time_s,tau_cmd_0,tau_cmd_1,tau_cmd_2,tau_cmd_3,tau_cmd_4,tau_cmd_5,tau_cmd_6,tau_ext_0,tau_ext_1,tau_ext_2,tau_ext_3,tau_ext_4,tau_ext_5,tau_ext_6,q_state_0,q_state_1,q_state_2,q_state_3,q_state_4,q_state_5,q_state_6,dq_state_0,dq_state_1,dq_state_2,dq_state_3,dq_state_4,dq_state_5,dq_state_6
0.003161,-0.008457,0.383971,-0.008585,-0.007111,0.072784,0.008894,-0.001492,-0.023667,-0.735525,0.199004,0.073830,0.262360,-0.116840,0.094007,0.001858,-0.783275,-0.001078,-2.355923,-0.003709,1.576280,0.774444,-0.000311,-0.000047,0.000222,-0.001387,-0.000533,0.000317,0.000691
0.004029,-0.012938,0.382667,-0.010828,-0.005743,0.072122,0.009031,-0.001284,-0.023600,-0.733178,0.199131,0.074069,0.262257,-0.116379,0.094125,0.001858,-0.783275,-0.001084,-2.355922,-0.003706,1.576276,0.774439,-0.000263,0.000449,-0.001027,-0.001400,0.000519,-0.000844,-0.000396
0.005069,-0.013621,0.382427,-0.006350,-0.004257,0.071701,0.010375,-0.002429,-0.023629,-0.733385,0.199359,0.074911,0.262276,-0.116162,0.094061,0.001859,-0.783271,-0.001077,-2.355924,-0.003706,1.576280,0.774436,0.000580,0.001537,0.000837,-0.002561,0.000451,0.000050,-0.001167
0.006042,-0.017345,0.385901,-0.007121,-0.008037,0.071159,0.011004,-0.001973,-0.024207,-0.738186,0.198486,0.079342,0.262312,-0.115659,0.093991,0.001856,-0.783270,-0.001080,-2.355927,-0.003706,1.576281,0.774442,-0.000720,0.002219,-0.000434,-0.003808,-0.000001,-0.000065,0.000690
0.007091,-0.019743,0.387112,-0.004259,-0.006505,0.068843,0.012229,-0.002421,-0.024842,-0.745948,0.197133,0.085664,0.262356,-0.115067,0.093951,0.001856,-0.783273,-0.001076,-2.355920,-0.003709,1.576281,0.774439,-0.000398,0.001040,0.000834,0.000011,-0.000238,0.000472,-0.000651
0.008000,-0.024400,0.388962,0.002063,-0.007536,0.070381,0.014176,-0.002967,-0.025350,-0.752128,0.195529,0.089825,0.262303,-0.114761,0.093948,0.001854,-0.783274,-0.001076,-2.355925,-0.003705,1.576280,0.774437,-0.000865,0.001031,0.000358,-0.001273,0.001176,0.000500,-0.000171
0.009046,-0.029012,0.390556,0.001732,-0.006400,0.068646,0.014973,-0.003386,-0.025338,-0.755084,0.194635,0.090700,0.262163,-0.114785,0.093987,0.001856,-0.783274,-0.001080,-2.355924,-0.003710,1.576278,0.774439,0.000002,0.000611,-0.001934,-0.000103,-0.001109,-0.000357,0.000538
0.010009,-0.030884,0.390202,0.004011,-0.005465,0.068346,0.014829,-0.003984,-0.024501,-0.755099,0.195455,0.088927,0.261998,-0.115002,0.094057,0.001858,-0.783275,-0.001078,-2.355926,-0.003707,1.576278,0.774438,0.000607,0.000399,-0.000791,-0.001023,-0.000246,0.000109,0.000938
0.011098,-0.037167,0.392155,0.005358,-0.006827,0.068306,0.016787,-0.003341,-0.023461,-0.753475,0.196931,0.085807,0.261760,-0.115255,0.094125,0.001856,-0.783273,-0.001080,-2.355929,-0.003708,1.576282,0.774441,0.000015,0.001098,-0.001028,-0.001723,-0.000756,0.001388,0.001721
0.011952,-0.039003,0.390759,0.003634,-0.005617,0.065606,0.019046,-0.004343,-0.022705,-0.751420,0.198072,0.082248,0.261403,-0.115479,0.094165,0.001860,-0.783273,-0.001080,-2.355924,-0.003707,1.576281,0.774437,0.001384,0.000708,-0.000689,-0.000269,-0.001637,0.000718,-0.000029
0.013050,-0.039670,0.389389,0.007224,-0.006367,0.065850,0.020535,-0.003601,-0.022892,-0.749145,0.197734,0.078286,0.260839,-0.115680,0.094171,0.001858,-0.783269,-0.001076,-2.355927,-0.003704,1.576279,0.774442,0.000934,0.001842,0.000930,-0.001300,0.000344,-0.000517,0.001630
0.013979,-0.044956,0.389437,0.007977,-0.005395,0.064064,0.021300,-0.003772,-0.023990,-0.748309,0.195537,0.075022,0.260094,-0.115782,0.094137,0.001856,-0.783262,-0.001078,-2.355925,-0.003710,1.576281,0.774438,-0.000474,0.003050,0.000149,-0.000397,-0.000782,-0.000697,-0.000334
0.014979,-0.047431,0.389209,0.008019,-0.006274,0.062083,0.021226,-0.004525,-0.025166,-0.750314,0.192594,0.073315,0.259310,-0.115758,0.094047,0.001859,-0.783258,-0.001078,-2.355926,-0.003708,1.576277,0.774438,0.000680,0.003489,0.000644,-0.001190,0.000228,-0.000325,-0.000361
0.016037,-0.050243,0.388913,0.010475,-0.006059,0.062320,0.023066,-0.005165,-0.026601,-0.754649,0.188787,0.072879,0.258475,-0.115658,0.093898,0.001859,-0.783253,-0.001075,-2.355925,-0.003705,1.576282,0.774441,0.000301,0.004091,0.001509,-0.000168,0.001339,0.000924,0.000726
0.016997,-0.055361,0.386889,0.017551,-0.006379,0.061541,0.024119,-0.004918,-0.028474,-0.760277,0.183819,0.072989,0.257545,-0.115560,0.093703,0.001857,-0.783247,-0.001075,-2.355925,-0.003707,1.576281,0.774441,0.000036,0.004755,0.001249,-0.000218,0.000219,0.000338,0.001558
0.018049,-0.058410,0.389404,0.017309,-0.005554,0.058275,0.025745,-0.005516,-0.029888,-0.767113,0.179449,0.073530,0.256645,-0.115479,0.093477,0.001861,-0.783239,-0.001079,-2.355923,-0.003708,1.576281,0.774440,0.001026,0.006202,-0.001374,0.000226,0.000222,0.000436,0.000649
0.019102,-0.060537,0.387304,0.019927,-0.005345,0.058479,0.026291,-0.005386,-0.030308,-0.774864,0.177114,0.074680,0.255864,-0.115357,0.093219,0.001861,-0.783234,-0.001075,-2.355925,-0.003702,1.576280,0.774443,0.000855,0.005452,-0.000291,-0.000390,0.002565,0.000068,0.001409
0.020058,-0.062528,0.389431,0.022408,-0.004874,0.060020,0.027333,-0.005113,-0.030043,-0.782632,0.176204,0.076479,0.255149,-0.115133,0.092918,0.001861,-0.783224,-0.001076,-2.355925,-0.003705,1.576280,0.774441,0.000229,0.006987,-0.000620,-0.000417,0.001485,0.000789,0.000699
0.020981,-0.067075,0.387573,0.022220,-0.005448,0.058491,0.028399,-0.005831,-0.028982,-0.790051,0.176474,0.079061,0.254517,-0.114774,0.092576,0.001859,-0.783220,-0.001080,-2.355925,-0.003710,1.576281,0.774438,-0.000280,0.006371,-0.000929,-0.000731,-0.000822,0.000877,-0.000234
0.022081,-0.068981,0.388109,0.026198,-0.006618,0.057735,0.030025,-0.005018,-0.027235,-0.796514,0.177636,0.082061,0.253975,-0.114314,0.092202,0.001861,-0.783209,-0.001079,-2.355923,-0.003709,1.576283,0.774440,0.000507,0.007705,0.000018,-0.000035,-0.000038,0.000899,0.000823
0.023038,-0.072370,0.386462,0.025572,-0.006215,0.056972,0.031335,-0.005639,-0.025345,-0.801386,0.178901,0.084505,0.253450,-0.113863,0.091809,0.001859,-0.783201,-0.001081,-2.355919,-0.003709,1.576279,0.774435,-0.000292,0.007930,-0.000949,0.001233,-0.000209,0.000610,-0.001272
0.023982,-0.075501,0.389671,0.028174,-0.005654,0.056067,0.032639,-0.005740,-0.023374,-0.804671,0.180162,0.085837,0.252933,-0.113487,0.091418,0.001859,-0.783189,-0.001077,-2.355917,-0.003709,1.576279,0.774437,-0.000120,0.009157,0.000226,0.000922,-0.000245,0.000444,-0.000409
0.024999,-0.077647,0.391838,0.028672,-0.005894,0.054713,0.033537,-0.006808,-0.021567,-0.806267,0.180972,0.086419,0.252412,-0.113089,0.091059,0.001859,-0.783184,-0.001078,-2.355918,-0.003709,1.576280,0.774436,-0.000066,0.007983,-0.000205,0.000554,-0.000126,0.000265,-0.000610
0.026081,-0.082575,0.395293,0.030462,-0.004995,0.054505,0.035606,-0.006100,-0.020118,-0.804397,0.181034,0.085882,0.251862,-0.112621,0.090753,0.001857,-0.783177,-0.001078,-2.355917,-0.003708,1.576283,0.774440,-0.000605,0.007377,0.000495,0.000930,0.000367,0.000562,0.001102
0.027061,-0.084362,0.393847,0.033221,-0.006709,0.053295,0.035271,-0.006779,-0.019107,-0.797001,0.180238,0.083427,0.251252,-0.112107,0.090494,0.001859,-0.783173,-0.001080,-2.355918,-0.003710,1.576281,0.774436,0.000120,0.006197,0.000620,0.000230,-0.000318,-0.000208,-0.000785
0.028005,-0.090251,0.396191,0.033005,-0.002894,0.051797,0.037376,-0.007241,-0.018485,-0.784129,0.178786,0.078839,0.250578,-0.111594,0.090264,0.001857,-0.783162,-0.001081,-2.355912,-0.003709,1.576282,0.774437,-0.000548,0.007354,0.000150,0.001994,0.000076,0.001313,0.000185
0.029070,-0.091747,0.394068,0.036832,-0.003807,0.050749,0.037252,-0.006669,-0.018274,-0.768030,0.176805,0.073318,0.249867,-0.111017,0.090062,0.001861,-0.783157,-0.001077,-2.355920,-0.003709,1.576282,0.774439,0.000863,0.006622,0.001100,-0.001532,0.000782,0.000310,0.000702
0.030057,-0.096880,0.397070,0.039375,-0.004238,0.050086,0.038608,-0.008078,-0.018673,-0.751764,0.174078,0.069265,0.249154,-0.110162,0.089885,0.001859,-0.783146,-0.001081,-2.355917,-0.003707,1.576284,0.774435,-0.000094,0.008169,0.000194,-0.000446,0.000919,0.001721,-0.000893
0.031038,-0.098161,0.397072,0.037164,-0.004985,0.049861,0.041545,-0.007277,-0.019217,-0.736115,0.171481,0.066551,0.248482,-0.109109,0.089732,0.001861,-0.783142,-0.001081,-2.355916,-0.003709,1.576283,0.774441,0.000888,0.007135,-0.000153,0.000104,0.000769,0.001533,0.001526
0.032020,-0.102722,0.400022,0.042614,-0.004245,0.048605,0.043098,-0.008135,-0.019846,-0.719520,0.169006,0.063204,0.247791,-0.108076,0.089595,0.001859,-0.783132,-0.001076,-2.355912,-0.003709,1.576279,0.774437,-0.000034,0.007571,0.001817,0.000925,0.000171,-0.000225,-0.000516
0.033065,-0.104354,0.401260,0.047933,-0.004990,0.046513,0.042675,-0.007647,-0.020770,-0.700989,0.166067,0.058560,0.247037,-0.107075,0.089454,0.001861,-0.783128,-0.001079,-2.355913,-0.003706,1.576280,0.774441,0.000666,0.006567,0.000010,0.000362,0.000594,-0.000600,0.000807
0.034073,-0.108028,0.401735,0.044945,-0.002339,0.048027,0.043225,-0.008417,-0.021053,-0.680089,0.164438,0.052377,0.246335,-0.106119,0.089296,0.001859,-0.783122,-0.001083,-2.355911,-0.003702,1.576283,0.774437,-0.000180,0.006468,-0.001635,0.001248,0.001775,0.001073,-0.000619
0.035087,-0.112679,0.400053,0.049420,-0.003207,0.047370,0.045194,-0.008423,-0.020247,-0.657760,0.164880,0.045375,0.245734,-0.105191,0.089116,0.001859,-0.783115,-0.001078,-2.355915,-0.003706,1.576286,0.774440,0.000055,0.006703,0.000764,-0.001159,-0.000569,0.001701,0.000513
0.036036,-0.112738,0.400967,0.049497,-0.003164,0.046954,0.046311,-0.008663,-0.019237,-0.636973,0.165651,0.039661,0.245143,-0.104149,0.088909,0.001861,-0.783105,-0.001081,-2.355912,-0.003707,1.576284,0.774440,0.000737,0.007998,-0.000528,-0.000175,-0.000731,0.000942,0.000083
0.037038,-0.116501,0.402303,0.051581,-0.003331,0.045605,0.047792,-0.009233,-0.018242,-0.619325,0.166294,0.035712,0.244549,-0.102993,0.088670,0.001857,-0.783097,-0.001080,-2.355911,-0.003708,1.576283,0.774440,-0.000727,0.007955,0.000311,-0.000082,-0.001102,0.000969,0.000171
0.038047,-0.121938,0.400858,0.054882,-0.002075,0.044293,0.048559,-0.008896,-0.016931,-0.603852,0.167107,0.032362,0.243973,-0.101835,0.088386,0.001857,-0.783091,-0.001080,-2.355911,-0.003706,1.576286,0.774442,-0.000433,0.007763,0.000187,0.000250,-0.000597,0.000665,0.000891
0.039040,-0.123352,0.401686,0.052277,-0.001920,0.042030,0.049675,-0.008821,-0.015529,-0.590267,0.167894,0.029525,0.243398,-0.100674,0.088050,0.001861,-0.783079,-0.001081,-2.355912,-0.003708,1.576287,0.774440,0.000635,0.008918,-0.000515,-0.000817,-0.000113,0.001105,-0.000218
0.040039,-0.129341,0.401548,0.059214,-0.002183,0.043797,0.051025,-0.009322,-0.014646,-0.579678,0.167878,0.028096,0.242767,-0.099439,0.087653,0.001859,-0.783071,-0.001076,-2.355914,-0.003705,1.576288,0.774436,-0.000241,0.008937,0.001667,-0.000761,0.001301,0.001162,-0.000761
0.041100,-0.128358,0.400632,0.060876,-0.002497,0.043439,0.051113,-0.009987,-0.014480,-0.571929,0.166732,0.027916,0.242058,-0.098159,0.087207,0.001863,-0.783060,-0.001081,-2.355914,-0.003712,1.576288,0.774438,0.001132,0.009438,-0.000857,-0.000317,-0.001271,0.001003,-0.000173
0.042018,-0.134642,0.400376,0.060279,-0.001640,0.041573,0.052612,-0.010137,-0.013993,-0.566378,0.166307,0.028085,0.241413,-0.096946,0.086740,0.001857,-0.783047,-0.001081,-2.355914,-0.003713,1.576290,0.774440,-0.001028,0.010329,-0.000678,0.000180,-0.001768,0.002185,0.000706
0.043003,-0.136221,0.403145,0.062606,-0.000752,0.041000,0.053099,-0.010944,-0.012815,-0.563340,0.167046,0.028582,0.240897,-0.095814,0.086269,0.001861,-0.783036,-0.001080,-2.355914,-0.003709,1.576291,0.774440,0.000639,0.010820,0.000458,-0.000534,-0.000689,0.001764,0.000611
0.044009,-0.138447,0.403124,0.062249,-0.000791,0.039336,0.055083,-0.009915,-0.011894,-0.562322,0.167302,0.029806,0.240400,-0.094660,0.085790,0.001859,-0.783027,-0.001080,-2.355916,-0.003709,1.576292,0.774444,-0.000148,0.009862,0.000192,-0.001213,-0.000955,0.002455,0.001811
0.044997,-0.144840,0.404960,0.067421,-0.001559,0.038967,0.055695,-0.011199,-0.011476,-0.561763,0.166560,0.031503,0.239885,-0.093437,0.085286,0.001857,-0.783017,-0.001076,-2.355918,-0.003707,1.576291,0.774436,-0.000621,0.010324,0.001268,-0.000963,-0.000139,0.001667,-0.000673
0.046014,-0.146907,0.402446,0.070075,-0.002089,0.038193,0.057931,-0.010746,-0.011377,-0.560290,0.165177,0.032650,0.239344,-0.092237,0.084745,0.001861,-0.783008,-0.001080,-2.355916,-0.003708,1.576292,0.774442,0.000977,0.009824,-0.000385,-0.000061,-0.000601,0.002238,0.001505
0.047012,-0.147501,0.401364,0.069997,-0.000818,0.036747,0.059620,-0.012171,-0.011315,-0.557667,0.164144,0.032415,0.238794,-0.091183,0.084176,0.001860,-0.782991,-0.001081,-2.355916,-0.003708,1.576291,0.774435,0.000364,0.011465,-0.000737,0.000631,-0.000673,0.001210,0.000164
0.048003,-0.152250,0.403475,0.075213,-0.001873,0.036364,0.060379,-0.011084,-0.010806,-0.556005,0.164101,0.031866,0.238315,-0.090218,0.083593,0.001857,-0.782976,-0.001080,-2.355918,-0.003707,1.576291,0.774442,-0.000903,0.012368,0.000216,-0.000442,-0.000061,0.000718,0.002605
0.049214,-0.158703,0.401457,0.071978,-0.000912,0.034906,0.061166,-0.011618,-0.009598,-0.556280,0.165089,0.031947,0.237952,-0.089249,0.083003,0.001859,-0.782965,-0.001083,-2.355914,-0.003708,1.576293,0.774436,-0.000116,0.011706,-0.001454,0.000703,-0.000509,0.001137,-0.000011
0.050025,-0.159165,0.401607,0.072703,-0.000252,0.034264,0.061486,-0.010925,-0.008442,-0.557516,0.166113,0.032237,0.237594,-0.088302,0.082403,0.001863,-0.782949,-0.001078,-2.355915,-0.003706,1.576291,0.774438,0.001132,0.013217,0.001260,-0.000035,-0.000077,0.001812,0.000573
0.050992,-0.161013,0.402544,0.076754,-0.001661,0.032914,0.063707,-0.011845,-0.008683,-0.560403,0.164886,0.033414,0.237075,-0.087326,0.081789,0.001861,-0.782935,-0.001076,-2.355917,-0.003709,1.576293,0.774434,0.000062,0.013412,0.001599,-0.000515,-0.000079,0.002451,-0.001159
0.052030,-0.164501,0.400988,0.080856,-0.000721,0.032761,0.065666,-0.011803,-0.009883,-0.564502,0.161776,0.035324,0.236438,-0.086315,0.081171,0.001859,-0.782921,-0.001078,-2.355915,-0.003706,1.576290,0.774436,-0.000530,0.013306,0.000478,0.001033,0.000431,0.001382,0.000298
0.053097,-0.169798,0.401254,0.081137,-0.001264,0.032422,0.067861,-0.011573,-0.010499,-0.568452,0.159447,0.036917,0.235869,-0.085327,0.080568,0.001858,-0.782903,-0.001082,-2.355917,-0.003707,1.576293,0.774437,-0.000432,0.014451,-0.000564,0.000287,-0.000280,0.000651,-0.000243
0.054034,-0.172940,0.404593,0.082880,-0.000046,0.030547,0.069001,-0.012365,-0.010345,-0.572663,0.158578,0.038565,0.235417,-0.084300,0.079997,0.001862,-0.782885,-0.001078,-2.355915,-0.003709,1.576292,0.774434,0.000474,0.014679,0.000263,0.000981,-0.000815,-0.000266,-0.001140
0.055134,-0.173950,0.401073,0.086308,-0.001688,0.030406,0.069037,-0.012137,-0.010325,-0.576274,0.157884,0.040300,0.234978,-0.083176,0.079475,0.001862,-0.782873,-0.001078,-2.355917,-0.003706,1.576291,0.774436,0.000531,0.013375,0.000243,-0.000056,0.000270,-0.000271,0.000063
0.056096,-0.177953,0.404922,0.087658,-0.000001,0.029698,0.070532,-0.012918,-0.010424,-0.578239,0.157265,0.041512,0.234537,-0.082004,0.079013,0.001861,-0.782853,-0.001080,-2.355911,-0.003709,1.576292,0.774433,-0.000721,0.015536,-0.000439,0.001663,-0.000504,0.001011,-0.000865
0.057041,-0.179001,0.402197,0.088328,0.000712,0.028455,0.070958,-0.012329,-0.009962,-0.578953,0.157595,0.042038,0.234178,-0.080844,0.078614,0.001861,-0.782842,-0.001080,-2.355915,-0.003709,1.576292,0.774437,-0.000241,0.013968,-0.000216,0.000199,-0.000585,0.000647,0.000300
0.058039,-0.183504,0.400643,0.090826,0.001398,0.025843,0.073042,-0.013218,-0.009045,-0.578980,0.158527,0.042720,0.233919,-0.079607,0.078261,0.001859,-0.782822,-0.001077,-2.355917,-0.003709,1.576293,0.774433,-0.001220,0.015643,0.000300,-0.000304,-0.000125,0.001356,-0.001282
0.059059,-0.187863,0.401279,0.094351,0.002023,0.026141,0.073829,-0.013394,-0.007133,-0.584623,0.160118,0.050147,0.233650,-0.076501,0.077654,0.001859,-0.782786,-0.001081,-2.355920,-0.003706,1.576292,0.774433,-0.000001,0.016765,-0.000813,-0.001210,0.000457,0.000897,0.000013
0.060045,-0.189428,0.401404,0.093604,0.001577,0.025661,0.075856,-0.014233,-0.007133,-0.584623,0.160118,0.050147,0.233650,-0.076501,0.077654,0.001859,-0.782786,-0.001081,-2.355920,-0.003706,1.576292,0.774433,-0.000001,0.016765,-0.000813,-0.001210,0.000457,0.000897,0.000013
0.061067,-0.196313,0.401821,0.094885,0.002203,0.023415,0.077223,-0.013985,-0.006374,-0.590241,0.160841,0.056671,0.233557,-0.074673,0.077398,0.001856,-0.782769,-0.001079,-2.355919,-0.003706,1.576291,0.774439,-0.000777,0.017044,0.000474,-0.000598,0.000121,0.000044,0.001271
0.062136,-0.196603,0.402630,0.097428,0.000390,0.023643,0.078826,-0.013939,-0.006328,-0.595595,0.160472,0.063555,0.233346,-0.072778,0.077153,0.001861,-0.782750,-0.001077,-2.355921,-0.003704,1.576291,0.774437,0.000994,0.017177,0.000743,-0.001017,0.001508,-0.000100,0.000332
0.063033,-0.201001,0.401196,0.098493,0.001259,0.022524,0.080048,-0.014462,-0.007293,-0.599237,0.158589,0.069501,0.232935,-0.070930,0.076886,0.001858,-0.782731,-0.001079,-2.355916,-0.003707,1.576289,0.774436,-0.000564,0.017133,0.000473,0.000871,0.000393,-0.000413,-0.000199
0.064034,-0.204681,0.404676,0.100981,0.001078,0.022198,0.080885,-0.014558,-0.008652,-0.600560,0.156138,0.073562,0.232380,-0.069234,0.076582,0.001860,-0.782713,-0.001077,-2.355917,-0.003707,1.576291,0.774437,0.000203,0.018131,0.000761,0.000158,0.000779,-0.000572,0.000477
0.064993,-0.204701,0.401889,0.104421,0.002572,0.022548,0.082616,-0.014463,-0.010194,-0.599633,0.153520,0.075910,0.231730,-0.067658,0.076245,0.001861,-0.782698,-0.001078,-2.355915,-0.003707,1.576293,0.774437,0.000417,0.016739,0.000438,0.000470,0.000254,-0.000223,0.000240
0.065968,-0.210026,0.401416,0.104713,0.001568,0.022261,0.083236,-0.014722,-0.011447,-0.596881,0.151543,0.077421,0.231090,-0.066093,0.075877,0.001858,-0.782677,-0.001079,-2.355917,-0.003709,1.576292,0.774436,-0.001084,0.018450,-0.000378,-0.000838,-0.000879,-0.000810,-0.000348
0.067087,-0.215025,0.404284,0.109419,0.001937,0.020937,0.084630,-0.015121,-0.011844,-0.594325,0.150944,0.079328,0.230576,-0.064466,0.075486,0.001859,-0.782657,-0.001078,-2.355915,-0.003708,1.576295,0.774436,0.000024,0.018968,0.000373,0.000311,-0.001409,-0.000274,-0.000233
0.068022,-0.216134,0.404761,0.108391,0.004096,0.017503,0.086812,-0.014762,-0.011903,-0.591976,0.151136,0.081224,0.230123,-0.062849,0.075084,0.001861,-0.782644,-0.001081,-2.355915,-0.003709,1.576293,0.774436,0.000709,0.017979,-0.000922,0.000124,-0.001002,-0.000323,0.000097
0.068975,-0.218975,0.400743,0.112887,0.003609,0.018793,0.086939,-0.015957,-0.012129,-0.588360,0.151513,0.082728,0.229668,-0.061229,0.074681,0.001859,-0.782628,-0.001078,-2.355920,-0.003704,1.576293,0.774433,-0.000229,0.018073,0.000441,-0.001794,0.001617,-0.001399,-0.001012
0.070015,-0.223629,0.402435,0.113932,0.002574,0.017153,0.087341,-0.015081,-0.012360,-0.585237,0.152033,0.085392,0.229262,-0.059461,0.074291,0.001859,-0.782602,-0.001081,-2.355919,-0.003710,1.576297,0.774437,-0.000325,0.020320,-0.000910,-0.001133,-0.000447,-0.000395,0.000991
0.071039,-0.226910,0.403656,0.116972,0.002509,0.016615,0.088786,-0.015788,-0.012323,-0.584115,0.153076,0.089127,0.228923,-0.057666,0.073932,0.001861,-0.782584,-0.001080,-2.355917,-0.003708,1.576298,0.774431,0.000325,0.019811,-0.000474,0.000028,0.000323,0.000437,-0.001214
0.072037,-0.227333,0.404274,0.119380,0.003999,0.016540,0.090301,-0.015711,-0.012197,-0.582905,0.154581,0.091811,0.228577,-0.056099,0.073616,0.001861,-0.782566,-0.001081,-2.355917,-0.003706,1.576298,0.774433,0.000321,0.019546,-0.001035,0.000262,-0.000019,0.000208,-0.000205
0.073069,-0.233609,0.407381,0.117751,0.002445,0.014829,0.092183,-0.016077,-0.011764,-0.580081,0.156799,0.092985,0.228256,-0.054761,0.073368,0.001858,-0.782546,-0.001083,-2.355920,-0.003710,1.576299,0.774433,-0.001037,0.019551,-0.001288,-0.001018,-0.000745,-0.000121,-0.000795
0.073986,-0.233996,0.404837,0.120073,0.002852,0.012938,0.092312,-0.016461,-0.011143,-0.575013,0.159262,0.092871,0.227950,-0.053569,0.073203,0.001861,-0.782529,-0.001079,-2.355914,-0.003707,1.576297,0.774435,0.000437,0.018349,0.000451,0.000608,0.000090,-0.000765,-0.000493
0.075005,-0.237847,0.404287,0.119778,0.003064,0.012908,0.093388,-0.016688,-0.011236,-0.567200,0.160389,0.090839,0.227500,-0.052577,0.073102,0.001858,-0.782504,-0.001081,-2.355912,-0.003706,1.576299,0.774435,-0.000823,0.019860,0.000135,0.000288,0.001211,0.000203,-0.000108
0.076012,-0.240787,0.404838,0.124156,0.002892,0.013016,0.094035,-0.017062,-0.012107,-0.558939,0.159904,0.087778,0.226886,-0.051770,0.073038,0.001857,-0.782483,-0.001077,-2.355912,-0.003707,1.576299,0.774434,-0.000507,0.020433,0.001202,0.000233,0.000378,0.000341,-0.000082
0.077105,-0.245946,0.404081,0.125504,0.002065,0.011268,0.094924,-0.016652,-0.013306,-0.552100,0.158513,0.084730,0.226189,-0.051090,0.072994,0.001857,-0.782463,-0.001081,-2.355911,-0.003706,1.576299,0.774435,-0.000645,0.020470,-0.000033,0.000573,-0.000582,0.000902,0.000244
0.078092,-0.246879,0.404879,0.128988,0.003496,0.010489,0.096796,-0.017754,-0.014535,-0.546288,0.157050,0.081216,0.225458,-0.050588,0.072967,0.001860,-0.782440,-0.001079,-2.355908,-0.003705,1.576301,0.774432,0.000152,0.021179,0.000299,0.001502,0.000262,0.001302,-0.001036
0.079143,-0.252060,0.402813,0.126767,0.003694,0.011146,0.098131,-0.017302,-0.015548,-0.541398,0.156140,0.077242,0.224738,-0.050233,0.072959,0.001857,-0.782420,-0.001081,-2.355909,-0.003704,1.576300,0.774436,-0.000945,0.021076,-0.000521,0.000257,0.000199,0.000605,0.000768
0.080017,-0.253377,0.402808,0.130265,0.003904,0.008890,0.099012,-0.018089,-0.016468,-0.538421,0.155385,0.074097,0.224053,-0.049849,0.072975,0.001859,-0.782394,-0.001076,-2.355909,-0.003706,1.576302,0.774432,-0.000040,0.022395,0.001523,0.000247,-0.001328,0.000517,-0.000591
0.081088,-0.256511,0.404737,0.132945,0.003602,0.008900,0.099817,-0.018404,-0.017748,-0.538304,0.153805,0.072612,0.223365,-0.049346,0.073000,0.001858,-0.782370,-0.001079,-2.355909,-0.003704,1.576301,0.774435,-0.000777,0.022574,0.000592,0.000183,0.000206,0.000687,0.000628
0.082047,-0.259272,0.403892,0.136773,0.004990,0.008035,0.102224,-0.017994,-0.018995,-0.539787,0.152052,0.071859,0.222697,-0.048814,0.073012,0.001858,-0.782349,-0.001079,-2.355908,-0.003709,1.576304,0.774438,-0.000917,0.021942,0.000253,0.000627,-0.000676,0.001149,0.000790
0.083036,-0.264753,0.405004,0.137482,0.005521,0.006013,0.102559,-0.017786,-0.019373,-0.541339,0.151640,0.071135,0.222151,-0.048291,0.072992,0.001856,-0.782325,-0.001081,-2.355909,-0.003707,1.576303,0.774437,-0.001045,0.022618,-0.000757,-0.000574,-0.000624,-0.000124,-0.000444
0.084077,-0.269288,0.405586,0.138439,0.005083,0.005507,0.104041,-0.018395,-0.019053,-0.543238,0.152556,0.071135,0.221731,-0.047683,0.072920,0.001859,-0.782302,-0.001079,-2.355909,-0.003705,1.576307,0.774432,0.000087,0.022329,-0.000201,-0.000931,0.000568,0.000716,-0.001251
0.085062,-0.271314,0.404068,0.141139,0.005914,0.003691,0.105829,-0.019423,-0.019119,-0.545080,0.153273,0.071663,0.221293,-0.046999,0.072786,0.001861,-0.782278,-0.001077,-2.355907,-0.003708,1.576309,0.774434,0.000657,0.022322,0.000257,-0.000362,0.000219,0.000460,-0.000459
0.085998,-0.273982,0.402765,0.142703,0.005260,0.004880,0.106982,-0.018866,-0.020039,-0.546606,0.152986,0.072166,0.220752,-0.046308,0.072602,0.001859,-0.782251,-0.001078,-2.355910,-0.003704,1.576307,0.774438,0.000101,0.023311,-0.000177,-0.000962,0.001179,-0.000147,0.001177
0.087075,-0.278432,0.403025,0.143556,0.006290,0.002031,0.108618,-0.019702,-0.021208,-0.549143,0.152428,0.073037,0.220184,-0.045620,0.072386,0.001857,-0.782226,-0.001080,-2.355909,-0.003707,1.576308,0.774434,-0.000033,0.024172,-0.000066,-0.000167,-0.000789,-0.000181,-0.000345
0.088077,-0.280633,0.403133,0.144974,0.005177,0.003725,0.110355,-0.019023,-0.022458,-0.553373,0.151709,0.074475,0.219610,-0.044953,0.072143,0.001858,-0.782200,-0.001081,-2.355911,-0.003703,1.576308,0.774434,0.000463,0.024318,0.000517,-0.000986,0.001158,-0.000534,0.000902
0.089212,-0.283314,0.400761,0.146390,0.006554,0.002226,0.111270,-0.019653,-0.024066,-0.558505,0.150311,0.076047,0.218984,-0.044325,0.071883,0.001859,-0.782175,-0.001079,-2.355908,-0.003708,1.576307,0.774431,-0.000051,0.024527,0.000708,0.000231,-0.001362,-0.001069,-0.000895
0.090088,-0.286972,0.402996,0.147624,0.006746,0.001496,0.111200,-0.019162,-0.025808,-0.564431,0.148401,0.077645,0.218336,-0.043730,0.071613,0.001857,-0.782147,-0.001079,-2.355911,-0.003704,1.576307,0.774433,-0.000509,0.026005,0.001048,-0.000893,-0.000818,-0.000619,-0.000093
0.090990,-0.287506,0.401328,0.152283,0.007022,-0.000389,0.112039,-0.019440,-0.027512,-0.571562,0.146164,0.079749,0.217700,-0.043115,0.071341,0.001858,-0.782122,-0.001077,-2.355911,-0.003705,1.576310,0.774430,-0.000087,0.025054,0.001224,-0.000928,-0.000824,0.000485,-0.001451
0.092028,-0.294075,0.403611,0.153862,0.004752,-0.001909,0.113807,-0.019362,-0.028830,-0.578994,0.144339,0.082101,0.217105,-0.042480,0.071085,0.001855,-0.782092,-0.001079,-2.355911,-0.003703,1.576312,0.774430,-0.001235,0.026050,-0.000269,-0.001057,0.000300,0.000703,-0.001258
0.092961,-0.296710,0.399459,0.153471,0.006176,-0.002145,0.113346,-0.019317,-0.029339,-0.584946,0.143962,0.083136,0.216551,-0.041965,0.070864,0.001858,-0.782069,-0.001078,-2.355906,-0.003702,1.576312,0.774430,0.000375,0.025186,-0.000089,0.001302,0.000940,0.000165,-0.001856
0.094092,-0.299351,0.402908,0.158699,0.006374,-0.003369,0.115586,-0.020071,-0.029783,-0.588988,0.144062,0.082008,0.215904,-0.041677,0.070676,0.001858,-0.782035,-0.001076,-2.355910,-0.003703,1.576315,0.774429,0.000182,0.027398,0.000955,0.000089,0.000392,0.001746,-0.002333
0.095048,-0.303613,0.401325,0.159246,0.006654,-0.004947,0.115203,-0.020029,-0.030496,-0.592443,0.143989,0.079966,0.215151,-0.041507,0.070520,0.001856,-0.782010,-0.001080,-2.355909,-0.003702,1.576312,0.774431,-0.000290,0.025958,-0.000593,0.000055,0.000671,0.000851,-0.001289
0.096084,-0.305352,0.400128,0.160957,0.008265,-0.005194,0.118832,-0.021177,-0.030984,-0.595277,0.144525,0.077735,0.214383,-0.041339,0.070394,0.001858,-0.781979,-0.001080,-2.355908,-0.003703,1.576315,0.774431,0.000302,0.026930,0.000040,-0.000078,0.001464,0.002379,-0.001790
0.097046,-0.309621,0.396698,0.161856,0.007149,-0.005885,0.119063,-0.021040,-0.031337,-0.598240,0.145446,0.076204,0.213611,-0.041058,0.070296,0.001856,-0.781950,-0.001079,-2.355914,-0.003703,1.576310,0.774436,-0.000480,0.027744,0.000121,-0.001396,0.000831,-0.000023,0.000076
0.097974,-0.311311,0.396551,0.163844,0.006769,-0.005113,0.120109,-0.021153,-0.031797,-0.603768,0.146099,0.076859,0.212849,-0.040542,0.070224,0.001858,-0.781918,-0.001079,-2.355912,-0.003704,1.576310,0.774432,0.000109,0.029620,0.000563,-0.000138,0.000741,0.000928,-0.000611
0.099030,-0.318702,0.396668,0.164026,0.007319,-0.007210,0.122169,-0.020620,-0.032364,-0.612215,0.146368,0.079119,0.212086,-0.039898,0.070166,0.001856,-0.781887,-0.001077,-2.355912,-0.003709,1.576314,0.774432,-0.000522,0.029814,0.000403,0.000390,-0.000771,0.000959,-0.000769
0.100031,-0.318073,0.396236,0.167826,0.005531,-0.007044,0.122118,-0.021624,-0.033403,-0.621947,0.145794,0.081744,0.211259,-0.039240,0.070102,0.001862,-0.781857,-0.001077,-2.355914,-0.003708,1.576310,0.774428,0.001444,0.029983,0.001297,0.000052,0.000459,0.000175,-0.002273
0.101028,-0.323179,0.400230,0.170128,0.006823,-0.010379,0.124645,-0.021490,-0.035096,-0.631057,0.144238,0.083675,0.210344,-0.038634,0.070032,0.001858,-0.781826,-0.001079,-2.355910,-0.003711,1.576313,0.774432,-0.000504,0.030398,0.000354,0.001950,-0.000550,0.001445,-0.000676
0.102097,-0.329905,0.400204,0.173154,0.008902,-0.011746,0.126392,-0.021734,-0.036578,-0.637424,0.142899,0.083567,0.209437,-0.038184,0.069965,0.001858,-0.781799,-0.001077,-2.355912,-0.003708,1.576310,0.774433,-0.000726,0.029018,0.000809,0.001022,0.001395,0.000657,-0.001526
0.103034,-0.335644,0.401597,0.177416,0.008632,-0.012505,0.128114,-0.022416,-0.037615,-0.640446,0.142016,0.082136,0.208603,-0.037737,0.069897,0.001858,-0.781768,-0.001077,-2.355916,-0.003703,1.576313,0.774430,-0.000349,0.029706,0.001016,-0.000593,0.001205,0.000766,-0.001620
0.103986,-0.341293,0.401491,0.181311,0.009328,-0.012818,0.130046,-0.022138,-0.038658,-0.641562,0.141105,0.081184,0.207835,-0.037089,0.069833,0.001859,-0.781736,-0.001079,-2.355915,-0.003706,1.576313,0.774432,-0.000121,0.029530,0.000417,0.000002,0.000678,0.000672,-0.000777
0.104969,-0.344752,0.400496,0.183510,0.009332,-0.015053,0.132044,-0.023052,-0.039586,-0.641610,0.140677,0.080897,0.207148,-0.036263,0.069778,0.001860,-0.781704,-0.001079,-2.355915,-0.003708,1.576314,0.774429,0.000032,0.030123,0.000020,-0.000374,-0.000316,0.000398,-0.001870
0.105966,-0.349700,0.404032,0.187853,0.012127,-0.016860,0.133912,-0.022866,-0.040152,-0.641590,0.141072,0.081285,0.206556,-0.035314,0.069731,0.001856,-0.781671,-0.001077,-2.355914,-0.003703,1.576315,0.774432,-0.000959,0.031182,0.000498,-0.000032,0.000523,0.000110,-0.000582
0.107003,-0.358839,0.404346,0.188354,0.010259,-0.017098,0.134899,-0.023919,-0.040154,-0.642370,0.142263,0.083006,0.206079,-0.034196,0.069690,0.001854,-0.781642,-0.001079,-2.355920,-0.003705,1.576314,0.774430,-0.001245,0.029997,-0.000052,-0.002356,0.000952,-0.000011,-0.001524
0.108014,-0.364599,0.405388,0.193847,0.010490,-0.019641,0.136358,-0.024150,-0.040086,-0.642882,0.143419,0.085684,0.205640,-0.032930,0.069641,0.001857,-0.781610,-0.001075,-2.355915,-0.003708,1.576317,0.774434,0.000405,0.030474,0.001354,-0.000221,-0.000241,0.000801,0.000012
0.108993,-0.370652,0.404555,0.197062,0.011053,-0.020059,0.138393,-0.024671,-0.040850,-0.641719,0.143396,0.087513,0.205089,-0.031741,0.069574,0.001859,-0.781578,-0.001079,-2.355916,-0.003702,1.576318,0.774434,0.000415,0.030549,0.000261,-0.000080,0.000863,0.001096,-0.000105
0.110006,-0.373509,0.403020,0.204583,0.010895,-0.021329,0.140730,-0.024216,-0.042311,-0.639345,0.142662,0.088009,0.204434,-0.030726,0.069496,0.001860,-0.781545,-0.001077,-2.355917,-0.003706,1.576315,0.774432,0.000694,0.031518,0.000234,-0.000292,-0.000062,0.000781,0.000401
0.111098,-0.380154,0.404807,0.204808,0.012604,-0.021793,0.142421,-0.024900,-0.043279,-0.637900,0.143106,0.088370,0.203852,-0.029799,0.069425,0.001856,-0.781511,-0.001083,-2.355915,-0.003707,1.576314,0.774428,-0.000682,0.032865,-0.001838,0.000189,-0.000186,0.000215,-0.001075
0.111991,-0.383062,0.409271,0.207200,0.012166,-0.025157,0.145279,-0.025579,-0.042951,-0.638806,0.145731,0.089601,0.203469,-0.028866,0.069379,0.001857,-0.781478,-0.001079,-2.355917,-0.003709,1.576317,0.774429,-0.000418,0.032610,-0.000195,-0.001113,-0.001232,0.000420,-0.000299
0.112969,-0.391465,0.409252,0.210522,0.011378,-0.026084,0.147193,-0.025598,-0.041924,-0.640163,0.149171,0.091295,0.203195,-0.027876,0.069371,0.001855,-0.781451,-0.001078,-2.355916,-0.003703,1.576315,0.774431,-0.001451,0.030907,0.000034,-0.000356,0.000865,-0.000880,0.000551
0.113969,-0.394275,0.409113,0.212443,0.011930,-0.027245,0.148069,-0.025320,-0.041081,-0.638652,0.152003,0.091529,0.202856,-0.026934,0.069399,0.001859,-0.781418,-0.001080,-2.355913,-0.003706,1.576314,0.774430,-0.000005,0.031480,-0.000026,0.000694,0.000434,-0.001072,0.000033
0.114983,-0.403079,0.409497,0.216388,0.012752,-0.028305,0.149731,-0.026240,-0.040750,-0.634281,0.153912,0.089653,0.202386,-0.026149,0.069442,0.001855,-0.781385,-0.001080,-2.355912,-0.003707,1.576317,0.774427,-0.001383,0.032126,0.000639,0.000466,0.000213,-0.000211,-0.001076
0.115998,-0.408571,0.409492,0.216953,0.014109,-0.030431,0.150475,-0.026732,-0.041024,-0.629384,0.154821,0.086987,0.201816,-0.025469,0.069499,0.001859,-0.781353,-0.001082,-2.355914,-0.003708,1.576317,0.774429,0.000163,0.032527,0.000324,0.000035,-0.000130,-0.000105,0.000212
0.117069,-0.413062,0.412035,0.222929,0.013034,-0.032958,0.152732,-0.026553,-0.042314,-0.625753,0.154253,0.085099,0.201144,-0.024764,0.069578,0.001859,-0.781318,-0.001079,-2.355917,-0.003704,1.576320,0.774431,0.000051,0.033090,0.001663,-0.000879,0.000554,0.000911,0.000615
0.117960,-0.418441,0.407946,0.226634,0.012681,-0.033964,0.154289,-0.027556,-0.044583,-0.623228,0.152300,0.084012,0.200376,-0.024029,0.069675,0.001855,-0.781286,-0.001081,-2.355916,-0.003703,1.576320,0.774429,-0.000663,0.032451,0.000408,0.000555,0.001585,0.000509,-0.000347
0.118958,-0.425820,0.413461,0.228070,0.013013,-0.035935,0.156654,-0.026937,-0.046781,-0.621247,0.150652,0.082618,0.199593,-0.023412,0.069777,0.001856,-0.781244,-0.001080,-2.355913,-0.003706,1.576324,0.774433,-0.000477,0.034885,-0.000002,0.001143,0.001367,0.000486,0.001169
0.120006,-0.429524,0.408626,0.230456,0.013970,-0.035709,0.159154,-0.027811,-0.048750,-0.619724,0.149720,0.080463,0.198788,-0.022973,0.069873,0.001858,-0.781216,-0.001078,-2.355911,-0.003702,1.576322,0.774430,0.000398,0.032704,0.000882,0.001108,0.001912,-0.000130,-0.000649
0.121008,-0.437707,0.409650,0.236750,0.015063,-0.036855,0.159243,-0.027300,-0.051087,-0.618754,0.148378,0.078161,0.197905,-0.022613,0.069939,0.001855,-0.781175,-0.001076,-2.355913,-0.003706,1.576322,0.774432,-0.000658,0.035696,0.001360,0.000550,0.000250,-0.000802,0.000536
0.122040,-0.439339,0.412055,0.239906,0.015906,-0.038538,0.161612,-0.028680,-0.053559,-0.620661,0.146844,0.077526,0.197043,-0.022177,0.069966,0.001857,-0.781139,-0.001080,-2.355913,-0.003707,1.576328,0.774428,0.000618,0.035695,-0.000139,-0.000180,0.000022,0.000848,-0.001056
0.123082,-0.446906,0.410614,0.241375,0.015269,-0.040002,0.162925,-0.028800,-0.055383,-0.625745,0.146488,0.079115,0.196348,-0.021604,0.069965,0.001852,-0.781107,-0.001080,-2.355913,-0.003708,1.576325,0.774433,-0.001421,0.035102,-0.000030,-0.000665,0.000285,0.000274,0.001143
0.123984,-0.452229,0.413885,0.248296,0.016549,-0.042595,0.163885,-0.028430,-0.056357,-0.631911,0.147395,0.081730,0.195820,-0.020963,0.069945,0.001854,-0.781069,-0.001076,-2.355910,-0.003707,1.576328,0.774435,-0.000549,0.036381,0.000884,0.000292,0.000288,0.000775,0.000771
0.124996,-0.458770,0.413526,0.252194,0.016875,-0.044075,0.165830,-0.029290,-0.056849,-0.637981,0.148998,0.084350,0.195382,-0.020340,0.069883,0.001854,-0.781037,-0.001080,-2.355912,-0.003705,1.576329,0.774431,-0.000420,0.035208,-0.001098,-0.000654,0.001616,0.001380,-0.000468
0.126029,-0.460765,0.415566,0.255841,0.017432,-0.045025,0.167073,-0.028725,-0.056796,-0.642936,0.151886,0.086573,0.195029,-0.019747,0.069760,0.001855,-0.781000,-0.001081,-2.355912,-0.003704,1.576329,0.774434,-0.000000,0.035938,-0.001384,-0.000617,0.001660,0.001197,0.000699
0.126998,-0.466835,0.416441,0.255207,0.017781,-0.045519,0.169719,-0.029419,-0.055818,-0.646437,0.156571,0.088362,0.194782,-0.019172,0.069580,0.001849,-0.780964,-0.001082,-2.355914,-0.003704,1.576331,0.774429,-0.001849,0.035477,-0.001517,-0.000771,0.001165,0.001749,-0.001018
0.127992,-0.475696,0.412802,0.260925,0.017652,-0.046728,0.170759,-0.029261,-0.054108,-0.648226,0.162071,0.089541,0.194577,-0.018619,0.069356,0.001849,-0.780928,-0.001079,-2.355916,-0.003706,1.576329,0.774429,-0.001497,0.035549,0.000344,-0.000725,0.000330,0.000797,-0.000146
0.129142,-0.481572,0.414096,0.263771,0.017390,-0.047571,0.173479,-0.030289,-0.052686,-0.649451,0.166663,0.090511,0.194278,-0.018067,0.069104,0.001852,-0.780886,-0.001081,-2.355914,-0.003706,1.576333,0.774427,0.000122,0.037847,-0.000907,-0.000279,0.000161,0.001480,-0.001027
0.129986,-0.483034,0.415683,0.267638,0.017573,-0.049587,0.175457,-0.030397,-0.052145,-0.652149,0.169900,0.091785,0.193839,-0.017539,0.068848,0.001852,-0.780849,-0.001080,-2.355914,-0.003707,1.576333,0.774432,-0.000178,0.037846,-0.000458,0.000376,-0.000587,0.000753,0.000390
0.131020,-0.491993,0.415256,0.271551,0.017067,-0.050666,0.177149,-0.030679,-0.051887,-0.655455,0.172713,0.092694,0.193342,-0.017092,0.068602,0.001846,-0.780814,-0.001082,-2.355914,-0.003705,1.576334,0.774431,-0.001753,0.037441,-0.001015,0.000480,0.000247,0.000244,0.000124
0.132099,-0.496750,0.413833,0.271404,0.016126,-0.053083,0.180184,-0.029963,-0.051329,-0.657592,0.175910,0.092386,0.192852,-0.016768,0.068370,0.001849,-0.780776,-0.001084,-2.355912,-0.003706,1.576338,0.774432,-0.000172,0.038210,-0.001275,0.001311,-0.000117,0.000342,0.000109
0.133087,-0.504017,0.416326,0.273804,0.018644,-0.053687,0.180298,-0.030981,-0.051066,-0.658820,0.178660,0.090683,0.192276,-0.016615,0.068144,0.001847,-0.780734,-0.001080,-2.355908,-0.003704,1.576337,0.774425,-0.000814,0.039464,0.000524,0.002541,0.000787,-0.000815,-0.001918
0.133996,-0.511387,0.418835,0.278468,0.021348,-0.055295,0.182206,-0.031526,-0.052081,-0.659977,0.179232,0.088330,0.191496,-0.016563,0.067930,0.001849,-0.780699,-0.001080,-2.355912,-0.003705,1.576342,0.774428,0.000049,0.038729,0.000909,0.000428,0.000014,0.000793,-0.000412
0.135076,-0.515211,0.419096,0.281922,0.019027,-0.054426,0.184343,-0.031183,-0.054657,-0.661059,0.177385,0.087189,0.190542,-0.016339,0.067748,0.001851,-0.780663,-0.001082,-2.355918,-0.003704,1.576341,0.774430,0.001171,0.037918,0.000059,-0.001812,0.000360,0.000456,0.000151
0.136095,-0.518340,0.420725,0.285319,0.019386,-0.056912,0.186300,-0.032055,-0.058152,-0.661124,0.174533,0.087521,0.189537,-0.015855,0.067611,0.001848,-0.780623,-0.001082,-2.355911,-0.003710,1.576341,0.774428,0.000072,0.038364,0.000088,0.000764,-0.001984,0.000206,-0.001148
0.137095,-0.526224,0.421785,0.286759,0.020251,-0.058926,0.187710,-0.031439,-0.061315,-0.658823,0.172360,0.087171,0.188592,-0.015347,0.067518,0.001844,-0.780584,-0.001082,-2.355910,-0.003706,1.576340,0.774432,-0.001176,0.038061,0.000039,0.000726,-0.000920,0.000032,0.000034
0.138133,-0.531529,0.424241,0.289001,0.020809,-0.058728,0.188954,-0.032050,-0.063866,-0.653865,0.170966,0.085290,0.187706,-0.014904,0.067458,0.001845,-0.780547,-0.001080,-2.355910,-0.003703,1.576344,0.774428,-0.000024,0.038055,0.000926,0.000202,-0.000332,0.000349,-0.001766
0.139021,-0.534848,0.422105,0.291953,0.021563,-0.059746,0.190651,-0.031292,-0.066649,-0.646659,0.169031,0.082537,0.186778,-0.014438,0.067408,0.001845,-0.780510,-0.001078,-2.355910,-0.003708,1.576347,0.774427,-0.000289,0.037379,0.001457,0.000010,-0.001946,0.000903,-0.001098
0.139992,-0.541103,0.422740,0.298916,0.023709,-0.061917,0.192200,-0.033074,-0.069757,-0.638289,0.166287,0.079694,0.185810,-0.013901,0.067350,0.001842,-0.780469,-0.001078,-2.355912,-0.003709,1.576351,0.774423,-0.001080,0.038837,0.001413,-0.000382,-0.002147,0.000728,-0.003121
0.141212,-0.545606,0.421875,0.300812,0.022971,-0.063250,0.194827,-0.032807,-0.072295,-0.631302,0.164204,0.078408,0.184959,-0.013197,0.067294,0.001841,-0.780429,-0.001082,-2.355916,-0.003705,1.576351,0.774432,-0.000654,0.038964,-0.000468,-0.002101,-0.001354,0.000875,-0.000086
0.142044,-0.554714,0.421903,0.306105,0.022435,-0.066057,0.196646,-0.033606,-0.073628,-0.627311,0.163969,0.079631,0.184316,-0.012278,0.067248,0.001837,-0.780386,-0.001080,-2.355914,-0.003707,1.576350,0.774429,-0.001781,0.040068,0.000566,-0.000969,-0.001711,0.000373,-0.001329
0.142953,-0.559701,0.425875,0.303495,0.022737,-0.068605,0.197321,-0.033403,-0.074113,-0.625718,0.165158,0.082126,0.183784,-0.011294,0.067197,0.001841,-0.780345,-0.001084,-2.355912,-0.003705,1.576350,0.774429,0.000421,0.040357,-0.000713,-0.000191,-0.000058,0.000011,-0.000172
0.143986,-0.562173,0.426824,0.311011,0.022776,-0.067826,0.199574,-0.033240,-0.075133,-0.623997,0.165854,0.083806,0.183122,-0.010417,0.067128,0.001841,-0.780311,-0.001078,-2.355912,-0.003702,1.576355,0.774426,0.000350,0.038813,0.002036,-0.000183,0.001190,0.000906,-0.001097
0.145103,-0.568759,0.427768,0.315382,0.024609,-0.071168,0.201544,-0.034273,-0.077040,-0.619364,0.165288,0.083290,0.182239,-0.009711,0.067038,0.001838,-0.780269,-0.001082,-2.355912,-0.003710,1.576355,0.774425,-0.001281,0.038848,-0.000050,0.000153,-0.000983,0.000443,-0.001994
0.146072,-0.576853,0.427138,0.315888,0.024376,-0.072610,0.201165,-0.033690,-0.078358,-0.611997,0.165545,0.081128,0.181355,-0.009101,0.066940,0.001836,-0.780229,-0.001084,-2.355917,-0.003705,1.576356,0.774430,-0.001071,0.038981,-0.000389,-0.001202,0.000788,0.000419,-0.000550
0.146972,-0.580161,0.425329,0.320437,0.024333,-0.072492,0.202868,-0.034915,-0.079066,-0.604063,0.166847,0.078836,0.180537,-0.008490,0.066848,0.001838,-0.780189,-0.001080,-2.355915,-0.003702,1.576363,0.774424,0.000242,0.039752,0.000900,-0.000658,0.000842,0.002471,-0.002264
0.148085,-0.585164,0.425302,0.322890,0.025351,-0.076032,0.204677,-0.034651,-0.080138,-0.597472,0.167701,0.077034,0.179674,-0.007917,0.066767,0.001836,-0.780146,-0.001082,-2.355913,-0.003709,1.576363,0.774427,-0.000618,0.041023,0.000083,-0.000350,-0.000476,0.002314,-0.000292
0.149070,-0.589275,0.426554,0.325204,0.025466,-0.076910,0.206329,-0.035874,-0.081228,-0.593717,0.168461,0.076180,0.178819,-0.007388,0.066708,0.001833,-0.780103,-0.001078,-2.355913,-0.003702,1.576365,0.774426,-0.001199,0.041584,0.000624,-0.000985,0.001480,0.002440,-0.001470
0.149983,-0.594593,0.426219,0.328258,0.026228,-0.077261,0.208130,-0.035195,-0.081983,-0.592756,0.169364,0.076484,0.178018,-0.006836,0.066674,0.001829,-0.780064,-0.001077,-2.355914,-0.003702,1.576368,0.774428,-0.001854,0.041431,0.001053,-0.000716,0.000962,0.002487,0.000450
0.151050,-0.599830,0.426606,0.334349,0.026024,-0.078236,0.210093,-0.036279,-0.082394,-0.595101,0.171464,0.079020,0.176543,-0.005610,0.066688,0.001828,-0.779980,-0.001079,-2.355914,-0.003708,1.576370,0.774425,-0.002105,0.042317,-0.000313,-0.000565,-0.000417,0.002169,0.000161
0.152053,-0.604586,0.426272,0.333421,0.025675,-0.080820,0.211388,-0.036375,-0.082394,-0.595101,0.171464,0.079020,0.176543,-0.005610,0.066688,0.001828,-0.779980,-0.001079,-2.355914,-0.003708,1.576370,0.774425,-0.002105,0.042317,-0.000313,-0.000565,-0.000417,0.002169,0.000161
0.153105,-0.613850,0.428508,0.339529,0.027283,-0.081582,0.214176,-0.036097,-0.081686,-0.597431,0.173554,0.080359,0.175920,-0.005009,0.066755,0.001826,-0.779935,-0.001075,-2.355912,-0.003704,1.576374,0.774425,-0.002507,0.042919,0.001761,0.000080,0.000751,0.002604,-0.000223
0.154263,-0.619511,0.431172,0.341824,0.025170,-0.083303,0.215865,-0.037148,-0.081163,-0.599780,0.175184,0.081247,0.175266,-0.004451,0.066859,0.001829,-0.779896,-0.001079,-2.355916,-0.003706,1.576373,0.774422,-0.000834,0.042328,0.000423,-0.001088,0.000054,0.001642,-0.001366
0.155131,-0.622169,0.430773,0.345427,0.027262,-0.083924,0.217003,-0.037374,-0.081370,-0.600371,0.175913,0.080933,0.174503,-0.003954,0.066994,0.001828,-0.779856,-0.001077,-2.355910,-0.003704,1.576377,0.774426,-0.001263,0.041641,0.001149,0.001330,0.000147,0.001965,0.000100
0.156038,-0.628974,0.427055,0.345846,0.027965,-0.086109,0.217610,-0.038290,-0.081917,-0.597876,0.176358,0.078487,0.173662,-0.003592,0.067161,0.001823,-0.779811,-0.001077,-2.355914,-0.003706,1.576381,0.774428,-0.002302,0.042148,0.000741,-0.000414,-0.000422,0.002316,0.000045
0.157151,-0.633912,0.432133,0.354329,0.027359,-0.087292,0.219719,-0.037441,-0.082589,-0.595338,0.176494,0.075955,0.172809,-0.003229,0.067344,0.001823,-0.779764,-0.001073,-2.355916,-0.003704,1.576384,0.774430,-0.001429,0.044331,0.001971,-0.000732,0.000490,0.003282,0.001374
0.158102,-0.640239,0.433608,0.352962,0.028277,-0.087457,0.222313,-0.038313,-0.083307,-0.594752,0.176545,0.074597,0.171980,-0.002795,0.067514,0.001821,-0.779726,-0.001079,-2.355913,-0.003705,1.576388,0.774424,-0.002060,0.042377,-0.000436,0.000198,0.000120,0.003082,-0.000958
0.159076,-0.647617,0.433343,0.361112,0.028461,-0.088219,0.224310,-0.038140,-0.083793,-0.593234,0.177139,0.072719,0.171181,-0.002390,0.067652,0.001820,-0.779685,-0.001073,-2.355914,-0.003709,1.576388,0.774428,-0.001538,0.042077,0.001764,-0.000370,-0.001007,0.002143,0.000276
0.160126,-0.653247,0.429559,0.360270,0.027709,-0.090504,0.226748,-0.038709,-0.084319,-0.589618,0.178006,0.069978,0.170380,-0.001986,0.067755,0.001821,-0.779641,-0.001079,-2.355914,-0.003709,1.576391,0.774425,-0.000584,0.042634,-0.000713,-0.000210,-0.001598,0.001829,-0.000624
0.161001,-0.657358,0.430305,0.366919,0.029429,-0.090917,0.227601,-0.038946,-0.085231,-0.586482,0.178798,0.067385,0.169548,-0.001548,0.067823,0.001819,-0.779591,-0.001073,-2.355912,-0.003706,1.576393,0.774427,-0.000692,0.044961,0.001386,0.000887,-0.000783,0.001209,-0.000066
0.162097,-0.660295,0.431167,0.370398,0.029146,-0.093011,0.228619,-0.039109,-0.086445,-0.586501,0.179486,0.065939,0.168707,-0.001052,0.067858,0.001818,-0.779549,-0.001077,-2.355914,-0.003708,1.576401,0.774427,-0.001080,0.044894,-0.000515,-0.000502,-0.001591,0.001848,-0.000087
0.162985,-0.667012,0.430878,0.371871,0.030221,-0.094543,0.230815,-0.039282,-0.087028,-0.589658,0.181246,0.065915,0.167987,-0.000455,0.067862,0.001814,-0.779502,-0.001077,-2.355912,-0.003705,1.576408,0.774426,-0.002640,0.044961,-0.000460,0.000130,-0.001041,0.002707,-0.000372
0.164123,-0.672611,0.431003,0.376811,0.030341,-0.096514,0.232753,-0.039378,-0.086604,-0.594526,0.184446,0.066776,0.167413,0.000237,0.067835,0.001813,-0.779456,-0.001075,-2.355914,-0.003705,1.576410,0.774427,-0.001733,0.045422,0.000223,-0.000608,-0.000748,0.002035,-0.000523
0.165022,-0.675299,0.436458,0.379812,0.030203,-0.097590,0.233444,-0.040548,-0.085959,-0.600714,0.187839,0.068444,0.166858,0.001038,0.067779,0.001809,-0.779410,-0.001077,-2.355914,-0.003705,1.576413,0.774424,-0.002094,0.045898,-0.000393,-0.000320,-0.000352,0.002071,-0.000957
0.166007,-0.682059,0.430596,0.383997,0.031213,-0.098418,0.234891,-0.040263,-0.085086,-0.606070,0.191497,0.069723,0.166281,0.001873,0.067706,0.001804,-0.779370,-0.001077,-2.355914,-0.003706,1.576420,0.774428,-0.003213,0.043535,-0.000432,0.000145,-0.000527,0.002911,0.000885
0.167088,-0.687159,0.432093,0.384695,0.030942,-0.101255,0.237954,-0.041283,-0.083619,-0.609341,0.195963,0.069784,0.165718,0.002659,0.067626,0.001805,-0.779317,-0.001077,-2.355917,-0.003708,1.576426,0.774425,-0.002584,0.046834,-0.000935,-0.000470,-0.001057,0.003142,-0.000254
0.168077,-0.694307,0.431685,0.383763,0.033553,-0.101330,0.237562,-0.040474,-0.082057,-0.613395,0.200454,0.070121,0.165157,0.003476,0.067534,0.001801,-0.779271,-0.001073,-2.355913,-0.003705,1.576429,0.774429,-0.003018,0.046545,0.000436,0.000102,0.000262,0.001937,0.001194
0.169070,-0.698082,0.431077,0.390255,0.033095,-0.102896,0.238925,-0.041251,-0.081713,-0.619763,0.202662,0.071980,0.164467,0.004444,0.067415,0.001800,-0.779223,-0.001066,-2.355918,-0.003708,1.576440,0.774424,-0.002196,0.047132,0.002432,-0.002071,-0.001035,0.004019,-0.000994
0.169988,-0.699857,0.429061,0.394128,0.033632,-0.105473,0.239154,-0.041706,-0.083065,-0.628318,0.201735,0.075827,0.163619,0.005623,0.067265,0.001795,-0.779174,-0.001070,-2.355918,-0.003708,1.576444,0.774426,-0.003046,0.047813,0.000802,-0.001229,-0.000830,0.004351,0.000030
0.171063,-0.709559,0.431631,0.398596,0.033496,-0.106052,0.241466,-0.041420,-0.084588,-0.639198,0.200223,0.081265,0.162817,0.006926,0.067105,0.001786,-0.779122,-0.001070,-2.355918,-0.003706,1.576452,0.774427,-0.004626,0.049088,0.000361,-0.001449,0.000458,0.005682,0.000418
0.172026,-0.713220,0.428886,0.398308,0.032086,-0.108676,0.241847,-0.042543,-0.085237,-0.651273,0.200030,0.087117,0.162174,0.008230,0.066951,0.001788,-0.779075,-0.001072,-2.355918,-0.003708,1.576455,0.774423,-0.002768,0.048256,-0.000112,-0.000942,-0.000466,0.005213,-0.000755
0.172985,-0.719076,0.433132,0.401791,0.033336,-0.109157,0.243458,-0.041897,-0.085844,-0.662655,0.200099,0.091865,0.161544,0.009414,0.066809,0.001782,-0.779021,-0.001068,-2.355914,-0.003705,1.576466,0.774428,-0.003595,0.049933,0.001567,0.000721,0.000808,0.006462,0.000960
0.174142,-0.723543,0.432258,0.405880,0.032897,-0.111538,0.245710,-0.043404,-0.087237,-0.671854,0.199016,0.094389,0.160779,0.010409,0.066682,0.001778,-0.778977,-0.001067,-2.355916,-0.003707,1.576474,0.774423,-0.003287,0.048178,0.001350,-0.000170,-0.000043,0.006465,-0.000881
0.175139,-0.729472,0.432795,0.409669,0.035017,-0.113034,0.246548,-0.042782,-0.089186,-0.677782,0.197083,0.094652,0.159907,0.011291,0.066569,0.001772,-0.778925,-0.001067,-2.355914,-0.003705,1.576480,0.774428,-0.004236,0.049136,0.001177,0.000641,0.000719,0.006196,0.001511
0.176005,-0.733706,0.432772,0.414499,0.033081,-0.112038,0.248039,-0.043210,-0.091111,-0.681255,0.195328,0.093787,0.159033,0.012198,0.066475,0.001768,-0.778875,-0.001067,-2.355918,-0.003705,1.576491,0.774421,-0.004001,0.049225,0.000894,-0.001052,0.000822,0.007040,-0.000304
0.177102,-0.738537,0.431912,0.413087,0.035122,-0.115172,0.249138,-0.043756,-0.092591,-0.683458,0.194619,0.092602,0.158236,0.013172,0.066404,0.001763,-0.778826,-0.001068,-2.355911,-0.003710,1.576497,0.774423,-0.004257,0.049485,-0.000106,0.001055,-0.001348,0.007020,0.000082
0.178110,-0.743541,0.428004,0.416154,0.035570,-0.115713,0.250431,-0.043700,-0.093787,-0.684781,0.194655,0.091051,0.157500,0.014178,0.066355,0.001757,-0.778776,-0.001064,-2.355914,-0.003705,1.576505,0.774425,-0.004849,0.050370,0.002361,-0.000564,0.000243,0.007793,0.000550
0.179032,-0.746151,0.431285,0.421721,0.036191,-0.118965,0.252252,-0.043926,-0.095512,-0.687915,0.193698,0.090770,0.156745,0.015325,0.066311,0.001751,-0.778719,-0.001060,-2.355914,-0.003707,1.576514,0.774423,-0.005084,0.052626,0.002389,-0.000637,-0.000619,0.008203,-0.000127
0.180023,-0.750567,0.433233,0.423488,0.036971,-0.120101,0.253598,-0.044061,-0.097548,-0.694292,0.192026,0.092813,0.156014,0.016708,0.066256,0.001741,-0.778671,-0.001063,-2.355914,-0.003705,1.576524,0.774423,-0.006260,0.051270,0.001117,-0.000931,0.001352,0.007924,-0.000183
0.181027,-0.756949,0.434478,0.427260,0.036316,-0.119798,0.255043,-0.043953,-0.099004,-0.700847,0.191263,0.095686,0.155392,0.018273,0.066185,0.001734,-0.778621,-0.001062,-2.355916,-0.003704,1.576532,0.774427,-0.006733,0.050665,0.001840,-0.001327,0.001078,0.008265,-0.000485
0.182026,-0.761311,0.436853,0.430969,0.037008,-0.122623,0.256827,-0.044197,-0.100006,-0.704430,0.191361,0.097669,0.154831,0.019918,0.066083,0.001729,-0.778570,-0.001060,-2.355914,-0.003709,1.576539,0.774424,-0.006285,0.050403,0.001546,-0.000360,-0.000583,0.008530,-0.001256
0.183102,-0.766168,0.436052,0.432511,0.036673,-0.124126,0.258391,-0.044527,-0.100933,-0.703655,0.191964,0.097639,0.154267,0.021535,0.065941,0.001721,-0.778521,-0.001059,-2.355916,-0.003705,1.576549,0.774425,-0.006806,0.049579,0.001300,-0.000666,0.000838,0.008425,-0.001322
0.183976,-0.769632,0.435360,0.434950,0.036916,-0.124274,0.259122,-0.044336,-0.103226,-0.691422,0.193306,0.091850,0.153002,0.024584,0.065565,0.001705,-0.778417,-0.001054,-2.355914,-0.003710,1.576570,0.774420,-0.007914,0.050983,0.002408,0.000062,-0.000194,0.009416,-0.002120
0.185018,-0.773469,0.435282,0.439672,0.038222,-0.125859,0.260227,-0.045227,-0.103226,-0.691422,0.193306,0.091850,0.153002,0.024584,0.065565,0.001705,-0.778417,-0.001054,-2.355914,-0.003710,1.576570,0.774420,-0.007914,0.050983,0.002408,0.000062,-0.000194,0.009416,-0.002120
0.186017,-0.780215,0.434206,0.444264,0.036747,-0.127144,0.262566,-0.045522,-0.104464,-0.684132,0.193730,0.088099,0.152356,0.026068,0.065380,0.001694,-0.778364,-0.001053,-2.355916,-0.003707,1.576580,0.774421,-0.008787,0.051385,0.001724,-0.000837,-0.000084,0.010072,-0.000905
0.187067,-0.781421,0.432799,0.447335,0.037635,-0.128667,0.264505,-0.045564,-0.105112,-0.673156,0.197800,0.081790,0.151365,0.029033,0.065156,0.001674,-0.778255,-0.001052,-2.355911,-0.003707,1.576600,0.774417,-0.010321,0.053304,0.001199,0.000354,-0.000123,0.009244,-0.001380
0.188034,-0.790576,0.434368,0.448734,0.038804,-0.130748,0.266975,-0.045856,-0.104696,-0.670408,0.201031,0.079689,0.150956,0.030552,0.065141,0.001670,-0.778201,-0.001049,-2.355912,-0.003707,1.576609,0.774417,-0.008366,0.052791,0.002035,-0.000449,0.000610,0.008401,-0.001330
0.188981,-0.794782,0.434327,0.452753,0.039627,-0.132385,0.267531,-0.046610,-0.104696,-0.670408,0.201031,0.079689,0.150956,0.030552,0.065141,0.001670,-0.778201,-0.001049,-2.355912,-0.003707,1.576609,0.774417,-0.008366,0.052791,0.002035,-0.000449,0.000610,0.008401,-0.001330
0.190011,-0.799888,0.432952,0.459253,0.039209,-0.133404,0.269150,-0.046937,-0.105001,-0.669020,0.203193,0.079079,0.150470,0.032235,0.065206,0.001661,-0.778149,-0.001048,-2.355914,-0.003707,1.576621,0.774420,-0.008835,0.053103,0.001539,-0.000897,0.000932,0.009446,-0.000349
0.191098,-0.804434,0.434755,0.462098,0.038738,-0.134483,0.270696,-0.046925,-0.106133,-0.668321,0.207808,0.080152,0.149490,0.035751,0.065563,0.001643,-0.778041,-0.001050,-2.355910,-0.003709,1.576642,0.774419,-0.009713,0.053630,0.000322,0.000660,0.000093,0.009842,-0.000916
0.192019,-0.809130,0.435759,0.466217,0.038581,-0.135469,0.271972,-0.047898,-0.106133,-0.668321,0.207808,0.080152,0.149490,0.035751,0.065563,0.001643,-0.778041,-0.001050,-2.355910,-0.003709,1.576642,0.774419,-0.009713,0.053630,0.000322,0.000660,0.000093,0.009842,-0.000916
0.192993,-0.814832,0.432441,0.467015,0.039990,-0.135979,0.273550,-0.047522,-0.105781,-0.666382,0.212008,0.079044,0.149084,0.037269,0.065809,0.001633,-0.777988,-0.001051,-2.355908,-0.003709,1.576653,0.774423,-0.009823,0.053389,-0.000241,0.001085,-0.000208,0.010109,0.000520
0.194055,-0.818013,0.433205,0.470287,0.039272,-0.137344,0.275491,-0.048297,-0.105304,-0.663118,0.216512,0.076743,0.148676,0.038640,0.066065,0.001623,-0.777928,-0.001047,-2.355910,-0.003710,1.576664,0.774420,-0.009576,0.055287,0.000905,0.000053,-0.001044,0.010161,-0.000791
0.195063,-0.821603,0.435070,0.474321,0.040782,-0.137589,0.278663,-0.048581,-0.105252,-0.660915,0.220188,0.074876,0.148246,0.039994,0.066306,0.001611,-0.777873,-0.001043,-2.355906,-0.003709,1.576673,0.774422,-0.010830,0.055251,0.000930,0.001071,-0.001158,0.010018,0.000180
0.196003,-0.827475,0.436487,0.475041,0.041217,-0.140591,0.279989,-0.048959,-0.105246,-0.659407,0.223308,0.073483,0.147852,0.041367,0.066519,0.001597,-0.777818,-0.001042,-2.355908,-0.003710,1.576681,0.774422,-0.011688,0.054629,0.000526,-0.000064,-0.002318,0.008543,0.000176
0.197060,-0.832123,0.432825,0.480118,0.040775,-0.141341,0.281434,-0.048537,-0.105146,-0.656795,0.226025,0.072195,0.147512,0.042820,0.066692,0.001587,-0.777765,-0.001039,-2.355908,-0.003708,1.576690,0.774423,-0.011242,0.054189,0.001672,-0.000160,-0.000620,0.008819,0.000406
0.198053,-0.833935,0.436123,0.484040,0.041550,-0.141262,0.283735,-0.049655,-0.105462,-0.653403,0.227680,0.071049,0.147142,0.044347,0.066810,0.001576,-0.777705,-0.001041,-2.355908,-0.003710,1.576698,0.774419,-0.011755,0.056347,0.000842,0.000663,-0.001342,0.009171,-0.001030
0.198965,-0.839428,0.436272,0.488370,0.042691,-0.144700,0.285360,-0.049423,-0.105613,-0.650219,0.229258,0.069921,0.146805,0.045867,0.066881,0.001559,-0.777652,-0.001040,-2.355908,-0.003712,1.576706,0.774424,-0.013447,0.054988,0.000491,0.000223,-0.002796,0.008547,0.000665
0.199983,-0.847871,0.432972,0.490001,0.041814,-0.146176,0.286752,-0.049391,-0.104785,-0.646485,0.232126,0.068711,0.146623,0.047399,0.066922,0.001547,-0.777597,-0.001044,-2.355910,-0.003709,1.576718,0.774421,-0.013081,0.055148,-0.000162,-0.000551,-0.000622,0.008449,-0.000326
0.201008,-0.853521,0.437114,0.490832,0.043188,-0.147967,0.289481,-0.050664,-0.103788,-0.642584,0.235452,0.067700,0.146498,0.048958,0.066929,0.001537,-0.777534,-0.001040,-2.355908,-0.003707,1.576726,0.774419,-0.011586,0.057049,0.000641,0.000652,-0.000600,0.008792,-0.000947
0.201977,-0.859099,0.437837,0.496505,0.041474,-0.148695,0.291729,-0.050410,-0.106126,-0.635203,0.235793,0.065231,0.145655,0.051944,0.066859,0.001506,-0.777424,-0.001033,-2.355904,-0.003711,1.576743,0.774420,-0.013572,0.056025,0.001886,0.001970,-0.001931,0.008275,-0.000309
0.203095,-0.867118,0.440711,0.500395,0.042897,-0.150812,0.294583,-0.051348,-0.106126,-0.635203,0.235793,0.065231,0.145655,0.051944,0.066859,0.001506,-0.777424,-0.001033,-2.355904,-0.003711,1.576743,0.774420,-0.013572,0.056025,0.001886,0.001970,-0.001931,0.008275,-0.000309
0.203987,-0.873095,0.439993,0.504826,0.043704,-0.154470,0.296539,-0.051696,-0.108733,-0.628266,0.233332,0.061384,0.144967,0.053194,0.066796,0.001491,-0.777369,-0.001028,-2.355905,-0.003711,1.576751,0.774422,-0.013859,0.055461,0.002491,0.001140,-0.001983,0.007940,0.000801
0.204968,-0.878182,0.440876,0.509156,0.044858,-0.154890,0.299736,-0.051765,-0.111643,-0.619438,0.230221,0.056226,0.144226,0.054343,0.066720,0.001475,-0.777310,-0.001026,-2.355905,-0.003707,1.576758,0.774422,-0.014243,0.056356,0.002297,0.000808,-0.000082,0.007998,0.000863
0.206029,-0.886750,0.441213,0.514410,0.046355,-0.157363,0.301238,-0.051524,-0.114613,-0.610848,0.226913,0.051609,0.143521,0.055577,0.066633,0.001456,-0.777253,-0.001022,-2.355907,-0.003709,1.576765,0.774420,-0.015405,0.056572,0.002365,0.000223,-0.001584,0.007001,0.000318
0.207029,-0.891422,0.441208,0.518100,0.045752,-0.160942,0.302207,-0.052459,-0.117294,-0.604084,0.224030,0.048811,0.142920,0.057019,0.066540,0.001441,-0.777195,-0.001021,-2.355911,-0.003707,1.576775,0.774416,-0.015174,0.057181,0.002178,-0.000618,-0.001182,0.007892,-0.000896
0.208023,-0.898207,0.442636,0.522510,0.046769,-0.161643,0.304912,-0.053327,-0.119706,-0.599632,0.221633,0.047868,0.142387,0.058627,0.066454,0.001423,-0.777136,-0.001019,-2.355908,-0.003704,1.576785,0.774421,-0.016630,0.057846,0.002621,0.000461,0.000432,0.009165,0.000281
0.209107,-0.904968,0.442127,0.529678,0.048504,-0.162484,0.307461,-0.052275,-0.121868,-0.596865,0.219627,0.047752,0.141848,0.060249,0.066382,0.001406,-0.777079,-0.001016,-2.355908,-0.003709,1.576790,0.774425,-0.017001,0.057818,0.002676,-0.000037,-0.000789,0.008696,0.001305
0.210063,-0.912181,0.439519,0.533648,0.049011,-0.163676,0.308849,-0.053846,-0.123473,-0.595692,0.218571,0.048607,0.141352,0.061921,0.066303,0.001388,-0.777015,-0.001014,-2.355912,-0.003712,1.576800,0.774416,-0.017741,0.058813,0.001567,-0.001104,-0.002027,0.008575,-0.001556
0.210993,-0.919308,0.443368,0.535854,0.047967,-0.167093,0.311274,-0.052770,-0.124265,-0.597894,0.219123,0.051789,0.141000,0.063772,0.066202,0.001370,-0.776953,-0.001013,-2.355911,-0.003712,1.576812,0.774421,-0.017733,0.060692,0.001785,-0.001097,-0.002699,0.009320,0.000948
0.212020,-0.921793,0.441724,0.538755,0.048458,-0.169214,0.314044,-0.053488,-0.124910,-0.603023,0.220328,0.056518,0.140709,0.065708,0.066075,0.001353,-0.776896,-0.001007,-2.355907,-0.003710,1.576819,0.774416,-0.017691,0.059344,0.002776,0.000356,-0.001089,0.008982,-0.001885
0.213032,-0.930641,0.445522,0.542361,0.050158,-0.171425,0.316049,-0.053577,-0.126055,-0.608127,0.220808,0.060478,0.140328,0.067537,0.065913,0.001327,-0.776833,-0.001003,-2.355907,-0.003711,1.576828,0.774417,-0.020274,0.060846,0.003650,0.000393,-0.000966,0.008516,-0.001135
0.214123,-0.942628,0.444764,0.547695,0.049049,-0.174313,0.320642,-0.054967,-0.127584,-0.612184,0.220219,0.063385,0.139842,0.069279,0.065724,0.001310,-0.776775,-0.000997,-2.355910,-0.003711,1.576836,0.774416,-0.019661,0.059626,0.004117,-0.000694,-0.000735,0.008791,-0.001674
0.215128,-0.948159,0.444600,0.555935,0.050374,-0.175252,0.322410,-0.053853,-0.130023,-0.614812,0.218086,0.065536,0.139196,0.071029,0.065522,0.001297,-0.776713,-0.000995,-2.355907,-0.003709,1.576838,0.774424,-0.017856,0.060780,0.003941,0.000938,0.000015,0.006671,0.000339
0.216064,-0.954253,0.448260,0.554767,0.050242,-0.178967,0.324891,-0.055395,-0.133452,-0.616353,0.215122,0.066905,0.138403,0.072798,0.065303,0.001276,-0.776650,-0.000997,-2.355909,-0.003710,1.576849,0.774415,-0.018890,0.061495,0.002157,0.000168,-0.001017,0.007174,-0.002605
0.217034,-0.958288,0.446189,0.561561,0.052801,-0.178548,0.326145,-0.054772,-0.137213,-0.616963,0.212406,0.067566,0.137553,0.074598,0.065065,0.001255,-0.776591,-0.000986,-2.355907,-0.003708,1.576856,0.774421,-0.019329,0.060226,0.004812,0.000770,0.000882,0.006787,-0.000144
0.218223,-0.966613,0.450282,0.567887,0.051545,-0.181060,0.327823,-0.055297,-0.141065,-0.616445,0.209700,0.067964,0.136676,0.076484,0.064812,0.001230,-0.776525,-0.000985,-2.355913,-0.003711,1.576866,0.774418,-0.020905,0.061841,0.003612,-0.001161,-0.001431,0.007719,-0.002099
0.219090,-0.973519,0.449959,0.566805,0.053052,-0.181767,0.330193,-0.055797,-0.144125,-0.615404,0.208108,0.068581,0.135890,0.078462,0.064541,0.001206,-0.776467,-0.000983,-2.355909,-0.003712,1.576876,0.774416,-0.021200,0.060712,0.003179,0.000674,-0.001209,0.008710,-0.001850
0.220013,-0.979151,0.446511,0.571480,0.052656,-0.183154,0.333184,-0.056074,-0.146407,-0.612977,0.207593,0.068582,0.135169,0.080421,0.064250,0.001186,-0.776404,-0.000973,-2.355913,-0.003715,1.576880,0.774417,-0.020963,0.061329,0.005638,-0.000306,-0.002171,0.008293,-0.001459
0.221010,-0.986061,0.449705,0.577298,0.053023,-0.185404,0.335691,-0.056463,-0.149056,-0.610337,0.206153,0.068449,0.134375,0.082376,0.063954,0.001163,-0.776337,-0.000969,-2.355909,-0.003717,1.576887,0.774416,-0.021579,0.063533,0.005356,0.000524,-0.002558,0.007372,-0.001550
0.222000,-0.993751,0.449458,0.582578,0.052666,-0.190001,0.338645,-0.057200,-0.151906,-0.609255,0.204125,0.068941,0.133550,0.084354,0.063668,0.001141,-0.776276,-0.000965,-2.355909,-0.003718,1.576896,0.774416,-0.021839,0.062553,0.004707,0.000671,-0.002232,0.007107,-0.001467
0.223075,-0.999072,0.447557,0.586200,0.054917,-0.191413,0.341346,-0.057360,-0.154351,-0.608214,0.202908,0.068946,0.132747,0.086261,0.063407,0.001118,-0.776212,-0.000962,-2.355907,-0.003714,1.576901,0.774419,-0.021677,0.063283,0.004315,0.001517,0.000421,0.006392,-0.000685
0.223996,-1.003979,0.444891,0.591345,0.055001,-0.193621,0.342740,-0.057574,-0.156325,-0.607561,0.202719,0.068888,0.131974,0.088140,0.063169,0.001091,-0.776143,-0.000956,-2.355910,-0.003715,1.576908,0.774418,-0.023010,0.064897,0.004929,-0.000101,-0.000289,0.006124,-0.001125
0.224984,-1.006983,0.447283,0.593473,0.054189,-0.194020,0.344686,-0.058238,-0.157550,-0.610457,0.203648,0.070952,0.131301,0.090144,0.062941,0.001066,-0.776072,-0.000953,-2.355908,-0.003714,1.576919,0.774416,-0.023928,0.066650,0.004446,0.000272,0.000129,0.006788,-0.001329
0.226085,-1.021238,0.447287,0.600339,0.054357,-0.197732,0.346096,-0.058585,-0.157542,-0.616885,0.205996,0.074805,0.130769,0.092205,0.062723,0.001034,-0.776008,-0.000946,-2.355906,-0.003718,1.576925,0.774417,-0.026017,0.066025,0.005600,0.001571,-0.001379,0.007077,-0.000689
0.227074,-1.023305,0.449561,0.602653,0.055505,-0.198761,0.348141,-0.059395,-0.156765,-0.623532,0.209172,0.077948,0.130266,0.094099,0.062523,0.001017,-0.775938,-0.000943,-2.355905,-0.003715,1.576933,0.774416,-0.023034,0.066720,0.004647,0.001943,0.000188,0.008150,-0.000764
0.228018,-1.032181,0.445793,0.610976,0.056227,-0.199208,0.350598,-0.059563,-0.156176,-0.628393,0.212233,0.079462,0.129682,0.095785,0.062343,0.000986,-0.775872,-0.000933,-2.355905,-0.003717,1.576940,0.774418,-0.025633,0.066139,0.005682,0.001316,-0.000713,0.008327,0.000166
0.229044,-1.035256,0.444879,0.611861,0.058580,-0.202926,0.352865,-0.059937,-0.155543,-0.632313,0.215690,0.080492,0.129118,0.097403,0.062188,0.000962,-0.775798,-0.000934,-2.355905,-0.003722,1.576946,0.774417,-0.024661,0.068468,0.003689,0.001104,-0.002064,0.007998,-0.000167
0.229987,-1.043893,0.445976,0.615198,0.057567,-0.204873,0.355701,-0.059954,-0.154393,-0.638427,0.220196,0.083380,0.128728,0.099156,0.062053,0.000930,-0.775728,-0.000925,-2.355909,-0.003718,1.576954,0.774419,-0.026874,0.069486,0.005552,-0.000617,-0.000359,0.008042,-0.000137
0.231200,-1.051797,0.444180,0.622699,0.059355,-0.206192,0.357944,-0.060099,-0.153362,-0.647622,0.224514,0.088847,0.128451,0.101109,0.061921,0.000905,-0.775660,-0.000918,-2.355904,-0.003719,1.576962,0.774416,-0.025991,0.069415,0.005959,0.000805,-0.000256,0.007319,-0.000760
0.231988,-1.054407,0.444763,0.627979,0.060587,-0.209294,0.359858,-0.061527,-0.152994,-0.658417,0.227856,0.095712,0.128182,0.103168,0.061783,0.000876,-0.775588,-0.000916,-2.355905,-0.003721,1.576970,0.774413,-0.026560,0.071144,0.004978,-0.000330,-0.001289,0.007822,-0.001304
0.233023,-1.060944,0.448653,0.630075,0.059033,-0.211022,0.362177,-0.060916,-0.152527,-0.670793,0.231710,0.103966,0.128014,0.105340,0.061661,0.000846,-0.775517,-0.000912,-2.355907,-0.003716,1.576978,0.774419,-0.028052,0.071067,0.004117,-0.001092,0.000258,0.007665,0.001008
0.234098,-1.069043,0.447556,0.639247,0.060099,-0.214350,0.364354,-0.062499,-0.151344,-0.682340,0.236895,0.112163,0.127971,0.107542,0.061574,0.000817,-0.775451,-0.000904,-2.355903,-0.003719,1.576988,0.774413,-0.028568,0.069737,0.005389,0.000949,-0.000019,0.007663,-0.000956
0.235052,-1.077643,0.450216,0.638688,0.060151,-0.215637,0.366573,-0.061488,-0.149680,-0.689593,0.243060,0.117613,0.127932,0.109553,0.061521,0.000788,-0.775377,-0.000903,-2.355903,-0.003714,1.576996,0.774419,-0.028467,0.070905,0.003244,0.000431,0.001173,0.007911,0.001478
0.236053,-1.083574,0.448496,0.640908,0.061053,-0.217512,0.368006,-0.062740,-0.148247,-0.692441,0.249409,0.120068,0.127788,0.111343,0.061494,0.000763,-0.775307,-0.000893,-2.355901,-0.003715,1.577004,0.774413,-0.027677,0.070039,0.005656,0.000843,0.000598,0.007831,-0.001238
0.237047,-1.091018,0.449296,0.648945,0.061416,-0.218745,0.369743,-0.062305,-0.148421,-0.692018,0.253593,0.120425,0.127369,0.112989,0.061480,0.000733,-0.775235,-0.000885,-2.355902,-0.003718,1.577013,0.774419,-0.028367,0.071435,0.006750,0.000492,0.000549,0.008650,0.000589
0.238025,-1.094759,0.445907,0.651540,0.061854,-0.220520,0.372993,-0.063857,-0.150323,-0.689988,0.255191,0.119670,0.126689,0.114541,0.061474,0.000704,-0.775164,-0.000884,-2.355902,-0.003719,1.577024,0.774414,-0.028264,0.071545,0.004990,0.000660,-0.000153,0.009131,-0.000989
0.239120,-1.103203,0.448918,0.655894,0.063018,-0.224010,0.375575,-0.063195,-0.152632,-0.688470,0.256326,0.118879,0.125951,0.116050,0.061477,0.000672,-0.775088,-0.000876,-2.355901,-0.003720,1.577029,0.774419,-0.029934,0.073696,0.005883,0.000741,-0.000267,0.008079,0.001451
0.240091,-1.106681,0.452188,0.658110,0.062095,-0.225100,0.377889,-0.064068,-0.154818,-0.688559,0.257597,0.118798,0.125230,0.117587,0.061482,0.000642,-0.775016,-0.000867,-2.355904,-0.003715,1.577040,0.774416,-0.029723,0.072807,0.006130,0.000207,0.001059,0.007955,-0.000671
0.241004,-1.114987,0.450271,0.662380,0.064504,-0.226030,0.377984,-0.064118,-0.157067,-0.687811,0.258401,0.118273,0.124450,0.119117,0.061475,0.000607,-0.774945,-0.000859,-2.355900,-0.003719,1.577051,0.774419,-0.031463,0.071652,0.007169,0.001588,0.000276,0.007809,0.000421
0.241972,-1.119595,0.451098,0.666588,0.064504,-0.226748,0.380080,-0.064194,-0.159458,-0.684262,0.258484,0.116293,0.123553,0.120580,0.061443,0.000577,-0.774871,-0.000850,-2.355904,-0.003718,1.577064,0.774417,-0.030578,0.073013,0.007029,-0.000281,-0.000589,0.009754,-0.000126
0.243021,-1.127811,0.452882,0.670938,0.063580,-0.230419,0.382661,-0.064491,-0.161902,-0.679912,0.258099,0.114233,0.122587,0.122041,0.061384,0.000543,-0.774799,-0.000843,-2.355902,-0.003723,1.577072,0.774415,-0.031758,0.073053,0.007079,0.000218,-0.001712,0.009809,-0.000642
0.244012,-1.131181,0.449078,0.677752,0.065268,-0.233393,0.385526,-0.064654,-0.164230,-0.674937,0.257665,0.111818,0.121584,0.123425,0.061311,0.000511,-0.774728,-0.000836,-2.355898,-0.003720,1.577081,0.774413,-0.031449,0.072749,0.007252,0.001613,-0.000085,0.009583,-0.000770
0.245147,-1.140614,0.452553,0.683311,0.068767,-0.234093,0.388649,-0.066152,-0.165995,-0.669429,0.257953,0.108501,0.120607,0.124660,0.061249,0.000475,-0.774647,-0.000829,-2.355900,-0.003720,1.577088,0.774413,-0.033314,0.075074,0.006038,0.000467,0.000951,0.008948,-0.001138
0.246042,-1.145667,0.451763,0.684579,0.068453,-0.236363,0.390398,-0.066239,-0.166560,-0.666192,0.260086,0.106835,0.119823,0.126011,0.061219,0.000442,-0.774574,-0.000823,-2.355908,-0.003724,1.577097,0.774418,-0.032720,0.073996,0.005824,-0.002255,-0.000545,0.008379,0.001074
0.247019,-1.150745,0.450897,0.689672,0.066457,-0.238853,0.392497,-0.066973,-0.166328,-0.665741,0.263471,0.108374,0.119235,0.127696,0.061222,0.000407,-0.774498,-0.000810,-2.355906,-0.003724,1.577103,0.774414,-0.033367,0.074726,0.007116,-0.001466,0.000005,0.008656,0.000611
0.248135,-1.159194,0.450324,0.689342,0.067439,-0.241598,0.395120,-0.067292,-0.165999,-0.666281,0.266841,0.110992,0.118688,0.129495,0.061237,0.000371,-0.774420,-0.000804,-2.355900,-0.003726,1.577114,0.774415,-0.034299,0.075577,0.006743,0.000921,0.000608,0.008733,0.001403
0.249095,-1.163991,0.450745,0.695218,0.070243,-0.242792,0.396354,-0.068129,-0.166076,-0.666952,0.269144,0.112441,0.118032,0.131135,0.061233,0.000337,-0.774340,-0.000789,-2.355900,-0.003726,1.577125,0.774415,-0.034125,0.076439,0.009342,0.000502,0.001175,0.008607,0.001254
0.250057,-1.167432,0.448084,0.701671,0.069036,-0.244775,0.398039,-0.067569,-0.167130,-0.668653,0.269317,0.113691,0.117210,0.132737,0.061192,0.000300,-0.774262,-0.000782,-2.355905,-0.003727,1.577140,0.774419,-0.035133,0.076613,0.008500,-0.001673,0.000496,0.009497,0.002253
0.251113,-1.174427,0.451216,0.702877,0.070258,-0.245540,0.400526,-0.067780,-0.168114,-0.672640,0.269064,0.116231,0.116399,0.134446,0.061117,0.000260,-0.774180,-0.000774,-2.355901,-0.003725,1.577147,0.774414,-0.036787,0.078302,0.007400,-0.000008,0.000591,0.009975,0.000454
0.252047,-1.178492,0.450833,0.707343,0.071536,-0.248769,0.401694,-0.068486,-0.167945,-0.678124,0.270144,0.119258,0.115714,0.136154,0.061017,0.000224,-0.774107,-0.000761,-2.355904,-0.003728,1.577156,0.774413,-0.037064,0.077291,0.009121,-0.000639,-0.000687,0.009856,0.000157
0.253074,-1.187862,0.452330,0.712573,0.070495,-0.249744,0.404086,-0.068260,-0.167103,-0.683240,0.271739,0.122022,0.115069,0.137825,0.060894,0.000184,-0.774028,-0.000754,-2.355905,-0.003724,1.577168,0.774415,-0.038297,0.077831,0.008937,-0.001384,0.000710,0.010768,0.000920
0.254023,-1.195829,0.449852,0.714532,0.071150,-0.251991,0.406031,-0.069224,-0.166053,-0.686682,0.273435,0.124072,0.114405,0.139442,0.060750,0.000149,-0.773951,-0.000745,-2.355903,-0.003727,1.577178,0.774410,-0.037279,0.077566,0.008586,0.000175,-0.000311,0.010665,-0.000250
0.255156,-1.202727,0.448175,0.719213,0.070945,-0.255372,0.409001,-0.068878,-0.165525,-0.688115,0.274733,0.124692,0.113636,0.140907,0.060589,0.000112,-0.773868,-0.000731,-2.355903,-0.003729,1.577191,0.774414,-0.036653,0.079148,0.009645,0.000020,0.000124,0.010824,0.001024
0.256047,-1.206824,0.447928,0.720228,0.072142,-0.255690,0.410250,-0.069650,-0.166368,-0.689267,0.274576,0.124497,0.112674,0.142235,0.060422,0.000073,-0.773783,-0.000720,-2.355901,-0.003728,1.577200,0.774412,-0.037278,0.080527,0.009790,0.000792,0.001295,0.010395,-0.000476
0.257043,-1.214947,0.447127,0.724975,0.072752,-0.258412,0.413137,-0.069027,-0.168509,-0.691763,0.272793,0.124491,0.111539,0.143506,0.060256,0.000033,-0.773704,-0.000706,-2.355905,-0.003732,1.577210,0.774415,-0.038314,0.080915,0.011190,0.000134,-0.000114,0.011144,0.000457
0.257980,-1.221014,0.446173,0.730249,0.072239,-0.259731,0.414806,-0.069885,-0.171679,-0.695599,0.269552,0.125243,0.110280,0.144818,0.060086,-0.000006,-0.773619,-0.000696,-2.355905,-0.003729,1.577219,0.774409,-0.037758,0.081678,0.010977,0.000066,0.000658,0.010478,-0.001492
0.258987,-1.226779,0.440740,0.730150,0.071995,-0.261032,0.416340,-0.070216,-0.175568,-0.700240,0.265610,0.126650,0.108947,0.146194,0.059920,-0.000045,-0.773535,-0.000687,-2.355902,-0.003730,1.577231,0.774412,-0.038009,0.082437,0.010396,0.001034,0.000147,0.010903,-0.000409
0.260103,-1.231758,0.442358,0.735859,0.074496,-0.264050,0.418692,-0.070013,-0.179926,-0.706327,0.261415,0.128389,0.107551,0.147555,0.059778,-0.000086,-0.773446,-0.000670,-2.355901,-0.003732,1.577242,0.774412,-0.038670,0.085493,0.012604,0.001766,-0.000493,0.011616,-0.000462
0.261010,-1.236887,0.445871,0.740866,0.073988,-0.265174,0.421762,-0.071159,-0.184617,-0.715486,0.256679,0.131359,0.106124,0.148955,0.059671,-0.000129,-0.773362,-0.000659,-2.355906,-0.003730,1.577253,0.774409,-0.040138,0.085184,0.012176,-0.000031,0.000342,0.011758,-0.001645
0.261996,-1.244529,0.446666,0.744375,0.074771,-0.266643,0.423296,-0.070469,-0.188823,-0.725509,0.252543,0.135374,0.104787,0.150494,0.059611,-0.000170,-0.773282,-0.000648,-2.355903,-0.003734,1.577262,0.774411,-0.040695,0.083710,0.011637,0.000918,-0.000278,0.010702,0.000034
0.263101,-1.247509,0.447116,0.748574,0.076456,-0.270739,0.425442,-0.071918,-0.192077,-0.731815,0.250079,0.138375,0.103570,0.152105,0.059602,-0.000210,-0.773197,-0.000636,-2.355901,-0.003735,1.577275,0.774407,-0.040332,0.083669,0.012019,0.000604,-0.000712,0.011373,-0.002059
0.264001,-1.254507,0.446049,0.753009,0.077094,-0.271491,0.427819,-0.072285,-0.194550,-0.733572,0.249068,0.140004,0.102457,0.153760,0.059635,-0.000257,-0.773111,-0.000621,-2.355901,-0.003732,1.577286,0.774412,-0.042723,0.083937,0.012295,-0.000497,0.001226,0.011696,0.000089
0.264980,-1.261058,0.446964,0.754277,0.078657,-0.272926,0.429749,-0.072344,-0.196100,-0.732824,0.249513,0.141586,0.101498,0.155538,0.059710,-0.000300,-0.773027,-0.000609,-2.355903,-0.003734,1.577300,0.774412,-0.042284,0.084706,0.012014,-0.000612,0.000210,0.011296,0.000175
0.266043,-1.266131,0.448344,0.760585,0.077847,-0.274911,0.431967,-0.072322,-0.197215,-0.731055,0.250705,0.143958,0.100646,0.157497,0.059812,-0.000343,-0.772941,-0.000592,-2.355905,-0.003735,1.577309,0.774411,-0.042416,0.084564,0.013462,-0.001607,-0.000248,0.011569,-0.000392
0.267082,-1.272518,0.446509,0.762310,0.078260,-0.277425,0.433555,-0.073672,-0.198423,-0.727777,0.251881,0.146506,0.099811,0.159579,0.059922,-0.000390,-0.772857,-0.000581,-2.355901,-0.003736,1.577320,0.774407,-0.043580,0.084326,0.012607,-0.000295,-0.000322,0.011722,-0.001166
0.268020,-1.276820,0.445108,0.768362,0.078219,-0.278630,0.434280,-0.073983,-0.199533,-0.722353,0.253258,0.147909,0.098975,0.161623,0.060052,-0.000435,-0.772770,-0.000564,-2.355901,-0.003734,1.577335,0.774410,-0.043985,0.085643,0.013963,-0.000181,0.000151,0.012437,0.000825
0.269083,-1.283410,0.446454,0.771228,0.079568,-0.280863,0.436767,-0.074251,-0.200380,-0.716213,0.255061,0.148087,0.098145,0.163529,0.060216,-0.000483,-0.772682,-0.000552,-2.355898,-0.003734,1.577350,0.774411,-0.045022,0.086582,0.012946,0.000309,-0.000477,0.013784,0.000767
0.270132,-1.284502,0.452026,0.773963,0.079400,-0.281848,0.439993,-0.074287,-0.200796,-0.710483,0.257637,0.147615,0.097358,0.165311,0.060396,-0.000529,-0.772596,-0.000537,-2.355900,-0.003736,1.577361,0.774410,-0.045415,0.086331,0.013804,-0.000438,-0.000289,0.013655,0.000566
0.271076,-1.293298,0.448904,0.779365,0.080245,-0.284278,0.442015,-0.074608,-0.200629,-0.702872,0.260984,0.145841,0.096617,0.167000,0.060560,-0.000585,-0.772515,-0.000520,-2.355898,-0.003739,1.577371,0.774410,-0.048427,0.084001,0.014660,0.000254,-0.001327,0.012771,-0.000104
0.271954,-1.297022,0.450107,0.782420,0.079737,-0.287763,0.444471,-0.074753,-0.199822,-0.691304,0.264972,0.141999,0.095911,0.168605,0.060695,-0.000630,-0.772424,-0.000508,-2.355898,-0.003737,1.577386,0.774412,-0.047221,0.085812,0.013987,-0.000097,-0.000751,0.012836,-0.000120
0.273044,-1.302515,0.450210,0.786905,0.080826,-0.289321,0.445979,-0.074615,-0.198733,-0.677277,0.269484,0.136652,0.095207,0.170136,0.060802,-0.000681,-0.772340,-0.000493,-2.355898,-0.003735,1.577399,0.774410,-0.048280,0.085392,0.014313,0.000876,0.001020,0.012314,-0.000439
0.274033,-1.307988,0.446696,0.787195,0.080737,-0.289222,0.447712,-0.076167,-0.197647,-0.662125,0.274337,0.130255,0.094468,0.171586,0.060880,-0.000732,-0.772252,-0.000478,-2.355898,-0.003738,1.577415,0.774408,-0.049279,0.085800,0.014418,0.000365,0.000455,0.013228,-0.001475
0.275038,-1.316626,0.444514,0.790555,0.080432,-0.290959,0.450413,-0.075394,-0.196766,-0.647591,0.278937,0.123659,0.093668,0.172959,0.060933,-0.000783,-0.772162,-0.000457,-2.355898,-0.003742,1.577428,0.774412,-0.049880,0.087852,0.016324,0.000979,-0.001542,0.013682,0.000958
0.276059,-1.319741,0.446483,0.795141,0.082105,-0.292077,0.453898,-0.077115,-0.196978,-0.636622,0.281766,0.118089,0.092714,0.174254,0.060976,-0.000831,-0.772070,-0.000441,-2.355894,-0.003742,1.577442,0.774405,-0.048994,0.089216,0.016757,0.001742,-0.001751,0.013196,-0.001308
0.277077,-1.324194,0.444518,0.796345,0.082381,-0.296462,0.456129,-0.076047,-0.198533,-0.629658,0.282624,0.113889,0.091603,0.175514,0.061028,-0.000885,-0.771982,-0.000424,-2.355898,-0.003743,1.577451,0.774410,-0.050901,0.088573,0.016621,0.000676,-0.002612,0.011995,0.001448
0.278073,-1.331884,0.443797,0.802582,0.083468,-0.296596,0.459931,-0.076971,-0.200732,-0.625549,0.282510,0.111191,0.090443,0.176848,0.061099,-0.000940,-0.771891,-0.000404,-2.355897,-0.003739,1.577464,0.774405,-0.052078,0.089883,0.018143,0.000951,-0.000225,0.012035,-0.001432
0.279108,-1.336430,0.447457,0.805069,0.082712,-0.298780,0.462800,-0.077190,-0.203286,-0.624234,0.281837,0.110302,0.089270,0.178336,0.061179,-0.000991,-0.771798,-0.000389,-2.355898,-0.003746,1.577471,0.774409,-0.051595,0.090491,0.017133,0.000403,-0.002002,0.010463,-0.000255
0.280113,-1.339109,0.445502,0.809921,0.085458,-0.300384,0.464433,-0.077785,-0.206099,-0.624093,0.281085,0.110307,0.088080,0.179955,0.061273,-0.001045,-0.771711,-0.000369,-2.355893,-0.003745,1.577483,0.774407,-0.052830,0.089026,0.018060,0.001598,-0.001823,0.009914,-0.000548
0.281023,-1.340691,0.444019,0.815382,0.084647,-0.302237,0.465270,-0.077831,-0.208615,-0.622945,0.281031,0.110168,0.086949,0.181672,0.061394,-0.001105,-0.771617,-0.000350,-2.355898,-0.003746,1.577498,0.774408,-0.054790,0.090284,0.017720,-0.000524,-0.002173,0.010508,-0.000056
0.282168,-1.350664,0.443487,0.818016,0.085291,-0.305444,0.466730,-0.078525,-0.209662,-0.621988,0.283131,0.110571,0.086062,0.183490,0.061538,-0.001167,-0.771526,-0.000335,-2.355897,-0.003747,1.577514,0.774406,-0.056907,0.091192,0.016908,0.000802,-0.002081,0.011670,-0.000603
0.283143,-1.353692,0.442824,0.821226,0.086353,-0.305684,0.469059,-0.078528,-0.209049,-0.622370,0.287701,0.111426,0.085432,0.185286,0.061692,-0.001221,-0.771434,-0.000314,-2.355898,-0.003744,1.577528,0.774408,-0.055813,0.091932,0.018005,0.000770,-0.001123,0.012754,-0.000007
0.284027,-1.358494,0.439342,0.823479,0.087625,-0.308632,0.471789,-0.079134,-0.208052,-0.623986,0.292926,0.112400,0.084867,0.186987,0.061840,-0.001281,-0.771340,-0.000295,-2.355898,-0.003748,1.577541,0.774405,-0.057506,0.092472,0.018420,0.000228,-0.002772,0.012576,-0.000685
0.285101,-1.361630,0.442419,0.825955,0.089597,-0.311191,0.473705,-0.079093,-0.207351,-0.627955,0.297660,0.114719,0.084306,0.188727,0.061968,-0.001339,-0.771241,-0.000274,-2.355898,-0.003745,1.577550,0.774409,-0.057933,0.094260,0.019084,-0.000573,-0.001548,0.011814,-0.000093
0.286042,-1.364610,0.440579,0.829362,0.086678,-0.312460,0.475170,-0.079651,-0.207044,-0.634758,0.301524,0.119404,0.083755,0.190655,0.062052,-0.001404,-0.771150,-0.000252,-2.355902,-0.003746,1.577566,0.774407,-0.059902,0.093079,0.020070,-0.001891,-0.001082,0.012283,-0.000933
0.287071,-1.372346,0.440477,0.831750,0.087422,-0.315603,0.477270,-0.079353,-0.206902,-0.641917,0.304634,0.124717,0.083182,0.192649,0.062077,-0.001469,-0.771053,-0.000232,-2.355893,-0.003748,1.577579,0.774408,-0.061387,0.094159,0.020292,0.001370,-0.001632,0.012904,-0.000465
0.288132,-1.375967,0.438625,0.837248,0.087502,-0.317683,0.479121,-0.080868,-0.206889,-0.647033,0.307118,0.127785,0.082497,0.194400,0.062047,-0.001529,-0.770958,-0.000208,-2.355895,-0.003745,1.577595,0.774404,-0.060894,0.094478,0.021201,0.001171,-0.000507,0.013062,-0.001780
0.289063,-1.379650,0.443256,0.840664,0.089633,-0.318588,0.480346,-0.080511,-0.207296,-0.650495,0.308893,0.128324,0.081647,0.195851,0.061986,-0.001595,-0.770859,-0.000188,-2.355893,-0.003748,1.577611,0.774408,-0.062559,0.095691,0.020652,0.001631,-0.000481,0.013561,0.000528
0.290110,-1.385306,0.442087,0.841998,0.090305,-0.321812,0.483684,-0.080727,-0.207584,-0.652390,0.310952,0.127281,0.080736,0.197140,0.061926,-0.001658,-0.770770,-0.000165,-2.355897,-0.003752,1.577625,0.774404,-0.063676,0.093554,0.020833,0.000073,-0.001362,0.014390,-0.000858
0.291036,-1.393005,0.438588,0.846688,0.090915,-0.323028,0.485212,-0.080151,-0.207611,-0.651686,0.313426,0.125317,0.079827,0.198425,0.061871,-0.001723,-0.770673,-0.000138,-2.355897,-0.003751,1.577637,0.774405,-0.064251,0.094457,0.022276,-0.000025,-0.000169,0.013365,-0.001147
0.291997,-1.394067,0.435727,0.847597,0.091799,-0.324374,0.486325,-0.080865,-0.208229,-0.650162,0.315115,0.123721,0.078851,0.199831,0.061805,-0.001786,-0.770574,-0.000119,-2.355897,-0.003752,1.577654,0.774401,-0.063340,0.096308,0.021817,-0.000141,-0.000756,0.013878,-0.002944
0.293014,-1.394141,0.441640,0.852467,0.091049,-0.325851,0.488893,-0.081696,-0.209694,-0.651556,0.315705,0.124007,0.077795,0.201406,0.061729,-0.001857,-0.770475,-0.000092,-2.355899,-0.003754,1.577670,0.774401,-0.065828,0.097869,0.023285,-0.000472,-0.001262,0.014884,-0.002161
0.294107,-1.400420,0.440303,0.853731,0.092534,-0.327703,0.490541,-0.081677,-0.210885,-0.654941,0.316388,0.125226,0.076767,0.203058,0.061664,-0.001932,-0.770384,-0.000071,-2.355895,-0.003758,1.577682,0.774406,-0.068965,0.095177,0.022929,0.000744,-0.001734,0.014565,-0.001231
0.295211,-1.407754,0.439668,0.855203,0.094428,-0.329069,0.493479,-0.082979,-0.210853,-0.656172,0.318141,0.125002,0.075837,0.204664,0.061626,-0.002003,-0.770284,-0.000044,-2.355897,-0.003760,1.577697,0.774401,-0.069328,0.096196,0.024521,-0.000129,-0.001993,0.015353,-0.002029
0.295988,-1.410249,0.441924,0.858278,0.094503,-0.331098,0.494197,-0.082823,-0.210628,-0.655844,0.319437,0.124227,0.074915,0.206359,0.061612,-0.002071,-0.770188,-0.000016,-2.355901,-0.003761,1.577711,0.774404,-0.069248,0.096877,0.026007,-0.001356,-0.002771,0.014849,-0.000181
0.296947,-1.412605,0.440807,0.863170,0.092884,-0.332780,0.495556,-0.083584,-0.211359,-0.655493,0.318808,0.124292,0.073912,0.208283,0.061616,-0.002143,-0.770095,0.000009,-2.355902,-0.003764,1.577727,0.774402,-0.070254,0.095681,0.025947,-0.000965,-0.002210,0.015835,-0.001054
0.298150,-1.418790,0.442433,0.865839,0.096134,-0.335822,0.498432,-0.083677,-0.212344,-0.653217,0.317637,0.123378,0.072881,0.210228,0.061628,-0.002220,-0.769998,0.000033,-2.355897,-0.003768,1.577743,0.774404,-0.072001,0.096419,0.025423,0.001049,-0.002369,0.016580,-0.000194
0.299154,-1.427240,0.443209,0.868870,0.095597,-0.337623,0.500943,-0.084556,-0.212654,-0.648635,0.317410,0.120663,0.071910,0.212048,0.061634,-0.002296,-0.769901,0.000063,-2.355904,-0.003766,1.577756,0.774403,-0.072802,0.096100,0.026533,-0.001429,-0.001682,0.016378,-0.000858
0.300091,-1.428249,0.439980,0.870877,0.096710,-0.339764,0.503742,-0.084396,-0.212905,-0.642898,0.317303,0.117494,0.070953,0.213854,0.061617,-0.002367,-0.769806,0.000092,-2.355903,-0.003770,1.577772,0.774405,-0.071720,0.095952,0.026990,-0.000351,-0.001802,0.016077,0.000208
0.300980,-1.433900,0.441171,0.876754,0.096469,-0.340415,0.507492,-0.084745,-0.213855,-0.637296,0.316295,0.114733,0.069927,0.215683,0.061563,-0.002447,-0.769707,0.000122,-2.355905,-0.003772,1.577786,0.774402,-0.074126,0.097721,0.027844,-0.000919,-0.001502,0.015372,-0.000780
0.302097,-1.441793,0.440859,0.879450,0.098090,-0.345597,0.510741,-0.085430,-0.214850,-0.633443,0.315244,0.112823,0.068913,0.217513,0.061472,-0.002522,-0.769612,0.000147,-2.355903,-0.003777,1.577795,0.774402,-0.074826,0.097496,0.027156,-0.000083,-0.002953,0.013938,-0.000759
0.303087,-1.449244,0.445582,0.885405,0.098834,-0.348024,0.513390,-0.085777,-0.215438,-0.631686,0.314816,0.111887,0.067974,0.219371,0.061362,-0.002599,-0.769512,0.000180,-2.355905,-0.003772,1.577806,0.774403,-0.075529,0.098394,0.028666,-0.000896,-0.000448,0.013607,-0.000246
0.304049,-1.451981,0.441985,0.887389,0.099032,-0.349821,0.516159,-0.086064,-0.216136,-0.630790,0.314423,0.111539,0.067039,0.221298,0.061246,-0.002677,-0.769420,0.000209,-2.355907,-0.003775,1.577819,0.774402,-0.075806,0.096605,0.028178,-0.000891,-0.000381,0.013525,-0.000318
0.305120,-1.456472,0.443298,0.894850,0.099494,-0.352852,0.519158,-0.086903,-0.216984,-0.629782,0.314008,0.111271,0.066086,0.223294,0.061130,-0.002762,-0.769316,0.000240,-2.355903,-0.003781,1.577835,0.774401,-0.078241,0.098852,0.029604,-0.000500,-0.000830,0.013222,-0.000481
0.306099,-1.461761,0.443691,0.895120,0.099750,-0.354175,0.520046,-0.087337,-0.217100,-0.629760,0.314613,0.111122,0.065216,0.225337,0.061030,-0.002845,-0.769218,0.000267,-2.355904,-0.003782,1.577846,0.774403,-0.080337,0.098830,0.028616,-0.000189,-0.000345,0.013012,0.000375
0.306994,-1.462007,0.446071,0.901054,0.101060,-0.355056,0.522226,-0.087143,-0.216023,-0.631047,0.316720,0.110842,0.064477,0.227386,0.060953,-0.002931,-0.769117,0.000304,-2.355903,-0.003786,1.577865,0.774404,-0.081539,0.099115,0.030898,0.000205,-0.001337,0.014641,0.000477
0.308100,-1.466724,0.445550,0.901446,0.102600,-0.357200,0.523520,-0.087606,-0.213798,-0.632239,0.320060,0.109805,0.063839,0.229405,0.060888,-0.003024,-0.769020,0.000334,-2.355905,-0.003791,1.577878,0.774400,-0.084794,0.098293,0.030127,-0.000443,-0.002553,0.014757,-0.000594
0.309110,-1.476126,0.445542,0.907775,0.102348,-0.358538,0.525282,-0.088155,-0.210210,-0.633135,0.324591,0.108516,0.063329,0.231451,0.060830,-0.003114,-0.768919,0.000372,-2.355907,-0.003794,1.577895,0.774398,-0.086860,0.099262,0.032696,-0.001168,-0.003012,0.016319,-0.000502
0.310037,-1.482225,0.443633,0.908964,0.103061,-0.360576,0.528243,-0.088744,-0.205981,-0.634810,0.329326,0.107689,0.062858,0.233530,0.060796,-0.003200,-0.768818,0.000402,-2.355905,-0.003800,1.577912,0.774399,-0.086139,0.099786,0.032051,-0.000236,-0.004032,0.017142,-0.000186
0.311138,-1.490236,0.445758,0.916574,0.103497,-0.363277,0.531415,-0.089241,-0.202556,-0.638226,0.332848,0.107372,0.062244,0.235571,0.060797,-0.003287,-0.768713,0.000440,-2.355905,-0.003804,1.577927,0.774398,-0.086692,0.101080,0.033698,-0.000311,-0.004162,0.016550,0.000288
0.312034,-1.491328,0.445959,0.917938,0.105054,-0.364303,0.534252,-0.089838,-0.200599,-0.643458,0.334853,0.107493,0.061418,0.237558,0.060834,-0.003376,-0.768614,0.000470,-2.355903,-0.003805,1.577943,0.774400,-0.087106,0.100717,0.032686,-0.000016,-0.004084,0.016215,0.000420
0.313046,-1.494193,0.447225,0.921764,0.104275,-0.366676,0.536116,-0.089537,-0.199647,-0.649604,0.336215,0.108002,0.060456,0.239538,0.060907,-0.003473,-0.768513,0.000509,-2.355905,-0.003811,1.577957,0.774400,-0.089891,0.100946,0.034153,-0.000916,-0.005159,0.015681,0.000928
0.314246,-1.503238,0.452052,0.925563,0.105984,-0.370198,0.539681,-0.090366,-0.198797,-0.655481,0.337835,0.108424,0.059459,0.241503,0.061002,-0.003570,-0.768411,0.000545,-2.355901,-0.003814,1.577974,0.774395,-0.092343,0.100826,0.034719,0.000500,-0.005164,0.016425,-0.000452
0.315126,-1.507420,0.450685,0.929081,0.107145,-0.371381,0.541790,-0.091177,-0.197912,-0.659081,0.339563,0.107516,0.058392,0.243367,0.061107,-0.003665,-0.768314,0.000583,-2.355903,-0.003819,1.577991,0.774395,-0.092651,0.099310,0.035832,-0.000342,-0.004458,0.015952,0.000304
0.316049,-1.512459,0.449852,0.930177,0.105855,-0.373290,0.545210,-0.091103,-0.197573,-0.659524,0.340712,0.105256,0.057172,0.245171,0.061228,-0.003761,-0.768209,0.000619,-2.355905,-0.003825,1.578008,0.774398,-0.093812,0.100269,0.036169,-0.000843,-0.005330,0.016091,0.001239
0.317024,-1.513314,0.450425,0.935964,0.108512,-0.374998,0.547337,-0.092062,-0.198165,-0.658538,0.340762,0.102516,0.055758,0.246957,0.061371,-0.003858,-0.768107,0.000662,-2.355899,-0.003831,1.578023,0.774396,-0.094733,0.101049,0.037788,0.000981,-0.005558,0.015028,0.000368
0.317964,-1.521003,0.452542,0.938393,0.109802,-0.376567,0.549295,-0.091723,-0.199156,-0.657827,0.340255,0.099756,0.054223,0.248713,0.061523,-0.003964,-0.768005,0.000696,-2.355903,-0.003836,1.578041,0.774399,-0.097925,0.101209,0.037271,-0.000939,-0.006145,0.015407,0.001542
0.318991,-1.528498,0.450273,0.947885,0.109587,-0.378559,0.551102,-0.092788,-0.199739,-0.657982,0.340263,0.097997,0.052717,0.250563,0.061670,-0.004061,-0.767907,0.000736,-2.355905,-0.003845,1.578058,0.774396,-0.097573,0.100580,0.038305,-0.001516,-0.006729,0.015857,0.000128
0.320097,-1.536109,0.452847,0.949719,0.110884,-0.380107,0.554995,-0.092404,-0.199828,-0.659127,0.341414,0.097511,0.051287,0.252533,0.061799,-0.004158,-0.767800,0.000768,-2.355903,-0.003853,1.578078,0.774399,-0.097784,0.102218,0.036107,-0.000612,-0.007108,0.016666,0.001482
0.320995,-1.538877,0.451935,0.952050,0.110207,-0.383725,0.557440,-0.092861,-0.199567,-0.661369,0.344006,0.097700,0.049929,0.254518,0.061902,-0.004256,-0.767698,0.000810,-2.355905,-0.003862,1.578095,0.774396,-0.098329,0.101596,0.037926,-0.001106,-0.008121,0.015602,-0.000152
0.321971,-1.545418,0.452638,0.952332,0.111178,-0.385161,0.560147,-0.093132,-0.199366,-0.664033,0.347058,0.097877,0.048587,0.256448,0.061979,-0.004361,-0.767595,0.000851,-2.355903,-0.003867,1.578111,0.774395,-0.100186,0.102373,0.038846,0.000173,-0.006580,0.015469,0.000092
0.323079,-1.551613,0.450223,0.958786,0.111613,-0.388710,0.562509,-0.093520,-0.199888,-0.666425,0.348855,0.097404,0.047153,0.258267,0.062032,-0.004464,-0.767492,0.000896,-2.355903,-0.003877,1.578126,0.774394,-0.100530,0.102464,0.040993,-0.000131,-0.007403,0.015270,-0.000117
0.324062,-1.558267,0.453552,0.964451,0.113053,-0.388505,0.565625,-0.093665,-0.201319,-0.669543,0.348813,0.096745,0.045605,0.259991,0.062063,-0.004568,-0.767386,0.000936,-2.355901,-0.003882,1.578145,0.774394,-0.101725,0.104321,0.040460,0.000163,-0.006432,0.015757,-0.000195
0.324988,-1.561411,0.450274,0.967594,0.113878,-0.392302,0.568689,-0.094211,-0.202878,-0.674140,0.348321,0.096618,0.044070,0.261683,0.062071,-0.004671,-0.767285,0.000974,-2.355903,-0.003895,1.578163,0.774396,-0.102068,0.103102,0.040015,-0.000549,-0.008892,0.015145,-0.000675
0.326078,-1.565943,0.451522,0.970972,0.113936,-0.394325,0.570394,-0.094731,-0.203672,-0.679974,0.348941,0.097414,0.042687,0.263417,0.062055,-0.004780,-0.767173,0.001015,-2.355903,-0.003902,1.578179,0.774395,-0.103821,0.105026,0.040626,-0.000722,-0.007205,0.014447,-0.000282
0.327062,-1.572739,0.451431,0.975995,0.114567,-0.395747,0.571685,-0.095187,-0.203416,-0.687336,0.350814,0.099264,0.041494,0.265203,0.062015,-0.004889,-0.767068,0.001059,-2.355901,-0.003909,1.578198,0.774396,-0.105684,0.105004,0.041565,-0.000060,-0.007734,0.015554,-0.000087
0.327996,-1.576378,0.451925,0.980146,0.115456,-0.398521,0.573398,-0.095988,-0.202100,-0.695595,0.353729,0.101300,0.040451,0.266935,0.061941,-0.004995,-0.766961,0.001100,-2.355899,-0.003918,1.578217,0.774395,-0.105906,0.105458,0.041382,-0.000063,-0.008580,0.016776,0.000071
0.329058,-1.583411,0.452432,0.984670,0.116313,-0.401220,0.575766,-0.095477,-0.199768,-0.703605,0.357793,0.102819,0.039525,0.268564,0.061831,-0.005102,-0.766853,0.001142,-2.355900,-0.003928,1.578237,0.774397,-0.107485,0.105515,0.041507,-0.000269,-0.007930,0.017423,0.000954
0.330046,-1.590028,0.451917,0.988133,0.116045,-0.402011,0.577388,-0.096841,-0.196530,-0.710966,0.363017,0.103866,0.038688,0.270126,0.061697,-0.005211,-0.766748,0.001183,-2.355902,-0.003934,1.578256,0.774391,-0.107945,0.105833,0.041813,-0.000346,-0.007708,0.017773,-0.000892
0.331107,-1.590757,0.449879,0.993439,0.115694,-0.405323,0.580876,-0.096193,-0.192962,-0.717443,0.368731,0.104272,0.037838,0.271606,0.061548,-0.005322,-0.766638,0.001227,-2.355902,-0.003947,1.578276,0.774396,-0.108241,0.106482,0.042413,0.000632,-0.009173,0.018671,0.001094
0.332027,-1.594264,0.451343,0.992174,0.118395,-0.406577,0.580958,-0.097303,-0.189065,-0.723503,0.374947,0.103674,0.036962,0.272924,0.061393,-0.005438,-0.766529,0.001269,-2.355898,-0.003954,1.578292,0.774391,-0.111805,0.108020,0.042308,0.001638,-0.008302,0.017898,-0.001040
0.333016,-1.600546,0.449945,0.995392,0.119605,-0.408339,0.583425,-0.097137,-0.184434,-0.730086,0.381759,0.102679,0.036122,0.274133,0.061234,-0.005556,-0.766421,0.001321,-2.355904,-0.003963,1.578315,0.774394,-0.113214,0.107559,0.045004,-0.000314,-0.009177,0.020161,0.000496
0.334041,-1.606835,0.449128,0.998449,0.119486,-0.410012,0.585664,-0.096886,-0.179964,-0.737941,0.387477,0.102900,0.035248,0.275442,0.061077,-0.005671,-0.766309,0.001368,-2.355906,-0.003974,1.578334,0.774389,-0.113624,0.108626,0.045663,-0.000762,-0.009673,0.020193,-0.000604
0.335087,-1.609096,0.453389,1.003723,0.119894,-0.414513,0.588264,-0.098154,-0.176729,-0.747573,0.390833,0.104970,0.034230,0.276939,0.060926,-0.005786,-0.766200,0.001416,-2.355905,-0.003985,1.578355,0.774387,-0.114207,0.109491,0.046522,0.000048,-0.010334,0.020567,-0.001887
0.336028,-1.616699,0.449961,1.005180,0.121026,-0.415982,0.590090,-0.098079,-0.174471,-0.757219,0.392646,0.107317,0.033059,0.278497,0.060795,-0.005909,-0.766095,0.001461,-2.355905,-0.003990,1.578377,0.774393,-0.116850,0.107878,0.046349,0.000368,-0.008262,0.020619,-0.000152
0.336988,-1.621012,0.453664,1.009592,0.119477,-0.418123,0.592182,-0.098856,-0.172778,-0.765027,0.393761,0.108756,0.031740,0.280038,0.060689,-0.006023,-0.765982,0.001514,-2.355905,-0.004001,1.578400,0.774390,-0.116344,0.109892,0.047722,-0.000114,-0.008960,0.021170,-0.001042
0.338046,-1.625615,0.453189,1.011987,0.121691,-0.420003,0.594239,-0.099112,-0.172036,-0.770727,0.393905,0.108879,0.030202,0.281507,0.060600,-0.006144,-0.765875,0.001562,-2.355899,-0.004009,1.578423,0.774391,-0.117542,0.108370,0.047693,0.001996,-0.009026,0.021495,-0.000215
0.339042,-1.629844,0.451614,1.016683,0.123032,-0.421946,0.595751,-0.099876,-0.172296,-0.773297,0.393139,0.106854,0.028423,0.282835,0.060523,-0.006266,-0.765763,0.001616,-2.355901,-0.004022,1.578446,0.774387,-0.119063,0.109112,0.048913,0.000530,-0.009554,0.022124,-0.000511
0.339989,-1.633835,0.451057,1.019505,0.123650,-0.423163,0.598996,-0.099494,-0.173076,-0.774384,0.392045,0.104194,0.026517,0.284171,0.060454,-0.006390,-0.765651,0.001666,-2.355903,-0.004033,1.578473,0.774390,-0.120429,0.110279,0.048831,-0.000068,-0.009885,0.023113,0.000248
0.341059,-1.639373,0.451233,1.022417,0.123505,-0.425465,0.599509,-0.101018,-0.173983,-0.776952,0.391167,0.103029,0.024600,0.285696,0.060391,-0.006517,-0.765537,0.001717,-2.355904,-0.004046,1.578490,0.774385,-0.121639,0.110813,0.049546,0.000008,-0.010808,0.022268,-0.001246
0.342024,-1.643083,0.453408,1.022287,0.124500,-0.430038,0.601634,-0.101226,-0.175028,-0.780988,0.390494,0.103010,0.022684,0.287363,0.060338,-0.006640,-0.765425,0.001772,-2.355902,-0.004056,1.578518,0.774391,-0.122733,0.111216,0.050529,0.000870,-0.010954,0.024473,0.000991
0.342978,-1.646668,0.451033,1.026283,0.125860,-0.429621,0.604679,-0.101228,-0.176839,-0.784693,0.388897,0.102739,0.020672,0.289031,0.060296,-0.006768,-0.765318,0.001828,-2.355903,-0.004060,1.578543,0.774391,-0.124156,0.110497,0.052711,0.000555,-0.008622,0.024750,0.000639
0.344040,-1.652393,0.455638,1.029915,0.126761,-0.434320,0.607640,-0.101771,-0.179747,-0.787518,0.385670,0.102240,0.018532,0.290715,0.060239,-0.006898,-0.765202,0.001881,-2.355903,-0.004075,1.578564,0.774389,-0.125569,0.111954,0.052811,-0.000138,-0.011218,0.024112,-0.000090
0.345054,-1.654902,0.452201,1.031984,0.129066,-0.438182,0.609641,-0.101308,-0.183297,-0.789603,0.381596,0.102240,0.016351,0.292517,0.060145,-0.007026,-0.765096,0.001935,-2.355903,-0.004080,1.578590,0.774390,-0.126471,0.110179,0.053414,-0.000289,-0.008963,0.023835,0.000185
0.346040,-1.656522,0.452663,1.032523,0.129182,-0.439261,0.612147,-0.102585,-0.187096,-0.790912,0.377315,0.103176,0.014187,0.294492,0.060014,-0.007160,-0.764981,0.001992,-2.355907,-0.004088,1.578615,0.774385,-0.128679,0.112295,0.054633,-0.001813,-0.007456,0.024392,-0.001523
0.347022,-1.663390,0.451087,1.037493,0.127477,-0.442658,0.615430,-0.102490,-0.190907,-0.793095,0.372699,0.105955,0.012079,0.296667,0.059861,-0.007297,-0.764868,0.002053,-2.355907,-0.004102,1.578641,0.774388,-0.131141,0.112384,0.056482,-0.001219,-0.008621,0.024353,0.000295
0.347955,-1.665357,0.449536,1.037063,0.128847,-0.442915,0.617759,-0.103951,-0.194556,-0.796201,0.367816,0.109489,0.010015,0.298867,0.059716,-0.007428,-0.764752,0.002108,-2.355901,-0.004107,1.578664,0.774385,-0.131014,0.113486,0.056155,0.001051,-0.007501,0.023540,-0.000664
0.349052,-1.668715,0.451372,1.041059,0.127530,-0.445328,0.620824,-0.103501,-0.198218,-0.799331,0.362709,0.112147,0.007940,0.300913,0.059603,-0.007566,-0.764635,0.002169,-2.355902,-0.004119,1.578690,0.774388,-0.133053,0.114457,0.058349,0.000328,-0.009386,0.023555,0.001556
0.350052,-1.669588,0.452772,1.046189,0.128257,-0.447561,0.622153,-0.104124,-0.201809,-0.802042,0.357418,0.113523,0.005870,0.302786,0.059534,-0.007707,-0.764523,0.002230,-2.355898,-0.004124,1.578712,0.774383,-0.135162,0.114069,0.058772,0.002340,-0.009526,0.023279,-0.000207
0.351045,-1.674572,0.450374,1.049062,0.130295,-0.450695,0.624661,-0.104310,-0.204269,-0.802112,0.353410,0.112338,0.003926,0.304409,0.059514,-0.007851,-0.764409,0.002287,-2.355898,-0.004134,1.578736,0.774384,-0.137995,0.113721,0.058398,0.002300,-0.009591,0.024485,0.000288
0.352075,-1.677960,0.449904,1.052271,0.132896,-0.454267,0.628026,-0.104431,-0.204748,-0.799562,0.352154,0.109166,0.002238,0.305862,0.059540,-0.007992,-0.764289,0.002348,-2.355898,-0.004140,1.578760,0.774383,-0.138749,0.115218,0.059112,0.000949,-0.008756,0.024469,-0.000110
0.352995,-1.681039,0.452012,1.056513,0.133217,-0.455385,0.629848,-0.105239,-0.203738,-0.797889,0.353108,0.107400,0.000831,0.307495,0.059597,-0.008137,-0.764172,0.002409,-2.355904,-0.004146,1.578783,0.774381,-0.140463,0.115807,0.059739,-0.000802,-0.007591,0.023703,-0.000656
0.353996,-1.687378,0.450080,1.061142,0.133024,-0.458019,0.630802,-0.105403,-0.201743,-0.798080,0.355711,0.108524,-0.000318,0.309497,0.059679,-0.008282,-0.764059,0.002469,-2.355903,-0.004156,1.578810,0.774384,-0.141768,0.114971,0.059552,-0.000488,-0.008595,0.024183,0.000258
0.355092,-1.691045,0.451728,1.059313,0.133471,-0.461694,0.632945,-0.106145,-0.198882,-0.798193,0.360178,0.110887,-0.001274,0.311701,0.059784,-0.008427,-0.763941,0.002528,-2.355899,-0.004161,1.578839,0.774383,-0.141848,0.116264,0.059412,0.000311,-0.008288,0.025740,-0.000195
0.356005,-1.693218,0.452079,1.063267,0.134123,-0.463470,0.634858,-0.105709,-0.196084,-0.797111,0.365195,0.112717,-0.002231,0.313864,0.059897,-0.008576,-0.763827,0.002599,-2.355898,-0.004166,1.578867,0.774384,-0.143722,0.115939,0.062680,0.000620,-0.007182,0.026339,0.000448
0.357046,-1.694897,0.452857,1.069105,0.137056,-0.465660,0.636919,-0.107058,-0.194198,-0.794012,0.369001,0.113211,-0.003353,0.315901,0.059997,-0.008726,-0.763709,0.002661,-2.355897,-0.004172,1.578895,0.774380,-0.145378,0.115925,0.062551,0.000560,-0.007537,0.026688,-0.001129
0.358093,-1.703434,0.450430,1.071890,0.135920,-0.468435,0.639239,-0.106902,-0.192279,-0.788922,0.372844,0.113055,-0.004515,0.317924,0.060090,-0.008878,-0.763594,0.002723,-2.355902,-0.004179,1.578923,0.774385,-0.147923,0.115946,0.061892,-0.001543,-0.007770,0.027238,0.000780
0.359099,-1.707370,0.452611,1.074666,0.137061,-0.470974,0.641810,-0.107968,-0.189505,-0.783360,0.378242,0.113469,-0.005576,0.320045,0.060191,-0.009026,-0.763472,0.002789,-2.355898,-0.004186,1.578951,0.774382,-0.147079,0.117517,0.062747,0.000266,-0.007422,0.027542,-0.000356
0.359999,-1.710646,0.452630,1.074779,0.138099,-0.474055,0.643824,-0.108601,-0.186766,-0.777650,0.384129,0.113998,-0.006647,0.322183,0.060289,-0.009176,-0.763357,0.002854,-2.355898,-0.004196,1.578980,0.774383,-0.148352,0.116747,0.063486,-0.000195,-0.007193,0.027476,0.001023
0.361020,-1.712509,0.450689,1.078936,0.138966,-0.475957,0.646345,-0.109129,-0.184959,-0.770734,0.389021,0.113978,-0.007835,0.324296,0.060362,-0.009328,-0.763241,0.002922,-2.355900,-0.004201,1.579007,0.774383,-0.149371,0.116905,0.065220,-0.000554,-0.006203,0.027702,0.001587
0.362010,-1.713155,0.455277,1.081398,0.139488,-0.478675,0.649058,-0.109239,-0.183969,-0.763128,0.392676,0.114007,-0.009099,0.326451,0.060392,-0.009484,-0.763121,0.002988,-2.355900,-0.004209,1.579034,0.774384,-0.151683,0.118211,0.065270,-0.000706,-0.006673,0.027734,0.001849
0.363019,-1.719654,0.453497,1.088006,0.138617,-0.480479,0.651443,-0.109042,-0.182734,-0.754931,0.396338,0.114084,-0.010295,0.328645,0.060375,-0.009644,-0.763011,0.003057,-2.355900,-0.004215,1.579062,0.774382,-0.154390,0.116264,0.066078,-0.000532,-0.006255,0.027492,0.001308
0.364091,-1.725597,0.451916,1.092593,0.141538,-0.482638,0.653772,-0.109435,-0.180349,-0.744160,0.401463,0.112691,-0.011338,0.330739,0.060318,-0.009801,-0.762891,0.003122,-2.355896,-0.004225,1.579090,0.774379,-0.154259,0.117486,0.064885,0.000964,-0.006781,0.027633,0.000144
0.365011,-1.729817,0.451755,1.090884,0.139977,-0.486060,0.656781,-0.109770,-0.176880,-0.732000,0.408606,0.110186,-0.012208,0.332697,0.060234,-0.009955,-0.762768,0.003189,-2.355901,-0.004234,1.579119,0.774379,-0.154798,0.118646,0.064897,-0.001108,-0.007092,0.027990,0.000114
0.365966,-1.729236,0.451034,1.088746,0.142177,-0.488477,0.659845,-0.110628,-0.173460,-0.721039,0.416266,0.108166,-0.012998,0.334600,0.060136,-0.010113,-0.762649,0.003263,-2.355896,-0.004235,1.579146,0.774379,-0.155385,0.118869,0.067552,0.001002,-0.005840,0.027262,0.000075
0.366989,-1.729977,0.446844,1.091855,0.140792,-0.491713,0.661940,-0.110264,-0.171625,-0.711253,0.421380,0.106639,-0.013926,0.336454,0.060024,-0.010279,-0.762527,0.003338,-2.355900,-0.004242,1.579173,0.774382,-0.158477,0.119414,0.070472,-0.000473,-0.005653,0.026583,0.001055
0.368012,-1.732092,0.447467,1.098099,0.140325,-0.493071,0.664644,-0.110301,-0.171378,-0.703478,0.423065,0.105802,-0.015019,0.338264,0.059890,-0.010445,-0.762402,0.003411,-2.355894,-0.004246,1.579199,0.774378,-0.161212,0.121792,0.070976,0.001526,-0.004815,0.027072,-0.000471
0.369065,-1.735174,0.450281,1.100896,0.141082,-0.494800,0.668239,-0.110238,-0.171080,-0.698390,0.423850,0.105032,-0.016103,0.339919,0.059734,-0.010616,-0.762280,0.003478,-2.355890,-0.004254,1.579226,0.774376,-0.163200,0.121744,0.069986,0.002599,-0.005848,0.026924,-0.001171
0.370047,-1.738733,0.448909,1.104792,0.144101,-0.496801,0.669652,-0.111206,-0.169484,-0.693477,0.426339,0.102580,-0.017048,0.341321,0.059574,-0.010782,-0.762160,0.003550,-2.355889,-0.004263,1.579250,0.774376,-0.164924,0.120701,0.070777,0.002557,-0.006542,0.025985,-0.002108
0.371036,-1.740255,0.449912,1.105208,0.144490,-0.500291,0.671650,-0.110991,-0.166714,-0.687356,0.430880,0.099050,-0.017833,0.342667,0.059428,-0.010953,-0.762038,0.003623,-2.355893,-0.004270,1.579282,0.774378,-0.165994,0.121641,0.070787,0.000300,-0.006817,0.027018,-0.000916
0.371983,-1.742791,0.449732,1.107571,0.144359,-0.502488,0.672489,-0.111527,-0.163536,-0.681356,0.436459,0.096477,-0.018503,0.344188,0.059303,-0.011125,-0.761918,0.003698,-2.355891,-0.004272,1.579310,0.774373,-0.168109,0.121381,0.072547,0.000572,-0.005654,0.027484,-0.002111
0.373172,-1.748141,0.455767,1.111166,0.147487,-0.505416,0.674609,-0.111881,-0.160643,-0.675275,0.441888,0.094548,-0.019183,0.345821,0.059206,-0.011296,-0.761795,0.003773,-2.355889,-0.004275,1.579341,0.774375,-0.169508,0.121635,0.073180,0.001315,-0.005706,0.028995,-0.001757
0.373978,-1.745694,0.452439,1.112104,0.147213,-0.506853,0.677291,-0.112507,-0.158454,-0.667034,0.446572,0.091970,-0.019987,0.347453,0.059142,-0.011471,-0.761679,0.003850,-2.355894,-0.004280,1.579370,0.774375,-0.170669,0.119250,0.073900,-0.000877,-0.005572,0.029865,-0.001974
0.374979,-1.751231,0.451206,1.114169,0.146089,-0.508301,0.680430,-0.113288,-0.156841,-0.655865,0.450707,0.088888,-0.020917,0.349138,0.059112,-0.011652,-0.761555,0.003928,-2.355894,-0.004283,1.579398,0.774378,-0.173757,0.120852,0.074818,-0.000011,-0.006037,0.029148,-0.001344
0.375978,-1.751194,0.450368,1.115838,0.147792,-0.511506,0.681874,-0.113200,-0.155590,-0.643390,0.454435,0.085393,-0.021969,0.350821,0.059117,-0.011825,-0.761433,0.004007,-2.355889,-0.004291,1.579425,0.774379,-0.173877,0.121717,0.075730,0.001686,-0.006904,0.028516,-0.000556
0.377114,-1.752873,0.449266,1.115192,0.149690,-0.513439,0.685417,-0.114791,-0.154901,-0.631479,0.457409,0.081437,-0.023167,0.352412,0.059149,-0.012008,-0.761310,0.004085,-2.355889,-0.004298,1.579454,0.774373,-0.176716,0.122372,0.076847,0.000651,-0.006006,0.029579,-0.001492
0.377981,-1.751978,0.449430,1.117093,0.149371,-0.514734,0.686418,-0.114353,-0.154867,-0.621962,0.459094,0.078538,-0.024471,0.354055,0.059201,-0.012192,-0.761184,0.004170,-2.355892,-0.004304,1.579482,0.774377,-0.179334,0.123373,0.079439,-0.000386,-0.006737,0.028880,0.000830
0.378966,-1.756430,0.452847,1.118827,0.151352,-0.517311,0.688574,-0.115154,-0.155251,-0.615571,0.459327,0.077636,-0.025817,0.355860,0.059266,-0.012380,-0.761061,0.004253,-2.355889,-0.004311,1.579514,0.774373,-0.181855,0.123298,0.079974,0.000510,-0.007448,0.030012,-0.000736
0.380079,-1.759924,0.450268,1.123667,0.148653,-0.520497,0.692382,-0.115163,-0.155894,-0.609864,0.458542,0.077444,-0.027194,0.357749,0.059328,-0.012566,-0.760941,0.004336,-2.355893,-0.004318,1.579545,0.774374,-0.182304,0.121828,0.080956,-0.000713,-0.007153,0.030292,0.000125
0.380992,-1.760931,0.445539,1.122052,0.152843,-0.522597,0.694764,-0.116270,-0.156848,-0.602316,0.457322,0.076133,-0.028638,0.359571,0.059382,-0.012751,-0.760816,0.004418,-2.355885,-0.004322,1.579572,0.774372,-0.183896,0.123571,0.080763,0.002623,-0.006581,0.029273,-0.000721
0.381979,-1.763749,0.447653,1.124828,0.150948,-0.523703,0.696651,-0.116291,-0.158176,-0.595305,0.455770,0.074460,-0.030156,0.361328,0.059437,-0.012942,-0.760685,0.004503,-2.355893,-0.004328,1.579602,0.774375,-0.185660,0.125944,0.083203,-0.000810,-0.006612,0.029156,0.000801
0.383132,-1.766867,0.443328,1.126189,0.152316,-0.526473,0.699590,-0.117364,-0.160053,-0.591793,0.453371,0.074438,-0.031736,0.363171,0.059494,-0.013131,-0.760559,0.004589,-2.355885,-0.004338,1.579635,0.774373,-0.186911,0.125039,0.083610,0.001648,-0.007774,0.029710,0.000066
0.384064,-1.769540,0.445837,1.127600,0.154105,-0.529179,0.702182,-0.117509,-0.162450,-0.590986,0.450074,0.075490,-0.033381,0.365029,0.059547,-0.013324,-0.760428,0.004679,-2.355887,-0.004346,1.579667,0.774374,-0.188786,0.127642,0.085199,0.001082,-0.007675,0.029645,0.001342
0.385003,-1.771400,0.445600,1.126035,0.155111,-0.530584,0.704677,-0.117598,-0.165275,-0.592415,0.445995,0.077466,-0.035060,0.366895,0.059579,-0.013518,-0.760302,0.004766,-2.355890,-0.004352,1.579698,0.774375,-0.189762,0.126446,0.086120,0.000026,-0.007132,0.029348,0.000893
0.386202,-1.776579,0.447912,1.130371,0.156543,-0.533147,0.706655,-0.118885,-0.168895,-0.594902,0.440529,0.080801,-0.036779,0.368908,0.059560,-0.013711,-0.760174,0.004859,-2.355891,-0.004362,1.579726,0.774370,-0.191212,0.126661,0.088522,-0.000301,-0.007888,0.029192,0.000368
0.387158,-1.776258,0.446265,1.130137,0.157568,-0.534900,0.709136,-0.119038,-0.173523,-0.596320,0.433423,0.084809,-0.038564,0.371092,0.059480,-0.013908,-0.760048,0.004945,-2.355891,-0.004371,1.579759,0.774374,-0.192244,0.126052,0.088759,-0.000894,-0.008092,0.030223,0.002023
0.388053,-1.779251,0.444023,1.133676,0.156343,-0.537443,0.709863,-0.118818,-0.178656,-0.596271,0.425528,0.089203,-0.040351,0.373439,0.059355,-0.014109,-0.759920,0.005040,-2.355891,-0.004382,1.579789,0.774373,-0.194775,0.126996,0.090504,-0.001246,-0.008524,0.030103,0.001578
0.389106,-1.779553,0.444381,1.134574,0.158488,-0.539618,0.711835,-0.119022,-0.183555,-0.595508,0.418034,0.093526,-0.042071,0.375843,0.059195,-0.014306,-0.759790,0.005131,-2.355887,-0.004387,1.579825,0.774370,-0.195370,0.128099,0.090208,0.000517,-0.008064,0.031560,0.000451
0.390116,-1.784800,0.444369,1.133080,0.159253,-0.542032,0.713330,-0.119277,-0.187695,-0.594606,0.411853,0.097151,-0.043686,0.378166,0.059001,-0.014510,-0.759660,0.005226,-2.355890,-0.004394,1.579859,0.774370,-0.198039,0.128162,0.091677,-0.000835,-0.008337,0.032182,0.000057
0.391017,-1.786433,0.445056,1.135291,0.160087,-0.543229,0.714775,-0.119415,-0.196046,-0.591693,0.399558,0.103352,-0.046914,0.382705,0.058546,-0.014912,-0.759403,0.005418,-2.355893,-0.004414,1.579927,0.774368,-0.199301,0.128031,0.094522,-0.001030,-0.009105,0.033929,-0.000620
0.392099,-1.786282,0.441902,1.137410,0.158978,-0.546078,0.717101,-0.119864,-0.196046,-0.591693,0.399558,0.103352,-0.046914,0.382705,0.058546,-0.014912,-0.759403,0.005418,-2.355893,-0.004414,1.579927,0.774368,-0.199301,0.128031,0.094522,-0.001030,-0.009105,0.033929,-0.000620
0.392985,-1.784900,0.444112,1.136527,0.160359,-0.547116,0.719151,-0.120455,-0.200941,-0.588689,0.392553,0.105346,-0.048651,0.384860,0.058318,-0.015123,-0.759270,0.005517,-2.355888,-0.004422,1.579962,0.774368,-0.202270,0.129892,0.095400,0.000751,-0.008752,0.034278,-0.000554
0.393989,-1.788409,0.442515,1.139707,0.162059,-0.550580,0.722321,-0.120177,-0.205059,-0.584752,0.386616,0.105858,-0.050342,0.386810,0.058122,-0.015332,-0.759146,0.005618,-2.355888,-0.004435,1.579994,0.774368,-0.204872,0.128795,0.097197,-0.000044,-0.009721,0.034396,-0.000049
0.395087,-1.789906,0.443601,1.138369,0.162692,-0.553428,0.725342,-0.121345,-0.208232,-0.580003,0.381892,0.105621,-0.051934,0.388673,0.057970,-0.015541,-0.759013,0.005717,-2.355891,-0.004440,1.580023,0.774365,-0.205591,0.129749,0.097302,-0.000967,-0.008577,0.033717,-0.001381
0.396083,-1.790559,0.441567,1.135562,0.163181,-0.555075,0.727525,-0.120759,-0.211103,-0.575063,0.377693,0.105843,-0.053469,0.390629,0.057874,-0.015752,-0.758881,0.005822,-2.355892,-0.004452,1.580055,0.774367,-0.207813,0.129494,0.099899,-0.000810,-0.008251,0.033437,0.000129
0.396994,-1.789532,0.441992,1.138602,0.162975,-0.556710,0.729600,-0.121833,-0.214690,-0.570425,0.372303,0.106679,-0.055084,0.392696,0.057839,-0.015968,-0.758751,0.005931,-2.355892,-0.004461,1.580089,0.774361,-0.209860,0.130675,0.102879,-0.000599,-0.008907,0.033711,-0.001822
0.398053,-1.791037,0.443327,1.143983,0.163528,-0.559431,0.731951,-0.121528,-0.219206,-0.566067,0.365195,0.107513,-0.056827,0.394782,0.057859,-0.016189,-0.758620,0.006031,-2.355888,-0.004470,1.580122,0.774365,-0.212279,0.130455,0.102759,0.000155,-0.009361,0.033863,-0.000358
0.399025,-1.791327,0.444444,1.137318,0.164863,-0.562154,0.734448,-0.122869,-0.223342,-0.560789,0.358908,0.107202,-0.058557,0.396767,0.057931,-0.016406,-0.758492,0.006132,-2.355889,-0.004479,1.580156,0.774361,-0.214196,0.130066,0.101898,0.000373,-0.009075,0.034136,-0.001798
0.400047,-1.789662,0.443500,1.138426,0.166321,-0.565198,0.737569,-0.122493,-0.226867,-0.553255,0.354131,0.105224,-0.060262,0.398636,0.058045,-0.016630,-0.758362,0.006249,-2.355890,-0.004485,1.580190,0.774366,-0.216226,0.129625,0.106692,-0.000279,-0.008611,0.034021,0.000153
0.401063,-1.789150,0.441870,1.139602,0.167030,-0.567148,0.739742,-0.123885,-0.231059,-0.544163,0.348401,0.102702,-0.062092,0.400523,0.058175,-0.016852,-0.758230,0.006359,-2.355892,-0.004494,1.580222,0.774363,-0.219479,0.130273,0.107714,-0.000977,-0.007911,0.033400,-0.001398
0.402068,-1.786118,0.435912,1.138409,0.164764,-0.568541,0.740773,-0.123396,-0.235846,-0.535632,0.341577,0.101098,-0.064007,0.402545,0.058315,-0.017083,-0.758096,0.006471,-2.355892,-0.004502,1.580257,0.774366,-0.221607,0.131083,0.108475,-0.000970,-0.008041,0.033160,0.000870
0.402973,-1.787762,0.437460,1.140386,0.167270,-0.571537,0.741842,-0.123860,-0.240372,-0.529900,0.335099,0.100436,-0.065893,0.404580,0.058473,-0.017316,-0.757954,0.006587,-2.355884,-0.004512,1.580294,0.774363,-0.224933,0.133971,0.110350,0.001837,-0.008686,0.034028,-0.000669
0.404080,-1.788221,0.438707,1.142642,0.168383,-0.574988,0.744287,-0.124518,-0.244486,-0.527911,0.329393,0.100012,-0.067748,0.406454,0.058646,-0.017543,-0.757823,0.006699,-2.355887,-0.004519,1.580327,0.774363,-0.225494,0.133009,0.110395,-0.000009,-0.007528,0.034660,-0.000203
0.404993,-1.787941,0.439456,1.140498,0.168690,-0.576020,0.746908,-0.124587,-0.248333,-0.528113,0.324827,0.099835,-0.069572,0.408237,0.058824,-0.017777,-0.757689,0.006811,-2.355889,-0.004526,1.580363,0.774365,-0.227547,0.132527,0.110854,-0.000298,-0.006359,0.034316,0.000518
0.405975,-1.791435,0.436591,1.140908,0.168667,-0.576325,0.747567,-0.124985,-0.252203,-0.527963,0.321271,0.099561,-0.071394,0.410010,0.059001,-0.018011,-0.757557,0.006928,-2.355889,-0.004536,1.580397,0.774361,-0.229044,0.132013,0.112948,0.000037,-0.007185,0.033407,0.000175
0.407066,-1.787477,0.436459,1.138819,0.169511,-0.577054,0.750198,-0.124428,-0.256857,-0.526732,0.317522,0.098551,-0.073320,0.411707,0.059155,-0.018239,-0.757422,0.007047,-2.355887,-0.004547,1.580434,0.774364,-0.229038,0.133395,0.113910,0.000705,-0.008855,0.034611,0.000442
0.408077,-1.791169,0.433542,1.139253,0.171306,-0.582074,0.751814,-0.125689,-0.262573,-0.525636,0.312829,0.097003,-0.075363,0.413281,0.059276,-0.018481,-0.757287,0.007166,-2.355887,-0.004561,1.580465,0.774359,-0.233150,0.133549,0.116423,0.000613,-0.010306,0.034065,-0.001249
0.409064,-1.788421,0.437189,1.139760,0.170404,-0.583241,0.755533,-0.125398,-0.269020,-0.526443,0.307114,0.096072,-0.077441,0.414829,0.059365,-0.018715,-0.757148,0.007286,-2.355890,-0.004562,1.580500,0.774360,-0.233079,0.134939,0.117420,-0.000401,-0.007371,0.034373,0.000765
0.409979,-1.793662,0.437062,1.142186,0.171924,-0.584203,0.755098,-0.125956,-0.275941,-0.528738,0.300687,0.095821,-0.079519,0.416431,0.059436,-0.018959,-0.757019,0.007408,-2.355887,-0.004574,1.580533,0.774358,-0.236073,0.133092,0.118312,0.001129,-0.008220,0.032509,-0.000363
0.411027,-1.787831,0.435045,1.138701,0.172766,-0.586969,0.756583,-0.126325,-0.289668,-0.528141,0.289319,0.092079,-0.083617,0.419605,0.059573,-0.019443,-0.756748,0.007656,-2.355889,-0.004592,1.580609,0.774360,-0.239558,0.134049,0.121083,0.000163,-0.008468,0.035153,0.000450
0.412060,-1.789057,0.433983,1.140886,0.174193,-0.587511,0.758313,-0.125900,-0.289668,-0.528141,0.289319,0.092079,-0.083617,0.419605,0.059573,-0.019443,-0.756748,0.007656,-2.355889,-0.004592,1.580609,0.774360,-0.239558,0.134049,0.121083,0.000163,-0.008468,0.035153,0.000450
0.413083,-1.790142,0.432513,1.140754,0.174788,-0.588972,0.759912,-0.126771,-0.295681,-0.527772,0.284837,0.090234,-0.085549,0.421283,0.059651,-0.019690,-0.756613,0.007775,-2.355890,-0.004606,1.580649,0.774355,-0.240673,0.134584,0.121273,-0.000507,-0.009995,0.035353,-0.000947
0.413960,-1.787157,0.427787,1.144062,0.176150,-0.590500,0.762057,-0.126890,-0.300556,-0.529906,0.281459,0.089886,-0.087337,0.423087,0.059733,-0.019933,-0.756475,0.007899,-2.355890,-0.004617,1.580687,0.774359,-0.241894,0.135279,0.122572,-0.000380,-0.010593,0.035674,0.000260
0.415062,-1.787562,0.430555,1.143863,0.176526,-0.591319,0.764866,-0.126839,-0.303959,-0.536002,0.279947,0.091737,-0.088930,0.425011,0.059820,-0.020187,-0.756335,0.008021,-2.355892,-0.004628,1.580722,0.774359,-0.244363,0.137356,0.121744,-0.001089,-0.010813,0.035156,0.000016
0.416066,-1.788591,0.430888,1.143656,0.177000,-0.593163,0.765960,-0.126424,-0.305223,-0.546303,0.281369,0.095868,-0.090241,0.427033,0.059911,-0.020437,-0.756202,0.008148,-2.355892,-0.004645,1.580756,0.774357,-0.246189,0.136084,0.123263,-0.000686,-0.012179,0.034458,-0.000669
0.417001,-1.785346,0.428292,1.144116,0.177874,-0.595179,0.766764,-0.127143,-0.304794,-0.557523,0.285043,0.100455,-0.091337,0.429036,0.059992,-0.020685,-0.756066,0.008275,-2.355892,-0.004659,1.580791,0.774354,-0.247289,0.135872,0.124492,-0.000461,-0.012316,0.035277,-0.002027
0.417972,-1.785427,0.426099,1.144510,0.178514,-0.596742,0.768207,-0.127388,-0.303435,-0.567671,0.289796,0.104209,-0.092304,0.430903,0.060058,-0.020941,-0.755925,0.008400,-2.355895,-0.004671,1.580831,0.774356,-0.250133,0.136968,0.125226,-0.000633,-0.012154,0.036196,-0.001071
0.419149,-1.786926,0.423950,1.147313,0.178878,-0.598414,0.770485,-0.128014,-0.301155,-0.578250,0.295581,0.107752,-0.093107,0.432642,0.060111,-0.021199,-0.755785,0.008528,-2.355893,-0.004686,1.580870,0.774355,-0.251426,0.137915,0.126070,-0.000631,-0.012514,0.036559,-0.001104
0.420027,-1.782559,0.425866,1.145623,0.180516,-0.600017,0.771712,-0.128715,-0.298031,-0.590820,0.302432,0.111729,-0.093734,0.434285,0.060150,-0.021453,-0.755645,0.008655,-2.355893,-0.004702,1.580904,0.774356,-0.253014,0.139171,0.126251,-0.000181,-0.013184,0.036544,-0.000477
0.420987,-1.785891,0.422288,1.147000,0.179885,-0.602129,0.773771,-0.128936,-0.294112,-0.604882,0.310276,0.116045,-0.094197,0.435859,0.060168,-0.021717,-0.755509,0.008786,-2.355896,-0.004715,1.580941,0.774358,-0.256067,0.137939,0.127860,-0.001138,-0.013311,0.036948,0.000451
0.422009,-1.786688,0.420996,1.146732,0.181067,-0.603359,0.775022,-0.129211,-0.289746,-0.618851,0.318514,0.120169,-0.094567,0.437380,0.060151,-0.021971,-0.755363,0.008915,-2.355892,-0.004729,1.580977,0.774357,-0.255713,0.139517,0.128149,0.000097,-0.013090,0.036682,0.000376
0.423136,-1.788713,0.423206,1.148302,0.181284,-0.606020,0.777732,-0.128258,-0.285909,-0.632779,0.325982,0.123933,-0.094978,0.438830,0.060074,-0.022231,-0.755220,0.009045,-2.355894,-0.004747,1.581017,0.774359,-0.256874,0.140050,0.129434,-0.000347,-0.013857,0.037344,0.000377
0.424002,-1.790043,0.419068,1.147472,0.181770,-0.607962,0.779763,-0.129441,-0.283245,-0.646244,0.331950,0.127104,-0.095498,0.440208,0.059924,-0.022493,-0.755083,0.009177,-2.355892,-0.004759,1.581050,0.774351,-0.257878,0.139071,0.130041,0.000186,-0.013455,0.036797,-0.002124
0.425041,-1.794192,0.418332,1.150245,0.182412,-0.610583,0.782825,-0.129402,-0.282031,-0.658235,0.336084,0.129296,-0.096157,0.441536,0.059707,-0.022751,-0.754941,0.009312,-2.355894,-0.004773,1.581085,0.774352,-0.258072,0.140828,0.131138,0.000331,-0.013218,0.036373,-0.000179
0.425982,-1.791330,0.419650,1.149340,0.182399,-0.612592,0.783753,-0.130100,-0.282633,-0.669839,0.338137,0.131102,-0.096980,0.442884,0.059448,-0.023008,-0.754799,0.009441,-2.355894,-0.004786,1.581120,0.774349,-0.257653,0.141110,0.130936,0.000422,-0.012672,0.035281,-0.000823
0.427099,-1.786996,0.417705,1.147800,0.185346,-0.614446,0.785173,-0.130129,-0.284833,-0.680745,0.338542,0.132402,-0.097943,0.444264,0.059174,-0.023272,-0.754658,0.009578,-2.355892,-0.004798,1.581160,0.774352,-0.260261,0.140231,0.132251,0.001058,-0.012540,0.036109,0.000075
0.428034,-1.792754,0.420950,1.144764,0.184959,-0.617446,0.787505,-0.129720,-0.287523,-0.690130,0.338106,0.133177,-0.098932,0.445690,0.058908,-0.023546,-0.754515,0.009716,-2.355896,-0.004811,1.581200,0.774350,-0.264257,0.141279,0.134319,-0.001051,-0.012933,0.036796,-0.000468
0.429064,-1.791276,0.418106,1.146109,0.183661,-0.617669,0.788436,-0.130764,-0.290743,-0.698006,0.335926,0.134151,-0.099976,0.447243,0.058653,-0.023806,-0.754378,0.009856,-2.355894,-0.004820,1.581233,0.774345,-0.262490,0.139451,0.136645,-0.000026,-0.011814,0.036220,-0.001772
0.430031,-1.787829,0.413486,1.145603,0.187034,-0.619554,0.791171,-0.129907,-0.295571,-0.702678,0.330634,0.133831,-0.101296,0.448764,0.058414,-0.024074,-0.754236,0.009995,-2.355890,-0.004838,1.581272,0.774351,-0.264759,0.140832,0.137003,0.001899,-0.013632,0.037237,-0.000230
0.431108,-1.787517,0.416521,1.150023,0.187049,-0.622041,0.794330,-0.131589,-0.301140,-0.706049,0.323608,0.132547,-0.102831,0.450178,0.058207,-0.024347,-0.754089,0.010135,-2.355897,-0.004848,1.581307,0.774344,-0.267641,0.142912,0.138142,-0.000668,-0.013678,0.036300,-0.002467
0.432021,-1.785468,0.411732,1.147708,0.186733,-0.624340,0.795706,-0.131154,-0.305447,-0.711342,0.317626,0.132835,-0.104296,0.451708,0.058038,-0.024616,-0.753950,0.010271,-2.355896,-0.004864,1.581340,0.774349,-0.269476,0.141391,0.137124,0.000064,-0.013317,0.035207,0.000355
0.433007,-1.783147,0.411024,1.145244,0.189057,-0.625024,0.796388,-0.132316,-0.307619,-0.717597,0.314078,0.134251,-0.105606,0.453348,0.057912,-0.024892,-0.753803,0.010417,-2.355892,-0.004878,1.581378,0.774343,-0.271370,0.143496,0.138983,0.000937,-0.012807,0.035538,-0.001022
0.434016,-1.781636,0.412476,1.144270,0.189044,-0.626231,0.798827,-0.131560,-0.308136,-0.724919,0.311943,0.136393,-0.106837,0.455020,0.057834,-0.025171,-0.753658,0.010561,-2.355896,-0.004894,1.581416,0.774348,-0.273701,0.143643,0.141094,-0.000636,-0.014081,0.036703,0.000792
0.435122,-1.783254,0.410076,1.148905,0.189408,-0.629545,0.801276,-0.133494,-0.307714,-0.733223,0.309679,0.139583,-0.108048,0.456756,0.057797,-0.025449,-0.753517,0.010707,-2.355894,-0.004911,1.581450,0.774342,-0.275736,0.142807,0.142491,0.000060,-0.014836,0.036168,-0.001273
0.435997,-1.777175,0.406835,1.146139,0.190388,-0.630733,0.802548,-0.132204,-0.306323,-0.740693,0.307686,0.142720,-0.109209,0.458495,0.057789,-0.025731,-0.753371,0.010846,-2.355892,-0.004923,1.581485,0.774350,-0.276583,0.144021,0.141408,0.000419,-0.013735,0.035831,0.002027
0.437046,-1.779028,0.407911,1.143329,0.192018,-0.632031,0.803045,-0.133145,-0.303421,-0.748214,0.307266,0.145726,-0.110209,0.460208,0.057797,-0.026020,-0.753224,0.010994,-2.355894,-0.004939,1.581522,0.774343,-0.280186,0.145257,0.143359,0.000073,-0.014261,0.036187,-0.001054
0.438037,-1.775386,0.407878,1.144962,0.192339,-0.634063,0.804112,-0.132351,-0.299334,-0.757149,0.307680,0.149485,-0.111041,0.461974,0.057787,-0.026302,-0.753083,0.011145,-2.355896,-0.004955,1.581565,0.774346,-0.280644,0.144658,0.145731,-0.000778,-0.015026,0.037643,0.000300
0.438971,-1.769964,0.407118,1.143031,0.193188,-0.636332,0.805932,-0.133650,-0.294823,-0.766220,0.307627,0.153631,-0.111777,0.463803,0.057734,-0.026593,-0.752937,0.011290,-2.355894,-0.004974,1.581605,0.774340,-0.283531,0.144500,0.145777,-0.000436,-0.014907,0.038416,-0.001825
0.440090,-1.769415,0.410971,1.142265,0.194628,-0.638929,0.807044,-0.133567,-0.289259,-0.773890,0.308024,0.157187,-0.112339,0.465618,0.057650,-0.026886,-0.752792,0.011444,-2.355894,-0.004988,1.581644,0.774345,-0.287015,0.144610,0.147384,-0.000637,-0.014471,0.038319,0.000299
0.440988,-1.769429,0.409421,1.143839,0.193775,-0.639116,0.808294,-0.134051,-0.282063,-0.778903,0.309476,0.159532,-0.112669,0.467388,0.057541,-0.027179,-0.752654,0.011595,-2.355896,-0.005001,1.581684,0.774343,-0.288871,0.142782,0.148903,-0.001258,-0.014126,0.039323,-0.000483
0.442185,-1.771698,0.409740,1.145548,0.195222,-0.641880,0.810153,-0.133391,-0.273651,-0.779704,0.311623,0.159757,-0.112849,0.469050,0.057393,-0.027472,-0.752511,0.011745,-2.355892,-0.005017,1.581721,0.774344,-0.289449,0.143269,0.148685,0.000154,-0.015705,0.039733,0.000016
0.443039,-1.768596,0.409726,1.143812,0.194437,-0.643724,0.811086,-0.133676,-0.264431,-0.776696,0.314668,0.157513,-0.112949,0.470532,0.057197,-0.027764,-0.752369,0.011895,-2.355895,-0.005033,1.581764,0.774337,-0.290288,0.143295,0.149193,-0.000405,-0.015302,0.040134,-0.001942
0.443977,-1.763240,0.406123,1.145947,0.196243,-0.644898,0.812881,-0.134334,-0.254783,-0.771039,0.318502,0.153102,-0.113028,0.471824,0.056960,-0.028061,-0.752227,0.012048,-2.355892,-0.005046,1.581805,0.774340,-0.292185,0.142943,0.150494,0.000918,-0.015143,0.040752,-0.001816
0.445039,-1.761587,0.411131,1.145136,0.198657,-0.647421,0.815039,-0.133824,-0.244297,-0.764192,0.323593,0.147297,-0.113043,0.472973,0.056707,-0.028361,-0.752078,0.012199,-2.355894,-0.005064,1.581845,0.774340,-0.295574,0.144451,0.150076,-0.000212,-0.015792,0.040682,-0.000991
0.446066,-1.759567,0.412543,1.150345,0.196460,-0.648244,0.817278,-0.135244,-0.232078,-0.757655,0.331031,0.141869,-0.112840,0.474176,0.056455,-0.028667,-0.751941,0.012355,-2.355898,-0.005081,1.581887,0.774334,-0.297569,0.141939,0.151442,-0.001796,-0.015344,0.040499,-0.002577
0.446984,-1.757027,0.410310,1.148730,0.198337,-0.650597,0.819188,-0.134424,-0.217807,-0.749039,0.341500,0.136113,-0.112377,0.475445,0.056211,-0.028973,-0.751801,0.012501,-2.355892,-0.005097,1.581928,0.774338,-0.299608,0.141197,0.149779,0.001023,-0.016552,0.040176,-0.000261
0.447955,-1.751182,0.407680,1.144667,0.197869,-0.650689,0.821376,-0.134061,-0.201485,-0.736589,0.355400,0.128294,-0.111710,0.476589,0.055994,-0.029276,-0.751658,0.012655,-2.355895,-0.005112,1.581970,0.774332,-0.301443,0.142062,0.151197,-0.000179,-0.015988,0.039945,-0.002409
0.449040,-1.751552,0.403394,1.149840,0.198215,-0.652954,0.821725,-0.134815,-0.183914,-0.723401,0.371145,0.119751,-0.110955,0.477628,0.055808,-0.029591,-0.751512,0.012811,-2.355892,-0.005134,1.582007,0.774328,-0.305046,0.143155,0.153932,0.000909,-0.017750,0.039572,-0.003629
0.450017,-1.752955,0.401361,1.145877,0.200213,-0.654108,0.822797,-0.135411,-0.165757,-0.713246,0.387294,0.112163,-0.110191,0.478596,0.055669,-0.029896,-0.751362,0.012962,-2.355892,-0.005149,1.582051,0.774329,-0.306143,0.145221,0.152364,0.001302,-0.017619,0.041258,-0.002680
0.450979,-1.749404,0.399002,1.147740,0.201292,-0.654650,0.824099,-0.135706,-0.147722,-0.708724,0.403253,0.106778,-0.109476,0.479523,0.055603,-0.030207,-0.751214,0.013121,-2.355895,-0.005170,1.582094,0.774330,-0.306169,0.145993,0.155060,0.000053,-0.018340,0.041974,-0.002016
0.452054,-1.747392,0.398456,1.147185,0.200087,-0.658378,0.827027,-0.135477,-0.131071,-0.710808,0.417610,0.104990,-0.108909,0.480553,0.055613,-0.030523,-0.751065,0.013275,-2.355896,-0.005189,1.582137,0.774332,-0.308566,0.146896,0.154804,-0.000333,-0.019656,0.042432,-0.001950
0.452992,-1.748640,0.393105,1.150108,0.203211,-0.658398,0.828599,-0.136659,-0.115792,-0.717795,0.430456,0.105991,-0.108489,0.481661,0.055680,-0.030835,-0.750919,0.013433,-2.355890,-0.005206,1.582176,0.774325,-0.310756,0.147112,0.156037,0.001514,-0.018020,0.041518,-0.002967
0.453990,-1.748890,0.392335,1.149174,0.201685,-0.660213,0.831240,-0.136515,-0.101549,-0.728615,0.442592,0.108956,-0.108183,0.482809,0.055785,-0.031147,-0.750764,0.013585,-2.355896,-0.005230,1.582219,0.774328,-0.310650,0.149424,0.155213,-0.000857,-0.019776,0.041668,-0.001083
0.455078,-1.746573,0.394011,1.149604,0.202343,-0.661538,0.833207,-0.136781,-0.088849,-0.743723,0.453861,0.114377,-0.108022,0.484077,0.055917,-0.031462,-0.750614,0.013745,-2.355892,-0.005251,1.582260,0.774326,-0.311318,0.149567,0.156428,0.001302,-0.019861,0.040869,-0.001921
0.456089,-1.743496,0.393270,1.151597,0.203195,-0.660723,0.835568,-0.136977,-0.078120,-0.760071,0.463816,0.120310,-0.108090,0.485342,0.056056,-0.031780,-0.750468,0.013905,-2.355892,-0.005271,1.582302,0.774325,-0.313654,0.148678,0.157162,0.001381,-0.020645,0.040943,-0.001957
0.456968,-1.742536,0.390258,1.149461,0.203766,-0.663238,0.836469,-0.137037,-0.068714,-0.773710,0.473128,0.124643,-0.108330,0.486488,0.056188,-0.032103,-0.750316,0.014060,-2.355890,-0.005298,1.582342,0.774323,-0.315940,0.148834,0.156971,0.001199,-0.023360,0.040458,-0.002098
0.458059,-1.743760,0.392773,1.152613,0.206430,-0.665642,0.837676,-0.136694,-0.060050,-0.784505,0.482436,0.127791,-0.108639,0.487570,0.056295,-0.032417,-0.750163,0.014220,-2.355890,-0.005317,1.582385,0.774321,-0.316666,0.149893,0.158461,0.001228,-0.022483,0.041159,-0.002436
0.459038,-1.743517,0.387205,1.147847,0.203856,-0.666538,0.839365,-0.137631,-0.052703,-0.793239,0.491011,0.130757,-0.109065,0.488678,0.056357,-0.032738,-0.750018,0.014377,-2.355892,-0.005338,1.582430,0.774316,-0.317190,0.148595,0.157871,-0.000632,-0.022194,0.041980,-0.003693
0.459987,-1.738600,0.386081,1.147994,0.206000,-0.668085,0.841198,-0.137800,-0.047616,-0.799908,0.497583,0.133473,-0.109762,0.489787,0.056374,-0.033060,-0.749860,0.014542,-2.355885,-0.005362,1.582471,0.774319,-0.317923,0.151068,0.160899,0.002494,-0.023149,0.042093,-0.002328
0.461046,-1.737434,0.383820,1.145591,0.205947,-0.669375,0.843536,-0.137744,-0.045163,-0.805486,0.501112,0.135459,-0.110851,0.490763,0.056357,-0.033386,-0.749709,0.014705,-2.355887,-0.005387,1.582513,0.774315,-0.320838,0.151297,0.161356,0.001014,-0.023362,0.042004,-0.002494
0.461982,-1.734316,0.383620,1.147787,0.208285,-0.670594,0.847082,-0.139045,-0.044726,-0.811127,0.501886,0.137308,-0.112273,0.491635,0.056307,-0.033714,-0.749552,0.014872,-2.355884,-0.005409,1.582555,0.774310,-0.322317,0.152223,0.163366,0.001765,-0.024102,0.041632,-0.003155
0.462996,-1.735057,0.379649,1.144529,0.207609,-0.670881,0.848062,-0.138081,-0.045453,-0.816803,0.501033,0.139834,-0.113895,0.492546,0.056224,-0.034037,-0.749399,0.015033,-2.355886,-0.005435,1.582593,0.774312,-0.324292,0.151945,0.162786,0.000114,-0.024612,0.039815,-0.001033
0.464084,-1.732767,0.381037,1.149285,0.208760,-0.671738,0.848897,-0.139181,-0.047053,-0.822470,0.499169,0.143390,-0.115663,0.493580,0.056104,-0.034366,-0.749242,0.015205,-2.355882,-0.005465,1.582634,0.774303,-0.324593,0.153668,0.165068,0.001422,-0.026183,0.040745,-0.003511
0.464956,-1.728893,0.373749,1.146442,0.209614,-0.673425,0.849764,-0.137840,-0.049326,-0.827618,0.496819,0.147249,-0.117557,0.494651,0.055945,-0.034699,-0.749090,0.015366,-2.355882,-0.005492,1.582678,0.774301,-0.326733,0.152837,0.163591,0.001009,-0.027362,0.041939,-0.001841
0.465995,-1.726060,0.375321,1.145464,0.210151,-0.673956,0.851099,-0.138608,-0.051362,-0.832584,0.495326,0.151174,-0.119454,0.495693,0.055758,-0.035031,-0.748927,0.015537,-2.355882,-0.005518,1.582721,0.774290,-0.328679,0.155942,0.165301,0.000763,-0.027254,0.042641,-0.004989
0.467106,-1.724582,0.374895,1.146184,0.212041,-0.675765,0.853285,-0.137497,-0.052737,-0.838669,0.494850,0.155796,-0.121273,0.496740,0.055550,-0.035367,-0.748773,0.015707,-2.355880,-0.005550,1.582765,0.774291,-0.330812,0.154913,0.166494,0.000910,-0.028622,0.043224,-0.003969
0.468091,-1.726881,0.375483,1.145046,0.212042,-0.676526,0.855029,-0.137312,-0.053568,-0.844533,0.494792,0.160649,-0.123003,0.497805,0.055322,-0.035704,-0.748617,0.015875,-2.355882,-0.005578,1.582806,0.774279,-0.332583,0.155015,0.167045,-0.000174,-0.028883,0.043117,-0.006773
0.468979,-1.725082,0.374882,1.144083,0.214023,-0.678814,0.856422,-0.137748,-0.054233,-0.847870,0.494699,0.164887,-0.124677,0.498903,0.055066,-0.036033,-0.748467,0.016045,-2.355880,-0.005610,1.582850,0.774273,-0.331971,0.154470,0.168185,0.000486,-0.029901,0.043181,-0.007624
0.469988,-1.722552,0.372701,1.138857,0.213997,-0.680410,0.857410,-0.137304,-0.055705,-0.847608,0.493491,0.168050,-0.126411,0.500039,0.054780,-0.036368,-0.748312,0.016215,-2.355882,-0.005634,1.582894,0.774267,-0.332931,0.154315,0.168979,-0.000856,-0.029240,0.043392,-0.007189
0.471027,-1.719506,0.371920,1.138529,0.214074,-0.681709,0.860848,-0.138379,-0.058598,-0.844190,0.490101,0.170344,-0.128281,0.501216,0.054469,-0.036705,-0.748156,0.016395,-2.355879,-0.005664,1.582941,0.774255,-0.334774,0.155135,0.172119,-0.000174,-0.029496,0.044248,-0.008587
0.471986,-1.715042,0.374813,1.140353,0.214601,-0.681361,0.861409,-0.136729,-0.062745,-0.838657,0.484159,0.171729,-0.130284,0.502361,0.054129,-0.037048,-0.748002,0.016572,-2.355877,-0.005697,1.582981,0.774252,-0.336934,0.155305,0.172893,0.000424,-0.030080,0.042728,-0.006945
0.473064,-1.716553,0.368406,1.142526,0.215844,-0.685876,0.863429,-0.136698,-0.066669,-0.829881,0.477649,0.171056,-0.132247,0.503369,0.053753,-0.037395,-0.747851,0.016743,-2.355877,-0.005730,1.583028,0.774231,-0.339403,0.153544,0.172451,0.000560,-0.032146,0.043931,-0.010724
0.474046,-1.711405,0.367269,1.140898,0.215728,-0.687187,0.864518,-0.135544,-0.068785,-0.818076,0.473301,0.168414,-0.133938,0.504258,0.053335,-0.037732,-0.747692,0.016917,-2.355876,-0.005755,1.583072,0.774219,-0.339512,0.156583,0.172128,0.000050,-0.029621,0.043902,-0.011283
0.475032,-1.708450,0.370337,1.137172,0.218241,-0.688381,0.864994,-0.136203,-0.068865,-0.806808,0.471748,0.165531,-0.135291,0.505124,0.052878,-0.038081,-0.747532,0.017091,-2.355874,-0.005786,1.583118,0.774198,-0.342416,0.156760,0.173466,0.000803,-0.030120,0.044604,-0.014053
0.476079,-1.711140,0.365497,1.138373,0.219752,-0.690128,0.866246,-0.135794,-0.067448,-0.796345,0.471855,0.162803,-0.136387,0.506013,0.052389,-0.038429,-0.747379,0.017273,-2.355877,-0.005818,1.583168,0.774185,-0.344212,0.154915,0.175770,-0.000968,-0.030696,0.045906,-0.013170
0.477020,-1.704979,0.364664,1.134026,0.219965,-0.690715,0.868236,-0.135601,-0.065607,-0.785698,0.471974,0.160705,-0.137362,0.507026,0.051861,-0.038774,-0.747217,0.017451,-2.355880,-0.005849,1.583215,0.774168,-0.343493,0.157092,0.175771,-0.001664,-0.030857,0.046566,-0.014499
0.477977,-1.704592,0.361166,1.130051,0.219545,-0.692378,0.870131,-0.135603,-0.064181,-0.776581,0.471164,0.160401,-0.138322,0.508212,0.051270,-0.039132,-0.747060,0.017634,-2.355881,-0.005884,1.583262,0.774150,-0.346622,0.157083,0.178273,-0.001199,-0.031936,0.046264,-0.015307
0.478987,-1.699392,0.358253,1.129685,0.220102,-0.694460,0.871167,-0.134973,-0.064285,-0.764139,0.463479,0.162518,-0.140627,0.510524,0.049842,-0.039831,-0.746741,0.018000,-2.355876,-0.005946,1.583359,0.774110,-0.350023,0.159573,0.181234,-0.000072,-0.031728,0.046893,-0.017462
0.480052,-1.699907,0.358768,1.128026,0.220228,-0.694746,0.873068,-0.135015,-0.064285,-0.764139,0.463479,0.162518,-0.140627,0.510524,0.049842,-0.039831,-0.746741,0.018000,-2.355876,-0.005946,1.583359,0.774110,-0.350023,0.159573,0.181234,-0.000072,-0.031728,0.046893,-0.017462
0.481168,-1.702818,0.357368,1.123994,0.221843,-0.695339,0.874838,-0.134953,-0.065621,-0.760378,0.457111,0.163502,-0.142020,0.511433,0.049017,-0.040182,-0.746579,0.018188,-2.355874,-0.005983,1.583405,0.774093,-0.350409,0.159043,0.182628,0.000502,-0.033355,0.046947,-0.017861
0.482049,-1.701957,0.356237,1.118035,0.222705,-0.697394,0.875442,-0.135492,-0.068487,-0.756634,0.448807,0.163848,-0.143651,0.512208,0.048141,-0.040533,-0.746419,0.018377,-2.355876,-0.006017,1.583453,0.774073,-0.349830,0.159592,0.185339,-0.000308,-0.034782,0.047237,-0.018505
0.483049,-1.699325,0.354605,1.117043,0.223727,-0.699737,0.875887,-0.135449,-0.074937,-0.752580,0.435975,0.164099,-0.145737,0.512994,0.047223,-0.040889,-0.746258,0.018569,-2.355876,-0.006049,1.583503,0.774059,-0.350036,0.159612,0.188347,-0.000550,-0.034263,0.048194,-0.017825
0.483995,-1.699200,0.354322,1.114708,0.223865,-0.702133,0.877119,-0.135918,-0.085567,-0.748468,0.417884,0.164697,-0.148344,0.513852,0.046257,-0.041244,-0.746097,0.018763,-2.355876,-0.006080,1.583556,0.774038,-0.351681,0.160075,0.189147,-0.000875,-0.033729,0.049540,-0.018372
0.485197,-1.698840,0.352866,1.113212,0.224198,-0.704707,0.879592,-0.135637,-0.099350,-0.743877,0.396325,0.165169,-0.151371,0.514715,0.045255,-0.041601,-0.745937,0.018954,-2.355874,-0.006115,1.583606,0.774023,-0.351771,0.159785,0.190524,-0.000399,-0.032994,0.049983,-0.017867
0.486073,-1.695677,0.349493,1.111934,0.224928,-0.706357,0.882159,-0.136036,-0.115473,-0.738139,0.372792,0.164698,-0.154761,0.515494,0.044240,-0.041961,-0.745774,0.019151,-2.355873,-0.006148,1.583652,0.774003,-0.353139,0.160457,0.192093,0.000088,-0.032645,0.049752,-0.019006
0.487072,-1.690045,0.352144,1.107112,0.224792,-0.706585,0.883862,-0.136821,-0.133169,-0.732062,0.348460,0.163449,-0.158440,0.516201,0.043242,-0.042317,-0.745612,0.019344,-2.355873,-0.006184,1.583700,0.773987,-0.354455,0.161589,0.192725,-0.000043,-0.032503,0.048734,-0.018595
0.488095,-1.682977,0.351365,1.103569,0.228014,-0.709608,0.885535,-0.136561,-0.151385,-0.725728,0.324597,0.161518,-0.162286,0.516876,0.042290,-0.042682,-0.745454,0.019545,-2.355869,-0.006220,1.583752,0.773971,-0.357476,0.159912,0.195384,0.000704,-0.034049,0.048826,-0.017487
0.489111,-1.684045,0.350297,1.108189,0.226545,-0.710598,0.885816,-0.136909,-0.169208,-0.717616,0.301799,0.158763,-0.166187,0.517569,0.041399,-0.043046,-0.745292,0.019750,-2.355875,-0.006251,1.583802,0.773953,-0.361331,0.159986,0.197404,-0.001675,-0.032862,0.049005,-0.018498
0.490059,-1.682847,0.348859,1.099277,0.226334,-0.711523,0.887182,-0.136565,-0.185619,-0.707764,0.281497,0.155614,-0.170002,0.518292,0.040566,-0.043410,-0.745132,0.019945,-2.355871,-0.006284,1.583855,0.773935,-0.361040,0.160206,0.195399,0.000450,-0.033720,0.050555,-0.018259
0.491213,-1.683740,0.350079,1.096710,0.229467,-0.713090,0.889605,-0.137936,-0.200982,-0.696275,0.263915,0.151083,-0.173801,0.518830,0.039772,-0.043775,-0.744969,0.020153,-2.355870,-0.006319,1.583903,0.773916,-0.361608,0.160470,0.199925,0.001264,-0.034454,0.050879,-0.019389
0.492012,-1.677619,0.348822,1.096715,0.229116,-0.713628,0.891627,-0.137869,-0.217453,-0.683251,0.245919,0.145151,-0.177845,0.519152,0.038993,-0.044137,-0.744811,0.020361,-2.355875,-0.006356,1.583953,0.773903,-0.362096,0.159778,0.201745,-0.000953,-0.034961,0.050576,-0.017175
0.493154,-1.679961,0.344733,1.095990,0.231098,-0.716155,0.893948,-0.138695,-0.235383,-0.669439,0.226814,0.139387,-0.182110,0.519481,0.038218,-0.044507,-0.744650,0.020562,-2.355872,-0.006396,1.584000,0.773885,-0.364391,0.159736,0.201427,-0.000098,-0.035728,0.049949,-0.017691
0.494046,-1.674997,0.343399,1.088666,0.231099,-0.715799,0.894681,-0.139331,-0.253290,-0.656519,0.208996,0.134860,-0.186361,0.519936,0.037439,-0.044869,-0.744485,0.020768,-2.355874,-0.006429,1.584049,0.773875,-0.364073,0.161619,0.202347,-0.001265,-0.035279,0.049735,-0.016590
0.495129,-1.672064,0.345921,1.088454,0.233549,-0.717737,0.896677,-0.139837,-0.271050,-0.646942,0.192413,0.132527,-0.190546,0.520580,0.036642,-0.045241,-0.744324,0.020982,-2.355873,-0.006472,1.584102,0.773861,-0.366193,0.161748,0.205828,-0.000630,-0.037119,0.050573,-0.015742
0.496082,-1.672521,0.344570,1.086827,0.231249,-0.719456,0.896715,-0.141316,-0.288782,-0.640042,0.176114,0.132063,-0.194647,0.521434,0.035814,-0.045617,-0.744164,0.021187,-2.355879,-0.006508,1.584153,0.773850,-0.368099,0.160254,0.206309,-0.002219,-0.037101,0.050536,-0.015263
0.497052,-1.665492,0.340023,1.084344,0.232615,-0.721184,0.897275,-0.141302,-0.305817,-0.632691,0.160840,0.131415,-0.198589,0.522364,0.034952,-0.045982,-0.744005,0.021397,-2.355874,-0.006542,1.584212,0.773841,-0.367836,0.160542,0.207126,0.000681,-0.037071,0.052167,-0.012758
0.498095,-1.669350,0.344727,1.082698,0.234570,-0.722475,0.898278,-0.143409,-0.321478,-0.624551,0.147554,0.129134,-0.202320,0.523145,0.034060,-0.046360,-0.743836,0.021604,-2.355876,-0.006580,1.584264,0.773823,-0.371281,0.162344,0.208447,0.000001,-0.037017,0.053328,-0.013264
0.499136,-1.659622,0.344730,1.084598,0.236289,-0.723438,0.900792,-0.143290,-0.335578,-0.616761,0.136307,0.125941,-0.205798,0.523789,0.033149,-0.046724,-0.743681,0.021818,-2.355880,-0.006618,1.584322,0.773821,-0.369708,0.159725,0.209465,-0.001142,-0.037568,0.054163,-0.009555
0.500023,-1.662295,0.344059,1.084429,0.236186,-0.724626,0.901677,-0.143543,-0.347633,-0.608121,0.127822,0.122719,-0.208910,0.524468,0.032242,-0.047109,-0.743524,0.022025,-2.355882,-0.006656,1.584374,0.773811,-0.374788,0.159514,0.208763,-0.002073,-0.038437,0.053515,-0.010349
0.501141,-1.661822,0.344830,1.089077,0.237029,-0.727522,0.904138,-0.144188,-0.356448,-0.597929,0.123965,0.119534,-0.211493,0.525224,0.031342,-0.047481,-0.743363,0.022231,-2.355882,-0.006696,1.584428,0.773800,-0.372968,0.159315,0.208726,-0.001339,-0.038728,0.054179,-0.010264
0.502084,-1.664812,0.340606,1.088669,0.237005,-0.729075,0.905548,-0.145048,-0.361980,-0.586474,0.125370,0.115934,-0.213563,0.525972,0.030452,-0.047854,-0.743206,0.022436,-2.355882,-0.006732,1.584479,0.773793,-0.373876,0.158799,0.206889,-0.001405,-0.037840,0.053753,-0.009534
0.503070,-1.660971,0.340971,1.084851,0.237196,-0.729438,0.907196,-0.145928,-0.365129,-0.574793,0.131409,0.111835,-0.215256,0.526666,0.029589,-0.048229,-0.743043,0.022642,-2.355882,-0.006773,1.584533,0.773784,-0.372168,0.160473,0.207130,-0.000728,-0.037882,0.054009,-0.008276
0.504049,-1.659833,0.342223,1.084994,0.236376,-0.731484,0.908624,-0.145693,-0.367227,-0.564582,0.139975,0.107637,-0.216764,0.527310,0.028767,-0.048609,-0.742883,0.022855,-2.355882,-0.006812,1.584585,0.773779,-0.374074,0.159897,0.209107,-0.000238,-0.039234,0.054118,-0.007021
0.505076,-1.664727,0.340501,1.086956,0.239003,-0.731109,0.909810,-0.146659,-0.369209,-0.554670,0.148990,0.102300,-0.218283,0.527825,0.027979,-0.048984,-0.742728,0.023067,-2.355878,-0.006855,1.584642,0.773768,-0.374616,0.158953,0.209069,0.001180,-0.038828,0.054406,-0.007989
0.506027,-1.659591,0.339296,1.082858,0.238674,-0.734416,0.911487,-0.145708,-0.371330,-0.543912,0.158028,0.095462,-0.219894,0.528217,0.027204,-0.049352,-0.742566,0.023271,-2.355883,-0.006902,1.584699,0.773765,-0.372412,0.159510,0.208351,-0.000628,-0.040937,0.055038,-0.006568
0.507050,-1.657773,0.337075,1.083489,0.241308,-0.733697,0.912093,-0.147037,-0.374055,-0.533970,0.166525,0.088760,-0.221646,0.528636,0.026417,-0.049730,-0.742405,0.023486,-2.355884,-0.006939,1.584757,0.773751,-0.374850,0.159673,0.210354,0.000399,-0.039238,0.055008,-0.008959
0.508079,-1.657918,0.337479,1.082893,0.240413,-0.734137,0.914607,-0.147167,-0.377155,-0.526777,0.174149,0.083695,-0.223508,0.529181,0.025611,-0.050108,-0.742243,0.023698,-2.355888,-0.006988,1.584816,0.773749,-0.375889,0.160463,0.210184,-0.001440,-0.041682,0.056205,-0.006794
0.509013,-1.652503,0.334406,1.087381,0.240371,-0.736369,0.914820,-0.147635,-0.380017,-0.522829,0.181360,0.080709,-0.225418,0.529875,0.024796,-0.050485,-0.742082,0.023908,-2.355884,-0.007034,1.584871,0.773740,-0.375988,0.159933,0.210693,0.000112,-0.042950,0.055509,-0.007069
0.509976,-1.645544,0.328541,1.083792,0.242364,-0.737067,0.916062,-0.147908,-0.381704,-0.521063,0.189668,0.078559,-0.227306,0.530588,0.023972,-0.050864,-0.741923,0.024113,-2.355884,-0.007077,1.584933,0.773735,-0.378450,0.161049,0.208439,0.000789,-0.042251,0.056904,-0.006603
0.511016,-1.648051,0.328856,1.085747,0.243499,-0.738688,0.916828,-0.147777,-0.380645,-0.523078,0.200986,0.077486,-0.228988,0.531266,0.023133,-0.051251,-0.741755,0.024324,-2.355886,-0.007124,1.584991,0.773727,-0.381694,0.163503,0.210287,-0.000498,-0.043149,0.057331,-0.006539
0.512076,-1.642084,0.328492,1.086855,0.243032,-0.740322,0.918168,-0.148533,-0.376761,-0.531604,0.214803,0.079520,-0.230403,0.532058,0.022274,-0.051626,-0.741593,0.024532,-2.355886,-0.007166,1.585053,0.773718,-0.380656,0.163011,0.209540,-0.000894,-0.043311,0.058387,-0.007328
0.513041,-1.641032,0.324837,1.084523,0.244930,-0.740763,0.918896,-0.148030,-0.370800,-0.544599,0.230125,0.083803,-0.231642,0.532929,0.021399,-0.052016,-0.741432,0.024744,-2.355884,-0.007210,1.585115,0.773714,-0.383854,0.162937,0.209250,0.000268,-0.043478,0.058896,-0.006348
0.513959,-1.639723,0.323222,1.087610,0.244729,-0.741946,0.918744,-0.148849,-0.362957,-0.559681,0.246697,0.088808,-0.232749,0.533765,0.020520,-0.052405,-0.741263,0.024954,-2.355888,-0.007258,1.585174,0.773706,-0.384092,0.164276,0.210461,-0.000875,-0.044618,0.059849,-0.007859
0.515075,-1.634963,0.323902,1.082579,0.245749,-0.742713,0.920420,-0.148445,-0.353773,-0.577086,0.263732,0.094688,-0.233766,0.534565,0.019630,-0.052786,-0.741099,0.025161,-2.355886,-0.007304,1.585239,0.773703,-0.384373,0.164558,0.208831,-0.000060,-0.044916,0.061546,-0.006671
0.516088,-1.633835,0.322023,1.084152,0.246239,-0.744555,0.921607,-0.149055,-0.333028,-0.613361,0.296280,0.106277,-0.235689,0.535887,0.017794,-0.053576,-0.740771,0.025588,-2.355886,-0.007399,1.585367,0.773689,-0.387587,0.164574,0.211082,-0.000112,-0.045873,0.062375,-0.007343
0.517085,-1.631532,0.322761,1.084206,0.245126,-0.745218,0.922406,-0.150198,-0.333028,-0.613361,0.296280,0.106277,-0.235689,0.535887,0.017794,-0.053576,-0.740771,0.025588,-2.355886,-0.007399,1.585367,0.773689,-0.387587,0.164574,0.211082,-0.000112,-0.045873,0.062375,-0.007343
0.518021,-1.623271,0.320673,1.083246,0.248532,-0.746648,0.922208,-0.149578,-0.321692,-0.628937,0.310954,0.110173,-0.236640,0.536346,0.016882,-0.053966,-0.740610,0.025800,-2.355882,-0.007448,1.585430,0.773686,-0.388621,0.163839,0.211156,0.001625,-0.046845,0.063297,-0.005567
0.519032,-1.622434,0.315938,1.080071,0.247377,-0.748257,0.922349,-0.150910,-0.308893,-0.641692,0.325715,0.112194,-0.237488,0.536678,0.016004,-0.054368,-0.740442,0.026012,-2.355888,-0.007497,1.585499,0.773676,-0.392237,0.164352,0.211572,-0.001028,-0.046906,0.065055,-0.007300
0.519971,-1.619550,0.314271,1.081535,0.248704,-0.748983,0.924995,-0.151064,-0.294246,-0.653919,0.340563,0.114136,-0.238148,0.537037,0.015168,-0.054761,-0.740270,0.026229,-2.355884,-0.007544,1.585569,0.773676,-0.392525,0.166265,0.213239,0.000772,-0.046973,0.066618,-0.005134
0.521113,-1.615839,0.314353,1.076729,0.247862,-0.750778,0.925341,-0.151528,-0.278381,-0.667859,0.354556,0.117001,-0.238680,0.537443,0.014386,-0.055162,-0.740103,0.026438,-2.355885,-0.007598,1.585635,0.773672,-0.393469,0.166567,0.212461,0.000123,-0.047711,0.065527,-0.005335
0.522041,-1.610894,0.312370,1.080557,0.248785,-0.750616,0.926385,-0.151200,-0.261887,-0.682590,0.367119,0.119988,-0.239169,0.537809,0.013644,-0.055568,-0.739935,0.026659,-2.355882,-0.007645,1.585704,0.773669,-0.395690,0.166303,0.215266,0.001689,-0.047860,0.067193,-0.004996
0.523019,-1.604653,0.308901,1.076587,0.249722,-0.751993,0.928302,-0.152591,-0.244516,-0.696200,0.378772,0.121892,-0.239604,0.538028,0.012912,-0.055967,-0.739767,0.026871,-2.355883,-0.007700,1.585772,0.773663,-0.397608,0.166753,0.213215,0.001437,-0.049460,0.067679,-0.006140
0.524075,-1.600410,0.310720,1.077964,0.252172,-0.754552,0.929856,-0.152708,-0.225430,-0.709206,0.391063,0.123187,-0.239836,0.538121,0.012176,-0.056379,-0.739596,0.027088,-2.355882,-0.007747,1.585840,0.773664,-0.400267,0.167981,0.215219,0.001138,-0.049673,0.067401,-0.003843
0.525077,-1.597026,0.309179,1.073641,0.251378,-0.758267,0.930636,-0.152269,-0.204467,-0.722717,0.404528,0.125492,-0.239751,0.538280,0.011436,-0.056785,-0.739430,0.027305,-2.355885,-0.007796,1.585910,0.773658,-0.402342,0.166724,0.214701,-0.000495,-0.048858,0.067654,-0.004175
0.525988,-1.597791,0.303438,1.069652,0.253309,-0.758709,0.930546,-0.153237,-0.161710,-0.747483,0.429705,0.132302,-0.239133,0.538925,0.009913,-0.057602,-0.739089,0.027746,-2.355886,-0.007890,1.586057,0.773650,-0.402567,0.169325,0.218652,-0.000279,-0.047844,0.070111,-0.004086
0.527125,-1.591898,0.305489,1.062656,0.253856,-0.760648,0.931536,-0.153098,-0.161710,-0.747483,0.429705,0.132302,-0.239133,0.538925,0.009913,-0.057602,-0.739089,0.027746,-2.355886,-0.007890,1.586057,0.773650,-0.402567,0.169325,0.218652,-0.000279,-0.047844,0.070111,-0.004086
0.528029,-1.584159,0.303542,1.062006,0.254482,-0.762816,0.932514,-0.153505,-0.144252,-0.760546,0.435706,0.137180,-0.239179,0.539383,0.009137,-0.058015,-0.738925,0.027976,-2.355885,-0.007938,1.586131,0.773645,-0.405811,0.168085,0.222409,-0.000055,-0.047824,0.071063,-0.004974
0.529122,-1.586607,0.304837,1.064386,0.256003,-0.765221,0.935588,-0.153600,-0.130041,-0.773190,0.436252,0.142591,-0.239610,0.539908,0.008351,-0.058433,-0.738753,0.028195,-2.355883,-0.007985,1.586202,0.773642,-0.408798,0.168446,0.222463,-0.000101,-0.047098,0.071551,-0.004618
0.530028,-1.584155,0.302583,1.061196,0.255190,-0.765023,0.935905,-0.154438,-0.117576,-0.783532,0.434206,0.147578,-0.240322,0.540472,0.007569,-0.058838,-0.738586,0.028415,-2.355884,-0.008033,1.586273,0.773636,-0.407676,0.167496,0.221518,-0.000839,-0.046538,0.070335,-0.004994
0.531054,-1.574050,0.300901,1.060939,0.253446,-0.765225,0.935513,-0.153981,-0.106622,-0.790727,0.431267,0.151616,-0.241343,0.541076,0.006809,-0.059250,-0.738415,0.028643,-2.355882,-0.008086,1.586347,0.773634,-0.408116,0.168025,0.222796,0.000586,-0.048149,0.071500,-0.003774
0.531996,-1.572715,0.300268,1.065460,0.257265,-0.767751,0.935906,-0.154113,-0.096800,-0.794191,0.428396,0.153001,-0.242690,0.541491,0.006082,-0.059679,-0.738245,0.028867,-2.355875,-0.008139,1.586426,0.773629,-0.412754,0.168441,0.222943,0.002877,-0.049592,0.073585,-0.005242
0.533030,-1.570275,0.295665,1.063324,0.256479,-0.769028,0.935094,-0.155166,-0.086255,-0.794700,0.428341,0.151521,-0.244123,0.541621,0.005401,-0.060091,-0.738078,0.029082,-2.355880,-0.008189,1.586503,0.773625,-0.412738,0.168229,0.220565,-0.000208,-0.048548,0.074699,-0.005452
0.534039,-1.563579,0.294408,1.060829,0.259308,-0.771165,0.935178,-0.155303,-0.074436,-0.794761,0.432429,0.149492,-0.245482,0.541661,0.004786,-0.060512,-0.737902,0.029306,-2.355876,-0.008240,1.586588,0.773627,-0.413650,0.170071,0.221717,0.001247,-0.048970,0.077185,-0.003887
0.535198,-1.566148,0.294212,1.061581,0.257202,-0.772558,0.935812,-0.156818,-0.062361,-0.796805,0.439045,0.148704,-0.246830,0.541710,0.004233,-0.060937,-0.737730,0.029533,-2.355880,-0.008289,1.586669,0.773621,-0.416525,0.170216,0.222906,-0.000822,-0.048475,0.078729,-0.004144
0.536024,-1.557263,0.292473,1.056084,0.258985,-0.775194,0.937550,-0.155794,-0.050980,-0.800271,0.446421,0.148698,-0.248276,0.541681,0.003719,-0.061350,-0.737561,0.029761,-2.355874,-0.008339,1.586751,0.773625,-0.415553,0.170111,0.222858,0.001999,-0.049055,0.080037,-0.001721
0.537003,-1.554797,0.292846,1.056343,0.258953,-0.775113,0.938580,-0.156804,-0.041169,-0.802746,0.453229,0.147799,-0.249944,0.541435,0.003216,-0.061779,-0.737389,0.029988,-2.355876,-0.008384,1.586831,0.773619,-0.418677,0.170222,0.225086,0.000801,-0.047705,0.079534,-0.004232
0.538105,-1.553583,0.287997,1.058136,0.259829,-0.776642,0.940629,-0.156368,-0.033120,-0.802944,0.458854,0.145582,-0.251841,0.540990,0.002693,-0.062196,-0.737217,0.030213,-2.355873,-0.008435,1.586913,0.773621,-0.419351,0.169508,0.224825,0.001458,-0.049375,0.080083,-0.002703
0.539046,-1.549052,0.289048,1.053678,0.260114,-0.779761,0.941224,-0.156910,-0.020157,-0.799635,0.469746,0.139785,-0.255883,0.539909,0.001505,-0.063046,-0.736874,0.030665,-2.355870,-0.008530,1.587078,0.773612,-0.421383,0.170510,0.226160,0.001661,-0.048083,0.080748,-0.003550
0.540100,-1.546584,0.283836,1.052806,0.261828,-0.781436,0.940882,-0.157336,-0.020157,-0.799635,0.469746,0.139785,-0.255883,0.539909,0.001505,-0.063046,-0.736874,0.030665,-2.355870,-0.008530,1.587078,0.773612,-0.421383,0.170510,0.226160,0.001661,-0.048083,0.080748,-0.003550
0.541023,-1.544328,0.276788,1.055141,0.263129,-0.782283,0.940833,-0.157179,-0.015520,-0.798182,0.474348,0.137275,-0.257977,0.539470,0.000815,-0.063467,-0.736699,0.030893,-2.355872,-0.008579,1.587165,0.773610,-0.422381,0.172713,0.226633,0.000711,-0.048176,0.082793,-0.003254
0.542004,-1.535318,0.277641,1.054020,0.263263,-0.784590,0.940654,-0.158471,-0.011976,-0.800648,0.478325,0.137236,-0.260022,0.539303,0.000069,-0.063891,-0.736519,0.031114,-2.355874,-0.008630,1.587253,0.773603,-0.422636,0.175531,0.225230,0.000099,-0.048785,0.084244,-0.004044
0.543158,-1.531488,0.276401,1.051790,0.263622,-0.786194,0.941761,-0.157855,-0.008088,-0.809030,0.483786,0.140590,-0.261813,0.539451,-0.000703,-0.064320,-0.736346,0.031344,-2.355872,-0.008678,1.587342,0.773605,-0.426518,0.174544,0.225651,0.000618,-0.048064,0.085956,-0.001961
0.544045,-1.529578,0.277320,1.048276,0.264609,-0.787673,0.942920,-0.159214,-0.002841,-0.819656,0.491704,0.145012,-0.263288,0.539725,-0.001470,-0.064755,-0.736172,0.031574,-2.355870,-0.008725,1.587430,0.773596,-0.428477,0.174914,0.227063,0.001021,-0.048454,0.086735,-0.003809
0.545056,-1.525555,0.272696,1.046036,0.266427,-0.791037,0.943729,-0.158447,0.002903,-0.828526,0.500403,0.148447,-0.264630,0.539984,-0.002213,-0.065184,-0.735998,0.031803,-2.355870,-0.008773,1.587517,0.773597,-0.428319,0.173751,0.228421,0.000644,-0.048378,0.086916,-0.001526
0.545986,-1.522133,0.270821,1.047170,0.266678,-0.791402,0.943276,-0.158503,0.007589,-0.834961,0.507634,0.151193,-0.266073,0.540277,-0.002917,-0.065612,-0.735822,0.032035,-2.355872,-0.008818,1.587608,0.773591,-0.429839,0.175563,0.229430,-0.000434,-0.046695,0.087689,-0.003618
0.546988,-1.522947,0.272952,1.045508,0.266735,-0.793426,0.942364,-0.159105,0.011130,-0.840767,0.513434,0.154481,-0.267660,0.540658,-0.003573,-0.066044,-0.735645,0.032258,-2.355872,-0.008867,1.587704,0.773586,-0.430604,0.175839,0.228622,-0.000028,-0.047837,0.089534,-0.003964
0.547981,-1.521750,0.270185,1.041803,0.266598,-0.794189,0.943297,-0.159141,0.013740,-0.844880,0.518658,0.157232,-0.269413,0.540987,-0.004155,-0.066474,-0.735474,0.032486,-2.355871,-0.008916,1.587798,0.773584,-0.429608,0.174275,0.229385,0.000606,-0.047437,0.091989,-0.003278
0.549128,-1.523033,0.269667,1.036394,0.268062,-0.795428,0.943891,-0.160244,0.014314,-0.844314,0.522180,0.157255,-0.271512,0.541082,-0.004647,-0.066900,-0.735298,0.032722,-2.355870,-0.008967,1.587895,0.773581,-0.429646,0.175148,0.231049,0.001399,-0.048287,0.092543,-0.003733
0.550013,-1.520725,0.265705,1.034814,0.270205,-0.797550,0.943492,-0.159572,0.011256,-0.839401,0.521500,0.154693,-0.274152,0.540973,-0.005062,-0.067330,-0.735122,0.032958,-2.355871,-0.009014,1.587990,0.773582,-0.429091,0.175096,0.233966,0.000758,-0.049007,0.093797,-0.002121
0.550980,-1.518952,0.265881,1.033545,0.269036,-0.800344,0.943604,-0.160565,0.003827,-0.832887,0.515221,0.151791,-0.277369,0.540886,-0.005429,-0.067756,-0.734944,0.033193,-2.355875,-0.009061,1.588090,0.773573,-0.429179,0.176342,0.234244,-0.000679,-0.048282,0.095463,-0.003935
0.552051,-1.517761,0.264208,1.032016,0.269216,-0.800485,0.942681,-0.160117,-0.007190,-0.826158,0.504591,0.149562,-0.281039,0.540920,-0.005771,-0.068189,-0.734771,0.033428,-2.355871,-0.009106,1.588191,0.773576,-0.429306,0.175688,0.234622,0.001092,-0.047082,0.096769,-0.002442
0.553047,-1.511266,0.261258,1.029733,0.271589,-0.803362,0.940911,-0.160240,-0.020557,-0.817758,0.491664,0.146305,-0.285036,0.540901,-0.006099,-0.068622,-0.734594,0.033665,-2.355869,-0.009157,1.588298,0.773570,-0.429603,0.176095,0.235383,0.001599,-0.048737,0.099319,-0.003915
0.553987,-1.510733,0.261640,1.034103,0.270571,-0.804958,0.941526,-0.161065,-0.035066,-0.807913,0.477948,0.141854,-0.289184,0.540777,-0.006425,-0.069058,-0.734415,0.033906,-2.355873,-0.009201,1.588405,0.773566,-0.432202,0.177004,0.236260,-0.000009,-0.047506,0.102545,-0.004172
0.555147,-1.508778,0.260393,1.024650,0.272469,-0.808387,0.942924,-0.161307,-0.049118,-0.797754,0.465678,0.137154,-0.293217,0.540613,-0.006754,-0.069493,-0.734240,0.034133,-2.355869,-0.009247,1.588509,0.773566,-0.431507,0.176177,0.233811,0.001603,-0.047457,0.103254,-0.003008
0.556040,-1.509467,0.258718,1.024348,0.271886,-0.809633,0.944732,-0.160925,-0.062691,-0.786232,0.455029,0.131758,-0.297117,0.540399,-0.007096,-0.069927,-0.734061,0.034382,-2.355871,-0.009291,1.588614,0.773563,-0.432601,0.176496,0.238686,0.000526,-0.046037,0.103659,-0.003139
0.556973,-1.502371,0.254520,1.021197,0.274399,-0.809927,0.944420,-0.161573,-0.077660,-0.773042,0.442968,0.125806,-0.301134,0.540181,-0.007478,-0.070358,-0.733885,0.034624,-2.355868,-0.009340,1.588717,0.773557,-0.431145,0.176624,0.238249,0.001698,-0.046217,0.103103,-0.004368
0.558054,-1.503647,0.258918,1.018743,0.275343,-0.813996,0.944989,-0.161400,-0.094342,-0.759881,0.428830,0.120536,-0.305313,0.540057,-0.007905,-0.070798,-0.733705,0.034864,-2.355870,-0.009390,1.588823,0.773557,-0.433721,0.178053,0.239432,-0.000143,-0.047408,0.104761,-0.003548
0.559037,-1.500289,0.255159,1.014655,0.275855,-0.815077,0.944643,-0.161875,-0.111933,-0.747311,0.413682,0.116813,-0.309552,0.540117,-0.008367,-0.071228,-0.733537,0.035107,-2.355872,-0.009429,1.588932,0.773552,-0.432840,0.175497,0.240590,-0.000277,-0.045206,0.105804,-0.004465
0.559996,-1.494079,0.253159,1.011043,0.277760,-0.816914,0.944280,-0.162445,-0.130808,-0.733520,0.396977,0.113840,-0.313913,0.540324,-0.008860,-0.071665,-0.733357,0.035351,-2.355870,-0.009477,1.589041,0.773549,-0.433795,0.176812,0.242314,-0.000137,-0.045767,0.107569,-0.004014
0.561130,-1.493299,0.252183,1.009260,0.278109,-0.819131,0.945554,-0.162476,-0.150889,-0.719132,0.378590,0.111576,-0.318383,0.540651,-0.009370,-0.072099,-0.733176,0.035595,-2.355873,-0.009522,1.589155,0.773547,-0.436085,0.177146,0.243728,-0.001333,-0.045501,0.109264,-0.003375
0.562011,-1.488758,0.249505,1.007221,0.281632,-0.821920,0.945216,-0.163786,-0.171284,-0.705957,0.359380,0.110811,-0.322826,0.541161,-0.009871,-0.072535,-0.732999,0.035845,-2.355871,-0.009566,1.589265,0.773542,-0.436415,0.177290,0.244620,-0.000923,-0.045260,0.109700,-0.003909
0.562986,-1.486182,0.248484,1.004436,0.280862,-0.823625,0.945407,-0.163411,-0.191478,-0.694737,0.340103,0.112148,-0.327141,0.541950,-0.010340,-0.072976,-0.732820,0.036089,-2.355878,-0.009607,1.589378,0.773543,-0.437426,0.177875,0.245031,-0.003688,-0.043912,0.111220,-0.001733
0.564059,-1.486094,0.245102,1.005776,0.280742,-0.827988,0.945543,-0.164678,-0.211179,-0.685966,0.321278,0.115978,-0.331265,0.543063,-0.010763,-0.073410,-0.732640,0.036339,-2.355876,-0.009650,1.589493,0.773537,-0.437966,0.177765,0.246011,-0.002246,-0.043870,0.112389,-0.003015
0.564969,-1.488021,0.245550,1.003559,0.281932,-0.828875,0.946261,-0.164585,-0.230158,-0.678692,0.303413,0.120595,-0.335224,0.544264,-0.011134,-0.073846,-0.732461,0.036581,-2.355874,-0.009684,1.589611,0.773537,-0.437677,0.179005,0.245259,-0.001425,-0.041416,0.113799,-0.001021
0.565982,-1.489666,0.246224,1.002414,0.282218,-0.831072,0.948054,-0.164213,-0.248692,-0.671693,0.286528,0.124295,-0.339126,0.545336,-0.011453,-0.074282,-0.732282,0.036829,-2.355877,-0.009729,1.589725,0.773535,-0.435623,0.178047,0.245808,-0.001923,-0.042043,0.114298,-0.001706
0.567042,-1.494552,0.245741,1.001777,0.281741,-0.834192,0.949497,-0.165734,-0.267758,-0.663137,0.269609,0.126433,-0.343099,0.546269,-0.011729,-0.074713,-0.732108,0.037081,-2.355877,-0.009770,1.589841,0.773529,-0.434280,0.177230,0.246036,-0.001497,-0.041570,0.113935,-0.002975
0.567992,-1.490481,0.243359,0.996385,0.283694,-0.836833,0.949837,-0.165460,-0.288341,-0.650979,0.251508,0.126003,-0.347266,0.547024,-0.011970,-0.075145,-0.731931,0.037323,-2.355875,-0.009805,1.589952,0.773534,-0.431489,0.177017,0.246257,-0.000318,-0.040352,0.114053,-0.000476
0.568977,-1.487405,0.241241,0.994719,0.283744,-0.839504,0.950405,-0.165916,-0.310784,-0.635806,0.231416,0.123206,-0.351674,0.547610,-0.012189,-0.075575,-0.731752,0.037576,-2.355879,-0.009842,1.590068,0.773529,-0.432744,0.177566,0.248451,-0.001536,-0.039356,0.115023,-0.001549
0.570005,-1.485879,0.242670,0.992755,0.285664,-0.839391,0.950398,-0.165167,-0.334160,-0.620324,0.209599,0.119755,-0.356197,0.548155,-0.012419,-0.076016,-0.731573,0.037829,-2.355878,-0.009881,1.590187,0.773527,-0.433495,0.178032,0.248832,-0.000917,-0.038383,0.115809,-0.001138
0.571074,-1.481609,0.242610,0.992553,0.285728,-0.843547,0.950342,-0.166451,-0.356846,-0.605624,0.187633,0.116496,-0.360622,0.548736,-0.012694,-0.076453,-0.731396,0.038079,-2.355881,-0.009925,1.590309,0.773520,-0.433711,0.176798,0.249541,-0.002057,-0.040275,0.117251,-0.003180
0.571983,-1.474396,0.238057,0.990084,0.285869,-0.844934,0.949370,-0.165867,-0.377365,-0.590615,0.167362,0.113024,-0.364787,0.549347,-0.013021,-0.076889,-0.731223,0.038330,-2.355881,-0.009955,1.590432,0.773523,-0.435524,0.176448,0.249453,-0.001361,-0.038045,0.118816,-0.001154
0.573038,-1.468546,0.237929,0.992899,0.288055,-0.846237,0.950488,-0.166091,-0.394039,-0.575636,0.150705,0.108976,-0.368574,0.549902,-0.013392,-0.077332,-0.731044,0.038583,-2.355881,-0.009995,1.590558,0.773518,-0.437974,0.178028,0.250061,-0.000872,-0.038209,0.120953,-0.002823
0.574005,-1.463044,0.237782,0.991291,0.289760,-0.847269,0.948989,-0.167057,-0.404947,-0.562958,0.139914,0.105212,-0.371827,0.550405,-0.013809,-0.077776,-0.730866,0.038828,-2.355887,-0.010033,1.590681,0.773517,-0.440402,0.177611,0.248474,-0.002194,-0.038769,0.121292,-0.002913
0.575037,-1.461004,0.240347,0.990761,0.290760,-0.848233,0.949619,-0.166775,-0.408786,-0.553466,0.136671,0.103022,-0.374395,0.550981,-0.014257,-0.078223,-0.730693,0.039079,-2.355891,-0.010075,1.590812,0.773515,-0.442210,0.177125,0.248849,-0.003121,-0.039377,0.124065,-0.001476
0.576098,-1.456302,0.238908,0.991462,0.290146,-0.848998,0.951579,-0.167564,-0.406063,-0.545386,0.140266,0.102169,-0.376338,0.551629,-0.014716,-0.078670,-0.730520,0.039324,-2.355894,-0.010117,1.590940,0.773513,-0.442572,0.175389,0.248897,-0.003321,-0.040177,0.124815,-0.002606
0.577040,-1.456939,0.239313,0.990335,0.291353,-0.850827,0.953162,-0.166851,-0.397946,-0.536431,0.149237,0.101141,-0.377792,0.552208,-0.015180,-0.079112,-0.730348,0.039574,-2.355894,-0.010161,1.591063,0.773512,-0.444491,0.175729,0.248345,-0.001944,-0.041229,0.124336,-0.001569
0.577984,-1.449975,0.239958,0.986762,0.293456,-0.851519,0.954421,-0.168246,-0.385552,-0.526095,0.162481,0.099069,-0.378827,0.552645,-0.015652,-0.079557,-0.730173,0.039820,-2.355897,-0.010199,1.591185,0.773506,-0.443102,0.174912,0.248456,-0.002454,-0.041014,0.124002,-0.003499
0.579111,-1.444073,0.235854,0.985732,0.293389,-0.853408,0.953520,-0.167705,-0.370530,-0.514975,0.177995,0.096736,-0.379505,0.553092,-0.016133,-0.080002,-0.730001,0.040071,-2.355901,-0.010244,1.591312,0.773507,-0.445600,0.174010,0.249741,-0.003808,-0.041888,0.123967,-0.001175
0.580088,-1.434457,0.231856,0.986643,0.292179,-0.854864,0.952961,-0.168717,-0.353456,-0.504817,0.194676,0.095441,-0.379762,0.553705,-0.016611,-0.080455,-0.729823,0.040327,-2.355901,-0.010284,1.591442,0.773499,-0.448270,0.175723,0.250165,-0.002936,-0.041983,0.126480,-0.002866
0.581006,-1.435816,0.232005,0.986872,0.294304,-0.857579,0.953165,-0.167994,-0.333141,-0.498403,0.213797,0.095223,-0.379401,0.554365,-0.017075,-0.080920,-0.729642,0.040571,-2.355898,-0.010324,1.591573,0.773502,-0.451983,0.177100,0.249350,-0.001101,-0.042195,0.128301,-0.001340
0.582057,-1.434715,0.229956,0.981677,0.294587,-0.861288,0.951513,-0.168892,-0.309115,-0.496626,0.236316,0.095546,-0.378359,0.554956,-0.017525,-0.081365,-0.729467,0.040819,-2.355904,-0.010361,1.591707,0.773497,-0.450110,0.176353,0.248693,-0.002478,-0.041050,0.129215,-0.003289
0.583042,-1.424597,0.229086,0.987893,0.294758,-0.862234,0.950541,-0.168702,-0.283726,-0.498496,0.259524,0.096573,-0.376928,0.555546,-0.017971,-0.081820,-0.729291,0.041073,-2.355905,-0.010395,1.591844,0.773500,-0.450033,0.176937,0.251050,-0.001993,-0.039225,0.132271,-0.002032
0.583984,-1.420588,0.227896,0.985679,0.294901,-0.864105,0.950099,-0.169273,-0.258053,-0.502949,0.282131,0.097985,-0.375314,0.556082,-0.018411,-0.082286,-0.729114,0.041314,-2.355905,-0.010436,1.591981,0.773494,-0.454047,0.176791,0.247602,-0.001471,-0.039986,0.134487,-0.002936
0.585031,-1.417197,0.227014,0.987265,0.296716,-0.866277,0.952108,-0.170057,-0.230235,-0.508805,0.306961,0.098823,-0.373390,0.556400,-0.018827,-0.082741,-0.728939,0.041565,-2.355905,-0.010476,1.592120,0.773493,-0.454862,0.176770,0.248229,-0.000956,-0.039710,0.136069,-0.002277
0.586017,-1.417005,0.228013,0.988548,0.294676,-0.867205,0.954888,-0.170348,-0.200116,-0.515478,0.334575,0.099276,-0.371196,0.556521,-0.019209,-0.083201,-0.728763,0.041808,-2.355909,-0.010515,1.592255,0.773494,-0.455829,0.176755,0.247274,-0.001963,-0.039367,0.135425,-0.001266
0.587074,-1.413057,0.221901,0.989360,0.297597,-0.869849,0.957017,-0.170523,-0.169101,-0.521844,0.363633,0.099260,-0.368961,0.556510,-0.019556,-0.083650,-0.728588,0.042053,-2.355903,-0.010557,1.592388,0.773491,-0.455034,0.175694,0.246293,0.000665,-0.040120,0.133910,-0.001205
0.588079,-1.411741,0.222146,0.984632,0.296300,-0.869318,0.956007,-0.169806,-0.138161,-0.528066,0.393508,0.098951,-0.366846,0.556427,-0.019878,-0.084110,-0.728406,0.042297,-2.355909,-0.010595,1.592522,0.773487,-0.456344,0.178270,0.245763,-0.001429,-0.039329,0.133204,-0.001407
0.589005,-1.407744,0.219325,0.981293,0.298029,-0.871079,0.954584,-0.171165,-0.108555,-0.536661,0.422529,0.099929,-0.365011,0.556411,-0.020189,-0.084571,-0.728228,0.042546,-2.355905,-0.010640,1.592661,0.773482,-0.456055,0.177574,0.247821,0.000515,-0.041576,0.135525,-0.003372
0.589973,-1.399714,0.218236,0.975250,0.296518,-0.872495,0.954182,-0.170405,-0.082111,-0.547681,0.447881,0.102143,-0.363697,0.556457,-0.020497,-0.085027,-0.728051,0.042800,-2.355909,-0.010680,1.592805,0.773487,-0.456822,0.178335,0.248891,-0.000504,-0.041356,0.138032,-0.001126
0.591109,-1.398090,0.214546,0.978283,0.299047,-0.873260,0.952903,-0.171284,-0.059742,-0.559803,0.467840,0.104522,-0.363053,0.556472,-0.020806,-0.085494,-0.727873,0.043053,-2.355904,-0.010722,1.592951,0.773481,-0.459684,0.178259,0.251453,0.001594,-0.041574,0.139585,-0.003180
0.591989,-1.392808,0.211920,0.978177,0.299005,-0.876749,0.952776,-0.171616,-0.040669,-0.573251,0.483163,0.107035,-0.363006,0.556434,-0.021114,-0.085954,-0.727689,0.043299,-2.355906,-0.010766,1.593102,0.773480,-0.460156,0.179701,0.249939,-0.000132,-0.042790,0.142353,-0.001991
0.593035,-1.391692,0.208984,0.980319,0.300830,-0.876250,0.952399,-0.172093,-0.023449,-0.589462,0.496313,0.110813,-0.363359,0.556415,-0.021405,-0.086418,-0.727509,0.043550,-2.355903,-0.010806,1.593250,0.773479,-0.461257,0.180233,0.249319,0.000489,-0.040744,0.143429,-0.001800
0.594046,-1.389321,0.206957,0.978808,0.300191,-0.876463,0.952011,-0.172437,-0.007159,-0.609218,0.509301,0.116732,-0.363954,0.556485,-0.021662,-0.086882,-0.727323,0.043798,-2.355907,-0.010852,1.593401,0.773475,-0.461021,0.181124,0.248032,-0.000535,-0.043040,0.145100,-0.001384
0.594985,-1.387587,0.203584,0.976436,0.303038,-0.877472,0.951309,-0.171654,0.008103,-0.631815,0.522395,0.124454,-0.364723,0.556603,-0.021883,-0.087341,-0.727141,0.044045,-2.355904,-0.010900,1.593553,0.773475,-0.461324,0.181542,0.248520,0.000754,-0.044491,0.146702,-0.001241
0.596051,-1.390923,0.202845,0.981007,0.302324,-0.879016,0.952779,-0.172635,0.021351,-0.656720,0.534193,0.133828,-0.365664,0.556740,-0.022074,-0.087804,-0.726957,0.044291,-2.355908,-0.010944,1.593702,0.773468,-0.460935,0.182504,0.249245,-0.001374,-0.045022,0.148485,-0.003298
0.597015,-1.387688,0.197629,0.977190,0.302893,-0.882363,0.951852,-0.173112,0.031589,-0.683365,0.543629,0.144917,-0.366757,0.556925,-0.022238,-0.088264,-0.726773,0.044535,-2.355902,-0.010989,1.593847,0.773470,-0.458593,0.182342,0.246816,-0.000024,-0.045292,0.148366,-0.001876
0.598027,-1.385776,0.201466,0.973147,0.303285,-0.885108,0.951193,-0.172872,0.038431,-0.710787,0.550761,0.156805,-0.367967,0.557090,-0.022370,-0.088719,-0.726587,0.044790,-2.355901,-0.011031,1.594002,0.773471,-0.459196,0.184263,0.248257,0.000052,-0.043550,0.150412,-0.001450
0.599014,-1.382342,0.200113,0.974642,0.302215,-0.886129,0.949220,-0.172967,0.041286,-0.737057,0.554445,0.167922,-0.369355,0.557137,-0.022489,-0.089185,-0.726408,0.045040,-2.355901,-0.011071,1.594157,0.773466,-0.459190,0.181744,0.249957,0.000363,-0.042558,0.152266,-0.002463
0.600050,-1.378108,0.199325,0.972740,0.303222,-0.888185,0.948396,-0.174066,0.040175,-0.758195,0.554241,0.175844,-0.370981,0.556940,-0.022622,-0.089642,-0.726224,0.045290,-2.355897,-0.011116,1.594318,0.773462,-0.459944,0.181799,0.248791,0.002047,-0.043206,0.155359,-0.002777
0.600980,-1.366680,0.198147,0.971913,0.304142,-0.888627,0.948782,-0.173660,0.036619,-0.772371,0.552083,0.179127,-0.372750,0.556387,-0.022760,-0.090105,-0.726044,0.045541,-2.355896,-0.011158,1.594481,0.773464,-0.461244,0.181664,0.249487,0.001708,-0.042918,0.157374,-0.001120
0.602044,-1.367443,0.202591,0.971216,0.305778,-0.892528,0.949426,-0.174471,0.032779,-0.781304,0.550232,0.179092,-0.374479,0.555584,-0.022877,-0.090581,-0.725863,0.045789,-2.355896,-0.011202,1.594640,0.773459,-0.465529,0.181547,0.249376,0.001433,-0.044025,0.157973,-0.002435
0.603018,-1.368839,0.194490,0.970559,0.305565,-0.894547,0.948603,-0.174474,0.029992,-0.785243,0.549892,0.177051,-0.376092,0.554724,-0.022963,-0.091040,-0.725688,0.046041,-2.355896,-0.011241,1.594801,0.773459,-0.464462,0.178880,0.249514,0.000546,-0.041953,0.158600,-0.001357
0.604025,-1.366729,0.194807,0.966988,0.304892,-0.895162,0.947327,-0.174737,0.027233,-0.784854,0.549871,0.173848,-0.377812,0.553907,-0.023020,-0.091503,-0.725498,0.046288,-2.355892,-0.011281,1.594962,0.773459,-0.462645,0.182250,0.249458,0.001359,-0.041626,0.160512,-0.001884
0.605037,-1.364874,0.193149,0.965303,0.307461,-0.896697,0.945552,-0.174958,0.022779,-0.783181,0.548049,0.170173,-0.379930,0.553069,-0.023058,-0.091961,-0.725317,0.046542,-2.355886,-0.011326,1.595131,0.773458,-0.462836,0.181466,0.250870,0.002595,-0.042712,0.162899,-0.001887
0.606092,-1.363180,0.190398,0.964473,0.307751,-0.897482,0.943638,-0.176030,0.016113,-0.781394,0.543537,0.166180,-0.382537,0.552166,-0.023087,-0.092430,-0.725136,0.046798,-2.355889,-0.011371,1.595304,0.773453,-0.462766,0.181730,0.251307,0.000756,-0.042864,0.165766,-0.001964
0.607034,-1.363146,0.185498,0.959039,0.309197,-0.900048,0.941303,-0.175764,0.007604,-0.780189,0.536740,0.162806,-0.385520,0.551308,-0.023099,-0.092896,-0.724951,0.047047,-2.355886,-0.011420,1.595480,0.773456,-0.462843,0.182556,0.251529,0.001162,-0.043844,0.168847,-0.000376
0.608057,-1.356805,0.184950,0.949541,0.308617,-0.901063,0.940146,-0.175861,-0.002741,-0.781753,0.527608,0.161277,-0.388792,0.550571,-0.023094,-0.093352,-0.724767,0.047305,-2.355886,-0.011462,1.595656,0.773451,-0.461693,0.184284,0.253663,0.000356,-0.042833,0.172101,-0.001415
0.609017,-1.354557,0.183665,0.950332,0.309042,-0.902764,0.940637,-0.176797,-0.015943,-0.786735,0.514096,0.161551,-0.392415,0.549905,-0.023097,-0.093829,-0.724584,0.047567,-2.355882,-0.011508,1.595833,0.773448,-0.463852,0.183964,0.257991,0.001583,-0.043550,0.174343,-0.001749
0.610171,-1.348270,0.183726,0.943682,0.309504,-0.904883,0.939887,-0.176022,-0.031959,-0.792893,0.495720,0.162034,-0.396350,0.549205,-0.023115,-0.094283,-0.724398,0.047825,-2.355880,-0.011552,1.596010,0.773452,-0.463901,0.183891,0.256989,0.001767,-0.043439,0.174786,-0.000387
0.611061,-1.347014,0.184404,0.946388,0.311007,-0.906272,0.937185,-0.177002,-0.049241,-0.797704,0.474706,0.161297,-0.400381,0.548430,-0.023146,-0.094756,-0.724216,0.048095,-2.355878,-0.011596,1.596192,0.773445,-0.466669,0.183494,0.260173,0.002068,-0.043329,0.176887,-0.002555
0.611964,-1.345983,0.177204,0.944265,0.312433,-0.906319,0.935781,-0.176161,-0.066392,-0.799615,0.453209,0.158898,-0.404312,0.547597,-0.023195,-0.095222,-0.724033,0.048345,-2.355878,-0.011637,1.596378,0.773446,-0.465744,0.182354,0.258112,0.001173,-0.043415,0.180354,-0.001041
0.612990,-1.343598,0.174934,0.943289,0.311307,-0.909578,0.934682,-0.177485,-0.082603,-0.799822,0.433015,0.155987,-0.407989,0.546779,-0.023254,-0.095684,-0.723842,0.048607,-2.355880,-0.011686,1.596565,0.773440,-0.464841,0.185125,0.258442,0.000421,-0.044812,0.182522,-0.003214
0.614112,-1.347991,0.168367,0.940418,0.311891,-0.912526,0.932447,-0.176776,-0.097809,-0.801734,0.414799,0.154062,-0.411371,0.546001,-0.023312,-0.096151,-0.723656,0.048865,-2.355874,-0.011727,1.596756,0.773443,-0.465138,0.185624,0.258551,0.002149,-0.043297,0.184631,-0.001082
0.615090,-1.343716,0.166393,0.938825,0.313642,-0.912942,0.932899,-0.178017,-0.113003,-0.807107,0.397358,0.152916,-0.414615,0.545116,-0.023376,-0.096612,-0.723464,0.049127,-2.355874,-0.011769,1.596948,0.773438,-0.462521,0.188401,0.259828,0.002317,-0.042316,0.188085,-0.003117
0.616048,-1.341095,0.163096,0.936385,0.315228,-0.915138,0.934593,-0.177641,-0.129228,-0.817035,0.379372,0.153057,-0.417866,0.544135,-0.023453,-0.097073,-0.723275,0.049391,-2.355874,-0.011817,1.597139,0.773441,-0.463627,0.188638,0.260030,0.001244,-0.043519,0.188510,-0.001129
0.617146,-1.339084,0.164097,0.928706,0.315109,-0.918201,0.933235,-0.177799,-0.146156,-0.831654,0.361288,0.155869,-0.421049,0.543302,-0.023544,-0.097538,-0.723083,0.049651,-2.355876,-0.011860,1.597324,0.773437,-0.463738,0.189491,0.260665,0.000368,-0.042903,0.187710,-0.002408
0.618074,-1.337725,0.164515,0.931580,0.316635,-0.917197,0.931155,-0.178709,-0.163905,-0.848388,0.342697,0.160755,-0.424196,0.542712,-0.023672,-0.097999,-0.722895,0.049923,-2.355872,-0.011902,1.597521,0.773435,-0.464235,0.188449,0.264173,0.001179,-0.041749,0.190226,-0.002658
0.619040,-1.337375,0.159925,0.924561,0.317317,-0.921173,0.931038,-0.177212,-0.182933,-0.862958,0.322945,0.165294,-0.427451,0.542224,-0.023845,-0.098462,-0.722712,0.050185,-2.355874,-0.011953,1.597721,0.773435,-0.463600,0.187513,0.261999,0.000324,-0.044251,0.193060,-0.001318
0.620087,-1.333292,0.161010,0.923378,0.319146,-0.921231,0.927435,-0.179412,-0.202994,-0.873754,0.302722,0.168607,-0.430857,0.541784,-0.024052,-0.098929,-0.722517,0.050454,-2.355870,-0.011993,1.597915,0.773424,-0.462580,0.189021,0.264879,0.000240,-0.041874,0.194023,-0.004830
0.621017,-1.332484,0.156685,0.919715,0.318435,-0.921734,0.925365,-0.178371,-0.224128,-0.881909,0.281751,0.171395,-0.434476,0.541436,-0.024273,-0.099389,-0.722334,0.050719,-2.355874,-0.012041,1.598124,0.773431,-0.463918,0.187900,0.265033,-0.000789,-0.043600,0.198609,-0.000942
0.622050,-1.325622,0.152558,0.919849,0.320542,-0.921748,0.926080,-0.179830,-0.245839,-0.887615,0.260262,0.173353,-0.438327,0.541073,-0.024461,-0.099852,-0.722142,0.050987,-2.355871,-0.012086,1.598331,0.773424,-0.462997,0.189253,0.266120,0.000540,-0.044610,0.201376,-0.003555
0.622989,-1.328166,0.146767,0.916254,0.321436,-0.921492,0.926216,-0.179098,-0.266732,-0.892438,0.239926,0.174763,-0.442288,0.540613,-0.024589,-0.100316,-0.721950,0.051253,-2.355875,-0.012136,1.598536,0.773428,-0.465615,0.190638,0.265574,-0.000782,-0.046296,0.201576,-0.001153
0.623990,-1.327392,0.149431,0.919959,0.321659,-0.921555,0.924372,-0.180631,-0.285812,-0.900025,0.221902,0.177821,-0.446193,0.540199,-0.024656,-0.100775,-0.721755,0.051527,-2.355877,-0.012187,1.598744,0.773421,-0.463092,0.192688,0.266587,-0.000967,-0.048041,0.202168,-0.003133
0.625010,-1.330551,0.149090,0.912045,0.320698,-0.923758,0.922902,-0.179785,-0.303241,-0.910250,0.206446,0.182670,-0.449977,0.539857,-0.024671,-0.101238,-0.721568,0.051787,-2.355877,-0.012237,1.598952,0.773426,-0.462519,0.190644,0.264226,-0.000485,-0.049605,0.204889,-0.000574
0.625997,-1.326957,0.149224,0.908817,0.323862,-0.924552,0.922352,-0.180709,-0.320167,-0.917783,0.192625,0.185854,-0.453730,0.539329,-0.024647,-0.101688,-0.721379,0.052063,-2.355873,-0.012286,1.599165,0.773419,-0.460180,0.190171,0.267632,0.001102,-0.049054,0.207219,-0.002828
0.627076,-1.324880,0.145129,0.907075,0.321675,-0.926401,0.922010,-0.180396,-0.338306,-0.919325,0.177700,0.185656,-0.457591,0.538533,-0.024616,-0.102155,-0.721188,0.052332,-2.355880,-0.012338,1.599372,0.773419,-0.460923,0.189376,0.268608,-0.001242,-0.049851,0.208592,-0.001472
0.628014,-1.319802,0.147171,0.903727,0.323247,-0.926879,0.923025,-0.180929,-0.357583,-0.916077,0.161005,0.183082,-0.461476,0.537592,-0.024591,-0.102622,-0.720994,0.052604,-2.355875,-0.012387,1.599589,0.773414,-0.461293,0.190818,0.269052,0.001625,-0.049793,0.209901,-0.002677
0.629029,-1.313823,0.146703,0.902517,0.323560,-0.930005,0.921698,-0.181880,-0.376259,-0.908914,0.144397,0.178156,-0.465181,0.536513,-0.024566,-0.103085,-0.720808,0.052878,-2.355877,-0.012436,1.599797,0.773413,-0.462582,0.189014,0.269927,0.000717,-0.050824,0.209590,-0.002089
0.630053,-1.315490,0.142977,0.903385,0.325033,-0.930667,0.921487,-0.181795,-0.392644,-0.897086,0.129561,0.170660,-0.468564,0.535346,-0.024518,-0.103553,-0.720620,0.053146,-2.355875,-0.012482,1.600010,0.773414,-0.464604,0.188602,0.269995,0.001082,-0.049367,0.211798,-0.000725
0.630997,-1.306896,0.142057,0.904793,0.326803,-0.927766,0.919650,-0.182219,-0.413524,-0.866653,0.111108,0.153698,-0.474018,0.533222,-0.024269,-0.104480,-0.720241,0.053679,-2.355878,-0.012602,1.600451,0.773409,-0.465954,0.189483,0.267651,-0.000726,-0.054650,0.215343,-0.001084
0.632067,-1.304253,0.134937,0.906054,0.326729,-0.929334,0.919372,-0.182260,-0.413524,-0.866653,0.111108,0.153698,-0.474018,0.533222,-0.024269,-0.104480,-0.720241,0.053679,-2.355878,-0.012602,1.600451,0.773409,-0.465954,0.189483,0.267651,-0.000726,-0.054650,0.215343,-0.001084
0.633045,-1.302867,0.136603,0.903924,0.326256,-0.930047,0.921818,-0.183254,-0.415194,-0.854466,0.111340,0.148028,-0.475782,0.532426,-0.024046,-0.104949,-0.720041,0.053944,-2.355876,-0.012655,1.600667,0.773406,-0.466522,0.192359,0.266671,0.000071,-0.054778,0.216558,-0.001568
0.634043,-1.301398,0.133375,0.904597,0.327864,-0.930224,0.923347,-0.183132,-0.410669,-0.846002,0.118285,0.144336,-0.476869,0.531698,-0.023760,-0.105412,-0.719856,0.054215,-2.355874,-0.012715,1.600880,0.773409,-0.466128,0.190812,0.267098,0.001166,-0.055542,0.214862,-0.000092
0.634971,-1.298110,0.129494,0.897332,0.329325,-0.931759,0.923399,-0.183786,-0.401912,-0.839097,0.129531,0.141341,-0.477488,0.531009,-0.023446,-0.105880,-0.719664,0.054477,-2.355878,-0.012776,1.601089,0.773406,-0.465809,0.191717,0.266241,0.000332,-0.056885,0.214182,-0.000880
0.636104,-1.290152,0.132406,0.901980,0.330027,-0.931486,0.925002,-0.183840,-0.390813,-0.833908,0.142407,0.139923,-0.477784,0.530543,-0.023150,-0.106344,-0.719469,0.054751,-2.355878,-0.012834,1.601308,0.773408,-0.466136,0.192783,0.269073,-0.000475,-0.056721,0.214780,-0.000055
0.637071,-1.283776,0.133320,0.898765,0.330888,-0.930092,0.924917,-0.184172,-0.377669,-0.830663,0.156106,0.140731,-0.477746,0.530437,-0.022898,-0.106821,-0.719285,0.055016,-2.355878,-0.012899,1.601521,0.773404,-0.469598,0.190882,0.266520,-0.000391,-0.058770,0.214267,-0.000550
0.637974,-1.272987,0.131903,0.899254,0.330170,-0.930441,0.924006,-0.184368,-0.360737,-0.825757,0.172905,0.141874,-0.477201,0.530627,-0.022693,-0.107303,-0.719097,0.055283,-2.355878,-0.012966,1.601737,0.773404,-0.471415,0.189695,0.267517,-0.000573,-0.061558,0.215107,-0.000394
0.639100,-1.272572,0.132709,0.897636,0.333171,-0.930170,0.926122,-0.183834,-0.338687,-0.816497,0.194420,0.141336,-0.476081,0.530940,-0.022542,-0.107782,-0.718910,0.055549,-2.355874,-0.013029,1.601960,0.773404,-0.475219,0.189595,0.266447,0.000702,-0.062480,0.216583,-0.000487
0.640093,-1.268877,0.128057,0.898590,0.334938,-0.930435,0.927762,-0.184570,-0.311680,-0.803219,0.220169,0.139007,-0.474493,0.531291,-0.022452,-0.108257,-0.718722,0.055814,-2.355879,-0.013097,1.602176,0.773399,-0.474837,0.188705,0.267067,-0.001424,-0.064474,0.215510,-0.002148
0.640966,-1.265330,0.127368,0.899927,0.333763,-0.928161,0.929003,-0.184213,-0.281133,-0.788858,0.248374,0.137400,-0.472626,0.531848,-0.022428,-0.108732,-0.718528,0.056081,-2.355884,-0.013168,1.602387,0.773399,-0.475526,0.190294,0.265997,-0.002389,-0.065597,0.214692,-0.001180
0.642042,-1.262737,0.123040,0.900806,0.334179,-0.926074,0.930726,-0.185309,-0.248180,-0.775954,0.278167,0.137913,-0.470611,0.532627,-0.022456,-0.109214,-0.718339,0.056345,-2.355880,-0.013248,1.602603,0.773394,-0.475504,0.189731,0.264462,-0.000654,-0.068948,0.213992,-0.002361
0.643031,-1.255213,0.122319,0.896848,0.335269,-0.926839,0.933311,-0.184575,-0.213250,-0.764573,0.309867,0.139206,-0.468481,0.533382,-0.022509,-0.109697,-0.718144,0.056604,-2.355878,-0.013327,1.602812,0.773396,-0.475937,0.191276,0.263769,-0.000382,-0.072532,0.213279,-0.000721
0.643990,-1.255261,0.118841,0.893589,0.336211,-0.925557,0.933035,-0.185257,-0.177128,-0.755191,0.342609,0.140964,-0.466228,0.534060,-0.022565,-0.110174,-0.717957,0.056872,-2.355878,-0.013403,1.603022,0.773389,-0.478521,0.190926,0.265180,-0.000805,-0.073076,0.211499,-0.002724
0.645080,-1.252523,0.121542,0.887900,0.337723,-0.926463,0.933957,-0.186240,-0.141512,-0.748554,0.373875,0.143911,-0.463910,0.534785,-0.022619,-0.110652,-0.717764,0.057137,-2.355879,-0.013486,1.603239,0.773390,-0.477104,0.191873,0.266157,-0.001039,-0.075578,0.212516,-0.001844
0.646030,-1.244790,0.126879,0.884472,0.337346,-0.926537,0.933840,-0.187217,-0.109085,-0.743635,0.400166,0.147864,-0.461721,0.535630,-0.022654,-0.111135,-0.717576,0.057410,-2.355883,-0.013562,1.603451,0.773389,-0.477683,0.189969,0.268620,-0.001705,-0.076211,0.212604,-0.000449
0.646980,-1.241129,0.125889,0.880843,0.338156,-0.926727,0.934299,-0.187377,-0.081341,-0.735756,0.419691,0.150484,-0.459820,0.536492,-0.022652,-0.111618,-0.717399,0.057682,-2.355881,-0.013643,1.603666,0.773388,-0.480121,0.186657,0.269571,-0.000691,-0.077348,0.213434,0.001005
0.648105,-1.235819,0.128582,0.881127,0.338037,-0.927520,0.935504,-0.186970,-0.057914,-0.720496,0.433208,0.149119,-0.458246,0.537156,-0.022605,-0.112104,-0.717213,0.057953,-2.355883,-0.013725,1.603880,0.773387,-0.480441,0.186442,0.270650,-0.000797,-0.078354,0.213683,0.000803
0.649098,-1.235373,0.125868,0.883393,0.338650,-0.927737,0.936877,-0.188389,-0.037845,-0.698000,0.442446,0.143408,-0.456994,0.537493,-0.022519,-0.112586,-0.717030,0.058222,-2.355880,-0.013806,1.604093,0.773383,-0.482480,0.184665,0.270244,0.000030,-0.079138,0.213559,-0.000605
0.650043,-1.230380,0.125753,0.882773,0.339926,-0.928688,0.939793,-0.187351,-0.003085,-0.641523,0.457533,0.123425,-0.455325,0.537158,-0.022236,-0.113555,-0.716659,0.058752,-2.355881,-0.013975,1.604511,0.773380,-0.482426,0.184699,0.268184,-0.000487,-0.080388,0.210816,-0.000876
0.651106,-1.232699,0.121407,0.879833,0.341437,-0.927129,0.940874,-0.188516,-0.003085,-0.641523,0.457533,0.123425,-0.455325,0.537158,-0.022236,-0.113555,-0.716659,0.058752,-2.355881,-0.013975,1.604511,0.773380,-0.482426,0.184699,0.268184,-0.000487,-0.080388,0.210816,-0.000876
0.652168,-1.231239,0.120461,0.880686,0.340248,-0.926641,0.939947,-0.188538,0.011816,-0.614921,0.464843,0.113799,-0.454970,0.536876,-0.022056,-0.114029,-0.716472,0.059024,-2.355885,-0.014070,1.604722,0.773387,-0.480414,0.186331,0.269219,-0.001163,-0.083279,0.210727,0.000906
0.653006,-1.222087,0.122934,0.878876,0.342308,-0.924536,0.939532,-0.188504,0.023565,-0.593313,0.470229,0.106410,-0.455126,0.536695,-0.021877,-0.114512,-0.716286,0.059288,-2.355880,-0.014159,1.604934,0.773385,-0.480227,0.186225,0.268407,0.000663,-0.085118,0.212631,0.000370
0.654105,-1.222587,0.123221,0.878177,0.341475,-0.924329,0.940847,-0.188572,0.032671,-0.575435,0.474595,0.099896,-0.455738,0.536472,-0.021716,-0.114995,-0.716107,0.059565,-2.355883,-0.014254,1.605149,0.773381,-0.482872,0.184137,0.268214,-0.000764,-0.088065,0.213509,-0.000128
0.655091,-1.217903,0.124780,0.875869,0.344738,-0.923578,0.940381,-0.188705,0.040346,-0.558139,0.479582,0.092700,-0.456630,0.536136,-0.021591,-0.115476,-0.715924,0.059833,-2.355879,-0.014347,1.605362,0.773379,-0.481839,0.183551,0.268256,0.000768,-0.089666,0.213209,-0.000572
0.656022,-1.213104,0.124544,0.875730,0.345429,-0.922992,0.941235,-0.188813,0.046395,-0.540187,0.484812,0.084685,-0.457762,0.535738,-0.021515,-0.115962,-0.715743,0.060104,-2.355887,-0.014443,1.605580,0.773377,-0.482872,0.182151,0.268774,-0.001659,-0.091551,0.214459,-0.000820
0.657081,-1.207212,0.123607,0.867888,0.346127,-0.925296,0.942691,-0.188623,0.050890,-0.522254,0.490105,0.077074,-0.459046,0.535433,-0.021496,-0.116443,-0.715565,0.060371,-2.355888,-0.014538,1.605798,0.773378,-0.483767,0.181608,0.268091,-0.001663,-0.093161,0.214241,-0.001102
0.658022,-1.205707,0.118726,0.864963,0.345815,-0.926335,0.941686,-0.189485,0.054065,-0.505494,0.495015,0.070685,-0.460414,0.535282,-0.021541,-0.116935,-0.715383,0.060646,-2.355889,-0.014631,1.606013,0.773377,-0.485661,0.181563,0.271550,-0.001590,-0.092154,0.213713,-0.002049
0.659021,-1.205025,0.118565,0.866204,0.348921,-0.924235,0.943133,-0.189042,0.055018,-0.491791,0.497284,0.065610,-0.461983,0.535155,-0.021647,-0.117423,-0.715196,0.060921,-2.355887,-0.014725,1.606233,0.773377,-0.484841,0.183263,0.272182,-0.000661,-0.092180,0.215397,-0.000803
0.660083,-1.206580,0.112289,0.866696,0.349629,-0.923812,0.942417,-0.190324,0.053446,-0.483483,0.496326,0.062799,-0.463752,0.535000,-0.021800,-0.117899,-0.715014,0.061190,-2.355895,-0.014827,1.606448,0.773371,-0.484034,0.182712,0.270960,-0.002915,-0.095409,0.214736,-0.002226
0.661073,-1.207895,0.110127,0.867807,0.350503,-0.925106,0.944742,-0.189892,0.050156,-0.482690,0.493880,0.064021,-0.465508,0.534924,-0.021980,-0.118378,-0.714823,0.061455,-2.355895,-0.014928,1.606667,0.773375,-0.482363,0.185263,0.270339,-0.002852,-0.097069,0.216393,-0.000208
0.661973,-1.209413,0.109661,0.867658,0.349941,-0.924184,0.947706,-0.190574,0.045495,-0.490859,0.491114,0.070033,-0.467095,0.534959,-0.022167,-0.118851,-0.714634,0.061724,-2.355897,-0.015027,1.606882,0.773371,-0.480553,0.185622,0.269180,-0.002996,-0.096869,0.214830,-0.001616
0.663087,-1.209075,0.107729,0.865532,0.348071,-0.925383,0.949239,-0.190978,0.039089,-0.505825,0.488253,0.079167,-0.468502,0.535025,-0.022347,-0.119337,-0.714452,0.061986,-2.355896,-0.015129,1.607094,0.773370,-0.478077,0.185079,0.268491,-0.001823,-0.098700,0.212475,-0.000705
0.664019,-1.206951,0.110026,0.861214,0.348354,-0.926120,0.949801,-0.191028,0.030371,-0.522910,0.484832,0.088031,-0.469826,0.534940,-0.022512,-0.119812,-0.714263,0.062255,-2.355888,-0.015225,1.607301,0.773369,-0.477661,0.185549,0.269290,0.000653,-0.098889,0.212060,-0.000493
0.664989,-1.202234,0.108016,0.860556,0.351383,-0.928751,0.948622,-0.190848,0.018904,-0.538075,0.479796,0.093525,-0.471189,0.534525,-0.022666,-0.120283,-0.714085,0.062530,-2.355887,-0.015325,1.607513,0.773367,-0.477338,0.183714,0.270613,0.000987,-0.099131,0.212194,-0.000889
0.666050,-1.200646,0.109632,0.856436,0.352537,-0.929479,0.945789,-0.191307,0.005092,-0.549915,0.472968,0.095709,-0.472558,0.533936,-0.022811,-0.120763,-0.713899,0.062797,-2.355892,-0.015421,1.607729,0.773362,-0.478390,0.184030,0.270292,-0.001288,-0.097581,0.214132,-0.001751
0.667104,-1.198264,0.103001,0.857526,0.351857,-0.929974,0.942977,-0.192344,-0.010106,-0.559656,0.464984,0.096864,-0.473848,0.533466,-0.022931,-0.121235,-0.713718,0.063070,-2.355892,-0.015520,1.607955,0.773364,-0.478363,0.182707,0.271905,-0.001690,-0.098134,0.217855,-0.001390
0.668031,-1.201867,0.100477,0.858207,0.352026,-0.929240,0.945220,-0.191576,-0.025982,-0.569023,0.456397,0.097819,-0.475131,0.533056,-0.023000,-0.121717,-0.713529,0.063341,-2.355889,-0.015624,1.608184,0.773366,-0.478590,0.185464,0.270863,-0.000316,-0.098836,0.221510,0.000125
0.669096,-1.205806,0.092518,0.856888,0.353312,-0.928136,0.948128,-0.192861,-0.042074,-0.580256,0.448111,0.098621,-0.476553,0.532486,-0.023008,-0.122191,-0.713340,0.063605,-2.355889,-0.015729,1.608397,0.773360,-0.475316,0.185898,0.269815,0.000148,-0.100497,0.219882,-0.001915
0.670051,-1.200857,0.092671,0.857357,0.352296,-0.927863,0.950533,-0.192251,-0.059060,-0.596193,0.439737,0.100888,-0.478293,0.531805,-0.022965,-0.122657,-0.713145,0.063876,-2.355891,-0.015838,1.608611,0.773363,-0.472629,0.189250,0.270048,-0.000365,-0.102787,0.217923,0.000115
0.671085,-1.200392,0.093215,0.856053,0.353207,-0.927464,0.952908,-0.193084,-0.095871,-0.641636,0.422696,0.111559,-0.482839,0.530413,-0.022731,-0.123602,-0.712771,0.064413,-2.355887,-0.016049,1.609036,0.773362,-0.473109,0.187507,0.269288,0.001044,-0.105559,0.214780,-0.000503
0.672135,-1.200283,0.090768,0.854396,0.354223,-0.925757,0.951846,-0.193112,-0.095871,-0.641636,0.422696,0.111559,-0.482839,0.530413,-0.022731,-0.123602,-0.712771,0.064413,-2.355887,-0.016049,1.609036,0.773362,-0.473109,0.187507,0.269288,0.001044,-0.105559,0.214780,-0.000503
0.673105,-1.194991,0.087135,0.852277,0.354856,-0.928092,0.953739,-0.194019,-0.114437,-0.663767,0.415526,0.116770,-0.485455,0.529708,-0.022561,-0.124073,-0.712582,0.064684,-2.355887,-0.016163,1.609258,0.773358,-0.472324,0.188127,0.269643,0.000759,-0.108373,0.216749,-0.001005
0.674045,-1.193486,0.086733,0.844870,0.353597,-0.929593,0.953324,-0.193565,-0.133146,-0.684977,0.408761,0.122170,-0.488173,0.529144,-0.022376,-0.124551,-0.712392,0.064954,-2.355887,-0.016266,1.609473,0.773361,-0.473694,0.189204,0.270025,0.000800,-0.107024,0.215578,0.000297
0.674987,-1.193073,0.085926,0.843445,0.353234,-0.929956,0.952145,-0.193262,-0.152317,-0.705421,0.401258,0.127405,-0.490974,0.528673,-0.022197,-0.125021,-0.712206,0.065233,-2.355884,-0.016373,1.609692,0.773356,-0.473083,0.188635,0.272899,0.002672,-0.106455,0.216675,-0.001118
0.676010,-1.189297,0.086202,0.842727,0.354076,-0.929964,0.953351,-0.194230,-0.173130,-0.722386,0.390874,0.130154,-0.493998,0.528028,-0.022055,-0.125493,-0.712017,0.065500,-2.355881,-0.016481,1.609918,0.773352,-0.471931,0.188264,0.272871,0.003609,-0.107026,0.218486,-0.002210
0.677058,-1.187573,0.087246,0.847932,0.355013,-0.929454,0.952254,-0.193240,-0.195344,-0.733720,0.377851,0.129162,-0.497197,0.527056,-0.021956,-0.125972,-0.711829,0.065774,-2.355879,-0.016589,1.610134,0.773354,-0.472774,0.187477,0.272644,0.003422,-0.108115,0.218108,-0.000799
0.678054,-1.189624,0.083762,0.844010,0.355979,-0.929172,0.951319,-0.194366,-0.216484,-0.738958,0.365732,0.125026,-0.500207,0.525839,-0.021874,-0.126438,-0.711646,0.066040,-2.355877,-0.016699,1.610357,0.773347,-0.472823,0.186405,0.269587,0.003175,-0.109755,0.220093,-0.003349
0.679157,-1.192949,0.079663,0.848249,0.357430,-0.929903,0.953802,-0.194403,-0.235067,-0.739153,0.356664,0.118997,-0.502759,0.524498,-0.021787,-0.126907,-0.711454,0.066312,-2.355876,-0.016811,1.610581,0.773350,-0.470705,0.187437,0.270963,0.002860,-0.111026,0.221776,-0.001595
0.680184,-1.194740,0.075227,0.847715,0.358047,-0.932616,0.952862,-0.194940,-0.251876,-0.737966,0.349544,0.113434,-0.504847,0.523227,-0.021686,-0.127365,-0.711261,0.066580,-2.355876,-0.016920,1.610799,0.773347,-0.468591,0.188914,0.268513,0.002174,-0.111539,0.220273,-0.002121
0.681061,-1.194166,0.075576,0.840948,0.359910,-0.935123,0.951155,-0.195291,-0.267558,-0.739404,0.343594,0.110594,-0.506475,0.522222,-0.021572,-0.127827,-0.711068,0.066849,-2.355874,-0.017027,1.611025,0.773347,-0.466855,0.190446,0.268285,0.002232,-0.109919,0.222045,-0.001582
0.682033,-1.197570,0.075492,0.839970,0.358424,-0.935889,0.950289,-0.195380,-0.283200,-0.744076,0.337091,0.110770,-0.507749,0.521506,-0.021451,-0.128296,-0.710880,0.067123,-2.355876,-0.017130,1.611251,0.773345,-0.465540,0.189368,0.270731,0.001017,-0.108242,0.224246,-0.001344
0.683119,-1.187098,0.069927,0.837112,0.359504,-0.937954,0.949790,-0.196008,-0.300699,-0.748450,0.327048,0.111806,-0.508930,0.520906,-0.021334,-0.128749,-0.710696,0.067395,-2.355868,-0.017238,1.611480,0.773344,-0.462828,0.188741,0.270504,0.003028,-0.108470,0.225770,-0.001683
0.683982,-1.180811,0.067991,0.836981,0.359677,-0.939126,0.949861,-0.195624,-0.319399,-0.750585,0.313944,0.111709,-0.510025,0.520214,-0.021229,-0.129226,-0.710500,0.067666,-2.355867,-0.017342,1.611707,0.773345,-0.467375,0.190910,0.271559,0.002665,-0.107665,0.227192,-0.000998
0.685015,-1.175498,0.070346,0.838342,0.359636,-0.941946,0.949247,-0.196972,-0.335837,-0.752641,0.301549,0.111028,-0.510737,0.519421,-0.021137,-0.129693,-0.710310,0.067936,-2.355865,-0.017448,1.611937,0.773340,-0.468840,0.190940,0.270650,0.003046,-0.107268,0.227542,-0.002226
0.686064,-1.170055,0.067557,0.839827,0.361121,-0.944326,0.946307,-0.196169,-0.347108,-0.753872,0.293404,0.109343,-0.510885,0.518526,-0.021041,-0.130168,-0.710124,0.068206,-2.355861,-0.017550,1.612172,0.773345,-0.470518,0.189138,0.269456,0.003712,-0.105606,0.228926,-0.000066
0.687053,-1.170483,0.067638,0.840326,0.360813,-0.943912,0.946485,-0.197423,-0.351776,-0.751701,0.291589,0.105337,-0.510499,0.517427,-0.020924,-0.130647,-0.709930,0.068470,-2.355860,-0.017651,1.612410,0.773339,-0.472295,0.189895,0.268329,0.002926,-0.104451,0.232670,-0.002249
0.687997,-1.166183,0.061864,0.838700,0.362606,-0.942767,0.946003,-0.198250,-0.349756,-0.746246,0.296252,0.099222,-0.509739,0.516086,-0.020788,-0.131108,-0.709742,0.068737,-2.355856,-0.017758,1.612642,0.773343,-0.471043,0.189143,0.267489,0.003839,-0.105922,0.233146,-0.000241
0.689044,-1.167054,0.064935,0.837795,0.362405,-0.942263,0.946860,-0.198172,-0.342331,-0.739288,0.305699,0.092216,-0.508825,0.514564,-0.020654,-0.131583,-0.709546,0.069004,-2.355857,-0.017866,1.612877,0.773345,-0.471835,0.191186,0.267606,0.002705,-0.107996,0.234208,0.000892
0.689988,-1.167738,0.059800,0.831249,0.364043,-0.941840,0.947143,-0.197975,-0.331156,-0.731975,0.317742,0.085397,-0.507881,0.512986,-0.020569,-0.132048,-0.709358,0.069273,-2.355852,-0.017979,1.613111,0.773344,-0.470594,0.189009,0.267607,0.003541,-0.109587,0.234135,0.000163
0.691147,-1.163958,0.059843,0.836149,0.365562,-0.943048,0.946073,-0.198124,-0.306315,-0.715948,0.338110,0.073781,-0.506296,0.510269,-0.020759,-0.132995,-0.708977,0.069811,-2.355852,-0.018201,1.613589,0.773339,-0.470419,0.190324,0.267510,0.001835,-0.111041,0.236494,-0.001027
0.691980,-1.154137,0.056526,0.829306,0.365580,-0.945498,0.943052,-0.198709,-0.306315,-0.715948,0.338110,0.073781,-0.506296,0.510269,-0.020759,-0.132995,-0.708977,0.069811,-2.355852,-0.018201,1.613589,0.773339,-0.470419,0.190324,0.267510,0.001835,-0.111041,0.236494,-0.001027
0.692990,-1.148172,0.054491,0.826636,0.368419,-0.945652,0.939504,-0.198457,-0.292491,-0.709629,0.346719,0.070396,-0.505326,0.509424,-0.021037,-0.133474,-0.708785,0.070085,-2.355850,-0.018309,1.613837,0.773339,-0.473407,0.190992,0.269894,0.002362,-0.109259,0.239786,-0.000291
0.694035,-1.140379,0.054947,0.825568,0.368969,-0.945824,0.938713,-0.198920,-0.276190,-0.705200,0.355739,0.068577,-0.503939,0.508915,-0.021409,-0.133952,-0.708593,0.070357,-2.355854,-0.018420,1.614091,0.773336,-0.475267,0.191302,0.270621,0.000308,-0.110167,0.243948,-0.001339
0.695041,-1.139189,0.054104,0.826404,0.370296,-0.946623,0.937800,-0.198703,-0.257007,-0.702780,0.365218,0.068707,-0.502016,0.508731,-0.021850,-0.134438,-0.708406,0.070628,-2.355852,-0.018533,1.614338,0.773334,-0.478118,0.190462,0.270664,0.000449,-0.111082,0.245426,-0.000946
0.696010,-1.131598,0.053267,0.827953,0.369531,-0.946519,0.936580,-0.199087,-0.234503,-0.700635,0.376218,0.070052,-0.499470,0.508775,-0.022329,-0.134915,-0.708217,0.070895,-2.355854,-0.018643,1.614590,0.773331,-0.477564,0.190212,0.269694,-0.000135,-0.111304,0.246937,-0.001916
0.696968,-1.137741,0.049126,0.828798,0.371084,-0.947585,0.935347,-0.198892,-0.208608,-0.696903,0.389842,0.071116,-0.496327,0.508845,-0.022811,-0.135403,-0.708028,0.071159,-2.355851,-0.018755,1.614840,0.773330,-0.479960,0.189888,0.268304,0.001260,-0.112358,0.248697,-0.001647
0.698081,-1.131003,0.049499,0.828549,0.369290,-0.948496,0.933983,-0.199518,-0.180074,-0.691558,0.406192,0.071281,-0.492735,0.508784,-0.023265,-0.135868,-0.707832,0.071426,-2.355852,-0.018867,1.615096,0.773326,-0.475633,0.191142,0.267223,0.000381,-0.112197,0.250411,-0.002546
0.698993,-1.132451,0.043823,0.820070,0.370690,-0.949362,0.933185,-0.200102,-0.150624,-0.685077,0.423853,0.070284,-0.488966,0.508484,-0.023666,-0.136354,-0.707643,0.071696,-2.355844,-0.018982,1.615353,0.773329,-0.478325,0.190422,0.267058,0.002791,-0.112505,0.252575,-0.001881
0.699993,-1.127243,0.043206,0.822269,0.372861,-0.947656,0.932607,-0.199860,-0.122335,-0.677738,0.440094,0.067770,-0.485329,0.507881,-0.024012,-0.136829,-0.707447,0.071971,-2.355845,-0.019094,1.615611,0.773328,-0.476023,0.192374,0.270448,0.002020,-0.112452,0.253727,-0.001196
0.701087,-1.121704,0.038544,0.812401,0.372723,-0.949825,0.930603,-0.200492,-0.096926,-0.671642,0.452464,0.065582,-0.482028,0.507214,-0.024318,-0.137306,-0.707258,0.072237,-2.355847,-0.019217,1.615868,0.773325,-0.477523,0.191967,0.268746,0.000571,-0.115074,0.254866,-0.002217
0.701993,-1.119878,0.040402,0.809421,0.373486,-0.950227,0.928196,-0.200224,-0.074547,-0.668743,0.460737,0.065665,-0.479079,0.506756,-0.024594,-0.137792,-0.707062,0.072517,-2.355844,-0.019332,1.616131,0.773325,-0.479464,0.193687,0.273271,0.001426,-0.114043,0.257605,-0.001517
0.702978,-1.111383,0.031950,0.806636,0.373313,-0.950791,0.926226,-0.200930,-0.055715,-0.667981,0.464017,0.067175,-0.476635,0.506484,-0.024854,-0.138269,-0.706871,0.072794,-2.355841,-0.019449,1.616397,0.773323,-0.478775,0.191862,0.273797,0.001228,-0.114406,0.260326,-0.002544
0.704100,-1.111594,0.033336,0.806287,0.376525,-0.950677,0.924702,-0.200836,-0.040457,-0.668463,0.462456,0.069073,-0.474814,0.506314,-0.025104,-0.138756,-0.706673,0.073074,-2.355837,-0.019564,1.616669,0.773323,-0.481721,0.195326,0.274444,0.001983,-0.114781,0.262730,-0.001638
0.705076,-1.110799,0.029880,0.805046,0.377954,-0.952296,0.923651,-0.201280,-0.027234,-0.671879,0.458514,0.072349,-0.473488,0.506316,-0.025333,-0.139240,-0.706481,0.073343,-2.355841,-0.019682,1.616935,0.773319,-0.480901,0.194047,0.274346,-0.000367,-0.116106,0.265010,-0.002423
0.705969,-1.107060,0.029283,0.807467,0.377504,-0.950005,0.922403,-0.200910,-0.015756,-0.678713,0.453204,0.078352,-0.472592,0.506633,-0.025525,-0.139714,-0.706286,0.073618,-2.355843,-0.019800,1.617205,0.773318,-0.480075,0.195001,0.274254,-0.001063,-0.115362,0.266489,-0.002041
0.707097,-1.110023,0.029415,0.803975,0.380435,-0.950644,0.921280,-0.202249,0.002254,-0.695215,0.442718,0.094907,-0.471834,0.507729,-0.025773,-0.140677,-0.705899,0.074163,-2.355848,-0.020042,1.617755,0.773317,-0.478139,0.193761,0.273609,-0.002031,-0.118895,0.269812,-0.001160
0.708026,-1.105616,0.023250,0.804434,0.380121,-0.952588,0.920622,-0.202407,0.002254,-0.695215,0.442718,0.094907,-0.471834,0.507729,-0.025773,-0.140677,-0.705899,0.074163,-2.355848,-0.020042,1.617755,0.773317,-0.478139,0.193761,0.273609,-0.002031,-0.118895,0.269812,-0.001160
0.709024,-1.106329,0.019846,0.807721,0.381192,-0.951107,0.920534,-0.201999,0.008091,-0.702715,0.437617,0.103957,-0.471852,0.508301,-0.025837,-0.141153,-0.705702,0.074434,-2.355848,-0.020162,1.618030,0.773317,-0.478914,0.195974,0.272560,-0.001025,-0.117707,0.270760,-0.001360
0.710015,-1.100285,0.021657,0.802651,0.380443,-0.951962,0.918021,-0.203245,0.012162,-0.712257,0.433305,0.114243,-0.471933,0.508932,-0.025883,-0.141631,-0.705503,0.074698,-2.355848,-0.020283,1.618301,0.773311,-0.477363,0.196849,0.270372,-0.001416,-0.120134,0.271315,-0.002695
0.710977,-1.095840,0.025739,0.804490,0.381563,-0.954126,0.914372,-0.202791,0.015335,-0.723035,0.431070,0.124563,-0.471876,0.509561,-0.025920,-0.142107,-0.705310,0.074974,-2.355846,-0.020405,1.618585,0.773314,-0.479244,0.195160,0.272262,-0.000016,-0.120142,0.274229,-0.000708
0.711985,-1.093488,0.021659,0.800372,0.383747,-0.956880,0.912383,-0.203453,0.017739,-0.729518,0.430726,0.131653,-0.471626,0.509999,-0.025956,-0.142587,-0.705123,0.075243,-2.355846,-0.020523,1.618871,0.773309,-0.480094,0.192387,0.270627,-0.000471,-0.118824,0.278198,-0.002143
0.713017,-1.090192,0.023117,0.803856,0.383977,-0.957394,0.912864,-0.202899,0.019436,-0.729297,0.431885,0.134679,-0.471168,0.510216,-0.025993,-0.143070,-0.704925,0.075518,-2.355851,-0.020638,1.619153,0.773309,-0.480078,0.193679,0.272078,-0.001839,-0.117053,0.280596,-0.001336
0.713977,-1.094208,0.022124,0.803314,0.385864,-0.957876,0.912659,-0.203784,0.020452,-0.724904,0.434154,0.135712,-0.470514,0.510360,-0.026026,-0.143547,-0.704735,0.075784,-2.355851,-0.020761,1.619435,0.773304,-0.480730,0.192266,0.269844,-0.001334,-0.117528,0.280566,-0.002994
0.715062,-1.092539,0.022972,0.804673,0.386338,-0.958424,0.914596,-0.203626,0.020774,-0.717553,0.437516,0.135792,-0.469723,0.510485,-0.026043,-0.144021,-0.704541,0.076050,-2.355857,-0.020875,1.619713,0.773303,-0.477385,0.191965,0.269475,-0.002434,-0.117937,0.281124,-0.001704
0.716098,-1.093116,0.018057,0.810282,0.386227,-0.958340,0.913858,-0.203998,0.019775,-0.707274,0.441287,0.135357,-0.468921,0.510611,-0.026034,-0.144494,-0.704350,0.076318,-2.355857,-0.020998,1.619992,0.773300,-0.477541,0.190952,0.268448,-0.002121,-0.118468,0.279777,-0.002606
0.717090,-1.098415,0.015344,0.808801,0.386230,-0.962121,0.915303,-0.204709,0.017980,-0.695531,0.446209,0.134803,-0.468095,0.510701,-0.025987,-0.144970,-0.704156,0.076578,-2.355857,-0.021119,1.620279,0.773296,-0.476264,0.192748,0.265239,-0.001294,-0.119545,0.280999,-0.002388
0.717984,-1.097025,0.012745,0.804383,0.386973,-0.963924,0.915049,-0.204018,0.015685,-0.684994,0.452841,0.134442,-0.467241,0.510671,-0.025893,-0.145438,-0.703961,0.076842,-2.355857,-0.021230,1.620557,0.773297,-0.472522,0.193310,0.265465,-0.000611,-0.116722,0.279948,-0.001493
0.718996,-1.101499,0.015839,0.801071,0.386658,-0.964819,0.916602,-0.205340,0.010752,-0.677278,0.457979,0.134709,-0.466611,0.510530,-0.025763,-0.145904,-0.703767,0.077115,-2.355857,-0.021345,1.620837,0.773290,-0.471736,0.193700,0.266775,-0.000723,-0.115685,0.280416,-0.003348
0.720008,-1.096758,0.015462,0.798183,0.387731,-0.966035,0.915808,-0.204813,0.000891,-0.670604,0.457885,0.134893,-0.466456,0.510308,-0.025616,-0.146370,-0.703578,0.077382,-2.355856,-0.021460,1.621114,0.773291,-0.468515,0.191453,0.267912,0.000272,-0.115804,0.279313,-0.001207
0.721092,-1.095155,0.016312,0.798094,0.389598,-0.969297,0.916067,-0.205622,-0.014438,-0.661631,0.451365,0.133514,-0.466816,0.510007,-0.025464,-0.146839,-0.703387,0.077654,-2.355856,-0.021574,1.621398,0.773285,-0.469935,0.190962,0.268764,-0.000114,-0.115592,0.280553,-0.002815
0.722001,-1.084200,0.013603,0.795237,0.388590,-0.969997,0.916950,-0.204824,-0.033509,-0.649812,0.440229,0.130830,-0.467478,0.509736,-0.025317,-0.147311,-0.703200,0.077922,-2.355859,-0.021684,1.621683,0.773286,-0.470024,0.189997,0.268451,-0.001149,-0.113515,0.280849,-0.001752
0.722982,-1.085852,0.014099,0.796732,0.389737,-0.972405,0.916075,-0.205780,-0.071898,-0.623383,0.416535,0.124397,-0.468644,0.509516,-0.025056,-0.148258,-0.702818,0.078452,-2.355856,-0.021912,1.622241,0.773279,-0.471927,0.189498,0.267752,-0.000041,-0.112146,0.281478,-0.002409
0.724095,-1.089911,0.012159,0.792912,0.390295,-0.974879,0.917555,-0.205468,-0.071898,-0.623383,0.416535,0.124397,-0.468644,0.509516,-0.025056,-0.148258,-0.702818,0.078452,-2.355856,-0.021912,1.622241,0.773279,-0.471927,0.189498,0.267752,-0.000041,-0.112146,0.281478,-0.002409
0.725155,-1.091877,0.012119,0.795493,0.392448,-0.975760,0.918602,-0.206096,-0.089750,-0.610148,0.405727,0.120668,-0.469140,0.509455,-0.024947,-0.148725,-0.702631,0.078722,-2.355856,-0.022019,1.622521,0.773274,-0.469388,0.189996,0.269403,0.000178,-0.110959,0.280634,-0.003633
0.725977,-1.094437,0.005024,0.793690,0.391164,-0.978108,0.919036,-0.206612,-0.108833,-0.598087,0.393143,0.117808,-0.469863,0.509510,-0.024862,-0.149191,-0.702444,0.078988,-2.355861,-0.022133,1.622798,0.773275,-0.467673,0.189437,0.267683,-0.001125,-0.111209,0.280158,-0.002924
0.727057,-1.095807,0.004360,0.792771,0.392501,-0.977930,0.918983,-0.206009,-0.129556,-0.589142,0.378655,0.116908,-0.470858,0.509750,-0.024812,-0.149650,-0.702250,0.079258,-2.355857,-0.022242,1.623078,0.773273,-0.464634,0.191980,0.267546,0.000682,-0.109502,0.279768,-0.002322
0.727978,-1.093412,0.004431,0.791695,0.393530,-0.978794,0.919973,-0.206049,-0.152007,-0.585009,0.362418,0.118147,-0.472120,0.510113,-0.024814,-0.150112,-0.702059,0.079524,-2.355859,-0.022354,1.623356,0.773264,-0.463363,0.191704,0.267667,0.000112,-0.110879,0.280436,-0.004091
0.728989,-1.084382,0.007221,0.785730,0.393299,-0.982094,0.920875,-0.205657,-0.175811,-0.584795,0.344829,0.121164,-0.473549,0.510571,-0.024879,-0.150571,-0.701867,0.079794,-2.355860,-0.022465,1.623639,0.773259,-0.463280,0.190806,0.267398,-0.000261,-0.110842,0.279672,-0.004468
0.730035,-1.087310,0.007421,0.780193,0.392756,-0.984870,0.923443,-0.206633,-0.199634,-0.584855,0.327093,0.124522,-0.474937,0.511078,-0.024996,-0.151043,-0.701685,0.080071,-2.355858,-0.022570,1.623922,0.773248,-0.466791,0.188815,0.269762,0.000642,-0.108623,0.279198,-0.005756
0.730977,-1.083526,0.001883,0.776285,0.395275,-0.986972,0.921844,-0.205704,-0.223403,-0.581311,0.308358,0.125847,-0.476289,0.511479,-0.025137,-0.151505,-0.701495,0.080344,-2.355852,-0.022669,1.624194,0.773246,-0.464510,0.188094,0.272016,0.001782,-0.107078,0.277180,-0.004326
0.732100,-1.079694,0.004501,0.775538,0.396238,-0.988192,0.921487,-0.205463,-0.248234,-0.575090,0.286473,0.125539,-0.477745,0.511806,-0.025298,-0.151964,-0.701300,0.080622,-2.355857,-0.022773,1.624475,0.773236,-0.465227,0.190042,0.273121,0.000011,-0.105945,0.279110,-0.006684
0.733066,-1.083585,-0.000439,0.778812,0.397165,-0.988753,0.919617,-0.204761,-0.273307,-0.569958,0.262215,0.126116,-0.479194,0.512242,-0.025492,-0.152434,-0.701116,0.080895,-2.355857,-0.022877,1.624753,0.773227,-0.466655,0.188250,0.273178,-0.000142,-0.106081,0.280152,-0.007715
0.733961,-1.088319,-0.000865,0.775099,0.398513,-0.989914,0.920397,-0.205759,-0.296626,-0.567049,0.238655,0.128250,-0.480425,0.512793,-0.025724,-0.152891,-0.700922,0.081164,-2.355858,-0.022984,1.625038,0.773214,-0.463590,0.189960,0.270845,-0.000392,-0.106505,0.282353,-0.009591
0.735040,-1.090012,-0.004852,0.776620,0.398114,-0.991884,0.920886,-0.205647,-0.318384,-0.566936,0.216497,0.132045,-0.481468,0.513408,-0.025980,-0.153344,-0.700737,0.081441,-2.355860,-0.023091,1.625323,0.773212,-0.459875,0.189334,0.271771,-0.001069,-0.106168,0.281718,-0.008026
0.735986,-1.086917,-0.006479,0.768598,0.398446,-0.995087,0.919178,-0.205915,-0.340024,-0.570005,0.194396,0.137516,-0.482477,0.514069,-0.026252,-0.153805,-0.700543,0.081707,-2.355856,-0.023193,1.625606,0.773201,-0.458458,0.190722,0.270652,0.000008,-0.105459,0.281804,-0.008806
0.737112,-1.083847,-0.000208,0.769115,0.400072,-0.997399,0.919199,-0.206084,-0.361932,-0.575936,0.171612,0.143733,-0.483507,0.514657,-0.026543,-0.154261,-0.700354,0.081990,-2.355856,-0.023289,1.625894,0.773193,-0.458892,0.190749,0.273818,0.000321,-0.103289,0.283792,-0.008735
0.738084,-1.075745,-0.003949,0.767625,0.399476,-0.999553,0.919655,-0.206457,-0.383597,-0.581954,0.148234,0.149094,-0.484503,0.515065,-0.026857,-0.154726,-0.700173,0.082261,-2.355859,-0.023389,1.626179,0.773183,-0.460006,0.187188,0.273247,-0.000447,-0.102388,0.284413,-0.008957
0.738978,-1.073608,-0.003540,0.763041,0.401209,-1.004520,0.920269,-0.205370,-0.402977,-0.584519,0.126734,0.152142,-0.485226,0.515277,-0.027185,-0.155195,-0.699984,0.082537,-2.355856,-0.023488,1.626460,0.773172,-0.462888,0.188362,0.273256,0.000764,-0.101302,0.284304,-0.008679
0.739983,-1.070208,-0.002454,0.763306,0.401130,-1.007457,0.918835,-0.206066,-0.418296,-0.584204,0.109194,0.153228,-0.485482,0.515376,-0.027523,-0.155650,-0.699800,0.082814,-2.355858,-0.023579,1.626747,0.773156,-0.462549,0.187338,0.274596,-0.000322,-0.097295,0.283842,-0.011293
0.740981,-1.067352,-0.000004,0.765989,0.403197,-1.008895,0.918311,-0.206464,-0.429770,-0.581703,0.095084,0.152927,-0.485349,0.515452,-0.027859,-0.156114,-0.699615,0.083084,-2.355856,-0.023672,1.627034,0.773148,-0.463298,0.186159,0.273870,0.000435,-0.095583,0.285693,-0.010372
0.741981,-1.068378,-0.002446,0.764551,0.403317,-1.009150,0.915880,-0.206470,-0.436946,-0.575625,0.085321,0.150808,-0.484865,0.515494,-0.028161,-0.156575,-0.699431,0.083350,-2.355858,-0.023767,1.627323,0.773140,-0.463750,0.184297,0.271958,-0.000913,-0.095327,0.286574,-0.010080
0.743134,-1.067928,-0.003260,0.767756,0.404298,-1.011100,0.916408,-0.207464,-0.439255,-0.566179,0.081044,0.147161,-0.484032,0.515476,-0.028413,-0.157038,-0.699246,0.083624,-2.355856,-0.023865,1.627619,0.773128,-0.462242,0.184903,0.272066,-0.000360,-0.096234,0.289345,-0.010561
0.744162,-1.068924,-0.009706,0.768981,0.405652,-1.011007,0.917230,-0.207040,-0.437245,-0.555724,0.081644,0.142950,-0.482947,0.515354,-0.028620,-0.157504,-0.699060,0.083889,-2.355856,-0.023957,1.627908,0.773120,-0.462169,0.184895,0.270308,-0.000544,-0.095797,0.289481,-0.009134
0.745143,-1.063680,-0.008762,0.769584,0.405696,-1.010508,0.918669,-0.207782,-0.431081,-0.548191,0.086971,0.140048,-0.481587,0.515191,-0.028792,-0.157962,-0.698871,0.084159,-2.355858,-0.024055,1.628196,0.773109,-0.460855,0.187488,0.269183,-0.001143,-0.097107,0.289088,-0.010512
0.746098,-1.062003,-0.009749,0.765873,0.407738,-1.012769,0.917106,-0.207851,-0.420506,-0.546296,0.097376,0.140028,-0.479825,0.515140,-0.028943,-0.158428,-0.698686,0.084425,-2.355856,-0.024154,1.628483,0.773100,-0.462405,0.186309,0.268283,-0.000533,-0.098701,0.287976,-0.009491
0.747007,-1.047614,-0.014088,0.765293,0.405764,-1.015440,0.915947,-0.208035,-0.405991,-0.548499,0.112015,0.142342,-0.477626,0.515281,-0.029084,-0.158884,-0.698499,0.084695,-2.355860,-0.024249,1.628781,0.773089,-0.462123,0.186076,0.269445,-0.001836,-0.097490,0.289791,-0.009833
0.748003,-1.042283,-0.019304,0.761747,0.407443,-1.017177,0.914304,-0.208044,-0.387734,-0.553123,0.130097,0.145754,-0.474971,0.515580,-0.029235,-0.159363,-0.698310,0.084963,-2.355854,-0.024343,1.629080,0.773079,-0.467793,0.187429,0.268917,0.000675,-0.095805,0.291059,-0.009907
0.749087,-1.042342,-0.021548,0.764871,0.408508,-1.020459,0.913426,-0.209162,-0.364785,-0.561539,0.152125,0.149885,-0.471763,0.515949,-0.029410,-0.159837,-0.698118,0.085232,-2.355856,-0.024437,1.629371,0.773068,-0.469282,0.189302,0.270110,-0.000301,-0.095252,0.293056,-0.010379
0.750001,-1.032430,-0.021214,0.765541,0.406984,-1.022425,0.911114,-0.209494,-0.337485,-0.575638,0.177466,0.155769,-0.468045,0.516445,-0.029611,-0.160302,-0.697929,0.085496,-2.355856,-0.024528,1.629672,0.773061,-0.468608,0.189856,0.268215,-0.000603,-0.093347,0.294405,-0.008669
0.751081,-1.031824,-0.023189,0.770172,0.410647,-1.021161,0.909060,-0.209044,-0.306531,-0.593451,0.205899,0.162538,-0.463954,0.516981,-0.029837,-0.160783,-0.697741,0.085759,-2.355850,-0.024621,1.629972,0.773049,-0.472017,0.188867,0.267152,0.001439,-0.092401,0.296845,-0.008462
0.752093,-1.030836,-0.023707,0.775574,0.411523,-1.023024,0.908557,-0.209467,-0.271368,-0.611554,0.238905,0.168468,-0.459503,0.517374,-0.030092,-0.161251,-0.697549,0.086018,-2.355857,-0.024722,1.630280,0.773039,-0.471606,0.189269,0.264565,-0.001340,-0.094990,0.299319,-0.009910
0.753090,-1.028951,-0.030231,0.775016,0.410515,-1.023476,0.909845,-0.208608,-0.232010,-0.629537,0.277279,0.174676,-0.454676,0.517722,-0.030379,-0.161722,-0.697362,0.086277,-2.355858,-0.024818,1.630583,0.773028,-0.471071,0.188869,0.261432,-0.001466,-0.094274,0.300116,-0.009543
0.753965,-1.025305,-0.033040,0.775103,0.411566,-1.025597,0.910298,-0.210094,-0.189768,-0.648071,0.319997,0.181843,-0.449600,0.518035,-0.030687,-0.162196,-0.697164,0.086536,-2.355854,-0.024914,1.630878,0.773012,-0.470897,0.191354,0.261271,0.000161,-0.094993,0.299136,-0.011752
0.755024,-1.025927,-0.034259,0.773575,0.410261,-1.027909,0.911027,-0.209388,-0.146683,-0.668077,0.364390,0.189716,-0.444510,0.518233,-0.030996,-0.162663,-0.696967,0.086795,-2.355856,-0.025005,1.631178,0.773009,-0.471114,0.191756,0.260430,-0.000259,-0.093805,0.298725,-0.009186
0.756052,-1.022174,-0.039188,0.769235,0.411445,-1.028666,0.909269,-0.209919,-0.105010,-0.688688,0.407454,0.197591,-0.439652,0.518309,-0.031286,-0.163132,-0.696775,0.087057,-2.355850,-0.025097,1.631482,0.772993,-0.470008,0.191722,0.260863,0.001664,-0.092821,0.298403,-0.011144
0.757120,-1.020343,-0.037210,0.768210,0.410796,-1.028915,0.908326,-0.209313,-0.067001,-0.708331,0.446119,0.204463,-0.435279,0.518243,-0.031567,-0.163612,-0.696575,0.087323,-2.355851,-0.025191,1.631783,0.772985,-0.470855,0.193432,0.262568,0.001206,-0.093319,0.300534,-0.010571
0.758058,-1.015903,-0.040014,0.768943,0.412390,-1.028400,0.905949,-0.209643,-0.033881,-0.726171,0.478403,0.209891,-0.431540,0.518034,-0.031858,-0.164080,-0.696387,0.087586,-2.355846,-0.025289,1.632088,0.772970,-0.471032,0.191836,0.262734,0.002493,-0.094366,0.301888,-0.012316
0.759025,-1.011404,-0.043337,0.773773,0.413711,-1.027374,0.903615,-0.210452,-0.005154,-0.740411,0.505021,0.213249,-0.428388,0.517676,-0.032148,-0.164557,-0.696192,0.087845,-2.355846,-0.025387,1.632392,0.772960,-0.471827,0.192397,0.261737,0.001534,-0.095897,0.304425,-0.012098
0.759998,-1.012339,-0.045437,0.773399,0.413816,-1.028797,0.902935,-0.210018,0.021300,-0.751876,0.529220,0.215555,-0.425564,0.517280,-0.032401,-0.165026,-0.695995,0.088096,-2.355844,-0.025490,1.632706,0.772954,-0.472869,0.193228,0.258839,0.000842,-0.097954,0.306906,-0.010959
0.761062,-1.015736,-0.051770,0.769614,0.414014,-1.027971,0.899845,-0.211160,0.046934,-0.762654,0.553399,0.218211,-0.422881,0.516939,-0.032589,-0.165495,-0.695801,0.088355,-2.355842,-0.025588,1.633018,0.772941,-0.471203,0.193474,0.258521,0.001368,-0.097589,0.307741,-0.012319
0.762106,-1.016225,-0.053306,0.775034,0.415536,-1.027291,0.898407,-0.211454,0.069811,-0.773686,0.575146,0.221242,-0.420552,0.516569,-0.032727,-0.165964,-0.695597,0.088618,-2.355838,-0.025689,1.633330,0.772936,-0.468729,0.195900,0.260087,0.001830,-0.099686,0.311219,-0.010549
0.763061,-1.015479,-0.055662,0.775983,0.416578,-1.026733,0.899436,-0.212091,0.087872,-0.786247,0.591845,0.224972,-0.418757,0.516109,-0.032835,-0.166427,-0.695401,0.088870,-2.355840,-0.025794,1.633651,0.772928,-0.467724,0.195940,0.257072,0.001062,-0.101538,0.312914,-0.010502
0.764058,-1.009340,-0.059444,0.774005,0.415294,-1.028805,0.897572,-0.212660,0.101885,-0.800249,0.605090,0.229825,-0.417310,0.515636,-0.032935,-0.166897,-0.695204,0.089124,-2.355838,-0.025898,1.633958,0.772919,-0.466837,0.196265,0.256101,0.000652,-0.103083,0.312020,-0.009693
0.764992,-1.012659,-0.062585,0.776195,0.416621,-1.029887,0.896727,-0.213563,0.113098,-0.814503,0.616607,0.235105,-0.416015,0.515158,-0.033050,-0.167363,-0.695002,0.089383,-2.355832,-0.025997,1.634278,0.772910,-0.468900,0.197311,0.256635,0.002505,-0.102106,0.314090,-0.009053
0.766057,-1.008766,-0.059284,0.773025,0.417253,-1.030334,0.893570,-0.213284,0.121768,-0.828481,0.626392,0.239711,-0.414860,0.514575,-0.033204,-0.167825,-0.694807,0.089634,-2.355832,-0.026097,1.634596,0.772903,-0.465913,0.198010,0.254975,0.001799,-0.102019,0.314975,-0.007707
0.767068,-1.006519,-0.061100,0.770334,0.417214,-1.032248,0.891744,-0.213569,0.127383,-0.840377,0.633691,0.242787,-0.413946,0.513869,-0.033411,-0.168296,-0.694613,0.089890,-2.355830,-0.026202,1.634919,0.772890,-0.467122,0.195684,0.256338,0.001874,-0.102790,0.318462,-0.008807
0.768108,-1.002738,-0.063576,0.772676,0.418766,-1.034246,0.887081,-0.213609,0.129430,-0.846893,0.637355,0.242903,-0.413420,0.513015,-0.033683,-0.168757,-0.694419,0.090150,-2.355826,-0.026301,1.635247,0.772881,-0.467337,0.195880,0.257236,0.002524,-0.102019,0.320429,-0.008725
0.769020,-1.004662,-0.066203,0.772185,0.420517,-1.032637,0.883212,-0.212911,0.128668,-0.847988,0.637816,0.239846,-0.413331,0.512016,-0.034025,-0.169230,-0.694222,0.090401,-2.355827,-0.026398,1.635580,0.772870,-0.468319,0.196399,0.255774,0.001717,-0.101259,0.325307,-0.009161
0.770046,-1.006597,-0.067368,0.773153,0.421400,-1.031403,0.881707,-0.213544,0.126361,-0.846630,0.636709,0.235465,-0.413633,0.511005,-0.034431,-0.169689,-0.694023,0.090658,-2.355829,-0.026507,1.635920,0.772858,-0.465982,0.196763,0.255364,0.000635,-0.103740,0.329044,-0.011008
0.770968,-1.002938,-0.072906,0.772621,0.420230,-1.031258,0.882094,-0.213462,0.122522,-0.844427,0.634257,0.231263,-0.414360,0.510102,-0.034883,-0.170151,-0.693826,0.090911,-2.355829,-0.026620,1.636257,0.772851,-0.464174,0.196593,0.254551,0.000465,-0.106029,0.330660,-0.010234
0.771995,-1.004761,-0.077266,0.777455,0.423464,-1.029636,0.877935,-0.213678,0.117172,-0.841841,0.630547,0.227292,-0.415523,0.509304,-0.035358,-0.170620,-0.693623,0.091163,-2.355824,-0.026730,1.636586,0.772839,-0.464610,0.198395,0.254233,0.002193,-0.107013,0.330217,-0.010854
0.772963,-1.003255,-0.077012,0.770649,0.424363,-1.028730,0.874312,-0.213249,0.111602,-0.841077,0.627260,0.224308,-0.416931,0.508645,-0.035834,-0.171077,-0.693420,0.091410,-2.355829,-0.026848,1.636929,0.772828,-0.462893,0.199757,0.251547,-0.000244,-0.109656,0.334520,-0.010921
0.773995,-1.003841,-0.078325,0.766433,0.423791,-1.028414,0.872801,-0.214013,0.106079,-0.843615,0.624582,0.223694,-0.418404,0.508223,-0.036301,-0.171539,-0.693225,0.091666,-2.355832,-0.026961,1.637276,0.772814,-0.462550,0.198794,0.254502,-0.000371,-0.111481,0.338092,-0.012254
0.775067,-1.003152,-0.078957,0.765277,0.425483,-1.029514,0.871134,-0.214257,0.098644,-0.846719,0.619328,0.224115,-0.419998,0.507897,-0.036763,-0.172002,-0.693026,0.091927,-2.355831,-0.027077,1.637619,0.772807,-0.461415,0.198700,0.256196,0.000902,-0.112823,0.339696,-0.011220
0.776087,-1.007616,-0.077890,0.759817,0.426484,-1.030929,0.869232,-0.214532,0.087966,-0.847527,0.609335,0.223577,-0.421729,0.507485,-0.037223,-0.172458,-0.692831,0.092185,-2.355833,-0.027188,1.637963,0.772796,-0.461189,0.198363,0.256496,-0.000018,-0.112866,0.341552,-0.011271
0.776984,-1.007376,-0.078279,0.762891,0.427162,-1.032726,0.866138,-0.215304,0.073568,-0.844926,0.594023,0.221824,-0.423543,0.507010,-0.037683,-0.172914,-0.692634,0.092446,-2.355834,-0.027298,1.638309,0.772785,-0.458130,0.197075,0.258808,-0.000266,-0.112521,0.343522,-0.011220
0.777968,-1.003893,-0.080709,0.756831,0.427533,-1.033258,0.868536,-0.215421,0.055137,-0.837615,0.573430,0.218478,-0.425452,0.506468,-0.038142,-0.173367,-0.692439,0.092699,-2.355835,-0.027406,1.638664,0.772778,-0.456940,0.196338,0.256564,-0.000313,-0.111537,0.346382,-0.010113
0.779032,-1.005868,-0.082277,0.762971,0.429159,-1.035229,0.868793,-0.216061,0.033982,-0.825825,0.549608,0.213452,-0.427374,0.505839,-0.038589,-0.173828,-0.692242,0.092964,-2.355834,-0.027522,1.639013,0.772767,-0.457666,0.196754,0.259072,-0.000006,-0.111947,0.343907,-0.010373
0.780045,-1.006913,-0.084425,0.758207,0.427893,-1.035507,0.867223,-0.216234,0.012037,-0.811961,0.525081,0.208078,-0.429165,0.505241,-0.039015,-0.174287,-0.692041,0.093209,-2.355836,-0.027630,1.639350,0.772758,-0.456013,0.196806,0.255811,-0.000856,-0.111142,0.343882,-0.009613
0.780987,-1.005631,-0.090211,0.756849,0.429601,-1.034509,0.867316,-0.216237,-0.009788,-0.797690,0.501369,0.202930,-0.430793,0.504673,-0.039416,-0.174735,-0.691845,0.093472,-2.355832,-0.027744,1.639702,0.772744,-0.454758,0.197127,0.257771,0.001039,-0.111890,0.345489,-0.009759
0.782050,-1.007082,-0.087398,0.757709,0.431297,-1.033962,0.865711,-0.216740,-0.031845,-0.784713,0.478032,0.198132,-0.432365,0.504036,-0.039790,-0.175190,-0.691638,0.093728,-2.355835,-0.027862,1.640047,0.772734,-0.454254,0.199045,0.257854,0.000044,-0.113724,0.345287,-0.010219
0.783014,-1.003667,-0.083235,0.757491,0.431545,-1.036176,0.867637,-0.216596,-0.054200,-0.774617,0.454931,0.194833,-0.433914,0.503420,-0.040126,-0.175634,-0.691444,0.093985,-2.355837,-0.027980,1.640399,0.772725,-0.453057,0.196944,0.257142,-0.000855,-0.115340,0.347033,-0.009736
0.784002,-1.004660,-0.086290,0.755181,0.432161,-1.035540,0.866561,-0.216556,-0.076214,-0.764075,0.433517,0.192054,-0.435391,0.502856,-0.040427,-0.176090,-0.691256,0.094244,-2.355836,-0.028094,1.640745,0.772711,-0.453727,0.194124,0.256696,-0.000457,-0.114012,0.345019,-0.010491
0.785091,-1.004927,-0.083366,0.753652,0.433045,-1.037703,0.867566,-0.215756,-0.097807,-0.749501,0.414303,0.187821,-0.436839,0.502249,-0.040704,-0.176541,-0.691059,0.094502,-2.355836,-0.028209,1.641093,0.772698,-0.452309,0.194875,0.257377,-0.000386,-0.115619,0.346115,-0.011042
0.786081,-1.005030,-0.085978,0.743551,0.433986,-1.037628,0.869075,-0.216141,-0.119723,-0.731455,0.396132,0.182039,-0.438383,0.501580,-0.040962,-0.176990,-0.690870,0.094761,-2.355835,-0.028321,1.641437,0.772680,-0.451789,0.192835,0.257912,-0.000522,-0.114622,0.345319,-0.013166
0.787006,-1.000806,-0.086035,0.746507,0.433258,-1.037693,0.870352,-0.215425,-0.143602,-0.711170,0.376044,0.175392,-0.440238,0.500902,-0.041201,-0.177441,-0.690675,0.095028,-2.355837,-0.028442,1.641776,0.772668,-0.450851,0.193391,0.262418,-0.000738,-0.115611,0.343843,-0.012854
0.788091,-1.006310,-0.082641,0.744890,0.435127,-1.037542,0.869094,-0.216294,-0.169922,-0.689975,0.352578,0.168364,-0.442513,0.500215,-0.041405,-0.177898,-0.690481,0.095286,-2.355834,-0.028560,1.642113,0.772651,-0.451725,0.192534,0.260227,0.000569,-0.116332,0.342492,-0.014731
0.789106,-1.002735,-0.086490,0.747203,0.436988,-1.035607,0.872030,-0.216558,-0.197202,-0.667515,0.327869,0.160358,-0.445103,0.499422,-0.041558,-0.178337,-0.690295,0.095550,-2.355836,-0.028684,1.642462,0.772639,-0.448627,0.190308,0.260765,-0.000513,-0.117545,0.343967,-0.013490
0.790024,-1.010237,-0.085776,0.754001,0.436947,-1.032972,0.872827,-0.216973,-0.223978,-0.644176,0.304155,0.152103,-0.447832,0.498593,-0.041652,-0.178789,-0.690099,0.095802,-2.355839,-0.028808,1.642793,0.772628,-0.449680,0.191515,0.259249,-0.001579,-0.120409,0.341136,-0.013471
0.791084,-1.009817,-0.092587,0.749643,0.437124,-1.032936,0.875161,-0.216572,-0.248536,-0.622538,0.284061,0.145392,-0.450420,0.497890,-0.041682,-0.179229,-0.689908,0.096054,-2.355837,-0.028937,1.643133,0.772614,-0.444781,0.190287,0.255229,-0.000933,-0.123714,0.340246,-0.013072
0.792010,-1.013221,-0.090885,0.745813,0.437459,-1.032530,0.878459,-0.217284,-0.270330,-0.604563,0.268699,0.140581,-0.452698,0.497295,-0.041670,-0.179667,-0.689709,0.096317,-2.355836,-0.029064,1.643467,0.772595,-0.444642,0.193022,0.257114,-0.000390,-0.124709,0.338124,-0.014379
0.793167,-1.012250,-0.088549,0.745442,0.439643,-1.032769,0.879487,-0.217918,-0.291181,-0.591448,0.254917,0.137715,-0.454759,0.496796,-0.041650,-0.180103,-0.689520,0.096573,-2.355834,-0.029191,1.643797,0.772582,-0.441918,0.191321,0.258399,-0.000131,-0.125807,0.334781,-0.013374
0.794181,-1.011183,-0.091661,0.744564,0.440298,-1.034819,0.880829,-0.217616,-0.312511,-0.581210,0.240004,0.136236,-0.456655,0.496456,-0.041639,-0.180538,-0.689336,0.096833,-2.355840,-0.029320,1.644130,0.772573,-0.442503,0.189766,0.258518,-0.001379,-0.126733,0.334211,-0.012685
0.795096,-1.009348,-0.094247,0.743950,0.440838,-1.035933,0.880081,-0.218374,-0.333552,-0.572152,0.224571,0.135836,-0.458224,0.496311,-0.041641,-0.180980,-0.689142,0.097090,-2.355841,-0.029443,1.644457,0.772556,-0.442365,0.190620,0.258561,-0.001307,-0.125583,0.333034,-0.013782
0.796030,-1.008733,-0.097353,0.743973,0.441843,-1.035877,0.881854,-0.218512,-0.352793,-0.565914,0.210174,0.136991,-0.459288,0.496299,-0.041658,-0.181415,-0.688949,0.097348,-2.355841,-0.029566,1.644791,0.772545,-0.442253,0.191033,0.258187,-0.001210,-0.125193,0.333720,-0.012688
0.797133,-1.006907,-0.095584,0.749224,0.441940,-1.036228,0.879876,-0.218970,-0.369231,-0.564102,0.197855,0.139990,-0.459792,0.496350,-0.041685,-0.181853,-0.688755,0.097606,-2.355841,-0.029696,1.645126,0.772529,-0.441577,0.191737,0.257543,-0.001554,-0.125941,0.331871,-0.012857
0.798056,-1.007432,-0.096533,0.751439,0.443358,-1.037082,0.877206,-0.219023,-0.381545,-0.566014,0.189438,0.144156,-0.459700,0.496395,-0.041717,-0.182297,-0.688567,0.097852,-2.355839,-0.029827,1.645461,0.772520,-0.442217,0.190315,0.254867,-0.000921,-0.126627,0.334201,-0.012486
0.799145,-1.007242,-0.099666,0.753582,0.441989,-1.038325,0.879239,-0.219722,-0.388380,-0.569038,0.187082,0.147797,-0.458995,0.496250,-0.041754,-0.182733,-0.688380,0.098102,-2.355840,-0.029953,1.645804,0.772505,-0.440924,0.190012,0.253213,-0.001683,-0.126458,0.336754,-0.012818
0.800126,-1.005975,-0.105902,0.756949,0.444086,-1.036621,0.883874,-0.219237,-0.389664,-0.572110,0.190997,0.149968,-0.457785,0.495727,-0.041797,-0.183176,-0.688189,0.098349,-2.355838,-0.030080,1.646133,0.772494,-0.440699,0.191022,0.252058,0.000430,-0.126264,0.334995,-0.011945
0.801099,-1.007038,-0.105826,0.757852,0.442636,-1.034104,0.885282,-0.219993,-0.385565,-0.577767,0.200664,0.151960,-0.456166,0.494895,-0.041850,-0.183614,-0.687990,0.098597,-2.355841,-0.030214,1.646456,0.772478,-0.440559,0.193312,0.249987,-0.000952,-0.128735,0.330456,-0.013396
0.801978,-1.003757,-0.105303,0.756073,0.445330,-1.033583,0.883884,-0.220246,-0.376211,-0.588073,0.215728,0.155376,-0.454185,0.493994,-0.041920,-0.184055,-0.687802,0.098848,-2.355835,-0.030356,1.646783,0.772467,-0.439179,0.192516,0.249110,0.001069,-0.131900,0.329159,-0.012332
0.803042,-1.001234,-0.111602,0.755974,0.445602,-1.032828,0.883958,-0.219428,-0.362921,-0.600479,0.234413,0.159431,-0.452002,0.493105,-0.042029,-0.184497,-0.687612,0.099094,-2.355840,-0.030488,1.647111,0.772453,-0.439550,0.191361,0.249382,-0.000933,-0.132950,0.330465,-0.012247
0.804073,-0.996681,-0.113616,0.753786,0.445548,-1.032602,0.881691,-0.220700,-0.346851,-0.613884,0.254783,0.164160,-0.449734,0.492340,-0.042204,-0.184939,-0.687414,0.099346,-2.355841,-0.030628,1.647447,0.772432,-0.440388,0.193849,0.249223,-0.000432,-0.134570,0.330601,-0.014389
0.805039,-0.992529,-0.110196,0.752735,0.446236,-1.032324,0.879931,-0.221102,-0.328160,-0.630379,0.275947,0.170388,-0.447403,0.491785,-0.042452,-0.185386,-0.687221,0.099596,-2.355839,-0.030765,1.647787,0.772423,-0.442027,0.194149,0.250054,0.000306,-0.135610,0.333015,-0.012319
0.806004,-0.989419,-0.116182,0.753117,0.448065,-1.030578,0.878222,-0.221355,-0.307068,-0.647918,0.297246,0.176402,-0.445043,0.491316,-0.042769,-0.185835,-0.687033,0.099846,-2.355838,-0.030904,1.648125,0.772411,-0.443130,0.191673,0.250123,0.000272,-0.136545,0.334774,-0.011995
0.807056,-0.984478,-0.114171,0.751112,0.448282,-1.029887,0.880266,-0.220310,-0.283717,-0.663923,0.318522,0.181249,-0.442631,0.490883,-0.043165,-0.186274,-0.686837,0.100096,-2.355842,-0.031048,1.648466,0.772396,-0.443820,0.193883,0.249484,-0.000802,-0.138913,0.336461,-0.011948
0.808013,-0.981289,-0.113286,0.755657,0.449446,-1.028025,0.883077,-0.221459,-0.257987,-0.679279,0.339979,0.186051,-0.440085,0.490524,-0.043652,-0.186725,-0.686649,0.100344,-2.355841,-0.031194,1.648798,0.772373,-0.445704,0.192247,0.250298,-0.000307,-0.140372,0.334602,-0.014531
0.809105,-0.979021,-0.116473,0.757535,0.451845,-1.023849,0.883720,-0.221047,-0.229588,-0.692607,0.362393,0.190573,-0.437295,0.490188,-0.044207,-0.187169,-0.686459,0.100586,-2.355844,-0.031344,1.649124,0.772365,-0.446341,0.191038,0.247620,-0.000729,-0.142771,0.331836,-0.012666
0.810096,-0.979433,-0.116811,0.759178,0.450655,-1.022085,0.881368,-0.222216,-0.197835,-0.703204,0.387470,0.195179,-0.434066,0.489920,-0.044779,-0.187618,-0.686267,0.100834,-2.355849,-0.031504,1.649457,0.772348,-0.447077,0.192074,0.246617,-0.002272,-0.147689,0.331512,-0.014038
0.811183,-0.981185,-0.114212,0.757453,0.449985,-1.021248,0.883454,-0.221615,-0.163064,-0.712732,0.415440,0.200674,-0.430322,0.489738,-0.045341,-0.188065,-0.686077,0.101074,-2.355845,-0.031658,1.649793,0.772338,-0.446020,0.191502,0.245535,-0.000449,-0.149999,0.333962,-0.012153
0.812111,-0.986422,-0.117414,0.752909,0.452123,-1.021306,0.881377,-0.221962,-0.127697,-0.718938,0.443795,0.204495,-0.426307,0.489372,-0.045895,-0.188505,-0.685892,0.101321,-2.355840,-0.031816,1.650122,0.772322,-0.444843,0.189691,0.246321,0.000865,-0.151551,0.332141,-0.013908
0.813014,-0.981643,-0.113801,0.751030,0.450474,-1.020330,0.878961,-0.222709,-0.095645,-0.719661,0.467808,0.205064,-0.422446,0.488741,-0.046454,-0.188944,-0.685698,0.101569,-2.355844,-0.031969,1.650458,0.772309,-0.441180,0.190457,0.248093,-0.000566,-0.151924,0.334195,-0.013636
0.814187,-0.982925,-0.117418,0.748696,0.451988,-1.019450,0.881593,-0.223454,-0.069692,-0.714954,0.483966,0.202672,-0.419075,0.487907,-0.047010,-0.189387,-0.685513,0.101819,-2.355838,-0.032128,1.650797,0.772301,-0.442428,0.187823,0.248397,0.001612,-0.153230,0.336471,-0.012579
0.815042,-0.973675,-0.117447,0.747782,0.453208,-1.016135,0.883213,-0.223596,-0.049697,-0.704766,0.492595,0.197069,-0.416298,0.486837,-0.047545,-0.189832,-0.685323,0.102070,-2.355838,-0.032293,1.651131,0.772290,-0.441801,0.189240,0.249664,0.000886,-0.154963,0.334256,-0.011676
0.816059,-0.975495,-0.119293,0.750173,0.452792,-1.011656,0.884746,-0.223452,-0.033747,-0.691857,0.496043,0.190348,-0.414013,0.485749,-0.048069,-0.190287,-0.685136,0.102317,-2.355840,-0.032459,1.651457,0.772281,-0.444915,0.188330,0.249409,0.000317,-0.158448,0.332484,-0.011818
0.817016,-0.973668,-0.122771,0.751513,0.452225,-1.007614,0.883435,-0.224395,-0.019433,-0.678721,0.497607,0.184486,-0.412040,0.484844,-0.048599,-0.190724,-0.684950,0.102563,-2.355837,-0.032633,1.651785,0.772268,-0.443368,0.188646,0.247934,0.001374,-0.163363,0.331124,-0.012602
0.818093,-0.972393,-0.123120,0.751344,0.454728,-1.006337,0.883452,-0.224482,-0.005413,-0.666014,0.499776,0.179066,-0.410308,0.484010,-0.049119,-0.191167,-0.684760,0.102807,-2.355833,-0.032808,1.652120,0.772258,-0.443350,0.189619,0.246882,0.002511,-0.167682,0.332461,-0.011165
0.818977,-0.974776,-0.129589,0.745961,0.454981,-1.001747,0.879367,-0.225213,0.008409,-0.654975,0.503119,0.174307,-0.408842,0.483209,-0.049602,-0.191617,-0.684572,0.103053,-2.355837,-0.032983,1.652456,0.772246,-0.443528,0.189223,0.246867,0.000823,-0.169464,0.332685,-0.011534
0.819979,-0.973152,-0.131362,0.743650,0.455836,-0.999494,0.879966,-0.225805,0.020677,-0.647543,0.505654,0.171719,-0.407777,0.482558,-0.050044,-0.192048,-0.684379,0.103308,-2.355833,-0.033169,1.652801,0.772237,-0.441182,0.191561,0.248861,0.001127,-0.174102,0.336590,-0.010493
0.820967,-0.977288,-0.132374,0.744088,0.455417,-0.996015,0.879738,-0.226211,0.029189,-0.645468,0.504163,0.172191,-0.407307,0.482042,-0.050458,-0.192492,-0.684186,0.103559,-2.355833,-0.033349,1.653134,0.772226,-0.441274,0.191696,0.249647,0.000954,-0.176661,0.336059,-0.009801
0.821971,-0.973602,-0.134487,0.744381,0.454145,-0.991490,0.880603,-0.226155,0.033062,-0.647431,0.497811,0.174628,-0.407472,0.481510,-0.050853,-0.192922,-0.683994,0.103808,-2.355829,-0.033537,1.653475,0.772217,-0.438528,0.191442,0.249032,0.001977,-0.180363,0.336323,-0.009484
0.823048,-0.975083,-0.131429,0.748139,0.457013,-0.989028,0.881336,-0.226492,0.033037,-0.650172,0.488354,0.176585,-0.408151,0.480751,-0.051250,-0.193366,-0.683803,0.104058,-2.355823,-0.033734,1.653810,0.772207,-0.439682,0.191800,0.248540,0.003821,-0.185065,0.335548,-0.010097
0.824110,-0.974825,-0.129874,0.745215,0.456869,-0.986153,0.880677,-0.225667,0.030991,-0.651244,0.478809,0.176722,-0.409053,0.479729,-0.051672,-0.193809,-0.683617,0.104302,-2.355825,-0.033927,1.654140,0.772198,-0.438534,0.189719,0.246567,0.001706,-0.187865,0.335100,-0.009953
0.825093,-0.979053,-0.135022,0.740227,0.457915,-0.983802,0.879008,-0.225241,0.027923,-0.648308,0.470636,0.174962,-0.409950,0.478615,-0.052134,-0.194242,-0.683435,0.104555,-2.355821,-0.034125,1.654476,0.772183,-0.438333,0.188436,0.247844,0.002528,-0.191017,0.335987,-0.012132
0.825967,-0.972482,-0.134123,0.740426,0.458873,-0.980943,0.874598,-0.226894,0.022415,-0.641282,0.461331,0.171587,-0.410951,0.477526,-0.052646,-0.194675,-0.683240,0.104805,-2.355819,-0.034323,1.654816,0.772168,-0.435491,0.190255,0.249941,0.002105,-0.193467,0.337691,-0.013441
0.826989,-0.974122,-0.138408,0.741740,0.458089,-0.981640,0.870043,-0.226313,0.013708,-0.632603,0.448963,0.167546,-0.412128,0.476545,-0.053184,-0.195113,-0.683050,0.105055,-2.355816,-0.034524,1.655165,0.772164,-0.437569,0.188874,0.249121,0.001690,-0.196172,0.341868,-0.010542
0.827967,-0.970769,-0.143589,0.745078,0.460315,-0.978541,0.869846,-0.226601,0.003694,-0.623356,0.435750,0.162677,-0.413305,0.475592,-0.053715,-0.195551,-0.682857,0.105304,-2.355812,-0.034721,1.655525,0.772147,-0.436139,0.190344,0.248182,0.003097,-0.195645,0.346417,-0.012225
0.829114,-0.975875,-0.146865,0.747640,0.461987,-0.976973,0.872055,-0.227561,-0.005274,-0.615902,0.424870,0.157474,-0.414261,0.474580,-0.054226,-0.195992,-0.682661,0.105544,-2.355813,-0.034929,1.655868,0.772136,-0.437019,0.192117,0.246207,0.001549,-0.198779,0.346567,-0.012109
0.830113,-0.974040,-0.149583,0.750820,0.461550,-0.972857,0.873056,-0.226960,-0.011834,-0.614411,0.418115,0.154934,-0.414804,0.473731,-0.054693,-0.196420,-0.682469,0.105789,-2.355814,-0.035133,1.656212,0.772128,-0.434545,0.193260,0.245031,0.000714,-0.200735,0.344685,-0.010757
0.831010,-0.973839,-0.149828,0.749477,0.461551,-0.972522,0.869912,-0.227564,-0.015736,-0.619730,0.415992,0.156290,-0.414843,0.473185,-0.055102,-0.196855,-0.682270,0.106024,-2.355812,-0.035343,1.656552,0.772112,-0.434833,0.193800,0.243259,0.001811,-0.204888,0.343750,-0.012458
0.831966,-0.974720,-0.148172,0.744220,0.460989,-0.970143,0.868338,-0.227307,-0.017425,-0.628538,0.418154,0.159196,-0.414431,0.472717,-0.055453,-0.197283,-0.682076,0.106269,-2.355811,-0.035549,1.656903,0.772102,-0.433891,0.193000,0.243386,0.002411,-0.205027,0.346716,-0.011661
0.833080,-0.973416,-0.149861,0.741455,0.461913,-0.969606,0.864408,-0.228757,-0.018929,-0.635505,0.421850,0.160141,-0.413811,0.472023,-0.055750,-0.197710,-0.681889,0.106521,-2.355803,-0.035762,1.657259,0.772087,-0.432692,0.191428,0.245537,0.003465,-0.207331,0.348145,-0.012641
0.834063,-0.972645,-0.150354,0.739063,0.463073,-0.968039,0.860597,-0.228009,-0.022780,-0.637271,0.423251,0.157220,-0.413272,0.470985,-0.055997,-0.198147,-0.681695,0.106770,-2.355800,-0.035970,1.657620,0.772083,-0.433223,0.191718,0.246872,0.003225,-0.208131,0.352274,-0.010285
0.834983,-0.975715,-0.154879,0.739382,0.462586,-0.965179,0.857089,-0.228917,-0.029555,-0.634459,0.421041,0.151114,-0.412913,0.469691,-0.056205,-0.198574,-0.681503,0.107019,-2.355798,-0.036182,1.657985,0.772066,-0.432977,0.191206,0.247676,0.002711,-0.209677,0.355962,-0.012281
0.836188,-0.979871,-0.156637,0.741496,0.463470,-0.965033,0.858825,-0.228206,-0.038913,-0.629127,0.415632,0.143082,-0.412761,0.468223,-0.056407,-0.198999,-0.681311,0.107260,-2.355794,-0.036401,1.658352,0.772058,-0.430520,0.192628,0.247042,0.003740,-0.212306,0.359193,-0.010886
0.837057,-0.976998,-0.160999,0.743303,0.464995,-0.962615,0.859300,-0.228655,-0.050568,-0.623382,0.407910,0.134122,-0.412862,0.466619,-0.056632,-0.199427,-0.681119,0.107508,-2.355791,-0.036615,1.658704,0.772043,-0.428828,0.193097,0.246198,0.003610,-0.212852,0.357834,-0.012927
0.838066,-0.974899,-0.165919,0.741164,0.464864,-0.961508,0.858024,-0.228844,-0.063325,-0.619601,0.399844,0.126138,-0.413133,0.465078,-0.056902,-0.199853,-0.680924,0.107749,-2.355790,-0.036834,1.659059,0.772033,-0.429152,0.194323,0.244691,0.002661,-0.214941,0.357061,-0.012427
0.838989,-0.977045,-0.166802,0.737706,0.465750,-0.963264,0.857254,-0.230031,-0.075522,-0.620136,0.393397,0.121007,-0.413402,0.463796,-0.057220,-0.200286,-0.680724,0.107992,-2.355784,-0.037054,1.659415,0.772021,-0.429617,0.195974,0.245540,0.003381,-0.215984,0.358342,-0.012544
0.839990,-0.981903,-0.170551,0.736177,0.465801,-0.963382,0.853979,-0.229799,-0.087533,-0.625049,0.387554,0.118632,-0.413705,0.462765,-0.057576,-0.200706,-0.680529,0.108240,-2.355782,-0.037262,1.659776,0.772015,-0.427714,0.195510,0.246731,0.003089,-0.214074,0.358879,-0.010613
0.841076,-0.982642,-0.165957,0.740874,0.467305,-0.963245,0.852235,-0.229504,-0.101646,-0.632155,0.379193,0.117653,-0.414260,0.461892,-0.057965,-0.201130,-0.680332,0.108491,-2.355777,-0.037476,1.660144,0.772001,-0.424764,0.196617,0.247127,0.003618,-0.213959,0.362074,-0.011585
0.842069,-0.984382,-0.170055,0.742523,0.467984,-0.963880,0.851666,-0.230802,-0.118529,-0.638339,0.367977,0.116396,-0.415075,0.461049,-0.058386,-0.201556,-0.680142,0.108731,-2.355777,-0.037692,1.660508,0.771987,-0.424276,0.193715,0.244744,0.002859,-0.214251,0.363903,-0.012700
0.842982,-0.985900,-0.170842,0.740428,0.467022,-0.962865,0.853249,-0.230792,-0.136452,-0.641061,0.356822,0.113816,-0.415905,0.460177,-0.058822,-0.201975,-0.679946,0.108973,-2.355776,-0.037907,1.660876,0.771983,-0.422916,0.195017,0.243657,0.002839,-0.213558,0.364336,-0.010583
0.844107,-0.990206,-0.172450,0.734024,0.468150,-0.964670,0.855488,-0.231433,-0.154540,-0.640444,0.346877,0.109894,-0.416652,0.459255,-0.059258,-0.202395,-0.679752,0.109218,-2.355771,-0.038122,1.661233,0.771969,-0.421285,0.194508,0.244199,0.004331,-0.214374,0.362507,-0.011061
0.845087,-0.985095,-0.170274,0.734980,0.468209,-0.963631,0.855549,-0.231517,-0.174454,-0.637047,0.335202,0.104724,-0.417510,0.458252,-0.059709,-0.202815,-0.679555,0.109471,-2.355769,-0.038334,1.661588,0.771960,-0.419236,0.194730,0.247364,0.003933,-0.212817,0.360501,-0.010330
0.845965,-0.989968,-0.174546,0.738497,0.470461,-0.962067,0.856125,-0.231863,-0.197076,-0.630389,0.319696,0.098399,-0.418593,0.457218,-0.060189,-0.203237,-0.679367,0.109716,-2.355764,-0.038554,1.661950,0.771949,-0.421250,0.192911,0.246500,0.004444,-0.213766,0.360345,-0.010647
0.847030,-0.988164,-0.174835,0.735851,0.470392,-0.959415,0.853346,-0.231603,-0.220297,-0.621089,0.302979,0.091727,-0.419692,0.456332,-0.060690,-0.203654,-0.679170,0.109956,-2.355764,-0.038770,1.662306,0.771938,-0.417765,0.194096,0.244173,0.002796,-0.215037,0.359472,-0.010375
0.847966,-0.986675,-0.176784,0.738001,0.472896,-0.959584,0.852375,-0.232360,-0.242326,-0.611413,0.287623,0.086084,-0.420620,0.455794,-0.061191,-0.204069,-0.678979,0.110206,-2.355759,-0.038997,1.662673,0.771926,-0.418613,0.193609,0.245347,0.003511,-0.217693,0.362328,-0.011425
0.849007,-0.989950,-0.179512,0.738213,0.475170,-0.959208,0.855042,-0.232664,-0.262375,-0.602876,0.274403,0.082095,-0.421310,0.455643,-0.061671,-0.204494,-0.678786,0.110445,-2.355762,-0.039219,1.663038,0.771921,-0.418530,0.193751,0.243855,0.001695,-0.217258,0.363050,-0.010367
0.849977,-0.992424,-0.179332,0.734783,0.475935,-0.957573,0.853415,-0.232261,-0.279783,-0.597198,0.263967,0.081165,-0.421698,0.455988,-0.062115,-0.204909,-0.678588,0.110690,-2.355765,-0.039436,1.663393,0.771910,-0.416659,0.194397,0.243573,0.000216,-0.217687,0.360407,-0.010279
0.850965,-0.989875,-0.177304,0.729662,0.475986,-0.957297,0.855833,-0.233620,-0.295615,-0.595384,0.254853,0.084335,-0.421911,0.456882,-0.062525,-0.205321,-0.678401,0.110938,-2.355764,-0.039660,1.663756,0.771895,-0.414915,0.193567,0.244886,0.000123,-0.219148,0.361941,-0.011560
0.852030,-0.990596,-0.174061,0.727706,0.477506,-0.955527,0.855921,-0.232344,-0.311798,-0.594498,0.244259,0.089450,-0.422196,0.458020,-0.062911,-0.205739,-0.678210,0.111187,-2.355761,-0.039876,1.664105,0.771889,-0.415719,0.191820,0.247092,0.000698,-0.219346,0.359464,-0.009309
0.853072,-0.988291,-0.174754,0.727581,0.478227,-0.953928,0.856457,-0.233024,-0.329089,-0.590256,0.230880,0.093654,-0.422651,0.459087,-0.063279,-0.206152,-0.678023,0.111436,-2.355764,-0.040105,1.664465,0.771874,-0.415255,0.189630,0.247877,-0.000023,-0.221113,0.359481,-0.012419
0.854045,-0.991649,-0.174327,0.724048,0.479649,-0.953951,0.852821,-0.232844,-0.346584,-0.581175,0.215823,0.095965,-0.423164,0.460000,-0.063644,-0.206570,-0.677835,0.111686,-2.355766,-0.040333,1.664824,0.771865,-0.416173,0.189377,0.247684,0.000032,-0.222636,0.358972,-0.011540
0.855128,-0.992506,-0.179986,0.723875,0.480718,-0.953331,0.851944,-0.233605,-0.363432,-0.568714,0.200217,0.096751,-0.423624,0.460774,-0.064010,-0.206987,-0.677647,0.111936,-2.355766,-0.040554,1.665190,0.771851,-0.413920,0.188445,0.249046,-0.000712,-0.222454,0.362498,-0.012378
0.856123,-0.994417,-0.175402,0.734301,0.480980,-0.954150,0.855763,-0.233903,-0.379872,-0.556370,0.183633,0.097340,-0.424047,0.461457,-0.064374,-0.207396,-0.677456,0.112185,-2.355765,-0.040781,1.665555,0.771843,-0.413547,0.190718,0.249001,-0.001037,-0.223108,0.363437,-0.011381
0.857089,-0.986963,-0.177384,0.732409,0.482533,-0.951680,0.856279,-0.234447,-0.394408,-0.546343,0.168614,0.098522,-0.424289,0.462112,-0.064726,-0.207810,-0.677273,0.112416,-2.355764,-0.041001,1.665904,0.771833,-0.412174,0.187743,0.243594,-0.000619,-0.222190,0.359563,-0.011284
0.857983,-0.985551,-0.177071,0.730056,0.481430,-0.949829,0.855628,-0.234933,-0.403817,-0.537267,0.160228,0.099643,-0.424031,0.462783,-0.065060,-0.208228,-0.677082,0.112662,-2.355770,-0.041230,1.666263,0.771823,-0.415351,0.188003,0.244195,-0.001378,-0.224454,0.358956,-0.010666
0.859040,-0.983183,-0.181844,0.733088,0.483245,-0.950195,0.855120,-0.234325,-0.407040,-0.528242,0.159369,0.100096,-0.423176,0.463428,-0.065388,-0.208646,-0.676898,0.112909,-2.355767,-0.041462,1.666624,0.771816,-0.415093,0.187040,0.244772,0.000291,-0.225866,0.359331,-0.010142
0.859987,-0.983935,-0.184707,0.734351,0.482599,-0.949178,0.854808,-0.236092,-0.404827,-0.520664,0.164228,0.100027,-0.421809,0.463978,-0.065727,-0.209066,-0.676705,0.113148,-2.355770,-0.041687,1.666982,0.771801,-0.416085,0.188797,0.243168,-0.000730,-0.225478,0.359912,-0.011883
0.861186,-0.985343,-0.182721,0.739835,0.485089,-0.950831,0.854555,-0.235955,-0.397487,-0.517405,0.174272,0.100605,-0.419946,0.464501,-0.066081,-0.209478,-0.676515,0.113389,-2.355767,-0.041914,1.667343,0.771798,-0.415077,0.189435,0.242153,0.000516,-0.226247,0.360045,-0.008795
0.862060,-0.981583,-0.183085,0.737467,0.487796,-0.951643,0.850784,-0.236598,-0.385406,-0.519070,0.189348,0.102302,-0.417598,0.465128,-0.066436,-0.209894,-0.676330,0.113622,-2.355772,-0.042135,1.667705,0.771786,-0.414879,0.188095,0.239774,-0.001032,-0.224909,0.360654,-0.009697
0.863018,-0.980987,-0.183884,0.742767,0.487964,-0.948315,0.851945,-0.237423,-0.369354,-0.523884,0.208704,0.105342,-0.414800,0.466042,-0.066779,-0.210311,-0.676142,0.113864,-2.355778,-0.042358,1.668078,0.771777,-0.415767,0.187409,0.240393,-0.002985,-0.223728,0.364054,-0.008825
0.864054,-0.980937,-0.186914,0.742735,0.489973,-0.948970,0.852550,-0.237712,-0.349811,-0.530858,0.231675,0.110177,-0.411572,0.467346,-0.067091,-0.210726,-0.675959,0.114099,-2.355780,-0.042592,1.668441,0.771775,-0.415448,0.187129,0.237421,-0.002412,-0.226788,0.362678,-0.007673
0.865062,-0.974427,-0.185504,0.742298,0.490504,-0.949312,0.852458,-0.237654,-0.327054,-0.540137,0.257972,0.116902,-0.407934,0.468996,-0.067368,-0.211148,-0.675767,0.114333,-2.355786,-0.042815,1.668795,0.771769,-0.415153,0.187988,0.237400,-0.003579,-0.226070,0.362131,-0.007632
0.866050,-0.974601,-0.184518,0.743313,0.491245,-0.949390,0.852322,-0.237253,-0.301633,-0.551804,0.286554,0.125596,-0.403946,0.470918,-0.067635,-0.211567,-0.675580,0.114570,-2.355788,-0.043037,1.669160,0.771758,-0.418025,0.186603,0.237446,-0.003343,-0.225650,0.362162,-0.008251
0.866967,-0.969322,-0.190011,0.742459,0.492056,-0.950534,0.850464,-0.238789,-0.274197,-0.563451,0.316218,0.134895,-0.399688,0.472969,-0.067908,-0.211987,-0.675397,0.114803,-2.355792,-0.043267,1.669527,0.771749,-0.417379,0.185470,0.236743,-0.003311,-0.225369,0.362167,-0.009550
0.867950,-0.970285,-0.191957,0.746141,0.491210,-0.949158,0.850336,-0.239197,-0.245401,-0.574194,0.346093,0.143953,-0.395240,0.475053,-0.068166,-0.212412,-0.675205,0.115042,-2.355796,-0.043485,1.669893,0.771750,-0.419145,0.187391,0.236739,-0.003384,-0.223979,0.363779,-0.006929
0.869125,-0.965832,-0.193348,0.748763,0.493450,-0.950353,0.848914,-0.240196,-0.215552,-0.586205,0.375913,0.153191,-0.390653,0.477124,-0.068390,-0.212825,-0.675018,0.115276,-2.355794,-0.043712,1.670260,0.771743,-0.418170,0.187661,0.234675,-0.001870,-0.225198,0.363750,-0.006633
0.870049,-0.963954,-0.193399,0.753715,0.494122,-0.949464,0.851148,-0.239603,-0.184302,-0.600365,0.406563,0.162659,-0.385922,0.479123,-0.068588,-0.213251,-0.674826,0.115504,-2.355800,-0.043932,1.670628,0.771741,-0.420695,0.187906,0.233743,-0.003177,-0.224278,0.365452,-0.005243
0.871053,-0.963053,-0.197588,0.753301,0.494433,-0.950997,0.851153,-0.240051,-0.150925,-0.616181,0.439492,0.172800,-0.380998,0.481128,-0.068790,-0.213668,-0.674641,0.115733,-2.355802,-0.044165,1.670987,0.771732,-0.420838,0.187155,0.230949,-0.003140,-0.224817,0.362964,-0.006915
0.872104,-0.961759,-0.197960,0.753272,0.494616,-0.953031,0.850224,-0.239326,-0.115753,-0.633235,0.474726,0.183961,-0.375948,0.483201,-0.069040,-0.214088,-0.674451,0.115966,-2.355804,-0.044386,1.671349,0.771729,-0.420841,0.188572,0.231048,-0.002703,-0.223188,0.362919,-0.006518
0.873081,-0.958829,-0.201090,0.751315,0.494937,-0.954420,0.851297,-0.240927,-0.080817,-0.651253,0.509742,0.195689,-0.371008,0.485244,-0.069371,-0.214511,-0.674262,0.116194,-2.355806,-0.044599,1.671709,0.771718,-0.421217,0.188136,0.231103,-0.002099,-0.221246,0.363907,-0.008507
0.873966,-0.956914,-0.200709,0.748899,0.495498,-0.950954,0.848129,-0.241120,-0.048061,-0.669582,0.541810,0.207316,-0.366409,0.487170,-0.069780,-0.214928,-0.674071,0.116429,-2.355809,-0.044818,1.672072,0.771717,-0.422154,0.188958,0.231856,-0.001679,-0.219748,0.362689,-0.005775
0.875041,-0.955491,-0.200379,0.749907,0.495792,-0.954496,0.847145,-0.241977,-0.018695,-0.687160,0.569185,0.218370,-0.362276,0.488989,-0.070237,-0.215352,-0.673884,0.116659,-2.355811,-0.045043,1.672441,0.771711,-0.422067,0.187898,0.232637,-0.001570,-0.222891,0.365544,-0.005865
0.876053,-0.958377,-0.202785,0.750940,0.496500,-0.954711,0.848048,-0.242356,0.006668,-0.702056,0.591199,0.228007,-0.358670,0.490669,-0.070723,-0.215770,-0.673697,0.116890,-2.355810,-0.045257,1.672811,0.771707,-0.422684,0.187188,0.232195,-0.001142,-0.219418,0.366546,-0.004695
0.877021,-0.956723,-0.200155,0.756448,0.496146,-0.952761,0.848663,-0.242190,0.027965,-0.713363,0.608225,0.235871,-0.355628,0.492207,-0.071236,-0.216188,-0.673508,0.117122,-2.355812,-0.045480,1.673179,0.771704,-0.420839,0.187743,0.231576,-0.001110,-0.219159,0.365547,-0.004474
0.878214,-0.956236,-0.198266,0.756090,0.496191,-0.952220,0.849504,-0.242983,0.045910,-0.720897,0.621908,0.241986,-0.353116,0.493650,-0.071772,-0.216608,-0.673326,0.117343,-2.355810,-0.045702,1.673538,0.771696,-0.421066,0.185740,0.228699,-0.000101,-0.220959,0.364813,-0.005299
0.879019,-0.956064,-0.201077,0.755623,0.496007,-0.950061,0.847946,-0.242373,0.061820,-0.722528,0.634551,0.245155,-0.351033,0.494929,-0.072325,-0.217026,-0.673144,0.117573,-2.355809,-0.045932,1.673899,0.771690,-0.421754,0.184500,0.229311,0.000645,-0.221729,0.364311,-0.004307
0.880017,-0.956004,-0.200843,0.756664,0.497093,-0.946035,0.847662,-0.243749,0.075807,-0.717726,0.646165,0.244891,-0.349379,0.495975,-0.072885,-0.217445,-0.672959,0.117799,-2.355807,-0.046152,1.674266,0.771682,-0.420481,0.184968,0.228958,0.001342,-0.223399,0.365379,-0.005950
0.881027,-0.956298,-0.205685,0.759227,0.496620,-0.945727,0.844644,-0.242609,0.087297,-0.708787,0.655686,0.242485,-0.348178,0.496886,-0.073434,-0.217865,-0.672772,0.118026,-2.355807,-0.046390,1.674632,0.771684,-0.420043,0.184175,0.228347,0.000942,-0.227193,0.365552,-0.003698
0.882008,-0.958756,-0.204392,0.752337,0.499837,-0.943973,0.841457,-0.244374,0.096694,-0.698594,0.663614,0.239469,-0.347346,0.497802,-0.073951,-0.218279,-0.672585,0.118253,-2.355803,-0.046620,1.675009,0.771674,-0.419553,0.185973,0.227012,0.002048,-0.227305,0.368458,-0.006528
0.883138,-0.960953,-0.207160,0.760847,0.499388,-0.944852,0.842712,-0.244323,0.103408,-0.689615,0.668906,0.237356,-0.346875,0.498819,-0.074435,-0.218694,-0.672401,0.118487,-2.355809,-0.046856,1.675386,0.771677,-0.417813,0.184631,0.230285,-0.000385,-0.228797,0.371449,-0.003474
0.884096,-0.961178,-0.212788,0.760796,0.500136,-0.943420,0.843146,-0.244536,0.106434,-0.682626,0.670082,0.237275,-0.346790,0.500025,-0.074896,-0.219105,-0.672212,0.118706,-2.355807,-0.047083,1.675755,0.771671,-0.416972,0.185561,0.226321,0.000850,-0.228025,0.370315,-0.004187
0.884991,-0.958967,-0.214612,0.760882,0.498815,-0.939871,0.842746,-0.245207,0.107199,-0.679026,0.669378,0.239784,-0.346887,0.501420,-0.075331,-0.219519,-0.672022,0.118934,-2.355806,-0.047315,1.676124,0.771665,-0.416269,0.187615,0.226174,0.000720,-0.229184,0.369679,-0.004240
0.886020,-0.962107,-0.215822,0.763674,0.499867,-0.937994,0.840739,-0.245083,0.107200,-0.680299,0.668756,0.244767,-0.346970,0.502876,-0.075723,-0.219940,-0.671837,0.119156,-2.355798,-0.047552,1.676490,0.771663,-0.416426,0.187691,0.225840,0.002495,-0.232289,0.369774,-0.003360
0.887109,-0.957028,-0.215484,0.759763,0.500687,-0.939087,0.838994,-0.246305,0.106635,-0.684856,0.668299,0.250803,-0.346990,0.504206,-0.076047,-0.220349,-0.671649,0.119379,-2.355796,-0.047791,1.676867,0.771657,-0.414645,0.187669,0.224481,0.002096,-0.233944,0.371701,-0.004149
0.887990,-0.958571,-0.217418,0.759953,0.501214,-0.936969,0.837982,-0.245595,0.105456,-0.690350,0.667649,0.256761,-0.346929,0.505333,-0.076284,-0.220771,-0.671465,0.119608,-2.355793,-0.048022,1.677240,0.771657,-0.417132,0.187002,0.226608,0.001958,-0.232823,0.373495,-0.002260
0.889095,-0.963322,-0.216611,0.761977,0.500584,-0.934573,0.836374,-0.247177,0.103359,-0.695484,0.665719,0.262354,-0.346820,0.506291,-0.076434,-0.221178,-0.671276,0.119835,-2.355790,-0.048263,1.677616,0.771651,-0.415473,0.187097,0.226096,0.001985,-0.234431,0.374092,-0.004162
0.890090,-0.967541,-0.221584,0.766150,0.501011,-0.932460,0.838109,-0.246601,0.099812,-0.698796,0.661827,0.266615,-0.346756,0.507039,-0.076508,-0.221588,-0.671093,0.120057,-2.355784,-0.048503,1.677998,0.771657,-0.413229,0.186228,0.225328,0.003258,-0.236777,0.375737,-0.001564
0.891001,-0.962764,-0.221642,0.762715,0.501093,-0.931993,0.836110,-0.247781,0.094579,-0.699930,0.656376,0.268865,-0.346800,0.507527,-0.076523,-0.222000,-0.670900,0.120276,-2.355780,-0.048744,1.678367,0.771649,-0.410725,0.187996,0.223240,0.003420,-0.238589,0.373847,-0.003256
0.892111,-0.965735,-0.222482,0.770188,0.501321,-0.929603,0.835772,-0.247849,0.088177,-0.700298,0.650235,0.269748,-0.346941,0.507788,-0.076500,-0.222412,-0.670714,0.120503,-2.355775,-0.048986,1.678744,0.771650,-0.412377,0.187209,0.224675,0.003841,-0.238560,0.375531,-0.001350
0.893090,-0.963227,-0.223010,0.765680,0.502515,-0.930343,0.838049,-0.247624,0.081785,-0.699878,0.644817,0.269283,-0.347135,0.507773,-0.076460,-0.222823,-0.670526,0.120715,-2.355770,-0.049231,1.679116,0.771648,-0.411013,0.187130,0.221282,0.004277,-0.240878,0.375960,-0.001819
0.894010,-0.967288,-0.227885,0.761098,0.501991,-0.928475,0.837369,-0.247484,0.076243,-0.697957,0.641179,0.267413,-0.347359,0.507489,-0.076434,-0.223234,-0.670337,0.120944,-2.355768,-0.049469,1.679487,0.771644,-0.411824,0.186667,0.223440,0.003708,-0.239801,0.373486,-0.002781
0.895035,-0.969614,-0.228226,0.759613,0.503050,-0.925087,0.835621,-0.248092,0.069978,-0.695558,0.636640,0.265124,-0.347807,0.507078,-0.076459,-0.223642,-0.670149,0.121173,-2.355762,-0.049714,1.679870,0.771640,-0.409082,0.188318,0.225418,0.004752,-0.241194,0.373832,-0.003533
0.896036,-0.971594,-0.232529,0.757914,0.504810,-0.925560,0.838221,-0.248760,0.060482,-0.693905,0.627321,0.262947,-0.348718,0.506591,-0.076546,-0.224052,-0.669961,0.121399,-2.355759,-0.049963,1.680242,0.771639,-0.407693,0.187830,0.226144,0.004300,-0.244290,0.375512,-0.002846
0.896997,-0.970844,-0.234967,0.758912,0.505136,-0.923549,0.837453,-0.248207,0.047161,-0.694073,0.612389,0.261770,-0.350078,0.506145,-0.076674,-0.224455,-0.669767,0.121628,-2.355756,-0.050205,1.680614,0.771639,-0.406455,0.189255,0.226895,0.003177,-0.243483,0.372738,-0.002040
0.898054,-0.975742,-0.237153,0.758963,0.504963,-0.923230,0.836897,-0.250072,0.031206,-0.697685,0.593465,0.262941,-0.351692,0.505900,-0.076821,-0.224862,-0.669579,0.121851,-2.355752,-0.050453,1.680989,0.771631,-0.406352,0.189718,0.226245,0.003424,-0.245070,0.373306,-0.003649
0.899003,-0.972814,-0.238696,0.760041,0.506875,-0.920594,0.837483,-0.249035,0.013887,-0.704647,0.572576,0.265782,-0.353412,0.505705,-0.076979,-0.225266,-0.669388,0.122079,-2.355746,-0.050698,1.681362,0.771636,-0.403869,0.190192,0.226285,0.004192,-0.245173,0.373851,-0.000457
0.899990,-0.971888,-0.240509,0.756496,0.505435,-0.915187,0.839967,-0.249839,-0.003958,-0.713634,0.551244,0.269078,-0.355146,0.505338,-0.077153,-0.225674,-0.669201,0.122306,-2.355745,-0.050950,1.681736,0.771629,-0.404812,0.190209,0.225530,0.002898,-0.247328,0.373001,-0.003063
0.901085,-0.969682,-0.237965,0.757537,0.506088,-0.914157,0.840366,-0.249135,-0.021334,-0.723581,0.530734,0.272320,-0.356764,0.504733,-0.077347,-0.226079,-0.669009,0.122533,-2.355738,-0.051207,1.682100,0.771627,-0.404914,0.190368,0.227203,0.004904,-0.252288,0.370389,-0.001938
0.902060,-0.972006,-0.238224,0.753293,0.508845,-0.914641,0.840682,-0.250838,-0.037666,-0.731827,0.511624,0.273745,-0.358184,0.503788,-0.077543,-0.226486,-0.668821,0.122760,-2.355733,-0.051461,1.682471,0.771618,-0.406156,0.188553,0.226845,0.004866,-0.253055,0.370091,-0.003923
0.903151,-0.975285,-0.240779,0.752245,0.507418,-0.914713,0.842804,-0.249975,-0.053475,-0.736032,0.493242,0.272599,-0.359440,0.502573,-0.077707,-0.226891,-0.668636,0.122995,-2.355734,-0.051713,1.682842,0.771624,-0.404578,0.188018,0.228744,0.002797,-0.252103,0.369592,-0.001010
0.904039,-0.977544,-0.240915,0.749450,0.507875,-0.913680,0.841454,-0.250945,-0.070496,-0.736673,0.473352,0.269823,-0.360744,0.501266,-0.077817,-0.227296,-0.668446,0.123224,-2.355724,-0.051965,1.683206,0.771615,-0.403066,0.188743,0.229391,0.004788,-0.251837,0.367565,-0.003333
0.905034,-0.975663,-0.244905,0.747273,0.507918,-0.909504,0.840754,-0.251223,-0.090305,-0.734339,0.450146,0.264991,-0.362368,0.499771,-0.077865,-0.227693,-0.668261,0.123456,-2.355717,-0.052218,1.683576,0.771615,-0.401229,0.187976,0.230360,0.004762,-0.252228,0.368592,-0.001831
0.906204,-0.979867,-0.246107,0.746601,0.509192,-0.905354,0.842478,-0.251095,-0.112891,-0.729628,0.423800,0.257675,-0.364425,0.497940,-0.077849,-0.228098,-0.668069,0.123688,-2.355712,-0.052481,1.683938,0.771613,-0.401890,0.189255,0.231297,0.005286,-0.255923,0.369207,-0.001809
0.907008,-0.977858,-0.246453,0.743834,0.510295,-0.900239,0.840843,-0.251508,-0.137199,-0.724739,0.395522,0.249128,-0.366867,0.495834,-0.077776,-0.228493,-0.667877,0.123924,-2.355708,-0.052750,1.684305,0.771610,-0.400382,0.189396,0.231897,0.004728,-0.259872,0.367720,-0.002685
0.908055,-0.978760,-0.244230,0.741894,0.511863,-0.896639,0.841009,-0.251772,-0.162411,-0.720668,0.366335,0.240574,-0.369602,0.493621,-0.077665,-0.228893,-0.667692,0.124159,-2.355706,-0.053026,1.684674,0.771608,-0.400267,0.188598,0.232582,0.004130,-0.263937,0.368853,-0.002267
0.909034,-0.976118,-0.250338,0.735865,0.510939,-0.890247,0.842402,-0.252680,-0.188132,-0.715740,0.336815,0.232074,-0.372538,0.491413,-0.077521,-0.229293,-0.667507,0.124392,-2.355703,-0.053294,1.685041,0.771605,-0.399808,0.186909,0.233533,0.003223,-0.267065,0.368675,-0.002289
0.910093,-0.977028,-0.248831,0.737882,0.512267,-0.890344,0.844326,-0.251516,-0.214112,-0.709470,0.306972,0.223583,-0.375594,0.489254,-0.077334,-0.229693,-0.667315,0.124636,-2.355696,-0.053576,1.685408,0.771606,-0.400824,0.189246,0.236224,0.004683,-0.272738,0.367124,-0.000985
0.911035,-0.971733,-0.247580,0.734977,0.513117,-0.888622,0.843776,-0.253321,-0.239776,-0.703389,0.277227,0.215475,-0.378670,0.487187,-0.077104,-0.230093,-0.667131,0.124869,-2.355695,-0.053848,1.685765,0.771597,-0.400399,0.187925,0.235187,0.004049,-0.272112,0.365281,-0.003884
0.912078,-0.972569,-0.251783,0.734463,0.512750,-0.886248,0.844025,-0.252459,-0.263866,-0.696704,0.249457,0.207511,-0.381607,0.485241,-0.076825,-0.230494,-0.666947,0.125110,-2.355690,-0.054128,1.686131,0.771604,-0.402572,0.186578,0.236255,0.003735,-0.273050,0.365636,-0.000740
0.913014,-0.970833,-0.251194,0.738856,0.515981,-0.884631,0.845184,-0.253295,-0.285362,-0.688494,0.225064,0.199293,-0.384290,0.483350,-0.076499,-0.230893,-0.666758,0.125351,-2.355684,-0.054412,1.686494,0.771596,-0.402107,0.188083,0.236376,0.004700,-0.274805,0.365392,-0.003044
0.914162,-0.978936,-0.256888,0.735382,0.514387,-0.880987,0.844993,-0.253091,-0.303293,-0.680533,0.205320,0.191903,-0.386576,0.481567,-0.076148,-0.231296,-0.666573,0.125580,-2.355686,-0.054686,1.686854,0.771595,-0.402425,0.187014,0.233877,0.002149,-0.275660,0.364028,-0.001829
0.915040,-0.975311,-0.252735,0.730324,0.514044,-0.878534,0.845222,-0.253628,-0.317797,-0.674666,0.190249,0.186710,-0.388379,0.480050,-0.075795,-0.231685,-0.666378,0.125821,-2.355676,-0.054975,1.687222,0.771592,-0.398931,0.189366,0.235810,0.004341,-0.278881,0.364447,-0.002860
0.916054,-0.980027,-0.255771,0.730472,0.516559,-0.877502,0.848253,-0.253032,-0.331306,-0.669573,0.176466,0.182215,-0.389883,0.478650,-0.075471,-0.232085,-0.666198,0.126064,-2.355671,-0.055260,1.687587,0.771591,-0.399999,0.186472,0.237744,0.005164,-0.280328,0.363860,-0.002233
0.917048,-0.979682,-0.255399,0.731199,0.516021,-0.874298,0.849458,-0.254284,-0.345478,-0.662628,0.161484,0.177030,-0.391197,0.477307,-0.075203,-0.232479,-0.666008,0.126299,-2.355670,-0.055539,1.687940,0.771584,-0.397516,0.187348,0.237507,0.003312,-0.280706,0.360816,-0.003959
0.918082,-0.984253,-0.257361,0.731827,0.519328,-0.872463,0.851188,-0.254763,-0.359759,-0.654178,0.146034,0.172345,-0.392204,0.476249,-0.074990,-0.232869,-0.665825,0.126536,-2.355663,-0.055827,1.688298,0.771587,-0.397590,0.186517,0.236929,0.004407,-0.283170,0.359574,-0.001958
0.919038,-0.980231,-0.253842,0.728313,0.517312,-0.872656,0.849992,-0.254307,-0.373078,-0.645723,0.131624,0.169454,-0.392759,0.475634,-0.074816,-0.233261,-0.665638,0.126771,-2.355666,-0.056114,1.688649,0.771586,-0.395303,0.186897,0.236531,0.001863,-0.284315,0.357901,-0.001565
0.920065,-0.985527,-0.255759,0.734906,0.519292,-0.872789,0.850117,-0.255191,-0.385043,-0.636566,0.118651,0.167943,-0.392826,0.475406,-0.074696,-0.233656,-0.665458,0.127011,-2.355657,-0.056397,1.689011,0.771579,-0.396993,0.184452,0.237957,0.004364,-0.283298,0.358963,-0.002977
0.921224,-0.988382,-0.255100,0.733008,0.520713,-0.874267,0.848066,-0.254587,-0.395123,-0.624600,0.107840,0.165756,-0.392444,0.475307,-0.074651,-0.234046,-0.665275,0.127239,-2.355657,-0.056684,1.689376,0.771581,-0.394317,0.184865,0.234589,0.003059,-0.282478,0.358793,-0.001736
0.922038,-0.982393,-0.255559,0.735165,0.521856,-0.872460,0.845919,-0.255034,-0.402846,-0.610527,0.099962,0.162913,-0.391667,0.475272,-0.074675,-0.234440,-0.665093,0.127472,-2.355655,-0.056960,1.689739,0.771573,-0.393481,0.184168,0.235857,0.002410,-0.280689,0.361130,-0.003559
0.923046,-0.988189,-0.251307,0.737965,0.520860,-0.871864,0.847888,-0.255618,-0.407835,-0.596210,0.095160,0.160636,-0.390523,0.475331,-0.074757,-0.234837,-0.664913,0.127701,-2.355653,-0.057241,1.690105,0.771570,-0.395466,0.183523,0.234158,0.001795,-0.281437,0.362783,-0.003064
0.924039,-0.984611,-0.253408,0.738731,0.523190,-0.871610,0.850135,-0.256256,-0.409295,-0.580130,0.094488,0.157677,-0.389000,0.475287,-0.074864,-0.235226,-0.664737,0.127927,-2.355649,-0.057520,1.690461,0.771569,-0.392460,0.180858,0.232704,0.003404,-0.281375,0.360759,-0.002425
0.925126,-0.987108,-0.253997,0.744277,0.521921,-0.873388,0.850788,-0.256020,-0.407251,-0.560756,0.098306,0.152991,-0.387144,0.475017,-0.074972,-0.235620,-0.664554,0.128159,-2.355650,-0.057801,1.690810,0.771567,-0.394100,0.181304,0.232184,0.001765,-0.280926,0.358503,-0.001672
0.926089,-0.987179,-0.251842,0.749990,0.522358,-0.870121,0.848532,-0.256570,-0.401453,-0.540276,0.106905,0.147627,-0.384972,0.474603,-0.075081,-0.236012,-0.664376,0.128386,-2.355643,-0.058081,1.691165,0.771561,-0.393098,0.181178,0.229542,0.003670,-0.278637,0.358021,-0.002715
0.927003,-0.989053,-0.251456,0.749048,0.523271,-0.869000,0.847194,-0.256536,-0.391117,-0.519682,0.121626,0.141154,-0.382462,0.474019,-0.075188,-0.236410,-0.664199,0.128604,-2.355640,-0.058365,1.691526,0.771560,-0.392700,0.179478,0.226611,0.003813,-0.281161,0.360164,-0.002108
0.927987,-0.986806,-0.252714,0.749683,0.525503,-0.866534,0.846286,-0.256841,-0.376860,-0.497694,0.141999,0.132427,-0.379689,0.473235,-0.075292,-0.236797,-0.664024,0.128832,-2.355640,-0.058650,1.691891,0.771556,-0.391293,0.178639,0.226795,0.003526,-0.281347,0.361220,-0.002656
0.929091,-0.989261,-0.251588,0.750023,0.527627,-0.867862,0.844367,-0.257880,-0.360383,-0.475625,0.165233,0.122952,-0.376784,0.472484,-0.075392,-0.237195,-0.663847,0.129054,-2.355640,-0.058942,1.692261,0.771554,-0.392168,0.178694,0.226415,0.001964,-0.282991,0.361974,-0.002555
0.930081,-0.986767,-0.250882,0.749777,0.529363,-0.869895,0.846330,-0.257147,-0.342962,-0.456246,0.188797,0.115270,-0.373833,0.472053,-0.075484,-0.237587,-0.663670,0.129279,-2.355642,-0.059221,1.692626,0.771554,-0.391268,0.177740,0.226462,0.000662,-0.281191,0.364038,-0.001053
0.930977,-0.986700,-0.253978,0.756842,0.530516,-0.866191,0.844269,-0.257486,-0.325478,-0.440486,0.211014,0.110593,-0.370914,0.472075,-0.075577,-0.237980,-0.663497,0.129506,-2.355644,-0.059494,1.692988,0.771546,-0.392342,0.176882,0.226481,-0.000338,-0.278513,0.361944,-0.003050
0.932106,-0.981703,-0.252061,0.761987,0.531019,-0.864523,0.842945,-0.256983,-0.307419,-0.428973,0.232593,0.109228,-0.367990,0.472534,-0.075679,-0.238373,-0.663318,0.129720,-2.355645,-0.059777,1.693351,0.771542,-0.391744,0.177714,0.222715,-0.000818,-0.281347,0.363747,-0.002811
0.933081,-0.978210,-0.257005,0.765580,0.530010,-0.863400,0.841715,-0.258403,-0.286301,-0.422307,0.257310,0.110603,-0.364832,0.473255,-0.075773,-0.238770,-0.663145,0.129936,-2.355643,-0.060066,1.693719,0.771535,-0.394678,0.176432,0.220551,-0.000577,-0.282511,0.365231,-0.004406
0.934084,-0.976440,-0.255935,0.767868,0.533361,-0.861945,0.839220,-0.257791,-0.260015,-0.420175,0.288196,0.113001,-0.361259,0.473957,-0.075821,-0.239169,-0.662965,0.130152,-2.355639,-0.060351,1.694093,0.771538,-0.396087,0.178320,0.218746,0.001024,-0.282842,0.366262,-0.002058
0.935035,-0.977997,-0.256491,0.767164,0.534348,-0.861494,0.837127,-0.258935,-0.228605,-0.423148,0.325033,0.116034,-0.357269,0.474569,-0.075796,-0.239570,-0.662791,0.130367,-2.355647,-0.060636,1.694464,0.771530,-0.396745,0.177243,0.217687,-0.001489,-0.283585,0.368654,-0.003828
0.936059,-0.980879,-0.255926,0.767191,0.536414,-0.860450,0.836767,-0.258813,-0.194482,-0.431028,0.364520,0.120607,-0.353022,0.475244,-0.075713,-0.239959,-0.662618,0.130585,-2.355647,-0.060917,1.694841,0.771535,-0.395626,0.176951,0.217954,-0.001783,-0.283233,0.370479,-0.002029
0.937215,-0.983350,-0.257019,0.766193,0.536036,-0.860964,0.838062,-0.258709,-0.161280,-0.442046,0.401916,0.126823,-0.348801,0.476074,-0.075620,-0.240351,-0.662443,0.130801,-2.355654,-0.061207,1.695209,0.771528,-0.394169,0.176182,0.218053,-0.002970,-0.283557,0.370765,-0.002816
0.938089,-0.979012,-0.253641,0.763710,0.535866,-0.862005,0.837114,-0.258939,-0.131902,-0.454681,0.433498,0.134025,-0.344885,0.477037,-0.075582,-0.240739,-0.662266,0.131021,-2.355653,-0.061485,1.695575,0.771524,-0.393576,0.176439,0.218976,-0.001792,-0.282699,0.369688,-0.003626
0.939000,-0.982087,-0.259743,0.764883,0.537173,-0.860208,0.834077,-0.258555,-0.107520,-0.466443,0.457766,0.140283,-0.341437,0.477971,-0.075643,-0.241136,-0.662097,0.131247,-2.355653,-0.061768,1.695950,0.771521,-0.395002,0.174083,0.219824,-0.001019,-0.280680,0.370241,-0.003610
0.940031,-0.980724,-0.262074,0.767128,0.536983,-0.860011,0.832888,-0.259515,-0.087947,-0.476281,0.475083,0.144508,-0.338470,0.478750,-0.075812,-0.241527,-0.661916,0.131463,-2.355656,-0.062046,1.696325,0.771515,-0.392899,0.176447,0.219039,-0.001627,-0.281659,0.372967,-0.004852
0.941109,-0.980635,-0.262767,0.771904,0.539569,-0.860348,0.830500,-0.259323,-0.072075,-0.487433,0.487162,0.148231,-0.335835,0.479444,-0.076075,-0.241918,-0.661740,0.131681,-2.355656,-0.062326,1.696704,0.771516,-0.393637,0.177108,0.218016,-0.000701,-0.281233,0.374027,-0.003456
0.942098,-0.980776,-0.263825,0.769587,0.540049,-0.859915,0.827655,-0.260001,-0.057890,-0.502346,0.497033,0.152895,-0.333276,0.480185,-0.076410,-0.242313,-0.661563,0.131891,-2.355664,-0.062600,1.697083,0.771508,-0.393868,0.177018,0.215957,-0.002369,-0.280440,0.376419,-0.004405
0.943063,-0.980845,-0.268312,0.773309,0.539255,-0.860510,0.829273,-0.259235,-0.044306,-0.520562,0.506377,0.158971,-0.330660,0.481070,-0.076796,-0.242699,-0.661384,0.132112,-2.355666,-0.062884,1.697468,0.771503,-0.393686,0.176966,0.217107,-0.002092,-0.280132,0.379040,-0.003541
0.943995,-0.975861,-0.275337,0.774737,0.539680,-0.859454,0.828543,-0.260063,-0.031710,-0.541378,0.514786,0.166093,-0.328061,0.482033,-0.077207,-0.243093,-0.661201,0.132325,-2.355664,-0.063155,1.697844,0.771494,-0.393329,0.178550,0.215210,-0.000654,-0.278866,0.377150,-0.005581
0.945080,-0.982099,-0.272382,0.766479,0.541591,-0.863616,0.830241,-0.261031,-0.019302,-0.566401,0.523367,0.174424,-0.325440,0.482988,-0.077604,-0.243493,-0.661014,0.132538,-2.355666,-0.063429,1.698221,0.771493,-0.395314,0.181299,0.214424,-0.000397,-0.279177,0.377597,-0.004384
0.946059,-0.977596,-0.270925,0.767428,0.541480,-0.865065,0.829647,-0.259957,-0.007896,-0.596436,0.530735,0.184884,-0.322881,0.483950,-0.077952,-0.243877,-0.660837,0.132763,-2.355670,-0.063696,1.698592,0.771493,-0.392507,0.179362,0.218773,-0.001461,-0.274602,0.375931,-0.003021
0.946966,-0.982057,-0.272189,0.771528,0.539353,-0.866090,0.827035,-0.261084,-0.000621,-0.626902,0.532568,0.196315,-0.320710,0.484850,-0.078254,-0.244274,-0.660662,0.132978,-2.355671,-0.063969,1.698974,0.771481,-0.394515,0.178089,0.218260,-0.000631,-0.272523,0.376314,-0.005682
0.948088,-0.982703,-0.272691,0.767180,0.540072,-0.865681,0.829327,-0.261359,0.002535,-0.652469,0.529628,0.205382,-0.319016,0.485399,-0.078501,-0.244664,-0.660484,0.133190,-2.355664,-0.064237,1.699352,0.771478,-0.391708,0.178028,0.216052,0.001964,-0.270745,0.378583,-0.003856
0.949049,-0.985295,-0.274459,0.773712,0.541183,-0.866518,0.829944,-0.262158,0.002546,-0.671491,0.523978,0.210021,-0.317765,0.485396,-0.078663,-0.245054,-0.660308,0.133415,-2.355665,-0.064508,1.699726,0.771476,-0.391867,0.177936,0.218536,0.002040,-0.270846,0.376359,-0.003913
0.950087,-0.986797,-0.272899,0.772812,0.542679,-0.866795,0.832939,-0.261525,-0.000270,-0.685570,0.516055,0.211688,-0.316880,0.485075,-0.078732,-0.245444,-0.660128,0.133621,-2.355663,-0.064773,1.700096,0.771473,-0.390275,0.178181,0.215284,0.001552,-0.269388,0.375551,-0.002804
0.950984,-0.984833,-0.272345,0.773879,0.542328,-0.865401,0.832917,-0.262116,-0.004628,-0.696552,0.507594,0.212872,-0.316159,0.484832,-0.078726,-0.245827,-0.659953,0.133839,-2.355665,-0.065041,1.700465,0.771465,-0.389678,0.176918,0.215901,0.000817,-0.268644,0.372507,-0.004622
0.952056,-0.990401,-0.272810,0.775335,0.542073,-0.863773,0.831585,-0.261483,-0.009693,-0.703874,0.499668,0.214074,-0.315504,0.484834,-0.078679,-0.246223,-0.659780,0.134051,-2.355662,-0.065312,1.700833,0.771463,-0.390023,0.175982,0.215185,0.001731,-0.269245,0.372231,-0.003885
0.952973,-0.989208,-0.280842,0.773939,0.542055,-0.860314,0.833614,-0.261936,-0.015310,-0.706249,0.492398,0.214086,-0.314951,0.484953,-0.078627,-0.246610,-0.659603,0.134262,-2.355656,-0.065581,1.701203,0.771455,-0.387479,0.175795,0.214760,0.002592,-0.270468,0.373612,-0.005714
0.953968,-0.987976,-0.282331,0.777512,0.544696,-0.859023,0.833683,-0.262113,-0.021542,-0.706098,0.485459,0.213211,-0.314534,0.485106,-0.078590,-0.246997,-0.659419,0.134479,-2.355654,-0.065859,1.701571,0.771451,-0.387651,0.179083,0.215294,0.003197,-0.273109,0.371264,-0.005257
0.955017,-0.987556,-0.284155,0.782986,0.543388,-0.861278,0.835981,-0.262476,-0.027342,-0.708932,0.479558,0.214478,-0.314094,0.485533,-0.078568,-0.247389,-0.659239,0.134687,-2.355656,-0.066137,1.701940,0.771447,-0.388120,0.179204,0.213613,0.001280,-0.273709,0.371096,-0.005419
0.956095,-0.990639,-0.281395,0.782267,0.545551,-0.862130,0.838418,-0.262983,-0.030492,-0.716510,0.477499,0.219206,-0.313371,0.486401,-0.078548,-0.247777,-0.659058,0.134894,-2.355649,-0.066401,1.702305,0.771443,-0.388469,0.179596,0.211164,0.003176,-0.271001,0.368792,-0.005236
0.957084,-0.989559,-0.285249,0.784866,0.544754,-0.863146,0.840337,-0.262585,-0.030587,-0.725663,0.480186,0.225617,-0.312367,0.487590,-0.078534,-0.248165,-0.658883,0.135106,-2.355651,-0.066673,1.702668,0.771439,-0.387186,0.177804,0.211864,0.001784,-0.269736,0.366441,-0.004777
0.958089,-0.990885,-0.285012,0.790379,0.543727,-0.858633,0.839372,-0.263148,-0.029085,-0.733731,0.485744,0.232338,-0.311280,0.488967,-0.078551,-0.248556,-0.658702,0.135312,-2.355645,-0.066935,1.703024,0.771432,-0.387576,0.179146,0.210692,0.003153,-0.268199,0.364470,-0.006089
0.959151,-0.989645,-0.284137,0.788017,0.546271,-0.857977,0.838330,-0.263182,-0.021390,-0.743173,0.505736,0.241483,-0.308938,0.491323,-0.078680,-0.249331,-0.658351,0.135725,-2.355639,-0.067485,1.703760,0.771422,-0.387698,0.177623,0.209651,0.002904,-0.272275,0.366431,-0.005947
0.960006,-0.992640,-0.285912,0.786063,0.545053,-0.856185,0.839785,-0.264138,-0.021390,-0.743173,0.505736,0.241483,-0.308938,0.491323,-0.078680,-0.249331,-0.658351,0.135725,-2.355639,-0.067485,1.703760,0.771422,-0.387698,0.177623,0.209651,0.002904,-0.272275,0.366431,-0.005947
0.961049,-0.999318,-0.282031,0.785506,0.544637,-0.858110,0.840354,-0.263344,-0.016902,-0.742957,0.517581,0.242981,-0.307714,0.492086,-0.078775,-0.249717,-0.658174,0.135936,-2.355631,-0.067761,1.704118,0.771422,-0.385443,0.177744,0.210354,0.004561,-0.273128,0.364596,-0.004470
0.962010,-0.996070,-0.285386,0.783032,0.545864,-0.856486,0.839885,-0.265204,-0.015899,-0.737530,0.525457,0.241431,-0.306768,0.492521,-0.078900,-0.250090,-0.658005,0.136150,-2.355623,-0.068029,1.704483,0.771409,-0.382397,0.175392,0.210822,0.005508,-0.270702,0.364045,-0.006598
0.963160,-0.989051,-0.283337,0.789336,0.546076,-0.854683,0.841506,-0.264499,-0.020122,-0.725720,0.527343,0.235932,-0.306280,0.492618,-0.079063,-0.250477,-0.657827,0.136361,-2.355620,-0.068300,1.704843,0.771414,-0.383816,0.176481,0.212078,0.004867,-0.271688,0.364382,-0.003354
0.964090,-0.993178,-0.284602,0.786447,0.546435,-0.854783,0.841366,-0.265723,-0.026845,-0.709989,0.526458,0.228063,-0.305999,0.492607,-0.079233,-0.250866,-0.657650,0.136566,-2.355614,-0.068580,1.705206,0.771401,-0.387945,0.175122,0.209461,0.005315,-0.273140,0.362981,-0.005380
0.965013,-0.991395,-0.288992,0.790484,0.547543,-0.856658,0.842766,-0.265742,-0.032844,-0.692034,0.526839,0.218752,-0.305635,0.492621,-0.079380,-0.251247,-0.657475,0.136781,-2.355609,-0.068852,1.705569,0.771402,-0.385504,0.175141,0.210829,0.005498,-0.272274,0.362915,-0.003390
0.966100,-0.996042,-0.288067,0.793370,0.548089,-0.854934,0.841709,-0.266200,-0.038421,-0.673750,0.528152,0.208987,-0.305249,0.492716,-0.079494,-0.251635,-0.657294,0.136985,-2.355607,-0.069115,1.705922,0.771397,-0.385983,0.176633,0.208776,0.004970,-0.269715,0.361319,-0.003846
0.967001,-0.992574,-0.288943,0.792573,0.550886,-0.853421,0.838516,-0.265899,-0.044008,-0.657710,0.530024,0.200182,-0.304921,0.492989,-0.079568,-0.252013,-0.657122,0.137191,-2.355601,-0.069391,1.706290,0.771394,-0.384073,0.175796,0.207749,0.005050,-0.271017,0.362478,-0.003493
0.968034,-0.995524,-0.289651,0.786597,0.549350,-0.852625,0.836445,-0.266240,-0.049569,-0.644042,0.532580,0.192730,-0.304651,0.493508,-0.079605,-0.252400,-0.656946,0.137398,-2.355602,-0.069660,1.706657,0.771387,-0.385322,0.175546,0.208058,0.002873,-0.271748,0.365381,-0.004557
0.969011,-0.994648,-0.290803,0.789177,0.552276,-0.851657,0.836679,-0.266648,-0.056513,-0.631780,0.533406,0.186119,-0.304575,0.494185,-0.079618,-0.252780,-0.656769,0.137615,-2.355593,-0.069933,1.707031,0.771384,-0.383987,0.175408,0.211196,0.004964,-0.272004,0.367369,-0.004400
0.970013,-1.001212,-0.291190,0.789193,0.553068,-0.852918,0.842396,-0.266322,-0.066290,-0.620393,0.530080,0.179643,-0.304835,0.494831,-0.079611,-0.253166,-0.656596,0.137828,-2.355595,-0.070206,1.707400,0.771383,-0.384275,0.175453,0.209897,0.002718,-0.272318,0.366949,-0.004102
0.971216,-1.007338,-0.294255,0.792163,0.553502,-0.849926,0.842736,-0.267635,-0.078922,-0.610442,0.522721,0.174318,-0.305389,0.495529,-0.079590,-0.253545,-0.656421,0.138038,-2.355593,-0.070471,1.707748,0.771379,-0.380998,0.175128,0.210030,0.002597,-0.270517,0.361198,-0.005285
0.971981,-1.002472,-0.294388,0.787011,0.551651,-0.849076,0.839874,-0.267370,-0.094449,-0.602695,0.511756,0.171122,-0.306208,0.496398,-0.079561,-0.253917,-0.656242,0.138249,-2.355589,-0.070752,1.708113,0.771379,-0.378978,0.176423,0.209182,0.002912,-0.273298,0.361255,-0.003266
0.972984,-0.999257,-0.293018,0.787690,0.553404,-0.848046,0.840973,-0.268308,-0.112727,-0.596397,0.497451,0.168408,-0.307323,0.497194,-0.079530,-0.254303,-0.656066,0.138463,-2.355581,-0.071024,1.708475,0.771373,-0.380315,0.175567,0.211250,0.005126,-0.273014,0.363574,-0.004210
0.973991,-0.997508,-0.292679,0.788652,0.555073,-0.847422,0.839241,-0.267905,-0.132318,-0.589099,0.481241,0.163829,-0.308663,0.497678,-0.079516,-0.254684,-0.655893,0.138676,-2.355579,-0.071298,1.708838,0.771370,-0.381945,0.174379,0.210984,0.003992,-0.273450,0.362369,-0.002835
0.975054,-0.999772,-0.290781,0.783643,0.554747,-0.845881,0.838277,-0.269407,-0.151020,-0.579707,0.465574,0.157591,-0.310028,0.498035,-0.079521,-0.255068,-0.655724,0.138889,-2.355578,-0.071574,1.709211,0.771363,-0.382814,0.173778,0.210615,0.003012,-0.273443,0.364012,-0.004177
0.976083,-1.001335,-0.293845,0.786441,0.556975,-0.843340,0.838452,-0.269817,-0.168320,-0.567997,0.450812,0.150374,-0.311369,0.498450,-0.079537,-0.255447,-0.655553,0.139108,-2.355572,-0.071844,1.709574,0.771367,-0.381979,0.172451,0.213336,0.003950,-0.274547,0.365022,-0.001713
0.976972,-1.000510,-0.294708,0.785740,0.557191,-0.839561,0.838049,-0.269682,-0.185277,-0.554262,0.435332,0.142482,-0.312802,0.498969,-0.079574,-0.255821,-0.655374,0.139320,-2.355573,-0.072124,1.709938,0.771363,-0.381427,0.173481,0.212065,0.002441,-0.276489,0.364813,-0.001447
0.977968,-0.997713,-0.295318,0.785772,0.557478,-0.834677,0.836535,-0.269889,-0.201431,-0.540969,0.419775,0.135609,-0.314287,0.499749,-0.079652,-0.256202,-0.655200,0.139532,-2.355571,-0.072411,1.710305,0.771358,-0.381329,0.173218,0.212238,0.002809,-0.279291,0.364885,-0.002181
0.979055,-1.001269,-0.296727,0.789344,0.558219,-0.831556,0.834650,-0.269241,-0.215519,-0.529140,0.405925,0.130190,-0.315703,0.500756,-0.079783,-0.256587,-0.655028,0.139747,-2.355567,-0.072706,1.710668,0.771354,-0.382683,0.173021,0.212283,0.003125,-0.283358,0.366333,-0.002275
0.980043,-0.998458,-0.303336,0.785758,0.557654,-0.826319,0.836748,-0.270177,-0.226686,-0.518435,0.395088,0.125532,-0.316938,0.501783,-0.079966,-0.256963,-0.654856,0.139956,-2.355565,-0.072994,1.711037,0.771346,-0.381342,0.173392,0.210847,0.003087,-0.285886,0.368289,-0.004137
0.980962,-1.005845,-0.306119,0.783082,0.559267,-0.824626,0.836232,-0.270358,-0.234724,-0.510763,0.387508,0.122229,-0.317922,0.502750,-0.080189,-0.257346,-0.654675,0.140172,-2.355558,-0.073294,1.711396,0.771347,-0.382693,0.176099,0.212693,0.004175,-0.290241,0.366072,-0.002765
0.982094,-1.011266,-0.303230,0.781068,0.561061,-0.821516,0.835648,-0.270625,-0.241298,-0.509033,0.380584,0.121823,-0.318762,0.503749,-0.080441,-0.257715,-0.654496,0.140389,-2.355558,-0.073584,1.711765,0.771344,-0.378727,0.176778,0.213853,0.003181,-0.290949,0.366329,-0.002893
0.983010,-1.015339,-0.300607,0.780519,0.561049,-0.820953,0.836945,-0.269877,-0.249657,-0.512327,0.370129,0.124769,-0.319718,0.504905,-0.080739,-0.258089,-0.654327,0.140608,-2.355559,-0.073885,1.712135,0.771339,-0.376728,0.175064,0.215230,0.002200,-0.293473,0.367078,-0.002938
0.983983,-1.014806,-0.305294,0.775610,0.561187,-0.816975,0.837070,-0.271267,-0.261960,-0.515304,0.354001,0.129076,-0.320957,0.506190,-0.081096,-0.258466,-0.654159,0.140820,-2.355554,-0.074175,1.712497,0.771328,-0.374349,0.173179,0.215366,0.002747,-0.293047,0.365509,-0.004901
0.985139,-1.019981,-0.301709,0.777342,0.563879,-0.814981,0.835539,-0.270743,-0.278220,-0.515033,0.332459,0.132855,-0.322476,0.507496,-0.081496,-0.258839,-0.653984,0.141044,-2.355551,-0.074477,1.712861,0.771330,-0.374620,0.174994,0.217736,0.003212,-0.296109,0.365259,-0.002605
0.986019,-1.018767,-0.302979,0.782453,0.564257,-0.812659,0.834647,-0.271863,-0.297325,-0.512776,0.306655,0.136485,-0.324155,0.508842,-0.081924,-0.259213,-0.653817,0.141257,-2.355552,-0.074779,1.713225,0.771321,-0.372815,0.172981,0.217337,0.001341,-0.297515,0.367055,-0.004270
0.987017,-1.017754,-0.299644,0.780989,0.564500,-0.808709,0.833005,-0.271465,-0.316887,-0.508962,0.279976,0.140407,-0.325751,0.510320,-0.082364,-0.259584,-0.653644,0.141468,-2.355551,-0.075081,1.713597,0.771320,-0.373018,0.172947,0.214558,0.001580,-0.298684,0.367556,-0.002461
0.988074,-1.018317,-0.300016,0.788225,0.564866,-0.804252,0.830997,-0.271636,-0.334117,-0.502257,0.256606,0.143419,-0.327020,0.511907,-0.082791,-0.259958,-0.653478,0.141686,-2.355549,-0.075391,1.713971,0.771312,-0.373605,0.170845,0.215354,0.001976,-0.301669,0.369058,-0.003784
0.989063,-1.016519,-0.304693,0.787676,0.565428,-0.804992,0.827930,-0.271950,-0.354951,-0.478591,0.228803,0.142311,-0.328034,0.515143,-0.083511,-0.260704,-0.653135,0.142105,-2.355546,-0.076005,1.714728,0.771303,-0.374629,0.172528,0.212388,0.002394,-0.303542,0.373907,-0.003856
0.990069,-1.019040,-0.304992,0.790704,0.569171,-0.803958,0.829798,-0.272024,-0.357435,-0.468675,0.225127,0.141568,-0.327694,0.516968,-0.083761,-0.261077,-0.652965,0.142312,-2.355555,-0.076309,1.715095,0.771296,-0.373485,0.172200,0.211038,-0.000459,-0.303695,0.371902,-0.004219
0.991166,-1.016613,-0.305139,0.787253,0.570513,-0.804204,0.827933,-0.272848,-0.357435,-0.468675,0.225127,0.141568,-0.327694,0.516968,-0.083761,-0.261077,-0.652965,0.142312,-2.355555,-0.076309,1.715095,0.771296,-0.373485,0.172200,0.211038,-0.000459,-0.303695,0.371902,-0.004219
0.992097,-1.023276,-0.303471,0.794234,0.570175,-0.802161,0.824074,-0.272695,-0.356194,-0.463850,0.225440,0.144445,-0.326936,0.519202,-0.083933,-0.261452,-0.652792,0.142529,-2.355557,-0.076613,1.715472,0.771295,-0.375246,0.171930,0.213086,-0.000950,-0.302725,0.373853,-0.003138
0.992989,-1.014841,-0.301222,0.788887,0.572511,-0.801020,0.823879,-0.272380,-0.352698,-0.461850,0.227931,0.149740,-0.325933,0.521605,-0.084034,-0.261819,-0.652626,0.142737,-2.355554,-0.076920,1.715855,0.771288,-0.371712,0.170561,0.209508,-0.000030,-0.303696,0.377381,-0.003932
0.994112,-1.017507,-0.301804,0.792442,0.573913,-0.800330,0.823376,-0.272106,-0.347604,-0.458825,0.232222,0.154620,-0.324774,0.523808,-0.084084,-0.262206,-0.652460,0.142954,-2.355559,-0.077224,1.716233,0.771283,-0.375444,0.168842,0.211997,-0.001645,-0.303685,0.377148,-0.005019
0.995033,-1.014866,-0.300924,0.795485,0.574101,-0.799303,0.822880,-0.273492,-0.340738,-0.453862,0.238176,0.158977,-0.323416,0.525838,-0.084093,-0.262579,-0.652290,0.143166,-2.355563,-0.077528,1.716614,0.771277,-0.374722,0.168880,0.210606,-0.002153,-0.303712,0.377734,-0.006138
0.996002,-1.015826,-0.301755,0.794826,0.575712,-0.796233,0.824677,-0.273947,-0.331375,-0.447955,0.246473,0.163327,-0.321772,0.527772,-0.084052,-0.262958,-0.652126,0.143373,-2.355564,-0.077833,1.716994,0.771279,-0.375725,0.167915,0.209037,-0.001682,-0.303642,0.377880,-0.003831
0.997040,-1.014506,-0.301216,0.798764,0.576336,-0.792950,0.824494,-0.274817,-0.319123,-0.441621,0.257736,0.167549,-0.319806,0.529626,-0.083963,-0.263335,-0.651959,0.143584,-2.355567,-0.078145,1.717366,0.771274,-0.375137,0.167864,0.209416,-0.002551,-0.305676,0.375866,-0.003439
0.998011,-1.013330,-0.301755,0.800014,0.577602,-0.794456,0.824778,-0.274272,-0.304147,-0.435638,0.271567,0.172185,-0.317532,0.531505,-0.083850,-0.263708,-0.651794,0.143788,-2.355569,-0.078457,1.717746,0.771273,-0.376090,0.167255,0.207724,-0.002391,-0.308041,0.375970,-0.002238
0.999004,-1.008397,-0.304567,0.795475,0.579649,-0.793453,0.823451,-0.274824,-0.286216,-0.430650,0.288224,0.177513,-0.314939,0.533428,-0.083742,-0.264085,-0.651627,0.143993,-2.355572,-0.078753,1.718117,0.771265,-0.376586,0.167051,0.207226,-0.002927,-0.305595,0.375494,-0.003842
1.000008,-1.009014,-0.308875,0.801926,0.577813,-0.790533,0.825547,-0.275038,-0.265708,-0.428282,0.306851,0.184397,-0.312061,0.535406,-0.083668,-0.264465,-0.651454,0.144207,-2.355577,-0.079061,1.718497,0.771262,-0.379062,0.167960,0.209582,-0.004148,-0.305650,0.376645,-0.003232
1.001057,-1.007551,-0.308994,0.805996,0.577513,-0.790782,0.826150,-0.276172,-0.243048,-0.431123,0.326558,0.193676,-0.308921,0.537439,-0.083634,-0.264843,-0.651282,0.144410,-2.355574,-0.079373,1.718872,0.771256,-0.378781,0.169642,0.206518,-0.001666,-0.307603,0.374374,-0.003324
1.002118,-1.002688,-0.305865,0.806299,0.579110,-0.792188,0.826639,-0.275324,-0.217446,-0.439221,0.349137,0.203797,-0.305425,0.539355,-0.083632,-0.265228,-0.651112,0.144610,-2.355572,-0.079677,1.719239,0.771258,-0.379703,0.169294,0.204879,-0.000691,-0.306508,0.373793,-0.001602
1.003055,-1.002492,-0.305896,0.807964,0.579260,-0.791122,0.830703,-0.275733,-0.157273,-0.459014,0.405628,0.220124,-0.297248,0.542547,-0.083745,-0.265996,-0.650782,0.145015,-2.355576,-0.080283,1.719970,0.771245,-0.382143,0.166939,0.204327,-0.000957,-0.304365,0.369018,-0.003507
1.004117,-1.009137,-0.302516,0.811782,0.579465,-0.788690,0.832517,-0.276317,-0.157273,-0.459014,0.405628,0.220124,-0.297248,0.542547,-0.083745,-0.265996,-0.650782,0.145015,-2.355576,-0.080283,1.719970,0.771245,-0.382143,0.166939,0.204327,-0.000957,-0.304365,0.369018,-0.003507
1.005210,-1.010653,-0.299770,0.811126,0.579339,-0.787899,0.832948,-0.275939,-0.125782,-0.465324,0.436256,0.225435,-0.292825,0.543888,-0.083854,-0.266373,-0.650618,0.145218,-2.355576,-0.080593,1.720334,0.771245,-0.379134,0.164938,0.202788,-0.000421,-0.305962,0.367272,-0.002901
1.006112,-1.009116,-0.304814,0.805667,0.578693,-0.789491,0.836698,-0.277029,-0.096776,-0.465768,0.465044,0.227371,-0.288510,0.544850,-0.083974,-0.266750,-0.650458,0.145423,-2.355574,-0.080903,1.720700,0.771238,-0.378877,0.163381,0.203570,0.000420,-0.305954,0.366958,-0.004229
1.007091,-1.012714,-0.302479,0.809277,0.579172,-0.789482,0.838850,-0.276862,-0.072455,-0.460839,0.488917,0.225886,-0.284560,0.545283,-0.084095,-0.267133,-0.650288,0.145631,-2.355570,-0.081199,1.721053,0.771239,-0.379182,0.165317,0.206208,0.001614,-0.303296,0.362951,-0.002506
1.008058,-1.013524,-0.309061,0.808409,0.580415,-0.788818,0.841355,-0.277668,-0.053780,-0.453816,0.506054,0.222574,-0.281142,0.545269,-0.084200,-0.267507,-0.650129,0.145833,-2.355568,-0.081501,1.721411,0.771233,-0.377351,0.163755,0.204523,0.001757,-0.302381,0.360722,-0.003359
1.009022,-1.014730,-0.311485,0.809497,0.579202,-0.788390,0.843902,-0.278130,-0.040278,-0.447885,0.517137,0.219604,-0.278242,0.545066,-0.084276,-0.267886,-0.649957,0.146038,-2.355568,-0.081799,1.721767,0.771230,-0.376829,0.166547,0.205072,0.001181,-0.302119,0.358113,-0.002233
1.010033,-1.016125,-0.314047,0.815221,0.580350,-0.789173,0.848621,-0.279132,-0.030968,-0.446838,0.523420,0.219071,-0.275778,0.544897,-0.084296,-0.268267,-0.649788,0.146242,-2.355562,-0.082098,1.722114,0.771227,-0.376075,0.167233,0.204630,0.002954,-0.301606,0.355508,-0.001816
1.011012,-1.014329,-0.310319,0.816613,0.580874,-0.789993,0.849120,-0.278593,-0.024415,-0.452255,0.526930,0.221396,-0.273644,0.544829,-0.084229,-0.268638,-0.649620,0.146442,-2.355562,-0.082393,1.722456,0.771230,-0.375542,0.168097,0.202010,0.002492,-0.300011,0.350840,-0.000352
1.012026,-1.011105,-0.311083,0.819388,0.579124,-0.788342,0.847061,-0.278473,-0.018811,-0.461951,0.530531,0.225678,-0.271693,0.544887,-0.084071,-0.269021,-0.649456,0.146643,-2.355557,-0.082686,1.722800,0.771224,-0.376346,0.165775,0.201525,0.002529,-0.298335,0.350379,-0.001957
1.012935,-1.007500,-0.310748,0.816931,0.581974,-0.790485,0.847495,-0.278904,-0.012901,-0.471620,0.536140,0.229294,-0.269833,0.544849,-0.083847,-0.269400,-0.649290,0.146844,-2.355548,-0.082984,1.723155,0.771217,-0.378056,0.165785,0.200400,0.004795,-0.299186,0.352463,-0.002703
1.014139,-1.009168,-0.311425,0.823058,0.582216,-0.790693,0.850036,-0.279090,-0.006203,-0.479199,0.544080,0.230561,-0.268043,0.544487,-0.083566,-0.269783,-0.649126,0.147049,-2.355552,-0.083278,1.723509,0.771216,-0.379421,0.165078,0.201598,0.002622,-0.295988,0.351787,-0.002307
1.015018,-1.004742,-0.311195,0.817058,0.582212,-0.793373,0.852278,-0.280136,0.001231,-0.486080,0.553729,0.231007,-0.266314,0.543946,-0.083227,-0.270163,-0.648958,0.147243,-2.355547,-0.083574,1.723850,0.771212,-0.379516,0.165307,0.199356,0.003122,-0.295408,0.349719,-0.002568
1.015963,-1.009349,-0.312505,0.820672,0.582311,-0.792844,0.852058,-0.279945,0.008864,-0.492945,0.564024,0.231423,-0.264701,0.543314,-0.082845,-0.270543,-0.648797,0.147452,-2.355544,-0.083860,1.724194,0.771214,-0.381212,0.164644,0.202217,0.003676,-0.291696,0.347258,-0.000931
1.017034,-1.011063,-0.311160,0.828134,0.582376,-0.792117,0.856871,-0.280210,0.015196,-0.499114,0.572841,0.231020,-0.263369,0.542475,-0.082450,-0.270920,-0.648630,0.147651,-2.355541,-0.084146,1.724535,0.771209,-0.378662,0.164793,0.200476,0.004149,-0.291406,0.347441,-0.001822
1.018096,-1.009802,-0.316113,0.826542,0.584219,-0.791298,0.859463,-0.279308,0.019911,-0.503853,0.580383,0.229143,-0.262345,0.541382,-0.082085,-0.271293,-0.648467,0.147844,-2.355533,-0.084436,1.724872,0.771208,-0.378249,0.163835,0.197255,0.004659,-0.291510,0.342811,-0.001853
1.018978,-1.010660,-0.311525,0.825637,0.584520,-0.788805,0.858809,-0.280467,0.024370,-0.508735,0.588760,0.226915,-0.261460,0.540232,-0.081782,-0.271675,-0.648300,0.148048,-2.355533,-0.084730,1.725208,0.771200,-0.379168,0.166022,0.198450,0.003528,-0.291653,0.340456,-0.004212
1.020080,-1.020671,-0.313295,0.831713,0.586654,-0.788237,0.857341,-0.280859,0.028450,-0.515306,0.597113,0.225717,-0.260682,0.539222,-0.081552,-0.272053,-0.648141,0.148247,-2.355529,-0.085023,1.725546,0.771200,-0.378221,0.163160,0.198845,0.003765,-0.293101,0.340964,-0.002322
1.021149,-1.019658,-0.313635,0.833778,0.589493,-0.784902,0.856086,-0.280460,0.030615,-0.521746,0.603355,0.224806,-0.260129,0.538334,-0.081390,-0.272419,-0.647978,0.148441,-2.355529,-0.085313,1.725895,0.771198,-0.373832,0.163861,0.196361,0.002376,-0.293093,0.342666,-0.002132
1.022027,-1.017401,-0.312956,0.830271,0.588750,-0.784547,0.856251,-0.281028,0.030665,-0.528417,0.607544,0.224787,-0.259776,0.537691,-0.081299,-0.272798,-0.647814,0.148634,-2.355532,-0.085610,1.726239,0.771194,-0.374737,0.163743,0.195867,0.000352,-0.295749,0.344100,-0.003498
1.023020,-1.017826,-0.311824,0.832002,0.590321,-0.784395,0.855321,-0.281006,0.029477,-0.536470,0.610383,0.226370,-0.259506,0.537376,-0.081281,-0.273173,-0.647652,0.148836,-2.355527,-0.085905,1.726583,0.771193,-0.375376,0.162842,0.197534,0.001631,-0.294983,0.343698,-0.002807
1.024039,-1.016522,-0.311737,0.831546,0.591272,-0.783228,0.858803,-0.281469,0.027267,-0.543956,0.611592,0.227779,-0.259324,0.537167,-0.081330,-0.273549,-0.647495,0.149033,-2.355529,-0.086202,1.726931,0.771190,-0.375188,0.161959,0.196912,0.000762,-0.294281,0.344643,-0.003377
1.025103,-1.015472,-0.313290,0.835086,0.591199,-0.782611,0.860225,-0.281833,0.024337,-0.549860,0.611335,0.228260,-0.259232,0.536935,-0.081440,-0.273931,-0.647333,0.149231,-2.355528,-0.086493,1.727265,0.771187,-0.375931,0.161580,0.197471,0.000514,-0.294707,0.341252,-0.002977
1.026078,-1.014970,-0.312285,0.837102,0.592194,-0.781880,0.860305,-0.282148,0.021826,-0.555185,0.610976,0.228299,-0.259138,0.536688,-0.081599,-0.274307,-0.647170,0.149424,-2.355526,-0.086788,1.727601,0.771184,-0.376806,0.162085,0.196180,0.001277,-0.294635,0.340072,-0.002802
1.026993,-1.019409,-0.308513,0.838012,0.593836,-0.779259,0.859370,-0.281461,0.020980,-0.560717,0.612265,0.227771,-0.258942,0.536359,-0.081788,-0.274685,-0.647010,0.149617,-2.355525,-0.087084,1.727944,0.771182,-0.376978,0.161192,0.195437,0.000946,-0.294471,0.339994,-0.002683
1.028063,-1.021076,-0.311654,0.840314,0.595814,-0.777916,0.858811,-0.282476,0.021379,-0.564954,0.615047,0.226034,-0.258676,0.535890,-0.082000,-0.275057,-0.646854,0.149813,-2.355527,-0.087379,1.728284,0.771172,-0.374447,0.158862,0.195060,-0.000025,-0.296107,0.340822,-0.004527
1.028996,-1.022886,-0.309597,0.840653,0.596129,-0.775768,0.858931,-0.282482,0.021518,-0.567265,0.617615,0.223530,-0.258437,0.535352,-0.082235,-0.275428,-0.646692,0.150009,-2.355529,-0.087679,1.728631,0.771173,-0.374087,0.160214,0.194389,-0.001220,-0.296711,0.341546,-0.003036
1.029986,-1.027254,-0.312584,0.838945,0.593810,-0.777189,0.859613,-0.283222,0.020739,-0.569332,0.619082,0.221380,-0.258248,0.534819,-0.082474,-0.275801,-0.646535,0.150200,-2.355530,-0.087974,1.728968,0.771169,-0.372970,0.158744,0.194395,-0.000844,-0.297890,0.341360,-0.003524
1.031035,-1.032469,-0.313980,0.837553,0.595726,-0.777290,0.861404,-0.282396,0.017823,-0.570790,0.617941,0.218298,-0.258248,0.534057,-0.082709,-0.276164,-0.646372,0.150396,-2.355522,-0.088267,1.729303,0.771169,-0.370945,0.159865,0.195533,0.002003,-0.295608,0.340742,-0.002556
1.032118,-1.026892,-0.316718,0.834677,0.597190,-0.777692,0.864067,-0.282830,0.010639,-0.571559,0.611422,0.213196,-0.258705,0.532867,-0.082959,-0.276531,-0.646210,0.150595,-2.355523,-0.088564,1.729641,0.771164,-0.368726,0.160272,0.196609,0.000805,-0.294776,0.339116,-0.004777
1.033067,-1.031823,-0.316660,0.834769,0.597705,-0.775224,0.864024,-0.282269,-0.001060,-0.574620,0.598590,0.208546,-0.259661,0.531539,-0.083247,-0.276912,-0.646047,0.150796,-2.355522,-0.088856,1.729968,0.771160,-0.371951,0.161399,0.198517,0.000090,-0.293754,0.336762,-0.004446
1.033975,-1.033736,-0.321007,0.836427,0.598274,-0.777060,0.862181,-0.283284,-0.015777,-0.581825,0.580771,0.206485,-0.260916,0.530404,-0.083567,-0.277276,-0.645889,0.150994,-2.355522,-0.089154,1.730303,0.771151,-0.369413,0.160953,0.198579,0.000227,-0.295286,0.336810,-0.006057
1.035029,-1.032453,-0.319474,0.833553,0.599651,-0.775882,0.863019,-0.284130,-0.032721,-0.592685,0.559304,0.206635,-0.262324,0.529468,-0.083880,-0.277645,-0.645721,0.151189,-2.355521,-0.089439,1.730639,0.771148,-0.368194,0.162564,0.197804,0.000272,-0.292480,0.338562,-0.004466
1.036026,-1.029103,-0.322684,0.834646,0.598187,-0.776034,0.860916,-0.283947,-0.051381,-0.606458,0.535260,0.208384,-0.263810,0.528688,-0.084143,-0.278012,-0.645559,0.151394,-2.355522,-0.089732,1.730979,0.771143,-0.369270,0.161487,0.199596,-0.000353,-0.293001,0.337876,-0.003320
1.037045,-1.027136,-0.324483,0.838345,0.599809,-0.773447,0.860442,-0.284327,-0.070434,-0.621808,0.510240,0.210681,-0.265283,0.527967,-0.084337,-0.278387,-0.645396,0.151595,-2.355516,-0.090024,1.731324,0.771139,-0.371022,0.162735,0.199256,0.001690,-0.292027,0.340033,-0.004220
1.038020,-1.024387,-0.325574,0.831416,0.598823,-0.772934,0.863061,-0.283450,-0.087531,-0.638301,0.487342,0.212563,-0.266582,0.527136,-0.084469,-0.278763,-0.645230,0.151789,-2.355517,-0.090317,1.731662,0.771137,-0.372142,0.163247,0.197762,0.000774,-0.293879,0.340604,-0.003986
1.038962,-1.023139,-0.328695,0.831219,0.598307,-0.774080,0.868976,-0.284466,-0.101674,-0.656116,0.467861,0.214156,-0.267640,0.526129,-0.084552,-0.279135,-0.645069,0.151996,-2.355513,-0.090613,1.731995,0.771125,-0.373508,0.163398,0.201373,0.002362,-0.293480,0.338006,-0.006235
1.040001,-1.026073,-0.327747,0.829045,0.598817,-0.774657,0.868513,-0.283710,-0.114354,-0.674366,0.449602,0.215308,-0.268620,0.524945,-0.084604,-0.279509,-0.644902,0.152195,-2.355508,-0.090905,1.732315,0.771125,-0.373950,0.164446,0.201542,0.003411,-0.291397,0.332118,-0.004667
1.041108,-1.025924,-0.331042,0.829369,0.599767,-0.774109,0.864748,-0.284348,-0.127188,-0.691830,0.430631,0.215639,-0.269724,0.523654,-0.084642,-0.279881,-0.644740,0.152402,-2.355505,-0.091190,1.732649,0.771114,-0.372760,0.163647,0.202903,0.003550,-0.290183,0.332824,-0.006726
1.041996,-1.025613,-0.332430,0.825493,0.600525,-0.770940,0.862589,-0.284545,-0.140981,-0.707867,0.410326,0.215196,-0.271078,0.522346,-0.084681,-0.280251,-0.644574,0.152609,-2.355502,-0.091477,1.732993,0.771108,-0.373477,0.165072,0.203176,0.003308,-0.290226,0.336884,-0.005985
1.043078,-1.035147,-0.333252,0.824121,0.601826,-0.768511,0.861942,-0.285310,-0.155736,-0.723276,0.388749,0.214615,-0.272710,0.521110,-0.084715,-0.280626,-0.644409,0.152817,-2.355500,-0.091771,1.733333,0.771103,-0.373180,0.165173,0.204980,0.003102,-0.292361,0.338854,-0.006052
1.044065,-1.034137,-0.330152,0.822374,0.601665,-0.765830,0.863722,-0.285740,-0.172496,-0.738143,0.364632,0.214465,-0.274700,0.520059,-0.084740,-0.280985,-0.644240,0.153027,-2.355498,-0.092069,1.733674,0.771101,-0.369018,0.165265,0.206003,0.002520,-0.294099,0.339716,-0.005079
1.044986,-1.033416,-0.336968,0.820268,0.602462,-0.761878,0.864128,-0.285204,-0.192743,-0.749996,0.336479,0.214051,-0.277154,0.519220,-0.084779,-0.281360,-0.644082,0.153238,-2.355493,-0.092374,1.734013,0.771094,-0.369591,0.163359,0.206953,0.003254,-0.295830,0.337948,-0.004724
1.045976,-1.030329,-0.335610,0.819835,0.604193,-0.757527,0.866624,-0.285515,-0.215465,-0.758107,0.305648,0.213077,-0.279958,0.518616,-0.084868,-0.281733,-0.643911,0.153447,-2.355491,-0.092675,1.734346,0.771084,-0.369686,0.166214,0.207934,0.003047,-0.298739,0.337492,-0.006266
1.047036,-1.030920,-0.334916,0.820734,0.604804,-0.754732,0.866767,-0.284634,-0.238072,-0.765432,0.274999,0.213344,-0.282832,0.518433,-0.085020,-0.282103,-0.643751,0.153658,-2.355490,-0.092986,1.734681,0.771080,-0.371326,0.165131,0.208239,0.001980,-0.302083,0.335047,-0.006138
1.048034,-1.029857,-0.338600,0.816787,0.607107,-0.754075,0.864617,-0.285815,-0.258444,-0.772419,0.247165,0.215602,-0.285511,0.518795,-0.085212,-0.282475,-0.643586,0.153865,-2.355487,-0.093295,1.735012,0.771066,-0.371409,0.164480,0.208105,0.002041,-0.304030,0.335169,-0.008431
1.048979,-1.030936,-0.337598,0.819597,0.607680,-0.753010,0.861278,-0.284617,-0.276063,-0.778539,0.222863,0.219622,-0.287887,0.519638,-0.085406,-0.282842,-0.643417,0.154083,-2.355489,-0.093603,1.735358,0.771063,-0.372107,0.165895,0.210126,0.000470,-0.303702,0.337364,-0.006547
1.050057,-1.034221,-0.339111,0.817358,0.607852,-0.751880,0.861389,-0.286567,-0.291288,-0.784835,0.201612,0.225584,-0.289950,0.520824,-0.085565,-0.283212,-0.643255,0.154290,-2.355488,-0.093907,1.735710,0.771049,-0.371439,0.164917,0.208695,0.000552,-0.303735,0.340588,-0.009438
1.050972,-1.037505,-0.337088,0.815135,0.607440,-0.748664,0.860839,-0.285476,-0.304677,-0.790241,0.183103,0.232102,-0.291733,0.522090,-0.085678,-0.283582,-0.643088,0.154502,-2.355485,-0.094210,1.736047,0.771049,-0.370281,0.165386,0.210154,0.001061,-0.304128,0.340687,-0.006052
1.051985,-1.036014,-0.335745,0.815226,0.609040,-0.745644,0.860887,-0.285847,-0.317921,-0.792262,0.165542,0.236968,-0.293412,0.523156,-0.085761,-0.283945,-0.642928,0.154715,-2.355480,-0.094521,1.736390,0.771033,-0.368464,0.163876,0.211122,0.001995,-0.306189,0.341107,-0.008716
1.053053,-1.047884,-0.333478,0.817710,0.608079,-0.742113,0.863531,-0.285265,-0.332009,-0.788701,0.147795,0.238914,-0.295093,0.523918,-0.085840,-0.284317,-0.642767,0.154926,-2.355481,-0.094832,1.736730,0.771025,-0.369404,0.162877,0.211218,0.001093,-0.308251,0.341143,-0.008452
1.053974,-1.049271,-0.336454,0.816856,0.607994,-0.740809,0.863526,-0.285222,-0.346830,-0.778107,0.130333,0.237460,-0.296752,0.524406,-0.085921,-0.284668,-0.642608,0.155135,-2.355476,-0.095149,1.737068,0.771012,-0.364077,0.161509,0.210284,0.002702,-0.310889,0.338692,-0.010152
1.055002,-1.049887,-0.334791,0.813443,0.609486,-0.740160,0.863928,-0.286196,-0.362992,-0.760634,0.112759,0.232329,-0.298429,0.524625,-0.086000,-0.285033,-0.642442,0.155347,-2.355473,-0.095463,1.737408,0.771001,-0.363271,0.162491,0.210613,0.003349,-0.310985,0.338620,-0.010673
1.056118,-1.053794,-0.333494,0.819655,0.609414,-0.741954,0.860937,-0.285833,-0.380649,-0.738653,0.094445,0.224642,-0.300129,0.524688,-0.086059,-0.285401,-0.642284,0.155562,-2.355471,-0.095772,1.737749,0.770996,-0.363249,0.161354,0.212473,0.002524,-0.310716,0.338325,-0.009232
1.057091,-1.048869,-0.334076,0.822920,0.610138,-0.742332,0.858428,-0.286042,-0.398683,-0.713624,0.076337,0.215456,-0.301756,0.524737,-0.086084,-0.285760,-0.642121,0.155770,-2.355468,-0.096080,1.738098,0.770982,-0.362086,0.160520,0.209783,0.003321,-0.308194,0.341604,-0.010522
1.057966,-1.044869,-0.338655,0.823360,0.610955,-0.740212,0.855909,-0.285266,-0.414297,-0.685934,0.062231,0.204533,-0.303083,0.524748,-0.086081,-0.286130,-0.641959,0.155978,-2.355466,-0.096386,1.738449,0.770973,-0.364602,0.160413,0.208239,0.003209,-0.306833,0.344041,-0.010574
1.059036,-1.045255,-0.338271,0.825170,0.610598,-0.740695,0.858656,-0.286740,-0.424191,-0.658783,0.056020,0.193123,-0.303817,0.524744,-0.086056,-0.286499,-0.641792,0.156185,-2.355465,-0.096696,1.738794,0.770955,-0.366169,0.162096,0.207863,0.002972,-0.307735,0.346330,-0.012539
1.060028,-1.044793,-0.343722,0.830878,0.611819,-0.741730,0.862762,-0.286246,-0.427353,-0.635522,0.058234,0.182989,-0.303866,0.524755,-0.086006,-0.286860,-0.641632,0.156391,-2.355458,-0.096997,1.739134,0.770950,-0.366522,0.161645,0.207311,0.003923,-0.306487,0.343746,-0.010099
1.061011,-1.045774,-0.341933,0.830609,0.612364,-0.737023,0.863301,-0.287298,-0.424107,-0.617786,0.068222,0.175263,-0.303297,0.524844,-0.085929,-0.287229,-0.641463,0.156589,-2.355457,-0.097295,1.739465,0.770934,-0.366864,0.163931,0.204684,0.003346,-0.304576,0.339720,-0.011588
1.062109,-1.051430,-0.340668,0.833386,0.612734,-0.736279,0.864431,-0.286619,-0.415053,-0.606363,0.085249,0.170980,-0.302200,0.525167,-0.085842,-0.287592,-0.641301,0.156793,-2.355454,-0.097610,1.739805,0.770927,-0.366503,0.162618,0.205000,0.003424,-0.308273,0.339246,-0.009949
1.063017,-1.047005,-0.338855,0.834307,0.611760,-0.737598,0.863773,-0.287019,-0.402463,-0.598417,0.106534,0.169019,-0.300771,0.525661,-0.085773,-0.287955,-0.641143,0.156997,-2.355449,-0.097919,1.740143,0.770911,-0.364330,0.161828,0.204061,0.003715,-0.308217,0.338392,-0.011865
1.063989,-1.047518,-0.337309,0.834203,0.613347,-0.740572,0.865721,-0.287783,-0.388439,-0.589304,0.129615,0.166448,-0.299192,0.526058,-0.085747,-0.288329,-0.640985,0.157197,-2.355443,-0.098217,1.740482,0.770901,-0.366247,0.160445,0.203606,0.005195,-0.305825,0.338933,-0.011486
1.065037,-1.049286,-0.338296,0.839987,0.614013,-0.740560,0.866179,-0.288145,-0.373502,-0.576508,0.153717,0.161519,-0.297546,0.526243,-0.085777,-0.288695,-0.640830,0.157402,-2.355442,-0.098515,1.740819,0.770894,-0.366029,0.159353,0.203775,0.004233,-0.301922,0.336984,-0.010439
1.066020,-1.049734,-0.338791,0.843568,0.616087,-0.738615,0.866424,-0.288512,-0.357734,-0.560666,0.178532,0.155033,-0.295873,0.526388,-0.085873,-0.289062,-0.640671,0.157600,-2.355439,-0.098807,1.741152,0.770884,-0.365533,0.159597,0.201256,0.004226,-0.301271,0.336746,-0.010242
1.066970,-1.049110,-0.338186,0.844303,0.615316,-0.738588,0.868634,-0.289486,-0.340442,-0.544623,0.204988,0.149080,-0.294112,0.526743,-0.086049,-0.289423,-0.640509,0.157795,-2.355438,-0.099112,1.741489,0.770875,-0.365475,0.159454,0.199730,0.002790,-0.302263,0.336546,-0.009993
1.068092,-1.047874,-0.338329,0.849301,0.618131,-0.738736,0.872761,-0.290877,-0.321241,-0.529830,0.233520,0.144551,-0.292203,0.527385,-0.086299,-0.289789,-0.640354,0.157993,-2.355430,-0.099413,1.741822,0.770869,-0.365746,0.158780,0.199510,0.004080,-0.301286,0.334313,-0.008518
1.068970,-1.045123,-0.341227,0.852262,0.616760,-0.738829,0.872331,-0.290560,-0.300199,-0.516450,0.263807,0.141627,-0.290113,0.528327,-0.086600,-0.290160,-0.640195,0.158186,-2.355432,-0.099712,1.742142,0.770863,-0.367051,0.158728,0.197649,0.002058,-0.300529,0.330613,-0.006298
1.069992,-1.048951,-0.341490,0.850435,0.617869,-0.736011,0.869473,-0.291147,-0.276531,-0.505776,0.296694,0.140898,-0.287731,0.529608,-0.086922,-0.290528,-0.640033,0.158379,-2.355425,-0.100009,1.742473,0.770850,-0.368027,0.159629,0.196182,0.003902,-0.299330,0.330942,-0.007383
1.071047,-1.048966,-0.343291,0.853410,0.619594,-0.738627,0.869540,-0.290628,-0.251008,-0.498380,0.331068,0.141645,-0.285110,0.531018,-0.087249,-0.290892,-0.639875,0.158577,-2.355423,-0.100313,1.742807,0.770843,-0.366398,0.159463,0.197455,0.003449,-0.301306,0.333971,-0.006709
1.072039,-1.046442,-0.340462,0.853835,0.620346,-0.741340,0.870514,-0.291269,-0.226010,-0.494166,0.363633,0.143401,-0.282441,0.532363,-0.087568,-0.291259,-0.639713,0.158771,-2.355424,-0.100601,1.743142,0.770833,-0.366836,0.160090,0.196408,0.002468,-0.297999,0.334079,-0.008290
1.072971,-1.044899,-0.337601,0.856260,0.623017,-0.745523,0.872025,-0.292329,-0.202218,-0.492677,0.393379,0.146503,-0.279770,0.533666,-0.087866,-0.291633,-0.639559,0.158969,-2.355423,-0.100887,1.743475,0.770828,-0.368159,0.158368,0.196444,0.002390,-0.294525,0.333183,-0.007494
1.073991,-1.048223,-0.340511,0.859532,0.622407,-0.746886,0.872690,-0.292220,-0.179233,-0.491390,0.420992,0.150405,-0.277083,0.534961,-0.088118,-0.292008,-0.639406,0.159162,-2.355426,-0.101166,1.743804,0.770828,-0.368677,0.156571,0.195374,0.000431,-0.289516,0.331652,-0.005860
1.074975,-1.051339,-0.336141,0.860818,0.623890,-0.747243,0.875107,-0.292752,-0.157082,-0.489039,0.446787,0.154779,-0.274412,0.536253,-0.088325,-0.292372,-0.639245,0.159355,-2.355422,-0.101449,1.744136,0.770819,-0.367297,0.157734,0.194118,0.001680,-0.287520,0.331148,-0.006608
1.075994,-1.048573,-0.336104,0.859441,0.625584,-0.749022,0.878244,-0.291791,-0.136561,-0.485525,0.470167,0.159052,-0.271851,0.537447,-0.088519,-0.292737,-0.639095,0.159549,-2.355422,-0.101738,1.744467,0.770815,-0.365862,0.155267,0.193755,0.000856,-0.286370,0.328796,-0.006039
1.077084,-1.046192,-0.336123,0.864395,0.626004,-0.753141,0.878544,-0.293659,-0.118661,-0.479971,0.489932,0.162963,-0.269462,0.538578,-0.088733,-0.293108,-0.638941,0.159745,-2.355423,-0.102016,1.744780,0.770803,-0.367486,0.155028,0.194808,-0.000098,-0.283966,0.325911,-0.008486
1.077993,-1.051557,-0.333309,0.863681,0.626705,-0.752677,0.876438,-0.293655,-0.102541,-0.473368,0.506867,0.167220,-0.267155,0.539818,-0.088967,-0.293477,-0.638787,0.159935,-2.355422,-0.102289,1.745108,0.770805,-0.369242,0.154907,0.192910,0.000237,-0.279409,0.325968,-0.005282
1.078993,-1.045383,-0.335560,0.865283,0.627363,-0.755980,0.875661,-0.294032,-0.087513,-0.466103,0.522054,0.171180,-0.264892,0.541156,-0.089203,-0.293840,-0.638636,0.160127,-2.355422,-0.102563,1.745437,0.770797,-0.366317,0.153113,0.193382,0.000160,-0.279109,0.328027,-0.005780
1.080129,-1.049915,-0.332858,0.861725,0.629446,-0.758358,0.872009,-0.293595,-0.074186,-0.457646,0.535000,0.173782,-0.262737,0.542518,-0.089460,-0.294211,-0.638480,0.160320,-2.355422,-0.102830,1.745773,0.770795,-0.369580,0.153970,0.192906,0.000195,-0.275216,0.328880,-0.005544
1.081051,-1.046389,-0.335050,0.865426,0.629888,-0.761067,0.873631,-0.293890,-0.062959,-0.449228,0.544829,0.175495,-0.260730,0.543914,-0.089773,-0.294579,-0.638329,0.160522,-2.355427,-0.103099,1.746115,0.770785,-0.368052,0.152578,0.195298,-0.000988,-0.272572,0.332901,-0.007000
1.082004,-1.051128,-0.333962,0.864681,0.630060,-0.764037,0.873509,-0.294401,-0.054181,-0.442016,0.550783,0.177172,-0.258936,0.545329,-0.090156,-0.294952,-0.638174,0.160712,-2.355425,-0.103359,1.746438,0.770778,-0.369581,0.153286,0.193567,-0.000815,-0.269220,0.331218,-0.006856
1.083104,-1.045142,-0.333325,0.870066,0.632615,-0.764333,0.877521,-0.293573,-0.047721,-0.436373,0.553352,0.178932,-0.257392,0.546679,-0.090588,-0.295315,-0.638025,0.160906,-2.355425,-0.103614,1.746774,0.770775,-0.367185,0.152447,0.194150,-0.000322,-0.265715,0.331346,-0.006323
1.084000,-1.043901,-0.327783,0.868755,0.631936,-0.767654,0.877785,-0.295189,-0.042526,-0.432345,0.554351,0.181074,-0.256008,0.547976,-0.091037,-0.295696,-0.637872,0.161093,-2.355429,-0.103871,1.747089,0.770759,-0.370699,0.152027,0.192096,-0.002037,-0.265213,0.327716,-0.008529
1.085087,-1.048678,-0.331153,0.869167,0.633577,-0.768838,0.876403,-0.294638,-0.036860,-0.428309,0.556280,0.183415,-0.254605,0.549280,-0.091455,-0.296062,-0.637727,0.161287,-2.355426,-0.104126,1.747418,0.770758,-0.370983,0.148907,0.192823,-0.000760,-0.261212,0.327396,-0.005719
1.086093,-1.047233,-0.329941,0.871355,0.633869,-0.768055,0.878158,-0.295759,-0.031211,-0.422394,0.558625,0.184804,-0.253259,0.550474,-0.091805,-0.296431,-0.637574,0.161481,-2.355430,-0.104383,1.747753,0.770747,-0.369130,0.150508,0.193158,-0.001571,-0.259798,0.329074,-0.007402
1.087099,-1.048997,-0.333337,0.870856,0.632301,-0.769240,0.877536,-0.296025,-0.026962,-0.416157,0.559534,0.185710,-0.252142,0.551557,-0.092083,-0.296806,-0.637426,0.161671,-2.355430,-0.104645,1.748079,0.770743,-0.369975,0.149689,0.192438,-0.001145,-0.260113,0.327444,-0.005645
1.088051,-1.047012,-0.334184,0.869258,0.635880,-0.768745,0.877860,-0.296411,-0.023900,-0.411433,0.559278,0.186379,-0.251276,0.552560,-0.092289,-0.297172,-0.637270,0.161865,-2.355426,-0.104896,1.748411,0.770736,-0.369287,0.151134,0.193031,0.001046,-0.258534,0.328214,-0.005641
1.089071,-1.046739,-0.332999,0.868553,0.637507,-0.769268,0.879236,-0.296591,-0.022050,-0.409748,0.557629,0.187305,-0.250695,0.553527,-0.092427,-0.297543,-0.637118,0.162059,-2.355434,-0.105153,1.748740,0.770731,-0.370200,0.151222,0.194032,-0.001734,-0.258494,0.327903,-0.005353
1.090036,-1.042990,-0.333218,0.872722,0.636649,-0.770131,0.883636,-0.296925,-0.021491,-0.412852,0.554046,0.191013,-0.250387,0.554771,-0.092526,-0.297916,-0.636970,0.162256,-2.355437,-0.105410,1.749061,0.770724,-0.370522,0.150454,0.194718,-0.002572,-0.257558,0.326736,-0.005510
1.090987,-1.044997,-0.330172,0.871630,0.636109,-0.769964,0.882807,-0.297188,-0.019736,-0.426743,0.547869,0.204652,-0.250270,0.558341,-0.092639,-0.298657,-0.636676,0.162641,-2.355434,-0.105918,1.749702,0.770712,-0.371249,0.148520,0.193621,0.000130,-0.255854,0.323368,-0.005286
1.092106,-1.050152,-0.332113,0.874108,0.637920,-0.770063,0.881985,-0.297081,-0.019736,-0.426743,0.547869,0.204652,-0.250270,0.558341,-0.092639,-0.298657,-0.636676,0.162641,-2.355434,-0.105918,1.749702,0.770712,-0.371249,0.148520,0.193621,0.000130,-0.255854,0.323368,-0.005286
1.093098,-1.051221,-0.334605,0.873438,0.638566,-0.767990,0.880711,-0.298328,-0.018519,-0.431681,0.546407,0.209653,-0.250498,0.560221,-0.092629,-0.299021,-0.636522,0.162834,-2.355438,-0.106170,1.750030,0.770703,-0.369419,0.149440,0.193018,-0.000828,-0.255617,0.324574,-0.006068
1.094092,-1.052996,-0.333602,0.874856,0.639239,-0.767810,0.880992,-0.298106,-0.018643,-0.436701,0.544009,0.214180,-0.250990,0.562125,-0.092574,-0.299390,-0.636372,0.163031,-2.355440,-0.106431,1.750366,0.770702,-0.369007,0.150444,0.193625,-0.000733,-0.257202,0.325922,-0.004072
1.095169,-1.050748,-0.337076,0.878201,0.638812,-0.766989,0.878866,-0.299614,-0.020136,-0.443918,0.540348,0.219573,-0.251658,0.564103,-0.092479,-0.299761,-0.636222,0.163222,-2.355440,-0.106683,1.750692,0.770693,-0.368216,0.149696,0.193245,-0.000699,-0.256952,0.325756,-0.005036
1.096186,-1.049570,-0.335927,0.879078,0.639034,-0.767249,0.879145,-0.299116,-0.021900,-0.453263,0.536811,0.225447,-0.252318,0.566041,-0.092352,-0.300133,-0.636070,0.163413,-2.355437,-0.106941,1.751027,0.770691,-0.369830,0.151328,0.192120,0.000401,-0.257488,0.328162,-0.002556
1.096977,-1.046304,-0.335423,0.880267,0.640250,-0.765269,0.881203,-0.299324,-0.022112,-0.464721,0.535714,0.231117,-0.252761,0.567763,-0.092203,-0.300506,-0.635922,0.163605,-2.355435,-0.107195,1.751348,0.770683,-0.370584,0.150558,0.192081,0.000840,-0.256832,0.328072,-0.004100
1.098040,-1.048484,-0.337536,0.878146,0.640493,-0.763333,0.883419,-0.299905,-0.019979,-0.477029,0.538050,0.236231,-0.252877,0.569235,-0.092062,-0.300874,-0.635771,0.163797,-2.355437,-0.107454,1.751673,0.770677,-0.371421,0.149751,0.191267,0.000208,-0.257923,0.325700,-0.004065
1.099099,-1.048250,-0.337125,0.879771,0.639937,-0.766591,0.884275,-0.299471,-0.016228,-0.489393,0.542777,0.241402,-0.252677,0.570607,-0.091954,-0.301245,-0.635621,0.163994,-2.355435,-0.107718,1.751990,0.770672,-0.370732,0.150694,0.192794,0.000675,-0.259482,0.323823,-0.003443
1.099999,-1.050113,-0.337703,0.878296,0.640366,-0.767241,0.882789,-0.299701,-0.012401,-0.502016,0.547797,0.246782,-0.252306,0.571938,-0.091895,-0.301618,-0.635469,0.164184,-2.355431,-0.107966,1.752305,0.770666,-0.371228,0.150324,0.192480,0.001885,-0.255937,0.323315,-0.004869
1.101034,-1.049579,-0.339894,0.880283,0.641405,-0.769515,0.881637,-0.298630,-0.009853,-0.513939,0.551598,0.251228,-0.251956,0.573157,-0.091906,-0.301983,-0.635318,0.164380,-2.355430,-0.108224,1.752634,0.770660,-0.370013,0.150227,0.193269,0.002034,-0.254642,0.324738,-0.004850
1.101960,-1.051602,-0.339933,0.881411,0.642553,-0.765968,0.880009,-0.299573,-0.009195,-0.525306,0.553620,0.254675,-0.251747,0.574340,-0.092007,-0.302354,-0.635166,0.164571,-2.355426,-0.108474,1.752965,0.770649,-0.370584,0.151141,0.192706,0.001632,-0.252048,0.326080,-0.007527
1.103036,-1.051560,-0.342536,0.879968,0.643962,-0.767955,0.879805,-0.299289,-0.010070,-0.537599,0.554418,0.258264,-0.251674,0.575669,-0.092197,-0.302718,-0.635014,0.164764,-2.355426,-0.108735,1.753295,0.770647,-0.369419,0.150780,0.192279,0.001117,-0.255009,0.327678,-0.006086
1.104092,-1.054992,-0.341253,0.878121,0.643125,-0.767558,0.878903,-0.300445,-0.012301,-0.551873,0.554182,0.263043,-0.251714,0.577255,-0.092454,-0.303089,-0.634863,0.164961,-2.355425,-0.108982,1.753626,0.770636,-0.369928,0.151985,0.193498,0.000443,-0.252782,0.328143,-0.007206
1.105097,-1.054160,-0.340800,0.876439,0.643418,-0.766817,0.881883,-0.299370,-0.016934,-0.567868,0.551364,0.268806,-0.251980,0.578981,-0.092764,-0.303460,-0.634713,0.165156,-2.355421,-0.109232,1.753956,0.770636,-0.368572,0.151193,0.194872,0.001933,-0.252951,0.329293,-0.005430
1.105984,-1.051408,-0.341421,0.877457,0.643371,-0.765850,0.881881,-0.298896,-0.025138,-0.583024,0.544457,0.273644,-0.252612,0.580564,-0.093128,-0.303828,-0.634561,0.165356,-2.355421,-0.109486,1.754279,0.770623,-0.369188,0.150733,0.195973,0.002327,-0.253281,0.326445,-0.008106
1.107030,-1.052717,-0.340766,0.880232,0.642265,-0.764251,0.881801,-0.299470,-0.036176,-0.595599,0.534444,0.276476,-0.253565,0.581891,-0.093548,-0.304203,-0.634411,0.165552,-2.355416,-0.109742,1.754605,0.770614,-0.370127,0.150646,0.195435,0.002871,-0.253578,0.326381,-0.009478
1.108041,-1.048265,-0.340818,0.882389,0.644681,-0.764040,0.879302,-0.300992,-0.047966,-0.605298,0.524127,0.276754,-0.254676,0.582898,-0.093990,-0.304576,-0.634263,0.165743,-2.355409,-0.109999,1.754935,0.770608,-0.369772,0.150183,0.194518,0.004562,-0.254838,0.326687,-0.008843
1.109113,-1.057277,-0.342165,0.881542,0.644611,-0.763218,0.879912,-0.301015,-0.058570,-0.612343,0.516102,0.274342,-0.255782,0.583559,-0.094394,-0.304950,-0.634115,0.165937,-2.355411,-0.110253,1.755271,0.770606,-0.372160,0.150031,0.193798,0.002867,-0.254639,0.329314,-0.006310
1.110133,-1.051028,-0.341554,0.881773,0.648493,-0.763265,0.878472,-0.300689,-0.067928,-0.618382,0.510264,0.270733,-0.256864,0.584022,-0.094742,-0.305311,-0.633963,0.166133,-2.355408,-0.110505,1.755600,0.770599,-0.368162,0.150580,0.194715,0.003629,-0.255220,0.328952,-0.006836
1.111029,-1.057939,-0.340037,0.884840,0.647666,-0.762166,0.877693,-0.301549,-0.077492,-0.625301,0.504441,0.267995,-0.258028,0.584506,-0.095066,-0.305685,-0.633813,0.166329,-2.355413,-0.110759,1.755934,0.770585,-0.371542,0.150078,0.194943,0.000554,-0.254787,0.330556,-0.007982
1.112008,-1.054143,-0.339336,0.886389,0.647237,-0.758411,0.879287,-0.300893,-0.087496,-0.633049,0.498331,0.266940,-0.259294,0.585111,-0.095386,-0.306046,-0.633668,0.166524,-2.355408,-0.111015,1.756268,0.770581,-0.367787,0.148990,0.193420,0.001917,-0.255246,0.331203,-0.006703
1.113089,-1.059713,-0.339813,0.883129,0.647730,-0.759536,0.880899,-0.302185,-0.097631,-0.638958,0.492901,0.265519,-0.260669,0.585616,-0.095697,-0.306419,-0.633520,0.166713,-2.355403,-0.111279,1.756595,0.770568,-0.369745,0.148413,0.192980,0.002920,-0.258468,0.329685,-0.008512
1.114108,-1.058057,-0.339730,0.876910,0.648730,-0.756711,0.879334,-0.301303,-0.108448,-0.641554,0.487520,0.262057,-0.262214,0.585833,-0.096005,-0.306781,-0.633371,0.166913,-2.355400,-0.111531,1.756922,0.770565,-0.367521,0.148576,0.195091,0.003082,-0.257067,0.328381,-0.006453
1.114987,-1.065955,-0.343808,0.877835,0.650587,-0.753321,0.877946,-0.301560,-0.121973,-0.641862,0.478735,0.257241,-0.264092,0.585806,-0.096323,-0.307154,-0.633222,0.167116,-2.355398,-0.111791,1.757251,0.770550,-0.368569,0.148349,0.198472,0.002737,-0.259492,0.330145,-0.008745
1.116104,-1.065530,-0.342693,0.876901,0.650331,-0.750423,0.878584,-0.302104,-0.139867,-0.642226,0.463631,0.252837,-0.266416,0.585679,-0.096670,-0.307509,-0.633067,0.167316,-2.355398,-0.112059,1.757583,0.770541,-0.364325,0.149930,0.197893,0.001483,-0.262067,0.331384,-0.008640
1.117092,-1.059928,-0.343136,0.875541,0.651749,-0.746197,0.878333,-0.302296,-0.161626,-0.644586,0.442749,0.250052,-0.269107,0.585601,-0.097033,-0.307875,-0.632920,0.167519,-2.355393,-0.112331,1.757919,0.770533,-0.365303,0.149352,0.198899,0.002431,-0.264622,0.331060,-0.008110
1.118032,-1.065077,-0.343117,0.876515,0.652555,-0.745115,0.879219,-0.301908,-0.184775,-0.648553,0.419124,0.248430,-0.271919,0.585615,-0.097387,-0.308253,-0.632771,0.167720,-2.355391,-0.112604,1.758247,0.770525,-0.368116,0.149342,0.199783,0.001626,-0.268223,0.331427,-0.008225
1.119165,-1.064066,-0.347614,0.875123,0.652218,-0.744133,0.880628,-0.301750,-0.206987,-0.653354,0.395508,0.247649,-0.274618,0.585737,-0.097735,-0.308609,-0.632620,0.167919,-2.355387,-0.112874,1.758581,0.770513,-0.365508,0.149006,0.199377,0.001401,-0.268571,0.330498,-0.009466
1.120030,-1.060653,-0.343943,0.875968,0.653512,-0.743478,0.883710,-0.302073,-0.227902,-0.659606,0.372445,0.247844,-0.277165,0.585909,-0.098089,-0.308976,-0.632466,0.168120,-2.355384,-0.113146,1.758910,0.770500,-0.366830,0.151218,0.200684,0.002457,-0.269238,0.329500,-0.010327
1.121095,-1.062528,-0.342567,0.871975,0.654111,-0.741345,0.884997,-0.301819,-0.246953,-0.667506,0.350728,0.248760,-0.279496,0.586040,-0.098440,-0.309348,-0.632319,0.168316,-2.355383,-0.113412,1.759229,0.770490,-0.368028,0.148944,0.200169,0.001732,-0.269068,0.326297,-0.010091
1.122082,-1.066664,-0.343783,0.871518,0.654784,-0.740517,0.885883,-0.302302,-0.263867,-0.674415,0.330859,0.249511,-0.281534,0.586093,-0.098773,-0.309708,-0.632174,0.168526,-2.355380,-0.113686,1.759552,0.770476,-0.367627,0.148205,0.202493,0.001810,-0.270735,0.325330,-0.011124
1.123049,-1.067703,-0.342309,0.868786,0.653354,-0.738563,0.885836,-0.303021,-0.280280,-0.678390,0.310899,0.249461,-0.283378,0.586011,-0.099088,-0.310075,-0.632025,0.168730,-2.355377,-0.113955,1.759871,0.770465,-0.365652,0.148590,0.202866,0.001747,-0.270957,0.324607,-0.010623
1.123997,-1.066928,-0.344800,0.871523,0.654485,-0.737279,0.889001,-0.302683,-0.297769,-0.679056,0.289054,0.247768,-0.285181,0.585656,-0.099388,-0.310437,-0.631879,0.168940,-2.355369,-0.114230,1.760201,0.770457,-0.365239,0.147623,0.204282,0.003683,-0.272220,0.324716,-0.009666
1.125082,-1.068943,-0.341944,0.870550,0.653730,-0.735300,0.889993,-0.303887,-0.315766,-0.676411,0.266308,0.243724,-0.286935,0.584974,-0.099673,-0.310806,-0.631731,0.169142,-2.355367,-0.114508,1.760519,0.770446,-0.365542,0.148606,0.202970,0.003150,-0.272731,0.321605,-0.010823
1.126056,-1.063792,-0.344782,0.870418,0.654778,-0.733044,0.892347,-0.303707,-0.332558,-0.671213,0.244934,0.237746,-0.288522,0.584087,-0.099937,-0.311171,-0.631585,0.169348,-2.355361,-0.114780,1.760839,0.770442,-0.365106,0.147105,0.203883,0.004538,-0.274304,0.321000,-0.008944
1.127037,-1.068823,-0.347078,0.870661,0.656093,-0.732233,0.893113,-0.304807,-0.346834,-0.664048,0.226388,0.230393,-0.289838,0.583109,-0.100169,-0.311542,-0.631435,0.169553,-2.355358,-0.115062,1.761152,0.770428,-0.367724,0.148296,0.204057,0.004062,-0.275812,0.318793,-0.009793
1.128016,-1.066006,-0.344436,0.872605,0.653334,-0.731709,0.895834,-0.303841,-0.357820,-0.657608,0.211206,0.223670,-0.290823,0.582246,-0.100367,-0.311903,-0.631286,0.169758,-2.355357,-0.115335,1.761467,0.770426,-0.365309,0.149196,0.204067,0.003420,-0.275963,0.318222,-0.008083
1.129077,-1.069839,-0.347535,0.873805,0.656316,-0.734091,0.895303,-0.305513,-0.365594,-0.652420,0.199425,0.217799,-0.291513,0.581511,-0.100546,-0.312266,-0.631140,0.169959,-2.355344,-0.115610,1.761778,0.770410,-0.366885,0.147641,0.203260,0.006579,-0.275804,0.315670,-0.010514
1.130137,-1.066606,-0.347349,0.874884,0.656928,-0.732782,0.897407,-0.304389,-0.370308,-0.646604,0.191272,0.211258,-0.291934,0.580721,-0.100708,-0.312629,-0.630990,0.170165,-2.355345,-0.115880,1.762098,0.770408,-0.365430,0.149099,0.203000,0.004308,-0.272955,0.316546,-0.007674
1.131060,-1.067846,-0.351220,0.876386,0.657400,-0.733054,0.897533,-0.306036,-0.371758,-0.641867,0.186864,0.205709,-0.292002,0.579996,-0.100848,-0.313002,-0.630842,0.170366,-2.355341,-0.116151,1.762404,0.770393,-0.367450,0.148877,0.202863,0.004367,-0.273841,0.314804,-0.010484
1.132011,-1.071596,-0.351640,0.880227,0.657366,-0.731598,0.898448,-0.306101,-0.369574,-0.640366,0.186425,0.202869,-0.291618,0.579458,-0.100956,-0.313367,-0.630690,0.170570,-2.355337,-0.116421,1.762718,0.770393,-0.366650,0.150469,0.202095,0.004433,-0.272806,0.314750,-0.007626
1.133076,-1.071962,-0.348702,0.877035,0.658008,-0.732703,0.900438,-0.307381,-0.363988,-0.642200,0.189953,0.202339,-0.290807,0.579030,-0.101024,-0.313731,-0.630539,0.170765,-2.355333,-0.116697,1.763028,0.770385,-0.364750,0.150348,0.200345,0.005036,-0.273535,0.313969,-0.008000
1.134055,-1.072001,-0.350553,0.880979,0.655434,-0.732289,0.901502,-0.306270,-0.356545,-0.644900,0.195890,0.202628,-0.289735,0.578571,-0.101069,-0.314097,-0.630393,0.170973,-2.355327,-0.116962,1.763336,0.770381,-0.365069,0.148800,0.202292,0.004995,-0.272024,0.312363,-0.005969
1.135039,-1.067663,-0.350958,0.883115,0.656147,-0.732186,0.905393,-0.307601,-0.348398,-0.645034,0.202865,0.201389,-0.288555,0.577859,-0.101117,-0.314465,-0.630246,0.171172,-2.355315,-0.117234,1.763647,0.770367,-0.365105,0.149519,0.200491,0.007990,-0.271807,0.311496,-0.008703
1.136073,-1.071081,-0.349967,0.886455,0.657575,-0.731101,0.909364,-0.307332,-0.338374,-0.642072,0.212394,0.197369,-0.287224,0.576786,-0.101174,-0.314840,-0.630096,0.171369,-2.355310,-0.117504,1.763944,0.770365,-0.367303,0.149473,0.199673,0.007813,-0.271303,0.307862,-0.006507
1.136980,-1.072505,-0.349893,0.885519,0.659360,-0.731418,0.909909,-0.308748,-0.325060,-0.637398,0.226252,0.191994,-0.285638,0.575631,-0.101231,-0.315201,-0.629948,0.171564,-2.355304,-0.117778,1.764240,0.770355,-0.365962,0.148825,0.198391,0.006956,-0.271854,0.304287,-0.007588
1.137996,-1.073783,-0.347160,0.885673,0.658738,-0.732663,0.908922,-0.308212,-0.309555,-0.631922,0.242988,0.187539,-0.283884,0.574788,-0.101283,-0.315563,-0.629802,0.171765,-2.355303,-0.118049,1.764545,0.770352,-0.365051,0.148467,0.198860,0.005769,-0.270732,0.303854,-0.005193
1.139117,-1.067861,-0.347578,0.884409,0.658534,-0.731852,0.908486,-0.308324,-0.294210,-0.624757,0.259633,0.184020,-0.282166,0.574290,-0.101338,-0.315930,-0.629658,0.171964,-2.355293,-0.118313,1.764848,0.770341,-0.364666,0.146972,0.199086,0.006887,-0.268996,0.305173,-0.006799
1.140026,-1.064867,-0.349020,0.890401,0.659608,-0.731928,0.911419,-0.309587,-0.279797,-0.614310,0.275074,0.179525,-0.280566,0.573865,-0.101406,-0.316302,-0.629512,0.172166,-2.355286,-0.118582,1.765159,0.770334,-0.368331,0.147210,0.200265,0.007703,-0.269518,0.306098,-0.007136
1.140978,-1.067665,-0.349731,0.893287,0.661897,-0.730667,0.913066,-0.308942,-0.264335,-0.601947,0.291583,0.173995,-0.278909,0.573450,-0.101487,-0.316676,-0.629363,0.172353,-2.355281,-0.118848,1.765456,0.770332,-0.369473,0.147581,0.197387,0.007135,-0.268702,0.303253,-0.005060
1.142088,-1.069282,-0.348926,0.895823,0.662031,-0.731537,0.914822,-0.309196,-0.245928,-0.590976,0.311733,0.169946,-0.276998,0.573323,-0.101578,-0.317037,-0.629215,0.172546,-2.355279,-0.119120,1.765757,0.770322,-0.368072,0.147664,0.196162,0.005438,-0.269276,0.301817,-0.006854
1.143039,-1.063425,-0.349225,0.893418,0.661047,-0.731026,0.917124,-0.308932,-0.225336,-0.582571,0.334939,0.168918,-0.274867,0.573642,-0.101693,-0.317407,-0.629070,0.172741,-2.355271,-0.119390,1.766056,0.770316,-0.367915,0.147260,0.195494,0.005919,-0.268044,0.300596,-0.006896
1.143998,-1.061255,-0.353470,0.901334,0.661481,-0.729278,0.920758,-0.310504,-0.204009,-0.575340,0.359354,0.169647,-0.272637,0.574198,-0.101836,-0.317785,-0.628923,0.172940,-2.355262,-0.119654,1.766350,0.770304,-0.370679,0.147153,0.196851,0.007359,-0.267946,0.298522,-0.007895
1.145090,-1.066259,-0.353275,0.901017,0.661912,-0.731538,0.922307,-0.310384,-0.181283,-0.569374,0.385592,0.171134,-0.270247,0.574829,-0.101982,-0.318159,-0.628773,0.173126,-2.355255,-0.119927,1.766638,0.770307,-0.371651,0.149009,0.193145,0.007420,-0.269018,0.295167,-0.005234
1.146077,-1.064065,-0.354681,0.896104,0.662567,-0.733280,0.924036,-0.310630,-0.156632,-0.566497,0.414391,0.174077,-0.267627,0.575590,-0.102115,-0.318530,-0.628624,0.173318,-2.355247,-0.120186,1.766926,0.770299,-0.369670,0.148827,0.193933,0.007545,-0.266447,0.294206,-0.006058
1.146984,-1.061617,-0.353827,0.901281,0.663409,-0.736861,0.921939,-0.310823,-0.132876,-0.566504,0.441998,0.178631,-0.264995,0.576471,-0.102266,-0.318898,-0.628471,0.173520,-2.355241,-0.120450,1.767220,0.770293,-0.370895,0.149251,0.196599,0.007447,-0.264164,0.292785,-0.006060
1.148108,-1.061931,-0.351177,0.902429,0.663266,-0.736913,0.925272,-0.311148,-0.111904,-0.568030,0.465732,0.184244,-0.262518,0.577413,-0.102465,-0.319273,-0.628327,0.173710,-2.355234,-0.120701,1.767522,0.770285,-0.371770,0.148518,0.194083,0.007064,-0.259974,0.295013,-0.006125
1.148972,-1.062599,-0.348878,0.898828,0.663437,-0.738576,0.926067,-0.311192,-0.092638,-0.568840,0.487436,0.189619,-0.260131,0.578336,-0.102715,-0.319648,-0.628180,0.173904,-2.355227,-0.120957,1.767809,0.770279,-0.372248,0.147200,0.194175,0.007831,-0.259789,0.292269,-0.006050
1.149966,-1.061018,-0.349050,0.900427,0.664236,-0.739463,0.928253,-0.310671,-0.075595,-0.565538,0.506913,0.192906,-0.257895,0.579118,-0.103015,-0.320015,-0.628036,0.174102,-2.355219,-0.121211,1.768101,0.770273,-0.371454,0.145676,0.195898,0.008055,-0.257406,0.291560,-0.006403
1.151024,-1.063569,-0.349669,0.904478,0.664421,-0.737450,0.929664,-0.312270,-0.062246,-0.556866,0.522203,0.193664,-0.255948,0.579746,-0.103363,-0.320389,-0.627892,0.174294,-2.355212,-0.121467,1.768392,0.770262,-0.372314,0.145617,0.195405,0.007788,-0.256079,0.289701,-0.007940
1.152018,-1.058829,-0.348865,0.911887,0.664732,-0.740213,0.929013,-0.310988,-0.051797,-0.544887,0.534261,0.193062,-0.254236,0.580371,-0.103731,-0.320759,-0.627745,0.174485,-2.355204,-0.121722,1.768678,0.770264,-0.371419,0.145835,0.193878,0.008143,-0.257812,0.288811,-0.005272
1.152989,-1.063396,-0.347408,0.908255,0.665709,-0.742388,0.927497,-0.312313,-0.041482,-0.531874,0.546905,0.191846,-0.252526,0.581105,-0.104082,-0.321134,-0.627603,0.174670,-2.355194,-0.121968,1.768973,0.770253,-0.373873,0.145297,0.190566,0.008299,-0.254651,0.289797,-0.008377
1.154059,-1.064135,-0.348140,0.912729,0.665777,-0.744923,0.927482,-0.312289,-0.030226,-0.518126,0.561718,0.189821,-0.250724,0.581916,-0.104397,-0.321504,-0.627458,0.174865,-2.355187,-0.122209,1.769262,0.770250,-0.371552,0.144352,0.192661,0.007818,-0.252137,0.291630,-0.006183
1.155066,-1.066119,-0.349842,0.908389,0.667366,-0.746427,0.926101,-0.312942,-0.020024,-0.503437,0.576014,0.186868,-0.249019,0.582687,-0.104668,-0.321875,-0.627314,0.175053,-2.355179,-0.122457,1.769556,0.770243,-0.371648,0.144686,0.190959,0.008303,-0.249391,0.292115,-0.006798
1.155979,-1.060111,-0.345526,0.910217,0.666337,-0.746854,0.925347,-0.312820,-0.012519,-0.489408,0.587305,0.183871,-0.247607,0.583364,-0.104905,-0.322247,-0.627168,0.175251,-2.355174,-0.122702,1.769854,0.770239,-0.370779,0.145377,0.193457,0.007287,-0.247581,0.293836,-0.005997
1.157087,-1.060144,-0.346265,0.911143,0.668413,-0.750839,0.927205,-0.312005,-0.007810,-0.476339,0.595033,0.180917,-0.246553,0.583843,-0.105123,-0.322629,-0.627029,0.175442,-2.355164,-0.122943,1.770149,0.770230,-0.373419,0.142970,0.192637,0.008733,-0.246701,0.294733,-0.006707
1.157998,-1.063930,-0.343133,0.912256,0.669223,-0.752951,0.928808,-0.314107,-0.004517,-0.462627,0.600831,0.177124,-0.245778,0.584019,-0.105321,-0.323002,-0.626887,0.175636,-2.355159,-0.123176,1.770442,0.770219,-0.373977,0.143403,0.192787,0.007297,-0.242697,0.293424,-0.008900
1.158975,-1.060442,-0.344684,0.911600,0.669971,-0.754629,0.930299,-0.313313,-0.002035,-0.448259,0.605544,0.173182,-0.245251,0.584022,-0.105483,-0.323371,-0.626749,0.175824,-2.355155,-0.123405,1.770728,0.770221,-0.371789,0.141597,0.192380,0.007030,-0.240245,0.292016,-0.005129
1.160055,-1.062823,-0.342974,0.909903,0.669130,-0.755638,0.929238,-0.314036,-0.001048,-0.433762,0.608359,0.169952,-0.245031,0.584028,-0.105598,-0.323745,-0.626604,0.176017,-2.355149,-0.123638,1.771018,0.770210,-0.373562,0.142195,0.192983,0.006825,-0.238315,0.290842,-0.007250
1.160967,-1.061192,-0.342228,0.909297,0.673718,-0.754899,0.928528,-0.313822,-0.001715,-0.419445,0.608878,0.166974,-0.245144,0.584056,-0.105683,-0.324115,-0.626463,0.176215,-2.355139,-0.123878,1.771312,0.770207,-0.372840,0.141337,0.194318,0.008198,-0.237217,0.292433,-0.006338
1.161983,-1.062178,-0.342852,0.912562,0.671585,-0.755941,0.927185,-0.314806,-0.004272,-0.405947,0.606470,0.164548,-0.245582,0.584210,-0.105763,-0.324489,-0.626323,0.176410,-2.355142,-0.124113,1.771607,0.770197,-0.373356,0.140726,0.194695,0.004259,-0.237556,0.293281,-0.007231
1.163091,-1.065968,-0.342166,0.912949,0.672791,-0.755538,0.926858,-0.314363,-0.012347,-0.384815,0.596667,0.163364,-0.246978,0.585213,-0.105919,-0.325229,-0.626042,0.176792,-2.355126,-0.124583,1.772202,0.770185,-0.371790,0.140682,0.193903,0.006304,-0.236727,0.295847,-0.007235
1.164005,-1.062894,-0.340389,0.908825,0.674374,-0.754355,0.926596,-0.315217,-0.012347,-0.384815,0.596667,0.163364,-0.246978,0.585213,-0.105919,-0.325229,-0.626042,0.176792,-2.355126,-0.124583,1.772202,0.770185,-0.371790,0.140682,0.193903,0.006304,-0.236727,0.295847,-0.007235
1.164974,-1.062238,-0.344312,0.914974,0.674394,-0.754947,0.926660,-0.315055,-0.017659,-0.376670,0.589948,0.162865,-0.247862,0.585767,-0.105995,-0.325602,-0.625905,0.176994,-2.355121,-0.124819,1.772502,0.770183,-0.373060,0.139581,0.195976,0.005246,-0.237492,0.296224,-0.005978
1.166122,-1.060474,-0.342273,0.914840,0.676280,-0.756761,0.924597,-0.315568,-0.023287,-0.371102,0.582403,0.163302,-0.248794,0.586441,-0.106080,-0.325976,-0.625762,0.177184,-2.355115,-0.125058,1.772803,0.770175,-0.373313,0.141389,0.193131,0.005776,-0.236548,0.296388,-0.006809
1.167103,-1.060819,-0.339568,0.910669,0.676208,-0.757082,0.924851,-0.315572,-0.027029,-0.369999,0.576887,0.165396,-0.249645,0.587311,-0.106169,-0.326359,-0.625622,0.177377,-2.355113,-0.125289,1.773104,0.770171,-0.374874,0.140471,0.193955,0.004631,-0.234856,0.299084,-0.006367
1.168064,-1.057963,-0.338206,0.916017,0.679230,-0.758292,0.923552,-0.316667,-0.029144,-0.372015,0.573032,0.168395,-0.250486,0.588276,-0.106267,-0.326730,-0.625485,0.177579,-2.355106,-0.125523,1.773405,0.770160,-0.374715,0.139018,0.196223,0.005233,-0.234285,0.299059,-0.006846
1.169097,-1.065079,-0.338749,0.917494,0.678038,-0.756527,0.925448,-0.316958,-0.030687,-0.374510,0.569476,0.171413,-0.251412,0.589249,-0.106364,-0.327111,-0.625351,0.177770,-2.355108,-0.125752,1.773710,0.770159,-0.375988,0.138246,0.193762,0.002891,-0.232816,0.300565,-0.005141
1.170080,-1.061174,-0.338587,0.914728,0.679875,-0.757006,0.924600,-0.316837,-0.031297,-0.377199,0.567129,0.174557,-0.252406,0.590244,-0.106449,-0.327481,-0.625210,0.177961,-2.355101,-0.125988,1.774002,0.770152,-0.372663,0.138475,0.193479,0.004671,-0.234450,0.299057,-0.005099
1.171004,-1.059340,-0.337741,0.912066,0.679320,-0.756945,0.923739,-0.316624,-0.031753,-0.380574,0.565264,0.177681,-0.253554,0.591189,-0.106530,-0.327857,-0.625074,0.178159,-2.355102,-0.126220,1.774303,0.770146,-0.374650,0.138301,0.195110,0.003512,-0.233712,0.300193,-0.005846
1.172091,-1.064108,-0.333900,0.911834,0.680752,-0.755924,0.922045,-0.316348,-0.033091,-0.384725,0.562195,0.180487,-0.254934,0.592004,-0.106629,-0.328235,-0.624937,0.178355,-2.355095,-0.126451,1.774600,0.770138,-0.375253,0.137688,0.196532,0.004571,-0.233426,0.301209,-0.006735
1.173075,-1.062994,-0.334494,0.910239,0.682928,-0.756793,0.922901,-0.318629,-0.036214,-0.388054,0.556698,0.182031,-0.256581,0.592600,-0.106756,-0.328597,-0.624803,0.178553,-2.355091,-0.126693,1.774908,0.770129,-0.373476,0.135866,0.197136,0.003793,-0.234354,0.303355,-0.007833
1.173975,-1.063897,-0.333153,0.910677,0.683333,-0.754676,0.921132,-0.317573,-0.042091,-0.389630,0.547778,0.182453,-0.258503,0.593051,-0.106898,-0.328974,-0.624666,0.178756,-2.355092,-0.126921,1.775212,0.770134,-0.374032,0.136095,0.198111,0.002317,-0.233268,0.302711,-0.003763
1.175126,-1.069814,-0.336437,0.912762,0.684385,-0.755037,0.920660,-0.319228,-0.050405,-0.390816,0.535884,0.183224,-0.260603,0.593579,-0.107051,-0.329348,-0.624532,0.178952,-2.355090,-0.127156,1.775517,0.770122,-0.373196,0.135218,0.197906,0.002496,-0.234974,0.304564,-0.006371
1.176020,-1.066596,-0.339270,0.913306,0.685755,-0.756454,0.920778,-0.318425,-0.060581,-0.393295,0.521935,0.184886,-0.262800,0.594229,-0.107237,-0.329714,-0.624391,0.179149,-2.355089,-0.127392,1.775826,0.770122,-0.371100,0.137015,0.197537,0.002224,-0.234680,0.305595,-0.003623
1.177007,-1.064313,-0.336977,0.913938,0.684426,-0.757782,0.921542,-0.319553,-0.071854,-0.400174,0.506949,0.188626,-0.265018,0.595053,-0.107461,-0.330090,-0.624251,0.179344,-2.355088,-0.127624,1.776130,0.770110,-0.372319,0.138150,0.197295,0.001454,-0.232829,0.305522,-0.005702
1.178164,-1.067648,-0.336404,0.914390,0.685356,-0.759389,0.920854,-0.319264,-0.082718,-0.412241,0.492781,0.194411,-0.267125,0.596004,-0.107716,-0.330464,-0.624114,0.179542,-2.355081,-0.127855,1.776438,0.770111,-0.373483,0.136902,0.197221,0.003332,-0.231286,0.304982,-0.003939
1.179042,-1.067165,-0.337941,0.916888,0.685661,-0.759104,0.921987,-0.319420,-0.092742,-0.426000,0.480169,0.199689,-0.269096,0.596781,-0.107997,-0.330838,-0.623980,0.179742,-2.355078,-0.128086,1.776749,0.770103,-0.372607,0.136844,0.197652,0.003121,-0.229830,0.306252,-0.005130
1.179995,-1.066001,-0.335392,0.913101,0.685249,-0.757990,0.919748,-0.319881,-0.102431,-0.439825,0.468636,0.203562,-0.270983,0.597246,-0.108295,-0.331215,-0.623842,0.179934,-2.355074,-0.128309,1.777050,0.770098,-0.372348,0.137349,0.196409,0.003322,-0.229760,0.305133,-0.005253
1.181000,-1.069221,-0.333303,0.907439,0.687538,-0.758081,0.921154,-0.320497,-0.112188,-0.453197,0.457719,0.205923,-0.272812,0.597363,-0.108589,-0.331587,-0.623708,0.180138,-2.355069,-0.128542,1.777365,0.770093,-0.372836,0.135942,0.198412,0.004286,-0.230577,0.307521,-0.004814
1.182039,-1.067284,-0.331685,0.906118,0.686508,-0.758550,0.919621,-0.320422,-0.124031,-0.464012,0.444601,0.206187,-0.274737,0.597080,-0.108856,-0.331957,-0.623576,0.180342,-2.355069,-0.128772,1.777667,0.770090,-0.371363,0.134904,0.201458,0.002672,-0.230307,0.306378,-0.004101
1.182960,-1.067341,-0.334595,0.906478,0.686746,-0.758915,0.920976,-0.320602,-0.140034,-0.470877,0.426275,0.204363,-0.276945,0.596417,-0.109095,-0.332334,-0.623442,0.180548,-2.355063,-0.128995,1.777980,0.770084,-0.372588,0.134136,0.202380,0.004335,-0.229811,0.308250,-0.004797
1.183972,-1.066849,-0.331940,0.904588,0.688804,-0.760526,0.921821,-0.321352,-0.159303,-0.474609,0.403858,0.200448,-0.279457,0.595371,-0.109304,-0.332701,-0.623306,0.180749,-2.355059,-0.129226,1.778286,0.770080,-0.372349,0.135422,0.202214,0.004612,-0.229094,0.306962,-0.004905
1.185066,-1.074639,-0.328183,0.905897,0.688030,-0.758250,0.924897,-0.320901,-0.180091,-0.477424,0.379597,0.195653,-0.282228,0.594115,-0.109483,-0.333075,-0.623171,0.180953,-2.355060,-0.129448,1.778586,0.770078,-0.372742,0.134046,0.203394,0.003265,-0.227395,0.306451,-0.003927
1.186034,-1.074686,-0.326461,0.908523,0.689332,-0.757421,0.925354,-0.321792,-0.202475,-0.478607,0.353655,0.190489,-0.285298,0.592846,-0.109651,-0.333432,-0.623042,0.181158,-2.355053,-0.129684,1.778885,0.770071,-0.369529,0.132340,0.203161,0.004660,-0.229681,0.303861,-0.005403
1.187017,-1.071233,-0.328406,0.902685,0.690114,-0.756591,0.927191,-0.321556,-0.226649,-0.475517,0.326425,0.183759,-0.288680,0.591589,-0.109831,-0.333803,-0.622911,0.181359,-2.355051,-0.129917,1.779188,0.770068,-0.369520,0.131454,0.201991,0.003983,-0.230209,0.303641,-0.004099
1.188001,-1.074052,-0.334314,0.902471,0.691018,-0.757057,0.926716,-0.322407,-0.276217,-0.466062,0.271695,0.171017,-0.295864,0.589780,-0.110240,-0.334546,-0.622636,0.181774,-2.355047,-0.130379,1.779793,0.770059,-0.369913,0.135212,0.205248,0.003561,-0.230119,0.302795,-0.003882
1.189107,-1.076593,-0.332003,0.907439,0.692107,-0.757568,0.928573,-0.321858,-0.276217,-0.466062,0.271695,0.171017,-0.295864,0.589780,-0.110240,-0.334546,-0.622636,0.181774,-2.355047,-0.130379,1.779793,0.770059,-0.369913,0.135212,0.205248,0.003561,-0.230119,0.302795,-0.003882
1.190090,-1.074120,-0.330080,0.902516,0.692683,-0.755619,0.929516,-0.321946,-0.300165,-0.469009,0.244507,0.169715,-0.299459,0.589539,-0.110465,-0.334915,-0.622502,0.181974,-2.355046,-0.130603,1.780092,0.770050,-0.369277,0.134153,0.203273,0.003221,-0.229721,0.301446,-0.005562
1.190996,-1.075503,-0.329884,0.904393,0.692687,-0.752196,0.932180,-0.322806,-0.322383,-0.476259,0.219173,0.171319,-0.302914,0.589649,-0.110692,-0.335286,-0.622369,0.182187,-2.355043,-0.130836,1.780393,0.770044,-0.370570,0.133156,0.205822,0.003256,-0.231444,0.300770,-0.005869
1.192039,-1.072002,-0.329979,0.904880,0.691851,-0.751793,0.933181,-0.322990,-0.342760,-0.484151,0.195880,0.173892,-0.306215,0.589901,-0.110894,-0.335654,-0.622236,0.182392,-2.355039,-0.131080,1.780691,0.770043,-0.369588,0.132898,0.204782,0.003814,-0.234364,0.298202,-0.004612
1.193000,-1.072366,-0.327447,0.901123,0.692562,-0.747374,0.934712,-0.323711,-0.360560,-0.491280,0.175598,0.176018,-0.309338,0.590115,-0.111041,-0.336032,-0.622105,0.182596,-2.355032,-0.131313,1.780982,0.770037,-0.371605,0.133022,0.204863,0.005214,-0.234624,0.297666,-0.004792
1.194069,-1.073531,-0.326027,0.904751,0.696306,-0.747650,0.935813,-0.323846,-0.375183,-0.496864,0.158991,0.176659,-0.312271,0.590184,-0.111139,-0.336401,-0.621978,0.182809,-2.355027,-0.131563,1.781277,0.770036,-0.371374,0.131736,0.206751,0.005028,-0.238622,0.296382,-0.003844
1.195110,-1.084269,-0.324715,0.900150,0.695469,-0.744665,0.937790,-0.324920,-0.387065,-0.500852,0.145206,0.176820,-0.315032,0.590291,-0.111207,-0.336769,-0.621849,0.183009,-2.355030,-0.131803,1.781566,0.770028,-0.371264,0.131164,0.205330,0.002068,-0.238173,0.295796,-0.004125
1.196053,-1.083986,-0.322576,0.900328,0.697322,-0.741806,0.935554,-0.323498,-0.397895,-0.503732,0.132099,0.178038,-0.317720,0.590655,-0.111259,-0.337123,-0.621720,0.183223,-2.355022,-0.132044,1.781859,0.770029,-0.366367,0.130605,0.207852,0.003500,-0.240991,0.294242,-0.002518
1.197094,-1.085844,-0.318628,0.898521,0.696726,-0.739666,0.936463,-0.324970,-0.410308,-0.504548,0.116526,0.179551,-0.320548,0.591177,-0.111316,-0.337491,-0.621593,0.183431,-2.355022,-0.132296,1.782161,0.770016,-0.366455,0.129498,0.207736,0.002277,-0.243327,0.296683,-0.005859
1.198103,-1.086780,-0.322748,0.898202,0.697828,-0.739141,0.935468,-0.325011,-0.424596,-0.501473,0.098302,0.179690,-0.323540,0.591709,-0.111385,-0.337862,-0.621470,0.183642,-2.355017,-0.132543,1.782457,0.770017,-0.365832,0.127680,0.208873,0.003499,-0.245206,0.296160,-0.003419
1.199074,-1.089138,-0.324080,0.896771,0.700018,-0.738956,0.935500,-0.324695,-0.439398,-0.495157,0.079092,0.178095,-0.326566,0.592230,-0.111451,-0.338224,-0.621338,0.183851,-2.355016,-0.132791,1.782757,0.770014,-0.365638,0.129782,0.209186,0.003047,-0.245371,0.297490,-0.003890
1.200095,-1.085186,-0.320425,0.899837,0.700265,-0.737227,0.936699,-0.325219,-0.453681,-0.490474,0.059733,0.177213,-0.329488,0.592909,-0.111503,-0.338588,-0.621209,0.184064,-2.355016,-0.133037,1.783057,0.770005,-0.364523,0.130417,0.209924,0.001532,-0.245158,0.297688,-0.005011
1.201093,-1.082181,-0.321625,0.899659,0.700381,-0.736167,0.936856,-0.325693,-0.465821,-0.489902,0.042082,0.178828,-0.332086,0.593883,-0.111521,-0.338962,-0.621083,0.184266,-2.355014,-0.133281,1.783351,0.770005,-0.366710,0.128672,0.208642,0.001963,-0.246627,0.296860,-0.004488
1.202031,-1.080894,-0.323454,0.902810,0.700151,-0.734265,0.936721,-0.326303,-0.473378,-0.491603,0.029440,0.181694,-0.334081,0.595029,-0.111467,-0.339330,-0.620954,0.184478,-2.355010,-0.133531,1.783650,0.770002,-0.368361,0.129321,0.208846,0.002464,-0.247302,0.297020,-0.004058
1.202991,-1.075321,-0.320321,0.905318,0.702312,-0.732136,0.936118,-0.326278,-0.474662,-0.495458,0.024038,0.184852,-0.335314,0.596198,-0.111333,-0.339701,-0.620821,0.184679,-2.355005,-0.133781,1.783943,0.770000,-0.368832,0.130120,0.207325,0.003227,-0.248706,0.297368,-0.003329
1.204089,-1.077230,-0.319933,0.902878,0.701670,-0.737040,0.936674,-0.327370,-0.456407,-0.509535,0.038053,0.192083,-0.335293,0.598484,-0.110853,-0.340445,-0.620566,0.185094,-2.354999,-0.134274,1.784545,0.769992,-0.371141,0.128539,0.207786,0.002990,-0.245306,0.298129,-0.002250
1.204990,-1.079111,-0.317337,0.904480,0.700234,-0.736578,0.938221,-0.327821,-0.440873,-0.515380,0.052753,0.193858,-0.334446,0.599282,-0.110521,-0.340817,-0.620440,0.185298,-2.354991,-0.134517,1.784835,0.769989,-0.369849,0.127134,0.206893,0.004880,-0.245300,0.296721,-0.001827
1.206017,-1.082832,-0.317753,0.907428,0.701807,-0.736360,0.938945,-0.328128,-0.424736,-0.517715,0.068594,0.192402,-0.333472,0.599639,-0.110156,-0.341182,-0.620313,0.185503,-2.354989,-0.134761,1.785131,0.769987,-0.368303,0.127455,0.205675,0.003953,-0.245251,0.296385,-0.001753
1.207095,-1.079300,-0.321747,0.907623,0.702566,-0.736136,0.937891,-0.327830,-0.424736,-0.517715,0.068594,0.192402,-0.333472,0.599639,-0.110156,-0.341182,-0.620313,0.185503,-2.354989,-0.134761,1.785131,0.769987,-0.368303,0.127455,0.205675,0.003953,-0.245251,0.296385,-0.001753
1.208077,-1.080538,-0.325941,0.909466,0.703883,-0.738003,0.937447,-0.327502,-0.408007,-0.519687,0.085563,0.190020,-0.332434,0.599868,-0.109800,-0.341558,-0.620178,0.185708,-2.354986,-0.135006,1.785427,0.769981,-0.370534,0.129557,0.205980,0.003877,-0.245321,0.297950,-0.002914
1.209159,-1.079826,-0.323874,0.911577,0.703686,-0.741330,0.937516,-0.327387,-0.389786,-0.527131,0.104151,0.190276,-0.331307,0.600344,-0.109492,-0.341927,-0.620041,0.185912,-2.354983,-0.135246,1.785728,0.769975,-0.369949,0.131554,0.205198,0.003152,-0.243109,0.298645,-0.004068
1.210040,-1.076237,-0.328455,0.911065,0.705238,-0.742897,0.939664,-0.327600,-0.369903,-0.541614,0.124429,0.194026,-0.330140,0.601168,-0.109247,-0.342302,-0.619911,0.186117,-2.354977,-0.135483,1.786030,0.769971,-0.370775,0.130639,0.204550,0.003983,-0.239706,0.299030,-0.004853
1.210993,-1.074012,-0.326027,0.916318,0.705730,-0.741486,0.940082,-0.327633,-0.348540,-0.561465,0.146286,0.200502,-0.328979,0.602317,-0.109061,-0.342680,-0.619776,0.186318,-2.354977,-0.135712,1.786320,0.769969,-0.372066,0.132729,0.204728,0.003040,-0.237733,0.296970,-0.004882
1.212020,-1.072417,-0.328717,0.918484,0.707155,-0.742245,0.938368,-0.326905,-0.325025,-0.585730,0.170581,0.209664,-0.327743,0.603863,-0.108936,-0.343053,-0.619650,0.186518,-2.354974,-0.135954,1.786613,0.769965,-0.373061,0.131476,0.202202,0.003143,-0.238773,0.296815,-0.005312
1.213164,-1.072807,-0.325026,0.923133,0.707063,-0.743540,0.937064,-0.328133,-0.298379,-0.612987,0.198823,0.221050,-0.326298,0.605801,-0.108888,-0.343429,-0.619515,0.186717,-2.354972,-0.136191,1.786918,0.769958,-0.374041,0.132850,0.201458,0.002389,-0.237802,0.298885,-0.007304
1.214139,-1.067689,-0.327381,0.923322,0.708794,-0.746105,0.938890,-0.326740,-0.268618,-0.640986,0.231306,0.233198,-0.324623,0.607924,-0.108920,-0.343800,-0.619386,0.186916,-2.354970,-0.136425,1.787218,0.769956,-0.374624,0.131233,0.199767,0.003224,-0.236595,0.300789,-0.005408
1.215007,-1.069030,-0.327963,0.929351,0.709516,-0.746782,0.939341,-0.328615,-0.236347,-0.667874,0.267337,0.244982,-0.322749,0.610045,-0.109012,-0.344183,-0.619254,0.187117,-2.354969,-0.136660,1.787516,0.769942,-0.377069,0.132382,0.199855,0.002138,-0.233736,0.299187,-0.008711
1.216011,-1.071184,-0.325874,0.932904,0.708686,-0.745340,0.942474,-0.328272,-0.201990,-0.694026,0.306360,0.257052,-0.320679,0.612196,-0.109136,-0.344561,-0.619121,0.187307,-2.354968,-0.136889,1.787808,0.769946,-0.375793,0.132439,0.196823,0.002001,-0.232627,0.298823,-0.005372
1.217002,-1.074346,-0.327103,0.929962,0.707934,-0.746937,0.943207,-0.328324,-0.166508,-0.718572,0.347699,0.269005,-0.318457,0.614315,-0.109264,-0.344930,-0.618990,0.187501,-2.354961,-0.137124,1.788102,0.769939,-0.374886,0.131401,0.195399,0.003391,-0.233878,0.296008,-0.006609
1.218071,-1.070389,-0.324409,0.931448,0.709527,-0.745422,0.945755,-0.328993,-0.132597,-0.738526,0.388455,0.278531,-0.316305,0.616148,-0.109413,-0.345303,-0.618862,0.187702,-2.354955,-0.137354,1.788397,0.769932,-0.373352,0.132055,0.197112,0.004674,-0.232048,0.295614,-0.006996
1.219156,-1.076496,-0.323878,0.932002,0.709402,-0.748233,0.945372,-0.330204,-0.102660,-0.753049,0.425271,0.285029,-0.314437,0.617654,-0.109601,-0.345686,-0.618734,0.187895,-2.354954,-0.137593,1.788685,0.769928,-0.375665,0.130839,0.196863,0.003797,-0.233475,0.293569,-0.006199
1.220161,-1.075021,-0.322244,0.929564,0.711568,-0.752173,0.946362,-0.329721,-0.077231,-0.762289,0.457138,0.289120,-0.312905,0.618978,-0.109813,-0.346055,-0.618604,0.188090,-2.354948,-0.137819,1.788982,0.769926,-0.373102,0.130735,0.197117,0.004546,-0.230674,0.294478,-0.004336
1.221007,-1.078575,-0.326913,0.927906,0.711533,-0.750397,0.944386,-0.329914,-0.057232,-0.766454,0.482728,0.291364,-0.311811,0.620207,-0.110055,-0.346433,-0.618474,0.188288,-2.354949,-0.138033,1.789273,0.769917,-0.373931,0.129937,0.198631,0.003084,-0.226708,0.293839,-0.005838
1.222081,-1.078660,-0.320791,0.938118,0.712787,-0.749555,0.944751,-0.329923,-0.043638,-0.767670,0.500375,0.293144,-0.311274,0.621438,-0.110337,-0.346800,-0.618336,0.188488,-2.354944,-0.138261,1.789577,0.769911,-0.371600,0.131974,0.199293,0.003603,-0.228058,0.295795,-0.005862
1.222978,-1.071446,-0.324509,0.938438,0.713087,-0.750722,0.944847,-0.329093,-0.034921,-0.767187,0.512226,0.294911,-0.311210,0.622725,-0.110641,-0.347174,-0.618213,0.188675,-2.354943,-0.138497,1.789875,0.769903,-0.372001,0.129088,0.194732,0.003061,-0.228812,0.295879,-0.006391
1.223979,-1.068359,-0.328110,0.939890,0.714729,-0.749995,0.944850,-0.329795,-0.026942,-0.764518,0.524195,0.296058,-0.311290,0.624078,-0.110928,-0.347558,-0.618077,0.188868,-2.354938,-0.138720,1.790170,0.769892,-0.375134,0.130778,0.194666,0.003291,-0.227298,0.295905,-0.008498
1.225109,-1.066715,-0.324388,0.943186,0.714769,-0.753014,0.944656,-0.330058,-0.016465,-0.762998,0.539933,0.298164,-0.311239,0.625619,-0.111160,-0.347935,-0.617942,0.189062,-2.354937,-0.138953,1.790470,0.769888,-0.376727,0.132543,0.194259,0.002307,-0.227843,0.296205,-0.007579
1.226095,-1.069578,-0.324691,0.940449,0.716717,-0.754070,0.946027,-0.331240,-0.002914,-0.765144,0.559561,0.302377,-0.310986,0.627363,-0.111306,-0.348313,-0.617814,0.189252,-2.354932,-0.139169,1.790765,0.769881,-0.378169,0.130885,0.193317,0.002951,-0.225030,0.297010,-0.007637
1.227037,-1.070402,-0.323896,0.943202,0.717106,-0.753508,0.944970,-0.331422,0.011871,-0.768485,0.580824,0.307502,-0.310642,0.629169,-0.111359,-0.348681,-0.617681,0.189452,-2.354931,-0.139388,1.791064,0.769879,-0.376803,0.131013,0.194924,0.001639,-0.223891,0.295896,-0.005773
1.228098,-1.071559,-0.317589,0.944576,0.716086,-0.755082,0.945833,-0.332428,0.024991,-0.771131,0.600160,0.312910,-0.310391,0.630965,-0.111337,-0.349055,-0.617551,0.189642,-2.354931,-0.139614,1.791364,0.769873,-0.376227,0.130542,0.193724,0.001924,-0.224210,0.297153,-0.005903
1.229090,-1.072099,-0.319654,0.945168,0.717604,-0.757162,0.943009,-0.331134,0.035061,-0.769976,0.616339,0.316521,-0.310318,0.632540,-0.111262,-0.349434,-0.617426,0.189832,-2.354924,-0.139834,1.791657,0.769872,-0.375957,0.127540,0.193578,0.003541,-0.222672,0.296747,-0.004437
1.229985,-1.072942,-0.319994,0.948840,0.719335,-0.761150,0.942368,-0.332474,0.041786,-0.762021,0.629456,0.315995,-0.310455,0.633666,-0.111161,-0.349804,-0.617296,0.190028,-2.354923,-0.140051,1.791966,0.769858,-0.375787,0.128607,0.193557,0.002666,-0.220521,0.299836,-0.007545
1.231100,-1.073861,-0.314993,0.948572,0.719170,-0.764852,0.942208,-0.332840,0.045635,-0.750193,0.639867,0.313147,-0.310789,0.634544,-0.111051,-0.350181,-0.617171,0.190217,-2.354924,-0.140261,1.792272,0.769859,-0.374927,0.128680,0.191799,0.001568,-0.216307,0.300501,-0.005290
1.232136,-1.078498,-0.316200,0.950346,0.721074,-0.763523,0.941675,-0.333827,0.047229,-0.736522,0.648155,0.309537,-0.311306,0.635389,-0.110945,-0.350558,-0.617049,0.190411,-2.354919,-0.140464,1.792572,0.769854,-0.375053,0.126458,0.192578,0.002409,-0.212951,0.301207,-0.005157
1.233151,-1.081550,-0.316959,0.951413,0.722370,-0.765795,0.939975,-0.332612,0.046216,-0.719962,0.653726,0.304788,-0.312065,0.636205,-0.110870,-0.350928,-0.616921,0.190605,-2.354920,-0.140680,1.792878,0.769850,-0.373015,0.127194,0.192097,0.001224,-0.214375,0.302076,-0.003705
1.234116,-1.073856,-0.316228,0.955266,0.722815,-0.768461,0.941190,-0.334283,0.042267,-0.702600,0.655784,0.300348,-0.313088,0.637108,-0.110853,-0.351300,-0.616793,0.190794,-2.354920,-0.140885,1.793186,0.769838,-0.371678,0.127630,0.191989,0.000660,-0.212165,0.304079,-0.006669
1.235072,-1.069055,-0.316302,0.955443,0.724649,-0.768720,0.940070,-0.333706,0.037206,-0.687074,0.656289,0.297633,-0.314228,0.638239,-0.110885,-0.351678,-0.616664,0.190982,-2.354917,-0.141093,1.793487,0.769838,-0.375454,0.127229,0.190344,0.000827,-0.209461,0.303055,-0.003784
1.236015,-1.069401,-0.314539,0.955492,0.726004,-0.770835,0.938937,-0.333889,0.034701,-0.674246,0.659462,0.296926,-0.315189,0.639689,-0.110930,-0.352060,-0.616538,0.191174,-2.354920,-0.141303,1.793796,0.769826,-0.377627,0.127273,0.190490,-0.000298,-0.209155,0.304349,-0.005444
1.237046,-1.069005,-0.318793,0.954728,0.724237,-0.775387,0.935162,-0.334017,0.035975,-0.664170,0.666409,0.298542,-0.315838,0.641489,-0.110970,-0.352438,-0.616414,0.191363,-2.354921,-0.141501,1.794103,0.769822,-0.377211,0.126377,0.190699,-0.000961,-0.207050,0.305625,-0.005548
1.237973,-1.069310,-0.315803,0.951305,0.726238,-0.776177,0.936027,-0.333922,0.039207,-0.656435,0.674691,0.301523,-0.316299,0.643368,-0.111003,-0.352813,-0.616282,0.191555,-2.354913,-0.141693,1.794420,0.769818,-0.377625,0.128582,0.191505,0.001366,-0.202740,0.309687,-0.005825
1.239041,-1.067776,-0.313149,0.958162,0.726045,-0.777829,0.936569,-0.334715,0.042120,-0.650650,0.681355,0.304457,-0.316760,0.644984,-0.111034,-0.353190,-0.616160,0.191750,-2.354916,-0.141890,1.794728,0.769811,-0.377190,0.127039,0.193342,0.000050,-0.201981,0.308880,-0.006487
1.240104,-1.067799,-0.313676,0.958512,0.725437,-0.782486,0.936128,-0.334192,0.044145,-0.644779,0.685945,0.306543,-0.317239,0.646277,-0.111066,-0.353566,-0.616034,0.191933,-2.354914,-0.142086,1.795037,0.769810,-0.378345,0.125898,0.190495,0.000961,-0.200636,0.308733,-0.005449
1.241105,-1.070401,-0.311476,0.961719,0.729026,-0.782738,0.936046,-0.335478,0.046702,-0.636758,0.690942,0.306647,-0.317614,0.647217,-0.111099,-0.353945,-0.615909,0.192124,-2.354909,-0.142275,1.795352,0.769800,-0.378635,0.126347,0.190866,0.002176,-0.196320,0.309526,-0.007046
1.241965,-1.074275,-0.311706,0.957578,0.727427,-0.786314,0.939231,-0.335715,0.050111,-0.627143,0.697069,0.305217,-0.317859,0.647866,-0.111138,-0.354326,-0.615784,0.192312,-2.354914,-0.142470,1.795659,0.769799,-0.377336,0.125319,0.189649,-0.000620,-0.196281,0.309863,-0.004967
1.243169,-1.077626,-0.312435,0.961070,0.728775,-0.788857,0.939439,-0.336045,0.052261,-0.616664,0.701705,0.303754,-0.318115,0.648435,-0.111185,-0.354690,-0.615662,0.192507,-2.354906,-0.142655,1.795963,0.769793,-0.374945,0.125332,0.191687,0.001442,-0.192646,0.306626,-0.004948
1.244068,-1.076273,-0.313560,0.959823,0.730042,-0.791291,0.938788,-0.335704,0.050842,-0.605633,0.701999,0.302351,-0.318565,0.648979,-0.111251,-0.355066,-0.615534,0.192696,-2.354904,-0.142842,1.796272,0.769786,-0.374281,0.126067,0.190830,0.000854,-0.190810,0.307133,-0.004900
1.245038,-1.079402,-0.312938,0.955374,0.729795,-0.792423,0.936286,-0.336092,0.045914,-0.596034,0.697948,0.301727,-0.319209,0.649588,-0.111342,-0.355440,-0.615405,0.192887,-2.354906,-0.143022,1.796581,0.769779,-0.374605,0.126497,0.191556,0.000245,-0.188474,0.307822,-0.006044
1.246085,-1.080020,-0.312001,0.955542,0.730241,-0.796340,0.938843,-0.336173,0.037494,-0.588848,0.689367,0.302304,-0.320040,0.650240,-0.111449,-0.355814,-0.615282,0.193086,-2.354901,-0.143207,1.796899,0.769773,-0.372961,0.126229,0.193974,0.001085,-0.187564,0.310477,-0.005746
1.247086,-1.077013,-0.312922,0.956658,0.730743,-0.796994,0.940588,-0.336145,0.024354,-0.582485,0.674676,0.302771,-0.321194,0.650680,-0.111544,-0.356193,-0.615157,0.193278,-2.354900,-0.143387,1.797199,0.769769,-0.372910,0.125917,0.194331,0.001318,-0.184046,0.308269,-0.006133
1.247997,-1.075975,-0.310213,0.957114,0.730864,-0.798017,0.941574,-0.337015,0.007683,-0.576441,0.655485,0.302757,-0.322641,0.650855,-0.111596,-0.356570,-0.615030,0.193473,-2.354895,-0.143566,1.797503,0.769760,-0.374487,0.126444,0.194083,0.001413,-0.183759,0.306809,-0.006686
1.249055,-1.080416,-0.308954,0.954305,0.729168,-0.800270,0.941920,-0.336681,-0.009793,-0.570765,0.635362,0.302411,-0.324235,0.650833,-0.111567,-0.356944,-0.614908,0.193667,-2.354894,-0.143748,1.797809,0.769756,-0.374673,0.125044,0.193926,0.001898,-0.182846,0.305912,-0.005395
1.250041,-1.079721,-0.307189,0.956591,0.731919,-0.803524,0.944439,-0.337269,-0.028046,-0.563114,0.614633,0.299985,-0.326052,0.650422,-0.111444,-0.357317,-0.614787,0.193863,-2.354885,-0.143925,1.798112,0.769746,-0.372795,0.124634,0.195806,0.004127,-0.181064,0.305979,-0.006615
1.251028,-1.076951,-0.308414,0.952907,0.730872,-0.802457,0.946741,-0.337371,-0.048406,-0.552033,0.591859,0.294583,-0.328259,0.649530,-0.111245,-0.357690,-0.614667,0.194056,-2.354886,-0.144097,1.798412,0.769739,-0.373207,0.123869,0.194921,0.002045,-0.178168,0.303708,-0.005918
1.252083,-1.083128,-0.303481,0.955626,0.731753,-0.803092,0.947862,-0.337540,-0.070246,-0.539402,0.567645,0.288000,-0.330805,0.648422,-0.110981,-0.358067,-0.614540,0.194255,-2.354878,-0.144279,1.798707,0.769732,-0.374585,0.124525,0.197019,0.003640,-0.179555,0.301715,-0.006218
1.253062,-1.082457,-0.301827,0.957109,0.733798,-0.803813,0.949948,-0.336722,-0.093068,-0.525769,0.542539,0.280757,-0.333607,0.647201,-0.110669,-0.358430,-0.614421,0.194450,-2.354875,-0.144459,1.799002,0.769723,-0.371928,0.122267,0.196085,0.003386,-0.179340,0.301051,-0.006405
1.253976,-1.081536,-0.305515,0.951114,0.733659,-0.802863,0.952682,-0.336528,-0.116983,-0.509723,0.516851,0.272569,-0.336609,0.645884,-0.110348,-0.358802,-0.614300,0.194646,-2.354875,-0.144640,1.799296,0.769710,-0.372312,0.121551,0.195585,0.002021,-0.178886,0.299247,-0.008531
1.255138,-1.082246,-0.301673,0.945695,0.731598,-0.806314,0.957244,-0.337319,-0.141654,-0.493109,0.490824,0.265178,-0.339719,0.644665,-0.110066,-0.359179,-0.614170,0.194849,-2.354870,-0.144822,1.799587,0.769698,-0.372432,0.123302,0.198592,0.002691,-0.179976,0.296684,-0.009347
1.256144,-1.086765,-0.305316,0.948831,0.732564,-0.807112,0.959059,-0.336751,-0.168134,-0.477665,0.462304,0.258791,-0.342984,0.643505,-0.109856,-0.359548,-0.614053,0.195060,-2.354860,-0.144995,1.799872,0.769694,-0.372965,0.121782,0.201855,0.005351,-0.177226,0.292842,-0.008347
1.256993,-1.078380,-0.303792,0.944750,0.733234,-0.809688,0.957909,-0.336417,-0.197303,-0.462864,0.429944,0.251987,-0.346467,0.642257,-0.109751,-0.359916,-0.613926,0.195256,-2.354854,-0.145169,1.800158,0.769679,-0.370862,0.123700,0.200550,0.004913,-0.176840,0.291449,-0.009985
1.258087,-1.079840,-0.306192,0.945286,0.734081,-0.810724,0.958359,-0.335993,-0.227336,-0.450195,0.396042,0.245511,-0.349996,0.641057,-0.109768,-0.360296,-0.613806,0.195464,-2.354849,-0.145339,1.800453,0.769667,-0.374445,0.122806,0.202369,0.004726,-0.174354,0.292636,-0.011050
1.259075,-1.085454,-0.302743,0.947289,0.733478,-0.811200,0.962412,-0.337413,-0.255671,-0.441439,0.363423,0.240674,-0.353324,0.640046,-0.109884,-0.360672,-0.613679,0.195669,-2.354846,-0.145510,1.800747,0.769653,-0.374167,0.124236,0.202520,0.004553,-0.173949,0.292711,-0.012429
1.260003,-1.079948,-0.300612,0.946815,0.733963,-0.812429,0.965324,-0.337423,-0.281646,-0.435855,0.332986,0.237144,-0.356364,0.639149,-0.110049,-0.361040,-0.613560,0.195870,-2.354837,-0.145678,1.801027,0.769650,-0.371438,0.122610,0.201706,0.005655,-0.173890,0.289017,-0.010063
1.261065,-1.077693,-0.297853,0.946903,0.734680,-0.811605,0.967583,-0.338249,-0.305239,-0.430295,0.305373,0.233377,-0.359113,0.638215,-0.110222,-0.361416,-0.613439,0.196074,-2.354830,-0.145849,1.801305,0.769638,-0.373982,0.121560,0.201960,0.005632,-0.172915,0.286397,-0.010522
1.262040,-1.074586,-0.299105,0.943290,0.734017,-0.812506,0.968282,-0.337896,-0.325136,-0.422559,0.282310,0.228665,-0.361491,0.637228,-0.110400,-0.361794,-0.613320,0.196275,-2.354825,-0.146025,1.801588,0.769630,-0.375413,0.120430,0.202323,0.005523,-0.174255,0.284683,-0.009387
1.262970,-1.083910,-0.297974,0.941713,0.734516,-0.812954,0.970137,-0.338271,-0.340553,-0.413177,0.264286,0.223344,-0.363465,0.636230,-0.110596,-0.362175,-0.613199,0.196483,-2.354816,-0.146197,1.801870,0.769617,-0.376859,0.121154,0.204227,0.006667,-0.173683,0.284358,-0.010582
1.264052,-1.080926,-0.294671,0.938737,0.733661,-0.817167,0.971724,-0.338553,-0.353580,-0.403170,0.248435,0.217546,-0.365201,0.635189,-0.110817,-0.362535,-0.613081,0.196693,-2.354810,-0.146370,1.802152,0.769607,-0.372068,0.120631,0.204935,0.006671,-0.173489,0.282749,-0.010273
1.264968,-1.081928,-0.291741,0.938852,0.735802,-0.818226,0.973871,-0.339668,-0.367257,-0.391729,0.231255,0.210657,-0.366933,0.634023,-0.111049,-0.362913,-0.612962,0.196902,-2.354799,-0.146530,1.802426,0.769598,-0.374048,0.119252,0.206789,0.008023,-0.169934,0.281799,-0.010250
1.266215,-1.086354,-0.290506,0.938508,0.734964,-0.818978,0.975319,-0.340029,-0.382037,-0.377420,0.212485,0.202287,-0.368712,0.632755,-0.111270,-0.363281,-0.612846,0.197107,-2.354794,-0.146698,1.802705,0.769593,-0.373286,0.117835,0.206674,0.006364,-0.169174,0.279894,-0.008473
1.267075,-1.083569,-0.292849,0.937500,0.734336,-0.818920,0.976445,-0.339042,-0.397132,-0.360595,0.193238,0.193175,-0.370500,0.631525,-0.111482,-0.363653,-0.612729,0.197319,-2.354782,-0.146871,1.802984,0.769583,-0.372320,0.117794,0.207620,0.007821,-0.169348,0.279404,-0.008391
1.268099,-1.088124,-0.288431,0.940062,0.736163,-0.818539,0.977804,-0.340174,-0.411942,-0.343252,0.174228,0.183781,-0.372296,0.630356,-0.111719,-0.364034,-0.612606,0.197527,-2.354770,-0.147039,1.803261,0.769568,-0.373095,0.118856,0.207897,0.008764,-0.169551,0.278419,-0.010788
1.269005,-1.092796,-0.291352,0.939213,0.738188,-0.821292,0.977621,-0.340508,-0.425443,-0.327078,0.156724,0.174606,-0.374035,0.629302,-0.111973,-0.364401,-0.612495,0.197730,-2.354764,-0.147209,1.803538,0.769563,-0.371062,0.116899,0.206871,0.007486,-0.170416,0.277552,-0.009006
1.269994,-1.087308,-0.292214,0.939098,0.737110,-0.825193,0.980040,-0.341932,-0.437712,-0.313293,0.140745,0.167395,-0.375685,0.628577,-0.112192,-0.364768,-0.612372,0.197935,-2.354760,-0.147370,1.803812,0.769552,-0.368465,0.118353,0.207249,0.005994,-0.167935,0.278006,-0.008793
1.271081,-1.085940,-0.288524,0.938910,0.736390,-0.826806,0.978588,-0.341335,-0.448792,-0.304343,0.125995,0.163747,-0.377232,0.628281,-0.112344,-0.365142,-0.612251,0.198142,-2.354749,-0.147530,1.804086,0.769551,-0.371292,0.118885,0.207437,0.007520,-0.164531,0.276001,-0.006447
1.272084,-1.086064,-0.286797,0.942560,0.737202,-0.825957,0.979275,-0.341900,-0.457190,-0.299945,0.114133,0.162135,-0.378596,0.628188,-0.112425,-0.365517,-0.612138,0.198352,-2.354738,-0.147697,1.804372,0.769540,-0.372440,0.117378,0.207890,0.008723,-0.163580,0.278060,-0.008217
1.272998,-1.080202,-0.287155,0.943412,0.736472,-0.827010,0.979486,-0.342203,-0.461718,-0.296776,0.106939,0.159840,-0.379698,0.628013,-0.112456,-0.365891,-0.612023,0.198552,-2.354730,-0.147862,1.804649,0.769534,-0.372463,0.116725,0.206303,0.008412,-0.164928,0.277798,-0.007574
1.274143,-1.083331,-0.286114,0.942635,0.737934,-0.828344,0.982195,-0.342639,-0.461354,-0.293902,0.105994,0.156381,-0.380423,0.627723,-0.112450,-0.366269,-0.611908,0.198758,-2.354717,-0.148025,1.804927,0.769525,-0.375069,0.116976,0.205824,0.009490,-0.164162,0.277841,-0.007422
1.275129,-1.082472,-0.283570,0.948044,0.739527,-0.831552,0.984542,-0.343397,-0.455996,-0.292572,0.111260,0.152741,-0.380722,0.627402,-0.112411,-0.366642,-0.611790,0.198964,-2.354710,-0.148189,1.805198,0.769518,-0.374239,0.116841,0.206792,0.008625,-0.163622,0.275893,-0.007128
1.276063,-1.081608,-0.285887,0.948746,0.737988,-0.831039,0.985713,-0.342494,-0.446832,-0.293486,0.121127,0.150376,-0.380681,0.627229,-0.112347,-0.367013,-0.611675,0.199164,-2.354704,-0.148346,1.805468,0.769512,-0.374733,0.115727,0.204250,0.007591,-0.160920,0.273994,-0.006108
1.277158,-1.080304,-0.284013,0.944734,0.738868,-0.831088,0.986712,-0.342580,-0.434126,-0.296719,0.135537,0.149723,-0.380375,0.627324,-0.112283,-0.367391,-0.611556,0.199368,-2.354690,-0.148507,1.805742,0.769499,-0.374894,0.116956,0.203953,0.009462,-0.161844,0.273155,-0.008393
1.278086,-1.081658,-0.282772,0.949790,0.739241,-0.829842,0.985333,-0.341697,-0.418796,-0.302338,0.153160,0.150024,-0.379956,0.627614,-0.112251,-0.367773,-0.611441,0.199574,-2.354681,-0.148667,1.806011,0.769490,-0.375990,0.116346,0.206409,0.009099,-0.162514,0.272850,-0.008750
1.279002,-1.079523,-0.282951,0.950523,0.741092,-0.830727,0.986182,-0.342060,-0.402389,-0.309576,0.171688,0.150665,-0.379585,0.628021,-0.112264,-0.368143,-0.611325,0.199772,-2.354671,-0.148832,1.806289,0.769477,-0.375092,0.115805,0.203914,0.009150,-0.164091,0.274530,-0.010974
1.280074,-1.078877,-0.284699,0.952450,0.739692,-0.831603,0.986699,-0.342646,-0.384739,-0.318062,0.191483,0.151930,-0.379244,0.628585,-0.112302,-0.368521,-0.611211,0.199976,-2.354665,-0.148994,1.806564,0.769468,-0.375832,0.115978,0.203537,0.007780,-0.163512,0.273932,-0.010676
1.280992,-1.076379,-0.287255,0.954338,0.741978,-0.828881,0.989273,-0.343753,-0.365213,-0.328958,0.213379,0.154455,-0.378863,0.629322,-0.112333,-0.368906,-0.611091,0.200176,-2.354652,-0.149156,1.806837,0.769461,-0.376442,0.117109,0.203017,0.009643,-0.163296,0.274039,-0.010043
1.281973,-1.073345,-0.286068,0.958821,0.741689,-0.829190,0.989272,-0.344091,-0.343355,-0.344298,0.237654,0.159047,-0.378373,0.630247,-0.112329,-0.369282,-0.610971,0.200376,-2.354646,-0.149326,1.807103,0.769455,-0.377378,0.118404,0.202099,0.007819,-0.166301,0.271775,-0.008283
1.283080,-1.069622,-0.282789,0.958664,0.741220,-0.830137,0.990273,-0.343371,-0.318148,-0.365232,0.265434,0.166600,-0.377649,0.631471,-0.112279,-0.369667,-0.610855,0.200569,-2.354637,-0.149494,1.807372,0.769446,-0.378768,0.117943,0.200115,0.008597,-0.166363,0.272252,-0.008106
1.284064,-1.067300,-0.283769,0.964712,0.742247,-0.830796,0.990473,-0.343993,-0.289155,-0.388881,0.297466,0.175339,-0.376629,0.632828,-0.112190,-0.370049,-0.610740,0.200773,-2.354624,-0.149659,1.807645,0.769431,-0.381121,0.116662,0.200710,0.009532,-0.166109,0.271932,-0.010100
1.284964,-1.066953,-0.279658,0.964794,0.745376,-0.830295,0.993613,-0.344757,-0.256590,-0.412089,0.333665,0.183052,-0.375316,0.634050,-0.112071,-0.370434,-0.610623,0.200966,-2.354616,-0.149824,1.807919,0.769424,-0.382152,0.117320,0.197927,0.008984,-0.165888,0.272162,-0.009323
1.286041,-1.063392,-0.284283,0.966180,0.742014,-0.832646,0.998088,-0.344765,-0.221083,-0.434743,0.373313,0.190747,-0.373716,0.635246,-0.111922,-0.370818,-0.610511,0.201161,-2.354614,-0.149990,1.808184,0.769418,-0.381829,0.115318,0.197960,0.006421,-0.166652,0.269294,-0.008249
1.287024,-1.068486,-0.281468,0.966034,0.742259,-0.828960,0.998650,-0.344358,-0.184186,-0.457314,0.414408,0.199358,-0.371941,0.636533,-0.111757,-0.371200,-0.610390,0.201358,-2.354595,-0.150150,1.808441,0.769407,-0.383968,0.117926,0.197746,0.010135,-0.164963,0.265526,-0.008777
1.288002,-1.069166,-0.282672,0.970002,0.741939,-0.826419,0.998513,-0.345619,-0.148073,-0.479512,0.454203,0.207316,-0.370233,0.637695,-0.111612,-0.371579,-0.610275,0.201555,-2.354586,-0.150325,1.808704,0.769398,-0.381329,0.116651,0.198071,0.010327,-0.169046,0.265492,-0.010085
1.289019,-1.069768,-0.281343,0.967284,0.742285,-0.826625,0.998054,-0.344389,-0.114895,-0.500075,0.490404,0.213058,-0.368802,0.638542,-0.111518,-0.371954,-0.610158,0.201748,-2.354575,-0.150500,1.808974,0.769392,-0.380979,0.117403,0.196329,0.011060,-0.171900,0.266067,-0.008030
1.290021,-1.070112,-0.278456,0.970531,0.743038,-0.828118,1.000531,-0.345190,-0.085809,-0.518540,0.521857,0.216527,-0.367728,0.639067,-0.111496,-0.372338,-0.610042,0.201950,-2.354565,-0.150674,1.809244,0.769375,-0.380730,0.116939,0.197995,0.011177,-0.172082,0.267049,-0.011012
1.291020,-1.074657,-0.282530,0.972505,0.743843,-0.826513,0.999451,-0.344268,-0.061386,-0.534492,0.547894,0.218069,-0.367051,0.639337,-0.111553,-0.372721,-0.609930,0.202142,-2.354555,-0.150845,1.809510,0.769368,-0.380551,0.115731,0.196685,0.010882,-0.170995,0.265056,-0.009873
1.292089,-1.073311,-0.278414,0.973034,0.744297,-0.825954,0.999162,-0.344676,-0.041594,-0.548684,0.568700,0.218854,-0.366795,0.639514,-0.111681,-0.373092,-0.609807,0.202337,-2.354545,-0.151023,1.809778,0.769350,-0.378369,0.117906,0.196004,0.010535,-0.172978,0.266662,-0.012214
1.292998,-1.074309,-0.280670,0.973616,0.744297,-0.824230,0.997675,-0.344096,-0.025971,-0.562931,0.584928,0.220096,-0.366965,0.639691,-0.111856,-0.373475,-0.609695,0.202538,-2.354534,-0.151202,1.810050,0.769339,-0.379374,0.116149,0.196174,0.010580,-0.174007,0.267557,-0.011896
1.294006,-1.070797,-0.277445,0.972927,0.745449,-0.822467,0.999103,-0.344229,-0.014176,-0.576921,0.596997,0.221471,-0.367560,0.639785,-0.112050,-0.373857,-0.609574,0.202730,-2.354523,-0.151386,1.810319,0.769324,-0.378427,0.117281,0.195976,0.010938,-0.175820,0.269346,-0.013500
1.295142,-1.074899,-0.279639,0.972179,0.745702,-0.821168,1.002935,-0.345484,-0.005609,-0.590172,0.605512,0.222733,-0.368519,0.639759,-0.112247,-0.374238,-0.609460,0.202927,-2.354515,-0.151568,1.810586,0.769311,-0.380244,0.115874,0.196624,0.010287,-0.177913,0.268408,-0.013703
1.296132,-1.074751,-0.277711,0.976904,0.746297,-0.819957,1.003163,-0.344573,-0.000003,-0.603236,0.610411,0.224662,-0.369770,0.639723,-0.112452,-0.374618,-0.609340,0.203127,-2.354504,-0.151751,1.810846,0.769303,-0.378801,0.117351,0.197619,0.010566,-0.179786,0.265386,-0.011745
1.297012,-1.073885,-0.279023,0.974926,0.746324,-0.819548,1.003585,-0.344155,0.002946,-0.616805,0.611973,0.227854,-0.371263,0.639786,-0.112681,-0.374995,-0.609224,0.203323,-2.354492,-0.151934,1.811113,0.769281,-0.378904,0.116526,0.195487,0.010382,-0.181264,0.265671,-0.014047
1.298166,-1.072013,-0.279229,0.975508,0.748432,-0.818156,1.001605,-0.343681,0.004207,-0.630802,0.611672,0.231975,-0.372930,0.639952,-0.112954,-0.375376,-0.609107,0.203525,-2.354480,-0.152117,1.811380,0.769264,-0.378784,0.117184,0.196414,0.010693,-0.181705,0.265489,-0.015274
1.299077,-1.069400,-0.277865,0.973716,0.747709,-0.818755,1.001517,-0.344351,0.004479,-0.645855,0.610191,0.237222,-0.374712,0.640247,-0.113267,-0.375762,-0.608990,0.203722,-2.354475,-0.152303,1.811653,0.769246,-0.380384,0.117701,0.196799,0.009236,-0.183703,0.268284,-0.016765
1.299995,-1.065746,-0.274427,0.975100,0.749059,-0.818528,1.001796,-0.344807,0.004186,-0.662449,0.607644,0.243759,-0.376542,0.640673,-0.113592,-0.376139,-0.608876,0.203922,-2.354463,-0.152486,1.811927,0.769231,-0.381327,0.117082,0.197714,0.010348,-0.183186,0.268618,-0.015827
1.301021,-1.066044,-0.278729,0.973576,0.748510,-0.818402,1.002710,-0.345294,0.003880,-0.678176,0.604823,0.250102,-0.378351,0.641109,-0.113899,-0.376522,-0.608764,0.204116,-2.354456,-0.152672,1.812193,0.769216,-0.382760,0.115457,0.197103,0.009428,-0.183506,0.268670,-0.015349
1.302043,-1.068122,-0.274223,0.976142,0.748310,-0.816146,1.003372,-0.344567,0.003985,-0.692113,0.602366,0.255651,-0.380096,0.641515,-0.114189,-0.376899,-0.608642,0.204317,-2.354444,-0.152854,1.812462,0.769204,-0.382772,0.117806,0.198186,0.010443,-0.183995,0.268296,-0.014873
1.303087,-1.065728,-0.273876,0.972325,0.749091,-0.815753,1.003089,-0.345062,0.004226,-0.704845,0.599987,0.260280,-0.381800,0.641854,-0.114484,-0.377281,-0.608532,0.204514,-2.354433,-0.153044,1.812734,0.769180,-0.381815,0.115795,0.197227,0.011071,-0.186536,0.268149,-0.016799
1.304112,-1.064234,-0.272169,0.975773,0.750595,-0.814679,1.003997,-0.346275,0.003853,-0.714805,0.596946,0.262989,-0.383510,0.642046,-0.114794,-0.377666,-0.608415,0.204716,-2.354423,-0.153232,1.813005,0.769164,-0.383190,0.115884,0.199502,0.010778,-0.187251,0.269015,-0.016276
1.304994,-1.060581,-0.270245,0.977330,0.752358,-0.814419,1.002585,-0.346341,0.003212,-0.721785,0.593513,0.264308,-0.385185,0.642214,-0.115087,-0.378047,-0.608302,0.204916,-2.354418,-0.153423,1.813274,0.769154,-0.384046,0.115284,0.198049,0.009853,-0.188598,0.268634,-0.014344
1.306058,-1.066691,-0.270794,0.979018,0.752459,-0.815962,1.003101,-0.346888,0.004142,-0.727101,0.591921,0.265809,-0.386660,0.642586,-0.115322,-0.378434,-0.608189,0.205109,-2.354410,-0.153612,1.813545,0.769137,-0.385270,0.114357,0.197295,0.008527,-0.188824,0.270290,-0.014634
1.307046,-1.067739,-0.268703,0.974499,0.752565,-0.815472,1.001530,-0.346745,0.007174,-0.731301,0.593103,0.268056,-0.387890,0.643204,-0.115493,-0.378810,-0.608071,0.205308,-2.354401,-0.153798,1.813820,0.769124,-0.382536,0.114915,0.196883,0.008965,-0.187670,0.270346,-0.014048
1.307977,-1.064933,-0.270597,0.979919,0.753320,-0.814480,0.999815,-0.347043,0.009809,-0.734071,0.594096,0.270251,-0.389100,0.643856,-0.115622,-0.379193,-0.607958,0.205514,-2.354392,-0.153987,1.814098,0.769110,-0.381959,0.114058,0.199321,0.009317,-0.188387,0.272349,-0.014814
1.309036,-1.066367,-0.267385,0.977235,0.753814,-0.814590,1.000036,-0.347045,0.010918,-0.735480,0.593520,0.271705,-0.390398,0.644371,-0.115723,-0.379581,-0.607842,0.205705,-2.354384,-0.154177,1.814373,0.769097,-0.382979,0.115093,0.196725,0.009030,-0.189459,0.274366,-0.014654
1.310027,-1.063820,-0.265088,0.976356,0.754560,-0.815484,0.999201,-0.348311,0.011854,-0.736374,0.593148,0.272629,-0.391664,0.644763,-0.115788,-0.379961,-0.607730,0.205907,-2.354375,-0.154369,1.814648,0.769081,-0.382527,0.113799,0.198492,0.009063,-0.189671,0.274704,-0.015159
1.310977,-1.067545,-0.261040,0.975664,0.754513,-0.818720,0.998673,-0.348679,0.012494,-0.735747,0.592809,0.272702,-0.392863,0.645032,-0.115808,-0.380352,-0.607620,0.206109,-2.354368,-0.154558,1.814931,0.769072,-0.383667,0.112887,0.199119,0.008823,-0.188983,0.275935,-0.013093
1.312027,-1.073277,-0.260281,0.974561,0.755433,-0.819243,0.998315,-0.348969,0.011492,-0.731149,0.590911,0.270795,-0.394073,0.645090,-0.115802,-0.380732,-0.607512,0.206307,-2.354358,-0.154735,1.815204,0.769061,-0.381549,0.111065,0.199603,0.009312,-0.185971,0.276813,-0.012833
1.312994,-1.071843,-0.265440,0.972676,0.755866,-0.821067,0.997806,-0.348493,0.007009,-0.721187,0.585491,0.266219,-0.395436,0.644882,-0.115818,-0.381105,-0.607402,0.206510,-2.354351,-0.154924,1.815486,0.769048,-0.379016,0.111036,0.200501,0.008942,-0.185817,0.277689,-0.012764
1.313998,-1.071027,-0.262297,0.971183,0.755947,-0.822306,0.995876,-0.348928,-0.001905,-0.709037,0.575179,0.260710,-0.397047,0.644563,-0.115892,-0.381487,-0.607280,0.206711,-2.354342,-0.155103,1.815765,0.769030,-0.379595,0.113707,0.201589,0.008972,-0.184238,0.278555,-0.014175
1.315172,-1.072167,-0.265495,0.974138,0.757162,-0.823507,0.995996,-0.349520,-0.014101,-0.698977,0.560930,0.256245,-0.398827,0.644293,-0.116023,-0.381863,-0.607171,0.206915,-2.354333,-0.155285,1.816049,0.769017,-0.380093,0.112365,0.202543,0.009378,-0.183322,0.280911,-0.013769
1.316188,-1.070449,-0.263960,0.971511,0.757217,-0.826165,0.995775,-0.349851,-0.027789,-0.692164,0.544930,0.253184,-0.400628,0.644086,-0.116183,-0.382245,-0.607054,0.207114,-2.354326,-0.155465,1.816335,0.769007,-0.380299,0.114452,0.201756,0.008803,-0.182812,0.281523,-0.013166
1.317000,-1.069734,-0.265351,0.974489,0.758642,-0.827055,0.998340,-0.349182,-0.041601,-0.689398,0.528976,0.252008,-0.402349,0.643978,-0.116355,-0.382629,-0.606941,0.207320,-2.354317,-0.155638,1.816615,0.768996,-0.381213,0.113910,0.203317,0.009251,-0.180565,0.282197,-0.013006
1.317992,-1.068318,-0.261884,0.974365,0.758271,-0.828443,0.998141,-0.349205,-0.054881,-0.690590,0.514041,0.253027,-0.403972,0.644041,-0.116545,-0.383004,-0.606828,0.207518,-2.354312,-0.155817,1.816895,0.768980,-0.380766,0.114531,0.201570,0.008267,-0.179626,0.279628,-0.014732
1.319071,-1.071170,-0.257117,0.978863,0.758572,-0.829899,0.996959,-0.350136,-0.067145,-0.693899,0.501200,0.255647,-0.405492,0.644313,-0.116749,-0.383387,-0.606717,0.207717,-2.354301,-0.155996,1.817176,0.768964,-0.381432,0.113018,0.201881,0.009069,-0.178544,0.280257,-0.015135
1.319983,-1.065150,-0.258314,0.971255,0.759311,-0.831589,0.995687,-0.350231,-0.078502,-0.695219,0.491091,0.257408,-0.406952,0.644597,-0.116925,-0.383762,-0.606609,0.207914,-2.354290,-0.156168,1.817464,0.768951,-0.380424,0.111030,0.200110,0.009253,-0.177666,0.281987,-0.013780
1.321058,-1.068364,-0.255985,0.972445,0.760467,-0.832205,0.997825,-0.350921,-0.089906,-0.692013,0.482729,0.256614,-0.408453,0.644664,-0.117034,-0.384150,-0.606496,0.208127,-2.354283,-0.156341,1.817755,0.768938,-0.382984,0.111740,0.203815,0.008973,-0.176170,0.283427,-0.014039
1.322044,-1.073275,-0.256838,0.971021,0.759853,-0.833105,1.000474,-0.350286,-0.102579,-0.685995,0.473865,0.254524,-0.410108,0.644554,-0.117081,-0.384531,-0.606387,0.208330,-2.354276,-0.156515,1.818035,0.768926,-0.381678,0.110949,0.203587,0.008393,-0.176115,0.281840,-0.013173
1.322988,-1.072661,-0.253538,0.968456,0.761007,-0.833571,1.001018,-0.350882,-0.117904,-0.678621,0.462468,0.252240,-0.412037,0.644349,-0.117091,-0.384902,-0.606276,0.208538,-2.354265,-0.156690,1.818312,0.768906,-0.379274,0.111608,0.204425,0.009451,-0.175557,0.279591,-0.014911
1.324103,-1.077673,-0.252372,0.969843,0.760863,-0.836118,1.001705,-0.350574,-0.137028,-0.669732,0.447182,0.249647,-0.414345,0.644041,-0.117079,-0.385285,-0.606170,0.208750,-2.354258,-0.156865,1.818592,0.768892,-0.379337,0.110157,0.205674,0.008782,-0.175349,0.279371,-0.014144
1.324986,-1.073645,-0.250223,0.967464,0.763302,-0.836667,1.001626,-0.350726,-0.160110,-0.658547,0.427774,0.246284,-0.417039,0.643616,-0.117041,-0.385663,-0.606059,0.208954,-2.354248,-0.157032,1.818869,0.768876,-0.377373,0.110012,0.205465,0.009468,-0.173480,0.279372,-0.015309
1.325966,-1.074360,-0.246902,0.966931,0.764133,-0.839744,1.002869,-0.350813,-0.186061,-0.645176,0.405473,0.242404,-0.419993,0.643166,-0.116974,-0.386041,-0.605951,0.209163,-2.354243,-0.157204,1.819152,0.768859,-0.378923,0.109030,0.206493,0.007507,-0.173098,0.279611,-0.015394
1.327122,-1.077317,-0.245868,0.967855,0.762781,-0.843303,1.004168,-0.351084,-0.213303,-0.630243,0.381838,0.239008,-0.423004,0.642887,-0.116876,-0.386422,-0.605846,0.209368,-2.354235,-0.157370,1.819428,0.768844,-0.378464,0.107649,0.206883,0.007187,-0.170418,0.278761,-0.015685
1.328128,-1.076374,-0.243522,0.967271,0.764240,-0.844558,1.004770,-0.351365,-0.240965,-0.613146,0.357754,0.235425,-0.425961,0.642730,-0.116749,-0.386795,-0.605739,0.209576,-2.354224,-0.157532,1.819704,0.768829,-0.377786,0.107689,0.206979,0.009092,-0.167693,0.278236,-0.015697
1.329010,-1.071135,-0.246068,0.969504,0.763790,-0.843747,1.004881,-0.350193,-0.268440,-0.593648,0.333893,0.230430,-0.428823,0.642510,-0.116604,-0.387176,-0.605636,0.209786,-2.354216,-0.157697,1.819984,0.768813,-0.378300,0.106855,0.207421,0.008129,-0.166945,0.278071,-0.015604
1.330042,-1.071185,-0.249168,0.968810,0.765928,-0.845577,1.008012,-0.351685,-0.293631,-0.573803,0.312509,0.224833,-0.431416,0.642273,-0.116444,-0.387562,-0.605525,0.209990,-2.354205,-0.157865,1.820261,0.768790,-0.380345,0.108213,0.206174,0.008938,-0.167962,0.278153,-0.018353
1.331027,-1.071185,-0.246753,0.969531,0.764899,-0.848488,1.011349,-0.351101,-0.313972,-0.558126,0.296180,0.221223,-0.433522,0.642252,-0.116261,-0.387938,-0.605413,0.210198,-2.354201,-0.158031,1.820534,0.768781,-0.380512,0.110051,0.206765,0.007407,-0.166643,0.275527,-0.015831
1.331966,-1.073834,-0.241139,0.964329,0.764722,-0.849366,1.012598,-0.351405,-0.329207,-0.548925,0.284810,0.221157,-0.435121,0.642587,-0.116058,-0.388317,-0.605306,0.210401,-2.354189,-0.158188,1.820800,0.768757,-0.380468,0.109086,0.206567,0.008852,-0.164248,0.272660,-0.017470
1.333046,-1.079758,-0.241717,0.968527,0.765294,-0.850938,1.012447,-0.351140,-0.341905,-0.541459,0.275492,0.222004,-0.436433,0.643015,-0.115871,-0.388688,-0.605205,0.210615,-2.354178,-0.158351,1.821072,0.768741,-0.378967,0.106532,0.209111,0.009405,-0.163745,0.271776,-0.017277
1.334074,-1.085878,-0.240295,0.964568,0.764709,-0.852945,1.010858,-0.351068,-0.354981,-0.530591,0.265141,0.220766,-0.437724,0.643240,-0.115744,-0.389060,-0.605097,0.210819,-2.354168,-0.158513,1.821347,0.768720,-0.376475,0.107268,0.207388,0.009350,-0.162849,0.272564,-0.018315
1.335218,-1.083427,-0.236436,0.962832,0.766529,-0.856703,1.010096,-0.350253,-0.370089,-0.516213,0.252000,0.217068,-0.439173,0.643213,-0.115706,-0.389432,-0.604994,0.211032,-2.354155,-0.158668,1.821623,0.768699,-0.373648,0.106921,0.209563,0.010340,-0.161464,0.274667,-0.018915
1.336046,-1.082272,-0.239701,0.960587,0.766828,-0.856339,1.009368,-0.350978,-0.387949,-0.498895,0.235000,0.211107,-0.440870,0.642959,-0.115777,-0.389807,-0.604892,0.211247,-2.354148,-0.158823,1.821903,0.768673,-0.375659,0.105564,0.210875,0.009140,-0.158576,0.276151,-0.021065
1.336998,-1.088256,-0.236072,0.962780,0.768925,-0.858225,1.009641,-0.350899,-0.407234,-0.480219,0.215159,0.204252,-0.442715,0.642659,-0.115949,-0.390186,-0.604781,0.211460,-2.354140,-0.158982,1.822178,0.768655,-0.375453,0.107202,0.211624,0.009239,-0.159143,0.276961,-0.019951
1.337981,-1.085647,-0.233323,0.959928,0.768081,-0.857373,1.009455,-0.350072,-0.426248,-0.462689,0.194330,0.198513,-0.444559,0.642545,-0.116205,-0.390550,-0.604677,0.211668,-2.354134,-0.159135,1.822454,0.768633,-0.372424,0.105618,0.210524,0.007643,-0.157727,0.277025,-0.020544
1.339083,-1.081544,-0.233595,0.964543,0.770264,-0.861035,1.012205,-0.350661,-0.444579,-0.445329,0.173318,0.193760,-0.446338,0.642618,-0.116536,-0.390929,-0.604575,0.211885,-2.354122,-0.159295,1.822735,0.768605,-0.373724,0.104568,0.211980,0.008908,-0.159087,0.277595,-0.022626
1.340090,-1.082070,-0.232499,0.965247,0.769983,-0.865271,1.013138,-0.350474,-0.460164,-0.427546,0.154677,0.189602,-0.447875,0.642868,-0.116924,-0.391312,-0.604469,0.212091,-2.354118,-0.159442,1.823004,0.768583,-0.376228,0.105187,0.210079,0.007365,-0.156257,0.275522,-0.021920
1.341044,-1.074758,-0.232346,0.967217,0.770025,-0.866437,1.014143,-0.351070,-0.470026,-0.411647,0.141912,0.187152,-0.448949,0.643451,-0.117332,-0.391681,-0.604363,0.212301,-2.354107,-0.159589,1.823276,0.768559,-0.376114,0.104945,0.209891,0.008117,-0.152683,0.275085,-0.022749
1.342015,-1.072518,-0.231254,0.969013,0.770021,-0.868994,1.012532,-0.350804,-0.472850,-0.398623,0.136738,0.186381,-0.449497,0.644351,-0.117723,-0.392068,-0.604260,0.212508,-2.354098,-0.159741,1.823550,0.768540,-0.379532,0.105149,0.208943,0.008511,-0.152052,0.274442,-0.021972
1.343125,-1.075391,-0.226985,0.966969,0.773167,-0.872346,1.012108,-0.351620,-0.467966,-0.388177,0.140092,0.186238,-0.449521,0.645423,-0.118074,-0.392450,-0.604155,0.212713,-2.354086,-0.159882,1.823827,0.768516,-0.380478,0.104867,0.208144,0.008925,-0.150130,0.276458,-0.022941
1.344096,-1.073063,-0.228006,0.970124,0.772063,-0.875546,1.012608,-0.350920,-0.456892,-0.379435,0.150083,0.186556,-0.449179,0.646630,-0.118393,-0.392825,-0.604056,0.212926,-2.354083,-0.160027,1.824111,0.768495,-0.379616,0.103290,0.209578,0.006445,-0.147678,0.277506,-0.021798
1.345043,-1.071611,-0.223423,0.968974,0.773405,-0.874136,1.010121,-0.351649,-0.442487,-0.371556,0.163187,0.187615,-0.448719,0.647994,-0.118716,-0.393207,-0.603951,0.213130,-2.354070,-0.160166,1.824385,0.768466,-0.380648,0.104086,0.208092,0.007955,-0.145146,0.277386,-0.023628
1.346003,-1.074436,-0.222113,0.967621,0.775320,-0.876327,1.009917,-0.352840,-0.425698,-0.363791,0.178506,0.188663,-0.448223,0.649426,-0.119056,-0.393585,-0.603852,0.213340,-2.354064,-0.160319,1.824670,0.768447,-0.381160,0.102071,0.208673,0.007093,-0.147083,0.280180,-0.022570
1.347057,-1.075354,-0.222335,0.971301,0.774941,-0.878709,1.012276,-0.352522,-0.407916,-0.354909,0.194540,0.189197,-0.447748,0.650842,-0.119406,-0.393962,-0.603751,0.213554,-2.354059,-0.160463,1.824950,0.768430,-0.379598,0.101742,0.209322,0.005727,-0.145454,0.280701,-0.020620
1.347949,-1.069393,-0.223751,0.970401,0.775627,-0.879000,1.014086,-0.353593,-0.390759,-0.345391,0.209388,0.189951,-0.447374,0.652292,-0.119770,-0.394346,-0.603649,0.213756,-2.354050,-0.160605,1.825224,0.768403,-0.379366,0.102300,0.207822,0.006641,-0.143899,0.278892,-0.021743
1.349054,-1.068543,-0.220232,0.972358,0.777094,-0.878418,1.014612,-0.352836,-0.373316,-0.337576,0.224204,0.191696,-0.447030,0.653864,-0.120147,-0.394731,-0.603546,0.213965,-2.354044,-0.160747,1.825500,0.768388,-0.381843,0.103181,0.208136,0.006443,-0.144092,0.277300,-0.019988
1.350047,-1.071412,-0.223623,0.973274,0.774749,-0.881298,1.014485,-0.353628,-0.353883,-0.332844,0.240865,0.195068,-0.446551,0.655675,-0.120528,-0.395121,-0.603447,0.214169,-2.354040,-0.160893,1.825775,0.768363,-0.382624,0.101950,0.207633,0.005634,-0.145579,0.277466,-0.022024
1.350966,-1.068419,-0.226119,0.974237,0.776638,-0.885973,1.012285,-0.353677,-0.332588,-0.330654,0.259225,0.199300,-0.445880,0.657601,-0.120910,-0.395497,-0.603341,0.214375,-2.354027,-0.161032,1.826053,0.768346,-0.381198,0.103977,0.207323,0.008407,-0.143381,0.278015,-0.020870
1.351991,-1.066369,-0.223900,0.980363,0.775829,-0.887287,1.014245,-0.355040,-0.310350,-0.331933,0.278231,0.203639,-0.445054,0.659390,-0.121283,-0.395883,-0.603235,0.214583,-2.354024,-0.161168,1.826339,0.768323,-0.382291,0.105398,0.206783,0.007027,-0.139279,0.280450,-0.021186
1.353027,-1.062574,-0.225059,0.980941,0.776661,-0.888044,1.014420,-0.354458,-0.286347,-0.337793,0.299049,0.208449,-0.444018,0.661008,-0.121621,-0.396271,-0.603133,0.214783,-2.354014,-0.161304,1.826615,0.768307,-0.383352,0.104664,0.204009,0.008333,-0.138812,0.278947,-0.018914
1.354070,-1.060106,-0.223851,0.979183,0.777545,-0.887854,1.014226,-0.355070,-0.258973,-0.346918,0.324074,0.213360,-0.442673,0.662482,-0.121912,-0.396659,-0.603026,0.214988,-2.354008,-0.161444,1.826894,0.768284,-0.385343,0.105609,0.204026,0.008066,-0.138860,0.279292,-0.020577
1.355061,-1.062279,-0.224061,0.978786,0.777775,-0.890018,1.013853,-0.355162,-0.228543,-0.358470,0.352816,0.218442,-0.441057,0.663852,-0.122175,-0.397050,-0.602923,0.215195,-2.354002,-0.161586,1.827179,0.768265,-0.386644,0.105396,0.205195,0.007777,-0.139852,0.279974,-0.019809
1.356065,-1.063802,-0.221416,0.983454,0.780317,-0.893651,1.014887,-0.354473,-0.197520,-0.371684,0.381972,0.223914,-0.439360,0.665121,-0.122435,-0.397429,-0.602815,0.215399,-2.353994,-0.161721,1.827458,0.768243,-0.385525,0.105779,0.205559,0.008043,-0.138422,0.280754,-0.020077
1.357077,-1.060808,-0.221338,0.978840,0.779856,-0.895888,1.017402,-0.355116,-0.168083,-0.385129,0.409277,0.229706,-0.437756,0.666323,-0.122703,-0.397812,-0.602713,0.215601,-2.353991,-0.161854,1.827739,0.768217,-0.384754,0.104802,0.203428,0.006119,-0.135579,0.280133,-0.021898
1.357990,-1.062269,-0.223316,0.979950,0.781041,-0.896516,1.015858,-0.354865,-0.141097,-0.397830,0.434133,0.236056,-0.436339,0.667589,-0.122982,-0.398203,-0.602608,0.215810,-2.353983,-0.161984,1.828014,0.768199,-0.386222,0.105115,0.205952,0.007121,-0.134208,0.278079,-0.021054
1.358979,-1.058667,-0.218572,0.980332,0.781497,-0.897602,1.015023,-0.354239,-0.117369,-0.410100,0.455466,0.243007,-0.435223,0.668945,-0.123266,-0.398584,-0.602500,0.216016,-2.353979,-0.162122,1.828295,0.768176,-0.385060,0.106256,0.205312,0.006446,-0.134146,0.279896,-0.021966
1.360055,-1.062663,-0.220031,0.980894,0.782414,-0.900959,1.012752,-0.354835,-0.096984,-0.421790,0.473274,0.250045,-0.434453,0.670313,-0.123554,-0.398974,-0.602400,0.216222,-2.353972,-0.162256,1.828579,0.768148,-0.386741,0.104215,0.205266,0.006533,-0.133815,0.281097,-0.023642
1.361107,-1.060103,-0.218876,0.980371,0.781506,-0.902144,1.013526,-0.355938,-0.079659,-0.431427,0.488311,0.256143,-0.434000,0.671564,-0.123837,-0.399359,-0.602293,0.216429,-2.353966,-0.162382,1.828867,0.768127,-0.385016,0.105392,0.205356,0.006213,-0.131467,0.283922,-0.022914
1.362047,-1.060446,-0.219060,0.981401,0.783227,-0.904581,1.013917,-0.355856,-0.065659,-0.438953,0.500357,0.260678,-0.433877,0.672553,-0.124082,-0.399742,-0.602189,0.216637,-2.353956,-0.162513,1.829152,0.768109,-0.386537,0.105210,0.205907,0.007625,-0.131220,0.283616,-0.021184
1.363163,-1.055716,-0.218620,0.984448,0.786339,-0.904062,1.013327,-0.356276,-0.054632,-0.445179,0.509788,0.263774,-0.434040,0.673266,-0.124271,-0.400131,-0.602082,0.216840,-2.353951,-0.162636,1.829434,0.768085,-0.385980,0.105511,0.205433,0.006426,-0.129540,0.283512,-0.021777
1.364007,-1.055988,-0.215140,0.984730,0.785068,-0.904535,1.011400,-0.356494,-0.044798,-0.452108,0.518612,0.267540,-0.434317,0.673996,-0.124421,-0.400521,-0.601976,0.217042,-2.353950,-0.162770,1.829724,0.768060,-0.388805,0.105768,0.204427,0.004064,-0.131119,0.284719,-0.021424
1.365005,-1.058101,-0.212965,0.987373,0.786445,-0.905305,1.012472,-0.356096,-0.034508,-0.460151,0.528883,0.272899,-0.434564,0.674891,-0.124551,-0.400909,-0.601875,0.217249,-2.353940,-0.162904,1.830018,0.768040,-0.387838,0.104129,0.204044,0.005718,-0.131081,0.286665,-0.021358
1.366029,-1.057536,-0.212245,0.987024,0.786749,-0.907079,1.013109,-0.356902,-0.024411,-0.465834,0.540315,0.277389,-0.434828,0.675685,-0.124673,-0.401296,-0.601771,0.217446,-2.353936,-0.163034,1.830299,0.768014,-0.386698,0.103376,0.202992,0.004900,-0.131130,0.285977,-0.022597
1.366995,-1.057220,-0.211099,0.988234,0.787303,-0.909596,1.012927,-0.357502,-0.015744,-0.467671,0.551570,0.279981,-0.435203,0.676288,-0.124785,-0.401684,-0.601668,0.217652,-2.353927,-0.163164,1.830582,0.767993,-0.387033,0.103406,0.203421,0.005117,-0.130223,0.285799,-0.021422
1.368087,-1.063769,-0.208897,0.992663,0.787896,-0.910364,1.012097,-0.358031,-0.008751,-0.466869,0.562015,0.281271,-0.435718,0.676781,-0.124882,-0.402073,-0.601565,0.217852,-2.353922,-0.163287,1.830868,0.767975,-0.386930,0.103124,0.202961,0.005117,-0.128523,0.286301,-0.020666
1.369034,-1.060790,-0.210502,0.991768,0.786851,-0.910714,1.010738,-0.356962,-0.003610,-0.463774,0.571412,0.281119,-0.436422,0.677147,-0.124980,-0.402451,-0.601463,0.218052,-2.353918,-0.163416,1.831160,0.767955,-0.384094,0.102513,0.201218,0.005194,-0.128799,0.287681,-0.020112
1.369964,-1.059423,-0.209638,0.992745,0.789779,-0.911886,1.010155,-0.357535,-0.000366,-0.458628,0.579793,0.279032,-0.437353,0.677322,-0.125118,-0.402839,-0.601359,0.218256,-2.353908,-0.163547,1.831455,0.767930,-0.385301,0.103576,0.201748,0.006674,-0.129146,0.289264,-0.022685
1.371127,-1.064135,-0.208216,0.998313,0.790536,-0.911933,1.008239,-0.356814,0.001767,-0.453423,0.587605,0.275946,-0.438464,0.677407,-0.125323,-0.403229,-0.601254,0.218455,-2.353908,-0.163675,1.831743,0.767908,-0.385548,0.103345,0.201321,0.004347,-0.128662,0.290063,-0.021912
1.372134,-1.063724,-0.205882,0.996632,0.790503,-0.910768,1.008988,-0.356210,0.003833,-0.449998,0.595697,0.273827,-0.439656,0.677659,-0.125597,-0.403608,-0.601149,0.218650,-2.353902,-0.163809,1.832040,0.767882,-0.383950,0.103208,0.199265,0.004276,-0.129765,0.292663,-0.023899
1.373043,-1.063412,-0.206818,0.997584,0.790093,-0.910468,1.009206,-0.356255,0.005880,-0.447475,0.604184,0.272523,-0.440886,0.678079,-0.125941,-0.403994,-0.601048,0.218854,-2.353897,-0.163945,1.832336,0.767857,-0.384148,0.102410,0.200348,0.004905,-0.131711,0.292222,-0.025539
1.374081,-1.057192,-0.209350,1.003827,0.791694,-0.910997,1.010865,-0.355908,0.007338,-0.444359,0.612207,0.270661,-0.442152,0.678498,-0.126356,-0.404378,-0.600943,0.219050,-2.353890,-0.164079,1.832627,0.767829,-0.383844,0.103070,0.199908,0.005772,-0.132591,0.292169,-0.025809
1.375051,-1.054073,-0.207611,1.000635,0.793237,-0.912493,1.009417,-0.356649,0.016450,-0.445471,0.635017,0.270009,-0.444049,0.679913,-0.127276,-0.405159,-0.600732,0.219440,-2.353885,-0.164343,1.833213,0.767776,-0.388346,0.104084,0.199034,0.003910,-0.132170,0.292685,-0.025864
1.376046,-1.055487,-0.209360,1.002568,0.792979,-0.912349,1.008093,-0.356433,0.016450,-0.445471,0.635017,0.270009,-0.444049,0.679913,-0.127276,-0.405159,-0.600732,0.219440,-2.353885,-0.164343,1.833213,0.767776,-0.388346,0.104084,0.199034,0.003910,-0.132170,0.292685,-0.025864
1.377228,-1.061288,-0.208631,0.999238,0.792341,-0.916002,1.007022,-0.357417,0.025911,-0.452743,0.651174,0.273724,-0.444503,0.681129,-0.127711,-0.405539,-0.600623,0.219638,-2.353879,-0.164478,1.833513,0.767749,-0.387612,0.105244,0.198307,0.004715,-0.133095,0.294297,-0.026738
1.377988,-1.061959,-0.205842,1.005222,0.792382,-0.915463,1.008244,-0.357167,0.034852,-0.462458,0.665779,0.278266,-0.444935,0.682274,-0.128121,-0.405920,-0.600519,0.219844,-2.353869,-0.164606,1.833815,0.767727,-0.385537,0.105485,0.200654,0.005954,-0.130642,0.296042,-0.025287
1.379049,-1.060785,-0.203545,0.999883,0.794676,-0.917053,1.006453,-0.357735,0.040603,-0.471531,0.676167,0.281212,-0.445585,0.683019,-0.128515,-0.406302,-0.600416,0.220032,-2.353863,-0.164741,1.834109,0.767700,-0.384097,0.104039,0.197363,0.006282,-0.131478,0.294623,-0.026108
1.380086,-1.059493,-0.202615,1.002390,0.794289,-0.915817,1.006242,-0.357286,0.042777,-0.477327,0.682459,0.281811,-0.446489,0.683384,-0.128895,-0.406688,-0.600315,0.220239,-2.353861,-0.164869,1.834410,0.767676,-0.384930,0.103361,0.200414,0.004657,-0.130847,0.296874,-0.025425
1.381110,-1.063810,-0.200205,1.002580,0.796486,-0.917350,1.005702,-0.357365,0.041886,-0.479861,0.685091,0.280979,-0.447593,0.683559,-0.129257,-0.407076,-0.600210,0.220436,-2.353852,-0.165002,1.834709,0.767649,-0.385662,0.103272,0.199506,0.005592,-0.132979,0.297455,-0.026786
1.382056,-1.064221,-0.201381,1.000187,0.795162,-0.916811,1.005494,-0.358410,0.038432,-0.479903,0.684495,0.279363,-0.448828,0.683653,-0.129600,-0.407453,-0.600108,0.220636,-2.353852,-0.165131,1.835013,0.767622,-0.383645,0.102451,0.199732,0.004083,-0.132307,0.298326,-0.027055
1.383014,-1.065401,-0.200855,0.997285,0.795973,-0.918814,1.004843,-0.358429,0.031966,-0.478056,0.680149,0.277173,-0.450204,0.683686,-0.129916,-0.407834,-0.600004,0.220840,-2.353843,-0.165268,1.835315,0.767600,-0.383197,0.103300,0.200984,0.005870,-0.133495,0.298699,-0.025361
1.384088,-1.065330,-0.200722,0.997499,0.798685,-0.919923,1.004483,-0.358056,0.021391,-0.475226,0.670439,0.274259,-0.451813,0.683562,-0.130192,-0.408220,-0.599900,0.221047,-2.353839,-0.165398,1.835613,0.767573,-0.382365,0.103289,0.202494,0.005610,-0.132206,0.299582,-0.025746
1.385085,-1.063880,-0.199094,0.996850,0.797430,-0.923436,1.002715,-0.357406,0.006817,-0.473136,0.655168,0.271756,-0.453662,0.683352,-0.130429,-0.408601,-0.599794,0.221251,-2.353839,-0.165530,1.835917,0.767544,-0.382747,0.103652,0.202769,0.003639,-0.132071,0.300376,-0.026955
1.385970,-1.059584,-0.201717,0.994013,0.798467,-0.923785,1.003681,-0.358201,-0.010367,-0.472842,0.636022,0.270661,-0.455662,0.683140,-0.130629,-0.408990,-0.599694,0.221454,-2.353830,-0.165656,1.836222,0.767512,-0.383366,0.103202,0.203299,0.005404,-0.129390,0.302424,-0.028665
1.387032,-1.063435,-0.199940,0.990912,0.799215,-0.925614,1.002886,-0.357926,-0.028576,-0.474425,0.615028,0.270289,-0.457743,0.682808,-0.130775,-0.409376,-0.599586,0.221661,-2.353826,-0.165785,1.836520,0.767487,-0.384948,0.104640,0.204577,0.004869,-0.129655,0.301502,-0.027417
1.387987,-1.062164,-0.197107,0.992829,0.799007,-0.927122,1.004929,-0.357828,-0.047600,-0.478579,0.592190,0.270849,-0.459923,0.682348,-0.130858,-0.409762,-0.599484,0.221873,-2.353820,-0.165912,1.836825,0.767458,-0.383217,0.104177,0.206403,0.004731,-0.128800,0.302719,-0.028438
1.389089,-1.064175,-0.197571,0.988601,0.800837,-0.927198,1.005229,-0.356905,-0.068046,-0.483813,0.566959,0.271809,-0.462261,0.681736,-0.130893,-0.410151,-0.599382,0.222076,-2.353814,-0.166044,1.837120,0.767428,-0.383568,0.103039,0.205509,0.005472,-0.128003,0.300879,-0.029018
1.390072,-1.064185,-0.197237,0.990973,0.801183,-0.927793,1.007567,-0.357815,-0.112239,-0.493486,0.511697,0.273740,-0.467257,0.680278,-0.130899,-0.410917,-0.599175,0.222496,-2.353804,-0.166302,1.837719,0.767365,-0.382903,0.103927,0.206908,0.004510,-0.129182,0.299029,-0.029882
1.391109,-1.061881,-0.191656,0.986320,0.801901,-0.927885,1.009870,-0.356849,-0.112239,-0.493486,0.511697,0.273740,-0.467257,0.680278,-0.130899,-0.410917,-0.599175,0.222496,-2.353804,-0.166302,1.837719,0.767365,-0.382903,0.103927,0.206908,0.004510,-0.129182,0.299029,-0.029882
1.392003,-1.062275,-0.192320,0.982526,0.802933,-0.925819,1.011230,-0.357802,-0.134745,-0.498730,0.483247,0.275822,-0.469746,0.679732,-0.130894,-0.411305,-0.599079,0.222708,-2.353800,-0.166431,1.838010,0.767326,-0.384160,0.101591,0.209469,0.004410,-0.130012,0.297160,-0.032250
1.393149,-1.063097,-0.190833,0.980338,0.801979,-0.929616,1.012047,-0.357729,-0.157540,-0.501939,0.454302,0.277763,-0.472181,0.679295,-0.130891,-0.411685,-0.598975,0.222925,-2.353798,-0.166567,1.838307,0.767299,-0.383469,0.102116,0.211114,0.003936,-0.132630,0.295904,-0.030671
1.394075,-1.060672,-0.195904,0.979541,0.802257,-0.929228,1.012931,-0.357520,-0.181493,-0.503145,0.423629,0.279303,-0.474609,0.678865,-0.130902,-0.412069,-0.598873,0.223138,-2.353788,-0.166690,1.838598,0.767266,-0.383699,0.101942,0.212690,0.005482,-0.129991,0.295756,-0.031319
1.395020,-1.056287,-0.194154,0.975704,0.802923,-0.931751,1.011840,-0.358021,-0.205959,-0.504666,0.391942,0.280525,-0.477005,0.678359,-0.130946,-0.412451,-0.598762,0.223352,-2.353782,-0.166824,1.838895,0.767232,-0.384580,0.104641,0.212958,0.005690,-0.131034,0.295035,-0.032091
1.396099,-1.058314,-0.191111,0.976577,0.803979,-0.933225,1.012218,-0.357739,-0.229149,-0.509427,0.361234,0.282377,-0.479240,0.677857,-0.131031,-0.412839,-0.598659,0.223571,-2.353778,-0.166949,1.839193,0.767201,-0.386440,0.103989,0.214755,0.005576,-0.129246,0.296341,-0.031455
1.397090,-1.059110,-0.189740,0.981924,0.805186,-0.936565,1.012376,-0.358458,-0.250299,-0.516714,0.332535,0.284837,-0.481235,0.677383,-0.131150,-0.413227,-0.598557,0.223784,-2.353774,-0.167076,1.839487,0.767165,-0.385683,0.102938,0.214596,0.005186,-0.128799,0.296457,-0.032468
1.398116,-1.061940,-0.190489,0.979863,0.804327,-0.937375,1.017413,-0.358142,-0.268935,-0.523895,0.307148,0.287101,-0.482946,0.676884,-0.131271,-0.413605,-0.598456,0.223990,-2.353769,-0.167200,1.839782,0.767136,-0.385292,0.102616,0.212050,0.004538,-0.126310,0.296611,-0.031419
1.399063,-1.061614,-0.187994,0.974646,0.805236,-0.938958,1.020552,-0.358837,-0.284607,-0.530525,0.286235,0.289072,-0.484366,0.676342,-0.131365,-0.413989,-0.598352,0.224207,-2.353760,-0.167326,1.840062,0.767101,-0.383945,0.103372,0.213236,0.005919,-0.126437,0.292000,-0.032479
1.400014,-1.064820,-0.187741,0.976790,0.804963,-0.939875,1.022561,-0.359235,-0.314128,-0.540895,0.248375,0.291715,-0.486954,0.674989,-0.131501,-0.414753,-0.598148,0.224644,-2.353748,-0.167575,1.840633,0.767040,-0.382024,0.102536,0.214523,0.006315,-0.125480,0.287447,-0.031046
1.400984,-1.063606,-0.183650,0.972960,0.807369,-0.940571,1.022939,-0.358736,-0.330062,-0.543036,0.228693,0.292146,-0.488273,0.674210,-0.131589,-0.415138,-0.598050,0.224862,-2.353748,-0.167699,1.840917,0.767003,-0.382465,0.100823,0.216416,0.004558,-0.125601,0.287418,-0.032430
1.402104,-1.066881,-0.182474,0.967245,0.806424,-0.942680,1.024036,-0.359222,-0.347693,-0.542153,0.207154,0.291889,-0.489664,0.673376,-0.131709,-0.415518,-0.597949,0.225087,-2.353737,-0.167824,1.841205,0.766974,-0.381386,0.100806,0.219546,0.006046,-0.124616,0.286942,-0.031922
1.403015,-1.070203,-0.181311,0.968591,0.807482,-0.944546,1.026162,-0.360230,-0.347693,-0.542153,0.207154,0.291889,-0.489664,0.673376,-0.131709,-0.415518,-0.597949,0.225087,-2.353737,-0.167824,1.841205,0.766974,-0.381386,0.100806,0.219546,0.006046,-0.124616,0.286942,-0.031922
1.403978,-1.067580,-0.179344,0.971765,0.809042,-0.946025,1.025392,-0.361324,-0.368202,-0.538031,0.182064,0.290504,-0.491255,0.672417,-0.131842,-0.415894,-0.597848,0.225306,-2.353730,-0.167947,1.841491,0.766946,-0.379366,0.100454,0.218620,0.005449,-0.123449,0.284999,-0.030265
1.405014,-1.068798,-0.179187,0.972990,0.806747,-0.945058,1.026558,-0.360311,-0.389788,-0.531781,0.156001,0.288474,-0.492960,0.671461,-0.131967,-0.416280,-0.597749,0.225520,-2.353729,-0.168068,1.841777,0.766918,-0.380478,0.099793,0.217005,0.004530,-0.122811,0.286112,-0.028478
1.405990,-1.061608,-0.178912,0.971371,0.809996,-0.946384,1.026709,-0.360766,-0.409085,-0.524315,0.133569,0.285738,-0.494576,0.670581,-0.132086,-0.416657,-0.597650,0.225736,-2.353716,-0.168196,1.842063,0.766882,-0.380078,0.100175,0.216556,0.007256,-0.124719,0.285391,-0.030952
1.407045,-1.061746,-0.175535,0.971364,0.810866,-0.947598,1.029815,-0.360126,-0.424009,-0.517034,0.117137,0.282304,-0.495986,0.669777,-0.132217,-0.417047,-0.597550,0.225953,-2.353715,-0.168318,1.842347,0.766854,-0.383489,0.100370,0.217357,0.004620,-0.124220,0.285593,-0.030420
1.408113,-1.062033,-0.174064,0.976084,0.809925,-0.949713,1.032280,-0.360783,-0.433601,-0.511872,0.107131,0.280180,-0.497098,0.669287,-0.132368,-0.417426,-0.597451,0.226174,-2.353711,-0.168442,1.842632,0.766817,-0.383672,0.099144,0.217493,0.004410,-0.124012,0.282968,-0.032136
1.409090,-1.062112,-0.172499,0.975900,0.811650,-0.949475,1.034046,-0.361312,-0.437757,-0.507999,0.103608,0.279378,-0.497890,0.669137,-0.132530,-0.417808,-0.597351,0.226387,-2.353701,-0.168563,1.842908,0.766785,-0.383830,0.098908,0.215374,0.005866,-0.122945,0.281096,-0.031237
1.409983,-1.060954,-0.170490,0.974824,0.811341,-0.950123,1.032999,-0.361207,-0.436833,-0.503951,0.106503,0.278522,-0.498403,0.669153,-0.132677,-0.418194,-0.597253,0.226601,-2.353698,-0.168688,1.843184,0.766757,-0.383625,0.098481,0.215504,0.004736,-0.124028,0.279735,-0.030590
1.411084,-1.062200,-0.171302,0.979032,0.812459,-0.949890,1.032286,-0.361527,-0.432054,-0.499455,0.114228,0.277407,-0.498708,0.669265,-0.132804,-0.418574,-0.597160,0.226819,-2.353691,-0.168811,1.843466,0.766725,-0.383729,0.097768,0.215793,0.005510,-0.124039,0.280993,-0.031158
1.411978,-1.060943,-0.166442,0.978761,0.814086,-0.947829,1.033451,-0.361577,-0.424442,-0.494855,0.125393,0.275942,-0.498862,0.669393,-0.132930,-0.418959,-0.597060,0.227029,-2.353684,-0.168936,1.843747,0.766695,-0.383518,0.098728,0.214061,0.004999,-0.125370,0.282331,-0.030979
1.413023,-1.064431,-0.164360,0.978992,0.815150,-0.949908,1.034281,-0.361643,-0.413938,-0.490732,0.140080,0.274570,-0.498836,0.669578,-0.133071,-0.419341,-0.596967,0.227245,-2.353682,-0.169068,1.844026,0.766662,-0.383668,0.096572,0.213985,0.003930,-0.128019,0.281351,-0.031225
1.414123,-1.062070,-0.162214,0.980478,0.814178,-0.948738,1.036906,-0.361324,-0.401538,-0.485951,0.157025,0.273570,-0.498653,0.669908,-0.133239,-0.419723,-0.596874,0.227460,-2.353676,-0.169197,1.844308,0.766628,-0.382100,0.096069,0.214053,0.003468,-0.126830,0.281031,-0.031516
1.415104,-1.064926,-0.162158,0.983771,0.814572,-0.950710,1.036667,-0.361552,-0.388419,-0.479261,0.174716,0.272177,-0.498376,0.670328,-0.133443,-0.420113,-0.596778,0.227671,-2.353667,-0.169330,1.844578,0.766591,-0.383659,0.095590,0.213687,0.005010,-0.129043,0.279083,-0.032599
1.415961,-1.055752,-0.160746,0.979256,0.814390,-0.949010,1.039645,-0.361169,-0.374198,-0.470964,0.193661,0.269487,-0.497995,0.670747,-0.133683,-0.420491,-0.596681,0.227881,-2.353661,-0.169456,1.844856,0.766558,-0.382152,0.095951,0.212102,0.005127,-0.127862,0.279738,-0.032523
1.417097,-1.053136,-0.161971,0.984699,0.815299,-0.950514,1.041176,-0.361509,-0.358217,-0.462181,0.214469,0.265569,-0.497489,0.671168,-0.133952,-0.420887,-0.596587,0.228097,-2.353656,-0.169593,1.845126,0.766522,-0.385968,0.095459,0.214077,0.005792,-0.130040,0.276910,-0.033614
1.418081,-1.056592,-0.160958,0.987555,0.816030,-0.950377,1.044799,-0.360963,-0.339044,-0.454989,0.238271,0.261669,-0.496774,0.671725,-0.134229,-0.421277,-0.596488,0.228305,-2.353651,-0.169723,1.845398,0.766492,-0.387768,0.096691,0.211812,0.005544,-0.129631,0.276153,-0.033404
1.418982,-1.056611,-0.157685,0.986701,0.816786,-0.949251,1.044740,-0.362140,-0.315365,-0.451600,0.266508,0.259334,-0.495774,0.672581,-0.134500,-0.421663,-0.596393,0.228515,-2.353645,-0.169856,1.845663,0.766454,-0.385880,0.096584,0.210480,0.005356,-0.130530,0.272983,-0.034883
1.420074,-1.054022,-0.157623,0.989594,0.814568,-0.945644,1.045210,-0.361619,-0.288847,-0.451188,0.297545,0.258662,-0.494598,0.673721,-0.134762,-0.422052,-0.596300,0.228727,-2.353640,-0.169991,1.845934,0.766425,-0.385338,0.095243,0.210762,0.005124,-0.132230,0.273343,-0.032858
1.421071,-1.049395,-0.155991,0.990881,0.818126,-0.944744,1.045095,-0.361541,-0.261417,-0.450899,0.329394,0.257652,-0.493377,0.674879,-0.135011,-0.422439,-0.596202,0.228936,-2.353629,-0.170139,1.846214,0.766389,-0.386998,0.095775,0.209685,0.007850,-0.136709,0.273491,-0.034374
1.422000,-1.047248,-0.149643,0.986025,0.817319,-0.942907,1.045286,-0.362176,-0.232361,-0.450639,0.362954,0.255655,-0.492066,0.675952,-0.135241,-0.422834,-0.596108,0.229146,-2.353628,-0.170281,1.846489,0.766354,-0.389134,0.095391,0.209159,0.004927,-0.138272,0.274050,-0.034911
1.423117,-1.046557,-0.150627,0.985474,0.819450,-0.942972,1.048162,-0.361630,-0.201991,-0.450206,0.397632,0.253432,-0.490686,0.677004,-0.135451,-0.423231,-0.596022,0.229359,-2.353619,-0.170429,1.846761,0.766320,-0.389680,0.092631,0.211530,0.006207,-0.140607,0.274177,-0.033985
1.424111,-1.049151,-0.145199,0.986122,0.819723,-0.941605,1.050078,-0.362942,-0.172867,-0.448111,0.430085,0.250972,-0.489437,0.677967,-0.135643,-0.423619,-0.595926,0.229573,-2.353617,-0.170573,1.847030,0.766279,-0.390490,0.093768,0.212166,0.004767,-0.141465,0.272011,-0.035533
1.425078,-1.044708,-0.146629,0.985093,0.821472,-0.941362,1.054469,-0.362651,-0.146710,-0.444750,0.458227,0.248829,-0.488466,0.678869,-0.135827,-0.424005,-0.595838,0.229783,-2.353612,-0.170722,1.847298,0.766248,-0.389088,0.091536,0.211947,0.005099,-0.143462,0.270585,-0.033275
1.426060,-1.044251,-0.142339,0.984717,0.820310,-0.940762,1.053979,-0.363204,-0.123743,-0.441115,0.482049,0.247872,-0.487789,0.679888,-0.136008,-0.424396,-0.595742,0.229996,-2.353611,-0.170871,1.847560,0.766211,-0.391069,0.092663,0.212467,0.003965,-0.144257,0.266628,-0.034257
1.427121,-1.040695,-0.142787,0.991299,0.821902,-0.936095,1.051387,-0.362546,-0.103464,-0.437840,0.502351,0.248068,-0.487373,0.681120,-0.136194,-0.424788,-0.595653,0.230211,-2.353601,-0.171027,1.847832,0.766179,-0.391066,0.090963,0.212668,0.005608,-0.145386,0.267596,-0.033528
1.428169,-1.044187,-0.144045,0.991812,0.823218,-0.935794,1.050043,-0.363974,-0.084326,-0.434951,0.521464,0.248296,-0.487108,0.682473,-0.136373,-0.425183,-0.595559,0.230416,-2.353599,-0.171187,1.848105,0.766141,-0.392978,0.091762,0.209703,0.004682,-0.150744,0.270806,-0.035285
1.429050,-1.043556,-0.140188,0.988344,0.822788,-0.934798,1.048915,-0.363581,-0.064547,-0.434574,0.541852,0.249082,-0.486831,0.683934,-0.136525,-0.425568,-0.595465,0.230626,-2.353597,-0.171342,1.848379,0.766115,-0.391372,0.092925,0.209720,0.004045,-0.151681,0.272697,-0.032837
1.429983,-1.043117,-0.140718,0.986881,0.823820,-0.933737,1.049253,-0.363542,-0.045568,-0.437731,0.561598,0.250948,-0.486599,0.685406,-0.136654,-0.425959,-0.595378,0.230839,-2.353591,-0.171496,1.848654,0.766079,-0.391043,0.091307,0.211248,0.004962,-0.153004,0.274019,-0.033984
1.431020,-1.043016,-0.137866,0.988651,0.825405,-0.931044,1.047594,-0.363266,-0.030280,-0.442094,0.577036,0.252604,-0.486601,0.686638,-0.136800,-0.426345,-0.595285,0.231051,-2.353587,-0.171657,1.848931,0.766042,-0.390900,0.091950,0.211894,0.004481,-0.154441,0.273967,-0.034405
1.432060,-1.043203,-0.136546,0.989524,0.826292,-0.931121,1.047555,-0.362481,-0.019006,-0.447221,0.587709,0.254253,-0.486858,0.687640,-0.136984,-0.426736,-0.595197,0.231264,-2.353586,-0.171822,1.849210,0.766008,-0.390999,0.091092,0.211187,0.003580,-0.157701,0.276150,-0.035380
1.433022,-1.039191,-0.132881,0.992138,0.826571,-0.930803,1.047536,-0.363475,-0.010615,-0.453384,0.595155,0.256567,-0.487268,0.688504,-0.137193,-0.427129,-0.595104,0.231472,-2.353584,-0.171979,1.849488,0.765966,-0.390947,0.090961,0.211001,0.003391,-0.158236,0.276691,-0.037346
1.434032,-1.041529,-0.135306,0.994736,0.828089,-0.931806,1.050594,-0.363070,-0.003653,-0.459558,0.601446,0.258962,-0.487691,0.689207,-0.137387,-0.427521,-0.595016,0.231681,-2.353579,-0.172140,1.849767,0.765934,-0.392669,0.089584,0.209731,0.003667,-0.158987,0.277056,-0.035706
1.434976,-1.045518,-0.133787,0.996166,0.828249,-0.934060,1.049622,-0.363360,0.003408,-0.466004,0.608574,0.261525,-0.487991,0.689816,-0.137531,-0.427914,-0.594922,0.231888,-2.353580,-0.172301,1.850038,0.765895,-0.391377,0.091289,0.208622,0.002871,-0.158511,0.274467,-0.036924
1.436070,-1.048755,-0.136447,0.996090,0.826371,-0.930610,1.049171,-0.363180,0.010325,-0.474402,0.616227,0.265257,-0.488197,0.690453,-0.137621,-0.428301,-0.594831,0.232094,-2.353575,-0.172453,1.850314,0.765858,-0.389050,0.090906,0.207933,0.003244,-0.156722,0.275805,-0.036686
1.437087,-1.047982,-0.129861,0.996649,0.829745,-0.930209,1.045979,-0.363766,0.015272,-0.484795,0.622189,0.269240,-0.488501,0.690960,-0.137667,-0.428685,-0.594735,0.232303,-2.353563,-0.172625,1.850594,0.765818,-0.387844,0.092832,0.208372,0.005635,-0.160840,0.276875,-0.037481
1.438070,-1.046910,-0.132015,0.995699,0.830942,-0.930042,1.046397,-0.363527,0.017359,-0.495633,0.625255,0.272011,-0.489005,0.691170,-0.137673,-0.429074,-0.594649,0.232509,-2.353566,-0.172785,1.850877,0.765782,-0.388221,0.090069,0.208302,0.002984,-0.161761,0.280532,-0.036690
1.438951,-1.045393,-0.130390,0.998322,0.830006,-0.929323,1.045434,-0.363836,0.017170,-0.506286,0.625735,0.274514,-0.489657,0.691284,-0.137647,-0.429465,-0.594554,0.232719,-2.353564,-0.172950,1.851157,0.765743,-0.388569,0.091594,0.208869,0.002434,-0.162371,0.280464,-0.037548
1.439990,-1.051666,-0.129813,0.994344,0.832066,-0.929608,1.045042,-0.364653,0.016030,-0.517401,0.624956,0.277574,-0.490384,0.691464,-0.137598,-0.429858,-0.594462,0.232925,-2.353557,-0.173115,1.851444,0.765707,-0.388644,0.091056,0.207396,0.003839,-0.163309,0.281564,-0.037244
1.440980,-1.051156,-0.129159,1.000996,0.832132,-0.929483,1.044402,-0.364292,0.013715,-0.528574,0.622610,0.280472,-0.491248,0.691651,-0.137531,-0.430242,-0.594371,0.233138,-2.353558,-0.173280,1.851727,0.765670,-0.385617,0.091312,0.209612,0.002498,-0.163574,0.282441,-0.036006
1.442049,-1.045151,-0.126547,1.001393,0.833707,-0.929618,1.043583,-0.365156,0.009348,-0.539334,0.617631,0.283140,-0.492316,0.691854,-0.137458,-0.430625,-0.594279,0.233339,-2.353554,-0.173448,1.852015,0.765630,-0.385828,0.091449,0.206436,0.003064,-0.164127,0.283435,-0.037121
1.443043,-1.044283,-0.127127,1.002791,0.834545,-0.928779,1.045239,-0.365034,0.005340,-0.549900,0.613101,0.285786,-0.493378,0.692163,-0.137384,-0.431024,-0.594189,0.233546,-2.353555,-0.173613,1.852298,0.765598,-0.388974,0.090739,0.206613,0.002238,-0.164608,0.284802,-0.035806
1.443999,-1.045346,-0.128290,1.003700,0.836653,-0.929896,1.043112,-0.366512,0.004505,-0.560657,0.612299,0.288845,-0.494155,0.692670,-0.137299,-0.431412,-0.594093,0.233751,-2.353555,-0.173782,1.852582,0.765560,-0.389268,0.091461,0.206079,0.002092,-0.165872,0.283506,-0.036448
1.444957,-1.047031,-0.131197,0.999058,0.835026,-0.930350,1.043413,-0.366670,0.006787,-0.573191,0.614743,0.293721,-0.494582,0.693458,-0.137200,-0.431801,-0.593999,0.233957,-2.353558,-0.173948,1.852875,0.765533,-0.388427,0.092420,0.205683,0.000704,-0.165103,0.285922,-0.033861
1.446090,-1.042891,-0.129478,1.000435,0.834357,-0.932020,1.042734,-0.366855,0.009913,-0.588854,0.617312,0.300888,-0.494824,0.694388,-0.137114,-0.432187,-0.593901,0.234168,-2.353552,-0.174115,1.853155,0.765499,-0.387335,0.094226,0.208039,0.002894,-0.165028,0.285929,-0.033947
1.446987,-1.044970,-0.123998,1.004426,0.835795,-0.933624,1.042292,-0.366632,0.011942,-0.606619,0.617501,0.308397,-0.495063,0.695095,-0.137083,-0.432578,-0.593808,0.234377,-2.353544,-0.174277,1.853446,0.765466,-0.389941,0.094009,0.207815,0.004153,-0.164134,0.287258,-0.034049
1.447993,-1.045043,-0.124303,1.003220,0.838145,-0.935111,1.039189,-0.366132,0.013364,-0.622720,0.616594,0.313682,-0.495294,0.695389,-0.137127,-0.432964,-0.593719,0.234574,-2.353541,-0.174439,1.853741,0.765427,-0.388324,0.091598,0.205799,0.003247,-0.162810,0.287807,-0.034822
1.449084,-1.048361,-0.120415,0.998420,0.838631,-0.935811,1.038558,-0.366855,0.014457,-0.634497,0.615748,0.316569,-0.495511,0.695435,-0.137249,-0.433346,-0.593623,0.234784,-2.353544,-0.174598,1.854038,0.765388,-0.388318,0.092222,0.206574,0.001659,-0.161867,0.291273,-0.036208
1.450071,-1.047457,-0.120378,0.998370,0.838546,-0.937958,1.037088,-0.365981,0.013239,-0.642100,0.612443,0.318295,-0.495885,0.695404,-0.137453,-0.433731,-0.593536,0.234998,-2.353539,-0.174759,1.854332,0.765353,-0.387023,0.090934,0.209319,0.001845,-0.161881,0.292410,-0.035177
1.450990,-1.049836,-0.122925,0.996716,0.839052,-0.938717,1.038126,-0.366038,0.007664,-0.645396,0.603900,0.318654,-0.496589,0.695243,-0.137737,-0.434118,-0.593444,0.235205,-2.353536,-0.174915,1.854626,0.765310,-0.387356,0.091378,0.209438,0.002545,-0.160260,0.294195,-0.037312
1.452102,-1.048468,-0.120030,0.996000,0.841436,-0.938592,1.038481,-0.365710,-0.002172,-0.645814,0.590217,0.317696,-0.497648,0.694948,-0.138103,-0.434499,-0.593348,0.235416,-2.353535,-0.175073,1.854921,0.765271,-0.385783,0.092962,0.210174,0.002663,-0.159881,0.293290,-0.037513
1.452997,-1.047869,-0.119425,0.989414,0.841417,-0.940402,1.037117,-0.366630,-0.015152,-0.646249,0.572632,0.317230,-0.498995,0.694743,-0.138533,-0.434890,-0.593257,0.235630,-2.353537,-0.175239,1.855216,0.765232,-0.386894,0.092154,0.210909,0.001069,-0.160716,0.293516,-0.038614
1.454054,-1.043399,-0.120293,0.989808,0.841552,-0.941404,1.035913,-0.365568,-0.030963,-0.647060,0.551292,0.318192,-0.500593,0.694742,-0.138988,-0.435276,-0.593165,0.235846,-2.353534,-0.175395,1.855513,0.765197,-0.386640,0.092167,0.213996,0.001662,-0.159228,0.294989,-0.037084
1.455033,-1.045990,-0.119683,0.994680,0.842101,-0.941501,1.035567,-0.366351,-0.049160,-0.647863,0.526519,0.319897,-0.502400,0.694795,-0.139438,-0.435666,-0.593072,0.236060,-2.353531,-0.175554,1.855813,0.765156,-0.389065,0.093168,0.213994,0.002198,-0.158892,0.296620,-0.039648
1.456020,-1.048139,-0.116215,0.992040,0.844499,-0.944273,1.035417,-0.367530,-0.067353,-0.649410,0.501527,0.321783,-0.504226,0.694797,-0.139859,-0.436052,-0.592980,0.236266,-2.353526,-0.175712,1.856113,0.765120,-0.387580,0.093294,0.211651,0.002216,-0.159296,0.297213,-0.038421
1.457040,-1.052334,-0.114987,0.988744,0.841836,-0.946427,1.036881,-0.367620,-0.084393,-0.651261,0.478446,0.323922,-0.505939,0.694773,-0.140219,-0.436432,-0.592890,0.236485,-2.353529,-0.175866,1.856415,0.765087,-0.386463,0.092017,0.213000,0.000545,-0.157059,0.297623,-0.036452
1.458079,-1.052752,-0.112172,0.988805,0.842836,-0.946741,1.037483,-0.368618,-0.102768,-0.650772,0.454687,0.325212,-0.507677,0.694537,-0.140506,-0.436815,-0.592799,0.236704,-2.353518,-0.176018,1.856714,0.765050,-0.384421,0.091935,0.214714,0.003717,-0.155556,0.296491,-0.036685
1.458972,-1.050233,-0.112189,0.985858,0.843267,-0.947290,1.039634,-0.368823,-0.124602,-0.645427,0.427922,0.323470,-0.509592,0.693761,-0.140735,-0.437202,-0.592709,0.236919,-2.353515,-0.176175,1.857013,0.765015,-0.384344,0.091080,0.214846,0.003338,-0.155899,0.296290,-0.035086
1.460009,-1.051821,-0.106303,0.982231,0.842957,-0.948775,1.041342,-0.369815,-0.149063,-0.635706,0.399139,0.318889,-0.511631,0.692511,-0.140913,-0.437587,-0.592620,0.237138,-2.353512,-0.176329,1.857307,0.764980,-0.385078,0.091439,0.216063,0.003458,-0.155693,0.294232,-0.035027
1.461091,-1.058011,-0.105574,0.976432,0.843798,-0.950987,1.042392,-0.369138,-0.175284,-0.622192,0.369137,0.312352,-0.513720,0.691001,-0.141043,-0.437974,-0.592535,0.237359,-2.353507,-0.176483,1.857594,0.764946,-0.384372,0.089090,0.217967,0.004382,-0.154867,0.292989,-0.033441
1.462072,-1.056607,-0.104218,0.975098,0.842904,-0.953021,1.041390,-0.369766,-0.204965,-0.603603,0.335616,0.303416,-0.515982,0.689235,-0.141139,-0.438347,-0.592444,0.237586,-2.353504,-0.176637,1.857884,0.764908,-0.381720,0.089369,0.221023,0.004217,-0.153410,0.292480,-0.035254
1.462999,-1.054015,-0.110537,0.972810,0.844608,-0.953672,1.040033,-0.370132,-0.239315,-0.580556,0.296785,0.292277,-0.518549,0.687224,-0.141228,-0.438731,-0.592356,0.237812,-2.353494,-0.176787,1.858181,0.764875,-0.382336,0.089173,0.221541,0.005552,-0.151950,0.293779,-0.034363
1.464090,-1.050321,-0.111154,0.972802,0.845669,-0.955759,1.040449,-0.369918,-0.275838,-0.557748,0.255221,0.280925,-0.521322,0.685183,-0.141321,-0.439118,-0.592256,0.238034,-2.353493,-0.176938,1.858476,0.764839,-0.383238,0.092634,0.222486,0.004459,-0.151778,0.295317,-0.033985
1.464976,-1.051105,-0.111121,0.974238,0.844989,-0.955849,1.039531,-0.370360,-0.310346,-0.541873,0.215365,0.273000,-0.524066,0.683538,-0.141418,-0.439506,-0.592161,0.238256,-2.353488,-0.177088,1.858772,0.764803,-0.385432,0.093499,0.222695,0.004044,-0.150495,0.295402,-0.034862
1.466083,-1.052265,-0.109242,0.975628,0.846207,-0.956703,1.042178,-0.371025,-0.340083,-0.534716,0.180598,0.269473,-0.526619,0.682426,-0.141521,-0.439888,-0.592067,0.238480,-2.353482,-0.177240,1.859072,0.764769,-0.384483,0.093741,0.221631,0.005201,-0.150777,0.296395,-0.034300
1.467037,-1.049501,-0.107650,0.972486,0.844774,-0.956392,1.045270,-0.370279,-0.364448,-0.532956,0.152419,0.268336,-0.528925,0.681636,-0.141623,-0.440273,-0.591974,0.238697,-2.353478,-0.177389,1.859358,0.764737,-0.384347,0.093431,0.221259,0.004650,-0.150784,0.294327,-0.033429
1.468030,-1.054896,-0.104447,0.969469,0.845183,-0.956352,1.048135,-0.369933,-0.384058,-0.533122,0.130498,0.267854,-0.530965,0.680993,-0.141724,-0.440656,-0.591882,0.238924,-2.353468,-0.177540,1.859645,0.764699,-0.385519,0.093034,0.222650,0.006534,-0.151619,0.291511,-0.035304
1.468961,-1.054986,-0.103905,0.971193,0.846986,-0.959558,1.049398,-0.370292,-0.400980,-0.531747,0.112356,0.266235,-0.532814,0.680315,-0.141838,-0.441035,-0.591791,0.239148,-2.353462,-0.177694,1.859925,0.764662,-0.382779,0.091903,0.224105,0.006646,-0.152227,0.289054,-0.036369
1.470072,-1.059829,-0.100610,0.971647,0.846581,-0.961566,1.049299,-0.370463,-0.417365,-0.527192,0.095442,0.263228,-0.534557,0.679603,-0.141966,-0.441414,-0.591698,0.239368,-2.353459,-0.177839,1.860211,0.764629,-0.382469,0.091993,0.223031,0.005416,-0.149508,0.288046,-0.035999
1.470992,-1.061183,-0.098225,0.969946,0.846488,-0.963509,1.047921,-0.371892,-0.433380,-0.519782,0.079759,0.259575,-0.536164,0.678976,-0.142088,-0.441793,-0.591609,0.239593,-2.353451,-0.177986,1.860504,0.764594,-0.380566,0.091019,0.223055,0.006417,-0.148406,0.288740,-0.036114
1.471971,-1.068440,-0.099606,0.974927,0.849300,-0.964108,1.050271,-0.371149,-0.449282,-0.508456,0.065204,0.254128,-0.537664,0.678280,-0.142188,-0.442173,-0.591521,0.239817,-2.353442,-0.178129,1.860796,0.764565,-0.379548,0.090221,0.223657,0.006941,-0.146985,0.290311,-0.033603
1.473154,-1.074250,-0.102596,0.976457,0.848777,-0.967612,1.048034,-0.372193,-0.465280,-0.493953,0.051452,0.247293,-0.539080,0.677561,-0.142268,-0.442542,-0.591429,0.240034,-2.353443,-0.178275,1.861083,0.764524,-0.375934,0.091370,0.221121,0.004801,-0.147023,0.288259,-0.035492
1.474029,-1.067547,-0.101220,0.976724,0.848456,-0.969083,1.047225,-0.371256,-0.480593,-0.480914,0.039178,0.241982,-0.540375,0.677152,-0.142338,-0.442916,-0.591331,0.240253,-2.353435,-0.178411,1.861378,0.764491,-0.373976,0.093574,0.220881,0.005990,-0.144641,0.291259,-0.033866
1.475018,-1.063585,-0.095988,0.978695,0.850252,-0.970584,1.045684,-0.371302,-0.493788,-0.471994,0.029796,0.238647,-0.541495,0.677082,-0.142405,-0.443297,-0.591239,0.240475,-2.353428,-0.178553,1.861673,0.764453,-0.376810,0.093132,0.220400,0.006751,-0.143622,0.292114,-0.036092
1.475992,-1.061663,-0.094899,0.979038,0.851731,-0.971566,1.048643,-0.371423,-0.502283,-0.465239,0.026217,0.235708,-0.542272,0.677247,-0.142473,-0.443679,-0.591155,0.240693,-2.353425,-0.178694,1.861975,0.764415,-0.378714,0.091053,0.219411,0.005559,-0.142816,0.293936,-0.036356
1.477018,-1.057234,-0.095460,0.982047,0.850180,-0.971763,1.050812,-0.372731,-0.504307,-0.458398,0.030345,0.233107,-0.542560,0.677743,-0.142532,-0.444063,-0.591064,0.240911,-2.353422,-0.178836,1.862260,0.764378,-0.379518,0.090974,0.219200,0.004703,-0.142488,0.291268,-0.036481
1.478094,-1.057251,-0.096367,0.986996,0.851495,-0.975884,1.051379,-0.372061,-0.499310,-0.451877,0.042513,0.231493,-0.542335,0.678635,-0.142555,-0.444445,-0.590970,0.241127,-2.353412,-0.178979,1.862547,0.764349,-0.381855,0.091756,0.217809,0.006753,-0.143045,0.289543,-0.034274
1.479056,-1.057921,-0.097058,0.987686,0.853182,-0.977587,1.049975,-0.372828,-0.486553,-0.447514,0.063491,0.230997,-0.541585,0.679869,-0.142528,-0.444828,-0.590876,0.241337,-2.353407,-0.179110,1.862835,0.764310,-0.382157,0.092775,0.215657,0.006045,-0.139866,0.289524,-0.036072
1.480002,-1.053237,-0.094982,0.988384,0.854272,-0.979576,1.048773,-0.373859,-0.466679,-0.447390,0.092406,0.232703,-0.540369,0.681469,-0.142458,-0.445204,-0.590780,0.241554,-2.353403,-0.179245,1.863128,0.764277,-0.381702,0.093483,0.215271,0.004923,-0.138875,0.291211,-0.034885
1.481146,-1.056899,-0.092805,0.991283,0.853297,-0.983732,1.049096,-0.373648,-0.441698,-0.451882,0.126614,0.237506,-0.538815,0.683448,-0.142343,-0.445591,-0.590691,0.241769,-2.353401,-0.179378,1.863429,0.764247,-0.383758,0.092859,0.214841,0.004441,-0.137558,0.292593,-0.033203
1.482128,-1.058964,-0.090284,0.992031,0.854155,-0.985135,1.048966,-0.374076,-0.413516,-0.458264,0.163962,0.243689,-0.537054,0.685572,-0.142181,-0.445974,-0.590601,0.241978,-2.353391,-0.179503,1.863718,0.764211,-0.382519,0.092493,0.213904,0.006005,-0.134565,0.292926,-0.034115
1.482975,-1.060527,-0.089425,0.987895,0.854099,-0.987146,1.048341,-0.374452,-0.384565,-0.462906,0.201986,0.248579,-0.535281,0.687513,-0.141994,-0.446350,-0.590510,0.242192,-2.353387,-0.179635,1.864015,0.764177,-0.381472,0.091694,0.213570,0.005720,-0.133951,0.293341,-0.033631
1.484015,-1.058915,-0.091837,0.991180,0.855525,-0.988927,1.049849,-0.375245,-0.357934,-0.463813,0.237015,0.251100,-0.533726,0.689127,-0.141809,-0.446730,-0.590419,0.242411,-2.353381,-0.179760,1.864313,0.764146,-0.380005,0.091516,0.215272,0.006222,-0.132476,0.293962,-0.033209
1.485010,-1.053878,-0.088086,0.995953,0.854814,-0.990504,1.052688,-0.374681,-0.334889,-0.462515,0.267074,0.252466,-0.532475,0.690544,-0.141653,-0.447117,-0.590325,0.242621,-2.353377,-0.179887,1.864600,0.764118,-0.380949,0.093251,0.213833,0.005422,-0.131643,0.292902,-0.032057
1.486071,-1.055528,-0.089558,0.995448,0.857194,-0.994061,1.053033,-0.375824,-0.312660,-0.461572,0.295416,0.254150,-0.531315,0.692044,-0.141541,-0.447505,-0.590237,0.242829,-2.353369,-0.180019,1.864883,0.764082,-0.383379,0.091855,0.211568,0.006655,-0.130862,0.290441,-0.033596
1.487115,-1.057036,-0.088343,0.998522,0.857376,-0.997978,1.052794,-0.375803,-0.288588,-0.461634,0.325400,0.256644,-0.530013,0.693818,-0.141475,-0.447890,-0.590141,0.243040,-2.353368,-0.180142,1.865167,0.764054,-0.382762,0.093137,0.212127,0.004942,-0.128307,0.290643,-0.031731
1.488001,-1.050638,-0.088336,1.004751,0.858363,-1.001477,1.050190,-0.375560,-0.263408,-0.463441,0.355941,0.260704,-0.528571,0.695926,-0.141462,-0.448269,-0.590046,0.243247,-2.353364,-0.180263,1.865459,0.764021,-0.382230,0.093025,0.210845,0.005415,-0.125396,0.291335,-0.032221
1.488998,-1.049605,-0.088493,1.005998,0.857041,-1.003910,1.051191,-0.376611,-0.236800,-0.467268,0.387589,0.266170,-0.526952,0.698277,-0.141512,-0.448661,-0.589952,0.243451,-2.353361,-0.180380,1.865761,0.763987,-0.384817,0.093294,0.207605,0.004972,-0.122608,0.294005,-0.033045
1.490098,-1.049007,-0.090377,1.005894,0.859303,-1.003581,1.051376,-0.375988,-0.206881,-0.472475,0.423057,0.271707,-0.525041,0.700670,-0.141613,-0.449053,-0.589856,0.243655,-2.353351,-0.180493,1.866053,0.763960,-0.385169,0.093805,0.207206,0.006785,-0.121169,0.293316,-0.031341
1.491075,-1.046260,-0.086631,1.007251,0.860450,-1.008414,1.052970,-0.377030,-0.174240,-0.479608,0.461414,0.277255,-0.522897,0.702978,-0.141746,-0.449438,-0.589759,0.243865,-2.353352,-0.180618,1.866348,0.763922,-0.385885,0.095325,0.207658,0.005270,-0.122613,0.293679,-0.033055
1.491996,-1.044304,-0.083435,1.006291,0.861011,-1.012057,1.055328,-0.377327,-0.140682,-0.489278,0.499989,0.284119,-0.520631,0.705258,-0.141897,-0.449828,-0.589666,0.244068,-2.353347,-0.180727,1.866637,0.763893,-0.387051,0.093842,0.207115,0.004699,-0.118717,0.292389,-0.031344
1.492966,-1.049446,-0.079922,1.007788,0.859608,-1.014283,1.057405,-0.377604,-0.107566,-0.498914,0.537240,0.291947,-0.518325,0.707504,-0.142052,-0.450212,-0.589575,0.244278,-2.353344,-0.180836,1.866925,0.763864,-0.387633,0.092615,0.207517,0.004700,-0.115951,0.290229,-0.031136
1.494077,-1.049285,-0.078505,1.006894,0.862146,-1.018325,1.057263,-0.377212,-0.077075,-0.503898,0.571152,0.298031,-0.516165,0.709486,-0.142221,-0.450591,-0.589487,0.244485,-2.353333,-0.180947,1.867214,0.763832,-0.384908,0.091323,0.206847,0.006540,-0.114686,0.288464,-0.030972
1.495061,-1.045099,-0.078726,1.005246,0.863591,-1.020475,1.056196,-0.378329,-0.051424,-0.502267,0.599478,0.300883,-0.514336,0.711071,-0.142435,-0.450981,-0.589394,0.244692,-2.353331,-0.181056,1.867499,0.763799,-0.385426,0.091263,0.207756,0.004697,-0.111902,0.289252,-0.032231
1.495993,-1.045116,-0.079605,1.011195,0.861805,-1.022049,1.053754,-0.378109,-0.030701,-0.496896,0.621711,0.302525,-0.512829,0.712492,-0.142703,-0.451368,-0.589300,0.244903,-2.353329,-0.181162,1.867795,0.763773,-0.387393,0.091812,0.208652,0.003902,-0.110795,0.290621,-0.030384
1.497109,-1.045735,-0.076603,1.015202,0.864718,-1.024588,1.053373,-0.378625,-0.012864,-0.491210,0.640095,0.304263,-0.511525,0.713878,-0.143013,-0.451756,-0.589205,0.245107,-2.353318,-0.181270,1.868095,0.763741,-0.386975,0.092589,0.205661,0.006097,-0.110126,0.293234,-0.031220
1.498002,-1.044779,-0.080871,1.014359,0.866091,-1.027707,1.051736,-0.379178,0.004322,-0.485852,0.657963,0.305294,-0.510318,0.715150,-0.143343,-0.452143,-0.589115,0.245306,-2.353320,-0.181376,1.868391,0.763711,-0.387131,0.091745,0.204232,0.003964,-0.108891,0.294165,-0.030647
1.499016,-1.043948,-0.080566,1.011037,0.864311,-1.030789,1.052000,-0.379703,0.021482,-0.482521,0.676166,0.307107,-0.509174,0.716471,-0.143680,-0.452528,-0.589017,0.245513,-2.353318,-0.181480,1.868691,0.763684,-0.387073,0.094151,0.204553,0.003187,-0.106617,0.295888,-0.029907
1.499981,-1.048229,-0.080157,1.016901,0.863810,-1.033207,1.052295,-0.380003,0.037184,-0.483286,0.692399,0.310887,-0.508196,0.717848,-0.144026,-0.452915,-0.588921,0.245719,-2.353309,-0.181579,1.868986,0.763654,-0.387487,0.094423,0.206435,0.005481,-0.104695,0.295971,-0.029281
1.500995,-1.042403,-0.077082,1.013670,0.866856,-1.037067,1.053448,-0.379719,0.049774,-0.486335,0.704861,0.314288,-0.507511,0.718910,-0.144381,-0.453293,-0.588827,0.245919,-2.353301,-0.181680,1.869284,0.763627,-0.385201,0.094608,0.203609,0.006459,-0.103322,0.295910,-0.029087
1.502099,-1.047911,-0.073543,1.014839,0.866607,-1.039718,1.053089,-0.380305,0.059339,-0.489333,0.714181,0.316243,-0.507087,0.719623,-0.144731,-0.453685,-0.588736,0.246130,-2.353303,-0.181776,1.869583,0.763594,-0.388091,0.093573,0.205430,0.004134,-0.100649,0.295087,-0.030077
1.503088,-1.050528,-0.076223,1.012039,0.867284,-1.041950,1.053288,-0.379462,0.065878,-0.490884,0.720314,0.317522,-0.506894,0.720207,-0.145065,-0.454071,-0.588646,0.246333,-2.353297,-0.181874,1.869878,0.763567,-0.385702,0.092460,0.205309,0.005048,-0.099372,0.296014,-0.029365
1.503999,-1.051829,-0.069597,1.017454,0.868189,-1.044447,1.049865,-0.380824,0.067779,-0.490140,0.721167,0.317966,-0.507067,0.720634,-0.145392,-0.454450,-0.588548,0.246543,-2.353294,-0.181972,1.870175,0.763531,-0.384387,0.094215,0.206822,0.004960,-0.098262,0.296103,-0.031463
1.505095,-1.054174,-0.070200,1.018060,0.868967,-1.048643,1.049798,-0.380331,0.064574,-0.486888,0.716387,0.317139,-0.507674,0.720824,-0.145703,-0.454834,-0.588463,0.246740,-2.353291,-0.182064,1.870479,0.763506,-0.383292,0.091267,0.204119,0.004632,-0.096771,0.299653,-0.029081
1.506078,-1.056225,-0.068527,1.016896,0.869426,-1.048670,1.046998,-0.380791,0.057800,-0.480058,0.708334,0.314492,-0.508627,0.720774,-0.145966,-0.455211,-0.588369,0.246943,-2.353288,-0.182152,1.870786,0.763474,-0.382620,0.092205,0.204306,0.004539,-0.094019,0.300153,-0.030559
1.506985,-1.058488,-0.072620,1.019044,0.870201,-1.049046,1.046119,-0.381998,0.048291,-0.470296,0.697924,0.310281,-0.509892,0.720531,-0.146171,-0.455595,-0.588280,0.247152,-2.353285,-0.182248,1.871096,0.763448,-0.381483,0.091839,0.204987,0.004691,-0.095148,0.303183,-0.030037
1.508000,-1.051616,-0.070283,1.018757,0.871471,-1.050375,1.044989,-0.381674,0.036296,-0.460537,0.684911,0.305909,-0.511466,0.720223,-0.146333,-0.455975,-0.588182,0.247353,-2.353279,-0.182345,1.871400,0.763423,-0.379926,0.094174,0.203883,0.004415,-0.095723,0.304122,-0.027991
1.509000,-1.049957,-0.071662,1.019453,0.871122,-1.050575,1.045606,-0.382861,0.023853,-0.453823,0.671352,0.303092,-0.513192,0.720087,-0.146471,-0.456362,-0.588090,0.247561,-2.353277,-0.182440,1.871711,0.763392,-0.383417,0.093468,0.204231,0.003803,-0.095593,0.305525,-0.029087
1.510017,-1.046822,-0.069472,1.020087,0.873546,-1.053283,1.045599,-0.382655,0.013780,-0.451156,0.660293,0.302416,-0.514847,0.720304,-0.146606,-0.456747,-0.587991,0.247763,-2.353272,-0.182538,1.872014,0.763368,-0.384171,0.094572,0.204097,0.004733,-0.096546,0.305173,-0.027119
1.511111,-1.042838,-0.070024,1.017304,0.873585,-1.054429,1.042599,-0.383664,0.007473,-0.452144,0.653182,0.303813,-0.516309,0.720958,-0.146749,-0.457130,-0.587898,0.247967,-2.353272,-0.182628,1.872318,0.763339,-0.385812,0.093945,0.204022,0.003004,-0.095077,0.305502,-0.027987
1.512014,-1.043367,-0.070020,1.022878,0.876298,-1.054731,1.039110,-0.383197,0.004989,-0.456529,0.649801,0.307490,-0.517560,0.722072,-0.146897,-0.457523,-0.587802,0.248179,-2.353268,-0.182726,1.872635,0.763315,-0.388096,0.094805,0.205786,0.003636,-0.095292,0.308929,-0.026432
1.513023,-1.049536,-0.069892,1.027849,0.875468,-1.056333,1.039023,-0.384647,0.006225,-0.464333,0.649917,0.313449,-0.518603,0.723530,-0.147032,-0.457909,-0.587705,0.248375,-2.353272,-0.182822,1.872954,0.763286,-0.387304,0.095060,0.202991,0.001638,-0.095950,0.312405,-0.027757
1.514125,-1.044227,-0.064758,1.022618,0.876438,-1.058328,1.037168,-0.384409,0.010894,-0.474984,0.653878,0.321118,-0.519437,0.725154,-0.147139,-0.458284,-0.587608,0.248572,-2.353266,-0.182917,1.873268,0.763265,-0.384310,0.095423,0.200816,0.003052,-0.095532,0.312693,-0.025275
1.515108,-1.050702,-0.064733,1.020161,0.876063,-1.059117,1.037055,-0.384825,0.017311,-0.485388,0.660305,0.328387,-0.520133,0.726635,-0.147209,-0.458677,-0.587517,0.248784,-2.353263,-0.183010,1.873591,0.763236,-0.387353,0.093480,0.203856,0.002759,-0.094936,0.314942,-0.026256
1.515984,-1.050180,-0.065576,1.022638,0.877511,-1.059716,1.036075,-0.384639,0.022287,-0.492160,0.665126,0.333211,-0.520847,0.727662,-0.147256,-0.459058,-0.587422,0.248992,-2.353256,-0.183107,1.873905,0.763210,-0.383971,0.093903,0.205166,0.003665,-0.095280,0.315221,-0.025829
1.517084,-1.053607,-0.065336,1.022031,0.878029,-1.061645,1.039089,-0.383966,0.023689,-0.495512,0.665600,0.335812,-0.521678,0.728200,-0.147299,-0.459439,-0.587327,0.249195,-2.353255,-0.183199,1.874226,0.763184,-0.383708,0.094570,0.203782,0.002782,-0.095623,0.316123,-0.026575
1.518069,-1.048885,-0.060265,1.019284,0.877216,-1.062980,1.039248,-0.384926,0.021952,-0.498096,0.662438,0.337936,-0.522585,0.728499,-0.147360,-0.459820,-0.587231,0.249399,-2.353251,-0.183293,1.874533,0.763153,-0.382439,0.095030,0.204576,0.002965,-0.095077,0.313543,-0.028393
1.518972,-1.057295,-0.061881,1.018993,0.880400,-1.062599,1.039492,-0.385075,0.017692,-0.499663,0.656546,0.339487,-0.523537,0.728663,-0.147454,-0.460205,-0.587141,0.249610,-2.353243,-0.183387,1.874847,0.763128,-0.384721,0.092945,0.206022,0.004283,-0.094898,0.313594,-0.026864
1.520019,-1.053487,-0.062372,1.019614,0.878634,-1.065217,1.037304,-0.385846,0.010319,-0.498789,0.647290,0.339907,-0.524580,0.728677,-0.147572,-0.460581,-0.587047,0.249820,-2.353246,-0.183488,1.875161,0.763101,-0.380070,0.094081,0.206025,0.001754,-0.096205,0.313361,-0.026955
1.521002,-1.054448,-0.061155,1.019490,0.878111,-1.065509,1.037727,-0.385279,-0.000363,-0.497312,0.634431,0.340310,-0.525756,0.728616,-0.147700,-0.460971,-0.586951,0.250025,-2.353237,-0.183576,1.875482,0.763077,-0.382150,0.094826,0.206025,0.004093,-0.094898,0.315850,-0.025864
1.522218,-1.054463,-0.060414,1.019994,0.879065,-1.065158,1.037247,-0.386148,-0.013024,-0.496237,0.619780,0.339833,-0.527065,0.728326,-0.147833,-0.461351,-0.586859,0.250231,-2.353231,-0.183677,1.875800,0.763047,-0.381580,0.094650,0.206213,0.005126,-0.095710,0.315558,-0.027429
1.523080,-1.050085,-0.063237,1.015307,0.879057,-1.066285,1.037803,-0.386457,-0.026389,-0.495023,0.604989,0.337279,-0.528502,0.727672,-0.147968,-0.461737,-0.586762,0.250438,-2.353227,-0.183779,1.876115,0.763025,-0.382513,0.095041,0.206707,0.004929,-0.097626,0.316718,-0.026221
1.524032,-1.052752,-0.059896,1.016179,0.879437,-1.066963,1.037714,-0.386232,-0.039915,-0.495345,0.590214,0.333974,-0.530065,0.726769,-0.148096,-0.462125,-0.586663,0.250651,-2.353222,-0.183877,1.876434,0.763003,-0.384004,0.096640,0.208789,0.005419,-0.097332,0.316043,-0.025983
1.525109,-1.061119,-0.058377,1.014551,0.880314,-1.068362,1.042210,-0.385878,-0.053738,-0.498142,0.574944,0.330829,-0.531775,0.725656,-0.148221,-0.462506,-0.586572,0.250863,-2.353217,-0.183978,1.876752,0.762975,-0.382425,0.095351,0.208300,0.005571,-0.097669,0.316232,-0.026838
1.526108,-1.059724,-0.058704,1.014951,0.880653,-1.068528,1.045562,-0.386370,-0.069753,-0.501115,0.557337,0.327315,-0.533729,0.724269,-0.148363,-0.462880,-0.586477,0.251074,-2.353213,-0.184075,1.877058,0.762944,-0.378652,0.095163,0.209451,0.005349,-0.097581,0.312120,-0.027999
1.527094,-1.057404,-0.053848,1.009616,0.881512,-1.070074,1.046993,-0.386936,-0.089415,-0.503154,0.535983,0.323700,-0.535972,0.722691,-0.148524,-0.463257,-0.586380,0.251286,-2.353208,-0.184175,1.877357,0.762920,-0.379440,0.095740,0.209334,0.005588,-0.098545,0.309084,-0.027436
1.527982,-1.055776,-0.053893,1.011422,0.882996,-1.070697,1.046266,-0.386635,-0.111928,-0.504335,0.511713,0.320441,-0.538398,0.721062,-0.148684,-0.463643,-0.586290,0.251506,-2.353204,-0.184272,1.877664,0.762898,-0.380486,0.093763,0.211995,0.005331,-0.098115,0.307904,-0.026740
1.529051,-1.057891,-0.053065,1.008382,0.881559,-1.072178,1.047497,-0.387082,-0.135838,-0.503995,0.486158,0.317438,-0.540871,0.719467,-0.148843,-0.464020,-0.586195,0.251717,-2.353201,-0.184371,1.877970,0.762869,-0.380830,0.094073,0.210873,0.004373,-0.098393,0.308679,-0.027716
1.530047,-1.058129,-0.049945,1.004128,0.882762,-1.074415,1.048740,-0.385718,-0.160143,-0.502540,0.460553,0.314456,-0.543317,0.717912,-0.149019,-0.464398,-0.586102,0.251935,-2.353189,-0.184471,1.878278,0.762843,-0.380114,0.094225,0.212633,0.006296,-0.098175,0.307829,-0.027268
1.530977,-1.054353,-0.054328,1.002478,0.882638,-1.074588,1.051082,-0.387309,-0.185544,-0.499739,0.433921,0.310547,-0.545779,0.716263,-0.149226,-0.464781,-0.586012,0.252152,-2.353184,-0.184567,1.878582,0.762808,-0.379962,0.093148,0.214789,0.005644,-0.097082,0.306858,-0.030424
1.531984,-1.056052,-0.051072,1.001163,0.885159,-1.075494,1.052354,-0.386827,-0.212239,-0.496627,0.405497,0.306202,-0.548255,0.714549,-0.149455,-0.465160,-0.585912,0.252372,-2.353177,-0.184666,1.878882,0.762785,-0.381582,0.095637,0.215421,0.006269,-0.097918,0.304655,-0.027584
1.532980,-1.055384,-0.051894,1.001420,0.883064,-1.074684,1.057255,-0.387215,-0.238530,-0.496295,0.376819,0.303614,-0.550614,0.713029,-0.149674,-0.465541,-0.585822,0.252592,-2.353176,-0.184765,1.879190,0.762754,-0.380739,0.094481,0.216105,0.004409,-0.098152,0.303665,-0.029002
1.534049,-1.058867,-0.052671,1.000237,0.884849,-1.074640,1.056784,-0.386709,-0.263368,-0.498861,0.349244,0.303134,-0.552762,0.711793,-0.149874,-0.465925,-0.585725,0.252807,-2.353164,-0.184868,1.879482,0.762727,-0.381038,0.095322,0.216030,0.006953,-0.100061,0.299071,-0.028633
1.535099,-1.058981,-0.051820,1.004606,0.883491,-1.076670,1.057677,-0.386369,-0.286461,-0.503539,0.323324,0.303839,-0.554668,0.710720,-0.150059,-0.466304,-0.585630,0.253026,-2.353160,-0.184972,1.879785,0.762695,-0.379620,0.096256,0.216823,0.005766,-0.101332,0.300026,-0.030104
1.535989,-1.059798,-0.050401,1.003469,0.885098,-1.077350,1.058235,-0.387225,-0.307217,-0.510453,0.299915,0.305157,-0.556289,0.709659,-0.150223,-0.466684,-0.585533,0.253241,-2.353148,-0.185069,1.880078,0.762660,-0.379820,0.096312,0.214807,0.007612,-0.100535,0.299569,-0.031202
1.536975,-1.062435,-0.046899,1.000386,0.883607,-1.078835,1.060345,-0.387606,-0.324796,-0.518338,0.280430,0.306146,-0.557573,0.708475,-0.150337,-0.467062,-0.585438,0.253456,-2.353145,-0.185172,1.880376,0.762634,-0.378942,0.095871,0.215184,0.006509,-0.100733,0.299091,-0.029832
1.537963,-1.066585,-0.044679,0.995559,0.886111,-1.080233,1.058662,-0.387883,-0.340325,-0.524468,0.263712,0.305585,-0.558605,0.707066,-0.150379,-0.467438,-0.585347,0.253678,-2.353131,-0.185273,1.880673,0.762606,-0.377611,0.094569,0.216672,0.008399,-0.100320,0.297254,-0.029494
1.538971,-1.062081,-0.039919,0.994310,0.885617,-1.081129,1.059237,-0.387397,-0.357039,-0.526203,0.245643,0.302665,-0.559608,0.705355,-0.150372,-0.467814,-0.585254,0.253899,-2.353128,-0.185372,1.880974,0.762576,-0.375541,0.093904,0.219053,0.006469,-0.100033,0.299249,-0.029351
1.540078,-1.064552,-0.039896,0.993418,0.886940,-1.080765,1.062299,-0.388841,-0.376298,-0.522498,0.224262,0.297515,-0.560696,0.703376,-0.150350,-0.468192,-0.585166,0.254121,-2.353117,-0.185473,1.881274,0.762541,-0.377912,0.092051,0.219667,0.007429,-0.100273,0.298973,-0.030735
1.541043,-1.066116,-0.043017,0.991946,0.887514,-1.082426,1.066970,-0.388233,-0.396354,-0.514128,0.201471,0.290863,-0.561806,0.701279,-0.150312,-0.468568,-0.585071,0.254339,-2.353109,-0.185579,1.881566,0.762517,-0.377194,0.092668,0.220426,0.006672,-0.101941,0.296457,-0.028299
1.542007,-1.067041,-0.041615,0.993560,0.886920,-1.082004,1.068217,-0.389359,-0.415576,-0.505158,0.178844,0.285133,-0.562902,0.699384,-0.150250,-0.468939,-0.584974,0.254562,-2.353103,-0.185681,1.881854,0.762485,-0.376375,0.094600,0.221040,0.006628,-0.101284,0.292066,-0.029943
1.542965,-1.067473,-0.043985,0.999874,0.887797,-1.082194,1.067012,-0.388089,-0.433181,-0.499353,0.157165,0.282197,-0.564005,0.697950,-0.150182,-0.469314,-0.584883,0.254782,-2.353092,-0.185789,1.882145,0.762462,-0.375829,0.094306,0.220127,0.007642,-0.102696,0.291135,-0.028075
1.544142,-1.064710,-0.041038,0.999960,0.887864,-1.081082,1.063578,-0.388636,-0.447239,-0.497357,0.139343,0.281503,-0.565040,0.696989,-0.150129,-0.469691,-0.584783,0.254992,-2.353084,-0.185894,1.882437,0.762424,-0.375470,0.095827,0.216961,0.007236,-0.103482,0.292628,-0.031022
1.544977,-1.063183,-0.036846,0.997064,0.888273,-1.081997,1.062608,-0.389409,-0.455386,-0.499122,0.128702,0.282219,-0.565846,0.696434,-0.150102,-0.470069,-0.584691,0.255211,-2.353075,-0.186003,1.882742,0.762395,-0.377736,0.095080,0.217449,0.007771,-0.106019,0.296730,-0.030407
1.546018,-1.064617,-0.036284,1.000551,0.890332,-1.081527,1.060777,-0.389598,-0.457854,-0.501931,0.124912,0.282588,-0.566377,0.696058,-0.150093,-0.470449,-0.584600,0.255432,-2.353067,-0.186111,1.883046,0.762370,-0.377728,0.093203,0.218448,0.007753,-0.105770,0.297601,-0.029198
1.547093,-1.070162,-0.035613,1.001601,0.889315,-1.081985,1.060181,-0.389868,-0.456532,-0.502940,0.125547,0.281672,-0.566696,0.695712,-0.150100,-0.470830,-0.584507,0.255646,-2.353063,-0.186219,1.883345,0.762340,-0.377207,0.093463,0.216871,0.006309,-0.107387,0.299841,-0.029266
1.548021,-1.065039,-0.030628,0.996949,0.890389,-1.080301,1.061715,-0.389246,-0.452704,-0.502594,0.129079,0.280116,-0.566870,0.695380,-0.150131,-0.471200,-0.584415,0.255863,-2.353053,-0.186328,1.883648,0.762311,-0.374884,0.093714,0.216599,0.007858,-0.108110,0.300860,-0.029182
1.548993,-1.060213,-0.030211,0.997669,0.888168,-1.082672,1.065224,-0.390127,-0.447846,-0.500389,0.133677,0.277522,-0.566978,0.694906,-0.150199,-0.471584,-0.584326,0.256083,-2.353050,-0.186443,1.883941,0.762278,-0.377130,0.091604,0.218760,0.007335,-0.110638,0.299499,-0.030802
1.549975,-1.066263,-0.029056,1.000584,0.889352,-1.084515,1.070649,-0.389857,-0.442065,-0.494772,0.138909,0.272959,-0.566997,0.694174,-0.150298,-0.471968,-0.584235,0.256299,-2.353036,-0.186547,1.884229,0.762252,-0.379380,0.091861,0.218354,0.009927,-0.109246,0.296285,-0.029425
1.550982,-1.062247,-0.028827,0.999936,0.890556,-1.083764,1.071987,-0.390651,-0.434285,-0.486382,0.146026,0.266620,-0.566851,0.693269,-0.150400,-0.472339,-0.584146,0.256518,-2.353029,-0.186655,1.884512,0.762221,-0.376343,0.091756,0.216861,0.009243,-0.108418,0.291205,-0.030387
1.551959,-1.058715,-0.026602,0.997922,0.891481,-1.085344,1.069899,-0.389947,-0.424293,-0.477824,0.155266,0.260618,-0.566512,0.692531,-0.150490,-0.472724,-0.584054,0.256732,-2.353023,-0.186767,1.884798,0.762192,-0.378392,0.092129,0.217299,0.008588,-0.110214,0.290309,-0.029199
1.553035,-1.052151,-0.025901,1.000664,0.892347,-1.087141,1.067854,-0.390391,-0.411841,-0.471245,0.166472,0.256878,-0.565941,0.692269,-0.150565,-0.473102,-0.583964,0.256952,-2.353017,-0.186878,1.885096,0.762159,-0.380089,0.091471,0.218256,0.008193,-0.109576,0.292697,-0.031024
1.554026,-1.052344,-0.025699,0.999865,0.892732,-1.087056,1.068154,-0.390419,-0.395765,-0.467288,0.180716,0.255446,-0.565063,0.692530,-0.150622,-0.473493,-0.583870,0.257164,-2.353010,-0.186985,1.885394,0.762127,-0.383625,0.091694,0.217163,0.007928,-0.108992,0.295216,-0.030561
1.554996,-1.048829,-0.025622,1.002935,0.891904,-1.086186,1.068644,-0.390932,-0.375095,-0.466407,0.199213,0.255960,-0.563834,0.693246,-0.150650,-0.473872,-0.583777,0.257384,-2.353004,-0.187097,1.885694,0.762097,-0.383468,0.092052,0.217559,0.008085,-0.110071,0.295174,-0.030921
1.556110,-1.053184,-0.024809,1.006379,0.893766,-1.086505,1.071323,-0.390980,-0.350176,-0.468609,0.221838,0.257718,-0.562303,0.694235,-0.150641,-0.474260,-0.583685,0.257598,-2.352993,-0.187211,1.885989,0.762068,-0.385026,0.092441,0.216002,0.009343,-0.111874,0.294952,-0.030285
1.556987,-1.042043,-0.023520,1.003709,0.894439,-1.086001,1.071887,-0.390738,-0.321729,-0.473563,0.248238,0.260309,-0.560529,0.695356,-0.150607,-0.474645,-0.583593,0.257810,-2.352988,-0.187322,1.886276,0.762035,-0.383300,0.092681,0.214684,0.008114,-0.112794,0.292868,-0.030658
1.557982,-1.044083,-0.024658,1.006996,0.893602,-1.085198,1.076327,-0.391778,-0.290216,-0.481371,0.278059,0.264550,-0.558534,0.696671,-0.150575,-0.475038,-0.583500,0.258028,-2.352981,-0.187440,1.886570,0.762002,-0.388226,0.092299,0.215749,0.007888,-0.113986,0.292401,-0.031480
1.559091,-1.043749,-0.023293,1.008060,0.894896,-1.087831,1.076550,-0.391316,-0.255859,-0.491880,0.311020,0.270593,-0.556327,0.698211,-0.150561,-0.475425,-0.583405,0.258241,-2.352970,-0.187561,1.886850,0.761976,-0.387053,0.093309,0.214157,0.009165,-0.115700,0.288337,-0.029801
1.560116,-1.047442,-0.021578,1.006003,0.896912,-1.088888,1.077062,-0.392921,-0.219675,-0.504600,0.346235,0.277668,-0.553983,0.699889,-0.150564,-0.475810,-0.583312,0.258452,-2.352963,-0.187669,1.887139,0.761944,-0.387697,0.093252,0.214040,0.008475,-0.114308,0.288755,-0.031218
1.560986,-1.042067,-0.021708,1.000530,0.897263,-1.088263,1.075159,-0.392246,-0.184397,-0.518773,0.380626,0.285743,-0.551679,0.701649,-0.150593,-0.476196,-0.583223,0.258671,-2.352959,-0.187783,1.887429,0.761922,-0.385886,0.092942,0.215171,0.007060,-0.114305,0.288651,-0.028425
1.562114,-1.049055,-0.022290,1.005768,0.897276,-1.089254,1.075624,-0.393101,-0.153056,-0.533578,0.410251,0.294997,-0.549602,0.703415,-0.150662,-0.476591,-0.583129,0.258892,-2.352951,-0.187902,1.887722,0.761889,-0.387849,0.093257,0.217563,0.007135,-0.115603,0.290647,-0.030150
1.563084,-1.052214,-0.017148,1.006157,0.897108,-1.089160,1.075758,-0.392652,-0.126805,-0.548666,0.433702,0.304684,-0.547865,0.705021,-0.150778,-0.476970,-0.583030,0.259106,-2.352942,-0.188019,1.888018,0.761864,-0.384914,0.094144,0.215319,0.007709,-0.115820,0.290761,-0.028912
1.563994,-1.051616,-0.020045,1.002371,0.898651,-1.089513,1.078161,-0.393030,-0.105805,-0.562016,0.451699,0.312714,-0.546552,0.706224,-0.150952,-0.477353,-0.582944,0.259321,-2.352934,-0.188142,1.888310,0.761831,-0.383196,0.092047,0.215127,0.008361,-0.116750,0.290911,-0.030221
1.565009,-1.048383,-0.020500,1.006784,0.900177,-1.090260,1.079677,-0.393097,-0.090693,-0.571946,0.464016,0.318183,-0.545731,0.706956,-0.151196,-0.477740,-0.582847,0.259540,-2.352926,-0.188260,1.888591,0.761801,-0.383033,0.093801,0.216823,0.007246,-0.117149,0.288710,-0.029814
1.566013,-1.046806,-0.011355,1.010793,0.900828,-1.087042,1.080199,-0.392182,-0.080019,-0.581739,0.471890,0.323668,-0.545283,0.707582,-0.151509,-0.478126,-0.582754,0.259751,-2.352923,-0.188378,1.888880,0.761769,-0.384677,0.094509,0.214733,0.006343,-0.117374,0.287606,-0.030098
1.567080,-1.050738,-0.012339,1.011724,0.900712,-1.086225,1.080529,-0.392133,-0.070194,-0.591993,0.479849,0.329998,-0.544923,0.708398,-0.151873,-0.478517,-0.582674,0.259957,-2.352918,-0.188507,1.889166,0.761733,-0.385353,0.090508,0.212906,0.006280,-0.121470,0.287486,-0.032338
1.568003,-1.048766,-0.012834,1.009355,0.902117,-1.086178,1.078109,-0.391496,-0.059980,-0.598397,0.490211,0.334607,-0.544530,0.709275,-0.152277,-0.478896,-0.582577,0.260169,-2.352909,-0.188635,1.889453,0.761700,-0.383700,0.091571,0.212734,0.006948,-0.123249,0.287677,-0.032854
1.569006,-1.042314,-0.010826,1.008817,0.902298,-1.086384,1.077706,-0.392873,-0.050828,-0.601236,0.501006,0.337118,-0.544200,0.710084,-0.152709,-0.479284,-0.582484,0.260386,-2.352904,-0.188763,1.889749,0.761663,-0.384276,0.092150,0.213779,0.006051,-0.123960,0.290289,-0.034483
1.570133,-1.046932,-0.010484,1.011416,0.902623,-1.085536,1.076490,-0.391544,-0.043058,-0.603498,0.510994,0.338879,-0.543987,0.710825,-0.153144,-0.479678,-0.582394,0.260600,-2.352898,-0.188885,1.890038,0.761636,-0.387387,0.091637,0.214118,0.006422,-0.124667,0.291047,-0.032115
1.571146,-1.042291,-0.008124,1.013080,0.903675,-1.085560,1.077246,-0.392483,-0.035835,-0.605855,0.520865,0.339929,-0.543892,0.711428,-0.153565,-0.480057,-0.582301,0.260811,-2.352890,-0.189015,1.890336,0.761596,-0.385634,0.092145,0.213259,0.006686,-0.126620,0.292854,-0.035268
1.572041,-1.045133,-0.007336,1.011285,0.903653,-1.082478,1.077207,-0.392654,-0.028604,-0.608282,0.531403,0.340119,-0.543934,0.711858,-0.153970,-0.480450,-0.582211,0.261021,-2.352882,-0.189148,1.890624,0.761564,-0.387918,0.091467,0.212590,0.006158,-0.127405,0.292480,-0.033757
1.573006,-1.049304,-0.006605,1.016802,0.904464,-1.083294,1.079497,-0.392780,-0.021459,-0.610441,0.542517,0.339626,-0.544138,0.712154,-0.154344,-0.480828,-0.582121,0.261237,-2.352875,-0.189285,1.890920,0.761530,-0.386016,0.091413,0.213281,0.006639,-0.131045,0.292626,-0.033767
1.574040,-1.046944,-0.005150,1.019451,0.905344,-1.080321,1.080969,-0.393130,-0.015489,-0.611812,0.553014,0.338472,-0.544566,0.712334,-0.154672,-0.481206,-0.582032,0.261443,-2.352870,-0.189415,1.891211,0.761494,-0.383803,0.091496,0.210560,0.006381,-0.130947,0.290596,-0.033887
1.575087,-1.048860,-0.001465,1.017784,0.907319,-1.077029,1.082873,-0.392970,-0.005010,-0.613580,0.575339,0.336738,-0.545794,0.712983,-0.155174,-0.481974,-0.581849,0.261864,-2.352863,-0.189701,1.891784,0.761422,-0.384343,0.090008,0.210561,0.004796,-0.138804,0.288161,-0.034333
1.576033,-1.046614,-0.001663,1.019770,0.906779,-1.076406,1.079627,-0.392897,-0.005010,-0.613580,0.575339,0.336738,-0.545794,0.712983,-0.155174,-0.481974,-0.581849,0.261864,-2.352863,-0.189701,1.891784,0.761422,-0.384343,0.090008,0.210561,0.004796,-0.138804,0.288161,-0.034333
1.577122,-1.049180,0.001520,1.021495,0.907294,-1.074543,1.079194,-0.392735,-0.000034,-0.613578,0.587120,0.336996,-0.546389,0.713726,-0.155377,-0.482362,-0.581759,0.262070,-2.352857,-0.189845,1.892081,0.761386,-0.385150,0.090534,0.209583,0.005861,-0.139969,0.291665,-0.034837
1.578024,-1.050226,-0.003523,1.021612,0.908040,-1.073968,1.075802,-0.393429,0.004561,-0.612165,0.598816,0.336692,-0.546912,0.714578,-0.155572,-0.482746,-0.581671,0.262279,-2.352850,-0.189991,1.892373,0.761351,-0.384231,0.089587,0.209103,0.005944,-0.142698,0.292607,-0.035606
1.579171,-1.047773,0.001706,1.024737,0.907256,-1.073251,1.076855,-0.394075,0.008730,-0.610568,0.610155,0.335760,-0.547365,0.715423,-0.155766,-0.483125,-0.581575,0.262488,-2.352846,-0.190137,1.892675,0.761317,-0.383280,0.092419,0.208918,0.005713,-0.143712,0.296107,-0.034544
1.580052,-1.053420,0.000081,1.025578,0.907755,-1.071040,1.074277,-0.394255,0.012786,-0.610455,0.621204,0.334745,-0.547746,0.716230,-0.155954,-0.483517,-0.581486,0.262692,-2.352836,-0.190284,1.892971,0.761283,-0.385077,0.090505,0.207935,0.007070,-0.145398,0.295650,-0.033727
1.581072,-1.055475,0.003536,1.028503,0.910705,-1.069815,1.073584,-0.394404,0.016999,-0.610529,0.632427,0.332634,-0.548058,0.716875,-0.156141,-0.483892,-0.581392,0.262897,-2.352831,-0.190439,1.893272,0.761248,-0.381741,0.091599,0.207392,0.007052,-0.147948,0.298305,-0.033707
1.582065,-1.052792,0.002017,1.030009,0.910308,-1.068452,1.074087,-0.393738,0.020372,-0.609959,0.642763,0.329852,-0.548367,0.717418,-0.156346,-0.484274,-0.581305,0.263104,-2.352830,-0.190595,1.893577,0.761213,-0.380815,0.090414,0.206137,0.004783,-0.149769,0.299296,-0.033810
1.583122,-1.054734,0.006549,1.029204,0.909624,-1.064827,1.076479,-0.394996,0.023170,-0.609886,0.652382,0.328229,-0.548647,0.718099,-0.156588,-0.484664,-0.581211,0.263306,-2.352824,-0.190751,1.893875,0.761170,-0.382039,0.091636,0.205590,0.005753,-0.151674,0.299080,-0.035517
1.584023,-1.058586,0.007568,1.025330,0.911368,-1.062892,1.075776,-0.394024,0.026136,-0.609795,0.662062,0.327271,-0.548838,0.718897,-0.156856,-0.485044,-0.581123,0.263513,-2.352815,-0.190918,1.894172,0.761141,-0.381323,0.089965,0.206317,0.006959,-0.155901,0.297111,-0.033408
1.584988,-1.059416,0.006835,1.023523,0.910220,-1.061840,1.073995,-0.395096,0.027215,-0.607354,0.669198,0.325575,-0.549034,0.719629,-0.157127,-0.485421,-0.581033,0.263721,-2.352810,-0.191080,1.894468,0.761098,-0.378986,0.089804,0.208154,0.005714,-0.158110,0.297960,-0.035706
1.586029,-1.059244,0.007936,1.021550,0.911433,-1.061522,1.070613,-0.394501,0.023704,-0.602127,0.670244,0.323083,-0.549396,0.720202,-0.157397,-0.485795,-0.580940,0.263933,-2.352800,-0.191243,1.894773,0.761069,-0.378518,0.090591,0.209059,0.007318,-0.159570,0.299950,-0.033917
1.587045,-1.058588,0.008457,1.018808,0.911818,-1.060514,1.071290,-0.394995,0.015324,-0.595529,0.664634,0.319882,-0.549993,0.720519,-0.157662,-0.486173,-0.580850,0.264145,-2.352796,-0.191407,1.895086,0.761030,-0.378833,0.090588,0.210255,0.006706,-0.160452,0.303653,-0.035542
1.588057,-1.059690,0.009625,1.020509,0.911673,-1.059668,1.071256,-0.394648,0.003116,-0.588742,0.653442,0.316375,-0.550789,0.720588,-0.157919,-0.486555,-0.580758,0.264358,-2.352789,-0.191570,1.895390,0.760997,-0.379231,0.090830,0.211771,0.006860,-0.161994,0.303250,-0.034937
1.589001,-1.053694,0.012153,1.022260,0.912604,-1.059994,1.071835,-0.394820,-0.011711,-0.582267,0.638184,0.312956,-0.551717,0.720474,-0.158159,-0.486930,-0.580665,0.264568,-2.352781,-0.191737,1.895696,0.760958,-0.378801,0.090725,0.211050,0.007529,-0.163314,0.303580,-0.036033
1.590056,-1.058580,0.013260,1.017796,0.914166,-1.057610,1.072188,-0.395461,-0.026744,-0.575756,0.622272,0.309357,-0.552638,0.720238,-0.158364,-0.487315,-0.580577,0.264780,-2.352773,-0.191902,1.895996,0.760922,-0.381524,0.089894,0.210128,0.007064,-0.163330,0.303181,-0.036035
1.591027,-1.054102,0.012221,1.020918,0.911851,-1.057639,1.072936,-0.395171,-0.040729,-0.569104,0.607373,0.306090,-0.553467,0.720031,-0.158514,-0.487686,-0.580487,0.264994,-2.352769,-0.192073,1.896302,0.760888,-0.379414,0.089932,0.212619,0.006126,-0.166275,0.303211,-0.035171
1.591978,-1.054925,0.014454,1.018664,0.913420,-1.055759,1.074305,-0.395439,-0.054357,-0.562720,0.592535,0.303293,-0.554250,0.719871,-0.158601,-0.488070,-0.580396,0.265202,-2.352755,-0.192241,1.896607,0.760851,-0.381526,0.090896,0.211091,0.008828,-0.166602,0.302667,-0.036137
1.592992,-1.055432,0.016549,1.013955,0.914429,-1.055661,1.074280,-0.396032,-0.067295,-0.556729,0.578393,0.300105,-0.554981,0.719651,-0.158616,-0.488454,-0.580304,0.265415,-2.352749,-0.192415,1.896902,0.760815,-0.380832,0.090162,0.212200,0.007732,-0.168776,0.301521,-0.035954
1.593999,-1.057275,0.016309,1.014304,0.914094,-1.054536,1.074644,-0.396736,-0.080521,-0.550571,0.563790,0.296714,-0.555705,0.719362,-0.158555,-0.488829,-0.580214,0.265638,-2.352742,-0.192587,1.897207,0.760785,-0.380724,0.089630,0.214578,0.007283,-0.169295,0.301865,-0.035180
1.595040,-1.060364,0.016305,1.013590,0.915531,-1.053871,1.075371,-0.396059,-0.096012,-0.543865,0.546199,0.293489,-0.556533,0.718963,-0.158430,-0.489209,-0.580121,0.265854,-2.352734,-0.192763,1.897513,0.760750,-0.379833,0.090243,0.214450,0.008133,-0.170810,0.301775,-0.034167
1.596101,-1.058550,0.019329,1.009849,0.916273,-1.053657,1.074303,-0.396851,-0.113967,-0.537507,0.525507,0.290591,-0.557489,0.718416,-0.158277,-0.489588,-0.580030,0.266069,-2.352730,-0.192939,1.897820,0.760711,-0.378502,0.090784,0.214982,0.007302,-0.171921,0.301389,-0.035947
1.597043,-1.063683,0.020506,1.005660,0.916192,-1.052040,1.076810,-0.397113,-0.134134,-0.532175,0.502027,0.288523,-0.558563,0.717783,-0.158136,-0.489970,-0.579943,0.266293,-2.352723,-0.193114,1.898124,0.760677,-0.379713,0.089890,0.216992,0.007145,-0.172630,0.302884,-0.034765
1.598066,-1.064158,0.020582,1.004764,0.917219,-1.050047,1.078517,-0.396787,-0.157289,-0.526546,0.474726,0.286768,-0.559800,0.717009,-0.158038,-0.490345,-0.579853,0.266514,-2.352714,-0.193290,1.898419,0.760642,-0.376914,0.089715,0.218926,0.007677,-0.174504,0.300547,-0.034612
1.599112,-1.062576,0.025086,0.998289,0.916657,-1.048734,1.081764,-0.397635,-0.184165,-0.519858,0.442703,0.284980,-0.561224,0.716070,-0.158013,-0.490719,-0.579761,0.266735,-2.352707,-0.193471,1.898719,0.760605,-0.376889,0.090190,0.219413,0.007182,-0.176858,0.299203,-0.035674
1.599965,-1.057239,0.026729,0.997503,0.916764,-1.047949,1.082342,-0.396683,-0.213999,-0.511977,0.406792,0.283173,-0.562741,0.715055,-0.158067,-0.491101,-0.579677,0.266965,-2.352696,-0.193655,1.899013,0.760572,-0.377902,0.088561,0.222685,0.008215,-0.178544,0.296375,-0.034379
1.601094,-1.060627,0.023465,0.997314,0.917676,-1.049902,1.082586,-0.397020,-0.245016,-0.501435,0.369125,0.280283,-0.564204,0.713966,-0.158188,-0.491487,-0.579590,0.267189,-2.352688,-0.193831,1.899308,0.760532,-0.379842,0.088055,0.222616,0.008502,-0.179377,0.295843,-0.036611
1.601997,-1.055342,0.027334,0.995768,0.917483,-1.050353,1.081018,-0.396276,-0.274813,-0.489689,0.332600,0.276678,-0.565464,0.712883,-0.158366,-0.491860,-0.579495,0.267414,-2.352680,-0.194008,1.899605,0.760499,-0.378816,0.090354,0.222992,0.008193,-0.178030,0.296194,-0.036380
1.602966,-1.056439,0.028200,0.992964,0.918782,-1.050675,1.080767,-0.396719,-0.301629,-0.479576,0.299341,0.273541,-0.566437,0.711892,-0.158595,-0.492242,-0.579408,0.267639,-2.352670,-0.194187,1.899902,0.760460,-0.381026,0.088769,0.223460,0.008774,-0.177711,0.297890,-0.038215
1.604095,-1.052007,0.024528,0.995671,0.918429,-1.051513,1.080747,-0.396014,-0.325156,-0.470372,0.269895,0.270510,-0.567129,0.710940,-0.158866,-0.492616,-0.579316,0.267869,-2.352663,-0.194361,1.900205,0.760423,-0.380401,0.088778,0.224675,0.007980,-0.177706,0.298351,-0.037672
1.605111,-1.060636,0.023088,0.993020,0.918763,-1.050803,1.078757,-0.397418,-0.344617,-0.462973,0.245134,0.268173,-0.567517,0.710129,-0.159166,-0.493004,-0.579220,0.268094,-2.352652,-0.194538,1.900509,0.760381,-0.383158,0.091263,0.223587,0.008859,-0.177502,0.298924,-0.039538
1.606114,-1.060492,0.024300,0.988018,0.919754,-1.051543,1.079373,-0.396275,-0.359683,-0.460545,0.225239,0.267783,-0.567612,0.709571,-0.159472,-0.493379,-0.579127,0.268318,-2.352642,-0.194714,1.900818,0.760348,-0.378923,0.092452,0.224927,0.008984,-0.178617,0.301207,-0.037099
1.607069,-1.062948,0.025416,0.988657,0.918259,-1.052541,1.081638,-0.396386,-0.373311,-0.462952,0.206557,0.269391,-0.567623,0.709172,-0.159780,-0.493755,-0.579034,0.268549,-2.352633,-0.194890,1.901115,0.760303,-0.379119,0.092300,0.227327,0.008478,-0.178233,0.300893,-0.039789
1.608074,-1.066673,0.031186,0.987595,0.921202,-1.052497,1.086076,-0.396103,-0.387921,-0.467157,0.186389,0.271840,-0.567732,0.708784,-0.160105,-0.494133,-0.578942,0.268778,-2.352618,-0.195067,1.901410,0.760264,-0.377701,0.092152,0.226755,0.010317,-0.177484,0.298849,-0.039892
1.608993,-1.067054,0.028295,0.986820,0.919407,-1.051989,1.085372,-0.396964,-0.403515,-0.469493,0.165390,0.273877,-0.567965,0.708403,-0.160440,-0.494508,-0.578858,0.269005,-2.352614,-0.195244,1.901695,0.760221,-0.375940,0.089815,0.227229,0.007932,-0.177909,0.294791,-0.040832
1.610081,-1.066892,0.031112,0.983817,0.921874,-1.052979,1.082685,-0.396939,-0.419736,-0.468346,0.144377,0.275484,-0.568304,0.708163,-0.160766,-0.494882,-0.578762,0.269235,-2.352597,-0.195426,1.901994,0.760183,-0.375471,0.091604,0.227287,0.009998,-0.178548,0.295681,-0.039424
1.611066,-1.071020,0.028972,0.985602,0.920548,-1.052785,1.080331,-0.397146,-0.435738,-0.465083,0.124131,0.277041,-0.568717,0.708112,-0.161072,-0.495261,-0.578671,0.269468,-2.352591,-0.195603,1.902295,0.760144,-0.375999,0.090797,0.228890,0.008106,-0.178090,0.298876,-0.039913
1.611985,-1.065805,0.028205,0.989978,0.922655,-1.051196,1.079577,-0.398206,-0.450802,-0.461195,0.105244,0.278597,-0.569174,0.708219,-0.161358,-0.495628,-0.578574,0.269694,-2.352577,-0.195784,1.902601,0.760103,-0.374009,0.092274,0.227864,0.009815,-0.178568,0.301452,-0.039859
1.613089,-1.061232,0.029849,0.989395,0.921390,-1.050118,1.078505,-0.397595,-0.462720,-0.458567,0.090416,0.280588,-0.569540,0.708555,-0.161613,-0.496009,-0.578481,0.269915,-2.352573,-0.195965,1.902910,0.760070,-0.376292,0.092982,0.225440,0.008217,-0.180317,0.302270,-0.038079
1.614129,-1.059839,0.030660,0.991227,0.921834,-1.051099,1.078764,-0.398566,-0.467838,-0.458756,0.084050,0.283506,-0.569598,0.709246,-0.161823,-0.496394,-0.578390,0.270138,-2.352559,-0.196148,1.903211,0.760028,-0.379019,0.092807,0.226000,0.009962,-0.181908,0.303866,-0.039755
1.615000,-1.059619,0.031774,0.991903,0.923696,-1.048363,1.080323,-0.397748,-0.464886,-0.460712,0.087607,0.286426,-0.569282,0.710180,-0.162006,-0.496772,-0.578298,0.270363,-2.352549,-0.196324,1.903517,0.759992,-0.379921,0.092935,0.225126,0.009993,-0.181349,0.303937,-0.038190
1.616045,-1.056540,0.034637,0.995357,0.922690,-1.050227,1.085369,-0.398215,-0.455020,-0.463369,0.099708,0.289266,-0.568654,0.711296,-0.162177,-0.497150,-0.578205,0.270585,-2.352544,-0.196512,1.903817,0.759948,-0.379458,0.092637,0.224425,0.008594,-0.184096,0.302397,-0.040149
1.616997,-1.055044,0.037688,0.994283,0.923820,-1.049463,1.085167,-0.397748,-0.439311,-0.465911,0.119219,0.292663,-0.567740,0.712679,-0.162337,-0.497530,-0.578114,0.270806,-2.352531,-0.196694,1.904104,0.759911,-0.381248,0.091762,0.222798,0.010051,-0.182582,0.297790,-0.039598
1.618104,-1.061542,0.039091,1.000727,0.924172,-1.048568,1.084720,-0.397605,-0.418613,-0.466284,0.145333,0.295658,-0.566545,0.714263,-0.162487,-0.497912,-0.578026,0.271032,-2.352524,-0.196878,1.904402,0.759868,-0.381749,0.090677,0.223170,0.009390,-0.183549,0.298255,-0.040883
1.619146,-1.062062,0.039535,1.002115,0.924301,-1.049849,1.080719,-0.397562,-0.394724,-0.463172,0.176032,0.297418,-0.565116,0.715941,-0.162635,-0.498292,-0.577936,0.271246,-2.352513,-0.197066,1.904701,0.759826,-0.378976,0.090646,0.220270,0.009557,-0.184922,0.299238,-0.041585
1.620098,-1.062726,0.040606,1.000651,0.924341,-1.050554,1.079672,-0.397519,-0.369506,-0.456975,0.209258,0.297636,-0.563525,0.717601,-0.162785,-0.498667,-0.577845,0.271464,-2.352503,-0.197248,1.905017,0.759782,-0.379012,0.090981,0.219737,0.009913,-0.184005,0.303566,-0.042048
1.621033,-1.062304,0.036625,1.000707,0.924796,-1.050409,1.079671,-0.397819,-0.344510,-0.448533,0.242914,0.295980,-0.561854,0.719071,-0.162941,-0.499047,-0.577754,0.271683,-2.352493,-0.197433,1.905321,0.759741,-0.378466,0.090852,0.220382,0.010305,-0.183477,0.304760,-0.042475
1.622100,-1.065296,0.040895,1.008004,0.924306,-1.053000,1.080730,-0.397494,-0.320983,-0.439889,0.274710,0.293382,-0.560179,0.720314,-0.163100,-0.499422,-0.577656,0.271902,-2.352484,-0.197616,1.905626,0.759701,-0.378466,0.093164,0.220191,0.010274,-0.183789,0.304885,-0.042206
1.623037,-1.059051,0.037703,1.005034,0.927384,-1.052429,1.080756,-0.398301,-0.298499,-0.432731,0.304900,0.290792,-0.558493,0.721382,-0.163250,-0.499799,-0.577570,0.272113,-2.352471,-0.197793,1.905930,0.759656,-0.377307,0.091645,0.216797,0.011216,-0.181666,0.304239,-0.043257
1.624099,-1.061096,0.040955,1.010921,0.926285,-1.052082,1.084201,-0.397746,-0.275567,-0.427694,0.335330,0.289147,-0.556736,0.722433,-0.163382,-0.500188,-0.577473,0.272331,-2.352467,-0.197979,1.906231,0.759615,-0.380097,0.093590,0.218195,0.008656,-0.182395,0.304381,-0.041957
1.625089,-1.057684,0.040471,1.013192,0.926923,-1.053108,1.082486,-0.398729,-0.251073,-0.425917,0.366983,0.290027,-0.554854,0.723733,-0.163492,-0.500560,-0.577382,0.272542,-2.352454,-0.198162,1.906525,0.759569,-0.379425,0.092514,0.215490,0.010208,-0.183169,0.301374,-0.043476
1.626079,-1.053236,0.041023,1.015785,0.927748,-1.053527,1.081290,-0.398564,-0.224341,-0.426358,0.400833,0.292627,-0.552805,0.725263,-0.163563,-0.500944,-0.577287,0.272755,-2.352445,-0.198341,1.906832,0.759531,-0.381080,0.093201,0.214427,0.010050,-0.182442,0.303379,-0.041852
1.627099,-1.053023,0.041881,1.018065,0.926533,-1.057175,1.079460,-0.399027,-0.194601,-0.428162,0.438006,0.295883,-0.550531,0.726892,-0.163563,-0.501332,-0.577194,0.272966,-2.352436,-0.198525,1.907138,0.759487,-0.383180,0.093368,0.213221,0.009681,-0.182288,0.304811,-0.042559
1.627991,-1.055966,0.041354,1.019056,0.926539,-1.058818,1.080452,-0.398156,-0.161905,-0.431159,0.478377,0.299201,-0.548045,0.728473,-0.163488,-0.501714,-0.577102,0.273175,-2.352422,-0.198699,1.907450,0.759448,-0.383352,0.093437,0.212270,0.011302,-0.179033,0.306924,-0.042007
1.629093,-1.058598,0.043554,1.018457,0.926128,-1.059185,1.079670,-0.399565,-0.128447,-0.433737,0.519516,0.300998,-0.545530,0.729747,-0.163368,-0.502089,-0.577005,0.273384,-2.352410,-0.198871,1.907753,0.759401,-0.381434,0.093947,0.211635,0.011608,-0.177584,0.305955,-0.044062
1.630104,-1.054554,0.041055,1.015624,0.928300,-1.060392,1.080805,-0.399147,-0.097555,-0.434446,0.557515,0.300456,-0.543232,0.730570,-0.163239,-0.502464,-0.576912,0.273598,-2.352398,-0.199052,1.908066,0.759365,-0.380678,0.093464,0.212297,0.012499,-0.177764,0.307201,-0.041642
1.631016,-1.058629,0.045673,1.019412,0.929667,-1.062735,1.082004,-0.398666,-0.071038,-0.434037,0.589715,0.298840,-0.541275,0.731074,-0.163127,-0.502850,-0.576814,0.273817,-2.352390,-0.199230,1.908375,0.759318,-0.382727,0.095157,0.213766,0.010826,-0.176911,0.306312,-0.042865
1.632033,-1.057017,0.041778,1.019739,0.929118,-1.061379,1.084649,-0.399052,-0.048745,-0.434208,0.615857,0.298600,-0.539632,0.731610,-0.163050,-0.503229,-0.576724,0.274022,-2.352382,-0.199399,1.908677,0.759270,-0.380259,0.093164,0.211781,0.009908,-0.174801,0.305215,-0.044121
1.633040,-1.058635,0.045221,1.020609,0.929950,-1.064333,1.083357,-0.398832,-0.029936,-0.434974,0.637149,0.300434,-0.538247,0.732388,-0.163008,-0.503609,-0.576622,0.274236,-2.352371,-0.199582,1.908977,0.759228,-0.381203,0.095544,0.211764,0.010922,-0.176531,0.302896,-0.043706
1.634047,-1.059549,0.044618,1.024743,0.931498,-1.064168,1.079106,-0.399169,-0.000093,-0.437546,0.669415,0.307481,-0.536106,0.734576,-0.163017,-0.504366,-0.576434,0.274652,-2.352352,-0.199928,1.909598,0.759138,-0.380046,0.095018,0.209575,0.009469,-0.174538,0.309010,-0.044185
1.635127,-1.054468,0.043083,1.023485,0.931336,-1.065871,1.074375,-0.398937,-0.000093,-0.437546,0.669415,0.307481,-0.536106,0.734576,-0.163017,-0.504366,-0.576434,0.274652,-2.352352,-0.199928,1.909598,0.759138,-0.380046,0.095018,0.209575,0.009469,-0.174538,0.309010,-0.044185
1.636062,-1.056532,0.046447,1.020591,0.933340,-1.067207,1.074808,-0.400183,0.012747,-0.439662,0.682789,0.311889,-0.535229,0.735861,-0.163048,-0.504758,-0.576336,0.274866,-2.352342,-0.200095,1.909921,0.759089,-0.382856,0.096328,0.210522,0.010153,-0.173441,0.314082,-0.045038
1.636997,-1.058914,0.044198,1.021533,0.933859,-1.070703,1.073603,-0.399448,0.024735,-0.443212,0.694563,0.316854,-0.534413,0.737165,-0.163063,-0.505140,-0.576245,0.275079,-2.352334,-0.200264,1.910234,0.759051,-0.381477,0.095004,0.211892,0.008603,-0.172404,0.313682,-0.042862
1.638095,-1.060177,0.046220,1.020728,0.934251,-1.071661,1.073103,-0.400162,0.033881,-0.447198,0.702190,0.322489,-0.533744,0.738431,-0.163057,-0.505518,-0.576145,0.275291,-2.352326,-0.200431,1.910553,0.759005,-0.380026,0.096421,0.211337,0.008558,-0.169206,0.314952,-0.044687
1.639081,-1.057201,0.045899,1.021766,0.935104,-1.070752,1.074470,-0.400003,0.039144,-0.451262,0.704621,0.328720,-0.533287,0.739573,-0.163053,-0.505899,-0.576050,0.275506,-2.352315,-0.200598,1.910873,0.758963,-0.379857,0.095995,0.212070,0.008668,-0.168938,0.315836,-0.043648
1.640074,-1.059423,0.045587,1.021133,0.934624,-1.071926,1.078543,-0.400235,0.041500,-0.455280,0.703222,0.335187,-0.532976,0.740533,-0.163066,-0.506286,-0.575951,0.275714,-2.352307,-0.200768,1.911182,0.758918,-0.381228,0.096533,0.211657,0.008295,-0.170250,0.314665,-0.044325
1.641032,-1.056935,0.047480,1.024996,0.933835,-1.074600,1.076221,-0.399359,0.042393,-0.459522,0.699823,0.341999,-0.532696,0.741406,-0.163103,-0.506662,-0.575854,0.275926,-2.352295,-0.200936,1.911488,0.758871,-0.380128,0.097087,0.212066,0.009203,-0.169484,0.310816,-0.044196
1.642105,-1.058184,0.048025,1.025626,0.936447,-1.077631,1.074205,-0.400532,0.042756,-0.463316,0.695951,0.348123,-0.532404,0.742162,-0.163180,-0.507045,-0.575758,0.276131,-2.352282,-0.201096,1.911803,0.758819,-0.381183,0.096491,0.210188,0.010336,-0.167236,0.313326,-0.046269
1.643036,-1.058700,0.048795,1.027643,0.937116,-1.079874,1.072315,-0.400327,0.043601,-0.465712,0.693247,0.352603,-0.532085,0.742757,-0.163293,-0.507421,-0.575661,0.276342,-2.352277,-0.201258,1.912125,0.758776,-0.380942,0.096751,0.210199,0.008332,-0.164856,0.315666,-0.044285
1.644074,-1.061961,0.050675,1.023336,0.938960,-1.080445,1.070393,-0.399846,0.045234,-0.467533,0.691994,0.356552,-0.531757,0.743366,-0.163433,-0.507799,-0.575564,0.276549,-2.352268,-0.201417,1.912452,0.758731,-0.380404,0.096670,0.209161,0.008110,-0.163004,0.317547,-0.045038
1.645018,-1.058896,0.051436,1.022431,0.938709,-1.083278,1.069602,-0.400479,0.046041,-0.469031,0.690009,0.360827,-0.531544,0.744078,-0.163619,-0.508178,-0.575469,0.276762,-2.352264,-0.201580,1.912775,0.758685,-0.378965,0.096225,0.211537,0.006875,-0.163033,0.319715,-0.046372
1.646027,-1.059157,0.049120,1.025736,0.937215,-1.083072,1.067968,-0.399224,0.044083,-0.469445,0.684746,0.365147,-0.531596,0.744801,-0.163870,-0.508555,-0.575374,0.276975,-2.352254,-0.201734,1.913100,0.758641,-0.380319,0.096191,0.211911,0.007584,-0.160639,0.320523,-0.045412
1.647025,-1.059994,0.050878,1.024322,0.939321,-1.085091,1.070845,-0.400318,0.040199,-0.468982,0.677271,0.368502,-0.531908,0.745357,-0.164169,-0.508935,-0.575272,0.277180,-2.352241,-0.201893,1.913425,0.758588,-0.380231,0.097743,0.210446,0.009477,-0.161423,0.322337,-0.048286
1.648003,-1.058473,0.049246,1.022807,0.940188,-1.085353,1.071092,-0.400167,0.036179,-0.468770,0.669904,0.370675,-0.532385,0.745701,-0.164491,-0.509309,-0.575176,0.277393,-2.352239,-0.202050,1.913743,0.758546,-0.379891,0.097263,0.211259,0.007980,-0.159929,0.319607,-0.046414
1.649182,-1.057516,0.049214,1.027709,0.937229,-1.086395,1.070130,-0.400044,0.032118,-0.470240,0.662454,0.373553,-0.532977,0.746063,-0.164806,-0.509694,-0.575076,0.277607,-2.352231,-0.202212,1.914066,0.758497,-0.380516,0.098434,0.212040,0.007605,-0.160148,0.319502,-0.047064
1.650118,-1.060858,0.051114,1.028618,0.938734,-1.086906,1.069175,-0.400694,0.028786,-0.473939,0.655780,0.377235,-0.533614,0.746434,-0.165084,-0.510080,-0.574975,0.277812,-2.352214,-0.202372,1.914389,0.758449,-0.381758,0.099094,0.210224,0.011019,-0.160005,0.321021,-0.047746
1.650982,-1.059834,0.050208,1.027668,0.938814,-1.086318,1.067987,-0.400262,0.027221,-0.478173,0.651727,0.379334,-0.534243,0.746512,-0.165294,-0.510455,-0.574876,0.278019,-2.352206,-0.202530,1.914713,0.758402,-0.379836,0.098418,0.209765,0.009946,-0.159895,0.321995,-0.046742
1.652031,-1.061747,0.054374,1.024016,0.940186,-1.087892,1.066652,-0.401383,0.026556,-0.481539,0.649496,0.379450,-0.534891,0.746259,-0.165422,-0.510837,-0.574775,0.278230,-2.352194,-0.202694,1.915045,0.758353,-0.379739,0.099043,0.210004,0.010175,-0.160693,0.323006,-0.047890
1.652981,-1.065452,0.051990,1.027438,0.941154,-1.088099,1.068498,-0.401167,0.024841,-0.483461,0.646424,0.378444,-0.535646,0.745786,-0.165476,-0.511214,-0.574680,0.278445,-2.352186,-0.202851,1.915370,0.758311,-0.379044,0.097454,0.212042,0.009331,-0.159756,0.324603,-0.046010
1.654027,-1.065479,0.051418,1.021933,0.940562,-1.086182,1.070932,-0.401575,0.020695,-0.483832,0.640672,0.377120,-0.536583,0.745204,-0.165475,-0.511590,-0.574580,0.278655,-2.352179,-0.203013,1.915689,0.758260,-0.377015,0.098968,0.210294,0.008867,-0.159955,0.322805,-0.046767
1.655083,-1.064125,0.055486,1.019982,0.941524,-1.085551,1.074251,-0.402014,0.013873,-0.484510,0.631822,0.376715,-0.537728,0.744684,-0.165441,-0.511970,-0.574479,0.278871,-2.352168,-0.203177,1.916004,0.758217,-0.377248,0.099684,0.213267,0.009954,-0.162483,0.320677,-0.046323
1.656108,-1.061252,0.056898,1.019024,0.940925,-1.087101,1.073082,-0.402727,0.004230,-0.485791,0.619458,0.377267,-0.539078,0.744290,-0.165393,-0.512345,-0.574383,0.279089,-2.352160,-0.203348,1.916320,0.758174,-0.378265,0.098142,0.214401,0.009505,-0.163631,0.317667,-0.045835
1.657078,-1.058975,0.056102,1.019815,0.943180,-1.084823,1.071035,-0.403344,-0.007621,-0.485530,0.604424,0.377512,-0.540570,0.743975,-0.165346,-0.512728,-0.574286,0.279306,-2.352147,-0.203511,1.916642,0.758130,-0.379807,0.097907,0.214975,0.010529,-0.162601,0.319101,-0.044774
1.657987,-1.059994,0.052860,1.016985,0.943118,-1.084655,1.069580,-0.403584,-0.019671,-0.483928,0.589352,0.377221,-0.542070,0.743730,-0.165302,-0.513112,-0.574185,0.279520,-2.352142,-0.203683,1.916963,0.758085,-0.380769,0.098634,0.214575,0.008814,-0.165252,0.321273,-0.043879
1.659015,-1.064467,0.053492,1.016750,0.943157,-1.086603,1.073370,-0.404263,-0.030765,-0.484221,0.575414,0.377994,-0.543483,0.743626,-0.165260,-0.513486,-0.574081,0.279738,-2.352132,-0.203851,1.917290,0.758040,-0.379915,0.100447,0.215792,0.009276,-0.165652,0.322670,-0.043710
1.659968,-1.054878,0.056811,1.014631,0.942350,-1.087082,1.072594,-0.403921,-0.042201,-0.488085,0.560933,0.380450,-0.544866,0.743572,-0.165222,-0.513861,-0.573980,0.279950,-2.352121,-0.204013,1.917599,0.757999,-0.377864,0.100528,0.216072,0.009685,-0.164251,0.319133,-0.042727
1.661015,-1.056049,0.057925,1.013481,0.943153,-1.087382,1.074401,-0.404898,-0.054696,-0.493305,0.545420,0.382828,-0.546270,0.743330,-0.165181,-0.514248,-0.573884,0.280170,-2.352107,-0.204180,1.917921,0.757954,-0.382447,0.099204,0.217018,0.010848,-0.164135,0.320025,-0.043760
1.662018,-1.062193,0.059028,1.010831,0.944037,-1.084961,1.076803,-0.404508,-0.067017,-0.497142,0.530690,0.383335,-0.547625,0.742748,-0.165132,-0.514631,-0.573786,0.280392,-2.352098,-0.204347,1.918235,0.757917,-0.382006,0.099134,0.217709,0.010530,-0.164393,0.318513,-0.042187
1.663012,-1.064187,0.059901,1.006389,0.944185,-1.085208,1.080959,-0.404411,-0.080123,-0.499002,0.515645,0.382206,-0.548982,0.741831,-0.165084,-0.515005,-0.573687,0.280612,-2.352088,-0.204518,1.918546,0.757869,-0.379008,0.098979,0.219045,0.010114,-0.167259,0.316343,-0.043339
1.663990,-1.064942,0.061382,1.005474,0.944454,-1.085646,1.082526,-0.404278,-0.097048,-0.499057,0.496577,0.380442,-0.550512,0.740625,-0.165053,-0.515379,-0.573589,0.280838,-2.352077,-0.204689,1.918851,0.757823,-0.378082,0.098929,0.221189,0.010394,-0.167390,0.312428,-0.043874
1.665009,-1.068349,0.064208,1.002801,0.943743,-1.086434,1.081854,-0.404900,-0.118905,-0.497275,0.472146,0.378235,-0.552293,0.739147,-0.165041,-0.515756,-0.573490,0.281060,-2.352065,-0.204857,1.919152,0.757780,-0.377666,0.098548,0.221560,0.010523,-0.167344,0.311136,-0.044486
1.665989,-1.070379,0.066142,1.000502,0.945291,-1.083394,1.081317,-0.403916,-0.145165,-0.492746,0.443269,0.374519,-0.554324,0.737337,-0.165043,-0.516127,-0.573395,0.281285,-2.352051,-0.205024,1.919466,0.757739,-0.376153,0.097595,0.222901,0.011604,-0.167042,0.312090,-0.043605
1.667046,-1.068539,0.067075,0.994947,0.945375,-1.084351,1.080173,-0.405147,-0.175613,-0.484305,0.410450,0.368253,-0.556604,0.735154,-0.165058,-0.516501,-0.573300,0.281512,-2.352042,-0.205203,1.919782,0.757688,-0.375153,0.097037,0.223910,0.010509,-0.170412,0.312791,-0.045923
1.668098,-1.068535,0.070080,0.994873,0.947332,-1.082164,1.080316,-0.404373,-0.209663,-0.472741,0.374044,0.360109,-0.559071,0.732745,-0.165098,-0.516883,-0.573202,0.281745,-2.352031,-0.205373,1.920099,0.757649,-0.376334,0.097070,0.226714,0.010917,-0.169960,0.314262,-0.043824
1.669100,-1.067411,0.066550,0.992651,0.946436,-1.080448,1.081962,-0.405259,-0.245551,-0.459749,0.335588,0.351403,-0.561580,0.730296,-0.165160,-0.517257,-0.573107,0.281974,-2.352024,-0.205550,1.920413,0.757599,-0.376662,0.096075,0.226756,0.009507,-0.172640,0.314434,-0.045774
1.669993,-1.067324,0.068784,0.990572,0.945389,-1.080698,1.085304,-0.405628,-0.280708,-0.447610,0.297804,0.343468,-0.563954,0.727957,-0.165227,-0.517636,-0.573006,0.282207,-2.352011,-0.205728,1.920728,0.757558,-0.377262,0.098244,0.227723,0.010824,-0.174701,0.312984,-0.044339
1.671129,-1.061964,0.071919,0.990055,0.945489,-1.079425,1.088111,-0.405674,-0.313488,-0.438029,0.262564,0.336497,-0.566124,0.725706,-0.165276,-0.518014,-0.572911,0.282434,-2.351997,-0.205904,1.921032,0.757517,-0.376844,0.097364,0.228399,0.012139,-0.174565,0.309675,-0.043918
1.672037,-1.060873,0.073789,0.992772,0.946796,-1.079928,1.087460,-0.406255,-0.342869,-0.429690,0.231315,0.329215,-0.568071,0.723433,-0.165301,-0.518394,-0.572818,0.282667,-2.351982,-0.206084,1.921335,0.757472,-0.380193,0.096466,0.228872,0.012460,-0.176467,0.307446,-0.044261
1.672984,-1.060175,0.068400,0.987180,0.947083,-1.079550,1.085042,-0.406852,-0.366765,-0.421314,0.206781,0.321360,-0.569671,0.721225,-0.165284,-0.518776,-0.572722,0.282887,-2.351972,-0.206261,1.921641,0.757430,-0.380273,0.095820,0.227253,0.011551,-0.176098,0.308205,-0.043404
1.673998,-1.068425,0.068873,0.982761,0.946297,-1.082485,1.084875,-0.408078,-0.384502,-0.415158,0.189441,0.314548,-0.570874,0.719242,-0.165204,-0.519153,-0.572618,0.283125,-2.351960,-0.206439,1.921955,0.757391,-0.380445,0.098799,0.229735,0.011631,-0.176719,0.310743,-0.042557
1.675059,-1.067954,0.074472,0.983474,0.949050,-1.081645,1.084849,-0.407733,-0.399526,-0.413767,0.174460,0.309765,-0.571897,0.717393,-0.165073,-0.519527,-0.572522,0.283360,-2.351947,-0.206611,1.922269,0.757353,-0.376420,0.098978,0.231806,0.012824,-0.174188,0.311135,-0.040483
1.676035,-1.076019,0.078756,0.984767,0.947987,-1.081562,1.085974,-0.408456,-0.415596,-0.415094,0.157382,0.306139,-0.572964,0.715523,-0.164932,-0.519908,-0.572430,0.283589,-2.351940,-0.206785,1.922578,0.757312,-0.376989,0.096722,0.231486,0.010610,-0.175581,0.311541,-0.041602
1.677058,-1.074363,0.079210,0.979515,0.949303,-1.080311,1.088301,-0.407891,-0.433296,-0.414186,0.138450,0.302027,-0.574071,0.713606,-0.164820,-0.520273,-0.572339,0.283819,-2.351925,-0.206959,1.922889,0.757273,-0.372996,0.095039,0.230657,0.012031,-0.175981,0.310586,-0.040498
1.678059,-1.072452,0.078592,0.981896,0.948823,-1.080126,1.093036,-0.408366,-0.452544,-0.408488,0.118269,0.296401,-0.575207,0.711596,-0.164764,-0.520649,-0.572242,0.284054,-2.351915,-0.207140,1.923187,0.757228,-0.374035,0.095275,0.233195,0.011176,-0.177605,0.308611,-0.042020
1.678973,-1.075730,0.077344,0.984212,0.948078,-1.077853,1.096053,-0.407732,-0.471813,-0.400451,0.098151,0.290604,-0.576324,0.709674,-0.164774,-0.521027,-0.572145,0.284285,-2.351901,-0.207320,1.923484,0.757187,-0.375040,0.096011,0.231842,0.012031,-0.178110,0.304172,-0.041417
1.680087,-1.074411,0.079737,0.986437,0.950231,-1.078428,1.094429,-0.407442,-0.487919,-0.393670,0.081607,0.286091,-0.577285,0.708122,-0.164845,-0.521399,-0.572047,0.284514,-2.351885,-0.207504,1.923781,0.757143,-0.373093,0.096902,0.230361,0.013027,-0.180495,0.301312,-0.043018
1.681089,-1.074523,0.077959,0.985292,0.950320,-1.078624,1.092885,-0.408308,-0.499053,-0.389494,0.070948,0.283127,-0.577998,0.707081,-0.164970,-0.521778,-0.571951,0.284739,-2.351876,-0.207685,1.924083,0.757098,-0.374330,0.096297,0.229499,0.011419,-0.180459,0.303511,-0.044004
1.682064,-1.069846,0.079048,0.986464,0.950077,-1.078570,1.090682,-0.407855,-0.504789,-0.388689,0.066412,0.282232,-0.578420,0.706617,-0.165142,-0.522148,-0.571852,0.284970,-2.351864,-0.207868,1.924389,0.757059,-0.374403,0.097591,0.229969,0.011745,-0.180556,0.305323,-0.042629
1.683046,-1.072307,0.078963,0.991735,0.950908,-1.075531,1.089871,-0.409225,-0.505091,-0.391631,0.067672,0.283033,-0.578554,0.706590,-0.165343,-0.522529,-0.571756,0.285198,-2.351851,-0.208050,1.924700,0.757012,-0.376655,0.097424,0.229212,0.012363,-0.180866,0.307718,-0.043891
1.683985,-1.068900,0.083257,0.990935,0.952189,-1.075291,1.091072,-0.409026,-0.499457,-0.397660,0.075498,0.284475,-0.578374,0.706787,-0.165538,-0.522899,-0.571655,0.285419,-2.351839,-0.208237,1.925012,0.756976,-0.375437,0.097810,0.226496,0.011919,-0.184147,0.308704,-0.041494
1.685023,-1.074765,0.088105,0.992039,0.952998,-1.071895,1.092910,-0.409669,-0.487944,-0.405281,0.090231,0.286242,-0.577880,0.707124,-0.165698,-0.523278,-0.571563,0.285648,-2.351828,-0.208425,1.925319,0.756932,-0.376921,0.096017,0.226660,0.011037,-0.184472,0.307616,-0.042249
1.685991,-1.070580,0.087839,0.997043,0.952031,-1.071883,1.095716,-0.409541,-0.472845,-0.411286,0.109385,0.287784,-0.577212,0.707484,-0.165835,-0.523651,-0.571471,0.285871,-2.351816,-0.208619,1.925621,0.756894,-0.374222,0.094126,0.226175,0.010670,-0.188167,0.306143,-0.041346
1.687071,-1.076778,0.089171,0.994206,0.953205,-1.071694,1.099722,-0.410230,-0.455816,-0.413364,0.131278,0.288032,-0.576497,0.707714,-0.165953,-0.524027,-0.571376,0.286090,-2.351802,-0.208807,1.925921,0.756850,-0.376273,0.094667,0.223583,0.011992,-0.188321,0.303559,-0.041956
1.688004,-1.075054,0.093384,0.996630,0.953909,-1.069401,1.098968,-0.410360,-0.437236,-0.412753,0.155383,0.287117,-0.575817,0.707848,-0.166038,-0.524401,-0.571281,0.286318,-2.351793,-0.209001,1.926218,0.756811,-0.373589,0.094558,0.225167,0.011318,-0.188866,0.300030,-0.040978
1.689034,-1.077241,0.095472,0.995792,0.956145,-1.065869,1.097327,-0.409359,-0.418859,-0.410282,0.179191,0.285694,-0.575311,0.708020,-0.166090,-0.524780,-0.571191,0.286535,-2.351783,-0.209194,1.926519,0.756772,-0.374197,0.092824,0.223790,0.011034,-0.191221,0.300986,-0.041074
1.690066,-1.073592,0.091890,0.995437,0.955384,-1.061298,1.091209,-0.410768,-0.401707,-0.405394,0.201232,0.283998,-0.575023,0.708343,-0.166126,-0.525150,-0.571099,0.286761,-2.351777,-0.209398,1.926827,0.756725,-0.373362,0.092319,0.224238,0.009358,-0.194914,0.302951,-0.043458
1.691075,-1.070068,0.094217,1.002895,0.959541,-1.058140,1.090779,-0.409826,-0.385166,-0.400133,0.221684,0.282696,-0.574898,0.708862,-0.166155,-0.525531,-0.570999,0.286984,-2.351764,-0.209611,1.927145,0.756688,-0.375365,0.094567,0.224464,0.010548,-0.199565,0.309376,-0.040990
1.691996,-1.070190,0.090920,1.004811,0.957228,-1.055316,1.090333,-0.410280,-0.366541,-0.398614,0.243219,0.283400,-0.574763,0.709692,-0.166162,-0.525909,-0.570906,0.287199,-2.351763,-0.209820,1.927457,0.756640,-0.377209,0.093842,0.220790,0.007043,-0.202756,0.309998,-0.043268
1.693215,-1.067456,0.093351,1.009024,0.958357,-1.053230,1.091279,-0.410465,-0.342722,-0.403049,0.269734,0.287205,-0.574395,0.710958,-0.166132,-0.526285,-0.570805,0.287417,-2.351748,-0.210031,1.927772,0.756601,-0.376820,0.095756,0.219674,0.009692,-0.205418,0.310487,-0.042666
1.694085,-1.064421,0.091929,1.006265,0.960188,-1.049232,1.093024,-0.410403,-0.313344,-0.412796,0.302103,0.292898,-0.573743,0.712467,-0.166064,-0.526670,-0.570711,0.287633,-2.351740,-0.210241,1.928084,0.756558,-0.379170,0.095316,0.218203,0.009202,-0.207988,0.310225,-0.042778
1.695044,-1.056566,0.093398,1.008588,0.959535,-1.043719,1.091635,-0.410762,-0.279438,-0.427119,0.338961,0.300173,-0.572801,0.714149,-0.165976,-0.527047,-0.570614,0.287853,-2.351734,-0.210462,1.928388,0.756513,-0.380130,0.096251,0.219262,0.007824,-0.211635,0.308469,-0.043191
1.696079,-1.061484,0.092939,1.006593,0.960408,-1.043138,1.091493,-0.409588,-0.241843,-0.445664,0.378897,0.309701,-0.571512,0.716099,-0.165887,-0.527439,-0.570520,0.288069,-2.351723,-0.210691,1.928696,0.756469,-0.383775,0.095890,0.218032,0.008900,-0.216913,0.310058,-0.042798
1.697184,-1.060218,0.096315,1.004040,0.962429,-1.043898,1.089148,-0.410435,-0.202143,-0.466696,0.420055,0.320264,-0.569909,0.718152,-0.165806,-0.527812,-0.570422,0.288288,-2.351715,-0.210910,1.929007,0.756419,-0.381514,0.096587,0.219157,0.008544,-0.217458,0.310498,-0.045532
1.698092,-1.067818,0.094601,1.003010,0.962146,-1.043318,1.087368,-0.409524,-0.164144,-0.488071,0.458010,0.330956,-0.568203,0.720113,-0.165742,-0.528196,-0.570330,0.288515,-2.351710,-0.211128,1.929328,0.756378,-0.382629,0.095516,0.220644,0.007149,-0.216846,0.313263,-0.044220
1.699013,-1.064855,0.095954,1.003458,0.962593,-1.041738,1.086159,-0.410752,-0.131872,-0.508172,0.488130,0.341436,-0.566669,0.721845,-0.165702,-0.528569,-0.570231,0.288733,-2.351700,-0.211349,1.929646,0.756328,-0.378456,0.096638,0.220927,0.007855,-0.217156,0.315030,-0.046361
1.700079,-1.065224,0.097739,0.999146,0.962599,-1.039592,1.085415,-0.411126,-0.106914,-0.526055,0.509094,0.350783,-0.565481,0.723204,-0.165683,-0.528948,-0.570135,0.288952,-2.351692,-0.211570,1.929967,0.756290,-0.379650,0.096247,0.220504,0.007856,-0.218494,0.316246,-0.044201
1.701083,-1.067512,0.098076,1.003482,0.963139,-1.038186,1.087254,-0.411427,-0.088624,-0.540969,0.522117,0.358179,-0.564648,0.724144,-0.165679,-0.529333,-0.570040,0.289181,-2.351683,-0.211794,1.930289,0.756246,-0.379711,0.095901,0.222755,0.008377,-0.220665,0.317293,-0.043861
1.702001,-1.071366,0.102504,1.005683,0.966082,-1.037007,1.088895,-0.410529,-0.075794,-0.552497,0.528885,0.363454,-0.564107,0.724726,-0.165700,-0.529707,-0.569942,0.289395,-2.351674,-0.212018,1.930601,0.756203,-0.378663,0.096146,0.220632,0.008325,-0.221961,0.315667,-0.043623
1.703106,-1.068883,0.099080,1.001622,0.963238,-1.035916,1.088294,-0.410294,-0.067026,-0.560801,0.531582,0.367664,-0.563766,0.725217,-0.165759,-0.530083,-0.569850,0.289612,-2.351671,-0.212244,1.930915,0.756151,-0.376413,0.094258,0.219370,0.005928,-0.222819,0.314071,-0.045722
1.704030,-1.066869,0.102589,0.999877,0.966880,-1.036920,1.085861,-0.410482,-0.061502,-0.566379,0.531389,0.371433,-0.563582,0.725774,-0.165846,-0.530470,-0.569749,0.289835,-2.351657,-0.212469,1.931231,0.756103,-0.378110,0.096544,0.221689,0.009242,-0.224017,0.315129,-0.046580
1.705080,-1.065298,0.102409,1.001386,0.966335,-1.034668,1.080438,-0.410031,-0.058944,-0.570673,0.528111,0.374687,-0.563557,0.726327,-0.165934,-0.530850,-0.569658,0.290059,-2.351656,-0.212692,1.931556,0.756059,-0.378775,0.095111,0.222291,0.006160,-0.222714,0.317566,-0.046506
1.706125,-1.062853,0.105697,1.003667,0.967627,-1.034821,1.080732,-0.411935,-0.058161,-0.574720,0.522875,0.377851,-0.563608,0.726876,-0.165991,-0.531234,-0.569561,0.290281,-2.351647,-0.212923,1.931892,0.756012,-0.379759,0.095714,0.221639,0.007280,-0.224926,0.323208,-0.047795
1.707111,-1.063503,0.107396,1.001693,0.969134,-1.035992,1.079131,-0.411084,-0.057080,-0.578290,0.518473,0.380545,-0.563594,0.727358,-0.165997,-0.531621,-0.569467,0.290499,-2.351641,-0.213147,1.932219,0.755975,-0.381122,0.094578,0.220642,0.006545,-0.224720,0.323097,-0.044348
1.707990,-1.060501,0.106680,1.007198,0.968062,-1.036346,1.078683,-0.411402,-0.054778,-0.580820,0.516241,0.382546,-0.563463,0.727736,-0.165964,-0.531997,-0.569375,0.290722,-2.351638,-0.213369,1.932548,0.755926,-0.380777,0.094187,0.221578,0.005661,-0.223410,0.324809,-0.046433
1.709101,-1.061451,0.110896,1.005053,0.969622,-1.037648,1.078295,-0.411428,-0.051142,-0.582394,0.516460,0.384009,-0.563263,0.728001,-0.165932,-0.532381,-0.569278,0.290934,-2.351627,-0.213592,1.932873,0.755883,-0.381707,0.094779,0.218576,0.007099,-0.222706,0.325145,-0.046069
1.710063,-1.060963,0.113865,1.008352,0.971477,-1.038435,1.079194,-0.411726,-0.045784,-0.582925,0.519912,0.384334,-0.563040,0.728074,-0.165925,-0.532758,-0.569186,0.291158,-2.351623,-0.213816,1.933203,0.755838,-0.381774,0.093300,0.219947,0.006194,-0.221517,0.325890,-0.046435
1.710955,-1.059868,0.112889,1.002327,0.971001,-1.038341,1.077215,-0.411578,-0.039431,-0.581435,0.525838,0.383659,-0.562840,0.728035,-0.165955,-0.533139,-0.569096,0.291374,-2.351619,-0.214036,1.933528,0.755791,-0.381856,0.092256,0.218218,0.004919,-0.220568,0.325047,-0.046158
1.712055,-1.058889,0.115117,1.005602,0.972304,-1.036693,1.073365,-0.411346,-0.033497,-0.577957,0.532286,0.382656,-0.562722,0.728000,-0.166037,-0.533522,-0.569001,0.291599,-2.351612,-0.214251,1.933855,0.755744,-0.381883,0.093028,0.220929,0.005859,-0.220414,0.326964,-0.046751
1.712985,-1.060261,0.114294,1.008274,0.972215,-1.036017,1.070955,-0.411256,-0.028794,-0.573557,0.537846,0.381286,-0.562716,0.727921,-0.166183,-0.533904,-0.568912,0.291819,-2.351607,-0.214479,1.934195,0.755696,-0.382832,0.092565,0.219524,0.005193,-0.222145,0.331108,-0.047610
1.713990,-1.062773,0.116655,1.007204,0.974142,-1.039196,1.070136,-0.410531,-0.024449,-0.569152,0.543545,0.379273,-0.562748,0.727757,-0.166381,-0.534284,-0.568817,0.292034,-2.351599,-0.214703,1.934531,0.755646,-0.381820,0.093322,0.218066,0.005752,-0.222540,0.333437,-0.048084
1.715054,-1.064301,0.115546,1.013913,0.975203,-1.039319,1.070359,-0.411125,-0.020155,-0.565193,0.549913,0.376784,-0.562761,0.727532,-0.166613,-0.534659,-0.568726,0.292254,-2.351597,-0.214912,1.934868,0.755594,-0.380656,0.092619,0.218641,0.004456,-0.219361,0.334336,-0.049870
1.716062,-1.061956,0.116960,1.012935,0.974310,-1.036964,1.070602,-0.410745,-0.016212,-0.562399,0.556557,0.374833,-0.562745,0.727361,-0.166861,-0.535042,-0.568630,0.292464,-2.351594,-0.215132,1.935201,0.755544,-0.380174,0.093720,0.215541,0.004063,-0.219336,0.334338,-0.049023
1.716968,-1.062578,0.117653,1.013206,0.974076,-1.036066,1.072433,-0.410857,-0.011307,-0.561518,0.565046,0.373770,-0.562622,0.727312,-0.167092,-0.535431,-0.568536,0.292679,-2.351586,-0.215354,1.935532,0.755490,-0.381311,0.093455,0.216160,0.005500,-0.221633,0.334225,-0.050125
1.718095,-1.063266,0.119467,1.011659,0.974434,-1.036432,1.073231,-0.409998,-0.005156,-0.561416,0.575651,0.372210,-0.562364,0.727221,-0.167277,-0.535809,-0.568440,0.292893,-2.351578,-0.215573,1.935863,0.755441,-0.380584,0.093389,0.215845,0.006171,-0.222243,0.332299,-0.050174
1.719007,-1.063486,0.120120,1.015355,0.976068,-1.037709,1.074474,-0.409992,0.000834,-0.560515,0.586451,0.369168,-0.562034,0.726944,-0.167414,-0.536196,-0.568347,0.293111,-2.351572,-0.215798,1.936193,0.755385,-0.380767,0.093151,0.216993,0.006451,-0.222019,0.331903,-0.052290
1.720055,-1.067233,0.121610,1.016441,0.975953,-1.039020,1.073947,-0.409952,0.006066,-0.558843,0.596538,0.365315,-0.561661,0.726555,-0.167512,-0.536579,-0.568252,0.293321,-2.351571,-0.216015,1.936517,0.755333,-0.380225,0.093121,0.215013,0.005399,-0.220495,0.330621,-0.052562
1.721009,-1.064043,0.119093,1.014939,0.976208,-1.039742,1.076214,-0.409449,0.010739,-0.556811,0.606311,0.361437,-0.561264,0.726166,-0.167571,-0.536952,-0.568162,0.293534,-2.351563,-0.216232,1.936853,0.755279,-0.378659,0.092950,0.214701,0.006085,-0.219234,0.331360,-0.052984
1.721979,-1.066589,0.120692,1.012490,0.977486,-1.039109,1.077457,-0.410378,0.014650,-0.555188,0.615581,0.357774,-0.560929,0.725793,-0.167583,-0.537338,-0.568065,0.293749,-2.351557,-0.216447,1.937176,0.755219,-0.380017,0.094565,0.215408,0.006350,-0.218399,0.329127,-0.054270
1.723069,-1.067558,0.122027,1.019912,0.977974,-1.039216,1.078104,-0.409320,0.017143,-0.555425,0.623142,0.355210,-0.560747,0.725530,-0.167543,-0.537711,-0.567971,0.293968,-2.351552,-0.216665,1.937504,0.755170,-0.378678,0.094152,0.216565,0.005602,-0.218919,0.327966,-0.052702
1.724065,-1.067726,0.123808,1.016333,0.976841,-1.038476,1.079754,-0.409147,0.018248,-0.557403,0.629110,0.354170,-0.560723,0.725494,-0.167463,-0.538089,-0.567879,0.294178,-2.351545,-0.216885,1.937834,0.755109,-0.378652,0.094105,0.213181,0.005717,-0.218923,0.327638,-0.055193
1.725016,-1.065572,0.122577,1.013705,0.977813,-1.039733,1.084205,-0.408281,0.018717,-0.559210,0.634993,0.353230,-0.560821,0.725592,-0.167366,-0.538470,-0.567786,0.294396,-2.351534,-0.217101,1.938152,0.755052,-0.378562,0.093667,0.215042,0.007302,-0.219622,0.326161,-0.055822
1.725982,-1.068592,0.121074,1.011433,0.979219,-1.040887,1.083355,-0.409298,0.017928,-0.560005,0.639899,0.351522,-0.561080,0.725717,-0.167255,-0.538846,-0.567689,0.294614,-2.351529,-0.217320,1.938464,0.754990,-0.379484,0.094632,0.216246,0.006851,-0.218178,0.321806,-0.057830
1.727124,-1.068668,0.124401,1.013386,0.978865,-1.041464,1.080237,-0.408216,0.014530,-0.561784,0.641406,0.350737,-0.561545,0.726028,-0.167115,-0.539222,-0.567589,0.294833,-2.351524,-0.217537,1.938786,0.754938,-0.377854,0.095709,0.217312,0.005989,-0.216906,0.322810,-0.056063
1.728054,-1.066730,0.123795,1.008953,0.979326,-1.039593,1.077622,-0.409500,0.008042,-0.565253,0.638758,0.351405,-0.562203,0.726545,-0.166942,-0.539597,-0.567495,0.295051,-2.351515,-0.217749,1.939119,0.754876,-0.378563,0.094698,0.216716,0.006935,-0.216646,0.326357,-0.058628
1.729002,-1.062480,0.127794,1.007315,0.981329,-1.042245,1.078270,-0.408344,-0.001213,-0.568421,0.632686,0.351643,-0.562983,0.726989,-0.166766,-0.539979,-0.567400,0.295275,-2.351509,-0.217969,1.939454,0.754822,-0.379203,0.095335,0.218733,0.006991,-0.218303,0.328904,-0.056294
1.730116,-1.068508,0.125342,1.007568,0.981155,-1.043513,1.079172,-0.408499,-0.012635,-0.570317,0.623840,0.351094,-0.563768,0.727276,-0.166611,-0.540366,-0.567308,0.295495,-2.351506,-0.218178,1.939777,0.754756,-0.381031,0.093711,0.219408,0.005555,-0.215537,0.328281,-0.058897
1.731006,-1.067426,0.128781,1.009836,0.982843,-1.045092,1.080254,-0.408346,-0.025991,-0.571350,0.612369,0.350801,-0.564498,0.727492,-0.166478,-0.540741,-0.567207,0.295714,-2.351498,-0.218393,1.940104,0.754698,-0.378574,0.095510,0.219595,0.006320,-0.214494,0.327755,-0.058920
1.731984,-1.068525,0.126141,1.004241,0.979707,-1.048669,1.082375,-0.407500,-0.041071,-0.572131,0.598837,0.351326,-0.565193,0.727673,-0.166361,-0.541121,-0.567116,0.295932,-2.351492,-0.218602,1.940432,0.754636,-0.378658,0.094071,0.218185,0.005104,-0.212711,0.326569,-0.059457
1.733134,-1.065505,0.131052,1.004680,0.981474,-1.050196,1.082457,-0.407657,-0.057897,-0.572180,0.583555,0.351833,-0.565939,0.727715,-0.166276,-0.541501,-0.567016,0.296156,-2.351477,-0.218803,1.940753,0.754572,-0.378013,0.095770,0.220919,0.008613,-0.209181,0.324573,-0.061430
1.734051,-1.065103,0.131294,1.002458,0.981827,-1.050798,1.083370,-0.407294,-0.076680,-0.570368,0.566214,0.350724,-0.566841,0.727451,-0.166245,-0.541882,-0.566926,0.296379,-2.351472,-0.219007,1.941079,0.754508,-0.380236,0.094010,0.221041,0.007477,-0.208082,0.324975,-0.061452
1.735142,-1.066722,0.131384,1.000803,0.982013,-1.053229,1.080823,-0.407954,-0.096500,-0.566253,0.547704,0.348043,-0.567885,0.726983,-0.166268,-0.542263,-0.566832,0.296603,-2.351465,-0.219211,1.941400,0.754443,-0.380037,0.094231,0.221905,0.007612,-0.207389,0.324049,-0.062412
1.735974,-1.063259,0.131881,0.995337,0.982211,-1.052994,1.080582,-0.406623,-0.116829,-0.560549,0.528478,0.344675,-0.569049,0.726473,-0.166345,-0.542639,-0.566736,0.296829,-2.351457,-0.219414,1.941734,0.754384,-0.379708,0.094755,0.222902,0.007994,-0.205236,0.326922,-0.061420
1.737012,-1.068489,0.134466,0.997060,0.984649,-1.053195,1.078291,-0.406991,-0.138247,-0.554210,0.507564,0.340886,-0.570386,0.725942,-0.166475,-0.543019,-0.566642,0.297061,-2.351448,-0.219618,1.942066,0.754313,-0.380697,0.094686,0.225062,0.008167,-0.205219,0.326894,-0.064281
1.738100,-1.064321,0.136207,0.997923,0.985241,-1.058042,1.078977,-0.405555,-0.161045,-0.547355,0.484492,0.337220,-0.571879,0.725494,-0.166654,-0.543393,-0.566551,0.297283,-2.351445,-0.219824,1.942396,0.754250,-0.378312,0.093932,0.224260,0.006360,-0.205161,0.329409,-0.063812
1.739067,-1.061780,0.134454,0.994064,0.986839,-1.057877,1.079473,-0.405585,-0.184130,-0.539975,0.460829,0.334479,-0.573410,0.725278,-0.166866,-0.543774,-0.566459,0.297511,-2.351439,-0.220017,1.942728,0.754174,-0.380858,0.093686,0.223976,0.006390,-0.200646,0.328992,-0.066996
1.740104,-1.066000,0.138291,0.995494,0.986331,-1.060094,1.081872,-0.405582,-0.205290,-0.533681,0.439091,0.333748,-0.574809,0.725418,-0.167079,-0.544157,-0.566364,0.297739,-2.351435,-0.220215,1.943054,0.754106,-0.381939,0.094960,0.225742,0.005351,-0.200930,0.328572,-0.067148
1.740998,-1.062955,0.139730,0.993132,0.985843,-1.060592,1.080034,-0.404753,-0.224147,-0.529195,0.419412,0.335267,-0.575997,0.725878,-0.167262,-0.544529,-0.566271,0.297964,-2.351426,-0.220409,1.943378,0.754036,-0.380075,0.093530,0.225048,0.006398,-0.198955,0.326390,-0.067427
1.742116,-1.064985,0.136823,0.991757,0.985956,-1.062865,1.079145,-0.404371,-0.241765,-0.523602,0.400904,0.336674,-0.576971,0.726334,-0.167412,-0.544912,-0.566179,0.298195,-2.351416,-0.220607,1.943711,0.753960,-0.381119,0.093128,0.225843,0.007268,-0.198386,0.328148,-0.069274
1.743105,-1.070197,0.139135,0.992116,0.988328,-1.066581,1.080048,-0.404406,-0.258472,-0.516081,0.383234,0.336393,-0.577743,0.726528,-0.167534,-0.545293,-0.566080,0.298423,-2.351408,-0.220798,1.944039,0.753884,-0.380632,0.095187,0.226745,0.007730,-0.196564,0.329413,-0.070323
1.743999,-1.075503,0.138301,0.991412,0.988668,-1.066543,1.079722,-0.404532,-0.274786,-0.509031,0.365363,0.335791,-0.578360,0.726546,-0.167613,-0.545666,-0.565988,0.298651,-2.351405,-0.220985,1.944370,0.753814,-0.378053,0.094455,0.226438,0.005965,-0.193063,0.328582,-0.070488
1.745120,-1.081738,0.143615,0.991996,0.988855,-1.070186,1.079936,-0.403894,-0.292101,-0.503022,0.345687,0.336243,-0.578916,0.726557,-0.167642,-0.546037,-0.565890,0.298875,-2.351399,-0.221179,1.944696,0.753744,-0.375029,0.095125,0.226471,0.006113,-0.193088,0.328837,-0.070428
1.746095,-1.079993,0.142852,0.993043,0.988105,-1.071312,1.080909,-0.404347,-0.311867,-0.495750,0.323025,0.336741,-0.579518,0.726473,-0.167642,-0.546405,-0.565800,0.299103,-2.351393,-0.221363,1.945029,0.753668,-0.372642,0.093125,0.226406,0.006560,-0.189957,0.328983,-0.072014
1.747165,-1.082068,0.143145,0.991045,0.988669,-1.072197,1.083745,-0.402539,-0.355246,-0.471001,0.274453,0.331662,-0.580878,0.725512,-0.167660,-0.547157,-0.565611,0.299555,-2.351375,-0.221733,1.945678,0.753511,-0.372824,0.094343,0.226881,0.007747,-0.188613,0.325552,-0.075211
1.748038,-1.082327,0.144217,0.985233,0.990624,-1.072689,1.082185,-0.403472,-0.355246,-0.471001,0.274453,0.331662,-0.580878,0.725512,-0.167660,-0.547157,-0.565611,0.299555,-2.351375,-0.221733,1.945678,0.753511,-0.372824,0.094343,0.226881,0.007747,-0.188613,0.325552,-0.075211
1.749029,-1.078314,0.144586,0.986229,0.989504,-1.073466,1.081389,-0.403495,-0.376331,-0.456954,0.250630,0.328014,-0.581603,0.724964,-0.167710,-0.547525,-0.565517,0.299790,-2.351371,-0.221924,1.946008,0.753442,-0.372274,0.094054,0.229289,0.006296,-0.188072,0.327002,-0.073477
1.750018,-1.073897,0.145840,0.988197,0.991354,-1.072960,1.079519,-0.403260,-0.396868,-0.443415,0.226532,0.325150,-0.582404,0.724555,-0.167775,-0.547903,-0.565423,0.300021,-2.351359,-0.222111,1.946339,0.753366,-0.374305,0.094305,0.228603,0.007845,-0.187527,0.327890,-0.073672
1.751077,-1.076740,0.143665,0.988426,0.991240,-1.073542,1.079491,-0.402767,-0.413684,-0.430937,0.206024,0.322735,-0.583144,0.724313,-0.167839,-0.548285,-0.565329,0.300245,-2.351356,-0.222300,1.946672,0.753290,-0.376454,0.094104,0.227553,0.006574,-0.188258,0.329852,-0.074373
1.751998,-1.075464,0.145646,0.993976,0.994232,-1.072968,1.077181,-0.402630,-0.424134,-0.421045,0.192305,0.321280,-0.583692,0.724351,-0.167900,-0.548653,-0.565230,0.300474,-2.351346,-0.222487,1.947008,0.753211,-0.375428,0.095698,0.227492,0.007226,-0.188035,0.330071,-0.075608
1.753115,-1.072808,0.147423,0.992215,0.993772,-1.070963,1.076735,-0.402287,-0.427900,-0.415197,0.185841,0.321947,-0.584016,0.724792,-0.167950,-0.549032,-0.565136,0.300693,-2.351345,-0.222674,1.947342,0.753133,-0.375749,0.095006,0.224503,0.004820,-0.188702,0.332336,-0.076054
1.753998,-1.074803,0.148090,0.994979,0.995017,-1.067974,1.078171,-0.402166,-0.424874,-0.412803,0.187067,0.324861,-0.584059,0.725628,-0.167973,-0.549411,-0.565039,0.300921,-2.351337,-0.222869,1.947675,0.753056,-0.377656,0.094720,0.225643,0.005883,-0.191150,0.333117,-0.077033
1.755045,-1.073223,0.152459,0.992664,0.992795,-1.069527,1.081929,-0.401974,-0.415963,-0.412026,0.195060,0.329005,-0.583811,0.726698,-0.167971,-0.549786,-0.564946,0.301143,-2.351332,-0.223073,1.948010,0.752979,-0.376159,0.094664,0.223910,0.005115,-0.193983,0.331501,-0.077431
1.756040,-1.072881,0.150558,0.991517,0.993738,-1.069310,1.080506,-0.400983,-0.403350,-0.410200,0.207470,0.332479,-0.583349,0.727776,-0.167964,-0.550171,-0.564859,0.301368,-2.351320,-0.223261,1.948327,0.752897,-0.377151,0.093076,0.225158,0.007829,-0.192729,0.328027,-0.078045
1.757041,-1.075407,0.154081,0.994499,0.993270,-1.069627,1.077263,-0.401886,-0.389108,-0.405438,0.221893,0.333583,-0.582773,0.728672,-0.167971,-0.550548,-0.564762,0.301597,-2.351313,-0.223457,1.948662,0.752813,-0.377333,0.094456,0.225612,0.007375,-0.193110,0.329580,-0.080238
1.758120,-1.078041,0.156294,0.998040,0.996731,-1.073222,1.075579,-0.401572,-0.374351,-0.398160,0.236894,0.332110,-0.582149,0.729352,-0.167994,-0.550925,-0.564670,0.301815,-2.351304,-0.223654,1.948996,0.752737,-0.376117,0.093145,0.224132,0.008337,-0.192948,0.332939,-0.078624
1.759218,-1.074451,0.155483,0.995550,0.996148,-1.073648,1.073533,-0.401958,-0.359270,-0.388640,0.252533,0.328753,-0.581478,0.729967,-0.168020,-0.551294,-0.564578,0.302036,-2.351304,-0.223838,1.949339,0.752654,-0.375308,0.092652,0.222568,0.005606,-0.189772,0.334816,-0.079517
1.760011,-1.069104,0.152758,0.998228,0.997238,-1.071644,1.072098,-0.400719,-0.343510,-0.378328,0.269106,0.325205,-0.580711,0.730784,-0.168053,-0.551678,-0.564483,0.302265,-2.351298,-0.224028,1.949683,0.752575,-0.377553,0.093658,0.224001,0.006828,-0.189813,0.337111,-0.079002
1.761034,-1.069574,0.154513,0.998059,0.995547,-1.071942,1.070779,-0.401194,-0.325626,-0.370725,0.287651,0.323244,-0.579748,0.731981,-0.168094,-0.552063,-0.564384,0.302480,-2.351293,-0.224221,1.950024,0.752489,-0.379234,0.095095,0.222146,0.006172,-0.191582,0.338154,-0.081587
1.761974,-1.066921,0.151931,1.000874,0.998373,-1.070649,1.072370,-0.400315,-0.304432,-0.367166,0.309417,0.322780,-0.578525,0.733472,-0.168132,-0.552438,-0.564289,0.302700,-2.351282,-0.224416,1.950370,0.752410,-0.379161,0.094668,0.222314,0.008323,-0.191489,0.339553,-0.080834
1.763011,-1.065151,0.151482,0.997786,0.998694,-1.070993,1.070110,-0.400065,-0.280143,-0.367354,0.334277,0.323569,-0.577061,0.735155,-0.168148,-0.552819,-0.564189,0.302918,-2.351281,-0.224612,1.950708,0.752322,-0.380224,0.096268,0.220757,0.006098,-0.192836,0.337874,-0.082768
1.764018,-1.061941,0.151927,1.002263,0.999503,-1.071832,1.067916,-0.400326,-0.253235,-0.372808,0.361309,0.327324,-0.575387,0.737164,-0.168125,-0.553198,-0.564092,0.303143,-2.351276,-0.224800,1.951047,0.752239,-0.381306,0.096950,0.222382,0.006399,-0.192804,0.340326,-0.083477
1.765032,-1.063240,0.149056,1.006383,1.000748,-1.070696,1.065916,-0.400110,-0.224127,-0.383801,0.389875,0.334424,-0.573561,0.739481,-0.168047,-0.553584,-0.563996,0.303359,-2.351270,-0.224994,1.951390,0.752154,-0.382884,0.097155,0.220172,0.006152,-0.192151,0.342572,-0.083139
1.765978,-1.063551,0.151504,1.008601,1.001270,-1.069354,1.063601,-0.401492,-0.192453,-0.399552,0.420918,0.344014,-0.571622,0.742018,-0.167889,-0.553970,-0.563893,0.303571,-2.351266,-0.225187,1.951738,0.752070,-0.382229,0.098976,0.218255,0.005516,-0.193527,0.344611,-0.083784
1.767047,-1.069459,0.152416,1.010393,1.002652,-1.070777,1.062994,-0.401623,-0.158455,-0.419210,0.454787,0.355583,-0.569601,0.744747,-0.167634,-0.554346,-0.563797,0.303786,-2.351261,-0.225382,1.952091,0.751994,-0.381888,0.098060,0.217069,0.005529,-0.194931,0.346803,-0.081188
1.768022,-1.072983,0.151674,1.009832,1.002522,-1.070295,1.063151,-0.401715,-0.124657,-0.439593,0.489094,0.367638,-0.567641,0.747443,-0.167294,-0.554723,-0.563700,0.304003,-2.351258,-0.225576,1.952445,0.751911,-0.379284,0.098149,0.216404,0.004809,-0.193812,0.347516,-0.081190
1.769011,-1.073893,0.155482,1.008567,1.003165,-1.069782,1.066227,-0.400543,-0.094452,-0.458177,0.520119,0.379051,-0.565968,0.749858,-0.166905,-0.555099,-0.563600,0.304217,-2.351251,-0.225772,1.952789,0.751831,-0.377478,0.098855,0.216712,0.005468,-0.194423,0.347337,-0.081205
1.770078,-1.071601,0.156256,1.004433,1.004175,-1.069690,1.065490,-0.401459,-0.070259,-0.473377,0.545011,0.389060,-0.564743,0.751845,-0.166515,-0.555477,-0.563505,0.304434,-2.351245,-0.225970,1.953132,0.751743,-0.377020,0.097357,0.217356,0.005378,-0.195056,0.344249,-0.083746
1.771005,-1.068327,0.156430,1.006692,1.003200,-1.068854,1.063437,-0.400575,-0.052770,-0.483724,0.562724,0.397221,-0.563963,0.753396,-0.166154,-0.555861,-0.563406,0.304656,-2.351242,-0.226164,1.953474,0.751661,-0.378464,0.097478,0.219605,0.005016,-0.195468,0.345219,-0.082113
1.771958,-1.070747,0.154458,1.011706,1.005390,-1.067506,1.061935,-0.401590,-0.040495,-0.489618,0.574656,0.403422,-0.563498,0.754547,-0.165828,-0.556242,-0.563308,0.304874,-2.351231,-0.226361,1.953826,0.751575,-0.379770,0.097682,0.218273,0.006406,-0.196308,0.347120,-0.084065
1.773081,-1.069778,0.153294,1.013703,1.005640,-1.068325,1.062008,-0.401925,-0.030196,-0.493320,0.584678,0.408057,-0.563127,0.755415,-0.165532,-0.556618,-0.563206,0.305087,-2.351229,-0.226561,1.954183,0.751495,-0.378369,0.098948,0.215722,0.004803,-0.197685,0.348472,-0.082186
1.773985,-1.067769,0.154781,1.013001,1.005476,-1.070341,1.062994,-0.401897,-0.019289,-0.498085,0.595908,0.412841,-0.562643,0.756276,-0.165261,-0.557002,-0.563102,0.305300,-2.351225,-0.226756,1.954531,0.751411,-0.379409,0.100059,0.215149,0.005267,-0.197279,0.348662,-0.081793
1.774985,-1.062350,0.155281,1.018350,1.005074,-1.071040,1.063601,-0.402069,-0.007259,-0.504814,0.608860,0.418172,-0.561967,0.757173,-0.165027,-0.557380,-0.563002,0.305516,-2.351218,-0.226946,1.954879,0.751331,-0.380012,0.099526,0.215313,0.005895,-0.195273,0.347476,-0.082019
1.776092,-1.068172,0.152447,1.020478,1.006594,-1.071531,1.067890,-0.401957,0.006400,-0.511696,0.624333,0.422556,-0.561059,0.757919,-0.164839,-0.557768,-0.562902,0.305721,-2.351209,-0.227143,1.955222,0.751248,-0.382665,0.099662,0.212792,0.006772,-0.194741,0.346916,-0.081870
1.777075,-1.065808,0.151351,1.019536,1.005332,-1.070298,1.068300,-0.402713,0.022599,-0.519084,0.643492,0.426229,-0.559899,0.758533,-0.164706,-0.558139,-0.562799,0.305931,-2.351205,-0.227336,1.955561,0.751164,-0.380312,0.101598,0.212153,0.005897,-0.194670,0.342883,-0.082355
1.777983,-1.069772,0.152886,1.017597,1.005469,-1.068680,1.069681,-0.402061,0.040115,-0.528907,0.664496,0.430571,-0.558614,0.759095,-0.164630,-0.558522,-0.562697,0.306147,-2.351194,-0.227536,1.955903,0.751087,-0.381434,0.102466,0.212655,0.007623,-0.196005,0.342528,-0.081040
1.779042,-1.073322,0.159983,1.021619,1.004099,-1.069275,1.070175,-0.403188,0.056009,-0.539868,0.683643,0.434709,-0.557411,0.759390,-0.164617,-0.558899,-0.562595,0.306361,-2.351186,-0.227736,1.956237,0.750999,-0.379043,0.101899,0.213463,0.007905,-0.197554,0.341036,-0.082501
1.779999,-1.076777,0.154713,1.022572,1.006647,-1.069053,1.072679,-0.402906,0.067468,-0.546337,0.698294,0.435379,-0.556459,0.759036,-0.164654,-0.559269,-0.562503,0.306570,-2.351173,-0.227937,1.956579,0.750924,-0.377688,0.098883,0.211712,0.009720,-0.197182,0.340727,-0.080477
1.781013,-1.074441,0.158207,1.020253,1.006200,-1.067082,1.072942,-0.404078,0.073784,-0.545875,0.708227,0.431709,-0.555835,0.758040,-0.164718,-0.559643,-0.562396,0.306783,-2.351170,-0.228137,1.956913,0.750842,-0.375842,0.101809,0.211226,0.007726,-0.197439,0.338211,-0.081252
1.782000,-1.076981,0.156497,1.024770,1.007438,-1.065713,1.073656,-0.404207,0.075962,-0.542196,0.714058,0.426642,-0.555543,0.756843,-0.164789,-0.560024,-0.562296,0.306998,-2.351159,-0.228339,1.957245,0.750768,-0.377116,0.100420,0.212507,0.008643,-0.199565,0.338110,-0.079121
1.782981,-1.081768,0.153655,1.029837,1.008289,-1.064236,1.078074,-0.403972,0.075344,-0.537658,0.716807,0.421807,-0.555542,0.755692,-0.164850,-0.560396,-0.562194,0.307206,-2.351153,-0.228543,1.957581,0.750690,-0.375868,0.101631,0.210333,0.007943,-0.200978,0.337446,-0.079098
1.784030,-1.083485,0.155372,1.025820,1.008097,-1.061954,1.080822,-0.404363,0.073902,-0.534474,0.718747,0.418478,-0.555735,0.754781,-0.164885,-0.560765,-0.562087,0.307408,-2.351144,-0.228745,1.957904,0.750608,-0.373521,0.103319,0.207963,0.007568,-0.202515,0.333114,-0.079770
1.785087,-1.080865,0.154039,1.022104,1.007798,-1.059504,1.080926,-0.403897,0.071976,-0.534532,0.720069,0.417895,-0.556092,0.754254,-0.164881,-0.561132,-0.561985,0.307623,-2.351132,-0.228953,1.958227,0.750529,-0.373075,0.102869,0.210218,0.008209,-0.204953,0.330654,-0.079219
1.786123,-1.079547,0.156091,1.028146,1.009547,-1.057623,1.079792,-0.404964,0.068007,-0.536565,0.718349,0.419001,-0.556665,0.753918,-0.164831,-0.561510,-0.561878,0.307839,-2.351120,-0.229170,1.958560,0.750448,-0.374713,0.103942,0.212273,0.008943,-0.207486,0.330800,-0.080406
1.787135,-1.080580,0.156673,1.026625,1.009384,-1.054979,1.082478,-0.404499,0.062844,-0.539800,0.714221,0.420934,-0.557373,0.753655,-0.164727,-0.561890,-0.561773,0.308041,-2.351115,-0.229382,1.958893,0.750372,-0.375541,0.103271,0.209520,0.007779,-0.209437,0.332126,-0.078487
1.788070,-1.077242,0.155104,1.029101,1.008202,-1.054517,1.083194,-0.404906,0.058760,-0.543678,0.710693,0.423483,-0.558042,0.753510,-0.164561,-0.562260,-0.561671,0.308256,-2.351104,-0.229599,1.959222,0.750291,-0.375209,0.103363,0.210422,0.008417,-0.212068,0.329552,-0.079666
1.788975,-1.079175,0.154812,1.022935,1.007950,-1.052135,1.085099,-0.405091,0.056444,-0.547442,0.708927,0.425860,-0.558610,0.753401,-0.164344,-0.562638,-0.561565,0.308461,-2.351090,-0.229813,1.959545,0.750213,-0.376637,0.104357,0.209167,0.009919,-0.212351,0.328881,-0.079017
1.789963,-1.077985,0.153519,1.028441,1.006379,-1.048177,1.085113,-0.404998,0.055038,-0.550945,0.707868,0.427224,-0.559146,0.753147,-0.164092,-0.563006,-0.561458,0.308679,-2.351077,-0.230032,1.959869,0.750135,-0.375367,0.104643,0.212068,0.010480,-0.214482,0.326924,-0.078824
1.791063,-1.079834,0.154921,1.021838,1.006658,-1.045883,1.088482,-0.405018,0.053375,-0.553907,0.706115,0.426979,-0.559733,0.752614,-0.163824,-0.563381,-0.561351,0.308885,-2.351060,-0.230261,1.960203,0.750055,-0.375996,0.105569,0.209401,0.012336,-0.218265,0.327001,-0.079221
1.792069,-1.082303,0.155637,1.018098,1.006097,-1.043800,1.089152,-0.405243,0.051040,-0.555924,0.703296,0.424787,-0.560393,0.751783,-0.163561,-0.563759,-0.561248,0.309102,-2.351048,-0.230485,1.960519,0.749974,-0.375554,0.105352,0.213071,0.012526,-0.220645,0.324019,-0.079441
1.792985,-1.083971,0.157225,1.014561,1.007031,-1.041956,1.087332,-0.405103,0.045814,-0.556037,0.696520,0.420774,-0.561231,0.750670,-0.163325,-0.564128,-0.561141,0.309320,-2.351034,-0.230711,1.960843,0.749897,-0.374491,0.105302,0.214970,0.013450,-0.222596,0.323542,-0.079212
1.793989,-1.084740,0.156067,1.016786,1.007088,-1.042099,1.084908,-0.404756,0.035076,-0.553041,0.682396,0.415103,-0.562375,0.749262,-0.163139,-0.564502,-0.561036,0.309541,-2.351021,-0.230941,1.961173,0.749815,-0.373366,0.104686,0.216514,0.012836,-0.224084,0.325330,-0.079659
1.795000,-1.085532,0.157674,1.007867,1.007478,-1.038714,1.084247,-0.405537,0.019373,-0.547292,0.661749,0.408248,-0.563791,0.747642,-0.163017,-0.564871,-0.560927,0.309753,-2.351007,-0.231162,1.961503,0.749735,-0.373154,0.105553,0.215486,0.013164,-0.223840,0.327892,-0.080572
1.795983,-1.087903,0.155744,1.015176,1.007723,-1.036822,1.084798,-0.405263,-0.000098,-0.540042,0.636090,0.400867,-0.565393,0.745915,-0.162971,-0.565247,-0.560825,0.309983,-2.350994,-0.231394,1.961832,0.749658,-0.372867,0.105109,0.219918,0.013165,-0.227084,0.328687,-0.079220
1.797118,-1.085515,0.156093,1.011761,1.009773,-1.036235,1.085914,-0.406475,-0.022437,-0.532445,0.606571,0.393638,-0.567076,0.744181,-0.163007,-0.565619,-0.560717,0.310190,-2.350980,-0.231626,1.962152,0.749573,-0.371703,0.106345,0.216290,0.013251,-0.228730,0.328266,-0.079971
1.798066,-1.081947,0.158975,1.010538,1.007677,-1.033719,1.087433,-0.404877,-0.044807,-0.526934,0.576791,0.388266,-0.568641,0.742712,-0.163096,-0.565994,-0.560610,0.310414,-2.350970,-0.231858,1.962477,0.749499,-0.373622,0.106672,0.218369,0.011752,-0.229399,0.327589,-0.077829
1.798977,-1.079497,0.155941,1.008543,1.008670,-1.034654,1.091150,-0.406254,-0.064998,-0.523965,0.549497,0.385109,-0.569950,0.741606,-0.163198,-0.566373,-0.560507,0.310635,-2.350951,-0.232096,1.962803,0.749409,-0.375197,0.105467,0.218822,0.014088,-0.231558,0.326097,-0.081223
1.799984,-1.083247,0.157932,1.006452,1.008683,-1.033605,1.092457,-0.404972,-0.082571,-0.522169,0.525320,0.382904,-0.570981,0.740722,-0.163276,-0.566753,-0.560398,0.310854,-2.350938,-0.232323,1.963115,0.749335,-0.376017,0.107146,0.219603,0.013389,-0.230256,0.322402,-0.078595
1.800985,-1.080431,0.161674,1.000767,1.007770,-1.032422,1.090241,-0.405428,-0.098275,-0.521937,0.503358,0.381863,-0.571795,0.740040,-0.163315,-0.567121,-0.560295,0.311077,-2.350924,-0.232556,1.963436,0.749247,-0.374311,0.106479,0.220642,0.013753,-0.231133,0.321307,-0.081400
1.802031,-1.083333,0.162308,0.997463,1.008668,-1.031719,1.091731,-0.405044,-0.114638,-0.521137,0.480843,0.380768,-0.572539,0.739329,-0.163320,-0.567499,-0.560194,0.311306,-2.350909,-0.232788,1.963762,0.749164,-0.375797,0.104967,0.223405,0.015000,-0.232124,0.323708,-0.080655
1.803056,-1.084025,0.159318,0.995960,1.009016,-1.031830,1.091704,-0.405254,-0.133875,-0.516572,0.455462,0.377521,-0.573349,0.738281,-0.163293,-0.567868,-0.560087,0.311536,-2.350897,-0.233028,1.964086,0.749082,-0.374679,0.105035,0.225047,0.014540,-0.232641,0.322434,-0.081666
1.803998,-1.087214,0.161303,0.995300,1.009425,-1.033722,1.093022,-0.405569,-0.156290,-0.510047,0.426667,0.373324,-0.574276,0.737008,-0.163231,-0.568240,-0.559981,0.311765,-2.350882,-0.233262,1.964413,0.749000,-0.374557,0.106889,0.225753,0.014550,-0.232356,0.322666,-0.081453
1.804968,-1.086687,0.163995,0.991167,1.007525,-1.033619,1.094409,-0.403931,-0.181056,-0.504600,0.395361,0.370014,-0.575308,0.735693,-0.163142,-0.568613,-0.559877,0.311990,-2.350868,-0.233487,1.964731,0.748916,-0.372782,0.106109,0.225872,0.014468,-0.230198,0.321406,-0.080988
1.806130,-1.093592,0.167117,0.994975,1.008583,-1.034886,1.097626,-0.405046,-0.208044,-0.498749,0.362197,0.366417,-0.576459,0.734188,-0.163049,-0.568983,-0.559776,0.312225,-2.350847,-0.233717,1.965051,0.748823,-0.373070,0.105078,0.227707,0.016548,-0.230082,0.320140,-0.084446
1.807078,-1.096013,0.166644,0.993793,1.009655,-1.034562,1.097627,-0.403350,-0.237316,-0.489330,0.327734,0.360448,-0.577732,0.732315,-0.162969,-0.569353,-0.559673,0.312446,-2.350833,-0.233944,1.965363,0.748746,-0.370466,0.104119,0.226192,0.015940,-0.228999,0.317475,-0.082474
1.807973,-1.090908,0.166844,0.987324,1.007419,-1.033782,1.096414,-0.403761,-0.268070,-0.476608,0.293094,0.352799,-0.579061,0.730268,-0.162904,-0.569717,-0.559568,0.312675,-2.350820,-0.234174,1.965679,0.748652,-0.369234,0.104605,0.226560,0.015230,-0.229051,0.317602,-0.086047
1.809103,-1.087683,0.167120,0.986990,1.008576,-1.036087,1.094116,-0.403749,-0.299444,-0.462657,0.258799,0.344616,-0.580379,0.728211,-0.162852,-0.570097,-0.559463,0.312913,-2.350797,-0.234403,1.966005,0.748567,-0.371352,0.104658,0.229332,0.017552,-0.229439,0.318753,-0.085320
1.810093,-1.086985,0.168585,0.986381,1.009399,-1.036741,1.095551,-0.403859,-0.329931,-0.448966,0.225871,0.335709,-0.581601,0.726083,-0.162802,-0.570478,-0.559357,0.313144,-2.350782,-0.234624,1.966329,0.748477,-0.373574,0.105028,0.229693,0.016803,-0.227305,0.321493,-0.085598
1.810988,-1.090249,0.168299,0.987505,1.008057,-1.035936,1.095382,-0.404055,-0.357227,-0.437132,0.196518,0.327048,-0.582623,0.724014,-0.162741,-0.570849,-0.559250,0.313375,-2.350768,-0.234849,1.966652,0.748393,-0.373978,0.104569,0.229832,0.016326,-0.226507,0.320158,-0.085564
1.812042,-1.082045,0.167019,0.986411,1.009632,-1.034321,1.095983,-0.402677,-0.380529,-0.427424,0.171780,0.319200,-0.583455,0.722085,-0.162679,-0.571217,-0.559146,0.313605,-2.350748,-0.235077,1.966974,0.748308,-0.371994,0.104874,0.228874,0.017830,-0.226947,0.320296,-0.085308
1.813035,-1.090492,0.168857,0.984305,1.008515,-1.037577,1.098564,-0.402323,-0.399209,-0.420409,0.152542,0.312326,-0.584108,0.720306,-0.162649,-0.571603,-0.559037,0.313835,-2.350733,-0.235310,1.967289,0.748215,-0.376354,0.105879,0.229464,0.016622,-0.228486,0.320013,-0.088284
1.814006,-1.089455,0.175088,0.981925,1.009471,-1.037583,1.101925,-0.401206,-0.413262,-0.417046,0.138597,0.307176,-0.584585,0.718759,-0.162677,-0.571964,-0.558935,0.314067,-2.350713,-0.235529,1.967603,0.748122,-0.372259,0.105291,0.230360,0.017959,-0.225095,0.317614,-0.089127
1.815051,-1.093998,0.173877,0.977264,1.009618,-1.038312,1.100297,-0.401512,-0.425911,-0.413869,0.126400,0.302450,-0.585029,0.717329,-0.162770,-0.572338,-0.558837,0.314298,-2.350698,-0.235752,1.967911,0.748023,-0.372775,0.102503,0.231349,0.017300,-0.224956,0.314437,-0.091498
1.816044,-1.095658,0.173958,0.978777,1.012033,-1.041041,1.098518,-0.400662,-0.440231,-0.407440,0.112482,0.296892,-0.585566,0.715931,-0.162909,-0.572704,-0.558732,0.314537,-2.350679,-0.235978,1.968231,0.747930,-0.370865,0.103537,0.233595,0.017447,-0.224176,0.316394,-0.091045
1.817036,-1.101788,0.178687,0.978732,1.010668,-1.039809,1.097571,-0.401050,-0.456767,-0.399759,0.095722,0.291945,-0.586212,0.714734,-0.163069,-0.573075,-0.558629,0.314771,-2.350668,-0.236195,1.968554,0.747832,-0.370141,0.103826,0.232619,0.015435,-0.221365,0.318324,-0.092903
1.817988,-1.100448,0.177312,0.977131,1.011097,-1.041660,1.098079,-0.399043,-0.474965,-0.391818,0.076909,0.287990,-0.586943,0.713774,-0.163231,-0.573442,-0.558531,0.315003,-2.350648,-0.236419,1.968875,0.747738,-0.367181,0.101819,0.232495,0.017034,-0.222501,0.319416,-0.092253
1.818994,-1.098922,0.176925,0.979203,1.012262,-1.041909,1.097509,-0.398994,-0.494333,-0.381807,0.057169,0.283313,-0.587754,0.712855,-0.163390,-0.573809,-0.558427,0.315237,-2.350632,-0.236639,1.969197,0.747636,-0.367852,0.102798,0.233009,0.016879,-0.220448,0.318968,-0.096412
1.819989,-1.097575,0.177122,0.982011,1.011422,-1.041547,1.097470,-0.398469,-0.512727,-0.371770,0.038788,0.278696,-0.588563,0.712082,-0.163539,-0.574182,-0.558323,0.315463,-2.350617,-0.236860,1.969515,0.747537,-0.368746,0.103320,0.231906,0.016054,-0.220139,0.319752,-0.096613
1.821033,-1.098839,0.180340,0.986210,1.015113,-1.043603,1.099378,-0.398184,-0.526579,-0.364962,0.025626,0.275789,-0.589189,0.711698,-0.163651,-0.574549,-0.558219,0.315691,-2.350600,-0.237080,1.969834,0.747437,-0.369562,0.103545,0.230397,0.017202,-0.220417,0.319959,-0.097800
1.822017,-1.096526,0.177462,0.985427,1.011256,-1.041565,1.099929,-0.397194,-0.533672,-0.361829,0.020415,0.275157,-0.589483,0.711831,-0.163698,-0.574917,-0.558121,0.315917,-2.350594,-0.237300,1.970153,0.747337,-0.369276,0.102390,0.228333,0.014041,-0.218360,0.318318,-0.098523
1.822961,-1.094052,0.182921,0.985618,1.014117,-1.043036,1.097891,-0.397408,-0.533693,-0.362071,0.023565,0.276878,-0.589384,0.712491,-0.163675,-0.575293,-0.558012,0.316147,-2.350567,-0.237524,1.970466,0.747228,-0.370441,0.104102,0.228600,0.018008,-0.220281,0.317967,-0.100602
1.824056,-1.097111,0.179841,0.985889,1.013681,-1.044517,1.096614,-0.396968,-0.527672,-0.364331,0.033814,0.279398,-0.588905,0.713408,-0.163583,-0.575663,-0.557914,0.316378,-2.350556,-0.237738,1.970791,0.747130,-0.371560,0.101653,0.228225,0.015482,-0.218637,0.320067,-0.100262
1.825005,-1.091682,0.182190,0.985798,1.013290,-1.047051,1.096511,-0.396645,-0.517326,-0.367581,0.048972,0.282200,-0.588100,0.714426,-0.163427,-0.576032,-0.557808,0.316609,-2.350538,-0.237955,1.971119,0.747028,-0.370589,0.103692,0.228215,0.016276,-0.217322,0.321673,-0.101334
1.826051,-1.094476,0.185845,0.988797,1.014501,-1.048706,1.096129,-0.395835,-0.503888,-0.372285,0.067333,0.285480,-0.587057,0.715494,-0.163226,-0.576405,-0.557705,0.316833,-2.350520,-0.238163,1.971444,0.746925,-0.373202,0.102750,0.228076,0.016900,-0.214709,0.321802,-0.102069
1.827074,-1.096839,0.184956,0.993970,1.015564,-1.048737,1.094964,-0.395281,-0.487704,-0.377157,0.088640,0.288284,-0.585850,0.716537,-0.163020,-0.576778,-0.557608,0.317057,-2.350506,-0.238376,1.971766,0.746818,-0.372078,0.101394,0.226646,0.016060,-0.213153,0.322453,-0.103828
1.828010,-1.093315,0.186173,0.992192,1.016100,-1.049602,1.093078,-0.395253,-0.468986,-0.381030,0.112986,0.290649,-0.584540,0.717644,-0.162840,-0.577150,-0.557505,0.317274,-2.350492,-0.238586,1.972089,0.746710,-0.371110,0.102245,0.224157,0.015380,-0.213212,0.323838,-0.105041
1.828987,-1.091548,0.185932,0.991290,1.014923,-1.050148,1.092927,-0.394264,-0.447805,-0.385138,0.140173,0.293644,-0.583179,0.718968,-0.162698,-0.577525,-0.557406,0.317501,-2.350478,-0.238794,1.972421,0.746603,-0.372687,0.101912,0.224830,0.015169,-0.212245,0.325708,-0.105158
1.830090,-1.089186,0.185598,0.992223,1.016834,-1.050398,1.092083,-0.393894,-0.424646,-0.389919,0.169155,0.297120,-0.581836,0.720464,-0.162604,-0.577899,-0.557303,0.317727,-2.350459,-0.239006,1.972751,0.746489,-0.373545,0.102351,0.225141,0.016585,-0.211655,0.325915,-0.107221
1.831038,-1.085757,0.181779,0.997659,1.016477,-1.049533,1.090393,-0.392764,-0.399870,-0.395779,0.199012,0.300959,-0.580558,0.722089,-0.162567,-0.578282,-0.557197,0.317952,-2.350447,-0.239215,1.973075,0.746380,-0.375176,0.102986,0.224887,0.015129,-0.211660,0.327141,-0.108098
1.831981,-1.084601,0.180057,0.996005,1.015906,-1.052060,1.089089,-0.392600,-0.371835,-0.405408,0.231342,0.306680,-0.579243,0.724019,-0.162567,-0.578659,-0.557089,0.318170,-2.350430,-0.239428,1.973408,0.746265,-0.376702,0.105102,0.222036,0.015759,-0.212413,0.328830,-0.110417
1.833027,-1.082299,0.182065,1.000626,1.018435,-1.052940,1.089037,-0.392199,-0.339215,-0.420905,0.267694,0.314801,-0.577777,0.726271,-0.162574,-0.579038,-0.556981,0.318393,-2.350415,-0.239630,1.973738,0.746153,-0.377034,0.106142,0.222717,0.016624,-0.209839,0.330135,-0.110783
1.834023,-1.076970,0.185909,1.000668,1.019371,-1.052710,1.087430,-0.392520,-0.302834,-0.441462,0.307261,0.324825,-0.576139,0.728737,-0.162570,-0.579415,-0.556875,0.318609,-2.350406,-0.239837,1.974073,0.746037,-0.378463,0.105510,0.220557,0.014574,-0.209130,0.330363,-0.111682
1.835058,-1.077092,0.187850,0.998893,1.017767,-1.054639,1.087880,-0.392922,-0.263212,-0.464368,0.349763,0.336575,-0.574264,0.731428,-0.162534,-0.579801,-0.556776,0.318831,-2.350393,-0.240048,1.974413,0.745928,-0.381064,0.103958,0.220533,0.014050,-0.209369,0.332038,-0.111121
1.836089,-1.077626,0.190474,0.996807,1.018326,-1.056606,1.091111,-0.393514,-0.221857,-0.485518,0.393859,0.348067,-0.572179,0.734052,-0.162439,-0.580186,-0.556672,0.319052,-2.350372,-0.240249,1.974742,0.745820,-0.381094,0.103381,0.221512,0.015896,-0.207607,0.331771,-0.110434
1.837079,-1.079385,0.188188,0.995573,1.019411,-1.057462,1.092003,-0.393855,-0.182467,-0.501424,0.435428,0.356751,-0.570097,0.736165,-0.162281,-0.580563,-0.556573,0.319275,-2.350356,-0.240457,1.975066,0.745716,-0.381019,0.102504,0.222608,0.015656,-0.205754,0.328732,-0.109378
1.838048,-1.079272,0.193041,0.996885,1.020344,-1.060130,1.093237,-0.392289,-0.147881,-0.512643,0.470919,0.363257,-0.568210,0.737768,-0.162082,-0.580943,-0.556467,0.319499,-2.350345,-0.240662,1.975389,0.745608,-0.380099,0.103957,0.223144,0.014975,-0.204955,0.328008,-0.108795
1.839226,-1.083684,0.193488,0.999957,1.019548,-1.061070,1.092973,-0.393368,-0.094828,-0.526186,0.522231,0.374563,-0.565240,0.740153,-0.161744,-0.581700,-0.556266,0.319939,-2.350314,-0.241063,1.976047,0.745381,-0.378679,0.102273,0.221340,0.015610,-0.201903,0.327617,-0.109992
1.840031,-1.078644,0.194472,1.001752,1.019726,-1.061784,1.093854,-0.392958,-0.094828,-0.526186,0.522231,0.374563,-0.565240,0.740153,-0.161744,-0.581700,-0.556266,0.319939,-2.350314,-0.241063,1.976047,0.745381,-0.378679,0.102273,0.221340,0.015610,-0.201903,0.327617,-0.109992
1.841031,-1.083155,0.193314,1.001521,1.019557,-1.060774,1.092628,-0.394172,-0.074563,-0.527505,0.541661,0.377703,-0.564114,0.740951,-0.161633,-0.582089,-0.556165,0.320154,-2.350297,-0.241258,1.976373,0.745265,-0.380247,0.101836,0.219987,0.015593,-0.200939,0.326448,-0.110803
1.842062,-1.081304,0.192094,1.001489,1.017361,-1.062923,1.092720,-0.392844,-0.056786,-0.526623,0.559340,0.379082,-0.563177,0.741597,-0.161547,-0.582463,-0.556059,0.320377,-2.350283,-0.241462,1.976706,0.745160,-0.378047,0.102733,0.220096,0.016126,-0.202052,0.327807,-0.108456
1.843025,-1.080230,0.193452,0.997717,1.019881,-1.063382,1.094484,-0.393223,-0.041846,-0.524927,0.574706,0.378692,-0.562492,0.742014,-0.161486,-0.582845,-0.555955,0.320599,-2.350260,-0.241661,1.977037,0.745045,-0.379129,0.103720,0.220175,0.018512,-0.200078,0.327880,-0.111253
1.844012,-1.079239,0.191944,0.997335,1.020358,-1.063375,1.098571,-0.392375,-0.030205,-0.523594,0.586765,0.376987,-0.562113,0.742138,-0.161456,-0.583231,-0.555852,0.320822,-2.350248,-0.241856,1.977357,0.744936,-0.379436,0.103309,0.221944,0.016315,-0.199727,0.326204,-0.110537
1.844995,-1.078614,0.193089,0.997795,1.021687,-1.062623,1.097825,-0.393377,-0.021709,-0.524456,0.594941,0.376618,-0.562030,0.742267,-0.161449,-0.583612,-0.555745,0.321045,-2.350232,-0.242055,1.977672,0.744818,-0.379882,0.104359,0.222059,0.016167,-0.199839,0.322278,-0.112312
1.846218,-1.074112,0.194847,1.001698,1.021330,-1.059764,1.097589,-0.393813,-0.015496,-0.528984,0.599887,0.379608,-0.562204,0.742695,-0.161436,-0.583995,-0.555641,0.321267,-2.350219,-0.242256,1.977993,0.744712,-0.380095,0.104070,0.221757,0.015196,-0.200676,0.323212,-0.110371
1.847074,-1.070947,0.197677,1.001392,1.022423,-1.058923,1.096622,-0.393032,-0.009323,-0.536601,0.604612,0.385282,-0.562519,0.743421,-0.161376,-0.584381,-0.555536,0.321485,-2.350201,-0.242466,1.978317,0.744606,-0.383332,0.103860,0.220420,0.016004,-0.204062,0.324075,-0.109738
1.847992,-1.075235,0.199131,1.000760,1.021992,-1.061303,1.097246,-0.394798,-0.000808,-0.545308,0.612465,0.391845,-0.562801,0.744311,-0.161243,-0.584767,-0.555436,0.321709,-2.350187,-0.242674,1.978646,0.744492,-0.384175,0.102591,0.220161,0.015149,-0.204615,0.324867,-0.111320
1.848993,-1.074622,0.199126,1.002586,1.023246,-1.059902,1.098779,-0.394779,0.009055,-0.552479,0.622680,0.397664,-0.563051,0.745171,-0.161025,-0.585146,-0.555335,0.321927,-2.350170,-0.242875,1.978965,0.744390,-0.381655,0.102104,0.220293,0.015819,-0.202144,0.324244,-0.107820
1.849991,-1.074907,0.196906,1.001796,1.023336,-1.059819,1.098765,-0.395594,0.017671,-0.556990,0.632380,0.402234,-0.563393,0.745906,-0.160729,-0.585523,-0.555232,0.322145,-2.350156,-0.243082,1.979286,0.744279,-0.382041,0.102454,0.219393,0.014924,-0.203632,0.322879,-0.107981
1.851070,-1.070812,0.200044,1.000572,1.023024,-1.061081,1.099392,-0.394785,0.024801,-0.561028,0.641038,0.406811,-0.563847,0.746665,-0.160394,-0.585904,-0.555124,0.322364,-2.350140,-0.243283,1.979608,0.744171,-0.381890,0.103862,0.219818,0.015164,-0.203817,0.323076,-0.106437
1.851987,-1.069535,0.198437,0.998113,1.023992,-1.060653,1.100666,-0.395181,0.031027,-0.566080,0.648976,0.411865,-0.564392,0.747510,-0.160082,-0.586287,-0.555023,0.322587,-2.350123,-0.243483,1.979933,0.744056,-0.384298,0.102749,0.220615,0.015805,-0.202832,0.322758,-0.108201
1.853043,-1.069404,0.201341,1.002665,1.021499,-1.059336,1.101182,-0.395483,0.036500,-0.571645,0.656090,0.416912,-0.565019,0.748398,-0.159838,-0.586674,-0.554917,0.322813,-2.350108,-0.243684,1.980253,0.743952,-0.384472,0.103757,0.221561,0.015122,-0.203211,0.321484,-0.107458
1.854034,-1.075434,0.197037,1.005971,1.023613,-1.060519,1.100039,-0.396654,0.041646,-0.576749,0.662942,0.421073,-0.565705,0.749259,-0.159661,-0.587060,-0.554815,0.323026,-2.350085,-0.243890,1.980571,0.743846,-0.384738,0.102723,0.219483,0.017823,-0.204714,0.321290,-0.106992
1.855112,-1.074162,0.196508,1.008161,1.024072,-1.059534,1.098877,-0.396191,0.047095,-0.581044,0.670691,0.423483,-0.566420,0.750016,-0.159537,-0.587435,-0.554703,0.323242,-2.350073,-0.244097,1.980896,0.743744,-0.381719,0.105127,0.217869,0.016061,-0.203548,0.322578,-0.104753
1.856012,-1.071193,0.194281,1.009454,1.025713,-1.058820,1.097571,-0.396566,0.053344,-0.587188,0.679777,0.425960,-0.567101,0.750889,-0.159471,-0.587823,-0.554597,0.323458,-2.350057,-0.244303,1.981228,0.743636,-0.382674,0.105811,0.217044,0.015986,-0.204783,0.324022,-0.105855
1.856994,-1.076795,0.197568,1.010738,1.023563,-1.059309,1.096707,-0.397327,0.061502,-0.597919,0.690976,0.430816,-0.567614,0.752169,-0.159476,-0.588209,-0.554487,0.323672,-2.350046,-0.244506,1.981552,0.743532,-0.383647,0.107026,0.216201,0.014695,-0.205373,0.325268,-0.105152
1.858002,-1.078487,0.195961,1.013132,1.025013,-1.059483,1.095377,-0.397583,0.071280,-0.611379,0.704044,0.437033,-0.567927,0.753692,-0.159544,-0.588587,-0.554384,0.323886,-2.350024,-0.244710,1.981881,0.743429,-0.380760,0.105666,0.215597,0.017045,-0.204917,0.326217,-0.103730
1.859099,-1.074332,0.194113,1.008161,1.024504,-1.058989,1.099128,-0.397445,0.080310,-0.623467,0.716765,0.441928,-0.568162,0.755000,-0.159662,-0.588971,-0.554276,0.324096,-2.350011,-0.244920,1.982209,0.743328,-0.379944,0.106787,0.214547,0.015962,-0.204788,0.327709,-0.103361
1.859990,-1.078965,0.194685,1.009929,1.023149,-1.059258,1.098697,-0.396713,0.087707,-0.634441,0.727790,0.445901,-0.568368,0.756040,-0.159816,-0.589358,-0.554165,0.324320,-2.349991,-0.245127,1.982528,0.743225,-0.382427,0.108116,0.217278,0.016773,-0.205543,0.324294,-0.103817
1.861054,-1.082274,0.198316,1.007558,1.022705,-1.061492,1.099904,-0.396942,0.093166,-0.645451,0.736196,0.449707,-0.568595,0.756877,-0.160008,-0.589737,-0.554058,0.324537,-2.349971,-0.245333,1.982855,0.743115,-0.379590,0.107934,0.216113,0.018263,-0.205094,0.324678,-0.105328
1.862221,-1.081063,0.195754,1.007469,1.024717,-1.062078,1.098792,-0.396609,0.094695,-0.653069,0.740140,0.451059,-0.569008,0.757239,-0.160238,-0.590115,-0.553952,0.324756,-2.349952,-0.245528,1.983175,0.743011,-0.378274,0.106519,0.217510,0.018985,-0.203156,0.323771,-0.105004
1.863033,-1.078407,0.200327,1.001826,1.024859,-1.064321,1.098467,-0.397682,0.091324,-0.655999,0.738653,0.449741,-0.569701,0.757148,-0.160484,-0.590494,-0.553840,0.324974,-2.349937,-0.245735,1.983503,0.742904,-0.379693,0.108327,0.218010,0.017423,-0.202997,0.325394,-0.105872
1.863989,-1.075613,0.198623,1.007725,1.024504,-1.063594,1.096433,-0.397538,0.083921,-0.656216,0.732185,0.447952,-0.570639,0.756973,-0.160718,-0.590874,-0.553737,0.325196,-2.349919,-0.245930,1.983828,0.742805,-0.380174,0.106037,0.220335,0.017427,-0.200504,0.325462,-0.103735
1.864977,-1.081291,0.199108,1.007867,1.024680,-1.064288,1.096235,-0.396747,0.074188,-0.653736,0.722783,0.445828,-0.571737,0.756855,-0.160926,-0.591252,-0.553625,0.325409,-2.349900,-0.246132,1.984158,0.742702,-0.381415,0.107091,0.217308,0.018000,-0.201273,0.327541,-0.104145
1.866026,-1.079413,0.201346,1.005379,1.026988,-1.065260,1.095608,-0.396652,0.064102,-0.648883,0.713315,0.442774,-0.572897,0.756767,-0.161106,-0.591625,-0.553520,0.325625,-2.349884,-0.246332,1.984487,0.742593,-0.378574,0.107134,0.217284,0.018106,-0.200662,0.327826,-0.105829
1.867165,-1.081081,0.198771,1.001989,1.024124,-1.064528,1.097513,-0.398343,0.039967,-0.635411,0.690584,0.436995,-0.575491,0.756689,-0.161354,-0.592384,-0.553303,0.326073,-2.349846,-0.246736,1.985143,0.742391,-0.379612,0.108171,0.220655,0.019317,-0.201049,0.327190,-0.102945
1.868044,-1.075112,0.197816,1.001795,1.024467,-1.065246,1.097432,-0.398548,0.039967,-0.635411,0.690584,0.436995,-0.575491,0.756689,-0.161354,-0.592384,-0.553303,0.326073,-2.349846,-0.246736,1.985143,0.742391,-0.379612,0.108171,0.220655,0.019317,-0.201049,0.327190,-0.102945
1.869044,-1.075695,0.199042,0.997840,1.025583,-1.068251,1.094719,-0.398289,0.024835,-0.628632,0.675341,0.434465,-0.576969,0.756496,-0.161387,-0.592771,-0.553194,0.326293,-2.349828,-0.246935,1.985466,0.742291,-0.381999,0.108714,0.220427,0.019125,-0.200184,0.327198,-0.102632
1.869980,-1.073919,0.199450,0.997910,1.024082,-1.067348,1.095146,-0.398265,0.008982,-0.623203,0.658868,0.432264,-0.578486,0.756158,-0.161372,-0.593151,-0.553086,0.326519,-2.349810,-0.247125,1.985803,0.742185,-0.381700,0.108378,0.222349,0.018272,-0.197382,0.330016,-0.103269
1.871052,-1.078089,0.201285,0.994760,1.025595,-1.064543,1.095974,-0.397187,-0.007693,-0.618135,0.641167,0.430206,-0.580041,0.755663,-0.161341,-0.593537,-0.552979,0.326743,-2.349786,-0.247327,1.986140,0.742081,-0.382248,0.108370,0.222081,0.019877,-0.198293,0.329506,-0.103395
1.872051,-1.080374,0.199692,0.994308,1.024633,-1.067500,1.094976,-0.398077,-0.026002,-0.611646,0.621547,0.427359,-0.581678,0.754933,-0.161304,-0.593918,-0.552872,0.326970,-2.349772,-0.247534,1.986465,0.741971,-0.380470,0.107848,0.223796,0.018730,-0.201325,0.328981,-0.105703
1.873036,-1.078251,0.201821,0.991889,1.026358,-1.066539,1.093740,-0.397430,-0.047001,-0.603291,0.598792,0.423758,-0.583453,0.753979,-0.161253,-0.594292,-0.552760,0.327195,-2.349749,-0.247729,1.986800,0.741873,-0.379411,0.108894,0.223943,0.019877,-0.198475,0.330085,-0.104022
1.873962,-1.080109,0.203029,0.986698,1.026028,-1.066632,1.096059,-0.396952,-0.070645,-0.593650,0.572853,0.419816,-0.585393,0.752852,-0.161184,-0.594677,-0.552652,0.327425,-2.349734,-0.247930,1.987134,0.741763,-0.380382,0.108072,0.225010,0.018454,-0.199561,0.331384,-0.105430
1.875160,-1.084324,0.201068,0.988313,1.026167,-1.066153,1.094768,-0.396391,-0.096506,-0.582510,0.544098,0.415844,-0.587490,0.751652,-0.161121,-0.595051,-0.552544,0.327656,-2.349716,-0.248127,1.987460,0.741654,-0.379179,0.107642,0.227299,0.019000,-0.199452,0.329020,-0.106440
1.875996,-1.080433,0.198999,0.984239,1.026477,-1.064405,1.093172,-0.396740,-0.124864,-0.569911,0.512117,0.411950,-0.589758,0.750434,-0.161092,-0.595430,-0.552433,0.327884,-2.349695,-0.248332,1.987795,0.741545,-0.378012,0.109201,0.226892,0.019199,-0.200438,0.330863,-0.107768
1.877019,-1.078933,0.201394,0.980201,1.025555,-1.062532,1.091214,-0.395925,-0.154486,-0.558156,0.478255,0.408739,-0.592129,0.749294,-0.161101,-0.595813,-0.552319,0.328114,-2.349676,-0.248530,1.988126,0.741439,-0.379203,0.110177,0.228396,0.019014,-0.201981,0.332225,-0.107072
1.878017,-1.077868,0.201858,0.985835,1.025583,-1.062259,1.091348,-0.396814,-0.183857,-0.548110,0.444134,0.406118,-0.594479,0.748272,-0.161138,-0.596190,-0.552214,0.328348,-2.349654,-0.248739,1.988466,0.741327,-0.380117,0.109309,0.230320,0.020136,-0.203939,0.334300,-0.108820
1.878984,-1.079561,0.202254,0.980969,1.027583,-1.062815,1.088455,-0.396549,-0.211420,-0.537913,0.411995,0.402557,-0.596700,0.747299,-0.161183,-0.596571,-0.552106,0.328573,-2.349633,-0.248948,1.988807,0.741224,-0.380626,0.109366,0.227398,0.020277,-0.204223,0.334194,-0.107131
1.880005,-1.075008,0.206151,0.978315,1.028110,-1.057951,1.086755,-0.397213,-0.235735,-0.527229,0.383959,0.398190,-0.598729,0.746466,-0.161226,-0.596951,-0.551996,0.328806,-2.349616,-0.249151,1.989148,0.741114,-0.379635,0.109376,0.229646,0.018537,-0.203688,0.337104,-0.107755
1.880997,-1.080404,0.206861,0.978658,1.028511,-1.056693,1.087780,-0.398140,-0.257539,-0.516164,0.358886,0.394230,-0.600618,0.745860,-0.161278,-0.597333,-0.551892,0.329037,-2.349598,-0.249372,1.989493,0.741010,-0.382030,0.107772,0.230894,0.018295,-0.208565,0.338870,-0.106538
1.882028,-1.088373,0.206411,0.976706,1.029815,-1.053397,1.089095,-0.396494,-0.277902,-0.503363,0.335380,0.390537,-0.602445,0.745401,-0.161331,-0.597707,-0.551784,0.329264,-2.349579,-0.249581,1.989828,0.740910,-0.379329,0.107702,0.230607,0.018145,-0.209797,0.337891,-0.104806
1.883087,-1.088471,0.207038,0.974410,1.028347,-1.050257,1.088175,-0.397158,-0.298469,-0.488719,0.311660,0.387331,-0.604292,0.745047,-0.161387,-0.598073,-0.551676,0.329499,-2.349566,-0.249800,1.990163,0.740794,-0.375661,0.108259,0.231499,0.017217,-0.213112,0.336727,-0.108238
1.883993,-1.093712,0.207193,0.974715,1.027845,-1.049921,1.085358,-0.397410,-0.321140,-0.473065,0.285538,0.384896,-0.606232,0.744740,-0.161448,-0.598451,-0.551567,0.329735,-2.349543,-0.250025,1.990507,0.740691,-0.375958,0.108309,0.232618,0.018919,-0.216257,0.337831,-0.107013
1.884982,-1.095313,0.205561,0.972514,1.029962,-1.050140,1.083455,-0.397950,-0.346051,-0.455914,0.257164,0.381706,-0.608286,0.744269,-0.161496,-0.598823,-0.551458,0.329964,-2.349522,-0.250240,1.990850,0.740584,-0.372987,0.108357,0.232105,0.019527,-0.216327,0.340511,-0.106572
1.886079,-1.094745,0.207057,0.971448,1.027098,-1.049030,1.081525,-0.397176,-0.372633,-0.437933,0.227357,0.377651,-0.610460,0.743646,-0.161528,-0.599192,-0.551346,0.330200,-2.349507,-0.250457,1.991196,0.740480,-0.372313,0.109391,0.232999,0.017729,-0.216040,0.342410,-0.105597
1.886969,-1.098521,0.209029,0.967691,1.027575,-1.048779,1.081444,-0.397263,-0.399754,-0.420570,0.197208,0.373503,-0.612717,0.743007,-0.161579,-0.599569,-0.551238,0.330434,-2.349482,-0.250681,1.991540,0.740368,-0.373108,0.109072,0.233630,0.020806,-0.217249,0.344583,-0.107306
1.887998,-1.091871,0.208223,0.966401,1.029184,-1.047638,1.081791,-0.396189,-0.426915,-0.402210,0.167322,0.367640,-0.615039,0.742176,-0.161675,-0.599934,-0.551133,0.330670,-2.349463,-0.250897,1.991885,0.740263,-0.370885,0.108224,0.235037,0.020452,-0.217222,0.344444,-0.107172
1.889169,-1.094728,0.205816,0.972144,1.028649,-1.044119,1.080441,-0.396254,-0.453363,-0.382667,0.138270,0.360594,-0.617334,0.741253,-0.161821,-0.600315,-0.551026,0.330908,-2.349446,-0.251117,1.992234,0.740148,-0.374392,0.108974,0.235532,0.019140,-0.218358,0.344160,-0.109429
1.890025,-1.086671,0.205198,0.970865,1.028604,-1.043867,1.080554,-0.395501,-0.475364,-0.365940,0.113819,0.355434,-0.619363,0.740688,-0.161987,-0.600690,-0.550912,0.331136,-2.349425,-0.251342,1.992582,0.740040,-0.373788,0.110667,0.232998,0.020006,-0.222141,0.345907,-0.109468
1.891021,-1.084031,0.207147,0.969941,1.030227,-1.043471,1.079840,-0.395861,-0.489054,-0.354929,0.098386,0.353201,-0.620940,0.740640,-0.162115,-0.601068,-0.550800,0.331368,-2.349404,-0.251565,1.992927,0.739928,-0.377233,0.110970,0.233144,0.020136,-0.221941,0.345501,-0.110996
1.891982,-1.086998,0.205799,0.977662,1.029047,-1.041178,1.082125,-0.397208,-0.493350,-0.349367,0.093135,0.353814,-0.621998,0.741085,-0.162163,-0.601450,-0.550692,0.331600,-2.349389,-0.251789,1.993279,0.739816,-0.378509,0.110264,0.233454,0.018826,-0.222211,0.346207,-0.110338
1.892978,-1.088944,0.203795,0.976729,1.030262,-1.040277,1.082374,-0.397062,-0.488838,-0.347585,0.097581,0.356825,-0.622543,0.741954,-0.162102,-0.601824,-0.550579,0.331820,-2.349367,-0.252017,1.993619,0.739717,-0.376897,0.111110,0.229454,0.020175,-0.224282,0.343874,-0.107738
1.894009,-1.083923,0.206170,0.975274,1.028380,-1.038575,1.081707,-0.397682,-0.476913,-0.348914,0.110594,0.361666,-0.622628,0.743153,-0.161924,-0.602197,-0.550464,0.332050,-2.349350,-0.252242,1.993960,0.739609,-0.376021,0.112315,0.229836,0.019230,-0.225033,0.343690,-0.108160
1.894998,-1.088750,0.209172,0.973731,1.028854,-1.039390,1.081053,-0.395667,-0.440574,-0.354627,0.150942,0.371759,-0.621770,0.745769,-0.161392,-0.602953,-0.550246,0.332514,-2.349305,-0.252693,1.994650,0.739387,-0.376270,0.110172,0.231120,0.020973,-0.225684,0.345128,-0.111176
1.896046,-1.090844,0.210187,0.973972,1.028619,-1.040714,1.084224,-0.396360,-0.440574,-0.354627,0.150942,0.371759,-0.621770,0.745769,-0.161392,-0.602953,-0.550246,0.332514,-2.349305,-0.252693,1.994650,0.739387,-0.376270,0.110172,0.231120,0.020973,-0.225684,0.345128,-0.111176
1.897082,-1.091032,0.209456,0.973732,1.030488,-1.043618,1.084209,-0.396782,-0.422314,-0.351976,0.171366,0.372836,-0.621128,0.746622,-0.161148,-0.603329,-0.550139,0.332747,-2.349284,-0.252919,1.994988,0.739278,-0.375524,0.110041,0.230969,0.021447,-0.224328,0.342096,-0.109857
1.898067,-1.089554,0.210444,0.975651,1.028358,-1.043991,1.085072,-0.397454,-0.406156,-0.345723,0.189330,0.372147,-0.620499,0.747229,-0.160938,-0.603709,-0.550026,0.332977,-2.349269,-0.253131,1.995325,0.739168,-0.375611,0.110693,0.231074,0.019911,-0.221489,0.342297,-0.109128
1.899112,-1.089294,0.210090,0.976994,1.031021,-1.041685,1.087566,-0.396825,-0.390812,-0.338204,0.206115,0.371020,-0.619890,0.747733,-0.160742,-0.604085,-0.549918,0.333206,-2.349243,-0.253354,1.995665,0.739065,-0.376359,0.110449,0.229957,0.022161,-0.220995,0.341455,-0.107894
1.900069,-1.088059,0.206380,0.977553,1.029344,-1.042343,1.087874,-0.396662,-0.374441,-0.330595,0.223864,0.369841,-0.619252,0.748219,-0.160560,-0.604464,-0.549806,0.333431,-2.349231,-0.253579,1.995998,0.738953,-0.376711,0.110938,0.229346,0.019884,-0.223298,0.339139,-0.109285
1.901004,-1.082617,0.204092,0.975882,1.029071,-1.044339,1.090395,-0.397170,-0.355719,-0.325325,0.243871,0.370104,-0.618504,0.748900,-0.160407,-0.604839,-0.549690,0.333660,-2.349210,-0.253799,1.996335,0.738842,-0.377211,0.112921,0.228861,0.021762,-0.222442,0.338843,-0.109669
1.902003,-1.081543,0.205980,0.977086,1.030077,-1.044036,1.091722,-0.397237,-0.334043,-0.324986,0.266483,0.372580,-0.617608,0.749815,-0.160282,-0.605224,-0.549575,0.333890,-2.349186,-0.254014,1.996670,0.738736,-0.379615,0.114157,0.229415,0.022107,-0.220272,0.336254,-0.108714
1.903113,-1.080470,0.206102,0.980945,1.030453,-1.047056,1.095571,-0.398020,-0.309297,-0.329724,0.291715,0.377115,-0.616535,0.750920,-0.160174,-0.605605,-0.549464,0.334115,-2.349167,-0.254239,1.996998,0.738628,-0.380126,0.113443,0.228744,0.021334,-0.220464,0.335070,-0.108686
1.904030,-1.081876,0.210543,0.979161,1.030039,-1.046108,1.095546,-0.398087,-0.281500,-0.337990,0.319849,0.383703,-0.615239,0.752276,-0.160081,-0.605983,-0.549349,0.334340,-2.349146,-0.254450,1.997325,0.738523,-0.381214,0.113757,0.227041,0.021212,-0.217664,0.331570,-0.107277
1.905010,-1.081171,0.211432,0.980086,1.029834,-1.045600,1.097024,-0.397571,-0.251820,-0.346726,0.350224,0.390978,-0.613751,0.753751,-0.160015,-0.606364,-0.549242,0.334571,-2.349124,-0.254669,1.997660,0.738417,-0.380116,0.111673,0.227612,0.021764,-0.218399,0.331546,-0.107222
1.906116,-1.084949,0.212148,0.978745,1.028135,-1.046764,1.098968,-0.397976,-0.222935,-0.352017,0.380374,0.396563,-0.612200,0.755006,-0.159998,-0.606741,-0.549129,0.334794,-2.349102,-0.254888,1.997986,0.738306,-0.380434,0.111436,0.227052,0.022113,-0.218798,0.330163,-0.108342
1.907098,-1.083078,0.212781,0.981357,1.028984,-1.047666,1.099331,-0.398514,-0.197036,-0.352252,0.408003,0.398986,-0.610742,0.755785,-0.160036,-0.607120,-0.549016,0.335025,-2.349074,-0.255106,1.998312,0.738202,-0.379041,0.111480,0.227894,0.023917,-0.217791,0.328585,-0.107687
1.907984,-1.082611,0.212602,0.981120,1.029912,-1.048332,1.099757,-0.397722,-0.174765,-0.348360,0.432303,0.398260,-0.609495,0.756064,-0.160110,-0.607503,-0.548905,0.335245,-2.349053,-0.255319,1.998635,0.738097,-0.379892,0.111375,0.226528,0.023223,-0.216840,0.328354,-0.106714
1.909049,-1.085594,0.212843,0.983071,1.032339,-1.048806,1.100086,-0.397663,-0.155053,-0.342654,0.454281,0.396152,-0.608475,0.756116,-0.160205,-0.607882,-0.548791,0.335470,-2.349031,-0.255535,1.998963,0.737987,-0.379627,0.111500,0.226295,0.022385,-0.215896,0.327822,-0.108351
1.910037,-1.090972,0.212254,0.980818,1.031813,-1.048183,1.101621,-0.397944,-0.137072,-0.337945,0.474509,0.395471,-0.607658,0.756332,-0.160319,-0.608261,-0.548679,0.335694,-2.349013,-0.255752,1.999296,0.737877,-0.378454,0.111710,0.225442,0.020272,-0.215518,0.327736,-0.108586
1.910978,-1.085086,0.208971,0.982422,1.029733,-1.048015,1.101958,-0.399147,-0.122129,-0.335542,0.491198,0.397719,-0.607087,0.756853,-0.160433,-0.608637,-0.548565,0.335922,-2.348991,-0.255965,1.999617,0.737773,-0.375753,0.112201,0.226465,0.020973,-0.216117,0.326342,-0.108125
1.912039,-1.084069,0.209977,0.983611,1.031006,-1.047799,1.102652,-0.398656,-0.110791,-0.335637,0.503719,0.401880,-0.606777,0.757500,-0.160512,-0.609018,-0.548449,0.336147,-2.348962,-0.256180,1.999941,0.737670,-0.378477,0.113947,0.225432,0.023042,-0.216131,0.326049,-0.105791
1.913033,-1.083960,0.209146,0.985214,1.028430,-1.048147,1.101208,-0.398826,-0.100552,-0.338859,0.515120,0.406760,-0.606588,0.758153,-0.160540,-0.609403,-0.548336,0.336370,-2.348945,-0.256395,2.000265,0.737559,-0.379207,0.113747,0.224972,0.022070,-0.216454,0.325639,-0.106929
1.913993,-1.082800,0.207608,0.989755,1.029319,-1.050813,1.103987,-0.399935,-0.089562,-0.344563,0.527776,0.411410,-0.606368,0.758695,-0.160526,-0.609780,-0.548220,0.336593,-2.348915,-0.256607,2.000593,0.737453,-0.379271,0.114339,0.224129,0.024660,-0.216083,0.327225,-0.106678
1.915163,-1.083258,0.207502,0.986109,1.030070,-1.052587,1.104622,-0.399757,-0.077302,-0.351684,0.542613,0.414823,-0.606036,0.758968,-0.160465,-0.610162,-0.548102,0.336812,-2.348893,-0.256817,2.000916,0.737353,-0.379666,0.115208,0.221756,0.023859,-0.213339,0.324482,-0.104552
1.916168,-1.083399,0.205650,0.988843,1.031067,-1.052976,1.104587,-0.400552,-0.063691,-0.361133,0.559445,0.418201,-0.605543,0.759128,-0.160351,-0.610545,-0.547984,0.337037,-2.348871,-0.257023,2.001235,0.737246,-0.380194,0.115693,0.224013,0.023402,-0.211993,0.324418,-0.105131
1.917008,-1.086185,0.210168,0.988604,1.030826,-1.054712,1.104628,-0.399696,-0.049938,-0.374074,0.576112,0.423469,-0.604895,0.759398,-0.160193,-0.610920,-0.547863,0.337258,-2.348849,-0.257235,2.001562,0.737145,-0.380217,0.116758,0.222623,0.022568,-0.211636,0.324606,-0.103654
1.918010,-1.086251,0.210052,0.987191,1.031205,-1.056168,1.109310,-0.399266,-0.037486,-0.388700,0.591001,0.430142,-0.604126,0.759712,-0.160008,-0.611296,-0.547753,0.337480,-2.348824,-0.257441,2.001885,0.737036,-0.378136,0.114471,0.222305,0.022824,-0.209602,0.324390,-0.105408
1.919018,-1.092926,0.211984,0.992854,1.029722,-1.059190,1.111903,-0.400205,-0.028119,-0.401086,0.602599,0.436320,-0.603314,0.759840,-0.159818,-0.611669,-0.547641,0.337703,-2.348801,-0.257646,2.002194,0.736928,-0.378233,0.114784,0.223002,0.022583,-0.208235,0.319917,-0.106364
1.919983,-1.090069,0.210523,0.995280,1.028594,-1.062922,1.112859,-0.400723,-0.022768,-0.409198,0.610205,0.440737,-0.602541,0.759662,-0.159617,-0.612039,-0.547527,0.337916,-2.348774,-0.257844,2.002508,0.736828,-0.375036,0.114040,0.220239,0.024127,-0.205356,0.317577,-0.104592
1.921018,-1.093350,0.210669,0.997345,1.029091,-1.064974,1.111952,-0.399728,-0.020227,-0.412830,0.615761,0.442183,-0.601839,0.759123,-0.159389,-0.612419,-0.547409,0.338130,-2.348747,-0.258036,2.002823,0.736724,-0.376366,0.114884,0.219030,0.025276,-0.201746,0.316776,-0.103666
1.922064,-1.095305,0.208264,0.998075,1.030524,-1.067981,1.111256,-0.400063,-0.018679,-0.413386,0.621460,0.440588,-0.601224,0.758297,-0.159153,-0.612790,-0.547291,0.338346,-2.348722,-0.258230,2.003146,0.736614,-0.374985,0.115021,0.218144,0.024890,-0.199966,0.317939,-0.105794
1.923069,-1.092605,0.210984,1.000025,1.031846,-1.069442,1.110805,-0.400457,-0.017700,-0.413855,0.627127,0.438123,-0.600722,0.757445,-0.158940,-0.613164,-0.547173,0.338563,-2.348700,-0.258423,2.003469,0.736510,-0.374314,0.116477,0.217956,0.023657,-0.197243,0.318891,-0.105239
1.924137,-1.096484,0.214011,0.999543,1.031273,-1.072676,1.109997,-0.401493,-0.017007,-0.416435,0.632367,0.437170,-0.600298,0.756854,-0.158741,-0.613546,-0.547058,0.338775,-2.348678,-0.258615,2.003788,0.736407,-0.375692,0.115301,0.217082,0.022504,-0.196005,0.319537,-0.104573
1.925024,-1.095196,0.214067,0.997225,1.031479,-1.073338,1.109793,-0.401204,-0.016481,-0.419506,0.637138,0.437410,-0.599923,0.756499,-0.158543,-0.613913,-0.546946,0.338994,-2.348652,-0.258804,2.004110,0.736306,-0.374202,0.114120,0.217540,0.023214,-0.193134,0.320666,-0.102653
1.925989,-1.095185,0.213702,1.000770,1.030565,-1.075794,1.110134,-0.400951,-0.017635,-0.419992,0.639678,0.436911,-0.599666,0.756061,-0.158358,-0.614292,-0.546830,0.339212,-2.348628,-0.258989,2.004431,0.736200,-0.374375,0.114120,0.218430,0.023040,-0.192527,0.320801,-0.103307
1.927089,-1.094123,0.214987,1.003693,1.029422,-1.078858,1.112004,-0.401498,-0.020594,-0.417875,0.639691,0.435131,-0.599528,0.755381,-0.158207,-0.614663,-0.546714,0.339425,-2.348601,-0.259175,2.004749,0.736097,-0.374346,0.114427,0.216625,0.024003,-0.190245,0.320573,-0.103912
1.928106,-1.091670,0.212000,1.001770,1.029569,-1.083722,1.112497,-0.401086,-0.023114,-0.414174,0.640011,0.431797,-0.599391,0.754442,-0.158081,-0.615042,-0.546600,0.339640,-2.348574,-0.259358,2.005067,0.735996,-0.375369,0.114147,0.215499,0.025257,-0.187684,0.319090,-0.102983
1.928976,-1.087775,0.211243,1.002795,1.029602,-1.086117,1.113003,-0.401270,-0.023518,-0.410414,0.642541,0.427236,-0.599159,0.753316,-0.157949,-0.615421,-0.546481,0.339857,-2.348548,-0.259530,2.005383,0.735888,-0.376702,0.115840,0.216578,0.025189,-0.183239,0.318854,-0.103940
1.929982,-1.096268,0.210889,1.001638,1.030142,-1.088043,1.111903,-0.400222,-0.021212,-0.409475,0.647303,0.423363,-0.598783,0.752257,-0.157799,-0.615798,-0.546364,0.340072,-2.348523,-0.259708,2.005703,0.735784,-0.378112,0.116172,0.215762,0.025149,-0.180932,0.318252,-0.103607
1.931032,-1.094044,0.214400,0.999252,1.028919,-1.091051,1.109803,-0.400528,-0.017515,-0.412131,0.652474,0.421281,-0.598307,0.751408,-0.157652,-0.616164,-0.546244,0.340286,-2.348498,-0.259886,2.006026,0.735674,-0.374017,0.116497,0.216445,0.024729,-0.179375,0.319547,-0.105822
1.932000,-1.098727,0.209198,0.995789,1.027058,-1.094294,1.107738,-0.399386,-0.015938,-0.415381,0.654293,0.419608,-0.597898,0.750549,-0.157528,-0.616537,-0.546130,0.340506,-2.348470,-0.260055,2.006352,0.735565,-0.375516,0.115007,0.217789,0.026027,-0.176900,0.321908,-0.105307
1.933006,-1.094100,0.208920,0.994021,1.030156,-1.096421,1.109123,-0.400179,-0.019037,-0.416749,0.650047,0.416126,-0.597709,0.749309,-0.157427,-0.616907,-0.546008,0.340731,-2.348441,-0.260223,2.006681,0.735454,-0.373122,0.117719,0.219389,0.027856,-0.174028,0.324034,-0.107689
1.934118,-1.099046,0.207365,0.997393,1.029472,-1.101747,1.109626,-0.398997,-0.026717,-0.418632,0.639450,0.412108,-0.597763,0.747803,-0.157335,-0.617290,-0.545888,0.340953,-2.348423,-0.260391,2.007001,0.735348,-0.375487,0.117985,0.220261,0.024983,-0.172369,0.322805,-0.106178
1.935058,-1.098388,0.205384,0.993695,1.029548,-1.103201,1.108645,-0.397818,-0.036752,-0.424495,0.624790,0.410886,-0.597949,0.746551,-0.157239,-0.617659,-0.545766,0.341170,-2.348394,-0.260550,2.007324,0.735234,-0.373629,0.119051,0.218887,0.025786,-0.167782,0.322715,-0.108718
1.936118,-1.098493,0.203452,0.993365,1.029011,-1.104747,1.106645,-0.397384,-0.047804,-0.434758,0.607992,0.412970,-0.598225,0.745702,-0.157139,-0.618036,-0.545645,0.341396,-2.348368,-0.260712,2.007656,0.735119,-0.373761,0.120074,0.220544,0.025733,-0.166734,0.323693,-0.111112
1.937003,-1.097740,0.204880,0.994317,1.028977,-1.107370,1.105100,-0.397604,-0.059987,-0.448854,0.589160,0.417361,-0.598624,0.745112,-0.157025,-0.618410,-0.545520,0.341616,-2.348338,-0.260876,2.007982,0.735005,-0.374074,0.121221,0.220855,0.026296,-0.165800,0.325976,-0.112074
1.938054,-1.091483,0.208252,0.989614,1.028592,-1.108437,1.101167,-0.397151,-0.072707,-0.465368,0.569365,0.422849,-0.599134,0.744648,-0.156858,-0.618785,-0.545401,0.341835,-2.348310,-0.261035,2.008315,0.734892,-0.373989,0.120455,0.220088,0.026283,-0.163449,0.327373,-0.111643
1.939066,-1.097233,0.206834,0.984677,1.027477,-1.110476,1.100498,-0.396103,-0.085267,-0.480848,0.550069,0.427399,-0.599725,0.744108,-0.156611,-0.619173,-0.545285,0.342061,-2.348282,-0.261198,2.008651,0.734778,-0.377301,0.119023,0.222535,0.026714,-0.163011,0.331525,-0.112663
1.939965,-1.097770,0.204430,0.978961,1.029280,-1.110769,1.100700,-0.396487,-0.099090,-0.492310,0.529743,0.429270,-0.600472,0.743199,-0.156298,-0.619540,-0.545162,0.342291,-2.348251,-0.261353,2.008986,0.734658,-0.374602,0.119882,0.224924,0.027806,-0.161559,0.332281,-0.114832
1.941095,-1.102093,0.207623,0.978414,1.028867,-1.111089,1.102625,-0.394165,-0.117205,-0.500661,0.504339,0.429435,-0.601538,0.741854,-0.155943,-0.619914,-0.545040,0.342527,-2.348228,-0.261515,2.009319,0.734545,-0.373976,0.121031,0.227328,0.026049,-0.161570,0.331957,-0.114062
1.942096,-1.097810,0.207816,0.975638,1.027544,-1.112158,1.101604,-0.394229,-0.140866,-0.507748,0.472137,0.430122,-0.602990,0.740306,-0.155576,-0.620285,-0.544922,0.342755,-2.348199,-0.261678,2.009643,0.734414,-0.372517,0.119783,0.227828,0.026581,-0.162019,0.330449,-0.118838
1.942972,-1.100679,0.205748,0.973195,1.026661,-1.110426,1.099179,-0.393416,-0.168661,-0.512511,0.435348,0.430777,-0.604765,0.738625,-0.155226,-0.620662,-0.544801,0.342991,-2.348167,-0.261837,2.009978,0.734297,-0.374759,0.119831,0.229049,0.027825,-0.161477,0.331590,-0.118725
1.943998,-1.100295,0.205145,0.973321,1.027552,-1.110010,1.098004,-0.392092,-0.198607,-0.514414,0.396749,0.429922,-0.606783,0.736748,-0.154908,-0.621032,-0.544678,0.343221,-2.348135,-0.262002,2.010311,0.734173,-0.372853,0.120776,0.229824,0.028555,-0.163445,0.333870,-0.120339
1.944965,-1.098517,0.206216,0.969789,1.027812,-1.109850,1.094534,-0.391461,-0.229362,-0.515274,0.357882,0.428102,-0.608957,0.734826,-0.154642,-0.621401,-0.544554,0.343452,-2.348108,-0.262167,2.010652,0.734044,-0.373333,0.121205,0.229688,0.027720,-0.164378,0.335144,-0.123028
1.946031,-1.098528,0.207040,0.966088,1.027726,-1.110899,1.092277,-0.391628,-0.259579,-0.516548,0.320214,0.426631,-0.611166,0.733144,-0.154446,-0.621778,-0.544435,0.343691,-2.348081,-0.262337,2.010997,0.733918,-0.374125,0.120753,0.231166,0.027487,-0.164892,0.338599,-0.124286
1.947094,-1.101441,0.201993,0.967216,1.026749,-1.112735,1.090129,-0.391237,-0.288888,-0.517832,0.284026,0.425614,-0.613349,0.731760,-0.154315,-0.622156,-0.544316,0.343925,-2.348053,-0.262501,2.011341,0.733792,-0.374459,0.120595,0.233026,0.027657,-0.164454,0.341025,-0.124000
1.948098,-1.102324,0.207678,0.969411,1.025957,-1.114148,1.091039,-0.390591,-0.317410,-0.519602,0.248998,0.424848,-0.615502,0.730558,-0.154244,-0.622527,-0.544186,0.344161,-2.348022,-0.262663,2.011691,0.733664,-0.373394,0.123266,0.232421,0.028643,-0.163244,0.343307,-0.124850
1.948981,-1.098936,0.205034,0.969648,1.027486,-1.114957,1.090901,-0.390612,-0.344167,-0.521963,0.216658,0.423706,-0.617572,0.729394,-0.154230,-0.622901,-0.544071,0.344393,-2.347992,-0.262828,2.012031,0.733539,-0.373069,0.120581,0.231188,0.029393,-0.162321,0.342433,-0.126183
1.950086,-1.099220,0.205378,0.965524,1.025784,-1.115471,1.091136,-0.389375,-0.367431,-0.523482,0.189615,0.421842,-0.619449,0.728277,-0.154246,-0.623277,-0.543946,0.344623,-2.347967,-0.262988,2.012376,0.733413,-0.374308,0.121834,0.230656,0.027859,-0.161791,0.342366,-0.126091
1.951066,-1.095844,0.204736,0.964783,1.025726,-1.115439,1.090586,-0.389460,-0.386289,-0.525019,0.168592,0.420490,-0.621070,0.727347,-0.154263,-0.623653,-0.543824,0.344861,-2.347932,-0.263150,2.012722,0.733281,-0.374703,0.121930,0.232810,0.029529,-0.162002,0.342377,-0.128652
1.952000,-1.098404,0.209175,0.963139,1.024095,-1.114443,1.089203,-0.388616,-0.401305,-0.527397,0.152289,0.419854,-0.622462,0.726550,-0.154276,-0.624035,-0.543699,0.345092,-2.347902,-0.263313,2.013063,0.733155,-0.376300,0.122300,0.232979,0.029544,-0.162492,0.342947,-0.128471
1.953029,-1.100334,0.212288,0.956134,1.024393,-1.115872,1.088400,-0.388438,-0.413537,-0.528430,0.139561,0.418269,-0.623644,0.725674,-0.154288,-0.624404,-0.543584,0.345326,-2.347867,-0.263479,2.013411,0.733022,-0.374834,0.120149,0.233464,0.031001,-0.163822,0.344208,-0.130144
1.954025,-1.102663,0.209325,0.959721,1.024421,-1.116773,1.088120,-0.387985,-0.425905,-0.524077,0.127349,0.413585,-0.624707,0.724440,-0.154314,-0.624776,-0.543470,0.345571,-2.347838,-0.263641,2.013761,0.732890,-0.374117,0.118849,0.236784,0.030692,-0.162932,0.345075,-0.130504
1.955113,-1.103147,0.214280,0.958013,1.025029,-1.116255,1.091078,-0.388356,-0.440472,-0.514121,0.113101,0.406131,-0.625743,0.722846,-0.154353,-0.625148,-0.543345,0.345801,-2.347809,-0.263800,2.014103,0.732758,-0.373045,0.120436,0.234808,0.030678,-0.162565,0.345387,-0.131419
1.956007,-1.108231,0.211878,0.959854,1.025106,-1.115758,1.091399,-0.388818,-0.455665,-0.501739,0.098495,0.398194,-0.626705,0.721244,-0.154382,-0.625516,-0.543233,0.346039,-2.347779,-0.263964,2.014445,0.732624,-0.373376,0.118293,0.235715,0.030094,-0.163766,0.342634,-0.130703
1.957078,-1.106854,0.211532,0.958648,1.024116,-1.117456,1.092201,-0.387240,-0.470217,-0.488277,0.085117,0.391059,-0.627542,0.719876,-0.154384,-0.625886,-0.543111,0.346269,-2.347750,-0.264132,2.014781,0.732495,-0.370451,0.119475,0.234378,0.029945,-0.164474,0.342197,-0.129739
1.958004,-1.107713,0.215154,0.961600,1.023766,-1.116267,1.091601,-0.387573,-0.483732,-0.475284,0.073376,0.385273,-0.628262,0.718780,-0.154373,-0.626258,-0.542991,0.346506,-2.347719,-0.264292,2.015124,0.732354,-0.371617,0.119883,0.234988,0.030958,-0.163428,0.341590,-0.132944
1.959121,-1.109090,0.213976,0.962932,1.023497,-1.115030,1.092298,-0.386900,-0.495047,-0.463070,0.064712,0.380057,-0.628851,0.717857,-0.154355,-0.626631,-0.542876,0.346738,-2.347685,-0.264465,2.015469,0.732225,-0.370930,0.118135,0.233156,0.031134,-0.164886,0.342076,-0.132216
1.960078,-1.106686,0.213944,0.961884,1.025361,-1.115777,1.093974,-0.387171,-0.503002,-0.450518,0.060676,0.374321,-0.629275,0.717018,-0.154302,-0.627005,-0.542755,0.346968,-2.347654,-0.264633,2.015806,0.732090,-0.370870,0.119063,0.232701,0.031431,-0.166815,0.341692,-0.133636
1.960971,-1.103141,0.215784,0.963498,1.024948,-1.114801,1.094388,-0.386878,-0.506789,-0.439521,0.061673,0.369495,-0.629507,0.716446,-0.154214,-0.627378,-0.542636,0.347201,-2.347627,-0.264800,2.016143,0.731957,-0.371987,0.119146,0.232957,0.029570,-0.166408,0.339991,-0.133052
1.962128,-1.100387,0.215505,0.966292,1.024215,-1.113088,1.096715,-0.387343,-0.505565,-0.432077,0.068025,0.367440,-0.629521,0.716385,-0.154103,-0.627756,-0.542519,0.347428,-2.347594,-0.264971,2.016478,0.731821,-0.373309,0.118221,0.231776,0.029828,-0.167587,0.339461,-0.133583
1.963111,-1.102927,0.214716,0.970047,1.022579,-1.114844,1.097531,-0.387622,-0.483479,-0.426058,0.102666,0.368397,-0.628752,0.717585,-0.153833,-0.628505,-0.542282,0.347883,-2.347527,-0.265306,2.017149,0.731557,-0.374195,0.119304,0.228702,0.032090,-0.168715,0.336787,-0.132165
1.964025,-1.098647,0.217076,0.968192,1.025447,-1.116667,1.099450,-0.387470,-0.463211,-0.426686,0.130613,0.369614,-0.627993,0.718565,-0.153706,-0.628886,-0.542165,0.348113,-2.347502,-0.265469,2.017476,0.731423,-0.375973,0.118150,0.229314,0.029232,-0.167195,0.334811,-0.132429
1.965037,-1.102350,0.218604,0.964813,1.022250,-1.116370,1.099254,-0.387904,-0.463211,-0.426686,0.130613,0.369614,-0.627993,0.718565,-0.153706,-0.628886,-0.542165,0.348113,-2.347502,-0.265469,2.017476,0.731423,-0.375973,0.118150,0.229314,0.029232,-0.167195,0.334811,-0.132429
1.966106,-1.098610,0.222330,0.968921,1.022833,-1.116780,1.100781,-0.388707,-0.440497,-0.427748,0.161090,0.371054,-0.627121,0.719652,-0.153627,-0.629255,-0.542048,0.348346,-2.347465,-0.265638,2.017814,0.731297,-0.374294,0.117583,0.230894,0.032293,-0.167978,0.335131,-0.131583
1.967081,-1.099909,0.218084,0.968120,1.023012,-1.117232,1.096852,-0.389851,-0.417984,-0.425912,0.191148,0.370477,-0.626244,0.720545,-0.153604,-0.629635,-0.541937,0.348571,-2.347435,-0.265803,2.018149,0.731169,-0.376524,0.116069,0.228934,0.031703,-0.168180,0.333822,-0.130027
1.968000,-1.093222,0.215347,0.972475,1.023446,-1.118325,1.096327,-0.388951,-0.395132,-0.421613,0.221382,0.367789,-0.625336,0.721308,-0.153612,-0.630008,-0.541816,0.348797,-2.347403,-0.265971,2.018490,0.731047,-0.375835,0.118313,0.229221,0.031451,-0.168114,0.337808,-0.127762
1.969122,-1.098403,0.219367,0.975013,1.023789,-1.120376,1.097598,-0.390211,-0.369830,-0.420032,0.253564,0.365996,-0.624323,0.722330,-0.153627,-0.630393,-0.541696,0.349021,-2.347371,-0.266142,2.018829,0.730915,-0.378795,0.119682,0.226758,0.030877,-0.167256,0.338193,-0.129565
1.970100,-1.098056,0.211886,0.980975,1.024304,-1.118964,1.098739,-0.389729,-0.340802,-0.423293,0.289025,0.366535,-0.623160,0.723800,-0.153623,-0.630773,-0.541581,0.349243,-2.347340,-0.266304,2.019163,0.730796,-0.376731,0.118036,0.225811,0.030571,-0.165956,0.337266,-0.127124
1.971043,-1.093399,0.212313,0.980176,1.024067,-1.116098,1.097868,-0.390132,-0.272388,-0.445139,0.369635,0.376734,-0.620365,0.728310,-0.153499,-0.631536,-0.541330,0.349683,-2.347281,-0.266656,2.019840,0.730538,-0.378905,0.121591,0.223040,0.030233,-0.170847,0.336987,-0.127293
1.971970,-1.088591,0.214045,0.982920,1.023827,-1.116424,1.098074,-0.391219,-0.272388,-0.445139,0.369635,0.376734,-0.620365,0.728310,-0.153499,-0.631536,-0.541330,0.349683,-2.347281,-0.266656,2.019840,0.730538,-0.378905,0.121591,0.223040,0.030233,-0.170847,0.336987,-0.127293
1.972966,-1.092437,0.210691,0.983231,1.024807,-1.116596,1.099462,-0.391610,-0.232635,-0.464334,0.415134,0.386604,-0.618650,0.731298,-0.153326,-0.631925,-0.541210,0.349900,-2.347251,-0.266825,2.020173,0.730421,-0.380887,0.120745,0.221501,0.030402,-0.170766,0.336722,-0.125130
1.974150,-1.090528,0.210068,0.985389,1.021275,-1.114658,1.098611,-0.392836,-0.190663,-0.485731,0.462576,0.398012,-0.616708,0.734515,-0.153048,-0.632299,-0.541087,0.350120,-2.347224,-0.266998,2.020511,0.730300,-0.378989,0.122542,0.221356,0.029448,-0.170977,0.335388,-0.124408
1.975071,-1.089818,0.216848,0.980185,1.022354,-1.117226,1.097142,-0.393031,-0.148729,-0.508666,0.509337,0.410114,-0.614636,0.737750,-0.152674,-0.632685,-0.540964,0.350336,-2.347184,-0.267173,2.020848,0.730180,-0.380764,0.123228,0.220809,0.032899,-0.173708,0.336730,-0.122091
1.976072,-1.094194,0.212649,0.985763,1.024551,-1.118580,1.095949,-0.395337,-0.109550,-0.529287,0.552615,0.419854,-0.612610,0.740553,-0.152226,-0.633064,-0.540850,0.350563,-2.347155,-0.267341,2.021195,0.730059,-0.380765,0.119888,0.223149,0.031703,-0.171363,0.338054,-0.121724
1.977036,-1.085972,0.212083,0.983565,1.023894,-1.114900,1.099568,-0.394865,-0.075527,-0.544683,0.589837,0.426737,-0.610816,0.742830,-0.151746,-0.633439,-0.540726,0.350780,-2.347131,-0.267512,2.021541,0.729950,-0.378637,0.122135,0.220355,0.029616,-0.170440,0.339271,-0.117166
1.977986,-1.091795,0.216398,0.984676,1.023466,-1.116291,1.099476,-0.395025,-0.045706,-0.558312,0.621752,0.434167,-0.609308,0.745011,-0.151279,-0.633832,-0.540604,0.350999,-2.347099,-0.267694,2.021868,0.729829,-0.382507,0.122453,0.221411,0.030225,-0.174391,0.335668,-0.118196
1.979074,-1.088911,0.215930,0.986454,1.023411,-1.115960,1.098069,-0.395096,-0.018943,-0.570886,0.649721,0.442542,-0.608101,0.747209,-0.150854,-0.634200,-0.540487,0.351219,-2.347069,-0.267867,2.022205,0.729715,-0.379452,0.120366,0.220720,0.030573,-0.173239,0.335773,-0.117913
1.980096,-1.096165,0.214492,0.989814,1.024234,-1.110404,1.097279,-0.395106,0.003733,-0.579051,0.673180,0.449507,-0.607274,0.749179,-0.150492,-0.634586,-0.540367,0.351439,-2.347038,-0.268046,2.022539,0.729598,-0.381298,0.120900,0.220067,0.030652,-0.174112,0.337479,-0.117887
1.981017,-1.094914,0.214022,0.990770,1.024819,-1.109470,1.096044,-0.394579,0.022447,-0.583385,0.692484,0.455063,-0.606821,0.750943,-0.150209,-0.634954,-0.540243,0.351651,-2.347009,-0.268236,2.022881,0.729477,-0.377874,0.121756,0.218537,0.029833,-0.179982,0.338355,-0.117927
1.982119,-1.091766,0.214841,0.987029,1.025286,-1.107789,1.095947,-0.394124,0.037641,-0.586514,0.707974,0.460824,-0.606653,0.752704,-0.150021,-0.635332,-0.540121,0.351867,-2.346981,-0.268420,2.023225,0.729356,-0.378221,0.121974,0.217918,0.029232,-0.180987,0.339466,-0.118997
1.982998,-1.088039,0.211046,0.988943,1.024710,-1.104865,1.092228,-0.395024,0.049472,-0.589488,0.719548,0.467617,-0.606662,0.754555,-0.149917,-0.635720,-0.539999,0.352091,-2.346954,-0.268610,2.023561,0.729233,-0.380194,0.121830,0.220046,0.028888,-0.183120,0.339854,-0.120003
1.984040,-1.088999,0.213900,0.986747,1.022803,-1.101245,1.095044,-0.395311,0.059071,-0.593311,0.728115,0.475587,-0.606750,0.756469,-0.149860,-0.636100,-0.539872,0.352308,-2.346925,-0.268802,2.023913,0.729120,-0.381507,0.123605,0.218770,0.029368,-0.185991,0.343337,-0.118189
1.985054,-1.087890,0.211666,0.989729,1.023788,-1.101216,1.097069,-0.395749,0.067327,-0.597652,0.734792,0.483452,-0.606861,0.758221,-0.149811,-0.636484,-0.539753,0.352531,-2.346890,-0.269001,2.024251,0.729005,-0.381174,0.122364,0.219968,0.031195,-0.189847,0.340624,-0.117722
1.986074,-1.091227,0.212376,0.987597,1.022789,-1.098237,1.096652,-0.395082,0.074252,-0.600828,0.739890,0.489931,-0.606979,0.759624,-0.149767,-0.636869,-0.539624,0.352745,-2.346862,-0.269188,2.024584,0.728887,-0.381752,0.123556,0.218568,0.030198,-0.190118,0.338742,-0.116912
1.986975,-1.091725,0.209661,0.994336,1.024870,-1.094155,1.096661,-0.396527,0.079694,-0.602736,0.743200,0.495460,-0.607109,0.760707,-0.149743,-0.637246,-0.539502,0.352967,-2.346829,-0.269389,2.024925,0.728769,-0.380212,0.123335,0.219691,0.031154,-0.193282,0.339282,-0.118338
1.988067,-1.090622,0.209427,0.992325,1.021836,-1.094244,1.096867,-0.396736,0.083904,-0.604331,0.745018,0.501040,-0.607255,0.761591,-0.149733,-0.637626,-0.539375,0.353177,-2.346805,-0.269592,2.025261,0.728658,-0.379528,0.124605,0.216147,0.029091,-0.197258,0.339141,-0.115443
1.989036,-1.091853,0.212185,0.988508,1.023520,-1.090488,1.094499,-0.396703,0.088188,-0.606439,0.747054,0.506956,-0.607385,0.762416,-0.149707,-0.638006,-0.539247,0.353397,-2.346767,-0.269794,2.025604,0.728546,-0.380532,0.124903,0.217444,0.032014,-0.197429,0.339176,-0.115186
1.989993,-1.091386,0.207585,0.988418,1.023153,-1.091064,1.093088,-0.396189,0.091844,-0.607387,0.748477,0.511701,-0.607549,0.763064,-0.149665,-0.638384,-0.539129,0.353621,-2.346741,-0.270006,2.025953,0.728430,-0.379800,0.123621,0.219239,0.030346,-0.201163,0.341507,-0.115307
1.991085,-1.092297,0.207930,0.989905,1.023964,-1.091194,1.094827,-0.395766,0.092983,-0.606185,0.746676,0.515012,-0.607795,0.763484,-0.149628,-0.638766,-0.538999,0.353837,-2.346710,-0.270207,2.026294,0.728313,-0.379835,0.125905,0.219200,0.030664,-0.200560,0.342872,-0.116384
1.992101,-1.092562,0.213170,0.992143,1.021609,-1.090613,1.094522,-0.396838,0.092373,-0.605263,0.742243,0.518637,-0.608046,0.763929,-0.149604,-0.639143,-0.538874,0.354056,-2.346681,-0.270410,2.026639,0.728194,-0.379857,0.125936,0.218715,0.029905,-0.200732,0.341332,-0.117338
1.993153,-1.090545,0.211702,0.993021,1.024310,-1.089391,1.094093,-0.395611,0.091326,-0.603261,0.737388,0.521529,-0.608222,0.764409,-0.149583,-0.639523,-0.538756,0.354270,-2.346644,-0.270615,2.026977,0.728080,-0.379810,0.123473,0.217713,0.032092,-0.201426,0.341760,-0.115246
1.994093,-1.083562,0.207374,0.991311,1.022726,-1.087769,1.091427,-0.395259,0.090778,-0.597185,0.733974,0.521971,-0.608265,0.764837,-0.149572,-0.639900,-0.538630,0.354487,-2.346619,-0.270817,2.027323,0.727960,-0.381113,0.124392,0.217455,0.029484,-0.202861,0.342326,-0.117827
1.995079,-1.086185,0.207066,0.993577,1.022653,-1.084902,1.089737,-0.394240,0.092742,-0.590311,0.733774,0.522018,-0.608100,0.765474,-0.149594,-0.640289,-0.538500,0.354709,-2.346585,-0.271026,2.027676,0.727838,-0.384264,0.126494,0.218142,0.030941,-0.204397,0.344870,-0.118525
1.995995,-1.089728,0.206606,0.993106,1.023258,-1.083302,1.085760,-0.395557,0.098378,-0.586326,0.737501,0.523105,-0.607724,0.766431,-0.149646,-0.640673,-0.538374,0.354921,-2.346556,-0.271235,2.028027,0.727712,-0.382809,0.126669,0.217059,0.031005,-0.207277,0.346522,-0.120599
1.997020,-1.090973,0.207007,0.988678,1.022688,-1.085919,1.083426,-0.395654,0.105751,-0.584281,0.743145,0.524403,-0.607244,0.767486,-0.149701,-0.641046,-0.538247,0.355137,-2.346525,-0.271448,2.028385,0.727599,-0.380740,0.126825,0.217137,0.030285,-0.208681,0.350297,-0.117952
1.998014,-1.092442,0.205686,0.993431,1.023972,-1.082938,1.084857,-0.395497,0.111112,-0.581971,0.746568,0.525161,-0.606826,0.768365,-0.149747,-0.641429,-0.538123,0.355362,-2.346493,-0.271649,2.028743,0.727481,-0.380224,0.126749,0.219387,0.030805,-0.206185,0.352616,-0.117856
1.999021,-1.093456,0.208330,0.992295,1.023377,-1.079520,1.082898,-0.394808,0.112896,-0.578826,0.746012,0.525511,-0.606566,0.769004,-0.149803,-0.641804,-0.537993,0.355576,-2.346464,-0.271867,2.029091,0.727363,-0.379536,0.127427,0.217027,0.029511,-0.209151,0.351151,-0.118234
2.000107,-1.096480,0.205572,0.990559,1.022428,-1.079389,1.081423,-0.393336,0.112297,-0.574944,0.743232,0.526024,-0.606425,0.769565,-0.149882,-0.642187,-0.537870,0.355796,-2.346434,-0.272083,2.029445,0.727240,-0.379041,0.126196,0.217646,0.030096,-0.212555,0.353135,-0.119666
2.001025,-1.100335,0.204300,0.990414,1.023204,-1.080340,1.079591,-0.394002,0.109151,-0.569383,0.738343,0.525873,-0.606412,0.769947,-0.149989,-0.642568,-0.537739,0.356016,-2.346400,-0.272297,2.029800,0.727114,-0.377919,0.127745,0.218756,0.031004,-0.212820,0.354758,-0.122700
2.002014,-1.101755,0.200420,0.991135,1.022196,-1.081734,1.079766,-0.393189,0.102045,-0.562726,0.729516,0.524859,-0.606590,0.770012,-0.150116,-0.642939,-0.537607,0.356233,-2.346370,-0.272504,2.030161,0.726997,-0.375733,0.128235,0.218637,0.030123,-0.211735,0.356354,-0.121343
2.003090,-1.100156,0.202428,0.987173,1.022596,-1.086146,1.075970,-0.392810,0.091017,-0.557197,0.716576,0.524188,-0.606948,0.769877,-0.150242,-0.643316,-0.537475,0.356453,-2.346338,-0.272713,2.030521,0.726868,-0.375035,0.130160,0.218246,0.031063,-0.210348,0.356081,-0.123010
2.004000,-1.098948,0.204109,0.988033,1.022583,-1.085274,1.073656,-0.392097,0.076899,-0.553601,0.700419,0.524148,-0.607432,0.769634,-0.150372,-0.643696,-0.537346,0.356675,-2.346306,-0.272910,2.030885,0.726742,-0.376218,0.129284,0.220440,0.030645,-0.206217,0.359998,-0.123832
2.004988,-1.097554,0.203977,0.985867,1.020771,-1.084905,1.074710,-0.392321,0.060327,-0.550047,0.681896,0.523794,-0.608002,0.769233,-0.150517,-0.644072,-0.537220,0.356895,-2.346274,-0.273117,2.031254,0.726614,-0.376466,0.128357,0.219740,0.030525,-0.207000,0.361989,-0.125234
2.006108,-1.094309,0.197802,0.984168,1.021481,-1.086615,1.072554,-0.391947,0.042217,-0.544189,0.662422,0.521847,-0.608613,0.768599,-0.150663,-0.644451,-0.537092,0.357118,-2.346238,-0.273325,2.031614,0.726488,-0.377146,0.128457,0.220785,0.032173,-0.207390,0.360820,-0.124793
2.007087,-1.092918,0.198303,0.987878,1.018242,-1.086597,1.072206,-0.391579,0.024017,-0.538014,0.643354,0.519019,-0.609216,0.767812,-0.150784,-0.644831,-0.536954,0.357344,-2.346207,-0.273532,2.031981,0.726361,-0.379347,0.131688,0.221888,0.031490,-0.205963,0.363164,-0.125641
2.008070,-1.098269,0.198081,0.985951,1.019000,-1.085869,1.073997,-0.392141,0.007830,-0.535085,0.626665,0.516556,-0.609746,0.766952,-0.150863,-0.645211,-0.536824,0.357562,-2.346166,-0.273736,2.032343,0.726232,-0.379943,0.131393,0.219971,0.034454,-0.206042,0.363372,-0.126379
2.009072,-1.092764,0.196317,0.987412,1.017925,-1.087638,1.075177,-0.390670,-0.006239,-0.534188,0.612933,0.513383,-0.610209,0.765851,-0.150889,-0.645586,-0.536693,0.357784,-2.346134,-0.273942,2.032702,0.726106,-0.377232,0.131479,0.220907,0.033574,-0.206801,0.361474,-0.125257
2.010062,-1.092652,0.197064,0.981350,1.019300,-1.085714,1.073814,-0.390869,-0.019531,-0.533697,0.600900,0.509407,-0.610644,0.764530,-0.150859,-0.645968,-0.536557,0.358004,-2.346096,-0.274145,2.033063,0.725972,-0.380042,0.132318,0.220174,0.034462,-0.205109,0.360241,-0.128237
2.010996,-1.099386,0.193198,0.984487,1.018001,-1.085513,1.073597,-0.389657,-0.032256,-0.534272,0.589915,0.506082,-0.611027,0.763255,-0.150777,-0.646348,-0.536424,0.358233,-2.346065,-0.274356,2.033426,0.725846,-0.380031,0.131900,0.223112,0.033006,-0.207059,0.361529,-0.127829
2.012092,-1.101284,0.194531,0.976423,1.017809,-1.088729,1.076596,-0.390364,-0.045909,-0.535942,0.577893,0.504031,-0.611384,0.762088,-0.150655,-0.646714,-0.536286,0.358450,-2.346028,-0.274560,2.033792,0.725709,-0.376514,0.133671,0.221356,0.034104,-0.207182,0.361505,-0.130231
2.013006,-1.100996,0.194711,0.973082,1.014422,-1.088761,1.077323,-0.389637,-0.063336,-0.537865,0.561486,0.502782,-0.611821,0.760859,-0.150517,-0.647090,-0.536155,0.358682,-2.345994,-0.274762,2.034148,0.725584,-0.376091,0.133144,0.225562,0.034215,-0.204245,0.358640,-0.128861
2.013988,-1.106267,0.195177,0.969066,1.016927,-1.087826,1.078056,-0.389705,-0.086847,-0.537400,0.538098,0.500268,-0.612466,0.759230,-0.150382,-0.647469,-0.536022,0.358912,-2.345952,-0.274965,2.034498,0.725450,-0.375880,0.132895,0.226860,0.037280,-0.204152,0.357753,-0.130294
2.015121,-1.108853,0.195438,0.971927,1.015131,-1.089126,1.080715,-0.388331,-0.117271,-0.532429,0.506816,0.495225,-0.613397,0.757008,-0.150264,-0.647835,-0.535889,0.359146,-2.345922,-0.275171,2.034854,0.725321,-0.373319,0.132620,0.228663,0.034683,-0.205123,0.356952,-0.130147
2.016066,-1.102957,0.196569,0.974771,1.013093,-1.088788,1.081910,-0.388544,-0.153319,-0.523639,0.469093,0.488893,-0.614571,0.754403,-0.150185,-0.648208,-0.535757,0.359372,-2.345883,-0.275371,2.035206,0.725183,-0.372749,0.132699,0.227494,0.036355,-0.204212,0.354546,-0.132978
2.017000,-1.104362,0.191565,0.970927,1.011581,-1.089344,1.083119,-0.388346,-0.190520,-0.511681,0.430531,0.481147,-0.615806,0.751620,-0.150154,-0.648593,-0.535625,0.359592,-2.345840,-0.275574,2.035553,0.725050,-0.375443,0.132028,0.225928,0.038041,-0.204535,0.353266,-0.132493
2.018092,-1.109030,0.193310,0.973877,1.012051,-1.090053,1.082389,-0.387014,-0.224493,-0.497795,0.396373,0.471231,-0.616920,0.748758,-0.150149,-0.648962,-0.535488,0.359824,-2.345799,-0.275775,2.035902,0.724912,-0.374541,0.134389,0.227563,0.039212,-0.203942,0.351922,-0.132838
2.019077,-1.110942,0.196954,0.972057,1.013060,-1.091955,1.085453,-0.387306,-0.255026,-0.484263,0.366309,0.460315,-0.617874,0.745943,-0.150145,-0.649332,-0.535357,0.360044,-2.345763,-0.275978,2.036254,0.724773,-0.372760,0.133636,0.226308,0.038610,-0.203524,0.352863,-0.135554
2.020009,-1.106639,0.190628,0.968682,1.010514,-1.092551,1.086455,-0.387110,-0.283595,-0.470556,0.338482,0.449524,-0.618672,0.743278,-0.150127,-0.649698,-0.535229,0.360274,-2.345726,-0.276173,2.036601,0.724637,-0.371928,0.131823,0.227089,0.037394,-0.201751,0.349748,-0.134915
2.021073,-1.110234,0.194632,0.967888,1.009941,-1.093802,1.088722,-0.386992,-0.310532,-0.456516,0.312299,0.439645,-0.619306,0.740797,-0.150090,-0.650076,-0.535088,0.360510,-2.345681,-0.276376,2.036946,0.724504,-0.373832,0.134818,0.228420,0.039551,-0.201109,0.348650,-0.135283
2.022035,-1.114299,0.193492,0.970885,1.009829,-1.093139,1.089055,-0.386748,-0.335603,-0.443410,0.287646,0.430596,-0.619807,0.738355,-0.150059,-0.650450,-0.534959,0.360738,-2.345642,-0.276570,2.037284,0.724369,-0.372384,0.132893,0.228888,0.039908,-0.200176,0.346584,-0.135543
2.022983,-1.116740,0.196335,0.962607,1.008834,-1.093919,1.088498,-0.386089,-0.383026,-0.414682,0.240797,0.411526,-0.620586,0.733085,-0.150113,-0.651184,-0.534697,0.361200,-2.345561,-0.276971,2.037973,0.724091,-0.369062,0.131918,0.231066,0.040407,-0.200112,0.346710,-0.137266
2.024091,-1.121428,0.197047,0.961891,1.007741,-1.097029,1.090208,-0.386987,-0.383026,-0.414682,0.240797,0.411526,-0.620586,0.733085,-0.150113,-0.651184,-0.534697,0.361200,-2.345561,-0.276971,2.037973,0.724091,-0.369062,0.131918,0.231066,0.040407,-0.200112,0.346710,-0.137266
2.025065,-1.119283,0.198225,0.960964,1.009414,-1.098595,1.088874,-0.386307,-0.409627,-0.395518,0.213763,0.399834,-0.621008,0.730046,-0.150207,-0.651546,-0.534565,0.361433,-2.345516,-0.277163,2.038318,0.723959,-0.367440,0.131740,0.231522,0.041206,-0.197412,0.345240,-0.135500
2.025985,-1.117761,0.197047,0.956031,1.008283,-1.099412,1.090559,-0.387612,-0.438708,-0.373032,0.183335,0.386776,-0.621497,0.726819,-0.150342,-0.651919,-0.534437,0.361665,-2.345481,-0.277356,2.038669,0.723819,-0.368523,0.131141,0.231779,0.039339,-0.195991,0.346546,-0.136852
2.027103,-1.114723,0.198951,0.959672,1.007676,-1.101126,1.090441,-0.386802,-0.467419,-0.350190,0.152330,0.374449,-0.621970,0.723796,-0.150505,-0.652292,-0.534303,0.361900,-2.345439,-0.277549,2.039010,0.723691,-0.369011,0.131586,0.233881,0.040118,-0.195211,0.344713,-0.134179
2.028082,-1.115787,0.200207,0.958136,1.007884,-1.104297,1.092350,-0.385748,-0.492985,-0.328806,0.123747,0.363433,-0.622360,0.721137,-0.150682,-0.652661,-0.534175,0.362130,-2.345397,-0.277738,2.039354,0.723554,-0.371228,0.130852,0.232214,0.040512,-0.193973,0.345140,-0.135888
2.029073,-1.113512,0.199548,0.960973,1.008190,-1.103584,1.092442,-0.385164,-0.512922,-0.308984,0.100781,0.353156,-0.622594,0.718833,-0.150871,-0.653029,-0.534045,0.362365,-2.345359,-0.277920,2.039692,0.723412,-0.370733,0.130212,0.232772,0.040060,-0.191041,0.343237,-0.137952
2.030014,-1.110332,0.201736,0.962568,1.006787,-1.103905,1.092682,-0.386910,-0.526097,-0.291250,0.084933,0.344075,-0.622629,0.716967,-0.151063,-0.653398,-0.533914,0.362592,-2.345319,-0.278112,2.040035,0.723273,-0.372000,0.130543,0.231235,0.039485,-0.191982,0.343191,-0.139085
2.031189,-1.114334,0.201241,0.963860,1.008982,-1.107235,1.089609,-0.386302,-0.529030,-0.263688,0.079169,0.329402,-0.621979,0.714816,-0.151272,-0.654150,-0.533658,0.363048,-2.345245,-0.278486,2.040727,0.723001,-0.372222,0.129958,0.229930,0.038366,-0.189043,0.346355,-0.136848
2.032105,-1.113921,0.200652,0.959774,1.011001,-1.108851,1.088222,-0.385906,-0.529030,-0.263688,0.079169,0.329402,-0.621979,0.714816,-0.151272,-0.654150,-0.533658,0.363048,-2.345245,-0.278486,2.040727,0.723001,-0.372222,0.129958,0.229930,0.038366,-0.189043,0.346355,-0.136848
2.033089,-1.112814,0.204721,0.962137,1.011003,-1.109755,1.092456,-0.385654,-0.521590,-0.255193,0.085769,0.325096,-0.621326,0.714583,-0.151270,-0.654519,-0.533526,0.363282,-2.345213,-0.278672,2.041077,0.722861,-0.372201,0.130113,0.231606,0.036214,-0.187527,0.347540,-0.137562
2.034004,-1.112902,0.200963,0.957479,1.010554,-1.113023,1.093651,-0.385030,-0.511331,-0.251009,0.094528,0.324703,-0.620462,0.714955,-0.151239,-0.654895,-0.533402,0.363512,-2.345177,-0.278856,2.041418,0.722722,-0.372752,0.128121,0.230246,0.036060,-0.186875,0.343278,-0.138033
2.035098,-1.113644,0.202662,0.960893,1.009263,-1.114569,1.094250,-0.385472,-0.499162,-0.249604,0.104627,0.327210,-0.619382,0.715752,-0.151198,-0.655274,-0.533269,0.363747,-2.345141,-0.279033,2.041753,0.722582,-0.372335,0.129883,0.232204,0.036286,-0.183760,0.342022,-0.139212
2.036029,-1.110791,0.204359,0.962544,1.010454,-1.113781,1.095008,-0.384877,-0.485871,-0.250564,0.115376,0.331087,-0.618157,0.716675,-0.151161,-0.655645,-0.533141,0.363975,-2.345102,-0.279216,2.042095,0.722446,-0.372523,0.129209,0.230624,0.037407,-0.182729,0.341683,-0.138347
2.037037,-1.110231,0.203492,0.961750,1.010824,-1.115587,1.096991,-0.383900,-0.470729,-0.252911,0.128117,0.334929,-0.616791,0.717547,-0.151131,-0.656022,-0.533015,0.364199,-2.345068,-0.279405,2.042431,0.722300,-0.373689,0.128313,0.229569,0.036035,-0.183623,0.340858,-0.139470
2.038093,-1.107002,0.200165,0.965806,1.010493,-1.117978,1.095676,-0.383671,-0.452502,-0.256334,0.144466,0.339047,-0.615210,0.718510,-0.151118,-0.656393,-0.532884,0.364429,-2.345032,-0.279583,2.042775,0.722156,-0.374122,0.128778,0.229895,0.035506,-0.182148,0.338921,-0.141392
2.039075,-1.111528,0.199391,0.970136,1.008910,-1.120358,1.093474,-0.383491,-0.430376,-0.263067,0.164999,0.344799,-0.613390,0.719786,-0.151129,-0.656773,-0.532750,0.364657,-2.344996,-0.279758,2.043119,0.722011,-0.376018,0.130509,0.227901,0.035716,-0.180242,0.340424,-0.141817
2.040111,-1.109878,0.198738,0.969502,1.010231,-1.124567,1.094360,-0.382469,-0.403766,-0.274377,0.190584,0.351587,-0.611371,0.721297,-0.151145,-0.657147,-0.532618,0.364875,-2.344959,-0.279934,2.043461,0.721868,-0.373730,0.130844,0.225715,0.037104,-0.178188,0.342643,-0.142127
2.041218,-1.107791,0.199033,0.972531,1.010570,-1.126762,1.098017,-0.382869,-0.374079,-0.289170,0.220031,0.358120,-0.609269,0.722813,-0.151159,-0.657519,-0.532488,0.365100,-2.344925,-0.280103,2.043804,0.721722,-0.374863,0.131246,0.226096,0.035673,-0.174477,0.341848,-0.144158
2.042079,-1.099698,0.199698,0.969763,1.009408,-1.127436,1.098913,-0.383421,-0.342499,-0.307074,0.251853,0.365267,-0.607149,0.724415,-0.151179,-0.657900,-0.532356,0.365320,-2.344891,-0.280275,2.044131,0.721581,-0.376405,0.131260,0.224850,0.035303,-0.172930,0.338533,-0.143353
2.043094,-1.098640,0.202364,0.973193,1.009537,-1.127520,1.098091,-0.382740,-0.272371,-0.348031,0.324083,0.381404,-0.602906,0.728045,-0.151205,-0.658665,-0.532098,0.365769,-2.344817,-0.280617,2.044812,0.721296,-0.380365,0.129448,0.224092,0.035854,-0.172759,0.338351,-0.143495
2.044065,-1.101183,0.201248,0.973645,1.010313,-1.128529,1.100457,-0.384221,-0.272371,-0.348031,0.324083,0.381404,-0.602906,0.728045,-0.151205,-0.658665,-0.532098,0.365769,-2.344817,-0.280617,2.044812,0.721296,-0.380365,0.129448,0.224092,0.035854,-0.172759,0.338351,-0.143495
2.045119,-1.109808,0.201975,0.976668,1.010322,-1.127194,1.099181,-0.383554,-0.235234,-0.366755,0.363417,0.388117,-0.600903,0.729784,-0.151186,-0.659043,-0.531968,0.365990,-2.344783,-0.280782,2.045144,0.721160,-0.378986,0.129987,0.223796,0.034952,-0.172145,0.336002,-0.140458
2.046106,-1.104950,0.200646,0.978584,1.009812,-1.128216,1.098859,-0.384618,-0.200244,-0.383526,0.400973,0.394219,-0.599161,0.731417,-0.151118,-0.659408,-0.531836,0.366210,-2.344750,-0.280962,2.045484,0.721016,-0.375085,0.129700,0.222427,0.034886,-0.173951,0.337495,-0.141824
2.047083,-1.106910,0.199517,0.975218,1.008950,-1.127978,1.097853,-0.383794,-0.169171,-0.398372,0.434868,0.399554,-0.597778,0.732866,-0.150989,-0.659791,-0.531706,0.366429,-2.344715,-0.281134,2.045826,0.720879,-0.377500,0.130373,0.221448,0.035243,-0.173274,0.337825,-0.139637
2.048109,-1.111223,0.199103,0.975107,1.010505,-1.128038,1.101821,-0.384707,-0.141626,-0.412018,0.465409,0.403793,-0.596732,0.734083,-0.150810,-0.660166,-0.531573,0.366654,-2.344678,-0.281309,2.046163,0.720734,-0.376460,0.130879,0.223043,0.035900,-0.173847,0.338873,-0.141264
2.049187,-1.110439,0.198510,0.979328,1.010185,-1.126134,1.103471,-0.383475,-0.118851,-0.425277,0.490578,0.407688,-0.596021,0.735105,-0.150606,-0.660538,-0.531442,0.366875,-2.344646,-0.281487,2.046491,0.720600,-0.374521,0.131136,0.223145,0.034281,-0.174191,0.335042,-0.139413
2.050078,-1.110046,0.195558,0.977736,1.007842,-1.123790,1.103034,-0.383800,-0.101059,-0.438982,0.509871,0.412764,-0.595557,0.736150,-0.150400,-0.660918,-0.531311,0.367093,-2.344611,-0.281667,2.046818,0.720453,-0.375308,0.131557,0.221252,0.034529,-0.176602,0.333718,-0.141903
2.051145,-1.110673,0.196626,0.983867,1.010710,-1.122821,1.102292,-0.385266,-0.086042,-0.453653,0.526047,0.418799,-0.595185,0.737288,-0.150192,-0.661289,-0.531174,0.367317,-2.344570,-0.281851,2.047155,0.720316,-0.375125,0.132801,0.221742,0.036530,-0.178992,0.334021,-0.141149
2.052014,-1.109005,0.194772,0.979969,1.008670,-1.124539,1.098492,-0.384972,-0.072100,-0.469347,0.541280,0.425088,-0.594785,0.738503,-0.149964,-0.661664,-0.531041,0.367531,-2.344543,-0.282033,2.047497,0.720181,-0.375194,0.132344,0.218895,0.033702,-0.180399,0.334967,-0.138225
2.053010,-1.102400,0.194136,0.983950,1.010689,-1.124063,1.097429,-0.384707,-0.058664,-0.485888,0.556328,0.431811,-0.594294,0.739858,-0.149714,-0.662043,-0.530906,0.367752,-2.344503,-0.282207,2.047839,0.720044,-0.375461,0.133023,0.220536,0.035432,-0.178759,0.338562,-0.138762
2.054061,-1.103541,0.195358,0.984407,1.010904,-1.125443,1.097018,-0.384165,-0.045143,-0.503324,0.571786,0.438880,-0.593699,0.741320,-0.149459,-0.662423,-0.530772,0.367967,-2.344472,-0.282389,2.048185,0.719902,-0.378782,0.133313,0.218565,0.033327,-0.179547,0.339620,-0.139254
2.055093,-1.106339,0.190286,0.985277,1.011732,-1.126084,1.098567,-0.383563,-0.030083,-0.522130,0.589172,0.446911,-0.592986,0.742968,-0.149203,-0.662800,-0.530640,0.368183,-2.344437,-0.282567,2.048524,0.719760,-0.378469,0.132762,0.218548,0.033015,-0.178599,0.340202,-0.140334
2.056095,-1.107718,0.194895,0.979684,1.010021,-1.123913,1.098974,-0.383500,-0.014037,-0.542824,0.607620,0.456852,-0.592241,0.744850,-0.148946,-0.663168,-0.530501,0.368401,-2.344405,-0.282743,2.048861,0.719617,-0.377358,0.135282,0.218228,0.032154,-0.178405,0.338779,-0.141516
2.057054,-1.111134,0.195695,0.985619,1.009539,-1.122464,1.096925,-0.384637,-0.000351,-0.564160,0.623095,0.467891,-0.591659,0.746696,-0.148698,-0.663546,-0.530373,0.368627,-2.344370,-0.282929,2.049198,0.719476,-0.376728,0.132979,0.220985,0.033729,-0.180868,0.338465,-0.141603
2.058068,-1.113514,0.194543,0.983317,1.009270,-1.123257,1.095276,-0.384706,0.008152,-0.581229,0.633024,0.476564,-0.591386,0.748005,-0.148459,-0.663920,-0.530240,0.368837,-2.344335,-0.283112,2.049537,0.719339,-0.374910,0.132511,0.217986,0.034044,-0.182518,0.340522,-0.139266
2.059118,-1.115208,0.194861,0.982717,1.011179,-1.123145,1.090431,-0.385013,0.011252,-0.591532,0.637894,0.480747,-0.591455,0.748555,-0.148224,-0.664291,-0.530106,0.369060,-2.344301,-0.283293,2.049883,0.719202,-0.373910,0.133094,0.219185,0.034200,-0.182039,0.342218,-0.139140
2.060070,-1.115471,0.194085,0.983047,1.011071,-1.120959,1.089503,-0.385247,0.009399,-0.597237,0.637845,0.481869,-0.591855,0.748562,-0.148010,-0.664663,-0.529975,0.369281,-2.344272,-0.283479,2.050236,0.719060,-0.373414,0.133011,0.219601,0.032306,-0.182537,0.347188,-0.138516
2.061046,-1.113592,0.199452,0.985035,1.009792,-1.120069,1.086414,-0.385553,0.003364,-0.600765,0.633102,0.482029,-0.592533,0.748337,-0.147838,-0.665035,-0.529842,0.369498,-2.344239,-0.283668,2.050587,0.718924,-0.373168,0.133307,0.219344,0.032307,-0.184868,0.347970,-0.138012
2.062063,-1.117443,0.197078,0.988580,1.010270,-1.119814,1.089416,-0.386294,-0.004884,-0.601385,0.626147,0.480687,-0.593368,0.747921,-0.147697,-0.665412,-0.529716,0.369712,-2.344204,-0.283857,2.050942,0.718790,-0.374061,0.130626,0.218358,0.033434,-0.185930,0.351002,-0.137380
2.063106,-1.111195,0.198156,0.986726,1.009509,-1.117071,1.090200,-0.386194,-0.013362,-0.597341,0.619814,0.476405,-0.594225,0.747244,-0.147556,-0.665783,-0.529581,0.369924,-2.344173,-0.284043,2.051284,0.718655,-0.372317,0.131837,0.216728,0.032899,-0.186477,0.348024,-0.135891
2.064101,-1.102917,0.197979,0.988608,1.009436,-1.116320,1.090023,-0.387052,-0.020169,-0.590588,0.615997,0.470491,-0.594980,0.746529,-0.147391,-0.666159,-0.529449,0.370143,-2.344139,-0.284238,2.051630,0.718519,-0.375745,0.131347,0.217809,0.033574,-0.189510,0.347379,-0.136122
2.065177,-1.110065,0.195778,0.986362,1.008585,-1.115449,1.088632,-0.386443,-0.022458,-0.584015,0.617249,0.464667,-0.595486,0.746053,-0.147200,-0.666545,-0.529319,0.370361,-2.344104,-0.284431,2.051983,0.718388,-0.379807,0.131440,0.216857,0.033494,-0.190420,0.347534,-0.134391
2.066054,-1.105749,0.195528,0.990122,1.009455,-1.118514,1.087809,-0.387136,-0.019539,-0.579096,0.623863,0.459483,-0.595714,0.745838,-0.147002,-0.666918,-0.529184,0.370579,-2.344069,-0.284623,2.052334,0.718248,-0.376616,0.132636,0.218237,0.034270,-0.191663,0.349098,-0.135653
2.067154,-1.110224,0.200182,0.988818,1.009357,-1.120220,1.086391,-0.386667,-0.013704,-0.576609,0.632987,0.455323,-0.595761,0.745788,-0.146825,-0.667295,-0.529053,0.370792,-2.344038,-0.284808,2.052687,0.718118,-0.378311,0.132558,0.216094,0.033262,-0.188565,0.349636,-0.134185
2.068058,-1.106495,0.195870,0.991089,1.007728,-1.119967,1.085081,-0.387396,-0.006648,-0.575021,0.642990,0.451803,-0.595684,0.745830,-0.146669,-0.667670,-0.528924,0.371006,-2.344004,-0.284993,2.053038,0.717980,-0.376573,0.130398,0.217113,0.033318,-0.187364,0.351268,-0.135181
2.069007,-1.109423,0.194447,0.986027,1.007615,-1.119533,1.088788,-0.387912,0.000564,-0.572236,0.653082,0.447640,-0.595547,0.745794,-0.146529,-0.668046,-0.528788,0.371220,-2.343965,-0.285183,2.053397,0.717849,-0.378096,0.132394,0.215782,0.034661,-0.187648,0.352320,-0.133654
2.070116,-1.113145,0.194559,0.988174,1.008028,-1.117360,1.089742,-0.388919,0.007155,-0.569620,0.662147,0.443018,-0.595431,0.745633,-0.146398,-0.668424,-0.528656,0.371444,-2.343932,-0.285370,2.053744,0.717719,-0.376406,0.133004,0.218174,0.034631,-0.188233,0.348474,-0.132614
2.071099,-1.113859,0.194810,0.983342,1.007043,-1.116964,1.087711,-0.388536,0.011543,-0.568808,0.667921,0.439408,-0.595401,0.745464,-0.146279,-0.668799,-0.528522,0.371658,-2.343898,-0.285564,2.054086,0.717590,-0.375114,0.133083,0.217427,0.034163,-0.190835,0.347834,-0.130666
2.072112,-1.111715,0.191261,0.982632,1.006535,-1.117272,1.088522,-0.388550,0.011940,-0.568784,0.668382,0.436833,-0.595515,0.745240,-0.146187,-0.669173,-0.528389,0.371882,-2.343861,-0.285759,2.054440,0.717456,-0.374783,0.132910,0.219788,0.034964,-0.191352,0.349834,-0.131445
2.073046,-1.109570,0.191062,0.981364,1.005698,-1.115709,1.088204,-0.387825,0.008232,-0.569205,0.663447,0.434677,-0.595784,0.744858,-0.146126,-0.669554,-0.528251,0.372105,-2.343824,-0.285952,2.054785,0.717322,-0.375935,0.134650,0.220131,0.035284,-0.191258,0.349050,-0.131415
2.073991,-1.115435,0.189143,0.977951,1.004600,-1.116270,1.087831,-0.387827,0.002125,-0.571291,0.655028,0.433119,-0.596153,0.744414,-0.146080,-0.669931,-0.528117,0.372324,-2.343788,-0.286145,2.055136,0.717188,-0.376744,0.134587,0.220614,0.035911,-0.192889,0.349235,-0.132841
2.075026,-1.112355,0.185978,0.977742,1.004600,-1.115077,1.087065,-0.387768,-0.006172,-0.574628,0.643606,0.431701,-0.596647,0.743899,-0.146035,-0.670300,-0.527982,0.372550,-2.343749,-0.286341,2.055488,0.717053,-0.373675,0.135424,0.222111,0.036727,-0.192355,0.349481,-0.132784
2.076145,-1.107655,0.187467,0.975835,1.003252,-1.112292,1.090787,-0.387501,-0.017767,-0.578895,0.628073,0.430215,-0.597348,0.743241,-0.145977,-0.670683,-0.527841,0.372771,-2.343713,-0.286537,2.055838,0.716919,-0.375402,0.136958,0.222294,0.036575,-0.193804,0.350333,-0.132916
2.077066,-1.105376,0.182696,0.972115,1.002283,-1.109641,1.092875,-0.388530,-0.030719,-0.585047,0.610709,0.429318,-0.598170,0.742582,-0.145879,-0.671063,-0.527705,0.372994,-2.343674,-0.286739,2.056181,0.716784,-0.378322,0.136327,0.223539,0.037769,-0.196961,0.346863,-0.133514
2.077968,-1.108084,0.185589,0.969251,1.002574,-1.107248,1.094404,-0.387695,-0.042753,-0.593354,0.594143,0.429227,-0.598985,0.742042,-0.145725,-0.671444,-0.527563,0.373225,-2.343635,-0.286947,2.056517,0.716656,-0.379076,0.138493,0.225070,0.038462,-0.199488,0.344702,-0.131406
2.079096,-1.107892,0.186401,0.967693,1.002494,-1.106018,1.094146,-0.388504,-0.054842,-0.603079,0.577279,0.430014,-0.599794,0.741596,-0.145532,-0.671815,-0.527430,0.373451,-2.343599,-0.287147,2.056855,0.716521,-0.377378,0.136836,0.226162,0.037919,-0.201792,0.343044,-0.133053
2.080086,-1.111415,0.185678,0.966109,1.001741,-1.107075,1.094535,-0.387540,-0.069195,-0.611535,0.558005,0.431140,-0.600632,0.741153,-0.145329,-0.672193,-0.527296,0.373684,-2.343561,-0.287354,2.057202,0.716391,-0.378115,0.136609,0.227129,0.037869,-0.203338,0.343619,-0.131483
2.080968,-1.106144,0.186709,0.962637,1.001008,-1.106871,1.092496,-0.388012,-0.086825,-0.616762,0.535631,0.431774,-0.601525,0.740639,-0.145133,-0.672570,-0.527159,0.373911,-2.343520,-0.287555,2.057544,0.716254,-0.376344,0.136892,0.227819,0.038348,-0.202341,0.343248,-0.133425
2.082106,-1.110885,0.184964,0.960223,1.000841,-1.105102,1.092927,-0.387330,-0.107626,-0.618360,0.510529,0.431180,-0.602503,0.739993,-0.144946,-0.672947,-0.527024,0.374144,-2.343483,-0.287760,2.057891,0.716124,-0.378528,0.136137,0.229094,0.038801,-0.202382,0.345079,-0.132405
2.083001,-1.110390,0.180571,0.961220,0.998163,-1.101356,1.095749,-0.387207,-0.131140,-0.616520,0.483195,0.429127,-0.603599,0.739192,-0.144772,-0.673323,-0.526886,0.374381,-2.343444,-0.287971,2.058239,0.715985,-0.376811,0.137178,0.230468,0.038824,-0.204474,0.344931,-0.133842
2.084000,-1.115631,0.182184,0.955734,0.998575,-1.098280,1.096172,-0.386091,-0.156572,-0.613190,0.454331,0.426263,-0.604861,0.738302,-0.144626,-0.673701,-0.526742,0.374606,-2.343399,-0.288187,2.058575,0.715849,-0.376633,0.139063,0.229615,0.041073,-0.207982,0.341946,-0.134008
2.085165,-1.112136,0.177992,0.956086,0.998528,-1.093717,1.096782,-0.384712,-0.183741,-0.609425,0.424079,0.422907,-0.606350,0.737359,-0.144526,-0.674069,-0.526605,0.374846,-2.343359,-0.288405,2.058915,0.715710,-0.374144,0.138164,0.232160,0.040348,-0.210987,0.341611,-0.136234
2.086038,-1.110846,0.176402,0.956965,0.997227,-1.089176,1.096579,-0.384698,-0.212503,-0.605765,0.392311,0.420062,-0.608064,0.736496,-0.144483,-0.674450,-0.526460,0.375076,-2.343319,-0.288629,2.059252,0.715564,-0.376695,0.140386,0.232275,0.040255,-0.215804,0.341427,-0.139035
2.087042,-1.108434,0.174616,0.952334,0.998554,-1.084759,1.096086,-0.383482,-0.239815,-0.604468,0.362248,0.419191,-0.609857,0.736004,-0.144481,-0.674827,-0.526319,0.375310,-2.343276,-0.288858,2.059596,0.715424,-0.376793,0.140844,0.231333,0.041143,-0.219903,0.341404,-0.138942
2.088037,-1.109523,0.174329,0.951896,0.998332,-1.081415,1.091892,-0.384066,-0.263068,-0.606693,0.336815,0.420872,-0.611564,0.736085,-0.144477,-0.675209,-0.526177,0.375549,-2.343238,-0.289091,2.059943,0.715278,-0.378018,0.141621,0.233459,0.039588,-0.224125,0.341928,-0.141348
2.089119,-1.111016,0.176024,0.948920,0.998734,-1.081015,1.090589,-0.383581,-0.282766,-0.611768,0.315162,0.425307,-0.613101,0.736756,-0.144438,-0.675588,-0.526037,0.375781,-2.343199,-0.289320,2.060295,0.715137,-0.377455,0.141653,0.233509,0.039571,-0.227276,0.346140,-0.140108
2.090077,-1.110067,0.180236,0.951400,0.998700,-1.080307,1.093269,-0.381550,-0.300482,-0.617272,0.295518,0.431329,-0.614463,0.737763,-0.144348,-0.675961,-0.525897,0.376021,-2.343161,-0.289550,2.060645,0.714994,-0.377185,0.140814,0.234993,0.039020,-0.227646,0.347585,-0.141106
2.091055,-1.113872,0.183195,0.949172,0.994905,-1.082046,1.095494,-0.380447,-0.317058,-0.619268,0.277484,0.436909,-0.615650,0.738801,-0.144234,-0.676338,-0.525763,0.376252,-2.343124,-0.289781,2.060986,0.714842,-0.377524,0.138600,0.233486,0.038842,-0.228077,0.344835,-0.145098
2.092048,-1.115762,0.181466,0.948394,0.997314,-1.081881,1.096677,-0.380352,-0.332912,-0.613066,0.261537,0.438970,-0.616683,0.739505,-0.144132,-0.676707,-0.525628,0.376488,-2.343076,-0.290006,2.061324,0.714691,-0.375655,0.137059,0.234379,0.042203,-0.226139,0.342641,-0.147202
2.092972,-1.118193,0.182120,0.948011,0.995789,-1.076942,1.094884,-0.378821,-0.349308,-0.597288,0.246507,0.436101,-0.617626,0.739626,-0.144054,-0.677080,-0.525492,0.376724,-2.343040,-0.290235,2.061668,0.714539,-0.374781,0.137880,0.234560,0.039544,-0.226143,0.341492,-0.147291
2.094049,-1.123987,0.180897,0.950326,0.994451,-1.078683,1.094071,-0.378481,-0.366572,-0.575538,0.231319,0.430763,-0.618462,0.739413,-0.144001,-0.677454,-0.525356,0.376959,-2.342997,-0.290473,2.062013,0.714378,-0.373300,0.137361,0.234375,0.040723,-0.230714,0.343183,-0.150230
2.095032,-1.124466,0.180116,0.945421,0.994212,-1.077705,1.091249,-0.378124,-0.384350,-0.550080,0.216191,0.423711,-0.619168,0.738976,-0.143968,-0.677816,-0.525218,0.377192,-2.342954,-0.290701,2.062361,0.714227,-0.370972,0.138025,0.233260,0.041776,-0.228913,0.344164,-0.150859
2.095998,-1.125176,0.179817,0.947714,0.994132,-1.076212,1.089184,-0.378790,-0.403028,-0.521890,0.200641,0.414407,-0.619811,0.738238,-0.143942,-0.678192,-0.525080,0.377434,-2.342911,-0.290936,2.062714,0.714072,-0.370742,0.138311,0.235443,0.041658,-0.229655,0.346954,-0.151475
2.097034,-1.123082,0.183263,0.949553,0.994277,-1.076555,1.090012,-0.376662,-0.422399,-0.492829,0.184469,0.403893,-0.620446,0.737325,-0.143905,-0.678566,-0.524941,0.377663,-2.342871,-0.291167,2.063063,0.713925,-0.370324,0.138310,0.234069,0.041452,-0.230893,0.348947,-0.150048
2.098025,-1.126216,0.179503,0.949935,0.994097,-1.073348,1.092773,-0.376712,-0.440204,-0.463523,0.170281,0.392998,-0.621039,0.736440,-0.143845,-0.678937,-0.524809,0.377893,-2.342830,-0.291399,2.063415,0.713764,-0.371668,0.136626,0.233131,0.041045,-0.230408,0.348158,-0.154269
2.099018,-1.119766,0.181948,0.949797,0.994506,-1.073200,1.092992,-0.374832,-0.454185,-0.434757,0.160661,0.382732,-0.621526,0.735793,-0.143758,-0.679304,-0.524669,0.378122,-2.342788,-0.291637,2.063749,0.713607,-0.370206,0.138419,0.232819,0.040928,-0.233382,0.345457,-0.154026
2.100080,-1.118765,0.178375,0.952139,0.994697,-1.072196,1.091889,-0.374392,-0.463230,-0.408548,0.156380,0.374672,-0.621855,0.735544,-0.143621,-0.679681,-0.524533,0.378355,-2.342749,-0.291872,2.064095,0.713443,-0.373493,0.137106,0.232718,0.040250,-0.233252,0.345269,-0.157696
2.100988,-1.117884,0.178723,0.954848,0.992864,-1.073414,1.092068,-0.374332,-0.465703,-0.386687,0.158890,0.369872,-0.621946,0.735801,-0.143408,-0.680059,-0.524393,0.378588,-2.342709,-0.292108,2.064447,0.713283,-0.374296,0.138916,0.231557,0.039856,-0.234164,0.346507,-0.158475
2.101995,-1.117386,0.182635,0.955370,0.993077,-1.077331,1.090264,-0.374310,-0.460635,-0.369838,0.169331,0.367915,-0.621765,0.736500,-0.143108,-0.680434,-0.524255,0.378815,-2.342664,-0.292337,2.064794,0.713125,-0.374386,0.138497,0.229877,0.041252,-0.232561,0.346144,-0.158435
2.103093,-1.113933,0.183878,0.958963,0.991337,-1.075703,1.090386,-0.374825,-0.449363,-0.355232,0.186705,0.366396,-0.621370,0.737333,-0.142730,-0.680805,-0.524124,0.379043,-2.342622,-0.292557,2.065145,0.712965,-0.374792,0.136547,0.229551,0.040709,-0.228560,0.347977,-0.158374
2.104010,-1.117528,0.182782,0.957447,0.991132,-1.077128,1.091771,-0.374016,-0.433299,-0.338972,0.209928,0.362854,-0.620814,0.738019,-0.142308,-0.681186,-0.523991,0.379271,-2.342578,-0.292785,2.065492,0.712806,-0.376990,0.136067,0.227910,0.042185,-0.230291,0.348065,-0.157284
2.104975,-1.120484,0.180379,0.958410,0.989207,-1.074047,1.091820,-0.374027,-0.413510,-0.320376,0.237699,0.356838,-0.620147,0.738503,-0.141879,-0.681556,-0.523855,0.379497,-2.342535,-0.293010,2.065840,0.712644,-0.374907,0.136438,0.228404,0.041988,-0.228530,0.346504,-0.158769
2.106027,-1.122149,0.181356,0.962057,0.990260,-1.076797,1.092000,-0.373041,-0.392741,-0.300861,0.266336,0.349259,-0.619483,0.738814,-0.141480,-0.681926,-0.523717,0.379725,-2.342490,-0.293248,2.066186,0.712480,-0.373406,0.137518,0.227728,0.043518,-0.231324,0.346420,-0.158586
2.107024,-1.117476,0.177145,0.963132,0.989782,-1.077712,1.090620,-0.373064,-0.372703,-0.281867,0.293548,0.341249,-0.618878,0.739053,-0.141138,-0.682303,-0.523581,0.379944,-2.342450,-0.293472,2.066530,0.712314,-0.372875,0.137039,0.226050,0.042216,-0.228516,0.346389,-0.160475
2.107982,-1.118791,0.180124,0.963809,0.990545,-1.076926,1.089564,-0.372989,-0.351862,-0.265726,0.320855,0.334686,-0.618243,0.739531,-0.140872,-0.682681,-0.523438,0.380172,-2.342409,-0.293697,2.066878,0.712152,-0.375263,0.139033,0.225432,0.042406,-0.227477,0.347790,-0.160292
2.109015,-1.118635,0.178317,0.970550,0.990846,-1.076145,1.086421,-0.372286,-0.328748,-0.254120,0.349624,0.331083,-0.617493,0.740525,-0.140686,-0.683058,-0.523304,0.380395,-2.342368,-0.293927,2.067235,0.711987,-0.374434,0.137410,0.224945,0.041330,-0.228018,0.348711,-0.160294
2.110038,-1.112288,0.176670,0.968184,0.989904,-1.076031,1.085524,-0.372968,-0.303248,-0.246154,0.380190,0.330413,-0.616594,0.742089,-0.140561,-0.683432,-0.523164,0.380608,-2.342328,-0.294155,2.067590,0.711823,-0.374765,0.138282,0.221725,0.040788,-0.228713,0.351917,-0.161607
2.111062,-1.113286,0.179025,0.976670,0.990628,-1.076140,1.086420,-0.373129,-0.274502,-0.241998,0.413710,0.332529,-0.615518,0.744206,-0.140476,-0.683818,-0.523027,0.380835,-2.342283,-0.294386,2.067947,0.711664,-0.378014,0.139076,0.222940,0.041388,-0.228683,0.352801,-0.160125
2.112095,-1.107783,0.176974,0.976958,0.989684,-1.077527,1.088255,-0.374272,-0.241522,-0.241955,0.451336,0.337170,-0.614276,0.746823,-0.140419,-0.684198,-0.522890,0.381042,-2.342244,-0.294612,2.068296,0.711504,-0.377601,0.137849,0.218862,0.040421,-0.228488,0.351945,-0.159718
2.112995,-1.106958,0.175416,0.973987,0.988541,-1.079007,1.086665,-0.372606,-0.203893,-0.245072,0.493866,0.343902,-0.612904,0.749896,-0.140375,-0.684581,-0.522748,0.381261,-2.342202,-0.294838,2.068645,0.711353,-0.380518,0.138819,0.218860,0.041083,-0.227020,0.350174,-0.157357
2.113995,-1.109524,0.178503,0.969405,0.988299,-1.077487,1.084521,-0.374030,-0.163099,-0.251141,0.539495,0.352235,-0.611512,0.753248,-0.140332,-0.684963,-0.522607,0.381486,-2.342160,-0.295059,2.069000,0.711185,-0.380436,0.139323,0.220049,0.041844,-0.225233,0.351560,-0.160553
2.115098,-1.111092,0.178836,0.974291,0.987268,-1.076651,1.085238,-0.371887,-0.124332,-0.257968,0.581967,0.360617,-0.610314,0.756396,-0.140299,-0.685340,-0.522469,0.381711,-2.342119,-0.295285,2.069353,0.711035,-0.379191,0.137688,0.222294,0.041793,-0.226649,0.353692,-0.157575
2.116097,-1.108244,0.175244,0.974433,0.987453,-1.075796,1.081908,-0.372748,-0.091791,-0.261994,0.616777,0.367186,-0.609445,0.758971,-0.140287,-0.685714,-0.522332,0.381925,-2.342075,-0.295514,2.069705,0.710864,-0.378971,0.137635,0.220156,0.042556,-0.227532,0.353161,-0.161838
2.116981,-1.112088,0.174567,0.969254,0.989809,-1.075948,1.080602,-0.372137,-0.064446,-0.264023,0.645442,0.372181,-0.608846,0.761105,-0.140293,-0.686098,-0.522189,0.382142,-2.342036,-0.295745,2.070063,0.710707,-0.380380,0.139308,0.220138,0.042113,-0.228194,0.356474,-0.159961
2.118059,-1.111419,0.174231,0.971924,0.987334,-1.077738,1.081365,-0.372889,-0.041531,-0.267840,0.668356,0.378328,-0.608437,0.763157,-0.140302,-0.686468,-0.522049,0.382368,-2.342003,-0.295969,2.070424,0.710547,-0.378019,0.139336,0.222382,0.039563,-0.227667,0.357450,-0.161039
2.119042,-1.113289,0.169184,0.970913,0.989181,-1.077414,1.081328,-0.373111,-0.024576,-0.274304,0.683461,0.386915,-0.608215,0.765208,-0.140297,-0.686849,-0.521912,0.382588,-2.341956,-0.296193,2.070785,0.710390,-0.378744,0.139570,0.221229,0.041700,-0.225916,0.356773,-0.159456
2.120086,-1.111753,0.168637,0.974252,0.988927,-1.077343,1.082663,-0.373301,-0.012900,-0.283692,0.691750,0.397679,-0.608125,0.767230,-0.140264,-0.687228,-0.521766,0.382807,-2.341920,-0.296419,2.071136,0.710232,-0.377743,0.141904,0.221724,0.039650,-0.226083,0.356776,-0.158913
2.121007,-1.113017,0.167994,0.972565,0.987610,-1.077693,1.080412,-0.373022,-0.004125,-0.298262,0.695878,0.411818,-0.608027,0.769400,-0.140196,-0.687606,-0.521621,0.383024,-2.341880,-0.296647,2.071489,0.710077,-0.378774,0.142069,0.220189,0.039684,-0.226089,0.355502,-0.158473
2.122009,-1.108885,0.164247,0.976859,0.985566,-1.080104,1.081284,-0.371589,0.003069,-0.317195,0.697680,0.428557,-0.607822,0.771646,-0.140097,-0.687985,-0.521481,0.383249,-2.341838,-0.296874,2.071849,0.709918,-0.377787,0.142164,0.220791,0.040637,-0.225418,0.357562,-0.158892
2.123108,-1.111806,0.168599,0.978067,0.985528,-1.082594,1.079507,-0.372574,0.009584,-0.337984,0.698871,0.444923,-0.607481,0.773629,-0.139974,-0.688367,-0.521332,0.383465,-2.341793,-0.297089,2.072207,0.709752,-0.379883,0.143844,0.218677,0.042307,-0.222967,0.356622,-0.161652
2.124114,-1.110379,0.168433,0.978489,0.985786,-1.085803,1.080739,-0.371804,0.016674,-0.358775,0.701442,0.458795,-0.606985,0.775155,-0.139814,-0.688747,-0.521196,0.383683,-2.341752,-0.297307,2.072573,0.709593,-0.378859,0.141736,0.218376,0.042121,-0.220637,0.358540,-0.159584
2.125070,-1.106390,0.170286,0.976691,0.986069,-1.086367,1.082921,-0.372538,0.023933,-0.376877,0.705222,0.469269,-0.606370,0.776149,-0.139598,-0.689131,-0.521054,0.383901,-2.341711,-0.297518,2.072923,0.709430,-0.379583,0.141717,0.218216,0.041568,-0.217447,0.357290,-0.161040
2.126104,-1.111480,0.172015,0.979245,0.983559,-1.087540,1.084033,-0.372059,0.030779,-0.391510,0.709204,0.477358,-0.605689,0.776773,-0.139331,-0.689513,-0.520914,0.384122,-2.341668,-0.297726,2.073275,0.709275,-0.381380,0.140613,0.219001,0.040929,-0.216858,0.354993,-0.159432
2.127089,-1.108893,0.172579,0.975902,0.982522,-1.086400,1.085812,-0.372463,0.036884,-0.401905,0.712910,0.483121,-0.605016,0.777081,-0.139034,-0.689888,-0.520775,0.384341,-2.341622,-0.297939,2.073626,0.709112,-0.379021,0.139715,0.217819,0.043078,-0.215739,0.353962,-0.160315
2.127997,-1.106959,0.173224,0.972641,0.983202,-1.089708,1.086214,-0.371742,0.040833,-0.406067,0.715068,0.484770,-0.604493,0.776815,-0.138739,-0.690274,-0.520636,0.384561,-2.341578,-0.298157,2.073971,0.708956,-0.380233,0.139318,0.219484,0.043737,-0.216818,0.352175,-0.159388
2.129044,-1.104085,0.171220,0.971959,0.982397,-1.089108,1.087868,-0.371258,0.041826,-0.404694,0.714403,0.482822,-0.604185,0.775986,-0.138480,-0.690652,-0.520497,0.384784,-2.341536,-0.298363,2.074322,0.708794,-0.380811,0.138764,0.220837,0.042667,-0.213333,0.351589,-0.160685
2.130114,-1.104776,0.172786,0.975010,0.982534,-1.091348,1.087224,-0.371190,0.040669,-0.401025,0.711022,0.479904,-0.604039,0.774953,-0.138277,-0.691036,-0.520353,0.385005,-2.341492,-0.298577,2.074665,0.708630,-0.382433,0.139702,0.221283,0.043150,-0.214053,0.350067,-0.161551
2.131099,-1.104831,0.170239,0.971972,0.981358,-1.092462,1.086433,-0.370417,0.039397,-0.397727,0.707023,0.477559,-0.603946,0.774033,-0.138118,-0.691415,-0.520216,0.385223,-2.341449,-0.298785,2.075014,0.708470,-0.382419,0.138948,0.219954,0.042728,-0.211978,0.350887,-0.161609
2.132112,-1.104790,0.168166,0.967265,0.980233,-1.094217,1.089490,-0.370347,0.038883,-0.395620,0.703607,0.475852,-0.603816,0.773277,-0.137987,-0.691798,-0.520073,0.385450,-2.341405,-0.298995,2.075369,0.708306,-0.382305,0.140081,0.221382,0.043531,-0.210863,0.351620,-0.163036
2.133015,-1.105113,0.166454,0.970359,0.978543,-1.094474,1.093346,-0.369404,0.037661,-0.395355,0.698811,0.474757,-0.603643,0.772536,-0.137892,-0.692184,-0.519928,0.385676,-2.341358,-0.299199,2.075706,0.708139,-0.382322,0.140973,0.223715,0.044242,-0.209211,0.348630,-0.163036
2.134021,-1.103672,0.167824,0.971045,0.977390,-1.096686,1.095079,-0.369605,0.035009,-0.397595,0.691538,0.474395,-0.603425,0.771733,-0.137847,-0.692563,-0.519786,0.385897,-2.341307,-0.299404,2.076041,0.707970,-0.381745,0.141542,0.221862,0.045346,-0.208838,0.344652,-0.164745
2.135084,-1.103198,0.168247,0.968426,0.976278,-1.098926,1.094501,-0.368447,0.032466,-0.401479,0.684109,0.474060,-0.603103,0.770862,-0.137836,-0.692951,-0.519645,0.386116,-2.341261,-0.299606,2.076375,0.707803,-0.382425,0.140743,0.221560,0.046094,-0.206726,0.343055,-0.164185
2.136085,-1.110337,0.166457,0.963128,0.975242,-1.102194,1.096851,-0.367456,0.030710,-0.404968,0.677879,0.472458,-0.602650,0.769810,-0.137830,-0.693333,-0.519504,0.386343,-2.341213,-0.299806,2.076719,0.707631,-0.382936,0.140513,0.222978,0.046788,-0.204747,0.343826,-0.166407
2.137007,-1.105712,0.167158,0.964411,0.974833,-1.103012,1.095841,-0.366680,0.026997,-0.406762,0.669567,0.469054,-0.602171,0.768391,-0.137807,-0.693710,-0.519363,0.386574,-2.341164,-0.300001,2.077061,0.707459,-0.379390,0.141306,0.225521,0.047345,-0.201639,0.341498,-0.168234
2.138082,-1.106305,0.167637,0.963116,0.974037,-1.104167,1.096666,-0.366533,0.019056,-0.406920,0.656369,0.464287,-0.601776,0.766580,-0.137743,-0.694100,-0.519220,0.386795,-2.341118,-0.300195,2.077403,0.707286,-0.381292,0.140681,0.224630,0.047282,-0.200862,0.342422,-0.169578
2.139063,-1.103917,0.164821,0.961262,0.974267,-1.104959,1.098781,-0.365801,0.008636,-0.405769,0.640607,0.458601,-0.601450,0.764537,-0.137611,-0.694480,-0.519079,0.387021,-2.341071,-0.300394,2.077744,0.707120,-0.381330,0.140449,0.225417,0.047706,-0.199992,0.341794,-0.169767
2.139997,-1.103873,0.163905,0.960456,0.973594,-1.103940,1.103449,-0.365609,-0.002119,-0.404778,0.624798,0.453126,-0.601187,0.762490,-0.137429,-0.694866,-0.518937,0.387249,-2.341026,-0.300593,2.078085,0.706947,-0.382389,0.141720,0.226205,0.047072,-0.199295,0.339685,-0.171072
2.141029,-1.103042,0.165148,0.958766,0.969376,-1.106292,1.105393,-0.365406,-0.012254,-0.406548,0.609691,0.449873,-0.601025,0.760719,-0.137242,-0.695244,-0.518796,0.387475,-2.340979,-0.300796,2.078406,0.706777,-0.382143,0.141943,0.226366,0.047278,-0.200292,0.335023,-0.171263
2.142035,-1.103859,0.160163,0.955424,0.969711,-1.104514,1.103460,-0.365419,-0.021748,-0.410228,0.595623,0.447757,-0.601040,0.759137,-0.137073,-0.695627,-0.518657,0.387704,-2.340922,-0.300992,2.078735,0.706602,-0.382681,0.141282,0.227194,0.050879,-0.198132,0.333304,-0.171521
2.143044,-1.105112,0.162270,0.952842,0.969287,-1.101224,1.101302,-0.366122,-0.031733,-0.414000,0.581662,0.444310,-0.601340,0.757435,-0.136917,-0.696009,-0.518512,0.387934,-2.340874,-0.301194,2.079067,0.706432,-0.382284,0.143645,0.228783,0.050055,-0.200070,0.335399,-0.171345
2.144104,-1.106996,0.163617,0.954793,0.971662,-1.099705,1.099707,-0.364758,-0.043554,-0.418779,0.565903,0.440101,-0.601931,0.755641,-0.136743,-0.696387,-0.518369,0.388166,-2.340822,-0.301404,2.079411,0.706264,-0.381740,0.142429,0.229957,0.049947,-0.203417,0.337615,-0.169792
2.145011,-1.101314,0.162041,0.953937,0.970789,-1.100629,1.101316,-0.365184,-0.057776,-0.424272,0.547669,0.436476,-0.602690,0.753951,-0.136530,-0.696767,-0.518227,0.388395,-2.340778,-0.301614,2.079754,0.706087,-0.381085,0.141734,0.229015,0.047228,-0.205074,0.339378,-0.172418
2.146012,-1.096925,0.161945,0.951432,0.970336,-1.100252,1.101972,-0.364914,-0.072636,-0.430537,0.529239,0.434647,-0.603427,0.752607,-0.136263,-0.697156,-0.518084,0.388623,-2.340729,-0.301813,2.080091,0.705922,-0.383438,0.142251,0.229112,0.047572,-0.204057,0.337618,-0.171352
2.147154,-1.104392,0.162038,0.956578,0.968271,-1.101915,1.106254,-0.366042,-0.096095,-0.448759,0.501229,0.436576,-0.604456,0.751028,-0.135546,-0.697920,-0.517800,0.389079,-2.340630,-0.302221,2.080748,0.705579,-0.382482,0.142214,0.227968,0.049226,-0.203236,0.333221,-0.169390
2.148098,-1.104208,0.161569,0.956342,0.968050,-1.105198,1.107898,-0.365079,-0.096095,-0.448759,0.501229,0.436576,-0.604456,0.751028,-0.135546,-0.697920,-0.517800,0.389079,-2.340630,-0.302221,2.080748,0.705579,-0.382482,0.142214,0.227968,0.049226,-0.203236,0.333221,-0.169390
2.149055,-1.105967,0.158629,0.949876,0.966182,-1.104331,1.109660,-0.365726,-0.105610,-0.458111,0.491468,0.437107,-0.604827,0.750227,-0.135139,-0.698297,-0.517656,0.389308,-2.340580,-0.302414,2.081075,0.705405,-0.382405,0.142211,0.227856,0.048897,-0.200003,0.331621,-0.171164
2.150136,-1.104520,0.159661,0.946623,0.965775,-1.104569,1.107953,-0.365388,-0.116203,-0.466743,0.481747,0.436459,-0.605190,0.749148,-0.134747,-0.698677,-0.517510,0.389547,-2.340529,-0.302617,2.081402,0.705237,-0.381328,0.143450,0.230782,0.050219,-0.200921,0.329902,-0.169677
2.151113,-1.110264,0.157427,0.949377,0.965956,-1.102759,1.105313,-0.365352,-0.130368,-0.474864,0.468497,0.434728,-0.605591,0.747699,-0.134373,-0.699064,-0.517368,0.389780,-2.340481,-0.302816,2.081735,0.705061,-0.382372,0.142929,0.232466,0.050206,-0.200978,0.331925,-0.170244
2.151996,-1.109381,0.157035,0.944955,0.965790,-1.104407,1.103493,-0.365388,-0.148647,-0.482450,0.450833,0.432047,-0.606025,0.745932,-0.134009,-0.699436,-0.517223,0.390010,-2.340430,-0.303022,2.082076,0.704893,-0.379469,0.143861,0.230879,0.049493,-0.202818,0.334579,-0.170155
2.153023,-1.113323,0.158305,0.942249,0.965770,-1.105008,1.104602,-0.365025,-0.170374,-0.490047,0.429568,0.429177,-0.606475,0.744015,-0.133660,-0.699819,-0.517081,0.390249,-2.340383,-0.303223,2.082412,0.704720,-0.379386,0.143733,0.232592,0.049135,-0.200997,0.336224,-0.169862
2.154025,-1.114691,0.154809,0.944854,0.965684,-1.105451,1.107204,-0.365366,-0.196008,-0.497114,0.404044,0.426444,-0.606989,0.741985,-0.133340,-0.700190,-0.516940,0.390484,-2.340334,-0.303424,2.082745,0.704549,-0.377644,0.143014,0.233836,0.048702,-0.200580,0.335252,-0.170461
2.155005,-1.112381,0.157592,0.946035,0.964455,-1.102995,1.110095,-0.366104,-0.224995,-0.503671,0.374690,0.424438,-0.607603,0.739940,-0.133059,-0.700566,-0.516794,0.390716,-2.340285,-0.303625,2.083078,0.704381,-0.377042,0.144612,0.232366,0.048317,-0.200253,0.332743,-0.169624
2.156096,-1.113251,0.158564,0.946238,0.963249,-1.100837,1.110039,-0.365823,-0.254050,-0.510700,0.345385,0.423706,-0.608255,0.738103,-0.132820,-0.700952,-0.516653,0.390944,-2.340236,-0.303831,2.083397,0.704213,-0.378061,0.143052,0.231637,0.049063,-0.202764,0.329989,-0.167991
2.157048,-1.107701,0.157154,0.939985,0.961633,-1.101582,1.107497,-0.365760,-0.280508,-0.516569,0.319629,0.422801,-0.608873,0.736467,-0.132628,-0.701327,-0.516511,0.391177,-2.340184,-0.304040,2.083732,0.704046,-0.378105,0.142592,0.231633,0.049768,-0.205143,0.330362,-0.168488
2.157967,-1.110837,0.154937,0.945415,0.961486,-1.101914,1.105545,-0.365021,-0.304204,-0.519768,0.297486,0.420092,-0.609456,0.734840,-0.132487,-0.701711,-0.516369,0.391416,-2.340130,-0.304245,2.084071,0.703879,-0.380657,0.143105,0.234440,0.050761,-0.204346,0.332894,-0.168449
2.159103,-1.111691,0.156489,0.944650,0.961765,-1.100978,1.104525,-0.365192,-0.325075,-0.521704,0.278467,0.415777,-0.610006,0.733201,-0.132381,-0.702088,-0.516224,0.391642,-2.340080,-0.304446,2.084406,0.703709,-0.378731,0.143919,0.231392,0.050330,-0.203957,0.334759,-0.169746
2.159959,-1.113443,0.151402,0.944076,0.960397,-1.102803,1.104151,-0.364876,-0.342508,-0.523861,0.263178,0.411033,-0.610479,0.731706,-0.132283,-0.702462,-0.516086,0.391877,-2.340030,-0.304655,2.084746,0.703540,-0.379035,0.143265,0.231998,0.049642,-0.205228,0.336122,-0.169318
2.161034,-1.117513,0.157277,0.938683,0.959276,-1.102745,1.105191,-0.363910,-0.356995,-0.527072,0.250983,0.406917,-0.610854,0.730447,-0.132165,-0.702838,-0.515935,0.392107,-2.339979,-0.304851,2.085080,0.703371,-0.377550,0.145380,0.231778,0.050405,-0.203227,0.336280,-0.169738
2.162109,-1.119839,0.161887,0.940585,0.959451,-1.101157,1.109466,-0.364180,-0.371264,-0.529976,0.238654,0.402827,-0.611201,0.729221,-0.132037,-0.703206,-0.515798,0.392348,-2.339926,-0.305056,2.085417,0.703199,-0.376013,0.142447,0.234453,0.051010,-0.203543,0.335469,-0.171567
2.163092,-1.125446,0.158271,0.937540,0.957684,-1.101540,1.108183,-0.364273,-0.388244,-0.527618,0.223217,0.396787,-0.611579,0.727760,-0.131926,-0.703582,-0.515662,0.392580,-2.339877,-0.305266,2.085745,0.703029,-0.375260,0.140210,0.233528,0.050392,-0.205327,0.331451,-0.170897
2.164004,-1.121303,0.155561,0.934797,0.956544,-1.101532,1.105933,-0.363301,-0.408525,-0.518085,0.204174,0.388353,-0.611976,0.726084,-0.131839,-0.703952,-0.515516,0.392815,-2.339824,-0.305469,2.086079,0.702861,-0.372494,0.141859,0.234857,0.051592,-0.204982,0.332848,-0.170564
2.165060,-1.129761,0.157574,0.936866,0.956428,-1.101656,1.102669,-0.362942,-0.431056,-0.505152,0.182094,0.378753,-0.612377,0.724331,-0.131780,-0.704329,-0.515374,0.393053,-2.339771,-0.305671,2.086421,0.702689,-0.374257,0.142940,0.235778,0.052082,-0.204902,0.334975,-0.172326
2.166060,-1.128272,0.158411,0.936286,0.956808,-1.100186,1.098608,-0.362812,-0.454376,-0.491615,0.158241,0.368750,-0.612749,0.722599,-0.131743,-0.704695,-0.515234,0.393289,-2.339721,-0.305882,2.086766,0.702512,-0.370418,0.141904,0.234690,0.051726,-0.204917,0.338401,-0.172887
2.166960,-1.123567,0.156813,0.938947,0.955522,-1.097448,1.097557,-0.362125,-0.477464,-0.476997,0.134050,0.358403,-0.613057,0.720949,-0.131702,-0.705064,-0.515093,0.393522,-2.339671,-0.306088,2.087118,0.702338,-0.371357,0.141368,0.234842,0.050847,-0.206461,0.342459,-0.172979
2.168093,-1.119160,0.152323,0.940662,0.956270,-1.097273,1.098173,-0.361426,-0.497538,-0.461897,0.112827,0.348296,-0.613213,0.719545,-0.131625,-0.705442,-0.514949,0.393752,-2.339619,-0.306301,2.087467,0.702163,-0.373291,0.141872,0.233108,0.051527,-0.208995,0.343269,-0.174142
2.168985,-1.116058,0.150666,0.935435,0.953940,-1.099394,1.098954,-0.361526,-0.509575,-0.450518,0.099914,0.340618,-0.613075,0.718774,-0.131492,-0.705825,-0.514801,0.393980,-2.339572,-0.306510,2.087808,0.701983,-0.376091,0.144140,0.232522,0.050412,-0.209462,0.342978,-0.175425
2.170015,-1.118394,0.153356,0.943621,0.955128,-1.098285,1.099539,-0.360978,-0.511624,-0.446637,0.096839,0.337353,-0.612633,0.718854,-0.131313,-0.706202,-0.514653,0.394219,-2.339516,-0.306713,2.088150,0.701806,-0.377189,0.144590,0.234662,0.052045,-0.207176,0.342012,-0.174974
2.171149,-1.124861,0.150275,0.940023,0.953462,-1.097038,1.099088,-0.360954,-0.505316,-0.448782,0.101831,0.337749,-0.612002,0.719601,-0.131116,-0.706575,-0.514514,0.394444,-2.339469,-0.306926,2.088493,0.701627,-0.376236,0.143186,0.230531,0.050416,-0.208380,0.341545,-0.175916
2.172102,-1.119486,0.153535,0.937662,0.953985,-1.096597,1.096998,-0.360333,-0.493436,-0.453576,0.112399,0.340219,-0.611308,0.720753,-0.130926,-0.706940,-0.514365,0.394677,-2.339416,-0.307140,2.088834,0.701453,-0.373797,0.144757,0.232590,0.051624,-0.209900,0.342343,-0.175865
2.173116,-1.119615,0.156626,0.940199,0.954039,-1.091748,1.094446,-0.360743,-0.479625,-0.458954,0.124488,0.343718,-0.610675,0.722070,-0.130759,-0.707323,-0.514227,0.394914,-2.339367,-0.307350,2.089187,0.701277,-0.376304,0.142937,0.233442,0.050569,-0.210248,0.344328,-0.176920
2.174076,-1.125666,0.154738,0.943902,0.951629,-1.090005,1.092676,-0.359467,-0.465229,-0.462374,0.136769,0.347139,-0.610110,0.723455,-0.130618,-0.707704,-0.514090,0.395141,-2.339317,-0.307569,2.089536,0.701100,-0.376275,0.141348,0.232109,0.050041,-0.215102,0.346922,-0.175911
2.174961,-1.124472,0.151955,0.940310,0.951954,-1.087978,1.091463,-0.359231,-0.450005,-0.461704,0.150318,0.348960,-0.609591,0.724814,-0.130509,-0.708069,-0.513944,0.395368,-2.339262,-0.307789,2.089891,0.700915,-0.373235,0.142081,0.230059,0.051822,-0.216651,0.348571,-0.178266
2.176102,-1.123016,0.149430,0.942232,0.952046,-1.085765,1.093530,-0.359843,-0.434972,-0.457908,0.164214,0.348796,-0.609197,0.726024,-0.130443,-0.708446,-0.513801,0.395604,-2.339214,-0.308013,2.090247,0.700736,-0.373383,0.143151,0.231398,0.050940,-0.218319,0.349503,-0.178471
2.177049,-1.120113,0.145420,0.945574,0.949379,-1.082648,1.094059,-0.358523,-0.420034,-0.455073,0.177807,0.349245,-0.608947,0.727319,-0.130423,-0.708827,-0.513652,0.395831,-2.339165,-0.308238,2.090588,0.700562,-0.374771,0.144434,0.230717,0.050474,-0.220711,0.347759,-0.177146
2.177974,-1.119437,0.146170,0.945644,0.950109,-1.077430,1.092040,-0.357958,-0.402529,-0.456914,0.193649,0.352402,-0.608762,0.729007,-0.130455,-0.709205,-0.513503,0.396056,-2.339109,-0.308471,2.090935,0.700379,-0.376027,0.146148,0.228835,0.052465,-0.223514,0.347149,-0.179595
2.179079,-1.116382,0.140575,0.946137,0.951592,-1.074234,1.090180,-0.357111,-0.380603,-0.463695,0.214144,0.357776,-0.608562,0.731083,-0.130543,-0.709583,-0.513358,0.396280,-2.339062,-0.308706,2.091284,0.700198,-0.376041,0.145463,0.228572,0.051227,-0.228368,0.349043,-0.180477
2.180094,-1.113279,0.138988,0.953251,0.950262,-1.074123,1.086748,-0.358416,-0.354467,-0.475599,0.238913,0.366208,-0.608253,0.733630,-0.130678,-0.709961,-0.513203,0.396509,-2.339016,-0.308947,2.091639,0.700014,-0.378112,0.148182,0.228509,0.049414,-0.231486,0.351098,-0.182030
2.181001,-1.112616,0.141243,0.955895,0.949473,-1.073868,1.087548,-0.358225,-0.323034,-0.494602,0.268944,0.379211,-0.607718,0.736835,-0.130822,-0.710343,-0.513053,0.396728,-2.338964,-0.309181,2.092000,0.699838,-0.379714,0.148760,0.224979,0.050230,-0.231379,0.354514,-0.179214
2.182035,-1.114002,0.136628,0.955307,0.949605,-1.073115,1.086958,-0.357879,-0.285364,-0.518383,0.306192,0.394567,-0.606927,0.740472,-0.130935,-0.710725,-0.512906,0.396947,-2.338914,-0.309411,2.092351,0.699656,-0.379598,0.147268,0.223446,0.050433,-0.231254,0.353467,-0.179378
2.183062,-1.113867,0.139746,0.958357,0.949197,-1.071692,1.090887,-0.358660,-0.243955,-0.542900,0.348511,0.409848,-0.605972,0.744155,-0.131020,-0.711101,-0.512751,0.397171,-2.338864,-0.309649,2.092707,0.699473,-0.379121,0.149391,0.223805,0.049818,-0.231832,0.354113,-0.179894
2.183979,-1.114066,0.139871,0.959193,0.948266,-1.068382,1.091960,-0.359133,-0.202064,-0.566924,0.392025,0.425059,-0.604954,0.747733,-0.131098,-0.711481,-0.512607,0.397394,-2.338814,-0.309886,2.093045,0.699296,-0.379337,0.147680,0.222304,0.049754,-0.233069,0.350269,-0.178151
2.185122,-1.115935,0.139615,0.961553,0.949444,-1.067346,1.094724,-0.358248,-0.161461,-0.588078,0.434954,0.439297,-0.603913,0.751061,-0.131167,-0.711856,-0.512459,0.397612,-2.338763,-0.310126,2.093390,0.699124,-0.378923,0.147306,0.221696,0.050105,-0.235946,0.349075,-0.177010
2.186003,-1.116164,0.141631,0.960164,0.947952,-1.063600,1.095659,-0.359191,-0.123194,-0.604939,0.476247,0.452087,-0.602870,0.754094,-0.131224,-0.712234,-0.512313,0.397834,-2.338716,-0.310370,2.093731,0.698940,-0.378682,0.147485,0.220880,0.048559,-0.236947,0.346658,-0.178681
2.186971,-1.118091,0.139450,0.960991,0.947454,-1.062288,1.093073,-0.359463,-0.088479,-0.617569,0.514347,0.463758,-0.601866,0.756899,-0.131261,-0.712614,-0.512169,0.398054,-2.338664,-0.310614,2.094071,0.698769,-0.378027,0.146125,0.221273,0.049454,-0.240152,0.345544,-0.176542
2.188093,-1.119552,0.140556,0.961822,0.946230,-1.062252,1.093515,-0.359214,-0.058928,-0.624984,0.547501,0.473154,-0.600980,0.759369,-0.131264,-0.712986,-0.512018,0.398276,-2.338617,-0.310859,2.094426,0.698598,-0.377036,0.146954,0.220755,0.049489,-0.241046,0.348072,-0.175841
2.189042,-1.120176,0.139493,0.959629,0.949187,-1.059128,1.094713,-0.359503,-0.035253,-0.627241,0.574983,0.479183,-0.600275,0.761363,-0.131236,-0.713365,-0.511873,0.398498,-2.338565,-0.311101,2.094779,0.698419,-0.376892,0.146419,0.220646,0.050263,-0.241027,0.347842,-0.176232
2.189968,-1.116018,0.137052,0.961230,0.946567,-1.059184,1.098891,-0.360690,-0.017258,-0.626093,0.596645,0.483199,-0.599730,0.763017,-0.131170,-0.713738,-0.511724,0.398720,-2.338525,-0.311350,2.095119,0.698244,-0.376446,0.146665,0.221597,0.046967,-0.243702,0.346588,-0.175447
2.191078,-1.119308,0.133742,0.967164,0.945074,-1.057693,1.098722,-0.360993,0.008865,-0.624458,0.628942,0.493115,-0.598819,0.766252,-0.130825,-0.714500,-0.511422,0.399151,-2.338421,-0.311839,2.095792,0.697909,-0.377042,0.149141,0.218008,0.050032,-0.244558,0.342840,-0.172212
2.192094,-1.119765,0.136553,0.966934,0.943444,-1.060743,1.097936,-0.361077,0.008865,-0.624458,0.628942,0.493115,-0.598819,0.766252,-0.130825,-0.714500,-0.511422,0.399151,-2.338421,-0.311839,2.095792,0.697909,-0.377042,0.149141,0.218008,0.050032,-0.244558,0.342840,-0.172212
2.192980,-1.117254,0.135687,0.963388,0.942280,-1.060917,1.098394,-0.361076,0.021168,-0.625042,0.645132,0.496613,-0.598392,0.767518,-0.130538,-0.714872,-0.511277,0.399370,-2.338368,-0.312079,2.096137,0.697738,-0.377010,0.147570,0.218214,0.051099,-0.241226,0.343698,-0.171906
2.194064,-1.115913,0.136980,0.962455,0.943413,-1.060743,1.098660,-0.361084,0.031625,-0.623087,0.660347,0.496307,-0.598023,0.768094,-0.130190,-0.715253,-0.511131,0.399594,-2.338315,-0.312320,2.096481,0.697564,-0.377757,0.147667,0.219656,0.051599,-0.240544,0.343017,-0.171685
2.195047,-1.117640,0.137426,0.970021,0.943667,-1.061082,1.097068,-0.362179,0.038925,-0.617828,0.672615,0.492835,-0.597680,0.768057,-0.129795,-0.715635,-0.510986,0.399816,-2.338267,-0.312557,2.096822,0.697397,-0.378806,0.146981,0.220309,0.050068,-0.240661,0.342993,-0.171580
2.195997,-1.116679,0.136612,0.970687,0.943629,-1.062183,1.095829,-0.362560,0.044321,-0.610632,0.683067,0.488430,-0.597262,0.767829,-0.129363,-0.716007,-0.510843,0.400027,-2.338218,-0.312797,2.097171,0.697233,-0.377961,0.146594,0.216559,0.049323,-0.239998,0.344572,-0.169236
2.197045,-1.120781,0.136567,0.970579,0.942404,-1.062795,1.100223,-0.363167,0.050003,-0.602550,0.694500,0.484235,-0.596708,0.767690,-0.128903,-0.716384,-0.510696,0.400241,-2.338170,-0.313034,2.097515,0.697066,-0.378276,0.146749,0.216201,0.048877,-0.238540,0.345740,-0.168324
2.198030,-1.116334,0.132295,0.973869,0.941743,-1.062703,1.101784,-0.362823,0.055715,-0.593891,0.706663,0.480376,-0.596081,0.767617,-0.128466,-0.716752,-0.510548,0.400458,-2.338118,-0.313267,2.097852,0.696903,-0.376581,0.146635,0.216425,0.049603,-0.237825,0.341473,-0.167010
2.199042,-1.116281,0.134612,0.970459,0.940526,-1.060223,1.102098,-0.363126,0.061074,-0.585799,0.718811,0.477305,-0.595454,0.767630,-0.128107,-0.717133,-0.510396,0.400673,-2.338066,-0.313503,2.098190,0.696736,-0.378778,0.148530,0.214792,0.049686,-0.237653,0.339981,-0.167576
2.200113,-1.120495,0.131551,0.972262,0.937402,-1.061847,1.098853,-0.363362,0.067071,-0.579509,0.731764,0.475390,-0.594849,0.767834,-0.127848,-0.717516,-0.510251,0.400893,-2.338014,-0.313745,2.098526,0.696570,-0.378806,0.147192,0.216568,0.050364,-0.239883,0.339788,-0.166833
2.200997,-1.120443,0.130329,0.974545,0.938762,-1.063710,1.097455,-0.362368,0.072223,-0.573067,0.743819,0.472654,-0.594350,0.767967,-0.127685,-0.717885,-0.510096,0.401108,-2.337956,-0.313984,2.098874,0.696408,-0.377155,0.148584,0.215892,0.052858,-0.238103,0.343233,-0.166283
2.201983,-1.121155,0.129762,0.976137,0.939245,-1.066931,1.095143,-0.362711,0.075242,-0.565502,0.753531,0.467816,-0.594018,0.767848,-0.127613,-0.718265,-0.509949,0.401322,-2.337909,-0.314216,2.099224,0.696236,-0.376687,0.148812,0.214516,0.050955,-0.235796,0.344366,-0.168078
2.203104,-1.120120,0.132119,0.978684,0.938710,-1.067018,1.094567,-0.361389,0.077375,-0.558707,0.762001,0.462946,-0.593791,0.767799,-0.127617,-0.718637,-0.509799,0.401535,-2.337861,-0.314442,2.099574,0.696072,-0.376380,0.148853,0.213784,0.050015,-0.232396,0.346667,-0.167233
2.204080,-1.122987,0.131372,0.978768,0.938162,-1.066909,1.095560,-0.361834,0.079956,-0.552862,0.770594,0.459293,-0.593614,0.768012,-0.127658,-0.719020,-0.509656,0.401748,-2.337811,-0.314675,2.099922,0.695894,-0.377432,0.147714,0.212915,0.050138,-0.232394,0.347492,-0.169799
2.204991,-1.121547,0.134844,0.977237,0.935851,-1.066195,1.098402,-0.360866,0.083177,-0.546423,0.779631,0.456166,-0.593477,0.768365,-0.127702,-0.719396,-0.509509,0.401959,-2.337761,-0.314905,2.100262,0.695727,-0.375937,0.147867,0.212930,0.050177,-0.232276,0.346490,-0.168724
2.206076,-1.122568,0.132995,0.980401,0.936783,-1.065267,1.101324,-0.359347,0.085666,-0.537175,0.787669,0.452234,-0.593390,0.768595,-0.127742,-0.719770,-0.509365,0.402173,-2.337708,-0.315140,2.100600,0.695555,-0.376357,0.145820,0.213544,0.051850,-0.232580,0.343514,-0.170484
2.207056,-1.119444,0.133870,0.981226,0.934301,-1.065732,1.100080,-0.359194,0.086944,-0.524209,0.794195,0.447116,-0.593321,0.768619,-0.127791,-0.720146,-0.509216,0.402383,-2.337660,-0.315376,2.100938,0.695377,-0.376293,0.146704,0.212298,0.050494,-0.233452,0.340849,-0.173399
2.207978,-1.123436,0.129683,0.976257,0.932151,-1.067717,1.099932,-0.359252,0.088613,-0.509406,0.800895,0.441886,-0.593168,0.768639,-0.127829,-0.720527,-0.509072,0.402592,-2.337604,-0.315603,2.101280,0.695201,-0.377774,0.146063,0.211981,0.052354,-0.232787,0.342141,-0.173494
2.209081,-1.124000,0.129407,0.976195,0.932796,-1.068849,1.097952,-0.358242,0.090070,-0.493994,0.806950,0.436159,-0.592950,0.768591,-0.127807,-0.720894,-0.508922,0.402809,-2.337546,-0.315832,2.101627,0.695028,-0.375556,0.147834,0.214327,0.053762,-0.230449,0.342131,-0.173171
2.210064,-1.125872,0.126960,0.974902,0.933307,-1.069374,1.098166,-0.356333,0.088409,-0.479008,0.808670,0.429922,-0.592757,0.768363,-0.127726,-0.721270,-0.508773,0.403022,-2.337497,-0.316055,2.101971,0.694845,-0.375842,0.147916,0.214697,0.052669,-0.229439,0.344386,-0.175073
2.210987,-1.124844,0.126638,0.971847,0.932378,-1.072035,1.099669,-0.355724,0.073582,-0.458249,0.795202,0.424130,-0.592389,0.768294,-0.127569,-0.722016,-0.508475,0.403458,-2.337396,-0.316503,2.102660,0.694480,-0.375180,0.148730,0.216691,0.052023,-0.225802,0.342504,-0.179653
2.212076,-1.128602,0.124026,0.970853,0.931011,-1.072674,1.100585,-0.354633,0.073582,-0.458249,0.795202,0.424130,-0.592389,0.768294,-0.127569,-0.722016,-0.508475,0.403458,-2.337396,-0.316503,2.102660,0.694480,-0.375180,0.148730,0.216691,0.052023,-0.225802,0.342504,-0.179653
2.212979,-1.129486,0.122830,0.972941,0.928753,-1.076612,1.101761,-0.354727,0.060379,-0.452938,0.780011,0.425436,-0.592296,0.768527,-0.127536,-0.722394,-0.508323,0.403671,-2.337341,-0.316725,2.102994,0.694292,-0.373741,0.149944,0.217507,0.052822,-0.225287,0.341883,-0.181672
2.213968,-1.128424,0.127686,0.970922,0.929831,-1.077171,1.098939,-0.352651,0.043419,-0.449706,0.759889,0.427560,-0.592370,0.768636,-0.127521,-0.722763,-0.508173,0.403886,-2.337284,-0.316939,2.103333,0.694113,-0.373005,0.150153,0.216254,0.054346,-0.221079,0.340563,-0.181228
2.215076,-1.126878,0.126721,0.967124,0.929817,-1.077557,1.099930,-0.352009,0.023675,-0.446248,0.736764,0.428693,-0.592610,0.768414,-0.127509,-0.723140,-0.508032,0.404105,-2.337234,-0.317161,2.103680,0.693918,-0.373547,0.147566,0.217271,0.052742,-0.220446,0.343424,-0.185169
2.216104,-1.127317,0.128097,0.969346,0.928875,-1.078730,1.096987,-0.350363,0.001614,-0.440699,0.711329,0.428707,-0.592966,0.767890,-0.127506,-0.723512,-0.507883,0.404329,-2.337183,-0.317376,2.104027,0.693731,-0.374936,0.148040,0.219430,0.052303,-0.220261,0.342644,-0.186265
2.216962,-1.126305,0.130243,0.966687,0.926901,-1.079088,1.096094,-0.349898,-0.022071,-0.433627,0.684078,0.428318,-0.593395,0.767185,-0.127503,-0.723892,-0.507738,0.404545,-2.337129,-0.317593,2.104378,0.693536,-0.374847,0.147214,0.218411,0.052671,-0.219092,0.345677,-0.189345
2.218105,-1.125995,0.130950,0.962822,0.927695,-1.081726,1.097840,-0.349500,-0.046722,-0.424156,0.656168,0.426116,-0.593909,0.766143,-0.127469,-0.724270,-0.507596,0.404766,-2.337073,-0.317809,2.104721,0.693344,-0.374741,0.145789,0.219382,0.053917,-0.218402,0.346291,-0.189941
2.219081,-1.126730,0.132185,0.963804,0.927641,-1.085251,1.099646,-0.348762,-0.072897,-0.411080,0.627162,0.421164,-0.594525,0.764630,-0.127405,-0.724643,-0.507451,0.404994,-2.337021,-0.318020,2.105067,0.693153,-0.375655,0.145512,0.221613,0.052645,-0.216065,0.344850,-0.190579
2.219958,-1.122568,0.129753,0.956452,0.926704,-1.085141,1.096730,-0.348052,-0.100634,-0.396029,0.596524,0.415347,-0.595220,0.762912,-0.127339,-0.725017,-0.507308,0.405217,-2.336970,-0.318226,2.105411,0.692952,-0.375256,0.144706,0.220997,0.052172,-0.212533,0.343029,-0.191778
2.221029,-1.125847,0.131040,0.955131,0.923588,-1.084119,1.094574,-0.347250,-0.129291,-0.381261,0.564578,0.410315,-0.595992,0.761236,-0.127287,-0.725396,-0.507161,0.405447,-2.336918,-0.318438,2.105757,0.692762,-0.376818,0.145559,0.224277,0.052480,-0.212422,0.345759,-0.192901
2.222022,-1.122516,0.133877,0.954813,0.924052,-1.085176,1.093776,-0.347291,-0.159454,-0.367069,0.530548,0.405032,-0.596897,0.759433,-0.127253,-0.725766,-0.507018,0.405676,-2.336859,-0.318654,2.106108,0.692561,-0.375613,0.144873,0.224999,0.054932,-0.213578,0.348053,-0.194276
2.223039,-1.124130,0.132193,0.948810,0.923905,-1.088658,1.090750,-0.346293,-0.191221,-0.351648,0.494727,0.397417,-0.597932,0.757317,-0.127230,-0.726147,-0.506876,0.405899,-2.336808,-0.318863,2.106462,0.692370,-0.377281,0.143309,0.225092,0.053916,-0.212514,0.348799,-0.193944
2.224079,-1.121894,0.135059,0.949308,0.924321,-1.089300,1.087516,-0.345954,-0.223731,-0.334939,0.458069,0.388012,-0.599016,0.755091,-0.127216,-0.726517,-0.506728,0.406134,-2.336756,-0.319067,2.106821,0.692172,-0.376658,0.144009,0.227994,0.053524,-0.209124,0.351829,-0.195707
2.225025,-1.124374,0.134267,0.948961,0.923635,-1.090908,1.086817,-0.347515,-0.256551,-0.318636,0.420515,0.378714,-0.600091,0.752996,-0.127216,-0.726896,-0.506591,0.406363,-2.336706,-0.319274,2.107188,0.691973,-0.378009,0.142545,0.227714,0.052637,-0.208648,0.355052,-0.196132
2.226012,-1.123675,0.131412,0.949371,0.924350,-1.094528,1.088048,-0.347557,-0.288533,-0.303261,0.383428,0.370140,-0.601110,0.751096,-0.127201,-0.727275,-0.506446,0.406590,-2.336653,-0.319475,2.107542,0.691787,-0.376524,0.142718,0.227675,0.052718,-0.207034,0.355587,-0.192728
2.227099,-1.125628,0.132649,0.946296,0.923022,-1.093790,1.085991,-0.348308,-0.318044,-0.290561,0.348738,0.363450,-0.602035,0.749517,-0.127128,-0.727648,-0.506302,0.406820,-2.336606,-0.319669,2.107895,0.691596,-0.376933,0.143980,0.227320,0.051545,-0.203544,0.354296,-0.192440
2.228098,-1.123602,0.134208,0.945797,0.921933,-1.093343,1.082739,-0.347586,-0.344466,-0.282452,0.316925,0.359727,-0.602875,0.748325,-0.126994,-0.728027,-0.506160,0.407051,-2.336552,-0.319876,2.108253,0.691409,-0.376359,0.143354,0.228983,0.052345,-0.204566,0.356519,-0.190752
2.229028,-1.122864,0.133830,0.940978,0.921876,-1.093955,1.082062,-0.348581,-0.368385,-0.277001,0.287569,0.357208,-0.603683,0.747233,-0.126813,-0.728404,-0.506015,0.407281,-2.336499,-0.320083,2.108619,0.691215,-0.377439,0.142411,0.229098,0.052865,-0.205058,0.359687,-0.191983
2.230150,-1.131304,0.133906,0.940460,0.921496,-1.095698,1.079695,-0.348170,-0.390324,-0.271926,0.260375,0.354105,-0.604482,0.746021,-0.126593,-0.728782,-0.505873,0.407518,-2.336448,-0.320284,2.108985,0.691030,-0.377520,0.142375,0.231140,0.052337,-0.204399,0.360097,-0.189712
2.231119,-1.123120,0.135636,0.933828,0.921643,-1.096929,1.076162,-0.349132,-0.411846,-0.267028,0.233464,0.350613,-0.605313,0.744705,-0.126343,-0.729152,-0.505731,0.407746,-2.336397,-0.320480,2.109352,0.690837,-0.373953,0.142398,0.231614,0.052286,-0.203073,0.362637,-0.190389
2.231977,-1.128921,0.134563,0.934808,0.924553,-1.093720,1.077622,-0.348500,-0.434540,-0.262165,0.204930,0.346979,-0.606252,0.743271,-0.126088,-0.729532,-0.505590,0.407989,-2.336347,-0.320682,2.109727,0.690656,-0.377994,0.141355,0.234607,0.051601,-0.201885,0.365967,-0.188228
2.233094,-1.124421,0.131254,0.932911,0.920983,-1.093027,1.077689,-0.348132,-0.457516,-0.258425,0.175555,0.344885,-0.607294,0.741984,-0.125858,-0.729901,-0.505448,0.408223,-2.336307,-0.320893,2.110089,0.690465,-0.374521,0.141554,0.233540,0.048295,-0.204840,0.364087,-0.189218
2.234081,-1.128649,0.130772,0.931544,0.922370,-1.092932,1.075557,-0.348664,-0.478762,-0.258321,0.147454,0.346242,-0.608382,0.741164,-0.125678,-0.730279,-0.505302,0.408459,-2.336249,-0.321099,2.110453,0.690276,-0.377409,0.143239,0.234628,0.051321,-0.205824,0.364204,-0.189788
2.234998,-1.130293,0.129079,0.937721,0.922935,-1.091258,1.072817,-0.348881,-0.497044,-0.263039,0.122142,0.350422,-0.609481,0.740723,-0.125557,-0.730653,-0.505159,0.408697,-2.336202,-0.321310,2.110824,0.690090,-0.375276,0.143298,0.235068,0.049453,-0.205898,0.366203,-0.188489
2.236084,-1.128350,0.126335,0.938033,0.920614,-1.092265,1.075174,-0.348371,-0.511872,-0.272476,0.100527,0.357013,-0.610550,0.740571,-0.125481,-0.731027,-0.505013,0.408920,-2.336158,-0.321517,2.111196,0.689903,-0.374168,0.143854,0.231681,0.048466,-0.207466,0.368646,-0.187801
2.237002,-1.126181,0.126203,0.935220,0.920233,-1.093549,1.075270,-0.348501,-0.525084,-0.305067,0.077044,0.375498,-0.612223,0.741148,-0.125371,-0.731785,-0.504719,0.409389,-2.336055,-0.321927,2.111929,0.689528,-0.376321,0.144911,0.232656,0.050115,-0.205295,0.365975,-0.188128
2.238109,-1.127475,0.127386,0.940522,0.917596,-1.093001,1.075119,-0.349480,-0.525084,-0.305067,0.077044,0.375498,-0.612223,0.741148,-0.125371,-0.731785,-0.504719,0.409389,-2.336055,-0.321927,2.111929,0.689528,-0.376321,0.144911,0.232656,0.050115,-0.205295,0.365975,-0.188128
2.239190,-1.127235,0.121728,0.938042,0.917862,-1.091855,1.077083,-0.348604,-0.523420,-0.324792,0.075552,0.383965,-0.612776,0.741531,-0.125292,-0.732165,-0.504576,0.409614,-2.335999,-0.322130,2.112295,0.689349,-0.376162,0.144348,0.230197,0.052203,-0.206194,0.366259,-0.186027
2.240051,-1.128485,0.122992,0.945421,0.916521,-1.092735,1.078500,-0.348765,-0.505463,-0.367042,0.091013,0.396317,-0.613381,0.742060,-0.125005,-0.732917,-0.504280,0.410065,-2.335897,-0.322545,2.113011,0.688973,-0.375511,0.146051,0.227456,0.052157,-0.206407,0.362647,-0.187003
2.241022,-1.125602,0.124274,0.945123,0.917018,-1.091222,1.080597,-0.349331,-0.488811,-0.390079,0.108329,0.401904,-0.613445,0.742390,-0.124787,-0.733294,-0.504137,0.410293,-2.335846,-0.322757,2.113364,0.688793,-0.376897,0.145227,0.227475,0.051095,-0.207893,0.360465,-0.185662
2.242054,-1.125617,0.129007,0.947700,0.917858,-1.088699,1.082915,-0.349448,-0.467492,-0.411111,0.131916,0.407083,-0.613353,0.742848,-0.124507,-0.733672,-0.503999,0.410521,-2.335798,-0.322970,2.113723,0.688608,-0.377056,0.142824,0.226174,0.049826,-0.210481,0.358161,-0.185244
2.243058,-1.127242,0.124134,0.946877,0.916764,-1.089379,1.083685,-0.348736,-0.467492,-0.411111,0.131916,0.407083,-0.613353,0.742848,-0.124507,-0.733672,-0.503999,0.410521,-2.335798,-0.322970,2.113723,0.688608,-0.377056,0.142824,0.226174,0.049826,-0.210481,0.358161,-0.185244
2.244073,-1.125101,0.124349,0.948758,0.915908,-1.089990,1.087012,-0.348709,-0.443218,-0.429471,0.159525,0.412479,-0.613127,0.743548,-0.124185,-0.734048,-0.503851,0.410746,-2.335746,-0.323178,2.114077,0.688419,-0.376317,0.145118,0.226561,0.050406,-0.209826,0.357395,-0.186463
2.245145,-1.126919,0.124029,0.948332,0.916734,-1.090240,1.089195,-0.349223,-0.390281,-0.465023,0.219805,0.425807,-0.612394,0.745853,-0.123507,-0.734799,-0.503563,0.411198,-2.335649,-0.323596,2.114773,0.688051,-0.377020,0.144975,0.225931,0.049530,-0.209219,0.352080,-0.185104
2.246017,-1.123847,0.121698,0.951502,0.915119,-1.090400,1.092131,-0.348656,-0.390281,-0.465023,0.219805,0.425807,-0.612394,0.745853,-0.123507,-0.734799,-0.503563,0.411198,-2.335649,-0.323596,2.114773,0.688051,-0.377020,0.144975,0.225931,0.049530,-0.209219,0.352080,-0.185104
2.247027,-1.124085,0.123169,0.955367,0.913055,-1.089102,1.091406,-0.349900,-0.362296,-0.483858,0.251176,0.434621,-0.611884,0.747587,-0.123163,-0.735176,-0.503415,0.411415,-2.335598,-0.323806,2.115118,0.687864,-0.378032,0.145749,0.224021,0.050550,-0.208805,0.348894,-0.185977
2.247988,-1.119232,0.124770,0.956387,0.912270,-1.089780,1.091843,-0.348149,-0.332595,-0.502755,0.284521,0.443568,-0.611295,0.749560,-0.122816,-0.735556,-0.503273,0.411634,-2.335543,-0.324018,2.115467,0.687684,-0.377964,0.144888,0.222129,0.052009,-0.210148,0.349692,-0.183272
2.249000,-1.120778,0.119763,0.961545,0.912645,-1.092288,1.091121,-0.348310,-0.300707,-0.519075,0.321065,0.450003,-0.610638,0.751421,-0.122473,-0.735942,-0.503129,0.411852,-2.335490,-0.324223,2.115810,0.687490,-0.380177,0.143870,0.221557,0.052167,-0.209440,0.349202,-0.186569
2.250110,-1.123828,0.122406,0.963499,0.913482,-1.091484,1.092598,-0.347766,-0.266352,-0.533314,0.361046,0.454253,-0.609896,0.753152,-0.122144,-0.736318,-0.502977,0.412069,-2.335440,-0.324428,2.116161,0.687310,-0.379499,0.146179,0.219033,0.051301,-0.207017,0.349957,-0.186026
2.251056,-1.119919,0.125744,0.962343,0.913586,-1.090084,1.092788,-0.349530,-0.229996,-0.548373,0.403395,0.458896,-0.609063,0.754993,-0.121819,-0.736696,-0.502836,0.412286,-2.335393,-0.324635,2.116511,0.687119,-0.378507,0.144880,0.218407,0.050100,-0.208137,0.348694,-0.186958
2.252066,-1.125431,0.124922,0.961101,0.911055,-1.093037,1.093954,-0.350151,-0.193927,-0.563051,0.445370,0.464560,-0.608151,0.756928,-0.121477,-0.737080,-0.502695,0.412502,-2.335345,-0.324844,2.116857,0.686945,-0.380209,0.143013,0.218910,0.049526,-0.209464,0.348425,-0.183190
2.253084,-1.123556,0.126050,0.966802,0.908780,-1.094061,1.100497,-0.349894,-0.161362,-0.573841,0.483451,0.469451,-0.607235,0.758573,-0.121118,-0.737456,-0.502552,0.412721,-2.335290,-0.325046,2.117204,0.686765,-0.377520,0.143327,0.219574,0.051456,-0.206586,0.347293,-0.181787
2.254078,-1.121091,0.122892,0.962590,0.906109,-1.092569,1.101575,-0.349751,-0.133902,-0.579087,0.516176,0.471345,-0.606445,0.759549,-0.120772,-0.737842,-0.502411,0.412932,-2.335236,-0.325250,2.117531,0.686581,-0.378520,0.142662,0.216852,0.053150,-0.205709,0.340870,-0.182124
2.255054,-1.118445,0.119755,0.963994,0.906719,-1.092274,1.099546,-0.349772,-0.110155,-0.579686,0.545287,0.469487,-0.605831,0.759861,-0.120480,-0.738220,-0.502263,0.413157,-2.335175,-0.325461,2.117867,0.686399,-0.379764,0.144060,0.218940,0.055047,-0.207228,0.339921,-0.182212
2.255975,-1.120019,0.115688,0.961840,0.906121,-1.092781,1.098193,-0.349705,-0.088576,-0.579312,0.571782,0.465710,-0.605387,0.759819,-0.120263,-0.738607,-0.502116,0.413374,-2.335124,-0.325669,2.118211,0.686218,-0.380913,0.145396,0.218184,0.053868,-0.207494,0.341966,-0.181960
2.257124,-1.116616,0.115143,0.965775,0.906755,-1.092983,1.100234,-0.350448,-0.068862,-0.582232,0.595016,0.463163,-0.605088,0.759820,-0.120128,-0.738986,-0.501964,0.413593,-2.335068,-0.325872,2.118556,0.686037,-0.379768,0.147067,0.219090,0.053779,-0.206912,0.343178,-0.181862
2.258025,-1.116967,0.111856,0.965257,0.906045,-1.091389,1.096767,-0.351155,-0.050435,-0.590640,0.615260,0.464046,-0.604872,0.760221,-0.120062,-0.739368,-0.501818,0.413809,-2.335017,-0.326079,2.118896,0.685857,-0.382177,0.147389,0.217539,0.052713,-0.207080,0.341485,-0.180254
2.259036,-1.114117,0.109996,0.964240,0.903110,-1.091397,1.094734,-0.350549,-0.031945,-0.604753,0.634163,0.469007,-0.604683,0.761246,-0.120038,-0.739749,-0.501667,0.414026,-2.334963,-0.326294,2.119245,0.685680,-0.381529,0.148652,0.217592,0.052754,-0.208455,0.344798,-0.178613
2.260048,-1.111093,0.113426,0.964955,0.901787,-1.091395,1.097871,-0.351119,-0.013564,-0.622860,0.651885,0.476320,-0.604570,0.762640,-0.120045,-0.740129,-0.501515,0.414246,-2.334905,-0.326500,2.119594,0.685500,-0.383033,0.149344,0.218142,0.055017,-0.208515,0.346849,-0.179666
2.260996,-1.108123,0.112792,0.965080,0.899871,-1.092089,1.101294,-0.351311,0.003834,-0.640901,0.668109,0.482553,-0.604598,0.763865,-0.120079,-0.740516,-0.501372,0.414466,-2.334847,-0.326708,2.119936,0.685324,-0.384527,0.147483,0.217820,0.055655,-0.208592,0.343740,-0.178337
2.261963,-1.112773,0.109788,0.967846,0.898789,-1.089424,1.103874,-0.352149,0.020560,-0.655045,0.683889,0.485674,-0.604756,0.764659,-0.120121,-0.740905,-0.501224,0.414682,-2.334788,-0.326913,2.120261,0.685146,-0.385689,0.147532,0.217677,0.056810,-0.207847,0.340356,-0.177756
2.263086,-1.107500,0.109386,0.964833,0.897987,-1.087942,1.101808,-0.352634,0.036684,-0.664997,0.699480,0.486138,-0.605027,0.765049,-0.120154,-0.741280,-0.501071,0.414898,-2.334729,-0.327129,2.120594,0.684976,-0.383245,0.148739,0.216245,0.057136,-0.210440,0.337818,-0.175900
2.264065,-1.118172,0.107514,0.967450,0.898281,-1.084568,1.104168,-0.353459,0.051814,-0.672721,0.714105,0.485461,-0.605390,0.765180,-0.120163,-0.741671,-0.500924,0.415120,-2.334672,-0.327348,2.120934,0.684801,-0.386383,0.148938,0.218084,0.057349,-0.212107,0.340251,-0.174837
2.265017,-1.114932,0.110503,0.964980,0.897348,-1.083297,1.103712,-0.354293,0.064755,-0.679392,0.726005,0.484999,-0.605850,0.765204,-0.120158,-0.742041,-0.500771,0.415335,-2.334617,-0.327568,2.121271,0.684631,-0.381006,0.149593,0.216755,0.056406,-0.215375,0.337883,-0.173023
2.266013,-1.117540,0.105987,0.963758,0.897610,-1.081540,1.104090,-0.353112,0.073457,-0.683916,0.732944,0.485055,-0.606447,0.765168,-0.120171,-0.742430,-0.500629,0.415557,-2.334560,-0.327788,2.121614,0.684464,-0.382378,0.147867,0.217871,0.056648,-0.216445,0.338306,-0.171192
2.267030,-1.118074,0.101731,0.962267,0.896152,-1.079061,1.104938,-0.354117,0.077273,-0.685600,0.734210,0.485670,-0.607198,0.765105,-0.120233,-0.742812,-0.500475,0.415773,-2.334505,-0.328011,2.121946,0.684286,-0.381022,0.149881,0.218516,0.055747,-0.218095,0.338020,-0.173412
2.267991,-1.114559,0.102099,0.963636,0.893562,-1.074992,1.107295,-0.353783,0.077096,-0.687356,0.730227,0.488209,-0.608091,0.765171,-0.120354,-0.743189,-0.500319,0.415995,-2.334446,-0.328235,2.122282,0.684123,-0.380894,0.151742,0.219293,0.056515,-0.220495,0.337292,-0.171247
2.269116,-1.119288,0.099524,0.967701,0.892205,-1.075390,1.107317,-0.353926,0.074851,-0.690853,0.723130,0.492505,-0.609083,0.765402,-0.120521,-0.743577,-0.500172,0.416216,-2.334385,-0.328469,2.122610,0.683949,-0.382412,0.151284,0.218487,0.058322,-0.224284,0.334970,-0.171759
2.270014,-1.116604,0.100176,0.964925,0.890857,-1.071604,1.105634,-0.353115,0.072889,-0.694503,0.716404,0.496285,-0.610094,0.765648,-0.120716,-0.743957,-0.500015,0.416426,-2.334324,-0.328695,2.122939,0.683782,-0.380601,0.152487,0.216901,0.058998,-0.223969,0.335363,-0.171395
2.270979,-1.114762,0.097427,0.965121,0.890370,-1.071465,1.106812,-0.354210,0.071707,-0.696773,0.711176,0.498099,-0.611084,0.765755,-0.120928,-0.744337,-0.499864,0.416647,-2.334263,-0.328931,2.123274,0.683609,-0.381509,0.151747,0.218044,0.059504,-0.227338,0.336938,-0.172821
2.272077,-1.111985,0.102471,0.968626,0.891585,-1.071399,1.108024,-0.354127,0.070987,-0.697334,0.706983,0.498034,-0.612005,0.765713,-0.121139,-0.744722,-0.499708,0.416864,-2.334204,-0.329157,2.123609,0.683443,-0.382225,0.152787,0.217883,0.059236,-0.227232,0.335748,-0.170441
2.273047,-1.113985,0.102851,0.971787,0.889357,-1.069773,1.110565,-0.354680,0.072006,-0.696534,0.705145,0.497354,-0.612748,0.765774,-0.121327,-0.745105,-0.499560,0.417078,-2.334150,-0.329386,2.123940,0.683274,-0.384053,0.150187,0.216447,0.057486,-0.227339,0.334863,-0.170541
2.273985,-1.113966,0.099631,0.970570,0.889143,-1.069323,1.111368,-0.353480,0.082140,-0.686093,0.713529,0.493630,-0.613486,0.766341,-0.121612,-0.745870,-0.499260,0.417504,-2.334031,-0.329850,2.124598,0.682931,-0.382591,0.151058,0.215430,0.058424,-0.228829,0.331580,-0.171502
2.275104,-1.113775,0.100426,0.967020,0.886174,-1.068724,1.114878,-0.354425,0.082140,-0.686093,0.713529,0.493630,-0.613486,0.766341,-0.121612,-0.745870,-0.499260,0.417504,-2.334031,-0.329850,2.124598,0.682931,-0.382591,0.151058,0.215430,0.058424,-0.228829,0.331580,-0.171502
2.276102,-1.116229,0.100895,0.966346,0.886739,-1.065388,1.115008,-0.354069,0.087974,-0.677319,0.719834,0.490035,-0.613666,0.766474,-0.121718,-0.746250,-0.499111,0.417728,-2.333966,-0.330083,2.124923,0.682767,-0.383259,0.150621,0.217490,0.060630,-0.229481,0.328448,-0.169507
2.276999,-1.116719,0.097148,0.964840,0.885382,-1.065203,1.114946,-0.354606,0.091007,-0.666352,0.723326,0.484959,-0.613917,0.766264,-0.121812,-0.746629,-0.498962,0.417950,-2.333909,-0.330323,2.125247,0.682592,-0.382025,0.150169,0.217795,0.059362,-0.232557,0.328504,-0.170079
2.278060,-1.121148,0.102164,0.962518,0.884763,-1.063136,1.112978,-0.353838,0.089933,-0.653669,0.722362,0.479037,-0.614319,0.765744,-0.121910,-0.747006,-0.498806,0.418167,-2.333848,-0.330554,2.125576,0.682423,-0.381367,0.151601,0.218320,0.059906,-0.232301,0.328475,-0.168787
2.279044,-1.120167,0.101453,0.962696,0.885121,-1.061489,1.110639,-0.353586,0.083596,-0.639196,0.715705,0.472391,-0.614934,0.764927,-0.122025,-0.747382,-0.498661,0.418387,-2.333788,-0.330792,2.125917,0.682251,-0.379488,0.148984,0.219648,0.059800,-0.234268,0.330649,-0.170225
2.279964,-1.122505,0.101358,0.964554,0.884551,-1.062456,1.107390,-0.354093,0.071073,-0.620861,0.702715,0.464069,-0.615790,0.763765,-0.122175,-0.747767,-0.498511,0.418606,-2.333732,-0.331028,2.126250,0.682079,-0.379882,0.149121,0.219528,0.058780,-0.235642,0.333062,-0.170556
2.281077,-1.123706,0.098784,0.964066,0.883052,-1.061076,1.108462,-0.352907,0.053930,-0.599206,0.685387,0.454601,-0.616846,0.762436,-0.122366,-0.748139,-0.498360,0.418821,-2.333675,-0.331259,2.126594,0.681915,-0.378440,0.148801,0.218436,0.058628,-0.234290,0.336189,-0.169362
2.282050,-1.124617,0.096291,0.961625,0.881059,-1.063773,1.110935,-0.353863,0.034318,-0.576504,0.666118,0.444799,-0.618064,0.761060,-0.122584,-0.748520,-0.498207,0.419043,-2.333616,-0.331498,2.126928,0.681738,-0.378371,0.150026,0.218976,0.059495,-0.235663,0.335413,-0.171651
2.283174,-1.128014,0.094064,0.961164,0.880158,-1.065428,1.112193,-0.353464,0.013015,-0.554763,0.645408,0.435099,-0.619400,0.759622,-0.122808,-0.748895,-0.498052,0.419263,-2.333553,-0.331725,2.127255,0.681571,-0.377863,0.150949,0.220144,0.060658,-0.232718,0.333003,-0.169546
2.283988,-1.122494,0.092712,0.961503,0.878634,-1.061717,1.109938,-0.354029,-0.010069,-0.535571,0.622650,0.426139,-0.620800,0.758119,-0.123015,-0.749273,-0.497897,0.419488,-2.333490,-0.331954,2.127585,0.681400,-0.376765,0.151980,0.220635,0.060839,-0.231177,0.332143,-0.170285
2.284989,-1.121719,0.091498,0.962738,0.878960,-1.063821,1.107480,-0.352070,-0.033909,-0.519639,0.598873,0.418387,-0.622167,0.756613,-0.123184,-0.749659,-0.497745,0.419705,-2.333426,-0.332190,2.127921,0.681233,-0.378651,0.152105,0.220007,0.061386,-0.234304,0.334120,-0.168901
2.286026,-1.122882,0.090722,0.959413,0.877062,-1.064019,1.107865,-0.353060,-0.055820,-0.507328,0.577271,0.412237,-0.623344,0.755262,-0.123298,-0.750035,-0.497593,0.419924,-2.333367,-0.332418,2.128266,0.681050,-0.379087,0.152470,0.219404,0.060340,-0.231987,0.336622,-0.172673
2.287169,-1.121164,0.093731,0.958856,0.876687,-1.067614,1.105216,-0.353578,-0.075267,-0.498245,0.558531,0.407821,-0.624257,0.754126,-0.123352,-0.750413,-0.497441,0.420151,-2.333304,-0.332649,2.128609,0.680883,-0.378704,0.152665,0.221110,0.061458,-0.231699,0.336329,-0.170516
2.288165,-1.129330,0.093910,0.960011,0.875003,-1.069080,1.103054,-0.352483,-0.094142,-0.490101,0.540634,0.404041,-0.624959,0.753044,-0.123329,-0.750797,-0.497292,0.420373,-2.333244,-0.332867,2.128952,0.680719,-0.380213,0.151164,0.221744,0.061178,-0.228331,0.339357,-0.169443
2.288971,-1.125625,0.095865,0.951735,0.873916,-1.068928,1.102412,-0.353499,-0.114395,-0.479548,0.521843,0.399007,-0.625585,0.751759,-0.123230,-0.751160,-0.497141,0.420595,-2.333179,-0.333088,2.129299,0.680544,-0.376269,0.150846,0.221122,0.062002,-0.226785,0.341518,-0.171495
2.290077,-1.128816,0.092303,0.948368,0.873362,-1.069504,1.102491,-0.352607,-0.138592,-0.463943,0.499558,0.391379,-0.626316,0.750019,-0.123079,-0.751540,-0.496993,0.420825,-2.333116,-0.333313,2.129638,0.680380,-0.377304,0.149345,0.224674,0.062150,-0.226409,0.341801,-0.169192
2.291066,-1.129080,0.098614,0.945627,0.871756,-1.069287,1.102811,-0.353351,-0.168523,-0.443842,0.471189,0.381998,-0.627270,0.747843,-0.122911,-0.751911,-0.496837,0.421057,-2.333053,-0.333540,2.129978,0.680206,-0.376293,0.151033,0.226480,0.061944,-0.225913,0.342006,-0.170909
2.291987,-1.127737,0.095097,0.944185,0.871518,-1.070506,1.098793,-0.352182,-0.204061,-0.420487,0.436410,0.371971,-0.628474,0.745392,-0.122757,-0.752287,-0.496696,0.421290,-2.332989,-0.333767,2.130320,0.680042,-0.376178,0.147700,0.227672,0.062710,-0.225964,0.341706,-0.169258
2.293132,-1.129892,0.094787,0.942092,0.870210,-1.070726,1.100470,-0.353393,-0.243643,-0.393589,0.397178,0.361028,-0.629906,0.742739,-0.122621,-0.752667,-0.496546,0.421516,-2.332930,-0.333986,2.130669,0.679864,-0.376514,0.149151,0.228099,0.062159,-0.224496,0.345609,-0.171413
2.294067,-1.134310,0.094154,0.947168,0.870382,-1.072235,1.098986,-0.353248,-0.284735,-0.365638,0.356114,0.350221,-0.631496,0.740097,-0.122500,-0.753040,-0.496395,0.421751,-2.332866,-0.334209,2.131014,0.679700,-0.376187,0.149293,0.229372,0.062739,-0.224491,0.344215,-0.168899
2.294963,-1.133435,0.097099,0.942722,0.868483,-1.072326,1.098191,-0.353803,-0.325148,-0.339516,0.315510,0.340979,-0.633152,0.737718,-0.122386,-0.753413,-0.496248,0.421975,-2.332808,-0.334425,2.131361,0.679530,-0.373767,0.149321,0.226576,0.061826,-0.222784,0.345611,-0.169032
2.296074,-1.130615,0.095035,0.941164,0.866801,-1.074318,1.097588,-0.353741,-0.363890,-0.314489,0.276974,0.332802,-0.634784,0.735587,-0.122275,-0.753783,-0.496104,0.422206,-2.332742,-0.334646,2.131710,0.679363,-0.373883,0.147518,0.228437,0.062779,-0.222401,0.346189,-0.167720
2.296958,-1.128121,0.091639,0.938510,0.867058,-1.073498,1.099601,-0.354311,-0.400654,-0.289260,0.241001,0.324355,-0.636320,0.733501,-0.122156,-0.754165,-0.495956,0.422439,-2.332677,-0.334866,2.132063,0.679199,-0.375814,0.148548,0.229362,0.063672,-0.220555,0.347011,-0.167790
2.297995,-1.129438,0.090821,0.936758,0.865155,-1.074027,1.101008,-0.354113,-0.433897,-0.266491,0.208596,0.316761,-0.637668,0.731554,-0.122023,-0.754546,-0.495803,0.422669,-2.332617,-0.335087,2.132401,0.679034,-0.376520,0.149815,0.230257,0.062585,-0.221064,0.344796,-0.166446
2.299098,-1.132279,0.093582,0.938149,0.864918,-1.076867,1.101687,-0.353699,-0.462420,-0.249541,0.180333,0.312226,-0.638734,0.729974,-0.121883,-0.754917,-0.495653,0.422902,-2.332552,-0.335308,2.132743,0.678868,-0.376138,0.150040,0.231086,0.063656,-0.220517,0.343522,-0.166749
2.300025,-1.130973,0.095570,0.937704,0.863930,-1.076599,1.101627,-0.354611,-0.486982,-0.237067,0.155553,0.310052,-0.639502,0.728642,-0.121748,-0.755291,-0.495509,0.423135,-2.332490,-0.335518,2.133087,0.678699,-0.375277,0.148663,0.230500,0.063168,-0.217900,0.343107,-0.167492
2.300966,-1.137113,0.092841,0.936908,0.863424,-1.079557,1.101625,-0.354231,-0.508227,-0.225487,0.134301,0.308227,-0.639983,0.727397,-0.121611,-0.755668,-0.495364,0.423363,-2.332424,-0.335733,2.133431,0.678540,-0.375657,0.147384,0.230435,0.063232,-0.218014,0.343058,-0.165499
2.301986,-1.136260,0.095170,0.933300,0.862860,-1.081729,1.102103,-0.354698,-0.526887,-0.213440,0.116061,0.306011,-0.640222,0.726224,-0.121468,-0.756033,-0.495216,0.423597,-2.332362,-0.335944,2.133774,0.678374,-0.372479,0.148492,0.230515,0.062883,-0.214907,0.342977,-0.166120
2.302995,-1.133876,0.095120,0.935391,0.863716,-1.084061,1.103752,-0.353537,-0.544650,-0.201408,0.098693,0.303599,-0.640309,0.725098,-0.121343,-0.756408,-0.495071,0.423831,-2.332303,-0.336148,2.134115,0.678210,-0.373109,0.147169,0.232229,0.062760,-0.212869,0.342590,-0.165059
2.304003,-1.139448,0.095032,0.933370,0.862206,-1.088067,1.105808,-0.354197,-0.561119,-0.190045,0.082394,0.301633,-0.640272,0.724140,-0.121253,-0.756784,-0.494923,0.424062,-2.332245,-0.336354,2.134453,0.678043,-0.374415,0.147021,0.231051,0.061195,-0.210618,0.341028,-0.167280
2.305117,-1.141491,0.096853,0.934215,0.861854,-1.090809,1.105193,-0.354381,-0.574819,-0.180228,0.068719,0.300746,-0.640125,0.723507,-0.121195,-0.757152,-0.494781,0.424299,-2.332182,-0.336558,2.134789,0.677877,-0.371777,0.146948,0.231913,0.061924,-0.206698,0.339068,-0.165797
2.306089,-1.141235,0.097981,0.936574,0.862787,-1.090838,1.105156,-0.354100,-0.586758,-0.171306,0.056610,0.300025,-0.639976,0.723013,-0.121160,-0.757529,-0.494636,0.424530,-2.332121,-0.336756,2.135127,0.677710,-0.371358,0.146053,0.231654,0.061580,-0.204355,0.340027,-0.165365
2.307069,-1.135104,0.099668,0.933397,0.863236,-1.094175,1.105841,-0.354692,-0.596896,-0.162470,0.046308,0.298758,-0.639858,0.722537,-0.121135,-0.757898,-0.494496,0.424759,-2.332064,-0.336955,2.135467,0.677546,-0.371506,0.145335,0.230283,0.059940,-0.204426,0.340055,-0.165796
2.307995,-1.134165,0.098034,0.938700,0.861957,-1.094298,1.104609,-0.354752,-0.602929,-0.154716,0.040305,0.297980,-0.639672,0.722315,-0.121098,-0.758282,-0.494354,0.424994,-2.332010,-0.337150,2.135805,0.677383,-0.374480,0.144336,0.231671,0.058885,-0.201186,0.339394,-0.164468
2.309018,-1.133587,0.095479,0.938042,0.863388,-1.097321,1.103681,-0.355337,-0.602627,-0.149368,0.040975,0.298185,-0.639347,0.722528,-0.121029,-0.758655,-0.494209,0.425217,-2.331951,-0.337350,2.136149,0.677224,-0.374680,0.144887,0.228746,0.059410,-0.201063,0.340528,-0.164215
2.310007,-1.131964,0.096662,0.939685,0.862180,-1.099827,1.103042,-0.354815,-0.594676,-0.148536,0.049723,0.299805,-0.638859,0.723249,-0.120924,-0.759031,-0.494063,0.425448,-2.331898,-0.337543,2.136497,0.677064,-0.375137,0.146033,0.229044,0.057383,-0.198252,0.341516,-0.162938
2.310984,-1.130558,0.096176,0.934143,0.862777,-1.105539,1.108082,-0.356056,-0.579731,-0.153525,0.065626,0.303484,-0.638194,0.724441,-0.120788,-0.759411,-0.493921,0.425672,-2.331838,-0.337731,2.136836,0.676899,-0.375925,0.145276,0.228144,0.057874,-0.195974,0.342198,-0.163872
2.312074,-1.129778,0.100988,0.936487,0.861516,-1.106771,1.109033,-0.355305,-0.560222,-0.162913,0.085852,0.308790,-0.637385,0.725904,-0.120627,-0.759783,-0.493773,0.425910,-2.331783,-0.337911,2.137168,0.676743,-0.376630,0.145296,0.230671,0.056630,-0.190498,0.337163,-0.161247
2.312974,-1.129397,0.097218,0.935639,0.861509,-1.108980,1.105755,-0.355383,-0.538805,-0.173711,0.107561,0.314591,-0.636489,0.727448,-0.120455,-0.760163,-0.493636,0.426139,-2.331726,-0.338099,2.137505,0.676573,-0.377442,0.142946,0.229600,0.057285,-0.189754,0.336524,-0.162693
2.313982,-1.126555,0.100095,0.936751,0.859155,-1.112208,1.102533,-0.354178,-0.516646,-0.183737,0.129862,0.319537,-0.635537,0.728932,-0.120300,-0.760536,-0.493490,0.426366,-2.331670,-0.338280,2.137849,0.676412,-0.377267,0.144530,0.229690,0.056576,-0.187625,0.339665,-0.162355
2.315103,-1.127574,0.097512,0.943158,0.860628,-1.115296,1.102955,-0.353423,-0.493850,-0.192542,0.152971,0.322358,-0.634556,0.730200,-0.120181,-0.760920,-0.493350,0.426595,-2.331609,-0.338462,2.138200,0.676242,-0.378709,0.142971,0.229051,0.058183,-0.184712,0.342903,-0.164646
2.316090,-1.129902,0.096350,0.945214,0.861061,-1.118813,1.102127,-0.353877,-0.469287,-0.200621,0.178404,0.322776,-0.633537,0.731293,-0.120108,-0.761302,-0.493203,0.426814,-2.331557,-0.338634,2.138538,0.676072,-0.378734,0.144296,0.226160,0.056213,-0.182291,0.342773,-0.166064
2.316953,-1.128463,0.095598,0.948081,0.861841,-1.120895,1.099767,-0.353420,-0.441447,-0.210608,0.207719,0.323145,-0.632455,0.732609,-0.120085,-0.761676,-0.493057,0.427035,-2.331503,-0.338807,2.138885,0.675911,-0.377574,0.144682,0.225112,0.055186,-0.179131,0.343604,-0.165014
2.318047,-1.120389,0.100073,0.950068,0.863625,-1.125419,1.103535,-0.352673,-0.410625,-0.224483,0.240280,0.325781,-0.631344,0.734411,-0.120109,-0.762058,-0.492913,0.427257,-2.331452,-0.338981,2.139234,0.675740,-0.377677,0.144681,0.223295,0.053771,-0.177149,0.345695,-0.165721
2.319039,-1.122472,0.096079,0.952107,0.862599,-1.126285,1.103082,-0.351189,-0.376388,-0.241610,0.276599,0.331425,-0.630211,0.736825,-0.120172,-0.762455,-0.492776,0.427476,-2.331403,-0.339145,2.139571,0.675571,-0.382003,0.142504,0.222574,0.051565,-0.173295,0.342146,-0.167129
2.320074,-1.123048,0.094187,0.950327,0.862296,-1.125436,1.101968,-0.351444,-0.337735,-0.261472,0.317756,0.340425,-0.629039,0.739951,-0.120270,-0.762832,-0.492628,0.427698,-2.331350,-0.339319,2.139915,0.675394,-0.380920,0.144328,0.221515,0.052053,-0.172824,0.342661,-0.169930
2.321043,-1.124376,0.096294,0.953124,0.862172,-1.127576,1.100430,-0.350070,-0.296759,-0.284369,0.361061,0.352157,-0.627912,0.743526,-0.120387,-0.763216,-0.492480,0.427920,-2.331298,-0.339495,2.140258,0.675223,-0.380768,0.145131,0.222502,0.051824,-0.174136,0.343905,-0.169253
2.321981,-1.120894,0.094557,0.955932,0.860713,-1.127478,1.100951,-0.350107,-0.256905,-0.309023,0.402589,0.365071,-0.626925,0.747138,-0.120495,-0.763593,-0.492340,0.428136,-2.331250,-0.339664,2.140610,0.675046,-0.380007,0.143906,0.221039,0.051469,-0.172325,0.345366,-0.171840
2.322969,-1.122531,0.097282,0.958330,0.862647,-1.127920,1.099108,-0.350299,-0.218974,-0.332946,0.442015,0.377254,-0.626092,0.750565,-0.120570,-0.763985,-0.492195,0.428354,-2.331198,-0.339835,2.140957,0.674870,-0.381359,0.144523,0.219510,0.052337,-0.172728,0.344712,-0.171536
2.324081,-1.117778,0.101120,0.958839,0.861679,-1.128209,1.100183,-0.350455,-0.182130,-0.355131,0.480760,0.388114,-0.625378,0.753829,-0.120593,-0.764360,-0.492053,0.428567,-2.331153,-0.340004,2.141305,0.674700,-0.380530,0.142997,0.218364,0.049976,-0.172696,0.346567,-0.170994
2.325070,-1.119431,0.098219,0.955087,0.861884,-1.128984,1.101162,-0.348865,-0.113100,-0.389302,0.555046,0.405963,-0.624163,0.759965,-0.120456,-0.765124,-0.491771,0.429011,-2.331054,-0.340348,2.141991,0.674349,-0.382527,0.142489,0.220246,0.049844,-0.172640,0.344784,-0.173613
2.326066,-1.119348,0.096119,0.958514,0.862431,-1.130146,1.100588,-0.348930,-0.113100,-0.389302,0.555046,0.405963,-0.624163,0.759965,-0.120456,-0.765124,-0.491771,0.429011,-2.331054,-0.340348,2.141991,0.674349,-0.382527,0.142489,0.220246,0.049844,-0.172640,0.344784,-0.173613
2.326977,-1.118165,0.094771,0.961420,0.861771,-1.130776,1.101585,-0.347925,-0.083316,-0.403287,0.586860,0.414439,-0.623661,0.762864,-0.120323,-0.765500,-0.491624,0.429226,-2.331008,-0.340515,2.142337,0.674180,-0.382627,0.143345,0.218559,0.048897,-0.171925,0.345395,-0.173301
2.328007,-1.117608,0.089871,0.961279,0.861524,-1.129248,1.099334,-0.346935,-0.056080,-0.419055,0.615289,0.424532,-0.623173,0.765819,-0.120156,-0.765883,-0.491481,0.429442,-2.330960,-0.340686,2.142684,0.674000,-0.382790,0.143731,0.216920,0.049042,-0.171519,0.344214,-0.175100
2.329035,-1.115595,0.094568,0.964474,0.861402,-1.130635,1.099610,-0.347798,-0.029835,-0.438212,0.642203,0.436358,-0.622664,0.768853,-0.119957,-0.766267,-0.491331,0.429657,-2.330911,-0.340862,2.143033,0.673819,-0.383168,0.146023,0.217158,0.048839,-0.173500,0.346567,-0.176904
2.329988,-1.114853,0.088889,0.962052,0.862185,-1.131507,1.097706,-0.347428,-0.004386,-0.460435,0.667988,0.449189,-0.622167,0.771885,-0.119722,-0.766652,-0.491191,0.429869,-2.330863,-0.341034,2.143382,0.673649,-0.384276,0.143578,0.215721,0.048515,-0.172543,0.346332,-0.175008
2.331007,-1.120115,0.092462,0.967672,0.861348,-1.131518,1.095074,-0.346788,0.019908,-0.484259,0.692429,0.462319,-0.621728,0.774861,-0.119448,-0.767036,-0.491044,0.430091,-2.330817,-0.341206,2.143736,0.673468,-0.384387,0.146199,0.216808,0.047284,-0.171977,0.348136,-0.175554
2.332023,-1.119145,0.091984,0.965704,0.861389,-1.131893,1.097307,-0.345920,0.041834,-0.508818,0.714248,0.475226,-0.621409,0.777643,-0.119151,-0.767411,-0.490903,0.430297,-2.330770,-0.341378,2.144089,0.673291,-0.381886,0.144283,0.214192,0.047719,-0.172422,0.350801,-0.176676
2.332997,-1.121977,0.094891,0.964102,0.862949,-1.132120,1.097174,-0.346876,0.059926,-0.531565,0.732273,0.486183,-0.621272,0.779931,-0.118847,-0.767795,-0.490761,0.430516,-2.330724,-0.341548,2.144434,0.673110,-0.382448,0.144442,0.215264,0.047266,-0.172498,0.348586,-0.178232
2.334074,-1.122954,0.094004,0.967038,0.861995,-1.130337,1.096859,-0.346800,0.072784,-0.550497,0.744981,0.494810,-0.621339,0.781639,-0.118544,-0.768178,-0.490621,0.430730,-2.330682,-0.341717,2.144777,0.672937,-0.380870,0.142834,0.216071,0.045376,-0.172650,0.348730,-0.176114
2.335131,-1.123751,0.098394,0.967951,0.863432,-1.132172,1.095409,-0.346881,0.079851,-0.565411,0.751530,0.501798,-0.621586,0.782844,-0.118247,-0.768556,-0.490474,0.430946,-2.330635,-0.341895,2.145127,0.672762,-0.380790,0.143223,0.214848,0.045980,-0.174965,0.349209,-0.176158
2.336074,-1.122324,0.095901,0.965430,0.862823,-1.133108,1.096845,-0.347385,0.082494,-0.576020,0.753714,0.506829,-0.621952,0.783600,-0.117972,-0.768940,-0.490340,0.431159,-2.330594,-0.342066,2.145486,0.672585,-0.380614,0.141063,0.214631,0.044274,-0.173622,0.350738,-0.175849
2.337030,-1.119809,0.095825,0.964994,0.862581,-1.130617,1.094112,-0.347891,0.082003,-0.582763,0.752903,0.510123,-0.622386,0.784068,-0.117737,-0.769324,-0.490194,0.431376,-2.330549,-0.342239,2.145834,0.672412,-0.381043,0.142085,0.215798,0.044484,-0.172968,0.349168,-0.174641
2.338040,-1.121173,0.094614,0.973108,0.863326,-1.131768,1.091972,-0.348870,0.079347,-0.587583,0.749630,0.512462,-0.622858,0.784445,-0.117548,-0.769704,-0.490053,0.431593,-2.330505,-0.342421,2.146193,0.672240,-0.382123,0.141922,0.215932,0.044314,-0.175709,0.351798,-0.173451
2.339032,-1.118910,0.092636,0.972352,0.862208,-1.131595,1.093405,-0.348490,0.077160,-0.592706,0.746731,0.514429,-0.623297,0.784917,-0.117397,-0.770085,-0.489912,0.431799,-2.330464,-0.342594,2.146548,0.672072,-0.381467,0.142436,0.212032,0.043285,-0.174936,0.353921,-0.171350
2.339974,-1.115748,0.094231,0.975450,0.862404,-1.131722,1.092859,-0.349286,0.078319,-0.599871,0.747699,0.516564,-0.623635,0.785643,-0.117270,-0.770463,-0.489765,0.432011,-2.330420,-0.342771,2.146904,0.671903,-0.382622,0.143233,0.212537,0.044049,-0.175454,0.352404,-0.171987
2.341130,-1.113585,0.095966,0.975692,0.863218,-1.131014,1.091453,-0.348899,0.083873,-0.609402,0.753773,0.518864,-0.623852,0.786640,-0.117164,-0.770849,-0.489625,0.432221,-2.330377,-0.342945,2.147258,0.671734,-0.383874,0.142224,0.210944,0.043481,-0.175584,0.352820,-0.170197
2.342026,-1.111442,0.092564,0.976749,0.862411,-1.131020,1.087791,-0.349218,0.093772,-0.619948,0.764913,0.521053,-0.623932,0.787866,-0.117068,-0.771239,-0.489486,0.432431,-2.330337,-0.343126,2.147624,0.671560,-0.385577,0.141517,0.211383,0.042496,-0.176949,0.354476,-0.170914
2.342970,-1.112472,0.090320,0.972158,0.862536,-1.131031,1.085142,-0.349031,0.107408,-0.631179,0.780254,0.523272,-0.623871,0.789265,-0.116965,-0.771623,-0.489339,0.432640,-2.330293,-0.343308,2.147988,0.671396,-0.386128,0.142882,0.210707,0.042890,-0.177014,0.357856,-0.170086
2.344079,-1.117650,0.087150,0.975306,0.861827,-1.132820,1.084660,-0.350273,0.122557,-0.644082,0.796786,0.525793,-0.623732,0.790670,-0.116850,-0.772006,-0.489194,0.432857,-2.330252,-0.343489,2.148351,0.671224,-0.385315,0.143747,0.212916,0.042446,-0.177199,0.360298,-0.170280
2.345066,-1.118031,0.086594,0.973673,0.863064,-1.134472,1.082757,-0.350287,0.135946,-0.659195,0.810401,0.528814,-0.623603,0.791876,-0.116731,-0.772384,-0.489045,0.433066,-2.330211,-0.343663,2.148712,0.671064,-0.383255,0.145307,0.211743,0.042934,-0.176011,0.360929,-0.167720
2.345993,-1.118258,0.084792,0.978444,0.862499,-1.133676,1.084172,-0.350243,0.145807,-0.676479,0.819078,0.532680,-0.623534,0.792820,-0.116615,-0.772767,-0.488902,0.433280,-2.330172,-0.343838,2.149078,0.670898,-0.383006,0.145404,0.212614,0.041434,-0.174701,0.362722,-0.167579
2.347084,-1.121024,0.085395,0.975539,0.861282,-1.133041,1.083157,-0.351158,0.152793,-0.695582,0.823860,0.537836,-0.623518,0.793614,-0.116510,-0.773155,-0.488753,0.433483,-2.330129,-0.344019,2.149438,0.670729,-0.382467,0.145989,0.210213,0.041629,-0.175676,0.361062,-0.167485
2.348095,-1.124388,0.083907,0.975518,0.861239,-1.132698,1.082284,-0.350071,0.157491,-0.714845,0.825955,0.543340,-0.623552,0.794210,-0.116414,-0.773531,-0.488607,0.433700,-2.330082,-0.344195,2.149805,0.670565,-0.381559,0.145648,0.211996,0.042501,-0.176872,0.362191,-0.165562
2.348973,-1.119758,0.086593,0.974332,0.861220,-1.132705,1.081682,-0.350358,0.158203,-0.731869,0.823785,0.547444,-0.623656,0.794309,-0.116344,-0.773913,-0.488459,0.433913,-2.330042,-0.344377,2.150172,0.670393,-0.379921,0.146221,0.212107,0.042258,-0.177537,0.362983,-0.167628
2.350048,-1.123776,0.084649,0.974086,0.861711,-1.132209,1.081657,-0.349452,0.154060,-0.745172,0.816509,0.549485,-0.623807,0.793810,-0.116328,-0.774303,-0.488317,0.434126,-2.330000,-0.344553,2.150538,0.670229,-0.381599,0.144537,0.212465,0.041882,-0.177629,0.363230,-0.166834
2.351047,-1.125763,0.084717,0.969634,0.861013,-1.132898,1.080043,-0.350948,0.146042,-0.754504,0.805321,0.549810,-0.623943,0.792900,-0.116364,-0.774680,-0.488171,0.434342,-2.329961,-0.344734,2.150903,0.670057,-0.379951,0.145472,0.212846,0.041206,-0.178608,0.363325,-0.168557
2.351973,-1.121324,0.081437,0.967317,0.860794,-1.132016,1.078554,-0.350442,0.133403,-0.760398,0.789153,0.548931,-0.624075,0.791679,-0.116435,-0.775061,-0.488025,0.434559,-2.329918,-0.344910,2.151270,0.669895,-0.378960,0.145250,0.215130,0.041593,-0.178257,0.364850,-0.165399
2.353033,-1.118055,0.080347,0.968296,0.860996,-1.133893,1.081249,-0.350195,0.115449,-0.763937,0.766882,0.547120,-0.624235,0.790133,-0.116533,-0.775443,-0.487875,0.434776,-2.329878,-0.345092,2.151638,0.669730,-0.380865,0.146569,0.216123,0.041478,-0.179305,0.366072,-0.166284
2.354180,-1.119251,0.080415,0.972170,0.859901,-1.133455,1.080529,-0.349646,0.095142,-0.767721,0.741615,0.545534,-0.624364,0.788488,-0.116653,-0.775831,-0.487727,0.434993,-2.329837,-0.345268,2.152001,0.669561,-0.382694,0.147009,0.215811,0.041023,-0.177899,0.363387,-0.166662
2.355086,-1.119889,0.075092,0.968324,0.860062,-1.132922,1.077366,-0.348738,0.076335,-0.773206,0.717998,0.544751,-0.624398,0.786957,-0.116769,-0.776216,-0.487578,0.435202,-2.329793,-0.345449,2.152367,0.669389,-0.382699,0.146986,0.214392,0.041895,-0.178986,0.364360,-0.167689
2.356124,-1.116885,0.073680,0.964278,0.857532,-1.130813,1.080110,-0.348787,0.059599,-0.780193,0.697048,0.544209,-0.624369,0.785397,-0.116866,-0.776594,-0.487424,0.435424,-2.329753,-0.345630,2.152739,0.669213,-0.381986,0.149253,0.216078,0.041370,-0.179629,0.367216,-0.169290
2.356983,-1.112763,0.071736,0.958595,0.857353,-1.131341,1.081753,-0.347501,0.043049,-0.788954,0.676407,0.543668,-0.624366,0.783573,-0.116949,-0.776981,-0.487275,0.435650,-2.329707,-0.345815,2.153095,0.669047,-0.383620,0.149792,0.218142,0.043561,-0.182105,0.364460,-0.169060
2.358030,-1.115390,0.070296,0.957378,0.857237,-1.130669,1.083570,-0.346977,0.025298,-0.798713,0.654255,0.542666,-0.624454,0.781382,-0.117024,-0.777363,-0.487121,0.435877,-2.329664,-0.345993,2.153456,0.668869,-0.385021,0.150276,0.220541,0.043279,-0.181594,0.362463,-0.171404
2.359023,-1.116010,0.070633,0.956802,0.858090,-1.128940,1.084016,-0.346489,0.005695,-0.808481,0.629740,0.541448,-0.624658,0.778947,-0.117102,-0.777749,-0.486972,0.436100,-2.329622,-0.346176,2.153815,0.668697,-0.383838,0.150849,0.221214,0.043114,-0.182675,0.360696,-0.172309
2.359987,-1.118598,0.071007,0.950805,0.856864,-1.130429,1.085405,-0.347039,-0.016114,-0.817569,0.602540,0.540823,-0.624977,0.776491,-0.117181,-0.778129,-0.486823,0.436322,-2.329582,-0.346362,2.154172,0.668523,-0.383517,0.150450,0.221472,0.041978,-0.184655,0.360203,-0.173117
2.361066,-1.122242,0.075487,0.951269,0.858243,-1.128058,1.085355,-0.344449,-0.041082,-0.823971,0.571922,0.540337,-0.625433,0.774033,-0.117265,-0.778502,-0.486672,0.436552,-2.329537,-0.346542,2.154526,0.668358,-0.382149,0.149973,0.224279,0.042828,-0.183386,0.358706,-0.171848
2.361976,-1.123084,0.073603,0.950617,0.854373,-1.124444,1.082886,-0.344652,-0.071000,-0.824374,0.536341,0.538508,-0.626063,0.771394,-0.117370,-0.778882,-0.486530,0.436779,-2.329498,-0.346734,2.154889,0.668171,-0.380712,0.147721,0.224154,0.041241,-0.186164,0.358863,-0.176916
2.362959,-1.119398,0.077445,0.945562,0.855260,-1.123019,1.084243,-0.344196,-0.105723,-0.816194,0.496670,0.533322,-0.626858,0.768358,-0.117497,-0.779254,-0.486379,0.437001,-2.329447,-0.346931,2.155253,0.667997,-0.379991,0.148310,0.224215,0.044560,-0.189744,0.361083,-0.176244
2.364070,-1.117829,0.074092,0.943666,0.854937,-1.123448,1.084420,-0.343350,-0.143372,-0.798974,0.455407,0.523286,-0.627774,0.764802,-0.117611,-0.779642,-0.486237,0.437234,-2.329407,-0.347129,2.155612,0.667814,-0.381695,0.146212,0.226575,0.043352,-0.191260,0.359600,-0.176961
2.364963,-1.123168,0.077507,0.937714,0.854493,-1.120274,1.086006,-0.343902,-0.181712,-0.775380,0.414454,0.510096,-0.628721,0.760983,-0.117695,-0.780029,-0.486085,0.437465,-2.329363,-0.347319,2.155966,0.667634,-0.382922,0.147848,0.227685,0.043426,-0.191276,0.359651,-0.178536
2.365968,-1.123242,0.071388,0.938503,0.854096,-1.120219,1.087585,-0.344061,-0.220320,-0.748245,0.373473,0.496160,-0.629656,0.757131,-0.117742,-0.780403,-0.485940,0.437699,-2.329319,-0.347522,2.156322,0.667460,-0.379809,0.145779,0.230228,0.043416,-0.194342,0.357788,-0.177182
2.367075,-1.125674,0.073441,0.934987,0.852593,-1.115084,1.088574,-0.344925,-0.260065,-0.719116,0.331100,0.482566,-0.630605,0.753273,-0.117745,-0.780782,-0.485787,0.437929,-2.329275,-0.347722,2.156677,0.667286,-0.379843,0.148633,0.229695,0.043464,-0.194501,0.356189,-0.176709
2.368068,-1.124289,0.077097,0.933798,0.854042,-1.112102,1.088060,-0.343354,-0.299723,-0.690423,0.288525,0.470244,-0.631555,0.749556,-0.117703,-0.781166,-0.485640,0.438164,-2.329228,-0.347932,2.157023,0.667118,-0.379082,0.147554,0.231589,0.044619,-0.199947,0.355460,-0.174884
2.368961,-1.128624,0.074772,0.929799,0.851877,-1.113125,1.088376,-0.344267,-0.338155,-0.661667,0.247263,0.458821,-0.632443,0.746013,-0.117639,-0.781544,-0.485499,0.438398,-2.329188,-0.348144,2.157381,0.666936,-0.379803,0.145592,0.231985,0.042875,-0.202895,0.355926,-0.177876
2.370033,-1.127057,0.079866,0.923113,0.850144,-1.112551,1.090117,-0.343732,-0.375733,-0.630880,0.207213,0.447504,-0.633231,0.742553,-0.117579,-0.781916,-0.485351,0.438632,-2.329142,-0.348347,2.157732,0.666763,-0.377217,0.146416,0.233555,0.044603,-0.201694,0.355369,-0.175783
2.371019,-1.126377,0.080095,0.923927,0.849333,-1.111804,1.089671,-0.344590,-0.414066,-0.596547,0.166703,0.434750,-0.633979,0.738915,-0.117539,-0.782291,-0.485212,0.438874,-2.329094,-0.348550,2.158086,0.666586,-0.378445,0.143857,0.236844,0.045915,-0.202532,0.353750,-0.176745
2.371979,-1.125776,0.077598,0.923040,0.850605,-1.109637,1.090101,-0.344186,-0.453339,-0.557029,0.125767,0.418889,-0.634732,0.734951,-0.117515,-0.782668,-0.485070,0.439112,-2.329047,-0.348759,2.158446,0.666413,-0.378758,0.143616,0.236154,0.046298,-0.203278,0.354128,-0.174832
2.373019,-1.128042,0.079559,0.920168,0.849318,-1.107436,1.092462,-0.343543,-0.490367,-0.515241,0.087828,0.401816,-0.635425,0.731058,-0.117500,-0.783049,-0.484923,0.439345,-2.329008,-0.348969,2.158793,0.666235,-0.378879,0.144624,0.236345,0.044726,-0.205396,0.353622,-0.175467
2.374024,-1.126103,0.079482,0.923317,0.848736,-1.105191,1.094200,-0.344549,-0.523211,-0.475254,0.054563,0.386553,-0.635991,0.727638,-0.117497,-0.783419,-0.484779,0.439586,-2.328959,-0.349181,2.159144,0.666057,-0.378060,0.143538,0.237657,0.045599,-0.207696,0.351326,-0.176601
2.375015,-1.128055,0.074549,0.929635,0.849384,-1.104598,1.094567,-0.344539,-0.551409,-0.437475,0.026495,0.373371,-0.636384,0.724718,-0.117496,-0.783802,-0.484638,0.439819,-2.328913,-0.349396,2.159484,0.665890,-0.379049,0.143483,0.235913,0.045752,-0.209921,0.349665,-0.174423
2.376110,-1.127432,0.075186,0.933722,0.846380,-1.102717,1.094797,-0.345155,-0.571994,-0.404056,0.007094,0.362969,-0.636528,0.722493,-0.117467,-0.784173,-0.484489,0.440042,-2.328870,-0.349607,2.159837,0.665718,-0.378125,0.145740,0.232682,0.044758,-0.210486,0.349276,-0.174302
2.377102,-1.123784,0.073778,0.932942,0.847229,-1.101763,1.097686,-0.344913,-0.581853,-0.377866,-0.000017,0.355926,-0.636384,0.721114,-0.117395,-0.784558,-0.484344,0.440271,-2.328819,-0.349823,2.160188,0.665545,-0.378853,0.145386,0.230807,0.047350,-0.212554,0.349243,-0.172951
2.378019,-1.126857,0.073088,0.934721,0.846611,-1.099522,1.097916,-0.345519,-0.580758,-0.358282,0.005555,0.350930,-0.635975,0.720421,-0.117281,-0.784945,-0.484195,0.440499,-2.328778,-0.350038,2.160528,0.665371,-0.380580,0.145876,0.231104,0.046166,-0.213450,0.346369,-0.173284
2.379146,-1.129673,0.073966,0.935968,0.849154,-1.098496,1.097236,-0.345743,-0.570712,-0.344378,0.021206,0.348001,-0.635336,0.720380,-0.117126,-0.785319,-0.484048,0.440727,-2.328731,-0.350260,2.160877,0.665205,-0.378719,0.145899,0.229882,0.046314,-0.215431,0.346001,-0.171879
2.380181,-1.127576,0.073363,0.936346,0.847473,-1.098491,1.098582,-0.347031,-0.554976,-0.335347,0.042896,0.348062,-0.634504,0.720988,-0.116945,-0.785695,-0.483904,0.440957,-2.328694,-0.350479,2.161230,0.665034,-0.377964,0.145514,0.229493,0.043624,-0.216650,0.346944,-0.171353
2.381036,-1.132405,0.075527,0.936653,0.847485,-1.097199,1.100283,-0.347859,-0.535854,-0.330087,0.067872,0.351280,-0.633506,0.722142,-0.116755,-0.786080,-0.483758,0.441184,-2.328645,-0.350695,2.161573,0.664875,-0.379138,0.145699,0.229315,0.044886,-0.216677,0.345693,-0.168673
2.382044,-1.130561,0.077923,0.938781,0.846275,-1.099224,1.100704,-0.347471,-0.515167,-0.326432,0.094266,0.356165,-0.632403,0.723558,-0.116566,-0.786446,-0.483619,0.441412,-2.328600,-0.350914,2.161913,0.664714,-0.376205,0.144281,0.228693,0.044375,-0.217601,0.343738,-0.166834
2.383035,-1.130817,0.078254,0.940511,0.845603,-1.099744,1.098451,-0.347837,-0.475187,-0.311416,0.146712,0.361857,-0.630174,0.725895,-0.116258,-0.787199,-0.483336,0.441858,-2.328506,-0.351340,2.162603,0.664376,-0.377136,0.142689,0.226693,0.045421,-0.215033,0.345677,-0.166599
2.384090,-1.126443,0.078762,0.941543,0.844326,-1.098190,1.099964,-0.348416,-0.475187,-0.311416,0.146712,0.361857,-0.630174,0.725895,-0.116258,-0.787199,-0.483336,0.441858,-2.328506,-0.351340,2.162603,0.664376,-0.377136,0.142689,0.226693,0.045421,-0.215033,0.345677,-0.166599
2.385038,-1.124462,0.075918,0.947318,0.843882,-1.098024,1.098871,-0.348759,-0.454544,-0.299145,0.174657,0.360720,-0.629085,0.726701,-0.116106,-0.787584,-0.483195,0.442082,-2.328457,-0.351558,2.162951,0.664213,-0.379564,0.142406,0.226290,0.046250,-0.216666,0.344257,-0.165349
2.386063,-1.127642,0.072786,0.953273,0.844241,-1.099601,1.098225,-0.348429,-0.430630,-0.286851,0.206498,0.358003,-0.627931,0.727581,-0.115911,-0.787969,-0.483049,0.442297,-2.328413,-0.351772,2.163292,0.664052,-0.380253,0.143583,0.223300,0.046294,-0.216684,0.345316,-0.164527
2.387005,-1.124639,0.069728,0.954416,0.844637,-1.100388,1.097071,-0.349712,-0.401279,-0.278496,0.244277,0.355876,-0.626612,0.728880,-0.115674,-0.788340,-0.482901,0.442510,-2.328368,-0.351985,2.163643,0.663885,-0.378869,0.144991,0.220476,0.045560,-0.215144,0.346009,-0.165079
2.388096,-1.121972,0.070097,0.955766,0.842313,-1.100078,1.097089,-0.349274,-0.366497,-0.277374,0.287519,0.356724,-0.625098,0.730800,-0.115416,-0.788725,-0.482753,0.442730,-2.328324,-0.352200,2.163987,0.663727,-0.380097,0.146226,0.219777,0.044779,-0.214206,0.347084,-0.162351
2.388976,-1.122980,0.067408,0.961400,0.843249,-1.101355,1.096792,-0.349075,-0.327595,-0.283641,0.334486,0.360736,-0.623442,0.733217,-0.115151,-0.789104,-0.482607,0.442945,-2.328272,-0.352414,2.164334,0.663567,-0.381875,0.146003,0.219416,0.046642,-0.214712,0.347265,-0.163202
2.389980,-1.127075,0.071065,0.965364,0.843354,-1.100023,1.095145,-0.347881,-0.285808,-0.295311,0.384016,0.366457,-0.621723,0.735866,-0.114904,-0.789487,-0.482460,0.443156,-2.328231,-0.352626,2.164683,0.663402,-0.380773,0.146984,0.216369,0.045284,-0.213164,0.347315,-0.163404
2.391089,-1.129449,0.072720,0.964008,0.841473,-1.099821,1.095792,-0.348723,-0.242947,-0.309889,0.434593,0.373089,-0.620020,0.738596,-0.114705,-0.789866,-0.482317,0.443363,-2.328188,-0.352839,2.165033,0.663230,-0.378761,0.144987,0.214566,0.044862,-0.214527,0.348989,-0.165658
2.392138,-1.132742,0.074194,0.968944,0.842861,-1.102418,1.093403,-0.348982,-0.202857,-0.322712,0.482483,0.378567,-0.618445,0.741060,-0.114556,-0.790242,-0.482174,0.443582,-2.328140,-0.353054,2.165386,0.663068,-0.378152,0.144206,0.215586,0.046390,-0.214920,0.348539,-0.163876
2.393043,-1.132311,0.077490,0.967095,0.844571,-1.104965,1.092691,-0.349100,-0.168763,-0.330404,0.524268,0.381035,-0.617100,0.742972,-0.114435,-0.790619,-0.482034,0.443791,-2.328098,-0.353267,2.165746,0.662906,-0.376773,0.143448,0.213354,0.044702,-0.212389,0.350999,-0.163280
2.394071,-1.132942,0.076570,0.962793,0.843123,-1.103178,1.091460,-0.349677,-0.141328,-0.333103,0.558963,0.381637,-0.616007,0.744510,-0.114338,-0.790992,-0.481893,0.444005,-2.328059,-0.353472,2.166098,0.662742,-0.376666,0.141525,0.214127,0.042672,-0.209718,0.351484,-0.162873
2.395071,-1.127200,0.076152,0.966680,0.843548,-1.103671,1.090357,-0.349153,-0.121488,-0.331421,0.585022,0.381606,-0.615191,0.745785,-0.114278,-0.791377,-0.481750,0.444228,-2.328014,-0.353689,2.166455,0.662581,-0.376424,0.141908,0.216343,0.043786,-0.211556,0.352735,-0.161615
2.395986,-1.124378,0.076492,0.966774,0.843130,-1.102723,1.088638,-0.349660,-0.108294,-0.327238,0.603002,0.381213,-0.614651,0.746810,-0.114262,-0.791761,-0.481607,0.444437,-2.327973,-0.353899,2.166808,0.662417,-0.379304,0.141981,0.214491,0.043057,-0.211063,0.353823,-0.162559
2.397149,-1.125590,0.076131,0.973344,0.842246,-1.102337,1.086801,-0.349159,-0.097330,-0.323403,0.617679,0.381028,-0.614276,0.747801,-0.114273,-0.792137,-0.481464,0.444652,-2.327930,-0.354111,2.167168,0.662261,-0.380365,0.141536,0.214305,0.043090,-0.211850,0.355307,-0.161386
2.397965,-1.125545,0.074339,0.969678,0.843545,-1.101551,1.087277,-0.349380,-0.085372,-0.320988,0.632838,0.380796,-0.613958,0.748836,-0.114279,-0.792515,-0.481323,0.444859,-2.327888,-0.354326,2.167535,0.662098,-0.380534,0.141870,0.211591,0.043779,-0.212551,0.357393,-0.162376
2.398973,-1.122616,0.077482,0.975952,0.845089,-1.102491,1.085659,-0.348015,-0.072300,-0.320669,0.648590,0.380609,-0.613648,0.749903,-0.114266,-0.792895,-0.481180,0.445072,-2.327848,-0.354546,2.167891,0.661938,-0.379721,0.142330,0.213066,0.042069,-0.212868,0.356469,-0.161714
2.399985,-1.124141,0.077294,0.971881,0.845211,-1.103075,1.081847,-0.347825,-0.058663,-0.323225,0.664062,0.382018,-0.613265,0.751183,-0.114237,-0.793276,-0.481042,0.445277,-2.327811,-0.354755,2.168254,0.661769,-0.381249,0.140676,0.210081,0.040337,-0.211963,0.358048,-0.164338
2.401157,-1.125215,0.074289,0.973642,0.846819,-1.105228,1.080676,-0.348328,-0.044853,-0.327712,0.678885,0.385293,-0.612739,0.752694,-0.114191,-0.793656,-0.480902,0.445493,-2.327771,-0.354966,2.168621,0.661602,-0.380532,0.140696,0.212254,0.039967,-0.211429,0.361809,-0.164565
2.402038,-1.128810,0.077825,0.970765,0.845071,-1.106211,1.080387,-0.348169,-0.032417,-0.334230,0.691058,0.390388,-0.612081,0.754271,-0.114099,-0.794033,-0.480754,0.445708,-2.327736,-0.355174,2.168989,0.661444,-0.380842,0.142299,0.211872,0.038338,-0.209669,0.363212,-0.163537
2.403028,-1.133743,0.077590,0.975541,0.843818,-1.106752,1.079844,-0.349250,-0.023452,-0.342459,0.698065,0.396763,-0.611357,0.755655,-0.113938,-0.794411,-0.480619,0.445925,-2.327694,-0.355381,2.169355,0.661277,-0.378521,0.140257,0.213052,0.039718,-0.208497,0.363145,-0.163672
2.404047,-1.135305,0.079269,0.973667,0.845970,-1.108034,1.080482,-0.348587,-0.019952,-0.348169,0.698596,0.401032,-0.610668,0.756326,-0.113711,-0.794788,-0.480479,0.446131,-2.327652,-0.355586,2.169718,0.661119,-0.376049,0.140273,0.210780,0.040642,-0.208005,0.363594,-0.161378
2.404989,-1.131241,0.080342,0.976432,0.846734,-1.106668,1.079943,-0.348615,-0.027673,-0.347784,0.683949,0.401463,-0.609516,0.755579,-0.113118,-0.795545,-0.480203,0.446558,-2.327582,-0.356007,2.170444,0.660793,-0.377237,0.138677,0.210412,0.037397,-0.208064,0.363257,-0.162407
2.406095,-1.131730,0.078055,0.971760,0.844567,-1.108508,1.078701,-0.347777,-0.027673,-0.347784,0.683949,0.401463,-0.609516,0.755579,-0.113118,-0.795545,-0.480203,0.446558,-2.327582,-0.356007,2.170444,0.660793,-0.377237,0.138677,0.210412,0.037397,-0.208064,0.363257,-0.162407
2.407077,-1.133811,0.076559,0.972057,0.846520,-1.110733,1.077592,-0.348627,-0.033938,-0.345666,0.673813,0.401071,-0.608940,0.754975,-0.112782,-0.795928,-0.480060,0.446775,-2.327538,-0.356212,2.170815,0.660626,-0.377437,0.139867,0.213104,0.039313,-0.206492,0.364606,-0.164026
2.407982,-1.132346,0.078810,0.969178,0.845964,-1.109592,1.077724,-0.347525,-0.041006,-0.344697,0.662108,0.400639,-0.608394,0.754331,-0.112449,-0.796301,-0.479920,0.446986,-2.327505,-0.356407,2.171185,0.660467,-0.376405,0.140476,0.212996,0.037221,-0.204398,0.365557,-0.162177
2.409029,-1.129167,0.077470,0.966348,0.846425,-1.109218,1.077539,-0.348276,-0.049663,-0.345520,0.647666,0.400844,-0.607917,0.753721,-0.112146,-0.796680,-0.479783,0.447198,-2.327468,-0.356612,2.171547,0.660300,-0.376750,0.139114,0.214295,0.037539,-0.205439,0.365138,-0.164233
2.410037,-1.125476,0.077302,0.968411,0.847639,-1.109813,1.075433,-0.348491,-0.068441,-0.351493,0.614607,0.403857,-0.607099,0.752950,-0.111667,-0.797441,-0.479503,0.447636,-2.327395,-0.357020,2.172288,0.659980,-0.380466,0.139773,0.214846,0.035537,-0.205486,0.367331,-0.162089
2.411028,-1.126050,0.074980,0.970103,0.847548,-1.111719,1.076794,-0.347917,-0.068441,-0.351493,0.614607,0.403857,-0.607099,0.752950,-0.111667,-0.797441,-0.479503,0.447636,-2.327395,-0.357020,2.172288,0.659980,-0.380466,0.139773,0.214846,0.035537,-0.205486,0.367331,-0.162089
2.412087,-1.122904,0.074866,0.970390,0.849742,-1.114883,1.079067,-0.347181,-0.073498,-0.359875,0.601813,0.408504,-0.606589,0.753134,-0.111478,-0.797823,-0.479360,0.447845,-2.327359,-0.357219,2.172648,0.659817,-0.380105,0.140784,0.214107,0.035458,-0.203684,0.365858,-0.163129
2.413004,-1.125198,0.072553,0.970756,0.846642,-1.115704,1.081036,-0.347328,-0.073573,-0.373656,0.594133,0.416503,-0.605897,0.753868,-0.111315,-0.798205,-0.479221,0.448060,-2.327329,-0.357415,2.173008,0.659654,-0.381965,0.140836,0.214191,0.033265,-0.200802,0.363639,-0.164518
2.414053,-1.125158,0.070110,0.968807,0.847261,-1.118995,1.081600,-0.348254,-0.069404,-0.392274,0.590992,0.427444,-0.605017,0.755067,-0.111163,-0.798583,-0.479076,0.448270,-2.327286,-0.357610,2.173365,0.659490,-0.380437,0.141705,0.213918,0.036020,-0.199992,0.361459,-0.164037
2.415096,-1.129880,0.069297,0.968379,0.847667,-1.119935,1.084253,-0.347270,-0.063366,-0.413822,0.590103,0.439133,-0.604031,0.756348,-0.110999,-0.798961,-0.478930,0.448489,-2.327252,-0.357803,2.173724,0.659333,-0.380735,0.142839,0.215056,0.035287,-0.196979,0.360961,-0.162102
2.416065,-1.127218,0.071797,0.964925,0.846334,-1.123241,1.084908,-0.347880,-0.058170,-0.437474,0.588418,0.451015,-0.603007,0.757525,-0.110827,-0.799339,-0.478788,0.448707,-2.327218,-0.358002,2.174081,0.659167,-0.378593,0.143171,0.215403,0.034780,-0.196282,0.358338,-0.164000
2.416977,-1.133489,0.069207,0.968868,0.845739,-1.125275,1.083092,-0.348641,-0.056053,-0.461089,0.583609,0.462424,-0.602010,0.758475,-0.110665,-0.799726,-0.478646,0.448927,-2.327181,-0.358189,2.174432,0.659008,-0.379742,0.141734,0.217062,0.035924,-0.193145,0.357632,-0.162624
2.418050,-1.134187,0.069935,0.973977,0.845089,-1.127388,1.083207,-0.349216,-0.058106,-0.481375,0.575142,0.470965,-0.601154,0.758933,-0.110521,-0.800094,-0.478500,0.449139,-2.327143,-0.358377,2.174793,0.658851,-0.376323,0.142741,0.214927,0.036227,-0.191172,0.359218,-0.160958
2.419037,-1.133515,0.068794,0.970069,0.845358,-1.129222,1.083640,-0.348237,-0.063073,-0.497664,0.565162,0.475455,-0.600515,0.758871,-0.110402,-0.800472,-0.478360,0.449351,-2.327105,-0.358566,2.175152,0.658694,-0.376374,0.142375,0.212661,0.036728,-0.189449,0.359189,-0.159754
2.419985,-1.133304,0.068237,0.969908,0.845293,-1.130836,1.082467,-0.349185,-0.069146,-0.510982,0.555901,0.476471,-0.600095,0.758502,-0.110315,-0.800849,-0.478215,0.449571,-2.327070,-0.358749,2.175507,0.658533,-0.376705,0.142767,0.214629,0.036292,-0.187888,0.358698,-0.161628
2.421073,-1.132737,0.065856,0.970192,0.846619,-1.132220,1.081170,-0.348697,-0.076364,-0.522536,0.546805,0.475443,-0.599869,0.758012,-0.110247,-0.801229,-0.478073,0.449785,-2.327033,-0.358933,2.175871,0.658376,-0.376592,0.142832,0.214628,0.036125,-0.186446,0.359695,-0.159569
2.421989,-1.125394,0.063592,0.968409,0.845163,-1.130901,1.081607,-0.349148,-0.084647,-0.534205,0.537361,0.474187,-0.599787,0.757584,-0.110163,-0.801610,-0.477926,0.449996,-2.327002,-0.359116,2.176230,0.658211,-0.377284,0.143990,0.214838,0.034822,-0.185553,0.361128,-0.160493
2.422988,-1.123852,0.063044,0.962358,0.845497,-1.131541,1.082574,-0.349530,-0.092062,-0.548440,0.529263,0.474228,-0.599772,0.757418,-0.110032,-0.801994,-0.477779,0.450213,-2.326964,-0.359307,2.176591,0.658056,-0.380566,0.144794,0.215549,0.036025,-0.186923,0.360429,-0.159436
2.424103,-1.127472,0.064299,0.963113,0.844467,-1.132889,1.081835,-0.349469,-0.097790,-0.566006,0.522995,0.475807,-0.599794,0.757502,-0.109828,-0.802378,-0.477635,0.450440,-2.326929,-0.359493,2.176950,0.657902,-0.381268,0.144913,0.218522,0.035529,-0.186524,0.359400,-0.158591
2.424994,-1.128125,0.061039,0.964102,0.845473,-1.131822,1.083198,-0.350665,-0.104129,-0.584643,0.515919,0.477729,-0.599900,0.757526,-0.109560,-0.802753,-0.477491,0.450659,-2.326890,-0.359673,2.177311,0.657746,-0.380045,0.144307,0.218438,0.036406,-0.185740,0.360340,-0.158695
2.425960,-1.128222,0.063113,0.959334,0.844010,-1.132995,1.080756,-0.351060,-0.112729,-0.602519,0.506535,0.479169,-0.600119,0.757315,-0.109257,-0.803131,-0.477340,0.450875,-2.326856,-0.359864,2.177672,0.657592,-0.379258,0.145557,0.217700,0.035191,-0.186814,0.358653,-0.156133
2.427086,-1.128516,0.067731,0.958560,0.844677,-1.132475,1.079159,-0.351683,-0.123984,-0.619060,0.494692,0.479921,-0.600458,0.756869,-0.108929,-0.803513,-0.477198,0.451099,-2.326819,-0.360046,2.178033,0.657438,-0.379059,0.144308,0.219977,0.036452,-0.185850,0.361000,-0.155258
2.428106,-1.127945,0.067946,0.959738,0.845075,-1.132059,1.079390,-0.350273,-0.139365,-0.631117,0.479194,0.478195,-0.600954,0.755960,-0.108584,-0.803890,-0.477057,0.451322,-2.326783,-0.360234,2.178398,0.657288,-0.379547,0.142082,0.220655,0.035706,-0.186896,0.362774,-0.154007
2.428957,-1.128178,0.072041,0.957444,0.844338,-1.131649,1.078391,-0.349741,-0.158527,-0.636464,0.460852,0.473083,-0.601591,0.754557,-0.108250,-0.804271,-0.476916,0.451543,-2.326749,-0.360426,2.178764,0.657126,-0.379922,0.141910,0.220097,0.035202,-0.187557,0.362468,-0.156764
2.430027,-1.128708,0.068582,0.952886,0.844459,-1.131711,1.078375,-0.349675,-0.179923,-0.635238,0.441569,0.465030,-0.602339,0.752833,-0.107971,-0.804651,-0.476782,0.451769,-2.326714,-0.360616,2.179120,0.656965,-0.379128,0.139575,0.220801,0.035701,-0.187866,0.363124,-0.157618
2.431020,-1.129560,0.069553,0.951532,0.843678,-1.131768,1.079390,-0.348325,-0.203926,-0.628125,0.420636,0.454372,-0.603233,0.750799,-0.107768,-0.805028,-0.476637,0.451995,-2.326679,-0.360805,2.179485,0.656807,-0.379246,0.141291,0.223209,0.035481,-0.188191,0.363195,-0.157680
2.431973,-1.129753,0.066861,0.952260,0.842476,-1.132701,1.079433,-0.348590,-0.230897,-0.617871,0.396789,0.442545,-0.604293,0.748555,-0.107645,-0.805405,-0.476496,0.452224,-2.326642,-0.360996,2.179841,0.656641,-0.378828,0.140663,0.223746,0.036065,-0.188329,0.362116,-0.160269
2.433046,-1.123641,0.065864,0.950436,0.843848,-1.131050,1.078476,-0.347809,-0.259457,-0.606766,0.371197,0.430331,-0.605496,0.746244,-0.107589,-0.805783,-0.476352,0.452445,-2.326602,-0.361184,2.180207,0.656481,-0.378558,0.141802,0.223239,0.036987,-0.187529,0.361890,-0.159576
2.434132,-1.127271,0.065904,0.948781,0.843245,-1.129987,1.077344,-0.348141,-0.286495,-0.597302,0.347121,0.418816,-0.606759,0.744150,-0.107564,-0.806175,-0.476211,0.452673,-2.326570,-0.361377,2.180574,0.656315,-0.381857,0.142286,0.224275,0.035572,-0.189558,0.362912,-0.161065
2.435069,-1.129239,0.064420,0.955114,0.842543,-1.128961,1.080176,-0.345758,-0.309994,-0.591542,0.326272,0.409587,-0.607978,0.742526,-0.107542,-0.806558,-0.476067,0.452899,-2.326535,-0.361570,2.180934,0.656154,-0.380366,0.142253,0.225267,0.036096,-0.190994,0.364172,-0.160312
2.436061,-1.126744,0.069449,0.949871,0.842765,-1.128815,1.079356,-0.345737,-0.329928,-0.588579,0.308777,0.402166,-0.609108,0.741290,-0.107509,-0.806930,-0.475921,0.453117,-2.326497,-0.361766,2.181295,0.655981,-0.379215,0.142719,0.221915,0.036556,-0.192043,0.361099,-0.164942
2.437067,-1.127893,0.069118,0.943749,0.842904,-1.128618,1.078615,-0.343810,-0.346294,-0.585843,0.295236,0.395098,-0.610115,0.740279,-0.107457,-0.807314,-0.475787,0.453347,-2.326461,-0.361960,2.181652,0.655815,-0.380403,0.140129,0.224458,0.036154,-0.192350,0.361898,-0.164799
2.437975,-1.127364,0.068916,0.947245,0.842383,-1.128158,1.078438,-0.343532,-0.361439,-0.580310,0.282994,0.387440,-0.611001,0.739242,-0.107392,-0.807691,-0.475645,0.453577,-2.326428,-0.362155,2.182016,0.655642,-0.379891,0.140205,0.227429,0.035923,-0.192731,0.362571,-0.168534
2.439084,-1.133454,0.069037,0.946461,0.842221,-1.127644,1.079141,-0.343128,-0.377240,-0.571382,0.269590,0.379174,-0.611779,0.738027,-0.107317,-0.808070,-0.475505,0.453800,-2.326392,-0.362349,2.182384,0.655471,-0.379767,0.140057,0.225353,0.036204,-0.193182,0.362442,-0.168858
2.440089,-1.132987,0.071117,0.945223,0.842056,-1.127708,1.078311,-0.342364,-0.392794,-0.560132,0.256132,0.370504,-0.612452,0.736702,-0.107228,-0.808446,-0.475365,0.454025,-2.326356,-0.362541,2.182742,0.655296,-0.377267,0.140069,0.226007,0.036287,-0.194132,0.361914,-0.169560
2.440986,-1.132870,0.070861,0.945002,0.842598,-1.127204,1.077460,-0.342722,-0.408315,-0.546379,0.242552,0.361184,-0.613062,0.735271,-0.107144,-0.808821,-0.475227,0.454257,-2.326319,-0.362734,2.183107,0.655122,-0.377625,0.138950,0.226496,0.036268,-0.194261,0.362681,-0.170932
2.442078,-1.135039,0.070604,0.949328,0.843118,-1.127153,1.079668,-0.341017,-0.423764,-0.530021,0.228874,0.351331,-0.613649,0.733805,-0.107087,-0.809199,-0.475090,0.454485,-2.326286,-0.362934,2.183473,0.654951,-0.377248,0.138856,0.226243,0.035542,-0.194679,0.363215,-0.169987
2.443065,-1.135692,0.064741,0.951651,0.842964,-1.126437,1.077130,-0.340437,-0.445981,-0.498262,0.210200,0.335507,-0.614707,0.732046,-0.107054,-0.809950,-0.474806,0.454923,-2.326216,-0.363328,2.184205,0.654596,-0.376334,0.141818,0.223146,0.034962,-0.195926,0.363545,-0.174262
2.444125,-1.133426,0.063217,0.951405,0.843048,-1.128067,1.073352,-0.338268,-0.445981,-0.498262,0.210200,0.335507,-0.614707,0.732046,-0.107054,-0.809950,-0.474806,0.454923,-2.326216,-0.363328,2.184205,0.654596,-0.376334,0.141818,0.223146,0.034962,-0.195926,0.363545,-0.174262
2.445029,-1.130594,0.064843,0.953007,0.843441,-1.127441,1.072206,-0.338560,-0.448574,-0.490167,0.209141,0.332507,-0.615140,0.732255,-0.107090,-0.810333,-0.474664,0.455144,-2.326180,-0.363519,2.184574,0.654409,-0.377739,0.142528,0.223438,0.034752,-0.194607,0.367347,-0.178449
2.445987,-1.136468,0.063805,0.952120,0.844713,-1.127810,1.070654,-0.337676,-0.444774,-0.488235,0.214147,0.332623,-0.615495,0.733119,-0.107158,-0.810712,-0.474523,0.455364,-2.326147,-0.363720,2.184947,0.654235,-0.378740,0.141437,0.222371,0.034174,-0.195163,0.368129,-0.177601
2.447030,-1.136083,0.063239,0.954343,0.843976,-1.127146,1.068860,-0.338597,-0.436418,-0.489458,0.223416,0.334885,-0.615764,0.734442,-0.107227,-0.811085,-0.474382,0.455590,-2.326115,-0.363913,2.185321,0.654052,-0.375660,0.141787,0.222655,0.032796,-0.194890,0.369451,-0.179172
2.448121,-1.131095,0.063216,0.955639,0.844305,-1.128333,1.069882,-0.337539,-0.426440,-0.491795,0.233846,0.338703,-0.615956,0.735987,-0.107277,-0.811467,-0.474239,0.455807,-2.326081,-0.364111,2.185694,0.653878,-0.376077,0.142000,0.221692,0.033469,-0.195800,0.371207,-0.177153
2.449096,-1.131664,0.063287,0.954634,0.842298,-1.127442,1.070097,-0.336670,-0.414525,-0.494856,0.245979,0.343446,-0.616065,0.737669,-0.107303,-0.811850,-0.474098,0.456026,-2.326048,-0.364304,2.186067,0.653696,-0.379000,0.142035,0.221307,0.033102,-0.194980,0.370209,-0.179159
2.449977,-1.132752,0.064280,0.958579,0.843949,-1.127161,1.067849,-0.335793,-0.399265,-0.498142,0.261560,0.348148,-0.616108,0.739467,-0.107315,-0.812227,-0.473956,0.456248,-2.326011,-0.364504,2.186435,0.653512,-0.378612,0.141829,0.221724,0.034930,-0.195960,0.369845,-0.180676
2.451087,-1.131809,0.067752,0.961325,0.846430,-1.127996,1.064704,-0.336512,-0.362709,-0.499319,0.299671,0.354531,-0.616285,0.743033,-0.107348,-0.812978,-0.473678,0.456676,-2.325958,-0.364898,2.187193,0.653151,-0.378660,0.139396,0.218507,0.030857,-0.195680,0.374912,-0.180579
2.452107,-1.128957,0.065426,0.961317,0.846464,-1.126992,1.064417,-0.336465,-0.362709,-0.499319,0.299671,0.354531,-0.616285,0.743033,-0.107348,-0.812978,-0.473678,0.456676,-2.325958,-0.364898,2.187193,0.653151,-0.378660,0.139396,0.218507,0.030857,-0.195680,0.374912,-0.180579
2.453078,-1.127196,0.061381,0.964574,0.846203,-1.124105,1.062312,-0.336559,-0.341510,-0.497411,0.322221,0.358553,-0.616422,0.745170,-0.107371,-0.813361,-0.473536,0.456890,-2.325924,-0.365096,2.187568,0.652969,-0.380153,0.140492,0.218644,0.030754,-0.196892,0.375060,-0.180503
2.454072,-1.126018,0.064674,0.966636,0.845992,-1.125213,1.058925,-0.337810,-0.317249,-0.497302,0.347823,0.364827,-0.616564,0.747814,-0.107409,-0.813739,-0.473388,0.457107,-2.325894,-0.365302,2.187951,0.652788,-0.380938,0.142272,0.216968,0.030982,-0.199796,0.376925,-0.180105
2.455081,-1.124540,0.064788,0.971855,0.846719,-1.122558,1.058977,-0.337942,-0.289523,-0.499930,0.376975,0.372567,-0.616719,0.750855,-0.107468,-0.814122,-0.473250,0.457322,-2.325864,-0.365502,2.188342,0.652617,-0.381473,0.140503,0.215989,0.031157,-0.198760,0.380066,-0.177427
2.455992,-1.125425,0.058324,0.970199,0.847018,-1.121681,1.056761,-0.338698,-0.258701,-0.502792,0.409876,0.379859,-0.616917,0.754027,-0.107540,-0.814501,-0.473111,0.457530,-2.325837,-0.365708,2.188723,0.652443,-0.382288,0.140386,0.213539,0.030462,-0.201530,0.379815,-0.177025
2.457081,-1.123326,0.057641,0.975689,0.846642,-1.120975,1.056526,-0.337759,-0.225373,-0.506541,0.445712,0.387229,-0.617168,0.757280,-0.107610,-0.814883,-0.472964,0.457746,-2.325807,-0.365913,2.189109,0.652273,-0.381408,0.143326,0.214215,0.030095,-0.202270,0.381650,-0.175306
2.457998,-1.123453,0.055025,0.978049,0.847473,-1.118381,1.058651,-0.340209,-0.190167,-0.514289,0.483087,0.396238,-0.617484,0.760606,-0.107667,-0.815272,-0.472819,0.457955,-2.325775,-0.366118,2.189485,0.652093,-0.382790,0.143618,0.211820,0.030462,-0.203239,0.381905,-0.177079
2.459020,-1.126114,0.054014,0.979008,0.848257,-1.115173,1.059125,-0.340507,-0.152738,-0.526747,0.522329,0.407096,-0.617842,0.763988,-0.107689,-0.815655,-0.472673,0.458163,-2.325748,-0.366329,2.189862,0.651934,-0.382316,0.144623,0.210576,0.029622,-0.205687,0.379413,-0.171961
2.459988,-1.130023,0.058094,0.977378,0.847606,-1.112462,1.059533,-0.340915,-0.113952,-0.543118,0.562495,0.419999,-0.618198,0.767473,-0.107655,-0.816037,-0.472528,0.458374,-2.325721,-0.366546,2.190240,0.651763,-0.381059,0.144999,0.210279,0.028905,-0.208899,0.378840,-0.171269
2.461005,-1.131172,0.061035,0.976854,0.848732,-1.108455,1.061470,-0.343046,-0.077949,-0.559598,0.599154,0.433429,-0.618584,0.770770,-0.107581,-0.816420,-0.472390,0.458585,-2.325692,-0.366766,2.190615,0.651595,-0.378939,0.142797,0.211133,0.029543,-0.211464,0.378217,-0.170295
2.462043,-1.132540,0.059610,0.981121,0.848673,-1.107477,1.063033,-0.342552,-0.049038,-0.570186,0.628107,0.444379,-0.619060,0.773418,-0.107497,-0.816796,-0.472255,0.458799,-2.325665,-0.366990,2.190990,0.651434,-0.378513,0.141325,0.211513,0.028451,-0.215404,0.376153,-0.165896
2.462987,-1.133679,0.060392,0.978729,0.850516,-1.105292,1.062733,-0.343829,-0.027341,-0.573387,0.649491,0.452266,-0.619597,0.775430,-0.107405,-0.817176,-0.472112,0.459001,-2.325635,-0.367212,2.191355,0.651263,-0.378027,0.141974,0.209680,0.028540,-0.216335,0.374582,-0.166806
2.463975,-1.126737,0.062704,0.978608,0.848434,-1.100166,1.063913,-0.342844,-0.010795,-0.571778,0.665462,0.458552,-0.620139,0.777104,-0.107302,-0.817549,-0.471972,0.459216,-2.325612,-0.367434,2.191732,0.651108,-0.377299,0.141379,0.210826,0.026790,-0.218317,0.374621,-0.164099
2.464988,-1.126829,0.060649,0.983071,0.847817,-1.095773,1.067894,-0.344030,0.001879,-0.566274,0.677452,0.463395,-0.620676,0.778483,-0.107183,-0.817937,-0.471834,0.459428,-2.325581,-0.367665,2.192107,0.650938,-0.380670,0.140126,0.210941,0.028845,-0.223254,0.373258,-0.165960
2.465998,-1.121024,0.061061,0.985375,0.850075,-1.094652,1.069660,-0.343143,0.013362,-0.556968,0.688851,0.465540,-0.621184,0.779508,-0.107043,-0.818318,-0.471690,0.459632,-2.325552,-0.367900,2.192466,0.650779,-0.380651,0.141039,0.208920,0.029450,-0.227446,0.369222,-0.163447
2.467003,-1.124740,0.058819,0.980553,0.849151,-1.092545,1.070073,-0.344890,0.027374,-0.546720,0.703841,0.466163,-0.621597,0.780503,-0.106884,-0.818702,-0.471547,0.459836,-2.325530,-0.368131,2.192830,0.650608,-0.383597,0.140701,0.208006,0.027344,-0.228368,0.367419,-0.165117
2.468018,-1.121574,0.058668,0.981401,0.848159,-1.095017,1.073440,-0.344739,0.043924,-0.538315,0.721822,0.467590,-0.621899,0.781731,-0.106710,-0.819080,-0.471406,0.460052,-2.325500,-0.368368,2.193192,0.650450,-0.381752,0.141727,0.210514,0.028281,-0.230246,0.366959,-0.161474
2.468960,-1.125321,0.053017,0.983809,0.850001,-1.093509,1.074619,-0.345594,0.059534,-0.531513,0.738520,0.469403,-0.622166,0.782930,-0.106519,-0.819460,-0.471263,0.460259,-2.325469,-0.368590,2.193554,0.650290,-0.383462,0.141683,0.210269,0.029241,-0.227670,0.363520,-0.161713
2.470088,-1.126183,0.056153,0.985231,0.850571,-1.091070,1.073744,-0.345519,0.073161,-0.527184,0.752671,0.471731,-0.622415,0.784028,-0.106308,-0.819838,-0.471116,0.460468,-2.325446,-0.368822,2.193915,0.650134,-0.381321,0.144253,0.209038,0.027481,-0.228891,0.362179,-0.159860
2.471066,-1.131071,0.060649,0.985942,0.851633,-1.090425,1.073056,-0.345411,0.085243,-0.526787,0.764734,0.476070,-0.622611,0.785177,-0.106071,-0.820220,-0.470974,0.460676,-2.325420,-0.369057,2.194278,0.649976,-0.381482,0.142726,0.208828,0.027071,-0.231390,0.363267,-0.159998
2.472094,-1.128577,0.061911,0.988813,0.849546,-1.087102,1.077220,-0.345428,0.093988,-0.526461,0.773349,0.481000,-0.622788,0.786080,-0.105804,-0.820594,-0.470839,0.460883,-2.325396,-0.369291,2.194641,0.649819,-0.379002,0.140387,0.208567,0.026125,-0.231749,0.363829,-0.160108
2.472960,-1.134005,0.058970,0.992388,0.851079,-1.089838,1.079696,-0.344131,0.098169,-0.520795,0.778141,0.483376,-0.623006,0.786312,-0.105515,-0.820978,-0.470700,0.461089,-2.325362,-0.369534,2.194995,0.649661,-0.380384,0.139726,0.207371,0.028140,-0.234856,0.359658,-0.159986
2.474017,-1.136162,0.062215,0.996075,0.849727,-1.087696,1.078390,-0.344212,0.099316,-0.509901,0.781110,0.482683,-0.623271,0.785934,-0.105224,-0.821347,-0.470557,0.461291,-2.325338,-0.369759,2.195344,0.649497,-0.377153,0.140868,0.205448,0.026609,-0.231645,0.356919,-0.162413
2.475013,-1.136088,0.063239,0.993025,0.850922,-1.086891,1.080351,-0.344234,0.098620,-0.495870,0.783482,0.479825,-0.623584,0.785183,-0.104958,-0.821723,-0.470422,0.461491,-2.325306,-0.369995,2.195708,0.649335,-0.376434,0.139262,0.203998,0.027938,-0.233723,0.358302,-0.162137
2.475994,-1.137485,0.060979,0.990340,0.850485,-1.084980,1.079629,-0.344760,0.095504,-0.478304,0.784519,0.474568,-0.623964,0.784090,-0.104723,-0.822105,-0.470285,0.461698,-2.325282,-0.370228,2.196060,0.649171,-0.376450,0.138691,0.205706,0.026846,-0.234292,0.356290,-0.161968
2.477094,-1.140201,0.065815,0.993671,0.849586,-1.086366,1.079056,-0.344160,0.088768,-0.458040,0.782118,0.467750,-0.624403,0.782747,-0.104529,-0.822477,-0.470142,0.461910,-2.325253,-0.370469,2.196417,0.649011,-0.375757,0.139667,0.207107,0.027297,-0.235887,0.356958,-0.160790
2.478065,-1.139616,0.064935,0.993948,0.851933,-1.088810,1.078687,-0.345107,0.077831,-0.435788,0.775152,0.459580,-0.624895,0.781126,-0.104389,-0.822852,-0.470010,0.462114,-2.325222,-0.370699,2.196777,0.648847,-0.374935,0.137372,0.205866,0.028221,-0.234507,0.357684,-0.161944
2.478965,-1.132979,0.060309,0.999183,0.851405,-1.090260,1.078440,-0.343803,0.063955,-0.411077,0.765230,0.449651,-0.625406,0.779214,-0.104287,-0.823231,-0.469872,0.462320,-2.325201,-0.370929,2.197134,0.648695,-0.375135,0.137705,0.205845,0.026006,-0.231812,0.357944,-0.159925
2.480073,-1.134684,0.060698,0.999940,0.852544,-1.089156,1.080038,-0.343843,0.051489,-0.388124,0.756792,0.440674,-0.625838,0.777504,-0.104193,-0.823610,-0.469730,0.462518,-2.325172,-0.371152,2.197495,0.648527,-0.378054,0.139759,0.203197,0.026503,-0.230052,0.357913,-0.162384
2.481072,-1.131912,0.060519,1.006377,0.849461,-1.091122,1.080328,-0.343883,0.044962,-0.372111,0.754351,0.435332,-0.626091,0.776478,-0.104092,-0.823988,-0.469591,0.462724,-2.325148,-0.371386,2.197849,0.648359,-0.377692,0.139616,0.203309,0.025539,-0.231196,0.356509,-0.162198
2.482020,-1.136512,0.059432,1.001977,0.849748,-1.092510,1.083866,-0.342006,0.045277,-0.362586,0.759220,0.432503,-0.626143,0.776022,-0.103966,-0.824365,-0.469451,0.462916,-2.325114,-0.371610,2.198205,0.648194,-0.379142,0.139602,0.200396,0.028540,-0.229078,0.356195,-0.161988
2.483050,-1.137036,0.060587,1.003420,0.850786,-1.092282,1.083455,-0.341803,0.050141,-0.356437,0.769327,0.429452,-0.626068,0.775686,-0.103812,-0.824738,-0.469312,0.463124,-2.325087,-0.371838,2.198559,0.648024,-0.376667,0.139982,0.202670,0.028242,-0.227432,0.352490,-0.165604
2.484048,-1.138468,0.064207,0.999248,0.851224,-1.093363,1.083089,-0.341147,0.055220,-0.351937,0.779552,0.425924,-0.625949,0.775217,-0.103657,-0.825115,-0.469174,0.463323,-2.325063,-0.372064,2.198913,0.647856,-0.376623,0.139367,0.202259,0.027336,-0.227599,0.352984,-0.165854
2.485093,-1.145330,0.063401,1.002502,0.850016,-1.093466,1.083793,-0.342143,0.056955,-0.347277,0.785627,0.422457,-0.625847,0.774500,-0.103518,-0.825488,-0.469039,0.463532,-2.325035,-0.372289,2.199266,0.647687,-0.375993,0.137494,0.204493,0.026935,-0.226378,0.353326,-0.167033
2.486093,-1.144271,0.066054,0.999158,0.851585,-1.091931,1.084410,-0.340393,0.053066,-0.339977,0.785309,0.417878,-0.625852,0.773305,-0.103396,-0.825857,-0.468902,0.463737,-2.325005,-0.372513,2.199616,0.647528,-0.372886,0.137923,0.203148,0.028162,-0.226266,0.352713,-0.164927
2.487032,-1.146037,0.064012,0.996758,0.851510,-1.091495,1.083240,-0.340513,0.042693,-0.329499,0.777869,0.411643,-0.626024,0.771587,-0.103302,-0.826231,-0.468768,0.463943,-2.324982,-0.372741,2.199967,0.647354,-0.373537,0.136554,0.205021,0.026697,-0.227659,0.352089,-0.168319
2.487970,-1.147953,0.065302,0.997178,0.851458,-1.091978,1.083018,-0.340019,0.026352,-0.317481,0.763539,0.405015,-0.626351,0.769567,-0.103256,-0.826604,-0.468631,0.464151,-2.324954,-0.372970,2.200324,0.647186,-0.372463,0.137427,0.206204,0.026776,-0.227789,0.353108,-0.167867
2.489091,-1.147855,0.067967,1.002863,0.852065,-1.091425,1.086336,-0.340409,0.004644,-0.305441,0.742685,0.398742,-0.626847,0.767337,-0.103263,-0.826978,-0.468496,0.464353,-2.324928,-0.373191,2.200676,0.647015,-0.371299,0.136636,0.206032,0.026851,-0.227070,0.353180,-0.168686
2.489992,-1.146211,0.067833,0.997566,0.852398,-1.094225,1.086161,-0.339000,-0.019945,-0.293562,0.718505,0.392481,-0.627494,0.764984,-0.103303,-0.827349,-0.468364,0.464555,-2.324900,-0.373422,2.201024,0.646848,-0.372047,0.135483,0.203714,0.026372,-0.227710,0.350094,-0.167816
2.491082,-1.143049,0.064601,0.996124,0.851589,-1.090119,1.086157,-0.339258,-0.044507,-0.282110,0.694553,0.386419,-0.628217,0.762709,-0.103370,-0.827724,-0.468229,0.464768,-2.324877,-0.373638,2.201377,0.646674,-0.372491,0.135356,0.206242,0.026113,-0.224622,0.350080,-0.170454
2.492077,-1.140218,0.066080,0.996625,0.851189,-1.089068,1.084897,-0.338266,-0.068364,-0.273020,0.671015,0.381305,-0.628958,0.760564,-0.103478,-0.828103,-0.468089,0.464976,-2.324849,-0.373871,2.201722,0.646509,-0.374521,0.137036,0.207331,0.027007,-0.228787,0.350302,-0.169825
2.493066,-1.142280,0.065427,0.994856,0.852321,-1.090303,1.084772,-0.337383,-0.090542,-0.268158,0.648487,0.377222,-0.629643,0.758499,-0.103630,-0.828477,-0.467955,0.465183,-2.324819,-0.374105,2.202077,0.646333,-0.376004,0.136232,0.207212,0.027390,-0.229582,0.351538,-0.171659
2.493963,-1.139000,0.065208,0.989110,0.851595,-1.092041,1.085020,-0.338585,-0.110571,-0.267238,0.627608,0.373780,-0.630190,0.756454,-0.103815,-0.828851,-0.467819,0.465393,-2.324795,-0.374331,2.202425,0.646156,-0.374983,0.136494,0.208211,0.026354,-0.228161,0.351642,-0.173239
2.495101,-1.142640,0.067386,0.987722,0.852802,-1.095538,1.084688,-0.338044,-0.130469,-0.269245,0.606114,0.371003,-0.630569,0.754309,-0.104008,-0.829224,-0.467682,0.465610,-2.324766,-0.374551,2.202776,0.645990,-0.376269,0.136368,0.210871,0.027022,-0.226117,0.351166,-0.170609
2.496091,-1.146187,0.068918,0.983362,0.851653,-1.094497,1.088901,-0.338791,-0.152582,-0.272770,0.581324,0.368589,-0.630808,0.751882,-0.104179,-0.829598,-0.467547,0.465826,-2.324742,-0.374770,2.203131,0.645816,-0.375144,0.135452,0.211962,0.026005,-0.222837,0.351773,-0.171637
2.497025,-1.144631,0.068017,0.983049,0.851392,-1.094884,1.090004,-0.338009,-0.179101,-0.275242,0.551018,0.365566,-0.630979,0.748980,-0.104316,-0.829969,-0.467415,0.466044,-2.324711,-0.374996,2.203469,0.645648,-0.373438,0.134668,0.214159,0.027143,-0.223757,0.347560,-0.169969
2.498072,-1.143470,0.068351,0.979066,0.852461,-1.095042,1.089108,-0.339335,-0.210545,-0.275196,0.514902,0.361158,-0.631131,0.745591,-0.104419,-0.830344,-0.467281,0.466259,-2.324683,-0.375215,2.203813,0.645475,-0.374015,0.134988,0.214179,0.027375,-0.223150,0.346388,-0.171372
2.498971,-1.145175,0.066199,0.975065,0.851364,-1.096505,1.087207,-0.339267,-0.244599,-0.274025,0.475502,0.356067,-0.631273,0.742027,-0.104493,-0.830724,-0.467148,0.466481,-2.324657,-0.375438,2.204158,0.645313,-0.374833,0.134879,0.216295,0.026392,-0.222990,0.347433,-0.168587
2.500055,-1.149599,0.067493,0.972416,0.852106,-1.099772,1.085181,-0.338493,-0.279945,-0.273418,0.433917,0.351269,-0.631446,0.738527,-0.104552,-0.831094,-0.467010,0.466701,-2.324626,-0.375657,2.204514,0.645149,-0.373634,0.135723,0.218034,0.027393,-0.221229,0.349099,-0.168571
2.501098,-1.143189,0.068010,0.969843,0.853197,-1.100060,1.083696,-0.338920,-0.317649,-0.273075,0.388827,0.346321,-0.631752,0.735015,-0.104629,-0.831464,-0.466877,0.466925,-2.324600,-0.375872,2.204871,0.644977,-0.371937,0.135177,0.219534,0.026773,-0.218108,0.351268,-0.170024
2.502084,-1.142937,0.070096,0.968172,0.851894,-1.099862,1.081894,-0.338671,-0.357069,-0.272690,0.341010,0.341314,-0.632218,0.731561,-0.104746,-0.831850,-0.466741,0.467147,-2.324575,-0.376087,2.205225,0.644808,-0.375329,0.134929,0.220919,0.025797,-0.217904,0.352808,-0.169026
2.503003,-1.134881,0.067759,0.964414,0.852562,-1.099982,1.083834,-0.338400,-0.395156,-0.272188,0.294094,0.336393,-0.632770,0.728338,-0.104888,-0.832222,-0.466608,0.467372,-2.324546,-0.376304,2.205585,0.644637,-0.375466,0.133847,0.221662,0.027103,-0.218039,0.354529,-0.169378
2.504071,-1.141975,0.065312,0.969267,0.852365,-1.100830,1.082970,-0.337428,-0.429109,-0.271834,0.251400,0.331371,-0.633307,0.725429,-0.105030,-0.832608,-0.466473,0.467601,-2.324520,-0.376524,2.205939,0.644465,-0.379112,0.134864,0.223222,0.026441,-0.217657,0.352357,-0.169720
2.505057,-1.138289,0.067726,0.963395,0.853299,-1.102970,1.080549,-0.338147,-0.456788,-0.274126,0.215173,0.327625,-0.633726,0.723043,-0.105154,-0.832974,-0.466335,0.467818,-2.324494,-0.376738,2.206290,0.644291,-0.375982,0.136117,0.220981,0.026780,-0.216940,0.353387,-0.171553
2.506066,-1.141143,0.065136,0.959453,0.852408,-1.107326,1.080297,-0.337603,-0.478477,-0.279864,0.185180,0.325842,-0.633983,0.721182,-0.105254,-0.833355,-0.466204,0.468049,-2.324470,-0.376950,2.206650,0.644124,-0.377818,0.134872,0.223812,0.025935,-0.214755,0.355735,-0.169938
2.507027,-1.139994,0.068542,0.955715,0.852390,-1.108910,1.078534,-0.338019,-0.497232,-0.287179,0.158088,0.325258,-0.634112,0.719570,-0.105336,-0.833733,-0.466066,0.468277,-2.324441,-0.377156,2.207005,0.643952,-0.376436,0.136129,0.225707,0.026859,-0.210455,0.355960,-0.170899
2.508039,-1.145130,0.069175,0.955516,0.853300,-1.109538,1.076833,-0.337081,-0.516013,-0.294028,0.130683,0.324724,-0.634188,0.717942,-0.105418,-0.834106,-0.465933,0.468510,-2.324413,-0.377361,2.207367,0.643785,-0.376946,0.134313,0.227315,0.026867,-0.208892,0.357580,-0.169891
2.509014,-1.144605,0.073134,0.952988,0.853170,-1.110876,1.074831,-0.335905,-0.536334,-0.298088,0.101751,0.323164,-0.634263,0.716150,-0.105515,-0.834478,-0.465803,0.468740,-2.324389,-0.377566,2.207735,0.643609,-0.374517,0.134043,0.227310,0.026074,-0.208376,0.359203,-0.171633
2.510101,-1.145661,0.068560,0.955642,0.854538,-1.110584,1.075941,-0.335966,-0.558640,-0.297590,0.071293,0.320071,-0.634367,0.714156,-0.105650,-0.834857,-0.465676,0.468970,-2.324361,-0.377770,2.208099,0.643434,-0.374725,0.132062,0.228405,0.026220,-0.207061,0.361072,-0.173804
2.511012,-1.148248,0.070654,0.956781,0.855457,-1.111860,1.075718,-0.334888,-0.581203,-0.294026,0.041268,0.316427,-0.634499,0.712166,-0.105836,-0.835233,-0.465539,0.469196,-2.324338,-0.377979,2.208460,0.643263,-0.374658,0.134464,0.227219,0.025035,-0.207585,0.360049,-0.173555
2.512015,-1.147141,0.070298,0.956526,0.854923,-1.114021,1.074574,-0.336056,-0.600935,-0.291440,0.014835,0.314695,-0.634615,0.710614,-0.106065,-0.835605,-0.465408,0.469424,-2.324317,-0.378185,2.208817,0.643082,-0.373053,0.133245,0.226331,0.024259,-0.206164,0.360058,-0.175492
2.513040,-1.145481,0.068153,0.959129,0.854767,-1.114035,1.075783,-0.335817,-0.616744,-0.290682,-0.006637,0.315149,-0.634697,0.709585,-0.106321,-0.835978,-0.465272,0.469647,-2.324290,-0.378384,2.209182,0.642914,-0.373737,0.133395,0.226447,0.024867,-0.204140,0.361130,-0.172973
2.514023,-1.135330,0.067422,0.956533,0.855048,-1.114859,1.073674,-0.335643,-0.627660,-0.291694,-0.021879,0.316744,-0.634723,0.709008,-0.106570,-0.836355,-0.465136,0.469870,-2.324265,-0.378587,2.209548,0.642739,-0.374732,0.134459,0.225168,0.025136,-0.204296,0.359850,-0.173326
2.515016,-1.131196,0.066373,0.956404,0.854623,-1.116167,1.072521,-0.336135,-0.630932,-0.296790,-0.028149,0.319903,-0.634604,0.709069,-0.106770,-0.836745,-0.465001,0.470098,-2.324243,-0.378789,2.209913,0.642566,-0.379669,0.134746,0.226356,0.025000,-0.203524,0.361874,-0.173505
2.515993,-1.135654,0.066496,0.958233,0.854400,-1.115285,1.072463,-0.337049,-0.624639,-0.307408,-0.023734,0.324952,-0.634268,0.709858,-0.106884,-0.837126,-0.464866,0.470326,-2.324217,-0.378988,2.210283,0.642397,-0.381678,0.135218,0.226291,0.025508,-0.202335,0.362881,-0.172361
2.516998,-1.139105,0.067797,0.961797,0.857102,-1.116628,1.072096,-0.336804,-0.610257,-0.322272,-0.010273,0.330871,-0.633755,0.711125,-0.106889,-0.837500,-0.464733,0.470551,-2.324191,-0.379192,2.210645,0.642228,-0.379390,0.135090,0.225258,0.025788,-0.203273,0.362809,-0.170368
2.517987,-1.131741,0.068778,0.963616,0.854105,-1.117535,1.072029,-0.336502,-0.591389,-0.338903,0.008548,0.337035,-0.633151,0.712601,-0.106801,-0.837871,-0.464599,0.470771,-2.324174,-0.379388,2.211011,0.642058,-0.377817,0.134420,0.223492,0.023344,-0.202075,0.363099,-0.170738
2.519115,-1.135344,0.068542,0.965933,0.854940,-1.117787,1.072974,-0.337458,-0.569157,-0.355432,0.031914,0.342860,-0.632507,0.714155,-0.106644,-0.838259,-0.464466,0.470992,-2.324142,-0.379588,2.211377,0.641887,-0.381415,0.133891,0.222547,0.026303,-0.201274,0.363045,-0.171187
2.520062,-1.143484,0.072443,0.967543,0.855346,-1.115711,1.076722,-0.337232,-0.542845,-0.370713,0.060965,0.346733,-0.631879,0.715608,-0.106433,-0.838642,-0.464329,0.471210,-2.324118,-0.379787,2.211734,0.641719,-0.380137,0.134156,0.221756,0.025662,-0.201440,0.362320,-0.169178
2.520997,-1.141914,0.071141,0.966376,0.855691,-1.112594,1.075020,-0.338042,-0.515126,-0.383197,0.092698,0.348155,-0.631326,0.716804,-0.106209,-0.839007,-0.464198,0.471431,-2.324095,-0.379994,2.212087,0.641549,-0.375988,0.132097,0.220814,0.025353,-0.203479,0.358416,-0.169477
2.522040,-1.133388,0.071143,0.969039,0.855752,-1.112375,1.074865,-0.337196,-0.490055,-0.391359,0.122376,0.347665,-0.630876,0.717705,-0.106017,-0.839389,-0.464066,0.471653,-2.324071,-0.380209,2.212452,0.641389,-0.376513,0.132666,0.221211,0.025097,-0.206432,0.359942,-0.167692
2.523006,-1.139819,0.073750,0.972565,0.858188,-1.113242,1.078691,-0.337230,-0.466353,-0.397218,0.150953,0.346458,-0.630469,0.718554,-0.105869,-0.839781,-0.463933,0.471871,-2.324046,-0.380417,2.212811,0.641219,-0.380885,0.132710,0.220004,0.025172,-0.206766,0.360121,-0.169292
2.523980,-1.138887,0.066931,0.977544,0.858513,-1.115302,1.077412,-0.337789,-0.440559,-0.403570,0.181905,0.346294,-0.629979,0.719777,-0.105762,-0.840152,-0.463805,0.472087,-2.324029,-0.380621,2.213160,0.641049,-0.377563,0.131381,0.218208,0.022965,-0.205898,0.356191,-0.169042
2.525153,-1.134771,0.066607,0.977432,0.858125,-1.116539,1.078241,-0.337657,-0.411979,-0.412573,0.215783,0.349110,-0.629339,0.721657,-0.105689,-0.840534,-0.463664,0.472297,-2.324006,-0.380820,2.213516,0.640883,-0.377935,0.134683,0.215759,0.022796,-0.203900,0.357433,-0.167770
2.526126,-1.129980,0.067817,0.981241,0.858156,-1.115042,1.078397,-0.337253,-0.379740,-0.427599,0.253166,0.356099,-0.628549,0.724277,-0.105649,-0.840917,-0.463527,0.472516,-2.323980,-0.381021,2.213873,0.640718,-0.380784,0.135025,0.216320,0.023376,-0.203157,0.356909,-0.168010
2.526972,-1.128673,0.064504,0.982717,0.856736,-1.113471,1.081334,-0.337919,-0.342588,-0.448696,0.295450,0.366092,-0.627607,0.727448,-0.105648,-0.841306,-0.463394,0.472728,-2.323955,-0.381226,2.214232,0.640545,-0.382963,0.134349,0.214422,0.023414,-0.204693,0.356647,-0.168652
2.528020,-1.131117,0.069524,0.983669,0.859000,-1.113869,1.081569,-0.338557,-0.300635,-0.473330,0.342885,0.377062,-0.626507,0.730881,-0.105682,-0.841692,-0.463254,0.472937,-2.323926,-0.381435,2.214579,0.640379,-0.382832,0.135680,0.213429,0.024757,-0.205971,0.353381,-0.167084
2.528978,-1.126936,0.065486,0.980396,0.858664,-1.114431,1.080320,-0.337879,-0.256533,-0.498848,0.392770,0.387809,-0.625285,0.734325,-0.105733,-0.842069,-0.463123,0.473149,-2.323908,-0.381639,2.214930,0.640222,-0.381871,0.133218,0.213190,0.022744,-0.205743,0.353267,-0.165737
2.529995,-1.129121,0.066674,0.984756,0.859734,-1.115319,1.080580,-0.339081,-0.214185,-0.523153,0.440635,0.398200,-0.624005,0.737617,-0.105788,-0.842457,-0.462985,0.473369,-2.323883,-0.381848,2.215283,0.640055,-0.383714,0.135132,0.214739,0.023191,-0.205113,0.354429,-0.166964
2.531041,-1.126687,0.066060,0.985650,0.858786,-1.114872,1.081885,-0.339595,-0.175158,-0.546576,0.484458,0.408673,-0.622735,0.740750,-0.105826,-0.842832,-0.462851,0.473577,-2.323863,-0.382050,2.215640,0.639898,-0.382748,0.134507,0.212723,0.022323,-0.204368,0.354148,-0.164436
2.531982,-1.128268,0.066384,0.987838,0.859278,-1.113829,1.084172,-0.340188,-0.139059,-0.569127,0.524894,0.418863,-0.621532,0.743723,-0.105828,-0.843217,-0.462715,0.473788,-2.323837,-0.382257,2.215991,0.639738,-0.384150,0.134837,0.212519,0.023388,-0.204977,0.352928,-0.163336
2.533065,-1.123701,0.067318,0.982232,0.859840,-1.112512,1.082582,-0.340285,-0.105631,-0.589768,0.562639,0.427936,-0.620441,0.746497,-0.105794,-0.843602,-0.462580,0.473994,-2.323814,-0.382460,2.216335,0.639579,-0.383023,0.134543,0.211431,0.023004,-0.205992,0.350542,-0.162014
2.534075,-1.131589,0.064888,0.993116,0.858652,-1.113417,1.081366,-0.341260,-0.075841,-0.607849,0.596516,0.435834,-0.619494,0.749058,-0.105739,-0.843987,-0.462447,0.474215,-2.323792,-0.382672,2.216691,0.639417,-0.385672,0.134179,0.214494,0.022672,-0.207499,0.352311,-0.161762
2.535029,-1.126051,0.062320,0.993774,0.859322,-1.112075,1.079741,-0.341294,-0.050279,-0.623116,0.625821,0.442225,-0.618724,0.751358,-0.105680,-0.844363,-0.462311,0.474416,-2.323765,-0.382878,2.217047,0.639260,-0.381780,0.135378,0.209234,0.023918,-0.206653,0.353507,-0.159703
2.536009,-1.124204,0.060536,0.992187,0.861622,-1.113895,1.078217,-0.342215,-0.026944,-0.636930,0.653063,0.446819,-0.618119,0.753454,-0.105622,-0.844748,-0.462174,0.474621,-2.323744,-0.383091,2.217402,0.639100,-0.384360,0.136517,0.209013,0.023397,-0.207910,0.355010,-0.159520
2.537109,-1.127705,0.067626,0.994960,0.861865,-1.113517,1.080183,-0.343529,-0.003724,-0.652307,0.680092,0.451661,-0.617567,0.755661,-0.105555,-0.845137,-0.462036,0.474833,-2.323728,-0.383295,2.217764,0.638949,-0.385070,0.137303,0.209873,0.021376,-0.206094,0.356423,-0.157580
2.538004,-1.128088,0.064274,0.997913,0.861626,-1.112816,1.080501,-0.342258,0.018243,-0.668297,0.705246,0.457761,-0.616981,0.758036,-0.105449,-0.845521,-0.461908,0.475037,-2.323708,-0.383500,2.218115,0.638797,-0.383722,0.133910,0.208919,0.021440,-0.206784,0.354629,-0.154921
2.538959,-1.125039,0.064036,0.996558,0.860504,-1.113547,1.080248,-0.343013,0.037145,-0.680529,0.727163,0.463135,-0.616355,0.760268,-0.105296,-0.845903,-0.461767,0.475243,-2.323684,-0.383712,2.218470,0.638637,-0.383057,0.135356,0.207343,0.021745,-0.207269,0.354078,-0.157352
2.540013,-1.128395,0.066763,0.994372,0.861492,-1.115025,1.081142,-0.342006,0.053356,-0.688496,0.746539,0.466565,-0.615692,0.762159,-0.105115,-0.846293,-0.461632,0.475453,-2.323660,-0.383919,2.218827,0.638486,-0.384293,0.135351,0.208040,0.022961,-0.206482,0.354202,-0.155703
2.541016,-1.125856,0.064366,0.997055,0.862967,-1.114225,1.081698,-0.343357,0.066212,-0.692466,0.762412,0.467672,-0.615021,0.763553,-0.104926,-0.846677,-0.461500,0.475662,-2.323640,-0.384123,2.219175,0.638324,-0.382791,0.134051,0.209428,0.022202,-0.205199,0.353427,-0.157669
2.542018,-1.130317,0.062204,1.000335,0.865372,-1.115531,1.079693,-0.344189,0.074925,-0.692739,0.773535,0.467413,-0.614356,0.764534,-0.104731,-0.847061,-0.461364,0.475866,-2.323623,-0.384330,2.219530,0.638173,-0.384071,0.135224,0.208257,0.021004,-0.206077,0.352850,-0.154849
2.543056,-1.127871,0.065615,1.000384,0.866878,-1.114115,1.079929,-0.343937,0.081596,-0.693112,0.781684,0.468912,-0.613664,0.765600,-0.104532,-0.847441,-0.461225,0.476066,-2.323607,-0.384535,2.219882,0.638021,-0.381831,0.136215,0.206873,0.018910,-0.204824,0.354873,-0.153118
2.544021,-1.127266,0.064298,0.999583,0.864459,-1.112377,1.082727,-0.343761,0.087765,-0.695534,0.788387,0.473978,-0.612939,0.767069,-0.104371,-0.847822,-0.461092,0.476274,-2.323591,-0.384743,2.220241,0.637863,-0.383265,0.134522,0.207116,0.017754,-0.206393,0.354645,-0.153566
2.544963,-1.126370,0.062220,0.997716,0.865322,-1.111229,1.081098,-0.342826,0.093308,-0.697727,0.793897,0.480900,-0.612229,0.768800,-0.104299,-0.848207,-0.460956,0.476484,-2.323565,-0.384956,2.220593,0.637711,-0.383356,0.135102,0.207555,0.020273,-0.208051,0.351731,-0.153822
2.546039,-1.121262,0.060852,0.999491,0.865913,-1.111714,1.080111,-0.343016,0.097715,-0.698271,0.797879,0.487380,-0.611613,0.770526,-0.104332,-0.848593,-0.460818,0.476692,-2.323547,-0.385168,2.220944,0.637553,-0.383472,0.135971,0.208480,0.019607,-0.209073,0.353277,-0.155575
2.546967,-1.123282,0.061596,1.002823,0.865640,-1.110196,1.080254,-0.341945,0.101796,-0.698935,0.800994,0.493724,-0.611109,0.772275,-0.104455,-0.848979,-0.460680,0.476900,-2.323529,-0.385378,2.221299,0.637399,-0.386350,0.136690,0.207936,0.019318,-0.208758,0.354393,-0.155131
2.547991,-1.117913,0.059500,1.000916,0.867204,-1.109402,1.080228,-0.341534,0.107672,-0.700845,0.805715,0.500350,-0.610674,0.774155,-0.104646,-0.849360,-0.460546,0.477103,-2.323508,-0.385596,2.221651,0.637234,-0.384972,0.136161,0.206270,0.019747,-0.210085,0.354077,-0.157133
2.548974,-1.117716,0.060406,1.003304,0.865150,-1.106480,1.078880,-0.340427,0.116055,-0.703762,0.813076,0.507109,-0.610280,0.776166,-0.104889,-0.849748,-0.460406,0.477309,-2.323493,-0.385808,2.222008,0.637076,-0.387729,0.137167,0.207494,0.018516,-0.210931,0.354117,-0.157853
2.549972,-1.119004,0.062860,1.003328,0.867225,-1.103577,1.077254,-0.340856,0.126674,-0.707464,0.822804,0.513709,-0.609919,0.778250,-0.105161,-0.850137,-0.460272,0.477515,-2.323469,-0.386024,2.222366,0.636910,-0.387633,0.136632,0.206402,0.020713,-0.213794,0.355395,-0.159943
2.551075,-1.125515,0.065443,1.005186,0.867131,-1.103346,1.078994,-0.340228,0.138096,-0.709618,0.833752,0.518460,-0.609623,0.780148,-0.105425,-0.850524,-0.460138,0.477720,-2.323453,-0.386243,2.222720,0.636751,-0.386896,0.135365,0.206591,0.018912,-0.216628,0.356994,-0.158947
2.552049,-1.120889,0.063753,1.004065,0.869711,-1.099414,1.079928,-0.338659,0.147172,-0.707117,0.842861,0.520297,-0.609449,0.781626,-0.105656,-0.850900,-0.460006,0.477925,-2.323433,-0.386463,2.223074,0.636587,-0.384164,0.134231,0.206108,0.019317,-0.216979,0.355422,-0.160158
2.553050,-1.121880,0.067932,0.997240,0.870090,-1.098120,1.078827,-0.338187,0.152421,-0.700310,0.848295,0.520498,-0.609418,0.782803,-0.105851,-0.851290,-0.459869,0.478134,-2.323420,-0.386693,2.223427,0.636419,-0.386296,0.134992,0.206747,0.017079,-0.220711,0.354419,-0.163162
2.554052,-1.126728,0.064606,0.997738,0.869649,-1.094979,1.077392,-0.337402,0.153532,-0.691106,0.849102,0.520972,-0.609517,0.783885,-0.106005,-0.851672,-0.459740,0.478350,-2.323404,-0.386916,2.223779,0.636254,-0.385763,0.132905,0.210244,0.017032,-0.221874,0.355530,-0.163958
2.555118,-1.129358,0.064709,1.000043,0.870006,-1.092592,1.077063,-0.336760,0.148206,-0.679131,0.842524,0.521275,-0.609791,0.784656,-0.106121,-0.852053,-0.459604,0.478560,-2.323386,-0.387148,2.224139,0.636087,-0.383335,0.134559,0.210094,0.017752,-0.224836,0.356918,-0.165397
2.556061,-1.129975,0.065758,0.994263,0.872163,-1.091784,1.076166,-0.335460,0.135923,-0.664856,0.828271,0.520352,-0.610274,0.784922,-0.106211,-0.852439,-0.459470,0.478765,-2.323367,-0.387379,2.224492,0.635913,-0.382285,0.134566,0.209287,0.017671,-0.227177,0.357357,-0.166553
2.556992,-1.129738,0.067455,0.998719,0.871172,-1.090077,1.072928,-0.335619,0.117957,-0.649744,0.807855,0.518860,-0.610920,0.784838,-0.106292,-0.852817,-0.459338,0.478982,-2.323354,-0.387611,2.224856,0.635740,-0.381763,0.133932,0.212110,0.015845,-0.227649,0.358055,-0.168976
2.558016,-1.129750,0.068491,0.998713,0.871563,-1.087605,1.074291,-0.333825,0.095246,-0.633261,0.782536,0.516768,-0.611699,0.784480,-0.106371,-0.853202,-0.459206,0.479191,-2.323336,-0.387844,2.225223,0.635570,-0.381521,0.132965,0.209791,0.017082,-0.229007,0.361069,-0.168441
2.559012,-1.130059,0.067195,0.988902,0.872249,-1.087757,1.073586,-0.334764,0.043479,-0.593288,0.727836,0.506469,-0.613552,0.782846,-0.106499,-0.853968,-0.458942,0.479622,-2.323305,-0.388312,2.225941,0.635229,-0.381402,0.133130,0.214937,0.016655,-0.230920,0.360324,-0.169848
2.560031,-1.125355,0.063783,0.991448,0.871195,-1.084355,1.070761,-0.332710,0.043479,-0.593288,0.727836,0.506469,-0.613552,0.782846,-0.106499,-0.853968,-0.458942,0.479622,-2.323305,-0.388312,2.225941,0.635229,-0.381402,0.133130,0.214937,0.016655,-0.230920,0.360324,-0.169848
2.561218,-1.124408,0.066442,0.992723,0.873578,-1.084383,1.071789,-0.332330,0.014402,-0.573080,0.697226,0.499993,-0.614524,0.781609,-0.106547,-0.854358,-0.458804,0.479834,-2.323285,-0.388553,2.226304,0.635046,-0.383767,0.134795,0.213754,0.017954,-0.234115,0.363137,-0.173826
2.562031,-1.120713,0.066659,0.992237,0.871282,-1.079829,1.069462,-0.331345,-0.013291,-0.556421,0.667772,0.494316,-0.615401,0.780332,-0.106584,-0.854744,-0.458671,0.480047,-2.323273,-0.388786,2.226666,0.634870,-0.385032,0.133718,0.213719,0.016074,-0.234247,0.362394,-0.174483
2.563029,-1.123376,0.065416,0.993312,0.872902,-1.079681,1.068391,-0.330274,-0.036706,-0.542790,0.643171,0.489179,-0.616126,0.779161,-0.106609,-0.855134,-0.458539,0.480262,-2.323249,-0.389030,2.227038,0.634693,-0.385913,0.133313,0.213531,0.018411,-0.238114,0.364223,-0.176185
2.563989,-1.126453,0.067408,0.990870,0.874126,-1.081868,1.067592,-0.330238,-0.056383,-0.530232,0.623289,0.483265,-0.616728,0.777935,-0.106624,-0.855516,-0.458403,0.480474,-2.323236,-0.389267,2.227406,0.634506,-0.384535,0.133890,0.213082,0.017143,-0.237979,0.365174,-0.178114
2.565027,-1.125283,0.068486,0.990295,0.874098,-1.078293,1.070027,-0.329932,-0.074787,-0.518115,0.605349,0.476918,-0.617242,0.776578,-0.106642,-0.855892,-0.458272,0.480692,-2.323220,-0.389500,2.227775,0.634328,-0.382883,0.132820,0.214247,0.016208,-0.235476,0.365776,-0.177965
2.566121,-1.128986,0.072705,0.989971,0.875207,-1.077483,1.069089,-0.330583,-0.094459,-0.505424,0.586424,0.470781,-0.617695,0.775106,-0.106663,-0.856276,-0.458141,0.480910,-2.323203,-0.389746,2.228138,0.634147,-0.383626,0.132359,0.214651,0.016576,-0.238849,0.363314,-0.178410
2.567010,-1.125998,0.068491,0.985052,0.874947,-1.077922,1.065156,-0.328398,-0.116305,-0.490327,0.565731,0.464231,-0.618118,0.773495,-0.106668,-0.856653,-0.458013,0.481121,-2.323190,-0.389985,2.228502,0.633974,-0.382239,0.130422,0.215174,0.015884,-0.239569,0.364398,-0.176984
2.567997,-1.124808,0.069991,0.977453,0.875082,-1.076132,1.065760,-0.328477,-0.140894,-0.472542,0.542611,0.456951,-0.618561,0.771668,-0.106653,-0.857037,-0.457878,0.481345,-2.323174,-0.390225,2.228878,0.633784,-0.383214,0.132347,0.217319,0.016394,-0.238601,0.367975,-0.181123
2.569075,-1.127142,0.073131,0.980873,0.876175,-1.079178,1.065634,-0.327491,-0.169091,-0.453791,0.515459,0.449402,-0.619073,0.769540,-0.106622,-0.857423,-0.457747,0.481571,-2.323158,-0.390465,2.229244,0.633601,-0.383685,0.131553,0.221032,0.016559,-0.240110,0.367206,-0.180710
2.570058,-1.132289,0.075587,0.981309,0.876563,-1.080731,1.064221,-0.327429,-0.201017,-0.434102,0.483872,0.441639,-0.619643,0.767113,-0.106564,-0.857802,-0.457619,0.481788,-2.323144,-0.390698,2.229610,0.633418,-0.382896,0.130138,0.219519,0.015876,-0.236971,0.367410,-0.182545
2.570995,-1.130618,0.072638,0.980285,0.876577,-1.079859,1.065166,-0.328990,-0.235695,-0.411570,0.449544,0.432863,-0.620231,0.764418,-0.106459,-0.858180,-0.457493,0.482009,-2.323126,-0.390932,2.229984,0.633235,-0.380265,0.128951,0.219263,0.015758,-0.235178,0.368656,-0.182444
2.572009,-1.131868,0.077457,0.978667,0.877788,-1.080754,1.064030,-0.329301,-0.271843,-0.386542,0.414210,0.423012,-0.620800,0.761548,-0.106286,-0.858565,-0.457359,0.482229,-2.323110,-0.391169,2.230349,0.633064,-0.380792,0.130326,0.219618,0.016010,-0.235692,0.367464,-0.179102
2.573004,-1.130375,0.073748,0.981321,0.877621,-1.082814,1.065595,-0.330360,-0.308155,-0.360802,0.379046,0.412927,-0.621299,0.758661,-0.106039,-0.858942,-0.457237,0.482452,-2.323096,-0.391403,2.230717,0.632884,-0.380271,0.128014,0.220437,0.015175,-0.234594,0.368542,-0.178326
2.574005,-1.134495,0.075038,0.978232,0.878954,-1.083865,1.066736,-0.328933,-0.342808,-0.335604,0.345870,0.403260,-0.621672,0.755871,-0.105730,-0.859327,-0.457103,0.482666,-2.323081,-0.391633,2.231074,0.632712,-0.380964,0.129876,0.219158,0.015671,-0.232342,0.366902,-0.176035
2.575064,-1.137588,0.076491,0.974661,0.879985,-1.082348,1.070043,-0.330271,-0.374452,-0.312893,0.315819,0.394993,-0.621895,0.753275,-0.105381,-0.859700,-0.456975,0.482889,-2.323068,-0.391859,2.231439,0.632528,-0.378976,0.129243,0.220695,0.014706,-0.231168,0.365677,-0.178736
2.576004,-1.135209,0.078399,0.972288,0.879952,-1.081465,1.072117,-0.329335,-0.404957,-0.292852,0.286342,0.388958,-0.621998,0.750852,-0.105015,-0.860079,-0.456849,0.483119,-2.323054,-0.392094,2.231798,0.632358,-0.377738,0.128678,0.222533,0.014082,-0.232604,0.362424,-0.175890
2.576968,-1.137165,0.080224,0.972592,0.877435,-1.081945,1.071368,-0.330082,-0.436248,-0.273739,0.255171,0.384852,-0.622021,0.748535,-0.104644,-0.860461,-0.456723,0.483346,-2.323038,-0.392323,2.232154,0.632178,-0.378666,0.127696,0.223474,0.014410,-0.233185,0.360201,-0.177585
2.578020,-1.132161,0.076044,0.976132,0.878665,-1.081988,1.073065,-0.330318,-0.467536,-0.253325,0.223738,0.380225,-0.622040,0.746161,-0.104285,-0.860831,-0.456598,0.483569,-2.323015,-0.392555,2.232518,0.632000,-0.377643,0.126798,0.223179,0.017072,-0.232424,0.360816,-0.175862
2.578977,-1.135268,0.075742,0.972280,0.878608,-1.083757,1.074020,-0.330342,-0.495567,-0.232111,0.196128,0.373509,-0.622122,0.743758,-0.103955,-0.861216,-0.456465,0.483789,-2.323001,-0.392787,2.232871,0.631827,-0.380379,0.128981,0.221540,0.016193,-0.232300,0.359193,-0.175268
2.579992,-1.136301,0.075502,0.974455,0.877981,-1.083448,1.075946,-0.330448,-0.517112,-0.214397,0.175421,0.366844,-0.622251,0.741736,-0.103673,-0.861587,-0.456336,0.484015,-2.322983,-0.393010,2.233226,0.631657,-0.378702,0.129076,0.223319,0.016507,-0.230314,0.358125,-0.175054
2.581048,-1.139755,0.074198,0.980775,0.881103,-1.081915,1.077600,-0.329675,-0.533079,-0.201238,0.160184,0.361206,-0.622444,0.740115,-0.103457,-0.861965,-0.456208,0.484236,-2.322965,-0.393238,2.233581,0.631483,-0.378311,0.129269,0.222231,0.017402,-0.230518,0.356189,-0.174682
2.582037,-1.135343,0.076081,0.978642,0.880301,-1.083016,1.077218,-0.330315,-0.543762,-0.192412,0.150126,0.357035,-0.622681,0.738900,-0.103309,-0.862342,-0.456078,0.484448,-2.322954,-0.393468,2.233930,0.631302,-0.376878,0.130034,0.219304,0.014729,-0.232000,0.354669,-0.176086
2.582957,-1.135460,0.076357,0.978026,0.879748,-1.084797,1.075700,-0.329769,-0.547539,-0.188724,0.147016,0.355647,-0.622852,0.738335,-0.103228,-0.862724,-0.455951,0.484671,-2.322934,-0.393694,2.234285,0.631131,-0.379068,0.129104,0.220352,0.015781,-0.230713,0.355015,-0.174619
2.583984,-1.139654,0.079925,0.982012,0.880016,-1.084809,1.076264,-0.329800,-0.545303,-0.187970,0.150051,0.355356,-0.622926,0.738162,-0.103204,-0.863104,-0.455825,0.484895,-2.322918,-0.393920,2.234644,0.630952,-0.378623,0.128910,0.220401,0.016572,-0.228615,0.356325,-0.175509
2.584989,-1.137791,0.080698,0.977218,0.880505,-1.086785,1.080565,-0.329390,-0.539504,-0.186482,0.157042,0.353278,-0.622916,0.737890,-0.103214,-0.863476,-0.455701,0.485106,-2.322899,-0.394147,2.234997,0.630778,-0.376748,0.127247,0.218568,0.016563,-0.228538,0.355783,-0.175287
2.586052,-1.136094,0.081150,0.983223,0.879421,-1.088274,1.082571,-0.330293,-0.532279,-0.182320,0.165855,0.348799,-0.622785,0.737341,-0.103242,-0.863860,-0.455575,0.485333,-2.322881,-0.394370,2.235346,0.630599,-0.377696,0.126947,0.220943,0.016354,-0.226447,0.351463,-0.175932
2.587113,-1.138680,0.081778,0.986851,0.883349,-1.087447,1.082593,-0.329671,-0.523480,-0.176329,0.176419,0.342757,-0.622476,0.736640,-0.103269,-0.864242,-0.455451,0.485544,-2.322862,-0.394587,2.235686,0.630428,-0.378820,0.126915,0.218166,0.017733,-0.225051,0.349671,-0.173986
2.588016,-1.136034,0.082238,0.983418,0.881462,-1.091062,1.082299,-0.328257,-0.510582,-0.171215,0.191334,0.336939,-0.621926,0.736138,-0.103273,-0.864618,-0.455323,0.485758,-2.322855,-0.394815,2.236036,0.630255,-0.377854,0.126737,0.216602,0.014329,-0.225867,0.349801,-0.175134
2.588987,-1.133112,0.081379,0.984536,0.880782,-1.092224,1.083432,-0.328085,-0.493439,-0.168541,0.210529,0.332924,-0.621135,0.736024,-0.103263,-0.865001,-0.455199,0.485979,-2.322833,-0.395034,2.236389,0.630071,-0.378734,0.126441,0.218090,0.016376,-0.221940,0.349877,-0.177720
2.590104,-1.134439,0.080039,0.985355,0.882338,-1.092178,1.083831,-0.327864,-0.473936,-0.167678,0.231811,0.329595,-0.620220,0.736073,-0.103236,-0.865384,-0.455073,0.486191,-2.322814,-0.395249,2.236730,0.629895,-0.380045,0.126904,0.217538,0.017272,-0.220709,0.348726,-0.177851
2.591102,-1.132722,0.079798,0.989620,0.883434,-1.096366,1.082916,-0.327291,-0.452403,-0.169331,0.254633,0.326561,-0.619275,0.736268,-0.103160,-0.865759,-0.454946,0.486408,-2.322800,-0.395470,2.237079,0.629718,-0.379975,0.127816,0.217488,0.016134,-0.220931,0.348587,-0.178182
2.592004,-1.133229,0.079419,0.989051,0.884344,-1.094245,1.085826,-0.327414,-0.428144,-0.175749,0.279440,0.325733,-0.618320,0.736910,-0.103017,-0.866141,-0.454818,0.486622,-2.322784,-0.395682,2.237427,0.629535,-0.380826,0.127967,0.215402,0.015345,-0.216703,0.349524,-0.179136
2.592998,-1.129819,0.078028,0.996866,0.882917,-1.095539,1.089193,-0.327675,-0.400991,-0.187515,0.306447,0.328149,-0.617354,0.738139,-0.102819,-0.866518,-0.454692,0.486836,-2.322769,-0.395901,2.237773,0.629358,-0.380160,0.128066,0.215530,0.014709,-0.218604,0.346395,-0.178649
2.593989,-1.127532,0.080623,0.995686,0.884187,-1.096879,1.090047,-0.325785,-0.370504,-0.203987,0.336529,0.333279,-0.616375,0.739911,-0.102584,-0.866903,-0.454562,0.487041,-2.322749,-0.396116,2.238110,0.629181,-0.381813,0.128779,0.211749,0.016377,-0.217238,0.343089,-0.177945
2.595071,-1.123660,0.080339,1.002686,0.883476,-1.096251,1.088743,-0.325171,-0.335642,-0.223893,0.371385,0.339688,-0.615380,0.742088,-0.102326,-0.867291,-0.454435,0.487254,-2.322737,-0.396329,2.238447,0.628993,-0.382837,0.127498,0.212450,0.015480,-0.215877,0.342325,-0.181540
2.596007,-1.124761,0.082235,0.999109,0.883750,-1.098476,1.089413,-0.325038,-0.296237,-0.245493,0.411574,0.346044,-0.614365,0.744482,-0.102059,-0.867677,-0.454306,0.487459,-2.322720,-0.396547,2.238795,0.628810,-0.385106,0.127813,0.209319,0.016555,-0.216648,0.343834,-0.182589
2.597018,-1.128999,0.082402,0.996940,0.884420,-1.100075,1.088990,-0.324001,-0.253826,-0.267067,0.455540,0.351101,-0.613347,0.746827,-0.101777,-0.868062,-0.454183,0.487673,-2.322705,-0.396757,2.239132,0.628628,-0.384172,0.126853,0.211059,0.016561,-0.214270,0.343086,-0.182614
2.598006,-1.131926,0.085260,0.995727,0.885162,-1.100069,1.089933,-0.324105,-0.213727,-0.286452,0.497130,0.354095,-0.612385,0.748727,-0.101497,-0.868437,-0.454056,0.487885,-2.322691,-0.396963,2.239478,0.628441,-0.382169,0.126851,0.212272,0.016266,-0.212767,0.343572,-0.184497
2.598986,-1.129837,0.084830,0.995839,0.886071,-1.100217,1.090653,-0.324730,-0.158692,-0.312732,0.551911,0.354673,-0.610820,0.750367,-0.101102,-0.869208,-0.453805,0.488310,-2.322663,-0.397385,2.240157,0.628075,-0.381540,0.125736,0.212912,0.015298,-0.212601,0.341958,-0.182592
2.600096,-1.131273,0.086199,0.999341,0.886144,-1.100060,1.093196,-0.324960,-0.158692,-0.312732,0.551911,0.354673,-0.610820,0.750367,-0.101102,-0.869208,-0.453805,0.488310,-2.322663,-0.397385,2.240157,0.628075,-0.381540,0.125736,0.212912,0.015298,-0.212601,0.341958,-0.182592
2.600984,-1.126917,0.085275,0.999042,0.888302,-1.101057,1.095209,-0.323770,-0.141718,-0.321277,0.567336,0.353933,-0.610208,0.750512,-0.101015,-0.869589,-0.453679,0.488520,-2.322647,-0.397598,2.240491,0.627896,-0.381314,0.125277,0.211562,0.015627,-0.212994,0.339729,-0.182014
2.601965,-1.130678,0.079906,1.000055,0.888089,-1.104007,1.094266,-0.323913,-0.127014,-0.329773,0.580029,0.354221,-0.609653,0.750739,-0.100997,-0.869978,-0.453553,0.488734,-2.322637,-0.397807,2.240827,0.627706,-0.382902,0.125638,0.211513,0.013833,-0.211776,0.337568,-0.184136
2.603041,-1.124818,0.082951,1.001565,0.889171,-1.105403,1.092169,-0.323579,-0.112589,-0.341518,0.591766,0.357457,-0.609100,0.751382,-0.101027,-0.870359,-0.453420,0.488941,-2.322621,-0.398007,2.241167,0.627527,-0.380903,0.128302,0.211113,0.014378,-0.208884,0.338561,-0.183626
2.604060,-1.125992,0.080997,1.002987,0.887719,-1.105179,1.090507,-0.323365,-0.097702,-0.358220,0.603203,0.363920,-0.608536,0.752471,-0.101065,-0.870746,-0.453296,0.489152,-2.322608,-0.398213,2.241513,0.627340,-0.384166,0.126949,0.210673,0.013705,-0.207737,0.340860,-0.184132
2.605029,-1.123070,0.078887,1.001043,0.888768,-1.106784,1.091185,-0.324410,-0.081559,-0.378049,0.615759,0.371486,-0.607975,0.753778,-0.101070,-0.871128,-0.453167,0.489358,-2.322590,-0.398421,2.241853,0.627154,-0.383614,0.128001,0.210182,0.015470,-0.208058,0.342616,-0.184356
2.606040,-1.117820,0.076973,1.000142,0.889568,-1.106668,1.091776,-0.324655,-0.064456,-0.399754,0.629371,0.378749,-0.607437,0.755087,-0.101005,-0.871511,-0.453035,0.489571,-2.322577,-0.398623,2.242196,0.626977,-0.384929,0.129005,0.211181,0.014749,-0.206465,0.341894,-0.182047
2.607060,-1.116350,0.076094,0.999680,0.889468,-1.106957,1.093501,-0.324818,-0.046598,-0.424767,0.643388,0.386977,-0.606923,0.756501,-0.100854,-0.871909,-0.452904,0.489785,-2.322563,-0.398829,2.242539,0.626797,-0.387427,0.129991,0.211733,0.014326,-0.206690,0.341374,-0.181390
2.608082,-1.118368,0.078532,1.001530,0.890547,-1.108072,1.093582,-0.323969,-0.027412,-0.454037,0.658186,0.397385,-0.606436,0.758203,-0.100623,-0.872296,-0.452773,0.489995,-2.322548,-0.399033,2.242874,0.626618,-0.388167,0.130452,0.212133,0.014790,-0.206524,0.339769,-0.180894
2.609006,-1.120456,0.079939,1.000983,0.892264,-1.106776,1.090029,-0.325011,-0.007823,-0.485350,0.673184,0.408997,-0.606038,0.760085,-0.100320,-0.872674,-0.452646,0.490207,-2.322535,-0.399238,2.243215,0.626434,-0.387274,0.129305,0.211365,0.014102,-0.205523,0.339804,-0.182421
2.610107,-1.120645,0.080052,0.999803,0.892263,-1.105223,1.089020,-0.324249,0.009657,-0.514884,0.686317,0.420340,-0.605808,0.761911,-0.099962,-0.873058,-0.452519,0.490420,-2.322524,-0.399448,2.243558,0.626257,-0.385842,0.128543,0.211528,0.012760,-0.206701,0.343273,-0.180085
2.611073,-1.121896,0.079633,1.002724,0.893247,-1.104505,1.085303,-0.325024,0.022733,-0.540355,0.695400,0.430571,-0.605790,0.763502,-0.099576,-0.873440,-0.452389,0.490634,-2.322510,-0.399659,2.243908,0.626075,-0.386224,0.128676,0.212476,0.013196,-0.208487,0.344479,-0.181503
2.611981,-1.120165,0.078527,1.004468,0.894592,-1.104185,1.084318,-0.325606,0.031222,-0.561737,0.700298,0.439237,-0.605986,0.764815,-0.099194,-0.873824,-0.452262,0.490841,-2.322499,-0.399873,2.244265,0.625898,-0.385394,0.128883,0.211069,0.012621,-0.209106,0.348107,-0.179729
2.613196,-1.121145,0.078158,1.002247,0.894811,-1.103470,1.083859,-0.326397,0.037109,-0.580533,0.703210,0.446831,-0.606360,0.765998,-0.098844,-0.874212,-0.452131,0.491048,-2.322489,-0.400081,2.244614,0.625722,-0.385767,0.129304,0.210118,0.011667,-0.209269,0.348875,-0.178346
2.614064,-1.123067,0.080954,1.001789,0.896143,-1.104315,1.084607,-0.325966,0.041851,-0.598425,0.705489,0.454341,-0.606858,0.767202,-0.098555,-0.874597,-0.452000,0.491263,-2.322475,-0.400294,2.244967,0.625551,-0.386225,0.129829,0.211890,0.011980,-0.210436,0.349772,-0.176723
2.615060,-1.122850,0.075349,1.005676,0.896675,-1.103185,1.084520,-0.325914,0.044373,-0.614813,0.705728,0.461667,-0.607444,0.768328,-0.098361,-0.874979,-0.451877,0.491477,-2.322465,-0.400506,2.245314,0.625372,-0.384629,0.128301,0.211823,0.010983,-0.209296,0.348747,-0.177357
2.616070,-1.119400,0.075179,1.006523,0.896144,-1.100077,1.083425,-0.326342,0.044619,-0.629642,0.703831,0.468971,-0.608070,0.769385,-0.098274,-0.875361,-0.451739,0.491684,-2.322454,-0.400715,2.245659,0.625192,-0.384724,0.131067,0.210020,0.010906,-0.210478,0.348867,-0.177263
2.616974,-1.117761,0.077041,1.003055,0.896777,-1.102665,1.083358,-0.325602,0.045754,-0.645608,0.703171,0.476985,-0.608657,0.770587,-0.098277,-0.875751,-0.451610,0.491895,-2.322440,-0.400930,2.246014,0.625017,-0.386400,0.131169,0.209746,0.011815,-0.213588,0.349968,-0.176236
2.618069,-1.122129,0.074080,1.010182,0.897807,-1.104671,1.080359,-0.326189,0.048998,-0.662484,0.705120,0.484774,-0.609156,0.771876,-0.098342,-0.876145,-0.451484,0.492108,-2.322432,-0.401140,2.246365,0.624835,-0.386622,0.130138,0.211333,0.011600,-0.210771,0.349813,-0.177490
2.619055,-1.120342,0.073136,1.012396,0.897423,-1.103110,1.078624,-0.325822,0.053179,-0.678465,0.708510,0.491395,-0.609559,0.773068,-0.098452,-0.876525,-0.451347,0.492311,-2.322421,-0.401347,2.246730,0.624663,-0.384867,0.131736,0.208186,0.011062,-0.209021,0.352960,-0.176188
2.619996,-1.119180,0.074493,1.008571,0.899112,-1.103241,1.078338,-0.326341,0.058986,-0.694383,0.714252,0.497050,-0.609875,0.774149,-0.098586,-0.876917,-0.451217,0.492517,-2.322406,-0.401563,2.247091,0.624483,-0.385590,0.132192,0.207241,0.011804,-0.210549,0.354581,-0.176747
2.621095,-1.120221,0.077197,1.006068,0.898949,-1.102560,1.080067,-0.325153,0.066472,-0.710329,0.722404,0.501847,-0.610131,0.775085,-0.098731,-0.877309,-0.451087,0.492728,-2.322398,-0.401767,2.247447,0.624313,-0.385775,0.131424,0.209131,0.010549,-0.210364,0.354700,-0.175510
2.622129,-1.124012,0.082655,1.007182,0.899966,-1.101564,1.081707,-0.325125,0.072621,-0.723976,0.729406,0.505530,-0.610376,0.775704,-0.098889,-0.877693,-0.450963,0.492942,-2.322386,-0.401982,2.247800,0.624134,-0.385669,0.130308,0.210727,0.011209,-0.211240,0.353142,-0.177790
2.622963,-1.119085,0.081142,1.006617,0.900832,-1.101270,1.080016,-0.324061,0.074239,-0.731611,0.731975,0.506848,-0.610673,0.775757,-0.099063,-0.878075,-0.450840,0.493151,-2.322374,-0.402200,2.248146,0.623956,-0.383897,0.127722,0.210371,0.010620,-0.212252,0.351599,-0.177660
2.624059,-1.123018,0.079780,1.001995,0.898599,-1.101978,1.080671,-0.323152,0.071151,-0.731808,0.730303,0.505336,-0.611043,0.775253,-0.099262,-0.878461,-0.450709,0.493362,-2.322365,-0.402413,2.248504,0.623774,-0.385574,0.128261,0.210337,0.010113,-0.212171,0.352924,-0.179526
2.625000,-1.118110,0.083521,1.002902,0.900559,-1.103255,1.077788,-0.322449,0.064242,-0.726864,0.725106,0.501547,-0.611495,0.774321,-0.099505,-0.878843,-0.450582,0.493580,-2.322347,-0.402625,2.248861,0.623589,-0.384017,0.129143,0.212955,0.012703,-0.211664,0.352411,-0.181186
2.626055,-1.119387,0.080117,1.009232,0.901309,-1.102868,1.074494,-0.323502,0.053353,-0.718196,0.715951,0.495232,-0.612050,0.772949,-0.099788,-0.879234,-0.450456,0.493790,-2.322339,-0.402832,2.249220,0.623402,-0.386115,0.127217,0.212436,0.011181,-0.210315,0.355152,-0.182337
2.627109,-1.119095,0.086826,1.008483,0.901929,-1.103334,1.075376,-0.322704,0.041193,-0.707566,0.705930,0.487391,-0.612651,0.771432,-0.100062,-0.879614,-0.450321,0.493994,-2.322329,-0.403045,2.249584,0.623227,-0.385714,0.129006,0.209587,0.010929,-0.210826,0.358485,-0.180058
2.628092,-1.118333,0.083170,1.005462,0.902437,-1.102734,1.075529,-0.321940,0.030670,-0.696562,0.698499,0.479220,-0.613200,0.770056,-0.100284,-0.880001,-0.450204,0.494206,-2.322316,-0.403255,2.249939,0.623043,-0.386050,0.125858,0.210246,0.010742,-0.210494,0.357648,-0.181518
2.628966,-1.113533,0.082068,1.004070,0.901038,-1.103823,1.077884,-0.322233,0.020596,-0.684575,0.692245,0.470857,-0.613633,0.768708,-0.100453,-0.880383,-0.450073,0.494419,-2.322305,-0.403466,2.250298,0.622862,-0.386343,0.127715,0.211818,0.010650,-0.211077,0.357409,-0.182844
2.630066,-1.120181,0.080010,1.004081,0.900395,-1.105974,1.076758,-0.321457,0.009950,-0.673131,0.685346,0.463124,-0.613914,0.767302,-0.100564,-0.880774,-0.449944,0.494632,-2.322289,-0.403675,2.250650,0.622680,-0.388064,0.128085,0.212257,0.012287,-0.209739,0.354759,-0.181972
2.631052,-1.124856,0.079502,1.005425,0.901400,-1.105222,1.078926,-0.321460,-0.001721,-0.663672,0.676962,0.455849,-0.614087,0.765671,-0.100616,-0.881158,-0.449812,0.494844,-2.322274,-0.403874,2.251004,0.622493,-0.385120,0.129267,0.212616,0.013348,-0.207926,0.356112,-0.183385
2.632022,-1.124033,0.083265,1.006814,0.900312,-1.107336,1.078872,-0.321204,-0.016517,-0.655618,0.664887,0.448467,-0.614255,0.763608,-0.100635,-0.881532,-0.449680,0.495057,-2.322262,-0.404083,2.251356,0.622308,-0.382808,0.129490,0.211985,0.012724,-0.208707,0.353865,-0.183148
2.633148,-1.122975,0.088657,1.002901,0.901938,-1.105711,1.080863,-0.322183,-0.035324,-0.647239,0.648588,0.440495,-0.614513,0.761098,-0.100638,-0.881918,-0.449557,0.495270,-2.322246,-0.404288,2.251711,0.622125,-0.383059,0.127633,0.211296,0.014116,-0.206575,0.353851,-0.183451
2.634031,-1.132170,0.090291,1.004842,0.901604,-1.104900,1.082436,-0.321571,-0.057663,-0.635080,0.629207,0.430553,-0.614917,0.758163,-0.100629,-0.882299,-0.449434,0.495487,-2.322235,-0.404498,2.252058,0.621949,-0.384179,0.125239,0.213661,0.012995,-0.208528,0.352128,-0.181363
2.635040,-1.133884,0.090135,1.007254,0.901954,-1.103167,1.082505,-0.320693,-0.117484,-0.591074,0.576642,0.403262,-0.616302,0.751128,-0.100688,-0.883052,-0.449186,0.495908,-2.322210,-0.404923,2.252752,0.621575,-0.378315,0.124533,0.211407,0.013698,-0.210836,0.350316,-0.183892
2.636019,-1.129506,0.091943,1.000310,0.901037,-1.103634,1.084611,-0.319414,-0.117484,-0.591074,0.576642,0.403262,-0.616302,0.751128,-0.100688,-0.883052,-0.449186,0.495908,-2.322210,-0.404923,2.252752,0.621575,-0.378315,0.124533,0.211407,0.013698,-0.210836,0.350316,-0.183892
2.637089,-1.132248,0.086808,0.996348,0.901718,-1.104715,1.085140,-0.319129,-0.154204,-0.561456,0.544043,0.386875,-0.617302,0.747233,-0.100797,-0.883436,-0.449062,0.496130,-2.322193,-0.405131,2.253097,0.621387,-0.380405,0.123673,0.214842,0.014898,-0.210347,0.348172,-0.186226
2.637979,-1.132061,0.086342,0.994584,0.903016,-1.104192,1.084038,-0.319399,-0.193712,-0.531037,0.507976,0.370598,-0.618457,0.743321,-0.100960,-0.883813,-0.448932,0.496355,-2.322179,-0.405341,2.253447,0.621200,-0.379376,0.126405,0.216938,0.014626,-0.209429,0.347809,-0.186598
2.639071,-1.129578,0.088298,0.992718,0.901562,-1.102330,1.081105,-0.318880,-0.235388,-0.504159,0.467868,0.357166,-0.619702,0.739658,-0.101156,-0.884194,-0.448803,0.496572,-2.322166,-0.405549,2.253798,0.621015,-0.378982,0.126468,0.217556,0.013621,-0.209774,0.348694,-0.185782
2.640017,-1.125149,0.089439,0.992207,0.901523,-1.100726,1.080388,-0.320256,-0.277617,-0.481555,0.425402,0.346846,-0.620973,0.736332,-0.101357,-0.884573,-0.448677,0.496794,-2.322148,-0.405764,2.254156,0.620826,-0.380685,0.125697,0.218724,0.015429,-0.211826,0.351794,-0.186662
2.640985,-1.129302,0.089797,0.995865,0.904941,-1.099291,1.082317,-0.320195,-0.317899,-0.460643,0.384107,0.337088,-0.622233,0.733160,-0.101530,-0.884959,-0.448554,0.497014,-2.322132,-0.405985,2.254505,0.620647,-0.382599,0.125144,0.218832,0.015726,-0.213227,0.352381,-0.183658
2.642013,-1.125622,0.092136,0.993279,0.902483,-1.097042,1.084045,-0.320894,-0.353590,-0.441172,0.347215,0.328137,-0.623417,0.730291,-0.101641,-0.885330,-0.448429,0.497227,-2.322125,-0.406203,2.254853,0.620465,-0.380458,0.124997,0.216990,0.012795,-0.214532,0.350369,-0.183599
2.642965,-1.130743,0.092732,0.988335,0.901593,-1.095028,1.084765,-0.320529,-0.383669,-0.423475,0.315937,0.321310,-0.624468,0.727948,-0.101674,-0.885714,-0.448307,0.497449,-2.322105,-0.406425,2.255201,0.620285,-0.382431,0.123977,0.218372,0.015543,-0.216751,0.348717,-0.182009
2.643999,-1.131029,0.090934,0.981760,0.901741,-1.093022,1.084380,-0.320825,-0.410600,-0.404798,0.287914,0.314383,-0.625454,0.725754,-0.101633,-0.886093,-0.448184,0.497672,-2.322086,-0.406645,2.255545,0.620100,-0.379635,0.123710,0.220700,0.016634,-0.218586,0.347946,-0.182531
2.645008,-1.139885,0.094086,0.985148,0.903742,-1.090291,1.085539,-0.321191,-0.438919,-0.383402,0.257946,0.305823,-0.626471,0.723279,-0.101548,-0.886469,-0.448054,0.497901,-2.322070,-0.406869,2.255897,0.619924,-0.379744,0.124696,0.223975,0.016801,-0.220549,0.348402,-0.181773
2.645990,-1.135976,0.095229,0.980521,0.904642,-1.087086,1.081972,-0.321596,-0.470824,-0.360161,0.223156,0.297095,-0.627527,0.720617,-0.101445,-0.886838,-0.447934,0.498122,-2.322059,-0.407098,2.256247,0.619744,-0.375454,0.123241,0.222254,0.015219,-0.223138,0.347248,-0.180855
2.647027,-1.137751,0.091799,0.980279,0.903498,-1.087353,1.079304,-0.323430,-0.505340,-0.335432,0.184773,0.289593,-0.628595,0.718096,-0.101334,-0.887216,-0.447813,0.498351,-2.322044,-0.407333,2.256602,0.619568,-0.377437,0.122781,0.224457,0.014664,-0.226080,0.350796,-0.179861
2.648016,-1.140721,0.088387,0.981743,0.905205,-1.087776,1.078932,-0.322791,-0.540075,-0.310521,0.145548,0.283632,-0.629692,0.715916,-0.101211,-0.887595,-0.447686,0.498577,-2.322026,-0.407561,2.256962,0.619400,-0.376710,0.124628,0.224586,0.016109,-0.225701,0.353474,-0.176047
2.649020,-1.140137,0.090685,0.984718,0.906221,-1.085256,1.080920,-0.323557,-0.572409,-0.288943,0.108106,0.279928,-0.630843,0.714220,-0.101086,-0.887971,-0.447556,0.498797,-2.322013,-0.407782,2.257313,0.619222,-0.375230,0.126331,0.223816,0.014761,-0.225169,0.353793,-0.177189
2.649977,-1.137393,0.086118,0.983221,0.905044,-1.081267,1.083056,-0.324083,-0.599715,-0.273112,0.075251,0.279966,-0.632017,0.713269,-0.100980,-0.888346,-0.447431,0.499015,-2.322001,-0.408014,2.257659,0.619051,-0.375639,0.125244,0.222363,0.014162,-0.227527,0.351821,-0.175480
2.651075,-1.134779,0.090939,0.981123,0.905356,-1.080526,1.081443,-0.324647,-0.619511,-0.263280,0.049866,0.284035,-0.633142,0.713219,-0.100886,-0.888727,-0.447302,0.499240,-2.321982,-0.408252,2.258006,0.618876,-0.376827,0.127515,0.222967,0.015569,-0.231181,0.349610,-0.174242
2.652114,-1.135812,0.091519,0.988937,0.905057,-1.081675,1.082170,-0.324399,-0.631295,-0.258191,0.032634,0.290639,-0.634167,0.713893,-0.100778,-0.889111,-0.447181,0.499465,-2.321966,-0.408486,2.258357,0.618706,-0.378556,0.125351,0.224233,0.015633,-0.231882,0.351466,-0.173021
2.653168,-1.134522,0.093735,0.986423,0.905860,-1.079535,1.082961,-0.325580,-0.635383,-0.254688,0.023808,0.297360,-0.635063,0.714973,-0.100646,-0.889486,-0.447059,0.499682,-2.321949,-0.408717,2.258710,0.618534,-0.378263,0.125255,0.220420,0.016237,-0.230604,0.350775,-0.173395
2.654050,-1.138408,0.093213,0.983418,0.906552,-1.079535,1.082805,-0.325924,-0.631706,-0.250599,0.024142,0.302839,-0.635798,0.716311,-0.100486,-0.889867,-0.446938,0.499905,-2.321937,-0.408957,2.259055,0.618366,-0.379180,0.124348,0.221840,0.015876,-0.232615,0.350131,-0.170894
2.655085,-1.133998,0.095194,0.988409,0.908150,-1.077678,1.085245,-0.326560,-0.623332,-0.245369,0.030062,0.307464,-0.636358,0.717779,-0.100314,-0.890241,-0.446814,0.500132,-2.321922,-0.409191,2.259406,0.618199,-0.376750,0.124522,0.222946,0.015449,-0.232127,0.350042,-0.170024
2.656004,-1.135620,0.093693,0.989868,0.906910,-1.077006,1.085530,-0.325891,-0.612722,-0.239406,0.038505,0.312433,-0.636741,0.719398,-0.100153,-0.890621,-0.446693,0.500350,-2.321911,-0.409427,2.259755,0.618036,-0.379179,0.123706,0.220535,0.014288,-0.233839,0.347659,-0.168644
2.657081,-1.133953,0.094114,0.989762,0.909039,-1.076512,1.087098,-0.326236,-0.598147,-0.233982,0.051583,0.318337,-0.636961,0.721371,-0.100020,-0.890998,-0.446566,0.500565,-2.321892,-0.409660,2.260096,0.617861,-0.378006,0.124391,0.219672,0.015749,-0.234128,0.347280,-0.169799
2.658035,-1.136773,0.096060,0.987808,0.907443,-1.075763,1.086367,-0.325772,-0.579131,-0.230076,0.069928,0.325168,-0.637071,0.723720,-0.099936,-0.891375,-0.446439,0.500786,-2.321881,-0.409897,2.260438,0.617695,-0.379265,0.124354,0.219935,0.014075,-0.234530,0.345909,-0.168998
2.659083,-1.131565,0.098908,0.990504,0.910064,-1.076693,1.084110,-0.325442,-0.558201,-0.226993,0.090639,0.332400,-0.637137,0.726239,-0.099930,-0.891754,-0.446317,0.501008,-2.321863,-0.410134,2.260781,0.617524,-0.377651,0.123405,0.220773,0.015928,-0.234940,0.346611,-0.169768
2.660108,-1.132009,0.097801,0.993676,0.909338,-1.075401,1.083464,-0.324456,-0.537171,-0.222607,0.111896,0.338644,-0.637206,0.728694,-0.100014,-0.892138,-0.446197,0.501225,-2.321854,-0.410363,2.261138,0.617353,-0.380483,0.122196,0.219580,0.013782,-0.233933,0.348942,-0.170299
2.661122,-1.134113,0.096621,0.999491,0.910892,-1.074855,1.081910,-0.323984,-0.514474,-0.217181,0.135549,0.343806,-0.637268,0.731172,-0.100184,-0.892522,-0.446074,0.501442,-2.321837,-0.410596,2.261488,0.617176,-0.380307,0.122909,0.218099,0.014857,-0.235089,0.349628,-0.172121
2.661977,-1.131040,0.093565,1.000206,0.911763,-1.075386,1.083219,-0.323617,-0.488172,-0.213004,0.163668,0.348732,-0.637281,0.733839,-0.100428,-0.892905,-0.445948,0.501651,-2.321826,-0.410831,2.261838,0.617004,-0.379300,0.123591,0.215354,0.013735,-0.235433,0.351221,-0.172904
2.663087,-1.128191,0.090483,1.003168,0.911633,-1.078120,1.084159,-0.321970,-0.457714,-0.212711,0.196574,0.354893,-0.637194,0.736848,-0.100721,-0.893286,-0.445819,0.501862,-2.321813,-0.411062,2.262187,0.616832,-0.380198,0.124925,0.214741,0.013148,-0.234394,0.349585,-0.173404
2.664066,-1.121054,0.092306,1.002487,0.911062,-1.079044,1.083866,-0.322180,-0.422372,-0.219125,0.234564,0.363995,-0.636946,0.740396,-0.101034,-0.893674,-0.445690,0.502075,-2.321798,-0.411286,2.262537,0.616650,-0.382048,0.126673,0.213644,0.013698,-0.231751,0.348887,-0.176586
2.664999,-1.124715,0.091617,1.008294,0.911491,-1.079889,1.082689,-0.320075,-0.381709,-0.232354,0.278043,0.375444,-0.636535,0.744391,-0.101352,-0.894061,-0.445565,0.502285,-2.321781,-0.411516,2.262883,0.616474,-0.385459,0.125777,0.214065,0.014538,-0.230623,0.349172,-0.175949
2.666018,-1.122826,0.093640,1.005012,0.912216,-1.079893,1.082664,-0.319963,-0.336957,-0.249164,0.326170,0.386964,-0.636021,0.748484,-0.101668,-0.894443,-0.445438,0.502491,-2.321768,-0.411742,2.263237,0.616283,-0.383271,0.126081,0.211131,0.014459,-0.229507,0.350194,-0.179938
2.666993,-1.123045,0.092999,1.006377,0.912672,-1.081913,1.078911,-0.318414,-0.291512,-0.266103,0.375631,0.397139,-0.635474,0.752369,-0.101986,-0.894831,-0.445313,0.502704,-2.321754,-0.411968,2.263586,0.616100,-0.384248,0.125167,0.212945,0.014088,-0.229416,0.350251,-0.179932
2.668029,-1.121944,0.097246,1.006180,0.914216,-1.081440,1.077840,-0.318506,-0.248999,-0.281203,0.422399,0.405683,-0.634960,0.755876,-0.102309,-0.895211,-0.445187,0.502918,-2.321740,-0.412196,2.263951,0.615909,-0.384025,0.125524,0.212252,0.013992,-0.227162,0.353904,-0.182811
2.669122,-1.120905,0.092359,1.007176,0.914075,-1.083269,1.078012,-0.317202,-0.211259,-0.293171,0.464448,0.412486,-0.634559,0.758930,-0.102638,-0.895596,-0.445068,0.503132,-2.321729,-0.412427,2.264314,0.615731,-0.384710,0.123592,0.212544,0.012894,-0.227552,0.354950,-0.182436
2.670065,-1.120485,0.092249,1.012162,0.914603,-1.083181,1.077777,-0.316102,-0.178176,-0.302503,0.501798,0.418217,-0.634320,0.761645,-0.102960,-0.895985,-0.444936,0.503344,-2.321714,-0.412650,2.264669,0.615542,-0.385552,0.126214,0.212387,0.013461,-0.225791,0.354930,-0.184900
2.670980,-1.119785,0.090305,1.012921,0.916577,-1.082324,1.076328,-0.315373,-0.147789,-0.312105,0.536326,0.424187,-0.634253,0.764293,-0.103268,-0.896364,-0.444810,0.503548,-2.321700,-0.412874,2.265024,0.615351,-0.385524,0.126220,0.209918,0.013224,-0.225659,0.355020,-0.186831
2.672118,-1.118980,0.088727,1.015677,0.915323,-1.082569,1.072426,-0.313454,-0.118206,-0.324009,0.570036,0.431558,-0.634324,0.767121,-0.103556,-0.896749,-0.444680,0.503757,-2.321690,-0.413099,2.265380,0.615161,-0.385444,0.127091,0.209465,0.011639,-0.226211,0.356265,-0.188010
2.673133,-1.123820,0.091339,1.017900,0.916657,-1.084791,1.071361,-0.313787,-0.089093,-0.338530,0.603262,0.440507,-0.634475,0.770126,-0.103821,-0.897131,-0.444551,0.503962,-2.321673,-0.413325,2.265752,0.614966,-0.386485,0.128125,0.208636,0.013317,-0.226116,0.360361,-0.191697
2.674002,-1.120896,0.092426,1.016695,0.916508,-1.085785,1.067402,-0.313419,-0.061655,-0.353812,0.634943,0.449288,-0.634681,0.772972,-0.104058,-0.897512,-0.444430,0.504169,-2.321662,-0.413545,2.266120,0.614774,-0.384093,0.126944,0.207727,0.012400,-0.223825,0.361319,-0.190758
2.675067,-1.120162,0.094803,1.021886,0.916834,-1.087500,1.065789,-0.314469,-0.038297,-0.366197,0.662883,0.455895,-0.634924,0.775275,-0.104266,-0.897900,-0.444304,0.504376,-2.321647,-0.413765,2.266489,0.614580,-0.384914,0.126262,0.208152,0.012809,-0.222487,0.364912,-0.191194
2.676085,-1.123080,0.092915,1.020175,0.917396,-1.088336,1.067958,-0.312816,-0.019301,-0.373428,0.687098,0.459173,-0.635179,0.776866,-0.104439,-0.898284,-0.444179,0.504581,-2.321636,-0.413985,2.266860,0.614396,-0.385537,0.125248,0.205889,0.012951,-0.220834,0.366517,-0.188900
2.677047,-1.122987,0.096300,1.024425,0.918076,-1.086424,1.066271,-0.313260,-0.003492,-0.375988,0.708797,0.459418,-0.635409,0.777817,-0.104576,-0.898668,-0.444050,0.504793,-2.321624,-0.414203,2.267220,0.614196,-0.384108,0.126280,0.206924,0.012810,-0.219988,0.364292,-0.192001
2.678086,-1.125348,0.097171,1.029584,0.918933,-1.089658,1.066815,-0.312583,0.009087,-0.375119,0.727490,0.457923,-0.635560,0.778270,-0.104701,-0.899053,-0.443929,0.504996,-2.321612,-0.414424,2.267589,0.614007,-0.383946,0.124624,0.204880,0.012517,-0.221761,0.365825,-0.190825
2.679028,-1.120978,0.098892,1.029323,0.919753,-1.093208,1.067072,-0.312000,0.019385,-0.370904,0.744272,0.455110,-0.635589,0.778313,-0.104822,-0.899437,-0.443805,0.505195,-2.321599,-0.414637,2.267956,0.613811,-0.382902,0.124350,0.202655,0.012078,-0.218545,0.365241,-0.191970
2.680013,-1.122056,0.092947,1.029817,0.919441,-1.094859,1.068261,-0.312327,0.029305,-0.363898,0.761275,0.451417,-0.635486,0.778089,-0.104945,-0.899830,-0.443683,0.505400,-2.321588,-0.414842,2.268320,0.613615,-0.384713,0.123502,0.202842,0.011654,-0.214942,0.364780,-0.192851
2.681054,-1.121723,0.097075,1.031300,0.919402,-1.098891,1.067916,-0.312273,0.039859,-0.356943,0.778874,0.448274,-0.635286,0.777827,-0.105083,-0.900210,-0.443550,0.505605,-2.321574,-0.415055,2.268680,0.613425,-0.384099,0.126475,0.202742,0.012315,-0.213275,0.363490,-0.191947
2.682123,-1.120412,0.094172,1.025487,0.918515,-1.099374,1.066751,-0.312764,0.050889,-0.352082,0.796266,0.446220,-0.635067,0.777637,-0.105244,-0.900597,-0.443430,0.505807,-2.321559,-0.415262,2.269052,0.613237,-0.384395,0.124570,0.202327,0.012719,-0.209361,0.363810,-0.191861
2.683019,-1.119974,0.092616,1.029188,0.917886,-1.103119,1.071155,-0.312922,0.060656,-0.348079,0.811457,0.443976,-0.634908,0.777348,-0.105437,-0.900985,-0.443301,0.506018,-2.321543,-0.415466,2.269418,0.613049,-0.385281,0.126196,0.205570,0.013989,-0.209145,0.365033,-0.190689
2.684023,-1.116623,0.091532,1.032419,0.921101,-1.103954,1.072078,-0.313661,0.068135,-0.344766,0.823161,0.440958,-0.634829,0.776855,-0.105661,-0.901364,-0.443173,0.506218,-2.321529,-0.415664,2.269775,0.612862,-0.385048,0.126842,0.203629,0.014882,-0.205284,0.360310,-0.190107
2.685011,-1.114110,0.090733,1.031032,0.919945,-1.104798,1.071341,-0.313921,0.076016,-0.344816,0.834183,0.439191,-0.634765,0.776549,-0.105906,-0.901753,-0.443044,0.506416,-2.321521,-0.415867,2.270128,0.612678,-0.386664,0.127409,0.202304,0.012157,-0.204584,0.359417,-0.188415
2.685969,-1.112103,0.092573,1.030245,0.920514,-1.106907,1.073414,-0.314899,0.087113,-0.350189,0.847580,0.440784,-0.634645,0.776800,-0.106160,-0.902136,-0.442915,0.506622,-2.321502,-0.416073,2.270489,0.612493,-0.387841,0.127820,0.203158,0.013591,-0.203777,0.360081,-0.187694
2.687009,-1.112767,0.092521,1.036371,0.921300,-1.110431,1.073741,-0.314577,0.100542,-0.359330,0.862603,0.444703,-0.634454,0.777380,-0.106407,-0.902527,-0.442791,0.506829,-2.321491,-0.416271,2.270849,0.612310,-0.388534,0.126919,0.203600,0.013406,-0.201704,0.357834,-0.185500
2.688059,-1.118468,0.094968,1.037373,0.921079,-1.113185,1.075993,-0.315353,0.115150,-0.369768,0.878501,0.449261,-0.634159,0.778030,-0.106633,-0.902915,-0.442664,0.507024,-2.321479,-0.416461,2.271203,0.612124,-0.388294,0.127069,0.200920,0.013045,-0.198483,0.357589,-0.185981
2.689084,-1.117633,0.094687,1.035586,0.923188,-1.114101,1.076749,-0.315828,0.130025,-0.379718,0.894837,0.453437,-0.633718,0.778597,-0.106821,-0.903292,-0.442537,0.507223,-2.321462,-0.416651,2.271556,0.611942,-0.385699,0.125968,0.200833,0.013613,-0.196063,0.355404,-0.184239
2.690003,-1.115005,0.092592,1.029734,0.921342,-1.117790,1.079970,-0.316257,0.142385,-0.387715,0.908667,0.456791,-0.633110,0.778889,-0.106936,-0.903680,-0.442412,0.507429,-2.321453,-0.416846,2.271906,0.611761,-0.386187,0.126233,0.201985,0.011966,-0.195395,0.354719,-0.183116
2.690987,-1.123289,0.092312,1.030887,0.920482,-1.119891,1.081977,-0.316627,0.150019,-0.394597,0.916971,0.460149,-0.632326,0.778868,-0.106959,-0.904066,-0.442284,0.507637,-2.321434,-0.417028,2.272253,0.611583,-0.387069,0.127199,0.204863,0.014040,-0.191808,0.351317,-0.182034
2.692068,-1.125549,0.094328,1.029324,0.919827,-1.120934,1.082358,-0.316111,0.151082,-0.400642,0.917469,0.462764,-0.631459,0.778300,-0.106921,-0.904443,-0.442158,0.507843,-2.321415,-0.417215,2.272595,0.611404,-0.382851,0.127371,0.204379,0.015118,-0.189941,0.349340,-0.181103
2.693060,-1.124562,0.093324,1.029229,0.921556,-1.123575,1.082249,-0.316179,0.143453,-0.403638,0.908340,0.462392,-0.630677,0.776794,-0.106871,-0.904826,-0.442034,0.508048,-2.321399,-0.417401,2.272937,0.611219,-0.382106,0.126572,0.205578,0.016144,-0.189348,0.349201,-0.181989
2.693970,-1.127501,0.091265,1.026770,0.920227,-1.128086,1.080017,-0.316400,0.127810,-0.403216,0.890602,0.458934,-0.630069,0.774434,-0.106845,-0.905206,-0.441905,0.508258,-2.321388,-0.417581,2.273290,0.611039,-0.382594,0.127108,0.205724,0.014831,-0.186988,0.349275,-0.181650
2.695062,-1.130358,0.088265,1.032268,0.922979,-1.128085,1.081871,-0.317298,0.106355,-0.401688,0.866435,0.453945,-0.629665,0.771586,-0.106846,-0.905586,-0.441777,0.508465,-2.321368,-0.417754,2.273647,0.610860,-0.380706,0.128045,0.206884,0.016330,-0.182661,0.351300,-0.180971
2.696088,-1.129089,0.088290,1.030454,0.922843,-1.128806,1.082229,-0.315976,0.081132,-0.402048,0.837803,0.449207,-0.629465,0.768574,-0.106856,-0.905963,-0.441644,0.508664,-2.321358,-0.417936,2.273992,0.610684,-0.379760,0.129673,0.204597,0.014064,-0.183209,0.349636,-0.179044
2.696988,-1.120445,0.089467,1.025557,0.922063,-1.130775,1.084322,-0.317464,0.055139,-0.407090,0.807805,0.446925,-0.629389,0.765819,-0.106861,-0.906348,-0.441515,0.508873,-2.321342,-0.418118,2.274341,0.610501,-0.380486,0.129713,0.205746,0.014562,-0.182835,0.349350,-0.181546
2.698081,-1.124171,0.089754,1.024085,0.920970,-1.131724,1.083079,-0.316589,0.030335,-0.416289,0.778631,0.446907,-0.629373,0.763413,-0.106854,-0.906742,-0.441388,0.509083,-2.321326,-0.418293,2.274685,0.610326,-0.384227,0.129011,0.208065,0.015593,-0.181016,0.347068,-0.178292
2.699079,-1.124550,0.093116,1.027170,0.921922,-1.132148,1.084224,-0.316684,0.006212,-0.426321,0.749979,0.446498,-0.629429,0.760989,-0.106815,-0.907120,-0.441257,0.509295,-2.321307,-0.418472,2.275036,0.610146,-0.382780,0.129035,0.209136,0.017000,-0.180611,0.348537,-0.179950
2.699988,-1.119576,0.087725,1.021418,0.921059,-1.134303,1.082902,-0.316305,-0.018438,-0.434103,0.721028,0.443683,-0.629567,0.758191,-0.106730,-0.907503,-0.441134,0.509504,-2.321293,-0.418652,2.275381,0.609968,-0.382562,0.127434,0.207708,0.016389,-0.180506,0.347392,-0.179560
2.701099,-1.120348,0.094092,1.020055,0.921921,-1.136483,1.081859,-0.317871,-0.043245,-0.439698,0.692352,0.438749,-0.629745,0.755045,-0.106608,-0.907893,-0.440998,0.509720,-2.321274,-0.418825,2.275732,0.609788,-0.384558,0.129974,0.210434,0.017428,-0.178532,0.348541,-0.180091
2.702073,-1.116745,0.092507,1.014992,0.921822,-1.133584,1.081393,-0.317769,-0.068048,-0.444261,0.663831,0.432618,-0.629952,0.751696,-0.106457,-0.908274,-0.440876,0.509935,-2.321256,-0.419000,2.276087,0.609618,-0.384660,0.127022,0.211458,0.016893,-0.176968,0.349794,-0.176834
2.702976,-1.121278,0.091872,1.014302,0.922849,-1.133820,1.080205,-0.316822,-0.094026,-0.446508,0.634093,0.425167,-0.630224,0.748151,-0.106292,-0.908664,-0.440746,0.510157,-2.321237,-0.419187,2.276437,0.609438,-0.386251,0.127834,0.213921,0.017230,-0.180111,0.350193,-0.176871
2.704091,-1.123118,0.094412,1.016975,0.923397,-1.132923,1.083477,-0.317113,-0.121963,-0.446590,0.602052,0.417170,-0.630568,0.744502,-0.106154,-0.909037,-0.440617,0.510373,-2.321220,-0.419369,2.276790,0.609258,-0.383605,0.128016,0.214033,0.016412,-0.179940,0.351170,-0.178540
2.705087,-1.119542,0.091908,1.008648,0.925034,-1.130264,1.082136,-0.316489,-0.151772,-0.445360,0.567810,0.409673,-0.630979,0.740901,-0.106081,-0.909419,-0.440491,0.510583,-2.321205,-0.419555,2.277134,0.609078,-0.383218,0.126985,0.213121,0.016284,-0.181364,0.348135,-0.177807
2.705988,-1.117145,0.092406,1.008141,0.923100,-1.130920,1.081528,-0.316498,-0.182595,-0.443600,0.532275,0.403802,-0.631429,0.737553,-0.106080,-0.909809,-0.440361,0.510807,-2.321190,-0.419740,2.277481,0.608894,-0.384905,0.128272,0.217277,0.014970,-0.184296,0.349534,-0.178870
2.707133,-1.118105,0.091360,1.009985,0.923870,-1.130903,1.081642,-0.315890,-0.213617,-0.442683,0.495960,0.400129,-0.631886,0.734523,-0.106139,-0.910191,-0.440234,0.511029,-2.321168,-0.419922,2.277829,0.608717,-0.385630,0.127905,0.217212,0.017053,-0.183705,0.349940,-0.178610
2.708150,-1.116935,0.089704,1.003932,0.923325,-1.132566,1.081029,-0.317270,-0.243167,-0.442566,0.461010,0.397345,-0.632348,0.731713,-0.106239,-0.910580,-0.440106,0.511247,-2.321151,-0.420110,2.278178,0.608533,-0.385716,0.128703,0.216699,0.016635,-0.184281,0.350136,-0.179714
2.708974,-1.117382,0.088466,1.005340,0.922521,-1.130602,1.081721,-0.316617,-0.270110,-0.443562,0.428855,0.394977,-0.632783,0.729119,-0.106355,-0.910964,-0.439974,0.511473,-2.321133,-0.420288,2.278529,0.608364,-0.386346,0.129559,0.219741,0.017466,-0.182977,0.350781,-0.176778
2.710067,-1.120904,0.091782,1.006216,0.923756,-1.131418,1.082124,-0.317832,-0.295094,-0.445872,0.398606,0.392988,-0.633152,0.726680,-0.106458,-0.911352,-0.439846,0.511689,-2.321114,-0.420477,2.278878,0.608182,-0.385228,0.129940,0.218584,0.018389,-0.184836,0.349709,-0.177835
2.711051,-1.121941,0.095424,1.007319,0.923676,-1.132066,1.086521,-0.318154,-0.318488,-0.447847,0.370215,0.390602,-0.633428,0.724290,-0.106527,-0.911735,-0.439720,0.511904,-2.321097,-0.420657,2.279226,0.608009,-0.383861,0.128469,0.218458,0.017493,-0.184518,0.349524,-0.175259
2.711997,-1.125262,0.095062,0.999470,0.924291,-1.132973,1.087684,-0.318342,-0.340496,-0.446722,0.344095,0.387191,-0.633606,0.721904,-0.106550,-0.912117,-0.439597,0.512123,-2.321078,-0.420840,2.279566,0.607838,-0.383278,0.126718,0.217885,0.017818,-0.184124,0.345114,-0.174472
2.713050,-1.128981,0.095913,0.995951,0.923055,-1.131089,1.087370,-0.318522,-0.362928,-0.440742,0.318354,0.382624,-0.633728,0.719428,-0.106539,-0.912497,-0.439472,0.512354,-2.321062,-0.421025,2.279908,0.607666,-0.381371,0.126912,0.221580,0.017488,-0.183379,0.343918,-0.173915
2.714043,-1.130363,0.097561,0.998667,0.923420,-1.129927,1.086320,-0.318721,-0.420381,-0.414220,0.253883,0.369393,-0.634077,0.713330,-0.106506,-0.913249,-0.439222,0.512800,-2.321023,-0.421405,2.280598,0.607324,-0.379167,0.125880,0.221987,0.018830,-0.186989,0.345463,-0.172876
2.715018,-1.127545,0.099631,0.996773,0.924171,-1.130779,1.086849,-0.319893,-0.420381,-0.414220,0.253883,0.369393,-0.634077,0.713330,-0.106506,-0.913249,-0.439222,0.512800,-2.321023,-0.421405,2.280598,0.607324,-0.379167,0.125880,0.221987,0.018830,-0.186989,0.345463,-0.172876
2.716022,-1.130970,0.101626,0.995715,0.926957,-1.128496,1.087637,-0.318429,-0.452475,-0.395040,0.218679,0.360229,-0.634354,0.709833,-0.106500,-0.913633,-0.439097,0.513024,-2.321004,-0.421588,2.280937,0.607158,-0.380445,0.124892,0.222856,0.018319,-0.186356,0.344934,-0.170367
2.717027,-1.129014,0.101388,1.001830,0.926454,-1.128104,1.087836,-0.320008,-0.483012,-0.374267,0.185639,0.351489,-0.634613,0.706592,-0.106513,-0.914004,-0.438973,0.513248,-2.320992,-0.421784,2.281283,0.606985,-0.378850,0.123984,0.223339,0.015910,-0.188843,0.344181,-0.173192
2.718111,-1.128622,0.100404,1.007362,0.926071,-1.128222,1.090406,-0.320895,-0.509990,-0.354113,0.156762,0.345063,-0.634802,0.703983,-0.106551,-0.914384,-0.438849,0.513465,-2.320973,-0.421975,2.281630,0.606821,-0.379887,0.124218,0.220315,0.016694,-0.189434,0.344019,-0.169853
2.719128,-1.122632,0.100509,1.004013,0.925786,-1.127210,1.091585,-0.320887,-0.528970,-0.337119,0.137270,0.340966,-0.634936,0.702254,-0.106589,-0.914767,-0.438723,0.513676,-2.320954,-0.422167,2.281968,0.606659,-0.380447,0.124911,0.217883,0.017373,-0.189695,0.341677,-0.168021
2.719989,-1.125077,0.096578,1.002461,0.923252,-1.127338,1.090525,-0.321773,-0.537065,-0.325201,0.130391,0.338685,-0.635033,0.701472,-0.106614,-0.915152,-0.438598,0.513900,-2.320935,-0.422357,2.282307,0.606493,-0.383501,0.124950,0.219605,0.017907,-0.190979,0.340611,-0.167934
2.720979,-1.123616,0.095779,1.005495,0.924288,-1.129392,1.087411,-0.321817,-0.536433,-0.318481,0.133280,0.337290,-0.635109,0.701316,-0.106646,-0.915531,-0.438469,0.514122,-2.320910,-0.422550,2.282647,0.606333,-0.381621,0.126743,0.219977,0.020469,-0.190735,0.341463,-0.165960
2.722114,-1.127865,0.100425,1.006451,0.927116,-1.130160,1.086794,-0.324054,-0.530374,-0.316487,0.142024,0.335614,-0.635181,0.701357,-0.106703,-0.915911,-0.438342,0.514337,-2.320893,-0.422732,2.282998,0.606170,-0.382339,0.127168,0.218486,0.019681,-0.188944,0.344569,-0.165766
2.723100,-1.123353,0.101578,1.008575,0.925580,-1.131547,1.086468,-0.323839,-0.520602,-0.318349,0.154717,0.334229,-0.635196,0.701538,-0.106804,-0.916293,-0.438222,0.514555,-2.320880,-0.422921,2.283348,0.606012,-0.380801,0.125179,0.218407,0.017319,-0.188708,0.345450,-0.161220
2.724001,-1.127855,0.107736,1.012347,0.928922,-1.131609,1.086357,-0.325411,-0.508156,-0.321609,0.170433,0.333317,-0.635120,0.701864,-0.106958,-0.916684,-0.438097,0.514770,-2.320859,-0.423107,2.283693,0.605851,-0.382915,0.124665,0.217361,0.019091,-0.187546,0.345775,-0.161580
2.725030,-1.128181,0.109202,1.015089,0.927742,-1.133005,1.089647,-0.323642,-0.493413,-0.323312,0.189234,0.331772,-0.634994,0.702253,-0.107162,-0.917058,-0.437980,0.514980,-2.320849,-0.423292,2.284040,0.605701,-0.380245,0.121586,0.215329,0.016073,-0.187557,0.345692,-0.158280
2.726034,-1.126068,0.105845,1.015216,0.928052,-1.131678,1.090396,-0.325389,-0.477092,-0.321353,0.210698,0.329160,-0.634868,0.702701,-0.107415,-0.917440,-0.437862,0.515194,-2.320829,-0.423478,2.284382,0.605533,-0.380234,0.121075,0.214120,0.017535,-0.186480,0.342480,-0.161758
2.727004,-1.122889,0.109518,1.016964,0.930469,-1.132056,1.089823,-0.324814,-0.459164,-0.317229,0.234563,0.325993,-0.634782,0.703302,-0.107719,-0.917822,-0.437734,0.515405,-2.320813,-0.423668,2.284719,0.605385,-0.381311,0.122824,0.214201,0.017527,-0.188066,0.341844,-0.158141
2.728010,-1.121396,0.107139,1.016722,0.930279,-1.130809,1.085787,-0.327135,-0.438282,-0.314830,0.261434,0.324089,-0.634737,0.704338,-0.108051,-0.918209,-0.437617,0.515616,-2.320802,-0.423856,2.285067,0.605222,-0.382704,0.121090,0.213341,0.015518,-0.187849,0.342382,-0.159201
2.728966,-1.117915,0.102322,1.025519,0.930133,-1.129390,1.081949,-0.326295,-0.414073,-0.315892,0.291109,0.324754,-0.634706,0.705983,-0.108374,-0.918597,-0.437493,0.515827,-2.320786,-0.424046,2.285421,0.605076,-0.383393,0.122399,0.213603,0.016051,-0.189350,0.346445,-0.154452
2.729962,-1.117066,0.103291,1.025273,0.931801,-1.129730,1.079958,-0.326786,-0.385226,-0.322398,0.324846,0.327928,-0.634677,0.708242,-0.108670,-0.918981,-0.437363,0.516030,-2.320771,-0.424243,2.285781,0.604916,-0.384898,0.124766,0.209260,0.016486,-0.190832,0.350129,-0.156063
2.731059,-1.118112,0.104422,1.030802,0.930417,-1.131593,1.079217,-0.327279,-0.349786,-0.336534,0.364782,0.333760,-0.634615,0.711157,-0.108948,-0.919366,-0.437240,0.516240,-2.320757,-0.424435,2.286136,0.604761,-0.385253,0.124349,0.209537,0.015173,-0.190665,0.352062,-0.154966
2.731997,-1.112222,0.107318,1.031163,0.932685,-1.128084,1.080715,-0.326361,-0.309265,-0.356136,0.409552,0.341178,-0.634524,0.714456,-0.109207,-0.919752,-0.437118,0.516441,-2.320737,-0.424619,2.286491,0.604611,-0.385114,0.124051,0.207242,0.016870,-0.189279,0.352971,-0.153965
2.732963,-1.109956,0.102970,1.034235,0.933906,-1.127473,1.080697,-0.326528,-0.265817,-0.377373,0.457252,0.348488,-0.634437,0.717807,-0.109424,-0.920140,-0.437000,0.516648,-2.320728,-0.424819,2.286843,0.604452,-0.387719,0.122655,0.207079,0.014990,-0.192825,0.351306,-0.155691
2.734031,-1.115222,0.105201,1.037146,0.932421,-1.126957,1.082209,-0.325480,-0.219346,-0.400468,0.507745,0.357044,-0.634315,0.721369,-0.109597,-0.920531,-0.436869,0.516851,-2.320716,-0.425016,2.287189,0.604296,-0.388566,0.124821,0.205648,0.014180,-0.193493,0.351296,-0.155227
2.735028,-1.123571,0.107635,1.040491,0.931194,-1.124623,1.079553,-0.326266,-0.171122,-0.426115,0.559340,0.367653,-0.634157,0.725133,-0.109740,-0.920906,-0.436745,0.517051,-2.320697,-0.425207,2.287535,0.604137,-0.386283,0.123879,0.204625,0.015970,-0.194367,0.349939,-0.157277
2.735968,-1.119105,0.105789,1.033823,0.933701,-1.124101,1.079721,-0.325170,-0.126294,-0.449227,0.607213,0.376378,-0.634088,0.728378,-0.109871,-0.921283,-0.436624,0.517251,-2.320677,-0.425409,2.287897,0.603986,-0.382130,0.122780,0.203182,0.017424,-0.196814,0.352555,-0.155599
2.737084,-1.118200,0.107809,1.034697,0.934548,-1.121510,1.077793,-0.326764,-0.089854,-0.466077,0.646183,0.381235,-0.634182,0.730674,-0.109999,-0.921674,-0.436498,0.517462,-2.320666,-0.425608,2.288248,0.603823,-0.384026,0.123691,0.206525,0.015263,-0.197320,0.352230,-0.157676
2.737972,-1.118943,0.107652,1.037235,0.937476,-1.118072,1.074841,-0.325957,-0.062292,-0.479039,0.674764,0.385153,-0.634385,0.732420,-0.110133,-0.922060,-0.436375,0.517670,-2.320652,-0.425811,2.288605,0.603674,-0.384945,0.122947,0.206513,0.014884,-0.200277,0.354383,-0.154433
2.738956,-1.123291,0.101009,1.039712,0.935660,-1.117640,1.078510,-0.325442,-0.041258,-0.490430,0.695101,0.390614,-0.634627,0.734082,-0.110289,-0.922442,-0.436252,0.517872,-2.320645,-0.426024,2.288964,0.603515,-0.384034,0.122962,0.205152,0.012378,-0.203477,0.357052,-0.155930
2.740024,-1.117132,0.102254,1.035965,0.936405,-1.116576,1.078895,-0.325451,-0.024516,-0.502373,0.709701,0.398663,-0.634879,0.735873,-0.110494,-0.922819,-0.436119,0.518071,-2.320625,-0.426227,2.289313,0.603359,-0.381828,0.126266,0.204124,0.014440,-0.203932,0.353291,-0.156853
2.740976,-1.114667,0.098638,1.035553,0.935795,-1.111815,1.079339,-0.326265,-0.010670,-0.516992,0.720010,0.409316,-0.635154,0.737822,-0.110750,-0.923211,-0.435994,0.518281,-2.320610,-0.426436,2.289667,0.603203,-0.385138,0.125790,0.206345,0.014056,-0.205184,0.353065,-0.156772
2.742048,-1.116754,0.103375,1.045041,0.937115,-1.111004,1.078790,-0.326318,0.014229,-0.553457,0.734505,0.435153,-0.635707,0.742026,-0.111263,-0.923985,-0.435742,0.518681,-2.320579,-0.426871,2.290370,0.602899,-0.385266,0.125389,0.202292,0.014016,-0.210699,0.353215,-0.154899
2.743114,-1.114969,0.102747,1.039445,0.937558,-1.109953,1.080444,-0.326641,0.014229,-0.553457,0.734505,0.435153,-0.635707,0.742026,-0.111263,-0.923985,-0.435742,0.518681,-2.320579,-0.426871,2.290370,0.602899,-0.385266,0.125389,0.202292,0.014016,-0.210699,0.353215,-0.154899
2.743989,-1.110768,0.104752,1.035635,0.936774,-1.107228,1.079322,-0.326840,0.027998,-0.571074,0.742927,0.447872,-0.635907,0.744151,-0.111478,-0.924376,-0.435616,0.518894,-2.320566,-0.427089,2.290723,0.602747,-0.386364,0.125899,0.205425,0.013998,-0.211835,0.351658,-0.154204
2.744988,-1.113174,0.105754,1.040452,0.937730,-1.109101,1.079115,-0.326996,0.040580,-0.585115,0.750038,0.459065,-0.636017,0.746023,-0.111657,-0.924764,-0.435492,0.519102,-2.320549,-0.427304,2.291076,0.602593,-0.387810,0.124774,0.207133,0.014995,-0.214281,0.352528,-0.153660
2.746116,-1.118141,0.107084,1.040442,0.939202,-1.108310,1.083920,-0.327812,0.050402,-0.594038,0.754116,0.467639,-0.636048,0.747410,-0.111787,-0.925148,-0.435369,0.519307,-2.320535,-0.427515,2.291426,0.602440,-0.386540,0.124382,0.204876,0.014393,-0.212376,0.352729,-0.153272
2.747089,-1.113159,0.105718,1.041240,0.937939,-1.106624,1.086596,-0.327875,0.057481,-0.597620,0.755467,0.473933,-0.636009,0.748342,-0.111876,-0.925532,-0.435245,0.519511,-2.320522,-0.427731,2.291764,0.602289,-0.384610,0.124004,0.205441,0.013385,-0.213430,0.348217,-0.151622
2.748106,-1.115475,0.105787,1.041107,0.936571,-1.108106,1.089208,-0.328292,0.062304,-0.597350,0.754569,0.479274,-0.635884,0.749003,-0.111935,-0.925919,-0.435118,0.519719,-2.320504,-0.427950,2.292103,0.602137,-0.386946,0.124710,0.205116,0.014936,-0.215000,0.345569,-0.151420
2.749099,-1.112407,0.104879,1.041772,0.938095,-1.105039,1.088746,-0.327660,0.066220,-0.594373,0.752995,0.483234,-0.635718,0.749421,-0.111971,-0.926303,-0.434994,0.519925,-2.320483,-0.428166,2.292442,0.601991,-0.385804,0.124782,0.205402,0.016506,-0.213491,0.343063,-0.150539
2.750081,-1.115009,0.104207,1.038277,0.938496,-1.103850,1.088424,-0.329067,0.069955,-0.589426,0.751616,0.485430,-0.635576,0.749627,-0.112006,-0.926693,-0.434866,0.520131,-2.320470,-0.428386,2.292787,0.601836,-0.387222,0.125272,0.205223,0.015324,-0.216508,0.343575,-0.151732
2.750975,-1.112123,0.101818,1.040844,0.936148,-1.102931,1.085861,-0.329054,0.072994,-0.583864,0.749486,0.487309,-0.635469,0.749827,-0.112057,-0.927071,-0.434740,0.520342,-2.320452,-0.428611,2.293134,0.601691,-0.385851,0.125648,0.207056,0.015184,-0.217513,0.343876,-0.148817
2.751985,-1.114147,0.101997,1.036148,0.939975,-1.100185,1.085175,-0.327725,0.074552,-0.578093,0.745672,0.488779,-0.635419,0.749998,-0.112126,-0.927459,-0.434610,0.520547,-2.320431,-0.428831,2.293482,0.601543,-0.386749,0.126702,0.205649,0.017689,-0.218121,0.346248,-0.148755
2.753022,-1.107923,0.099823,1.036527,0.937270,-1.098268,1.088094,-0.328170,0.074383,-0.572287,0.739992,0.489487,-0.635419,0.750062,-0.112227,-0.927838,-0.434483,0.520757,-2.320425,-0.429057,2.293830,0.601389,-0.385792,0.126666,0.208178,0.014351,-0.220777,0.346954,-0.151364
2.754052,-1.111685,0.099837,1.036951,0.938954,-1.099356,1.088458,-0.327950,0.071506,-0.564976,0.725040,0.493237,-0.635303,0.750480,-0.112511,-0.928621,-0.434226,0.521174,-2.320389,-0.429510,2.294511,0.601087,-0.387073,0.127922,0.208220,0.015991,-0.221427,0.343915,-0.150783
2.755097,-1.116397,0.099574,1.037109,0.939777,-1.099717,1.088714,-0.328879,0.071506,-0.564976,0.725040,0.493237,-0.635303,0.750480,-0.112511,-0.928621,-0.434226,0.521174,-2.320389,-0.429510,2.294511,0.601087,-0.387073,0.127922,0.208220,0.015991,-0.221427,0.343915,-0.150783
2.756002,-1.117784,0.099397,1.037466,0.938842,-1.101856,1.086445,-0.329797,0.069298,-0.563290,0.716658,0.496297,-0.635126,0.750786,-0.112664,-0.929000,-0.434095,0.521383,-2.320375,-0.429729,2.294853,0.600948,-0.384951,0.128131,0.208405,0.015558,-0.221100,0.343806,-0.148902
2.756971,-1.115814,0.102385,1.039207,0.939732,-1.102789,1.085986,-0.330315,0.063973,-0.560924,0.705273,0.499419,-0.634861,0.750848,-0.112818,-0.929386,-0.433968,0.521592,-2.320357,-0.429946,2.295204,0.600805,-0.383780,0.128120,0.208109,0.016705,-0.218699,0.345897,-0.146977
2.757985,-1.117621,0.105070,1.039090,0.940556,-1.102550,1.084293,-0.331132,0.055660,-0.555886,0.691746,0.500798,-0.634534,0.750492,-0.112977,-0.929770,-0.433843,0.521797,-2.320342,-0.430157,2.295548,0.600658,-0.384610,0.126649,0.207328,0.016122,-0.217723,0.346308,-0.145876
2.758983,-1.121433,0.101733,1.035879,0.940889,-1.105418,1.082941,-0.331627,0.045523,-0.546690,0.677875,0.499728,-0.634128,0.749806,-0.113155,-0.930157,-0.433720,0.522005,-2.320326,-0.430376,2.295898,0.600516,-0.383678,0.125433,0.207589,0.015616,-0.217930,0.348044,-0.144209
2.760099,-1.125978,0.103507,1.035912,0.941802,-1.105058,1.084724,-0.331025,0.032535,-0.533674,0.662286,0.496916,-0.633650,0.748858,-0.113378,-0.930539,-0.433590,0.522215,-2.320310,-0.430584,2.296248,0.600376,-0.381740,0.127138,0.209324,0.015603,-0.215078,0.349395,-0.143197
2.761090,-1.120122,0.102526,1.036520,0.940384,-1.105481,1.086859,-0.331145,0.014594,-0.518683,0.641995,0.493645,-0.633163,0.747654,-0.113686,-0.930916,-0.433462,0.522426,-2.320296,-0.430799,2.296595,0.600233,-0.380058,0.126459,0.209713,0.015124,-0.215689,0.347846,-0.144447
2.762113,-1.121336,0.102565,1.037313,0.940754,-1.105904,1.086580,-0.332627,-0.007031,-0.503092,0.618247,0.490396,-0.632738,0.746335,-0.114089,-0.931308,-0.433334,0.522639,-2.320276,-0.431012,2.296936,0.600089,-0.382855,0.126985,0.209472,0.016771,-0.215227,0.345740,-0.144144
2.763070,-1.118829,0.099409,1.034575,0.939915,-1.106015,1.084090,-0.331601,-0.028499,-0.488099,0.595511,0.486896,-0.632433,0.745112,-0.114548,-0.931695,-0.433208,0.522848,-2.320259,-0.431222,2.297279,0.599956,-0.382257,0.127065,0.209275,0.016698,-0.214878,0.346137,-0.141165
2.764004,-1.118041,0.100680,1.034790,0.940578,-1.105495,1.083984,-0.331931,-0.048244,-0.475046,0.575430,0.483233,-0.632291,0.744050,-0.115036,-0.932077,-0.433078,0.523062,-2.320239,-0.431438,2.297631,0.599809,-0.383325,0.128602,0.210620,0.017725,-0.214645,0.348546,-0.143187
2.765078,-1.114191,0.096183,1.036259,0.938987,-1.106482,1.083072,-0.332446,-0.066579,-0.464572,0.557433,0.479660,-0.632288,0.743122,-0.115534,-0.932461,-0.432955,0.523272,-2.320224,-0.431654,2.297980,0.599670,-0.383366,0.127940,0.210456,0.017346,-0.214990,0.348492,-0.142444
2.766012,-1.109425,0.096101,1.029731,0.939213,-1.108455,1.081312,-0.332608,-0.082446,-0.457293,0.542671,0.476313,-0.632353,0.742405,-0.115991,-0.932846,-0.432819,0.523482,-2.320202,-0.431868,2.298333,0.599532,-0.385607,0.130288,0.210042,0.019182,-0.214136,0.349559,-0.141429
2.767048,-1.114859,0.093119,1.031881,0.941337,-1.108447,1.082222,-0.334063,-0.094790,-0.454243,0.532117,0.473347,-0.632432,0.741946,-0.116350,-0.933238,-0.432690,0.523704,-2.320182,-0.432078,2.298689,0.599389,-0.387558,0.130228,0.213146,0.019103,-0.212034,0.351149,-0.141034
2.768018,-1.111789,0.095152,1.028420,0.940900,-1.110470,1.084414,-0.334285,-0.105262,-0.455853,0.523388,0.471964,-0.632466,0.741726,-0.116585,-0.933620,-0.432555,0.523910,-2.320167,-0.432289,2.299036,0.599255,-0.384946,0.131752,0.212290,0.017327,-0.212146,0.350312,-0.138115
2.769009,-1.115895,0.095033,1.027047,0.939947,-1.109824,1.084719,-0.333786,-0.129162,-0.467089,0.501764,0.475677,-0.632277,0.741569,-0.116718,-0.934385,-0.432295,0.524348,-2.320126,-0.432711,2.299721,0.598980,-0.384237,0.130748,0.214665,0.019129,-0.210727,0.347830,-0.138654
2.770016,-1.116598,0.097922,1.020293,0.938626,-1.110355,1.082282,-0.333857,-0.129162,-0.467089,0.501764,0.475677,-0.632277,0.741569,-0.116718,-0.934385,-0.432295,0.524348,-2.320126,-0.432711,2.299721,0.598980,-0.384237,0.130748,0.214665,0.019129,-0.210727,0.347830,-0.138654
2.771032,-1.121963,0.094809,1.025306,0.939179,-1.110908,1.082435,-0.335521,-0.147720,-0.468725,0.484376,0.475641,-0.632168,0.740722,-0.116681,-0.934762,-0.432169,0.524570,-2.320101,-0.432919,2.300076,0.598845,-0.383975,0.129368,0.218071,0.020556,-0.210234,0.350280,-0.138498
2.771993,-1.122078,0.094975,1.025809,0.939592,-1.110533,1.081704,-0.334845,-0.173330,-0.464333,0.460174,0.471672,-0.632151,0.738932,-0.116624,-0.935141,-0.432036,0.524782,-2.320081,-0.433131,2.300434,0.598715,-0.381375,0.130969,0.215648,0.020209,-0.209720,0.350090,-0.135159
2.772998,-1.122489,0.094179,1.021057,0.937666,-1.111886,1.079559,-0.335659,-0.203179,-0.456372,0.432200,0.465315,-0.632217,0.736630,-0.116575,-0.935524,-0.431905,0.524995,-2.320063,-0.433340,2.300783,0.598575,-0.381147,0.130802,0.215397,0.020037,-0.210053,0.350754,-0.136508
2.774036,-1.122300,0.092745,1.022436,0.938665,-1.114090,1.079329,-0.335486,-0.235013,-0.446468,0.402856,0.457419,-0.632338,0.734120,-0.116568,-0.935904,-0.431773,0.525218,-2.320037,-0.433550,2.301139,0.598447,-0.380976,0.131206,0.217785,0.022074,-0.208718,0.352887,-0.134872
2.775027,-1.127076,0.094978,1.019111,0.938718,-1.110709,1.078463,-0.335439,-0.268262,-0.435001,0.372524,0.447842,-0.632511,0.731429,-0.116615,-0.936286,-0.431641,0.525436,-2.320017,-0.433755,2.301497,0.598309,-0.381238,0.131982,0.217193,0.021282,-0.206661,0.353135,-0.135242
2.776034,-1.126200,0.093464,1.019097,0.939247,-1.111275,1.078098,-0.334521,-0.337862,-0.408846,0.308843,0.427344,-0.632834,0.725905,-0.116894,-0.937043,-0.431381,0.525881,-2.319975,-0.434176,2.302203,0.598032,-0.379355,0.131655,0.218816,0.021090,-0.209529,0.354332,-0.137139
2.776989,-1.123287,0.090610,1.017569,0.937370,-1.113268,1.076272,-0.334988,-0.337862,-0.408846,0.308843,0.427344,-0.632834,0.725905,-0.116894,-0.937043,-0.431381,0.525881,-2.319975,-0.434176,2.302203,0.598032,-0.379355,0.131655,0.218816,0.021090,-0.209529,0.354332,-0.137139
2.778009,-1.124947,0.095359,1.015292,0.937860,-1.115029,1.076533,-0.334662,-0.372696,-0.395244,0.276720,0.417638,-0.632889,0.723148,-0.117110,-0.937431,-0.431247,0.526102,-2.319950,-0.434377,2.302560,0.597898,-0.380523,0.132991,0.219468,0.023056,-0.207532,0.356034,-0.136149
2.779086,-1.125640,0.095786,1.019501,0.939073,-1.117259,1.074048,-0.334814,-0.405280,-0.382029,0.246839,0.407775,-0.632882,0.720380,-0.117345,-0.937806,-0.431121,0.526327,-2.319927,-0.434582,2.302919,0.597762,-0.379847,0.130674,0.220605,0.022711,-0.205889,0.355744,-0.136816
2.780010,-1.125368,0.096858,1.017102,0.940028,-1.119152,1.071906,-0.335016,-0.435572,-0.367275,0.219509,0.397175,-0.632816,0.717586,-0.117591,-0.938188,-0.430992,0.526544,-2.319906,-0.434787,2.303285,0.597622,-0.379849,0.130639,0.218717,0.021738,-0.203893,0.358323,-0.136519
2.781042,-1.123481,0.098694,1.013271,0.940210,-1.120304,1.074326,-0.334726,-0.462640,-0.351254,0.195793,0.386921,-0.632660,0.714988,-0.117856,-0.938569,-0.430866,0.526766,-2.319887,-0.434980,2.303645,0.597487,-0.379630,0.130042,0.219720,0.020967,-0.202032,0.360239,-0.136066
2.781963,-1.125562,0.101770,1.014399,0.939018,-1.122363,1.073372,-0.334482,-0.509213,-0.315921,0.156027,0.369393,-0.632069,0.710591,-0.118511,-0.939323,-0.430612,0.527212,-2.319843,-0.435374,2.304360,0.597206,-0.379414,0.127605,0.220868,0.022303,-0.199028,0.358576,-0.137059
2.783093,-1.124357,0.102247,1.012737,0.938539,-1.123873,1.070976,-0.333746,-0.509213,-0.315921,0.156027,0.369393,-0.632069,0.710591,-0.118511,-0.939323,-0.430612,0.527212,-2.319843,-0.435374,2.304360,0.597206,-0.379414,0.127605,0.220868,0.022303,-0.199028,0.358576,-0.137059
2.783989,-1.123000,0.101879,1.007713,0.939268,-1.125258,1.068564,-0.332368,-0.530489,-0.293397,0.138467,0.359137,-0.631761,0.708398,-0.118911,-0.939701,-0.430483,0.527436,-2.319820,-0.435565,2.304727,0.597064,-0.380676,0.127620,0.222028,0.023020,-0.198015,0.361165,-0.138574
2.785045,-1.123560,0.099669,1.013422,0.939784,-1.127311,1.066899,-0.332423,-0.550707,-0.268243,0.122059,0.347343,-0.631528,0.706090,-0.119353,-0.940084,-0.430355,0.527666,-2.319800,-0.435760,2.305097,0.596917,-0.380842,0.127687,0.224155,0.022406,-0.196582,0.363235,-0.141229
2.785975,-1.123472,0.096338,1.013608,0.939523,-1.130857,1.066362,-0.331735,-0.568769,-0.244043,0.107363,0.336305,-0.631341,0.703974,-0.119827,-0.940467,-0.430224,0.527881,-2.319779,-0.435947,2.305460,0.596774,-0.380807,0.128887,0.221465,0.022145,-0.194894,0.364935,-0.141081
2.786977,-1.122732,0.093625,1.019004,0.940266,-1.129882,1.064635,-0.331300,-0.581749,-0.224738,0.097279,0.328014,-0.631163,0.702459,-0.120301,-0.940845,-0.430089,0.528102,-2.319755,-0.436133,2.305829,0.596631,-0.380566,0.130406,0.221210,0.022486,-0.191447,0.365204,-0.142399
2.787993,-1.119781,0.097408,1.017250,0.943653,-1.130538,1.065982,-0.331943,-0.583631,-0.210528,0.099911,0.324586,-0.630622,0.702285,-0.121110,-0.941620,-0.429829,0.528536,-2.319721,-0.436518,2.306562,0.596343,-0.382364,0.129910,0.219529,0.018892,-0.192237,0.365408,-0.141874
2.789108,-1.121324,0.098081,1.017031,0.942244,-1.134319,1.064514,-0.331056,-0.583631,-0.210528,0.099911,0.324586,-0.630622,0.702285,-0.121110,-0.941620,-0.429829,0.528536,-2.319721,-0.436518,2.306562,0.596343,-0.382364,0.129910,0.219529,0.018892,-0.192237,0.365408,-0.141874
2.790022,-1.122645,0.100994,1.013135,0.941519,-1.134793,1.063226,-0.330951,-0.573318,-0.213602,0.111636,0.330445,-0.630090,0.703648,-0.121403,-0.941998,-0.429701,0.528759,-2.319697,-0.436703,2.306934,0.596195,-0.382129,0.129811,0.219907,0.020561,-0.188941,0.367016,-0.143681
2.790978,-1.121275,0.106991,1.017932,0.941988,-1.137467,1.064473,-0.330971,-0.560828,-0.217285,0.125025,0.337428,-0.629439,0.705111,-0.121622,-0.942380,-0.429576,0.528983,-2.319673,-0.436890,2.307298,0.596051,-0.381058,0.128282,0.221599,0.021350,-0.188567,0.368037,-0.143787
2.791981,-1.114721,0.107313,1.010911,0.943410,-1.139602,1.063285,-0.330726,-0.549247,-0.216467,0.137625,0.341666,-0.628774,0.706040,-0.121754,-0.942760,-0.429453,0.529197,-2.319652,-0.437070,2.307665,0.595908,-0.381580,0.125298,0.219122,0.021031,-0.186102,0.366572,-0.143681
2.792987,-1.117535,0.106460,1.013082,0.944285,-1.143441,1.064948,-0.330885,-0.537844,-0.210005,0.150575,0.342917,-0.628104,0.706552,-0.121786,-0.943154,-0.429328,0.529428,-2.319635,-0.437250,2.308039,0.595759,-0.384744,0.125243,0.222567,0.019891,-0.184302,0.367650,-0.144115
2.794055,-1.115964,0.106219,1.017473,0.941613,-1.144241,1.066596,-0.330463,-0.525597,-0.201444,0.164196,0.343826,-0.627422,0.707080,-0.121735,-0.943531,-0.429199,0.529645,-2.319617,-0.437418,2.308397,0.595615,-0.383368,0.125717,0.221499,0.019280,-0.180901,0.365921,-0.143747
2.795033,-1.116744,0.107121,1.017773,0.943513,-1.143761,1.069517,-0.329868,-0.511413,-0.193877,0.179329,0.345284,-0.626805,0.707829,-0.121630,-0.943918,-0.429072,0.529860,-2.319588,-0.437598,2.308762,0.595467,-0.384425,0.125997,0.219534,0.022047,-0.180602,0.364327,-0.144582
2.795989,-1.107072,0.101046,1.018447,0.944840,-1.145225,1.068300,-0.329162,-0.493732,-0.188098,0.198041,0.346433,-0.626331,0.708841,-0.121497,-0.944303,-0.428945,0.530077,-2.319571,-0.437782,2.309114,0.595319,-0.383867,0.125566,0.219394,0.020371,-0.181327,0.361337,-0.145705
2.797019,-1.108481,0.100974,1.021323,0.944483,-1.144297,1.067160,-0.329269,-0.470803,-0.187496,0.221705,0.349649,-0.625958,0.710512,-0.121360,-0.944697,-0.428811,0.530293,-2.319554,-0.437959,2.309478,0.595173,-0.388408,0.128529,0.218987,0.019308,-0.180102,0.362424,-0.147044
2.798077,-1.101008,0.100550,1.020460,0.946218,-1.143900,1.068811,-0.329001,-0.440584,-0.196338,0.251858,0.357555,-0.625628,0.713192,-0.121236,-0.945084,-0.428683,0.530508,-2.319532,-0.438142,2.309845,0.595029,-0.387707,0.128634,0.217680,0.019861,-0.181416,0.363522,-0.146784
2.799055,-1.102168,0.097830,1.021948,0.943710,-1.145010,1.068196,-0.328700,-0.403295,-0.214359,0.288390,0.369694,-0.625302,0.716748,-0.121141,-0.945484,-0.428555,0.530728,-2.319516,-0.438323,2.310206,0.594884,-0.391529,0.128973,0.218294,0.018467,-0.182242,0.361901,-0.147311
2.799971,-1.098434,0.100062,1.025212,0.944933,-1.144327,1.069490,-0.329880,-0.360767,-0.239294,0.329639,0.384457,-0.624941,0.720849,-0.121091,-0.945871,-0.428422,0.530945,-2.319490,-0.438505,2.310569,0.594737,-0.390746,0.130293,0.217523,0.021063,-0.181367,0.362415,-0.147847
2.801092,-1.094424,0.102653,1.026563,0.944411,-1.143561,1.074603,-0.329686,-0.314890,-0.268230,0.374179,0.399395,-0.624555,0.725056,-0.121067,-0.946266,-0.428295,0.531158,-2.319472,-0.438689,2.310923,0.594595,-0.392083,0.129075,0.215750,0.020022,-0.182174,0.360904,-0.145379
2.802070,-1.100123,0.099767,1.028123,0.943350,-1.141271,1.078003,-0.330462,-0.266493,-0.297760,0.421869,0.412860,-0.624140,0.729141,-0.121038,-0.946662,-0.428167,0.531371,-2.319453,-0.438871,2.311271,0.594448,-0.394467,0.128015,0.215495,0.020882,-0.183507,0.356027,-0.145804
2.802977,-1.097926,0.105089,1.030957,0.943952,-1.142145,1.078556,-0.329943,-0.217148,-0.325887,0.471290,0.424258,-0.623691,0.732986,-0.121003,-0.947049,-0.428035,0.531586,-2.319429,-0.439064,2.311617,0.594307,-0.391405,0.129440,0.214717,0.022050,-0.185956,0.352619,-0.144185
2.803997,-1.096044,0.104866,1.028276,0.944839,-1.140433,1.076993,-0.331113,-0.170111,-0.350757,0.519116,0.432681,-0.623268,0.736343,-0.120977,-0.947445,-0.427912,0.531791,-2.319410,-0.439245,2.311964,0.594158,-0.391928,0.126691,0.213232,0.021619,-0.185165,0.351916,-0.145139
2.805001,-1.097447,0.102039,1.025650,0.945832,-1.140953,1.077937,-0.331610,-0.127362,-0.370598,0.563371,0.437828,-0.622918,0.739133,-0.120963,-0.947836,-0.427783,0.532009,-2.319392,-0.439436,2.312320,0.594021,-0.392846,0.126887,0.214684,0.020997,-0.187159,0.353508,-0.142760
2.806091,-1.097590,0.102731,1.033688,0.945857,-1.140676,1.078099,-0.332538,-0.090362,-0.386940,0.601773,0.441470,-0.622647,0.741502,-0.120960,-0.948232,-0.427652,0.532228,-2.319373,-0.439622,2.312675,0.593879,-0.391976,0.128325,0.216018,0.020251,-0.186885,0.352522,-0.141748
2.807077,-1.096400,0.102986,1.032667,0.946747,-1.140184,1.078204,-0.334012,-0.058833,-0.402836,0.634033,0.445502,-0.622474,0.743683,-0.120968,-0.948622,-0.427523,0.532433,-2.319352,-0.439810,2.313024,0.593741,-0.392217,0.128137,0.212380,0.020485,-0.187612,0.352567,-0.139910
2.807998,-1.092861,0.098181,1.032969,0.947058,-1.139135,1.078917,-0.333453,-0.030215,-0.419084,0.663276,0.449939,-0.622427,0.745836,-0.120970,-0.949019,-0.427395,0.532647,-2.319334,-0.439997,2.313377,0.593610,-0.392557,0.128036,0.212973,0.019865,-0.188328,0.352413,-0.136951
2.808990,-1.093451,0.098075,1.035411,0.947367,-1.138128,1.082704,-0.333858,-0.003027,-0.436794,0.691006,0.455304,-0.622476,0.748063,-0.120945,-0.949418,-0.427259,0.532857,-2.319315,-0.440186,2.313726,0.593471,-0.393767,0.130282,0.212733,0.019733,-0.189440,0.351536,-0.138045
2.809975,-1.095123,0.102748,1.040095,0.947618,-1.137354,1.083709,-0.333724,0.023558,-0.457992,0.717628,0.462804,-0.622552,0.750479,-0.120894,-0.949809,-0.427128,0.533066,-2.319295,-0.440380,2.314068,0.593338,-0.393298,0.130307,0.211613,0.019640,-0.190614,0.347751,-0.137211
2.810984,-1.092492,0.101232,1.040181,0.947455,-1.136959,1.082523,-0.335580,0.074323,-0.500713,0.769122,0.478566,-0.622565,0.755112,-0.120692,-0.950603,-0.426875,0.533479,-2.319256,-0.440766,2.314760,0.593078,-0.393386,0.128841,0.209556,0.020019,-0.192154,0.348021,-0.133760
2.812052,-1.090200,0.099293,1.041718,0.946999,-1.137602,1.083314,-0.336326,0.074323,-0.500713,0.769122,0.478566,-0.622565,0.755112,-0.120692,-0.950603,-0.426875,0.533479,-2.319256,-0.440766,2.314760,0.593078,-0.393386,0.128841,0.209556,0.020019,-0.192154,0.348021,-0.133760
2.813018,-1.095321,0.100811,1.040150,0.947730,-1.139108,1.082375,-0.337120,0.097992,-0.518542,0.794174,0.483906,-0.622426,0.756928,-0.120503,-0.951000,-0.426742,0.533689,-2.319236,-0.440959,2.315111,0.592946,-0.394667,0.129906,0.209092,0.020722,-0.191844,0.347354,-0.132331
2.813962,-1.092764,0.104322,1.042807,0.946706,-1.136754,1.084371,-0.337663,0.119569,-0.534969,0.817266,0.487665,-0.622172,0.758353,-0.120270,-0.951389,-0.426611,0.533902,-2.319216,-0.441144,2.315460,0.592817,-0.391807,0.129078,0.209892,0.020190,-0.190520,0.348238,-0.130740
2.815004,-1.095821,0.106161,1.041052,0.949655,-1.136698,1.085134,-0.336786,0.136407,-0.547335,0.835699,0.488783,-0.621862,0.759152,-0.120030,-0.951782,-0.426487,0.534107,-2.319193,-0.441341,2.315805,0.592692,-0.392725,0.127313,0.208580,0.021341,-0.192954,0.346127,-0.129661
2.816000,-1.098108,0.105130,1.044657,0.949198,-1.135662,1.088178,-0.337976,0.147691,-0.553554,0.848802,0.486987,-0.621556,0.759301,-0.119827,-0.952173,-0.426362,0.534320,-2.319178,-0.441534,2.316152,0.592554,-0.391254,0.126551,0.209678,0.018720,-0.193267,0.345486,-0.131446
2.817005,-1.098386,0.103551,1.043446,0.950779,-1.134925,1.088415,-0.337399,0.153702,-0.554963,0.856483,0.484189,-0.621303,0.759062,-0.119704,-0.952563,-0.426232,0.534523,-2.319159,-0.441729,2.316485,0.592429,-0.389991,0.127090,0.208054,0.019438,-0.194476,0.342515,-0.129059
2.817968,-1.095236,0.099854,1.044947,0.950931,-1.134470,1.088693,-0.337830,0.155447,-0.554562,0.859370,0.482251,-0.621159,0.758692,-0.119667,-0.952950,-0.426101,0.534733,-2.319142,-0.441925,2.316826,0.592302,-0.389812,0.127898,0.208811,0.018139,-0.195381,0.342374,-0.130272
2.819158,-1.094087,0.099611,1.046647,0.950528,-1.136359,1.089249,-0.336705,0.155225,-0.556089,0.859518,0.482785,-0.621132,0.758492,-0.119707,-0.953346,-0.425969,0.534941,-2.319123,-0.442125,2.317161,0.592173,-0.391059,0.129686,0.208101,0.018218,-0.195881,0.342107,-0.129388
2.820048,-1.091429,0.103923,1.043639,0.952380,-1.135809,1.086385,-0.337851,0.155877,-0.562144,0.859837,0.486246,-0.621177,0.758701,-0.119811,-0.953735,-0.425837,0.535147,-2.319102,-0.442314,2.317508,0.592035,-0.392400,0.130088,0.207937,0.018947,-0.194613,0.341974,-0.131750
2.820961,-1.083380,0.101386,1.042675,0.953228,-1.134827,1.086388,-0.338156,0.157991,-0.571059,0.861274,0.491116,-0.621227,0.759238,-0.119952,-0.954129,-0.425715,0.535357,-2.319085,-0.442510,2.317859,0.591907,-0.393075,0.127846,0.209288,0.017272,-0.195107,0.344626,-0.129376
2.822101,-1.084289,0.105264,1.045518,0.953471,-1.137290,1.086824,-0.337686,0.160934,-0.580613,0.863221,0.496801,-0.621189,0.760014,-0.120078,-0.954532,-0.425583,0.535566,-2.319069,-0.442706,2.318200,0.591777,-0.396468,0.129004,0.209668,0.016692,-0.196073,0.344470,-0.128749
2.823081,-1.082479,0.109607,1.046400,0.950509,-1.138553,1.089788,-0.338170,0.165813,-0.590684,0.866931,0.503347,-0.621019,0.761046,-0.120142,-0.954924,-0.425459,0.535775,-2.319052,-0.442898,2.318543,0.591644,-0.396492,0.127345,0.208744,0.016852,-0.194080,0.344374,-0.129777
2.823995,-1.084323,0.103572,1.050086,0.950639,-1.136422,1.090179,-0.337868,0.172429,-0.597798,0.873095,0.507597,-0.620823,0.761907,-0.120115,-0.955321,-0.425337,0.535985,-2.319025,-0.443093,2.318880,0.591515,-0.397118,0.125260,0.208374,0.019882,-0.192955,0.341418,-0.128796
2.824986,-1.082472,0.108218,1.047389,0.951492,-1.137980,1.091569,-0.337953,0.179786,-0.599545,0.881311,0.506765,-0.620745,0.762175,-0.119995,-0.955711,-0.425202,0.536186,-2.319006,-0.443296,2.319214,0.591386,-0.395679,0.128146,0.206522,0.019885,-0.195028,0.340967,-0.129388
2.826044,-1.083280,0.115564,1.049761,0.953380,-1.135786,1.091519,-0.337349,0.187395,-0.598423,0.890548,0.502437,-0.620830,0.761971,-0.119820,-0.956110,-0.425081,0.536399,-2.318989,-0.443488,2.319551,0.591256,-0.396369,0.125878,0.207967,0.019319,-0.193623,0.339628,-0.129216
2.827049,-1.087941,0.110237,1.050463,0.953362,-1.131343,1.089984,-0.338352,0.193457,-0.593549,0.898623,0.495948,-0.621063,0.761431,-0.119625,-0.956507,-0.424963,0.536604,-2.318975,-0.443686,2.319888,0.591123,-0.396028,0.122453,0.207105,0.017814,-0.196117,0.339898,-0.130469
2.827960,-1.090001,0.109675,1.045904,0.951205,-1.132557,1.090710,-0.337758,0.196322,-0.583717,0.903731,0.487868,-0.621419,0.760638,-0.119414,-0.956891,-0.424833,0.536810,-2.318954,-0.443897,2.320232,0.590998,-0.393674,0.125203,0.206945,0.018046,-0.200607,0.341492,-0.128469
2.829006,-1.082976,0.111131,1.037098,0.953090,-1.131638,1.090076,-0.336639,0.194219,-0.571556,0.903434,0.478935,-0.621911,0.759592,-0.119205,-0.957281,-0.424709,0.537025,-2.318930,-0.444096,2.320575,0.590865,-0.392138,0.125402,0.209075,0.020293,-0.199284,0.340597,-0.129642
2.830177,-1.083582,0.110038,1.038973,0.954026,-1.130604,1.091885,-0.337140,0.185066,-0.558527,0.894892,0.469278,-0.622565,0.758198,-0.119052,-0.957685,-0.424585,0.537247,-2.318915,-0.444299,2.320916,0.590732,-0.395635,0.124833,0.213605,0.018736,-0.200409,0.341405,-0.131914
2.830995,-1.087031,0.111972,1.044447,0.955012,-1.129910,1.089892,-0.335905,0.170080,-0.546515,0.878768,0.460812,-0.623340,0.756766,-0.118989,-0.958079,-0.424458,0.537459,-2.318896,-0.444507,2.321253,0.590602,-0.395938,0.125713,0.213179,0.018183,-0.201860,0.340009,-0.130984
2.831985,-1.084603,0.108853,1.040080,0.954653,-1.126160,1.088292,-0.336061,0.152899,-0.537329,0.859077,0.455048,-0.624205,0.755669,-0.119012,-0.958467,-0.424337,0.537664,-2.318881,-0.444713,2.321595,0.590462,-0.393264,0.124571,0.210112,0.017395,-0.202213,0.341704,-0.133362
2.833004,-1.080925,0.108157,1.038460,0.954282,-1.122677,1.085600,-0.335307,0.135326,-0.530672,0.838412,0.451262,-0.625167,0.754867,-0.119098,-0.958861,-0.424209,0.537876,-2.318862,-0.444923,2.321941,0.590331,-0.394321,0.126180,0.212427,0.018001,-0.205998,0.343308,-0.133026
2.834034,-1.086475,0.108144,1.042088,0.954234,-1.121090,1.083180,-0.335652,0.117678,-0.527039,0.817117,0.448813,-0.626197,0.754216,-0.119207,-0.959261,-0.424083,0.538094,-2.318841,-0.445143,2.322298,0.590193,-0.396024,0.126608,0.213302,0.018571,-0.209444,0.346011,-0.134543
2.835098,-1.089184,0.107504,1.039099,0.955021,-1.117933,1.082676,-0.335639,0.100107,-0.526271,0.795487,0.446792,-0.627264,0.753572,-0.119300,-0.959657,-0.423958,0.538300,-2.318821,-0.445355,2.322650,0.590058,-0.393170,0.126736,0.211722,0.018865,-0.211077,0.348478,-0.133839
2.836153,-1.086273,0.108718,1.033280,0.954442,-1.117295,1.080703,-0.334895,0.081195,-0.526786,0.772385,0.444387,-0.628343,0.752736,-0.119355,-0.960044,-0.423828,0.538517,-2.318802,-0.445579,2.323003,0.589923,-0.392056,0.127182,0.213454,0.018351,-0.214273,0.349082,-0.133901
2.837008,-1.089305,0.109365,1.029378,0.954416,-1.113458,1.082282,-0.335204,0.058588,-0.527296,0.745214,0.441507,-0.629395,0.751525,-0.119363,-0.960445,-0.423702,0.538741,-2.318784,-0.445800,2.323362,0.589783,-0.393551,0.126716,0.216483,0.019244,-0.214917,0.351133,-0.135406
2.838047,-1.092689,0.110106,1.025071,0.955378,-1.110257,1.080449,-0.333615,0.030395,-0.526055,0.711853,0.437567,-0.630417,0.749730,-0.119314,-0.960831,-0.423574,0.538962,-2.318764,-0.446023,2.323705,0.589649,-0.391281,0.126205,0.218025,0.019381,-0.218369,0.349251,-0.134685
2.839038,-1.094031,0.106503,1.025348,0.953488,-1.106671,1.080099,-0.333283,-0.005197,-0.521526,0.670338,0.432394,-0.631427,0.747218,-0.119219,-0.961221,-0.423450,0.539187,-2.318745,-0.446254,2.324061,0.589507,-0.389665,0.125993,0.220236,0.018682,-0.221462,0.351171,-0.137887
2.839977,-1.091260,0.109574,1.020576,0.956063,-1.105831,1.077354,-0.332658,-0.047984,-0.514358,0.620887,0.426370,-0.632460,0.744045,-0.119109,-0.961613,-0.423318,0.539406,-2.318720,-0.446490,2.324408,0.589366,-0.388830,0.127793,0.220074,0.020698,-0.224795,0.351506,-0.138487
2.841017,-1.086373,0.111472,1.021027,0.954847,-1.103751,1.074535,-0.333166,-0.095129,-0.506262,0.566678,0.419979,-0.633544,0.740486,-0.119000,-0.962004,-0.423195,0.539634,-2.318705,-0.446719,2.324772,0.589227,-0.389842,0.126228,0.222232,0.018370,-0.225305,0.354066,-0.139686
2.842009,-1.087789,0.110342,1.017742,0.956015,-1.103787,1.072162,-0.332363,-0.143105,-0.497372,0.511793,0.413466,-0.634671,0.736892,-0.118887,-0.962403,-0.423072,0.539858,-2.318682,-0.446956,2.325137,0.589087,-0.392271,0.125449,0.222036,0.019791,-0.227243,0.356882,-0.138644
2.843018,-1.084049,0.109964,1.015986,0.957435,-1.099564,1.070704,-0.334240,-0.189220,-0.487462,0.459373,0.406449,-0.635819,0.733457,-0.118761,-0.962789,-0.422945,0.540082,-2.318664,-0.447187,2.325499,0.588944,-0.391431,0.126073,0.223638,0.018874,-0.226973,0.359162,-0.140230
2.844104,-1.080094,0.112331,1.013220,0.957187,-1.099264,1.071933,-0.334735,-0.232398,-0.478277,0.410179,0.400162,-0.636902,0.730364,-0.118619,-0.963187,-0.422821,0.540310,-2.318647,-0.447422,2.325863,0.588814,-0.393171,0.126360,0.224435,0.017743,-0.231035,0.360544,-0.136440
2.845007,-1.080608,0.110416,1.012218,0.956598,-1.096955,1.070552,-0.334262,-0.271441,-0.471163,0.365125,0.396025,-0.637789,0.727778,-0.118455,-0.963589,-0.422697,0.540543,-2.318628,-0.447656,2.326221,0.588678,-0.395292,0.125390,0.225903,0.018306,-0.231261,0.359427,-0.135514
2.845996,-1.082122,0.110799,1.014828,0.953694,-1.095706,1.069283,-0.334566,-0.305590,-0.465293,0.325214,0.393131,-0.638436,0.725561,-0.118275,-0.963977,-0.422566,0.540769,-2.318608,-0.447890,2.326581,0.588540,-0.394486,0.126224,0.226074,0.019035,-0.233165,0.360565,-0.136405
2.847129,-1.083981,0.109647,1.008475,0.957343,-1.096004,1.069501,-0.334602,-0.335383,-0.458867,0.290462,0.388891,-0.638898,0.723291,-0.118087,-0.964371,-0.422440,0.540993,-2.318580,-0.448127,2.326947,0.588404,-0.393524,0.126064,0.224683,0.022000,-0.234135,0.361719,-0.135767
2.848068,-1.082996,0.113468,1.007665,0.956781,-1.095192,1.068991,-0.335378,-0.362243,-0.451303,0.259497,0.382584,-0.639213,0.720768,-0.117889,-0.964765,-0.422311,0.541227,-2.318568,-0.448359,2.327309,0.588265,-0.393051,0.126894,0.228095,0.018791,-0.233910,0.361701,-0.135745
2.849026,-1.086312,0.115015,1.007262,0.956070,-1.094119,1.069274,-0.334231,-0.388195,-0.443011,0.229586,0.376299,-0.639345,0.718171,-0.117691,-0.965153,-0.422190,0.541456,-2.318549,-0.448592,2.327674,0.588134,-0.393190,0.124983,0.228196,0.019570,-0.234390,0.361993,-0.134154
2.850145,-1.084285,0.114926,1.001649,0.957409,-1.093016,1.070017,-0.334224,-0.414283,-0.431818,0.199879,0.369505,-0.639338,0.715471,-0.117516,-0.965539,-0.422069,0.541685,-2.318527,-0.448826,2.328033,0.587990,-0.391271,0.124287,0.228191,0.020433,-0.235159,0.361564,-0.136422
2.851049,-1.086141,0.114172,0.998257,0.955880,-1.092875,1.070499,-0.334931,-0.440744,-0.416450,0.170389,0.361282,-0.639275,0.712625,-0.117387,-0.965928,-0.421944,0.541920,-2.318510,-0.449064,2.328395,0.587856,-0.392762,0.124600,0.231171,0.019438,-0.236266,0.360999,-0.136475
2.852172,-1.087366,0.116089,1.000408,0.956844,-1.096417,1.069302,-0.334701,-0.467869,-0.398658,0.140249,0.352864,-0.639196,0.709795,-0.117320,-0.966317,-0.421819,0.542158,-2.318486,-0.449298,2.328756,0.587724,-0.391269,0.124908,0.232384,0.021055,-0.235971,0.360247,-0.134996
2.853069,-1.089243,0.114445,0.997834,0.958380,-1.096580,1.069238,-0.336221,-0.495186,-0.379135,0.109929,0.344234,-0.639153,0.706999,-0.117311,-0.966707,-0.421694,0.542386,-2.318466,-0.449523,2.329117,0.587587,-0.391128,0.124209,0.231511,0.020384,-0.232531,0.361663,-0.135529
2.854006,-1.084481,0.112970,1.002604,0.956912,-1.094697,1.070355,-0.335742,-0.521207,-0.358770,0.081108,0.336018,-0.639150,0.704360,-0.117348,-0.967090,-0.421568,0.542623,-2.318450,-0.449754,2.329474,0.587463,-0.389690,0.124943,0.232345,0.019072,-0.231998,0.361455,-0.132433
2.855034,-1.081215,0.111498,1.004528,0.956680,-1.096644,1.070086,-0.335914,-0.543000,-0.340119,0.056811,0.329734,-0.639122,0.702201,-0.117400,-0.967485,-0.421443,0.542850,-2.318426,-0.449988,2.329839,0.587329,-0.391655,0.125665,0.229682,0.020636,-0.233543,0.360105,-0.133392
2.856098,-1.084248,0.113016,1.001742,0.957775,-1.097589,1.072253,-0.335292,-0.555765,-0.325520,0.042484,0.325354,-0.639017,0.700805,-0.117445,-0.967878,-0.421313,0.543076,-2.318404,-0.450215,2.330197,0.587196,-0.393271,0.126465,0.228743,0.021047,-0.231479,0.360401,-0.133051
2.857035,-1.086513,0.110897,1.001964,0.958559,-1.099449,1.074846,-0.336987,-0.558578,-0.315258,0.039181,0.322629,-0.638805,0.700172,-0.117488,-0.968268,-0.421190,0.543309,-2.318384,-0.450443,2.330552,0.587058,-0.391906,0.125896,0.230189,0.020205,-0.230518,0.358319,-0.134326
2.858059,-1.085433,0.115017,0.999819,0.956685,-1.099043,1.077109,-0.336974,-0.555661,-0.308245,0.041876,0.322237,-0.638468,0.700095,-0.117533,-0.968661,-0.421063,0.543536,-2.318364,-0.450665,2.330901,0.586932,-0.390348,0.126918,0.229814,0.019595,-0.228415,0.355593,-0.130886
2.859224,-1.089429,0.117904,1.002989,0.958447,-1.098378,1.079024,-0.337218,-0.550452,-0.302366,0.046867,0.323380,-0.638052,0.700282,-0.117582,-0.969052,-0.420940,0.543770,-2.318338,-0.450894,2.331245,0.586803,-0.390901,0.124966,0.230795,0.021587,-0.228732,0.353424,-0.130975
2.859986,-1.085707,0.118879,1.006083,0.958028,-1.098797,1.077061,-0.337863,-0.544442,-0.294168,0.053184,0.323727,-0.637627,0.700432,-0.117640,-0.969442,-0.420818,0.543999,-2.318320,-0.451128,2.331596,0.586674,-0.389532,0.123918,0.229525,0.020169,-0.229540,0.351855,-0.130590
2.860954,-1.087515,0.119524,1.002158,0.958148,-1.097970,1.077934,-0.337363,-0.536962,-0.282301,0.062104,0.322503,-0.637211,0.700564,-0.117708,-0.969837,-0.420697,0.544219,-2.318300,-0.451354,2.331949,0.586548,-0.390157,0.123178,0.227339,0.020659,-0.228457,0.353333,-0.129187
2.861991,-1.083905,0.118172,1.004790,0.958965,-1.096526,1.077641,-0.339036,-0.527417,-0.267367,0.074407,0.319759,-0.636842,0.700755,-0.117786,-0.970225,-0.420573,0.544453,-2.318280,-0.451587,2.332301,0.586416,-0.389014,0.122898,0.229098,0.020745,-0.229025,0.352356,-0.130202
2.863029,-1.082395,0.114431,1.009066,0.958549,-1.099351,1.076135,-0.339100,-0.516267,-0.251140,0.089141,0.316343,-0.636569,0.701106,-0.117873,-0.970621,-0.420448,0.544682,-2.318261,-0.451821,2.332649,0.586295,-0.390835,0.123727,0.227749,0.020181,-0.230340,0.352755,-0.126879
2.864007,-1.078644,0.114701,1.009728,0.959653,-1.098084,1.077352,-0.339769,-0.500930,-0.237903,0.108504,0.314242,-0.636412,0.701994,-0.117948,-0.971010,-0.420319,0.544900,-2.318239,-0.452040,2.333007,0.586171,-0.391659,0.125696,0.225729,0.020803,-0.227484,0.354307,-0.126841
2.865082,-1.079816,0.111852,1.011644,0.960391,-1.095711,1.081276,-0.339752,-0.478363,-0.231094,0.135472,0.314774,-0.636382,0.703699,-0.117998,-0.971410,-0.420195,0.545125,-2.318219,-0.452270,2.333362,0.586048,-0.393220,0.125591,0.225302,0.019897,-0.228566,0.352986,-0.125519
2.866165,-1.077762,0.114804,1.013257,0.960211,-1.095503,1.081317,-0.340766,-0.448752,-0.231655,0.169471,0.319033,-0.636419,0.706293,-0.118017,-0.971805,-0.420063,0.545347,-2.318201,-0.452502,2.333700,0.585922,-0.392796,0.127149,0.224528,0.019478,-0.230920,0.349271,-0.125633
2.867086,-1.076028,0.110530,1.020828,0.959993,-1.093688,1.078064,-0.341777,-0.413901,-0.238406,0.208444,0.326927,-0.636446,0.709653,-0.117993,-0.972200,-0.419939,0.545569,-2.318180,-0.452731,2.334052,0.585802,-0.394054,0.125864,0.223916,0.019914,-0.231109,0.349431,-0.123686
2.867979,-1.073489,0.110191,1.022916,0.960031,-1.094216,1.077937,-0.341349,-0.374285,-0.249351,0.252409,0.336549,-0.636439,0.713533,-0.117914,-0.972594,-0.419810,0.545783,-2.318161,-0.452969,2.334406,0.585684,-0.394392,0.127942,0.219968,0.020311,-0.232517,0.352527,-0.121677
2.869039,-1.076817,0.111982,1.024172,0.960916,-1.095423,1.076845,-0.342623,-0.329024,-0.264166,0.302837,0.346614,-0.636364,0.717823,-0.117789,-0.972987,-0.419681,0.545994,-2.318142,-0.453200,2.334760,0.585560,-0.395035,0.127952,0.218785,0.020433,-0.231546,0.352376,-0.122542
2.870037,-1.076985,0.110220,1.030846,0.960745,-1.095122,1.076875,-0.342643,-0.280382,-0.281275,0.357471,0.356407,-0.636159,0.722297,-0.117635,-0.973377,-0.419558,0.546210,-2.318124,-0.453424,2.335117,0.585443,-0.393520,0.127247,0.218378,0.019861,-0.230348,0.353564,-0.120060
2.871020,-1.072380,0.110898,1.030542,0.962002,-1.094859,1.077628,-0.343437,-0.231841,-0.298157,0.412695,0.365219,-0.635785,0.726648,-0.117464,-0.973771,-0.419428,0.546416,-2.318103,-0.453649,2.335468,0.585321,-0.393295,0.128158,0.215177,0.020225,-0.230533,0.353513,-0.120086
2.872102,-1.079395,0.107495,1.031222,0.962002,-1.096728,1.079893,-0.343442,-0.183613,-0.314849,0.468249,0.373511,-0.635214,0.730896,-0.117286,-0.974165,-0.419302,0.546631,-2.318085,-0.453880,2.335821,0.585207,-0.395382,0.127835,0.215381,0.019213,-0.230570,0.352700,-0.118551
2.872992,-1.075522,0.109760,1.031063,0.963032,-1.101134,1.080774,-0.343004,-0.136846,-0.332197,0.522388,0.382496,-0.634456,0.735095,-0.117142,-0.974552,-0.419170,0.546847,-2.318064,-0.454105,2.336170,0.585088,-0.392131,0.129687,0.215312,0.019467,-0.228733,0.350605,-0.118656
2.873977,-1.078076,0.108375,1.030201,0.960090,-1.103638,1.077948,-0.343404,-0.094687,-0.349770,0.571249,0.392595,-0.633598,0.739107,-0.117092,-0.974942,-0.419046,0.547058,-2.318044,-0.454318,2.336512,0.584968,-0.393504,0.128434,0.215210,0.018587,-0.224052,0.349552,-0.119535
2.875078,-1.075443,0.107806,1.036475,0.961773,-1.102544,1.079218,-0.343084,-0.059103,-0.365166,0.612926,0.401829,-0.632820,0.742610,-0.117162,-0.975331,-0.418916,0.547275,-2.318017,-0.454538,2.336870,0.584853,-0.392036,0.129139,0.215652,0.021590,-0.221465,0.352334,-0.118782
2.876072,-1.081454,0.106071,1.042253,0.962759,-1.103114,1.077815,-0.343563,-0.029482,-0.377188,0.648422,0.408225,-0.632272,0.745450,-0.117327,-0.975728,-0.418783,0.547476,-2.317999,-0.454763,2.337218,0.584730,-0.393657,0.129565,0.212988,0.020213,-0.222689,0.351253,-0.119535
2.877050,-1.078268,0.109386,1.045461,0.965706,-1.102814,1.078396,-0.342937,-0.002752,-0.388072,0.680951,0.413227,-0.631917,0.748031,-0.117547,-0.976109,-0.418651,0.547679,-2.317980,-0.454981,2.337574,0.584611,-0.390587,0.130426,0.210292,0.019470,-0.222025,0.352638,-0.118614
2.878100,-1.083809,0.110316,1.051517,0.964317,-1.103628,1.079187,-0.343520,0.023005,-0.399297,0.712433,0.419176,-0.631627,0.750771,-0.117802,-0.976501,-0.418524,0.547885,-2.317968,-0.455204,2.337926,0.584484,-0.391991,0.128762,0.208812,0.016902,-0.222184,0.351974,-0.119898
2.879083,-1.082967,0.113636,1.053928,0.962738,-1.105713,1.079805,-0.343291,0.047797,-0.409250,0.743177,0.425940,-0.631327,0.753657,-0.118055,-0.976889,-0.418394,0.548083,-2.317947,-0.455427,2.338276,0.584369,-0.389326,0.128403,0.206171,0.018560,-0.221357,0.351294,-0.118805
2.879971,-1.085701,0.110005,1.053434,0.963284,-1.106674,1.080429,-0.343145,0.070575,-0.414315,0.772827,0.430256,-0.631027,0.756212,-0.118241,-0.977276,-0.418267,0.548286,-2.317924,-0.455640,2.338624,0.584248,-0.389629,0.126764,0.205145,0.020270,-0.219216,0.350653,-0.119322
2.881093,-1.086935,0.111986,1.048119,0.962395,-1.110150,1.079829,-0.343667,0.089647,-0.413082,0.799666,0.430130,-0.630718,0.758019,-0.118310,-0.977663,-0.418137,0.548492,-2.317905,-0.455855,2.338967,0.584128,-0.387660,0.128450,0.205289,0.019862,-0.218000,0.349835,-0.119604
2.882073,-1.089304,0.111085,1.052261,0.965114,-1.111887,1.081512,-0.344787,0.102353,-0.407149,0.819866,0.426727,-0.630342,0.758951,-0.118244,-0.978046,-0.418011,0.548705,-2.317884,-0.456062,2.339324,0.584013,-0.387599,0.127689,0.208386,0.021037,-0.214819,0.350665,-0.118685
2.883028,-1.094967,0.107232,1.053700,0.963129,-1.112419,1.079598,-0.345796,0.107094,-0.398117,0.830792,0.421878,-0.629858,0.759095,-0.118048,-0.978432,-0.417883,0.548906,-2.317871,-0.456273,2.339679,0.583902,-0.386252,0.128161,0.206445,0.018652,-0.213061,0.348888,-0.116511
2.884092,-1.090330,0.113877,1.056720,0.965113,-1.115081,1.078939,-0.345393,0.105338,-0.388343,0.833622,0.417390,-0.629297,0.758784,-0.117747,-0.978812,-0.417749,0.549107,-2.317844,-0.456482,2.340030,0.583790,-0.383218,0.130005,0.205857,0.020718,-0.212478,0.350737,-0.114555
2.884998,-1.091792,0.111755,1.059011,0.966021,-1.114867,1.077636,-0.346174,0.099495,-0.378372,0.831229,0.413076,-0.628758,0.758188,-0.117388,-0.979200,-0.417626,0.549308,-2.317830,-0.456690,2.340384,0.583674,-0.385794,0.126838,0.204734,0.019101,-0.209982,0.351497,-0.115494
2.886065,-1.092454,0.110968,1.061472,0.966427,-1.117201,1.078906,-0.345001,0.092603,-0.367336,0.827352,0.408639,-0.628301,0.757530,-0.117028,-0.979582,-0.417497,0.549511,-2.317813,-0.456900,2.340743,0.583562,-0.384595,0.127824,0.203553,0.018422,-0.210041,0.352553,-0.113938
2.887069,-1.092316,0.109311,1.063539,0.966763,-1.116409,1.077573,-0.345414,0.086986,-0.356910,0.824340,0.405443,-0.627933,0.757142,-0.116714,-0.979963,-0.417369,0.549710,-2.317796,-0.457100,2.341088,0.583439,-0.384579,0.128351,0.202761,0.018345,-0.207955,0.351435,-0.116400
2.888073,-1.086309,0.111501,1.061328,0.967469,-1.117532,1.072972,-0.345281,0.083677,-0.349300,0.822974,0.404351,-0.627650,0.757187,-0.116472,-0.980348,-0.417240,0.549912,-2.317778,-0.457310,2.341447,0.583324,-0.384633,0.129218,0.201963,0.018294,-0.208805,0.352751,-0.115618
2.888986,-1.084532,0.105788,1.059746,0.967588,-1.118091,1.072012,-0.345662,0.083216,-0.344785,0.823753,0.405119,-0.627430,0.757666,-0.116308,-0.980741,-0.417115,0.550116,-2.317761,-0.457516,2.341813,0.583205,-0.387532,0.128189,0.203292,0.017875,-0.207737,0.357295,-0.115956
2.890044,-1.083228,0.104007,1.062131,0.968965,-1.116576,1.070181,-0.345581,0.085437,-0.343663,0.826243,0.407675,-0.627241,0.758540,-0.116207,-0.981124,-0.416981,0.550322,-2.317744,-0.457720,2.342175,0.583092,-0.387975,0.130917,0.204019,0.017979,-0.207073,0.357963,-0.115213
2.891039,-1.089387,0.111131,1.062316,0.969994,-1.118820,1.068577,-0.344780,0.090541,-0.348271,0.830142,0.413294,-0.627037,0.759937,-0.116160,-0.981513,-0.416849,0.550525,-2.317729,-0.457931,2.342539,0.582975,-0.388810,0.131879,0.203175,0.016963,-0.208749,0.359845,-0.115480
2.892028,-1.082609,0.111011,1.062745,0.970626,-1.117133,1.070198,-0.345444,0.096871,-0.356831,0.833963,0.421557,-0.626805,0.761700,-0.116175,-0.981895,-0.416727,0.550727,-2.317713,-0.458129,2.342902,0.582855,-0.385656,0.128380,0.203301,0.016264,-0.206598,0.361363,-0.117149
2.893044,-1.087183,0.113538,1.062436,0.970688,-1.114500,1.068274,-0.345133,0.101759,-0.363910,0.835797,0.430122,-0.626583,0.763426,-0.116262,-0.982285,-0.416600,0.550929,-2.317697,-0.458339,2.343265,0.582745,-0.388963,0.128514,0.203285,0.015927,-0.208324,0.359605,-0.115875
2.894030,-1.090594,0.111382,1.059485,0.970355,-1.113055,1.065489,-0.346297,0.104850,-0.367750,0.835734,0.437936,-0.626402,0.764989,-0.116418,-0.982668,-0.416477,0.551134,-2.317680,-0.458557,2.343622,0.582626,-0.386662,0.127357,0.203667,0.016177,-0.210949,0.361559,-0.116583
2.895021,-1.094797,0.110723,1.057076,0.970255,-1.112649,1.064542,-0.345214,0.104000,-0.368070,0.831539,0.444197,-0.626294,0.766125,-0.116636,-0.983045,-0.416345,0.551343,-2.317660,-0.458772,2.343991,0.582515,-0.384957,0.128430,0.205256,0.016715,-0.212323,0.364209,-0.114305
2.896083,-1.089471,0.113197,1.053225,0.972100,-1.112644,1.064168,-0.345975,0.095598,-0.365008,0.819158,0.448328,-0.626281,0.766501,-0.116905,-0.983426,-0.416216,0.551552,-2.317643,-0.458988,2.344362,0.582393,-0.382804,0.128768,0.206567,0.017104,-0.212660,0.364996,-0.116556
2.896986,-1.092020,0.111962,1.050176,0.972532,-1.116105,1.061144,-0.345110,0.079303,-0.359895,0.797954,0.451206,-0.626324,0.766231,-0.117201,-0.983820,-0.416089,0.551762,-2.317631,-0.459199,2.344727,0.582277,-0.385650,0.127669,0.208789,0.015682,-0.212806,0.365407,-0.115100
2.898008,-1.092795,0.113322,1.048514,0.973137,-1.117071,1.058418,-0.345580,0.056815,-0.353993,0.769585,0.454161,-0.626361,0.765626,-0.117491,-0.984199,-0.415958,0.551976,-2.317617,-0.459402,2.345103,0.582156,-0.383917,0.128152,0.210128,0.015576,-0.209194,0.368096,-0.116858
2.899099,-1.093680,0.109581,1.048113,0.972476,-1.115881,1.061552,-0.344428,0.028871,-0.347780,0.734891,0.457358,-0.626384,0.764716,-0.117760,-0.984584,-0.415834,0.552191,-2.317603,-0.459609,2.345476,0.582038,-0.383602,0.127593,0.211084,0.015329,-0.208362,0.370734,-0.115966
2.900074,-1.089199,0.109582,1.049324,0.972465,-1.115389,1.059106,-0.344338,-0.003179,-0.342224,0.695481,0.460590,-0.626396,0.763489,-0.117993,-0.984968,-0.415701,0.552406,-2.317586,-0.459818,2.345841,0.581916,-0.383544,0.129608,0.211587,0.016371,-0.209797,0.367645,-0.118393
2.900981,-1.091589,0.111410,1.040013,0.973540,-1.113767,1.055529,-0.345642,-0.035444,-0.339786,0.655665,0.464250,-0.626387,0.762178,-0.118158,-0.985358,-0.415574,0.552613,-2.317568,-0.460030,2.346218,0.581797,-0.385582,0.129600,0.211060,0.016621,-0.210229,0.369930,-0.118597
2.902094,-1.089879,0.110376,1.047912,0.971881,-1.113000,1.056739,-0.345606,-0.067017,-0.340282,0.616547,0.468021,-0.626357,0.760736,-0.118221,-0.985745,-0.415447,0.552835,-2.317555,-0.460245,2.346592,0.581683,-0.383853,0.128580,0.215498,0.015847,-0.211637,0.373179,-0.115988
2.903079,-1.087808,0.112366,1.042755,0.973202,-1.115013,1.058419,-0.347444,-0.099192,-0.341503,0.577027,0.470717,-0.626302,0.758897,-0.118171,-0.986131,-0.415314,0.553040,-2.317532,-0.460461,2.346967,0.581567,-0.385203,0.129281,0.211962,0.017770,-0.212601,0.372013,-0.116215
2.903977,-1.086482,0.113684,1.040286,0.973719,-1.114058,1.059685,-0.346193,-0.129674,-0.343254,0.540036,0.471802,-0.626198,0.756756,-0.118019,-0.986521,-0.415188,0.553263,-2.317519,-0.460673,2.347338,0.581461,-0.386058,0.128315,0.214532,0.016784,-0.210536,0.370169,-0.112602
2.905093,-1.089088,0.112808,1.040021,0.972433,-1.112116,1.060681,-0.347168,-0.157746,-0.345384,0.506329,0.471990,-0.625983,0.754500,-0.117796,-0.986910,-0.415060,0.553480,-2.317504,-0.460884,2.347703,0.581341,-0.386152,0.127529,0.215526,0.016541,-0.211313,0.368608,-0.115164
2.906089,-1.091967,0.112276,1.035132,0.975062,-1.113986,1.060818,-0.346809,-0.185162,-0.346990,0.473874,0.471411,-0.625628,0.752095,-0.117525,-0.987292,-0.414931,0.553700,-2.317481,-0.461104,2.348070,0.581231,-0.385364,0.128198,0.215953,0.018082,-0.213435,0.367763,-0.113327
2.906995,-1.086696,0.113156,1.032819,0.974709,-1.112465,1.061049,-0.347593,-0.213481,-0.348454,0.440814,0.470358,-0.625160,0.749530,-0.117219,-0.987675,-0.414800,0.553923,-2.317470,-0.461312,2.348433,0.581114,-0.383884,0.128463,0.218377,0.015825,-0.211557,0.367545,-0.114132
2.908074,-1.084344,0.115681,1.033732,0.973956,-1.112131,1.060230,-0.347900,-0.243592,-0.350762,0.405803,0.470175,-0.624616,0.746960,-0.116903,-0.988060,-0.414672,0.554146,-2.317450,-0.461529,2.348797,0.581002,-0.386084,0.127911,0.219249,0.016382,-0.212868,0.367028,-0.112576
2.909010,-1.085241,0.112894,1.031267,0.975889,-1.112243,1.062590,-0.347676,-0.273320,-0.353322,0.371500,0.470090,-0.624067,0.744477,-0.116596,-0.988448,-0.414549,0.554367,-2.317430,-0.461743,2.349170,0.580891,-0.387532,0.126862,0.218978,0.017406,-0.213341,0.367896,-0.112100
2.909973,-1.086542,0.114199,1.031811,0.974401,-1.111357,1.062376,-0.347944,-0.300350,-0.355943,0.340673,0.469353,-0.623562,0.742154,-0.116315,-0.988833,-0.414418,0.554590,-2.317419,-0.461952,2.349530,0.580777,-0.386719,0.128192,0.220031,0.015832,-0.213119,0.365305,-0.112604
2.911104,-1.081922,0.112931,1.031205,0.975664,-1.110726,1.065194,-0.347639,-0.324930,-0.359371,0.312823,0.468667,-0.623094,0.740024,-0.116077,-0.989213,-0.414290,0.554810,-2.317399,-0.462171,2.349895,0.580666,-0.385908,0.127494,0.219643,0.017541,-0.213878,0.365379,-0.112124
2.912196,-1.083287,0.115940,1.025826,0.976027,-1.112455,1.069437,-0.347792,-0.346652,-0.363779,0.288434,0.467977,-0.622641,0.738045,-0.115878,-0.989606,-0.414160,0.555034,-2.317383,-0.462388,2.350249,0.580552,-0.388715,0.128375,0.220261,0.016648,-0.214732,0.362787,-0.112895
2.913026,-1.082251,0.116162,1.024718,0.974862,-1.111456,1.069862,-0.348895,-0.364937,-0.369495,0.267942,0.467921,-0.622129,0.736301,-0.115710,-0.989991,-0.414034,0.555263,-2.317364,-0.462596,2.350601,0.580441,-0.388381,0.127061,0.223122,0.016602,-0.213221,0.358716,-0.112715
2.913977,-1.086892,0.115798,1.024478,0.974967,-1.111531,1.070608,-0.349519,-0.381887,-0.374797,0.248990,0.468047,-0.621527,0.734638,-0.115568,-0.990379,-0.413908,0.555486,-2.317344,-0.462810,2.350957,0.580334,-0.388037,0.126754,0.223155,0.017881,-0.213865,0.357931,-0.110502
2.914971,-1.087640,0.113959,1.017361,0.973686,-1.112757,1.070665,-0.348930,-0.399552,-0.377414,0.229760,0.466555,-0.620876,0.732731,-0.115444,-0.990764,-0.413781,0.555709,-2.317324,-0.463023,2.351308,0.580224,-0.385425,0.126912,0.223125,0.017953,-0.213675,0.357074,-0.109332
2.915993,-1.092472,0.115148,1.016745,0.974095,-1.110340,1.070966,-0.349162,-0.419669,-0.377217,0.208380,0.462899,-0.620224,0.730382,-0.115356,-0.991144,-0.413652,0.555943,-2.317302,-0.463233,2.351666,0.580111,-0.385065,0.127868,0.226537,0.019421,-0.212448,0.356970,-0.110610
2.917042,-1.094858,0.120240,1.020741,0.975306,-1.108695,1.070102,-0.349417,-0.444265,-0.374375,0.182374,0.457145,-0.619625,0.727479,-0.115318,-0.991526,-0.413527,0.556172,-2.317283,-0.463456,2.352017,0.580005,-0.382719,0.127361,0.226767,0.019233,-0.214842,0.356704,-0.110252
2.918048,-1.093064,0.122339,1.015441,0.974894,-1.110705,1.070403,-0.348599,-0.472740,-0.367921,0.152670,0.449386,-0.619125,0.724139,-0.115314,-0.991903,-0.413407,0.556391,-2.317264,-0.463674,2.352376,0.579896,-0.381820,0.125016,0.224891,0.018308,-0.216520,0.357632,-0.109863
2.918997,-1.093025,0.120269,1.017485,0.975104,-1.109239,1.074105,-0.349466,-0.502796,-0.356488,0.122261,0.439537,-0.618771,0.720551,-0.115340,-0.992291,-0.413286,0.556628,-2.317244,-0.463885,2.352731,0.579781,-0.382669,0.124114,0.227411,0.018944,-0.214496,0.357304,-0.111597
2.919978,-1.093741,0.120577,1.019861,0.974282,-1.109500,1.075853,-0.348978,-0.532149,-0.341438,0.093388,0.428379,-0.618597,0.716946,-0.115405,-0.992678,-0.413157,0.556852,-2.317226,-0.464102,2.353076,0.579674,-0.382379,0.125121,0.226168,0.018956,-0.215848,0.353490,-0.109906
2.920958,-1.091231,0.119687,1.021838,0.972579,-1.105885,1.075850,-0.349706,-0.557623,-0.326230,0.069050,0.417446,-0.618609,0.713706,-0.115501,-0.993055,-0.413032,0.557075,-2.317204,-0.464319,2.353427,0.579562,-0.381984,0.124999,0.224903,0.019952,-0.215483,0.351722,-0.110984
2.922056,-1.086739,0.118644,1.020258,0.970829,-1.104687,1.074046,-0.348823,-0.576285,-0.312631,0.052538,0.406698,-0.618805,0.711019,-0.115607,-0.993440,-0.412907,0.557299,-2.317176,-0.464545,2.353781,0.579454,-0.383121,0.125498,0.223814,0.021672,-0.218957,0.351677,-0.109594
2.923152,-1.079559,0.119404,1.027668,0.971457,-1.104033,1.077011,-0.349908,-0.586577,-0.301250,0.045677,0.395048,-0.619168,0.708829,-0.115688,-0.993832,-0.412779,0.557523,-2.317149,-0.464771,2.354138,0.579341,-0.385708,0.126217,0.224842,0.023545,-0.220204,0.353663,-0.111524
2.924148,-1.081817,0.119108,1.023766,0.971498,-1.101387,1.076705,-0.349852,-0.585836,-0.293734,0.051195,0.382842,-0.619647,0.707326,-0.115701,-0.994225,-0.412652,0.557738,-2.317126,-0.464993,2.354485,0.579234,-0.389596,0.126041,0.221411,0.023114,-0.220957,0.350870,-0.109471
2.925029,-1.084285,0.121412,1.027739,0.973478,-1.099448,1.075917,-0.351160,-0.572822,-0.291323,0.070055,0.371746,-0.620166,0.706810,-0.115626,-0.994612,-0.412527,0.557966,-2.317104,-0.465224,2.354837,0.579123,-0.388335,0.126258,0.223316,0.023234,-0.223425,0.351192,-0.109689
2.926077,-1.081234,0.124663,1.026549,0.972616,-1.098460,1.078359,-0.351806,-0.552085,-0.292508,0.096904,0.362782,-0.620663,0.707122,-0.115483,-0.994990,-0.412403,0.558183,-2.317087,-0.465454,2.355187,0.579022,-0.386588,0.124992,0.221020,0.021447,-0.224931,0.351731,-0.107114
2.927062,-1.081539,0.125133,1.025926,0.973221,-1.094461,1.081338,-0.350801,-0.528119,-0.294260,0.126935,0.355560,-0.621128,0.707921,-0.115308,-0.995381,-0.412282,0.558406,-2.317063,-0.465683,2.355537,0.578916,-0.388257,0.123568,0.221738,0.022487,-0.225842,0.349366,-0.105969
2.927983,-1.080414,0.125661,1.029819,0.973063,-1.089844,1.082479,-0.350619,-0.502632,-0.294726,0.158448,0.349311,-0.621580,0.709001,-0.115141,-0.995774,-0.412158,0.558627,-2.317042,-0.465919,2.355873,0.578804,-0.387869,0.123410,0.222001,0.022059,-0.229600,0.346432,-0.108088
2.929065,-1.081237,0.126352,1.031407,0.973357,-1.087135,1.081384,-0.350011,-0.476164,-0.294233,0.190714,0.344163,-0.622033,0.710335,-0.115014,-0.996156,-0.412035,0.558844,-2.317020,-0.466164,2.356218,0.578696,-0.388072,0.123126,0.219866,0.022329,-0.233726,0.345174,-0.108495
2.930046,-1.075195,0.125469,1.033675,0.975648,-1.085438,1.082383,-0.349354,-0.448024,-0.293759,0.224472,0.340271,-0.622496,0.711989,-0.114934,-0.996544,-0.411913,0.559063,-2.316998,-0.466405,2.356564,0.578582,-0.387944,0.123019,0.219314,0.022258,-0.236307,0.346490,-0.109839
2.931013,-1.077584,0.124996,1.038504,0.973645,-1.085304,1.084215,-0.349728,-0.416865,-0.295214,0.260935,0.338648,-0.622912,0.714167,-0.114909,-0.996935,-0.411789,0.559277,-2.316980,-0.466644,2.356910,0.578469,-0.390794,0.123535,0.218205,0.020208,-0.237691,0.345455,-0.111223
2.932085,-1.078927,0.124243,1.044504,0.974893,-1.083959,1.083550,-0.350175,-0.381100,-0.300678,0.301558,0.340306,-0.623203,0.717088,-0.114935,-0.997327,-0.411667,0.559488,-2.316952,-0.466880,2.357252,0.578359,-0.389279,0.123830,0.215806,0.022250,-0.237497,0.343596,-0.110529
2.932988,-1.072464,0.121048,1.043379,0.973843,-1.083729,1.084385,-0.349382,-0.340779,-0.309901,0.346608,0.344009,-0.623356,0.720572,-0.114982,-0.997718,-0.411541,0.559693,-2.316933,-0.467118,2.357595,0.578246,-0.388832,0.124382,0.213176,0.021258,-0.238750,0.344482,-0.109755
2.933965,-1.069946,0.120406,1.040013,0.973388,-1.081738,1.085979,-0.347945,-0.296450,-0.323170,0.395589,0.349147,-0.623352,0.724427,-0.115019,-0.998115,-0.411412,0.559909,-2.316908,-0.467360,2.357938,0.578133,-0.391460,0.125863,0.213568,0.022366,-0.238466,0.343471,-0.111389
2.935070,-1.073859,0.120126,1.044914,0.972604,-1.080391,1.089245,-0.348891,-0.249334,-0.341256,0.446743,0.355853,-0.623177,0.728490,-0.115045,-0.998510,-0.411288,0.560130,-2.316885,-0.467604,2.358279,0.578013,-0.392430,0.126231,0.215199,0.022945,-0.240110,0.341880,-0.114319
2.936126,-1.077040,0.122496,1.046737,0.973130,-1.077942,1.088541,-0.347616,-0.202338,-0.362651,0.496783,0.363185,-0.622875,0.732412,-0.115069,-0.998896,-0.411161,0.560336,-2.316859,-0.467847,2.358605,0.577901,-0.390872,0.126596,0.213156,0.023885,-0.241368,0.338961,-0.112523
2.937060,-1.077512,0.124050,1.044875,0.973397,-1.076781,1.091467,-0.347375,-0.158207,-0.384376,0.543206,0.369760,-0.622509,0.735872,-0.115095,-0.999286,-0.411038,0.560547,-2.316837,-0.468097,2.358949,0.577782,-0.389432,0.125586,0.212526,0.023552,-0.243569,0.339863,-0.115201
2.938046,-1.077504,0.123537,1.047167,0.974854,-1.077982,1.091435,-0.345441,-0.119698,-0.403390,0.583480,0.374697,-0.622114,0.738668,-0.115137,-0.999680,-0.410914,0.560757,-2.316815,-0.468338,2.359279,0.577665,-0.388759,0.124794,0.213418,0.023403,-0.244290,0.336880,-0.115691
2.939025,-1.077000,0.124186,1.050545,0.975097,-1.076778,1.091649,-0.345739,-0.088106,-0.419039,0.616164,0.378688,-0.621690,0.740908,-0.115192,-1.000067,-0.410786,0.560967,-2.316794,-0.468582,2.359616,0.577539,-0.388632,0.125083,0.212337,0.022124,-0.242719,0.336990,-0.119616
2.939984,-1.076947,0.125104,1.049315,0.974711,-1.077754,1.090233,-0.344411,-0.061583,-0.433008,0.643194,0.383056,-0.621263,0.742935,-0.115238,-1.000460,-0.410663,0.561175,-2.316773,-0.468827,2.359956,0.577418,-0.388645,0.124824,0.210749,0.022074,-0.243576,0.336796,-0.119013
2.941068,-1.075560,0.123583,1.048138,0.975562,-1.078594,1.091645,-0.343255,-0.038684,-0.445613,0.666394,0.387494,-0.620895,0.744821,-0.115258,-1.000851,-0.410541,0.561386,-2.316749,-0.469066,2.360294,0.577291,-0.388366,0.124410,0.211390,0.022556,-0.242225,0.338214,-0.121702
2.942047,-1.071696,0.121741,1.046151,0.973858,-1.078571,1.093267,-0.342393,-0.019874,-0.456695,0.685232,0.391520,-0.620614,0.746450,-0.115256,-1.001242,-0.410411,0.561599,-2.316728,-0.469307,2.360629,0.577161,-0.389340,0.125336,0.212291,0.021950,-0.241277,0.337043,-0.124070
2.942983,-1.069721,0.119534,1.050670,0.974050,-1.078637,1.092327,-0.341472,-0.004684,-0.467864,0.699717,0.395752,-0.620386,0.747870,-0.115234,-1.001637,-0.410282,0.561816,-2.316701,-0.469547,2.360956,0.577031,-0.391012,0.126253,0.213271,0.023694,-0.240983,0.335511,-0.125785
2.944175,-1.070282,0.119377,1.055987,0.974359,-1.080157,1.093482,-0.341075,0.009300,-0.480839,0.712289,0.400295,-0.620177,0.749210,-0.115172,-1.002024,-0.410152,0.562020,-2.316678,-0.469784,2.361294,0.576897,-0.391629,0.127275,0.211000,0.023587,-0.240531,0.336418,-0.127592
2.945017,-1.057878,0.119183,1.055172,0.974703,-1.079559,1.091402,-0.340422,0.025253,-0.496689,0.726665,0.405248,-0.619959,0.750685,-0.115068,-1.002419,-0.410024,0.562225,-2.316655,-0.470020,2.361635,0.576766,-0.392063,0.127688,0.209046,0.023551,-0.239180,0.335706,-0.128488
2.946024,-1.061387,0.121932,1.058550,0.974643,-1.079778,1.090891,-0.340688,0.046028,-0.515914,0.746177,0.411104,-0.619694,0.752588,-0.114926,-1.002829,-0.409895,0.562432,-2.316634,-0.470256,2.361974,0.576632,-0.397249,0.127559,0.209214,0.023290,-0.239222,0.337548,-0.129709
2.947037,-1.063905,0.121242,1.060808,0.974376,-1.080814,1.090999,-0.340222,0.072065,-0.536798,0.771551,0.417270,-0.619362,0.754914,-0.114749,-1.003216,-0.409769,0.562641,-2.316611,-0.470495,2.362312,0.576506,-0.395382,0.126247,0.207670,0.023518,-0.238739,0.338132,-0.129191
2.947987,-1.066284,0.121848,1.057784,0.975198,-1.080768,1.094070,-0.339037,0.099996,-0.555732,0.799522,0.422088,-0.618978,0.757242,-0.114544,-1.003608,-0.409641,0.562845,-2.316587,-0.470730,2.362648,0.576375,-0.394058,0.126676,0.206777,0.023904,-0.237499,0.338132,-0.130152
2.949125,-1.061486,0.123431,1.057410,0.976687,-1.081678,1.093789,-0.339202,0.125158,-0.570689,0.824964,0.425213,-0.618547,0.759202,-0.114332,-1.003994,-0.409513,0.563052,-2.316563,-0.470968,2.362980,0.576237,-0.392584,0.126330,0.208344,0.023179,-0.237191,0.335031,-0.132493
2.950100,-1.062489,0.124197,1.057765,0.975958,-1.083556,1.092711,-0.337563,0.145247,-0.581968,0.844873,0.428196,-0.618053,0.760830,-0.114135,-1.004394,-0.409390,0.563262,-2.316544,-0.471200,2.363316,0.576103,-0.395429,0.125848,0.209015,0.022022,-0.236368,0.335728,-0.132207
2.951009,-1.063004,0.117102,1.062967,0.977197,-1.085195,1.090646,-0.338080,0.160907,-0.589997,0.859804,0.431705,-0.617537,0.762260,-0.113974,-1.004787,-0.409265,0.563469,-2.316519,-0.471428,2.363651,0.575960,-0.394632,0.125511,0.208925,0.022851,-0.234266,0.336852,-0.135467
2.952188,-1.062284,0.119072,1.059572,0.974634,-1.083613,1.090418,-0.336626,0.174116,-0.596671,0.871942,0.435978,-0.617093,0.763648,-0.113871,-1.005175,-0.409127,0.563670,-2.316498,-0.471656,2.363997,0.575829,-0.393887,0.128871,0.206282,0.021722,-0.232286,0.338755,-0.134348
2.953057,-1.060798,0.118609,1.061272,0.975794,-1.084375,1.088269,-0.336951,0.186277,-0.604319,0.882762,0.441165,-0.616798,0.765120,-0.113832,-1.005572,-0.408999,0.563885,-2.316470,-0.471893,2.364339,0.575686,-0.394887,0.128172,0.208568,0.024457,-0.234040,0.339400,-0.137352
2.954058,-1.063498,0.117751,1.067693,0.976786,-1.085437,1.088005,-0.335922,0.196836,-0.611522,0.891911,0.445660,-0.616682,0.766513,-0.113850,-1.005963,-0.408870,0.564089,-2.316449,-0.472119,2.364683,0.575552,-0.394912,0.128227,0.207538,0.023358,-0.232824,0.341322,-0.136594
2.955043,-1.062802,0.117994,1.067737,0.976585,-1.085493,1.088878,-0.335371,0.206317,-0.617262,0.900181,0.449325,-0.616701,0.767874,-0.113916,-1.006355,-0.408738,0.564290,-2.316427,-0.472351,2.365023,0.575407,-0.393424,0.128668,0.204546,0.022549,-0.231572,0.341633,-0.138633
2.955986,-1.059209,0.116547,1.067223,0.977304,-1.084067,1.089174,-0.335466,0.216233,-0.622260,0.909261,0.453297,-0.616789,0.769413,-0.114019,-1.006751,-0.408607,0.564493,-2.316404,-0.472582,2.365364,0.575264,-0.393538,0.128521,0.204725,0.022886,-0.231302,0.340777,-0.139675
2.957070,-1.062365,0.115224,1.065944,0.976177,-1.084579,1.087778,-0.334691,0.226668,-0.626714,0.919122,0.457985,-0.616872,0.771153,-0.114121,-1.007148,-0.408476,0.564699,-2.316383,-0.472818,2.365704,0.575129,-0.394897,0.129168,0.205002,0.022313,-0.232390,0.340426,-0.139437
2.958034,-1.066977,0.115328,1.068967,0.976978,-1.085588,1.086523,-0.336364,0.236533,-0.630947,0.928291,0.463510,-0.616865,0.772964,-0.114178,-1.007541,-0.408346,0.564910,-2.316354,-0.473047,2.366052,0.574986,-0.393540,0.129973,0.205991,0.023532,-0.231872,0.342028,-0.141010
2.959039,-1.064808,0.115137,1.067333,0.976308,-1.089143,1.088909,-0.335430,0.243335,-0.634011,0.934145,0.468966,-0.616718,0.774487,-0.114170,-1.007930,-0.408216,0.565111,-2.316333,-0.473274,2.366397,0.574854,-0.390951,0.129870,0.204588,0.022866,-0.230635,0.343239,-0.137600
2.960003,-1.063382,0.113563,1.061857,0.974355,-1.092593,1.088895,-0.336508,0.245725,-0.634749,0.935562,0.473601,-0.616411,0.775510,-0.114097,-1.008322,-0.408085,0.565318,-2.316306,-0.473496,2.366736,0.574710,-0.391974,0.129994,0.205602,0.023624,-0.226971,0.340895,-0.139477
2.961043,-1.065377,0.117504,1.061085,0.974948,-1.094678,1.088595,-0.336098,0.243534,-0.632902,0.932464,0.476735,-0.616002,0.775958,-0.113975,-1.008718,-0.407953,0.565534,-2.316280,-0.473715,2.367074,0.574575,-0.392335,0.130719,0.208324,0.025615,-0.223373,0.340929,-0.137253
2.962053,-1.074979,0.117756,1.067234,0.973484,-1.096552,1.088804,-0.336302,0.235432,-0.627191,0.923456,0.477088,-0.615604,0.775632,-0.113819,-1.009106,-0.407826,0.565740,-2.316257,-0.473935,2.367418,0.574434,-0.391436,0.128836,0.208960,0.025180,-0.221315,0.341357,-0.138096
2.963088,-1.073950,0.115621,1.066181,0.974458,-1.096977,1.089150,-0.337895,0.220290,-0.615252,0.907857,0.473370,-0.615321,0.774382,-0.113641,-1.009486,-0.407699,0.565944,-2.316229,-0.474154,2.367761,0.574298,-0.386651,0.128800,0.206073,0.026696,-0.219395,0.341202,-0.137666
2.963987,-1.070676,0.117720,1.059711,0.974445,-1.096836,1.089616,-0.337334,0.199127,-0.597701,0.887139,0.465939,-0.615199,0.772360,-0.113449,-1.009879,-0.407568,0.566151,-2.316206,-0.474368,2.368095,0.574168,-0.387236,0.129939,0.206892,0.025876,-0.219036,0.341030,-0.134487
2.965005,-1.070272,0.118365,1.059841,0.975551,-1.099039,1.089457,-0.338859,0.144722,-0.556906,0.834491,0.449086,-0.615214,0.767459,-0.113094,-1.010662,-0.407312,0.566581,-2.316157,-0.474802,2.368781,0.573905,-0.388455,0.128503,0.209970,0.024926,-0.216691,0.340641,-0.132527
2.966131,-1.075983,0.119065,1.061258,0.976956,-1.097532,1.090859,-0.338185,0.144722,-0.556906,0.834491,0.449086,-0.615214,0.767459,-0.113094,-1.010662,-0.407312,0.566581,-2.316157,-0.474802,2.368781,0.573905,-0.388455,0.128503,0.209970,0.024926,-0.216691,0.340641,-0.132527
2.967106,-1.069806,0.114477,1.061292,0.975664,-1.098605,1.091231,-0.338979,0.113291,-0.535961,0.803671,0.442645,-0.615254,0.765045,-0.112953,-1.011041,-0.407182,0.566791,-2.316135,-0.475022,2.369119,0.573771,-0.386170,0.128377,0.209717,0.023793,-0.218424,0.339561,-0.133986
2.967997,-1.067403,0.117778,1.058466,0.974949,-1.099087,1.093273,-0.338926,0.081692,-0.517437,0.772484,0.439013,-0.615250,0.762944,-0.112822,-1.011437,-0.407048,0.567001,-2.316108,-0.475239,2.369459,0.573640,-0.389022,0.130627,0.209768,0.025127,-0.217221,0.339208,-0.132361
2.969071,-1.069375,0.116161,1.059098,0.972109,-1.099012,1.094592,-0.340818,0.052618,-0.502781,0.743926,0.437540,-0.615175,0.761164,-0.112675,-1.011832,-0.406922,0.567214,-2.316080,-0.475452,2.369789,0.573506,-0.389529,0.128827,0.210989,0.025791,-0.216512,0.337042,-0.132421
2.970064,-1.070253,0.116621,1.058678,0.973112,-1.099057,1.096199,-0.341256,0.025830,-0.489666,0.718251,0.435484,-0.615044,0.759331,-0.112485,-1.012217,-0.406790,0.567426,-2.316046,-0.475665,2.370124,0.573386,-0.388827,0.129776,0.210957,0.028586,-0.216745,0.335978,-0.128691
2.970988,-1.067485,0.117662,1.055530,0.970934,-1.100189,1.094999,-0.340208,-0.000252,-0.476249,0.694050,0.431189,-0.614867,0.757172,-0.112249,-1.012605,-0.406661,0.567640,-2.316021,-0.475884,2.370456,0.573260,-0.388283,0.129554,0.211229,0.027643,-0.216620,0.334460,-0.127869
2.972048,-1.065013,0.117091,1.052564,0.970988,-1.103548,1.096454,-0.341664,-0.026496,-0.462212,0.670343,0.424783,-0.614639,0.754672,-0.112010,-1.012997,-0.406533,0.567855,-2.315986,-0.476095,2.370789,0.573128,-0.389202,0.128940,0.212676,0.029661,-0.215327,0.335631,-0.129958
2.973031,-1.070710,0.114246,1.053363,0.971358,-1.105970,1.097482,-0.341679,-0.053397,-0.447089,0.646453,0.416236,-0.614385,0.751802,-0.111813,-1.013386,-0.406402,0.568073,-2.315957,-0.476301,2.371119,0.573007,-0.390625,0.129335,0.214352,0.029617,-0.212137,0.334397,-0.127079
2.974030,-1.072648,0.119743,1.056026,0.971489,-1.107300,1.096687,-0.342470,-0.081041,-0.432441,0.621751,0.407003,-0.614126,0.748742,-0.111666,-1.013767,-0.406267,0.568291,-2.315928,-0.476509,2.371452,0.572880,-0.387654,0.130702,0.213921,0.029229,-0.209726,0.333445,-0.127090
2.975144,-1.072894,0.119179,1.048922,0.971644,-1.106591,1.096398,-0.342055,-0.109864,-0.418513,0.595732,0.398228,-0.613887,0.745667,-0.111577,-1.014146,-0.406141,0.568503,-2.315898,-0.476714,2.371787,0.572763,-0.386732,0.127977,0.212678,0.029088,-0.208486,0.334345,-0.125557
2.976130,-1.072656,0.119086,1.049884,0.970620,-1.106574,1.096075,-0.342638,-0.141026,-0.402934,0.567564,0.389253,-0.613693,0.742517,-0.111549,-1.014532,-0.406011,0.568729,-2.315868,-0.476923,2.372127,0.572635,-0.387086,0.128492,0.216514,0.028985,-0.209488,0.334937,-0.126492
2.977038,-1.071170,0.116692,1.046133,0.968619,-1.106510,1.098422,-0.341608,-0.175146,-0.385479,0.536365,0.380101,-0.613543,0.739274,-0.111584,-1.014919,-0.405884,0.568944,-2.315838,-0.477131,2.372459,0.572509,-0.387069,0.128561,0.216020,0.029978,-0.209509,0.335335,-0.125329
2.978025,-1.071385,0.116923,1.047763,0.968334,-1.105533,1.099251,-0.342016,-0.210856,-0.367621,0.503369,0.370781,-0.613473,0.736009,-0.111664,-1.015304,-0.405750,0.569165,-2.315800,-0.477340,2.372792,0.572379,-0.387350,0.129590,0.217671,0.031719,-0.209405,0.332869,-0.127384
2.979049,-1.075924,0.117107,1.045288,0.968587,-1.104764,1.098249,-0.343870,-0.246106,-0.350439,0.470771,0.361155,-0.613531,0.732825,-0.111752,-1.015690,-0.405621,0.569383,-2.315767,-0.477555,2.373118,0.572254,-0.387112,0.129476,0.216816,0.031895,-0.210339,0.332173,-0.126567
2.980125,-1.076261,0.115931,1.046702,0.969345,-1.102909,1.097813,-0.342547,-0.280479,-0.334129,0.438889,0.351706,-0.613720,0.729787,-0.111803,-1.016070,-0.405491,0.569602,-2.315737,-0.477768,2.373456,0.572142,-0.384955,0.129437,0.218160,0.031624,-0.211155,0.333322,-0.122926
2.981052,-1.080485,0.121806,1.043014,0.967709,-1.102410,1.098475,-0.343550,-0.314415,-0.318954,0.406901,0.343505,-0.613986,0.726962,-0.111790,-1.016456,-0.405359,0.569822,-2.315707,-0.477983,2.373798,0.572010,-0.385099,0.130146,0.217649,0.030887,-0.213159,0.333965,-0.125679
2.981966,-1.081910,0.119168,1.038400,0.966684,-1.100844,1.097315,-0.343768,-0.348646,-0.303523,0.374041,0.336201,-0.614266,0.724283,-0.111726,-1.016838,-0.405238,0.570045,-2.315670,-0.478195,2.374128,0.571891,-0.382617,0.127188,0.219287,0.032304,-0.213492,0.333257,-0.123643
2.983076,-1.084378,0.121937,1.041284,0.969072,-1.100855,1.093909,-0.345696,-0.425985,-0.261465,0.298158,0.317551,-0.614857,0.718180,-0.111481,-1.017597,-0.404982,0.570489,-2.315610,-0.478632,2.374814,0.571657,-0.380846,0.127267,0.220145,0.030886,-0.214965,0.338000,-0.119479
2.984092,-1.084854,0.122426,1.041414,0.967166,-1.102272,1.095780,-0.345532,-0.425985,-0.261465,0.298158,0.317551,-0.614857,0.718180,-0.111481,-1.017597,-0.404982,0.570489,-2.315610,-0.478632,2.374814,0.571657,-0.380846,0.127267,0.220145,0.030886,-0.214965,0.338000,-0.119479
2.984987,-1.081278,0.122857,1.040413,0.966562,-1.104431,1.098365,-0.345199,-0.466017,-0.237409,0.258169,0.308069,-0.615119,0.715083,-0.111318,-1.017971,-0.404855,0.570708,-2.315574,-0.478843,2.375145,0.571539,-0.380774,0.127107,0.220158,0.032660,-0.213583,0.336225,-0.119913
2.986126,-1.083333,0.124675,1.039115,0.963984,-1.103138,1.099549,-0.345056,-0.502418,-0.213036,0.221892,0.298927,-0.615392,0.712254,-0.111155,-1.018355,-0.404729,0.570930,-2.315538,-0.479052,2.375473,0.571420,-0.382062,0.126791,0.220364,0.033013,-0.211221,0.333545,-0.120585
2.987109,-1.081107,0.121899,1.033800,0.965625,-1.101827,1.097859,-0.344728,-0.533696,-0.188433,0.191064,0.289227,-0.615751,0.709691,-0.111008,-1.018738,-0.404603,0.571152,-2.315498,-0.479266,2.375803,0.571298,-0.381633,0.126161,0.221371,0.035459,-0.212828,0.332791,-0.120987
2.988008,-1.084126,0.122457,1.040180,0.964897,-1.100278,1.097966,-0.345196,-0.560624,-0.164239,0.164425,0.279285,-0.616202,0.707392,-0.110878,-1.019117,-0.404473,0.571381,-2.315467,-0.479483,2.376143,0.571180,-0.382705,0.127559,0.223888,0.033719,-0.214055,0.334536,-0.121696
2.989026,-1.080250,0.119579,1.039698,0.965297,-1.100076,1.096682,-0.345015,-0.583061,-0.142856,0.141429,0.271250,-0.616685,0.705631,-0.110773,-1.019493,-0.404348,0.571597,-2.315430,-0.479703,2.376479,0.571059,-0.380773,0.127184,0.220425,0.034203,-0.215311,0.334278,-0.120738
2.990040,-1.079738,0.117234,1.039295,0.965677,-1.099364,1.097719,-0.345097,-0.598536,-0.126367,0.124696,0.266475,-0.617153,0.704747,-0.110693,-1.019881,-0.404216,0.571816,-2.315396,-0.479915,2.376814,0.570937,-0.382754,0.128663,0.220771,0.033688,-0.215548,0.335708,-0.121168
2.991096,-1.080910,0.117816,1.040622,0.965858,-1.098898,1.097311,-0.345044,-0.605176,-0.116986,0.116070,0.266130,-0.617541,0.704970,-0.110640,-1.020263,-0.404083,0.572039,-2.315363,-0.480134,2.377149,0.570815,-0.383049,0.129836,0.220979,0.033219,-0.216224,0.334768,-0.121052
2.992096,-1.080719,0.118626,1.040269,0.965208,-1.098043,1.099022,-0.345208,-0.603588,-0.115444,0.114646,0.270918,-0.617784,0.706286,-0.110616,-1.020648,-0.403956,0.572257,-2.315330,-0.480352,2.377486,0.570692,-0.382660,0.129673,0.220485,0.032989,-0.216759,0.335391,-0.121229
2.992996,-1.079503,0.121244,1.037130,0.964442,-1.098109,1.098178,-0.345047,-0.584778,-0.123970,0.125578,0.288660,-0.617842,0.710642,-0.110690,-1.021416,-0.403699,0.572699,-2.315257,-0.480789,2.378156,0.570445,-0.382840,0.127861,0.221974,0.033970,-0.217203,0.334501,-0.121248
2.994088,-1.082093,0.122283,1.042153,0.964708,-1.099346,1.098493,-0.344599,-0.584778,-0.123970,0.125578,0.288660,-0.617842,0.710642,-0.110690,-1.021416,-0.403699,0.572699,-2.315257,-0.480789,2.378156,0.570445,-0.382840,0.127861,0.221974,0.033970,-0.217203,0.334501,-0.121248
2.995004,-1.081524,0.122989,1.040538,0.963633,-1.101578,1.098925,-0.344098,-0.572263,-0.126976,0.134018,0.296973,-0.617743,0.712778,-0.110828,-1.021803,-0.403572,0.572913,-2.315224,-0.481006,2.378482,0.570322,-0.381889,0.127550,0.219749,0.033669,-0.216106,0.334513,-0.122241
2.996026,-1.083685,0.121226,1.042311,0.963752,-1.102798,1.100818,-0.344016,-0.558543,-0.127399,0.144042,0.303464,-0.617645,0.714678,-0.111051,-1.022185,-0.403445,0.573134,-2.315187,-0.481216,2.378820,0.570196,-0.381793,0.127116,0.220354,0.034513,-0.213707,0.333973,-0.123227
2.997045,-1.080476,0.119622,1.039763,0.964992,-1.104158,1.100456,-0.343997,-0.543820,-0.126262,0.155408,0.308429,-0.617603,0.716427,-0.111345,-1.022567,-0.403317,0.573352,-2.315152,-0.481427,2.379152,0.570072,-0.380788,0.128091,0.219542,0.034258,-0.212552,0.332227,-0.123430
2.998059,-1.080663,0.121026,1.043552,0.963659,-1.104147,1.098685,-0.342385,-0.527960,-0.126493,0.167721,0.313927,-0.617619,0.718314,-0.111678,-1.022950,-0.403185,0.573574,-2.315123,-0.481633,2.379484,0.569949,-0.382488,0.128916,0.220874,0.033031,-0.211297,0.332760,-0.123516
2.998995,-1.076319,0.117781,1.047419,0.963608,-1.102276,1.100449,-0.342671,-0.510075,-0.129994,0.181665,0.321183,-0.617696,0.720544,-0.112032,-1.023334,-0.403060,0.573788,-2.315086,-0.481844,2.379822,0.569812,-0.382409,0.128297,0.219063,0.034193,-0.211360,0.334649,-0.126767
2.999996,-1.070937,0.119297,1.053387,0.963111,-1.101120,1.099401,-0.341689,-0.488151,-0.136913,0.199837,0.329387,-0.617884,0.723164,-0.112389,-1.023726,-0.402926,0.574000,-2.315051,-0.482062,2.380153,0.569687,-0.384179,0.129804,0.217054,0.034059,-0.213056,0.332830,-0.126154
3.001038,-1.071435,0.117829,1.051926,0.964191,-1.102894,1.098215,-0.341161,-0.458451,-0.148397,0.226707,0.338377,-0.618183,0.726421,-0.112705,-1.024115,-0.402794,0.574208,-2.315015,-0.482276,2.380486,0.569557,-0.386787,0.129027,0.214212,0.034388,-0.214190,0.334012,-0.128157
3.002028,-1.065839,0.119322,1.052218,0.963040,-1.103520,1.097780,-0.341138,-0.420096,-0.164741,0.263300,0.348394,-0.618517,0.730385,-0.112948,-1.024502,-0.402665,0.574425,-2.314984,-0.482488,2.380826,0.569424,-0.386636,0.129876,0.215140,0.033282,-0.212484,0.335346,-0.129226
3.003026,-1.064602,0.118273,1.053184,0.963983,-1.104622,1.098792,-0.342319,-0.376490,-0.184594,0.305702,0.359126,-0.618807,0.734747,-0.113097,-1.024899,-0.402537,0.574637,-2.314948,-0.482696,2.381160,0.569296,-0.389229,0.129130,0.215059,0.034281,-0.211890,0.335849,-0.129278
3.004097,-1.068228,0.116344,1.054545,0.962348,-1.104495,1.097195,-0.342557,-0.330300,-0.206720,0.350870,0.370135,-0.619026,0.739274,-0.113127,-1.025288,-0.402406,0.574852,-2.314916,-0.482904,2.381497,0.569173,-0.389727,0.129679,0.214631,0.033246,-0.210824,0.334905,-0.126929
3.004979,-1.070154,0.120134,1.055620,0.963309,-1.105149,1.095319,-0.341860,-0.283668,-0.230569,0.396428,0.381115,-0.619189,0.743812,-0.113043,-1.025673,-0.402273,0.575067,-2.314879,-0.483119,2.381833,0.569046,-0.388168,0.130739,0.214205,0.034746,-0.211090,0.336760,-0.126536
3.006065,-1.068841,0.115816,1.054755,0.963743,-1.104630,1.095690,-0.342396,-0.240294,-0.253960,0.438633,0.390775,-0.619363,0.747975,-0.112889,-1.026054,-0.402148,0.575276,-2.314849,-0.483327,2.382177,0.568913,-0.386676,0.128701,0.213484,0.033653,-0.210219,0.338421,-0.127885
3.007038,-1.071864,0.117806,1.059934,0.962471,-1.105222,1.096632,-0.341837,-0.202402,-0.275476,0.475186,0.398918,-0.619603,0.751601,-0.112704,-1.026448,-0.402013,0.575490,-2.314817,-0.483540,2.382520,0.568787,-0.387587,0.130994,0.214237,0.033217,-0.210922,0.338259,-0.126866
3.008029,-1.069963,0.114774,1.062075,0.964360,-1.107364,1.097982,-0.342622,-0.169293,-0.296304,0.506699,0.406475,-0.619947,0.754841,-0.112512,-1.026829,-0.401886,0.575696,-2.314781,-0.483748,2.382852,0.568656,-0.385932,0.129981,0.211712,0.034321,-0.210303,0.337365,-0.128000
3.008974,-1.070631,0.113873,1.057135,0.963468,-1.104444,1.095203,-0.342284,-0.138932,-0.317437,0.535583,0.413841,-0.620444,0.757894,-0.112345,-1.027212,-0.401751,0.575905,-2.314754,-0.483956,2.383190,0.568533,-0.386854,0.131470,0.210777,0.032455,-0.208171,0.336062,-0.126437
3.010030,-1.066886,0.116476,1.061857,0.963593,-1.102043,1.095456,-0.341368,-0.110927,-0.340000,0.562066,0.422135,-0.621091,0.760939,-0.112241,-1.027599,-0.401619,0.576123,-2.314720,-0.484173,2.383534,0.568403,-0.386180,0.131808,0.213169,0.033223,-0.210977,0.338803,-0.127118
3.011024,-1.071503,0.112975,1.063313,0.963595,-1.099459,1.092180,-0.340698,-0.086170,-0.363189,0.585100,0.430954,-0.621862,0.763917,-0.112233,-1.027988,-0.401489,0.576327,-2.314689,-0.484389,2.383877,0.568271,-0.388247,0.130604,0.211104,0.033062,-0.213459,0.338686,-0.128995
3.011987,-1.066353,0.114717,1.067924,0.963856,-1.094960,1.091556,-0.340726,-0.063851,-0.385697,0.605903,0.439147,-0.622728,0.766786,-0.112335,-1.028374,-0.401356,0.576537,-2.314657,-0.484615,2.384229,0.568139,-0.385809,0.132347,0.210495,0.032992,-0.215893,0.341973,-0.130332
3.013048,-1.068764,0.114377,1.069883,0.965174,-1.093851,1.090834,-0.341085,-0.042408,-0.408043,0.626315,0.446830,-0.623629,0.769610,-0.112526,-1.028769,-0.401226,0.576740,-2.314627,-0.484840,2.384569,0.568006,-0.388089,0.131418,0.208292,0.032691,-0.220205,0.342554,-0.130242
3.014032,-1.067888,0.113465,1.067674,0.964378,-1.093238,1.089861,-0.339910,-0.020325,-0.430544,0.648043,0.454553,-0.624495,0.772483,-0.112767,-1.029153,-0.401093,0.576947,-2.314597,-0.485064,2.384917,0.567879,-0.387102,0.131674,0.207652,0.031363,-0.221293,0.343417,-0.129577
3.014977,-1.070852,0.113011,1.071239,0.962955,-1.089962,1.090883,-0.339569,0.001645,-0.452947,0.670060,0.462685,-0.625273,0.775335,-0.113044,-1.029545,-0.400961,0.577157,-2.314565,-0.485287,2.385263,0.567742,-0.387357,0.132104,0.208862,0.032101,-0.221756,0.344388,-0.131934
3.016094,-1.075346,0.113842,1.073951,0.963920,-1.089319,1.089610,-0.338562,0.021093,-0.474077,0.689670,0.470062,-0.625977,0.777809,-0.113360,-1.029926,-0.400828,0.577358,-2.314529,-0.485518,2.385603,0.567612,-0.385596,0.132218,0.207128,0.033343,-0.224755,0.343290,-0.132580
3.016962,-1.074707,0.113267,1.073036,0.963582,-1.086481,1.092754,-0.340486,0.036892,-0.492457,0.705950,0.475302,-0.626646,0.779639,-0.113694,-1.030309,-0.400696,0.577563,-2.314500,-0.485749,2.385955,0.567474,-0.383867,0.131979,0.206284,0.032423,-0.225438,0.344825,-0.134651
3.017968,-1.074795,0.116459,1.071558,0.964383,-1.087332,1.092389,-0.339771,0.048510,-0.507787,0.718335,0.478777,-0.627292,0.780851,-0.114013,-1.030697,-0.400564,0.577767,-2.314466,-0.485980,2.386289,0.567347,-0.383513,0.132059,0.206598,0.032579,-0.227826,0.341451,-0.130698
3.019099,-1.073478,0.118171,1.071931,0.964493,-1.086970,1.092515,-0.339955,0.055520,-0.519910,0.726144,0.481243,-0.627924,0.781596,-0.114295,-1.031075,-0.400436,0.577978,-2.314436,-0.486212,2.386633,0.567213,-0.383546,0.130496,0.207476,0.031746,-0.226756,0.341902,-0.132180
3.020095,-1.074522,0.117386,1.076539,0.964498,-1.084648,1.093006,-0.339880,0.058139,-0.528094,0.729566,0.482718,-0.628561,0.782005,-0.114551,-1.031463,-0.400309,0.578187,-2.314405,-0.486445,2.386978,0.567083,-0.384728,0.129904,0.207758,0.031675,-0.227201,0.342082,-0.131879
3.020994,-1.073661,0.119200,1.075955,0.965525,-1.082524,1.093193,-0.340083,0.058427,-0.533086,0.730894,0.483331,-0.629206,0.782285,-0.114778,-1.031850,-0.400178,0.578387,-2.314373,-0.486681,2.387319,0.566952,-0.384104,0.130311,0.205669,0.031602,-0.229303,0.341633,-0.132039
3.022097,-1.074923,0.116955,1.078103,0.963074,-1.080030,1.091715,-0.341618,0.058546,-0.536460,0.732446,0.483746,-0.629819,0.782673,-0.114962,-1.032229,-0.400050,0.578595,-2.314345,-0.486914,2.387662,0.566821,-0.384102,0.129271,0.205870,0.030519,-0.230996,0.341280,-0.131582
3.023070,-1.068687,0.114380,1.081436,0.962304,-1.076876,1.091191,-0.341028,0.058792,-0.538658,0.734482,0.483780,-0.630372,0.783117,-0.115087,-1.032614,-0.399919,0.578799,-2.314307,-0.487156,2.388003,0.566698,-0.383901,0.130579,0.205260,0.032872,-0.233420,0.343051,-0.128580
3.024001,-1.066205,0.113183,1.081313,0.965054,-1.077223,1.094114,-0.341822,0.060912,-0.541111,0.738862,0.482588,-0.630894,0.783500,-0.115147,-1.033001,-0.399784,0.579000,-2.314273,-0.487397,2.388348,0.566568,-0.386857,0.131789,0.203746,0.033487,-0.236236,0.343536,-0.129801
3.025014,-1.065669,0.114466,1.082292,0.962182,-1.074129,1.096573,-0.340532,0.068312,-0.547337,0.748790,0.482057,-0.631340,0.784147,-0.115166,-1.033393,-0.399651,0.579204,-2.314249,-0.487635,2.388687,0.566442,-0.387638,0.132254,0.203831,0.030771,-0.235450,0.340498,-0.128179
3.026065,-1.073236,0.115218,1.080099,0.961401,-1.072465,1.097502,-0.342220,0.081018,-0.558103,0.763889,0.483931,-0.631627,0.785248,-0.115169,-1.033783,-0.399520,0.579405,-2.314212,-0.487877,2.389016,0.566306,-0.387842,0.131628,0.203611,0.033502,-0.238306,0.338201,-0.130793
3.027084,-1.069439,0.115919,1.080572,0.963687,-1.073517,1.097737,-0.342092,0.094081,-0.568941,0.779231,0.485497,-0.631768,0.786219,-0.115168,-1.034160,-0.399391,0.579611,-2.314178,-0.488126,2.389353,0.566184,-0.384312,0.131367,0.205033,0.034179,-0.239705,0.337476,-0.127430
3.028118,-1.068725,0.117329,1.081436,0.965312,-1.074987,1.099876,-0.341569,0.102985,-0.576828,0.790112,0.485386,-0.631752,0.786660,-0.115175,-1.034550,-0.399261,0.579818,-2.314151,-0.488363,2.389691,0.566056,-0.386244,0.131059,0.204994,0.031943,-0.238410,0.337356,-0.127753
3.029021,-1.071026,0.117739,1.078055,0.963532,-1.076529,1.101869,-0.341758,0.108678,-0.583443,0.797171,0.486288,-0.631502,0.786975,-0.115223,-1.034936,-0.399130,0.580020,-2.314123,-0.488595,2.390022,0.565924,-0.386689,0.130412,0.204870,0.030371,-0.236815,0.335387,-0.128829
3.030034,-1.075089,0.117976,1.078233,0.962690,-1.076788,1.101595,-0.341594,0.111932,-0.589281,0.801210,0.489035,-0.631040,0.787315,-0.115340,-1.035319,-0.399004,0.580231,-2.314087,-0.488827,2.390348,0.565797,-0.385054,0.130115,0.206437,0.031953,-0.234865,0.333334,-0.128412
3.031095,-1.073263,0.117518,1.074801,0.962205,-1.077319,1.101247,-0.342230,0.109856,-0.591949,0.799513,0.491125,-0.630514,0.787186,-0.115528,-1.035705,-0.398873,0.580435,-2.314052,-0.489060,2.390680,0.565666,-0.383012,0.130032,0.206567,0.032656,-0.234446,0.333773,-0.128763
3.032020,-1.069461,0.119115,1.077081,0.963356,-1.074980,1.102319,-0.340855,0.100966,-0.590523,0.790673,0.490873,-0.630056,0.786277,-0.115788,-1.036090,-0.398740,0.580648,-2.314019,-0.489293,2.391014,0.565542,-0.384191,0.130346,0.208551,0.033066,-0.233834,0.334345,-0.127540
3.033030,-1.073214,0.119130,1.073464,0.962423,-1.074097,1.102336,-0.341157,0.087779,-0.586758,0.777253,0.489178,-0.629696,0.784868,-0.116125,-1.036484,-0.398614,0.580853,-2.313990,-0.489536,2.391346,0.565407,-0.385608,0.129480,0.207366,0.031865,-0.235727,0.333213,-0.130284
3.034124,-1.072859,0.117182,1.073788,0.962307,-1.072081,1.103162,-0.339907,0.072649,-0.581925,0.761696,0.487149,-0.629419,0.783262,-0.116527,-1.036863,-0.398483,0.581065,-2.313954,-0.489769,2.391676,0.565277,-0.383772,0.129503,0.209331,0.032654,-0.236424,0.333353,-0.129663
3.035127,-1.069395,0.115122,1.069480,0.962847,-1.071735,1.104490,-0.339478,0.055099,-0.576549,0.743359,0.484993,-0.629188,0.781434,-0.116959,-1.037252,-0.398351,0.581277,-2.313919,-0.490011,2.392006,0.565142,-0.384304,0.130622,0.209504,0.032689,-0.238348,0.332835,-0.132239
3.036006,-1.062392,0.116930,1.069294,0.961017,-1.070958,1.104969,-0.341043,0.035894,-0.573121,0.722603,0.483975,-0.628910,0.779552,-0.117376,-1.037645,-0.398217,0.581496,-2.313889,-0.490250,2.392334,0.565004,-0.385922,0.131626,0.211704,0.032105,-0.238411,0.331640,-0.133063
3.037058,-1.066847,0.120977,1.066788,0.960216,-1.074108,1.106641,-0.339384,0.017605,-0.573240,0.702062,0.484740,-0.628499,0.777862,-0.117710,-1.038038,-0.398086,0.581706,-2.313850,-0.490484,2.392668,0.564880,-0.388747,0.130517,0.211582,0.033650,-0.238721,0.331015,-0.129863
3.038043,-1.065919,0.122126,1.065280,0.959108,-1.075384,1.107152,-0.339538,0.000392,-0.573624,0.682680,0.484692,-0.627973,0.776080,-0.117917,-1.038422,-0.397962,0.581923,-2.313814,-0.490716,2.392997,0.564740,-0.386666,0.128656,0.213025,0.034293,-0.235448,0.329568,-0.133249
3.038960,-1.065901,0.116198,1.060397,0.959197,-1.076744,1.109211,-0.338447,-0.018646,-0.569746,0.662124,0.480999,-0.627402,0.773673,-0.118000,-1.038812,-0.397833,0.582138,-2.313776,-0.490947,2.393321,0.564607,-0.386987,0.128100,0.213803,0.035199,-0.233969,0.329191,-0.132894
3.040091,-1.063399,0.117126,1.056854,0.957847,-1.076514,1.109684,-0.340684,-0.040954,-0.562583,0.638550,0.474497,-0.626826,0.770625,-0.117971,-1.039194,-0.397695,0.582362,-2.313741,-0.491180,2.393650,0.564471,-0.386596,0.130891,0.215994,0.034897,-0.232228,0.327067,-0.135045
3.041068,-1.068682,0.116445,1.053578,0.958388,-1.075827,1.109962,-0.340699,-0.065820,-0.556367,0.611857,0.467866,-0.626255,0.767318,-0.117837,-1.039585,-0.397566,0.582586,-2.313700,-0.491416,2.393974,0.564349,-0.388356,0.130632,0.218068,0.036060,-0.232519,0.327052,-0.130619
3.042012,-1.066352,0.119450,1.047548,0.956459,-1.075601,1.110179,-0.341818,-0.093772,-0.551788,0.581205,0.461874,-0.625700,0.763872,-0.117624,-1.039960,-0.397435,0.582805,-2.313667,-0.491647,2.394304,0.564217,-0.385638,0.130948,0.219650,0.035397,-0.232973,0.326844,-0.130627
3.043099,-1.065898,0.115586,1.047934,0.957056,-1.075444,1.112473,-0.340546,-0.126925,-0.546148,0.544699,0.455469,-0.625175,0.760094,-0.117393,-1.040347,-0.397310,0.583036,-2.313628,-0.491876,2.394632,0.564095,-0.386516,0.129414,0.222408,0.037052,-0.232907,0.326645,-0.128380
3.044098,-1.059851,0.118010,1.047736,0.953872,-1.073501,1.112787,-0.341972,-0.164690,-0.538622,0.503288,0.448303,-0.624696,0.756019,-0.117202,-1.040736,-0.397172,0.583257,-2.313593,-0.492108,2.394952,0.563956,-0.387041,0.131445,0.222408,0.036371,-0.233049,0.324694,-0.130997
3.045017,-1.060049,0.121571,1.048326,0.954385,-1.073817,1.112350,-0.341508,-0.202158,-0.531086,0.462468,0.440809,-0.624286,0.752021,-0.117067,-1.041123,-0.397043,0.583482,-2.313547,-0.492347,2.395280,0.563836,-0.390016,0.130233,0.222457,0.039179,-0.234742,0.324534,-0.128139
3.046169,-1.057691,0.114840,1.044404,0.954656,-1.073770,1.112050,-0.341273,-0.235567,-0.522545,0.426967,0.431686,-0.623963,0.748190,-0.116974,-1.041513,-0.396919,0.583707,-2.313512,-0.492580,2.395608,0.563706,-0.389398,0.128407,0.221885,0.038425,-0.234026,0.324935,-0.129076
3.047022,-1.058641,0.115418,1.042359,0.952503,-1.073683,1.112827,-0.341763,-0.264265,-0.513241,0.397387,0.421637,-0.623634,0.744605,-0.116936,-1.041902,-0.396778,0.583936,-2.313475,-0.492811,2.395931,0.563580,-0.391210,0.131955,0.224171,0.038081,-0.234211,0.325722,-0.129650
3.048047,-1.059966,0.116110,1.039370,0.952237,-1.076382,1.110885,-0.341676,-0.288969,-0.506447,0.371973,0.413130,-0.623160,0.741422,-0.116965,-1.042292,-0.396650,0.584162,-2.313431,-0.493038,2.396258,0.563454,-0.389931,0.131427,0.224717,0.039782,-0.233834,0.324759,-0.128606
3.049052,-1.059860,0.119188,1.037348,0.952502,-1.080398,1.110460,-0.343011,-0.312145,-0.500885,0.347960,0.405257,-0.622532,0.738353,-0.117043,-1.042680,-0.396520,0.584389,-2.313391,-0.493262,2.396584,0.563325,-0.389303,0.131142,0.226210,0.039791,-0.231049,0.326931,-0.128824
3.050019,-1.061301,0.122087,1.035410,0.952272,-1.082422,1.111114,-0.344095,-0.336228,-0.493150,0.323073,0.396557,-0.621796,0.735077,-0.117147,-1.043071,-0.396390,0.584620,-2.313351,-0.493480,2.396913,0.563205,-0.389276,0.129621,0.227101,0.039271,-0.226971,0.327482,-0.126180
3.051092,-1.067806,0.121772,1.041862,0.953611,-1.086102,1.112365,-0.344912,-0.362067,-0.481095,0.296653,0.386743,-0.621000,0.731521,-0.117259,-1.043460,-0.396264,0.584850,-2.313314,-0.493704,2.397239,0.563084,-0.388299,0.128182,0.227868,0.039270,-0.224784,0.326887,-0.124046
3.052094,-1.069651,0.123855,1.037180,0.951718,-1.087414,1.114294,-0.344136,-0.388913,-0.464482,0.269717,0.376386,-0.620200,0.727828,-0.117375,-1.043844,-0.396135,0.585069,-2.313278,-0.493914,2.397559,0.562965,-0.385318,0.128502,0.224821,0.037817,-0.221271,0.325970,-0.122514
3.053062,-1.067001,0.122172,1.032733,0.949650,-1.087842,1.111609,-0.343260,-0.415816,-0.444443,0.243343,0.366242,-0.619442,0.724195,-0.117518,-1.044223,-0.396011,0.585302,-2.313236,-0.494132,2.397879,0.562835,-0.384459,0.127540,0.227066,0.039438,-0.219925,0.324217,-0.124112
3.054026,-1.067557,0.123546,1.034530,0.950066,-1.088943,1.112718,-0.344735,-0.443464,-0.421035,0.216762,0.355296,-0.618783,0.720511,-0.117701,-1.044614,-0.395882,0.585538,-2.313193,-0.494351,2.398207,0.562706,-0.385547,0.128378,0.229020,0.041131,-0.219371,0.327017,-0.125866
3.055122,-1.066523,0.122815,1.037192,0.948401,-1.089827,1.111086,-0.343876,-0.471152,-0.395180,0.190523,0.343124,-0.618264,0.716818,-0.117899,-1.044993,-0.395755,0.585760,-2.313153,-0.494563,2.398533,0.562591,-0.385106,0.127676,0.227979,0.040403,-0.218189,0.325939,-0.122923
3.055974,-1.063590,0.119038,1.036504,0.947560,-1.092510,1.109313,-0.345024,-0.495533,-0.368941,0.168134,0.330730,-0.617871,0.713498,-0.118081,-1.045381,-0.395626,0.585984,-2.313108,-0.494779,2.398866,0.562463,-0.385997,0.128238,0.226847,0.041784,-0.217482,0.327906,-0.124758
3.057106,-1.059091,0.120420,1.041083,0.947494,-1.094576,1.108242,-0.346157,-0.513416,-0.344732,0.152913,0.318887,-0.617589,0.710833,-0.118249,-1.045770,-0.395491,0.586210,-2.313065,-0.494986,2.399196,0.562345,-0.386694,0.129851,0.226754,0.042186,-0.214509,0.329486,-0.122402
3.058000,-1.063261,0.115805,1.038571,0.946927,-1.095998,1.109744,-0.344960,-0.522076,-0.325112,0.147510,0.308659,-0.617393,0.709039,-0.118407,-1.046160,-0.395362,0.586433,-2.313021,-0.495195,2.399531,0.562226,-0.389463,0.129379,0.224757,0.041976,-0.212772,0.330923,-0.120264
3.058982,-1.062283,0.113775,1.042818,0.947606,-1.097835,1.109018,-0.344921,-0.521044,-0.311319,0.152113,0.301247,-0.617214,0.708212,-0.118584,-1.046542,-0.395227,0.586662,-2.312981,-0.495400,2.399851,0.562098,-0.386828,0.131508,0.225666,0.042201,-0.211197,0.329349,-0.122669
3.060074,-1.064206,0.116906,1.043823,0.947493,-1.102219,1.109819,-0.346438,-0.512718,-0.304106,0.163685,0.297905,-0.616948,0.708276,-0.118813,-1.046924,-0.395093,0.586879,-2.312943,-0.495604,2.400182,0.561975,-0.387255,0.132450,0.223501,0.041283,-0.209401,0.330176,-0.122754
3.061040,-1.061618,0.121063,1.041031,0.946911,-1.104577,1.108572,-0.347395,-0.498857,-0.302609,0.180400,0.298830,-0.616544,0.709121,-0.119070,-1.047311,-0.394966,0.587102,-2.312900,-0.495799,2.400514,0.561859,-0.386638,0.131064,0.223229,0.041144,-0.205369,0.329666,-0.119805
3.062069,-1.066385,0.125231,1.041497,0.945955,-1.110341,1.106956,-0.346436,-0.482031,-0.302132,0.200211,0.301678,-0.616054,0.710365,-0.119308,-1.047701,-0.394840,0.587325,-2.312859,-0.495995,2.400844,0.561743,-0.387693,0.128987,0.224517,0.041421,-0.203116,0.330983,-0.117956
3.063104,-1.067627,0.126757,1.045387,0.946821,-1.111544,1.105612,-0.347205,-0.466556,-0.296706,0.219197,0.302881,-0.615581,0.711402,-0.119539,-1.048080,-0.394715,0.587549,-2.312817,-0.496183,2.401180,0.561623,-0.385429,0.127029,0.224307,0.042075,-0.197625,0.332748,-0.119980
3.064084,-1.069360,0.125870,1.044108,0.945131,-1.113235,1.104899,-0.346747,-0.454594,-0.283656,0.235426,0.300661,-0.615208,0.711952,-0.119797,-1.048466,-0.394591,0.587769,-2.312778,-0.496377,2.401521,0.561510,-0.384935,0.126421,0.222448,0.040992,-0.196724,0.334220,-0.118504
3.064968,-1.065600,0.125517,1.048075,0.946913,-1.112748,1.106842,-0.347593,-0.445490,-0.264729,0.249418,0.295756,-0.614976,0.712148,-0.120091,-1.048846,-0.394462,0.587990,-2.312732,-0.496567,2.401852,0.561388,-0.383986,0.126875,0.223049,0.042283,-0.195209,0.335001,-0.119481
3.066077,-1.063423,0.125749,1.053263,0.947656,-1.113931,1.105681,-0.348414,-0.436963,-0.243918,0.263058,0.290306,-0.614899,0.712372,-0.120414,-1.049235,-0.394334,0.588204,-2.312695,-0.496761,2.402186,0.561271,-0.385265,0.126910,0.220808,0.040189,-0.195652,0.332879,-0.117764
3.067064,-1.059481,0.120501,1.054107,0.944963,-1.112585,1.105245,-0.348747,-0.424452,-0.225835,0.280743,0.287384,-0.614975,0.713280,-0.120751,-1.049632,-0.394207,0.588417,-2.312657,-0.496954,2.402520,0.561158,-0.386669,0.127012,0.218591,0.039331,-0.194883,0.334405,-0.116262
3.067987,-1.059023,0.119139,1.058815,0.947008,-1.111845,1.102876,-0.347814,-0.404086,-0.213982,0.306387,0.288219,-0.615229,0.715243,-0.121091,-1.050023,-0.394071,0.588634,-2.312611,-0.497152,2.402857,0.561044,-0.388457,0.129595,0.218198,0.041630,-0.196365,0.334880,-0.115675
3.069011,-1.052985,0.117383,1.063584,0.945711,-1.114484,1.101663,-0.348252,-0.375123,-0.210316,0.340522,0.292579,-0.615649,0.718233,-0.121435,-1.050415,-0.393940,0.588847,-2.312576,-0.497352,2.403201,0.560922,-0.388195,0.130139,0.215708,0.039348,-0.197062,0.337146,-0.117567
3.070009,-1.053172,0.118769,1.060607,0.946679,-1.111703,1.098989,-0.349496,-0.337203,-0.215529,0.383423,0.300650,-0.616142,0.722252,-0.121769,-1.050815,-0.393808,0.589053,-2.312534,-0.497542,2.403543,0.560806,-0.391123,0.131045,0.213559,0.040380,-0.194660,0.338446,-0.116746
3.071112,-1.057224,0.119363,1.064596,0.943961,-1.112256,1.097835,-0.350342,-0.291817,-0.227769,0.433618,0.311472,-0.616616,0.727055,-0.122053,-1.051205,-0.393678,0.589274,-2.312498,-0.497745,2.403888,0.560695,-0.390885,0.130355,0.215080,0.039216,-0.197589,0.341165,-0.114330
3.072101,-1.052938,0.124212,1.067020,0.946860,-1.113978,1.096143,-0.350184,-0.244610,-0.242302,0.485349,0.322326,-0.617020,0.731925,-0.122249,-1.051595,-0.393549,0.589485,-2.312452,-0.497945,2.404230,0.560584,-0.389208,0.130261,0.213431,0.041628,-0.197341,0.342570,-0.112791
3.073085,-1.051038,0.117861,1.069248,0.944553,-1.113235,1.097829,-0.349203,-0.199415,-0.254719,0.535059,0.330921,-0.617338,0.736339,-0.122362,-1.051990,-0.393424,0.589695,-2.312420,-0.498136,2.404577,0.560474,-0.391175,0.127872,0.212330,0.038615,-0.195797,0.344262,-0.113210
3.074139,-1.056116,0.121480,1.070812,0.945307,-1.113142,1.098445,-0.351956,-0.155107,-0.265414,0.583959,0.338039,-0.617562,0.740441,-0.122410,-1.052383,-0.393287,0.589906,-2.312374,-0.498336,2.404915,0.560354,-0.391892,0.131010,0.211288,0.040556,-0.196651,0.342583,-0.115233
3.075128,-1.059190,0.120221,1.068595,0.943124,-1.115633,1.100164,-0.350585,-0.111595,-0.276222,0.631734,0.344863,-0.617697,0.744337,-0.122394,-1.052771,-0.393161,0.590113,-2.312336,-0.498534,2.405252,0.560257,-0.389493,0.129299,0.210807,0.039598,-0.197003,0.342175,-0.109828
3.075975,-1.050163,0.116804,1.070498,0.941674,-1.112663,1.101453,-0.351398,-0.073103,-0.285048,0.673913,0.350339,-0.617803,0.747657,-0.122327,-1.053153,-0.393028,0.590329,-2.312292,-0.498724,2.405587,0.560142,-0.387910,0.129912,0.211957,0.041428,-0.194676,0.340508,-0.112717
3.077018,-1.054089,0.117307,1.074348,0.940990,-1.112431,1.099924,-0.351113,-0.040928,-0.291273,0.709216,0.353681,-0.617951,0.750309,-0.122248,-1.053552,-0.392895,0.590539,-2.312248,-0.498927,2.405928,0.560030,-0.391560,0.131377,0.210710,0.042407,-0.197469,0.338954,-0.111050
3.078083,-1.050622,0.116694,1.077096,0.940437,-1.110211,1.098542,-0.350826,-0.011463,-0.297314,0.741536,0.355388,-0.618180,0.752675,-0.122184,-1.053934,-0.392764,0.590743,-2.312204,-0.499124,2.406268,0.559921,-0.389735,0.131185,0.209092,0.042758,-0.197919,0.340668,-0.111761
3.079007,-1.051631,0.112933,1.076841,0.940514,-1.110931,1.097992,-0.349881,0.017267,-0.303753,0.773141,0.355763,-0.618475,0.754957,-0.122157,-1.054329,-0.392635,0.590951,-2.312161,-0.499330,2.406614,0.559808,-0.391629,0.131630,0.208046,0.043027,-0.200365,0.342214,-0.112454
3.080005,-1.049481,0.114990,1.079084,0.939735,-1.109041,1.100864,-0.350742,0.045363,-0.311408,0.803899,0.355811,-0.618768,0.757228,-0.122189,-1.054720,-0.392498,0.591158,-2.312119,-0.499525,2.406952,0.559687,-0.390631,0.133329,0.208145,0.042561,-0.199623,0.342665,-0.114361
3.081120,-1.052132,0.114567,1.078623,0.940163,-1.109645,1.101424,-0.350942,0.072346,-0.321109,0.832963,0.356843,-0.618971,0.759537,-0.122254,-1.055110,-0.392367,0.591363,-2.312074,-0.499732,2.407288,0.559580,-0.391620,0.132284,0.207192,0.042971,-0.201586,0.339843,-0.112710
3.082018,-1.045449,0.116803,1.079068,0.939986,-1.109555,1.103193,-0.351422,0.097009,-0.331515,0.859120,0.358940,-0.619030,0.761767,-0.122308,-1.055497,-0.392233,0.591573,-2.312035,-0.499937,2.407628,0.559467,-0.390723,0.132650,0.207862,0.042381,-0.201283,0.339611,-0.112465
3.083014,-1.050734,0.114281,1.077589,0.938769,-1.105916,1.105778,-0.351729,0.118758,-0.341351,0.881827,0.362075,-0.618908,0.763831,-0.122330,-1.055897,-0.392105,0.591778,-2.311993,-0.500136,2.407958,0.559357,-0.393413,0.131401,0.207551,0.042178,-0.201288,0.337733,-0.111535
3.084117,-1.052675,0.115277,1.082336,0.936500,-1.108152,1.106277,-0.351441,0.137159,-0.350051,0.900630,0.366158,-0.618595,0.765668,-0.122312,-1.056279,-0.391968,0.591989,-2.311947,-0.500352,2.408293,0.559246,-0.390692,0.132613,0.208402,0.043004,-0.204926,0.335225,-0.111012
3.085047,-1.056610,0.115746,1.080351,0.936601,-1.109983,1.109187,-0.351272,0.150905,-0.356650,0.914403,0.369833,-0.618147,0.767039,-0.122240,-1.056669,-0.391840,0.592196,-2.311898,-0.500554,2.408624,0.559132,-0.390116,0.132302,0.206440,0.044871,-0.202954,0.335082,-0.111730
3.085979,-1.055796,0.117869,1.077098,0.935320,-1.109641,1.109414,-0.350819,0.158902,-0.359730,0.922403,0.371518,-0.617652,0.767736,-0.122115,-1.057049,-0.391707,0.592404,-2.311855,-0.500752,2.408955,0.559022,-0.387819,0.131948,0.207426,0.044352,-0.201119,0.332110,-0.112123
3.087049,-1.053907,0.116855,1.080350,0.935863,-1.111165,1.112512,-0.350082,0.159627,-0.357927,0.923020,0.370931,-0.617159,0.767710,-0.121960,-1.057438,-0.391581,0.592616,-2.311807,-0.500955,2.409289,0.558907,-0.387844,0.130832,0.208971,0.045148,-0.201427,0.331867,-0.113068
3.088073,-1.055708,0.114475,1.075349,0.933790,-1.110248,1.113375,-0.350185,0.153967,-0.351931,0.916938,0.369089,-0.616706,0.767206,-0.121799,-1.057835,-0.391449,0.592820,-2.311763,-0.501152,2.409611,0.558787,-0.388933,0.131461,0.207702,0.044282,-0.200190,0.329062,-0.114638
3.089078,-1.055614,0.112306,1.079705,0.934513,-1.108089,1.113014,-0.349450,0.144955,-0.344716,0.907000,0.367626,-0.616328,0.766614,-0.121630,-1.058220,-0.391314,0.593038,-2.311713,-0.501357,2.409938,0.558674,-0.388078,0.132656,0.210332,0.045903,-0.201253,0.328404,-0.114508
3.090058,-1.054400,0.108571,1.081837,0.932218,-1.109282,1.111597,-0.348925,0.134047,-0.338930,0.894282,0.367733,-0.616012,0.766120,-0.121442,-1.058611,-0.391179,0.593244,-2.311670,-0.501567,2.410263,0.558555,-0.388041,0.133702,0.208296,0.044810,-0.203460,0.328944,-0.116054
3.091060,-1.050061,0.111374,1.080468,0.932138,-1.107902,1.113368,-0.347214,0.124127,-0.336817,0.881772,0.369941,-0.615731,0.765926,-0.121238,-1.058996,-0.391042,0.593448,-2.311620,-0.501769,2.410595,0.558435,-0.388512,0.135476,0.207393,0.046628,-0.202289,0.330434,-0.117143
3.092016,-1.049792,0.112002,1.082701,0.930343,-1.108063,1.113156,-0.347961,0.117976,-0.338712,0.872756,0.373617,-0.615462,0.766136,-0.121028,-1.059394,-0.390913,0.593660,-2.311575,-0.501978,2.410923,0.558307,-0.390504,0.134074,0.208197,0.046297,-0.203732,0.328775,-0.120611
3.093096,-1.050968,0.113576,1.081520,0.928977,-1.107969,1.112207,-0.347583,0.115568,-0.341902,0.867729,0.377150,-0.615179,0.766611,-0.120816,-1.059790,-0.390779,0.593864,-2.311527,-0.502178,2.411248,0.558191,-0.390233,0.133667,0.207148,0.047618,-0.203589,0.329060,-0.119110
3.093998,-1.049894,0.115846,1.078774,0.928670,-1.107475,1.111428,-0.346816,0.115136,-0.343171,0.865313,0.378651,-0.614899,0.767036,-0.120584,-1.060178,-0.390647,0.594073,-2.311477,-0.502382,2.411579,0.558069,-0.389941,0.133005,0.208099,0.048528,-0.203936,0.330303,-0.119977
3.095004,-1.048945,0.114056,1.074398,0.928956,-1.107054,1.113706,-0.345488,0.113721,-0.340213,0.862461,0.377034,-0.614645,0.767068,-0.120336,-1.060570,-0.390519,0.594286,-2.311430,-0.502589,2.411913,0.557947,-0.389898,0.131747,0.209306,0.048326,-0.204274,0.330970,-0.121509
3.096101,-1.050075,0.115092,1.073286,0.926936,-1.108258,1.115534,-0.345602,0.109088,-0.333364,0.856257,0.373766,-0.614357,0.766701,-0.120104,-1.060960,-0.390385,0.594500,-2.311384,-0.502794,2.412231,0.557819,-0.390303,0.132648,0.211603,0.047630,-0.204788,0.328872,-0.124203
3.097025,-1.055403,0.112331,1.070244,0.927957,-1.107117,1.117620,-0.344239,0.100599,-0.324720,0.845450,0.370776,-0.613996,0.766090,-0.119915,-1.061349,-0.390254,0.594714,-2.311331,-0.502998,2.412555,0.557696,-0.390078,0.132279,0.212473,0.049189,-0.203858,0.327410,-0.124038
3.098011,-1.056860,0.111980,1.067321,0.925543,-1.108150,1.117566,-0.343159,0.087433,-0.315572,0.828968,0.368871,-0.613588,0.765275,-0.119786,-1.061732,-0.390118,0.594931,-2.311287,-0.503208,2.412871,0.557559,-0.387025,0.133493,0.213846,0.047728,-0.204880,0.325365,-0.126737
3.099109,-1.048397,0.110242,1.061846,0.925710,-1.108410,1.116166,-0.342204,0.068030,-0.306561,0.805103,0.368482,-0.613163,0.764262,-0.119742,-1.062114,-0.389984,0.595146,-2.311234,-0.503411,2.413199,0.557426,-0.386244,0.133607,0.215335,0.049573,-0.203894,0.325542,-0.128886
3.099997,-1.050063,0.110649,1.061917,0.926582,-1.104035,1.113678,-0.341822,0.043461,-0.298758,0.775081,0.369495,-0.612774,0.763198,-0.119783,-1.062512,-0.389849,0.595372,-2.311186,-0.503618,2.413533,0.557291,-0.390773,0.134593,0.218279,0.048989,-0.203903,0.327265,-0.130835
3.101123,-1.052152,0.114445,1.066717,0.925309,-1.101863,1.114270,-0.341372,0.017182,-0.294002,0.742569,0.372710,-0.612427,0.762441,-0.119876,-1.062901,-0.389714,0.595586,-2.311140,-0.503830,2.413866,0.557159,-0.389281,0.134167,0.217996,0.047644,-0.208083,0.329630,-0.131533
3.102010,-1.047162,0.111250,1.059578,0.923348,-1.098886,1.117399,-0.340706,-0.008779,-0.291449,0.710284,0.377889,-0.612110,0.762082,-0.119979,-1.063284,-0.389586,0.595799,-2.311089,-0.504043,2.414196,0.557028,-0.388795,0.132493,0.215993,0.048501,-0.210503,0.329396,-0.132512
3.103007,-1.034874,0.110209,1.056291,0.921822,-1.096895,1.117696,-0.341892,-0.033661,-0.289012,0.679876,0.383091,-0.611854,0.761908,-0.120075,-1.063677,-0.389450,0.596027,-2.311037,-0.504265,2.414516,0.556888,-0.390658,0.133883,0.219229,0.049819,-0.213146,0.326181,-0.133758
3.104098,-1.039758,0.110573,1.056221,0.921943,-1.093378,1.117467,-0.340260,-0.055578,-0.288386,0.653202,0.388230,-0.611665,0.761973,-0.120147,-1.064078,-0.389314,0.596252,-2.310983,-0.504480,2.414841,0.556764,-0.396591,0.134342,0.220796,0.050758,-0.215087,0.326059,-0.131385
3.105074,-1.044393,0.109862,1.055555,0.919249,-1.091119,1.117676,-0.338868,-0.072914,-0.291540,0.631596,0.394152,-0.611500,0.762408,-0.120190,-1.064469,-0.389179,0.596474,-2.310934,-0.504707,2.415170,0.556621,-0.394360,0.134250,0.221039,0.050208,-0.218667,0.326616,-0.134716
3.105989,-1.041369,0.111223,1.046228,0.920221,-1.088041,1.117208,-0.339457,-0.088589,-0.296576,0.612121,0.399958,-0.611315,0.762858,-0.120222,-1.064854,-0.389042,0.596694,-2.310880,-0.504930,2.415498,0.556475,-0.391890,0.134513,0.221311,0.052294,-0.220757,0.326481,-0.137429
3.107137,-1.042923,0.109626,1.045764,0.919618,-1.085556,1.116721,-0.339208,-0.107687,-0.300538,0.589474,0.404457,-0.611058,0.762832,-0.120228,-1.065246,-0.388908,0.596930,-2.310831,-0.505159,2.415826,0.556343,-0.392924,0.133652,0.225606,0.050757,-0.223501,0.326909,-0.136169
3.108115,-1.045193,0.109782,1.044515,0.916903,-1.085190,1.117512,-0.337841,-0.132226,-0.303253,0.561085,0.408652,-0.610666,0.762314,-0.120171,-1.065637,-0.388772,0.597158,-2.310780,-0.505394,2.416156,0.556202,-0.392692,0.134643,0.226106,0.050954,-0.226069,0.327836,-0.136733
3.108989,-1.045222,0.111511,1.037139,0.916820,-1.086159,1.117347,-0.337264,-0.161301,-0.305389,0.527858,0.412702,-0.610178,0.761386,-0.120042,-1.066024,-0.388638,0.597383,-2.310723,-0.505621,2.416479,0.556057,-0.391381,0.134497,0.226620,0.053011,-0.226213,0.327146,-0.139430
3.110032,-1.047528,0.108911,1.036787,0.914136,-1.083362,1.118679,-0.337437,-0.195049,-0.305386,0.490037,0.414889,-0.609703,0.759875,-0.119853,-1.066416,-0.388509,0.597621,-2.310670,-0.505844,2.416807,0.555914,-0.390659,0.133445,0.229789,0.052402,-0.224852,0.327188,-0.140460
3.111020,-1.045808,0.106798,1.036868,0.914847,-1.081519,1.117333,-0.336426,-0.275843,-0.298089,0.401329,0.412937,-0.608964,0.755205,-0.119333,-1.067196,-0.388233,0.598081,-2.310561,-0.506308,2.417457,0.555627,-0.390323,0.135716,0.229740,0.053170,-0.229197,0.327581,-0.142079
3.112066,-1.049290,0.109168,1.037227,0.914289,-1.079776,1.115475,-0.336655,-0.275843,-0.298089,0.401329,0.412937,-0.608964,0.755205,-0.119333,-1.067196,-0.388233,0.598081,-2.310561,-0.506308,2.417457,0.555627,-0.390323,0.135716,0.229740,0.053170,-0.229197,0.327581,-0.142079
3.113083,-1.050020,0.109004,1.041159,0.912819,-1.077354,1.116630,-0.335874,-0.316263,-0.295463,0.357203,0.411512,-0.608650,0.752761,-0.119041,-1.067586,-0.388102,0.598313,-2.310506,-0.506544,2.417790,0.555484,-0.388659,0.134587,0.229544,0.053142,-0.230797,0.329648,-0.141582
3.113990,-1.045626,0.110092,1.035991,0.910853,-1.076875,1.115901,-0.335918,-0.353830,-0.293340,0.316678,0.409953,-0.608332,0.750420,-0.118751,-1.067978,-0.387968,0.598537,-2.310448,-0.506779,2.418114,0.555340,-0.388254,0.134679,0.227564,0.053948,-0.233040,0.328654,-0.143130
3.114985,-1.042483,0.110470,1.038751,0.908908,-1.075988,1.115565,-0.335805,-0.387301,-0.290456,0.281558,0.406825,-0.608024,0.748117,-0.118461,-1.068370,-0.387837,0.598774,-2.310390,-0.507012,2.418446,0.555196,-0.389920,0.133995,0.229744,0.055157,-0.233093,0.329313,-0.142932
3.116055,-1.050301,0.109067,1.040273,0.909682,-1.072590,1.113007,-0.334678,-0.415409,-0.286354,0.253300,0.401013,-0.607738,0.745842,-0.118177,-1.068765,-0.387703,0.598998,-2.310334,-0.507250,2.418775,0.555050,-0.391297,0.133769,0.228274,0.056450,-0.233713,0.329768,-0.143108
3.116997,-1.049239,0.112499,1.036942,0.908679,-1.073278,1.114172,-0.335349,-0.437855,-0.281518,0.232020,0.392778,-0.607456,0.743647,-0.117933,-1.069143,-0.387565,0.599223,-2.310283,-0.507494,2.419113,0.554900,-0.387695,0.134508,0.227644,0.055162,-0.236969,0.332564,-0.145350
3.117987,-1.050853,0.110680,1.032381,0.908398,-1.073855,1.112845,-0.335076,-0.457131,-0.275994,0.214694,0.383407,-0.607104,0.741504,-0.117760,-1.069534,-0.387437,0.599458,-2.310227,-0.507729,2.419449,0.554758,-0.387884,0.132724,0.229008,0.055491,-0.235889,0.331326,-0.143904
3.119098,-1.053782,0.114798,1.036611,0.908486,-1.074351,1.111028,-0.336034,-0.476659,-0.268848,0.197291,0.373557,-0.606638,0.739263,-0.117659,-1.069920,-0.387301,0.599690,-2.310172,-0.507962,2.419782,0.554610,-0.386962,0.133583,0.231126,0.055132,-0.235091,0.332759,-0.144406
3.120066,-1.052435,0.115977,1.037230,0.907130,-1.074818,1.108141,-0.336535,-0.497449,-0.259902,0.178481,0.363608,-0.606089,0.736886,-0.117622,-1.070300,-0.387174,0.599915,-2.310119,-0.508192,2.420122,0.554471,-0.386026,0.131733,0.229209,0.054549,-0.234654,0.334881,-0.142503
3.120990,-1.055930,0.111854,1.036733,0.906465,-1.076361,1.106597,-0.337574,-0.517796,-0.248673,0.160400,0.353039,-0.605546,0.734429,-0.117636,-1.070686,-0.387045,0.600145,-2.310060,-0.508428,2.420462,0.554334,-0.386505,0.131126,0.228717,0.055187,-0.233879,0.337769,-0.141473
3.122031,-1.055153,0.111660,1.037386,0.905959,-1.075591,1.103620,-0.336737,-0.536062,-0.235972,0.144909,0.341582,-0.605082,0.731979,-0.117680,-1.071062,-0.386906,0.600373,-2.310004,-0.508652,2.420803,0.554199,-0.384450,0.133002,0.228686,0.055152,-0.232047,0.339193,-0.139340
3.123014,-1.057677,0.110187,1.042464,0.906526,-1.076644,1.100810,-0.337251,-0.551881,-0.224614,0.131859,0.330505,-0.604694,0.729704,-0.117740,-1.071444,-0.386773,0.600600,-2.309951,-0.508884,2.421152,0.554053,-0.385039,0.133133,0.228378,0.055109,-0.232729,0.342281,-0.141020
3.124008,-1.055453,0.114175,1.045592,0.907320,-1.075854,1.101968,-0.337110,-0.563901,-0.216658,0.122368,0.321102,-0.604337,0.727853,-0.117804,-1.071826,-0.386638,0.600819,-2.309900,-0.509112,2.421500,0.553914,-0.383677,0.133802,0.225795,0.053996,-0.231474,0.345066,-0.139932
3.125033,-1.054473,0.110625,1.046144,0.905458,-1.077173,1.102586,-0.336468,-0.569867,-0.212477,0.118950,0.314312,-0.603958,0.726723,-0.117845,-1.072210,-0.386510,0.601041,-2.309849,-0.509344,2.421847,0.553774,-0.384755,0.131817,0.224198,0.052663,-0.232069,0.343877,-0.140199
3.125989,-1.052538,0.111724,1.047480,0.904284,-1.077490,1.100806,-0.337240,-0.559688,-0.214319,0.134904,0.308450,-0.603077,0.726981,-0.117757,-1.072981,-0.386239,0.601484,-2.309736,-0.509804,2.422540,0.553500,-0.386017,0.132931,0.223192,0.054382,-0.230028,0.345073,-0.139875
3.127010,-1.060265,0.111124,1.048752,0.904498,-1.076658,1.097136,-0.336721,-0.559688,-0.214319,0.134904,0.308450,-0.603077,0.726981,-0.117757,-1.072981,-0.386239,0.601484,-2.309736,-0.509804,2.422540,0.553500,-0.386017,0.132931,0.223192,0.054382,-0.230028,0.345073,-0.139875
3.128086,-1.057761,0.112354,1.051865,0.906312,-1.077405,1.097063,-0.338749,-0.546585,-0.218813,0.151017,0.307282,-0.602624,0.727874,-0.117595,-1.073359,-0.386107,0.601705,-2.309682,-0.510032,2.422900,0.553357,-0.382239,0.133259,0.222609,0.053576,-0.230764,0.348745,-0.140914
3.129007,-1.054766,0.112141,1.051650,0.906215,-1.078635,1.095087,-0.338390,-0.531906,-0.224409,0.168326,0.307550,-0.602106,0.729014,-0.117353,-1.073751,-0.385976,0.601922,-2.309634,-0.510258,2.423247,0.553227,-0.383772,0.132770,0.221287,0.051350,-0.230019,0.348966,-0.136858
3.130123,-1.058998,0.115253,1.055939,0.904044,-1.080014,1.092759,-0.339224,-0.514819,-0.232365,0.187402,0.311119,-0.601471,0.730674,-0.117039,-1.074137,-0.385842,0.602143,-2.309581,-0.510483,2.423603,0.553091,-0.384848,0.132727,0.221187,0.050838,-0.228494,0.350757,-0.137570
3.131116,-1.062276,0.113809,1.053249,0.904011,-1.079624,1.094532,-0.337792,-0.494873,-0.241600,0.209037,0.316785,-0.600804,0.732759,-0.116669,-1.074519,-0.385713,0.602361,-2.309526,-0.510706,2.423965,0.552960,-0.383221,0.131367,0.219361,0.052489,-0.227252,0.353268,-0.135951
3.132005,-1.056747,0.114446,1.057354,0.904347,-1.078414,1.094174,-0.338031,-0.474968,-0.249155,0.230560,0.321789,-0.600232,0.734772,-0.116290,-1.074903,-0.385581,0.602582,-2.309474,-0.510929,2.424312,0.552816,-0.381517,0.132091,0.220720,0.051945,-0.227534,0.351453,-0.138813
3.133135,-1.053338,0.112304,1.060777,0.905405,-1.077090,1.093253,-0.338592,-0.433545,-0.264851,0.273789,0.334230,-0.599385,0.739245,-0.115659,-1.075680,-0.385318,0.603012,-2.309380,-0.511392,2.425014,0.552542,-0.385938,0.132885,0.217103,0.049676,-0.229738,0.352791,-0.137151
3.134099,-1.058747,0.113801,1.059907,0.906043,-1.078351,1.093696,-0.337967,-0.433545,-0.264851,0.273789,0.334230,-0.599385,0.739245,-0.115659,-1.075680,-0.385318,0.603012,-2.309380,-0.511392,2.425014,0.552542,-0.385938,0.132885,0.217103,0.049676,-0.229738,0.352791,-0.137151
3.134988,-1.050382,0.111394,1.060817,0.902632,-1.077527,1.094563,-0.337267,-0.405970,-0.279013,0.301227,0.345976,-0.598964,0.742516,-0.115419,-1.076053,-0.385188,0.603230,-2.309333,-0.511618,2.425365,0.552405,-0.383113,0.132075,0.217498,0.048604,-0.228230,0.352252,-0.138389
3.136159,-1.047839,0.112281,1.066065,0.903563,-1.078547,1.095054,-0.337668,-0.375810,-0.296530,0.330442,0.360580,-0.598482,0.746232,-0.115250,-1.076447,-0.385054,0.603446,-2.309278,-0.511846,2.425717,0.552263,-0.386700,0.133090,0.216790,0.051334,-0.228689,0.351139,-0.139696
3.137035,-1.039960,0.113100,1.066532,0.902661,-1.079596,1.093580,-0.338685,-0.341642,-0.316768,0.363423,0.375965,-0.597968,0.750307,-0.115129,-1.076840,-0.384920,0.603655,-2.309232,-0.512072,2.426065,0.552125,-0.388601,0.132868,0.214742,0.050079,-0.227876,0.351031,-0.138945
3.138027,-1.043397,0.112950,1.071920,0.901696,-1.079705,1.095943,-0.337498,-0.300448,-0.340243,0.403639,0.391760,-0.597392,0.754927,-0.115014,-1.077234,-0.384788,0.603867,-2.309183,-0.512296,2.426419,0.551992,-0.391835,0.132250,0.214292,0.050441,-0.226447,0.352233,-0.136831
3.139022,-1.044524,0.109660,1.071323,0.902136,-1.081796,1.097845,-0.338295,-0.252788,-0.365673,0.450719,0.407240,-0.596710,0.759953,-0.114886,-1.077621,-0.384656,0.604076,-2.309132,-0.512523,2.426764,0.551848,-0.389960,0.132315,0.211701,0.050879,-0.226182,0.349845,-0.139204
3.140042,-1.048179,0.111839,1.068691,0.900747,-1.083851,1.101457,-0.337824,-0.202035,-0.392263,0.501009,0.422225,-0.595861,0.765080,-0.114740,-1.078003,-0.384518,0.604287,-2.309085,-0.512742,2.427108,0.551714,-0.389379,0.133892,0.212123,0.049975,-0.223996,0.347981,-0.137565
3.141111,-1.048462,0.112820,1.065796,0.899818,-1.086476,1.103850,-0.337766,-0.153514,-0.419271,0.548464,0.437201,-0.594801,0.769928,-0.114573,-1.078388,-0.384387,0.604504,-2.309033,-0.512959,2.427446,0.551575,-0.387583,0.132811,0.213548,0.050854,-0.221933,0.344467,-0.138520
3.142007,-1.047209,0.108840,1.067950,0.899558,-1.086667,1.106718,-0.336521,-0.112677,-0.443548,0.587316,0.450851,-0.593586,0.773955,-0.114402,-1.078776,-0.384253,0.604721,-2.308982,-0.513173,2.427780,0.551435,-0.387687,0.132414,0.215226,0.051287,-0.219435,0.342331,-0.138633
3.142973,-1.046946,0.109008,1.068894,0.898840,-1.088523,1.105803,-0.336824,-0.080366,-0.464546,0.616731,0.462842,-0.592316,0.777100,-0.114250,-1.079162,-0.384115,0.604932,-2.308929,-0.513390,2.428116,0.551289,-0.387787,0.134180,0.213958,0.050913,-0.218997,0.339318,-0.141040
3.144061,-1.050750,0.112834,1.069526,0.896587,-1.088763,1.105456,-0.335868,-0.053382,-0.484924,0.640087,0.474445,-0.591075,0.779797,-0.114114,-1.079550,-0.383981,0.605145,-2.308879,-0.513603,2.428457,0.551149,-0.387676,0.133986,0.213494,0.051101,-0.217050,0.340257,-0.140359
3.145039,-1.049591,0.105246,1.071362,0.897839,-1.091195,1.109265,-0.335234,-0.031020,-0.503127,0.658768,0.484104,-0.589971,0.781986,-0.113972,-1.079932,-0.383852,0.605357,-2.308823,-0.513820,2.428797,0.551005,-0.386159,0.132229,0.213512,0.052776,-0.216968,0.340847,-0.142298
3.145956,-1.048267,0.105236,1.068832,0.896552,-1.090602,1.112896,-0.336142,-0.013327,-0.518230,0.672961,0.491069,-0.589036,0.783600,-0.113825,-1.080321,-0.383710,0.605567,-2.308775,-0.514032,2.429125,0.550858,-0.386562,0.135912,0.212647,0.051029,-0.214467,0.337084,-0.143492
3.147030,-1.043551,0.100978,1.070717,0.896429,-1.091250,1.113348,-0.335357,0.001986,-0.534432,0.684322,0.498524,-0.588182,0.785144,-0.113666,-1.080712,-0.383572,0.605783,-2.308722,-0.514250,2.429447,0.550719,-0.386722,0.135679,0.213775,0.051714,-0.214853,0.333449,-0.141579
3.148030,-1.049046,0.098860,1.077043,0.894782,-1.093306,1.111545,-0.334599,0.017215,-0.554341,0.694867,0.508350,-0.587328,0.786968,-0.113469,-1.081106,-0.383429,0.605996,-2.308670,-0.514461,2.429780,0.550578,-0.389296,0.137803,0.213101,0.051327,-0.214371,0.333291,-0.143190
3.149019,-1.048082,0.098915,1.078645,0.891170,-1.093167,1.114364,-0.333183,0.034393,-0.578185,0.707055,0.519976,-0.586457,0.789061,-0.113231,-1.081491,-0.383288,0.606199,-2.308615,-0.514669,2.430120,0.550430,-0.386445,0.138741,0.210122,0.052366,-0.212336,0.335174,-0.144647
3.150058,-1.043941,0.099093,1.081363,0.890877,-1.096663,1.115204,-0.334158,0.053577,-0.603344,0.721840,0.530511,-0.585619,0.791005,-0.112962,-1.081882,-0.383151,0.606407,-2.308556,-0.514879,2.430444,0.550279,-0.386798,0.138614,0.209464,0.055271,-0.212502,0.332449,-0.147415
3.151045,-1.050435,0.096831,1.080335,0.889138,-1.099616,1.116428,-0.333700,0.095750,-0.645773,0.759345,0.540074,-0.584091,0.793383,-0.112319,-1.082655,-0.382871,0.606824,-2.308445,-0.515287,2.431098,0.549985,-0.385573,0.139506,0.208989,0.056030,-0.206240,0.330728,-0.146264
3.152102,-1.053124,0.101341,1.080997,0.890065,-1.102542,1.117445,-0.333464,0.095750,-0.645773,0.759345,0.540074,-0.584091,0.793383,-0.112319,-1.082655,-0.382871,0.606824,-2.308445,-0.515287,2.431098,0.549985,-0.385573,0.139506,0.208989,0.056030,-0.206240,0.330728,-0.146264
3.153044,-1.048002,0.098791,1.082023,0.889154,-1.104224,1.119419,-0.333157,0.113483,-0.660294,0.776142,0.540101,-0.583359,0.793658,-0.111965,-1.083034,-0.382739,0.607029,-2.308393,-0.515487,2.431429,0.549841,-0.384541,0.137299,0.208980,0.054559,-0.203567,0.329953,-0.146717
3.154013,-1.047211,0.096448,1.083190,0.889126,-1.106142,1.121993,-0.333081,0.126154,-0.668988,0.788344,0.538404,-0.582654,0.793409,-0.111642,-1.083424,-0.382600,0.607239,-2.308336,-0.515685,2.431757,0.549686,-0.386767,0.138429,0.208442,0.054789,-0.201907,0.327976,-0.147216
3.154970,-1.049954,0.093827,1.080843,0.886600,-1.108641,1.121342,-0.333799,0.137354,-0.675064,0.799369,0.537324,-0.582008,0.793220,-0.111379,-1.083811,-0.382458,0.607445,-2.308283,-0.515886,2.432073,0.549542,-0.386930,0.139420,0.207943,0.054206,-0.200038,0.325539,-0.147300
3.156065,-1.046445,0.091450,1.085263,0.884429,-1.109796,1.119232,-0.332660,0.147967,-0.680796,0.809809,0.537737,-0.581466,0.793284,-0.111186,-1.084190,-0.382312,0.607660,-2.308225,-0.516074,2.432402,0.549400,-0.385371,0.140495,0.209090,0.056021,-0.197690,0.326261,-0.145792
3.157028,-1.047741,0.090157,1.082861,0.885098,-1.109064,1.117097,-0.333702,0.165796,-0.690396,0.827908,0.537290,-0.581032,0.793391,-0.110952,-1.084959,-0.382028,0.608075,-2.308111,-0.516469,2.433071,0.549108,-0.386668,0.142159,0.208539,0.056207,-0.197710,0.330831,-0.145907
3.157976,-1.046247,0.087796,1.085977,0.884319,-1.109541,1.116515,-0.333001,0.174219,-0.695331,0.836675,0.537029,-0.581151,0.793551,-0.110895,-1.085346,-0.381885,0.608280,-2.308055,-0.516665,2.433402,0.548959,-0.387123,0.143127,0.207007,0.056297,-0.197274,0.331404,-0.147251
3.159096,-1.047873,0.088157,1.085472,0.885199,-1.108476,1.117004,-0.333853,0.174219,-0.695331,0.836675,0.537029,-0.581151,0.793551,-0.110895,-1.085346,-0.381885,0.608280,-2.308055,-0.516665,2.433402,0.548959,-0.387123,0.143127,0.207007,0.056297,-0.197274,0.331404,-0.147251
3.160056,-1.046152,0.091051,1.088810,0.882109,-1.108352,1.119956,-0.333259,0.182246,-0.700953,0.844881,0.538435,-0.581395,0.793933,-0.110877,-1.085737,-0.381743,0.608490,-2.308001,-0.516864,2.433729,0.548814,-0.386735,0.142995,0.207720,0.054902,-0.198755,0.331299,-0.145533
3.160995,-1.051618,0.091232,1.087829,0.882972,-1.107391,1.123035,-0.333878,0.189792,-0.705398,0.852825,0.540632,-0.581729,0.794431,-0.110881,-1.086122,-0.381604,0.608694,-2.307940,-0.517063,2.434056,0.548667,-0.387380,0.141379,0.206127,0.057239,-0.198905,0.328375,-0.146674
3.162055,-1.047887,0.095167,1.083305,0.880467,-1.105964,1.124774,-0.334079,0.195576,-0.705358,0.859740,0.541540,-0.582146,0.794742,-0.110883,-1.086503,-0.381464,0.608903,-2.307889,-0.517265,2.434378,0.548524,-0.384334,0.141107,0.206605,0.055768,-0.199853,0.325333,-0.145339
3.163110,-1.053031,0.099321,1.082821,0.878400,-1.105118,1.124922,-0.334316,0.196870,-0.698687,0.862787,0.540246,-0.582595,0.794575,-0.110880,-1.086896,-0.381328,0.609116,-2.307829,-0.517468,2.434697,0.548379,-0.386384,0.139164,0.209147,0.057603,-0.201502,0.323928,-0.144931
3.164051,-1.056984,0.096895,1.079789,0.878117,-1.105435,1.127485,-0.335291,0.175597,-0.656221,0.846931,0.523973,-0.583581,0.791268,-0.110823,-1.087654,-0.381053,0.609544,-2.307713,-0.517871,2.435341,0.548099,-0.381830,0.138180,0.211031,0.058528,-0.202223,0.321532,-0.142436
3.164993,-1.057140,0.096944,1.078435,0.877565,-1.105288,1.125082,-0.334124,0.151270,-0.623210,0.825541,0.510347,-0.584085,0.788158,-0.110766,-1.088033,-0.380914,0.609755,-2.307656,-0.518071,2.435671,0.547948,-0.381532,0.137959,0.211663,0.058383,-0.202377,0.323986,-0.144709
3.165994,-1.055713,0.097366,1.079135,0.876145,-1.107197,1.124792,-0.335042,0.121019,-0.587407,0.798048,0.495749,-0.584601,0.784577,-0.110709,-1.088418,-0.380776,0.609968,-2.307596,-0.518271,2.436000,0.547810,-0.382209,0.137675,0.211391,0.059052,-0.200567,0.324386,-0.142810
3.167041,-1.056839,0.094765,1.079375,0.877067,-1.106473,1.124410,-0.334519,0.121019,-0.587407,0.798048,0.495749,-0.584601,0.784577,-0.110709,-1.088418,-0.380776,0.609968,-2.307596,-0.518271,2.436000,0.547810,-0.382209,0.137675,0.211391,0.059052,-0.200567,0.324386,-0.142810
3.168111,-1.056336,0.092205,1.079218,0.875834,-1.105060,1.126593,-0.335696,0.088979,-0.552032,0.768784,0.481527,-0.585178,0.780930,-0.110658,-1.088807,-0.380636,0.610179,-2.307542,-0.518470,2.436325,0.547661,-0.381759,0.138956,0.211522,0.057550,-0.201552,0.325020,-0.143849
3.168994,-1.052430,0.088424,1.077283,0.873830,-1.103722,1.127009,-0.335247,0.058212,-0.521207,0.740489,0.470161,-0.585785,0.777664,-0.110606,-1.089189,-0.380492,0.610391,-2.307483,-0.518676,2.436647,0.547528,-0.382340,0.140203,0.211890,0.058131,-0.203187,0.323131,-0.141498
3.169976,-1.051365,0.085499,1.068900,0.871085,-1.102184,1.127442,-0.335423,0.006174,-0.481214,0.691679,0.457565,-0.586985,0.772651,-0.110472,-1.089958,-0.380203,0.610828,-2.307357,-0.519092,2.437285,0.547245,-0.384126,0.143020,0.216768,0.061179,-0.205864,0.322390,-0.141923
3.171067,-1.046247,0.088918,1.072337,0.870804,-1.100566,1.126447,-0.336821,0.006174,-0.481214,0.691679,0.457565,-0.586985,0.772651,-0.110472,-1.089958,-0.380203,0.610828,-2.307357,-0.519092,2.437285,0.547245,-0.384126,0.143020,0.216768,0.061179,-0.205864,0.322390,-0.141923
3.172078,-1.049324,0.092851,1.075289,0.870170,-1.100887,1.127226,-0.336941,-0.016815,-0.469797,0.669386,0.453370,-0.587528,0.770386,-0.110398,-1.090351,-0.380065,0.611042,-2.307296,-0.519301,2.437616,0.547107,-0.386978,0.141356,0.215314,0.060720,-0.207712,0.323707,-0.139133
3.172990,-1.047938,0.093188,1.068588,0.868105,-1.101200,1.125914,-0.337546,-0.037002,-0.459770,0.650278,0.448483,-0.587990,0.768156,-0.110305,-1.090736,-0.379929,0.611252,-2.307234,-0.519508,2.437937,0.546972,-0.385404,0.139345,0.213994,0.060579,-0.207446,0.323109,-0.138918
3.174059,-1.052365,0.091239,1.068944,0.866803,-1.099896,1.125314,-0.337379,-0.055699,-0.447243,0.633694,0.441366,-0.588366,0.765762,-0.110190,-1.091117,-0.379788,0.611477,-2.307168,-0.519713,2.438265,0.546839,-0.385711,0.138940,0.217107,0.061719,-0.207018,0.324386,-0.137653
3.175050,-1.054687,0.091956,1.066810,0.864295,-1.099076,1.126367,-0.337598,-0.076763,-0.430873,0.615383,0.431392,-0.588661,0.762866,-0.110051,-1.091497,-0.379647,0.611696,-2.307104,-0.519925,2.438595,0.546701,-0.383813,0.139926,0.217097,0.062224,-0.208490,0.325252,-0.138020
3.175984,-1.054643,0.089209,1.066471,0.863495,-1.099018,1.127125,-0.336989,-0.102075,-0.411360,0.593065,0.418730,-0.588899,0.759348,-0.109881,-1.091873,-0.379509,0.611917,-2.307038,-0.520134,2.438916,0.546563,-0.382674,0.139454,0.218136,0.063846,-0.209313,0.324332,-0.137545
3.177023,-1.053026,0.087260,1.061090,0.861860,-1.101323,1.127940,-0.337908,-0.131345,-0.389814,0.566956,0.403938,-0.589120,0.755326,-0.109684,-1.092256,-0.379368,0.612133,-2.306975,-0.520345,2.439238,0.546424,-0.382383,0.140628,0.218182,0.063776,-0.209242,0.323606,-0.138723
3.178009,-1.057202,0.088624,1.059818,0.861341,-1.100449,1.125525,-0.337237,-0.163016,-0.368830,0.538275,0.388824,-0.589362,0.751148,-0.109478,-1.092641,-0.379225,0.612355,-2.306911,-0.520546,2.439558,0.546292,-0.383340,0.141523,0.220977,0.064605,-0.207108,0.323062,-0.136882
3.179029,-1.056441,0.086338,1.060356,0.861887,-1.101089,1.125283,-0.337238,-0.197014,-0.349436,0.506697,0.374555,-0.589663,0.746963,-0.109287,-1.093018,-0.379086,0.612579,-2.306847,-0.520758,2.439888,0.546152,-0.381217,0.140716,0.221514,0.064262,-0.207989,0.325600,-0.138218
3.180106,-1.064574,0.088585,1.061826,0.859405,-1.098108,1.122976,-0.338488,-0.233201,-0.331455,0.472247,0.361912,-0.590018,0.742873,-0.109132,-1.093400,-0.378945,0.612803,-2.306785,-0.520961,2.440218,0.546012,-0.381695,0.141788,0.221252,0.062929,-0.207471,0.325979,-0.138186
3.181099,-1.059823,0.089637,1.057400,0.859238,-1.099098,1.122225,-0.337294,-0.308936,-0.297167,0.399132,0.340478,-0.590743,0.735094,-0.108888,-1.094159,-0.378668,0.613249,-2.306656,-0.521385,2.440881,0.545739,-0.380388,0.140066,0.222882,0.063924,-0.209605,0.329419,-0.138108
3.182068,-1.058543,0.087706,1.057376,0.858094,-1.100068,1.122353,-0.337675,-0.347244,-0.278967,0.362261,0.330022,-0.591061,0.731284,-0.108781,-1.094545,-0.378527,0.613473,-2.306591,-0.521596,2.441209,0.545602,-0.380815,0.140879,0.222735,0.064200,-0.208580,0.329351,-0.137284
3.183026,-1.060000,0.086583,1.058222,0.855309,-1.098704,1.124723,-0.335813,-0.347244,-0.278967,0.362261,0.330022,-0.591061,0.731284,-0.108781,-1.094545,-0.378527,0.613473,-2.306591,-0.521596,2.441209,0.545602,-0.380815,0.140879,0.222735,0.064200,-0.208580,0.329351,-0.137284
3.184048,-1.060864,0.090634,1.056907,0.854898,-1.098890,1.123522,-0.335981,-0.382385,-0.262326,0.328637,0.320454,-0.591346,0.727803,-0.108688,-1.094918,-0.378384,0.613692,-2.306522,-0.521808,2.441535,0.545455,-0.379978,0.141240,0.222220,0.066012,-0.209882,0.327012,-0.140972
3.185003,-1.059508,0.091198,1.053997,0.851000,-1.096532,1.120819,-0.334723,-0.414031,-0.246343,0.298838,0.310698,-0.591643,0.724543,-0.108618,-1.095300,-0.378250,0.613917,-2.306457,-0.522021,2.441869,0.545314,-0.379642,0.139195,0.222899,0.065556,-0.209730,0.328397,-0.140579
3.186022,-1.059976,0.092319,1.047840,0.854118,-1.095127,1.120914,-0.334811,-0.443977,-0.227932,0.271385,0.298764,-0.592008,0.721151,-0.108571,-1.095684,-0.378112,0.614141,-2.306384,-0.522234,2.442202,0.545164,-0.380090,0.138773,0.224198,0.068406,-0.212010,0.331122,-0.143030
3.187022,-1.059399,0.094539,1.050697,0.854378,-1.095687,1.119820,-0.334386,-0.474191,-0.206397,0.243944,0.284891,-0.592419,0.717502,-0.108546,-1.096058,-0.377972,0.614375,-2.306328,-0.522450,2.442535,0.545024,-0.380022,0.138140,0.227173,0.064578,-0.213410,0.331143,-0.142810
3.187969,-1.059218,0.094059,1.052533,0.852470,-1.094079,1.117075,-0.334125,-0.504591,-0.184260,0.215705,0.272794,-0.592763,0.714067,-0.108557,-1.096439,-0.377838,0.614600,-2.306267,-0.522663,2.442866,0.544877,-0.380318,0.136993,0.225649,0.063570,-0.212818,0.332362,-0.143615
3.189051,-1.059559,0.092993,1.053561,0.852942,-1.092633,1.113171,-0.334489,-0.532262,-0.163317,0.189708,0.263851,-0.593081,0.711287,-0.108627,-1.096813,-0.377701,0.614820,-2.306199,-0.522880,2.443210,0.544731,-0.380250,0.137095,0.224595,0.064535,-0.214286,0.335048,-0.144052
3.190047,-1.058563,0.093902,1.052715,0.851523,-1.091685,1.113085,-0.333579,-0.554553,-0.144673,0.169133,0.257069,-0.593520,0.709257,-0.108773,-1.097195,-0.377564,0.615048,-2.306138,-0.523100,2.443557,0.544588,-0.380447,0.137701,0.224220,0.063325,-0.215828,0.339159,-0.143319
3.191109,-1.062430,0.090818,1.054738,0.851836,-1.086918,1.113870,-0.333246,-0.570930,-0.129451,0.154454,0.252369,-0.594146,0.707967,-0.108999,-1.097578,-0.377428,0.615270,-2.306072,-0.523316,2.443896,0.544440,-0.380911,0.137176,0.224626,0.063871,-0.216728,0.339264,-0.145102
3.192057,-1.060490,0.090518,1.057144,0.852070,-1.083239,1.115585,-0.332832,-0.581907,-0.118313,0.144809,0.250053,-0.594956,0.707358,-0.109301,-1.097952,-0.377285,0.615490,-2.306009,-0.523545,2.444234,0.544293,-0.379335,0.138694,0.223771,0.062777,-0.221502,0.338679,-0.145733
3.193022,-1.060704,0.093648,1.054581,0.851326,-1.079265,1.113683,-0.332587,-0.587038,-0.112895,0.140232,0.251374,-0.595862,0.707536,-0.109662,-1.098334,-0.377149,0.615711,-2.305948,-0.523777,2.444572,0.544145,-0.380075,0.138686,0.222414,0.061757,-0.224856,0.336913,-0.146475
3.194074,-1.061086,0.095664,1.059105,0.852737,-1.076709,1.113613,-0.331221,-0.586338,-0.112658,0.140724,0.256255,-0.596775,0.708459,-0.110044,-1.098719,-0.377015,0.615938,-2.305887,-0.524011,2.444919,0.543997,-0.379752,0.137022,0.223551,0.061710,-0.228545,0.338798,-0.146886
3.195007,-1.062733,0.096614,1.061726,0.852853,-1.075307,1.110784,-0.330857,-0.581339,-0.114441,0.145102,0.262926,-0.597644,0.709849,-0.110414,-1.099099,-0.376881,0.616154,-2.305830,-0.524247,2.445257,0.543843,-0.379820,0.136072,0.221448,0.059647,-0.230955,0.339034,-0.149584
3.196078,-1.059358,0.098109,1.062006,0.851251,-1.072351,1.111232,-0.331338,-0.572238,-0.116910,0.153486,0.270680,-0.598430,0.711640,-0.110736,-1.099478,-0.376747,0.616374,-2.305773,-0.524487,2.445598,0.543692,-0.378703,0.135469,0.219975,0.058820,-0.231929,0.341802,-0.150183
3.197069,-1.059760,0.099863,1.065607,0.850520,-1.069904,1.112330,-0.331105,-0.558657,-0.119680,0.166599,0.278476,-0.599149,0.713729,-0.110959,-1.099858,-0.376612,0.616593,-2.305711,-0.524729,2.445941,0.543544,-0.380760,0.134783,0.220050,0.059705,-0.234760,0.341519,-0.149183
3.197979,-1.058042,0.102749,1.061954,0.851443,-1.069568,1.112835,-0.331094,-0.540471,-0.121976,0.184928,0.284561,-0.599846,0.715935,-0.111058,-1.100241,-0.376482,0.616808,-2.305652,-0.524976,2.446283,0.543393,-0.380469,0.133911,0.218269,0.059690,-0.236831,0.340442,-0.149588
3.199143,-1.059333,0.104800,1.064765,0.852224,-1.066815,1.115767,-0.330065,-0.518743,-0.123128,0.207374,0.288595,-0.600535,0.718179,-0.111070,-1.100625,-0.376351,0.617029,-2.305596,-0.525214,2.446617,0.543243,-0.380892,0.132329,0.219889,0.058058,-0.236692,0.339851,-0.149487
3.200004,-1.055095,0.101888,1.063327,0.850306,-1.066292,1.115594,-0.329829,-0.495624,-0.123073,0.231226,0.291912,-0.601204,0.720483,-0.111045,-1.101003,-0.376219,0.617246,-2.305541,-0.525460,2.446951,0.543087,-0.381036,0.131568,0.218932,0.056758,-0.239490,0.337340,-0.151564
3.201125,-1.054419,0.100149,1.070468,0.850775,-1.062559,1.117148,-0.329526,-0.471214,-0.123454,0.255974,0.295644,-0.601883,0.722949,-0.111009,-1.101388,-0.376085,0.617467,-2.305482,-0.525701,2.447284,0.542936,-0.382489,0.132784,0.219293,0.057880,-0.239398,0.337351,-0.151871
3.202045,-1.052540,0.100794,1.070054,0.849076,-1.058897,1.115045,-0.329304,-0.443011,-0.127544,0.284100,0.300406,-0.602613,0.725789,-0.110966,-1.101768,-0.375949,0.617675,-2.305426,-0.525948,2.447623,0.542781,-0.383391,0.133798,0.216155,0.056831,-0.243088,0.336107,-0.152457
3.202977,-1.048323,0.097124,1.072480,0.849087,-1.058402,1.114593,-0.329339,-0.409170,-0.137060,0.317673,0.306319,-0.603370,0.729146,-0.110910,-1.102156,-0.375816,0.617892,-2.305364,-0.526199,2.447967,0.542627,-0.383876,0.133309,0.216223,0.057718,-0.246178,0.338111,-0.152775
3.204077,-1.051031,0.099440,1.078222,0.848491,-1.056856,1.114423,-0.328743,-0.370231,-0.151634,0.356301,0.312812,-0.604104,0.732900,-0.110839,-1.102545,-0.375679,0.618102,-2.305310,-0.526445,2.448303,0.542474,-0.385597,0.134996,0.214943,0.057035,-0.246165,0.338490,-0.152583
3.205059,-1.044432,0.099516,1.077784,0.847322,-1.058055,1.118426,-0.330780,-0.326801,-0.170898,0.399485,0.319668,-0.604778,0.736938,-0.110748,-1.102925,-0.375545,0.618313,-2.305252,-0.526696,2.448644,0.542318,-0.384690,0.133942,0.212439,0.057011,-0.247547,0.338923,-0.153748
3.206000,-1.044165,0.100219,1.081960,0.848879,-1.056438,1.118899,-0.330915,-0.279451,-0.193225,0.446996,0.326241,-0.605398,0.741133,-0.110618,-1.103319,-0.375411,0.618527,-2.305196,-0.526943,2.448973,0.542172,-0.387788,0.133853,0.212715,0.057519,-0.245936,0.334971,-0.149563
3.207106,-1.045604,0.099303,1.081551,0.847680,-1.054974,1.119665,-0.330823,-0.228880,-0.217437,0.498179,0.332714,-0.605950,0.745470,-0.110416,-1.103705,-0.375277,0.618734,-2.305144,-0.527190,2.449300,0.542024,-0.387567,0.133374,0.210610,0.055357,-0.247112,0.334550,-0.149236
3.208066,-1.046660,0.098400,1.080116,0.847066,-1.056473,1.119822,-0.331029,-0.176960,-0.243343,0.550802,0.340173,-0.606369,0.749927,-0.110139,-1.104093,-0.375143,0.618947,-2.305087,-0.527440,2.449632,0.541872,-0.387253,0.133970,0.211212,0.055989,-0.248420,0.334111,-0.149409
3.208957,-1.044452,0.100612,1.081779,0.846722,-1.059609,1.119864,-0.331146,-0.127892,-0.269658,0.600263,0.348178,-0.606651,0.754147,-0.109808,-1.104481,-0.375004,0.619159,-2.305032,-0.527686,2.449963,0.541724,-0.386447,0.134276,0.211927,0.055945,-0.246471,0.333989,-0.148912
3.210109,-1.045405,0.099707,1.083897,0.845005,-1.061807,1.118376,-0.332756,-0.084612,-0.294529,0.643570,0.355537,-0.606887,0.757835,-0.109443,-1.104866,-0.374872,0.619368,-2.304977,-0.527921,2.450296,0.541573,-0.387022,0.132967,0.210929,0.055583,-0.242852,0.333824,-0.148548
3.211081,-1.046499,0.103028,1.081141,0.846316,-1.059664,1.117499,-0.331980,-0.046925,-0.316619,0.681359,0.361052,-0.607215,0.760956,-0.109049,-1.105258,-0.374739,0.619579,-2.304918,-0.528162,2.450638,0.541432,-0.387112,0.133663,0.210384,0.056691,-0.240712,0.335698,-0.145350
3.211958,-1.048987,0.100080,1.086528,0.847767,-1.059291,1.120044,-0.332864,-0.015210,-0.335127,0.713358,0.364252,-0.607699,0.763482,-0.108647,-1.105647,-0.374609,0.619793,-2.304868,-0.528403,2.450973,0.541286,-0.386342,0.131952,0.211792,0.054843,-0.242542,0.336600,-0.146882
3.213073,-1.047962,0.098693,1.086679,0.845512,-1.059679,1.122813,-0.332781,0.009754,-0.350736,0.738302,0.367166,-0.608225,0.765603,-0.108273,-1.106033,-0.374470,0.619997,-2.304817,-0.528646,2.451306,0.541143,-0.384463,0.133179,0.208929,0.052780,-0.242330,0.333863,-0.144976
3.213975,-1.045694,0.097222,1.087525,0.847785,-1.058617,1.124377,-0.333525,0.030103,-0.366218,0.758045,0.372072,-0.608692,0.767690,-0.107939,-1.106419,-0.374335,0.620208,-2.304760,-0.528888,2.451627,0.540997,-0.385474,0.134000,0.209303,0.054481,-0.241885,0.331518,-0.145170
3.214973,-1.046115,0.095073,1.089749,0.845487,-1.059966,1.121906,-0.333117,0.048656,-0.384046,0.775334,0.379859,-0.609071,0.769997,-0.107647,-1.106803,-0.374199,0.620412,-2.304714,-0.529130,2.451955,0.540860,-0.386121,0.134519,0.208811,0.051684,-0.242457,0.329888,-0.143597
3.216076,-1.041728,0.093138,1.089425,0.844911,-1.060531,1.121873,-0.333450,0.066845,-0.405196,0.791592,0.390772,-0.609327,0.772632,-0.107397,-1.107189,-0.374062,0.620620,-2.304658,-0.529368,2.452295,0.540716,-0.385832,0.135536,0.207826,0.053385,-0.240818,0.332458,-0.144392
3.217053,-1.041548,0.096577,1.094279,0.843593,-1.061421,1.116909,-0.333552,0.085481,-0.429406,0.807946,0.403323,-0.609479,0.775493,-0.107176,-1.107584,-0.373922,0.620829,-2.304606,-0.529604,2.452628,0.540571,-0.388358,0.136562,0.208423,0.053468,-0.240251,0.332791,-0.143720
3.217956,-1.039314,0.092959,1.096466,0.844104,-1.061778,1.115853,-0.333122,0.105163,-0.454687,0.825630,0.415000,-0.609585,0.778362,-0.106960,-1.107968,-0.373788,0.621030,-2.304551,-0.529840,2.452977,0.540430,-0.388290,0.134746,0.206140,0.054150,-0.239072,0.337759,-0.143474
3.219077,-1.043366,0.092966,1.095087,0.842772,-1.063289,1.117322,-0.334144,0.126351,-0.479019,0.845668,0.424426,-0.609715,0.781096,-0.106742,-1.108359,-0.373648,0.621235,-2.304503,-0.530079,2.453313,0.540283,-0.388853,0.136339,0.204984,0.053096,-0.238239,0.338654,-0.144239
3.220082,-1.044572,0.097678,1.100273,0.844456,-1.064972,1.119923,-0.334272,0.147856,-0.502414,0.866589,0.432201,-0.609921,0.783633,-0.106514,-1.108738,-0.373509,0.621443,-2.304447,-0.530314,2.453647,0.540148,-0.387381,0.136414,0.206171,0.053877,-0.236756,0.337516,-0.142223
3.220958,-1.042956,0.095703,1.103071,0.846914,-1.064040,1.119962,-0.334473,0.167046,-0.523661,0.885384,0.438934,-0.610232,0.785879,-0.106275,-1.109122,-0.373378,0.621645,-2.304399,-0.530547,2.453977,0.540006,-0.386789,0.134053,0.203769,0.051712,-0.234873,0.335034,-0.141953
3.222033,-1.040748,0.098412,1.099034,0.844082,-1.061621,1.117331,-0.334813,0.184209,-0.542242,0.902345,0.446268,-0.610627,0.788108,-0.106051,-1.109509,-0.373242,0.621841,-2.304357,-0.530779,2.454308,0.539865,-0.386959,0.134815,0.202344,0.048861,-0.235372,0.334876,-0.141451
3.223024,-1.047294,0.098847,1.099874,0.844133,-1.060925,1.118960,-0.335338,0.200198,-0.559019,0.918161,0.455302,-0.611069,0.790516,-0.105873,-1.109895,-0.373111,0.622051,-2.304301,-0.531021,2.454648,0.539727,-0.388358,0.133567,0.204731,0.051147,-0.237669,0.337755,-0.140787
3.224095,-1.045700,0.096895,1.101302,0.845032,-1.061308,1.117891,-0.335834,0.211854,-0.571660,0.929593,0.463507,-0.611559,0.792609,-0.105741,-1.110277,-0.372979,0.622255,-2.304252,-0.531259,2.454985,0.539592,-0.384996,0.133337,0.204456,0.050589,-0.238065,0.336140,-0.139721
3.225081,-1.043012,0.096033,1.103186,0.843783,-1.063107,1.116543,-0.334694,0.217295,-0.579755,0.934516,0.470248,-0.612027,0.794218,-0.105639,-1.110667,-0.372841,0.622458,-2.304208,-0.531498,2.455326,0.539457,-0.386060,0.134370,0.204140,0.049355,-0.237565,0.337448,-0.138762
3.225995,-1.041610,0.096569,1.100149,0.844165,-1.063218,1.117440,-0.335133,0.219651,-0.586742,0.935890,0.477168,-0.612404,0.795720,-0.105556,-1.111052,-0.372707,0.622661,-2.304155,-0.531730,2.455671,0.539311,-0.387290,0.134742,0.203370,0.050054,-0.235523,0.338796,-0.141014
3.226978,-1.041291,0.097661,1.102587,0.840978,-1.063465,1.118952,-0.334443,0.221596,-0.594181,0.936475,0.484419,-0.612692,0.797249,-0.105485,-1.111441,-0.372574,0.622869,-2.304110,-0.531965,2.456006,0.539172,-0.387495,0.134302,0.204823,0.049212,-0.235009,0.337783,-0.140036
3.228070,-1.044383,0.097019,1.106120,0.842251,-1.064727,1.119078,-0.333269,0.222811,-0.600538,0.936138,0.490595,-0.612912,0.798590,-0.105414,-1.111828,-0.372440,0.623068,-2.304053,-0.532197,2.456342,0.539030,-0.387513,0.133704,0.203794,0.051736,-0.234537,0.336322,-0.141393
3.229048,-1.044778,0.097321,1.102099,0.840844,-1.065829,1.115469,-0.333286,0.223392,-0.604606,0.935342,0.494397,-0.613092,0.799567,-0.105343,-1.112216,-0.372306,0.623269,-2.304006,-0.532433,2.456681,0.538881,-0.386294,0.134151,0.202505,0.050066,-0.233225,0.336473,-0.143739
3.229982,-1.045510,0.097058,1.101985,0.840245,-1.067121,1.115591,-0.332487,0.222726,-0.606702,0.933369,0.496187,-0.613205,0.800092,-0.105267,-1.112604,-0.372172,0.623475,-2.303952,-0.532662,2.457022,0.538738,-0.385918,0.133928,0.204669,0.050888,-0.231907,0.340123,-0.143626
3.231112,-1.046539,0.100640,1.098270,0.839611,-1.072630,1.117695,-0.332436,0.218514,-0.606490,0.927569,0.496042,-0.613227,0.799949,-0.105180,-1.112987,-0.372037,0.623680,-2.303900,-0.532888,2.457363,0.538589,-0.385230,0.133913,0.204713,0.050876,-0.230338,0.339879,-0.145141
3.231981,-1.041864,0.100644,1.099520,0.839361,-1.072791,1.115019,-0.331054,0.209217,-0.602862,0.916358,0.493425,-0.613193,0.799019,-0.105098,-1.113378,-0.371908,0.623892,-2.303850,-0.533104,2.457693,0.538441,-0.385199,0.132346,0.207034,0.051100,-0.225025,0.338157,-0.145239
3.233009,-1.044799,0.103961,1.099219,0.840334,-1.072181,1.115649,-0.330452,0.195570,-0.595497,0.900633,0.488383,-0.613166,0.797472,-0.105038,-1.113764,-0.371774,0.624096,-2.303800,-0.533327,2.458042,0.538290,-0.386890,0.132118,0.206231,0.050761,-0.224530,0.340608,-0.147888
3.234057,-1.046870,0.103442,1.098087,0.840168,-1.073284,1.116325,-0.328460,0.179785,-0.585217,0.882807,0.481766,-0.613173,0.795646,-0.104995,-1.114149,-0.371648,0.624302,-2.303755,-0.533554,2.458386,0.538136,-0.385476,0.130548,0.206641,0.049399,-0.225064,0.340043,-0.149010
3.235064,-1.041708,0.097084,1.098740,0.839452,-1.073976,1.115978,-0.327050,0.162006,-0.572777,0.862894,0.474837,-0.613172,0.793737,-0.104971,-1.114535,-0.371516,0.624510,-2.303706,-0.533776,2.458725,0.537973,-0.384612,0.130897,0.207489,0.049135,-0.223951,0.339534,-0.152925
3.236087,-1.040965,0.097926,1.096512,0.839348,-1.077035,1.114155,-0.326740,0.143443,-0.561465,0.841718,0.469275,-0.613131,0.791986,-0.104966,-1.114924,-0.371376,0.624718,-2.303654,-0.533999,2.459066,0.537813,-0.387168,0.134011,0.207319,0.049314,-0.223167,0.339959,-0.155631
3.236976,-1.038491,0.095762,1.092377,0.838459,-1.078236,1.112004,-0.325018,0.127397,-0.555653,0.822376,0.466495,-0.613061,0.790710,-0.104952,-1.115314,-0.371243,0.624931,-2.303606,-0.534215,2.459411,0.537658,-0.387518,0.133578,0.208598,0.048964,-0.220100,0.341882,-0.156156
3.237995,-1.033987,0.093902,1.090844,0.839339,-1.078967,1.109127,-0.324256,0.113449,-0.555091,0.804460,0.465903,-0.612972,0.789792,-0.104913,-1.115698,-0.371107,0.625144,-2.303555,-0.534429,2.459757,0.537489,-0.388222,0.134438,0.210466,0.049271,-0.218658,0.343826,-0.159422
3.239037,-1.031184,0.093797,1.086878,0.838822,-1.080749,1.106665,-0.323557,0.100271,-0.558721,0.786557,0.466995,-0.612819,0.789100,-0.104874,-1.116091,-0.370970,0.625358,-2.303509,-0.534645,2.460113,0.537327,-0.390421,0.135335,0.211346,0.047976,-0.217938,0.346713,-0.160822
3.240088,-1.031430,0.092652,1.085807,0.838475,-1.084030,1.103613,-0.323965,0.088227,-0.566736,0.768951,0.470153,-0.612534,0.788700,-0.104837,-1.116488,-0.370835,0.625576,-2.303460,-0.534860,2.460464,0.537160,-0.391831,0.135405,0.213490,0.048066,-0.216205,0.349255,-0.162105
3.240976,-1.030560,0.092548,1.079344,0.837624,-1.086963,1.106239,-0.322979,0.076456,-0.577682,0.750954,0.474545,-0.612107,0.788390,-0.104781,-1.116875,-0.370698,0.625792,-2.303412,-0.535066,2.460827,0.537002,-0.391856,0.135995,0.214203,0.047981,-0.213080,0.352346,-0.161193
3.241966,-1.032697,0.092939,1.078092,0.838251,-1.088016,1.106687,-0.321970,0.062643,-0.589213,0.730417,0.478844,-0.611571,0.787816,-0.104702,-1.117265,-0.370563,0.626016,-2.303363,-0.535271,2.461175,0.536832,-0.391670,0.135817,0.217118,0.048283,-0.209983,0.349438,-0.162987
3.243092,-1.036959,0.094319,1.077547,0.837492,-1.087474,1.105592,-0.320679,0.044346,-0.599283,0.704886,0.482649,-0.610957,0.786766,-0.104633,-1.117655,-0.370427,0.626231,-2.303317,-0.535477,2.461521,0.536663,-0.390441,0.135554,0.217754,0.047218,-0.209002,0.349019,-0.164859
3.244110,-1.037651,0.096312,1.076857,0.837906,-1.089546,1.104831,-0.318819,0.020252,-0.606128,0.673267,0.485688,-0.610303,0.785132,-0.104605,-1.118036,-0.370291,0.626454,-2.303268,-0.535684,2.461875,0.536491,-0.388883,0.135009,0.218333,0.047601,-0.209877,0.350372,-0.167356
3.244963,-1.042547,0.095462,1.072514,0.835940,-1.087553,1.100841,-0.319759,-0.009558,-0.608185,0.636227,0.487140,-0.609658,0.782877,-0.104621,-1.118426,-0.370157,0.626675,-2.303223,-0.535889,2.462228,0.536311,-0.388528,0.133999,0.218720,0.046805,-0.207889,0.351149,-0.170909
3.246009,-1.035221,0.097396,1.069777,0.837067,-1.088209,1.097716,-0.318935,-0.045566,-0.604152,0.593717,0.485982,-0.609068,0.779950,-0.104654,-1.118802,-0.370023,0.626897,-2.303171,-0.536101,2.462592,0.536143,-0.385445,0.134177,0.220491,0.048138,-0.209615,0.354780,-0.168757
3.247004,-1.036888,0.098607,1.066012,0.835945,-1.088203,1.094201,-0.318110,-0.132949,-0.579743,0.495752,0.476152,-0.608115,0.772616,-0.104688,-1.119589,-0.369761,0.627352,-2.303076,-0.536517,2.463326,0.535792,-0.388182,0.132672,0.223681,0.047288,-0.209119,0.361302,-0.171771
3.247968,-1.037766,0.097792,1.063230,0.837197,-1.090392,1.094809,-0.316917,-0.180466,-0.562022,0.443893,0.469477,-0.607701,0.768674,-0.104694,-1.119975,-0.369625,0.627580,-2.303034,-0.536721,2.463686,0.535615,-0.387531,0.132984,0.224880,0.045662,-0.206913,0.360517,-0.173970
3.249113,-1.042915,0.093300,1.065757,0.834579,-1.087822,1.094704,-0.317445,-0.229039,-0.543454,0.391152,0.463316,-0.607305,0.764698,-0.104674,-1.120360,-0.369485,0.627806,-2.302981,-0.536935,2.464044,0.535440,-0.385563,0.135376,0.223916,0.047845,-0.209824,0.360888,-0.172791
3.250003,-1.039992,0.093513,1.063610,0.833957,-1.085930,1.094456,-0.317388,-0.229039,-0.543454,0.391152,0.463316,-0.607305,0.764698,-0.104674,-1.120360,-0.369485,0.627806,-2.302981,-0.536935,2.464044,0.535440,-0.385563,0.135376,0.223916,0.047845,-0.209824,0.360888,-0.172791
3.250994,-1.037525,0.093144,1.062701,0.831317,-1.084961,1.095405,-0.316805,-0.275980,-0.526399,0.340313,0.457896,-0.606943,0.760775,-0.104595,-1.120749,-0.369349,0.628033,-2.302932,-0.537146,2.464405,0.535269,-0.386459,0.135014,0.224631,0.047904,-0.211489,0.360842,-0.172704
3.252063,-1.040869,0.093949,1.062999,0.831878,-1.085493,1.095189,-0.317219,-0.318903,-0.510741,0.294211,0.452152,-0.606631,0.756917,-0.104444,-1.121141,-0.369217,0.628260,-2.302880,-0.537362,2.464767,0.535090,-0.387518,0.135180,0.224985,0.050005,-0.212391,0.359791,-0.173695
3.253056,-1.042410,0.095991,1.059971,0.831543,-1.086588,1.093138,-0.317697,-0.356862,-0.495421,0.254035,0.445380,-0.606358,0.753183,-0.104234,-1.121529,-0.369081,0.628483,-2.302834,-0.537576,2.465126,0.534917,-0.386057,0.134822,0.224987,0.049053,-0.211973,0.360113,-0.172722
3.253993,-1.043956,0.097447,1.058516,0.831235,-1.090121,1.091585,-0.318380,-0.391476,-0.479042,0.218009,0.437764,-0.606077,0.749584,-0.103981,-1.121908,-0.368946,0.628710,-2.302787,-0.537785,2.465495,0.534750,-0.385285,0.133748,0.226416,0.048946,-0.210896,0.362056,-0.171627
3.255129,-1.048055,0.096241,1.054661,0.832002,-1.091165,1.094552,-0.318584,-0.425313,-0.459716,0.183421,0.429252,-0.605774,0.746021,-0.103697,-1.122291,-0.368815,0.628940,-2.302738,-0.537988,2.465862,0.534583,-0.384201,0.132932,0.226855,0.048730,-0.207293,0.363365,-0.170086
3.255989,-1.044355,0.098611,1.055692,0.830758,-1.089357,1.095984,-0.318879,-0.459866,-0.437386,0.148473,0.420533,-0.605454,0.742492,-0.103408,-1.122664,-0.368678,0.629172,-2.302691,-0.538190,2.466215,0.534413,-0.382880,0.133700,0.229016,0.047634,-0.206674,0.360630,-0.169614
3.257016,-1.046415,0.100509,1.054562,0.830500,-1.088414,1.095269,-0.318989,-0.494306,-0.413633,0.113711,0.412991,-0.605117,0.739179,-0.103151,-1.123049,-0.368549,0.629398,-2.302643,-0.538400,2.466571,0.534245,-0.384058,0.132299,0.228030,0.048337,-0.208221,0.358882,-0.168810
3.258057,-1.045658,0.097786,1.058915,0.827448,-1.085800,1.097104,-0.318328,-0.526330,-0.388432,0.081880,0.406137,-0.604818,0.736132,-0.102954,-1.123434,-0.368419,0.629630,-2.302595,-0.538616,2.466927,0.534079,-0.383093,0.131415,0.228541,0.048157,-0.209189,0.359644,-0.168475
3.259048,-1.049322,0.095160,1.059015,0.828136,-1.084904,1.096027,-0.318617,-0.553757,-0.361871,0.055691,0.398634,-0.604640,0.733305,-0.102821,-1.123813,-0.368282,0.629851,-2.302541,-0.538830,2.467284,0.533909,-0.383702,0.132799,0.226446,0.050663,-0.211887,0.357828,-0.169687
3.259985,-1.049142,0.094164,1.059379,0.826775,-1.086223,1.097609,-0.318738,-0.574554,-0.336614,0.037090,0.390720,-0.604592,0.730844,-0.102728,-1.124191,-0.368147,0.630077,-2.302493,-0.539045,2.467646,0.533741,-0.381840,0.134051,0.226321,0.049475,-0.212719,0.358840,-0.168944
3.261083,-1.048038,0.094254,1.056879,0.828674,-1.087669,1.098891,-0.319914,-0.588730,-0.315069,0.025505,0.383825,-0.604591,0.728904,-0.102640,-1.124574,-0.368013,0.630299,-2.302442,-0.539257,2.467997,0.533576,-0.381644,0.134405,0.225959,0.050287,-0.211249,0.357095,-0.168545
3.261995,-1.051130,0.100533,1.060476,0.827385,-1.084938,1.099645,-0.320055,-0.597402,-0.298033,0.019263,0.379399,-0.604540,0.727578,-0.102527,-1.124955,-0.367877,0.630531,-2.302397,-0.539460,2.468354,0.533414,-0.382650,0.134463,0.227342,0.048053,-0.210103,0.355988,-0.166108
3.262966,-1.053934,0.099143,1.064203,0.824167,-1.085667,1.101327,-0.318536,-0.601769,-0.283576,0.017198,0.377399,-0.604397,0.726792,-0.102372,-1.125334,-0.367752,0.630753,-2.302348,-0.539679,2.468701,0.533246,-0.380701,0.131232,0.225261,0.048822,-0.212613,0.355066,-0.165662
3.264088,-1.054714,0.098667,1.059447,0.825003,-1.087109,1.102219,-0.319509,-0.603232,-0.267154,0.018841,0.374514,-0.604250,0.726064,-0.102181,-1.125710,-0.367619,0.630970,-2.302291,-0.539889,2.469050,0.533073,-0.379232,0.131901,0.223366,0.051374,-0.211817,0.353323,-0.168559
3.265011,-1.056665,0.099065,1.066235,0.823538,-1.086928,1.102794,-0.318983,-0.602861,-0.247817,0.023358,0.368975,-0.604175,0.725060,-0.101978,-1.126093,-0.367488,0.631200,-2.302244,-0.540098,2.469400,0.532911,-0.379393,0.132335,0.225992,0.050139,-0.210656,0.352702,-0.166513
3.266141,-1.057440,0.099717,1.071834,0.822137,-1.088099,1.102272,-0.320262,-0.601044,-0.227871,0.029751,0.362385,-0.604138,0.723913,-0.101777,-1.126475,-0.367356,0.631414,-2.302193,-0.540311,2.469748,0.532742,-0.378050,0.131996,0.222409,0.051054,-0.210686,0.351977,-0.167407
3.267184,-1.056128,0.097390,1.071053,0.822790,-1.087382,1.102474,-0.319969,-0.595620,-0.208294,0.040547,0.354871,-0.604177,0.722852,-0.101574,-1.126852,-0.367222,0.631628,-2.302140,-0.540522,2.470102,0.532584,-0.378323,0.131850,0.220047,0.051979,-0.209787,0.352768,-0.164785
3.268156,-1.051687,0.099798,1.072897,0.821253,-1.087888,1.105797,-0.320608,-0.584280,-0.190608,0.058301,0.346852,-0.604305,0.722136,-0.101378,-1.127235,-0.367089,0.631851,-2.302093,-0.540734,2.470458,0.532419,-0.379159,0.133070,0.220546,0.050898,-0.210620,0.352611,-0.165295
3.269130,-1.050460,0.098282,1.076542,0.822020,-1.087270,1.109267,-0.320023,-0.566527,-0.176714,0.082964,0.340134,-0.604449,0.722043,-0.101228,-1.127617,-0.366961,0.632067,-2.302039,-0.540945,2.470799,0.532260,-0.381263,0.131846,0.219590,0.051839,-0.210059,0.349252,-0.163882
3.270072,-1.049588,0.098097,1.078831,0.820024,-1.085891,1.109457,-0.319786,-0.541533,-0.167220,0.115103,0.335731,-0.604586,0.722804,-0.101152,-1.127999,-0.366827,0.632283,-2.301990,-0.541156,2.471140,0.532093,-0.381722,0.132555,0.217745,0.050552,-0.210644,0.345781,-0.164929
3.270981,-1.045222,0.096376,1.081074,0.819479,-1.085628,1.107461,-0.320418,-0.509060,-0.162358,0.154846,0.333961,-0.604725,0.724490,-0.101153,-1.128383,-0.366696,0.632496,-2.301936,-0.541365,2.471482,0.531926,-0.381858,0.132544,0.216536,0.051923,-0.211935,0.345551,-0.165228
3.272062,-1.046998,0.099398,1.085050,0.820685,-1.085766,1.109224,-0.319228,-0.470140,-0.161733,0.201147,0.333948,-0.604899,0.726872,-0.101222,-1.128763,-0.366559,0.632709,-2.301883,-0.541578,2.471831,0.531764,-0.383661,0.133208,0.215273,0.051838,-0.211994,0.347384,-0.163780
3.273016,-1.039443,0.098451,1.089714,0.819111,-1.083162,1.108080,-0.319247,-0.425906,-0.164553,0.252856,0.335200,-0.605099,0.729759,-0.101351,-1.129146,-0.366431,0.632921,-2.301836,-0.541794,2.472180,0.531593,-0.383093,0.131846,0.213598,0.050240,-0.211989,0.345766,-0.166091
3.273969,-1.041205,0.095574,1.090068,0.818876,-1.084646,1.109721,-0.318456,-0.376444,-0.170209,0.309939,0.337868,-0.605279,0.733163,-0.101524,-1.129535,-0.366298,0.633125,-2.301782,-0.542009,2.472526,0.531431,-0.386612,0.132243,0.211333,0.051205,-0.214491,0.346868,-0.165890
3.275074,-1.042661,0.096172,1.096456,0.817070,-1.083385,1.110657,-0.319821,-0.321651,-0.179049,0.372451,0.341736,-0.605433,0.737077,-0.101714,-1.129921,-0.366163,0.633336,-2.301731,-0.542223,2.472869,0.531262,-0.385415,0.133572,0.211164,0.050869,-0.212853,0.345142,-0.167317
3.276092,-1.050296,0.096834,1.089575,0.818691,-1.085451,1.114904,-0.319370,-0.263777,-0.190893,0.437855,0.346219,-0.605590,0.741274,-0.101892,-1.130306,-0.366028,0.633539,-2.301679,-0.542441,2.473209,0.531100,-0.385132,0.133390,0.208437,0.052202,-0.214309,0.344499,-0.164486
3.276977,-1.043215,0.094497,1.089533,0.819365,-1.086150,1.116409,-0.318806,-0.208487,-0.203225,0.500025,0.350658,-0.605730,0.745285,-0.102035,-1.130677,-0.365895,0.633758,-2.301632,-0.542649,2.473542,0.530935,-0.381477,0.133068,0.211999,0.050142,-0.212291,0.340360,-0.165303
3.278137,-1.047991,0.096573,1.093382,0.815445,-1.084540,1.116984,-0.319515,-0.160874,-0.215223,0.552918,0.356616,-0.605756,0.748934,-0.102150,-1.131068,-0.365762,0.633970,-2.301584,-0.542860,2.473879,0.530767,-0.384445,0.134045,0.211779,0.048933,-0.211372,0.338715,-0.166235
3.279024,-1.050034,0.096427,1.092146,0.816220,-1.081222,1.115414,-0.319085,-0.120423,-0.227165,0.597101,0.363983,-0.605730,0.752265,-0.102232,-1.131451,-0.365631,0.634175,-2.301526,-0.543078,2.474213,0.530602,-0.382720,0.133243,0.210450,0.052309,-0.213288,0.338589,-0.164750
3.279978,-1.048382,0.095615,1.093483,0.816076,-1.077783,1.113877,-0.319263,-0.086623,-0.236530,0.634030,0.369357,-0.605817,0.754980,-0.102277,-1.131826,-0.365495,0.634386,-2.301478,-0.543303,2.474559,0.530436,-0.381261,0.133098,0.210907,0.050952,-0.216253,0.339963,-0.165438
3.281160,-1.052968,0.098509,1.098135,0.816385,-1.075153,1.114785,-0.318498,-0.060172,-0.242521,0.663112,0.372302,-0.606026,0.757016,-0.102313,-1.132214,-0.365363,0.634595,-2.301427,-0.543533,2.474900,0.530270,-0.381816,0.133426,0.210242,0.050566,-0.219418,0.341461,-0.164914
3.282054,-1.052339,0.100703,1.099633,0.816228,-1.072575,1.115170,-0.319489,-0.039228,-0.246462,0.686176,0.374215,-0.606309,0.758662,-0.102357,-1.132587,-0.365230,0.634797,-2.301379,-0.543761,2.475242,0.530105,-0.380431,0.132234,0.208605,0.049922,-0.222277,0.340962,-0.166434
3.282978,-1.047005,0.097419,1.099144,0.816169,-1.070962,1.117339,-0.319954,-0.022165,-0.247837,0.705289,0.375018,-0.606631,0.760023,-0.102412,-1.132969,-0.365103,0.635004,-2.301329,-0.543993,2.475585,0.529944,-0.380271,0.131018,0.207744,0.049513,-0.224422,0.340399,-0.164248
3.284013,-1.041671,0.097405,1.100035,0.816008,-1.064799,1.116415,-0.319801,-0.007123,-0.247657,0.722428,0.375338,-0.606939,0.761286,-0.102477,-1.133358,-0.364965,0.635211,-2.301283,-0.544218,2.475917,0.529782,-0.382524,0.132497,0.207961,0.049094,-0.225743,0.338160,-0.163171
3.284996,-1.043094,0.095305,1.100438,0.814439,-1.064628,1.116891,-0.320598,0.009283,-0.249730,0.740673,0.377021,-0.607181,0.762858,-0.102552,-1.133744,-0.364830,0.635420,-2.301235,-0.544462,2.476256,0.529621,-0.385296,0.132499,0.207742,0.048824,-0.231701,0.339258,-0.163399
3.286104,-1.041753,0.093498,1.099151,0.814805,-1.063057,1.116406,-0.321001,0.028467,-0.255834,0.761302,0.380365,-0.607342,0.764810,-0.102638,-1.134126,-0.364695,0.635626,-2.301183,-0.544696,2.476598,0.529464,-0.384461,0.133484,0.207671,0.049850,-0.231560,0.338783,-0.161681
3.287036,-1.044204,0.097042,1.104095,0.815735,-1.062951,1.113657,-0.321610,0.048638,-0.265669,0.782351,0.384658,-0.607426,0.766885,-0.102748,-1.134507,-0.364557,0.635835,-2.301135,-0.544932,2.476936,0.529305,-0.385645,0.134490,0.208756,0.049081,-0.233140,0.339585,-0.160837
3.288049,-1.042606,0.096185,1.106025,0.813994,-1.062199,1.112690,-0.321391,0.067968,-0.278172,0.801949,0.389742,-0.607424,0.768934,-0.102887,-1.134888,-0.364429,0.636036,-2.301090,-0.545168,2.477287,0.529148,-0.384091,0.132623,0.206298,0.047719,-0.232845,0.342203,-0.159483
3.289083,-1.047779,0.098722,1.110142,0.816011,-1.060340,1.113137,-0.322548,0.086075,-0.290855,0.820344,0.394360,-0.607397,0.770812,-0.103040,-1.135273,-0.364295,0.636239,-2.301040,-0.545404,2.477628,0.528986,-0.384922,0.133066,0.205593,0.048988,-0.233397,0.343238,-0.159827
3.290068,-1.041119,0.100305,1.107875,0.814477,-1.058811,1.115251,-0.322411,0.102859,-0.302098,0.837917,0.397526,-0.607401,0.772420,-0.103194,-1.135647,-0.364166,0.636440,-2.300998,-0.545640,2.477971,0.528834,-0.382550,0.131861,0.203848,0.046646,-0.235109,0.342887,-0.157432
3.291071,-1.049521,0.100008,1.106201,0.816070,-1.056106,1.115717,-0.323194,0.118050,-0.311391,0.854358,0.399692,-0.607422,0.773838,-0.103344,-1.136037,-0.364037,0.636649,-2.300948,-0.545883,2.478313,0.528674,-0.385765,0.131078,0.205112,0.047700,-0.236296,0.340777,-0.157615
3.292093,-1.051497,0.098794,1.111828,0.815846,-1.053029,1.114709,-0.323032,0.129944,-0.318314,0.867513,0.401431,-0.607416,0.775068,-0.103498,-1.136414,-0.363906,0.636852,-2.300907,-0.546124,2.478649,0.528525,-0.381548,0.131250,0.206159,0.045813,-0.238730,0.340422,-0.155968
3.293086,-1.050418,0.099721,1.112097,0.814555,-1.054074,1.111100,-0.323148,0.136350,-0.323428,0.874611,0.403667,-0.607323,0.776073,-0.103663,-1.136791,-0.363770,0.637051,-2.300862,-0.546374,2.478993,0.528367,-0.380744,0.131839,0.203633,0.045683,-0.241478,0.341526,-0.156224
3.294066,-1.049089,0.100377,1.111329,0.812885,-1.052775,1.109445,-0.324568,0.138570,-0.327511,0.877201,0.406050,-0.607163,0.776883,-0.103834,-1.137176,-0.363640,0.637257,-2.300815,-0.546613,2.479342,0.528212,-0.381222,0.131372,0.203671,0.046535,-0.240115,0.345150,-0.155893
3.295043,-1.049145,0.100942,1.115458,0.816043,-1.052382,1.108731,-0.324745,0.138551,-0.329812,0.877848,0.406363,-0.607022,0.777368,-0.103986,-1.137554,-0.363509,0.637460,-2.300764,-0.546859,2.479693,0.528066,-0.381832,0.131012,0.204217,0.047672,-0.241053,0.346743,-0.152966
3.296031,-1.047035,0.101307,1.113080,0.815079,-1.052507,1.107190,-0.325519,0.137543,-0.330635,0.877815,0.404794,-0.606875,0.777648,-0.104086,-1.137940,-0.363381,0.637658,-2.300726,-0.547099,2.480048,0.527913,-0.381635,0.130743,0.202337,0.044236,-0.241111,0.347372,-0.152545
3.297079,-1.049253,0.101739,1.116128,0.816623,-1.051905,1.107578,-0.325597,0.137168,-0.332071,0.878346,0.403907,-0.606632,0.778135,-0.104132,-1.138329,-0.363252,0.637863,-2.300679,-0.547335,2.480397,0.527762,-0.382561,0.130574,0.203710,0.044809,-0.240715,0.348901,-0.150908
3.298058,-1.047357,0.101664,1.116551,0.816813,-1.055333,1.105884,-0.327781,0.137499,-0.334951,0.879233,0.404758,-0.606257,0.778924,-0.104136,-1.138708,-0.363121,0.638062,-2.300639,-0.547576,2.480751,0.527611,-0.381680,0.130430,0.202551,0.043005,-0.241143,0.348574,-0.150721
3.298980,-1.041896,0.104515,1.116487,0.817457,-1.054611,1.106792,-0.326966,0.138541,-0.339617,0.880393,0.407583,-0.605748,0.779973,-0.104108,-1.139092,-0.362990,0.638264,-2.300599,-0.547809,2.481099,0.527472,-0.382510,0.130448,0.202512,0.042555,-0.237425,0.350258,-0.146274
3.300031,-1.043068,0.107064,1.109636,0.815253,-1.055032,1.105344,-0.328262,0.141356,-0.346160,0.883055,0.412327,-0.605123,0.781292,-0.104057,-1.139477,-0.362863,0.638465,-2.300558,-0.548045,2.481448,0.527322,-0.384856,0.128936,0.202577,0.041569,-0.237786,0.349166,-0.147857
3.301069,-1.050340,0.107043,1.112993,0.815441,-1.056563,1.103061,-0.327906,0.144375,-0.352079,0.885856,0.417064,-0.604424,0.782566,-0.103986,-1.139861,-0.362738,0.638679,-2.300511,-0.548280,2.481807,0.527182,-0.384437,0.127827,0.206249,0.043401,-0.237236,0.350693,-0.145222
3.302078,-1.048503,0.105685,1.109110,0.815616,-1.057890,1.100156,-0.328597,0.142616,-0.353796,0.883780,0.419016,-0.603693,0.783172,-0.103898,-1.140236,-0.362609,0.638879,-2.300470,-0.548512,2.482166,0.527035,-0.381026,0.127942,0.204873,0.042932,-0.235582,0.353011,-0.145933
3.302970,-1.046088,0.106222,1.104024,0.814929,-1.060587,1.097673,-0.328615,0.133678,-0.351384,0.874198,0.417891,-0.602946,0.782921,-0.103799,-1.140616,-0.362477,0.639089,-2.300429,-0.548744,2.482534,0.526894,-0.382044,0.128635,0.206998,0.042470,-0.234075,0.355837,-0.144503
3.304073,-1.046513,0.103081,1.106991,0.814659,-1.059715,1.100026,-0.329165,0.118227,-0.347135,0.857473,0.415051,-0.602184,0.781996,-0.103696,-1.140999,-0.362351,0.639303,-2.300386,-0.548973,2.482899,0.526752,-0.382733,0.128244,0.209324,0.042749,-0.230964,0.357997,-0.144383
3.305061,-1.045171,0.103818,1.108499,0.815241,-1.058361,1.098974,-0.328814,0.098276,-0.343199,0.835530,0.411496,-0.601452,0.780624,-0.103593,-1.141385,-0.362218,0.639508,-2.300342,-0.549206,2.483250,0.526611,-0.382926,0.129976,0.208270,0.042753,-0.231894,0.355808,-0.143298
3.306070,-1.046240,0.102369,1.106649,0.813720,-1.059120,1.098324,-0.327949,0.077862,-0.342295,0.812651,0.408652,-0.600790,0.779232,-0.103496,-1.141764,-0.362087,0.639714,-2.300303,-0.549442,2.483609,0.526465,-0.383585,0.129579,0.207665,0.041914,-0.232985,0.356820,-0.143961
3.307047,-1.040327,0.106415,1.101558,0.814629,-1.057901,1.098209,-0.328922,0.058927,-0.345045,0.791133,0.406787,-0.600232,0.777958,-0.103430,-1.142145,-0.361955,0.639924,-2.300259,-0.549677,2.483964,0.526315,-0.383075,0.130317,0.208748,0.043093,-0.231994,0.357454,-0.145637
3.308080,-1.040127,0.107761,1.103297,0.812511,-1.059404,1.098034,-0.328306,0.040085,-0.349475,0.769753,0.404875,-0.599779,0.776578,-0.103395,-1.142533,-0.361830,0.640139,-2.300222,-0.549912,2.484325,0.526174,-0.385881,0.128317,0.211317,0.041945,-0.232957,0.357449,-0.143611
3.309040,-1.040187,0.105597,1.100513,0.815455,-1.059572,1.097601,-0.327791,0.020599,-0.353154,0.748061,0.401704,-0.599384,0.774947,-0.103350,-1.142922,-0.361705,0.640350,-2.300173,-0.550139,2.484687,0.526027,-0.386018,0.127788,0.210613,0.043655,-0.231352,0.357625,-0.144836
3.310158,-1.042944,0.107269,1.097537,0.813101,-1.058916,1.096805,-0.327098,0.000865,-0.356061,0.726505,0.397564,-0.598957,0.773164,-0.103276,-1.143308,-0.361574,0.640563,-2.300140,-0.550365,2.485048,0.525882,-0.385742,0.128831,0.212017,0.040521,-0.230974,0.357912,-0.145797
3.311057,-1.044059,0.109712,1.093353,0.814082,-1.062105,1.100440,-0.327779,-0.020422,-0.359418,0.703222,0.393875,-0.598385,0.771293,-0.103179,-1.143690,-0.361448,0.640783,-2.300094,-0.550596,2.485410,0.525732,-0.384892,0.128224,0.213828,0.042617,-0.231703,0.358891,-0.147183
3.312039,-1.045569,0.113083,1.089663,0.814512,-1.061850,1.100709,-0.328316,-0.046257,-0.361359,0.675000,0.389863,-0.597633,0.769052,-0.103060,-1.144072,-0.361324,0.641003,-2.300054,-0.550819,2.485757,0.525586,-0.383858,0.126923,0.215655,0.041276,-0.228151,0.355017,-0.145687
3.313099,-1.049978,0.110829,1.093381,0.813441,-1.063359,1.099888,-0.327108,-0.078745,-0.359284,0.639757,0.384803,-0.596721,0.766252,-0.102918,-1.144455,-0.361199,0.641223,-2.300016,-0.551048,2.486114,0.525444,-0.383005,0.125288,0.217458,0.040618,-0.228234,0.354706,-0.144572
3.314000,-1.050090,0.108812,1.087901,0.812930,-1.066480,1.098406,-0.327657,-0.117164,-0.353118,0.598329,0.378882,-0.595724,0.762946,-0.102773,-1.144833,-0.361071,0.641435,-2.299972,-0.551273,2.486471,0.525289,-0.381093,0.126579,0.215824,0.041387,-0.226719,0.355625,-0.146966
3.314984,-1.044211,0.107421,1.082171,0.811353,-1.065949,1.097405,-0.327713,-0.159113,-0.345083,0.553283,0.372107,-0.594756,0.759231,-0.102642,-1.145216,-0.360941,0.641658,-2.299929,-0.551490,2.486831,0.525144,-0.380581,0.127451,0.218317,0.041494,-0.223317,0.356843,-0.145733
3.316072,-1.043323,0.110530,1.087903,0.811172,-1.066482,1.099894,-0.327780,-0.202786,-0.337643,0.506224,0.364908,-0.593867,0.755244,-0.102531,-1.145602,-0.360811,0.641886,-2.299885,-0.551717,2.487190,0.525000,-0.383430,0.128131,0.221044,0.042699,-0.223709,0.357752,-0.145580
3.317055,-1.044470,0.106395,1.087152,0.810778,-1.068353,1.101246,-0.327151,-0.244571,-0.331838,0.461021,0.357341,-0.593076,0.751279,-0.102446,-1.145989,-0.360688,0.642104,-2.299845,-0.551943,2.487546,0.524858,-0.384184,0.126799,0.218391,0.042659,-0.223212,0.355384,-0.145454
3.317993,-1.039532,0.106022,1.078101,0.811232,-1.069874,1.102842,-0.328216,-0.280003,-0.328598,0.422710,0.349892,-0.592369,0.747762,-0.102388,-1.146366,-0.360552,0.642322,-2.299801,-0.552160,2.487895,0.524709,-0.383564,0.128820,0.218783,0.042700,-0.221249,0.354014,-0.146652
3.319031,-1.040821,0.107514,1.080658,0.809115,-1.072389,1.102852,-0.328413,-0.309021,-0.329494,0.390905,0.344365,-0.591647,0.744920,-0.102360,-1.146755,-0.360425,0.642555,-2.299761,-0.552377,2.488243,0.524568,-0.385686,0.128936,0.223027,0.041932,-0.219546,0.352298,-0.144428
3.320053,-1.035533,0.113100,1.081800,0.810877,-1.075027,1.103125,-0.328082,-0.333979,-0.333750,0.362843,0.340881,-0.590870,0.742596,-0.102362,-1.147143,-0.360297,0.642779,-2.299714,-0.552591,2.488590,0.524422,-0.385113,0.128291,0.221756,0.043674,-0.217090,0.352405,-0.144020
3.321023,-1.041565,0.111540,1.079813,0.810832,-1.075278,1.103251,-0.328031,-0.354539,-0.338167,0.339631,0.337390,-0.590123,0.740595,-0.102382,-1.147532,-0.360176,0.642998,-2.299677,-0.552800,2.488942,0.524276,-0.387794,0.125629,0.221268,0.041691,-0.214531,0.352164,-0.144651
3.322080,-1.042995,0.113249,1.075189,0.812171,-1.075555,1.101771,-0.327003,-0.370522,-0.340956,0.321823,0.333517,-0.589439,0.738925,-0.102412,-1.147912,-0.360048,0.643223,-2.299636,-0.553013,2.489297,0.524133,-0.384601,0.126448,0.222135,0.041449,-0.214231,0.351943,-0.144690
3.322979,-1.048589,0.115180,1.077353,0.810267,-1.077727,1.101887,-0.327151,-0.385890,-0.341921,0.304680,0.330372,-0.588759,0.737460,-0.102460,-1.148297,-0.359925,0.643450,-2.299597,-0.553232,2.489653,0.523981,-0.384132,0.125770,0.224544,0.039893,-0.214007,0.353528,-0.146724
3.323997,-1.047792,0.110704,1.071615,0.812773,-1.077053,1.100969,-0.328102,-0.404575,-0.339796,0.283932,0.327333,-0.588098,0.735870,-0.102528,-1.148670,-0.359802,0.643673,-2.299554,-0.553437,2.490009,0.523834,-0.380932,0.124740,0.223126,0.041411,-0.211675,0.353149,-0.146294
3.325054,-1.047958,0.114199,1.073424,0.811000,-1.077537,1.104688,-0.327686,-0.427087,-0.334961,0.259084,0.324180,-0.587501,0.734063,-0.102585,-1.149052,-0.359673,0.643905,-2.299520,-0.553649,2.490361,0.523694,-0.381446,0.127068,0.225935,0.038770,-0.212420,0.354108,-0.144356
3.325957,-1.048068,0.116029,1.072608,0.811230,-1.077466,1.105032,-0.327349,-0.451399,-0.330380,0.231908,0.322548,-0.586963,0.732327,-0.102611,-1.149434,-0.359552,0.644127,-2.299478,-0.553854,2.490705,0.523550,-0.381614,0.125496,0.225133,0.040300,-0.212119,0.350500,-0.145205
3.326979,-1.050654,0.114579,1.076596,0.812147,-1.077841,1.102975,-0.326513,-0.475032,-0.325784,0.205414,0.321681,-0.586537,0.730786,-0.102611,-1.149814,-0.359431,0.644355,-2.299439,-0.554067,2.491054,0.523403,-0.381119,0.124567,0.225205,0.039759,-0.211977,0.349987,-0.145767
3.328087,-1.054289,0.112924,1.077247,0.812773,-1.079226,1.104027,-0.327534,-0.496171,-0.320467,0.181974,0.320622,-0.586234,0.729478,-0.102588,-1.150197,-0.359306,0.644572,-2.299404,-0.554276,2.491406,0.523252,-0.379895,0.125422,0.223286,0.038695,-0.211686,0.352108,-0.147392
3.329067,-1.045457,0.117063,1.074486,0.812524,-1.081066,1.101676,-0.326646,-0.513392,-0.316881,0.162768,0.320803,-0.585950,0.728622,-0.102544,-1.150572,-0.359179,0.644796,-2.299368,-0.554486,2.491759,0.523115,-0.378658,0.126467,0.223221,0.037984,-0.210544,0.351236,-0.145353
3.329973,-1.043744,0.118208,1.074993,0.813605,-1.082609,1.100524,-0.328069,-0.525690,-0.316113,0.148679,0.322598,-0.585626,0.728322,-0.102464,-1.150965,-0.359059,0.645025,-2.299332,-0.554691,2.492120,0.522962,-0.382890,0.124479,0.224468,0.038071,-0.208727,0.353511,-0.147076
3.331027,-1.043084,0.121379,1.079780,0.813795,-1.085312,1.099997,-0.327601,-0.531962,-0.316912,0.141092,0.324975,-0.585276,0.728573,-0.102340,-1.151345,-0.358936,0.645246,-2.299297,-0.554892,2.492476,0.522827,-0.383294,0.123875,0.223936,0.036777,-0.207100,0.354417,-0.144128
3.332024,-1.042442,0.121483,1.080202,0.814779,-1.085851,1.102655,-0.327570,-0.531167,-0.318224,0.141393,0.327233,-0.584950,0.729374,-0.102183,-1.151731,-0.358816,0.645465,-2.299262,-0.555092,2.492835,0.522679,-0.383820,0.122504,0.221691,0.036477,-0.204627,0.355001,-0.145071
3.332997,-1.037836,0.121012,1.077865,0.813972,-1.085702,1.102648,-0.326743,-0.522915,-0.320003,0.150097,0.329427,-0.584707,0.730727,-0.102037,-1.152116,-0.358692,0.645685,-2.299228,-0.555288,2.493180,0.522529,-0.384081,0.122556,0.221494,0.035378,-0.204265,0.352337,-0.145054
3.334172,-1.044074,0.124827,1.086063,0.814807,-1.086935,1.101019,-0.327302,-0.507914,-0.323232,0.166122,0.332197,-0.584578,0.732607,-0.101929,-1.152501,-0.358568,0.645910,-2.299192,-0.555489,2.493535,0.522382,-0.386232,0.122838,0.222544,0.035995,-0.204472,0.352289,-0.146656
3.335038,-1.039098,0.125086,1.087237,0.815732,-1.086923,1.102835,-0.328249,-0.487590,-0.327749,0.187905,0.335136,-0.584599,0.734823,-0.101844,-1.152882,-0.358450,0.646125,-2.299158,-0.555694,2.493892,0.522239,-0.383873,0.121349,0.218934,0.035168,-0.203675,0.354262,-0.145562
3.336058,-1.038403,0.121938,1.084628,0.814800,-1.087193,1.100315,-0.327960,-0.462422,-0.332545,0.215318,0.337661,-0.584801,0.737287,-0.101758,-1.153266,-0.358331,0.646337,-2.299126,-0.555892,2.494243,0.522098,-0.385748,0.121171,0.218124,0.034062,-0.203549,0.352121,-0.143556
3.337053,-1.035117,0.122424,1.081937,0.813773,-1.087396,1.101120,-0.328626,-0.432764,-0.338734,0.247729,0.340592,-0.585163,0.740109,-0.101672,-1.153653,-0.358207,0.646561,-2.299089,-0.556098,2.494602,0.521952,-0.386111,0.122886,0.219458,0.034842,-0.203391,0.354677,-0.144122
3.338101,-1.035456,0.121511,1.085913,0.815657,-1.088119,1.100908,-0.327425,-0.400882,-0.347194,0.282157,0.343869,-0.585662,0.743154,-0.101594,-1.154045,-0.358086,0.646785,-2.299052,-0.556302,2.494950,0.521814,-0.387608,0.122735,0.220741,0.035678,-0.203263,0.353842,-0.142748
3.339049,-1.034702,0.118814,1.087926,0.816039,-1.087490,1.102017,-0.328230,-0.368176,-0.357806,0.316827,0.347378,-0.586271,0.746343,-0.101522,-1.154433,-0.357961,0.646998,-2.299024,-0.556499,2.495307,0.521665,-0.387568,0.123354,0.218938,0.033816,-0.202782,0.354127,-0.145149
3.340065,-1.034887,0.121022,1.089636,0.816903,-1.085939,1.101865,-0.329372,-0.333432,-0.372015,0.352753,0.352806,-0.586925,0.749949,-0.101450,-1.154822,-0.357837,0.647215,-2.298990,-0.556703,2.495657,0.521523,-0.387614,0.124715,0.217844,0.033290,-0.203397,0.352890,-0.143435
3.340982,-1.031426,0.118137,1.088027,0.817319,-1.086176,1.099875,-0.328346,-0.296246,-0.390248,0.390326,0.361049,-0.587572,0.754040,-0.101364,-1.155214,-0.357713,0.647429,-2.298959,-0.556914,2.496003,0.521390,-0.387462,0.123707,0.217119,0.032396,-0.205008,0.353118,-0.141152
3.342023,-1.031605,0.119954,1.095940,0.819652,-1.084715,1.101352,-0.329601,-0.257881,-0.411066,0.428396,0.371501,-0.588186,0.758377,-0.101261,-1.155605,-0.357584,0.647648,-2.298927,-0.557119,2.496361,0.521242,-0.388714,0.125076,0.217729,0.031867,-0.204646,0.354901,-0.143143
3.342971,-1.033222,0.116549,1.092481,0.817969,-1.086320,1.100120,-0.327967,-0.217994,-0.434350,0.467423,0.384312,-0.588727,0.762952,-0.101150,-1.155998,-0.357465,0.647857,-2.298901,-0.557329,2.496710,0.521105,-0.388650,0.124353,0.213981,0.029609,-0.206243,0.353491,-0.140595
3.343987,-1.033286,0.124751,1.089400,0.817295,-1.087476,1.100165,-0.328749,-0.176567,-0.459788,0.507655,0.399182,-0.589175,0.767756,-0.101027,-1.156383,-0.357335,0.648072,-2.298867,-0.557530,2.497065,0.520957,-0.387556,0.126015,0.215687,0.031173,-0.204605,0.354606,-0.143832
3.345086,-1.032380,0.119352,1.090069,0.816961,-1.087266,1.101021,-0.327789,-0.138491,-0.482793,0.544532,0.412711,-0.589583,0.772123,-0.100898,-1.156774,-0.357222,0.648289,-2.298833,-0.557732,2.497420,0.520819,-0.387490,0.122112,0.217311,0.031740,-0.203589,0.354557,-0.142210
3.346024,-1.031269,0.122280,1.091137,0.819452,-1.086378,1.102440,-0.329847,-0.107647,-0.499379,0.574453,0.422049,-0.590021,0.775543,-0.100777,-1.157168,-0.357092,0.648504,-2.298802,-0.557934,2.497769,0.520671,-0.388252,0.125052,0.217290,0.032086,-0.204128,0.353910,-0.144158
3.346996,-1.032684,0.122435,1.091288,0.819920,-1.085446,1.101049,-0.329793,-0.082102,-0.511977,0.599133,0.429090,-0.590498,0.778421,-0.100673,-1.157558,-0.356973,0.648719,-2.298775,-0.558141,2.498119,0.520540,-0.388410,0.123594,0.216652,0.029579,-0.204940,0.352355,-0.139955
3.348095,-1.031001,0.122066,1.094796,0.818080,-1.083829,1.097944,-0.330062,-0.059971,-0.522928,0.620193,0.436437,-0.591002,0.781217,-0.100596,-1.157947,-0.356851,0.648937,-2.298747,-0.558349,2.498477,0.520398,-0.387465,0.123600,0.216541,0.029128,-0.205859,0.353669,-0.140058
3.349003,-1.028148,0.122202,1.092707,0.818682,-1.085381,1.094696,-0.329725,-0.040690,-0.531723,0.638547,0.443322,-0.591613,0.783890,-0.100574,-1.158337,-0.356726,0.649147,-2.298714,-0.558559,2.498836,0.520261,-0.388685,0.124026,0.215160,0.030966,-0.207719,0.356945,-0.139552
3.350030,-1.026316,0.118001,1.100176,0.820187,-1.086339,1.094273,-0.329551,-0.022926,-0.538267,0.656012,0.447912,-0.592408,0.786302,-0.100648,-1.158729,-0.356603,0.649367,-2.298688,-0.558764,2.499208,0.520120,-0.389558,0.123906,0.215984,0.030355,-0.206011,0.359867,-0.140155
3.351177,-1.026969,0.118362,1.102545,0.820190,-1.083629,1.092684,-0.330387,-0.004193,-0.544921,0.675009,0.451341,-0.593334,0.788720,-0.100826,-1.159124,-0.356474,0.649569,-2.298664,-0.558970,2.499563,0.519980,-0.390427,0.126102,0.212507,0.028973,-0.205184,0.360293,-0.140489
3.352006,-1.021153,0.122411,1.100747,0.820162,-1.085983,1.092955,-0.328648,0.018564,-0.555108,0.698353,0.456106,-0.594291,0.791583,-0.101085,-1.159514,-0.356346,0.649779,-2.298635,-0.559181,2.499934,0.519845,-0.390666,0.126179,0.211860,0.029097,-0.208252,0.362085,-0.138867
3.353002,-1.020389,0.121086,1.101980,0.819298,-1.085582,1.093392,-0.329386,0.044909,-0.567419,0.725782,0.461688,-0.595223,0.794781,-0.101396,-1.159910,-0.356227,0.649992,-2.298608,-0.559386,2.500303,0.519697,-0.392630,0.124002,0.212411,0.029060,-0.205553,0.361314,-0.142244
3.353990,-1.019006,0.119479,1.104266,0.821387,-1.086971,1.092643,-0.328413,0.072289,-0.578099,0.754975,0.466049,-0.596127,0.797904,-0.101743,-1.160299,-0.356100,0.650203,-2.298579,-0.559592,2.500660,0.519561,-0.392888,0.124749,0.211884,0.029917,-0.206041,0.360828,-0.140708
3.355047,-1.024058,0.119063,1.108250,0.822457,-1.087168,1.090373,-0.328002,0.100067,-0.587485,0.785010,0.469606,-0.596999,0.800901,-0.102102,-1.160694,-0.355975,0.650412,-2.298555,-0.559794,2.501024,0.519416,-0.393360,0.125611,0.210848,0.027914,-0.204710,0.361486,-0.142630
3.356068,-1.023659,0.124520,1.111047,0.821903,-1.087888,1.088223,-0.327411,0.127924,-0.597695,0.815015,0.474426,-0.597797,0.803916,-0.102466,-1.161082,-0.355848,0.650620,-2.298531,-0.560002,2.501389,0.519270,-0.390976,0.125956,0.209136,0.027026,-0.204693,0.363803,-0.143422
3.357060,-1.023478,0.123601,1.111919,0.823961,-1.087669,1.085000,-0.327616,0.154021,-0.606827,0.843379,0.479673,-0.598549,0.806763,-0.102813,-1.161469,-0.355728,0.650825,-2.298504,-0.560198,2.501763,0.519125,-0.391234,0.123371,0.207992,0.027652,-0.204173,0.365853,-0.144569
3.357978,-1.025202,0.128468,1.113755,0.825094,-1.087554,1.083431,-0.328065,0.176868,-0.611775,0.869165,0.483324,-0.599313,0.809211,-0.103107,-1.161860,-0.355603,0.651034,-2.298483,-0.560403,2.502142,0.518983,-0.391173,0.123928,0.207684,0.025759,-0.204453,0.368897,-0.144106
3.359111,-1.028785,0.125771,1.116094,0.826134,-1.088390,1.086444,-0.327058,0.195659,-0.611976,0.891475,0.485700,-0.600056,0.811271,-0.103340,-1.162250,-0.355486,0.651236,-2.298462,-0.560605,2.502511,0.518840,-0.389811,0.121507,0.206765,0.024759,-0.204501,0.370158,-0.143117
3.360106,-1.028263,0.128586,1.115936,0.826826,-1.088455,1.084481,-0.327583,0.209630,-0.607992,0.909173,0.487828,-0.600741,0.813009,-0.103532,-1.162634,-0.355359,0.651441,-2.298439,-0.560807,2.502879,0.518691,-0.388599,0.123161,0.206130,0.023968,-0.204047,0.367277,-0.145172
3.361064,-1.028018,0.129447,1.116918,0.826839,-1.089878,1.082846,-0.325811,0.218938,-0.601414,0.922050,0.490570,-0.601367,0.814519,-0.103703,-1.163023,-0.355240,0.651647,-2.298416,-0.561011,2.503250,0.518548,-0.388757,0.121864,0.206372,0.023431,-0.204059,0.369156,-0.144046
3.362049,-1.028614,0.130203,1.118681,0.826274,-1.091862,1.083292,-0.325821,0.223982,-0.592642,0.930505,0.493455,-0.601974,0.815718,-0.103869,-1.163407,-0.355119,0.651852,-2.298392,-0.561210,2.503622,0.518392,-0.388659,0.121500,0.205955,0.023512,-0.202668,0.370569,-0.147525
3.362988,-1.029016,0.131348,1.122642,0.825492,-1.089679,1.083000,-0.325120,0.225389,-0.581055,0.935504,0.494931,-0.602629,0.816430,-0.104049,-1.163795,-0.354998,0.652055,-2.298366,-0.561407,2.503995,0.518243,-0.388203,0.121225,0.205239,0.024135,-0.200791,0.369930,-0.147393
3.364087,-1.030242,0.132455,1.122897,0.826476,-1.088543,1.082896,-0.324469,0.224479,-0.566677,0.938724,0.493742,-0.603383,0.816632,-0.104236,-1.164187,-0.354877,0.652253,-2.298341,-0.561612,2.504364,0.518089,-0.387590,0.120678,0.203363,0.024979,-0.202966,0.369988,-0.148696
3.364983,-1.033810,0.133149,1.122288,0.825464,-1.090367,1.083070,-0.324397,0.222181,-0.549871,0.941206,0.489677,-0.604218,0.816409,-0.104416,-1.164572,-0.354756,0.652457,-2.298320,-0.561824,2.504738,0.517937,-0.387392,0.120418,0.203711,0.024245,-0.204304,0.370162,-0.149975
3.365980,-1.038390,0.131998,1.132703,0.825045,-1.089588,1.088581,-0.324115,0.217251,-0.530822,0.941346,0.483267,-0.605055,0.815725,-0.104595,-1.164956,-0.354639,0.652663,-2.298296,-0.562025,2.505110,0.517785,-0.385074,0.120074,0.203906,0.025328,-0.202333,0.369631,-0.149972
3.367028,-1.036461,0.130025,1.128669,0.827823,-1.089790,1.088663,-0.324350,0.209315,-0.509853,0.938675,0.474613,-0.605892,0.814545,-0.104790,-1.165339,-0.354516,0.652850,-2.298271,-0.562232,2.505461,0.517636,-0.382753,0.120761,0.199047,0.025823,-0.203192,0.364056,-0.150479
3.367995,-1.039959,0.130494,1.122922,0.827569,-1.088567,1.086418,-0.322823,0.200995,-0.490151,0.935600,0.465967,-0.606729,0.813299,-0.105016,-1.165723,-0.354393,0.653056,-2.298251,-0.562437,2.505824,0.517484,-0.383943,0.121931,0.201432,0.023280,-0.203158,0.364055,-0.149948
3.369041,-1.039588,0.130953,1.127322,0.828622,-1.085483,1.088803,-0.323917,0.191039,-0.474215,0.929823,0.460316,-0.607465,0.812182,-0.105285,-1.166107,-0.354274,0.653267,-2.298225,-0.562643,2.506190,0.517326,-0.381983,0.121773,0.204350,0.023607,-0.204386,0.366160,-0.152922
3.370147,-1.047552,0.131046,1.130750,0.828264,-1.081600,1.090678,-0.323131,0.176434,-0.460932,0.917828,0.457603,-0.608063,0.810948,-0.105596,-1.166487,-0.354150,0.653466,-2.298206,-0.562854,2.506552,0.517179,-0.382409,0.121716,0.202480,0.022820,-0.207600,0.363756,-0.150647
3.371093,-1.044373,0.128447,1.123676,0.827826,-1.079781,1.092204,-0.322730,0.158442,-0.449268,0.901387,0.456698,-0.608569,0.809607,-0.105940,-1.166861,-0.354029,0.653667,-2.298180,-0.563072,2.506910,0.517022,-0.378967,0.121960,0.201278,0.023337,-0.211662,0.362064,-0.152221
3.371972,-1.042499,0.131707,1.123013,0.827146,-1.075989,1.093392,-0.321750,0.137514,-0.439003,0.881191,0.456854,-0.609008,0.808165,-0.106325,-1.167244,-0.353902,0.653878,-2.298157,-0.563286,2.507272,0.516866,-0.380332,0.123241,0.204832,0.023871,-0.213320,0.360354,-0.152891
3.373081,-1.044926,0.132373,1.126444,0.829890,-1.076697,1.095631,-0.320976,0.112864,-0.429369,0.856448,0.457115,-0.609388,0.806498,-0.106750,-1.167620,-0.353782,0.654082,-2.298129,-0.563511,2.507627,0.516708,-0.380774,0.121531,0.205012,0.024496,-0.216746,0.358888,-0.154701
3.374063,-1.041589,0.132599,1.123171,0.827602,-1.073030,1.097558,-0.321875,0.086101,-0.419644,0.829143,0.457259,-0.609705,0.804703,-0.107190,-1.167997,-0.353664,0.654284,-2.298113,-0.563727,2.507973,0.516550,-0.380094,0.121538,0.203795,0.022122,-0.216193,0.356896,-0.156204
3.374988,-1.036209,0.133289,1.121358,0.826995,-1.068765,1.096824,-0.320514,0.059486,-0.410268,0.801873,0.457732,-0.609935,0.802942,-0.107602,-1.168376,-0.353542,0.654493,-2.298083,-0.563954,2.508322,0.516399,-0.381732,0.121512,0.205552,0.024412,-0.219720,0.354939,-0.154290
3.376090,-1.037876,0.137879,1.116764,0.827441,-1.068241,1.098794,-0.321658,0.034255,-0.401284,0.776150,0.457436,-0.610090,0.801120,-0.107952,-1.168764,-0.353421,0.654701,-2.298058,-0.564185,2.508680,0.516239,-0.384002,0.121174,0.206390,0.025049,-0.223645,0.355492,-0.156910
3.377000,-1.045072,0.137988,1.117210,0.827315,-1.066420,1.096898,-0.320370,0.009553,-0.391076,0.751222,0.454942,-0.610166,0.799024,-0.108224,-1.169150,-0.353304,0.654914,-2.298033,-0.564409,2.509029,0.516086,-0.383556,0.119199,0.209076,0.024769,-0.224234,0.353721,-0.154547
3.377982,-1.048704,0.134755,1.114942,0.827347,-1.065986,1.098800,-0.322086,-0.018454,-0.377158,0.723005,0.449705,-0.610117,0.796352,-0.108420,-1.169517,-0.353183,0.655122,-2.298007,-0.564641,2.509390,0.515928,-0.379681,0.119146,0.208724,0.024918,-0.225677,0.355398,-0.157023
3.379099,-1.043518,0.137952,1.112122,0.828567,-1.065861,1.100704,-0.322085,-0.052803,-0.359494,0.688103,0.442156,-0.609917,0.792905,-0.108563,-1.169894,-0.353060,0.655337,-2.297983,-0.564872,2.509742,0.515781,-0.377847,0.120854,0.209902,0.024991,-0.225869,0.353411,-0.153465
3.380093,-1.049762,0.140273,1.107383,0.827365,-1.063962,1.101852,-0.322600,-0.091997,-0.341114,0.647721,0.434316,-0.609551,0.789010,-0.108671,-1.170279,-0.352941,0.655553,-2.297960,-0.565098,2.510087,0.515628,-0.380991,0.119565,0.211676,0.023982,-0.226103,0.351790,-0.153488
3.381012,-1.055961,0.139636,1.113007,0.825874,-1.061330,1.100031,-0.322957,-0.181543,-0.300888,0.554545,0.417577,-0.608470,0.780380,-0.108869,-1.171027,-0.352704,0.655977,-2.297901,-0.565563,2.510784,0.515327,-0.374473,0.118902,0.211161,0.026603,-0.230070,0.352335,-0.151549
3.382120,-1.052360,0.136210,1.109111,0.825799,-1.060317,1.098689,-0.324359,-0.181543,-0.300888,0.554545,0.417577,-0.608470,0.780380,-0.108869,-1.171027,-0.352704,0.655977,-2.297901,-0.565563,2.510784,0.515327,-0.374473,0.118902,0.211161,0.026603,-0.230070,0.352335,-0.151549
3.383123,-1.049482,0.135413,1.103709,0.824894,-1.057452,1.099966,-0.324712,-0.231123,-0.277528,0.503482,0.405717,-0.607990,0.775389,-0.108979,-1.171406,-0.352579,0.656195,-2.297872,-0.565798,2.511142,0.515185,-0.376854,0.120879,0.213476,0.026756,-0.231068,0.353855,-0.148747
3.384004,-1.049983,0.139290,1.099368,0.827405,-1.055779,1.098831,-0.324766,-0.279317,-0.256733,0.453831,0.393380,-0.607636,0.770444,-0.109106,-1.171788,-0.352460,0.656418,-2.297843,-0.566041,2.511497,0.515039,-0.378284,0.121420,0.216152,0.027671,-0.233650,0.352527,-0.148014
3.385052,-1.052754,0.139392,1.103124,0.827554,-1.052381,1.097969,-0.326055,-0.325710,-0.239501,0.405398,0.382455,-0.607337,0.765840,-0.109254,-1.172159,-0.352345,0.656640,-2.297823,-0.566276,2.511849,0.514897,-0.377595,0.119471,0.217989,0.025249,-0.234826,0.353422,-0.147809
3.386015,-1.044557,0.138448,1.097403,0.826828,-1.051136,1.100317,-0.325598,-0.370884,-0.224135,0.357579,0.373733,-0.606998,0.761669,-0.109402,-1.172532,-0.352226,0.656854,-2.297798,-0.566521,2.512206,0.514756,-0.376521,0.119669,0.216281,0.025260,-0.238026,0.354346,-0.145203
3.387035,-1.048307,0.138402,1.095647,0.826755,-1.050469,1.102791,-0.326903,-0.412492,-0.210918,0.313106,0.367356,-0.606587,0.758092,-0.109518,-1.172923,-0.352104,0.657081,-2.297773,-0.566764,2.512551,0.514608,-0.380390,0.120198,0.219003,0.026071,-0.238861,0.351922,-0.146069
3.388122,-1.049718,0.138684,1.100843,0.827198,-1.051625,1.103427,-0.327996,-0.448724,-0.200925,0.273866,0.363182,-0.606095,0.755180,-0.109570,-1.173293,-0.351982,0.657304,-2.297745,-0.567003,2.512892,0.514468,-0.378678,0.120361,0.219890,0.026174,-0.239304,0.349540,-0.143407
3.389039,-1.051651,0.140868,1.100270,0.825515,-1.054268,1.101293,-0.326885,-0.479633,-0.194007,0.239840,0.360987,-0.605508,0.752855,-0.109539,-1.173672,-0.351861,0.657518,-2.297719,-0.567239,2.513243,0.514332,-0.378420,0.120481,0.217561,0.025852,-0.238076,0.349106,-0.141261
3.390008,-1.052232,0.141258,1.094348,0.825078,-1.054440,1.105600,-0.328359,-0.505093,-0.188553,0.211784,0.359175,-0.604889,0.750882,-0.109441,-1.174050,-0.351743,0.657734,-2.297687,-0.567467,2.513594,0.514184,-0.377099,0.119414,0.217708,0.027429,-0.235083,0.351087,-0.143422
3.391104,-1.061350,0.143128,1.094224,0.825571,-1.055350,1.105059,-0.329341,-0.527520,-0.181713,0.187652,0.355471,-0.604306,0.748818,-0.109317,-1.174421,-0.351625,0.657962,-2.297659,-0.567702,2.513939,0.514050,-0.376796,0.119333,0.220521,0.027855,-0.234645,0.346682,-0.140407
3.392064,-1.065278,0.143739,1.095286,0.825039,-1.055513,1.104097,-0.328797,-0.551434,-0.171574,0.162424,0.349485,-0.603719,0.746361,-0.109194,-1.174791,-0.351507,0.658185,-2.297632,-0.567938,2.514286,0.513914,-0.372783,0.118714,0.220789,0.027493,-0.233694,0.347497,-0.138493
3.392956,-1.060594,0.144650,1.091237,0.825345,-1.055430,1.105471,-0.328240,-0.579446,-0.157372,0.133194,0.341510,-0.603120,0.743416,-0.109104,-1.175155,-0.351389,0.658404,-2.297605,-0.568169,2.514639,0.513773,-0.370865,0.118505,0.220158,0.028036,-0.233266,0.348360,-0.139556
3.393961,-1.061072,0.146079,1.091246,0.825511,-1.056133,1.108685,-0.327747,-0.610111,-0.139911,0.101573,0.331942,-0.602584,0.740160,-0.109085,-1.175534,-0.351273,0.658631,-2.297577,-0.568401,2.514984,0.513628,-0.372781,0.118060,0.221845,0.027687,-0.232924,0.346762,-0.140566
3.394990,-1.060510,0.141522,1.095708,0.824848,-1.055367,1.108783,-0.328410,-0.664428,-0.105364,0.046008,0.313802,-0.601889,0.734500,-0.109306,-1.176278,-0.351032,0.659067,-2.297520,-0.568867,2.515656,0.513351,-0.373185,0.119971,0.219718,0.028229,-0.232654,0.343710,-0.140176
3.396215,-1.064378,0.143628,1.105299,0.825673,-1.054317,1.108134,-0.327048,-0.664428,-0.105364,0.046008,0.313802,-0.601889,0.734500,-0.109306,-1.176278,-0.351032,0.659067,-2.297520,-0.568867,2.515656,0.513351,-0.373185,0.119971,0.219718,0.028229,-0.232654,0.343710,-0.140176
3.397087,-1.057862,0.144775,1.098233,0.827355,-1.054943,1.109451,-0.328682,-0.678994,-0.094904,0.031337,0.307407,-0.601807,0.732911,-0.109508,-1.176647,-0.350913,0.659276,-2.297494,-0.569104,2.516008,0.513203,-0.372404,0.119397,0.215627,0.027634,-0.233941,0.344833,-0.143000
3.398019,-1.056155,0.149912,1.097391,0.825891,-1.056681,1.107432,-0.327168,-0.681849,-0.090813,0.028976,0.303592,-0.601847,0.732427,-0.109718,-1.177021,-0.350795,0.659500,-2.297471,-0.569336,2.516347,0.513069,-0.375202,0.118779,0.218860,0.025995,-0.232821,0.343285,-0.139600
3.399015,-1.059062,0.148096,1.102055,0.825560,-1.058227,1.109513,-0.328780,-0.666067,-0.089276,0.047115,0.298691,-0.601965,0.733258,-0.109999,-1.177771,-0.350565,0.659934,-2.297414,-0.569798,2.517034,0.512785,-0.374384,0.117419,0.216789,0.027774,-0.229010,0.343152,-0.139294
3.400049,-1.059376,0.151705,1.101285,0.827180,-1.059171,1.112388,-0.328585,-0.651950,-0.087970,0.063367,0.294577,-0.602045,0.733864,-0.110034,-1.178144,-0.350450,0.660150,-2.297390,-0.570023,2.517371,0.512644,-0.374493,0.115841,0.217341,0.026289,-0.228016,0.340418,-0.139710
3.401043,-1.059060,0.153205,1.099095,0.826779,-1.058231,1.114723,-0.328650,-0.651950,-0.087970,0.063367,0.294577,-0.602045,0.733864,-0.110034,-1.178144,-0.350450,0.660150,-2.297390,-0.570023,2.517371,0.512644,-0.374493,0.115841,0.217341,0.026289,-0.228016,0.340418,-0.139710
3.401987,-1.062396,0.154410,1.099983,0.825253,-1.059536,1.114882,-0.327620,-0.635868,-0.086429,0.081807,0.290493,-0.602081,0.734576,-0.110010,-1.178521,-0.350335,0.660371,-2.297362,-0.570250,2.517706,0.512504,-0.374676,0.115294,0.218415,0.026744,-0.228812,0.338168,-0.139542
3.402998,-1.064257,0.155580,1.106280,0.827798,-1.058963,1.113210,-0.326546,-0.620490,-0.083307,0.099603,0.285593,-0.602109,0.735153,-0.109944,-1.178896,-0.350221,0.660585,-2.297331,-0.570479,2.518037,0.512360,-0.372808,0.114810,0.217889,0.028179,-0.227197,0.338026,-0.141550
3.404093,-1.062580,0.155229,1.107562,0.828474,-1.059302,1.112186,-0.327919,-0.606226,-0.078451,0.116543,0.279142,-0.602220,0.735505,-0.109850,-1.179265,-0.350106,0.660795,-2.297310,-0.570705,2.518380,0.512212,-0.372084,0.114442,0.214872,0.025810,-0.227676,0.339785,-0.143645
3.405088,-1.061631,0.152586,1.110872,0.827491,-1.062729,1.110819,-0.326276,-0.590307,-0.074572,0.135415,0.273070,-0.602425,0.736043,-0.109721,-1.179646,-0.349992,0.661012,-2.297286,-0.570934,2.518720,0.512075,-0.373385,0.114981,0.214544,0.025337,-0.227369,0.341064,-0.140889
3.405981,-1.054912,0.149822,1.110139,0.829605,-1.062821,1.111315,-0.325543,-0.569831,-0.074908,0.158958,0.268844,-0.602734,0.737130,-0.109552,-1.180018,-0.349872,0.661218,-2.297259,-0.571148,2.519066,0.511928,-0.373939,0.116439,0.213035,0.026372,-0.223875,0.342450,-0.144173
3.407091,-1.057195,0.153421,1.113779,0.829682,-1.061056,1.112840,-0.325480,-0.542708,-0.082328,0.188917,0.267377,-0.603140,0.739004,-0.109362,-1.180402,-0.349752,0.661431,-2.297239,-0.571371,2.519409,0.511781,-0.376801,0.117799,0.213228,0.024369,-0.223482,0.341750,-0.145509
3.408078,-1.051862,0.149807,1.114703,0.829554,-1.064843,1.114763,-0.326855,-0.508428,-0.097668,0.225431,0.269828,-0.603549,0.741819,-0.109163,-1.180779,-0.349637,0.661638,-2.297214,-0.571598,2.519745,0.511635,-0.376171,0.116340,0.211851,0.024484,-0.225362,0.340537,-0.145630
3.409023,-1.051846,0.148503,1.115619,0.830095,-1.067109,1.114108,-0.326137,-0.467991,-0.119131,0.267587,0.275539,-0.603902,0.745416,-0.108950,-1.181159,-0.349515,0.661850,-2.297187,-0.571812,2.520083,0.511498,-0.378835,0.118266,0.211463,0.024652,-0.221469,0.338655,-0.142829
3.410063,-1.045928,0.149103,1.116939,0.828141,-1.070366,1.113488,-0.325303,-0.422046,-0.146331,0.314739,0.283818,-0.604201,0.749637,-0.108735,-1.181538,-0.349397,0.662061,-2.297165,-0.572030,2.520416,0.511350,-0.378587,0.118984,0.210969,0.024233,-0.219045,0.339321,-0.144219
3.411051,-1.048479,0.150904,1.122008,0.831451,-1.073646,1.111449,-0.325685,-0.371636,-0.178275,0.365955,0.293338,-0.604502,0.754214,-0.108539,-1.181920,-0.349277,0.662266,-2.297135,-0.572240,2.520757,0.511204,-0.381757,0.118881,0.210605,0.026240,-0.215882,0.340086,-0.145859
3.412053,-1.048727,0.150101,1.124870,0.831288,-1.074894,1.110795,-0.324070,-0.317933,-0.212288,0.420521,0.302377,-0.604881,0.758878,-0.108367,-1.182300,-0.349161,0.662471,-2.297118,-0.572449,2.521108,0.511059,-0.380394,0.118134,0.208209,0.023159,-0.212614,0.342103,-0.145016
3.413029,-1.052645,0.152625,1.126963,0.833125,-1.075696,1.109666,-0.324090,-0.208108,-0.280552,0.532427,0.320355,-0.605770,0.768237,-0.108136,-1.183058,-0.348924,0.662879,-2.297075,-0.572864,2.521799,0.510748,-0.378254,0.117553,0.206080,0.021840,-0.210644,0.343890,-0.148020
3.414076,-1.051452,0.155228,1.124295,0.834512,-1.077986,1.107814,-0.323950,-0.208108,-0.280552,0.532427,0.320355,-0.605770,0.768237,-0.108136,-1.183058,-0.348924,0.662879,-2.297075,-0.572864,2.521799,0.510748,-0.378254,0.117553,0.206080,0.021840,-0.210644,0.343890,-0.148020
3.414962,-1.050871,0.158201,1.126941,0.834577,-1.078144,1.109683,-0.323827,-0.158640,-0.310966,0.582782,0.329223,-0.606206,0.772497,-0.108062,-1.183439,-0.348810,0.663090,-2.297056,-0.573066,2.522150,0.510601,-0.379098,0.116528,0.207680,0.020731,-0.208538,0.345843,-0.148273
3.416079,-1.050136,0.156521,1.129749,0.834004,-1.080224,1.111060,-0.323253,-0.078702,-0.356513,0.664209,0.344327,-0.607078,0.779384,-0.107919,-1.184201,-0.348580,0.663495,-2.297011,-0.573473,2.522828,0.510303,-0.379778,0.116308,0.205365,0.021584,-0.206487,0.342711,-0.149552
3.417066,-1.052016,0.156312,1.132128,0.835891,-1.085051,1.110528,-0.323918,-0.078702,-0.356513,0.664209,0.344327,-0.607078,0.779384,-0.107919,-1.184201,-0.348580,0.663495,-2.297011,-0.573473,2.522828,0.510303,-0.379778,0.116308,0.205365,0.021584,-0.206487,0.342711,-0.149552
3.417949,-1.050287,0.154643,1.127821,0.836773,-1.085870,1.109064,-0.324280,-0.044016,-0.374492,0.699825,0.350437,-0.607551,0.782301,-0.107855,-1.184583,-0.348462,0.663700,-2.296995,-0.573664,2.523171,0.510159,-0.378748,0.116550,0.204323,0.019963,-0.201811,0.343277,-0.148146
3.419129,-1.050579,0.153251,1.135966,0.836289,-1.088346,1.108444,-0.323848,-0.012207,-0.392442,0.732082,0.357492,-0.607939,0.785081,-0.107769,-1.184960,-0.348343,0.663908,-2.296977,-0.573862,2.523521,0.510016,-0.379146,0.117346,0.206345,0.019288,-0.200929,0.344501,-0.147325
3.420130,-1.050930,0.154578,1.141679,0.837669,-1.092935,1.107637,-0.324787,0.016867,-0.411691,0.760789,0.366111,-0.608160,0.787786,-0.107645,-1.185343,-0.348222,0.664106,-2.296955,-0.574054,2.523871,0.509864,-0.379800,0.118465,0.202968,0.020081,-0.199027,0.345500,-0.148230
3.421024,-1.046964,0.155315,1.138877,0.838237,-1.093965,1.107147,-0.324465,0.046563,-0.433063,0.789878,0.375513,-0.608262,0.790573,-0.107474,-1.185725,-0.348104,0.664300,-2.296938,-0.574238,2.524215,0.509724,-0.379616,0.117947,0.200439,0.018969,-0.194699,0.346342,-0.146294
3.422069,-1.047807,0.156082,1.136977,0.836823,-1.098456,1.110070,-0.324562,0.078164,-0.455784,0.821121,0.385110,-0.608289,0.793460,-0.107250,-1.186106,-0.347986,0.664503,-2.296921,-0.574428,2.524563,0.509575,-0.381136,0.117572,0.201804,0.018626,-0.193700,0.346619,-0.146845
3.423074,-1.042407,0.156374,1.139593,0.837354,-1.101697,1.112290,-0.324264,0.108561,-0.477619,0.851293,0.393937,-0.608260,0.796113,-0.106992,-1.186487,-0.347870,0.664708,-2.296899,-0.574611,2.524899,0.509427,-0.380901,0.117444,0.203065,0.020261,-0.189567,0.343843,-0.146605
3.423968,-1.047914,0.159955,1.141654,0.838319,-1.102053,1.111562,-0.325263,0.136121,-0.497323,0.878719,0.400869,-0.608267,0.798321,-0.106715,-1.186871,-0.347753,0.664907,-2.296881,-0.574790,2.525236,0.509279,-0.383628,0.117481,0.202004,0.019980,-0.186686,0.341721,-0.147153
3.424977,-1.049343,0.159092,1.140900,0.840538,-1.102850,1.109478,-0.325589,0.161258,-0.514434,0.903998,0.405837,-0.608387,0.800143,-0.106416,-1.187246,-0.347642,0.665103,-2.296863,-0.574977,2.525581,0.509137,-0.380403,0.115750,0.200979,0.019198,-0.186384,0.342287,-0.145038
3.425963,-1.051286,0.160311,1.139406,0.840154,-1.103197,1.111248,-0.325549,0.181662,-0.527871,0.924672,0.409595,-0.608552,0.801493,-0.106105,-1.187625,-0.347523,0.665305,-2.296851,-0.575160,2.525924,0.508992,-0.379788,0.116380,0.201619,0.017368,-0.185900,0.344450,-0.144358
3.427047,-1.049000,0.161129,1.144618,0.840726,-1.104764,1.113050,-0.325906,0.194554,-0.537578,0.937487,0.413119,-0.608655,0.802277,-0.105814,-1.187999,-0.347406,0.665509,-2.296831,-0.575346,2.526266,0.508848,-0.378824,0.115908,0.202530,0.017996,-0.185783,0.342657,-0.144393
3.428087,-1.053191,0.161038,1.148529,0.842236,-1.106055,1.115000,-0.325993,0.201206,-0.544366,0.943775,0.416410,-0.608715,0.802627,-0.105541,-1.188381,-0.347290,0.665706,-2.296815,-0.575531,2.526606,0.508708,-0.380367,0.115819,0.200397,0.017775,-0.184664,0.341096,-0.143688
3.428981,-1.055587,0.160820,1.148762,0.841290,-1.104105,1.116568,-0.326784,0.205705,-0.549891,0.948002,0.419765,-0.608803,0.802908,-0.105277,-1.188755,-0.347173,0.665899,-2.296798,-0.575713,2.526940,0.508566,-0.378519,0.116103,0.198891,0.016586,-0.183755,0.339325,-0.143504
3.430003,-1.055808,0.159009,1.146578,0.842794,-1.106495,1.118252,-0.327250,0.209195,-0.555110,0.951325,0.423591,-0.608920,0.803253,-0.105032,-1.189128,-0.347058,0.666098,-2.296778,-0.575898,2.527279,0.508427,-0.376929,0.116239,0.198766,0.017684,-0.185785,0.337608,-0.141828
3.431093,-1.055233,0.164225,1.149354,0.844293,-1.105461,1.118149,-0.328803,0.209824,-0.559993,0.951525,0.427772,-0.609031,0.803505,-0.104819,-1.189510,-0.346939,0.666299,-2.296763,-0.576081,2.527605,0.508286,-0.376932,0.117341,0.200162,0.016527,-0.183700,0.336113,-0.140885
3.432027,-1.055900,0.165495,1.151754,0.844368,-1.103446,1.115264,-0.328310,0.207409,-0.564786,0.948124,0.432870,-0.609090,0.803696,-0.104641,-1.189885,-0.346828,0.666497,-2.296747,-0.576267,2.527943,0.508154,-0.377711,0.115082,0.199256,0.015394,-0.185213,0.336500,-0.137809
3.432986,-1.047380,0.166418,1.147493,0.842637,-1.104083,1.118174,-0.329636,0.203296,-0.568148,0.942919,0.438231,-0.609103,0.803825,-0.104496,-1.190265,-0.346716,0.666694,-2.296730,-0.576459,2.528288,0.508014,-0.377076,0.114604,0.198160,0.015584,-0.187303,0.339300,-0.138772
3.433990,-1.051007,0.167463,1.145769,0.843712,-1.103832,1.117180,-0.330119,0.198941,-0.568815,0.937998,0.441890,-0.609140,0.803771,-0.104372,-1.190652,-0.346602,0.666898,-2.296708,-0.576644,2.528619,0.507881,-0.381128,0.114283,0.200413,0.017468,-0.186829,0.336365,-0.136061
3.435001,-1.050457,0.171074,1.152105,0.844590,-1.106203,1.118781,-0.330756,0.194296,-0.566827,0.933220,0.442963,-0.609228,0.803461,-0.104246,-1.191029,-0.346489,0.667101,-2.296693,-0.576833,2.528957,0.507750,-0.379326,0.113985,0.201482,0.016716,-0.187329,0.337478,-0.135125
3.435973,-1.048758,0.168429,1.151292,0.844267,-1.106401,1.120368,-0.331234,0.184211,-0.555807,0.923717,0.439509,-0.609510,0.802406,-0.103935,-1.191789,-0.346263,0.667494,-2.296661,-0.577200,2.529620,0.507489,-0.380425,0.113939,0.199252,0.016781,-0.185292,0.334455,-0.132908
3.437098,-1.046767,0.169765,1.151077,0.844590,-1.107073,1.123197,-0.330898,0.184211,-0.555807,0.923717,0.439509,-0.609510,0.802406,-0.103935,-1.191789,-0.346263,0.667494,-2.296661,-0.577200,2.529620,0.507489,-0.380425,0.113939,0.199252,0.016781,-0.185292,0.334455,-0.132908
3.438039,-1.044809,0.169590,1.144394,0.844010,-1.104414,1.122875,-0.332066,0.182479,-0.550436,0.922674,0.437011,-0.609775,0.802159,-0.103766,-1.192176,-0.346150,0.667695,-2.296645,-0.577386,2.529951,0.507353,-0.381940,0.113680,0.199922,0.016847,-0.185155,0.331997,-0.133652
3.438974,-1.050961,0.172948,1.141728,0.844874,-1.103812,1.123565,-0.331649,0.181922,-0.546568,0.922494,0.434837,-0.610109,0.802117,-0.103611,-1.192559,-0.346036,0.667901,-2.296626,-0.577574,2.530277,0.507225,-0.382607,0.113883,0.203306,0.017644,-0.187951,0.332364,-0.131271
3.440065,-1.050482,0.172772,1.146378,0.845150,-1.103435,1.123092,-0.332410,0.177419,-0.541690,0.917568,0.432279,-0.610433,0.801839,-0.103477,-1.192929,-0.345926,0.668109,-2.296611,-0.577763,2.530609,0.507092,-0.379338,0.112345,0.204597,0.017048,-0.188635,0.331640,-0.132104
3.440990,-1.047885,0.173906,1.143783,0.847226,-1.103545,1.120829,-0.331860,0.166224,-0.533854,0.905173,0.428763,-0.610696,0.801090,-0.103365,-1.193310,-0.345814,0.668311,-2.296593,-0.577957,2.530945,0.506963,-0.380032,0.112825,0.202703,0.017107,-0.189389,0.332404,-0.130624
3.442075,-1.048137,0.177701,1.148124,0.849134,-1.104345,1.119644,-0.332208,0.151507,-0.524759,0.888856,0.425233,-0.610886,0.800236,-0.103268,-1.193691,-0.345700,0.668516,-2.296580,-0.578144,2.531285,0.506830,-0.380996,0.112345,0.204020,0.015351,-0.189362,0.334584,-0.131710
3.443050,-1.046757,0.176712,1.144347,0.849019,-1.104510,1.118654,-0.332557,0.136540,-0.516222,0.872139,0.423159,-0.610964,0.799670,-0.103189,-1.194072,-0.345593,0.668717,-2.296570,-0.578334,2.531628,0.506700,-0.381249,0.110862,0.202280,0.013961,-0.188965,0.335984,-0.131057
3.444082,-1.048212,0.174074,1.142698,0.848297,-1.103023,1.122689,-0.332555,0.122166,-0.508294,0.856081,0.422739,-0.610922,0.799406,-0.103130,-1.194459,-0.345481,0.668924,-2.296554,-0.578523,2.531964,0.506570,-0.381762,0.111578,0.204296,0.014402,-0.188985,0.337002,-0.130356
3.445018,-1.046713,0.172879,1.144348,0.847356,-1.102386,1.123447,-0.333293,0.107470,-0.501630,0.839576,0.423547,-0.610770,0.799223,-0.103077,-1.194837,-0.345363,0.669131,-2.296534,-0.578716,2.532296,0.506442,-0.381216,0.113118,0.205356,0.015370,-0.190742,0.333093,-0.130405
3.445997,-1.050192,0.170283,1.139731,0.848572,-1.102437,1.122046,-0.332451,0.092189,-0.497452,0.822175,0.425142,-0.610527,0.798986,-0.103008,-1.195225,-0.345250,0.669335,-2.296514,-0.578910,2.532630,0.506315,-0.381600,0.113825,0.204542,0.016482,-0.191416,0.332333,-0.128904
3.446986,-1.053236,0.169618,1.138997,0.850829,-1.100910,1.119759,-0.332158,0.076167,-0.496307,0.803687,0.427346,-0.610212,0.798640,-0.102917,-1.195598,-0.345132,0.669546,-2.296500,-0.579104,2.532965,0.506184,-0.379840,0.115257,0.206942,0.015594,-0.191499,0.333804,-0.130614
3.447990,-1.053864,0.176218,1.135126,0.850699,-1.102016,1.119881,-0.331877,0.056809,-0.498216,0.781040,0.431317,-0.609750,0.798114,-0.102831,-1.195978,-0.345015,0.669756,-2.296488,-0.579301,2.533310,0.506050,-0.378281,0.115736,0.207391,0.013735,-0.193173,0.336106,-0.131181
3.449098,-1.052402,0.180150,1.132094,0.851500,-1.102656,1.117894,-0.332112,0.031434,-0.500582,0.751619,0.436846,-0.609094,0.797245,-0.102770,-1.196360,-0.344906,0.669973,-2.296473,-0.579496,2.533647,0.505918,-0.377990,0.112681,0.209391,0.014217,-0.192226,0.336051,-0.131750
3.450056,-1.052251,0.177963,1.125645,0.852060,-1.103823,1.117156,-0.332047,-0.001056,-0.498295,0.715218,0.441064,-0.608327,0.795734,-0.102718,-1.196739,-0.344796,0.670188,-2.296457,-0.579687,2.533990,0.505786,-0.379253,0.111149,0.211248,0.013804,-0.192030,0.338328,-0.131333
3.450961,-1.049453,0.178484,1.128800,0.853542,-1.102095,1.117294,-0.331852,-0.040179,-0.490093,0.672543,0.442980,-0.607515,0.793519,-0.102664,-1.197119,-0.344682,0.670413,-2.296443,-0.579878,2.534335,0.505654,-0.379141,0.112416,0.214330,0.013573,-0.190986,0.338996,-0.131447
3.452067,-1.049990,0.181003,1.128008,0.850967,-1.100313,1.117881,-0.333002,-0.082852,-0.479448,0.626314,0.444483,-0.606650,0.790970,-0.102596,-1.197503,-0.344569,0.670619,-2.296432,-0.580072,2.534671,0.505520,-0.380081,0.112212,0.212617,0.012436,-0.192715,0.338732,-0.131786
3.453033,-1.046306,0.179548,1.123855,0.850778,-1.103227,1.118393,-0.333287,-0.124662,-0.468151,0.581388,0.445634,-0.605786,0.788378,-0.102488,-1.197879,-0.344457,0.670836,-2.296410,-0.580273,2.535009,0.505398,-0.380357,0.111352,0.213368,0.015304,-0.194848,0.338443,-0.129562
3.453993,-1.047598,0.179684,1.121389,0.851362,-1.101920,1.115074,-0.333584,-0.163727,-0.455458,0.540246,0.444350,-0.605001,0.785635,-0.102319,-1.198264,-0.344344,0.671056,-2.296392,-0.580462,2.535345,0.505269,-0.382014,0.112263,0.215368,0.015721,-0.192045,0.337943,-0.129009
3.455089,-1.045471,0.179324,1.124231,0.850924,-1.103598,1.114772,-0.333808,-0.200581,-0.441912,0.502032,0.440618,-0.604271,0.782672,-0.102101,-1.198639,-0.344232,0.671272,-2.296379,-0.580659,2.535692,0.505144,-0.381234,0.112356,0.216539,0.015466,-0.193460,0.341234,-0.128426
3.456104,-1.047337,0.184323,1.120313,0.850765,-1.103564,1.114038,-0.333426,-0.234722,-0.428859,0.466958,0.435586,-0.603568,0.779644,-0.101853,-1.199026,-0.344117,0.671490,-2.296359,-0.580851,2.536041,0.505016,-0.382695,0.112893,0.215384,0.016220,-0.192158,0.341717,-0.128050
3.456984,-1.046634,0.182859,1.123792,0.851996,-1.102250,1.114042,-0.332956,-0.265579,-0.415496,0.435882,0.428805,-0.602938,0.776594,-0.101594,-1.199412,-0.344010,0.671712,-2.296342,-0.581041,2.536384,0.504882,-0.381755,0.110684,0.217397,0.016661,-0.192464,0.342535,-0.128831
3.458072,-1.057397,0.188395,1.122026,0.852663,-1.100744,1.114320,-0.333867,-0.293839,-0.400318,0.408233,0.420054,-0.602407,0.773498,-0.101357,-1.199791,-0.343898,0.671925,-2.296328,-0.581241,2.536727,0.504751,-0.381581,0.111489,0.215381,0.015694,-0.193659,0.342308,-0.129716
3.458983,-1.054160,0.187235,1.121674,0.853076,-1.099993,1.114370,-0.333316,-0.321276,-0.382525,0.382031,0.410163,-0.601935,0.770343,-0.101155,-1.200164,-0.343794,0.672146,-2.296314,-0.581442,2.537074,0.504625,-0.376660,0.109160,0.216521,0.015453,-0.195469,0.342234,-0.127942
3.459978,-1.056422,0.192507,1.115939,0.850840,-1.099832,1.113610,-0.332504,-0.350429,-0.361110,0.354554,0.399498,-0.601492,0.767008,-0.100990,-1.200542,-0.343682,0.672363,-2.296298,-0.581642,2.537413,0.504496,-0.377963,0.109862,0.216491,0.015293,-0.196145,0.342062,-0.129042
3.461027,-1.060768,0.192419,1.115250,0.851821,-1.097938,1.111313,-0.332946,-0.382237,-0.335270,0.324916,0.387150,-0.601122,0.763345,-0.100889,-1.200922,-0.343579,0.672586,-2.296277,-0.581836,2.537758,0.504361,-0.376806,0.107533,0.219345,0.017756,-0.196469,0.342854,-0.130663
3.461983,-1.061435,0.191276,1.113487,0.853082,-1.097017,1.112476,-0.332830,-0.457584,-0.268686,0.254855,0.354564,-0.600679,0.754513,-0.100929,-1.201668,-0.343359,0.673026,-2.296249,-0.582239,2.538453,0.504099,-0.374528,0.108696,0.220577,0.016197,-0.199517,0.344011,-0.130017
3.463014,-1.057847,0.191275,1.112756,0.853521,-1.095011,1.107514,-0.332668,-0.457584,-0.268686,0.254855,0.354564,-0.600679,0.754513,-0.100929,-1.201668,-0.343359,0.673026,-2.296249,-0.582239,2.538453,0.504099,-0.374528,0.108696,0.220577,0.016197,-0.199517,0.344011,-0.130017
3.463960,-1.056648,0.188266,1.117199,0.855185,-1.091312,1.104972,-0.331969,-0.497042,-0.234881,0.217462,0.339393,-0.600463,0.750262,-0.101051,-1.202049,-0.343251,0.673251,-2.296233,-0.582446,2.538815,0.503970,-0.376494,0.109022,0.220970,0.016098,-0.201656,0.349033,-0.130372
3.465051,-1.058854,0.189969,1.123994,0.852154,-1.091229,1.104742,-0.332515,-0.530899,-0.206465,0.185156,0.328060,-0.600227,0.746938,-0.101203,-1.202422,-0.343137,0.673464,-2.296220,-0.582658,2.539169,0.503836,-0.376928,0.110664,0.218669,0.014782,-0.205265,0.351414,-0.131749
3.466046,-1.052600,0.188848,1.124247,0.853604,-1.087026,1.106039,-0.332277,-0.554468,-0.185062,0.163262,0.320038,-0.600071,0.744744,-0.101321,-1.202798,-0.343030,0.673674,-2.296196,-0.582866,2.539524,0.503705,-0.376291,0.110230,0.215622,0.018051,-0.205548,0.351786,-0.130693
3.466975,-1.053587,0.190740,1.123938,0.854601,-1.084657,1.105732,-0.332453,-0.565443,-0.169756,0.154858,0.313253,-0.600118,0.743573,-0.101352,-1.203183,-0.342918,0.673892,-2.296182,-0.583085,2.539865,0.503573,-0.379386,0.111029,0.215540,0.016901,-0.209707,0.350516,-0.131184
3.467974,-1.053324,0.189309,1.127626,0.854819,-1.080897,1.103473,-0.333777,-0.564447,-0.160078,0.159093,0.308238,-0.600309,0.743416,-0.101288,-1.203557,-0.342809,0.674103,-2.296167,-0.583298,2.540221,0.503445,-0.378624,0.110229,0.215623,0.016209,-0.211899,0.350657,-0.130804
3.469079,-1.059801,0.192312,1.126969,0.857380,-1.079405,1.103448,-0.332666,-0.554511,-0.155164,0.172372,0.305953,-0.600517,0.744140,-0.101133,-1.203936,-0.342697,0.674314,-2.296151,-0.583519,2.540580,0.503320,-0.378782,0.111191,0.213875,0.016311,-0.215583,0.352882,-0.128166
3.470036,-1.056593,0.197988,1.126231,0.858225,-1.078676,1.100944,-0.333703,-0.539648,-0.153253,0.190344,0.306240,-0.600652,0.745434,-0.100908,-1.204311,-0.342589,0.674529,-2.296141,-0.583737,2.540935,0.503186,-0.376066,0.110116,0.214575,0.014250,-0.217219,0.353075,-0.130492
3.471006,-1.058961,0.201517,1.127034,0.857997,-1.076173,1.099875,-0.334677,-0.524434,-0.151192,0.208250,0.308558,-0.600629,0.746946,-0.100654,-1.204688,-0.342484,0.674747,-2.296129,-0.583957,2.541296,0.503062,-0.377572,0.107515,0.214847,0.013797,-0.217773,0.355447,-0.128386
3.472084,-1.059002,0.202343,1.130590,0.857274,-1.074979,1.101044,-0.335102,-0.511578,-0.144945,0.223774,0.310729,-0.600505,0.748275,-0.100385,-1.205066,-0.342383,0.674962,-2.296111,-0.584184,2.541650,0.502938,-0.376267,0.106079,0.214434,0.014275,-0.220085,0.356421,-0.126459
3.473058,-1.057612,0.202848,1.131237,0.859995,-1.073808,1.101144,-0.333561,-0.500787,-0.133168,0.237701,0.310664,-0.600419,0.749227,-0.100119,-1.205447,-0.342279,0.675171,-2.296094,-0.584405,2.542005,0.502815,-0.376620,0.106132,0.212991,0.015358,-0.221348,0.355365,-0.125704
3.473992,-1.052617,0.198686,1.132872,0.858389,-1.071930,1.100744,-0.334190,-0.489635,-0.118629,0.252324,0.309306,-0.600402,0.750097,-0.099896,-1.205822,-0.342174,0.675382,-2.296084,-0.584631,2.542362,0.502681,-0.377267,0.106163,0.212724,0.013047,-0.222320,0.355176,-0.128807
3.475061,-1.052955,0.197267,1.136502,0.859853,-1.070097,1.098500,-0.334576,-0.474676,-0.106303,0.270533,0.309389,-0.600396,0.751429,-0.099737,-1.206206,-0.342060,0.675590,-2.296065,-0.584853,2.542716,0.502557,-0.379452,0.108370,0.211867,0.014876,-0.223967,0.355419,-0.127508
3.475992,-1.045845,0.194816,1.138157,0.859356,-1.069678,1.098074,-0.334447,-0.453079,-0.100249,0.294803,0.312259,-0.600369,0.753522,-0.099621,-1.206582,-0.341948,0.675797,-2.296053,-0.585085,2.543081,0.502434,-0.379647,0.109412,0.210400,0.013836,-0.225752,0.357740,-0.126818
3.476971,-1.042292,0.195826,1.140194,0.858628,-1.069283,1.097331,-0.335389,-0.423060,-0.102539,0.326837,0.318312,-0.600312,0.756495,-0.099534,-1.206970,-0.341835,0.676007,-2.296035,-0.585314,2.543444,0.502305,-0.382829,0.110749,0.209521,0.014574,-0.225847,0.357926,-0.127066
3.478107,-1.044089,0.192715,1.143740,0.859552,-1.069586,1.099759,-0.335172,-0.383846,-0.112828,0.367622,0.326735,-0.600249,0.760294,-0.099469,-1.207351,-0.341724,0.676212,-2.296017,-0.585537,2.543800,0.502187,-0.384504,0.110445,0.208625,0.015562,-0.226085,0.358595,-0.125209
3.479087,-1.040731,0.195609,1.142835,0.859759,-1.068947,1.101305,-0.336110,-0.336620,-0.129557,0.416150,0.336388,-0.600198,0.764690,-0.099412,-1.207735,-0.341610,0.676420,-2.296003,-0.585765,2.544151,0.502060,-0.384175,0.112439,0.207354,0.015075,-0.225910,0.356420,-0.125766
3.479968,-1.043010,0.198583,1.146678,0.859306,-1.067277,1.102208,-0.336355,-0.284365,-0.151199,0.469237,0.347347,-0.600110,0.769495,-0.099358,-1.208125,-0.341501,0.676631,-2.295987,-0.585993,2.544496,0.501938,-0.385669,0.111199,0.207887,0.015181,-0.226354,0.354871,-0.123898
3.481057,-1.041950,0.196682,1.145371,0.858597,-1.066208,1.101543,-0.337539,-0.230944,-0.173803,0.523256,0.358236,-0.599983,0.774361,-0.099303,-1.208504,-0.341393,0.676831,-2.295970,-0.586224,2.544844,0.501815,-0.383987,0.109810,0.205878,0.015848,-0.227597,0.353734,-0.123400
3.482021,-1.042429,0.195214,1.144783,0.859140,-1.069163,1.101599,-0.336707,-0.179874,-0.193629,0.575129,0.366896,-0.599856,0.778852,-0.099239,-1.208890,-0.341281,0.677040,-2.295949,-0.586458,2.545201,0.501698,-0.384885,0.111158,0.206926,0.016813,-0.228636,0.354562,-0.121126
3.482994,-1.040803,0.193101,1.146131,0.861873,-1.067820,1.103918,-0.337130,-0.133257,-0.211053,0.622490,0.373382,-0.599722,0.782800,-0.099180,-1.209278,-0.341167,0.677246,-2.295935,-0.586676,2.545555,0.501574,-0.384395,0.112035,0.207294,0.016602,-0.225503,0.354404,-0.122844
3.484011,-1.043129,0.196186,1.145727,0.860733,-1.069731,1.105634,-0.336926,-0.091169,-0.228860,0.664561,0.380269,-0.599498,0.786446,-0.099136,-1.209659,-0.341052,0.677451,-2.295927,-0.586907,2.545903,0.501453,-0.385090,0.113250,0.206729,0.014313,-0.226652,0.352018,-0.122007
3.484998,-1.045794,0.193288,1.140320,0.860747,-1.068455,1.106743,-0.336763,-0.053296,-0.247881,0.701393,0.389160,-0.599140,0.789996,-0.099099,-1.210046,-0.340942,0.677660,-2.295908,-0.587128,2.546248,0.501329,-0.383916,0.111973,0.207125,0.015749,-0.224656,0.350377,-0.122473
3.486041,-1.044672,0.191597,1.145831,0.861179,-1.070010,1.110845,-0.337665,-0.022560,-0.265394,0.730194,0.398384,-0.598663,0.793046,-0.099062,-1.210424,-0.340823,0.677872,-2.295891,-0.587352,2.546595,0.501205,-0.382563,0.113575,0.209917,0.015999,-0.225819,0.349265,-0.122829
3.487027,-1.044714,0.191378,1.147706,0.860445,-1.070702,1.112150,-0.337058,0.000039,-0.281119,0.749920,0.407320,-0.598050,0.795411,-0.099021,-1.210813,-0.340707,0.678076,-2.295875,-0.587578,2.546935,0.501086,-0.383244,0.114671,0.207418,0.015911,-0.224189,0.345285,-0.121085
3.488009,-1.042811,0.191860,1.147393,0.861430,-1.071616,1.112925,-0.337584,0.018901,-0.297200,0.765335,0.416444,-0.597333,0.797447,-0.098960,-1.211199,-0.340590,0.678280,-2.295857,-0.587798,2.547272,0.500962,-0.383097,0.114927,0.206659,0.016908,-0.223397,0.344057,-0.122358
3.488959,-1.043294,0.192106,1.149464,0.860709,-1.072807,1.110575,-0.336727,0.036925,-0.313581,0.779895,0.425096,-0.596570,0.799323,-0.098868,-1.211585,-0.340474,0.678488,-2.295843,-0.588021,2.547614,0.500847,-0.383926,0.114843,0.206932,0.016258,-0.222340,0.343300,-0.121345
3.490134,-1.048121,0.189442,1.158603,0.859624,-1.072375,1.112382,-0.337126,0.053999,-0.328971,0.793717,0.432460,-0.595782,0.800957,-0.098750,-1.211971,-0.340362,0.678694,-2.295825,-0.588241,2.547965,0.500720,-0.383381,0.114873,0.205919,0.017223,-0.220963,0.345570,-0.123084
3.491128,-1.047067,0.188372,1.158047,0.860616,-1.072271,1.113183,-0.337615,0.070864,-0.342855,0.807965,0.437386,-0.595045,0.802265,-0.098615,-1.212347,-0.340240,0.678889,-2.295802,-0.588462,2.548307,0.500603,-0.381823,0.116616,0.202092,0.018596,-0.221703,0.344145,-0.122419
3.492003,-1.042305,0.187769,1.155226,0.859561,-1.072954,1.114281,-0.338340,0.088993,-0.356457,0.824327,0.440053,-0.594401,0.803359,-0.098472,-1.212732,-0.340124,0.679094,-2.295786,-0.588686,2.548647,0.500485,-0.382294,0.117311,0.202585,0.017881,-0.221663,0.343399,-0.121497
3.493162,-1.043967,0.188513,1.151261,0.860789,-1.072852,1.116426,-0.338244,0.125114,-0.384556,0.857903,0.443278,-0.593241,0.805139,-0.098215,-1.213504,-0.339886,0.679511,-2.295751,-0.589124,2.549323,0.500247,-0.383889,0.117585,0.206377,0.018290,-0.221022,0.340366,-0.120380
3.494073,-1.044803,0.191212,1.152057,0.860095,-1.074388,1.120166,-0.337254,0.125114,-0.384556,0.857903,0.443278,-0.593241,0.805139,-0.098215,-1.213504,-0.339886,0.679511,-2.295751,-0.589124,2.549323,0.500247,-0.383889,0.117585,0.206377,0.018290,-0.221022,0.340366,-0.120380
3.495012,-1.041894,0.189384,1.152118,0.861491,-1.075312,1.120359,-0.336620,0.137368,-0.396001,0.868584,0.444464,-0.592663,0.805527,-0.098144,-1.213884,-0.339772,0.679718,-2.295730,-0.589342,2.549656,0.500120,-0.383063,0.116291,0.205874,0.019122,-0.219226,0.336522,-0.122356
3.495997,-1.041670,0.187989,1.150025,0.861969,-1.074530,1.119581,-0.336350,0.144753,-0.404160,0.874255,0.445412,-0.592117,0.805575,-0.098131,-1.214265,-0.339652,0.679921,-2.295714,-0.589558,2.549984,0.499990,-0.384263,0.117268,0.205886,0.017995,-0.218137,0.336366,-0.123595
3.496995,-1.042777,0.191617,1.152634,0.862011,-1.073070,1.118920,-0.336458,0.149333,-0.411120,0.876892,0.447465,-0.591619,0.805591,-0.098160,-1.214647,-0.339532,0.680131,-2.295695,-0.589781,2.550322,0.499865,-0.384290,0.118081,0.207039,0.017744,-0.218798,0.337198,-0.124152
3.498062,-1.043260,0.193199,1.154467,0.861694,-1.072701,1.119850,-0.335300,0.151114,-0.420421,0.874837,0.453418,-0.590725,0.805555,-0.098241,-1.215411,-0.339304,0.680540,-2.295658,-0.590226,2.550993,0.499605,-0.383773,0.115983,0.205356,0.018576,-0.220562,0.337228,-0.126330
3.499129,-1.045691,0.193971,1.156882,0.862090,-1.073096,1.122156,-0.335444,0.151114,-0.420421,0.874837,0.453418,-0.590725,0.805555,-0.098241,-1.215411,-0.339304,0.680540,-2.295658,-0.590226,2.550993,0.499605,-0.383773,0.115983,0.205356,0.018576,-0.220562,0.337228,-0.126330
3.500013,-1.044983,0.193663,1.157285,0.861741,-1.074203,1.122985,-0.333621,0.146372,-0.415511,0.869266,0.453630,-0.589993,0.805016,-0.098295,-1.216177,-0.339069,0.680943,-2.295620,-0.590664,2.551654,0.499343,-0.382640,0.116013,0.204273,0.018989,-0.218801,0.334224,-0.129693
3.500966,-1.044813,0.193552,1.156615,0.861382,-1.074273,1.125972,-0.334220,0.146372,-0.415511,0.869266,0.453630,-0.589993,0.805016,-0.098295,-1.216177,-0.339069,0.680943,-2.295620,-0.590664,2.551654,0.499343,-0.382640,0.116013,0.204273,0.018989,-0.218801,0.334224,-0.129693
3.502038,-1.043095,0.193301,1.160727,0.861263,-1.074563,1.127911,-0.332984,0.142915,-0.409475,0.866294,0.451958,-0.589606,0.804614,-0.098318,-1.216559,-0.338953,0.681149,-2.295599,-0.590877,2.551981,0.499215,-0.382500,0.116181,0.204663,0.019509,-0.218635,0.331257,-0.128441
3.503033,-1.050406,0.192719,1.158461,0.861074,-1.077283,1.127568,-0.332319,0.140082,-0.402810,0.864374,0.449687,-0.589189,0.804202,-0.098315,-1.216948,-0.338835,0.681352,-2.295579,-0.591093,2.552303,0.499075,-0.383617,0.116593,0.202983,0.019877,-0.218469,0.329654,-0.130962
3.503959,-1.048248,0.194603,1.157856,0.860848,-1.080756,1.128229,-0.331207,0.137869,-0.396282,0.863400,0.447048,-0.588717,0.803746,-0.098277,-1.217319,-0.338716,0.681557,-2.295556,-0.591301,2.552634,0.498943,-0.380008,0.117027,0.204318,0.020230,-0.215748,0.330120,-0.132281
3.505066,-1.051324,0.191781,1.155412,0.860821,-1.081719,1.128073,-0.331054,0.133032,-0.388559,0.859915,0.443382,-0.588168,0.802908,-0.098211,-1.217704,-0.338601,0.681763,-2.295533,-0.591507,2.552967,0.498803,-0.380750,0.116143,0.204590,0.020545,-0.212173,0.329395,-0.134450
3.506061,-1.051220,0.194287,1.158422,0.862161,-1.084998,1.127275,-0.328914,0.123805,-0.379174,0.851935,0.438466,-0.587569,0.801572,-0.098142,-1.218087,-0.338479,0.681970,-2.295514,-0.591718,2.553297,0.498666,-0.379661,0.117872,0.206267,0.020876,-0.211486,0.329915,-0.134778
3.506963,-1.051968,0.198165,1.159899,0.861337,-1.085314,1.126031,-0.328121,0.111043,-0.369501,0.840114,0.433235,-0.586974,0.799947,-0.098113,-1.218465,-0.338364,0.682174,-2.295493,-0.591919,2.553629,0.498520,-0.379737,0.116771,0.204926,0.019709,-0.208279,0.330812,-0.139041
3.507996,-1.054175,0.198253,1.153583,0.861411,-1.085693,1.126791,-0.328376,0.096267,-0.358835,0.826401,0.427376,-0.586485,0.798140,-0.098146,-1.218844,-0.338252,0.682375,-2.295470,-0.592130,2.553963,0.498377,-0.378933,0.114910,0.204159,0.020641,-0.207794,0.331955,-0.140507
3.509024,-1.050957,0.199461,1.151230,0.861526,-1.085132,1.128506,-0.327862,0.078547,-0.344760,0.810261,0.419418,-0.586172,0.795919,-0.098228,-1.219223,-0.338136,0.682589,-2.295450,-0.592335,2.554290,0.498240,-0.378014,0.115123,0.207531,0.020791,-0.207566,0.331384,-0.139981
3.510039,-1.051422,0.194137,1.147414,0.861245,-1.087957,1.127913,-0.327757,0.055862,-0.327331,0.789183,0.409772,-0.585964,0.793171,-0.098347,-1.219600,-0.338021,0.682800,-2.295429,-0.592543,2.554617,0.498094,-0.379822,0.114758,0.208879,0.020903,-0.208237,0.329860,-0.140989
3.511139,-1.054045,0.196904,1.146340,0.861593,-1.090431,1.125902,-0.326618,0.029385,-0.309859,0.763678,0.400429,-0.585769,0.790199,-0.098496,-1.219979,-0.337897,0.683013,-2.295408,-0.592742,2.554945,0.497952,-0.379669,0.117561,0.210914,0.021378,-0.205542,0.330641,-0.141161
3.511999,-1.051904,0.196729,1.146785,0.861597,-1.091760,1.126524,-0.326338,0.000206,-0.294874,0.734530,0.392436,-0.585514,0.787164,-0.098673,-1.220351,-0.337781,0.683227,-2.295388,-0.592941,2.555280,0.497807,-0.378916,0.116485,0.211785,0.021310,-0.203423,0.332963,-0.143462
3.512995,-1.044855,0.195816,1.144422,0.861558,-1.094620,1.125898,-0.324955,-0.031157,-0.281835,0.702625,0.385286,-0.585146,0.784024,-0.098865,-1.220731,-0.337666,0.683439,-2.295366,-0.593139,2.555615,0.497663,-0.379378,0.116557,0.211273,0.021392,-0.201939,0.332110,-0.143887
3.514117,-1.047346,0.195967,1.146386,0.861249,-1.095260,1.126312,-0.325982,-0.061411,-0.271148,0.671789,0.378894,-0.584652,0.781011,-0.099037,-1.221122,-0.337547,0.683654,-2.295344,-0.593332,2.555948,0.497511,-0.382799,0.117164,0.212535,0.021600,-0.199252,0.332848,-0.146601
3.515037,-1.050665,0.199090,1.144240,0.861636,-1.096382,1.124866,-0.324957,-0.110454,-0.259721,0.622143,0.368583,-0.583424,0.775948,-0.099217,-1.221875,-0.337317,0.684080,-2.295301,-0.593726,2.556616,0.497217,-0.380151,0.115962,0.212909,0.021900,-0.197910,0.334167,-0.146502
3.515978,-1.053542,0.199691,1.143680,0.861442,-1.099684,1.125552,-0.323636,-0.110454,-0.259721,0.622143,0.368583,-0.583424,0.775948,-0.099217,-1.221875,-0.337317,0.684080,-2.295301,-0.593726,2.556616,0.497217,-0.380151,0.115962,0.212909,0.021900,-0.197910,0.334167,-0.146502
3.517038,-1.053736,0.199065,1.134865,0.862521,-1.100816,1.124676,-0.323384,-0.135158,-0.253815,0.597644,0.362400,-0.582770,0.773204,-0.099251,-1.222249,-0.337202,0.684292,-2.295277,-0.593917,2.556950,0.497065,-0.378528,0.115784,0.213134,0.022186,-0.194669,0.333435,-0.149043
3.518041,-1.051057,0.198568,1.136697,0.861260,-1.101902,1.124096,-0.323987,-0.164712,-0.245702,0.568297,0.355329,-0.582113,0.769954,-0.099296,-1.222629,-0.337087,0.684518,-2.295258,-0.594107,2.557286,0.496913,-0.378736,0.116393,0.217668,0.021381,-0.193914,0.334545,-0.149478
3.518969,-1.056147,0.198234,1.132041,0.863077,-1.104732,1.122348,-0.323166,-0.199046,-0.237025,0.533737,0.348454,-0.581468,0.766345,-0.099355,-1.223017,-0.336969,0.684732,-2.295236,-0.594294,2.557619,0.496765,-0.380019,0.116813,0.216784,0.022833,-0.193088,0.335225,-0.148199
3.520007,-1.053289,0.202728,1.132394,0.862990,-1.106955,1.120586,-0.321505,-0.236237,-0.229086,0.495956,0.342165,-0.580882,0.762616,-0.099419,-1.223386,-0.336853,0.684957,-2.295219,-0.594479,2.557963,0.496610,-0.377252,0.117049,0.218905,0.021221,-0.190358,0.336875,-0.149744
3.520996,-1.051413,0.198285,1.131273,0.864135,-1.108792,1.119250,-0.322837,-0.275783,-0.221173,0.455698,0.336416,-0.580345,0.758855,-0.099502,-1.223771,-0.336743,0.685178,-2.295195,-0.594662,2.558307,0.496452,-0.378855,0.115094,0.218797,0.021474,-0.188514,0.338756,-0.153004
3.522098,-1.048293,0.201366,1.130326,0.863047,-1.109291,1.117749,-0.322841,-0.315111,-0.213705,0.415762,0.331546,-0.579857,0.755302,-0.099589,-1.224147,-0.336620,0.685400,-2.295176,-0.594846,2.558653,0.496309,-0.379794,0.117444,0.219315,0.020548,-0.186944,0.340087,-0.150232
3.523047,-1.048981,0.196838,1.126958,0.862716,-1.109557,1.119161,-0.323316,-0.350145,-0.208905,0.380277,0.328125,-0.579465,0.752268,-0.099645,-1.224534,-0.336506,0.685622,-2.295150,-0.595031,2.559002,0.496158,-0.381764,0.116246,0.220036,0.021808,-0.186949,0.341811,-0.150237
3.524000,-1.043216,0.199041,1.122876,0.862675,-1.109530,1.116824,-0.321984,-0.405538,-0.208657,0.323872,0.323896,-0.579056,0.747556,-0.099654,-1.225300,-0.336268,0.686074,-2.295105,-0.595400,2.559689,0.495854,-0.383816,0.117548,0.223390,0.022407,-0.187059,0.342619,-0.151775
3.525014,-1.044236,0.201824,1.123365,0.864798,-1.111004,1.114372,-0.323796,-0.427369,-0.211913,0.301137,0.322866,-0.578970,0.745727,-0.099644,-1.225682,-0.336153,0.686299,-2.295086,-0.595585,2.560041,0.495713,-0.383341,0.116379,0.223105,0.020534,-0.185874,0.345091,-0.148063
3.526099,-1.044127,0.201598,1.123720,0.864409,-1.112451,1.113881,-0.324792,-0.427369,-0.211913,0.301137,0.322866,-0.578970,0.745727,-0.099644,-1.225682,-0.336153,0.686299,-2.295086,-0.595585,2.560041,0.495713,-0.383341,0.116379,0.223105,0.020534,-0.185874,0.345091,-0.148063
3.527092,-1.048519,0.203240,1.122185,0.864772,-1.110174,1.110477,-0.326065,-0.445502,-0.215607,0.282000,0.322524,-0.578956,0.744232,-0.099632,-1.226062,-0.336035,0.686520,-2.295062,-0.595768,2.560389,0.495569,-0.383801,0.116801,0.223144,0.021115,-0.184903,0.345756,-0.146087
3.528012,-1.048533,0.205085,1.117285,0.863806,-1.108663,1.109745,-0.326824,-0.477735,-0.218765,0.247984,0.320375,-0.579140,0.741420,-0.099606,-1.226822,-0.335806,0.686980,-2.295019,-0.596153,2.561098,0.495288,-0.381218,0.115309,0.225927,0.022029,-0.188931,0.349657,-0.141923
3.529085,-1.055847,0.209211,1.118769,0.865332,-1.111562,1.107260,-0.327080,-0.477735,-0.218765,0.247984,0.320375,-0.579140,0.741420,-0.099606,-1.226822,-0.335806,0.686980,-2.295019,-0.596153,2.561098,0.495288,-0.381218,0.115309,0.225927,0.022029,-0.188931,0.349657,-0.141923
3.530065,-1.054251,0.208640,1.116731,0.866056,-1.109505,1.108077,-0.327276,-0.498646,-0.213174,0.226555,0.315829,-0.579288,0.739343,-0.099602,-1.227194,-0.335696,0.687202,-2.295001,-0.596333,2.561456,0.495147,-0.377989,0.113619,0.225336,0.020799,-0.186468,0.352273,-0.141428
3.530968,-1.055978,0.208175,1.110970,0.867162,-1.108989,1.107594,-0.327049,-0.523769,-0.202103,0.201161,0.309348,-0.579484,0.736778,-0.099641,-1.227573,-0.335582,0.687428,-2.294982,-0.596528,2.561809,0.495006,-0.378755,0.114099,0.226243,0.020297,-0.188704,0.351358,-0.140997
3.531994,-1.059506,0.210056,1.107682,0.866433,-1.108381,1.106854,-0.328080,-0.551361,-0.188680,0.172975,0.303423,-0.579712,0.734102,-0.099757,-1.227954,-0.335469,0.687659,-2.294964,-0.596718,2.562155,0.494864,-0.377433,0.114403,0.228756,0.019398,-0.189216,0.351675,-0.141373
3.533003,-1.058312,0.207703,1.110969,0.865468,-1.106842,1.107090,-0.327520,-0.581958,-0.174288,0.140938,0.298962,-0.579945,0.731345,-0.099964,-1.228326,-0.335355,0.687893,-2.294941,-0.596909,2.562512,0.494727,-0.375896,0.113699,0.230297,0.020305,-0.190097,0.352439,-0.139283
3.533975,-1.050199,0.209280,1.115033,0.867264,-1.105683,1.107396,-0.329104,-0.614412,-0.159120,0.106474,0.294762,-0.580240,0.728445,-0.100248,-1.228705,-0.335238,0.688119,-2.294917,-0.597104,2.562862,0.494584,-0.376581,0.115087,0.228583,0.021403,-0.191838,0.352211,-0.140398
3.535087,-1.047524,0.210790,1.119886,0.867926,-1.106298,1.109366,-0.329496,-0.640932,-0.146602,0.078042,0.291164,-0.580669,0.726016,-0.100574,-1.229087,-0.335123,0.688339,-2.294900,-0.597301,2.563211,0.494453,-0.380532,0.114433,0.226479,0.019836,-0.193082,0.351851,-0.137181
3.535989,-1.044353,0.212536,1.123359,0.867845,-1.104789,1.109102,-0.330150,-0.652912,-0.140477,0.064785,0.290016,-0.581226,0.724909,-0.100903,-1.229470,-0.335010,0.688560,-2.294880,-0.597494,2.563562,0.494317,-0.382344,0.114080,0.224343,0.019501,-0.192885,0.350099,-0.136469
3.536971,-1.043653,0.210428,1.122356,0.867423,-1.105243,1.110448,-0.330268,-0.627447,-0.146475,0.090897,0.294069,-0.582564,0.727055,-0.101480,-1.230237,-0.334781,0.688998,-2.294838,-0.597885,2.564256,0.494049,-0.383680,0.114498,0.222856,0.020320,-0.194033,0.348815,-0.134862
3.538098,-1.046386,0.214748,1.122619,0.869033,-1.107316,1.110610,-0.329548,-0.598496,-0.155042,0.121264,0.297346,-0.583193,0.729450,-0.101724,-1.230619,-0.334671,0.689222,-2.294822,-0.598073,2.564609,0.493910,-0.382874,0.112773,0.223017,0.019079,-0.192454,0.348920,-0.136366
3.539084,-1.045856,0.213795,1.121875,0.869042,-1.106125,1.113678,-0.330869,-0.598496,-0.155042,0.121264,0.297346,-0.583193,0.729450,-0.101724,-1.230619,-0.334671,0.689222,-2.294822,-0.598073,2.564609,0.493910,-0.382874,0.112773,0.223017,0.019079,-0.192454,0.348920,-0.136366
3.540000,-1.046291,0.213498,1.121557,0.867731,-1.105177,1.114421,-0.330769,-0.533807,-0.173643,0.188660,0.304851,-0.584161,0.734727,-0.102092,-1.231380,-0.334441,0.689668,-2.294778,-0.598460,2.565292,0.493652,-0.382489,0.113655,0.223224,0.020686,-0.194789,0.345000,-0.133891
3.541074,-1.045205,0.214680,1.127368,0.869400,-1.102556,1.115389,-0.331297,-0.533807,-0.173643,0.188660,0.304851,-0.584161,0.734727,-0.102092,-1.231380,-0.334441,0.689668,-2.294778,-0.598460,2.565292,0.493652,-0.382489,0.113655,0.223224,0.020686,-0.194789,0.345000,-0.133891
3.542023,-1.047868,0.217088,1.127019,0.870127,-1.101605,1.115375,-0.330489,-0.500994,-0.182881,0.222647,0.308172,-0.584676,0.737364,-0.102241,-1.231766,-0.334328,0.689882,-2.294762,-0.598661,2.565632,0.493521,-0.383329,0.113401,0.220569,0.019346,-0.197699,0.344248,-0.132869
3.543116,-1.047510,0.219371,1.137394,0.869973,-1.100480,1.116862,-0.332047,-0.467198,-0.192129,0.257691,0.311529,-0.585312,0.740167,-0.102429,-1.232143,-0.334216,0.690102,-2.294745,-0.598862,2.565977,0.493384,-0.381800,0.112340,0.220641,0.018874,-0.198636,0.344193,-0.134470
3.543985,-1.043193,0.217618,1.137050,0.870273,-1.100054,1.120033,-0.332229,-0.432153,-0.200414,0.294396,0.314604,-0.586119,0.743146,-0.102667,-1.232527,-0.334107,0.690311,-2.294725,-0.599062,2.566315,0.493256,-0.382390,0.111613,0.215789,0.019329,-0.200084,0.342961,-0.131378
3.545053,-1.047326,0.217749,1.142574,0.870814,-1.100103,1.119727,-0.333292,-0.393421,-0.208446,0.335592,0.317090,-0.587153,0.746458,-0.102928,-1.232919,-0.333993,0.690522,-2.294707,-0.599262,2.566648,0.493129,-0.383829,0.112507,0.215772,0.019199,-0.200350,0.339597,-0.130992
3.546055,-1.043421,0.216233,1.141644,0.871856,-1.100139,1.119923,-0.333744,-0.350062,-0.218288,0.381958,0.319981,-0.588342,0.750260,-0.103177,-1.233296,-0.333882,0.690731,-2.294687,-0.599461,2.566989,0.493005,-0.382091,0.112789,0.213308,0.018929,-0.200575,0.340143,-0.128925
3.547115,-1.043652,0.217389,1.143046,0.870674,-1.103742,1.118101,-0.334317,-0.303936,-0.231028,0.431074,0.324324,-0.589501,0.754450,-0.103380,-1.233686,-0.333767,0.690948,-2.294671,-0.599661,2.567324,0.492878,-0.383980,0.113758,0.213842,0.018194,-0.200666,0.340034,-0.128055
3.548122,-1.043981,0.215568,1.143981,0.872146,-1.104134,1.121556,-0.333751,-0.256782,-0.246526,0.480918,0.329941,-0.590494,0.758787,-0.103511,-1.234068,-0.333656,0.691163,-2.294648,-0.599850,2.567669,0.492754,-0.384113,0.113508,0.213361,0.019585,-0.197386,0.342037,-0.126979
3.548984,-1.046399,0.218967,1.146515,0.873256,-1.105356,1.120448,-0.333874,-0.210309,-0.263908,0.529646,0.336057,-0.591277,0.763027,-0.103570,-1.234455,-0.333540,0.691376,-2.294631,-0.600051,2.568001,0.492621,-0.383912,0.114631,0.212998,0.018377,-0.197152,0.338648,-0.128134
3.550106,-1.046872,0.219906,1.145469,0.873723,-1.106271,1.121668,-0.334028,-0.166311,-0.282261,0.575310,0.342959,-0.591831,0.767109,-0.103573,-1.234835,-0.333431,0.691581,-2.294616,-0.600245,2.568338,0.492491,-0.382066,0.112954,0.211546,0.017501,-0.195816,0.339595,-0.127816
3.551092,-1.046033,0.225887,1.151624,0.874608,-1.106235,1.122880,-0.333118,-0.126999,-0.299605,0.615784,0.350435,-0.592210,0.770902,-0.103527,-1.235215,-0.333317,0.691797,-2.294597,-0.600442,2.568675,0.492365,-0.382424,0.112900,0.212465,0.017377,-0.195320,0.338691,-0.127600
3.551984,-1.043321,0.225894,1.148961,0.875110,-1.104020,1.124632,-0.333522,-0.092688,-0.313936,0.651216,0.357338,-0.592588,0.774306,-0.103442,-1.235599,-0.333212,0.692003,-2.294582,-0.600644,2.569007,0.492231,-0.382751,0.110178,0.209481,0.016814,-0.195435,0.337553,-0.129429
3.553091,-1.042247,0.227892,1.150141,0.874679,-1.099618,1.124762,-0.332740,-0.061722,-0.324659,0.683671,0.363160,-0.593128,0.777429,-0.103338,-1.235979,-0.333101,0.692211,-2.294567,-0.600844,2.569338,0.492105,-0.383635,0.110281,0.210725,0.016587,-0.197566,0.335687,-0.128565
3.554082,-1.040695,0.229942,1.149098,0.874311,-1.097967,1.124878,-0.333623,-0.033588,-0.332511,0.713535,0.368062,-0.593867,0.780340,-0.103243,-1.236366,-0.332993,0.692422,-2.294547,-0.601057,2.569673,0.491970,-0.384591,0.109723,0.210511,0.017319,-0.202212,0.335891,-0.130204
3.554981,-1.038371,0.226369,1.154693,0.874933,-1.096430,1.124696,-0.332902,-0.008670,-0.337914,0.740267,0.371614,-0.594801,0.782978,-0.103179,-1.236752,-0.332885,0.692633,-2.294529,-0.601262,2.570005,0.491845,-0.385268,0.108969,0.211133,0.017934,-0.203881,0.335866,-0.128435
3.556007,-1.030822,0.226786,1.156363,0.874539,-1.094214,1.122762,-0.332399,0.014541,-0.342350,0.765377,0.373968,-0.595913,0.785494,-0.103149,-1.237136,-0.332770,0.692837,-2.294513,-0.601473,2.570345,0.491714,-0.385936,0.110822,0.208240,0.017540,-0.205223,0.335896,-0.129861
3.557006,-1.034575,0.228856,1.157338,0.874983,-1.093931,1.122602,-0.332123,0.040553,-0.349649,0.793370,0.376582,-0.597175,0.788364,-0.103130,-1.237532,-0.332661,0.693045,-2.294495,-0.601687,2.570688,0.491582,-0.389687,0.110897,0.207641,0.018229,-0.207478,0.337951,-0.130881
3.557977,-1.031115,0.227583,1.162567,0.875709,-1.090904,1.121900,-0.332377,0.070841,-0.360505,0.825796,0.379515,-0.598547,0.791656,-0.103093,-1.237911,-0.332553,0.693254,-2.294479,-0.601894,2.571024,0.491450,-0.387774,0.110137,0.207295,0.018090,-0.207791,0.338174,-0.131432
3.559102,-1.032392,0.225517,1.163675,0.878285,-1.086769,1.123913,-0.332293,0.103334,-0.373252,0.860529,0.382360,-0.599956,0.795108,-0.103023,-1.238301,-0.332440,0.693454,-2.294463,-0.602110,2.571369,0.491319,-0.389290,0.110963,0.204824,0.017651,-0.210752,0.338853,-0.130904
3.559999,-1.037278,0.224379,1.161843,0.877660,-1.083262,1.123833,-0.330753,0.138058,-0.389448,0.897133,0.387204,-0.601303,0.798873,-0.102941,-1.238694,-0.332324,0.693658,-2.294450,-0.602335,2.571698,0.491187,-0.389075,0.112394,0.204818,0.015552,-0.215042,0.337206,-0.131152
3.560996,-1.036389,0.225960,1.165468,0.876594,-1.081553,1.123021,-0.331751,0.172612,-0.410094,0.932426,0.395941,-0.602458,0.802911,-0.102895,-1.239070,-0.332209,0.693862,-2.294433,-0.602556,2.572033,0.491046,-0.386191,0.112988,0.205666,0.016405,-0.218228,0.337176,-0.134177
3.562092,-1.035689,0.225480,1.159682,0.877444,-1.079865,1.123868,-0.331895,0.202422,-0.431882,0.961889,0.406353,-0.603418,0.806626,-0.102914,-1.239462,-0.332097,0.694063,-2.294413,-0.602783,2.572374,0.490917,-0.386528,0.112417,0.204059,0.017695,-0.219769,0.338049,-0.132142
3.563072,-1.039511,0.228843,1.165185,0.878514,-1.076720,1.124002,-0.331810,0.225983,-0.451821,0.984544,0.415759,-0.604275,0.809653,-0.102988,-1.239855,-0.331982,0.694275,-2.294397,-0.603007,2.572707,0.490784,-0.387182,0.113008,0.207362,0.017212,-0.221548,0.337493,-0.131924
3.563984,-1.040629,0.226994,1.169633,0.878475,-1.072287,1.124692,-0.331294,0.242860,-0.468831,0.999966,0.424070,-0.605051,0.812019,-0.103130,-1.240237,-0.331874,0.694475,-2.294383,-0.603237,2.573043,0.490650,-0.385144,0.111557,0.204743,0.016483,-0.224485,0.337405,-0.132084
3.564973,-1.042987,0.226827,1.170921,0.877323,-1.069359,1.124668,-0.330750,0.254492,-0.482491,1.009853,0.431470,-0.605789,0.813913,-0.103365,-1.240621,-0.331759,0.694674,-2.294367,-0.603477,2.573378,0.490514,-0.384155,0.112569,0.202539,0.016788,-0.228455,0.336616,-0.133066
3.566029,-1.037518,0.223986,1.166612,0.878174,-1.067182,1.126609,-0.330670,0.263318,-0.493247,1.017108,0.437406,-0.606586,0.815474,-0.103690,-1.241001,-0.331645,0.694874,-2.294346,-0.603714,2.573716,0.490381,-0.382940,0.112833,0.202132,0.018141,-0.231107,0.336698,-0.134149
3.567079,-1.039661,0.224228,1.176812,0.879646,-1.066399,1.128006,-0.330196,0.270177,-0.502542,1.022430,0.442153,-0.607459,0.816786,-0.104081,-1.241395,-0.331529,0.695084,-2.294328,-0.603954,2.574053,0.490245,-0.385825,0.114549,0.204597,0.017577,-0.233120,0.334935,-0.134320
3.568141,-1.039419,0.224123,1.178943,0.881545,-1.065200,1.125650,-0.331140,0.277656,-0.513250,1.028024,0.447756,-0.608354,0.818259,-0.104505,-1.241780,-0.331414,0.695274,-2.294316,-0.604188,2.574381,0.490107,-0.384890,0.114684,0.199923,0.016529,-0.233778,0.333783,-0.135281
3.569020,-1.032535,0.222541,1.174138,0.879128,-1.062561,1.125397,-0.330134,0.289226,-0.527156,1.037451,0.455804,-0.609227,0.820300,-0.104927,-1.242163,-0.331296,0.695471,-2.294304,-0.604422,2.574723,0.489977,-0.385297,0.114999,0.199343,0.015085,-0.234899,0.336356,-0.133411
3.569968,-1.034491,0.223654,1.168764,0.880780,-1.061938,1.124122,-0.330795,0.304687,-0.543398,1.050658,0.465515,-0.610039,0.822765,-0.105308,-1.242555,-0.331180,0.695677,-2.294283,-0.604663,2.575064,0.489834,-0.388069,0.115790,0.201626,0.017643,-0.236999,0.336389,-0.135357
3.571087,-1.034964,0.227480,1.175497,0.880929,-1.061516,1.123012,-0.329836,0.319647,-0.559450,1.063008,0.475002,-0.610722,0.825105,-0.105614,-1.242937,-0.331064,0.695885,-2.294267,-0.604903,2.575405,0.489707,-0.386814,0.115327,0.204324,0.016245,-0.237216,0.337622,-0.134000
3.572097,-1.037580,0.228010,1.170971,0.881339,-1.060591,1.122643,-0.330137,0.330252,-0.572245,1.070656,0.482997,-0.611218,0.826888,-0.105843,-1.243322,-0.330954,0.696085,-2.294249,-0.605143,2.575748,0.489564,-0.387089,0.113844,0.201470,0.016448,-0.237616,0.339028,-0.135975
3.572965,-1.031050,0.230479,1.172409,0.881644,-1.061110,1.124768,-0.328845,0.335615,-0.581307,1.070682,0.491487,-0.611791,0.828211,-0.106154,-1.244095,-0.330728,0.696493,-2.294215,-0.605615,2.576418,0.489290,-0.388383,0.112603,0.203098,0.016239,-0.237273,0.337159,-0.137865
3.574079,-1.034460,0.229433,1.170712,0.880101,-1.057914,1.123523,-0.329743,0.331796,-0.578038,1.064869,0.491814,-0.612018,0.827939,-0.106250,-1.244481,-0.330614,0.696701,-2.294195,-0.605859,2.576764,0.489159,-0.387102,0.113530,0.204421,0.018083,-0.240440,0.338708,-0.136098
3.575067,-1.035919,0.227994,1.172078,0.881752,-1.058097,1.123212,-0.328397,0.331796,-0.578038,1.064869,0.491814,-0.612018,0.827939,-0.106250,-1.244481,-0.330614,0.696701,-2.294195,-0.605859,2.576764,0.489159,-0.387102,0.113530,0.204421,0.018083,-0.240440,0.338708,-0.136098
3.576096,-1.040954,0.227775,1.167940,0.880015,-1.056365,1.119744,-0.329286,0.311154,-0.562023,1.041085,0.486378,-0.612597,0.825956,-0.106343,-1.245242,-0.330384,0.697114,-2.294158,-0.606343,2.577452,0.488883,-0.383947,0.114779,0.206197,0.018689,-0.241413,0.342618,-0.136978
3.577036,-1.031259,0.223062,1.164271,0.879824,-1.057372,1.117023,-0.329065,0.311154,-0.562023,1.041085,0.486378,-0.612597,0.825956,-0.106343,-1.245242,-0.330384,0.697114,-2.294158,-0.606343,2.577452,0.488883,-0.383947,0.114779,0.206197,0.018689,-0.241413,0.342618,-0.136978
3.577994,-1.029133,0.219189,1.158302,0.882921,-1.060848,1.112759,-0.329691,0.269483,-0.543020,0.995035,0.477325,-0.613122,0.822401,-0.106444,-1.246029,-0.330141,0.697545,-2.294130,-0.606809,2.578160,0.488610,-0.389127,0.119163,0.210878,0.016402,-0.236248,0.349353,-0.136094
3.579085,-1.032539,0.219274,1.163777,0.883496,-1.062045,1.109273,-0.330204,0.269483,-0.543020,0.995035,0.477325,-0.613122,0.822401,-0.106444,-1.246029,-0.330141,0.697545,-2.294130,-0.606809,2.578160,0.488610,-0.389127,0.119163,0.210878,0.016402,-0.236248,0.349353,-0.136094
3.580135,-1.037400,0.222435,1.159708,0.882306,-1.059790,1.111226,-0.329870,0.246718,-0.540662,0.968320,0.477319,-0.613161,0.821000,-0.106513,-1.246414,-0.330024,0.697750,-2.294114,-0.607042,2.578518,0.488473,-0.387772,0.119427,0.208507,0.016212,-0.235059,0.352974,-0.135103
3.581022,-1.035031,0.222381,1.155429,0.882125,-1.060895,1.109934,-0.330251,0.222242,-0.540559,0.939177,0.479526,-0.613029,0.819631,-0.106589,-1.246801,-0.329907,0.697963,-2.294093,-0.607281,2.578866,0.488340,-0.385498,0.118083,0.210814,0.017655,-0.237194,0.351088,-0.135816
3.582052,-1.034269,0.225081,1.153195,0.883585,-1.063740,1.107144,-0.330434,0.192708,-0.537195,0.905029,0.480394,-0.612767,0.817671,-0.106678,-1.247186,-0.329787,0.698182,-2.294074,-0.607512,2.579221,0.488208,-0.386140,0.118083,0.212667,0.017985,-0.235621,0.352143,-0.134981
3.583132,-1.033621,0.227373,1.155030,0.883696,-1.063971,1.105774,-0.330766,0.157292,-0.528750,0.865267,0.479051,-0.612363,0.814959,-0.106794,-1.247580,-0.329672,0.698401,-2.294060,-0.607743,2.579577,0.488075,-0.386507,0.116967,0.213877,0.016909,-0.232643,0.354975,-0.134635
3.584111,-1.038055,0.227017,1.148346,0.883256,-1.064690,1.104720,-0.330271,0.118557,-0.515738,0.822732,0.475988,-0.611846,0.811726,-0.106925,-1.247967,-0.329560,0.698610,-2.294042,-0.607971,2.579940,0.487942,-0.387138,0.116187,0.213284,0.017131,-0.232446,0.356423,-0.134016
3.585000,-1.033998,0.225008,1.142388,0.884588,-1.064247,1.102002,-0.330863,0.077233,-0.498243,0.778310,0.471061,-0.611248,0.808047,-0.107058,-1.248357,-0.329445,0.698835,-2.294022,-0.608202,2.580302,0.487805,-0.384678,0.116536,0.216559,0.017776,-0.231493,0.357358,-0.134993
3.586024,-1.038041,0.226749,1.140957,0.883821,-1.063675,1.099122,-0.329956,0.031419,-0.477260,0.729525,0.465032,-0.610530,0.803925,-0.107191,-1.248744,-0.329326,0.699056,-2.294007,-0.608432,2.580664,0.487672,-0.386172,0.117515,0.219230,0.016684,-0.231527,0.359791,-0.133727
3.587023,-1.040976,0.225602,1.137512,0.885194,-1.063945,1.100626,-0.330521,-0.073798,-0.429869,0.617466,0.452944,-0.608882,0.794827,-0.107437,-1.249505,-0.329093,0.699508,-2.293972,-0.608902,2.581401,0.487398,-0.382781,0.117618,0.221582,0.016639,-0.231421,0.360953,-0.134394
3.588037,-1.036243,0.227136,1.133564,0.884023,-1.065481,1.098965,-0.329904,-0.073798,-0.429869,0.617466,0.452944,-0.608882,0.794827,-0.107437,-1.249505,-0.329093,0.699508,-2.293972,-0.608902,2.581401,0.487398,-0.382781,0.117618,0.221582,0.016639,-0.231421,0.360953,-0.134394
3.589031,-1.033069,0.226556,1.131565,0.883840,-1.064142,1.096074,-0.330064,-0.131205,-0.404421,0.556471,0.447036,-0.608137,0.790048,-0.107537,-1.249890,-0.328978,0.699736,-2.293951,-0.609127,2.581762,0.487261,-0.385198,0.117057,0.223511,0.018050,-0.229782,0.362615,-0.135644
3.590033,-1.032097,0.224681,1.130378,0.883979,-1.062073,1.096345,-0.329182,-0.187735,-0.379157,0.496713,0.440828,-0.607595,0.785327,-0.107613,-1.250280,-0.328861,0.699963,-2.293931,-0.609362,2.582134,0.487125,-0.386645,0.117523,0.224396,0.018421,-0.230905,0.365370,-0.135294
3.591106,-1.033777,0.225696,1.127984,0.885303,-1.062295,1.097823,-0.329836,-0.239799,-0.355825,0.442007,0.434392,-0.607277,0.780842,-0.107671,-1.250670,-0.328740,0.700190,-2.293912,-0.609598,2.582498,0.486985,-0.387033,0.118598,0.224916,0.018537,-0.232746,0.364995,-0.137050
3.592070,-1.030106,0.226227,1.120874,0.883011,-1.062531,1.098724,-0.329789,-0.286242,-0.336086,0.393219,0.429178,-0.607037,0.776774,-0.107709,-1.251053,-0.328622,0.700417,-2.293898,-0.609830,2.582859,0.486855,-0.386498,0.118354,0.226238,0.017604,-0.232469,0.363593,-0.135763
3.593027,-1.030825,0.228921,1.115995,0.884468,-1.065081,1.096652,-0.328904,-0.328695,-0.318996,0.348536,0.425108,-0.606745,0.772997,-0.107712,-1.251445,-0.328506,0.700652,-2.293872,-0.610063,2.583223,0.486720,-0.388058,0.118209,0.229541,0.019984,-0.231943,0.362535,-0.135844
3.594037,-1.027251,0.227710,1.120076,0.884388,-1.065837,1.097801,-0.329026,-0.369969,-0.301814,0.305202,0.420489,-0.606348,0.769153,-0.107667,-1.251825,-0.328389,0.700885,-2.293855,-0.610286,2.583588,0.486580,-0.387490,0.116964,0.231711,0.018750,-0.229171,0.364461,-0.137582
3.595166,-1.035933,0.226958,1.119206,0.884469,-1.065816,1.100010,-0.329077,-0.409428,-0.284072,0.264042,0.415104,-0.605840,0.765291,-0.107584,-1.252217,-0.328270,0.701111,-2.293836,-0.610513,2.583948,0.486445,-0.389213,0.117757,0.229584,0.019094,-0.228311,0.363242,-0.137316
3.596073,-1.031896,0.229533,1.113424,0.884364,-1.063404,1.098093,-0.329220,-0.444227,-0.267659,0.228147,0.409859,-0.605250,0.761730,-0.107464,-1.252601,-0.328152,0.701346,-2.293817,-0.610744,2.584303,0.486307,-0.385377,0.118494,0.230218,0.019340,-0.228427,0.361270,-0.137264
3.597062,-1.035506,0.221838,1.114610,0.882401,-1.064089,1.099738,-0.329090,-0.475978,-0.252136,0.195930,0.404621,-0.604573,0.758323,-0.107313,-1.252987,-0.328035,0.701582,-2.293796,-0.610978,2.584670,0.486170,-0.386971,0.117214,0.232691,0.019564,-0.230447,0.362925,-0.136911
3.598057,-1.038622,0.223069,1.114231,0.882394,-1.067118,1.101026,-0.329354,-0.506383,-0.237199,0.165564,0.398915,-0.603848,0.754854,-0.107136,-1.253371,-0.327908,0.701813,-2.293772,-0.611207,2.585028,0.486028,-0.385048,0.121148,0.231912,0.021667,-0.229542,0.361178,-0.137135
3.599045,-1.036421,0.226150,1.112044,0.883099,-1.069916,1.102993,-0.329534,-0.534407,-0.224580,0.137971,0.392674,-0.603192,0.751360,-0.106956,-1.253753,-0.327789,0.702041,-2.293751,-0.611425,2.585380,0.485892,-0.383464,0.120630,0.232000,0.021839,-0.226419,0.359871,-0.136585
3.600030,-1.038355,0.224039,1.111005,0.882438,-1.071641,1.104142,-0.329860,-0.559930,-0.213496,0.113362,0.385782,-0.602693,0.747870,-0.106800,-1.254139,-0.327672,0.702277,-2.293731,-0.611645,2.585739,0.485759,-0.384476,0.119232,0.232888,0.021344,-0.223523,0.357818,-0.136224
3.600999,-1.039984,0.225958,1.111079,0.882451,-1.067992,1.106790,-0.329546,-0.582975,-0.202458,0.091847,0.378334,-0.602390,0.744448,-0.106685,-1.254523,-0.327550,0.702513,-2.293708,-0.611864,2.586088,0.485626,-0.383389,0.120407,0.233172,0.022158,-0.221714,0.356657,-0.135558
3.602119,-1.038388,0.228415,1.116102,0.884324,-1.068847,1.106665,-0.329504,-0.603510,-0.191422,0.073392,0.370584,-0.602252,0.741167,-0.106612,-1.254901,-0.327432,0.702743,-2.293685,-0.612092,2.586435,0.485493,-0.382473,0.119538,0.232938,0.022250,-0.225186,0.353943,-0.136182
3.603151,-1.036195,0.227255,1.118748,0.885316,-1.071812,1.107166,-0.329155,-0.619993,-0.180635,0.059583,0.363159,-0.602192,0.738245,-0.106559,-1.255287,-0.327315,0.702971,-2.293664,-0.612315,2.586791,0.485359,-0.383777,0.118673,0.230629,0.020653,-0.224442,0.354316,-0.136323
3.604016,-1.032089,0.227773,1.127279,0.883506,-1.074430,1.108838,-0.329069,-0.628239,-0.172031,0.054673,0.357627,-0.602133,0.736152,-0.106505,-1.255677,-0.327193,0.703196,-2.293645,-0.612528,2.587138,0.485222,-0.384922,0.119431,0.229354,0.019923,-0.221513,0.353896,-0.137028
3.605049,-1.037948,0.226711,1.124300,0.882460,-1.076036,1.108556,-0.330347,-0.623765,-0.167760,0.063451,0.354187,-0.602128,0.735229,-0.106436,-1.256062,-0.327071,0.703411,-2.293618,-0.612739,2.587493,0.485087,-0.386305,0.119070,0.224761,0.021721,-0.218618,0.351897,-0.137113
3.605974,-1.033345,0.228731,1.126975,0.884389,-1.076403,1.107771,-0.331173,-0.607038,-0.166783,0.085832,0.350525,-0.602274,0.735213,-0.106325,-1.256441,-0.326950,0.703640,-2.293593,-0.612955,2.587848,0.484960,-0.383521,0.119787,0.226294,0.022875,-0.217060,0.352244,-0.134574
3.607076,-1.032343,0.227303,1.126224,0.884016,-1.081903,1.109825,-0.330863,-0.583376,-0.166895,0.116086,0.345675,-0.602496,0.735586,-0.106154,-1.256826,-0.326830,0.703860,-2.293575,-0.613169,2.588203,0.484830,-0.385480,0.118782,0.224731,0.021137,-0.216529,0.352844,-0.132902
3.608100,-1.037774,0.225712,1.127503,0.883695,-1.082998,1.113605,-0.331001,-0.555112,-0.168283,0.151190,0.341170,-0.602668,0.736284,-0.105957,-1.257212,-0.326709,0.704087,-2.293552,-0.613374,2.588550,0.484693,-0.386379,0.119803,0.225320,0.021734,-0.211278,0.350999,-0.133584
3.609000,-1.038864,0.226489,1.129105,0.882054,-1.081910,1.113928,-0.332492,-0.523636,-0.171755,0.189205,0.337978,-0.602772,0.737294,-0.105777,-1.257593,-0.326587,0.704312,-2.293530,-0.613583,2.588890,0.484562,-0.383737,0.120743,0.224677,0.022247,-0.210306,0.347315,-0.133320
3.610056,-1.042735,0.229973,1.136563,0.884537,-1.083711,1.111709,-0.331161,-0.492466,-0.175961,0.226391,0.335147,-0.602871,0.738295,-0.105623,-1.257969,-0.326467,0.704532,-2.293504,-0.613793,2.589236,0.484439,-0.382820,0.120329,0.223618,0.023896,-0.211223,0.346838,-0.130298
3.611026,-1.035895,0.231149,1.136462,0.882677,-1.085109,1.111564,-0.331927,-0.462976,-0.178612,0.261769,0.331457,-0.603060,0.739122,-0.105497,-1.258348,-0.326352,0.704744,-2.293487,-0.613999,2.589588,0.484302,-0.381166,0.118857,0.220116,0.021707,-0.209580,0.349194,-0.133033
3.612017,-1.037592,0.227503,1.142344,0.885869,-1.084988,1.110965,-0.331700,-0.433515,-0.178845,0.297509,0.326649,-0.603417,0.739939,-0.105400,-1.258739,-0.326236,0.704961,-2.293458,-0.614197,2.589937,0.484172,-0.384381,0.118414,0.220155,0.023602,-0.208262,0.349261,-0.131456
3.613091,-1.040508,0.230567,1.148717,0.883516,-1.085652,1.110842,-0.331706,-0.401188,-0.179059,0.336405,0.322202,-0.603936,0.741184,-0.105313,-1.259119,-0.326112,0.705170,-2.293443,-0.614405,2.590286,0.484040,-0.383464,0.120333,0.217303,0.020677,-0.208417,0.349855,-0.131931
3.614095,-1.043921,0.229512,1.149735,0.885141,-1.086000,1.110148,-0.331931,-0.364640,-0.181577,0.379509,0.319540,-0.604563,0.743138,-0.105212,-1.259501,-0.325993,0.705379,-2.293415,-0.614612,2.590636,0.483908,-0.382328,0.119036,0.214451,0.023157,-0.207963,0.350128,-0.131957
3.614967,-1.035856,0.227197,1.146893,0.886453,-1.084660,1.112971,-0.332418,-0.326056,-0.184864,0.424714,0.317527,-0.605272,0.745490,-0.105078,-1.259879,-0.325870,0.705589,-2.293396,-0.614820,2.590991,0.483780,-0.380680,0.119699,0.214101,0.021755,-0.207663,0.350811,-0.131523
3.616026,-1.037813,0.226501,1.150923,0.883872,-1.085736,1.114958,-0.332493,-0.287624,-0.189319,0.469249,0.317212,-0.605927,0.748103,-0.104880,-1.260270,-0.325750,0.705806,-2.293378,-0.615033,2.591336,0.483649,-0.384052,0.120796,0.215241,0.020618,-0.208745,0.347709,-0.130485
3.616978,-1.040128,0.227300,1.155406,0.884453,-1.086890,1.115193,-0.332660,-0.248817,-0.197180,0.513049,0.320147,-0.606416,0.751101,-0.104595,-1.260659,-0.325626,0.706013,-2.293351,-0.615235,2.591674,0.483518,-0.383209,0.121322,0.213517,0.023325,-0.207870,0.345931,-0.130384
3.618147,-1.041726,0.226569,1.160303,0.885774,-1.084449,1.115188,-0.334613,-0.209622,-0.207139,0.556584,0.324090,-0.606816,0.754200,-0.104235,-1.261037,-0.325505,0.706220,-2.293328,-0.615440,2.592019,0.483390,-0.381862,0.120961,0.211300,0.022824,-0.206685,0.345641,-0.130040
3.619050,-1.041168,0.230389,1.156176,0.886326,-1.084274,1.115482,-0.334088,-0.170551,-0.217964,0.599702,0.328092,-0.607168,0.757268,-0.103828,-1.261420,-0.325383,0.706426,-2.293309,-0.615653,2.592363,0.483270,-0.381830,0.121715,0.209483,0.021853,-0.209523,0.346048,-0.126242
3.620013,-1.038117,0.235288,1.159829,0.887746,-1.083997,1.116540,-0.334311,-0.133056,-0.229063,0.640774,0.332916,-0.607408,0.760334,-0.103409,-1.261798,-0.325266,0.706640,-2.293288,-0.615860,2.592709,0.483142,-0.381703,0.119801,0.211404,0.021437,-0.209518,0.345568,-0.127311
3.621041,-1.042203,0.234862,1.161595,0.888380,-1.084129,1.116165,-0.333588,-0.099516,-0.237733,0.677430,0.337985,-0.607526,0.763234,-0.103014,-1.262185,-0.325153,0.706845,-2.293269,-0.616070,2.593053,0.483020,-0.383006,0.117508,0.209629,0.020226,-0.209737,0.344466,-0.126876
3.621979,-1.036991,0.231966,1.160131,0.888332,-1.084628,1.118955,-0.334312,-0.070235,-0.242494,0.709568,0.342728,-0.607596,0.765910,-0.102670,-1.262565,-0.325033,0.707050,-2.293250,-0.616281,2.593397,0.482888,-0.381079,0.117932,0.209012,0.019856,-0.209682,0.344953,-0.128361
3.623076,-1.037175,0.235111,1.156396,0.888497,-1.084548,1.120411,-0.334382,-0.044312,-0.245530,0.737858,0.347802,-0.607689,0.768468,-0.102385,-1.262948,-0.324912,0.707261,-2.293230,-0.616491,2.593735,0.482764,-0.383425,0.119415,0.209709,0.020090,-0.209068,0.342070,-0.126886
3.624064,-1.038871,0.234449,1.161303,0.888109,-1.083921,1.119672,-0.333906,-0.021574,-0.248961,0.762037,0.353731,-0.607830,0.770962,-0.102154,-1.263331,-0.324796,0.707478,-2.293210,-0.616699,2.594076,0.482636,-0.383735,0.118162,0.211882,0.020198,-0.209400,0.340895,-0.126832
3.625043,-1.041189,0.231130,1.163411,0.890340,-1.083998,1.119682,-0.333829,-0.002681,-0.252105,0.781454,0.359505,-0.608014,0.773221,-0.101963,-1.263706,-0.324677,0.707681,-2.293189,-0.616911,2.594417,0.482508,-0.382899,0.118642,0.209562,0.020780,-0.210012,0.341680,-0.127809
3.626025,-1.036001,0.230552,1.164444,0.889764,-1.083385,1.120209,-0.335197,0.013272,-0.255784,0.797104,0.365169,-0.608178,0.775244,-0.101798,-1.264087,-0.324553,0.707890,-2.293173,-0.617121,2.594761,0.482378,-0.381631,0.120372,0.208609,0.018834,-0.209905,0.341652,-0.127954
3.627051,-1.041094,0.233538,1.165876,0.890161,-1.084405,1.120869,-0.334792,0.028911,-0.263034,0.811521,0.372398,-0.608225,0.777339,-0.101631,-1.264478,-0.324433,0.708098,-2.293152,-0.617333,2.595097,0.482258,-0.384065,0.120748,0.208195,0.019614,-0.210488,0.341171,-0.125236
3.628048,-1.041189,0.238931,1.167814,0.890022,-1.086365,1.121169,-0.335827,0.044852,-0.273402,0.825633,0.380582,-0.608138,0.779470,-0.101446,-1.264853,-0.324314,0.708304,-2.293131,-0.617543,2.595437,0.482133,-0.381660,0.119429,0.207726,0.019420,-0.209530,0.340624,-0.126126
3.628958,-1.041843,0.238542,1.166431,0.890857,-1.084836,1.124759,-0.336092,0.058599,-0.282281,0.837628,0.386879,-0.607959,0.781166,-0.101260,-1.265237,-0.324204,0.708509,-2.293110,-0.617752,2.595779,0.482015,-0.381591,0.116975,0.206928,0.019750,-0.207591,0.340374,-0.124087
3.630080,-1.042466,0.239502,1.164342,0.892030,-1.083114,1.125540,-0.335433,0.068150,-0.286660,0.845819,0.389941,-0.607710,0.782186,-0.101095,-1.265622,-0.324085,0.708716,-2.293093,-0.617960,2.596112,0.481894,-0.380809,0.117206,0.207562,0.019132,-0.209005,0.336665,-0.123570
3.631062,-1.042695,0.242978,1.161640,0.892963,-1.083506,1.126933,-0.336015,0.072322,-0.286971,0.846492,0.392861,-0.606790,0.782877,-0.100917,-1.266385,-0.323854,0.709143,-2.293058,-0.618390,2.596780,0.481643,-0.380859,0.115514,0.210402,0.017661,-0.210485,0.334924,-0.123833
3.632045,-1.047755,0.240831,1.166984,0.893854,-1.084026,1.125796,-0.335453,0.072322,-0.286971,0.846492,0.392861,-0.606790,0.782877,-0.100917,-1.266385,-0.323854,0.709143,-2.293058,-0.618390,2.596780,0.481643,-0.380859,0.115514,0.210402,0.017661,-0.210485,0.334924,-0.123833
3.633044,-1.042980,0.238109,1.166304,0.894453,-1.081287,1.125034,-0.336038,0.066431,-0.284448,0.837906,0.394594,-0.606145,0.782765,-0.100919,-1.266754,-0.323735,0.709345,-2.293042,-0.618599,2.597119,0.481518,-0.378374,0.116741,0.207872,0.017058,-0.209956,0.336123,-0.125004
3.633982,-1.040478,0.235841,1.164296,0.895981,-1.083197,1.124501,-0.335076,0.058660,-0.283112,0.826905,0.397403,-0.605509,0.782716,-0.100985,-1.267142,-0.323616,0.709555,-2.293023,-0.618818,2.597460,0.481395,-0.380719,0.118255,0.208362,0.016717,-0.212661,0.336932,-0.123852
3.635109,-1.040996,0.233045,1.170071,0.895604,-1.083377,1.122476,-0.336289,0.052900,-0.286902,0.817203,0.402970,-0.604907,0.783209,-0.101119,-1.267529,-0.323494,0.709763,-2.293010,-0.619025,2.597795,0.481267,-0.381599,0.119396,0.209356,0.015524,-0.210625,0.337423,-0.125796
3.636090,-1.043422,0.233197,1.171503,0.892797,-1.082305,1.123195,-0.335752,0.051458,-0.297655,0.811070,0.411824,-0.604340,0.784465,-0.101294,-1.267909,-0.323369,0.709964,-2.292992,-0.619236,2.598139,0.481149,-0.381944,0.121080,0.207008,0.016268,-0.210746,0.339770,-0.123455
3.637050,-1.036320,0.233839,1.169571,0.895566,-1.084370,1.124116,-0.335679,0.054977,-0.313717,0.809852,0.421225,-0.603906,0.786191,-0.101462,-1.268285,-0.323250,0.710170,-2.292968,-0.619452,2.598482,0.481022,-0.380681,0.121104,0.206432,0.019196,-0.211756,0.339028,-0.124576
3.638011,-1.031936,0.233142,1.165331,0.895603,-1.082972,1.124616,-0.336997,0.062516,-0.332043,0.813243,0.428674,-0.603653,0.788013,-0.101599,-1.268672,-0.323127,0.710380,-2.292957,-0.619656,2.598815,0.480900,-0.384036,0.120822,0.207435,0.016792,-0.209657,0.338125,-0.124737
3.639103,-1.035358,0.231594,1.170312,0.896459,-1.083430,1.123274,-0.337878,0.073410,-0.352100,0.820284,0.435571,-0.603474,0.790012,-0.101699,-1.269063,-0.323005,0.710594,-2.292938,-0.619869,2.599153,0.480785,-0.385919,0.121230,0.209540,0.016990,-0.210997,0.337619,-0.122125
3.640083,-1.039288,0.233907,1.172046,0.897339,-1.083475,1.124733,-0.336719,0.086853,-0.374201,0.829776,0.443287,-0.603278,0.792238,-0.101758,-1.269445,-0.322882,0.710799,-2.292924,-0.620082,2.599494,0.480665,-0.384575,0.122252,0.207431,0.016544,-0.210711,0.339232,-0.120473
3.641000,-1.038157,0.238380,1.168461,0.899553,-1.082752,1.121581,-0.335869,0.101007,-0.396888,0.840025,0.451227,-0.603055,0.794491,-0.101796,-1.269820,-0.322762,0.711003,-2.292908,-0.620290,2.599831,0.480538,-0.382590,0.121184,0.206728,0.015972,-0.210667,0.337778,-0.122843
3.642105,-1.036761,0.241195,1.171488,0.897894,-1.082547,1.119694,-0.336033,0.112478,-0.416732,0.847904,0.458519,-0.602769,0.796496,-0.101833,-1.270204,-0.322646,0.711217,-2.292898,-0.620502,2.600181,0.480407,-0.382766,0.118996,0.208403,0.014144,-0.211232,0.340801,-0.124502
3.643098,-1.042915,0.240942,1.173368,0.899809,-1.082842,1.118493,-0.335040,0.118969,-0.430277,0.851555,0.463518,-0.602458,0.797981,-0.101855,-1.270596,-0.322529,0.711421,-2.292878,-0.620717,2.600526,0.480285,-0.383831,0.117934,0.207329,0.016138,-0.211622,0.342933,-0.124255
3.644024,-1.046367,0.240363,1.171484,0.899876,-1.082658,1.118132,-0.335175,0.120888,-0.436765,0.851817,0.464785,-0.602255,0.798837,-0.101856,-1.270970,-0.322409,0.711628,-2.292868,-0.620928,2.600876,0.480155,-0.380768,0.118197,0.206538,0.014644,-0.211319,0.344112,-0.126272
3.644990,-1.041978,0.241040,1.164441,0.900645,-1.080754,1.117581,-0.333297,0.117260,-0.437560,0.847370,0.463176,-0.602165,0.799039,-0.101868,-1.271348,-0.322292,0.711839,-2.292853,-0.621141,2.601219,0.480032,-0.378755,0.118546,0.207422,0.014878,-0.211342,0.344351,-0.125984
3.645982,-1.041181,0.235306,1.158536,0.900464,-1.080104,1.117052,-0.333233,0.106267,-0.434191,0.835667,0.460285,-0.602102,0.798563,-0.101932,-1.271730,-0.322172,0.712056,-2.292840,-0.621356,2.601564,0.479896,-0.380825,0.118288,0.210917,0.014456,-0.213172,0.344866,-0.129747
3.647180,-1.046679,0.234717,1.165257,0.898070,-1.076447,1.119163,-0.331987,0.088049,-0.429299,0.816065,0.457703,-0.601989,0.797522,-0.102063,-1.272115,-0.322045,0.712277,-2.292825,-0.621572,2.601912,0.479764,-0.381116,0.121229,0.213836,0.014973,-0.213747,0.345388,-0.129840
3.648115,-1.043497,0.239111,1.161624,0.898980,-1.073937,1.119657,-0.332828,0.064860,-0.425729,0.790544,0.455738,-0.601840,0.796058,-0.102241,-1.272497,-0.321922,0.712481,-2.292802,-0.621796,2.602253,0.479625,-0.379246,0.121914,0.211141,0.017687,-0.217749,0.343726,-0.132439
3.649016,-1.039045,0.237952,1.157957,0.900553,-1.071003,1.118011,-0.331663,0.039433,-0.422749,0.762621,0.452476,-0.601747,0.794197,-0.102415,-1.272878,-0.321806,0.712697,-2.292787,-0.622023,2.602594,0.479500,-0.380575,0.119772,0.212878,0.017033,-0.219953,0.343166,-0.130711
3.650048,-1.037490,0.242527,1.158879,0.900616,-1.069996,1.116012,-0.330207,0.013216,-0.418981,0.734135,0.447925,-0.601651,0.792121,-0.102550,-1.273265,-0.321684,0.712917,-2.292776,-0.622252,2.602945,0.479364,-0.382279,0.120342,0.214462,0.015802,-0.222514,0.344618,-0.133018
3.651050,-1.039011,0.240068,1.158952,0.902078,-1.066931,1.118121,-0.329181,-0.012607,-0.414571,0.706201,0.443328,-0.601467,0.790083,-0.102662,-1.273649,-0.321568,0.713130,-2.292759,-0.622476,2.603294,0.479225,-0.383163,0.118265,0.214158,0.016067,-0.223462,0.346697,-0.135927
3.651960,-1.036278,0.241008,1.152633,0.901592,-1.064198,1.119530,-0.328500,-0.036936,-0.409661,0.680089,0.438950,-0.601201,0.788181,-0.102775,-1.274031,-0.321445,0.713344,-2.292745,-0.622711,2.603635,0.479080,-0.382391,0.119632,0.214199,0.014956,-0.226321,0.344610,-0.137924
3.653119,-1.034445,0.244796,1.147134,0.903148,-1.061124,1.119785,-0.327619,-0.060443,-0.405023,0.654937,0.435558,-0.600814,0.786416,-0.102899,-1.274418,-0.321324,0.713563,-2.292727,-0.622939,2.603968,0.478937,-0.383292,0.119130,0.217171,0.015667,-0.228698,0.343120,-0.139192
3.653998,-1.031812,0.242960,1.143431,0.901798,-1.058772,1.121127,-0.326171,-0.085625,-0.400052,0.627955,0.433325,-0.600244,0.784600,-0.103042,-1.274800,-0.321208,0.713788,-2.292713,-0.623178,2.604310,0.478796,-0.384929,0.117661,0.220282,0.014560,-0.231848,0.343263,-0.141014
3.654956,-1.036013,0.244939,1.141885,0.899677,-1.058663,1.120607,-0.327160,-0.113863,-0.393616,0.597737,0.431612,-0.599504,0.782577,-0.103213,-1.275185,-0.321088,0.714016,-2.292692,-0.623421,2.604655,0.478646,-0.385643,0.118540,0.221707,0.016046,-0.233623,0.341679,-0.143789
3.656088,-1.033734,0.245127,1.140830,0.900548,-1.058511,1.121698,-0.325831,-0.145470,-0.384778,0.564348,0.428389,-0.598733,0.780137,-0.103406,-1.275559,-0.320971,0.714238,-2.292669,-0.623654,2.604995,0.478507,-0.383407,0.117650,0.222348,0.018304,-0.233422,0.342197,-0.141715
3.657071,-1.030467,0.244680,1.137383,0.901328,-1.056531,1.121320,-0.326029,-0.180321,-0.372581,0.528470,0.421649,-0.598071,0.777094,-0.103610,-1.275946,-0.320854,0.714466,-2.292653,-0.623892,2.605335,0.478355,-0.385121,0.117942,0.223131,0.017806,-0.233598,0.341434,-0.144416
3.657969,-1.030150,0.249957,1.138034,0.902496,-1.053723,1.122610,-0.324599,-0.215735,-0.359272,0.492690,0.412990,-0.597512,0.773822,-0.103819,-1.276335,-0.320736,0.714696,-2.292635,-0.624133,2.605674,0.478211,-0.386575,0.118305,0.224707,0.017271,-0.235273,0.341850,-0.143936
3.659074,-1.032162,0.250913,1.134670,0.902694,-1.051821,1.122912,-0.324302,-0.249205,-0.346624,0.459227,0.404599,-0.596972,0.770750,-0.104003,-1.276718,-0.320625,0.714918,-2.292618,-0.624374,2.606015,0.478059,-0.386241,0.115715,0.224071,0.016324,-0.237576,0.340389,-0.146695
3.660093,-1.029971,0.250637,1.135167,0.900935,-1.049100,1.124629,-0.323261,-0.281222,-0.333130,0.427576,0.396532,-0.596383,0.767852,-0.104134,-1.277105,-0.320512,0.715148,-2.292599,-0.624620,2.606355,0.477907,-0.385637,0.115648,0.225942,0.016441,-0.239364,0.340382,-0.147252
3.660955,-1.033949,0.249072,1.134764,0.903064,-1.049906,1.125048,-0.322291,-0.312287,-0.318225,0.397195,0.387984,-0.595752,0.764966,-0.104203,-1.277495,-0.320393,0.715370,-2.292575,-0.624865,2.606684,0.477753,-0.386732,0.115975,0.225705,0.018361,-0.241800,0.338814,-0.149272
3.662040,-1.033568,0.251458,1.131313,0.904653,-1.049129,1.127024,-0.322130,-0.341303,-0.303570,0.369022,0.379097,-0.595091,0.762138,-0.104208,-1.277873,-0.320275,0.715597,-2.292562,-0.625107,2.607024,0.477596,-0.384115,0.116708,0.225462,0.016475,-0.240374,0.338176,-0.151043
3.663039,-1.037083,0.251227,1.132472,0.902043,-1.047912,1.125272,-0.320879,-0.368382,-0.290743,0.342479,0.371840,-0.594296,0.759575,-0.104162,-1.278262,-0.320162,0.715831,-2.292547,-0.625351,2.607354,0.477442,-0.384635,0.115859,0.227273,0.015288,-0.241034,0.336492,-0.151311
3.663980,-1.037470,0.252925,1.131655,0.902296,-1.048851,1.124816,-0.321911,-0.394703,-0.279065,0.316339,0.366110,-0.593347,0.757221,-0.104081,-1.278642,-0.320046,0.716056,-2.292521,-0.625594,2.607696,0.477283,-0.382857,0.116168,0.226605,0.018016,-0.241945,0.338325,-0.153730
3.664992,-1.040587,0.255281,1.130726,0.902614,-1.047433,1.126817,-0.321219,-0.420617,-0.266529,0.290880,0.359023,-0.592410,0.754762,-0.103979,-1.279026,-0.319936,0.716284,-2.292503,-0.625833,2.608038,0.477134,-0.382377,0.115465,0.226777,0.017962,-0.240589,0.338690,-0.151526
3.665969,-1.042182,0.257423,1.131272,0.902676,-1.048431,1.127221,-0.320609,-0.446338,-0.251954,0.266170,0.349518,-0.591609,0.752077,-0.103870,-1.279408,-0.319824,0.716511,-2.292485,-0.626076,2.608372,0.476976,-0.380851,0.114538,0.227192,0.017924,-0.241753,0.336789,-0.152850
3.666991,-1.041923,0.256474,1.131339,0.903499,-1.047181,1.128304,-0.318930,-0.472084,-0.234876,0.241907,0.338148,-0.590963,0.749221,-0.103782,-1.279781,-0.319712,0.716738,-2.292468,-0.626315,2.608707,0.476822,-0.380056,0.113672,0.226782,0.018127,-0.240408,0.336449,-0.153975
3.668085,-1.043827,0.262242,1.128338,0.902854,-1.048838,1.126853,-0.319683,-0.496491,-0.216523,0.219297,0.325970,-0.590452,0.746400,-0.103734,-1.280162,-0.319598,0.716967,-2.292451,-0.626558,2.609042,0.476658,-0.380307,0.114404,0.226704,0.017597,-0.241420,0.335496,-0.157239
3.669076,-1.039443,0.260163,1.130821,0.903035,-1.050237,1.127464,-0.318313,-0.518817,-0.197757,0.198973,0.313582,-0.590029,0.743723,-0.103717,-1.280538,-0.319489,0.717197,-2.292431,-0.626791,2.609380,0.476506,-0.379832,0.111912,0.228353,0.018560,-0.239734,0.337243,-0.155661
3.669971,-1.039762,0.261448,1.131764,0.902971,-1.051889,1.126145,-0.318504,-0.552605,-0.160534,0.170333,0.287292,-0.589499,0.739115,-0.103692,-1.281302,-0.319262,0.717650,-2.292395,-0.627262,2.610052,0.476183,-0.381325,0.112576,0.226174,0.018867,-0.235968,0.337875,-0.157742
3.671074,-1.040419,0.256877,1.133856,0.904252,-1.051982,1.123851,-0.319455,-0.552605,-0.160534,0.170333,0.287292,-0.589499,0.739115,-0.103692,-1.281302,-0.319262,0.717650,-2.292395,-0.627262,2.610052,0.476183,-0.381325,0.112576,0.226174,0.018867,-0.235968,0.337875,-0.157742
3.671996,-1.040159,0.253385,1.138812,0.905325,-1.052364,1.123647,-0.319701,-0.559003,-0.147041,0.166827,0.275566,-0.589396,0.737800,-0.103647,-1.281680,-0.319143,0.717872,-2.292378,-0.627495,2.610401,0.476033,-0.381517,0.115203,0.225381,0.017952,-0.235915,0.340410,-0.155811
3.673123,-1.038995,0.257971,1.137241,0.904100,-1.052868,1.125963,-0.319910,-0.556510,-0.141521,0.171734,0.267833,-0.589281,0.737542,-0.103574,-1.282064,-0.319024,0.718090,-2.292363,-0.627731,2.610747,0.475880,-0.381258,0.116974,0.222709,0.017167,-0.235121,0.340453,-0.155211
3.674032,-1.038769,0.257283,1.143214,0.905677,-1.055485,1.127699,-0.320787,-0.544839,-0.144407,0.185320,0.264445,-0.589123,0.738376,-0.103475,-1.282451,-0.318912,0.718314,-2.292342,-0.627963,2.611077,0.475727,-0.382367,0.115069,0.223825,0.018677,-0.234688,0.338502,-0.154784
3.674979,-1.036025,0.257567,1.139109,0.905361,-1.057013,1.124224,-0.320963,-0.525759,-0.151983,0.206307,0.263273,-0.588981,0.739963,-0.103330,-1.282830,-0.318793,0.718529,-2.292326,-0.628196,2.611414,0.475579,-0.382075,0.115451,0.220622,0.017342,-0.231645,0.336657,-0.152905
3.675983,-1.033322,0.258304,1.137933,0.906618,-1.056727,1.124740,-0.320060,-0.500801,-0.162293,0.233264,0.263501,-0.588915,0.742103,-0.103136,-1.283217,-0.318680,0.718758,-2.292308,-0.628424,2.611756,0.475428,-0.383141,0.115431,0.222473,0.017904,-0.229861,0.340121,-0.152469
3.677091,-1.037839,0.258485,1.141843,0.907723,-1.058244,1.122660,-0.320369,-0.472515,-0.174323,0.263301,0.265000,-0.588939,0.744591,-0.102936,-1.283603,-0.318564,0.718983,-2.292294,-0.628652,2.612098,0.475272,-0.384465,0.115254,0.223014,0.016993,-0.230025,0.339627,-0.154209
3.678000,-1.038550,0.257824,1.145113,0.909518,-1.057704,1.122081,-0.320442,-0.443197,-0.187110,0.293798,0.267862,-0.589040,0.747278,-0.102762,-1.283983,-0.318449,0.719200,-2.292280,-0.628881,2.612445,0.475122,-0.382681,0.115545,0.221364,0.016324,-0.228552,0.341978,-0.153559
3.678988,-1.031679,0.264032,1.146579,0.910774,-1.057378,1.122229,-0.321475,-0.413437,-0.200642,0.324065,0.272660,-0.589202,0.750159,-0.102603,-1.284366,-0.318332,0.719412,-2.292268,-0.629107,2.612785,0.474967,-0.381891,0.115900,0.219583,0.014864,-0.228775,0.342407,-0.153278
3.680098,-1.031188,0.261950,1.151331,0.909049,-1.056662,1.124609,-0.322303,-0.382136,-0.214422,0.355492,0.279507,-0.589413,0.753342,-0.102426,-1.284753,-0.318221,0.719631,-2.292258,-0.629336,2.613131,0.474822,-0.385249,0.112996,0.218851,0.014062,-0.228907,0.342261,-0.151143
3.681105,-1.029384,0.263481,1.155647,0.910231,-1.059473,1.122465,-0.322150,-0.346759,-0.227522,0.391250,0.287132,-0.589734,0.756953,-0.102213,-1.285142,-0.318105,0.719844,-2.292237,-0.629569,2.613463,0.474676,-0.385883,0.114439,0.216844,0.016088,-0.229660,0.340203,-0.149495
3.682002,-1.031419,0.257863,1.153187,0.910991,-1.059969,1.120330,-0.322041,-0.305499,-0.240257,0.433492,0.294074,-0.590239,0.760986,-0.101970,-1.285527,-0.317994,0.720050,-2.292225,-0.629784,2.613807,0.474524,-0.386767,0.113902,0.214872,0.015298,-0.226796,0.342440,-0.149747
3.683093,-1.023320,0.258567,1.155355,0.911349,-1.061182,1.121948,-0.322078,-0.259886,-0.253935,0.480193,0.300869,-0.590830,0.765298,-0.101709,-1.285909,-0.317871,0.720268,-2.292212,-0.630010,2.614156,0.474376,-0.385252,0.116689,0.215888,0.014849,-0.225965,0.344363,-0.149853
3.684092,-1.020406,0.256949,1.157452,0.913221,-1.060443,1.121829,-0.322212,-0.212002,-0.270284,0.528502,0.309091,-0.591335,0.769822,-0.101417,-1.286308,-0.317752,0.720479,-2.292197,-0.630229,2.614495,0.474227,-0.389565,0.116602,0.215137,0.014909,-0.224877,0.342966,-0.149759
3.685004,-1.022713,0.258195,1.164728,0.911945,-1.064167,1.121931,-0.322694,-0.160256,-0.290989,0.579843,0.319912,-0.591674,0.774817,-0.101076,-1.286696,-0.317632,0.720690,-2.292187,-0.630455,2.614837,0.474081,-0.390901,0.117559,0.214201,0.013472,-0.225499,0.343152,-0.149436
3.686041,-1.026110,0.258231,1.164842,0.913067,-1.067410,1.121103,-0.322996,-0.103735,-0.315343,0.635547,0.332673,-0.591878,0.780327,-0.100683,-1.287084,-0.317518,0.720894,-2.292170,-0.630672,2.615184,0.473933,-0.389239,0.116986,0.210503,0.014997,-0.221489,0.342880,-0.148361
3.687027,-1.027652,0.261844,1.167304,0.913418,-1.068746,1.122821,-0.322212,-0.045826,-0.339768,0.692786,0.344759,-0.592037,0.785850,-0.100263,-1.287464,-0.317399,0.721102,-2.292158,-0.630882,2.615525,0.473789,-0.387720,0.117188,0.210735,0.014300,-0.218356,0.343853,-0.147734
3.687995,-1.028807,0.257635,1.162751,0.913647,-1.071308,1.122369,-0.323520,0.008513,-0.360608,0.746783,0.354530,-0.592188,0.790881,-0.099871,-1.287850,-0.317289,0.721310,-2.292146,-0.631096,2.615863,0.473634,-0.386845,0.115603,0.209599,0.014350,-0.216995,0.342151,-0.149229
3.689037,-1.031846,0.259034,1.166406,0.917008,-1.072180,1.121120,-0.323461,0.055515,-0.376475,0.793495,0.362038,-0.592320,0.795182,-0.099545,-1.288234,-0.317165,0.721527,-2.292135,-0.631304,2.616201,0.473492,-0.386077,0.117777,0.211870,0.014525,-0.214389,0.342634,-0.146521
3.690043,-1.035066,0.256437,1.165913,0.918641,-1.073540,1.122180,-0.323561,0.093467,-0.388740,0.830587,0.369006,-0.592390,0.798809,-0.099308,-1.288615,-0.317047,0.721729,-2.292129,-0.631516,2.616547,0.473347,-0.384753,0.117278,0.210330,0.011733,-0.213638,0.344004,-0.146640
3.691107,-1.030502,0.255545,1.163287,0.918680,-1.074186,1.121728,-0.322642,0.122634,-0.399599,0.857804,0.378107,-0.592310,0.802069,-0.099184,-1.288996,-0.316925,0.721941,-2.292120,-0.631724,2.616893,0.473200,-0.383172,0.118725,0.210717,0.010584,-0.212323,0.342956,-0.146383
3.692083,-1.029820,0.253632,1.169496,0.918158,-1.074765,1.119721,-0.323003,0.144393,-0.410573,0.876413,0.390310,-0.592077,0.805221,-0.099181,-1.289390,-0.316802,0.722154,-2.292109,-0.631932,2.617234,0.473049,-0.385636,0.119367,0.212294,0.011048,-0.211862,0.343619,-0.148206
3.693004,-1.033526,0.254424,1.171368,0.919138,-1.076331,1.115839,-0.322079,0.162131,-0.422537,0.890310,0.404145,-0.591842,0.808412,-0.099274,-1.289772,-0.316679,0.722358,-2.292095,-0.632142,2.617588,0.472900,-0.385838,0.120384,0.209289,0.011929,-0.211261,0.345562,-0.147381
3.693995,-1.030087,0.256050,1.170739,0.921984,-1.076877,1.116922,-0.322162,0.178693,-0.434786,0.903234,0.417284,-0.591746,0.811585,-0.099426,-1.290155,-0.316559,0.722563,-2.292086,-0.632348,2.617943,0.472746,-0.383580,0.119994,0.208342,0.011338,-0.209573,0.349271,-0.149132
3.695099,-1.031012,0.253153,1.173246,0.921269,-1.077743,1.116659,-0.321334,0.193545,-0.445792,0.914979,0.429305,-0.591715,0.814582,-0.099617,-1.290541,-0.316440,0.722773,-2.292080,-0.632557,2.618290,0.472600,-0.385230,0.119311,0.208778,0.009045,-0.209058,0.348139,-0.148887
3.696089,-1.029744,0.256099,1.174991,0.922057,-1.078633,1.115803,-0.321967,0.206853,-0.455896,0.925554,0.441335,-0.591615,0.817446,-0.099824,-1.290929,-0.316319,0.722980,-2.292069,-0.632761,2.618640,0.472444,-0.385150,0.121068,0.207940,0.010288,-0.208491,0.348638,-0.150527
3.697045,-1.029648,0.257855,1.174864,0.923009,-1.081571,1.114188,-0.321446,0.219791,-0.465486,0.936250,0.452889,-0.591432,0.820110,-0.100014,-1.291318,-0.316200,0.723182,-2.292059,-0.632964,2.618989,0.472294,-0.385655,0.119705,0.207268,0.009947,-0.207674,0.349487,-0.149157
3.698079,-1.031737,0.259132,1.172062,0.923792,-1.083119,1.114245,-0.320844,0.231789,-0.472684,0.946796,0.462503,-0.591192,0.822324,-0.100165,-1.291702,-0.316081,0.723389,-2.292050,-0.633164,2.619344,0.472142,-0.385459,0.118912,0.207388,0.009437,-0.204739,0.350987,-0.150122
3.699042,-1.034927,0.259221,1.173232,0.923769,-1.085428,1.112752,-0.320675,0.240305,-0.475486,0.954537,0.469660,-0.590886,0.823874,-0.100272,-1.292085,-0.315966,0.723601,-2.292041,-0.633362,2.619695,0.471989,-0.384541,0.118524,0.208989,0.009159,-0.203422,0.350983,-0.151268
3.699969,-1.033483,0.261927,1.179409,0.925123,-1.089322,1.111574,-0.320277,0.242547,-0.472983,0.956373,0.474129,-0.590538,0.824596,-0.100328,-1.292461,-0.315847,0.723808,-2.292031,-0.633559,2.620047,0.471837,-0.382831,0.118575,0.208450,0.009627,-0.201180,0.352397,-0.151502
3.701020,-1.024098,0.256861,1.179982,0.925677,-1.088289,1.110981,-0.319811,0.239650,-0.465467,0.953677,0.475646,-0.590279,0.824641,-0.100333,-1.292844,-0.315733,0.724010,-2.292024,-0.633751,2.620404,0.471686,-0.383221,0.117307,0.205363,0.008740,-0.197323,0.353380,-0.152190
3.701976,-1.030148,0.257214,1.178390,0.923969,-1.087291,1.108147,-0.319122,0.238206,-0.456709,0.953360,0.475665,-0.590273,0.824738,-0.100314,-1.293242,-0.315609,0.724218,-2.292017,-0.633951,2.620758,0.471530,-0.387990,0.120045,0.205394,0.008763,-0.198634,0.354057,-0.153062
3.703012,-1.027740,0.257996,1.183654,0.928072,-1.089588,1.108381,-0.319616,0.241499,-0.450196,0.958456,0.475367,-0.590581,0.825256,-0.100299,-1.293617,-0.315488,0.724425,-2.292005,-0.634150,2.621118,0.471374,-0.384765,0.119907,0.206242,0.010858,-0.199668,0.356757,-0.154330
3.704094,-1.032732,0.253975,1.190474,0.926135,-1.089798,1.111095,-0.318512,0.246957,-0.445222,0.966010,0.474689,-0.591137,0.825897,-0.100303,-1.294003,-0.315371,0.724626,-2.292004,-0.634349,2.621474,0.471222,-0.386106,0.119741,0.203911,0.007410,-0.197547,0.356536,-0.153261
3.704982,-1.028169,0.254449,1.187021,0.927131,-1.088054,1.109903,-0.319689,0.255173,-0.442318,0.976441,0.474780,-0.591860,0.826739,-0.100343,-1.294379,-0.315243,0.724820,-2.291992,-0.634548,2.621820,0.471065,-0.384023,0.121951,0.201027,0.009854,-0.197669,0.353998,-0.155449
3.705966,-1.029502,0.254037,1.185311,0.926498,-1.087816,1.110619,-0.319699,0.267210,-0.442425,0.990784,0.475788,-0.592708,0.827862,-0.100415,-1.294768,-0.315121,0.725028,-2.291983,-0.634749,2.622178,0.470917,-0.385740,0.121625,0.202659,0.009245,-0.199308,0.354944,-0.152928
3.707072,-1.032100,0.256186,1.183822,0.927023,-1.087746,1.110233,-0.319267,0.279859,-0.443674,1.005677,0.476660,-0.593566,0.828962,-0.100480,-1.295155,-0.314999,0.725234,-2.291973,-0.634950,2.622527,0.470763,-0.384898,0.121922,0.203638,0.010337,-0.199608,0.354183,-0.152842
3.707958,-1.035616,0.251388,1.189995,0.927319,-1.087171,1.111569,-0.318493,0.288698,-0.443168,1.016535,0.476309,-0.594292,0.829646,-0.100513,-1.295534,-0.314881,0.725440,-2.291965,-0.635148,2.622886,0.470611,-0.384112,0.121166,0.204836,0.010387,-0.200049,0.354750,-0.153695
3.708993,-1.032622,0.256240,1.186443,0.929203,-1.088538,1.109769,-0.318917,0.292257,-0.440161,1.021871,0.474449,-0.594810,0.829795,-0.100510,-1.295915,-0.314754,0.725635,-2.291953,-0.635350,2.623240,0.470455,-0.381828,0.123465,0.201703,0.010414,-0.200490,0.353133,-0.155096
3.710040,-1.039094,0.258428,1.183339,0.928937,-1.088307,1.109140,-0.319595,0.292116,-0.435883,1.023330,0.472111,-0.595138,0.829625,-0.100465,-1.296303,-0.314637,0.725839,-2.291948,-0.635548,2.623590,0.470300,-0.383437,0.121230,0.203822,0.009109,-0.199318,0.355042,-0.154157
3.711027,-1.044448,0.259855,1.186662,0.930939,-1.087305,1.110453,-0.319294,0.286385,-0.428268,1.019109,0.468904,-0.595342,0.828908,-0.100374,-1.296679,-0.314518,0.726049,-2.291937,-0.635750,2.623944,0.470152,-0.380435,0.120365,0.205631,0.009863,-0.199774,0.355733,-0.152762
3.711970,-1.048300,0.258294,1.188841,0.931010,-1.085746,1.114044,-0.320657,0.271282,-0.414324,1.005437,0.463825,-0.595479,0.827182,-0.100256,-1.297055,-0.314399,0.726253,-2.291931,-0.635955,2.624289,0.469996,-0.377761,0.119784,0.204091,0.008397,-0.200824,0.354410,-0.153285
3.713039,-1.046179,0.257475,1.182673,0.930164,-1.082339,1.114237,-0.320663,0.247715,-0.395179,0.983227,0.457712,-0.595595,0.824571,-0.100141,-1.297425,-0.314275,0.726450,-2.291922,-0.636159,2.624632,0.469853,-0.375721,0.120584,0.203134,0.008770,-0.202349,0.350715,-0.150453
3.714010,-1.043232,0.257788,1.177043,0.931294,-1.082065,1.113520,-0.321052,0.218372,-0.373627,0.955126,0.451468,-0.595716,0.821412,-0.100042,-1.297807,-0.314154,0.726664,-2.291908,-0.636371,2.624987,0.469702,-0.377120,0.121220,0.206532,0.010049,-0.205933,0.350675,-0.150436
3.714967,-1.046824,0.254768,1.178718,0.929209,-1.082919,1.115936,-0.320413,0.184043,-0.351330,0.921662,0.445307,-0.595777,0.817850,-0.099965,-1.298191,-0.314032,0.726875,-2.291901,-0.636575,2.625335,0.469555,-0.378425,0.121132,0.209371,0.009414,-0.206191,0.351353,-0.149576
3.716093,-1.040416,0.254363,1.176578,0.930752,-1.083963,1.117979,-0.321831,0.145651,-0.329234,0.883653,0.439098,-0.595714,0.813978,-0.099910,-1.298562,-0.313904,0.727082,-2.291884,-0.636780,2.625679,0.469400,-0.376524,0.122631,0.208545,0.011771,-0.205309,0.348851,-0.150767
3.716972,-1.037377,0.256357,1.175529,0.929498,-1.083291,1.117104,-0.322000,0.106593,-0.309151,0.844708,0.432883,-0.595549,0.810069,-0.099850,-1.298949,-0.313782,0.727296,-2.291874,-0.636984,2.626022,0.469257,-0.380288,0.123130,0.210051,0.010750,-0.204614,0.347122,-0.147917
3.717967,-1.033691,0.252808,1.177336,0.929150,-1.084672,1.117656,-0.322896,0.070839,-0.292357,0.809080,0.427046,-0.595324,0.806461,-0.099748,-1.299326,-0.313661,0.727506,-2.291857,-0.637189,2.626368,0.469112,-0.381279,0.122058,0.210375,0.012239,-0.205112,0.347796,-0.147493
3.719093,-1.040389,0.253916,1.174981,0.930629,-1.082056,1.117262,-0.322670,0.040849,-0.278733,0.779579,0.420988,-0.595129,0.803242,-0.099594,-1.299711,-0.313537,0.727716,-2.291842,-0.637392,2.626717,0.468969,-0.383066,0.123939,0.209563,0.012892,-0.203795,0.347228,-0.145643
3.720108,-1.038102,0.254734,1.175841,0.930158,-1.081932,1.119074,-0.323390,0.016065,-0.268380,0.755524,0.414905,-0.594968,0.800342,-0.099400,-1.300088,-0.313415,0.727933,-2.291830,-0.637605,2.627060,0.468822,-0.380296,0.123677,0.211141,0.011897,-0.206721,0.347944,-0.146129
3.720982,-1.040362,0.256980,1.167688,0.932344,-1.080586,1.119507,-0.324168,-0.006915,-0.260073,0.733181,0.409443,-0.594735,0.797534,-0.099188,-1.300467,-0.313290,0.728140,-2.291814,-0.637809,2.627406,0.468681,-0.381575,0.123368,0.210890,0.012712,-0.206931,0.346160,-0.144647
3.722021,-1.042840,0.256439,1.162301,0.929831,-1.081838,1.122808,-0.324238,-0.031496,-0.251471,0.709018,0.404623,-0.594353,0.794565,-0.098977,-1.300846,-0.313169,0.728365,-2.291805,-0.638023,2.627754,0.468543,-0.379872,0.122161,0.214627,0.010906,-0.207998,0.345491,-0.143004
3.723011,-1.043174,0.260559,1.158389,0.930344,-1.082148,1.124587,-0.325256,-0.062185,-0.240172,0.678215,0.399984,-0.593764,0.791083,-0.098798,-1.301223,-0.313047,0.728586,-2.291786,-0.638223,2.628090,0.468403,-0.378861,0.122623,0.217405,0.013719,-0.206932,0.342330,-0.142872
3.723977,-1.044628,0.260455,1.158143,0.929849,-1.084263,1.125101,-0.324380,-0.101893,-0.223952,0.637914,0.393801,-0.593028,0.786758,-0.098666,-1.301601,-0.312929,0.728812,-2.291772,-0.638433,2.628428,0.468269,-0.378711,0.120693,0.219266,0.013551,-0.206632,0.340620,-0.140808
3.725096,-1.045506,0.265115,1.157146,0.929693,-1.084444,1.123009,-0.324456,-0.148896,-0.202363,0.590292,0.385057,-0.592274,0.781669,-0.098590,-1.301979,-0.312809,0.729032,-2.291756,-0.638636,2.628765,0.468119,-0.377856,0.120842,0.219285,0.014328,-0.204522,0.340128,-0.142511
3.726047,-1.046219,0.264026,1.152613,0.930612,-1.082908,1.121094,-0.324237,-0.199909,-0.176044,0.539066,0.373459,-0.591610,0.776052,-0.098576,-1.302356,-0.312694,0.729252,-2.291740,-0.638839,2.629113,0.467975,-0.378013,0.118879,0.220107,0.014887,-0.204710,0.342512,-0.142361
3.727035,-1.042272,0.262465,1.154850,0.930589,-1.083512,1.120750,-0.324494,-0.252968,-0.145903,0.486242,0.359253,-0.591049,0.770084,-0.098608,-1.302732,-0.312574,0.729479,-2.291727,-0.639045,2.629461,0.467834,-0.377496,0.119510,0.222172,0.014306,-0.206215,0.344331,-0.142746
3.728090,-1.045246,0.261543,1.153837,0.931864,-1.083028,1.122121,-0.323193,-0.305059,-0.115324,0.434408,0.344488,-0.590532,0.764204,-0.098664,-1.303118,-0.312452,0.729696,-2.291710,-0.639250,2.629805,0.467693,-0.379386,0.120389,0.221039,0.014624,-0.205640,0.344674,-0.142186
3.729014,-1.035971,0.258888,1.149583,0.930240,-1.083790,1.126638,-0.324250,-0.351598,-0.088727,0.387818,0.331524,-0.590040,0.758981,-0.098732,-1.303489,-0.312328,0.729921,-2.291699,-0.639458,2.630146,0.467545,-0.378240,0.121023,0.221654,0.013793,-0.206292,0.343456,-0.144786
3.730094,-1.040791,0.263432,1.150398,0.931638,-1.085843,1.129137,-0.323537,-0.389884,-0.068724,0.348952,0.321600,-0.589574,0.754738,-0.098801,-1.303879,-0.312204,0.730151,-2.291680,-0.639661,2.630482,0.467408,-0.382474,0.122327,0.223475,0.015636,-0.205452,0.338829,-0.142568
3.731084,-1.041968,0.264270,1.146190,0.930374,-1.083119,1.129512,-0.323070,-0.419391,-0.055160,0.318380,0.314400,-0.589180,0.751503,-0.098859,-1.304249,-0.312086,0.730376,-2.291666,-0.639858,2.630813,0.467264,-0.380510,0.120312,0.223201,0.014627,-0.203706,0.336639,-0.144033
3.731993,-1.049124,0.263199,1.146669,0.933906,-1.082812,1.126719,-0.322763,-0.443417,-0.044367,0.293112,0.308154,-0.588885,0.748868,-0.098916,-1.304629,-0.311969,0.730606,-2.291646,-0.640069,2.631153,0.467116,-0.379901,0.120062,0.225192,0.016133,-0.206466,0.336325,-0.144895
3.733051,-1.043672,0.269989,1.136813,0.932553,-1.082505,1.127917,-0.322776,-0.467083,-0.033683,0.267967,0.302330,-0.588604,0.746365,-0.098979,-1.305001,-0.311846,0.730832,-2.291638,-0.640279,2.631494,0.466968,-0.375987,0.120564,0.224619,0.012984,-0.206584,0.339013,-0.145398
3.734039,-1.050112,0.269588,1.138224,0.933133,-1.082819,1.127921,-0.322419,-0.493810,-0.021895,0.239389,0.297322,-0.588254,0.743758,-0.099027,-1.305381,-0.311732,0.731069,-2.291619,-0.640486,2.631831,0.466823,-0.379059,0.117442,0.229552,0.014681,-0.207073,0.337979,-0.145349
3.735046,-1.049673,0.271171,1.138049,0.933065,-1.080801,1.124880,-0.321519,-0.525180,-0.006761,0.206118,0.291709,-0.587896,0.740823,-0.099048,-1.305752,-0.311614,0.731296,-2.291604,-0.640694,2.632171,0.466673,-0.375846,0.117821,0.228680,0.014417,-0.206766,0.338019,-0.145996
3.736084,-1.050497,0.268959,1.134545,0.935062,-1.082087,1.126573,-0.320936,-0.559912,0.011657,0.169789,0.284525,-0.587642,0.737572,-0.099048,-1.306125,-0.311498,0.731521,-2.291588,-0.640908,2.632516,0.466522,-0.376237,0.117218,0.228746,0.014789,-0.208808,0.341137,-0.147740
3.736988,-1.053478,0.271963,1.133015,0.933603,-1.078579,1.127387,-0.321274,-0.595106,0.030339,0.133151,0.277298,-0.587523,0.734340,-0.099036,-1.306504,-0.311376,0.731756,-2.291576,-0.641111,2.632856,0.466371,-0.376014,0.118505,0.230441,0.013228,-0.207655,0.339540,-0.148847
3.738109,-1.052602,0.270301,1.137102,0.933498,-1.075084,1.130115,-0.321922,-0.629806,0.047515,0.096846,0.271338,-0.587504,0.731311,-0.099017,-1.306881,-0.311262,0.731990,-2.291558,-0.641329,2.633188,0.466222,-0.374125,0.117042,0.230765,0.014907,-0.210951,0.338644,-0.148037
3.739098,-1.048007,0.266082,1.143510,0.934305,-1.072991,1.127728,-0.320936,-0.662671,0.063170,0.062458,0.265937,-0.587610,0.728511,-0.098977,-1.307256,-0.311140,0.732214,-2.291541,-0.641550,2.633523,0.466077,-0.375213,0.118207,0.228986,0.015374,-0.214620,0.336244,-0.146753
3.740031,-1.043530,0.268324,1.138961,0.932835,-1.071653,1.127792,-0.319939,-0.686817,0.073471,0.037201,0.261902,-0.587912,0.726522,-0.098911,-1.307637,-0.311018,0.732437,-2.291526,-0.641772,2.633866,0.465927,-0.377483,0.120416,0.225710,0.014899,-0.216572,0.338700,-0.148683
3.741033,-1.041197,0.268519,1.144566,0.933501,-1.069835,1.125984,-0.318965,-0.696719,0.074825,0.026676,0.260361,-0.588441,0.725850,-0.098837,-1.308022,-0.310900,0.732667,-2.291506,-0.641989,2.634205,0.465775,-0.379365,0.119323,0.227743,0.016546,-0.217718,0.338537,-0.150567
3.742038,-1.040825,0.270205,1.145850,0.935408,-1.067596,1.127670,-0.319861,-0.693249,0.069110,0.030174,0.259981,-0.589200,0.726292,-0.098765,-1.308401,-0.310780,0.732889,-2.291490,-0.642215,2.634549,0.465618,-0.380561,0.119373,0.224880,0.016168,-0.219408,0.340408,-0.152422
3.742963,-1.040399,0.270391,1.145518,0.934787,-1.063015,1.127162,-0.319407,-0.677965,0.058156,0.046087,0.260695,-0.590142,0.727724,-0.098689,-1.308780,-0.310661,0.733112,-2.291477,-0.642442,2.634884,0.465467,-0.380781,0.118683,0.224236,0.014659,-0.221518,0.338791,-0.150523
3.744083,-1.041856,0.272842,1.142226,0.934566,-1.061849,1.130351,-0.318183,-0.653549,0.043190,0.071374,0.263317,-0.591168,0.730037,-0.098605,-1.309155,-0.310542,0.733334,-2.291459,-0.642672,2.635223,0.465313,-0.380723,0.118620,0.224195,0.015517,-0.225778,0.339226,-0.151335
3.745032,-1.042132,0.275870,1.144580,0.934203,-1.059013,1.129241,-0.319079,-0.625384,0.027126,0.100375,0.266810,-0.592218,0.732754,-0.098533,-1.309535,-0.310426,0.733566,-2.291442,-0.642905,2.635557,0.465156,-0.380564,0.117767,0.226034,0.016088,-0.226965,0.336356,-0.153766
3.745981,-1.046336,0.272140,1.147995,0.935315,-1.059360,1.127822,-0.318968,-0.597944,0.013286,0.128657,0.269273,-0.593330,0.735389,-0.098505,-1.309918,-0.310310,0.733785,-2.291426,-0.643139,2.635892,0.465007,-0.380163,0.116350,0.224710,0.016729,-0.229493,0.337490,-0.151842
3.747147,-1.048914,0.270931,1.150757,0.934730,-1.058391,1.128428,-0.319284,-0.572239,0.002316,0.155297,0.270216,-0.594565,0.737817,-0.098550,-1.310289,-0.310186,0.734008,-2.291412,-0.643372,2.636233,0.464853,-0.377937,0.118266,0.222837,0.015934,-0.228798,0.338857,-0.151972
3.748065,-1.043792,0.273731,1.149498,0.937616,-1.055207,1.124359,-0.318158,-0.547171,-0.008394,0.181173,0.270843,-0.595943,0.740224,-0.098685,-1.310668,-0.310065,0.734227,-2.291394,-0.643607,2.636572,0.464699,-0.377448,0.119245,0.221914,0.016916,-0.229907,0.338653,-0.151336
3.748989,-1.043759,0.268196,1.155913,0.937919,-1.054351,1.122888,-0.318315,-0.521616,-0.020690,0.207194,0.272458,-0.597411,0.742867,-0.098905,-1.311048,-0.309950,0.734451,-2.291384,-0.643844,2.636919,0.464541,-0.379682,0.117890,0.222305,0.014399,-0.232683,0.342614,-0.153471
3.750053,-1.045415,0.268136,1.159769,0.937788,-1.051917,1.122110,-0.317440,-0.493322,-0.036158,0.235501,0.276597,-0.598871,0.746090,-0.099196,-1.311433,-0.309825,0.734662,-2.291370,-0.644081,2.637266,0.464390,-0.379275,0.120658,0.218969,0.014435,-0.233107,0.343914,-0.153024
3.751050,-1.039760,0.271524,1.157542,0.939323,-1.050046,1.124121,-0.317794,-0.459792,-0.056704,0.268635,0.283752,-0.600294,0.750065,-0.099549,-1.311815,-0.309705,0.734880,-2.291355,-0.644327,2.637611,0.464230,-0.378729,0.120899,0.217261,0.014950,-0.235365,0.344853,-0.154719
3.752015,-1.035573,0.272468,1.160887,0.938397,-1.047963,1.125110,-0.317466,-0.421373,-0.081146,0.306465,0.292867,-0.601656,0.754581,-0.099941,-1.312201,-0.309589,0.735098,-2.291344,-0.644566,2.637953,0.464079,-0.381524,0.119366,0.218418,0.013824,-0.236957,0.342862,-0.153913
3.753061,-1.037508,0.269161,1.160897,0.938868,-1.046088,1.124647,-0.318280,-0.379000,-0.106867,0.348317,0.302809,-0.602926,0.759414,-0.100331,-1.312590,-0.309469,0.735313,-2.291328,-0.644808,2.638295,0.463922,-0.383357,0.118992,0.216691,0.015080,-0.238668,0.341858,-0.154470
3.754049,-1.037060,0.274135,1.164832,0.938600,-1.044069,1.124482,-0.319090,-0.333207,-0.133138,0.393751,0.312727,-0.604112,0.764391,-0.100674,-1.312976,-0.309345,0.735529,-2.291313,-0.645047,2.638633,0.463774,-0.382513,0.120822,0.216882,0.014962,-0.240373,0.342504,-0.152784
3.755053,-1.035740,0.270686,1.163328,0.939862,-1.046001,1.123192,-0.319537,-0.286326,-0.159064,0.440416,0.321810,-0.605198,0.769242,-0.100950,-1.313358,-0.309229,0.735741,-2.291298,-0.645292,2.638979,0.463628,-0.382679,0.118463,0.214968,0.015554,-0.242038,0.342667,-0.151103
3.756061,-1.033610,0.269420,1.165328,0.940701,-1.047652,1.120633,-0.320209,-0.240512,-0.183304,0.486233,0.329552,-0.606175,0.773817,-0.101160,-1.313743,-0.309106,0.735958,-2.291287,-0.645533,2.639323,0.463478,-0.383321,0.120337,0.215790,0.014713,-0.239790,0.344017,-0.150156
3.757017,-1.033093,0.268572,1.163833,0.941337,-1.049736,1.118099,-0.320334,-0.196044,-0.207383,0.530615,0.337181,-0.607040,0.778283,-0.101311,-1.314126,-0.308982,0.736170,-2.291274,-0.645767,2.639678,0.463334,-0.384404,0.121061,0.214903,0.014270,-0.237940,0.346574,-0.148765
3.757994,-1.031779,0.274778,1.167228,0.944645,-1.048441,1.120144,-0.321829,-0.153131,-0.232887,0.573014,0.345798,-0.607829,0.782744,-0.101407,-1.314510,-0.308861,0.736385,-2.291261,-0.646001,2.640032,0.463184,-0.384414,0.121541,0.215605,0.013996,-0.235536,0.348990,-0.148436
3.759056,-1.031296,0.274276,1.165580,0.944427,-1.048611,1.121050,-0.320985,-0.112849,-0.258358,0.612405,0.355548,-0.608574,0.787127,-0.101452,-1.314900,-0.308749,0.736593,-2.291254,-0.646238,2.640375,0.463042,-0.384867,0.118606,0.213982,0.011179,-0.236573,0.346900,-0.145370
3.760064,-1.029717,0.268435,1.167398,0.945112,-1.046912,1.123299,-0.321237,-0.075967,-0.281708,0.648184,0.366582,-0.609262,0.791383,-0.101475,-1.315282,-0.308626,0.736811,-2.291240,-0.646474,2.640719,0.462894,-0.385390,0.119089,0.215025,0.011835,-0.236288,0.346170,-0.147076
3.761021,-1.029346,0.269519,1.170688,0.942841,-1.044485,1.123983,-0.320873,-0.041814,-0.304167,0.680872,0.379214,-0.609892,0.795538,-0.101499,-1.315669,-0.308498,0.737027,-2.291229,-0.646716,2.641056,0.462748,-0.386143,0.122088,0.214167,0.011575,-0.237718,0.344004,-0.146504
3.762020,-1.028803,0.267495,1.172192,0.945675,-1.048728,1.123739,-0.322460,-0.008449,-0.328060,0.712397,0.392909,-0.610500,0.799632,-0.101524,-1.316050,-0.308376,0.737235,-2.291209,-0.646957,2.641399,0.462602,-0.386135,0.121559,0.212552,0.014063,-0.239774,0.343287,-0.147172
3.763006,-1.022105,0.265232,1.173151,0.944591,-1.048118,1.122768,-0.323096,0.025146,-0.353110,0.744163,0.406310,-0.611074,0.803622,-0.101535,-1.316438,-0.308253,0.737446,-2.291202,-0.647187,2.641747,0.462463,-0.386325,0.122685,0.211922,0.011717,-0.235295,0.343557,-0.143934
3.764081,-1.024802,0.269408,1.175428,0.946205,-1.047981,1.123839,-0.323334,0.059943,-0.379947,0.777178,0.419747,-0.611530,0.807653,-0.101527,-1.316834,-0.308127,0.737654,-2.291186,-0.647420,2.642090,0.462322,-0.389452,0.123865,0.211562,0.013147,-0.235716,0.344546,-0.142644
3.764996,-1.025191,0.269344,1.171445,0.946513,-1.049201,1.126047,-0.324040,0.096389,-0.408314,0.811974,0.433136,-0.611827,0.811766,-0.101510,-1.317218,-0.308007,0.737864,-2.291176,-0.647655,2.642434,0.462185,-0.388383,0.122001,0.210738,0.011998,-0.235776,0.343653,-0.142202
3.765979,-1.032118,0.268327,1.171771,0.946796,-1.050106,1.127261,-0.324009,0.130851,-0.434721,0.844977,0.445382,-0.611929,0.815579,-0.101500,-1.317606,-0.307886,0.738080,-2.291163,-0.647890,2.642777,0.462050,-0.387721,0.122034,0.212587,0.012033,-0.234133,0.341294,-0.140723
3.767086,-1.030401,0.270521,1.172120,0.945428,-1.051607,1.129436,-0.324650,0.157830,-0.456537,0.870329,0.456073,-0.611804,0.818618,-0.101517,-1.317981,-0.307762,0.738289,-2.291150,-0.648120,2.643109,0.461909,-0.384216,0.122615,0.212502,0.012132,-0.233018,0.340168,-0.140762
3.768080,-1.034013,0.272121,1.173817,0.947745,-1.052801,1.130802,-0.324228,0.175078,-0.472697,0.885840,0.464173,-0.611562,0.820579,-0.101572,-1.318374,-0.307643,0.738504,-2.291132,-0.648351,2.643442,0.461770,-0.385478,0.121830,0.212679,0.013846,-0.231558,0.338312,-0.139501
3.769004,-1.032300,0.270328,1.173444,0.948274,-1.052880,1.132910,-0.324954,0.184181,-0.482967,0.893533,0.469029,-0.611348,0.821526,-0.101673,-1.318759,-0.307523,0.738716,-2.291124,-0.648578,2.643773,0.461630,-0.383561,0.121159,0.211899,0.011997,-0.230204,0.337056,-0.140336
3.770137,-1.032849,0.271748,1.171586,0.948253,-1.053176,1.131549,-0.325023,0.187644,-0.489046,0.895859,0.472314,-0.611163,0.821878,-0.101830,-1.319143,-0.307398,0.738926,-2.291112,-0.648806,2.644108,0.461497,-0.384073,0.122020,0.212021,0.011835,-0.229815,0.334872,-0.138819
3.771060,-1.033510,0.269698,1.175384,0.948284,-1.053387,1.131695,-0.326087,0.187156,-0.492955,0.894266,0.475420,-0.610996,0.821984,-0.102040,-1.319532,-0.307279,0.739142,-2.291097,-0.649037,2.644450,0.461358,-0.384303,0.121657,0.213364,0.012309,-0.229621,0.336599,-0.138740
3.771995,-1.027734,0.273194,1.176042,0.948501,-1.052925,1.133085,-0.325480,0.183984,-0.495450,0.890130,0.477895,-0.610909,0.821935,-0.102286,-1.319918,-0.307154,0.739350,-2.291084,-0.649262,2.644784,0.461224,-0.383557,0.122656,0.211382,0.012611,-0.229110,0.336371,-0.136547
3.772977,-1.028622,0.271525,1.175806,0.948167,-1.053895,1.136414,-0.326543,0.180996,-0.497127,0.886678,0.479236,-0.610960,0.821907,-0.102554,-1.320308,-0.307037,0.739561,-2.291072,-0.649492,2.645117,0.461087,-0.386079,0.120945,0.211012,0.012738,-0.229263,0.334932,-0.137745
3.773991,-1.019631,0.273984,1.171913,0.949357,-1.054288,1.136038,-0.325850,0.180638,-0.498336,0.886561,0.479340,-0.611138,0.822053,-0.102814,-1.320692,-0.306914,0.739773,-2.291055,-0.649720,2.645439,0.460954,-0.385479,0.121887,0.211182,0.013361,-0.228090,0.331719,-0.135575
3.775047,-1.017335,0.277568,1.173533,0.949172,-1.055519,1.135523,-0.326030,0.183150,-0.499633,0.889741,0.478840,-0.611333,0.822398,-0.103036,-1.321085,-0.306794,0.739988,-2.291043,-0.649941,2.645770,0.460817,-0.389948,0.120793,0.213262,0.012583,-0.227645,0.332279,-0.136991
3.776071,-1.021599,0.273499,1.174835,0.948479,-1.058897,1.136329,-0.325132,0.188803,-0.500947,0.896399,0.477998,-0.611455,0.822933,-0.103197,-1.321480,-0.306678,0.740202,-2.291030,-0.650166,2.646103,0.460682,-0.391161,0.119278,0.212647,0.013207,-0.226401,0.333013,-0.136638
3.776994,-1.020506,0.275683,1.176617,0.947352,-1.059661,1.135914,-0.325625,0.196921,-0.501540,0.906012,0.475885,-0.611505,0.823476,-0.103301,-1.321865,-0.306552,0.740410,-2.291014,-0.650381,2.646433,0.460539,-0.389061,0.121453,0.212211,0.014217,-0.223029,0.332367,-0.138425
3.778033,-1.017777,0.277055,1.174883,0.949077,-1.064963,1.136411,-0.325300,0.205600,-0.501186,0.916718,0.471437,-0.611519,0.823769,-0.103350,-1.322250,-0.306433,0.740620,-2.290996,-0.650604,2.646767,0.460404,-0.389229,0.120350,0.211229,0.015577,-0.222011,0.332731,-0.137361
3.779093,-1.019544,0.279020,1.169290,0.949373,-1.068725,1.136940,-0.324438,0.213887,-0.499450,0.927676,0.464456,-0.611539,0.823761,-0.103341,-1.322644,-0.306315,0.740836,-2.290985,-0.650812,2.647100,0.460261,-0.390630,0.119889,0.212275,0.014275,-0.216798,0.332409,-0.138011
3.780071,-1.020172,0.276626,1.171331,0.949653,-1.068782,1.139042,-0.325226,0.219723,-0.495746,0.936536,0.456104,-0.611539,0.823453,-0.103303,-1.323027,-0.306197,0.741055,-2.290971,-0.651013,2.647433,0.460117,-0.389982,0.119167,0.215271,0.014398,-0.213293,0.332109,-0.139735
3.781029,-1.023378,0.276282,1.172924,0.949823,-1.071145,1.138362,-0.323830,0.220544,-0.490219,0.940165,0.447675,-0.611492,0.822797,-0.103278,-1.323416,-0.306077,0.741265,-2.290957,-0.651226,2.647759,0.459980,-0.389475,0.120488,0.214278,0.014470,-0.213218,0.330090,-0.138098
3.782102,-1.017423,0.276293,1.166125,0.949136,-1.073274,1.139311,-0.322590,0.216960,-0.484231,0.939003,0.439905,-0.611444,0.821911,-0.103298,-1.323802,-0.305954,0.741478,-2.290944,-0.651434,2.648086,0.459834,-0.387616,0.120685,0.213459,0.014648,-0.210788,0.330853,-0.140858
3.783145,-1.019560,0.274142,1.171091,0.950603,-1.072992,1.139519,-0.321286,0.210092,-0.478485,0.934253,0.432732,-0.611455,0.820861,-0.103388,-1.324194,-0.305829,0.741702,-2.290927,-0.651639,2.648413,0.459687,-0.390841,0.120875,0.217059,0.015678,-0.208890,0.330182,-0.143318
3.783975,-1.023447,0.273610,1.171034,0.951084,-1.074200,1.137176,-0.321020,0.201320,-0.473889,0.927229,0.426509,-0.611529,0.819804,-0.103557,-1.324584,-0.305707,0.741913,-2.290915,-0.651846,2.648744,0.459537,-0.389825,0.122143,0.214734,0.014646,-0.209338,0.330186,-0.145885
3.785041,-1.018384,0.272411,1.168126,0.951371,-1.078603,1.133667,-0.319363,0.191999,-0.471564,0.919206,0.422245,-0.611579,0.818977,-0.103789,-1.324962,-0.305585,0.742127,-2.290901,-0.652047,2.649080,0.459389,-0.387132,0.122239,0.214422,0.014401,-0.207861,0.332279,-0.146243
3.786015,-1.016865,0.275310,1.164560,0.952776,-1.082222,1.132447,-0.318069,0.181521,-0.470933,0.909639,0.419726,-0.611498,0.818308,-0.104075,-1.325359,-0.305461,0.742347,-2.290886,-0.652241,2.649424,0.459235,-0.389822,0.123033,0.216067,0.014499,-0.203758,0.335981,-0.149540
3.787024,-1.018575,0.272779,1.166074,0.952277,-1.082681,1.134094,-0.318673,0.169379,-0.470926,0.898066,0.418280,-0.611225,0.817652,-0.104407,-1.325754,-0.305343,0.742571,-2.290876,-0.652436,2.649757,0.459076,-0.390284,0.121683,0.217745,0.013537,-0.200265,0.337226,-0.152002
3.788064,-1.025342,0.275682,1.163963,0.953849,-1.087533,1.134991,-0.317643,0.155390,-0.470631,0.884298,0.417533,-0.610725,0.816911,-0.104750,-1.326141,-0.305215,0.742785,-2.290860,-0.652632,2.650090,0.458928,-0.389384,0.123037,0.217060,0.014369,-0.200017,0.335668,-0.150702
3.788978,-1.026176,0.273298,1.160418,0.953258,-1.089303,1.137112,-0.317311,0.137993,-0.468923,0.866738,0.417079,-0.609974,0.815885,-0.105066,-1.326522,-0.305098,0.743005,-2.290849,-0.652818,2.650426,0.458767,-0.386162,0.121791,0.218247,0.013231,-0.195466,0.334954,-0.152703
3.789989,-1.024126,0.273071,1.154693,0.954174,-1.093588,1.134921,-0.315698,0.114184,-0.464365,0.842283,0.416559,-0.608955,0.814275,-0.105355,-1.326913,-0.304974,0.743225,-2.290832,-0.653007,2.650754,0.458610,-0.385256,0.122961,0.219802,0.014084,-0.193777,0.332772,-0.153210
3.791094,-1.027875,0.274983,1.150735,0.955085,-1.098581,1.135738,-0.315128,0.082895,-0.457092,0.809768,0.416002,-0.607714,0.811980,-0.105618,-1.327301,-0.304849,0.743453,-2.290819,-0.653188,2.651095,0.458449,-0.386279,0.123161,0.222621,0.013548,-0.189803,0.335084,-0.156359
3.792080,-1.030156,0.279552,1.152572,0.953822,-1.098585,1.134149,-0.313528,0.044438,-0.447580,0.769465,0.415579,-0.606342,0.809053,-0.105862,-1.327686,-0.304726,0.743682,-2.290807,-0.653371,2.651429,0.458289,-0.384811,0.122466,0.224766,0.013106,-0.185326,0.334558,-0.157425
3.793059,-1.025108,0.281992,1.146565,0.954814,-1.097557,1.132935,-0.313500,-0.001182,-0.433702,0.721890,0.413697,-0.604984,0.805394,-0.106096,-1.328063,-0.304610,0.743902,-2.290790,-0.653559,2.651770,0.458122,-0.383653,0.120333,0.223782,0.014674,-0.185582,0.336195,-0.160505
3.794109,-1.024670,0.279465,1.142561,0.955831,-1.098367,1.132021,-0.311955,-0.052126,-0.413466,0.669720,0.408308,-0.603802,0.801008,-0.106304,-1.328456,-0.304494,0.744134,-2.290777,-0.653746,2.652112,0.457960,-0.385980,0.119276,0.226629,0.014024,-0.186832,0.337408,-0.160401
3.794966,-1.022608,0.281238,1.143312,0.955448,-1.097938,1.132617,-0.312042,-0.105561,-0.389059,0.615618,0.400823,-0.602764,0.796293,-0.106475,-1.328844,-0.304370,0.744365,-2.290763,-0.653930,2.652452,0.457790,-0.386323,0.120737,0.228627,0.013407,-0.186391,0.338489,-0.163400
3.795975,-1.024294,0.275497,1.142209,0.957583,-1.098522,1.132551,-0.312091,-0.158557,-0.364137,0.561954,0.393554,-0.601800,0.791690,-0.106611,-1.329228,-0.304253,0.744591,-2.290749,-0.654117,2.652787,0.457630,-0.386673,0.119769,0.227777,0.014076,-0.186782,0.337665,-0.163007
3.797039,-1.014787,0.275564,1.137974,0.955082,-1.097842,1.131461,-0.311656,-0.207968,-0.341595,0.511650,0.387940,-0.600894,0.787513,-0.106713,-1.329612,-0.304125,0.744822,-2.290740,-0.654305,2.653124,0.457465,-0.385819,0.122738,0.228239,0.012407,-0.186453,0.337836,-0.162789
3.798040,-1.016090,0.277832,1.138522,0.955643,-1.099583,1.131499,-0.311452,-0.250933,-0.324367,0.467377,0.385086,-0.600028,0.784005,-0.106782,-1.330007,-0.303999,0.745056,-2.290719,-0.654493,2.653463,0.457298,-0.390768,0.122836,0.230378,0.015186,-0.187518,0.339140,-0.163571
3.799139,-1.016392,0.276511,1.138804,0.958766,-1.099709,1.130288,-0.309746,-0.285913,-0.311915,0.431054,0.383389,-0.599262,0.781098,-0.106820,-1.330394,-0.303880,0.745286,-2.290706,-0.654676,2.653807,0.457137,-0.389994,0.121844,0.229973,0.014976,-0.186047,0.339131,-0.163862
3.800120,-1.022465,0.279155,1.137073,0.957192,-1.098441,1.129525,-0.310296,-0.313406,-0.302445,0.402390,0.382337,-0.598557,0.778738,-0.106854,-1.330784,-0.303755,0.745518,-2.290697,-0.654867,2.654146,0.456960,-0.390193,0.122764,0.229962,0.012382,-0.186370,0.340634,-0.167182
3.801027,-1.020730,0.281554,1.141537,0.956747,-1.100719,1.129170,-0.310472,-0.336365,-0.294596,0.378195,0.382678,-0.597790,0.776802,-0.106907,-1.331161,-0.303635,0.745749,-2.290678,-0.655057,2.654490,0.456799,-0.387087,0.121525,0.230656,0.014220,-0.187825,0.341387,-0.165913
3.802058,-1.026421,0.282987,1.134187,0.958003,-1.100874,1.131903,-0.311006,-0.357676,-0.284744,0.356140,0.381781,-0.597067,0.774850,-0.106957,-1.331551,-0.303519,0.745974,-2.290660,-0.655242,2.654833,0.456634,-0.387467,0.120362,0.228089,0.014864,-0.185586,0.341585,-0.165392
3.803051,-1.030771,0.282196,1.135268,0.957844,-1.100753,1.131188,-0.311036,-0.378923,-0.270387,0.335042,0.377877,-0.596526,0.772652,-0.107010,-1.331936,-0.303400,0.746210,-2.290648,-0.655433,2.655167,0.456475,-0.384692,0.119853,0.231727,0.014023,-0.185740,0.338987,-0.164231
3.803972,-1.032629,0.284923,1.134507,0.958072,-1.099582,1.126459,-0.311964,-0.403154,-0.251455,0.311253,0.372080,-0.596141,0.770145,-0.107114,-1.332310,-0.303278,0.746442,-2.290633,-0.655617,2.655510,0.456309,-0.382572,0.120365,0.230984,0.014531,-0.186129,0.339758,-0.164041
3.805083,-1.033399,0.286533,1.132884,0.957938,-1.100518,1.125745,-0.311968,-0.431574,-0.228246,0.283353,0.364668,-0.595959,0.767257,-0.107297,-1.332693,-0.303164,0.746676,-2.290618,-0.655809,2.655859,0.456151,-0.381268,0.119061,0.230991,0.014581,-0.187338,0.344370,-0.162029
3.806045,-1.035699,0.284986,1.137090,0.959804,-1.097666,1.121348,-0.311881,-0.462692,-0.200857,0.253173,0.354944,-0.596076,0.764021,-0.107548,-1.333072,-0.303046,0.746908,-2.290602,-0.655991,2.656207,0.455987,-0.381433,0.118606,0.231977,0.015115,-0.186927,0.345294,-0.161976
3.807148,-1.034466,0.285892,1.139644,0.959778,-1.095316,1.118971,-0.313003,-0.493775,-0.171242,0.223415,0.343815,-0.596455,0.760753,-0.107845,-1.333452,-0.302929,0.747134,-2.290592,-0.656186,2.656567,0.455825,-0.380111,0.119500,0.229670,0.013653,-0.189905,0.349585,-0.162013
3.808109,-1.028922,0.282203,1.139215,0.960519,-1.096398,1.116547,-0.313419,-0.520337,-0.143089,0.198398,0.333276,-0.597011,0.757970,-0.108152,-1.333839,-0.302808,0.747358,-2.290578,-0.656382,2.656923,0.455668,-0.381150,0.119329,0.228635,0.014138,-0.192640,0.352131,-0.159705
3.809024,-1.025800,0.286627,1.140756,0.959754,-1.095095,1.118033,-0.314066,-0.537981,-0.119752,0.182433,0.324652,-0.597673,0.756082,-0.108422,-1.334224,-0.302683,0.747588,-2.290567,-0.656569,2.657286,0.455513,-0.383711,0.121205,0.228641,0.013780,-0.191688,0.354391,-0.158780
3.810020,-1.025777,0.280180,1.142335,0.961581,-1.095114,1.117244,-0.313583,-0.544201,-0.102620,0.178021,0.318104,-0.598394,0.755248,-0.108634,-1.334613,-0.302568,0.747811,-2.290551,-0.656763,2.657638,0.455357,-0.384779,0.119026,0.227603,0.014819,-0.193012,0.352680,-0.157343
3.811114,-1.028034,0.283255,1.142047,0.961568,-1.096015,1.115254,-0.315255,-0.538948,-0.091757,0.185095,0.313772,-0.599112,0.755435,-0.108794,-1.334993,-0.302439,0.748034,-2.290541,-0.656955,2.657987,0.455195,-0.384776,0.122324,0.226780,0.013424,-0.193186,0.353492,-0.158217
3.812066,-1.025518,0.284045,1.143182,0.961958,-1.094542,1.115108,-0.315243,-0.524663,-0.087402,0.200773,0.312506,-0.599726,0.756478,-0.108909,-1.335377,-0.302320,0.748262,-2.290526,-0.657147,2.658345,0.455046,-0.384041,0.121040,0.227093,0.013852,-0.192679,0.355643,-0.154814
3.813017,-1.026079,0.283767,1.145943,0.962458,-1.094064,1.111664,-0.315283,-0.505108,-0.087247,0.221311,0.313413,-0.600229,0.758016,-0.108982,-1.335766,-0.302200,0.748489,-2.290513,-0.657342,2.658701,0.454890,-0.385001,0.120715,0.226306,0.013820,-0.194240,0.355632,-0.154756
3.814000,-1.026378,0.283784,1.145283,0.962189,-1.092609,1.109625,-0.316287,-0.482011,-0.088950,0.245368,0.315105,-0.600708,0.759865,-0.109031,-1.336146,-0.302077,0.748709,-2.290500,-0.657537,2.659068,0.454737,-0.384500,0.120888,0.224796,0.013661,-0.194782,0.358910,-0.154568
3.814998,-1.028132,0.284828,1.153702,0.965485,-1.092683,1.109003,-0.316116,-0.456483,-0.091868,0.271960,0.317053,-0.601256,0.761938,-0.109072,-1.336529,-0.301958,0.748934,-2.290485,-0.657739,2.659437,0.454587,-0.384254,0.120993,0.225046,0.014270,-0.196311,0.360783,-0.152464
3.816005,-1.020656,0.286843,1.151649,0.965532,-1.091871,1.110325,-0.315879,-0.429214,-0.095921,0.300401,0.319671,-0.601903,0.764250,-0.109129,-1.336907,-0.301839,0.749144,-2.290479,-0.657934,2.659798,0.454432,-0.383397,0.120611,0.220905,0.011500,-0.196384,0.361321,-0.152742
3.817121,-1.021011,0.283123,1.155148,0.963581,-1.092961,1.111398,-0.315889,-0.398265,-0.102093,0.332669,0.324468,-0.602617,0.767133,-0.109234,-1.337300,-0.301719,0.749369,-2.290466,-0.658134,2.660154,0.454280,-0.387068,0.119752,0.221949,0.011864,-0.197349,0.359961,-0.153143
3.818018,-1.023481,0.281430,1.159697,0.964225,-1.091615,1.109020,-0.316644,-0.362044,-0.111026,0.370429,0.331094,-0.603416,0.770651,-0.109387,-1.337692,-0.301593,0.749588,-2.290447,-0.658329,2.660510,0.454126,-0.387261,0.121893,0.220500,0.014165,-0.196662,0.359106,-0.153099
3.819032,-1.021253,0.279640,1.162054,0.963190,-1.092421,1.110491,-0.315755,-0.321067,-0.123005,0.413130,0.338008,-0.604301,0.774502,-0.109556,-1.338069,-0.301470,0.749799,-2.290437,-0.658529,2.660874,0.453977,-0.385585,0.122666,0.218056,0.013864,-0.197935,0.361213,-0.151456
3.820079,-1.015135,0.281505,1.159838,0.964204,-1.095772,1.111248,-0.317077,-0.276412,-0.138057,0.459642,0.344639,-0.605168,0.778466,-0.109724,-1.338460,-0.301345,0.750019,-2.290419,-0.658726,2.661234,0.453820,-0.386675,0.123664,0.216935,0.015195,-0.197288,0.359678,-0.153177
3.820997,-1.015663,0.279785,1.166385,0.965094,-1.095682,1.112507,-0.315697,-0.228636,-0.155698,0.509359,0.350972,-0.605907,0.782518,-0.109883,-1.338859,-0.301223,0.750237,-2.290407,-0.658915,2.661589,0.453676,-0.389757,0.122901,0.218224,0.014599,-0.194248,0.358999,-0.150469
3.822062,-1.022954,0.281007,1.169502,0.965023,-1.095582,1.115588,-0.315556,-0.177747,-0.175626,0.562099,0.357688,-0.606464,0.786775,-0.110022,-1.339247,-0.301097,0.750445,-2.290394,-0.659110,2.661947,0.453521,-0.388999,0.123705,0.214831,0.014059,-0.194366,0.357510,-0.153154
3.823088,-1.024225,0.279486,1.169601,0.966174,-1.096171,1.117179,-0.315730,-0.125309,-0.196782,0.616202,0.365035,-0.606822,0.791186,-0.110154,-1.339629,-0.300973,0.750658,-2.290379,-0.659307,2.662295,0.453369,-0.385619,0.123279,0.213562,0.014515,-0.194756,0.354565,-0.153370
3.824089,-1.022647,0.279243,1.165842,0.968646,-1.095053,1.117802,-0.316560,-0.075453,-0.217139,0.667412,0.372563,-0.606975,0.795452,-0.110282,-1.340012,-0.300846,0.750870,-2.290366,-0.659502,2.662645,0.453218,-0.385105,0.124148,0.213695,0.013762,-0.194391,0.353051,-0.152960
3.825034,-1.024698,0.283388,1.167290,0.966253,-1.092134,1.117860,-0.315975,-0.031356,-0.236538,0.712051,0.381529,-0.606874,0.799481,-0.110400,-1.340401,-0.300720,0.751089,-2.290359,-0.659701,2.662998,0.453072,-0.385817,0.124332,0.215617,0.011795,-0.195663,0.352420,-0.151232
3.826092,-1.024816,0.279125,1.167530,0.967569,-1.091741,1.121248,-0.315694,0.005165,-0.253704,0.748284,0.391665,-0.606561,0.803082,-0.110514,-1.340788,-0.300598,0.751298,-2.290341,-0.659903,2.663347,0.452918,-0.384459,0.122263,0.214852,0.014465,-0.198581,0.352259,-0.152319
3.827026,-1.021564,0.278360,1.168485,0.965761,-1.088793,1.120918,-0.316707,0.033755,-0.266586,0.776334,0.400589,-0.606197,0.805966,-0.110648,-1.341170,-0.300469,0.751515,-2.290330,-0.660106,2.663693,0.452766,-0.384669,0.124555,0.214939,0.013598,-0.199170,0.348986,-0.152833
3.828051,-1.022864,0.278094,1.165910,0.968129,-1.088600,1.121024,-0.315781,0.057341,-0.277224,0.799302,0.408185,-0.605891,0.808365,-0.110821,-1.341560,-0.300344,0.751731,-2.290311,-0.660315,2.664045,0.452615,-0.385891,0.124892,0.214336,0.015613,-0.202039,0.349204,-0.150673
3.829010,-1.018645,0.276841,1.167950,0.966243,-1.087158,1.124791,-0.315652,0.077951,-0.287554,0.819131,0.415186,-0.605635,0.810535,-0.111038,-1.341941,-0.300217,0.751948,-2.290300,-0.660515,2.664388,0.452460,-0.385344,0.125118,0.215751,0.013662,-0.202383,0.349189,-0.152489
3.830112,-1.019521,0.274129,1.170218,0.966902,-1.085729,1.129150,-0.315129,0.096118,-0.297872,0.836289,0.421922,-0.605383,0.812560,-0.111293,-1.342332,-0.300091,0.752160,-2.290281,-0.660723,2.664728,0.452309,-0.387178,0.125752,0.214689,0.015802,-0.203791,0.345358,-0.152640
3.831177,-1.015650,0.274708,1.169913,0.968332,-1.084789,1.130642,-0.315491,0.114438,-0.309558,0.853450,0.428606,-0.605159,0.814670,-0.111563,-1.342722,-0.299962,0.752374,-2.290266,-0.660928,2.665056,0.452152,-0.387079,0.127304,0.213918,0.015522,-0.205507,0.341347,-0.153652
3.832078,-1.019137,0.274261,1.167905,0.967374,-1.083120,1.129382,-0.315798,0.135169,-0.324192,0.872795,0.436210,-0.604934,0.817130,-0.111815,-1.343110,-0.299832,0.752587,-2.290252,-0.661137,2.665393,0.452001,-0.389250,0.127117,0.214338,0.014493,-0.206617,0.340101,-0.152874
3.832965,-1.015040,0.274275,1.169047,0.967726,-1.080897,1.131151,-0.315361,0.156480,-0.340635,0.892344,0.444872,-0.604626,0.819779,-0.112027,-1.343494,-0.299705,0.752806,-2.290234,-0.661352,2.665736,0.451853,-0.386981,0.127249,0.215107,0.015681,-0.208053,0.341216,-0.152145
3.834086,-1.019322,0.271494,1.170510,0.967900,-1.078323,1.131596,-0.316634,0.175219,-0.356015,0.909142,0.452835,-0.604231,0.822153,-0.112181,-1.343878,-0.299577,0.753015,-2.290220,-0.661565,2.666074,0.451702,-0.388521,0.127104,0.214355,0.015597,-0.210030,0.339253,-0.152902
3.835077,-1.017742,0.273457,1.169868,0.966213,-1.077909,1.132439,-0.316734,0.191135,-0.369946,0.923127,0.459671,-0.603756,0.824164,-0.112270,-1.344262,-0.299446,0.753230,-2.290204,-0.661784,2.666415,0.451554,-0.386864,0.128706,0.214013,0.015820,-0.212803,0.339136,-0.150331
3.835988,-1.018749,0.272966,1.168503,0.968211,-1.073972,1.133475,-0.317951,0.204173,-0.382308,0.934490,0.464974,-0.603238,0.825725,-0.112296,-1.344652,-0.299320,0.753445,-2.290181,-0.662005,2.666749,0.451402,-0.387539,0.127749,0.214382,0.017673,-0.213091,0.338365,-0.150071
3.837190,-1.021719,0.272953,1.168845,0.966980,-1.071850,1.137731,-0.317020,0.213047,-0.391648,0.942173,0.468053,-0.602704,0.826653,-0.112281,-1.345036,-0.299190,0.753660,-2.290168,-0.662229,2.667087,0.451260,-0.386574,0.127881,0.214895,0.015950,-0.216750,0.337213,-0.147535
3.838136,-1.021070,0.275126,1.170329,0.965708,-1.068982,1.138945,-0.317821,0.216969,-0.397762,0.945196,0.469810,-0.602099,0.827006,-0.112252,-1.345421,-0.299062,0.753877,-2.290147,-0.662459,2.667417,0.451109,-0.385969,0.128244,0.215302,0.017551,-0.219110,0.333480,-0.149473
3.839005,-1.020460,0.271842,1.167664,0.965129,-1.067192,1.137818,-0.317206,0.216274,-0.400283,0.944000,0.469769,-0.601477,0.826808,-0.112224,-1.345811,-0.298936,0.754089,-2.290126,-0.662687,2.667743,0.450964,-0.385947,0.127131,0.214499,0.018974,-0.221710,0.332321,-0.147763
3.840074,-1.022885,0.272647,1.167208,0.964866,-1.066028,1.135337,-0.317943,0.211997,-0.398803,0.939914,0.466636,-0.600955,0.826022,-0.112205,-1.346193,-0.298803,0.754305,-2.290102,-0.662915,2.668078,0.450814,-0.385637,0.128566,0.215557,0.019586,-0.223050,0.333286,-0.148881
3.840986,-1.019901,0.272508,1.169043,0.967053,-1.064421,1.135152,-0.318848,0.204070,-0.394162,0.932594,0.460718,-0.600521,0.824665,-0.112201,-1.346579,-0.298676,0.754524,-2.290082,-0.663141,2.668415,0.450670,-0.384681,0.128320,0.215982,0.020100,-0.224223,0.336011,-0.147376
3.841978,-1.019295,0.275421,1.169521,0.967711,-1.063160,1.134673,-0.318125,0.193369,-0.387763,0.922535,0.453572,-0.600097,0.822986,-0.112199,-1.346965,-0.298549,0.754734,-2.290066,-0.663365,2.668752,0.450532,-0.385730,0.128295,0.214939,0.018136,-0.225530,0.336063,-0.145492
3.843087,-1.019227,0.276385,1.171348,0.966630,-1.063121,1.135108,-0.320200,0.182780,-0.381095,0.912497,0.447273,-0.599604,0.821461,-0.112187,-1.347355,-0.298426,0.754950,-2.290049,-0.663593,2.669093,0.450380,-0.385882,0.126921,0.214740,0.017789,-0.226613,0.336586,-0.146895
3.844075,-1.024035,0.274411,1.174456,0.966889,-1.061569,1.139482,-0.320945,0.173841,-0.373948,0.904259,0.441744,-0.599051,0.820195,-0.112155,-1.347748,-0.298300,0.755160,-2.290027,-0.663822,2.669427,0.450247,-0.386285,0.126688,0.214241,0.019123,-0.226711,0.336471,-0.142746
3.844976,-1.019344,0.276056,1.172878,0.967310,-1.062505,1.139702,-0.321837,0.166627,-0.366109,0.898099,0.435997,-0.598503,0.819057,-0.112088,-1.348125,-0.298170,0.755371,-2.290008,-0.664053,2.669756,0.450108,-0.383847,0.127689,0.212759,0.019096,-0.228059,0.332157,-0.141253
3.846182,-1.019227,0.274812,1.174267,0.964073,-1.061609,1.140798,-0.321379,0.161219,-0.358745,0.893976,0.430681,-0.597952,0.818105,-0.111996,-1.348516,-0.298048,0.755586,-2.289990,-0.664279,2.670089,0.449971,-0.385667,0.126805,0.213373,0.018860,-0.226747,0.331872,-0.139398
3.847046,-1.022266,0.277145,1.172409,0.966810,-1.058294,1.139066,-0.322399,0.158027,-0.352253,0.892425,0.425361,-0.597476,0.817297,-0.111905,-1.348900,-0.297917,0.755798,-2.289960,-0.664514,2.670415,0.449829,-0.386618,0.127775,0.213314,0.022249,-0.227885,0.331350,-0.140417
3.848048,-1.021280,0.277003,1.171087,0.965540,-1.057722,1.139801,-0.322971,0.155681,-0.345868,0.892167,0.419039,-0.597134,0.816384,-0.111832,-1.349280,-0.297794,0.756011,-2.289946,-0.664750,2.670753,0.449695,-0.384460,0.126476,0.213980,0.019732,-0.230691,0.332893,-0.138269
3.849031,-1.021106,0.276040,1.166013,0.965516,-1.057476,1.139297,-0.323305,0.150847,-0.338604,0.889533,0.412464,-0.596805,0.815182,-0.111782,-1.349667,-0.297668,0.756231,-2.289923,-0.664983,2.671083,0.449559,-0.384920,0.126620,0.214660,0.021171,-0.231035,0.332259,-0.137122
3.850014,-1.018352,0.276352,1.167664,0.965261,-1.058570,1.137902,-0.323178,0.141512,-0.330360,0.882190,0.406169,-0.596416,0.813629,-0.111769,-1.350048,-0.297539,0.756451,-2.289900,-0.665215,2.671418,0.449424,-0.384927,0.127110,0.217171,0.021328,-0.231046,0.332832,-0.136444
3.851165,-1.021071,0.275936,1.169054,0.966206,-1.060499,1.139026,-0.324136,0.128111,-0.322044,0.870450,0.400200,-0.595980,0.811779,-0.111799,-1.350436,-0.297413,0.756666,-2.289877,-0.665444,2.671760,0.449289,-0.386166,0.126986,0.216339,0.021717,-0.229734,0.334251,-0.136691
3.851992,-1.021359,0.271676,1.168733,0.964567,-1.059358,1.139805,-0.323799,0.113081,-0.315019,0.856809,0.395115,-0.595509,0.809840,-0.111860,-1.350822,-0.297284,0.756882,-2.289858,-0.665670,2.672096,0.449158,-0.385413,0.127468,0.216099,0.021122,-0.227985,0.333508,-0.134842
3.852996,-1.023821,0.272069,1.169604,0.962643,-1.058216,1.140099,-0.323295,0.098013,-0.310686,0.842821,0.391472,-0.594988,0.807936,-0.111935,-1.351201,-0.297150,0.757095,-2.289830,-0.665901,2.672420,0.449022,-0.384509,0.129315,0.215890,0.022687,-0.228589,0.332524,-0.135439
3.854034,-1.019975,0.272411,1.165389,0.965110,-1.059235,1.139282,-0.325030,0.082392,-0.308906,0.828076,0.388241,-0.594391,0.805872,-0.112016,-1.351582,-0.297024,0.757311,-2.289803,-0.666134,2.672743,0.448884,-0.383292,0.129166,0.215512,0.024668,-0.229542,0.332410,-0.136432
3.855068,-1.026300,0.272417,1.164191,0.962605,-1.060290,1.141768,-0.324634,0.065373,-0.308598,0.811864,0.384759,-0.593655,0.803493,-0.112073,-1.351965,-0.296895,0.757531,-2.289785,-0.666356,2.673073,0.448762,-0.385406,0.129086,0.217756,0.022446,-0.228485,0.333438,-0.132982
3.856071,-1.028064,0.277492,1.159440,0.962254,-1.061362,1.139947,-0.325526,0.045341,-0.308836,0.792359,0.381659,-0.592666,0.800773,-0.112070,-1.352345,-0.296766,0.757751,-2.289753,-0.666582,2.673406,0.448628,-0.382366,0.129168,0.218440,0.024945,-0.227361,0.331091,-0.133832
3.857041,-1.028784,0.278133,1.158751,0.963364,-1.061233,1.140703,-0.325615,0.018344,-0.306128,0.765751,0.377083,-0.591426,0.797293,-0.112007,-1.352727,-0.296643,0.757972,-2.289727,-0.666806,2.673740,0.448501,-0.381503,0.126716,0.220828,0.025357,-0.226185,0.333061,-0.132046
3.858098,-1.028675,0.276900,1.158182,0.964622,-1.060406,1.141942,-0.326752,-0.017956,-0.297437,0.729957,0.369596,-0.589989,0.792781,-0.111903,-1.353106,-0.296517,0.758197,-2.289707,-0.667031,2.674071,0.448373,-0.381044,0.126433,0.221023,0.024412,-0.226127,0.332330,-0.131889
3.859087,-1.034364,0.277474,1.158009,0.961690,-1.060091,1.145023,-0.325216,-0.060423,-0.285331,0.687814,0.361751,-0.588368,0.787769,-0.111783,-1.353490,-0.296391,0.758421,-2.289684,-0.667263,2.674397,0.448247,-0.381331,0.127220,0.221420,0.023350,-0.226887,0.331354,-0.129655
3.859991,-1.034126,0.278907,1.159179,0.962138,-1.059470,1.144766,-0.324928,-0.105620,-0.272743,0.642551,0.354999,-0.586637,0.782706,-0.111671,-1.353862,-0.296264,0.758641,-2.289652,-0.667490,2.674723,0.448111,-0.378511,0.126952,0.221480,0.026232,-0.227026,0.328376,-0.132762
3.861068,-1.035605,0.276521,1.155014,0.963176,-1.060326,1.146199,-0.325512,-0.152557,-0.259034,0.595532,0.347581,-0.584962,0.777535,-0.111567,-1.354240,-0.296140,0.758860,-2.289626,-0.667719,2.675053,0.447978,-0.378260,0.126165,0.220642,0.025776,-0.227282,0.328583,-0.133261
3.862127,-1.031236,0.274561,1.154486,0.962496,-1.063842,1.143136,-0.325446,-0.199925,-0.244879,0.548064,0.339811,-0.583373,0.772414,-0.111452,-1.354620,-0.296008,0.759091,-2.289603,-0.667944,2.675375,0.447848,-0.377892,0.127502,0.222831,0.024925,-0.226451,0.327470,-0.132130
3.863036,-1.026117,0.276743,1.152201,0.963165,-1.063153,1.139623,-0.326824,-0.245349,-0.233512,0.502033,0.333854,-0.581829,0.767749,-0.111313,-1.355000,-0.295878,0.759315,-2.289575,-0.668160,2.675714,0.447720,-0.380391,0.128585,0.223188,0.025698,-0.222997,0.330769,-0.132327
3.864108,-1.030809,0.278595,1.148925,0.965990,-1.063731,1.136726,-0.326959,-0.285611,-0.226639,0.460678,0.329925,-0.580419,0.763808,-0.111155,-1.355385,-0.295753,0.759543,-2.289552,-0.668384,2.676055,0.447596,-0.382478,0.127406,0.224010,0.025084,-0.223416,0.334146,-0.129531
3.865034,-1.026894,0.279781,1.148213,0.962335,-1.062887,1.137824,-0.326887,-0.320866,-0.222891,0.423905,0.327993,-0.579125,0.760547,-0.110985,-1.355756,-0.295629,0.759771,-2.289534,-0.668604,2.676393,0.447469,-0.380544,0.126686,0.225752,0.022556,-0.222897,0.337266,-0.129349
3.866075,-1.029564,0.274890,1.145747,0.964991,-1.063259,1.142287,-0.325667,-0.353943,-0.219507,0.388954,0.327277,-0.577884,0.757614,-0.110821,-1.356142,-0.295505,0.759997,-2.289498,-0.668832,2.676726,0.447337,-0.382151,0.126071,0.225831,0.026063,-0.223449,0.336075,-0.129461
3.867172,-1.028571,0.280879,1.141875,0.964745,-1.063994,1.144975,-0.327080,-0.384650,-0.216448,0.356136,0.327049,-0.576716,0.754919,-0.110676,-1.356523,-0.295372,0.760231,-2.289479,-0.669053,2.677048,0.447200,-0.380970,0.128592,0.227023,0.023612,-0.223059,0.331834,-0.131932
3.868037,-1.032675,0.276292,1.142028,0.963687,-1.064147,1.143406,-0.326704,-0.412673,-0.215127,0.325390,0.328871,-0.575513,0.752661,-0.110555,-1.356901,-0.295252,0.760465,-2.289453,-0.669276,2.677374,0.447076,-0.381974,0.125832,0.229062,0.024016,-0.222427,0.329516,-0.129139
3.869172,-1.037235,0.278018,1.139696,0.964446,-1.066005,1.140426,-0.326865,-0.439616,-0.214210,0.295133,0.332383,-0.574223,0.750705,-0.110452,-1.357279,-0.295122,0.760694,-2.289424,-0.669495,2.677710,0.446944,-0.379303,0.127987,0.228505,0.024996,-0.221922,0.330926,-0.129861
3.870047,-1.039388,0.282415,1.131625,0.961204,-1.067793,1.139996,-0.327343,-0.467328,-0.212234,0.263813,0.335864,-0.572879,0.748734,-0.110374,-1.357658,-0.294995,0.760924,-2.289399,-0.669706,2.678047,0.446812,-0.377679,0.127362,0.229924,0.024419,-0.220347,0.334288,-0.129604
3.871038,-1.043101,0.282206,1.129684,0.964091,-1.071210,1.137531,-0.326659,-0.499623,-0.206089,0.227902,0.337047,-0.571504,0.746256,-0.110320,-1.358033,-0.294873,0.761166,-2.289363,-0.669924,2.678389,0.446687,-0.376100,0.125065,0.233398,0.027431,-0.218235,0.334472,-0.128608
3.872009,-1.037360,0.283206,1.126259,0.963304,-1.072421,1.135427,-0.327012,-0.539923,-0.192366,0.184198,0.334133,-0.570138,0.742874,-0.110278,-1.358408,-0.294749,0.761403,-2.289342,-0.670133,2.678728,0.446552,-0.374285,0.125260,0.234117,0.024691,-0.214814,0.337009,-0.129986
3.872993,-1.037397,0.278573,1.128131,0.961675,-1.074973,1.135791,-0.326317,-0.585571,-0.173344,0.135139,0.329134,-0.568794,0.738972,-0.110260,-1.358788,-0.294624,0.761639,-2.289315,-0.670342,2.679073,0.446426,-0.377080,0.124797,0.235567,0.025523,-0.213596,0.339083,-0.129273
3.874117,-1.039682,0.282442,1.128381,0.962037,-1.075203,1.138693,-0.327200,-0.629424,-0.153983,0.087877,0.323924,-0.567622,0.735211,-0.110267,-1.359167,-0.294492,0.761875,-2.289283,-0.670550,2.679415,0.446291,-0.376983,0.127107,0.234375,0.027094,-0.211048,0.338707,-0.130669
3.875088,-1.040225,0.281297,1.132457,0.962592,-1.074673,1.138632,-0.325495,-0.666490,-0.137141,0.047610,0.318731,-0.566794,0.731933,-0.110284,-1.359546,-0.294370,0.762107,-2.289258,-0.670756,2.679742,0.446166,-0.376431,0.125436,0.234457,0.026882,-0.211164,0.336185,-0.128970
3.875997,-1.032809,0.280906,1.130877,0.962251,-1.074541,1.136921,-0.326588,-0.695123,-0.123366,0.016072,0.314349,-0.566298,0.729311,-0.110303,-1.359920,-0.294243,0.762335,-2.289232,-0.670967,2.680076,0.446029,-0.376126,0.126037,0.232225,0.026390,-0.211653,0.336305,-0.132400
3.877064,-1.034212,0.284850,1.130520,0.961341,-1.077631,1.137443,-0.326377,-0.713111,-0.113880,-0.004446,0.311958,-0.566073,0.727614,-0.110321,-1.360304,-0.294116,0.762569,-2.289205,-0.671178,2.680419,0.445904,-0.379416,0.126146,0.232640,0.026729,-0.211604,0.337886,-0.130142
3.878053,-1.029420,0.283073,1.131115,0.963477,-1.080447,1.137416,-0.327052,-0.719880,-0.108539,-0.013188,0.311159,-0.566088,0.726858,-0.110303,-1.360680,-0.293994,0.762800,-2.289176,-0.671380,2.680753,0.445774,-0.379052,0.124369,0.232864,0.027683,-0.208722,0.337582,-0.130639
3.879148,-1.033919,0.286660,1.134074,0.962439,-1.085551,1.138890,-0.326555,-0.717133,-0.106075,-0.011836,0.311538,-0.566246,0.726916,-0.110219,-1.361067,-0.293867,0.763033,-2.289154,-0.671580,2.681095,0.445648,-0.381350,0.125323,0.232392,0.025675,-0.206013,0.337641,-0.129295
3.880086,-1.033536,0.287390,1.135656,0.962694,-1.087754,1.139146,-0.326979,-0.705879,-0.106553,-0.001569,0.313780,-0.566444,0.727805,-0.110070,-1.361447,-0.293745,0.763262,-2.289125,-0.671777,2.681429,0.445514,-0.379508,0.123775,0.231047,0.026809,-0.201247,0.336451,-0.130357
3.881016,-1.037263,0.285791,1.136684,0.963506,-1.087913,1.142582,-0.327402,-0.688213,-0.108281,0.015677,0.316796,-0.566701,0.729261,-0.109863,-1.361824,-0.293622,0.763489,-2.289097,-0.671972,2.681767,0.445387,-0.379490,0.123415,0.230016,0.026531,-0.199102,0.336146,-0.129482
3.881999,-1.034922,0.283258,1.139947,0.962265,-1.090961,1.142258,-0.326544,-0.666626,-0.110317,0.037318,0.320302,-0.567006,0.731075,-0.109617,-1.362202,-0.293498,0.763718,-2.289072,-0.672173,2.682096,0.445259,-0.377323,0.124212,0.229211,0.025757,-0.198935,0.332657,-0.128620
3.883167,-1.036722,0.286892,1.141496,0.960951,-1.092973,1.142675,-0.327373,-0.641514,-0.114452,0.062610,0.325428,-0.567332,0.733350,-0.109373,-1.362580,-0.293370,0.763943,-2.289041,-0.672366,2.682425,0.445128,-0.378486,0.125493,0.227482,0.026971,-0.196014,0.333112,-0.130359
3.884106,-1.028735,0.285193,1.138144,0.961369,-1.093885,1.142481,-0.327087,-0.612421,-0.120783,0.092302,0.330836,-0.567826,0.735980,-0.109156,-1.362963,-0.293246,0.764168,-2.289010,-0.672557,2.682754,0.445002,-0.378317,0.124008,0.227111,0.028356,-0.194583,0.333172,-0.128788
3.885009,-1.028748,0.286153,1.141583,0.961306,-1.096678,1.143001,-0.327141,-0.579800,-0.128013,0.126204,0.334940,-0.568603,0.738780,-0.108958,-1.363356,-0.293123,0.764400,-2.288985,-0.672751,2.683087,0.444870,-0.381927,0.124881,0.228495,0.027974,-0.193733,0.333347,-0.129353
3.886128,-1.029456,0.281811,1.144723,0.961924,-1.100030,1.142982,-0.326712,-0.543539,-0.136600,0.164132,0.338445,-0.569635,0.741865,-0.108779,-1.363736,-0.292998,0.764622,-2.288958,-0.672933,2.683415,0.444745,-0.381453,0.124315,0.226473,0.028027,-0.191020,0.332746,-0.129219
3.887113,-1.024413,0.281860,1.149946,0.961657,-1.099292,1.145117,-0.327279,-0.502899,-0.148026,0.206497,0.342567,-0.570868,0.745409,-0.108642,-1.364120,-0.292866,0.764844,-2.288933,-0.673114,2.683754,0.444612,-0.381619,0.126700,0.225205,0.027585,-0.188229,0.333093,-0.130150
3.888005,-1.019887,0.280252,1.144336,0.960059,-1.102208,1.147423,-0.327317,-0.456204,-0.164237,0.254843,0.348349,-0.572271,0.749588,-0.108554,-1.364513,-0.292740,0.765061,-2.288904,-0.673298,2.684077,0.444485,-0.383953,0.126694,0.222578,0.027848,-0.189260,0.331065,-0.129013
3.889034,-1.015793,0.282892,1.151394,0.959369,-1.103735,1.152637,-0.326207,-0.402804,-0.185456,0.309880,0.355585,-0.573830,0.754378,-0.108496,-1.364899,-0.292608,0.765292,-2.288873,-0.673478,2.684405,0.444357,-0.385657,0.127321,0.225026,0.029321,-0.186399,0.328662,-0.128907
3.890020,-1.020995,0.278362,1.152357,0.958460,-1.103448,1.154681,-0.327297,-0.344145,-0.209413,0.370379,0.362597,-0.575565,0.759499,-0.108453,-1.365290,-0.292485,0.765509,-2.288841,-0.673662,2.684712,0.444220,-0.387730,0.126138,0.221557,0.029966,-0.185228,0.323748,-0.131155
3.891007,-1.023208,0.280688,1.150878,0.959713,-1.104766,1.152231,-0.327642,-0.281650,-0.234495,0.435060,0.368392,-0.577475,0.764781,-0.108403,-1.365667,-0.292352,0.765727,-2.288809,-0.673847,2.685029,0.444098,-0.385071,0.128388,0.221100,0.030791,-0.185777,0.321903,-0.128965
3.892080,-1.019521,0.279444,1.151064,0.961798,-1.105718,1.151618,-0.328283,-0.220344,-0.259111,0.498566,0.373118,-0.579414,0.769882,-0.108325,-1.366047,-0.292227,0.765953,-2.288784,-0.674031,2.685362,0.443970,-0.383933,0.127249,0.221741,0.029610,-0.184702,0.324472,-0.128304
3.893056,-1.016366,0.280781,1.150489,0.960871,-1.107873,1.152620,-0.327311,-0.165029,-0.282103,0.555612,0.378149,-0.581200,0.774599,-0.108239,-1.366439,-0.292098,0.766176,-2.288758,-0.674216,2.685688,0.443845,-0.386012,0.128038,0.221807,0.027637,-0.184188,0.325365,-0.127091
3.893965,-1.017478,0.282190,1.153823,0.960660,-1.102947,1.153517,-0.328396,-0.115071,-0.304054,0.606778,0.384749,-0.582843,0.779159,-0.108180,-1.366823,-0.291971,0.766397,-2.288727,-0.674392,2.686012,0.443714,-0.387437,0.127372,0.222032,0.028525,-0.182332,0.324453,-0.129061
3.895063,-1.014616,0.281001,1.156092,0.960267,-1.103941,1.152386,-0.328299,-0.069363,-0.324069,0.653655,0.391743,-0.584484,0.783574,-0.108154,-1.367209,-0.291845,0.766614,-2.288700,-0.674592,2.686337,0.443590,-0.386383,0.126592,0.220137,0.028710,-0.187251,0.323518,-0.126835
3.896027,-1.016010,0.280333,1.152910,0.959169,-1.101457,1.155151,-0.328294,-0.027141,-0.341044,0.697524,0.397599,-0.586231,0.787738,-0.108147,-1.367594,-0.291715,0.766830,-2.288670,-0.674779,2.686663,0.443459,-0.388248,0.127369,0.219328,0.029174,-0.186664,0.325023,-0.127116
3.897023,-1.014256,0.278280,1.160146,0.958421,-1.102018,1.156376,-0.329417,0.011828,-0.355435,0.738600,0.402033,-0.588082,0.791582,-0.108156,-1.367980,-0.291586,0.767053,-2.288639,-0.674976,2.686981,0.443334,-0.387307,0.127669,0.220821,0.030192,-0.189257,0.322333,-0.127136
3.898086,-1.019174,0.275349,1.163542,0.957580,-1.102494,1.157036,-0.329076,0.047544,-0.367918,0.776719,0.405005,-0.589978,0.795039,-0.108173,-1.368370,-0.291457,0.767265,-2.288607,-0.675166,2.687294,0.443216,-0.388067,0.128727,0.217236,0.030874,-0.188876,0.321343,-0.124927
3.899062,-1.012951,0.276733,1.158306,0.957468,-1.103139,1.154913,-0.328726,0.082081,-0.380028,0.814031,0.406735,-0.591898,0.798245,-0.108183,-1.368750,-0.291324,0.767477,-2.288572,-0.675352,2.687613,0.443088,-0.385890,0.130286,0.215830,0.031616,-0.188802,0.321009,-0.125693
3.899998,-1.010702,0.275124,1.158434,0.956268,-1.103120,1.153262,-0.329357,0.115255,-0.392117,0.850279,0.407454,-0.593773,0.801212,-0.108189,-1.369146,-0.291199,0.767700,-2.288540,-0.675539,2.687941,0.442961,-0.388761,0.129604,0.218393,0.031623,-0.188353,0.323238,-0.126404
3.901071,-1.018199,0.275649,1.163632,0.957020,-1.103828,1.150855,-0.330349,0.145153,-0.402945,0.883342,0.406990,-0.595520,0.803842,-0.108186,-1.369541,-0.291066,0.767916,-2.288508,-0.675725,2.688269,0.442840,-0.389412,0.130302,0.218187,0.032717,-0.188511,0.324883,-0.125136
3.902062,-1.017401,0.277290,1.165326,0.959391,-1.103598,1.151143,-0.329680,0.171014,-0.411477,0.912404,0.405043,-0.597124,0.806095,-0.108164,-1.369917,-0.290933,0.768127,-2.288477,-0.675913,2.688600,0.442721,-0.386013,0.130136,0.215873,0.031944,-0.188198,0.327570,-0.123239
3.903111,-1.018295,0.274167,1.161623,0.959539,-1.103943,1.153103,-0.330074,0.192351,-0.417209,0.936888,0.402672,-0.598549,0.808027,-0.108136,-1.370309,-0.290807,0.768342,-2.288451,-0.676104,2.688925,0.442593,-0.386279,0.129354,0.215090,0.029644,-0.188624,0.327390,-0.124629
3.904138,-1.018445,0.275516,1.165674,0.959462,-1.101089,1.155296,-0.330052,0.209132,-0.421131,0.956322,0.402319,-0.599717,0.809858,-0.108132,-1.370693,-0.290672,0.768558,-2.288421,-0.676291,2.689250,0.442472,-0.386020,0.130979,0.217148,0.029520,-0.188630,0.325663,-0.123891
3.905053,-1.019006,0.276999,1.168390,0.959378,-1.102310,1.153476,-0.330424,0.221859,-0.424507,0.970880,0.405062,-0.600639,0.811729,-0.108165,-1.371081,-0.290544,0.768771,-2.288391,-0.676489,2.689569,0.442350,-0.385995,0.130369,0.215246,0.029601,-0.191717,0.323715,-0.124006
3.906015,-1.019984,0.275990,1.169806,0.958441,-1.101455,1.151260,-0.330229,0.232128,-0.426665,0.982601,0.409528,-0.601465,0.813623,-0.108244,-1.371466,-0.290417,0.768978,-2.288362,-0.676677,2.689893,0.442227,-0.385266,0.129539,0.213824,0.029622,-0.190516,0.325550,-0.123244
3.907097,-1.015881,0.278516,1.168851,0.957204,-1.099338,1.151914,-0.331611,0.240838,-0.426099,0.993022,0.413548,-0.602346,0.815355,-0.108376,-1.371852,-0.290285,0.769192,-2.288331,-0.676874,2.690223,0.442103,-0.384548,0.129989,0.213101,0.030501,-0.191465,0.327812,-0.123662
3.908116,-1.014314,0.281604,1.170220,0.958107,-1.100334,1.151061,-0.331738,0.248003,-0.422057,1.002460,0.415461,-0.603351,0.816743,-0.108552,-1.372241,-0.290158,0.769410,-2.288296,-0.677071,2.690555,0.441985,-0.386911,0.128900,0.213849,0.031660,-0.193930,0.327415,-0.120976
3.909014,-1.016498,0.280312,1.170736,0.956582,-1.099611,1.150109,-0.331082,0.254419,-0.414241,1.011807,0.414740,-0.604489,0.817843,-0.108750,-1.372623,-0.290031,0.769621,-2.288267,-0.677264,2.690882,0.441865,-0.387755,0.127430,0.213305,0.030741,-0.193131,0.328461,-0.120808
3.909964,-1.015293,0.276175,1.174082,0.957558,-1.100396,1.149827,-0.332384,0.260038,-0.402667,1.020888,0.411630,-0.605717,0.818688,-0.108972,-1.373005,-0.289903,0.769831,-2.288231,-0.677457,2.691218,0.441738,-0.386167,0.127982,0.212906,0.032056,-0.193848,0.329284,-0.122104
3.911044,-1.015120,0.276296,1.174169,0.955758,-1.100497,1.153548,-0.331588,0.264952,-0.389566,1.029373,0.407301,-0.606977,0.819345,-0.109212,-1.373393,-0.289770,0.770041,-2.288201,-0.677651,2.691545,0.441620,-0.386481,0.129960,0.211216,0.030995,-0.193123,0.329595,-0.119494
3.912017,-1.012798,0.274275,1.176193,0.956530,-1.100071,1.153274,-0.331655,0.270820,-0.378279,1.038532,0.403395,-0.608225,0.820064,-0.109448,-1.373778,-0.289637,0.770251,-2.288166,-0.677844,2.691867,0.441497,-0.386895,0.129996,0.211530,0.032727,-0.193401,0.326173,-0.121212
3.913077,-1.021388,0.275713,1.176010,0.956219,-1.101589,1.151540,-0.331256,0.278710,-0.370156,1.049351,0.400514,-0.609423,0.820986,-0.109645,-1.374167,-0.289505,0.770460,-2.288136,-0.678038,2.692195,0.441377,-0.387834,0.130961,0.210568,0.031883,-0.193956,0.326562,-0.121099
3.914066,-1.017399,0.278912,1.175530,0.956530,-1.101156,1.149078,-0.331063,0.286471,-0.364157,1.059619,0.398516,-0.610469,0.821902,-0.109764,-1.374540,-0.289374,0.770669,-2.288104,-0.678224,2.692524,0.441254,-0.383868,0.130334,0.210967,0.032176,-0.192808,0.328567,-0.121980
3.915231,-1.017079,0.278488,1.174872,0.956263,-1.102525,1.150512,-0.331008,0.289812,-0.357079,1.065137,0.396309,-0.611269,0.822336,-0.109790,-1.374930,-0.289247,0.770883,-2.288072,-0.678420,2.692862,0.441130,-0.385762,0.128761,0.211263,0.031781,-0.193393,0.331083,-0.122394
3.915982,-1.016828,0.277576,1.176665,0.956632,-1.102019,1.147836,-0.330952,0.288056,-0.347419,1.065453,0.393205,-0.611866,0.822193,-0.109732,-1.375320,-0.289119,0.771098,-2.288040,-0.678614,2.693190,0.441006,-0.386559,0.129285,0.212100,0.032110,-0.192543,0.330098,-0.122622
3.917024,-1.025365,0.279109,1.172324,0.955372,-1.100222,1.148666,-0.330835,0.283289,-0.336645,1.062636,0.389904,-0.612350,0.821751,-0.109613,-1.375699,-0.288988,0.771305,-2.288009,-0.678806,2.693527,0.440885,-0.385558,0.129358,0.210679,0.031508,-0.192733,0.332359,-0.122650
3.918015,-1.020422,0.278612,1.172942,0.956066,-1.100793,1.150053,-0.329453,0.273547,-0.324170,1.054618,0.386209,-0.612749,0.820851,-0.109457,-1.376075,-0.288861,0.771523,-2.287973,-0.679007,2.693860,0.440762,-0.381517,0.128700,0.213030,0.032654,-0.194757,0.331695,-0.122951
3.919021,-1.021870,0.274728,1.171503,0.954598,-1.097918,1.151454,-0.329178,0.256049,-0.308602,1.038513,0.381639,-0.613063,0.819263,-0.109296,-1.376466,-0.288730,0.771735,-2.287941,-0.679201,2.694189,0.440631,-0.383888,0.128948,0.212772,0.031859,-0.194323,0.330411,-0.125741
3.920136,-1.023188,0.274722,1.172384,0.955747,-1.096462,1.152092,-0.328722,0.233696,-0.292351,1.017073,0.377266,-0.613324,0.817368,-0.109162,-1.376846,-0.288594,0.771950,-2.287905,-0.679402,2.694516,0.440507,-0.383180,0.130865,0.213580,0.033185,-0.197360,0.329160,-0.126309
3.921013,-1.024541,0.274125,1.170404,0.954140,-1.096852,1.148960,-0.329088,0.209944,-0.278434,0.993555,0.374423,-0.613518,0.815582,-0.109074,-1.377231,-0.288462,0.772167,-2.287874,-0.679607,2.694843,0.440378,-0.383009,0.131030,0.213482,0.032046,-0.199118,0.328915,-0.127303
3.922033,-1.020377,0.271671,1.165679,0.952869,-1.095584,1.146528,-0.328239,0.184871,-0.266667,0.968077,0.372929,-0.613609,0.813889,-0.109042,-1.377608,-0.288330,0.772383,-2.287837,-0.679807,2.695184,0.440250,-0.381811,0.131118,0.214198,0.033400,-0.198569,0.331875,-0.126510
3.923025,-1.019861,0.268611,1.157640,0.952834,-1.095727,1.142039,-0.327340,0.127529,-0.245508,0.908669,0.368696,-0.613613,0.809965,-0.109185,-1.378389,-0.288063,0.772830,-2.287768,-0.680213,2.695875,0.439985,-0.383997,0.133865,0.220578,0.034440,-0.199908,0.338892,-0.130044
3.924078,-1.020633,0.268600,1.162582,0.952284,-1.094813,1.139561,-0.326882,0.127529,-0.245508,0.908669,0.368696,-0.613613,0.809965,-0.109185,-1.378389,-0.288063,0.772830,-2.287768,-0.680213,2.695875,0.439985,-0.383997,0.133865,0.220578,0.034440,-0.199908,0.338892,-0.130044
3.925051,-1.017995,0.268330,1.162981,0.950418,-1.093273,1.139516,-0.325819,0.094353,-0.236787,0.873447,0.366080,-0.613511,0.807575,-0.109358,-1.378771,-0.287928,0.773042,-2.287732,-0.680416,2.696223,0.439859,-0.383843,0.133894,0.218283,0.034877,-0.201040,0.341479,-0.131005
3.926055,-1.019275,0.269570,1.156944,0.952011,-1.088822,1.142726,-0.325755,0.061633,-0.229307,0.838540,0.362658,-0.613515,0.805022,-0.109595,-1.379161,-0.287795,0.773261,-2.287694,-0.680623,2.696567,0.439720,-0.384948,0.133974,0.218057,0.036520,-0.202579,0.341479,-0.133106
3.927100,-1.019282,0.270564,1.152562,0.950253,-1.084840,1.143107,-0.324259,0.030982,-0.222300,0.805902,0.358441,-0.613689,0.802439,-0.109892,-1.379540,-0.287662,0.773487,-2.287664,-0.680839,2.696897,0.439587,-0.384339,0.133327,0.221044,0.034864,-0.207034,0.338364,-0.133216
3.928077,-1.021592,0.271091,1.153257,0.948934,-1.080896,1.140461,-0.324780,-0.000880,-0.214193,0.771851,0.354611,-0.613870,0.799753,-0.110235,-1.379925,-0.287530,0.773716,-2.287622,-0.681060,2.697235,0.439442,-0.384497,0.132903,0.223243,0.036388,-0.211015,0.338184,-0.136213
3.929028,-1.020366,0.269944,1.151175,0.949118,-1.079850,1.138564,-0.323521,-0.036357,-0.203107,0.734056,0.350360,-0.614022,0.796756,-0.110593,-1.380308,-0.287397,0.773940,-2.287584,-0.681285,2.697578,0.439307,-0.383196,0.132589,0.222764,0.037452,-0.214785,0.340851,-0.135112
3.929956,-1.017687,0.271511,1.144362,0.948352,-1.074489,1.133784,-0.323755,-0.074586,-0.188949,0.693752,0.344727,-0.614209,0.793486,-0.110937,-1.380688,-0.287262,0.774167,-2.287546,-0.681504,2.697929,0.439165,-0.383620,0.133042,0.223616,0.037008,-0.215630,0.342631,-0.137604
3.931111,-1.015890,0.270270,1.142031,0.950947,-1.069896,1.133633,-0.323967,-0.114687,-0.172781,0.651763,0.338393,-0.614403,0.790143,-0.111260,-1.381076,-0.287132,0.774402,-2.287507,-0.681737,2.698290,0.439030,-0.384553,0.132152,0.226680,0.037494,-0.220678,0.347224,-0.137057
3.932084,-1.018903,0.272578,1.145933,0.949267,-1.066713,1.132251,-0.323007,-0.156301,-0.156081,0.607970,0.333246,-0.614463,0.786946,-0.111533,-1.381466,-0.286998,0.774633,-2.287478,-0.681970,2.698639,0.438898,-0.386072,0.133003,0.228117,0.034990,-0.225389,0.347667,-0.136721
3.932973,-1.018963,0.269067,1.143801,0.947575,-1.063891,1.132513,-0.323295,-0.235723,-0.126150,0.523113,0.329849,-0.613989,0.781646,-0.111821,-1.382229,-0.286729,0.775087,-2.287397,-0.682445,2.699339,0.438619,-0.383874,0.133328,0.226700,0.037749,-0.230569,0.348493,-0.137939
3.934076,-1.017595,0.269076,1.142964,0.948589,-1.063250,1.131212,-0.322082,-0.235723,-0.126150,0.523113,0.329849,-0.613989,0.781646,-0.111821,-1.382229,-0.286729,0.775087,-2.287397,-0.682445,2.699339,0.438619,-0.383874,0.133328,0.226700,0.037749,-0.230569,0.348493,-0.137939
3.935060,-1.017184,0.264486,1.141525,0.947126,-1.062678,1.129844,-0.323362,-0.270818,-0.113307,0.485461,0.329103,-0.613607,0.779283,-0.111829,-1.382615,-0.286596,0.775315,-2.287363,-0.682678,2.699688,0.438473,-0.384993,0.133449,0.227294,0.036670,-0.231203,0.350036,-0.140399
3.935996,-1.022859,0.266471,1.143077,0.947023,-1.061804,1.130454,-0.321834,-0.301368,-0.104179,0.452284,0.329719,-0.613100,0.777182,-0.111760,-1.383001,-0.286456,0.775545,-2.287322,-0.682910,2.700041,0.438341,-0.385052,0.135640,0.227862,0.037851,-0.231538,0.351353,-0.137786
3.937083,-1.027783,0.264969,1.136071,0.946894,-1.059401,1.130429,-0.322547,-0.354592,-0.094116,0.393562,0.333239,-0.611546,0.773188,-0.111436,-1.383759,-0.286187,0.776006,-2.287245,-0.683379,2.700743,0.438059,-0.379888,0.135346,0.230439,0.037631,-0.234442,0.350796,-0.139377
3.938069,-1.027376,0.266278,1.134090,0.946470,-1.058708,1.131825,-0.323395,-0.385531,-0.088217,0.359579,0.335037,-0.610347,0.770742,-0.111235,-1.384144,-0.286054,0.776242,-2.287205,-0.683615,2.701095,0.437926,-0.380007,0.134640,0.231170,0.037783,-0.234851,0.349342,-0.137669
3.939073,-1.027321,0.268948,1.133741,0.946135,-1.057553,1.130456,-0.323678,-0.385531,-0.088217,0.359579,0.335037,-0.610347,0.770742,-0.111235,-1.384144,-0.286054,0.776242,-2.287205,-0.683615,2.701095,0.437926,-0.380007,0.134640,0.231170,0.037783,-0.234851,0.349342,-0.137669
3.940095,-1.027621,0.271294,1.132407,0.945627,-1.058867,1.132216,-0.322557,-0.419641,-0.080296,0.322455,0.336317,-0.609000,0.768053,-0.111064,-1.384520,-0.285922,0.776472,-2.287167,-0.683850,2.701449,0.437789,-0.380122,0.133297,0.231238,0.037923,-0.235798,0.350730,-0.137100
3.940979,-1.028026,0.265028,1.133146,0.944649,-1.054728,1.132022,-0.322831,-0.454027,-0.069549,0.285640,0.336009,-0.607759,0.765273,-0.110978,-1.384900,-0.285794,0.776705,-2.287129,-0.684086,2.701796,0.437645,-0.380080,0.132197,0.231820,0.038218,-0.234267,0.349005,-0.139343
3.942067,-1.023519,0.265723,1.132362,0.945935,-1.050251,1.131141,-0.323005,-0.486139,-0.057463,0.251732,0.334342,-0.606768,0.762588,-0.110999,-1.385280,-0.285653,0.776936,-2.287089,-0.684331,2.702141,0.437507,-0.379355,0.135073,0.230998,0.038850,-0.237882,0.349001,-0.138683
3.943061,-1.025857,0.266974,1.136793,0.944083,-1.051589,1.131491,-0.322364,-0.512401,-0.048305,0.223881,0.333527,-0.606003,0.760423,-0.111108,-1.385662,-0.285519,0.777167,-2.287054,-0.684580,2.702493,0.437368,-0.382032,0.134808,0.231512,0.037470,-0.242190,0.350065,-0.138361
3.944085,-1.028602,0.263820,1.138911,0.943262,-1.053164,1.130237,-0.323621,-0.530033,-0.043731,0.204820,0.334403,-0.605405,0.759033,-0.111271,-1.386040,-0.285388,0.777393,-2.287012,-0.684818,2.702847,0.437223,-0.380839,0.134167,0.229185,0.039028,-0.240524,0.349666,-0.139609
3.945029,-1.023960,0.267677,1.140984,0.943532,-1.056030,1.133690,-0.323597,-0.538937,-0.042312,0.195034,0.335146,-0.604991,0.758221,-0.111450,-1.386412,-0.285250,0.777616,-2.286970,-0.685051,2.703195,0.437094,-0.379691,0.135733,0.228171,0.039558,-0.238783,0.350999,-0.137087
3.946145,-1.022366,0.269065,1.138550,0.941731,-1.058005,1.134407,-0.324035,-0.539422,-0.043328,0.194431,0.334883,-0.604749,0.757857,-0.111598,-1.386800,-0.285119,0.777842,-2.286932,-0.685283,2.703540,0.436957,-0.381709,0.133683,0.226927,0.039019,-0.235592,0.347417,-0.137115
3.947066,-1.029086,0.270504,1.141196,0.942320,-1.059534,1.138449,-0.325073,-0.531775,-0.045638,0.202858,0.333432,-0.604642,0.757920,-0.111697,-1.387188,-0.284988,0.778074,-2.286888,-0.685514,2.703883,0.436819,-0.382950,0.133192,0.228335,0.040575,-0.233686,0.347017,-0.136272
3.948128,-1.031729,0.266424,1.142792,0.940124,-1.060628,1.138424,-0.326737,-0.519221,-0.047106,0.216941,0.330291,-0.604594,0.758128,-0.111744,-1.387559,-0.284859,0.778295,-2.286849,-0.685742,2.704219,0.436691,-0.379296,0.132370,0.226761,0.039662,-0.231834,0.342859,-0.134162
3.949055,-1.033442,0.268046,1.145250,0.941749,-1.058777,1.137869,-0.327381,-0.505510,-0.047243,0.232474,0.325783,-0.604555,0.758221,-0.111727,-1.387937,-0.284722,0.778521,-2.286805,-0.685972,2.704560,0.436565,-0.378319,0.134472,0.226078,0.041576,-0.230704,0.343109,-0.130883
3.950046,-1.031448,0.267532,1.145458,0.940840,-1.058727,1.137874,-0.326732,-0.491586,-0.047387,0.248211,0.320884,-0.604577,0.758203,-0.111644,-1.388317,-0.284589,0.778740,-2.286771,-0.686204,2.704897,0.436435,-0.377144,0.133505,0.224665,0.039745,-0.232233,0.343595,-0.129587
3.951012,-1.033625,0.265359,1.146785,0.940814,-1.059514,1.138513,-0.327384,-0.476927,-0.048514,0.264587,0.316832,-0.604719,0.758253,-0.111522,-1.388696,-0.284457,0.778963,-2.286729,-0.686435,2.705242,0.436300,-0.378156,0.133744,0.224512,0.040346,-0.232057,0.343597,-0.130899
3.952059,-1.036053,0.269667,1.149075,0.941501,-1.055955,1.139304,-0.328519,-0.460948,-0.051318,0.282114,0.314347,-0.605026,0.758561,-0.111388,-1.389072,-0.284321,0.779186,-2.286690,-0.686663,2.705579,0.436176,-0.376948,0.134731,0.223724,0.040106,-0.231029,0.342961,-0.129587
3.953035,-1.025830,0.266972,1.156212,0.939502,-1.056996,1.139384,-0.328495,-0.444219,-0.055529,0.300153,0.313560,-0.605466,0.759170,-0.111242,-1.389444,-0.284193,0.779405,-2.286653,-0.686904,2.705922,0.436053,-0.376066,0.132665,0.222715,0.039254,-0.234446,0.342311,-0.127376
3.954015,-1.025137,0.266418,1.156632,0.939774,-1.056121,1.143226,-0.327415,-0.424027,-0.061198,0.321796,0.314065,-0.606077,0.760289,-0.111092,-1.389835,-0.284058,0.779618,-2.286608,-0.687139,2.706265,0.435926,-0.381006,0.133961,0.219154,0.040889,-0.233085,0.342229,-0.127458
3.955162,-1.023188,0.263769,1.157811,0.938022,-1.059265,1.144869,-0.329146,-0.394461,-0.070815,0.353326,0.315710,-0.606977,0.762338,-0.110954,-1.390218,-0.283924,0.779834,-2.286571,-0.687371,2.706595,0.435792,-0.381195,0.134172,0.218976,0.040389,-0.233737,0.338428,-0.129625
3.955992,-1.021033,0.266120,1.161485,0.939306,-1.059722,1.144606,-0.329666,-0.355104,-0.085747,0.394862,0.318825,-0.608102,0.765314,-0.110815,-1.390598,-0.283785,0.780051,-2.286526,-0.687597,2.706930,0.435673,-0.382877,0.135653,0.218815,0.041875,-0.230729,0.337214,-0.126242
3.957006,-1.018467,0.267136,1.163743,0.938142,-1.058953,1.143618,-0.329459,-0.308756,-0.105032,0.443320,0.323247,-0.609344,0.768907,-0.110653,-1.390980,-0.283655,0.780267,-2.286487,-0.687828,2.707269,0.435551,-0.383145,0.134196,0.216564,0.040212,-0.229748,0.337200,-0.125176
3.958089,-1.022513,0.268305,1.167034,0.937493,-1.059260,1.146244,-0.330560,-0.257163,-0.126603,0.497070,0.328285,-0.610641,0.772868,-0.110489,-1.391362,-0.283522,0.780480,-2.286445,-0.688057,2.707603,0.435423,-0.384501,0.133697,0.215577,0.041082,-0.230397,0.338327,-0.125636
3.959066,-1.021578,0.267130,1.166639,0.938057,-1.059178,1.147245,-0.329727,-0.203075,-0.147827,0.553498,0.332550,-0.611935,0.776875,-0.110348,-1.391744,-0.283392,0.780692,-2.286404,-0.688289,2.707936,0.435307,-0.382809,0.133259,0.214241,0.041514,-0.230063,0.335942,-0.123522
3.960009,-1.025231,0.267263,1.167102,0.938219,-1.059069,1.147492,-0.329898,-0.149950,-0.167437,0.608911,0.335683,-0.613130,0.780723,-0.110227,-1.392128,-0.283258,0.780910,-2.286364,-0.688521,2.708265,0.435178,-0.383163,0.133798,0.214431,0.040643,-0.229901,0.335039,-0.125227
3.961018,-1.024459,0.267778,1.166592,0.939163,-1.060949,1.148366,-0.330365,-0.100910,-0.185490,0.659706,0.338865,-0.614094,0.784375,-0.110128,-1.392504,-0.283124,0.781123,-2.286325,-0.688749,2.708600,0.435055,-0.381119,0.133603,0.214129,0.040206,-0.229727,0.334769,-0.124875
3.962153,-1.029790,0.264924,1.173777,0.939786,-1.059877,1.150615,-0.330993,-0.058276,-0.201773,0.703295,0.342934,-0.614778,0.787764,-0.110046,-1.392887,-0.282993,0.781338,-2.286288,-0.688976,2.708936,0.434933,-0.381544,0.133363,0.214480,0.039076,-0.227697,0.333993,-0.123989
3.963073,-1.025881,0.264618,1.168721,0.938671,-1.057886,1.153853,-0.329914,-0.021428,-0.217283,0.740217,0.348804,-0.615227,0.790988,-0.109973,-1.393269,-0.282855,0.781543,-2.286249,-0.689202,2.709259,0.434814,-0.379462,0.134941,0.211395,0.038321,-0.228953,0.332177,-0.122857
3.964010,-1.027379,0.262029,1.172503,0.939625,-1.058152,1.152621,-0.329813,0.011590,-0.233665,0.772424,0.357031,-0.615485,0.794198,-0.109918,-1.393653,-0.282718,0.781763,-2.286208,-0.689437,2.709583,0.434686,-0.381059,0.134893,0.213774,0.039108,-0.230553,0.328916,-0.125025
3.964986,-1.026440,0.260841,1.169820,0.938531,-1.058611,1.152391,-0.330490,0.041388,-0.251273,0.800565,0.367253,-0.615567,0.797388,-0.109884,-1.394035,-0.282580,0.781973,-2.286171,-0.689664,2.709909,0.434558,-0.379988,0.136018,0.211803,0.037901,-0.229981,0.330209,-0.125196
3.966044,-1.027523,0.260399,1.167621,0.936090,-1.061501,1.150657,-0.329888,0.068144,-0.270070,0.824900,0.378907,-0.615496,0.800523,-0.109847,-1.394410,-0.282444,0.782187,-2.286132,-0.689890,2.710244,0.434437,-0.380433,0.136517,0.213182,0.038756,-0.229343,0.330469,-0.123862
3.967086,-1.023692,0.259633,1.167997,0.937242,-1.065840,1.152401,-0.330695,0.090447,-0.288425,0.844330,0.389765,-0.615351,0.803284,-0.109790,-1.394793,-0.282306,0.782404,-2.286088,-0.690111,2.710581,0.434312,-0.380128,0.136749,0.214479,0.040888,-0.226458,0.332419,-0.125156
3.968030,-1.017101,0.258915,1.172919,0.935412,-1.065151,1.152318,-0.329911,0.107743,-0.304956,0.858611,0.397987,-0.615213,0.805440,-0.109727,-1.395182,-0.282167,0.782616,-2.286051,-0.690321,2.710906,0.434191,-0.382168,0.137108,0.214495,0.039544,-0.222222,0.330882,-0.123583
3.968993,-1.023558,0.258585,1.170317,0.937667,-1.065195,1.153149,-0.330650,0.124874,-0.321514,0.872860,0.404279,-0.615165,0.807424,-0.109670,-1.395568,-0.282028,0.782824,-2.286006,-0.690546,2.711240,0.434064,-0.385157,0.137283,0.212007,0.040979,-0.222710,0.330966,-0.125176
3.970069,-1.023732,0.259770,1.172725,0.938301,-1.067010,1.154447,-0.329222,0.144677,-0.339345,0.889998,0.409862,-0.615174,0.809547,-0.109616,-1.395943,-0.281892,0.783039,-2.285974,-0.690771,2.711571,0.433944,-0.381773,0.137339,0.213317,0.038592,-0.222455,0.330158,-0.123700
3.971063,-1.025558,0.259835,1.171918,0.936408,-1.066999,1.153907,-0.329361,0.163466,-0.357259,0.905954,0.416181,-0.615011,0.811618,-0.109574,-1.396323,-0.281757,0.783247,-2.285938,-0.690986,2.711894,0.433811,-0.382090,0.136809,0.212433,0.037845,-0.220762,0.329183,-0.126644
3.972076,-1.024287,0.259255,1.175476,0.937884,-1.071013,1.153541,-0.329831,0.178417,-0.373581,0.917938,0.423024,-0.614608,0.813344,-0.109551,-1.396703,-0.281622,0.783461,-2.285893,-0.691209,2.712226,0.433682,-0.381152,0.136734,0.212916,0.039379,-0.220667,0.329840,-0.126344
3.973087,-1.027895,0.262672,1.175469,0.936492,-1.071591,1.152717,-0.329138,0.189948,-0.387768,0.926793,0.429117,-0.614071,0.814597,-0.109536,-1.397086,-0.281487,0.783669,-2.285859,-0.691421,2.712554,0.433558,-0.381842,0.137007,0.211302,0.037767,-0.216649,0.330365,-0.125443
3.974072,-1.026857,0.259489,1.174723,0.935884,-1.073081,1.153530,-0.328251,0.198618,-0.399520,0.933343,0.433969,-0.613469,0.815392,-0.109542,-1.397459,-0.281354,0.783881,-2.285817,-0.691633,2.712887,0.433429,-0.380156,0.135273,0.211456,0.038884,-0.216132,0.331314,-0.126873
3.974982,-1.025436,0.263528,1.172872,0.934959,-1.074307,1.153096,-0.327527,0.203518,-0.407819,0.936795,0.436709,-0.612847,0.815637,-0.109600,-1.397840,-0.281217,0.784094,-2.285778,-0.691843,2.713221,0.433295,-0.380640,0.136805,0.211883,0.039236,-0.214619,0.330552,-0.128640
3.976167,-1.029716,0.261544,1.173309,0.935233,-1.075310,1.155678,-0.328093,0.204112,-0.412436,0.936532,0.436862,-0.612236,0.815297,-0.109723,-1.398220,-0.281086,0.784306,-2.285737,-0.692054,2.713551,0.433162,-0.380953,0.134618,0.212673,0.039822,-0.213215,0.330934,-0.130035
3.977009,-1.030180,0.264291,1.178043,0.934918,-1.075991,1.156074,-0.328111,0.200289,-0.413470,0.932262,0.434829,-0.611638,0.814436,-0.109891,-1.398596,-0.280948,0.784519,-2.285698,-0.692267,2.713879,0.433035,-0.379703,0.135853,0.213027,0.039412,-0.212607,0.328846,-0.129004
3.978016,-1.027770,0.259496,1.178906,0.933761,-1.078335,1.154110,-0.328405,0.192835,-0.411628,0.924614,0.431556,-0.611045,0.813240,-0.110069,-1.398979,-0.280818,0.784725,-2.285660,-0.692476,2.714202,0.432907,-0.378732,0.134219,0.210389,0.039406,-0.211625,0.328301,-0.128911
3.979007,-1.024595,0.259377,1.178815,0.934122,-1.079218,1.150775,-0.326959,0.185098,-0.408882,0.917013,0.427669,-0.610533,0.812048,-0.110223,-1.399357,-0.280678,0.784933,-2.285617,-0.692682,2.714536,0.432780,-0.380027,0.136566,0.210150,0.040257,-0.209340,0.330400,-0.128350
3.979992,-1.023308,0.260193,1.182028,0.933083,-1.079918,1.148640,-0.327064,0.180422,-0.408017,0.912743,0.423881,-0.610161,0.811174,-0.110345,-1.399746,-0.280544,0.785144,-2.285579,-0.692889,2.714878,0.432643,-0.381485,0.136557,0.210287,0.039666,-0.208505,0.333779,-0.131254
3.981071,-1.027731,0.267512,1.182042,0.932630,-1.080438,1.148058,-0.326721,0.180128,-0.410030,0.913061,0.420564,-0.609911,0.810733,-0.110431,-1.400133,-0.280409,0.785348,-2.285538,-0.693096,2.715219,0.432508,-0.381986,0.136077,0.208825,0.040400,-0.207829,0.335929,-0.130998
3.982037,-1.030410,0.266965,1.180699,0.932666,-1.081320,1.148354,-0.326987,0.182089,-0.411392,0.916186,0.415936,-0.609782,0.810376,-0.110460,-1.400509,-0.280281,0.785559,-2.285498,-0.693305,2.715558,0.432375,-0.380177,0.132560,0.209152,0.040662,-0.207513,0.336730,-0.131735
3.982980,-1.023304,0.262881,1.175650,0.932965,-1.080947,1.148030,-0.326282,0.181206,-0.407625,0.917097,0.408444,-0.609715,0.809536,-0.110419,-1.400886,-0.280149,0.785770,-2.285460,-0.693511,2.715890,0.432245,-0.378725,0.132806,0.209850,0.040378,-0.206622,0.336457,-0.131186
3.984099,-1.028743,0.262723,1.179022,0.935918,-1.081753,1.149420,-0.326084,0.175786,-0.400231,0.913383,0.400103,-0.609594,0.808257,-0.110325,-1.401270,-0.280010,0.785989,-2.285423,-0.693716,2.716230,0.432109,-0.382038,0.134692,0.212266,0.039829,-0.206950,0.336732,-0.132576
3.985001,-1.026674,0.261557,1.178369,0.933442,-1.077842,1.147842,-0.325831,0.168430,-0.394723,0.906689,0.395205,-0.609306,0.807159,-0.110215,-1.401648,-0.279877,0.786197,-2.285392,-0.693923,2.716563,0.431975,-0.379849,0.134920,0.211007,0.036905,-0.206442,0.335681,-0.133020
3.985991,-1.029046,0.261018,1.174211,0.932153,-1.074746,1.143634,-0.327411,0.160632,-0.393085,0.898308,0.395307,-0.608824,0.806508,-0.110106,-1.402031,-0.279741,0.786406,-2.285349,-0.694138,2.716899,0.431840,-0.380444,0.135300,0.211223,0.039023,-0.210161,0.337164,-0.133464
3.987003,-1.023558,0.258189,1.173840,0.932169,-1.075388,1.143135,-0.327122,0.150793,-0.393043,0.887188,0.397581,-0.608230,0.805897,-0.109990,-1.402402,-0.279606,0.786623,-2.285305,-0.694358,2.717246,0.431717,-0.379309,0.135500,0.213335,0.039922,-0.213159,0.341397,-0.130304
3.988006,-1.028520,0.259850,1.169410,0.931339,-1.075319,1.139945,-0.326003,0.137887,-0.393331,0.872651,0.399922,-0.607570,0.805057,-0.109870,-1.402788,-0.279465,0.786842,-2.285265,-0.694571,2.717594,0.431584,-0.382087,0.136839,0.213553,0.039647,-0.212490,0.341898,-0.130928
3.989019,-1.027544,0.255978,1.173618,0.930580,-1.076597,1.138632,-0.326786,0.122106,-0.393975,0.854925,0.402211,-0.606828,0.804025,-0.109784,-1.403162,-0.279331,0.787059,-2.285224,-0.694785,2.717942,0.431449,-0.379667,0.135953,0.215834,0.040203,-0.212555,0.345137,-0.133177
3.990083,-1.028971,0.253476,1.166600,0.931431,-1.078852,1.139812,-0.327045,0.102983,-0.394101,0.833702,0.403751,-0.606020,0.802676,-0.109745,-1.403543,-0.279191,0.787272,-2.285183,-0.694994,2.718293,0.431323,-0.380246,0.137842,0.213816,0.040677,-0.211326,0.346454,-0.131606
3.991068,-1.021749,0.254508,1.165114,0.929463,-1.077054,1.139970,-0.326746,0.081505,-0.394967,0.809856,0.405298,-0.605147,0.801100,-0.109740,-1.403923,-0.279052,0.787498,-2.285145,-0.695200,2.718634,0.431191,-0.379823,0.139090,0.217480,0.039645,-0.209263,0.345441,-0.131140
3.991982,-1.028151,0.254277,1.163512,0.928590,-1.075572,1.139367,-0.326861,0.058841,-0.397803,0.784331,0.408033,-0.604161,0.799461,-0.109774,-1.404310,-0.278915,0.787718,-2.285101,-0.695411,2.718978,0.431059,-0.383342,0.138472,0.218158,0.041278,-0.211082,0.345294,-0.131742
3.993072,-1.031526,0.255151,1.161353,0.927197,-1.075330,1.138463,-0.326699,0.034777,-0.400616,0.757243,0.410622,-0.603070,0.797589,-0.109844,-1.404687,-0.278777,0.787940,-2.285058,-0.695625,2.719325,0.430930,-0.379730,0.138377,0.218719,0.041740,-0.212363,0.345745,-0.131474
3.994055,-1.032290,0.255819,1.156556,0.928540,-1.073871,1.139940,-0.327189,0.006455,-0.400104,0.726124,0.411033,-0.601868,0.795032,-0.109940,-1.405061,-0.278639,0.788161,-2.285016,-0.695835,2.719670,0.430799,-0.378568,0.137998,0.220034,0.042890,-0.212814,0.346876,-0.131862
3.994972,-1.032107,0.257828,1.152878,0.928906,-1.074079,1.139282,-0.327789,-0.029036,-0.394597,0.688045,0.409279,-0.600480,0.791586,-0.110050,-1.405442,-0.278500,0.788390,-2.284977,-0.696052,2.720016,0.430673,-0.378116,0.137548,0.222292,0.041271,-0.214193,0.345361,-0.130888
3.996049,-1.036306,0.258320,1.153073,0.925607,-1.073673,1.140819,-0.329649,-0.071722,-0.384561,0.642738,0.407280,-0.598829,0.787513,-0.110171,-1.405822,-0.278367,0.788619,-2.284937,-0.696268,2.720359,0.430548,-0.377843,0.136384,0.223801,0.040594,-0.213755,0.345906,-0.129674
3.996971,-1.032958,0.257038,1.147611,0.926769,-1.072270,1.139663,-0.329913,-0.120466,-0.369835,0.591516,0.404817,-0.597010,0.782944,-0.110287,-1.406193,-0.278229,0.788843,-2.284887,-0.696480,2.720707,0.430434,-0.376201,0.136195,0.223858,0.043490,-0.214339,0.344528,-0.126046
3.997959,-1.028685,0.251497,1.143340,0.923430,-1.071157,1.141256,-0.330432,-0.173199,-0.350858,0.536748,0.400723,-0.595195,0.777959,-0.110377,-1.406575,-0.278093,0.789073,-2.284847,-0.696699,2.721059,0.430307,-0.377542,0.136662,0.226287,0.041958,-0.215519,0.345537,-0.125534
3.999086,-1.029234,0.249559,1.146319,0.923127,-1.072642,1.142026,-0.330503,-0.226358,-0.331173,0.481709,0.396282,-0.593451,0.772963,-0.110435,-1.406959,-0.277949,0.789304,-2.284798,-0.696915,2.721398,0.430184,-0.379597,0.139289,0.228255,0.044862,-0.216563,0.343958,-0.124526
4.000093,-1.026608,0.248873,1.143483,0.922669,-1.071559,1.142144,-0.331603,-0.275049,-0.314856,0.431114,0.392569,-0.591893,0.768427,-0.110466,-1.407337,-0.277807,0.789530,-2.284752,-0.697132,2.721738,0.430060,-0.379926,0.140308,0.227006,0.044807,-0.215279,0.343526,-0.124495
4.000969,-1.028124,0.243454,1.142000,0.921779,-1.072756,1.140229,-0.331837,-0.315721,-0.303522,0.388603,0.390013,-0.590588,0.764656,-0.110476,-1.407720,-0.277669,0.789763,-2.284707,-0.697354,2.722076,0.429941,-0.381263,0.140580,0.228322,0.044885,-0.216308,0.343501,-0.122338
4.002080,-1.023726,0.245134,1.139924,0.922469,-1.073418,1.140307,-0.331213,-0.348473,-0.297017,0.353979,0.389210,-0.589458,0.761682,-0.110469,-1.408093,-0.277523,0.789990,-2.284660,-0.697565,2.722428,0.429823,-0.380010,0.142944,0.228646,0.045260,-0.214832,0.345163,-0.121879
4.003065,-1.029081,0.247435,1.137342,0.918660,-1.071738,1.143820,-0.332771,-0.374524,-0.294876,0.325903,0.390563,-0.588407,0.759416,-0.110449,-1.408481,-0.277386,0.790223,-2.284616,-0.697777,2.722777,0.429697,-0.382679,0.142180,0.229837,0.044280,-0.214422,0.345311,-0.123232
4.004030,-1.027402,0.247724,1.132796,0.917673,-1.073946,1.145171,-0.334322,-0.396139,-0.293870,0.302458,0.392495,-0.587410,0.757528,-0.110395,-1.408860,-0.277247,0.790455,-2.284563,-0.698000,2.723113,0.429582,-0.379900,0.140914,0.230940,0.047552,-0.215981,0.341814,-0.120137
4.005077,-1.033131,0.249470,1.133032,0.916790,-1.075193,1.148583,-0.333891,-0.417662,-0.288824,0.279819,0.391641,-0.586503,0.755384,-0.110266,-1.409237,-0.277107,0.790690,-2.284515,-0.698209,2.723449,0.429472,-0.380666,0.140616,0.232957,0.048022,-0.213695,0.340499,-0.117111
4.005985,-1.031428,0.246852,1.129527,0.916303,-1.072232,1.147678,-0.334774,-0.441602,-0.277625,0.255585,0.386939,-0.585691,0.752730,-0.110080,-1.409615,-0.276968,0.790926,-2.284467,-0.698422,2.723784,0.429353,-0.378027,0.139727,0.232765,0.048483,-0.212553,0.337255,-0.118092
4.007024,-1.037795,0.250925,1.122966,0.913615,-1.072507,1.147862,-0.336036,-0.467829,-0.261399,0.229707,0.379810,-0.584936,0.749760,-0.109889,-1.409992,-0.276827,0.791160,-2.284418,-0.698638,2.724121,0.429242,-0.378534,0.140790,0.234118,0.048436,-0.215315,0.338091,-0.116341
4.007987,-1.038155,0.250774,1.123503,0.912275,-1.071892,1.147249,-0.335059,-0.497871,-0.240339,0.200490,0.370687,-0.584223,0.746402,-0.109706,-1.410366,-0.276690,0.791404,-2.284364,-0.698852,2.724458,0.429134,-0.375578,0.138725,0.237242,0.050561,-0.215073,0.338059,-0.113928
4.009031,-1.037003,0.249456,1.123575,0.913180,-1.071520,1.147104,-0.336779,-0.534100,-0.212692,0.165689,0.358152,-0.583608,0.742336,-0.109520,-1.410744,-0.276552,0.791641,-2.284311,-0.699071,2.724794,0.429014,-0.375295,0.138673,0.236636,0.051293,-0.215551,0.338684,-0.115958
4.010080,-1.037615,0.246177,1.123335,0.911613,-1.071243,1.144923,-0.336745,-0.573075,-0.180727,0.128757,0.343233,-0.583161,0.737965,-0.109332,-1.411120,-0.276409,0.791876,-2.284264,-0.699290,2.725137,0.428909,-0.376149,0.139279,0.236543,0.049961,-0.215947,0.338965,-0.112601
4.011055,-1.032744,0.247724,1.120044,0.911727,-1.068766,1.145496,-0.337440,-0.608665,-0.150041,0.095478,0.329163,-0.582899,0.734089,-0.109148,-1.411498,-0.276267,0.792115,-2.284213,-0.699510,2.725487,0.428796,-0.376096,0.140872,0.236583,0.051065,-0.216259,0.341269,-0.112812
4.011987,-1.035563,0.247652,1.124570,0.911276,-1.069199,1.148798,-0.336056,-0.638016,-0.123511,0.068467,0.317384,-0.582816,0.731018,-0.108988,-1.411885,-0.276129,0.792352,-2.284165,-0.699730,2.725821,0.428689,-0.378377,0.139961,0.237974,0.050471,-0.218624,0.340711,-0.111496
4.013025,-1.028795,0.246297,1.129355,0.908664,-1.067412,1.149368,-0.338707,-0.659800,-0.101389,0.049040,0.308223,-0.582870,0.728834,-0.108861,-1.412254,-0.275991,0.792583,-2.284115,-0.699948,2.726155,0.428567,-0.376760,0.139812,0.235366,0.050376,-0.217957,0.337334,-0.114316
4.014004,-1.028312,0.245453,1.124659,0.908829,-1.065311,1.150026,-0.337799,-0.670730,-0.084176,0.040859,0.301110,-0.583125,0.727707,-0.108739,-1.412639,-0.275849,0.792814,-2.284061,-0.700172,2.726488,0.428467,-0.380329,0.140438,0.232945,0.052435,-0.219732,0.336982,-0.109087
4.015005,-1.029436,0.247725,1.133181,0.907303,-1.065069,1.148386,-0.338441,-0.668592,-0.072768,0.046364,0.295314,-0.583636,0.727712,-0.108594,-1.413015,-0.275707,0.793052,-2.284009,-0.700396,2.726825,0.428353,-0.380503,0.140698,0.235078,0.051674,-0.221675,0.336356,-0.111039
4.016069,-1.028923,0.248057,1.133353,0.906509,-1.062362,1.148919,-0.339035,-0.655762,-0.065986,0.063088,0.290388,-0.584329,0.728605,-0.108440,-1.413395,-0.275571,0.793276,-2.283954,-0.700622,2.727171,0.428247,-0.379956,0.139487,0.230708,0.052599,-0.221759,0.338044,-0.109832
4.017055,-1.028399,0.251689,1.132108,0.907202,-1.061455,1.148362,-0.338648,-0.634616,-0.061495,0.088904,0.285051,-0.585229,0.730096,-0.108288,-1.413778,-0.275431,0.793506,-2.283901,-0.700851,2.727509,0.428141,-0.380488,0.139332,0.230719,0.052855,-0.224460,0.337699,-0.108790
4.017994,-1.030447,0.248197,1.136694,0.909388,-1.058560,1.146297,-0.339676,-0.607910,-0.057469,0.121022,0.278973,-0.586310,0.732015,-0.108148,-1.414157,-0.275294,0.793739,-2.283850,-0.701080,2.727849,0.428032,-0.380715,0.137413,0.231160,0.051607,-0.225154,0.338300,-0.109668
4.019078,-1.030071,0.248009,1.140577,0.906703,-1.056177,1.146742,-0.339315,-0.578602,-0.053972,0.155834,0.274298,-0.587409,0.734394,-0.108053,-1.414540,-0.275152,0.793964,-2.283806,-0.701317,2.728197,0.427926,-0.379376,0.138970,0.228616,0.049006,-0.227697,0.340265,-0.107663
4.020080,-1.031706,0.246452,1.134136,0.905906,-1.053421,1.147803,-0.338523,-0.546283,-0.053008,0.193392,0.272636,-0.588503,0.737401,-0.108025,-1.414918,-0.275013,0.794187,-2.283751,-0.701548,2.728535,0.427816,-0.380011,0.139094,0.226878,0.051176,-0.230063,0.340047,-0.108549
4.020961,-1.028751,0.240227,1.138241,0.905087,-1.052024,1.147774,-0.338281,-0.512101,-0.054421,0.232562,0.272677,-0.589669,0.740788,-0.108072,-1.415298,-0.274873,0.794425,-2.283698,-0.701791,2.728871,0.427705,-0.379194,0.139775,0.229941,0.051383,-0.232520,0.339068,-0.110235
4.022148,-1.023998,0.240959,1.144104,0.905465,-1.050122,1.143884,-0.339780,-0.478290,-0.058169,0.270751,0.273869,-0.590891,0.744302,-0.108201,-1.415685,-0.274723,0.794648,-2.283648,-0.702030,2.729207,0.427592,-0.380080,0.142500,0.227484,0.051606,-0.233381,0.338941,-0.110723
4.023131,-1.024119,0.240278,1.148733,0.903042,-1.050694,1.145455,-0.339460,-0.440973,-0.067166,0.311661,0.277384,-0.592207,0.748306,-0.108402,-1.416074,-0.274579,0.794866,-2.283600,-0.702271,2.729559,0.427491,-0.383245,0.142256,0.225080,0.050889,-0.235410,0.343261,-0.107918
4.023996,-1.022527,0.238314,1.154057,0.903489,-1.048445,1.143695,-0.339502,-0.395409,-0.082040,0.360550,0.282548,-0.593734,0.753063,-0.108647,-1.416458,-0.274437,0.795082,-2.283544,-0.702504,2.729903,0.427377,-0.383038,0.142439,0.222772,0.052685,-0.234562,0.341630,-0.108661
4.025071,-1.017838,0.237686,1.155249,0.902572,-1.047560,1.145753,-0.340101,-0.341528,-0.100993,0.417911,0.287909,-0.595472,0.758430,-0.108901,-1.416843,-0.274293,0.795293,-2.283492,-0.702740,2.730247,0.427272,-0.383174,0.143064,0.219859,0.051564,-0.236312,0.343177,-0.108609
4.026049,-1.016405,0.238132,1.152750,0.904537,-1.047104,1.145807,-0.339618,-0.280321,-0.123577,0.482707,0.293842,-0.597287,0.764361,-0.109120,-1.417229,-0.274150,0.795512,-2.283438,-0.702982,2.730587,0.427169,-0.385833,0.143354,0.219514,0.051943,-0.237049,0.341305,-0.107563
4.027070,-1.018606,0.238079,1.153733,0.902758,-1.046349,1.148950,-0.340941,-0.214274,-0.149403,0.552046,0.301799,-0.598981,0.770815,-0.109284,-1.417615,-0.274009,0.795738,-2.283393,-0.703224,2.730924,0.427056,-0.386361,0.142977,0.220650,0.049560,-0.237161,0.341301,-0.108621
4.028088,-1.018862,0.238308,1.156437,0.902727,-1.047222,1.148031,-0.340714,-0.148728,-0.176285,0.620178,0.312250,-0.600376,0.777447,-0.109403,-1.417995,-0.273866,0.795954,-2.283339,-0.703464,2.731258,0.426956,-0.385362,0.142902,0.220247,0.050797,-0.237685,0.338271,-0.106080
4.028980,-1.019879,0.234768,1.156968,0.901160,-1.043867,1.147187,-0.341370,-0.087807,-0.201594,0.683088,0.323800,-0.601485,0.783821,-0.109478,-1.418380,-0.273724,0.796169,-2.283289,-0.703701,2.731600,0.426847,-0.385279,0.142683,0.219004,0.050318,-0.236589,0.339318,-0.106669
4.030000,-1.020240,0.234829,1.157216,0.899658,-1.041512,1.146991,-0.341597,-0.032803,-0.224399,0.739749,0.335098,-0.602409,0.789694,-0.109510,-1.418765,-0.273578,0.796386,-2.283237,-0.703943,2.731938,0.426745,-0.384224,0.144128,0.218506,0.051272,-0.239449,0.340001,-0.105407
4.031151,-1.025087,0.235965,1.158811,0.900367,-1.043114,1.147156,-0.341891,0.055122,-0.261149,0.830348,0.354026,-0.603796,0.799329,-0.109475,-1.419525,-0.273291,0.796819,-2.283136,-0.704430,2.732622,0.426538,-0.382423,0.143496,0.218131,0.051132,-0.239905,0.340488,-0.104701
4.032045,-1.021677,0.231270,1.159849,0.899649,-1.043648,1.146436,-0.340866,0.055122,-0.261149,0.830348,0.354026,-0.603796,0.799329,-0.109475,-1.419525,-0.273291,0.796819,-2.283136,-0.704430,2.732622,0.426538,-0.382423,0.143496,0.218131,0.051132,-0.239905,0.340488,-0.104701
4.033025,-1.020849,0.229957,1.159769,0.899304,-1.044935,1.145999,-0.342003,0.086985,-0.274791,0.863196,0.362029,-0.604231,0.803075,-0.109440,-1.419907,-0.273144,0.797032,-2.283085,-0.704666,2.732966,0.426426,-0.383665,0.145514,0.217421,0.051259,-0.238914,0.341024,-0.106803
4.034092,-1.017207,0.229991,1.162104,0.898177,-1.044222,1.148291,-0.341558,0.113849,-0.288264,0.890603,0.370743,-0.604527,0.806478,-0.109406,-1.420293,-0.272997,0.797249,-2.283034,-0.704902,2.733314,0.426324,-0.383920,0.145937,0.217454,0.051066,-0.237343,0.341432,-0.104604
4.035057,-1.018604,0.232299,1.166860,0.896882,-1.044637,1.146857,-0.343094,0.138558,-0.302855,0.915481,0.380319,-0.604751,0.809754,-0.109354,-1.420684,-0.272850,0.797462,-2.282982,-0.705138,2.733647,0.426214,-0.385945,0.145828,0.216548,0.051690,-0.237982,0.339360,-0.105651
4.035973,-1.019429,0.231908,1.170982,0.899038,-1.045313,1.143140,-0.342569,0.163022,-0.317362,0.940199,0.389284,-0.604976,0.812923,-0.109261,-1.421067,-0.272708,0.797671,-2.282928,-0.705374,2.733989,0.426117,-0.385038,0.144484,0.214189,0.052363,-0.237239,0.340803,-0.102665
4.037023,-1.017005,0.235530,1.167761,0.896616,-1.045751,1.141105,-0.342676,0.187694,-0.330323,0.965563,0.396767,-0.605192,0.815923,-0.109117,-1.421453,-0.272565,0.797882,-2.282883,-0.705610,2.734342,0.426010,-0.384193,0.144422,0.212023,0.049741,-0.236150,0.344353,-0.103817
4.038028,-1.015163,0.235116,1.171377,0.897601,-1.048381,1.138757,-0.342715,0.210939,-0.340538,0.989938,0.402757,-0.605307,0.818623,-0.108936,-1.421840,-0.272424,0.798099,-2.282829,-0.705840,2.734691,0.425904,-0.385589,0.142560,0.213851,0.051646,-0.235643,0.346486,-0.103726
4.039078,-1.017468,0.238739,1.174389,0.896906,-1.048614,1.138704,-0.343752,0.231458,-0.346998,1.012015,0.406538,-0.605329,0.820888,-0.108735,-1.422228,-0.272283,0.798310,-2.282781,-0.706069,2.735046,0.425801,-0.386441,0.142674,0.212138,0.050169,-0.232828,0.348816,-0.103771
4.040121,-1.019005,0.239892,1.171227,0.899283,-1.048463,1.136582,-0.344035,0.249929,-0.349972,1.032416,0.408173,-0.605318,0.822808,-0.108525,-1.422616,-0.272146,0.798520,-2.282729,-0.706302,2.735393,0.425699,-0.385420,0.140855,0.210887,0.050375,-0.232527,0.348969,-0.101828
4.041031,-1.016102,0.240079,1.171423,0.897003,-1.049134,1.137601,-0.342795,0.265064,-0.349425,1.049508,0.408901,-0.605222,0.824399,-0.108323,-1.422998,-0.272005,0.798735,-2.282685,-0.706529,2.735749,0.425597,-0.384839,0.140249,0.212681,0.047646,-0.232621,0.351171,-0.101424
4.041963,-1.015716,0.240517,1.171879,0.897533,-1.048418,1.136107,-0.343303,0.274768,-0.345453,1.060738,0.409852,-0.604985,0.825599,-0.108160,-1.423386,-0.271867,0.798947,-2.282630,-0.706761,2.736098,0.425488,-0.385812,0.139941,0.212427,0.049281,-0.231558,0.349933,-0.103982
4.043112,-1.017197,0.240457,1.173385,0.897257,-1.051304,1.132619,-0.342466,0.280150,-0.339169,1.067158,0.410983,-0.604724,0.826501,-0.108049,-1.423772,-0.271728,0.799155,-2.282584,-0.706990,2.736448,0.425389,-0.385621,0.139514,0.212163,0.048275,-0.231972,0.351311,-0.103035
4.044097,-1.014074,0.237077,1.172069,0.894609,-1.052541,1.131956,-0.342658,0.282791,-0.331677,1.070435,0.412160,-0.604535,0.827205,-0.107976,-1.424153,-0.271584,0.799366,-2.282534,-0.707214,2.736811,0.425282,-0.385568,0.139633,0.211925,0.048159,-0.229253,0.355064,-0.104920
4.044972,-1.009498,0.235098,1.172520,0.892835,-1.050606,1.128631,-0.342638,0.283827,-0.324359,1.071750,0.413112,-0.604479,0.827770,-0.107934,-1.424545,-0.271440,0.799581,-2.282481,-0.707438,2.737166,0.425177,-0.386956,0.141173,0.212621,0.050229,-0.227883,0.355633,-0.104618
4.046164,-1.009915,0.236215,1.179835,0.894470,-1.052474,1.130159,-0.343747,0.285450,-0.318867,1.073460,0.412840,-0.604680,0.828302,-0.107902,-1.424931,-0.271298,0.799792,-2.282428,-0.707666,2.737533,0.425070,-0.388617,0.141823,0.212166,0.051336,-0.229423,0.358621,-0.104701
4.047079,-1.011108,0.235081,1.179358,0.894116,-1.052450,1.128959,-0.343195,0.291023,-0.316857,1.078995,0.411912,-0.605148,0.829132,-0.107852,-1.425320,-0.271158,0.799994,-2.282383,-0.707895,2.737893,0.424968,-0.389177,0.141454,0.209208,0.049433,-0.227765,0.357397,-0.102687
4.048002,-1.006390,0.234334,1.175479,0.894721,-1.052265,1.130362,-0.342826,0.301956,-0.318997,1.089612,0.412221,-0.605728,0.830538,-0.107781,-1.425707,-0.271015,0.800202,-2.282335,-0.708115,2.738255,0.424859,-0.388105,0.141754,0.209406,0.049271,-0.227548,0.358368,-0.103875
4.049030,-1.011186,0.232814,1.175450,0.892590,-1.054242,1.128975,-0.343669,0.315609,-0.324616,1.102303,0.415072,-0.606190,0.832414,-0.107693,-1.426098,-0.270872,0.800417,-2.282288,-0.708339,2.738610,0.424754,-0.390027,0.141868,0.211228,0.048187,-0.227452,0.356747,-0.104679
4.050028,-1.012614,0.232750,1.172813,0.892970,-1.054954,1.126640,-0.342679,0.328100,-0.332280,1.112967,0.420192,-0.606393,0.834391,-0.107582,-1.426483,-0.270728,0.800631,-2.282237,-0.708561,2.738973,0.424653,-0.387678,0.142528,0.211375,0.049824,-0.225420,0.358147,-0.103115
4.051062,-1.011683,0.233779,1.171723,0.892946,-1.058115,1.128593,-0.344696,0.335467,-0.339765,1.117746,0.425917,-0.606294,0.835913,-0.107452,-1.426864,-0.270586,0.800844,-2.282189,-0.708781,2.739335,0.424548,-0.386966,0.142421,0.212791,0.048981,-0.224639,0.360419,-0.105241
4.052083,-1.014312,0.236108,1.171508,0.892427,-1.061677,1.130091,-0.344312,0.335621,-0.345657,1.114659,0.431600,-0.605856,0.836695,-0.107319,-1.427254,-0.270447,0.801058,-2.282142,-0.708995,2.739696,0.424452,-0.387498,0.141865,0.213490,0.048585,-0.221509,0.358430,-0.101314
4.052991,-1.013906,0.236551,1.166907,0.891736,-1.062697,1.128752,-0.345030,0.329045,-0.349221,1.104412,0.437098,-0.605116,0.836795,-0.107199,-1.427642,-0.270308,0.801273,-2.282095,-0.709210,2.740049,0.424346,-0.386175,0.140635,0.213714,0.048696,-0.217956,0.356962,-0.102251
4.054041,-1.019327,0.234726,1.171384,0.889547,-1.065171,1.129639,-0.344034,0.315379,-0.349004,1.086990,0.441318,-0.604186,0.836119,-0.107112,-1.428026,-0.270166,0.801494,-2.282048,-0.709423,2.740408,0.424245,-0.385940,0.140160,0.215789,0.048908,-0.216757,0.358085,-0.100872
4.055075,-1.020573,0.234581,1.167430,0.890505,-1.068037,1.131537,-0.344453,0.294483,-0.344591,1.062521,0.443059,-0.603192,0.834552,-0.107068,-1.428407,-0.270027,0.801701,-2.281998,-0.709635,2.740766,0.424139,-0.383434,0.141072,0.213795,0.050635,-0.214386,0.357236,-0.103033
4.056085,-1.013650,0.232169,1.160682,0.889904,-1.069154,1.131600,-0.343671,0.267720,-0.337380,1.032454,0.442348,-0.602218,0.832229,-0.107064,-1.428789,-0.269884,0.801918,-2.281952,-0.709841,2.741114,0.424036,-0.382978,0.141050,0.215942,0.049266,-0.211654,0.355413,-0.102307
4.056960,-1.016709,0.232046,1.161416,0.888661,-1.067511,1.129037,-0.344054,0.236674,-0.329875,0.997971,0.441276,-0.601215,0.829521,-0.107100,-1.429185,-0.269738,0.802146,-2.281902,-0.710050,2.741470,0.423933,-0.386348,0.142112,0.219264,0.049380,-0.210606,0.355349,-0.104022
4.058152,-1.020698,0.227946,1.161959,0.890002,-1.070229,1.133140,-0.345174,0.202976,-0.323704,0.960453,0.440921,-0.600166,0.826657,-0.107173,-1.429570,-0.269598,0.802368,-2.281851,-0.710266,2.741828,0.423829,-0.384150,0.141854,0.218518,0.050026,-0.211964,0.357627,-0.103281
4.059048,-1.014678,0.227691,1.152238,0.890250,-1.069833,1.134627,-0.343789,0.167819,-0.319578,0.921103,0.441423,-0.599070,0.823706,-0.107274,-1.429950,-0.269449,0.802585,-2.281806,-0.710474,2.742179,0.423734,-0.383059,0.144025,0.218808,0.048400,-0.209666,0.353865,-0.101280
4.059972,-1.009820,0.230721,1.151383,0.889287,-1.071517,1.136463,-0.345503,0.131803,-0.319067,0.880139,0.444657,-0.597782,0.820919,-0.107397,-1.430342,-0.269308,0.802817,-2.281760,-0.710684,2.742533,0.423619,-0.385495,0.143844,0.223291,0.047691,-0.209892,0.352158,-0.104117
4.061101,-1.009538,0.226101,1.153538,0.886436,-1.073823,1.136626,-0.345070,0.095655,-0.321728,0.838297,0.450847,-0.596245,0.818433,-0.107521,-1.430739,-0.269168,0.803037,-2.281710,-0.710886,2.742876,0.423527,-0.387392,0.142100,0.223479,0.048102,-0.208127,0.350205,-0.100749
4.062079,-1.013246,0.222206,1.150390,0.886980,-1.074467,1.138616,-0.346148,0.062151,-0.326083,0.799182,0.457192,-0.594668,0.816203,-0.107600,-1.431128,-0.269019,0.803261,-2.281654,-0.711091,2.743228,0.423423,-0.388019,0.144439,0.222687,0.050416,-0.206172,0.350323,-0.101848
4.063034,-1.008897,0.229404,1.140170,0.885775,-1.074659,1.138683,-0.345666,0.033081,-0.333022,0.764916,0.462289,-0.593192,0.814168,-0.107623,-1.431511,-0.268871,0.803492,-2.281608,-0.711296,2.743568,0.423327,-0.386011,0.146144,0.224100,0.049411,-0.205560,0.348327,-0.099798
4.063984,-1.007673,0.227534,1.136033,0.884946,-1.075315,1.139424,-0.346828,0.004391,-0.340797,0.731203,0.466057,-0.591699,0.811946,-0.107601,-1.431898,-0.268735,0.803729,-2.281557,-0.711502,2.743915,0.423224,-0.387949,0.142369,0.228929,0.050081,-0.205342,0.348205,-0.100888
4.064976,-1.007893,0.225805,1.135729,0.885154,-1.075825,1.140490,-0.347060,-0.028769,-0.344896,0.693248,0.467324,-0.590122,0.809035,-0.107526,-1.432286,-0.268593,0.803966,-2.281505,-0.711705,2.744261,0.423128,-0.388239,0.143145,0.230639,0.050337,-0.204667,0.347379,-0.098655
4.066030,-1.010777,0.229006,1.129762,0.884943,-1.077384,1.140375,-0.346778,-0.065793,-0.345413,0.651628,0.466462,-0.588511,0.805549,-0.107395,-1.432676,-0.268448,0.804195,-2.281458,-0.711905,2.744604,0.423031,-0.387983,0.143829,0.230647,0.049661,-0.204263,0.346338,-0.098348
4.067099,-1.006949,0.227423,1.124394,0.885368,-1.081710,1.140752,-0.347418,-0.105466,-0.343771,0.607439,0.464836,-0.586864,0.801772,-0.107231,-1.433055,-0.268307,0.804435,-2.281408,-0.712104,2.744948,0.422932,-0.386796,0.142177,0.233562,0.049420,-0.202944,0.346613,-0.099087
4.068087,-1.005568,0.228634,1.126499,0.883724,-1.081602,1.142332,-0.347000,-0.148730,-0.339458,0.559725,0.462954,-0.585154,0.797714,-0.107058,-1.433449,-0.268165,0.804679,-2.281362,-0.712296,2.745297,0.422837,-0.388905,0.142977,0.236149,0.048623,-0.198939,0.346386,-0.097977
4.069022,-1.011508,0.228925,1.122703,0.882719,-1.079624,1.143485,-0.347260,-0.192918,-0.333675,0.511282,0.461154,-0.583475,0.793617,-0.106881,-1.433836,-0.268024,0.804910,-2.281310,-0.712492,2.745637,0.422736,-0.389463,0.142221,0.234898,0.049743,-0.199227,0.344829,-0.098957
4.070051,-1.009509,0.228506,1.119987,0.881077,-1.080864,1.143003,-0.346980,-0.235717,-0.326564,0.464808,0.458578,-0.581960,0.789585,-0.106712,-1.434216,-0.267885,0.805152,-2.281259,-0.712698,2.745981,0.422636,-0.386175,0.141885,0.236399,0.050156,-0.201148,0.343578,-0.098522
4.071054,-1.007227,0.225399,1.119590,0.880125,-1.080517,1.142256,-0.348237,-0.278919,-0.316661,0.418694,0.454084,-0.580609,0.785353,-0.106571,-1.434607,-0.267741,0.805394,-2.281205,-0.712900,2.746323,0.422534,-0.387230,0.142002,0.237569,0.051225,-0.200043,0.344191,-0.099233
4.071980,-1.006722,0.227717,1.115345,0.878600,-1.081389,1.143220,-0.347698,-0.321206,-0.305403,0.374274,0.447902,-0.579448,0.781004,-0.106453,-1.434995,-0.267593,0.805633,-2.281152,-0.713100,2.746667,0.422440,-0.388298,0.143368,0.237542,0.051617,-0.200537,0.344980,-0.096846
4.073089,-1.011965,0.229701,1.115916,0.878882,-1.081588,1.142970,-0.348479,-0.359769,-0.294716,0.334378,0.440605,-0.578513,0.776809,-0.106347,-1.435385,-0.267455,0.805879,-2.281096,-0.713301,2.747015,0.422341,-0.388097,0.141992,0.239178,0.052439,-0.199603,0.343859,-0.098055
4.074075,-1.015481,0.232837,1.112237,0.878757,-1.080779,1.141017,-0.347885,-0.395891,-0.283288,0.297701,0.432147,-0.577750,0.772746,-0.106259,-1.435767,-0.267317,0.806117,-2.281045,-0.713500,2.747356,0.422249,-0.385948,0.141091,0.238956,0.051680,-0.199787,0.344407,-0.096691
4.074957,-1.014894,0.234263,1.109653,0.875323,-1.078840,1.140356,-0.347932,-0.432889,-0.268706,0.260855,0.422645,-0.577051,0.768641,-0.106213,-1.436150,-0.267179,0.806362,-2.280994,-0.713706,2.747712,0.422149,-0.384103,0.139416,0.240472,0.051279,-0.200632,0.346312,-0.098030
4.076087,-1.019652,0.232721,1.109504,0.874477,-1.077549,1.142697,-0.347940,-0.473038,-0.248964,0.221652,0.411282,-0.576397,0.764244,-0.106233,-1.436541,-0.267043,0.806607,-2.280934,-0.713913,2.748053,0.422048,-0.383764,0.138475,0.241160,0.053916,-0.202381,0.346765,-0.097989
4.076987,-1.017835,0.232374,1.105869,0.873507,-1.075492,1.143253,-0.346753,-0.515682,-0.224140,0.180842,0.396976,-0.575896,0.759462,-0.106330,-1.436915,-0.266902,0.806849,-2.280882,-0.714124,2.748396,0.421948,-0.382053,0.139357,0.241311,0.054276,-0.203961,0.344718,-0.098175
4.077977,-1.015831,0.230712,1.110360,0.872797,-1.077337,1.142736,-0.347116,-0.558351,-0.197142,0.140508,0.381127,-0.575567,0.754571,-0.106498,-1.437301,-0.266766,0.807093,-2.280826,-0.714330,2.748738,0.421844,-0.382459,0.139311,0.242590,0.054536,-0.205869,0.344016,-0.100637
4.079075,-1.015980,0.230939,1.109778,0.870923,-1.078455,1.144006,-0.346104,-0.596842,-0.171581,0.104564,0.365906,-0.575412,0.750066,-0.106717,-1.437690,-0.266625,0.807327,-2.280773,-0.714530,2.749081,0.421746,-0.383330,0.140010,0.240118,0.054669,-0.204092,0.344567,-0.100016
4.080061,-1.015342,0.227350,1.109238,0.868091,-1.075703,1.144655,-0.346260,-0.626297,-0.150000,0.078035,0.351971,-0.575545,0.746366,-0.106962,-1.438069,-0.266485,0.807569,-2.280715,-0.714732,2.749425,0.421643,-0.383735,0.139948,0.240440,0.055933,-0.203299,0.343523,-0.102239
4.081029,-1.009877,0.225220,1.116921,0.869875,-1.075249,1.145733,-0.345346,-0.645495,-0.132973,0.062218,0.338661,-0.576034,0.743520,-0.107212,-1.438454,-0.266340,0.807809,-2.280655,-0.714946,2.749762,0.421539,-0.383936,0.141578,0.240429,0.058010,-0.206040,0.342931,-0.102013
4.082016,-1.005389,0.229560,1.118398,0.870005,-1.076491,1.146011,-0.345568,-0.652338,-0.122458,0.059000,0.326925,-0.576829,0.741806,-0.107457,-1.438839,-0.266196,0.808037,-2.280605,-0.715151,2.750103,0.421434,-0.386502,0.142430,0.236373,0.055668,-0.206474,0.341831,-0.103959
4.083006,-1.006108,0.227332,1.117947,0.867894,-1.074237,1.148080,-0.345773,-0.642438,-0.120774,0.072658,0.319204,-0.577846,0.741821,-0.107694,-1.439233,-0.266063,0.808270,-2.280552,-0.715358,2.750447,0.421329,-0.388526,0.140187,0.235477,0.054961,-0.205242,0.341577,-0.103598
4.084082,-1.014225,0.227637,1.118622,0.868115,-1.074521,1.148696,-0.345218,-0.617382,-0.125821,0.101636,0.315187,-0.579003,0.743418,-0.107905,-1.439622,-0.265921,0.808506,-2.280494,-0.715574,2.750780,0.421224,-0.388005,0.141189,0.235511,0.056394,-0.207475,0.339571,-0.103294
4.084977,-1.013212,0.230479,1.122496,0.866480,-1.075150,1.149282,-0.344745,-0.585019,-0.133669,0.137778,0.313069,-0.580125,0.745768,-0.108075,-1.439994,-0.265782,0.808736,-2.280440,-0.715777,2.751116,0.421118,-0.384375,0.141055,0.235247,0.055592,-0.207425,0.339215,-0.104570
4.085969,-1.017427,0.229585,1.120367,0.864686,-1.073796,1.148160,-0.344249,-0.551903,-0.140920,0.174388,0.311399,-0.581084,0.748164,-0.108211,-1.440379,-0.265647,0.808963,-2.280383,-0.715981,2.751457,0.421007,-0.384388,0.139416,0.232934,0.056505,-0.206642,0.338461,-0.105545
4.087086,-1.017768,0.231205,1.125859,0.865354,-1.073689,1.150329,-0.343656,-0.521046,-0.144812,0.208816,0.308181,-0.581958,0.750152,-0.108317,-1.440758,-0.265503,0.809195,-2.280324,-0.716189,2.751797,0.420897,-0.382257,0.139724,0.233868,0.057590,-0.208044,0.339644,-0.106627
4.088084,-1.022989,0.228325,1.126385,0.862917,-1.076724,1.150134,-0.343072,-0.493497,-0.144982,0.240110,0.302997,-0.582797,0.751619,-0.108407,-1.441143,-0.265364,0.809419,-2.280271,-0.716402,2.752135,0.420787,-0.382596,0.138992,0.231359,0.056391,-0.208386,0.337765,-0.107968
4.088983,-1.025651,0.227562,1.133561,0.863548,-1.074687,1.150537,-0.343326,-0.468480,-0.143020,0.268904,0.296834,-0.583624,0.752738,-0.108502,-1.441522,-0.265223,0.809650,-2.280210,-0.716608,2.752469,0.420674,-0.379981,0.140331,0.230989,0.058088,-0.205377,0.338077,-0.109216
4.090029,-1.021066,0.224839,1.137136,0.864994,-1.075921,1.151609,-0.342336,-0.445044,-0.140538,0.296056,0.290298,-0.584501,0.753648,-0.108609,-1.441894,-0.265079,0.809865,-2.280153,-0.716819,2.752803,0.420571,-0.378307,0.140397,0.227164,0.056686,-0.207261,0.337550,-0.108756
4.091080,-1.020869,0.225469,1.138897,0.862191,-1.077611,1.152113,-0.341693,-0.419747,-0.140751,0.324783,0.285782,-0.585435,0.754886,-0.108734,-1.442284,-0.264937,0.810084,-2.280101,-0.717024,2.753141,0.420452,-0.380750,0.141716,0.225534,0.054711,-0.206168,0.336645,-0.110845
4.092078,-1.024824,0.221840,1.143924,0.862977,-1.074741,1.152652,-0.341218,-0.388644,-0.146248,0.358953,0.284869,-0.586468,0.756984,-0.108882,-1.442669,-0.264795,0.810303,-2.280040,-0.717223,2.753470,0.420337,-0.381008,0.141340,0.224812,0.056837,-0.204708,0.336383,-0.112221
4.093000,-1.020397,0.220580,1.148555,0.861937,-1.073579,1.151473,-0.340793,-0.352442,-0.156151,0.397950,0.286285,-0.587628,0.759784,-0.109041,-1.443040,-0.264647,0.810523,-2.279988,-0.717438,2.753806,0.420221,-0.379126,0.142975,0.222290,0.055454,-0.207596,0.335927,-0.113238
4.093991,-1.016413,0.216213,1.154139,0.860469,-1.076449,1.152920,-0.339538,-0.311815,-0.170173,0.441027,0.289756,-0.588819,0.763166,-0.109189,-1.443427,-0.264504,0.810737,-2.279931,-0.717650,2.754140,0.420101,-0.380948,0.143323,0.219843,0.055798,-0.208576,0.337050,-0.114097
4.095093,-1.015381,0.217376,1.153120,0.863538,-1.077084,1.152737,-0.339796,-0.263951,-0.189677,0.491114,0.295248,-0.590040,0.767320,-0.109313,-1.443810,-0.264354,0.810950,-2.279873,-0.717851,2.754478,0.419978,-0.382880,0.145293,0.217119,0.056563,-0.205758,0.335633,-0.116657
4.096081,-1.018214,0.221553,1.158901,0.861997,-1.077326,1.153583,-0.338788,-0.207878,-0.215324,0.549069,0.303225,-0.591274,0.772381,-0.109410,-1.444196,-0.264211,0.811168,-2.279827,-0.718053,2.754816,0.419863,-0.383795,0.144709,0.217961,0.053115,-0.205468,0.336126,-0.116239
4.096972,-1.022671,0.219126,1.160676,0.863897,-1.078528,1.153750,-0.338126,-0.148030,-0.244017,0.610215,0.313872,-0.592388,0.778037,-0.109491,-1.444575,-0.264072,0.811376,-2.279770,-0.718262,2.755147,0.419739,-0.382327,0.142492,0.215149,0.054034,-0.205238,0.335356,-0.118310
4.098120,-1.021541,0.220455,1.158204,0.862103,-1.077836,1.156376,-0.337831,-0.090069,-0.270990,0.669037,0.325548,-0.593356,0.783690,-0.109583,-1.444946,-0.263925,0.811588,-2.279723,-0.718463,2.755483,0.419617,-0.379709,0.143380,0.214092,0.051592,-0.203905,0.335049,-0.119615
4.099092,-1.022441,0.219719,1.158099,0.862696,-1.076093,1.155946,-0.337487,-0.037985,-0.294347,0.721462,0.337473,-0.594196,0.788969,-0.109722,-1.445327,-0.263785,0.811808,-2.279669,-0.718670,2.755813,0.419495,-0.381000,0.142825,0.215751,0.052914,-0.204985,0.332840,-0.120323
4.100023,-1.024791,0.220206,1.159955,0.862615,-1.076981,1.153310,-0.337078,0.005997,-0.313537,0.765130,0.349149,-0.594942,0.793681,-0.109933,-1.445702,-0.263641,0.812020,-2.279619,-0.718877,2.756147,0.419374,-0.380472,0.143006,0.215814,0.051790,-0.206736,0.333334,-0.121042
4.101110,-1.029502,0.218725,1.160081,0.861051,-1.073853,1.153140,-0.336257,0.041245,-0.328199,0.799466,0.360014,-0.595659,0.797721,-0.110225,-1.446079,-0.263501,0.812234,-2.279568,-0.719082,2.756486,0.419250,-0.379026,0.142548,0.214774,0.051282,-0.205747,0.335909,-0.121861
4.102092,-1.024463,0.217968,1.160782,0.861797,-1.072971,1.152591,-0.335493,0.067208,-0.337919,0.824076,0.369240,-0.596413,0.800952,-0.110596,-1.446456,-0.263356,0.812452,-2.279513,-0.719296,2.756825,0.419124,-0.377113,0.143281,0.214983,0.052311,-0.209080,0.336313,-0.123585
4.102993,-1.026787,0.216300,1.162420,0.862639,-1.072100,1.151178,-0.335220,0.085170,-0.343451,0.840337,0.376426,-0.597244,0.803451,-0.111039,-1.446837,-0.263211,0.812663,-2.279466,-0.719507,2.757164,0.418994,-0.379601,0.143465,0.214694,0.051098,-0.209918,0.336890,-0.125116
4.104001,-1.030575,0.213438,1.169416,0.861375,-1.070462,1.148804,-0.334995,0.098903,-0.347365,0.851864,0.383119,-0.598103,0.805666,-0.111544,-1.447213,-0.263067,0.812876,-2.279420,-0.719716,2.757509,0.418866,-0.378004,0.143988,0.213699,0.049776,-0.210613,0.338136,-0.125619
4.105017,-1.030412,0.210481,1.165202,0.862208,-1.068761,1.149710,-0.334269,0.111078,-0.351354,0.861349,0.390125,-0.598940,0.807819,-0.112077,-1.447585,-0.262919,0.813078,-2.279368,-0.719926,2.757852,0.418740,-0.376257,0.145249,0.210415,0.050517,-0.212297,0.340584,-0.126101
4.106062,-1.028500,0.214354,1.161666,0.861350,-1.068505,1.147724,-0.333747,0.122258,-0.356258,0.869437,0.397379,-0.599691,0.809858,-0.112601,-1.447965,-0.262771,0.813293,-2.279319,-0.720144,2.758190,0.418608,-0.376445,0.146548,0.212688,0.049211,-0.213971,0.339749,-0.127576
4.107112,-1.031509,0.213062,1.164706,0.860839,-1.065817,1.147792,-0.334479,0.130586,-0.361228,0.874184,0.404841,-0.600242,0.811591,-0.113094,-1.448347,-0.262632,0.813512,-2.279269,-0.720363,2.758532,0.418475,-0.377611,0.144559,0.214586,0.049603,-0.214243,0.341910,-0.128643
4.108020,-1.031374,0.212375,1.165622,0.860513,-1.065406,1.147670,-0.333193,0.134269,-0.363695,0.874043,0.411175,-0.600608,0.812714,-0.113528,-1.448717,-0.262486,0.813719,-2.279219,-0.720583,2.758872,0.418354,-0.376446,0.145132,0.213329,0.049638,-0.216984,0.341989,-0.127227
4.109001,-1.030933,0.214725,1.162266,0.861329,-1.063501,1.148054,-0.333645,0.134449,-0.363168,0.870519,0.415547,-0.600913,0.813217,-0.113902,-1.449094,-0.262343,0.813930,-2.279170,-0.720804,2.759219,0.418219,-0.376155,0.145190,0.212752,0.049422,-0.217094,0.341937,-0.129781
4.110070,-1.030174,0.215129,1.167645,0.859441,-1.060921,1.148308,-0.333973,0.131951,-0.360058,0.864527,0.418545,-0.601187,0.813271,-0.114240,-1.449471,-0.262200,0.814147,-2.279123,-0.721023,2.759559,0.418091,-0.376350,0.143839,0.214441,0.048166,-0.218899,0.341573,-0.128854
4.110962,-1.032719,0.214990,1.172480,0.857753,-1.057509,1.148308,-0.334388,0.127503,-0.353984,0.856993,0.420178,-0.601485,0.813028,-0.114534,-1.449845,-0.262056,0.814355,-2.279070,-0.721252,2.759902,0.417966,-0.377130,0.143606,0.212046,0.049553,-0.221467,0.341505,-0.128267
4.112060,-1.036375,0.214814,1.172407,0.860017,-1.056707,1.149743,-0.333316,0.124054,-0.345145,0.851412,0.419086,-0.602012,0.812650,-0.114764,-1.450214,-0.261916,0.814562,-2.279018,-0.721490,2.760239,0.417841,-0.375483,0.143396,0.209499,0.050593,-0.224406,0.341359,-0.127413
4.113092,-1.036756,0.209802,1.172307,0.859621,-1.054514,1.148891,-0.334761,0.122484,-0.334333,0.848745,0.415530,-0.602800,0.812264,-0.114949,-1.450585,-0.261770,0.814772,-2.278974,-0.721714,2.760581,0.417708,-0.374241,0.143473,0.209956,0.048020,-0.225278,0.340170,-0.129642
4.114075,-1.038580,0.209941,1.170492,0.859577,-1.053726,1.147744,-0.334606,0.121232,-0.323768,0.846701,0.412607,-0.603620,0.812055,-0.115123,-1.450961,-0.261621,0.814984,-2.278928,-0.721947,2.760923,0.417584,-0.374270,0.145838,0.210184,0.048056,-0.227337,0.341162,-0.126752
4.114984,-1.033379,0.209725,1.174204,0.859370,-1.050264,1.147033,-0.335170,0.119044,-0.315306,0.843465,0.412038,-0.604318,0.812041,-0.115289,-1.451337,-0.261474,0.815198,-2.278881,-0.722177,2.761266,0.417457,-0.373333,0.145529,0.211135,0.047642,-0.227901,0.342317,-0.127109
4.116054,-1.034311,0.212629,1.174401,0.859819,-1.047731,1.150126,-0.335659,0.116485,-0.308804,0.839721,0.413232,-0.604895,0.812141,-0.115436,-1.451713,-0.261329,0.815404,-2.278833,-0.722407,2.761611,0.417333,-0.375612,0.145334,0.209185,0.047338,-0.231012,0.342861,-0.125956
4.117042,-1.037790,0.212122,1.175654,0.859867,-1.047729,1.151283,-0.336400,0.116109,-0.303773,0.838399,0.415572,-0.605386,0.812469,-0.115563,-1.452093,-0.261189,0.815614,-2.278789,-0.722645,2.761949,0.417210,-0.375459,0.143875,0.209417,0.046578,-0.233431,0.339958,-0.125056
4.117961,-1.037426,0.213572,1.177167,0.859767,-1.046886,1.152770,-0.337063,0.117521,-0.299061,0.839201,0.418687,-0.605757,0.812964,-0.115685,-1.452461,-0.261045,0.815822,-2.278744,-0.722877,2.762281,0.417092,-0.373806,0.143972,0.208901,0.046140,-0.233189,0.338900,-0.123622
4.119097,-1.038602,0.214929,1.180575,0.858051,-1.047489,1.155235,-0.337268,0.118616,-0.293504,0.839981,0.422074,-0.605977,0.813412,-0.115832,-1.452837,-0.260904,0.816029,-2.278697,-0.723113,2.762615,0.416971,-0.373698,0.142995,0.208087,0.045754,-0.233625,0.337335,-0.122305
4.119996,-1.035462,0.215613,1.176018,0.858354,-1.044889,1.155045,-0.337653,0.119686,-0.286594,0.841305,0.424518,-0.606162,0.813737,-0.116017,-1.453213,-0.260764,0.816237,-2.278647,-0.723349,2.762944,0.416852,-0.373792,0.142442,0.206885,0.047077,-0.233067,0.335278,-0.122033
4.120964,-1.037282,0.213798,1.171194,0.856136,-1.043594,1.156004,-0.337680,0.120967,-0.277999,0.843637,0.424991,-0.606408,0.813889,-0.116222,-1.453586,-0.260622,0.816448,-2.278601,-0.723587,2.763280,0.416737,-0.375014,0.141811,0.209040,0.046283,-0.235228,0.335365,-0.121278
4.122062,-1.038705,0.210066,1.174289,0.857824,-1.045491,1.154952,-0.338617,0.119717,-0.267493,0.843940,0.423512,-0.606643,0.813668,-0.116426,-1.453960,-0.260482,0.816665,-2.278550,-0.723823,2.763612,0.416615,-0.374023,0.142571,0.211411,0.047971,-0.236198,0.334439,-0.121258
4.123052,-1.042699,0.212085,1.173913,0.856349,-1.044411,1.156418,-0.338437,0.113997,-0.256477,0.839765,0.421111,-0.606784,0.813021,-0.116635,-1.454334,-0.260335,0.816869,-2.278510,-0.724056,2.763947,0.416500,-0.373856,0.144418,0.210286,0.046054,-0.234273,0.335811,-0.119492
4.124017,-1.037992,0.210881,1.167356,0.857489,-1.046626,1.153516,-0.340291,0.104694,-0.246808,0.831819,0.418969,-0.606843,0.812160,-0.116856,-1.454698,-0.260194,0.817084,-2.278460,-0.724291,2.764282,0.416380,-0.371997,0.143250,0.210537,0.047045,-0.235135,0.334386,-0.119921
4.125043,-1.040237,0.208177,1.167633,0.857187,-1.045267,1.151689,-0.339930,0.091389,-0.237929,0.819773,0.417115,-0.606837,0.811090,-0.117079,-1.455076,-0.260051,0.817304,-2.278418,-0.724520,2.764625,0.416270,-0.374269,0.143682,0.213747,0.045552,-0.232643,0.337304,-0.116243
4.125999,-1.041207,0.210970,1.165259,0.854999,-1.044798,1.152166,-0.340716,0.073717,-0.230103,0.803122,0.416067,-0.606735,0.809789,-0.117291,-1.455446,-0.259904,0.817518,-2.278373,-0.724754,2.764967,0.416151,-0.373378,0.144896,0.213732,0.045505,-0.233877,0.339223,-0.117084
4.127136,-1.043809,0.211902,1.166541,0.855513,-1.046102,1.152873,-0.341191,0.051919,-0.223148,0.782221,0.415195,-0.606560,0.808122,-0.117482,-1.455818,-0.259765,0.817737,-2.278323,-0.724987,2.765306,0.416037,-0.372802,0.143301,0.214829,0.047164,-0.234038,0.338699,-0.115540
4.127982,-1.041186,0.215368,1.164864,0.854951,-1.045291,1.153266,-0.342067,0.025628,-0.214738,0.757202,0.412364,-0.606384,0.805801,-0.117640,-1.456195,-0.259622,0.817949,-2.278279,-0.725216,2.765643,0.415923,-0.372183,0.142933,0.214636,0.046362,-0.232850,0.338360,-0.114745
4.128999,-1.044422,0.218320,1.164706,0.855782,-1.045943,1.152070,-0.342278,-0.004140,-0.203908,0.729334,0.407174,-0.606222,0.802859,-0.117748,-1.456567,-0.259484,0.818164,-2.278233,-0.725450,2.765976,0.415818,-0.372904,0.140864,0.215139,0.046424,-0.233123,0.337744,-0.113013
4.129953,-1.042804,0.217529,1.160875,0.855844,-1.048048,1.153531,-0.342524,-0.036532,-0.190159,0.699519,0.400029,-0.606012,0.799416,-0.117799,-1.456942,-0.259349,0.818381,-2.278190,-0.725683,2.766318,0.415707,-0.371426,0.139368,0.215307,0.045250,-0.232291,0.339044,-0.112705
4.131011,-1.040707,0.218258,1.158666,0.855368,-1.046956,1.150994,-0.343191,-0.071754,-0.173769,0.667345,0.391871,-0.605645,0.795608,-0.117797,-1.457313,-0.259207,0.818601,-2.278146,-0.725909,2.766651,0.415596,-0.372163,0.139591,0.217120,0.044809,-0.229939,0.337563,-0.112277
4.131988,-1.041169,0.228021,1.153365,0.854191,-1.047004,1.149220,-0.342285,-0.108838,-0.156803,0.633458,0.383986,-0.605081,0.791727,-0.117746,-1.457691,-0.259069,0.818824,-2.278100,-0.726139,2.766999,0.415489,-0.373522,0.139226,0.218336,0.044930,-0.231007,0.340279,-0.111068
4.133073,-1.038240,0.223636,1.154350,0.855592,-1.048944,1.148799,-0.343734,-0.148245,-0.137947,0.597610,0.375186,-0.604393,0.787672,-0.117638,-1.458065,-0.258942,0.819052,-2.278053,-0.726371,2.767342,0.415373,-0.373259,0.134322,0.220847,0.045666,-0.230703,0.342036,-0.112971
4.134078,-1.040639,0.226542,1.153249,0.852074,-1.050093,1.151959,-0.343370,-0.190275,-0.115509,0.559714,0.364472,-0.603681,0.783324,-0.117487,-1.458440,-0.258800,0.819272,-2.278013,-0.726593,2.767688,0.415269,-0.375213,0.136590,0.220564,0.044039,-0.228829,0.342651,-0.110185
4.135046,-1.034507,0.224370,1.149494,0.852915,-1.052179,1.151023,-0.344060,-0.231675,-0.092262,0.522837,0.352812,-0.603092,0.779023,-0.117325,-1.458814,-0.258668,0.819495,-2.277962,-0.726821,2.768027,0.415154,-0.374086,0.135108,0.221106,0.047087,-0.227542,0.339530,-0.111026
4.135985,-1.034489,0.222757,1.149694,0.852151,-1.049019,1.147348,-0.343168,-0.270003,-0.070401,0.489311,0.340396,-0.602790,0.774987,-0.117198,-1.459192,-0.258530,0.819719,-2.277919,-0.727038,2.768366,0.415050,-0.377096,0.136083,0.222870,0.045845,-0.225336,0.340509,-0.109724
4.137097,-1.039142,0.224694,1.151743,0.852522,-1.048839,1.144367,-0.343932,-0.303655,-0.052001,0.460363,0.328468,-0.602785,0.771449,-0.117137,-1.459570,-0.258391,0.819943,-2.277873,-0.727273,2.768718,0.414934,-0.376823,0.136700,0.222537,0.046156,-0.228190,0.344071,-0.111574
4.138063,-1.035278,0.227080,1.148331,0.851568,-1.049839,1.145496,-0.343886,-0.332308,-0.038027,0.435964,0.318152,-0.602968,0.768474,-0.117148,-1.459944,-0.258257,0.820166,-2.277829,-0.727503,2.769072,0.414825,-0.375087,0.135869,0.221776,0.045510,-0.228401,0.347261,-0.110172
4.139066,-1.032107,0.229619,1.145659,0.851379,-1.051585,1.144890,-0.344544,-0.357595,-0.026387,0.414582,0.308704,-0.603245,0.765823,-0.117219,-1.460325,-0.258123,0.820393,-2.277781,-0.727723,2.769416,0.414716,-0.376901,0.134580,0.223344,0.045992,-0.227234,0.346057,-0.110357
4.140166,-1.035094,0.230601,1.148137,0.852261,-1.053259,1.143614,-0.345309,-0.380010,-0.015316,0.395864,0.299400,-0.603590,0.763414,-0.117338,-1.460708,-0.257994,0.820622,-2.277735,-0.727950,2.769768,0.414609,-0.378481,0.133344,0.224582,0.045769,-0.225341,0.346675,-0.109132
4.140992,-1.034622,0.231868,1.147745,0.851202,-1.054025,1.145234,-0.344954,-0.399188,-0.004466,0.380102,0.290350,-0.603979,0.761297,-0.117493,-1.461088,-0.257860,0.820841,-2.277695,-0.728170,2.770116,0.414507,-0.377426,0.132999,0.223593,0.044685,-0.223812,0.348182,-0.107779
4.142104,-1.038104,0.232731,1.147483,0.851246,-1.053192,1.144084,-0.345985,-0.415012,0.006015,0.367294,0.281870,-0.604380,0.759505,-0.117661,-1.461462,-0.257730,0.821066,-2.277647,-0.728387,2.770464,0.414401,-0.376967,0.132101,0.223287,0.045196,-0.222628,0.346176,-0.108525
4.143083,-1.035851,0.232481,1.143925,0.852494,-1.056125,1.140611,-0.345970,-0.428406,0.016539,0.356524,0.273630,-0.604755,0.757930,-0.117804,-1.461840,-0.257599,0.821292,-2.277603,-0.728612,2.770811,0.414297,-0.375767,0.131855,0.223647,0.044859,-0.223591,0.347613,-0.106614
4.143981,-1.035776,0.235540,1.135772,0.852514,-1.058944,1.140800,-0.346390,-0.440917,0.026876,0.346091,0.266117,-0.605003,0.756449,-0.117887,-1.462215,-0.257467,0.821518,-2.277563,-0.728828,2.771169,0.414192,-0.376896,0.131949,0.225321,0.043321,-0.220542,0.351018,-0.106763
4.145050,-1.038790,0.233912,1.140384,0.851732,-1.060862,1.140309,-0.345405,-0.454921,0.037032,0.333308,0.260229,-0.605010,0.754927,-0.117913,-1.462589,-0.257342,0.821755,-2.277522,-0.729039,2.771521,0.414086,-0.376532,0.130315,0.228954,0.042942,-0.217519,0.350562,-0.105969
4.145993,-1.037509,0.236671,1.137182,0.852421,-1.065174,1.139913,-0.345864,-0.472004,0.047808,0.316583,0.255439,-0.604802,0.753200,-0.117912,-1.462965,-0.257209,0.821977,-2.277478,-0.729251,2.771873,0.413972,-0.375401,0.131245,0.226747,0.043428,-0.215768,0.351199,-0.108084
4.147042,-1.040897,0.234618,1.139441,0.852156,-1.066873,1.139084,-0.345328,-0.490347,0.058714,0.298031,0.250975,-0.604544,0.751345,-0.117910,-1.463336,-0.257082,0.822209,-2.277438,-0.729453,2.772230,0.413866,-0.375928,0.129809,0.228103,0.042414,-0.211407,0.351433,-0.107212
4.148148,-1.039737,0.235544,1.137088,0.851336,-1.067286,1.142448,-0.344676,-0.507976,0.068722,0.279809,0.246925,-0.604354,0.749514,-0.117919,-1.463710,-0.256950,0.822435,-2.277396,-0.729660,2.772588,0.413754,-0.374517,0.130934,0.227006,0.042417,-0.209898,0.352325,-0.108417
4.149018,-1.039817,0.231676,1.141307,0.851839,-1.067636,1.139462,-0.345433,-0.523959,0.076845,0.262888,0.243476,-0.604272,0.747822,-0.117950,-1.464084,-0.256820,0.822665,-2.277352,-0.729865,2.772930,0.413642,-0.375702,0.130642,0.228369,0.042970,-0.209789,0.349192,-0.109862
4.149995,-1.040898,0.231596,1.150666,0.853043,-1.069183,1.138048,-0.344978,-0.536198,0.081343,0.249339,0.241069,-0.604314,0.746523,-0.118000,-1.464460,-0.256689,0.822888,-2.277313,-0.730075,2.773288,0.413538,-0.375114,0.132387,0.225857,0.042114,-0.209186,0.351919,-0.108367
4.150989,-1.037365,0.231108,1.143671,0.853424,-1.070315,1.136959,-0.345396,-0.540559,0.079693,0.243347,0.240828,-0.604486,0.746047,-0.118057,-1.464835,-0.256555,0.823103,-2.277274,-0.730279,2.773640,0.413426,-0.374536,0.132350,0.221160,0.040653,-0.207663,0.353262,-0.109372
4.151989,-1.037135,0.236086,1.146108,0.853754,-1.073805,1.136026,-0.346087,-0.535216,0.071040,0.246786,0.243543,-0.604723,0.746624,-0.118121,-1.465215,-0.256423,0.823331,-2.277234,-0.730479,2.774000,0.413321,-0.376318,0.132573,0.224624,0.040018,-0.206646,0.354277,-0.108628
4.153086,-1.041864,0.236957,1.148258,0.854486,-1.077466,1.133811,-0.346171,-0.523572,0.058155,0.256251,0.248437,-0.604896,0.747974,-0.118176,-1.465594,-0.256299,0.823554,-2.277196,-0.730675,2.774360,0.413216,-0.376443,0.130148,0.223330,0.039475,-0.203299,0.355144,-0.107353
4.154076,-1.038430,0.235972,1.148117,0.856039,-1.080993,1.131429,-0.344738,-0.509422,0.044912,0.268198,0.253687,-0.604966,0.749641,-0.118203,-1.465963,-0.256167,0.823774,-2.277161,-0.730865,2.774721,0.413107,-0.374643,0.129881,0.222525,0.038663,-0.200065,0.357517,-0.107345
4.155195,-1.034209,0.236290,1.145752,0.854333,-1.084283,1.132649,-0.344744,-0.493974,0.032134,0.281451,0.259085,-0.604911,0.751461,-0.118224,-1.466343,-0.256034,0.823999,-2.277128,-0.731056,2.775090,0.412993,-0.376368,0.130347,0.222525,0.037002,-0.196727,0.359765,-0.110315
4.156185,-1.032114,0.235745,1.151113,0.854585,-1.087522,1.131063,-0.344434,-0.476148,0.018194,0.296906,0.265295,-0.604771,0.753537,-0.118263,-1.466730,-0.255905,0.824226,-2.277088,-0.731248,2.775444,0.412881,-0.378963,0.130401,0.223952,0.038547,-0.193904,0.358741,-0.110424
4.157068,-1.034332,0.234229,1.154352,0.855479,-1.088764,1.130390,-0.344007,-0.453562,0.002045,0.317113,0.271638,-0.604737,0.755983,-0.118314,-1.467107,-0.255772,0.824441,-2.277050,-0.731431,2.775805,0.412771,-0.380003,0.130648,0.221275,0.038048,-0.190930,0.360268,-0.111135
4.157974,-1.031681,0.236075,1.152366,0.856283,-1.091637,1.130973,-0.343480,-0.424505,-0.017039,0.343925,0.278089,-0.604945,0.758928,-0.118389,-1.467481,-0.255639,0.824657,-2.277015,-0.731617,2.776167,0.412658,-0.378426,0.131205,0.219403,0.036939,-0.189721,0.360608,-0.112006
4.159068,-1.024554,0.233746,1.155414,0.857389,-1.094180,1.128971,-0.342565,-0.390496,-0.038688,0.375639,0.285597,-0.605348,0.762391,-0.118528,-1.467863,-0.255510,0.824876,-2.276981,-0.731797,2.776526,0.412543,-0.379329,0.130150,0.220192,0.035959,-0.186956,0.359766,-0.113086
4.160101,-1.026806,0.233808,1.158987,0.858556,-1.094185,1.127755,-0.342331,-0.352239,-0.062930,0.411354,0.295100,-0.605913,0.766492,-0.118760,-1.468250,-0.255378,0.825092,-2.276948,-0.731976,2.776891,0.412426,-0.383281,0.131478,0.218944,0.034812,-0.184952,0.361907,-0.115039
4.160991,-1.026668,0.229740,1.162850,0.856975,-1.093924,1.126711,-0.342218,-0.307713,-0.091407,0.453005,0.307595,-0.606658,0.771512,-0.119084,-1.468634,-0.255246,0.825308,-2.276917,-0.732165,2.777251,0.412309,-0.382225,0.131476,0.217301,0.033615,-0.185276,0.363124,-0.115576
4.162039,-1.021309,0.226741,1.162653,0.858421,-1.094203,1.126743,-0.343065,-0.257484,-0.124073,0.500127,0.322524,-0.607556,0.777325,-0.119469,-1.469011,-0.255109,0.825516,-2.276882,-0.732347,2.777617,0.412194,-0.381856,0.133293,0.215225,0.035008,-0.185609,0.363837,-0.115813
4.163044,-1.012810,0.228830,1.159503,0.859882,-1.096801,1.126847,-0.341449,-0.202655,-0.160908,0.551670,0.339104,-0.608553,0.783732,-0.119874,-1.469405,-0.254974,0.825732,-2.276850,-0.732533,2.777984,0.412084,-0.384629,0.134824,0.215528,0.033505,-0.185690,0.363799,-0.114219
4.163963,-1.018316,0.232013,1.163614,0.859698,-1.095946,1.124720,-0.342613,-0.143029,-0.202690,0.607588,0.358336,-0.609521,0.790807,-0.120278,-1.469804,-0.254842,0.825954,-2.276820,-0.732714,2.778345,0.411961,-0.388700,0.133745,0.217107,0.032027,-0.183387,0.363640,-0.117540
4.165060,-1.025030,0.229068,1.168464,0.859338,-1.097189,1.127392,-0.342263,-0.081388,-0.246310,0.665164,0.379502,-0.610342,0.798204,-0.120659,-1.470184,-0.254713,0.826162,-2.276789,-0.732900,2.778714,0.411851,-0.385519,0.132052,0.214956,0.032115,-0.184372,0.365502,-0.115207
4.166054,-1.026659,0.234258,1.163895,0.859298,-1.099809,1.125912,-0.342097,-0.022927,-0.286997,0.719590,0.399729,-0.610988,0.805177,-0.120982,-1.470565,-0.254578,0.826369,-2.276757,-0.733080,2.779074,0.411729,-0.382617,0.133670,0.212945,0.032465,-0.183640,0.362933,-0.116036
4.167046,-1.022541,0.234904,1.163149,0.858625,-1.099227,1.128589,-0.342260,0.027364,-0.321687,0.766080,0.416948,-0.611437,0.811133,-0.121246,-1.470945,-0.254450,0.826587,-2.276726,-0.733253,2.779437,0.411615,-0.381805,0.131066,0.215290,0.032448,-0.181385,0.364365,-0.116435
4.168063,-1.024902,0.231074,1.164916,0.859213,-1.098961,1.131305,-0.343240,0.066580,-0.348190,0.801892,0.429942,-0.611718,0.815770,-0.121457,-1.471337,-0.254317,0.826804,-2.276691,-0.733435,2.779792,0.411500,-0.383729,0.130738,0.215658,0.032998,-0.182284,0.361597,-0.116173
4.169019,-1.024146,0.233439,1.166913,0.859607,-1.098302,1.130952,-0.342264,0.096825,-0.368324,0.829021,0.439554,-0.611922,0.819401,-0.121614,-1.471723,-0.254182,0.827018,-2.276662,-0.733621,2.780146,0.411388,-0.382536,0.132654,0.214884,0.032413,-0.182846,0.358895,-0.114289
4.170000,-1.022323,0.229461,1.170417,0.860861,-1.098235,1.130512,-0.342125,0.121717,-0.385767,0.850808,0.447828,-0.612110,0.822563,-0.121733,-1.472105,-0.254052,0.827227,-2.276632,-0.733808,2.780503,0.411267,-0.382718,0.131395,0.213908,0.031959,-0.183671,0.359148,-0.116305
4.171146,-1.017154,0.229783,1.174137,0.861007,-1.096068,1.131140,-0.341747,0.144256,-0.402743,0.870246,0.456115,-0.612325,0.825616,-0.121832,-1.472492,-0.253917,0.827437,-2.276604,-0.733991,2.780864,0.411151,-0.383485,0.133345,0.212232,0.030697,-0.183984,0.359481,-0.116625
4.172146,-1.013828,0.223824,1.173350,0.861200,-1.096764,1.133615,-0.341787,0.169139,-0.422241,0.892113,0.465732,-0.612619,0.829009,-0.121910,-1.472886,-0.253783,0.827645,-2.276573,-0.734181,2.781220,0.411034,-0.386607,0.133360,0.210906,0.030630,-0.186705,0.359120,-0.117529
4.172995,-1.011188,0.224463,1.175345,0.860130,-1.096522,1.133523,-0.342693,0.200079,-0.447016,0.920056,0.477597,-0.613004,0.833089,-0.121949,-1.473273,-0.253640,0.827856,-2.276543,-0.734365,2.781576,0.410916,-0.388177,0.136224,0.211426,0.030398,-0.186262,0.356590,-0.117502
4.174144,-1.011416,0.222520,1.178022,0.860743,-1.095440,1.133677,-0.341858,0.236844,-0.477208,0.953755,0.491224,-0.613444,0.837776,-0.121927,-1.473665,-0.253507,0.828065,-2.276508,-0.734554,2.781928,0.410804,-0.388676,0.135621,0.210156,0.031237,-0.186420,0.356375,-0.115673
4.175047,-1.010250,0.221436,1.177583,0.860204,-1.095238,1.137081,-0.342292,0.277077,-0.510497,0.991017,0.504987,-0.613880,0.842684,-0.121833,-1.474049,-0.253368,0.828270,-2.276478,-0.734745,2.782285,0.410684,-0.389207,0.136753,0.209397,0.030700,-0.188051,0.356498,-0.117514
4.175984,-1.009593,0.225681,1.175975,0.859458,-1.094740,1.138333,-0.342100,0.318308,-0.544792,1.029483,0.518038,-0.614204,0.847483,-0.121670,-1.474437,-0.253230,0.828482,-2.276446,-0.734928,2.782638,0.410567,-0.389255,0.137056,0.209469,0.031111,-0.188322,0.352840,-0.116633
4.177019,-1.012432,0.226932,1.179511,0.861462,-1.095254,1.139558,-0.342971,0.356834,-0.576969,1.065600,0.529222,-0.614348,0.851761,-0.121447,-1.474828,-0.253100,0.828693,-2.276415,-0.735115,2.782979,0.410448,-0.389187,0.134825,0.210236,0.031764,-0.188947,0.351535,-0.117049
4.178011,-1.012812,0.229085,1.178453,0.862103,-1.096396,1.139489,-0.342467,0.388998,-0.603165,1.095967,0.537342,-0.614309,0.855132,-0.121184,-1.475210,-0.252966,0.828900,-2.276388,-0.735298,2.783327,0.410336,-0.387897,0.134237,0.208689,0.029805,-0.188792,0.350396,-0.115391
4.179005,-1.013834,0.226961,1.181231,0.860812,-1.097777,1.141417,-0.343760,0.413369,-0.622272,1.119103,0.543201,-0.614063,0.857591,-0.120918,-1.475598,-0.252835,0.829111,-2.276359,-0.735487,2.783684,0.410217,-0.387604,0.133148,0.209331,0.029182,-0.187862,0.350421,-0.116478
4.180055,-1.014621,0.227183,1.185083,0.861090,-1.096576,1.140424,-0.342868,0.430307,-0.634943,1.135302,0.547248,-0.613690,0.859250,-0.120675,-1.475978,-0.252699,0.829317,-2.276326,-0.735668,2.784026,0.410108,-0.387073,0.134167,0.208081,0.030399,-0.186772,0.348511,-0.113949
4.180992,-1.016394,0.225733,1.187576,0.858809,-1.095140,1.139090,-0.342936,0.442139,-0.642757,1.146992,0.549121,-0.613399,0.860284,-0.120469,-1.476365,-0.252566,0.829521,-2.276296,-0.735860,2.784376,0.409987,-0.386845,0.134114,0.206491,0.030109,-0.188311,0.349638,-0.115853
4.181980,-1.013616,0.225200,1.184462,0.858764,-1.095908,1.142054,-0.342586,0.451019,-0.646867,1.156525,0.548310,-0.613353,0.860794,-0.120321,-1.476753,-0.252430,0.829725,-2.276261,-0.736057,2.784724,0.409872,-0.385583,0.134685,0.205277,0.032228,-0.189769,0.350854,-0.115735
4.183087,-1.014108,0.224343,1.185001,0.858681,-1.095272,1.143879,-0.342270,0.457038,-0.647471,1.164052,0.544387,-0.613596,0.860754,-0.120244,-1.477139,-0.252295,0.829932,-2.276229,-0.736250,2.785071,0.409753,-0.386889,0.134894,0.206986,0.032171,-0.189145,0.347845,-0.116495
4.184022,-1.013379,0.221656,1.183154,0.858098,-1.095297,1.145347,-0.342456,0.460127,-0.645644,1.169112,0.538658,-0.614011,0.860324,-0.120244,-1.477527,-0.252161,0.830142,-2.276195,-0.736442,2.785415,0.409634,-0.387033,0.135460,0.207114,0.032205,-0.190232,0.346295,-0.117240
4.184972,-1.017036,0.217795,1.185841,0.856821,-1.096399,1.145033,-0.341945,0.460684,-0.642972,1.171565,0.532949,-0.614412,0.859709,-0.120314,-1.477911,-0.252021,0.830349,-2.276161,-0.736635,2.785754,0.409519,-0.387067,0.136603,0.208031,0.032638,-0.190247,0.344758,-0.116896
4.186070,-1.019477,0.220321,1.185137,0.857169,-1.095399,1.144627,-0.341725,0.458810,-0.640502,1.171206,0.527693,-0.614690,0.858937,-0.120426,-1.478296,-0.251878,0.830552,-2.276127,-0.736820,2.786099,0.409399,-0.384951,0.138319,0.206743,0.033760,-0.189304,0.345014,-0.117959
4.187039,-1.019436,0.223003,1.187502,0.855014,-1.097591,1.144733,-0.341333,0.453574,-0.637653,1.167131,0.522324,-0.614772,0.857883,-0.120550,-1.478683,-0.251743,0.830760,-2.276095,-0.737009,2.786445,0.409280,-0.384110,0.137138,0.207520,0.033389,-0.190766,0.345659,-0.118501
4.187968,-1.024743,0.225708,1.189328,0.857288,-1.097643,1.145098,-0.342742,0.443899,-0.631722,1.158711,0.515281,-0.614650,0.856330,-0.120653,-1.479067,-0.251608,0.830965,-2.276056,-0.737193,2.786793,0.409162,-0.383976,0.135715,0.206434,0.035315,-0.188759,0.345495,-0.119331
4.189028,-1.025954,0.224166,1.188959,0.856607,-1.097780,1.146581,-0.341467,0.429555,-0.620294,1.146137,0.505539,-0.614361,0.854156,-0.120711,-1.479444,-0.251479,0.831167,-2.276026,-0.737383,2.787139,0.409049,-0.381015,0.134272,0.205547,0.032938,-0.188802,0.344999,-0.116519
4.190023,-1.025418,0.225879,1.185082,0.856851,-1.098992,1.146926,-0.341570,0.410316,-0.603681,1.128982,0.494595,-0.613858,0.851459,-0.120733,-1.479830,-0.251343,0.831373,-2.275992,-0.737568,2.787476,0.408925,-0.380652,0.135106,0.206089,0.033553,-0.189063,0.343712,-0.119191
4.191027,-1.026640,0.223906,1.181209,0.854979,-1.097289,1.148238,-0.341752,0.386082,-0.583547,1.106773,0.484045,-0.613141,0.848382,-0.120737,-1.480210,-0.251210,0.831582,-2.275959,-0.737755,2.787818,0.408809,-0.380918,0.134205,0.208163,0.033212,-0.188083,0.343420,-0.119025
4.192085,-1.031625,0.220565,1.185616,0.854112,-1.098033,1.148694,-0.342528,0.356307,-0.560618,1.078813,0.473835,-0.612297,0.844900,-0.120723,-1.480590,-0.251071,0.831798,-2.275922,-0.737953,2.788150,0.408691,-0.380336,0.135134,0.210160,0.034922,-0.189972,0.342216,-0.118720
4.192979,-1.023357,0.221903,1.182359,0.854519,-1.098710,1.150766,-0.341909,0.321454,-0.536146,1.045530,0.463512,-0.611436,0.841014,-0.120682,-1.480959,-0.250931,0.832002,-2.275884,-0.738140,2.788490,0.408578,-0.378240,0.136791,0.208269,0.035600,-0.189573,0.341953,-0.117268
4.193972,-1.020578,0.224995,1.176916,0.852368,-1.095282,1.148842,-0.342030,0.285362,-0.512753,1.010883,0.453549,-0.610676,0.837113,-0.120632,-1.481347,-0.250800,0.832218,-2.275853,-0.738329,2.788832,0.408455,-0.381865,0.135936,0.209710,0.035045,-0.188909,0.339690,-0.118518
4.195092,-1.020404,0.226107,1.179832,0.852219,-1.096205,1.147262,-0.341983,0.250679,-0.490706,0.977802,0.443906,-0.610072,0.833496,-0.120588,-1.481734,-0.250670,0.832437,-2.275815,-0.738531,2.789175,0.408336,-0.383129,0.134399,0.212444,0.037006,-0.192465,0.341684,-0.118313
4.196088,-1.023124,0.222971,1.181222,0.853855,-1.095363,1.148113,-0.341514,0.216989,-0.467953,0.946188,0.433001,-0.609643,0.829987,-0.120536,-1.482113,-0.250537,0.832647,-2.275777,-0.738721,2.789523,0.408219,-0.383780,0.134021,0.211387,0.037009,-0.191976,0.343528,-0.118542
4.196999,-1.016992,0.226714,1.173056,0.852229,-1.094971,1.149775,-0.341575,0.185116,-0.445415,0.916700,0.421584,-0.609316,0.826620,-0.120462,-1.482494,-0.250397,0.832855,-2.275746,-0.738918,2.789866,0.408098,-0.382393,0.135499,0.210831,0.035303,-0.192978,0.342686,-0.119533
4.198122,-1.021107,0.222899,1.168508,0.854265,-1.095021,1.148919,-0.341324,0.155096,-0.424653,0.888897,0.411597,-0.608927,0.823519,-0.120360,-1.482879,-0.250268,0.833077,-2.275706,-0.739111,2.790199,0.407980,-0.385052,0.133486,0.214706,0.036633,-0.193368,0.340933,-0.119414
4.199055,-1.018848,0.225024,1.167949,0.851496,-1.094234,1.147880,-0.342526,0.123671,-0.404958,0.859080,0.403624,-0.608319,0.820478,-0.120218,-1.483262,-0.250127,0.833298,-2.275674,-0.739308,2.790541,0.407857,-0.383486,0.135510,0.217282,0.034596,-0.193737,0.342121,-0.120029
4.199996,-1.023308,0.228622,1.167465,0.853628,-1.091253,1.147440,-0.341532,0.088604,-0.385876,0.824795,0.397451,-0.607442,0.817275,-0.120037,-1.483651,-0.249997,0.833519,-2.275634,-0.739506,2.790881,0.407744,-0.384235,0.134323,0.217355,0.037082,-0.194522,0.343078,-0.117641
4.201030,-1.023529,0.233019,1.159899,0.854095,-1.089520,1.146593,-0.341837,0.049850,-0.365814,0.786417,0.391479,-0.606390,0.813739,-0.119837,-1.484025,-0.249867,0.833735,-2.275603,-0.739710,2.791228,0.407622,-0.381789,0.132450,0.217495,0.034816,-0.197488,0.343408,-0.119683
4.202023,-1.025164,0.235184,1.159569,0.851933,-1.087896,1.148115,-0.341536,0.005555,-0.342000,0.742366,0.385117,-0.605132,0.809683,-0.119649,-1.484409,-0.249743,0.833965,-2.275570,-0.739915,2.791575,0.407505,-0.381833,0.130392,0.221296,0.034312,-0.199355,0.344356,-0.119129
4.203032,-1.026769,0.235337,1.158433,0.851617,-1.087029,1.148383,-0.342326,-0.046181,-0.312549,0.690881,0.377737,-0.603688,0.804942,-0.119494,-1.484792,-0.249614,0.834185,-2.275530,-0.740115,2.791912,0.407386,-0.380955,0.129338,0.221409,0.036219,-0.201086,0.342875,-0.119798
4.204064,-1.025078,0.232755,1.157040,0.851566,-1.085625,1.149560,-0.342708,-0.103373,-0.277789,0.634340,0.367782,-0.602301,0.799583,-0.119371,-1.485170,-0.249485,0.834408,-2.275494,-0.740318,2.792258,0.407270,-0.380227,0.129306,0.221968,0.036353,-0.202052,0.342662,-0.118270
4.204965,-1.019916,0.233452,1.149783,0.851285,-1.081353,1.149131,-0.342979,-0.161609,-0.241314,0.577088,0.356187,-0.601145,0.794076,-0.119288,-1.485555,-0.249352,0.834635,-2.275458,-0.740530,2.792600,0.407155,-0.381193,0.130643,0.222674,0.036264,-0.203538,0.341595,-0.117601
4.205987,-1.020259,0.231197,1.150761,0.850488,-1.077558,1.147352,-0.343044,-0.217182,-0.207122,0.522385,0.345248,-0.600244,0.788962,-0.119256,-1.485939,-0.249223,0.834866,-2.275423,-0.740746,2.792940,0.407041,-0.383306,0.130152,0.225950,0.036340,-0.207591,0.341890,-0.117087
4.207090,-1.022596,0.230829,1.151100,0.852871,-1.076925,1.144937,-0.342725,-0.268302,-0.176926,0.471761,0.335868,-0.599562,0.784483,-0.119268,-1.486322,-0.249091,0.835095,-2.275387,-0.740963,2.793290,0.406926,-0.383188,0.131325,0.225373,0.036976,-0.211375,0.343733,-0.117044
4.208077,-1.019810,0.232120,1.146821,0.850938,-1.076152,1.142127,-0.343597,-0.313789,-0.151819,0.426253,0.328758,-0.599001,0.780779,-0.119316,-1.486705,-0.248959,0.835320,-2.275357,-0.741177,2.793641,0.406804,-0.382459,0.131659,0.225428,0.034614,-0.212186,0.346367,-0.117792
4.209031,-1.020106,0.231225,1.149300,0.850722,-1.076157,1.141530,-0.343906,-0.353809,-0.131629,0.385698,0.324133,-0.598459,0.777815,-0.119380,-1.487086,-0.248828,0.835552,-2.275317,-0.741391,2.793994,0.406693,-0.383822,0.130992,0.227408,0.036323,-0.212911,0.349134,-0.116104
4.210085,-1.021016,0.234381,1.147077,0.850661,-1.078460,1.142622,-0.344677,-0.388868,-0.114603,0.349996,0.320208,-0.597961,0.775324,-0.119430,-1.487468,-0.248697,0.835778,-2.275282,-0.741605,2.794344,0.406577,-0.383434,0.131386,0.225956,0.036360,-0.212782,0.349612,-0.115542
4.210982,-1.028963,0.233395,1.144805,0.853267,-1.076637,1.143637,-0.344487,-0.418824,-0.099414,0.319666,0.315643,-0.597559,0.773135,-0.119442,-1.487846,-0.248571,0.836006,-2.275245,-0.741811,2.794694,0.406468,-0.383265,0.129934,0.227145,0.036264,-0.210644,0.348623,-0.114114
4.212003,-1.029920,0.235645,1.141490,0.852958,-1.076426,1.142399,-0.345065,-0.446775,-0.084675,0.291378,0.311393,-0.597094,0.771060,-0.119432,-1.488218,-0.248440,0.836235,-2.275217,-0.742027,2.795044,0.406351,-0.378890,0.130294,0.227902,0.033579,-0.212247,0.347390,-0.114520
4.213036,-1.037256,0.236350,1.138909,0.851641,-1.075751,1.141661,-0.344392,-0.477562,-0.069032,0.259832,0.308973,-0.596343,0.768842,-0.119435,-1.488599,-0.248312,0.836467,-2.275184,-0.742242,2.795394,0.406239,-0.378556,0.129230,0.229480,0.033832,-0.212457,0.348698,-0.113446
4.214026,-1.035323,0.238349,1.139160,0.852505,-1.074125,1.143585,-0.345203,-0.514127,-0.050674,0.222212,0.307267,-0.595354,0.766118,-0.119477,-1.488966,-0.248182,0.836700,-2.275145,-0.742454,2.795746,0.406121,-0.375178,0.128956,0.230709,0.034956,-0.213208,0.349492,-0.114898
4.215010,-1.038951,0.238388,1.140717,0.852921,-1.072466,1.140949,-0.345144,-0.556081,-0.028768,0.179282,0.304608,-0.594315,0.762791,-0.119555,-1.489346,-0.248056,0.836932,-2.275114,-0.742672,2.796096,0.406010,-0.376161,0.127996,0.230401,0.034000,-0.214772,0.347518,-0.113328
4.216055,-1.043593,0.237517,1.143366,0.852807,-1.070600,1.138400,-0.345670,-0.599182,-0.005272,0.135392,0.301661,-0.593353,0.759349,-0.119648,-1.489716,-0.247928,0.837159,-2.275081,-0.742889,2.796450,0.405898,-0.374384,0.128001,0.229490,0.033492,-0.216343,0.350146,-0.113541
4.216977,-1.038043,0.236961,1.145010,0.851070,-1.070186,1.133712,-0.345657,-0.639947,0.017667,0.094072,0.299137,-0.592541,0.756189,-0.119733,-1.490088,-0.247799,0.837386,-2.275048,-0.743113,2.796810,0.405787,-0.372374,0.128536,0.228201,0.033544,-0.218194,0.352729,-0.112589
4.217970,-1.038719,0.234854,1.149597,0.852772,-1.070053,1.133283,-0.345940,-0.675472,0.038556,0.058497,0.296296,-0.591985,0.753438,-0.119781,-1.490470,-0.247670,0.837612,-2.275011,-0.743331,2.797173,0.405676,-0.374827,0.128726,0.227110,0.035052,-0.218370,0.357195,-0.112673
4.219100,-1.034526,0.232836,1.146840,0.854152,-1.069775,1.133094,-0.346473,-0.700884,0.054946,0.033738,0.293099,-0.591778,0.751378,-0.119771,-1.490840,-0.247538,0.837828,-2.274981,-0.743552,2.797531,0.405564,-0.374563,0.129773,0.224839,0.033287,-0.218394,0.357522,-0.112183
4.220101,-1.031151,0.232735,1.149288,0.852978,-1.072408,1.133925,-0.345941,-0.713110,0.063601,0.022387,0.292216,-0.591775,0.750398,-0.119691,-1.491222,-0.247407,0.838059,-2.274951,-0.743770,2.797889,0.405454,-0.377275,0.130993,0.226480,0.031975,-0.218901,0.357940,-0.111272
4.221006,-1.033892,0.230456,1.149188,0.853729,-1.074171,1.135506,-0.346249,-0.711816,0.063130,0.024339,0.295314,-0.591820,0.750619,-0.119549,-1.491607,-0.247276,0.838281,-2.274916,-0.743981,2.798238,0.405338,-0.378918,0.131033,0.225213,0.033039,-0.216249,0.357102,-0.112424
4.222088,-1.038965,0.237381,1.152895,0.852131,-1.076073,1.135407,-0.346352,-0.698672,0.054982,0.037979,0.301249,-0.591909,0.751800,-0.119364,-1.491975,-0.247141,0.838506,-2.274885,-0.744188,2.798592,0.405228,-0.377230,0.131986,0.224956,0.032146,-0.214348,0.355294,-0.111837
4.223057,-1.039412,0.236828,1.153115,0.854561,-1.078786,1.136191,-0.347366,-0.678814,0.043705,0.058460,0.307502,-0.592043,0.753349,-0.119135,-1.492348,-0.247019,0.838727,-2.274849,-0.744396,2.798943,0.405115,-0.375166,0.128728,0.223302,0.033675,-0.212661,0.355580,-0.111757
4.223987,-1.038815,0.238957,1.154621,0.854317,-1.078197,1.136499,-0.346030,-0.657356,0.034182,0.081016,0.311939,-0.592215,0.754743,-0.118858,-1.492721,-0.246891,0.838947,-2.274824,-0.744599,2.799297,0.405010,-0.374922,0.129035,0.223133,0.031272,-0.209972,0.354696,-0.109808
4.225067,-1.043568,0.244275,1.156196,0.854551,-1.081076,1.138711,-0.347370,-0.635571,0.027042,0.104300,0.315267,-0.592415,0.756040,-0.118572,-1.493101,-0.246765,0.839169,-2.274791,-0.744813,2.799655,0.404891,-0.374920,0.127910,0.222168,0.031403,-0.210423,0.354202,-0.112546
4.226048,-1.043998,0.241875,1.157333,0.855056,-1.080184,1.138886,-0.346923,-0.614332,0.022875,0.127437,0.317625,-0.592713,0.757276,-0.118323,-1.493474,-0.246643,0.839385,-2.274762,-0.745015,2.799999,0.404787,-0.372986,0.125479,0.221648,0.031217,-0.207788,0.352178,-0.109972
4.226971,-1.043764,0.240668,1.159254,0.855051,-1.080838,1.139899,-0.347321,-0.595119,0.022740,0.148992,0.318347,-0.593208,0.758315,-0.118135,-1.493846,-0.246514,0.839604,-2.274733,-0.745226,2.800352,0.404677,-0.372812,0.126715,0.221047,0.030713,-0.208686,0.351966,-0.110983
4.227998,-1.041135,0.237046,1.160295,0.855745,-1.080772,1.141126,-0.347457,-0.576684,0.023978,0.169854,0.318680,-0.593913,0.759341,-0.118022,-1.494221,-0.246387,0.839823,-2.274703,-0.745434,2.800702,0.404571,-0.372649,0.127240,0.219902,0.030630,-0.207890,0.350780,-0.110236
4.229036,-1.043999,0.237725,1.165107,0.855755,-1.079351,1.140378,-0.348147,-0.555738,0.022496,0.192929,0.320375,-0.594808,0.760740,-0.117973,-1.494597,-0.246255,0.840040,-2.274674,-0.745640,2.801045,0.404461,-0.374168,0.129102,0.219495,0.029956,-0.208095,0.349653,-0.110078
4.230095,-1.041211,0.238748,1.170518,0.856782,-1.082183,1.143156,-0.348251,-0.529999,0.015933,0.220316,0.324312,-0.595822,0.762750,-0.117955,-1.494970,-0.246131,0.840255,-2.274643,-0.745852,2.801398,0.404353,-0.372978,0.128896,0.217240,0.029935,-0.209608,0.350486,-0.108806
4.230984,-1.038519,0.241877,1.171522,0.853690,-1.084160,1.146521,-0.348699,-0.498107,0.004313,0.253577,0.330091,-0.596898,0.765406,-0.117943,-1.495349,-0.246003,0.840465,-2.274616,-0.746056,2.801739,0.404245,-0.374705,0.128520,0.214817,0.028979,-0.206942,0.347855,-0.108742
4.232056,-1.034719,0.241837,1.172838,0.853124,-1.086518,1.149550,-0.349324,-0.459109,-0.010453,0.294262,0.335635,-0.598109,0.768572,-0.117920,-1.495722,-0.245878,0.840677,-2.274579,-0.746253,2.802077,0.404135,-0.375637,0.126844,0.214137,0.031849,-0.204889,0.344321,-0.107874
4.233021,-1.041248,0.242860,1.178643,0.854583,-1.089734,1.149110,-0.348548,-0.413738,-0.025865,0.342179,0.338082,-0.599595,0.771954,-0.117866,-1.496105,-0.245754,0.840889,-2.274546,-0.746454,2.802419,0.404032,-0.377858,0.127083,0.213771,0.032355,-0.202798,0.341501,-0.106779
4.233998,-1.040792,0.247191,1.179444,0.855667,-1.089995,1.147864,-0.348654,-0.364227,-0.041076,0.394987,0.337205,-0.601337,0.775378,-0.117786,-1.496471,-0.245630,0.841093,-2.274521,-0.746650,2.802754,0.403920,-0.374558,0.126599,0.210947,0.030937,-0.199662,0.341990,-0.108426
4.234960,-1.041059,0.247148,1.175278,0.857149,-1.089168,1.149126,-0.348166,-0.314365,-0.055133,0.448508,0.334573,-0.603168,0.778683,-0.117704,-1.496847,-0.245509,0.841304,-2.274492,-0.746852,2.803100,0.403815,-0.374781,0.124510,0.210631,0.029854,-0.199481,0.343219,-0.108297
4.235985,-1.037999,0.245221,1.177353,0.856458,-1.090239,1.147922,-0.349652,-0.268695,-0.066517,0.497818,0.331659,-0.604886,0.781673,-0.117634,-1.497224,-0.245385,0.841521,-2.274467,-0.747054,2.803439,0.403702,-0.374523,0.124583,0.212672,0.028423,-0.200347,0.341921,-0.109342
4.237005,-1.043858,0.247623,1.183589,0.858203,-1.091659,1.147405,-0.349285,-0.228741,-0.076279,0.540944,0.329922,-0.606391,0.784413,-0.117570,-1.497600,-0.245256,0.841728,-2.274436,-0.747251,2.803784,0.403603,-0.376248,0.125625,0.211833,0.029111,-0.199458,0.343234,-0.106480
4.238024,-1.043773,0.247645,1.182708,0.860055,-1.091555,1.145985,-0.349609,-0.159587,-0.096656,0.615009,0.331051,-0.609130,0.789723,-0.117476,-1.498351,-0.245010,0.842140,-2.274390,-0.747643,2.804481,0.403388,-0.373659,0.124664,0.209623,0.025812,-0.198561,0.345274,-0.106817
4.239085,-1.045725,0.250334,1.187038,0.858553,-1.093001,1.147608,-0.349385,-0.159587,-0.096656,0.615009,0.331051,-0.609130,0.789723,-0.117476,-1.498351,-0.245010,0.842140,-2.274390,-0.747643,2.804481,0.403388,-0.373659,0.124664,0.209623,0.025812,-0.198561,0.345274,-0.106817
4.240081,-1.041603,0.246786,1.192327,0.857887,-1.093603,1.148161,-0.349731,-0.130391,-0.106728,0.646045,0.333942,-0.610402,0.792194,-0.117480,-1.498724,-0.244888,0.842344,-2.274360,-0.747840,2.804825,0.403280,-0.373053,0.123522,0.207791,0.027359,-0.197391,0.343791,-0.107410
4.241011,-1.035886,0.246863,1.191829,0.857512,-1.094137,1.148094,-0.349399,-0.102023,-0.116954,0.676264,0.336507,-0.611803,0.794524,-0.117499,-1.499106,-0.244761,0.842547,-2.274332,-0.748035,2.805164,0.403172,-0.375112,0.125369,0.205344,0.028038,-0.196961,0.343305,-0.106803
4.242133,-1.035624,0.252622,1.191145,0.856739,-1.096380,1.147767,-0.349198,-0.069440,-0.129914,0.710901,0.338197,-0.613471,0.797031,-0.117504,-1.499486,-0.244637,0.842750,-2.274304,-0.748228,2.805507,0.403066,-0.377680,0.125290,0.205646,0.028393,-0.196469,0.343274,-0.107552
4.243096,-1.035433,0.251272,1.194855,0.857773,-1.098632,1.147025,-0.349603,-0.032672,-0.145002,0.749913,0.338464,-0.615340,0.799670,-0.117462,-1.499867,-0.244521,0.842957,-2.274274,-0.748419,2.805854,0.402957,-0.378351,0.122765,0.206474,0.029235,-0.194688,0.343886,-0.108112
4.243988,-1.035825,0.247919,1.193665,0.859255,-1.101968,1.146409,-0.349577,0.004758,-0.159203,0.789767,0.336404,-0.617258,0.802120,-0.117342,-1.500248,-0.244396,0.843160,-2.274248,-0.748612,2.806195,0.402849,-0.378272,0.123496,0.204703,0.028226,-0.192546,0.344608,-0.107370
4.245032,-1.032260,0.251938,1.193892,0.860576,-1.104006,1.146087,-0.349676,0.041351,-0.173494,0.828481,0.333939,-0.619025,0.804470,-0.117132,-1.500620,-0.244267,0.843363,-2.274224,-0.748790,2.806543,0.402743,-0.377688,0.125034,0.205243,0.026791,-0.189307,0.345002,-0.107483
4.246042,-1.033012,0.250321,1.192852,0.860256,-1.106442,1.147736,-0.349264,0.076307,-0.189609,0.864762,0.333574,-0.620494,0.806920,-0.116848,-1.501004,-0.244150,0.843571,-2.274202,-0.748976,2.806894,0.402637,-0.379659,0.123238,0.205401,0.025672,-0.187649,0.345414,-0.107416
4.247121,-1.036886,0.252216,1.196048,0.861837,-1.108921,1.147108,-0.349837,0.108593,-0.206781,0.897601,0.335429,-0.621711,0.809446,-0.116526,-1.501380,-0.244023,0.843775,-2.274176,-0.749159,2.807237,0.402529,-0.379377,0.124147,0.206145,0.026098,-0.185515,0.343812,-0.108354
4.248064,-1.040534,0.253129,1.198997,0.861120,-1.109210,1.145875,-0.348098,0.136892,-0.223893,0.925807,0.338771,-0.622767,0.811887,-0.116209,-1.501753,-0.243899,0.843978,-2.274155,-0.749337,2.807584,0.402421,-0.377883,0.123395,0.204947,0.024732,-0.183555,0.344650,-0.107329
4.249123,-1.036070,0.252537,1.198841,0.862825,-1.109294,1.145066,-0.349618,0.159687,-0.239492,0.948108,0.342601,-0.623739,0.813974,-0.115929,-1.502129,-0.243777,0.844179,-2.274127,-0.749520,2.807928,0.402301,-0.375856,0.122963,0.203551,0.025469,-0.183457,0.345804,-0.110879
4.250007,-1.037132,0.252968,1.195506,0.862554,-1.110419,1.143469,-0.349419,0.177516,-0.253266,0.965311,0.346355,-0.624724,0.815646,-0.115693,-1.502509,-0.243651,0.844382,-2.274108,-0.749704,2.808278,0.402202,-0.378423,0.123427,0.204012,0.024009,-0.183783,0.346736,-0.107943
4.251101,-1.034264,0.253396,1.201807,0.862199,-1.112709,1.143293,-0.348559,0.191394,-0.266270,0.978327,0.350641,-0.625713,0.817039,-0.115487,-1.502888,-0.243528,0.844590,-2.274083,-0.749885,2.808632,0.402095,-0.377342,0.123122,0.205535,0.024321,-0.182713,0.348071,-0.108415
4.252045,-1.034104,0.254819,1.199736,0.862988,-1.114951,1.142686,-0.347117,0.202239,-0.278700,0.988155,0.354980,-0.626692,0.818190,-0.115327,-1.503274,-0.243404,0.844787,-2.274059,-0.750058,2.808977,0.401980,-0.379190,0.123149,0.202874,0.024864,-0.181003,0.348466,-0.110271
4.252995,-1.028721,0.252867,1.200054,0.863425,-1.117440,1.146095,-0.347743,0.223720,-0.303240,1.007928,0.361637,-0.628627,0.820246,-0.115113,-1.504036,-0.243160,0.845201,-2.274013,-0.750407,2.809667,0.401751,-0.381480,0.123489,0.203815,0.023836,-0.176801,0.345464,-0.111966
4.253982,-1.026133,0.250615,1.198903,0.864898,-1.121233,1.144916,-0.347101,0.237485,-0.318560,1.020374,0.366472,-0.629362,0.821670,-0.114975,-1.504421,-0.243034,0.845404,-2.273992,-0.750573,2.810018,0.401636,-0.382666,0.124662,0.204579,0.022561,-0.173430,0.346659,-0.113341
4.255028,-1.028376,0.250101,1.199472,0.864579,-1.121880,1.144282,-0.346089,0.237485,-0.318560,1.020374,0.366472,-0.629362,0.821670,-0.114975,-1.504421,-0.243034,0.845404,-2.273992,-0.750573,2.810018,0.401636,-0.382666,0.124662,0.204579,0.022561,-0.173430,0.346659,-0.113341
4.255959,-1.028805,0.246838,1.203481,0.866405,-1.124132,1.142978,-0.346269,0.253632,-0.337600,1.034376,0.373650,-0.629814,0.823493,-0.114798,-1.504802,-0.242909,0.845610,-2.273968,-0.750745,2.810370,0.401517,-0.381730,0.125060,0.204582,0.023051,-0.173322,0.347372,-0.115454
4.257104,-1.028868,0.251520,1.198998,0.866696,-1.127925,1.143663,-0.344964,0.270428,-0.359515,1.048191,0.382719,-0.629957,0.825483,-0.114597,-1.505185,-0.242779,0.845805,-2.273952,-0.750909,2.810720,0.401402,-0.381178,0.126602,0.202683,0.021463,-0.171383,0.348540,-0.115106
4.257983,-1.020360,0.248554,1.193244,0.866756,-1.130282,1.142378,-0.344826,0.286328,-0.382801,1.060475,0.393154,-0.629831,0.827470,-0.114395,-1.505565,-0.242656,0.846015,-2.273931,-0.751069,2.811069,0.401280,-0.381846,0.124563,0.205476,0.021483,-0.168415,0.348154,-0.117867
4.258989,-1.022424,0.251214,1.196554,0.867263,-1.132413,1.141461,-0.343820,0.299101,-0.405149,1.069219,0.403885,-0.629533,0.829242,-0.114222,-1.505958,-0.242529,0.846229,-2.273910,-0.751231,2.811422,0.401160,-0.385431,0.125947,0.208109,0.021521,-0.166313,0.349181,-0.118105
4.260083,-1.024283,0.254397,1.193728,0.867559,-1.135601,1.143126,-0.343858,0.308686,-0.425774,1.074555,0.414011,-0.629236,0.830762,-0.114102,-1.506337,-0.242407,0.846433,-2.273888,-0.751390,2.811772,0.401033,-0.384409,0.124707,0.206630,0.021195,-0.164727,0.350109,-0.120165
4.261003,-1.023281,0.253612,1.189327,0.868929,-1.137262,1.140747,-0.341656,0.314633,-0.443155,1.076340,0.422500,-0.629096,0.831935,-0.114039,-1.506717,-0.242287,0.846645,-2.273866,-0.751548,2.812121,0.400916,-0.383928,0.123404,0.208420,0.021134,-0.162279,0.348623,-0.120181
4.262009,-1.018671,0.256183,1.186999,0.868391,-1.134951,1.140069,-0.341161,0.314061,-0.455289,1.071736,0.428948,-0.629108,0.832535,-0.114041,-1.507103,-0.242159,0.846860,-2.273848,-0.751705,2.812472,0.400780,-0.384007,0.123721,0.210479,0.019952,-0.161008,0.350866,-0.124575
4.263014,-1.020206,0.256008,1.190586,0.868756,-1.134694,1.137921,-0.339594,0.306231,-0.462435,1.059862,0.433951,-0.629199,0.832567,-0.114100,-1.507489,-0.242037,0.847071,-2.273825,-0.751872,2.812826,0.400653,-0.386310,0.122544,0.211768,0.020673,-0.163833,0.351525,-0.125561
4.264019,-1.019230,0.257779,1.189673,0.870014,-1.137727,1.136164,-0.339018,0.293791,-0.465679,1.043547,0.437372,-0.629389,0.832222,-0.114180,-1.507875,-0.241914,0.847279,-2.273804,-0.752037,2.813189,0.400518,-0.385481,0.122756,0.210102,0.020487,-0.164549,0.353619,-0.128712
4.264976,-1.021458,0.255942,1.189901,0.870597,-1.138669,1.131951,-0.337234,0.279360,-0.466179,1.025575,0.439271,-0.629668,0.831708,-0.114252,-1.508263,-0.241791,0.847487,-2.273786,-0.752194,2.813544,0.400387,-0.385923,0.121971,0.210750,0.019487,-0.162050,0.355356,-0.129852
4.266006,-1.015850,0.251736,1.182841,0.872366,-1.139683,1.129233,-0.336299,0.263229,-0.464894,1.006117,0.440427,-0.629912,0.831108,-0.114314,-1.508644,-0.241666,0.847698,-2.273766,-0.752354,2.813913,0.400248,-0.384599,0.122925,0.210632,0.019111,-0.161555,0.359387,-0.133400
4.267074,-1.018313,0.256118,1.180090,0.871105,-1.141402,1.128655,-0.336565,0.245032,-0.463953,0.984340,0.442499,-0.629933,0.830501,-0.114361,-1.509039,-0.241537,0.847920,-2.273751,-0.752515,2.814278,0.400107,-0.387414,0.125113,0.214250,0.017678,-0.161115,0.362066,-0.135235
4.268012,-1.019124,0.258149,1.179223,0.870772,-1.142371,1.126149,-0.335884,0.223743,-0.464203,0.958893,0.446137,-0.629608,0.829819,-0.114364,-1.509422,-0.241416,0.848139,-2.273728,-0.752672,2.814646,0.399973,-0.386434,0.123115,0.215804,0.019161,-0.160096,0.362660,-0.134713
4.269129,-1.024064,0.262330,1.176591,0.872061,-1.142072,1.123166,-0.335742,0.196965,-0.462095,0.927850,0.448616,-0.629019,0.828569,-0.114300,-1.509807,-0.241297,0.848356,-2.273707,-0.752833,2.815015,0.399834,-0.385702,0.122163,0.216105,0.019629,-0.159510,0.364941,-0.136035
4.270025,-1.022098,0.262757,1.170584,0.872284,-1.141160,1.123232,-0.333978,0.162464,-0.454036,0.889489,0.447719,-0.628265,0.826273,-0.114184,-1.510193,-0.241179,0.848576,-2.273690,-0.752991,2.815382,0.399696,-0.383701,0.120406,0.217752,0.018693,-0.160615,0.368076,-0.136352
4.270960,-1.024354,0.263623,1.172743,0.871285,-1.140757,1.121161,-0.333183,0.118819,-0.439205,0.842320,0.444039,-0.627325,0.822828,-0.114038,-1.510576,-0.241058,0.848803,-2.273670,-0.753158,2.815753,0.399551,-0.384207,0.120173,0.220407,0.018645,-0.161759,0.367631,-0.139810
4.272093,-1.021472,0.267082,1.168616,0.871692,-1.138618,1.118484,-0.332367,0.067533,-0.418790,0.787811,0.438212,-0.626283,0.818476,-0.113877,-1.510959,-0.240938,0.849024,-2.273649,-0.753325,2.816121,0.399409,-0.382740,0.119767,0.219117,0.019806,-0.162475,0.369483,-0.141310
4.272972,-1.016921,0.264810,1.164660,0.874410,-1.140311,1.118108,-0.332957,0.012334,-0.394321,0.729981,0.429962,-0.625347,0.813572,-0.113711,-1.511344,-0.240821,0.849249,-2.273629,-0.753496,2.816499,0.399262,-0.384779,0.118415,0.221505,0.019689,-0.165334,0.372280,-0.142961
4.273962,-1.015363,0.267117,1.166297,0.873884,-1.137719,1.117662,-0.330965,-0.043212,-0.368423,0.672193,0.421130,-0.624538,0.808635,-0.113550,-1.511735,-0.240699,0.849477,-2.273616,-0.753652,2.816882,0.399120,-0.386380,0.119495,0.223073,0.017246,-0.163899,0.372182,-0.141649
4.275020,-1.011505,0.264554,1.162219,0.874580,-1.138521,1.114833,-0.331311,-0.095187,-0.344609,0.617884,0.414534,-0.623793,0.804266,-0.113409,-1.512125,-0.240580,0.849700,-2.273596,-0.753827,2.817253,0.398966,-0.387007,0.118461,0.222165,0.018009,-0.166892,0.372483,-0.145595
4.276002,-1.011430,0.263260,1.161331,0.874454,-1.137362,1.111609,-0.331067,-0.140627,-0.324513,0.570002,0.410431,-0.623144,0.800673,-0.113284,-1.512514,-0.240455,0.849928,-2.273579,-0.753992,2.817637,0.398823,-0.389122,0.119930,0.224307,0.017648,-0.166651,0.375257,-0.144849
4.277014,-1.011007,0.264580,1.160201,0.875179,-1.138821,1.112946,-0.330712,-0.179001,-0.308872,0.529061,0.408328,-0.622572,0.797704,-0.113156,-1.512902,-0.240333,0.850158,-2.273560,-0.754162,2.818022,0.398673,-0.388964,0.120657,0.224563,0.017996,-0.168216,0.378237,-0.145271
4.278079,-1.011253,0.265718,1.161961,0.874012,-1.138904,1.114593,-0.329232,-0.211274,-0.297368,0.494037,0.407790,-0.622001,0.795097,-0.113015,-1.513286,-0.240213,0.850385,-2.273542,-0.754325,2.818394,0.398525,-0.389213,0.120145,0.225089,0.017547,-0.167246,0.376754,-0.145931
4.279026,-1.002475,0.265172,1.154341,0.876371,-1.139664,1.113842,-0.329024,-0.238050,-0.288280,0.464617,0.407513,-0.621431,0.792651,-0.112872,-1.513675,-0.240091,0.850611,-2.273521,-0.754496,2.818768,0.398373,-0.389289,0.119794,0.224301,0.018956,-0.167729,0.375093,-0.148872
4.279958,-1.010505,0.267027,1.152692,0.877317,-1.139966,1.116394,-0.328682,-0.258936,-0.281128,0.441333,0.407212,-0.620875,0.790426,-0.112728,-1.514077,-0.239973,0.850847,-2.273507,-0.754666,2.819141,0.398223,-0.393228,0.120152,0.227820,0.016886,-0.167271,0.375620,-0.149167
4.281037,-1.015020,0.270521,1.147883,0.874504,-1.140188,1.117853,-0.327248,-0.276182,-0.275618,0.421532,0.408297,-0.620206,0.788474,-0.112586,-1.514455,-0.239856,0.851075,-2.273490,-0.754832,2.819513,0.398076,-0.388852,0.119272,0.228343,0.016211,-0.167289,0.372760,-0.149764
4.282001,-1.017014,0.274627,1.147073,0.876028,-1.141999,1.116009,-0.328541,-0.296604,-0.267568,0.398362,0.409264,-0.619363,0.786228,-0.112454,-1.514837,-0.239740,0.851313,-2.273465,-0.755002,2.819881,0.397918,-0.386969,0.117836,0.230772,0.019207,-0.167668,0.371378,-0.152595
4.283027,-1.012709,0.271844,1.148460,0.876981,-1.139345,1.116496,-0.327956,-0.325233,-0.252055,0.367403,0.406517,-0.618502,0.783021,-0.112335,-1.515224,-0.239627,0.851541,-2.273450,-0.755166,2.820251,0.397774,-0.385749,0.115941,0.230970,0.017944,-0.166241,0.373058,-0.149892
4.284058,-1.015143,0.269422,1.143730,0.876409,-1.138163,1.117341,-0.328223,-0.358786,-0.230629,0.332184,0.400703,-0.617796,0.779184,-0.112229,-1.515612,-0.239506,0.851771,-2.273433,-0.755338,2.820621,0.397622,-0.387970,0.117531,0.230215,0.017314,-0.169404,0.372480,-0.151038
4.285038,-1.015234,0.268713,1.147923,0.875880,-1.135259,1.117825,-0.328815,-0.391147,-0.208912,0.298508,0.394901,-0.617324,0.775489,-0.112147,-1.516000,-0.239383,0.852011,-2.273413,-0.755513,2.820987,0.397470,-0.386784,0.118892,0.232467,0.018145,-0.171009,0.371604,-0.150430
4.286021,-1.017146,0.270199,1.152027,0.875077,-1.135242,1.120373,-0.329622,-0.419957,-0.189771,0.268542,0.389950,-0.617112,0.772182,-0.112091,-1.516384,-0.239263,0.852238,-2.273394,-0.755693,2.821357,0.397324,-0.386625,0.119339,0.230194,0.018894,-0.174210,0.370964,-0.149175
4.287149,-1.018204,0.267164,1.155949,0.876984,-1.134949,1.124256,-0.328716,-0.442964,-0.173385,0.244839,0.384788,-0.617241,0.769299,-0.112034,-1.516770,-0.239146,0.852463,-2.273372,-0.755870,2.821725,0.397182,-0.385527,0.118738,0.228039,0.019857,-0.174514,0.368257,-0.147511
4.288168,-1.016294,0.266745,1.152207,0.876207,-1.136337,1.122680,-0.329458,-0.457096,-0.160695,0.230565,0.379631,-0.617688,0.767087,-0.111947,-1.517158,-0.239022,0.852685,-2.273359,-0.756045,2.822083,0.397029,-0.385511,0.120574,0.226402,0.018390,-0.175459,0.364583,-0.149347
4.289079,-1.019457,0.267737,1.149794,0.877079,-1.137966,1.123430,-0.329999,-0.461774,-0.153269,0.225889,0.376044,-0.618252,0.765711,-0.111811,-1.517545,-0.238900,0.852917,-2.273337,-0.756220,2.822452,0.396888,-0.386489,0.120908,0.228217,0.019376,-0.174459,0.366140,-0.147810
4.290085,-1.018916,0.272595,1.155683,0.875908,-1.138262,1.125996,-0.331261,-0.460919,-0.149603,0.226620,0.373833,-0.618725,0.764758,-0.111616,-1.517927,-0.238781,0.853150,-2.273319,-0.756390,2.822812,0.396744,-0.384459,0.120411,0.229030,0.018706,-0.173063,0.365116,-0.146639
4.291067,-1.018235,0.271539,1.152826,0.878356,-1.139665,1.124785,-0.331188,-0.458232,-0.145955,0.229353,0.371092,-0.619077,0.763723,-0.111361,-1.518310,-0.238666,0.853368,-2.273296,-0.756564,2.823166,0.396608,-0.384767,0.118181,0.226090,0.020034,-0.173176,0.362528,-0.144093
4.291996,-1.014770,0.271980,1.156331,0.878446,-1.139044,1.123577,-0.330753,-0.453319,-0.140889,0.234862,0.367131,-0.619361,0.762636,-0.111068,-1.518695,-0.238549,0.853597,-2.273282,-0.756735,2.823532,0.396461,-0.384973,0.118872,0.227413,0.017906,-0.172143,0.363641,-0.144202
4.293124,-1.020684,0.271816,1.158872,0.879496,-1.140223,1.124770,-0.332319,-0.444769,-0.135961,0.244445,0.363471,-0.619550,0.761782,-0.110782,-1.519088,-0.238430,0.853820,-2.273264,-0.756912,2.823895,0.396313,-0.386262,0.118688,0.225416,0.018066,-0.172986,0.364624,-0.144981
4.294011,-1.016542,0.268734,1.161168,0.879218,-1.139575,1.127593,-0.332783,-0.431892,-0.132563,0.258671,0.361136,-0.619683,0.761306,-0.110523,-1.519463,-0.238311,0.854041,-2.273248,-0.757084,2.824259,0.396179,-0.383921,0.119128,0.224485,0.017387,-0.172465,0.363598,-0.141874
4.294993,-1.013033,0.272145,1.158198,0.878233,-1.139632,1.128999,-0.332550,-0.414429,-0.131614,0.277735,0.360382,-0.619890,0.761280,-0.110289,-1.519851,-0.238189,0.854263,-2.273227,-0.757259,2.824611,0.396038,-0.385435,0.120613,0.223013,0.017808,-0.173254,0.360504,-0.140876
4.296111,-1.007395,0.271990,1.159316,0.880581,-1.138316,1.124603,-0.332030,-0.392010,-0.133438,0.302025,0.360750,-0.620338,0.761797,-0.110086,-1.520237,-0.238073,0.854487,-2.273206,-0.757434,2.824963,0.395897,-0.387055,0.119032,0.224433,0.018982,-0.173536,0.359066,-0.141313
4.297099,-1.008474,0.269614,1.166839,0.878841,-1.136949,1.125902,-0.333140,-0.364787,-0.137141,0.331492,0.361480,-0.621146,0.762862,-0.109923,-1.520631,-0.237951,0.854713,-2.273193,-0.757615,2.825334,0.395753,-0.390272,0.119436,0.224104,0.017069,-0.175431,0.363649,-0.142379
4.298059,-1.008676,0.273272,1.168363,0.882859,-1.135148,1.123797,-0.332145,-0.331425,-0.143537,0.367410,0.362831,-0.622369,0.764612,-0.109790,-1.521022,-0.237829,0.854926,-2.273169,-0.757797,2.825693,0.395617,-0.389527,0.120727,0.220372,0.018967,-0.177066,0.362211,-0.140108
4.299038,-1.003169,0.275624,1.168747,0.880265,-1.131997,1.122843,-0.332804,-0.291355,-0.153193,0.410270,0.365228,-0.623948,0.767117,-0.109682,-1.521405,-0.237713,0.855141,-2.273160,-0.757979,2.826063,0.395473,-0.389219,0.118991,0.219592,0.015344,-0.179087,0.364149,-0.142077
4.300021,-1.002247,0.276733,1.172992,0.880634,-1.129977,1.125569,-0.332359,-0.247268,-0.163846,0.457442,0.368284,-0.625692,0.770106,-0.109601,-1.521805,-0.237599,0.855361,-2.273137,-0.758168,2.826432,0.395334,-0.391684,0.118000,0.219364,0.018131,-0.182444,0.364932,-0.140690
4.301020,-1.003055,0.276077,1.172775,0.881732,-1.130857,1.128452,-0.332892,-0.200639,-0.173321,0.507756,0.370149,-0.627550,0.773247,-0.109534,-1.522200,-0.237484,0.855570,-2.273119,-0.758353,2.826789,0.395191,-0.391875,0.117613,0.217305,0.017975,-0.184687,0.362097,-0.141553
4.302048,-1.007461,0.276248,1.172072,0.881839,-1.130567,1.129751,-0.333669,-0.152202,-0.181661,0.560348,0.370666,-0.629424,0.776439,-0.109472,-1.522591,-0.237364,0.855788,-2.273104,-0.758535,2.827142,0.395054,-0.391352,0.118085,0.217468,0.017205,-0.184089,0.359193,-0.140450
4.303035,-1.007813,0.274637,1.172942,0.883579,-1.130585,1.127565,-0.334497,-0.105693,-0.189010,0.610874,0.371306,-0.631070,0.779496,-0.109421,-1.522978,-0.237245,0.856007,-2.273085,-0.758725,2.827494,0.394919,-0.389190,0.118195,0.217915,0.017385,-0.184666,0.357959,-0.138901
4.303974,-1.005021,0.275834,1.170034,0.882509,-1.130828,1.127829,-0.333240,-0.065120,-0.195026,0.654922,0.372823,-0.632355,0.782150,-0.109400,-1.523363,-0.237123,0.856223,-2.273072,-0.758911,2.827861,0.394786,-0.388919,0.119104,0.217483,0.016005,-0.184881,0.360050,-0.137237
4.305116,-1.007394,0.282089,1.172669,0.882080,-1.127984,1.127013,-0.333613,-0.031297,-0.199921,0.691659,0.375296,-0.633331,0.784349,-0.109450,-1.523757,-0.237007,0.856442,-2.273052,-0.759096,2.828221,0.394646,-0.389900,0.118574,0.218820,0.017265,-0.184783,0.359576,-0.139731
4.305995,-1.005305,0.280597,1.171365,0.880355,-1.124172,1.125751,-0.333245,-0.004357,-0.201772,0.721459,0.376652,-0.634223,0.785934,-0.109592,-1.524152,-0.236894,0.856659,-2.273033,-0.759290,2.828580,0.394507,-0.389183,0.115877,0.217897,0.018041,-0.188142,0.360650,-0.139006
4.306972,-1.003642,0.280227,1.177410,0.881667,-1.119873,1.129660,-0.333301,0.015486,-0.198093,0.744685,0.374308,-0.635284,0.786668,-0.109815,-1.524540,-0.236776,0.856875,-2.273007,-0.759489,2.828943,0.394367,-0.389603,0.116627,0.218297,0.019760,-0.191829,0.361579,-0.139665
4.308109,-1.007825,0.281234,1.178488,0.881005,-1.114766,1.131146,-0.332657,0.031418,-0.190922,0.764477,0.368835,-0.636645,0.786856,-0.110109,-1.524936,-0.236660,0.857085,-2.272994,-0.759696,2.829298,0.394223,-0.390159,0.116957,0.215298,0.018775,-0.196149,0.357547,-0.139489
4.309026,-1.004642,0.279994,1.181490,0.881613,-1.112097,1.130453,-0.332602,0.047179,-0.183672,0.784188,0.362563,-0.638261,0.787034,-0.110468,-1.525320,-0.236543,0.857296,-2.272972,-0.759903,2.829647,0.394081,-0.388643,0.116843,0.215271,0.019729,-0.201603,0.356381,-0.140829
4.310064,-1.005917,0.278038,1.179440,0.882383,-1.109576,1.130338,-0.332167,0.063446,-0.177437,0.804228,0.356618,-0.639991,0.787339,-0.110866,-1.525716,-0.236422,0.857506,-2.272952,-0.760116,2.830005,0.393938,-0.389701,0.117465,0.213653,0.019278,-0.204064,0.356869,-0.140844
4.311126,-1.000696,0.282358,1.185690,0.880244,-1.106317,1.131405,-0.332301,0.080072,-0.173301,0.824173,0.352045,-0.641652,0.787777,-0.111267,-1.526108,-0.236300,0.857724,-2.272935,-0.760331,2.830359,0.393793,-0.389081,0.118617,0.214841,0.018819,-0.206638,0.357041,-0.141692
4.312016,-1.000470,0.281236,1.179974,0.879420,-1.105809,1.130442,-0.332359,0.097781,-0.171396,0.844858,0.348560,-0.643160,0.788334,-0.111634,-1.526504,-0.236184,0.857930,-2.272911,-0.760547,2.830716,0.393655,-0.391838,0.116713,0.212008,0.021148,-0.209998,0.356051,-0.141429
4.312992,-0.997926,0.283836,1.182152,0.882448,-1.103485,1.129044,-0.332706,0.116749,-0.169675,0.867032,0.343612,-0.644578,0.788797,-0.111923,-1.526895,-0.236066,0.858151,-2.272886,-0.760759,2.831078,0.393514,-0.391295,0.117278,0.214628,0.021987,-0.210241,0.356733,-0.141224
4.314045,-1.001091,0.280534,1.181505,0.881484,-1.105544,1.131543,-0.331824,0.134820,-0.166918,0.888452,0.337193,-0.645802,0.789007,-0.112119,-1.527286,-0.235951,0.858361,-2.272871,-0.760978,2.831435,0.393372,-0.392358,0.116127,0.213560,0.019233,-0.212477,0.358047,-0.140475
4.315030,-0.999076,0.281640,1.188000,0.883392,-1.105386,1.132758,-0.331272,0.150542,-0.163993,0.907145,0.331577,-0.646670,0.789068,-0.112254,-1.527675,-0.235829,0.858579,-2.272849,-0.761191,2.831788,0.393227,-0.390910,0.117999,0.214076,0.020450,-0.210474,0.355601,-0.142245
4.315983,-0.998310,0.283221,1.182749,0.882373,-1.103155,1.133880,-0.331278,0.180234,-0.162683,0.941387,0.325769,-0.647713,0.789540,-0.112513,-1.528457,-0.235596,0.859002,-2.272808,-0.761619,2.832484,0.392940,-0.391797,0.116903,0.213523,0.019932,-0.212745,0.353175,-0.143200
4.317162,-0.996159,0.283657,1.186948,0.882742,-1.100582,1.133076,-0.330732,0.180234,-0.162683,0.941387,0.325769,-0.647713,0.789540,-0.112513,-1.528457,-0.235596,0.859002,-2.272808,-0.761619,2.832484,0.392940,-0.391797,0.116903,0.213523,0.019932,-0.212745,0.353175,-0.143200
4.318117,-0.995760,0.283111,1.186763,0.882400,-1.097294,1.131609,-0.330154,0.194341,-0.162914,0.957430,0.324433,-0.648167,0.789934,-0.112684,-1.528852,-0.235481,0.859211,-2.272788,-0.761843,2.832843,0.392792,-0.393536,0.117165,0.211990,0.019875,-0.215583,0.354326,-0.144340
4.319069,-0.994647,0.283207,1.191166,0.884185,-1.095242,1.130733,-0.330878,0.208036,-0.163121,0.973008,0.323155,-0.648721,0.790401,-0.112897,-1.529246,-0.235362,0.859421,-2.272765,-0.762066,2.833198,0.392642,-0.393356,0.117518,0.212109,0.020352,-0.218678,0.355671,-0.145404
4.320042,-0.992229,0.283922,1.187024,0.884220,-1.095570,1.130647,-0.330494,0.222438,-0.164113,0.989227,0.322449,-0.649388,0.791093,-0.113147,-1.529634,-0.235243,0.859628,-2.272749,-0.762291,2.833559,0.392503,-0.393614,0.117539,0.209920,0.018810,-0.220485,0.356376,-0.143882
4.321083,-0.989270,0.286815,1.193179,0.883353,-1.096027,1.133495,-0.330743,0.237405,-0.166114,1.005811,0.323112,-0.650084,0.792066,-0.113414,-1.530030,-0.235128,0.859846,-2.272730,-0.762515,2.833909,0.392355,-0.394541,0.117341,0.211987,0.019026,-0.219959,0.356399,-0.144597
4.322160,-0.995156,0.284140,1.193106,0.882794,-1.093587,1.133468,-0.331141,0.253082,-0.168353,1.023022,0.324368,-0.650812,0.793255,-0.113665,-1.530424,-0.235012,0.860048,-2.272708,-0.762734,2.834261,0.392215,-0.396057,0.116130,0.209192,0.020107,-0.219525,0.353602,-0.144084
4.323096,-0.994002,0.284037,1.194333,0.884187,-1.091051,1.131526,-0.331708,0.269595,-0.169995,1.041217,0.324601,-0.651599,0.794497,-0.113849,-1.530811,-0.234893,0.860259,-2.272686,-0.762963,2.834615,0.392071,-0.393348,0.117770,0.209573,0.020881,-0.221982,0.353793,-0.143280
4.324018,-0.994633,0.280399,1.192994,0.884305,-1.092620,1.130916,-0.331194,0.284843,-0.171212,1.058074,0.324093,-0.652263,0.795575,-0.113928,-1.531207,-0.234775,0.860469,-2.272670,-0.763191,2.834976,0.391929,-0.393490,0.117864,0.208910,0.019732,-0.224224,0.355554,-0.142073
4.324982,-0.994274,0.282567,1.192818,0.883713,-1.092762,1.127742,-0.331892,0.297090,-0.173112,1.071434,0.324453,-0.652584,0.796429,-0.113905,-1.531595,-0.234653,0.860676,-2.272651,-0.763407,2.835330,0.391787,-0.392722,0.119700,0.209551,0.019803,-0.222413,0.355966,-0.143045
4.326085,-1.002735,0.286301,1.192109,0.884430,-1.096428,1.125756,-0.331548,0.305565,-0.175787,1.080470,0.325701,-0.652534,0.796984,-0.113802,-1.531989,-0.234538,0.860886,-2.272629,-0.763628,2.835694,0.391648,-0.392593,0.118726,0.209664,0.020567,-0.222126,0.359011,-0.141582
4.327029,-1.000381,0.285672,1.187756,0.885549,-1.097079,1.124537,-0.332785,0.306958,-0.175978,1.082207,0.325821,-0.652176,0.796799,-0.113646,-1.532368,-0.234421,0.861097,-2.272610,-0.763842,2.836058,0.391505,-0.388824,0.117184,0.210414,0.020147,-0.218634,0.361120,-0.142310
4.328077,-1.004257,0.285958,1.190070,0.884650,-1.096804,1.126889,-0.332636,0.297624,-0.170892,1.073090,0.324105,-0.651516,0.795532,-0.113473,-1.532760,-0.234302,0.861314,-2.272593,-0.764054,2.836425,0.391370,-0.389664,0.117584,0.212487,0.019262,-0.217887,0.362109,-0.139763
4.329022,-1.008461,0.284306,1.189731,0.885847,-1.096603,1.125765,-0.333732,0.251863,-0.150108,1.026706,0.318721,-0.649613,0.790558,-0.113202,-1.533524,-0.234064,0.861737,-2.272555,-0.764489,2.837141,0.391095,-0.385538,0.118552,0.211683,0.019443,-0.218251,0.360774,-0.137834
4.330038,-1.011770,0.279847,1.188526,0.885437,-1.094985,1.124110,-0.332610,0.251863,-0.150108,1.026706,0.318721,-0.649613,0.790558,-0.113202,-1.533524,-0.234064,0.861737,-2.272555,-0.764489,2.837141,0.391095,-0.385538,0.118552,0.211683,0.019443,-0.218251,0.360774,-0.137834
4.331099,-1.010798,0.281004,1.190339,0.885638,-1.094681,1.124719,-0.333185,0.219273,-0.138442,0.993001,0.316642,-0.648540,0.787270,-0.113133,-1.533908,-0.233940,0.861952,-2.272534,-0.764713,2.837507,0.390952,-0.383939,0.120920,0.212403,0.020086,-0.219811,0.362371,-0.140092
4.331997,-1.011568,0.281427,1.190046,0.885228,-1.095684,1.123613,-0.333260,0.182629,-0.128627,0.954620,0.315874,-0.647424,0.783693,-0.113106,-1.534298,-0.233821,0.862159,-2.272514,-0.764933,2.837869,0.390817,-0.384620,0.120557,0.211799,0.020120,-0.220150,0.361799,-0.138935
4.332980,-1.009705,0.282893,1.189764,0.886503,-1.094546,1.122115,-0.333694,0.144974,-0.120882,0.915014,0.315598,-0.646349,0.780030,-0.113095,-1.534680,-0.233699,0.862369,-2.272493,-0.765153,2.838234,0.390680,-0.383745,0.120298,0.211808,0.020660,-0.218840,0.362617,-0.138721
4.334070,-1.005521,0.286922,1.184238,0.887866,-1.092693,1.122466,-0.334246,0.107825,-0.114315,0.876015,0.315081,-0.645309,0.776373,-0.113076,-1.535069,-0.233580,0.862582,-2.272475,-0.765372,2.838599,0.390543,-0.384526,0.119692,0.211996,0.019621,-0.219897,0.363995,-0.137824
4.335003,-1.005553,0.283813,1.183005,0.886906,-1.093565,1.123821,-0.333946,0.071450,-0.108336,0.837856,0.314919,-0.644165,0.772839,-0.113040,-1.535460,-0.233466,0.862802,-2.272458,-0.765597,2.838969,0.390409,-0.386925,0.118017,0.215030,0.018622,-0.221822,0.363700,-0.136763
4.335995,-1.009581,0.285021,1.186658,0.888442,-1.093135,1.123807,-0.335880,0.035699,-0.102919,0.800193,0.315668,-0.642814,0.769501,-0.112979,-1.535848,-0.233346,0.863019,-2.272436,-0.765815,2.839332,0.390271,-0.386492,0.119636,0.215484,0.019716,-0.220717,0.362117,-0.137323
4.337078,-1.010262,0.283498,1.181409,0.887318,-1.094091,1.121459,-0.336542,0.000847,-0.098728,0.763200,0.317153,-0.641289,0.766337,-0.112882,-1.536232,-0.233228,0.863233,-2.272421,-0.766033,2.839690,0.390144,-0.384395,0.119158,0.213695,0.018486,-0.221092,0.362079,-0.133430
4.338014,-1.005282,0.286015,1.178060,0.887731,-1.094590,1.121700,-0.337471,-0.033724,-0.095688,0.726311,0.318859,-0.639651,0.763182,-0.112751,-1.536611,-0.233106,0.863455,-2.272398,-0.766254,2.840060,0.390013,-0.384473,0.120177,0.216563,0.019858,-0.220209,0.364510,-0.132185
4.339121,-1.007951,0.289026,1.173609,0.888074,-1.092759,1.121354,-0.337551,-0.069361,-0.092824,0.688328,0.319802,-0.637976,0.759808,-0.112611,-1.537001,-0.232991,0.863678,-2.272379,-0.766471,2.840428,0.389887,-0.386590,0.118991,0.218030,0.019627,-0.219532,0.363997,-0.130317
4.340046,-1.005687,0.292650,1.176887,0.888296,-1.093276,1.122350,-0.337185,-0.107015,-0.088690,0.648414,0.319363,-0.636316,0.756109,-0.112485,-1.537380,-0.232874,0.863901,-2.272362,-0.766694,2.840791,0.389761,-0.385742,0.117831,0.220515,0.019633,-0.221509,0.364499,-0.130259
4.341010,-1.007291,0.289783,1.173463,0.887651,-1.092320,1.125277,-0.336638,-0.146679,-0.081764,0.606733,0.317226,-0.634730,0.752075,-0.112392,-1.537765,-0.232762,0.864117,-2.272341,-0.766914,2.841153,0.389627,-0.386498,0.116124,0.218685,0.019556,-0.220726,0.363262,-0.130957
4.342029,-1.003656,0.289923,1.167064,0.888913,-1.089961,1.125718,-0.336639,-0.186163,-0.072623,0.565604,0.313409,-0.633345,0.747923,-0.112350,-1.538150,-0.232641,0.864342,-2.272321,-0.767139,2.841503,0.389493,-0.385479,0.117663,0.220281,0.020411,-0.221497,0.360243,-0.132031
4.343102,-1.006351,0.294316,1.168804,0.888268,-1.092564,1.126495,-0.336921,-0.224587,-0.063498,0.525550,0.309333,-0.632130,0.743920,-0.112363,-1.538537,-0.232523,0.864572,-2.272302,-0.767369,2.841863,0.389362,-0.387341,0.117765,0.223433,0.019391,-0.223734,0.359808,-0.132037
4.344087,-1.009482,0.295056,1.167166,0.888822,-1.090223,1.124106,-0.336475,-0.262555,-0.054810,0.485711,0.305780,-0.630985,0.740123,-0.112412,-1.538922,-0.232410,0.864797,-2.272281,-0.767585,2.842223,0.389231,-0.386250,0.115891,0.222667,0.020278,-0.221206,0.359120,-0.131513
4.344978,-1.006227,0.289918,1.167317,0.889486,-1.088782,1.123412,-0.336137,-0.300650,-0.044674,0.445791,0.301469,-0.629901,0.736333,-0.112467,-1.539306,-0.232294,0.865020,-2.272264,-0.767808,2.842587,0.389100,-0.384578,0.115702,0.223424,0.020005,-0.223455,0.361427,-0.132423
4.345975,-1.005675,0.293470,1.164954,0.889058,-1.089986,1.121313,-0.336027,-0.337960,-0.034044,0.406677,0.296762,-0.628778,0.732605,-0.112522,-1.539694,-0.232169,0.865244,-2.272246,-0.768036,2.842950,0.388965,-0.385662,0.118198,0.223006,0.019534,-0.224492,0.361798,-0.133028
4.347044,-1.015152,0.296931,1.166374,0.889195,-1.092298,1.119748,-0.337003,-0.371659,-0.025676,0.371015,0.292973,-0.627536,0.729271,-0.112572,-1.540082,-0.232056,0.865475,-2.272226,-0.768259,2.843315,0.388834,-0.385822,0.116596,0.224073,0.020187,-0.223155,0.363820,-0.133250
4.348044,-1.017906,0.294805,1.158614,0.889969,-1.095119,1.123163,-0.335867,-0.403193,-0.017340,0.337635,0.288632,-0.626187,0.726070,-0.112596,-1.540456,-0.231943,0.865696,-2.272206,-0.768470,2.843682,0.388708,-0.381450,0.115208,0.223517,0.020314,-0.220993,0.365423,-0.131342
4.349072,-1.020664,0.295147,1.150600,0.889203,-1.097320,1.123329,-0.336138,-0.437797,-0.005695,0.301302,0.282772,-0.624650,0.722481,-0.112588,-1.540837,-0.231826,0.865932,-2.272187,-0.768685,2.844043,0.388570,-0.380105,0.116472,0.227260,0.019772,-0.218132,0.361895,-0.133638
4.350000,-1.021209,0.294194,1.151370,0.889752,-1.097405,1.122967,-0.335614,-0.479435,0.009370,0.257515,0.276570,-0.622824,0.718313,-0.112573,-1.541219,-0.231709,0.866169,-2.272165,-0.768896,2.844398,0.388441,-0.378845,0.116499,0.231138,0.020740,-0.216020,0.361794,-0.133099
4.350954,-1.019450,0.294350,1.153645,0.891740,-1.098484,1.122818,-0.334816,-0.527844,0.026760,0.206318,0.270687,-0.620802,0.713658,-0.112583,-1.541593,-0.231590,0.866400,-2.272146,-0.769111,2.844758,0.388307,-0.378332,0.117021,0.230398,0.020355,-0.215773,0.361947,-0.134121
4.352096,-1.020774,0.294116,1.152596,0.891185,-1.097645,1.121330,-0.334177,-0.576569,0.043456,0.154345,0.266314,-0.618823,0.709157,-0.112666,-1.541975,-0.231476,0.866630,-2.272130,-0.769326,2.845117,0.388165,-0.379011,0.117072,0.229019,0.018648,-0.214550,0.361947,-0.135663
4.352991,-1.016282,0.298899,1.156516,0.891017,-1.095989,1.119477,-0.332948,-0.619054,0.056464,0.108403,0.264677,-0.617101,0.705490,-0.112848,-1.542351,-0.231357,0.866860,-2.272109,-0.769549,2.845485,0.388026,-0.379058,0.117565,0.229824,0.019508,-0.215616,0.363645,-0.136992
4.354022,-1.015583,0.296935,1.156862,0.891738,-1.097764,1.117721,-0.333094,-0.652452,0.066016,0.071865,0.264486,-0.615815,0.702816,-0.113095,-1.542733,-0.231247,0.867084,-2.272088,-0.769768,2.845857,0.387878,-0.380823,0.115241,0.227516,0.019792,-0.216981,0.365143,-0.139345
4.355085,-1.011763,0.296428,1.157039,0.893176,-1.097958,1.118818,-0.332958,-0.674562,0.072825,0.047389,0.264240,-0.615057,0.701187,-0.113354,-1.543118,-0.231126,0.867314,-2.272070,-0.769983,2.846225,0.387739,-0.381258,0.116433,0.227327,0.019366,-0.215218,0.366862,-0.139019
4.356101,-1.012325,0.296784,1.158741,0.893530,-1.099028,1.119171,-0.333736,-0.684023,0.075242,0.036059,0.265052,-0.614684,0.700780,-0.113594,-1.543502,-0.231009,0.867540,-2.272053,-0.770193,2.846592,0.387601,-0.383449,0.116948,0.227344,0.018251,-0.215196,0.365765,-0.139308
4.357060,-1.010117,0.295364,1.160613,0.893847,-1.101722,1.119162,-0.332537,-0.681133,0.071806,0.037084,0.268465,-0.614467,0.701650,-0.113802,-1.543887,-0.230894,0.867768,-2.272036,-0.770402,2.846958,0.387468,-0.383166,0.116990,0.226436,0.018207,-0.214182,0.365358,-0.137744
4.357988,-1.013643,0.294852,1.160142,0.894518,-1.104146,1.119676,-0.333211,-0.667113,0.062908,0.049145,0.274253,-0.614308,0.703592,-0.113971,-1.544270,-0.230774,0.867990,-2.272018,-0.770608,2.847320,0.387323,-0.384070,0.117776,0.225370,0.018116,-0.211447,0.365216,-0.140112
4.358976,-1.012346,0.293867,1.164063,0.893782,-1.104700,1.116670,-0.332391,-0.617023,0.033772,0.095010,0.289587,-0.614040,0.709321,-0.114168,-1.545037,-0.230536,0.868436,-2.271983,-0.771027,2.848057,0.387044,-0.382508,0.118698,0.223346,0.018686,-0.208369,0.367340,-0.140301
4.360020,-1.015613,0.297874,1.162784,0.893495,-1.109341,1.115671,-0.332645,-0.617023,0.033772,0.095010,0.289587,-0.614040,0.709321,-0.114168,-1.545037,-0.230536,0.868436,-2.271983,-0.771027,2.848057,0.387044,-0.382508,0.118698,0.223346,0.018686,-0.208369,0.367340,-0.140301
4.361032,-1.016114,0.304090,1.164631,0.894622,-1.108449,1.115701,-0.331908,-0.586945,0.017622,0.123240,0.296012,-0.614039,0.712325,-0.114200,-1.545418,-0.230421,0.868658,-2.271964,-0.771221,2.848430,0.386907,-0.381069,0.116933,0.224113,0.019245,-0.203961,0.368280,-0.139779
4.361968,-1.016330,0.298518,1.162709,0.895265,-1.107327,1.116024,-0.331824,-0.558214,0.005280,0.150818,0.299064,-0.614234,0.714843,-0.114212,-1.545802,-0.230312,0.868878,-2.271947,-0.771429,2.848802,0.386763,-0.380844,0.114110,0.223213,0.018416,-0.204982,0.368130,-0.141236
4.362972,-1.013315,0.301735,1.167404,0.897102,-1.106877,1.116063,-0.331011,-0.532799,-0.002429,0.175565,0.299749,-0.614547,0.716876,-0.114230,-1.546189,-0.230188,0.869102,-2.271931,-0.771633,2.849162,0.386621,-0.380379,0.116940,0.223977,0.018031,-0.206048,0.367610,-0.141321
4.364057,-1.008836,0.300696,1.171074,0.897759,-1.106175,1.112942,-0.331792,-0.508264,-0.009300,0.199336,0.301079,-0.614913,0.718915,-0.114278,-1.546571,-0.230072,0.869318,-2.271916,-0.771844,2.849530,0.386471,-0.381912,0.115480,0.221670,0.016534,-0.206515,0.367481,-0.142897
4.364975,-1.006727,0.298320,1.172069,0.896793,-1.105287,1.114450,-0.331279,-0.479509,-0.018783,0.227163,0.304774,-0.615422,0.721478,-0.114361,-1.546964,-0.229952,0.869534,-2.271902,-0.772054,2.849901,0.386333,-0.384415,0.116286,0.220109,0.016309,-0.207424,0.370687,-0.141330
4.365958,-1.004383,0.297288,1.179647,0.897153,-1.107061,1.113072,-0.330745,-0.442835,-0.032759,0.262948,0.310628,-0.616193,0.724791,-0.114460,-1.547348,-0.229833,0.869752,-2.271882,-0.772261,2.850265,0.386190,-0.385042,0.117508,0.219442,0.017452,-0.208192,0.368876,-0.142295
4.367078,-1.003526,0.292506,1.183593,0.898256,-1.105770,1.112373,-0.330767,-0.397056,-0.052152,0.307973,0.317696,-0.617270,0.728875,-0.114552,-1.547736,-0.229714,0.869961,-2.271866,-0.772467,2.850639,0.386045,-0.386060,0.118139,0.215711,0.017382,-0.206421,0.370106,-0.143308
4.368103,-0.998144,0.297169,1.183776,0.898242,-1.104275,1.115273,-0.329622,-0.340985,-0.078210,0.363414,0.326096,-0.618609,0.733857,-0.114612,-1.548126,-0.229586,0.870176,-2.271852,-0.772673,2.851006,0.385902,-0.386929,0.120773,0.214146,0.016721,-0.208066,0.370948,-0.143279
4.369004,-0.996784,0.295369,1.187111,0.898047,-1.104569,1.113640,-0.330774,-0.275523,-0.110908,0.428278,0.336381,-0.620054,0.739777,-0.114626,-1.548516,-0.229469,0.870387,-2.271835,-0.772886,2.851370,0.385752,-0.389649,0.118613,0.214246,0.017043,-0.209605,0.367986,-0.145537
4.370089,-0.999276,0.300059,1.183477,0.900439,-1.103169,1.113761,-0.329572,-0.204161,-0.147201,0.499220,0.347396,-0.621508,0.746332,-0.114588,-1.548908,-0.229349,0.870596,-2.271819,-0.773100,2.851741,0.385615,-0.389726,0.119524,0.212442,0.017472,-0.209060,0.369326,-0.143119
4.371077,-0.999464,0.299000,1.185547,0.901609,-1.104243,1.113871,-0.330070,-0.132681,-0.183339,0.570440,0.358190,-0.622862,0.752974,-0.114506,-1.549289,-0.229235,0.870812,-2.271805,-0.773314,2.852106,0.385466,-0.388859,0.117490,0.214567,0.015485,-0.210641,0.369283,-0.145552
4.372000,-1.000518,0.296410,1.182857,0.900403,-1.107489,1.113575,-0.330503,-0.011291,-0.246528,0.690568,0.381190,-0.624651,0.764901,-0.114329,-1.550063,-0.228994,0.871245,-2.271775,-0.773724,2.852841,0.385181,-0.387689,0.119472,0.214735,0.016158,-0.206236,0.369073,-0.143532
4.373096,-1.001073,0.299614,1.186416,0.900754,-1.106827,1.112702,-0.331721,-0.011291,-0.246528,0.690568,0.381190,-0.624651,0.764901,-0.114329,-1.550063,-0.228994,0.871245,-2.271775,-0.773724,2.852841,0.385181,-0.387689,0.119472,0.214735,0.016158,-0.206236,0.369073,-0.143532
4.373980,-0.996328,0.298788,1.187843,0.902453,-1.103665,1.109277,-0.331634,0.035712,-0.272941,0.736693,0.391784,-0.625285,0.769856,-0.114273,-1.550448,-0.228877,0.871454,-2.271760,-0.773929,2.853215,0.385047,-0.387817,0.118173,0.213315,0.016198,-0.207213,0.370017,-0.141130
4.374975,-0.996035,0.301183,1.191313,0.902530,-1.104048,1.111558,-0.331645,0.075689,-0.296037,0.776035,0.400770,-0.625930,0.774269,-0.114266,-1.550840,-0.228758,0.871662,-2.271748,-0.774144,2.853599,0.384905,-0.389541,0.118569,0.212445,0.014832,-0.210119,0.373014,-0.141234
4.376096,-0.991848,0.301270,1.190690,0.903307,-1.102272,1.110533,-0.331781,0.112488,-0.317338,0.812552,0.409185,-0.626615,0.778552,-0.114332,-1.551227,-0.228644,0.871870,-2.271731,-0.774351,2.853964,0.384763,-0.389587,0.117557,0.210840,0.015055,-0.209749,0.370583,-0.141171
4.377078,-0.994689,0.301835,1.193435,0.904034,-1.102740,1.108598,-0.331775,0.148266,-0.337668,0.848388,0.417383,-0.627360,0.782888,-0.114482,-1.551625,-0.228525,0.872083,-2.271717,-0.774566,2.854336,0.384624,-0.392058,0.117872,0.211587,0.014712,-0.211783,0.371765,-0.140938
4.377996,-0.990346,0.301006,1.195874,0.903984,-1.102048,1.109272,-0.332847,0.182939,-0.357204,0.883262,0.425409,-0.628129,0.787187,-0.114698,-1.552016,-0.228409,0.872292,-2.271704,-0.774777,2.854708,0.384482,-0.390391,0.117742,0.210292,0.014351,-0.211262,0.373539,-0.140906
4.379112,-0.992637,0.302175,1.197893,0.906376,-1.100049,1.106872,-0.332699,0.216296,-0.376171,0.916784,0.433200,-0.628883,0.791345,-0.114951,-1.552409,-0.228289,0.872497,-2.271688,-0.774988,2.855084,0.384350,-0.392078,0.118172,0.209038,0.014679,-0.211805,0.372512,-0.138701
4.379994,-0.989169,0.299949,1.193763,0.905601,-1.099303,1.105158,-0.333888,0.249022,-0.395180,0.949541,0.441176,-0.629555,0.795439,-0.115204,-1.552804,-0.228173,0.872708,-2.271678,-0.775202,2.855467,0.384210,-0.391282,0.117945,0.208459,0.012789,-0.214047,0.374990,-0.139058
4.381117,-0.995075,0.305997,1.200604,0.906663,-1.101295,1.106122,-0.334258,0.279730,-0.414286,0.979930,0.449999,-0.629977,0.799403,-0.115421,-1.553202,-0.228050,0.872920,-2.271662,-0.775415,2.855844,0.384076,-0.392293,0.118991,0.210333,0.013836,-0.214523,0.376288,-0.136584
4.382003,-0.993686,0.307344,1.203766,0.908907,-1.102352,1.106032,-0.334870,0.305879,-0.431626,1.005502,0.458587,-0.630100,0.802926,-0.115579,-1.553586,-0.227938,0.873121,-2.271647,-0.775626,2.856222,0.383941,-0.389829,0.116351,0.207422,0.013178,-0.212781,0.375396,-0.135921
4.383038,-0.996751,0.307624,1.203612,0.908475,-1.102924,1.104302,-0.334905,0.327419,-0.445220,1.026585,0.465984,-0.630002,0.805931,-0.115677,-1.553980,-0.227824,0.873326,-2.271639,-0.775834,2.856592,0.383810,-0.389883,0.115728,0.205735,0.011352,-0.211529,0.375134,-0.134640
4.384075,-0.997983,0.304408,1.203085,0.909555,-1.103593,1.104280,-0.335831,0.345011,-0.454900,1.043959,0.472517,-0.629740,0.808467,-0.115719,-1.554366,-0.227708,0.873531,-2.271625,-0.776044,2.856973,0.383674,-0.388430,0.115843,0.206115,0.012175,-0.211063,0.376769,-0.134590
4.385238,-1.000139,0.304387,1.205341,0.908750,-1.102588,1.104927,-0.335754,0.357652,-0.461626,1.056358,0.478513,-0.629339,0.810405,-0.115693,-1.554756,-0.227589,0.873738,-2.271614,-0.776251,2.857352,0.383548,-0.387887,0.117674,0.206643,0.011547,-0.210526,0.376679,-0.132768
4.386049,-1.000257,0.304251,1.202286,0.908768,-1.101960,1.105605,-0.335872,0.365217,-0.466872,1.063353,0.484292,-0.628828,0.811737,-0.115588,-1.555148,-0.227470,0.873944,-2.271598,-0.776465,2.857726,0.383415,-0.387428,0.118070,0.206102,0.012798,-0.211875,0.376227,-0.133030
4.387044,-0.995926,0.300656,1.207429,0.907880,-1.102562,1.105006,-0.337221,0.367950,-0.470730,1.065232,0.489339,-0.628275,0.812519,-0.115422,-1.555537,-0.227350,0.874151,-2.271585,-0.776676,2.858103,0.383287,-0.386405,0.117974,0.207308,0.013032,-0.212102,0.374985,-0.132708
4.387961,-0.993331,0.300891,1.207700,0.908352,-1.104993,1.107002,-0.335687,0.367655,-0.473567,1.064055,0.493014,-0.627800,0.812956,-0.115220,-1.555928,-0.227228,0.874353,-2.271569,-0.776885,2.858482,0.383160,-0.388463,0.119900,0.204908,0.014238,-0.211519,0.375420,-0.130005
4.389095,-0.992437,0.305411,1.211488,0.909717,-1.104016,1.106572,-0.337067,0.369501,-0.477815,1.065229,0.495558,-0.627572,0.813563,-0.115014,-1.556312,-0.227107,0.874557,-2.271557,-0.777086,2.858852,0.383023,-0.389341,0.119759,0.204784,0.014099,-0.209007,0.373104,-0.133071
4.390024,-0.988477,0.301242,1.210709,0.908068,-1.102144,1.103012,-0.337171,0.375978,-0.483699,1.071428,0.497342,-0.627638,0.814607,-0.114823,-1.556705,-0.226991,0.874760,-2.271547,-0.777301,2.859224,0.382897,-0.390257,0.117879,0.203435,0.013272,-0.210282,0.373710,-0.130354
4.391014,-0.991380,0.303108,1.210738,0.911565,-1.102100,1.104124,-0.338649,0.386396,-0.489951,1.082081,0.498181,-0.627953,0.815950,-0.114639,-1.557103,-0.226868,0.874966,-2.271529,-0.777517,2.859597,0.382767,-0.391723,0.119989,0.203828,0.015173,-0.211971,0.377011,-0.130145
4.392089,-0.991739,0.305538,1.209196,0.912034,-1.102939,1.106620,-0.338331,0.398709,-0.496489,1.094900,0.498635,-0.628350,0.817354,-0.114461,-1.557486,-0.226750,0.875170,-2.271524,-0.777724,2.859972,0.382647,-0.390175,0.119176,0.203982,0.012204,-0.212030,0.375686,-0.127209
4.392991,-0.991983,0.304452,1.208310,0.913022,-1.101278,1.108741,-0.337926,0.413885,-0.505766,1.110267,0.503816,-0.628322,0.819520,-0.114229,-1.558258,-0.226514,0.875581,-2.271500,-0.778150,2.860704,0.382388,-0.389654,0.118800,0.205499,0.011559,-0.212796,0.370822,-0.128711
4.394029,-0.991281,0.304496,1.205420,0.912866,-1.102593,1.110837,-0.337951,0.413885,-0.505766,1.110267,0.503816,-0.628322,0.819520,-0.114229,-1.558258,-0.226514,0.875581,-2.271500,-0.778150,2.860704,0.382388,-0.389654,0.118800,0.205499,0.011559,-0.212796,0.370822,-0.128711
4.395025,-0.990425,0.308270,1.202990,0.913338,-1.102745,1.113652,-0.336852,0.413074,-0.506995,1.108943,0.508667,-0.627759,0.820079,-0.114188,-1.558650,-0.226394,0.875791,-2.271487,-0.778361,2.861070,0.382261,-0.390058,0.118978,0.207182,0.012157,-0.211550,0.368710,-0.128695
4.396085,-0.997083,0.306479,1.201840,0.911326,-1.101788,1.114664,-0.337942,0.405944,-0.505296,1.101082,0.513851,-0.626924,0.820207,-0.114185,-1.559041,-0.226281,0.876005,-2.271475,-0.778573,2.861426,0.382122,-0.390354,0.117281,0.208458,0.012084,-0.211408,0.365846,-0.130890
4.397070,-0.990407,0.307188,1.202794,0.912597,-1.099831,1.113284,-0.336505,0.390950,-0.498840,1.085473,0.517391,-0.625964,0.819624,-0.114205,-1.559419,-0.226160,0.876213,-2.271456,-0.778784,2.861790,0.381999,-0.387307,0.118429,0.209342,0.014398,-0.212510,0.364900,-0.128742
4.398002,-0.992062,0.303344,1.199465,0.912632,-1.096923,1.114552,-0.335899,0.343607,-0.475715,1.037836,0.517776,-0.624239,0.816520,-0.114324,-1.560205,-0.225920,0.876634,-2.271428,-0.779229,2.862522,0.381726,-0.389179,0.120144,0.210549,0.013744,-0.217016,0.364641,-0.132789
4.399070,-0.991624,0.306176,1.200304,0.913026,-1.094053,1.112549,-0.334848,0.343607,-0.475715,1.037836,0.517776,-0.624239,0.816520,-0.114324,-1.560205,-0.225920,0.876634,-2.271428,-0.779229,2.862522,0.381726,-0.389179,0.120144,0.210549,0.013744,-0.217016,0.364641,-0.132789
4.400071,-0.994241,0.304910,1.202845,0.912624,-1.091127,1.113539,-0.334845,0.316703,-0.463822,1.010970,0.517292,-0.623540,0.814624,-0.114465,-1.560589,-0.225801,0.876845,-2.271414,-0.779455,2.862895,0.381589,-0.389691,0.118955,0.210414,0.013746,-0.219895,0.366685,-0.134919
4.400979,-0.989696,0.304568,1.196956,0.911372,-1.088283,1.115676,-0.334528,0.288400,-0.451672,0.982915,0.516249,-0.622949,0.812501,-0.114660,-1.560977,-0.225679,0.877051,-2.271396,-0.779684,2.863255,0.381453,-0.388286,0.119726,0.209301,0.014431,-0.222650,0.365609,-0.134892
4.402060,-0.992257,0.304832,1.193428,0.912151,-1.084240,1.115607,-0.333074,0.259563,-0.439022,0.954687,0.513856,-0.622480,0.810133,-0.114871,-1.561366,-0.225559,0.877269,-2.271377,-0.779911,2.863619,0.381318,-0.390078,0.119883,0.212073,0.015864,-0.225151,0.363185,-0.135479
4.403029,-0.992725,0.303919,1.196690,0.912786,-1.083456,1.115897,-0.332331,0.228905,-0.425508,0.924811,0.510066,-0.622007,0.807433,-0.115068,-1.561757,-0.225439,0.877486,-2.271363,-0.780149,2.863983,0.381174,-0.389024,0.120023,0.214085,0.015486,-0.229126,0.363365,-0.138410
4.404018,-0.995712,0.304596,1.193841,0.912354,-1.083174,1.113784,-0.331483,0.195575,-0.411139,0.892221,0.505748,-0.621343,0.804389,-0.115231,-1.562149,-0.225319,0.877697,-2.271348,-0.780383,2.864337,0.381032,-0.388519,0.120564,0.212449,0.015159,-0.229593,0.362985,-0.139829
4.405074,-0.995365,0.305580,1.191515,0.912054,-1.082388,1.114411,-0.331063,0.160356,-0.396187,0.857781,0.501147,-0.620453,0.801034,-0.115342,-1.562532,-0.225198,0.877914,-2.271330,-0.780612,2.864707,0.380890,-0.386948,0.120330,0.213915,0.015863,-0.229678,0.364980,-0.141482
4.406022,-0.995664,0.304542,1.190574,0.910964,-1.083364,1.114013,-0.329365,0.122477,-0.379529,0.820955,0.495212,-0.619393,0.797201,-0.115388,-1.562921,-0.225078,0.878132,-2.271314,-0.780846,2.865074,0.380745,-0.387296,0.120066,0.215258,0.016501,-0.230372,0.364340,-0.142298
4.407047,-0.996968,0.308418,1.189964,0.911424,-1.080521,1.113786,-0.329261,0.039646,-0.339293,0.741694,0.476234,-0.617201,0.788125,-0.115342,-1.563692,-0.224842,0.878565,-2.271276,-0.781308,2.865804,0.380445,-0.386262,0.118907,0.216049,0.017589,-0.231830,0.364743,-0.145747
4.408095,-1.002433,0.309197,1.184778,0.910713,-1.079111,1.118503,-0.327946,0.039646,-0.339293,0.741694,0.476234,-0.617201,0.788125,-0.115342,-1.563692,-0.224842,0.878565,-2.271276,-0.781308,2.865804,0.380445,-0.386262,0.118907,0.216049,0.017589,-0.231830,0.364743,-0.145747
4.409001,-0.997885,0.311590,1.179594,0.910545,-1.077239,1.118804,-0.327754,-0.005609,-0.314446,0.699002,0.463056,-0.616171,0.782932,-0.115293,-1.564074,-0.224725,0.878791,-2.271255,-0.781546,2.866153,0.380291,-0.383721,0.118781,0.218725,0.018547,-0.233070,0.360086,-0.148345
4.410000,-0.993941,0.309292,1.180162,0.909922,-1.074733,1.116501,-0.326836,-0.056175,-0.285042,0.651248,0.448017,-0.615109,0.777218,-0.115270,-1.564459,-0.224606,0.879013,-2.271235,-0.781785,2.866507,0.380143,-0.385570,0.117583,0.221048,0.018860,-0.234480,0.359607,-0.148592
4.410983,-0.997657,0.307227,1.177912,0.911529,-1.073322,1.115717,-0.325934,-0.159041,-0.222736,0.554372,0.416558,-0.613260,0.765706,-0.115356,-1.565232,-0.224363,0.879459,-2.271197,-0.782265,2.867235,0.379832,-0.385438,0.119990,0.221770,0.018331,-0.237798,0.362504,-0.152059
4.412051,-0.992412,0.307460,1.175283,0.910534,-1.071384,1.115289,-0.324229,-0.159041,-0.222736,0.554372,0.416558,-0.613260,0.765706,-0.115356,-1.565232,-0.224363,0.879459,-2.271197,-0.782265,2.867235,0.379832,-0.385438,0.119990,0.221770,0.018331,-0.237798,0.362504,-0.152059
4.413107,-0.993259,0.309019,1.182413,0.909872,-1.069357,1.113720,-0.323908,-0.205139,-0.196064,0.510986,0.403451,-0.612460,0.760598,-0.115486,-1.565620,-0.224242,0.879685,-2.271175,-0.782507,2.867598,0.379673,-0.388332,0.120100,0.223194,0.019569,-0.239589,0.362995,-0.155417
4.413993,-0.990674,0.309175,1.178532,0.909918,-1.070717,1.111692,-0.323635,-0.244768,-0.173434,0.474094,0.391805,-0.611773,0.756104,-0.115664,-1.566009,-0.224123,0.879901,-2.271153,-0.782756,2.867962,0.379519,-0.388040,0.119558,0.219786,0.020444,-0.241373,0.364609,-0.155979
4.414972,-0.998460,0.311172,1.176425,0.910740,-1.070931,1.114870,-0.321643,-0.275550,-0.154241,0.446600,0.380016,-0.611305,0.752243,-0.115847,-1.566393,-0.224003,0.880125,-2.271133,-0.782990,2.868332,0.379363,-0.388795,0.119437,0.221427,0.020527,-0.239514,0.366282,-0.156370
4.416106,-0.995312,0.312368,1.171257,0.909948,-1.075057,1.117352,-0.321855,-0.301375,-0.136384,0.424497,0.367975,-0.610876,0.748665,-0.116019,-1.566772,-0.223888,0.880349,-2.271115,-0.783228,2.868692,0.379193,-0.384785,0.118598,0.222377,0.019932,-0.239010,0.362952,-0.160232
4.417085,-0.999637,0.311280,1.170355,0.911554,-1.075392,1.114828,-0.322210,-0.328061,-0.117446,0.401598,0.356021,-0.610257,0.744944,-0.116174,-1.567164,-0.223770,0.880580,-2.271093,-0.783461,2.869046,0.379032,-0.386900,0.118382,0.225208,0.021000,-0.234926,0.360737,-0.159724
4.418001,-1.002243,0.313558,1.171334,0.910643,-1.075416,1.114307,-0.321295,-0.357231,-0.097281,0.376031,0.344616,-0.609409,0.740987,-0.116282,-1.567544,-0.223650,0.880808,-2.271077,-0.783692,2.869411,0.378876,-0.384620,0.119037,0.225491,0.019682,-0.234401,0.363175,-0.158909
4.419069,-1.006628,0.311963,1.170161,0.911033,-1.078994,1.112336,-0.320085,-0.388640,-0.076337,0.347966,0.334053,-0.608357,0.736829,-0.116325,-1.567924,-0.223534,0.881032,-2.271055,-0.783930,2.869780,0.378712,-0.382948,0.117938,0.224730,0.020715,-0.233945,0.363385,-0.160594
4.420122,-1.010938,0.312241,1.171462,0.908777,-1.077753,1.112765,-0.321571,-0.422236,-0.054167,0.317617,0.323555,-0.607182,0.732447,-0.116318,-1.568301,-0.223413,0.881256,-2.271037,-0.784153,2.870149,0.378546,-0.381115,0.118986,0.225467,0.020628,-0.230373,0.365404,-0.162926
4.421023,-1.008343,0.309486,1.177966,0.912279,-1.078241,1.112822,-0.320590,-0.457740,-0.030729,0.285455,0.312000,-0.606037,0.727810,-0.116255,-1.568680,-0.223294,0.881479,-2.271010,-0.784386,2.870517,0.378392,-0.379223,0.119067,0.224912,0.023001,-0.231564,0.364954,-0.159843
4.422117,-1.005145,0.312443,1.177886,0.910960,-1.078149,1.113377,-0.319089,-0.491247,-0.008452,0.255415,0.300231,-0.605071,0.723335,-0.116143,-1.569068,-0.223171,0.881697,-2.270996,-0.784615,2.870883,0.378227,-0.380019,0.120409,0.221392,0.019743,-0.230672,0.364597,-0.161672
4.423009,-1.001691,0.312211,1.179910,0.910811,-1.076598,1.112265,-0.320439,-0.515897,0.008940,0.234288,0.290592,-0.604399,0.719808,-0.116031,-1.569458,-0.223054,0.881917,-2.270971,-0.784846,2.871246,0.378058,-0.381962,0.119225,0.221728,0.021270,-0.230795,0.364164,-0.164593
4.424008,-1.005222,0.308189,1.181610,0.910894,-1.077052,1.108274,-0.321628,-0.528625,0.021013,0.225273,0.282838,-0.604149,0.717468,-0.115927,-1.569840,-0.222936,0.882135,-2.270949,-0.785077,2.871614,0.377902,-0.383178,0.119344,0.220452,0.021508,-0.231935,0.364957,-0.161685
4.425024,-1.001060,0.305508,1.181062,0.910364,-1.077597,1.109034,-0.321999,-0.530419,0.028433,0.227351,0.275969,-0.604322,0.716113,-0.115805,-1.570213,-0.222811,0.882350,-2.270926,-0.785307,2.871986,0.377748,-0.381466,0.121444,0.219663,0.021555,-0.231287,0.368844,-0.159226
4.426060,-1.000447,0.314648,1.183463,0.912155,-1.080600,1.107305,-0.321902,-0.523096,0.030326,0.238359,0.270429,-0.604784,0.715613,-0.115673,-1.570602,-0.222684,0.882572,-2.270903,-0.785535,2.872354,0.377590,-0.383579,0.122864,0.219975,0.022254,-0.230619,0.367964,-0.158413
4.427100,-1.002246,0.314088,1.188436,0.913289,-1.082932,1.105970,-0.323245,-0.508299,0.028024,0.256661,0.265941,-0.605438,0.715868,-0.115557,-1.570988,-0.222576,0.882790,-2.270886,-0.785759,2.872725,0.377430,-0.383971,0.118569,0.218883,0.020759,-0.227552,0.369670,-0.158527
4.428018,-1.005590,0.313329,1.189726,0.913247,-1.083213,1.107574,-0.323187,-0.487711,0.024874,0.280832,0.261883,-0.606228,0.716728,-0.115466,-1.571365,-0.222455,0.883000,-2.270867,-0.785977,2.873097,0.377283,-0.383291,0.119089,0.216618,0.019899,-0.225257,0.370956,-0.155778
4.429082,-1.002634,0.313724,1.194770,0.910787,-1.082176,1.108509,-0.322746,-0.463157,0.021907,0.308956,0.258501,-0.607095,0.718051,-0.115422,-1.571744,-0.222335,0.883215,-2.270848,-0.786203,2.873466,0.377127,-0.381267,0.119482,0.215833,0.020133,-0.224683,0.369031,-0.155786
4.430060,-1.008681,0.312487,1.191210,0.912261,-1.084151,1.106294,-0.323819,-0.435351,0.018786,0.340321,0.255138,-0.608109,0.719716,-0.115459,-1.572132,-0.222215,0.883422,-2.270821,-0.786428,2.873828,0.376969,-0.382990,0.119514,0.213624,0.022696,-0.225743,0.368174,-0.156610
4.431014,-1.005552,0.310568,1.193984,0.912686,-1.082798,1.103985,-0.323682,-0.405853,0.016010,0.373411,0.250699,-0.609339,0.721485,-0.115579,-1.572504,-0.222093,0.883638,-2.270802,-0.786647,2.874202,0.376820,-0.379934,0.120218,0.215441,0.021432,-0.223621,0.370229,-0.154358
4.432005,-1.005393,0.311706,1.196567,0.913935,-1.084870,1.102748,-0.323978,-0.377755,0.013386,0.404679,0.246348,-0.610637,0.723184,-0.115766,-1.572887,-0.221971,0.883849,-2.270783,-0.786874,2.874581,0.376664,-0.381306,0.121221,0.214011,0.021205,-0.224761,0.372269,-0.154541
4.433094,-1.002300,0.312796,1.197589,0.915172,-1.085001,1.102926,-0.323646,-0.350361,0.009397,0.434555,0.243767,-0.611912,0.725008,-0.116016,-1.573268,-0.221850,0.884060,-2.270764,-0.787088,2.874953,0.376512,-0.381330,0.120750,0.212821,0.020204,-0.222617,0.373345,-0.153858
4.434058,-1.000425,0.308409,1.201994,0.916241,-1.084370,1.101345,-0.324273,-0.321102,0.003105,0.465711,0.243707,-0.613160,0.727262,-0.116310,-1.573658,-0.221733,0.884272,-2.270747,-0.787311,2.875328,0.376357,-0.383207,0.120521,0.212649,0.019312,-0.222598,0.373193,-0.154497
4.435000,-0.998906,0.306486,1.207021,0.913851,-1.086183,1.100605,-0.323254,-0.287907,-0.006857,0.500135,0.247111,-0.614319,0.730224,-0.116603,-1.574048,-0.221606,0.884479,-2.270731,-0.787534,2.875704,0.376206,-0.383856,0.122735,0.210497,0.018539,-0.223052,0.374558,-0.153132
4.436098,-0.997805,0.307869,1.205410,0.916533,-1.089149,1.101247,-0.323699,-0.248128,-0.022291,0.540536,0.253492,-0.615452,0.734011,-0.116850,-1.574431,-0.221480,0.884679,-2.270707,-0.787750,2.876081,0.376048,-0.384325,0.123662,0.208069,0.021030,-0.221050,0.375008,-0.155073
4.437091,-0.996926,0.309501,1.206783,0.918562,-1.089687,1.102011,-0.324384,-0.202189,-0.042381,0.586731,0.261145,-0.616623,0.738354,-0.117015,-1.574825,-0.221359,0.884892,-2.270692,-0.787965,2.876456,0.375894,-0.385181,0.123229,0.209262,0.018720,-0.218260,0.374410,-0.154123
4.437983,-1.000021,0.309601,1.208273,0.916958,-1.094412,1.102422,-0.323658,-0.153775,-0.064938,0.634846,0.270623,-0.617640,0.742972,-0.117071,-1.575209,-0.221238,0.885095,-2.270678,-0.788177,2.876822,0.375749,-0.385550,0.122526,0.208748,0.017054,-0.217728,0.373540,-0.152695
4.439113,-1.001531,0.308907,1.203968,0.916853,-1.096397,1.102065,-0.323835,-0.106736,-0.087427,0.680945,0.281732,-0.618378,0.747556,-0.117006,-1.575592,-0.221114,0.885301,-2.270657,-0.788380,2.877196,0.375592,-0.383462,0.122407,0.207893,0.018795,-0.212826,0.372755,-0.154020
4.440121,-0.998331,0.308485,1.201833,0.918558,-1.096936,1.103145,-0.324493,-0.065326,-0.106921,0.721019,0.291723,-0.618927,0.751569,-0.116835,-1.575978,-0.220990,0.885518,-2.270637,-0.788588,2.877568,0.375438,-0.383255,0.123059,0.210465,0.019188,-0.211195,0.373273,-0.153638
4.441035,-0.994696,0.311133,1.207818,0.919515,-1.099632,1.106359,-0.325555,-0.032286,-0.122858,0.752215,0.300194,-0.619289,0.754811,-0.116589,-1.576363,-0.220865,0.885731,-2.270622,-0.788794,2.877940,0.375292,-0.384872,0.123349,0.211630,0.017817,-0.210740,0.372058,-0.152264
4.442038,-0.992391,0.312977,1.206797,0.920695,-1.100042,1.108726,-0.324587,-0.004456,-0.137236,0.777646,0.308869,-0.619524,0.757743,-0.116298,-1.576754,-0.220744,0.885933,-2.270606,-0.789000,2.878309,0.375146,-0.386183,0.122007,0.208589,0.017131,-0.207910,0.368531,-0.150033
4.442978,-0.988895,0.313308,1.207527,0.920849,-1.100341,1.108930,-0.324704,0.023181,-0.151376,0.802656,0.318414,-0.619813,0.760868,-0.116006,-1.577146,-0.220624,0.886143,-2.270589,-0.789205,2.878665,0.374992,-0.387217,0.121233,0.209267,0.016242,-0.207599,0.366145,-0.151928
4.443976,-0.987523,0.311983,1.212506,0.920674,-1.103391,1.108351,-0.325333,0.051930,-0.165254,0.828706,0.328635,-0.620230,0.764268,-0.115756,-1.577532,-0.220501,0.886353,-2.270573,-0.789412,2.879032,0.374840,-0.388633,0.121078,0.208856,0.016351,-0.207224,0.365737,-0.151567
4.445076,-0.987998,0.309211,1.214039,0.920904,-1.102871,1.111071,-0.324752,0.082611,-0.179396,0.856699,0.338810,-0.620837,0.767870,-0.115557,-1.577921,-0.220378,0.886558,-2.270554,-0.789612,2.879393,0.374691,-0.389212,0.121843,0.206535,0.016783,-0.204266,0.366254,-0.150235
4.446072,-0.988610,0.308733,1.213533,0.919206,-1.102852,1.112454,-0.324163,0.116681,-0.195325,0.888118,0.348473,-0.621680,0.771671,-0.115403,-1.578306,-0.220249,0.886762,-2.270537,-0.789817,2.879756,0.374537,-0.389372,0.123424,0.206245,0.016914,-0.205107,0.363640,-0.151388
4.447004,-0.988584,0.307306,1.212391,0.922795,-1.105090,1.113401,-0.324994,0.152544,-0.213293,0.921240,0.357280,-0.622653,0.775518,-0.115285,-1.578693,-0.220125,0.886973,-2.270513,-0.790024,2.880119,0.374382,-0.388975,0.123736,0.206609,0.018749,-0.205173,0.362180,-0.152480
4.448011,-0.985474,0.304995,1.210260,0.922731,-1.106514,1.116046,-0.324892,0.186528,-0.232274,0.952158,0.365575,-0.623529,0.779202,-0.115178,-1.579081,-0.219999,0.887184,-2.270504,-0.790224,2.880474,0.374234,-0.388594,0.124413,0.207115,0.015535,-0.202881,0.361065,-0.150689
4.449009,-0.988253,0.308492,1.212969,0.923355,-1.108339,1.117565,-0.324521,0.216812,-0.252683,0.978648,0.375517,-0.624061,0.782816,-0.115081,-1.579470,-0.219871,0.887396,-2.270486,-0.790421,2.880829,0.374080,-0.390109,0.125624,0.208303,0.015897,-0.201635,0.358390,-0.150836
4.450095,-0.994844,0.309152,1.215036,0.922785,-1.110786,1.117609,-0.325200,0.243098,-0.274072,1.000439,0.387372,-0.624227,0.786369,-0.115005,-1.579857,-0.219749,0.887601,-2.270471,-0.790620,2.881185,0.373927,-0.388610,0.123965,0.207111,0.015607,-0.199944,0.356843,-0.151504
4.451108,-0.995118,0.312017,1.210936,0.924938,-1.111142,1.116876,-0.323599,0.263486,-0.293061,1.016217,0.398548,-0.624176,0.789429,-0.114933,-1.580234,-0.219625,0.887805,-2.270453,-0.790814,2.881539,0.373780,-0.385758,0.123875,0.206511,0.016507,-0.197851,0.356980,-0.150114
4.452075,-0.996134,0.310126,1.214686,0.922160,-1.111634,1.115770,-0.323647,0.274691,-0.306636,1.023064,0.407551,-0.623953,0.791549,-0.114865,-1.580621,-0.219507,0.888017,-2.270441,-0.791011,2.881898,0.373617,-0.385633,0.122604,0.208714,0.014766,-0.197702,0.357688,-0.153247
4.453028,-0.998084,0.310486,1.218256,0.925866,-1.111816,1.116594,-0.323558,0.276202,-0.314327,1.020664,0.413958,-0.623622,0.792635,-0.114809,-1.581007,-0.219381,0.888223,-2.270419,-0.791210,2.882256,0.373465,-0.384911,0.123591,0.206885,0.017714,-0.197272,0.358683,-0.153026
4.453984,-0.997500,0.308941,1.215196,0.924085,-1.111785,1.116473,-0.323073,0.271824,-0.318209,1.012999,0.418027,-0.623343,0.793020,-0.114753,-1.581388,-0.219256,0.888423,-2.270410,-0.791406,2.882613,0.373315,-0.383723,0.123406,0.205230,0.014412,-0.197147,0.357699,-0.153114
4.454992,-0.994298,0.312053,1.209484,0.924793,-1.112247,1.118642,-0.322409,0.264579,-0.320711,1.002933,0.421384,-0.623133,0.793119,-0.114690,-1.581774,-0.219131,0.888632,-2.270389,-0.791606,2.882972,0.373159,-0.383764,0.124198,0.206815,0.016392,-0.197217,0.357689,-0.153975
4.456024,-0.992963,0.309212,1.215841,0.925899,-1.110726,1.119570,-0.324337,0.253840,-0.321752,0.989675,0.424268,-0.622952,0.792958,-0.114623,-1.582161,-0.219011,0.888846,-2.270373,-0.791802,2.883320,0.373001,-0.385351,0.122760,0.209781,0.015987,-0.196931,0.355523,-0.155212
4.457034,-0.994355,0.308276,1.215679,0.926512,-1.110831,1.120326,-0.324903,0.241138,-0.321905,0.974627,0.426918,-0.622818,0.792701,-0.114539,-1.582552,-0.218882,0.889051,-2.270360,-0.792004,2.883676,0.372857,-0.386038,0.124291,0.206812,0.015276,-0.198639,0.354643,-0.151281
4.458015,-0.989200,0.306504,1.220056,0.924052,-1.109179,1.120010,-0.324650,0.230950,-0.324090,0.962029,0.430929,-0.622750,0.792799,-0.114425,-1.582938,-0.218757,0.889262,-2.270344,-0.792205,2.884025,0.372708,-0.385314,0.124851,0.207063,0.014996,-0.198655,0.353919,-0.150118
4.458952,-0.985655,0.307608,1.211615,0.927314,-1.107439,1.117630,-0.325481,0.226190,-0.329766,0.954932,0.435788,-0.622853,0.793410,-0.114282,-1.583328,-0.218631,0.889464,-2.270321,-0.792406,2.884383,0.372558,-0.387735,0.125776,0.205026,0.017610,-0.200397,0.354156,-0.150560
4.459974,-0.989488,0.310152,1.216736,0.926545,-1.108768,1.115486,-0.325559,0.226939,-0.338513,0.953595,0.440577,-0.623134,0.794504,-0.114103,-1.583720,-0.218509,0.889683,-2.270312,-0.792615,2.884743,0.372411,-0.389080,0.125218,0.209158,0.014748,-0.202033,0.356363,-0.148788
4.460971,-0.989325,0.312807,1.218996,0.927272,-1.108455,1.115908,-0.325449,0.229428,-0.348107,0.954104,0.445510,-0.623396,0.795824,-0.113888,-1.584105,-0.218388,0.889885,-2.270293,-0.792811,2.885105,0.372259,-0.387187,0.124098,0.206809,0.015816,-0.200882,0.358483,-0.148583
4.462033,-0.989465,0.311609,1.213113,0.929704,-1.109184,1.119519,-0.325737,0.230852,-0.355513,0.953887,0.449307,-0.623628,0.797004,-0.113639,-1.584488,-0.218267,0.890088,-2.270277,-0.793014,2.885463,0.372112,-0.387254,0.122891,0.205899,0.015370,-0.201302,0.357982,-0.148749
4.463017,-0.990235,0.314711,1.211334,0.929302,-1.109689,1.117287,-0.326357,0.230438,-0.360178,0.952180,0.452182,-0.623811,0.798002,-0.113362,-1.584875,-0.218143,0.890305,-2.270267,-0.793218,2.885809,0.371965,-0.387395,0.123703,0.209085,0.013420,-0.200782,0.354499,-0.148145
4.464031,-0.990907,0.313334,1.213635,0.929374,-1.108349,1.115694,-0.326495,0.225525,-0.362266,0.945922,0.455713,-0.623776,0.798768,-0.113069,-1.585255,-0.218024,0.890517,-2.270251,-0.793415,2.886170,0.371822,-0.386944,0.122256,0.210015,0.014158,-0.200389,0.356693,-0.146849
4.464980,-0.990838,0.310468,1.207629,0.928491,-1.105933,1.114832,-0.328117,0.215008,-0.361106,0.934163,0.458936,-0.623613,0.799067,-0.112778,-1.585640,-0.217901,0.890727,-2.270236,-0.793618,2.886532,0.371678,-0.386636,0.123092,0.209011,0.014423,-0.201875,0.358238,-0.146548
4.466043,-0.990602,0.312034,1.207100,0.929802,-1.107617,1.115328,-0.327244,0.199821,-0.357492,0.918007,0.460810,-0.623470,0.798799,-0.112506,-1.586027,-0.217774,0.890946,-2.270218,-0.793829,2.886891,0.371541,-0.386362,0.124501,0.211929,0.015556,-0.204202,0.358932,-0.143227
4.467038,-0.991042,0.309448,1.206731,0.928315,-1.107900,1.115709,-0.327093,0.179966,-0.352594,0.897240,0.461671,-0.623317,0.797994,-0.112269,-1.586412,-0.217650,0.891158,-2.270206,-0.794028,2.887250,0.371395,-0.386728,0.123889,0.212434,0.014678,-0.202743,0.358502,-0.145008
4.468100,-0.991220,0.314147,1.211093,0.928621,-1.107261,1.113151,-0.328107,0.156515,-0.347065,0.872852,0.461648,-0.623143,0.796797,-0.112082,-1.586797,-0.217523,0.891372,-2.270188,-0.794233,2.887613,0.371250,-0.386438,0.125247,0.212681,0.016449,-0.202542,0.358038,-0.145245
4.469104,-0.989688,0.315182,1.202176,0.929443,-1.106868,1.116078,-0.327769,0.132112,-0.341077,0.847799,0.459773,-0.623065,0.795344,-0.111925,-1.587181,-0.217403,0.891578,-2.270170,-0.794444,2.887976,0.371114,-0.386607,0.123093,0.210823,0.016438,-0.203338,0.360677,-0.143217
4.470067,-0.990192,0.313675,1.201002,0.929333,-1.105674,1.114557,-0.327752,0.107005,-0.333491,0.822532,0.455660,-0.623043,0.793595,-0.111784,-1.587570,-0.217280,0.891800,-2.270156,-0.794647,2.888330,0.370969,-0.387299,0.122696,0.215332,0.015975,-0.203823,0.357681,-0.143874
4.470986,-0.992096,0.314592,1.196925,0.930370,-1.105260,1.113117,-0.328367,0.078809,-0.323815,0.794318,0.450564,-0.622817,0.791437,-0.111660,-1.587961,-0.217157,0.892019,-2.270138,-0.794852,2.888685,0.370828,-0.386751,0.123511,0.215805,0.016329,-0.205019,0.359138,-0.143848
4.472002,-0.996333,0.312624,1.191421,0.930872,-1.104589,1.113925,-0.329286,0.045779,-0.312539,0.761087,0.445582,-0.622206,0.788755,-0.111539,-1.588340,-0.217035,0.892239,-2.270123,-0.795057,2.889049,0.370691,-0.385448,0.123026,0.217642,0.015564,-0.205330,0.360320,-0.142549
4.473018,-0.997947,0.317762,1.187180,0.930201,-1.105552,1.111568,-0.328705,0.005810,-0.299547,0.720578,0.441443,-0.621117,0.785415,-0.111404,-1.588723,-0.216911,0.892465,-2.270110,-0.795262,2.889411,0.370554,-0.383379,0.124135,0.220376,0.015463,-0.206108,0.359457,-0.140697
4.474074,-0.997185,0.314753,1.186539,0.930619,-1.107183,1.110411,-0.330445,-0.101743,-0.263251,0.611513,0.432985,-0.617703,0.776241,-0.111137,-1.589491,-0.216665,0.892917,-2.270074,-0.795667,2.890145,0.370282,-0.383240,0.123406,0.222861,0.016295,-0.203849,0.362946,-0.138380
4.475083,-1.000112,0.320744,1.191940,0.932451,-1.108448,1.109662,-0.330358,-0.101743,-0.263251,0.611513,0.432985,-0.617703,0.776241,-0.111137,-1.589491,-0.216665,0.892917,-2.270074,-0.795667,2.890145,0.370282,-0.383240,0.123406,0.222861,0.016295,-0.203849,0.362946,-0.138380
4.476090,-0.997513,0.318274,1.185058,0.931933,-1.107126,1.110697,-0.331084,-0.162092,-0.241331,0.550826,0.427599,-0.615839,0.770982,-0.110994,-1.589873,-0.216552,0.893136,-2.270061,-0.795868,2.890505,0.370145,-0.381785,0.120596,0.220165,0.014857,-0.202712,0.363649,-0.138577
4.477013,-0.992667,0.318393,1.182540,0.931235,-1.107791,1.108847,-0.331594,-0.220375,-0.219212,0.492656,0.422398,-0.614078,0.765924,-0.110841,-1.590258,-0.216425,0.893365,-2.270044,-0.796074,2.890865,0.370011,-0.383106,0.121936,0.223586,0.015667,-0.204140,0.362550,-0.137109
4.478084,-0.995863,0.316963,1.181094,0.930587,-1.108044,1.105806,-0.333476,-0.274997,-0.198077,0.438458,0.417510,-0.612474,0.761239,-0.110671,-1.590646,-0.216305,0.893593,-2.270024,-0.796273,2.891235,0.369874,-0.385095,0.121880,0.224531,0.016532,-0.203419,0.364146,-0.136037
4.479063,-0.993633,0.318896,1.180624,0.929850,-1.107168,1.104097,-0.332635,-0.325081,-0.178911,0.388984,0.412289,-0.611129,0.756924,-0.110463,-1.591029,-0.216178,0.893821,-2.270003,-0.796479,2.891608,0.369749,-0.383772,0.122772,0.225350,0.017433,-0.203390,0.367215,-0.132319
4.480172,-0.987885,0.320381,1.179073,0.932432,-1.109645,1.101379,-0.332975,-0.410617,-0.145289,0.305701,0.397907,-0.609482,0.749234,-0.109932,-1.591805,-0.215938,0.894277,-2.269971,-0.796886,2.892362,0.369478,-0.388050,0.121465,0.226403,0.016240,-0.202133,0.371505,-0.133377
4.480993,-0.985790,0.320935,1.177143,0.935317,-1.109165,1.097703,-0.333404,-0.442245,-0.132855,0.275527,0.391970,-0.609045,0.746498,-0.109635,-1.592188,-0.215816,0.894501,-2.269962,-0.797086,2.892741,0.369345,-0.388219,0.121019,0.226846,0.013724,-0.202379,0.374635,-0.132422
4.481964,-0.986721,0.325558,1.178076,0.934149,-1.107892,1.099649,-0.333131,-0.466572,-0.123384,0.252524,0.388968,-0.608676,0.744650,-0.109317,-1.592573,-0.215702,0.894728,-2.269944,-0.797291,2.893113,0.369210,-0.387571,0.118856,0.226222,0.015175,-0.203676,0.372445,-0.132959
4.483057,-0.994236,0.325927,1.175325,0.933539,-1.107147,1.097244,-0.333630,-0.466572,-0.123384,0.252524,0.388968,-0.608676,0.744650,-0.109317,-1.592573,-0.215702,0.894728,-2.269944,-0.797291,2.893113,0.369210,-0.387571,0.118856,0.226222,0.015175,-0.203676,0.372445,-0.132959
4.484013,-0.995571,0.327951,1.175071,0.932468,-1.106894,1.093430,-0.332920,-0.512057,-0.098745,0.210271,0.380879,-0.608193,0.741031,-0.108613,-1.593335,-0.215463,0.895186,-2.269907,-0.797703,2.893871,0.368946,-0.383380,0.118037,0.227651,0.017381,-0.204891,0.378481,-0.133425
4.485028,-1.000167,0.328156,1.169719,0.934032,-1.107471,1.092349,-0.333283,-0.512057,-0.098745,0.210271,0.380879,-0.608193,0.741031,-0.108613,-1.593335,-0.215463,0.895186,-2.269907,-0.797703,2.893871,0.368946,-0.383380,0.118037,0.227651,0.017381,-0.204891,0.378481,-0.133425
4.486054,-0.996327,0.328970,1.173783,0.934019,-1.107095,1.090840,-0.332722,-0.540989,-0.079835,0.183418,0.372592,-0.608096,0.738270,-0.108254,-1.593714,-0.215345,0.895423,-2.269893,-0.797911,2.894257,0.368814,-0.381157,0.118125,0.230197,0.016167,-0.204387,0.379351,-0.132690
4.487097,-0.999147,0.329469,1.174067,0.935756,-1.106972,1.089783,-0.332971,-0.602691,-0.038046,0.125896,0.354100,-0.608245,0.732236,-0.107671,-1.594482,-0.215106,0.895877,-2.269865,-0.798319,2.895023,0.368543,-0.381933,0.117867,0.228018,0.015211,-0.205200,0.381671,-0.133334
4.488094,-0.997262,0.325976,1.171036,0.934744,-1.104656,1.089226,-0.332988,-0.602691,-0.038046,0.125896,0.354100,-0.608245,0.732236,-0.107671,-1.594482,-0.215106,0.895877,-2.269865,-0.798319,2.895023,0.368543,-0.381933,0.117867,0.228018,0.015211,-0.205200,0.381671,-0.133334
4.488977,-0.998965,0.327721,1.179672,0.936016,-1.100218,1.087371,-0.332531,-0.643886,-0.009089,0.087912,0.341818,-0.609304,0.728442,-0.107419,-1.595249,-0.214865,0.896325,-2.269833,-0.798752,2.895794,0.368276,-0.381415,0.118801,0.224771,0.015497,-0.211660,0.383413,-0.134160
4.490081,-0.998873,0.327397,1.178391,0.936616,-1.096526,1.086893,-0.331641,-0.643886,-0.009089,0.087912,0.341818,-0.609304,0.728442,-0.107419,-1.595249,-0.214865,0.896325,-2.269833,-0.798752,2.895794,0.368276,-0.381415,0.118801,0.224771,0.015497,-0.211660,0.383413,-0.134160
4.491064,-0.990083,0.325711,1.176014,0.935975,-1.094038,1.086241,-0.332042,-0.651981,-0.002288,0.080963,0.339022,-0.610177,0.727763,-0.107433,-1.595633,-0.214746,0.896551,-2.269815,-0.798974,2.896180,0.368135,-0.381921,0.119296,0.225671,0.015236,-0.215469,0.383884,-0.135974
4.491990,-0.984969,0.324279,1.174467,0.936194,-1.093818,1.087685,-0.332617,-0.650435,-0.001052,0.083382,0.338764,-0.611175,0.727945,-0.107534,-1.596029,-0.214624,0.896778,-2.269796,-0.799194,2.896561,0.368001,-0.386103,0.120231,0.226738,0.016127,-0.217825,0.384313,-0.135134
4.493098,-0.986851,0.327152,1.177202,0.935935,-1.092016,1.089637,-0.332661,-0.638153,-0.006425,0.096185,0.340952,-0.612270,0.729074,-0.107694,-1.596418,-0.214501,0.897007,-2.269779,-0.799415,2.896944,0.367872,-0.388209,0.120929,0.227210,0.016148,-0.217778,0.382495,-0.133955
4.494078,-0.986297,0.329505,1.179183,0.933993,-1.091675,1.089572,-0.332633,-0.615569,-0.017625,0.118982,0.344854,-0.613447,0.731113,-0.107897,-1.596804,-0.214385,0.897233,-2.269760,-0.799641,2.897317,0.367737,-0.387678,0.119830,0.226047,0.016730,-0.219700,0.380637,-0.133929
4.494981,-0.980072,0.327311,1.182701,0.934506,-1.088712,1.093592,-0.332286,-0.585870,-0.030939,0.148975,0.348072,-0.614741,0.733662,-0.108134,-1.597187,-0.214268,0.897454,-2.269738,-0.799865,2.897695,0.367603,-0.387844,0.118789,0.225004,0.018828,-0.219864,0.380510,-0.133974
4.495980,-0.982646,0.329449,1.183834,0.936514,-1.086768,1.094072,-0.333989,-0.549631,-0.044694,0.185964,0.348999,-0.616297,0.736613,-0.108388,-1.597581,-0.214146,0.897673,-2.269721,-0.800097,2.898066,0.367466,-0.390386,0.119866,0.222991,0.018513,-0.222445,0.376117,-0.134605
4.496983,-0.980032,0.328971,1.188188,0.936076,-1.085082,1.093269,-0.333011,-0.505987,-0.060294,0.230606,0.349549,-0.618096,0.740270,-0.108643,-1.597968,-0.214027,0.897896,-2.269706,-0.800328,2.898435,0.367340,-0.388985,0.118926,0.222403,0.016832,-0.224190,0.375561,-0.131189
4.498048,-0.981585,0.329847,1.189881,0.936126,-1.084236,1.095848,-0.333067,-0.456801,-0.077759,0.280807,0.351518,-0.620004,0.744603,-0.108892,-1.598356,-0.213905,0.898111,-2.269687,-0.800558,2.898814,0.367204,-0.390254,0.119297,0.220286,0.017547,-0.225702,0.376213,-0.133186
4.499088,-0.978085,0.327674,1.188444,0.934632,-1.080401,1.097522,-0.332394,-0.403975,-0.096111,0.334785,0.354394,-0.622019,0.749314,-0.109141,-1.598746,-0.213788,0.898330,-2.269669,-0.800787,2.899189,0.367072,-0.389651,0.119133,0.219642,0.017786,-0.226512,0.373590,-0.133092
4.500086,-0.980834,0.323008,1.192378,0.934020,-1.078782,1.098200,-0.333403,-0.349260,-0.114759,0.390794,0.357302,-0.624127,0.754137,-0.109389,-1.599138,-0.213664,0.898550,-2.269645,-0.801024,2.899552,0.366935,-0.391486,0.120389,0.220491,0.019461,-0.230215,0.371928,-0.134463
4.500960,-0.976926,0.324107,1.195600,0.936589,-1.074932,1.100681,-0.333782,-0.238015,-0.155676,0.504140,0.363404,-0.628347,0.763757,-0.109803,-1.599924,-0.213416,0.898980,-2.269613,-0.801505,2.900281,0.366673,-0.391180,0.122132,0.216677,0.018000,-0.234848,0.368321,-0.131611
4.502073,-0.979400,0.326330,1.199900,0.934302,-1.073997,1.106333,-0.333480,-0.238015,-0.155676,0.504140,0.363404,-0.628347,0.763757,-0.109803,-1.599924,-0.213416,0.898980,-2.269613,-0.801505,2.900281,0.366673,-0.391180,0.122132,0.216677,0.018000,-0.234848,0.368321,-0.131611
4.503052,-0.974117,0.322329,1.203211,0.935326,-1.076351,1.107958,-0.333950,-0.180245,-0.178882,0.562496,0.368453,-0.630278,0.768797,-0.109936,-1.600311,-0.213295,0.899190,-2.269587,-0.801741,2.900629,0.366539,-0.390376,0.121324,0.214953,0.020467,-0.235756,0.362891,-0.132288
4.503971,-0.977876,0.323017,1.207968,0.934455,-1.072549,1.107655,-0.333369,-0.120046,-0.202847,0.623267,0.373978,-0.632134,0.774003,-0.110003,-1.600707,-0.213170,0.899401,-2.269569,-0.801971,2.900987,0.366408,-0.392774,0.123388,0.213351,0.019670,-0.233146,0.361217,-0.131327
4.505014,-0.982145,0.324845,1.209737,0.937001,-1.072265,1.110350,-0.334172,-0.056884,-0.228055,0.687065,0.379569,-0.633980,0.779365,-0.110005,-1.601100,-0.213047,0.899607,-2.269545,-0.802212,2.901343,0.366275,-0.390337,0.123003,0.210922,0.020633,-0.236546,0.361332,-0.132469
4.506000,-0.988433,0.326560,1.209434,0.936697,-1.070726,1.109412,-0.333347,0.005515,-0.252727,0.750105,0.385367,-0.635677,0.784619,-0.109956,-1.601485,-0.212925,0.899816,-2.269531,-0.802453,2.901702,0.366145,-0.388361,0.122258,0.210317,0.018437,-0.236611,0.358649,-0.130871
4.507054,-0.984756,0.322210,1.208417,0.936370,-1.070552,1.110424,-0.333426,0.060126,-0.273128,0.805241,0.391395,-0.636979,0.789271,-0.109877,-1.601869,-0.212803,0.900028,-2.269509,-0.802696,2.902057,0.366011,-0.385107,0.121496,0.210537,0.018936,-0.237818,0.359562,-0.132540
4.508033,-0.987798,0.322109,1.209227,0.935125,-1.071787,1.110594,-0.333221,0.103373,-0.288063,0.848813,0.397345,-0.637818,0.793034,-0.109785,-1.602259,-0.212674,0.900239,-2.269488,-0.802931,2.902415,0.365879,-0.387137,0.123818,0.211310,0.019501,-0.237876,0.358599,-0.132400
4.509028,-0.990534,0.324404,1.209708,0.938006,-1.070928,1.114117,-0.333556,0.161583,-0.307027,0.907113,0.407146,-0.638629,0.798167,-0.109545,-1.603032,-0.212428,0.900664,-2.269452,-0.803400,2.903127,0.365614,-0.383976,0.122852,0.210769,0.018345,-0.236996,0.354755,-0.132127
4.510030,-0.990436,0.322641,1.214432,0.935751,-1.071275,1.113641,-0.333560,0.178762,-0.311400,0.924068,0.411512,-0.638669,0.799732,-0.109418,-1.603416,-0.212301,0.900867,-2.269427,-0.803637,2.903476,0.365484,-0.384017,0.123810,0.208603,0.020738,-0.236400,0.355285,-0.132134
4.511092,-0.990627,0.317999,1.220860,0.934547,-1.071633,1.112542,-0.334029,0.178762,-0.311400,0.924068,0.411512,-0.638669,0.799732,-0.109418,-1.603416,-0.212301,0.900867,-2.269427,-0.803637,2.903476,0.365484,-0.384017,0.123810,0.208603,0.020738,-0.236400,0.355285,-0.132134
4.512098,-0.988163,0.318627,1.218448,0.934320,-1.070131,1.112181,-0.333769,0.193644,-0.314644,0.938921,0.414691,-0.638754,0.800925,-0.109309,-1.603802,-0.212172,0.901069,-2.269403,-0.803874,2.903827,0.365356,-0.384137,0.126272,0.205770,0.022103,-0.235922,0.356517,-0.131240
4.512995,-0.983770,0.315624,1.224197,0.934692,-1.070059,1.112871,-0.333863,0.229947,-0.325612,0.976325,0.416155,-0.639638,0.803134,-0.109128,-1.604580,-0.211918,0.901477,-2.269359,-0.804349,2.904545,0.365097,-0.386951,0.127401,0.204239,0.022202,-0.236794,0.355859,-0.131559
4.514090,-0.981531,0.316851,1.222826,0.935192,-1.071092,1.112918,-0.334780,0.254173,-0.335179,1.001357,0.416849,-0.640253,0.804725,-0.109057,-1.604972,-0.211790,0.901687,-2.269337,-0.804584,2.904899,0.364973,-0.388380,0.126967,0.205340,0.021938,-0.235724,0.355998,-0.129796
4.515070,-0.981181,0.314406,1.219761,0.934403,-1.070526,1.114650,-0.334787,0.254173,-0.335179,1.001357,0.416849,-0.640253,0.804725,-0.109057,-1.604972,-0.211790,0.901687,-2.269337,-0.804584,2.904899,0.364973,-0.388380,0.126967,0.205340,0.021938,-0.235724,0.355998,-0.129796
4.515979,-0.977888,0.321183,1.222357,0.935458,-1.069667,1.115355,-0.335541,0.280646,-0.346738,1.028545,0.418402,-0.640772,0.806621,-0.109013,-1.605357,-0.211658,0.901896,-2.269314,-0.804821,2.905251,0.364845,-0.388406,0.128166,0.206960,0.022875,-0.236015,0.354192,-0.129808
4.517039,-0.984290,0.319866,1.226175,0.936457,-1.069947,1.115363,-0.334783,0.305431,-0.357422,1.053941,0.420204,-0.641063,0.808456,-0.109002,-1.605748,-0.211541,0.902103,-2.269294,-0.805061,2.905602,0.364719,-0.389530,0.124758,0.205560,0.021961,-0.236412,0.353301,-0.128267
4.518023,-0.978981,0.318982,1.224124,0.935092,-1.072949,1.114657,-0.335859,0.327024,-0.364870,1.076225,0.421912,-0.641095,0.810038,-0.109018,-1.606125,-0.211413,0.902304,-2.269275,-0.805293,2.905952,0.364587,-0.386612,0.125590,0.204042,0.021239,-0.236048,0.353430,-0.129851
4.518962,-0.983423,0.318906,1.223561,0.934335,-1.072492,1.117098,-0.335475,0.344999,-0.368969,1.095036,0.423409,-0.640931,0.811245,-0.109053,-1.606519,-0.211285,0.902515,-2.269249,-0.805521,2.906306,0.364469,-0.389097,0.126051,0.205158,0.022690,-0.232830,0.354084,-0.127713
4.519978,-0.984616,0.322289,1.227893,0.932717,-1.069712,1.117242,-0.336807,0.358664,-0.370087,1.109688,0.423742,-0.640733,0.811919,-0.109103,-1.606903,-0.211157,0.902722,-2.269225,-0.805753,2.906654,0.364339,-0.386512,0.126034,0.205443,0.023521,-0.232991,0.351502,-0.128491
4.520973,-0.986535,0.322494,1.226906,0.932576,-1.071241,1.117455,-0.335439,0.366683,-0.366801,1.119009,0.421280,-0.640639,0.811857,-0.109169,-1.607281,-0.211037,0.902919,-2.269199,-0.805992,2.907009,0.364221,-0.386047,0.124482,0.203567,0.025229,-0.235560,0.351386,-0.125859
4.522070,-0.984849,0.321367,1.226973,0.932438,-1.071917,1.118855,-0.335904,0.365992,-0.344577,1.122445,0.405672,-0.640977,0.809434,-0.109382,-1.608058,-0.210786,0.903328,-2.269148,-0.806454,2.907708,0.363963,-0.386195,0.125260,0.204685,0.025742,-0.233147,0.349964,-0.127766
4.523092,-0.986608,0.321824,1.230677,0.935518,-1.071720,1.121944,-0.335154,0.365992,-0.344577,1.122445,0.405672,-0.640977,0.809434,-0.109382,-1.608058,-0.210786,0.903328,-2.269148,-0.806454,2.907708,0.363963,-0.386195,0.125260,0.204685,0.025742,-0.233147,0.349964,-0.127766
4.524029,-0.985437,0.316900,1.231298,0.935461,-1.071366,1.120481,-0.335627,0.361159,-0.330229,1.119767,0.396648,-0.641257,0.807755,-0.109523,-1.608440,-0.210660,0.903529,-2.269132,-0.806688,2.908046,0.363831,-0.385388,0.125126,0.203106,0.022941,-0.233180,0.346977,-0.129309
4.525056,-0.987571,0.316336,1.229082,0.933626,-1.071376,1.118675,-0.335941,0.357606,-0.318376,1.117711,0.391217,-0.641402,0.806498,-0.109672,-1.608827,-0.210529,0.903737,-2.269107,-0.806921,2.908393,0.363704,-0.385631,0.127515,0.202793,0.023090,-0.233194,0.348373,-0.128326
4.526015,-0.982746,0.316682,1.232254,0.932340,-1.072975,1.119531,-0.335574,0.355393,-0.309942,1.116261,0.389241,-0.641347,0.805617,-0.109801,-1.609210,-0.210401,0.903940,-2.269078,-0.807152,2.908745,0.363579,-0.384647,0.127864,0.204196,0.024967,-0.233050,0.350229,-0.127748
4.527089,-0.990998,0.315768,1.233044,0.933911,-1.074074,1.122153,-0.336779,0.353554,-0.303118,1.114954,0.387525,-0.641197,0.804725,-0.109869,-1.609604,-0.210276,0.904139,-2.269050,-0.807381,2.909098,0.363448,-0.386749,0.127690,0.202728,0.026234,-0.231181,0.349239,-0.128484
4.528066,-0.992066,0.317232,1.228623,0.933658,-1.078420,1.122742,-0.335793,0.352206,-0.296648,1.114220,0.384711,-0.640974,0.803736,-0.109864,-1.609986,-0.210145,0.904343,-2.269029,-0.807611,2.909438,0.363329,-0.382901,0.128278,0.202735,0.024881,-0.230070,0.346822,-0.126136
4.529014,-0.988437,0.317973,1.230186,0.935155,-1.082601,1.123490,-0.336760,0.347885,-0.289072,1.110391,0.381570,-0.640477,0.802475,-0.109803,-1.610365,-0.210016,0.904552,-2.269002,-0.807826,2.909786,0.363198,-0.382323,0.127534,0.205047,0.025184,-0.225621,0.346219,-0.128150
4.529962,-0.991467,0.319097,1.225250,0.933288,-1.082707,1.125790,-0.336944,0.338280,-0.279205,1.101065,0.378556,-0.639649,0.800813,-0.109719,-1.610755,-0.209890,0.904754,-2.268981,-0.808041,2.910135,0.363073,-0.383806,0.127152,0.204321,0.023821,-0.221303,0.345367,-0.126183
4.531048,-0.994542,0.319450,1.220852,0.935526,-1.083849,1.126427,-0.337405,0.324374,-0.266924,1.087360,0.375353,-0.638660,0.798826,-0.109622,-1.611132,-0.209763,0.904962,-2.268951,-0.808256,2.910468,0.362951,-0.382084,0.126554,0.206830,0.025675,-0.221103,0.343043,-0.125849
4.532036,-0.994933,0.317272,1.223001,0.934791,-1.084902,1.124047,-0.336134,0.303483,-0.251116,1.066496,0.371716,-0.637513,0.796322,-0.109523,-1.611511,-0.209636,0.905176,-2.268929,-0.808473,2.910807,0.362828,-0.380964,0.126575,0.209333,0.023626,-0.220089,0.342676,-0.125007
4.533125,-0.991223,0.319139,1.220589,0.934207,-1.086060,1.124436,-0.335928,0.274358,-0.232317,1.037021,0.368490,-0.636162,0.793298,-0.109457,-1.611893,-0.209506,0.905387,-2.268903,-0.808691,2.911154,0.362695,-0.380709,0.127669,0.208310,0.024452,-0.218943,0.345076,-0.127575
4.534042,-0.992392,0.316575,1.220384,0.933120,-1.088311,1.121766,-0.335923,0.241141,-0.212701,1.003312,0.365579,-0.634809,0.790088,-0.109448,-1.612277,-0.209379,0.905598,-2.268875,-0.808902,2.911501,0.362567,-0.382965,0.126912,0.209896,0.025120,-0.217995,0.344868,-0.128032
4.535020,-0.989511,0.316462,1.222051,0.933200,-1.088878,1.122506,-0.335919,0.207256,-0.193178,0.969178,0.361666,-0.633681,0.786873,-0.109485,-1.612658,-0.209249,0.905810,-2.268848,-0.809114,2.911855,0.362437,-0.381973,0.128102,0.209859,0.026201,-0.215552,0.347369,-0.128009
4.536122,-0.988736,0.317422,1.222010,0.934141,-1.088794,1.123600,-0.334932,0.174713,-0.174632,0.936764,0.356380,-0.632838,0.783759,-0.109551,-1.613038,-0.209120,0.906017,-2.268822,-0.809327,2.912199,0.362309,-0.383351,0.128142,0.209122,0.026184,-0.214956,0.346588,-0.128023
4.536962,-0.979263,0.315280,1.215235,0.931903,-1.091607,1.125522,-0.333732,0.145949,-0.158421,0.908485,0.350783,-0.632169,0.780996,-0.109641,-1.613425,-0.208993,0.906230,-2.268799,-0.809540,2.912543,0.362174,-0.384136,0.127876,0.209520,0.025433,-0.215258,0.345746,-0.130065
4.537968,-0.982985,0.316701,1.210896,0.931475,-1.095383,1.124345,-0.334194,0.122122,-0.145290,0.885390,0.345716,-0.631495,0.778728,-0.109744,-1.613821,-0.208865,0.906449,-2.268766,-0.809744,2.912877,0.362036,-0.387994,0.128745,0.212520,0.027512,-0.212154,0.343570,-0.132365
4.539036,-0.990858,0.314938,1.206955,0.933083,-1.099387,1.122131,-0.333693,0.100797,-0.134025,0.864926,0.340221,-0.630713,0.776642,-0.109824,-1.614207,-0.208738,0.906669,-2.268738,-0.809946,2.913226,0.361907,-0.386050,0.128085,0.214711,0.027938,-0.208484,0.344802,-0.131426
4.540063,-0.993332,0.315143,1.204702,0.932350,-1.101615,1.122558,-0.333669,0.075114,-0.121694,0.839918,0.333844,-0.629613,0.774072,-0.109856,-1.614577,-0.208607,0.906892,-2.268715,-0.810148,2.913578,0.361770,-0.382531,0.129094,0.216825,0.026511,-0.204724,0.347160,-0.132470
4.541116,-0.991779,0.317451,1.198754,0.932941,-1.105413,1.122039,-0.332368,0.039606,-0.106604,0.804585,0.327441,-0.627987,0.770610,-0.109846,-1.614960,-0.208479,0.907112,-2.268687,-0.810346,2.913926,0.361637,-0.381426,0.129065,0.218022,0.027319,-0.202720,0.346776,-0.132524
4.542038,-0.995375,0.319688,1.200800,0.934033,-1.105372,1.120974,-0.331904,-0.005649,-0.088506,0.759108,0.321139,-0.625919,0.766325,-0.109810,-1.615342,-0.208352,0.907340,-2.268661,-0.810538,2.914278,0.361497,-0.382460,0.128043,0.221056,0.026824,-0.199225,0.347405,-0.135153
4.542960,-0.993905,0.320046,1.196512,0.934400,-1.105823,1.119863,-0.330679,-0.058045,-0.067331,0.706320,0.314969,-0.623602,0.761501,-0.109772,-1.615722,-0.208229,0.907560,-2.268639,-0.810735,2.914627,0.361358,-0.380291,0.126893,0.219794,0.025832,-0.199289,0.348319,-0.135995
4.544024,-0.997127,0.320679,1.192527,0.933836,-1.107958,1.119796,-0.329869,-0.114682,-0.043667,0.649256,0.309556,-0.621184,0.756457,-0.109758,-1.616100,-0.208102,0.907786,-2.268612,-0.810931,2.914982,0.361218,-0.380736,0.126660,0.221702,0.025458,-0.198827,0.349237,-0.138390
4.545027,-0.992934,0.318330,1.190936,0.934323,-1.107308,1.118115,-0.329261,-0.174190,-0.018184,0.589362,0.304958,-0.618803,0.751323,-0.109791,-1.616479,-0.207977,0.908012,-2.268585,-0.811126,2.915333,0.361072,-0.379418,0.126521,0.223795,0.026132,-0.196984,0.349427,-0.139988
4.546093,-0.993067,0.317501,1.184809,0.932043,-1.106519,1.114751,-0.329468,-0.234850,0.007648,0.528323,0.301146,-0.616604,0.746239,-0.109876,-1.616867,-0.207847,0.908241,-2.268559,-0.811326,2.915683,0.360925,-0.381483,0.127728,0.224486,0.025704,-0.197792,0.351132,-0.141144
4.547080,-0.989949,0.313252,1.183237,0.931599,-1.106106,1.115222,-0.328569,-0.293653,0.031699,0.469098,0.297973,-0.614719,0.741394,-0.109987,-1.617247,-0.207715,0.908473,-2.268526,-0.811526,2.916044,0.360781,-0.381717,0.128235,0.227601,0.027976,-0.198852,0.354586,-0.140704
4.548095,-0.985430,0.313964,1.184836,0.932367,-1.106613,1.115383,-0.327744,-0.348706,0.052559,0.413588,0.294710,-0.613206,0.736839,-0.110100,-1.617633,-0.207582,0.908706,-2.268498,-0.811727,2.916402,0.360634,-0.383178,0.130336,0.228181,0.028406,-0.199344,0.354001,-0.142463
4.549000,-0.985063,0.318686,1.176964,0.933154,-1.105074,1.115510,-0.327807,-0.395991,0.067893,0.365801,0.291997,-0.612048,0.732951,-0.110226,-1.618017,-0.207453,0.908931,-2.268472,-0.811925,2.916752,0.360490,-0.385475,0.130014,0.227356,0.027707,-0.199003,0.353879,-0.144075
4.550099,-0.983438,0.319457,1.176186,0.933381,-1.104704,1.116856,-0.327123,-0.433839,0.077803,0.327411,0.290899,-0.611100,0.729966,-0.110361,-1.618402,-0.207331,0.909169,-2.268445,-0.812130,2.917108,0.360345,-0.385158,0.127597,0.230876,0.026915,-0.200431,0.353512,-0.143836
4.551105,-0.994749,0.322385,1.175295,0.933899,-1.104930,1.119774,-0.327605,-0.466120,0.085659,0.294510,0.291314,-0.610141,0.727561,-0.110481,-1.618790,-0.207206,0.909403,-2.268419,-0.812333,2.917459,0.360196,-0.386349,0.127462,0.231331,0.026824,-0.201095,0.352365,-0.145206
4.551991,-0.989319,0.325650,1.167228,0.932750,-1.105324,1.119113,-0.326699,-0.496939,0.093996,0.262920,0.292760,-0.609033,0.725368,-0.110570,-1.619158,-0.207081,0.909632,-2.268393,-0.812531,2.917803,0.360055,-0.380822,0.126082,0.231691,0.026385,-0.201018,0.349479,-0.144192
4.553012,-0.992468,0.321403,1.162818,0.932801,-1.106375,1.117371,-0.327322,-0.530699,0.105526,0.228375,0.293940,-0.607744,0.722937,-0.110630,-1.619547,-0.206962,0.909873,-2.268363,-0.812732,2.918157,0.359904,-0.382997,0.124414,0.235200,0.027454,-0.200490,0.349913,-0.145897
4.553958,-0.992264,0.325901,1.165250,0.933039,-1.107020,1.120454,-0.326516,-0.569393,0.120853,0.188996,0.293890,-0.606352,0.720004,-0.110677,-1.619928,-0.206831,0.910112,-2.268335,-0.812930,2.918507,0.359763,-0.381482,0.126605,0.237226,0.027441,-0.199622,0.351714,-0.144600
4.555020,-0.993286,0.325903,1.162187,0.932769,-1.104726,1.119156,-0.326928,-0.610537,0.137644,0.147231,0.293043,-0.604999,0.716788,-0.110729,-1.620306,-0.206709,0.910347,-2.268309,-0.813129,2.918852,0.359610,-0.381384,0.124351,0.235650,0.027230,-0.198997,0.348496,-0.146133
4.556056,-0.992847,0.322953,1.163077,0.932795,-1.106370,1.121286,-0.326334,-0.650627,0.154523,0.106734,0.291660,-0.603826,0.713628,-0.110796,-1.620690,-0.206585,0.910589,-2.268281,-0.813333,2.919200,0.359463,-0.381131,0.124560,0.237121,0.027583,-0.201538,0.349990,-0.145264
4.557046,-0.991433,0.320642,1.166452,0.932822,-1.105155,1.121907,-0.326203,-0.686818,0.169712,0.070374,0.290170,-0.602908,0.710799,-0.110888,-1.621068,-0.206456,0.910823,-2.268254,-0.813533,2.919542,0.359315,-0.381559,0.126131,0.236591,0.027611,-0.200055,0.347946,-0.146431
4.558124,-0.991548,0.322640,1.169318,0.933039,-1.104681,1.126636,-0.325575,-0.714817,0.179460,0.042260,0.289824,-0.602311,0.708714,-0.111013,-1.621454,-0.206330,0.911057,-2.268225,-0.813735,2.919891,0.359168,-0.382170,0.127332,0.234694,0.027589,-0.201380,0.347322,-0.146623
4.559037,-0.986738,0.321507,1.172745,0.932689,-1.104437,1.126634,-0.324720,-0.730457,0.181504,0.026531,0.291305,-0.602100,0.707736,-0.111165,-1.621839,-0.206204,0.911287,-2.268199,-0.813937,2.920221,0.359018,-0.382419,0.126508,0.233365,0.027505,-0.202113,0.342842,-0.147862
4.559995,-0.983334,0.324506,1.166679,0.932856,-1.101083,1.126551,-0.325720,-0.731792,0.175986,0.025274,0.294272,-0.602295,0.707977,-0.111320,-1.622225,-0.206076,0.911514,-2.268170,-0.814139,2.920563,0.358866,-0.384380,0.126983,0.231336,0.027777,-0.202271,0.342753,-0.149455
4.560956,-0.982860,0.326814,1.169594,0.932778,-1.101073,1.126316,-0.325501,-0.719915,0.164409,0.037475,0.298070,-0.602816,0.709287,-0.111443,-1.622617,-0.205953,0.911756,-2.268142,-0.814352,2.920908,0.358721,-0.385758,0.125504,0.234049,0.027624,-0.205560,0.342785,-0.147345
4.562073,-0.988595,0.327119,1.174427,0.931761,-1.102109,1.126471,-0.326681,-0.699491,0.150027,0.058434,0.301878,-0.603459,0.711252,-0.111498,-1.622999,-0.205831,0.911983,-2.268113,-0.814554,2.921249,0.358577,-0.385803,0.124407,0.232371,0.027676,-0.205559,0.342997,-0.147747
4.563052,-0.986251,0.329284,1.173668,0.933173,-1.102895,1.127021,-0.326119,-0.674111,0.135597,0.084617,0.304407,-0.604152,0.713523,-0.111475,-1.623380,-0.205707,0.912209,-2.268082,-0.814759,2.921592,0.358437,-0.383446,0.124534,0.230190,0.028726,-0.204838,0.343125,-0.145395
4.563995,-0.985170,0.328910,1.175275,0.932968,-1.105000,1.126049,-0.328107,-0.614584,0.109111,0.146515,0.305173,-0.605735,0.718650,-0.111281,-1.624148,-0.205459,0.912663,-2.268030,-0.815162,2.922274,0.358153,-0.384753,0.123705,0.229404,0.027595,-0.201979,0.343502,-0.142412
4.564999,-0.985093,0.330297,1.179393,0.932906,-1.103967,1.129303,-0.328239,-0.614584,0.109111,0.146515,0.305173,-0.605735,0.718650,-0.111281,-1.624148,-0.205459,0.912663,-2.268030,-0.815162,2.922274,0.358153,-0.384753,0.123705,0.229404,0.027595,-0.201979,0.343502,-0.142412
4.566055,-0.984127,0.325330,1.185679,0.932065,-1.104277,1.129080,-0.328732,-0.580622,0.096034,0.181950,0.305089,-0.606709,0.721686,-0.111162,-1.624531,-0.205339,0.912885,-2.268002,-0.815368,2.922610,0.358014,-0.384793,0.123141,0.227328,0.027692,-0.203116,0.340303,-0.142165
4.567123,-0.980729,0.322639,1.185040,0.932865,-1.102215,1.129749,-0.329011,-0.541127,0.080949,0.223132,0.305237,-0.608004,0.725276,-0.111052,-1.624913,-0.205208,0.913100,-2.267971,-0.815574,2.922948,0.357879,-0.385529,0.125754,0.224390,0.028532,-0.202980,0.340755,-0.141192
4.568052,-0.982817,0.325798,1.187515,0.933137,-1.102880,1.128773,-0.328553,-0.493576,0.060763,0.272333,0.306856,-0.609654,0.729661,-0.110961,-1.625304,-0.205075,0.913326,-2.267944,-0.815781,2.923287,0.357740,-0.387433,0.127171,0.224864,0.027823,-0.205263,0.340286,-0.140653
4.569060,-0.982289,0.325190,1.190620,0.934080,-1.103287,1.128269,-0.330565,-0.439912,0.035575,0.327349,0.310800,-0.611484,0.734732,-0.110901,-1.625692,-0.204954,0.913547,-2.267916,-0.815984,2.923628,0.357595,-0.385946,0.125582,0.223411,0.027529,-0.204506,0.341184,-0.141498
4.570087,-0.984608,0.327522,1.196571,0.931949,-1.103542,1.127462,-0.331196,-0.384436,0.008609,0.383925,0.316508,-0.613314,0.740135,-0.110864,-1.626074,-0.204829,0.913762,-2.267891,-0.816183,2.923973,0.357466,-0.386256,0.125990,0.221948,0.026689,-0.204254,0.341734,-0.137445
4.571138,-0.983926,0.328750,1.199658,0.933187,-1.104666,1.128842,-0.330792,-0.328957,-0.017821,0.440544,0.322338,-0.615147,0.745609,-0.110812,-1.626461,-0.204706,0.913975,-2.267858,-0.816388,2.924320,0.357333,-0.385149,0.124959,0.219116,0.028760,-0.204138,0.342617,-0.136226
4.572008,-0.982104,0.324801,1.203995,0.933787,-1.104291,1.130790,-0.330657,-0.273847,-0.042275,0.497162,0.326526,-0.617055,0.750972,-0.110729,-1.626849,-0.204579,0.914186,-2.267831,-0.816587,2.924656,0.357195,-0.385648,0.124486,0.217833,0.027588,-0.203241,0.341412,-0.137061
4.572971,-0.984080,0.321887,1.204337,0.935306,-1.102757,1.128759,-0.332917,-0.218239,-0.065860,0.554495,0.330025,-0.618966,0.756405,-0.110624,-1.627236,-0.204449,0.914396,-2.267809,-0.816790,2.924995,0.357060,-0.385898,0.126295,0.215441,0.027061,-0.203446,0.339244,-0.137251
4.574087,-0.991481,0.323115,1.207767,0.934111,-1.103553,1.126761,-0.332424,-0.161681,-0.091472,0.612436,0.335595,-0.620670,0.762186,-0.110500,-1.627620,-0.204320,0.914609,-2.267788,-0.817000,2.925335,0.356936,-0.384693,0.127713,0.215282,0.025695,-0.204944,0.341302,-0.132698
4.575069,-0.990290,0.328703,1.203734,0.934914,-1.105533,1.126599,-0.333353,-0.108174,-0.118379,0.666759,0.343449,-0.622003,0.767934,-0.110369,-1.627994,-0.204193,0.914819,-2.267760,-0.817206,2.925680,0.356803,-0.381588,0.127320,0.213987,0.027033,-0.204435,0.343580,-0.133802
4.576041,-0.987346,0.324702,1.205288,0.934366,-1.102992,1.127258,-0.333102,-0.063826,-0.141872,0.711707,0.351037,-0.622957,0.772862,-0.110268,-1.628380,-0.204075,0.915039,-2.267734,-0.817406,2.926028,0.356675,-0.382080,0.124644,0.215999,0.026281,-0.202524,0.343695,-0.131926
4.577122,-0.987846,0.325784,1.207111,0.935645,-1.102713,1.126461,-0.333355,-0.030077,-0.159905,0.746081,0.357202,-0.623611,0.776760,-0.110220,-1.628771,-0.203947,0.915253,-2.267706,-0.817615,2.926366,0.356541,-0.383318,0.126680,0.215189,0.026848,-0.205080,0.343042,-0.132435
4.578110,-0.988275,0.325797,1.214947,0.932917,-1.102042,1.126317,-0.334254,-0.003035,-0.175253,0.773584,0.363218,-0.624064,0.780077,-0.110245,-1.629152,-0.203821,0.915468,-2.267681,-0.817820,2.926713,0.356408,-0.383434,0.126315,0.214569,0.025694,-0.205586,0.344048,-0.131961
4.579015,-0.987122,0.323793,1.221045,0.935215,-1.099442,1.127610,-0.333774,0.021589,-0.189850,0.798540,0.368899,-0.624533,0.783126,-0.110360,-1.629536,-0.203698,0.915668,-2.267649,-0.818028,2.927057,0.356277,-0.383120,0.126390,0.210823,0.028384,-0.206277,0.344197,-0.130153
4.580017,-0.981095,0.323238,1.220203,0.934599,-1.097663,1.129380,-0.333208,0.048038,-0.204869,0.825422,0.373449,-0.625243,0.786164,-0.110573,-1.629914,-0.203567,0.915866,-2.267629,-0.818237,2.927394,0.356146,-0.383304,0.127261,0.207801,0.026197,-0.208721,0.342767,-0.131099
4.581086,-0.978126,0.322303,1.223342,0.934033,-1.095781,1.129262,-0.333062,0.079699,-0.222682,0.857465,0.378465,-0.626184,0.789625,-0.110880,-1.630306,-0.203438,0.916075,-2.267601,-0.818452,2.927729,0.356010,-0.386231,0.127559,0.208411,0.026851,-0.210479,0.341089,-0.132220
4.582138,-0.980284,0.322473,1.223864,0.934573,-1.094469,1.125818,-0.333567,0.117245,-0.244241,0.895198,0.384780,-0.627291,0.793684,-0.111264,-1.630698,-0.203309,0.916280,-2.267572,-0.818668,2.928068,0.355876,-0.387891,0.128175,0.207186,0.027465,-0.212468,0.341441,-0.132540
4.583024,-0.982199,0.323183,1.223724,0.933820,-1.093416,1.125891,-0.333797,0.158458,-0.268358,0.936401,0.391529,-0.628502,0.798100,-0.111692,-1.631077,-0.203181,0.916485,-2.267544,-0.818883,2.928420,0.355746,-0.387050,0.128210,0.207260,0.026987,-0.213865,0.345016,-0.131556
4.584016,-0.979062,0.324930,1.221680,0.935660,-1.090457,1.124593,-0.334734,0.197865,-0.292130,0.975554,0.397770,-0.629632,0.802357,-0.112135,-1.631458,-0.203056,0.916694,-2.267516,-0.819101,2.928766,0.355615,-0.385568,0.127741,0.207171,0.027691,-0.214604,0.344688,-0.131048
4.585124,-0.984155,0.328051,1.224574,0.936368,-1.090772,1.125976,-0.332665,0.230858,-0.312938,1.008030,0.403172,-0.630500,0.806074,-0.112565,-1.631843,-0.202932,0.916903,-2.267496,-0.819322,2.929114,0.355490,-0.387088,0.126947,0.208317,0.026034,-0.217483,0.346001,-0.129188
4.586013,-0.983206,0.327604,1.222322,0.933795,-1.088655,1.126686,-0.332753,0.255936,-0.329706,1.032311,0.408480,-0.630967,0.809172,-0.112973,-1.632225,-0.202809,0.917109,-2.267472,-0.819539,2.929456,0.355350,-0.384982,0.125645,0.207310,0.025547,-0.217324,0.344868,-0.133416
4.587030,-0.988665,0.328662,1.225447,0.934929,-1.087862,1.129260,-0.332954,0.272344,-0.341310,1.047826,0.412897,-0.631093,0.811468,-0.113344,-1.632612,-0.202685,0.917319,-2.267441,-0.819767,2.929794,0.355216,-0.384901,0.125807,0.208287,0.028019,-0.219063,0.344004,-0.133134
4.588028,-0.991258,0.330172,1.225004,0.936799,-1.088168,1.129956,-0.332611,0.279913,-0.347251,1.054602,0.414978,-0.631048,0.812805,-0.113644,-1.632988,-0.202559,0.917521,-2.267417,-0.819989,2.930131,0.355083,-0.382294,0.125359,0.206963,0.026989,-0.219785,0.341526,-0.132742
4.589059,-0.987687,0.329349,1.225806,0.935033,-1.088821,1.127727,-0.330727,0.279116,-0.348406,1.052929,0.415934,-0.630796,0.813365,-0.113873,-1.633367,-0.202436,0.917728,-2.267395,-0.820209,2.930472,0.354949,-0.381026,0.124700,0.207362,0.025284,-0.219385,0.340902,-0.133434
4.590078,-0.988904,0.331994,1.224411,0.937737,-1.086613,1.127237,-0.331774,0.272003,-0.346351,1.044749,0.416944,-0.630353,0.813480,-0.114065,-1.633759,-0.202310,0.917933,-2.267366,-0.820426,2.930815,0.354804,-0.382852,0.125236,0.207223,0.027101,-0.218752,0.343270,-0.137198
4.591127,-0.991937,0.326130,1.225640,0.937165,-1.087293,1.125636,-0.331761,0.261562,-0.342615,1.033131,0.417965,-0.629854,0.813455,-0.114222,-1.634139,-0.202186,0.918142,-2.267348,-0.820652,2.931166,0.354671,-0.382321,0.124025,0.208111,0.024640,-0.220891,0.343776,-0.135058
4.591988,-0.984620,0.325715,1.228730,0.935268,-1.084552,1.124937,-0.331305,0.248930,-0.338808,1.018960,0.420115,-0.629264,0.813517,-0.114318,-1.634520,-0.202054,0.918351,-2.267321,-0.820876,2.931508,0.354537,-0.381022,0.127068,0.207755,0.025321,-0.220171,0.345544,-0.135127
4.593042,-0.981991,0.327801,1.228467,0.935731,-1.082890,1.123805,-0.331814,0.237235,-0.337441,1.005312,0.423438,-0.628716,0.813873,-0.114363,-1.634907,-0.201927,0.918552,-2.267290,-0.821104,2.931858,0.354401,-0.384023,0.127080,0.206061,0.027072,-0.222485,0.345938,-0.135963
4.594021,-0.983026,0.325444,1.230961,0.936470,-1.079947,1.126006,-0.330963,0.231329,-0.339680,0.997478,0.426386,-0.628497,0.814706,-0.114367,-1.635297,-0.201803,0.918761,-2.267264,-0.821332,2.932211,0.354265,-0.385468,0.126198,0.206493,0.026704,-0.224098,0.347175,-0.134944
4.594986,-0.981995,0.326218,1.227441,0.937348,-1.079256,1.124796,-0.329905,0.232042,-0.345084,0.996371,0.429144,-0.628582,0.816063,-0.114331,-1.635683,-0.201672,0.918964,-2.267238,-0.821566,2.932547,0.354124,-0.384774,0.127369,0.205383,0.026019,-0.226797,0.344981,-0.136631
4.596020,-0.979776,0.326464,1.230204,0.936974,-1.079426,1.121643,-0.330153,0.236703,-0.353140,0.999006,0.433188,-0.628697,0.817833,-0.114267,-1.636065,-0.201545,0.919175,-2.267214,-0.821790,2.932895,0.353982,-0.385138,0.126964,0.207200,0.025236,-0.227269,0.346164,-0.138695
4.597075,-0.981500,0.327453,1.228815,0.937277,-1.080277,1.121383,-0.330229,0.242840,-0.362645,1.002883,0.438532,-0.628688,0.819763,-0.114187,-1.636455,-0.201418,0.919377,-2.267188,-0.822019,2.933255,0.353844,-0.386298,0.126950,0.206094,0.025726,-0.227000,0.349349,-0.138172
4.597988,-0.980906,0.330787,1.225732,0.937616,-1.080286,1.120355,-0.329805,0.249274,-0.372096,1.007074,0.443891,-0.628592,0.821591,-0.114091,-1.636834,-0.201291,0.919583,-2.267161,-0.822245,2.933603,0.353705,-0.385701,0.126595,0.207133,0.025501,-0.226117,0.349713,-0.138028
4.598960,-0.979473,0.330200,1.223621,0.938803,-1.083025,1.120135,-0.329481,0.253112,-0.379218,1.008811,0.448305,-0.628380,0.823011,-0.113984,-1.637221,-0.201167,0.919794,-2.267137,-0.822472,2.933955,0.353563,-0.385537,0.124875,0.208559,0.025223,-0.225782,0.350553,-0.138803
4.600031,-0.985693,0.331108,1.228075,0.937569,-1.084869,1.119214,-0.330489,0.251506,-0.382299,1.005190,0.451824,-0.627960,0.823829,-0.113888,-1.637607,-0.201042,0.920009,-2.267115,-0.822692,2.934307,0.353422,-0.386066,0.125211,0.209603,0.024182,-0.222889,0.350697,-0.139403
4.601025,-0.984945,0.327844,1.225807,0.936271,-1.085181,1.120214,-0.330921,0.244568,-0.381546,0.996338,0.454454,-0.627385,0.824045,-0.113829,-1.637980,-0.200915,0.920213,-2.267086,-0.822908,2.934662,0.353288,-0.383351,0.124920,0.207733,0.025494,-0.221167,0.351748,-0.137395
4.602020,-0.980904,0.322816,1.224727,0.936965,-1.086004,1.117504,-0.330633,0.233259,-0.377618,0.983430,0.455102,-0.626836,0.823638,-0.113822,-1.638365,-0.200786,0.920425,-2.267058,-0.823130,2.935013,0.353152,-0.383689,0.126600,0.208987,0.026817,-0.220759,0.350709,-0.136528
4.603100,-0.982179,0.325712,1.222684,0.938983,-1.085003,1.116224,-0.330894,0.219834,-0.373223,0.968668,0.454209,-0.626417,0.822841,-0.113881,-1.638758,-0.200651,0.920633,-2.267035,-0.823347,2.935367,0.353015,-0.385553,0.129067,0.209654,0.026247,-0.219871,0.353425,-0.137103
4.604001,-0.987057,0.324176,1.221052,0.937199,-1.086055,1.116021,-0.331462,0.206178,-0.371061,0.953562,0.454186,-0.626022,0.822004,-0.114012,-1.639139,-0.200522,0.920845,-2.267017,-0.823569,2.935724,0.352878,-0.385268,0.127731,0.210993,0.024525,-0.220969,0.354820,-0.136595
4.604979,-0.986016,0.322014,1.221532,0.939130,-1.087234,1.116007,-0.331466,0.189701,-0.369415,0.935395,0.455442,-0.625481,0.820939,-0.114189,-1.639518,-0.200392,0.921059,-2.266987,-0.823785,2.936080,0.352744,-0.382378,0.128391,0.211624,0.026266,-0.219647,0.354765,-0.135396
4.606074,-0.981229,0.325537,1.216004,0.938750,-1.086821,1.114954,-0.331767,0.168195,-0.366625,0.912012,0.457160,-0.624738,0.819417,-0.114404,-1.639900,-0.200261,0.921268,-2.266966,-0.823999,2.936435,0.352610,-0.382825,0.129447,0.211450,0.024482,-0.218398,0.354700,-0.135384
4.607013,-0.984036,0.326522,1.213181,0.939496,-1.085937,1.116337,-0.331472,0.143410,-0.363381,0.885241,0.459657,-0.623819,0.817633,-0.114664,-1.640294,-0.200136,0.921491,-2.266941,-0.824219,2.936794,0.352475,-0.385516,0.127885,0.214469,0.025025,-0.218958,0.355912,-0.134821
4.607994,-0.988684,0.327842,1.211544,0.939848,-1.084900,1.116347,-0.332539,0.115411,-0.358578,0.855310,0.462629,-0.622708,0.815595,-0.114953,-1.640680,-0.200010,0.921713,-2.266917,-0.824440,2.937143,0.352339,-0.383730,0.127373,0.215688,0.024347,-0.219622,0.354381,-0.135376
4.609012,-0.983929,0.327925,1.208945,0.939847,-1.087792,1.116570,-0.331248,0.041009,-0.337430,0.777360,0.467626,-0.619566,0.809848,-0.115517,-1.641446,-0.199757,0.922149,-2.266868,-0.824870,2.937851,0.352072,-0.383780,0.126796,0.217863,0.024231,-0.217677,0.354120,-0.135843
4.610067,-0.985553,0.327214,1.201263,0.938438,-1.089558,1.116450,-0.333842,0.041009,-0.337430,0.777360,0.467626,-0.619566,0.809848,-0.115517,-1.641446,-0.199757,0.922149,-2.266868,-0.824870,2.937851,0.352072,-0.383780,0.126796,0.217863,0.024231,-0.217677,0.354120,-0.135843
4.611057,-0.990101,0.324997,1.204687,0.939524,-1.090172,1.117963,-0.334266,-0.003581,-0.321866,0.731309,0.468569,-0.617689,0.806150,-0.115768,-1.641826,-0.199631,0.922377,-2.266841,-0.825084,2.938203,0.351952,-0.383209,0.127300,0.221779,0.025750,-0.216030,0.354349,-0.130658
4.612006,-0.989347,0.327482,1.197631,0.939147,-1.091201,1.116107,-0.334365,-0.051851,-0.304230,0.681740,0.467877,-0.615760,0.801953,-0.115963,-1.642203,-0.199499,0.922596,-2.266819,-0.825298,2.938558,0.351823,-0.380918,0.128401,0.220010,0.024799,-0.215380,0.352769,-0.129864
4.613009,-0.982731,0.325968,1.191925,0.939727,-1.091596,1.117638,-0.333639,-0.103370,-0.285004,0.629018,0.465999,-0.613792,0.797345,-0.116098,-1.642588,-0.199376,0.922826,-2.266793,-0.825511,2.938909,0.351693,-0.381046,0.127146,0.223329,0.025231,-0.214236,0.354541,-0.129657
4.613961,-0.979843,0.325048,1.186816,0.939646,-1.092706,1.118574,-0.335088,-0.156999,-0.264421,0.574301,0.463341,-0.611795,0.792445,-0.116191,-1.642974,-0.199246,0.923055,-2.266770,-0.825722,2.939260,0.351559,-0.384346,0.127955,0.226091,0.024794,-0.213866,0.352983,-0.131127
4.615070,-0.982753,0.323867,1.193080,0.938747,-1.091461,1.121116,-0.335441,-0.209908,-0.244198,0.520256,0.460814,-0.609817,0.787552,-0.116250,-1.643360,-0.199118,0.923290,-2.266744,-0.825932,2.939612,0.351436,-0.385484,0.128379,0.228339,0.024906,-0.212669,0.351941,-0.128199
4.616045,-0.979129,0.324035,1.188150,0.939060,-1.092728,1.121264,-0.335281,-0.258224,-0.226331,0.470719,0.458707,-0.607993,0.782990,-0.116267,-1.643739,-0.198987,0.923507,-2.266715,-0.826146,2.939951,0.351312,-0.384543,0.129144,0.225477,0.025888,-0.214156,0.349680,-0.127608
4.616981,-0.977470,0.321361,1.181514,0.939262,-1.094926,1.121954,-0.336574,-0.333733,-0.199501,0.393264,0.454025,-0.605173,0.775242,-0.116190,-1.644515,-0.198724,0.923979,-2.266664,-0.826565,2.940646,0.351061,-0.386621,0.130260,0.230712,0.025489,-0.210519,0.348705,-0.125337
4.618035,-0.981931,0.325399,1.190613,0.938113,-1.095100,1.123129,-0.336514,-0.333733,-0.199501,0.393264,0.454025,-0.605173,0.775242,-0.116190,-1.644515,-0.198724,0.923979,-2.266664,-0.826565,2.940646,0.351061,-0.386621,0.130260,0.230712,0.025489,-0.210519,0.348705,-0.125337
4.619097,-0.984894,0.330903,1.186307,0.941953,-1.095493,1.121726,-0.338054,-0.363300,-0.189173,0.362993,0.451148,-0.604085,0.771861,-0.116089,-1.644891,-0.198598,0.924197,-2.266635,-0.826773,2.940996,0.350938,-0.384676,0.128357,0.226260,0.026679,-0.210523,0.347643,-0.125554
4.620041,-0.986470,0.330868,1.179586,0.940919,-1.098026,1.119952,-0.337689,-0.389070,-0.177907,0.337018,0.446935,-0.603160,0.768653,-0.115925,-1.645276,-0.198479,0.924431,-2.266619,-0.826984,2.941350,0.350823,-0.383450,0.125848,0.228484,0.023147,-0.210279,0.349181,-0.122548
4.620998,-0.987219,0.333352,1.177203,0.942440,-1.099014,1.121141,-0.339530,-0.415931,-0.162767,0.310392,0.442026,-0.602132,0.765310,-0.115707,-1.645658,-0.198355,0.924666,-2.266592,-0.827185,2.941703,0.350697,-0.382398,0.125892,0.231526,0.024227,-0.207716,0.350824,-0.123314
4.622014,-0.993895,0.332884,1.176486,0.940965,-1.102554,1.123512,-0.339127,-0.447956,-0.142648,0.278849,0.436751,-0.600852,0.761532,-0.115455,-1.646038,-0.198230,0.924903,-2.266572,-0.827387,2.942052,0.350586,-0.381841,0.124655,0.232394,0.022875,-0.206759,0.349517,-0.119652
4.623038,-0.994814,0.332059,1.179573,0.940896,-1.105719,1.122586,-0.340500,-0.484981,-0.118082,0.242530,0.430700,-0.599416,0.757284,-0.115175,-1.646411,-0.198106,0.925137,-2.266544,-0.827585,2.942392,0.350464,-0.378654,0.125012,0.232614,0.024422,-0.203366,0.347235,-0.120557
4.623983,-0.997573,0.333544,1.181503,0.940583,-1.105548,1.119025,-0.340926,-0.524282,-0.090746,0.204263,0.423133,-0.598068,0.752681,-0.114876,-1.646788,-0.197980,0.925363,-2.266521,-0.827776,2.942743,0.350354,-0.378381,0.125528,0.231048,0.024628,-0.200468,0.348240,-0.117884
4.624977,-0.993796,0.330458,1.180140,0.939853,-1.106573,1.121182,-0.341655,-0.561609,-0.062844,0.168552,0.413532,-0.597083,0.747937,-0.114573,-1.647164,-0.197855,0.925592,-2.266495,-0.827976,2.943102,0.350237,-0.376794,0.124771,0.229849,0.024986,-0.200678,0.351658,-0.117083
4.625963,-0.990825,0.329790,1.182855,0.941016,-1.109262,1.123343,-0.341114,-0.593417,-0.036447,0.139057,0.402283,-0.596592,0.743331,-0.114290,-1.647549,-0.197725,0.925824,-2.266467,-0.828178,2.943445,0.350122,-0.378653,0.126345,0.230387,0.025753,-0.199733,0.349473,-0.115688
4.627124,-0.993096,0.331353,1.185785,0.939300,-1.110892,1.123959,-0.341601,-0.615576,-0.014854,0.119657,0.391067,-0.596606,0.739410,-0.114059,-1.647928,-0.197599,0.926048,-2.266446,-0.828368,2.943790,0.350004,-0.380096,0.126708,0.228936,0.024737,-0.197228,0.347316,-0.116849
4.628004,-0.989819,0.330543,1.184816,0.939569,-1.112726,1.124017,-0.340657,-0.625069,0.000076,0.113184,0.380824,-0.597119,0.736590,-0.113890,-1.648305,-0.197475,0.926273,-2.266416,-0.828561,2.944141,0.349889,-0.379728,0.126263,0.227837,0.026585,-0.196141,0.347053,-0.116014
4.628996,-0.986232,0.332526,1.185176,0.939946,-1.114671,1.126863,-0.341352,-0.622992,0.009631,0.118646,0.370600,-0.598095,0.734754,-0.113762,-1.648685,-0.197346,0.926500,-2.266393,-0.828748,2.944486,0.349769,-0.380847,0.126519,0.227947,0.026347,-0.194303,0.346773,-0.117916
4.630068,-0.991543,0.330481,1.190844,0.939928,-1.116264,1.125309,-0.342264,-0.611137,0.014853,0.134219,0.360466,-0.599386,0.733800,-0.113638,-1.649071,-0.197222,0.926727,-2.266367,-0.828939,2.944823,0.349653,-0.382547,0.125593,0.227658,0.026049,-0.192554,0.343964,-0.116562
4.631000,-0.994941,0.331125,1.189750,0.943034,-1.116798,1.123240,-0.342393,-0.590668,0.016026,0.158545,0.351223,-0.600822,0.733698,-0.113476,-1.649450,-0.197095,0.926947,-2.266342,-0.829129,2.945167,0.349544,-0.380211,0.126803,0.224996,0.026207,-0.191343,0.345755,-0.114866
4.632055,-0.998740,0.334248,1.195501,0.942114,-1.120589,1.123411,-0.342751,-0.565093,0.013934,0.187776,0.343915,-0.602142,0.734170,-0.113276,-1.649822,-0.196968,0.927170,-2.266325,-0.829316,2.945518,0.349432,-0.378317,0.126403,0.225365,0.023316,-0.190919,0.347679,-0.114669
4.633010,-0.996960,0.333811,1.196449,0.941595,-1.122623,1.124102,-0.341220,-0.538960,0.010624,0.217212,0.339041,-0.603128,0.734828,-0.113071,-1.650201,-0.196846,0.927387,-2.266298,-0.829498,2.945868,0.349318,-0.376703,0.125035,0.222643,0.024367,-0.187517,0.347604,-0.114059
4.634018,-0.998854,0.334791,1.196939,0.943461,-1.125112,1.126546,-0.341659,-0.487292,0.005918,0.275699,0.330394,-0.604761,0.736033,-0.112743,-1.650958,-0.196595,0.927828,-2.266254,-0.829858,2.946549,0.349085,-0.376557,0.124857,0.221859,0.023294,-0.183581,0.344486,-0.116354
4.635042,-1.000664,0.333518,1.206203,0.943169,-1.126625,1.128176,-0.340464,-0.487292,0.005918,0.275699,0.330394,-0.604761,0.736033,-0.112743,-1.650958,-0.196595,0.927828,-2.266254,-0.829858,2.946549,0.349085,-0.376557,0.124857,0.221859,0.023294,-0.183581,0.344486,-0.116354
4.635983,-0.996299,0.331900,1.208837,0.942997,-1.130597,1.129620,-0.341890,-0.459705,0.002928,0.306625,0.327181,-0.605605,0.736851,-0.112643,-1.651334,-0.196469,0.928038,-2.266229,-0.830038,2.946889,0.348959,-0.375820,0.125616,0.217368,0.023721,-0.182449,0.342976,-0.118818
4.636975,-0.991982,0.332047,1.210170,0.942660,-1.131899,1.128005,-0.340577,-0.384872,-0.013868,0.388015,0.324326,-0.608177,0.740489,-0.112509,-1.652101,-0.196213,0.928466,-2.266177,-0.830384,2.947582,0.348729,-0.379831,0.126313,0.215397,0.024337,-0.177819,0.343082,-0.118702
4.638021,-0.993591,0.329925,1.216120,0.942400,-1.133058,1.126657,-0.340962,-0.384872,-0.013868,0.388015,0.324326,-0.608177,0.740489,-0.112509,-1.652101,-0.196213,0.928466,-2.266177,-0.830384,2.947582,0.348729,-0.379831,0.126313,0.215397,0.024337,-0.177819,0.343082,-0.118702
4.639014,-0.994932,0.331635,1.222119,0.942861,-1.134171,1.126110,-0.340686,-0.335178,-0.028788,0.441108,0.323521,-0.610129,0.743432,-0.112464,-1.652481,-0.196083,0.928675,-2.266152,-0.830560,2.947923,0.348611,-0.379226,0.127482,0.212658,0.024718,-0.177124,0.344580,-0.117985
4.640013,-0.981977,0.326552,1.219442,0.941558,-1.135076,1.125255,-0.341530,-0.279234,-0.046883,0.500554,0.322464,-0.612463,0.746870,-0.112426,-1.652854,-0.195958,0.928878,-2.266128,-0.830737,2.948273,0.348492,-0.378623,0.126673,0.209854,0.024377,-0.176350,0.345104,-0.118599
4.641041,-0.988996,0.326974,1.220227,0.942705,-1.135939,1.126358,-0.341993,-0.217268,-0.068199,0.566157,0.321242,-0.615123,0.750804,-0.112372,-1.653252,-0.195827,0.929092,-2.266101,-0.830912,2.948623,0.348379,-0.384966,0.129250,0.211313,0.025735,-0.175821,0.345965,-0.116973
4.642051,-0.992444,0.332137,1.226927,0.944088,-1.134997,1.126207,-0.342757,-0.085705,-0.118591,0.704296,0.320952,-0.620669,0.759672,-0.112180,-1.654002,-0.195578,0.929498,-2.266058,-0.831263,2.949311,0.348157,-0.379977,0.126636,0.208042,0.023576,-0.176737,0.345160,-0.114715
4.643002,-0.992109,0.330411,1.227030,0.943648,-1.136108,1.128740,-0.343874,-0.085705,-0.118591,0.704296,0.320952,-0.620669,0.759672,-0.112180,-1.654002,-0.195578,0.929498,-2.266058,-0.831263,2.949311,0.348157,-0.379977,0.126636,0.208042,0.023576,-0.176737,0.345160,-0.114715
4.644046,-0.985816,0.332550,1.223757,0.945073,-1.135996,1.127749,-0.343064,-0.026436,-0.140988,0.766274,0.322093,-0.623094,0.763810,-0.112042,-1.654382,-0.195448,0.929708,-2.266033,-0.831438,2.949651,0.348048,-0.379950,0.127473,0.208021,0.024095,-0.175866,0.342556,-0.112544
4.645041,-0.991841,0.331811,1.228625,0.944563,-1.134621,1.126024,-0.343390,0.027034,-0.160267,0.822190,0.324134,-0.625252,0.767680,-0.111889,-1.654766,-0.195322,0.929922,-2.266014,-0.831613,2.949998,0.347930,-0.383297,0.126525,0.209865,0.022932,-0.176463,0.343695,-0.114288
4.646083,-1.000862,0.328870,1.233873,0.943018,-1.134931,1.124185,-0.342691,0.074573,-0.176728,0.871865,0.327225,-0.627159,0.771293,-0.111745,-1.655144,-0.195195,0.930125,-2.265990,-0.831795,2.950349,0.347817,-0.380232,0.126949,0.207580,0.023565,-0.178139,0.345412,-0.113692
4.647116,-0.999834,0.327916,1.236176,0.943171,-1.135845,1.123549,-0.343678,0.114591,-0.189608,0.913768,0.329907,-0.628902,0.774343,-0.111629,-1.655508,-0.195064,0.930325,-2.265962,-0.831974,2.950698,0.347701,-0.376112,0.128498,0.205319,0.025178,-0.178243,0.347349,-0.115199
4.647992,-0.992695,0.328647,1.235201,0.941756,-1.135593,1.122784,-0.342916,0.146627,-0.199041,0.947565,0.330737,-0.630615,0.776644,-0.111552,-1.655891,-0.194933,0.930527,-2.265937,-0.832151,2.951049,0.347589,-0.376806,0.129028,0.204487,0.025139,-0.177738,0.348040,-0.113294
4.649029,-0.993982,0.328825,1.239298,0.943110,-1.135819,1.121652,-0.344243,0.173794,-0.206435,0.976524,0.329558,-0.632450,0.778459,-0.111507,-1.656280,-0.194806,0.930735,-2.265908,-0.832334,2.951398,0.347471,-0.379743,0.128516,0.204817,0.026488,-0.178034,0.348546,-0.114845
4.650118,-0.997079,0.324869,1.238804,0.944923,-1.134874,1.123570,-0.342667,0.199582,-0.212898,1.004195,0.326800,-0.634498,0.780115,-0.111476,-1.656659,-0.194676,0.930930,-2.265886,-0.832511,2.951749,0.347366,-0.379251,0.128500,0.203146,0.025287,-0.178239,0.349762,-0.112282
4.651115,-0.997432,0.327289,1.240150,0.945036,-1.135492,1.122299,-0.344024,0.224393,-0.219809,1.030526,0.324716,-0.636542,0.781810,-0.111460,-1.657038,-0.194542,0.931136,-2.265865,-0.832693,2.952098,0.347241,-0.378135,0.130614,0.203829,0.023732,-0.179681,0.348010,-0.115573
4.652003,-0.995154,0.327633,1.241301,0.945320,-1.134132,1.121267,-0.344403,0.246355,-0.227872,1.053126,0.325411,-0.638257,0.783542,-0.111472,-1.657421,-0.194414,0.931335,-2.265841,-0.832872,2.952446,0.347132,-0.377928,0.129410,0.203385,0.023746,-0.179376,0.349314,-0.112897
4.653090,-0.993939,0.329245,1.239424,0.947335,-1.134727,1.120006,-0.343996,0.264627,-0.235823,1.071321,0.328089,-0.639576,0.785123,-0.111494,-1.657799,-0.194284,0.931541,-2.265817,-0.833058,2.952798,0.347024,-0.378610,0.129082,0.202694,0.023527,-0.180777,0.350097,-0.112200
4.653987,-0.996651,0.333025,1.243290,0.945937,-1.135324,1.118323,-0.343400,0.279677,-0.242815,1.085832,0.332021,-0.640508,0.786491,-0.111516,-1.658183,-0.194156,0.931749,-2.265799,-0.833239,2.953150,0.346908,-0.379582,0.128451,0.204030,0.021800,-0.180668,0.351537,-0.113145
4.655052,-0.997220,0.334370,1.242038,0.946151,-1.136276,1.118121,-0.343811,0.290856,-0.247652,1.096206,0.336433,-0.641064,0.787537,-0.111540,-1.658555,-0.194033,0.931945,-2.265773,-0.833419,2.953509,0.346794,-0.377845,0.126487,0.202083,0.023249,-0.180173,0.352954,-0.114361
4.656013,-0.996261,0.328357,1.244666,0.947843,-1.136941,1.118075,-0.344529,0.296797,-0.248079,1.101510,0.339022,-0.641395,0.787971,-0.111552,-1.658931,-0.193908,0.932150,-2.265751,-0.833596,2.953867,0.346679,-0.377932,0.126016,0.203093,0.023229,-0.179707,0.353229,-0.113625
4.657033,-0.992674,0.332271,1.245372,0.947717,-1.134783,1.117561,-0.344068,0.298708,-0.245747,1.102890,0.340302,-0.641587,0.787952,-0.111538,-1.659312,-0.193773,0.932352,-2.265731,-0.833777,2.954219,0.346568,-0.378236,0.128949,0.201876,0.021709,-0.179275,0.353184,-0.112251
4.657983,-0.996049,0.327045,1.247253,0.946584,-1.131720,1.115603,-0.343402,0.300425,-0.244661,1.103835,0.342683,-0.641685,0.788022,-0.111510,-1.659693,-0.193649,0.932552,-2.265710,-0.833962,2.954576,0.346452,-0.380139,0.127063,0.201839,0.022068,-0.181781,0.353701,-0.113276
4.659044,-0.992817,0.327113,1.245057,0.948021,-1.129753,1.115405,-0.344015,0.303530,-0.245612,1.105977,0.345915,-0.641812,0.788308,-0.111497,-1.660071,-0.193516,0.932752,-2.265684,-0.834151,2.954937,0.346336,-0.378231,0.129628,0.201006,0.023248,-0.184980,0.355508,-0.114652
4.660009,-0.995602,0.328786,1.249336,0.948377,-1.131841,1.114276,-0.344159,0.307043,-0.248567,1.108312,0.349612,-0.641984,0.788682,-0.111504,-1.660449,-0.193388,0.932957,-2.265666,-0.834340,2.955290,0.346223,-0.380200,0.129707,0.202474,0.022081,-0.187300,0.355799,-0.113515
4.660969,-0.994570,0.329707,1.249817,0.948128,-1.130999,1.114554,-0.343337,0.310441,-0.253476,1.110241,0.354338,-0.642141,0.789121,-0.111525,-1.660826,-0.193262,0.933157,-2.265643,-0.834525,2.955653,0.346109,-0.378662,0.128864,0.200444,0.021872,-0.185367,0.356787,-0.113294
4.662044,-0.992329,0.328537,1.252785,0.949398,-1.131504,1.115514,-0.345368,0.313571,-0.258784,1.111841,0.359285,-0.642319,0.789508,-0.111563,-1.661208,-0.193137,0.933359,-2.265620,-0.834715,2.956006,0.345991,-0.379007,0.128424,0.200337,0.022246,-0.186371,0.356397,-0.114997
4.663007,-0.990810,0.330869,1.249501,0.948780,-1.131978,1.115646,-0.345189,0.317619,-0.264409,1.114426,0.364066,-0.642561,0.789885,-0.111611,-1.661593,-0.193007,0.933557,-2.265602,-0.834901,2.956361,0.345890,-0.380440,0.129157,0.199313,0.021267,-0.186276,0.355557,-0.111045
4.664036,-0.992105,0.332739,1.250261,0.948086,-1.133100,1.120732,-0.345182,0.323569,-0.271036,1.118922,0.369120,-0.642847,0.790375,-0.111652,-1.661978,-0.192884,0.933763,-2.265576,-0.835087,2.956718,0.345775,-0.380978,0.128014,0.201068,0.021965,-0.185991,0.355316,-0.111499
4.664970,-0.996638,0.332387,1.250522,0.947382,-1.132712,1.121647,-0.344350,0.329254,-0.276902,1.123222,0.373403,-0.643146,0.790751,-0.111681,-1.662357,-0.192757,0.933962,-2.265552,-0.835269,2.957058,0.345664,-0.380479,0.127191,0.201004,0.022797,-0.185223,0.350303,-0.111618
4.665988,-0.997531,0.332661,1.249588,0.949864,-1.133670,1.121164,-0.345157,0.331608,-0.279845,1.124311,0.375490,-0.643421,0.790708,-0.111699,-1.662731,-0.192628,0.934163,-2.265527,-0.835456,2.957408,0.345549,-0.377976,0.127302,0.200927,0.023552,-0.185742,0.349290,-0.113335
4.667115,-1.000289,0.334039,1.242417,0.948479,-1.131860,1.122937,-0.345435,0.328569,-0.279732,1.119941,0.376040,-0.643544,0.790173,-0.111694,-1.663114,-0.192503,0.934367,-2.265511,-0.835640,2.957758,0.345440,-0.377611,0.127263,0.201643,0.021352,-0.185096,0.349829,-0.111791
4.668118,-0.997917,0.333827,1.244277,0.949893,-1.131678,1.121632,-0.345529,0.317652,-0.276697,1.107384,0.376530,-0.643331,0.789118,-0.111652,-1.663488,-0.192376,0.934580,-2.265483,-0.835829,2.958105,0.345330,-0.376892,0.126823,0.205689,0.022895,-0.187435,0.348321,-0.111407
4.669055,-1.001248,0.332294,1.241577,0.950746,-1.132902,1.124537,-0.346146,0.298046,-0.270848,1.085828,0.377248,-0.642756,0.787543,-0.111581,-1.663871,-0.192251,0.934786,-2.265464,-0.836020,2.958460,0.345216,-0.378094,0.127013,0.204895,0.021703,-0.187818,0.349632,-0.111301
4.670041,-0.994716,0.335418,1.240260,0.950394,-1.131688,1.125992,-0.345922,0.272490,-0.264103,1.058016,0.379003,-0.641893,0.785715,-0.111504,-1.664247,-0.192120,0.934995,-2.265442,-0.836206,2.958799,0.345108,-0.376176,0.127701,0.206237,0.020976,-0.186708,0.346619,-0.110124
4.671032,-0.994070,0.337880,1.238585,0.949465,-1.128218,1.126785,-0.346287,0.243901,-0.257984,1.026901,0.382402,-0.640863,0.783897,-0.111428,-1.664629,-0.191994,0.935204,-2.265419,-0.836395,2.959145,0.344996,-0.379413,0.126163,0.206994,0.021485,-0.188150,0.345177,-0.110666
4.672047,-0.992321,0.335744,1.240602,0.948335,-1.126398,1.125917,-0.345544,0.214483,-0.251920,0.995057,0.385960,-0.639879,0.782135,-0.111344,-1.665012,-0.191873,0.935415,-2.265396,-0.836595,2.959490,0.344889,-0.379654,0.125044,0.207914,0.022545,-0.191745,0.344400,-0.110022
4.673034,-0.996896,0.333806,1.242779,0.948059,-1.124597,1.125885,-0.346505,0.186204,-0.245702,0.964774,0.387918,-0.639116,0.780389,-0.111246,-1.665387,-0.191744,0.935620,-2.265368,-0.836791,2.959833,0.344773,-0.380670,0.126180,0.207114,0.023723,-0.193747,0.345361,-0.111609
4.674025,-0.987742,0.334465,1.235434,0.948249,-1.122953,1.126448,-0.346896,0.160365,-0.240739,0.937334,0.387884,-0.638621,0.778647,-0.111134,-1.665760,-0.191616,0.935827,-2.265342,-0.836990,2.960179,0.344669,-0.378393,0.127178,0.206161,0.024042,-0.195647,0.345385,-0.109760
4.674961,-0.988994,0.337449,1.229729,0.947292,-1.121457,1.124808,-0.347479,0.136919,-0.238203,0.912482,0.386709,-0.638303,0.776975,-0.111001,-1.666152,-0.191491,0.936047,-2.265319,-0.837195,2.960520,0.344562,-0.382865,0.126893,0.209855,0.023983,-0.197347,0.344855,-0.109090
4.676128,-0.994384,0.341303,1.234423,0.950631,-1.121556,1.123840,-0.346916,0.113150,-0.236682,0.887371,0.384704,-0.637995,0.775281,-0.110837,-1.666531,-0.191367,0.936266,-2.265292,-0.837396,2.960870,0.344456,-0.381924,0.125380,0.212543,0.024955,-0.198817,0.346380,-0.107995
4.676970,-0.995986,0.343121,1.228274,0.948764,-1.117719,1.121895,-0.347667,0.085271,-0.233253,0.858208,0.381852,-0.637514,0.773314,-0.110653,-1.666908,-0.191248,0.936474,-2.265276,-0.837598,2.961224,0.344346,-0.380026,0.123870,0.210748,0.022018,-0.199159,0.347674,-0.109327
4.677958,-0.992410,0.343302,1.225660,0.948098,-1.115117,1.124734,-0.347681,0.008968,-0.213659,0.779769,0.373929,-0.635659,0.767776,-0.110277,-1.667667,-0.191002,0.936910,-2.265221,-0.838015,2.961916,0.344131,-0.380316,0.122815,0.214769,0.024548,-0.205346,0.346436,-0.107900
4.679081,-0.995377,0.342827,1.224768,0.948628,-1.112578,1.124646,-0.348134,0.008968,-0.213659,0.779769,0.373929,-0.635659,0.767776,-0.110277,-1.667667,-0.191002,0.936910,-2.265221,-0.838015,2.961916,0.344131,-0.380316,0.122815,0.214769,0.024548,-0.205346,0.346436,-0.107900
4.680030,-0.997206,0.342880,1.223640,0.947678,-1.110555,1.124140,-0.347510,-0.037429,-0.198569,0.732632,0.368277,-0.634474,0.764267,-0.110103,-1.668049,-0.190880,0.937129,-2.265199,-0.838232,2.962258,0.344027,-0.379358,0.123364,0.215548,0.024265,-0.208097,0.346859,-0.107165
4.681030,-0.990645,0.344140,1.216949,0.946412,-1.108448,1.125643,-0.348095,-0.135469,-0.166012,0.633354,0.356203,-0.632173,0.756828,-0.109926,-1.668813,-0.190633,0.937573,-2.265144,-0.838662,2.962959,0.343811,-0.381518,0.122812,0.219318,0.026518,-0.212055,0.345733,-0.107416
4.682002,-0.989086,0.339929,1.217970,0.945361,-1.103451,1.124316,-0.347840,-0.135469,-0.166012,0.633354,0.356203,-0.632173,0.756828,-0.109926,-1.668813,-0.190633,0.937573,-2.265144,-0.838662,2.962959,0.343811,-0.381518,0.122812,0.219318,0.026518,-0.212055,0.345733,-0.107416
4.683004,-0.984744,0.343596,1.212394,0.946826,-1.099502,1.122835,-0.347728,-0.182773,-0.150233,0.585650,0.349179,-0.631389,0.753270,-0.109941,-1.669197,-0.190503,0.937790,-2.265114,-0.838887,2.963307,0.343705,-0.382118,0.124917,0.218737,0.027527,-0.216896,0.347042,-0.108034
4.683945,-0.986190,0.343823,1.213998,0.946227,-1.095398,1.121301,-0.347800,-0.224871,-0.137152,0.543138,0.342556,-0.630928,0.750282,-0.110027,-1.669581,-0.190380,0.938021,-2.265091,-0.839117,2.963662,0.343595,-0.384272,0.123146,0.221427,0.026195,-0.220661,0.348499,-0.108348
4.685055,-0.980718,0.345026,1.211925,0.946936,-1.093631,1.123331,-0.348562,-0.261800,-0.126309,0.505686,0.337318,-0.630658,0.747920,-0.110187,-1.669962,-0.190259,0.938242,-2.265061,-0.839354,2.964012,0.343488,-0.383256,0.123088,0.220425,0.026743,-0.224393,0.349915,-0.108275
4.686062,-0.982732,0.343895,1.207421,0.947326,-1.094127,1.123186,-0.349117,-0.293120,-0.117232,0.473758,0.333654,-0.630514,0.746209,-0.110414,-1.670348,-0.190138,0.938467,-2.265036,-0.839583,2.964359,0.343383,-0.386475,0.122777,0.221731,0.026201,-0.226207,0.348106,-0.106910
4.687034,-0.982407,0.347543,1.205927,0.945586,-1.091828,1.121985,-0.349009,-0.318421,-0.110520,0.447612,0.332102,-0.630415,0.745236,-0.110695,-1.670732,-0.190016,0.938696,-2.265010,-0.839810,2.964706,0.343280,-0.385428,0.123482,0.223909,0.025881,-0.225552,0.348303,-0.105928
4.688116,-0.987763,0.349889,1.200677,0.947077,-1.091172,1.120978,-0.349016,-0.340741,-0.104594,0.424159,0.331864,-0.630257,0.744676,-0.111007,-1.671118,-0.189895,0.938924,-2.264977,-0.840044,2.965057,0.343172,-0.385414,0.121714,0.224470,0.027538,-0.227600,0.349452,-0.106240
4.689020,-0.991038,0.350320,1.197387,0.946954,-1.089821,1.119620,-0.348253,-0.364862,-0.095981,0.398812,0.331066,-0.629928,0.743947,-0.111328,-1.671495,-0.189776,0.939155,-2.264953,-0.840269,2.965410,0.343065,-0.383136,0.120822,0.227209,0.026201,-0.228288,0.350610,-0.106372
4.690103,-0.994582,0.349915,1.194070,0.949663,-1.089615,1.121438,-0.348169,-0.395398,-0.082507,0.366915,0.329620,-0.629201,0.742641,-0.111662,-1.671874,-0.189658,0.939388,-2.264928,-0.840503,2.965768,0.342951,-0.381100,0.120634,0.228430,0.026375,-0.229223,0.351725,-0.107938
4.691152,-0.994201,0.351037,1.195217,0.946903,-1.088971,1.122847,-0.346986,-0.433900,-0.064969,0.326620,0.329217,-0.627908,0.740752,-0.112032,-1.672251,-0.189538,0.939620,-2.264908,-0.840732,2.966110,0.342842,-0.379764,0.121104,0.230175,0.023906,-0.229436,0.350099,-0.108233
4.692039,-0.996523,0.351329,1.195453,0.946739,-1.087467,1.125189,-0.347340,-0.477196,-0.045716,0.281060,0.330693,-0.626192,0.738601,-0.112453,-1.672633,-0.189418,0.939850,-2.264876,-0.840965,2.966461,0.342723,-0.380182,0.120749,0.229599,0.026670,-0.229977,0.348794,-0.110707
4.693020,-0.994517,0.350324,1.197642,0.946370,-1.084524,1.123450,-0.346229,-0.520435,-0.026166,0.235531,0.332340,-0.624481,0.736442,-0.112918,-1.673015,-0.189300,0.940079,-2.264848,-0.841201,2.966801,0.342612,-0.378480,0.120587,0.229079,0.026754,-0.231006,0.346265,-0.109996
4.694028,-0.995109,0.352717,1.199037,0.945547,-1.081365,1.122432,-0.345132,-0.559515,-0.007776,0.194465,0.333162,-0.623080,0.734528,-0.113405,-1.673395,-0.189176,0.940302,-2.264819,-0.841438,2.967152,0.342497,-0.379431,0.121168,0.227891,0.027130,-0.233685,0.348000,-0.112308
4.695026,-0.991659,0.352501,1.202494,0.946252,-1.080262,1.121852,-0.345449,-0.591306,0.007941,0.161129,0.333240,-0.622084,0.733089,-0.113907,-1.673776,-0.189058,0.940531,-2.264792,-0.841678,2.967507,0.342378,-0.379167,0.120121,0.227121,0.027998,-0.236586,0.349000,-0.114563
4.696000,-0.987861,0.355951,1.201192,0.946911,-1.081165,1.121146,-0.344166,-0.613397,0.020177,0.138023,0.332495,-0.621517,0.732269,-0.114411,-1.674157,-0.188936,0.940748,-2.264765,-0.841915,2.967858,0.342262,-0.380910,0.120354,0.225414,0.027337,-0.237419,0.349569,-0.113968
4.697040,-0.985014,0.359671,1.203745,0.948149,-1.083583,1.120416,-0.345373,-0.624010,0.028075,0.126804,0.331745,-0.621301,0.732265,-0.114898,-1.674542,-0.188820,0.940977,-2.264740,-0.842149,2.968210,0.342141,-0.382636,0.118758,0.225925,0.026748,-0.236216,0.350210,-0.116600
4.698020,-0.985525,0.355844,1.205024,0.945783,-1.084055,1.119895,-0.344113,-0.623232,0.032047,0.127276,0.331617,-0.621319,0.733113,-0.115336,-1.674931,-0.188705,0.941201,-2.264714,-0.842381,2.968561,0.342032,-0.384151,0.117159,0.224686,0.025606,-0.233672,0.351021,-0.114253
4.699014,-0.989876,0.355178,1.201367,0.945810,-1.084744,1.122560,-0.343668,-0.612260,0.032739,0.138252,0.331575,-0.621538,0.734649,-0.115688,-1.675309,-0.188581,0.941424,-2.264680,-0.842610,2.968916,0.341909,-0.383824,0.119164,0.223973,0.027875,-0.233010,0.351467,-0.116855
4.700044,-0.981561,0.359248,1.206274,0.947941,-1.086770,1.121049,-0.341672,-0.594841,0.030569,0.155818,0.330740,-0.621877,0.736500,-0.115953,-1.675687,-0.188462,0.941654,-2.264652,-0.842838,2.969266,0.341788,-0.381649,0.119623,0.225696,0.027842,-0.232151,0.348760,-0.117773
4.701130,-0.986504,0.358010,1.205937,0.947474,-1.088977,1.119129,-0.342408,-0.573854,0.026062,0.176848,0.329702,-0.622190,0.738551,-0.116162,-1.676081,-0.188349,0.941874,-2.264630,-0.843063,2.969614,0.341658,-0.385852,0.117832,0.223288,0.025895,-0.230052,0.350388,-0.121826
4.702111,-0.983466,0.357356,1.207598,0.947331,-1.090377,1.116849,-0.341049,-0.548234,0.019105,0.202408,0.329444,-0.622501,0.741013,-0.116347,-1.676457,-0.188225,0.942096,-2.264601,-0.843288,2.969971,0.341541,-0.383773,0.118706,0.223688,0.026435,-0.227903,0.352454,-0.120407
4.703079,-0.991037,0.353724,1.210025,0.947210,-1.090236,1.115607,-0.340481,-0.518863,0.010097,0.231682,0.329538,-0.622938,0.743801,-0.116534,-1.676843,-0.188106,0.942317,-2.264574,-0.843513,2.970329,0.341408,-0.385177,0.119148,0.222790,0.026610,-0.226336,0.354654,-0.123158
4.704116,-0.983232,0.355048,1.211869,0.947640,-1.087171,1.114040,-0.339684,-0.488013,-0.000576,0.262316,0.329533,-0.623588,0.746725,-0.116752,-1.677214,-0.187982,0.942534,-2.264548,-0.843738,2.970686,0.341281,-0.381314,0.121016,0.221524,0.026788,-0.226301,0.355776,-0.124283
4.704970,-0.978676,0.352952,1.214308,0.946105,-1.086657,1.112878,-0.339813,-0.455883,-0.013233,0.294040,0.329821,-0.624496,0.749836,-0.117009,-1.677608,-0.187864,0.942753,-2.264523,-0.843970,2.971050,0.341151,-0.385316,0.120551,0.220720,0.026480,-0.229277,0.357343,-0.125913
4.706164,-0.980496,0.354087,1.220048,0.949358,-1.086660,1.114583,-0.339120,-0.419258,-0.028763,0.330264,0.330438,-0.625798,0.753429,-0.117292,-1.678004,-0.187742,0.942973,-2.264492,-0.844204,2.971408,0.341026,-0.386731,0.121493,0.219124,0.027875,-0.229238,0.358144,-0.125594
4.707073,-0.983250,0.351715,1.223550,0.948690,-1.085902,1.112168,-0.340604,-0.375132,-0.048088,0.374075,0.331861,-0.627554,0.757807,-0.117605,-1.678388,-0.187618,0.943183,-2.264473,-0.844431,2.971764,0.340897,-0.386650,0.121318,0.216885,0.024965,-0.229504,0.356789,-0.127117
4.708018,-0.980529,0.349226,1.223745,0.949426,-1.087087,1.108970,-0.339522,-0.324710,-0.070984,0.424016,0.335385,-0.629577,0.762961,-0.117938,-1.678773,-0.187493,0.943395,-2.264447,-0.844663,2.972128,0.340778,-0.384800,0.122453,0.214998,0.025688,-0.229872,0.358965,-0.124112
4.709054,-0.980219,0.349908,1.224950,0.949613,-1.086592,1.107452,-0.337882,-0.271063,-0.096418,0.476914,0.340960,-0.631696,0.768560,-0.118270,-1.679165,-0.187367,0.943607,-2.264424,-0.844890,2.972491,0.340647,-0.385806,0.123668,0.214877,0.025034,-0.228401,0.361977,-0.126306
4.710059,-0.981740,0.351981,1.223188,0.948725,-1.085169,1.104721,-0.338799,-0.216651,-0.123282,0.530386,0.347841,-0.633772,0.774273,-0.118603,-1.679553,-0.187243,0.943821,-2.264399,-0.845121,2.972866,0.340510,-0.386042,0.123462,0.214442,0.024968,-0.228807,0.363410,-0.129601
4.711024,-0.982899,0.354637,1.224146,0.949399,-1.086385,1.104427,-0.337861,-0.164922,-0.148870,0.581164,0.354719,-0.635631,0.779674,-0.118923,-1.679941,-0.187122,0.944039,-2.264371,-0.845355,2.973231,0.340386,-0.385214,0.122550,0.215382,0.025896,-0.230031,0.366074,-0.127756
4.712101,-0.982459,0.356132,1.224036,0.949861,-1.086886,1.105600,-0.337878,-0.120263,-0.169444,0.625045,0.359841,-0.637147,0.784224,-0.119204,-1.680322,-0.187001,0.944249,-2.264347,-0.845577,2.973597,0.340253,-0.384472,0.121288,0.214912,0.025315,-0.228619,0.366175,-0.129650
4.712988,-0.980550,0.355523,1.224869,0.950695,-1.087211,1.104039,-0.336014,-0.084036,-0.183618,0.660658,0.363043,-0.638265,0.787809,-0.119454,-1.680708,-0.186881,0.944464,-2.264322,-0.845804,2.973967,0.340120,-0.384996,0.120818,0.215243,0.025001,-0.228145,0.365035,-0.129639
4.713976,-0.980038,0.352856,1.228230,0.951428,-1.085264,1.104075,-0.337668,-0.054407,-0.192807,0.689709,0.365490,-0.639021,0.790715,-0.119692,-1.681096,-0.186758,0.944678,-2.264297,-0.846029,2.974333,0.339979,-0.385352,0.121052,0.214599,0.024194,-0.227451,0.366284,-0.133313
4.715034,-0.979957,0.350796,1.231112,0.951901,-1.083536,1.104434,-0.336961,-0.028093,-0.200015,0.715326,0.368763,-0.639502,0.793324,-0.119924,-1.681479,-0.186633,0.944887,-2.264274,-0.846264,2.974700,0.339855,-0.385531,0.122452,0.213010,0.023585,-0.229168,0.366109,-0.129964
4.716000,-0.977833,0.349288,1.233758,0.950192,-1.082272,1.107001,-0.336614,-0.001693,-0.208454,0.740775,0.374252,-0.639766,0.795993,-0.120147,-1.681867,-0.186508,0.945098,-2.264251,-0.846497,2.975063,0.339717,-0.385763,0.123649,0.211846,0.023308,-0.230813,0.365794,-0.131437
4.716970,-0.968683,0.349507,1.236081,0.951531,-1.084146,1.105985,-0.335458,0.026990,-0.219656,0.768371,0.381670,-0.639903,0.798900,-0.120365,-1.682248,-0.186381,0.945304,-2.264223,-0.846730,2.975424,0.339585,-0.386671,0.124402,0.210601,0.025036,-0.231789,0.363065,-0.132108
4.718094,-0.975060,0.350680,1.237232,0.951001,-1.085489,1.104721,-0.335205,0.060644,-0.234150,0.801127,0.389830,-0.640087,0.802228,-0.120570,-1.682647,-0.186256,0.945514,-2.264203,-0.846955,2.975795,0.339445,-0.390931,0.124310,0.209493,0.023876,-0.229689,0.363934,-0.134396
4.719088,-0.972226,0.345178,1.236981,0.952163,-1.086593,1.107654,-0.334817,0.099392,-0.251032,0.839335,0.397983,-0.640378,0.805927,-0.120748,-1.683032,-0.186133,0.945725,-2.264177,-0.847187,2.976159,0.339311,-0.388197,0.124015,0.209369,0.024582,-0.228428,0.365379,-0.134945
4.720082,-0.970845,0.346988,1.232091,0.950559,-1.087049,1.109542,-0.334611,0.138976,-0.268651,0.878540,0.406129,-0.640626,0.809633,-0.120892,-1.683418,-0.185999,0.945933,-2.264153,-0.847408,2.976520,0.339174,-0.389579,0.126766,0.209633,0.023517,-0.227219,0.362328,-0.135704
4.721078,-0.970861,0.345741,1.237381,0.952450,-1.086039,1.108851,-0.335644,0.175899,-0.286417,0.914959,0.414644,-0.640661,0.813124,-0.121001,-1.683809,-0.185878,0.946150,-2.264124,-0.847633,2.976875,0.339038,-0.390106,0.125929,0.212128,0.025140,-0.226632,0.360405,-0.136098
4.722066,-0.976258,0.346080,1.238615,0.953279,-1.086924,1.108723,-0.334881,0.236887,-0.318387,0.974574,0.432031,-0.639839,0.818949,-0.121095,-1.684578,-0.185621,0.946564,-2.264080,-0.848084,2.977595,0.338770,-0.387217,0.126439,0.209116,0.022733,-0.226454,0.361095,-0.135554
4.723206,-0.979386,0.349909,1.237067,0.952839,-1.087471,1.112739,-0.336915,0.236887,-0.318387,0.974574,0.432031,-0.639839,0.818949,-0.121095,-1.684578,-0.185621,0.946564,-2.264080,-0.848084,2.977595,0.338770,-0.387217,0.126439,0.209116,0.022733,-0.226454,0.361095,-0.135554
4.723997,-0.983881,0.349968,1.239525,0.950778,-1.092078,1.113493,-0.336485,0.257892,-0.329803,0.994822,0.440835,-0.638861,0.820944,-0.121087,-1.684965,-0.185499,0.946778,-2.264056,-0.848312,2.977941,0.338643,-0.386248,0.124841,0.210346,0.023401,-0.226054,0.357359,-0.131532
4.725039,-0.978902,0.347014,1.237408,0.952358,-1.090191,1.114665,-0.338540,0.268460,-0.334160,1.004984,0.447046,-0.637628,0.821808,-0.121052,-1.685339,-0.185376,0.946982,-2.264026,-0.848526,2.978298,0.338510,-0.383100,0.124600,0.208732,0.025314,-0.220941,0.356154,-0.132327
4.726080,-0.978905,0.348306,1.240044,0.951177,-1.089026,1.117858,-0.337659,0.270213,-0.332133,1.006864,0.449840,-0.636368,0.821612,-0.121015,-1.685732,-0.185250,0.947195,-2.264005,-0.848750,2.978653,0.338392,-0.385710,0.126226,0.210030,0.023905,-0.222869,0.355044,-0.128252
4.727003,-0.978426,0.348638,1.238452,0.950125,-1.089298,1.120723,-0.339079,0.268258,-0.327688,1.005390,0.451195,-0.635156,0.820935,-0.121002,-1.686115,-0.185126,0.947400,-2.263977,-0.848969,2.979000,0.338260,-0.385840,0.125713,0.208981,0.025179,-0.224042,0.351934,-0.130098
4.728101,-0.980928,0.346351,1.238817,0.950134,-1.092931,1.122770,-0.338784,0.265523,-0.322218,1.003504,0.451452,-0.634048,0.820070,-0.120996,-1.686503,-0.184998,0.947611,-2.263950,-0.849193,2.979342,0.338138,-0.385646,0.125479,0.209703,0.026212,-0.223480,0.348957,-0.127214
4.729026,-0.978643,0.344916,1.238289,0.951014,-1.093260,1.122375,-0.339781,0.261689,-0.315382,1.000883,0.449996,-0.633064,0.818962,-0.120967,-1.686891,-0.184871,0.947823,-2.263922,-0.849408,2.979680,0.338006,-0.384760,0.126840,0.209880,0.026301,-0.219993,0.347205,-0.127896
4.729998,-0.978041,0.343045,1.240123,0.950307,-1.095578,1.122525,-0.339140,0.256979,-0.308527,0.997422,0.448022,-0.632116,0.817751,-0.120907,-1.687276,-0.184742,0.948032,-2.263899,-0.849625,2.980033,0.337887,-0.385534,0.127466,0.210083,0.025487,-0.219488,0.347443,-0.125893
4.731158,-0.977648,0.345296,1.238931,0.949425,-1.096431,1.120623,-0.340298,0.253249,-0.303405,0.994763,0.446698,-0.631169,0.816716,-0.120825,-1.687664,-0.184612,0.948242,-2.263869,-0.849839,2.980383,0.337757,-0.385614,0.128378,0.209204,0.026182,-0.217074,0.347236,-0.127204
4.731983,-0.975168,0.345037,1.240451,0.949984,-1.097666,1.118959,-0.339925,0.251314,-0.299838,0.993884,0.445208,-0.630287,0.815863,-0.120727,-1.688056,-0.184485,0.948455,-2.263841,-0.850050,2.980730,0.337634,-0.386422,0.127542,0.210325,0.027194,-0.216594,0.349514,-0.124981
4.733046,-0.977036,0.345614,1.240428,0.951043,-1.096373,1.121473,-0.340173,0.250572,-0.296426,0.994432,0.442353,-0.629527,0.814999,-0.120616,-1.688440,-0.184357,0.948660,-2.263815,-0.850264,2.981083,0.337509,-0.386824,0.127443,0.209269,0.026564,-0.214965,0.350786,-0.125693
4.734031,-0.976224,0.343406,1.238266,0.948049,-1.097201,1.121650,-0.342189,0.250661,-0.292894,0.995965,0.438964,-0.628828,0.814122,-0.120506,-1.688825,-0.184230,0.948869,-2.263791,-0.850484,2.981425,0.337385,-0.386123,0.127302,0.209602,0.025688,-0.216342,0.348417,-0.125257
4.735068,-0.976764,0.342377,1.234191,0.947988,-1.097674,1.122066,-0.341960,0.250398,-0.289153,0.997170,0.435567,-0.628151,0.813177,-0.120404,-1.689208,-0.184098,0.949083,-2.263755,-0.850695,2.981773,0.337272,-0.386455,0.128400,0.210732,0.028543,-0.215475,0.348241,-0.121263
4.735976,-0.975547,0.342675,1.233287,0.947697,-1.095579,1.122434,-0.342450,0.247530,-0.284472,0.995860,0.431054,-0.627572,0.811883,-0.120307,-1.689593,-0.183969,0.949299,-2.263728,-0.850912,2.982122,0.337146,-0.386299,0.128993,0.212923,0.028650,-0.215040,0.347911,-0.121815
4.737029,-0.975451,0.342684,1.232050,0.946131,-1.093983,1.124457,-0.341559,0.240433,-0.278382,0.990408,0.425399,-0.627084,0.810088,-0.120222,-1.689979,-0.183840,0.949517,-2.263700,-0.851134,2.982467,0.337025,-0.386425,0.128713,0.213149,0.028896,-0.216856,0.347377,-0.120820
4.738062,-0.972345,0.342569,1.231389,0.946764,-1.091665,1.122997,-0.341584,0.229299,-0.270671,0.981047,0.418996,-0.626653,0.807889,-0.120149,-1.690361,-0.183710,0.949729,-2.263665,-0.851352,2.982814,0.336900,-0.386719,0.128819,0.214019,0.030379,-0.218508,0.345473,-0.122687
4.739092,-0.976126,0.342237,1.231446,0.945360,-1.091067,1.121920,-0.342531,0.215848,-0.261775,0.969568,0.411994,-0.626294,0.805535,-0.120072,-1.690751,-0.183581,0.949945,-2.263638,-0.851579,2.983167,0.336778,-0.388332,0.128960,0.214484,0.029782,-0.220758,0.347023,-0.122681
4.740100,-0.973256,0.341212,1.234818,0.946078,-1.091083,1.121854,-0.341682,0.201075,-0.252225,0.956934,0.404783,-0.625989,0.803194,-0.119973,-1.691131,-0.183452,0.950156,-2.263604,-0.851802,2.983516,0.336660,-0.386556,0.129206,0.214638,0.031109,-0.221294,0.348164,-0.120848
4.741010,-0.971732,0.339441,1.228641,0.944746,-1.093043,1.123033,-0.342292,0.185951,-0.242538,0.944135,0.397524,-0.625749,0.800935,-0.119855,-1.691522,-0.183322,0.950368,-2.263576,-0.852023,2.983868,0.336535,-0.387945,0.129741,0.213059,0.030401,-0.221204,0.348223,-0.122615
4.742043,-0.970223,0.341074,1.226243,0.944029,-1.093711,1.122674,-0.342297,0.171995,-0.233816,0.932660,0.390699,-0.625586,0.798872,-0.119738,-1.691912,-0.183191,0.950590,-2.263540,-0.852241,2.984211,0.336415,-0.388182,0.130502,0.215933,0.031528,-0.218978,0.346891,-0.121371
4.743097,-0.971875,0.343933,1.221226,0.944209,-1.092683,1.121339,-0.343155,0.157837,-0.225490,0.921086,0.384087,-0.625447,0.796831,-0.119608,-1.692300,-0.183063,0.950809,-2.263507,-0.852455,2.984560,0.336293,-0.389007,0.129755,0.217221,0.032173,-0.218374,0.347343,-0.121438
4.744107,-0.972004,0.343557,1.222831,0.942694,-1.093509,1.123107,-0.342296,0.139842,-0.214994,0.905763,0.376903,-0.625195,0.794402,-0.119443,-1.692690,-0.182936,0.951034,-2.263475,-0.852678,2.984914,0.336175,-0.388306,0.128470,0.219832,0.031939,-0.219424,0.348776,-0.119795
4.745025,-0.973919,0.345002,1.222248,0.942603,-1.092665,1.122373,-0.344293,0.116234,-0.200758,0.884896,0.368805,-0.624712,0.791362,-0.119251,-1.693081,-0.182808,0.951250,-2.263438,-0.852898,2.985258,0.336053,-0.388180,0.128727,0.219078,0.033297,-0.218529,0.347037,-0.121596
4.745957,-0.978326,0.347366,1.221505,0.942460,-1.092795,1.121634,-0.343701,0.088333,-0.183177,0.859831,0.359564,-0.624035,0.787768,-0.119038,-1.693463,-0.182681,0.951469,-2.263405,-0.853118,2.985604,0.335944,-0.386824,0.127920,0.219179,0.033220,-0.219136,0.347649,-0.117595
4.747068,-0.976676,0.348557,1.217312,0.941397,-1.094663,1.121661,-0.344357,0.056240,-0.162083,0.830684,0.349275,-0.623181,0.783622,-0.118793,-1.693845,-0.182557,0.951691,-2.263370,-0.853339,2.985950,0.335825,-0.384291,0.126717,0.219356,0.033177,-0.218766,0.348271,-0.118851
4.748094,-0.981699,0.349449,1.214917,0.939186,-1.092576,1.124916,-0.342942,0.018572,-0.136707,0.796105,0.337959,-0.622168,0.778838,-0.118530,-1.694232,-0.182430,0.951917,-2.263335,-0.853550,2.986299,0.335712,-0.385590,0.126356,0.221700,0.034172,-0.217136,0.348481,-0.117658
4.748966,-0.982176,0.352618,1.213645,0.939421,-1.088992,1.124755,-0.345121,-0.024992,-0.107092,0.755824,0.325051,-0.621122,0.773415,-0.118270,-1.694612,-0.182305,0.952141,-2.263293,-0.853775,2.986639,0.335588,-0.383175,0.126024,0.222910,0.036117,-0.219187,0.345306,-0.120577
4.749985,-0.980277,0.345708,1.212285,0.941782,-1.090454,1.123601,-0.342936,-0.074661,-0.073232,0.709583,0.310350,-0.620099,0.767395,-0.118010,-1.694996,-0.182184,0.952368,-2.263260,-0.854008,2.986981,0.335482,-0.382333,0.124349,0.223121,0.035656,-0.222296,0.345279,-0.116187
4.750992,-0.976564,0.348906,1.212885,0.938674,-1.086246,1.124301,-0.342910,-0.127540,-0.038217,0.659871,0.296598,-0.619001,0.761256,-0.117767,-1.695379,-0.182046,0.952593,-2.263230,-0.854224,2.987333,0.335350,-0.383374,0.127814,0.223800,0.033264,-0.220799,0.346476,-0.120660
4.751985,-0.977342,0.344277,1.212016,0.937347,-1.088618,1.121485,-0.343232,-0.177478,-0.007156,0.612533,0.286461,-0.617841,0.755700,-0.117565,-1.695769,-0.181924,0.952820,-2.263186,-0.854458,2.987683,0.335230,-0.385164,0.126293,0.223429,0.036076,-0.224853,0.345775,-0.120722
4.753010,-0.976568,0.346564,1.207613,0.935210,-1.087186,1.121366,-0.342839,-0.220715,0.018556,0.571651,0.278299,-0.616838,0.750873,-0.117366,-1.696148,-0.181793,0.953044,-2.263147,-0.854674,2.988030,0.335111,-0.384742,0.128631,0.223808,0.037142,-0.222367,0.348627,-0.120127
4.754002,-0.976033,0.348601,1.205684,0.935817,-1.088509,1.124448,-0.342786,-0.258261,0.040243,0.536497,0.269665,-0.616056,0.746434,-0.117116,-1.696533,-0.181666,0.953276,-2.263104,-0.854900,2.988376,0.334986,-0.385210,0.127556,0.225964,0.038977,-0.223758,0.348799,-0.120975
4.755016,-0.976226,0.346696,1.205907,0.935264,-1.088969,1.125793,-0.344166,-0.293006,0.059963,0.504144,0.260041,-0.615307,0.742089,-0.116801,-1.696919,-0.181544,0.953507,-2.263067,-0.855122,2.988712,0.334866,-0.385378,0.126629,0.226768,0.038134,-0.222286,0.345752,-0.121120
4.756074,-0.984926,0.351668,1.204516,0.934411,-1.091488,1.127827,-0.344700,-0.325407,0.078161,0.473927,0.250644,-0.614404,0.737930,-0.116412,-1.697299,-0.181416,0.953733,-2.263027,-0.855344,2.989054,0.334754,-0.385357,0.127671,0.226617,0.038454,-0.221767,0.344502,-0.118424
4.756985,-0.984858,0.353006,1.198780,0.933297,-1.091468,1.126262,-0.343033,-0.356647,0.095407,0.444559,0.242055,-0.613280,0.733934,-0.115946,-1.697675,-0.181297,0.953962,-2.262985,-0.855558,2.989398,0.334641,-0.381302,0.125388,0.227368,0.039048,-0.219339,0.342626,-0.117482
4.757961,-0.984752,0.353688,1.199364,0.932790,-1.090058,1.127973,-0.342982,-0.391707,0.115176,0.411265,0.232923,-0.611930,0.729622,-0.115438,-1.698050,-0.181173,0.954196,-2.262946,-0.855775,2.989743,0.334517,-0.381037,0.124691,0.229855,0.039856,-0.219147,0.344067,-0.120849
4.758985,-0.988502,0.353512,1.197567,0.933810,-1.088036,1.127478,-0.342376,-0.431948,0.138560,0.372837,0.222759,-0.610439,0.724879,-0.114938,-1.698438,-0.181049,0.954428,-2.262905,-0.856002,2.990082,0.334396,-0.380902,0.124404,0.229327,0.040056,-0.220374,0.342341,-0.120957
4.760131,-0.992393,0.352712,1.198144,0.931542,-1.086783,1.127565,-0.342776,-0.474226,0.163112,0.332252,0.213159,-0.608873,0.720145,-0.114472,-1.698814,-0.180925,0.954663,-2.262870,-0.856229,2.990423,0.334269,-0.379189,0.124623,0.230126,0.038885,-0.222308,0.342966,-0.122216
4.761049,-0.989677,0.351793,1.200369,0.932480,-1.089139,1.127351,-0.340911,-0.516744,0.186885,0.291073,0.205346,-0.607255,0.715724,-0.114058,-1.699187,-0.180799,0.954892,-2.262825,-0.856452,2.990769,0.334150,-0.378016,0.125331,0.230113,0.040906,-0.223760,0.343211,-0.121531
4.762105,-0.985970,0.356085,1.201091,0.930634,-1.089023,1.128739,-0.340073,-0.556493,0.208022,0.252322,0.199263,-0.605762,0.711860,-0.113719,-1.699570,-0.180672,0.955120,-2.262787,-0.856667,2.991115,0.334019,-0.378998,0.125706,0.228680,0.039663,-0.221161,0.343275,-0.125269
4.763096,-0.986550,0.353145,1.203587,0.929762,-1.089644,1.129071,-0.340098,-0.588083,0.224762,0.221590,0.194605,-0.604662,0.708919,-0.113469,-1.699957,-0.180552,0.955346,-2.262744,-0.856891,2.991451,0.333888,-0.381052,0.123763,0.228414,0.041260,-0.221306,0.342074,-0.126965
4.764004,-0.979793,0.351674,1.201027,0.928782,-1.087638,1.128144,-0.339629,-0.608166,0.236707,0.202402,0.190482,-0.604151,0.707021,-0.113282,-1.700331,-0.180424,0.955571,-2.262702,-0.857110,2.991794,0.333764,-0.380776,0.125289,0.227080,0.041785,-0.220592,0.341777,-0.126926
4.765028,-0.980091,0.351730,1.203330,0.927914,-1.085628,1.129852,-0.341521,-0.615676,0.242822,0.195686,0.186825,-0.604240,0.706155,-0.113118,-1.700720,-0.180299,0.955802,-2.262658,-0.857336,2.992135,0.333637,-0.383679,0.125953,0.228017,0.042359,-0.222290,0.342577,-0.127851
4.766029,-0.981378,0.355695,1.206833,0.928215,-1.085079,1.128903,-0.340837,-0.610730,0.242176,0.201074,0.184336,-0.604798,0.706335,-0.112947,-1.701100,-0.180173,0.956027,-2.262615,-0.857563,2.992477,0.333520,-0.383630,0.126029,0.226854,0.042895,-0.224205,0.340946,-0.124099
4.766973,-0.981669,0.353737,1.209779,0.929917,-1.084233,1.127926,-0.341455,-0.595345,0.236320,0.216533,0.182945,-0.605686,0.707441,-0.112750,-1.701481,-0.180053,0.956248,-2.262574,-0.857792,2.992823,0.333393,-0.382980,0.124159,0.225089,0.042292,-0.224574,0.341951,-0.125541
4.768098,-0.978909,0.355776,1.208215,0.928976,-1.083479,1.124978,-0.340188,-0.571984,0.226872,0.239580,0.183289,-0.606736,0.709393,-0.112543,-1.701865,-0.179926,0.956469,-2.262537,-0.858022,2.993163,0.333270,-0.382547,0.125135,0.223464,0.040348,-0.225124,0.342869,-0.124289
4.769037,-0.980795,0.357548,1.211966,0.930805,-1.082150,1.126317,-0.341071,-0.542419,0.214056,0.268377,0.186343,-0.607819,0.712177,-0.112358,-1.702249,-0.179802,0.956693,-2.262492,-0.858248,2.993516,0.333140,-0.384495,0.124390,0.224554,0.041041,-0.226006,0.346087,-0.126940
4.769988,-0.981781,0.359685,1.210755,0.930042,-1.077670,1.125299,-0.340732,-0.508672,0.198837,0.300964,0.191964,-0.608902,0.715641,-0.112214,-1.702630,-0.179681,0.956913,-2.262457,-0.858479,2.993862,0.333017,-0.383241,0.123523,0.222491,0.038987,-0.227028,0.344596,-0.125139
4.770990,-0.984895,0.356119,1.214223,0.928482,-1.076223,1.125786,-0.340563,-0.473697,0.183225,0.334433,0.199760,-0.609919,0.719502,-0.112107,-1.703008,-0.179560,0.957133,-2.262416,-0.858721,2.994207,0.332891,-0.382575,0.122502,0.223003,0.039461,-0.231138,0.345572,-0.125844
4.772013,-0.977575,0.350485,1.214310,0.927466,-1.073873,1.128128,-0.339621,-0.440198,0.168548,0.366143,0.208591,-0.610871,0.723376,-0.112023,-1.703389,-0.179431,0.957350,-2.262373,-0.858957,2.994550,0.332763,-0.381013,0.124345,0.221294,0.040703,-0.232316,0.345114,-0.126199
4.773026,-0.980793,0.352925,1.215934,0.926080,-1.072032,1.128885,-0.339491,-0.406243,0.152521,0.398056,0.217654,-0.611914,0.727283,-0.111946,-1.703783,-0.179298,0.957573,-2.262332,-0.859199,2.994891,0.332632,-0.384673,0.127190,0.221294,0.041426,-0.234425,0.342859,-0.128120
4.774027,-0.979103,0.351405,1.219971,0.927426,-1.073882,1.128688,-0.339469,-0.368665,0.132663,0.433333,0.226804,-0.613144,0.731464,-0.111858,-1.704163,-0.179174,0.957793,-2.262286,-0.859439,2.995233,0.332503,-0.383091,0.126040,0.220520,0.042417,-0.236016,0.342194,-0.128388
4.775025,-0.980935,0.351360,1.225606,0.926388,-1.070785,1.127934,-0.339307,-0.327993,0.110004,0.471502,0.235645,-0.614492,0.735847,-0.111736,-1.704550,-0.179046,0.958003,-2.262247,-0.859667,2.995580,0.332373,-0.383894,0.126865,0.218613,0.040806,-0.233974,0.342421,-0.128443
4.776090,-0.978686,0.353081,1.229289,0.927669,-1.070985,1.131834,-0.339881,-0.284236,0.085167,0.512572,0.244426,-0.615873,0.740422,-0.111573,-1.704931,-0.178918,0.958207,-2.262202,-0.859904,2.995924,0.332244,-0.382958,0.126920,0.215983,0.041500,-0.236867,0.343217,-0.128784
4.776983,-0.975015,0.350189,1.228533,0.926805,-1.068383,1.132374,-0.338612,-0.236407,0.058204,0.557620,0.253437,-0.617251,0.745287,-0.111364,-1.705321,-0.178792,0.958419,-2.262165,-0.860142,2.996259,0.332119,-0.384297,0.126219,0.214428,0.040037,-0.236519,0.339499,-0.127689
4.777984,-0.975968,0.349905,1.228101,0.928903,-1.066864,1.132602,-0.338303,-0.184481,0.029266,0.606701,0.263129,-0.618567,0.750532,-0.111125,-1.705715,-0.178662,0.958632,-2.262124,-0.860388,2.996590,0.331983,-0.385486,0.127539,0.214630,0.040556,-0.238582,0.338880,-0.130194
4.779131,-0.981821,0.350548,1.226313,0.928502,-1.066451,1.133473,-0.339538,-0.130612,-0.001606,0.657434,0.274515,-0.619662,0.756096,-0.110888,-1.706097,-0.178536,0.958842,-2.262089,-0.860632,2.996927,0.331851,-0.384987,0.127736,0.214968,0.038286,-0.239778,0.338741,-0.130799
4.779984,-0.977179,0.353962,1.227140,0.928464,-1.065631,1.134522,-0.339085,-0.080474,-0.032406,0.703889,0.288091,-0.620293,0.761553,-0.110676,-1.706477,-0.178408,0.959060,-2.262049,-0.860872,2.997269,0.331725,-0.382740,0.127687,0.216290,0.038573,-0.240223,0.338222,-0.128407
4.780965,-0.978883,0.349270,1.229608,0.928154,-1.063669,1.134292,-0.338394,-0.038446,-0.059986,0.741824,0.302585,-0.620431,0.766451,-0.110505,-1.706866,-0.178286,0.959278,-2.262010,-0.861112,2.997601,0.331593,-0.384331,0.125838,0.215507,0.038261,-0.240449,0.336965,-0.129272
4.782037,-0.977331,0.351227,1.235646,0.926165,-1.065543,1.135506,-0.338971,-0.003096,-0.083953,0.772985,0.316688,-0.620293,0.770794,-0.110399,-1.707244,-0.178151,0.959486,-2.261971,-0.861356,2.997938,0.331460,-0.383401,0.128160,0.214357,0.038322,-0.242067,0.337253,-0.130649
4.783060,-0.973203,0.350850,1.233408,0.927783,-1.065857,1.138033,-0.338405,0.029845,-0.106231,0.801915,0.329485,-0.620188,0.774808,-0.110359,-1.707633,-0.178026,0.959694,-2.261927,-0.861594,2.998268,0.331329,-0.384437,0.127344,0.211666,0.040009,-0.240057,0.336300,-0.129518
4.784095,-0.975531,0.350105,1.236466,0.925648,-1.067164,1.140559,-0.338050,0.063640,-0.128022,0.832121,0.340352,-0.620356,0.778690,-0.110373,-1.708017,-0.177899,0.959907,-2.261891,-0.861829,2.998599,0.331198,-0.386580,0.127627,0.212976,0.038218,-0.239571,0.333922,-0.130692
4.785074,-0.971584,0.347040,1.238815,0.926204,-1.065490,1.142927,-0.338838,0.098642,-0.149652,0.863905,0.349824,-0.620799,0.782535,-0.110434,-1.708401,-0.177771,0.960117,-2.261846,-0.862065,2.998926,0.331064,-0.385516,0.128102,0.211635,0.040026,-0.238094,0.331607,-0.131412
4.785976,-0.972718,0.346444,1.236625,0.926144,-1.066382,1.142229,-0.337626,0.134743,-0.171789,0.897020,0.358313,-0.621462,0.786380,-0.110523,-1.708794,-0.177638,0.960326,-2.261808,-0.862307,2.999248,0.330939,-0.387287,0.129586,0.210550,0.039221,-0.239453,0.329366,-0.129834
4.786954,-0.971028,0.345854,1.235742,0.925137,-1.068330,1.143964,-0.337949,0.171667,-0.195144,0.931015,0.366631,-0.622180,0.790286,-0.110608,-1.709175,-0.177507,0.960537,-2.261771,-0.862538,2.999580,0.330806,-0.386234,0.129725,0.211521,0.039011,-0.238141,0.330000,-0.132246
4.788094,-0.973922,0.347295,1.237041,0.926524,-1.068658,1.141165,-0.337950,0.206321,-0.218450,0.962691,0.374951,-0.622734,0.794067,-0.110666,-1.709562,-0.177377,0.960752,-2.261730,-0.862770,2.999912,0.330670,-0.386928,0.130004,0.211959,0.039730,-0.235941,0.328304,-0.131546
4.789089,-0.974476,0.348522,1.231583,0.926960,-1.070716,1.140443,-0.338526,0.236001,-0.239852,0.989414,0.382731,-0.623012,0.797482,-0.110658,-1.709945,-0.177246,0.960963,-2.261695,-0.863001,3.000244,0.330542,-0.386089,0.129501,0.211788,0.038269,-0.235740,0.331558,-0.131646
4.789977,-0.975522,0.346153,1.232876,0.926704,-1.069019,1.140281,-0.337896,0.270430,-0.271525,1.017824,0.398225,-0.622230,0.802322,-0.110417,-1.710718,-0.176989,0.961398,-2.261619,-0.863468,3.000908,0.330279,-0.384626,0.129973,0.213634,0.037608,-0.234727,0.332381,-0.131715
4.791116,-0.976572,0.348295,1.232512,0.926773,-1.069129,1.143035,-0.337783,0.270430,-0.271525,1.017824,0.398225,-0.622230,0.802322,-0.110417,-1.710718,-0.176989,0.961398,-2.261619,-0.863468,3.000908,0.330279,-0.384626,0.129973,0.213634,0.037608,-0.234727,0.332381,-0.131715
4.792063,-0.978527,0.350481,1.233522,0.924434,-1.070988,1.142828,-0.337427,0.274326,-0.281796,1.018580,0.406374,-0.621186,0.803622,-0.110231,-1.711101,-0.176861,0.961612,-2.261582,-0.863701,3.001234,0.330146,-0.384731,0.129149,0.214268,0.037429,-0.234696,0.330039,-0.132006
4.792989,-0.978000,0.350932,1.232659,0.925399,-1.070310,1.142296,-0.337929,0.271680,-0.288386,1.013015,0.413445,-0.619977,0.804244,-0.110034,-1.711483,-0.176737,0.961827,-2.261539,-0.863932,3.001565,0.330014,-0.383482,0.128057,0.213682,0.039421,-0.232509,0.330277,-0.132702
4.793966,-0.979077,0.349897,1.231567,0.922737,-1.071787,1.143698,-0.337557,0.263360,-0.290375,1.002302,0.417865,-0.618831,0.804119,-0.109840,-1.711871,-0.176610,0.962038,-2.261504,-0.864163,3.001894,0.329884,-0.383345,0.127773,0.214040,0.038227,-0.232874,0.330783,-0.131651
4.794954,-0.979827,0.346518,1.229678,0.923727,-1.070580,1.142349,-0.336829,0.250455,-0.288448,0.987545,0.419631,-0.617825,0.803340,-0.109650,-1.712251,-0.176478,0.962253,-2.261459,-0.864396,3.002223,0.329754,-0.382705,0.128259,0.214593,0.040546,-0.231116,0.329445,-0.132413
4.796078,-0.973725,0.348816,1.231167,0.924469,-1.070163,1.140448,-0.336992,0.233988,-0.284452,0.969624,0.419521,-0.616933,0.802109,-0.109464,-1.712635,-0.176346,0.962473,-2.261423,-0.864628,3.002552,0.329617,-0.382242,0.129939,0.215516,0.039342,-0.232131,0.330921,-0.133855
4.797063,-0.971070,0.351786,1.234506,0.923255,-1.070312,1.139159,-0.335934,0.216870,-0.281209,0.951249,0.419556,-0.616066,0.800876,-0.109280,-1.713026,-0.176221,0.962686,-2.261385,-0.864854,3.002891,0.329485,-0.385791,0.129032,0.215178,0.038456,-0.232666,0.333162,-0.133582
4.798026,-0.963666,0.350057,1.231549,0.921638,-1.070784,1.141345,-0.336432,0.204265,-0.280405,0.937715,0.420531,-0.615301,0.800140,-0.109072,-1.713413,-0.176097,0.962897,-2.261344,-0.865085,3.003233,0.329346,-0.386950,0.127605,0.213564,0.039397,-0.232295,0.334456,-0.135690
4.798997,-0.961004,0.345351,1.233234,0.923157,-1.072057,1.141843,-0.336110,0.199637,-0.282018,0.932821,0.420937,-0.614856,0.800087,-0.108810,-1.713812,-0.175967,0.963115,-2.261302,-0.865317,3.003562,0.329210,-0.390296,0.128458,0.215000,0.040695,-0.231544,0.332287,-0.134633
4.800105,-0.962527,0.345336,1.231569,0.922429,-1.074442,1.140389,-0.336599,0.204516,-0.287824,0.937908,0.421285,-0.614736,0.800907,-0.108499,-1.714201,-0.175832,0.963327,-2.261267,-0.865541,3.003894,0.329077,-0.391386,0.130733,0.214168,0.038971,-0.230082,0.331855,-0.135278
4.801095,-0.961509,0.349910,1.231189,0.924447,-1.073418,1.139156,-0.336217,0.217767,-0.299378,0.951365,0.423414,-0.614733,0.802611,-0.108171,-1.714590,-0.175701,0.963545,-2.261227,-0.865769,3.004232,0.328943,-0.391010,0.130901,0.215335,0.039541,-0.227762,0.333630,-0.134338
4.801999,-0.959666,0.348908,1.228829,0.922091,-1.074985,1.140920,-0.337929,0.234293,-0.313977,0.967952,0.427371,-0.614614,0.804694,-0.107855,-1.714977,-0.175576,0.963759,-2.261193,-0.865997,3.004566,0.328806,-0.391410,0.128645,0.215562,0.037367,-0.228642,0.334933,-0.135100
4.803114,-0.963071,0.350614,1.230998,0.922432,-1.076695,1.139884,-0.337024,0.249648,-0.327873,0.983352,0.432059,-0.614252,0.806662,-0.107557,-1.715371,-0.175444,0.963979,-2.261149,-0.866220,3.004900,0.328680,-0.391736,0.129021,0.216504,0.039331,-0.226733,0.333037,-0.131607
4.804083,-0.964321,0.351957,1.226322,0.920863,-1.078582,1.138647,-0.336974,0.261957,-0.339281,0.995878,0.435922,-0.613722,0.808234,-0.107279,-1.715761,-0.175320,0.964194,-2.261110,-0.866446,3.005231,0.328543,-0.390440,0.128431,0.215772,0.038819,-0.225128,0.334462,-0.133518
4.804975,-0.966251,0.348885,1.225979,0.920206,-1.080632,1.139991,-0.337078,0.268723,-0.346596,1.003216,0.437567,-0.613113,0.809089,-0.107038,-1.716144,-0.175193,0.964413,-2.261066,-0.866661,3.005571,0.328411,-0.389659,0.127761,0.218081,0.040013,-0.223148,0.335694,-0.133589
4.806005,-0.961240,0.348129,1.225083,0.919249,-1.081492,1.140292,-0.337238,0.267395,-0.348845,1.002842,0.436435,-0.612464,0.809014,-0.106841,-1.716530,-0.175063,0.964633,-2.261024,-0.866877,3.005907,0.328279,-0.388123,0.129165,0.217941,0.040294,-0.220833,0.334181,-0.133325
4.806989,-0.962372,0.349682,1.226691,0.920090,-1.081364,1.138865,-0.337440,0.259865,-0.347992,0.996524,0.433114,-0.611894,0.808284,-0.106684,-1.716921,-0.174931,0.964850,-2.260981,-0.867093,3.006236,0.328152,-0.390702,0.129578,0.218521,0.040937,-0.220016,0.334083,-0.133043
4.808045,-0.960502,0.347168,1.224210,0.919182,-1.081447,1.136647,-0.337471,0.250355,-0.346454,0.988391,0.428813,-0.611504,0.807363,-0.106571,-1.717311,-0.174803,0.965068,-2.260943,-0.867312,3.006576,0.328019,-0.389927,0.128797,0.217688,0.039855,-0.220047,0.335554,-0.132630
4.809033,-0.965696,0.344539,1.226455,0.919868,-1.079849,1.135041,-0.337537,0.240281,-0.344922,0.979755,0.424470,-0.611243,0.806401,-0.106504,-1.717705,-0.174669,0.965291,-2.260902,-0.867533,3.006913,0.327887,-0.390975,0.130138,0.219067,0.040522,-0.219995,0.337977,-0.132608
4.810122,-0.966372,0.345060,1.221716,0.919477,-1.081372,1.132305,-0.336951,0.214060,-0.343430,0.955630,0.418896,-0.610391,0.804079,-0.106449,-1.718476,-0.174403,0.965732,-2.260821,-0.867972,3.007606,0.327620,-0.388283,0.131264,0.220525,0.039719,-0.220073,0.342538,-0.133697
4.811030,-0.964821,0.344875,1.220718,0.918428,-1.082864,1.132809,-0.338028,0.214060,-0.343430,0.955630,0.418896,-0.610391,0.804079,-0.106449,-1.718476,-0.174403,0.965732,-2.260821,-0.867972,3.007606,0.327620,-0.388283,0.131264,0.220525,0.039719,-0.220073,0.342538,-0.133697
4.812089,-0.969554,0.343027,1.223746,0.915967,-1.084080,1.133230,-0.338060,0.193782,-0.341743,0.935869,0.417583,-0.609470,0.802317,-0.106411,-1.718872,-0.174273,0.965957,-2.260780,-0.868186,3.007941,0.327492,-0.388457,0.131230,0.220703,0.040439,-0.218372,0.341890,-0.131480
4.813075,-0.973332,0.346274,1.221907,0.916976,-1.083918,1.134653,-0.338119,0.169074,-0.338214,0.911649,0.415225,-0.608326,0.800010,-0.106313,-1.719251,-0.174137,0.966174,-2.260734,-0.868400,3.008285,0.327360,-0.386373,0.132196,0.219381,0.042546,-0.217270,0.341638,-0.131474
4.813992,-0.973561,0.348716,1.215379,0.915134,-1.085291,1.134156,-0.337519,0.140277,-0.332098,0.883503,0.410883,-0.607029,0.797150,-0.106131,-1.719636,-0.174009,0.966397,-2.260693,-0.868619,3.008619,0.327232,-0.384377,0.130566,0.220247,0.041212,-0.217341,0.340271,-0.131366
4.815033,-0.975754,0.348361,1.211689,0.916906,-1.086608,1.133173,-0.339141,0.104329,-0.321026,0.848410,0.404739,-0.605462,0.793594,-0.105864,-1.720015,-0.173882,0.966624,-2.260648,-0.868833,3.008961,0.327097,-0.383921,0.129276,0.223238,0.042631,-0.215758,0.340660,-0.132528
4.815987,-0.980599,0.347796,1.211838,0.914729,-1.087850,1.132991,-0.338701,0.058603,-0.303607,0.803634,0.397585,-0.603523,0.789267,-0.105510,-1.720400,-0.173753,0.966852,-2.260611,-0.869048,3.009309,0.326973,-0.382967,0.129567,0.225084,0.040657,-0.214509,0.341748,-0.129300
4.816999,-0.983073,0.345914,1.210205,0.914294,-1.089120,1.131713,-0.337781,0.003658,-0.280970,0.749520,0.390571,-0.601238,0.784354,-0.105082,-1.720778,-0.173623,0.967076,-2.260564,-0.869259,3.009652,0.326839,-0.380356,0.129789,0.224824,0.042413,-0.213181,0.341869,-0.130192
4.818117,-0.977489,0.343949,1.211845,0.915128,-1.088125,1.128721,-0.338352,-0.058093,-0.254747,0.688470,0.383659,-0.598791,0.779105,-0.104619,-1.721152,-0.173490,0.967302,-2.260521,-0.869469,3.010000,0.326705,-0.379269,0.130743,0.225618,0.042512,-0.211959,0.343200,-0.132046
4.819090,-0.974975,0.339855,1.207595,0.913178,-1.087671,1.126320,-0.337973,-0.121076,-0.228234,0.626111,0.377578,-0.596392,0.774051,-0.104147,-1.721541,-0.173356,0.967530,-2.260482,-0.869683,3.010361,0.326575,-0.382554,0.131880,0.225013,0.041517,-0.213208,0.346392,-0.130951
4.820020,-0.977200,0.338673,1.206967,0.911973,-1.085855,1.127417,-0.338850,-0.178218,-0.205792,0.569487,0.373880,-0.594200,0.769832,-0.103672,-1.721923,-0.173218,0.967757,-2.260437,-0.869898,3.010716,0.326443,-0.383659,0.133815,0.227004,0.043090,-0.213575,0.348698,-0.131717
4.821121,-0.971854,0.338253,1.205130,0.911065,-1.085396,1.127011,-0.338335,-0.227857,-0.188335,0.520269,0.372120,-0.592305,0.766476,-0.103197,-1.722304,-0.173082,0.967987,-2.260392,-0.870114,3.011066,0.326316,-0.382200,0.134223,0.227006,0.043847,-0.215217,0.347422,-0.129926
4.821978,-0.971533,0.339102,1.202137,0.910482,-1.083906,1.124217,-0.339680,-0.270836,-0.174630,0.477648,0.371267,-0.590725,0.763790,-0.102733,-1.722694,-0.172949,0.968218,-2.260348,-0.870332,3.011410,0.326181,-0.385275,0.134580,0.228074,0.044466,-0.215831,0.348093,-0.131028
4.822985,-0.970431,0.339365,1.198343,0.911163,-1.084923,1.122943,-0.339915,-0.307091,-0.163536,0.441731,0.370835,-0.589450,0.761691,-0.102279,-1.723075,-0.172816,0.968446,-2.260305,-0.870550,3.011767,0.326062,-0.384755,0.133896,0.229105,0.044597,-0.216956,0.350570,-0.128282
4.824086,-0.980540,0.340617,1.198193,0.911312,-1.084057,1.122215,-0.339432,-0.338827,-0.153249,0.410237,0.370849,-0.588346,0.759961,-0.101827,-1.723459,-0.172686,0.968680,-2.260264,-0.870762,3.012127,0.325935,-0.385314,0.133795,0.230857,0.043623,-0.215934,0.351781,-0.127863
4.824967,-0.977780,0.346441,1.194972,0.909317,-1.084113,1.120142,-0.339676,-0.370432,-0.141601,0.378596,0.371770,-0.587174,0.758284,-0.101397,-1.723835,-0.172553,0.968908,-2.260222,-0.870979,3.012480,0.325806,-0.380739,0.133307,0.231105,0.043260,-0.216992,0.352704,-0.128916
4.825997,-0.982070,0.346649,1.191575,0.910433,-1.083858,1.119461,-0.340967,-0.405942,-0.125494,0.342961,0.372348,-0.585876,0.756246,-0.101027,-1.724215,-0.172428,0.969144,-2.260175,-0.871199,3.012840,0.325676,-0.381639,0.130260,0.232217,0.044759,-0.216589,0.354480,-0.128360
4.827102,-0.986541,0.345202,1.190775,0.911819,-1.083777,1.120725,-0.340375,-0.446694,-0.102771,0.302336,0.370983,-0.584577,0.753635,-0.100723,-1.724594,-0.172297,0.969383,-2.260134,-0.871418,3.013196,0.325553,-0.379625,0.130243,0.233777,0.043333,-0.216852,0.355180,-0.125815
4.828077,-0.989707,0.340903,1.190951,0.911350,-1.084149,1.119556,-0.339308,-0.491992,-0.075187,0.257124,0.369444,-0.583234,0.750687,-0.100500,-1.724965,-0.172164,0.969614,-2.260096,-0.871636,3.013551,0.325423,-0.377994,0.131123,0.234312,0.041816,-0.217101,0.354087,-0.127105
4.829064,-0.989617,0.340042,1.189727,0.910250,-1.082801,1.118141,-0.340130,-0.539341,-0.046847,0.209331,0.370318,-0.581808,0.747812,-0.100401,-1.725343,-0.172030,0.969850,-2.260054,-0.871855,3.013911,0.325290,-0.376345,0.133211,0.233970,0.041956,-0.216598,0.355166,-0.129234
4.829959,-0.990502,0.338307,1.191273,0.909459,-1.079870,1.117721,-0.340009,-0.585061,-0.020851,0.162652,0.373523,-0.580477,0.745235,-0.100437,-1.725723,-0.171896,0.970087,-2.260010,-0.872077,3.014270,0.325167,-0.376358,0.133574,0.234354,0.042717,-0.217843,0.356504,-0.127585
4.831155,-0.990499,0.337141,1.193128,0.908805,-1.079893,1.115412,-0.340034,-0.626081,0.001670,0.120447,0.377619,-0.579418,0.743030,-0.100577,-1.726093,-0.171760,0.970316,-2.259966,-0.872298,3.014627,0.325040,-0.375559,0.134222,0.233185,0.043059,-0.220476,0.356657,-0.127815
4.831997,-0.985589,0.341759,1.191644,0.909459,-1.080944,1.115155,-0.339881,-0.659453,0.019866,0.085919,0.381657,-0.578709,0.741329,-0.100801,-1.726472,-0.171623,0.970548,-2.259922,-0.872522,3.014990,0.324911,-0.376506,0.135058,0.232641,0.043488,-0.220730,0.359324,-0.127883
4.833019,-0.983760,0.339104,1.194688,0.905658,-1.080609,1.117809,-0.340391,-0.682988,0.033588,0.061492,0.385206,-0.578360,0.740248,-0.101085,-1.726849,-0.171496,0.970782,-2.259882,-0.872737,3.015341,0.324786,-0.378295,0.132516,0.232819,0.042446,-0.219294,0.359217,-0.128139
4.834128,-0.984558,0.338337,1.197061,0.907498,-1.080038,1.120150,-0.339907,-0.695286,0.043662,0.048874,0.387132,-0.578445,0.739822,-0.101387,-1.727232,-0.171359,0.971011,-2.259830,-0.872957,3.015693,0.324659,-0.379281,0.133851,0.231223,0.045762,-0.219620,0.356568,-0.127145
4.835065,-0.987368,0.340000,1.197712,0.907698,-1.079157,1.121236,-0.340513,-0.694964,0.049394,0.049468,0.387003,-0.579015,0.740187,-0.101670,-1.727613,-0.171225,0.971242,-2.259792,-0.873183,3.016041,0.324529,-0.379376,0.134365,0.230211,0.043725,-0.220291,0.354481,-0.128201
4.836027,-0.988003,0.334954,1.199133,0.908474,-1.078338,1.121052,-0.339534,-0.683737,0.050399,0.061174,0.386736,-0.579813,0.741403,-0.101931,-1.727985,-0.171092,0.971469,-2.259749,-0.873401,3.016393,0.324404,-0.377777,0.133398,0.229643,0.043163,-0.220977,0.353259,-0.126964
4.837083,-0.986707,0.336204,1.197895,0.907431,-1.080162,1.125221,-0.340141,-0.665525,0.047452,0.079722,0.388333,-0.580522,0.743283,-0.102170,-1.728362,-0.170953,0.971697,-2.259708,-0.873625,3.016749,0.324267,-0.377345,0.135805,0.228736,0.042062,-0.221597,0.353345,-0.128922
4.837970,-0.988142,0.336066,1.198569,0.905825,-1.081105,1.126126,-0.340136,-0.642232,0.040570,0.103101,0.392396,-0.581093,0.745680,-0.102382,-1.728742,-0.170819,0.971925,-2.259662,-0.873841,3.017090,0.324144,-0.378285,0.135213,0.229428,0.042770,-0.219834,0.349306,-0.127745
4.838961,-0.989524,0.338227,1.204364,0.904427,-1.082123,1.125510,-0.340226,-0.615499,0.031340,0.129884,0.397420,-0.581692,0.748377,-0.102557,-1.729116,-0.170682,0.972154,-2.259617,-0.874059,3.017440,0.324015,-0.377111,0.135047,0.228682,0.043916,-0.218597,0.348195,-0.127721
4.840091,-0.986279,0.334921,1.205132,0.906788,-1.083499,1.127487,-0.340817,-0.586830,0.022523,0.159006,0.400680,-0.582579,0.751045,-0.102697,-1.729496,-0.170551,0.972376,-2.259568,-0.874276,3.017788,0.323885,-0.376402,0.133943,0.225719,0.044835,-0.217514,0.348822,-0.127548
4.841074,-0.984253,0.331788,1.207163,0.904980,-1.082855,1.130432,-0.340618,-0.554670,0.013656,0.192129,0.402336,-0.583851,0.753785,-0.102816,-1.729877,-0.170411,0.972598,-2.259531,-0.874485,3.018132,0.323759,-0.378649,0.135723,0.225687,0.042327,-0.216451,0.347130,-0.126454
4.842056,-0.985404,0.328662,1.214245,0.902733,-1.082864,1.133836,-0.340678,-0.516044,0.001377,0.231850,0.405121,-0.585397,0.757050,-0.102929,-1.730261,-0.170271,0.972820,-2.259484,-0.874703,3.018470,0.323629,-0.379544,0.137160,0.224601,0.043738,-0.217018,0.344213,-0.126875
4.843033,-0.983402,0.328332,1.219482,0.903833,-1.082372,1.130740,-0.339828,-0.469179,-0.016115,0.279793,0.409177,-0.587241,0.761015,-0.103028,-1.730642,-0.170129,0.973030,-2.259433,-0.874922,3.018800,0.323502,-0.378874,0.138574,0.221114,0.045454,-0.216896,0.340885,-0.126761
4.844051,-0.983314,0.327956,1.217282,0.902216,-1.084156,1.132823,-0.339745,-0.413359,-0.038604,0.336829,0.413294,-0.589456,0.765627,-0.103102,-1.731022,-0.169989,0.973242,-2.259391,-0.875139,3.019148,0.323367,-0.379801,0.138582,0.218535,0.043997,-0.217295,0.344012,-0.128462
4.845019,-0.977463,0.326131,1.216515,0.901002,-1.085263,1.132489,-0.338629,-0.350871,-0.064493,0.400733,0.417441,-0.591882,0.770685,-0.103150,-1.731403,-0.169851,0.973465,-2.259342,-0.875352,3.019485,0.323237,-0.379912,0.138718,0.219701,0.045159,-0.215527,0.341995,-0.128631
4.845966,-0.979120,0.325261,1.217761,0.900522,-1.085535,1.131748,-0.337790,-0.286136,-0.091386,0.467114,0.421024,-0.594353,0.775810,-0.103171,-1.731788,-0.169708,0.973683,-2.259294,-0.875566,3.019828,0.323101,-0.382685,0.139449,0.220014,0.045896,-0.214343,0.342331,-0.130857
4.847198,-0.982646,0.328571,1.222184,0.900618,-1.082996,1.132990,-0.337214,-0.221952,-0.118007,0.533151,0.423531,-0.596799,0.780748,-0.103172,-1.732170,-0.169569,0.973899,-2.259246,-0.875780,3.020175,0.322964,-0.381565,0.139709,0.219292,0.045879,-0.213947,0.342981,-0.132488
4.848053,-0.981361,0.328008,1.223104,0.899286,-1.083971,1.134829,-0.336840,-0.160943,-0.142857,0.596178,0.425172,-0.599101,0.785291,-0.103159,-1.732551,-0.169433,0.974113,-2.259204,-0.876008,3.020515,0.322826,-0.380864,0.138345,0.217765,0.045624,-0.216856,0.342279,-0.133738
4.849090,-0.976719,0.328353,1.214570,0.898653,-1.083611,1.136763,-0.335634,-0.105135,-0.164198,0.654229,0.425918,-0.601201,0.789273,-0.103136,-1.732929,-0.169294,0.974326,-2.259158,-0.876221,3.020855,0.322690,-0.380893,0.138322,0.217025,0.046462,-0.215523,0.340181,-0.134391
4.850003,-0.982495,0.325065,1.221063,0.895994,-1.081972,1.138152,-0.334909,-0.055887,-0.181362,0.705908,0.425771,-0.603117,0.792590,-0.103118,-1.733316,-0.169157,0.974556,-2.259111,-0.876438,3.021190,0.322550,-0.383345,0.138137,0.221329,0.046680,-0.215930,0.338417,-0.136811
4.850986,-0.984373,0.329125,1.227015,0.895716,-1.080206,1.139388,-0.334007,-0.014727,-0.194361,0.749495,0.424678,-0.604868,0.795099,-0.103128,-1.733686,-0.169013,0.974764,-2.259057,-0.876657,3.021522,0.322409,-0.380123,0.139510,0.217918,0.048706,-0.217331,0.336957,-0.138175
4.852115,-0.985251,0.326594,1.226078,0.891787,-1.078739,1.139535,-0.331696,0.019288,-0.203384,0.786002,0.421929,-0.606586,0.796806,-0.103177,-1.734065,-0.168878,0.974973,-2.259010,-0.876877,3.021862,0.322267,-0.379160,0.137376,0.215041,0.048522,-0.218984,0.335754,-0.139938
4.853028,-0.978027,0.324316,1.226964,0.891694,-1.074750,1.140084,-0.331290,0.047837,-0.208306,0.817420,0.416432,-0.608430,0.797804,-0.103271,-1.734448,-0.168735,0.975191,-2.258950,-0.877103,3.022196,0.322111,-0.379299,0.138750,0.215918,0.051839,-0.220581,0.335986,-0.144565
4.853956,-0.980519,0.325223,1.227601,0.891552,-1.072528,1.139425,-0.330566,0.073016,-0.210776,0.845904,0.408260,-0.610456,0.798342,-0.103405,-1.734834,-0.168595,0.975399,-2.258901,-0.877332,3.022539,0.321964,-0.382495,0.139643,0.215373,0.051346,-0.224247,0.335287,-0.145238
4.855089,-0.982528,0.325849,1.231777,0.891407,-1.068857,1.141351,-0.329842,0.097185,-0.213330,0.873508,0.399575,-0.612537,0.798826,-0.103554,-1.735215,-0.168459,0.975613,-2.258850,-0.877564,3.022878,0.321813,-0.380875,0.139005,0.214944,0.050920,-0.226093,0.335876,-0.146582
4.856076,-0.981824,0.325667,1.231629,0.889572,-1.067505,1.142936,-0.328289,0.119823,-0.216031,0.899423,0.392290,-0.614448,0.799369,-0.103707,-1.735593,-0.168320,0.975822,-2.258797,-0.877800,3.023210,0.321662,-0.380526,0.138808,0.213332,0.050574,-0.229835,0.334322,-0.148028
4.857002,-0.979298,0.324138,1.232562,0.888900,-1.062831,1.143795,-0.329226,0.140192,-0.218187,0.922867,0.386563,-0.616091,0.799907,-0.103859,-1.735978,-0.168180,0.976039,-2.258743,-0.878034,3.023541,0.321504,-0.380786,0.138780,0.213438,0.051814,-0.230913,0.332826,-0.151047
4.857971,-0.976255,0.324795,1.233210,0.887052,-1.059297,1.144134,-0.328789,0.159074,-0.220092,0.944648,0.381976,-0.617487,0.800432,-0.103978,-1.736366,-0.168042,0.976250,-2.258691,-0.878280,3.023869,0.321357,-0.381630,0.139361,0.212879,0.051869,-0.235126,0.331950,-0.149025
4.858991,-0.979337,0.325057,1.235220,0.885873,-1.059741,1.144353,-0.327176,0.177791,-0.222375,0.966092,0.378270,-0.618671,0.800983,-0.104029,-1.736749,-0.167903,0.976461,-2.258634,-0.878522,3.024201,0.321205,-0.382993,0.138884,0.212588,0.053054,-0.238292,0.331664,-0.149835
4.859963,-0.977308,0.326022,1.238288,0.884978,-1.058416,1.142655,-0.327548,0.214778,-0.225905,1.008493,0.370201,-0.620769,0.801820,-0.103968,-1.737512,-0.167630,0.976883,-2.258526,-0.879006,3.024868,0.320894,-0.382424,0.138127,0.210241,0.053899,-0.238532,0.333344,-0.152118
4.861068,-0.975677,0.327928,1.232472,0.884213,-1.058367,1.141737,-0.325841,0.214778,-0.225905,1.008493,0.370201,-0.620769,0.801820,-0.103968,-1.737512,-0.167630,0.976883,-2.258526,-0.879006,3.024868,0.320894,-0.382424,0.138127,0.210241,0.053899,-0.238532,0.333344,-0.152118
4.861979,-0.973216,0.332096,1.238003,0.882536,-1.055200,1.145092,-0.325467,0.231477,-0.225555,1.028081,0.364918,-0.621859,0.801913,-0.103904,-1.737892,-0.167494,0.977103,-2.258470,-0.879244,3.025204,0.320733,-0.383736,0.137289,0.213483,0.054102,-0.238536,0.334563,-0.155517
4.863007,-0.977333,0.331659,1.242323,0.880130,-1.052201,1.147398,-0.323735,0.245867,-0.222575,1.045499,0.358716,-0.623033,0.801740,-0.103856,-1.738278,-0.167365,0.977310,-2.258415,-0.879488,3.025528,0.320574,-0.384503,0.135084,0.210591,0.055095,-0.241229,0.331132,-0.156087
4.864106,-0.974846,0.328364,1.241224,0.878180,-1.050997,1.148049,-0.322893,0.259399,-0.216737,1.062326,0.350928,-0.624406,0.801438,-0.103846,-1.738652,-0.167231,0.977513,-2.258354,-0.879735,3.025852,0.320408,-0.382631,0.135332,0.208716,0.056760,-0.243941,0.329056,-0.159461
4.865025,-0.974086,0.328557,1.238928,0.877688,-1.046278,1.145663,-0.323793,0.287284,-0.203030,1.097325,0.331552,-0.627740,0.801004,-0.103920,-1.739426,-0.166958,0.977939,-2.258237,-0.880246,3.026513,0.320083,-0.384217,0.136786,0.210674,0.057790,-0.249053,0.331112,-0.159065
4.865998,-0.973464,0.329128,1.244642,0.875132,-1.046262,1.144675,-0.322807,0.287284,-0.203030,1.097325,0.331552,-0.627740,0.801004,-0.103920,-1.739426,-0.166958,0.977939,-2.258237,-0.880246,3.026513,0.320083,-0.384217,0.136786,0.210674,0.057790,-0.249053,0.331112,-0.159065
4.867075,-0.972979,0.326474,1.243114,0.874134,-1.043017,1.142050,-0.322369,0.300139,-0.197314,1.113587,0.321865,-0.629387,0.800892,-0.103965,-1.739813,-0.166821,0.978139,-2.258173,-0.880496,3.026852,0.319921,-0.384331,0.136394,0.207952,0.059509,-0.248587,0.332095,-0.160948
4.868081,-0.974653,0.335096,1.241393,0.874288,-1.043094,1.142597,-0.321088,0.312847,-0.192708,1.129611,0.312019,-0.630955,0.800812,-0.103996,-1.740197,-0.166681,0.978350,-2.258112,-0.880752,3.027192,0.319757,-0.384895,0.137759,0.209064,0.059786,-0.251596,0.334965,-0.161729
4.869032,-0.976426,0.329950,1.241877,0.872549,-1.041291,1.141940,-0.321604,0.328057,-0.181251,1.150752,0.293109,-0.633159,0.800022,-0.103990,-1.740959,-0.166413,0.978768,-2.257994,-0.881255,3.027860,0.319430,-0.382968,0.135900,0.209833,0.059888,-0.252425,0.335155,-0.162975
4.870070,-0.981356,0.329334,1.244326,0.874322,-1.043219,1.144456,-0.320339,0.328057,-0.181251,1.150752,0.293109,-0.633159,0.800022,-0.103990,-1.740959,-0.166413,0.978768,-2.257994,-0.881255,3.027860,0.319430,-0.382968,0.135900,0.209833,0.059888,-0.252425,0.335155,-0.162975
4.870995,-0.983330,0.334385,1.240810,0.871785,-1.045079,1.144421,-0.321894,0.326573,-0.173534,1.151357,0.285884,-0.633509,0.799129,-0.103943,-1.741338,-0.166278,0.978978,-2.257940,-0.881502,3.028188,0.319257,-0.380694,0.136203,0.208826,0.057516,-0.250200,0.332823,-0.165400
4.872021,-0.982490,0.331109,1.242260,0.869987,-1.042913,1.145550,-0.321871,0.318536,-0.165458,1.144574,0.281311,-0.633326,0.797948,-0.103861,-1.741716,-0.166147,0.979192,-2.257877,-0.881743,3.028518,0.319100,-0.379407,0.133541,0.210491,0.059227,-0.247887,0.332845,-0.162097
4.873111,-0.986213,0.332754,1.240861,0.870033,-1.042145,1.143887,-0.322770,0.303112,-0.155248,1.129930,0.277333,-0.632804,0.796286,-0.103719,-1.742101,-0.166009,0.979402,-2.257815,-0.881997,3.028847,0.318934,-0.379920,0.135185,0.209936,0.060255,-0.249739,0.331888,-0.162060
4.874001,-0.985988,0.331536,1.244229,0.869815,-1.042970,1.140411,-0.322460,0.282026,-0.143772,1.109302,0.273112,-0.632076,0.794261,-0.103526,-1.742481,-0.165876,0.979613,-2.257756,-0.882247,3.029184,0.318779,-0.378468,0.134460,0.211013,0.059533,-0.250305,0.333849,-0.160203
4.874969,-0.985915,0.331432,1.240368,0.869751,-1.041289,1.139769,-0.322530,0.257022,-0.132534,1.084361,0.269599,-0.631119,0.792106,-0.103310,-1.742856,-0.165740,0.979819,-2.257696,-0.882491,3.029529,0.318618,-0.378163,0.134852,0.209181,0.058930,-0.248917,0.337140,-0.160678
4.876090,-0.980800,0.329449,1.236881,0.868667,-1.042584,1.140997,-0.322911,0.229566,-0.122506,1.056575,0.267582,-0.629942,0.789975,-0.103082,-1.743236,-0.165608,0.980034,-2.257640,-0.882746,3.029867,0.318458,-0.378076,0.134839,0.211130,0.058314,-0.250124,0.337760,-0.160404
4.877040,-0.977412,0.326451,1.234053,0.866380,-1.040952,1.142204,-0.322064,0.201014,-0.114886,1.027246,0.267632,-0.628576,0.788003,-0.102836,-1.743619,-0.165468,0.980250,-2.257580,-0.882989,3.030204,0.318304,-0.381201,0.135937,0.213244,0.058770,-0.248757,0.336855,-0.159618
4.877971,-0.978737,0.323300,1.237039,0.865539,-1.039998,1.142249,-0.323695,0.173561,-0.111159,0.998528,0.269456,-0.627139,0.786342,-0.102569,-1.744003,-0.165331,0.980469,-2.257516,-0.883244,3.030542,0.318140,-0.382613,0.137294,0.214534,0.060195,-0.249877,0.335612,-0.161187
4.879142,-0.974652,0.324335,1.233407,0.865282,-1.040565,1.143458,-0.322916,0.149591,-0.112548,0.972819,0.272302,-0.625768,0.785099,-0.102278,-1.744383,-0.165191,0.980683,-2.257456,-0.883500,3.030874,0.317987,-0.381616,0.138655,0.212912,0.060217,-0.250243,0.335537,-0.157758
4.880003,-0.970211,0.325259,1.229187,0.865254,-1.041027,1.140728,-0.324117,0.129903,-0.119090,0.950946,0.276107,-0.624465,0.784293,-0.101957,-1.744768,-0.165055,0.980900,-2.257397,-0.883747,3.031211,0.317826,-0.384446,0.138341,0.215259,0.059873,-0.249678,0.334763,-0.159343
4.880996,-0.971800,0.328299,1.229891,0.861367,-1.040974,1.140845,-0.323867,0.113530,-0.129348,0.932013,0.281134,-0.623150,0.783853,-0.101625,-1.745158,-0.164920,0.981123,-2.257338,-0.883994,3.031556,0.317675,-0.385910,0.137604,0.216965,0.059081,-0.248574,0.337267,-0.156757
4.882025,-0.976547,0.328435,1.230972,0.863786,-1.042658,1.137559,-0.325419,0.097931,-0.139979,0.913777,0.285702,-0.621867,0.783452,-0.101286,-1.745535,-0.164787,0.981339,-2.257269,-0.884235,3.031892,0.317520,-0.385110,0.136056,0.216630,0.062033,-0.248324,0.337191,-0.157196
4.883203,-0.977245,0.328279,1.224428,0.864128,-1.042982,1.134961,-0.324863,0.080330,-0.147833,0.893736,0.288011,-0.620674,0.782760,-0.100934,-1.745914,-0.164651,0.981554,-2.257214,-0.884479,3.032242,0.317374,-0.382879,0.135988,0.216226,0.058973,-0.246371,0.340581,-0.154022
4.883993,-0.975511,0.327447,1.217900,0.863203,-1.043482,1.135640,-0.325675,0.057887,-0.152324,0.868826,0.289916,-0.619337,0.781715,-0.100588,-1.746298,-0.164514,0.981784,-2.257159,-0.884731,3.032587,0.317215,-0.383337,0.136289,0.219902,0.058134,-0.246049,0.343578,-0.155166
4.885124,-0.980333,0.326901,1.219768,0.862095,-1.040285,1.136224,-0.325277,0.028111,-0.153680,0.836255,0.293480,-0.617639,0.780285,-0.100280,-1.746680,-0.164376,0.982011,-2.257098,-0.884973,3.032931,0.317064,-0.383226,0.136288,0.222514,0.058166,-0.244794,0.342452,-0.153328
4.886111,-0.979839,0.326580,1.213809,0.861396,-1.041492,1.138337,-0.324806,-0.009009,-0.151962,0.796027,0.298469,-0.615620,0.778443,-0.100032,-1.747062,-0.164241,0.982235,-2.257036,-0.885229,3.033278,0.316905,-0.381395,0.136729,0.221851,0.058584,-0.247878,0.342174,-0.154116
4.887012,-0.977383,0.324974,1.215230,0.859478,-1.038167,1.135760,-0.325028,-0.051645,-0.147680,0.750087,0.304350,-0.613376,0.776275,-0.099845,-1.747442,-0.164104,0.982463,-2.256979,-0.885468,3.033611,0.316750,-0.381617,0.136801,0.224741,0.058589,-0.246325,0.340115,-0.154965
4.888018,-0.975124,0.323562,1.209589,0.858830,-1.040318,1.134258,-0.324754,-0.096836,-0.141855,0.701544,0.310614,-0.611010,0.773949,-0.099711,-1.747828,-0.163965,0.982687,-2.256914,-0.885724,3.033958,0.316594,-0.382341,0.137364,0.223689,0.059595,-0.249054,0.342552,-0.154362
4.889021,-0.975067,0.325301,1.209630,0.860547,-1.041939,1.134139,-0.326083,-0.140754,-0.136043,0.654366,0.316753,-0.608648,0.771665,-0.099618,-1.748218,-0.163827,0.982922,-2.256854,-0.885969,3.034304,0.316438,-0.383404,0.138007,0.226392,0.059497,-0.246536,0.344086,-0.154832
4.890023,-0.978623,0.325730,1.208060,0.858009,-1.043639,1.136774,-0.325942,-0.181556,-0.131190,0.610301,0.323512,-0.606253,0.769569,-0.099557,-1.748597,-0.163693,0.983144,-2.256802,-0.886207,3.034649,0.316291,-0.383454,0.137087,0.226336,0.057194,-0.244663,0.344229,-0.152089
4.891063,-0.973930,0.323639,1.202248,0.856930,-1.047933,1.138140,-0.325791,-0.219637,-0.126677,0.568861,0.331425,-0.603753,0.767658,-0.099504,-1.748977,-0.163558,0.983373,-2.256737,-0.886446,3.034990,0.316136,-0.381684,0.136846,0.227028,0.058929,-0.242704,0.341623,-0.152314
4.892076,-0.975549,0.323087,1.200456,0.854807,-1.049304,1.140530,-0.323916,-0.255633,-0.121682,0.529546,0.339207,-0.601257,0.765815,-0.099444,-1.749368,-0.163417,0.983609,-2.256678,-0.886674,3.035324,0.315981,-0.384143,0.137849,0.229876,0.059303,-0.238309,0.340455,-0.152550
4.892975,-0.979919,0.324326,1.199310,0.853696,-1.049342,1.142543,-0.324337,-0.289246,-0.116591,0.492769,0.345785,-0.598918,0.764042,-0.099382,-1.749746,-0.163279,0.983840,-2.256614,-0.886905,3.035655,0.315817,-0.383402,0.138065,0.230653,0.060598,-0.236815,0.338198,-0.156218
4.893979,-0.979563,0.325693,1.196549,0.852158,-1.051374,1.144831,-0.323155,-0.321410,-0.110807,0.457679,0.350587,-0.596770,0.762282,-0.099309,-1.750120,-0.163144,0.984071,-2.256554,-0.887141,3.035988,0.315663,-0.380814,0.137231,0.230832,0.060892,-0.236330,0.336073,-0.155190
4.894994,-0.986181,0.325237,1.195737,0.851612,-1.053022,1.144758,-0.322727,-0.388770,-0.091475,0.385652,0.353750,-0.592894,0.758335,-0.099044,-1.750868,-0.162873,0.984537,-2.256430,-0.887596,3.036654,0.315340,-0.377943,0.136714,0.232367,0.061405,-0.232377,0.334131,-0.158213
4.896108,-0.983791,0.325378,1.198822,0.851723,-1.054323,1.144128,-0.323454,-0.388770,-0.091475,0.385652,0.353750,-0.592894,0.758335,-0.099044,-1.750868,-0.162873,0.984537,-2.256430,-0.887596,3.036654,0.315340,-0.377943,0.136714,0.232367,0.061405,-0.232377,0.334131,-0.158213
4.897024,-0.982941,0.329170,1.196433,0.850065,-1.057354,1.145153,-0.322769,-0.455117,-0.066398,0.316371,0.353247,-0.589436,0.754516,-0.098583,-1.751630,-0.162605,0.985000,-2.256309,-0.888046,3.037322,0.315027,-0.379746,0.134711,0.231840,0.061454,-0.227844,0.333981,-0.157961
4.898026,-0.987525,0.328090,1.195993,0.848351,-1.057062,1.147682,-0.322444,-0.455117,-0.066398,0.316371,0.353247,-0.589436,0.754516,-0.098583,-1.751630,-0.162605,0.985000,-2.256309,-0.888046,3.037322,0.315027,-0.379746,0.134711,0.231840,0.061454,-0.227844,0.333981,-0.157961
4.899015,-0.988047,0.325664,1.197917,0.846683,-1.058936,1.151637,-0.321341,-0.482768,-0.053677,0.288097,0.352039,-0.588001,0.752926,-0.098274,-1.752004,-0.162469,0.985232,-2.256246,-0.888273,3.037650,0.314869,-0.377522,0.135235,0.231915,0.062376,-0.228022,0.331573,-0.158505
4.900035,-0.986057,0.319769,1.199332,0.846406,-1.060502,1.154021,-0.321740,-0.507440,-0.040816,0.263262,0.349602,-0.586752,0.751396,-0.097916,-1.752379,-0.162331,0.985463,-2.256180,-0.888492,3.037970,0.314706,-0.377305,0.136354,0.230789,0.063149,-0.226041,0.327766,-0.160605
4.901051,-0.984953,0.322347,1.200949,0.844249,-1.064326,1.153812,-0.320966,-0.525425,-0.031635,0.245239,0.347461,-0.585693,0.750346,-0.097530,-1.752761,-0.162186,0.985690,-2.256117,-0.888715,3.038291,0.314548,-0.378392,0.139191,0.230053,0.062611,-0.224415,0.325614,-0.159684
4.901977,-0.984907,0.323837,1.201620,0.845611,-1.067021,1.153254,-0.321368,-0.532872,-0.029007,0.237699,0.346564,-0.584881,0.750161,-0.097138,-1.753146,-0.162054,0.985919,-2.256053,-0.888927,3.038614,0.314379,-0.378971,0.137873,0.229184,0.063943,-0.220601,0.326048,-0.161121
4.903042,-0.983451,0.327262,1.204850,0.845804,-1.069083,1.152552,-0.321177,-0.530328,-0.031392,0.240194,0.346275,-0.584339,0.750765,-0.096749,-1.753521,-0.161919,0.986145,-2.255995,-0.889133,3.038942,0.314222,-0.378726,0.136969,0.228598,0.061800,-0.217823,0.326582,-0.160160
4.903988,-0.983205,0.325767,1.203820,0.843653,-1.071743,1.150662,-0.322193,-0.519869,-0.036378,0.250710,0.346848,-0.583964,0.752067,-0.096375,-1.753903,-0.161786,0.986368,-2.255936,-0.889342,3.039271,0.314058,-0.379756,0.135340,0.227113,0.060952,-0.215944,0.327554,-0.160467
4.904975,-0.982244,0.323635,1.203523,0.843234,-1.072229,1.148022,-0.322222,-0.502953,-0.042628,0.267870,0.348067,-0.583764,0.753983,-0.096032,-1.754284,-0.161646,0.986594,-2.255874,-0.889548,3.039603,0.313903,-0.379614,0.135925,0.227432,0.062288,-0.213227,0.329454,-0.158293
4.906013,-0.987208,0.325546,1.207093,0.842599,-1.072000,1.149627,-0.322290,-0.481630,-0.049560,0.289655,0.348830,-0.583854,0.756244,-0.095733,-1.754659,-0.161508,0.986821,-2.255814,-0.889760,3.039939,0.313744,-0.380121,0.136892,0.227467,0.061948,-0.212729,0.332155,-0.158143
4.907011,-0.986089,0.322293,1.210957,0.840298,-1.073253,1.150961,-0.321712,-0.432825,-0.064573,0.339669,0.349067,-0.584930,0.761009,-0.095331,-1.755409,-0.161233,0.987263,-2.255686,-0.890181,3.040591,0.313426,-0.378516,0.137483,0.223817,0.063261,-0.211810,0.329547,-0.158990
4.908052,-0.987431,0.323782,1.210840,0.840501,-1.072492,1.153613,-0.321069,-0.432825,-0.064573,0.339669,0.349067,-0.584930,0.761009,-0.095331,-1.755409,-0.161233,0.987263,-2.255686,-0.890181,3.040591,0.313426,-0.378516,0.137483,0.223817,0.063261,-0.211810,0.329547,-0.158990
4.909118,-0.988396,0.321257,1.215281,0.838440,-1.072291,1.152602,-0.322021,-0.404805,-0.073041,0.368499,0.348342,-0.586016,0.763479,-0.095273,-1.755787,-0.161099,0.987489,-2.255626,-0.890393,3.040916,0.313263,-0.378057,0.136744,0.223938,0.062309,-0.212684,0.327121,-0.160175
4.910104,-0.987468,0.322029,1.222340,0.837826,-1.070015,1.154330,-0.321422,-0.374265,-0.082548,0.399904,0.347425,-0.587437,0.766054,-0.095310,-1.756167,-0.160957,0.987706,-2.255560,-0.890609,3.041241,0.313108,-0.377900,0.138009,0.221910,0.063543,-0.212984,0.328460,-0.158189
4.910976,-0.992817,0.321772,1.225635,0.838231,-1.069386,1.151486,-0.322050,-0.339859,-0.093626,0.435253,0.346205,-0.589209,0.768873,-0.095422,-1.756545,-0.160821,0.987917,-2.255497,-0.890826,3.041567,0.312947,-0.378349,0.137524,0.218438,0.063323,-0.215202,0.326820,-0.159297
4.912091,-0.991225,0.323705,1.230743,0.836793,-1.070603,1.151511,-0.322937,-0.300807,-0.106372,0.475363,0.344913,-0.591249,0.772080,-0.095590,-1.756915,-0.160685,0.988130,-2.255438,-0.891041,3.041904,0.312789,-0.375177,0.137403,0.216567,0.062110,-0.215512,0.329513,-0.157851
4.913086,-0.987705,0.322815,1.225932,0.836834,-1.073959,1.152490,-0.323332,-0.259292,-0.119401,0.518092,0.343702,-0.593362,0.775551,-0.095779,-1.757295,-0.160549,0.988338,-2.255374,-0.891252,3.042233,0.312637,-0.376567,0.136553,0.214462,0.062793,-0.214544,0.329835,-0.156059
4.914005,-0.991118,0.320557,1.233853,0.836316,-1.071979,1.155249,-0.322580,-0.216569,-0.131978,0.562233,0.342284,-0.595474,0.779193,-0.095946,-1.757677,-0.160410,0.988560,-2.255310,-0.891457,3.042565,0.312482,-0.378298,0.136916,0.216879,0.061913,-0.211224,0.328944,-0.155188
4.914998,-0.992023,0.320569,1.237709,0.835775,-1.072351,1.154359,-0.323591,-0.173101,-0.144736,0.607080,0.341441,-0.597486,0.783063,-0.096068,-1.758055,-0.160271,0.988766,-2.255248,-0.891674,3.042884,0.312322,-0.376213,0.137830,0.212806,0.061588,-0.213038,0.326182,-0.156561
4.916038,-0.990534,0.315978,1.234296,0.835104,-1.074180,1.154353,-0.323063,-0.128691,-0.158432,0.652649,0.341876,-0.599298,0.787215,-0.096124,-1.758429,-0.160132,0.988972,-2.255188,-0.891883,3.043215,0.312172,-0.375846,0.137712,0.211065,0.061369,-0.212662,0.327214,-0.154435
4.917034,-0.988997,0.316295,1.231958,0.834166,-1.074163,1.153976,-0.323285,-0.083882,-0.173271,0.698415,0.343592,-0.600865,0.791527,-0.096108,-1.758807,-0.159989,0.989190,-2.255126,-0.892091,3.043543,0.312013,-0.376819,0.139965,0.212941,0.061282,-0.210947,0.327426,-0.155439
4.918122,-0.985643,0.316857,1.237783,0.831633,-1.073386,1.154107,-0.323859,-0.041275,-0.188842,0.741695,0.346619,-0.602141,0.795720,-0.096041,-1.759183,-0.159851,0.989404,-2.255064,-0.892298,3.043871,0.311861,-0.377634,0.139691,0.214166,0.061424,-0.211022,0.327934,-0.154904
4.919036,-0.993704,0.316694,1.242632,0.831352,-1.074122,1.153353,-0.324780,-0.001042,-0.204218,0.782440,0.349772,-0.603281,0.799655,-0.095935,-1.759564,-0.159709,0.989611,-2.254998,-0.892514,3.044204,0.311712,-0.379723,0.139429,0.211612,0.063149,-0.211964,0.328085,-0.153730
4.919983,-0.986846,0.315921,1.240410,0.829334,-1.073057,1.152993,-0.325535,0.038301,-0.218311,0.822413,0.351357,-0.604533,0.803299,-0.095796,-1.759934,-0.159572,0.989815,-2.254937,-0.892725,3.044531,0.311564,-0.375375,0.139305,0.209154,0.062583,-0.211036,0.328802,-0.151777
4.921056,-0.989101,0.315325,1.239575,0.827665,-1.070477,1.155820,-0.325791,0.075762,-0.230132,0.860721,0.351059,-0.605934,0.806559,-0.095657,-1.760313,-0.159431,0.990027,-2.254870,-0.892935,3.044862,0.311415,-0.378663,0.139502,0.210268,0.063671,-0.212032,0.329166,-0.150179
4.922043,-0.985147,0.312481,1.242255,0.826671,-1.070044,1.155350,-0.326912,0.109984,-0.239374,0.895977,0.349255,-0.607435,0.809426,-0.095535,-1.760691,-0.159293,0.990239,-2.254804,-0.893157,3.045187,0.311268,-0.377873,0.139831,0.210980,0.064500,-0.214694,0.326615,-0.149661
4.923033,-0.992012,0.316938,1.246009,0.826293,-1.068462,1.155919,-0.325065,0.141489,-0.246991,0.928545,0.346704,-0.608994,0.812069,-0.095421,-1.761076,-0.159150,0.990449,-2.254739,-0.893377,3.045511,0.311126,-0.379770,0.141107,0.209704,0.064624,-0.214998,0.327246,-0.147356
4.924091,-0.993184,0.314085,1.247949,0.824862,-1.068598,1.154012,-0.325984,0.170841,-0.253324,0.958859,0.344168,-0.610530,0.814600,-0.095311,-1.761445,-0.159014,0.990652,-2.254677,-0.893593,3.045837,0.310970,-0.376381,0.138770,0.208006,0.064189,-0.216527,0.326791,-0.151014
4.925096,-0.992561,0.315106,1.241905,0.823830,-1.069828,1.152406,-0.325415,0.196334,-0.256971,0.985266,0.341593,-0.611905,0.816852,-0.095199,-1.761824,-0.158871,0.990860,-2.254612,-0.893806,3.046166,0.310824,-0.376116,0.140192,0.207356,0.064813,-0.216492,0.328973,-0.149103
4.926072,-0.991925,0.316991,1.244746,0.822524,-1.070037,1.151312,-0.325881,0.215547,-0.257145,1.005370,0.338802,-0.612978,0.818599,-0.095062,-1.762202,-0.158733,0.991072,-2.254546,-0.894018,3.046501,0.310671,-0.376501,0.139587,0.210522,0.064951,-0.215270,0.330675,-0.150192
4.927088,-0.996424,0.315388,1.248009,0.823816,-1.070151,1.151030,-0.325655,0.227410,-0.253451,1.018107,0.335556,-0.613673,0.819727,-0.094879,-1.762581,-0.158597,0.991279,-2.254479,-0.894233,3.046838,0.310525,-0.376733,0.138550,0.209153,0.065341,-0.214985,0.331797,-0.149176
4.928080,-0.997044,0.311576,1.242872,0.823306,-1.072118,1.151796,-0.325835,0.233389,-0.246450,1.024872,0.332479,-0.613937,0.820363,-0.094660,-1.762958,-0.158455,0.991485,-2.254421,-0.894448,3.047169,0.310375,-0.374585,0.139262,0.207740,0.063334,-0.214883,0.332221,-0.149581
4.929002,-0.994947,0.311468,1.241236,0.824482,-1.074177,1.154296,-0.326614,0.234627,-0.238284,1.026470,0.331728,-0.613635,0.820727,-0.094439,-1.763327,-0.158310,0.991699,-2.254358,-0.894653,3.047501,0.310227,-0.374406,0.141006,0.210406,0.063040,-0.212956,0.331533,-0.149149
4.930051,-0.996896,0.311619,1.244324,0.820284,-1.072977,1.155964,-0.325772,0.230873,-0.230642,1.022333,0.335134,-0.612692,0.820981,-0.094237,-1.763704,-0.158172,0.991912,-2.254301,-0.894860,3.047830,0.310083,-0.375153,0.140845,0.211090,0.061135,-0.210778,0.328981,-0.147495
4.930977,-0.996601,0.305798,1.246134,0.822119,-1.073052,1.153795,-0.323716,0.216507,-0.218047,1.005796,0.349448,-0.610009,0.821701,-0.093926,-1.764447,-0.157881,0.992325,-2.254173,-0.895287,3.048487,0.309767,-0.374446,0.143328,0.208897,0.061787,-0.211845,0.329737,-0.153133
4.931991,-0.998630,0.309691,1.247337,0.819380,-1.072302,1.151122,-0.323811,0.216507,-0.218047,1.005796,0.349448,-0.610009,0.821701,-0.093926,-1.764447,-0.157881,0.992325,-2.254173,-0.895287,3.048487,0.309767,-0.374446,0.143328,0.208897,0.061787,-0.211845,0.329737,-0.153133
4.933004,-0.995184,0.311791,1.248513,0.818302,-1.070697,1.148303,-0.323254,0.210437,-0.214197,0.998400,0.357870,-0.608760,0.822396,-0.093854,-1.764822,-0.157745,0.992533,-2.254106,-0.895500,3.048823,0.309613,-0.373566,0.141301,0.208484,0.063673,-0.212628,0.332530,-0.152825
4.934001,-0.994656,0.311360,1.253400,0.816997,-1.069248,1.144483,-0.322256,0.204892,-0.209887,0.991833,0.364980,-0.607766,0.823179,-0.093795,-1.765195,-0.157605,0.992739,-2.254043,-0.895719,3.049165,0.309460,-0.375468,0.140173,0.208100,0.063937,-0.214207,0.335430,-0.153882
4.935001,-0.998531,0.311708,1.250503,0.816973,-1.071447,1.142930,-0.321363,0.201128,-0.203915,0.987746,0.369006,-0.607213,0.824009,-0.093726,-1.765574,-0.157466,0.992941,-2.253978,-0.895936,3.049516,0.309301,-0.375736,0.140309,0.205861,0.064379,-0.215600,0.339245,-0.155781
4.936047,-1.000435,0.310476,1.252156,0.817903,-1.070596,1.145043,-0.322088,0.199241,-0.196745,0.986115,0.370452,-0.607035,0.824861,-0.093665,-1.765940,-0.157327,0.993149,-2.253917,-0.896141,3.049858,0.309139,-0.373952,0.140041,0.207497,0.063623,-0.213436,0.340829,-0.157446
4.937029,-0.996677,0.307301,1.249746,0.817623,-1.071599,1.143958,-0.322416,0.195801,-0.188234,0.983039,0.371228,-0.606910,0.825568,-0.093609,-1.766318,-0.157184,0.993354,-2.253857,-0.896360,3.050196,0.308985,-0.373265,0.140603,0.206950,0.061977,-0.214350,0.338848,-0.155907
4.938019,-1.003420,0.308855,1.247546,0.817699,-1.067710,1.141367,-0.321646,0.190422,-0.180063,0.977676,0.373843,-0.606589,0.826286,-0.093530,-1.766700,-0.157039,0.993567,-2.253796,-0.896573,3.050533,0.308834,-0.375073,0.142012,0.208221,0.061473,-0.213285,0.340004,-0.155175
4.939073,-1.001240,0.310090,1.246637,0.816904,-1.069108,1.139152,-0.321648,0.182573,-0.172898,0.969330,0.379130,-0.605945,0.826986,-0.093415,-1.767072,-0.156900,0.993776,-2.253736,-0.896799,3.050880,0.308675,-0.371717,0.141104,0.209433,0.060653,-0.217063,0.342613,-0.156632
4.940063,-1.003642,0.308809,1.247363,0.815422,-1.067697,1.138175,-0.321447,0.168994,-0.164396,0.954850,0.385922,-0.604915,0.827255,-0.093262,-1.767448,-0.156762,0.993987,-2.253676,-0.897012,3.051236,0.308519,-0.373169,0.140495,0.210138,0.060752,-0.215716,0.344905,-0.156550
4.940955,-1.002695,0.310338,1.246605,0.815413,-1.066357,1.135749,-0.320726,0.150066,-0.153596,0.934890,0.392438,-0.603690,0.826977,-0.093075,-1.767821,-0.156621,0.994196,-2.253612,-0.897233,3.051583,0.308361,-0.371992,0.141013,0.209873,0.061383,-0.217053,0.345865,-0.156849
4.942112,-0.999615,0.308701,1.246291,0.816486,-1.064462,1.132758,-0.320356,0.128020,-0.141084,0.911911,0.397626,-0.602500,0.826280,-0.092863,-1.768191,-0.156483,0.994404,-2.253553,-0.897454,3.051936,0.308201,-0.372121,0.139982,0.210113,0.060581,-0.218074,0.348060,-0.158134
4.943011,-1.000745,0.308419,1.244300,0.816296,-1.061497,1.135694,-0.321103,0.105052,-0.128228,0.888163,0.402256,-0.601428,0.825420,-0.092645,-1.768569,-0.156340,0.994616,-2.253496,-0.897678,3.052297,0.308038,-0.374445,0.140937,0.210803,0.058953,-0.220193,0.351325,-0.158831
4.943993,-0.994432,0.311003,1.245502,0.813907,-1.057573,1.134875,-0.320605,0.083309,-0.117068,0.865640,0.408040,-0.600475,0.824734,-0.092443,-1.768935,-0.156200,0.994827,-2.253437,-0.897904,3.052639,0.307883,-0.373567,0.140798,0.211643,0.058370,-0.222811,0.348161,-0.157176
4.945107,-0.998499,0.309594,1.238930,0.813579,-1.057141,1.132763,-0.319359,0.063892,-0.107771,0.845521,0.414496,-0.599731,0.824338,-0.092265,-1.769316,-0.156061,0.995037,-2.253375,-0.898138,3.052988,0.307723,-0.376684,0.139382,0.211106,0.059958,-0.226495,0.348990,-0.158078
4.946103,-0.998979,0.306403,1.240321,0.812003,-1.055354,1.130750,-0.319275,0.045997,-0.098826,0.827261,0.419465,-0.599305,0.824002,-0.092118,-1.769690,-0.155920,0.995262,-2.253318,-0.898369,3.053340,0.307558,-0.375205,0.140172,0.214682,0.059677,-0.226950,0.351345,-0.160522
4.947006,-1.004453,0.306904,1.238183,0.811018,-1.056565,1.131215,-0.319242,0.026514,-0.089484,0.807670,0.422164,-0.599082,0.823343,-0.091992,-1.770060,-0.155776,0.995472,-2.253254,-0.898599,3.053700,0.307398,-0.375105,0.141614,0.214057,0.060442,-0.228562,0.353288,-0.160556
4.948105,-1.000258,0.308440,1.234711,0.812126,-1.054522,1.130169,-0.319470,0.003359,-0.079668,0.784529,0.422411,-0.598918,0.822113,-0.091858,-1.770428,-0.155638,0.995689,-2.253195,-0.898825,3.054055,0.307235,-0.372044,0.141115,0.214928,0.060622,-0.226973,0.352567,-0.160445
4.948987,-1.001414,0.308513,1.233260,0.810071,-1.053646,1.129358,-0.317366,-0.024327,-0.068846,0.756937,0.420633,-0.598651,0.820249,-0.091703,-1.770805,-0.155499,0.995906,-2.253138,-0.899053,3.054409,0.307076,-0.374714,0.140411,0.216973,0.058909,-0.229104,0.353815,-0.159937
4.950046,-1.003843,0.308101,1.235854,0.809641,-1.056186,1.134161,-0.319145,-0.055948,-0.056950,0.725446,0.417721,-0.598131,0.817835,-0.091550,-1.771181,-0.155357,0.996126,-2.253078,-0.899283,3.054766,0.306904,-0.373614,0.140068,0.217376,0.060157,-0.229542,0.354332,-0.163973
4.951103,-1.007946,0.308798,1.231401,0.809957,-1.054211,1.134117,-0.320030,-0.089472,-0.044506,0.692155,0.413409,-0.597427,0.815012,-0.091396,-1.771555,-0.155217,0.996340,-2.253019,-0.899509,3.055108,0.306750,-0.372759,0.140271,0.216295,0.059904,-0.226960,0.349649,-0.160284
4.952113,-1.005156,0.307101,1.221611,0.809362,-1.054321,1.134933,-0.320134,-0.124531,-0.031875,0.657394,0.408099,-0.596572,0.811881,-0.091220,-1.771923,-0.155077,0.996562,-2.252963,-0.899740,3.055458,0.306591,-0.371126,0.139900,0.218687,0.058966,-0.228913,0.349865,-0.158461
4.953000,-1.003304,0.310186,1.219014,0.808739,-1.054629,1.135974,-0.319398,-0.163824,-0.018813,0.618267,0.403226,-0.595407,0.808364,-0.091045,-1.772297,-0.154937,0.996797,-2.252904,-0.899971,3.055807,0.306437,-0.372687,0.140671,0.223466,0.058865,-0.228615,0.349067,-0.158188
4.954122,-1.011594,0.313567,1.222734,0.808196,-1.051546,1.135610,-0.319490,-0.208733,-0.004975,0.573307,0.399198,-0.593915,0.804412,-0.090921,-1.772672,-0.154802,0.997026,-2.252847,-0.900197,3.056148,0.306276,-0.373159,0.138881,0.224323,0.058725,-0.227922,0.347841,-0.159508
4.955052,-1.008960,0.307571,1.215771,0.807847,-1.051166,1.134980,-0.319070,-0.257881,0.010480,0.524083,0.395095,-0.592274,0.800102,-0.090863,-1.773032,-0.154666,0.997244,-2.252789,-0.900438,3.056502,0.306117,-0.369783,0.137335,0.222792,0.058657,-0.231012,0.348458,-0.159266
4.955993,-1.006580,0.310653,1.216474,0.808385,-1.052008,1.134881,-0.319574,-0.309948,0.027223,0.472018,0.390764,-0.590559,0.795538,-0.090862,-1.773403,-0.154523,0.997476,-2.252731,-0.900674,3.056847,0.305955,-0.370947,0.140130,0.225988,0.058268,-0.230984,0.348968,-0.159966
4.957135,-1.002936,0.315996,1.215250,0.809819,-1.053086,1.139726,-0.319840,-0.362041,0.042484,0.419914,0.387531,-0.588766,0.791031,-0.090911,-1.773774,-0.154388,0.997699,-2.252677,-0.900898,3.057198,0.305801,-0.371996,0.138405,0.225419,0.057070,-0.229886,0.348934,-0.158822
4.958118,-1.008470,0.315900,1.218989,0.807107,-1.055196,1.141395,-0.319590,-0.409711,0.054798,0.372274,0.386429,-0.586953,0.786998,-0.091000,-1.774150,-0.154259,0.997927,-2.252627,-0.901127,3.057539,0.305641,-0.374537,0.135984,0.226335,0.055225,-0.228948,0.344400,-0.158266
4.959041,-1.006323,0.316159,1.214901,0.808398,-1.055476,1.141859,-0.320574,-0.450488,0.064894,0.331742,0.386683,-0.585246,0.783566,-0.091115,-1.774522,-0.154126,0.998148,-2.252568,-0.901349,3.057874,0.305479,-0.371756,0.136004,0.224379,0.057246,-0.226690,0.342818,-0.158650
4.960112,-1.006741,0.318803,1.212358,0.805161,-1.056125,1.141271,-0.319907,-0.485062,0.073522,0.297703,0.386924,-0.583716,0.780528,-0.091238,-1.774891,-0.153990,0.998376,-2.252516,-0.901574,3.058214,0.305329,-0.372659,0.135704,0.226175,0.055327,-0.226139,0.342263,-0.156550
4.961017,-1.005255,0.318563,1.211324,0.805504,-1.056545,1.141797,-0.321405,-0.515623,0.081545,0.267977,0.386393,-0.582312,0.777617,-0.091349,-1.775271,-0.153860,0.998610,-2.252452,-0.901797,3.058562,0.305167,-0.372786,0.134495,0.227458,0.057805,-0.225528,0.343028,-0.157838
4.961959,-1.009746,0.321804,1.213389,0.803856,-1.058538,1.139861,-0.320366,-0.543444,0.089884,0.241326,0.384109,-0.581046,0.774671,-0.091416,-1.775641,-0.153726,0.998838,-2.252398,-0.902020,3.058903,0.305023,-0.373233,0.134446,0.227621,0.056761,-0.224794,0.342344,-0.154704
4.963057,-1.008451,0.322384,1.210159,0.805816,-1.061199,1.138189,-0.320765,-0.568673,0.098954,0.217557,0.379612,-0.579954,0.771685,-0.091416,-1.776011,-0.153595,0.999062,-2.252340,-0.902243,3.059251,0.304862,-0.370832,0.132723,0.226384,0.057702,-0.222566,0.344192,-0.156689
4.964086,-1.005779,0.322840,1.207770,0.805409,-1.063082,1.140774,-0.320828,-0.592013,0.109055,0.195886,0.373562,-0.578989,0.768667,-0.091363,-1.776388,-0.153462,0.999297,-2.252291,-0.902457,3.059596,0.304706,-0.372011,0.132594,0.228112,0.055302,-0.220089,0.346103,-0.155826
4.965028,-1.007551,0.322027,1.209636,0.805336,-1.060477,1.144286,-0.321676,-0.613071,0.118956,0.176502,0.367945,-0.578099,0.765819,-0.091287,-1.776758,-0.153330,0.999525,-2.252236,-0.902668,3.059938,0.304555,-0.373615,0.132407,0.229282,0.055118,-0.218287,0.343584,-0.155648
4.965998,-1.007852,0.320523,1.202771,0.803997,-1.060392,1.143865,-0.321969,-0.629832,0.126551,0.161203,0.364478,-0.577334,0.763504,-0.091196,-1.777129,-0.153199,0.999752,-2.252181,-0.902893,3.060274,0.304404,-0.372561,0.132723,0.228103,0.054535,-0.220685,0.340027,-0.153837
4.967056,-1.009501,0.321912,1.205395,0.801320,-1.062139,1.140051,-0.321797,-0.642746,0.131427,0.149446,0.363258,-0.576734,0.761743,-0.091090,-1.777502,-0.153063,0.999988,-2.252127,-0.903111,3.060613,0.304253,-0.372379,0.133385,0.231309,0.055253,-0.220629,0.340492,-0.153172
4.967996,-1.007780,0.324231,1.204241,0.801080,-1.062437,1.139700,-0.324193,-0.654335,0.135072,0.138885,0.362330,-0.576392,0.760152,-0.090973,-1.777871,-0.152931,1.000215,-2.252065,-0.903327,3.060965,0.304098,-0.371963,0.132761,0.230022,0.057204,-0.218951,0.344451,-0.153470
4.969080,-1.008946,0.325996,1.201948,0.800861,-1.064939,1.138717,-0.322940,-0.673299,0.143965,0.122857,0.353532,-0.577043,0.756719,-0.090614,-1.778617,-0.152675,1.000679,-2.251956,-0.903758,3.061655,0.303806,-0.372560,0.130836,0.231565,0.056426,-0.216132,0.345874,-0.151115
4.970069,-1.013229,0.328735,1.209174,0.799963,-1.066615,1.138497,-0.322780,-0.673299,0.143965,0.122857,0.353532,-0.577043,0.756719,-0.090614,-1.778617,-0.152675,1.000679,-2.251956,-0.903758,3.061655,0.303806,-0.372560,0.130836,0.231565,0.056426,-0.216132,0.345874,-0.151115
4.970971,-1.009177,0.328165,1.211076,0.801679,-1.066030,1.139499,-0.322521,-0.680145,0.150117,0.117816,0.346121,-0.577869,0.755000,-0.090388,-1.778985,-0.152550,1.000902,-2.251899,-0.903970,3.062004,0.303652,-0.370506,0.129516,0.227844,0.056663,-0.214434,0.346068,-0.151325
4.972095,-1.005553,0.328641,1.210106,0.801576,-1.066940,1.143537,-0.322674,-0.675547,0.158267,0.126032,0.331771,-0.580003,0.753130,-0.089956,-1.779744,-0.152289,1.001356,-2.251798,-0.904403,3.062676,0.303347,-0.374552,0.129649,0.227335,0.054035,-0.214099,0.341213,-0.151389
4.973080,-1.005433,0.326801,1.212197,0.800875,-1.068092,1.145487,-0.320772,-0.675547,0.158267,0.126032,0.331771,-0.580003,0.753130,-0.089956,-1.779744,-0.152289,1.001356,-2.251798,-0.904403,3.062676,0.303347,-0.374552,0.129649,0.227335,0.054035,-0.214099,0.341213,-0.151389
4.974000,-1.009972,0.326546,1.215950,0.799882,-1.068172,1.144256,-0.320252,-0.632986,0.146652,0.170808,0.328029,-0.582087,0.755291,-0.089617,-1.780490,-0.152027,1.001801,-2.251688,-0.904831,3.063351,0.303030,-0.372058,0.130561,0.224085,0.054429,-0.212633,0.340497,-0.155993
4.975069,-1.004389,0.331740,1.213485,0.798482,-1.071344,1.144950,-0.319674,-0.632986,0.146652,0.170808,0.328029,-0.582087,0.755291,-0.089617,-1.780490,-0.152027,1.001801,-2.251688,-0.904831,3.063351,0.303030,-0.372058,0.130561,0.224085,0.054429,-0.212633,0.340497,-0.155993
4.976009,-1.000835,0.332380,1.211510,0.798855,-1.072284,1.144696,-0.320062,-0.602292,0.135970,0.202250,0.327438,-0.583111,0.757239,-0.089498,-1.780868,-0.151903,1.002031,-2.251632,-0.905032,3.063694,0.302868,-0.375255,0.128128,0.225418,0.055231,-0.209692,0.339977,-0.157071
4.976982,-0.997188,0.333770,1.212426,0.797398,-1.073697,1.145536,-0.318010,-0.568622,0.125336,0.236847,0.325718,-0.584201,0.759362,-0.089403,-1.781249,-0.151777,1.002258,-2.251577,-0.905239,3.064029,0.302712,-0.376752,0.127801,0.226155,0.054172,-0.208700,0.340203,-0.156152
4.978050,-1.000957,0.331286,1.219368,0.796802,-1.077425,1.147604,-0.317467,-0.532213,0.114871,0.274366,0.323208,-0.585369,0.761679,-0.089341,-1.781624,-0.151651,1.002482,-2.251522,-0.905440,3.064371,0.302546,-0.378516,0.127129,0.225577,0.054997,-0.207336,0.339346,-0.160155
4.979041,-0.996982,0.328766,1.222497,0.795876,-1.077738,1.152780,-0.317031,-0.491788,0.103316,0.315963,0.320123,-0.586715,0.764294,-0.089335,-1.781999,-0.151521,1.002697,-2.251466,-0.905638,3.064707,0.302383,-0.376987,0.128518,0.222326,0.054985,-0.203872,0.337497,-0.161132
4.979960,-0.989835,0.325136,1.219429,0.795521,-1.079781,1.151938,-0.313981,-0.444823,0.088268,0.363994,0.317027,-0.588376,0.767477,-0.089397,-1.782377,-0.151388,1.002913,-2.251409,-0.905837,3.065026,0.302219,-0.379013,0.129743,0.220809,0.055251,-0.203704,0.332454,-0.161871
4.981021,-0.991553,0.326306,1.227441,0.794925,-1.082810,1.152411,-0.314414,-0.389360,0.067183,0.420197,0.315243,-0.590368,0.771549,-0.089539,-1.782767,-0.151252,1.003138,-2.251355,-0.906037,3.065358,0.302037,-0.382117,0.131380,0.222098,0.054948,-0.201593,0.333296,-0.167785
4.981990,-0.994350,0.326684,1.230719,0.794597,-1.083490,1.153532,-0.313747,-0.325735,0.039720,0.484148,0.315139,-0.592651,0.776514,-0.089758,-1.783150,-0.151123,1.003352,-2.251300,-0.906231,3.065683,0.301872,-0.381479,0.130905,0.218275,0.054950,-0.198878,0.333092,-0.166756
4.983006,-0.988573,0.328153,1.229277,0.793436,-1.084863,1.154236,-0.313555,-0.256621,0.008170,0.553270,0.315860,-0.595157,0.782057,-0.090008,-1.783526,-0.150996,1.003564,-2.251245,-0.906427,3.066015,0.301701,-0.380000,0.130716,0.216678,0.054635,-0.198313,0.332007,-0.167941
4.984018,-0.992514,0.328834,1.230501,0.792209,-1.087203,1.155397,-0.310606,-0.185823,-0.024559,0.623912,0.316496,-0.597747,0.787809,-0.090249,-1.783916,-0.150869,1.003783,-2.251190,-0.906621,3.066349,0.301532,-0.382897,0.130061,0.217482,0.055206,-0.197156,0.331437,-0.168182
4.985014,-0.993050,0.329946,1.234644,0.792877,-1.089689,1.156403,-0.310481,-0.117164,-0.056026,0.692369,0.316098,-0.600307,0.793400,-0.090481,-1.784298,-0.150738,1.003999,-2.251134,-0.906809,3.066677,0.301351,-0.380925,0.129746,0.216948,0.055795,-0.195071,0.330433,-0.173949
4.985988,-0.995096,0.331039,1.235588,0.792529,-1.091408,1.161640,-0.309139,-0.053616,-0.084621,0.755683,0.314322,-0.602757,0.798536,-0.090706,-1.784678,-0.150609,1.004210,-2.251083,-0.906999,3.067004,0.301178,-0.380669,0.129214,0.214967,0.054565,-0.192796,0.329559,-0.173980
4.987067,-0.997464,0.328359,1.233520,0.795755,-1.093298,1.163281,-0.307568,0.003761,-0.110130,0.812725,0.312088,-0.604998,0.803185,-0.090920,-1.785061,-0.150483,1.004421,-2.251032,-0.907190,3.067320,0.300994,-0.379499,0.128683,0.214547,0.054374,-0.191247,0.324430,-0.176473
4.988008,-0.991433,0.328987,1.237238,0.794019,-1.096375,1.164808,-0.307759,0.053712,-0.133373,0.861946,0.311723,-0.606778,0.807469,-0.091121,-1.785435,-0.150348,1.004638,-2.250988,-0.907375,3.067642,0.300812,-0.378762,0.130131,0.215855,0.050822,-0.189800,0.323164,-0.179466
4.988984,-0.995548,0.326751,1.235470,0.792893,-1.096591,1.162058,-0.307526,0.096986,-0.156219,0.903860,0.315164,-0.607961,0.811617,-0.091295,-1.785825,-0.150219,1.004845,-2.250935,-0.907557,3.067963,0.300634,-0.381449,0.129733,0.213965,0.051982,-0.186886,0.321687,-0.178837
4.990172,-0.994442,0.326694,1.238902,0.792386,-1.098188,1.162114,-0.306211,0.135889,-0.179395,0.941038,0.320862,-0.608779,0.815659,-0.091409,-1.786203,-0.150087,1.005065,-2.250881,-0.907740,3.068295,0.300451,-0.379270,0.130819,0.214822,0.052486,-0.186942,0.324539,-0.179100
4.991058,-0.994434,0.327307,1.240232,0.793103,-1.102147,1.159743,-0.305051,0.170038,-0.202089,0.973409,0.326530,-0.609415,0.819347,-0.091474,-1.786582,-0.149954,1.005276,-2.250829,-0.907924,3.068617,0.300267,-0.380743,0.131117,0.213701,0.052568,-0.186009,0.325025,-0.181646
4.991987,-0.988287,0.328159,1.239617,0.791524,-1.102381,1.161829,-0.305205,0.199960,-0.224238,1.001617,0.331785,-0.609919,0.822671,-0.091513,-1.786961,-0.149824,1.005487,-2.250781,-0.908103,3.068948,0.300080,-0.380237,0.130647,0.212842,0.051305,-0.182119,0.327288,-0.183686
4.992994,-0.990662,0.326381,1.242808,0.792924,-1.106458,1.162988,-0.304578,0.253817,-0.267273,1.052565,0.341065,-0.610827,0.828701,-0.091499,-1.787723,-0.149561,1.005911,-2.250677,-0.908452,3.069587,0.299710,-0.381819,0.131025,0.211586,0.050347,-0.178422,0.324242,-0.184173
4.994088,-0.989322,0.327039,1.242709,0.792878,-1.108799,1.165307,-0.304570,0.279531,-0.289219,1.076850,0.346592,-0.611178,0.831668,-0.091467,-1.788110,-0.149432,1.006124,-2.250627,-0.908626,3.069902,0.299522,-0.382874,0.130854,0.211986,0.049972,-0.176687,0.322325,-0.184008
4.995090,-0.990991,0.327754,1.246116,0.792544,-1.109882,1.166081,-0.304814,0.279531,-0.289219,1.076850,0.346592,-0.611178,0.831668,-0.091467,-1.788110,-0.149432,1.006124,-2.250627,-0.908626,3.069902,0.299522,-0.382874,0.130854,0.211986,0.049972,-0.176687,0.322325,-0.184008
4.995991,-0.988263,0.327599,1.245541,0.791933,-1.112009,1.165759,-0.305643,0.326318,-0.332431,1.120420,0.360728,-0.611445,0.837422,-0.091360,-1.788872,-0.149174,1.006543,-2.250527,-0.908970,3.070542,0.299160,-0.382968,0.130490,0.210585,0.049829,-0.174081,0.322054,-0.181412
4.997065,-0.992332,0.330784,1.249114,0.791479,-1.113347,1.163961,-0.304332,0.326318,-0.332431,1.120420,0.360728,-0.611445,0.837422,-0.091360,-1.788872,-0.149174,1.006543,-2.250527,-0.908970,3.070542,0.299160,-0.382968,0.130490,0.210585,0.049829,-0.174081,0.322054,-0.181412
4.998151,-0.988566,0.331851,1.246748,0.792472,-1.115909,1.164516,-0.305438,0.345893,-0.351267,1.138530,0.367314,-0.611425,0.839912,-0.091273,-1.789248,-0.149046,1.006750,-2.250476,-0.909137,3.070868,0.298974,-0.381313,0.129034,0.209134,0.049816,-0.173358,0.324174,-0.183904
4.999024,-0.989933,0.331981,1.245331,0.789879,-1.115851,1.162312,-0.306107,0.361401,-0.366407,1.152876,0.372831,-0.611311,0.841975,-0.091159,-1.789639,-0.148917,1.006964,-2.250431,-0.909306,3.071194,0.298796,-0.383507,0.128679,0.210653,0.048489,-0.171401,0.323923,-0.181510
5.000004,-0.991634,0.331229,1.251935,0.792660,-1.115042,1.163210,-0.306783,0.371947,-0.377249,1.162539,0.377250,-0.611134,0.843562,-0.091016,-1.790023,-0.148789,1.007179,-2.250377,-0.909478,3.071520,0.298618,-0.382180,0.128465,0.211076,0.050431,-0.171618,0.326030,-0.179934
5.001014,-0.990030,0.329382,1.247952,0.789861,-1.117512,1.165730,-0.306301,0.377971,-0.384305,1.167810,0.380954,-0.610943,0.844720,-0.090863,-1.790399,-0.148657,1.007382,-2.250334,-0.909651,3.071845,0.298442,-0.381304,0.128808,0.207902,0.047255,-0.172787,0.325212,-0.178401
5.002007,-0.987934,0.326053,1.249185,0.789997,-1.117635,1.166555,-0.305885,0.381810,-0.389484,1.170834,0.385238,-0.610770,0.845735,-0.090747,-1.790786,-0.148528,1.007597,-2.250280,-0.909818,3.072166,0.298260,-0.382102,0.129774,0.210031,0.049518,-0.170756,0.322873,-0.179197
5.003073,-0.988558,0.326578,1.249783,0.790097,-1.115857,1.167411,-0.306456,0.385388,-0.394563,1.173467,0.390231,-0.610745,0.846837,-0.090699,-1.791174,-0.148393,1.007805,-2.250233,-0.909994,3.072483,0.298075,-0.383029,0.131398,0.209527,0.048915,-0.171008,0.322245,-0.179817
5.003983,-0.985630,0.329152,1.249324,0.790020,-1.113871,1.164695,-0.305063,0.389952,-0.400668,1.176867,0.396096,-0.610923,0.848180,-0.090715,-1.791554,-0.148259,1.008012,-2.250184,-0.910166,3.072804,0.297901,-0.383028,0.131194,0.209568,0.048376,-0.173343,0.321708,-0.178524
5.004981,-0.979869,0.327650,1.247731,0.789586,-1.115267,1.165112,-0.306289,0.395397,-0.407131,1.180911,0.403146,-0.611202,0.849766,-0.090764,-1.791941,-0.148133,1.008222,-2.250138,-0.910345,3.073129,0.297716,-0.384026,0.129817,0.209682,0.047981,-0.175472,0.324419,-0.181094
5.005969,-0.979254,0.332525,1.248827,0.789433,-1.114457,1.164388,-0.306643,0.401694,-0.412865,1.185702,0.410747,-0.611565,0.851491,-0.090799,-1.792329,-0.148001,1.008432,-2.250091,-0.910517,3.073458,0.297542,-0.386834,0.130572,0.210608,0.047983,-0.174442,0.324096,-0.178427
5.006973,-0.982178,0.331598,1.248476,0.787994,-1.113857,1.167092,-0.307995,0.409694,-0.417580,1.192173,0.418226,-0.612071,0.853319,-0.090789,-1.792716,-0.147879,1.008641,-2.250042,-0.910696,3.073785,0.297366,-0.386989,0.128199,0.210156,0.047644,-0.175588,0.324945,-0.177555
5.007983,-0.983813,0.330370,1.249180,0.788240,-1.114574,1.167598,-0.306597,0.417628,-0.419696,1.198592,0.424604,-0.612697,0.855007,-0.090725,-1.793100,-0.147749,1.008852,-2.249989,-0.910874,3.074100,0.297195,-0.385492,0.128717,0.210455,0.048536,-0.176533,0.322424,-0.174682
5.009122,-0.987675,0.328938,1.251535,0.788169,-1.114494,1.171593,-0.306793,0.422786,-0.418475,1.202168,0.429584,-0.613325,0.856314,-0.090624,-1.793480,-0.147618,1.009060,-2.249942,-0.911047,3.074426,0.297012,-0.384747,0.129358,0.210280,0.047853,-0.176213,0.322110,-0.177341
5.010109,-0.989387,0.324796,1.248306,0.785414,-1.114449,1.172225,-0.307580,0.424647,-0.415347,1.202229,0.434236,-0.613826,0.857311,-0.090512,-1.793861,-0.147487,1.009267,-2.249894,-0.911225,3.074742,0.296835,-0.383441,0.130305,0.209618,0.047562,-0.176945,0.318578,-0.176816
5.010990,-0.990627,0.325480,1.241068,0.785532,-1.113831,1.171512,-0.307739,0.422924,-0.411570,1.198503,0.438887,-0.614147,0.858036,-0.090384,-1.794239,-0.147352,1.009478,-2.249839,-0.911402,3.075055,0.296666,-0.382575,0.132314,0.211339,0.049719,-0.177314,0.318175,-0.175080
5.011996,-0.991738,0.326520,1.243348,0.784921,-1.113519,1.168164,-0.307899,0.414310,-0.406267,1.187796,0.442699,-0.614222,0.858178,-0.090227,-1.794620,-0.147220,1.009700,-2.249792,-0.911578,3.075377,0.296495,-0.381417,0.131754,0.214651,0.049053,-0.178051,0.318820,-0.174559
5.013064,-0.995109,0.325534,1.243687,0.785558,-1.113846,1.169608,-0.306925,0.395809,-0.397588,1.167226,0.445304,-0.613964,0.857442,-0.090053,-1.795000,-0.147087,1.009912,-2.249744,-0.911758,3.075700,0.296320,-0.380908,0.131233,0.213575,0.049218,-0.178690,0.322372,-0.174074
5.014067,-0.995834,0.323440,1.237681,0.782805,-1.111612,1.169706,-0.307088,0.369120,-0.385723,1.138606,0.447135,-0.613415,0.855929,-0.089898,-1.795373,-0.146954,1.010122,-2.249696,-0.911934,3.076019,0.296143,-0.379624,0.131823,0.213723,0.048158,-0.178868,0.321212,-0.175908
5.015025,-0.995701,0.324050,1.235709,0.782860,-1.111871,1.173134,-0.305884,0.335953,-0.371808,1.103684,0.448534,-0.612618,0.853759,-0.089789,-1.795755,-0.146821,1.010346,-2.249641,-0.912121,3.076344,0.295969,-0.379281,0.132865,0.216728,0.050332,-0.181386,0.321284,-0.175393
5.016085,-0.997757,0.324113,1.237325,0.780087,-1.111770,1.174550,-0.307227,0.296117,-0.356056,1.062297,0.449181,-0.611588,0.850886,-0.089711,-1.796137,-0.146688,1.010565,-2.249592,-0.912301,3.076653,0.295784,-0.379145,0.132461,0.217602,0.049739,-0.181341,0.317980,-0.177602
5.017077,-0.994019,0.324386,1.232993,0.781742,-1.109079,1.177669,-0.306109,0.251476,-0.338722,1.016449,0.448426,-0.610449,0.847414,-0.089625,-1.796513,-0.146553,1.010780,-2.249535,-0.912484,3.076969,0.295616,-0.378443,0.132479,0.217002,0.051921,-0.181862,0.316919,-0.174757
5.018095,-0.993192,0.325385,1.232756,0.780228,-1.109661,1.177830,-0.306253,0.205252,-0.320889,0.969423,0.446528,-0.609272,0.843651,-0.089506,-1.796899,-0.146423,1.011004,-2.249489,-0.912677,3.077272,0.295434,-0.380250,0.132343,0.219122,0.049800,-0.184754,0.314047,-0.176842
5.018978,-0.993010,0.327695,1.230084,0.778590,-1.110804,1.176595,-0.305596,0.159832,-0.303854,0.923465,0.444864,-0.607975,0.839942,-0.089363,-1.797280,-0.146291,1.011220,-2.249437,-0.912858,3.077585,0.295262,-0.380730,0.131870,0.219326,0.050798,-0.184493,0.314180,-0.176380
5.020003,-0.990333,0.328124,1.227248,0.779012,-1.108520,1.174545,-0.305807,0.115621,-0.286991,0.879069,0.442741,-0.606637,0.836275,-0.089198,-1.797662,-0.146162,1.011444,-2.249381,-0.913042,3.077901,0.295079,-0.380268,0.130550,0.220322,0.051716,-0.183376,0.315386,-0.177449
5.021070,-0.991022,0.331697,1.219923,0.779530,-1.108252,1.175360,-0.305984,0.071690,-0.268941,0.835499,0.438849,-0.605384,0.832452,-0.089018,-1.798051,-0.146033,1.011672,-2.249333,-0.913235,3.078221,0.294904,-0.381651,0.130411,0.221718,0.050829,-0.185942,0.317677,-0.176859
5.022061,-0.992163,0.333162,1.221274,0.778184,-1.110447,1.172405,-0.304845,0.026366,-0.249229,0.790937,0.434267,-0.604070,0.828449,-0.088838,-1.798429,-0.145907,1.011903,-2.249284,-0.913420,3.078538,0.294732,-0.381638,0.128787,0.225447,0.049898,-0.186602,0.317177,-0.176387
5.022973,-0.986671,0.332226,1.217270,0.779180,-1.110807,1.171044,-0.306345,-0.022136,-0.226965,0.743453,0.429432,-0.602596,0.824206,-0.088668,-1.798808,-0.145782,1.012128,-2.249232,-0.913600,3.078865,0.294549,-0.381043,0.128126,0.224651,0.050708,-0.184686,0.320286,-0.178483
5.024037,-0.989792,0.331306,1.217057,0.776829,-1.108771,1.171945,-0.305541,-0.071859,-0.202970,0.695008,0.424039,-0.601100,0.819836,-0.088513,-1.799192,-0.145653,1.012357,-2.249188,-0.913780,3.079184,0.294380,-0.383390,0.128500,0.226342,0.049250,-0.184479,0.321635,-0.175241
5.025039,-0.984529,0.333987,1.212537,0.775627,-1.108892,1.173279,-0.306352,-0.119430,-0.179609,0.648921,0.418540,-0.599711,0.815597,-0.088373,-1.799570,-0.145521,1.012586,-2.249131,-0.913972,3.079505,0.294198,-0.382117,0.129050,0.226500,0.051024,-0.186888,0.321024,-0.176733
5.026077,-0.988217,0.333165,1.208949,0.775690,-1.108781,1.174595,-0.304916,-0.163907,-0.157295,0.606161,0.412274,-0.598539,0.811506,-0.088247,-1.799961,-0.145394,1.012822,-2.249080,-0.914161,3.079818,0.294026,-0.384686,0.127751,0.228600,0.051684,-0.186977,0.319915,-0.174922
5.027051,-0.991756,0.331869,1.208826,0.774618,-1.108114,1.174044,-0.306044,-0.206103,-0.135257,0.565874,0.404764,-0.597624,0.807478,-0.088129,-1.800336,-0.145265,1.013056,-2.249031,-0.914350,3.080132,0.293844,-0.383046,0.128264,0.230336,0.051144,-0.187410,0.318893,-0.177666
5.028012,-0.989469,0.332424,1.208055,0.773606,-1.107378,1.171611,-0.306580,-0.247996,-0.113264,0.525821,0.396822,-0.596850,0.803438,-0.088009,-1.800716,-0.145134,1.013289,-2.248979,-0.914539,3.080455,0.293672,-0.381165,0.128888,0.230147,0.051661,-0.188249,0.319574,-0.175187
5.029044,-0.990344,0.333186,1.203208,0.773890,-1.108791,1.170843,-0.306300,-0.289537,-0.091712,0.486036,0.388487,-0.596227,0.799412,-0.087849,-1.801098,-0.145004,1.013519,-2.248926,-0.914732,3.080781,0.293503,-0.382158,0.128555,0.230319,0.052086,-0.189105,0.322086,-0.173963
5.030043,-0.990285,0.337275,1.202060,0.773534,-1.106763,1.168511,-0.307074,-0.329518,-0.070852,0.447880,0.379579,-0.595818,0.795525,-0.087623,-1.801482,-0.144875,1.013758,-2.248876,-0.914917,3.081105,0.293327,-0.381824,0.128254,0.232627,0.051302,-0.188010,0.323063,-0.174386
5.031035,-0.995261,0.338407,1.197923,0.773655,-1.103763,1.166867,-0.306819,-0.368792,-0.049729,0.410528,0.370379,-0.595554,0.791778,-0.087341,-1.801867,-0.144754,1.013996,-2.248825,-0.915112,3.081433,0.293157,-0.381800,0.126312,0.232966,0.051141,-0.190237,0.325541,-0.172672
5.032035,-0.992976,0.340906,1.197438,0.774228,-1.105582,1.169052,-0.307782,-0.409636,-0.026519,0.371672,0.361003,-0.595291,0.787988,-0.087012,-1.802242,-0.144627,1.014231,-2.248776,-0.915311,3.081766,0.292982,-0.379325,0.125808,0.234855,0.050531,-0.193365,0.327266,-0.173027
5.033041,-0.997438,0.337130,1.190119,0.772874,-1.104352,1.169783,-0.307261,-0.452886,-0.000686,0.330396,0.352029,-0.594901,0.784111,-0.086646,-1.802627,-0.144508,1.014466,-2.248728,-0.915503,3.082091,0.292815,-0.380464,0.124691,0.234906,0.049485,-0.191705,0.325197,-0.170945
5.034058,-0.997079,0.339153,1.190008,0.775409,-1.102825,1.170205,-0.309313,-0.497558,0.026472,0.287555,0.344176,-0.594369,0.780274,-0.086258,-1.803006,-0.144376,1.014712,-2.248676,-0.915701,3.082409,0.292639,-0.378249,0.126613,0.238316,0.050324,-0.193119,0.324687,-0.171847
5.035109,-0.995684,0.339877,1.192924,0.773204,-1.102046,1.167547,-0.309365,-0.543238,0.053393,0.243315,0.338468,-0.593652,0.776559,-0.085858,-1.803387,-0.144252,1.014950,-2.248633,-0.915898,3.082735,0.292480,-0.378541,0.125692,0.238170,0.047431,-0.194834,0.324449,-0.167595
5.036030,-0.997883,0.339481,1.192225,0.772866,-1.100624,1.167297,-0.310191,-0.586454,0.078397,0.201131,0.335367,-0.592860,0.773202,-0.085453,-1.803764,-0.144129,1.015183,-2.248581,-0.916096,3.083065,0.292313,-0.379526,0.125518,0.236674,0.049156,-0.195859,0.327363,-0.167421
5.037019,-0.994465,0.338891,1.194832,0.771080,-1.096484,1.165613,-0.310369,-0.622700,0.100482,0.165840,0.333208,-0.592335,0.770367,-0.085068,-1.804134,-0.144003,1.015419,-2.248531,-0.916293,3.083401,0.292154,-0.378176,0.125665,0.236648,0.048927,-0.197270,0.327509,-0.165609
5.038105,-0.997317,0.338275,1.196064,0.771134,-1.094045,1.166657,-0.311770,-0.667346,0.133586,0.123669,0.327097,-0.592820,0.766399,-0.084499,-1.804893,-0.143749,1.015888,-2.248429,-0.916717,3.084065,0.291830,-0.378849,0.126494,0.234579,0.049650,-0.204027,0.328518,-0.162248
5.039094,-0.992655,0.338558,1.200086,0.770778,-1.090564,1.167042,-0.311642,-0.667346,0.133586,0.123669,0.327097,-0.592820,0.766399,-0.084499,-1.804893,-0.143749,1.015888,-2.248429,-0.916717,3.084065,0.291830,-0.378849,0.126494,0.234579,0.049650,-0.204027,0.328518,-0.162248
5.039986,-0.985775,0.340546,1.198790,0.771296,-1.088034,1.169397,-0.310839,-0.664918,0.145435,0.129118,0.321508,-0.595381,0.765790,-0.084389,-1.805666,-0.143504,1.016352,-2.248332,-0.917146,3.084720,0.291502,-0.383992,0.125375,0.232635,0.048474,-0.209740,0.325781,-0.163845
5.041048,-0.990721,0.338874,1.202955,0.768559,-1.084493,1.165527,-0.311832,-0.644163,0.142743,0.151431,0.320084,-0.597298,0.767094,-0.084510,-1.806038,-0.143375,1.016577,-2.248276,-0.917363,3.085052,0.291348,-0.381852,0.126362,0.230643,0.050623,-0.213383,0.329953,-0.161774
5.042055,-0.997158,0.340773,1.201288,0.767747,-1.081277,1.162971,-0.311941,-0.617704,0.138143,0.179539,0.317466,-0.599466,0.768699,-0.084677,-1.806416,-0.143251,1.016808,-2.248224,-0.917585,3.085389,0.291187,-0.378706,0.125493,0.231393,0.050880,-0.216508,0.332590,-0.161466
5.042970,-0.993331,0.343080,1.202542,0.767526,-1.078705,1.162381,-0.312220,-0.617704,0.138143,0.179539,0.317466,-0.599466,0.768699,-0.084677,-1.806416,-0.143251,1.016808,-2.248224,-0.917585,3.085389,0.291187,-0.378706,0.125493,0.231393,0.050880,-0.216508,0.332590,-0.161466
5.044042,-0.996774,0.346735,1.210401,0.766467,-1.078802,1.160548,-0.312084,-0.592291,0.135141,0.206720,0.312691,-0.601642,0.769980,-0.084837,-1.806803,-0.143130,1.017036,-2.248174,-0.917812,3.085722,0.291028,-0.380208,0.124331,0.230441,0.050544,-0.218744,0.333084,-0.160755
5.044985,-0.999541,0.345951,1.214178,0.766306,-1.078626,1.160063,-0.312744,-0.567560,0.134329,0.233453,0.305883,-0.603788,0.771000,-0.084956,-1.807179,-0.143010,1.017255,-2.248122,-0.918034,3.086063,0.290868,-0.378844,0.122739,0.226686,0.051089,-0.218680,0.335141,-0.160968
5.046091,-1.000252,0.345617,1.214865,0.768997,-1.079402,1.160691,-0.313095,-0.540903,0.134877,0.262480,0.297017,-0.606033,0.771953,-0.085022,-1.807556,-0.142886,1.017476,-2.248072,-0.918254,3.086402,0.290709,-0.377250,0.123150,0.224660,0.050716,-0.218660,0.335558,-0.159496
5.047082,-1.000119,0.341192,1.217608,0.767103,-1.076852,1.164280,-0.313375,-0.512189,0.135094,0.293684,0.288221,-0.608271,0.773015,-0.085044,-1.807937,-0.142762,1.017697,-2.248031,-0.918471,3.086736,0.290554,-0.377402,0.123580,0.224612,0.047781,-0.218058,0.335244,-0.158769
5.048004,-0.994111,0.342944,1.222847,0.767749,-1.075074,1.163596,-0.313088,-0.481078,0.132208,0.326959,0.282483,-0.610337,0.774491,-0.085031,-1.808312,-0.142632,1.017917,-2.247978,-0.918697,3.087061,0.290397,-0.377497,0.125810,0.223210,0.049147,-0.220482,0.331752,-0.158111
5.048994,-0.998701,0.339394,1.225026,0.763428,-1.073713,1.160889,-0.312023,-0.444492,0.123844,0.365276,0.280322,-0.612331,0.776728,-0.084992,-1.808698,-0.142509,1.018134,-2.247931,-0.918924,3.087393,0.290236,-0.380123,0.124891,0.220407,0.047987,-0.221932,0.332429,-0.158541
5.050037,-0.996212,0.340808,1.233834,0.764086,-1.071096,1.159601,-0.312678,-0.400795,0.110112,0.410523,0.279638,-0.614503,0.779701,-0.084949,-1.809067,-0.142379,1.018348,-2.247873,-0.919151,3.087732,0.290069,-0.377873,0.126686,0.219386,0.051648,-0.223129,0.335199,-0.160546
5.051041,-0.997083,0.340917,1.238521,0.765671,-1.069722,1.157349,-0.311571,-0.351298,0.092575,0.461663,0.277854,-0.617031,0.783110,-0.084911,-1.809448,-0.142255,1.018557,-2.247825,-0.919382,3.088076,0.289914,-0.379358,0.126124,0.215202,0.050509,-0.225664,0.336604,-0.159139
5.052040,-0.990847,0.339383,1.238947,0.764766,-1.070066,1.154730,-0.311910,-0.295842,0.071357,0.518840,0.275580,-0.619830,0.787049,-0.084884,-1.809828,-0.142127,1.018768,-2.247780,-0.919617,3.088418,0.289751,-0.378927,0.126116,0.213002,0.048548,-0.226805,0.338924,-0.161271
5.053195,-0.998631,0.341681,1.247853,0.765197,-1.066336,1.153015,-0.311621,-0.234603,0.046121,0.581706,0.274745,-0.622666,0.791677,-0.084883,-1.810211,-0.141999,1.018979,-2.247730,-0.919839,3.088764,0.289593,-0.382063,0.126927,0.212925,0.048963,-0.226340,0.341568,-0.160465
5.054109,-1.000697,0.344776,1.249683,0.766292,-1.067538,1.154773,-0.312939,-0.169967,0.017932,0.647835,0.275294,-0.625404,0.796766,-0.084901,-1.810585,-0.141875,1.019179,-2.247685,-0.920074,3.089114,0.289432,-0.378898,0.126099,0.209086,0.048262,-0.230214,0.343603,-0.161025
5.055010,-1.005731,0.344598,1.248111,0.765415,-1.066011,1.153961,-0.312760,-0.106433,-0.010277,0.712725,0.276853,-0.627846,0.801895,-0.084909,-1.810955,-0.141754,1.019383,-2.247643,-0.920299,3.089456,0.289282,-0.377628,0.124532,0.208172,0.046787,-0.228652,0.341677,-0.158242
5.056081,-1.005379,0.343269,1.250805,0.766048,-1.067815,1.154025,-0.312410,-0.050433,-0.034904,0.769892,0.279299,-0.629727,0.806532,-0.084891,-1.811327,-0.141627,1.019595,-2.247594,-0.920532,3.089799,0.289121,-0.374757,0.124536,0.208810,0.047120,-0.229792,0.342349,-0.158465
5.056977,-1.006521,0.344611,1.250668,0.765133,-1.069845,1.150849,-0.312761,-0.005552,-0.054766,0.815691,0.282465,-0.630938,0.810328,-0.084858,-1.811707,-0.141502,1.019803,-2.247551,-0.920757,3.090139,0.288958,-0.375303,0.125399,0.207781,0.046186,-0.227983,0.342488,-0.159089
5.058027,-1.009948,0.347609,1.258827,0.764572,-1.071762,1.150855,-0.312004,0.029400,-0.070910,0.851335,0.286099,-0.631586,0.813281,-0.084829,-1.812081,-0.141378,1.020010,-2.247503,-0.920977,3.090494,0.288802,-0.374335,0.124635,0.207746,0.046592,-0.225648,0.345448,-0.158226
5.059092,-1.009259,0.346277,1.258272,0.764418,-1.072049,1.149414,-0.311696,0.056665,-0.083415,0.879285,0.288899,-0.631920,0.815439,-0.084802,-1.812455,-0.141258,1.020207,-2.247455,-0.921194,3.090843,0.288643,-0.372935,0.123346,0.204045,0.046738,-0.223795,0.345525,-0.159685
5.060090,-1.006757,0.345864,1.261511,0.764607,-1.073936,1.148783,-0.311282,0.078742,-0.092661,0.902221,0.290013,-0.632150,0.816987,-0.084783,-1.812827,-0.141132,1.020411,-2.247410,-0.921416,3.091192,0.288485,-0.373707,0.124211,0.204736,0.046552,-0.223560,0.347128,-0.160226
5.060974,-1.001657,0.346554,1.261062,0.765565,-1.071363,1.148183,-0.311848,0.119875,-0.110736,0.945099,0.291577,-0.632735,0.819921,-0.084855,-1.813588,-0.140884,1.020819,-2.247325,-0.921866,3.091888,0.288161,-0.376999,0.124051,0.203420,0.044656,-0.223768,0.348123,-0.159611
5.062107,-1.006405,0.344812,1.263898,0.766708,-1.072307,1.147507,-0.311056,0.119875,-0.110736,0.945099,0.291577,-0.632735,0.819921,-0.084855,-1.813588,-0.140884,1.020819,-2.247325,-0.921866,3.091888,0.288161,-0.376999,0.124051,0.203420,0.044656,-0.223768,0.348123,-0.159611
5.063067,-0.999026,0.344237,1.262106,0.764805,-1.070904,1.145056,-0.310910,0.142728,-0.122932,0.968348,0.295249,-0.633095,0.821998,-0.084972,-1.813956,-0.140758,1.021018,-2.247283,-0.922087,3.092235,0.287999,-0.375350,0.125206,0.202600,0.043311,-0.222990,0.349103,-0.161181
5.064019,-1.000318,0.346426,1.262304,0.766173,-1.067820,1.143624,-0.311092,0.166346,-0.137630,0.991855,0.301451,-0.633412,0.824451,-0.085136,-1.814341,-0.140634,1.021224,-2.247237,-0.922314,3.092593,0.287837,-0.378866,0.125513,0.203591,0.044793,-0.224182,0.351442,-0.161320
5.064973,-1.000888,0.347901,1.267484,0.766545,-1.069330,1.144215,-0.312502,0.189854,-0.153889,1.014893,0.308874,-0.633671,0.827029,-0.085295,-1.814720,-0.140510,1.021428,-2.247196,-0.922549,3.092944,0.287675,-0.377982,0.124420,0.203547,0.043076,-0.226958,0.352756,-0.160807
5.066165,-1.007386,0.350684,1.267639,0.767854,-1.070631,1.145226,-0.311086,0.212015,-0.170111,1.036278,0.317107,-0.633734,0.829551,-0.085398,-1.815092,-0.140386,1.021622,-2.247155,-0.922770,3.093298,0.287523,-0.377612,0.123711,0.201124,0.042388,-0.225218,0.352027,-0.157863
5.067047,-1.006646,0.349714,1.263940,0.766360,-1.072066,1.144349,-0.311625,0.231164,-0.184791,1.054342,0.326137,-0.633475,0.831888,-0.085436,-1.815464,-0.140266,1.021828,-2.247116,-0.922995,3.093643,0.287358,-0.375330,0.122745,0.201764,0.040975,-0.224203,0.351448,-0.160727
5.068076,-1.010440,0.353391,1.272872,0.765094,-1.073585,1.148743,-0.312055,0.243893,-0.196145,1.065759,0.335168,-0.632862,0.833733,-0.085419,-1.815835,-0.140142,1.022033,-2.247071,-0.923211,3.093995,0.287198,-0.375299,0.123149,0.203492,0.042038,-0.222474,0.352079,-0.159442
5.068987,-1.011265,0.349744,1.270836,0.766478,-1.073111,1.149560,-0.312050,0.249592,-0.203302,1.070166,0.342245,-0.632121,0.834905,-0.085347,-1.816210,-0.140023,1.022227,-2.247026,-0.923431,3.094342,0.287041,-0.373598,0.121496,0.199369,0.042925,-0.220940,0.347721,-0.158503
5.069950,-1.008797,0.349788,1.272145,0.766378,-1.071266,1.150283,-0.312337,0.251474,-0.207566,1.070891,0.346751,-0.631494,0.835633,-0.085239,-1.816582,-0.139897,1.022430,-2.246987,-0.923652,3.094680,0.286883,-0.372898,0.123269,0.200413,0.041223,-0.221160,0.346821,-0.158372
5.071060,-1.013620,0.353214,1.268283,0.768730,-1.070361,1.148234,-0.312124,0.251792,-0.211508,1.069951,0.350637,-0.630916,0.836257,-0.085135,-1.816958,-0.139773,1.022627,-2.246947,-0.923876,3.095025,0.286729,-0.374043,0.123264,0.199927,0.041058,-0.222824,0.346058,-0.157692
5.072053,-1.010974,0.353011,1.271455,0.767316,-1.069429,1.151151,-0.312285,0.249624,-0.215555,1.066237,0.355451,-0.630211,0.836820,-0.085055,-1.817328,-0.139655,1.022834,-2.246915,-0.924103,3.095380,0.286573,-0.372243,0.121879,0.202330,0.038680,-0.223804,0.348338,-0.158094
5.072975,-1.009964,0.350093,1.269575,0.769461,-1.070299,1.150299,-0.312315,0.243298,-0.218441,1.058072,0.361203,-0.629313,0.837196,-0.085013,-1.817699,-0.139533,1.023032,-2.246872,-0.924325,3.095720,0.286419,-0.373688,0.122098,0.200958,0.039790,-0.224622,0.345414,-0.157679
5.074120,-1.007748,0.355055,1.270753,0.769623,-1.070549,1.153416,-0.313261,0.235362,-0.221598,1.047985,0.367803,-0.628324,0.837583,-0.085020,-1.818074,-0.139407,1.023238,-2.246838,-0.924548,3.096070,0.286259,-0.373899,0.123507,0.201895,0.037446,-0.223461,0.346140,-0.157472
5.075049,-1.007847,0.358677,1.271107,0.768890,-1.068783,1.153416,-0.313401,0.228806,-0.226816,1.038928,0.375709,-0.627291,0.838233,-0.085072,-1.818455,-0.139292,1.023442,-2.246801,-0.924771,3.096405,0.286109,-0.375688,0.121412,0.201876,0.037216,-0.223419,0.343388,-0.155570
5.075992,-1.008918,0.357259,1.271830,0.769232,-1.070977,1.156807,-0.312495,0.223672,-0.232559,1.031181,0.383734,-0.626240,0.839020,-0.085143,-1.818830,-0.139175,1.023642,-2.246763,-0.924996,3.096750,0.285954,-0.375373,0.119666,0.201752,0.037677,-0.224929,0.343292,-0.155181
5.077048,-1.015660,0.358604,1.269470,0.766952,-1.071162,1.157692,-0.313271,0.218970,-0.237031,1.024016,0.390173,-0.625201,0.839682,-0.085223,-1.819204,-0.139056,1.023845,-2.246726,-0.925213,3.097085,0.285794,-0.374658,0.120460,0.201453,0.037109,-0.222526,0.339841,-0.156877
5.078030,-1.008687,0.360992,1.270316,0.767990,-1.073920,1.157038,-0.312377,0.211887,-0.239305,1.014658,0.394157,-0.624124,0.839882,-0.085305,-1.819567,-0.138934,1.024050,-2.246684,-0.925434,3.097420,0.285642,-0.371741,0.119988,0.202987,0.039137,-0.222392,0.339194,-0.155245
5.078980,-1.009765,0.358245,1.265983,0.767462,-1.076275,1.157861,-0.311994,0.200624,-0.238552,1.001427,0.394799,-0.623047,0.839398,-0.085367,-1.819950,-0.138816,1.024252,-2.246650,-0.925650,3.097760,0.285483,-0.375185,0.118921,0.202712,0.037926,-0.219532,0.339885,-0.156952
5.080001,-1.012130,0.356433,1.265717,0.768659,-1.077409,1.156801,-0.311947,0.187156,-0.236070,0.986323,0.392765,-0.622055,0.838474,-0.085401,-1.820327,-0.138696,1.024462,-2.246611,-0.925864,3.098097,0.285324,-0.374427,0.120368,0.204902,0.038212,-0.217064,0.339023,-0.157576
5.080977,-1.015037,0.356374,1.263888,0.769969,-1.076583,1.156206,-0.311799,0.171890,-0.233768,0.969480,0.389951,-0.621089,0.837344,-0.085409,-1.820697,-0.138572,1.024666,-2.246577,-0.926076,3.098438,0.285170,-0.373473,0.121401,0.205270,0.036876,-0.215993,0.340199,-0.157593
5.081979,-1.012065,0.357020,1.268689,0.767759,-1.077688,1.156924,-0.311767,0.152960,-0.232198,0.948731,0.388320,-0.619952,0.836016,-0.085408,-1.821070,-0.138452,1.024876,-2.246544,-0.926293,3.098785,0.285012,-0.371999,0.121520,0.206255,0.035459,-0.216731,0.340761,-0.157778
5.083106,-1.009208,0.357769,1.261470,0.768926,-1.076412,1.159609,-0.312308,0.131653,-0.231507,0.925460,0.388001,-0.618689,0.834559,-0.085422,-1.821451,-0.138331,1.025077,-2.246504,-0.926511,3.099120,0.284855,-0.373537,0.121322,0.204060,0.037448,-0.215562,0.340122,-0.157745
5.083973,-1.008656,0.355655,1.263685,0.769280,-1.076635,1.157764,-0.311989,0.111268,-0.231969,0.903280,0.387741,-0.617549,0.833129,-0.085448,-1.821829,-0.138209,1.025291,-2.246472,-0.926727,3.099450,0.284703,-0.375589,0.121263,0.208148,0.036272,-0.217091,0.337811,-0.156647
5.084958,-1.012145,0.356080,1.264715,0.768044,-1.078446,1.156439,-0.312715,0.092677,-0.234004,0.883009,0.388114,-0.616507,0.831836,-0.085482,-1.822204,-0.138086,1.025495,-2.246439,-0.926945,3.099793,0.284546,-0.375302,0.122215,0.206830,0.035731,-0.216509,0.339461,-0.157132
5.085972,-1.005087,0.360869,1.261890,0.767731,-1.080660,1.157621,-0.311695,0.075324,-0.237474,0.864020,0.389203,-0.615498,0.830557,-0.085514,-1.822571,-0.137963,1.025698,-2.246401,-0.927156,3.100130,0.284394,-0.373648,0.122071,0.206491,0.036756,-0.214668,0.340831,-0.155577
5.086972,-0.998962,0.363024,1.258528,0.768273,-1.081856,1.155220,-0.312598,0.058871,-0.240837,0.846267,0.389117,-0.614617,0.829066,-0.085520,-1.822955,-0.137847,1.025911,-2.246364,-0.927367,3.100471,0.284233,-0.377261,0.119873,0.208050,0.036882,-0.212495,0.339709,-0.157546
5.088072,-1.005366,0.367444,1.257607,0.769195,-1.083598,1.157330,-0.311612,0.044022,-0.242935,0.830697,0.386996,-0.613880,0.827407,-0.085467,-1.823341,-0.137730,1.026126,-2.246329,-0.927577,3.100813,0.284078,-0.380265,0.118976,0.209797,0.036186,-0.211334,0.342195,-0.155616
5.089065,-1.003914,0.367794,1.254877,0.768636,-1.085149,1.158777,-0.311230,0.029565,-0.242816,0.816014,0.383551,-0.613122,0.825600,-0.085340,-1.823711,-0.137616,1.026339,-2.246296,-0.927780,3.101151,0.283919,-0.377601,0.117121,0.210609,0.035232,-0.209892,0.340324,-0.157577
5.090042,-1.010093,0.364661,1.249494,0.768509,-1.087212,1.163145,-0.310458,0.011610,-0.238906,0.798131,0.379355,-0.612143,0.823436,-0.085152,-1.824091,-0.137498,1.026555,-2.246261,-0.927986,3.101489,0.283759,-0.378343,0.117123,0.212014,0.035665,-0.208385,0.338939,-0.158217
5.091082,-1.006114,0.369333,1.246277,0.768523,-1.089240,1.162839,-0.310321,-0.012612,-0.231172,0.774069,0.374780,-0.610853,0.820797,-0.084913,-1.824459,-0.137376,1.026774,-2.246226,-0.928192,3.101812,0.283600,-0.375274,0.118776,0.214673,0.035619,-0.206339,0.334658,-0.159652
5.092042,-1.011080,0.367121,1.246109,0.770282,-1.088230,1.161637,-0.309653,-0.044362,-0.220168,0.742423,0.370157,-0.609235,0.817675,-0.084633,-1.824840,-0.137262,1.026995,-2.246191,-0.928389,3.102150,0.283437,-0.377497,0.116679,0.216363,0.035495,-0.204542,0.335170,-0.159817
5.092989,-1.012827,0.373808,1.243021,0.770513,-1.088855,1.160102,-0.308609,-0.082438,-0.206526,0.704391,0.366036,-0.607328,0.814201,-0.084330,-1.825213,-0.137142,1.027215,-2.246161,-0.928597,3.102487,0.283273,-0.374882,0.117895,0.216341,0.033669,-0.205544,0.336377,-0.161018
5.094144,-1.013489,0.374101,1.240956,0.771909,-1.089665,1.159980,-0.308247,-0.126151,-0.190285,0.660682,0.363030,-0.605127,0.810426,-0.084031,-1.825583,-0.137034,1.027435,-2.246129,-0.928798,3.102828,0.283107,-0.373920,0.114700,0.217758,0.033347,-0.204903,0.337858,-0.162951
5.095099,-1.012769,0.373589,1.234244,0.770493,-1.089229,1.159959,-0.306671,-0.175764,-0.170568,0.611124,0.360980,-0.602668,0.806289,-0.083748,-1.825963,-0.136920,1.027658,-2.246099,-0.929003,3.103170,0.282944,-0.374325,0.115039,0.219167,0.032018,-0.204491,0.338346,-0.163626
5.095998,-1.009703,0.371810,1.235730,0.768934,-1.088695,1.160893,-0.306860,-0.229745,-0.148174,0.557234,0.359569,-0.600091,0.801865,-0.083501,-1.826340,-0.136802,1.027888,-2.246063,-0.929212,3.103506,0.282772,-0.374522,0.115393,0.222314,0.033268,-0.204879,0.338351,-0.166621
5.097064,-1.008916,0.370627,1.234957,0.771218,-1.088388,1.163170,-0.305977,-0.284552,-0.125285,0.502547,0.357755,-0.597673,0.797322,-0.083310,-1.826716,-0.136684,1.028106,-2.246025,-0.929417,3.103843,0.282608,-0.375671,0.116297,0.221283,0.034550,-0.205270,0.337273,-0.166030
5.097951,-1.005917,0.374456,1.228820,0.769711,-1.087134,1.164665,-0.304747,-0.334434,-0.105093,0.452812,0.355564,-0.595624,0.793087,-0.083185,-1.827095,-0.136567,1.028332,-2.245997,-0.929626,3.104172,0.282436,-0.376388,0.117160,0.221791,0.032292,-0.205750,0.335254,-0.167700
5.098962,-0.999056,0.379590,1.229048,0.768944,-1.085260,1.165716,-0.304631,-0.377059,-0.088861,0.410300,0.354177,-0.593854,0.789457,-0.083141,-1.827468,-0.136456,1.028561,-2.245960,-0.929833,3.104500,0.282263,-0.377467,0.115286,0.224483,0.033573,-0.206826,0.333659,-0.169945
5.099988,-0.999678,0.381751,1.223793,0.768677,-1.086003,1.161057,-0.304775,-0.413155,-0.074329,0.374536,0.352309,-0.592351,0.786346,-0.083167,-1.827856,-0.136349,1.028788,-2.245925,-0.930048,3.104835,0.282092,-0.380893,0.113029,0.224294,0.034199,-0.208707,0.332733,-0.170009
5.101013,-1.001737,0.381405,1.225827,0.768157,-1.086822,1.159119,-0.303477,-0.443078,-0.059351,0.345439,0.348077,-0.591201,0.783621,-0.083230,-1.828237,-0.136241,1.029021,-2.245890,-0.930259,3.105181,0.281921,-0.380669,0.112282,0.226866,0.034336,-0.207999,0.337526,-0.169578
5.101980,-1.002623,0.384182,1.224633,0.768817,-1.087541,1.158143,-0.302997,-0.469004,-0.043070,0.320768,0.341134,-0.590343,0.781044,-0.083316,-1.828613,-0.136127,1.029243,-2.245855,-0.930467,3.105526,0.281745,-0.379805,0.112716,0.225868,0.034728,-0.207284,0.339520,-0.172048
5.103112,-1.003291,0.385052,1.220005,0.771388,-1.092731,1.160847,-0.303658,-0.492506,-0.025669,0.298804,0.332074,-0.589689,0.778483,-0.083429,-1.828991,-0.136018,1.029470,-2.245822,-0.930675,3.105872,0.281572,-0.379259,0.111533,0.226303,0.033932,-0.206534,0.340446,-0.172813
5.103982,-1.002409,0.385353,1.218698,0.769112,-1.090901,1.160549,-0.302166,-0.514518,-0.007730,0.278382,0.322956,-0.589076,0.776017,-0.083577,-1.829370,-0.135907,1.029703,-2.245794,-0.930866,3.106203,0.281404,-0.379570,0.111554,0.228847,0.031473,-0.201798,0.338096,-0.171398
5.105060,-1.009511,0.384844,1.222288,0.768902,-1.089997,1.161814,-0.302542,-0.536019,0.010246,0.258279,0.315342,-0.588407,0.773707,-0.083767,-1.829747,-0.135796,1.029934,-2.245755,-0.931074,3.106545,0.281223,-0.379453,0.111450,0.229007,0.033458,-0.203459,0.338196,-0.174162
5.105997,-1.008848,0.383866,1.221838,0.770007,-1.090206,1.160059,-0.301958,-0.556691,0.028005,0.238812,0.308299,-0.587835,0.771511,-0.083996,-1.830124,-0.135682,1.030158,-2.245721,-0.931285,3.106873,0.281049,-0.376287,0.112043,0.227348,0.033594,-0.204532,0.337221,-0.173252
5.107081,-1.011168,0.382348,1.226361,0.768006,-1.087138,1.156054,-0.302334,-0.575676,0.044766,0.220849,0.301629,-0.587433,0.769476,-0.084249,-1.830500,-0.135569,1.030387,-2.245691,-0.931489,3.107216,0.280872,-0.376427,0.112652,0.227327,0.032394,-0.204266,0.338913,-0.174230
5.108112,-1.009274,0.386973,1.230567,0.769687,-1.088810,1.157227,-0.300975,-0.590950,0.058861,0.206428,0.295861,-0.587228,0.767763,-0.084512,-1.830877,-0.135456,1.030609,-2.245650,-0.931705,3.107570,0.280699,-0.375688,0.113776,0.225248,0.034212,-0.207507,0.343097,-0.173346
5.108961,-1.003893,0.388124,1.226837,0.767989,-1.086597,1.154344,-0.301669,-0.599315,0.069263,0.198913,0.290443,-0.587339,0.766539,-0.084763,-1.831252,-0.135348,1.030827,-2.245620,-0.931908,3.107908,0.280519,-0.376877,0.111756,0.223255,0.032498,-0.205948,0.342010,-0.175927
5.110075,-1.004417,0.390296,1.230481,0.767930,-1.085947,1.154819,-0.301969,-0.591004,0.081526,0.209405,0.278691,-0.588524,0.765849,-0.085077,-1.832018,-0.135129,1.031279,-2.245552,-0.932330,3.108598,0.280174,-0.379087,0.110575,0.223073,0.034000,-0.208777,0.344411,-0.173571
5.111112,-1.007281,0.391544,1.231190,0.768714,-1.086032,1.155996,-0.301736,-0.591004,0.081526,0.209405,0.278691,-0.588524,0.765849,-0.085077,-1.832018,-0.135129,1.031279,-2.245552,-0.932330,3.108598,0.280174,-0.379087,0.110575,0.223073,0.034000,-0.208777,0.344411,-0.173571
5.112036,-1.007457,0.390255,1.230766,0.768845,-1.086341,1.157743,-0.302139,-0.577031,0.085218,0.224664,0.271903,-0.589392,0.766178,-0.085117,-1.832390,-0.135019,1.031499,-2.245521,-0.932539,3.108941,0.279999,-0.377919,0.110277,0.222832,0.033197,-0.208803,0.343346,-0.173903
5.113036,-1.004860,0.390339,1.231879,0.768172,-1.086170,1.157222,-0.303349,-0.559743,0.087662,0.243055,0.265978,-0.590165,0.766859,-0.085102,-1.832767,-0.134908,1.031722,-2.245488,-0.932748,3.109280,0.279828,-0.377541,0.111057,0.222820,0.032923,-0.208359,0.341503,-0.172889
5.114047,-1.008934,0.392074,1.239438,0.766937,-1.088461,1.153586,-0.303983,-0.540150,0.088271,0.263437,0.261636,-0.590785,0.767891,-0.085031,-1.833149,-0.134797,1.031944,-2.245453,-0.932959,3.109618,0.279661,-0.378845,0.111249,0.222235,0.033462,-0.208551,0.342119,-0.170319
5.115107,-1.009781,0.392346,1.238558,0.770029,-1.091264,1.152986,-0.304356,-0.517108,0.086804,0.287172,0.257683,-0.591448,0.769231,-0.084902,-1.833519,-0.134688,1.032152,-2.245416,-0.933160,3.109971,0.279500,-0.376961,0.110662,0.218602,0.034519,-0.206366,0.345791,-0.168954
5.115983,-1.010943,0.393628,1.242390,0.769129,-1.088494,1.152042,-0.305249,-0.490913,0.083766,0.314121,0.253642,-0.592237,0.770769,-0.084744,-1.833896,-0.134579,1.032374,-2.245392,-0.933361,3.110318,0.279333,-0.376882,0.110900,0.219230,0.031535,-0.203799,0.346508,-0.168111
5.117045,-1.004003,0.394103,1.241173,0.768905,-1.088619,1.152930,-0.305067,-0.463428,0.079488,0.342264,0.251001,-0.592989,0.772484,-0.084584,-1.834269,-0.134471,1.032584,-2.245358,-0.933571,3.110669,0.279172,-0.375824,0.110335,0.217084,0.032274,-0.206382,0.347187,-0.166136
5.118044,-1.004308,0.391747,1.245185,0.768012,-1.088510,1.152823,-0.306214,-0.434382,0.073909,0.371859,0.249963,-0.593715,0.774451,-0.084435,-1.834656,-0.134359,1.032803,-2.245324,-0.933781,3.111017,0.279003,-0.379555,0.110439,0.217901,0.032410,-0.206392,0.346429,-0.166413
5.119093,-1.007792,0.388242,1.251401,0.768328,-1.087513,1.154667,-0.305882,-0.401220,0.065921,0.405542,0.249754,-0.594598,0.776835,-0.084311,-1.835040,-0.134245,1.033016,-2.245291,-0.933988,3.111362,0.278848,-0.379331,0.111839,0.215951,0.033224,-0.206553,0.346576,-0.164004
5.120004,-1.005381,0.385393,1.252177,0.769561,-1.086676,1.154758,-0.307392,-0.362269,0.053845,0.444874,0.250457,-0.595689,0.779759,-0.084226,-1.835414,-0.134126,1.033224,-2.245260,-0.934195,3.111706,0.278683,-0.377886,0.113830,0.213119,0.032879,-0.207717,0.344850,-0.164596
5.120970,-1.000496,0.389666,1.251560,0.771423,-1.087631,1.154095,-0.307138,-0.317485,0.036390,0.489680,0.253312,-0.596830,0.783307,-0.084186,-1.835799,-0.134009,1.033434,-2.245231,-0.934405,3.112050,0.278525,-0.378660,0.115280,0.212643,0.031579,-0.208378,0.344625,-0.161391
5.122037,-1.000524,0.389394,1.255802,0.769012,-1.087470,1.155066,-0.308063,-0.268117,0.014051,0.538621,0.259712,-0.597778,0.787499,-0.084193,-1.836182,-0.133900,1.033647,-2.245206,-0.934608,3.112394,0.278362,-0.380949,0.113324,0.212957,0.029786,-0.207436,0.345268,-0.161800
5.123058,-1.001216,0.391684,1.260135,0.770068,-1.087900,1.151685,-0.308153,-0.215740,-0.010619,0.590346,0.268508,-0.598533,0.792162,-0.084244,-1.836566,-0.133785,1.033855,-2.245170,-0.934816,3.112742,0.278206,-0.381177,0.113788,0.211146,0.032108,-0.207795,0.344435,-0.159869
5.124013,-0.997619,0.393591,1.258718,0.770649,-1.089186,1.152684,-0.307368,-0.161445,-0.035269,0.644077,0.276980,-0.599313,0.796993,-0.084328,-1.836952,-0.133675,1.034061,-2.245139,-0.935025,3.113094,0.278047,-0.380870,0.112916,0.209205,0.030985,-0.207434,0.347889,-0.159612
5.125014,-0.997865,0.388459,1.262172,0.770092,-1.089789,1.154329,-0.307607,-0.106931,-0.058360,0.698216,0.284308,-0.600175,0.801736,-0.084449,-1.837334,-0.133563,1.034269,-2.245109,-0.935227,3.113438,0.277885,-0.382465,0.112132,0.209971,0.030369,-0.206145,0.346791,-0.161061
5.126114,-0.993823,0.391892,1.265717,0.770306,-1.088136,1.158672,-0.307090,0.001512,-0.102140,0.806092,0.297955,-0.602147,0.810888,-0.084877,-1.838107,-0.133334,1.034683,-2.245045,-0.935643,3.114111,0.277568,-0.384716,0.113538,0.207033,0.030630,-0.207530,0.341147,-0.161461
5.127100,-0.999089,0.394682,1.264100,0.770724,-1.089349,1.160180,-0.307735,0.001512,-0.102140,0.806092,0.297955,-0.602147,0.810888,-0.084877,-1.838107,-0.133334,1.034683,-2.245045,-0.935643,3.114111,0.277568,-0.384716,0.113538,0.207033,0.030630,-0.207530,0.341147,-0.161461
5.128011,-0.996033,0.394987,1.264967,0.769244,-1.085499,1.158859,-0.307383,0.055818,-0.123486,0.860162,0.304538,-0.603345,0.815400,-0.085173,-1.838481,-0.133223,1.034892,-2.245015,-0.935845,3.114448,0.277413,-0.382054,0.112367,0.207970,0.030200,-0.206358,0.339719,-0.160054
5.129041,-1.000642,0.392404,1.270473,0.769497,-1.083850,1.159522,-0.309286,0.104504,-0.140749,0.908760,0.309971,-0.604592,0.819427,-0.085506,-1.838866,-0.133112,1.035098,-2.244981,-0.936062,3.114785,0.277250,-0.383174,0.112335,0.207466,0.031508,-0.210022,0.340960,-0.160612
5.130001,-0.996256,0.395917,1.268123,0.770269,-1.081548,1.159357,-0.307779,0.146403,-0.153766,0.950773,0.313637,-0.605914,0.822838,-0.085868,-1.839238,-0.132995,1.035298,-2.244950,-0.936275,3.115125,0.277101,-0.381077,0.113860,0.205017,0.031222,-0.211704,0.340402,-0.156710
5.131049,-0.998264,0.394350,1.272675,0.768279,-1.078900,1.162788,-0.307594,0.183023,-0.164117,0.987661,0.316270,-0.607298,0.825825,-0.086257,-1.839626,-0.132886,1.035506,-2.244922,-0.936491,3.115467,0.276935,-0.383046,0.112282,0.206269,0.030427,-0.213888,0.340543,-0.159641
5.131998,-0.997363,0.394167,1.272418,0.769995,-1.077206,1.164458,-0.307007,0.215059,-0.172223,1.020103,0.318148,-0.608708,0.828503,-0.086668,-1.840011,-0.132770,1.035708,-2.244885,-0.936711,3.115797,0.276775,-0.382188,0.113350,0.204315,0.032294,-0.216564,0.337297,-0.159905
5.133027,-0.996788,0.392092,1.274765,0.771428,-1.072360,1.167675,-0.307834,0.243600,-0.178883,1.049127,0.319289,-0.610134,0.830981,-0.087078,-1.840390,-0.132654,1.035912,-2.244857,-0.936931,3.116131,0.276613,-0.382443,0.113544,0.204524,0.030541,-0.218061,0.335630,-0.160940
5.134109,-1.000065,0.395784,1.271349,0.770736,-1.070985,1.168091,-0.307055,0.269772,-0.185952,1.075573,0.321773,-0.611371,0.833496,-0.087478,-1.840776,-0.132537,1.036118,-2.244830,-0.937162,3.116461,0.276459,-0.382804,0.114814,0.203584,0.029175,-0.222822,0.332582,-0.159190
5.135088,-1.001187,0.395008,1.276072,0.769455,-1.069556,1.168190,-0.306765,0.292294,-0.193317,1.098009,0.326788,-0.612184,0.836010,-0.087862,-1.841153,-0.132425,1.036327,-2.244799,-0.937386,3.116788,0.276295,-0.381588,0.113294,0.205681,0.029883,-0.224214,0.332509,-0.160702
5.135980,-1.000811,0.391249,1.274280,0.767790,-1.068938,1.165125,-0.306905,0.308315,-0.198397,1.113808,0.332146,-0.612602,0.838072,-0.088218,-1.841537,-0.132307,1.036528,-2.244765,-0.937618,3.117122,0.276133,-0.380896,0.113839,0.203459,0.031043,-0.225405,0.332465,-0.161147
5.137011,-0.999750,0.394679,1.279633,0.769039,-1.070987,1.165163,-0.306638,0.318249,-0.200746,1.123687,0.335308,-0.612854,0.839441,-0.088513,-1.841919,-0.132191,1.036737,-2.244731,-0.937845,3.117461,0.275970,-0.380581,0.115739,0.204237,0.032525,-0.225636,0.335400,-0.160679
5.138012,-0.998791,0.397430,1.275453,0.768515,-1.070661,1.164596,-0.307403,0.324891,-0.201836,1.130605,0.335653,-0.613111,0.840234,-0.088736,-1.842298,-0.132079,1.036934,-2.244702,-0.938063,3.117799,0.275812,-0.381297,0.114282,0.201885,0.031261,-0.223575,0.335471,-0.161139
5.139055,-0.998995,0.393129,1.278294,0.770346,-1.069220,1.163102,-0.306083,0.329522,-0.201471,1.135920,0.333657,-0.613394,0.840594,-0.088889,-1.842680,-0.131971,1.037142,-2.244669,-0.938288,3.118137,0.275655,-0.381764,0.113185,0.204174,0.031719,-0.223796,0.336119,-0.159493
5.139989,-0.995032,0.390013,1.274157,0.770497,-1.066337,1.164015,-0.306106,0.331936,-0.199638,1.139270,0.330701,-0.613605,0.840630,-0.088985,-1.843058,-0.131848,1.037343,-2.244643,-0.938514,3.118475,0.275486,-0.381906,0.115544,0.203074,0.029960,-0.225203,0.337792,-0.162056
5.140960,-0.996916,0.388996,1.279153,0.768506,-1.064519,1.164642,-0.305664,0.333353,-0.198950,1.141482,0.329343,-0.613607,0.840632,-0.089060,-1.843445,-0.131728,1.037551,-2.244614,-0.938750,3.118810,0.275325,-0.383531,0.117127,0.205140,0.029795,-0.227719,0.336806,-0.161837
5.142042,-0.996155,0.395140,1.279151,0.771284,-1.064369,1.164517,-0.306697,0.335498,-0.201084,1.144151,0.330104,-0.613465,0.840786,-0.089135,-1.843825,-0.131609,1.037753,-2.244579,-0.938982,3.119141,0.275159,-0.382435,0.117726,0.202745,0.031626,-0.229270,0.336235,-0.162582
5.143101,-0.992857,0.391033,1.277357,0.770627,-1.064164,1.163129,-0.305849,0.338445,-0.204482,1.147540,0.331654,-0.613313,0.841005,-0.089194,-1.844204,-0.131497,1.037957,-2.244555,-0.939213,3.119479,0.275003,-0.383243,0.114990,0.203194,0.028979,-0.229388,0.336617,-0.160439
5.144108,-0.993741,0.397746,1.282029,0.769043,-1.064655,1.163520,-0.306540,0.341701,-0.207800,1.151216,0.334131,-0.613135,0.841260,-0.089236,-1.844593,-0.131377,1.038165,-2.244521,-0.939443,3.119819,0.274834,-0.385077,0.117318,0.204397,0.029609,-0.229549,0.338200,-0.162059
5.144979,-0.993251,0.398768,1.285219,0.770493,-1.063340,1.160274,-0.306890,0.345472,-0.210502,1.155514,0.336562,-0.613052,0.841526,-0.089278,-1.844980,-0.131269,1.038364,-2.244487,-0.939673,3.120154,0.274677,-0.384576,0.114205,0.202306,0.031073,-0.228880,0.337895,-0.160553
5.146049,-0.997318,0.398602,1.281947,0.768472,-1.064018,1.159529,-0.307018,0.350033,-0.211068,1.161007,0.336956,-0.613238,0.841733,-0.089329,-1.845360,-0.131155,1.038561,-2.244461,-0.939907,3.120502,0.274521,-0.384240,0.113729,0.200662,0.029575,-0.229722,0.340919,-0.159701
5.147054,-0.995638,0.396803,1.282800,0.768163,-1.064741,1.160054,-0.307388,0.353245,-0.208202,1.165618,0.335003,-0.613603,0.841709,-0.089381,-1.845740,-0.131042,1.038766,-2.244425,-0.940140,3.120847,0.274364,-0.382537,0.114143,0.202693,0.031528,-0.228973,0.341820,-0.159392
5.147957,-0.997827,0.394112,1.279712,0.770500,-1.066118,1.162803,-0.306594,0.352395,-0.201930,1.166519,0.330708,-0.614026,0.841230,-0.089425,-1.846122,-0.130924,1.038965,-2.244394,-0.940364,3.121186,0.274209,-0.383417,0.115227,0.202522,0.031763,-0.228139,0.341360,-0.158562
5.149009,-1.001350,0.395239,1.276254,0.769851,-1.066141,1.162567,-0.307902,0.347395,-0.194134,1.163303,0.325818,-0.614330,0.840431,-0.089462,-1.846504,-0.130805,1.039173,-2.244367,-0.940589,3.121517,0.274047,-0.381848,0.116566,0.203978,0.029397,-0.226425,0.338498,-0.160005
5.150054,-1.008618,0.396641,1.275709,0.770718,-1.066783,1.159235,-0.308177,0.336615,-0.185658,1.153960,0.322873,-0.614189,0.839413,-0.089481,-1.846885,-0.130690,1.039384,-2.244338,-0.940818,3.121854,0.273895,-0.380321,0.116268,0.205956,0.030093,-0.226363,0.338956,-0.157298
5.151021,-1.007547,0.399115,1.273039,0.765901,-1.070569,1.158509,-0.308929,0.315728,-0.174227,1.134134,0.321673,-0.613412,0.837818,-0.089451,-1.847256,-0.130574,1.039590,-2.244312,-0.941037,3.122203,0.273743,-0.377001,0.115829,0.206518,0.029319,-0.225737,0.342419,-0.156720
5.152066,-1.008996,0.398300,1.272838,0.768791,-1.070042,1.156291,-0.309899,0.282915,-0.157273,1.102368,0.319188,-0.612202,0.835236,-0.089366,-1.847637,-0.130461,1.039800,-2.244268,-0.941255,3.122549,0.273589,-0.377427,0.114757,0.207896,0.033811,-0.221798,0.343077,-0.155103
5.153131,-1.009817,0.401489,1.277043,0.769285,-1.069870,1.156534,-0.311516,0.240864,-0.134965,1.061638,0.313213,-0.610923,0.831674,-0.089237,-1.848009,-0.130343,1.040008,-2.244243,-0.941477,3.122898,0.273438,-0.377006,0.115406,0.208256,0.030993,-0.222363,0.345414,-0.153116
5.153996,-1.007374,0.399389,1.275191,0.769365,-1.070579,1.156379,-0.310553,0.194882,-0.110477,1.017084,0.305907,-0.609606,0.827656,-0.089084,-1.848389,-0.130230,1.040212,-2.244212,-0.941702,3.123246,0.273294,-0.376913,0.114117,0.206502,0.030510,-0.222548,0.345297,-0.149858
5.155101,-1.004968,0.401658,1.271299,0.768539,-1.068523,1.160344,-0.310974,0.149969,-0.086947,0.973524,0.299684,-0.608221,0.823696,-0.088931,-1.848771,-0.130115,1.040421,-2.244182,-0.941922,3.123585,0.273137,-0.377518,0.115177,0.207225,0.030317,-0.221463,0.345234,-0.151665
5.156114,-1.003955,0.402721,1.265902,0.768060,-1.065968,1.157766,-0.311081,0.108310,-0.065764,0.933110,0.294744,-0.606835,0.820004,-0.088795,-1.849147,-0.130001,1.040634,-2.244150,-0.942147,3.123918,0.272986,-0.379272,0.114394,0.209557,0.031165,-0.223641,0.341557,-0.150783
5.157008,-1.000525,0.401064,1.266090,0.769050,-1.068853,1.155888,-0.312195,0.068390,-0.046188,0.894287,0.290585,-0.605412,0.816513,-0.088662,-1.849528,-0.129887,1.040851,-2.244120,-0.942377,3.124271,0.272838,-0.379835,0.114104,0.212338,0.031608,-0.226048,0.344211,-0.150523
5.158027,-1.001518,0.403490,1.262704,0.768876,-1.070331,1.153408,-0.311807,0.029041,-0.027794,0.855872,0.287082,-0.603890,0.813165,-0.088524,-1.849913,-0.129771,1.041063,-2.244090,-0.942593,3.124617,0.272695,-0.381024,0.114957,0.212030,0.030522,-0.222852,0.345882,-0.148178
5.158979,-1.003957,0.401397,1.262992,0.767745,-1.072359,1.151364,-0.312727,-0.009126,-0.011201,0.818494,0.284538,-0.602259,0.810029,-0.088396,-1.850289,-0.129657,1.041278,-2.244059,-0.942812,3.124974,0.272544,-0.380661,0.113973,0.213864,0.030669,-0.221357,0.348368,-0.148922
5.160088,-1.000859,0.406486,1.261227,0.768464,-1.073668,1.151376,-0.314766,-0.047155,0.004379,0.781219,0.282071,-0.600570,0.806945,-0.088276,-1.850666,-0.129542,1.041495,-2.244026,-0.943032,3.125327,0.272399,-0.379266,0.115160,0.213620,0.031683,-0.219148,0.350292,-0.146984
5.160950,-1.000558,0.404352,1.258783,0.770240,-1.074360,1.151595,-0.314110,-0.085489,0.019814,0.743733,0.278634,-0.598920,0.803769,-0.088140,-1.851046,-0.129433,1.041710,-2.243997,-0.943247,3.125682,0.272264,-0.381360,0.113023,0.214866,0.031030,-0.218052,0.350459,-0.142935
5.161957,-1.001169,0.402240,1.256290,0.769269,-1.072538,1.153678,-0.315291,-0.122866,0.034741,0.707246,0.275246,-0.597294,0.800654,-0.087991,-1.851428,-0.129318,1.041930,-2.243970,-0.943463,3.126035,0.272119,-0.380850,0.114104,0.215727,0.029191,-0.217034,0.349930,-0.144178
5.163096,-1.006453,0.402554,1.254170,0.769239,-1.073960,1.151394,-0.314250,-0.158922,0.048016,0.671850,0.273723,-0.595583,0.797794,-0.087859,-1.851810,-0.129200,1.042153,-2.243939,-0.943691,3.126378,0.271983,-0.380565,0.115331,0.216967,0.030136,-0.218739,0.347889,-0.141770
5.164126,-1.007191,0.406911,1.250302,0.768340,-1.073017,1.147305,-0.314907,-0.195140,0.059650,0.635893,0.273917,-0.593779,0.795121,-0.087754,-1.852181,-0.129082,1.042375,-2.243908,-0.943905,3.126733,0.271835,-0.378659,0.115548,0.218373,0.030209,-0.217570,0.350485,-0.143913
5.165055,-1.006408,0.403283,1.247596,0.769648,-1.075771,1.145043,-0.315054,-0.234744,0.072213,0.596262,0.273967,-0.591925,0.792269,-0.087678,-1.852561,-0.128972,1.042602,-2.243875,-0.944124,3.127098,0.271700,-0.378463,0.113651,0.220310,0.031040,-0.218529,0.354564,-0.142573
5.166041,-1.002495,0.406312,1.246941,0.771593,-1.077312,1.141639,-0.316454,-0.278750,0.087011,0.552056,0.273020,-0.590042,0.789110,-0.087630,-1.852940,-0.128854,1.042825,-2.243847,-0.944332,3.127460,0.271561,-0.378570,0.115556,0.221437,0.029695,-0.215631,0.356583,-0.142228
5.167052,-1.002304,0.410096,1.247438,0.770595,-1.076287,1.141267,-0.316254,-0.323479,0.101725,0.506863,0.272614,-0.588128,0.786053,-0.087614,-1.853326,-0.128744,1.043051,-2.243821,-0.944541,3.127826,0.271428,-0.380412,0.114238,0.221657,0.027804,-0.214100,0.359877,-0.139394
5.168009,-1.003777,0.411162,1.247038,0.771287,-1.078409,1.139501,-0.317066,-0.364644,0.114962,0.465009,0.273463,-0.586269,0.783475,-0.087625,-1.853709,-0.128634,1.043274,-2.243789,-0.944762,3.128188,0.271285,-0.380522,0.112618,0.221403,0.028773,-0.215093,0.360171,-0.139795
5.169097,-1.002652,0.408492,1.246027,0.771404,-1.080136,1.140616,-0.317454,-0.401063,0.127751,0.427892,0.274283,-0.584607,0.781347,-0.087661,-1.854083,-0.128520,1.043498,-2.243763,-0.944972,3.128556,0.271149,-0.379668,0.112248,0.221447,0.028110,-0.212872,0.361750,-0.138116
5.170085,-1.005237,0.410509,1.243357,0.771339,-1.080660,1.137850,-0.317941,-0.432466,0.139572,0.395793,0.274927,-0.583161,0.779649,-0.087739,-1.854467,-0.128405,1.043723,-2.243734,-0.945181,3.128917,0.271013,-0.380620,0.113936,0.222139,0.028058,-0.211366,0.360730,-0.137382
5.170963,-1.004027,0.413413,1.238567,0.771306,-1.083304,1.134020,-0.318278,-0.484477,0.158833,0.342223,0.276693,-0.580648,0.777158,-0.088022,-1.855218,-0.128185,1.044180,-2.243679,-0.945591,3.129659,0.270745,-0.379451,0.111750,0.225328,0.028137,-0.208051,0.366844,-0.135660
5.172109,-1.011055,0.415587,1.233696,0.770380,-1.083867,1.133851,-0.318141,-0.484477,0.158833,0.342223,0.276693,-0.580648,0.777158,-0.088022,-1.855218,-0.128185,1.044180,-2.243679,-0.945591,3.129659,0.270745,-0.379451,0.111750,0.225328,0.028137,-0.208051,0.366844,-0.135660
5.173028,-1.012750,0.417264,1.235718,0.772667,-1.083656,1.131782,-0.318863,-0.513459,0.171357,0.312597,0.275922,-0.579456,0.775554,-0.088183,-1.855592,-0.128075,1.044415,-2.243649,-0.945797,3.130026,0.270604,-0.376656,0.111156,0.227985,0.029142,-0.207883,0.367187,-0.135989
5.173959,-1.013245,0.415436,1.231897,0.774378,-1.086388,1.128474,-0.317291,-0.548658,0.188026,0.276837,0.273877,-0.578201,0.773429,-0.088332,-1.855961,-0.127965,1.044637,-2.243626,-0.946002,3.130399,0.270471,-0.375599,0.110452,0.226707,0.026927,-0.208002,0.368965,-0.134483
5.175042,-1.015076,0.412612,1.236451,0.773544,-1.086902,1.130486,-0.317898,-0.625643,0.222747,0.198230,0.274880,-0.575346,0.769141,-0.088636,-1.856715,-0.127734,1.045094,-2.243576,-0.946407,3.131140,0.270193,-0.374613,0.113207,0.226167,0.026275,-0.204973,0.370006,-0.136377
5.176042,-1.014578,0.411833,1.239382,0.774223,-1.086268,1.129654,-0.317359,-0.625643,0.222747,0.198230,0.274880,-0.575346,0.769141,-0.088636,-1.856715,-0.127734,1.045094,-2.243576,-0.946407,3.131140,0.270193,-0.374613,0.113207,0.226167,0.026275,-0.204973,0.370006,-0.136377
5.177017,-1.013587,0.410007,1.240038,0.774830,-1.087700,1.128326,-0.317932,-0.656544,0.233411,0.166220,0.279274,-0.574102,0.767863,-0.088807,-1.857089,-0.127620,1.045315,-2.243550,-0.946611,3.131512,0.270055,-0.374962,0.113788,0.224713,0.025658,-0.205705,0.370737,-0.137458
5.178125,-1.012029,0.411157,1.237592,0.773088,-1.087860,1.128018,-0.318247,-0.676311,0.236612,0.145171,0.285903,-0.573183,0.767545,-0.088994,-1.857466,-0.127503,1.045538,-2.243526,-0.946813,3.131883,0.269921,-0.375386,0.114840,0.224291,0.025163,-0.204304,0.371891,-0.136273
5.179079,-1.008507,0.410896,1.240607,0.773198,-1.088245,1.129498,-0.318852,-0.685228,0.233090,0.134831,0.293809,-0.572574,0.768029,-0.089175,-1.857843,-0.127388,1.045764,-2.243497,-0.947016,3.132260,0.269787,-0.376727,0.114620,0.225749,0.027004,-0.204481,0.372257,-0.135705
5.180008,-1.007665,0.409190,1.240064,0.773584,-1.091322,1.130762,-0.318590,-0.684273,0.224508,0.134372,0.301181,-0.572283,0.769094,-0.089300,-1.858226,-0.127271,1.045987,-2.243470,-0.947218,3.132632,0.269656,-0.378256,0.114859,0.224059,0.026898,-0.204093,0.370529,-0.134469
5.181087,-1.011641,0.412095,1.242020,0.775878,-1.094738,1.131556,-0.319033,-0.672987,0.211126,0.144231,0.307765,-0.572251,0.770774,-0.089337,-1.858605,-0.127154,1.046214,-2.243445,-0.947415,3.132995,0.269521,-0.378360,0.115779,0.224079,0.026556,-0.200988,0.369045,-0.134967
5.182012,-1.004309,0.413980,1.242979,0.775980,-1.097674,1.136720,-0.319916,-0.653500,0.193752,0.162089,0.314710,-0.572271,0.772998,-0.089279,-1.858975,-0.127039,1.046434,-2.243424,-0.947605,3.133359,0.269392,-0.376856,0.114634,0.223316,0.024493,-0.197968,0.368339,-0.134125
5.182984,-1.007753,0.410985,1.244462,0.776191,-1.098860,1.137647,-0.319393,-0.628115,0.174038,0.185608,0.322787,-0.572238,0.775680,-0.089139,-1.859361,-0.126926,1.046657,-2.243401,-0.947796,3.133717,0.269261,-0.380174,0.113797,0.222610,0.024501,-0.195085,0.362926,-0.132317
5.184110,-1.010428,0.409693,1.249214,0.775650,-1.100703,1.136931,-0.319787,-0.596423,0.152205,0.215285,0.331875,-0.572282,0.778914,-0.088952,-1.859733,-0.126808,1.046876,-2.243376,-0.947986,3.134070,0.269126,-0.378384,0.115440,0.221811,0.024369,-0.194080,0.361969,-0.133370
5.185091,-1.013110,0.408899,1.246919,0.775091,-1.099776,1.140061,-0.318627,-0.559504,0.128154,0.250071,0.341272,-0.572532,0.782570,-0.088771,-1.860111,-0.126688,1.047089,-2.243351,-0.948179,3.134434,0.268996,-0.377675,0.116413,0.219839,0.025103,-0.192694,0.362888,-0.132642
5.185996,-1.010069,0.407189,1.250448,0.775490,-1.100853,1.141936,-0.320012,-0.520588,0.103034,0.286782,0.349989,-0.573025,0.786314,-0.088622,-1.860489,-0.126572,1.047313,-2.243325,-0.948374,3.134785,0.268856,-0.376283,0.116959,0.220925,0.025713,-0.193784,0.359670,-0.134957
5.187122,-1.013149,0.409670,1.248475,0.776410,-1.100296,1.143152,-0.319404,-0.481591,0.077707,0.323550,0.357777,-0.573760,0.790055,-0.088508,-1.860866,-0.126453,1.047527,-2.243302,-0.948566,3.135138,0.268729,-0.377443,0.117820,0.218964,0.025380,-0.192686,0.357588,-0.132110
5.188107,-1.014223,0.408902,1.255294,0.777280,-1.098333,1.144076,-0.319763,-0.442865,0.052389,0.360028,0.365338,-0.574705,0.793896,-0.088429,-1.861244,-0.126338,1.047749,-2.243279,-0.948758,3.135495,0.268596,-0.376493,0.116954,0.220288,0.024698,-0.193734,0.356608,-0.133433
5.189017,-1.014310,0.410061,1.256924,0.776265,-1.097641,1.149448,-0.319940,-0.405201,0.027737,0.395398,0.373414,-0.575750,0.797822,-0.088406,-1.861625,-0.126220,1.047963,-2.243257,-0.948957,3.135849,0.268468,-0.375889,0.117491,0.216876,0.023974,-0.195810,0.355634,-0.132710
5.190070,-1.011870,0.409066,1.261077,0.778316,-1.098623,1.151104,-0.319708,-0.367662,0.003749,0.430615,0.381951,-0.576874,0.801833,-0.088451,-1.861998,-0.126102,1.048174,-2.243230,-0.949153,3.136189,0.268337,-0.375545,0.116918,0.215961,0.025011,-0.196457,0.350088,-0.132320
5.191049,-1.008373,0.408474,1.258008,0.777851,-1.098119,1.151461,-0.319499,-0.327767,-0.020524,0.468216,0.390767,-0.578120,0.806053,-0.088556,-1.862379,-0.125985,1.048386,-2.243212,-0.949347,3.136532,0.268203,-0.377027,0.117684,0.214121,0.023221,-0.195759,0.348630,-0.132813
5.191974,-1.012051,0.409030,1.262629,0.776243,-1.094909,1.151166,-0.320400,-0.284251,-0.046191,0.509456,0.400418,-0.579417,0.810554,-0.088716,-1.862759,-0.125864,1.048602,-2.243185,-0.949544,3.136881,0.268069,-0.378694,0.118073,0.215681,0.023758,-0.196388,0.348242,-0.133217
5.193032,-1.016846,0.409594,1.262686,0.778143,-1.096465,1.152263,-0.320326,-0.238924,-0.072362,0.552607,0.409931,-0.580725,0.815073,-0.088895,-1.863133,-0.125747,1.048813,-2.243156,-0.949751,3.137234,0.267940,-0.376556,0.117845,0.213250,0.025322,-0.199509,0.348372,-0.131369
5.193959,-1.011021,0.408341,1.261244,0.776310,-1.097737,1.153521,-0.321000,-0.196098,-0.096478,0.593435,0.417908,-0.581967,0.819171,-0.089053,-1.863507,-0.125629,1.049028,-2.243137,-0.949949,3.137575,0.267807,-0.374520,0.117816,0.213458,0.023660,-0.198181,0.347441,-0.131571
5.195034,-1.008456,0.406283,1.262048,0.776580,-1.097501,1.152512,-0.320783,-0.158104,-0.117648,0.629628,0.424369,-0.583083,0.822705,-0.089190,-1.863885,-0.125508,1.049243,-2.243108,-0.950145,3.137918,0.267681,-0.377181,0.118459,0.214060,0.025486,-0.196913,0.346069,-0.130196
5.196082,-1.016600,0.407722,1.263720,0.776628,-1.098429,1.156535,-0.320671,-0.122700,-0.137447,0.663532,0.429177,-0.584259,0.825854,-0.089322,-1.864265,-0.125388,1.049458,-2.243083,-0.950343,3.138269,0.267549,-0.378806,0.119754,0.213920,0.025339,-0.197468,0.347252,-0.130690
5.197043,-1.015770,0.410272,1.263791,0.777608,-1.096255,1.157645,-0.321559,-0.060687,-0.173158,0.723318,0.434925,-0.586933,0.831060,-0.089684,-1.865006,-0.125153,1.049881,-2.243034,-0.950742,3.138945,0.267292,-0.375445,0.118079,0.213278,0.024529,-0.199012,0.342266,-0.129159
5.198041,-1.015295,0.409270,1.269581,0.777501,-1.094389,1.155285,-0.322014,-0.060687,-0.173158,0.723318,0.434925,-0.586933,0.831060,-0.089684,-1.865006,-0.125153,1.049881,-2.243034,-0.950742,3.138945,0.267292,-0.375445,0.118079,0.213278,0.024529,-0.199012,0.342266,-0.129159
5.199089,-1.010857,0.408437,1.270291,0.777531,-1.094281,1.153996,-0.321080,-0.037200,-0.186717,0.746056,0.437038,-0.588226,0.832988,-0.089943,-1.865383,-0.125034,1.050089,-2.243010,-0.950948,3.139289,0.267163,-0.375721,0.118751,0.210507,0.024779,-0.200929,0.344693,-0.128275
5.200039,-1.012550,0.408951,1.269104,0.776748,-1.092656,1.153649,-0.320326,-0.013804,-0.199742,0.769091,0.438984,-0.589620,0.834776,-0.090255,-1.865761,-0.124914,1.050296,-2.242985,-0.951148,3.139640,0.267033,-0.378219,0.119383,0.210471,0.024884,-0.201247,0.346068,-0.130209
5.201092,-1.013303,0.409768,1.270295,0.776069,-1.092271,1.155460,-0.321419,0.011049,-0.213246,0.794011,0.440356,-0.591179,0.836488,-0.090611,-1.866141,-0.124797,1.050507,-2.242961,-0.951353,3.139987,0.266900,-0.377129,0.119211,0.211046,0.025740,-0.202851,0.346318,-0.131686
5.202044,-1.017853,0.410828,1.274979,0.778189,-1.094090,1.156995,-0.321419,0.034452,-0.225645,0.817842,0.440338,-0.592798,0.837891,-0.090981,-1.866516,-0.124680,1.050716,-2.242933,-0.951559,3.140325,0.266776,-0.377078,0.119056,0.210726,0.026484,-0.203403,0.344673,-0.129528
5.203025,-1.012607,0.414627,1.273847,0.778266,-1.091034,1.157514,-0.322331,0.054649,-0.235977,0.838652,0.439139,-0.594321,0.838923,-0.091334,-1.866888,-0.124562,1.050921,-2.242912,-0.951758,3.140666,0.266647,-0.374664,0.118609,0.208419,0.024499,-0.201596,0.343096,-0.129541
5.204017,-1.015003,0.414117,1.276686,0.778354,-1.090756,1.157441,-0.322145,0.072182,-0.244369,0.856849,0.438036,-0.595594,0.839765,-0.091652,-1.867275,-0.124450,1.051134,-2.242887,-0.951970,3.141008,0.266521,-0.377185,0.116898,0.209055,0.024531,-0.204663,0.342597,-0.127715
5.205115,-1.016173,0.416171,1.278911,0.778460,-1.092125,1.157231,-0.323297,0.088031,-0.250949,0.873463,0.437322,-0.596596,0.840522,-0.091906,-1.867647,-0.124330,1.051337,-2.242862,-0.952177,3.141351,0.266394,-0.376026,0.117305,0.207800,0.024532,-0.204951,0.342701,-0.128132
5.206056,-1.013214,0.418426,1.279888,0.777822,-1.093225,1.156657,-0.323189,0.102614,-0.255958,0.888993,0.436411,-0.597422,0.841131,-0.092078,-1.868026,-0.124214,1.051544,-2.242839,-0.952378,3.141697,0.266269,-0.375931,0.116610,0.207112,0.024633,-0.203888,0.343147,-0.125886
5.206999,-1.015010,0.416244,1.277734,0.779919,-1.096005,1.158399,-0.323868,0.116340,-0.259391,0.903967,0.434377,-0.598238,0.841488,-0.092175,-1.868406,-0.124101,1.051753,-2.242814,-0.952580,3.142039,0.266140,-0.377161,0.115605,0.206617,0.025338,-0.202767,0.343645,-0.126111
5.208088,-1.012141,0.418446,1.281921,0.778904,-1.096101,1.159349,-0.324185,0.129168,-0.261589,0.918301,0.431392,-0.599093,0.841585,-0.092219,-1.868776,-0.123981,1.051958,-2.242795,-0.952776,3.142381,0.266020,-0.376116,0.116765,0.207735,0.023425,-0.200011,0.341811,-0.124761
5.208972,-1.010475,0.417815,1.275762,0.777420,-1.094572,1.159528,-0.323953,0.141323,-0.263762,0.932004,0.428641,-0.599955,0.841540,-0.092228,-1.869156,-0.123867,1.052160,-2.242769,-0.952978,3.142715,0.265898,-0.378008,0.115997,0.206073,0.024599,-0.200236,0.341157,-0.124225
5.210121,-1.012362,0.424604,1.280851,0.779889,-1.095000,1.162446,-0.323850,0.153340,-0.266173,0.945681,0.425444,-0.600931,0.841352,-0.092215,-1.869532,-0.123750,1.052374,-2.242739,-0.953180,3.143057,0.265771,-0.378353,0.116315,0.208970,0.025979,-0.201636,0.340789,-0.124660
5.211085,-1.013564,0.418577,1.280843,0.779594,-1.094712,1.164649,-0.323648,0.163735,-0.267419,0.957944,0.421154,-0.601989,0.840888,-0.092199,-1.869909,-0.123644,1.052577,-2.242721,-0.953382,3.143395,0.265647,-0.378143,0.113432,0.206983,0.023841,-0.201612,0.338234,-0.124983
5.212059,-1.009706,0.417139,1.276441,0.777950,-1.093083,1.164728,-0.324478,0.172257,-0.267659,0.968348,0.417213,-0.602958,0.840289,-0.092201,-1.870290,-0.123520,1.052784,-2.242695,-0.953586,3.143722,0.265517,-0.377371,0.116537,0.207069,0.024207,-0.201911,0.336100,-0.125382
5.213018,-1.011471,0.421172,1.278981,0.777770,-1.095301,1.162938,-0.323794,0.180041,-0.268952,0.977813,0.414296,-0.603830,0.839732,-0.092214,-1.870668,-0.123400,1.052996,-2.242666,-0.953790,3.144058,0.265397,-0.379238,0.117328,0.209325,0.025856,-0.203580,0.336069,-0.123741
5.214047,-1.012549,0.420205,1.282297,0.778806,-1.095478,1.164002,-0.324935,0.186563,-0.271038,0.985890,0.410920,-0.604720,0.839080,-0.092212,-1.871049,-0.123290,1.053203,-2.242639,-0.953987,3.144402,0.265271,-0.378151,0.115471,0.208070,0.026051,-0.201384,0.337833,-0.125142
5.214955,-1.014837,0.423570,1.284115,0.779123,-1.092946,1.163359,-0.323811,0.191706,-0.272582,0.992616,0.406176,-0.605700,0.838253,-0.092181,-1.871424,-0.123173,1.053405,-2.242616,-0.954190,3.144737,0.265155,-0.377823,0.116202,0.206716,0.025162,-0.201383,0.336894,-0.122912
5.215982,-1.013583,0.421123,1.276397,0.779389,-1.092652,1.164401,-0.325400,0.195940,-0.273494,0.998464,0.400914,-0.606702,0.837349,-0.092127,-1.871801,-0.123060,1.053609,-2.242590,-0.954394,3.145075,0.265027,-0.376306,0.114580,0.205761,0.024870,-0.203830,0.337432,-0.125173
5.217099,-1.011098,0.422001,1.273638,0.777526,-1.093758,1.163548,-0.324407,0.197158,-0.273104,1.001309,0.396018,-0.607554,0.836261,-0.092069,-1.872182,-0.122942,1.053828,-2.242567,-0.954600,3.145406,0.264909,-0.377072,0.116033,0.209760,0.024753,-0.204225,0.336547,-0.122014
5.218015,-1.013148,0.421271,1.272133,0.778093,-1.094504,1.165521,-0.325198,0.192889,-0.270843,0.998716,0.391220,-0.608225,0.834741,-0.092017,-1.872565,-0.122826,1.054039,-2.242538,-0.954801,3.145748,0.264782,-0.378846,0.115943,0.211545,0.026717,-0.203472,0.337713,-0.124142
5.219000,-1.009997,0.422366,1.269410,0.777906,-1.091998,1.167026,-0.323713,0.183151,-0.266802,0.990784,0.385579,-0.608874,0.832674,-0.091983,-1.872942,-0.122708,1.054252,-2.242513,-0.955004,3.146080,0.264664,-0.377452,0.116353,0.212150,0.026165,-0.202642,0.335647,-0.122537
5.220074,-1.009461,0.423454,1.270303,0.777946,-1.091495,1.165221,-0.324414,0.152120,-0.254781,0.963603,0.373084,-0.610305,0.827393,-0.091993,-1.873700,-0.122478,1.054681,-2.242459,-0.955419,3.146747,0.264417,-0.379639,0.115741,0.213351,0.026477,-0.205887,0.336310,-0.124216
5.221005,-1.003725,0.423563,1.269476,0.777807,-1.088592,1.164892,-0.323327,0.152120,-0.254781,0.963603,0.373084,-0.610305,0.827393,-0.091993,-1.873700,-0.122478,1.054681,-2.242459,-0.955419,3.146747,0.264417,-0.379639,0.115741,0.213351,0.026477,-0.205887,0.336310,-0.124216
5.222013,-1.002872,0.425030,1.268130,0.777963,-1.086648,1.163756,-0.322796,0.136011,-0.248459,0.949567,0.366881,-0.611196,0.824694,-0.092038,-1.874088,-0.122362,1.054896,-2.242432,-0.955633,3.147081,0.264285,-0.382131,0.115766,0.213662,0.026601,-0.208644,0.336572,-0.126395
5.223144,-1.001349,0.422005,1.271791,0.777753,-1.084572,1.164815,-0.323425,0.122659,-0.243068,0.938430,0.360916,-0.612269,0.822287,-0.092122,-1.874467,-0.122249,1.055108,-2.242404,-0.955845,3.147421,0.264158,-0.382600,0.115258,0.214456,0.026476,-0.210603,0.337797,-0.127473
5.224174,-1.002744,0.425815,1.267970,0.777933,-1.081662,1.164708,-0.322813,0.113115,-0.239390,0.931158,0.355533,-0.613511,0.820323,-0.092245,-1.874852,-0.122129,1.055319,-2.242375,-0.956064,3.147760,0.264034,-0.383926,0.117138,0.213068,0.026797,-0.212890,0.337062,-0.126300
5.224974,-0.994336,0.424823,1.262880,0.778047,-1.077134,1.165667,-0.321181,0.107007,-0.237559,0.927274,0.350945,-0.614863,0.818810,-0.092400,-1.875237,-0.122017,1.055539,-2.242346,-0.956288,3.148095,0.263904,-0.383300,0.115480,0.215094,0.026632,-0.215749,0.337332,-0.127577
5.226056,-0.998415,0.427640,1.266126,0.778683,-1.074056,1.162598,-0.321338,0.101389,-0.235906,0.923788,0.347287,-0.616141,0.817555,-0.092598,-1.875624,-0.121901,1.055762,-2.242321,-0.956515,3.148433,0.263770,-0.386558,0.115862,0.217080,0.026463,-0.219723,0.336010,-0.130748
5.227047,-1.000638,0.428507,1.262423,0.775785,-1.071771,1.160607,-0.321246,0.094671,-0.233366,0.919085,0.344834,-0.617175,0.816439,-0.092831,-1.876008,-0.121788,1.055975,-2.242294,-0.956742,3.148780,0.263639,-0.384811,0.114799,0.215729,0.025924,-0.222820,0.339318,-0.130451
5.227972,-1.002528,0.429930,1.259761,0.777058,-1.071078,1.159707,-0.320773,0.084782,-0.228258,0.911206,0.342259,-0.617939,0.815102,-0.093054,-1.876385,-0.121673,1.056194,-2.242259,-0.956966,3.149120,0.263510,-0.383716,0.114552,0.217611,0.028721,-0.224957,0.341340,-0.130654
5.229164,-1.002409,0.433791,1.263428,0.776113,-1.070113,1.160046,-0.320168,0.067611,-0.218046,0.896161,0.337713,-0.618420,0.813010,-0.093239,-1.876768,-0.121559,1.056415,-2.242234,-0.957194,3.149467,0.263377,-0.382409,0.113934,0.218721,0.027443,-0.225312,0.342091,-0.131568
5.230085,-1.006469,0.434002,1.259375,0.775389,-1.069398,1.160151,-0.319392,0.043103,-0.202580,0.873876,0.331237,-0.618635,0.810152,-0.093399,-1.877156,-0.121451,1.056632,-2.242203,-0.957426,3.149804,0.263241,-0.383286,0.112572,0.217419,0.028493,-0.226500,0.342225,-0.132873
5.231184,-1.010510,0.433610,1.256017,0.775475,-1.068671,1.158414,-0.319334,0.013435,-0.182645,0.846548,0.322931,-0.618719,0.806744,-0.093556,-1.877533,-0.121338,1.056849,-2.242171,-0.957653,3.150148,0.263104,-0.380913,0.112574,0.219305,0.029106,-0.226889,0.341991,-0.134368
5.231994,-1.008345,0.430871,1.252460,0.777282,-1.065101,1.161212,-0.317932,-0.022998,-0.158179,0.812497,0.313011,-0.618679,0.802746,-0.093716,-1.877910,-0.121224,1.057074,-2.242141,-0.957883,3.150497,0.262967,-0.379411,0.113149,0.221194,0.029065,-0.227652,0.343967,-0.134510
5.233049,-1.006390,0.427310,1.250652,0.774298,-1.061738,1.159971,-0.317843,-0.066938,-0.130723,0.770685,0.303733,-0.618334,0.798335,-0.093885,-1.878287,-0.121105,1.057295,-2.242119,-0.958118,3.150832,0.262825,-0.379690,0.114375,0.222452,0.027276,-0.230615,0.340805,-0.137201
5.234068,-1.009449,0.426549,1.248290,0.775228,-1.060253,1.157611,-0.316951,-0.114119,-0.103873,0.725176,0.296904,-0.617683,0.794021,-0.094065,-1.878671,-0.120981,1.057523,-2.242083,-0.958360,3.151179,0.262687,-0.380891,0.116343,0.223420,0.030175,-0.233799,0.342231,-0.137362
5.235101,-1.008662,0.430124,1.252209,0.773832,-1.058989,1.155302,-0.316829,-0.160956,-0.079670,0.679586,0.291886,-0.616911,0.789992,-0.094257,-1.879050,-0.120863,1.057753,-2.242055,-0.958603,3.151526,0.262542,-0.379450,0.116898,0.224530,0.029238,-0.235006,0.344660,-0.139127
5.236123,-1.006839,0.429185,1.251726,0.775334,-1.057533,1.153578,-0.316701,-0.206175,-0.057607,0.635355,0.287442,-0.616138,0.786166,-0.094460,-1.879428,-0.120752,1.057970,-2.242022,-0.958841,3.151879,0.262404,-0.380048,0.115385,0.222675,0.030586,-0.236074,0.347019,-0.139353
5.236964,-1.002684,0.431824,1.245978,0.775992,-1.055134,1.153176,-0.315641,-0.247009,-0.037536,0.595469,0.283081,-0.615457,0.782640,-0.094666,-1.879811,-0.120637,1.058197,-2.241995,-0.959084,3.152233,0.262262,-0.381054,0.116111,0.222919,0.029124,-0.237276,0.348763,-0.139584
5.238036,-1.002102,0.431317,1.242168,0.775485,-1.054288,1.153890,-0.315799,-0.282012,-0.019888,0.561405,0.279845,-0.614760,0.779561,-0.094857,-1.880196,-0.120525,1.058428,-2.241966,-0.959330,3.152579,0.262113,-0.382355,0.114749,0.225256,0.028359,-0.238999,0.348840,-0.141574
5.239036,-1.011799,0.432485,1.239589,0.777296,-1.053596,1.157956,-0.314712,-0.313291,-0.003790,0.530931,0.278545,-0.613831,0.776820,-0.095004,-1.880575,-0.120408,1.058659,-2.241935,-0.959572,3.152929,0.261972,-0.382998,0.115312,0.227229,0.028875,-0.239695,0.348272,-0.141241
5.239998,-1.010589,0.434755,1.239963,0.776206,-1.053731,1.158257,-0.314905,-0.345167,0.012534,0.499536,0.279240,-0.612477,0.774136,-0.095083,-1.880947,-0.120297,1.058890,-2.241909,-0.959814,3.153266,0.261823,-0.378211,0.114968,0.228380,0.027126,-0.240087,0.344251,-0.143375
5.241038,-1.011876,0.437509,1.233851,0.776066,-1.054593,1.156814,-0.313860,-0.381079,0.030719,0.463706,0.281762,-0.610594,0.771314,-0.095094,-1.881322,-0.120186,1.059119,-2.241880,-0.960052,3.153610,0.261681,-0.378769,0.114006,0.227977,0.028208,-0.239609,0.343945,-0.142908
5.242010,-1.014956,0.437935,1.234471,0.774740,-1.055896,1.156962,-0.313574,-0.420885,0.051765,0.423861,0.284443,-0.608379,0.768266,-0.095048,-1.881702,-0.120074,1.059358,-2.241851,-0.960290,3.153962,0.261529,-0.378314,0.112929,0.230944,0.028368,-0.238569,0.345481,-0.144969
5.243076,-1.013170,0.435820,1.239799,0.771736,-1.053733,1.157877,-0.312892,-0.464020,0.076181,0.380826,0.285409,-0.606100,0.764885,-0.094962,-1.882078,-0.119962,1.059590,-2.241818,-0.960526,3.154304,0.261381,-0.376693,0.112918,0.230395,0.029588,-0.236963,0.345302,-0.145452
5.243977,-1.014422,0.434412,1.235134,0.775166,-1.053849,1.158252,-0.313195,-0.506423,0.102041,0.338816,0.283129,-0.604135,0.761359,-0.094852,-1.882458,-0.119845,1.059812,-2.241781,-0.960770,3.154649,0.261235,-0.377941,0.114265,0.227870,0.032476,-0.238989,0.344554,-0.146806
5.245013,-1.014924,0.433025,1.237785,0.774344,-1.053217,1.158893,-0.312768,-0.542333,0.125471,0.303500,0.278367,-0.602691,0.758184,-0.094740,-1.882835,-0.119729,1.060046,-2.241758,-0.961007,3.154995,0.261092,-0.376880,0.114996,0.229815,0.029067,-0.238381,0.344001,-0.146088
5.246035,-1.012625,0.434977,1.238750,0.773109,-1.053588,1.162047,-0.312883,-0.570830,0.144191,0.275371,0.274384,-0.601531,0.755653,-0.094660,-1.883210,-0.119612,1.060269,-2.241726,-0.961244,3.155336,0.260946,-0.376882,0.115918,0.228523,0.029865,-0.238858,0.343488,-0.146927
5.246981,-1.010529,0.430594,1.236817,0.772945,-1.051274,1.164615,-0.311729,-0.590966,0.157686,0.255284,0.271685,-0.600652,0.753852,-0.094625,-1.883591,-0.119497,1.060496,-2.241692,-0.961482,3.155672,0.260797,-0.378151,0.115160,0.228024,0.031023,-0.238262,0.340443,-0.146635
5.248010,-1.006472,0.435209,1.237318,0.774446,-1.050533,1.164263,-0.312014,-0.600868,0.165665,0.245265,0.269159,-0.600194,0.752869,-0.094630,-1.883973,-0.119377,1.060726,-2.241661,-0.961725,3.155998,0.260643,-0.378937,0.117428,0.228746,0.031089,-0.240181,0.337910,-0.148854
5.249046,-1.008655,0.435950,1.241211,0.773594,-1.051791,1.162402,-0.312446,-0.600456,0.167917,0.245378,0.267567,-0.600023,0.752806,-0.094672,-1.884356,-0.119264,1.060953,-2.241636,-0.961964,3.156341,0.260500,-0.381091,0.115344,0.228486,0.029677,-0.240703,0.338397,-0.148231
5.250084,-1.011380,0.437507,1.244711,0.775784,-1.053222,1.165801,-0.312617,-0.590612,0.165713,0.254815,0.267059,-0.600042,0.753583,-0.094741,-1.884736,-0.119148,1.061175,-2.241604,-0.962201,3.156687,0.260354,-0.380150,0.115242,0.226603,0.030501,-0.239253,0.340374,-0.147332
5.250972,-1.006622,0.434340,1.245218,0.774780,-1.056036,1.164527,-0.313154,-0.572962,0.160727,0.272029,0.267101,-0.600242,0.755009,-0.094833,-1.885108,-0.119034,1.061400,-2.241580,-0.962436,3.157018,0.260208,-0.379062,0.114721,0.224900,0.028439,-0.237676,0.337120,-0.146963
5.252089,-1.011396,0.432025,1.251167,0.775889,-1.054936,1.166026,-0.313164,-0.548146,0.152830,0.296345,0.268046,-0.600621,0.757085,-0.094953,-1.885491,-0.118913,1.061619,-2.241548,-0.962668,3.157361,0.260063,-0.380943,0.116275,0.224374,0.029321,-0.234408,0.338248,-0.145777
5.253072,-1.012117,0.431757,1.244882,0.774590,-1.053770,1.166313,-0.314406,-0.515560,0.140697,0.328348,0.270160,-0.601245,0.759896,-0.095095,-1.885870,-0.118794,1.061835,-2.241522,-0.962907,3.157693,0.259914,-0.379085,0.117771,0.221747,0.028361,-0.235534,0.337082,-0.145766
5.253987,-1.015437,0.428864,1.247025,0.774746,-1.054531,1.167826,-0.314152,-0.478350,0.125089,0.364876,0.273252,-0.602033,0.763224,-0.095235,-1.886244,-0.118676,1.062063,-2.241491,-0.963144,3.158031,0.259778,-0.378750,0.118022,0.224811,0.029625,-0.236417,0.336843,-0.143235
5.255033,-1.013404,0.429184,1.250211,0.773981,-1.055041,1.166213,-0.314671,-0.442572,0.108810,0.399848,0.276708,-0.602815,0.766636,-0.095344,-1.886621,-0.118552,1.062285,-2.241460,-0.963375,3.158367,0.259633,-0.376735,0.119440,0.223454,0.029346,-0.235266,0.335220,-0.143679
5.256059,-1.013864,0.428607,1.255328,0.775728,-1.055238,1.165171,-0.314821,-0.409285,0.092712,0.432242,0.279843,-0.603629,0.769997,-0.095407,-1.887006,-0.118431,1.062505,-2.241427,-0.963612,3.158704,0.259493,-0.377950,0.119463,0.221989,0.030048,-0.234618,0.337043,-0.142622
5.257055,-1.011983,0.426865,1.260272,0.775507,-1.054741,1.164840,-0.314907,-0.374877,0.075680,0.465738,0.282671,-0.604601,0.773484,-0.095409,-1.887385,-0.118308,1.062717,-2.241403,-0.963843,3.159047,0.259353,-0.377844,0.119899,0.219590,0.028417,-0.234289,0.338177,-0.142318
5.258171,-1.010504,0.430396,1.268487,0.775184,-1.052958,1.164467,-0.315311,-0.335783,0.056186,0.503912,0.285975,-0.605743,0.777341,-0.095342,-1.887770,-0.118188,1.062929,-2.241374,-0.964076,3.159390,0.259212,-0.378740,0.120905,0.217207,0.028653,-0.234576,0.338534,-0.142113
5.259046,-1.005406,0.425569,1.261494,0.773941,-1.055301,1.163753,-0.316684,-0.289034,0.033420,0.549860,0.289629,-0.607086,0.781752,-0.095190,-1.888149,-0.118070,1.063135,-2.241343,-0.964311,3.159726,0.259073,-0.380036,0.119459,0.213566,0.029015,-0.236397,0.339239,-0.141337
5.260080,-1.003493,0.424569,1.263358,0.775744,-1.057382,1.164515,-0.317500,-0.176634,-0.018669,0.661396,0.294724,-0.610247,0.791681,-0.094584,-1.888925,-0.117818,1.063571,-2.241287,-0.964767,3.160406,0.258802,-0.382963,0.122386,0.215971,0.028426,-0.231419,0.339108,-0.136883
5.261077,-1.005072,0.424615,1.262849,0.777159,-1.061729,1.167280,-0.317518,-0.118142,-0.046605,0.719331,0.298214,-0.611588,0.796867,-0.094193,-1.889303,-0.117694,1.063786,-2.241262,-0.964982,3.160740,0.258667,-0.382181,0.122439,0.216304,0.027118,-0.227021,0.336413,-0.136854
5.261979,-1.003608,0.422639,1.264491,0.775924,-1.063315,1.164245,-0.319265,-0.118142,-0.046605,0.719331,0.298214,-0.611588,0.796867,-0.094193,-1.889303,-0.117694,1.063786,-2.241262,-0.964982,3.160740,0.258667,-0.382181,0.122439,0.216304,0.027118,-0.227021,0.336413,-0.136854
5.263032,-1.001694,0.425799,1.263964,0.776106,-1.066670,1.161493,-0.318940,-0.062009,-0.074207,0.774647,0.303215,-0.612588,0.802026,-0.093790,-1.889686,-0.117569,1.064001,-2.241232,-0.965204,3.161088,0.258538,-0.382448,0.123359,0.215275,0.028267,-0.225156,0.339318,-0.133289
5.264035,-1.001452,0.427476,1.265435,0.776276,-1.067582,1.162815,-0.317964,0.037697,-0.121574,0.872908,0.310851,-0.614248,0.811210,-0.093024,-1.890449,-0.117331,1.064427,-2.241177,-0.965632,3.161769,0.258264,-0.383776,0.121317,0.215137,0.028024,-0.220980,0.340936,-0.135946
5.265115,-1.003538,0.427681,1.267640,0.776772,-1.069373,1.161541,-0.318208,0.037697,-0.121574,0.872908,0.310851,-0.614248,0.811210,-0.093024,-1.890449,-0.117331,1.064427,-2.241177,-0.965632,3.161769,0.258264,-0.383776,0.121317,0.215137,0.028024,-0.220980,0.340936,-0.135946
5.266025,-0.998409,0.427991,1.268962,0.778337,-1.069862,1.161609,-0.318109,0.079732,-0.138936,0.914571,0.312316,-0.615067,0.815024,-0.092749,-1.890832,-0.117211,1.064639,-2.241152,-0.965849,3.162110,0.258129,-0.383066,0.121481,0.214338,0.027689,-0.219306,0.342467,-0.135471
5.266994,-0.999356,0.424548,1.270627,0.776957,-1.072542,1.162626,-0.317941,0.117412,-0.152981,0.952061,0.313453,-0.615865,0.818467,-0.092580,-1.891217,-0.117088,1.064847,-2.241130,-0.966063,3.162453,0.257994,-0.385212,0.121287,0.213584,0.026201,-0.218617,0.342232,-0.135618
5.268029,-0.997035,0.428078,1.270787,0.777581,-1.075569,1.165651,-0.317187,0.153181,-0.165825,0.987731,0.315219,-0.616663,0.821773,-0.092518,-1.891599,-0.116963,1.065061,-2.241100,-0.966271,3.162796,0.257858,-0.384555,0.123050,0.212759,0.027570,-0.215897,0.341188,-0.135927
5.269104,-0.999239,0.423568,1.269098,0.777737,-1.076348,1.164497,-0.318831,0.187879,-0.178187,1.022358,0.317145,-0.617528,0.825005,-0.092544,-1.891987,-0.116844,1.065274,-2.241074,-0.966480,3.163130,0.257717,-0.385811,0.121461,0.212860,0.027030,-0.212976,0.338312,-0.137433
5.270074,-0.999139,0.426504,1.268012,0.776786,-1.076431,1.161570,-0.318167,0.219932,-0.189505,1.054267,0.319064,-0.618362,0.828087,-0.092612,-1.892369,-0.116715,1.065489,-2.241046,-0.966691,3.163472,0.257589,-0.385023,0.123903,0.213982,0.026964,-0.212396,0.339716,-0.134159
5.270989,-1.000177,0.426496,1.268193,0.777356,-1.080276,1.158578,-0.319478,0.246474,-0.198848,1.080516,0.320903,-0.618962,0.830784,-0.092678,-1.892755,-0.116595,1.065705,-2.241018,-0.966901,3.163819,0.257451,-0.384897,0.122489,0.214490,0.027930,-0.212277,0.342617,-0.135496
5.272016,-0.998966,0.425621,1.266070,0.777291,-1.081043,1.159966,-0.318979,0.265210,-0.204562,1.098925,0.321596,-0.619252,0.832774,-0.092703,-1.893134,-0.116472,1.065916,-2.240993,-0.967098,3.164172,0.257326,-0.383998,0.122478,0.214280,0.027381,-0.208365,0.345413,-0.132821
5.273050,-1.002174,0.423305,1.270008,0.779240,-1.084078,1.160338,-0.319679,0.276181,-0.206353,1.109578,0.320994,-0.619210,0.834014,-0.092642,-1.893523,-0.116350,1.066134,-2.240966,-0.967300,3.164514,0.257193,-0.384661,0.123079,0.215463,0.027526,-0.207795,0.344090,-0.133873
5.274006,-1.007790,0.421471,1.271539,0.779766,-1.088523,1.159127,-0.318864,0.281563,-0.206221,1.114479,0.320563,-0.618779,0.834783,-0.092480,-1.893909,-0.116223,1.066347,-2.240945,-0.967498,3.164855,0.257063,-0.383122,0.124349,0.213642,0.025768,-0.204950,0.343852,-0.132475
5.275025,-1.006720,0.428045,1.268444,0.780131,-1.088799,1.162166,-0.318357,0.283074,-0.206017,1.115182,0.321758,-0.617933,0.835320,-0.092232,-1.894284,-0.116097,1.066558,-2.240922,-0.967685,3.165202,0.256925,-0.380175,0.125254,0.212887,0.025366,-0.200648,0.345007,-0.134097
5.276040,-1.006024,0.425055,1.263457,0.779582,-1.091095,1.160960,-0.318308,0.279498,-0.204530,1.110578,0.324261,-0.616737,0.835551,-0.091924,-1.894668,-0.115979,1.066776,-2.240900,-0.967883,3.165545,0.256790,-0.380800,0.122118,0.214535,0.025180,-0.200594,0.342007,-0.135105
5.277001,-1.002097,0.422959,1.263101,0.780375,-1.093391,1.159250,-0.318933,0.253317,-0.192150,1.082481,0.328900,-0.613890,0.834762,-0.091132,-1.895435,-0.115723,1.067215,-2.240850,-0.968267,3.166237,0.256523,-0.382959,0.124746,0.217151,0.025119,-0.196339,0.344974,-0.133915
5.277983,-1.001020,0.426776,1.266712,0.781264,-1.094895,1.158452,-0.318378,0.253317,-0.192150,1.082481,0.328900,-0.613890,0.834762,-0.091132,-1.895435,-0.115723,1.067215,-2.240850,-0.968267,3.166237,0.256523,-0.382959,0.124746,0.217151,0.025119,-0.196339,0.344974,-0.133915
5.278996,-0.999642,0.420791,1.262456,0.780962,-1.094280,1.158958,-0.318432,0.237444,-0.185426,1.065774,0.331144,-0.612674,0.834208,-0.090669,-1.895823,-0.115604,1.067430,-2.240826,-0.968459,3.166586,0.256385,-0.383323,0.122940,0.215345,0.024336,-0.195011,0.345734,-0.135019
5.280020,-0.995010,0.424479,1.262178,0.782224,-1.093105,1.155701,-0.318926,0.224513,-0.180717,1.052097,0.333743,-0.611806,0.833954,-0.090210,-1.896205,-0.115474,1.067651,-2.240800,-0.968654,3.166931,0.256250,-0.384068,0.126017,0.217542,0.024719,-0.195850,0.345275,-0.134899
5.281079,-0.992219,0.421912,1.263707,0.783047,-1.092598,1.153497,-0.318196,0.214882,-0.178808,1.041720,0.337048,-0.611271,0.834104,-0.089774,-1.896596,-0.115357,1.067869,-2.240779,-0.968853,3.167288,0.256119,-0.386395,0.124332,0.217751,0.023656,-0.197212,0.348580,-0.133923
5.282017,-0.990426,0.426176,1.265096,0.784443,-1.091435,1.155524,-0.317254,0.209812,-0.180309,1.035871,0.341437,-0.611012,0.834753,-0.089370,-1.896980,-0.115229,1.068087,-2.240757,-0.969047,3.167640,0.255982,-0.388014,0.125778,0.217163,0.023050,-0.198021,0.350887,-0.135424
5.283056,-0.989581,0.427305,1.261767,0.783273,-1.091093,1.154574,-0.318265,0.210794,-0.185366,1.036037,0.347168,-0.610934,0.835999,-0.089010,-1.897370,-0.115108,1.068299,-2.240737,-0.969247,3.167991,0.255840,-0.388514,0.123648,0.216407,0.021818,-0.199181,0.348680,-0.137245
5.284116,-0.990442,0.426485,1.261509,0.784087,-1.093006,1.152956,-0.317947,0.215795,-0.191983,1.040238,0.353419,-0.610914,0.837649,-0.088669,-1.897761,-0.114987,1.068522,-2.240713,-0.969451,3.168337,0.255708,-0.389004,0.123281,0.218174,0.023163,-0.199683,0.349766,-0.135209
5.285124,-0.992951,0.430895,1.257516,0.785329,-1.095121,1.151973,-0.317251,0.220899,-0.197773,1.044619,0.358643,-0.610885,0.839272,-0.088312,-1.898145,-0.114861,1.068738,-2.240691,-0.969643,3.168694,0.255573,-0.388807,0.123870,0.218496,0.022549,-0.198076,0.351482,-0.135895
5.285967,-0.994506,0.429869,1.257938,0.784630,-1.095535,1.152282,-0.315790,0.222261,-0.201192,1.045273,0.362524,-0.610713,0.840496,-0.087959,-1.898530,-0.114745,1.068961,-2.240671,-0.969841,3.169051,0.255429,-0.387525,0.121833,0.220505,0.021517,-0.196120,0.352432,-0.137254
5.287012,-0.996930,0.422620,1.257791,0.786381,-1.093380,1.149945,-0.316634,0.216475,-0.200501,1.038785,0.365047,-0.610292,0.841077,-0.087645,-1.898918,-0.114622,1.069180,-2.240647,-0.970037,3.169402,0.255283,-0.385951,0.122217,0.219868,0.022249,-0.195547,0.351773,-0.140058
5.288036,-0.999863,0.428341,1.263130,0.785939,-1.094169,1.147311,-0.316283,0.204084,-0.197256,1.025624,0.366881,-0.609631,0.841130,-0.087375,-1.899298,-0.114487,1.069398,-2.240629,-0.970234,3.169762,0.255149,-0.384961,0.125914,0.220101,0.020770,-0.197981,0.354174,-0.138343
5.288980,-1.000051,0.424850,1.263437,0.785707,-1.094466,1.148999,-0.316261,0.188219,-0.194303,1.008868,0.369003,-0.608804,0.840928,-0.087144,-1.899682,-0.114370,1.069613,-2.240605,-0.970429,3.170125,0.255010,-0.383575,0.123192,0.217529,0.021376,-0.197383,0.356787,-0.139060
5.289965,-1.000937,0.424405,1.258840,0.786224,-1.093909,1.146516,-0.315513,0.171275,-0.191804,0.991137,0.370464,-0.608043,0.840567,-0.086950,-1.900064,-0.114242,1.069826,-2.240583,-0.970624,3.170476,0.254872,-0.383226,0.124935,0.217333,0.021729,-0.197151,0.354927,-0.139047
5.291000,-0.999720,0.424611,1.261453,0.786755,-1.091913,1.144637,-0.316123,0.153480,-0.189631,0.972753,0.370755,-0.607456,0.840056,-0.086785,-1.900449,-0.114115,1.070050,-2.240562,-0.970822,3.170836,0.254726,-0.382666,0.125179,0.219576,0.021405,-0.197830,0.357367,-0.140499
5.292034,-1.006011,0.426087,1.258239,0.788294,-1.091223,1.144381,-0.315007,0.134059,-0.187966,0.952849,0.370596,-0.606943,0.839348,-0.086630,-1.900839,-0.113990,1.070267,-2.240542,-0.971029,3.171194,0.254588,-0.383341,0.125207,0.218375,0.021122,-0.199966,0.359264,-0.139250
5.292976,-1.001056,0.424059,1.258490,0.787686,-1.091709,1.143968,-0.313980,0.112118,-0.186164,0.930457,0.370682,-0.606337,0.838360,-0.086483,-1.901212,-0.113866,1.070491,-2.240525,-0.971232,3.171557,0.254442,-0.380413,0.124600,0.220054,0.019867,-0.200809,0.359500,-0.141482
5.293990,-0.998769,0.426215,1.257185,0.789538,-1.089643,1.144050,-0.314419,0.086881,-0.183758,0.904732,0.371407,-0.605497,0.837038,-0.086342,-1.901603,-0.113741,1.070712,-2.240501,-0.971427,3.171918,0.254297,-0.382562,0.125618,0.219755,0.020583,-0.200352,0.359727,-0.143454
5.295024,-1.003140,0.430597,1.255428,0.789322,-1.091311,1.143903,-0.313595,0.061115,-0.181982,0.878451,0.372875,-0.604455,0.835593,-0.086177,-1.901987,-0.113616,1.070935,-2.240487,-0.971631,3.172273,0.254159,-0.383722,0.124621,0.220418,0.019077,-0.202558,0.359642,-0.142539
5.296071,-1.004415,0.429861,1.256206,0.788538,-1.091354,1.146077,-0.314441,0.035418,-0.180228,0.852262,0.374871,-0.603202,0.834073,-0.085946,-1.902366,-0.113496,1.071158,-2.240464,-0.971834,3.172631,0.254012,-0.381685,0.122606,0.221356,0.019492,-0.201026,0.359819,-0.144172
5.296952,-1.005602,0.432323,1.253209,0.789031,-1.089516,1.144817,-0.313499,0.006803,-0.175952,0.823298,0.376024,-0.601751,0.832219,-0.085642,-1.902750,-0.113372,1.071381,-2.240443,-0.972038,3.172982,0.253871,-0.381252,0.123175,0.221055,0.020494,-0.201182,0.357717,-0.142440
5.297966,-1.004641,0.430844,1.251089,0.791213,-1.090332,1.144092,-0.313645,-0.025665,-0.168503,0.790712,0.375312,-0.600180,0.829944,-0.085296,-1.903124,-0.113255,1.071602,-2.240424,-0.972243,3.173342,0.253723,-0.380192,0.121904,0.222244,0.020148,-0.202857,0.358699,-0.144239
5.299064,-1.004170,0.429367,1.245924,0.791663,-1.092697,1.146008,-0.312063,-0.061950,-0.158602,0.754420,0.373868,-0.598383,0.827329,-0.084944,-1.903506,-0.113132,1.071829,-2.240410,-0.972447,3.173702,0.253581,-0.380741,0.122794,0.223266,0.018326,-0.202131,0.359394,-0.143894
5.300088,-1.005033,0.431207,1.248916,0.792195,-1.092521,1.145206,-0.312162,-0.101149,-0.148065,0.715085,0.373647,-0.596232,0.824576,-0.084619,-1.903891,-0.113008,1.072062,-2.240396,-0.972646,3.174055,0.253433,-0.381383,0.123777,0.225973,0.018316,-0.200093,0.357643,-0.147088
5.301189,-1.003543,0.432685,1.246656,0.791797,-1.091003,1.146765,-0.313017,-0.141317,-0.138324,0.674601,0.374998,-0.593807,0.821867,-0.084333,-1.904265,-0.112889,1.072283,-2.240378,-0.972848,3.174417,0.253285,-0.381137,0.123024,0.224490,0.018076,-0.200441,0.358449,-0.146808
5.301998,-1.001070,0.427465,1.243533,0.794494,-1.091172,1.146238,-0.313349,-0.180204,-0.129353,0.635418,0.376784,-0.591322,0.819264,-0.084060,-1.904649,-0.112767,1.072515,-2.240360,-0.973055,3.174773,0.253142,-0.382333,0.122556,0.225777,0.018813,-0.202248,0.357048,-0.145099
5.303081,-1.010761,0.427491,1.244821,0.793173,-1.090123,1.147933,-0.312957,-0.216096,-0.121931,0.599258,0.379301,-0.588839,0.816868,-0.083797,-1.905027,-0.112637,1.072742,-2.240348,-0.973256,3.175125,0.253002,-0.382728,0.124912,0.226748,0.016370,-0.201760,0.357175,-0.144316
5.304090,-1.007269,0.432139,1.243545,0.793953,-1.090659,1.148447,-0.312762,-0.249952,-0.116734,0.564949,0.383572,-0.586265,0.814635,-0.083576,-1.905398,-0.112514,1.072970,-2.240327,-0.973458,3.175479,0.252855,-0.378333,0.125116,0.226220,0.017972,-0.203100,0.355616,-0.145101
5.304963,-1.008402,0.432954,1.237894,0.797266,-1.091507,1.150576,-0.313926,-0.284157,-0.111749,0.530205,0.388265,-0.583654,0.812274,-0.083415,-1.905785,-0.112396,1.073200,-2.240309,-0.973663,3.175827,0.252708,-0.380115,0.122938,0.226778,0.017449,-0.202641,0.355145,-0.145437
5.306043,-1.010727,0.437179,1.237410,0.795092,-1.090790,1.153560,-0.312357,-0.319781,-0.104902,0.494095,0.392957,-0.581007,0.809715,-0.083311,-1.906159,-0.112273,1.073434,-2.240301,-0.973860,3.176173,0.252568,-0.379017,0.122458,0.229127,0.014527,-0.201671,0.352757,-0.142984
5.306961,-1.012721,0.436325,1.232810,0.796059,-1.089900,1.152864,-0.312557,-0.399688,-0.080673,0.413347,0.401965,-0.575492,0.804026,-0.083210,-1.906912,-0.112034,1.073900,-2.240264,-0.974267,3.176874,0.252269,-0.376967,0.121055,0.231359,0.016268,-0.203476,0.350491,-0.145614
5.308068,-1.017290,0.439552,1.234677,0.796763,-1.091619,1.152424,-0.312422,-0.399688,-0.080673,0.413347,0.401965,-0.575492,0.804026,-0.083210,-1.906912,-0.112034,1.073900,-2.240264,-0.974267,3.176874,0.252269,-0.376967,0.121055,0.231359,0.016268,-0.203476,0.350491,-0.145614
5.309078,-1.015094,0.443837,1.233027,0.797010,-1.092100,1.153080,-0.312697,-0.444925,-0.062124,0.367906,0.403964,-0.572832,0.800753,-0.083152,-1.907286,-0.111913,1.074131,-2.240251,-0.974469,3.177232,0.252126,-0.375259,0.119731,0.230547,0.016011,-0.202065,0.351113,-0.145907
5.310023,-1.018960,0.443964,1.229684,0.798635,-1.090423,1.155260,-0.311732,-0.491596,-0.040007,0.321282,0.404093,-0.570403,0.797300,-0.083076,-1.907666,-0.111798,1.074365,-2.240233,-0.974672,3.177579,0.251982,-0.376441,0.117792,0.231250,0.016056,-0.201699,0.350484,-0.145310
5.311007,-1.021557,0.445143,1.228733,0.798959,-1.090633,1.154907,-0.312669,-0.537792,-0.015046,0.275423,0.402709,-0.568300,0.793818,-0.083003,-1.908033,-0.111680,1.074600,-2.240220,-0.974876,3.177924,0.251831,-0.374399,0.117823,0.232608,0.014749,-0.203364,0.348198,-0.147163
5.311998,-1.022283,0.443106,1.227007,0.799812,-1.086960,1.152974,-0.311272,-0.583867,0.011848,0.229785,0.401094,-0.566438,0.790360,-0.082945,-1.908404,-0.111565,1.074834,-2.240204,-0.975081,3.178275,0.251690,-0.373158,0.117397,0.232870,0.014740,-0.203179,0.348545,-0.145211
5.312987,-1.023747,0.443182,1.223951,0.798643,-1.086330,1.154169,-0.310942,-0.629325,0.039173,0.184723,0.399946,-0.564809,0.786945,-0.082908,-1.908775,-0.111444,1.075067,-2.240190,-0.975296,3.178627,0.251539,-0.372888,0.118543,0.233566,0.014242,-0.206845,0.350461,-0.147973
5.314048,-1.025305,0.440074,1.228125,0.798180,-1.083716,1.155692,-0.311384,-0.672656,0.065295,0.141721,0.399026,-0.563492,0.783605,-0.082901,-1.909145,-0.111325,1.075306,-2.240172,-0.975507,3.178978,0.251386,-0.372237,0.118629,0.234845,0.015705,-0.207430,0.349209,-0.148530
5.315021,-1.027178,0.443890,1.234201,0.799239,-1.080761,1.155558,-0.311850,-0.711538,0.088666,0.103105,0.397372,-0.562638,0.780458,-0.082900,-1.909518,-0.111202,1.075536,-2.240155,-0.975722,3.179319,0.251245,-0.371838,0.120395,0.232776,0.016481,-0.210170,0.347870,-0.147631
5.315988,-1.028847,0.446229,1.230719,0.799268,-1.078726,1.154788,-0.310381,-0.741623,0.107405,0.073252,0.394658,-0.562380,0.777838,-0.082870,-1.909885,-0.111086,1.075762,-2.240141,-0.975939,3.179670,0.251103,-0.370946,0.118601,0.229584,0.015750,-0.213023,0.347954,-0.146647
5.317047,-1.025969,0.447529,1.237678,0.798601,-1.076794,1.158707,-0.310931,-0.762144,0.122095,0.053053,0.391110,-0.562624,0.775842,-0.082813,-1.910256,-0.110973,1.075996,-2.240125,-0.976157,3.180020,0.250949,-0.370079,0.117601,0.231130,0.016027,-0.214926,0.348663,-0.149522
5.318111,-1.024277,0.445335,1.236090,0.801579,-1.073802,1.159815,-0.310782,-0.774176,0.134112,0.041616,0.386350,-0.563279,0.774384,-0.082743,-1.910637,-0.110856,1.076219,-2.240106,-0.976378,3.180356,0.250802,-0.371822,0.117227,0.227726,0.016980,-0.216889,0.344910,-0.148360
5.319012,-1.024877,0.451698,1.237574,0.801517,-1.074019,1.159325,-0.310368,-0.774997,0.141487,0.041623,0.381448,-0.564264,0.773760,-0.082659,-1.911009,-0.110733,1.076447,-2.240094,-0.976605,3.180700,0.250654,-0.373065,0.118541,0.228644,0.014427,-0.219888,0.344003,-0.148647
5.320027,-1.020007,0.450551,1.239387,0.801501,-1.073806,1.159454,-0.310373,-0.764948,0.143568,0.052554,0.378199,-0.565321,0.774050,-0.082561,-1.911382,-0.110624,1.076671,-2.240076,-0.976828,3.181046,0.250503,-0.372392,0.115436,0.227566,0.014711,-0.219317,0.344317,-0.149354
5.321136,-1.020948,0.450986,1.241066,0.802180,-1.073938,1.159730,-0.310568,-0.746628,0.142298,0.071892,0.375809,-0.566402,0.774953,-0.082443,-1.911757,-0.110508,1.076895,-2.240061,-0.977047,3.181387,0.250355,-0.374995,0.116248,0.226667,0.015079,-0.219498,0.344277,-0.149283
5.322028,-1.020241,0.451780,1.248165,0.802809,-1.074265,1.161653,-0.312857,-0.719775,0.137622,0.100004,0.373169,-0.567649,0.776365,-0.082292,-1.912135,-0.110389,1.077120,-2.240047,-0.977270,3.181733,0.250205,-0.375048,0.116356,0.226062,0.014828,-0.219487,0.344252,-0.148884
5.323033,-1.022056,0.451983,1.251449,0.802892,-1.074228,1.162304,-0.311949,-0.684037,0.128771,0.137156,0.370492,-0.569106,0.778316,-0.082103,-1.912509,-0.110275,1.077335,-2.240033,-0.977491,3.182069,0.250071,-0.374983,0.115985,0.222258,0.014478,-0.218838,0.342168,-0.144198
5.324086,-1.017532,0.451099,1.255901,0.802199,-1.073759,1.164987,-0.312173,-0.639849,0.116014,0.182862,0.367797,-0.570820,0.780789,-0.081898,-1.912878,-0.110159,1.077549,-2.240017,-0.977711,3.182408,0.249922,-0.374244,0.116088,0.220732,0.014718,-0.218821,0.341611,-0.146022
5.325064,-1.021667,0.450364,1.258277,0.800638,-1.071480,1.164726,-0.312249,-0.587459,0.099433,0.236901,0.364677,-0.572889,0.783784,-0.081718,-1.913261,-0.110042,1.077765,-2.239997,-0.977937,3.182749,0.249777,-0.376764,0.116788,0.218698,0.015672,-0.219271,0.339078,-0.145530
5.326143,-1.023372,0.446628,1.265523,0.802527,-1.069828,1.166319,-0.313302,-0.527949,0.079404,0.298234,0.360200,-0.575414,0.787223,-0.081568,-1.913629,-0.109922,1.077975,-2.239977,-0.978159,3.183084,0.249630,-0.374699,0.117255,0.217582,0.017433,-0.221415,0.339411,-0.145311
5.327056,-1.021934,0.444954,1.263230,0.801405,-1.069164,1.163892,-0.312631,-0.463918,0.056477,0.364139,0.354489,-0.578310,0.790948,-0.081449,-1.914005,-0.109797,1.078182,-2.239964,-0.978385,3.183421,0.249492,-0.374299,0.119347,0.214308,0.015970,-0.223097,0.338046,-0.143213
5.328006,-1.016424,0.448572,1.264024,0.802841,-1.067331,1.163239,-0.313139,-0.397588,0.030505,0.432213,0.348940,-0.581350,0.794888,-0.081383,-1.914384,-0.109678,1.078400,-2.239944,-0.978613,3.183764,0.249342,-0.374644,0.120176,0.215300,0.017273,-0.223406,0.340373,-0.144474
5.329094,-1.017613,0.450430,1.270936,0.805102,-1.065308,1.161590,-0.313484,-0.331167,0.002755,0.500276,0.343893,-0.584385,0.798903,-0.081370,-1.914764,-0.109561,1.078613,-2.239930,-0.978840,3.184107,0.249201,-0.377210,0.118447,0.214840,0.016134,-0.225001,0.340945,-0.143376
5.330032,-1.021522,0.449895,1.269514,0.804760,-1.066384,1.161381,-0.313133,-0.265368,-0.025076,0.567662,0.339896,-0.587263,0.802962,-0.081394,-1.915145,-0.109445,1.078820,-2.239920,-0.979074,3.184455,0.249062,-0.376993,0.117850,0.211755,0.014388,-0.227000,0.342803,-0.142712
5.331064,-1.024727,0.452212,1.270627,0.804816,-1.067700,1.161866,-0.314522,-0.201562,-0.051724,0.632917,0.337632,-0.589803,0.806955,-0.081455,-1.915521,-0.109326,1.079036,-2.239903,-0.979300,3.184797,0.248915,-0.374809,0.118176,0.212388,0.014988,-0.225617,0.342918,-0.143340
5.332139,-1.023339,0.449199,1.273904,0.805928,-1.068044,1.163884,-0.314071,-0.144822,-0.074522,0.690969,0.335968,-0.591913,0.810387,-0.081542,-1.915890,-0.109208,1.079245,-2.239886,-0.979517,3.185140,0.248781,-0.373502,0.117215,0.212052,0.015257,-0.224324,0.342538,-0.140540
5.333048,-1.017954,0.448746,1.274092,0.805550,-1.070882,1.163638,-0.313853,-0.096510,-0.092893,0.740500,0.334217,-0.593617,0.813127,-0.081622,-1.916267,-0.109087,1.079453,-2.239874,-0.979741,3.185474,0.248639,-0.374608,0.118998,0.210742,0.014588,-0.224034,0.340758,-0.141481
5.334021,-1.022580,0.453053,1.275735,0.804761,-1.072332,1.161531,-0.313414,-0.051922,-0.109767,0.786220,0.332855,-0.595061,0.815602,-0.081682,-1.916643,-0.108969,1.079661,-2.239858,-0.979953,3.185817,0.248499,-0.376972,0.119224,0.210569,0.015228,-0.220976,0.340879,-0.141837
5.335055,-1.018379,0.453415,1.274857,0.805229,-1.072242,1.160618,-0.314519,-0.009339,-0.125378,0.829968,0.330763,-0.596447,0.817887,-0.081709,-1.917014,-0.108856,1.079870,-2.239840,-0.980169,3.186167,0.248352,-0.374605,0.117228,0.209816,0.016265,-0.219443,0.342950,-0.142653
5.336077,-1.020992,0.451673,1.276365,0.806642,-1.072954,1.160018,-0.314361,0.028627,-0.137151,0.869267,0.326393,-0.597847,0.819693,-0.081684,-1.917395,-0.108738,1.080081,-2.239824,-0.980391,3.186509,0.248216,-0.376905,0.117280,0.210465,0.016123,-0.219528,0.343972,-0.140418
5.337043,-1.015676,0.453226,1.277572,0.807650,-1.075356,1.159133,-0.314015,0.061459,-0.145369,0.903493,0.320740,-0.599175,0.821086,-0.081616,-1.917765,-0.108614,1.080288,-2.239812,-0.980607,3.186860,0.248076,-0.375801,0.118287,0.209926,0.015134,-0.218814,0.344611,-0.140743
5.338181,-1.021885,0.454916,1.281868,0.808214,-1.075406,1.158992,-0.313791,0.091043,-0.152174,0.934339,0.315747,-0.600362,0.822363,-0.081539,-1.918149,-0.108499,1.080498,-2.239799,-0.980819,3.187208,0.247933,-0.378310,0.117638,0.209357,0.014487,-0.216329,0.345438,-0.141380
5.339133,-1.020399,0.455024,1.283300,0.809243,-1.076467,1.157492,-0.315494,0.144197,-0.163147,0.989535,0.309043,-0.602454,0.824922,-0.081411,-1.918895,-0.108263,1.080910,-2.239772,-0.981244,3.187906,0.247657,-0.376548,0.117218,0.207075,0.013714,-0.215424,0.347293,-0.138390
5.340040,-1.018353,0.452546,1.284195,0.808165,-1.074239,1.159226,-0.314875,0.144197,-0.163147,0.989535,0.309043,-0.602454,0.824922,-0.081411,-1.918895,-0.108263,1.080910,-2.239772,-0.981244,3.187906,0.247657,-0.376548,0.117218,0.207075,0.013714,-0.215424,0.347293,-0.138390
5.341061,-1.020184,0.452260,1.284964,0.809202,-1.075847,1.157611,-0.315740,0.167816,-0.167360,1.013991,0.306893,-0.603412,0.826115,-0.081328,-1.919279,-0.108144,1.081118,-2.239754,-0.981465,3.188246,0.247515,-0.377107,0.118468,0.206531,0.015013,-0.217395,0.345389,-0.139590
5.341989,-1.016869,0.454881,1.281930,0.809988,-1.075273,1.157984,-0.315600,0.190441,-0.171794,1.037324,0.305149,-0.604358,0.827248,-0.081231,-1.919651,-0.108026,1.081322,-2.239742,-0.981676,3.188599,0.247383,-0.376380,0.118797,0.206408,0.014369,-0.215810,0.347070,-0.137845
5.343037,-1.019464,0.453295,1.285768,0.810520,-1.076240,1.156286,-0.315267,0.210535,-0.175619,1.057934,0.303837,-0.605201,0.828202,-0.081117,-1.920035,-0.107910,1.081533,-2.239729,-0.981898,3.188949,0.247242,-0.377696,0.117547,0.207864,0.013922,-0.216154,0.346523,-0.138075
5.344112,-1.017332,0.458426,1.290400,0.810713,-1.079576,1.156569,-0.315058,0.226994,-0.177814,1.074681,0.303081,-0.605863,0.828914,-0.080993,-1.920407,-0.107791,1.081735,-2.239716,-0.982105,3.189300,0.247102,-0.376716,0.118586,0.206264,0.013823,-0.215331,0.348341,-0.138742
5.344988,-1.017806,0.452688,1.287420,0.812426,-1.080203,1.156869,-0.315020,0.241805,-0.178518,1.089636,0.302172,-0.606480,0.829475,-0.080866,-1.920787,-0.107679,1.081939,-2.239703,-0.982309,3.189652,0.246963,-0.378157,0.116333,0.204338,0.014050,-0.212210,0.348188,-0.139178
5.346008,-1.014759,0.454102,1.290456,0.812588,-1.080341,1.156672,-0.315478,0.256932,-0.178437,1.104798,0.300946,-0.607158,0.830036,-0.080733,-1.921163,-0.107554,1.082151,-2.239694,-0.982518,3.189999,0.246822,-0.377393,0.119143,0.205637,0.012726,-0.211378,0.347642,-0.139151
5.347129,-1.022407,0.452175,1.291500,0.813152,-1.081914,1.156084,-0.314497,0.272707,-0.178857,1.120368,0.300512,-0.607827,0.830744,-0.080579,-1.921538,-0.107438,1.082350,-2.239680,-0.982732,3.190347,0.246685,-0.379113,0.118617,0.204395,0.012963,-0.211275,0.347900,-0.138221
5.348053,-1.019877,0.449239,1.290965,0.815501,-1.084059,1.152902,-0.315655,0.288378,-0.179991,1.135583,0.300965,-0.608473,0.831566,-0.080397,-1.921910,-0.107319,1.082556,-2.239668,-0.982937,3.190699,0.246542,-0.375898,0.119936,0.204388,0.012872,-0.210014,0.348736,-0.140236
5.349041,-1.020119,0.453556,1.291496,0.812676,-1.083916,1.155042,-0.315880,0.301830,-0.181402,1.148314,0.302423,-0.609039,0.832316,-0.080190,-1.922289,-0.107196,1.082762,-2.239661,-0.983141,3.191053,0.246409,-0.376886,0.121391,0.204627,0.010981,-0.207786,0.351759,-0.137837
5.350133,-1.022936,0.455405,1.290301,0.814985,-1.084239,1.153964,-0.315305,0.312179,-0.182530,1.157761,0.304348,-0.609570,0.832854,-0.079955,-1.922661,-0.107080,1.082962,-2.239642,-0.983348,3.191402,0.246274,-0.376809,0.119361,0.204574,0.014107,-0.207983,0.349553,-0.137391
5.351100,-1.022387,0.457648,1.290146,0.817174,-1.086734,1.152507,-0.314360,0.318205,-0.181012,1.162959,0.304739,-0.610187,0.832962,-0.079686,-1.923035,-0.106964,1.083168,-2.239633,-0.983556,3.191756,0.246131,-0.375898,0.118781,0.205593,0.012292,-0.207888,0.350837,-0.138568
5.351997,-1.024966,0.457585,1.286887,0.815179,-1.087220,1.152177,-0.315263,0.317954,-0.175409,1.161942,0.304223,-0.610686,0.832534,-0.079399,-1.923411,-0.106848,1.083370,-2.239626,-0.983752,3.192107,0.245988,-0.376100,0.117793,0.205800,0.010607,-0.205465,0.352222,-0.140408
5.353096,-1.026820,0.456443,1.290734,0.818012,-1.088699,1.155179,-0.314222,0.310504,-0.165620,1.153743,0.303599,-0.610882,0.831522,-0.079096,-1.923783,-0.106730,1.083583,-2.239608,-0.983959,3.192461,0.245852,-0.374435,0.117832,0.207258,0.012828,-0.204830,0.352297,-0.138499
5.354003,-1.031263,0.451650,1.290818,0.818131,-1.091036,1.159165,-0.314277,0.296439,-0.152400,1.138963,0.302480,-0.610775,0.829937,-0.078761,-1.924161,-0.106611,1.083787,-2.239603,-0.984160,3.192800,0.245706,-0.374004,0.118720,0.205759,0.010595,-0.203666,0.349540,-0.140620
5.354993,-1.029565,0.450543,1.287346,0.820349,-1.093333,1.157526,-0.313428,0.278687,-0.138791,1.120344,0.302381,-0.610302,0.828162,-0.078410,-1.924527,-0.106486,1.083991,-2.239591,-0.984353,3.193139,0.245567,-0.371529,0.121059,0.205684,0.010844,-0.201316,0.345414,-0.140415
5.356035,-1.029987,0.451650,1.289176,0.818862,-1.094306,1.159488,-0.313877,0.258869,-0.127239,1.099362,0.304864,-0.609389,0.826491,-0.078062,-1.924906,-0.106365,1.084202,-2.239584,-0.984549,3.193491,0.245421,-0.372396,0.121707,0.207532,0.009131,-0.199164,0.347080,-0.142075
5.357054,-1.033914,0.452197,1.286031,0.818683,-1.097724,1.158217,-0.313757,0.237506,-0.117835,1.076673,0.309362,-0.608143,0.824941,-0.077723,-1.925275,-0.106244,1.084407,-2.239569,-0.984744,3.193830,0.245282,-0.372506,0.121331,0.206883,0.011035,-0.198467,0.345239,-0.141147
5.358057,-1.034900,0.450661,1.285894,0.820144,-1.097401,1.160615,-0.312448,0.214339,-0.108818,1.052285,0.313397,-0.606842,0.823316,-0.077395,-1.925642,-0.106122,1.084618,-2.239557,-0.984933,3.194179,0.245140,-0.370785,0.121212,0.208648,0.011628,-0.195301,0.346590,-0.141376
5.359115,-1.030658,0.445963,1.278320,0.820135,-1.098958,1.161174,-0.312973,0.187540,-0.098653,1.024414,0.315901,-0.605570,0.821392,-0.077094,-1.926014,-0.105999,1.084829,-2.239548,-0.985130,3.194516,0.244991,-0.370430,0.122089,0.208819,0.010621,-0.195815,0.344238,-0.143954
5.360018,-1.028454,0.450168,1.282645,0.821729,-1.099212,1.163115,-0.311616,0.157570,-0.088706,0.993355,0.318352,-0.604233,0.819310,-0.076829,-1.926387,-0.105871,1.085050,-2.239536,-0.985321,3.194861,0.244852,-0.372947,0.124588,0.212797,0.011100,-0.194584,0.343852,-0.142877
5.360975,-1.026508,0.450224,1.281084,0.822909,-1.100316,1.162875,-0.311442,0.127590,-0.080932,0.962227,0.321752,-0.602854,0.817389,-0.076590,-1.926764,-0.105754,1.085258,-2.239531,-0.985512,3.195201,0.244701,-0.373642,0.122465,0.210460,0.009994,-0.194347,0.341756,-0.145504
5.362073,-1.029754,0.449740,1.279135,0.822664,-1.103005,1.161890,-0.310119,0.100718,-0.075457,0.934255,0.326192,-0.601495,0.815843,-0.076377,-1.927140,-0.105632,1.085475,-2.239522,-0.985699,3.195540,0.244554,-0.374481,0.122496,0.211199,0.009270,-0.193396,0.341996,-0.145752
5.363067,-1.023145,0.446397,1.274452,0.823624,-1.105308,1.163920,-0.310232,0.076506,-0.071146,0.909097,0.331173,-0.600138,0.814529,-0.076200,-1.927508,-0.105506,1.085689,-2.239511,-0.985887,3.195882,0.244399,-0.373446,0.122973,0.212514,0.010027,-0.191149,0.343245,-0.148384
5.363990,-1.026144,0.446292,1.275912,0.823368,-1.108658,1.161986,-0.308643,0.053255,-0.067576,0.885084,0.336062,-0.598770,0.813243,-0.076034,-1.927892,-0.105379,1.085913,-2.239502,-0.986073,3.196217,0.244249,-0.376734,0.124699,0.214816,0.009547,-0.189091,0.341259,-0.148056
5.365046,-1.027736,0.448571,1.274294,0.824185,-1.109656,1.160427,-0.308915,0.031595,-0.065438,0.862814,0.340573,-0.597431,0.812050,-0.075856,-1.928262,-0.105257,1.086125,-2.239490,-0.986251,3.196564,0.244092,-0.374967,0.124719,0.213948,0.010157,-0.185916,0.343093,-0.151131
5.365970,-1.030098,0.449219,1.268710,0.824806,-1.113021,1.160625,-0.308480,0.010533,-0.063501,0.841295,0.343869,-0.596126,0.810835,-0.075646,-1.928636,-0.105137,1.086343,-2.239478,-0.986437,3.196915,0.243942,-0.374524,0.123799,0.214956,0.009795,-0.185316,0.344763,-0.150515
5.366968,-1.026570,0.446244,1.261408,0.826609,-1.116628,1.160880,-0.307959,-0.013939,-0.058806,0.816510,0.345371,-0.594742,0.809276,-0.075381,-1.929008,-0.105014,1.086567,-2.239469,-0.986618,3.197259,0.243788,-0.373095,0.123459,0.217517,0.009593,-0.182083,0.344423,-0.151273
5.368024,-1.025167,0.442582,1.260846,0.827123,-1.117287,1.160629,-0.305526,-0.044716,-0.050305,0.785471,0.345957,-0.593149,0.807274,-0.075068,-1.929383,-0.104886,1.086795,-2.239463,-0.986790,3.197606,0.243631,-0.374963,0.125010,0.221088,0.008340,-0.178877,0.344185,-0.152222
5.369045,-1.028282,0.445497,1.261206,0.828133,-1.119615,1.159305,-0.304005,-0.079563,-0.040458,0.750277,0.347190,-0.591377,0.805127,-0.074760,-1.929762,-0.104757,1.087017,-2.239456,-0.986965,3.197951,0.243463,-0.375931,0.126959,0.221454,0.008393,-0.178733,0.344589,-0.157018
5.370029,-1.030090,0.442994,1.255277,0.829169,-1.121882,1.159804,-0.303406,-0.114566,-0.031328,0.714831,0.349423,-0.589605,0.803098,-0.074505,-1.930131,-0.104634,1.087238,-2.239448,-0.987139,3.198298,0.243298,-0.374607,0.125602,0.221327,0.007914,-0.176826,0.345989,-0.159923
5.371063,-1.029399,0.447046,1.258861,0.828191,-1.123999,1.157567,-0.302011,-0.150134,-0.021833,0.678781,0.352126,-0.587924,0.801077,-0.074313,-1.930501,-0.104504,1.087470,-2.239441,-0.987307,3.198647,0.243136,-0.373761,0.126874,0.224143,0.007390,-0.174964,0.345446,-0.160979
5.372066,-1.024428,0.447943,1.253606,0.828739,-1.124259,1.156766,-0.302520,-0.187028,-0.010724,0.641497,0.354296,-0.586452,0.798930,-0.074171,-1.930879,-0.104384,1.087692,-2.239428,-0.987477,3.198996,0.242964,-0.374318,0.125004,0.222372,0.008795,-0.173342,0.347788,-0.163649
5.372965,-1.029902,0.448548,1.248209,0.829452,-1.124853,1.155070,-0.301608,-0.222566,0.002053,0.605923,0.354309,-0.585456,0.796723,-0.074062,-1.931254,-0.104257,1.087919,-2.239419,-0.987651,3.199346,0.242802,-0.376913,0.124635,0.224974,0.008702,-0.173491,0.348580,-0.162478
5.374048,-1.028147,0.448748,1.246151,0.830821,-1.124412,1.157963,-0.300511,-0.257395,0.017094,0.571415,0.352064,-0.584897,0.794400,-0.073977,-1.931625,-0.104134,1.088152,-2.239409,-0.987822,3.199703,0.242635,-0.373776,0.124275,0.227252,0.008381,-0.173085,0.350033,-0.164138
5.374977,-1.028431,0.448656,1.245299,0.830492,-1.126973,1.156813,-0.298567,-0.294912,0.035013,0.534319,0.349011,-0.584455,0.791863,-0.073922,-1.931999,-0.104008,1.088386,-2.239404,-0.987994,3.200044,0.242467,-0.375171,0.124382,0.228329,0.007636,-0.174129,0.347330,-0.166243
5.375976,-1.031388,0.453101,1.243052,0.831866,-1.126800,1.155111,-0.298788,-0.333779,0.054474,0.495862,0.346000,-0.584016,0.789319,-0.073903,-1.932376,-0.103881,1.088614,-2.239393,-0.988160,3.200394,0.242287,-0.374739,0.124368,0.228466,0.008363,-0.171845,0.348366,-0.169922
5.377080,-1.032516,0.451390,1.243362,0.832040,-1.128021,1.155747,-0.297097,-0.372548,0.075036,0.457576,0.342667,-0.583596,0.786834,-0.073892,-1.932750,-0.103764,1.088846,-2.239387,-0.988332,3.200741,0.242117,-0.373326,0.122295,0.229453,0.007525,-0.172441,0.350091,-0.169288
5.378061,-1.032777,0.452755,1.242806,0.831661,-1.128879,1.153254,-0.296743,-0.411772,0.097221,0.418961,0.338842,-0.583145,0.784313,-0.073855,-1.933123,-0.103638,1.089073,-2.239375,-0.988503,3.201095,0.241938,-0.373356,0.123407,0.229486,0.007864,-0.171846,0.349632,-0.172579
5.378974,-1.033229,0.450203,1.241424,0.832032,-1.128496,1.153615,-0.296050,-0.449711,0.119778,0.381809,0.334389,-0.582727,0.781839,-0.073786,-1.933498,-0.103516,1.089305,-2.239366,-0.988673,3.201454,0.241760,-0.373215,0.122793,0.229572,0.008697,-0.171372,0.352065,-0.173073
5.379986,-1.033360,0.445972,1.235647,0.832439,-1.126653,1.154403,-0.296687,-0.484461,0.141265,0.348074,0.328942,-0.582455,0.779477,-0.073702,-1.933871,-0.103389,1.089538,-2.239357,-0.988849,3.201803,0.241582,-0.372676,0.123997,0.229887,0.008738,-0.171945,0.351497,-0.174237
5.380977,-1.028999,0.448602,1.231026,0.832568,-1.127795,1.155178,-0.295093,-0.516052,0.160295,0.317565,0.323451,-0.582277,0.777284,-0.073624,-1.934240,-0.103257,1.089770,-2.239347,-0.989025,3.202154,0.241413,-0.372831,0.126138,0.232692,0.008812,-0.174194,0.350726,-0.172801
5.382052,-1.030858,0.448986,1.233676,0.833322,-1.127187,1.153065,-0.294065,-0.545219,0.176113,0.289395,0.318947,-0.582150,0.775341,-0.073567,-1.934617,-0.103137,1.090009,-2.239338,-0.989196,3.202503,0.241232,-0.375039,0.124911,0.234750,0.009145,-0.173419,0.349937,-0.175838
5.383054,-1.033652,0.451230,1.235169,0.834771,-1.125551,1.151073,-0.293780,-0.571339,0.189186,0.264251,0.315125,-0.582200,0.773707,-0.073550,-1.934987,-0.103010,1.090238,-2.239330,-0.989374,3.202854,0.241054,-0.374559,0.124902,0.233488,0.008959,-0.174542,0.352239,-0.177745
5.384096,-1.034917,0.453705,1.237131,0.835638,-1.126010,1.154287,-0.293535,-0.593336,0.200028,0.243242,0.311820,-0.582513,0.772381,-0.073583,-1.935356,-0.102887,1.090471,-2.239323,-0.989550,3.203211,0.240874,-0.373305,0.123882,0.232597,0.008033,-0.176559,0.354187,-0.178112
5.384977,-1.031417,0.446283,1.240180,0.833238,-1.124915,1.151688,-0.293168,-0.611203,0.209277,0.226323,0.309407,-0.583045,0.771339,-0.073671,-1.935730,-0.102766,1.090701,-2.239316,-0.989727,3.203557,0.240694,-0.372963,0.122835,0.231610,0.007719,-0.176517,0.351039,-0.178435
5.386092,-1.034320,0.454475,1.241680,0.835749,-1.123331,1.149915,-0.293984,-0.624685,0.217708,0.214717,0.304448,-0.585222,0.770668,-0.073988,-1.936479,-0.102520,1.091153,-2.239295,-0.990086,3.204277,0.240342,-0.373402,0.122615,0.229199,0.008477,-0.179866,0.355337,-0.177169
5.387013,-1.031140,0.457774,1.243116,0.834693,-1.122986,1.148362,-0.294419,-0.624685,0.217708,0.214717,0.304448,-0.585222,0.770668,-0.073988,-1.936479,-0.102520,1.091153,-2.239295,-0.990086,3.204277,0.240342,-0.373402,0.122615,0.229199,0.008477,-0.179866,0.355337,-0.177169
5.387993,-1.038157,0.456345,1.243683,0.837325,-1.123717,1.150086,-0.294310,-0.619962,0.217835,0.220480,0.300483,-0.586803,0.770910,-0.074159,-1.936855,-0.102401,1.091375,-2.239281,-0.990266,3.204634,0.240172,-0.374717,0.121011,0.228249,0.009886,-0.180354,0.356674,-0.176118
5.388994,-1.040198,0.454689,1.247324,0.836646,-1.125692,1.150840,-0.294880,-0.611530,0.218205,0.229984,0.295676,-0.588439,0.771278,-0.074311,-1.937222,-0.102277,1.091605,-2.239279,-0.990443,3.204985,0.239999,-0.371240,0.121812,0.227805,0.007843,-0.179925,0.354874,-0.176179
5.389980,-1.032657,0.455268,1.245994,0.838580,-1.126887,1.147636,-0.293953,-0.601450,0.218217,0.240977,0.291271,-0.589944,0.771760,-0.074448,-1.937594,-0.102154,1.091828,-2.239267,-0.990619,3.205334,0.239827,-0.370360,0.122743,0.225942,0.008983,-0.178303,0.354139,-0.174866
5.391028,-1.036941,0.457222,1.246972,0.838422,-1.126343,1.146919,-0.295181,-0.588269,0.215990,0.254943,0.287929,-0.591368,0.772540,-0.074586,-1.937972,-0.102031,1.092054,-2.239262,-0.990797,3.205698,0.239648,-0.374156,0.122529,0.226533,0.007578,-0.177430,0.357273,-0.176561
5.392075,-1.033553,0.457198,1.253253,0.837502,-1.125898,1.144826,-0.295237,-0.570429,0.210787,0.273586,0.285612,-0.592840,0.773761,-0.074730,-1.938341,-0.101913,1.092279,-2.239251,-0.990978,3.206065,0.239479,-0.372321,0.121779,0.226103,0.008217,-0.178405,0.357965,-0.173946
5.393005,-1.033406,0.455408,1.259834,0.839732,-1.124833,1.142932,-0.296305,-0.548113,0.203288,0.296841,0.283292,-0.594512,0.775381,-0.074865,-1.938720,-0.101790,1.092498,-2.239237,-0.991161,3.206425,0.239308,-0.374295,0.121983,0.223077,0.009550,-0.179242,0.360111,-0.173729
5.394004,-1.029114,0.455070,1.258078,0.840794,-1.122498,1.140738,-0.295938,-0.518114,0.192034,0.327934,0.280464,-0.596593,0.777610,-0.074993,-1.939090,-0.101665,1.092708,-2.239233,-0.991343,3.206793,0.239140,-0.374158,0.122844,0.219724,0.007847,-0.180469,0.361748,-0.171396
5.395039,-1.031325,0.455171,1.261505,0.840282,-1.122746,1.141267,-0.296759,-0.478429,0.175145,0.368664,0.278816,-0.599022,0.780713,-0.075137,-1.939471,-0.101543,1.092930,-2.239227,-0.991533,3.207160,0.238969,-0.376334,0.123117,0.220623,0.007354,-0.183036,0.363846,-0.172010
5.396057,-1.034737,0.451232,1.266069,0.839846,-1.121799,1.140570,-0.295825,-0.431914,0.153588,0.416002,0.278969,-0.601640,0.784538,-0.075308,-1.939842,-0.101417,1.093144,-2.239219,-0.991714,3.207519,0.238802,-0.375478,0.123192,0.219053,0.008401,-0.183143,0.363308,-0.170224
5.397068,-1.029531,0.456984,1.265681,0.842446,-1.121897,1.137856,-0.295759,-0.381917,0.129072,0.466612,0.279604,-0.604440,0.788739,-0.075489,-1.940214,-0.101288,1.093358,-2.239209,-0.991901,3.207888,0.238628,-0.373962,0.125242,0.216892,0.009297,-0.184403,0.363945,-0.171976
5.398140,-1.023728,0.454037,1.270848,0.842481,-1.121900,1.136794,-0.296393,-0.330374,0.102767,0.518646,0.280312,-0.607333,0.793113,-0.075659,-1.940601,-0.101171,1.093577,-2.239206,-0.992088,3.208255,0.238457,-0.376589,0.122508,0.217157,0.007311,-0.184566,0.366599,-0.171943
5.399015,-1.029087,0.457581,1.271805,0.844727,-1.121828,1.133836,-0.296386,-0.276101,0.074765,0.573390,0.281773,-0.610203,0.797759,-0.075786,-1.940985,-0.101043,1.093787,-2.239198,-0.992270,3.208628,0.238293,-0.379795,0.124178,0.214867,0.007850,-0.185019,0.367664,-0.170577
5.400016,-1.028454,0.454364,1.273427,0.844644,-1.122435,1.131415,-0.296497,-0.218567,0.045156,0.631374,0.284340,-0.612954,0.802708,-0.075849,-1.941360,-0.100924,1.094000,-2.239194,-0.992455,3.209005,0.238123,-0.376543,0.122320,0.214155,0.006108,-0.185099,0.370212,-0.170389
5.401082,-1.027804,0.456869,1.271048,0.846239,-1.123218,1.134888,-0.297125,-0.162245,0.016017,0.688057,0.287920,-0.615373,0.807564,-0.075853,-1.941738,-0.100797,1.094210,-2.239186,-0.992638,3.209379,0.237955,-0.376948,0.124019,0.213475,0.006715,-0.184781,0.372491,-0.170025
5.402066,-1.023882,0.453686,1.270988,0.846953,-1.123815,1.134505,-0.297368,-0.110640,-0.011220,0.739920,0.292327,-0.617362,0.812041,-0.075802,-1.942120,-0.100675,1.094426,-2.239182,-0.992824,3.209745,0.237789,-0.377559,0.122960,0.214917,0.005744,-0.184396,0.369004,-0.168664
5.403031,-1.025353,0.456366,1.268910,0.847608,-1.123382,1.133359,-0.296845,-0.063788,-0.036877,0.786869,0.297819,-0.618970,0.816230,-0.075690,-1.942506,-0.100548,1.094643,-2.239177,-0.993011,3.210110,0.237624,-0.379412,0.124608,0.214938,0.005621,-0.184025,0.369301,-0.168049
5.404018,-1.025982,0.457988,1.272158,0.848942,-1.124192,1.135079,-0.297101,-0.021778,-0.060936,0.828734,0.304344,-0.620291,0.820136,-0.075523,-1.942880,-0.100426,1.094860,-2.239172,-0.993195,3.210483,0.237453,-0.378574,0.123297,0.215933,0.005506,-0.184681,0.370247,-0.168940
5.405017,-1.026173,0.452577,1.272070,0.850288,-1.121553,1.136358,-0.296333,0.014104,-0.082063,0.864224,0.311246,-0.621426,0.823591,-0.075323,-1.943259,-0.100306,1.095072,-2.239168,-0.993380,3.210852,0.237290,-0.378230,0.122609,0.214351,0.004759,-0.184095,0.368356,-0.168285
5.406064,-1.021876,0.455210,1.274203,0.851518,-1.118260,1.136579,-0.297262,0.044541,-0.100796,0.893993,0.318975,-0.622443,0.826706,-0.075127,-1.943633,-0.100175,1.095289,-2.239164,-0.993569,3.211212,0.237119,-0.378224,0.125351,0.214452,0.004025,-0.187004,0.367024,-0.169688
5.407037,-1.017701,0.455667,1.278470,0.848896,-1.115516,1.136930,-0.296194,0.072691,-0.119770,0.921149,0.328659,-0.623374,0.829828,-0.074962,-1.944018,-0.100052,1.095499,-2.239161,-0.993770,3.211581,0.236957,-0.380559,0.124167,0.213619,0.003439,-0.190515,0.366799,-0.167710
5.408029,-1.021339,0.454470,1.281821,0.851205,-1.114658,1.140899,-0.297859,0.102355,-0.139951,0.949703,0.338938,-0.624438,0.833160,-0.074831,-1.944405,-0.099928,1.095706,-2.239147,-0.993970,3.211945,0.236780,-0.382452,0.123998,0.211571,0.006454,-0.193322,0.366309,-0.169694
5.408979,-1.016730,0.458284,1.278935,0.851536,-1.111281,1.142647,-0.297423,0.135651,-0.161139,0.981961,0.347714,-0.625840,0.836732,-0.074738,-1.944780,-0.099801,1.095911,-2.239147,-0.994165,3.212304,0.236621,-0.380639,0.124644,0.210055,0.004774,-0.194318,0.362233,-0.166200
5.410071,-1.017937,0.454936,1.279570,0.851464,-1.110680,1.141081,-0.297266,0.203142,-0.201941,1.047263,0.362684,-0.628779,0.844137,-0.074651,-1.945551,-0.099555,1.096338,-2.239136,-0.994572,3.213019,0.236285,-0.382440,0.124700,0.211485,0.005696,-0.198560,0.362111,-0.167169
5.411009,-1.020251,0.457551,1.279715,0.854457,-1.108261,1.142670,-0.296121,0.203142,-0.201941,1.047263,0.362684,-0.628779,0.844137,-0.074651,-1.945551,-0.099555,1.096338,-2.239136,-0.994572,3.213019,0.236285,-0.382440,0.124700,0.211485,0.005696,-0.198560,0.362111,-0.167169
5.411985,-1.023266,0.454587,1.279123,0.854535,-1.106374,1.144053,-0.296354,0.231505,-0.219414,1.074331,0.369656,-0.629885,0.847499,-0.074648,-1.945928,-0.099434,1.096547,-2.239134,-0.994774,3.213381,0.236112,-0.381048,0.123391,0.211377,0.003296,-0.200963,0.360282,-0.169284
5.413002,-1.023250,0.456939,1.281222,0.853800,-1.105837,1.145902,-0.295804,0.252738,-0.234120,1.093973,0.377694,-0.630418,0.850401,-0.074668,-1.946307,-0.099308,1.096759,-2.239130,-0.994981,3.213733,0.235946,-0.379453,0.124921,0.211712,0.003820,-0.202845,0.358846,-0.168644
5.413966,-1.028199,0.458262,1.283735,0.854444,-1.102423,1.146405,-0.296633,0.266144,-0.245632,1.105611,0.386153,-0.630429,0.852719,-0.074689,-1.946681,-0.099187,1.096965,-2.239122,-0.995185,3.214087,0.235776,-0.379639,0.123874,0.210870,0.005091,-0.203489,0.357002,-0.169623
5.415026,-1.027687,0.457849,1.285586,0.855093,-1.099339,1.149577,-0.296302,0.272753,-0.253419,1.110550,0.393163,-0.630210,0.854370,-0.074708,-1.947057,-0.099064,1.097173,-2.239117,-0.995400,3.214446,0.235611,-0.377031,0.123261,0.209665,0.004972,-0.206826,0.356386,-0.167792
5.416004,-1.027664,0.455382,1.288107,0.855115,-1.096774,1.152055,-0.296966,0.273747,-0.257533,1.110100,0.398540,-0.629910,0.855407,-0.074751,-1.947439,-0.098941,1.097382,-2.239113,-0.995618,3.214787,0.235441,-0.377588,0.123672,0.209049,0.004974,-0.209981,0.353373,-0.168359
5.417018,-1.027251,0.455848,1.285285,0.855098,-1.092031,1.154250,-0.296568,0.272319,-0.260139,1.107447,0.403133,-0.629656,0.856105,-0.074850,-1.947816,-0.098813,1.097586,-2.239108,-0.995836,3.215128,0.235280,-0.377548,0.124926,0.207920,0.005512,-0.212437,0.350906,-0.166887
5.418071,-1.024342,0.457225,1.281569,0.855670,-1.086499,1.154995,-0.295897,0.270710,-0.262956,1.104823,0.407281,-0.629562,0.856647,-0.075022,-1.948195,-0.098692,1.097797,-2.239100,-0.996062,3.215474,0.235113,-0.377842,0.124822,0.209509,0.006055,-0.217089,0.348771,-0.167578
5.419107,-1.024774,0.460019,1.283147,0.856306,-1.084569,1.154071,-0.297268,0.267501,-0.265350,1.100794,0.411075,-0.629547,0.856994,-0.075269,-1.948573,-0.098569,1.098009,-2.239094,-0.996292,3.215820,0.234943,-0.379602,0.124314,0.211610,0.006066,-0.222567,0.348179,-0.168807
5.420030,-1.020555,0.461034,1.283942,0.855313,-1.081881,1.152769,-0.296639,0.261446,-0.266164,1.094095,0.414510,-0.629511,0.857133,-0.075562,-1.948951,-0.098448,1.098220,-2.239090,-0.996522,3.216171,0.234782,-0.379570,0.123093,0.211001,0.006054,-0.224358,0.349192,-0.165931
5.420999,-1.019845,0.457986,1.285111,0.856336,-1.079800,1.153078,-0.297306,0.254008,-0.265134,1.086251,0.416669,-0.629548,0.857099,-0.075860,-1.949336,-0.098328,1.098431,-2.239080,-0.996756,3.216518,0.234612,-0.381294,0.122608,0.210520,0.007477,-0.226672,0.350349,-0.167041
5.422030,-1.019374,0.459207,1.285203,0.856844,-1.078422,1.155538,-0.296794,0.245354,-0.263395,1.077454,0.416273,-0.630057,0.856983,-0.076387,-1.950097,-0.098077,1.098849,-2.239069,-0.997221,3.217217,0.234284,-0.381897,0.123671,0.210173,0.007062,-0.229717,0.347556,-0.166479
5.423022,-1.021539,0.459677,1.290533,0.858575,-1.077173,1.155495,-0.299139,0.245354,-0.263395,1.077454,0.416273,-0.630057,0.856983,-0.076387,-1.950097,-0.098077,1.098849,-2.239069,-0.997221,3.217217,0.234284,-0.381897,0.123671,0.210173,0.007062,-0.229717,0.347556,-0.166479
5.424009,-1.024375,0.461465,1.288782,0.858660,-1.075452,1.156561,-0.298532,0.245425,-0.264685,1.077545,0.415747,-0.630217,0.857056,-0.076598,-1.950471,-0.097955,1.099055,-2.239065,-0.997454,3.217558,0.234131,-0.380845,0.123542,0.207628,0.005909,-0.230747,0.347662,-0.161649
5.425002,-1.022966,0.461093,1.283198,0.857087,-1.076750,1.157139,-0.299057,0.246603,-0.266408,1.078773,0.415722,-0.630113,0.857047,-0.076763,-1.950849,-0.097836,1.099265,-2.239058,-0.997689,3.217900,0.233968,-0.379405,0.122766,0.208629,0.006361,-0.232213,0.346610,-0.162798
5.426012,-1.029346,0.462887,1.281862,0.859030,-1.076164,1.156122,-0.299093,0.244587,-0.266205,1.076952,0.415027,-0.629737,0.856552,-0.076864,-1.951234,-0.097711,1.099483,-2.239048,-0.997921,3.218244,0.233811,-0.380049,0.123034,0.211456,0.008394,-0.230674,0.346058,-0.161624
5.427053,-1.033671,0.464840,1.284870,0.859033,-1.076690,1.156485,-0.299477,0.234733,-0.261860,1.067489,0.412500,-0.629110,0.855218,-0.076891,-1.951602,-0.097590,1.099695,-2.239043,-0.998154,3.218593,0.233650,-0.377026,0.122265,0.212227,0.007007,-0.231096,0.347118,-0.161456
5.428022,-1.031635,0.465359,1.280881,0.859234,-1.073168,1.156491,-0.299185,0.214888,-0.252488,1.048165,0.408591,-0.628209,0.852997,-0.076855,-1.951977,-0.097471,1.099908,-2.239034,-0.998384,3.218946,0.233490,-0.375147,0.121499,0.210901,0.007526,-0.230466,0.346815,-0.160595
5.429024,-1.031590,0.466061,1.283141,0.860050,-1.071136,1.159252,-0.299927,0.186527,-0.238752,1.020516,0.403688,-0.627134,0.850088,-0.076773,-1.952359,-0.097349,1.100125,-2.239025,-0.998628,3.219291,0.233330,-0.376035,0.121311,0.212884,0.007788,-0.233647,0.346777,-0.161067
5.430038,-1.030468,0.467299,1.279363,0.860245,-1.068751,1.158388,-0.300185,0.153483,-0.222718,0.988431,0.398310,-0.626016,0.846861,-0.076661,-1.952734,-0.097226,1.100336,-2.239019,-0.998866,3.219633,0.233176,-0.376142,0.121071,0.211847,0.007520,-0.235411,0.344039,-0.159481
5.431101,-1.031039,0.463176,1.282710,0.860629,-1.068020,1.157899,-0.301438,0.119035,-0.206220,0.955125,0.393236,-0.624893,0.843630,-0.076539,-1.953114,-0.097106,1.100554,-2.239012,-0.999111,3.219980,0.233016,-0.376787,0.120605,0.213828,0.007875,-0.237496,0.344993,-0.158877
5.432019,-1.027195,0.462179,1.277011,0.861298,-1.067915,1.156121,-0.301841,0.085515,-0.190929,0.922842,0.388779,-0.623783,0.840511,-0.076422,-1.953487,-0.096978,1.100762,-2.239003,-0.999349,3.220324,0.232869,-0.376880,0.122839,0.212438,0.008020,-0.238095,0.345644,-0.156326
5.433110,-1.023064,0.468064,1.273521,0.860377,-1.068141,1.158609,-0.301678,0.055090,-0.178965,0.893658,0.385342,-0.622673,0.837570,-0.076318,-1.953867,-0.096854,1.100984,-2.238996,-0.999588,3.220677,0.232713,-0.378454,0.123270,0.215092,0.007807,-0.237743,0.347244,-0.155403
5.434080,-1.028859,0.463510,1.267453,0.860409,-1.067806,1.158042,-0.302740,0.027548,-0.169758,0.867396,0.382373,-0.621508,0.834708,-0.076217,-1.954254,-0.096738,1.101207,-2.238983,-0.999824,3.221014,0.232556,-0.380880,0.120630,0.217042,0.009189,-0.237481,0.344991,-0.155695
5.435072,-1.029021,0.468405,1.269915,0.860193,-1.068913,1.157124,-0.301931,-0.000884,-0.160325,0.840324,0.378560,-0.620171,0.831599,-0.076091,-1.954622,-0.096608,1.101432,-2.238973,-1.000059,3.221364,0.232409,-0.377943,0.122924,0.219954,0.009598,-0.237530,0.345524,-0.153473
5.436020,-1.028820,0.467377,1.264353,0.862838,-1.068893,1.160704,-0.301967,-0.033783,-0.148768,0.808823,0.373307,-0.618553,0.827953,-0.075923,-1.954999,-0.096491,1.101651,-2.238961,-1.000295,3.221714,0.232249,-0.377903,0.120595,0.218679,0.010201,-0.236151,0.346429,-0.155017
5.437094,-1.031183,0.464951,1.261674,0.862410,-1.069445,1.161345,-0.302079,-0.071055,-0.134870,0.772983,0.367342,-0.616618,0.823848,-0.075736,-1.955373,-0.096366,1.101878,-2.238958,-1.000527,3.222048,0.232101,-0.377856,0.121132,0.221277,0.008138,-0.235871,0.342790,-0.154841
5.437991,-1.034144,0.465719,1.258217,0.864087,-1.067917,1.162208,-0.303673,-0.111821,-0.119704,0.733594,0.362448,-0.614311,0.819527,-0.075548,-1.955749,-0.096241,1.102103,-2.238948,-1.000760,3.222391,0.231946,-0.377075,0.122552,0.222756,0.009086,-0.235266,0.342386,-0.154568
5.438995,-1.034625,0.466573,1.258290,0.863696,-1.065135,1.161935,-0.303158,-0.156814,-0.103864,0.689838,0.359525,-0.611617,0.815015,-0.075364,-1.956124,-0.096120,1.102333,-2.238939,-1.000999,3.222724,0.231801,-0.375180,0.122109,0.224095,0.007806,-0.236325,0.341398,-0.151249
5.440005,-1.034638,0.465206,1.258302,0.864594,-1.067377,1.160275,-0.303524,-0.206077,-0.086934,0.641739,0.358355,-0.608610,0.810302,-0.075202,-1.956497,-0.095999,1.102554,-2.238927,-1.001239,3.223071,0.231646,-0.375079,0.121821,0.224044,0.008622,-0.238856,0.341711,-0.152233
5.440981,-1.030223,0.467487,1.249044,0.863026,-1.065037,1.157449,-0.302514,-0.256713,-0.069594,0.592333,0.358220,-0.605540,0.805561,-0.075099,-1.956877,-0.095877,1.102779,-2.238918,-1.001472,3.223419,0.231498,-0.375132,0.122642,0.224011,0.008215,-0.236379,0.343421,-0.151433
5.442027,-1.032401,0.471730,1.248792,0.863771,-1.065802,1.156858,-0.302608,-0.306398,-0.052341,0.544091,0.357758,-0.602721,0.800839,-0.075078,-1.957261,-0.095756,1.103020,-2.238903,-1.001718,3.223765,0.231340,-0.377223,0.121574,0.228376,0.010124,-0.238379,0.346237,-0.153368
5.443101,-1.031561,0.472796,1.253528,0.862894,-1.065247,1.160715,-0.301523,-0.356195,-0.033370,0.496021,0.355403,-0.600304,0.795897,-0.075131,-1.957632,-0.095640,1.103249,-2.238893,-1.001955,3.224112,0.231191,-0.376434,0.119696,0.228477,0.009845,-0.237428,0.346923,-0.153116
5.444011,-1.029649,0.470094,1.251389,0.862190,-1.063159,1.160819,-0.301468,-0.404406,-0.012173,0.449769,0.350413,-0.598382,0.790800,-0.075258,-1.958012,-0.095521,1.103473,-2.238879,-1.002192,3.224445,0.231030,-0.377230,0.119448,0.226239,0.011151,-0.237916,0.343283,-0.155242
5.445008,-1.029411,0.470804,1.251810,0.863790,-1.061228,1.162321,-0.301589,-0.445824,0.008639,0.410435,0.342936,-0.597060,0.785981,-0.075469,-1.958386,-0.095398,1.103701,-2.238865,-1.002433,3.224786,0.230878,-0.377853,0.120777,0.227011,0.012145,-0.239532,0.343076,-0.155206
5.446109,-1.029249,0.471418,1.252946,0.863022,-1.062030,1.161486,-0.301231,-0.478178,0.026733,0.380120,0.334240,-0.596213,0.781737,-0.075756,-1.958764,-0.095278,1.103928,-2.238856,-1.002677,3.225125,0.230722,-0.377992,0.120535,0.226696,0.011006,-0.241138,0.341621,-0.154867
5.447096,-1.032825,0.468717,1.250922,0.862822,-1.065743,1.159632,-0.301829,-0.501810,0.041590,0.358352,0.325675,-0.595635,0.778184,-0.076104,-1.959145,-0.095159,1.104154,-2.238840,-1.002919,3.225466,0.230565,-0.378545,0.120547,0.226332,0.012181,-0.240236,0.342751,-0.155551
5.447963,-1.036731,0.469889,1.245400,0.864473,-1.064277,1.158405,-0.301822,-0.518374,0.053865,0.343512,0.316830,-0.595297,0.775217,-0.076513,-1.959516,-0.095035,1.104382,-2.238827,-1.003149,3.225816,0.230414,-0.376792,0.121969,0.227232,0.012747,-0.236282,0.344585,-0.154254
5.449024,-1.039735,0.471082,1.241499,0.863329,-1.064118,1.157737,-0.301700,-0.533334,0.065621,0.330125,0.307691,-0.595028,0.772473,-0.076976,-1.959888,-0.094914,1.104618,-2.238818,-1.003389,3.226164,0.230260,-0.374341,0.121283,0.229475,0.011469,-0.237244,0.345545,-0.154125
5.449998,-1.038939,0.469612,1.240501,0.864864,-1.064610,1.160619,-0.299830,-0.553296,0.079950,0.311557,0.298870,-0.594526,0.769550,-0.077475,-1.960259,-0.094792,1.104853,-2.238801,-1.003625,3.226508,0.230105,-0.373256,0.120899,0.231407,0.012968,-0.237283,0.346373,-0.154319
5.451004,-1.046744,0.468858,1.238799,0.864571,-1.064624,1.161472,-0.300420,-0.579160,0.097516,0.286933,0.290497,-0.593758,0.766413,-0.078008,-1.960634,-0.094669,1.105086,-2.238791,-1.003864,3.226847,0.229937,-0.373627,0.121711,0.231663,0.011862,-0.236463,0.343465,-0.157941
5.452009,-1.045792,0.469037,1.238276,0.865487,-1.066331,1.162121,-0.298982,-0.608420,0.116658,0.258668,0.283211,-0.592802,0.763286,-0.078581,-1.961002,-0.094547,1.105320,-2.238777,-1.004100,3.227182,0.229781,-0.369869,0.122207,0.232374,0.012521,-0.236226,0.342741,-0.156625
5.453014,-1.043676,0.471739,1.238489,0.864462,-1.066476,1.160162,-0.299118,-0.639885,0.136452,0.227914,0.277286,-0.591729,0.760239,-0.079167,-1.961373,-0.094425,1.105552,-2.238766,-1.004331,3.227524,0.229616,-0.370538,0.122238,0.232511,0.012046,-0.234331,0.342154,-0.159416
5.454068,-1.045170,0.467801,1.239099,0.865296,-1.066540,1.160541,-0.299374,-0.670299,0.155990,0.198087,0.271873,-0.590771,0.757388,-0.079732,-1.961747,-0.094307,1.105782,-2.238751,-1.004561,3.227876,0.229458,-0.371709,0.121041,0.232294,0.013432,-0.234032,0.344140,-0.159013
5.455176,-1.043219,0.469400,1.239225,0.864883,-1.067687,1.159210,-0.299739,-0.695264,0.173558,0.173676,0.266267,-0.590144,0.754933,-0.080255,-1.962116,-0.094179,1.106014,-2.238740,-1.004793,3.228217,0.229302,-0.371341,0.123167,0.231996,0.013050,-0.233883,0.343903,-0.158436
5.456090,-1.036615,0.474810,1.241406,0.866118,-1.068672,1.158361,-0.298650,-0.712295,0.187348,0.157111,0.260671,-0.589890,0.753033,-0.080722,-1.962490,-0.094058,1.106244,-2.238726,-1.005023,3.228565,0.229147,-0.372915,0.122633,0.232108,0.013898,-0.232789,0.345493,-0.157678
5.457003,-1.035581,0.471540,1.239545,0.868962,-1.068248,1.159284,-0.299177,-0.719213,0.196905,0.150669,0.255012,-0.590041,0.751834,-0.081136,-1.962875,-0.093943,1.106474,-2.238717,-1.005255,3.228911,0.228985,-0.375788,0.119968,0.230664,0.013071,-0.231419,0.346183,-0.159721
5.458057,-1.037593,0.470923,1.242487,0.870511,-1.072453,1.158977,-0.298628,-0.714694,0.202119,0.155681,0.250423,-0.590464,0.751541,-0.081509,-1.963248,-0.093818,1.106704,-2.238710,-1.005485,3.229256,0.228832,-0.375986,0.121596,0.231265,0.010695,-0.231499,0.345087,-0.158510
5.458996,-1.034036,0.473971,1.247738,0.869346,-1.072292,1.159428,-0.298006,-0.700101,0.202072,0.170488,0.249450,-0.590825,0.752253,-0.081851,-1.963623,-0.093698,1.106930,-2.238702,-1.005706,3.229604,0.228667,-0.375286,0.122108,0.229846,0.009682,-0.227278,0.345536,-0.159527
5.459990,-1.041201,0.467995,1.248033,0.869397,-1.073626,1.157096,-0.299067,-0.676280,0.196853,0.194214,0.251691,-0.591115,0.753846,-0.082152,-1.964004,-0.093578,1.107154,-2.238687,-1.005934,3.229945,0.228501,-0.376817,0.120613,0.227006,0.011173,-0.227193,0.345007,-0.160610
5.461114,-1.037531,0.470563,1.250302,0.868688,-1.074164,1.159443,-0.298462,-0.644349,0.187646,0.225985,0.254637,-0.591514,0.755991,-0.082380,-1.964370,-0.093449,1.107377,-2.238674,-1.006153,3.230296,0.228349,-0.373343,0.123666,0.226841,0.011497,-0.225766,0.347349,-0.158376
5.462103,-1.041004,0.469074,1.251214,0.869875,-1.075048,1.158242,-0.299367,-0.567772,0.161396,0.302463,0.258397,-0.592677,0.760786,-0.082566,-1.965124,-0.093203,1.107826,-2.238653,-1.006596,3.230991,0.228032,-0.374070,0.123481,0.225452,0.011983,-0.224398,0.346463,-0.157635
5.463112,-1.037342,0.469533,1.254169,0.869456,-1.077902,1.158376,-0.299522,-0.567772,0.161396,0.302463,0.258397,-0.592677,0.760786,-0.082566,-1.965124,-0.093203,1.107826,-2.238653,-1.006596,3.230991,0.228032,-0.374070,0.123481,0.225452,0.011983,-0.224398,0.346463,-0.157635
5.464140,-1.036432,0.465620,1.256942,0.869850,-1.079460,1.160471,-0.300354,-0.525576,0.145737,0.344744,0.259205,-0.593463,0.763355,-0.082554,-1.965507,-0.093078,1.108048,-2.238639,-1.006811,3.231341,0.227874,-0.375955,0.123339,0.223971,0.012774,-0.221521,0.346336,-0.157247
5.464991,-1.040048,0.464640,1.262115,0.871593,-1.077774,1.161267,-0.299545,-0.479302,0.127565,0.391125,0.259607,-0.594528,0.766186,-0.082504,-1.965891,-0.092949,1.108268,-2.238627,-1.007025,3.231683,0.227722,-0.376492,0.125391,0.222660,0.012794,-0.220020,0.344327,-0.155510
5.466020,-1.037968,0.462087,1.266162,0.872152,-1.077953,1.163125,-0.301017,-0.427828,0.105686,0.442552,0.260674,-0.595860,0.769452,-0.082455,-1.966261,-0.092822,1.108478,-2.238618,-1.007242,3.232024,0.227561,-0.374118,0.125681,0.219787,0.011433,-0.221366,0.343284,-0.156967
5.467018,-1.032691,0.461872,1.267331,0.872831,-1.077976,1.161374,-0.300035,-0.371904,0.079916,0.498108,0.263925,-0.597271,0.773224,-0.082433,-1.966641,-0.092693,1.108694,-2.238607,-1.007463,3.232363,0.227411,-0.375330,0.127038,0.217909,0.011332,-0.221153,0.341549,-0.153927
5.467964,-1.030974,0.462638,1.274077,0.873840,-1.078838,1.162207,-0.300556,-0.310786,0.050015,0.558595,0.269565,-0.598751,0.777565,-0.082447,-1.967022,-0.092564,1.108907,-2.238595,-1.007679,3.232705,0.227253,-0.377981,0.127167,0.217413,0.011062,-0.221089,0.343380,-0.155840
5.469091,-1.032788,0.466873,1.272453,0.873836,-1.081354,1.161963,-0.300606,-0.243353,0.016236,0.625276,0.276905,-0.600375,0.782482,-0.082496,-1.967402,-0.092437,1.109114,-2.238587,-1.007896,3.233048,0.227100,-0.378587,0.126741,0.214041,0.010509,-0.220053,0.342454,-0.154660
5.470074,-1.034221,0.463448,1.269233,0.873164,-1.079851,1.163018,-0.302455,-0.172257,-0.018700,0.695637,0.284720,-0.602136,0.787692,-0.082565,-1.967783,-0.092315,1.109332,-2.238573,-1.008110,3.233386,0.226945,-0.378263,0.124929,0.215260,0.010975,-0.217776,0.343049,-0.154549
5.470990,-1.036441,0.460102,1.269388,0.874334,-1.077678,1.163830,-0.303175,-0.104817,-0.050550,0.762450,0.291543,-0.603907,0.792572,-0.082623,-1.968153,-0.092183,1.109551,-2.238559,-1.008334,3.233728,0.226802,-0.377599,0.126637,0.216846,0.012006,-0.219162,0.341993,-0.150767
5.472013,-1.035090,0.459143,1.271180,0.877024,-1.078426,1.168026,-0.302906,-0.046763,-0.077762,0.819881,0.297487,-0.605452,0.796719,-0.082657,-1.968527,-0.092053,1.109766,-2.238548,-1.008558,3.234069,0.226656,-0.376182,0.128195,0.216596,0.011191,-0.221049,0.341061,-0.149253
5.473016,-1.036767,0.457541,1.277115,0.876970,-1.078515,1.169959,-0.302695,0.001991,-0.102012,0.867777,0.304734,-0.606528,0.800312,-0.082707,-1.968907,-0.091922,1.109980,-2.238540,-1.008780,3.234398,0.226506,-0.377002,0.128705,0.215833,0.009011,-0.220228,0.337010,-0.149754
5.474006,-1.039659,0.456362,1.278669,0.875701,-1.079080,1.169581,-0.304082,0.045298,-0.125481,0.909888,0.314713,-0.607148,0.803771,-0.082822,-1.969279,-0.091790,1.110184,-2.238528,-1.008997,3.234728,0.226357,-0.376261,0.129510,0.213046,0.009496,-0.220102,0.335227,-0.150114
5.475032,-1.042855,0.455774,1.280993,0.875362,-1.080829,1.167805,-0.304487,0.085670,-0.148562,0.948895,0.325727,-0.607632,0.807160,-0.082993,-1.969652,-0.091659,1.110397,-2.238514,-1.009217,3.235059,0.226213,-0.374863,0.130091,0.212357,0.011128,-0.219427,0.335721,-0.147258
5.475973,-1.041554,0.458651,1.276628,0.874521,-1.080895,1.167017,-0.303594,0.121766,-0.169561,0.983740,0.334839,-0.608275,0.810149,-0.083184,-1.970022,-0.091528,1.110603,-2.238502,-1.009434,3.235401,0.226071,-0.373528,0.130428,0.211428,0.011890,-0.217687,0.337618,-0.146447
5.477008,-1.041432,0.457867,1.276754,0.876368,-1.078229,1.167908,-0.304431,0.150612,-0.186007,1.011663,0.340221,-0.609137,0.812408,-0.083377,-1.970399,-0.091401,1.110820,-2.238486,-1.009648,3.235741,0.225917,-0.373975,0.128935,0.213528,0.013022,-0.217494,0.338332,-0.148143
5.478086,-1.040457,0.460555,1.280262,0.877301,-1.078501,1.167293,-0.304697,0.170402,-0.196518,1.030856,0.342186,-0.610020,0.813888,-0.083557,-1.970778,-0.091273,1.111033,-2.238479,-1.009876,3.236075,0.225774,-0.374217,0.129435,0.213631,0.011684,-0.220106,0.337593,-0.146416
5.479071,-1.035499,0.459528,1.277997,0.877102,-1.078774,1.170434,-0.306120,0.183219,-0.202369,1.043246,0.342783,-0.610687,0.814901,-0.083705,-1.971151,-0.091146,1.111241,-2.238469,-1.010097,3.236418,0.225631,-0.375170,0.128253,0.212214,0.011278,-0.219876,0.338433,-0.145895
5.479971,-1.040570,0.456459,1.281955,0.877565,-1.079304,1.168792,-0.305354,0.193478,-0.205772,1.053187,0.343063,-0.611134,0.815828,-0.083816,-1.971535,-0.091017,1.111456,-2.238456,-1.010317,3.236754,0.225491,-0.377562,0.128794,0.213396,0.011878,-0.219491,0.335307,-0.142990
5.481088,-1.041566,0.455782,1.284312,0.879289,-1.078949,1.168830,-0.305525,0.203486,-0.208294,1.062900,0.342984,-0.611441,0.816800,-0.083894,-1.971902,-0.090885,1.111662,-2.238446,-1.010532,3.237090,0.225345,-0.374692,0.130169,0.211302,0.011797,-0.218726,0.336869,-0.144462
5.481982,-1.036001,0.459025,1.283989,0.878659,-1.078229,1.167790,-0.304884,0.213268,-0.210969,1.072227,0.343166,-0.611567,0.817755,-0.083948,-1.972277,-0.090753,1.111871,-2.238439,-1.010751,3.237431,0.225202,-0.374826,0.130683,0.210580,0.010663,-0.219271,0.337123,-0.144123
5.482981,-1.037204,0.459104,1.288987,0.879646,-1.079809,1.168934,-0.304690,0.223370,-0.213903,1.081753,0.343867,-0.611514,0.818660,-0.083989,-1.972660,-0.090630,1.112084,-2.238425,-1.010974,3.237767,0.225055,-0.377129,0.128971,0.210552,0.011605,-0.219654,0.338032,-0.145308
5.484017,-1.040882,0.459025,1.289671,0.880850,-1.078617,1.167309,-0.304198,0.235343,-0.216613,1.093245,0.344205,-0.611460,0.819576,-0.084030,-1.973030,-0.090503,1.112286,-2.238417,-1.011189,3.238103,0.224911,-0.376636,0.128993,0.208255,0.011103,-0.218027,0.336948,-0.145646
5.485032,-1.040269,0.458110,1.287091,0.881347,-1.078857,1.165956,-0.304026,0.248883,-0.218730,1.106422,0.344149,-0.611482,0.820552,-0.084079,-1.973402,-0.090376,1.112495,-2.238408,-1.011412,3.238449,0.224761,-0.375055,0.129147,0.208172,0.010398,-0.219220,0.338706,-0.146588
5.486028,-1.039991,0.453612,1.289259,0.881813,-1.080011,1.165862,-0.303517,0.260841,-0.219541,1.118068,0.344469,-0.611470,0.821499,-0.084131,-1.973771,-0.090244,1.112708,-2.238398,-1.011631,3.238789,0.224618,-0.375599,0.129628,0.209602,0.010373,-0.218934,0.340147,-0.146892
5.487085,-1.041604,0.452300,1.290883,0.882607,-1.079497,1.164883,-0.302807,0.270050,-0.219483,1.127017,0.345474,-0.611417,0.822424,-0.084177,-1.974151,-0.090107,1.112912,-2.238386,-1.011845,3.239134,0.224467,-0.375731,0.131828,0.208680,0.010314,-0.217744,0.340251,-0.147844
5.488003,-1.042497,0.454833,1.287950,0.882547,-1.079545,1.164131,-0.302224,0.278415,-0.220424,1.135166,0.347367,-0.611407,0.823496,-0.084231,-1.974529,-0.089975,1.113120,-2.238377,-1.012065,3.239470,0.224313,-0.375222,0.132551,0.208172,0.010049,-0.218315,0.341444,-0.149215
5.489005,-1.041878,0.455415,1.291810,0.884361,-1.081928,1.163009,-0.302245,0.285172,-0.221707,1.141772,0.349746,-0.611420,0.824587,-0.084286,-1.974901,-0.089846,1.113330,-2.238365,-1.012285,3.239814,0.224164,-0.374513,0.131162,0.209572,0.010472,-0.218012,0.342061,-0.150270
5.490024,-1.045083,0.453987,1.295037,0.883405,-1.080495,1.164192,-0.300523,0.288569,-0.221304,1.145090,0.351965,-0.611402,0.825470,-0.084312,-1.975276,-0.089719,1.113532,-2.238358,-1.012496,3.240162,0.224014,-0.374912,0.130932,0.207830,0.009174,-0.215623,0.343205,-0.150151
5.491027,-1.046801,0.456478,1.291455,0.885165,-1.082664,1.164112,-0.299831,0.290349,-0.219611,1.146807,0.353816,-0.611388,0.826221,-0.084303,-1.975652,-0.089586,1.113739,-2.238346,-1.012718,3.240502,0.223849,-0.373440,0.131674,0.206436,0.010571,-0.217040,0.342102,-0.153514
5.491977,-1.044047,0.457343,1.289510,0.884217,-1.080389,1.162050,-0.299657,0.290446,-0.216736,1.146843,0.355134,-0.611349,0.826843,-0.084264,-1.976020,-0.089457,1.113947,-2.238340,-1.012927,3.240848,0.223693,-0.372762,0.130440,0.208415,0.009341,-0.214871,0.342223,-0.154784
5.493086,-1.047916,0.458541,1.294412,0.886285,-1.080584,1.163116,-0.297958,0.285980,-0.211225,1.142390,0.355752,-0.611163,0.827129,-0.084188,-1.976398,-0.089331,1.114158,-2.238327,-1.013148,3.241200,0.223535,-0.373963,0.130008,0.209365,0.010652,-0.216994,0.344190,-0.154997
5.494058,-1.045542,0.460046,1.294400,0.887053,-1.081321,1.163345,-0.297673,0.277210,-0.203229,1.133743,0.355798,-0.610798,0.827082,-0.084090,-1.976766,-0.089203,1.114358,-2.238319,-1.013365,3.241544,0.223370,-0.372669,0.129622,0.207414,0.009138,-0.216964,0.343363,-0.158356
5.494962,-1.045810,0.462800,1.287958,0.886631,-1.081211,1.163208,-0.296703,0.266832,-0.194373,1.123579,0.356129,-0.610268,0.826938,-0.084011,-1.977142,-0.089074,1.114568,-2.238310,-1.013581,3.241887,0.223207,-0.373812,0.128853,0.207491,0.008863,-0.216121,0.343125,-0.158765
5.496000,-1.047789,0.458932,1.289866,0.886454,-1.079078,1.160459,-0.296232,0.254406,-0.184444,1.111536,0.356768,-0.609615,0.826671,-0.083969,-1.977519,-0.088950,1.114785,-2.238299,-1.013798,3.242226,0.223040,-0.373275,0.127397,0.210529,0.009658,-0.215992,0.343130,-0.160531
5.496973,-1.049481,0.460565,1.283382,0.886641,-1.079463,1.159871,-0.294180,0.237272,-0.172512,1.095042,0.356744,-0.608909,0.826003,-0.083962,-1.977886,-0.088816,1.114990,-2.238288,-1.014017,3.242577,0.222880,-0.372631,0.129395,0.209823,0.010297,-0.218159,0.345982,-0.161375
5.498032,-1.048062,0.461295,1.286959,0.886703,-1.079475,1.158087,-0.293522,0.185109,-0.144450,1.044754,0.353746,-0.607344,0.823081,-0.084123,-1.978630,-0.088560,1.115417,-2.238264,-1.014452,3.243279,0.222538,-0.372884,0.128334,0.211521,0.010881,-0.217706,0.348403,-0.166512
5.499043,-1.043341,0.463128,1.284791,0.888591,-1.076304,1.155840,-0.292690,0.185109,-0.144450,1.044754,0.353746,-0.607344,0.823081,-0.084123,-1.978630,-0.088560,1.115417,-2.238264,-1.014452,3.243279,0.222538,-0.372884,0.128334,0.211521,0.010881,-0.217706,0.348403,-0.166512
5.499984,-1.048502,0.462447,1.284315,0.888202,-1.074827,1.157165,-0.291914,0.154359,-0.130298,1.015220,0.351140,-0.606549,0.821168,-0.084300,-1.979013,-0.088434,1.115633,-2.238257,-1.014678,3.243634,0.222366,-0.375285,0.127488,0.212719,0.009506,-0.220791,0.350646,-0.168029
5.500965,-1.048025,0.464388,1.278816,0.888254,-1.071180,1.158168,-0.289606,0.124125,-0.117690,0.986248,0.348946,-0.605743,0.819262,-0.084533,-1.979383,-0.088305,1.115847,-2.238244,-1.014907,3.243980,0.222191,-0.372519,0.127784,0.212862,0.010266,-0.221965,0.349188,-0.169380
5.502093,-1.044505,0.460022,1.277888,0.887570,-1.069472,1.158040,-0.289545,0.091362,-0.105153,0.954685,0.347086,-0.604841,0.817188,-0.084826,-1.979756,-0.088179,1.116067,-2.238234,-1.015134,3.244323,0.222011,-0.372797,0.126836,0.215597,0.010664,-0.225443,0.348192,-0.173830
5.503066,-1.040854,0.462657,1.275091,0.888817,-1.067184,1.154116,-0.289752,0.055456,-0.092577,0.919923,0.345013,-0.603887,0.814920,-0.085169,-1.980137,-0.088047,1.116286,-2.238221,-1.015363,3.244675,0.221839,-0.375166,0.129242,0.216394,0.011820,-0.227241,0.348591,-0.173819
5.503997,-1.040550,0.469007,1.277488,0.886930,-1.064376,1.154164,-0.288257,0.020171,-0.082155,0.885728,0.342789,-0.603021,0.812715,-0.085532,-1.980521,-0.087919,1.116509,-2.238211,-1.015596,3.245032,0.221667,-0.376830,0.127888,0.217701,0.010993,-0.229268,0.352454,-0.173232
5.505090,-1.043487,0.467490,1.278132,0.888683,-1.062778,1.151429,-0.288956,-0.012602,-0.073336,0.854089,0.339596,-0.602376,0.810634,-0.085891,-1.980895,-0.087800,1.116720,-2.238193,-1.015832,3.245385,0.221488,-0.376739,0.124732,0.216401,0.013133,-0.231689,0.352200,-0.176035
5.506148,-1.038616,0.469491,1.273715,0.890751,-1.060718,1.149035,-0.288497,-0.043392,-0.064084,0.824611,0.334349,-0.602011,0.808600,-0.086241,-1.981268,-0.087674,1.116939,-2.238183,-1.016072,3.245741,0.221314,-0.375778,0.125746,0.216362,0.011860,-0.233202,0.355130,-0.174481
5.507004,-1.034393,0.471507,1.269998,0.890095,-1.060421,1.151446,-0.288090,-0.072575,-0.054888,0.796854,0.328667,-0.601756,0.806709,-0.086584,-1.981648,-0.087550,1.117160,-2.238176,-1.016312,3.246106,0.221141,-0.378526,0.124910,0.218735,0.010361,-0.235111,0.357555,-0.175294
5.508008,-1.040064,0.470138,1.264002,0.889944,-1.059626,1.153242,-0.288122,-0.100155,-0.046378,0.770743,0.324226,-0.601447,0.805111,-0.086924,-1.982029,-0.087427,1.117383,-2.238161,-1.016550,3.246462,0.220962,-0.379970,0.123768,0.220171,0.011282,-0.234825,0.354753,-0.175842
5.509014,-1.039515,0.472919,1.263382,0.890163,-1.058379,1.151320,-0.289065,-0.128435,-0.037223,0.743939,0.320394,-0.601069,0.803692,-0.087267,-1.982403,-0.087302,1.117614,-2.238147,-1.016787,3.246806,0.220784,-0.377199,0.124558,0.223069,0.011794,-0.235385,0.353013,-0.175593
5.510083,-1.039062,0.472726,1.254551,0.891611,-1.056275,1.149424,-0.288675,-0.161164,-0.025761,0.712643,0.316423,-0.600560,0.802166,-0.087605,-1.982778,-0.087181,1.117839,-2.238135,-1.017024,3.247166,0.220616,-0.377617,0.123291,0.223316,0.011987,-0.236403,0.354926,-0.173555
5.510997,-1.039484,0.469111,1.258554,0.889207,-1.055847,1.147693,-0.289777,-0.199508,-0.011581,0.675685,0.312633,-0.599823,0.800413,-0.087924,-1.983160,-0.087059,1.118077,-2.238126,-1.017268,3.247532,0.220440,-0.378145,0.123623,0.227749,0.011051,-0.238346,0.356874,-0.174226
5.511978,-1.039922,0.471677,1.257772,0.891036,-1.055124,1.144454,-0.289308,-0.241456,0.003914,0.635041,0.309117,-0.598918,0.798493,-0.088209,-1.983533,-0.086928,1.118297,-2.238106,-1.017507,3.247894,0.220270,-0.377640,0.125310,0.225453,0.013652,-0.238313,0.358352,-0.171797
5.513108,-1.041782,0.470633,1.255310,0.892526,-1.054253,1.144176,-0.290372,-0.282686,0.018595,0.595008,0.305151,-0.598101,0.796562,-0.088448,-1.983914,-0.086804,1.118525,-2.238095,-1.017747,3.248263,0.220097,-0.377329,0.124062,0.225727,0.012207,-0.238715,0.361450,-0.172599
5.514166,-1.041346,0.475534,1.249338,0.892680,-1.051021,1.144949,-0.290275,-0.321369,0.031726,0.557362,0.301614,-0.597368,0.794743,-0.088647,-1.984294,-0.086679,1.118759,-2.238088,-1.017993,3.248624,0.219931,-0.377009,0.124883,0.227160,0.011338,-0.239536,0.361914,-0.170378
5.515037,-1.036655,0.475376,1.246087,0.893173,-1.049358,1.144599,-0.290377,-0.359607,0.044427,0.519954,0.299858,-0.596483,0.793000,-0.088796,-1.984672,-0.086558,1.118992,-2.238076,-1.018242,3.248985,0.219761,-0.377546,0.122626,0.230160,0.011632,-0.242543,0.361186,-0.170480
5.516144,-1.033922,0.473029,1.246810,0.894234,-1.048561,1.144491,-0.291330,-0.398565,0.058010,0.481662,0.299715,-0.595351,0.791289,-0.088867,-1.985056,-0.086438,1.119226,-2.238064,-1.018487,3.249347,0.219592,-0.379280,0.122658,0.231266,0.011470,-0.243584,0.361201,-0.170057
5.517087,-1.036284,0.478192,1.239650,0.894052,-1.048779,1.142448,-0.292278,-0.434557,0.070630,0.446142,0.301289,-0.594037,0.789851,-0.088843,-1.985439,-0.086311,1.119459,-2.238054,-1.018731,3.249703,0.219427,-0.381110,0.124068,0.231020,0.010928,-0.244294,0.361501,-0.168062
5.518096,-1.037645,0.475999,1.239366,0.895281,-1.054183,1.142440,-0.290821,-0.465791,0.081182,0.415178,0.304445,-0.592595,0.788733,-0.088706,-1.985816,-0.086193,1.119698,-2.238042,-1.018971,3.250071,0.219265,-0.379693,0.121522,0.234261,0.011481,-0.243663,0.363332,-0.166020
5.518999,-1.038819,0.475441,1.237371,0.894022,-1.054861,1.143199,-0.291400,-0.496041,0.091996,0.385079,0.308116,-0.591014,0.787571,-0.088451,-1.986196,-0.086071,1.119934,-2.238031,-1.019199,3.250431,0.219090,-0.379073,0.122781,0.234205,0.010698,-0.238066,0.363286,-0.168822
5.519985,-1.035189,0.473620,1.236913,0.896115,-1.053842,1.143758,-0.291895,-0.526334,0.103416,0.354866,0.311425,-0.589401,0.786267,-0.088101,-1.986568,-0.085948,1.120171,-2.238017,-1.019434,3.250794,0.218929,-0.378148,0.122997,0.234762,0.012276,-0.237007,0.362233,-0.167458
5.520989,-1.036849,0.478646,1.234315,0.895507,-1.054336,1.146458,-0.291239,-0.553871,0.113473,0.327336,0.314430,-0.587881,0.785095,-0.087673,-1.986951,-0.085823,1.120407,-2.238010,-1.019671,3.251158,0.218766,-0.379911,0.123967,0.234758,0.010665,-0.237760,0.361571,-0.166344
5.522027,-1.038351,0.470857,1.228180,0.896739,-1.055504,1.144780,-0.292122,-0.577024,0.121476,0.304140,0.317694,-0.586444,0.784304,-0.087186,-1.987332,-0.085705,1.120646,-2.237998,-1.019908,3.251505,0.218595,-0.379078,0.121598,0.235861,0.011710,-0.237015,0.358876,-0.167529
5.523096,-1.035800,0.475857,1.234952,0.898799,-1.057330,1.144474,-0.292022,-0.597910,0.128243,0.283153,0.321363,-0.585011,0.783810,-0.086662,-1.987705,-0.085571,1.120887,-2.237989,-1.020138,3.251867,0.218436,-0.378598,0.125579,0.238791,0.010967,-0.235748,0.360606,-0.165649
5.524000,-1.035925,0.472285,1.235724,0.899193,-1.055922,1.144575,-0.292215,-0.616360,0.132719,0.264464,0.326164,-0.583556,0.783609,-0.086128,-1.988090,-0.085455,1.121119,-2.237985,-1.020365,3.252228,0.218269,-0.380161,0.123308,0.235393,0.009549,-0.233916,0.360981,-0.165771
5.524976,-1.036563,0.475672,1.239948,0.900049,-1.054914,1.146064,-0.291782,-0.627550,0.132737,0.252869,0.332724,-0.582211,0.783959,-0.085623,-1.988464,-0.085324,1.121352,-2.237975,-1.020599,3.252584,0.218107,-0.379736,0.124992,0.234632,0.009558,-0.234932,0.360633,-0.165213
5.526004,-1.034522,0.472686,1.238624,0.899890,-1.056419,1.147423,-0.292149,-0.629256,0.127977,0.250633,0.340621,-0.581083,0.784917,-0.085157,-1.988845,-0.085203,1.121581,-2.237965,-1.020837,3.252941,0.217940,-0.379303,0.123352,0.232330,0.009149,-0.235629,0.359043,-0.165944
5.527020,-1.039429,0.478367,1.242464,0.899844,-1.056973,1.148619,-0.291549,-0.622127,0.119130,0.257153,0.349057,-0.580218,0.786367,-0.084729,-1.989231,-0.085076,1.121817,-2.237956,-1.021070,3.253294,0.217775,-0.380407,0.124978,0.232912,0.009802,-0.233950,0.357727,-0.165081
5.527974,-1.038266,0.480598,1.245206,0.902138,-1.058496,1.155073,-0.292894,-0.608313,0.107857,0.270363,0.356700,-0.579659,0.788050,-0.084340,-1.989604,-0.084959,1.122044,-2.237944,-1.021302,3.253650,0.217608,-0.378094,0.122292,0.230931,0.010286,-0.233243,0.356535,-0.166173
5.529199,-1.038895,0.479038,1.246900,0.902421,-1.060682,1.157030,-0.292042,-0.590455,0.096503,0.287656,0.363017,-0.579325,0.789770,-0.083981,-1.989984,-0.084839,1.122270,-2.237939,-1.021529,3.253992,0.217449,-0.378506,0.121261,0.229374,0.008509,-0.231462,0.349980,-0.163316
5.530021,-1.039840,0.479045,1.245920,0.902851,-1.059626,1.155867,-0.291817,-0.568358,0.084948,0.309148,0.369046,-0.579105,0.791701,-0.083645,-1.990362,-0.084713,1.122496,-2.237928,-1.021752,3.254333,0.217282,-0.379270,0.122486,0.229072,0.008839,-0.229654,0.348603,-0.165047
5.531001,-1.038172,0.479090,1.250362,0.903330,-1.061199,1.155189,-0.292094,-0.542323,0.072208,0.334491,0.375244,-0.578969,0.793891,-0.083350,-1.990737,-0.084590,1.122728,-2.237919,-1.021982,3.254684,0.217118,-0.378032,0.122286,0.228951,0.008756,-0.230174,0.349410,-0.165265
5.532116,-1.043357,0.480405,1.256145,0.902423,-1.062170,1.155301,-0.291425,-0.513837,0.058586,0.362253,0.381084,-0.578940,0.796184,-0.083119,-1.991119,-0.084469,1.122952,-2.237911,-1.022209,3.255030,0.216956,-0.378793,0.122365,0.226619,0.008767,-0.228387,0.350066,-0.164576
5.533039,-1.038080,0.477552,1.255934,0.903760,-1.063039,1.156458,-0.290924,-0.482395,0.044209,0.393062,0.385542,-0.579175,0.798548,-0.082965,-1.991487,-0.084349,1.123169,-2.237898,-1.022433,3.255379,0.216791,-0.376853,0.122015,0.224060,0.010152,-0.227557,0.350202,-0.165867
5.534135,-1.040076,0.477763,1.266668,0.905463,-1.065220,1.155593,-0.290473,-0.447117,0.028655,0.427876,0.388078,-0.579788,0.801039,-0.082898,-1.991871,-0.084223,1.123395,-2.237892,-1.022660,3.255730,0.216624,-0.379153,0.123402,0.223925,0.009307,-0.226370,0.348865,-0.166687
5.535043,-1.037521,0.477051,1.265240,0.906544,-1.065435,1.159494,-0.291025,-0.405809,0.010093,0.468813,0.390019,-0.580725,0.803896,-0.082923,-1.992252,-0.084098,1.123606,-2.237886,-1.022884,3.256080,0.216455,-0.378571,0.123518,0.218875,0.008205,-0.224273,0.349957,-0.167497
5.536039,-1.039647,0.476773,1.268804,0.907917,-1.063750,1.160030,-0.290350,-0.356919,-0.012690,0.517320,0.392946,-0.581851,0.807284,-0.083039,-1.992628,-0.083971,1.123825,-2.237877,-1.023105,3.256422,0.216291,-0.379506,0.123783,0.219426,0.007552,-0.223793,0.345862,-0.166199
5.537003,-1.035625,0.475996,1.267132,0.905874,-1.063270,1.160050,-0.291493,-0.303303,-0.038465,0.570460,0.397699,-0.582913,0.811030,-0.083226,-1.993007,-0.083849,1.124039,-2.237873,-1.023337,3.256761,0.216124,-0.378427,0.124023,0.217678,0.006768,-0.225286,0.345421,-0.167437
5.538022,-1.038434,0.471055,1.269326,0.906512,-1.067543,1.159370,-0.290971,-0.248668,-0.065270,0.624550,0.403552,-0.583781,0.814757,-0.083442,-1.993387,-0.083724,1.124256,-2.237858,-1.023559,3.257106,0.215962,-0.380314,0.124439,0.218489,0.009170,-0.225582,0.345360,-0.164980
5.539024,-1.043302,0.473386,1.271674,0.906694,-1.069242,1.160097,-0.292045,-0.194968,-0.092067,0.677732,0.408577,-0.584569,0.818122,-0.083642,-1.993768,-0.083590,1.124472,-2.237850,-1.023771,3.257452,0.215793,-0.378974,0.126932,0.217473,0.009010,-0.221309,0.346110,-0.165927
5.540080,-1.045099,0.476366,1.276389,0.907538,-1.072522,1.162703,-0.292114,-0.144712,-0.117821,0.727508,0.411979,-0.585300,0.820918,-0.083795,-1.994146,-0.083469,1.124686,-2.237840,-1.023988,3.257796,0.215635,-0.376573,0.125851,0.216381,0.009309,-0.219586,0.345413,-0.163644
5.541076,-1.041641,0.479072,1.273876,0.906386,-1.074482,1.163950,-0.291485,-0.100449,-0.140292,0.771393,0.413619,-0.585931,0.823083,-0.083885,-1.994519,-0.083345,1.124896,-2.237833,-1.024197,3.258136,0.215476,-0.376048,0.124538,0.214297,0.009022,-0.216453,0.342969,-0.163453
5.542073,-1.044012,0.476371,1.276746,0.908337,-1.074398,1.166586,-0.292680,-0.062291,-0.157781,0.809439,0.412851,-0.586577,0.824722,-0.083920,-1.994902,-0.083224,1.125114,-2.237820,-1.024408,3.258479,0.215307,-0.377765,0.123314,0.215605,0.010580,-0.214506,0.341770,-0.164582
5.543090,-1.045266,0.474171,1.278205,0.910095,-1.074584,1.166356,-0.292547,-0.029235,-0.170617,0.842637,0.409945,-0.587325,0.826029,-0.083919,-1.995274,-0.083095,1.125323,-2.237815,-1.024619,3.258814,0.215153,-0.376647,0.124715,0.214272,0.009164,-0.214614,0.339206,-0.162070
5.544054,-1.047086,0.471669,1.276448,0.909871,-1.074909,1.166819,-0.292645,-0.000217,-0.181024,0.871768,0.407398,-0.588025,0.827265,-0.083902,-1.995651,-0.082967,1.125535,-2.237809,-1.024831,3.259155,0.214991,-0.376149,0.125881,0.213687,0.007983,-0.214463,0.339556,-0.162254
5.544998,-1.044488,0.475616,1.277292,0.910481,-1.076151,1.166199,-0.293357,0.024710,-0.190607,0.896581,0.407038,-0.588527,0.828472,-0.083887,-1.996026,-0.082838,1.125753,-2.237799,-1.025044,3.259488,0.214829,-0.375153,0.127109,0.214522,0.008650,-0.214053,0.339114,-0.161921
5.545963,-1.043668,0.479927,1.275702,0.911176,-1.077278,1.165324,-0.294833,0.044616,-0.198693,0.916255,0.408058,-0.588859,0.829438,-0.083865,-1.996399,-0.082715,1.125966,-2.237792,-1.025253,3.259831,0.214673,-0.376311,0.125108,0.214028,0.008532,-0.212723,0.339670,-0.160362
5.547001,-1.041144,0.480093,1.280297,0.910541,-1.076444,1.164018,-0.294721,0.059270,-0.203401,0.930793,0.408996,-0.589097,0.829998,-0.083805,-1.996776,-0.082596,1.126182,-2.237783,-1.025458,3.260177,0.214521,-0.376608,0.123051,0.214796,0.008272,-0.211589,0.340499,-0.157300
5.548060,-1.041045,0.479217,1.280673,0.912176,-1.076552,1.165414,-0.295866,0.070188,-0.204088,0.941877,0.408753,-0.589331,0.830143,-0.083683,-1.997153,-0.082472,1.126392,-2.237771,-1.025671,3.260518,0.214364,-0.378113,0.123135,0.212695,0.009369,-0.212523,0.341949,-0.157481
5.549031,-1.043351,0.476499,1.282074,0.911366,-1.079196,1.168441,-0.295012,0.080871,-0.202784,0.952987,0.407282,-0.589627,0.830067,-0.083493,-1.997531,-0.082347,1.126604,-2.237766,-1.025881,3.260856,0.214209,-0.378447,0.123752,0.212784,0.008341,-0.212558,0.340722,-0.155113
5.550074,-1.045324,0.476818,1.282284,0.912084,-1.081445,1.171400,-0.296897,0.092733,-0.201526,0.965342,0.405394,-0.589917,0.829923,-0.083230,-1.997910,-0.082220,1.126816,-2.237754,-1.026085,3.261185,0.214051,-0.377181,0.125121,0.212105,0.009548,-0.209906,0.337740,-0.156744
5.551244,-1.050706,0.476706,1.286059,0.913880,-1.084177,1.173430,-0.297119,0.104333,-0.200499,0.977322,0.403197,-0.590150,0.829696,-0.082890,-1.998281,-0.082094,1.127026,-2.237745,-1.026286,3.261513,0.213908,-0.376524,0.125087,0.212253,0.009321,-0.207865,0.335010,-0.152901
5.552062,-1.051830,0.475944,1.281036,0.914395,-1.085535,1.170156,-0.297867,0.114105,-0.199171,0.987247,0.401068,-0.590263,0.829398,-0.082474,-1.998654,-0.081969,1.127235,-2.237739,-1.026487,3.261847,0.213757,-0.374692,0.125489,0.210936,0.008197,-0.205609,0.333444,-0.152512
5.553075,-1.053755,0.477033,1.279471,0.913552,-1.086763,1.168219,-0.297832,0.119605,-0.196573,0.992642,0.399836,-0.590118,0.828947,-0.081998,-1.999030,-0.081845,1.127453,-2.237730,-1.026687,3.262188,0.213609,-0.373367,0.125671,0.213023,0.008051,-0.203994,0.336438,-0.150848
5.554012,-1.054575,0.476989,1.278098,0.913106,-1.088684,1.166227,-0.300146,0.117388,-0.190764,0.990209,0.398782,-0.589701,0.828007,-0.081473,-1.999400,-0.081719,1.127669,-2.237718,-1.026883,3.262535,0.213457,-0.372604,0.125206,0.213885,0.009332,-0.202962,0.338414,-0.150863
5.554963,-1.054947,0.472844,1.283321,0.914750,-1.089477,1.164941,-0.299713,0.106346,-0.180337,0.979045,0.396093,-0.589203,0.826314,-0.080912,-1.999772,-0.081595,1.127885,-2.237707,-1.027079,3.262878,0.213322,-0.372017,0.125229,0.214457,0.010164,-0.201056,0.340314,-0.146146
5.556070,-1.054231,0.476493,1.285871,0.915264,-1.089104,1.165863,-0.300708,0.090283,-0.167163,0.962974,0.391659,-0.588858,0.824070,-0.080356,-2.000138,-0.081464,1.128091,-2.237702,-1.027278,3.263220,0.213174,-0.371790,0.127239,0.211848,0.009027,-0.200301,0.341541,-0.146986
5.557002,-1.052453,0.473109,1.282434,0.914672,-1.089225,1.168587,-0.300635,0.075407,-0.154717,0.948166,0.386993,-0.588804,0.821796,-0.079865,-2.000514,-0.081340,1.128300,-2.237692,-1.027480,3.263561,0.213034,-0.372709,0.125643,0.211011,0.009067,-0.201026,0.340879,-0.144995
5.558088,-1.052586,0.476071,1.288137,0.914400,-1.088235,1.169124,-0.301066,0.064536,-0.144185,0.937516,0.382656,-0.589117,0.819794,-0.079473,-2.000890,-0.081210,1.128518,-2.237678,-1.027680,3.263887,0.212889,-0.373354,0.127275,0.212614,0.009965,-0.200870,0.338136,-0.145077
5.559079,-1.050371,0.475758,1.286121,0.912050,-1.085967,1.165666,-0.301800,0.057940,-0.135431,0.931368,0.378083,-0.589874,0.818149,-0.079186,-2.001260,-0.081085,1.128721,-2.237668,-1.027882,3.264225,0.212744,-0.373815,0.125981,0.210149,0.010776,-0.202158,0.337879,-0.144204
5.560008,-1.051123,0.476561,1.284720,0.913264,-1.084187,1.162841,-0.302661,0.056027,-0.127960,0.930240,0.371812,-0.591200,0.816829,-0.078990,-2.001638,-0.080959,1.128936,-2.237651,-1.028089,3.264575,0.212603,-0.374926,0.126201,0.211237,0.013423,-0.204481,0.341357,-0.142694
5.560967,-1.046968,0.478748,1.285710,0.912721,-1.084534,1.160008,-0.301593,0.056629,-0.120423,0.932033,0.362964,-0.593035,0.815616,-0.078855,-2.002010,-0.080836,1.129148,-2.237641,-1.028298,3.264923,0.212465,-0.374324,0.125783,0.211851,0.012570,-0.206134,0.344039,-0.140913
5.562083,-1.051667,0.480438,1.289266,0.912869,-1.084598,1.160598,-0.302195,0.057398,-0.111958,0.934342,0.352366,-0.595140,0.814389,-0.078766,-2.002393,-0.080713,1.129361,-2.237624,-1.028505,3.265277,0.212317,-0.376215,0.124720,0.211322,0.013401,-0.205734,0.346762,-0.143008
5.563076,-1.052502,0.481259,1.289498,0.916255,-1.085511,1.160738,-0.301902,0.058540,-0.102461,0.937303,0.340550,-0.597404,0.813176,-0.078717,-2.002767,-0.080591,1.129570,-2.237611,-1.028712,3.265623,0.212177,-0.374451,0.124181,0.209982,0.013703,-0.205970,0.346415,-0.141804
5.563986,-1.054141,0.476456,1.286333,0.914526,-1.083945,1.162461,-0.302780,0.059558,-0.092037,0.940216,0.328963,-0.599612,0.812016,-0.078703,-2.003140,-0.080466,1.129778,-2.237606,-1.028915,3.265971,0.212034,-0.374106,0.123840,0.210013,0.010869,-0.205126,0.346274,-0.142361
5.565055,-1.055008,0.475533,1.285918,0.914473,-1.084983,1.161249,-0.302333,0.058613,-0.081260,0.940966,0.319771,-0.601447,0.810919,-0.078711,-2.003514,-0.080336,1.129991,-2.237590,-1.029124,3.266313,0.211895,-0.372953,0.126137,0.211463,0.012888,-0.206556,0.344394,-0.140513
5.566006,-1.058190,0.475136,1.287105,0.916397,-1.084930,1.159055,-0.301801,0.054353,-0.070761,0.938132,0.312685,-0.602876,0.809752,-0.078726,-2.003892,-0.080206,1.130204,-2.237575,-1.029327,3.266658,0.211753,-0.372889,0.126718,0.211931,0.013312,-0.205739,0.345816,-0.141434
5.566998,-1.057331,0.477610,1.285909,0.915602,-1.084478,1.158304,-0.302718,0.046443,-0.060712,0.931385,0.307117,-0.603943,0.808385,-0.078773,-2.004258,-0.080079,1.130411,-2.237568,-1.029533,3.267010,0.211607,-0.371236,0.126881,0.211351,0.011855,-0.205754,0.347900,-0.142423
5.568100,-1.051555,0.477529,1.280936,0.916687,-1.083467,1.156324,-0.302101,0.034897,-0.050562,0.920763,0.303150,-0.604663,0.806775,-0.078873,-2.004631,-0.079958,1.130625,-2.237550,-1.029740,3.267357,0.211465,-0.371754,0.125741,0.212020,0.012954,-0.206246,0.348643,-0.140521
5.568971,-1.054154,0.475297,1.278633,0.915235,-1.084841,1.155014,-0.301123,0.020530,-0.039868,0.907226,0.300183,-0.605152,0.804977,-0.079026,-2.005007,-0.079830,1.130844,-2.237539,-1.029950,3.267712,0.211322,-0.375199,0.126007,0.214821,0.012348,-0.207511,0.350823,-0.141801
5.569962,-1.052948,0.472531,1.282351,0.915836,-1.083413,1.154646,-0.301051,0.004043,-0.028881,0.891537,0.297534,-0.605530,0.803058,-0.079243,-2.005376,-0.079700,1.131061,-2.237522,-1.030150,3.268068,0.211175,-0.373411,0.126945,0.215652,0.014026,-0.205956,0.351817,-0.143639
5.571069,-1.053864,0.472154,1.277079,0.916256,-1.080250,1.157143,-0.301331,-0.013549,-0.018556,0.874649,0.294645,-0.605936,0.801082,-0.079516,-2.005753,-0.079569,1.131275,-2.237507,-1.030362,3.268419,0.211027,-0.374045,0.128313,0.213817,0.013742,-0.207392,0.352157,-0.143699
5.571993,-1.048271,0.474270,1.273506,0.918321,-1.080324,1.156019,-0.300425,-0.030612,-0.010194,0.858127,0.292087,-0.606369,0.799231,-0.079806,-2.006123,-0.079440,1.131496,-2.237492,-1.030580,3.268764,0.210886,-0.374205,0.128691,0.216778,0.013718,-0.210746,0.349891,-0.143160
5.572974,-1.052708,0.474953,1.272693,0.916020,-1.080088,1.153478,-0.302041,-0.047840,-0.003471,0.841237,0.291329,-0.606589,0.797613,-0.080067,-2.006505,-0.079314,1.131719,-2.237480,-1.030790,3.269119,0.210740,-0.376674,0.127575,0.218322,0.012015,-0.210505,0.350857,-0.144901
5.574109,-1.056170,0.471907,1.273808,0.917455,-1.079076,1.152378,-0.301288,-0.067103,0.003544,0.822176,0.291968,-0.606520,0.796059,-0.080262,-2.006873,-0.079190,1.131935,-2.237462,-1.031000,3.269473,0.210603,-0.374477,0.127297,0.218723,0.014602,-0.210726,0.353349,-0.141594
5.575093,-1.055292,0.473339,1.260599,0.916456,-1.080377,1.149567,-0.302051,-0.089713,0.012074,0.799727,0.292391,-0.606251,0.794276,-0.080377,-2.007245,-0.079057,1.132155,-2.237450,-1.031214,3.269834,0.210458,-0.373482,0.129033,0.218523,0.013636,-0.212018,0.354658,-0.143172
5.575988,-1.054524,0.473280,1.260244,0.917084,-1.081581,1.150544,-0.300981,-0.118233,0.022882,0.771379,0.292285,-0.605700,0.791983,-0.080430,-2.007625,-0.078932,1.132393,-2.237434,-1.031422,3.270193,0.210319,-0.373875,0.128341,0.224931,0.014967,-0.210695,0.357398,-0.141584
5.577085,-1.056024,0.470812,1.257135,0.916406,-1.080972,1.151158,-0.301867,-0.155198,0.037306,0.734680,0.291577,-0.604786,0.788960,-0.080442,-2.007999,-0.078803,1.132618,-2.237419,-1.031625,3.270548,0.210172,-0.373871,0.128245,0.224716,0.014569,-0.209362,0.356129,-0.143649
5.578072,-1.058494,0.471458,1.256289,0.916532,-1.082438,1.154832,-0.301447,-0.198446,0.054595,0.691756,0.290267,-0.603596,0.785360,-0.080413,-2.008376,-0.078673,1.132850,-2.237402,-1.031836,3.270904,0.210033,-0.373613,0.129659,0.226407,0.015618,-0.210219,0.355691,-0.141867
5.578958,-1.055445,0.471166,1.250893,0.916596,-1.081982,1.154323,-0.301862,-0.244388,0.072925,0.646092,0.288687,-0.602242,0.781508,-0.080331,-2.008744,-0.078542,1.133079,-2.237385,-1.032045,3.271247,0.209893,-0.372463,0.129313,0.226672,0.015770,-0.208729,0.352000,-0.142697
5.580030,-1.053056,0.473121,1.247395,0.917629,-1.082638,1.155422,-0.302660,-0.291515,0.091861,0.599184,0.287055,-0.600793,0.777597,-0.080193,-2.009122,-0.078412,1.133311,-2.237368,-1.032254,3.271597,0.209751,-0.373529,0.129298,0.228955,0.015912,-0.208997,0.352316,-0.141754
5.581050,-1.052420,0.471263,1.250166,0.914014,-1.082020,1.156558,-0.302382,-0.338385,0.111117,0.552496,0.285951,-0.599286,0.773798,-0.080022,-2.009503,-0.078286,1.133547,-2.237355,-1.032462,3.271940,0.209612,-0.375061,0.128496,0.230711,0.015312,-0.208531,0.351397,-0.140165
5.582004,-1.046740,0.473235,1.243763,0.915204,-1.080599,1.154488,-0.303272,-0.381857,0.129673,0.509216,0.284659,-0.597957,0.770300,-0.079838,-2.009875,-0.078153,1.133771,-2.237329,-1.032671,3.272294,0.209472,-0.375571,0.129449,0.229292,0.019069,-0.209233,0.350280,-0.140724
5.583105,-1.047471,0.475773,1.241677,0.915172,-1.077705,1.154934,-0.301306,-0.418648,0.146441,0.472705,0.281621,-0.597113,0.767243,-0.079652,-2.010257,-0.078029,1.134010,-2.237315,-1.032886,3.272653,0.209335,-0.378209,0.128457,0.232194,0.018150,-0.210538,0.352231,-0.138880
5.584103,-1.047905,0.477651,1.244758,0.916658,-1.077265,1.158556,-0.302150,-0.449428,0.161893,0.442286,0.277356,-0.596646,0.764602,-0.079487,-2.010638,-0.077904,1.134250,-2.237297,-1.033103,3.273001,0.209183,-0.378286,0.127430,0.233253,0.018524,-0.213614,0.351989,-0.142850
5.584988,-1.050343,0.475529,1.243931,0.914381,-1.075469,1.160545,-0.302138,-0.475646,0.176787,0.416375,0.273502,-0.596285,0.762383,-0.079360,-2.011014,-0.077778,1.134476,-2.237283,-1.033318,3.273341,0.209045,-0.378124,0.126559,0.231613,0.017387,-0.213996,0.348391,-0.141083
5.586083,-1.055525,0.478030,1.243762,0.915591,-1.077004,1.160368,-0.302151,-0.496939,0.190764,0.395209,0.270459,-0.595997,0.760659,-0.079251,-2.011387,-0.077649,1.134709,-2.237259,-1.033537,3.273683,0.208902,-0.376455,0.127480,0.231592,0.019748,-0.215491,0.346226,-0.141025
5.587076,-1.057731,0.477041,1.240337,0.917839,-1.076115,1.160434,-0.301173,-0.515176,0.204327,0.376945,0.267501,-0.595817,0.759244,-0.079129,-2.011756,-0.077525,1.134939,-2.237243,-1.033751,3.274026,0.208763,-0.374452,0.126457,0.231818,0.018883,-0.214118,0.346674,-0.141026
5.587997,-1.060790,0.472222,1.238644,0.915068,-1.073721,1.162154,-0.303000,-0.534169,0.218597,0.357819,0.265414,-0.595561,0.757893,-0.078996,-2.012130,-0.077395,1.135176,-2.237229,-1.033967,3.274369,0.208616,-0.373410,0.126965,0.233323,0.016975,-0.214975,0.346625,-0.142940
5.589102,-1.065578,0.475332,1.234465,0.916981,-1.071786,1.162015,-0.302079,-0.555780,0.233196,0.335953,0.265237,-0.595083,0.756562,-0.078843,-2.012503,-0.077261,1.135412,-2.237204,-1.034187,3.274709,0.208483,-0.371608,0.129244,0.233764,0.019850,-0.217138,0.344785,-0.139189
5.589984,-1.062908,0.477211,1.238942,0.916739,-1.070509,1.160560,-0.303531,-0.581173,0.248014,0.310203,0.266243,-0.594419,0.755203,-0.078673,-2.012865,-0.077135,1.135650,-2.237190,-1.034409,3.275055,0.208339,-0.369928,0.127885,0.235940,0.018314,-0.219198,0.345191,-0.141101
5.591003,-1.060834,0.472836,1.235281,0.916396,-1.067484,1.158865,-0.302008,-0.609669,0.263513,0.281315,0.268020,-0.593633,0.753899,-0.078523,-2.013238,-0.077011,1.135880,-2.237169,-1.034631,3.275407,0.208208,-0.370843,0.126852,0.233225,0.018684,-0.220110,0.346398,-0.138092
5.592115,-1.065229,0.471940,1.237933,0.916476,-1.065124,1.160969,-0.302698,-0.636132,0.277814,0.254525,0.270304,-0.592962,0.752945,-0.078439,-2.013611,-0.076877,1.136115,-2.237149,-1.034860,3.275754,0.208060,-0.372085,0.129070,0.234981,0.019267,-0.223036,0.348161,-0.141148
5.593044,-1.068518,0.472096,1.242806,0.915558,-1.060095,1.160781,-0.302875,-0.656951,0.288435,0.233387,0.272938,-0.592584,0.752478,-0.078444,-2.013977,-0.076746,1.136346,-2.237127,-1.035096,3.276099,0.207925,-0.370545,0.129681,0.233783,0.019431,-0.225392,0.346288,-0.139779
5.594006,-1.064656,0.472488,1.245534,0.914331,-1.055637,1.160298,-0.303343,-0.671731,0.294938,0.218129,0.275809,-0.592505,0.752425,-0.078531,-2.014343,-0.076619,1.136574,-2.237104,-1.035335,3.276441,0.207787,-0.368764,0.129543,0.231064,0.020461,-0.230021,0.346396,-0.139376
5.594997,-1.063041,0.470698,1.242743,0.915297,-1.051743,1.159557,-0.302737,-0.678840,0.297442,0.210406,0.277924,-0.592801,0.752731,-0.078681,-2.014713,-0.076490,1.136797,-2.237080,-1.035579,3.276787,0.207655,-0.370693,0.129315,0.229582,0.021778,-0.234080,0.346825,-0.138420
5.596049,-1.060586,0.478641,1.246049,0.914681,-1.050890,1.159155,-0.303922,-0.676813,0.295549,0.211779,0.279128,-0.593443,0.753425,-0.078890,-2.015088,-0.076361,1.137029,-2.237059,-1.035825,3.277138,0.207514,-0.371517,0.130233,0.230833,0.020987,-0.237610,0.347545,-0.139615
5.597015,-1.064975,0.479598,1.249267,0.914649,-1.050552,1.158408,-0.303428,-0.666809,0.290238,0.221152,0.279899,-0.594262,0.754495,-0.079146,-2.015467,-0.076241,1.137256,-2.237036,-1.036069,3.277484,0.207385,-0.373024,0.126439,0.229211,0.021801,-0.238228,0.348082,-0.137254
5.597979,-1.067728,0.480639,1.256793,0.914191,-1.048929,1.159370,-0.304259,-0.631073,0.278492,0.256046,0.277255,-0.596310,0.757278,-0.079673,-2.016199,-0.075991,1.137698,-2.236990,-1.036547,3.278179,0.207108,-0.369463,0.125517,0.223624,0.022526,-0.239513,0.347738,-0.136509
5.598991,-1.060289,0.480676,1.254607,0.915126,-1.046550,1.161617,-0.304610,-0.631073,0.278492,0.256046,0.277255,-0.596310,0.757278,-0.079673,-2.016199,-0.075991,1.137698,-2.236990,-1.036547,3.278179,0.207108,-0.369463,0.125517,0.223624,0.022526,-0.239513,0.347738,-0.136509
5.600031,-1.063768,0.476166,1.256846,0.915325,-1.044648,1.159878,-0.303588,-0.605577,0.271862,0.281390,0.274189,-0.597510,0.759129,-0.079920,-2.016578,-0.075865,1.137927,-2.236970,-1.036793,3.278519,0.206977,-0.373318,0.125583,0.224696,0.021806,-0.241586,0.345565,-0.135828
5.600987,-1.067227,0.474969,1.262134,0.914530,-1.042261,1.159735,-0.303647,-0.573505,0.262096,0.313432,0.272073,-0.598704,0.761604,-0.080173,-2.016948,-0.075734,1.138147,-2.236947,-1.037043,3.278867,0.206833,-0.371846,0.127933,0.223669,0.021781,-0.243199,0.347441,-0.137877
5.601963,-1.063254,0.471661,1.262453,0.912824,-1.040617,1.159720,-0.304306,-0.536493,0.248380,0.350405,0.271684,-0.599808,0.764609,-0.080452,-2.017317,-0.075603,1.138364,-2.236922,-1.037295,3.279210,0.206695,-0.370059,0.128454,0.220928,0.022640,-0.245097,0.347516,-0.137696
5.603067,-1.054048,0.469366,1.261559,0.914577,-1.039095,1.158503,-0.304067,-0.495529,0.230849,0.391346,0.271955,-0.600939,0.767980,-0.080743,-2.017690,-0.075469,1.138581,-2.236895,-1.037543,3.279561,0.206560,-0.372070,0.130049,0.220778,0.024387,-0.246321,0.347475,-0.136345
5.604085,-1.058230,0.476032,1.269422,0.915135,-1.036152,1.157822,-0.303880,-0.448478,0.208293,0.438447,0.272608,-0.602229,0.771855,-0.081037,-2.018077,-0.075337,1.138805,-2.236874,-1.037795,3.279914,0.206423,-0.377110,0.131341,0.221466,0.022867,-0.247669,0.348908,-0.136881
5.604975,-1.056146,0.474305,1.271889,0.914684,-1.034921,1.158846,-0.304337,-0.394004,0.180629,0.492959,0.274715,-0.603603,0.776374,-0.081340,-2.018444,-0.075213,1.139011,-2.236850,-1.038051,3.280262,0.206285,-0.375211,0.128082,0.217701,0.022473,-0.250228,0.349637,-0.137244
5.605973,-1.056428,0.472794,1.272067,0.913437,-1.033686,1.164089,-0.303787,-0.334331,0.150726,0.552616,0.278144,-0.604976,0.781322,-0.081649,-2.018822,-0.075081,1.139226,-2.236825,-1.038303,3.280610,0.206150,-0.375812,0.128813,0.216268,0.022955,-0.250810,0.348374,-0.136252
5.607098,-1.058576,0.465467,1.276500,0.911143,-1.034945,1.164540,-0.304238,-0.272147,0.120421,0.614729,0.281851,-0.606388,0.786443,-0.081964,-2.019200,-0.074953,1.139443,-2.236798,-1.038559,3.280942,0.206010,-0.375685,0.129604,0.216235,0.024249,-0.251607,0.343201,-0.137346
5.608106,-1.059403,0.469408,1.276157,0.912739,-1.033542,1.163679,-0.304115,-0.208739,0.089237,0.677991,0.284705,-0.607960,0.791609,-0.082298,-2.019573,-0.074810,1.139651,-2.236766,-1.038803,3.281283,0.205875,-0.375283,0.133353,0.214475,0.026575,-0.250274,0.343117,-0.136481
5.609044,-1.059275,0.468801,1.279797,0.913105,-1.034366,1.160370,-0.304022,-0.145775,0.057159,0.740744,0.286232,-0.609685,0.796658,-0.082643,-2.019951,-0.074684,1.139867,-2.236744,-1.039056,3.281629,0.205739,-0.374950,0.131406,0.214743,0.025116,-0.251305,0.344028,-0.136729
5.610093,-1.064929,0.467904,1.283577,0.912364,-1.036141,1.159878,-0.303578,-0.086079,0.025953,0.800219,0.287353,-0.611290,0.801430,-0.082983,-2.020322,-0.074553,1.140075,-2.236721,-1.039307,3.281983,0.205599,-0.374844,0.131638,0.212888,0.024847,-0.249937,0.347210,-0.136852
5.611023,-1.061329,0.468245,1.278875,0.913676,-1.037160,1.159381,-0.302497,-0.031382,-0.003028,0.854738,0.288383,-0.612634,0.805804,-0.083320,-2.020695,-0.074423,1.140281,-2.236693,-1.039548,3.282329,0.205459,-0.372321,0.132182,0.211307,0.025672,-0.247975,0.347800,-0.137751
5.612008,-1.058052,0.469944,1.278025,0.913938,-1.034987,1.158424,-0.303423,0.016749,-0.029086,0.902766,0.289226,-0.613697,0.809690,-0.083673,-2.021076,-0.074293,1.140498,-2.236671,-1.039794,3.282678,0.205316,-0.373852,0.131919,0.213554,0.024461,-0.246475,0.348162,-0.139845
5.613061,-1.064387,0.466505,1.285950,0.912451,-1.033360,1.161713,-0.302138,0.057181,-0.051594,0.943152,0.290746,-0.614387,0.813101,-0.084036,-2.021452,-0.074162,1.140711,-2.236646,-1.040044,3.283031,0.205183,-0.375484,0.131043,0.214011,0.024284,-0.248277,0.349076,-0.137947
5.614064,-1.062087,0.464769,1.283648,0.913251,-1.032489,1.161352,-0.302006,0.091693,-0.071244,0.977604,0.293084,-0.614771,0.816171,-0.084379,-2.021821,-0.074026,1.140914,-2.236617,-1.040293,3.283376,0.205034,-0.372664,0.132822,0.210358,0.025840,-0.249642,0.345885,-0.140525
5.615007,-1.058060,0.465496,1.286049,0.913339,-1.032644,1.160362,-0.301025,0.122658,-0.089678,1.008421,0.295874,-0.614992,0.819051,-0.084707,-2.022199,-0.073891,1.141130,-2.236593,-1.040549,3.283718,0.204894,-0.373895,0.133635,0.211612,0.025147,-0.250077,0.346336,-0.140741
5.615980,-1.057163,0.464680,1.287345,0.911307,-1.031551,1.158194,-0.301763,0.151748,-0.108137,1.037283,0.299479,-0.615108,0.821879,-0.085040,-2.022574,-0.073759,1.141336,-2.236568,-1.040795,3.284068,0.204747,-0.375741,0.133163,0.210418,0.025110,-0.249449,0.347218,-0.142635
5.617000,-1.055743,0.463452,1.292984,0.912085,-1.033535,1.155411,-0.299840,0.180702,-0.126884,1.066033,0.303166,-0.615280,0.824728,-0.085374,-2.022950,-0.073627,1.141546,-2.236536,-1.041048,3.284426,0.204611,-0.376111,0.133529,0.209818,0.027081,-0.250094,0.349293,-0.141098
5.618038,-1.054651,0.467104,1.290758,0.911023,-1.032643,1.153617,-0.299792,0.211120,-0.146170,1.096347,0.305584,-0.615707,0.827635,-0.085698,-2.023325,-0.073489,1.141746,-2.236512,-1.041291,3.284778,0.204458,-0.376987,0.134104,0.207287,0.026396,-0.247821,0.352116,-0.144927
5.619091,-1.058628,0.471732,1.293081,0.912313,-1.032092,1.152849,-0.299498,0.242825,-0.165562,1.128062,0.306403,-0.616395,0.830596,-0.085995,-2.023704,-0.073360,1.141956,-2.236482,-1.041538,3.285139,0.204311,-0.377743,0.132346,0.208658,0.027499,-0.248475,0.353914,-0.144950
5.620100,-1.056720,0.465849,1.293960,0.913764,-1.030823,1.156332,-0.299389,0.271594,-0.182064,1.156979,0.305731,-0.617119,0.833377,-0.086230,-2.024081,-0.073236,1.142163,-2.236458,-1.041789,3.285493,0.204161,-0.376019,0.130194,0.207778,0.026346,-0.248741,0.354762,-0.145503
5.620982,-1.056312,0.465926,1.292751,0.912359,-1.030876,1.154067,-0.296752,0.294805,-0.194751,1.180370,0.305335,-0.617557,0.835960,-0.086393,-2.024456,-0.073096,1.142372,-2.236434,-1.042038,3.285841,0.204018,-0.377120,0.133105,0.207509,0.025022,-0.249667,0.351266,-0.145683
5.622088,-1.062448,0.468968,1.297154,0.913531,-1.031134,1.149413,-0.297132,0.314034,-0.206042,1.199663,0.306939,-0.617572,0.838583,-0.086507,-2.024837,-0.072964,1.142580,-2.236406,-1.042289,3.286202,0.203854,-0.376764,0.132842,0.207956,0.026396,-0.248962,0.353275,-0.150821
5.623070,-1.065479,0.472413,1.298647,0.914176,-1.031462,1.148201,-0.296653,0.328531,-0.215563,1.214144,0.309663,-0.617200,0.841034,-0.086571,-2.025211,-0.072834,1.142781,-2.236383,-1.042535,3.286568,0.203705,-0.374253,0.131498,0.206251,0.025416,-0.248601,0.358087,-0.149997
5.623974,-1.061318,0.472273,1.298292,0.913088,-1.030465,1.145790,-0.296170,0.335611,-0.220771,1.221209,0.312595,-0.616393,0.842927,-0.086560,-2.025580,-0.072706,1.142985,-2.236360,-1.042780,3.286931,0.203551,-0.372809,0.129784,0.205655,0.024899,-0.247902,0.359142,-0.150877
5.625005,-1.059256,0.470782,1.298800,0.913297,-1.033496,1.144464,-0.295771,0.335571,-0.221079,1.221239,0.315314,-0.615194,0.844197,-0.086469,-2.025958,-0.072578,1.143193,-2.236332,-1.043031,3.287295,0.203399,-0.374521,0.129757,0.205748,0.025972,-0.248320,0.361285,-0.151717
5.626013,-1.060442,0.468937,1.302176,0.913968,-1.034865,1.142457,-0.294346,0.332282,-0.218611,1.218170,0.317149,-0.613871,0.845038,-0.086325,-2.026333,-0.072444,1.143397,-2.236309,-1.043266,3.287664,0.203245,-0.375771,0.130528,0.205768,0.025915,-0.245088,0.362556,-0.152446
5.627045,-1.060093,0.467875,1.300411,0.913395,-1.035938,1.146166,-0.294481,0.329706,-0.216345,1.215865,0.318391,-0.612642,0.845696,-0.086158,-2.026707,-0.072311,1.143598,-2.236285,-1.043508,3.288032,0.203087,-0.375285,0.131447,0.204323,0.025367,-0.243455,0.364475,-0.155221
5.628096,-1.060934,0.468452,1.297642,0.915222,-1.037558,1.145879,-0.293903,0.329045,-0.215818,1.215393,0.319740,-0.611568,0.846306,-0.085983,-2.027076,-0.072179,1.143804,-2.236258,-1.043749,3.288387,0.202934,-0.375752,0.132012,0.205481,0.026028,-0.242169,0.360753,-0.154858
5.628988,-1.061674,0.469089,1.300953,0.914151,-1.037454,1.142596,-0.293910,0.328377,-0.216539,1.214757,0.321844,-0.610543,0.846865,-0.085790,-2.027451,-0.072044,1.144015,-2.236238,-1.043980,3.288749,0.202777,-0.375638,0.131757,0.207124,0.024419,-0.240469,0.361113,-0.155957
5.629996,-1.064257,0.466783,1.301658,0.916008,-1.039904,1.143845,-0.293564,0.325424,-0.217177,1.211655,0.324874,-0.609421,0.847256,-0.085560,-2.027824,-0.071913,1.144215,-2.236212,-1.044217,3.289113,0.202621,-0.374862,0.131268,0.205393,0.025507,-0.240105,0.364114,-0.155784
5.631081,-1.063224,0.472859,1.300363,0.917103,-1.041485,1.142763,-0.293946,0.320168,-0.217508,1.206087,0.328529,-0.608171,0.847444,-0.085294,-2.028194,-0.071778,1.144418,-2.236189,-1.044447,3.289478,0.202466,-0.373740,0.132420,0.205289,0.023777,-0.237477,0.362753,-0.156402
5.632011,-1.064513,0.470296,1.302763,0.915635,-1.044920,1.143979,-0.292922,0.312501,-0.217423,1.197963,0.333287,-0.606690,0.847492,-0.085013,-2.028572,-0.071656,1.144627,-2.236168,-1.044676,3.289847,0.202310,-0.374704,0.129585,0.206307,0.022944,-0.235915,0.363926,-0.155574
5.633097,-1.070662,0.472399,1.303991,0.919721,-1.046470,1.147522,-0.294482,0.302186,-0.216139,1.187145,0.338587,-0.604994,0.847384,-0.084737,-2.028950,-0.071522,1.144830,-2.236138,-1.044905,3.290203,0.202148,-0.373762,0.130769,0.205111,0.024373,-0.232149,0.362501,-0.157496
5.634093,-1.070704,0.473564,1.301817,0.918239,-1.047272,1.148046,-0.293731,0.289385,-0.213775,1.173802,0.344175,-0.603117,0.847161,-0.084459,-2.029313,-0.071393,1.145031,-2.236125,-1.045128,3.290559,0.201998,-0.371292,0.129862,0.204964,0.020681,-0.230692,0.359084,-0.154307
5.635086,-1.070061,0.470146,1.298012,0.919197,-1.050197,1.149181,-0.293394,0.272597,-0.210109,1.156385,0.351136,-0.600883,0.846852,-0.084154,-2.029689,-0.071266,1.145241,-2.236099,-1.045356,3.290918,0.201838,-0.371341,0.129328,0.206186,0.022294,-0.229733,0.358528,-0.155744
5.635994,-1.071852,0.467130,1.295314,0.918680,-1.052742,1.149417,-0.293473,0.250865,-0.204913,1.134053,0.358958,-0.598296,0.846340,-0.083821,-2.030059,-0.071131,1.145450,-2.236079,-1.045577,3.291269,0.201682,-0.371760,0.131008,0.208219,0.021524,-0.226686,0.357366,-0.156313
5.637064,-1.069767,0.466281,1.296037,0.920189,-1.054937,1.151307,-0.294715,0.224699,-0.199337,1.107380,0.366884,-0.595488,0.845532,-0.083471,-2.030429,-0.070998,1.145665,-2.236056,-1.045794,3.291627,0.201527,-0.370565,0.132341,0.209380,0.022120,-0.223896,0.356898,-0.156009
5.638044,-1.066526,0.464392,1.294103,0.919881,-1.058199,1.150408,-0.294791,0.195882,-0.194888,1.078113,0.375028,-0.592564,0.844523,-0.083094,-2.030808,-0.070866,1.145877,-2.236038,-1.046014,3.291977,0.201379,-0.371985,0.132870,0.209284,0.020907,-0.221780,0.355142,-0.153482
5.639034,-1.067877,0.465084,1.290502,0.919438,-1.059368,1.151478,-0.296203,0.168261,-0.193199,1.050079,0.383455,-0.589713,0.843586,-0.082698,-2.031179,-0.070731,1.146091,-2.236014,-1.046222,3.292332,0.201227,-0.373638,0.133741,0.210297,0.021346,-0.218516,0.355998,-0.153269
5.640061,-1.065179,0.464979,1.289327,0.918905,-1.057902,1.154065,-0.296016,0.142975,-0.194115,1.024457,0.391400,-0.587113,0.842737,-0.082318,-2.031551,-0.070600,1.146306,-2.235991,-1.046436,3.292686,0.201082,-0.373001,0.133373,0.212139,0.021917,-0.217326,0.354866,-0.150364
5.641015,-1.064907,0.461670,1.287260,0.919787,-1.059780,1.156625,-0.297543,0.118244,-0.195796,0.999528,0.397793,-0.584832,0.841788,-0.081974,-2.031923,-0.070467,1.146525,-2.235967,-1.046654,3.293030,0.200931,-0.374611,0.133457,0.212810,0.022599,-0.218823,0.352358,-0.150712
5.642025,-1.061671,0.465001,1.284250,0.920125,-1.059672,1.157099,-0.297590,0.094300,-0.198069,0.975500,0.402856,-0.582845,0.840795,-0.081667,-2.032298,-0.070328,1.146740,-2.235947,-1.046868,3.293374,0.200791,-0.374594,0.134962,0.213787,0.021892,-0.216796,0.349741,-0.147574
5.643145,-1.063396,0.468732,1.279536,0.920963,-1.059754,1.157767,-0.298148,0.071648,-0.201160,0.952804,0.407478,-0.581058,0.839854,-0.081403,-2.032679,-0.070199,1.146960,-2.235925,-1.047085,3.293715,0.200644,-0.376277,0.133304,0.215333,0.021745,-0.216889,0.349365,-0.147459
5.644008,-1.064923,0.466712,1.278967,0.920130,-1.059303,1.158714,-0.299301,0.047879,-0.202839,0.929062,0.411845,-0.579315,0.838796,-0.081190,-2.033055,-0.070069,1.147182,-2.235905,-1.047302,3.294064,0.200498,-0.376012,0.131651,0.217989,0.021203,-0.217021,0.348958,-0.146344
5.645010,-1.068214,0.468951,1.278266,0.920143,-1.057167,1.157655,-0.299331,0.019933,-0.200764,0.901268,0.415596,-0.577498,0.837394,-0.081024,-2.033428,-0.069936,1.147404,-2.235881,-1.047518,3.294416,0.200358,-0.374705,0.132445,0.217868,0.022073,-0.217145,0.347702,-0.143926
5.646027,-1.070035,0.466032,1.272534,0.921656,-1.056822,1.158545,-0.298878,-0.013036,-0.194487,0.868597,0.418210,-0.575588,0.835567,-0.080901,-2.033805,-0.069808,1.147626,-2.235860,-1.047741,3.294761,0.200212,-0.373127,0.131352,0.218208,0.022232,-0.219192,0.348820,-0.143838
5.647031,-1.065859,0.463691,1.268587,0.921521,-1.055434,1.159782,-0.299053,-0.095111,-0.171351,0.787474,0.423017,-0.571052,0.830669,-0.080833,-2.034560,-0.069537,1.148081,-2.235815,-1.048186,3.295459,0.199925,-0.374523,0.133947,0.222957,0.021194,-0.220761,0.346731,-0.144321
5.648020,-1.068747,0.468939,1.267113,0.921014,-1.055962,1.161963,-0.301575,-0.095111,-0.171351,0.787474,0.423017,-0.571052,0.830669,-0.080833,-2.034560,-0.069537,1.148081,-2.235815,-1.048186,3.295459,0.199925,-0.374523,0.133947,0.222957,0.021194,-0.220761,0.346731,-0.144321
5.649068,-1.067351,0.463785,1.262210,0.921201,-1.057439,1.162367,-0.300023,-0.140967,-0.157107,0.742209,0.426580,-0.568449,0.827901,-0.080874,-2.034925,-0.069410,1.148304,-2.235792,-1.048402,3.295796,0.199798,-0.373188,0.131322,0.223621,0.021841,-0.220154,0.344598,-0.139245
5.650092,-1.067928,0.459487,1.263396,0.920515,-1.057404,1.159062,-0.299886,-0.188077,-0.140986,0.695773,0.429643,-0.565881,0.825019,-0.080935,-2.035303,-0.069271,1.148538,-2.235769,-1.048618,3.296137,0.199647,-0.374170,0.133936,0.226049,0.021832,-0.218734,0.344364,-0.142386
5.651068,-1.061655,0.461741,1.261402,0.918704,-1.055749,1.159346,-0.300674,-0.234017,-0.124968,0.650463,0.432004,-0.563519,0.822146,-0.081033,-2.035677,-0.069133,1.148766,-2.235744,-1.048839,3.296485,0.199506,-0.374060,0.136033,0.225408,0.022633,-0.218749,0.347772,-0.142612
5.652101,-1.067911,0.461991,1.258202,0.921640,-1.055280,1.158861,-0.300875,-0.274380,-0.111498,0.610687,0.432918,-0.561621,0.819472,-0.081155,-2.036055,-0.068999,1.148994,-2.235716,-1.049062,3.296838,0.199368,-0.377167,0.134814,0.226267,0.024459,-0.220266,0.347382,-0.140986
5.653117,-1.065509,0.467825,1.258848,0.920586,-1.053946,1.158613,-0.299943,-0.308986,-0.099696,0.576698,0.432250,-0.560174,0.817034,-0.081272,-2.036424,-0.068866,1.149225,-2.235700,-1.049282,3.297191,0.199229,-0.374269,0.134729,0.227829,0.021822,-0.220710,0.347929,-0.140590
5.654079,-1.069693,0.462619,1.256967,0.920029,-1.054008,1.158542,-0.300839,-0.341581,-0.086890,0.544751,0.431244,-0.558859,0.814707,-0.081379,-2.036798,-0.068738,1.149450,-2.235673,-1.049506,3.297539,0.199085,-0.375677,0.131847,0.227474,0.022981,-0.221966,0.348226,-0.142440
5.655066,-1.067057,0.461638,1.251349,0.918983,-1.052700,1.162619,-0.300690,-0.373559,-0.071833,0.513533,0.429665,-0.557601,0.812365,-0.081472,-2.037169,-0.068597,1.149682,-2.235650,-1.049728,3.297887,0.198949,-0.373498,0.134328,0.228182,0.023640,-0.221711,0.348225,-0.140582
5.655994,-1.076378,0.462182,1.249764,0.918440,-1.050197,1.161336,-0.301051,-0.438197,-0.037165,0.450852,0.423352,-0.555236,0.807327,-0.081575,-2.037909,-0.068329,1.150150,-2.235597,-1.050188,3.298569,0.198670,-0.370004,0.134324,0.231231,0.025299,-0.225019,0.345373,-0.140072
5.657077,-1.073451,0.463106,1.245020,0.917736,-1.049344,1.160133,-0.301209,-0.438197,-0.037165,0.450852,0.423352,-0.555236,0.807327,-0.081575,-2.037909,-0.068329,1.150150,-2.235597,-1.050188,3.298569,0.198670,-0.370004,0.134324,0.231231,0.025299,-0.225019,0.345373,-0.140072
5.658037,-1.074962,0.461719,1.245059,0.919710,-1.049997,1.160881,-0.301212,-0.476467,-0.015434,0.413735,0.418515,-0.553847,0.804179,-0.081584,-2.038286,-0.068197,1.150389,-2.235569,-1.050417,3.298919,0.198529,-0.371967,0.133986,0.233620,0.026095,-0.225867,0.346759,-0.139771
5.658978,-1.076542,0.466365,1.245792,0.916320,-1.047737,1.161263,-0.301528,-0.518194,0.008921,0.373235,0.413283,-0.552239,0.800610,-0.081569,-2.038656,-0.068061,1.150624,-2.235548,-1.050641,3.299260,0.198391,-0.371139,0.134577,0.233291,0.024247,-0.224996,0.345957,-0.139731
5.660019,-1.078250,0.462216,1.242796,0.918237,-1.050457,1.162316,-0.300951,-0.559760,0.034410,0.332913,0.407943,-0.550560,0.796894,-0.081529,-2.039026,-0.067933,1.150853,-2.235515,-1.050869,3.299605,0.198250,-0.370219,0.132169,0.232664,0.027551,-0.226998,0.345490,-0.139026
5.661117,-1.080403,0.464911,1.244837,0.917223,-1.049985,1.163800,-0.301765,-0.599753,0.060833,0.294169,0.401598,-0.549013,0.793090,-0.081462,-2.039398,-0.067796,1.151093,-2.235493,-1.051089,3.299947,0.198107,-0.369663,0.134288,0.234062,0.025789,-0.224244,0.344566,-0.140182
5.662016,-1.073931,0.463312,1.244669,0.917832,-1.048508,1.167124,-0.301559,-0.637073,0.086932,0.258035,0.394815,-0.547622,0.789325,-0.081393,-2.039763,-0.067664,1.151324,-2.235462,-1.051314,3.300289,0.197972,-0.369231,0.133055,0.233151,0.026859,-0.224832,0.343333,-0.138569
5.663020,-1.079500,0.462372,1.244854,0.917720,-1.048931,1.167892,-0.301202,-0.668294,0.110554,0.227906,0.388453,-0.546406,0.785935,-0.081343,-2.040142,-0.067528,1.151556,-2.235436,-1.051541,3.300623,0.197831,-0.372073,0.133664,0.232838,0.026237,-0.225953,0.339875,-0.138917
5.664009,-1.078965,0.461562,1.249205,0.918444,-1.049851,1.164952,-0.300859,-0.690644,0.130047,0.206482,0.382989,-0.545372,0.783201,-0.081326,-2.040507,-0.067394,1.151790,-2.235410,-1.051767,3.300957,0.197686,-0.369437,0.134106,0.232588,0.026437,-0.225384,0.339240,-0.139588
5.664951,-1.076493,0.460787,1.244978,0.915164,-1.048479,1.165010,-0.300711,-0.704580,0.145065,0.193204,0.378728,-0.544451,0.781077,-0.081357,-2.040873,-0.067259,1.152016,-2.235387,-1.051986,3.301304,0.197546,-0.369877,0.134452,0.230301,0.025823,-0.224370,0.342213,-0.140242
5.666100,-1.083896,0.463530,1.250635,0.915882,-1.049526,1.166345,-0.301188,-0.710614,0.155970,0.187692,0.374417,-0.543753,0.779358,-0.081437,-2.041249,-0.067125,1.152255,-2.235353,-1.052215,3.301650,0.197406,-0.370915,0.134718,0.232070,0.028986,-0.225472,0.342027,-0.140477
5.667047,-1.083952,0.463815,1.250282,0.917575,-1.049065,1.166440,-0.300404,-0.710516,0.164273,0.188374,0.368280,-0.543401,0.777802,-0.081543,-2.041608,-0.066993,1.152480,-2.235325,-1.052435,3.301986,0.197270,-0.368125,0.133562,0.229549,0.028355,-0.224649,0.341082,-0.139575
5.667971,-1.082860,0.462502,1.252579,0.916509,-1.048486,1.168035,-0.300172,-0.707078,0.171626,0.192434,0.361066,-0.543225,0.776306,-0.081667,-2.041981,-0.066860,1.152710,-2.235301,-1.052662,3.302327,0.197123,-0.367981,0.133319,0.229486,0.026748,-0.224853,0.340941,-0.141084
5.669118,-1.080535,0.459929,1.253524,0.914921,-1.048073,1.173328,-0.300158,-0.700359,0.177660,0.199713,0.354621,-0.543066,0.774998,-0.081817,-2.042351,-0.066725,1.152940,-2.235270,-1.052893,3.302659,0.196982,-0.368317,0.133825,0.228011,0.027742,-0.225091,0.339277,-0.141465
5.670000,-1.083041,0.457111,1.252475,0.913847,-1.048186,1.173007,-0.299495,-0.687576,0.180581,0.213016,0.348719,-0.543108,0.774110,-0.081990,-2.042724,-0.066585,1.153165,-2.235237,-1.053116,3.302988,0.196842,-0.370267,0.135247,0.227883,0.029346,-0.225704,0.334387,-0.141542
5.670965,-1.084734,0.454727,1.251843,0.915307,-1.049229,1.173481,-0.298841,-0.667671,0.179380,0.233423,0.342340,-0.543553,0.773754,-0.082183,-2.043089,-0.066450,1.153395,-2.235206,-1.053344,3.303323,0.196694,-0.368631,0.136431,0.227995,0.030281,-0.225179,0.334604,-0.142755
5.672044,-1.083976,0.459105,1.253155,0.913574,-1.047743,1.171426,-0.298788,-0.643894,0.174872,0.257607,0.335899,-0.544295,0.773804,-0.082412,-2.043449,-0.066310,1.153624,-2.235179,-1.053564,3.303651,0.196548,-0.367894,0.137464,0.228107,0.028813,-0.223976,0.334187,-0.143995
5.673019,-1.079869,0.455278,1.255242,0.913583,-1.045066,1.171126,-0.298489,-0.619288,0.168785,0.282530,0.329956,-0.545210,0.774119,-0.082680,-2.043821,-0.066176,1.153851,-2.235145,-1.053790,3.303994,0.196402,-0.368755,0.135338,0.227581,0.030518,-0.225521,0.336473,-0.144078
5.673957,-1.080252,0.454140,1.256644,0.911537,-1.043257,1.169551,-0.300336,-0.592846,0.161735,0.309349,0.323875,-0.546411,0.774728,-0.082971,-2.044199,-0.066037,1.154075,-2.235115,-1.054023,3.304332,0.196254,-0.370745,0.137160,0.226423,0.030451,-0.227951,0.336780,-0.144607
5.675094,-1.079851,0.453973,1.260930,0.910953,-1.039685,1.168953,-0.300343,-0.561904,0.152503,0.340751,0.317218,-0.548047,0.775753,-0.083273,-2.044567,-0.065898,1.154298,-2.235080,-1.054254,3.304672,0.196122,-0.370402,0.137527,0.225525,0.032344,-0.229431,0.338297,-0.140843
5.676103,-1.080040,0.452499,1.267191,0.910474,-1.037633,1.172491,-0.301024,-0.525760,0.140638,0.377373,0.309646,-0.550174,0.777152,-0.083568,-2.044941,-0.065762,1.154519,-2.235046,-1.054495,3.305015,0.195978,-0.371335,0.137765,0.223726,0.032883,-0.233027,0.339219,-0.140897
5.676972,-1.077157,0.449662,1.264375,0.910996,-1.033737,1.172841,-0.300833,-0.483561,0.125952,0.419993,0.301367,-0.552750,0.778939,-0.083849,-2.045317,-0.065620,1.154734,-2.235013,-1.054737,3.305345,0.195838,-0.371339,0.138398,0.220680,0.033282,-0.234778,0.335783,-0.139498
5.678106,-1.078294,0.452462,1.266612,0.910200,-1.031681,1.172952,-0.301097,-0.435062,0.107892,0.468767,0.293845,-0.555545,0.781218,-0.084114,-2.045689,-0.065477,1.154953,-2.234985,-1.054981,3.305677,0.195698,-0.372299,0.139474,0.221793,0.032665,-0.238096,0.335295,-0.139801
5.679087,-1.076297,0.455158,1.267739,0.909361,-1.031788,1.171384,-0.301898,-0.383536,0.087817,0.520411,0.288082,-0.558226,0.783809,-0.084357,-2.046067,-0.065341,1.155172,-2.234951,-1.055227,3.306009,0.195561,-0.372374,0.138206,0.221027,0.033447,-0.240087,0.335584,-0.139320
5.680001,-1.075299,0.452190,1.272318,0.908469,-1.031596,1.172469,-0.302065,-0.332453,0.068480,0.571580,0.283196,-0.560665,0.786382,-0.084551,-2.046440,-0.065208,1.155390,-2.234914,-1.055466,3.306348,0.195425,-0.373384,0.136812,0.220444,0.034087,-0.239646,0.337190,-0.137685
5.681048,-1.073293,0.454158,1.272666,0.908507,-1.032552,1.170577,-0.302599,-0.230639,0.033761,0.673828,0.272211,-0.565192,0.791361,-0.084730,-2.047196,-0.064932,1.155822,-2.234841,-1.055947,3.307030,0.195152,-0.374795,0.137091,0.217995,0.034557,-0.238235,0.338028,-0.136239
5.682057,-1.070963,0.452627,1.273883,0.908440,-1.033205,1.171253,-0.302452,-0.230639,0.033761,0.673828,0.272211,-0.565192,0.791361,-0.084730,-2.047196,-0.064932,1.155822,-2.234841,-1.055947,3.307030,0.195152,-0.374795,0.137091,0.217995,0.034557,-0.238235,0.338028,-0.136239
5.683034,-1.075173,0.450984,1.274745,0.909173,-1.029534,1.171273,-0.303740,-0.178604,0.017060,0.726226,0.266447,-0.567383,0.793962,-0.084744,-2.047572,-0.064794,1.156034,-2.234806,-1.056182,3.307370,0.195017,-0.376070,0.137821,0.217506,0.034487,-0.237373,0.337408,-0.136546
5.684069,-1.078068,0.449234,1.277082,0.908556,-1.030595,1.172414,-0.303306,-0.127665,0.000748,0.777501,0.261772,-0.569400,0.796639,-0.084736,-2.047943,-0.064655,1.156251,-2.234774,-1.056427,3.307710,0.194889,-0.373941,0.138511,0.217064,0.033665,-0.240715,0.337406,-0.133949
5.685032,-1.076019,0.449502,1.277412,0.908400,-1.027918,1.170086,-0.305187,-0.080908,-0.014664,0.824424,0.259193,-0.571080,0.799285,-0.084731,-2.048309,-0.064511,1.156462,-2.234739,-1.056662,3.308041,0.194754,-0.372847,0.139291,0.216089,0.034159,-0.239452,0.336444,-0.134863
5.685976,-1.070389,0.446912,1.272308,0.905725,-1.027058,1.165524,-0.305009,-0.039707,-0.028674,0.865669,0.258442,-0.572460,0.801811,-0.084747,-2.048687,-0.064373,1.156679,-2.234705,-1.056909,3.308384,0.194630,-0.373766,0.139005,0.215876,0.034165,-0.241740,0.338771,-0.131072
5.687095,-1.070473,0.444760,1.283251,0.907073,-1.025222,1.165790,-0.304760,-0.003470,-0.041221,0.901994,0.258120,-0.573743,0.804098,-0.084783,-2.049070,-0.064230,1.156902,-2.234663,-1.057156,3.308730,0.194498,-0.376318,0.140093,0.218271,0.036536,-0.242115,0.343262,-0.131443
5.688083,-1.074439,0.446852,1.281239,0.906842,-1.022013,1.165919,-0.304806,0.031031,-0.053875,0.936657,0.257353,-0.575129,0.806171,-0.084852,-2.049444,-0.064086,1.157106,-2.234633,-1.057400,3.309078,0.194366,-0.376883,0.141206,0.213244,0.035205,-0.243904,0.343215,-0.132009
5.688978,-1.070736,0.442217,1.278700,0.906012,-1.023016,1.166664,-0.305904,0.066326,-0.067920,0.972053,0.257095,-0.576541,0.808186,-0.084966,-2.049817,-0.063949,1.157323,-2.234598,-1.057654,3.309421,0.194235,-0.374930,0.140055,0.214314,0.035304,-0.246677,0.343104,-0.131915
5.690043,-1.072252,0.445676,1.277739,0.906795,-1.023305,1.167542,-0.306310,0.099393,-0.081861,1.005110,0.258035,-0.577732,0.809981,-0.085105,-2.050195,-0.063804,1.157542,-2.234561,-1.057899,3.309760,0.194113,-0.376367,0.142072,0.215328,0.035871,-0.245084,0.342198,-0.129684
5.691039,-1.071955,0.446665,1.283746,0.906851,-1.024523,1.171119,-0.307085,0.127216,-0.094280,1.032827,0.260033,-0.578589,0.811375,-0.085248,-2.050574,-0.063667,1.157757,-2.234529,-1.058139,3.310102,0.193986,-0.375913,0.140346,0.216043,0.035051,-0.244659,0.341510,-0.128945
5.691993,-1.074388,0.446220,1.275796,0.905991,-1.025473,1.170782,-0.307995,0.150175,-0.104657,1.055582,0.263154,-0.579094,0.812478,-0.085391,-2.050955,-0.063532,1.157965,-2.234494,-1.058379,3.310432,0.193861,-0.376061,0.139809,0.213142,0.034846,-0.243146,0.338021,-0.127420
5.693045,-1.076708,0.445853,1.278269,0.904556,-1.026266,1.170353,-0.310091,0.167960,-0.112213,1.073093,0.267042,-0.579259,0.813340,-0.085523,-2.051325,-0.063391,1.158186,-2.234458,-1.058615,3.310768,0.193740,-0.374752,0.139854,0.217050,0.035511,-0.241867,0.338380,-0.125619
5.693959,-1.072715,0.445009,1.274722,0.905249,-1.027695,1.166932,-0.309454,0.177665,-0.115692,1.082512,0.270583,-0.579101,0.813726,-0.085613,-2.051700,-0.063253,1.158401,-2.234420,-1.058852,3.311110,0.193625,-0.373905,0.140047,0.215976,0.036769,-0.240946,0.338971,-0.121506
5.695018,-1.070415,0.448299,1.277890,0.904460,-1.029729,1.167405,-0.310158,0.179442,-0.115449,1.084031,0.273149,-0.578699,0.813574,-0.085654,-2.052082,-0.063113,1.158625,-2.234387,-1.059090,3.311457,0.193503,-0.375532,0.140221,0.217504,0.035919,-0.239059,0.342258,-0.122830
5.696106,-1.074217,0.449620,1.277047,0.903881,-1.029458,1.169841,-0.310716,0.177510,-0.113361,1.081894,0.274969,-0.578210,0.813141,-0.085679,-2.052455,-0.062977,1.158838,-2.234349,-1.059316,3.311800,0.193385,-0.377042,0.138599,0.216139,0.036553,-0.237017,0.341920,-0.121491
5.697045,-1.066572,0.446623,1.278100,0.904684,-1.030785,1.171024,-0.311812,0.174296,-0.109905,1.078579,0.275931,-0.577795,0.812583,-0.085699,-2.052829,-0.062843,1.159057,-2.234310,-1.059557,3.312137,0.193266,-0.375602,0.138053,0.216832,0.036950,-0.237211,0.339728,-0.120482
5.697987,-1.068556,0.449439,1.275557,0.906255,-1.027418,1.175647,-0.312051,0.171458,-0.106173,1.075715,0.276646,-0.577521,0.812063,-0.085726,-2.053209,-0.062701,1.159270,-2.234277,-1.059785,3.312471,0.193153,-0.379212,0.139352,0.216213,0.035978,-0.235583,0.338525,-0.118324
5.699002,-1.067700,0.446760,1.279778,0.904085,-1.029009,1.175540,-0.312807,0.170952,-0.104175,1.075107,0.279260,-0.577263,0.811870,-0.085796,-2.053585,-0.062563,1.159492,-2.234246,-1.060029,3.312798,0.193035,-0.377975,0.137750,0.217340,0.034319,-0.238552,0.333887,-0.117893
5.699985,-1.064036,0.448030,1.275199,0.904268,-1.028725,1.176027,-0.312667,0.172525,-0.104067,1.076407,0.284488,-0.576919,0.812068,-0.085937,-2.053965,-0.062423,1.159704,-2.234205,-1.060264,3.313126,0.192920,-0.378504,0.139030,0.215331,0.036255,-0.236718,0.334207,-0.116451
5.701060,-1.066220,0.449905,1.274019,0.903037,-1.031017,1.176085,-0.312810,0.175996,-0.105622,1.079521,0.290725,-0.576631,0.812515,-0.086143,-2.054346,-0.062284,1.159924,-2.234171,-1.060498,3.313459,0.192805,-0.380262,0.138259,0.217627,0.035918,-0.236766,0.333781,-0.116811
5.702051,-1.066209,0.447934,1.276122,0.904387,-1.033184,1.176809,-0.313359,0.179631,-0.107659,1.082839,0.296470,-0.576451,0.812993,-0.086395,-2.054727,-0.062151,1.160145,-2.234131,-1.060729,3.313796,0.192690,-0.379494,0.137429,0.218390,0.036957,-0.234426,0.333961,-0.116633
5.703039,-1.067467,0.447753,1.278486,0.902712,-1.032922,1.175081,-0.313375,0.181254,-0.109009,1.084156,0.301431,-0.576300,0.813392,-0.086669,-2.055105,-0.062011,1.160364,-2.234099,-1.060952,3.314127,0.192577,-0.379508,0.138306,0.217319,0.035489,-0.232124,0.333329,-0.115604
5.703968,-1.066171,0.450657,1.280225,0.904783,-1.035100,1.174950,-0.314558,0.182185,-0.110669,1.084686,0.305804,-0.576179,0.813853,-0.086944,-2.055485,-0.061873,1.160577,-2.234061,-1.061183,3.314462,0.192459,-0.378831,0.138292,0.216191,0.036975,-0.232204,0.335148,-0.115638
5.705071,-1.071529,0.449202,1.277657,0.904509,-1.036427,1.176139,-0.314631,0.183783,-0.113061,1.085781,0.309593,-0.576088,0.814466,-0.087193,-2.055872,-0.061743,1.160793,-2.234031,-1.061412,3.314793,0.192352,-0.379100,0.136729,0.215187,0.034806,-0.229683,0.335230,-0.113312
5.706033,-1.073960,0.446577,1.272907,0.904156,-1.036468,1.177559,-0.314251,0.184418,-0.115186,1.085840,0.313384,-0.575897,0.815155,-0.087405,-2.056243,-0.061604,1.161012,-2.233997,-1.061635,3.315126,0.192238,-0.376991,0.137558,0.216791,0.035051,-0.228477,0.334350,-0.113320
5.706976,-1.070264,0.445239,1.272292,0.904328,-1.037986,1.178721,-0.313758,0.179584,-0.115678,1.080353,0.317669,-0.575448,0.815648,-0.087585,-2.056619,-0.061463,1.161236,-2.233961,-1.061865,3.315456,0.192123,-0.375665,0.138697,0.219031,0.035200,-0.228189,0.332965,-0.114142
5.708102,-1.072366,0.447657,1.272519,0.904982,-1.039249,1.176363,-0.314332,0.167798,-0.114642,1.067844,0.322367,-0.574756,0.815817,-0.087747,-2.057003,-0.061323,1.161456,-2.233928,-1.062090,3.315781,0.192007,-0.377251,0.139175,0.219172,0.034903,-0.226410,0.331842,-0.115170
5.709032,-1.067521,0.445936,1.268861,0.905215,-1.039038,1.175432,-0.313741,0.152000,-0.113275,1.051294,0.327408,-0.573971,0.815796,-0.087891,-2.057376,-0.061186,1.161673,-2.233895,-1.062312,3.316120,0.191894,-0.376855,0.138079,0.219429,0.034235,-0.225327,0.334571,-0.114148
5.710000,-1.066741,0.450133,1.266487,0.904964,-1.040950,1.175752,-0.314155,0.134328,-0.112046,1.032910,0.332704,-0.573178,0.815653,-0.088007,-2.057759,-0.061048,1.161899,-2.233861,-1.062536,3.316456,0.191778,-0.378962,0.138768,0.221025,0.033838,-0.225282,0.335421,-0.115382
5.711244,-1.067134,0.448537,1.268017,0.905554,-1.041938,1.177431,-0.313623,0.115310,-0.110658,1.013291,0.337905,-0.572416,0.815394,-0.088087,-2.058133,-0.060914,1.162123,-2.233826,-1.062755,3.316792,0.191669,-0.379277,0.136556,0.222079,0.033936,-0.223212,0.335103,-0.114615
5.712053,-1.063162,0.447282,1.263197,0.905550,-1.043866,1.176881,-0.314315,0.095550,-0.108810,0.993055,0.342537,-0.571743,0.815081,-0.088122,-2.058514,-0.060774,1.162345,-2.233793,-1.062977,3.317129,0.191551,-0.380208,0.137665,0.221929,0.033414,-0.222662,0.334008,-0.115892
5.713003,-1.064473,0.445357,1.256262,0.906837,-1.047932,1.177176,-0.314372,0.076367,-0.107469,0.973458,0.346814,-0.571135,0.814860,-0.088106,-2.058898,-0.060637,1.162572,-2.233761,-1.063194,3.317463,0.191440,-0.381289,0.137925,0.223777,0.033204,-0.220262,0.334270,-0.114466
5.714000,-1.064534,0.446661,1.257994,0.907695,-1.048552,1.174507,-0.315188,0.056295,-0.106795,0.952965,0.351407,-0.570430,0.814723,-0.088036,-2.059275,-0.060495,1.162805,-2.233732,-1.063403,3.317801,0.191327,-0.380434,0.138687,0.226974,0.031879,-0.216110,0.333935,-0.114417
5.714993,-1.068963,0.448363,1.253607,0.907818,-1.049122,1.172425,-0.315915,0.032457,-0.105697,0.928638,0.356984,-0.569423,0.814532,-0.087906,-2.059655,-0.060360,1.163029,-2.233701,-1.063617,3.318143,0.191215,-0.380416,0.137972,0.226015,0.030976,-0.215498,0.336683,-0.112858
5.716030,-1.068750,0.449299,1.250658,0.905651,-1.051781,1.169406,-0.315557,0.003441,-0.102846,0.899048,0.363488,-0.568012,0.814111,-0.087699,-2.060026,-0.060224,1.163258,-2.233670,-1.063829,3.318484,0.191106,-0.378271,0.137058,0.228118,0.030809,-0.214919,0.338796,-0.111495
5.716991,-1.066398,0.446372,1.250547,0.906905,-1.052983,1.168466,-0.315186,-0.032713,-0.096182,0.862361,0.369210,-0.566280,0.813114,-0.087393,-2.060406,-0.060088,1.163494,-2.233633,-1.064037,3.318836,0.190991,-0.378587,0.136593,0.229500,0.032839,-0.212362,0.341897,-0.112324
5.717973,-1.069882,0.448015,1.246463,0.907098,-1.053353,1.170399,-0.315407,-0.074216,-0.086220,0.820482,0.372798,-0.564457,0.811479,-0.086997,-2.060793,-0.059948,1.163727,-2.233604,-1.064247,3.319177,0.190876,-0.379526,0.137906,0.229286,0.031523,-0.211113,0.342785,-0.113119
5.719088,-1.070582,0.449515,1.246718,0.906999,-1.055746,1.170265,-0.315822,-0.117580,-0.075119,0.776832,0.375338,-0.562574,0.809464,-0.086527,-2.061166,-0.059811,1.163959,-2.233572,-1.064456,3.319514,0.190766,-0.377764,0.136977,0.231153,0.031256,-0.210743,0.340863,-0.112747
5.720002,-1.067083,0.447702,1.248400,0.907320,-1.056729,1.174122,-0.314551,-0.162720,-0.062750,0.731400,0.377822,-0.560556,0.807153,-0.085996,-2.061547,-0.059675,1.164194,-2.233539,-1.064656,3.319861,0.190655,-0.377965,0.136351,0.231139,0.031354,-0.208704,0.341283,-0.112064
5.721030,-1.062563,0.444042,1.239865,0.904659,-1.058442,1.172667,-0.315253,-0.206597,-0.050091,0.687202,0.380274,-0.558545,0.804812,-0.085439,-2.061925,-0.059537,1.164425,-2.233509,-1.064862,3.320190,0.190537,-0.379367,0.137060,0.229931,0.030927,-0.207604,0.337332,-0.114655
5.721965,-1.063289,0.446396,1.240483,0.905468,-1.059092,1.169851,-0.315062,-0.244436,-0.039786,0.649039,0.382342,-0.556788,0.802828,-0.084885,-2.062312,-0.059394,1.164665,-2.233469,-1.065064,3.320531,0.190428,-0.381697,0.138808,0.234093,0.033391,-0.206058,0.338954,-0.113322
5.722972,-1.062721,0.447647,1.234732,0.907325,-1.062352,1.169372,-0.315288,-0.276412,-0.031955,0.616783,0.383096,-0.555411,0.801148,-0.084328,-2.062694,-0.059261,1.164897,-2.233439,-1.065269,3.320877,0.190316,-0.381000,0.137477,0.233426,0.032463,-0.205344,0.341674,-0.113771
5.724005,-1.060569,0.449664,1.235223,0.906402,-1.066213,1.168405,-0.315529,-0.305575,-0.024735,0.587352,0.383226,-0.554241,0.799592,-0.083778,-2.063071,-0.059125,1.165138,-2.233413,-1.065462,3.321223,0.190204,-0.381379,0.136814,0.236108,0.030671,-0.202270,0.342166,-0.113402
5.725076,-1.058949,0.456211,1.233139,0.905828,-1.068102,1.168596,-0.317283,-0.333377,-0.016945,0.559276,0.383756,-0.553128,0.798171,-0.083255,-2.063456,-0.058993,1.165373,-2.233380,-1.065651,3.321572,0.190092,-0.382567,0.135846,0.235742,0.031550,-0.198713,0.343221,-0.113018
5.725984,-1.065104,0.455061,1.231762,0.907291,-1.070871,1.166025,-0.315802,-0.358959,-0.007740,0.533524,0.383446,-0.552263,0.796918,-0.082748,-2.063843,-0.058866,1.165614,-2.233349,-1.065842,3.321920,0.189988,-0.383633,0.132715,0.236748,0.032131,-0.197208,0.343179,-0.109637
5.727084,-1.070047,0.453542,1.233049,0.907149,-1.071714,1.167012,-0.316274,-0.383587,0.004344,0.508853,0.381614,-0.551686,0.795713,-0.082250,-2.064213,-0.058732,1.165848,-2.233320,-1.066026,3.322267,0.189869,-0.380230,0.133150,0.237016,0.030580,-0.194508,0.345601,-0.112672
5.728063,-1.073121,0.455400,1.229554,0.906631,-1.073688,1.166379,-0.316192,-0.410069,0.019392,0.482340,0.379593,-0.551166,0.794411,-0.081782,-2.064587,-0.058597,1.166087,-2.233290,-1.066221,3.322615,0.189760,-0.378321,0.134028,0.236411,0.030798,-0.194079,0.344808,-0.111840
5.729069,-1.072835,0.455461,1.229549,0.906499,-1.075454,1.166242,-0.317035,-0.439521,0.036616,0.452847,0.377929,-0.550612,0.792936,-0.081348,-2.064957,-0.058465,1.166324,-2.233257,-1.066407,3.322955,0.189649,-0.376823,0.133045,0.237923,0.031214,-0.192309,0.345473,-0.112088
5.730003,-1.075986,0.451931,1.226222,0.904035,-1.075039,1.164051,-0.315766,-0.471617,0.055732,0.420775,0.376035,-0.550108,0.791269,-0.080941,-2.065335,-0.058331,1.166561,-2.233226,-1.066596,3.323302,0.189542,-0.377052,0.133010,0.237729,0.031285,-0.190794,0.345633,-0.110491
5.731107,-1.078417,0.453969,1.231818,0.905317,-1.075328,1.164154,-0.316540,-0.504785,0.075662,0.387718,0.373111,-0.549821,0.789470,-0.080576,-2.065711,-0.058195,1.166805,-2.233188,-1.066787,3.323650,0.189421,-0.375210,0.134625,0.238941,0.033519,-0.191295,0.347718,-0.113086
5.732005,-1.081698,0.453857,1.231978,0.905081,-1.073113,1.162412,-0.316706,-0.536933,0.094858,0.355726,0.368800,-0.549884,0.787688,-0.080278,-2.066084,-0.058061,1.167034,-2.233160,-1.066978,3.324001,0.189312,-0.374588,0.133718,0.236280,0.032301,-0.191444,0.347810,-0.111647
5.732965,-1.078058,0.451517,1.231905,0.904430,-1.072385,1.160504,-0.317103,-0.565895,0.112268,0.326895,0.364092,-0.550243,0.786178,-0.080050,-2.066452,-0.057929,1.167270,-2.233127,-1.067175,3.324357,0.189201,-0.372626,0.133610,0.235766,0.032381,-0.193616,0.349320,-0.111362
5.734094,-1.071047,0.452193,1.236568,0.905018,-1.071262,1.162858,-0.316043,-0.589867,0.126926,0.303010,0.359812,-0.550811,0.785124,-0.079884,-2.066827,-0.057791,1.167507,-2.233093,-1.067366,3.324707,0.189089,-0.374373,0.134657,0.235496,0.032897,-0.194451,0.351145,-0.110629
5.735089,-1.072535,0.455139,1.238676,0.906558,-1.072076,1.160898,-0.316981,-0.603887,0.136191,0.289061,0.356212,-0.551664,0.784866,-0.079793,-2.067213,-0.057655,1.167735,-2.233061,-1.067564,3.325056,0.188970,-0.378438,0.134453,0.233409,0.032322,-0.196005,0.349035,-0.112903
5.735992,-1.071454,0.449949,1.236343,0.905351,-1.071096,1.159484,-0.317981,-0.603288,0.138176,0.289691,0.354074,-0.552825,0.785769,-0.079785,-2.067592,-0.057527,1.167966,-2.233033,-1.067761,3.325406,0.188864,-0.377646,0.132996,0.232221,0.030789,-0.195313,0.351028,-0.111093
5.737168,-1.071354,0.449158,1.238343,0.906608,-1.073334,1.158121,-0.318078,-0.590693,0.134251,0.302218,0.353795,-0.554135,0.787628,-0.079841,-2.067966,-0.057386,1.168198,-2.232997,-1.067958,3.325761,0.188759,-0.377841,0.135365,0.233003,0.031790,-0.196251,0.352199,-0.109151
5.738051,-1.066663,0.453197,1.238164,0.905776,-1.075194,1.158715,-0.318127,-0.570205,0.125589,0.322526,0.355118,-0.555489,0.790050,-0.079954,-2.068346,-0.057248,1.168430,-2.232970,-1.068149,3.326121,0.188649,-0.378723,0.135945,0.232321,0.030684,-0.194575,0.353877,-0.109161
5.739016,-1.070348,0.453266,1.243990,0.904115,-1.074357,1.157082,-0.318547,-0.543136,0.113153,0.349374,0.357391,-0.556936,0.792874,-0.080125,-2.068732,-0.057119,1.168663,-2.232939,-1.068339,3.326473,0.188536,-0.380479,0.133742,0.231948,0.031394,-0.192689,0.352999,-0.109080
5.740091,-1.074421,0.452056,1.247088,0.902570,-1.075541,1.158037,-0.318133,-0.510639,0.099247,0.381732,0.358803,-0.558652,0.795926,-0.080335,-2.069105,-0.056984,1.168886,-2.232903,-1.068534,3.326830,0.188431,-0.378540,0.133634,0.228891,0.032882,-0.193653,0.354543,-0.108328
5.741108,-1.074557,0.449671,1.248627,0.904848,-1.074380,1.160052,-0.318340,-0.474711,0.085588,0.417675,0.357482,-0.560782,0.798943,-0.080567,-2.069480,-0.056849,1.169112,-2.232867,-1.068725,3.327180,0.188320,-0.376926,0.134322,0.227491,0.034300,-0.192816,0.353728,-0.109304
5.742064,-1.074213,0.444900,1.247786,0.903527,-1.073477,1.159718,-0.318972,-0.437055,0.071989,0.455476,0.354300,-0.563220,0.801910,-0.080837,-2.069856,-0.056713,1.169335,-2.232838,-1.068924,3.327531,0.188212,-0.377014,0.135484,0.226740,0.032005,-0.194176,0.351731,-0.108986
5.743083,-1.070783,0.445406,1.250725,0.903775,-1.072493,1.157008,-0.319358,-0.398278,0.057004,0.494429,0.351896,-0.565715,0.805054,-0.081165,-2.070236,-0.056572,1.169562,-2.232801,-1.069123,3.327884,0.188108,-0.377002,0.137699,0.226976,0.033148,-0.195115,0.351980,-0.107804
5.744076,-1.075942,0.442709,1.250582,0.903379,-1.070283,1.155707,-0.319262,-0.357830,0.039634,0.535015,0.351001,-0.568220,0.808462,-0.081546,-2.070623,-0.056436,1.169788,-2.232770,-1.069320,3.328241,0.188003,-0.378748,0.137406,0.225470,0.032849,-0.196293,0.354712,-0.107162
5.744982,-1.073602,0.441736,1.251549,0.901722,-1.069600,1.155199,-0.318308,-0.316258,0.020519,0.576647,0.351155,-0.570729,0.812001,-0.081976,-2.070995,-0.056295,1.170012,-2.232736,-1.069521,3.328598,0.187894,-0.376213,0.138642,0.225505,0.033120,-0.198610,0.355943,-0.107456
5.746034,-1.070436,0.441461,1.253243,0.903000,-1.067676,1.156073,-0.319709,-0.276053,0.001252,0.616794,0.351752,-0.573160,0.815430,-0.082448,-2.071375,-0.056158,1.170235,-2.232700,-1.069722,3.328956,0.187782,-0.376994,0.138899,0.224729,0.034565,-0.199195,0.356197,-0.109416
5.747022,-1.064921,0.442277,1.252416,0.900739,-1.068547,1.156096,-0.320125,-0.236833,-0.017929,0.655850,0.352407,-0.575489,0.818770,-0.082942,-2.071756,-0.056018,1.170454,-2.232670,-1.069925,3.329305,0.187683,-0.378825,0.139013,0.224032,0.033255,-0.201336,0.355431,-0.106732
5.748000,-1.070421,0.439687,1.259698,0.903134,-1.068025,1.160606,-0.320767,-0.195815,-0.037709,0.696640,0.353116,-0.577761,0.822220,-0.083429,-2.072145,-0.055882,1.170679,-2.232631,-1.070128,3.329659,0.187577,-0.381446,0.138525,0.224379,0.035309,-0.200497,0.355368,-0.106019
5.748987,-1.065227,0.443842,1.258154,0.902797,-1.069094,1.161451,-0.320070,-0.151944,-0.058294,0.740236,0.354042,-0.579985,0.825875,-0.083897,-2.072521,-0.055739,1.170892,-2.232603,-1.070335,3.330000,0.187473,-0.378599,0.139670,0.220725,0.032894,-0.201047,0.350821,-0.104836
5.749984,-1.066294,0.440753,1.255180,0.902579,-1.070237,1.160954,-0.320600,-0.106032,-0.079271,0.785846,0.356322,-0.582002,0.829788,-0.084343,-2.072902,-0.055603,1.171113,-2.232568,-1.070531,3.330348,0.187368,-0.381197,0.137487,0.221497,0.033099,-0.200099,0.349998,-0.106363
5.751083,-1.063287,0.434900,1.256851,0.902188,-1.069640,1.159797,-0.319884,-0.060871,-0.099024,0.830798,0.360075,-0.583713,0.833760,-0.084753,-2.073283,-0.055462,1.171340,-2.232535,-1.070730,3.330700,0.187264,-0.380629,0.138941,0.222906,0.033212,-0.199082,0.350494,-0.105393
5.752118,-1.070256,0.439926,1.258675,0.901791,-1.069237,1.163998,-0.320505,-0.018056,-0.117664,0.873490,0.364740,-0.585174,0.837545,-0.085116,-2.073662,-0.055315,1.171563,-2.232500,-1.070932,3.331051,0.187158,-0.382636,0.141855,0.222284,0.033529,-0.200007,0.351865,-0.107013
5.753100,-1.068924,0.436901,1.262695,0.899639,-1.069542,1.166153,-0.320985,0.022021,-0.135677,0.913441,0.370098,-0.586398,0.841049,-0.085434,-2.074037,-0.055179,1.171784,-2.232465,-1.071131,3.331393,0.187053,-0.379334,0.139289,0.221462,0.033803,-0.200611,0.347728,-0.105875
5.754055,-1.068607,0.433916,1.260961,0.898569,-1.068928,1.165688,-0.321440,0.057962,-0.151314,0.949312,0.374926,-0.587456,0.844169,-0.085694,-2.074420,-0.055036,1.172001,-2.232427,-1.071335,3.331731,0.186951,-0.379936,0.140673,0.219426,0.035750,-0.200343,0.345633,-0.105029
5.755106,-1.066251,0.430953,1.255032,0.899960,-1.067638,1.168257,-0.321308,0.090522,-0.164648,0.981945,0.377907,-0.588566,0.846912,-0.085891,-2.074797,-0.054890,1.172223,-2.232390,-1.071537,3.332077,0.186849,-0.379926,0.141922,0.220184,0.036594,-0.200980,0.346051,-0.104222
5.756088,-1.073095,0.432590,1.262585,0.899278,-1.065906,1.169549,-0.321261,0.119662,-0.176821,1.011233,0.379942,-0.589688,0.849321,-0.086052,-2.075183,-0.054745,1.172452,-2.232357,-1.071744,3.332416,0.186742,-0.381306,0.143316,0.223208,0.035125,-0.202437,0.343632,-0.104632
5.757035,-1.073434,0.432542,1.261278,0.898374,-1.063838,1.170432,-0.321903,0.143454,-0.187480,1.035068,0.382915,-0.590572,0.851393,-0.086213,-2.075561,-0.054605,1.172666,-2.232322,-1.071954,3.332749,0.186637,-0.377786,0.142345,0.219387,0.035671,-0.204159,0.342413,-0.104825
5.758045,-1.071660,0.432307,1.262928,0.898652,-1.061677,1.169832,-0.321705,0.161199,-0.195428,1.052683,0.386677,-0.591190,0.853045,-0.086384,-2.075937,-0.054463,1.172886,-2.232284,-1.072161,3.333087,0.186535,-0.377468,0.142164,0.219950,0.036316,-0.206166,0.341495,-0.103621
5.759037,-1.072167,0.432459,1.259395,0.898484,-1.059870,1.170721,-0.322378,0.173655,-0.200280,1.064911,0.390552,-0.591606,0.854242,-0.086563,-2.076323,-0.054322,1.173104,-2.232248,-1.072373,3.333433,0.186430,-0.378362,0.142195,0.219168,0.035875,-0.208353,0.342159,-0.104153
5.760008,-1.072258,0.431517,1.260922,0.897146,-1.056918,1.170515,-0.322619,0.181839,-0.202536,1.072835,0.394884,-0.591810,0.855057,-0.086749,-2.076698,-0.054180,1.173326,-2.232211,-1.072585,3.333772,0.186330,-0.378135,0.141976,0.220918,0.035850,-0.210146,0.341310,-0.102920
5.761147,-1.074278,0.433506,1.262087,0.897038,-1.056585,1.172578,-0.323346,0.185597,-0.202111,1.076341,0.399542,-0.591814,0.855460,-0.086932,-2.077080,-0.054035,1.173546,-2.232172,-1.072805,3.334113,0.186229,-0.377950,0.142238,0.220060,0.036940,-0.212973,0.341521,-0.102557
5.762105,-1.070342,0.431971,1.265341,0.895508,-1.055174,1.173349,-0.322965,0.185500,-0.198957,1.076047,0.403728,-0.591697,0.855423,-0.087100,-2.077459,-0.053896,1.173766,-2.232135,-1.073020,3.334445,0.186131,-0.377589,0.141364,0.219857,0.036943,-0.213547,0.339840,-0.101308
5.763015,-1.074093,0.431405,1.266541,0.894531,-1.052606,1.174807,-0.322644,0.184453,-0.194109,1.074902,0.406753,-0.591612,0.855105,-0.087261,-2.077837,-0.053752,1.173978,-2.232094,-1.073234,3.334780,0.186029,-0.379433,0.141934,0.218208,0.038157,-0.214854,0.339077,-0.102195
5.764098,-1.073903,0.425022,1.264663,0.895024,-1.049306,1.173761,-0.322549,0.185174,-0.188883,1.075647,0.408097,-0.591723,0.854689,-0.087431,-2.078210,-0.053612,1.174195,-2.232053,-1.073455,3.335114,0.185925,-0.377205,0.141957,0.217422,0.038791,-0.217161,0.337519,-0.102902
5.765044,-1.076973,0.425375,1.265002,0.892523,-1.049014,1.175395,-0.321790,0.186990,-0.184020,1.077553,0.408460,-0.591959,0.854186,-0.087629,-2.078583,-0.053461,1.174415,-2.232019,-1.073684,3.335450,0.185822,-0.377811,0.145078,0.218604,0.038215,-0.220479,0.338859,-0.103256
5.766068,-1.079189,0.429633,1.265916,0.892380,-1.043088,1.176634,-0.321326,0.187770,-0.179708,1.078427,0.408606,-0.592222,0.853494,-0.087880,-2.078957,-0.053316,1.174629,-2.231973,-1.073902,3.335782,0.185712,-0.376089,0.144620,0.218351,0.040308,-0.220562,0.337186,-0.104848
5.767066,-1.077142,0.424979,1.272666,0.888890,-1.040551,1.176942,-0.321681,0.185145,-0.173969,1.075933,0.407722,-0.592564,0.852465,-0.088184,-2.079331,-0.053177,1.174847,-2.231934,-1.074142,3.336117,0.185603,-0.375180,0.142417,0.217988,0.040194,-0.226320,0.336096,-0.105882
5.767999,-1.080584,0.426265,1.271759,0.890397,-1.035855,1.177034,-0.320500,0.180325,-0.166063,1.071336,0.404745,-0.593146,0.851187,-0.088508,-2.079706,-0.053029,1.175054,-2.231885,-1.074373,3.336452,0.185500,-0.376293,0.144594,0.214738,0.043252,-0.228631,0.335885,-0.105273
5.769049,-1.082445,0.423303,1.274543,0.887899,-1.031729,1.177900,-0.320528,0.176974,-0.157964,1.068299,0.399782,-0.594073,0.849924,-0.088836,-2.080076,-0.052890,1.175269,-2.231846,-1.074615,3.336794,0.185387,-0.374373,0.143719,0.215118,0.041406,-0.232910,0.335704,-0.107712
5.770038,-1.083432,0.420644,1.271012,0.887811,-1.030229,1.180091,-0.320268,0.174316,-0.150005,1.066014,0.394052,-0.595144,0.848683,-0.089178,-2.080449,-0.052740,1.175484,-2.231800,-1.074863,3.337125,0.185278,-0.373783,0.145079,0.213905,0.043566,-0.236778,0.335050,-0.107756
5.771042,-1.088542,0.421895,1.279740,0.889051,-1.028116,1.178924,-0.320130,0.170316,-0.141950,1.062438,0.388189,-0.596184,0.847338,-0.089531,-2.080823,-0.052591,1.175700,-2.231756,-1.075105,3.337454,0.185167,-0.373333,0.146179,0.215728,0.043279,-0.237936,0.332953,-0.108362
5.772087,-1.090092,0.424849,1.276469,0.887206,-1.026280,1.178737,-0.319575,0.164565,-0.134107,1.057120,0.383056,-0.597067,0.845885,-0.089880,-2.081193,-0.052448,1.175905,-2.231718,-1.075352,3.337786,0.185056,-0.370900,0.145405,0.211503,0.041813,-0.239714,0.334271,-0.108727
5.773074,-1.087074,0.423089,1.275989,0.885163,-1.024743,1.179078,-0.317585,0.156326,-0.125418,1.049347,0.379107,-0.597666,0.844240,-0.090215,-2.081561,-0.052305,1.176121,-2.231670,-1.075595,3.338121,0.184946,-0.370515,0.143851,0.213373,0.043259,-0.241334,0.334632,-0.109963
5.774118,-1.088971,0.423952,1.276172,0.885478,-1.022626,1.180452,-0.318567,0.144740,-0.114475,1.038425,0.374676,-0.598073,0.842199,-0.090522,-2.081938,-0.052158,1.176335,-2.231621,-1.075839,3.338458,0.184823,-0.372031,0.144550,0.213633,0.044813,-0.242529,0.334339,-0.114003
5.775098,-1.089849,0.426210,1.278073,0.882970,-1.021723,1.179883,-0.317109,0.130686,-0.101791,1.025289,0.368866,-0.598364,0.839771,-0.090775,-2.082311,-0.052017,1.176551,-2.231579,-1.076087,3.338785,0.184715,-0.371365,0.144058,0.213713,0.044206,-0.244392,0.333186,-0.112106
5.776107,-1.094037,0.425316,1.270939,0.882020,-1.018948,1.178715,-0.316580,0.115059,-0.087868,1.010807,0.361765,-0.598531,0.837060,-0.090956,-2.082677,-0.051876,1.176764,-2.231528,-1.076331,3.339123,0.184595,-0.371024,0.142770,0.212794,0.046189,-0.244921,0.333803,-0.115108
5.776990,-1.088280,0.420121,1.270017,0.880205,-1.019148,1.180479,-0.314959,0.095397,-0.071327,0.992533,0.352802,-0.598576,0.833894,-0.091075,-2.083042,-0.051732,1.176989,-2.231482,-1.076586,3.339462,0.184476,-0.369148,0.143103,0.216368,0.046720,-0.247301,0.335069,-0.116212
5.778072,-1.096028,0.420208,1.267705,0.880412,-1.017027,1.181876,-0.315432,0.070100,-0.052400,0.968821,0.342114,-0.598506,0.830193,-0.091160,-2.083413,-0.051581,1.177204,-2.231433,-1.076830,3.339791,0.184349,-0.371660,0.145302,0.216551,0.047976,-0.246506,0.333153,-0.119437
5.778998,-1.093558,0.423261,1.268666,0.880495,-1.014912,1.182382,-0.314331,0.040749,-0.033277,0.941127,0.330910,-0.598325,0.826181,-0.091223,-2.083777,-0.051436,1.177424,-2.231387,-1.077080,3.340122,0.184235,-0.368304,0.145199,0.217946,0.047401,-0.248451,0.332053,-0.118572
5.779985,-1.095307,0.422442,1.266655,0.879719,-1.014349,1.179278,-0.314818,0.007547,-0.014134,0.909557,0.320630,-0.597899,0.822019,-0.091264,-2.084150,-0.051297,1.177643,-2.231341,-1.077337,3.340450,0.184107,-0.369346,0.143446,0.217261,0.046865,-0.249961,0.331531,-0.120783
5.781099,-1.093529,0.423171,1.265274,0.878056,-1.016198,1.178244,-0.314934,-0.028909,0.005508,0.874715,0.311882,-0.597159,0.817790,-0.091277,-2.084515,-0.051152,1.177863,-2.231295,-1.077588,3.340791,0.183990,-0.368590,0.143698,0.218259,0.047232,-0.250096,0.334698,-0.119836
5.781992,-1.090831,0.420605,1.258333,0.877096,-1.015765,1.176687,-0.314393,-0.066817,0.025158,0.838502,0.303754,-0.596277,0.813511,-0.091244,-2.084890,-0.051011,1.178084,-2.231245,-1.077832,3.341136,0.183870,-0.370100,0.143391,0.219246,0.048481,-0.248149,0.335985,-0.119726
5.782988,-1.095459,0.421569,1.258911,0.876439,-1.016403,1.176323,-0.313642,-0.105248,0.044257,0.801920,0.295175,-0.595432,0.809144,-0.091163,-2.085263,-0.050863,1.178316,-2.231196,-1.078083,3.341474,0.183747,-0.371055,0.144320,0.222319,0.048877,-0.247985,0.337391,-0.120802
5.784084,-1.094046,0.424228,1.257367,0.878141,-1.015551,1.175664,-0.312938,-0.144765,0.062804,0.764356,0.286150,-0.594593,0.804627,-0.091049,-2.085629,-0.050719,1.178537,-2.231147,-1.078324,3.341814,0.183621,-0.368873,0.143672,0.221978,0.049054,-0.247047,0.337802,-0.122337
5.785099,-1.093813,0.427046,1.251659,0.876217,-1.015307,1.175924,-0.312490,-0.186021,0.081251,0.725034,0.277865,-0.593549,0.799989,-0.090909,-2.086003,-0.050581,1.178763,-2.231104,-1.078573,3.342153,0.183497,-0.370138,0.142409,0.222941,0.047068,-0.247743,0.338732,-0.123830
5.786133,-1.093184,0.428440,1.254983,0.874655,-1.015719,1.172663,-0.311738,-0.228936,0.100196,0.683994,0.271247,-0.592136,0.795344,-0.090739,-2.086369,-0.050442,1.178995,-2.231051,-1.078818,3.342488,0.183370,-0.370495,0.140930,0.225725,0.048464,-0.247689,0.338584,-0.124754
5.787017,-1.098608,0.427633,1.246566,0.874555,-1.018092,1.170042,-0.311700,-0.272682,0.120062,0.642119,0.265103,-0.590510,0.790714,-0.090526,-2.086741,-0.050304,1.179217,-2.230999,-1.079065,3.342840,0.183240,-0.371078,0.140216,0.224083,0.049494,-0.246998,0.341944,-0.126294
5.787999,-1.099218,0.428336,1.245885,0.873638,-1.015737,1.169212,-0.310735,-0.317459,0.141021,0.599224,0.258261,-0.588861,0.786002,-0.090271,-2.087106,-0.050165,1.179453,-2.230951,-1.079309,3.343188,0.183115,-0.368000,0.140351,0.227851,0.049040,-0.244036,0.344323,-0.126324
5.789114,-1.104463,0.433316,1.241765,0.872982,-1.014813,1.166821,-0.311769,-0.366295,0.163730,0.552227,0.251338,-0.587114,0.781059,-0.089992,-2.087470,-0.050027,1.179678,-2.230901,-1.079557,3.343539,0.182984,-0.367841,0.139888,0.228054,0.049465,-0.246048,0.345096,-0.128274
5.790016,-1.097574,0.433442,1.236423,0.872521,-1.013400,1.166039,-0.310630,-0.420937,0.189044,0.499388,0.244839,-0.585200,0.775842,-0.089705,-2.087836,-0.049895,1.179915,-2.230851,-1.079807,3.343894,0.182860,-0.365911,0.137551,0.230242,0.049685,-0.246827,0.347716,-0.126264
5.790945,-1.101782,0.431582,1.239842,0.872212,-1.013671,1.165984,-0.311165,-0.480363,0.217086,0.441775,0.238882,-0.583172,0.770437,-0.089428,-2.088208,-0.049758,1.180149,-2.230802,-1.080053,3.344245,0.182728,-0.369072,0.137293,0.232487,0.049590,-0.247702,0.348271,-0.128536
5.791993,-1.100176,0.435533,1.238841,0.871019,-1.015275,1.166377,-0.310353,-0.540052,0.245361,0.383844,0.234078,-0.581173,0.765161,-0.089200,-2.088574,-0.049618,1.180378,-2.230755,-1.080298,3.344595,0.182601,-0.366769,0.138015,0.230454,0.049418,-0.246926,0.348167,-0.127419
5.793094,-1.097859,0.434523,1.239464,0.869814,-1.014336,1.165942,-0.310889,-0.595002,0.271174,0.330517,0.230512,-0.579410,0.760319,-0.089038,-2.088947,-0.049487,1.180612,-2.230703,-1.080546,3.344939,0.182468,-0.367923,0.136091,0.230935,0.050097,-0.245063,0.347915,-0.129096
5.794075,-1.095421,0.435471,1.236688,0.869123,-1.011903,1.162208,-0.309377,-0.642048,0.293442,0.285010,0.227331,-0.578068,0.756042,-0.088922,-2.089318,-0.049348,1.180843,-2.230650,-1.080789,3.345291,0.182343,-0.369678,0.136696,0.230759,0.050808,-0.245941,0.348562,-0.128085
5.794988,-1.094397,0.434712,1.237974,0.867916,-1.011460,1.162634,-0.309332,-0.679006,0.311105,0.249519,0.224148,-0.577165,0.752399,-0.088830,-2.089691,-0.049215,1.181079,-2.230601,-1.081042,3.345651,0.182207,-0.370903,0.136161,0.231929,0.051000,-0.247936,0.352223,-0.131130
5.796104,-1.096872,0.436551,1.235802,0.868166,-1.010804,1.161860,-0.309519,-0.705785,0.323856,0.224052,0.221097,-0.576578,0.749378,-0.088756,-2.090057,-0.049076,1.181306,-2.230549,-1.081286,3.346007,0.182074,-0.371195,0.136326,0.230951,0.051601,-0.247857,0.351543,-0.131143
5.797078,-1.091682,0.436506,1.231406,0.866804,-1.012524,1.160231,-0.310178,-0.724224,0.332495,0.206745,0.218520,-0.576158,0.746944,-0.088693,-2.090428,-0.048942,1.181543,-2.230498,-1.081539,3.346357,0.181947,-0.370602,0.135542,0.232171,0.050900,-0.248357,0.352578,-0.130849
5.798054,-1.100281,0.437419,1.234940,0.866843,-1.011871,1.160381,-0.310621,-0.737166,0.338318,0.194819,0.216698,-0.575774,0.745002,-0.088638,-2.090806,-0.048808,1.181781,-2.230445,-1.081784,3.346710,0.181818,-0.373142,0.135502,0.234097,0.051677,-0.246227,0.354140,-0.129525
5.799000,-1.101261,0.440347,1.233363,0.866663,-1.009672,1.158882,-0.310198,-0.746979,0.342469,0.185888,0.215495,-0.575369,0.743423,-0.088592,-2.091163,-0.048674,1.182007,-2.230396,-1.082027,3.347066,0.181690,-0.368961,0.134968,0.232165,0.051120,-0.246541,0.353885,-0.128653
5.799996,-1.103867,0.438529,1.234815,0.864736,-1.010505,1.159103,-0.311883,-0.756438,0.346502,0.177084,0.215178,-0.574801,0.742057,-0.088557,-2.091529,-0.048544,1.182241,-2.230344,-1.082284,3.347421,0.181559,-0.368438,0.133437,0.232669,0.050727,-0.248195,0.355255,-0.129493
5.801054,-1.102578,0.439560,1.235152,0.865657,-1.012843,1.158390,-0.312236,-0.766973,0.351322,0.166996,0.215679,-0.574020,0.740802,-0.088522,-2.091894,-0.048409,1.182472,-2.230288,-1.082529,3.347775,0.181439,-0.367307,0.134316,0.231788,0.052023,-0.247004,0.354991,-0.126133
5.802083,-1.104438,0.437162,1.235630,0.864096,-1.014981,1.158124,-0.312487,-0.776552,0.355695,0.157721,0.216617,-0.573184,0.739744,-0.088478,-2.092268,-0.048273,1.182701,-2.230240,-1.082768,3.348134,0.181315,-0.368329,0.133828,0.231683,0.050648,-0.244507,0.355780,-0.125522
5.803014,-1.108368,0.437532,1.239843,0.864403,-1.014702,1.156917,-0.313007,-0.782648,0.357912,0.151751,0.218149,-0.572436,0.739020,-0.088439,-2.092637,-0.048137,1.182931,-2.230186,-1.083007,3.348492,0.181188,-0.367661,0.135027,0.231399,0.051658,-0.242164,0.356062,-0.125062
5.803979,-1.097547,0.440411,1.238282,0.861995,-1.013830,1.157827,-0.312917,-0.784429,0.357209,0.149852,0.220313,-0.571840,0.738627,-0.088410,-2.092996,-0.048003,1.183155,-2.230138,-1.083243,3.348853,0.181068,-0.365641,0.134697,0.229053,0.050837,-0.242079,0.357065,-0.124029
5.805014,-1.095169,0.438576,1.237786,0.861734,-1.013692,1.161157,-0.312647,-0.780197,0.353282,0.153798,0.222604,-0.571466,0.738594,-0.088387,-2.093377,-0.047871,1.183385,-2.230081,-1.083487,3.349208,0.180942,-0.370961,0.133180,0.229651,0.052561,-0.242566,0.356031,-0.124234
5.806006,-1.097286,0.436352,1.239145,0.860656,-1.014843,1.161801,-0.314401,-0.766664,0.345303,0.167028,0.224420,-0.571428,0.739126,-0.088369,-2.093753,-0.047737,1.183617,-2.230030,-1.083731,3.349552,0.180817,-0.372332,0.134144,0.229848,0.052315,-0.242459,0.352789,-0.124827
5.807016,-1.101616,0.435650,1.243805,0.859945,-1.015708,1.161576,-0.313822,-0.743593,0.332632,0.189721,0.226105,-0.571692,0.740335,-0.088339,-2.094118,-0.047600,1.183844,-2.229978,-1.083968,3.349904,0.180702,-0.371413,0.135176,0.229058,0.052852,-0.241031,0.352143,-0.121348
5.808092,-1.099607,0.441329,1.243091,0.859998,-1.019341,1.160264,-0.314682,-0.713941,0.315901,0.218801,0.228102,-0.572127,0.742074,-0.088278,-2.094484,-0.047466,1.184067,-2.229925,-1.084208,3.350261,0.180576,-0.369468,0.135505,0.226715,0.052980,-0.239910,0.352361,-0.122587
5.809081,-1.102778,0.438161,1.243021,0.861692,-1.018445,1.163308,-0.314348,-0.680806,0.297139,0.251249,0.230201,-0.572645,0.744108,-0.088186,-2.094853,-0.047337,1.184291,-2.229875,-1.084432,3.350612,0.180457,-0.371001,0.132793,0.227256,0.052469,-0.236302,0.353837,-0.120934
5.809996,-1.105333,0.440034,1.243358,0.861590,-1.020147,1.164764,-0.316331,-0.647135,0.278275,0.284197,0.233375,-0.573023,0.746324,-0.088076,-2.095226,-0.047199,1.184519,-2.229827,-1.084670,3.350960,0.180336,-0.369435,0.134325,0.227170,0.050307,-0.236956,0.350741,-0.121668
5.811051,-1.106571,0.437125,1.245688,0.860662,-1.021485,1.165784,-0.316302,-0.615780,0.260062,0.314706,0.239529,-0.572959,0.748705,-0.087951,-2.095595,-0.047070,1.184746,-2.229778,-1.084903,3.351307,0.180225,-0.367916,0.133254,0.226690,0.049886,-0.234842,0.349141,-0.117700
5.812038,-1.098265,0.432204,1.246401,0.860503,-1.024784,1.166989,-0.315909,-0.587612,0.242592,0.341870,0.248657,-0.572458,0.751201,-0.087807,-2.095962,-0.046932,1.184966,-2.229726,-1.085130,3.351656,0.180108,-0.367735,0.134739,0.225669,0.050306,-0.233481,0.348253,-0.117892
5.813115,-1.097576,0.432902,1.246474,0.859453,-1.024639,1.169899,-0.315796,-0.558210,0.223310,0.370183,0.259599,-0.571846,0.753967,-0.087665,-2.096343,-0.046793,1.185192,-2.229676,-1.085355,3.352001,0.179988,-0.371868,0.137101,0.225225,0.049946,-0.230001,0.347045,-0.118731
5.814099,-1.093975,0.433902,1.253696,0.858853,-1.025633,1.171932,-0.315771,-0.522123,0.199175,0.405134,0.271619,-0.571417,0.757271,-0.087532,-2.096715,-0.046656,1.185418,-2.229624,-1.085586,3.352333,0.179869,-0.372645,0.136784,0.225326,0.050514,-0.230166,0.344393,-0.119047
5.814996,-1.087204,0.432276,1.255424,0.858580,-1.026655,1.169401,-0.316930,-0.477562,0.170316,0.448528,0.283676,-0.571300,0.761197,-0.087387,-2.097092,-0.046521,1.185631,-2.229575,-1.085806,3.352674,0.179754,-0.374433,0.136209,0.221727,0.050603,-0.229046,0.342390,-0.119161
5.816035,-1.087465,0.429376,1.257607,0.858134,-1.027789,1.171427,-0.316738,-0.422720,0.136996,0.502204,0.294949,-0.571599,0.765844,-0.087210,-2.097476,-0.046384,1.185847,-2.229524,-1.086030,3.353017,0.179638,-0.377329,0.136807,0.220663,0.050279,-0.227680,0.344791,-0.116834
5.817028,-1.079080,0.432304,1.255237,0.856704,-1.027838,1.171029,-0.316900,-0.357384,0.098989,0.566394,0.305428,-0.572338,0.771228,-0.087009,-2.097849,-0.046244,1.186064,-2.229474,-1.086251,3.353359,0.179522,-0.377446,0.138218,0.219725,0.050269,-0.226545,0.342850,-0.117334
5.818012,-1.081254,0.435077,1.257393,0.857238,-1.030112,1.170944,-0.315899,-0.284940,0.057802,0.637768,0.314822,-0.573467,0.777154,-0.086806,-2.098237,-0.046110,1.186287,-2.229421,-1.086478,3.353705,0.179404,-0.381567,0.136692,0.220883,0.051119,-0.226346,0.343287,-0.117060
5.819035,-1.082120,0.431754,1.260772,0.856384,-1.028751,1.171332,-0.317201,-0.210065,0.016647,0.711724,0.322454,-0.574935,0.783294,-0.086617,-2.098618,-0.045975,1.186507,-2.229373,-1.086698,3.354046,0.179283,-0.380361,0.135236,0.219741,0.050095,-0.223945,0.343391,-0.119122
5.820036,-1.086814,0.434024,1.264590,0.857452,-1.025906,1.172109,-0.318045,-0.137005,-0.022172,0.783983,0.328546,-0.576624,0.789345,-0.086450,-2.098991,-0.045834,1.186719,-2.229321,-1.086923,3.354389,0.179171,-0.380134,0.136854,0.218204,0.050433,-0.225259,0.343088,-0.116569
5.820970,-1.083285,0.433693,1.262028,0.858372,-1.026753,1.171556,-0.319076,-0.068426,-0.058177,0.851780,0.334240,-0.578342,0.795152,-0.086306,-2.099365,-0.045704,1.186934,-2.229275,-1.087157,3.354729,0.179058,-0.377859,0.135702,0.216362,0.048950,-0.227906,0.342374,-0.114973
5.821987,-1.082954,0.432077,1.264787,0.857552,-1.026356,1.169566,-0.318595,-0.006698,-0.090694,0.912708,0.340971,-0.579848,0.800627,-0.086195,-2.099744,-0.045569,1.187151,-2.229232,-1.087377,3.355068,0.178949,-0.379384,0.135741,0.217539,0.047632,-0.226799,0.342867,-0.112969
5.822999,-1.089889,0.434456,1.269808,0.856480,-1.029360,1.171325,-0.319335,0.047681,-0.119801,0.966281,0.349161,-0.581092,0.805724,-0.086139,-2.100129,-0.045429,1.187368,-2.229182,-1.087608,3.355415,0.178832,-0.379574,0.136478,0.216232,0.047983,-0.227059,0.344928,-0.114033
5.824055,-1.091627,0.429327,1.267326,0.855812,-1.030879,1.170384,-0.319320,0.095306,-0.145688,1.013100,0.357363,-0.582284,0.810366,-0.086136,-2.100502,-0.045297,1.187574,-2.229133,-1.087827,3.355753,0.178722,-0.376231,0.135284,0.213908,0.048595,-0.223982,0.343231,-0.112629
5.825082,-1.088254,0.432144,1.264244,0.854188,-1.030442,1.169664,-0.318350,0.134698,-0.167625,1.051694,0.364082,-0.583560,0.814385,-0.086163,-2.100874,-0.045155,1.187788,-2.229085,-1.088045,3.356100,0.178611,-0.375748,0.137839,0.215412,0.048844,-0.222540,0.344336,-0.112790
5.825994,-1.089321,0.429708,1.271300,0.854095,-1.028836,1.169581,-0.317778,0.164586,-0.185474,1.080848,0.368736,-0.584889,0.817668,-0.086208,-2.101260,-0.045022,1.188010,-2.229033,-1.088268,3.356449,0.178494,-0.377531,0.136420,0.217016,0.049945,-0.222948,0.345118,-0.114829
5.827048,-1.094043,0.430036,1.274663,0.855703,-1.028595,1.172878,-0.317617,0.187241,-0.200136,1.102833,0.371234,-0.586206,0.820331,-0.086273,-2.101633,-0.044881,1.188212,-2.228985,-1.088493,3.356791,0.178376,-0.376659,0.137406,0.213414,0.049490,-0.224254,0.345057,-0.115980
5.827981,-1.086775,0.430453,1.270728,0.854692,-1.028536,1.170419,-0.317519,0.206338,-0.213402,1.121173,0.373118,-0.587313,0.822728,-0.086350,-2.102006,-0.044743,1.188421,-2.228942,-1.088717,3.357127,0.178259,-0.374635,0.137243,0.212036,0.047583,-0.224478,0.341927,-0.116387
5.829050,-1.088807,0.430030,1.273086,0.855059,-1.030676,1.166396,-0.317281,0.222994,-0.226068,1.136951,0.376079,-0.587976,0.825084,-0.086419,-2.102394,-0.044607,1.188638,-2.228892,-1.088943,3.357472,0.178140,-0.377945,0.136867,0.213905,0.048069,-0.224250,0.344330,-0.116602
5.830079,-1.086294,0.431413,1.279377,0.854002,-1.029499,1.167319,-0.318036,0.237220,-0.237911,1.150316,0.379849,-0.588207,0.827310,-0.086466,-2.102763,-0.044469,1.188846,-2.228846,-1.089162,3.357826,0.178025,-0.377344,0.137117,0.213029,0.047319,-0.222172,0.348494,-0.117190
5.831066,-1.090872,0.429048,1.277897,0.854561,-1.029370,1.168884,-0.317364,0.250947,-0.249478,1.163291,0.383570,-0.588167,0.829346,-0.086493,-2.103145,-0.044336,1.189052,-2.228797,-1.089388,3.358176,0.177913,-0.378746,0.136442,0.210118,0.047947,-0.223312,0.347584,-0.115761
5.831995,-1.089209,0.434962,1.278533,0.851790,-1.031165,1.169799,-0.318871,0.265337,-0.261183,1.177050,0.387163,-0.587905,0.831235,-0.086529,-2.103513,-0.044195,1.189266,-2.228753,-1.089611,3.358516,0.177791,-0.376522,0.137513,0.210936,0.047007,-0.223290,0.346049,-0.117170
5.833014,-1.089216,0.429257,1.279303,0.852322,-1.031609,1.169375,-0.317968,0.277422,-0.271111,1.188656,0.390159,-0.587433,0.832795,-0.086584,-2.103891,-0.044066,1.189473,-2.228699,-1.089827,3.358861,0.177683,-0.377092,0.134427,0.210575,0.049147,-0.221292,0.345021,-0.114173
5.833993,-1.089733,0.426951,1.280621,0.851411,-1.031866,1.171944,-0.318031,0.285580,-0.277862,1.196517,0.391566,-0.586938,0.833886,-0.086650,-2.104271,-0.043925,1.189685,-2.228654,-1.090048,3.359204,0.177564,-0.377189,0.137253,0.210350,0.048227,-0.220814,0.345540,-0.116095
5.835033,-1.091769,0.428833,1.282597,0.849244,-1.032662,1.171202,-0.316658,0.291895,-0.283491,1.202625,0.392128,-0.586545,0.834703,-0.086742,-2.104643,-0.043784,1.189891,-2.228605,-1.090264,3.359543,0.177451,-0.376937,0.138246,0.209803,0.048641,-0.220474,0.342965,-0.116020
5.836006,-1.091655,0.427655,1.286040,0.849931,-1.030343,1.168724,-0.317053,0.297274,-0.289019,1.207837,0.392113,-0.586326,0.835385,-0.086866,-2.105022,-0.043648,1.190100,-2.228550,-1.090483,3.359889,0.177328,-0.376131,0.137286,0.209060,0.050238,-0.219695,0.343850,-0.118858
5.836998,-1.091855,0.429143,1.281152,0.849605,-1.034095,1.168985,-0.316199,0.301621,-0.293631,1.212106,0.390881,-0.586334,0.835902,-0.087000,-2.105401,-0.043509,1.190307,-2.228505,-1.090709,3.360238,0.177211,-0.376091,0.137765,0.207422,0.049124,-0.221848,0.346294,-0.118081
5.838028,-1.094033,0.428356,1.284838,0.849019,-1.034250,1.166256,-0.316236,0.304208,-0.296761,1.214709,0.389262,-0.586408,0.836251,-0.087133,-2.105775,-0.043371,1.190520,-2.228456,-1.090919,3.360589,0.177089,-0.376049,0.136918,0.209970,0.048971,-0.218042,0.345989,-0.119854
5.839099,-1.090815,0.427916,1.290059,0.849050,-1.035274,1.166299,-0.316407,0.303279,-0.297507,1.213856,0.387771,-0.586424,0.836361,-0.087267,-2.106150,-0.043233,1.190725,-2.228408,-1.091137,3.360945,0.176971,-0.375163,0.137292,0.208350,0.049140,-0.217934,0.348777,-0.119838
5.840101,-1.086572,0.427072,1.282589,0.847001,-1.034303,1.165655,-0.315376,0.301330,-0.297054,1.212009,0.386317,-0.586466,0.836353,-0.087395,-2.106529,-0.043096,1.190924,-2.228359,-1.091349,3.361293,0.176853,-0.377148,0.137550,0.206181,0.048667,-0.217059,0.348867,-0.119593
5.841004,-1.084980,0.423107,1.284907,0.848530,-1.033307,1.168346,-0.315220,0.302175,-0.297390,1.213035,0.384731,-0.586653,0.836429,-0.087509,-2.106912,-0.042957,1.191139,-2.228307,-1.091569,3.361647,0.176727,-0.379259,0.137887,0.210043,0.050178,-0.217971,0.349496,-0.121708
5.842037,-1.088464,0.424595,1.285186,0.845452,-1.032391,1.166616,-0.315449,0.305700,-0.299029,1.216835,0.383428,-0.586907,0.836654,-0.087612,-2.107292,-0.042816,1.191350,-2.228263,-1.091791,3.361988,0.176603,-0.379616,0.139623,0.208696,0.048182,-0.218663,0.346624,-0.121987
5.843023,-1.087425,0.423236,1.284438,0.847108,-1.036335,1.162605,-0.316503,0.310637,-0.301761,1.222062,0.382923,-0.587080,0.837048,-0.087694,-2.107663,-0.042678,1.191555,-2.228205,-1.092014,3.362344,0.176485,-0.378125,0.138822,0.208836,0.050637,-0.219546,0.348436,-0.121601
5.843960,-1.087005,0.424730,1.277046,0.844733,-1.036476,1.161574,-0.315391,0.314684,-0.304042,1.226454,0.382487,-0.587172,0.837419,-0.087738,-2.108042,-0.042537,1.191765,-2.228162,-1.092221,3.362706,0.176373,-0.378620,0.139382,0.209309,0.048600,-0.215569,0.352368,-0.119551
5.845048,-1.087504,0.425217,1.281926,0.845737,-1.037113,1.158566,-0.316415,0.314348,-0.303828,1.226651,0.381551,-0.587206,0.837508,-0.087750,-2.108415,-0.042401,1.191984,-2.228107,-1.092434,3.363061,0.176247,-0.378640,0.138464,0.212888,0.050341,-0.215329,0.353210,-0.121815
5.846053,-1.094397,0.420528,1.285407,0.846251,-1.037661,1.156947,-0.315666,0.307931,-0.299992,1.221001,0.379908,-0.587240,0.837257,-0.087746,-2.108794,-0.042261,1.192189,-2.228060,-1.092644,3.363423,0.176130,-0.378826,0.138267,0.210803,0.048940,-0.214899,0.356351,-0.119834
5.846980,-1.093169,0.417359,1.277363,0.844449,-1.034853,1.153996,-0.316159,0.297391,-0.293967,1.211357,0.378449,-0.587315,0.836867,-0.087754,-2.109165,-0.042116,1.192395,-2.228014,-1.092856,3.363779,0.176006,-0.375482,0.140475,0.209259,0.048030,-0.214368,0.357931,-0.121405
5.848061,-1.095346,0.417625,1.273013,0.843369,-1.033007,1.155430,-0.315510,0.283008,-0.287370,1.197922,0.378218,-0.587393,0.836394,-0.087807,-2.109538,-0.041973,1.192613,-2.227962,-1.093074,3.364147,0.175888,-0.375902,0.141795,0.213168,0.049246,-0.216991,0.360633,-0.120417
5.849044,-1.095256,0.420001,1.274047,0.845183,-1.030866,1.151791,-0.315572,0.261413,-0.279181,1.177384,0.378588,-0.587435,0.835597,-0.087912,-2.109916,-0.041832,1.192833,-2.227909,-1.093299,3.364507,0.175765,-0.375218,0.141668,0.215554,0.049802,-0.218872,0.359269,-0.121820
5.850094,-1.096720,0.420126,1.276577,0.842539,-1.028596,1.148682,-0.315911,0.231482,-0.268242,1.148609,0.379551,-0.587347,0.834415,-0.088063,-2.110295,-0.041694,1.193048,-2.227865,-1.093524,3.364876,0.175643,-0.375222,0.140358,0.215018,0.047592,-0.220851,0.362811,-0.121720
5.851111,-1.095784,0.420399,1.271374,0.840590,-1.028114,1.146363,-0.315393,0.196270,-0.255047,1.114597,0.381298,-0.587131,0.832969,-0.088240,-2.110669,-0.041552,1.193258,-2.227810,-1.093747,3.365247,0.175526,-0.374794,0.140260,0.214014,0.049684,-0.223128,0.365899,-0.121126
5.851970,-1.091092,0.422247,1.269247,0.840146,-1.026475,1.143813,-0.315753,0.158560,-0.240162,1.078147,0.381992,-0.587010,0.831208,-0.088408,-2.111049,-0.041414,1.193481,-2.227757,-1.093975,3.365626,0.175403,-0.375363,0.140076,0.216665,0.051066,-0.223468,0.368071,-0.122230
5.852974,-1.094298,0.422296,1.268243,0.840692,-1.023439,1.143103,-0.316032,0.119071,-0.223513,1.040016,0.380241,-0.587088,0.829024,-0.088544,-2.111431,-0.041277,1.193698,-2.227704,-1.094200,3.365995,0.175283,-0.377075,0.138852,0.217373,0.050813,-0.224692,0.370214,-0.121468
5.854017,-1.094113,0.418483,1.267839,0.838920,-1.023678,1.143413,-0.314907,0.078368,-0.205369,1.000708,0.377213,-0.587157,0.826473,-0.088635,-2.111806,-0.041136,1.193919,-2.227656,-1.094435,3.366369,0.175160,-0.375534,0.138733,0.217878,0.049810,-0.227523,0.370774,-0.120955
5.855014,-1.089585,0.423311,1.265948,0.839256,-1.023874,1.143198,-0.314915,0.037207,-0.186884,0.960885,0.374368,-0.587012,0.823694,-0.088682,-2.112185,-0.040993,1.194139,-2.227601,-1.094667,3.366740,0.175035,-0.375865,0.140585,0.218201,0.051024,-0.227152,0.370416,-0.123287
5.855999,-1.083787,0.420456,1.262238,0.838230,-1.023066,1.141167,-0.315621,-0.002438,-0.169405,0.922541,0.371804,-0.586699,0.820897,-0.088696,-2.112563,-0.040860,1.194360,-2.227552,-1.094892,3.367110,0.174914,-0.378169,0.138101,0.219140,0.050188,-0.226817,0.370515,-0.123298
5.857132,-1.092811,0.418197,1.262157,0.837617,-1.023772,1.139610,-0.315583,-0.038035,-0.153723,0.888289,0.369384,-0.586333,0.818296,-0.088668,-2.112949,-0.040720,1.194585,-2.227498,-1.095125,3.367488,0.174794,-0.380947,0.139446,0.220910,0.050613,-0.227401,0.372365,-0.121918
5.858030,-1.090028,0.423240,1.258803,0.836556,-1.021901,1.138852,-0.315966,-0.070041,-0.140093,0.857638,0.367181,-0.585925,0.815860,-0.088576,-2.113314,-0.040578,1.194805,-2.227447,-1.095350,3.367864,0.174671,-0.377181,0.140661,0.221294,0.050782,-0.226835,0.374048,-0.122117
5.858999,-1.086556,0.421625,1.253545,0.837639,-1.019476,1.138242,-0.316832,-0.102434,-0.126720,0.826586,0.364821,-0.585419,0.813333,-0.088407,-2.113693,-0.040443,1.195032,-2.227395,-1.095583,3.368241,0.174552,-0.378175,0.137889,0.222632,0.051220,-0.228309,0.374419,-0.121344
5.859960,-1.090128,0.419462,1.254566,0.838496,-1.017390,1.138131,-0.316470,-0.137419,-0.111726,0.792965,0.362508,-0.584726,0.810651,-0.088166,-2.114079,-0.040304,1.195264,-2.227349,-1.095819,3.368612,0.174436,-0.379714,0.138595,0.225044,0.049688,-0.230428,0.374835,-0.119657
5.861018,-1.090914,0.422101,1.255433,0.838367,-1.016700,1.141283,-0.316011,-0.174009,-0.096084,0.757630,0.362034,-0.583710,0.807999,-0.087882,-2.114451,-0.040162,1.195487,-2.227301,-1.096053,3.368988,0.174314,-0.377836,0.139490,0.224376,0.048365,-0.232215,0.374704,-0.120430
5.862043,-1.094242,0.423355,1.255384,0.837227,-1.016891,1.141385,-0.316553,-0.210752,-0.081035,0.721835,0.364533,-0.582340,0.805536,-0.087601,-2.114832,-0.040027,1.195712,-2.227253,-1.096286,3.369357,0.174190,-0.377731,0.138201,0.224047,0.048100,-0.232806,0.371535,-0.121419
5.863095,-1.098115,0.420859,1.252954,0.837620,-1.014763,1.139704,-0.316064,-0.246912,-0.066008,0.686297,0.368766,-0.580808,0.803272,-0.087350,-2.115202,-0.039889,1.195937,-2.227203,-1.096525,3.369724,0.174074,-0.376296,0.137539,0.224076,0.048747,-0.232396,0.371412,-0.120394
5.864125,-1.096723,0.422705,1.252239,0.836521,-1.013473,1.141293,-0.316379,-0.321505,-0.033181,0.612195,0.377796,-0.577576,0.798648,-0.086887,-2.115956,-0.039612,1.196393,-2.227108,-1.096999,3.370467,0.173833,-0.375560,0.137816,0.225692,0.048640,-0.235510,0.371408,-0.120889
5.865092,-1.097329,0.422230,1.252546,0.836926,-1.014550,1.142205,-0.316126,-0.321505,-0.033181,0.612195,0.377796,-0.577576,0.798648,-0.086887,-2.115956,-0.039612,1.196393,-2.227108,-1.096999,3.370467,0.173833,-0.375560,0.137816,0.225692,0.048640,-0.235510,0.371408,-0.120889
5.866051,-1.098980,0.424645,1.248922,0.837516,-1.015489,1.142563,-0.316478,-0.358586,-0.016174,0.575165,0.381805,-0.575896,0.796242,-0.086628,-2.116330,-0.039473,1.196615,-2.227064,-1.097228,3.370834,0.173711,-0.375184,0.137931,0.225434,0.047818,-0.234169,0.370328,-0.121434
5.866993,-1.100994,0.425231,1.249151,0.837652,-1.018213,1.143921,-0.316587,-0.393977,0.000914,0.539767,0.385434,-0.574197,0.793866,-0.086327,-2.116702,-0.039339,1.196846,-2.227018,-1.097458,3.371205,0.173592,-0.374270,0.136613,0.227022,0.046812,-0.232967,0.369766,-0.120753
5.868093,-1.104692,0.423459,1.248734,0.837145,-1.019589,1.147026,-0.316428,-0.429188,0.019071,0.504499,0.389044,-0.572413,0.791443,-0.085982,-2.117073,-0.039202,1.197075,-2.226973,-1.097686,3.371568,0.173467,-0.373124,0.136171,0.226627,0.046246,-0.229942,0.368203,-0.120542
5.869021,-1.106653,0.425315,1.245444,0.835539,-1.020382,1.147546,-0.316755,-0.464310,0.038218,0.469293,0.392466,-0.570598,0.788976,-0.085596,-2.117437,-0.039063,1.197302,-2.226925,-1.097907,3.371925,0.173344,-0.371934,0.137140,0.227040,0.046379,-0.228708,0.365251,-0.120961
5.869977,-1.107419,0.421087,1.241607,0.836214,-1.022959,1.146406,-0.315757,-0.499333,0.058050,0.434197,0.394879,-0.568856,0.786444,-0.085167,-2.117804,-0.038931,1.197533,-2.226876,-1.098133,3.372289,0.173225,-0.370802,0.136062,0.228378,0.047453,-0.227627,0.364521,-0.120314
5.871142,-1.112707,0.425097,1.244936,0.836470,-1.024020,1.148442,-0.317040,-0.535393,0.078754,0.398111,0.395735,-0.567232,0.783740,-0.084700,-2.118170,-0.038787,1.197763,-2.226830,-1.098351,3.372654,0.173099,-0.370398,0.137991,0.230063,0.046330,-0.224888,0.365498,-0.122339
5.872017,-1.113915,0.422770,1.246738,0.836161,-1.023644,1.146417,-0.316481,-0.572182,0.099655,0.361316,0.395741,-0.565698,0.780916,-0.084220,-2.118536,-0.038653,1.197990,-2.226786,-1.098574,3.373019,0.172983,-0.368680,0.136182,0.228724,0.045847,-0.224095,0.363692,-0.119886
5.872963,-1.115220,0.422210,1.245046,0.837562,-1.025182,1.145444,-0.316889,-0.607513,0.119838,0.325950,0.395477,-0.564278,0.778143,-0.083749,-2.118904,-0.038517,1.198215,-2.226741,-1.098800,3.373382,0.172856,-0.367677,0.137124,0.227438,0.045685,-0.224075,0.365413,-0.120995
5.874102,-1.113304,0.422521,1.248483,0.835302,-1.024362,1.147614,-0.315799,-0.639340,0.138234,0.294024,0.395484,-0.562982,0.775517,-0.083325,-2.119266,-0.038379,1.198443,-2.226701,-1.099016,3.373749,0.172737,-0.367003,0.137228,0.228079,0.043970,-0.222365,0.366161,-0.120191
5.875047,-1.111703,0.419462,1.248837,0.834526,-1.024804,1.149369,-0.314634,-0.665461,0.153639,0.267777,0.395911,-0.561859,0.773143,-0.082983,-2.119641,-0.038244,1.198668,-2.226652,-1.099243,3.374116,0.172609,-0.368704,0.137242,0.226654,0.045886,-0.223365,0.364159,-0.122495
5.875993,-1.106487,0.422633,1.251064,0.835421,-1.027678,1.150313,-0.313457,-0.682075,0.164553,0.251108,0.395531,-0.561125,0.771216,-0.082731,-2.120010,-0.038101,1.198894,-2.226606,-1.099470,3.374469,0.172480,-0.369395,0.138569,0.226267,0.046185,-0.222638,0.362270,-0.124815
5.876964,-1.108922,0.419679,1.255365,0.836235,-1.028110,1.149170,-0.313437,-0.686162,0.169799,0.247062,0.393986,-0.560869,0.769933,-0.082573,-2.120387,-0.037966,1.199116,-2.226563,-1.099682,3.374831,0.172352,-0.371817,0.136822,0.224986,0.044900,-0.219633,0.361148,-0.127157
5.878010,-1.109584,0.418822,1.254798,0.835308,-1.031732,1.148819,-0.313903,-0.677029,0.169200,0.256248,0.392445,-0.560969,0.769412,-0.082497,-2.120756,-0.037825,1.199337,-2.226523,-1.099901,3.375194,0.172222,-0.370584,0.138169,0.222741,0.043822,-0.219098,0.362175,-0.127175
5.879116,-1.110596,0.422566,1.253036,0.837305,-1.033643,1.146181,-0.313573,-0.656817,0.163363,0.276462,0.391521,-0.561311,0.769548,-0.082471,-2.121122,-0.037686,1.199563,-2.226478,-1.100113,3.375558,0.172101,-0.370659,0.138571,0.223105,0.044407,-0.215541,0.362535,-0.126307
5.880007,-1.109420,0.420409,1.257074,0.836101,-1.033323,1.146179,-0.313883,-0.630791,0.154679,0.302513,0.391135,-0.561779,0.770022,-0.082457,-2.121493,-0.037554,1.199790,-2.226440,-1.100322,3.375932,0.171970,-0.370760,0.136832,0.224200,0.042230,-0.213913,0.365277,-0.127046
5.880980,-1.107735,0.422776,1.255363,0.835341,-1.033973,1.148269,-0.313896,-0.602593,0.145244,0.330843,0.391397,-0.562280,0.770626,-0.082437,-2.121867,-0.037414,1.200008,-2.226396,-1.100536,3.376292,0.171843,-0.370940,0.137670,0.221890,0.043044,-0.213995,0.364961,-0.126378
5.882024,-1.112083,0.423566,1.262165,0.838052,-1.036283,1.147724,-0.315346,-0.572165,0.135264,0.361527,0.391635,-0.562936,0.771371,-0.082406,-2.122238,-0.037277,1.200231,-2.226351,-1.100744,3.376655,0.171717,-0.371783,0.136357,0.222675,0.043401,-0.213327,0.362717,-0.126370
5.883012,-1.109732,0.422567,1.261136,0.837569,-1.034598,1.145950,-0.315376,-0.539690,0.124955,0.394337,0.391833,-0.563804,0.772299,-0.082370,-2.122606,-0.037143,1.200446,-2.226316,-1.100952,3.377016,0.171598,-0.369941,0.136002,0.219407,0.040530,-0.211137,0.363317,-0.123524
5.883996,-1.114767,0.421460,1.268073,0.836976,-1.036442,1.147059,-0.315174,-0.505715,0.114119,0.428621,0.393319,-0.564750,0.773398,-0.082337,-2.122979,-0.037005,1.200663,-2.226274,-1.101165,3.377381,0.171474,-0.371198,0.136414,0.219971,0.040745,-0.212833,0.364993,-0.123521
5.885152,-1.112501,0.425027,1.269006,0.835796,-1.036026,1.147289,-0.315655,-0.470117,0.102086,0.464430,0.395916,-0.565782,0.774556,-0.082306,-2.123343,-0.036866,1.200874,-2.226232,-1.101376,3.377749,0.171348,-0.368766,0.136860,0.216541,0.040996,-0.210931,0.363713,-0.123953
5.886013,-1.109879,0.426662,1.270054,0.835874,-1.036522,1.146854,-0.316534,-0.432742,0.089023,0.501944,0.397952,-0.567020,0.775627,-0.082254,-2.123722,-0.036736,1.201092,-2.226187,-1.101587,3.378110,0.171226,-0.370683,0.135314,0.216542,0.041906,-0.211710,0.363761,-0.123104
5.887023,-1.103650,0.429855,1.270564,0.835193,-1.039582,1.146962,-0.316786,-0.393591,0.075751,0.541271,0.398246,-0.568463,0.776505,-0.082137,-2.124092,-0.036604,1.201305,-2.226146,-1.101796,3.378477,0.171111,-0.371488,0.134282,0.215739,0.041454,-0.210942,0.363802,-0.121336
5.888045,-1.110837,0.428906,1.271392,0.833871,-1.042444,1.151123,-0.316046,-0.352225,0.062667,0.582920,0.396474,-0.570041,0.777164,-0.081947,-2.124475,-0.036475,1.201518,-2.226104,-1.101998,3.378840,0.170991,-0.374653,0.132722,0.215598,0.041821,-0.207984,0.363636,-0.120902
5.889108,-1.111492,0.426784,1.277866,0.834435,-1.044118,1.151676,-0.317278,-0.309721,0.050271,0.625763,0.392259,-0.571723,0.777554,-0.081706,-2.124836,-0.036340,1.201729,-2.226061,-1.102195,3.379190,0.170863,-0.371340,0.133210,0.215364,0.042828,-0.205323,0.359483,-0.122436
5.890049,-1.111819,0.426582,1.280452,0.833080,-1.048721,1.149973,-0.316772,-0.268248,0.038540,0.667515,0.385884,-0.573421,0.777666,-0.081412,-2.125206,-0.036202,1.201936,-2.226019,-1.102396,3.379550,0.170749,-0.371472,0.134302,0.212424,0.041998,-0.203914,0.359043,-0.120040
5.891062,-1.112721,0.424363,1.279870,0.834818,-1.050244,1.150708,-0.317749,-0.226891,0.025842,0.709077,0.378073,-0.575129,0.777644,-0.081061,-2.125578,-0.036069,1.202145,-2.225975,-1.102590,3.379909,0.170627,-0.371138,0.134272,0.211124,0.042973,-0.199335,0.360586,-0.121100
5.891966,-1.115579,0.430111,1.279366,0.833955,-1.051442,1.148949,-0.318652,-0.185478,0.011383,0.750706,0.369536,-0.576854,0.777552,-0.080671,-2.125944,-0.035930,1.202353,-2.225939,-1.102783,3.380274,0.170511,-0.370927,0.135323,0.211618,0.041047,-0.198062,0.359770,-0.119193
5.893093,-1.119551,0.429322,1.284834,0.835694,-1.051717,1.149040,-0.319099,-0.148115,-0.002912,0.788327,0.361356,-0.578419,0.777249,-0.080259,-2.126314,-0.035807,1.202565,-2.225896,-1.102974,3.380638,0.170395,-0.369183,0.132366,0.211723,0.041525,-0.196881,0.361265,-0.117406
5.893982,-1.118152,0.431310,1.286032,0.833702,-1.053328,1.147722,-0.318917,-0.118320,-0.014678,0.818433,0.354202,-0.579697,0.776579,-0.079868,-2.126676,-0.035675,1.202770,-2.225860,-1.103170,3.380998,0.170281,-0.368016,0.132981,0.209479,0.039685,-0.197048,0.361373,-0.116665
5.894966,-1.117733,0.428972,1.287432,0.833610,-1.054011,1.148675,-0.318799,-0.095023,-0.024076,0.842127,0.348056,-0.580794,0.775589,-0.079555,-2.127050,-0.035542,1.202978,-2.225815,-1.103358,3.381363,0.170164,-0.368311,0.131785,0.208758,0.041243,-0.195421,0.362374,-0.117046
5.896086,-1.118031,0.433202,1.289166,0.832866,-1.054917,1.149402,-0.317366,-0.075357,-0.032435,0.862335,0.342027,-0.581969,0.774381,-0.079356,-2.127423,-0.035408,1.203186,-2.225775,-1.103552,3.381720,0.170043,-0.368547,0.132920,0.208159,0.041053,-0.194899,0.361327,-0.117319
5.897075,-1.118816,0.436232,1.289999,0.833664,-1.057095,1.147764,-0.317332,-0.057682,-0.040386,0.880697,0.335497,-0.583335,0.773018,-0.079272,-2.127792,-0.035281,1.203391,-2.225732,-1.103745,3.382081,0.169918,-0.369092,0.131010,0.207804,0.041543,-0.194446,0.360796,-0.120308
5.898020,-1.114327,0.438501,1.293610,0.832227,-1.056958,1.150508,-0.318363,-0.042264,-0.047125,0.896927,0.328582,-0.584788,0.771504,-0.079271,-2.128162,-0.035151,1.203599,-2.225692,-1.103932,3.382447,0.169798,-0.368774,0.129504,0.207500,0.040465,-0.192481,0.362337,-0.120393
5.899056,-1.110282,0.435752,1.293582,0.831938,-1.058900,1.147733,-0.317785,-0.028484,-0.052113,0.911645,0.321287,-0.586239,0.769928,-0.079301,-2.128539,-0.035026,1.203803,-2.225649,-1.104125,3.382800,0.169683,-0.370840,0.128358,0.205732,0.041543,-0.192715,0.359416,-0.118357
5.900051,-1.108729,0.439336,1.295342,0.835310,-1.062513,1.146970,-0.318143,-0.012570,-0.057306,0.928592,0.313387,-0.587727,0.768579,-0.079331,-2.128913,-0.034893,1.204006,-2.225607,-1.104311,3.383171,0.169564,-0.373124,0.129805,0.206075,0.041545,-0.191093,0.362198,-0.119619
5.901101,-1.114909,0.441122,1.298721,0.833519,-1.063433,1.147362,-0.318641,0.007655,-0.064649,0.949837,0.306084,-0.589132,0.767675,-0.079356,-2.129286,-0.034770,1.204209,-2.225575,-1.104495,3.383540,0.169445,-0.373955,0.128072,0.205385,0.038062,-0.187741,0.362817,-0.118938
5.902024,-1.116026,0.436577,1.297576,0.832110,-1.066671,1.145237,-0.318883,0.029681,-0.073082,0.972759,0.300871,-0.590216,0.767158,-0.079365,-2.129650,-0.034644,1.204410,-2.225532,-1.104679,3.383898,0.169329,-0.371275,0.127332,0.204053,0.039593,-0.187239,0.362474,-0.118037
5.903089,-1.118922,0.438675,1.296524,0.833979,-1.069933,1.145814,-0.318084,0.049383,-0.080543,0.993257,0.296544,-0.591037,0.766703,-0.079352,-2.130018,-0.034510,1.204615,-2.225490,-1.104857,3.384265,0.169212,-0.370535,0.129489,0.204629,0.040648,-0.184154,0.364356,-0.117579
5.903964,-1.121234,0.437146,1.300645,0.832663,-1.070927,1.144912,-0.319042,0.063794,-0.086325,1.008422,0.292294,-0.591691,0.766058,-0.079343,-2.130390,-0.034384,1.204825,-2.225455,-1.105034,3.384623,0.169087,-0.369495,0.128577,0.205450,0.038655,-0.181389,0.363849,-0.119267
5.905125,-1.123164,0.444245,1.301714,0.832818,-1.070405,1.144489,-0.319617,0.071997,-0.090287,1.017333,0.288895,-0.592165,0.765213,-0.079352,-2.130752,-0.034255,1.205022,-2.225413,-1.105208,3.384993,0.168978,-0.367992,0.129183,0.203308,0.039594,-0.180527,0.364376,-0.117342
5.906003,-1.122535,0.444163,1.303177,0.831063,-1.070998,1.142283,-0.318465,0.074819,-0.091934,1.020837,0.286040,-0.592566,0.764221,-0.079365,-2.131123,-0.034137,1.205230,-2.225373,-1.105391,3.385365,0.168861,-0.367903,0.126017,0.203375,0.039288,-0.181700,0.365013,-0.116351
5.907011,-1.122350,0.442965,1.301385,0.829691,-1.072207,1.139214,-0.319454,0.073220,-0.090393,1.019977,0.282603,-0.593063,0.763098,-0.079372,-2.131488,-0.034010,1.205431,-2.225332,-1.105569,3.385729,0.168740,-0.367853,0.125952,0.202543,0.040684,-0.181182,0.366891,-0.118675
5.907998,-1.124046,0.442808,1.302287,0.828791,-1.070234,1.140543,-0.319062,0.068421,-0.086063,1.016000,0.277492,-0.593870,0.761842,-0.079370,-2.131859,-0.033879,1.205634,-2.225288,-1.105746,3.386106,0.168626,-0.368118,0.126574,0.203689,0.041687,-0.180335,0.369826,-0.116734
5.909040,-1.122252,0.442629,1.303240,0.829403,-1.071358,1.139779,-0.319785,0.061311,-0.080196,1.009701,0.270440,-0.595088,0.760475,-0.079347,-2.132226,-0.033754,1.205836,-2.225246,-1.105935,3.386471,0.168505,-0.367365,0.126697,0.203414,0.042263,-0.182551,0.368337,-0.117590
5.910053,-1.117760,0.442680,1.301048,0.829582,-1.070554,1.138979,-0.319944,0.053106,-0.074110,1.002210,0.262553,-0.596583,0.759166,-0.079305,-2.132593,-0.033626,1.206038,-2.225208,-1.106116,3.386839,0.168393,-0.368647,0.126907,0.203272,0.041446,-0.181794,0.369109,-0.116226
5.911151,-1.119034,0.444093,1.303309,0.829672,-1.068938,1.139370,-0.320186,0.046326,-0.069545,0.996040,0.255383,-0.598170,0.758160,-0.079251,-2.132970,-0.033499,1.206246,-2.225166,-1.106301,3.387212,0.168275,-0.371011,0.126953,0.204572,0.040988,-0.182920,0.369797,-0.115986
5.912064,-1.125133,0.445303,1.306488,0.831414,-1.070471,1.138596,-0.319353,0.042374,-0.067313,0.992574,0.249837,-0.599687,0.757578,-0.079194,-2.133342,-0.033374,1.206448,-2.225128,-1.106491,3.387579,0.168156,-0.370915,0.126462,0.203898,0.040754,-0.184977,0.369499,-0.115610
5.913014,-1.120648,0.444622,1.301693,0.832493,-1.070028,1.136976,-0.320015,0.039754,-0.066534,0.990258,0.246492,-0.600915,0.757379,-0.079149,-2.133703,-0.033249,1.206646,-2.225093,-1.106670,3.387950,0.168037,-0.367675,0.125798,0.202335,0.038780,-0.183561,0.369974,-0.117304
5.914100,-1.124503,0.446963,1.303194,0.829244,-1.071324,1.137561,-0.321053,0.028771,-0.065124,0.979571,0.248039,-0.601884,0.757565,-0.079097,-2.134445,-0.032998,1.207060,-2.225013,-1.107036,3.388697,0.167813,-0.368416,0.125175,0.204415,0.040492,-0.183375,0.370796,-0.114058
5.915020,-1.125722,0.446148,1.303062,0.830989,-1.071702,1.138714,-0.320408,0.018395,-0.062892,0.969352,0.249580,-0.602011,0.757570,-0.079064,-2.134814,-0.032872,1.207264,-2.224978,-1.107219,3.389069,0.167692,-0.367593,0.125524,0.204465,0.038511,-0.183118,0.369338,-0.115385
5.916119,-1.129220,0.445103,1.304010,0.831868,-1.073915,1.139267,-0.320056,0.018395,-0.062892,0.969352,0.249580,-0.602011,0.757570,-0.079064,-2.134814,-0.032872,1.207264,-2.224978,-1.107219,3.389069,0.167692,-0.367593,0.125524,0.204465,0.038511,-0.183118,0.369338,-0.115385
5.917036,-1.129330,0.445851,1.297311,0.832465,-1.072620,1.138131,-0.319981,0.004612,-0.059851,0.955653,0.251457,-0.602013,0.757509,-0.079047,-2.135184,-0.032745,1.207469,-2.224940,-1.107403,3.389431,0.167573,-0.366427,0.126259,0.204444,0.037504,-0.181392,0.368929,-0.116196
5.918017,-1.116558,0.447124,1.298824,0.830843,-1.072825,1.139646,-0.319594,-0.013641,-0.056238,0.937397,0.255089,-0.601771,0.757385,-0.079069,-2.135549,-0.032620,1.207681,-2.224904,-1.107584,3.389803,0.167456,-0.366201,0.125822,0.207706,0.036682,-0.182848,0.369775,-0.116359
5.919132,-1.124153,0.444367,1.297770,0.832081,-1.072417,1.137755,-0.318658,-0.034459,-0.052546,0.916594,0.259787,-0.601436,0.757257,-0.079142,-2.135935,-0.032497,1.207889,-2.224862,-1.107766,3.390173,0.167334,-0.372506,0.125261,0.207017,0.037991,-0.182890,0.368077,-0.117175
5.920067,-1.119996,0.446919,1.302376,0.832214,-1.071682,1.139437,-0.318356,-0.052681,-0.050841,0.898446,0.264445,-0.601267,0.757368,-0.079274,-2.136295,-0.032365,1.208096,-2.224827,-1.107951,3.390544,0.167211,-0.369408,0.126837,0.208025,0.036671,-0.183826,0.370122,-0.119158
5.920987,-1.117975,0.448666,1.295865,0.831725,-1.070987,1.139839,-0.318091,-0.067105,-0.051897,0.884094,0.269327,-0.601240,0.757772,-0.079456,-2.136669,-0.032241,1.208297,-2.224791,-1.108141,3.390907,0.167091,-0.371313,0.125518,0.205741,0.036334,-0.184650,0.368189,-0.119766
5.922041,-1.107913,0.450943,1.292551,0.833793,-1.070819,1.142106,-0.318818,-0.078604,-0.054728,0.872735,0.274437,-0.601270,0.758421,-0.079655,-2.137044,-0.032120,1.208516,-2.224755,-1.108329,3.391268,0.166967,-0.372024,0.124643,0.208868,0.036607,-0.185419,0.367566,-0.120291
5.923013,-1.111370,0.451407,1.292101,0.832428,-1.070297,1.144089,-0.317954,-0.087822,-0.058287,0.863865,0.279779,-0.601268,0.759313,-0.079839,-2.137426,-0.031997,1.208729,-2.224725,-1.108516,3.391626,0.166853,-0.377336,0.123700,0.210742,0.034534,-0.185946,0.365350,-0.118921
5.923994,-1.117257,0.450718,1.289119,0.831992,-1.070644,1.143633,-0.319047,-0.095141,-0.062223,0.857072,0.285833,-0.601121,0.760469,-0.080004,-2.137799,-0.031876,1.208941,-2.224686,-1.108705,3.391986,0.166728,-0.375513,0.123548,0.210971,0.035660,-0.186644,0.363249,-0.120698
5.924985,-1.115184,0.450742,1.281406,0.833873,-1.070867,1.146311,-0.318809,-0.104085,-0.064880,0.848717,0.291827,-0.600775,0.761606,-0.080140,-2.138162,-0.031749,1.209158,-2.224649,-1.108891,3.392346,0.166613,-0.372693,0.123927,0.212464,0.035895,-0.186512,0.363632,-0.118535
5.925962,-1.112109,0.448528,1.274246,0.832934,-1.069533,1.146503,-0.317979,-0.120425,-0.064022,0.832992,0.297793,-0.600024,0.762367,-0.080219,-2.138540,-0.031624,1.209382,-2.224617,-1.109075,3.392703,0.166491,-0.373759,0.123978,0.216277,0.033912,-0.186557,0.360863,-0.119079
5.927064,-1.119410,0.453813,1.276860,0.833053,-1.074293,1.145455,-0.317488,-0.145805,-0.059580,0.808264,0.304919,-0.598688,0.762780,-0.080226,-2.138922,-0.031498,1.209610,-2.224581,-1.109269,3.393060,0.166364,-0.375193,0.125121,0.219707,0.034690,-0.188041,0.360609,-0.120764
5.927978,-1.119986,0.450888,1.273761,0.832299,-1.074321,1.145546,-0.316732,-0.179287,-0.051600,0.775429,0.312580,-0.596932,0.762896,-0.080152,-2.139287,-0.031380,1.209826,-2.224546,-1.109444,3.393424,0.166240,-0.372150,0.122762,0.218677,0.034504,-0.183812,0.361805,-0.121830
5.929018,-1.115721,0.449507,1.271267,0.831678,-1.075339,1.145983,-0.316122,-0.219748,-0.039548,0.735555,0.319289,-0.595063,0.762679,-0.080003,-2.139661,-0.031252,1.210049,-2.224511,-1.109628,3.393790,0.166113,-0.371596,0.124172,0.219997,0.035053,-0.183930,0.361423,-0.123326
5.930015,-1.115960,0.449486,1.266286,0.831851,-1.078380,1.146607,-0.315182,-0.263629,-0.025173,0.692218,0.324547,-0.593355,0.762284,-0.079807,-2.140042,-0.031122,1.210278,-2.224474,-1.109813,3.394144,0.165985,-0.373938,0.124939,0.221249,0.035512,-0.183264,0.361046,-0.124585
5.931008,-1.114057,0.450653,1.265047,0.833926,-1.075861,1.146851,-0.314722,-0.348537,0.002957,0.608236,0.332391,-0.590899,0.761641,-0.079437,-2.140788,-0.030876,1.210730,-2.224411,-1.110180,3.394865,0.165728,-0.374911,0.124535,0.224186,0.033122,-0.183326,0.360035,-0.127411
5.932060,-1.114508,0.451516,1.261830,0.833424,-1.073959,1.146383,-0.313891,-0.348537,0.002957,0.608236,0.332391,-0.590899,0.761641,-0.079437,-2.140788,-0.030876,1.210730,-2.224411,-1.110180,3.394865,0.165728,-0.374911,0.124535,0.224186,0.033122,-0.183326,0.360035,-0.127411
5.933113,-1.111853,0.452981,1.264049,0.832005,-1.073212,1.145131,-0.314348,-0.388282,0.016275,0.568716,0.337731,-0.589793,0.761574,-0.079316,-2.141159,-0.030751,1.210959,-2.224378,-1.110368,3.395223,0.165595,-0.375031,0.124272,0.225845,0.033586,-0.185581,0.360575,-0.129111
5.934025,-1.110843,0.450050,1.258254,0.832942,-1.073693,1.144499,-0.312566,-0.424729,0.029042,0.532364,0.343735,-0.588690,0.761728,-0.079236,-2.141538,-0.030628,1.211182,-2.224341,-1.110557,3.395593,0.165467,-0.376643,0.123721,0.224813,0.034846,-0.186663,0.361827,-0.128220
5.934975,-1.111204,0.452244,1.259391,0.831934,-1.076683,1.147501,-0.312249,-0.456133,0.040622,0.501002,0.349111,-0.587719,0.762105,-0.079194,-2.141920,-0.030503,1.211419,-2.224310,-1.110740,3.395953,0.165327,-0.376720,0.125148,0.227320,0.033797,-0.186265,0.362209,-0.131753
5.935995,-1.116560,0.457041,1.257431,0.833840,-1.077462,1.146738,-0.311261,-0.482778,0.050826,0.474336,0.353801,-0.586870,0.762718,-0.079190,-2.142292,-0.030381,1.211643,-2.224276,-1.110919,3.396309,0.165194,-0.376417,0.124061,0.226542,0.034653,-0.183486,0.359030,-0.132329
5.937014,-1.115550,0.456629,1.253363,0.833643,-1.077485,1.144352,-0.310362,-0.507407,0.061552,0.449634,0.357880,-0.586076,0.763479,-0.079208,-2.142666,-0.030265,1.211874,-2.224248,-1.111102,3.396673,0.165056,-0.373898,0.121860,0.227462,0.032759,-0.183066,0.359789,-0.134312
5.937950,-1.116176,0.457780,1.248463,0.833899,-1.077696,1.144703,-0.308698,-0.533691,0.075085,0.423316,0.361893,-0.585186,0.764167,-0.079242,-2.143040,-0.030141,1.212109,-2.224212,-1.111284,3.397035,0.164913,-0.374613,0.122220,0.229382,0.032834,-0.183388,0.362162,-0.136079
5.939037,-1.120639,0.455901,1.245880,0.832073,-1.075456,1.144475,-0.307444,-0.563410,0.091813,0.393655,0.366199,-0.584142,0.764611,-0.079312,-2.143418,-0.030019,1.212343,-2.224182,-1.111466,3.397401,0.164765,-0.374035,0.121648,0.231507,0.032498,-0.183342,0.361554,-0.139327
5.940053,-1.121243,0.457735,1.250543,0.832952,-1.076969,1.141991,-0.307286,-0.597099,0.111381,0.360071,0.370167,-0.583030,0.764728,-0.079424,-2.143791,-0.029895,1.212580,-2.224144,-1.111657,3.397759,0.164617,-0.372292,0.122827,0.232815,0.034202,-0.186012,0.361926,-0.141815
5.940958,-1.116583,0.454137,1.247392,0.831181,-1.075673,1.140957,-0.305702,-0.632998,0.132600,0.324257,0.373055,-0.582021,0.764556,-0.079560,-2.144161,-0.029773,1.212805,-2.224114,-1.111839,3.398133,0.164477,-0.372203,0.122031,0.230442,0.033279,-0.184793,0.364321,-0.142089
5.941963,-1.112932,0.452773,1.246438,0.831067,-1.077846,1.143819,-0.307061,-0.665515,0.152558,0.291812,0.374507,-0.581376,0.764339,-0.079713,-2.144540,-0.029647,1.213040,-2.224078,-1.112026,3.398501,0.164323,-0.374156,0.123767,0.231630,0.034840,-0.186168,0.365033,-0.145153
5.943019,-1.117508,0.453644,1.253558,0.831235,-1.076365,1.144567,-0.305866,-0.689520,0.168271,0.267890,0.374324,-0.581331,0.764354,-0.079896,-2.144914,-0.029520,1.213273,-2.224044,-1.112210,3.398853,0.164187,-0.376088,0.124510,0.231960,0.034827,-0.184259,0.362135,-0.142365
5.943999,-1.113997,0.455141,1.255616,0.831139,-1.074885,1.141964,-0.305464,-0.702562,0.178342,0.254859,0.372896,-0.581946,0.764816,-0.080108,-2.145286,-0.029394,1.213494,-2.224010,-1.112398,3.399214,0.164037,-0.374127,0.124214,0.228500,0.034576,-0.186136,0.361462,-0.144771
5.944999,-1.111503,0.449233,1.253730,0.830907,-1.070468,1.143348,-0.303383,-0.703981,0.183000,0.253285,0.370881,-0.583126,0.765791,-0.080350,-2.145668,-0.029273,1.213719,-2.223977,-1.112588,3.399579,0.163888,-0.375822,0.123552,0.227384,0.034574,-0.187792,0.363967,-0.145482
5.946033,-1.115457,0.455185,1.256311,0.831186,-1.068087,1.141572,-0.303661,-0.693947,0.182187,0.262971,0.368868,-0.584714,0.767252,-0.080617,-2.146044,-0.029139,1.213947,-2.223942,-1.112783,3.399946,0.163731,-0.377122,0.126514,0.228262,0.034656,-0.192412,0.362440,-0.149581
5.947019,-1.116943,0.452499,1.260552,0.829892,-1.067740,1.140663,-0.302532,-0.675290,0.176843,0.281057,0.367508,-0.586450,0.769076,-0.080882,-2.146418,-0.029019,1.214171,-2.223909,-1.112985,3.400317,0.163581,-0.375366,0.123673,0.226991,0.034307,-0.194950,0.364196,-0.148930
5.947972,-1.116875,0.454724,1.254832,0.830555,-1.066846,1.141363,-0.301189,-0.652150,0.169613,0.303422,0.366357,-0.588180,0.770998,-0.081113,-2.146795,-0.028893,1.214393,-2.223873,-1.113183,3.400680,0.163426,-0.374610,0.125094,0.224812,0.035431,-0.195386,0.364993,-0.151121
5.949029,-1.121228,0.454652,1.262230,0.831060,-1.065781,1.141543,-0.302269,-0.627633,0.162333,0.327063,0.364752,-0.589888,0.772828,-0.081291,-2.147166,-0.028771,1.214625,-2.223838,-1.113381,3.401045,0.163267,-0.374560,0.124004,0.227457,0.034575,-0.196333,0.364088,-0.153683
5.949995,-1.120991,0.455997,1.263516,0.830364,-1.063481,1.142278,-0.302283,-0.604350,0.156055,0.349445,0.363307,-0.591476,0.774529,-0.081409,-2.147542,-0.028650,1.214841,-2.223804,-1.113582,3.401412,0.163120,-0.372698,0.124267,0.223899,0.033995,-0.197633,0.363933,-0.151450
5.950969,-1.119370,0.452310,1.264191,0.827841,-1.060683,1.140944,-0.302174,-0.581964,0.150699,0.370944,0.362495,-0.592960,0.776203,-0.081467,-2.147912,-0.028528,1.215063,-2.223768,-1.113787,3.401770,0.162968,-0.372805,0.123649,0.223179,0.034505,-0.199947,0.363075,-0.151350
5.952089,-1.120971,0.450433,1.265379,0.828829,-1.057613,1.140426,-0.301351,-0.558362,0.145216,0.393755,0.361262,-0.594558,0.777924,-0.081483,-2.148291,-0.028398,1.215285,-2.223728,-1.113996,3.402140,0.162818,-0.373534,0.125492,0.222755,0.036763,-0.202731,0.364256,-0.151488
5.953064,-1.110334,0.452647,1.267673,0.828780,-1.054628,1.136990,-0.300898,-0.532467,0.138357,0.418970,0.358959,-0.596388,0.779721,-0.081478,-2.148668,-0.028270,1.215510,-2.223694,-1.114210,3.402506,0.162661,-0.373333,0.126648,0.222426,0.035705,-0.206043,0.364930,-0.153116
5.954007,-1.112186,0.452575,1.271562,0.826813,-1.052932,1.132715,-0.300832,-0.502007,0.128562,0.448770,0.356616,-0.598385,0.781793,-0.081491,-2.149052,-0.028146,1.215726,-2.223657,-1.114423,3.402881,0.162508,-0.378547,0.125579,0.221259,0.035561,-0.208962,0.368186,-0.153922
5.955072,-1.108067,0.452780,1.276545,0.826453,-1.053375,1.133748,-0.299529,-0.464118,0.115211,0.485968,0.354163,-0.600609,0.784262,-0.081535,-2.149429,-0.028023,1.215940,-2.223616,-1.114636,3.403260,0.162352,-0.377356,0.125639,0.219224,0.037229,-0.210517,0.372178,-0.153924
5.956053,-1.104149,0.456487,1.277422,0.826159,-1.051628,1.132886,-0.300390,-0.418122,0.098719,0.531249,0.350285,-0.603206,0.787059,-0.081610,-2.149809,-0.027897,1.216153,-2.223578,-1.114849,3.403627,0.162189,-0.379766,0.125695,0.216997,0.037399,-0.210184,0.371131,-0.156471
5.957012,-1.099957,0.456678,1.275942,0.825373,-1.047675,1.130343,-0.300980,-0.364348,0.079680,0.584343,0.344832,-0.606147,0.790191,-0.081704,-2.150194,-0.027775,1.216369,-2.223539,-1.115059,3.404000,0.162036,-0.381587,0.123916,0.216579,0.037451,-0.211935,0.371833,-0.154617
5.957999,-1.101302,0.454412,1.281455,0.826329,-1.048193,1.130454,-0.301793,-0.305149,0.059612,0.642986,0.338414,-0.609201,0.793542,-0.081786,-2.150581,-0.027653,1.216588,-2.223500,-1.115280,3.404372,0.161886,-0.383426,0.123881,0.217243,0.037972,-0.215736,0.374177,-0.153350
5.959003,-1.102810,0.453378,1.280054,0.823925,-1.047169,1.130825,-0.302879,-0.243606,0.039382,0.704083,0.332077,-0.612087,0.796909,-0.081839,-2.150961,-0.027526,1.216795,-2.223466,-1.115497,3.404745,0.161739,-0.382677,0.125059,0.214582,0.036858,-0.215098,0.373879,-0.151659
5.959972,-1.104115,0.454224,1.281511,0.823699,-1.046846,1.129426,-0.302120,-0.182181,0.019061,0.765112,0.326455,-0.614691,0.800166,-0.081867,-2.151342,-0.027400,1.217010,-2.223421,-1.115716,3.405118,0.161595,-0.381942,0.125643,0.215384,0.038925,-0.216082,0.373377,-0.149439
5.961070,-1.101687,0.451401,1.285942,0.823373,-1.047754,1.128623,-0.302669,-0.124840,0.000308,0.822107,0.320840,-0.617039,0.803093,-0.081870,-2.151726,-0.027276,1.217223,-2.223382,-1.115936,3.405493,0.161441,-0.381126,0.125257,0.214656,0.038867,-0.216249,0.374579,-0.150895
5.961979,-1.103593,0.453169,1.284956,0.823503,-1.045296,1.129259,-0.303179,-0.072341,-0.016548,0.874319,0.314977,-0.619218,0.805684,-0.081867,-2.152108,-0.027145,1.217429,-2.223341,-1.116151,3.405874,0.161297,-0.382791,0.126842,0.212853,0.038983,-0.215515,0.375400,-0.149781
5.963000,-1.106914,0.452673,1.284560,0.822685,-1.041692,1.128695,-0.304101,-0.023151,-0.032487,0.923280,0.309605,-0.621284,0.808128,-0.081882,-2.152490,-0.027020,1.217644,-2.223304,-1.116374,3.406247,0.161151,-0.381384,0.125871,0.213192,0.038585,-0.217703,0.374416,-0.148660
5.964101,-1.108342,0.447121,1.288016,0.822396,-1.043266,1.124652,-0.304441,0.019724,-0.045938,0.965995,0.305349,-0.623111,0.810336,-0.081925,-2.152865,-0.026893,1.217854,-2.223264,-1.116600,3.406620,0.161006,-0.379902,0.126220,0.213572,0.039155,-0.221231,0.374903,-0.146773
5.965017,-1.106410,0.450191,1.289231,0.823070,-1.041109,1.124275,-0.302617,0.054145,-0.056347,1.000305,0.302306,-0.624630,0.812145,-0.082004,-2.153248,-0.026757,1.218063,-2.223223,-1.116819,3.407007,0.160861,-0.379635,0.129118,0.212230,0.039237,-0.219753,0.378971,-0.146110
5.966100,-1.104732,0.451788,1.294483,0.822381,-1.041027,1.124950,-0.303955,0.082740,-0.065625,1.028820,0.300536,-0.625904,0.813604,-0.082152,-2.153632,-0.026633,1.218273,-2.223187,-1.117044,3.407384,0.160702,-0.380190,0.127503,0.211535,0.038321,-0.221633,0.378972,-0.149654
5.967190,-1.109013,0.449969,1.296874,0.821729,-1.041526,1.125624,-0.304822,0.108867,-0.074562,1.054928,0.299969,-0.626972,0.814892,-0.082371,-2.154014,-0.026508,1.218474,-2.223146,-1.117265,3.407762,0.160562,-0.381407,0.126918,0.209354,0.038808,-0.221788,0.378302,-0.146931
5.968138,-1.105501,0.452874,1.295441,0.822805,-1.042704,1.127482,-0.304562,0.134536,-0.083290,1.080644,0.299860,-0.627897,0.816122,-0.082602,-2.154392,-0.026376,1.218680,-2.223106,-1.117482,3.408141,0.160421,-0.379685,0.127986,0.208581,0.039256,-0.221429,0.377638,-0.145221
5.969132,-1.104308,0.453519,1.292499,0.822437,-1.043097,1.127337,-0.303815,0.158919,-0.091451,1.105112,0.300011,-0.628617,0.817292,-0.082798,-2.154774,-0.026250,1.218891,-2.223070,-1.117695,3.408517,0.160276,-0.381230,0.126490,0.209288,0.037957,-0.220128,0.375505,-0.145691
5.970050,-1.103858,0.450818,1.296264,0.820280,-1.042934,1.127067,-0.303941,0.179723,-0.097771,1.126046,0.300869,-0.628966,0.818349,-0.082949,-2.155158,-0.026122,1.219104,-2.223031,-1.117916,3.408891,0.160125,-0.381762,0.126204,0.210837,0.038085,-0.219642,0.375514,-0.147116
5.970986,-1.105373,0.448195,1.297042,0.821053,-1.043427,1.126796,-0.305064,0.196561,-0.102061,1.143041,0.301660,-0.629022,0.819187,-0.083044,-2.155540,-0.025996,1.219310,-2.222989,-1.118139,3.409263,0.159979,-0.381590,0.127509,0.208881,0.039898,-0.219523,0.375483,-0.146752
5.972096,-1.107054,0.447193,1.293190,0.821973,-1.045103,1.126244,-0.303899,0.211030,-0.105838,1.157643,0.301491,-0.628965,0.819763,-0.083072,-2.155914,-0.025866,1.219514,-2.222951,-1.118357,3.409638,0.159839,-0.380618,0.128734,0.208535,0.038847,-0.218835,0.375472,-0.144428
5.973023,-1.107194,0.447305,1.296087,0.821567,-1.043471,1.128240,-0.304688,0.222260,-0.109717,1.168983,0.301423,-0.628695,0.820042,-0.083055,-2.156293,-0.025736,1.219730,-2.222913,-1.118574,3.410018,0.159688,-0.380317,0.129429,0.210837,0.037785,-0.217336,0.376082,-0.146791
5.973979,-1.106578,0.447576,1.298549,0.821237,-1.042544,1.127329,-0.305313,0.228229,-0.113043,1.175093,0.302572,-0.628086,0.819987,-0.083027,-2.156668,-0.025608,1.219938,-2.222875,-1.118796,3.410385,0.159546,-0.379988,0.129284,0.209302,0.037935,-0.218751,0.373802,-0.145099
5.975053,-1.110218,0.447624,1.300231,0.822241,-1.042250,1.130397,-0.304767,0.230578,-0.115941,1.177630,0.304540,-0.627277,0.819704,-0.083010,-2.157047,-0.025477,1.220143,-2.222839,-1.119016,3.410764,0.159408,-0.380123,0.129093,0.208147,0.038065,-0.219502,0.374480,-0.143806
5.975992,-1.109002,0.449500,1.300560,0.820277,-1.042500,1.130644,-0.305838,0.231217,-0.118728,1.178468,0.307042,-0.626406,0.819310,-0.083031,-2.157427,-0.025349,1.220351,-2.222804,-1.119239,3.411126,0.159261,-0.378643,0.129228,0.207659,0.036954,-0.219837,0.371461,-0.144908
5.976970,-1.106773,0.446684,1.300100,0.819102,-1.042496,1.131042,-0.305575,0.229846,-0.120784,1.177308,0.309740,-0.625564,0.818797,-0.083101,-2.157804,-0.025223,1.220556,-2.222761,-1.119454,3.411496,0.159126,-0.379043,0.128247,0.207512,0.038581,-0.219419,0.370989,-0.142691
5.978001,-1.105390,0.443940,1.297285,0.819856,-1.042484,1.132548,-0.305930,0.227101,-0.121923,1.174837,0.311110,-0.624995,0.818092,-0.083192,-2.158189,-0.025091,1.220768,-2.222720,-1.119676,3.411865,0.158979,-0.380022,0.129636,0.207800,0.039427,-0.219285,0.370436,-0.143177
5.979081,-1.107896,0.444574,1.302524,0.820934,-1.041149,1.132351,-0.305284,0.224479,-0.123383,1.172537,0.310838,-0.624795,0.817236,-0.083287,-2.158574,-0.024957,1.220980,-2.222684,-1.119896,3.412232,0.158837,-0.380807,0.131024,0.209403,0.038519,-0.219289,0.368884,-0.142437
5.979986,-1.107242,0.447025,1.300798,0.820629,-1.040241,1.130872,-0.305400,0.222683,-0.126304,1.170984,0.310640,-0.624728,0.816383,-0.083398,-2.158951,-0.024826,1.221181,-2.222647,-1.120118,3.412602,0.158691,-0.379956,0.130831,0.207188,0.037295,-0.220708,0.369148,-0.143739
5.981026,-1.104128,0.451666,1.303828,0.822557,-1.042252,1.134343,-0.305424,0.221294,-0.130044,1.169694,0.311503,-0.624540,0.815564,-0.083515,-2.159334,-0.024702,1.221391,-2.222606,-1.120341,3.412978,0.158549,-0.379834,0.129524,0.207949,0.037279,-0.221307,0.370280,-0.143405
5.982030,-1.104287,0.451852,1.300877,0.820299,-1.041504,1.135421,-0.305180,0.219863,-0.133047,1.168288,0.313367,-0.624117,0.814787,-0.083604,-2.159715,-0.024577,1.221594,-2.222575,-1.120555,3.413337,0.158404,-0.381600,0.127344,0.206732,0.035299,-0.219337,0.366793,-0.143335
5.983085,-1.108257,0.448440,1.303486,0.820372,-1.041533,1.137270,-0.306026,0.218645,-0.134414,1.167111,0.315648,-0.623500,0.814118,-0.083641,-2.160099,-0.024448,1.221807,-2.222534,-1.120778,3.413703,0.158260,-0.381489,0.127305,0.208339,0.037315,-0.220011,0.365655,-0.143788
5.984122,-1.109421,0.452741,1.300288,0.820053,-1.042032,1.134368,-0.305538,0.216758,-0.134122,1.165294,0.317244,-0.622794,0.813455,-0.083622,-2.160477,-0.024318,1.222014,-2.222498,-1.121001,3.414063,0.158119,-0.379768,0.129140,0.207322,0.037091,-0.219982,0.363856,-0.142071
5.985014,-1.103018,0.449912,1.295098,0.820775,-1.042642,1.136900,-0.305223,0.211948,-0.131958,1.160610,0.317788,-0.621967,0.812564,-0.083545,-2.160852,-0.024195,1.222226,-2.222460,-1.121214,3.414437,0.157975,-0.379444,0.127108,0.209140,0.037217,-0.219548,0.366740,-0.143052
5.986050,-1.106130,0.449731,1.290697,0.819525,-1.042689,1.135815,-0.305058,0.202720,-0.127488,1.151695,0.317796,-0.620895,0.811321,-0.083408,-2.161240,-0.024065,1.222445,-2.222425,-1.121430,3.414801,0.157827,-0.382102,0.128406,0.211477,0.036282,-0.218676,0.363846,-0.143558
5.987045,-1.107426,0.453336,1.291231,0.821099,-1.047311,1.134710,-0.303831,0.188749,-0.121131,1.138298,0.317739,-0.619543,0.809754,-0.083212,-2.161612,-0.023937,1.222664,-2.222385,-1.121653,3.415167,0.157685,-0.380776,0.128572,0.213787,0.037317,-0.218605,0.364948,-0.143870
5.988009,-1.107700,0.455559,1.287615,0.821148,-1.045867,1.136456,-0.304414,0.168882,-0.112450,1.119212,0.317578,-0.617944,0.807836,-0.082979,-2.161991,-0.023811,1.222879,-2.222355,-1.121855,3.415534,0.157533,-0.380145,0.126814,0.213546,0.035677,-0.214030,0.365939,-0.146265
5.989010,-1.105178,0.453333,1.289290,0.821311,-1.049550,1.138937,-0.302966,0.142307,-0.100362,1.093568,0.317571,-0.616104,0.805572,-0.082744,-2.162372,-0.023686,1.223098,-2.222320,-1.122075,3.415895,0.157390,-0.379855,0.125732,0.215292,0.035468,-0.215382,0.364026,-0.145004
5.989967,-1.102041,0.453744,1.282832,0.822246,-1.050124,1.139175,-0.303259,0.111544,-0.086102,1.063860,0.318180,-0.614088,0.803177,-0.082529,-2.162750,-0.023557,1.223313,-2.222286,-1.122277,3.416253,0.157238,-0.381168,0.126900,0.214508,0.035191,-0.211754,0.361494,-0.147869
5.990985,-1.101130,0.455691,1.279274,0.820390,-1.051121,1.137102,-0.302889,0.080528,-0.072396,1.033998,0.319737,-0.612001,0.800888,-0.082352,-2.163137,-0.023432,1.223537,-2.222253,-1.122486,3.416618,0.157091,-0.382476,0.126686,0.217619,0.034128,-0.211147,0.361100,-0.147166
5.992085,-1.102478,0.452915,1.276599,0.820304,-1.050465,1.137025,-0.304431,0.049423,-0.059504,1.004120,0.321852,-0.609867,0.798608,-0.082201,-2.163523,-0.023305,1.223762,-2.222215,-1.122696,3.416981,0.156938,-0.382952,0.125785,0.219368,0.035813,-0.210209,0.363157,-0.147849
5.993076,-1.105538,0.454657,1.273830,0.820765,-1.052558,1.136730,-0.304560,0.016400,-0.046372,0.972359,0.323283,-0.607720,0.796045,-0.082034,-2.163905,-0.023172,1.223985,-2.222180,-1.122907,3.417349,0.156800,-0.382718,0.127344,0.220936,0.035802,-0.211107,0.363320,-0.144763
5.993948,-1.103231,0.452982,1.265684,0.819627,-1.055253,1.134912,-0.303310,-0.019774,-0.032792,0.937436,0.324034,-0.605476,0.793047,-0.081823,-2.164285,-0.023048,1.224213,-2.222147,-1.123113,3.417719,0.156655,-0.381150,0.126519,0.222207,0.035233,-0.209027,0.363474,-0.144480
5.995087,-1.106444,0.454878,1.266416,0.820185,-1.058800,1.138070,-0.303689,-0.061085,-0.017937,0.897383,0.324437,-0.603004,0.789484,-0.081577,-2.164668,-0.022918,1.224444,-2.222109,-1.123314,3.418083,0.156506,-0.381721,0.127195,0.225842,0.036079,-0.206171,0.364960,-0.146875
5.996082,-1.106586,0.455756,1.260828,0.821073,-1.060233,1.138890,-0.304350,-0.107894,-0.001373,0.851862,0.324145,-0.600332,0.785340,-0.081308,-2.165050,-0.022793,1.224672,-2.222074,-1.123511,3.418441,0.156362,-0.380719,0.126521,0.225719,0.035464,-0.203069,0.361998,-0.146118
5.996980,-1.105979,0.457077,1.259962,0.819846,-1.060674,1.137919,-0.304374,-0.212676,0.035629,0.749611,0.323580,-0.594391,0.776180,-0.080738,-2.165812,-0.022543,1.225134,-2.222003,-1.123908,3.419159,0.156077,-0.380479,0.125414,0.228410,0.035439,-0.201272,0.361858,-0.144623
5.998093,-1.105107,0.456384,1.257319,0.819936,-1.064740,1.138014,-0.304797,-0.212676,0.035629,0.749611,0.323580,-0.594391,0.776180,-0.080738,-2.165812,-0.022543,1.225134,-2.222003,-1.123908,3.419159,0.156077,-0.380479,0.125414,0.228410,0.035439,-0.201272,0.361858,-0.144623
5.999036,-1.101958,0.456213,1.252253,0.822015,-1.066676,1.135335,-0.304905,-0.266881,0.055040,0.696621,0.323002,-0.591306,0.771493,-0.080480,-2.166196,-0.022417,1.225368,-2.221967,-1.124101,3.419523,0.155933,-0.381410,0.126021,0.229881,0.035240,-0.197606,0.361911,-0.143783
5.999957,-1.098856,0.456344,1.252907,0.821218,-1.066411,1.132862,-0.304924,-0.318847,0.073211,0.645805,0.322290,-0.588319,0.766996,-0.080272,-2.166576,-0.022291,1.225604,-2.221938,-1.124293,3.419889,0.155791,-0.382738,0.126070,0.232078,0.033111,-0.195772,0.364402,-0.143506
6.001121,-1.100169,0.462061,1.255612,0.821499,-1.071121,1.130865,-0.305004,-0.366497,0.088822,0.599211,0.322435,-0.585424,0.762875,-0.080143,-2.166961,-0.022163,1.225833,-2.221904,-1.124490,3.420261,0.155645,-0.383890,0.125927,0.231411,0.033760,-0.196042,0.366573,-0.143379
6.001976,-1.095695,0.457274,1.248736,0.820841,-1.070632,1.133373,-0.305520,-0.441317,0.112165,0.526272,0.321846,-0.580602,0.755905,-0.080073,-2.167731,-0.021915,1.226299,-2.221836,-1.124864,3.420992,0.155367,-0.385469,0.125690,0.233287,0.033905,-0.192362,0.365867,-0.142138
6.002978,-1.102150,0.460659,1.254788,0.820935,-1.071532,1.132081,-0.305305,-0.441317,0.112165,0.526272,0.321846,-0.580602,0.755905,-0.080073,-2.167731,-0.021915,1.226299,-2.221836,-1.124864,3.420992,0.155367,-0.385469,0.125690,0.233287,0.033905,-0.192362,0.365867,-0.142138
6.004067,-1.099067,0.460063,1.256854,0.818842,-1.071929,1.128995,-0.305015,-0.469356,0.120607,0.499077,0.320250,-0.578797,0.753022,-0.080085,-2.168108,-0.021794,1.226524,-2.221803,-1.125054,3.421359,0.155221,-0.382252,0.124093,0.230147,0.033721,-0.191682,0.367108,-0.142535
6.004971,-1.108671,0.460789,1.255188,0.820841,-1.072860,1.129500,-0.306109,-0.491518,0.127076,0.477690,0.317254,-0.577438,0.750484,-0.080117,-2.168497,-0.021666,1.226753,-2.221764,-1.125247,3.421729,0.155077,-0.384157,0.124591,0.229272,0.035660,-0.191673,0.370279,-0.143119
6.006020,-1.110606,0.463609,1.254248,0.820820,-1.074215,1.127117,-0.306164,-0.509012,0.132279,0.460921,0.312632,-0.576519,0.748157,-0.080156,-2.168864,-0.021543,1.226984,-2.221735,-1.125434,3.422098,0.154938,-0.379021,0.124163,0.229741,0.033555,-0.190790,0.369420,-0.140828
6.007138,-1.116038,0.466729,1.253056,0.821794,-1.075270,1.125647,-0.307022,-0.527544,0.138634,0.443073,0.307924,-0.575706,0.745840,-0.080190,-2.169242,-0.021424,1.227216,-2.221701,-1.125624,3.422469,0.154796,-0.378353,0.122977,0.230195,0.033518,-0.189754,0.371817,-0.140732
6.008062,-1.120270,0.467216,1.252384,0.820675,-1.075801,1.127176,-0.307807,-0.551298,0.148393,0.419983,0.304078,-0.574758,0.743386,-0.080219,-2.169613,-0.021304,1.227449,-2.221668,-1.125813,3.422847,0.154661,-0.376295,0.121742,0.230961,0.032526,-0.189187,0.373359,-0.139052
6.009001,-1.121490,0.465256,1.257580,0.818499,-1.073466,1.127309,-0.308687,-0.581266,0.162304,0.390642,0.300914,-0.573678,0.740767,-0.080248,-2.169984,-0.021182,1.227680,-2.221631,-1.126001,3.423219,0.154525,-0.373950,0.121501,0.230955,0.033403,-0.188745,0.371508,-0.137431
6.010103,-1.125052,0.464749,1.257697,0.819395,-1.072450,1.126704,-0.308997,-0.614785,0.178890,0.357634,0.297375,-0.572690,0.738123,-0.080286,-2.170360,-0.021059,1.227905,-2.221591,-1.126197,3.423583,0.154391,-0.373140,0.122494,0.228121,0.035303,-0.191140,0.371174,-0.135635
6.010997,-1.122364,0.466913,1.258846,0.820207,-1.073865,1.125255,-0.308877,-0.646566,0.194941,0.326206,0.292828,-0.572014,0.735698,-0.080354,-2.170727,-0.020936,1.228133,-2.221558,-1.126391,3.423957,0.154261,-0.371984,0.123003,0.228273,0.034346,-0.192546,0.371862,-0.135092
6.011992,-1.121228,0.467061,1.265435,0.819714,-1.073513,1.125560,-0.309405,-0.673791,0.208593,0.299184,0.288415,-0.571575,0.733658,-0.080465,-2.171103,-0.020816,1.228357,-2.221527,-1.126583,3.424334,0.154124,-0.372937,0.121883,0.227364,0.033408,-0.191074,0.372931,-0.135269
6.012974,-1.122436,0.469698,1.264065,0.820019,-1.072705,1.124219,-0.309073,-0.693139,0.218500,0.279861,0.284871,-0.571370,0.732215,-0.080609,-2.171473,-0.020691,1.228572,-2.221492,-1.126777,3.424707,0.153992,-0.373617,0.121891,0.224091,0.033764,-0.191618,0.372470,-0.134205
6.013953,-1.121003,0.469475,1.269774,0.818272,-1.074754,1.123575,-0.309030,-0.702250,0.223992,0.270541,0.281934,-0.571453,0.731507,-0.080757,-2.171842,-0.020570,1.228798,-2.221458,-1.126973,3.425088,0.153855,-0.373055,0.120658,0.224702,0.033332,-0.192557,0.373601,-0.134859
6.015022,-1.118493,0.472820,1.268058,0.819836,-1.073927,1.125183,-0.310763,-0.702172,0.225879,0.270203,0.278873,-0.571827,0.731429,-0.080874,-2.172219,-0.020449,1.229018,-2.221419,-1.127162,3.425462,0.153720,-0.373741,0.120872,0.221765,0.034841,-0.190669,0.374054,-0.134921
6.016043,-1.127274,0.474035,1.270611,0.818178,-1.072881,1.123539,-0.309683,-0.693292,0.224466,0.278567,0.275262,-0.572512,0.731922,-0.080933,-2.172593,-0.020333,1.229240,-2.221389,-1.127356,3.425833,0.153597,-0.375409,0.119478,0.222822,0.033262,-0.191862,0.372443,-0.131496
6.016999,-1.127098,0.471611,1.275520,0.816341,-1.074140,1.121915,-0.310318,-0.678969,0.221354,0.292331,0.271553,-0.573317,0.732808,-0.080932,-2.172959,-0.020217,1.229461,-2.221352,-1.127552,3.426212,0.153457,-0.371244,0.119094,0.221573,0.034795,-0.193113,0.373992,-0.133698
6.018003,-1.126062,0.473776,1.275724,0.817519,-1.073921,1.123206,-0.310633,-0.663272,0.218246,0.307423,0.267045,-0.574176,0.733727,-0.080902,-2.173327,-0.020093,1.229677,-2.221313,-1.127745,3.426583,0.153327,-0.371329,0.120348,0.219044,0.036364,-0.191928,0.375400,-0.132381
6.019032,-1.129457,0.474202,1.273854,0.817849,-1.071381,1.120791,-0.311469,-0.645250,0.214162,0.324826,0.261278,-0.575217,0.734646,-0.080882,-2.173704,-0.019975,1.229894,-2.221280,-1.127936,3.426955,0.153195,-0.371921,0.119408,0.219020,0.035045,-0.192384,0.373955,-0.131763
6.019982,-1.129444,0.477275,1.280901,0.818040,-1.071547,1.120350,-0.310829,-0.625774,0.209087,0.343709,0.255962,-0.576248,0.735633,-0.080894,-2.174075,-0.019859,1.230117,-2.221246,-1.128141,3.427330,0.153066,-0.370459,0.119440,0.220016,0.034632,-0.195085,0.376323,-0.130111
6.021115,-1.127152,0.478931,1.283303,0.816730,-1.072570,1.122383,-0.309253,-0.607044,0.204082,0.361839,0.252395,-0.577032,0.736651,-0.080944,-2.174444,-0.019742,1.230322,-2.221212,-1.128333,3.427707,0.152935,-0.370405,0.117986,0.216502,0.034296,-0.194984,0.376473,-0.131405
6.022125,-1.123019,0.480434,1.279838,0.817411,-1.072560,1.124763,-0.309502,-0.586325,0.198405,0.381942,0.249957,-0.577717,0.737863,-0.081049,-2.174821,-0.019627,1.230536,-2.221173,-1.128526,3.428083,0.152790,-0.372228,0.117570,0.215751,0.035474,-0.194434,0.374547,-0.134601
6.023017,-1.125864,0.477043,1.283187,0.816600,-1.071246,1.126463,-0.308668,-0.560914,0.191050,0.406767,0.247888,-0.578502,0.739453,-0.081207,-2.175201,-0.019510,1.230760,-2.221138,-1.128723,3.428445,0.152657,-0.374351,0.117015,0.217500,0.034631,-0.194625,0.372108,-0.134067
6.024016,-1.125525,0.479612,1.288359,0.817402,-1.071774,1.126242,-0.307194,-0.531679,0.181719,0.435385,0.246597,-0.579337,0.741437,-0.081398,-2.175566,-0.019390,1.230967,-2.221101,-1.128922,3.428813,0.152519,-0.372595,0.118692,0.215661,0.035203,-0.195850,0.370083,-0.135683
6.025016,-1.124122,0.477727,1.288042,0.816037,-1.071608,1.127165,-0.307224,-0.499175,0.169922,0.467118,0.246512,-0.580158,0.743793,-0.081623,-2.175940,-0.019274,1.231176,-2.221071,-1.129118,3.429180,0.152373,-0.372868,0.117566,0.213199,0.034358,-0.195466,0.370219,-0.138593
6.026015,-1.124073,0.479015,1.296241,0.817477,-1.072055,1.129234,-0.307993,-0.422119,0.137616,0.542206,0.248504,-0.581898,0.749570,-0.082094,-2.176686,-0.019035,1.231589,-2.221003,-1.129509,3.429918,0.152100,-0.373783,0.118155,0.209579,0.034043,-0.195526,0.366978,-0.136922
6.027062,-1.126258,0.481114,1.298676,0.819845,-1.074581,1.130552,-0.308638,-0.376468,0.116545,0.586723,0.251402,-0.582694,0.753114,-0.082275,-2.177064,-0.018919,1.231798,-2.220976,-1.129698,3.430275,0.151965,-0.372938,0.117368,0.208654,0.031738,-0.193314,0.365727,-0.135650
6.028103,-1.127158,0.484092,1.299032,0.817599,-1.075811,1.134027,-0.308185,-0.376468,0.116545,0.586723,0.251402,-0.582694,0.753114,-0.082275,-2.177064,-0.018919,1.231798,-2.220976,-1.129698,3.430275,0.151965,-0.372938,0.117368,0.208654,0.031738,-0.193314,0.365727,-0.135650
6.029012,-1.129218,0.483271,1.293200,0.820017,-1.076496,1.135183,-0.308661,-0.329147,0.094242,0.632882,0.256185,-0.583262,0.756998,-0.082422,-2.177435,-0.018805,1.232005,-2.220936,-1.129885,3.430636,0.151825,-0.372805,0.116141,0.208753,0.033803,-0.192436,0.362252,-0.136574
6.030021,-1.134168,0.480618,1.299857,0.818365,-1.076566,1.138168,-0.308326,-0.286164,0.073997,0.674738,0.261856,-0.583548,0.760841,-0.082542,-2.177809,-0.018688,1.232221,-2.220908,-1.130077,3.430995,0.151692,-0.371434,0.116609,0.211507,0.031300,-0.191766,0.360874,-0.135553
6.031063,-1.135838,0.477411,1.298453,0.818668,-1.077049,1.139082,-0.307103,-0.251301,0.056944,0.708456,0.268448,-0.583479,0.764393,-0.082645,-2.178172,-0.018567,1.232423,-2.220873,-1.130269,3.431346,0.151555,-0.369206,0.118080,0.208366,0.032847,-0.191927,0.357889,-0.136231
6.032059,-1.131568,0.478023,1.301039,0.819224,-1.079767,1.138115,-0.306878,-0.223426,0.041534,0.735123,0.275542,-0.583198,0.767647,-0.082763,-2.178542,-0.018442,1.232632,-2.220839,-1.130458,3.431705,0.151408,-0.368712,0.119830,0.209360,0.032449,-0.191756,0.357033,-0.138660
6.032993,-1.131583,0.477001,1.301616,0.818883,-1.079263,1.135994,-0.306347,-0.199251,0.025809,0.758116,0.282553,-0.582929,0.770740,-0.082929,-2.178921,-0.018322,1.232837,-2.220809,-1.130644,3.432061,0.151265,-0.370892,0.119637,0.208217,0.031861,-0.189275,0.357975,-0.139050
6.033991,-1.132538,0.480674,1.306337,0.819135,-1.080116,1.135018,-0.305673,-0.175661,0.008677,0.780643,0.289217,-0.582834,0.773825,-0.083134,-2.179288,-0.018202,1.233043,-2.220776,-1.130835,3.432424,0.151125,-0.370733,0.120189,0.207942,0.032062,-0.189882,0.359891,-0.140054
6.035004,-1.125729,0.480342,1.304871,0.821864,-1.080604,1.137033,-0.305292,-0.151678,-0.009328,0.803701,0.294923,-0.583015,0.776908,-0.083351,-2.179659,-0.018087,1.233243,-2.220744,-1.131022,3.432790,0.150979,-0.370360,0.118523,0.205804,0.031741,-0.189268,0.360759,-0.141352
6.036007,-1.126361,0.480225,1.307411,0.819971,-1.079473,1.137068,-0.305084,-0.126742,-0.027632,0.827845,0.300289,-0.583396,0.780072,-0.083570,-2.180035,-0.017965,1.233450,-2.220722,-1.131212,3.433141,0.150834,-0.373932,0.118847,0.206759,0.029167,-0.189030,0.358734,-0.142068
6.037087,-1.127651,0.476714,1.307537,0.822409,-1.078717,1.137930,-0.306092,-0.099457,-0.046758,0.854440,0.306192,-0.583907,0.783455,-0.083788,-2.180410,-0.017843,1.233650,-2.220688,-1.131407,3.433501,0.150693,-0.373662,0.119022,0.205723,0.030977,-0.190352,0.358669,-0.142451
6.038073,-1.131227,0.480676,1.311879,0.823494,-1.077900,1.137384,-0.304640,-0.070552,-0.066838,0.882685,0.312671,-0.584512,0.786949,-0.083984,-2.180783,-0.017718,1.233858,-2.220665,-1.131600,3.433854,0.150556,-0.373479,0.120999,0.206040,0.028691,-0.191472,0.357953,-0.140438
6.038991,-1.126726,0.478059,1.314146,0.822199,-1.079828,1.136861,-0.303905,-0.042590,-0.087003,0.909952,0.320640,-0.584997,0.790393,-0.084152,-2.181150,-0.017603,1.234056,-2.220640,-1.131790,3.434215,0.150408,-0.371793,0.119150,0.204075,0.027718,-0.192480,0.358413,-0.143323
6.040111,-1.132101,0.477508,1.312941,0.821934,-1.079893,1.137179,-0.304854,-0.016082,-0.106423,0.935765,0.329835,-0.585347,0.793734,-0.084314,-2.181527,-0.017479,1.234256,-2.220608,-1.131979,3.434577,0.150262,-0.373751,0.120449,0.202983,0.028902,-0.190589,0.358696,-0.144682
6.041075,-1.133257,0.476737,1.314110,0.821415,-1.078872,1.137030,-0.305219,0.009297,-0.124823,0.960518,0.338284,-0.585812,0.796906,-0.084470,-2.181901,-0.017357,1.234463,-2.220577,-1.132173,3.434934,0.150118,-0.371660,0.121028,0.204078,0.029203,-0.190985,0.358582,-0.142770
6.041962,-1.135159,0.478362,1.319493,0.821520,-1.077739,1.137613,-0.303809,0.030839,-0.141007,0.981503,0.345067,-0.586422,0.799766,-0.084598,-2.182268,-0.017235,1.234663,-2.220546,-1.132363,3.435297,0.149977,-0.371096,0.121468,0.203630,0.029658,-0.192156,0.358581,-0.142004
6.043023,-1.134937,0.477746,1.323475,0.823100,-1.077766,1.137904,-0.303072,0.047443,-0.154070,0.997566,0.350156,-0.587117,0.802318,-0.084718,-2.182638,-0.017118,1.234859,-2.220518,-1.132560,3.435658,0.149826,-0.369762,0.120640,0.200921,0.029477,-0.193202,0.357687,-0.144727
6.044047,-1.131756,0.475939,1.317744,0.822436,-1.074495,1.137336,-0.304814,0.061909,-0.164934,1.011481,0.354301,-0.587902,0.804791,-0.084875,-2.183006,-0.016996,1.235054,-2.220491,-1.132754,3.436008,0.149680,-0.370330,0.121169,0.199401,0.027975,-0.193483,0.357532,-0.146171
6.044961,-1.132037,0.475270,1.316394,0.822623,-1.071880,1.137828,-0.305483,0.076053,-0.174775,1.025093,0.358603,-0.588748,0.807310,-0.085072,-2.183381,-0.016872,1.235263,-2.220460,-1.132957,3.436364,0.149542,-0.372120,0.122201,0.202513,0.028640,-0.196930,0.358123,-0.142629
6.046093,-1.132863,0.472193,1.319383,0.822939,-1.072237,1.135923,-0.304965,0.088304,-0.183321,1.036858,0.363301,-0.589586,0.809771,-0.085282,-2.183754,-0.016749,1.235468,-2.220434,-1.133163,3.436720,0.149406,-0.371662,0.122499,0.203122,0.028446,-0.199408,0.357404,-0.141255
6.047028,-1.133527,0.474186,1.320723,0.821504,-1.071412,1.136232,-0.305585,0.097808,-0.190474,1.045876,0.368281,-0.590375,0.812109,-0.085512,-2.184121,-0.016623,1.235667,-2.220405,-1.133361,3.437085,0.149263,-0.372033,0.124319,0.202220,0.028246,-0.199456,0.359529,-0.142347
6.047979,-1.128013,0.476008,1.316657,0.821578,-1.069805,1.137178,-0.306342,0.106119,-0.196870,1.053657,0.372829,-0.591210,0.814321,-0.085771,-2.184490,-0.016504,1.235867,-2.220373,-1.133564,3.437446,0.149124,-0.371539,0.123345,0.201626,0.029570,-0.200237,0.358988,-0.141022
6.049008,-1.132370,0.475571,1.320476,0.822036,-1.070878,1.138669,-0.306207,0.113592,-0.201662,1.060613,0.375745,-0.592189,0.816346,-0.086040,-2.184866,-0.016382,1.236075,-2.220344,-1.133770,3.437800,0.148989,-0.374165,0.122469,0.203704,0.029455,-0.201820,0.357912,-0.139473
6.050002,-1.133568,0.475882,1.321246,0.820579,-1.069161,1.139120,-0.306872,0.119665,-0.203922,1.066220,0.377042,-0.593262,0.818180,-0.086317,-2.185237,-0.016257,1.236271,-2.220318,-1.133970,3.438154,0.148847,-0.372195,0.122831,0.202127,0.029074,-0.200905,0.356459,-0.139741
6.051096,-1.136036,0.472526,1.317130,0.823146,-1.069352,1.138037,-0.306829,0.123954,-0.203647,1.070073,0.377003,-0.594386,0.819805,-0.086611,-2.185612,-0.016135,1.236472,-2.220284,-1.134175,3.438506,0.148707,-0.371661,0.122770,0.201972,0.030435,-0.202706,0.355996,-0.138366
6.052114,-1.135836,0.470259,1.317686,0.823894,-1.070024,1.137668,-0.307615,0.124906,-0.200918,1.070632,0.376254,-0.595428,0.821102,-0.086915,-2.185981,-0.016006,1.236678,-2.220261,-1.134377,3.438867,0.148569,-0.371002,0.124647,0.204490,0.028051,-0.202799,0.357225,-0.138496
6.053051,-1.136458,0.474043,1.314314,0.821832,-1.069584,1.134905,-0.307135,0.121320,-0.196702,1.066710,0.376749,-0.596119,0.822049,-0.087233,-2.186357,-0.015879,1.236881,-2.220235,-1.134578,3.439230,0.148435,-0.371261,0.125855,0.204434,0.027404,-0.202275,0.357548,-0.136915
6.053989,-1.136142,0.474886,1.306604,0.821942,-1.070093,1.133360,-0.307967,0.113125,-0.191168,1.058285,0.378317,-0.596469,0.822606,-0.087560,-2.186726,-0.015759,1.237092,-2.220202,-1.134778,3.439590,0.148296,-0.370797,0.123967,0.206090,0.029348,-0.202716,0.360144,-0.137840
6.055064,-1.135451,0.474329,1.306065,0.823435,-1.070419,1.133438,-0.308775,0.097789,-0.181798,1.042945,0.378690,-0.596653,0.822493,-0.087860,-2.187099,-0.015634,1.237307,-2.220173,-1.134980,3.439955,0.148165,-0.370773,0.123540,0.209868,0.029178,-0.202166,0.361456,-0.136128
6.056058,-1.135715,0.473074,1.306603,0.822883,-1.069397,1.135898,-0.308509,0.073662,-0.167553,1.019067,0.377833,-0.596670,0.821636,-0.088092,-2.187477,-0.015511,1.237518,-2.220148,-1.135184,3.440317,0.148032,-0.371519,0.124054,0.210422,0.027823,-0.202086,0.361456,-0.134551
6.056973,-1.128083,0.470028,1.303551,0.823061,-1.069675,1.135348,-0.308959,0.044459,-0.151018,0.990270,0.377105,-0.596553,0.820393,-0.088250,-2.187845,-0.015386,1.237723,-2.220118,-1.135387,3.440668,0.147896,-0.371504,0.124752,0.210305,0.028348,-0.203200,0.358948,-0.135090
6.057987,-1.130454,0.474179,1.305104,0.822314,-1.068221,1.131646,-0.308882,0.016013,-0.135710,0.962302,0.376787,-0.596500,0.819188,-0.088359,-2.188227,-0.015256,1.237940,-2.220090,-1.135591,3.441029,0.147762,-0.374959,0.126166,0.211670,0.028132,-0.202811,0.359283,-0.134128
6.059041,-1.127260,0.470251,1.307392,0.821447,-1.067119,1.130792,-0.310152,-0.008416,-0.123133,0.938392,0.376261,-0.596687,0.818186,-0.088438,-2.188600,-0.015137,1.238151,-2.220061,-1.135799,3.441397,0.147627,-0.373887,0.124230,0.211023,0.028902,-0.204359,0.362947,-0.134293
6.059989,-1.126363,0.471431,1.303252,0.821261,-1.067068,1.126874,-0.309863,-0.027909,-0.113192,0.919452,0.374542,-0.597216,0.817362,-0.088485,-2.188976,-0.015008,1.238356,-2.220030,-1.136008,3.441766,0.147502,-0.375830,0.126341,0.210199,0.029762,-0.205601,0.363772,-0.131786
6.061105,-1.119971,0.474156,1.301833,0.819983,-1.068504,1.124408,-0.309684,-0.042222,-0.106143,0.905771,0.371179,-0.598075,0.816701,-0.088492,-2.189354,-0.014884,1.238573,-2.220000,-1.136217,3.442143,0.147371,-0.376053,0.125736,0.212201,0.029896,-0.205561,0.367448,-0.132376
6.062088,-1.121665,0.473274,1.299175,0.821658,-1.068520,1.125459,-0.311708,-0.052715,-0.101053,0.896091,0.365826,-0.599185,0.816089,-0.088470,-2.189738,-0.014760,1.238792,-2.219967,-1.136419,3.442514,0.147237,-0.379790,0.124637,0.213222,0.031174,-0.204466,0.370022,-0.132790
6.063052,-1.119014,0.472753,1.295198,0.823824,-1.069012,1.124227,-0.311574,-0.061044,-0.096621,0.888782,0.358768,-0.600389,0.815470,-0.088417,-2.190118,-0.014632,1.239008,-2.219940,-1.136625,3.442885,0.147115,-0.378829,0.125117,0.214575,0.029505,-0.204487,0.368772,-0.128733
6.064101,-1.125937,0.472837,1.296578,0.822351,-1.073201,1.122348,-0.311699,-0.069575,-0.092401,0.881394,0.352553,-0.601269,0.814905,-0.088340,-2.190503,-0.014508,1.239229,-2.219919,-1.136828,3.443251,0.146984,-0.379968,0.125410,0.216462,0.027483,-0.204006,0.369858,-0.129035
6.065116,-1.128832,0.469779,1.292430,0.823604,-1.073799,1.120309,-0.311802,-0.081225,-0.087569,0.870936,0.348578,-0.601568,0.814271,-0.088262,-2.190872,-0.014381,1.239444,-2.219886,-1.137020,3.443626,0.146858,-0.376832,0.125489,0.215937,0.028953,-0.200096,0.371699,-0.128834
6.066058,-1.125027,0.469631,1.288521,0.823412,-1.074309,1.118547,-0.311892,-0.098634,-0.080961,0.854746,0.345914,-0.601368,0.813270,-0.088177,-2.191248,-0.014250,1.239669,-2.219860,-1.137218,3.444009,0.146729,-0.375543,0.127063,0.218026,0.027743,-0.199701,0.373575,-0.128651
6.067080,-1.127804,0.467000,1.290962,0.823164,-1.076790,1.115328,-0.311410,-0.122721,-0.072451,0.831909,0.344378,-0.600709,0.811793,-0.088067,-2.191628,-0.014123,1.239894,-2.219831,-1.137418,3.444384,0.146601,-0.377223,0.127088,0.219770,0.027918,-0.199192,0.375060,-0.128461
6.068098,-1.128100,0.468190,1.286884,0.823674,-1.079244,1.114916,-0.310547,-0.150738,-0.063321,0.805127,0.343670,-0.599764,0.809976,-0.087941,-2.192002,-0.013991,1.240109,-2.219802,-1.137611,3.444771,0.146468,-0.375996,0.128440,0.218650,0.028190,-0.196937,0.378120,-0.129451
6.069038,-1.124014,0.468504,1.281973,0.823447,-1.077278,1.115551,-0.310796,-0.211724,-0.044679,0.746419,0.342377,-0.597898,0.805736,-0.087731,-2.192758,-0.013738,1.240563,-2.219749,-1.138000,3.445526,0.146207,-0.377805,0.127730,0.222911,0.027979,-0.196755,0.377441,-0.130663
6.070147,-1.124307,0.468555,1.283168,0.822704,-1.077661,1.112759,-0.310464,-0.211724,-0.044679,0.746419,0.342377,-0.597898,0.805736,-0.087731,-2.192758,-0.013738,1.240563,-2.219749,-1.138000,3.445526,0.146207,-0.377805,0.127730,0.222911,0.027979,-0.196755,0.377441,-0.130663
6.071038,-1.130500,0.468683,1.281368,0.823023,-1.077726,1.110740,-0.309452,-0.243630,-0.034454,0.715549,0.341515,-0.597185,0.803487,-0.087655,-2.193136,-0.013611,1.240786,-2.219718,-1.138196,3.445917,0.146074,-0.378186,0.127938,0.222540,0.028766,-0.196751,0.380260,-0.131399
6.072088,-1.122798,0.465791,1.278899,0.823685,-1.076438,1.111857,-0.308981,-0.275694,-0.023487,0.684339,0.340055,-0.596718,0.801103,-0.087630,-2.193506,-0.013483,1.241012,-2.219691,-1.138391,3.446300,0.145935,-0.374680,0.127734,0.223097,0.028418,-0.196625,0.381838,-0.133350
6.073042,-1.126975,0.464546,1.278779,0.822710,-1.076872,1.110587,-0.308260,-0.308166,-0.011930,0.652539,0.338667,-0.596370,0.798542,-0.087691,-2.193888,-0.013348,1.241237,-2.219663,-1.138589,3.446686,0.145797,-0.378824,0.129239,0.224415,0.027801,-0.198178,0.380587,-0.134292
6.073972,-1.123475,0.470115,1.277236,0.822462,-1.079524,1.110683,-0.308508,-0.338560,-0.001562,0.622700,0.337998,-0.596051,0.795989,-0.087837,-2.194262,-0.013218,1.241461,-2.219634,-1.138786,3.447073,0.145657,-0.376552,0.129797,0.224296,0.028767,-0.197778,0.381556,-0.135685
6.075018,-1.131981,0.471636,1.275577,0.821543,-1.080923,1.114121,-0.305762,-0.366244,0.007974,0.595481,0.337153,-0.595790,0.793467,-0.088021,-2.194637,-0.013097,1.241684,-2.219604,-1.138975,3.447452,0.145525,-0.378092,0.126992,0.224865,0.028926,-0.195191,0.381131,-0.135135
6.076054,-1.130553,0.474444,1.276122,0.820834,-1.081346,1.115928,-0.305810,-0.394297,0.019749,0.567826,0.334923,-0.595565,0.790844,-0.088201,-2.195008,-0.012971,1.241911,-2.219573,-1.139171,3.447830,0.145370,-0.374117,0.126394,0.225735,0.029841,-0.194068,0.377594,-0.140628
6.076996,-1.132137,0.473367,1.270011,0.822872,-1.083746,1.115202,-0.305364,-0.425297,0.035740,0.537224,0.330798,-0.595316,0.788075,-0.088350,-2.195389,-0.012849,1.242141,-2.219541,-1.139368,3.448201,0.145227,-0.375049,0.125155,0.225435,0.030495,-0.193885,0.375754,-0.140455
6.078131,-1.134016,0.472534,1.273758,0.822908,-1.084461,1.116121,-0.303393,-0.459180,0.055468,0.503798,0.325646,-0.594941,0.785226,-0.088440,-2.195762,-0.012720,1.242374,-2.219517,-1.139551,3.448579,0.145085,-0.374070,0.125647,0.228212,0.028533,-0.191632,0.376213,-0.141290
6.079005,-1.134446,0.473075,1.270569,0.822321,-1.083977,1.116465,-0.302577,-0.494377,0.076959,0.469071,0.321315,-0.594317,0.782431,-0.088484,-2.196136,-0.012593,1.242600,-2.219489,-1.139742,3.448957,0.144931,-0.373845,0.126330,0.226585,0.028627,-0.191441,0.375401,-0.145249
6.080147,-1.131680,0.470540,1.274847,0.824490,-1.085440,1.115934,-0.302285,-0.528467,0.098295,0.435389,0.318253,-0.593525,0.779830,-0.088511,-2.196505,-0.012466,1.242834,-2.219458,-1.139935,3.449326,0.144780,-0.373203,0.125899,0.227714,0.029090,-0.191857,0.374679,-0.146719
6.080996,-1.126211,0.472980,1.275229,0.823180,-1.085853,1.116315,-0.301757,-0.557932,0.117434,0.406277,0.316508,-0.592745,0.777628,-0.088529,-2.196886,-0.012332,1.243053,-2.219433,-1.140126,3.449704,0.144631,-0.375266,0.127383,0.225935,0.027098,-0.190890,0.375356,-0.147306
6.081998,-1.129270,0.471643,1.274613,0.823082,-1.086903,1.118125,-0.300423,-0.577654,0.131739,0.386846,0.316302,-0.592167,0.776108,-0.088558,-2.197267,-0.012210,1.243279,-2.219403,-1.140317,3.450073,0.144479,-0.377304,0.126015,0.225298,0.028298,-0.190375,0.374530,-0.148208
6.083114,-1.130031,0.470323,1.277425,0.825255,-1.088929,1.120275,-0.298911,-0.586123,0.140980,0.378555,0.316553,-0.591974,0.775272,-0.088606,-2.197636,-0.012083,1.243502,-2.219374,-1.140509,3.450440,0.144324,-0.375899,0.126750,0.225583,0.028395,-0.189526,0.372610,-0.150807
6.083985,-1.126433,0.469386,1.275000,0.823830,-1.089261,1.120243,-0.299960,-0.586090,0.146300,0.378589,0.317271,-0.592081,0.774921,-0.088673,-2.198011,-0.011953,1.243727,-2.219351,-1.140694,3.450807,0.144165,-0.376136,0.127619,0.224418,0.026414,-0.188019,0.370605,-0.153793
6.085075,-1.124917,0.468245,1.274891,0.823174,-1.090299,1.122616,-0.297278,-0.578745,0.147647,0.385770,0.319271,-0.592350,0.774935,-0.088742,-2.198388,-0.011827,1.243955,-2.219319,-1.140880,3.451172,0.144017,-0.377405,0.127941,0.225217,0.027731,-0.187689,0.370297,-0.151515
6.086004,-1.132875,0.468881,1.275682,0.822584,-1.092814,1.123153,-0.296766,-0.564484,0.145270,0.399773,0.321532,-0.592835,0.775183,-0.088797,-2.198771,-0.011697,1.244181,-2.219291,-1.141066,3.451539,0.143850,-0.378562,0.128676,0.225439,0.028448,-0.187101,0.367991,-0.156867
6.086948,-1.133363,0.468628,1.281532,0.822680,-1.095058,1.121869,-0.296818,-0.546338,0.140926,0.417575,0.322748,-0.593527,0.775468,-0.088828,-2.199142,-0.011570,1.244406,-2.219260,-1.141250,3.451903,0.143691,-0.374328,0.128288,0.224796,0.028958,-0.184701,0.367239,-0.157707
6.088100,-1.133435,0.470579,1.276671,0.824069,-1.097919,1.124797,-0.296441,-0.527735,0.136560,0.435723,0.322559,-0.594328,0.775619,-0.088812,-2.199512,-0.011442,1.244618,-2.219233,-1.141426,3.452273,0.143533,-0.373993,0.128371,0.221793,0.028860,-0.182705,0.368302,-0.157460
6.089074,-1.131794,0.470953,1.270829,0.825746,-1.099248,1.126810,-0.296498,-0.509304,0.132556,0.453649,0.321620,-0.595128,0.775681,-0.088737,-2.199893,-0.011316,1.244848,-2.219208,-1.141604,3.452637,0.143370,-0.374674,0.127696,0.224577,0.027657,-0.180506,0.365577,-0.158187
6.089956,-1.135193,0.471255,1.277605,0.825961,-1.100500,1.126450,-0.294186,-0.493093,0.129578,0.469386,0.321744,-0.595669,0.775755,-0.088628,-2.200274,-0.011190,1.245078,-2.219185,-1.141783,3.452991,0.143210,-0.375378,0.127534,0.227304,0.026106,-0.179463,0.363489,-0.157939
6.091082,-1.136735,0.472235,1.283556,0.824410,-1.100314,1.125885,-0.294863,-0.480578,0.128014,0.481382,0.324222,-0.595804,0.775895,-0.088515,-2.200642,-0.011062,1.245294,-2.219157,-1.141954,3.453354,0.143040,-0.373270,0.127237,0.223596,0.025847,-0.178375,0.363544,-0.162401
6.092092,-1.126617,0.469558,1.280364,0.824448,-1.101666,1.125223,-0.294797,-0.468288,0.126370,0.492988,0.328026,-0.595777,0.776173,-0.088404,-2.201015,-0.010935,1.245509,-2.219126,-1.142137,3.453724,0.142879,-0.373194,0.127005,0.221033,0.027457,-0.179145,0.364263,-0.160945
6.092957,-1.123650,0.467932,1.282918,0.826003,-1.101978,1.124838,-0.293372,-0.450913,0.122059,0.509577,0.331319,-0.595959,0.776707,-0.088275,-2.201400,-0.010803,1.245732,-2.219098,-1.142308,3.454086,0.142719,-0.378306,0.128368,0.222668,0.027429,-0.178206,0.364875,-0.160988
6.094115,-1.124230,0.472449,1.294205,0.824047,-1.104250,1.126289,-0.293709,-0.424507,0.112312,0.535182,0.334283,-0.596447,0.777714,-0.088150,-2.201782,-0.010672,1.245951,-2.219075,-1.142484,3.454454,0.142547,-0.379123,0.128963,0.221014,0.025924,-0.177975,0.364869,-0.163634
6.095000,-1.125457,0.470004,1.294788,0.823613,-1.106797,1.127514,-0.292664,-0.387037,0.096166,0.571817,0.337160,-0.597261,0.779349,-0.088050,-2.202163,-0.010550,1.246160,-2.219045,-1.142658,3.454812,0.142385,-0.379552,0.127043,0.215896,0.028011,-0.176408,0.363689,-0.162900
6.096033,-1.114796,0.470467,1.293118,0.826365,-1.107794,1.128732,-0.293593,-0.339207,0.074918,0.618796,0.338384,-0.598530,0.781518,-0.087962,-2.202536,-0.010419,1.246370,-2.219019,-1.142824,3.455175,0.142217,-0.378491,0.128123,0.215475,0.028413,-0.174075,0.362144,-0.164811
6.097008,-1.117359,0.472678,1.296237,0.826868,-1.111250,1.127524,-0.293856,-0.283835,0.049665,0.673396,0.338385,-0.600082,0.784082,-0.087882,-2.202932,-0.010291,1.246591,-2.218998,-1.142998,3.455533,0.142060,-0.383868,0.127978,0.216404,0.025852,-0.173553,0.360951,-0.162836
6.098035,-1.119160,0.470193,1.295262,0.826930,-1.114080,1.127773,-0.293776,-0.223525,0.021135,0.733054,0.339396,-0.601541,0.786936,-0.087808,-2.203311,-0.010165,1.246804,-2.218972,-1.143162,3.455891,0.141899,-0.382433,0.126887,0.214840,0.025415,-0.170503,0.362082,-0.162201
6.099089,-1.122152,0.473833,1.297975,0.827309,-1.115176,1.129041,-0.295014,-0.162857,-0.008434,0.793161,0.341774,-0.602716,0.789729,-0.087727,-2.203692,-0.010035,1.247020,-2.218945,-1.143326,3.456255,0.141735,-0.381659,0.128206,0.215470,0.025422,-0.168213,0.361793,-0.162261
6.100026,-1.120780,0.471666,1.297868,0.826661,-1.117318,1.130313,-0.294404,-0.107289,-0.036347,0.848241,0.344784,-0.603539,0.792070,-0.087614,-2.204075,-0.009911,1.247232,-2.218921,-1.143493,3.456609,0.141578,-0.380382,0.126539,0.214338,0.025217,-0.167706,0.360606,-0.159690
6.101018,-1.116953,0.472781,1.296261,0.826436,-1.122328,1.130457,-0.295134,-0.058998,-0.061195,0.896133,0.347727,-0.604038,0.793845,-0.087455,-2.204454,-0.009779,1.247445,-2.218895,-1.143654,3.456969,0.141416,-0.380807,0.127537,0.214317,0.025884,-0.165922,0.359122,-0.160792
6.102064,-1.120567,0.472838,1.303234,0.825915,-1.121953,1.134267,-0.295254,-0.017284,-0.083073,0.937538,0.349666,-0.604418,0.795104,-0.087255,-2.204843,-0.009654,1.247660,-2.218868,-1.143806,3.457329,0.141260,-0.381825,0.126762,0.214719,0.026071,-0.161051,0.358297,-0.158985
6.103097,-1.120401,0.471361,1.302421,0.827276,-1.124913,1.133895,-0.294955,0.019401,-0.102460,0.973963,0.349954,-0.604918,0.795987,-0.087020,-2.205221,-0.009528,1.247863,-2.218840,-1.143970,3.457675,0.141102,-0.379419,0.126587,0.211058,0.026598,-0.161632,0.353922,-0.158446
6.104099,-1.117574,0.469598,1.298721,0.827174,-1.125328,1.132510,-0.295316,0.051876,-0.119737,1.006174,0.349136,-0.605583,0.796667,-0.086775,-2.205598,-0.009397,1.248072,-2.218817,-1.144122,3.458026,0.140941,-0.378924,0.127116,0.211267,0.025307,-0.158879,0.353760,-0.158725
6.104957,-1.110389,0.470142,1.297270,0.827541,-1.125821,1.130738,-0.295144,0.079331,-0.135167,1.033399,0.348379,-0.606316,0.797157,-0.086549,-2.205980,-0.009270,1.248286,-2.218792,-1.144279,3.458382,0.140786,-0.379575,0.127790,0.212756,0.025447,-0.158635,0.354501,-0.157679
6.106029,-1.112065,0.471396,1.300711,0.826584,-1.125037,1.129060,-0.294906,0.101702,-0.148958,1.055601,0.348035,-0.607091,0.797406,-0.086343,-2.206365,-0.009143,1.248497,-2.218770,-1.144435,3.458735,0.140627,-0.381818,0.127109,0.212827,0.025065,-0.158046,0.355426,-0.157659
6.107029,-1.112079,0.474488,1.300398,0.827406,-1.125165,1.129853,-0.294532,0.120709,-0.161244,1.074455,0.347490,-0.607959,0.797435,-0.086133,-2.206744,-0.009016,1.248703,-2.218741,-1.144595,3.459096,0.140466,-0.380468,0.126363,0.210965,0.026020,-0.159074,0.356525,-0.157827
6.107968,-1.107846,0.471377,1.299144,0.828658,-1.127017,1.129957,-0.295090,0.136253,-0.170988,1.089822,0.346199,-0.608849,0.797211,-0.085887,-2.207126,-0.008898,1.248915,-2.218718,-1.144754,3.459447,0.140303,-0.379679,0.124694,0.210795,0.025253,-0.159061,0.355081,-0.158233
6.108954,-1.107232,0.470658,1.299071,0.827680,-1.128932,1.133020,-0.295161,0.147639,-0.177736,1.101009,0.344894,-0.609573,0.796766,-0.085581,-2.207505,-0.008769,1.249124,-2.218698,-1.144908,3.459800,0.140151,-0.380831,0.125957,0.210982,0.024090,-0.157254,0.354250,-0.156778
6.109976,-1.106740,0.474230,1.302236,0.827468,-1.128920,1.133541,-0.294785,0.156221,-0.182882,1.109371,0.344272,-0.610100,0.796240,-0.085203,-2.207885,-0.008644,1.249335,-2.218669,-1.145061,3.460147,0.139995,-0.380304,0.126108,0.210641,0.025016,-0.155492,0.350536,-0.156327
6.111094,-1.103995,0.473241,1.303732,0.829196,-1.129985,1.133580,-0.295698,0.163165,-0.186855,1.116079,0.343506,-0.610573,0.795696,-0.084758,-2.208262,-0.008525,1.249543,-2.218642,-1.145215,3.460490,0.139838,-0.379910,0.124212,0.208789,0.025210,-0.155736,0.349498,-0.156774
6.112010,-1.106644,0.469578,1.302744,0.828377,-1.129468,1.132075,-0.294874,0.169613,-0.189610,1.122282,0.342367,-0.611024,0.795192,-0.084268,-2.208645,-0.008399,1.249747,-2.218620,-1.145368,3.460836,0.139686,-0.380953,0.124674,0.208059,0.023636,-0.155042,0.349040,-0.154656
6.112978,-1.101795,0.473785,1.299406,0.828787,-1.128955,1.129933,-0.294823,0.175951,-0.191968,1.128326,0.341682,-0.611385,0.794761,-0.083759,-2.209019,-0.008270,1.249955,-2.218593,-1.145527,3.461185,0.139527,-0.378577,0.126166,0.208081,0.024394,-0.155538,0.349817,-0.155986
6.114024,-1.099517,0.472030,1.299233,0.827180,-1.126831,1.129232,-0.294953,0.179945,-0.192239,1.131726,0.340538,-0.611941,0.793636,-0.082796,-2.209779,-0.008027,1.250375,-2.218540,-1.145843,3.461894,0.139218,-0.380707,0.124655,0.209214,0.025579,-0.158481,0.351380,-0.155193
6.114983,-1.104359,0.470852,1.295765,0.827074,-1.125754,1.129510,-0.294544,0.179945,-0.192239,1.131726,0.340538,-0.611941,0.793636,-0.082796,-2.209779,-0.008027,1.250375,-2.218540,-1.145843,3.461894,0.139218,-0.380707,0.124655,0.209214,0.025579,-0.158481,0.351380,-0.155193
6.115982,-1.099878,0.473011,1.296329,0.826355,-1.126177,1.130890,-0.294290,0.175685,-0.188660,1.127337,0.338505,-0.612335,0.792851,-0.082381,-2.210147,-0.007902,1.250589,-2.218516,-1.146006,3.462243,0.139062,-0.377469,0.125003,0.210505,0.025700,-0.159555,0.350418,-0.155693
6.117013,-1.094507,0.473875,1.296544,0.826877,-1.124027,1.129842,-0.292651,0.165554,-0.181963,1.117204,0.335222,-0.612826,0.791877,-0.082037,-2.210532,-0.007780,1.250797,-2.218489,-1.146165,3.462592,0.138906,-0.378936,0.123746,0.209898,0.026389,-0.159230,0.348410,-0.155880
6.118003,-1.093222,0.469787,1.298777,0.827014,-1.123914,1.128685,-0.292973,0.152705,-0.173160,1.104454,0.330893,-0.613477,0.790891,-0.081774,-2.210919,-0.007658,1.251009,-2.218465,-1.146330,3.462938,0.138740,-0.380892,0.123210,0.209517,0.025927,-0.161518,0.348936,-0.158838
6.118985,-1.094183,0.472794,1.295425,0.824944,-1.123393,1.126725,-0.293331,0.142532,-0.165089,1.094399,0.326279,-0.614316,0.790112,-0.081584,-2.211298,-0.007529,1.251211,-2.218437,-1.146494,3.463288,0.138585,-0.380729,0.125020,0.208133,0.025747,-0.161668,0.349455,-0.157840
6.120012,-1.090058,0.472810,1.292142,0.825347,-1.124992,1.123705,-0.292549,0.135397,-0.158431,1.087361,0.321382,-0.615320,0.789429,-0.081423,-2.211678,-0.007408,1.251424,-2.218407,-1.146656,3.463648,0.138429,-0.379409,0.123319,0.209448,0.027725,-0.162253,0.350719,-0.156800
6.121005,-1.086963,0.475171,1.292949,0.825326,-1.123619,1.124058,-0.292415,0.127554,-0.150971,1.079651,0.315126,-0.616471,0.788515,-0.081250,-2.212064,-0.007285,1.251637,-2.218381,-1.146817,3.464002,0.138266,-0.380765,0.123196,0.210779,0.027319,-0.160777,0.353144,-0.158053
6.122003,-1.082848,0.477048,1.291124,0.825861,-1.122608,1.122193,-0.292186,0.118112,-0.141933,1.070425,0.307615,-0.617686,0.787346,-0.081052,-2.212443,-0.007166,1.251844,-2.218354,-1.146979,3.464353,0.138110,-0.381522,0.121872,0.210058,0.027304,-0.162257,0.352120,-0.157988
6.123074,-1.085633,0.474993,1.289862,0.825962,-1.122939,1.123886,-0.292378,0.108975,-0.132120,1.061615,0.299874,-0.618848,0.786161,-0.080835,-2.212830,-0.007047,1.252056,-2.218326,-1.147144,3.464712,0.137951,-0.382741,0.120817,0.210627,0.026714,-0.163317,0.353330,-0.158121
6.124100,-1.085022,0.473337,1.288937,0.826263,-1.120555,1.122525,-0.291564,0.099980,-0.121806,1.053077,0.292806,-0.619832,0.785069,-0.080619,-2.213202,-0.006922,1.252268,-2.218299,-1.147308,3.465057,0.137793,-0.380913,0.121773,0.211068,0.026634,-0.163162,0.351113,-0.157425
6.124991,-1.081810,0.470783,1.289559,0.826430,-1.120255,1.119933,-0.291397,0.089517,-0.111362,1.043177,0.287165,-0.620547,0.784055,-0.080429,-2.213583,-0.006797,1.252480,-2.218274,-1.147478,3.465412,0.137631,-0.380560,0.122445,0.211237,0.026371,-0.165628,0.351897,-0.158739
6.126032,-1.078425,0.472599,1.284828,0.826631,-1.121766,1.118786,-0.291972,0.078221,-0.102127,1.032530,0.283312,-0.620999,0.783122,-0.080274,-2.213966,-0.006674,1.252692,-2.218250,-1.147643,3.465764,0.137471,-0.380967,0.123415,0.210327,0.026177,-0.165777,0.353702,-0.158694
6.127034,-1.081452,0.470313,1.282057,0.826074,-1.119817,1.116571,-0.291956,0.067548,-0.095011,1.022608,0.280993,-0.621286,0.782283,-0.080150,-2.214344,-0.006552,1.252906,-2.218224,-1.147803,3.466122,0.137315,-0.382083,0.122387,0.212446,0.026008,-0.164425,0.354229,-0.157225
6.128102,-1.078025,0.474740,1.281378,0.826161,-1.120669,1.114419,-0.291977,0.055364,-0.088754,1.011266,0.279625,-0.621451,0.781402,-0.080052,-2.214720,-0.006428,1.253123,-2.218196,-1.147977,3.466483,0.137157,-0.379834,0.123367,0.213419,0.026517,-0.166385,0.355774,-0.156948
6.129083,-1.079738,0.472040,1.281644,0.826228,-1.116866,1.114614,-0.291699,0.039011,-0.081697,0.995808,0.278590,-0.621509,0.780302,-0.079970,-2.215098,-0.006312,1.253338,-2.218170,-1.148140,3.466843,0.137003,-0.381102,0.121130,0.213511,0.026471,-0.165702,0.357342,-0.156619
6.130015,-1.073380,0.470464,1.272195,0.824316,-1.114622,1.117985,-0.291182,0.019084,-0.073690,0.976834,0.277691,-0.621479,0.778978,-0.079894,-2.215475,-0.006187,1.253550,-2.218143,-1.148314,3.467198,0.136843,-0.379412,0.122295,0.212984,0.026373,-0.169486,0.356444,-0.156841
6.130982,-1.076887,0.469439,1.272188,0.824806,-1.116042,1.119834,-0.292251,-0.003627,-0.065414,0.955160,0.276962,-0.621338,0.777499,-0.079805,-2.215863,-0.006067,1.253775,-2.218113,-1.148490,3.467543,0.136685,-0.381513,0.122859,0.217091,0.028151,-0.171549,0.352348,-0.157536
6.131990,-1.075814,0.473414,1.267140,0.824587,-1.115125,1.117072,-0.291177,-0.029934,-0.056965,0.929978,0.276157,-0.621087,0.775900,-0.079686,-2.216237,-0.005942,1.253990,-2.218087,-1.148657,3.467890,0.136540,-0.378894,0.123142,0.216600,0.027620,-0.170069,0.349865,-0.155082
6.132996,-1.077875,0.473525,1.273429,0.824941,-1.113807,1.115294,-0.292073,-0.061568,-0.047140,0.899546,0.275292,-0.620688,0.774116,-0.079525,-2.216618,-0.005825,1.254214,-2.218058,-1.148833,3.468250,0.136380,-0.378710,0.121044,0.218679,0.027789,-0.170970,0.352009,-0.156943
6.134133,-1.075641,0.473844,1.267456,0.825325,-1.113726,1.114297,-0.292445,-0.098376,-0.035147,0.864022,0.274513,-0.620090,0.772100,-0.079305,-2.216998,-0.005702,1.254425,-2.218031,-1.149007,3.468605,0.136228,-0.376930,0.120850,0.215150,0.027412,-0.172274,0.353136,-0.154813
6.135128,-1.071830,0.473893,1.262090,0.823823,-1.114361,1.113738,-0.292420,-0.137592,-0.022054,0.826179,0.274125,-0.619291,0.769961,-0.079019,-2.217377,-0.005581,1.254646,-2.218004,-1.149177,3.468959,0.136079,-0.377842,0.120730,0.218051,0.027090,-0.172586,0.353684,-0.153835
6.136010,-1.072983,0.472863,1.256275,0.825734,-1.113448,1.115493,-0.293895,-0.178149,-0.008527,0.787080,0.273982,-0.618327,0.767730,-0.078685,-2.217760,-0.005462,1.254871,-2.217972,-1.149349,3.469309,0.135925,-0.378937,0.120583,0.220205,0.028454,-0.171929,0.353606,-0.153579
6.137067,-1.069269,0.473517,1.253558,0.823976,-1.112743,1.118072,-0.293162,-0.221383,0.005964,0.745322,0.274104,-0.617154,0.765347,-0.078315,-2.218132,-0.005340,1.255096,-2.217947,-1.149522,3.469658,0.135783,-0.377219,0.120788,0.222353,0.026450,-0.172632,0.351038,-0.150303
6.138047,-1.069814,0.472060,1.249418,0.824376,-1.112665,1.120182,-0.293488,-0.267817,0.021627,0.700285,0.275188,-0.615685,0.762870,-0.077916,-2.218513,-0.005221,1.255323,-2.217915,-1.149696,3.470004,0.135625,-0.378544,0.120408,0.223293,0.028148,-0.173406,0.347943,-0.151507
6.139021,-1.063813,0.470962,1.245663,0.824057,-1.111377,1.119706,-0.293662,-0.315918,0.037994,0.653457,0.276931,-0.614037,0.760416,-0.077498,-2.218890,-0.005096,1.255552,-2.217888,-1.149875,3.470337,0.135474,-0.377451,0.120936,0.224779,0.027690,-0.173357,0.345287,-0.150532
6.139989,-1.063586,0.471370,1.245357,0.824739,-1.111014,1.118954,-0.294049,-0.363515,0.054094,0.606986,0.279052,-0.612347,0.758088,-0.077059,-2.219270,-0.004973,1.255780,-2.217860,-1.150054,3.470683,0.135327,-0.379617,0.121282,0.226055,0.027949,-0.174532,0.345155,-0.149899
6.140992,-1.065639,0.470403,1.244264,0.823734,-1.109750,1.117362,-0.294901,-0.408144,0.068805,0.563311,0.281818,-0.610674,0.756017,-0.076590,-2.219648,-0.004855,1.256006,-2.217836,-1.150231,3.471034,0.135181,-0.378844,0.120919,0.225597,0.027278,-0.174765,0.345234,-0.148834
6.142010,-1.061161,0.473339,1.243824,0.822117,-1.109365,1.117065,-0.294622,-0.448964,0.082050,0.523253,0.285074,-0.609099,0.754260,-0.076088,-2.220015,-0.004733,1.256233,-2.217804,-1.150407,3.471380,0.135041,-0.377209,0.121258,0.225628,0.028165,-0.175996,0.346240,-0.146871
6.143077,-1.061099,0.475885,1.237338,0.823005,-1.108492,1.117398,-0.296397,-0.486158,0.094613,0.486667,0.287604,-0.607804,0.752777,-0.075561,-2.220400,-0.004616,1.256455,-2.217771,-1.150584,3.471727,0.134893,-0.378736,0.119704,0.225423,0.029611,-0.176338,0.345951,-0.147174
6.143991,-1.064965,0.473302,1.237871,0.823603,-1.104868,1.119578,-0.295593,-0.520267,0.107775,0.453093,0.288433,-0.606912,0.751531,-0.075032,-2.220779,-0.004502,1.256692,-2.217745,-1.150764,3.472070,0.134758,-0.378252,0.118465,0.228200,0.028759,-0.177248,0.345136,-0.143371
6.145000,-1.068554,0.470595,1.235028,0.825295,-1.103398,1.120108,-0.296176,-0.553975,0.122861,0.419859,0.288842,-0.606205,0.750494,-0.074538,-2.221148,-0.004381,1.256915,-2.217719,-1.150950,3.472411,0.134614,-0.375330,0.119527,0.227224,0.028105,-0.180592,0.342242,-0.144733
6.146031,-1.068085,0.473666,1.232954,0.825148,-1.101773,1.117872,-0.296138,-0.589346,0.139589,0.384869,0.291198,-0.605350,0.749691,-0.074125,-2.221520,-0.004259,1.257145,-2.217695,-1.151136,3.472750,0.134478,-0.372908,0.120729,0.228113,0.026456,-0.181910,0.341184,-0.143307
6.147030,-1.068215,0.471052,1.236894,0.821771,-1.100530,1.117111,-0.296978,-0.626884,0.157534,0.347668,0.296497,-0.604220,0.749088,-0.073816,-2.221890,-0.004142,1.257376,-2.217669,-1.151323,3.473092,0.134339,-0.372637,0.119114,0.228641,0.026622,-0.183431,0.342923,-0.143157
6.147981,-1.066344,0.473891,1.235627,0.822176,-1.098707,1.116702,-0.297682,-0.664132,0.176161,0.310772,0.302590,-0.603133,0.748617,-0.073608,-2.222261,-0.004020,1.257599,-2.217633,-1.151509,3.473438,0.134201,-0.371918,0.120293,0.226165,0.029788,-0.184514,0.343071,-0.141215
6.149036,-1.066624,0.474271,1.230645,0.821399,-1.097747,1.114199,-0.297206,-0.696578,0.193973,0.278672,0.306642,-0.602554,0.748368,-0.073491,-2.222635,-0.003905,1.257826,-2.217604,-1.151700,3.473776,0.134065,-0.371979,0.118716,0.226186,0.029248,-0.186054,0.342853,-0.139556
6.150073,-1.068154,0.471411,1.229930,0.822457,-1.094513,1.112145,-0.297347,-0.724119,0.211186,0.251468,0.308287,-0.602534,0.748393,-0.073468,-2.223002,-0.003787,1.258054,-2.217573,-1.151884,3.474128,0.133926,-0.371436,0.118501,0.228282,0.029964,-0.186975,0.344828,-0.140301
6.151069,-1.067946,0.467388,1.233341,0.821211,-1.090758,1.115545,-0.296183,-0.749532,0.228571,0.226386,0.308716,-0.602851,0.748607,-0.073540,-2.223368,-0.003666,1.258283,-2.217546,-1.152079,3.474478,0.133785,-0.370211,0.119859,0.228146,0.028876,-0.190051,0.346315,-0.139763
6.152012,-1.064488,0.467738,1.228030,0.822468,-1.087608,1.116275,-0.296784,-0.771638,0.244198,0.204544,0.309203,-0.603378,0.749114,-0.073708,-2.223739,-0.003543,1.258507,-2.217517,-1.152283,3.474809,0.133639,-0.369652,0.121696,0.225910,0.030070,-0.193469,0.342344,-0.141839
6.152982,-1.063629,0.465372,1.229013,0.821225,-1.085292,1.113846,-0.297270,-0.787554,0.255900,0.188792,0.310586,-0.604075,0.750151,-0.073953,-2.224107,-0.003422,1.258737,-2.217490,-1.152486,3.475146,0.133505,-0.370562,0.121283,0.227922,0.028736,-0.196200,0.341013,-0.140355
6.153990,-1.063311,0.468893,1.231496,0.821596,-1.082314,1.110150,-0.296400,-0.797216,0.263725,0.179201,0.313122,-0.604879,0.751719,-0.074229,-2.224480,-0.003297,1.258962,-2.217459,-1.152689,3.475493,0.133371,-0.370185,0.122256,0.226831,0.029854,-0.198128,0.342827,-0.139148
6.155066,-1.066950,0.471108,1.236988,0.822388,-1.078846,1.109417,-0.297186,-0.801065,0.268499,0.175314,0.316155,-0.605793,0.753643,-0.074496,-2.224848,-0.003179,1.259180,-2.217430,-1.152895,3.475840,0.133227,-0.369753,0.120367,0.225178,0.029401,-0.200776,0.345944,-0.140651
6.156011,-1.059112,0.471050,1.238784,0.823009,-1.074517,1.108960,-0.296741,-0.799434,0.271384,0.176777,0.319384,-0.606752,0.755793,-0.074737,-2.225216,-0.003061,1.259395,-2.217401,-1.153104,3.476186,0.133091,-0.367598,0.119261,0.222202,0.028582,-0.204001,0.346168,-0.138831
6.157025,-1.057812,0.464135,1.239496,0.822304,-1.074330,1.109458,-0.295912,-0.791238,0.272335,0.184697,0.323524,-0.607619,0.758228,-0.074947,-2.225594,-0.002941,1.259614,-2.217376,-1.153321,3.476529,0.132948,-0.370619,0.119100,0.220770,0.027938,-0.207785,0.345961,-0.139462
6.158048,-1.055009,0.462995,1.239782,0.821437,-1.071129,1.112774,-0.296627,-0.773161,0.268863,0.202422,0.328798,-0.608469,0.761094,-0.075138,-2.225961,-0.002812,1.259831,-2.217345,-1.153529,3.476872,0.132809,-0.370687,0.122372,0.220050,0.028558,-0.207584,0.344897,-0.140887
6.159100,-1.051575,0.460130,1.238142,0.821129,-1.071415,1.115440,-0.296040,-0.744254,0.259175,0.230925,0.334519,-0.609489,0.764400,-0.075317,-2.226336,-0.002690,1.260053,-2.217314,-1.153748,3.477210,0.132674,-0.371480,0.122787,0.219483,0.029305,-0.210370,0.341038,-0.139200
6.159983,-1.050934,0.463390,1.240717,0.821573,-1.070472,1.113203,-0.297264,-0.706433,0.243827,0.268305,0.339936,-0.610775,0.768088,-0.075484,-2.226706,-0.002562,1.260276,-2.217284,-1.153959,3.477536,0.132530,-0.372760,0.124076,0.219946,0.029547,-0.209736,0.337976,-0.140149
6.160977,-1.048417,0.458911,1.244779,0.819714,-1.068712,1.110212,-0.295766,-0.662552,0.224847,0.311673,0.344819,-0.612295,0.772040,-0.075637,-2.227076,-0.002442,1.260489,-2.217256,-1.154170,3.477879,0.132398,-0.371972,0.122127,0.218026,0.028973,-0.210085,0.339507,-0.137409
6.162089,-1.050337,0.462434,1.249621,0.820073,-1.065281,1.110762,-0.296973,-0.614312,0.203810,0.359254,0.348701,-0.614039,0.776078,-0.075767,-2.227449,-0.002317,1.260700,-2.217222,-1.154388,3.478222,0.132251,-0.372544,0.124203,0.215631,0.030664,-0.211380,0.341922,-0.140178
6.163087,-1.046043,0.458327,1.252347,0.818279,-1.063499,1.108716,-0.297401,-0.561797,0.181076,0.410939,0.350987,-0.616020,0.780117,-0.075844,-2.227816,-0.002196,1.260907,-2.217193,-1.154609,3.478564,0.132122,-0.371385,0.122416,0.213174,0.030277,-0.214521,0.340930,-0.137535
6.163989,-1.044738,0.456371,1.254791,0.818156,-1.061899,1.109301,-0.297162,-0.505278,0.156920,0.466513,0.351607,-0.618197,0.784147,-0.075828,-2.228193,-0.002068,1.261115,-2.217157,-1.154827,3.478913,0.131990,-0.372824,0.124266,0.211512,0.031865,-0.215803,0.342383,-0.136471
6.165040,-1.040818,0.457704,1.251201,0.818406,-1.062890,1.111049,-0.297161,-0.444585,0.130907,0.526195,0.350611,-0.620573,0.788153,-0.075725,-2.228562,-0.001942,1.261321,-2.217126,-1.155046,3.479250,0.131855,-0.372449,0.124908,0.209802,0.031785,-0.216754,0.341084,-0.136699
6.165994,-1.041374,0.454221,1.249979,0.819921,-1.060665,1.113091,-0.297170,-0.381474,0.103612,0.588284,0.348582,-0.623061,0.792094,-0.075582,-2.228941,-0.001818,1.261534,-2.217096,-1.155261,3.479588,0.131718,-0.373877,0.124118,0.211383,0.031469,-0.215381,0.338856,-0.136475
6.166966,-1.040975,0.454186,1.254786,0.818315,-1.057532,1.112450,-0.297762,-0.320432,0.077142,0.648375,0.347153,-0.625382,0.795935,-0.075424,-2.229316,-0.001691,1.261746,-2.217068,-1.155485,3.479913,0.131581,-0.372693,0.125597,0.211528,0.029864,-0.217035,0.336268,-0.136200
6.168007,-1.041347,0.455890,1.255059,0.816085,-1.056190,1.107815,-0.297000,-0.263818,0.052363,0.704128,0.347419,-0.627336,0.799693,-0.075248,-2.229686,-0.001567,1.261948,-2.217034,-1.155707,3.480251,0.131450,-0.372158,0.125386,0.208811,0.031290,-0.219616,0.336347,-0.134780
6.169011,-1.037396,0.455253,1.252879,0.817586,-1.056226,1.107456,-0.297289,-0.211725,0.030010,0.755460,0.347730,-0.629051,0.803248,-0.075047,-2.230057,-0.001443,1.262156,-2.216999,-1.155929,3.480600,0.131312,-0.371464,0.124400,0.208478,0.033322,-0.220500,0.340468,-0.136099
6.170070,-1.033707,0.453431,1.255713,0.813905,-1.057184,1.105232,-0.297848,-0.164942,0.011324,0.801640,0.346499,-0.630644,0.806415,-0.074833,-2.230434,-0.001318,1.262367,-2.216973,-1.156149,3.480944,0.131176,-0.372753,0.124543,0.209252,0.031783,-0.219968,0.340208,-0.135266
6.171123,-1.035088,0.448196,1.258147,0.817422,-1.058230,1.104226,-0.296709,-0.122206,-0.004359,0.843944,0.343467,-0.632204,0.809234,-0.074623,-2.230805,-0.001189,1.262570,-2.216930,-1.156362,3.481290,0.131045,-0.374169,0.125310,0.207712,0.035145,-0.218680,0.341940,-0.133944
6.172017,-1.035537,0.448279,1.254330,0.817571,-1.057162,1.102821,-0.296881,-0.080145,-0.019525,0.885646,0.338921,-0.633855,0.811879,-0.074452,-2.231177,-0.001057,1.262774,-2.216907,-1.156578,3.481636,0.130906,-0.372987,0.127730,0.206353,0.031661,-0.217272,0.342417,-0.136022
6.173012,-1.034832,0.445255,1.252212,0.815720,-1.055366,1.103914,-0.295527,-0.039765,-0.034865,0.925651,0.335344,-0.635320,0.814410,-0.074361,-2.231540,-0.000930,1.262984,-2.216877,-1.156792,3.481980,0.130773,-0.371801,0.127309,0.207731,0.031380,-0.217747,0.343081,-0.135396
6.174016,-1.028988,0.445858,1.248441,0.817391,-1.055887,1.101806,-0.296515,-0.005543,-0.048372,0.959488,0.333812,-0.636331,0.816676,-0.074342,-2.231913,-0.000798,1.263193,-2.216839,-1.157012,3.482316,0.130630,-0.371471,0.128559,0.208468,0.032956,-0.219051,0.341420,-0.137869
6.175010,-1.033709,0.447882,1.250934,0.815952,-1.058312,1.097784,-0.296245,0.040635,-0.066031,1.004916,0.333949,-0.637171,0.820077,-0.074353,-2.232657,-0.000547,1.263608,-2.216774,-1.157438,3.483007,0.130363,-0.370662,0.126831,0.208487,0.032401,-0.215213,0.346414,-0.135958
6.176042,-1.032312,0.443564,1.254608,0.814455,-1.055227,1.096250,-0.294639,0.040635,-0.066031,1.004916,0.333949,-0.637171,0.820077,-0.074353,-2.232657,-0.000547,1.263608,-2.216774,-1.157438,3.483007,0.130363,-0.370662,0.126831,0.208487,0.032401,-0.215213,0.346414,-0.135958
6.177083,-1.030296,0.442253,1.256743,0.814345,-1.057070,1.094639,-0.295698,0.054135,-0.069632,1.017963,0.333796,-0.637293,0.821062,-0.074343,-2.233030,-0.000415,1.263810,-2.216737,-1.157664,3.483360,0.130218,-0.370830,0.128782,0.206488,0.033664,-0.217860,0.347329,-0.138937
6.178069,-1.028075,0.442048,1.259910,0.813851,-1.056155,1.093930,-0.296203,0.079949,-0.075825,1.042718,0.329043,-0.638000,0.822138,-0.074296,-2.233776,-0.000153,1.264215,-2.216670,-1.158089,3.484056,0.129957,-0.371705,0.129031,0.203435,0.033909,-0.216130,0.348463,-0.135343
6.178969,-1.023944,0.446662,1.260523,0.814028,-1.054754,1.094410,-0.295420,0.079949,-0.075825,1.042718,0.329043,-0.638000,0.822138,-0.074296,-2.233776,-0.000153,1.264215,-2.216670,-1.158089,3.484056,0.129957,-0.371705,0.129031,0.203435,0.033909,-0.216130,0.348463,-0.135343
6.179963,-1.027645,0.438540,1.259779,0.815979,-1.053318,1.096316,-0.295530,0.097127,-0.080208,1.059374,0.325225,-0.638655,0.822619,-0.074277,-2.234154,-0.000032,1.264416,-2.216638,-1.158310,3.484397,0.129814,-0.372654,0.126426,0.202699,0.033515,-0.216852,0.347256,-0.136639
6.181028,-1.024589,0.437342,1.252578,0.815195,-1.052844,1.093505,-0.294972,0.115492,-0.084409,1.077249,0.322267,-0.639233,0.823217,-0.074297,-2.234515,0.000106,1.264617,-2.216608,-1.158528,3.484738,0.129682,-0.370212,0.130197,0.202854,0.031460,-0.217814,0.344761,-0.136182
6.182060,-1.022286,0.438965,1.252481,0.813744,-1.052368,1.091890,-0.295840,0.131053,-0.088256,1.092397,0.322050,-0.639429,0.823869,-0.074351,-2.234888,0.000232,1.264831,-2.216574,-1.158745,3.485095,0.129543,-0.371348,0.130650,0.206258,0.032112,-0.217926,0.347056,-0.137082
6.183003,-1.021055,0.436092,1.257522,0.814043,-1.053352,1.090635,-0.294358,0.141019,-0.090775,1.102080,0.323566,-0.639301,0.824304,-0.074403,-2.235262,0.000360,1.265037,-2.216538,-1.158967,3.485442,0.129413,-0.371923,0.129632,0.206071,0.033350,-0.217951,0.348105,-0.135116
6.183989,-1.021828,0.437712,1.257162,0.814298,-1.051210,1.089094,-0.296091,0.147455,-0.092020,1.108316,0.324788,-0.639147,0.824456,-0.074438,-2.235627,0.000493,1.265232,-2.216506,-1.159177,3.485797,0.129272,-0.371731,0.130737,0.203254,0.032853,-0.216462,0.348614,-0.137851
6.185134,-1.025186,0.436168,1.255258,0.812621,-1.051396,1.091064,-0.296420,0.153426,-0.093193,1.114110,0.325603,-0.639071,0.824458,-0.074450,-2.235999,0.000621,1.265435,-2.216474,-1.159394,3.486151,0.129142,-0.370619,0.129653,0.203186,0.032445,-0.218145,0.349493,-0.134107
6.186068,-1.026599,0.437809,1.260606,0.812140,-1.049818,1.091338,-0.295235,0.157007,-0.093221,1.117576,0.326123,-0.638999,0.824239,-0.074409,-2.236360,0.000753,1.265638,-2.216436,-1.159612,3.486492,0.129012,-0.368948,0.130365,0.204224,0.033942,-0.217716,0.347139,-0.133309
6.186976,-1.026401,0.435983,1.264537,0.810653,-1.050299,1.093349,-0.295257,0.155962,-0.090733,1.116475,0.325582,-0.638945,0.823716,-0.074310,-2.236728,0.000880,1.265834,-2.216401,-1.159836,3.486839,0.128872,-0.367377,0.129218,0.201207,0.034157,-0.218666,0.346181,-0.135434
6.188011,-1.024873,0.432051,1.262314,0.812619,-1.051411,1.091448,-0.294429,0.152748,-0.086668,1.113188,0.323317,-0.639034,0.823061,-0.074177,-2.237095,0.001008,1.266029,-2.216365,-1.160055,3.487174,0.128740,-0.366526,0.129803,0.198907,0.035338,-0.217530,0.343485,-0.135117
6.189027,-1.020438,0.434177,1.255505,0.812237,-1.050763,1.089563,-0.295402,0.150390,-0.083153,1.110743,0.319955,-0.639268,0.822484,-0.074028,-2.237464,0.001145,1.266229,-2.216334,-1.160268,3.487518,0.128599,-0.366801,0.131493,0.199921,0.033252,-0.216045,0.344895,-0.136548
6.190004,-1.018113,0.432463,1.256736,0.812234,-1.049246,1.088777,-0.294592,0.147900,-0.080694,1.108255,0.317087,-0.639412,0.821945,-0.073864,-2.237838,0.001269,1.266439,-2.216299,-1.160485,3.487867,0.128470,-0.368411,0.130242,0.203064,0.033458,-0.216283,0.346190,-0.134361
6.191146,-1.022684,0.435106,1.261955,0.811488,-1.049255,1.089023,-0.293820,0.143551,-0.078390,1.104016,0.315179,-0.639294,0.821301,-0.073670,-2.238203,0.001400,1.266641,-2.216267,-1.160703,3.488211,0.128335,-0.368896,0.130824,0.202126,0.033285,-0.217292,0.346345,-0.135778
6.191991,-1.015010,0.437079,1.256823,0.811621,-1.049903,1.089307,-0.295366,0.138238,-0.076109,1.098823,0.313586,-0.638951,0.820544,-0.073446,-2.238565,0.001528,1.266833,-2.216232,-1.160921,3.488555,0.128195,-0.366574,0.129447,0.199708,0.033915,-0.217047,0.345718,-0.137110
6.192971,-1.015010,0.435116,1.255430,0.811355,-1.049764,1.090505,-0.294673,0.132532,-0.073359,1.093247,0.311672,-0.638461,0.819683,-0.073196,-2.238939,0.001655,1.267040,-2.216199,-1.161135,3.488896,0.128066,-0.369174,0.128038,0.201684,0.033504,-0.215693,0.344633,-0.133715
6.194119,-1.020829,0.434502,1.258345,0.811583,-1.053076,1.095180,-0.295238,0.117180,-0.065306,1.078467,0.307238,-0.637120,0.817487,-0.072661,-2.239662,0.001913,1.267440,-2.216134,-1.161555,3.489568,0.127794,-0.365620,0.129039,0.200764,0.033301,-0.211927,0.337838,-0.133560
6.195055,-1.023793,0.436994,1.257163,0.812547,-1.053775,1.096593,-0.293763,0.117180,-0.065306,1.078467,0.307238,-0.637120,0.817487,-0.072661,-2.239662,0.001913,1.267440,-2.216134,-1.161555,3.489568,0.127794,-0.365620,0.129039,0.200764,0.033301,-0.211927,0.337838,-0.133560
6.195983,-1.015014,0.432590,1.248962,0.811759,-1.052505,1.095649,-0.295161,0.104381,-0.059766,1.066087,0.305849,-0.636209,0.816118,-0.072384,-2.240018,0.002038,1.267643,-2.216105,-1.161763,3.489893,0.127651,-0.363423,0.127495,0.201000,0.032214,-0.210774,0.335886,-0.136266
6.197053,-1.017529,0.433907,1.247424,0.810852,-1.053781,1.092088,-0.295782,0.086090,-0.052605,1.048361,0.305714,-0.635059,0.814552,-0.072072,-2.240392,0.002172,1.267854,-2.216069,-1.161972,3.490231,0.127524,-0.366910,0.129344,0.204640,0.032735,-0.211560,0.336199,-0.133190
6.198005,-1.017224,0.435248,1.248483,0.810403,-1.052631,1.091675,-0.294340,0.062974,-0.044589,1.025979,0.306168,-0.633778,0.812721,-0.071713,-2.240758,0.002298,1.268060,-2.216034,-1.162182,3.490574,0.127394,-0.365273,0.128544,0.205256,0.033470,-0.209990,0.339310,-0.131770
6.198992,-1.015815,0.438719,1.246217,0.809871,-1.052557,1.090751,-0.294909,0.035574,-0.035597,0.999383,0.306006,-0.632516,0.810518,-0.071329,-2.241119,0.002426,1.268263,-2.216000,-1.162396,3.490914,0.127257,-0.364715,0.127590,0.204358,0.033691,-0.210653,0.339063,-0.134442
6.200022,-1.010032,0.439574,1.244471,0.811979,-1.054477,1.092031,-0.293565,0.004654,-0.024933,0.969273,0.304682,-0.631304,0.807951,-0.070947,-2.241487,0.002547,1.268471,-2.215964,-1.162604,3.491254,0.127126,-0.364763,0.125675,0.205188,0.033973,-0.210315,0.339414,-0.133043
6.201021,-0.999554,0.435143,1.236541,0.812549,-1.053883,1.092627,-0.292437,-0.027727,-0.013009,0.937715,0.302875,-0.630059,0.805199,-0.070581,-2.241859,0.002671,1.268681,-2.215935,-1.162808,3.491581,0.126986,-0.367096,0.125121,0.205783,0.031795,-0.208082,0.337654,-0.135523
6.202003,-1.000770,0.433368,1.240983,0.812374,-1.052791,1.094097,-0.292472,-0.058080,-0.002158,0.908179,0.302377,-0.628628,0.802590,-0.070259,-2.242230,0.002801,1.268892,-2.215904,-1.163012,3.491913,0.126845,-0.370167,0.126576,0.208546,0.030920,-0.207626,0.335652,-0.137241
6.203075,-1.001113,0.431137,1.238433,0.811204,-1.053131,1.094198,-0.291494,-0.083551,0.005165,0.883404,0.304231,-0.626930,0.800365,-0.069999,-2.242594,0.002925,1.269093,-2.215873,-1.163219,3.492244,0.126709,-0.367378,0.126745,0.205156,0.030776,-0.207600,0.332764,-0.136635
6.204003,-0.995578,0.432909,1.230462,0.809866,-1.054765,1.090938,-0.290831,-0.104738,0.009036,0.862704,0.307696,-0.625008,0.798472,-0.069784,-2.242951,0.003053,1.269295,-2.215840,-1.163422,3.492569,0.126568,-0.365372,0.127165,0.205456,0.031602,-0.206249,0.331361,-0.138082
6.204968,-0.986672,0.433738,1.222698,0.809343,-1.054695,1.090562,-0.289354,-0.125655,0.012063,0.842171,0.310941,-0.622972,0.796575,-0.069595,-2.243320,0.003177,1.269508,-2.215805,-1.163619,3.492905,0.126429,-0.365849,0.125497,0.208129,0.032508,-0.203526,0.333185,-0.138876
6.206119,-0.989044,0.435680,1.224147,0.810032,-1.057381,1.091125,-0.289806,-0.149783,0.017032,0.818508,0.312427,-0.620928,0.794371,-0.069417,-2.243695,0.003299,1.269727,-2.215773,-1.163820,3.493236,0.126281,-0.368029,0.124387,0.210655,0.032665,-0.202538,0.332115,-0.141286
6.207039,-0.991508,0.428206,1.215931,0.810294,-1.056458,1.092592,-0.288937,-0.177519,0.024945,0.791351,0.312218,-0.618921,0.791895,-0.069246,-2.244053,0.003418,1.269932,-2.215744,-1.164010,3.493561,0.126143,-0.365124,0.122892,0.208946,0.031748,-0.199041,0.330268,-0.139828
6.207973,-0.982508,0.427999,1.208558,0.808372,-1.054451,1.091174,-0.287063,-0.210098,0.035799,0.759407,0.311844,-0.616856,0.789270,-0.069090,-2.244411,0.003550,1.270149,-2.215714,-1.164207,3.493887,0.126000,-0.361689,0.125812,0.211708,0.031165,-0.198916,0.327375,-0.141051
6.209057,-0.979237,0.427255,1.211769,0.808855,-1.053528,1.092273,-0.286656,-0.249098,0.049061,0.721118,0.312152,-0.614682,0.786527,-0.068966,-2.244778,0.003675,1.270367,-2.215680,-1.164409,3.494215,0.125850,-0.363974,0.125111,0.214008,0.032688,-0.199813,0.327409,-0.144249
6.210039,-0.970691,0.426595,1.211776,0.808189,-1.053042,1.089518,-0.286747,-0.290635,0.062876,0.680367,0.312570,-0.612609,0.783854,-0.068883,-2.245140,0.003800,1.270573,-2.215650,-1.164608,3.494534,0.125703,-0.363707,0.124843,0.211315,0.031930,-0.199787,0.325007,-0.144482
6.210947,-0.971211,0.426585,1.206873,0.806955,-1.052670,1.087654,-0.284893,-0.327039,0.074243,0.644719,0.312799,-0.610898,0.781601,-0.068824,-2.245511,0.003923,1.270782,-2.215618,-1.164805,3.494858,0.125555,-0.365804,0.124468,0.210109,0.032253,-0.199245,0.326436,-0.143730
6.211997,-0.963187,0.426730,1.202352,0.807442,-1.050847,1.085346,-0.284138,-0.355822,0.082416,0.616594,0.312445,-0.609656,0.779750,-0.068785,-2.245865,0.004046,1.270994,-2.215584,-1.165003,3.495184,0.125402,-0.363311,0.123713,0.211251,0.033060,-0.198511,0.326870,-0.146896
6.212995,-0.960310,0.425493,1.196553,0.808211,-1.048553,1.086452,-0.283952,-0.380543,0.089444,0.592465,0.311252,-0.608775,0.777963,-0.068764,-2.246235,0.004165,1.271208,-2.215554,-1.165206,3.495517,0.125253,-0.365328,0.123032,0.212323,0.032285,-0.199342,0.327805,-0.147820
6.213960,-0.958360,0.426528,1.193674,0.806485,-1.046031,1.086066,-0.283853,-0.403796,0.096411,0.569781,0.310434,-0.607976,0.776110,-0.068769,-2.246597,0.004288,1.271427,-2.215525,-1.165408,3.495833,0.125101,-0.364680,0.122971,0.213912,0.031240,-0.200582,0.325353,-0.147607
6.214987,-0.958978,0.428088,1.190631,0.807736,-1.044307,1.084942,-0.282214,-0.427309,0.104006,0.546808,0.310791,-0.607022,0.774175,-0.068803,-2.246957,0.004407,1.271639,-2.215490,-1.165611,3.496158,0.124956,-0.363524,0.121768,0.214075,0.032546,-0.202004,0.324371,-0.147256
6.215973,-0.955929,0.423583,1.186648,0.806140,-1.043524,1.087960,-0.282455,-0.453663,0.113845,0.520940,0.312032,-0.605788,0.772053,-0.068867,-2.247322,0.004525,1.271855,-2.215462,-1.165817,3.496477,0.124798,-0.361178,0.120384,0.214359,0.031030,-0.202651,0.324197,-0.149967
6.217007,-0.953972,0.423876,1.184226,0.805624,-1.043694,1.087852,-0.282140,-0.483809,0.126214,0.491246,0.314127,-0.604227,0.769758,-0.068951,-2.247677,0.004649,1.272068,-2.215427,-1.166019,3.496791,0.124655,-0.360703,0.121947,0.215096,0.032236,-0.202358,0.319835,-0.148907
6.218061,-0.949721,0.425831,1.186201,0.805253,-1.044295,1.086415,-0.281879,-0.516102,0.139643,0.459394,0.316516,-0.602492,0.767464,-0.069022,-2.248038,0.004770,1.272284,-2.215393,-1.166216,3.497110,0.124503,-0.359710,0.121149,0.215078,0.032370,-0.201216,0.318671,-0.148975
6.218968,-0.945500,0.420847,1.179695,0.805569,-1.045847,1.083072,-0.281477,-0.547426,0.152890,0.428485,0.318203,-0.600832,0.765362,-0.069058,-2.248398,0.004887,1.272493,-2.215361,-1.166415,3.497423,0.124350,-0.359925,0.119584,0.212956,0.032422,-0.199634,0.318860,-0.148920
6.219980,-0.936286,0.420666,1.176041,0.806177,-1.045185,1.082000,-0.280108,-0.575106,0.164832,0.401178,0.319005,-0.599393,0.763554,-0.069061,-2.248753,0.005012,1.272709,-2.215331,-1.166603,3.497749,0.124200,-0.359849,0.121328,0.214846,0.031767,-0.197066,0.320804,-0.149152
6.221093,-0.940391,0.419436,1.179523,0.806029,-1.041618,1.081311,-0.280786,-0.597802,0.174024,0.378827,0.319661,-0.598175,0.762049,-0.069045,-2.249120,0.005129,1.272926,-2.215302,-1.166798,3.498073,0.124043,-0.362385,0.120783,0.215394,0.030886,-0.196781,0.320504,-0.151318
6.222052,-0.939978,0.416279,1.184625,0.805230,-1.041609,1.082299,-0.279700,-0.625774,0.182283,0.351282,0.323176,-0.596132,0.760050,-0.069004,-2.249822,0.005374,1.273335,-2.215237,-1.167199,3.498707,0.123741,-0.356800,0.121684,0.208885,0.031149,-0.198347,0.317603,-0.150988
6.222954,-0.934397,0.416361,1.178929,0.805115,-1.039888,1.081339,-0.279529,-0.625774,0.182283,0.351282,0.323176,-0.596132,0.760050,-0.069004,-2.249822,0.005374,1.273335,-2.215237,-1.167199,3.498707,0.123741,-0.356800,0.121684,0.208885,0.031149,-0.198347,0.317603,-0.150988
6.224093,-0.929618,0.413804,1.178891,0.804255,-1.040126,1.081125,-0.279429,-0.630420,0.181391,0.346629,0.325585,-0.595311,0.759605,-0.069015,-2.250184,0.005493,1.273550,-2.215207,-1.167402,3.499022,0.123590,-0.357332,0.120903,0.210400,0.030924,-0.198926,0.317224,-0.150734
6.225028,-0.924057,0.414695,1.183154,0.801914,-1.039654,1.080958,-0.278849,-0.629472,0.177815,0.347507,0.327751,-0.594649,0.759475,-0.069054,-2.250542,0.005616,1.273755,-2.215173,-1.167597,3.499337,0.123441,-0.358032,0.121617,0.209430,0.031458,-0.197817,0.316209,-0.150378
6.225954,-0.918047,0.413642,1.181086,0.802700,-1.040358,1.081181,-0.278417,-0.621313,0.171284,0.355545,0.328419,-0.594316,0.759659,-0.069115,-2.250903,0.005733,1.273956,-2.215138,-1.167788,3.499652,0.123291,-0.358604,0.120486,0.206099,0.033383,-0.197285,0.315037,-0.150975
6.227087,-0.919425,0.410310,1.183997,0.801101,-1.039391,1.077375,-0.277620,-0.603594,0.161281,0.373065,0.326605,-0.594482,0.760246,-0.069199,-2.251258,0.005852,1.274162,-2.215111,-1.167980,3.499962,0.123139,-0.359466,0.120329,0.205920,0.032297,-0.195548,0.313494,-0.151260
6.228070,-0.913187,0.412559,1.180619,0.803740,-1.039039,1.073842,-0.278351,-0.577718,0.148309,0.398659,0.322871,-0.595063,0.761212,-0.069304,-2.251610,0.005974,1.274358,-2.215075,-1.168177,3.500284,0.122985,-0.357112,0.121428,0.203581,0.033537,-0.195660,0.316080,-0.152284
6.229010,-0.910790,0.413482,1.173325,0.802727,-1.037678,1.070231,-0.278850,-0.547349,0.133644,0.428727,0.318631,-0.595836,0.762424,-0.069408,-2.251972,0.006089,1.274565,-2.215050,-1.168371,3.500606,0.122840,-0.358160,0.119672,0.204117,0.030677,-0.195012,0.318252,-0.150244
6.230034,-0.908491,0.407214,1.177354,0.803355,-1.038861,1.070725,-0.279099,-0.517781,0.120059,0.458129,0.315447,-0.596504,0.763676,-0.069487,-2.252328,0.006205,1.274776,-2.215016,-1.168564,3.500931,0.122695,-0.357215,0.118570,0.206490,0.031319,-0.195359,0.320472,-0.148698
6.231047,-0.909874,0.410229,1.180532,0.802240,-1.040111,1.070050,-0.280053,-0.492016,0.108770,0.483891,0.313843,-0.596963,0.764838,-0.069544,-2.252685,0.006330,1.274972,-2.214988,-1.168752,3.501250,0.122548,-0.356415,0.121038,0.203418,0.030430,-0.193263,0.318625,-0.147653
6.232094,-0.898869,0.409807,1.178558,0.802230,-1.037832,1.070954,-0.280665,-0.467886,0.098201,0.508037,0.313346,-0.597378,0.766011,-0.069592,-2.253039,0.006446,1.275170,-2.214954,-1.168940,3.501563,0.122410,-0.353772,0.118896,0.200792,0.031182,-0.191115,0.318031,-0.145214
6.233048,-0.890276,0.411390,1.176272,0.802770,-1.036458,1.067864,-0.281246,-0.442612,0.087584,0.533296,0.313160,-0.597930,0.767334,-0.069622,-2.253401,0.006564,1.275369,-2.214926,-1.169130,3.501876,0.122273,-0.357389,0.118532,0.200798,0.030950,-0.192538,0.315851,-0.143479
6.234023,-0.892083,0.406091,1.184285,0.801739,-1.038524,1.065129,-0.280768,-0.413708,0.076336,0.562202,0.313185,-0.598631,0.768916,-0.069624,-2.253764,0.006678,1.275571,-2.214898,-1.169326,3.502199,0.122137,-0.359485,0.117117,0.200784,0.030125,-0.192862,0.317604,-0.141807
6.234981,-0.884228,0.408735,1.181658,0.801123,-1.038669,1.063772,-0.281340,-0.379215,0.063137,0.596645,0.313552,-0.599442,0.770753,-0.069615,-2.254112,0.006800,1.275752,-2.214867,-1.169512,3.502518,0.121995,-0.356586,0.119092,0.195833,0.030841,-0.189846,0.318992,-0.142249
6.236105,-0.881194,0.405918,1.175386,0.801478,-1.039966,1.064784,-0.281268,-0.339077,0.047474,0.636622,0.313443,-0.600437,0.772697,-0.069615,-2.254473,0.006913,1.275950,-2.214835,-1.169696,3.502837,0.121857,-0.358409,0.117133,0.196093,0.031104,-0.188811,0.318988,-0.140564
6.236998,-0.872442,0.404079,1.176933,0.801883,-1.038820,1.063326,-0.281747,-0.296568,0.030827,0.678980,0.312589,-0.601559,0.774607,-0.069622,-2.254833,0.007034,1.276155,-2.214806,-1.169878,3.503149,0.121718,-0.358150,0.118005,0.198275,0.030521,-0.186767,0.316742,-0.140199
6.238016,-0.872502,0.401314,1.176720,0.798914,-1.038989,1.061858,-0.281965,-0.254548,0.014047,0.720974,0.311951,-0.602638,0.776502,-0.069640,-2.255194,0.007153,1.276346,-2.214777,-1.170065,3.503467,0.121586,-0.360254,0.118193,0.196342,0.029799,-0.186932,0.316843,-0.138735
6.239102,-0.871926,0.402613,1.174072,0.799285,-1.036579,1.059385,-0.282050,-0.212380,-0.003689,0.763206,0.311372,-0.603730,0.778471,-0.069673,-2.255554,0.007271,1.276540,-2.214740,-1.170246,3.503784,0.121449,-0.358195,0.118960,0.195477,0.032339,-0.185917,0.317012,-0.137787
6.240004,-0.866950,0.400392,1.172332,0.800777,-1.037257,1.058638,-0.283302,-0.172556,-0.020956,0.803152,0.309660,-0.604896,0.780334,-0.069714,-2.255906,0.007388,1.276736,-2.214710,-1.170439,3.504101,0.121314,-0.356739,0.117752,0.195892,0.031682,-0.187480,0.318233,-0.137114
6.240975,-0.861670,0.400743,1.174879,0.799188,-1.036792,1.057842,-0.281492,-0.139034,-0.035704,0.836906,0.307736,-0.605908,0.781925,-0.069763,-2.256266,0.007506,1.276927,-2.214683,-1.170619,3.504413,0.121187,-0.356986,0.118166,0.195651,0.029901,-0.185834,0.317618,-0.134110
6.242074,-0.856935,0.401090,1.178049,0.799390,-1.035558,1.056731,-0.281998,-0.110427,-0.048605,0.865862,0.306801,-0.606689,0.783357,-0.069844,-2.256626,0.007621,1.277117,-2.214649,-1.170806,3.504727,0.121045,-0.357528,0.117361,0.193367,0.031126,-0.185380,0.317106,-0.137258
6.243049,-0.856864,0.398614,1.174794,0.797806,-1.034557,1.054593,-0.281991,-0.082238,-0.061331,0.894462,0.306158,-0.607472,0.784795,-0.069965,-2.256980,0.007738,1.277300,-2.214619,-1.170991,3.505043,0.120914,-0.358158,0.116655,0.191028,0.030661,-0.185842,0.316971,-0.135711
6.244051,-0.851305,0.395329,1.176433,0.798371,-1.035582,1.054956,-0.281828,-0.053558,-0.074041,0.923588,0.305113,-0.608364,0.786191,-0.070089,-2.257332,0.007854,1.277493,-2.214585,-1.171180,3.505364,0.120779,-0.356169,0.117275,0.191663,0.031840,-0.185892,0.317769,-0.135225
6.245013,-0.848994,0.393526,1.173898,0.798970,-1.032582,1.055177,-0.282324,-0.026239,-0.086425,0.951396,0.303653,-0.609334,0.787400,-0.070196,-2.257691,0.007975,1.277679,-2.214555,-1.171360,3.505675,0.120644,-0.356950,0.118265,0.189906,0.030978,-0.184009,0.316105,-0.135050
6.246046,-0.847955,0.391081,1.172886,0.796400,-1.031534,1.055535,-0.282239,-0.000467,-0.099106,0.977704,0.302758,-0.610282,0.788476,-0.070296,-2.258043,0.008094,1.277867,-2.214526,-1.171546,3.505986,0.120512,-0.356063,0.118483,0.190213,0.030077,-0.186119,0.314583,-0.133549
6.247008,-0.849320,0.390615,1.177741,0.796455,-1.028624,1.054439,-0.282363,0.022510,-0.111599,1.001241,0.302774,-0.611131,0.789428,-0.070385,-2.258396,0.008213,1.278056,-2.214491,-1.171733,3.506289,0.120382,-0.354695,0.119092,0.189808,0.032286,-0.186276,0.313014,-0.133240
6.248019,-0.846208,0.388750,1.180603,0.797063,-1.027479,1.055020,-0.282017,0.041119,-0.122669,1.020359,0.302556,-0.611967,0.790167,-0.070454,-2.258742,0.008332,1.278232,-2.214461,-1.171924,3.506603,0.120251,-0.352047,0.118648,0.186499,0.031878,-0.188222,0.312810,-0.132496
6.248946,-0.838102,0.389581,1.178004,0.795753,-1.025211,1.055223,-0.282202,0.056762,-0.132601,1.036421,0.302186,-0.612816,0.790815,-0.070517,-2.259095,0.008451,1.278412,-2.214431,-1.172112,3.506909,0.120118,-0.351696,0.118949,0.184259,0.030971,-0.188451,0.310971,-0.132700
6.250064,-0.842023,0.387471,1.178935,0.796238,-1.024247,1.055173,-0.282237,0.071992,-0.142289,1.052033,0.302174,-0.613690,0.791555,-0.070601,-2.259454,0.008565,1.278596,-2.214396,-1.172307,3.507214,0.119986,-0.353576,0.117890,0.184603,0.031851,-0.189679,0.309486,-0.131823
6.251061,-0.837237,0.386026,1.185632,0.795895,-1.021812,1.054992,-0.281742,0.086493,-0.151209,1.066925,0.302218,-0.614613,0.792354,-0.070706,-2.259794,0.008685,1.278774,-2.214366,-1.172496,3.507521,0.119860,-0.350042,0.118395,0.183453,0.031115,-0.189822,0.308359,-0.131287
6.252099,-0.839592,0.386364,1.186509,0.796011,-1.017150,1.053542,-0.281897,0.099778,-0.159209,1.080578,0.302456,-0.615547,0.793171,-0.070842,-2.260146,0.008803,1.278946,-2.214335,-1.172691,3.507831,0.119727,-0.350517,0.118489,0.179330,0.031136,-0.191284,0.307268,-0.131789
6.253044,-0.834433,0.385693,1.183773,0.795433,-1.016190,1.053418,-0.280940,0.113265,-0.167014,1.094419,0.303170,-0.616445,0.794055,-0.071018,-2.260486,0.008921,1.279124,-2.214305,-1.172889,3.508138,0.119597,-0.347601,0.117713,0.178157,0.030749,-0.194992,0.307500,-0.130980
6.254005,-0.838831,0.382208,1.182938,0.794523,-1.016884,1.054918,-0.281459,0.125260,-0.173554,1.106850,0.304314,-0.617203,0.794872,-0.071227,-2.260837,0.009037,1.279302,-2.214274,-1.173082,3.508442,0.119457,-0.348160,0.117405,0.178650,0.030986,-0.194896,0.306342,-0.132390
6.255021,-0.837035,0.382241,1.190279,0.793449,-1.013065,1.058501,-0.280130,0.132278,-0.177300,1.114394,0.305365,-0.617799,0.795383,-0.071445,-2.261176,0.009156,1.279479,-2.214241,-1.173279,3.508735,0.119329,-0.344037,0.118487,0.178199,0.031524,-0.193143,0.303634,-0.130838
6.255994,-0.834217,0.379555,1.183836,0.795087,-1.013599,1.059973,-0.279103,0.134127,-0.178439,1.116769,0.305588,-0.618348,0.795565,-0.071659,-2.261513,0.009272,1.279644,-2.214208,-1.173478,3.509027,0.119194,-0.343241,0.117856,0.173858,0.032230,-0.195996,0.298878,-0.133028
6.257090,-0.830979,0.378108,1.184102,0.796041,-1.012362,1.059673,-0.279289,0.133007,-0.178156,1.116173,0.305364,-0.618839,0.795625,-0.071884,-2.261854,0.009391,1.279826,-2.214182,-1.173670,3.509318,0.119056,-0.342786,0.118552,0.176249,0.030350,-0.194441,0.296254,-0.134555
6.258000,-0.834137,0.376454,1.190260,0.794139,-1.010440,1.057370,-0.279388,0.129335,-0.177113,1.113104,0.306328,-0.619080,0.795719,-0.072126,-2.262193,0.009510,1.280002,-2.214155,-1.173866,3.509611,0.118922,-0.342840,0.118711,0.175412,0.029219,-0.194794,0.295458,-0.133658
6.258989,-0.835411,0.377035,1.192242,0.795219,-1.008366,1.054983,-0.279621,0.123673,-0.175726,1.108085,0.308645,-0.619065,0.795858,-0.072365,-2.262527,0.009628,1.280163,-2.214122,-1.174061,3.509910,0.118789,-0.339300,0.118830,0.171571,0.030750,-0.195647,0.296525,-0.132963
6.260091,-0.827655,0.377768,1.193685,0.795555,-1.007166,1.055061,-0.278181,0.116771,-0.173814,1.101775,0.311106,-0.618920,0.795963,-0.072578,-2.262861,0.009743,1.280331,-2.214095,-1.174262,3.510207,0.118659,-0.336919,0.117929,0.169900,0.029408,-0.196669,0.297713,-0.132003
6.261073,-0.822848,0.376607,1.190388,0.793451,-1.005653,1.053233,-0.277946,0.109443,-0.171168,1.095045,0.313683,-0.618634,0.796088,-0.072764,-2.263201,0.009859,1.280496,-2.214066,-1.174461,3.510503,0.118521,-0.339283,0.117037,0.168655,0.028857,-0.196940,0.296483,-0.134402
6.262081,-0.821610,0.374488,1.189351,0.794257,-1.005046,1.051314,-0.277259,0.104067,-0.168488,1.090353,0.315907,-0.618337,0.796369,-0.072930,-2.263540,0.009977,1.280667,-2.214031,-1.174658,3.510802,0.118388,-0.339841,0.116982,0.169567,0.030551,-0.197440,0.297112,-0.134349
6.263282,-0.830707,0.371405,1.196836,0.795954,-1.005689,1.051445,-0.276776,0.100332,-0.165715,1.087331,0.316761,-0.618178,0.796703,-0.073088,-2.263878,0.010095,1.280838,-2.214005,-1.174855,3.511098,0.118252,-0.338686,0.117426,0.169355,0.029523,-0.197037,0.297851,-0.135221
6.263987,-0.821124,0.372499,1.187814,0.793883,-1.002122,1.052714,-0.276500,0.095604,-0.162454,1.083227,0.317372,-0.618017,0.796942,-0.073261,-2.264197,0.010216,1.280992,-2.213979,-1.175048,3.511391,0.118116,-0.333011,0.118466,0.165307,0.027714,-0.195618,0.296650,-0.135678
6.265162,-0.816479,0.369080,1.188252,0.794395,-1.001139,1.052320,-0.276233,0.087707,-0.158127,1.075893,0.318851,-0.617700,0.797013,-0.073453,-2.264541,0.010330,1.281168,-2.213948,-1.175250,3.511683,0.117980,-0.335358,0.117087,0.168712,0.029357,-0.197877,0.294030,-0.135705
6.265991,-0.821118,0.370595,1.187744,0.792962,-1.001632,1.050761,-0.276552,0.076963,-0.152614,1.065769,0.320504,-0.617292,0.796896,-0.073644,-2.264877,0.010449,1.281335,-2.213921,-1.175444,3.511969,0.117844,-0.336321,0.118311,0.168001,0.028675,-0.198035,0.293420,-0.135733
6.266982,-0.821318,0.370220,1.193600,0.791787,-1.002854,1.047003,-0.276532,0.064174,-0.146067,1.053594,0.321607,-0.616880,0.796563,-0.073828,-2.265200,0.010564,1.281502,-2.213888,-1.175641,3.512265,0.117710,-0.331960,0.116808,0.167342,0.029684,-0.196359,0.293704,-0.134577
6.268014,-0.815568,0.369588,1.186939,0.794592,-1.003019,1.046856,-0.277212,0.048295,-0.137398,1.038184,0.321086,-0.616579,0.795888,-0.074002,-2.265529,0.010679,1.281662,-2.213857,-1.175834,3.512562,0.117578,-0.330196,0.116408,0.163778,0.030536,-0.194158,0.296283,-0.134125
6.269057,-0.814042,0.368778,1.185360,0.793689,-1.003554,1.045315,-0.277792,0.029939,-0.126762,1.020223,0.319146,-0.616397,0.794938,-0.074159,-2.265859,0.010794,1.281832,-2.213832,-1.176028,3.512858,0.117451,-0.331498,0.116147,0.166494,0.027533,-0.193064,0.295225,-0.132279
6.270082,-0.820252,0.371588,1.187417,0.792341,-1.005012,1.045707,-0.276772,0.009672,-0.115098,1.000437,0.317689,-0.616120,0.793910,-0.074285,-2.266189,0.010908,1.281998,-2.213803,-1.176216,3.513158,0.117325,-0.330664,0.116016,0.166643,0.028213,-0.191650,0.295598,-0.130651
6.270996,-0.815636,0.369621,1.189619,0.791333,-1.003324,1.044521,-0.277223,-0.014307,-0.101408,0.977013,0.316421,-0.615715,0.792768,-0.074373,-2.266502,0.011020,1.282162,-2.213772,-1.176402,3.513449,0.117189,-0.326102,0.114051,0.164971,0.029254,-0.189315,0.294047,-0.132214
6.272032,-0.810346,0.368131,1.179449,0.792963,-1.003998,1.043548,-0.277313,-0.042002,-0.085090,0.949849,0.313710,-0.615328,0.791475,-0.074415,-2.266830,0.011135,1.282320,-2.213741,-1.176590,3.513747,0.117062,-0.326617,0.114398,0.163179,0.029903,-0.190033,0.293995,-0.130805
6.273058,-0.809739,0.364902,1.177306,0.792243,-1.006083,1.041764,-0.278373,-0.071305,-0.067644,0.921084,0.309933,-0.614924,0.790154,-0.074399,-2.267162,0.011250,1.282497,-2.213719,-1.176777,3.514038,0.116933,-0.327640,0.114578,0.167574,0.028168,-0.188470,0.293829,-0.130148
6.274068,-0.811696,0.364441,1.176953,0.793274,-1.005590,1.038036,-0.277920,-0.102521,-0.050051,0.890459,0.306540,-0.614338,0.788813,-0.074326,-2.267482,0.011369,1.282663,-2.213689,-1.176957,3.514334,0.116813,-0.326432,0.115583,0.167973,0.028628,-0.185564,0.294451,-0.127566
6.275051,-0.808005,0.362594,1.176795,0.792406,-1.005911,1.036284,-0.277797,-0.136914,-0.032311,0.856625,0.304134,-0.613503,0.787302,-0.074221,-2.267803,0.011481,1.282830,-2.213665,-1.177142,3.514638,0.116684,-0.323887,0.115239,0.167459,0.027426,-0.185202,0.296970,-0.128016
6.276089,-0.797727,0.360357,1.173619,0.792987,-1.008366,1.037222,-0.278548,-0.173432,-0.014910,0.820572,0.302684,-0.612447,0.785519,-0.074115,-2.268126,0.011598,1.282998,-2.213636,-1.177325,3.514930,0.116558,-0.324135,0.115546,0.166825,0.028045,-0.184001,0.297527,-0.127783
6.277034,-0.796843,0.358640,1.171954,0.792192,-1.007480,1.036032,-0.278032,-0.207659,0.000139,0.786751,0.301792,-0.611353,0.783601,-0.074025,-2.268462,0.011714,1.283166,-2.213612,-1.177497,3.515226,0.116436,-0.327634,0.116093,0.167779,0.027304,-0.180806,0.295399,-0.125810
6.278055,-0.802732,0.356991,1.170211,0.791688,-1.006867,1.035530,-0.279485,-0.235794,0.011051,0.758975,0.301112,-0.610416,0.781785,-0.073963,-2.268787,0.011830,1.283335,-2.213583,-1.177675,3.515518,0.116308,-0.326286,0.116301,0.167824,0.027816,-0.180853,0.295415,-0.126388
6.279128,-0.801533,0.356927,1.169882,0.792336,-1.005594,1.033395,-0.279296,-0.260938,0.019530,0.734100,0.300462,-0.609589,0.780011,-0.073918,-2.269098,0.011945,1.283501,-2.213555,-1.177856,3.515813,0.116194,-0.321916,0.116545,0.168055,0.028082,-0.180646,0.294743,-0.123019
6.279981,-0.789065,0.358455,1.163323,0.791711,-1.006303,1.033740,-0.280153,-0.288393,0.028445,0.706870,0.300006,-0.608689,0.778105,-0.073855,-2.269421,0.012060,1.283668,-2.213531,-1.178039,3.516113,0.116070,-0.321121,0.116031,0.167629,0.027302,-0.181133,0.295727,-0.122971
6.280987,-0.793885,0.357861,1.163539,0.793537,-1.006505,1.034390,-0.280036,-0.317778,0.038278,0.677802,0.299888,-0.607678,0.776148,-0.073758,-2.269758,0.012173,1.283842,-2.213504,-1.178214,3.516401,0.115955,-0.325307,0.114583,0.169963,0.027645,-0.179477,0.294131,-0.120803
6.282052,-0.795513,0.359790,1.162535,0.792886,-1.008437,1.032151,-0.281335,-0.347022,0.048737,0.648976,0.300309,-0.606585,0.774311,-0.073633,-2.270068,0.012287,1.284008,-2.213484,-1.178390,3.516691,0.115835,-0.321389,0.114316,0.169162,0.025746,-0.178493,0.292331,-0.120609
6.283074,-0.791845,0.357486,1.160948,0.794021,-1.010605,1.028644,-0.281615,-0.378090,0.061068,0.618323,0.301798,-0.605322,0.772542,-0.073479,-2.270384,0.012392,1.284177,-2.213455,-1.178561,3.516991,0.115722,-0.319235,0.112908,0.169045,0.026181,-0.175859,0.293427,-0.117569
6.284069,-0.784508,0.356451,1.152277,0.792686,-1.008827,1.026060,-0.281447,-0.412051,0.075812,0.584778,0.304142,-0.603946,0.770697,-0.073283,-2.270701,0.012507,1.284348,-2.213433,-1.178728,3.517286,0.115610,-0.319629,0.113513,0.169141,0.024931,-0.173009,0.295776,-0.116614
6.285057,-0.787212,0.352798,1.152546,0.792554,-1.008308,1.026231,-0.282310,-0.446890,0.091656,0.550433,0.306704,-0.602634,0.768734,-0.073061,-2.271028,0.012622,1.284527,-2.213404,-1.178902,3.517588,0.115496,-0.321660,0.113427,0.172677,0.026028,-0.174046,0.297128,-0.116535
6.285981,-0.786511,0.355658,1.155442,0.793403,-1.008610,1.023987,-0.283006,-0.481657,0.107695,0.516151,0.308902,-0.601474,0.766648,-0.072838,-2.271342,0.012738,1.284698,-2.213378,-1.179075,3.517878,0.115389,-0.318738,0.114652,0.171750,0.025932,-0.173777,0.295772,-0.114394
6.287134,-0.781414,0.353066,1.157063,0.795348,-1.009494,1.024218,-0.284345,-0.515820,0.123680,0.482284,0.310759,-0.600443,0.764516,-0.072631,-2.271652,0.012848,1.284862,-2.213356,-1.179245,3.518175,0.115280,-0.317497,0.112592,0.169542,0.024951,-0.172660,0.296797,-0.112598
6.288049,-0.777243,0.352472,1.154618,0.792974,-1.010865,1.022022,-0.285287,-0.546130,0.138299,0.452072,0.313274,-0.599494,0.762613,-0.072451,-2.271974,0.012963,1.285030,-2.213338,-1.179415,3.518472,0.115179,-0.318836,0.113448,0.168244,0.023034,-0.171193,0.295440,-0.109543
6.289016,-0.775923,0.356005,1.152512,0.794422,-1.009305,1.022869,-0.286106,-0.568854,0.149691,0.429365,0.316423,-0.598758,0.761172,-0.072291,-2.272292,0.013074,1.285201,-2.213308,-1.179577,3.518767,0.115079,-0.319188,0.113114,0.168644,0.025119,-0.169080,0.296427,-0.107294
6.290180,-0.782617,0.353578,1.158452,0.795166,-1.010460,1.019846,-0.286125,-0.585006,0.158792,0.413169,0.319014,-0.598351,0.760145,-0.072135,-2.272608,0.013182,1.285369,-2.213287,-1.179745,3.519060,0.114978,-0.318247,0.110798,0.168952,0.023548,-0.169923,0.294363,-0.105287
6.291105,-0.778620,0.351925,1.151996,0.795144,-1.013259,1.016800,-0.286038,-0.598442,0.167907,0.399562,0.321381,-0.598062,0.759412,-0.071992,-2.272914,0.013293,1.285527,-2.213267,-1.179909,3.519356,0.114875,-0.313848,0.111621,0.165589,0.022815,-0.168224,0.296336,-0.104892
6.292040,-0.772542,0.351335,1.146696,0.794704,-1.013617,1.013068,-0.286730,-0.611557,0.177539,0.386156,0.324199,-0.597708,0.758832,-0.071891,-2.273227,0.013408,1.285698,-2.213242,-1.180063,3.519658,0.114771,-0.314253,0.111790,0.168044,0.022649,-0.164759,0.298117,-0.104682
6.293083,-0.779861,0.348648,1.150340,0.797426,-1.016498,1.012872,-0.286984,-0.625467,0.187633,0.371965,0.326774,-0.597334,0.758218,-0.071837,-2.273548,0.013516,1.285872,-2.213219,-1.180225,3.519966,0.114672,-0.315584,0.111520,0.169834,0.022935,-0.163714,0.300558,-0.102916
6.294000,-0.778572,0.347181,1.154581,0.795509,-1.017469,1.010889,-0.287856,-0.640692,0.198094,0.356478,0.329327,-0.596890,0.757543,-0.071813,-2.273850,0.013631,1.286036,-2.213204,-1.180382,3.520263,0.114571,-0.310615,0.112317,0.167380,0.020268,-0.160240,0.299550,-0.102049
6.295006,-0.779671,0.345802,1.151753,0.796095,-1.020206,1.008832,-0.287649,-0.656039,0.207987,0.340765,0.332517,-0.596349,0.756963,-0.071817,-2.274154,0.013744,1.286194,-2.213178,-1.180537,3.520566,0.114475,-0.309752,0.112411,0.164570,0.021985,-0.158628,0.300272,-0.099939
6.296079,-0.780198,0.344309,1.149981,0.796356,-1.018626,1.006317,-0.286985,-0.669706,0.216583,0.326638,0.335431,-0.595919,0.756554,-0.071848,-2.274459,0.013856,1.286361,-2.213155,-1.180688,3.520866,0.114375,-0.307828,0.112548,0.165339,0.021257,-0.155335,0.301124,-0.100009
6.297025,-0.777905,0.341625,1.153448,0.794237,-1.020830,1.007684,-0.287692,-0.682971,0.224612,0.312949,0.337729,-0.595634,0.756208,-0.071908,-2.274759,0.013969,1.286524,-2.213134,-1.180842,3.521173,0.114274,-0.306420,0.112785,0.165681,0.020951,-0.156462,0.302432,-0.100978
6.297998,-0.780678,0.340804,1.163434,0.796312,-1.023467,1.005117,-0.287391,-0.695807,0.232018,0.299762,0.339260,-0.595502,0.755905,-0.071984,-2.275065,0.014085,1.286684,-2.213108,-1.180990,3.521473,0.114177,-0.306057,0.113491,0.163252,0.022857,-0.153650,0.299785,-0.099178
6.298990,-0.777343,0.341010,1.159339,0.796073,-1.025112,1.002935,-0.287347,-0.703440,0.236598,0.291796,0.339446,-0.595734,0.755860,-0.072072,-2.275366,0.014197,1.286832,-2.213091,-1.181135,3.521771,0.114079,-0.303264,0.113309,0.157731,0.020761,-0.150501,0.301176,-0.099440
6.300000,-0.772786,0.337349,1.159246,0.796371,-1.025008,0.998357,-0.288550,-0.703504,0.237398,0.291448,0.338991,-0.596339,0.756207,-0.072188,-2.275668,0.014308,1.286995,-2.213069,-1.181277,3.522074,0.113982,-0.303603,0.112646,0.159198,0.020922,-0.148401,0.302117,-0.099168
6.301119,-0.774773,0.336794,1.161401,0.796611,-1.025362,0.997317,-0.288040,-0.697591,0.235166,0.297190,0.338473,-0.597216,0.756834,-0.072327,-2.275976,0.014422,1.287152,-2.213049,-1.181426,3.522390,0.113892,-0.304490,0.113932,0.158674,0.020569,-0.148012,0.305423,-0.096408
6.302052,-0.769018,0.334046,1.161236,0.795443,-1.026245,0.994809,-0.288940,-0.687251,0.230405,0.307391,0.338084,-0.598284,0.757633,-0.072468,-2.276267,0.014533,1.287303,-2.213030,-1.181572,3.522694,0.113790,-0.301174,0.113275,0.156468,0.020130,-0.146643,0.304637,-0.096935
6.303026,-0.761061,0.335509,1.154494,0.794704,-1.026798,0.993457,-0.288318,-0.673675,0.223829,0.320741,0.337699,-0.599490,0.758565,-0.072594,-2.276570,0.014648,1.287456,-2.213009,-1.181714,3.523001,0.113703,-0.301455,0.113626,0.155312,0.021025,-0.144719,0.305354,-0.094659
6.304022,-0.758454,0.334704,1.156821,0.798073,-1.026422,0.990133,-0.287991,-0.657904,0.216517,0.336216,0.336319,-0.600883,0.759549,-0.072683,-2.276879,0.014756,1.287618,-2.212986,-1.181853,3.523305,0.113604,-0.302797,0.111943,0.157382,0.021445,-0.143171,0.304907,-0.095434
6.305025,-0.755373,0.332558,1.159196,0.797783,-1.028383,0.990785,-0.286736,-0.641193,0.209485,0.352603,0.334577,-0.602294,0.760540,-0.072729,-2.277177,0.014865,1.287767,-2.212975,-1.181995,3.523618,0.113512,-0.301575,0.111421,0.155010,0.018008,-0.142550,0.306413,-0.095606
6.305959,-0.754739,0.328497,1.159403,0.797085,-1.028788,0.988607,-0.286449,-0.623212,0.202342,0.370179,0.334539,-0.603443,0.761654,-0.072758,-2.277477,0.014977,1.287917,-2.212956,-1.182129,3.523920,0.113410,-0.300609,0.111523,0.152654,0.018124,-0.139633,0.303942,-0.097623
6.307136,-0.744259,0.329037,1.153164,0.795415,-1.031432,0.986105,-0.287539,-0.602917,0.194016,0.389945,0.336142,-0.604376,0.762945,-0.072783,-2.277774,0.015090,1.288063,-2.212936,-1.182266,3.524223,0.113314,-0.298358,0.112555,0.151395,0.018577,-0.138263,0.304366,-0.097690
6.308072,-0.741096,0.328007,1.157630,0.795942,-1.032339,0.982193,-0.287253,-0.581098,0.184756,0.411190,0.337393,-0.605335,0.764230,-0.072775,-2.278079,0.015199,1.288218,-2.212913,-1.182393,3.524532,0.113225,-0.301262,0.111395,0.153416,0.019985,-0.134806,0.305062,-0.095004
6.309028,-0.746706,0.325439,1.158511,0.797527,-1.029848,0.985675,-0.287679,-0.557636,0.174957,0.434094,0.336837,-0.606516,0.765344,-0.072714,-2.278380,0.015308,1.288360,-2.212896,-1.182521,3.524841,0.113128,-0.300204,0.110962,0.150020,0.019253,-0.133015,0.307172,-0.095115
6.310039,-0.739808,0.323955,1.163312,0.796096,-1.031774,0.986102,-0.287353,-0.533237,0.164921,0.457905,0.335634,-0.607762,0.766295,-0.072621,-2.278662,0.015421,1.288504,-2.212881,-1.182657,3.525137,0.113039,-0.295016,0.111256,0.148464,0.017538,-0.134571,0.301874,-0.093790
6.311026,-0.734524,0.322630,1.161298,0.797533,-1.030514,0.986759,-0.288026,-0.509085,0.154740,0.481456,0.335415,-0.608847,0.767226,-0.072525,-2.278961,0.015531,1.288644,-2.212860,-1.182780,3.525435,0.112946,-0.296033,0.111043,0.144996,0.018740,-0.131788,0.299732,-0.093976
6.311988,-0.727700,0.321797,1.160538,0.796370,-1.031264,0.986294,-0.288206,-0.482943,0.143251,0.507088,0.336049,-0.609877,0.768360,-0.072448,-2.279261,0.015640,1.288789,-2.212847,-1.182915,3.525726,0.112855,-0.296134,0.110776,0.144920,0.017198,-0.132138,0.297360,-0.092139
6.313128,-0.725363,0.323664,1.163961,0.795364,-1.030892,0.987085,-0.287993,-0.453573,0.129933,0.536063,0.337308,-0.610966,0.769813,-0.072414,-2.279557,0.015749,1.288930,-2.212827,-1.183041,3.526024,0.112766,-0.297035,0.110230,0.144202,0.018125,-0.130496,0.296089,-0.091331
6.314022,-0.725151,0.320105,1.164023,0.796576,-1.032887,0.986400,-0.288491,-0.421640,0.115642,0.567619,0.338246,-0.612244,0.771565,-0.072442,-2.279849,0.015852,1.289067,-2.212806,-1.183169,3.526317,0.112674,-0.295915,0.108476,0.141536,0.018910,-0.130068,0.293570,-0.091276
6.315037,-0.718723,0.319297,1.160822,0.796472,-1.031991,0.984916,-0.287937,-0.388496,0.101357,0.600339,0.338270,-0.613751,0.773543,-0.072539,-2.280138,0.015964,1.289204,-2.212794,-1.183289,3.526604,0.112589,-0.293512,0.109277,0.140432,0.017595,-0.127216,0.292582,-0.089834
6.316014,-0.709352,0.318579,1.163708,0.794035,-1.034632,0.984384,-0.288318,-0.356669,0.087665,0.631777,0.338322,-0.615285,0.775590,-0.072700,-2.280434,0.016071,1.289347,-2.212778,-1.183417,3.526896,0.112497,-0.294303,0.108763,0.140975,0.017571,-0.127277,0.292360,-0.090485
6.317088,-0.709079,0.314227,1.162114,0.797252,-1.035220,0.984249,-0.287608,-0.325191,0.073963,0.662958,0.337829,-0.616889,0.777581,-0.072899,-2.280735,0.016176,1.289484,-2.212754,-1.183536,3.527180,0.112410,-0.296450,0.108228,0.138472,0.019697,-0.123815,0.291215,-0.089250
6.318032,-0.703054,0.314896,1.164023,0.797236,-1.035289,0.985630,-0.286892,-0.291495,0.058986,0.696390,0.336311,-0.618652,0.779511,-0.073110,-2.281022,0.016289,1.289621,-2.212745,-1.183655,3.527468,0.112318,-0.294262,0.109456,0.138316,0.016470,-0.122494,0.289661,-0.090209
6.319275,-0.696397,0.312476,1.164454,0.796495,-1.035165,0.986145,-0.287489,-0.256409,0.042577,0.731203,0.335775,-0.620276,0.781432,-0.073330,-2.281319,0.016394,1.289754,-2.212727,-1.183775,3.527750,0.112221,-0.294760,0.108189,0.136335,0.016318,-0.121619,0.286607,-0.091155
6.319985,-0.697811,0.313564,1.165355,0.797359,-1.037153,0.987687,-0.287504,-0.219867,0.024853,0.767450,0.336787,-0.621652,0.783404,-0.073546,-2.281614,0.016505,1.289889,-2.212709,-1.183895,3.528026,0.112135,-0.295890,0.108558,0.135284,0.016930,-0.121056,0.284493,-0.089459
6.321088,-0.694444,0.308316,1.163029,0.797004,-1.035773,0.989573,-0.287680,-0.182207,0.006515,0.804787,0.338435,-0.622881,0.785386,-0.073734,-2.281900,0.016607,1.290018,-2.212695,-1.184007,3.528300,0.112045,-0.292474,0.107029,0.133736,0.015877,-0.118214,0.281323,-0.089003
6.321982,-0.694068,0.310159,1.166532,0.795137,-1.035962,0.992518,-0.287125,-0.147155,-0.010681,0.839510,0.340829,-0.623905,0.787236,-0.073896,-2.282193,0.016719,1.290151,-2.212679,-1.184130,3.528568,0.111957,-0.291868,0.108757,0.134004,0.016127,-0.118850,0.277869,-0.088178
6.323018,-0.689047,0.308520,1.166251,0.795319,-1.036588,0.993031,-0.286891,-0.116721,-0.025864,0.869619,0.343422,-0.624793,0.788898,-0.074048,-2.282476,0.016821,1.290276,-2.212656,-1.184245,3.528834,0.111869,-0.289608,0.106903,0.131287,0.017693,-0.117858,0.273350,-0.088853
6.324097,-0.687056,0.306893,1.164545,0.795101,-1.033914,0.992832,-0.286560,-0.090176,-0.038854,0.895845,0.344952,-0.625767,0.790432,-0.074216,-2.282766,0.016927,1.290403,-2.212640,-1.184361,3.529103,0.111780,-0.289784,0.106859,0.130571,0.017344,-0.116492,0.271287,-0.088850
6.325020,-0.684730,0.307221,1.166291,0.795702,-1.034096,0.990644,-0.285388,-0.067057,-0.049758,0.918679,0.345467,-0.626861,0.791879,-0.074424,-2.283050,0.017034,1.290531,-2.212622,-1.184484,3.529365,0.111689,-0.288526,0.106788,0.130567,0.017391,-0.118419,0.269962,-0.089032
6.325967,-0.685102,0.310038,1.170562,0.793574,-1.031964,0.989536,-0.286325,-0.048019,-0.058543,0.937471,0.345826,-0.627935,0.793194,-0.074690,-2.283339,0.017140,1.290657,-2.212607,-1.184598,3.529637,0.111592,-0.287230,0.105692,0.128745,0.016662,-0.117444,0.270574,-0.090910
6.327087,-0.676551,0.306456,1.169663,0.793433,-1.030893,0.989120,-0.286902,-0.033337,-0.064534,0.951912,0.345741,-0.628983,0.794292,-0.074994,-2.283620,0.017238,1.290778,-2.212586,-1.184721,3.529904,0.111509,-0.284681,0.103452,0.125739,0.018525,-0.118752,0.270100,-0.088560
6.328112,-0.672943,0.301115,1.166716,0.793619,-1.030491,0.988186,-0.286491,-0.021123,-0.068218,0.963893,0.344150,-0.630145,0.795175,-0.075289,-2.283905,0.017344,1.290900,-2.212569,-1.184838,3.530171,0.111423,-0.286796,0.104419,0.125451,0.018518,-0.119103,0.268953,-0.086948
6.328994,-0.672096,0.302985,1.170650,0.793659,-1.028880,0.989406,-0.286296,-0.008685,-0.072052,0.976163,0.341374,-0.631420,0.795922,-0.075548,-2.284192,0.017455,1.291028,-2.212553,-1.184956,3.530435,0.111334,-0.286230,0.106147,0.126034,0.018186,-0.118742,0.268344,-0.087325
6.330026,-0.666300,0.302712,1.171958,0.792402,-1.028129,0.988272,-0.286051,0.004108,-0.077149,0.988852,0.338620,-0.632621,0.796531,-0.075763,-2.284475,0.017556,1.291148,-2.212537,-1.185076,3.530694,0.111247,-0.284207,0.104288,0.123154,0.017975,-0.119520,0.265583,-0.087270
6.331068,-0.669220,0.299691,1.170669,0.792328,-1.027025,0.989578,-0.286747,0.016914,-0.082758,1.001555,0.335926,-0.633667,0.796951,-0.075929,-2.284756,0.017657,1.291266,-2.212515,-1.185195,3.530960,0.111163,-0.284871,0.103611,0.121738,0.018967,-0.119497,0.265186,-0.087314
6.332002,-0.661738,0.297773,1.172751,0.792045,-1.026658,0.992475,-0.285559,0.028928,-0.088116,1.013442,0.332814,-0.634560,0.797100,-0.076041,-2.285033,0.017761,1.291387,-2.212496,-1.185318,3.531216,0.111080,-0.281177,0.104274,0.121592,0.018834,-0.119801,0.262358,-0.085457
6.333054,-0.658169,0.297844,1.172809,0.793609,-1.026931,0.991900,-0.285871,0.038893,-0.093149,1.023278,0.329593,-0.635246,0.796989,-0.076120,-2.285316,0.017868,1.291503,-2.212476,-1.185437,3.531463,0.110990,-0.282581,0.104297,0.119729,0.018850,-0.119349,0.258000,-0.087416
6.333992,-0.657377,0.297699,1.173191,0.791034,-1.026433,0.989794,-0.286605,0.048521,-0.098898,1.032786,0.327092,-0.635716,0.796853,-0.076202,-2.285597,0.017970,1.291621,-2.212461,-1.185553,3.531716,0.110904,-0.282119,0.103421,0.118961,0.017163,-0.118350,0.257131,-0.086303
6.335076,-0.654368,0.296128,1.176318,0.791433,-1.024482,0.986654,-0.286782,0.057927,-0.104976,1.042047,0.325175,-0.636062,0.796730,-0.076293,-2.285876,0.018069,1.291738,-2.212438,-1.185671,3.531970,0.110823,-0.280160,0.102656,0.117947,0.019455,-0.118055,0.257762,-0.084404
6.336020,-0.647763,0.295589,1.178446,0.789165,-1.024431,0.986513,-0.286060,0.065612,-0.110192,1.049507,0.322581,-0.636463,0.796452,-0.076386,-2.286152,0.018170,1.291848,-2.212421,-1.185795,3.532230,0.110741,-0.279537,0.102645,0.115732,0.018878,-0.119228,0.259394,-0.083617
6.336996,-0.650118,0.291509,1.180514,0.790703,-1.024204,0.986381,-0.285817,0.073553,-0.115294,1.057105,0.318384,-0.637113,0.796057,-0.076491,-2.286435,0.018272,1.291958,-2.212398,-1.185911,3.532487,0.110657,-0.280489,0.102032,0.113940,0.020847,-0.118486,0.257999,-0.084643
6.338016,-0.649505,0.289218,1.183214,0.790135,-1.023136,0.985451,-0.286317,0.083467,-0.121272,1.066545,0.312768,-0.638075,0.795702,-0.076629,-2.286703,0.018379,1.292066,-2.212380,-1.186031,3.532740,0.110573,-0.277110,0.103168,0.112227,0.019078,-0.117916,0.256648,-0.084678
6.339131,-0.648502,0.290532,1.180488,0.790608,-1.022201,0.983805,-0.285730,0.093743,-0.128024,1.076243,0.307195,-0.639170,0.795424,-0.076801,-2.286973,0.018482,1.292171,-2.212361,-1.186150,3.532995,0.110495,-0.275295,0.103447,0.110241,0.019462,-0.118216,0.256098,-0.083239
6.340073,-0.647176,0.287285,1.181062,0.790532,-1.020550,0.983504,-0.285891,0.101415,-0.134179,1.083312,0.302713,-0.640183,0.795082,-0.076993,-2.287245,0.018579,1.292283,-2.212344,-1.186268,3.533247,0.110408,-0.273735,0.102029,0.110987,0.018828,-0.118429,0.256283,-0.083971
6.340976,-0.644826,0.288628,1.178108,0.788303,-1.020062,0.985658,-0.286979,0.103895,-0.138013,1.085262,0.299619,-0.640946,0.794476,-0.077186,-2.287512,0.018684,1.292391,-2.212324,-1.186388,3.533498,0.110326,-0.272215,0.102765,0.109981,0.018668,-0.119272,0.255096,-0.083206
6.342049,-0.640515,0.287524,1.181552,0.788274,-1.019095,0.987238,-0.287083,0.100317,-0.138740,1.081261,0.297416,-0.641433,0.793511,-0.077341,-2.287781,0.018783,1.292503,-2.212300,-1.186509,3.533745,0.110248,-0.271148,0.101218,0.110689,0.020563,-0.118908,0.251474,-0.080603
6.343038,-0.643464,0.289196,1.182967,0.787382,-1.020261,0.987072,-0.287187,0.092354,-0.136572,1.072921,0.294848,-0.641790,0.792255,-0.077433,-2.288053,0.018884,1.292608,-2.212278,-1.186632,3.533984,0.110171,-0.271213,0.100970,0.108357,0.020294,-0.119091,0.248503,-0.079991
6.343987,-0.642519,0.288164,1.181699,0.787483,-1.019124,0.985023,-0.287480,0.082253,-0.132180,1.062425,0.291545,-0.642091,0.790845,-0.077472,-2.288313,0.018980,1.292712,-2.212256,-1.186745,3.534231,0.110094,-0.267645,0.099345,0.107029,0.020897,-0.117180,0.247242,-0.079369
6.345095,-0.641997,0.286141,1.183541,0.788199,-1.018039,0.984332,-0.287762,0.069023,-0.125042,1.048799,0.287788,-0.642275,0.789232,-0.077468,-2.288578,0.019079,1.292817,-2.212235,-1.186863,3.534479,0.110018,-0.265991,0.099044,0.107007,0.020527,-0.117541,0.247857,-0.078374
6.345995,-0.638800,0.286806,1.187468,0.786923,-1.018699,0.985159,-0.287312,0.051647,-0.115216,1.031065,0.284502,-0.642202,0.787385,-0.077450,-2.288835,0.019179,1.292919,-2.212217,-1.186979,3.534726,0.109942,-0.264361,0.099270,0.105541,0.019638,-0.117918,0.247100,-0.077387
6.346971,-0.634075,0.286866,1.185309,0.784933,-1.019291,0.985345,-0.286697,0.032956,-0.104605,1.012060,0.282225,-0.641893,0.785500,-0.077459,-2.289100,0.019276,1.293018,-2.212195,-1.187096,3.534964,0.109865,-0.263771,0.098097,0.102949,0.020617,-0.116447,0.244859,-0.077898
6.348102,-0.628111,0.284102,1.184425,0.785243,-1.018149,0.984222,-0.287504,0.016120,-0.094417,0.994973,0.279573,-0.641637,0.783744,-0.077519,-2.289367,0.019373,1.293123,-2.212169,-1.187210,3.535201,0.109787,-0.263993,0.097273,0.103409,0.022227,-0.115107,0.243297,-0.078715
6.348970,-0.624883,0.283413,1.186370,0.785596,-1.017175,0.984342,-0.286902,0.002453,-0.085261,0.981129,0.275513,-0.641654,0.782147,-0.077636,-2.289631,0.019473,1.293224,-2.212147,-1.187324,3.535442,0.109719,-0.265043,0.097886,0.103334,0.021631,-0.115599,0.243029,-0.076679
6.349998,-0.624530,0.281093,1.185748,0.785665,-1.015800,0.984235,-0.287406,-0.007074,-0.078308,0.971467,0.271114,-0.641880,0.780766,-0.077816,-2.289896,0.019568,1.293321,-2.212128,-1.187441,3.535680,0.109638,-0.264394,0.097400,0.101729,0.021046,-0.115750,0.241505,-0.077496
6.351107,-0.616612,0.277949,1.191902,0.784571,-1.014640,0.986284,-0.287717,-0.012996,-0.073830,0.965414,0.267801,-0.642140,0.779614,-0.078060,-2.290151,0.019666,1.293422,-2.212109,-1.187559,3.535916,0.109567,-0.262612,0.097779,0.101488,0.020762,-0.116370,0.240237,-0.076073
6.352103,-0.617293,0.277960,1.191950,0.784328,-1.012742,0.986023,-0.287351,-0.014607,-0.072498,0.963646,0.265781,-0.642433,0.778729,-0.078352,-2.290418,0.019767,1.293513,-2.212086,-1.187675,3.536149,0.109496,-0.264607,0.098561,0.097982,0.021580,-0.116826,0.236808,-0.075054
6.352954,-0.614646,0.277529,1.190111,0.782956,-1.010911,0.986520,-0.287617,-0.009668,-0.075403,0.968396,0.264461,-0.642875,0.778186,-0.078669,-2.290678,0.019859,1.293610,-2.212066,-1.187796,3.536377,0.109419,-0.262177,0.097800,0.097439,0.021576,-0.117932,0.235759,-0.075384
6.354041,-0.613004,0.274320,1.187182,0.782882,-1.011410,0.986688,-0.288236,-0.001527,-0.080391,0.976359,0.263302,-0.643399,0.777777,-0.078982,-2.290934,0.019955,1.293705,-2.212043,-1.187913,3.536608,0.109349,-0.261362,0.097184,0.097768,0.022607,-0.118933,0.233902,-0.074466
6.355042,-0.607697,0.275071,1.185983,0.783137,-1.012333,0.985317,-0.289232,0.004400,-0.084604,0.982169,0.262032,-0.643851,0.777215,-0.079254,-2.291193,0.020053,1.293805,-2.212019,-1.188028,3.536838,0.109281,-0.260253,0.098032,0.098715,0.022363,-0.117714,0.232397,-0.072833
6.356011,-0.608170,0.273614,1.188960,0.782161,-1.012951,0.984514,-0.289130,0.006289,-0.087317,0.984010,0.260879,-0.644133,0.776439,-0.079466,-2.291453,0.020149,1.293903,-2.211998,-1.188139,3.537065,0.109210,-0.260890,0.096865,0.098752,0.021853,-0.116080,0.232461,-0.070443
6.357132,-0.608914,0.275398,1.184583,0.783906,-1.013698,0.987098,-0.289721,0.004758,-0.088621,0.982477,0.259860,-0.644248,0.775493,-0.079622,-2.291707,0.020247,1.293994,-2.211975,-1.188252,3.537298,0.109141,-0.258620,0.096783,0.096759,0.022508,-0.114732,0.231901,-0.070290
6.358018,-0.602996,0.272956,1.181170,0.781040,-1.014846,0.987464,-0.289949,-0.001260,-0.087638,0.976522,0.259181,-0.644129,0.774403,-0.079734,-2.291962,0.020340,1.294095,-2.211960,-1.188364,3.537519,0.109073,-0.256409,0.095178,0.098473,0.020664,-0.113323,0.227999,-0.068703
6.358978,-0.602872,0.275097,1.181734,0.782782,-1.016470,0.988786,-0.290198,-0.014087,-0.083047,0.963869,0.258933,-0.643698,0.773142,-0.079805,-2.292217,0.020439,1.294197,-2.211932,-1.188469,3.537743,0.109007,-0.257298,0.095572,0.099510,0.023099,-0.111489,0.226342,-0.067899
6.360077,-0.598394,0.273395,1.180455,0.783230,-1.017206,0.988451,-0.289924,-0.032938,-0.075057,0.945285,0.258411,-0.643090,0.771723,-0.079843,-2.292469,0.020529,1.294295,-2.211915,-1.188574,3.537963,0.108943,-0.255344,0.093750,0.098626,0.021145,-0.109199,0.223728,-0.067038
6.361063,-0.593478,0.271551,1.183219,0.783034,-1.016176,0.988128,-0.290047,-0.055607,-0.064747,0.922962,0.258212,-0.642349,0.770257,-0.079869,-2.292726,0.020623,1.294396,-2.211897,-1.188682,3.538181,0.108875,-0.255707,0.093905,0.098760,0.020548,-0.107848,0.222811,-0.067207
6.362042,-0.594878,0.271424,1.185580,0.781458,-1.015816,0.988804,-0.290271,-0.078460,-0.054265,0.900498,0.259155,-0.641508,0.768911,-0.079906,-2.292982,0.020719,1.294488,-2.211878,-1.188789,3.538403,0.108809,-0.256164,0.094039,0.096872,0.020523,-0.108225,0.221843,-0.066583
6.363099,-0.592493,0.268762,1.181141,0.781315,-1.014944,0.989050,-0.289289,-0.098087,-0.045395,0.881203,0.260478,-0.640753,0.767777,-0.079965,-2.293232,0.020812,1.294580,-2.211853,-1.188899,3.538622,0.108742,-0.253497,0.093350,0.095199,0.021748,-0.107879,0.219879,-0.065764
6.363998,-0.586018,0.265880,1.181687,0.782320,-1.014540,0.987848,-0.289987,-0.115797,-0.037401,0.863770,0.261297,-0.640157,0.766765,-0.080043,-2.293482,0.020907,1.294680,-2.211831,-1.189005,3.538833,0.108672,-0.252850,0.093945,0.096913,0.021603,-0.108130,0.218412,-0.067359
6.365017,-0.585063,0.265292,1.177257,0.782588,-1.015202,0.987791,-0.289322,-0.132947,-0.030107,0.846933,0.262115,-0.639633,0.765834,-0.080140,-2.293737,0.021002,1.294772,-2.211813,-1.189112,3.539050,0.108611,-0.254025,0.094583,0.096071,0.020365,-0.107820,0.218358,-0.065590
6.366031,-0.578484,0.268742,1.177674,0.782436,-1.014553,0.985818,-0.289866,-0.149240,-0.024127,0.831067,0.264049,-0.639068,0.765054,-0.080255,-2.293990,0.021096,1.294873,-2.211793,-1.189219,3.539262,0.108545,-0.252542,0.094123,0.097734,0.019884,-0.106501,0.217171,-0.066570
6.366996,-0.572881,0.267616,1.176871,0.780652,-1.014251,0.984994,-0.289959,-0.165851,-0.018221,0.815025,0.267107,-0.638430,0.764394,-0.080379,-2.294244,0.021184,1.294968,-2.211772,-1.189324,3.539479,0.108484,-0.253908,0.091698,0.097005,0.019771,-0.106531,0.217902,-0.065106
6.367967,-0.571750,0.266921,1.181058,0.782166,-1.012537,0.984130,-0.290427,-0.181891,-0.011594,0.799627,0.269927,-0.637869,0.763832,-0.080488,-2.294500,0.021273,1.295066,-2.211748,-1.189427,3.539698,0.108417,-0.254678,0.091574,0.096839,0.021231,-0.106194,0.217434,-0.064562
6.369114,-0.570884,0.261862,1.176263,0.781772,-1.012354,0.985588,-0.289776,-0.194727,-0.005241,0.787400,0.271800,-0.637495,0.763435,-0.080569,-2.294750,0.021363,1.295157,-2.211731,-1.189538,3.539915,0.108358,-0.253264,0.091201,0.094236,0.019523,-0.107213,0.217036,-0.063276
6.370074,-0.570058,0.264248,1.174886,0.780205,-1.010251,0.984506,-0.289681,-0.204738,0.000149,0.777934,0.273864,-0.637148,0.763219,-0.080625,-2.295000,0.021459,1.295254,-2.211711,-1.189638,3.540125,0.108293,-0.251941,0.093026,0.096227,0.019720,-0.106844,0.214338,-0.064218
6.371087,-0.567674,0.265726,1.174578,0.779828,-1.013277,0.985601,-0.290247,-0.215646,0.005844,0.767516,0.276387,-0.636697,0.762983,-0.080652,-2.295250,0.021546,1.295351,-2.211689,-1.189748,3.540336,0.108228,-0.250396,0.091114,0.096334,0.020992,-0.108255,0.214212,-0.064033
6.371993,-0.566562,0.263682,1.173872,0.780650,-1.011576,0.984937,-0.289184,-0.230350,0.014088,0.753220,0.278119,-0.636216,0.762498,-0.080632,-2.295497,0.021635,1.295444,-2.211668,-1.189840,3.540547,0.108169,-0.249728,0.089687,0.096001,0.021114,-0.104676,0.211868,-0.062544
6.372994,-0.561252,0.261728,1.171967,0.779942,-1.011172,0.985312,-0.290365,-0.248690,0.025333,0.735205,0.279001,-0.635740,0.761774,-0.080567,-2.295743,0.021725,1.295540,-2.211653,-1.189949,3.540760,0.108100,-0.248300,0.089984,0.095776,0.020128,-0.105707,0.211308,-0.064332
6.374021,-0.558805,0.259643,1.173569,0.780139,-1.011760,0.986584,-0.289454,-0.268933,0.038068,0.715239,0.280033,-0.635221,0.760948,-0.080475,-2.295995,0.021817,1.295636,-2.211632,-1.190054,3.540967,0.108046,-0.249044,0.090235,0.096205,0.020602,-0.105457,0.209721,-0.061601
6.375050,-0.557717,0.261134,1.169281,0.780537,-1.010353,0.984908,-0.289427,-0.288249,0.050265,0.696149,0.281527,-0.634717,0.760211,-0.080387,-2.296239,0.021910,1.295727,-2.211613,-1.190156,3.541168,0.107981,-0.248436,0.090542,0.094945,0.020190,-0.104262,0.207269,-0.063099
6.376129,-0.558596,0.261824,1.167889,0.778678,-1.009012,0.982967,-0.289427,-0.306136,0.061592,0.678435,0.283685,-0.634238,0.759659,-0.080337,-2.296486,0.021996,1.295827,-2.211594,-1.190266,3.541372,0.107919,-0.247121,0.089139,0.096559,0.019570,-0.105007,0.207794,-0.062776
6.376977,-0.555542,0.260393,1.169956,0.778617,-1.008022,0.982905,-0.290108,-0.326261,0.074324,0.658458,0.286272,-0.633718,0.759101,-0.080328,-2.296723,0.022082,1.295923,-2.211570,-1.190371,3.541582,0.107856,-0.244992,0.088160,0.096758,0.021147,-0.105738,0.208517,-0.062409
6.378112,-0.554341,0.261133,1.167345,0.780360,-1.007133,0.980235,-0.289740,-0.349836,0.089427,0.635000,0.288325,-0.633249,0.758394,-0.080345,-2.296965,0.022169,1.296015,-2.211549,-1.190477,3.541790,0.107800,-0.244552,0.088160,0.095133,0.020880,-0.106011,0.207345,-0.060717
6.379051,-0.554721,0.257780,1.168345,0.777843,-1.004191,0.978908,-0.289534,-0.374760,0.105620,0.610175,0.290361,-0.632827,0.757635,-0.080393,-2.297210,0.022254,1.296112,-2.211534,-1.190581,3.541999,0.107738,-0.243437,0.087184,0.096010,0.019027,-0.106327,0.208827,-0.061102
6.380073,-0.552243,0.256423,1.169579,0.777442,-1.003126,0.979202,-0.290036,-0.400528,0.122228,0.584509,0.293102,-0.632358,0.756838,-0.080488,-2.297445,0.022345,1.296203,-2.211508,-1.190690,3.542211,0.107676,-0.241431,0.088142,0.094988,0.021206,-0.108589,0.208904,-0.061163
6.381062,-0.545107,0.256726,1.170341,0.776932,-1.004362,0.977665,-0.289553,-0.426027,0.138368,0.559082,0.295531,-0.631965,0.755976,-0.080616,-2.297686,0.022432,1.296294,-2.211488,-1.190799,3.542418,0.107614,-0.240901,0.088148,0.093918,0.021354,-0.108960,0.207393,-0.059791
6.382005,-0.544878,0.253451,1.168525,0.776930,-1.005233,0.977338,-0.289087,-0.447660,0.152345,0.537487,0.296761,-0.631840,0.755166,-0.080755,-2.297930,0.022517,1.296386,-2.211467,-1.190902,3.542622,0.107554,-0.242635,0.087337,0.093059,0.021585,-0.107072,0.207758,-0.060430
6.383057,-0.542650,0.250820,1.167562,0.775261,-1.001688,0.977428,-0.289142,-0.463429,0.163292,0.521775,0.296848,-0.632058,0.754481,-0.080908,-2.298170,0.022606,1.296479,-2.211447,-1.191005,3.542828,0.107492,-0.240862,0.088274,0.093458,0.021332,-0.105563,0.206877,-0.061012
6.383994,-0.537808,0.247137,1.169366,0.776091,-1.000814,0.976077,-0.288139,-0.474995,0.171656,0.510297,0.296031,-0.632575,0.753845,-0.081071,-2.298411,0.022695,1.296571,-2.211424,-1.191119,3.543027,0.107433,-0.240232,0.088912,0.093489,0.022720,-0.108440,0.205626,-0.060542
6.385149,-0.539672,0.247157,1.162968,0.774438,-0.997455,0.976819,-0.288072,-0.482785,0.177201,0.502568,0.294726,-0.633312,0.753277,-0.081243,-2.298649,0.022787,1.296657,-2.211404,-1.191228,3.543231,0.107367,-0.240823,0.089998,0.092123,0.021621,-0.108584,0.205805,-0.062208
6.386048,-0.535385,0.246510,1.166501,0.775312,-0.995464,0.977630,-0.286873,-0.487863,0.180388,0.497503,0.293496,-0.634140,0.752805,-0.081429,-2.298886,0.022875,1.296757,-2.211378,-1.191344,3.543433,0.107305,-0.238261,0.089357,0.094891,0.022954,-0.111281,0.203874,-0.061951
6.387136,-0.531208,0.246396,1.170556,0.774139,-0.994615,0.975643,-0.287697,-0.493600,0.183340,0.491756,0.292708,-0.634900,0.752399,-0.081625,-2.299123,0.022961,1.296845,-2.211358,-1.191462,3.543629,0.107237,-0.238564,0.088979,0.092579,0.021788,-0.112446,0.201920,-0.064003
6.388073,-0.532436,0.246425,1.171373,0.774878,-0.992735,0.974004,-0.287265,-0.497801,0.185614,0.487467,0.292393,-0.635646,0.752228,-0.081831,-2.299363,0.023050,1.296930,-2.211332,-1.191574,3.543834,0.107178,-0.238951,0.088373,0.090208,0.022606,-0.112606,0.202746,-0.061962
6.388968,-0.532804,0.244849,1.168603,0.773503,-0.990150,0.973145,-0.286386,-0.497558,0.186225,0.487463,0.292367,-0.636505,0.752365,-0.082055,-2.299597,0.023136,1.297018,-2.211313,-1.191693,3.544035,0.107113,-0.236518,0.087679,0.089350,0.021614,-0.113695,0.203208,-0.062491
6.390024,-0.529083,0.243878,1.168455,0.774223,-0.985952,0.973439,-0.286459,-0.496405,0.186964,0.488268,0.292658,-0.637392,0.752562,-0.082315,-2.299825,0.023225,1.297110,-2.211288,-1.191811,3.544236,0.107047,-0.234564,0.087743,0.090206,0.022639,-0.115471,0.202891,-0.063899
6.391031,-0.525175,0.240441,1.168833,0.773381,-0.983644,0.973208,-0.285145,-0.497805,0.189253,0.486564,0.293523,-0.638151,0.752617,-0.082617,-2.300060,0.023313,1.297198,-2.211269,-1.191937,3.544435,0.106984,-0.234773,0.087555,0.089865,0.021700,-0.118862,0.201431,-0.063369
6.391996,-0.527320,0.238895,1.166935,0.772435,-0.983511,0.974453,-0.285901,-0.500229,0.191915,0.483951,0.295306,-0.638720,0.752580,-0.082947,-2.300295,0.023403,1.297286,-2.211245,-1.192062,3.544632,0.106912,-0.235003,0.088590,0.089251,0.022218,-0.120313,0.200524,-0.065629
6.393149,-0.528189,0.236122,1.166056,0.771904,-0.981872,0.975555,-0.285525,-0.502358,0.193937,0.481718,0.297690,-0.639129,0.752492,-0.083285,-2.300519,0.023491,1.297375,-2.211221,-1.192183,3.544829,0.106851,-0.232250,0.088656,0.089750,0.022816,-0.119610,0.198120,-0.063730
6.394041,-0.524397,0.240385,1.162400,0.769816,-0.980363,0.976115,-0.285837,-0.506597,0.196333,0.477432,0.300004,-0.639387,0.752258,-0.083594,-2.300744,0.023579,1.297464,-2.211196,-1.192304,3.545021,0.106785,-0.230370,0.089417,0.089836,0.023038,-0.120518,0.195907,-0.064118
6.394987,-0.523727,0.238372,1.168911,0.769960,-0.977655,0.977185,-0.284705,-0.515175,0.200755,0.468866,0.301477,-0.639515,0.751808,-0.083852,-2.300972,0.023659,1.297558,-2.211170,-1.192424,3.545209,0.106722,-0.230516,0.086624,0.091115,0.024710,-0.121194,0.194262,-0.063130
6.396092,-0.526744,0.239162,1.169789,0.767539,-0.975091,0.975263,-0.283815,-0.526613,0.207513,0.457459,0.301357,-0.639630,0.751254,-0.084071,-2.301198,0.023747,1.297639,-2.211146,-1.192549,3.545400,0.106648,-0.229149,0.086966,0.087421,0.024219,-0.123048,0.192077,-0.065026
6.397027,-0.524886,0.236116,1.170020,0.768937,-0.972029,0.974575,-0.283958,-0.538056,0.215472,0.445987,0.299510,-0.639831,0.750758,-0.084270,-2.301421,0.023829,1.297724,-2.211118,-1.192680,3.545596,0.106576,-0.226145,0.085988,0.086684,0.026239,-0.124761,0.192893,-0.066396
6.398001,-0.524112,0.233492,1.173070,0.769455,-0.971651,0.976461,-0.283395,-0.549288,0.224025,0.434671,0.296453,-0.640089,0.750302,-0.084444,-2.301642,0.023916,1.297808,-2.211098,-1.192810,3.545785,0.106512,-0.225465,0.086827,0.086145,0.024554,-0.126911,0.192471,-0.065735
6.399019,-0.521949,0.235957,1.173752,0.767091,-0.969795,0.978164,-0.283320,-0.559465,0.231793,0.424413,0.294029,-0.640260,0.749983,-0.084599,-2.301863,0.024005,1.297891,-2.211075,-1.192934,3.545972,0.106442,-0.224243,0.087435,0.084231,0.023727,-0.126414,0.189476,-0.066489
6.400042,-0.520485,0.231992,1.174360,0.767075,-0.968015,0.976943,-0.282543,-0.570148,0.241916,0.413607,0.291520,-0.640609,0.750179,-0.084899,-2.302304,0.024177,1.298055,-2.211022,-1.193195,3.546340,0.106305,-0.222932,0.086877,0.082878,0.025331,-0.128267,0.186868,-0.067427
6.401041,-0.514399,0.233796,1.174778,0.765260,-0.967858,0.976815,-0.281091,-0.570083,0.244780,0.413606,0.289441,-0.641027,0.750522,-0.085059,-2.302529,0.024257,1.298134,-2.210994,-1.193318,3.546523,0.106230,-0.223171,0.084939,0.081648,0.026557,-0.127033,0.185369,-0.069795
6.402053,-0.512778,0.230347,1.175086,0.764530,-0.966227,0.976665,-0.281277,-0.570083,0.244780,0.413606,0.289441,-0.641027,0.750522,-0.085059,-2.302529,0.024257,1.298134,-2.210994,-1.193318,3.546523,0.106230,-0.223171,0.084939,0.081648,0.026557,-0.127033,0.185369,-0.069795
6.403154,-0.501410,0.228894,1.175891,0.763466,-0.965199,0.975973,-0.280073,-0.566200,0.246392,0.417359,0.286199,-0.641692,0.750912,-0.085224,-2.302743,0.024346,1.298210,-2.210966,-1.193442,3.546705,0.106162,-0.221267,0.085573,0.080507,0.026663,-0.127280,0.183910,-0.068869
6.404086,-0.501186,0.227925,1.175278,0.762273,-0.961937,0.976873,-0.279856,-0.557329,0.246123,0.425982,0.281833,-0.642648,0.751375,-0.085381,-2.302976,0.024429,1.298286,-2.210938,-1.193570,3.546885,0.106088,-0.224076,0.085256,0.079117,0.027113,-0.126860,0.182962,-0.070739
6.405146,-0.501634,0.227076,1.175038,0.762132,-0.959317,0.979715,-0.278330,-0.542314,0.243265,0.440611,0.276647,-0.643877,0.751971,-0.085533,-2.303190,0.024514,1.298364,-2.210909,-1.193700,3.547060,0.106015,-0.221448,0.084680,0.078434,0.027672,-0.128711,0.180515,-0.070632
6.406021,-0.493303,0.221096,1.176560,0.762439,-0.956155,0.980999,-0.277992,-0.524927,0.239773,0.457478,0.271342,-0.645165,0.752639,-0.085682,-2.303404,0.024598,1.298439,-2.210885,-1.193828,3.547230,0.105938,-0.218529,0.084054,0.077583,0.027274,-0.129888,0.176087,-0.073140
6.406989,-0.492836,0.220651,1.174029,0.761713,-0.956342,0.980386,-0.277366,-0.507531,0.236251,0.474263,0.267400,-0.646271,0.753456,-0.085831,-2.303629,0.024686,1.298510,-2.210861,-1.193963,3.547400,0.105865,-0.219943,0.085976,0.075892,0.026440,-0.131578,0.173356,-0.073284
6.407975,-0.487977,0.214919,1.177238,0.760570,-0.954742,0.980564,-0.276387,-0.488866,0.231299,0.492287,0.265700,-0.647163,0.754564,-0.085974,-2.303841,0.024771,1.298587,-2.210833,-1.194089,3.547568,0.105792,-0.217473,0.085116,0.076194,0.026563,-0.129957,0.172480,-0.074010
6.409130,-0.482765,0.215541,1.178718,0.759290,-0.951869,0.980516,-0.276404,-0.469235,0.224867,0.511253,0.265685,-0.647949,0.755897,-0.086105,-2.304058,0.024861,1.298654,-2.210805,-1.194222,3.547742,0.105713,-0.217210,0.086880,0.073695,0.027090,-0.130095,0.170746,-0.075419
6.410059,-0.481933,0.209562,1.177388,0.758290,-0.950196,0.980247,-0.276144,-0.447371,0.216589,0.532380,0.266218,-0.648803,0.757424,-0.086213,-2.304275,0.024946,1.298724,-2.210775,-1.194358,3.547906,0.105640,-0.217079,0.085471,0.072040,0.027721,-0.131452,0.169219,-0.074787
6.410988,-0.476270,0.206325,1.175943,0.757854,-0.947403,0.979716,-0.276611,-0.422880,0.206551,0.556063,0.266591,-0.649773,0.759088,-0.086286,-2.304483,0.025037,1.298794,-2.210746,-1.194488,3.548070,0.105565,-0.214870,0.087365,0.071816,0.028090,-0.131677,0.168026,-0.074785
6.412070,-0.476282,0.204750,1.178729,0.758295,-0.947488,0.980743,-0.275946,-0.398071,0.195518,0.580060,0.266951,-0.650743,0.760729,-0.086325,-2.304700,0.025124,1.298865,-2.210718,-1.194622,3.548236,0.105492,-0.215002,0.087885,0.071621,0.027885,-0.133008,0.167091,-0.073314
6.413057,-0.472635,0.202828,1.178818,0.758073,-0.944265,0.981446,-0.276035,-0.374179,0.183861,0.603201,0.268067,-0.651565,0.762316,-0.086346,-2.304904,0.025211,1.298931,-2.210693,-1.194750,3.548396,0.105415,-0.212401,0.087581,0.069348,0.026901,-0.131446,0.164530,-0.074091
6.414036,-0.469634,0.196721,1.180531,0.754439,-0.942438,0.980815,-0.275857,-0.330510,0.160874,0.645547,0.273962,-0.652448,0.765518,-0.086406,-2.305326,0.025390,1.299059,-2.210631,-1.195015,3.548709,0.105264,-0.210443,0.089392,0.066781,0.029439,-0.133578,0.161589,-0.073171
6.415098,-0.465349,0.197042,1.179646,0.754734,-0.941311,0.980547,-0.274705,-0.330510,0.160874,0.645547,0.273962,-0.652448,0.765518,-0.086406,-2.305326,0.025390,1.299059,-2.210631,-1.195015,3.548709,0.105264,-0.210443,0.089392,0.066781,0.029439,-0.133578,0.161589,-0.073171
6.415986,-0.460005,0.194506,1.177474,0.752641,-0.940530,0.979918,-0.275292,-0.309357,0.149126,0.666062,0.276266,-0.652786,0.767066,-0.086459,-2.305534,0.025474,1.299124,-2.210604,-1.195147,3.548864,0.105186,-0.209974,0.088148,0.066377,0.028518,-0.133221,0.160377,-0.074919
6.417157,-0.462491,0.194488,1.179933,0.753532,-0.939960,0.977463,-0.273383,-0.289021,0.137825,0.685796,0.277156,-0.653156,0.768489,-0.086529,-2.305743,0.025562,1.299192,-2.210571,-1.195278,3.549028,0.105115,-0.210036,0.088334,0.066599,0.029882,-0.132564,0.159574,-0.073212
6.418089,-0.453914,0.190050,1.179154,0.753594,-0.940633,0.976809,-0.272567,-0.271493,0.128323,0.702755,0.277093,-0.653447,0.769703,-0.086608,-2.305940,0.025647,1.299251,-2.210545,-1.195405,3.549185,0.105032,-0.206252,0.087261,0.064556,0.028411,-0.131689,0.160498,-0.076457
6.419059,-0.452811,0.186838,1.182382,0.751640,-0.938467,0.976653,-0.271307,-0.257290,0.120692,0.716416,0.277260,-0.653519,0.770707,-0.086703,-2.306151,0.025739,1.299313,-2.210518,-1.195531,3.549345,0.104954,-0.207950,0.088359,0.064153,0.027754,-0.129598,0.159697,-0.077527
6.420002,-0.447531,0.187272,1.184213,0.749477,-0.939245,0.976284,-0.271296,-0.243785,0.113081,0.729418,0.278148,-0.653407,0.771619,-0.086812,-2.306355,0.025826,1.299369,-2.210486,-1.195661,3.549499,0.104869,-0.205902,0.088877,0.061788,0.029023,-0.130351,0.158426,-0.079477
6.421145,-0.447942,0.183344,1.189315,0.749520,-0.939635,0.976894,-0.271382,-0.228727,0.104529,0.743964,0.278351,-0.653357,0.772489,-0.086906,-2.306559,0.025912,1.299424,-2.210453,-1.195784,3.549657,0.104792,-0.206009,0.087572,0.060151,0.030452,-0.128174,0.157369,-0.078932
6.422075,-0.443898,0.177930,1.187498,0.748315,-0.940188,0.975870,-0.270045,-0.211491,0.095231,0.760623,0.276941,-0.653539,0.773354,-0.086967,-2.306756,0.026003,1.299475,-2.210423,-1.195908,3.549808,0.104714,-0.203272,0.088419,0.056893,0.029733,-0.126385,0.155253,-0.078165
6.422974,-0.436356,0.176824,1.187989,0.748094,-0.940718,0.974694,-0.271102,-0.192313,0.084727,0.779183,0.274651,-0.653930,0.774265,-0.087011,-2.306961,0.026096,1.299534,-2.210391,-1.196029,3.549963,0.104631,-0.202752,0.089984,0.057064,0.030248,-0.124480,0.154891,-0.080306
6.424116,-0.431693,0.178696,1.187413,0.746987,-0.937635,0.973840,-0.269798,-0.171640,0.072532,0.799299,0.272177,-0.654482,0.775201,-0.087059,-2.307167,0.026185,1.299590,-2.210364,-1.196148,3.550117,0.104558,-0.203966,0.089415,0.056082,0.029857,-0.122629,0.154678,-0.077629
6.425109,-0.428284,0.178938,1.188866,0.748367,-0.935071,0.973250,-0.269430,-0.149831,0.059434,0.820679,0.269636,-0.655159,0.776118,-0.087115,-2.307371,0.026266,1.299644,-2.210333,-1.196276,3.550269,0.104473,-0.203693,0.087445,0.055643,0.030305,-0.124298,0.154032,-0.079665
6.425970,-0.427291,0.174154,1.192532,0.745123,-0.934374,0.974415,-0.269015,-0.128587,0.047348,0.841594,0.267817,-0.655756,0.776968,-0.087193,-2.307571,0.026351,1.299695,-2.210306,-1.196401,3.550422,0.104396,-0.202880,0.086263,0.054233,0.028309,-0.125459,0.153192,-0.079828
6.427124,-0.423066,0.172943,1.190440,0.744103,-0.933625,0.974008,-0.269412,-0.108749,0.036799,0.861127,0.267212,-0.656147,0.777739,-0.087306,-2.307768,0.026443,1.299742,-2.210271,-1.196527,3.550565,0.104313,-0.200900,0.087551,0.051758,0.030797,-0.124756,0.150708,-0.080118
6.428087,-0.420992,0.166151,1.190183,0.743905,-0.932946,0.974123,-0.269333,-0.090108,0.027214,0.879450,0.266555,-0.656491,0.778391,-0.087442,-2.307970,0.026528,1.299795,-2.210240,-1.196649,3.550712,0.104235,-0.200464,0.087065,0.052117,0.031110,-0.124109,0.149658,-0.078709
6.429102,-0.422677,0.166562,1.191933,0.743380,-0.932563,0.975512,-0.268811,-0.073483,0.018312,0.895772,0.265391,-0.656815,0.778882,-0.087593,-2.308166,0.026620,1.299845,-2.210211,-1.196771,3.550855,0.104157,-0.199035,0.089344,0.051579,0.030658,-0.123426,0.148187,-0.078328
6.430032,-0.417356,0.164337,1.192746,0.740874,-0.931733,0.974878,-0.269670,-0.051313,0.003619,0.917400,0.264384,-0.656898,0.779562,-0.087975,-2.308550,0.026796,1.299938,-2.210143,-1.197012,3.551140,0.104003,-0.196030,0.088046,0.049038,0.032202,-0.121949,0.144730,-0.076539
6.431007,-0.413439,0.162303,1.192270,0.742282,-0.930733,0.972085,-0.268310,-0.051313,0.003619,0.917400,0.264384,-0.656898,0.779562,-0.087975,-2.308550,0.026796,1.299938,-2.210143,-1.197012,3.551140,0.104003,-0.196030,0.088046,0.049038,0.032202,-0.121949,0.144730,-0.076539
6.432003,-0.414046,0.162818,1.196557,0.740917,-0.931250,0.970998,-0.268036,-0.044862,-0.001637,0.923590,0.263765,-0.656770,0.779845,-0.088185,-2.308745,0.026885,1.299986,-2.210117,-1.197131,3.551287,0.103922,-0.195527,0.087945,0.048640,0.030200,-0.121615,0.146163,-0.078739
6.433189,-0.414721,0.158764,1.196348,0.739828,-0.929941,0.970239,-0.267374,-0.039969,-0.005902,0.928222,0.263464,-0.656513,0.780132,-0.088392,-2.308932,0.026969,1.300026,-2.210084,-1.197246,3.551427,0.103842,-0.192836,0.086630,0.045933,0.030861,-0.119783,0.145880,-0.078699
6.434066,-0.408348,0.157292,1.197767,0.739221,-0.927508,0.968405,-0.267445,-0.037571,-0.008480,0.930334,0.263366,-0.656142,0.780373,-0.088565,-2.309114,0.027058,1.300068,-2.210052,-1.197362,3.551574,0.103763,-0.190176,0.087565,0.045466,0.031237,-0.119776,0.145145,-0.079421
6.435019,-0.404387,0.154520,1.198997,0.739109,-0.925749,0.967089,-0.267842,-0.037549,-0.009610,0.930096,0.263030,-0.655744,0.780535,-0.088668,-2.309307,0.027143,1.300110,-2.210021,-1.197487,3.551720,0.103689,-0.190979,0.087233,0.044186,0.031148,-0.120842,0.145665,-0.078753
6.435987,-0.404124,0.149814,1.197926,0.740624,-0.927092,0.965995,-0.267030,-0.037243,-0.010840,0.930246,0.262754,-0.655343,0.780699,-0.088682,-2.309496,0.027233,1.300152,-2.209990,-1.197611,3.551863,0.103614,-0.190573,0.087505,0.043006,0.030575,-0.121216,0.145629,-0.077421
6.437102,-0.404777,0.150590,1.201470,0.736164,-0.924862,0.966086,-0.268262,-0.035656,-0.013133,0.931806,0.263623,-0.654840,0.780923,-0.088623,-2.309679,0.027327,1.300193,-2.209965,-1.197724,3.552008,0.103535,-0.188367,0.088707,0.042993,0.028499,-0.118565,0.145355,-0.078511
6.438117,-0.397126,0.146276,1.204172,0.737903,-0.925437,0.965652,-0.267729,-0.034874,-0.015562,0.932646,0.265391,-0.654250,0.781111,-0.088512,-2.309860,0.027410,1.300228,-2.209926,-1.197844,3.552147,0.103464,-0.185731,0.087248,0.040705,0.032145,-0.119469,0.143846,-0.075450
6.439033,-0.395241,0.145087,1.202743,0.736519,-0.924661,0.965395,-0.268568,-0.034125,-0.017883,0.933468,0.266369,-0.653814,0.781263,-0.088353,-2.310048,0.027500,1.300262,-2.209902,-1.197957,3.552289,0.103388,-0.187222,0.088313,0.038883,0.029828,-0.117594,0.142912,-0.075995
6.439975,-0.395359,0.142301,1.204347,0.735482,-0.924603,0.964715,-0.268680,-0.030735,-0.021397,0.936937,0.266702,-0.653597,0.781543,-0.088174,-2.310231,0.027588,1.300302,-2.209869,-1.198075,3.552428,0.103315,-0.185844,0.087795,0.039076,0.030496,-0.117066,0.141860,-0.073774
6.441045,-0.394187,0.142582,1.205585,0.734916,-0.923829,0.964266,-0.268902,-0.026125,-0.025528,0.941617,0.266734,-0.653530,0.781920,-0.087996,-2.310413,0.027676,1.300337,-2.209838,-1.198192,3.552567,0.103245,-0.183472,0.088096,0.037770,0.030847,-0.115811,0.141225,-0.073050
6.442032,-0.391103,0.145250,1.206028,0.734412,-0.922818,0.963437,-0.269701,-0.023144,-0.028605,0.944627,0.266096,-0.653565,0.782262,-0.087830,-2.310590,0.027762,1.300371,-2.209808,-1.198305,3.552711,0.103173,-0.181820,0.086867,0.036673,0.030742,-0.115300,0.140263,-0.072056
6.443063,-0.387439,0.140053,1.207135,0.734224,-0.923701,0.962178,-0.269295,-0.023084,-0.029310,0.944705,0.264947,-0.653587,0.782535,-0.087688,-2.310769,0.027842,1.300406,-2.209778,-1.198418,3.552851,0.103108,-0.181103,0.084518,0.035974,0.030587,-0.115038,0.139749,-0.069941
6.444073,-0.384106,0.140630,1.207131,0.734283,-0.925123,0.960374,-0.269331,-0.025399,-0.027671,0.942443,0.263665,-0.653517,0.782764,-0.087587,-2.310947,0.027932,1.300438,-2.209748,-1.198524,3.552991,0.103037,-0.180687,0.086042,0.034961,0.030106,-0.112927,0.139641,-0.070240
6.445053,-0.382654,0.137792,1.208154,0.731532,-0.923038,0.960316,-0.269114,-0.028273,-0.025297,0.939667,0.262776,-0.653348,0.782992,-0.087550,-2.311126,0.028016,1.300470,-2.209720,-1.198630,3.553134,0.102970,-0.180085,0.084671,0.034520,0.029428,-0.110289,0.140074,-0.069642
6.445962,-0.382096,0.135074,1.208901,0.730908,-0.921876,0.959904,-0.270581,-0.031318,-0.022686,0.936752,0.261957,-0.653154,0.783168,-0.087569,-2.311302,0.028099,1.300501,-2.209684,-1.198747,3.553269,0.102902,-0.178565,0.085076,0.033561,0.031407,-0.111095,0.138803,-0.069570
6.447067,-0.380444,0.133380,1.211359,0.731625,-0.922073,0.959530,-0.270170,-0.035193,-0.019629,0.933007,0.260340,-0.653018,0.783187,-0.087602,-2.311475,0.028185,1.300530,-2.209654,-1.198859,3.553405,0.102844,-0.176660,0.085357,0.032777,0.031347,-0.110994,0.137933,-0.066143
6.448087,-0.372489,0.132273,1.211888,0.728899,-0.922677,0.959217,-0.269687,-0.040113,-0.016470,0.928223,0.258536,-0.652842,0.783061,-0.087623,-2.311649,0.028270,1.300557,-2.209627,-1.198965,3.553539,0.102778,-0.175274,0.085137,0.031145,0.030025,-0.109556,0.136935,-0.066468
6.448982,-0.371762,0.129878,1.212557,0.729075,-0.923095,0.958441,-0.270427,-0.044290,-0.014107,0.924218,0.256972,-0.652622,0.782895,-0.087632,-2.311826,0.028355,1.300587,-2.209593,-1.199070,3.553671,0.102711,-0.177036,0.084626,0.030456,0.032040,-0.107751,0.135933,-0.066916
6.450061,-0.370501,0.128253,1.217463,0.729276,-0.921716,0.957092,-0.270600,-0.045730,-0.013286,0.922979,0.254801,-0.652533,0.782744,-0.087611,-2.311999,0.028442,1.300614,-2.209564,-1.199172,3.553804,0.102649,-0.175190,0.084750,0.029743,0.031193,-0.106179,0.135455,-0.064941
6.450991,-0.373344,0.131043,1.216046,0.729151,-0.920964,0.956522,-0.270179,-0.044760,-0.014034,0.924141,0.252586,-0.652516,0.782647,-0.087553,-2.312171,0.028526,1.300635,-2.209537,-1.199279,3.553940,0.102587,-0.173631,0.084515,0.026936,0.030411,-0.106349,0.135443,-0.064093
6.451967,-0.366320,0.127752,1.218032,0.730294,-0.921768,0.954295,-0.270260,-0.044283,-0.014789,0.924791,0.251619,-0.652313,0.782597,-0.087481,-2.312331,0.028600,1.300663,-2.209509,-1.199383,3.554072,0.102524,-0.170154,0.082162,0.027276,0.029918,-0.105915,0.134736,-0.064468
6.453079,-0.362547,0.125975,1.217709,0.727429,-0.921250,0.951615,-0.270731,-0.046887,-0.013936,0.922402,0.252610,-0.651735,0.782553,-0.087427,-2.312507,0.028685,1.300685,-2.209483,-1.199481,3.554212,0.102462,-0.171497,0.082778,0.025938,0.028179,-0.103973,0.135640,-0.063806
6.454064,-0.367872,0.126162,1.220675,0.728756,-0.923470,0.952077,-0.270829,-0.050470,-0.012758,0.919070,0.255070,-0.650883,0.782528,-0.087396,-2.312679,0.028766,1.300710,-2.209450,-1.199584,3.554350,0.102403,-0.171171,0.082649,0.025736,0.030356,-0.103313,0.136920,-0.062344
6.455011,-0.365724,0.124357,1.222584,0.729286,-0.922582,0.951865,-0.269928,-0.054433,-0.011618,0.915296,0.257777,-0.649918,0.782421,-0.087377,-2.312835,0.028844,1.300729,-2.209425,-1.199675,3.554482,0.102344,-0.166479,0.081566,0.023942,0.028455,-0.100012,0.135133,-0.061676
6.456090,-0.365328,0.121429,1.222201,0.727519,-0.924070,0.951681,-0.271813,-0.061314,-0.009200,0.908549,0.261340,-0.648702,0.782163,-0.087375,-2.312997,0.028925,1.300749,-2.209401,-1.199772,3.554612,0.102278,-0.165535,0.081475,0.022687,0.027401,-0.099816,0.134081,-0.063002
6.457076,-0.359570,0.119774,1.224372,0.728818,-0.923615,0.950810,-0.271083,-0.071132,-0.005738,0.898879,0.266239,-0.647185,0.781787,-0.087390,-2.313154,0.029007,1.300771,-2.209369,-1.199865,3.554741,0.102227,-0.163704,0.081913,0.022554,0.028486,-0.097220,0.132943,-0.058706
6.457987,-0.358006,0.118953,1.228820,0.727443,-0.924116,0.951543,-0.270916,-0.081783,-0.002472,0.888406,0.271850,-0.645516,0.781323,-0.087416,-2.313321,0.029087,1.300789,-2.209344,-1.199959,3.554871,0.102166,-0.164492,0.081732,0.021176,0.026625,-0.096606,0.132535,-0.059734
6.459131,-0.356470,0.116345,1.227402,0.726411,-0.923679,0.951913,-0.270252,-0.089926,-0.000892,0.880433,0.278019,-0.643818,0.780901,-0.087481,-2.313480,0.029165,1.300803,-2.209315,-1.200051,3.554996,0.102108,-0.163244,0.081163,0.018715,0.027394,-0.095042,0.130565,-0.059598
6.460147,-0.353352,0.114162,1.230055,0.727396,-0.925384,0.951026,-0.271524,-0.094355,-0.001223,0.876124,0.284016,-0.642236,0.780590,-0.087597,-2.313637,0.029245,1.300822,-2.209286,-1.200142,3.555122,0.102046,-0.161989,0.081470,0.019146,0.027776,-0.094412,0.128852,-0.060406
6.460985,-0.351228,0.111547,1.230665,0.725061,-0.926530,0.950258,-0.272508,-0.096328,-0.002877,0.874241,0.289541,-0.640820,0.780392,-0.087738,-2.313797,0.029327,1.300836,-2.209261,-1.200229,3.555250,0.101997,-0.161512,0.081539,0.017559,0.026235,-0.091670,0.128468,-0.057379
6.462029,-0.349470,0.112085,1.233863,0.725250,-0.927124,0.948673,-0.271854,-0.095984,-0.005951,0.874651,0.294654,-0.639620,0.780350,-0.087869,-2.313953,0.029408,1.300850,-2.209230,-1.200313,3.555374,0.101946,-0.160610,0.081835,0.017041,0.027921,-0.089563,0.128062,-0.055007
6.463033,-0.349945,0.115574,1.231518,0.724703,-0.926411,0.947625,-0.272321,-0.093391,-0.010087,0.877244,0.298539,-0.638767,0.780443,-0.087971,-2.314111,0.029484,1.300861,-2.209207,-1.200399,3.555506,0.101886,-0.159465,0.080601,0.015221,0.027201,-0.087966,0.128324,-0.055848
6.463988,-0.344709,0.112655,1.233814,0.726349,-0.928856,0.948252,-0.271669,-0.091396,-0.012991,0.879199,0.301102,-0.638162,0.780553,-0.088038,-2.314263,0.029555,1.300878,-2.209180,-1.200488,3.555632,0.101835,-0.157278,0.077951,0.016150,0.027170,-0.087645,0.128094,-0.054441
6.465025,-0.345911,0.112450,1.233974,0.724959,-0.929000,0.949159,-0.272052,-0.092577,-0.012916,0.878015,0.303438,-0.637559,0.780630,-0.088083,-2.314421,0.029636,1.300889,-2.209160,-1.200564,3.555754,0.101778,-0.157916,0.078434,0.014787,0.025086,-0.084276,0.126229,-0.055303
6.465994,-0.344522,0.107921,1.235688,0.724582,-0.930135,0.948929,-0.271593,-0.096160,-0.010733,0.874503,0.306432,-0.636869,0.780761,-0.088128,-2.314573,0.029711,1.300903,-2.209133,-1.200647,3.555877,0.101726,-0.155335,0.077577,0.014481,0.025900,-0.083169,0.124047,-0.054054
6.467122,-0.340992,0.107048,1.238764,0.722638,-0.929755,0.948724,-0.272622,-0.101505,-0.007431,0.869262,0.309794,-0.636164,0.780925,-0.088174,-2.314722,0.029792,1.300913,-2.209107,-1.200726,3.555997,0.101674,-0.154132,0.078856,0.013425,0.025715,-0.081094,0.123072,-0.054540
6.468109,-0.338410,0.105680,1.239765,0.723166,-0.932060,0.947253,-0.273178,-0.107063,-0.004229,0.863771,0.312560,-0.635589,0.781057,-0.088207,-2.314875,0.029870,1.300921,-2.209078,-1.200802,3.556117,0.101629,-0.153949,0.078286,0.011711,0.027032,-0.080561,0.121977,-0.051994
6.469012,-0.339139,0.107637,1.241779,0.722077,-0.932616,0.946628,-0.272098,-0.110331,-0.002380,0.860487,0.314138,-0.635243,0.781157,-0.088221,-2.315027,0.029945,1.300932,-2.209053,-1.200871,3.556240,0.101581,-0.153294,0.078040,0.011024,0.025951,-0.077398,0.122217,-0.050457
6.469975,-0.337244,0.105265,1.242180,0.721010,-0.934850,0.947132,-0.272478,-0.112018,-0.001140,0.858684,0.314697,-0.635053,0.781155,-0.088228,-2.315174,0.030018,1.300939,-2.209025,-1.200944,3.556360,0.101525,-0.151044,0.076124,0.009864,0.026436,-0.075993,0.121650,-0.052205
6.471085,-0.332435,0.106679,1.242933,0.721123,-0.935001,0.946577,-0.273058,-0.114369,0.000976,0.856099,0.314183,-0.634944,0.780957,-0.088224,-2.315322,0.030095,1.300947,-2.208997,-1.201013,3.556481,0.101481,-0.150107,0.076374,0.009505,0.026885,-0.072913,0.119913,-0.051003
6.472076,-0.331330,0.105249,1.241053,0.720098,-0.935659,0.945058,-0.272746,-0.117631,0.004136,0.852502,0.312551,-0.634903,0.780603,-0.088187,-2.315474,0.030165,1.300956,-2.208973,-1.201081,3.556599,0.101435,-0.150572,0.074763,0.008948,0.026256,-0.071934,0.119201,-0.049381
6.472979,-0.328776,0.105965,1.242933,0.719982,-0.935942,0.943533,-0.273280,-0.121706,0.008226,0.848015,0.310272,-0.634868,0.780160,-0.088113,-2.315618,0.030240,1.300967,-2.208945,-1.201150,3.556721,0.101387,-0.149269,0.074557,0.009701,0.026655,-0.070440,0.119490,-0.049587
6.474026,-0.323118,0.104990,1.244174,0.719554,-0.937618,0.942160,-0.272062,-0.127616,0.013639,0.841633,0.307631,-0.634779,0.779618,-0.088013,-2.315766,0.030310,1.300971,-2.208920,-1.201217,3.556842,0.101342,-0.148673,0.073306,0.008627,0.026233,-0.069354,0.119826,-0.048097
6.475021,-0.322272,0.103433,1.245212,0.718640,-0.937537,0.941212,-0.273446,-0.134248,0.019662,0.834503,0.304777,-0.634667,0.779060,-0.087907,-2.315915,0.030383,1.300977,-2.208896,-1.201278,3.556962,0.101288,-0.149596,0.072888,0.007870,0.026148,-0.066902,0.119942,-0.050097
6.475995,-0.319494,0.103085,1.243250,0.718112,-0.939649,0.940930,-0.272461,-0.139520,0.025004,0.828729,0.301700,-0.634601,0.778596,-0.087807,-2.316061,0.030457,1.300982,-2.208871,-1.201346,3.557080,0.101250,-0.148134,0.072742,0.007232,0.026513,-0.066175,0.119664,-0.046878
6.477106,-0.319006,0.102270,1.250664,0.719539,-0.940990,0.939758,-0.273776,-0.144259,0.029789,0.823509,0.298318,-0.634567,0.778180,-0.087708,-2.316208,0.030526,1.300989,-2.208845,-1.201401,3.557193,0.101199,-0.147655,0.072039,0.008068,0.026478,-0.063346,0.118766,-0.048453
6.478099,-0.315551,0.100897,1.246565,0.719206,-0.942207,0.939863,-0.272818,-0.149108,0.034198,0.818245,0.295340,-0.634458,0.777789,-0.087614,-2.316348,0.030596,1.300986,-2.208823,-1.201457,3.557309,0.101160,-0.146078,0.071564,0.004286,0.024577,-0.061287,0.118679,-0.045344
6.479012,-0.314650,0.096224,1.250797,0.719003,-0.942382,0.939116,-0.273828,-0.153266,0.037644,0.813781,0.293953,-0.634153,0.777470,-0.087531,-2.316492,0.030666,1.300997,-2.208800,-1.201511,3.557424,0.101109,-0.145966,0.071372,0.006192,0.024415,-0.059385,0.117359,-0.046859
6.479990,-0.313016,0.096637,1.248614,0.718579,-0.944484,0.938343,-0.273233,-0.156738,0.039645,0.810131,0.294473,-0.633597,0.777196,-0.087461,-2.316631,0.030741,1.300997,-2.208777,-1.201569,3.557539,0.101068,-0.144632,0.072788,0.003972,0.024118,-0.058508,0.116959,-0.044410
6.480987,-0.310037,0.096851,1.252710,0.718152,-0.945705,0.938539,-0.273727,-0.159893,0.040043,0.806877,0.296478,-0.632814,0.776908,-0.087400,-2.316771,0.030809,1.301004,-2.208750,-1.201617,3.557654,0.101020,-0.143657,0.071697,0.004937,0.023969,-0.055761,0.116539,-0.045198
6.482092,-0.309520,0.095481,1.250712,0.718492,-0.948835,0.937610,-0.274831,-0.163185,0.039618,0.803509,0.299280,-0.631864,0.776597,-0.087347,-2.316915,0.030880,1.301003,-2.208726,-1.201670,3.557766,0.100979,-0.143310,0.070706,0.002811,0.023875,-0.053872,0.115147,-0.043779
6.483071,-0.309653,0.095982,1.254674,0.716803,-0.948622,0.937309,-0.274246,-0.166929,0.039192,0.799696,0.302448,-0.630809,0.776309,-0.087289,-2.317051,0.030949,1.301007,-2.208705,-1.201712,3.557881,0.100940,-0.141794,0.070523,0.003706,0.023080,-0.050140,0.114833,-0.041131
6.484124,-0.310408,0.094236,1.256692,0.717419,-0.949612,0.935679,-0.274561,-0.172021,0.039512,0.794510,0.305656,-0.629704,0.776044,-0.087216,-2.317187,0.031015,1.301007,-2.208678,-1.201760,3.557996,0.100897,-0.139974,0.069427,0.001636,0.024200,-0.049761,0.113936,-0.041921
6.485007,-0.305519,0.093571,1.254027,0.717547,-0.950855,0.935289,-0.273613,-0.178950,0.041079,0.787425,0.308566,-0.628587,0.775787,-0.087137,-2.317322,0.031085,1.301005,-2.208657,-1.201805,3.558111,0.100858,-0.137850,0.069432,0.000593,0.023116,-0.048158,0.114348,-0.040860
6.486085,-0.303699,0.089846,1.257434,0.716168,-0.951102,0.935751,-0.273917,-0.187473,0.043660,0.778732,0.311752,-0.627408,0.775555,-0.087075,-2.317461,0.031153,1.301009,-2.208634,-1.201846,3.558227,0.100813,-0.138555,0.068902,0.001836,0.022489,-0.046371,0.113576,-0.042384
6.487079,-0.302460,0.088196,1.260479,0.715706,-0.953807,0.934703,-0.274015,-0.196283,0.046287,0.769788,0.315475,-0.626182,0.775399,-0.087042,-2.317597,0.031223,1.301007,-2.208609,-1.201889,3.558336,0.100776,-0.137691,0.069899,0.000052,0.023345,-0.045545,0.111899,-0.041335
6.487994,-0.301275,0.082283,1.258573,0.713696,-0.954937,0.932595,-0.273608,-0.202648,0.047397,0.763252,0.318977,-0.625082,0.775391,-0.087033,-2.317730,0.031293,1.301004,-2.208586,-1.201923,3.558444,0.100737,-0.136601,0.069833,-0.001494,0.023315,-0.042328,0.111802,-0.040744
6.488969,-0.297760,0.083310,1.259475,0.714206,-0.958210,0.931448,-0.275074,-0.205804,0.046298,0.759815,0.321416,-0.624253,0.775476,-0.087049,-2.317862,0.031369,1.301005,-2.208558,-1.201961,3.558561,0.100695,-0.135492,0.071859,-0.000600,0.024711,-0.040702,0.112751,-0.041173
6.490068,-0.294182,0.081540,1.258243,0.714495,-0.958107,0.930328,-0.274433,-0.207032,0.043480,0.758177,0.322444,-0.623737,0.775531,-0.087083,-2.317998,0.031436,1.301005,-2.208537,-1.201993,3.558669,0.100663,-0.135521,0.070478,-0.001131,0.023730,-0.036946,0.112739,-0.037836
6.491058,-0.294098,0.080414,1.255292,0.713046,-0.957373,0.930082,-0.273658,-0.207186,0.039797,0.757492,0.322870,-0.623421,0.775574,-0.087131,-2.318132,0.031507,1.301008,-2.208514,-1.202030,3.558780,0.100625,-0.135574,0.070481,-0.000606,0.022970,-0.036547,0.112629,-0.038737
6.491971,-0.288663,0.079454,1.256532,0.712677,-0.959422,0.929083,-0.272900,-0.208079,0.036518,0.755935,0.323518,-0.623128,0.775607,-0.087208,-2.318262,0.031576,1.301010,-2.208489,-1.202069,3.558891,0.100584,-0.133923,0.070167,0.000781,0.023875,-0.036756,0.111689,-0.039881
6.492966,-0.290668,0.079391,1.256213,0.712518,-0.960948,0.928149,-0.274069,-0.211134,0.034534,0.752043,0.324116,-0.622820,0.775570,-0.087309,-2.318395,0.031645,1.301006,-2.208466,-1.202098,3.559002,0.100543,-0.134957,0.069776,0.000123,0.023742,-0.034253,0.111561,-0.041010
6.494049,-0.286575,0.080740,1.254608,0.711618,-0.961158,0.927169,-0.273588,-0.215971,0.033894,0.746197,0.324456,-0.622523,0.775462,-0.087405,-2.318523,0.031713,1.301008,-2.208443,-1.202123,3.559113,0.100511,-0.132266,0.068948,0.000204,0.023417,-0.032339,0.111320,-0.038259
6.495005,-0.279396,0.079705,1.255619,0.710920,-0.960512,0.926078,-0.273820,-0.223584,0.035421,0.737476,0.324643,-0.622193,0.775229,-0.087463,-2.318657,0.031779,1.301008,-2.208419,-1.202155,3.559224,0.100471,-0.132606,0.067440,0.000933,0.023806,-0.031663,0.111078,-0.038826
6.496098,-0.282541,0.078952,1.252603,0.711457,-0.962420,0.925278,-0.274332,-0.232981,0.038942,0.726959,0.324411,-0.621858,0.774889,-0.087480,-2.318793,0.031847,1.301006,-2.208395,-1.202185,3.559332,0.100437,-0.134471,0.067112,0.000374,0.023981,-0.031876,0.111030,-0.037975
6.497026,-0.279693,0.080214,1.256461,0.712554,-0.965013,0.926387,-0.274538,-0.242701,0.043471,0.716161,0.323989,-0.621496,0.774492,-0.087467,-2.318919,0.031913,1.301010,-2.208375,-1.202208,3.559441,0.100402,-0.131207,0.066646,0.001789,0.023009,-0.029549,0.110610,-0.036540
6.497947,-0.275733,0.076157,1.258822,0.711202,-0.966177,0.926889,-0.275230,-0.254326,0.049329,0.703553,0.324541,-0.620934,0.774043,-0.087447,-2.319048,0.031975,1.301007,-2.208357,-1.202228,3.559544,0.100369,-0.131004,0.065227,-0.000209,0.021525,-0.026610,0.108389,-0.035773
6.499106,-0.270898,0.075235,1.255391,0.710056,-0.967898,0.926923,-0.275405,-0.265622,0.055049,0.691391,0.326454,-0.620212,0.773714,-0.087458,-2.319181,0.032042,1.301005,-2.208333,-1.202252,3.559646,0.100339,-0.131288,0.066440,-0.001423,0.022380,-0.025087,0.106811,-0.034028
6.500003,-0.268661,0.074978,1.257754,0.709431,-0.967470,0.925818,-0.275442,-0.272951,0.058330,0.683294,0.328566,-0.619586,0.773633,-0.087523,-2.319315,0.032107,1.301011,-2.208309,-1.202270,3.559746,0.100308,-0.131963,0.066060,0.000170,0.023012,-0.023008,0.105589,-0.033281
6.501049,-0.263346,0.073371,1.256813,0.709912,-0.968595,0.925477,-0.275054,-0.276609,0.059199,0.678974,0.329800,-0.619167,0.773743,-0.087651,-2.319445,0.032170,1.301008,-2.208286,-1.202294,3.559850,0.100276,-0.131403,0.065384,-0.001060,0.023144,-0.023082,0.105617,-0.032862
6.502078,-0.264116,0.073071,1.254886,0.706541,-0.969364,0.923495,-0.273960,-0.277422,0.058192,0.677611,0.330416,-0.618871,0.774038,-0.087848,-2.319577,0.032234,1.301007,-2.208267,-1.202313,3.559956,0.100243,-0.131584,0.065116,-0.001091,0.022134,-0.021239,0.104419,-0.033163
6.503062,-0.254018,0.073047,1.250394,0.707135,-0.969179,0.924981,-0.274468,-0.277394,0.056459,0.677178,0.330315,-0.618632,0.774427,-0.088106,-2.319701,0.032296,1.301009,-2.208239,-1.202330,3.560062,0.100207,-0.128793,0.064214,-0.000657,0.024807,-0.019801,0.104903,-0.034881
6.504007,-0.251358,0.072598,1.249106,0.707124,-0.970319,0.922295,-0.273464,-0.279426,0.055826,0.674776,0.328721,-0.618450,0.774736,-0.088404,-2.319836,0.032358,1.301015,-2.208216,-1.202348,3.560162,0.100177,-0.131428,0.063195,0.001046,0.023570,-0.019331,0.101940,-0.033384
6.505130,-0.246218,0.070906,1.249276,0.706630,-0.971279,0.922548,-0.274135,-0.283892,0.056606,0.670079,0.326452,-0.618195,0.774971,-0.088730,-2.319964,0.032417,1.301016,-2.208194,-1.202360,3.560272,0.100139,-0.130384,0.062430,0.001197,0.023023,-0.017595,0.103203,-0.034955
6.506076,-0.239493,0.067994,1.245319,0.707870,-0.969772,0.920063,-0.273350,-0.289819,0.058099,0.664052,0.324676,-0.617773,0.775175,-0.089081,-2.320094,0.032479,1.301014,-2.208172,-1.202370,3.560369,0.100110,-0.130437,0.062199,0.000564,0.022920,-0.015984,0.101378,-0.033090
6.507033,-0.231699,0.068842,1.245596,0.706176,-0.971055,0.920125,-0.273774,-0.295987,0.059178,0.657943,0.324220,-0.617167,0.775380,-0.089451,-2.320228,0.032544,1.301020,-2.208152,-1.202390,3.560476,0.100075,-0.131387,0.062602,0.002025,0.021139,-0.016846,0.102443,-0.034235
6.507996,-0.227112,0.064851,1.246477,0.704835,-0.970427,0.919519,-0.273259,-0.300768,0.058760,0.653425,0.325539,-0.616394,0.775642,-0.089835,-2.320364,0.032603,1.301020,-2.208129,-1.202402,3.560575,0.100044,-0.132842,0.061169,0.001391,0.022247,-0.014945,0.100943,-0.032924
6.509028,-0.223288,0.065212,1.247069,0.704290,-0.970887,0.920195,-0.273109,-0.298805,0.050766,0.656153,0.328824,-0.615177,0.776473,-0.090564,-2.320624,0.032726,1.301016,-2.208083,-1.202425,3.560770,0.099974,-0.132184,0.060918,-0.000292,0.022910,-0.013909,0.097995,-0.033319
6.509998,-0.219664,0.064628,1.243456,0.703215,-0.969869,0.918979,-0.272917,-0.298805,0.050766,0.656153,0.328824,-0.615177,0.776473,-0.090564,-2.320624,0.032726,1.301016,-2.208083,-1.202425,3.560770,0.099974,-0.132184,0.060918,-0.000292,0.022910,-0.013909,0.097995,-0.033319
6.511138,-0.212427,0.066961,1.244417,0.703455,-0.971300,0.917252,-0.272971,-0.293570,0.044270,0.661789,0.329799,-0.614831,0.777040,-0.090855,-2.320753,0.032786,1.301022,-2.208059,-1.202438,3.560868,0.099941,-0.131616,0.060208,0.000982,0.023370,-0.014337,0.097815,-0.033251
6.512152,-0.213996,0.061074,1.244526,0.703870,-0.972090,0.914691,-0.273598,-0.288889,0.038405,0.666914,0.330543,-0.614516,0.777614,-0.091058,-2.320889,0.032839,1.301021,-2.208038,-1.202446,3.560967,0.099912,-0.132637,0.058054,-0.000071,0.022539,-0.012240,0.097975,-0.032640
6.512977,-0.208697,0.062356,1.243115,0.702971,-0.970596,0.913568,-0.273698,-0.285323,0.033318,0.670947,0.331820,-0.614119,0.778162,-0.091179,-2.321015,0.032903,1.301019,-2.208019,-1.202454,3.561067,0.099886,-0.129437,0.059974,-0.000605,0.021616,-0.010878,0.099080,-0.030935
6.514010,-0.204209,0.064171,1.241541,0.702361,-0.971101,0.912081,-0.273491,-0.283764,0.028735,0.672968,0.334392,-0.613533,0.778625,-0.091241,-2.321144,0.032958,1.301017,-2.207995,-1.202471,3.561164,0.099857,-0.129864,0.058399,-0.000280,0.021920,-0.011823,0.098902,-0.030354
6.515006,-0.199306,0.061534,1.241672,0.701413,-0.969923,0.910689,-0.274352,-0.285130,0.025539,0.672046,0.337840,-0.612747,0.778938,-0.091253,-2.321273,0.033012,1.301017,-2.207972,-1.202477,3.561262,0.099825,-0.129669,0.056528,-0.000007,0.021912,-0.010732,0.098924,-0.030304
6.516024,-0.198623,0.061134,1.242555,0.701309,-0.971737,0.910128,-0.273815,-0.288687,0.024153,0.668876,0.341340,-0.611830,0.779115,-0.091213,-2.321400,0.033068,1.301017,-2.207948,-1.202487,3.561359,0.099803,-0.129744,0.056900,-0.000575,0.022229,-0.011332,0.098881,-0.028138
6.516977,-0.193389,0.059435,1.243513,0.701303,-0.973063,0.908277,-0.274039,-0.293117,0.023808,0.664706,0.344641,-0.610836,0.779204,-0.091139,-2.321522,0.033123,1.301016,-2.207928,-1.202488,3.561456,0.099772,-0.127723,0.056126,-0.001505,0.021784,-0.008983,0.097984,-0.028781
6.518035,-0.191465,0.057062,1.242814,0.699460,-0.972305,0.907470,-0.273698,-0.297452,0.023791,0.660454,0.347925,-0.609801,0.779253,-0.091063,-2.321650,0.033176,1.301012,-2.207908,-1.202495,3.561554,0.099748,-0.128006,0.056063,-0.002410,0.021270,-0.007125,0.098445,-0.027902
6.519019,-0.188582,0.054985,1.241330,0.697940,-0.971509,0.907484,-0.274395,-0.300830,0.023507,0.656976,0.350989,-0.608815,0.779267,-0.091005,-2.321773,0.033233,1.301010,-2.207883,-1.202500,3.561652,0.099719,-0.126573,0.056266,-0.002557,0.022472,-0.007332,0.097750,-0.028127
6.520098,-0.185105,0.055260,1.240162,0.699675,-0.971168,0.905967,-0.272313,-0.303756,0.023056,0.653778,0.352964,-0.608001,0.779196,-0.090955,-2.321898,0.033290,1.301010,-2.207858,-1.202506,3.561745,0.099696,-0.125668,0.056327,-0.002301,0.023336,-0.007583,0.096329,-0.026295
6.520977,-0.183915,0.053427,1.237239,0.698398,-0.972156,0.906024,-0.272422,-0.307742,0.023212,0.649413,0.354136,-0.607293,0.779059,-0.090922,-2.322023,0.033343,1.301007,-2.207844,-1.202509,3.561840,0.099660,-0.124985,0.055216,-0.002215,0.021174,-0.007363,0.096370,-0.030011
6.522138,-0.180428,0.051355,1.237941,0.697008,-0.973439,0.904958,-0.273013,-0.314343,0.024844,0.642383,0.355763,-0.606503,0.778916,-0.090921,-2.322143,0.033398,1.301008,-2.207820,-1.202513,3.561933,0.099634,-0.123377,0.055228,-0.001197,0.021846,-0.005893,0.094988,-0.029355
6.523081,-0.172645,0.053249,1.236982,0.696892,-0.974028,0.904754,-0.271803,-0.324019,0.028229,0.632200,0.357475,-0.605690,0.778767,-0.090938,-2.322266,0.033452,1.301004,-2.207796,-1.202513,3.562027,0.099609,-0.122655,0.055267,-0.002099,0.022605,-0.004029,0.094509,-0.027675
6.524007,-0.170470,0.051217,1.232706,0.696941,-0.973381,0.904497,-0.272227,-0.334317,0.032499,0.621269,0.358180,-0.605068,0.778687,-0.090972,-2.322393,0.033501,1.301002,-2.207775,-1.202515,3.562117,0.099578,-0.124237,0.053441,-0.002053,0.022140,-0.002963,0.093361,-0.029692
6.524960,-0.169178,0.051559,1.231939,0.697224,-0.973810,0.903432,-0.271544,-0.343634,0.037244,0.611189,0.358126,-0.604637,0.778752,-0.091040,-2.322515,0.033556,1.301004,-2.207755,-1.202523,3.562209,0.099551,-0.123445,0.053674,-0.000148,0.021588,-0.003323,0.092682,-0.028553
6.526137,-0.165763,0.049817,1.232865,0.695620,-0.973332,0.903466,-0.272125,-0.353689,0.043083,0.600249,0.358337,-0.604205,0.778871,-0.091131,-2.322637,0.033606,1.301004,-2.207735,-1.202525,3.562302,0.099518,-0.122621,0.052893,0.000220,0.020828,-0.002870,0.093201,-0.029812
6.527025,-0.163145,0.052273,1.235305,0.694897,-0.974068,0.904107,-0.272429,-0.364803,0.049885,0.588113,0.358961,-0.603724,0.778942,-0.091232,-2.322761,0.033660,1.301002,-2.207711,-1.202528,3.562394,0.099491,-0.122855,0.053134,-0.000226,0.021876,-0.003319,0.092605,-0.028514
6.527984,-0.162999,0.048872,1.235231,0.695374,-0.974436,0.904605,-0.271938,-0.374421,0.056620,0.577299,0.359026,-0.603349,0.778977,-0.091331,-2.322884,0.033705,1.301000,-2.207687,-1.202529,3.562485,0.099464,-0.122682,0.051341,-0.001424,0.022011,-0.002561,0.091411,-0.027808
6.529231,-0.159430,0.050652,1.233052,0.695056,-0.975529,0.906404,-0.273165,-0.381157,0.062686,0.569195,0.358392,-0.603104,0.779027,-0.091433,-2.323001,0.033759,1.300998,-2.207668,-1.202533,3.562572,0.099437,-0.121345,0.052418,-0.001355,0.021072,-0.002163,0.090392,-0.028697
6.530057,-0.159702,0.046092,1.232124,0.694360,-0.976166,0.907633,-0.273005,-0.386121,0.068228,0.562781,0.357944,-0.602844,0.779106,-0.091549,-2.323125,0.033807,1.300999,-2.207648,-1.202532,3.562656,0.099414,-0.121655,0.050930,-0.000270,0.020914,-0.001068,0.088078,-0.026113
6.530968,-0.157067,0.046001,1.230772,0.692623,-0.976585,0.907267,-0.273461,-0.390984,0.073680,0.556468,0.357992,-0.602504,0.779204,-0.091670,-2.323245,0.033863,1.301001,-2.207627,-1.202531,3.562737,0.099387,-0.120059,0.052568,0.000165,0.021120,-0.000449,0.086369,-0.026357
6.532066,-0.153305,0.046117,1.231024,0.692139,-0.977268,0.906694,-0.274040,-0.396603,0.079074,0.549405,0.357927,-0.602160,0.779282,-0.091785,-2.323364,0.033914,1.301002,-2.207603,-1.202533,3.562824,0.099362,-0.119964,0.051981,0.000835,0.022286,-0.000009,0.086226,-0.025332
6.533038,-0.152184,0.047441,1.231762,0.692587,-0.975602,0.907223,-0.274479,-0.402537,0.084288,0.542044,0.356901,-0.601923,0.779317,-0.091882,-2.323487,0.033963,1.301001,-2.207581,-1.202532,3.562911,0.099338,-0.120374,0.051334,0.000708,0.022221,0.000668,0.086279,-0.024074
6.534035,-0.149365,0.045704,1.229412,0.692079,-0.976184,0.907489,-0.274145,-0.407955,0.089391,0.535264,0.355229,-0.601743,0.779368,-0.091962,-2.323604,0.034009,1.300999,-2.207560,-1.202536,3.562995,0.099320,-0.119511,0.050113,0.000363,0.021268,-0.000988,0.085236,-0.023127
6.535070,-0.145547,0.046213,1.230152,0.691542,-0.975241,0.907282,-0.274463,-0.413144,0.094569,0.528836,0.354043,-0.601448,0.779475,-0.092048,-2.323723,0.034061,1.301003,-2.207538,-1.202534,3.563081,0.099295,-0.119506,0.050377,0.001507,0.021241,-0.000398,0.084459,-0.023711
6.536020,-0.150484,0.044618,1.231716,0.691598,-0.976357,0.908177,-0.275949,-0.418100,0.099633,0.522777,0.353623,-0.600994,0.779617,-0.092157,-2.323845,0.034110,1.301003,-2.207516,-1.202538,3.563165,0.099272,-0.119957,0.049522,0.001122,0.021274,-0.001318,0.084164,-0.022971
6.537117,-0.143586,0.043173,1.232280,0.690423,-0.976045,0.909624,-0.275602,-0.423000,0.104536,0.516871,0.353933,-0.600388,0.779735,-0.092270,-2.323954,0.034160,1.301001,-2.207497,-1.202537,3.563246,0.099257,-0.116140,0.049724,0.000358,0.020738,-0.000189,0.082771,-0.019916
6.538098,-0.136880,0.041629,1.231341,0.690349,-0.976160,0.910448,-0.275484,-0.427879,0.109062,0.511050,0.354947,-0.599639,0.779792,-0.092369,-2.324075,0.034213,1.301001,-2.207474,-1.202539,3.563325,0.099234,-0.118188,0.049814,0.000080,0.021370,-0.000500,0.080849,-0.020555
6.539167,-0.137616,0.044087,1.231467,0.690485,-0.975912,0.910522,-0.276152,-0.429578,0.111454,0.508475,0.356237,-0.598868,0.779884,-0.092467,-2.324200,0.034264,1.301003,-2.207452,-1.202541,3.563400,0.099213,-0.120048,0.049975,0.000536,0.020904,-0.000364,0.079577,-0.020701
6.540048,-0.137709,0.039553,1.232722,0.687893,-0.976883,0.910018,-0.275894,-0.426888,0.111326,0.510359,0.357820,-0.598081,0.780051,-0.092579,-2.324313,0.034309,1.301003,-2.207433,-1.202543,3.563478,0.099198,-0.118286,0.048192,0.000468,0.020328,-0.000588,0.079045,-0.019291
6.540970,-0.133797,0.041029,1.231116,0.686032,-0.975404,0.909455,-0.276189,-0.422630,0.110280,0.513837,0.359345,-0.597264,0.780143,-0.092703,-2.324428,0.034360,1.301001,-2.207406,-1.202539,3.563555,0.099178,-0.116857,0.049873,-0.000144,0.022291,0.000354,0.079093,-0.019743
6.542107,-0.132040,0.039968,1.228068,0.686384,-0.975821,0.909766,-0.275419,-0.418321,0.109054,0.517325,0.359213,-0.596612,0.780006,-0.092825,-2.324546,0.034406,1.301003,-2.207380,-1.202542,3.563632,0.099159,-0.117419,0.048555,0.000652,0.023517,-0.001125,0.079194,-0.019068
6.543020,-0.127862,0.038180,1.231607,0.687416,-0.975765,0.910899,-0.275850,-0.415028,0.108333,0.519764,0.356943,-0.596163,0.779599,-0.092941,-2.324662,0.034457,1.301009,-2.207359,-1.202540,3.563706,0.099139,-0.116893,0.048485,0.002111,0.022632,-0.000706,0.078432,-0.020548
6.544008,-0.127379,0.038805,1.232796,0.684465,-0.976373,0.912256,-0.274664,-0.412695,0.107841,0.521265,0.354318,-0.595710,0.779083,-0.093068,-2.324782,0.034508,1.301004,-2.207340,-1.202541,3.563779,0.099121,-0.117557,0.048777,0.000373,0.021144,-0.000752,0.076853,-0.019590
6.545150,-0.123974,0.038277,1.233055,0.685007,-0.976337,0.912421,-0.275071,-0.408951,0.106192,0.524187,0.352150,-0.595234,0.778680,-0.093219,-2.324894,0.034554,1.301001,-2.207312,-1.202541,3.563849,0.099096,-0.116440,0.047895,-0.000178,0.023455,-0.000138,0.075070,-0.021892
6.546128,-0.124268,0.039344,1.232422,0.683165,-0.975695,0.911674,-0.274744,-0.403077,0.103436,0.529223,0.349559,-0.594866,0.778409,-0.093381,-2.325011,0.034601,1.301002,-2.207290,-1.202541,3.563924,0.099075,-0.116750,0.047606,-0.000319,0.022364,-0.000180,0.074472,-0.020966
6.547028,-0.124890,0.033596,1.233958,0.682742,-0.976067,0.911738,-0.274852,-0.396717,0.100702,0.534761,0.346361,-0.594573,0.778151,-0.093529,-2.325123,0.034647,1.301005,-2.207265,-1.202545,3.563999,0.099055,-0.115235,0.046514,-0.000025,0.023626,-0.000789,0.074778,-0.021554
6.547988,-0.123727,0.032914,1.234588,0.680331,-0.975561,0.913553,-0.275643,-0.391602,0.098538,0.539067,0.342738,-0.594287,0.777761,-0.093637,-2.325235,0.034699,1.301003,-2.207242,-1.202543,3.564070,0.099035,-0.113584,0.048795,-0.000784,0.023483,-0.000428,0.074279,-0.021247
6.549058,-0.118223,0.033648,1.233839,0.681419,-0.975824,0.913596,-0.274922,-0.387679,0.096210,0.542135,0.338538,-0.594045,0.777199,-0.093688,-2.325347,0.034746,1.301001,-2.207213,-1.202546,3.564138,0.099021,-0.112833,0.048539,-0.001073,0.025213,-0.000911,0.072038,-0.019597
6.550033,-0.120628,0.032232,1.237033,0.681241,-0.976613,0.915178,-0.276618,-0.383733,0.093216,0.545160,0.333885,-0.593857,0.776556,-0.093691,-2.325462,0.034792,1.301001,-2.207193,-1.202548,3.564207,0.098999,-0.114227,0.047616,-0.000692,0.023624,-0.000624,0.071596,-0.020982
6.551116,-0.115062,0.029325,1.237525,0.680174,-0.976305,0.915190,-0.276070,-0.379124,0.089694,0.548810,0.329885,-0.593591,0.775961,-0.093673,-2.325569,0.034839,1.300996,-2.207172,-1.202546,3.564271,0.098988,-0.111702,0.047774,-0.002241,0.023312,0.000150,0.069617,-0.017497
6.552014,-0.119935,0.029987,1.236049,0.677289,-0.977380,0.915506,-0.276888,-0.372927,0.085094,0.554005,0.327218,-0.593202,0.775520,-0.093657,-2.325686,0.034887,1.300993,-2.207148,-1.202547,3.564338,0.098966,-0.113118,0.048663,-0.002449,0.023797,-0.000160,0.069218,-0.018549
6.552965,-0.113462,0.026657,1.236983,0.677971,-0.977525,0.916957,-0.277139,-0.365829,0.079893,0.560015,0.324689,-0.592840,0.775144,-0.093646,-2.325787,0.034933,1.300993,-2.207117,-1.202545,3.564403,0.098953,-0.109410,0.047762,-0.001701,0.025959,0.000912,0.068507,-0.016836
6.554119,-0.118537,0.024661,1.236007,0.675802,-0.976931,0.918609,-0.277110,-0.359763,0.075364,0.564892,0.321335,-0.592583,0.774710,-0.093637,-2.325903,0.034983,1.300989,-2.207096,-1.202544,3.564468,0.098939,-0.111320,0.048845,-0.002128,0.024752,0.001039,0.066657,-0.016286
6.555022,-0.118533,0.026275,1.240371,0.676142,-0.976970,0.919693,-0.278264,-0.354941,0.071382,0.568429,0.317672,-0.592360,0.774277,-0.093644,-2.326002,0.035032,1.300990,-2.207065,-1.202547,3.564527,0.098921,-0.107534,0.049240,-0.001640,0.026205,0.000460,0.064650,-0.016278
6.555974,-0.114758,0.027020,1.239472,0.673686,-0.977843,0.918029,-0.277544,-0.352261,0.068470,0.569701,0.314232,-0.592075,0.773869,-0.093681,-2.326106,0.035078,1.300982,-2.207045,-1.202547,3.564589,0.098910,-0.106312,0.047872,-0.003757,0.025353,0.000507,0.063198,-0.013903
6.557113,-0.116770,0.026090,1.240724,0.673739,-0.976526,0.918445,-0.278744,-0.351481,0.067344,0.568930,0.310701,-0.591758,0.773476,-0.093759,-2.326215,0.035122,1.300982,-2.207014,-1.202545,3.564652,0.098891,-0.106913,0.046978,-0.003274,0.027096,0.001366,0.064512,-0.015305
6.558050,-0.112230,0.027178,1.236523,0.671842,-0.976677,0.919563,-0.277647,-0.351451,0.067904,0.567289,0.306601,-0.591486,0.773061,-0.093870,-2.326314,0.035168,1.300978,-2.206990,-1.202548,3.564714,0.098883,-0.104685,0.046890,-0.003861,0.026437,0.000058,0.063706,-0.012835
6.558970,-0.110512,0.025291,1.238346,0.672334,-0.975948,0.920366,-0.278376,-0.353058,0.070493,0.563948,0.302081,-0.591209,0.772565,-0.093993,-2.326423,0.035211,1.300981,-2.206960,-1.202548,3.564773,0.098863,-0.105686,0.045819,-0.001771,0.027639,0.000225,0.062227,-0.014996
6.560012,-0.108788,0.024831,1.237513,0.672019,-0.976033,0.921056,-0.278293,-0.356083,0.074764,0.559177,0.297604,-0.590859,0.772032,-0.094125,-2.326524,0.035258,1.300975,-2.206937,-1.202551,3.564830,0.098854,-0.105322,0.046214,-0.002649,0.026562,-0.000481,0.061080,-0.013464
6.561158,-0.105667,0.022905,1.237565,0.670913,-0.976692,0.921452,-0.279352,-0.358863,0.079380,0.554669,0.294076,-0.590357,0.771580,-0.094260,-2.326628,0.035306,1.300973,-2.206911,-1.202548,3.564889,0.098841,-0.104935,0.045866,-0.002187,0.026263,-0.000418,0.060040,-0.013593
6.562010,-0.108508,0.020257,1.235575,0.670403,-0.975373,0.922754,-0.279599,-0.360301,0.083363,0.551543,0.291917,-0.589697,0.771271,-0.094379,-2.326734,0.035354,1.300970,-2.206883,-1.202547,3.564946,0.098833,-0.105221,0.046262,-0.002181,0.026704,0.000232,0.059306,-0.011422
6.563280,-0.106304,0.018796,1.235032,0.668840,-0.975944,0.922859,-0.279425,-0.361063,0.086650,0.549143,0.290817,-0.588928,0.771062,-0.094461,-2.326832,0.035403,1.300970,-2.206857,-1.202548,3.565000,0.098821,-0.102600,0.046994,-0.001186,0.026579,-0.001093,0.057667,-0.010897
6.563983,-0.104253,0.016016,1.233474,0.668683,-0.975409,0.923434,-0.279904,-0.363066,0.089818,0.545556,0.290502,-0.588050,0.770850,-0.094498,-2.326934,0.035452,1.300970,-2.206829,-1.202548,3.565058,0.098811,-0.102507,0.047139,-0.000917,0.027477,-0.000504,0.057229,-0.011210
6.565016,-0.101775,0.015852,1.234945,0.667640,-0.974603,0.924499,-0.279183,-0.366355,0.092779,0.540728,0.290614,-0.587105,0.770582,-0.094492,-2.327036,0.035500,1.300970,-2.206802,-1.202548,3.565111,0.098802,-0.102307,0.047952,-0.000128,0.026991,-0.001051,0.056334,-0.010207
6.565981,-0.100199,0.011682,1.231493,0.666678,-0.976215,0.925010,-0.279892,-0.369190,0.094773,0.536387,0.291143,-0.586125,0.770313,-0.094447,-2.327138,0.035547,1.300967,-2.206774,-1.202550,3.565162,0.098791,-0.102318,0.047463,-0.000844,0.027357,-0.001835,0.054955,-0.011628
6.567061,-0.098832,0.012362,1.236881,0.666913,-0.976658,0.926018,-0.280628,-0.370631,0.095471,0.533455,0.291967,-0.585142,0.770095,-0.094369,-2.327239,0.035599,1.300972,-2.206745,-1.202548,3.565212,0.098787,-0.101891,0.048946,0.000845,0.027632,-0.000215,0.054151,-0.010165
6.568061,-0.094534,0.010079,1.233767,0.664695,-0.976985,0.925734,-0.280938,-0.370056,0.094617,0.532539,0.293040,-0.584199,0.769980,-0.094260,-2.327339,0.035643,1.300964,-2.206720,-1.202546,3.565261,0.098780,-0.101372,0.048044,-0.001803,0.026788,0.000193,0.052844,-0.008665
6.568991,-0.093944,0.008101,1.237591,0.664608,-0.976357,0.926490,-0.281207,-0.366214,0.091955,0.534888,0.294216,-0.583363,0.770031,-0.094131,-2.327445,0.035695,1.300968,-2.206688,-1.202548,3.565316,0.098772,-0.102266,0.048579,-0.000244,0.028249,0.000534,0.052813,-0.008020
6.569961,-0.096029,0.006825,1.236682,0.664501,-0.977054,0.927389,-0.280962,-0.358454,0.087401,0.541157,0.294992,-0.582720,0.770232,-0.094003,-2.327546,0.035744,1.300963,-2.206661,-1.202553,3.565362,0.098766,-0.101333,0.048981,-0.002137,0.027666,-0.000054,0.051765,-0.007459
6.571079,-0.095208,0.004896,1.231716,0.661639,-0.977234,0.928769,-0.281396,-0.348136,0.081453,0.550023,0.295896,-0.582163,0.770552,-0.093898,-2.327640,0.035794,1.300965,-2.206634,-1.202548,3.565411,0.098758,-0.099154,0.049018,-0.001675,0.027136,0.000610,0.050574,-0.007929
6.571979,-0.092143,0.000773,1.236233,0.659836,-0.976982,0.929172,-0.281369,-0.339300,0.076085,0.557483,0.297076,-0.581572,0.770844,-0.093815,-2.327737,0.035844,1.300971,-2.206601,-1.202550,3.565459,0.098753,-0.098403,0.049378,0.000754,0.029231,0.000802,0.048898,-0.007028
6.572962,-0.092203,0.002289,1.231676,0.660485,-0.976945,0.930393,-0.281377,-0.333104,0.071862,0.562324,0.297129,-0.581104,0.770980,-0.093728,-2.327838,0.035897,1.300963,-2.206570,-1.202551,3.565507,0.098744,-0.098745,0.050819,-0.001459,0.030274,0.000563,0.048217,-0.007055
6.574002,-0.094341,-0.000227,1.234456,0.661970,-0.976030,0.931848,-0.281697,-0.327726,0.067879,0.566313,0.295908,-0.580824,0.771013,-0.093620,-2.327933,0.035945,1.300968,-2.206543,-1.202551,3.565552,0.098738,-0.097558,0.049453,0.000804,0.028943,0.000523,0.046719,-0.007013
6.575001,-0.089484,0.001761,1.232663,0.659120,-0.975858,0.932020,-0.282136,-0.324686,0.064917,0.567994,0.295763,-0.580393,0.771009,-0.093483,-2.328025,0.035998,1.300966,-2.206519,-1.202552,3.565593,0.098733,-0.095369,0.050101,-0.000598,0.026879,-0.000392,0.045019,-0.006345
6.575995,-0.088581,-0.000991,1.232338,0.657780,-0.974792,0.932661,-0.282112,-0.324662,0.063524,0.566720,0.297841,-0.579645,0.771006,-0.093308,-2.328124,0.036042,1.300968,-2.206486,-1.202553,3.565637,0.098730,-0.096648,0.048551,0.000296,0.028973,-0.000549,0.044593,-0.005456
6.577019,-0.086679,-0.000385,1.235616,0.656439,-0.975185,0.933576,-0.281963,-0.325801,0.063318,0.564258,0.300402,-0.578822,0.770958,-0.093086,-2.328218,0.036092,1.300969,-2.206454,-1.202553,3.565679,0.098725,-0.095953,0.049351,0.000447,0.029538,-0.001616,0.043694,-0.005492
6.578005,-0.083803,-0.002740,1.234133,0.655987,-0.975926,0.934411,-0.282591,-0.326270,0.063584,0.562358,0.302061,-0.578126,0.770835,-0.092831,-2.328314,0.036138,1.300964,-2.206422,-1.202553,3.565722,0.098718,-0.095759,0.048479,-0.001160,0.030121,-0.001216,0.042523,-0.005765
6.579068,-0.084016,-0.005130,1.234925,0.655376,-0.975546,0.935528,-0.282386,-0.324327,0.063308,0.562750,0.302862,-0.577604,0.770713,-0.092562,-2.328411,0.036188,1.300966,-2.206391,-1.202552,3.565761,0.098716,-0.096032,0.049072,-0.000420,0.029815,-0.000480,0.041454,-0.004486
6.579984,-0.081033,-0.006089,1.234753,0.654619,-0.976169,0.937097,-0.282727,-0.319852,0.061935,0.565604,0.303475,-0.577202,0.770648,-0.092289,-2.328504,0.036240,1.300965,-2.206361,-1.202555,3.565796,0.098711,-0.094799,0.049646,-0.000809,0.029717,-0.000839,0.040125,-0.004890
6.581009,-0.078420,-0.007672,1.233602,0.654011,-0.976303,0.936783,-0.281892,-0.313554,0.059323,0.570278,0.304524,-0.576831,0.770670,-0.092029,-2.328597,0.036289,1.300965,-2.206330,-1.202552,3.565831,0.098707,-0.095183,0.049534,-0.000712,0.029730,-0.000232,0.038337,-0.004181
6.581996,-0.079757,-0.008851,1.230816,0.651279,-0.976937,0.937747,-0.282198,-0.305640,0.055534,0.576616,0.306082,-0.576452,0.770803,-0.091809,-2.328693,0.036339,1.300966,-2.206301,-1.202555,3.565869,0.098698,-0.095346,0.049727,-0.000156,0.029627,-0.000072,0.038446,-0.005842
6.583146,-0.074136,-0.008395,1.231146,0.651942,-0.975129,0.938591,-0.282267,-0.297898,0.051557,0.582862,0.307487,-0.576080,0.770931,-0.091648,-2.328783,0.036389,1.300969,-2.206264,-1.202554,3.565904,0.098695,-0.093576,0.049718,0.001220,0.031485,0.000553,0.037256,-0.005192
6.584152,-0.073271,-0.008914,1.232983,0.650358,-0.975753,0.938902,-0.281599,-0.292132,0.048508,0.587238,0.308229,-0.575715,0.770953,-0.091552,-2.328880,0.036434,1.300968,-2.206237,-1.202558,3.565938,0.098691,-0.095255,0.048932,0.001046,0.030152,-0.001244,0.036209,-0.005043
6.585024,-0.071094,-0.013190,1.235558,0.647991,-0.976216,0.938734,-0.282328,-0.286868,0.045913,0.591239,0.308759,-0.575315,0.770979,-0.091535,-2.328973,0.036484,1.300966,-2.206205,-1.202554,3.565974,0.098681,-0.094541,0.048604,0.000147,0.030987,-0.000636,0.035686,-0.006357
6.586100,-0.070205,-0.012660,1.232870,0.648047,-0.975104,0.939318,-0.281847,-0.279419,0.042321,0.597505,0.308661,-0.575019,0.771088,-0.091592,-2.329067,0.036538,1.300964,-2.206169,-1.202554,3.566010,0.098679,-0.094509,0.050114,-0.001117,0.032505,-0.000174,0.035644,-0.004860
6.587076,-0.067989,-0.014030,1.232213,0.647517,-0.974248,0.938849,-0.281622,-0.269450,0.037152,0.606360,0.307456,-0.574926,0.771217,-0.091693,-2.329161,0.036586,1.300968,-2.206139,-1.202558,3.566042,0.098672,-0.093818,0.049241,0.000204,0.031704,-0.001262,0.034860,-0.005821
6.587998,-0.064397,-0.016460,1.231800,0.647918,-0.973622,0.938921,-0.281360,-0.259469,0.031492,0.615398,0.306250,-0.574823,0.771277,-0.091811,-2.329256,0.036634,1.300970,-2.206105,-1.202558,3.566078,0.098668,-0.093793,0.049364,0.000495,0.031419,-0.002107,0.035128,-0.006246
6.589078,-0.066052,-0.016025,1.233741,0.646937,-0.973906,0.940039,-0.280934,-0.250492,0.025675,0.623654,0.306387,-0.574497,0.771261,-0.091933,-2.329350,0.036686,1.300969,-2.206076,-1.202559,3.566108,0.098660,-0.094470,0.049956,0.000713,0.030319,-0.002728,0.034868,-0.006740
6.590063,-0.065736,-0.018053,1.231550,0.643898,-0.974457,0.940342,-0.282251,-0.241900,0.019344,0.631690,0.308417,-0.573902,0.771219,-0.092037,-2.329440,0.036732,1.300965,-2.206044,-1.202557,3.566137,0.098654,-0.092538,0.049181,-0.000225,0.030540,-0.002457,0.033564,-0.007571
6.591030,-0.064093,-0.018603,1.231188,0.643628,-0.975883,0.941836,-0.282599,-0.234932,0.013591,0.638181,0.311201,-0.573172,0.771069,-0.092074,-2.329530,0.036782,1.300966,-2.206006,-1.202558,3.566166,0.098654,-0.091622,0.049607,0.000877,0.032687,-0.001890,0.033099,-0.004903
6.592100,-0.063571,-0.019539,1.232956,0.642053,-0.976379,0.944457,-0.281455,-0.230904,0.009455,0.641751,0.313140,-0.572503,0.770705,-0.092008,-2.329620,0.036832,1.300968,-2.205973,-1.202557,3.566193,0.098650,-0.091376,0.049267,0.001030,0.032136,-0.000464,0.031431,-0.004211
6.592988,-0.064061,-0.019758,1.237221,0.641032,-0.976404,0.945914,-0.281487,-0.229003,0.006674,0.643173,0.314069,-0.571967,0.770226,-0.091852,-2.329708,0.036877,1.300968,-2.205938,-1.202555,3.566217,0.098640,-0.090571,0.049195,0.000136,0.032891,0.000000,0.028654,-0.006490
6.594136,-0.058844,-0.019362,1.233621,0.639149,-0.975885,0.945871,-0.281991,-0.227118,0.004436,0.644486,0.314181,-0.571597,0.769828,-0.091634,-2.329793,0.036926,1.300962,-2.205906,-1.202556,3.566244,0.098636,-0.089304,0.048723,-0.001940,0.033125,0.000036,0.027048,-0.006385
6.595068,-0.061966,-0.023015,1.237318,0.637548,-0.976705,0.946542,-0.280817,-0.223885,0.002438,0.647000,0.313261,-0.571431,0.769587,-0.091353,-2.329885,0.036973,1.300966,-2.205869,-1.202559,3.566274,0.098636,-0.090839,0.047958,-0.000148,0.034134,-0.000465,0.026925,-0.005366
6.595975,-0.061400,-0.022703,1.237453,0.636736,-0.975048,0.947530,-0.281889,-0.219395,0.000753,0.650603,0.311019,-0.571483,0.769438,-0.091016,-2.329967,0.037025,1.300960,-2.205834,-1.202556,3.566298,0.098625,-0.088250,0.049172,-0.001964,0.034888,0.000347,0.026104,-0.007704
6.597084,-0.060378,-0.025718,1.237038,0.634684,-0.975465,0.948161,-0.282213,-0.214403,-0.000630,0.654542,0.307731,-0.571692,0.769324,-0.090647,-2.330055,0.037073,1.300959,-2.205800,-1.202560,3.566321,0.098622,-0.087502,0.048430,-0.001993,0.034893,-0.001295,0.024976,-0.005503
6.598015,-0.058106,-0.027092,1.234646,0.633341,-0.975944,0.948565,-0.282052,-0.209650,-0.001562,0.658134,0.303926,-0.571957,0.769227,-0.090256,-2.330140,0.037125,1.300957,-2.205764,-1.202559,3.566344,0.098616,-0.086993,0.049330,-0.001758,0.036072,-0.000873,0.024209,-0.004847
6.598991,-0.059442,-0.024186,1.236945,0.633646,-0.975951,0.949349,-0.281536,-0.205478,-0.002060,0.661064,0.299567,-0.572264,0.769095,-0.089866,-2.330226,0.037175,1.300960,-2.205724,-1.202557,3.566366,0.098612,-0.087098,0.049406,-0.000590,0.036471,-0.000409,0.023672,-0.005163
6.600067,-0.059111,-0.030427,1.241342,0.630895,-0.977312,0.949456,-0.282044,-0.202580,-0.001588,0.662618,0.295139,-0.572536,0.768906,-0.089513,-2.330307,0.037220,1.300955,-2.205693,-1.202557,3.566386,0.098603,-0.085438,0.047388,-0.001700,0.035384,-0.000406,0.022769,-0.006166
6.600992,-0.058042,-0.030153,1.237961,0.629301,-0.976965,0.949450,-0.281548,-0.200085,-0.000383,0.663621,0.291138,-0.572752,0.768729,-0.089218,-2.330390,0.037274,1.300946,-2.205652,-1.202553,3.566409,0.098599,-0.084615,0.049902,-0.003809,0.037194,0.000920,0.022527,-0.005111
6.601974,-0.056945,-0.032658,1.238201,0.630396,-0.975167,0.949492,-0.281514,-0.196160,0.000211,0.665902,0.286797,-0.573086,0.768586,-0.088994,-2.330471,0.037321,1.300947,-2.205613,-1.202555,3.566432,0.098593,-0.084187,0.049177,-0.002091,0.037845,0.000579,0.022397,-0.006100
6.603098,-0.056473,-0.030511,1.241222,0.629813,-0.977542,0.950378,-0.281566,-0.191738,0.000325,0.668635,0.282481,-0.573458,0.768438,-0.088844,-2.330552,0.037371,1.300945,-2.205582,-1.202560,3.566455,0.098585,-0.083760,0.049843,-0.002199,0.035984,-0.001181,0.022216,-0.006127
6.604013,-0.056977,-0.033462,1.238357,0.628617,-0.976445,0.950700,-0.281084,-0.187485,0.000393,0.671260,0.279832,-0.573611,0.768354,-0.088765,-2.330632,0.037417,1.300940,-2.205546,-1.202554,3.566476,0.098579,-0.083036,0.048195,-0.003667,0.035708,0.001177,0.021194,-0.005999
6.605000,-0.054169,-0.033807,1.237709,0.628486,-0.976687,0.951493,-0.280797,-0.183507,0.000780,0.673696,0.279043,-0.573513,0.768352,-0.088730,-2.330711,0.037467,1.300942,-2.205507,-1.202557,3.566495,0.098571,-0.081837,0.049096,-0.002227,0.035985,0.000076,0.020763,-0.006940
6.605984,-0.053898,-0.032788,1.237559,0.627015,-0.976244,0.952638,-0.281058,-0.180948,0.001982,0.674830,0.279614,-0.573198,0.768336,-0.088714,-2.330793,0.037515,1.300940,-2.205475,-1.202557,3.566512,0.098562,-0.082271,0.048680,-0.001887,0.035316,0.000331,0.019868,-0.007475
6.607127,-0.054298,-0.036467,1.238243,0.626472,-0.976992,0.951503,-0.281223,-0.180012,0.004171,0.674489,0.281165,-0.572690,0.768279,-0.088690,-2.330873,0.037559,1.300938,-2.205436,-1.202557,3.566525,0.098560,-0.081432,0.047634,-0.001802,0.035871,-0.000126,0.018641,-0.006932
6.608011,-0.052518,-0.040301,1.235842,0.625231,-0.976705,0.952560,-0.281617,-0.180348,0.007306,0.673007,0.283085,-0.572064,0.768161,-0.088634,-2.330949,0.037608,1.300935,-2.205400,-1.202556,3.566546,0.098552,-0.080315,0.048902,-0.002111,0.035553,0.000627,0.019672,-0.006576
6.609011,-0.051649,-0.038925,1.236057,0.624194,-0.976586,0.953508,-0.281106,-0.181354,0.010355,0.670934,0.285094,-0.571394,0.767950,-0.088544,-2.331028,0.037661,1.300938,-2.205363,-1.202557,3.566558,0.098548,-0.080270,0.050188,-0.000930,0.035908,0.000336,0.018519,-0.005766
6.610090,-0.053025,-0.038213,1.235353,0.623497,-0.977440,0.956047,-0.282368,-0.182622,0.012747,0.668627,0.286948,-0.570733,0.767641,-0.088425,-2.331107,0.037709,1.300936,-2.205326,-1.202557,3.566572,0.098540,-0.079754,0.048902,-0.001029,0.036046,0.000227,0.017490,-0.006773
6.611059,-0.052785,-0.041918,1.236372,0.620942,-0.976836,0.956692,-0.281421,-0.185123,0.015673,0.665081,0.288366,-0.570076,0.767243,-0.088280,-2.331183,0.037755,1.300936,-2.205289,-1.202555,3.566581,0.098537,-0.078144,0.047996,-0.000666,0.035869,0.001068,0.014883,-0.004203
6.611978,-0.054641,-0.043687,1.231899,0.621342,-0.976606,0.957814,-0.281387,-0.189488,0.019797,0.659633,0.288933,-0.569461,0.766769,-0.088113,-2.331259,0.037807,1.300933,-2.205249,-1.202556,3.566594,0.098525,-0.077360,0.049249,-0.001147,0.037481,0.000458,0.014179,-0.006094
6.613104,-0.052175,-0.046360,1.232695,0.619320,-0.977154,0.958195,-0.280935,-0.196096,0.024722,0.651909,0.288602,-0.568900,0.766207,-0.087943,-2.331330,0.037857,1.300939,-2.205215,-1.202557,3.566605,0.098521,-0.075562,0.049514,0.001038,0.036217,0.000238,0.012986,-0.006126
6.614034,-0.047761,-0.045101,1.235056,0.618035,-0.975460,0.959324,-0.280949,-0.205451,0.030112,0.641454,0.287994,-0.568321,0.765548,-0.087788,-2.331407,0.037910,1.300940,-2.205176,-1.202555,3.566616,0.098515,-0.075895,0.050222,0.000610,0.037336,0.000779,0.012543,-0.007016
6.615044,-0.049036,-0.049598,1.234548,0.618624,-0.976738,0.958323,-0.280894,-0.214439,0.034686,0.631378,0.286822,-0.567833,0.764903,-0.087662,-2.331488,0.037958,1.300936,-2.205139,-1.202559,3.566627,0.098509,-0.077143,0.049002,-0.000533,0.037722,-0.000898,0.011339,-0.006952
6.616016,-0.045862,-0.050204,1.233231,0.617905,-0.976156,0.957328,-0.280792,-0.219689,0.037051,0.625051,0.285179,-0.567492,0.764396,-0.087573,-2.331562,0.038011,1.300937,-2.205106,-1.202557,3.566643,0.098502,-0.075591,0.050644,-0.000282,0.036322,0.000386,0.012269,-0.007037
6.617044,-0.047060,-0.052200,1.233129,0.616683,-0.975721,0.958258,-0.280819,-0.221757,0.037057,0.621980,0.284337,-0.567136,0.763997,-0.087522,-2.331638,0.038060,1.300937,-2.205069,-1.202557,3.566657,0.098496,-0.076286,0.050335,0.000379,0.036173,-0.000215,0.013179,-0.007219
6.618025,-0.047190,-0.053549,1.234301,0.615381,-0.975186,0.957660,-0.280482,-0.222281,0.035462,0.620555,0.284668,-0.566691,0.763606,-0.087503,-2.331711,0.038111,1.300937,-2.205030,-1.202557,3.566663,0.098488,-0.074786,0.050727,0.000426,0.036470,-0.000641,0.012191,-0.007129
6.619160,-0.046974,-0.054561,1.233737,0.612680,-0.975104,0.958179,-0.280674,-0.222435,0.033209,0.619569,0.285656,-0.566191,0.763164,-0.087514,-2.331782,0.038160,1.300936,-2.204991,-1.202559,3.566677,0.098482,-0.073873,0.050808,-0.000147,0.036836,-0.001161,0.012722,-0.007787
6.620035,-0.045654,-0.056515,1.232777,0.612514,-0.976050,0.958681,-0.281324,-0.222749,0.030975,0.618439,0.286306,-0.565741,0.762619,-0.087534,-2.331853,0.038210,1.300937,-2.204950,-1.202560,3.566688,0.098476,-0.073135,0.050719,0.000124,0.038557,-0.001223,0.012125,-0.007366
6.621033,-0.046113,-0.057753,1.233468,0.611776,-0.975834,0.959888,-0.280610,-0.223389,0.029188,0.616964,0.285912,-0.565419,0.761946,-0.087533,-2.331925,0.038262,1.300938,-2.204913,-1.202561,3.566701,0.098474,-0.072931,0.051067,0.000600,0.037819,-0.000259,0.011549,-0.006050
6.622013,-0.046339,-0.059205,1.233352,0.608935,-0.976646,0.960269,-0.281566,-0.224398,0.027819,0.615107,0.285198,-0.565140,0.761211,-0.087513,-2.331996,0.038314,1.300936,-2.204876,-1.202561,3.566709,0.098464,-0.071850,0.051069,0.000265,0.037675,-0.000491,0.010285,-0.007465
6.623014,-0.045213,-0.059420,1.235334,0.608631,-0.976686,0.959363,-0.280546,-0.225814,0.026923,0.612820,0.284398,-0.564884,0.760462,-0.087488,-2.332066,0.038365,1.300934,-2.204834,-1.202559,3.566722,0.098460,-0.070893,0.051182,0.000353,0.039512,0.000316,0.009837,-0.005504
6.624052,-0.047499,-0.059176,1.232239,0.609046,-0.976645,0.958214,-0.281233,-0.227235,0.026586,0.610477,0.282847,-0.564742,0.759699,-0.087455,-2.332138,0.038414,1.300932,-2.204795,-1.202559,3.566732,0.098450,-0.070604,0.050696,-0.000619,0.038865,0.000346,0.010692,-0.007544
6.625014,-0.047160,-0.059044,1.235212,0.607089,-0.976357,0.957483,-0.281431,-0.229414,0.027319,0.607355,0.281411,-0.564576,0.758910,-0.087414,-2.332203,0.038462,1.300935,-2.204760,-1.202560,3.566743,0.098448,-0.068655,0.049992,0.000913,0.037606,0.000311,0.011778,-0.006128
6.625970,-0.048158,-0.060023,1.236097,0.606091,-0.976799,0.958633,-0.281531,-0.234122,0.030110,0.601702,0.281125,-0.564194,0.758048,-0.087365,-2.332271,0.038511,1.300931,-2.204718,-1.202559,3.566759,0.098444,-0.068031,0.049345,-0.000559,0.038577,0.000013,0.012412,-0.005725
6.626959,-0.041779,-0.063270,1.236500,0.603870,-0.975239,0.959470,-0.282020,-0.240524,0.034692,0.594312,0.281455,-0.563676,0.757128,-0.087316,-2.332336,0.038559,1.300929,-2.204680,-1.202561,3.566764,0.098439,-0.066739,0.049256,-0.000966,0.038649,0.000478,0.011209,-0.005507
6.628002,-0.045823,-0.062129,1.237038,0.604592,-0.976765,0.959088,-0.280771,-0.245285,0.039158,0.588512,0.281548,-0.563215,0.756282,-0.087292,-2.332410,0.038613,1.300927,-2.204640,-1.202564,3.566773,0.098436,-0.069075,0.050240,-0.001144,0.039918,-0.001068,0.010322,-0.004508
6.629108,-0.041625,-0.066361,1.236048,0.602380,-0.977047,0.959197,-0.281397,-0.246579,0.042225,0.586169,0.281410,-0.562860,0.755608,-0.087314,-2.332470,0.038661,1.300924,-2.204604,-1.202560,3.566784,0.098423,-0.066287,0.049074,-0.001366,0.038310,0.000444,0.010651,-0.006991
6.630011,-0.044162,-0.067978,1.234573,0.603067,-0.978299,0.959791,-0.280810,-0.245475,0.044178,0.586265,0.281535,-0.562540,0.755066,-0.087383,-2.332539,0.038714,1.300925,-2.204562,-1.202559,3.566795,0.098420,-0.067595,0.050582,-0.000877,0.039551,0.000713,0.010474,-0.005687
6.631023,-0.046418,-0.069473,1.238761,0.599620,-0.976947,0.960877,-0.281588,-0.243166,0.045099,0.587632,0.282208,-0.562218,0.754590,-0.087481,-2.332599,0.038764,1.300927,-2.204528,-1.202557,3.566802,0.098412,-0.065575,0.050774,-0.000160,0.038003,0.001948,0.009829,-0.006856
6.632002,-0.041199,-0.065732,1.239015,0.599576,-0.978432,0.961338,-0.280600,-0.240736,0.045323,0.589155,0.283272,-0.561893,0.754123,-0.087583,-2.332659,0.038816,1.300919,-2.204482,-1.202560,3.566813,0.098411,-0.063728,0.050902,-0.002191,0.040390,0.000601,0.008676,-0.005269
6.633046,-0.041327,-0.069221,1.235559,0.597515,-0.976479,0.962128,-0.281118,-0.237702,0.045425,0.591310,0.283737,-0.561667,0.753662,-0.087677,-2.332726,0.038860,1.300918,-2.204445,-1.202557,3.566822,0.098402,-0.065568,0.048472,-0.002284,0.039520,0.002082,0.008163,-0.007242
6.633993,-0.043264,-0.073962,1.235641,0.597630,-0.976389,0.962928,-0.281584,-0.233306,0.045722,0.594909,0.283108,-0.561582,0.753238,-0.087757,-2.332790,0.038912,1.300921,-2.204403,-1.202560,3.566828,0.098398,-0.064715,0.049630,-0.000579,0.040589,0.000126,0.007336,-0.006160
6.635066,-0.041072,-0.074559,1.234070,0.597634,-0.977998,0.962860,-0.281488,-0.229195,0.046156,0.598323,0.282176,-0.561498,0.752816,-0.087811,-2.332849,0.038967,1.300921,-2.204366,-1.202559,3.566833,0.098394,-0.063031,0.051353,-0.000637,0.039566,0.000048,0.006504,-0.005212
6.636033,-0.040028,-0.075930,1.236903,0.597701,-0.977069,0.961708,-0.282361,-0.226417,0.046052,0.600519,0.282239,-0.561267,0.752408,-0.087833,-2.332913,0.039016,1.300923,-2.204328,-1.202556,3.566842,0.098387,-0.063379,0.051045,0.000137,0.038650,0.001645,0.006526,-0.005390
6.637041,-0.037475,-0.076751,1.234979,0.594972,-0.976612,0.963038,-0.282336,-0.223893,0.044775,0.602600,0.284185,-0.560836,0.752083,-0.087832,-2.332977,0.039066,1.300918,-2.204291,-1.202557,3.566852,0.098386,-0.063126,0.051134,-0.001246,0.037689,0.000695,0.007631,-0.003617
6.638029,-0.037960,-0.081819,1.232683,0.594712,-0.977453,0.961266,-0.282086,-0.220007,0.042017,0.606159,0.287421,-0.560308,0.751859,-0.087809,-2.333041,0.039116,1.300922,-2.204248,-1.202560,3.566856,0.098378,-0.063644,0.050935,-0.000304,0.039410,0.000275,0.006252,-0.003657
6.639038,-0.034183,-0.080056,1.234872,0.593215,-0.977513,0.960914,-0.281798,-0.215017,0.037992,0.610883,0.290708,-0.559835,0.751645,-0.087779,-2.333101,0.039171,1.300926,-2.204210,-1.202557,3.566868,0.098374,-0.062665,0.052832,0.000800,0.038733,0.001100,0.007986,-0.004145
6.640044,-0.033521,-0.077084,1.234548,0.592010,-0.976899,0.961465,-0.282650,-0.209366,0.032829,0.616282,0.293585,-0.559485,0.751367,-0.087760,-2.333167,0.039217,1.300925,-2.204170,-1.202558,3.566877,0.098368,-0.063785,0.051361,-0.000304,0.039295,0.001159,0.008269,-0.004696
6.641090,-0.033018,-0.078837,1.232459,0.590020,-0.976503,0.961714,-0.282906,-0.202588,0.027305,0.622805,0.295683,-0.559299,0.751036,-0.087745,-2.333231,0.039263,1.300924,-2.204128,-1.202558,3.566882,0.098367,-0.063334,0.049320,-0.000128,0.039490,0.000544,0.007680,-0.002967
6.641997,-0.035589,-0.082177,1.236005,0.588798,-0.975487,0.962001,-0.281570,-0.196093,0.023137,0.629039,0.296517,-0.559267,0.750616,-0.087716,-2.333293,0.039314,1.300928,-2.204088,-1.202561,3.566887,0.098364,-0.062840,0.049612,0.000886,0.040524,0.000180,0.007403,-0.002454
6.643019,-0.032576,-0.082878,1.233727,0.587702,-0.977288,0.962177,-0.281803,-0.191153,0.020501,0.633687,0.296127,-0.559327,0.750077,-0.087689,-2.333349,0.039366,1.300925,-2.204047,-1.202565,3.566898,0.098355,-0.060868,0.050660,-0.000878,0.040754,-0.000802,0.007046,-0.005121
6.644092,-0.036335,-0.080767,1.228971,0.587176,-0.976509,0.961882,-0.281384,-0.187070,0.018200,0.637473,0.294960,-0.559427,0.749477,-0.087683,-2.333413,0.039419,1.300927,-2.204005,-1.202564,3.566906,0.098351,-0.061627,0.050367,0.000267,0.040849,0.001015,0.006824,-0.004610
6.645084,-0.031806,-0.088097,1.232842,0.585792,-0.976985,0.961151,-0.281891,-0.185983,0.017280,0.638357,0.293684,-0.559431,0.748765,-0.087684,-2.333467,0.039465,1.300932,-2.203965,-1.202566,3.566915,0.098343,-0.059070,0.048744,0.002588,0.040409,0.000229,0.007068,-0.005430
6.646018,-0.033027,-0.088043,1.232615,0.584135,-0.976180,0.960826,-0.282077,-0.189192,0.018214,0.635084,0.292917,-0.559240,0.747896,-0.087669,-2.333530,0.039524,1.300928,-2.203924,-1.202564,3.566922,0.098340,-0.060611,0.051749,0.000656,0.040797,0.000703,0.007766,-0.004383
6.647065,-0.031413,-0.086658,1.232491,0.582171,-0.976179,0.960015,-0.281745,-0.192508,0.018194,0.631789,0.292614,-0.558979,0.747013,-0.087626,-2.333587,0.039572,1.300928,-2.203880,-1.202565,3.566929,0.098338,-0.059293,0.051110,0.000790,0.041404,-0.000107,0.008041,-0.004008
6.648111,-0.032028,-0.089109,1.233991,0.580445,-0.974855,0.960556,-0.281937,-0.194353,0.016843,0.630012,0.292021,-0.558775,0.746136,-0.087550,-2.333647,0.039619,1.300928,-2.203838,-1.202564,3.566940,0.098331,-0.059400,0.049847,0.000851,0.042361,-0.000115,0.008792,-0.004658
6.649007,-0.030581,-0.090548,1.235744,0.582918,-0.976320,0.961477,-0.281144,-0.195750,0.015564,0.628726,0.290481,-0.558666,0.745195,-0.087450,-2.333702,0.039672,1.300927,-2.203793,-1.202568,3.566946,0.098330,-0.058414,0.050454,0.000115,0.043003,-0.001414,0.008201,-0.004256
6.650048,-0.031264,-0.096783,1.236357,0.578928,-0.976238,0.962433,-0.281589,-0.195723,0.013661,0.628948,0.289244,-0.558528,0.744324,-0.087353,-2.333761,0.039724,1.300925,-2.203760,-1.202565,3.566952,0.098321,-0.058445,0.050547,-0.000742,0.039716,0.000048,0.007244,-0.005827
6.651057,-0.031536,-0.094864,1.235317,0.579427,-0.975788,0.962086,-0.281488,-0.192857,0.009605,0.632123,0.289767,-0.558254,0.743680,-0.087288,-2.333815,0.039781,1.300923,-2.203712,-1.202563,3.566958,0.098320,-0.057445,0.053001,-0.001017,0.042598,-0.000066,0.006248,-0.004909
6.651985,-0.030843,-0.096375,1.239194,0.577424,-0.976733,0.962540,-0.281473,-0.187698,0.003465,0.637653,0.291414,-0.557926,0.743208,-0.087254,-2.333868,0.039829,1.300925,-2.203672,-1.202566,3.566964,0.098316,-0.056668,0.051423,-0.000515,0.041107,-0.000483,0.006573,-0.005106
6.653152,-0.035720,-0.096436,1.239217,0.576298,-0.976393,0.961947,-0.281637,-0.181588,-0.003345,0.644138,0.293581,-0.557558,0.742824,-0.087263,-2.333923,0.039883,1.300919,-2.203628,-1.202565,3.566971,0.098312,-0.056364,0.051552,-0.002405,0.042081,0.000460,0.006069,-0.005118
6.654035,-0.033315,-0.098417,1.236250,0.571938,-0.976378,0.961657,-0.281230,-0.175337,-0.009673,0.650700,0.295859,-0.557157,0.742485,-0.087326,-2.333969,0.039934,1.300919,-2.203587,-1.202565,3.566978,0.098308,-0.053352,0.050964,-0.002393,0.042211,0.000110,0.006628,-0.004772
6.654983,-0.033876,-0.096500,1.238572,0.574417,-0.975720,0.962044,-0.282880,-0.171108,-0.014051,0.655106,0.296813,-0.556837,0.742016,-0.087422,-2.334024,0.039987,1.300920,-2.203536,-1.202566,3.566987,0.098299,-0.053920,0.051319,-0.000918,0.045379,0.000106,0.006865,-0.005561
6.656091,-0.036857,-0.095821,1.241650,0.574132,-0.976855,0.961787,-0.282292,-0.169770,-0.015786,0.656476,0.296103,-0.556601,0.741354,-0.087515,-2.334075,0.040036,1.300916,-2.203502,-1.202565,3.566994,0.098305,-0.053018,0.049761,-0.002055,0.042026,-0.000565,0.006430,-0.002242
6.657070,-0.035958,-0.102622,1.241069,0.571928,-0.976693,0.961272,-0.282687,-0.172119,-0.013185,0.653879,0.297566,-0.555502,0.740054,-0.087683,-2.334171,0.040140,1.300908,-2.203419,-1.202563,3.567004,0.098295,-0.050827,0.051610,-0.003193,0.042559,0.000389,0.007149,-0.002615
6.658094,-0.036287,-0.102770,1.242501,0.571988,-0.976081,0.962886,-0.282600,-0.172119,-0.013185,0.653879,0.297566,-0.555502,0.740054,-0.087683,-2.334171,0.040140,1.300908,-2.203419,-1.202563,3.567004,0.098295,-0.050827,0.051610,-0.003193,0.042559,0.000389,0.007149,-0.002615
6.659147,-0.041042,-0.102522,1.238538,0.570556,-0.976384,0.962795,-0.282507,-0.172716,-0.011829,0.653046,0.300039,-0.554766,0.739529,-0.087763,-2.334220,0.040189,1.300905,-2.203377,-1.202564,3.567007,0.098291,-0.050075,0.051063,-0.003885,0.041463,-0.000219,0.005493,-0.002781
6.660168,-0.037109,-0.104153,1.240163,0.569911,-0.976757,0.962947,-0.283267,-0.173952,-0.010297,0.651566,0.303330,-0.553939,0.739059,-0.087810,-2.334262,0.040239,1.300909,-2.203335,-1.202565,3.567013,0.098287,-0.047171,0.050336,-0.001921,0.041916,0.000101,0.005569,-0.002950
6.661199,-0.037483,-0.106786,1.241652,0.566574,-0.976880,0.963109,-0.282181,-0.178373,-0.006861,0.646915,0.307116,-0.552980,0.738538,-0.087802,-2.334312,0.040291,1.300907,-2.203294,-1.202561,3.567017,0.098288,-0.048574,0.050539,-0.002738,0.041572,0.000434,0.005392,-0.001418
6.662012,-0.038321,-0.106016,1.240549,0.567576,-0.977374,0.963543,-0.283388,-0.183054,-0.002950,0.641941,0.310142,-0.552106,0.738009,-0.087742,-2.334358,0.040344,1.300901,-2.203246,-1.202562,3.567019,0.098281,-0.047821,0.051226,-0.003410,0.043761,0.000568,0.005216,-0.003598
6.663023,-0.036576,-0.110514,1.238078,0.566701,-0.976559,0.964254,-0.282895,-0.185764,0.000259,0.638834,0.311673,-0.551459,0.737528,-0.087643,-2.334403,0.040391,1.300900,-2.203208,-1.202562,3.567023,0.098284,-0.046860,0.050264,-0.002833,0.041816,0.001066,0.004752,-0.001152
6.664009,-0.039216,-0.106482,1.240261,0.564944,-0.976429,0.963706,-0.282350,-0.187828,0.003076,0.636344,0.312848,-0.550864,0.737101,-0.087522,-2.334450,0.040446,1.300903,-2.203167,-1.202564,3.567029,0.098281,-0.047182,0.051882,-0.001631,0.041730,0.000256,0.004007,-0.002161
6.665024,-0.041750,-0.106525,1.239055,0.564143,-0.976756,0.964457,-0.282983,-0.190201,0.005900,0.633530,0.314173,-0.550221,0.736697,-0.087396,-2.334491,0.040490,1.300900,-2.203124,-1.202561,3.567035,0.098278,-0.045347,0.049297,-0.002699,0.042462,0.000109,0.004530,-0.003238
6.666052,-0.036943,-0.109586,1.236591,0.562805,-0.976795,0.964277,-0.283252,-0.194566,0.010359,0.628683,0.314831,-0.549551,0.736190,-0.087253,-2.334530,0.040537,1.300899,-2.203082,-1.202562,3.567038,0.098277,-0.043611,0.048772,-0.002073,0.042233,0.000446,0.003748,-0.001944
6.667037,-0.038419,-0.109270,1.239637,0.563857,-0.977792,0.964033,-0.283087,-0.201457,0.016752,0.621316,0.314574,-0.548869,0.735531,-0.087073,-2.334579,0.040588,1.300899,-2.203038,-1.202564,3.567040,0.098277,-0.045461,0.049701,-0.000831,0.042537,0.000506,0.003922,-0.001413
6.668046,-0.040560,-0.111468,1.238260,0.562835,-0.977549,0.962478,-0.282662,-0.208309,0.023008,0.614038,0.314016,-0.548181,0.734832,-0.086867,-2.334620,0.040634,1.300892,-2.203003,-1.202560,3.567046,0.098274,-0.044204,0.048977,-0.002301,0.040612,0.001466,0.004131,-0.001740
6.669009,-0.037035,-0.111425,1.234339,0.560046,-0.977971,0.962570,-0.282770,-0.214091,0.028147,0.607908,0.314145,-0.547405,0.734153,-0.086661,-2.334658,0.040685,1.300891,-2.202962,-1.202562,3.567053,0.098270,-0.042669,0.049477,-0.001579,0.040672,0.001233,0.005660,-0.002579
6.670032,-0.040454,-0.117746,1.235494,0.561182,-0.978141,0.963356,-0.283392,-0.220192,0.032819,0.601550,0.314378,-0.546577,0.733375,-0.086456,-2.334706,0.040732,1.300894,-2.202916,-1.202562,3.567057,0.098269,-0.043893,0.048873,0.000356,0.042377,0.001667,0.005527,-0.002348
6.671056,-0.036217,-0.113321,1.240341,0.557689,-0.977066,0.963517,-0.283420,-0.226874,0.036790,0.594693,0.314010,-0.545785,0.732462,-0.086229,-2.334740,0.040787,1.300893,-2.202880,-1.202562,3.567060,0.098268,-0.041732,0.051406,-0.000232,0.040339,0.001828,0.004720,-0.001091
6.672042,-0.037746,-0.113636,1.234580,0.558534,-0.977245,0.962346,-0.283739,-0.231646,0.038618,0.589772,0.313203,-0.545081,0.731585,-0.085976,-2.334787,0.040831,1.300886,-2.202831,-1.202564,3.567065,0.098267,-0.043324,0.048619,-0.002593,0.042690,0.000767,0.004533,-0.001044
6.673034,-0.038824,-0.113223,1.238379,0.558996,-0.977715,0.963433,-0.282477,-0.233468,0.038757,0.587783,0.311490,-0.544531,0.730795,-0.085707,-2.334825,0.040878,1.300892,-2.202794,-1.202564,3.567072,0.098268,-0.042074,0.048228,0.000275,0.040925,0.000953,0.005673,-0.000405
6.674003,-0.039385,-0.112422,1.236450,0.556697,-0.975423,0.963352,-0.283475,-0.235087,0.039013,0.586019,0.309895,-0.543940,0.730039,-0.085447,-2.334865,0.040926,1.300887,-2.202756,-1.202562,3.567074,0.098260,-0.041068,0.047443,-0.001615,0.039554,0.001410,0.004553,-0.002928
6.675024,-0.038189,-0.117409,1.237327,0.556065,-0.975954,0.962416,-0.282914,-0.238034,0.040046,0.582971,0.309450,-0.543156,0.729324,-0.085204,-2.334904,0.040970,1.300889,-2.202712,-1.202564,3.567079,0.098265,-0.040320,0.046516,-0.000640,0.040831,-0.000886,0.004615,-0.000908
6.676050,-0.038981,-0.116985,1.238363,0.555406,-0.976290,0.964090,-0.282990,-0.241463,0.041226,0.579444,0.309398,-0.542303,0.728616,-0.084974,-2.334944,0.041023,1.300888,-2.202674,-1.202565,3.567085,0.098262,-0.040439,0.048402,-0.001092,0.040527,-0.000327,0.005521,-0.002047
6.677063,-0.036605,-0.119932,1.234984,0.553337,-0.977085,0.963759,-0.283192,-0.243687,0.041030,0.577103,0.309482,-0.541489,0.727925,-0.084774,-2.334982,0.041069,1.300885,-2.202635,-1.202565,3.567087,0.098263,-0.039582,0.047616,-0.001563,0.040240,0.000015,0.003812,-0.001884
6.678061,-0.039359,-0.119691,1.236477,0.553925,-0.976542,0.963100,-0.282822,-0.244086,0.038950,0.576569,0.309513,-0.540798,0.727275,-0.084616,-2.335024,0.041116,1.300888,-2.202594,-1.202562,3.567092,0.098263,-0.040278,0.048533,0.000110,0.041340,0.000778,0.004135,-0.001481
6.679003,-0.039803,-0.120849,1.231879,0.552454,-0.976490,0.962901,-0.282868,-0.243802,0.035654,0.576699,0.309346,-0.540253,0.726610,-0.084498,-2.335059,0.041164,1.300885,-2.202557,-1.202564,3.567100,0.098257,-0.038459,0.047828,-0.000632,0.039841,0.000246,0.004749,-0.002207
6.679973,-0.036482,-0.118769,1.235534,0.551375,-0.976839,0.962909,-0.283035,-0.245131,0.032411,0.575201,0.309642,-0.539725,0.725845,-0.084411,-2.335096,0.041210,1.300891,-2.202515,-1.202564,3.567107,0.098254,-0.037809,0.047859,0.001630,0.040339,0.000197,0.004900,-0.002094
6.681001,-0.037473,-0.121088,1.235400,0.550480,-0.976689,0.963493,-0.283146,-0.248546,0.030025,0.571586,0.310268,-0.539190,0.724945,-0.084322,-2.335137,0.041252,1.300885,-2.202475,-1.202561,3.567112,0.098256,-0.038985,0.046305,-0.000169,0.040447,0.000525,0.004861,-0.001765
6.682025,-0.037675,-0.121405,1.233875,0.548411,-0.977953,0.963747,-0.283411,-0.251212,0.027651,0.568634,0.310585,-0.538766,0.724021,-0.084194,-2.335172,0.041301,1.300884,-2.202434,-1.202564,3.567116,0.098253,-0.038056,0.046896,-0.000076,0.040361,0.000399,0.004244,-0.001534
6.683080,-0.036658,-0.118958,1.235574,0.549454,-0.977269,0.964811,-0.282905,-0.252327,0.024889,0.567131,0.310236,-0.538502,0.723128,-0.084024,-2.335208,0.041345,1.300887,-2.202393,-1.202563,3.567120,0.098252,-0.037528,0.046511,0.000663,0.041444,0.001659,0.003967,-0.000996
6.684118,-0.037188,-0.122804,1.235573,0.547022,-0.976435,0.963830,-0.283575,-0.252999,0.022439,0.566028,0.309367,-0.538341,0.722271,-0.083823,-2.335245,0.041385,1.300885,-2.202358,-1.202564,3.567123,0.098248,-0.037590,0.044796,-0.000178,0.039531,0.000968,0.002882,-0.002006
6.685112,-0.035391,-0.121992,1.236250,0.546975,-0.976110,0.963045,-0.283038,-0.252876,0.020254,0.565735,0.308658,-0.538189,0.721535,-0.083605,-2.335281,0.041434,1.300886,-2.202312,-1.202564,3.567132,0.098250,-0.036894,0.046165,-0.000183,0.040902,0.000140,0.003826,-0.000650
6.685983,-0.038388,-0.122342,1.236625,0.545941,-0.976961,0.961996,-0.283641,-0.251020,0.017536,0.567159,0.308131,-0.538045,0.720935,-0.083384,-2.335320,0.041475,1.300888,-2.202273,-1.202565,3.567139,0.098246,-0.037335,0.045242,-0.000548,0.039989,-0.000172,0.004568,-0.001734
6.687082,-0.038572,-0.120604,1.237970,0.545284,-0.976899,0.961873,-0.283397,-0.247832,0.014457,0.569848,0.307700,-0.537894,0.720409,-0.083174,-2.335352,0.041519,1.300887,-2.202233,-1.202562,3.567145,0.098248,-0.035422,0.044899,-0.000716,0.040067,0.000660,0.005585,-0.000514
6.688104,-0.037791,-0.121117,1.239935,0.545234,-0.975672,0.961369,-0.283046,-0.244967,0.012168,0.572135,0.307385,-0.537693,0.719875,-0.082981,-2.335386,0.041559,1.300884,-2.202194,-1.202561,3.567151,0.098247,-0.034942,0.043534,-0.001366,0.039799,0.000580,0.005665,-0.001013
6.688985,-0.035699,-0.121888,1.235377,0.544084,-0.977636,0.960644,-0.282978,-0.242443,0.010878,0.574058,0.307306,-0.537434,0.719342,-0.082817,-2.335421,0.041603,1.300882,-2.202156,-1.202565,3.567157,0.098245,-0.034915,0.043279,-0.002325,0.038921,-0.000626,0.006137,-0.001713
6.690058,-0.037827,-0.116952,1.235776,0.542380,-0.976421,0.960696,-0.282628,-0.239546,0.009998,0.576421,0.307680,-0.537123,0.718833,-0.082707,-2.335458,0.041646,1.300888,-2.202116,-1.202561,3.567161,0.098244,-0.035522,0.043143,-0.000085,0.039118,0.001330,0.006836,-0.001836
6.691048,-0.034328,-0.118895,1.236517,0.541425,-0.976982,0.962050,-0.283394,-0.238135,0.010623,0.577405,0.307783,-0.536814,0.718221,-0.082655,-2.335490,0.041680,1.300887,-2.202073,-1.202563,3.567166,0.098241,-0.034059,0.040243,-0.000291,0.039806,0.000107,0.006746,-0.002532
6.691957,-0.035795,-0.118563,1.234158,0.540159,-0.975928,0.962582,-0.283043,-0.238965,0.013666,0.576227,0.306718,-0.536592,0.717469,-0.082634,-2.335529,0.041721,1.300886,-2.202034,-1.202561,3.567170,0.098243,-0.035368,0.040759,-0.000662,0.039817,0.000670,0.005357,-0.000985
6.692972,-0.034857,-0.119895,1.233302,0.542651,-0.975114,0.962047,-0.283232,-0.243061,0.022895,0.571650,0.302548,-0.536329,0.715956,-0.082616,-2.335595,0.041799,1.300887,-2.201960,-1.202565,3.567178,0.098239,-0.034299,0.040313,0.000945,0.036777,-0.001181,0.005330,-0.001305
6.694004,-0.037524,-0.119107,1.232983,0.539854,-0.975494,0.962472,-0.283895,-0.243061,0.022895,0.571650,0.302548,-0.536329,0.715956,-0.082616,-2.335595,0.041799,1.300887,-2.201960,-1.202565,3.567178,0.098239,-0.034299,0.040313,0.000945,0.036777,-0.001181,0.005330,-0.001305
6.695000,-0.036891,-0.119610,1.232207,0.537719,-0.977158,0.962251,-0.282888,-0.247753,0.028308,0.566921,0.302458,-0.535865,0.715279,-0.082600,-2.335625,0.041836,1.300887,-2.201918,-1.202565,3.567180,0.098243,-0.032588,0.039474,0.001105,0.038612,-0.000781,0.004881,0.000015
6.696023,-0.037025,-0.114819,1.237368,0.538197,-0.975274,0.961310,-0.283897,-0.254721,0.034540,0.560000,0.302594,-0.535304,0.714585,-0.082554,-2.335658,0.041873,1.300888,-2.201875,-1.202561,3.567187,0.098236,-0.032527,0.039282,0.001482,0.039718,0.000849,0.005070,-0.002001
6.697084,-0.036289,-0.115782,1.236205,0.537400,-0.976068,0.961571,-0.283275,-0.262517,0.041563,0.552276,0.301402,-0.534875,0.713872,-0.082468,-2.335688,0.041905,1.300884,-2.201840,-1.202565,3.567195,0.098238,-0.032086,0.036480,-0.001083,0.038370,-0.001023,0.005971,0.000048
6.698008,-0.034910,-0.116507,1.235211,0.535784,-0.976194,0.961674,-0.284472,-0.269028,0.048757,0.545922,0.299599,-0.534528,0.713268,-0.082339,-2.335721,0.041943,1.300886,-2.201804,-1.202564,3.567201,0.098235,-0.032072,0.036535,-0.000494,0.038305,-0.000217,0.005663,-0.001217
6.698975,-0.039164,-0.117245,1.235810,0.535315,-0.975022,0.962601,-0.283897,-0.273637,0.055464,0.541617,0.297511,-0.534259,0.712807,-0.082168,-2.335754,0.041980,1.300889,-2.201764,-1.202563,3.567202,0.098240,-0.032368,0.036446,-0.000028,0.038981,-0.000104,0.005550,0.001191
6.699984,-0.036964,-0.117108,1.235893,0.533811,-0.976137,0.963171,-0.283684,-0.277338,0.061504,0.538365,0.295025,-0.534096,0.712440,-0.081968,-2.335780,0.042014,1.300887,-2.201726,-1.202565,3.567208,0.098238,-0.029902,0.036410,-0.000312,0.038516,-0.001273,0.004581,0.000014
6.700988,-0.035652,-0.120682,1.235603,0.533204,-0.975618,0.961617,-0.283789,-0.281173,0.067083,0.535105,0.292348,-0.533994,0.712151,-0.081769,-2.335812,0.042049,1.300888,-2.201687,-1.202562,3.567213,0.098234,-0.030641,0.035920,-0.000369,0.039094,-0.000161,0.003987,-0.000388
6.702049,-0.038843,-0.119738,1.238146,0.532375,-0.975744,0.961255,-0.283307,-0.283839,0.071267,0.533087,0.289444,-0.533990,0.711980,-0.081590,-2.335843,0.042087,1.300888,-2.201648,-1.202565,3.567223,0.098234,-0.030926,0.037266,-0.000224,0.038766,-0.000673,0.005499,-0.000172
6.703070,-0.038567,-0.120780,1.235321,0.532386,-0.976786,0.961718,-0.283778,-0.284108,0.073110,0.533457,0.286501,-0.534103,0.711924,-0.081434,-2.335868,0.042124,1.300886,-2.201610,-1.202563,3.567229,0.098231,-0.029005,0.036333,-0.001486,0.038675,-0.000554,0.005813,-0.001136
6.704090,-0.038013,-0.117906,1.235565,0.530241,-0.974804,0.960884,-0.283532,-0.283445,0.073404,0.534724,0.284080,-0.534240,0.711924,-0.081300,-2.335895,0.042161,1.300891,-2.201573,-1.202562,3.567232,0.098234,-0.028839,0.036418,-0.000096,0.037776,0.000483,0.005325,-0.000185
6.704954,-0.039743,-0.118620,1.238367,0.529035,-0.975665,0.961007,-0.283336,-0.283680,0.073564,0.535076,0.282171,-0.534352,0.711918,-0.081175,-2.335923,0.042191,1.300891,-2.201531,-1.202567,3.567238,0.098232,-0.028780,0.034596,-0.000235,0.038928,-0.001476,0.006137,-0.000684
6.706011,-0.036536,-0.121650,1.238780,0.529045,-0.976532,0.960700,-0.283698,-0.284744,0.074210,0.534555,0.279873,-0.534510,0.711875,-0.081049,-2.335947,0.042225,1.300887,-2.201492,-1.202563,3.567243,0.098229,-0.027613,0.034560,-0.001607,0.039187,-0.000626,0.005977,-0.001065
6.706995,-0.036158,-0.121267,1.234756,0.527517,-0.976178,0.960794,-0.283519,-0.284341,0.073995,0.535451,0.276975,-0.534797,0.711888,-0.080910,-2.335979,0.042262,1.300885,-2.201457,-1.202562,3.567251,0.098230,-0.028860,0.035644,-0.001777,0.038336,0.000235,0.006236,-0.000332
6.707962,-0.038371,-0.118778,1.236336,0.526982,-0.976217,0.960912,-0.283777,-0.281272,0.071644,0.539018,0.274058,-0.535201,0.712027,-0.080740,-2.336007,0.042295,1.300889,-2.201416,-1.202564,3.567259,0.098226,-0.028697,0.035041,0.000211,0.038886,-0.000118,0.006092,-0.000685
6.709021,-0.038460,-0.117954,1.234336,0.527899,-0.977443,0.960382,-0.283289,-0.277986,0.068696,0.542834,0.271199,-0.535632,0.712185,-0.080516,-2.336031,0.042326,1.300887,-2.201380,-1.202564,3.567262,0.098227,-0.027290,0.033422,-0.000586,0.038550,-0.000076,0.005958,-0.000166
6.709986,-0.037352,-0.122850,1.237613,0.526469,-0.975626,0.960323,-0.284263,-0.277157,0.067152,0.544223,0.268900,-0.535931,0.712271,-0.080232,-2.336056,0.042356,1.300889,-2.201347,-1.202561,3.567270,0.098223,-0.026953,0.032655,0.000411,0.036833,0.001137,0.006446,-0.001140
6.711016,-0.037011,-0.119829,1.237456,0.527136,-0.975387,0.959776,-0.284128,-0.277725,0.066147,0.544226,0.267960,-0.536018,0.712341,-0.079903,-2.336086,0.042398,1.300883,-2.201308,-1.202563,3.567277,0.098228,-0.027164,0.034630,-0.001182,0.037354,-0.000695,0.006457,0.000820
6.712081,-0.038710,-0.118324,1.236661,0.526678,-0.975624,0.960339,-0.284351,-0.276677,0.063640,0.545803,0.268496,-0.535941,0.712510,-0.079540,-2.336111,0.042427,1.300882,-2.201275,-1.202564,3.567283,0.098228,-0.027024,0.032725,-0.001078,0.035876,-0.000909,0.006970,0.000528
6.713042,-0.040886,-0.123074,1.239518,0.525557,-0.976400,0.961858,-0.284153,-0.274535,0.060401,0.548419,0.270509,-0.535661,0.712777,-0.079167,-2.336134,0.042456,1.300884,-2.201239,-1.202565,3.567288,0.098230,-0.025891,0.031637,-0.000700,0.035467,-0.000652,0.006368,0.000972
6.713982,-0.039910,-0.123817,1.232932,0.526658,-0.976713,0.960961,-0.284160,-0.272841,0.057399,0.550525,0.273610,-0.535187,0.713096,-0.078818,-2.336157,0.042493,1.300881,-2.201202,-1.202563,3.567288,0.098230,-0.024524,0.033600,-0.002107,0.035726,0.000105,0.004839,0.000567
6.715041,-0.041306,-0.122807,1.237208,0.528273,-0.977063,0.961327,-0.283947,-0.271834,0.053911,0.551877,0.277574,-0.534562,0.713454,-0.078533,-2.336182,0.042524,1.300888,-2.201172,-1.202563,3.567296,0.098227,-0.024729,0.033571,0.001145,0.033876,0.000414,0.005712,0.000598
6.716037,-0.040761,-0.120720,1.238724,0.524365,-0.975877,0.961520,-0.283331,-0.272395,0.050008,0.551636,0.283436,-0.533648,0.713851,-0.078342,-2.336202,0.042554,1.300883,-2.201145,-1.202561,3.567298,0.098226,-0.023774,0.032700,-0.000985,0.031593,0.000749,0.005319,0.000172
6.717070,-0.041998,-0.121661,1.235454,0.525551,-0.976873,0.960321,-0.284079,-0.273410,0.046033,0.550880,0.290592,-0.532529,0.714318,-0.078248,-2.336226,0.042581,1.300879,-2.201104,-1.202565,3.567303,0.098222,-0.023774,0.031328,-0.001685,0.034572,-0.000413,0.005100,-0.001054
6.718101,-0.042757,-0.119344,1.234811,0.525589,-0.977008,0.960770,-0.283819,-0.274132,0.042554,0.550300,0.296763,-0.531490,0.714764,-0.078223,-2.336248,0.042614,1.300882,-2.201076,-1.202562,3.567310,0.098227,-0.022880,0.031424,-0.000052,0.032665,0.000569,0.006271,0.000450
6.719013,-0.042487,-0.120873,1.235610,0.525436,-0.975689,0.961534,-0.283600,-0.276702,0.040671,0.547826,0.301925,-0.530496,0.715055,-0.078238,-2.336269,0.042640,1.300881,-2.201044,-1.202559,3.567314,0.098223,-0.022256,0.029935,0.000260,0.031888,0.000665,0.005784,-0.000075
6.720012,-0.042710,-0.125231,1.234477,0.524631,-0.973907,0.960745,-0.284681,-0.281579,0.040426,0.543067,0.307033,-0.529441,0.715213,-0.078272,-2.336291,0.042669,1.300881,-2.201013,-1.202562,3.567314,0.098222,-0.022130,0.030368,-0.000143,0.031289,-0.000633,0.005011,-0.000505
6.721089,-0.040032,-0.123225,1.234377,0.525850,-0.975895,0.961850,-0.283774,-0.286593,0.040091,0.538183,0.312143,-0.528371,0.715324,-0.078308,-2.336311,0.042704,1.300881,-2.200982,-1.202568,3.567322,0.098225,-0.021770,0.032146,0.000428,0.031355,-0.002365,0.005770,0.001667
6.722075,-0.042980,-0.118294,1.232679,0.525357,-0.975467,0.961713,-0.284381,-0.289843,0.038056,0.535079,0.317349,-0.527308,0.715460,-0.078341,-2.336337,0.042730,1.300879,-2.200957,-1.202562,3.567322,0.098220,-0.022820,0.030790,0.000497,0.029517,-0.000400,0.004647,-0.000164
6.722976,-0.039832,-0.122060,1.232866,0.524749,-0.976176,0.962405,-0.283514,-0.292289,0.035625,0.532816,0.322745,-0.526209,0.715632,-0.078381,-2.336355,0.042754,1.300883,-2.200926,-1.202562,3.567324,0.098225,-0.021099,0.028025,0.001314,0.029295,-0.000843,0.004782,0.001060
6.724087,-0.037851,-0.123499,1.234005,0.523913,-0.975278,0.963446,-0.283884,-0.295417,0.034441,0.529871,0.327836,-0.525100,0.715796,-0.078435,-2.336379,0.042785,1.300881,-2.200895,-1.202561,3.567330,0.098220,-0.022416,0.029576,0.001227,0.029159,-0.000133,0.004050,-0.000685
6.724952,-0.040322,-0.122607,1.235086,0.522992,-0.976841,0.963547,-0.283954,-0.296401,0.032600,0.528985,0.331921,-0.524159,0.716031,-0.078504,-2.336402,0.042812,1.300879,-2.200864,-1.202565,3.567332,0.098220,-0.023126,0.029962,0.000677,0.029241,-0.001017,0.002991,0.000080
6.725994,-0.043468,-0.121620,1.234617,0.521994,-0.976324,0.962755,-0.283837,-0.292858,0.028557,0.532454,0.334455,-0.523516,0.716399,-0.078576,-2.336421,0.042838,1.300879,-2.200834,-1.202562,3.567334,0.098220,-0.021632,0.029193,0.000144,0.029450,0.000547,0.002891,0.000214
6.727029,-0.041896,-0.120460,1.234120,0.523118,-0.976745,0.962779,-0.283962,-0.287429,0.024101,0.537590,0.334960,-0.523154,0.716744,-0.078637,-2.336438,0.042864,1.300879,-2.200805,-1.202564,3.567337,0.098217,-0.019861,0.028385,0.000389,0.029750,0.000026,0.003668,-0.000010
6.728007,-0.044443,-0.122500,1.234989,0.521494,-0.977036,0.962709,-0.283057,-0.283127,0.021076,0.541418,0.333896,-0.522927,0.716936,-0.078687,-2.336459,0.042889,1.300880,-2.200782,-1.202565,3.567344,0.098217,-0.020413,0.027512,0.000617,0.028047,0.000471,0.003595,0.000242
6.729002,-0.042682,-0.123694,1.238701,0.520226,-0.977008,0.961839,-0.283364,-0.280137,0.019381,0.543818,0.332143,-0.522729,0.717005,-0.078714,-2.336475,0.042916,1.300880,-2.200751,-1.202563,3.567348,0.098215,-0.018934,0.028219,0.000176,0.028957,0.000739,0.003646,-0.001579
6.730022,-0.040776,-0.123214,1.233437,0.519971,-0.978617,0.962617,-0.282845,-0.276223,0.017453,0.547020,0.329329,-0.522687,0.717014,-0.078699,-2.336494,0.042943,1.300875,-2.200721,-1.202563,3.567353,0.098215,-0.019604,0.028492,-0.001626,0.029515,0.000709,0.004490,-0.000940
6.730978,-0.041219,-0.119162,1.235430,0.519363,-0.977474,0.962908,-0.283443,-0.269585,0.014178,0.552854,0.324932,-0.522938,0.716998,-0.078633,-2.336515,0.042968,1.300882,-2.200693,-1.202557,3.567355,0.098211,-0.020309,0.027941,0.000957,0.029082,0.002269,0.003686,-0.001981
6.731976,-0.042756,-0.119758,1.235418,0.520712,-0.977424,0.963234,-0.283384,-0.261729,0.010734,0.559907,0.319342,-0.523403,0.716936,-0.078516,-2.336533,0.042989,1.300879,-2.200665,-1.202560,3.567362,0.098213,-0.019854,0.025650,-0.000037,0.029007,0.001127,0.003359,-0.000769
6.733041,-0.044972,-0.118389,1.234296,0.518802,-0.977724,0.962943,-0.282657,-0.254643,0.008544,0.566233,0.313700,-0.523870,0.716834,-0.078357,-2.336550,0.043013,1.300879,-2.200642,-1.202565,3.567366,0.098212,-0.018878,0.025677,-0.000015,0.027091,0.001140,0.003006,-0.000898
6.734066,-0.045878,-0.118305,1.236548,0.519882,-0.977192,0.962744,-0.283695,-0.249706,0.008062,0.570461,0.308865,-0.524184,0.716673,-0.078165,-2.336566,0.043036,1.300880,-2.200612,-1.202561,3.567367,0.098210,-0.017577,0.024715,0.000531,0.028321,0.001407,0.003298,-0.002356
6.735012,-0.043993,-0.119700,1.233833,0.517738,-0.976768,0.962298,-0.283225,-0.247749,0.009389,0.571783,0.304734,-0.524341,0.716403,-0.077943,-2.336581,0.043060,1.300879,-2.200590,-1.202561,3.567373,0.098215,-0.016949,0.024390,-0.000590,0.026687,0.000864,0.003458,-0.000266
6.736078,-0.045584,-0.112095,1.234212,0.518419,-0.975453,0.961715,-0.283263,-0.247510,0.011505,0.571507,0.301039,-0.524422,0.716047,-0.077700,-2.336601,0.043084,1.300879,-2.200561,-1.202561,3.567379,0.098214,-0.017660,0.024802,0.000785,0.028155,0.000447,0.003870,-0.001231
6.737066,-0.046589,-0.112927,1.228736,0.517033,-0.975906,0.961114,-0.282928,-0.248802,0.014548,0.569880,0.297312,-0.524480,0.715575,-0.077462,-2.336616,0.043097,1.300879,-2.200537,-1.202566,3.567386,0.098215,-0.016670,0.020802,0.000586,0.026883,-0.000830,0.004415,-0.001147
6.737960,-0.046005,-0.111684,1.233977,0.518696,-0.975845,0.961215,-0.283416,-0.254311,0.020672,0.564261,0.293309,-0.524443,0.714869,-0.077247,-2.336630,0.043118,1.300888,-2.200509,-1.202562,3.567392,0.098212,-0.016003,0.020999,0.003239,0.027601,-0.000397,0.004981,-0.001815
6.739039,-0.047353,-0.115405,1.235313,0.519103,-0.975518,0.961303,-0.283471,-0.264123,0.029697,0.554544,0.289528,-0.524254,0.713952,-0.077064,-2.336647,0.043139,1.300883,-2.200489,-1.202563,3.567400,0.098214,-0.016094,0.020122,0.000630,0.025428,-0.000454,0.004824,-0.000830
6.740053,-0.050435,-0.113985,1.235273,0.517543,-0.976920,0.960601,-0.283173,-0.273660,0.038242,0.545233,0.287220,-0.523903,0.713084,-0.076926,-2.336661,0.043163,1.300882,-2.200467,-1.202565,3.567402,0.098214,-0.015247,0.021720,-0.000012,0.024527,-0.000771,0.004725,-0.000727
6.740999,-0.048754,-0.118129,1.235002,0.517390,-0.976628,0.960687,-0.283914,-0.280678,0.044447,0.538486,0.286564,-0.523444,0.712365,-0.076837,-2.336672,0.043181,1.300882,-2.200441,-1.202562,3.567410,0.098211,-0.013564,0.020762,0.000017,0.025471,0.000624,0.005386,-0.001319
6.742086,-0.052407,-0.115028,1.236925,0.517698,-0.977916,0.960129,-0.283357,-0.285791,0.048445,0.533611,0.286293,-0.523032,0.711691,-0.076779,-2.336689,0.043206,1.300882,-2.200416,-1.202564,3.567415,0.098214,-0.014227,0.022562,0.000154,0.025021,0.000332,0.005259,0.000172
6.742976,-0.052451,-0.113937,1.236916,0.515642,-0.978923,0.961456,-0.283424,-0.288937,0.050234,0.530644,0.286072,-0.522711,0.711049,-0.076734,-2.336698,0.043224,1.300880,-2.200393,-1.202562,3.567421,0.098210,-0.012267,0.020768,-0.000797,0.024144,0.001619,0.005788,-0.000952
6.744028,-0.051353,-0.111138,1.238156,0.515670,-0.977973,0.960000,-0.284134,-0.290956,0.050981,0.528745,0.285516,-0.522506,0.710423,-0.076684,-2.336711,0.043241,1.300882,-2.200365,-1.202560,3.567425,0.098207,-0.012110,0.020028,-0.000805,0.025563,0.002601,0.004423,-0.000793
6.745034,-0.050960,-0.111827,1.237758,0.515745,-0.976470,0.959498,-0.283371,-0.292236,0.051920,0.527529,0.283597,-0.522523,0.709779,-0.076595,-2.336726,0.043255,1.300880,-2.200341,-1.202560,3.567434,0.098210,-0.012485,0.018444,-0.001409,0.024925,0.001631,0.005850,0.000626
6.746039,-0.052588,-0.112846,1.234927,0.516769,-0.977515,0.960348,-0.284301,-0.291986,0.052883,0.527811,0.280590,-0.522723,0.709142,-0.076463,-2.336738,0.043276,1.300880,-2.200319,-1.202562,3.567443,0.098207,-0.012532,0.018562,-0.001202,0.024326,0.000145,0.006291,-0.000917
6.747035,-0.054077,-0.108936,1.236969,0.514896,-0.976992,0.959974,-0.283074,-0.290946,0.053574,0.528884,0.277976,-0.522902,0.708534,-0.076315,-2.336748,0.043295,1.300884,-2.200299,-1.202561,3.567447,0.098214,-0.011583,0.018845,0.000178,0.022814,0.001200,0.005400,0.000949
6.747980,-0.054281,-0.106331,1.234588,0.516089,-0.977706,0.958589,-0.284206,-0.291018,0.054675,0.528852,0.276203,-0.522972,0.707928,-0.076170,-2.336756,0.043307,1.300881,-2.200271,-1.202562,3.567455,0.098206,-0.010739,0.016721,-0.000833,0.024043,0.000677,0.005740,-0.001514
6.748993,-0.052576,-0.106368,1.237439,0.517548,-0.976629,0.957725,-0.284091,-0.293480,0.057564,0.526425,0.274585,-0.522973,0.707261,-0.076028,-2.336768,0.043319,1.300883,-2.200252,-1.202561,3.567463,0.098210,-0.010509,0.015279,0.000360,0.022370,0.001388,0.007090,0.000779
6.750068,-0.053785,-0.109444,1.233849,0.516197,-0.976989,0.957861,-0.283885,-0.301107,0.066158,0.518964,0.274603,-0.522500,0.705991,-0.075772,-2.336788,0.043355,1.300882,-2.200210,-1.202559,3.567476,0.098208,-0.010514,0.016436,0.000745,0.021282,0.000655,0.007722,0.000117
6.751119,-0.054346,-0.104029,1.236819,0.515351,-0.975364,0.956995,-0.283995,-0.301107,0.066158,0.518964,0.274603,-0.522500,0.705991,-0.075772,-2.336788,0.043355,1.300882,-2.200210,-1.202559,3.567476,0.098208,-0.010514,0.016436,0.000745,0.021282,0.000655,0.007722,0.000117
6.752090,-0.052007,-0.103964,1.235852,0.515352,-0.976161,0.958426,-0.283153,-0.303925,0.069631,0.516221,0.275921,-0.522153,0.705433,-0.075692,-2.336797,0.043365,1.300878,-2.200188,-1.202564,3.567485,0.098210,-0.010120,0.013560,-0.000728,0.021592,-0.000942,0.008547,0.000338
6.753020,-0.053113,-0.107219,1.234205,0.514673,-0.975393,0.957868,-0.284314,-0.305874,0.073190,0.514293,0.276505,-0.521919,0.704900,-0.075640,-2.336811,0.043377,1.300878,-2.200168,-1.202562,3.567485,0.098205,-0.011143,0.013412,-0.000225,0.021100,-0.000140,0.007089,-0.001347
6.754122,-0.054912,-0.107114,1.234785,0.515052,-0.976538,0.957926,-0.282849,-0.306026,0.076186,0.514121,0.276288,-0.521817,0.704478,-0.075608,-2.336819,0.043394,1.300880,-2.200147,-1.202562,3.567493,0.098211,-0.010469,0.014853,0.000581,0.021266,-0.000925,0.007618,0.000990
6.755012,-0.052565,-0.106692,1.234029,0.513630,-0.974624,0.958409,-0.283343,-0.304901,0.077871,0.515208,0.275698,-0.521800,0.704168,-0.075587,-2.336828,0.043409,1.300880,-2.200129,-1.202561,3.567501,0.098202,-0.009468,0.014606,0.000280,0.020445,0.000232,0.007506,-0.001955
6.755999,-0.053245,-0.107173,1.233905,0.514564,-0.975132,0.957864,-0.283966,-0.302901,0.078288,0.517177,0.274793,-0.521852,0.703964,-0.075572,-2.336840,0.043421,1.300882,-2.200105,-1.202568,3.567510,0.098204,-0.010516,0.014244,0.000643,0.021315,-0.001649,0.006963,-0.000936
6.756988,-0.052483,-0.104871,1.235516,0.513972,-0.975944,0.956996,-0.283204,-0.299548,0.077429,0.520528,0.273519,-0.521969,0.703898,-0.075552,-2.336850,0.043437,1.300882,-2.200089,-1.202566,3.567521,0.098205,-0.010042,0.014298,0.000702,0.019974,-0.001130,0.007457,0.000310
6.758007,-0.056261,-0.101988,1.232779,0.511580,-0.975347,0.956759,-0.284070,-0.294609,0.075355,0.525500,0.272175,-0.522113,0.703974,-0.075528,-2.336861,0.043446,1.300882,-2.200069,-1.202563,3.567528,0.098201,-0.010288,0.013025,-0.000113,0.020115,-0.000351,0.008284,-0.001224
6.759056,-0.053669,-0.102130,1.232893,0.514385,-0.976278,0.956899,-0.284259,-0.289791,0.073645,0.530348,0.269972,-0.522350,0.704051,-0.075492,-2.336866,0.043456,1.300886,-2.200044,-1.202563,3.567535,0.098206,-0.008318,0.011463,0.001227,0.021918,-0.000957,0.008474,0.000519
6.760079,-0.055185,-0.101923,1.232142,0.514095,-0.977187,0.956934,-0.283580,-0.287420,0.073849,0.532756,0.266700,-0.522657,0.704005,-0.075433,-2.336876,0.043466,1.300885,-2.200032,-1.202562,3.567543,0.098207,-0.009529,0.011427,0.001173,0.018772,-0.000021,0.008282,0.000876
6.761068,-0.055233,-0.102654,1.231714,0.513627,-0.977202,0.955662,-0.283062,-0.286990,0.075068,0.533319,0.264161,-0.522853,0.703932,-0.075395,-2.336881,0.043476,1.300888,-2.200013,-1.202560,3.567550,0.098204,-0.008695,0.011204,0.001511,0.018642,0.000862,0.008203,-0.000486
6.762070,-0.056229,-0.101469,1.234574,0.512301,-0.975573,0.956318,-0.284176,-0.287434,0.076176,0.533121,0.262942,-0.522920,0.703875,-0.075415,-2.336890,0.043487,1.300889,-2.199993,-1.202562,3.567561,0.098201,-0.008573,0.011438,0.001717,0.018635,0.000889,0.009426,-0.001504
6.763123,-0.057365,-0.101013,1.235397,0.513812,-0.976262,0.957114,-0.283314,-0.287906,0.076746,0.532951,0.262011,-0.522986,0.703794,-0.075471,-2.336897,0.043497,1.300887,-2.199972,-1.202567,3.567566,0.098204,-0.007981,0.010720,0.000290,0.019456,-0.000701,0.008718,0.000742
6.764047,-0.056215,-0.099571,1.235761,0.512463,-0.976896,0.957415,-0.282906,-0.287184,0.076352,0.534035,0.261148,-0.523074,0.703770,-0.075528,-2.336902,0.043507,1.300885,-2.199959,-1.202565,3.567573,0.098199,-0.007349,0.010381,-0.000086,0.017600,-0.000016,0.007879,-0.001000
6.765047,-0.058410,-0.100981,1.232865,0.513155,-0.976656,0.956918,-0.283014,-0.284895,0.074948,0.536809,0.260711,-0.523142,0.703896,-0.075574,-2.336910,0.043514,1.300884,-2.199939,-1.202563,3.567578,0.098200,-0.007843,0.009560,-0.000258,0.018492,0.000603,0.007552,-0.001812
6.766016,-0.060724,-0.099815,1.235487,0.511682,-0.975643,0.956823,-0.283345,-0.281971,0.072963,0.540359,0.260578,-0.523195,0.704139,-0.075594,-2.336914,0.043524,1.300888,-2.199924,-1.202565,3.567589,0.098199,-0.006678,0.010170,0.001162,0.017421,0.000368,0.007996,-0.001582
6.767091,-0.057598,-0.098758,1.237568,0.513560,-0.976574,0.957017,-0.283637,-0.280192,0.071097,0.542870,0.260577,-0.523209,0.704402,-0.075570,-2.336918,0.043532,1.300885,-2.199903,-1.202569,3.567596,0.098198,-0.005472,0.009467,-0.000137,0.018432,-0.000606,0.008041,-0.000910
6.767994,-0.059992,-0.100049,1.233811,0.514090,-0.976637,0.954716,-0.283559,-0.278519,0.068965,0.545350,0.260830,-0.523169,0.704748,-0.075497,-2.336928,0.043540,1.300882,-2.199891,-1.202566,3.567602,0.098198,-0.006945,0.008848,-0.001143,0.016228,0.000308,0.007810,-0.000326
6.769150,-0.060621,-0.096253,1.234254,0.512080,-0.976184,0.956139,-0.283056,-0.275509,0.065785,0.549259,0.262245,-0.522992,0.705267,-0.075373,-2.336930,0.043549,1.300888,-2.199877,-1.202565,3.567616,0.098197,-0.005696,0.009397,0.000693,0.015377,0.000355,0.010049,-0.000486
6.770082,-0.060026,-0.096859,1.233895,0.512926,-0.978160,0.955939,-0.284302,-0.273330,0.062704,0.552409,0.264713,-0.522640,0.705812,-0.075189,-2.336936,0.043553,1.300887,-2.199857,-1.202566,3.567619,0.098194,-0.005320,0.007421,0.000465,0.016936,-0.000091,0.008571,-0.001490
6.770996,-0.063566,-0.098730,1.234092,0.513828,-0.977274,0.956251,-0.284071,-0.273077,0.060883,0.553629,0.266865,-0.522258,0.706272,-0.074938,-2.336942,0.043560,1.300887,-2.199843,-1.202563,3.567628,0.098200,-0.005552,0.007662,0.000646,0.015722,0.001878,0.008735,0.001012
6.772106,-0.061052,-0.097403,1.231510,0.512509,-0.977566,0.956531,-0.283667,-0.273887,0.059567,0.553774,0.269095,-0.521848,0.706703,-0.074642,-2.336942,0.043571,1.300887,-2.199832,-1.202565,3.567639,0.098200,-0.003766,0.008478,0.000544,0.014539,0.000979,0.008350,0.000523
6.773112,-0.061062,-0.097244,1.234607,0.511977,-0.976209,0.956170,-0.283777,-0.275663,0.058113,0.552957,0.272034,-0.521353,0.707121,-0.074347,-2.336949,0.043574,1.300891,-2.199814,-1.202564,3.567646,0.098196,-0.004966,0.007760,0.001805,0.015467,0.001276,0.008032,-0.000276
6.773998,-0.063549,-0.095031,1.234429,0.514228,-0.976668,0.956243,-0.282750,-0.277153,0.056243,0.552372,0.274643,-0.520922,0.707522,-0.074087,-2.336953,0.043580,1.300887,-2.199799,-1.202565,3.567654,0.098198,-0.004903,0.007620,0.000272,0.015633,-0.000088,0.008347,-0.000053
6.775059,-0.063310,-0.095811,1.233216,0.514066,-0.976365,0.956619,-0.283397,-0.277207,0.053761,0.553155,0.276966,-0.520569,0.707965,-0.073877,-2.336954,0.043584,1.300887,-2.199791,-1.202566,3.567661,0.098192,-0.003626,0.006457,0.000376,0.013143,0.000398,0.008232,-0.002105
6.776096,-0.063305,-0.093150,1.233467,0.513511,-0.974985,0.956889,-0.283022,-0.277040,0.051197,0.554175,0.280382,-0.520101,0.708487,-0.073717,-2.336959,0.043591,1.300889,-2.199778,-1.202564,3.567669,0.098198,-0.003697,0.006768,0.000966,0.013021,0.000071,0.007802,-0.000799
6.777010,-0.068527,-0.091555,1.232447,0.514518,-0.976399,0.956586,-0.283251,-0.277459,0.049009,0.554652,0.284785,-0.519509,0.709063,-0.073581,-2.336964,0.043593,1.300889,-2.199765,-1.202566,3.567675,0.098195,-0.003638,0.005397,0.000834,0.013271,-0.001296,0.007498,-0.001559
6.778055,-0.068535,-0.089934,1.234062,0.512904,-0.976401,0.955938,-0.282360,-0.279689,0.048191,0.553316,0.289469,-0.518831,0.709608,-0.073458,-2.336962,0.043597,1.300891,-2.199754,-1.202565,3.567684,0.098196,-0.001028,0.004565,0.001329,0.011994,0.000136,0.007751,-0.001092
6.778987,-0.066462,-0.089538,1.231190,0.513167,-0.974742,0.955719,-0.282992,-0.285345,0.049824,0.548514,0.293950,-0.518090,0.710010,-0.073352,-2.336965,0.043599,1.300889,-2.199740,-1.202565,3.567695,0.098191,-0.001011,0.003730,0.000529,0.013282,0.000118,0.008337,-0.002878
6.779967,-0.068813,-0.088249,1.233587,0.513274,-0.976023,0.956858,-0.283040,-0.293121,0.053289,0.541528,0.297356,-0.517425,0.710239,-0.073261,-2.336970,0.043602,1.300893,-2.199728,-1.202568,3.567705,0.098194,-0.002004,0.003497,0.001942,0.012713,-0.001525,0.008495,-0.001595
6.781114,-0.068456,-0.087490,1.232614,0.513863,-0.977085,0.956981,-0.283049,-0.301031,0.057390,0.534335,0.299680,-0.516873,0.710365,-0.073172,-2.336971,0.043603,1.300891,-2.199715,-1.202566,3.567708,0.098194,-0.000797,0.002834,0.000742,0.012305,-0.000239,0.007320,-0.001510
6.781981,-0.070356,-0.089057,1.233701,0.513694,-0.976655,0.956101,-0.283888,-0.308239,0.061466,0.527756,0.301558,-0.516394,0.710487,-0.073088,-2.336974,0.043603,1.300893,-2.199705,-1.202563,3.567715,0.098193,-0.000954,0.002464,0.001220,0.011479,0.000797,0.007165,-0.001490
6.783017,-0.070705,-0.089706,1.233381,0.514612,-0.976898,0.957206,-0.283449,-0.314191,0.064863,0.522327,0.303335,-0.515981,0.710649,-0.073022,-2.336973,0.043607,1.300893,-2.199693,-1.202564,3.567724,0.098196,-0.000002,0.003209,0.000667,0.011367,0.000358,0.008001,0.000196
6.784115,-0.069739,-0.088095,1.235090,0.513292,-0.977478,0.957417,-0.284189,-0.318466,0.066755,0.518475,0.305396,-0.515604,0.710860,-0.072984,-2.336974,0.043611,1.300893,-2.199685,-1.202563,3.567729,0.098193,0.000175,0.003474,0.000834,0.010245,0.000598,0.006851,-0.000699
6.785077,-0.068490,-0.086103,1.231999,0.511733,-0.976175,0.957212,-0.283628,-0.320287,0.066686,0.516989,0.307580,-0.515304,0.711159,-0.072979,-2.336974,0.043612,1.300889,-2.199671,-1.202562,3.567734,0.098196,-0.000310,0.002649,0.000016,0.011244,0.001174,0.006618,0.000792
6.786037,-0.070158,-0.085303,1.235691,0.514625,-0.976927,0.957673,-0.284154,-0.319427,0.065304,0.518094,0.308402,-0.515253,0.711504,-0.073003,-2.336978,0.043611,1.300893,-2.199657,-1.202567,3.567743,0.098193,-0.000894,0.001666,0.001538,0.012474,-0.000101,0.006773,-0.000345
6.787022,-0.070426,-0.082798,1.233870,0.512946,-0.975950,0.957740,-0.284141,-0.316677,0.063484,0.521035,0.307711,-0.515416,0.711858,-0.073051,-2.336976,0.043613,1.300889,-2.199655,-1.202566,3.567748,0.098196,-0.000060,0.001244,-0.000295,0.009491,0.000664,0.006275,0.000718
6.788031,-0.071623,-0.082759,1.233045,0.513825,-0.977077,0.957381,-0.283165,-0.312876,0.061619,0.525041,0.306907,-0.515573,0.712268,-0.073131,-2.336977,0.043610,1.300891,-2.199641,-1.202566,3.567754,0.098196,0.000070,0.000027,0.000621,0.010863,-0.000335,0.006177,0.000682
6.789027,-0.067636,-0.084274,1.233266,0.515238,-0.976103,0.957155,-0.283368,-0.309502,0.060470,0.528667,0.306085,-0.515674,0.712669,-0.073247,-2.336975,0.043610,1.300893,-2.199631,-1.202564,3.567762,0.098193,0.000653,0.000020,0.001004,0.009732,0.000798,0.006491,-0.001278
6.790016,-0.069980,-0.082044,1.232552,0.514719,-0.975415,0.956882,-0.283026,-0.306263,0.059371,0.532223,0.305651,-0.515692,0.713060,-0.073403,-2.336981,0.043611,1.300893,-2.199627,-1.202567,3.567768,0.098192,-0.001299,0.000766,0.000888,0.008226,-0.000167,0.006676,-0.000842
6.790992,-0.071223,-0.081648,1.234016,0.513278,-0.976456,0.956813,-0.283424,-0.301568,0.057008,0.537276,0.306344,-0.515575,0.713517,-0.073587,-2.336977,0.043609,1.300897,-2.199618,-1.202569,3.567775,0.098186,-0.000134,-0.000340,0.001202,0.008548,-0.000835,0.006909,-0.001513
6.792013,-0.073760,-0.081689,1.233800,0.514798,-0.976416,0.956747,-0.283265,-0.296195,0.054137,0.542961,0.307069,-0.515436,0.713940,-0.073764,-2.336975,0.043607,1.300898,-2.199605,-1.202563,3.567780,0.098187,0.000456,-0.000509,0.000451,0.009680,0.000163,0.006947,-0.000707
6.792966,-0.070139,-0.086330,1.235331,0.514979,-0.977515,0.955397,-0.283145,-0.291411,0.051604,0.547957,0.306971,-0.515383,0.714221,-0.073891,-2.336971,0.043607,1.300898,-2.199601,-1.202563,3.567786,0.098187,0.001685,-0.000480,0.000565,0.008031,0.000110,0.006975,-0.001037
6.794037,-0.069136,-0.079492,1.233354,0.513686,-0.975485,0.956900,-0.283331,-0.285943,0.047993,0.553579,0.306909,-0.515401,0.714431,-0.073956,-2.336975,0.043614,1.300896,-2.199594,-1.202560,3.567794,0.098185,-0.000112,0.001774,-0.000189,0.007684,0.001195,0.008292,-0.001270
6.795049,-0.071740,-0.080416,1.231073,0.514008,-0.976415,0.957251,-0.283378,-0.277758,0.042177,0.561890,0.306887,-0.515564,0.714655,-0.073955,-2.336977,0.043603,1.300900,-2.199583,-1.202567,3.567797,0.098185,-0.000580,-0.001573,0.000770,0.008726,-0.000796,0.006740,-0.000892
6.796061,-0.071190,-0.083522,1.231647,0.514304,-0.976766,0.957932,-0.284400,-0.269057,0.036390,0.570684,0.306022,-0.515899,0.714825,-0.073864,-2.336973,0.043605,1.300902,-2.199577,-1.202563,3.567802,0.098185,0.000695,-0.001088,0.001886,0.008251,0.000124,0.006371,-0.000797
6.797018,-0.072150,-0.082362,1.234028,0.512037,-0.975661,0.958638,-0.283617,-0.262267,0.031755,0.577522,0.304656,-0.516309,0.714901,-0.073675,-2.336973,0.043607,1.300904,-2.199570,-1.202563,3.567805,0.098191,0.000405,0.000454,0.001565,0.007796,0.000471,0.005671,0.001241
6.798088,-0.072674,-0.081858,1.231616,0.511683,-0.975475,0.957785,-0.283934,-0.255614,0.026692,0.584124,0.302778,-0.516852,0.714964,-0.073414,-2.336971,0.043607,1.300903,-2.199557,-1.202569,3.567810,0.098188,0.000872,-0.000148,0.000381,0.009769,-0.000587,0.004933,-0.000350
6.799122,-0.071962,-0.080388,1.231053,0.512793,-0.976013,0.958681,-0.283630,-0.248264,0.021175,0.591286,0.299287,-0.517636,0.714994,-0.073121,-2.336970,0.043605,1.300907,-2.199547,-1.202568,3.567817,0.098190,0.001110,-0.000379,0.001562,0.009877,-0.000778,0.005763,0.000299
6.800051,-0.072977,-0.080783,1.231531,0.512489,-0.975163,0.958306,-0.283421,-0.236415,0.012350,0.602581,0.289789,-0.519381,0.714857,-0.072584,-2.336968,0.043603,1.300911,-2.199533,-1.202566,3.567827,0.098187,0.001240,-0.000885,0.001541,0.008722,-0.001112,0.005178,-0.000728
6.801122,-0.072583,-0.078947,1.229198,0.512079,-0.976426,0.957737,-0.283496,-0.236415,0.012350,0.602581,0.289789,-0.519381,0.714857,-0.072584,-2.336968,0.043603,1.300911,-2.199533,-1.202566,3.567827,0.098187,0.001240,-0.000885,0.001541,0.008722,-0.001112,0.005178,-0.000728
6.802092,-0.073034,-0.082753,1.233330,0.513208,-0.976550,0.958355,-0.283942,-0.232454,0.009257,0.606238,0.285418,-0.520130,0.714759,-0.072399,-2.336968,0.043599,1.300915,-2.199524,-1.202565,3.567833,0.098188,0.001037,-0.001768,0.002666,0.008916,0.000154,0.005711,-0.000574
6.802995,-0.069970,-0.082187,1.230486,0.514095,-0.975198,0.957996,-0.283604,-0.228881,0.006318,0.609468,0.281453,-0.520813,0.714658,-0.072269,-2.336966,0.043603,1.300912,-2.199519,-1.202566,3.567838,0.098189,0.001246,0.000118,0.000612,0.007654,0.000281,0.005052,0.000320
6.803994,-0.073544,-0.078867,1.231415,0.513322,-0.975390,0.958045,-0.283272,-0.223167,0.001559,0.614819,0.278945,-0.521376,0.714694,-0.072194,-2.336968,0.043601,1.300918,-2.199513,-1.202568,3.567847,0.098186,-0.000283,-0.000165,0.001995,0.006617,-0.001067,0.005368,-0.000359
6.805039,-0.073917,-0.079674,1.228357,0.511699,-0.975889,0.958719,-0.283826,-0.215821,-0.004539,0.621807,0.278177,-0.521756,0.714844,-0.072162,-2.336962,0.043595,1.300919,-2.199503,-1.202567,3.567853,0.098185,0.001469,-0.001769,0.001503,0.007181,-0.000872,0.005279,-0.001019
6.806006,-0.074281,-0.078520,1.228241,0.511795,-0.974612,0.958769,-0.283592,-0.210177,-0.009368,0.627068,0.277627,-0.522062,0.714898,-0.072141,-2.336959,0.043594,1.300924,-2.199493,-1.202566,3.567856,0.098186,0.001607,-0.001337,0.002981,0.008559,-0.000376,0.004578,0.000106
6.807058,-0.073992,-0.080203,1.228296,0.513005,-0.974359,0.958925,-0.283063,-0.207835,-0.011864,0.628968,0.275968,-0.522440,0.714738,-0.072102,-2.336957,0.043592,1.300927,-2.199484,-1.202568,3.567860,0.098183,0.001765,-0.001897,0.002989,0.008244,-0.001655,0.004510,-0.000370
6.808005,-0.073128,-0.079842,1.229825,0.512789,-0.975459,0.958306,-0.284410,-0.207834,-0.012884,0.628501,0.273830,-0.522835,0.714454,-0.072045,-2.336956,0.043592,1.300930,-2.199481,-1.202569,3.567864,0.098179,0.001596,-0.001040,0.002925,0.006953,-0.001882,0.004329,-0.001416
6.809080,-0.075768,-0.078495,1.228732,0.513340,-0.976216,0.958376,-0.283335,-0.207798,-0.014101,0.628092,0.272268,-0.523179,0.714210,-0.071967,-2.336955,0.043592,1.300931,-2.199475,-1.202565,3.567871,0.098187,0.001161,-0.001230,0.002149,0.007039,-0.000808,0.004916,0.001284
6.810069,-0.074706,-0.083464,1.227208,0.512598,-0.976819,0.958803,-0.284022,-0.206949,-0.015873,0.628536,0.271299,-0.523499,0.714046,-0.071864,-2.336950,0.043587,1.300937,-2.199470,-1.202566,3.567875,0.098181,0.002428,-0.001842,0.002635,0.006346,-0.000049,0.004812,-0.000892
6.810985,-0.073725,-0.082824,1.224922,0.512743,-0.977249,0.958048,-0.283441,-0.206280,-0.017876,0.628855,0.270618,-0.523826,0.713905,-0.071749,-2.336949,0.043591,1.300942,-2.199462,-1.202566,3.567880,0.098184,0.001871,0.000617,0.003335,0.006924,0.000552,0.004352,0.000505
6.812081,-0.075061,-0.082856,1.225548,0.512700,-0.978770,0.958621,-0.283917,-0.205733,-0.020747,0.629098,0.269845,-0.524232,0.713755,-0.071632,-2.336949,0.043589,1.300948,-2.199457,-1.202565,3.567887,0.098181,0.001378,0.000297,0.004416,0.006638,0.000974,0.005076,-0.000667
6.813064,-0.075883,-0.077378,1.223747,0.513771,-0.977403,0.957904,-0.283353,-0.205298,-0.024382,0.629250,0.268672,-0.524756,0.713578,-0.071507,-2.336945,0.043587,1.300949,-2.199451,-1.202563,3.567893,0.098183,0.002009,0.000342,0.004076,0.006532,0.002480,0.004458,0.000294
6.813964,-0.074229,-0.083656,1.225387,0.514304,-0.978483,0.958218,-0.282801,-0.206554,-0.027050,0.627737,0.267340,-0.525288,0.713356,-0.071375,-2.336942,0.043579,1.300955,-2.199448,-1.202563,3.567898,0.098183,0.002388,-0.002329,0.004911,0.005393,0.001089,0.005153,-0.000852
6.815034,-0.075953,-0.080039,1.223484,0.513772,-0.977917,0.958113,-0.283151,-0.209543,-0.028396,0.624542,0.266578,-0.525699,0.713142,-0.071258,-2.336946,0.043586,1.300955,-2.199444,-1.202561,3.567905,0.098180,0.001594,0.000785,0.004077,0.004776,0.002176,0.004789,-0.001945
6.816055,-0.076882,-0.077227,1.220775,0.513032,-0.977620,0.956877,-0.282616,-0.212497,-0.029812,0.621423,0.266557,-0.526017,0.713004,-0.071170,-2.336943,0.043580,1.300961,-2.199438,-1.202563,3.567911,0.098182,0.002432,-0.001005,0.004967,0.005170,0.001609,0.004860,-0.001233
6.816969,-0.074520,-0.082433,1.220335,0.513394,-0.976802,0.956164,-0.283402,-0.217143,-0.029901,0.616631,0.266308,-0.526309,0.712798,-0.071092,-2.336940,0.043576,1.300969,-2.199432,-1.202563,3.567919,0.098176,0.002862,-0.002353,0.006234,0.005760,0.001314,0.006062,-0.002300
6.818131,-0.076244,-0.081520,1.225365,0.512923,-0.975790,0.955899,-0.283051,-0.224665,-0.027770,0.608956,0.265218,-0.526596,0.712399,-0.070995,-2.336942,0.043581,1.300975,-2.199430,-1.202565,3.567925,0.098178,0.001687,0.000227,0.006369,0.005338,0.000508,0.006734,-0.000710
6.819008,-0.073623,-0.076590,1.220636,0.513903,-0.974590,0.957100,-0.283557,-0.231261,-0.026221,0.602158,0.263590,-0.526938,0.711947,-0.070864,-2.336938,0.043579,1.300973,-2.199422,-1.202566,3.567929,0.098177,0.002524,-0.000238,0.003853,0.005630,-0.000487,0.006969,-0.001427
6.820011,-0.074892,-0.082293,1.221839,0.514881,-0.974756,0.956062,-0.283420,-0.235171,-0.025887,0.598012,0.261849,-0.527319,0.711592,-0.070700,-2.336940,0.043570,1.300986,-2.199420,-1.202569,3.567934,0.098177,0.001213,-0.002608,0.006106,0.004580,-0.001662,0.005723,-0.000402
6.821024,-0.074642,-0.079745,1.221498,0.514552,-0.974963,0.955400,-0.283785,-0.237836,-0.025738,0.595168,0.260903,-0.527584,0.711372,-0.070506,-2.336936,0.043576,1.300991,-2.199418,-1.202567,3.567944,0.098177,0.001825,0.000213,0.005420,0.003550,-0.001506,0.006722,-0.000686
6.822044,-0.070406,-0.081588,1.221321,0.512580,-0.975167,0.956523,-0.284001,-0.239444,-0.026364,0.593475,0.261328,-0.527681,0.711287,-0.070290,-2.336934,0.043571,1.300995,-2.199414,-1.202569,3.567950,0.098177,0.001668,-0.001036,0.005546,0.003800,-0.001277,0.007348,0.000056
6.823067,-0.073339,-0.080786,1.219488,0.514389,-0.976993,0.956019,-0.283484,-0.238741,-0.028294,0.594149,0.261768,-0.527819,0.711314,-0.070049,-2.336939,0.043572,1.301001,-2.199406,-1.202570,3.567954,0.098180,-0.000413,-0.000106,0.005560,0.005598,-0.001057,0.006180,0.000473
6.824086,-0.073287,-0.081760,1.219182,0.515027,-0.975860,0.955543,-0.284612,-0.235511,-0.031311,0.597383,0.261132,-0.528146,0.711439,-0.069788,-2.336935,0.043572,1.301008,-2.199406,-1.202565,3.567961,0.098175,0.001042,-0.000514,0.006403,0.003753,0.000732,0.006658,-0.000557
6.825082,-0.072305,-0.081887,1.219715,0.514324,-0.976993,0.954328,-0.283101,-0.232059,-0.034523,0.600921,0.260615,-0.528489,0.711631,-0.069534,-2.336935,0.043572,1.301017,-2.199406,-1.202569,3.567967,0.098181,0.001000,-0.000023,0.006444,0.003131,-0.000390,0.007097,0.001708
6.825991,-0.070866,-0.081505,1.215897,0.514161,-0.974694,0.954867,-0.283374,-0.229216,-0.037663,0.603968,0.260938,-0.528764,0.711865,-0.069318,-2.336935,0.043570,1.301022,-2.199401,-1.202568,3.567977,0.098174,0.000504,0.000060,0.006108,0.003732,0.000749,0.008259,-0.001339
6.826958,-0.073836,-0.079712,1.215322,0.515219,-0.975016,0.955299,-0.283634,-0.226360,-0.040838,0.607135,0.261376,-0.529064,0.712110,-0.069147,-2.336937,0.043569,1.301035,-2.199396,-1.202571,3.567982,0.098174,-0.000197,-0.000125,0.007890,0.003776,-0.001553,0.007676,-0.000756
6.828049,-0.070748,-0.078539,1.215605,0.514699,-0.976099,0.955017,-0.283323,-0.225296,-0.042819,0.608628,0.261981,-0.529295,0.712319,-0.069007,-2.336933,0.043567,1.301044,-2.199397,-1.202570,3.567990,0.098175,0.001262,-0.001001,0.008045,0.002726,-0.001212,0.007195,-0.000243
6.829033,-0.070489,-0.082382,1.214040,0.514345,-0.976306,0.953994,-0.283974,-0.226986,-0.042760,0.607475,0.263034,-0.529377,0.712505,-0.068887,-2.336936,0.043564,1.301051,-2.199395,-1.202568,3.567998,0.098173,-0.000273,-0.001551,0.007824,0.003203,-0.000145,0.007439,-0.000869
6.829979,-0.069902,-0.084432,1.212331,0.516203,-0.975677,0.953387,-0.283450,-0.229174,-0.041929,0.605873,0.263871,-0.529471,0.712705,-0.068790,-2.336937,0.043568,1.301062,-2.199392,-1.202564,3.568007,0.098176,-0.000383,0.000354,0.008481,0.003493,0.000021,0.008415,0.000443
6.831090,-0.070663,-0.082551,1.211689,0.516422,-0.976739,0.953298,-0.283498,-0.230199,-0.042206,0.605468,0.264767,-0.529622,0.712923,-0.068723,-2.336936,0.043570,1.301072,-2.199394,-1.202568,3.568017,0.098173,-0.000679,0.001347,0.009215,0.001650,-0.000578,0.008958,-0.000616
6.832156,-0.073171,-0.083342,1.212094,0.515850,-0.975578,0.953530,-0.283451,-0.230723,-0.043790,0.605632,0.266912,-0.529677,0.713151,-0.068692,-2.336936,0.043567,1.301082,-2.199391,-1.202564,3.568021,0.098173,-0.000300,0.000413,0.009413,0.001392,0.000459,0.009018,-0.000512
6.833018,-0.070601,-0.083275,1.209726,0.516500,-0.974834,0.954416,-0.283657,-0.232103,-0.045459,0.604995,0.270122,-0.529610,0.713345,-0.068678,-2.336932,0.043569,1.301090,-2.199389,-1.202567,3.568027,0.098173,0.000915,0.000805,0.009111,0.001910,-0.000691,0.008745,-0.000605
6.834070,-0.069696,-0.081650,1.211373,0.515583,-0.976170,0.955212,-0.283890,-0.234735,-0.046627,0.603156,0.273660,-0.529474,0.713501,-0.068656,-2.336935,0.043567,1.301102,-2.199389,-1.202571,3.568030,0.098172,-0.000351,0.000787,0.010164,0.001243,-0.001393,0.007834,-0.000183
6.835003,-0.070164,-0.080409,1.206618,0.517389,-0.976722,0.954703,-0.282904,-0.237248,-0.047670,0.601518,0.276987,-0.529346,0.713708,-0.068624,-2.336938,0.043564,1.301110,-2.199385,-1.202568,3.568039,0.098175,-0.000769,-0.000001,0.009224,0.002079,-0.000064,0.006984,0.000267
6.836097,-0.069719,-0.079096,1.211333,0.517923,-0.975688,0.953742,-0.283485,-0.239466,-0.048198,0.600265,0.279810,-0.529257,0.714003,-0.068599,-2.336936,0.043564,1.301125,-2.199387,-1.202565,3.568047,0.098169,-0.000546,-0.000610,0.011444,0.000296,0.000449,0.007461,-0.001704
6.836999,-0.071236,-0.081982,1.207000,0.519103,-0.976453,0.954247,-0.283135,-0.242220,-0.047660,0.598566,0.282860,-0.529090,0.714386,-0.068598,-2.336937,0.043560,1.301130,-2.199387,-1.202569,3.568055,0.098170,-0.000758,-0.001226,0.008985,-0.000225,-0.000564,0.008378,-0.000515
6.837976,-0.071364,-0.082371,1.207316,0.517331,-0.976488,0.954132,-0.284039,-0.244978,-0.046748,0.596948,0.286961,-0.528755,0.714886,-0.068619,-2.336936,0.043564,1.301146,-2.199388,-1.202567,3.568061,0.098167,-0.000013,0.000199,0.011009,-0.001380,0.000202,0.007819,-0.001221
6.839017,-0.068997,-0.082438,1.206460,0.518912,-0.975569,0.954501,-0.283121,-0.247981,-0.045984,0.595134,0.291682,-0.528325,0.715441,-0.068650,-2.336935,0.043564,1.301157,-2.199384,-1.202568,3.568069,0.098172,0.000044,0.000376,0.010698,0.000317,0.000242,0.007894,0.000595
6.840068,-0.070879,-0.081050,1.205698,0.517178,-0.974712,0.954633,-0.283621,-0.250819,-0.045675,0.593486,0.296069,-0.527942,0.716008,-0.068681,-2.336939,0.043563,1.301167,-2.199387,-1.202570,3.568078,0.098168,-0.001111,0.000415,0.011006,-0.001216,-0.000671,0.007470,-0.001263
6.840952,-0.071669,-0.084162,1.205308,0.517892,-0.975101,0.954446,-0.283370,-0.254632,-0.045850,0.591915,0.302197,-0.527445,0.717119,-0.068737,-2.336937,0.043565,1.301188,-2.199385,-1.202569,3.568091,0.098169,0.000220,0.001274,0.011323,-0.000240,-0.001134,0.007450,-0.000755
6.842066,-0.072748,-0.081695,1.207452,0.518748,-0.974556,0.953965,-0.283160,-0.254632,-0.045850,0.591915,0.302197,-0.527445,0.717119,-0.068737,-2.336937,0.043565,1.301188,-2.199385,-1.202569,3.568091,0.098169,0.000220,0.001274,0.011323,-0.000240,-0.001134,0.007450,-0.000755
6.843089,-0.072310,-0.081706,1.206572,0.517706,-0.974050,0.953870,-0.283774,-0.256478,-0.046012,0.591057,0.303969,-0.527292,0.717575,-0.068757,-2.336935,0.043563,1.301195,-2.199388,-1.202569,3.568104,0.098166,0.000740,0.000034,0.010166,-0.001014,-0.001688,0.007857,-0.001165
6.843998,-0.071729,-0.082139,1.202882,0.517098,-0.974106,0.953994,-0.282866,-0.259026,-0.046181,0.590311,0.305847,-0.527111,0.718207,-0.068736,-2.336935,0.043563,1.301221,-2.199385,-1.202571,3.568113,0.098163,0.000220,0.000275,0.012160,0.000571,-0.002116,0.007766,-0.001753
6.844985,-0.074965,-0.080236,1.203980,0.516341,-0.975796,0.953935,-0.283845,-0.259026,-0.046181,0.590311,0.305847,-0.527111,0.718207,-0.068736,-2.336935,0.043563,1.301221,-2.199385,-1.202571,3.568113,0.098163,0.000220,0.000275,0.012160,0.000571,-0.002116,0.007766,-0.001753
6.845975,-0.074659,-0.082707,1.207265,0.517218,-0.975519,0.955284,-0.283001,-0.261677,-0.044841,0.588473,0.304430,-0.527250,0.718215,-0.068668,-2.336931,0.043560,1.301231,-2.199383,-1.202564,3.568123,0.098169,0.001805,-0.000659,0.011473,0.001288,-0.000474,0.007768,0.000217
6.847040,-0.075302,-0.078434,1.207297,0.517863,-0.975990,0.955085,-0.284134,-0.265218,-0.042624,0.585624,0.301403,-0.527582,0.718072,-0.068575,-2.336933,0.043566,1.301239,-2.199385,-1.202570,3.568128,0.098165,0.001655,0.000534,0.009725,0.000439,-0.000717,0.006373,-0.001490
6.847987,-0.073970,-0.079463,1.208667,0.518665,-0.974935,0.955791,-0.284285,-0.267470,-0.040816,0.583967,0.297939,-0.528025,0.717975,-0.068474,-2.336931,0.043559,1.301250,-2.199387,-1.202570,3.568137,0.098168,0.001965,-0.001552,0.009586,-0.000160,-0.000239,0.006538,0.000801
6.849007,-0.071037,-0.080623,1.202308,0.516554,-0.977306,0.954703,-0.283524,-0.267709,-0.039631,0.584297,0.295131,-0.528437,0.718025,-0.068361,-2.336933,0.043560,1.301259,-2.199390,-1.202573,3.568140,0.098169,0.001307,-0.001030,0.008791,-0.000888,-0.001277,0.005801,0.001081
6.850049,-0.070862,-0.080495,1.203441,0.517143,-0.976622,0.954506,-0.284101,-0.266032,-0.039173,0.586533,0.292654,-0.528844,0.718168,-0.068236,-2.336935,0.043562,1.301277,-2.199385,-1.202566,3.568151,0.098164,-0.000138,-0.000473,0.011789,0.001119,0.001059,0.006840,-0.000437
6.851068,-0.071309,-0.083688,1.201873,0.517293,-0.976930,0.956215,-0.283084,-0.263038,-0.039486,0.590030,0.289343,-0.529387,0.718255,-0.068099,-2.336935,0.043559,1.301288,-2.199386,-1.202570,3.568159,0.098167,-0.000210,-0.000501,0.011053,0.000542,0.000389,0.006983,0.000730
6.852118,-0.071921,-0.082126,1.202551,0.517117,-0.975997,0.955777,-0.283946,-0.259066,-0.040790,0.594420,0.285458,-0.530030,0.718267,-0.067959,-2.336934,0.043564,1.301301,-2.199388,-1.202566,3.568162,0.098162,-0.000006,0.001047,0.011698,0.000435,0.000666,0.005238,-0.001313
6.852978,-0.074384,-0.083257,1.200435,0.516287,-0.976568,0.954859,-0.283313,-0.250362,-0.045940,0.603714,0.278295,-0.531244,0.718201,-0.067705,-2.336929,0.043564,1.301323,-2.199389,-1.202570,3.568177,0.098161,0.001487,0.000821,0.012147,0.001472,0.000339,0.006529,-0.000847
6.854130,-0.069580,-0.082312,1.199502,0.516414,-0.976197,0.954805,-0.284215,-0.250362,-0.045940,0.603714,0.278295,-0.531244,0.718201,-0.067705,-2.336929,0.043564,1.301323,-2.199389,-1.202570,3.568177,0.098161,0.001487,0.000821,0.012147,0.001472,0.000339,0.006529,-0.000847
6.855029,-0.071170,-0.080358,1.200401,0.517185,-0.975015,0.954556,-0.283862,-0.247837,-0.048034,0.606447,0.274361,-0.531831,0.717988,-0.067573,-2.336936,0.043562,1.301336,-2.199389,-1.202571,3.568181,0.098166,-0.000863,0.000358,0.012457,0.001340,-0.000031,0.006548,0.000969
6.855987,-0.072229,-0.081965,1.196826,0.516806,-0.975735,0.953994,-0.283671,-0.245491,-0.049851,0.608976,0.270404,-0.532389,0.717717,-0.067438,-2.336935,0.043560,1.301347,-2.199389,-1.202573,3.568189,0.098166,-0.000050,-0.000597,0.011871,0.000558,-0.001198,0.006750,0.000237
6.857070,-0.074874,-0.083360,1.200292,0.515913,-0.977138,0.954507,-0.283865,-0.243841,-0.050992,0.610804,0.267105,-0.532800,0.717415,-0.067320,-2.336933,0.043562,1.301363,-2.199388,-1.202572,3.568197,0.098163,0.000457,0.000200,0.013481,0.000939,-0.000473,0.007272,-0.000128
6.858031,-0.070221,-0.080708,1.198530,0.517524,-0.977157,0.953861,-0.283759,-0.243970,-0.051311,0.610830,0.264154,-0.533094,0.717022,-0.067242,-2.336929,0.043562,1.301372,-2.199385,-1.202566,3.568204,0.098164,0.001735,0.000895,0.011607,0.001748,0.000881,0.006701,0.000262
6.858954,-0.071416,-0.082988,1.197848,0.517725,-0.977232,0.954801,-0.283278,-0.244199,-0.051742,0.610732,0.261260,-0.533385,0.716605,-0.067218,-2.336935,0.043558,1.301387,-2.199388,-1.202566,3.568210,0.098163,-0.000562,-0.000401,0.012334,0.000201,0.000884,0.007323,0.000048
6.860010,-0.070770,-0.083819,1.197291,0.517370,-0.976308,0.953886,-0.283475,-0.242973,-0.052934,0.612125,0.259191,-0.533630,0.716286,-0.067254,-2.336933,0.043562,1.301400,-2.199389,-1.202569,3.568213,0.098160,0.000047,0.000715,0.012516,0.000025,0.000988,0.006350,-0.000909
6.861000,-0.067105,-0.081644,1.197469,0.516590,-0.976857,0.952386,-0.284130,-0.240398,-0.055151,0.614929,0.258277,-0.533785,0.716087,-0.067349,-2.336933,0.043561,1.301413,-2.199387,-1.202571,3.568222,0.098161,-0.000282,0.001142,0.012632,0.000339,0.000078,0.007229,-0.000504
6.862002,-0.069312,-0.081392,1.198272,0.516299,-0.975582,0.954589,-0.283249,-0.235976,-0.058508,0.619620,0.257582,-0.533962,0.715968,-0.067473,-2.336937,0.043558,1.301426,-2.199384,-1.202570,3.568234,0.098162,-0.002087,0.000069,0.012383,0.001058,0.000630,0.008667,0.000808
6.863056,-0.071943,-0.082941,1.195029,0.516338,-0.975165,0.953765,-0.284493,-0.229124,-0.062571,0.626740,0.256085,-0.534270,0.715911,-0.067594,-2.336935,0.043558,1.301438,-2.199384,-1.202574,3.568238,0.098157,-0.000980,-0.000046,0.011842,0.001340,-0.000622,0.006404,-0.000964
6.864158,-0.070291,-0.082495,1.196078,0.518628,-0.975983,0.952884,-0.283973,-0.222124,-0.066174,0.634014,0.253884,-0.534626,0.715867,-0.067695,-2.336931,0.043560,1.301453,-2.199384,-1.202573,3.568246,0.098161,0.000296,0.000714,0.013303,0.001304,-0.001037,0.007206,0.001550
6.864988,-0.065601,-0.080750,1.192427,0.517436,-0.976405,0.952601,-0.283493,-0.217356,-0.068753,0.639150,0.252278,-0.534822,0.715789,-0.067774,-2.336933,0.043560,1.301464,-2.199389,-1.202571,3.568253,0.098158,-0.000533,0.000482,0.012628,-0.000899,-0.000229,0.008048,0.000486
6.866036,-0.071337,-0.080905,1.192519,0.517642,-0.975640,0.952039,-0.284096,-0.213729,-0.070882,0.643288,0.251972,-0.534808,0.715729,-0.067840,-2.336940,0.043558,1.301481,-2.199385,-1.202569,3.568259,0.098154,-0.002807,-0.000373,0.014269,0.000238,0.000172,0.008285,-0.000457
6.867008,-0.074631,-0.081117,1.191688,0.518885,-0.975912,0.953062,-0.284031,-0.211109,-0.072164,0.646506,0.252153,-0.534691,0.715651,-0.067881,-2.336933,0.043558,1.301492,-2.199385,-1.202570,3.568270,0.098159,0.000031,-0.000286,0.014067,0.000020,-0.000598,0.008790,0.000751
6.867992,-0.069299,-0.085599,1.192684,0.517235,-0.976181,0.952788,-0.284458,-0.212336,-0.071286,0.645940,0.252838,-0.534412,0.715461,-0.067885,-2.336929,0.043558,1.301507,-2.199387,-1.202571,3.568275,0.098159,0.001616,-0.000185,0.014317,-0.001189,-0.000308,0.007717,0.000609
6.869084,-0.073152,-0.082817,1.194322,0.518807,-0.975656,0.952724,-0.283373,-0.216256,-0.069496,0.642751,0.254231,-0.534002,0.715245,-0.067873,-2.336934,0.043562,1.301519,-2.199383,-1.202568,3.568285,0.098163,-0.001029,0.002029,0.013657,0.000404,-0.000064,0.007945,0.001458
6.870072,-0.070690,-0.082094,1.192787,0.518748,-0.976871,0.953343,-0.284207,-0.218491,-0.069284,0.641275,0.255679,-0.533648,0.715151,-0.067877,-2.336931,0.043560,1.301531,-2.199385,-1.202573,3.568293,0.098157,0.000898,0.000628,0.012700,-0.001157,-0.000553,0.007956,-0.000721
6.870967,-0.071574,-0.083562,1.192156,0.518580,-0.976701,0.953271,-0.283111,-0.218685,-0.070314,0.641876,0.257307,-0.533311,0.715208,-0.067907,-2.336934,0.043560,1.301544,-2.199385,-1.202570,3.568300,0.098162,-0.000320,0.000279,0.013325,-0.001082,0.000656,0.007293,0.000967
6.872085,-0.071786,-0.082625,1.193934,0.519042,-0.976311,0.952246,-0.283850,-0.218002,-0.071641,0.643416,0.259090,-0.532948,0.715376,-0.067958,-2.336934,0.043562,1.301558,-2.199383,-1.202571,3.568308,0.098153,0.000138,0.001004,0.013467,-0.000956,0.000474,0.007321,-0.001228
6.873066,-0.072565,-0.080070,1.191743,0.516848,-0.976095,0.950777,-0.283181,-0.216323,-0.073440,0.645962,0.260691,-0.532606,0.715614,-0.068017,-2.336934,0.043562,1.301567,-2.199385,-1.202572,3.568317,0.098157,0.000241,0.000524,0.012457,-0.001388,0.000091,0.008300,0.000272
6.874094,-0.072484,-0.079175,1.191356,0.517084,-0.976653,0.951986,-0.283582,-0.214392,-0.074916,0.648697,0.261354,-0.532345,0.715800,-0.068064,-2.336934,0.043560,1.301581,-2.199381,-1.202572,3.568331,0.098154,0.000636,-0.000741,0.013399,0.000730,-0.000116,0.009692,-0.001084
6.875104,-0.074118,-0.082165,1.188955,0.516220,-0.976304,0.952571,-0.283852,-0.213785,-0.074583,0.650010,0.259885,-0.532258,0.715798,-0.068088,-2.336933,0.043558,1.301596,-2.199380,-1.202570,3.568335,0.098156,0.000576,-0.001156,0.013404,0.000465,0.000428,0.008432,-0.000267
6.876116,-0.071446,-0.081320,1.191142,0.518215,-0.975960,0.952188,-0.283737,-0.215233,-0.072390,0.649204,0.256366,-0.532337,0.715616,-0.068096,-2.336929,0.043562,1.301611,-2.199378,-1.202570,3.568341,0.098156,0.001351,0.000313,0.014432,0.001288,0.000070,0.007816,0.000267
6.877013,-0.071760,-0.080090,1.187682,0.517403,-0.975453,0.952786,-0.283371,-0.217463,-0.069916,0.647611,0.252131,-0.532479,0.715394,-0.068109,-2.336933,0.043560,1.301621,-2.199384,-1.202571,3.568351,0.098154,0.000037,-0.000107,0.013202,-0.000592,-0.000267,0.008150,0.000040
6.878054,-0.072417,-0.083725,1.190536,0.517930,-0.975679,0.953137,-0.283381,-0.219050,-0.068084,0.646725,0.248403,-0.532574,0.715262,-0.068154,-2.336933,0.043558,1.301637,-2.199381,-1.202571,3.568360,0.098154,0.000208,-0.000700,0.014763,0.000169,-0.000776,0.007490,-0.000697
6.879057,-0.072108,-0.082552,1.191814,0.517852,-0.976028,0.952799,-0.283570,-0.219732,-0.067055,0.646816,0.245417,-0.532601,0.715251,-0.068238,-2.336931,0.043563,1.301648,-2.199382,-1.202572,3.568368,0.098154,0.000514,0.001076,0.013172,-0.000338,-0.000535,0.007090,-0.000669
6.880036,-0.072965,-0.083275,1.190117,0.518405,-0.977049,0.952032,-0.282689,-0.218182,-0.067844,0.649177,0.243052,-0.532628,0.715413,-0.068352,-2.336931,0.043564,1.301659,-2.199382,-1.202571,3.568376,0.098157,0.000355,0.000460,0.012410,-0.000252,-0.000192,0.007386,-0.000300
6.881199,-0.071060,-0.080370,1.187774,0.518048,-0.975710,0.952834,-0.283130,-0.214103,-0.070553,0.654122,0.241275,-0.532680,0.715735,-0.068482,-2.336929,0.043564,1.301674,-2.199383,-1.202567,3.568385,0.098152,0.000769,0.000828,0.013098,-0.000802,0.000797,0.008107,-0.002061
6.882052,-0.071248,-0.080389,1.186736,0.517082,-0.976261,0.952806,-0.282724,-0.209722,-0.073622,0.659472,0.239931,-0.532724,0.716101,-0.068616,-2.336931,0.043560,1.301691,-2.199382,-1.202570,3.568390,0.098152,-0.000177,-0.000595,0.014072,-0.000459,-0.000534,0.007257,-0.001154
6.883055,-0.072362,-0.079005,1.189753,0.516879,-0.975370,0.952391,-0.282915,-0.206655,-0.075643,0.663599,0.238361,-0.532802,0.716410,-0.068721,-2.336931,0.043560,1.301704,-2.199381,-1.202570,3.568397,0.098150,-0.000073,-0.000570,0.014423,0.000503,0.000035,0.007250,-0.001974
6.884024,-0.070755,-0.081286,1.186138,0.517183,-0.975237,0.951889,-0.283721,-0.204684,-0.076359,0.666645,0.235752,-0.533011,0.716607,-0.068783,-2.336929,0.043558,1.301714,-2.199382,-1.202573,3.568406,0.098149,0.000468,-0.001244,0.012780,0.000709,-0.000837,0.007616,-0.001576
6.885050,-0.069565,-0.082278,1.188190,0.517404,-0.975042,0.952959,-0.283748,-0.202892,-0.076504,0.669510,0.232280,-0.533340,0.716689,-0.068797,-2.336931,0.043560,1.301730,-2.199384,-1.202572,3.568416,0.098149,-0.000328,-0.000109,0.014424,0.000446,-0.000977,0.008059,0.000046
6.886056,-0.068784,-0.080997,1.188052,0.518740,-0.975523,0.953075,-0.284433,-0.200131,-0.077375,0.673371,0.228775,-0.533718,0.716723,-0.068747,-2.336933,0.043562,1.301741,-2.199386,-1.202572,3.568419,0.098147,-0.000897,0.000360,0.013238,0.000277,-0.001172,0.006959,0.000092
6.887166,-0.070638,-0.083377,1.185950,0.516735,-0.976897,0.953636,-0.284158,-0.194988,-0.079999,0.679634,0.226120,-0.534076,0.716834,-0.068636,-2.336934,0.043560,1.301754,-2.199388,-1.202572,3.568426,0.098152,-0.001264,-0.000271,0.013164,-0.001010,-0.000687,0.006806,0.001458
6.888007,-0.072580,-0.080252,1.187179,0.518151,-0.976528,0.954701,-0.283746,-0.188136,-0.083921,0.687579,0.224310,-0.534405,0.717017,-0.068482,-2.336933,0.043563,1.301771,-2.199384,-1.202569,3.568428,0.098152,-0.000345,0.000896,0.014024,0.000931,0.000673,0.006230,0.000888
6.889023,-0.070824,-0.081066,1.186754,0.517141,-0.976586,0.954700,-0.283850,-0.182101,-0.087662,0.694620,0.222663,-0.534741,0.717158,-0.068319,-2.336931,0.043560,1.301782,-2.199387,-1.202573,3.568431,0.098151,0.000602,-0.000653,0.013252,-0.000463,0.000319,0.005142,0.000065
6.890024,-0.069474,-0.081036,1.186553,0.518123,-0.975840,0.954766,-0.283437,-0.177717,-0.090409,0.699924,0.221127,-0.535061,0.717258,-0.068180,-2.336933,0.043560,1.301795,-2.199384,-1.202570,3.568438,0.098152,-0.000270,-0.000226,0.013316,0.000509,0.000359,0.005113,0.000281
6.891110,-0.071294,-0.083637,1.182317,0.518026,-0.976640,0.955042,-0.283774,-0.173494,-0.092841,0.705001,0.219837,-0.535375,0.717393,-0.068085,-2.336934,0.043560,1.301809,-2.199386,-1.202572,3.568441,0.098149,-0.000923,-0.000246,0.013257,-0.000447,-0.000379,0.005026,-0.000544
6.892011,-0.071393,-0.081260,1.186687,0.517307,-0.976855,0.954505,-0.283685,-0.169417,-0.095449,0.709884,0.219132,-0.535639,0.717561,-0.068034,-2.336933,0.043563,1.301826,-2.199388,-1.202571,3.568445,0.098151,-0.000017,0.001027,0.015191,-0.000291,0.000426,0.004727,0.000135
6.893004,-0.071377,-0.081546,1.184255,0.516296,-0.976153,0.954069,-0.284244,-0.166515,-0.097884,0.713520,0.218855,-0.535845,0.717697,-0.068010,-2.336933,0.043560,1.301834,-2.199387,-1.202570,3.568450,0.098149,0.000024,-0.000145,0.012858,0.000400,0.000627,0.005242,-0.000041
6.894111,-0.073067,-0.083211,1.183311,0.516717,-0.977068,0.955254,-0.283234,-0.164111,-0.099927,0.716530,0.217869,-0.536132,0.717762,-0.067996,-2.336933,0.043560,1.301849,-2.199384,-1.202572,3.568455,0.098152,0.000015,0.000011,0.013927,0.001353,-0.000070,0.005647,0.001078
6.895130,-0.071741,-0.080386,1.181803,0.518752,-0.977151,0.955760,-0.283544,-0.162424,-0.101370,0.718711,0.215827,-0.536523,0.717728,-0.067983,-2.336931,0.043562,1.301863,-2.199384,-1.202571,3.568456,0.098149,0.000844,0.000830,0.014235,0.000914,0.000854,0.004437,-0.000963
6.895991,-0.071645,-0.080769,1.184706,0.518234,-0.976124,0.956516,-0.283552,-0.162616,-0.101957,0.719005,0.214050,-0.536835,0.717647,-0.067976,-2.336933,0.043558,1.301879,-2.199390,-1.202569,3.568461,0.098149,0.000191,-0.000560,0.014790,-0.001001,0.000913,0.003910,-0.000316
6.897006,-0.071848,-0.079989,1.181443,0.517538,-0.975861,0.955661,-0.282986,-0.163821,-0.101942,0.718347,0.213815,-0.536925,0.717653,-0.067970,-2.336933,0.043558,1.301889,-2.199388,-1.202572,3.568464,0.098148,0.000148,-0.000351,0.013198,-0.000502,-0.000102,0.003135,-0.000301
6.898072,-0.075286,-0.082601,1.183016,0.519103,-0.975303,0.954774,-0.283878,-0.164790,-0.101675,0.717950,0.214575,-0.536878,0.717755,-0.067956,-2.336933,0.043558,1.301906,-2.199388,-1.202573,3.568470,0.098147,0.000252,-0.000745,0.014660,0.000202,-0.000340,0.003968,-0.001442
6.899042,-0.070234,-0.079821,1.181858,0.518270,-0.976690,0.955906,-0.283466,-0.166399,-0.101003,0.716916,0.215893,-0.536724,0.717830,-0.067929,-2.336927,0.043560,1.301917,-2.199391,-1.202574,3.568475,0.098149,0.001921,0.000544,0.013718,-0.001326,-0.000890,0.004827,0.000362
6.900022,-0.073381,-0.081390,1.182743,0.518817,-0.975563,0.955193,-0.283453,-0.168451,-0.100317,0.715471,0.218057,-0.536454,0.717873,-0.067900,-2.336933,0.043556,1.301934,-2.199387,-1.202570,3.568475,0.098147,-0.000581,-0.000824,0.014109,-0.000557,0.000472,0.003670,-0.000480
6.901016,-0.071835,-0.083098,1.180582,0.517722,-0.974482,0.955677,-0.282996,-0.169375,-0.100140,0.715188,0.220581,-0.536190,0.717949,-0.067892,-2.336929,0.043558,1.301945,-2.199390,-1.202571,3.568482,0.098147,0.000988,-0.000037,0.013517,-0.001038,-0.000666,0.004360,-0.000498
6.902089,-0.072540,-0.081761,1.182696,0.518479,-0.976574,0.955193,-0.282546,-0.169237,-0.100576,0.715983,0.222973,-0.535985,0.718033,-0.067921,-2.336931,0.043562,1.301962,-2.199387,-1.202574,3.568485,0.098143,0.000213,0.000773,0.014408,-0.000008,-0.001720,0.003851,-0.001404
6.903068,-0.070443,-0.080477,1.181792,0.517204,-0.974933,0.955329,-0.283515,-0.168166,-0.101799,0.717719,0.224976,-0.535850,0.718108,-0.067988,-2.336929,0.043560,1.301974,-2.199388,-1.202569,3.568489,0.098143,0.000555,0.000110,0.013190,-0.000754,0.000349,0.004316,-0.002303
6.904040,-0.072604,-0.079336,1.180517,0.517691,-0.975129,0.955545,-0.282451,-0.165594,-0.103636,0.720955,0.226167,-0.535841,0.718188,-0.068078,-2.336931,0.043558,1.301989,-2.199386,-1.202575,3.568493,0.098147,-0.000486,-0.000507,0.013478,0.000495,-0.001266,0.004151,-0.000355
6.904973,-0.068325,-0.079945,1.179794,0.516609,-0.976640,0.955490,-0.283346,-0.162394,-0.105139,0.724822,0.226278,-0.535955,0.718239,-0.068172,-2.336927,0.043556,1.302006,-2.199388,-1.202573,3.568495,0.098141,0.000574,-0.001056,0.013912,0.000032,-0.001066,0.003924,-0.002497
6.906060,-0.070320,-0.080963,1.178744,0.517337,-0.975998,0.955433,-0.283441,-0.159410,-0.105822,0.728468,0.225228,-0.536185,0.718230,-0.068255,-2.336933,0.043556,1.302022,-2.199386,-1.202570,3.568498,0.098144,-0.001532,-0.000743,0.014074,0.001085,0.000428,0.003961,-0.000680
6.907055,-0.071804,-0.084243,1.175186,0.517398,-0.974698,0.955032,-0.283338,-0.155943,-0.106419,0.732570,0.223164,-0.536551,0.718196,-0.068299,-2.336930,0.043556,1.302037,-2.199387,-1.202573,3.568503,0.098144,-0.000530,-0.000232,0.014429,0.000356,-0.000206,0.003991,-0.000507
6.907985,-0.071619,-0.082270,1.175426,0.518266,-0.975940,0.955378,-0.283558,-0.153208,-0.107152,0.735904,0.221066,-0.536910,0.718109,-0.068291,-2.336930,0.043560,1.302057,-2.199388,-1.202575,3.568507,0.098142,0.000203,0.001374,0.015981,0.000341,-0.001494,0.004369,-0.000711
6.909035,-0.074590,-0.081140,1.176155,0.516187,-0.975744,0.955056,-0.284003,-0.153140,-0.107559,0.736542,0.219986,-0.537085,0.717929,-0.068232,-2.336930,0.043558,1.302070,-2.199391,-1.202571,3.568511,0.098143,0.000108,0.000386,0.015676,-0.000479,-0.000271,0.003990,-0.000267
6.910024,-0.071159,-0.078788,1.177002,0.516644,-0.975911,0.954750,-0.284415,-0.155829,-0.106946,0.734371,0.219431,-0.537144,0.717654,-0.068114,-2.336927,0.043556,1.302085,-2.199385,-1.202572,3.568515,0.098142,0.001570,-0.000154,0.015139,0.001489,-0.000469,0.004296,0.000631
6.911071,-0.069683,-0.081126,1.172687,0.516723,-0.976175,0.954209,-0.283776,-0.160022,-0.104915,0.730639,0.218064,-0.537275,0.717299,-0.067942,-2.336931,0.043553,1.302097,-2.199386,-1.202573,3.568520,0.098145,-0.000135,-0.001292,0.014569,0.001043,-0.000291,0.004573,0.001442
6.912058,-0.072383,-0.083389,1.175485,0.516258,-0.975444,0.954740,-0.284907,-0.163842,-0.102241,0.727282,0.215789,-0.537523,0.716942,-0.067749,-2.336933,0.043554,1.302118,-2.199385,-1.202571,3.568526,0.098143,-0.000839,-0.000118,0.016501,0.000929,-0.000042,0.005082,0.000154
6.912977,-0.072107,-0.082891,1.173478,0.517002,-0.976276,0.954674,-0.284053,-0.166501,-0.100132,0.725119,0.213301,-0.537834,0.716638,-0.067563,-2.336928,0.043557,1.302131,-2.199382,-1.202573,3.568527,0.098147,0.000481,0.000975,0.014912,0.001344,-0.000768,0.004530,0.002432
6.913959,-0.068266,-0.080151,1.172976,0.517909,-0.976872,0.953677,-0.283920,-0.168148,-0.099145,0.723991,0.211055,-0.538151,0.716407,-0.067396,-2.336928,0.043558,1.302146,-2.199384,-1.202570,3.568533,0.098142,0.000325,0.000706,0.015749,0.000627,0.000054,0.004570,0.000705
6.915087,-0.071391,-0.081431,1.172434,0.517433,-0.976361,0.954654,-0.283534,-0.168850,-0.098914,0.723867,0.209556,-0.538395,0.716282,-0.067267,-2.336932,0.043554,1.302163,-2.199388,-1.202569,3.568539,0.098142,-0.001562,-0.000630,0.015789,-0.000183,0.000639,0.005539,0.000455
6.915995,-0.069405,-0.082362,1.173504,0.517764,-0.977603,0.955560,-0.283065,-0.168760,-0.098857,0.724600,0.208953,-0.538540,0.716263,-0.067183,-2.336929,0.043555,1.302181,-2.199387,-1.202571,3.568545,0.098142,-0.000008,0.000012,0.015845,0.000272,0.000133,0.004503,-0.000324
6.917099,-0.072039,-0.083919,1.170029,0.518155,-0.975419,0.955370,-0.283803,-0.167822,-0.099161,0.726198,0.208986,-0.538641,0.716344,-0.067147,-2.336931,0.043556,1.302194,-2.199386,-1.202571,3.568549,0.098139,-0.001005,0.000470,0.015145,-0.000078,0.001394,0.003576,-0.001251
6.918072,-0.072035,-0.083591,1.167884,0.516389,-0.975561,0.953762,-0.283190,-0.166337,-0.100188,0.728362,0.209787,-0.538689,0.716516,-0.067153,-2.336928,0.043558,1.302212,-2.199388,-1.202573,3.568554,0.098142,0.000308,0.001229,0.016690,-0.000430,-0.000807,0.003750,0.000237
6.919062,-0.072017,-0.084718,1.167803,0.518628,-0.975970,0.952782,-0.283566,-0.166592,-0.100946,0.728824,0.211059,-0.538649,0.716626,-0.067183,-2.336930,0.043556,1.302230,-2.199384,-1.202574,3.568562,0.098138,0.000311,0.001075,0.017542,0.001269,-0.000632,0.005324,-0.001001
6.919986,-0.071257,-0.084328,1.169835,0.518298,-0.976071,0.952742,-0.283018,-0.169679,-0.100751,0.726456,0.212333,-0.538534,0.716552,-0.067219,-2.336929,0.043558,1.302248,-2.199389,-1.202572,3.568568,0.098141,0.000287,0.001625,0.017363,-0.000899,-0.000238,0.006257,-0.000238
6.921035,-0.069544,-0.080485,1.168410,0.518244,-0.977201,0.952611,-0.283333,-0.173379,-0.100673,0.723434,0.214220,-0.538328,0.716418,-0.067256,-2.336929,0.043558,1.302260,-2.199387,-1.202572,3.568573,0.098135,-0.000094,0.001424,0.016186,-0.000590,-0.000139,0.006262,-0.001331
6.922040,-0.069928,-0.082563,1.167372,0.517971,-0.976424,0.951712,-0.284280,-0.175673,-0.101113,0.721765,0.216563,-0.538093,0.716347,-0.067283,-2.336928,0.043553,1.302278,-2.199386,-1.202568,3.568578,0.098137,-0.000961,-0.000461,0.016697,-0.000552,0.000959,0.006364,-0.000692
6.922996,-0.069276,-0.082878,1.164616,0.517287,-0.976233,0.953069,-0.283025,-0.176713,-0.101336,0.721312,0.218479,-0.537933,0.716320,-0.067282,-2.336928,0.043557,1.302295,-2.199386,-1.202570,3.568585,0.098141,-0.000767,0.000564,0.017012,-0.000282,0.000186,0.007228,0.001200
6.924073,-0.071630,-0.082017,1.164909,0.514844,-0.975878,0.952854,-0.283689,-0.177505,-0.101160,0.721079,0.219629,-0.537879,0.716276,-0.067244,-2.336929,0.043557,1.302315,-2.199386,-1.202570,3.568586,0.098134,-0.001077,0.000707,0.018157,0.000405,0.000000,0.005844,-0.001326
6.924991,-0.068235,-0.082286,1.168120,0.518252,-0.976144,0.952661,-0.283031,-0.179091,-0.100235,0.719964,0.219063,-0.538017,0.716133,-0.067168,-2.336928,0.043557,1.302333,-2.199380,-1.202572,3.568596,0.098141,0.000096,0.000274,0.017777,0.002728,-0.000341,0.006014,0.000012
6.925997,-0.067817,-0.085024,1.165052,0.516096,-0.978373,0.952465,-0.283985,-0.180398,-0.099025,0.718987,0.216834,-0.538348,0.715944,-0.067062,-2.336932,0.043556,1.302347,-2.199388,-1.202576,3.568602,0.098136,-0.001583,0.000434,0.015999,-0.000558,-0.000021,0.006166,-0.001312
6.927160,-0.070611,-0.083661,1.164508,0.517803,-0.977664,0.953593,-0.284140,-0.178579,-0.099486,0.721011,0.214387,-0.538774,0.715881,-0.066949,-2.336933,0.043561,1.302367,-2.199382,-1.202570,3.568609,0.098138,-0.001756,0.001751,0.017317,0.001523,0.002159,0.006321,0.000622
6.928048,-0.071882,-0.080506,1.167061,0.518060,-0.975497,0.953397,-0.284946,-0.174564,-0.101589,0.725126,0.212195,-0.539237,0.715919,-0.066835,-2.336932,0.043560,1.302386,-2.199385,-1.202570,3.568613,0.098139,-0.000358,0.001064,0.017355,-0.000169,0.001430,0.005159,0.000914
6.929037,-0.067908,-0.082323,1.161910,0.519146,-0.978254,0.954514,-0.284012,-0.171414,-0.103403,0.728309,0.210922,-0.539555,0.715988,-0.066725,-2.336928,0.043556,1.302399,-2.199384,-1.202577,3.568618,0.098141,0.000222,-0.000475,0.015905,-0.000423,-0.000683,0.005334,0.002531
6.930018,-0.070672,-0.081740,1.162854,0.517285,-0.974835,0.954213,-0.283636,-0.169606,-0.104275,0.730162,0.211330,-0.539589,0.716127,-0.066645,-2.336934,0.043559,1.302424,-2.199388,-1.202571,3.568622,0.098136,-0.001728,0.000416,0.018222,-0.001427,0.002055,0.004180,0.000645
6.931006,-0.070001,-0.080771,1.162581,0.517751,-0.975251,0.953064,-0.284271,-0.168750,-0.104553,0.731101,0.212788,-0.539432,0.716311,-0.066616,-2.336930,0.043558,1.302441,-2.199384,-1.202578,3.568627,0.098134,-0.000354,0.000133,0.017511,0.000367,-0.001352,0.004468,-0.000086
6.932024,-0.071839,-0.080287,1.162047,0.517781,-0.977593,0.951403,-0.283186,-0.168983,-0.104105,0.730931,0.214130,-0.539217,0.716437,-0.066619,-2.336932,0.043557,1.302458,-2.199386,-1.202575,3.568635,0.098137,-0.000686,-0.000349,0.017445,-0.000071,-0.000930,0.005576,0.001191
6.933042,-0.070962,-0.080161,1.159965,0.518454,-0.975944,0.952601,-0.284268,-0.170441,-0.102646,0.729498,0.214878,-0.538999,0.716419,-0.066628,-2.336928,0.043558,1.302475,-2.199388,-1.202571,3.568646,0.098133,0.000201,-0.000595,0.017509,-0.000048,0.001400,0.007178,-0.000996
6.934036,-0.072949,-0.080609,1.162964,0.518158,-0.975280,0.952449,-0.283320,-0.173523,-0.100095,0.726469,0.215411,-0.538754,0.716242,-0.066637,-2.336930,0.043556,1.302496,-2.199389,-1.202574,3.568646,0.098138,-0.000233,-0.000638,0.018315,-0.000710,-0.000266,0.005948,0.001189
6.934977,-0.071982,-0.084117,1.159286,0.517030,-0.978003,0.952299,-0.283453,-0.177673,-0.096985,0.722457,0.216271,-0.538449,0.715994,-0.066643,-2.336927,0.043554,1.302511,-2.199387,-1.202575,3.568651,0.098133,0.000748,-0.000388,0.016609,-0.000450,-0.000912,0.006088,-0.000728
6.936021,-0.069957,-0.083214,1.157563,0.517121,-0.975320,0.953282,-0.283985,-0.181418,-0.094474,0.718930,0.217068,-0.538190,0.715747,-0.066650,-2.336927,0.043556,1.302532,-2.199384,-1.202569,3.568658,0.098133,0.000249,0.001362,0.018227,0.000622,0.001789,0.006196,-0.000440
6.937092,-0.072220,-0.082194,1.159206,0.517345,-0.976298,0.952476,-0.283569,-0.184181,-0.093178,0.716452,0.217034,-0.538101,0.715504,-0.066643,-2.336931,0.043555,1.302553,-2.199384,-1.202576,3.568667,0.098136,-0.000718,0.000897,0.018828,0.000515,-0.000880,0.005147,0.000622
6.938124,-0.072046,-0.084677,1.160050,0.516825,-0.975947,0.952444,-0.283880,-0.186197,-0.092665,0.714800,0.216391,-0.538116,0.715301,-0.066609,-2.336930,0.043555,1.302568,-2.199384,-1.202571,3.568672,0.098133,0.000419,0.000389,0.017807,0.000287,0.000088,0.005940,-0.000215
6.939098,-0.068016,-0.081734,1.155749,0.516166,-0.975354,0.953271,-0.284039,-0.187168,-0.092813,0.714255,0.215473,-0.538179,0.715177,-0.066550,-2.336930,0.043559,1.302585,-2.199382,-1.202570,3.568679,0.098133,0.000323,0.001600,0.017192,0.000771,-0.000283,0.005923,0.000420
6.940082,-0.071934,-0.081093,1.157396,0.517831,-0.977386,0.952686,-0.283666,-0.186488,-0.093815,0.715406,0.213935,-0.538346,0.715145,-0.066464,-2.336934,0.043558,1.302607,-2.199380,-1.202574,3.568684,0.098135,-0.001671,0.000117,0.019094,0.001389,-0.000844,0.005059,0.000728
6.941014,-0.073106,-0.078788,1.154941,0.518201,-0.978278,0.951934,-0.283290,-0.185209,-0.094689,0.717203,0.211915,-0.538562,0.715182,-0.066362,-2.336930,0.043556,1.302623,-2.199384,-1.202573,3.568692,0.098134,0.000277,-0.000167,0.018058,-0.000213,0.001201,0.005605,-0.000026
6.942075,-0.073593,-0.077947,1.153834,0.518909,-0.977880,0.952013,-0.284024,-0.185906,-0.093908,0.717074,0.210444,-0.538650,0.715209,-0.066270,-2.336927,0.043554,1.302644,-2.199386,-1.202570,3.568699,0.098133,0.000823,-0.001314,0.019052,-0.000521,0.002052,0.006317,-0.000775
6.943063,-0.070804,-0.078962,1.155527,0.518052,-0.978067,0.951405,-0.283999,-0.190495,-0.090506,0.713139,0.210148,-0.538514,0.715135,-0.066201,-2.336927,0.043555,1.302663,-2.199389,-1.202569,3.568707,0.098134,0.001062,-0.001735,0.019373,-0.001165,0.001633,0.006185,0.000714
6.943994,-0.069722,-0.077017,1.156023,0.519367,-0.975484,0.951432,-0.283534,-0.197222,-0.085523,0.707143,0.210692,-0.538256,0.714992,-0.066157,-2.336931,0.043555,1.302679,-2.199385,-1.202570,3.568714,0.098135,-0.000304,-0.001223,0.018313,-0.000389,0.001839,0.006758,0.000643
6.945028,-0.071803,-0.078369,1.150710,0.517206,-0.977294,0.951895,-0.284179,-0.201977,-0.081249,0.703125,0.211730,-0.538003,0.714916,-0.066146,-2.336933,0.043551,1.302696,-2.199386,-1.202576,3.568722,0.098132,-0.000811,-0.002160,0.017867,-0.001689,-0.000716,0.006674,-0.000284
6.946029,-0.073245,-0.080967,1.155529,0.517505,-0.978096,0.951578,-0.283267,-0.204798,-0.077730,0.700996,0.212920,-0.537762,0.714889,-0.066163,-2.336930,0.043553,1.302721,-2.199382,-1.202573,3.568728,0.098136,0.000207,-0.001490,0.020255,0.000408,0.001110,0.006172,0.001010
6.947007,-0.071628,-0.083616,1.153157,0.518051,-0.976985,0.952968,-0.283951,-0.207547,-0.074428,0.698840,0.213270,-0.537634,0.714783,-0.066200,-2.336928,0.043557,1.302732,-2.199384,-1.202570,3.568734,0.098130,0.000895,-0.000230,0.017660,0.000134,0.001872,0.006461,-0.000818
6.948051,-0.071809,-0.081721,1.152007,0.517350,-0.976578,0.953306,-0.282987,-0.208576,-0.073003,0.698302,0.212873,-0.537693,0.714676,-0.066256,-2.336929,0.043561,1.302752,-2.199385,-1.202575,3.568739,0.098133,0.000094,0.001046,0.018640,-0.000406,0.000788,0.005025,0.000569
6.949024,-0.069958,-0.080584,1.153631,0.518760,-0.975480,0.953072,-0.283777,-0.207133,-0.074076,0.700192,0.212504,-0.537848,0.714663,-0.066325,-2.336929,0.043560,1.302772,-2.199382,-1.202575,3.568747,0.098129,0.000192,0.000082,0.018968,0.000253,0.000388,0.004648,-0.001375
6.950026,-0.071013,-0.080015,1.150998,0.517506,-0.976017,0.952355,-0.283516,-0.204073,-0.076527,0.703659,0.212383,-0.538000,0.714734,-0.066395,-2.336931,0.043561,1.302789,-2.199386,-1.202576,3.568753,0.098132,-0.000717,-0.000486,0.017938,-0.001088,-0.000706,0.004853,0.000224
6.951073,-0.070530,-0.079644,1.151671,0.516924,-0.975649,0.951056,-0.283057,-0.199816,-0.079518,0.708240,0.212555,-0.538102,0.714851,-0.066462,-2.336928,0.043560,1.302810,-2.199384,-1.202575,3.568760,0.098132,-0.000217,-0.000755,0.019026,0.000140,-0.000160,0.005535,-0.000314
6.952091,-0.070118,-0.078858,1.148096,0.517898,-0.975618,0.950366,-0.283081,-0.195529,-0.082194,0.712730,0.212183,-0.538234,0.714881,-0.066527,-2.336930,0.043558,1.302827,-2.199382,-1.202574,3.568769,0.098129,-0.000445,-0.000916,0.018468,0.000673,-0.000544,0.006784,-0.001228
6.952967,-0.072177,-0.080910,1.149759,0.517516,-0.977468,0.951475,-0.282741,-0.192288,-0.083964,0.716054,0.210944,-0.538418,0.714732,-0.066589,-2.336930,0.043555,1.302850,-2.199384,-1.202573,3.568774,0.098129,-0.000644,-0.001280,0.020004,-0.000274,-0.000582,0.007438,-0.001170
6.953934,-0.073241,-0.082092,1.147993,0.517535,-0.977595,0.951716,-0.283639,-0.190616,-0.084910,0.717727,0.209562,-0.538583,0.714421,-0.066636,-2.336927,0.043557,1.302866,-2.199384,-1.202570,3.568776,0.098125,0.000353,-0.000261,0.018961,0.000129,0.001253,0.006301,-0.001842
6.954957,-0.070340,-0.083567,1.148054,0.517527,-0.976858,0.953125,-0.283352,-0.190363,-0.085657,0.717922,0.208272,-0.538748,0.714005,-0.066656,-2.336924,0.043559,1.302886,-2.199383,-1.202570,3.568783,0.098131,0.000851,0.000301,0.019613,0.000072,0.001368,0.006025,-0.000046
6.956189,-0.069341,-0.081765,1.149592,0.519258,-0.977059,0.953304,-0.283079,-0.190317,-0.087174,0.717888,0.207120,-0.538944,0.713576,-0.066654,-2.336927,0.043561,1.302903,-2.199382,-1.202570,3.568784,0.098130,-0.000580,0.001011,0.019372,0.000070,0.000620,0.004594,-0.000636
6.957046,-0.071765,-0.081911,1.150984,0.516566,-0.977328,0.953486,-0.283610,-0.188195,-0.090491,0.719935,0.206704,-0.539126,0.713296,-0.066653,-2.336929,0.043558,1.302921,-2.199388,-1.202572,3.568788,0.098128,-0.001048,0.000136,0.018374,-0.001546,0.000845,0.004405,-0.001176
6.958002,-0.073726,-0.083007,1.146955,0.516386,-0.976440,0.953514,-0.282207,-0.183021,-0.095470,0.725007,0.206805,-0.539323,0.713212,-0.066664,-2.336927,0.043558,1.302937,-2.199382,-1.202574,3.568792,0.098133,0.000157,0.000217,0.017489,0.001052,0.001140,0.004200,-0.000117
6.959051,-0.069583,-0.080779,1.150135,0.516067,-0.977543,0.953689,-0.283777,-0.177246,-0.100449,0.730602,0.205935,-0.539638,0.713130,-0.066690,-2.336926,0.043558,1.302960,-2.199382,-1.202576,3.568798,0.098124,0.001115,0.000771,0.019261,0.001207,0.000259,0.004137,-0.002923
6.960099,-0.070145,-0.081155,1.147304,0.517008,-0.977249,0.953941,-0.282756,-0.172262,-0.104598,0.735337,0.203509,-0.540091,0.712947,-0.066728,-2.336929,0.043555,1.302973,-2.199380,-1.202571,3.568800,0.098131,-0.000942,-0.000327,0.017476,0.001484,0.001337,0.003951,0.000245
6.961003,-0.074484,-0.084476,1.144818,0.516892,-0.977188,0.954167,-0.283559,-0.166536,-0.108487,0.740784,0.200206,-0.540635,0.712761,-0.066767,-2.336929,0.043555,1.302994,-2.199382,-1.202571,3.568804,0.098126,-0.000638,-0.000123,0.018670,0.000574,0.001020,0.003675,-0.001828
6.961989,-0.071573,-0.081626,1.145304,0.516968,-0.977190,0.953920,-0.283160,-0.161604,-0.111881,0.745470,0.197178,-0.541108,0.712549,-0.066805,-2.336924,0.043561,1.303015,-2.199382,-1.202572,3.568806,0.098130,0.001485,0.001483,0.019659,0.000700,0.000981,0.003433,-0.000201
6.963085,-0.072711,-0.079145,1.140104,0.517802,-0.975928,0.954498,-0.283502,-0.159786,-0.114161,0.747127,0.194987,-0.541391,0.712226,-0.066837,-2.336927,0.043557,1.303032,-2.199382,-1.202573,3.568809,0.098128,0.000035,0.000065,0.019193,0.000622,0.000984,0.003667,-0.001017
6.964090,-0.071178,-0.080399,1.141092,0.517570,-0.974824,0.953600,-0.283520,-0.161424,-0.114552,0.745446,0.193641,-0.541449,0.711797,-0.066853,-2.336926,0.043555,1.303057,-2.199384,-1.202575,3.568812,0.098129,0.000603,-0.001149,0.021524,-0.000176,-0.000265,0.003062,-0.000318
6.964987,-0.071528,-0.080556,1.141256,0.516622,-0.976481,0.954169,-0.282992,-0.166796,-0.112474,0.740148,0.193359,-0.541222,0.711264,-0.066836,-2.336927,0.043556,1.303074,-2.199384,-1.202578,3.568818,0.098127,-0.000156,-0.000505,0.020791,0.000066,-0.001340,0.003939,-0.000282
6.966095,-0.071287,-0.082410,1.141138,0.515869,-0.974897,0.953875,-0.283711,-0.173608,-0.109318,0.733422,0.193514,-0.540856,0.710669,-0.066777,-2.336927,0.043555,1.303094,-2.199382,-1.202574,3.568822,0.098123,0.000028,-0.000430,0.020482,0.000978,0.000307,0.003332,-0.001333
6.967055,-0.072955,-0.079949,1.143862,0.517860,-0.974552,0.953897,-0.283101,-0.179088,-0.106750,0.727922,0.192909,-0.540592,0.710053,-0.066676,-2.336927,0.043558,1.303113,-2.199380,-1.202576,3.568826,0.098127,-0.000095,0.000480,0.020313,0.001686,-0.001294,0.003611,0.000113
6.968065,-0.070012,-0.080311,1.140709,0.519128,-0.975363,0.955150,-0.283603,-0.182445,-0.105298,0.724427,0.191831,-0.540417,0.709473,-0.066537,-2.336926,0.043553,1.303128,-2.199386,-1.202576,3.568826,0.098125,0.000728,-0.000723,0.018758,-0.000195,-0.001618,0.003586,-0.001123
6.969033,-0.074308,-0.084991,1.143805,0.518135,-0.974521,0.955676,-0.282788,-0.183781,-0.104881,0.722928,0.192010,-0.540122,0.709043,-0.066388,-2.336929,0.043554,1.303150,-2.199388,-1.202574,3.568829,0.098127,-0.000722,-0.000534,0.020092,-0.001397,-0.000819,0.002305,-0.000107
6.970044,-0.071263,-0.085320,1.141238,0.517142,-0.974870,0.954683,-0.284029,-0.183179,-0.105889,0.723391,0.194135,-0.539654,0.708818,-0.066256,-2.336924,0.043560,1.303164,-2.199386,-1.202576,3.568831,0.098122,0.001397,0.001756,0.018349,-0.000436,-0.001654,0.001771,-0.001745
6.970968,-0.072524,-0.081842,1.140473,0.516623,-0.975721,0.955093,-0.283310,-0.180272,-0.109088,0.726143,0.196938,-0.539211,0.708716,-0.066136,-2.336927,0.043559,1.303187,-2.199384,-1.202574,3.568833,0.098128,-0.000121,0.001904,0.019389,0.000504,-0.001318,0.002767,0.000755
6.972095,-0.072253,-0.084652,1.141257,0.518341,-0.977244,0.954328,-0.283922,-0.175996,-0.113442,0.730242,0.198773,-0.538962,0.708590,-0.066016,-2.336926,0.043555,1.303204,-2.199382,-1.202572,3.568835,0.098125,0.000510,0.000199,0.019551,0.000974,-0.000481,0.002330,-0.000708
6.973078,-0.070992,-0.083248,1.138884,0.517343,-0.975831,0.953436,-0.283679,-0.171736,-0.117583,0.734349,0.199599,-0.538871,0.708397,-0.065908,-2.336926,0.043559,1.303223,-2.199386,-1.202569,3.568841,0.098128,0.000367,0.001588,0.018924,-0.000673,0.001015,0.003076,0.000530
6.974004,-0.073603,-0.085256,1.141920,0.516928,-0.976155,0.953714,-0.283476,-0.167458,-0.121721,0.738547,0.200310,-0.538834,0.708176,-0.065829,-2.336927,0.043558,1.303245,-2.199384,-1.202575,3.568846,0.098128,-0.000248,0.000881,0.019869,0.000301,-0.000366,0.003936,0.000028
6.975138,-0.071966,-0.081590,1.139169,0.517377,-0.975577,0.953872,-0.283420,-0.162921,-0.126036,0.743063,0.200707,-0.538872,0.707914,-0.065788,-2.336924,0.043560,1.303260,-2.199382,-1.202574,3.568848,0.098126,0.001036,0.001876,0.018144,0.000667,-0.000029,0.003632,-0.000373
6.976015,-0.073068,-0.081569,1.136503,0.517333,-0.975455,0.954117,-0.283078,-0.158487,-0.130051,0.747529,0.200484,-0.538989,0.707600,-0.065791,-2.336926,0.043554,1.303281,-2.199382,-1.202576,3.568851,0.098124,0.000217,0.000085,0.019290,0.000210,-0.000597,0.003459,-0.000472
6.977015,-0.070265,-0.081544,1.138985,0.517582,-0.975556,0.954175,-0.283294,-0.155244,-0.133189,0.751241,0.199597,-0.539068,0.706780,-0.065877,-2.336927,0.043555,1.303320,-2.199382,-1.202574,3.568855,0.098127,-0.000619,0.000070,0.018891,0.000007,-0.000633,0.003132,-0.000730
6.978024,-0.070670,-0.080595,1.137207,0.518300,-0.974438,0.953610,-0.282571,-0.155244,-0.133189,0.751241,0.199597,-0.539068,0.706780,-0.065877,-2.336927,0.043555,1.303320,-2.199382,-1.202574,3.568855,0.098127,-0.000619,0.000070,0.018891,0.000007,-0.000633,0.003132,-0.000730
6.979030,-0.069390,-0.078768,1.135663,0.518815,-0.975452,0.954324,-0.283223,-0.154239,-0.133577,0.752655,0.199482,-0.539015,0.706417,-0.065926,-2.336927,0.043555,1.303341,-2.199384,-1.202576,3.568860,0.098124,-0.000401,-0.000409,0.019550,-0.000673,-0.001748,0.003676,-0.002182
6.979988,-0.073649,-0.081469,1.136882,0.517995,-0.975420,0.954605,-0.282573,-0.152976,-0.133579,0.754395,0.200146,-0.538856,0.706146,-0.065965,-2.336929,0.043553,1.303362,-2.199386,-1.202572,3.568862,0.098127,-0.001025,-0.001306,0.020066,-0.001135,-0.000746,0.002936,-0.000864
6.981136,-0.070629,-0.079957,1.134533,0.518620,-0.976651,0.953831,-0.282795,-0.152737,-0.132715,0.755126,0.201454,-0.538599,0.705914,-0.065991,-2.336924,0.043557,1.303378,-2.199384,-1.202575,3.568865,0.098121,0.001067,0.000021,0.019251,-0.000354,-0.000765,0.002642,-0.002168
6.982134,-0.072587,-0.082819,1.137130,0.516268,-0.976112,0.954962,-0.282972,-0.153614,-0.131347,0.754711,0.202869,-0.538335,0.705671,-0.066005,-2.336927,0.043554,1.303401,-2.199386,-1.202574,3.568870,0.098124,-0.000438,-0.000719,0.020171,-0.000942,0.000470,0.003395,-0.001714
6.982984,-0.070946,-0.082587,1.135847,0.517253,-0.975978,0.955047,-0.283541,-0.154371,-0.130255,0.754359,0.203558,-0.538212,0.705407,-0.066003,-2.336924,0.043556,1.303416,-2.199380,-1.202575,3.568871,0.098122,0.000524,0.000711,0.018668,0.001303,-0.000077,0.002241,-0.001355
6.984092,-0.069721,-0.082078,1.137629,0.517987,-0.977666,0.954236,-0.283809,-0.153322,-0.130408,0.755731,0.202830,-0.538355,0.705167,-0.065978,-2.336926,0.043555,1.303437,-2.199382,-1.202576,3.568874,0.098125,-0.000293,0.000588,0.019078,0.000329,-0.000191,0.002145,-0.000223
6.985088,-0.070329,-0.080711,1.136148,0.517875,-0.977114,0.952896,-0.283181,-0.149560,-0.132318,0.759774,0.201405,-0.538689,0.705025,-0.065947,-2.336927,0.043555,1.303453,-2.199384,-1.202570,3.568878,0.098124,-0.000883,0.000329,0.017971,-0.000360,0.001453,0.002943,0.000312
6.986012,-0.069270,-0.083268,1.135908,0.518480,-0.975457,0.953872,-0.283976,-0.143429,-0.135504,0.766176,0.200136,-0.539092,0.704981,-0.065930,-2.336927,0.043552,1.303475,-2.199384,-1.202572,3.568883,0.098123,-0.000570,-0.000317,0.018471,-0.000240,0.000901,0.004257,-0.000958
6.987034,-0.071258,-0.083004,1.134615,0.519335,-0.976786,0.954661,-0.283778,-0.136196,-0.139270,0.773667,0.199345,-0.539479,0.704978,-0.065934,-2.336929,0.043555,1.303492,-2.199386,-1.202578,3.568884,0.098125,-0.001083,0.000937,0.018374,-0.000802,-0.000706,0.003253,0.000654
6.988070,-0.072577,-0.080535,1.134585,0.519238,-0.977270,0.954256,-0.284268,-0.128951,-0.143475,0.781171,0.199750,-0.539721,0.705040,-0.065959,-2.336927,0.043556,1.303513,-2.199387,-1.202575,3.568886,0.098122,-0.000099,0.000790,0.018774,-0.001643,0.000616,0.002452,0.000251
6.989040,-0.073169,-0.081371,1.133350,0.517369,-0.976141,0.953454,-0.284536,-0.123489,-0.147068,0.786902,0.201567,-0.539743,0.705152,-0.066012,-2.336926,0.043551,1.303533,-2.199388,-1.202570,3.568891,0.098126,0.000537,-0.000404,0.018552,-0.001505,0.001044,0.002841,0.001226
6.990077,-0.071453,-0.082609,1.131305,0.518009,-0.976139,0.952576,-0.283323,-0.121242,-0.148679,0.789400,0.203566,-0.539658,0.705195,-0.066091,-2.336923,0.043553,1.303554,-2.199382,-1.202574,3.568893,0.098128,0.000802,0.000008,0.018920,0.000241,-0.000063,0.003634,0.001750
6.991075,-0.073751,-0.077388,1.131739,0.517946,-0.976025,0.951611,-0.284041,-0.121644,-0.148594,0.789192,0.204554,-0.539627,0.705092,-0.066196,-2.336927,0.043555,1.303576,-2.199384,-1.202572,3.568900,0.098120,-0.000028,0.000609,0.019682,-0.000380,-0.000071,0.004471,-0.000672
6.991994,-0.073740,-0.083221,1.131399,0.517228,-0.975897,0.952326,-0.283530,-0.124345,-0.146940,0.786630,0.204652,-0.539629,0.704834,-0.066317,-2.336924,0.043549,1.303593,-2.199384,-1.202574,3.568903,0.098122,0.001105,-0.001968,0.019246,-0.000311,-0.000170,0.005419,0.000793
6.993078,-0.071864,-0.082058,1.131611,0.518466,-0.975634,0.952268,-0.283961,-0.129148,-0.143704,0.781922,0.204092,-0.539634,0.704447,-0.066426,-2.336922,0.043557,1.303612,-2.199382,-1.202575,3.568906,0.098119,0.001063,0.000914,0.019188,0.000370,-0.000290,0.004669,-0.000243
6.994043,-0.072169,-0.080466,1.127456,0.517943,-0.977428,0.953345,-0.283496,-0.133791,-0.140805,0.777368,0.203247,-0.539669,0.704061,-0.066511,-2.336925,0.043557,1.303630,-2.199384,-1.202576,3.568908,0.098121,0.000156,0.000297,0.018871,-0.000845,-0.000537,0.004727,0.000630
6.994967,-0.072222,-0.082919,1.127091,0.517494,-0.976137,0.954112,-0.283508,-0.137503,-0.138843,0.773808,0.202680,-0.539700,0.703775,-0.066570,-2.336925,0.043554,1.303655,-2.199384,-1.202571,3.568911,0.098119,0.000325,-0.000464,0.020672,-0.000304,0.001222,0.003616,-0.000309
6.996092,-0.074428,-0.080350,1.127900,0.516856,-0.975956,0.952745,-0.284128,-0.141842,-0.136707,0.769677,0.202120,-0.539727,0.703549,-0.066596,-2.336925,0.043557,1.303678,-2.199384,-1.202575,3.568915,0.098118,0.000352,0.000742,0.020558,0.000144,-0.000053,0.002831,-0.000273
6.997090,-0.072117,-0.081997,1.131684,0.517644,-0.976024,0.953678,-0.283536,-0.151473,-0.132019,0.760271,0.199330,-0.539932,0.703179,-0.066506,-2.336924,0.043555,1.303710,-2.199384,-1.202575,3.568922,0.098119,0.000268,0.000298,0.017859,-0.000017,-0.000158,0.003224,-0.000232
6.997988,-0.072230,-0.081606,1.126269,0.517615,-0.975134,0.952106,-0.283918,-0.153270,-0.131176,0.758479,0.197696,-0.540103,0.703165,-0.066414,-2.336924,0.043554,1.303735,-2.199384,-1.202576,3.568928,0.098122,0.000337,0.000111,0.020313,0.000019,-0.001045,0.004779,0.000540
6.999021,-0.072755,-0.081185,1.126259,0.518194,-0.976673,0.952656,-0.283700,-0.153270,-0.131176,0.758479,0.197696,-0.540103,0.703165,-0.066414,-2.336924,0.043554,1.303735,-2.199384,-1.202576,3.568928,0.098122,0.000337,0.000111,0.020313,0.000019,-0.001045,0.004779,0.000540
7.000047,-0.070788,-0.079869,1.127737,0.517218,-0.976358,0.952825,-0.283902,-0.154430,-0.130862,0.757357,0.196625,-0.540196,0.703215,-0.066311,-2.336922,0.043553,1.303756,-2.199386,-1.202573,3.568931,0.098121,0.000577,-0.000093,0.020035,-0.000516,0.000488,0.004191,0.000095
7.001108,-0.071478,-0.079744,1.126030,0.518156,-0.976658,0.952165,-0.283714,-0.155679,-0.130397,0.756179,0.195835,-0.540230,0.703297,-0.066212,-2.336924,0.043553,1.303774,-2.199384,-1.202576,3.568935,0.098120,-0.000394,-0.000753,0.019072,0.000426,0.000185,0.004001,0.000510
7.002008,-0.074504,-0.076740,1.124939,0.519035,-0.976167,0.952059,-0.284188,-0.155762,-0.130103,0.756175,0.194920,-0.540295,0.703450,-0.066139,-2.336923,0.043553,1.303795,-2.199386,-1.202576,3.568941,0.098120,-0.000042,-0.000809,0.019687,-0.000481,0.000486,0.004632,0.000131
7.003022,-0.074863,-0.081914,1.124947,0.518127,-0.976350,0.953168,-0.284239,-0.156695,-0.128906,0.755350,0.194556,-0.540259,0.703608,-0.066106,-2.336921,0.043550,1.303814,-2.199388,-1.202576,3.568948,0.098120,0.001453,-0.002286,0.019998,-0.001317,-0.000005,0.004695,0.001089
7.003999,-0.076657,-0.080900,1.124520,0.518568,-0.976174,0.952630,-0.283235,-0.160397,-0.126199,0.751783,0.195302,-0.540012,0.703727,-0.066104,-2.336921,0.043554,1.303834,-2.199386,-1.202576,3.568948,0.098120,0.001616,0.000294,0.019753,-0.000434,0.000185,0.003572,0.001186
7.005076,-0.074777,-0.080495,1.123333,0.518344,-0.976210,0.952199,-0.284607,-0.165776,-0.123239,0.746524,0.196750,-0.539649,0.703844,-0.066123,-2.336917,0.043553,1.303854,-2.199388,-1.202576,3.568954,0.098114,0.002475,-0.000240,0.019735,-0.000846,-0.000003,0.004093,-0.000822
7.006040,-0.073467,-0.078664,1.120908,0.517680,-0.976644,0.951999,-0.284047,-0.171868,-0.120532,0.740552,0.198526,-0.539241,0.703966,-0.066154,-2.336919,0.043552,1.303874,-2.199388,-1.202576,3.568959,0.098120,0.001537,-0.000420,0.020083,-0.000615,0.000044,0.004492,0.001946
7.007032,-0.073352,-0.078991,1.118156,0.518217,-0.978171,0.953313,-0.283636,-0.178308,-0.117596,0.734246,0.200035,-0.538864,0.704058,-0.066178,-2.336919,0.043550,1.303898,-2.199386,-1.202576,3.568962,0.098115,0.000884,-0.001321,0.021018,0.000010,0.000482,0.004673,0.000806
7.008010,-0.072924,-0.081514,1.122679,0.519273,-0.977361,0.952621,-0.283902,-0.185315,-0.113915,0.727367,0.200809,-0.538579,0.704086,-0.066178,-2.336918,0.043548,1.303920,-2.199388,-1.202571,3.568964,0.098114,0.000833,-0.001128,0.022129,-0.000488,0.001964,0.003330,-0.000006
7.009044,-0.072554,-0.082351,1.116679,0.517280,-0.976861,0.951820,-0.283181,-0.191754,-0.110445,0.721036,0.201582,-0.538348,0.704135,-0.066148,-2.336918,0.043552,1.303936,-2.199390,-1.202572,3.568972,0.098116,0.000617,0.000105,0.019639,-0.001497,0.001143,0.003995,0.000531
7.010053,-0.072326,-0.080303,1.116661,0.517240,-0.976407,0.952201,-0.284792,-0.195808,-0.108718,0.717056,0.202673,-0.538175,0.704257,-0.066081,-2.336918,0.043552,1.303963,-2.199386,-1.202575,3.568975,0.098113,0.000432,0.000514,0.022375,0.000429,0.000675,0.004778,-0.000918
7.011015,-0.072143,-0.080845,1.118486,0.516713,-0.976260,0.952164,-0.283962,-0.198939,-0.107773,0.713961,0.203056,-0.538118,0.704307,-0.065969,-2.336918,0.043550,1.303985,-2.199386,-1.202577,3.568977,0.098122,0.000319,-0.000498,0.022089,0.000446,0.000238,0.004375,0.002313
7.012101,-0.069474,-0.081144,1.113395,0.517427,-0.977159,0.952427,-0.284120,-0.201813,-0.106687,0.711091,0.202216,-0.538189,0.704264,-0.065818,-2.336918,0.043549,1.304002,-2.199384,-1.202577,3.568981,0.098117,0.000228,-0.000212,0.020965,0.000926,0.000098,0.004389,0.000624
7.013111,-0.072345,-0.082957,1.114781,0.518041,-0.976071,0.951681,-0.284231,-0.203396,-0.105954,0.709515,0.200608,-0.538352,0.704238,-0.065666,-2.336922,0.043551,1.304029,-2.199386,-1.202574,3.568987,0.098116,-0.001074,-0.000084,0.023214,0.000251,0.000978,0.004090,0.000963
7.014062,-0.074362,-0.080127,1.115093,0.517490,-0.976892,0.951632,-0.283148,-0.204331,-0.105747,0.708629,0.199254,-0.538481,0.704261,-0.065533,-2.336918,0.043553,1.304050,-2.199388,-1.202577,3.568992,0.098118,0.000344,0.000807,0.022239,-0.000320,-0.000099,0.004813,0.001176
7.015025,-0.070808,-0.081763,1.114433,0.517098,-0.976336,0.950441,-0.284057,-0.205908,-0.105532,0.707142,0.198726,-0.538486,0.704294,-0.065425,-2.336915,0.043551,1.304071,-2.199386,-1.202576,3.568996,0.098113,0.001307,-0.000612,0.021837,0.000199,0.000726,0.004831,-0.000991
7.016003,-0.069600,-0.083133,1.114967,0.517239,-0.976446,0.951382,-0.283642,-0.207889,-0.105013,0.705300,0.198387,-0.538451,0.704301,-0.065336,-2.336920,0.043552,1.304095,-2.199384,-1.202576,3.569004,0.098117,-0.000432,0.000225,0.021885,0.000539,0.000163,0.005989,0.000849
7.017082,-0.070318,-0.082456,1.114299,0.518251,-0.974885,0.951858,-0.284129,-0.207749,-0.105557,0.705644,0.197753,-0.538496,0.704350,-0.065255,-2.336922,0.043553,1.304113,-2.199384,-1.202575,3.569004,0.098115,-0.001004,0.000888,0.021389,0.000394,0.000265,0.005027,-0.000001
7.018077,-0.071586,-0.081892,1.111708,0.517392,-0.974554,0.951685,-0.283231,-0.204279,-0.108111,0.709381,0.197429,-0.538572,0.704539,-0.065184,-2.336922,0.043552,1.304135,-2.199386,-1.202576,3.569009,0.098118,-0.000635,0.000559,0.021466,-0.000588,-0.001297,0.004524,0.000981
7.018949,-0.072349,-0.079558,1.113211,0.518191,-0.976735,0.952038,-0.283610,-0.199948,-0.111264,0.714046,0.197945,-0.538537,0.704811,-0.065130,-2.336920,0.043551,1.304160,-2.199385,-1.202578,3.569013,0.098114,-0.000019,0.000284,0.022479,0.000283,-0.001600,0.004677,-0.000825
7.020006,-0.071540,-0.083396,1.112001,0.514901,-0.974326,0.951935,-0.283668,-0.197323,-0.113214,0.717054,0.198921,-0.538378,0.705035,-0.065085,-2.336918,0.043548,1.304180,-2.199388,-1.202573,3.569017,0.098116,0.000336,-0.000849,0.021465,-0.000478,0.000550,0.004296,-0.000050
7.021022,-0.068498,-0.082373,1.112589,0.516587,-0.974985,0.952732,-0.283587,-0.195905,-0.114009,0.718860,0.199171,-0.538279,0.705164,-0.065031,-2.336918,0.043553,1.304202,-2.199380,-1.202580,3.569019,0.098116,-0.000078,0.001035,0.021816,0.002676,-0.001825,0.004389,0.000058
7.022027,-0.070868,-0.084143,1.111802,0.517439,-0.975780,0.953116,-0.284099,-0.193178,-0.115262,0.721940,0.197785,-0.538421,0.705248,-0.064962,-2.336923,0.043552,1.304222,-2.199382,-1.202577,3.569022,0.098114,-0.001551,0.000516,0.021278,0.000987,-0.001165,0.003566,-0.000101
7.023032,-0.072408,-0.079782,1.108501,0.517429,-0.975373,0.952523,-0.283701,-0.188053,-0.117954,0.727399,0.195971,-0.538684,0.705409,-0.064887,-2.336920,0.043553,1.304242,-2.199384,-1.202576,3.569027,0.098118,-0.000376,0.001397,0.021438,0.000186,-0.000383,0.003160,0.000921
7.024070,-0.068746,-0.082401,1.109211,0.517935,-0.975445,0.953400,-0.283885,-0.183520,-0.120522,0.732296,0.195134,-0.538824,0.705604,-0.064816,-2.336918,0.043549,1.304267,-2.199384,-1.202577,3.569031,0.098117,0.000368,-0.000768,0.022795,0.000204,-0.000789,0.003734,0.000108
7.024992,-0.073100,-0.078530,1.109634,0.517670,-0.975637,0.952483,-0.284301,-0.181655,-0.121540,0.734572,0.195292,-0.538769,0.705745,-0.064764,-2.336922,0.043553,1.304287,-2.199384,-1.202577,3.569034,0.098117,-0.001444,0.000532,0.022176,-0.000306,-0.000713,0.002829,0.000493
7.025957,-0.073465,-0.083861,1.108897,0.517156,-0.976449,0.952978,-0.282325,-0.181251,-0.121341,0.735400,0.195983,-0.538591,0.705862,-0.064745,-2.336916,0.043548,1.304308,-2.199382,-1.202577,3.569038,0.098120,0.000462,-0.001827,0.021949,0.000377,-0.000535,0.003410,0.001951
7.027256,-0.071148,-0.090307,1.111512,0.521941,-0.975994,0.951044,-0.282105,-0.182505,-0.119605,0.734530,0.196034,-0.538423,0.705890,-0.064762,-2.336918,0.043551,1.304331,-2.199378,-1.202576,3.569041,0.098113,0.000130,-0.000129,0.022517,0.001759,0.000234,0.002182,-0.000683
7.027980,-0.075576,-0.087479,1.113084,0.522317,-0.976522,0.950913,-0.280774,-0.183518,-0.118217,0.733862,0.195717,-0.538299,0.705900,-0.064829,-2.336922,0.043555,1.304351,-2.199386,-1.202576,3.569047,0.098117,-0.001679,0.001752,0.021585,-0.001603,-0.000277,0.003170,0.000699
7.028996,-0.074241,-0.089699,1.110150,0.522159,-0.974800,0.949688,-0.281308,-0.181621,-0.119391,0.736114,0.196943,-0.538070,0.706078,-0.064961,-2.336916,0.043551,1.304369,-2.199386,-1.202573,3.569048,0.098113,0.000122,-0.000375,0.020939,-0.001227,0.000214,0.002756,-0.000975
7.029971,-0.075942,-0.093208,1.112114,0.521857,-0.975013,0.948946,-0.280200,-0.178848,-0.121299,0.739261,0.199394,-0.537716,0.706322,-0.065129,-2.336920,0.043551,1.304395,-2.199384,-1.202578,3.569053,0.098119,-0.001070,-0.000254,0.022620,-0.000106,-0.001519,0.003233,0.001517
7.031094,-0.077984,-0.093025,1.112647,0.522766,-0.976624,0.948113,-0.279108,-0.176794,-0.122585,0.741657,0.201110,-0.537428,0.706454,-0.065293,-2.336920,0.043553,1.304415,-2.199380,-1.202578,3.569056,0.098112,-0.000713,0.000511,0.021845,0.001064,-0.001320,0.003247,0.000645
7.032013,-0.078819,-0.095896,1.112711,0.524861,-0.975472,0.946606,-0.278407,-0.175063,-0.123439,0.743642,0.200999,-0.537346,0.706426,-0.065443,-2.336918,0.043549,1.304437,-2.199380,-1.202575,3.569062,0.098110,-0.000305,-0.000675,0.021871,0.001248,0.000237,0.003240,0.000023
7.033085,-0.083428,-0.097300,1.113359,0.526388,-0.975461,0.946494,-0.277713,-0.174100,-0.123554,0.744785,0.199557,-0.537397,0.706255,-0.065568,-2.336918,0.043551,1.304459,-2.199382,-1.202578,3.569064,0.098109,-0.000378,-0.000160,0.022031,0.000104,-0.000942,0.004080,-0.000098
7.033993,-0.078118,-0.098749,1.114894,0.528275,-0.975110,0.944661,-0.277678,-0.174962,-0.122702,0.744096,0.198365,-0.537365,0.705972,-0.065646,-2.336914,0.043549,1.304481,-2.199384,-1.202577,3.569066,0.098110,0.001326,-0.000515,0.021963,-0.000303,-0.000992,0.003392,-0.000003
7.035270,-0.082858,-0.105240,1.113601,0.528794,-0.976145,0.943970,-0.276141,-0.176812,-0.121481,0.742442,0.198398,-0.537156,0.705665,-0.065669,-2.336921,0.043549,1.304501,-2.199387,-1.202578,3.569072,0.098113,-0.001773,-0.000696,0.021389,-0.001236,-0.001368,0.004552,0.001182
7.035992,-0.083053,-0.104477,1.113280,0.530534,-0.976630,0.943438,-0.276080,-0.177324,-0.121314,0.742116,0.199545,-0.536858,0.705413,-0.065650,-2.336917,0.043555,1.304524,-2.199386,-1.202577,3.569075,0.098109,-0.000071,0.001233,0.022407,-0.000487,-0.000372,0.004297,-0.000137
7.037019,-0.085397,-0.103329,1.112054,0.529917,-0.976214,0.943043,-0.274835,-0.177224,-0.122208,0.742358,0.201419,-0.536520,0.705166,-0.065608,-2.336917,0.043553,1.304546,-2.199389,-1.202576,3.569078,0.098113,-0.000374,0.000121,0.022645,-0.001474,0.000075,0.004294,0.000745
7.038030,-0.084576,-0.107000,1.114085,0.531127,-0.977109,0.943479,-0.274045,-0.179124,-0.122169,0.740560,0.203395,-0.536147,0.704830,-0.065550,-2.336915,0.043549,1.304570,-2.199386,-1.202576,3.569082,0.098112,0.000241,-0.001437,0.023476,0.000129,-0.000378,0.003924,-0.000340
7.038972,-0.086638,-0.107983,1.116138,0.531196,-0.976300,0.942233,-0.273883,-0.183196,-0.120285,0.736547,0.204487,-0.535840,0.704399,-0.065488,-2.336919,0.043551,1.304591,-2.199386,-1.202574,3.569082,0.098111,-0.000673,-0.000607,0.022691,-0.000104,0.000474,0.002749,-0.000507
7.039992,-0.089363,-0.111849,1.114850,0.533243,-0.976824,0.940662,-0.272123,-0.186985,-0.117907,0.732755,0.204308,-0.535717,0.703970,-0.065443,-2.336919,0.043549,1.304611,-2.199384,-1.202576,3.569086,0.098114,-0.000125,-0.001048,0.021882,0.000719,-0.000362,0.003308,0.000472
7.040970,-0.090167,-0.114613,1.117146,0.533533,-0.976654,0.941183,-0.271885,-0.189810,-0.115826,0.729876,0.203359,-0.535739,0.703559,-0.065422,-2.336917,0.043551,1.304633,-2.199386,-1.202576,3.569092,0.098109,0.000682,-0.000145,0.022772,-0.000289,0.000142,0.004112,-0.001645
7.042033,-0.089744,-0.119767,1.114702,0.535576,-0.977401,0.939971,-0.271180,-0.192472,-0.114163,0.727156,0.202382,-0.535793,0.703133,-0.065426,-2.336917,0.043552,1.304652,-2.199384,-1.202577,3.569091,0.098110,0.000559,0.000249,0.021863,0.000354,-0.000061,0.002872,-0.000745
7.043033,-0.089965,-0.119281,1.115527,0.536415,-0.977169,0.940915,-0.271127,-0.194168,-0.113844,0.725472,0.201844,-0.535844,0.702746,-0.065437,-2.336918,0.043556,1.304678,-2.199386,-1.202575,3.569099,0.098109,-0.000212,0.001734,0.023321,-0.000604,0.000637,0.003290,-0.000690
7.043990,-0.091780,-0.119467,1.119385,0.536538,-0.977952,0.938377,-0.269256,-0.194473,-0.115160,0.725300,0.202049,-0.535865,0.702457,-0.065435,-2.336919,0.043553,1.304702,-2.199386,-1.202576,3.569099,0.098113,-0.000610,0.000494,0.023090,-0.000442,0.000377,0.001604,0.000585
7.045036,-0.094366,-0.121902,1.119251,0.538294,-0.975661,0.938388,-0.268877,-0.193394,-0.117246,0.726587,0.202457,-0.535909,0.702272,-0.065418,-2.336921,0.043551,1.304719,-2.199384,-1.202576,3.569104,0.098107,-0.000176,-0.000337,0.021410,0.000337,0.001130,0.003457,-0.001845
7.046036,-0.094939,-0.121624,1.119443,0.537971,-0.977970,0.937413,-0.268703,-0.191154,-0.119273,0.729050,0.202467,-0.536024,0.702149,-0.065380,-2.336920,0.043551,1.304742,-2.199386,-1.202580,3.569105,0.098108,0.000555,-0.000151,0.021723,-0.000350,-0.001186,0.002665,-0.001130
7.047031,-0.096371,-0.124108,1.120442,0.539440,-0.976804,0.936652,-0.267809,-0.189091,-0.120481,0.731356,0.202057,-0.536169,0.702028,-0.065297,-2.336920,0.043547,1.304762,-2.199382,-1.202574,3.569110,0.098110,0.000302,-0.001255,0.021875,0.000889,0.001074,0.002898,-0.000098
7.047954,-0.095981,-0.128114,1.120275,0.541294,-0.977268,0.936533,-0.267788,-0.187907,-0.120417,0.732804,0.200874,-0.536377,0.701866,-0.065150,-2.336920,0.043546,1.304784,-2.199384,-1.202577,3.569116,0.098111,0.000494,-0.000984,0.021598,0.000430,-0.000131,0.002909,-0.000528
7.048980,-0.099119,-0.129205,1.121509,0.541091,-0.977365,0.935336,-0.266631,-0.186756,-0.120031,0.734242,0.199528,-0.536605,0.701710,-0.064951,-2.336922,0.043550,1.304806,-2.199386,-1.202576,3.569117,0.098112,-0.000174,0.000063,0.021872,-0.000466,0.000309,0.002348,0.000720
7.050020,-0.101202,-0.132913,1.121580,0.542803,-0.976659,0.936287,-0.266645,-0.185077,-0.120231,0.736228,0.198677,-0.536794,0.701589,-0.064718,-2.336920,0.043549,1.304827,-2.199382,-1.202575,3.569122,0.098109,0.000848,-0.000417,0.021505,0.000679,0.000360,0.002786,-0.000184
7.051027,-0.102757,-0.134972,1.121134,0.543588,-0.976601,0.935192,-0.265378,-0.183680,-0.120654,0.737943,0.198030,-0.536960,0.701448,-0.064459,-2.336918,0.043551,1.304847,-2.199384,-1.202578,3.569122,0.098113,0.001317,0.000390,0.021744,0.000020,-0.000359,0.001068,0.001291
7.052107,-0.102918,-0.136501,1.123601,0.545013,-0.976815,0.934241,-0.265128,-0.183516,-0.120941,0.738473,0.197748,-0.537045,0.701261,-0.064192,-2.336918,0.043551,1.304871,-2.199384,-1.202579,3.569126,0.098110,0.001555,0.000406,0.022163,0.000239,-0.000435,0.001432,0.000133
7.052991,-0.102440,-0.137737,1.123770,0.545061,-0.977579,0.933629,-0.264390,-0.184167,-0.121245,0.738236,0.197960,-0.537027,0.701042,-0.063940,-2.336921,0.043549,1.304892,-2.199384,-1.202575,3.569130,0.098113,0.001102,0.000110,0.021203,-0.000124,-0.000292,0.001583,0.001137
7.054012,-0.102213,-0.139776,1.124040,0.545876,-0.977425,0.933594,-0.262974,-0.181736,-0.123317,0.741281,0.197660,-0.537157,0.700625,-0.063559,-2.336924,0.043547,1.304932,-2.199381,-1.202574,3.569133,0.098109,-0.000226,-0.000124,0.021434,0.000841,0.000239,0.000833,-0.000546
7.055109,-0.107282,-0.143879,1.125417,0.547991,-0.977977,0.931915,-0.262426,-0.181736,-0.123317,0.741281,0.197660,-0.537157,0.700625,-0.063559,-2.336924,0.043547,1.304932,-2.199381,-1.202574,3.569133,0.098109,-0.000226,-0.000124,0.021434,0.000841,0.000239,0.000833,-0.000546
7.056004,-0.105240,-0.144790,1.126008,0.550477,-0.976572,0.929438,-0.261562,-0.174472,-0.127512,0.748543,0.196835,-0.537557,0.700301,-0.063399,-2.336920,0.043551,1.304975,-2.199387,-1.202578,3.569143,0.098108,0.000187,0.000348,0.020911,-0.001682,-0.000655,0.003522,-0.000598
7.057095,-0.107493,-0.145572,1.126675,0.549897,-0.977755,0.927676,-0.261336,-0.170540,-0.130215,0.752260,0.198258,-0.537558,0.700164,-0.063371,-2.336918,0.043549,1.304995,-2.199382,-1.202576,3.569149,0.098111,0.000734,-0.000333,0.020870,-0.000095,0.000502,0.004452,0.000464
7.058084,-0.110497,-0.148272,1.127887,0.551404,-0.978956,0.927554,-0.260226,-0.167088,-0.132458,0.755346,0.199711,-0.537539,0.699960,-0.063351,-2.336916,0.043549,1.305015,-2.199382,-1.202573,3.569151,0.098109,0.001686,0.000045,0.020511,-0.000648,0.001640,0.003836,-0.000399
7.059029,-0.109989,-0.150913,1.130117,0.551802,-0.978173,0.926925,-0.259362,-0.167088,-0.132458,0.755346,0.199711,-0.537539,0.699960,-0.063351,-2.336916,0.043549,1.305015,-2.199382,-1.202573,3.569151,0.098109,0.001686,0.000045,0.020511,-0.000648,0.001640,0.003836,-0.000399
7.060015,-0.109976,-0.152239,1.127943,0.551821,-0.978178,0.925811,-0.259256,-0.163983,-0.134409,0.757946,0.200631,-0.537585,0.699706,-0.063320,-2.336918,0.043548,1.305032,-2.199380,-1.202575,3.569155,0.098109,0.000939,0.000432,0.019638,-0.000146,0.000821,0.003764,-0.000818
7.061064,-0.110165,-0.154818,1.130392,0.554241,-0.979330,0.925984,-0.257976,-0.160135,-0.136731,0.761197,0.200679,-0.537764,0.699441,-0.063264,-2.336918,0.043548,1.305056,-2.199376,-1.202576,3.569159,0.098112,0.000422,0.000102,0.020947,0.000710,0.000808,0.004151,0.000341
7.062026,-0.111553,-0.155839,1.126474,0.555621,-0.978579,0.924671,-0.257976,-0.155400,-0.139429,0.765305,0.199751,-0.538088,0.699171,-0.063181,-2.336918,0.043547,1.305076,-2.199381,-1.202573,3.569159,0.098109,-0.000034,0.000368,0.019976,-0.000565,0.001913,0.003206,-0.000778
7.062988,-0.113390,-0.160217,1.127215,0.557157,-0.977988,0.924262,-0.257423,-0.150753,-0.142126,0.769374,0.198903,-0.538408,0.698932,-0.063087,-2.336916,0.043546,1.305102,-2.199384,-1.202574,3.569167,0.098112,0.000135,-0.000082,0.022125,-0.000930,0.001119,0.003795,0.000564
7.064120,-0.117026,-0.158449,1.128302,0.556065,-0.976845,0.924588,-0.256076,-0.148202,-0.144115,0.771436,0.199158,-0.538553,0.698684,-0.062986,-2.336916,0.043550,1.305122,-2.199384,-1.202574,3.569166,0.098112,0.000540,0.001122,0.021959,-0.001518,0.000496,0.003510,0.000775
7.064971,-0.111487,-0.161905,1.127811,0.558414,-0.977121,0.923718,-0.255730,-0.148914,-0.144661,0.770289,0.200031,-0.538541,0.698364,-0.062889,-2.336912,0.043546,1.305142,-2.199379,-1.202579,3.569168,0.098110,0.001726,-0.000878,0.021721,0.000612,-0.000645,0.002348,-0.000357
7.066011,-0.118455,-0.162989,1.128239,0.558496,-0.979535,0.922916,-0.255321,-0.151497,-0.143859,0.767299,0.200437,-0.538509,0.698006,-0.062803,-2.336921,0.043548,1.305165,-2.199383,-1.202579,3.569172,0.098111,-0.001427,0.000009,0.022120,-0.000844,-0.000383,0.002595,0.000140
7.067029,-0.116842,-0.165809,1.126844,0.558984,-0.978374,0.921953,-0.254453,-0.154291,-0.142565,0.764145,0.200341,-0.538494,0.697669,-0.062732,-2.336914,0.043546,1.305185,-2.199381,-1.202573,3.569177,0.098112,0.001487,-0.000480,0.022165,0.000074,0.001964,0.002618,0.000758
7.068032,-0.116975,-0.167460,1.128351,0.559686,-0.977044,0.920368,-0.253646,-0.158233,-0.140537,0.759893,0.199571,-0.538520,0.697278,-0.062676,-2.336918,0.043548,1.305209,-2.199381,-1.202576,3.569179,0.098112,0.000140,-0.000097,0.023078,0.000588,0.000756,0.002841,0.000424
7.069000,-0.120526,-0.167545,1.127558,0.561199,-0.979584,0.918911,-0.253002,-0.163029,-0.137934,0.754825,0.197752,-0.538637,0.696808,-0.062640,-2.336919,0.043546,1.305232,-2.199381,-1.202579,3.569183,0.098111,-0.000295,-0.000252,0.022532,0.000876,-0.000572,0.003686,0.000200
7.070099,-0.119178,-0.169829,1.129364,0.561168,-0.977711,0.919162,-0.251698,-0.167889,-0.135065,0.749701,0.195222,-0.538804,0.696299,-0.062627,-2.336915,0.043543,1.305256,-2.199383,-1.202575,3.569188,0.098112,0.000941,-0.001154,0.023122,0.000362,0.001929,0.004414,0.000253
7.070986,-0.121203,-0.174693,1.129548,0.562165,-0.978582,0.919009,-0.251401,-0.173238,-0.131492,0.744059,0.192221,-0.538982,0.695756,-0.062630,-2.336919,0.043543,1.305277,-2.199379,-1.202578,3.569189,0.098108,-0.000289,-0.001101,0.022498,0.001402,0.000005,0.003347,-0.000831
7.071982,-0.119774,-0.173401,1.131208,0.564928,-0.976803,0.918242,-0.250565,-0.177561,-0.128287,0.739385,0.188732,-0.539211,0.695255,-0.062636,-2.336918,0.043545,1.305299,-2.199379,-1.202576,3.569189,0.098107,0.000258,0.000439,0.022577,0.001270,0.000851,0.002865,-0.000180
7.073026,-0.121487,-0.177734,1.131417,0.564623,-0.977371,0.917382,-0.249378,-0.179427,-0.126641,0.737146,0.185672,-0.539412,0.694904,-0.062626,-2.336920,0.043539,1.305320,-2.199383,-1.202577,3.569193,0.098109,-0.000973,-0.001160,0.021981,-0.000431,-0.000973,0.002900,-0.000489
7.074014,-0.124030,-0.179376,1.133132,0.567208,-0.977834,0.918014,-0.249216,-0.176030,-0.127707,0.739933,0.183105,-0.539430,0.694704,-0.062541,-2.336918,0.043543,1.305364,-2.199384,-1.202576,3.569194,0.098109,0.000072,-0.000225,0.021474,-0.000658,0.000004,0.001644,-0.000366
7.075038,-0.122574,-0.182559,1.133845,0.568116,-0.976945,0.917753,-0.247445,-0.176030,-0.127707,0.739933,0.183105,-0.539430,0.694704,-0.062541,-2.336918,0.043543,1.305364,-2.199384,-1.202576,3.569194,0.098109,0.000072,-0.000225,0.021474,-0.000658,0.000004,0.001644,-0.000366
7.076088,-0.125114,-0.182714,1.133017,0.569448,-0.977411,0.916489,-0.247472,-0.171774,-0.130184,0.744001,0.183728,-0.539246,0.694832,-0.062445,-2.336920,0.043545,1.305385,-2.199384,-1.202582,3.569196,0.098104,-0.001187,0.000329,0.021372,-0.000536,-0.000877,0.001166,-0.002499
7.077005,-0.125000,-0.184739,1.132212,0.568884,-0.977940,0.915616,-0.246697,-0.166345,-0.133614,0.749384,0.185709,-0.538914,0.695101,-0.062301,-2.336918,0.043541,1.305409,-2.199387,-1.202579,3.569201,0.098109,-0.000473,-0.000610,0.022019,-0.000781,-0.000463,0.001655,-0.000979
7.078108,-0.124967,-0.185507,1.132707,0.570627,-0.976447,0.915076,-0.246242,-0.161609,-0.136605,0.754208,0.187972,-0.538518,0.695357,-0.062103,-2.336920,0.043540,1.305431,-2.199381,-1.202578,3.569202,0.098108,-0.001002,-0.000494,0.022603,0.000578,0.000030,0.001856,-0.001275
7.079106,-0.127235,-0.192406,1.134464,0.571458,-0.977716,0.914447,-0.245675,-0.158324,-0.138428,0.757665,0.189582,-0.538153,0.695511,-0.061859,-2.336922,0.043538,1.305454,-2.199383,-1.202581,3.569203,0.098109,-0.001580,-0.001195,0.022621,-0.000056,-0.001498,0.001595,-0.000652
7.080010,-0.130878,-0.191341,1.131558,0.573482,-0.978118,0.913391,-0.245211,-0.155230,-0.140094,0.760965,0.190750,-0.537832,0.695625,-0.061587,-2.336920,0.043543,1.305474,-2.199383,-1.202577,3.569204,0.098109,-0.000981,0.001226,0.021979,0.000103,-0.000274,0.001501,-0.000410
7.080997,-0.131762,-0.191143,1.136684,0.573537,-0.977656,0.913584,-0.244906,-0.152943,-0.141970,0.763487,0.192259,-0.537470,0.695699,-0.061305,-2.336917,0.043540,1.305500,-2.199386,-1.202574,3.569208,0.098109,0.000326,-0.000201,0.023582,-0.000955,0.000064,0.001887,-0.000088
7.082048,-0.132893,-0.194745,1.137891,0.573664,-0.977248,0.912055,-0.243798,-0.153291,-0.142682,0.763444,0.194267,-0.537017,0.695672,-0.061018,-2.336915,0.043536,1.305517,-2.199384,-1.202578,3.569208,0.098111,0.000209,-0.001235,0.021265,-0.000058,-0.000400,0.000970,0.000666
7.082989,-0.129488,-0.197259,1.136452,0.574986,-0.977343,0.911562,-0.243671,-0.154598,-0.142324,0.762524,0.195831,-0.536637,0.695581,-0.060733,-2.336916,0.043537,1.305538,-2.199383,-1.202579,3.569212,0.098109,0.000233,-0.000477,0.020936,0.000811,-0.000835,0.001737,-0.000105
7.083986,-0.133356,-0.199886,1.139654,0.575119,-0.977653,0.911549,-0.242122,-0.154027,-0.142548,0.763558,0.196306,-0.536477,0.695490,-0.060462,-2.336923,0.043538,1.305564,-2.199383,-1.202578,3.569214,0.098112,-0.001900,-0.000181,0.021815,0.000407,-0.000781,0.001532,0.000954
7.085076,-0.137098,-0.197264,1.137850,0.576437,-0.978461,0.911266,-0.242467,-0.150662,-0.144234,0.767416,0.195882,-0.536524,0.695439,-0.060218,-2.336920,0.043538,1.305583,-2.199381,-1.202578,3.569214,0.098107,-0.000490,0.000139,0.020459,0.001223,-0.000498,0.000820,-0.000774
7.085992,-0.136274,-0.203039,1.137287,0.579568,-0.978172,0.910521,-0.241325,-0.146836,-0.145887,0.771700,0.194636,-0.536691,0.695370,-0.059993,-2.336917,0.043531,1.305609,-2.199381,-1.202576,3.569212,0.098112,0.000762,-0.002195,0.021599,0.000972,0.000262,0.000335,0.001440
7.086986,-0.138059,-0.205630,1.139832,0.578911,-0.980002,0.909869,-0.240075,-0.145780,-0.145754,0.773237,0.193645,-0.536759,0.695213,-0.059781,-2.336918,0.043534,1.305634,-2.199386,-1.202580,3.569217,0.098112,-0.000133,-0.000214,0.022024,-0.001137,-0.000036,0.000398,0.000394
7.088098,-0.137077,-0.208349,1.139543,0.580418,-0.980115,0.908986,-0.240493,-0.146367,-0.145195,0.773203,0.193932,-0.536657,0.695035,-0.059606,-2.336917,0.043535,1.305653,-2.199383,-1.202577,3.569218,0.098108,0.000227,0.000055,0.020998,0.000455,0.001752,0.000326,-0.000716
7.088993,-0.139039,-0.208788,1.137964,0.582268,-0.978544,0.908270,-0.238535,-0.145935,-0.145882,0.774221,0.194664,-0.536588,0.694885,-0.059474,-2.336918,0.043535,1.305675,-2.199383,-1.202576,3.569217,0.098113,-0.000845,0.000307,0.021431,0.000026,0.001803,0.000412,0.001673
7.089967,-0.138036,-0.212116,1.137963,0.579885,-0.977545,0.908383,-0.238628,-0.144117,-0.148832,0.777358,0.196627,-0.536508,0.694586,-0.059291,-2.336920,0.043534,1.305722,-2.199379,-1.202580,3.569218,0.098112,-0.001329,0.000340,0.022570,0.002351,-0.000801,-0.000341,0.000522
7.091130,-0.141317,-0.213484,1.137467,0.582595,-0.979268,0.906630,-0.237259,-0.144117,-0.148832,0.777358,0.196627,-0.536508,0.694586,-0.059291,-2.336920,0.043534,1.305722,-2.199379,-1.202580,3.569218,0.098112,-0.001329,0.000340,0.022570,0.002351,-0.000801,-0.000341,0.000522
7.092051,-0.144818,-0.214753,1.139369,0.584027,-0.977721,0.905928,-0.237407,-0.144364,-0.149717,0.777747,0.196266,-0.536599,0.694319,-0.059212,-2.336918,0.043534,1.305748,-2.199381,-1.202576,3.569219,0.098109,-0.000304,-0.000144,0.023073,0.000786,0.000866,0.000584,-0.000620
7.092990,-0.144096,-0.213539,1.138687,0.586372,-0.979226,0.905620,-0.236353,-0.146616,-0.149531,0.776082,0.195368,-0.536719,0.693936,-0.059139,-2.336916,0.043534,1.305769,-2.199381,-1.202582,3.569221,0.098112,0.000936,-0.000426,0.022309,0.000275,-0.000684,0.000604,0.000966
7.094090,-0.143127,-0.220588,1.143326,0.587619,-0.979288,0.904068,-0.235863,-0.151633,-0.147750,0.771647,0.195553,-0.536642,0.693488,-0.059078,-2.336918,0.043528,1.305795,-2.199385,-1.202578,3.569223,0.098109,0.000084,-0.001916,0.022811,-0.001047,0.000780,0.000219,0.000143
7.095086,-0.145642,-0.220939,1.137245,0.588521,-0.979530,0.903353,-0.234800,-0.156504,-0.145961,0.767349,0.197306,-0.536377,0.693109,-0.059038,-2.336920,0.043534,1.305813,-2.199386,-1.202576,3.569225,0.098113,-0.000957,0.000485,0.020793,-0.001175,0.000774,0.000980,0.000682
7.095991,-0.148019,-0.224860,1.138945,0.588169,-0.978911,0.903836,-0.234372,-0.159169,-0.145793,0.765219,0.200311,-0.536027,0.692828,-0.059027,-2.336918,0.043532,1.305842,-2.199384,-1.202577,3.569225,0.098111,-0.000230,-0.000341,0.024025,-0.001139,0.000999,0.000969,-0.000069
7.097112,-0.147063,-0.224684,1.143188,0.590076,-0.977761,0.902119,-0.233711,-0.162374,-0.145976,0.762515,0.203618,-0.535647,0.692475,-0.059047,-2.336916,0.043533,1.305863,-2.199381,-1.202575,3.569225,0.098112,0.000456,0.000716,0.023328,0.000055,0.000318,-0.000173,0.000333
7.098014,-0.151667,-0.227979,1.140088,0.590482,-0.977868,0.901960,-0.232769,-0.166123,-0.146143,0.759234,0.206445,-0.535322,0.692038,-0.059098,-2.336919,0.043529,1.305881,-2.199383,-1.202576,3.569229,0.098112,-0.000594,-0.000459,0.021520,-0.000719,-0.000867,0.000733,0.000560
7.099063,-0.150677,-0.225267,1.140500,0.590813,-0.977692,0.900854,-0.232071,-0.168962,-0.146731,0.756842,0.208816,-0.535069,0.691589,-0.059186,-2.336916,0.043531,1.305910,-2.199383,-1.202577,3.569226,0.098110,0.001217,0.000287,0.023204,-0.000223,-0.000763,0.000247,-0.000076
7.100132,-0.149109,-0.228695,1.141084,0.594377,-0.978240,0.900206,-0.230605,-0.173092,-0.146193,0.753171,0.210485,-0.534857,0.691028,-0.059301,-2.336918,0.043523,1.305933,-2.199381,-1.202580,3.569228,0.098109,0.000169,-0.002056,0.023218,0.000435,-0.000953,0.000590,-0.000011
7.101055,-0.153083,-0.232808,1.137910,0.592795,-0.977341,0.898449,-0.230984,-0.178458,-0.144120,0.748301,0.211670,-0.534667,0.690389,-0.059431,-2.336922,0.043526,1.305955,-2.199386,-1.202578,3.569228,0.098106,-0.001135,-0.001410,0.023176,-0.001968,-0.000455,0.000464,-0.001465
7.102173,-0.152805,-0.232484,1.139153,0.593191,-0.979785,0.898489,-0.229850,-0.183894,-0.141613,0.743394,0.213070,-0.534448,0.689741,-0.059564,-2.336918,0.043530,1.305983,-2.199381,-1.202582,3.569232,0.098111,0.000349,-0.000317,0.024903,0.000439,-0.001353,0.001548,0.000582
7.103147,-0.153998,-0.235471,1.141350,0.594497,-0.978516,0.897671,-0.229428,-0.190420,-0.138545,0.737354,0.213530,-0.534320,0.688961,-0.059669,-2.336920,0.043524,1.306006,-2.199379,-1.202576,3.569230,0.098109,-0.000377,-0.001554,0.024527,0.001084,0.001023,0.000694,-0.000159
7.104085,-0.153964,-0.238446,1.144829,0.596494,-0.978583,0.896486,-0.228194,-0.197149,-0.135038,0.731020,0.212104,-0.534413,0.688055,-0.059738,-2.336920,0.043524,1.306029,-2.199380,-1.202580,3.569231,0.098111,-0.000287,-0.001009,0.023626,0.000768,-0.000276,0.000814,0.000351
7.105209,-0.156760,-0.244501,1.142655,0.597289,-0.977008,0.896535,-0.227341,-0.201008,-0.132911,0.727478,0.209997,-0.534646,0.687218,-0.059786,-2.336922,0.043522,1.306048,-2.199384,-1.202579,3.569234,0.098107,-0.000784,-0.000434,0.022112,-0.000225,-0.000243,0.001311,-0.000821
7.106140,-0.159518,-0.242238,1.142887,0.597946,-0.976822,0.896467,-0.227407,-0.200842,-0.133582,0.727924,0.208619,-0.534878,0.686547,-0.059814,-2.336920,0.043525,1.306075,-2.199382,-1.202583,3.569231,0.098106,0.000014,0.001447,0.023451,0.000074,-0.001831,0.000457,-0.000956
7.107130,-0.158577,-0.244346,1.143666,0.597455,-0.977380,0.895192,-0.226835,-0.199428,-0.135787,0.729653,0.208207,-0.535007,0.685957,-0.059789,-2.336918,0.043519,1.306098,-2.199381,-1.202583,3.569231,0.098109,0.000879,-0.000574,0.023502,0.000296,-0.002034,-0.000139,0.000467
7.108005,-0.160996,-0.244040,1.145008,0.600519,-0.978184,0.895254,-0.226225,-0.199158,-0.137357,0.730303,0.207702,-0.535079,0.685331,-0.059674,-2.336920,0.043520,1.306120,-2.199376,-1.202581,3.569231,0.098109,-0.000109,-0.000496,0.023327,0.001671,-0.001517,0.000436,0.000680
7.109038,-0.162325,-0.247004,1.143458,0.601456,-0.977760,0.893768,-0.225104,-0.199497,-0.137892,0.730416,0.206630,-0.535162,0.684684,-0.059482,-2.336918,0.043518,1.306143,-2.199384,-1.202579,3.569230,0.098110,0.000632,-0.001508,0.022804,-0.000385,-0.000762,-0.000262,0.000663
7.110041,-0.162636,-0.248931,1.146142,0.602865,-0.979799,0.892930,-0.225129,-0.200678,-0.137468,0.729824,0.206131,-0.535138,0.684068,-0.059251,-2.336918,0.043519,1.306169,-2.199382,-1.202578,3.569233,0.098107,0.000746,-0.001061,0.023782,-0.000310,-0.001242,0.000471,-0.000145
7.111024,-0.162238,-0.252116,1.145641,0.602358,-0.978821,0.892354,-0.223414,-0.203700,-0.136096,0.728348,0.207541,-0.534887,0.682966,-0.058739,-2.336922,0.043521,1.306215,-2.199381,-1.202580,3.569235,0.098106,-0.000317,-0.000509,0.023108,0.000722,-0.000235,0.000439,-0.000783
7.112066,-0.163704,-0.253469,1.144904,0.605135,-0.978479,0.891317,-0.224016,-0.203700,-0.136096,0.728348,0.207541,-0.534887,0.682966,-0.058739,-2.336922,0.043521,1.306215,-2.199381,-1.202580,3.569235,0.098106,-0.000317,-0.000509,0.023108,0.000722,-0.000235,0.000439,-0.000783
7.113014,-0.166077,-0.254993,1.149547,0.604687,-0.977885,0.889253,-0.222523,-0.203105,-0.136704,0.729742,0.208173,-0.534892,0.682494,-0.058463,-2.336922,0.043519,1.306240,-2.199384,-1.202579,3.569236,0.098112,-0.000120,-0.000855,0.023692,-0.000966,-0.000613,0.000726,0.001881
7.114078,-0.167109,-0.255797,1.148205,0.604305,-0.980145,0.889413,-0.221269,-0.199472,-0.139171,0.734744,0.208885,-0.535046,0.681522,-0.057899,-2.336920,0.043516,1.306281,-2.199378,-1.202576,3.569237,0.098108,0.000501,-0.001665,0.022535,0.001728,0.000984,0.001163,-0.000849
7.115034,-0.168006,-0.257046,1.143602,0.605996,-0.979001,0.888665,-0.220787,-0.199472,-0.139171,0.734744,0.208885,-0.535046,0.681522,-0.057899,-2.336920,0.043516,1.306281,-2.199378,-1.202576,3.569237,0.098108,0.000501,-0.001665,0.022535,0.001728,0.000984,0.001163,-0.000849
7.116015,-0.170341,-0.258162,1.146271,0.608370,-0.978841,0.886772,-0.220472,-0.198517,-0.139219,0.736227,0.207061,-0.535374,0.680847,-0.057627,-2.336920,0.043514,1.306309,-2.199380,-1.202580,3.569237,0.098107,0.000445,-0.001965,0.024985,0.001006,-0.000189,0.001232,-0.000471
7.117027,-0.172625,-0.261774,1.147139,0.607558,-0.979540,0.886686,-0.219160,-0.201230,-0.137036,0.734027,0.204954,-0.535635,0.679987,-0.057359,-2.336918,0.043511,1.306329,-2.199382,-1.202580,3.569240,0.098111,0.001078,-0.002357,0.023847,-0.000340,-0.000375,0.002412,0.000245
7.118093,-0.169016,-0.265783,1.148669,0.609424,-0.979838,0.885580,-0.217649,-0.206739,-0.133433,0.729011,0.203485,-0.535721,0.679007,-0.057110,-2.336917,0.043513,1.306352,-2.199377,-1.202580,3.569239,0.098107,0.001665,-0.001567,0.023648,0.001371,0.000299,0.001755,-0.000983
7.119008,-0.172983,-0.264755,1.148750,0.611196,-0.980041,0.885362,-0.218428,-0.211494,-0.130616,0.724683,0.201990,-0.535803,0.678033,-0.056901,-2.336922,0.043515,1.306374,-2.199378,-1.202577,3.569241,0.098104,-0.000666,-0.000647,0.023132,0.000562,0.000526,0.002092,-0.002520
7.120014,-0.173781,-0.269140,1.147780,0.612538,-0.979905,0.885483,-0.216787,-0.213285,-0.129851,0.723259,0.200720,-0.535916,0.677200,-0.056719,-2.336918,0.043511,1.306399,-2.199380,-1.202578,3.569241,0.098111,0.000829,-0.002053,0.023251,-0.000259,0.000714,0.001643,0.000318
7.121018,-0.174433,-0.271850,1.150495,0.611785,-0.979288,0.884787,-0.216604,-0.213896,-0.130110,0.722991,0.200624,-0.535913,0.676508,-0.056537,-2.336918,0.043513,1.306423,-2.199382,-1.202578,3.569241,0.098106,0.000681,-0.000858,0.023939,-0.000561,0.000531,0.000799,-0.001600
7.122014,-0.171511,-0.273187,1.151020,0.612393,-0.980023,0.884203,-0.215993,-0.214043,-0.131130,0.723136,0.201292,-0.535839,0.675919,-0.056339,-2.336918,0.043513,1.306445,-2.199378,-1.202581,3.569241,0.098108,0.000477,-0.000512,0.022786,0.001111,-0.000093,0.000776,-0.000556
7.122974,-0.175947,-0.274531,1.152321,0.613723,-0.980650,0.883461,-0.215179,-0.211294,-0.133929,0.726031,0.201191,-0.535934,0.675446,-0.056105,-2.336924,0.043511,1.306468,-2.199376,-1.202578,3.569242,0.098108,-0.001462,-0.000824,0.022747,0.001432,0.000591,0.000637,-0.000409
7.124050,-0.175820,-0.277066,1.152372,0.616618,-0.979838,0.882495,-0.214267,-0.205062,-0.138317,0.732209,0.199789,-0.536266,0.675078,-0.055831,-2.336920,0.043509,1.306491,-2.199378,-1.202578,3.569242,0.098106,0.000245,-0.001084,0.022287,0.001088,0.001194,0.000694,-0.000706
7.125023,-0.179655,-0.277580,1.150498,0.616537,-0.979890,0.881448,-0.214063,-0.197507,-0.143210,0.739552,0.198408,-0.536621,0.674774,-0.055520,-2.336922,0.043510,1.306514,-2.199383,-1.202577,3.569242,0.098105,-0.000389,-0.000897,0.022516,-0.000622,0.000314,0.000883,-0.001036
7.125954,-0.179181,-0.279891,1.153292,0.618156,-0.980190,0.880837,-0.213628,-0.191368,-0.147345,0.745395,0.198203,-0.536792,0.674456,-0.055163,-2.336918,0.043508,1.306541,-2.199382,-1.202578,3.569243,0.098107,0.000991,-0.001595,0.023619,0.000405,0.000349,0.001227,-0.000096
7.127282,-0.180735,-0.285049,1.156181,0.619354,-0.983005,0.880960,-0.212112,-0.188039,-0.149778,0.748367,0.198668,-0.536807,0.674020,-0.054742,-2.336920,0.043506,1.306562,-2.199382,-1.202581,3.569245,0.098109,0.000076,-0.001689,0.022682,0.000313,0.000372,0.001208,0.000402
7.127978,-0.182532,-0.290569,1.155636,0.621187,-0.982725,0.881045,-0.212459,-0.185548,-0.151247,0.750414,0.198406,-0.536896,0.673489,-0.054269,-2.336923,0.043507,1.306585,-2.199375,-1.202575,3.569243,0.098106,-0.000417,-0.001575,0.022521,0.002271,0.002229,0.000323,-0.000509
7.129020,-0.185503,-0.291175,1.155240,0.626153,-0.984070,0.879726,-0.210658,-0.181976,-0.153004,0.753451,0.196438,-0.537252,0.672919,-0.053768,-2.336921,0.043511,1.306610,-2.199375,-1.202577,3.569242,0.098112,-0.000212,-0.000136,0.023311,0.002119,0.001455,-0.000158,0.001301
7.129979,-0.184942,-0.295657,1.156453,0.627776,-0.984231,0.879408,-0.210634,-0.179086,-0.154674,0.755818,0.194008,-0.537686,0.672308,-0.053270,-2.336919,0.043506,1.306636,-2.199381,-1.202576,3.569242,0.098109,0.000226,-0.001717,0.024421,-0.000153,0.002078,0.000569,-0.000656
7.131088,-0.187715,-0.301142,1.162431,0.629920,-0.985778,0.878352,-0.209398,-0.178702,-0.155335,0.755810,0.192900,-0.537915,0.671663,-0.052817,-2.336922,0.043505,1.306660,-2.199379,-1.202581,3.569244,0.098112,-0.000969,-0.001217,0.024630,0.000588,0.001615,0.000307,0.000850
7.131977,-0.190385,-0.303465,1.162640,0.631440,-0.986528,0.878478,-0.208682,-0.178633,-0.156001,0.755570,0.192665,-0.538035,0.671049,-0.052437,-2.336922,0.043505,1.306679,-2.199377,-1.202576,3.569246,0.098111,-0.000654,-0.000515,0.022683,0.001125,0.002352,0.000716,0.000135
7.133215,-0.193173,-0.308638,1.168973,0.637221,-0.985872,0.878312,-0.207446,-0.176677,-0.157751,0.757201,0.192097,-0.538249,0.670505,-0.052145,-2.336922,0.043502,1.306704,-2.199374,-1.202577,3.569243,0.098111,-0.000188,-0.000979,0.023338,0.001750,0.002487,0.000079,0.000132
7.134093,-0.190678,-0.311042,1.164574,0.638174,-0.986193,0.878279,-0.206926,-0.173150,-0.160366,0.760435,0.191773,-0.538476,0.670075,-0.051949,-2.336923,0.043501,1.306722,-2.199380,-1.202578,3.569243,0.098110,-0.000005,-0.000655,0.021377,-0.000870,0.000967,-0.000472,-0.000359
7.135029,-0.193686,-0.315474,1.167081,0.640894,-0.989334,0.876825,-0.206208,-0.168308,-0.163793,0.765141,0.192968,-0.538541,0.669827,-0.051844,-2.336929,0.043499,1.306753,-2.199378,-1.202580,3.569242,0.098111,-0.002060,-0.001047,0.024278,0.000341,0.000706,-0.000946,0.000009
7.136086,-0.194957,-0.317092,1.168955,0.642764,-0.988881,0.875845,-0.204685,-0.163008,-0.167514,0.770491,0.195143,-0.538481,0.669668,-0.051812,-2.336927,0.043500,1.306775,-2.199380,-1.202576,3.569244,0.098111,-0.001471,-0.000567,0.023822,-0.000039,0.003182,-0.000030,0.000070
7.136996,-0.197992,-0.322441,1.166854,0.644322,-0.988353,0.875579,-0.204401,-0.158121,-0.170800,0.775532,0.197176,-0.538428,0.669462,-0.051836,-2.336926,0.043496,1.306799,-2.199378,-1.202576,3.569243,0.098107,-0.001889,-0.001676,0.023828,0.000671,0.001959,0.000334,-0.001285
7.137967,-0.199124,-0.322494,1.171823,0.647677,-0.988827,0.875794,-0.203695,-0.154690,-0.172927,0.779134,0.198506,-0.538426,0.669125,-0.051887,-2.336926,0.043497,1.306827,-2.199376,-1.202580,3.569245,0.098109,-0.001253,-0.000670,0.025622,0.001319,0.000839,0.000056,-0.000380
7.139087,-0.202183,-0.329117,1.170223,0.651260,-0.989518,0.874924,-0.202188,-0.153599,-0.173425,0.780410,0.199235,-0.538424,0.668649,-0.051926,-2.336929,0.043492,1.306847,-2.199378,-1.202579,3.569243,0.098109,-0.001616,-0.002406,0.023999,0.000390,0.000640,-0.000714,-0.000246
7.140070,-0.206770,-0.334192,1.172928,0.652649,-0.990677,0.874218,-0.201993,-0.154440,-0.172619,0.779822,0.200392,-0.538298,0.668137,-0.051940,-2.336929,0.043494,1.306875,-2.199380,-1.202580,3.569245,0.098105,-0.001173,-0.001147,0.025791,-0.000381,0.000555,-0.000499,-0.001467
7.140987,-0.209263,-0.333876,1.173462,0.654527,-0.990373,0.873302,-0.201139,-0.157470,-0.170986,0.777145,0.202438,-0.538017,0.667586,-0.051913,-2.336924,0.043490,1.306926,-2.199378,-1.202580,3.569246,0.098106,0.000117,-0.000451,0.025276,0.000628,0.001031,-0.000364,-0.000271
7.142119,-0.210938,-0.339453,1.175349,0.657773,-0.990813,0.872765,-0.200597,-0.163411,-0.168193,0.771631,0.204508,-0.537692,0.666905,-0.051812,-2.336924,0.043490,1.306926,-2.199378,-1.202580,3.569246,0.098106,0.000446,-0.002256,0.025762,0.001000,0.000082,0.000016,-0.000522
7.143019,-0.211272,-0.344615,1.179130,0.659971,-0.991222,0.871960,-0.199185,-0.172023,-0.163779,0.763504,0.206103,-0.537375,0.666089,-0.051626,-2.336926,0.043489,1.306952,-2.199378,-1.202580,3.569246,0.098110,0.000192,-0.001517,0.025829,0.000555,-0.000252,-0.000110,0.000201
7.144027,-0.215583,-0.346899,1.179902,0.662389,-0.993331,0.871506,-0.199116,-0.180597,-0.159383,0.755449,0.207626,-0.537076,0.665271,-0.051378,-2.336929,0.043491,1.306973,-2.199378,-1.202579,3.569248,0.098106,-0.000495,-0.000628,0.024721,0.000590,-0.000483,0.000166,-0.001190
7.144996,-0.216754,-0.350607,1.180278,0.664624,-0.992411,0.871487,-0.198004,-0.186900,-0.156510,0.749663,0.209174,-0.536856,0.664538,-0.051102,-2.336927,0.043489,1.307000,-2.199378,-1.202575,3.569247,0.098110,0.000670,-0.001337,0.025202,0.000657,0.000902,0.000037,0.000298
7.146029,-0.218326,-0.352900,1.185551,0.667766,-0.992826,0.870227,-0.197979,-0.192270,-0.154283,0.744800,0.210590,-0.536716,0.663835,-0.050811,-2.336927,0.043489,1.307027,-2.199375,-1.202580,3.569246,0.098109,0.000292,-0.001262,0.025820,0.000759,-0.000670,-0.000507,-0.000390
7.147104,-0.221848,-0.359375,1.184902,0.668928,-0.993730,0.869241,-0.196936,-0.200134,-0.151051,0.737863,0.213406,-0.536534,0.662558,-0.050212,-2.336927,0.043486,1.307074,-2.199373,-1.202581,3.569248,0.098111,0.000776,-0.000721,0.025414,0.001628,-0.000790,0.000513,0.000843
7.147987,-0.224365,-0.363287,1.185884,0.672938,-0.992849,0.869438,-0.195524,-0.200134,-0.151051,0.737863,0.213406,-0.536534,0.662558,-0.050212,-2.336927,0.043486,1.307074,-2.199373,-1.202581,3.569248,0.098111,0.000776,-0.000721,0.025414,0.001628,-0.000790,0.000513,0.000843
7.148995,-0.226038,-0.363325,1.186228,0.673926,-0.996239,0.868294,-0.195284,-0.202809,-0.150445,0.735575,0.214686,-0.536460,0.661946,-0.049925,-2.336925,0.043486,1.307099,-2.199377,-1.202585,3.569248,0.098107,0.001145,-0.000394,0.025638,-0.000147,-0.002263,-0.000210,-0.000567
7.149996,-0.227387,-0.366721,1.189976,0.677339,-0.995745,0.868183,-0.193815,-0.206694,-0.149595,0.732064,0.216219,-0.536284,0.661303,-0.049663,-2.336926,0.043479,1.307126,-2.199373,-1.202579,3.569248,0.098110,0.001008,-0.002178,0.026323,0.001302,0.000407,0.000363,0.000580
7.151008,-0.228993,-0.372844,1.192244,0.681079,-0.997543,0.867034,-0.194069,-0.215786,-0.145935,0.723590,0.218937,-0.535827,0.660059,-0.049203,-2.336927,0.043478,1.307174,-2.199379,-1.202576,3.569250,0.098111,0.000522,-0.001085,0.025070,-0.000766,0.000263,0.000441,0.001377
7.152039,-0.232399,-0.376126,1.192205,0.681026,-0.997611,0.865883,-0.191901,-0.215786,-0.145935,0.723590,0.218937,-0.535827,0.660059,-0.049203,-2.336927,0.043478,1.307174,-2.199379,-1.202576,3.569250,0.098111,0.000522,-0.001085,0.025070,-0.000766,0.000263,0.000441,0.001377
7.153040,-0.234487,-0.382502,1.196530,0.684339,-1.000143,0.865804,-0.191999,-0.218108,-0.145313,0.721459,0.220741,-0.535603,0.659555,-0.049013,-2.336926,0.043477,1.307201,-2.199373,-1.202580,3.569251,0.098105,0.001204,-0.001350,0.025976,0.001735,-0.000359,0.000988,-0.001331
7.154032,-0.235647,-0.384107,1.199497,0.686914,-0.999976,0.864972,-0.191448,-0.219277,-0.145678,0.720345,0.221652,-0.535560,0.659018,-0.048835,-2.336924,0.043478,1.307224,-2.199375,-1.202575,3.569249,0.098109,0.001241,-0.000009,0.024686,0.000906,0.001446,0.000488,0.000496
7.155006,-0.234382,-0.384490,1.199837,0.690887,-1.000209,0.864579,-0.190308,-0.218223,-0.147633,0.721322,0.221755,-0.535725,0.658517,-0.048651,-2.336924,0.043475,1.307248,-2.199373,-1.202578,3.569248,0.098109,0.000845,-0.001026,0.024083,0.000734,0.000594,0.000757,0.000967
7.156089,-0.240558,-0.387735,1.198268,0.692060,-1.000628,0.863823,-0.190227,-0.214427,-0.150957,0.725005,0.222169,-0.535955,0.658154,-0.048465,-2.336927,0.043469,1.307275,-2.199378,-1.202579,3.569249,0.098106,-0.000713,-0.002564,0.024729,-0.000715,0.000170,0.000578,0.000242
7.157006,-0.238923,-0.393794,1.202675,0.696445,-1.000973,0.863354,-0.188927,-0.210812,-0.153470,0.728551,0.223230,-0.536104,0.657829,-0.048273,-2.336922,0.043466,1.307305,-2.199375,-1.202580,3.569251,0.098111,0.001285,-0.002892,0.026426,0.000735,-0.000161,0.000693,0.001817
7.158135,-0.242535,-0.397364,1.204155,0.697736,-1.001229,0.863784,-0.188001,-0.209319,-0.154476,0.730035,0.224953,-0.536120,0.657446,-0.048073,-2.336926,0.043467,1.307327,-2.199379,-1.202580,3.569253,0.098111,-0.000424,-0.001550,0.024997,-0.001322,-0.000452,0.000617,0.000658
7.159018,-0.241671,-0.398269,1.201076,0.699515,-1.002886,0.862260,-0.186520,-0.206018,-0.157269,0.733456,0.230100,-0.535961,0.656773,-0.047718,-2.336927,0.043460,1.307384,-2.199374,-1.202581,3.569254,0.098104,-0.000996,-0.002961,0.027496,0.000487,0.000090,0.000547,-0.000914
7.160050,-0.245227,-0.404555,1.204586,0.702908,-1.004346,0.862788,-0.187208,-0.206018,-0.157269,0.733456,0.230100,-0.535961,0.656773,-0.047718,-2.336927,0.043460,1.307384,-2.199374,-1.202581,3.569254,0.098104,-0.000996,-0.002961,0.027496,0.000487,0.000090,0.000547,-0.000914
7.161084,-0.248323,-0.406474,1.207242,0.705349,-1.003680,0.861065,-0.185569,-0.205793,-0.157758,0.733747,0.231889,-0.535925,0.656332,-0.047533,-2.336926,0.043461,1.307408,-2.199376,-1.202580,3.569249,0.098111,-0.000230,-0.001710,0.026627,-0.000324,0.000814,-0.000571,0.002132
7.162093,-0.250117,-0.410388,1.211220,0.707669,-1.004677,0.860342,-0.184608,-0.206578,-0.157831,0.732957,0.233608,-0.535864,0.655823,-0.047330,-2.336923,0.043456,1.307431,-2.199376,-1.202584,3.569251,0.098109,0.000276,-0.002626,0.026228,-0.000202,-0.000553,0.000559,0.000471
7.163085,-0.251708,-0.414100,1.213482,0.709368,-1.004440,0.860344,-0.183982,-0.207359,-0.157928,0.732058,0.235432,-0.535774,0.655285,-0.047124,-2.336925,0.043453,1.307454,-2.199376,-1.202581,3.569250,0.098109,0.000197,-0.002484,0.025133,-0.000030,-0.000270,0.000692,0.000177
7.164042,-0.253581,-0.418483,1.212789,0.711858,-1.006077,0.861102,-0.182105,-0.206751,-0.158547,0.732419,0.236849,-0.535748,0.654757,-0.046932,-2.336925,0.043450,1.307479,-2.199374,-1.202582,3.569250,0.098110,0.000025,-0.002421,0.024864,0.000679,-0.001200,0.000112,0.000512
7.165008,-0.256716,-0.416352,1.214320,0.713252,-1.005579,0.859997,-0.182757,-0.204581,-0.159925,0.734237,0.237581,-0.535837,0.654263,-0.046760,-2.336925,0.043450,1.307507,-2.199374,-1.202579,3.569249,0.098105,0.000028,-0.001990,0.026009,0.000545,-0.000236,-0.001203,-0.001715
7.165997,-0.257087,-0.422629,1.221741,0.715349,-1.006367,0.859036,-0.180834,-0.203162,-0.160574,0.735237,0.237480,-0.536001,0.653730,-0.046594,-2.336924,0.043442,1.307533,-2.199370,-1.202581,3.569253,0.098113,0.000635,-0.004773,0.026052,0.001453,-0.001405,-0.000664,0.001152
7.166989,-0.260289,-0.425930,1.220123,0.717742,-1.007477,0.857709,-0.180058,-0.202421,-0.159925,0.735489,0.236124,-0.536274,0.653132,-0.046416,-2.336926,0.043441,1.307550,-2.199369,-1.202580,3.569253,0.098107,-0.000141,-0.003399,0.023252,0.001776,-0.001299,-0.000281,-0.001137
7.168106,-0.260231,-0.428658,1.221421,0.723582,-1.008593,0.856580,-0.179776,-0.199937,-0.159591,0.737433,0.233519,-0.536717,0.652529,-0.046225,-2.336924,0.043437,1.307579,-2.199369,-1.202582,3.569254,0.098105,0.000481,-0.003547,0.024915,0.001836,-0.000861,0.000468,-0.001073
7.169005,-0.261675,-0.432098,1.221344,0.724427,-1.010608,0.855715,-0.178999,-0.196675,-0.159799,0.740234,0.231229,-0.537128,0.651927,-0.046011,-2.336928,0.043431,1.307605,-2.199375,-1.202581,3.569253,0.098107,-0.000612,-0.004183,0.025243,-0.001121,-0.000531,0.000948,0.000154
7.169976,-0.266764,-0.438311,1.225136,0.727633,-1.009798,0.855335,-0.178731,-0.194225,-0.159946,0.742404,0.230702,-0.537303,0.651330,-0.045762,-2.336928,0.043429,1.307635,-2.199371,-1.202577,3.569253,0.098108,-0.000759,-0.004093,0.025978,0.000199,0.000830,0.001290,0.000022
7.171015,-0.267677,-0.437127,1.225930,0.729224,-1.011575,0.854999,-0.176958,-0.192549,-0.160345,0.743948,0.231618,-0.537307,0.650731,-0.045475,-2.336924,0.043428,1.307658,-2.199373,-1.202582,3.569253,0.098111,0.000805,-0.002750,0.024922,-0.000595,-0.000636,0.001106,0.001040
7.172023,-0.269389,-0.442510,1.227778,0.731627,-1.012117,0.854763,-0.177329,-0.191965,-0.160766,0.744501,0.233206,-0.537233,0.650115,-0.045153,-2.336926,0.043419,1.307685,-2.199370,-1.202580,3.569253,0.098105,0.000240,-0.005184,0.025421,0.000345,0.000421,0.000838,-0.000850
7.173028,-0.271404,-0.443610,1.229530,0.735295,-1.011755,0.852437,-0.175472,-0.192561,-0.160469,0.743970,0.234594,-0.537171,0.649483,-0.044804,-2.336926,0.043415,1.307711,-2.199371,-1.202579,3.569253,0.098110,0.000112,-0.004272,0.025359,0.000433,0.000241,0.000487,0.001526
7.174109,-0.272652,-0.452066,1.230789,0.738022,-1.011897,0.853022,-0.175588,-0.193886,-0.159513,0.742803,0.235754,-0.537121,0.648853,-0.044443,-2.336926,0.043406,1.307737,-2.199371,-1.202580,3.569258,0.098107,0.000137,-0.005496,0.025344,-0.000757,-0.000813,0.002219,-0.000612
7.175077,-0.277048,-0.453556,1.230928,0.737899,-1.012680,0.852689,-0.174371,-0.195241,-0.158817,0.741710,0.237679,-0.536970,0.648264,-0.044087,-2.336927,0.043408,1.307763,-2.199372,-1.202583,3.569254,0.098111,-0.000283,-0.003252,0.025661,-0.000780,-0.001387,0.001003,0.001377
7.176145,-0.278180,-0.458698,1.233336,0.741576,-1.013746,0.852425,-0.173196,-0.196703,-0.158757,0.740582,0.239815,-0.536775,0.647683,-0.043732,-2.336926,0.043401,1.307791,-2.199364,-1.202583,3.569252,0.098109,0.000963,-0.004235,0.026389,0.001569,-0.001279,0.000793,0.000469
7.177072,-0.281450,-0.458965,1.234849,0.743228,-1.015768,0.852501,-0.172712,-0.199128,-0.158693,0.738516,0.240836,-0.536660,0.647040,-0.043383,-2.336926,0.043399,1.307817,-2.199367,-1.202581,3.569254,0.098109,0.000465,-0.003595,0.026107,0.000563,-0.000969,0.000427,-0.000169
7.178162,-0.279448,-0.465541,1.234856,0.745178,-1.016260,0.851899,-0.171128,-0.202533,-0.158216,0.735500,0.240778,-0.536618,0.646373,-0.043061,-2.336924,0.043389,1.307843,-2.199365,-1.202578,3.569253,0.098110,0.001184,-0.005076,0.026128,0.001182,0.000389,-0.000190,0.000355
7.178964,-0.280768,-0.465270,1.237010,0.749251,-1.016972,0.851032,-0.170932,-0.206038,-0.157565,0.732409,0.239678,-0.536697,0.645728,-0.042780,-2.336929,0.043388,1.307870,-2.199361,-1.202579,3.569254,0.098106,-0.000847,-0.003758,0.027069,0.001832,0.000114,-0.000218,-0.001073
7.179986,-0.284437,-0.469051,1.238699,0.751754,-1.017771,0.850932,-0.169546,-0.208272,-0.157490,0.730595,0.237975,-0.536901,0.645150,-0.042538,-2.336929,0.043381,1.307894,-2.199366,-1.202579,3.569254,0.098109,-0.000952,-0.005312,0.026630,-0.000167,0.000272,0.000187,-0.000169
7.181028,-0.285463,-0.472183,1.241740,0.753625,-1.018628,0.850504,-0.169463,-0.209324,-0.157946,0.729966,0.237107,-0.537061,0.644683,-0.042325,-2.336929,0.043377,1.307919,-2.199366,-1.202578,3.569250,0.098105,-0.000121,-0.005242,0.026683,-0.000129,0.000353,-0.000291,-0.001313
7.182050,-0.285647,-0.475538,1.245460,0.755444,-1.018460,0.849890,-0.169050,-0.209925,-0.158469,0.729767,0.237184,-0.537158,0.644299,-0.042122,-2.336929,0.043369,1.307945,-2.199366,-1.202577,3.569252,0.098109,-0.000639,-0.005510,0.026062,0.000583,0.000469,-0.000473,0.000200
7.183130,-0.290809,-0.480932,1.244743,0.759268,-1.020087,0.849735,-0.167755,-0.208526,-0.159759,0.731513,0.237059,-0.537380,0.644008,-0.041904,-2.336930,0.043364,1.307969,-2.199363,-1.202580,3.569253,0.098109,-0.001533,-0.005658,0.025099,0.001209,-0.000387,-0.000460,0.001000
7.184067,-0.290113,-0.483631,1.248728,0.760896,-1.019997,0.848559,-0.167162,-0.204874,-0.162170,0.735485,0.236598,-0.537756,0.643812,-0.041661,-2.336928,0.043360,1.307997,-2.199364,-1.202580,3.569253,0.098108,-0.000019,-0.004896,0.026406,0.000068,0.000513,-0.000939,0.000129
7.185007,-0.294517,-0.485265,1.247774,0.762872,-1.021702,0.848787,-0.165890,-0.200488,-0.165383,0.740200,0.236432,-0.538169,0.643668,-0.041404,-2.336932,0.043354,1.308020,-2.199364,-1.202581,3.569254,0.098107,-0.001264,-0.005212,0.025197,0.000770,-0.000242,-0.000300,0.000455
7.186089,-0.297272,-0.490249,1.249180,0.765662,-1.022345,0.848489,-0.165839,-0.196169,-0.168769,0.744847,0.236238,-0.538624,0.643516,-0.041142,-2.336929,0.043346,1.308050,-2.199362,-1.202579,3.569253,0.098104,0.000005,-0.006039,0.026437,0.001066,0.000813,-0.001080,-0.000585
7.187091,-0.298180,-0.491996,1.255292,0.767294,-1.022618,0.847260,-0.164224,-0.193806,-0.171092,0.747547,0.235659,-0.539107,0.643273,-0.040861,-2.336927,0.043342,1.308078,-2.199361,-1.202579,3.569249,0.098108,0.000295,-0.005486,0.026653,0.000930,0.000689,-0.001385,0.001055
7.188023,-0.298606,-0.495827,1.252266,0.773072,-1.024831,0.846803,-0.163367,-0.193075,-0.172502,0.748634,0.234686,-0.539615,0.642962,-0.040552,-2.336927,0.043334,1.308097,-2.199357,-1.202581,3.569252,0.098106,-0.000240,-0.006378,0.024507,0.001692,0.000284,-0.000741,-0.000596
7.189049,-0.300633,-0.499897,1.256511,0.774977,-1.025111,0.845188,-0.163150,-0.191871,-0.174110,0.750257,0.234118,-0.540083,0.642706,-0.040226,-2.336929,0.043328,1.308128,-2.199365,-1.202578,3.569252,0.098107,-0.000922,-0.006100,0.026778,-0.001646,0.001838,-0.000838,-0.000809
7.190043,-0.301881,-0.503619,1.258356,0.776786,-1.026574,0.844712,-0.161448,-0.187517,-0.179526,0.755790,0.238512,-0.540405,0.642516,-0.039603,-2.336928,0.043316,1.308177,-2.199359,-1.202578,3.569253,0.098107,-0.001268,-0.005789,0.025472,-0.000478,0.002168,0.000074,-0.001431
7.191022,-0.304326,-0.507465,1.262684,0.778914,-1.024567,0.842457,-0.160714,-0.187517,-0.179526,0.755790,0.238512,-0.540405,0.642516,-0.039603,-2.336928,0.043316,1.308177,-2.199359,-1.202578,3.569253,0.098107,-0.001268,-0.005789,0.025472,-0.000478,0.002168,0.000074,-0.001431
7.192062,-0.305560,-0.512182,1.261399,0.781154,-1.026295,0.841948,-0.159733,-0.182684,-0.184008,0.761213,0.241477,-0.540529,0.642495,-0.039326,-2.336929,0.043312,1.308201,-2.199358,-1.202585,3.569256,0.098108,-0.000992,-0.005621,0.024152,-0.000207,-0.000484,0.001760,-0.001317
7.193039,-0.310519,-0.513219,1.264751,0.783914,-1.027120,0.841774,-0.159082,-0.176111,-0.189540,0.768314,0.243909,-0.540710,0.642437,-0.039064,-2.336931,0.043308,1.308230,-2.199356,-1.202584,3.569254,0.098107,-0.001378,-0.005132,0.025684,0.000067,0.000545,0.001660,-0.001618
7.194047,-0.308572,-0.516075,1.266190,0.785913,-1.028416,0.841372,-0.157396,-0.169923,-0.194931,0.774976,0.245780,-0.540895,0.642281,-0.038805,-2.336927,0.043298,1.308254,-2.199357,-1.202584,3.569254,0.098109,0.000122,-0.006315,0.024839,-0.000252,0.000678,0.001267,-0.001357
7.195106,-0.314142,-0.520591,1.269162,0.788627,-1.027928,0.841470,-0.157194,-0.165115,-0.199173,0.780198,0.247079,-0.541080,0.642050,-0.038557,-2.336933,0.043290,1.308280,-2.199355,-1.202580,3.569254,0.098104,-0.001808,-0.006641,0.024996,0.000192,0.001246,0.001088,-0.003118
7.196034,-0.313428,-0.523943,1.268608,0.789096,-1.027575,0.839139,-0.156170,-0.160786,-0.202516,0.784865,0.247772,-0.541307,0.641814,-0.038316,-2.336929,0.043286,1.308304,-2.199354,-1.202583,3.569253,0.098107,-0.000068,-0.006274,0.024452,0.000083,0.000026,0.000375,-0.001809
7.196983,-0.317448,-0.526673,1.266983,0.792289,-1.028496,0.840201,-0.155226,-0.157011,-0.205141,0.788884,0.247592,-0.541600,0.641541,-0.038064,-2.336933,0.043282,1.308333,-2.199350,-1.202584,3.569258,0.098106,-0.001320,-0.006263,0.025469,0.001815,-0.000956,0.002160,-0.002387
7.198135,-0.318477,-0.532726,1.270603,0.795544,-1.029767,0.839910,-0.155200,-0.155354,-0.206362,0.790689,0.246273,-0.541945,0.641121,-0.037787,-2.336931,0.043274,1.308362,-2.199351,-1.202583,3.569254,0.098105,-0.000241,-0.006559,0.027053,0.000979,-0.000695,0.000534,-0.002748
7.199020,-0.320729,-0.535461,1.275221,0.798423,-1.028876,0.839280,-0.154462,-0.156583,-0.206101,0.789543,0.244687,-0.542242,0.640585,-0.037491,-2.336933,0.043271,1.308387,-2.199351,-1.202581,3.569253,0.098108,-0.000847,-0.005606,0.026253,0.000572,-0.000246,0.000178,-0.000948
7.199979,-0.323217,-0.536548,1.275860,0.800652,-1.029713,0.837976,-0.154050,-0.158175,-0.206071,0.787967,0.244024,-0.542444,0.640121,-0.037188,-2.336933,0.043264,1.308410,-2.199351,-1.202584,3.569254,0.098110,-0.000580,-0.005804,0.024700,-0.000123,-0.001733,0.000295,-0.001033
7.201056,-0.328070,-0.538763,1.273450,0.802625,-1.030183,0.837484,-0.152249,-0.158380,-0.206966,0.787717,0.244570,-0.542555,0.639808,-0.036896,-2.336933,0.043254,1.308436,-2.199349,-1.202583,3.569256,0.098112,-0.000275,-0.006916,0.025210,-0.000028,-0.001561,0.001032,-0.000327
7.202062,-0.326883,-0.540913,1.276625,0.804703,-1.032001,0.836298,-0.152502,-0.160345,-0.206559,0.785690,0.245716,-0.542552,0.639465,-0.036611,-2.336929,0.043244,1.308467,-2.199348,-1.202584,3.569255,0.098105,0.001062,-0.007681,0.027307,0.000636,-0.001829,0.000897,-0.002204
7.203107,-0.330783,-0.546080,1.280226,0.807074,-1.031547,0.835251,-0.151767,-0.166410,-0.203236,0.779571,0.246448,-0.542500,0.638932,-0.036322,-2.336933,0.043233,1.308492,-2.199346,-1.202581,3.569255,0.098112,-0.000501,-0.008323,0.026568,0.000994,-0.000729,0.001511,-0.000073
7.204003,-0.331796,-0.548892,1.278460,0.808707,-1.032175,0.834350,-0.152222,-0.173884,-0.198469,0.772027,0.246240,-0.542538,0.638276,-0.036022,-2.336931,0.043227,1.308516,-2.199345,-1.202583,3.569257,0.098108,0.000425,-0.007584,0.025696,0.001189,-0.001916,0.001932,0.000123
7.204999,-0.331685,-0.552739,1.279551,0.812190,-1.032563,0.834471,-0.151197,-0.180799,-0.193780,0.765031,0.245157,-0.542717,0.637556,-0.035727,-2.336931,0.043220,1.308548,-2.199343,-1.202581,3.569257,0.098114,0.000044,-0.007749,0.027259,0.001719,-0.001916,0.002315,0.002467
7.206005,-0.334253,-0.554409,1.284500,0.813166,-1.033620,0.834755,-0.149284,-0.187465,-0.189452,0.758340,0.243726,-0.542972,0.636794,-0.035463,-2.336933,0.043214,1.308578,-2.199344,-1.202584,3.569256,0.098114,-0.000965,-0.007591,0.027501,0.000713,-0.002200,0.001613,0.001982
7.207082,-0.336346,-0.558415,1.286305,0.817685,-1.034250,0.833731,-0.149589,-0.192675,-0.186082,0.753159,0.242217,-0.543303,0.636112,-0.035258,-2.336933,0.043201,1.308603,-2.199340,-1.202583,3.569255,0.098107,-0.000658,-0.008468,0.025886,0.002147,-0.001843,0.000749,-0.000226
7.208023,-0.342629,-0.561233,1.284946,0.819373,-1.035133,0.833843,-0.147868,-0.195181,-0.184108,0.750663,0.240687,-0.543725,0.635599,-0.035116,-2.336934,0.043193,1.308629,-2.199343,-1.202584,3.569255,0.098112,-0.000651,-0.008343,0.025938,0.000342,-0.001959,0.001157,0.002132
7.209036,-0.341484,-0.562964,1.287860,0.821068,-1.036146,0.833367,-0.147450,-0.201504,-0.180162,0.744342,0.239677,-0.544335,0.634723,-0.034926,-2.336931,0.043173,1.308686,-2.199339,-1.202584,3.569256,0.098109,-0.000050,-0.009451,0.026752,0.001699,-0.001416,0.000373,0.000978
7.210104,-0.345787,-0.569387,1.291474,0.826513,-1.035870,0.831921,-0.146091,-0.201504,-0.180162,0.744342,0.239677,-0.544335,0.634723,-0.034926,-2.336931,0.043173,1.308686,-2.199339,-1.202584,3.569256,0.098109,-0.000050,-0.009451,0.026752,0.001699,-0.001416,0.000373,0.000978
7.211064,-0.346004,-0.570226,1.288857,0.826580,-1.036986,0.832198,-0.145344,-0.206432,-0.177713,0.739470,0.240041,-0.544508,0.634279,-0.034829,-2.336929,0.043169,1.308708,-2.199344,-1.202588,3.569257,0.098108,0.001056,-0.008138,0.025916,-0.001012,-0.002407,0.001203,-0.000046
7.211992,-0.346233,-0.573155,1.292551,0.830581,-1.038830,0.830909,-0.144633,-0.211010,-0.176162,0.735066,0.241725,-0.544530,0.633911,-0.034719,-2.336931,0.043158,1.308740,-2.199338,-1.202586,3.569254,0.098110,0.000224,-0.009378,0.027995,0.001187,-0.001961,0.000373,-0.000001
7.212982,-0.347791,-0.576606,1.292000,0.832327,-1.040015,0.829846,-0.143568,-0.215634,-0.175028,0.730737,0.244035,-0.544471,0.633578,-0.034582,-2.336935,0.043148,1.308764,-2.199341,-1.202583,3.569255,0.098110,-0.000524,-0.009500,0.026911,-0.000479,-0.000785,0.001135,0.000062
7.214026,-0.351288,-0.575645,1.294292,0.834004,-1.040545,0.829749,-0.143410,-0.219334,-0.174562,0.727399,0.246526,-0.544422,0.633290,-0.034411,-2.336937,0.043140,1.308794,-2.199339,-1.202583,3.569257,0.098107,-0.000681,-0.009505,0.027996,0.000193,-0.000297,0.001608,-0.000479
7.215071,-0.352771,-0.582028,1.298046,0.835304,-1.041030,0.828835,-0.142085,-0.222784,-0.174056,0.724301,0.248682,-0.544432,0.632986,-0.034191,-2.336935,0.043126,1.308821,-2.199336,-1.202583,3.569254,0.098111,0.000035,-0.011760,0.027736,0.001039,-0.000502,0.001102,0.000879
7.216012,-0.357340,-0.586611,1.299292,0.838672,-1.040424,0.828404,-0.142004,-0.226507,-0.172703,0.720829,0.249299,-0.544624,0.632602,-0.033902,-2.336937,0.043119,1.308845,-2.199330,-1.202583,3.569255,0.098110,-0.000235,-0.010374,0.026780,0.002173,-0.000745,0.001412,-0.000119
7.217010,-0.357292,-0.588701,1.299602,0.840854,-1.042879,0.829050,-0.139955,-0.229265,-0.171729,0.718202,0.248547,-0.545002,0.632184,-0.033563,-2.336933,0.043111,1.308873,-2.199332,-1.202587,3.569258,0.098113,0.001099,-0.009739,0.026921,0.001158,-0.001970,0.001276,0.001235
7.218070,-0.357338,-0.590677,1.298828,0.843554,-1.043635,0.827882,-0.139946,-0.231263,-0.171708,0.716308,0.247627,-0.545407,0.631778,-0.033209,-2.336935,0.043101,1.308902,-2.199330,-1.202584,3.569254,0.098107,0.000097,-0.010423,0.027596,0.001401,-0.000217,0.000066,-0.001279
7.219051,-0.359474,-0.596286,1.303393,0.846600,-1.044132,0.827561,-0.138714,-0.233287,-0.171873,0.714438,0.246881,-0.545769,0.631394,-0.032856,-2.336939,0.043088,1.308934,-2.199330,-1.202584,3.569255,0.098110,-0.000870,-0.011235,0.028836,0.001312,-0.000215,0.000632,0.000433
7.220015,-0.361016,-0.597487,1.301266,0.847931,-1.045992,0.827312,-0.138231,-0.234587,-0.172372,0.713321,0.246437,-0.546091,0.631071,-0.032502,-2.336936,0.043080,1.308957,-2.199329,-1.202584,3.569256,0.098109,-0.000792,-0.010128,0.027393,0.000678,-0.000403,0.000366,-0.000483
7.221066,-0.363959,-0.602841,1.305054,0.849817,-1.045997,0.826586,-0.137765,-0.234610,-0.173607,0.713469,0.246402,-0.546391,0.630821,-0.032155,-2.336937,0.043067,1.308989,-2.199327,-1.202581,3.569254,0.098112,-0.000952,-0.011172,0.029226,0.001684,0.000777,0.000065,0.000094
7.222121,-0.366502,-0.609379,1.308089,0.853396,-1.047796,0.827403,-0.136147,-0.234271,-0.174934,0.713947,0.246005,-0.546761,0.630556,-0.031815,-2.336937,0.043060,1.309015,-2.199322,-1.202584,3.569256,0.098113,-0.000506,-0.010330,0.028225,0.002283,0.000064,0.000176,0.000843
7.223108,-0.368648,-0.610522,1.305915,0.855033,-1.047608,0.825697,-0.135869,-0.232978,-0.176958,0.715347,0.245217,-0.547238,0.630296,-0.031498,-2.336935,0.043055,1.309041,-2.199325,-1.202582,3.569253,0.098108,-0.000292,-0.008939,0.027624,0.001354,0.001122,-0.001255,-0.000711
7.224030,-0.369008,-0.613953,1.308633,0.857299,-1.046095,0.825416,-0.134670,-0.230672,-0.180071,0.717778,0.244731,-0.547743,0.630080,-0.031210,-2.336935,0.043042,1.309072,-2.199322,-1.202585,3.569256,0.098110,-0.000188,-0.010064,0.029521,0.002111,0.000261,-0.000111,0.000329
7.225053,-0.373590,-0.619294,1.308877,0.859265,-1.046242,0.824813,-0.134903,-0.229051,-0.182940,0.719598,0.244548,-0.548199,0.629819,-0.030922,-2.336941,0.043033,1.309098,-2.199320,-1.202587,3.569255,0.098107,-0.000850,-0.009924,0.028888,0.002056,-0.001887,-0.000374,-0.000602
7.226096,-0.375745,-0.621278,1.315169,0.862542,-1.048109,0.823921,-0.132730,-0.228380,-0.185230,0.720547,0.244577,-0.548573,0.629480,-0.030610,-2.336938,0.043025,1.309129,-2.199317,-1.202587,3.569255,0.098113,0.000419,-0.009041,0.029610,0.002557,-0.002441,-0.000362,0.001510
7.226975,-0.380077,-0.627533,1.317156,0.865851,-1.049989,0.823820,-0.132732,-0.228081,-0.187217,0.721170,0.244715,-0.548903,0.629085,-0.030270,-2.336939,0.043012,1.309153,-2.199316,-1.202584,3.569257,0.098107,0.000241,-0.010273,0.027637,0.002546,-0.001460,-0.000189,-0.000968
7.228013,-0.378337,-0.631452,1.318221,0.871246,-1.049637,0.823158,-0.130775,-0.227189,-0.189116,0.722391,0.244802,-0.549271,0.628694,-0.029912,-2.336938,0.043005,1.309181,-2.199311,-1.202585,3.569254,0.098110,0.001171,-0.009358,0.027791,0.002436,-0.000430,-0.000750,0.000824
7.229030,-0.384559,-0.635316,1.322962,0.873310,-1.051958,0.821012,-0.129691,-0.225028,-0.191409,0.724900,0.245514,-0.549629,0.628399,-0.029542,-2.336944,0.042996,1.309213,-2.199314,-1.202586,3.569254,0.098105,-0.001111,-0.010051,0.028612,0.000991,-0.001803,-0.000874,-0.001026
7.230004,-0.386848,-0.633875,1.323642,0.876447,-1.052175,0.821241,-0.129408,-0.221739,-0.193978,0.728542,0.247091,-0.549927,0.628210,-0.029154,-2.336940,0.042983,1.309239,-2.199307,-1.202584,3.569256,0.098106,0.000575,-0.010636,0.027612,0.002622,-0.000469,0.000498,-0.001146
7.231161,-0.392412,-0.643655,1.325621,0.881043,-1.052509,0.819721,-0.127831,-0.219168,-0.194952,0.731391,0.248186,-0.550257,0.627979,-0.028723,-2.336940,0.042965,1.309269,-2.199302,-1.202587,3.569253,0.098111,0.000338,-0.013726,0.028549,0.003017,-0.001187,-0.000484,0.000227
7.232068,-0.392745,-0.647767,1.328094,0.886185,-1.053951,0.818447,-0.127770,-0.219842,-0.192700,0.730924,0.248269,-0.550608,0.627587,-0.028236,-2.336937,0.042958,1.309298,-2.199301,-1.202589,3.569257,0.098108,0.001469,-0.011753,0.029136,0.002736,-0.001964,0.000145,-0.000621
7.233109,-0.393996,-0.653265,1.329313,0.889756,-1.054710,0.818703,-0.125899,-0.223396,-0.188607,0.727591,0.248737,-0.550820,0.627094,-0.027723,-2.336939,0.042945,1.309326,-2.199304,-1.202588,3.569258,0.098112,0.000368,-0.011959,0.029065,0.001059,-0.001406,0.000720,0.001079
7.233963,-0.397841,-0.658329,1.334281,0.891814,-1.055577,0.818162,-0.124898,-0.227410,-0.184863,0.723866,0.250773,-0.550821,0.626650,-0.027218,-2.336941,0.042934,1.309354,-2.199299,-1.202588,3.569256,0.098107,-0.000440,-0.011814,0.029855,0.001310,-0.001669,-0.000331,-0.000595
7.235202,-0.397760,-0.664908,1.336093,0.896529,-1.057901,0.817021,-0.124752,-0.230039,-0.182473,0.721547,0.253767,-0.550739,0.626330,-0.026731,-2.336939,0.042925,1.309380,-2.199294,-1.202590,3.569253,0.098107,0.000282,-0.011421,0.028459,0.002342,-0.001607,-0.000418,-0.000876
7.236064,-0.406646,-0.665435,1.339623,0.899119,-1.057883,0.816674,-0.123570,-0.229909,-0.182131,0.721913,0.256480,-0.550771,0.626127,-0.026245,-2.336944,0.042912,1.309413,-2.199292,-1.202585,3.569256,0.098112,-0.001452,-0.011249,0.029250,0.002240,-0.000526,-0.000237,0.001317
7.237094,-0.408208,-0.671767,1.341396,0.902826,-1.058186,0.816038,-0.122651,-0.228121,-0.182940,0.723810,0.258478,-0.550935,0.625953,-0.025753,-2.336935,0.042893,1.309440,-2.199287,-1.202590,3.569254,0.098111,0.001724,-0.013049,0.028581,0.002762,-0.001358,-0.000542,0.000649
7.238097,-0.408546,-0.679663,1.346165,0.907475,-1.059864,0.814843,-0.120537,-0.227830,-0.182854,0.724080,0.259857,-0.551101,0.625685,-0.025274,-2.336937,0.042883,1.309470,-2.199283,-1.202590,3.569255,0.098112,0.001046,-0.012453,0.029055,0.002832,-0.002049,-0.000699,0.000878
7.238974,-0.413024,-0.681525,1.346378,0.909899,-1.060673,0.814431,-0.120973,-0.227892,-0.182963,0.723912,0.261216,-0.551209,0.625392,-0.024842,-2.336939,0.042874,1.309497,-2.199281,-1.202591,3.569256,0.098106,-0.000171,-0.011028,0.028003,0.001908,-0.001333,-0.000269,-0.001342
7.240004,-0.416959,-0.687812,1.350092,0.913549,-1.063217,0.813860,-0.119732,-0.226062,-0.184978,0.725593,0.263039,-0.551265,0.625174,-0.024458,-2.336937,0.042859,1.309528,-2.199277,-1.202591,3.569255,0.098111,0.000839,-0.012260,0.029010,0.002702,-0.001376,-0.000530,0.001310
7.241001,-0.416962,-0.688500,1.349904,0.917602,-1.063201,0.812866,-0.118666,-0.224019,-0.187782,0.727453,0.264933,-0.551293,0.624949,-0.024092,-2.336935,0.042848,1.309555,-2.199274,-1.202588,3.569256,0.098112,0.001340,-0.011676,0.028528,0.002834,0.000144,-0.000749,0.000854
7.241960,-0.420079,-0.696094,1.351924,0.920674,-1.064818,0.812012,-0.117075,-0.223264,-0.190135,0.728023,0.266668,-0.551297,0.624655,-0.023743,-2.336939,0.042829,1.309587,-2.199270,-1.202590,3.569257,0.098112,-0.000028,-0.013756,0.029909,0.002438,-0.000845,-0.000516,0.000718
7.243079,-0.426008,-0.700713,1.355711,0.924321,-1.066228,0.810620,-0.116544,-0.223844,-0.191766,0.727283,0.268453,-0.551257,0.624292,-0.023434,-2.336941,0.042821,1.309617,-2.199264,-1.202590,3.569257,0.098109,0.000228,-0.012367,0.030132,0.002832,-0.000146,-0.000396,-0.000544
7.243963,-0.425680,-0.702931,1.359819,0.925794,-1.068088,0.810387,-0.115219,-0.225766,-0.192920,0.725189,0.270158,-0.551206,0.623818,-0.023168,-2.336936,0.042807,1.309646,-2.199260,-1.202590,3.569257,0.098111,0.001577,-0.012853,0.029742,0.003296,0.000172,0.000145,0.000646
7.244967,-0.427638,-0.711020,1.357261,0.932476,-1.068821,0.809717,-0.114263,-0.228135,-0.193860,0.722589,0.270862,-0.551289,0.623222,-0.022926,-2.336939,0.042790,1.309672,-2.199251,-1.202588,3.569255,0.098109,0.000188,-0.013875,0.028843,0.004939,0.001163,-0.000298,-0.000246
7.246031,-0.431781,-0.715176,1.358507,0.934698,-1.068448,0.809632,-0.113252,-0.229785,-0.195107,0.720720,0.270784,-0.551510,0.622587,-0.022700,-2.336941,0.042779,1.309708,-2.199253,-1.202588,3.569256,0.098109,-0.000211,-0.012316,0.031404,0.002043,0.000905,-0.000397,-0.000140
7.247033,-0.432057,-0.719107,1.367003,0.938130,-1.070160,0.808207,-0.112344,-0.232026,-0.196706,0.718373,0.271624,-0.551628,0.621963,-0.022481,-2.336941,0.042764,1.309741,-2.199245,-1.202591,3.569255,0.098110,0.000385,-0.012880,0.032139,0.003671,-0.000492,-0.001126,-0.000036
7.248002,-0.436527,-0.723041,1.366651,0.940568,-1.070288,0.807777,-0.111702,-0.234483,-0.198643,0.715861,0.273140,-0.551657,0.621370,-0.022251,-2.336945,0.042748,1.309765,-2.199241,-1.202590,3.569256,0.098111,-0.000849,-0.013373,0.029231,0.003894,0.000257,-0.000458,0.000149
7.249038,-0.438175,-0.728304,1.371991,0.944707,-1.071678,0.806833,-0.110371,-0.234645,-0.201429,0.715592,0.273997,-0.551801,0.620852,-0.021997,-2.336943,0.042733,1.309799,-2.199233,-1.202591,3.569255,0.098112,0.000034,-0.013771,0.030659,0.004929,-0.000566,-0.000773,0.000799
7.250011,-0.439286,-0.734193,1.371305,0.947045,-1.072621,0.806873,-0.109357,-0.232727,-0.204785,0.717368,0.273981,-0.552066,0.620391,-0.021717,-2.336945,0.042720,1.309827,-2.199231,-1.202590,3.569255,0.098111,-0.000586,-0.013709,0.029352,0.004621,-0.000180,-0.000616,0.000204
7.250976,-0.443666,-0.731853,1.372951,0.951287,-1.073932,0.805528,-0.107854,-0.228978,-0.208817,0.720984,0.273230,-0.552433,0.619990,-0.021427,-2.336950,0.042707,1.309861,-2.199224,-1.202591,3.569253,0.098111,-0.001343,-0.013168,0.030934,0.005779,-0.000181,-0.001399,0.000128
7.252012,-0.448174,-0.740892,1.376859,0.954105,-1.075728,0.805168,-0.107623,-0.225091,-0.212336,0.724781,0.271832,-0.552847,0.619603,-0.021143,-2.336948,0.042684,1.309893,-2.199220,-1.202592,3.569257,0.098107,-0.000503,-0.016645,0.031323,0.005071,0.000204,-0.000800,-0.000946
7.252968,-0.449506,-0.743549,1.379088,0.957118,-1.075628,0.805269,-0.106514,-0.223788,-0.213459,0.726062,0.270043,-0.553214,0.619152,-0.020858,-2.336947,0.042675,1.309922,-2.199212,-1.202590,3.569255,0.098111,0.000284,-0.014702,0.030725,0.005968,0.000983,-0.001229,0.000675
7.254012,-0.451365,-0.747629,1.379825,0.960842,-1.076945,0.802467,-0.105060,-0.224251,-0.213030,0.725655,0.267891,-0.553588,0.618681,-0.020565,-2.336949,0.042658,1.309952,-2.199207,-1.202594,3.569252,0.098110,-0.000382,-0.015719,0.030851,0.006413,-0.000031,-0.002046,0.000353
7.255059,-0.451450,-0.756771,1.384305,0.967325,-1.077989,0.802511,-0.104498,-0.225198,-0.211974,0.724866,0.265282,-0.554024,0.618216,-0.020276,-2.336949,0.042641,1.309986,-2.199200,-1.202592,3.569256,0.098108,-0.000911,-0.016216,0.031830,0.006440,0.000259,-0.000038,-0.000462
7.256017,-0.454196,-0.759961,1.386807,0.969194,-1.078431,0.802189,-0.102442,-0.225189,-0.211518,0.725168,0.263424,-0.554406,0.617817,-0.020005,-2.336954,0.042631,1.310015,-2.199199,-1.202590,3.569258,0.098112,-0.002273,-0.014254,0.030959,0.003864,0.000266,-0.000919,0.000509
7.257051,-0.459495,-0.766984,1.390190,0.972976,-1.079116,0.800938,-0.102173,-0.221781,-0.213726,0.728981,0.263565,-0.554653,0.617628,-0.019764,-2.336957,0.042613,1.310047,-2.199189,-1.202592,3.569254,0.098106,-0.002198,-0.015004,0.030928,0.005402,-0.000208,-0.001300,-0.001693
7.258107,-0.462327,-0.770048,1.392104,0.975932,-1.080307,0.799356,-0.100775,-0.215358,-0.218346,0.735835,0.264950,-0.554838,0.617620,-0.019539,-2.336956,0.042601,1.310077,-2.199183,-1.202595,3.569254,0.098109,-0.000997,-0.014054,0.030595,0.005341,-0.000506,-0.000836,-0.000138
7.259060,-0.464201,-0.775268,1.392612,0.980536,-1.082517,0.798308,-0.100808,-0.208339,-0.223775,0.743247,0.266407,-0.555019,0.617638,-0.019297,-2.336957,0.042584,1.310110,-2.199175,-1.202594,3.569257,0.098107,-0.001061,-0.015116,0.031016,0.006163,-0.000343,-0.000070,-0.000838
7.259982,-0.466609,-0.777158,1.394000,0.983354,-1.082629,0.798173,-0.099307,-0.202406,-0.228852,0.749577,0.267703,-0.555175,0.617587,-0.019020,-2.336959,0.042570,1.310142,-2.199172,-1.202590,3.569257,0.098114,-0.001437,-0.014838,0.031965,0.005061,0.000910,0.000241,0.001135
7.261011,-0.472417,-0.780912,1.398236,0.986415,-1.083797,0.797533,-0.098634,-0.198498,-0.232825,0.753956,0.269145,-0.555247,0.617434,-0.018714,-2.336960,0.042552,1.310175,-2.199164,-1.202592,3.569256,0.098108,-0.001499,-0.016123,0.032402,0.005519,0.000126,-0.000328,-0.000034
7.262066,-0.474732,-0.789363,1.401094,0.989350,-1.083578,0.796257,-0.097078,-0.197251,-0.234913,0.755729,0.270524,-0.555236,0.617162,-0.018387,-2.336959,0.042532,1.310205,-2.199157,-1.202592,3.569256,0.098110,-0.000035,-0.016719,0.031625,0.006161,0.000302,-0.000470,0.000692
7.263085,-0.478958,-0.791334,1.404586,0.994941,-1.084984,0.796205,-0.095507,-0.197998,-0.235469,0.755492,0.271172,-0.555240,0.616765,-0.018037,-2.336960,0.042520,1.310237,-2.199146,-1.202595,3.569256,0.098108,-0.000365,-0.015102,0.031578,0.006946,-0.000934,0.000006,-0.000320
7.264022,-0.479691,-0.795593,1.406113,0.996468,-1.084718,0.794198,-0.095778,-0.199266,-0.235782,0.754739,0.271576,-0.555237,0.616323,-0.017672,-2.336958,0.042501,1.310269,-2.199144,-1.202592,3.569254,0.098104,0.000312,-0.016606,0.031136,0.005117,-0.000534,-0.000722,-0.001411
7.264970,-0.483409,-0.799795,1.404166,0.999396,-1.086084,0.794180,-0.094283,-0.200615,-0.235989,0.753991,0.272393,-0.555157,0.615902,-0.017284,-2.336960,0.042483,1.310300,-2.199134,-1.202595,3.569257,0.098110,-0.000625,-0.016714,0.031576,0.006894,-0.001696,0.000570,0.001016
7.266043,-0.486980,-0.805847,1.409251,1.003633,-1.087983,0.794176,-0.093542,-0.202958,-0.235359,0.752358,0.272851,-0.555075,0.615416,-0.016853,-2.336960,0.042466,1.310337,-2.199125,-1.202594,3.569257,0.098108,-0.000078,-0.016909,0.033704,0.007303,-0.001245,-0.000156,-0.000102
7.267027,-0.487232,-0.810163,1.412281,1.007392,-1.088794,0.792264,-0.091673,-0.207236,-0.233659,0.748866,0.272616,-0.555033,0.614809,-0.016395,-2.336960,0.042451,1.310368,-2.199115,-1.202593,3.569255,0.098110,0.000204,-0.016523,0.032538,0.006873,-0.000394,-0.000959,0.000570
7.268004,-0.493101,-0.812202,1.412167,1.009253,-1.089905,0.792113,-0.091955,-0.211506,-0.232236,0.745386,0.272399,-0.555011,0.614204,-0.015942,-2.336963,0.042430,1.310401,-2.199110,-1.202594,3.569256,0.098106,-0.001029,-0.016716,0.032280,0.006674,-0.000543,0.000217,-0.001207
7.269104,-0.490235,-0.820938,1.414699,1.014530,-1.091849,0.790503,-0.090484,-0.214898,-0.231338,0.742730,0.272050,-0.555047,0.613626,-0.015502,-2.336959,0.042409,1.310435,-2.199099,-1.202594,3.569256,0.098114,0.000524,-0.018026,0.033560,0.008241,-0.000380,-0.000396,0.001321
7.270154,-0.498535,-0.823328,1.417788,1.018828,-1.092139,0.789277,-0.089140,-0.218121,-0.230515,0.740178,0.271241,-0.555165,0.613027,-0.015069,-2.336967,0.042395,1.310469,-2.199093,-1.202593,3.569257,0.098112,-0.002407,-0.016362,0.033707,0.006946,0.000492,0.000382,0.000557
7.271123,-0.498304,-0.828432,1.421006,1.022284,-1.093831,0.789766,-0.088806,-0.220415,-0.230631,0.738491,0.270971,-0.555269,0.612467,-0.014664,-2.336961,0.042374,1.310504,-2.199086,-1.202595,3.569258,0.098110,0.000264,-0.017713,0.033498,0.006437,-0.000242,0.000793,-0.000024
7.272007,-0.504060,-0.830039,1.421354,1.022851,-1.095560,0.788898,-0.086532,-0.222060,-0.231570,0.737362,0.272082,-0.555245,0.611980,-0.014311,-2.336966,0.042356,1.310537,-2.199080,-1.202598,3.569257,0.098115,-0.001198,-0.017489,0.033103,0.006481,0.000554,-0.000443,0.001243
7.273113,-0.502170,-0.837287,1.425789,1.028294,-1.094965,0.788464,-0.086357,-0.223874,-0.232399,0.735926,0.273417,-0.555212,0.611501,-0.014010,-2.336961,0.042335,1.310572,-2.199066,-1.202594,3.569257,0.098108,0.000418,-0.018779,0.033992,0.008910,0.001379,-0.000236,-0.001546
7.274106,-0.507298,-0.843152,1.426197,1.030794,-1.095424,0.787451,-0.084777,-0.225457,-0.233099,0.734594,0.273831,-0.555315,0.610997,-0.013750,-2.336967,0.042318,1.310603,-2.199060,-1.202598,3.569255,0.098112,-0.002049,-0.017840,0.033230,0.007459,-0.000270,-0.000645,0.000347
7.275036,-0.507777,-0.844722,1.428332,1.033091,-1.096448,0.786186,-0.084471,-0.225355,-0.234971,0.734904,0.273971,-0.555491,0.610552,-0.013520,-2.336965,0.042301,1.310639,-2.199050,-1.202600,3.569256,0.098107,-0.000861,-0.017318,0.034259,0.008485,-0.000751,-0.000388,-0.000841
7.276089,-0.511658,-0.848649,1.431384,1.037780,-1.098046,0.785350,-0.082742,-0.223962,-0.237976,0.736497,0.273868,-0.555707,0.610145,-0.013308,-2.336968,0.042280,1.310674,-2.199038,-1.202600,3.569257,0.098111,-0.001901,-0.018753,0.034311,0.009378,-0.000631,0.000161,0.000415
7.277080,-0.514115,-0.851117,1.436394,1.040046,-1.098584,0.784515,-0.082349,-0.222499,-0.240852,0.738132,0.273116,-0.555968,0.609703,-0.013105,-2.336969,0.042260,1.310709,-2.199031,-1.202599,3.569260,0.098107,-0.001414,-0.019326,0.034115,0.008484,-0.000060,0.000173,-0.000944
7.278008,-0.515622,-0.856030,1.437413,1.044353,-1.100091,0.783738,-0.081159,-0.220698,-0.243276,0.740057,0.272014,-0.556243,0.609262,-0.012908,-2.336969,0.042240,1.310738,-2.199019,-1.202600,3.569258,0.098109,-0.001570,-0.020460,0.032900,0.009656,-0.000488,0.000264,0.000267
7.279064,-0.517443,-0.861911,1.437256,1.047447,-1.101118,0.783038,-0.079533,-0.217890,-0.245546,0.742951,0.270756,-0.556531,0.608864,-0.012705,-2.336971,0.042221,1.310773,-2.199011,-1.202599,3.569257,0.098108,-0.002097,-0.020216,0.033542,0.008645,0.000117,0.000336,-0.000269
7.280013,-0.522575,-0.868516,1.439751,1.051656,-1.101784,0.782873,-0.079668,-0.214232,-0.248094,0.746706,0.269777,-0.556791,0.608519,-0.012489,-2.336973,0.042201,1.310812,-2.199000,-1.202600,3.569257,0.098106,-0.002643,-0.019809,0.034920,0.009260,0.000125,0.000228,-0.001406
7.281110,-0.527605,-0.875127,1.442569,1.054309,-1.103802,0.780905,-0.078072,-0.210920,-0.251087,0.750153,0.269641,-0.556940,0.608198,-0.012252,-2.336972,0.042183,1.310845,-2.198992,-1.202601,3.569256,0.098113,-0.001402,-0.018793,0.034834,0.008417,-0.000128,-0.000331,0.000767
7.282030,-0.526961,-0.877372,1.445313,1.057660,-1.104730,0.779920,-0.077201,-0.208920,-0.254567,0.752310,0.270423,-0.556949,0.607854,-0.011989,-2.336971,0.042166,1.310882,-2.198982,-1.202599,3.569260,0.098109,-0.000439,-0.018175,0.034810,0.009672,0.000812,0.000794,-0.000248
7.283060,-0.529068,-0.881360,1.450050,1.062264,-1.106496,0.779564,-0.076238,-0.207698,-0.258559,0.753700,0.271393,-0.556921,0.607456,-0.011706,-2.336975,0.042145,1.310916,-2.198973,-1.202599,3.569260,0.098111,-0.002023,-0.019242,0.034562,0.009549,0.000834,0.001066,-0.000146
7.284018,-0.529114,-0.886251,1.446993,1.063300,-1.105022,0.779549,-0.075734,-0.205063,-0.263389,0.756554,0.272365,-0.556932,0.607108,-0.011426,-2.336977,0.042124,1.310947,-2.198965,-1.202596,3.569258,0.098113,-0.002368,-0.019699,0.033521,0.008624,0.001574,0.000640,-0.000020
7.284990,-0.535995,-0.888436,1.449850,1.068336,-1.105303,0.778533,-0.074377,-0.200290,-0.268997,0.761633,0.273342,-0.557001,0.606882,-0.011169,-2.336983,0.042104,1.310989,-2.198950,-1.202601,3.569257,0.098113,-0.003627,-0.019534,0.036187,0.010856,-0.000817,-0.000074,0.000894
7.285955,-0.537726,-0.890093,1.451561,1.071734,-1.108046,0.777139,-0.072603,-0.196185,-0.273819,0.766135,0.274063,-0.557073,0.606658,-0.010945,-2.336981,0.042080,1.311025,-2.198942,-1.202601,3.569258,0.098112,-0.001546,-0.020738,0.035914,0.009254,-0.001463,0.000200,0.000115
7.287094,-0.541027,-0.897646,1.451678,1.075355,-1.108308,0.776500,-0.072072,-0.195703,-0.276032,0.767112,0.275203,-0.556987,0.606332,-0.010770,-2.336983,0.042057,1.311059,-2.198931,-1.202595,3.569257,0.098107,-0.002027,-0.022170,0.036262,0.009217,0.000311,0.000867,-0.001496
7.288036,-0.542050,-0.899717,1.455588,1.078989,-1.108024,0.777074,-0.070492,-0.199080,-0.275452,0.764328,0.276967,-0.556738,0.605877,-0.010643,-2.336984,0.042037,1.311099,-2.198922,-1.202599,3.569257,0.098111,-0.001951,-0.021133,0.037626,0.009674,-0.000525,0.000627,-0.000266
7.288991,-0.544105,-0.905604,1.458999,1.080270,-1.111139,0.775574,-0.070142,-0.204621,-0.273305,0.759460,0.279057,-0.556429,0.605349,-0.010543,-2.336989,0.042012,1.311135,-2.198912,-1.202604,3.569256,0.098109,-0.002714,-0.022305,0.036789,0.009345,-0.001682,-0.000669,-0.001557
7.290067,-0.549701,-0.911447,1.459260,1.084737,-1.111206,0.774994,-0.068492,-0.209361,-0.271178,0.755390,0.280819,-0.556224,0.604867,-0.010455,-2.336993,0.041994,1.311171,-2.198896,-1.202598,3.569257,0.098110,-0.002966,-0.021639,0.036249,0.011285,0.000477,0.000118,-0.000326
7.291023,-0.552976,-0.914515,1.461853,1.087426,-1.112496,0.773772,-0.067649,-0.212303,-0.269826,0.753007,0.281438,-0.556259,0.604421,-0.010351,-2.336992,0.041971,1.311210,-2.198887,-1.202598,3.569256,0.098106,-0.001664,-0.021290,0.037449,0.010638,-0.000536,-0.000129,-0.001484
7.291991,-0.553346,-0.919327,1.465611,1.091318,-1.112806,0.772194,-0.067489,-0.215571,-0.268545,0.750168,0.281293,-0.556429,0.603920,-0.010208,-2.336994,0.041949,1.311249,-2.198875,-1.202598,3.569256,0.098108,-0.001356,-0.022017,0.037270,0.011263,-0.000166,0.000370,-0.001250
7.292994,-0.556211,-0.923769,1.465304,1.094125,-1.113757,0.771718,-0.066176,-0.219090,-0.267317,0.746981,0.280956,-0.556647,0.603391,-0.010006,-2.336999,0.041927,1.311286,-2.198864,-1.202602,3.569257,0.098111,-0.002486,-0.021893,0.036556,0.010745,-0.000763,0.001202,0.000368
7.293997,-0.558601,-0.931107,1.466521,1.097106,-1.114239,0.770602,-0.065577,-0.221229,-0.266935,0.745124,0.280639,-0.556908,0.602900,-0.009727,-2.337002,0.041905,1.311324,-2.198852,-1.202603,3.569257,0.098111,-0.002406,-0.022047,0.037936,0.011420,-0.000772,0.000901,-0.000275
7.294994,-0.561110,-0.933578,1.468433,1.100031,-1.116424,0.770580,-0.064053,-0.222511,-0.267431,0.744117,0.280289,-0.557192,0.602414,-0.009373,-2.337007,0.041886,1.311364,-2.198839,-1.202603,3.569258,0.098110,-0.002552,-0.020779,0.038513,0.011897,-0.001267,0.001252,0.000548
7.295997,-0.563146,-0.938430,1.470971,1.103690,-1.116287,0.769748,-0.063979,-0.223636,-0.268602,0.743258,0.279604,-0.557518,0.601885,-0.008967,-2.337009,0.041860,1.311402,-2.198826,-1.202602,3.569257,0.098109,-0.002665,-0.021882,0.038755,0.012398,-0.000050,0.000512,-0.000518
7.296967,-0.565001,-0.942711,1.471164,1.106001,-1.119264,0.768414,-0.062714,-0.224443,-0.270195,0.742701,0.278616,-0.557893,0.601347,-0.008528,-2.337013,0.041837,1.311441,-2.198812,-1.202605,3.569257,0.098113,-0.003013,-0.021813,0.038694,0.012187,-0.001156,0.000585,0.001353
7.298017,-0.565426,-0.947207,1.475176,1.109080,-1.118426,0.767961,-0.061646,-0.224797,-0.272045,0.742586,0.277421,-0.558314,0.600821,-0.008068,-2.337016,0.041816,1.311483,-2.198797,-1.202598,3.569259,0.098114,-0.003404,-0.021976,0.039712,0.013156,0.000836,0.001169,0.000732
7.298977,-0.572047,-0.949996,1.475089,1.112888,-1.119293,0.767384,-0.060650,-0.224018,-0.274422,0.743582,0.275672,-0.558842,0.600305,-0.007609,-2.337024,0.041793,1.311520,-2.198780,-1.202603,3.569258,0.098114,-0.004577,-0.022229,0.038995,0.013638,-0.001010,0.000815,0.000706
7.300002,-0.572096,-0.956530,1.480797,1.115877,-1.120888,0.766623,-0.059437,-0.222639,-0.276911,0.745159,0.273618,-0.559415,0.599790,-0.007178,-2.337024,0.041771,1.311562,-2.198771,-1.202605,3.569255,0.098114,-0.002576,-0.023100,0.040153,0.013192,-0.001044,0.000681,0.000633
7.301053,-0.575889,-0.957963,1.477841,1.121528,-1.121479,0.767915,-0.058522,-0.221683,-0.279115,0.746305,0.271994,-0.559908,0.599273,-0.006788,-2.337032,0.041750,1.311597,-2.198755,-1.202605,3.569258,0.098112,-0.003924,-0.022270,0.038558,0.013705,-0.000437,0.000642,0.000260
7.302110,-0.575480,-0.963522,1.479062,1.122659,-1.122556,0.766475,-0.056290,-0.221131,-0.281246,0.747092,0.271635,-0.560232,0.598822,-0.006443,-2.337035,0.041722,1.311643,-2.198746,-1.202605,3.569253,0.098112,-0.003448,-0.024008,0.041273,0.011757,-0.000878,-0.001443,0.000539
7.303105,-0.578777,-0.968874,1.481246,1.126470,-1.123843,0.765924,-0.056378,-0.222271,-0.282512,0.746287,0.272801,-0.560332,0.598430,-0.006133,-2.337045,0.041698,1.311686,-2.198727,-1.202608,3.569255,0.098106,-0.005030,-0.023717,0.041883,0.014182,-0.000801,-0.000794,-0.001813
7.304006,-0.578940,-0.970935,1.483597,1.128999,-1.124168,0.764997,-0.054787,-0.224857,-0.283023,0.744066,0.274318,-0.560362,0.598036,-0.005850,-2.337048,0.041676,1.311728,-2.198715,-1.202608,3.569253,0.098113,-0.004715,-0.023391,0.041944,0.013800,-0.000479,-0.001001,0.000370
7.305124,-0.580300,-0.975444,1.489454,1.133701,-1.125564,0.763717,-0.053739,-0.226980,-0.283856,0.742262,0.275597,-0.560444,0.597676,-0.005582,-2.337055,0.041649,1.311769,-2.198700,-1.202607,3.569256,0.098111,-0.005830,-0.024429,0.041768,0.014309,-0.001054,-0.000778,-0.001036
7.306107,-0.579967,-0.979650,1.486922,1.134774,-1.127640,0.763005,-0.053431,-0.226734,-0.285737,0.742805,0.277027,-0.560563,0.597448,-0.005329,-2.337064,0.041622,1.311806,-2.198687,-1.202606,3.569258,0.098111,-0.006606,-0.024785,0.040248,0.013482,-0.000740,-0.000360,-0.000884
7.307016,-0.582365,-0.985367,1.486662,1.139657,-1.128178,0.761659,-0.051873,-0.222944,-0.289079,0.746937,0.278273,-0.560784,0.597363,-0.005080,-2.337075,0.041596,1.311854,-2.198667,-1.202606,3.569256,0.098114,-0.008020,-0.024958,0.042616,0.015674,0.000384,-0.000396,0.000466
7.308093,-0.587223,-0.988202,1.486147,1.140235,-1.130020,0.760332,-0.051167,-0.217511,-0.293250,0.752828,0.279032,-0.561098,0.597299,-0.004825,-2.337082,0.041574,1.311900,-2.198656,-1.202610,3.569257,0.098112,-0.007990,-0.024220,0.043691,0.013900,0.000062,0.000258,-0.000849
7.309081,-0.589854,-0.994464,1.488301,1.145282,-1.130691,0.760192,-0.049810,-0.214047,-0.296738,0.756874,0.279370,-0.561393,0.597086,-0.004568,-2.337089,0.041546,1.311949,-2.198633,-1.202607,3.569258,0.098114,-0.006979,-0.025332,0.045165,0.016858,0.000836,0.000756,-0.000093
7.309988,-0.589182,-0.996560,1.491298,1.147403,-1.132341,0.759910,-0.049578,-0.214792,-0.298387,0.756776,0.279039,-0.561626,0.596627,-0.004310,-2.337097,0.041522,1.311995,-2.198621,-1.202608,3.569255,0.098112,-0.006963,-0.024493,0.045156,0.015190,0.000544,0.000150,-0.000840
7.311041,-0.592101,-1.000377,1.491459,1.152331,-1.131922,0.759176,-0.048384,-0.217918,-0.299192,0.754312,0.278516,-0.561781,0.596058,-0.004057,-2.337112,0.041494,1.312039,-2.198603,-1.202606,3.569254,0.098115,-0.008401,-0.025519,0.044639,0.016078,0.001308,-0.000253,0.000520
7.312053,-0.593674,-1.003221,1.491291,1.155256,-1.133228,0.757981,-0.046810,-0.220999,-0.300224,0.751902,0.278579,-0.561832,0.595551,-0.003827,-2.337120,0.041464,1.312087,-2.198591,-1.202609,3.569254,0.098116,-0.008299,-0.026019,0.045753,0.014789,-0.000133,-0.000323,0.000218
7.313080,-0.594577,-1.007104,1.494321,1.158449,-1.135013,0.756608,-0.046539,-0.224938,-0.300742,0.748674,0.279699,-0.561702,0.595084,-0.003639,-2.337130,0.041437,1.312135,-2.198575,-1.202609,3.569257,0.098112,-0.008818,-0.026945,0.046949,0.015305,0.000205,0.000090,-0.000898
7.314037,-0.598192,-1.010790,1.491947,1.161824,-1.135314,0.755700,-0.044761,-0.230176,-0.300324,0.744201,0.281567,-0.561430,0.594594,-0.003501,-2.337142,0.041409,1.312181,-2.198559,-1.202606,3.569258,0.098116,-0.009666,-0.027365,0.046573,0.015597,0.000965,0.000674,0.000622
7.315080,-0.598194,-1.013586,1.497458,1.166099,-1.135776,0.754731,-0.044794,-0.236479,-0.299069,0.738717,0.283627,-0.561116,0.594042,-0.003405,-2.337149,0.041380,1.312233,-2.198542,-1.202607,3.569257,0.098113,-0.009094,-0.027702,0.048759,0.015404,0.000328,0.000849,-0.001038
7.316028,-0.603129,-1.017310,1.497400,1.168622,-1.136662,0.753495,-0.042720,-0.243893,-0.297075,0.732188,0.286252,-0.560725,0.593451,-0.003337,-2.337165,0.041350,1.312279,-2.198529,-1.202609,3.569257,0.098116,-0.010385,-0.028695,0.047146,0.014738,-0.000201,0.001021,0.001139
7.317018,-0.605334,-1.023405,1.501110,1.170395,-1.137487,0.753885,-0.041983,-0.251416,-0.294779,0.725601,0.289616,-0.560258,0.592889,-0.003278,-2.337173,0.041320,1.312329,-2.198513,-1.202610,3.569258,0.098110,-0.009117,-0.028970,0.048176,0.015409,-0.000226,0.001530,-0.001133
7.318087,-0.605333,-1.028233,1.503576,1.173796,-1.138028,0.752026,-0.041417,-0.258645,-0.292485,0.719299,0.292840,-0.559825,0.592343,-0.003207,-2.337183,0.041295,1.312376,-2.198493,-1.202611,3.569254,0.098111,-0.009295,-0.028224,0.047389,0.016881,-0.000358,0.000392,-0.000602
7.319093,-0.606041,-1.036325,1.504202,1.176680,-1.137885,0.751793,-0.040568,-0.263979,-0.291289,0.714840,0.294937,-0.559572,0.591832,-0.003098,-2.337197,0.041266,1.312423,-2.198474,-1.202612,3.569259,0.098114,-0.010642,-0.028279,0.047384,0.017034,-0.000853,0.001429,0.000397
7.320010,-0.608805,-1.039634,1.507082,1.180515,-1.139678,0.752774,-0.040393,-0.265063,-0.292817,0.714595,0.295977,-0.559533,0.591433,-0.002947,-2.337211,0.041241,1.312473,-2.198456,-1.202611,3.569258,0.098113,-0.011524,-0.026570,0.048150,0.017512,-0.001988,0.000882,0.000708
7.321184,-0.612149,-1.045042,1.508756,1.183047,-1.141167,0.751884,-0.038525,-0.261706,-0.297614,0.718807,0.296849,-0.559614,0.591202,-0.002767,-2.337223,0.041210,1.312522,-2.198440,-1.202613,3.569254,0.098115,-0.011269,-0.026982,0.047635,0.016721,-0.001050,-0.000787,0.002197
7.322060,-0.610769,-1.047467,1.510087,1.186243,-1.140929,0.750333,-0.038401,-0.255451,-0.304678,0.725947,0.297953,-0.559752,0.591142,-0.002564,-2.337233,0.041183,1.312571,-2.198419,-1.202612,3.569253,0.098111,-0.011116,-0.027041,0.048172,0.018117,-0.000716,-0.000770,0.000794
7.323043,-0.612251,-1.049756,1.510180,1.188566,-1.141182,0.749009,-0.035777,-0.238841,-0.320684,0.744452,0.299415,-0.560245,0.591235,-0.002097,-2.337265,0.041121,1.312674,-2.198381,-1.202615,3.569258,0.098109,-0.013290,-0.028858,0.049333,0.018686,-0.002488,0.000661,-0.000996
7.324026,-0.616100,-1.050164,1.510659,1.192566,-1.143082,0.748821,-0.035399,-0.238841,-0.320684,0.744452,0.299415,-0.560245,0.591235,-0.002097,-2.337265,0.041121,1.312674,-2.198381,-1.202615,3.569258,0.098109,-0.013290,-0.028858,0.049333,0.018686,-0.002488,0.000661,-0.000996
7.324988,-0.617308,-1.057236,1.512244,1.196132,-1.144200,0.747277,-0.034396,-0.231344,-0.326847,0.753029,0.299720,-0.560494,0.591217,-0.001849,-2.337275,0.041083,1.312727,-2.198364,-1.202613,3.569254,0.098114,-0.012611,-0.030801,0.050094,0.017961,-0.001553,0.000110,0.000239
7.326003,-0.617872,-1.063158,1.514035,1.198900,-1.146298,0.745297,-0.033254,-0.227073,-0.330190,0.758516,0.300545,-0.560584,0.591090,-0.001594,-2.337290,0.041057,1.312778,-2.198346,-1.202614,3.569256,0.098118,-0.013184,-0.029446,0.050284,0.017583,-0.001365,0.000918,0.000130
7.327052,-0.622063,-1.072054,1.514062,1.203508,-1.148096,0.745074,-0.032369,-0.224271,-0.332460,0.762656,0.302155,-0.560549,0.590906,-0.001353,-2.337306,0.041030,1.312829,-2.198325,-1.202615,3.569258,0.098115,-0.014337,-0.029216,0.050700,0.018734,-0.000370,0.002030,0.000073
7.328018,-0.621218,-1.075487,1.515582,1.208671,-1.148538,0.744002,-0.030800,-0.221422,-0.335179,0.766913,0.303871,-0.560542,0.590663,-0.001154,-2.337319,0.041003,1.312884,-2.198305,-1.202614,3.569255,0.098119,-0.013970,-0.028034,0.052308,0.018938,0.000096,0.001260,0.000816
7.329086,-0.625847,-1.082144,1.519809,1.212094,-1.149983,0.743599,-0.029833,-0.219010,-0.338323,0.770794,0.305848,-0.560539,0.590370,-0.001010,-2.337341,0.040970,1.312938,-2.198287,-1.202616,3.569255,0.098115,-0.015911,-0.029251,0.052981,0.018214,-0.000658,0.001424,-0.000007
7.330020,-0.630117,-1.089080,1.519278,1.216664,-1.152863,0.743071,-0.028179,-0.216739,-0.341646,0.774549,0.308336,-0.560492,0.590085,-0.000926,-2.337356,0.040940,1.312989,-2.198262,-1.202616,3.569256,0.098116,-0.015342,-0.029215,0.052553,0.019605,-0.000542,0.000803,0.000635
7.331003,-0.631039,-1.093305,1.520641,1.220729,-1.152924,0.740271,-0.027400,-0.214998,-0.344761,0.777713,0.310887,-0.560441,0.589788,-0.000894,-2.337368,0.040913,1.313048,-2.198243,-1.202613,3.569256,0.098111,-0.014753,-0.028612,0.054161,0.019290,0.001155,0.000447,-0.000429
7.332053,-0.634278,-1.098532,1.523501,1.224429,-1.154058,0.739594,-0.025619,-0.215289,-0.347082,0.778775,0.313462,-0.560366,0.589410,-0.000895,-2.337388,0.040881,1.313104,-2.198223,-1.202618,3.569259,0.098115,-0.015857,-0.029501,0.054917,0.019691,0.000004,0.002322,0.000373
7.332968,-0.635493,-1.102323,1.524017,1.228704,-1.154905,0.740844,-0.024850,-0.217629,-0.348286,0.777720,0.315821,-0.560276,0.588915,-0.000901,-2.337406,0.040847,1.313158,-2.198198,-1.202615,3.569260,0.098115,-0.015933,-0.030077,0.055104,0.020721,-0.000197,0.001977,-0.000685
7.334044,-0.640438,-1.108630,1.529154,1.231928,-1.155469,0.740552,-0.022698,-0.221301,-0.348284,0.775237,0.317580,-0.560217,0.588351,-0.000900,-2.337424,0.040814,1.313216,-2.198179,-1.202616,3.569256,0.098119,-0.016776,-0.030916,0.056142,0.020602,-0.000489,-0.000134,-0.000025
7.335009,-0.644024,-1.114933,1.527749,1.237188,-1.157032,0.738905,-0.022311,-0.225730,-0.347209,0.771862,0.318656,-0.560204,0.587803,-0.000883,-2.337439,0.040782,1.313270,-2.198153,-1.202618,3.569256,0.098111,-0.016069,-0.031059,0.055241,0.022207,-0.001256,-0.000851,-0.001738
7.336040,-0.643584,-1.118487,1.530833,1.241647,-1.158368,0.737124,-0.020777,-0.231175,-0.345202,0.767338,0.319203,-0.560202,0.587267,-0.000839,-2.337456,0.040752,1.313329,-2.198135,-1.202619,3.569255,0.098116,-0.015829,-0.030846,0.057348,0.021339,-0.000880,-0.000097,-0.000185
7.336994,-0.647091,-1.127053,1.535550,1.243135,-1.159723,0.736633,-0.019313,-0.238122,-0.342338,0.761279,0.319958,-0.560102,0.586704,-0.000750,-2.337477,0.040716,1.313387,-2.198110,-1.202618,3.569258,0.098113,-0.017696,-0.032190,0.057329,0.021520,-0.000844,0.000688,-0.000787
7.338020,-0.647233,-1.133500,1.535469,1.248869,-1.161089,0.735158,-0.019596,-0.244317,-0.339746,0.755969,0.320436,-0.560035,0.586141,-0.000610,-2.337495,0.040688,1.313441,-2.198080,-1.202620,3.569259,0.098113,-0.017437,-0.030808,0.056375,0.024141,-0.000663,0.000259,-0.001426
7.338990,-0.648932,-1.137640,1.533340,1.253090,-1.161913,0.733582,-0.017716,-0.247257,-0.339024,0.753896,0.319718,-0.560202,0.585613,-0.000417,-2.337517,0.040656,1.313503,-2.198059,-1.202619,3.569256,0.098119,-0.018991,-0.030728,0.057918,0.023044,-0.000596,0.000789,0.001614
7.340028,-0.652805,-1.146221,1.536392,1.256930,-1.162533,0.732364,-0.017323,-0.248252,-0.339846,0.753828,0.318715,-0.560467,0.585086,-0.000179,-2.337538,0.040621,1.313567,-2.198036,-1.202619,3.569259,0.098116,-0.019647,-0.031576,0.060320,0.023180,-0.000984,0.001428,0.000149
7.341090,-0.657265,-1.149806,1.538881,1.260768,-1.164649,0.731845,-0.014690,-0.249825,-0.340955,0.753266,0.318204,-0.560660,0.584477,0.000080,-2.337557,0.040592,1.313629,-2.198010,-1.202622,3.569259,0.098120,-0.019357,-0.030480,0.060276,0.023980,-0.001634,0.001661,0.001870
7.342104,-0.659497,-1.157953,1.540917,1.265786,-1.165243,0.730015,-0.014532,-0.252759,-0.341823,0.751361,0.317705,-0.560809,0.583741,0.000343,-2.337575,0.040557,1.313690,-2.197985,-1.202623,3.569258,0.098114,-0.018847,-0.031921,0.060592,0.024893,-0.000832,0.001174,-0.000867
7.342967,-0.658486,-1.159924,1.537946,1.270662,-1.164744,0.729782,-0.012770,-0.256937,-0.342284,0.748222,0.317052,-0.560927,0.582910,0.000601,-2.337596,0.040527,1.313752,-2.197961,-1.202623,3.569259,0.098119,-0.019331,-0.030938,0.061026,0.024414,-0.001519,0.002052,0.001277
7.344084,-0.662144,-1.166549,1.543171,1.273742,-1.167094,0.729244,-0.012076,-0.262231,-0.342415,0.744064,0.317363,-0.560873,0.582069,0.000853,-2.337621,0.040491,1.313820,-2.197939,-1.202627,3.569256,0.098117,-0.021117,-0.032507,0.063588,0.023360,-0.003066,0.001472,-0.000202
7.345073,-0.661645,-1.174192,1.542610,1.277757,-1.169410,0.728694,-0.010472,-0.268267,-0.342087,0.739282,0.319047,-0.560599,0.581290,0.001094,-2.337643,0.040457,1.313881,-2.197911,-1.202623,3.569254,0.098121,-0.021044,-0.032600,0.062633,0.025281,-0.002136,0.000959,0.001102
7.345964,-0.669373,-1.174852,1.544865,1.281402,-1.169868,0.728184,-0.008901,-0.273358,-0.341903,0.735444,0.320840,-0.560327,0.580605,0.001307,-2.337671,0.040428,1.313949,-2.197883,-1.202625,3.569257,0.098119,-0.022777,-0.031811,0.064262,0.025560,-0.001034,0.000556,0.000254
7.347038,-0.670676,-1.182822,1.549542,1.283937,-1.172232,0.726815,-0.008381,-0.277803,-0.341644,0.732174,0.322218,-0.560136,0.579980,0.001472,-2.337686,0.040391,1.314013,-2.197856,-1.202625,3.569257,0.098116,-0.020308,-0.034122,0.064278,0.025769,-0.001702,0.000226,-0.000738
7.347994,-0.673188,-1.188148,1.554440,1.289238,-1.175546,0.725752,-0.006468,-0.283221,-0.340054,0.727822,0.322907,-0.560017,0.579338,0.001596,-2.337710,0.040359,1.314075,-2.197824,-1.202623,3.569258,0.098120,-0.021357,-0.033398,0.063508,0.027911,-0.000686,0.000578,0.000806
7.349029,-0.671059,-1.196383,1.553744,1.293053,-1.175228,0.725225,-0.005849,-0.287194,-0.338421,0.724779,0.322414,-0.560109,0.578743,0.001691,-2.337734,0.040324,1.314136,-2.197801,-1.202618,3.569255,0.098116,-0.021540,-0.033604,0.062401,0.026857,0.001385,0.000753,-0.000739
7.350076,-0.675226,-1.201295,1.554658,1.297590,-1.176421,0.725551,-0.003924,-0.286608,-0.338977,0.726223,0.321487,-0.560428,0.578347,0.001752,-2.337764,0.040293,1.314207,-2.197771,-1.202624,3.569256,0.098119,-0.024151,-0.032651,0.064166,0.027563,-0.000206,0.000285,0.000523
7.351003,-0.678240,-1.208073,1.559349,1.300356,-1.177157,0.723867,-0.003800,-0.281994,-0.341846,0.731699,0.320998,-0.560846,0.578167,0.001785,-2.337787,0.040259,1.314273,-2.197743,-1.202625,3.569255,0.098115,-0.023670,-0.033386,0.065175,0.027631,-0.000292,-0.001034,-0.000827
7.352038,-0.680781,-1.216110,1.560185,1.305031,-1.179523,0.723280,-0.001815,-0.275332,-0.345976,0.739207,0.320983,-0.561290,0.578108,0.001808,-2.337809,0.040227,1.314336,-2.197711,-1.202627,3.569256,0.098122,-0.023584,-0.032775,0.064059,0.028804,-0.000700,-0.000211,0.001158
7.352957,-0.685080,-1.223277,1.559261,1.308138,-1.177783,0.720767,-0.000462,-0.267066,-0.351282,0.748261,0.321307,-0.561755,0.578095,0.001835,-2.337834,0.040195,1.314403,-2.197682,-1.202623,3.569257,0.098116,-0.023907,-0.031916,0.065097,0.028636,0.000347,-0.000628,-0.000339
7.353957,-0.686215,-1.225347,1.561013,1.310918,-1.179268,0.720092,-0.000245,-0.258502,-0.357586,0.757577,0.322263,-0.562162,0.578032,0.001877,-2.337855,0.040166,1.314475,-2.197650,-1.202631,3.569260,0.098114,-0.023166,-0.031133,0.066682,0.029403,-0.002503,0.001020,-0.000823
7.355046,-0.686213,-1.231968,1.559906,1.314252,-1.182458,0.720240,0.001967,-0.252117,-0.363348,0.764702,0.323612,-0.562445,0.577774,0.001964,-2.337880,0.040128,1.314544,-2.197615,-1.202633,3.569259,0.098119,-0.024139,-0.033099,0.067137,0.030856,-0.002222,0.000735,0.001152
7.356076,-0.691637,-1.240815,1.562447,1.318995,-1.183641,0.718485,0.002270,-0.248256,-0.367335,0.769271,0.324083,-0.562730,0.577295,0.002116,-2.337909,0.040094,1.314616,-2.197579,-1.202629,3.569256,0.098115,-0.025775,-0.033090,0.069203,0.032148,-0.000423,-0.000438,-0.000680
7.356984,-0.693997,-1.246717,1.565951,1.322172,-1.184964,0.717429,0.004087,-0.246211,-0.369841,0.771968,0.323395,-0.563089,0.576662,0.002321,-2.337932,0.040065,1.314687,-2.197548,-1.202632,3.569255,0.098122,-0.024639,-0.031839,0.069291,0.031853,-0.000518,0.000367,0.001191
7.358017,-0.697829,-1.254345,1.568488,1.326751,-1.186713,0.715867,0.004929,-0.245096,-0.372134,0.773654,0.322571,-0.563432,0.575952,0.002554,-2.337957,0.040033,1.314753,-2.197514,-1.202632,3.569257,0.098116,-0.024815,-0.031627,0.068700,0.032449,-0.000328,0.000549,-0.000271
7.358981,-0.697744,-1.256983,1.573290,1.330919,-1.187939,0.715127,0.005825,-0.243607,-0.375290,0.775647,0.322382,-0.563702,0.575248,0.002793,-2.337983,0.040003,1.314821,-2.197481,-1.202631,3.569259,0.098117,-0.024461,-0.030983,0.068865,0.032281,0.000125,0.001120,0.000541
7.360055,-0.702397,-1.263082,1.571268,1.333334,-1.187413,0.714193,0.006814,-0.240387,-0.379771,0.779373,0.323264,-0.563881,0.574653,0.003033,-2.338012,0.039965,1.314886,-2.197445,-1.202631,3.569256,0.098118,-0.025938,-0.032531,0.067747,0.032130,0.000141,0.000958,0.001058
7.360993,-0.702513,-1.269548,1.572436,1.337051,-1.188144,0.714207,0.008093,-0.235811,-0.384670,0.784523,0.324890,-0.563982,0.574169,0.003274,-2.338036,0.039930,1.314962,-2.197405,-1.202635,3.569257,0.098122,-0.025257,-0.032733,0.070211,0.034209,-0.001709,0.000872,0.001642
7.361983,-0.705854,-1.272210,1.571459,1.340377,-1.189336,0.712757,0.010495,-0.230572,-0.390839,0.791227,0.327577,-0.564017,0.573086,0.003723,-2.338092,0.039861,1.315108,-2.197336,-1.202638,3.569256,0.098117,-0.026368,-0.033962,0.072524,0.035230,-0.002160,0.000494,-0.001106
7.363039,-0.707720,-1.280048,1.573581,1.343251,-1.190837,0.712602,0.011369,-0.230572,-0.390839,0.791227,0.327577,-0.564017,0.573086,0.003723,-2.338092,0.039861,1.315108,-2.197336,-1.202638,3.569256,0.098117,-0.026368,-0.033962,0.072524,0.035230,-0.002160,0.000494,-0.001106
7.364067,-0.711260,-1.288523,1.574704,1.347259,-1.192575,0.710878,0.013513,-0.231721,-0.390997,0.790961,0.328211,-0.563967,0.572391,0.003916,-2.338120,0.039829,1.315182,-2.197295,-1.202638,3.569255,0.098118,-0.027025,-0.033252,0.072854,0.036707,-0.001970,-0.000360,-0.000289
7.365024,-0.716557,-1.292377,1.574083,1.351496,-1.194658,0.710767,0.013181,-0.234567,-0.390000,0.789052,0.328025,-0.563958,0.571596,0.004112,-2.338146,0.039799,1.315258,-2.197257,-1.202640,3.569256,0.098114,-0.026799,-0.032166,0.073613,0.036947,-0.001497,0.000398,-0.002119
7.366016,-0.717848,-1.299991,1.575581,1.352886,-1.194350,0.709885,0.015327,-0.239285,-0.388397,0.785328,0.327781,-0.563921,0.570716,0.004332,-2.338171,0.039763,1.315334,-2.197220,-1.202637,3.569255,0.098123,-0.025588,-0.033115,0.075087,0.036656,-0.000638,-0.000404,0.000850
7.367097,-0.721670,-1.307368,1.578656,1.358495,-1.195751,0.708732,0.016117,-0.247139,-0.385505,0.778536,0.327742,-0.563798,0.569721,0.004579,-2.338201,0.039733,1.315410,-2.197174,-1.202640,3.569255,0.098118,-0.026411,-0.032323,0.075566,0.039201,-0.002180,-0.000454,-0.001087
7.368109,-0.724018,-1.311526,1.578573,1.360317,-1.198039,0.708062,0.017357,-0.256434,-0.382196,0.770337,0.327520,-0.563666,0.568668,0.004831,-2.338227,0.039700,1.315486,-2.197140,-1.202641,3.569254,0.098121,-0.026135,-0.031950,0.075444,0.038210,-0.002108,-0.000319,-0.000056
7.368984,-0.721590,-1.316068,1.580371,1.365406,-1.199264,0.706860,0.018029,-0.265632,-0.379202,0.762250,0.327123,-0.563561,0.567631,0.005066,-2.338256,0.039666,1.315566,-2.197094,-1.202641,3.569255,0.098121,-0.026469,-0.032938,0.076737,0.040426,-0.001082,-0.000616,-0.000120
7.370064,-0.727249,-1.322928,1.583448,1.369137,-1.200475,0.705220,0.019675,-0.273841,-0.376498,0.755170,0.326603,-0.563508,0.566671,0.005277,-2.338289,0.039633,1.315642,-2.197059,-1.202640,3.569255,0.098123,-0.028894,-0.033266,0.076797,0.038877,-0.000967,-0.000236,0.000637
7.370967,-0.730583,-1.328326,1.583851,1.372793,-1.201111,0.704044,0.020596,-0.279405,-0.374826,0.750716,0.326669,-0.563463,0.565883,0.005456,-2.338314,0.039601,1.315717,-2.197017,-1.202640,3.569255,0.098122,-0.027702,-0.033145,0.076700,0.039624,-0.001111,0.000383,-0.000074
7.371999,-0.734934,-1.332843,1.584790,1.377056,-1.202527,0.702399,0.021698,-0.283071,-0.374098,0.748081,0.327875,-0.563333,0.565234,0.005596,-2.338339,0.039570,1.315796,-2.196979,-1.202643,3.569253,0.098123,-0.027376,-0.033167,0.077514,0.039585,-0.001577,0.000710,0.000258
7.373016,-0.736482,-1.340027,1.586718,1.379543,-1.204822,0.701683,0.022873,-0.287428,-0.373085,0.744671,0.330247,-0.563044,0.564609,0.005699,-2.338365,0.039533,1.315876,-2.196937,-1.202642,3.569255,0.098124,-0.026762,-0.034020,0.078324,0.039526,-0.001461,0.001371,0.000527
7.374034,-0.740059,-1.344552,1.590840,1.384601,-1.206748,0.700968,0.024361,-0.293267,-0.371300,0.739714,0.333248,-0.562644,0.563964,0.005764,-2.338396,0.039500,1.315955,-2.196893,-1.202640,3.569256,0.098125,-0.027490,-0.033502,0.078600,0.041159,-0.000452,0.001109,0.000614
7.375048,-0.741114,-1.349643,1.591983,1.388270,-1.207664,0.700496,0.025849,-0.298933,-0.369540,0.734863,0.336078,-0.562286,0.563351,0.005779,-2.338423,0.039465,1.316031,-2.196854,-1.202638,3.569256,0.098124,-0.027219,-0.034320,0.077820,0.040278,0.000178,0.000855,0.000077
7.376016,-0.743594,-1.355744,1.592001,1.390987,-1.209513,0.699313,0.027135,-0.302930,-0.368461,0.731659,0.338951,-0.561986,0.562865,0.005731,-2.338453,0.039428,1.316110,-2.196813,-1.202638,3.569256,0.098122,-0.028186,-0.034799,0.078509,0.040750,-0.000186,0.000368,-0.000459
7.376986,-0.747270,-1.364065,1.594452,1.393957,-1.209144,0.698325,0.028391,-0.305361,-0.367955,0.730030,0.341760,-0.561760,0.562491,0.005633,-2.338482,0.039394,1.316192,-2.196767,-1.202640,3.569258,0.098121,-0.028353,-0.034652,0.079621,0.041835,0.000477,0.000628,-0.000699
7.378113,-0.749584,-1.368266,1.598566,1.397541,-1.212824,0.696079,0.030244,-0.306747,-0.368166,0.729436,0.343810,-0.561692,0.562140,0.005505,-2.338511,0.039364,1.316272,-2.196723,-1.202645,3.569257,0.098122,-0.027926,-0.033445,0.079526,0.042700,-0.001071,0.000703,-0.000886
7.379021,-0.749028,-1.379700,1.598771,1.400267,-1.213896,0.695494,0.030644,-0.306702,-0.369566,0.730225,0.344589,-0.561851,0.561776,0.005359,-2.338540,0.039327,1.316350,-2.196676,-1.202642,3.569257,0.098119,-0.028473,-0.034784,0.078965,0.043670,0.001201,0.001893,-0.001883
7.380004,-0.752614,-1.381355,1.600113,1.406503,-1.214802,0.694702,0.032256,-0.303506,-0.373233,0.734104,0.343728,-0.562325,0.561428,0.005211,-2.338573,0.039299,1.316434,-2.196629,-1.202641,3.569256,0.098122,-0.030021,-0.031803,0.079838,0.044411,0.001107,0.001604,-0.000491
7.381025,-0.755699,-1.385085,1.603287,1.408148,-1.216025,0.694423,0.033970,-0.296752,-0.379893,0.741517,0.342364,-0.562987,0.561172,0.005085,-2.338601,0.039260,1.316515,-2.196592,-1.202641,3.569256,0.098120,-0.029664,-0.033927,0.080311,0.042222,0.000780,0.001467,-0.001372
7.382035,-0.759154,-1.392786,1.607622,1.413460,-1.215859,0.693435,0.033700,-0.288874,-0.387738,0.750050,0.341706,-0.563608,0.561017,0.004999,-2.338631,0.039221,1.316593,-2.196542,-1.202642,3.569256,0.098116,-0.029628,-0.035083,0.079989,0.044567,0.000735,0.000778,-0.002335
7.383094,-0.761593,-1.396312,1.606687,1.416701,-1.218458,0.692665,0.035264,-0.281001,-0.395435,0.758555,0.341498,-0.564169,0.560942,0.004983,-2.338660,0.039189,1.316671,-2.196501,-1.202647,3.569256,0.098123,-0.029383,-0.034290,0.079069,0.043335,-0.000661,0.000817,0.000640
7.384071,-0.763864,-1.402534,1.608954,1.418755,-1.218910,0.692245,0.035958,-0.273274,-0.403027,0.766927,0.341804,-0.564651,0.560947,0.005062,-2.338691,0.039151,1.316757,-2.196454,-1.202643,3.569256,0.098124,-0.029721,-0.035715,0.080824,0.044346,0.000602,0.000576,0.000013
7.385069,-0.767924,-1.407961,1.610770,1.424046,-1.220010,0.690965,0.037884,-0.266944,-0.409712,0.773937,0.341948,-0.565105,0.560946,0.005233,-2.338721,0.039117,1.316838,-2.196405,-1.202646,3.569256,0.098126,-0.030007,-0.035525,0.080818,0.046062,-0.000162,0.000073,0.000979
7.386047,-0.766732,-1.413451,1.612579,1.426856,-1.221046,0.690332,0.037729,-0.262365,-0.415299,0.779200,0.341382,-0.565587,0.560888,0.005478,-2.338748,0.039079,1.316920,-2.196364,-1.202646,3.569256,0.098121,-0.029454,-0.035787,0.081087,0.044777,-0.000298,0.000411,-0.000482
7.387097,-0.772185,-1.414872,1.612992,1.430875,-1.221572,0.688870,0.040011,-0.258544,-0.420625,0.783721,0.340932,-0.566023,0.560836,0.005780,-2.338783,0.039043,1.317001,-2.196316,-1.202648,3.569257,0.098128,-0.031437,-0.035962,0.081327,0.045783,-0.000469,0.000107,0.002189
7.388036,-0.773407,-1.421962,1.613125,1.434100,-1.223590,0.689477,0.041274,-0.255465,-0.425367,0.787534,0.340731,-0.566392,0.560783,0.006134,-2.338813,0.039000,1.317086,-2.196268,-1.202650,3.569257,0.098124,-0.030236,-0.038355,0.082385,0.045902,-0.001248,0.000581,0.000114
7.389028,-0.776650,-1.430638,1.620293,1.438462,-1.224680,0.688661,0.042178,-0.254966,-0.428152,0.788800,0.340622,-0.566649,0.560644,0.006525,-2.338844,0.038964,1.317171,-2.196221,-1.202651,3.569253,0.098120,-0.030971,-0.037557,0.083330,0.046291,-0.000378,-0.000911,-0.000128
7.390015,-0.780861,-1.435238,1.618687,1.441081,-1.224880,0.687237,0.043175,-0.255471,-0.430455,0.789057,0.341073,-0.566800,0.560510,0.006933,-2.338874,0.038932,1.317246,-2.196176,-1.202649,3.569252,0.098125,-0.030790,-0.036226,0.080958,0.045873,-0.000555,-0.001016,0.000437
7.391033,-0.782657,-1.436873,1.621660,1.446495,-1.225561,0.686999,0.044871,-0.254516,-0.434314,0.790741,0.342364,-0.566899,0.560473,0.007352,-2.338901,0.038894,1.317333,-2.196127,-1.202654,3.569255,0.098126,-0.030147,-0.036878,0.082891,0.047053,-0.001557,-0.000536,0.000803
7.392183,-0.786441,-1.444796,1.624724,1.449256,-1.227976,0.687130,0.045976,-0.253964,-0.438324,0.792007,0.344618,-0.566872,0.560451,0.007771,-2.338934,0.038852,1.317414,-2.196082,-1.202654,3.569253,0.098125,-0.030720,-0.039052,0.082621,0.045691,-0.002144,-0.001263,-0.000153
7.393072,-0.791040,-1.452731,1.626189,1.450309,-1.228407,0.684758,0.047110,-0.254789,-0.441219,0.791877,0.347787,-0.566705,0.560441,0.008175,-2.338966,0.038814,1.317495,-2.196031,-1.202653,3.569252,0.098126,-0.030535,-0.038550,0.082607,0.047550,-0.001165,-0.002484,0.000407
7.394092,-0.794642,-1.456344,1.629457,1.453138,-1.229273,0.684018,0.048467,-0.255985,-0.443673,0.791280,0.350457,-0.566632,0.560401,0.008564,-2.338992,0.038778,1.317576,-2.195979,-1.202656,3.569256,0.098126,-0.029533,-0.037194,0.082831,0.049725,-0.001825,-0.000952,0.000266
7.395082,-0.793142,-1.461196,1.630489,1.458865,-1.230092,0.682653,0.049450,-0.257448,-0.446041,0.790302,0.351084,-0.566854,0.560189,0.008937,-2.339021,0.038738,1.317658,-2.195925,-1.202657,3.569257,0.098126,-0.029240,-0.038426,0.082410,0.050756,-0.002223,-0.001197,-0.000004
7.395996,-0.795898,-1.465872,1.630817,1.459316,-1.231560,0.681147,0.049381,-0.258637,-0.448337,0.789596,0.350455,-0.567262,0.559852,0.009280,-2.339056,0.038698,1.317741,-2.195880,-1.202658,3.569257,0.098126,-0.031397,-0.038898,0.083048,0.048907,-0.002640,-0.000765,0.000414
7.397080,-0.799623,-1.475367,1.631121,1.463754,-1.231430,0.680462,0.052013,-0.258704,-0.450780,0.790106,0.349728,-0.567720,0.559485,0.009580,-2.339087,0.038659,1.317823,-2.195823,-1.202659,3.569258,0.098133,-0.031285,-0.039228,0.083889,0.051760,-0.002300,-0.000127,0.002738
7.398018,-0.801594,-1.477020,1.634866,1.466118,-1.234554,0.679506,0.052980,-0.258508,-0.455617,0.791577,0.346830,-0.568831,0.558451,0.010028,-2.339149,0.038579,1.317994,-2.195720,-1.202661,3.569256,0.098126,-0.031379,-0.039635,0.084169,0.052671,-0.001794,-0.000399,0.000400
7.399033,-0.806667,-1.484601,1.636539,1.469348,-1.236510,0.678505,0.053901,-0.258508,-0.455617,0.791577,0.346830,-0.568831,0.558451,0.010028,-2.339149,0.038579,1.317994,-2.195720,-1.202661,3.569256,0.098126,-0.031379,-0.039635,0.084169,0.052671,-0.001794,-0.000399,0.000400
7.400043,-0.809672,-1.491388,1.638751,1.474085,-1.236151,0.677740,0.055284,-0.258747,-0.457719,0.791929,0.344551,-0.569467,0.557817,0.010195,-2.339177,0.038542,1.318078,-2.195665,-1.202663,3.569258,0.098127,-0.030341,-0.038851,0.084535,0.053237,-0.001106,-0.000369,0.000994
7.401029,-0.809731,-1.498434,1.640347,1.477449,-1.239156,0.677006,0.056858,-0.259386,-0.459671,0.791850,0.342302,-0.570103,0.557165,0.010347,-2.339208,0.038503,1.318162,-2.195616,-1.202666,3.569259,0.098130,-0.030312,-0.038458,0.084594,0.052429,-0.002718,-0.000568,0.000630
7.402106,-0.813957,-1.502947,1.640112,1.480066,-1.238348,0.675476,0.057509,-0.259553,-0.462563,0.792246,0.341297,-0.570636,0.556590,0.010464,-2.339242,0.038464,1.318248,-2.195563,-1.202663,3.569256,0.098130,-0.031683,-0.037845,0.084908,0.052773,-0.000949,-0.000750,-0.000158
7.403097,-0.816790,-1.506027,1.643128,1.483566,-1.241531,0.675648,0.059464,-0.258799,-0.466527,0.793541,0.341280,-0.571122,0.556083,0.010527,-2.339273,0.038424,1.318337,-2.195507,-1.202671,3.569258,0.098132,-0.031140,-0.038805,0.086295,0.054256,-0.003064,-0.000245,0.001138
7.404022,-0.816114,-1.510359,1.641049,1.485067,-1.241324,0.673591,0.060916,-0.258922,-0.469847,0.793903,0.341250,-0.571634,0.555530,0.010542,-2.339305,0.038381,1.318424,-2.195452,-1.202668,3.569254,0.098130,-0.031147,-0.040154,0.085871,0.054441,-0.001110,-0.001349,-0.000411
7.405096,-0.822426,-1.516573,1.645146,1.489436,-1.243856,0.672213,0.061628,-0.260737,-0.471355,0.792498,0.340467,-0.572227,0.554884,0.010521,-2.339343,0.038338,1.318515,-2.195394,-1.202673,3.569256,0.098129,-0.032728,-0.040627,0.087844,0.056220,-0.002456,-0.000158,-0.001085
7.406084,-0.819961,-1.519481,1.644660,1.493045,-1.243733,0.670839,0.063314,-0.264052,-0.471118,0.789482,0.338649,-0.572939,0.554129,0.010470,-2.339375,0.038297,1.318600,-2.195339,-1.202674,3.569257,0.098133,-0.031116,-0.040714,0.087075,0.055933,-0.001230,0.000189,0.000071
7.406983,-0.822461,-1.524457,1.641175,1.495130,-1.244956,0.670280,0.064674,-0.268447,-0.469592,0.785270,0.336520,-0.573696,0.553309,0.010397,-2.339414,0.038254,1.318692,-2.195282,-1.202679,3.569257,0.098130,-0.033718,-0.042133,0.088380,0.055955,-0.002568,0.000627,-0.000936
7.408065,-0.822882,-1.528415,1.643266,1.497634,-1.244338,0.669963,0.064644,-0.273863,-0.466865,0.779971,0.334644,-0.574433,0.552473,0.010313,-2.339447,0.038210,1.318788,-2.195222,-1.202679,3.569256,0.098127,-0.033674,-0.042185,0.090928,0.056994,-0.002456,0.000330,-0.001484
7.409120,-0.831450,-1.534904,1.645830,1.501384,-1.245149,0.668893,0.066948,-0.280975,-0.462599,0.772917,0.332442,-0.575203,0.551581,0.010259,-2.339484,0.038165,1.318878,-2.195164,-1.202687,3.569254,0.098134,-0.035004,-0.043384,0.091117,0.058565,-0.004372,-0.000366,0.001178
7.410003,-0.827792,-1.541041,1.649678,1.503664,-1.244452,0.667173,0.066489,-0.290028,-0.456772,0.763831,0.329542,-0.576047,0.550617,0.010266,-2.339513,0.038123,1.318968,-2.195104,-1.202692,3.569256,0.098128,-0.032260,-0.043234,0.091037,0.058680,-0.004813,-0.000304,-0.000921
7.410975,-0.830942,-1.544810,1.647605,1.506545,-1.245966,0.666761,0.068796,-0.299254,-0.450847,0.754499,0.326458,-0.576950,0.549657,0.010322,-2.339555,0.038080,1.319056,-2.195044,-1.202703,3.569258,0.098135,-0.035241,-0.042675,0.089961,0.059434,-0.006514,0.000577,0.002137
7.411996,-0.831359,-1.547055,1.647249,1.509318,-1.246219,0.666410,0.069217,-0.305870,-0.446709,0.747758,0.323519,-0.577951,0.548803,0.010403,-2.339589,0.038033,1.319152,-2.194984,-1.202710,3.569258,0.098131,-0.034993,-0.043575,0.091978,0.060005,-0.006133,0.000058,-0.000178
7.413015,-0.833027,-1.556252,1.652612,1.511710,-1.243593,0.665359,0.070667,-0.311089,-0.443349,0.742457,0.320620,-0.579052,0.548022,0.010488,-2.339629,0.037986,1.319247,-2.194920,-1.202721,3.569255,0.098134,-0.036186,-0.045392,0.093212,0.060860,-0.007062,-0.000542,0.001453
7.413987,-0.837025,-1.561895,1.650768,1.514360,-1.242173,0.663455,0.071243,-0.315487,-0.440233,0.738033,0.317619,-0.580283,0.547305,0.010557,-2.339667,0.037946,1.319335,-2.194858,-1.202741,3.569256,0.098136,-0.036744,-0.043777,0.091654,0.062124,-0.010786,-0.000457,0.000972
7.415006,-0.835164,-1.563640,1.652637,1.517167,-1.239740,0.663411,0.072544,-0.317574,-0.438820,0.735969,0.314601,-0.581696,0.546685,0.010592,-2.339701,0.037901,1.319431,-2.194793,-1.202758,3.569258,0.098139,-0.036088,-0.043757,0.093559,0.062820,-0.013239,0.000522,0.002155
7.416027,-0.837556,-1.567866,1.654253,1.520366,-1.239090,0.661747,0.074615,-0.318384,-0.438731,0.735271,0.311808,-0.583263,0.546112,0.010577,-2.339742,0.037852,1.319527,-2.194728,-1.202783,3.569255,0.098141,-0.038411,-0.045805,0.093664,0.063592,-0.016713,-0.000397,0.001980
7.417032,-0.837599,-1.575540,1.657725,1.525010,-1.234651,0.662263,0.074915,-0.316068,-0.440213,0.738143,0.307851,-0.586917,0.545279,0.010335,-2.339824,0.037761,1.319715,-2.194603,-1.202844,3.569251,0.098141,-0.039890,-0.045678,0.093247,0.062972,-0.023749,-0.001153,0.002116
7.418014,-0.842114,-1.580901,1.655802,1.527229,-1.233414,0.659536,0.076860,-0.316068,-0.440213,0.738143,0.307851,-0.586917,0.545279,0.010335,-2.339824,0.037761,1.319715,-2.194603,-1.202844,3.569251,0.098141,-0.039890,-0.045678,0.093247,0.062972,-0.023749,-0.001153,0.002116
7.419138,-0.837913,-1.585321,1.654657,1.530630,-1.231229,0.657920,0.078295,-0.311721,-0.443240,0.742942,0.308564,-0.588887,0.545192,0.010099,-2.339862,0.037716,1.319814,-2.194537,-1.202878,3.569257,0.098138,-0.038930,-0.045835,0.095164,0.064143,-0.025839,0.000644,0.000563
7.420027,-0.843985,-1.590150,1.655919,1.532632,-1.230112,0.657428,0.079023,-0.307233,-0.447090,0.747987,0.310787,-0.590908,0.545193,0.009797,-2.339910,0.037666,1.319912,-2.194470,-1.202915,3.569257,0.098138,-0.042547,-0.046879,0.097003,0.064814,-0.029072,0.001177,0.000406
7.421000,-0.843949,-1.594360,1.655313,1.538077,-1.228706,0.655925,0.081055,-0.303664,-0.450696,0.752149,0.313259,-0.593021,0.545153,0.009452,-2.339948,0.037618,1.320010,-2.194402,-1.202952,3.569255,0.098141,-0.040626,-0.046929,0.097094,0.065686,-0.030915,0.000835,0.001081
7.422110,-0.841432,-1.601245,1.659503,1.539915,-1.228681,0.655663,0.082246,-0.301802,-0.453547,0.754604,0.316266,-0.595069,0.545065,0.009072,-2.339993,0.037568,1.320112,-2.194344,-1.202990,3.569256,0.098136,-0.041897,-0.047563,0.098288,0.063725,-0.033168,0.001418,-0.000653
7.423103,-0.843390,-1.606988,1.654757,1.543394,-1.231552,0.655170,0.083336,-0.299846,-0.456605,0.757151,0.320227,-0.596937,0.545044,0.008670,-2.340042,0.037521,1.320209,-2.194275,-1.203025,3.569254,0.098136,-0.044610,-0.047356,0.097419,0.065863,-0.034221,0.000624,-0.000349
7.424011,-0.847694,-1.609965,1.654213,1.545466,-1.231764,0.654677,0.084182,-0.295143,-0.461187,0.762413,0.323970,-0.598764,0.545169,0.008298,-2.340089,0.037475,1.320316,-2.194208,-1.203055,3.569255,0.098136,-0.044849,-0.047330,0.100690,0.065777,-0.032260,0.000180,-0.000149
7.425065,-0.847018,-1.614201,1.656570,1.551162,-1.231608,0.653723,0.085694,-0.290773,-0.465687,0.767310,0.326637,-0.600547,0.545282,0.007999,-2.340131,0.037425,1.320421,-2.194139,-1.203092,3.569254,0.098137,-0.043830,-0.048364,0.101650,0.066643,-0.032839,-0.000186,0.000338
7.426062,-0.847816,-1.619172,1.659363,1.554516,-1.233716,0.651574,0.087372,-0.289466,-0.468518,0.769166,0.328950,-0.602092,0.545305,0.007773,-2.340181,0.037374,1.320521,-2.194077,-1.203128,3.569256,0.098137,-0.045512,-0.049245,0.101537,0.064747,-0.033966,-0.000239,-0.000167
7.427024,-0.855064,-1.625574,1.659333,1.558509,-1.234426,0.650992,0.087800,-0.288812,-0.470729,0.770426,0.331855,-0.603329,0.545366,0.007592,-2.340229,0.037323,1.320622,-2.194009,-1.203157,3.569255,0.098138,-0.046561,-0.049977,0.101350,0.065500,-0.032936,0.000888,-0.000925
7.428067,-0.854935,-1.633831,1.658184,1.563361,-1.236351,0.649294,0.089254,-0.288134,-0.472683,0.771759,0.335078,-0.604379,0.545449,0.007451,-2.340271,0.037272,1.320726,-2.193942,-1.203192,3.569253,0.098141,-0.044563,-0.050214,0.102704,0.065998,-0.033361,0.000380,0.000926
7.429046,-0.855414,-1.641087,1.662740,1.567084,-1.236754,0.647813,0.090672,-0.289928,-0.473496,0.770679,0.338137,-0.605372,0.545408,0.007355,-2.340322,0.037225,1.320835,-2.193875,-1.203222,3.569254,0.098141,-0.046391,-0.049910,0.104752,0.066146,-0.032719,0.000901,0.000917
7.430005,-0.855468,-1.648729,1.665539,1.570822,-1.235598,0.647799,0.091662,-0.293090,-0.474213,0.768301,0.340907,-0.606481,0.545267,0.007293,-2.340373,0.037174,1.320937,-2.193808,-1.203258,3.569259,0.098141,-0.047727,-0.049807,0.103822,0.067026,-0.033475,0.001246,0.000824
7.431015,-0.857073,-1.650831,1.666481,1.575054,-1.237147,0.645757,0.093414,-0.293179,-0.477300,0.769000,0.343134,-0.607930,0.545189,0.007248,-2.340426,0.037124,1.321040,-2.193737,-1.203298,3.569254,0.098143,-0.049213,-0.049426,0.103756,0.067659,-0.035713,0.000188,0.001528
7.432027,-0.857457,-1.659528,1.671491,1.580274,-1.236640,0.644874,0.094421,-0.288918,-0.483022,0.773996,0.344761,-0.609767,0.545237,0.007210,-2.340479,0.037068,1.321146,-2.193668,-1.203332,3.569257,0.098142,-0.050027,-0.051993,0.104706,0.068173,-0.035337,0.001095,0.000840
7.433010,-0.862316,-1.664964,1.672068,1.582871,-1.234955,0.644320,0.097302,-0.281268,-0.490321,0.782291,0.346190,-0.611887,0.545404,0.007164,-2.340533,0.037021,1.321245,-2.193600,-1.203370,3.569255,0.098144,-0.051462,-0.051308,0.103688,0.067725,-0.037033,0.000830,0.001668
7.434040,-0.862816,-1.671303,1.673804,1.587952,-1.236230,0.642140,0.097541,-0.270961,-0.498918,0.793121,0.347832,-0.614167,0.545688,0.007094,-2.340583,0.036965,1.321352,-2.193525,-1.203413,3.569254,0.098137,-0.050613,-0.052086,0.104764,0.069587,-0.039810,0.000279,-0.001351
7.435010,-0.864979,-1.678395,1.675755,1.590691,-1.235335,0.641328,0.099832,-0.260149,-0.507863,0.804331,0.349541,-0.616489,0.545990,0.007016,-2.340636,0.036912,1.321456,-2.193455,-1.203454,3.569257,0.098146,-0.052051,-0.052617,0.105383,0.069345,-0.039671,0.001287,0.001077
7.436094,-0.871125,-1.686374,1.675606,1.595724,-1.236915,0.640200,0.100772,-0.249960,-0.516587,0.814791,0.351110,-0.618764,0.546232,0.006963,-2.340690,0.036858,1.321561,-2.193378,-1.203501,3.569256,0.098137,-0.052489,-0.052513,0.105726,0.070915,-0.041593,0.000999,-0.000801
7.437068,-0.871625,-1.689019,1.680570,1.599028,-1.234710,0.639767,0.102234,-0.241439,-0.524808,0.823437,0.352513,-0.620900,0.546359,0.006959,-2.340739,0.036805,1.321673,-2.193305,-1.203541,3.569256,0.098141,-0.051231,-0.052455,0.107364,0.071005,-0.041257,0.000902,0.000369
7.437992,-0.874229,-1.692413,1.678997,1.600264,-1.237007,0.637696,0.104244,-0.236112,-0.531542,0.828746,0.353856,-0.622786,0.546325,0.007023,-2.340795,0.036745,1.321776,-2.193232,-1.203592,3.569255,0.098144,-0.052519,-0.054545,0.106212,0.072111,-0.044471,0.000235,0.000147
7.439138,-0.878414,-1.702251,1.679511,1.606352,-1.239183,0.637415,0.105146,-0.233771,-0.535859,0.830934,0.354207,-0.624477,0.546110,0.007157,-2.340847,0.036687,1.321886,-2.193150,-1.203631,3.569256,0.098141,-0.052645,-0.056038,0.108171,0.074795,-0.043158,0.001273,-0.001283
7.440073,-0.880692,-1.710436,1.683751,1.610247,-1.239037,0.635614,0.106681,-0.235169,-0.537046,0.829278,0.352668,-0.626072,0.545628,0.007361,-2.340900,0.036632,1.322000,-2.193079,-1.203672,3.569254,0.098142,-0.052484,-0.055269,0.109593,0.074226,-0.042327,0.000247,0.000144
7.440990,-0.879738,-1.711121,1.683456,1.612196,-1.239026,0.633860,0.107072,-0.239766,-0.536490,0.824387,0.350529,-0.627520,0.544954,0.007626,-2.340952,0.036576,1.322108,-2.193003,-1.203720,3.569255,0.098143,-0.052816,-0.054449,0.108645,0.074455,-0.043439,0.001004,-0.000332
7.442101,-0.883901,-1.721199,1.685965,1.617513,-1.239807,0.633635,0.109469,-0.244837,-0.535929,0.819027,0.348561,-0.628874,0.544228,0.007932,-2.341011,0.036514,1.322219,-2.192924,-1.203767,3.569257,0.098150,-0.054662,-0.057268,0.109921,0.076446,-0.044383,0.001712,0.001450
7.443106,-0.884032,-1.725337,1.688020,1.622226,-1.240659,0.632377,0.110818,-0.249481,-0.535267,0.814132,0.346317,-0.630256,0.543469,0.008255,-2.341064,0.036459,1.322331,-2.192850,-1.203814,3.569256,0.098145,-0.054411,-0.056206,0.110280,0.076363,-0.044833,0.000668,-0.000249
7.443984,-0.884132,-1.731509,1.689906,1.623850,-1.240260,0.631542,0.110881,-0.253496,-0.534781,0.809969,0.344522,-0.631632,0.542746,0.008572,-2.341122,0.036397,1.322441,-2.192773,-1.203860,3.569256,0.098144,-0.055911,-0.057662,0.110608,0.076178,-0.045052,0.000800,-0.000111
7.445008,-0.888119,-1.736666,1.691607,1.627253,-1.240451,0.630857,0.113239,-0.255535,-0.535306,0.807927,0.343545,-0.633049,0.542142,0.008875,-2.341181,0.036338,1.322553,-2.192692,-1.203913,3.569256,0.098152,-0.057116,-0.057560,0.110656,0.078189,-0.046275,0.000640,0.002212
7.446026,-0.889833,-1.741727,1.692247,1.629706,-1.239160,0.629151,0.114463,-0.255208,-0.536834,0.808389,0.342415,-0.634668,0.541629,0.009163,-2.341237,0.036278,1.322663,-2.192608,-1.203963,3.569255,0.098149,-0.056730,-0.058586,0.111219,0.079261,-0.047149,0.000169,0.000334
7.447059,-0.887419,-1.746007,1.690956,1.635319,-1.238517,0.627898,0.115963,-0.254420,-0.538161,0.809457,0.340283,-0.636527,0.541092,0.009426,-2.341296,0.036217,1.322777,-2.192524,-1.204019,3.569257,0.098150,-0.057460,-0.059614,0.112246,0.081244,-0.049449,0.000725,0.000756
7.448068,-0.887125,-1.751772,1.694835,1.638988,-1.237561,0.627325,0.116892,-0.254636,-0.538322,0.809740,0.337397,-0.638506,0.540477,0.009669,-2.341362,0.036152,1.322896,-2.192446,-1.204075,3.569257,0.098149,-0.060207,-0.061054,0.114230,0.080278,-0.051105,0.000805,0.000648
7.448992,-0.890838,-1.758122,1.695513,1.641288,-1.236760,0.626501,0.118725,-0.254551,-0.538048,0.810585,0.334966,-0.640435,0.539900,0.009901,-2.341429,0.036086,1.323009,-2.192363,-1.204132,3.569257,0.098151,-0.061800,-0.061632,0.113598,0.081027,-0.053045,0.000231,0.001614
7.450082,-0.897206,-1.762172,1.691999,1.644732,-1.236905,0.625353,0.120345,-0.252672,-0.538409,0.813377,0.333268,-0.642273,0.539447,0.010123,-2.341491,0.036024,1.323123,-2.192276,-1.204189,3.569256,0.098149,-0.061241,-0.061599,0.114363,0.082520,-0.054687,0.000019,0.000524
7.451097,-0.895305,-1.767965,1.692440,1.650101,-1.236593,0.623663,0.120967,-0.252602,-0.537742,0.814381,0.331459,-0.643995,0.538924,0.010348,-2.341548,0.035958,1.323245,-2.192189,-1.204249,3.569255,0.098148,-0.059808,-0.063397,0.117578,0.083902,-0.055601,-0.000060,0.000348
7.452072,-0.892136,-1.771887,1.695047,1.654423,-1.237279,0.622741,0.122793,-0.258783,-0.533744,0.809132,0.329570,-0.645447,0.538152,0.010592,-2.341616,0.035894,1.323367,-2.192106,-1.204308,3.569257,0.098154,-0.062250,-0.064000,0.118577,0.082946,-0.056878,0.000479,0.001941
7.452993,-0.893484,-1.776577,1.693545,1.656999,-1.237645,0.622002,0.123546,-0.268180,-0.528031,0.800669,0.328634,-0.646552,0.537319,0.010849,-2.341687,0.035824,1.323486,-2.192024,-1.204366,3.569254,0.098153,-0.065173,-0.065316,0.118432,0.082850,-0.057093,0.000307,0.000998
7.454081,-0.894393,-1.782002,1.697600,1.659955,-1.236475,0.620751,0.125276,-0.276203,-0.522944,0.793541,0.328773,-0.647435,0.536631,0.011102,-2.341755,0.035755,1.323611,-2.191937,-1.204426,3.569254,0.098155,-0.065727,-0.066031,0.120158,0.084023,-0.057534,0.000005,0.002084
7.455083,-0.895187,-1.790355,1.698431,1.664334,-1.236113,0.619686,0.126384,-0.282221,-0.518670,0.788297,0.328758,-0.648304,0.536047,0.011352,-2.341825,0.035686,1.323731,-2.191848,-1.204491,3.569255,0.098154,-0.066869,-0.067074,0.119566,0.085844,-0.059741,0.000021,0.001656
7.456005,-0.894044,-1.794774,1.694996,1.667932,-1.235948,0.619682,0.128195,-0.285633,-0.515779,0.785498,0.327894,-0.649296,0.535534,0.011598,-2.341896,0.035620,1.323853,-2.191763,-1.204553,3.569257,0.098157,-0.067865,-0.066311,0.120366,0.085756,-0.061001,-0.000057,0.002246
7.457140,-0.896159,-1.799572,1.697594,1.670549,-1.234595,0.618995,0.129928,-0.286593,-0.514874,0.785061,0.326979,-0.650349,0.535121,0.011822,-2.341969,0.035550,1.323983,-2.191674,-1.204619,3.569254,0.098155,-0.069637,-0.067170,0.123006,0.085872,-0.061919,-0.001088,0.001197
7.458063,-0.894003,-1.805584,1.700794,1.673317,-1.234546,0.618325,0.131912,-0.287021,-0.514922,0.785124,0.326197,-0.651406,0.534763,0.012017,-2.342040,0.035480,1.324106,-2.191582,-1.204689,3.569253,0.098155,-0.070254,-0.068719,0.123222,0.088253,-0.064325,-0.001674,0.000917
7.458980,-0.892772,-1.811958,1.697216,1.677557,-1.232333,0.614314,0.133517,-0.286359,-0.515643,0.786239,0.324445,-0.652608,0.534448,0.012189,-2.342117,0.035410,1.324228,-2.191491,-1.204756,3.569253,0.098152,-0.072485,-0.068752,0.122613,0.089133,-0.065097,-0.002049,-0.000466
7.460090,-0.889933,-1.817803,1.697296,1.680628,-1.230362,0.613440,0.134190,-0.282766,-0.518242,0.790298,0.321955,-0.653975,0.534208,0.012351,-2.342197,0.035342,1.324359,-2.191405,-1.204833,3.569258,0.098151,-0.074192,-0.068609,0.125305,0.088639,-0.067964,0.000929,-0.001097
7.461063,-0.896319,-1.820071,1.700654,1.685564,-1.229120,0.612374,0.135760,-0.276681,-0.522936,0.796930,0.319837,-0.655349,0.533992,0.012533,-2.342279,0.035271,1.324491,-2.191309,-1.204909,3.569255,0.098158,-0.077126,-0.069535,0.126620,0.090322,-0.070879,0.000537,0.000661
7.461955,-0.896738,-1.827804,1.702722,1.688473,-1.228830,0.610425,0.136162,-0.269932,-0.528354,0.804273,0.318651,-0.656565,0.533743,0.012762,-2.342351,0.035195,1.324615,-2.191221,-1.204985,3.569255,0.098156,-0.075197,-0.071603,0.126029,0.089427,-0.072830,0.000501,0.000233
7.463109,-0.898907,-1.834569,1.704328,1.691683,-1.229200,0.609741,0.138043,-0.264035,-0.533427,0.810761,0.319188,-0.657460,0.533469,0.013034,-2.342430,0.035126,1.324741,-2.191130,-1.205062,3.569257,0.098160,-0.076076,-0.070635,0.125865,0.090001,-0.073713,0.001442,0.001932
7.464157,-0.896833,-1.839213,1.700092,1.694608,-1.227639,0.610032,0.139992,-0.258578,-0.538712,0.816798,0.321211,-0.658086,0.533180,0.013336,-2.342506,0.035052,1.324868,-2.191036,-1.205137,3.569256,0.098160,-0.076652,-0.071248,0.126625,0.091868,-0.074348,0.000815,0.001378
7.465042,-0.894182,-1.841065,1.699272,1.698681,-1.226616,0.608452,0.140903,-0.253689,-0.544001,0.822290,0.323300,-0.658627,0.532847,0.013653,-2.342590,0.034978,1.325006,-2.190939,-1.205218,3.569252,0.098159,-0.079043,-0.072459,0.129895,0.093229,-0.076723,-0.000651,0.000414
7.465983,-0.899378,-1.847415,1.703090,1.700023,-1.226295,0.607027,0.141785,-0.250529,-0.548094,0.826107,0.325276,-0.659060,0.532475,0.013971,-2.342675,0.034897,1.325140,-2.190848,-1.205299,3.569255,0.098161,-0.081331,-0.074302,0.131036,0.092576,-0.078284,-0.000064,0.001079
7.466993,-0.900542,-1.853218,1.702014,1.704879,-1.228015,0.604854,0.142853,-0.248758,-0.550941,0.828489,0.327582,-0.659338,0.532100,0.014275,-2.342754,0.034822,1.325269,-2.190748,-1.205378,3.569255,0.098165,-0.079864,-0.074180,0.130072,0.094839,-0.079251,0.000290,0.001937
7.468010,-0.902479,-1.854713,1.705481,1.706855,-1.225017,0.605295,0.144448,-0.248176,-0.553064,0.829512,0.330187,-0.659520,0.531682,0.014543,-2.342836,0.034748,1.325407,-2.190655,-1.205455,3.569257,0.098166,-0.080574,-0.074653,0.131667,0.094105,-0.078281,0.001317,0.002620
7.469095,-0.901660,-1.857884,1.708824,1.710106,-1.224961,0.603201,0.147036,-0.249211,-0.554342,0.828761,0.333179,-0.659631,0.531203,0.014752,-2.342918,0.034663,1.325535,-2.190554,-1.205546,3.569253,0.098165,-0.080900,-0.077203,0.131090,0.096187,-0.081976,-0.000277,0.002271
7.470030,-0.901464,-1.863912,1.707563,1.711811,-1.225452,0.603369,0.147721,-0.250793,-0.554482,0.827340,0.335953,-0.659763,0.530719,0.014892,-2.343006,0.034580,1.325665,-2.190453,-1.205630,3.569255,0.098164,-0.082701,-0.079190,0.130747,0.097373,-0.082827,0.000603,0.000120
7.470990,-0.905851,-1.871767,1.708439,1.713543,-1.224396,0.602112,0.148973,-0.251090,-0.554119,0.827096,0.337510,-0.660074,0.530271,0.014971,-2.343091,0.034501,1.325802,-2.190352,-1.205715,3.569251,0.098166,-0.083858,-0.079146,0.132237,0.099182,-0.082907,-0.000618,0.001394
7.472091,-0.906651,-1.875507,1.707351,1.718696,-1.225215,0.600684,0.150244,-0.250270,-0.554183,0.827871,0.337413,-0.660629,0.529820,0.015023,-2.343171,0.034424,1.325935,-2.190248,-1.205802,3.569253,0.098167,-0.082835,-0.078333,0.132758,0.101041,-0.084574,-0.000442,0.001565
7.473045,-0.906675,-1.879638,1.711986,1.721312,-1.223920,0.599046,0.152203,-0.250429,-0.554586,0.827600,0.336243,-0.661296,0.529290,0.015076,-2.343259,0.034342,1.326072,-2.190148,-1.205888,3.569253,0.098168,-0.083870,-0.080143,0.134596,0.100455,-0.084567,-0.000262,0.002107
7.473974,-0.907078,-1.884102,1.712113,1.725641,-1.223248,0.596377,0.154018,-0.251926,-0.555158,0.825994,0.335233,-0.661885,0.528709,0.015129,-2.343345,0.034258,1.326202,-2.190044,-1.205977,3.569255,0.098165,-0.084956,-0.081091,0.133238,0.101401,-0.086450,0.000291,0.000849
7.475071,-0.907259,-1.889985,1.708744,1.727221,-1.223104,0.595671,0.155081,-0.252736,-0.556818,0.825138,0.335294,-0.662319,0.528176,0.015178,-2.343434,0.034172,1.326335,-2.189943,-1.206068,3.569257,0.098164,-0.085765,-0.081745,0.134068,0.100517,-0.087628,0.001909,-0.000171
7.475997,-0.907205,-1.892630,1.710904,1.731189,-1.220566,0.595983,0.156583,-0.253065,-0.559614,0.824882,0.336342,-0.662617,0.527657,0.015244,-2.343524,0.034088,1.326477,-2.189834,-1.206162,3.569255,0.098168,-0.087056,-0.082416,0.136994,0.103316,-0.088505,0.001366,0.000780
7.477050,-0.904149,-1.897840,1.709931,1.735983,-1.222396,0.594059,0.157677,-0.254474,-0.562605,0.823686,0.337554,-0.662842,0.527096,0.015350,-2.343614,0.034000,1.326612,-2.189731,-1.206258,3.569252,0.098167,-0.088072,-0.083951,0.136730,0.102699,-0.091515,0.000015,0.000356
7.478037,-0.904692,-1.900738,1.709536,1.739352,-1.221565,0.592434,0.160138,-0.256046,-0.566065,0.822481,0.339348,-0.662936,0.526618,0.015485,-2.343711,0.033916,1.326753,-2.189628,-1.206348,3.569253,0.098170,-0.090812,-0.084774,0.138342,0.102118,-0.090353,0.000762,0.001115
7.478989,-0.902303,-1.904853,1.705355,1.741343,-1.221151,0.590950,0.159604,-0.256832,-0.570398,0.822239,0.342418,-0.662829,0.526300,0.015632,-2.343803,0.033825,1.326896,-2.189525,-1.206443,3.569257,0.098166,-0.091632,-0.086403,0.139455,0.102532,-0.091774,0.001244,-0.001055
7.479990,-0.903567,-1.913640,1.705581,1.744983,-1.221798,0.589805,0.161098,-0.258081,-0.574717,0.821699,0.345990,-0.662596,0.526020,0.015789,-2.343904,0.033734,1.327043,-2.189416,-1.206537,3.569255,0.098174,-0.093761,-0.087262,0.142331,0.103993,-0.092700,0.001664,0.002709
7.481049,-0.905306,-1.916686,1.709713,1.747837,-1.221198,0.590790,0.163408,-0.260662,-0.578847,0.819924,0.349134,-0.662357,0.525658,0.015958,-2.343998,0.033651,1.327187,-2.189310,-1.206632,3.569256,0.098175,-0.094220,-0.086066,0.143146,0.104140,-0.092625,0.001668,0.002480
7.481983,-0.908733,-1.919687,1.710238,1.749527,-1.218603,0.589735,0.164333,-0.263455,-0.583769,0.817931,0.351560,-0.662212,0.525261,0.016120,-2.344093,0.033557,1.327324,-2.189202,-1.206731,3.569252,0.098171,-0.094587,-0.087911,0.142227,0.105413,-0.093869,-0.000511,0.000823
7.482999,-0.903362,-1.925388,1.707638,1.752638,-1.218094,0.588656,0.166446,-0.266106,-0.589060,0.816035,0.352779,-0.662223,0.524877,0.016271,-2.344186,0.033465,1.327470,-2.189090,-1.206835,3.569252,0.098174,-0.093838,-0.089242,0.142725,0.106957,-0.096866,-0.000493,0.001602
7.484050,-0.901599,-1.925849,1.703820,1.757320,-1.216865,0.587557,0.167275,-0.269123,-0.593895,0.813818,0.352329,-0.662414,0.524470,0.016434,-2.344290,0.033375,1.327620,-2.188981,-1.206934,3.569253,0.098171,-0.097589,-0.089583,0.144946,0.107666,-0.097927,-0.000572,0.000212
7.485046,-0.900678,-1.930211,1.708596,1.760375,-1.216212,0.585882,0.168488,-0.272638,-0.598052,0.811262,0.350852,-0.662698,0.524050,0.016620,-2.344396,0.033274,1.327773,-2.188873,-1.207035,3.569253,0.098175,-0.099543,-0.092607,0.147822,0.107030,-0.099763,-0.000657,0.001508
7.486010,-0.901078,-1.932916,1.708730,1.760868,-1.214891,0.584971,0.169384,-0.276362,-0.601271,0.808653,0.349433,-0.662948,0.523679,0.016839,-2.344499,0.033179,1.327919,-2.188764,-1.207140,3.569252,0.098176,-0.100992,-0.093462,0.146300,0.107692,-0.100882,-0.000098,0.001858
7.487097,-0.901012,-1.937647,1.707204,1.763597,-1.213804,0.583646,0.171369,-0.278601,-0.604151,0.807554,0.347576,-0.663281,0.523390,0.017101,-2.344600,0.033081,1.328066,-2.188648,-1.207246,3.569252,0.098179,-0.101726,-0.095004,0.147048,0.110536,-0.102617,-0.000281,0.002756
7.488113,-0.896861,-1.937763,1.701355,1.766656,-1.211767,0.581285,0.173617,-0.279459,-0.606620,0.807791,0.343772,-0.663893,0.523092,0.017407,-2.344708,0.032980,1.328222,-2.188532,-1.207358,3.569254,0.098178,-0.102907,-0.096009,0.148850,0.111906,-0.104250,-0.000195,0.001816
7.488987,-0.895753,-1.943439,1.700665,1.769508,-1.210345,0.580133,0.174512,-0.281722,-0.607208,0.806644,0.337938,-0.664696,0.522626,0.017741,-2.344819,0.032875,1.328384,-2.188417,-1.207472,3.569254,0.098175,-0.105941,-0.098990,0.152553,0.112532,-0.106714,0.001026,0.000167
7.490118,-0.897610,-1.948854,1.699939,1.772471,-1.210462,0.579673,0.175746,-0.286762,-0.605426,0.802759,0.331481,-0.665438,0.521953,0.018090,-2.344930,0.032775,1.328540,-2.188304,-1.207581,3.569255,0.098178,-0.107097,-0.098610,0.153330,0.112496,-0.108371,0.001173,0.000838
7.491105,-0.895325,-1.950406,1.702532,1.774839,-1.209838,0.579203,0.177286,-0.293903,-0.602405,0.796716,0.325636,-0.665971,0.521145,0.018450,-2.345039,0.032675,1.328701,-2.188184,-1.207692,3.569255,0.098181,-0.107394,-0.099481,0.154785,0.113840,-0.108864,0.000349,0.001524
7.491984,-0.893472,-1.950623,1.698405,1.775701,-1.209945,0.577715,0.178003,-0.301701,-0.599107,0.789868,0.320350,-0.666327,0.520299,0.018815,-2.345150,0.032569,1.328854,-2.188068,-1.207801,3.569252,0.098182,-0.109428,-0.101609,0.154252,0.114930,-0.109913,-0.000277,0.001194
7.493014,-0.890271,-1.956608,1.696932,1.779287,-1.210405,0.577553,0.179889,-0.309053,-0.595396,0.783318,0.314736,-0.666620,0.519460,0.019176,-2.345265,0.032458,1.329016,-2.187947,-1.207910,3.569254,0.098186,-0.110937,-0.103872,0.156748,0.116753,-0.110057,0.000215,0.002216
7.494014,-0.889445,-1.954343,1.694849,1.782818,-1.210270,0.575216,0.181219,-0.315925,-0.591112,0.777142,0.308417,-0.666904,0.518620,0.019526,-2.345385,0.032353,1.329178,-2.187831,-1.208020,3.569250,0.098184,-0.113409,-0.103943,0.158277,0.116900,-0.110069,-0.000782,0.001321
7.495078,-0.897057,-1.959691,1.700701,1.784288,-1.212358,0.573657,0.182915,-0.322857,-0.586134,0.770820,0.302154,-0.667104,0.517797,0.019854,-2.345503,0.032235,1.329338,-2.187716,-1.208133,3.569254,0.098184,-0.114638,-0.107922,0.160062,0.116946,-0.110605,0.000427,0.001468
7.496089,-0.892437,-1.962656,1.697193,1.787800,-1.211375,0.573405,0.184029,-0.331267,-0.579436,0.762906,0.296130,-0.667187,0.516933,0.020157,-2.345612,0.032125,1.329494,-2.187591,-1.208241,3.569253,0.098186,-0.111870,-0.108374,0.158061,0.119242,-0.109042,0.000775,0.001045
7.496979,-0.885415,-1.966375,1.696983,1.790968,-1.211447,0.571443,0.185581,-0.341470,-0.571051,0.753097,0.289750,-0.667264,0.515986,0.020432,-2.345733,0.032009,1.329660,-2.187475,-1.208357,3.569249,0.098189,-0.115052,-0.109777,0.160561,0.119320,-0.110445,-0.000102,0.001642
7.498002,-0.890767,-1.971314,1.695173,1.793960,-1.209353,0.570377,0.187190,-0.350251,-0.563347,0.744701,0.283634,-0.667365,0.515137,0.020676,-2.345860,0.031898,1.329823,-2.187356,-1.208468,3.569251,0.098188,-0.119038,-0.110318,0.161064,0.118930,-0.110612,0.000863,0.001023
7.499072,-0.889010,-1.975139,1.695877,1.797109,-1.209460,0.570043,0.188012,-0.355775,-0.557904,0.739573,0.278926,-0.667420,0.514510,0.020893,-2.345976,0.031788,1.329990,-2.187235,-1.208587,3.569252,0.098189,-0.117199,-0.110846,0.162700,0.119549,-0.113101,0.000751,0.000671
7.500070,-0.881143,-1.977979,1.696259,1.799284,-1.209222,0.569641,0.189517,-0.360293,-0.553898,0.735417,0.275810,-0.667393,0.514016,0.021100,-2.346098,0.031671,1.330154,-2.187115,-1.208704,3.569251,0.098193,-0.119049,-0.112052,0.163222,0.120298,-0.113448,-0.000125,0.002020
7.501076,-0.874953,-1.979154,1.691834,1.801728,-1.207113,0.567644,0.191169,-0.362704,-0.551629,0.733352,0.273401,-0.667460,0.513701,0.021306,-2.346231,0.031553,1.330321,-2.186993,-1.208822,3.569251,0.098194,-0.123648,-0.113432,0.163686,0.121523,-0.114036,-0.000846,0.001787
7.502051,-0.881424,-1.982607,1.694331,1.803156,-1.205870,0.566511,0.192871,-0.359493,-0.552298,0.736931,0.270533,-0.667856,0.513672,0.021492,-2.346367,0.031432,1.330494,-2.186869,-1.208943,3.569252,0.098194,-0.127358,-0.115639,0.166525,0.122495,-0.116483,0.000022,0.001297
7.502970,-0.886611,-1.985975,1.697063,1.806074,-1.203511,0.564580,0.194728,-0.352570,-0.554519,0.744169,0.266561,-0.668567,0.513777,0.021642,-2.346488,0.031310,1.330657,-2.186741,-1.209065,3.569251,0.098197,-0.124789,-0.116543,0.165879,0.124175,-0.117990,0.000050,0.000608
7.503998,-0.877555,-1.988187,1.694265,1.809773,-1.202718,0.564353,0.195499,-0.346857,-0.556006,0.750008,0.261759,-0.669374,0.513777,0.021753,-2.346608,0.031192,1.330820,-2.186619,-1.209190,3.569255,0.098196,-0.122818,-0.117314,0.165000,0.124125,-0.120515,0.000926,-0.000530
7.505056,-0.871168,-1.996102,1.692339,1.813320,-1.202228,0.562959,0.197428,-0.343500,-0.556562,0.753363,0.257304,-0.670037,0.513673,0.021829,-2.346747,0.031068,1.330990,-2.186493,-1.209314,3.569252,0.098198,-0.128051,-0.119074,0.167134,0.123926,-0.121626,-0.000010,0.000821
7.506053,-0.876780,-1.998980,1.695826,1.815885,-1.200152,0.561410,0.197954,-0.338708,-0.558489,0.758175,0.254165,-0.670497,0.513688,0.021871,-2.346889,0.030952,1.331165,-2.186366,-1.209436,3.569252,0.098200,-0.131901,-0.118154,0.168813,0.124049,-0.122514,0.000199,-0.000105
7.507197,-0.880545,-2.002603,1.702415,1.820003,-1.200192,0.560289,0.199648,-0.330383,-0.563320,0.766488,0.252537,-0.670779,0.513907,0.021891,-2.347013,0.030831,1.331331,-2.186242,-1.209565,3.569254,0.098202,-0.129776,-0.119489,0.167705,0.124824,-0.124838,0.000610,0.001652
7.508039,-0.877814,-2.005410,1.697289,1.820139,-1.198437,0.559771,0.201153,-0.320649,-0.569771,0.776049,0.252303,-0.670835,0.514219,0.021917,-2.347142,0.030707,1.331490,-2.186115,-1.209693,3.569254,0.098204,-0.128922,-0.121015,0.165536,0.124911,-0.125253,0.000432,0.001440
7.508999,-0.872309,-2.005935,1.688281,1.820287,-1.196957,0.559387,0.200946,-0.311759,-0.576164,0.784698,0.252866,-0.670686,0.514503,0.021969,-2.347278,0.030586,1.331666,-2.185985,-1.209824,3.569255,0.098204,-0.130566,-0.121698,0.168275,0.127001,-0.127000,-0.000009,0.000784
7.510089,-0.878425,-2.017710,1.695285,1.822943,-1.195317,0.558711,0.203085,-0.306373,-0.580651,0.789932,0.252594,-0.670489,0.514562,0.022068,-2.347418,0.030457,1.331850,-2.185851,-1.209958,3.569253,0.098213,-0.133799,-0.123954,0.173161,0.129729,-0.128606,-0.000704,0.003890
7.510977,-0.883515,-2.017432,1.701704,1.825307,-1.194788,0.557402,0.203980,-0.305649,-0.582769,0.790519,0.250372,-0.670388,0.514277,0.022214,-2.347545,0.030338,1.332016,-2.185718,-1.210093,3.569252,0.098211,-0.131604,-0.121186,0.170491,0.130784,-0.130568,-0.001249,0.002624
7.512004,-0.874411,-2.020164,1.695164,1.826932,-1.193346,0.556156,0.205900,-0.307196,-0.584514,0.788672,0.247144,-0.670374,0.513787,0.022369,-2.347670,0.030209,1.332178,-2.185589,-1.210228,3.569254,0.098216,-0.129548,-0.123581,0.167695,0.130942,-0.131091,-0.000950,0.003323
7.513026,-0.869154,-2.020432,1.692366,1.828169,-1.191942,0.555026,0.207172,-0.309164,-0.586517,0.786307,0.243930,-0.670392,0.513249,0.022502,-2.347814,0.030082,1.332356,-2.185453,-1.210365,3.569253,0.098216,-0.134752,-0.125013,0.171636,0.132590,-0.132746,-0.000864,0.002341
7.514018,-0.878657,-2.025020,1.697318,1.830306,-1.189240,0.553523,0.208249,-0.310948,-0.587976,0.784194,0.240239,-0.670528,0.512698,0.022613,-2.347959,0.029950,1.332534,-2.185313,-1.210506,3.569252,0.098220,-0.137909,-0.127605,0.173605,0.134463,-0.134308,-0.000882,0.002656
7.514976,-0.883893,-2.026600,1.703276,1.833929,-1.185186,0.552477,0.210253,-0.318625,-0.585713,0.775736,0.231936,-0.671006,0.511371,0.022790,-2.348209,0.029686,1.332867,-2.185042,-1.210800,3.569255,0.098223,-0.131852,-0.129575,0.169304,0.134535,-0.141127,-0.000553,0.001925
7.516013,-0.878045,-2.034090,1.698539,1.835432,-1.183097,0.552512,0.211567,-0.326140,-0.582252,0.767728,0.230413,-0.670893,0.510643,0.022857,-2.348352,0.029558,1.333045,-2.184904,-1.210948,3.569254,0.098226,-0.135443,-0.128643,0.172347,0.136310,-0.143303,-0.001768,0.002207
7.517070,-0.876446,-2.033641,1.692893,1.835962,-1.180062,0.550703,0.212418,-0.326140,-0.582252,0.767728,0.230413,-0.670893,0.510643,0.022857,-2.348352,0.029558,1.333045,-2.184904,-1.210948,3.569254,0.098226,-0.135443,-0.128643,0.172347,0.136310,-0.143303,-0.001768,0.002207
7.517985,-0.875683,-2.036137,1.697066,1.836530,-1.178654,0.549829,0.214376,-0.335227,-0.578150,0.758235,0.230195,-0.670589,0.509861,0.022960,-2.348491,0.029421,1.333227,-2.184757,-1.211101,3.569253,0.098230,-0.136914,-0.131718,0.175810,0.138960,-0.146438,-0.001131,0.003455
7.519085,-0.881508,-2.039932,1.703943,1.838921,-1.176867,0.548245,0.214541,-0.346220,-0.572493,0.746850,0.229191,-0.670330,0.508905,0.023154,-2.348632,0.029286,1.333398,-2.184612,-1.211255,3.569252,0.098230,-0.137651,-0.132685,0.174063,0.140701,-0.147682,-0.001296,0.002076
7.520110,-0.875509,-2.043859,1.696550,1.838596,-1.173791,0.545818,0.216324,-0.356868,-0.565996,0.735687,0.226655,-0.670252,0.507855,0.023452,-2.348763,0.029151,1.333568,-2.184469,-1.211410,3.569251,0.098241,-0.135598,-0.133811,0.171503,0.141866,-0.149609,-0.000940,0.004824
7.520982,-0.872881,-2.043071,1.694026,1.839003,-1.169816,0.545167,0.216748,-0.365795,-0.559625,0.726210,0.222398,-0.670413,0.506753,0.023845,-2.348909,0.029015,1.333751,-2.184317,-1.211568,3.569255,0.098243,-0.139191,-0.134525,0.175803,0.145057,-0.152686,0.000315,0.004082
7.521973,-0.876649,-2.047927,1.698896,1.840260,-1.166812,0.546297,0.218789,-0.374401,-0.552671,0.717197,0.215883,-0.670832,0.505480,0.024322,-2.349054,0.028875,1.333930,-2.184172,-1.211733,3.569252,0.098249,-0.140703,-0.136938,0.177207,0.146669,-0.156359,-0.000021,0.005679
7.522976,-0.877366,-2.048170,1.699456,1.842973,-1.164916,0.545461,0.219484,-0.383040,-0.544911,0.708272,0.207546,-0.671421,0.504075,0.024860,-2.349190,0.028735,1.334105,-2.184020,-1.211899,3.569247,0.098253,-0.139386,-0.136990,0.175287,0.148061,-0.159207,-0.002262,0.004327
7.524002,-0.873790,-2.054536,1.693884,1.842193,-1.161959,0.543923,0.220498,-0.391142,-0.536909,0.699923,0.199026,-0.671985,0.502725,0.025427,-2.349330,0.028592,1.334278,-2.183868,-1.212064,3.569246,0.098260,-0.139597,-0.139398,0.175617,0.148043,-0.160979,-0.002534,0.005743
7.525067,-0.869437,-2.054742,1.690987,1.843910,-1.158920,0.541005,0.222403,-0.407840,-0.520135,0.683050,0.182691,-0.672906,0.500208,0.026589,-2.349627,0.028309,1.334647,-2.183552,-1.212409,3.569249,0.098272,-0.144714,-0.141544,0.181014,0.152793,-0.166737,-0.000440,0.005691
7.526025,-0.875598,-2.059780,1.695951,1.844602,-1.157029,0.539355,0.222973,-0.416997,-0.511060,0.673893,0.173562,-0.673431,0.498847,0.027168,-2.349765,0.028169,1.334824,-2.183391,-1.212584,3.569252,0.098282,-0.142270,-0.141736,0.179162,0.154929,-0.168461,0.000005,0.007409
7.526970,-0.876844,-2.061550,1.691712,1.848170,-1.156350,0.537584,0.224520,-0.416997,-0.511060,0.673893,0.173562,-0.673431,0.498847,0.027168,-2.349765,0.028169,1.334824,-2.183391,-1.212584,3.569252,0.098282,-0.142270,-0.141736,0.179162,0.154929,-0.168461,0.000005,0.007409
7.528136,-0.876174,-2.070353,1.693709,1.854775,-1.155882,0.536781,0.225355,-0.428119,-0.500854,0.662682,0.164397,-0.673901,0.497342,0.027745,-2.349907,0.028019,1.335010,-2.183237,-1.212756,3.569253,0.098288,-0.142486,-0.143810,0.182087,0.154852,-0.169122,0.000528,0.007300
7.529009,-0.874372,-2.075150,1.694312,1.853544,-1.153964,0.535480,0.227041,-0.442400,-0.489494,0.648266,0.157294,-0.674050,0.495762,0.028321,-2.350057,0.027872,1.335194,-2.183086,-1.212929,3.569251,0.098301,-0.144132,-0.143454,0.182542,0.153498,-0.169966,-0.000195,0.009328
7.530042,-0.870593,-2.077930,1.695135,1.857277,-1.152439,0.534551,0.229281,-0.456811,-0.479185,0.633686,0.153081,-0.673862,0.494293,0.028893,-2.350207,0.027731,1.335379,-2.182923,-1.213107,3.569254,0.098308,-0.145560,-0.143744,0.182790,0.157545,-0.171700,-0.000052,0.008697
7.531071,-0.874917,-2.082488,1.696109,1.859783,-1.150439,0.533948,0.229201,-0.467253,-0.471862,0.622956,0.149970,-0.673633,0.493036,0.029465,-2.350361,0.027579,1.335562,-2.182764,-1.213282,3.569250,0.098313,-0.148352,-0.145724,0.183456,0.157839,-0.173341,-0.000465,0.007496
7.532064,-0.876824,-2.085143,1.694949,1.863530,-1.149260,0.530935,0.231553,-0.473556,-0.466962,0.616220,0.147223,-0.673406,0.491996,0.030063,-2.350509,0.027431,1.335748,-2.182599,-1.213462,3.569248,0.098334,-0.147118,-0.146811,0.183991,0.159246,-0.175401,-0.001203,0.010913
7.533039,-0.870563,-2.091469,1.694776,1.866291,-1.147094,0.530734,0.232960,-0.479492,-0.462310,0.609759,0.145566,-0.672978,0.491065,0.030706,-2.350654,0.027279,1.335937,-2.182440,-1.213643,3.569254,0.098339,-0.147077,-0.148633,0.185449,0.159235,-0.176560,0.000491,0.009318
7.533985,-0.870827,-2.097042,1.694956,1.865818,-1.145303,0.529363,0.234600,-0.486395,-0.457393,0.602310,0.145637,-0.672259,0.490195,0.031371,-2.350814,0.027127,1.336123,-2.182279,-1.213821,3.569249,0.098351,-0.150917,-0.148507,0.186383,0.160041,-0.178710,-0.000587,0.009591
7.535049,-0.871998,-2.100539,1.699723,1.870564,-1.143550,0.528053,0.236390,-0.491119,-0.454197,0.597017,0.146632,-0.671453,0.489468,0.032019,-2.350968,0.026978,1.336311,-2.182110,-1.214004,3.569249,0.098358,-0.151417,-0.148678,0.187027,0.163703,-0.180382,-0.000447,0.009302
7.536091,-0.875986,-2.105709,1.698060,1.875264,-1.144278,0.526496,0.238047,-0.492011,-0.453547,0.595448,0.147280,-0.670762,0.488900,0.032626,-2.351123,0.026824,1.336497,-2.181947,-1.214191,3.569249,0.098368,-0.151808,-0.150429,0.185758,0.163140,-0.182188,-0.000536,0.009091
7.537037,-0.873194,-2.109932,1.695295,1.877452,-1.139435,0.524665,0.240606,-0.491223,-0.454160,0.595484,0.148808,-0.670001,0.488473,0.033174,-2.351275,0.026670,1.336688,-2.181784,-1.214373,3.569249,0.098379,-0.150734,-0.151197,0.187619,0.162473,-0.181502,-0.000345,0.009069
7.538071,-0.870255,-2.118572,1.693802,1.880964,-1.137366,0.523257,0.241249,-0.492312,-0.454360,0.593721,0.152940,-0.668892,0.488108,0.033654,-2.351431,0.026517,1.336885,-2.181619,-1.214571,3.569250,0.098383,-0.152809,-0.151989,0.189643,0.163556,-0.186126,0.000242,0.006944
7.539086,-0.870704,-2.122230,1.696069,1.884589,-1.138229,0.521497,0.242934,-0.495491,-0.454443,0.590033,0.159838,-0.667377,0.487759,0.034080,-2.351592,0.026366,1.337078,-2.181452,-1.214763,3.569251,0.098394,-0.155099,-0.151013,0.191333,0.163928,-0.188120,0.000277,0.008959
7.540036,-0.872364,-2.123269,1.703666,1.887011,-1.137765,0.520532,0.244466,-0.498186,-0.456004,0.586932,0.169212,-0.665523,0.487488,0.034485,-2.351749,0.026210,1.337270,-2.181290,-1.214947,3.569254,0.098402,-0.155675,-0.152425,0.191086,0.164150,-0.187221,0.000691,0.008787
7.541203,-0.871560,-2.129684,1.699188,1.890663,-1.138725,0.518963,0.245938,-0.498346,-0.459373,0.586368,0.180428,-0.663445,0.487367,0.034899,-2.351904,0.026051,1.337452,-2.181121,-1.215137,3.569251,0.098409,-0.155504,-0.154759,0.188091,0.164914,-0.187513,0.000420,0.008735
7.542086,-0.870163,-2.130576,1.699092,1.892208,-1.137244,0.516614,0.247449,-0.495936,-0.463548,0.588397,0.192378,-0.661270,0.487387,0.035359,-2.352068,0.025892,1.337649,-2.180952,-1.215323,3.569250,0.098419,-0.157056,-0.155477,0.191715,0.166117,-0.186799,0.000463,0.009492
7.543067,-0.873926,-2.134888,1.700615,1.895753,-1.140063,0.515982,0.248441,-0.493386,-0.466912,0.590678,0.204006,-0.659067,0.487399,0.035899,-2.352229,0.025729,1.337845,-2.180784,-1.215515,3.569252,0.098429,-0.158173,-0.157512,0.192174,0.167287,-0.187970,0.001649,0.009247
7.544000,-0.878607,-2.142354,1.698199,1.896449,-1.139180,0.515739,0.250143,-0.492560,-0.468392,0.591324,0.214971,-0.656836,0.487295,0.036518,-2.352381,0.025568,1.338037,-2.180617,-1.215694,3.569251,0.098441,-0.157052,-0.158318,0.192212,0.167188,-0.185098,0.000979,0.010369
7.545044,-0.876248,-2.141869,1.701772,1.900611,-1.137981,0.513765,0.251170,-0.495138,-0.467631,0.588567,0.225271,-0.654568,0.487009,0.037199,-2.352535,0.025412,1.338234,-2.180443,-1.215879,3.569247,0.098447,-0.155334,-0.157371,0.194029,0.169481,-0.185854,0.000021,0.009909
7.546032,-0.871584,-2.149935,1.700387,1.899897,-1.140067,0.512404,0.253220,-0.501782,-0.464608,0.581743,0.234762,-0.652285,0.486525,0.037941,-2.352694,0.025243,1.338429,-2.180273,-1.216070,3.569250,0.098459,-0.157423,-0.160857,0.193171,0.169171,-0.187035,0.000623,0.011164
7.546972,-0.876297,-2.148305,1.702693,1.902758,-1.139084,0.511738,0.254695,-0.508669,-0.460820,0.574691,0.242566,-0.650215,0.485973,0.038738,-2.352862,0.025086,1.338626,-2.180093,-1.216251,3.569249,0.098467,-0.160379,-0.159835,0.194644,0.173146,-0.184889,0.000684,0.010173
7.548007,-0.883003,-2.152897,1.707591,1.907469,-1.137020,0.510257,0.256673,-0.513092,-0.457300,0.570048,0.247360,-0.648660,0.485407,0.039559,-2.353017,0.024915,1.338821,-2.179921,-1.216441,3.569248,0.098478,-0.158607,-0.163357,0.194112,0.173280,-0.185704,0.000114,0.010196
7.548986,-0.880446,-2.156965,1.710281,1.908040,-1.136449,0.508929,0.258781,-0.517617,-0.452506,0.565185,0.250430,-0.647451,0.484795,0.040365,-2.353167,0.024749,1.339009,-2.179750,-1.216629,3.569248,0.098487,-0.156198,-0.164227,0.192675,0.172355,-0.187771,0.000244,0.009510
7.550071,-0.875073,-2.167888,1.703863,1.910247,-1.134758,0.508524,0.260073,-0.522969,-0.446298,0.559431,0.253618,-0.646351,0.484188,0.041115,-2.353330,0.024579,1.339198,-2.179569,-1.216818,3.569248,0.098493,-0.158169,-0.165058,0.192159,0.174933,-0.188211,0.000280,0.008399
7.551096,-0.876955,-2.168411,1.705430,1.913881,-1.133207,0.506462,0.262472,-0.525970,-0.441268,0.556064,0.256154,-0.645521,0.483646,0.041803,-2.353497,0.024421,1.339404,-2.179391,-1.217013,3.569246,0.098502,-0.161755,-0.163095,0.196377,0.176717,-0.189922,-0.000736,0.009268
7.551974,-0.881005,-2.167736,1.713511,1.913019,-1.132929,0.507026,0.262681,-0.526016,-0.438458,0.555703,0.257699,-0.644962,0.483155,0.042448,-2.353660,0.024249,1.339597,-2.179212,-1.217205,3.569248,0.098509,-0.161553,-0.165952,0.196479,0.176600,-0.191402,-0.000014,0.007700
7.553082,-0.882682,-2.176005,1.712734,1.918990,-1.132393,0.504228,0.265146,-0.524718,-0.436200,0.556629,0.258381,-0.644540,0.482700,0.043078,-2.353819,0.024076,1.339785,-2.179026,-1.217398,3.569242,0.098523,-0.159934,-0.168615,0.192929,0.179728,-0.191325,-0.001721,0.010074
7.554036,-0.873332,-2.178133,1.709588,1.918537,-1.130339,0.502149,0.266601,-0.522555,-0.433553,0.558339,0.258291,-0.644199,0.482315,0.043717,-2.353979,0.023907,1.339985,-2.178852,-1.217589,3.569246,0.098526,-0.160137,-0.167966,0.194474,0.177986,-0.191961,-0.000372,0.008636
7.555026,-0.878294,-2.180094,1.710045,1.922103,-1.130962,0.500808,0.267473,-0.518848,-0.431484,0.561623,0.258194,-0.643837,0.482016,0.044374,-2.354155,0.023733,1.340187,-2.178660,-1.217787,3.569249,0.098537,-0.165284,-0.169606,0.196648,0.181153,-0.193775,0.000430,0.008753
7.555960,-0.888086,-2.180913,1.721121,1.926119,-1.131388,0.499747,0.269610,-0.513580,-0.429991,0.566476,0.257934,-0.643423,0.481743,0.045070,-2.354311,0.023560,1.340383,-2.178481,-1.217979,3.569248,0.098552,-0.163504,-0.171515,0.197173,0.180821,-0.192992,0.000466,0.010131
7.557087,-0.881399,-2.188500,1.714202,1.929386,-1.131920,0.498607,0.270580,-0.509196,-0.427359,0.570315,0.258423,-0.642763,0.481445,0.045816,-2.354463,0.023381,1.340566,-2.178302,-1.218170,3.569249,0.098561,-0.159241,-0.173642,0.192342,0.179618,-0.192344,0.000292,0.008783
7.558078,-0.873118,-2.188174,1.711382,1.930101,-1.131948,0.496202,0.272501,-0.506887,-0.423267,0.572031,0.261294,-0.641654,0.481165,0.046588,-2.354638,0.023209,1.340771,-2.178119,-1.218361,3.569248,0.098572,-0.163568,-0.173396,0.197002,0.180576,-0.191949,-0.000046,0.010434
7.558969,-0.883540,-2.190271,1.715195,1.932223,-1.131752,0.495862,0.272708,-0.504789,-0.418967,0.573688,0.265550,-0.640312,0.480913,0.047376,-2.354814,0.023024,1.340978,-2.177931,-1.218556,3.569249,0.098581,-0.168231,-0.176337,0.199039,0.182928,-0.191762,0.001066,0.009703
7.559992,-0.883413,-2.192398,1.722237,1.931722,-1.131751,0.494995,0.274552,-0.502763,-0.414158,0.575340,0.269567,-0.639002,0.480604,0.048177,-2.354969,0.022844,1.341172,-2.177746,-1.218748,3.569246,0.098598,-0.163433,-0.177571,0.197587,0.183136,-0.191656,0.000236,0.012107
7.560998,-0.874208,-2.199763,1.713898,1.936656,-1.130466,0.493796,0.277437,-0.501853,-0.407996,0.575704,0.272490,-0.637863,0.480177,0.048976,-2.355137,0.022664,1.341363,-2.177552,-1.218941,3.569245,0.098610,-0.164256,-0.179477,0.194998,0.186831,-0.191577,-0.000231,0.011613
7.562030,-0.869677,-2.204499,1.714245,1.937213,-1.129335,0.491692,0.278486,-0.499723,-0.402222,0.577130,0.274235,-0.636991,0.479738,0.049728,-2.355319,0.022485,1.341572,-2.177370,-1.219138,3.569245,0.098612,-0.169402,-0.178667,0.199926,0.185151,-0.192722,-0.000352,0.009033
7.563052,-0.874761,-2.208792,1.719151,1.940272,-1.126142,0.490311,0.280168,-0.493331,-0.399588,0.582804,0.275952,-0.636313,0.479421,0.050407,-2.355498,0.022307,1.341777,-2.177177,-1.219334,3.569246,0.098626,-0.172236,-0.179341,0.200512,0.187874,-0.193760,0.000401,0.010219
7.564024,-0.878886,-2.212826,1.723546,1.942579,-1.126124,0.488511,0.281340,-0.482133,-0.400898,0.593185,0.278231,-0.635704,0.479222,0.051039,-2.355663,0.022122,1.341977,-2.176987,-1.219535,3.569244,0.098636,-0.170387,-0.180084,0.198870,0.188008,-0.196808,0.000441,0.010070
7.564956,-0.868489,-2.214761,1.719908,1.944718,-1.127192,0.488319,0.282376,-0.467892,-0.405187,0.606380,0.281642,-0.634952,0.479081,0.051661,-2.355831,0.021938,1.342172,-2.176797,-1.219732,3.569246,0.098650,-0.168903,-0.180730,0.197411,0.188573,-0.196584,0.000959,0.010795
7.566006,-0.864781,-2.215337,1.719469,1.948149,-1.126886,0.486165,0.283220,-0.451460,-0.411910,0.621654,0.286801,-0.633902,0.479028,0.052305,-2.356017,0.021754,1.342377,-2.176608,-1.219925,3.569244,0.098664,-0.174412,-0.182232,0.199758,0.189006,-0.195259,-0.000081,0.011648
7.567090,-0.870076,-2.221588,1.723473,1.950658,-1.127314,0.484979,0.284258,-0.431775,-0.420997,0.640273,0.293583,-0.632565,0.479161,0.052998,-2.356198,0.021562,1.342578,-2.176419,-1.220118,3.569247,0.098681,-0.176856,-0.184915,0.200865,0.189033,-0.195548,0.000698,0.013256
7.567986,-0.874499,-2.222047,1.727662,1.952255,-1.128623,0.484011,0.286928,-0.409953,-0.431392,0.661140,0.301791,-0.630908,0.479444,0.053745,-2.356369,0.021375,1.342775,-2.176223,-1.220308,3.569247,0.098700,-0.174991,-0.184935,0.199904,0.190116,-0.195169,0.000451,0.014572
7.569125,-0.869773,-2.225658,1.724221,1.957274,-1.128422,0.482342,0.287232,-0.388941,-0.441658,0.681204,0.310863,-0.628941,0.479718,0.054526,-2.356538,0.021185,1.342973,-2.176034,-1.220499,3.569247,0.098705,-0.173144,-0.186945,0.198267,0.190804,-0.193558,0.000241,0.012043
7.570035,-0.862208,-2.227919,1.721249,1.957883,-1.129687,0.481094,0.289275,-0.370753,-0.450756,0.698519,0.320730,-0.626665,0.479908,0.055337,-2.356721,0.020993,1.343179,-2.175843,-1.220690,3.569247,0.098727,-0.176382,-0.188527,0.201167,0.189894,-0.193927,0.000412,0.015045
7.570992,-0.867727,-2.229360,1.724098,1.956865,-1.133545,0.480891,0.288725,-0.354823,-0.458937,0.713818,0.331479,-0.624141,0.480043,0.056191,-2.356912,0.020802,1.343388,-2.175646,-1.220878,3.569247,0.098739,-0.180308,-0.189660,0.203012,0.191525,-0.192412,0.000463,0.013783
7.572008,-0.871026,-2.232767,1.731407,1.959512,-1.133039,0.479040,0.290514,-0.340041,-0.466597,0.728141,0.340990,-0.621767,0.480077,0.057099,-2.357084,0.020606,1.343589,-2.175445,-1.221060,3.569247,0.098767,-0.177957,-0.191390,0.202172,0.195034,-0.188442,-0.000598,0.017887
7.573020,-0.867349,-2.231706,1.731600,1.961151,-1.133897,0.478665,0.291641,-0.326694,-0.473313,0.740997,0.346972,-0.619952,0.479916,0.058050,-2.357258,0.020411,1.343781,-2.175249,-1.221251,3.569247,0.098782,-0.176937,-0.192425,0.199416,0.195396,-0.188915,-0.000071,0.017456
7.574037,-0.858870,-2.235618,1.728120,1.965490,-1.133728,0.476216,0.293770,-0.314044,-0.479262,0.753111,0.349615,-0.618757,0.479630,0.058999,-2.357444,0.020210,1.343982,-2.175051,-1.221441,3.569247,0.098800,-0.179273,-0.195633,0.200138,0.196726,-0.187981,-0.001036,0.018378
7.575100,-0.866228,-2.235803,1.737821,1.968199,-1.131516,0.474839,0.295433,-0.300361,-0.485238,0.766329,0.350412,-0.618045,0.479379,0.059899,-2.357635,0.020012,1.344189,-2.174858,-1.221627,3.569248,0.098813,-0.183948,-0.196371,0.202635,0.195487,-0.188131,0.000089,0.017304
7.576095,-0.871403,-2.242127,1.742647,1.970885,-1.132814,0.472147,0.296311,-0.284884,-0.491839,0.781354,0.351122,-0.617578,0.479262,0.060741,-2.357811,0.019810,1.344380,-2.174659,-1.221820,3.569248,0.098831,-0.180908,-0.199187,0.198786,0.196138,-0.190361,0.000058,0.017317
7.577002,-0.860713,-2.239548,1.733283,1.970616,-1.132307,0.470721,0.297604,-0.268674,-0.498957,0.796962,0.352598,-0.617148,0.479235,0.061556,-2.357985,0.019610,1.344574,-2.174461,-1.222006,3.569250,0.098852,-0.178883,-0.198577,0.197211,0.196284,-0.188966,0.001447,0.018672
7.578068,-0.860521,-2.244540,1.736040,1.978239,-1.133130,0.471141,0.298968,-0.253722,-0.505942,0.811214,0.353986,-0.616744,0.479134,0.062397,-2.358181,0.019400,1.344784,-2.174256,-1.222196,3.569247,0.098870,-0.184371,-0.201932,0.202320,0.198588,-0.189230,0.001684,0.018909
7.578955,-0.864308,-2.245619,1.742140,1.978968,-1.134137,0.468636,0.300205,-0.240883,-0.512427,0.823394,0.355432,-0.616262,0.478951,0.063288,-2.358367,0.019197,1.344987,-2.174072,-1.222383,3.569246,0.098891,-0.185020,-0.202305,0.201823,0.194607,-0.188452,-0.000147,0.019512
7.579984,-0.867701,-2.247707,1.748895,1.981108,-1.135462,0.467775,0.302535,-0.229274,-0.519232,0.834320,0.358795,-0.615467,0.478852,0.064224,-2.358546,0.018988,1.345177,-2.173872,-1.222566,3.569250,0.098911,-0.183305,-0.203708,0.199273,0.195901,-0.187213,0.001199,0.019792
7.581143,-0.865234,-2.247928,1.745136,1.986175,-1.140239,0.466203,0.303102,-0.217857,-0.526985,0.844911,0.363572,-0.614438,0.478844,0.065196,-2.358727,0.018780,1.345369,-2.173670,-1.222748,3.569248,0.098925,-0.182181,-0.205326,0.196846,0.196745,-0.185926,0.000698,0.018354
7.582048,-0.859630,-2.250132,1.742882,1.988630,-1.139685,0.465809,0.304862,-0.207665,-0.534556,0.854247,0.368211,-0.613361,0.478823,0.066213,-2.358912,0.018565,1.345578,-2.173478,-1.222924,3.569246,0.098950,-0.184305,-0.208451,0.199940,0.195893,-0.181460,0.000765,0.020866
7.583034,-0.862078,-2.254671,1.753264,1.990810,-1.141188,0.465152,0.306379,-0.200402,-0.540738,0.860801,0.372953,-0.612217,0.478769,0.067282,-2.359107,0.018349,1.345780,-2.173282,-1.223105,3.569246,0.098968,-0.187191,-0.209277,0.201492,0.195656,-0.181882,-0.000039,0.020141
7.584005,-0.864461,-2.251880,1.750445,1.994204,-1.140831,0.464216,0.307995,-0.193596,-0.547203,0.866984,0.378088,-0.611048,0.478805,0.068375,-2.359293,0.018141,1.345970,-2.173086,-1.223283,3.569246,0.098988,-0.186321,-0.209430,0.197076,0.196307,-0.180364,-0.000673,0.020185
7.585106,-0.859763,-2.254290,1.752438,1.997535,-1.140744,0.463245,0.309722,-0.185710,-0.554887,0.874222,0.383578,-0.609893,0.478987,0.069464,-2.359476,0.017920,1.346174,-2.172890,-1.223466,3.569246,0.099009,-0.185506,-0.213076,0.199174,0.195593,-0.180667,-0.001010,0.019975
7.586011,-0.852604,-2.256667,1.750543,1.999492,-1.140356,0.461877,0.310850,-0.179654,-0.561659,0.879689,0.389702,-0.608663,0.479208,0.070536,-2.359672,0.017700,1.346372,-2.172692,-1.223649,3.569244,0.099029,-0.188476,-0.214721,0.199268,0.195912,-0.180913,-0.001476,0.019967
7.587085,-0.853761,-2.262100,1.756461,2.001581,-1.138008,0.459955,0.313043,-0.174317,-0.567906,0.884570,0.396424,-0.607410,0.479490,0.071580,-2.359870,0.017484,1.346577,-2.172496,-1.223831,3.569244,0.099051,-0.192095,-0.215473,0.200633,0.196165,-0.181115,-0.001291,0.020526
7.588008,-0.855874,-2.263279,1.760816,2.004291,-1.136471,0.459483,0.314462,-0.165757,-0.576179,0.892713,0.403212,-0.606310,0.479916,0.072571,-2.360063,0.017268,1.346770,-2.172298,-1.224020,3.569245,0.099069,-0.192017,-0.215524,0.198725,0.197514,-0.183539,-0.000782,0.019488
7.589114,-0.848865,-2.267464,1.757366,2.006932,-1.135892,0.457085,0.317087,-0.153102,-0.587301,0.904888,0.409989,-0.605392,0.480476,0.073497,-2.360256,0.017051,1.346965,-2.172096,-1.224208,3.569242,0.099087,-0.191087,-0.216965,0.197131,0.196994,-0.184858,-0.001516,0.019540
7.590126,-0.846094,-2.269726,1.757182,2.008737,-1.130917,0.455097,0.318936,-0.137602,-0.600577,0.919908,0.417104,-0.604580,0.481120,0.074372,-2.360457,0.016831,1.347172,-2.171897,-1.224394,3.569247,0.099098,-0.195169,-0.217774,0.199906,0.198038,-0.185568,-0.000587,0.017769
7.591035,-0.850314,-2.271469,1.769315,2.010374,-1.131100,0.453809,0.320842,-0.120472,-0.615162,0.936624,0.424326,-0.603851,0.481746,0.075236,-2.360657,0.016607,1.347374,-2.171694,-1.224596,3.569245,0.099115,-0.196824,-0.219023,0.200761,0.199087,-0.190394,0.000082,0.017256
7.591990,-0.851565,-2.270060,1.768374,2.012565,-1.129198,0.451167,0.322664,-0.101234,-0.630993,0.955373,0.431227,-0.603240,0.482333,0.076129,-2.360848,0.016384,1.347560,-2.171497,-1.224787,3.569244,0.099128,-0.194798,-0.220028,0.195276,0.199636,-0.189894,0.000173,0.016292
7.593053,-0.848171,-2.273615,1.765068,2.011825,-1.127011,0.451668,0.323618,-0.080241,-0.647378,0.975690,0.437854,-0.602739,0.482889,0.077083,-2.361042,0.016156,1.347756,-2.171294,-1.224983,3.569247,0.099146,-0.194410,-0.222798,0.196481,0.199858,-0.191581,0.001554,0.015637
7.594023,-0.845141,-2.270955,1.762235,2.012227,-1.126557,0.450006,0.325956,-0.061260,-0.661807,0.993919,0.443466,-0.602362,0.483246,0.078138,-2.361243,0.015931,1.347961,-2.171081,-1.225181,3.569242,0.099165,-0.196539,-0.223623,0.199045,0.203637,-0.193717,-0.000342,0.017073
7.595043,-0.848148,-2.276495,1.770853,2.014511,-1.124685,0.448829,0.326453,-0.047469,-0.672035,1.006969,0.446079,-0.602276,0.483215,0.079313,-2.361441,0.015695,1.348167,-2.170873,-1.225379,3.569243,0.099178,-0.198260,-0.227000,0.201057,0.205615,-0.193926,0.000061,0.015421
7.595990,-0.844683,-2.272822,1.771064,2.015750,-1.122550,0.447569,0.328525,-0.038059,-0.678254,1.015592,0.445180,-0.602546,0.482832,0.080580,-2.361635,0.015469,1.348357,-2.170666,-1.225574,3.569243,0.099203,-0.197107,-0.226593,0.197640,0.206128,-0.195708,-0.000107,0.017629
7.597102,-0.842038,-2.280008,1.769316,2.018923,-1.121320,0.445738,0.329853,-0.030065,-0.682208,1.022738,0.442259,-0.603028,0.482316,0.081887,-2.361839,0.015232,1.348557,-2.170453,-1.225779,3.569241,0.099217,-0.198948,-0.230364,0.198177,0.207007,-0.197503,-0.000077,0.016429
7.598024,-0.838313,-2.280001,1.768034,2.021211,-1.119908,0.443658,0.330635,-0.022292,-0.684786,1.029737,0.438801,-0.603552,0.481802,0.083184,-2.362042,0.015004,1.348758,-2.170245,-1.225977,3.569242,0.099236,-0.200786,-0.229557,0.200163,0.207334,-0.198758,0.000287,0.017274
7.599075,-0.843508,-2.284066,1.776676,2.023726,-1.116485,0.442202,0.332106,-0.015033,-0.686586,1.036368,0.436226,-0.603964,0.481314,0.084443,-2.362249,0.014765,1.348961,-2.170034,-1.226179,3.569241,0.099257,-0.202619,-0.231341,0.201278,0.206989,-0.199821,0.001171,0.018581
7.600006,-0.842147,-2.288161,1.777497,2.023746,-1.116232,0.442386,0.333316,-0.007866,-0.688402,1.042958,0.435676,-0.604139,0.480900,0.085651,-2.362443,0.014533,1.349156,-2.169829,-1.226392,3.569241,0.099276,-0.200452,-0.231771,0.197902,0.207580,-0.203029,0.001233,0.018918
7.601012,-0.836606,-2.291087,1.769557,2.025112,-1.113431,0.441414,0.334980,0.000267,-0.691036,1.050472,0.436828,-0.604136,0.480603,0.086804,-2.362647,0.014299,1.349352,-2.169615,-1.226596,3.569239,0.099297,-0.201182,-0.231571,0.198121,0.209552,-0.202899,-0.000172,0.019390
7.602097,-0.839502,-2.294430,1.773713,2.028760,-1.108607,0.439015,0.336114,0.008747,-0.694490,1.058350,0.438378,-0.604119,0.480355,0.087903,-2.362858,0.014065,1.349563,-2.169405,-1.226804,3.569236,0.099317,-0.204117,-0.232345,0.202778,0.210808,-0.205466,-0.000496,0.019196
7.603130,-0.840092,-2.295629,1.775821,2.030876,-1.110471,0.437402,0.337938,0.014971,-0.697420,1.064027,0.440304,-0.604005,0.480028,0.088958,-2.363058,0.013827,1.349764,-2.169193,-1.227020,3.569239,0.099339,-0.203117,-0.233261,0.201665,0.210328,-0.210109,0.000473,0.020329
7.603995,-0.836668,-2.297668,1.775428,2.028950,-1.107820,0.436448,0.339686,0.017757,-0.698878,1.066243,0.443487,-0.603628,0.479597,0.089988,-2.363262,0.013589,1.349966,-2.168979,-1.227228,3.569239,0.099357,-0.203126,-0.234985,0.201469,0.210965,-0.207963,0.000722,0.019894
7.605076,-0.833351,-2.302614,1.775246,2.031285,-1.110156,0.435180,0.339881,0.018055,-0.698885,1.065925,0.446846,-0.603183,0.479065,0.091019,-2.363474,0.013355,1.350169,-2.168758,-1.227445,3.569238,0.099377,-0.204620,-0.235473,0.201977,0.214218,-0.210057,0.000538,0.019087
7.606088,-0.831342,-2.302661,1.772222,2.035341,-1.108129,0.433558,0.341558,0.017941,-0.698536,1.065211,0.448391,-0.603012,0.478433,0.092076,-2.363684,0.013117,1.350372,-2.168539,-1.227649,3.569241,0.099408,-0.206640,-0.235549,0.203056,0.214859,-0.207589,0.000369,0.022066
7.607079,-0.828498,-2.303757,1.773891,2.037025,-1.105666,0.431904,0.342559,0.017759,-0.698303,1.064523,0.448742,-0.603068,0.477745,0.093167,-2.363896,0.012879,1.350581,-2.168329,-1.227866,3.569240,0.099426,-0.207781,-0.237756,0.205268,0.213444,-0.209317,0.000674,0.021847
7.608141,-0.826845,-2.304741,1.776743,2.039582,-1.103870,0.431619,0.344253,0.016092,-0.697240,1.062482,0.449951,-0.603014,0.477046,0.094280,-2.364105,0.012636,1.350785,-2.168116,-1.228083,3.569242,0.099451,-0.209329,-0.239251,0.205091,0.214234,-0.211406,0.001012,0.022929
7.609014,-0.827144,-2.304010,1.773799,2.037364,-1.102705,0.430308,0.344566,0.013703,-0.695280,1.059807,0.452501,-0.602710,0.476414,0.095412,-2.364320,0.012388,1.350985,-2.167898,-1.228302,3.569238,0.099474,-0.210396,-0.241102,0.204620,0.214557,-0.212920,-0.000088,0.022837
7.610008,-0.824570,-2.309201,1.776809,2.039621,-1.102467,0.428581,0.347003,0.005792,-0.686945,1.051390,0.455490,-0.601919,0.475131,0.097752,-2.364743,0.011903,1.351396,-2.167455,-1.228728,3.569239,0.099521,-0.211421,-0.242380,0.205564,0.218125,-0.213423,0.000508,0.023105
7.611110,-0.827271,-2.309921,1.782256,2.043758,-1.099787,0.426731,0.349391,0.005792,-0.686945,1.051390,0.455490,-0.601919,0.475131,0.097752,-2.364743,0.011903,1.351396,-2.167455,-1.228728,3.569239,0.099521,-0.211421,-0.242380,0.205564,0.218125,-0.213423,0.000508,0.023105
7.612034,-0.823114,-2.309081,1.782237,2.043270,-1.098662,0.425731,0.349794,0.001074,-0.681709,1.046349,0.454886,-0.601631,0.474433,0.098910,-2.364951,0.011655,1.351599,-2.167238,-1.228951,3.569239,0.099541,-0.210486,-0.244589,0.203883,0.217164,-0.215899,0.000905,0.021780
7.613000,-0.824110,-2.310808,1.781212,2.045104,-1.095095,0.424849,0.352734,-0.005564,-0.671429,1.039128,0.453546,-0.601017,0.473267,0.101104,-2.365378,0.011151,1.352012,-2.166792,-1.229390,3.569240,0.099582,-0.211971,-0.247551,0.205450,0.219544,-0.219625,0.000292,0.020962
7.614031,-0.826766,-2.315210,1.786673,2.047738,-1.092861,0.422983,0.354157,-0.005564,-0.671429,1.039128,0.453546,-0.601017,0.473267,0.101104,-2.365378,0.011151,1.352012,-2.166792,-1.229390,3.569240,0.099582,-0.211971,-0.247551,0.205450,0.219544,-0.219625,0.000292,0.020962
7.614978,-0.824280,-2.315492,1.786267,2.048483,-1.089868,0.422042,0.356162,-0.009997,-0.665240,1.034568,0.452818,-0.600703,0.472657,0.102153,-2.365589,0.010904,1.352213,-2.166576,-1.229618,3.569241,0.099605,-0.210848,-0.247544,0.203549,0.219584,-0.221423,0.000807,0.021356
7.615998,-0.822390,-2.316416,1.787529,2.048448,-1.088909,0.420324,0.358227,-0.015256,-0.659090,1.029296,0.452847,-0.600355,0.472010,0.103180,-2.365800,0.010650,1.352420,-2.166351,-1.229844,3.569239,0.099621,-0.212098,-0.249112,0.204291,0.220690,-0.223881,0.000504,0.020300
7.616994,-0.821295,-2.313001,1.787424,2.047613,-1.089022,0.420050,0.359184,-0.020423,-0.653275,1.024257,0.452663,-0.600172,0.471322,0.104210,-2.366019,0.010395,1.352624,-2.166120,-1.230071,3.569241,0.099638,-0.213134,-0.250692,0.204424,0.222976,-0.224388,0.000880,0.019366
7.617986,-0.819226,-2.318325,1.786796,2.047783,-1.082599,0.419348,0.361108,-0.025946,-0.646639,1.018996,0.450059,-0.600486,0.470511,0.105274,-2.366231,0.010136,1.352833,-2.165890,-1.230297,3.569238,0.099660,-0.213780,-0.254302,0.205133,0.225885,-0.223814,-0.000150,0.020574
7.619041,-0.817746,-2.317643,1.791307,2.050043,-1.079754,0.418095,0.361868,-0.032569,-0.638381,1.012688,0.443713,-0.601486,0.469515,0.106390,-2.366448,0.009882,1.353038,-2.165658,-1.230540,3.569236,0.099676,-0.214846,-0.253515,0.206124,0.227698,-0.229661,-0.000736,0.019816
7.619999,-0.823077,-2.321031,1.789645,2.050621,-1.074874,0.415374,0.364364,-0.039109,-0.629760,1.006425,0.434710,-0.603037,0.468427,0.107548,-2.366667,0.009623,1.353241,-2.165430,-1.230774,3.569236,0.099699,-0.215765,-0.256070,0.204746,0.228010,-0.232039,-0.000868,0.021603
7.621019,-0.820152,-2.321955,1.791891,2.052756,-1.069528,0.414034,0.365442,-0.045848,-0.621270,0.999884,0.425089,-0.604832,0.467294,0.108726,-2.366875,0.009366,1.353451,-2.165197,-1.231020,3.569238,0.099716,-0.213113,-0.256062,0.206113,0.229162,-0.236208,0.000601,0.019572
7.621996,-0.820656,-2.322960,1.791061,2.054545,-1.068430,0.412823,0.367236,-0.055203,-0.612224,0.990685,0.416502,-0.606553,0.466043,0.109899,-2.367096,0.009103,1.353654,-2.164965,-1.231271,3.569237,0.099739,-0.214684,-0.257558,0.205760,0.229221,-0.240896,0.000591,0.020618
7.623075,-0.816466,-2.324584,1.792373,2.055577,-1.060514,0.412235,0.368584,-0.067185,-0.602939,0.978871,0.410188,-0.607996,0.464713,0.111036,-2.367310,0.008845,1.353863,-2.164737,-1.231515,3.569238,0.099755,-0.214439,-0.258855,0.206781,0.229406,-0.241278,0.000514,0.020076
7.623992,-0.815305,-2.324625,1.791833,2.055129,-1.056554,0.410736,0.369908,-0.080406,-0.593997,0.965891,0.406475,-0.609106,0.463403,0.112110,-2.367530,0.008580,1.354069,-2.164500,-1.231775,3.569235,0.099778,-0.216795,-0.260268,0.207052,0.230939,-0.248609,-0.000304,0.020755
7.625060,-0.817030,-2.329730,1.794611,2.054580,-1.052542,0.409177,0.371150,-0.093473,-0.585869,0.953142,0.404629,-0.609927,0.462151,0.113125,-2.367749,0.008317,1.354276,-2.164261,-1.232036,3.569238,0.099801,-0.217159,-0.261683,0.207740,0.232651,-0.251579,-0.000016,0.020943
7.626049,-0.812838,-2.331736,1.793757,2.054768,-1.050303,0.408479,0.372642,-0.105782,-0.578899,0.941142,0.403195,-0.610604,0.460884,0.114097,-2.367962,0.008056,1.354482,-2.164021,-1.232302,3.569238,0.099823,-0.216572,-0.261329,0.207259,0.235595,-0.254862,0.000133,0.021799
7.627011,-0.808757,-2.333855,1.793666,2.059122,-1.049709,0.406748,0.373836,-0.125807,-0.570806,0.921627,0.397231,-0.612161,0.458145,0.115989,-2.368414,0.007525,1.354902,-2.163542,-1.232821,3.569238,0.099871,-0.221124,-0.263853,0.209604,0.236313,-0.256411,-0.000267,0.023067
7.628020,-0.807890,-2.335766,1.798657,2.059424,-1.044732,0.404329,0.374660,-0.131446,-0.570690,0.916335,0.394450,-0.612871,0.456893,0.116949,-2.368636,0.007258,1.355108,-2.163293,-1.233090,3.569239,0.099898,-0.221989,-0.265540,0.208310,0.239071,-0.260846,0.000639,0.024951
7.629071,-0.810263,-2.334156,1.803326,2.062494,-1.044404,0.403560,0.376200,-0.131446,-0.570690,0.916335,0.394450,-0.612871,0.456893,0.116949,-2.368636,0.007258,1.355108,-2.163293,-1.233090,3.569239,0.099898,-0.221989,-0.265540,0.208310,0.239071,-0.260846,0.000639,0.024951
7.629990,-0.810826,-2.335721,1.799600,2.061867,-1.041009,0.401012,0.377825,-0.134008,-0.572407,0.914179,0.392134,-0.613428,0.455775,0.117952,-2.368858,0.006978,1.355315,-2.163052,-1.233351,3.569235,0.099926,-0.221353,-0.269094,0.207348,0.239562,-0.260716,-0.000160,0.025531
7.630954,-0.807818,-2.334300,1.804416,2.062845,-1.039135,0.401091,0.378142,-0.137073,-0.573245,0.911582,0.389377,-0.613822,0.454626,0.119014,-2.369076,0.006706,1.355532,-2.162806,-1.233620,3.569239,0.099952,-0.221294,-0.270360,0.210010,0.242501,-0.263364,0.001010,0.025475
7.632010,-0.807973,-2.338845,1.805062,2.062034,-1.037328,0.399323,0.381573,-0.143324,-0.571527,0.905913,0.385224,-0.614102,0.453297,0.120140,-2.369306,0.006427,1.355737,-2.162560,-1.233888,3.569237,0.099988,-0.223026,-0.273324,0.208628,0.244208,-0.264549,-0.000525,0.028197
7.633019,-0.808805,-2.340829,1.809103,2.063308,-1.033916,0.398323,0.382853,-0.151090,-0.568091,0.898840,0.378306,-0.614464,0.451818,0.121308,-2.369532,0.006154,1.355949,-2.162305,-1.234159,3.569240,0.100008,-0.223480,-0.273878,0.209657,0.248347,-0.265860,-0.000340,0.025000
7.634005,-0.802294,-2.339982,1.810863,2.064106,-1.033491,0.397851,0.384661,-0.158758,-0.564123,0.891900,0.367679,-0.615066,0.450206,0.122485,-2.369754,0.005875,1.356159,-2.162049,-1.234433,3.569238,0.100034,-0.223499,-0.275401,0.208797,0.249903,-0.268646,-0.000848,0.026008
7.635185,-0.802757,-2.344050,1.805500,2.068197,-1.034841,0.395061,0.386420,-0.164841,-0.560573,0.886560,0.353803,-0.615907,0.448546,0.123648,-2.369989,0.005591,1.356367,-2.161790,-1.234704,3.569236,0.100062,-0.226998,-0.278143,0.209041,0.251678,-0.268386,-0.001843,0.025819
7.636021,-0.802813,-2.346473,1.809093,2.066052,-1.036244,0.393737,0.387217,-0.169514,-0.557248,0.882701,0.337961,-0.616901,0.446911,0.124794,-2.370216,0.005312,1.356590,-2.161537,-1.234971,3.569238,0.100090,-0.227655,-0.279590,0.213408,0.252019,-0.266816,-0.000812,0.026445
7.636964,-0.804571,-2.346817,1.812249,2.068831,-1.032617,0.391712,0.388822,-0.175598,-0.553151,0.877464,0.320639,-0.618048,0.445157,0.125933,-2.370444,0.005030,1.356798,-2.161275,-1.235228,3.569237,0.100123,-0.227455,-0.279822,0.212128,0.255360,-0.264578,-0.000744,0.027736
7.638119,-0.803257,-2.348869,1.812892,2.070702,-1.034246,0.389612,0.390556,-0.183243,-0.548760,0.870546,0.302039,-0.619399,0.443238,0.127053,-2.370671,0.004746,1.357009,-2.161018,-1.235498,3.569239,0.100149,-0.226754,-0.281732,0.211481,0.254793,-0.267532,-0.000140,0.027805
7.639075,-0.801598,-2.353179,1.813782,2.069644,-1.036236,0.388049,0.392960,-0.191800,-0.544326,0.862562,0.283094,-0.620852,0.441229,0.128139,-2.370903,0.004456,1.357226,-2.160758,-1.235761,3.569238,0.100179,-0.228196,-0.283930,0.212801,0.257009,-0.265626,0.000236,0.028378
7.640033,-0.801252,-2.353157,1.812962,2.074492,-1.034032,0.386107,0.393917,-0.200981,-0.539839,0.853863,0.263157,-0.622531,0.439135,0.129203,-2.371136,0.004170,1.357440,-2.160491,-1.236016,3.569238,0.100202,-0.229171,-0.283861,0.213284,0.260190,-0.263076,0.000365,0.026902
7.641099,-0.798767,-2.354059,1.813850,2.077256,-1.034641,0.384104,0.396411,-0.210327,-0.535804,0.844926,0.242244,-0.624512,0.436982,0.130263,-2.371368,0.003884,1.357658,-2.160238,-1.236288,3.569238,0.100232,-0.229504,-0.286012,0.214586,0.257769,-0.264598,0.000878,0.028342
7.642021,-0.799157,-2.357289,1.811713,2.076768,-1.031426,0.383188,0.397823,-0.220713,-0.531750,0.834877,0.223183,-0.626433,0.434870,0.131324,-2.371602,0.003590,1.357875,-2.159979,-1.236545,3.569239,0.100257,-0.231236,-0.288216,0.215448,0.258317,-0.263624,0.001274,0.027067
7.643013,-0.796363,-2.358391,1.811927,2.077906,-1.030999,0.381733,0.398521,-0.232955,-0.527039,0.822896,0.206879,-0.628127,0.432814,0.132396,-2.371834,0.003302,1.358097,-2.159712,-1.236815,3.569239,0.100286,-0.231082,-0.288469,0.217234,0.260640,-0.266091,0.000807,0.027459
7.644084,-0.789647,-2.362277,1.811078,2.078777,-1.030394,0.379528,0.400811,-0.247235,-0.521648,0.808821,0.192024,-0.629716,0.430738,0.133505,-2.372069,0.003007,1.358318,-2.159449,-1.237086,3.569239,0.100321,-0.232734,-0.290151,0.218098,0.262022,-0.265856,0.000780,0.029515
7.645066,-0.795913,-2.367414,1.810590,2.078717,-1.031796,0.378853,0.401423,-0.274916,-0.512574,0.781406,0.162548,-0.633169,0.426596,0.135848,-2.372545,0.002422,1.358760,-2.158910,-1.237613,3.569238,0.100382,-0.233516,-0.290502,0.220984,0.266596,-0.264055,0.000582,0.030859
7.646038,-0.792218,-2.364634,1.816590,2.081510,-1.031102,0.377878,0.402132,-0.274916,-0.512574,0.781406,0.162548,-0.633169,0.426596,0.135848,-2.372545,0.002422,1.358760,-2.158910,-1.237613,3.569238,0.100382,-0.233516,-0.290502,0.220984,0.266596,-0.264055,0.000582,0.030859
7.647079,-0.785567,-2.367278,1.815874,2.080870,-1.030157,0.376682,0.404431,-0.288419,-0.509077,0.767856,0.147396,-0.635077,0.424497,0.137081,-2.372783,0.002121,1.358974,-2.158641,-1.237876,3.569235,0.100420,-0.235558,-0.293959,0.218954,0.265982,-0.264168,0.000120,0.032785
7.647991,-0.781131,-2.367422,1.812014,2.079304,-1.027265,0.374503,0.404855,-0.299798,-0.506522,0.756359,0.132961,-0.636943,0.422580,0.138331,-2.373031,0.001822,1.359196,-2.158363,-1.238142,3.569237,0.100452,-0.239126,-0.295062,0.220484,0.269275,-0.264623,-0.000254,0.031776
7.649031,-0.781855,-2.370553,1.814485,2.079253,-1.027010,0.373742,0.406550,-0.307108,-0.505435,0.748960,0.118308,-0.638828,0.420893,0.139586,-2.373277,0.001524,1.359426,-2.158090,-1.238418,3.569238,0.100490,-0.241186,-0.296705,0.223014,0.272410,-0.266681,0.000567,0.034092
7.650108,-0.781554,-2.372085,1.812895,2.079904,-1.025584,0.371834,0.408171,-0.312314,-0.504833,0.743679,0.102228,-0.640772,0.419256,0.140866,-2.373518,0.001224,1.359648,-2.157806,-1.238684,3.569235,0.100523,-0.241106,-0.297557,0.222896,0.274925,-0.266423,-0.000228,0.034295
7.651078,-0.778226,-2.375602,1.816238,2.077523,-1.023601,0.370415,0.410389,-0.318129,-0.503336,0.737747,0.084851,-0.642666,0.417547,0.142177,-2.373765,0.000923,1.359881,-2.157523,-1.238952,3.569235,0.100560,-0.241617,-0.299433,0.224855,0.277078,-0.267426,0.000080,0.034783
7.651985,-0.779149,-2.372435,1.812187,2.079708,-1.021907,0.369963,0.411072,-0.325124,-0.500649,0.730584,0.066207,-0.644461,0.415728,0.143514,-2.374011,0.000622,1.360106,-2.157234,-1.239221,3.569236,0.100592,-0.243331,-0.299672,0.224017,0.281184,-0.268749,0.000041,0.033696
7.653025,-0.774742,-2.379064,1.812544,2.079503,-1.021892,0.367391,0.412164,-0.333320,-0.496656,0.722199,0.047033,-0.646022,0.413826,0.144882,-2.374254,0.000310,1.360336,-2.156952,-1.239496,3.569235,0.100632,-0.242723,-0.302801,0.226635,0.280278,-0.269571,-0.000874,0.035461
7.653999,-0.774092,-2.378842,1.813070,2.079522,-1.024063,0.366954,0.414530,-0.344050,-0.490773,0.711304,0.029374,-0.647063,0.411871,0.146287,-2.374504,0.000011,1.360567,-2.156667,-1.239769,3.569236,0.100670,-0.245153,-0.301887,0.227474,0.282958,-0.269021,0.000156,0.036868
7.654953,-0.772091,-2.381078,1.811648,2.080895,-1.024354,0.365857,0.415172,-0.356126,-0.483967,0.699072,0.013655,-0.647619,0.409901,0.147731,-2.374748,-0.000297,1.360794,-2.156378,-1.240033,3.569232,0.100701,-0.245533,-0.303974,0.228053,0.284684,-0.266213,-0.000862,0.035492
7.656083,-0.772728,-2.389316,1.807232,2.080938,-1.021616,0.364562,0.417513,-0.368346,-0.476796,0.686662,-0.000209,-0.647825,0.407974,0.149205,-2.374999,-0.000601,1.361024,-2.156089,-1.240293,3.569234,0.100744,-0.246467,-0.304736,0.229507,0.284866,-0.265331,-0.001195,0.037504
7.657001,-0.772548,-2.394151,1.812189,2.083369,-1.021645,0.363048,0.418336,-0.382212,-0.468767,0.672557,-0.011541,-0.647646,0.406059,0.150699,-2.375243,-0.000906,1.361265,-2.155796,-1.240565,3.569235,0.100778,-0.246688,-0.303490,0.232984,0.287881,-0.267740,-0.001602,0.036725
7.658053,-0.770797,-2.393635,1.810581,2.085956,-1.020456,0.362012,0.420404,-0.397550,-0.461000,0.656886,-0.019689,-0.647067,0.404151,0.152183,-2.375491,-0.001210,1.361494,-2.155508,-1.240827,3.569234,0.100819,-0.246633,-0.302746,0.231072,0.286697,-0.266976,-0.001448,0.038244
7.659125,-0.774283,-2.398843,1.813055,2.087942,-1.021872,0.361435,0.422121,-0.412335,-0.454733,0.641642,-0.023129,-0.645994,0.402398,0.153623,-2.375742,-0.001521,1.361729,-2.155221,-1.241098,3.569233,0.100857,-0.247737,-0.305411,0.232945,0.286624,-0.267670,-0.001989,0.037725
7.660024,-0.772840,-2.393873,1.809337,2.087306,-1.019725,0.360800,0.423081,-0.426890,-0.449020,0.626523,-0.021050,-0.644363,0.400875,0.154995,-2.375984,-0.001828,1.361961,-2.154934,-1.241358,3.569230,0.100897,-0.246371,-0.305316,0.232830,0.287305,-0.265865,-0.003008,0.037997
7.660955,-0.766883,-2.396790,1.808042,2.085295,-1.017045,0.356969,0.425320,-0.443865,-0.441543,0.608958,-0.014519,-0.642274,0.399489,0.156305,-2.376234,-0.002148,1.362201,-2.154639,-1.241626,3.569229,0.100938,-0.246881,-0.309203,0.235132,0.288901,-0.267235,-0.003706,0.039158
7.662023,-0.769020,-2.394127,1.811497,2.087436,-1.018197,0.354352,0.426072,-0.464018,-0.430987,0.588278,-0.005824,-0.639938,0.398117,0.157575,-2.376486,-0.002457,1.362439,-2.154343,-1.241901,3.569232,0.100974,-0.249719,-0.309392,0.236311,0.292121,-0.269117,-0.001259,0.037860
7.663011,-0.770032,-2.395214,1.809172,2.086972,-1.018857,0.353132,0.427457,-0.485311,-0.417887,0.566531,0.003044,-0.637554,0.396688,0.158833,-2.376734,-0.002779,1.362672,-2.154048,-1.242160,3.569233,0.101019,-0.248937,-0.313095,0.235683,0.292386,-0.267565,-0.000260,0.040056
7.663988,-0.766139,-2.394304,1.811083,2.086585,-1.020008,0.352092,0.428767,-0.507899,-0.401851,0.543550,0.011556,-0.635136,0.395134,0.160110,-2.376983,-0.003095,1.362913,-2.153749,-1.242425,3.569232,0.101065,-0.248480,-0.314463,0.237604,0.294514,-0.266317,-0.000527,0.040646
7.665111,-0.766774,-2.406494,1.811268,2.086069,-1.020065,0.350488,0.430230,-0.532373,-0.382560,0.518778,0.019170,-0.632708,0.393433,0.161425,-2.377235,-0.003420,1.363152,-2.153448,-1.242684,3.569230,0.101106,-0.250438,-0.316698,0.237333,0.296379,-0.264617,-0.000937,0.041380
7.665982,-0.765973,-2.401814,1.812559,2.084589,-1.020165,0.349317,0.431745,-0.555364,-0.362957,0.495588,0.024809,-0.630447,0.391690,0.162779,-2.377488,-0.003731,1.363391,-2.153140,-1.242949,3.569229,0.101151,-0.250525,-0.313316,0.238497,0.299528,-0.264268,-0.001006,0.042315
7.666966,-0.763220,-2.405038,1.814580,2.083547,-1.020404,0.346736,0.432743,-0.574449,-0.345694,0.476350,0.027706,-0.628484,0.389979,0.164168,-2.377737,-0.004055,1.363631,-2.152836,-1.243212,3.569229,0.101194,-0.250617,-0.316896,0.238157,0.301483,-0.263350,-0.001140,0.042243
7.668059,-0.762649,-2.401496,1.815153,2.087073,-1.021369,0.344530,0.435146,-0.589389,-0.330892,0.461257,0.027644,-0.626860,0.388338,0.165595,-2.377991,-0.004373,1.363867,-2.152524,-1.243469,3.569229,0.101241,-0.251995,-0.317139,0.237916,0.303801,-0.262590,-0.000019,0.043614
7.669072,-0.764390,-2.401334,1.815198,2.089121,-1.019404,0.343296,0.436343,-0.600492,-0.317870,0.449995,0.025796,-0.625485,0.386834,0.167049,-2.378248,-0.004702,1.364108,-2.152220,-1.243731,3.569229,0.101282,-0.252546,-0.321343,0.238753,0.302686,-0.261284,0.000542,0.042554
7.670083,-0.770460,-2.401071,1.813600,2.090299,-1.015672,0.341142,0.437620,-0.610808,-0.304681,0.439502,0.024981,-0.624034,0.385472,0.168499,-2.378498,-0.005030,1.364349,-2.151918,-1.243998,3.569229,0.101331,-0.251785,-0.323329,0.239541,0.302450,-0.262717,0.000253,0.043630
7.671080,-0.767658,-2.404451,1.817401,2.093232,-1.014997,0.339458,0.440302,-0.625640,-0.288613,0.424405,0.027489,-0.622187,0.384103,0.169926,-2.378743,-0.005365,1.364592,-2.151613,-1.244269,3.569231,0.101377,-0.248895,-0.325312,0.241142,0.302980,-0.265869,0.000889,0.044533
7.671973,-0.761433,-2.397149,1.816488,2.090156,-1.013563,0.338829,0.441571,-0.646559,-0.269699,0.403065,0.034476,-0.619841,0.382644,0.171296,-2.378999,-0.005690,1.364831,-2.151311,-1.244535,3.569231,0.101417,-0.250338,-0.325475,0.240000,0.301654,-0.265931,0.001076,0.042569
7.673077,-0.766634,-2.402140,1.819927,2.092486,-1.014919,0.338264,0.443556,-0.668797,-0.250679,0.380289,0.045343,-0.617231,0.381251,0.172582,-2.379255,-0.006033,1.365071,-2.150996,-1.244801,3.569230,0.101460,-0.253145,-0.330237,0.240860,0.305189,-0.266569,0.000364,0.043098
7.673999,-0.761217,-2.395709,1.824992,2.095464,-1.015479,0.337628,0.444319,-0.688953,-0.232852,0.359533,0.057806,-0.614741,0.380008,0.173800,-2.379502,-0.006360,1.365309,-2.150687,-1.245062,3.569226,0.101505,-0.250933,-0.330175,0.240318,0.305246,-0.264883,-0.000705,0.042916
7.675000,-0.760195,-2.397860,1.822570,2.097316,-1.012769,0.336425,0.446451,-0.705914,-0.216834,0.341887,0.071949,-0.612375,0.379006,0.174971,-2.379762,-0.006705,1.365545,-2.150387,-1.245323,3.569222,0.101553,-0.253403,-0.334641,0.238312,0.303288,-0.263639,-0.001416,0.044535
7.676086,-0.760184,-2.397475,1.825345,2.096868,-1.010518,0.334561,0.447690,-0.718092,-0.203703,0.328965,0.089830,-0.609831,0.378447,0.176090,-2.380015,-0.007044,1.365787,-2.150083,-1.245592,3.569218,0.101597,-0.253938,-0.335260,0.240325,0.303063,-0.265782,-0.001686,0.043674
7.676992,-0.760696,-2.394431,1.824433,2.095425,-1.009746,0.333440,0.448660,-0.726475,-0.193265,0.319835,0.111163,-0.606984,0.378277,0.177170,-2.380270,-0.007384,1.366027,-2.149772,-1.245864,3.569219,0.101643,-0.254226,-0.337687,0.240018,0.305774,-0.267584,-0.001451,0.044943
7.677960,-0.763559,-2.397404,1.828404,2.093839,-1.009240,0.332814,0.450877,-0.733616,-0.184131,0.311944,0.133127,-0.603979,0.378250,0.178267,-2.380519,-0.007731,1.366268,-2.149462,-1.246127,3.569216,0.101692,-0.253770,-0.340298,0.240918,0.307855,-0.267590,-0.001670,0.046068
7.679053,-0.757061,-2.395471,1.829905,2.097404,-1.007482,0.330336,0.452118,-0.741066,-0.175426,0.303747,0.153103,-0.600996,0.378196,0.179421,-2.380771,-0.008077,1.366506,-2.149144,-1.246400,3.569213,0.101735,-0.252280,-0.340248,0.239594,0.310433,-0.267389,-0.002485,0.044922
7.679978,-0.753744,-2.398336,1.828193,2.100327,-1.010738,0.328280,0.453721,-0.747279,-0.168371,0.296833,0.170819,-0.598021,0.378177,0.180638,-2.381031,-0.008423,1.366750,-2.148837,-1.246669,3.569214,0.101786,-0.255827,-0.343434,0.239932,0.309214,-0.268753,-0.001630,0.046195
7.680951,-0.753602,-2.399959,1.833926,2.099766,-1.010775,0.326551,0.454584,-0.749296,-0.164923,0.294179,0.188654,-0.594791,0.378401,0.181902,-2.381292,-0.008768,1.366993,-2.148535,-1.246925,3.569212,0.101836,-0.257178,-0.343195,0.241278,0.307284,-0.264810,-0.000952,0.046108
7.681995,-0.747992,-2.406040,1.834405,2.102877,-1.012164,0.324808,0.455949,-0.745487,-0.166599,0.297337,0.208055,-0.591253,0.378935,0.183188,-2.381555,-0.009110,1.367229,-2.148227,-1.247192,3.569214,0.101886,-0.257085,-0.343931,0.239103,0.309176,-0.264173,-0.000695,0.047700
7.682987,-0.742287,-2.406718,1.834767,2.105620,-1.011831,0.324260,0.457329,-0.733892,-0.175135,0.308201,0.228299,-0.587684,0.379760,0.184474,-2.381819,-0.009452,1.367471,-2.147918,-1.247450,3.569215,0.101936,-0.259963,-0.342815,0.239814,0.307931,-0.262369,-0.000524,0.048520
7.684016,-0.745145,-2.407996,1.837170,2.109188,-1.010638,0.322658,0.458248,-0.712825,-0.191817,0.328446,0.249701,-0.584210,0.380925,0.185740,-2.382088,-0.009804,1.367710,-2.147613,-1.247709,3.569213,0.101985,-0.262639,-0.344031,0.240406,0.306722,-0.262198,-0.001457,0.049135
7.685075,-0.740999,-2.403037,1.839904,2.113688,-1.010989,0.320648,0.461339,-0.684454,-0.215141,0.355884,0.273555,-0.580726,0.382400,0.186968,-2.382351,-0.010149,1.367951,-2.147307,-1.247974,3.569210,0.102038,-0.261183,-0.345220,0.240062,0.304958,-0.262891,-0.001370,0.050798
7.685986,-0.743215,-2.405404,1.843443,2.113283,-1.009088,0.320245,0.462456,-0.653441,-0.241285,0.385852,0.300704,-0.577099,0.384048,0.188131,-2.382617,-0.010508,1.368186,-2.147012,-1.248232,3.569211,0.102081,-0.263351,-0.349554,0.239758,0.302819,-0.262160,-0.000948,0.048215
7.687051,-0.734699,-2.402182,1.843113,2.117269,-1.009334,0.320473,0.464332,-0.622364,-0.267513,0.415816,0.330445,-0.573390,0.385777,0.189222,-2.382879,-0.010852,1.368423,-2.146705,-1.248499,3.569205,0.102131,-0.261880,-0.349486,0.238473,0.304033,-0.263310,-0.001886,0.049092
7.688073,-0.730744,-2.405256,1.849260,2.119124,-1.005395,0.319253,0.466299,-0.591221,-0.293170,0.445863,0.360990,-0.569802,0.387592,0.190269,-2.383154,-0.011212,1.368668,-2.146409,-1.248760,3.569200,0.102181,-0.266174,-0.352989,0.239620,0.302400,-0.262653,-0.003688,0.048967
7.689013,-0.728938,-2.404150,1.852789,2.119057,-1.006217,0.317821,0.466938,-0.557421,-0.319292,0.478640,0.391528,-0.566422,0.389664,0.191292,-2.383425,-0.011568,1.368899,-2.146107,-1.249034,3.569199,0.102228,-0.268011,-0.353069,0.237485,0.302419,-0.266027,-0.003974,0.048518
7.689983,-0.726129,-2.409911,1.850486,2.121879,-1.007802,0.315152,0.468344,-0.518016,-0.347361,0.517078,0.421024,-0.563350,0.392101,0.192310,-2.383698,-0.011924,1.369133,-2.145802,-1.249298,3.569195,0.102282,-0.268526,-0.354824,0.236371,0.303579,-0.264480,-0.003926,0.050434
7.691083,-0.723971,-2.413589,1.854443,2.124969,-1.008320,0.314041,0.470107,-0.474034,-0.377286,0.560110,0.448394,-0.560682,0.394748,0.193353,-2.383968,-0.012277,1.369371,-2.145498,-1.249550,3.569196,0.102332,-0.269686,-0.353294,0.238249,0.302082,-0.262394,-0.002705,0.050904
7.692077,-0.725280,-2.413180,1.858285,2.124644,-1.007123,0.311757,0.471361,-0.427812,-0.408675,0.605363,0.474253,-0.558320,0.397453,0.194430,-2.384241,-0.012628,1.369608,-2.145195,-1.249810,3.569193,0.102383,-0.270878,-0.353639,0.237423,0.301530,-0.261580,-0.003237,0.051128
7.692972,-0.721426,-2.414080,1.862619,2.122949,-1.005650,0.311108,0.472873,-0.380625,-0.440798,0.651536,0.498570,-0.556229,0.400120,0.195530,-2.384507,-0.012989,1.369843,-2.144889,-1.250074,3.569194,0.102436,-0.270071,-0.355295,0.236331,0.303416,-0.262232,-0.002436,0.051993
7.694027,-0.723320,-2.417301,1.863124,2.125549,-1.005792,0.310050,0.474185,-0.333146,-0.472346,0.697972,0.519422,-0.554590,0.402621,0.196645,-2.384785,-0.013346,1.370073,-2.144580,-1.250336,3.569188,0.102491,-0.271439,-0.355727,0.234674,0.305676,-0.262945,-0.003105,0.051961
7.695016,-0.717668,-2.415791,1.870291,2.128632,-1.005222,0.308528,0.476293,-0.286062,-0.502646,0.744007,0.536055,-0.553491,0.404874,0.197749,-2.385057,-0.013700,1.370309,-2.144277,-1.250601,3.569186,0.102545,-0.270447,-0.355984,0.235471,0.305167,-0.262343,-0.003611,0.052928
7.696030,-0.723046,-2.418152,1.873647,2.129091,-1.003472,0.306441,0.478142,-0.239867,-0.531438,0.789128,0.550591,-0.552733,0.406946,0.198791,-2.385333,-0.014065,1.370537,-2.143972,-1.250858,3.569183,0.102596,-0.273045,-0.358122,0.232740,0.303576,-0.262413,-0.003546,0.052049
7.697063,-0.721952,-2.420097,1.871399,2.127910,-0.997592,0.304408,0.480378,-0.194476,-0.558496,0.833396,0.565173,-0.552130,0.408920,0.199728,-2.385601,-0.014426,1.370766,-2.143661,-1.251130,3.569183,0.102647,-0.270211,-0.358462,0.232058,0.304729,-0.263574,-0.002973,0.051806
7.697996,-0.718389,-2.419483,1.873418,2.127049,-0.994208,0.303857,0.481698,-0.153282,-0.581968,0.873454,0.579282,-0.551694,0.410562,0.200566,-2.385872,-0.014789,1.371005,-2.143352,-1.251412,3.569183,0.102698,-0.270722,-0.359124,0.234116,0.307723,-0.268829,-0.002485,0.050843
7.698975,-0.714748,-2.415755,1.876861,2.127529,-0.990457,0.303145,0.484364,-0.119432,-0.600161,0.906236,0.591305,-0.551509,0.411634,0.201340,-2.386148,-0.015156,1.371236,-2.143037,-1.251685,3.569175,0.102749,-0.272069,-0.360445,0.233725,0.309326,-0.271397,-0.003296,0.051368
7.700053,-0.714906,-2.416041,1.877379,2.129226,-0.990636,0.301367,0.485719,-0.091244,-0.613353,0.933466,0.600917,-0.551572,0.412273,0.202086,-2.386429,-0.015523,1.371467,-2.142723,-1.251967,3.569167,0.102797,-0.273528,-0.363599,0.232814,0.310034,-0.274382,-0.004001,0.049346
7.701050,-0.713620,-2.417223,1.883948,2.129905,-0.989941,0.298664,0.487130,-0.067625,-0.621457,0.956254,0.608897,-0.551740,0.412671,0.202839,-2.386700,-0.015891,1.371702,-2.142411,-1.252244,3.569163,0.102851,-0.273502,-0.365284,0.233703,0.310469,-0.273638,-0.003808,0.050334
7.701961,-0.717110,-2.416316,1.885040,2.130034,-0.986117,0.295766,0.488339,-0.048354,-0.624848,0.974807,0.615860,-0.551884,0.412907,0.203632,-2.386976,-0.016261,1.371928,-2.142100,-1.252514,3.569164,0.102903,-0.273916,-0.366021,0.231332,0.311226,-0.273727,-0.002594,0.050885
7.703040,-0.711784,-2.419800,1.883410,2.132534,-0.986855,0.293223,0.490054,-0.032917,-0.624682,0.989618,0.622086,-0.551897,0.412981,0.204482,-2.387248,-0.016629,1.372159,-2.141792,-1.252796,3.569164,0.102958,-0.271679,-0.367351,0.231366,0.311807,-0.276662,-0.001053,0.051529
7.704052,-0.711492,-2.418245,1.884787,2.132696,-0.985959,0.292494,0.491058,-0.022379,-0.621378,0.999666,0.628137,-0.551605,0.412791,0.205396,-2.387525,-0.016999,1.372392,-2.141479,-1.253066,3.569165,0.103011,-0.274394,-0.367415,0.233359,0.311428,-0.275430,-0.000143,0.051769
7.705037,-0.713099,-2.413293,1.885043,2.131716,-0.985426,0.292126,0.492450,-0.016996,-0.615521,1.004703,0.634210,-0.550972,0.412296,0.206369,-2.387799,-0.017370,1.372627,-2.141161,-1.253343,3.569163,0.103065,-0.274337,-0.369629,0.233548,0.312666,-0.275677,-0.000933,0.053197
7.706039,-0.710550,-2.419428,1.886693,2.134590,-0.983616,0.289805,0.494147,-0.017753,-0.606165,1.003737,0.638982,-0.550183,0.411434,0.207395,-2.388070,-0.017752,1.372863,-2.140845,-1.253621,3.569157,0.103119,-0.273304,-0.373245,0.234195,0.314850,-0.275488,-0.002007,0.053732
7.707044,-0.709926,-2.415533,1.887879,2.135714,-0.985030,0.288048,0.496406,-0.025244,-0.592971,0.996181,0.641803,-0.549356,0.410171,0.208462,-2.388349,-0.018124,1.373095,-2.140532,-1.253899,3.569157,0.103173,-0.274345,-0.371469,0.234249,0.313384,-0.276625,-0.001168,0.053726
7.708021,-0.707396,-2.417822,1.883760,2.134832,-0.984370,0.285858,0.496512,-0.036889,-0.578388,0.984601,0.643870,-0.548471,0.408628,0.209537,-2.388624,-0.018501,1.373331,-2.140220,-1.254173,3.569156,0.103226,-0.274436,-0.374767,0.234513,0.313732,-0.274528,-0.000914,0.052603
7.708989,-0.704617,-2.410553,1.894063,2.132511,-0.985325,0.284695,0.499070,-0.051981,-0.563232,0.969733,0.645058,-0.547657,0.406803,0.210607,-2.388901,-0.018880,1.373569,-2.139898,-1.254444,3.569159,0.103288,-0.275397,-0.374707,0.237322,0.315615,-0.274537,-0.000199,0.055702
7.709991,-0.699643,-2.412334,1.895803,2.132484,-0.984453,0.283689,0.499209,-0.069139,-0.547773,0.953007,0.642974,-0.547322,0.404657,0.211674,-2.389178,-0.019273,1.373796,-2.139572,-1.254718,3.569156,0.103340,-0.276438,-0.379285,0.232910,0.318758,-0.272847,-0.000475,0.053813
7.711031,-0.700281,-2.411553,1.894416,2.136002,-0.984508,0.281894,0.501929,-0.082853,-0.534256,0.939910,0.635601,-0.547852,0.402388,0.212729,-2.389462,-0.019654,1.374032,-2.139250,-1.254990,3.569153,0.103402,-0.278613,-0.379586,0.232931,0.319989,-0.273107,-0.000957,0.056945
7.712071,-0.695520,-2.415433,1.901635,2.137978,-0.985350,0.281266,0.503509,-0.091439,-0.523915,0.932044,0.624423,-0.549093,0.400162,0.213758,-2.389740,-0.020044,1.374269,-2.138931,-1.255257,3.569156,0.103453,-0.278134,-0.381341,0.234606,0.318039,-0.272543,-0.000729,0.054994
7.713074,-0.691944,-2.414678,1.901467,2.137142,-0.985006,0.278687,0.505162,-0.095863,-0.517404,0.928335,0.613052,-0.550557,0.398093,0.214757,-2.390025,-0.020425,1.374498,-2.138616,-1.255526,3.569153,0.103511,-0.280325,-0.380838,0.232017,0.317797,-0.271177,-0.001653,0.055372
7.714064,-0.688366,-2.416832,1.904954,2.134406,-0.986173,0.276518,0.506562,-0.093859,-0.516683,0.930980,0.602683,-0.552089,0.396328,0.215753,-2.390306,-0.020812,1.374735,-2.138290,-1.255793,3.569153,0.103564,-0.281830,-0.382402,0.232964,0.319787,-0.270950,-0.000556,0.055458
7.715109,-0.689049,-2.412268,1.903522,2.136168,-0.983897,0.275081,0.508038,-0.084541,-0.522370,0.940919,0.591363,-0.553868,0.394776,0.216800,-2.390593,-0.021198,1.374964,-2.137958,-1.256062,3.569154,0.103622,-0.283215,-0.382419,0.232083,0.323388,-0.269143,0.000123,0.055995
7.716003,-0.683343,-2.411429,1.909511,2.133774,-0.984077,0.274183,0.509825,-0.071262,-0.532244,0.954871,0.577821,-0.555899,0.393210,0.217936,-2.390872,-0.021591,1.375201,-2.137636,-1.256336,3.569151,0.103681,-0.282733,-0.386086,0.233802,0.323183,-0.270901,0.000003,0.056572
7.717023,-0.688002,-2.408282,1.909992,2.134504,-0.985244,0.273231,0.511135,-0.057066,-0.543915,0.969787,0.563040,-0.557914,0.391562,0.219154,-2.391159,-0.021983,1.375425,-2.137302,-1.256606,3.569154,0.103737,-0.284910,-0.386959,0.231354,0.325577,-0.269856,-0.000459,0.055981
7.718106,-0.687652,-2.409220,1.912365,2.132520,-0.986791,0.272507,0.513113,-0.042988,-0.556297,0.984606,0.547959,-0.559763,0.389853,0.220431,-2.391441,-0.022373,1.375657,-2.136971,-1.256867,3.569151,0.103797,-0.282294,-0.389778,0.232103,0.325969,-0.268204,-0.001014,0.056804
7.719057,-0.683022,-2.407825,1.913069,2.128823,-0.988755,0.271797,0.514977,-0.032202,-0.567430,0.996202,0.532512,-0.561436,0.387952,0.221749,-2.391721,-0.022767,1.375889,-2.136636,-1.257129,3.569149,0.103852,-0.282474,-0.390846,0.232084,0.329614,-0.266292,-0.001905,0.056518
7.719992,-0.689691,-2.408278,1.916320,2.124964,-0.988483,0.270811,0.515971,-0.025693,-0.576632,1.003685,0.515063,-0.563168,0.385761,0.223085,-2.392009,-0.023163,1.376119,-2.136294,-1.257383,3.569147,0.103904,-0.284276,-0.392317,0.232463,0.333580,-0.263765,-0.002607,0.056003
7.721080,-0.687347,-2.414746,1.921758,2.123313,-0.989853,0.268183,0.518148,-0.022286,-0.584543,1.008260,0.493606,-0.565258,0.383251,0.224432,-2.392285,-0.023552,1.376350,-2.135947,-1.257644,3.569146,0.103964,-0.280453,-0.392835,0.231474,0.337451,-0.263396,-0.003008,0.057158
7.722077,-0.676942,-2.416751,1.921004,2.122695,-0.992437,0.266331,0.520185,-0.021192,-0.592175,1.010696,0.467678,-0.567789,0.380408,0.225794,-2.392567,-0.023941,1.376574,-2.135603,-1.257900,3.569148,0.104018,-0.281640,-0.391217,0.230049,0.340539,-0.261727,-0.002010,0.056487
7.723157,-0.678590,-2.419410,1.930546,2.125053,-0.992639,0.264073,0.521668,-0.017196,-0.603229,1.016180,0.438378,-0.570759,0.377482,0.227148,-2.392864,-0.024327,1.376808,-2.135258,-1.258154,3.569147,0.104067,-0.286385,-0.391385,0.231295,0.341742,-0.258664,-0.001648,0.055805
7.724004,-0.676185,-2.422455,1.930731,2.121025,-0.993199,0.262422,0.522887,-0.004853,-0.620805,1.030067,0.408520,-0.573953,0.374871,0.228466,-2.393147,-0.024721,1.377034,-2.134920,-1.258416,3.569145,0.104122,-0.285438,-0.391584,0.227721,0.340899,-0.258129,-0.000996,0.056519
7.725073,-0.672092,-2.426038,1.928955,2.118746,-0.992020,0.259596,0.525863,0.016370,-0.644992,1.052753,0.380338,-0.577112,0.372717,0.229754,-2.393433,-0.025111,1.377258,-2.134568,-1.258664,3.569145,0.104181,-0.285824,-0.390279,0.228088,0.344067,-0.256840,-0.000613,0.056891
7.726049,-0.672435,-2.426353,1.937246,2.119020,-0.995228,0.258298,0.527284,0.043414,-0.673980,1.081156,0.352880,-0.580294,0.370809,0.231024,-2.393727,-0.025498,1.377491,-2.134217,-1.258922,3.569147,0.104231,-0.287656,-0.390048,0.230107,0.347464,-0.257693,0.000609,0.054563
7.727046,-0.668623,-2.427077,1.936887,2.119330,-0.996192,0.257107,0.527663,0.073506,-0.705526,1.112525,0.324702,-0.583632,0.368959,0.232275,-2.394010,-0.025896,1.377712,-2.133869,-1.259172,3.569147,0.104289,-0.287276,-0.391198,0.227092,0.348164,-0.254125,0.000333,0.055234
7.728007,-0.662085,-2.427281,1.942013,2.117411,-1.000622,0.255152,0.530907,0.105363,-0.737634,1.145574,0.296169,-0.587076,0.367193,0.233515,-2.394305,-0.026295,1.377944,-2.133514,-1.259418,3.569146,0.104352,-0.289157,-0.392614,0.228691,0.349529,-0.253080,-0.000144,0.058237
7.729044,-0.664315,-2.430243,1.946143,2.117978,-1.002904,0.253909,0.531827,0.138687,-0.768860,1.180055,0.267076,-0.590670,0.365565,0.234751,-2.394602,-0.026691,1.378168,-2.133157,-1.259657,3.569146,0.104403,-0.292234,-0.394098,0.227401,0.352706,-0.248497,0.000199,0.055331
7.729964,-0.661092,-2.428644,1.948772,2.120079,-1.005948,0.252429,0.533588,0.173688,-0.798508,1.216204,0.236312,-0.594596,0.364080,0.235988,-2.394894,-0.027090,1.378392,-2.132797,-1.259894,3.569143,0.104464,-0.291207,-0.394648,0.226978,0.354061,-0.246325,-0.000288,0.057444
7.731157,-0.663024,-2.433658,1.949942,2.119642,-1.008687,0.250859,0.536676,0.208395,-0.825222,1.252015,0.204927,-0.598728,0.362719,0.237224,-2.395190,-0.027489,1.378620,-2.132448,-1.260129,3.569144,0.104524,-0.292506,-0.396733,0.226754,0.352936,-0.243088,-0.000354,0.057340
7.732175,-0.660801,-2.437347,1.954497,2.120785,-1.009591,0.250427,0.537933,0.239292,-0.846975,1.283992,0.174355,-0.602871,0.361406,0.238425,-2.395483,-0.027891,1.378852,-2.132081,-1.260368,3.569140,0.104576,-0.292190,-0.397255,0.228378,0.356804,-0.240790,-0.000768,0.055716
7.733004,-0.653490,-2.434807,1.948698,2.115055,-1.008997,0.247980,0.540554,0.264654,-0.863110,1.310457,0.144192,-0.607101,0.360059,0.239544,-2.395778,-0.028293,1.379075,-2.131720,-1.260602,3.569136,0.104637,-0.293334,-0.397292,0.227632,0.357348,-0.239975,-0.002031,0.057057
7.734084,-0.656096,-2.438616,1.954168,2.115483,-1.011623,0.246530,0.541895,0.284829,-0.874099,1.331778,0.113514,-0.611543,0.358669,0.240554,-2.396080,-0.028695,1.379314,-2.131349,-1.260841,3.569136,0.104690,-0.296279,-0.399210,0.231158,0.362680,-0.240146,-0.000958,0.054884
7.735063,-0.660883,-2.435706,1.956264,2.114484,-1.011013,0.243074,0.544484,0.299464,-0.879699,1.347622,0.081191,-0.616295,0.357166,0.241454,-2.396372,-0.029099,1.379541,-2.130977,-1.261072,3.569133,0.104748,-0.295217,-0.399563,0.230144,0.364316,-0.237733,-0.001316,0.056323
7.735974,-0.652333,-2.433307,1.946637,2.111716,-1.012270,0.241936,0.544586,0.306135,-0.878569,1.355543,0.047636,-0.621220,0.355427,0.242273,-2.396662,-0.029506,1.379772,-2.130604,-1.261305,3.569135,0.104800,-0.292757,-0.402612,0.230414,0.366350,-0.238360,0.000505,0.054822
7.737017,-0.658189,-2.431053,1.948254,2.111586,-1.013611,0.240783,0.546493,0.301143,-0.868474,1.351883,0.014065,-0.626031,0.353308,0.243053,-2.396963,-0.029919,1.380022,-2.130234,-1.261540,3.569134,0.104866,-0.296663,-0.404852,0.236077,0.369555,-0.236891,0.000096,0.058047
7.738023,-0.653245,-2.427715,1.950552,2.111826,-1.013843,0.239445,0.548066,0.281540,-0.847603,1.333760,-0.018970,-0.630550,0.350694,0.243835,-2.397252,-0.030337,1.380258,-2.129858,-1.261769,3.569131,0.104927,-0.293853,-0.407840,0.236727,0.371299,-0.235729,-0.000494,0.058134
7.739080,-0.654509,-2.427778,1.946785,2.114287,-1.018148,0.237509,0.549949,0.248127,-0.816346,1.301922,-0.050109,-0.634571,0.347664,0.244631,-2.397556,-0.030753,1.380497,-2.129484,-1.262003,3.569133,0.104988,-0.296247,-0.411146,0.236886,0.372335,-0.235540,-0.000855,0.058769
7.740141,-0.653960,-2.426653,1.943504,2.115906,-1.017284,0.234662,0.552861,0.204106,-0.776812,1.259489,-0.076944,-0.637809,0.344416,0.245420,-2.397850,-0.031175,1.380743,-2.129111,-1.262223,3.569132,0.105050,-0.295761,-0.413004,0.240260,0.371712,-0.231499,-0.000684,0.058981
7.741057,-0.650265,-2.422915,1.941304,2.113431,-1.018435,0.234282,0.554149,0.149793,-0.730182,1.206718,-0.097002,-0.639937,0.340970,0.246183,-2.398147,-0.031600,1.380993,-2.128736,-1.262457,3.569132,0.105105,-0.296187,-0.415464,0.243315,0.371914,-0.232585,0.000390,0.057159
7.741956,-0.647789,-2.423673,1.941513,2.111933,-1.019609,0.233278,0.555298,0.085379,-0.677258,1.143791,-0.109853,-0.640858,0.337280,0.246934,-2.398444,-0.032024,1.381245,-2.128356,-1.262686,3.569130,0.105165,-0.297697,-0.418286,0.245184,0.374653,-0.231285,-0.000782,0.058037
7.743135,-0.643767,-2.422849,1.938649,2.115737,-1.019466,0.231400,0.557273,0.015286,-0.620999,1.075171,-0.117215,-0.640842,0.333463,0.247703,-2.398747,-0.032447,1.381492,-2.127974,-1.262913,3.569128,0.105230,-0.298434,-0.418731,0.245850,0.376145,-0.229966,-0.001267,0.059079
7.744139,-0.634941,-2.416222,1.943991,2.117486,-1.019923,0.230786,0.557606,-0.055923,-0.564741,1.005433,-0.119554,-0.640050,0.329719,0.248491,-2.399055,-0.032873,1.381748,-2.127599,-1.263145,3.569125,0.105290,-0.300892,-0.421814,0.249137,0.375360,-0.230597,-0.001351,0.059595
7.745050,-0.635670,-2.411982,1.941985,2.110830,-1.019845,0.228948,0.558778,-0.124104,-0.510651,0.938686,-0.115577,-0.638404,0.326377,0.249282,-2.399364,-0.033311,1.381998,-2.127225,-1.263372,3.569117,0.105359,-0.305126,-0.426507,0.247604,0.374890,-0.230232,-0.002386,0.062695
7.746063,-0.636722,-2.411285,1.940977,2.110683,-1.017149,0.226227,0.559320,-0.186096,-0.459577,0.878125,-0.107032,-0.636206,0.323615,0.250082,-2.399668,-0.033752,1.382250,-2.126827,-1.263602,3.569117,0.105423,-0.304246,-0.429322,0.249414,0.381357,-0.230168,-0.002064,0.063719
7.746983,-0.633528,-2.412691,1.937646,2.110541,-1.016543,0.224057,0.561298,-0.244643,-0.410061,0.821107,-0.098266,-0.634008,0.321118,0.250913,-2.399974,-0.034185,1.382508,-2.126447,-1.263846,3.569119,0.105496,-0.303602,-0.431138,0.251029,0.382659,-0.232850,-0.001051,0.066411
7.747981,-0.631717,-2.411472,1.935851,2.107982,-1.013518,0.222003,0.561902,-0.303273,-0.361564,0.764104,-0.089998,-0.631912,0.318591,0.251771,-2.400280,-0.034621,1.382768,-2.126060,-1.264080,3.569120,0.105559,-0.304754,-0.431244,0.253416,0.382903,-0.233266,-0.000435,0.065848
7.749024,-0.630347,-2.412515,1.938747,2.108529,-1.016568,0.221746,0.563021,-0.361801,-0.315617,0.707224,-0.081232,-0.629856,0.315994,0.252646,-2.400587,-0.035055,1.383028,-2.125669,-1.264327,3.569120,0.105633,-0.305476,-0.433245,0.255338,0.386298,-0.236208,-0.000062,0.068371
7.750001,-0.632432,-2.409179,1.939300,2.108412,-1.016625,0.219302,0.565148,-0.418501,-0.273655,0.652103,-0.072767,-0.627997,0.313356,0.253544,-2.400889,-0.035494,1.383286,-2.125287,-1.264557,3.569114,0.105705,-0.306174,-0.434314,0.255115,0.387202,-0.233267,-0.001540,0.070007
7.750983,-0.627714,-2.410176,1.941429,2.111171,-1.014602,0.215229,0.565256,-0.472090,-0.236362,0.599921,-0.064857,-0.626433,0.310748,0.254455,-2.401195,-0.035940,1.383542,-2.124898,-1.264786,3.569116,0.105773,-0.304863,-0.437085,0.255844,0.387956,-0.233259,-0.000726,0.069364
7.752103,-0.626530,-2.411975,1.940679,2.113185,-1.011999,0.213572,0.567042,-0.522061,-0.204083,0.551137,-0.055801,-0.625011,0.308228,0.255361,-2.401509,-0.036375,1.383798,-2.124519,-1.265025,3.569122,0.105855,-0.306920,-0.437816,0.255785,0.386087,-0.235236,0.001677,0.072788
7.752986,-0.627365,-2.408317,1.944621,2.111348,-1.011048,0.214336,0.568612,-0.566811,-0.178091,0.507304,-0.043182,-0.623476,0.305876,0.256235,-2.401816,-0.036820,1.384058,-2.124130,-1.265268,3.569120,0.105929,-0.307738,-0.438966,0.257726,0.386208,-0.238059,0.001435,0.073375
7.753963,-0.627998,-2.409702,1.945666,2.114667,-1.007950,0.213625,0.569906,-0.605982,-0.158495,0.468736,-0.026711,-0.621788,0.303724,0.257032,-2.402121,-0.037265,1.384312,-2.123740,-1.265508,3.569115,0.106005,-0.306729,-0.441283,0.256350,0.387695,-0.238682,-0.000801,0.073456
7.755071,-0.627170,-2.408054,1.950805,2.114635,-1.008775,0.214930,0.571288,-0.640573,-0.144234,0.434422,-0.006846,-0.619911,0.301787,0.257714,-2.402422,-0.037711,1.384572,-2.123363,-1.265758,3.569110,0.106080,-0.306225,-0.441658,0.256786,0.385278,-0.241613,-0.001691,0.074484
7.755989,-0.620300,-2.415357,1.948483,2.117644,-1.004978,0.213757,0.572435,-0.670573,-0.134861,0.404424,0.016625,-0.617703,0.300175,0.258282,-2.402733,-0.038166,1.384826,-2.122969,-1.265994,3.569099,0.106160,-0.306799,-0.444338,0.255771,0.387205,-0.241011,-0.004812,0.075839
7.757099,-0.623359,-2.419416,1.953468,2.119106,-1.005632,0.210146,0.574800,-0.693891,-0.131482,0.380903,0.043619,-0.615099,0.299083,0.258763,-2.403051,-0.038601,1.385089,-2.122591,-1.266245,3.569097,0.106238,-0.309649,-0.441470,0.257628,0.384453,-0.244506,-0.005148,0.076900
7.757973,-0.623300,-2.418578,1.955776,2.119961,-1.004355,0.207635,0.574994,-0.708334,-0.136147,0.366019,0.074497,-0.612006,0.298639,0.259180,-2.403353,-0.039046,1.385344,-2.122205,-1.266489,3.569096,0.106314,-0.308344,-0.441443,0.256658,0.385076,-0.243997,-0.003374,0.076289
7.759006,-0.618439,-2.420839,1.958284,2.122391,-1.008138,0.205033,0.576471,-0.715252,-0.148174,0.358411,0.108782,-0.608401,0.298729,0.259570,-2.403662,-0.039492,1.385597,-2.121820,-1.266738,3.569093,0.106400,-0.307724,-0.442274,0.256112,0.383899,-0.244871,-0.002321,0.079092
7.760081,-0.612174,-2.419625,1.961329,2.125843,-1.007938,0.204078,0.578063,-0.716239,-0.165693,0.356557,0.145560,-0.604357,0.299246,0.259965,-2.403974,-0.039929,1.385852,-2.121441,-1.266970,3.569096,0.106484,-0.310056,-0.442698,0.256106,0.382903,-0.241158,-0.001475,0.079914
7.760989,-0.614034,-2.419569,1.959596,2.129244,-1.008423,0.202044,0.578078,-0.710023,-0.188225,0.361784,0.184687,-0.599943,0.300260,0.260358,-2.404294,-0.040380,1.386105,-2.121057,-1.267208,3.569094,0.106565,-0.313119,-0.444996,0.256021,0.381209,-0.241563,-0.002329,0.080700
7.761977,-0.616162,-2.415658,1.961592,2.130516,-1.008641,0.201472,0.579520,-0.697945,-0.213858,0.372725,0.226841,-0.595072,0.301731,0.260745,-2.404606,-0.040823,1.386367,-2.120688,-1.267445,3.569094,0.106656,-0.311575,-0.445677,0.257540,0.378205,-0.240845,-0.001809,0.083966
7.763095,-0.622745,-2.412960,1.969517,2.131718,-1.009347,0.199984,0.580172,-0.686449,-0.238061,0.382868,0.272378,-0.589615,0.303334,0.261149,-2.404911,-0.041276,1.386625,-2.120309,-1.267687,3.569091,0.106742,-0.310310,-0.448727,0.257550,0.377952,-0.240548,-0.002895,0.084663
7.764163,-0.620604,-2.413610,1.965647,2.134541,-1.009796,0.198145,0.582155,-0.680994,-0.256381,0.386802,0.319088,-0.583794,0.304704,0.261588,-2.405215,-0.041736,1.386875,-2.119926,-1.267924,3.569085,0.106838,-0.307264,-0.451926,0.255217,0.378980,-0.240113,-0.003243,0.087472
7.764998,-0.616078,-2.409561,1.968452,2.131818,-1.012322,0.196898,0.582340,-0.683683,-0.266584,0.382573,0.364352,-0.577964,0.305637,0.262068,-2.405527,-0.042186,1.387139,-2.119553,-1.268163,3.569083,0.106926,-0.308372,-0.453212,0.258476,0.378076,-0.239802,-0.003182,0.087393
7.766032,-0.619762,-2.411611,1.966978,2.134130,-1.010674,0.196951,0.583356,-0.693148,-0.269421,0.371681,0.406554,-0.572450,0.306129,0.262568,-2.405836,-0.042649,1.387391,-2.119170,-1.268392,3.569077,0.107024,-0.309849,-0.455198,0.257481,0.380169,-0.236936,-0.003303,0.089996
7.767012,-0.618323,-2.415867,1.968579,2.132221,-1.009871,0.194002,0.584796,-0.706727,-0.266723,0.356818,0.444529,-0.567551,0.306290,0.263059,-2.406144,-0.043103,1.387657,-2.118792,-1.268635,3.569069,0.107120,-0.307903,-0.455516,0.259370,0.379304,-0.238639,-0.005061,0.091707
7.767983,-0.619517,-2.414969,1.972660,2.132506,-1.010308,0.192409,0.584833,-0.723477,-0.259979,0.338868,0.477845,-0.563408,0.306165,0.263504,-2.406452,-0.043561,1.387917,-2.118410,-1.268879,3.569067,0.107214,-0.308380,-0.454343,0.259513,0.382104,-0.239313,-0.003721,0.092367
7.769095,-0.615829,-2.420360,1.975400,2.138660,-1.009835,0.190296,0.585894,-0.741128,-0.251405,0.320051,0.505825,-0.560191,0.305813,0.263889,-2.406757,-0.044023,1.388170,-2.118025,-1.269115,3.569063,0.107317,-0.307497,-0.455662,0.258456,0.382467,-0.238802,-0.003745,0.095791
7.770084,-0.616139,-2.418419,1.980209,2.139951,-1.010814,0.188137,0.586752,-0.755821,-0.243596,0.304103,0.530050,-0.557789,0.305496,0.264212,-2.407071,-0.044473,1.388432,-2.117656,-1.269356,3.569061,0.107419,-0.309491,-0.454871,0.258580,0.378757,-0.239502,-0.003487,0.097692
7.770974,-0.614281,-2.407370,1.978089,2.139856,-1.008098,0.186186,0.587358,-0.764637,-0.238517,0.293773,0.554046,-0.555796,0.305524,0.264464,-2.407376,-0.044937,1.388685,-2.117278,-1.269591,3.569058,0.107523,-0.309120,-0.456817,0.257252,0.378529,-0.238499,-0.002972,0.099514
7.772081,-0.608779,-2.399837,1.979575,2.140187,-1.005223,0.183264,0.589132,-0.769536,-0.234112,0.287112,0.578583,-0.554010,0.305872,0.264654,-2.407688,-0.045416,1.388947,-2.116893,-1.269834,3.569057,0.107631,-0.309431,-0.462495,0.258897,0.378476,-0.240921,-0.002510,0.101431
7.772994,-0.613749,-2.396649,1.980770,2.141180,-1.002821,0.181511,0.588103,-0.775605,-0.225333,0.279202,0.602141,-0.552390,0.306289,0.264807,-2.408002,-0.045892,1.389209,-2.116509,-1.270086,3.569056,0.107736,-0.312305,-0.467840,0.259608,0.380238,-0.243903,-0.001436,0.101877
7.774147,-0.613332,-2.398798,1.983223,2.142907,-1.000599,0.180522,0.589153,-0.785651,-0.209624,0.267305,0.623707,-0.550904,0.306559,0.264943,-2.408306,-0.046370,1.389468,-2.116126,-1.270333,3.569053,0.107854,-0.309317,-0.469685,0.259703,0.379355,-0.245983,-0.001211,0.107167
7.775106,-0.611259,-2.403438,1.983420,2.142104,-0.999582,0.180994,0.588425,-0.800440,-0.187776,0.250605,0.643539,-0.549483,0.306526,0.265075,-2.408619,-0.046842,1.389730,-2.115748,-1.270585,3.569049,0.107968,-0.309826,-0.470528,0.260130,0.380329,-0.248411,-0.002147,0.109185
7.775992,-0.604396,-2.402829,1.988849,2.138136,-0.997145,0.182299,0.589260,-0.817219,-0.163670,0.231875,0.661525,-0.548215,0.306212,0.265197,-2.408927,-0.047310,1.389992,-2.115360,-1.270834,3.569040,0.108090,-0.310531,-0.468889,0.260883,0.381612,-0.249187,-0.004188,0.114018
7.776979,-0.603186,-2.404581,1.993728,2.140160,-0.994622,0.182060,0.589473,-0.829134,-0.143176,0.218046,0.676066,-0.547450,0.305882,0.265298,-2.409245,-0.047785,1.390244,-2.114965,-1.271095,3.569026,0.108209,-0.313264,-0.469354,0.258804,0.385166,-0.251131,-0.006901,0.115383
7.777999,-0.603313,-2.403814,1.999745,2.137497,-0.993746,0.178942,0.590640,-0.829696,-0.130951,0.215631,0.686360,-0.547407,0.305915,0.265360,-2.409555,-0.048254,1.390499,-2.114586,-1.271355,3.569015,0.108336,-0.313579,-0.469347,0.257425,0.384068,-0.253388,-0.008244,0.118413
7.779084,-0.597024,-2.405475,2.004315,2.137826,-0.992961,0.173304,0.591789,-0.817699,-0.128052,0.225846,0.692868,-0.548055,0.306480,0.265361,-2.409868,-0.048731,1.390748,-2.114189,-1.271609,3.569014,0.108457,-0.313329,-0.470746,0.255667,0.387666,-0.254122,-0.006803,0.119658
7.779980,-0.593641,-2.400057,2.006610,2.137452,-0.990069,0.171861,0.591812,-0.794541,-0.133759,0.247428,0.694918,-0.549489,0.307435,0.265287,-2.410194,-0.049202,1.391004,-2.113795,-1.271867,3.569018,0.108584,-0.316393,-0.471406,0.254836,0.388941,-0.254887,-0.002991,0.121195
7.781006,-0.591408,-2.404054,2.011275,2.136232,-0.985983,0.170484,0.593255,-0.719980,-0.167016,0.319647,0.687658,-0.554299,0.309916,0.265012,-2.410831,-0.050163,1.391509,-2.113013,-1.272397,3.569011,0.108843,-0.318252,-0.473231,0.253290,0.391380,-0.261138,-0.003399,0.124905
7.781999,-0.592975,-2.402304,2.016858,2.136847,-0.985925,0.170337,0.594299,-0.719980,-0.167016,0.319647,0.687658,-0.554299,0.309916,0.265012,-2.410831,-0.050163,1.391509,-2.113013,-1.272397,3.569011,0.108843,-0.318252,-0.473231,0.253290,0.391380,-0.261138,-0.003399,0.124905
7.783118,-0.588644,-2.399225,2.018240,2.137323,-0.984792,0.168190,0.594442,-0.672969,-0.192195,0.365636,0.680832,-0.557131,0.311171,0.264882,-2.411150,-0.050639,1.391759,-2.112627,-1.272660,3.569004,0.108974,-0.317101,-0.474966,0.251632,0.391627,-0.260882,-0.004892,0.126274
7.784037,-0.588945,-2.402501,2.025171,2.131222,-0.983826,0.166007,0.595002,-0.623659,-0.220437,0.413967,0.672858,-0.559981,0.312247,0.264798,-2.411472,-0.051123,1.392008,-2.112232,-1.272922,3.568999,0.109112,-0.319350,-0.478077,0.252631,0.393116,-0.262048,-0.004580,0.129934
7.785004,-0.580796,-2.400700,2.025592,2.130604,-0.978710,0.163026,0.595295,-0.574248,-0.249944,0.462584,0.662497,-0.562961,0.312983,0.264803,-2.411792,-0.051597,1.392252,-2.111819,-1.273190,3.568999,0.109248,-0.318544,-0.476773,0.250030,0.398738,-0.262504,-0.003938,0.131929
7.786060,-0.576953,-2.408391,2.028054,2.130895,-0.978218,0.161996,0.596361,-0.523440,-0.281667,0.512911,0.647875,-0.566339,0.313287,0.264926,-2.412120,-0.052080,1.392506,-2.111421,-1.273468,3.568999,0.109390,-0.322116,-0.478269,0.250828,0.399616,-0.267171,-0.002575,0.134650
7.787048,-0.574954,-2.406925,2.032087,2.128253,-0.976998,0.163571,0.596362,-0.469289,-0.317241,0.566818,0.630467,-0.569970,0.313258,0.265160,-2.412448,-0.052555,1.392753,-2.111019,-1.273737,3.568994,0.109533,-0.323771,-0.475632,0.251023,0.400451,-0.267419,-0.003309,0.136157
7.788185,-0.574138,-2.413557,2.038854,2.127641,-0.978873,0.163215,0.597669,-0.411403,-0.357200,0.624556,0.612188,-0.573647,0.313050,0.265469,-2.412777,-0.053033,1.393004,-2.110615,-1.274007,3.568981,0.109680,-0.324273,-0.477187,0.250104,0.403492,-0.268279,-0.006490,0.139536
7.789006,-0.572590,-2.412703,2.044938,2.121194,-0.978508,0.160929,0.598626,-0.350564,-0.400697,0.685325,0.592621,-0.577447,0.312784,0.265815,-2.413102,-0.053506,1.393245,-2.110205,-1.274270,3.568969,0.109821,-0.324748,-0.475659,0.248544,0.405864,-0.266437,-0.007957,0.140888
7.789989,-0.565943,-2.409160,2.047982,2.117756,-0.975970,0.158205,0.599555,-0.286860,-0.447224,0.749125,0.570298,-0.581575,0.312544,0.266177,-2.413430,-0.053984,1.393488,-2.109781,-1.274533,3.568963,0.109967,-0.324465,-0.475777,0.246004,0.410551,-0.266130,-0.006994,0.141670
7.791085,-0.563059,-2.412458,2.045707,2.116443,-0.976934,0.153530,0.601630,-0.220635,-0.495628,0.815775,0.543606,-0.586185,0.312338,0.266553,-2.413759,-0.054458,1.393734,-2.109365,-1.274808,3.568961,0.110113,-0.327303,-0.478355,0.245643,0.414032,-0.268271,-0.005905,0.143166
7.792058,-0.559994,-2.410765,2.049877,2.113119,-0.977288,0.149934,0.601168,-0.154889,-0.542974,0.882367,0.512389,-0.591151,0.312072,0.266945,-2.414090,-0.054938,1.393985,-2.108943,-1.275070,3.568963,0.110259,-0.328596,-0.478137,0.248362,0.416392,-0.267243,-0.003065,0.142795
7.793057,-0.558587,-2.413714,2.051697,2.110718,-0.978091,0.148430,0.602427,-0.093567,-0.586598,0.944930,0.477541,-0.596241,0.311519,0.267353,-2.414423,-0.055418,1.394232,-2.108525,-1.275337,3.568962,0.110412,-0.329529,-0.479660,0.247326,0.419612,-0.266527,-0.001110,0.147047
7.793953,-0.557122,-2.410950,2.053430,2.110074,-0.979961,0.147755,0.603230,-0.038106,-0.625527,1.001959,0.439694,-0.601338,0.310515,0.267782,-2.414750,-0.055896,1.394479,-2.108097,-1.275602,3.568959,0.110561,-0.329802,-0.479003,0.247616,0.421933,-0.265435,-0.001285,0.147895
7.795137,-0.554500,-2.412499,2.054819,2.109650,-0.979986,0.147325,0.603866,0.010978,-0.659365,1.052788,0.400576,-0.606250,0.309036,0.268225,-2.415083,-0.056383,1.394725,-2.107674,-1.275856,3.568953,0.110716,-0.329667,-0.480471,0.247527,0.421553,-0.263126,-0.002092,0.149258
7.796173,-0.550802,-2.414253,2.058696,2.102972,-0.982361,0.145929,0.605283,0.052467,-0.687059,1.096028,0.362415,-0.610763,0.307145,0.268686,-2.415414,-0.056864,1.394976,-2.107251,-1.276121,3.568944,0.110873,-0.331169,-0.481724,0.248766,0.423924,-0.263275,-0.003602,0.152108
7.797025,-0.549171,-2.409581,2.061676,2.101730,-0.981536,0.143999,0.604779,0.087181,-0.708631,1.132496,0.323943,-0.615168,0.304899,0.269189,-2.415750,-0.057348,1.395220,-2.106806,-1.276383,3.568940,0.111029,-0.332608,-0.481859,0.248191,0.430542,-0.260707,-0.003913,0.152777
7.797971,-0.541846,-2.402608,2.060441,2.098836,-0.984863,0.143206,0.607672,0.117280,-0.725135,1.164416,0.282982,-0.619912,0.302354,0.269738,-2.416085,-0.057834,1.395466,-2.106372,-1.276643,3.568937,0.111193,-0.332369,-0.483988,0.247283,0.429997,-0.260970,-0.003386,0.156562
7.798985,-0.541799,-2.401447,2.064934,2.094628,-0.986277,0.142131,0.608466,0.162949,-0.740301,1.213709,0.198552,-0.630102,0.296855,0.270823,-2.416759,-0.058831,1.395962,-2.105493,-1.277146,3.568925,0.111504,-0.334821,-0.489004,0.247869,0.436060,-0.255820,-0.004750,0.155769
7.800068,-0.541276,-2.396603,2.070011,2.092869,-0.985775,0.141556,0.609377,0.162949,-0.740301,1.213709,0.198552,-0.630102,0.296855,0.270823,-2.416759,-0.058831,1.395962,-2.105493,-1.277146,3.568925,0.111504,-0.334821,-0.489004,0.247869,0.436060,-0.255820,-0.004750,0.155769
7.801118,-0.537925,-2.390110,2.072912,2.090121,-0.986991,0.138873,0.610695,0.177539,-0.737809,1.230119,0.155094,-0.635605,0.294015,0.271308,-2.417098,-0.059327,1.396207,-2.105044,-1.277404,3.568916,0.111666,-0.334802,-0.492625,0.246896,0.438065,-0.256323,-0.005949,0.157629
7.802047,-0.538823,-2.387160,2.074829,2.085563,-0.984571,0.136250,0.611240,0.186344,-0.728243,1.240735,0.110933,-0.641337,0.291176,0.271742,-2.417434,-0.059837,1.396451,-2.104597,-1.277657,3.568912,0.111825,-0.336140,-0.496671,0.246902,0.440808,-0.255039,-0.004985,0.158547
7.802971,-0.537097,-2.380505,2.074714,2.079825,-0.983275,0.134366,0.612065,0.188645,-0.711360,1.244872,0.066550,-0.647178,0.288318,0.272129,-2.417768,-0.060339,1.396698,-2.104143,-1.277918,3.568908,0.111994,-0.334905,-0.498223,0.246845,0.443965,-0.257082,-0.003898,0.160508
7.804097,-0.537649,-2.381597,2.081637,2.078999,-0.982901,0.132602,0.612650,0.182995,-0.687278,1.241165,0.021680,-0.653054,0.285289,0.272498,-2.418100,-0.060851,1.396948,-2.103690,-1.278179,3.568905,0.112158,-0.335034,-0.501515,0.247752,0.448271,-0.257940,-0.003556,0.161893
7.804991,-0.538657,-2.380305,2.082958,2.077779,-0.982351,0.130514,0.614105,0.169827,-0.657349,1.230055,-0.023373,-0.658802,0.282050,0.272873,-2.418434,-0.061362,1.397190,-2.103232,-1.278434,3.568902,0.112332,-0.334680,-0.502236,0.246054,0.449574,-0.258420,-0.003673,0.164546
7.805981,-0.534098,-2.379407,2.085841,2.074386,-0.983889,0.128850,0.614158,0.151936,-0.624796,1.214131,-0.065925,-0.664002,0.278718,0.273265,-2.418768,-0.061863,1.397437,-2.102788,-1.278694,3.568900,0.112498,-0.333290,-0.502755,0.246172,0.449245,-0.258484,-0.003068,0.164523
7.807077,-0.535010,-2.375705,2.087634,2.073153,-0.985808,0.126592,0.614929,0.131958,-0.592839,1.195844,-0.103202,-0.668268,0.275390,0.273673,-2.419104,-0.062373,1.397684,-2.102328,-1.278944,3.568896,0.112672,-0.335037,-0.503611,0.245880,0.451737,-0.256765,-0.003047,0.167709
7.808089,-0.535509,-2.372987,2.091413,2.072640,-0.988574,0.123804,0.614657,0.111218,-0.562880,1.176539,-0.134836,-0.671564,0.272090,0.274102,-2.419439,-0.062891,1.397930,-2.101866,-1.279192,3.568893,0.112846,-0.334365,-0.506481,0.246597,0.453061,-0.254954,-0.002608,0.169846
7.808972,-0.536999,-2.373592,2.095342,2.066391,-0.987163,0.122700,0.614083,0.088562,-0.534136,1.155064,-0.160569,-0.673865,0.268766,0.274561,-2.419767,-0.063400,1.398175,-2.101413,-1.279437,3.568893,0.113030,-0.333719,-0.508388,0.245971,0.453021,-0.252122,-0.001519,0.173717
7.810040,-0.533195,-2.369331,2.097369,2.063395,-0.989613,0.121413,0.614875,0.063608,-0.506773,1.131027,-0.180396,-0.675191,0.265355,0.275057,-2.420097,-0.063911,1.398418,-2.100945,-1.279688,3.568889,0.113215,-0.332103,-0.507755,0.244762,0.457090,-0.253147,-0.001888,0.177659
7.811035,-0.528448,-2.369067,2.098752,2.060305,-0.989510,0.121574,0.614218,0.038011,-0.482218,1.106241,-0.196197,-0.675790,0.261840,0.275586,-2.420436,-0.064425,1.398664,-2.100476,-1.279936,3.568886,0.113400,-0.333701,-0.510792,0.245259,0.459718,-0.250712,-0.002380,0.179585
7.811988,-0.524624,-2.368297,2.099147,2.059524,-0.989786,0.119216,0.616232,0.013616,-0.461265,1.082701,-0.209337,-0.675852,0.258336,0.276118,-2.420772,-0.064939,1.398912,-2.100015,-1.280187,3.568876,0.113591,-0.335522,-0.511285,0.245733,0.461876,-0.250679,-0.004167,0.184142
7.813047,-0.519223,-2.368754,2.105675,2.055574,-0.992111,0.117345,0.615864,-0.007678,-0.445042,1.062264,-0.218707,-0.675276,0.255071,0.276625,-2.421113,-0.065455,1.399157,-2.099555,-1.280432,3.568875,0.113776,-0.336673,-0.511751,0.246564,0.461321,-0.250201,-0.003377,0.183132
7.813986,-0.516199,-2.371253,2.103734,2.054425,-0.992147,0.114440,0.616712,-0.023380,-0.435236,1.047345,-0.223283,-0.673993,0.252242,0.277095,-2.421457,-0.065963,1.399397,-2.099088,-1.280680,3.568872,0.113972,-0.338965,-0.512413,0.244802,0.464917,-0.247891,-0.003275,0.187370
7.814959,-0.512785,-2.371227,2.111744,2.057849,-0.994479,0.112063,0.616714,-0.031433,-0.433153,1.039989,-0.223387,-0.672112,0.249928,0.277529,-2.421793,-0.066477,1.399645,-2.098621,-1.280922,3.568873,0.114164,-0.339717,-0.511168,0.246747,0.464420,-0.247668,-0.001940,0.188636
7.816074,-0.513754,-2.376422,2.113723,2.058652,-0.995587,0.110434,0.617423,-0.031406,-0.439300,1.040403,-0.216612,-0.669377,0.248187,0.277904,-2.422137,-0.066982,1.399886,-2.098162,-1.281164,3.568870,0.114365,-0.340695,-0.511538,0.243853,0.459850,-0.245199,-0.001189,0.191734
7.817091,-0.513791,-2.378047,2.114545,2.055345,-0.997891,0.109864,0.618505,-0.023528,-0.453498,1.048074,-0.199355,-0.665385,0.247088,0.278186,-2.422475,-0.067489,1.400134,-2.097706,-1.281407,3.568869,0.114564,-0.340041,-0.510182,0.244560,0.459533,-0.244308,-0.001439,0.193976
7.817975,-0.511256,-2.372643,2.112224,2.053190,-1.000312,0.109789,0.617886,-0.011031,-0.473582,1.059846,-0.172823,-0.660312,0.246403,0.278378,-2.422815,-0.068002,1.400379,-2.097236,-1.281643,3.568866,0.114768,-0.339503,-0.509931,0.245440,0.461985,-0.242039,-0.002566,0.195050
7.819048,-0.508560,-2.370372,2.113285,2.053375,-1.001485,0.109119,0.619569,0.000297,-0.495156,1.070176,-0.141016,-0.654637,0.245769,0.278516,-2.423157,-0.068516,1.400631,-2.096777,-1.281879,3.568859,0.114978,-0.339768,-0.512309,0.247274,0.462103,-0.239341,-0.003939,0.199011
7.820025,-0.501671,-2.370275,2.115214,2.053352,-1.001108,0.105958,0.618515,0.006378,-0.513968,1.075091,-0.105935,-0.648584,0.245081,0.278638,-2.423496,-0.069034,1.400880,-2.096316,-1.282112,3.568853,0.115177,-0.340812,-0.514305,0.248212,0.461811,-0.238391,-0.005030,0.199105
7.821135,-0.502901,-2.376051,2.115199,2.056457,-1.002318,0.103519,0.618351,0.008142,-0.529251,1.075500,-0.067611,-0.642167,0.244502,0.278750,-2.423843,-0.069551,1.401129,-2.095855,-1.282353,3.568850,0.115393,-0.343526,-0.514561,0.248310,0.460742,-0.238681,-0.003468,0.204306
7.822127,-0.501371,-2.383464,2.115236,2.060100,-1.001561,0.102569,0.617958,0.008792,-0.543089,1.074472,-0.025171,-0.635331,0.244221,0.278864,-2.424181,-0.070057,1.401384,-2.095407,-1.282589,3.568846,0.115613,-0.342705,-0.512906,0.249896,0.458191,-0.237726,-0.002883,0.208181
7.823037,-0.498643,-2.380525,2.119649,2.061267,-1.005370,0.101517,0.617164,0.009122,-0.557427,1.072551,0.023400,-0.627876,0.244300,0.278984,-2.424526,-0.070564,1.401637,-2.094958,-1.282828,3.568842,0.115832,-0.342811,-0.509633,0.250966,0.453881,-0.238461,-0.003585,0.212057
7.823982,-0.492042,-2.377473,2.116117,2.060056,-1.003074,0.098918,0.618646,0.010109,-0.573696,1.070544,0.079527,-0.619700,0.244853,0.279092,-2.424875,-0.071072,1.401885,-2.094516,-1.283056,3.568838,0.116060,-0.343181,-0.511048,0.249543,0.451421,-0.234476,-0.004036,0.216381
7.824989,-0.485132,-2.376891,2.113358,2.061222,-1.003630,0.095973,0.618385,0.012442,-0.591286,1.069270,0.141426,-0.611082,0.245916,0.279178,-2.425221,-0.071588,1.402145,-2.094061,-1.283296,3.568833,0.116277,-0.345647,-0.512612,0.252168,0.451379,-0.236660,-0.002986,0.216283
7.825993,-0.487597,-2.369244,2.113542,2.062590,-1.004075,0.092668,0.620448,0.014633,-0.608139,1.067495,0.205857,-0.602427,0.247310,0.279234,-2.425578,-0.072107,1.402403,-2.093611,-1.283529,3.568835,0.116504,-0.348343,-0.513295,0.254637,0.449678,-0.236129,-0.001737,0.219962
7.827067,-0.489830,-2.366573,2.113977,2.063178,-1.004619,0.090688,0.621681,0.001099,-0.625682,1.045583,0.333572,-0.585919,0.249747,0.279226,-2.426262,-0.073155,1.402923,-2.092717,-1.284004,3.568836,0.116945,-0.345671,-0.520799,0.257495,0.449464,-0.235741,-0.000246,0.220508
7.828111,-0.487047,-2.364580,2.112655,2.063457,-1.005965,0.089556,0.623447,0.001099,-0.625682,1.045583,0.333572,-0.585919,0.249747,0.279226,-2.426262,-0.073155,1.402923,-2.092717,-1.284004,3.568836,0.116945,-0.345671,-0.520799,0.257495,0.449464,-0.235741,-0.000246,0.220508
7.829104,-0.483323,-2.363245,2.115506,2.067059,-1.005179,0.090856,0.625742,-0.024258,-0.619069,1.016316,0.391572,-0.578553,0.250076,0.279199,-2.426615,-0.073680,1.403187,-2.092262,-1.284241,3.568831,0.117167,-0.346931,-0.523196,0.259862,0.450270,-0.234770,-0.001036,0.220668
7.829958,-0.481288,-2.363843,2.117125,2.064950,-1.005964,0.090774,0.626181,-0.059889,-0.603652,0.977162,0.443988,-0.571947,0.249867,0.279174,-2.426965,-0.074210,1.403448,-2.091823,-1.284478,3.568822,0.117389,-0.348498,-0.524832,0.259917,0.447516,-0.235833,-0.004161,0.219549
7.831011,-0.481770,-2.365182,2.118414,2.065314,-1.006001,0.088002,0.627756,-0.099179,-0.584239,0.934585,0.492039,-0.565957,0.249514,0.279143,-2.427317,-0.074740,1.403707,-2.091374,-1.284706,3.568817,0.117610,-0.348618,-0.524449,0.259977,0.448705,-0.235003,-0.005621,0.221571
7.832021,-0.477445,-2.367666,2.119524,2.064417,-1.006796,0.084448,0.628887,-0.138184,-0.564427,0.892508,0.535148,-0.560636,0.249146,0.279123,-2.427669,-0.075263,1.403971,-2.090929,-1.284945,3.568812,0.117834,-0.348280,-0.525285,0.261084,0.449762,-0.235373,-0.004762,0.222149
7.832996,-0.470426,-2.370915,2.114809,2.065898,-1.007211,0.083331,0.629064,-0.175820,-0.545835,0.852163,0.571744,-0.556145,0.248663,0.279132,-2.428018,-0.075790,1.404235,-2.090475,-1.285176,3.568812,0.118060,-0.350234,-0.525169,0.262066,0.451378,-0.234931,-0.003077,0.223430
7.834083,-0.467122,-2.368470,2.121049,2.069190,-1.007459,0.080794,0.631161,-0.210250,-0.530414,0.815431,0.602112,-0.552445,0.248098,0.279178,-2.428377,-0.076310,1.404509,-2.090025,-1.285414,3.568809,0.118293,-0.353268,-0.524484,0.265703,0.450274,-0.234710,-0.003783,0.226451
7.835039,-0.475133,-2.363065,2.131202,2.070172,-1.005571,0.080132,0.633429,-0.239386,-0.519590,0.784165,0.628719,-0.549228,0.247635,0.279249,-2.428730,-0.076845,1.404772,-2.089584,-1.285648,3.568806,0.118519,-0.354926,-0.527348,0.264451,0.448906,-0.235001,-0.003247,0.226107
7.835979,-0.467870,-2.364275,2.126360,2.071071,-1.006488,0.078307,0.635424,-0.263327,-0.511976,0.757979,0.653897,-0.546127,0.247392,0.279324,-2.429074,-0.077385,1.405023,-2.089133,-1.285888,3.568799,0.118741,-0.350484,-0.530630,0.260793,0.448102,-0.237032,-0.004336,0.224876
7.836988,-0.473224,-2.363823,2.121613,2.072420,-1.006753,0.074480,0.636319,-0.284595,-0.505072,0.734303,0.678676,-0.542920,0.247314,0.279391,-2.429438,-0.077915,1.405297,-2.088684,-1.286129,3.568798,0.118965,-0.353505,-0.530578,0.264385,0.447226,-0.236161,-0.004249,0.224134
7.838034,-0.469709,-2.364438,2.133040,2.072584,-1.009078,0.073178,0.638368,-0.308162,-0.496422,0.708236,0.703486,-0.539498,0.247126,0.279449,-2.429782,-0.078452,1.405572,-2.088240,-1.286367,3.568800,0.119192,-0.350593,-0.531813,0.268165,0.446824,-0.236193,-0.002294,0.225901
7.838983,-0.471696,-2.369865,2.130939,2.070813,-1.009949,0.071757,0.639782,-0.336120,-0.485090,0.677768,0.727571,-0.535949,0.246610,0.279505,-2.430138,-0.078991,1.405828,-2.087790,-1.286598,3.568794,0.119417,-0.352218,-0.532755,0.264180,0.447895,-0.234304,-0.002935,0.225480
7.839996,-0.468720,-2.369167,2.133580,2.070991,-1.011882,0.070192,0.641570,-0.363808,-0.473968,0.647705,0.748898,-0.532634,0.245850,0.279551,-2.430482,-0.079517,1.406099,-2.087340,-1.286831,3.568792,0.119641,-0.350787,-0.530709,0.266466,0.449793,-0.233628,-0.003268,0.225945
7.841032,-0.467580,-2.365240,2.136192,2.072942,-1.012878,0.068247,0.643773,-0.388645,-0.465099,0.620822,0.765964,-0.529847,0.244887,0.279585,-2.430838,-0.080053,1.406364,-2.086887,-1.287057,3.568787,0.119869,-0.351998,-0.532126,0.266666,0.450370,-0.232100,-0.003558,0.225904
7.842018,-0.475625,-2.366995,2.137635,2.069809,-1.013857,0.065178,0.644010,-0.411420,-0.457316,0.596422,0.779258,-0.527561,0.243787,0.279610,-2.431192,-0.080588,1.406633,-2.086436,-1.287288,3.568783,0.120092,-0.352372,-0.535335,0.266964,0.449511,-0.231540,-0.003518,0.225161
7.842949,-0.478843,-2.364439,2.138042,2.065510,-1.013205,0.064049,0.645506,-0.434867,-0.447893,0.571793,0.789050,-0.525749,0.242515,0.279635,-2.431529,-0.081124,1.406901,-2.085981,-1.287519,3.568781,0.120324,-0.348123,-0.535270,0.267618,0.453079,-0.230853,-0.002262,0.228133
7.844093,-0.480468,-2.370219,2.143784,2.071182,-1.012814,0.060240,0.646244,-0.464262,-0.433620,0.541771,0.793078,-0.524662,0.240720,0.279695,-2.431872,-0.081670,1.407169,-2.085515,-1.287753,3.568777,0.120556,-0.346067,-0.536883,0.268541,0.456901,-0.231639,-0.002862,0.228280
7.845040,-0.471584,-2.365630,2.143981,2.067957,-1.012694,0.058957,0.648249,-0.500283,-0.414387,0.505644,0.791413,-0.524262,0.238334,0.279803,-2.432221,-0.082200,1.407438,-2.085071,-1.287994,3.568777,0.120793,-0.345566,-0.536048,0.267765,0.453659,-0.232653,-0.001167,0.230916
7.845969,-0.468182,-2.363518,2.148758,2.064878,-1.013211,0.057577,0.648970,-0.537183,-0.393583,0.468983,0.787296,-0.524141,0.235742,0.279942,-2.432575,-0.082747,1.407707,-2.084608,-1.288223,3.568775,0.121023,-0.349519,-0.538807,0.268875,0.456720,-0.232973,-0.001654,0.230120
7.847036,-0.471325,-2.362613,2.155605,2.062234,-1.016431,0.055540,0.649206,-0.568578,-0.374207,0.438205,0.780953,-0.524265,0.233309,0.280129,-2.432926,-0.083284,1.407971,-2.084140,-1.288451,3.568769,0.121259,-0.350624,-0.540254,0.267621,0.459258,-0.232623,-0.001968,0.231848
7.847994,-0.468879,-2.362599,2.155277,2.058009,-1.017246,0.053307,0.650884,-0.591885,-0.357075,0.416003,0.770173,-0.524930,0.231109,0.280413,-2.433267,-0.083831,1.408239,-2.083672,-1.288678,3.568766,0.121497,-0.349113,-0.542027,0.265956,0.462939,-0.229935,-0.001902,0.235131
7.848993,-0.465624,-2.366134,2.157423,2.054166,-1.018331,0.052194,0.650420,-0.608552,-0.341453,0.401008,0.753138,-0.526404,0.228975,0.280818,-2.433617,-0.084379,1.408506,-2.083198,-1.288902,3.568767,0.121736,-0.349913,-0.542514,0.267412,0.466814,-0.229435,-0.001457,0.235002
7.849990,-0.463980,-2.357826,2.160784,2.051808,-1.018704,0.050571,0.651780,-0.619947,-0.327433,0.391897,0.728848,-0.528865,0.226746,0.281330,-2.433975,-0.084919,1.408772,-2.082726,-1.289130,3.568762,0.121984,-0.351164,-0.541622,0.267789,0.470796,-0.228704,-0.002185,0.239378
7.851039,-0.469137,-2.347801,2.168506,2.052676,-1.019664,0.050242,0.652674,-0.626478,-0.315096,0.388185,0.697680,-0.532283,0.224412,0.281918,-2.434326,-0.085477,1.409038,-2.082247,-1.289355,3.568756,0.122224,-0.351678,-0.546494,0.267558,0.473112,-0.228723,-0.002383,0.240050
7.852015,-0.466919,-2.341699,2.169436,2.048655,-1.020780,0.047484,0.652981,-0.631765,-0.300698,0.386050,0.661965,-0.536275,0.222015,0.282543,-2.434672,-0.086046,1.409300,-2.081769,-1.289580,3.568752,0.122472,-0.349024,-0.552431,0.265424,0.472820,-0.228283,-0.003995,0.241897
7.853052,-0.461314,-2.344013,2.174379,2.044593,-1.020302,0.044510,0.653653,-0.640554,-0.279831,0.380599,0.623977,-0.540493,0.219565,0.283167,-2.435022,-0.086605,1.409569,-2.081288,-1.289806,3.568747,0.122719,-0.349797,-0.555954,0.266313,0.476549,-0.227486,-0.003000,0.244600
7.853964,-0.461409,-2.348371,2.173868,2.037739,-1.020454,0.041793,0.653431,-0.651639,-0.253834,0.373176,0.583145,-0.545125,0.217095,0.283768,-2.435380,-0.087162,1.409833,-2.080797,-1.290034,3.568748,0.122971,-0.352381,-0.555726,0.265501,0.480764,-0.228440,-0.001970,0.246805
7.855029,-0.463467,-2.349981,2.181127,2.034079,-1.021739,0.039656,0.655007,-0.659926,-0.228343,0.369046,0.537439,-0.550631,0.214606,0.284337,-2.435733,-0.087711,1.410100,-2.080295,-1.290264,3.568748,0.123228,-0.351640,-0.553668,0.266812,0.486042,-0.228383,-0.000950,0.250241
7.856104,-0.460167,-2.349396,2.187677,2.029635,-1.021331,0.036947,0.656023,-0.663693,-0.207030,0.369963,0.485435,-0.557318,0.211945,0.284876,-2.436079,-0.088269,1.410361,-2.079801,-1.290490,3.568747,0.123486,-0.350627,-0.554055,0.264986,0.490100,-0.227650,-0.000801,0.250718
7.857024,-0.452990,-2.341489,2.189054,2.026268,-1.020693,0.035571,0.657256,-0.662249,-0.191225,0.376616,0.426798,-0.565271,0.209056,0.285389,-2.436438,-0.088831,1.410620,-2.079296,-1.290721,3.568747,0.123740,-0.352213,-0.555544,0.263622,0.494775,-0.228606,-0.000091,0.252410
7.858043,-0.457913,-2.332939,2.193646,2.027331,-1.019394,0.032561,0.658966,-0.654155,-0.181125,0.390374,0.362861,-0.574299,0.206093,0.285869,-2.436794,-0.089397,1.410885,-2.078795,-1.290957,3.568747,0.123995,-0.355140,-0.559515,0.264060,0.496672,-0.229314,-0.000437,0.252958
7.859039,-0.463844,-2.329954,2.204460,2.020105,-1.017611,0.031357,0.659407,-0.642636,-0.173444,0.407635,0.297708,-0.583767,0.203145,0.286298,-2.437144,-0.089973,1.411146,-2.078298,-1.291186,3.568746,0.124245,-0.352423,-0.564410,0.263374,0.495358,-0.231022,0.000690,0.253016
7.859973,-0.460694,-2.329565,2.209385,2.014756,-1.019410,0.030223,0.662613,-0.633689,-0.163705,0.422086,0.234313,-0.593113,0.200059,0.286688,-2.437492,-0.090537,1.411399,-2.077780,-1.291425,3.568744,0.124506,-0.349174,-0.566458,0.259547,0.501683,-0.233054,0.000030,0.255502
7.861031,-0.453961,-2.332242,2.210912,2.014256,-1.019675,0.030513,0.663072,-0.627540,-0.152302,0.433710,0.171159,-0.602420,0.196700,0.287062,-2.437847,-0.091109,1.411655,-2.077269,-1.291653,3.568745,0.124750,-0.350198,-0.566666,0.258390,0.505470,-0.231401,-0.000576,0.252160
7.862026,-0.443850,-2.332261,2.212558,2.008428,-1.020402,0.030650,0.663434,-0.619027,-0.143758,0.447837,0.108264,-0.611648,0.193261,0.287418,-2.438204,-0.091679,1.411915,-2.076754,-1.291883,3.568740,0.125012,-0.353451,-0.566291,0.259464,0.505766,-0.231656,-0.002830,0.254912
7.862977,-0.448231,-2.337671,2.221844,2.003993,-1.021419,0.029408,0.663611,-0.603028,-0.142140,0.469434,0.048036,-0.620448,0.190107,0.287758,-2.438570,-0.092242,1.412175,-2.076238,-1.292114,3.568734,0.125278,-0.358027,-0.566883,0.260150,0.510680,-0.231240,-0.004780,0.257504
7.864068,-0.447908,-2.346397,2.225270,2.006038,-1.020764,0.025386,0.665196,-0.576803,-0.149710,0.501125,-0.009328,-0.628758,0.187408,0.288096,-2.438918,-0.092804,1.412424,-2.075715,-1.292338,3.568727,0.125542,-0.355313,-0.564421,0.256913,0.513482,-0.230491,-0.005256,0.260278
7.864951,-0.449068,-2.343316,2.228911,1.998397,-1.018031,0.022712,0.666936,-0.540988,-0.167318,0.542042,-0.062260,-0.636375,0.185124,0.288413,-2.439275,-0.093354,1.412682,-2.075199,-1.292571,3.568730,0.125807,-0.355486,-0.561504,0.257223,0.511556,-0.231721,-0.003261,0.260829
7.865972,-0.446845,-2.343067,2.233559,1.997499,-1.019207,0.020520,0.666778,-0.499488,-0.193187,0.588077,-0.108216,-0.642935,0.183103,0.288688,-2.439627,-0.093923,1.412940,-2.074680,-1.292811,3.568730,0.126069,-0.354136,-0.562766,0.256418,0.516942,-0.234404,-0.002241,0.260171
7.867040,-0.444318,-2.342880,2.241274,1.997938,-1.018520,0.019948,0.669769,-0.456940,-0.223273,0.634722,-0.147498,-0.648401,0.181169,0.288937,-2.439983,-0.094493,1.413193,-2.074159,-1.293041,3.568728,0.126340,-0.354988,-0.563584,0.255814,0.517023,-0.233585,-0.001949,0.263937
7.867984,-0.446252,-2.336661,2.239707,1.992650,-1.021412,0.017428,0.668811,-0.414247,-0.255318,0.681041,-0.179160,-0.652663,0.179433,0.289164,-2.440344,-0.095055,1.413444,-2.073645,-1.293277,3.568723,0.126598,-0.356113,-0.564818,0.253913,0.516517,-0.234753,-0.003353,0.261561
7.869007,-0.439915,-2.344781,2.241628,1.990002,-1.021035,0.015493,0.670651,-0.373369,-0.286655,0.725026,-0.202182,-0.655629,0.177944,0.289368,-2.440694,-0.095630,1.413706,-2.073116,-1.293503,3.568721,0.126875,-0.354619,-0.568008,0.255995,0.520022,-0.232067,-0.002561,0.266600
7.870139,-0.442681,-2.353474,2.246852,1.993690,-1.022266,0.013234,0.670931,-0.337974,-0.314677,0.763228,-0.218393,-0.657589,0.176470,0.289574,-2.441057,-0.096193,1.413963,-2.072588,-1.293735,3.568721,0.127143,-0.357489,-0.564691,0.256712,0.521744,-0.232856,-0.002539,0.266298
7.871033,-0.440767,-2.353450,2.252613,1.988693,-1.025148,0.011027,0.671212,-0.305664,-0.342267,0.797902,-0.227343,-0.658666,0.175044,0.289770,-2.441407,-0.096744,1.414219,-2.072075,-1.293967,3.568721,0.127415,-0.356294,-0.562079,0.256285,0.518696,-0.232284,-0.002385,0.269662
7.872003,-0.439955,-2.346975,2.255686,1.985901,-1.024289,0.008027,0.670652,-0.272764,-0.372760,0.832382,-0.227312,-0.658811,0.173818,0.289933,-2.441764,-0.097309,1.414468,-2.071546,-1.294191,3.568719,0.127694,-0.356485,-0.561944,0.254582,0.521328,-0.229506,-0.001830,0.271910
7.873009,-0.437913,-2.346950,2.257789,1.987443,-1.023946,0.006700,0.669583,-0.240101,-0.404613,0.865959,-0.220014,-0.658248,0.172694,0.290073,-2.442126,-0.097876,1.414723,-2.071017,-1.294422,3.568723,0.127983,-0.356356,-0.565576,0.254521,0.522587,-0.230655,-0.000657,0.276164
7.873971,-0.435625,-2.343659,2.260100,1.985767,-1.024250,0.006115,0.671037,-0.210817,-0.434147,0.895645,-0.206456,-0.656993,0.171547,0.290215,-2.442481,-0.098443,1.414979,-2.070505,-1.294658,3.568719,0.128277,-0.357068,-0.566173,0.255090,0.520270,-0.231292,-0.001198,0.281562
7.875102,-0.440611,-2.347048,2.262115,1.988740,-1.022031,0.005559,0.671785,-0.186644,-0.459474,0.919563,-0.185341,-0.654796,0.170416,0.290349,-2.442841,-0.099020,1.415232,-2.069983,-1.294885,3.568715,0.128563,-0.357653,-0.567999,0.255375,0.520508,-0.231250,-0.002392,0.281690
7.876098,-0.433136,-2.344454,2.268533,1.988570,-1.024792,0.003197,0.672979,-0.169021,-0.479706,0.936102,-0.156182,-0.651515,0.169337,0.290449,-2.443189,-0.099582,1.415492,-2.069474,-1.295127,3.568706,0.128858,-0.355395,-0.567890,0.256536,0.518291,-0.234076,-0.003891,0.284011
7.877025,-0.432273,-2.346932,2.268451,1.988394,-1.025811,0.002393,0.673397,-0.157565,-0.495251,0.945550,-0.119151,-0.647112,0.168422,0.290517,-2.443553,-0.100157,1.415742,-2.068955,-1.295350,3.568702,0.129144,-0.358712,-0.569658,0.254945,0.517470,-0.231662,-0.003344,0.284846
7.878102,-0.429776,-2.349696,2.274316,1.990846,-1.025898,-0.000498,0.673844,-0.148026,-0.508975,0.952209,-0.075189,-0.641730,0.167920,0.290561,-2.443915,-0.100721,1.416004,-2.068441,-1.295580,3.568694,0.129435,-0.358407,-0.568464,0.256192,0.515971,-0.230807,-0.004232,0.286938
7.879079,-0.430824,-2.346681,2.282653,1.991649,-1.027923,-0.003295,0.674904,-0.137464,-0.523441,0.959078,-0.025340,-0.635515,0.167975,0.290598,-2.444272,-0.101290,1.416259,-2.067937,-1.295814,3.568692,0.129730,-0.359605,-0.568207,0.255195,0.513801,-0.231241,-0.003317,0.289609
7.880005,-0.429985,-2.350592,2.284183,1.992662,-1.029233,-0.005994,0.674649,-0.124404,-0.539836,0.967668,0.029617,-0.628569,0.168641,0.290641,-2.444630,-0.101867,1.416506,-2.067426,-1.296040,3.568690,0.130024,-0.358592,-0.570024,0.252597,0.511976,-0.229511,-0.002333,0.290594
7.881021,-0.426195,-2.349704,2.282334,1.993953,-1.031805,-0.006604,0.675711,-0.108523,-0.558330,0.978432,0.088522,-0.621087,0.169859,0.290678,-2.444990,-0.102429,1.416763,-2.066926,-1.296267,3.568689,0.130330,-0.358322,-0.568122,0.253106,0.509603,-0.228392,-0.001354,0.293984
7.882048,-0.426578,-2.340137,2.286361,1.994150,-1.032514,-0.008231,0.677268,-0.091889,-0.578188,0.989380,0.150252,-0.613294,0.171431,0.290697,-2.445354,-0.103003,1.417023,-2.066423,-1.296488,3.568684,0.130632,-0.359856,-0.569204,0.255668,0.507910,-0.226283,-0.002627,0.295094
7.883047,-0.423873,-2.344259,2.293079,1.996309,-1.030127,-0.008056,0.677274,-0.078561,-0.596094,0.996566,0.213097,-0.605423,0.173136,0.290697,-2.445715,-0.103590,1.417279,-2.065915,-1.296714,3.568681,0.130928,-0.359339,-0.574567,0.255333,0.507350,-0.226041,-0.002888,0.295309
7.884000,-0.422203,-2.341562,2.293844,1.993136,-1.033079,-0.008263,0.678708,-0.069532,-0.609918,0.999064,0.275640,-0.597639,0.174913,0.290685,-2.446072,-0.104157,1.417532,-2.065418,-1.296947,3.568672,0.131230,-0.360325,-0.572995,0.253577,0.504705,-0.228769,-0.004884,0.298510
7.885086,-0.413226,-2.345144,2.300311,1.994450,-1.032570,-0.009204,0.678565,-0.061394,-0.621770,1.000353,0.336601,-0.590174,0.176838,0.290665,-2.446439,-0.104738,1.417788,-2.064906,-1.297170,3.568662,0.131531,-0.360495,-0.574447,0.254605,0.506621,-0.226052,-0.006392,0.298604
7.886079,-0.409238,-2.352363,2.299480,1.994904,-1.035613,-0.010652,0.680235,-0.050266,-0.634438,1.004610,0.393674,-0.583425,0.178994,0.290640,-2.446809,-0.105303,1.418042,-2.064408,-1.297399,3.568653,0.131842,-0.364832,-0.573860,0.253361,0.505790,-0.227178,-0.007417,0.302458
7.886967,-0.404547,-2.349037,2.303049,1.993781,-1.037372,-0.011910,0.679055,-0.031462,-0.651527,1.016650,0.446242,-0.577572,0.181562,0.290600,-2.447175,-0.105872,1.418302,-2.063901,-1.297614,3.568643,0.132145,-0.366301,-0.570724,0.255313,0.504581,-0.224569,-0.007754,0.302233
7.888100,-0.405395,-2.350401,2.300146,1.996331,-1.036238,-0.013404,0.679911,-0.003708,-0.674684,1.037673,0.495116,-0.572572,0.184604,0.290524,-2.447544,-0.106449,1.418553,-2.063396,-1.297838,3.568633,0.132465,-0.367693,-0.572065,0.254632,0.503792,-0.222935,-0.008086,0.307277
7.889085,-0.401962,-2.347623,2.302435,1.996996,-1.036973,-0.014239,0.678989,0.027677,-0.700131,1.062332,0.540914,-0.568247,0.187929,0.290411,-2.447910,-0.107018,1.418820,-2.062897,-1.298065,3.568622,0.132784,-0.367303,-0.572917,0.258207,0.502303,-0.224829,-0.008647,0.309244
7.890090,-0.404312,-2.349470,2.301955,1.994953,-1.038932,-0.014880,0.679990,0.055744,-0.722506,1.083636,0.584678,-0.564250,0.191311,0.290275,-2.448282,-0.107599,1.419075,-2.062396,-1.298286,3.568611,0.133107,-0.368435,-0.574610,0.258556,0.500931,-0.224462,-0.009582,0.314157
7.891123,-0.403821,-2.348562,2.304929,1.995652,-1.042089,-0.015541,0.681225,0.076647,-0.738873,1.097834,0.626233,-0.560436,0.194555,0.290137,-2.448652,-0.108165,1.419339,-2.061888,-1.298506,3.568600,0.133426,-0.366721,-0.574290,0.260333,0.502368,-0.222948,-0.010750,0.315265
7.892129,-0.401654,-2.347021,2.304287,1.992785,-1.046523,-0.015512,0.681452,0.088835,-0.748241,1.103625,0.664120,-0.556888,0.197474,0.290017,-2.449018,-0.108743,1.419600,-2.061390,-1.298720,3.568583,0.133741,-0.366642,-0.575447,0.260510,0.501578,-0.220371,-0.011912,0.316076
7.893013,-0.397075,-2.348784,2.299882,1.994217,-1.051430,-0.016385,0.681296,0.092250,-0.750448,1.101193,0.697161,-0.553693,0.200002,0.289939,-2.449390,-0.109326,1.419864,-2.060878,-1.298923,3.568565,0.134070,-0.367209,-0.576640,0.262376,0.503752,-0.216547,-0.013718,0.318751
7.894123,-0.390688,-2.349499,2.298387,1.990520,-1.050779,-0.018822,0.680590,0.088034,-0.746377,1.091708,0.725538,-0.550863,0.202189,0.289930,-2.449765,-0.109895,1.420138,-2.060388,-1.299129,3.568550,0.134399,-0.368471,-0.575429,0.265425,0.500669,-0.211912,-0.014387,0.321640
7.895038,-0.389512,-2.348401,2.302190,1.985691,-1.053837,-0.021306,0.680396,0.078052,-0.737887,1.076900,0.750082,-0.548374,0.204078,0.290002,-2.450140,-0.110476,1.420409,-2.059872,-1.299345,3.568538,0.134735,-0.371532,-0.576317,0.268087,0.504825,-0.213397,-0.013941,0.326611
7.895974,-0.386416,-2.343745,2.297442,1.986269,-1.055656,-0.022858,0.679294,0.064939,-0.726899,1.059560,0.768968,-0.546515,0.205596,0.290149,-2.450513,-0.111048,1.420676,-2.059357,-1.299548,3.568524,0.135073,-0.371202,-0.576755,0.267219,0.507784,-0.210682,-0.013074,0.329658
7.897106,-0.381581,-2.339128,2.298286,1.985425,-1.057769,-0.023676,0.679319,0.048958,-0.713490,1.040060,0.781346,-0.545429,0.206603,0.290348,-2.450882,-0.111634,1.420956,-2.058855,-1.299758,3.568509,0.135416,-0.371997,-0.578968,0.270629,0.505886,-0.209249,-0.013182,0.334624
7.897985,-0.369133,-2.331152,2.301216,1.981477,-1.057960,-0.024174,0.679509,0.027851,-0.695771,1.015931,0.789738,-0.544796,0.207071,0.290583,-2.451262,-0.112230,1.421231,-2.058344,-1.299962,3.568488,0.135764,-0.374310,-0.582490,0.272163,0.507511,-0.208098,-0.014362,0.338148
7.899045,-0.371848,-2.329946,2.303321,1.979232,-1.061023,-0.027209,0.680159,0.003836,-0.674119,0.989331,0.795259,-0.544469,0.207226,0.290851,-2.451651,-0.112821,1.421504,-2.057835,-1.300170,3.568470,0.136112,-0.379334,-0.585872,0.271498,0.509338,-0.208153,-0.015394,0.340228
7.900103,-0.368101,-2.332410,2.301998,1.974708,-1.062246,-0.028887,0.680900,-0.018883,-0.650840,0.964559,0.797247,-0.544527,0.207269,0.291139,-2.452023,-0.113410,1.421776,-2.057315,-1.300370,3.568454,0.136460,-0.377598,-0.587212,0.272147,0.511312,-0.205879,-0.014216,0.342202
7.901094,-0.370133,-2.332734,2.297138,1.968698,-1.064667,-0.030974,0.680857,-0.041448,-0.626622,0.940616,0.794408,-0.545078,0.207003,0.291450,-2.452405,-0.114004,1.422056,-2.056787,-1.300574,3.568437,0.136806,-0.379074,-0.586638,0.274393,0.515335,-0.205422,-0.014418,0.343987
7.902016,-0.365647,-2.327404,2.299409,1.963924,-1.069886,-0.031716,0.681530,-0.067959,-0.601079,0.913665,0.784496,-0.546319,0.206048,0.291801,-2.452779,-0.114588,1.422345,-2.056259,-1.300776,3.568422,0.137162,-0.377421,-0.586791,0.277986,0.520085,-0.203585,-0.014089,0.347025
7.903167,-0.368582,-2.321840,2.298137,1.964178,-1.073746,-0.034332,0.681215,-0.101217,-0.573532,0.881103,0.765857,-0.548408,0.204202,0.292207,-2.453168,-0.115186,1.422621,-2.055729,-1.300967,3.568403,0.137510,-0.378638,-0.589104,0.277798,0.522711,-0.198871,-0.014960,0.348325
7.904038,-0.372328,-2.314362,2.297377,1.958238,-1.079088,-0.036245,0.683904,-0.142362,-0.542627,0.841651,0.739524,-0.551220,0.201533,0.292660,-2.453544,-0.115783,1.422910,-2.055211,-1.301157,3.568391,0.137873,-0.377132,-0.593227,0.280366,0.523228,-0.196170,-0.014403,0.352594
7.905001,-0.371571,-2.314530,2.294780,1.955117,-1.079037,-0.039419,0.685094,-0.194855,-0.505199,0.791628,0.707461,-0.554499,0.198013,0.293143,-2.453910,-0.116388,1.423197,-2.054673,-1.301342,3.568374,0.138218,-0.374273,-0.596127,0.281348,0.526291,-0.191255,-0.014016,0.349601
7.906142,-0.370238,-2.317207,2.294691,1.953133,-1.082061,-0.042371,0.686678,-0.260755,-0.460101,0.728888,0.670640,-0.558163,0.193538,0.293632,-2.454286,-0.116989,1.423485,-2.054138,-1.301529,3.568365,0.138570,-0.373943,-0.595902,0.283689,0.527642,-0.192035,-0.012573,0.350082
7.907110,-0.363876,-2.317617,2.294695,1.948432,-1.082665,-0.044758,0.688359,-0.335924,-0.411031,0.657422,0.630277,-0.562177,0.188233,0.294114,-2.454658,-0.117581,1.423778,-2.053610,-1.301715,3.568353,0.138927,-0.374625,-0.595891,0.285533,0.530068,-0.190148,-0.011679,0.350506
7.907984,-0.358159,-2.317359,2.298318,1.938928,-1.085622,-0.046479,0.689828,-0.412972,-0.363451,0.584461,0.587328,-0.566560,0.182382,0.294578,-2.455041,-0.118177,1.424064,-2.053067,-1.301902,3.568342,0.139273,-0.377019,-0.595682,0.286608,0.532878,-0.190247,-0.011031,0.350014
7.909062,-0.356372,-2.317814,2.303145,1.935179,-1.087464,-0.047951,0.690262,-0.483343,-0.322916,0.518666,0.540775,-0.571588,0.176301,0.295009,-2.455424,-0.118768,1.424349,-2.052508,-1.302086,3.568333,0.139623,-0.378697,-0.595156,0.285422,0.539053,-0.187731,-0.010890,0.349516
7.909997,-0.351946,-2.313560,2.301811,1.928008,-1.089731,-0.050823,0.690084,-0.540608,-0.293207,0.466715,0.488876,-0.577612,0.170229,0.295417,-2.455800,-0.119365,1.424638,-2.051963,-1.302274,3.568320,0.139975,-0.379302,-0.595736,0.284579,0.542089,-0.186886,-0.011357,0.352016
7.911069,-0.349394,-2.318695,2.299090,1.924727,-1.086874,-0.052603,0.692230,-0.584448,-0.273710,0.429029,0.431579,-0.584668,0.164230,0.295830,-2.456183,-0.119968,1.424924,-2.051403,-1.302457,3.568309,0.140337,-0.380588,-0.597528,0.286192,0.546564,-0.185242,-0.010142,0.355041
7.912094,-0.354148,-2.311296,2.299793,1.922298,-1.086298,-0.054848,0.693880,-0.618867,-0.261384,0.401470,0.370504,-0.592486,0.158220,0.296244,-2.456567,-0.120558,1.425219,-2.050852,-1.302655,3.568301,0.140694,-0.381453,-0.595761,0.289022,0.548938,-0.189011,-0.010331,0.353999
7.913022,-0.349189,-2.310578,2.301680,1.916813,-1.084727,-0.054933,0.695735,-0.650003,-0.251944,0.377553,0.308755,-0.600507,0.152058,0.296624,-2.456939,-0.121166,1.425511,-2.050297,-1.302848,3.568294,0.141044,-0.378588,-0.599779,0.289927,0.549805,-0.190339,-0.009950,0.353816
7.914000,-0.347380,-2.314590,2.302410,1.916163,-1.084929,-0.058618,0.695613,-0.682343,-0.241331,0.352503,0.249443,-0.608134,0.145726,0.296956,-2.457323,-0.121758,1.425801,-2.049734,-1.303042,3.568280,0.141397,-0.380141,-0.599852,0.289816,0.552466,-0.192432,-0.011531,0.352770
7.914982,-0.347505,-2.321209,2.306952,1.912064,-1.087334,-0.061956,0.697844,-0.713175,-0.230840,0.328782,0.195197,-0.614973,0.139477,0.297245,-2.457701,-0.122355,1.426097,-2.049186,-1.303236,3.568276,0.141755,-0.380328,-0.597877,0.290472,0.551185,-0.192863,-0.009608,0.355927
7.916055,-0.344163,-2.321577,2.309250,1.902230,-1.088599,-0.065605,0.697465,-0.737103,-0.225006,0.311511,0.148425,-0.620817,0.133551,0.297466,-2.458080,-0.122948,1.426382,-2.048625,-1.303423,3.568272,0.142107,-0.379560,-0.594686,0.289342,0.553129,-0.191154,-0.008078,0.354333
7.917031,-0.342853,-2.320518,2.305869,1.899354,-1.089654,-0.067815,0.698075,-0.751644,-0.226151,0.303487,0.106936,-0.626067,0.127895,0.297601,-2.458468,-0.123544,1.426674,-2.048052,-1.303615,3.568268,0.142475,-0.380792,-0.595306,0.289697,0.561612,-0.190821,-0.006406,0.358394
7.918004,-0.343332,-2.317226,2.308338,1.890536,-1.088268,-0.069892,0.699699,-0.759014,-0.232297,0.303011,0.066755,-0.631282,0.122288,0.297671,-2.458846,-0.124144,1.426974,-2.047483,-1.303802,3.568263,0.142835,-0.380731,-0.595840,0.292357,0.561962,-0.190473,-0.005997,0.360003
7.919165,-0.345368,-2.317607,2.318163,1.889160,-1.087036,-0.071065,0.700864,-0.764512,-0.239027,0.304769,0.027362,-0.636497,0.116535,0.297700,-2.459225,-0.124751,1.427264,-2.046901,-1.304000,3.568257,0.143196,-0.379748,-0.597391,0.292162,0.568078,-0.192479,-0.005699,0.359572
7.920070,-0.338149,-2.308606,2.321846,1.887884,-1.083338,-0.073024,0.703515,-0.769877,-0.244231,0.306842,-0.010763,-0.641590,0.110648,0.297698,-2.459598,-0.125348,1.427548,-2.046334,-1.304201,3.568250,0.143562,-0.378795,-0.598601,0.289219,0.569146,-0.194774,-0.006660,0.360907
7.921046,-0.337225,-2.308581,2.322638,1.886177,-1.084377,-0.076010,0.703571,-0.771933,-0.248628,0.311959,-0.044446,-0.646095,0.105017,0.297639,-2.459985,-0.125960,1.427832,-2.045766,-1.304408,3.568245,0.143910,-0.381346,-0.602465,0.288206,0.567159,-0.198808,-0.006347,0.358152
7.922030,-0.333388,-2.311777,2.324676,1.881972,-1.081862,-0.079987,0.705094,-0.768528,-0.252818,0.321642,-0.068436,-0.649298,0.100042,0.297501,-2.460368,-0.126555,1.428122,-2.045195,-1.304607,3.568243,0.144276,-0.381014,-0.602497,0.288895,0.566395,-0.198308,-0.005157,0.360926
7.923092,-0.332160,-2.311811,2.329533,1.879930,-1.082373,-0.082907,0.704155,-0.759858,-0.257896,0.335504,-0.081134,-0.650989,0.095735,0.297311,-2.460747,-0.127161,1.428411,-2.044629,-1.304818,3.568245,0.144629,-0.382253,-0.600881,0.288996,0.568345,-0.201358,-0.003018,0.360767
7.924004,-0.323649,-2.309483,2.331316,1.875453,-1.082429,-0.085087,0.705886,-0.745322,-0.266092,0.354321,-0.084110,-0.651374,0.091967,0.297082,-2.461129,-0.127767,1.428695,-2.044056,-1.305019,3.568244,0.145007,-0.382430,-0.601437,0.288102,0.568841,-0.201607,-0.002081,0.365858
7.925013,-0.323702,-2.313425,2.336743,1.874676,-1.079333,-0.084835,0.707386,-0.723687,-0.278799,0.379495,-0.079056,-0.650680,0.088720,0.296780,-2.461522,-0.128364,1.428982,-2.043479,-1.305225,3.568242,0.145372,-0.385574,-0.602179,0.288030,0.569955,-0.201904,-0.001600,0.364893
7.926075,-0.321324,-2.308631,2.346885,1.875828,-1.077215,-0.085884,0.708081,-0.693680,-0.297132,0.412245,-0.066608,-0.648999,0.086084,0.296356,-2.461903,-0.128963,1.429263,-2.042916,-1.305435,3.568236,0.145732,-0.384893,-0.600431,0.286625,0.568795,-0.205599,-0.003716,0.364897
7.927013,-0.324411,-2.307996,2.353714,1.878202,-1.076909,-0.088165,0.708283,-0.654626,-0.321609,0.452948,-0.046009,-0.646188,0.084214,0.295803,-2.462289,-0.129568,1.429543,-2.042355,-1.305652,3.568230,0.146104,-0.385675,-0.603544,0.283185,0.566724,-0.208362,-0.004567,0.366510
7.927995,-0.316883,-2.312613,2.358133,1.876919,-1.077017,-0.091522,0.708482,-0.607859,-0.350706,0.499896,-0.015760,-0.641985,0.083211,0.295140,-2.462665,-0.130173,1.429820,-2.041807,-1.305866,3.568225,0.146478,-0.383341,-0.603644,0.280929,0.562538,-0.209002,-0.003927,0.368389
7.928996,-0.314481,-2.316398,2.362683,1.874802,-1.076671,-0.095106,0.707898,-0.554376,-0.384065,0.551956,0.024267,-0.636394,0.083045,0.294398,-2.463056,-0.130774,1.430096,-2.041243,-1.306075,3.568227,0.146850,-0.386394,-0.601502,0.280088,0.562232,-0.209422,-0.002330,0.370455
7.929986,-0.313221,-2.316535,2.369634,1.875860,-1.079168,-0.097299,0.704443,-0.492984,-0.423779,0.610705,0.070978,-0.629913,0.083592,0.293624,-2.463449,-0.131364,1.430377,-2.040687,-1.306286,3.568229,0.147230,-0.386855,-0.600085,0.279205,0.563145,-0.210335,-0.000559,0.374149
7.931028,-0.306385,-2.314333,2.373999,1.876421,-1.078692,-0.097643,0.703994,-0.424244,-0.470065,0.676057,0.120786,-0.623079,0.084654,0.292876,-2.463833,-0.131968,1.430649,-2.040130,-1.306490,3.568227,0.147629,-0.386839,-0.600239,0.277172,0.560690,-0.208407,-0.000148,0.383507
7.931994,-0.302840,-2.315212,2.379250,1.873653,-1.078159,-0.099268,0.703994,-0.350351,-0.520686,0.745900,0.172641,-0.616071,0.086158,0.292184,-2.464233,-0.132577,1.430926,-2.039568,-1.306701,3.568222,0.148026,-0.389657,-0.601910,0.276647,0.559272,-0.209587,-0.001661,0.386950
7.933026,-0.302947,-2.321281,2.383637,1.874836,-1.076639,-0.100320,0.703165,-0.272474,-0.573665,0.819147,0.225389,-0.609080,0.088122,0.291526,-2.464622,-0.133171,1.431203,-2.039012,-1.306920,3.568221,0.148417,-0.390615,-0.601593,0.275287,0.560431,-0.210497,-0.001752,0.389264
7.933988,-0.302047,-2.316783,2.379359,1.869595,-1.074456,-0.100408,0.702465,-0.192000,-0.628113,0.894572,0.277187,-0.602397,0.090423,0.290872,-2.465016,-0.133771,1.431473,-2.038454,-1.307137,3.568215,0.148822,-0.389943,-0.599124,0.274780,0.558331,-0.212617,-0.002527,0.393475
7.935092,-0.305636,-2.309579,2.382262,1.869298,-1.076820,-0.101834,0.702533,-0.114676,-0.680751,0.966583,0.326311,-0.596227,0.092737,0.290227,-2.465413,-0.134369,1.431754,-2.037889,-1.307359,3.568206,0.149231,-0.389481,-0.601496,0.278160,0.561733,-0.215151,-0.004119,0.397107
7.935993,-0.300914,-2.311053,2.385669,1.870366,-1.077861,-0.102641,0.702332,-0.051131,-0.723612,1.024926,0.369974,-0.590780,0.094619,0.289595,-2.465798,-0.134985,1.432036,-2.037328,-1.307569,3.568200,0.149639,-0.387479,-0.606045,0.278553,0.561915,-0.213590,-0.004632,0.399771
7.936971,-0.294547,-2.308155,2.386050,1.870533,-1.074985,-0.104934,0.703271,-0.005436,-0.752657,1.065562,0.408058,-0.586030,0.096011,0.288929,-2.466193,-0.135590,1.432309,-2.036771,-1.307781,3.568192,0.150045,-0.388732,-0.604780,0.277851,0.558358,-0.212836,-0.005397,0.402174
7.938110,-0.292652,-2.317141,2.394447,1.869846,-1.073616,-0.106488,0.701590,0.028551,-0.771660,1.094164,0.444077,-0.581654,0.097354,0.288190,-2.466587,-0.136196,1.432590,-2.036220,-1.308005,3.568185,0.150456,-0.391122,-0.606364,0.278965,0.556839,-0.216123,-0.004807,0.402569
7.939096,-0.289611,-2.318847,2.393854,1.869008,-1.073096,-0.109427,0.703682,0.058573,-0.786237,1.118337,0.479562,-0.577587,0.099027,0.287395,-2.466989,-0.136796,1.432862,-2.035658,-1.308230,3.568178,0.150875,-0.391783,-0.603212,0.276895,0.557881,-0.218264,-0.005265,0.408899
7.940009,-0.286614,-2.306271,2.395274,1.864826,-1.072727,-0.110790,0.704452,0.089334,-0.800654,1.143001,0.513422,-0.574042,0.101098,0.286543,-2.467383,-0.137394,1.433145,-2.035097,-1.308451,3.568172,0.151279,-0.392516,-0.602639,0.278524,0.557171,-0.219192,-0.004049,0.406984
7.941049,-0.279958,-2.300347,2.395107,1.861016,-1.071756,-0.111043,0.702376,0.118651,-0.813421,1.166214,0.544245,-0.571141,0.103353,0.285625,-2.467772,-0.138016,1.433425,-2.034537,-1.308674,3.568166,0.151685,-0.393008,-0.608404,0.278796,0.559012,-0.219759,-0.004300,0.407519
7.941999,-0.277557,-2.299643,2.395963,1.858886,-1.067571,-0.110141,0.701916,0.141039,-0.819073,1.182844,0.569892,-0.569010,0.105538,0.284711,-2.468173,-0.138641,1.433708,-2.033968,-1.308894,3.568157,0.152113,-0.395708,-0.611681,0.280439,0.561780,-0.221313,-0.005876,0.414207
7.943006,-0.275216,-2.298946,2.396309,1.854128,-1.066207,-0.110900,0.703769,0.155184,-0.815988,1.191751,0.589215,-0.567699,0.107596,0.283872,-2.468572,-0.139247,1.433991,-2.033409,-1.309129,3.568143,0.152538,-0.395897,-0.611884,0.281136,0.561970,-0.225712,-0.008410,0.417216
7.944001,-0.271478,-2.300799,2.406030,1.852936,-1.062961,-0.110932,0.704121,0.162232,-0.806018,1.194005,0.602566,-0.567088,0.109522,0.283105,-2.468965,-0.139864,1.434274,-2.032833,-1.309361,3.568133,0.152955,-0.396382,-0.612432,0.282365,0.565163,-0.227418,-0.009384,0.415855
7.945005,-0.262371,-2.300297,2.404339,1.848587,-1.060763,-0.112813,0.701079,0.166051,-0.793076,1.193427,0.610473,-0.567090,0.111402,0.282391,-2.469365,-0.140471,1.434549,-2.032265,-1.309599,3.568121,0.153376,-0.397437,-0.611705,0.278896,0.564732,-0.230951,-0.011075,0.417502
7.946054,-0.259982,-2.294807,2.403901,1.845405,-1.062700,-0.114332,0.702741,0.173138,-0.782380,1.196435,0.614076,-0.567626,0.113465,0.281732,-2.469770,-0.141085,1.434838,-2.031697,-1.309841,3.568110,0.153816,-0.401176,-0.612159,0.281107,0.567646,-0.233396,-0.010914,0.425934
7.947092,-0.259003,-2.287696,2.407517,1.841259,-1.058733,-0.115397,0.702254,0.183706,-0.774483,1.203290,0.613603,-0.568728,0.115656,0.281123,-2.470173,-0.141714,1.435121,-2.031117,-1.310069,3.568099,0.154242,-0.401711,-0.615302,0.282930,0.569635,-0.231938,-0.011220,0.425039
7.948118,-0.263607,-2.283899,2.411550,1.833163,-1.054111,-0.115151,0.698701,0.191488,-0.764844,1.207868,0.608306,-0.570484,0.117629,0.280538,-2.470574,-0.142336,1.435405,-2.030544,-1.310316,3.568087,0.154679,-0.401535,-0.619217,0.282636,0.572600,-0.236268,-0.011948,0.428481
7.948989,-0.260752,-2.282069,2.411604,1.825301,-1.050167,-0.114550,0.699803,0.191084,-0.749474,1.205049,0.596582,-0.573040,0.119036,0.279993,-2.470964,-0.142966,1.435689,-2.029951,-1.310569,3.568069,0.155133,-0.398633,-0.621282,0.282092,0.578940,-0.241100,-0.013946,0.437964
7.950031,-0.257903,-2.285337,2.413299,1.820948,-1.050032,-0.115754,0.699777,0.180593,-0.727812,1.193330,0.576210,-0.576618,0.119652,0.279531,-2.471361,-0.143592,1.435972,-2.029353,-1.310823,3.568051,0.155573,-0.398803,-0.621216,0.282829,0.582980,-0.244814,-0.016002,0.437406
7.950976,-0.259067,-2.283545,2.418086,1.814664,-1.051464,-0.115914,0.700933,0.162918,-0.703239,1.175699,0.547208,-0.581190,0.119570,0.279145,-2.471759,-0.144204,1.436258,-2.028766,-1.311070,3.568034,0.156017,-0.399635,-0.620091,0.283506,0.585868,-0.245222,-0.016550,0.439907
7.951975,-0.253427,-2.288333,2.421415,1.809254,-1.050939,-0.117666,0.697584,0.142501,-0.679770,1.156415,0.511033,-0.586552,0.119044,0.278834,-2.472153,-0.144828,1.436535,-2.028167,-1.311313,3.568014,0.156458,-0.398091,-0.620637,0.282277,0.589239,-0.243865,-0.017979,0.439608
7.953006,-0.250502,-2.288497,2.421084,1.805393,-1.051332,-0.121631,0.698361,0.123359,-0.660551,1.139311,0.468754,-0.592543,0.118305,0.278639,-2.472558,-0.145436,1.436816,-2.027564,-1.311561,3.567997,0.156927,-0.400081,-0.618444,0.282003,0.592273,-0.244598,-0.017907,0.448545
7.953980,-0.250432,-2.287693,2.419031,1.800272,-1.050086,-0.125145,0.699833,0.108877,-0.648104,1.127540,0.421937,-0.598942,0.117521,0.278572,-2.472954,-0.146059,1.437106,-2.026968,-1.311808,3.567984,0.157376,-0.400904,-0.618680,0.283618,0.594313,-0.244472,-0.015695,0.449261
7.955007,-0.256208,-2.283652,2.423025,1.798496,-1.047468,-0.126750,0.699062,0.096781,-0.640797,1.118588,0.372465,-0.605456,0.116538,0.278576,-2.473353,-0.146683,1.437393,-2.026361,-1.312056,3.567974,0.157831,-0.400030,-0.618937,0.285841,0.596686,-0.245849,-0.013875,0.448403
7.956114,-0.256253,-2.283471,2.432152,1.792822,-1.046424,-0.126578,0.699623,0.080383,-0.633403,1.105481,0.322430,-0.611750,0.114978,0.278629,-2.473738,-0.147302,1.437679,-2.025768,-1.312313,3.567960,0.158294,-0.396607,-0.621292,0.285277,0.596653,-0.248655,-0.014046,0.452272
7.957040,-0.250878,-2.296569,2.431927,1.788595,-1.045809,-0.124560,0.701258,0.057237,-0.623000,1.085627,0.273216,-0.617642,0.112697,0.278734,-2.474135,-0.147925,1.437952,-2.025154,-1.312564,3.567937,0.158746,-0.396279,-0.622236,0.282686,0.601044,-0.250126,-0.016090,0.453776
7.957976,-0.253971,-2.297864,2.430173,1.782600,-1.045758,-0.125543,0.701668,0.033710,-0.613941,1.065426,0.225131,-0.623233,0.109969,0.278842,-2.474538,-0.148525,1.438238,-2.024540,-1.312815,3.567911,0.159196,-0.397858,-0.615393,0.283815,0.601729,-0.250693,-0.019630,0.452403
7.959096,-0.250982,-2.297034,2.430616,1.780602,-1.048884,-0.128614,0.701010,0.015094,-0.611609,1.050108,0.179027,-0.628586,0.107043,0.278903,-2.474926,-0.149141,1.438528,-2.023933,-1.313068,3.567891,0.159649,-0.395369,-0.614468,0.285672,0.604525,-0.250700,-0.020178,0.453565
7.959955,-0.251830,-2.290570,2.434071,1.776569,-1.047888,-0.133465,0.701171,-0.002168,-0.613989,1.036096,0.135689,-0.633676,0.103850,0.278924,-2.475325,-0.149765,1.438816,-2.023322,-1.313309,3.567875,0.160116,-0.396593,-0.615853,0.287329,0.605406,-0.248124,-0.019009,0.457549
7.960979,-0.253608,-2.289289,2.436335,1.772757,-1.048429,-0.138791,0.702677,-0.022427,-0.616400,1.018982,0.096348,-0.638397,0.100349,0.278927,-2.475719,-0.150382,1.439103,-2.022720,-1.313563,3.567865,0.160582,-0.394856,-0.618175,0.286222,0.605405,-0.248907,-0.015617,0.458795
7.962142,-0.251425,-2.290745,2.435404,1.772166,-1.044464,-0.140483,0.705146,-0.047634,-0.615893,0.996720,0.062471,-0.642587,0.096483,0.278888,-2.476106,-0.151004,1.439387,-2.022105,-1.313807,3.567859,0.161036,-0.393418,-0.619049,0.286566,0.606882,-0.248639,-0.012090,0.458066
7.963124,-0.254196,-2.286154,2.438806,1.766718,-1.043157,-0.138442,0.705370,-0.078992,-0.611076,0.968053,0.035022,-0.646070,0.092127,0.278764,-2.476504,-0.151631,1.439680,-2.021490,-1.314066,3.567844,0.161492,-0.394418,-0.619562,0.289081,0.606798,-0.253164,-0.012438,0.455975
7.963981,-0.253501,-2.282264,2.439421,1.761184,-1.040188,-0.139300,0.704611,-0.116661,-0.601390,0.932729,0.014524,-0.648638,0.087318,0.278561,-2.476888,-0.152253,1.439969,-2.020880,-1.314322,3.567821,0.161948,-0.392322,-0.621814,0.288557,0.609517,-0.254501,-0.016137,0.457690
7.965011,-0.243735,-2.293983,2.434507,1.761525,-1.042628,-0.141744,0.706110,-0.160474,-0.586340,0.891034,0.000117,-0.650213,0.082181,0.278340,-2.477280,-0.152878,1.440256,-2.020266,-1.314581,3.567802,0.162419,-0.391400,-0.622702,0.288893,0.610687,-0.257180,-0.016677,0.460791
7.965992,-0.243854,-2.296248,2.434520,1.758865,-1.042509,-0.147320,0.707072,-0.206344,-0.569428,0.846948,-0.007560,-0.650639,0.077010,0.278142,-2.477688,-0.153480,1.440558,-2.019664,-1.314833,3.567789,0.162885,-0.395568,-0.617325,0.292667,0.608359,-0.254923,-0.015992,0.460037
7.966968,-0.243741,-2.293756,2.439781,1.753504,-1.040899,-0.153846,0.706025,-0.248040,-0.556798,0.806285,-0.006176,-0.649668,0.072131,0.277974,-2.478082,-0.154098,1.440857,-2.019054,-1.315084,3.567787,0.163346,-0.394660,-0.616203,0.293717,0.608286,-0.255163,-0.012132,0.460224
7.968103,-0.248308,-2.289553,2.443661,1.755659,-1.042668,-0.157442,0.708043,-0.284430,-0.549876,0.770299,0.003557,-0.647366,0.067466,0.277853,-2.478477,-0.154724,1.441146,-2.018433,-1.315346,3.567786,0.163820,-0.393883,-0.617317,0.292236,0.610606,-0.256774,-0.007346,0.464392
7.968994,-0.245499,-2.281974,2.435474,1.754449,-1.039948,-0.158473,0.707934,-0.318865,-0.545155,0.736007,0.019711,-0.643879,0.062708,0.277775,-2.478863,-0.155345,1.441438,-2.017836,-1.315603,3.567784,0.164283,-0.391487,-0.620551,0.292216,0.607831,-0.255431,-0.005811,0.463022
7.969988,-0.244805,-2.283298,2.426922,1.751534,-1.041121,-0.157172,0.708577,-0.357534,-0.536697,0.697008,0.043491,-0.639007,0.057625,0.277687,-2.479259,-0.155978,1.441741,-2.017234,-1.315865,3.567776,0.164748,-0.391733,-0.623451,0.296965,0.605375,-0.257947,-0.006352,0.464997
7.971074,-0.249606,-2.291008,2.433800,1.748643,-1.037816,-0.155803,0.709140,-0.406817,-0.519617,0.646569,0.076076,-0.632643,0.052052,0.277568,-2.479657,-0.156598,1.442056,-2.016623,-1.316123,3.567761,0.165222,-0.391279,-0.622804,0.302192,0.605712,-0.256812,-0.009377,0.465804
7.972102,-0.247067,-2.292299,2.433614,1.752284,-1.037516,-0.158802,0.710159,-0.466106,-0.495479,0.585452,0.115017,-0.625270,0.046035,0.277428,-2.480039,-0.157216,1.442358,-2.016020,-1.316389,3.567745,0.165686,-0.388615,-0.619695,0.300236,0.607311,-0.260392,-0.012597,0.467199
7.972980,-0.236287,-2.290420,2.434421,1.750026,-1.035031,-0.163792,0.710049,-0.527843,-0.470424,0.521301,0.158732,-0.617268,0.039990,0.277246,-2.480432,-0.157839,1.442661,-2.015430,-1.316651,3.567737,0.166155,-0.389323,-0.619347,0.301615,0.601896,-0.260786,-0.011358,0.467412
7.974101,-0.228679,-2.285081,2.432544,1.749847,-1.034754,-0.169729,0.707358,-0.583504,-0.449727,0.462310,0.208862,-0.608561,0.034523,0.276997,-2.480835,-0.158454,1.442964,-2.014838,-1.316919,3.567741,0.166632,-0.393424,-0.619534,0.301748,0.600632,-0.262947,-0.007942,0.469272
7.975051,-0.225373,-2.284371,2.442278,1.746095,-1.033707,-0.173895,0.709029,-0.627972,-0.435293,0.413589,0.265119,-0.599278,0.029988,0.276706,-2.481236,-0.159087,1.443268,-2.014239,-1.317188,3.567742,0.167121,-0.396897,-0.623092,0.304408,0.600032,-0.263506,-0.004022,0.477274
7.975982,-0.223345,-2.283715,2.440486,1.743400,-1.030693,-0.174146,0.708002,-0.659429,-0.426768,0.377397,0.323965,-0.589928,0.026350,0.276389,-2.481635,-0.159707,1.443563,-2.013634,-1.317455,3.567746,0.167599,-0.397541,-0.623138,0.300456,0.600784,-0.264426,-0.001601,0.475752
7.977087,-0.225693,-2.283414,2.444338,1.740035,-1.027680,-0.173244,0.707434,-0.677271,-0.424045,0.354764,0.381757,-0.580970,0.023401,0.276022,-2.482027,-0.160328,1.443873,-2.013038,-1.317727,3.567742,0.168082,-0.397573,-0.623021,0.302115,0.600444,-0.267224,-0.003036,0.479674
7.978074,-0.219793,-2.284240,2.446059,1.740913,-1.027776,-0.172186,0.707000,-0.685199,-0.424860,0.342324,0.435604,-0.572650,0.020832,0.275633,-2.482420,-0.160958,1.444172,-2.012432,-1.318002,3.567732,0.168573,-0.396086,-0.623950,0.301847,0.602686,-0.270434,-0.005879,0.483291
7.978970,-0.221617,-2.277108,2.443780,1.738083,-1.030768,-0.176038,0.705935,-0.686944,-0.426698,0.336452,0.484218,-0.564987,0.018546,0.275273,-2.482822,-0.161578,1.444476,-2.011846,-1.318273,3.567717,0.169067,-0.398195,-0.623530,0.302042,0.599648,-0.270222,-0.008619,0.486147
7.980013,-0.221132,-2.276417,2.445096,1.736912,-1.035689,-0.179651,0.706035,-0.684681,-0.427812,0.334757,0.528468,-0.557804,0.016642,0.274967,-2.483210,-0.162210,1.444786,-2.011245,-1.318532,3.567712,0.169563,-0.396179,-0.626290,0.303748,0.598950,-0.267002,-0.006295,0.489912
7.981063,-0.226126,-2.274092,2.444391,1.732907,-1.036891,-0.184354,0.704043,-0.683864,-0.424430,0.331779,0.568357,-0.551087,0.014961,0.274737,-2.483604,-0.162844,1.445089,-2.010643,-1.318783,3.567708,0.170064,-0.395879,-0.626878,0.304406,0.598320,-0.262338,-0.004538,0.491888
7.982021,-0.221621,-2.264945,2.439620,1.730657,-1.036321,-0.186766,0.704429,-0.689687,-0.413541,0.322713,0.601793,-0.545148,0.013170,0.274603,-2.483987,-0.163471,1.445398,-2.010041,-1.319044,3.567711,0.170580,-0.392965,-0.628435,0.306061,0.600631,-0.261366,-0.001728,0.498075
7.983101,-0.227194,-2.263256,2.448523,1.730004,-1.038891,-0.185527,0.705166,-0.706242,-0.392538,0.303785,0.627248,-0.540222,0.010972,0.274529,-2.484383,-0.164115,1.445710,-2.009441,-1.319306,3.567710,0.171078,-0.394344,-0.632526,0.309282,0.600069,-0.261883,-0.001057,0.499118
7.984028,-0.225338,-2.260505,2.449512,1.726894,-1.038105,-0.183646,0.702633,-0.733818,-0.360593,0.274547,0.645608,-0.536276,0.008388,0.274426,-2.484772,-0.164746,1.446011,-2.008847,-1.319564,3.567698,0.171580,-0.391167,-0.633907,0.306299,0.599548,-0.259587,-0.004199,0.499982
7.984996,-0.224772,-2.259638,2.450242,1.721853,-1.038315,-0.184701,0.703716,-0.767047,-0.321293,0.239999,0.658623,-0.533249,0.005778,0.274239,-2.485159,-0.165386,1.446318,-2.008244,-1.319831,3.567685,0.172093,-0.391198,-0.634590,0.306569,0.599423,-0.260202,-0.007673,0.506785
7.986111,-0.222603,-2.266854,2.455136,1.717001,-1.039088,-0.187520,0.703871,-0.800763,-0.279164,0.205174,0.666831,-0.531184,0.003438,0.273989,-2.485549,-0.166026,1.446621,-2.007634,-1.320086,3.567676,0.172603,-0.390668,-0.634626,0.307179,0.601582,-0.260019,-0.008275,0.506406
7.986998,-0.215183,-2.264758,2.460734,1.712068,-1.043512,-0.192180,0.703721,-0.830480,-0.239168,0.174810,0.668839,-0.530253,0.001481,0.273712,-2.485938,-0.166651,1.446931,-2.007024,-1.320343,3.567672,0.173123,-0.391560,-0.631907,0.306309,0.605331,-0.259642,-0.007419,0.508530
7.988002,-0.211105,-2.258082,2.467486,1.707219,-1.044528,-0.195517,0.700256,-0.849152,-0.207913,0.156260,0.663319,-0.530611,0.000057,0.273443,-2.486340,-0.167286,1.447231,-2.006409,-1.320588,3.567676,0.173635,-0.394013,-0.632047,0.304124,0.606214,-0.255093,-0.004351,0.510348
7.989107,-0.210438,-2.254238,2.473359,1.701462,-1.047475,-0.198574,0.699210,-0.851571,-0.188943,0.154693,0.651001,-0.532129,-0.000684,0.273220,-2.486743,-0.167926,1.447531,-2.005790,-1.320841,3.567673,0.174170,-0.395228,-0.635304,0.301927,0.608403,-0.254261,-0.002816,0.519251
7.990103,-0.208291,-2.247011,2.472779,1.694550,-1.047847,-0.197727,0.701219,-0.839530,-0.179992,0.168358,0.632167,-0.534638,-0.000914,0.273075,-2.487136,-0.168570,1.447830,-2.005173,-1.321089,3.567671,0.174696,-0.395249,-0.637811,0.300674,0.612758,-0.251764,-0.001741,0.523645
7.990972,-0.204770,-2.252356,2.468453,1.686915,-1.046884,-0.195734,0.700646,-0.820025,-0.175827,0.190526,0.605801,-0.538077,-0.001087,0.272989,-2.487535,-0.169224,1.448129,-2.004545,-1.321335,3.567664,0.175216,-0.395528,-0.641091,0.302142,0.616672,-0.251612,-0.004371,0.521484
7.991979,-0.208219,-2.248154,2.476640,1.679310,-1.048468,-0.195202,0.701115,-0.799412,-0.173050,0.214807,0.572115,-0.542260,-0.001550,0.272946,-2.487938,-0.169851,1.448440,-2.003922,-1.321587,3.567647,0.175753,-0.395927,-0.637373,0.304724,0.619877,-0.252385,-0.007832,0.524027
7.992982,-0.204116,-2.247706,2.477281,1.668828,-1.052178,-0.194707,0.699718,-0.779665,-0.172004,0.239032,0.531999,-0.547000,-0.002378,0.272985,-2.488324,-0.170499,1.448733,-2.003285,-1.321836,3.567633,0.176278,-0.393573,-0.639352,0.301857,0.624409,-0.250970,-0.010076,0.525029
7.994045,-0.197985,-2.252668,2.489564,1.663269,-1.058187,-0.197195,0.701745,-0.760720,-0.173311,0.263508,0.484353,-0.552406,-0.003476,0.273136,-2.488726,-0.171144,1.449038,-2.002635,-1.322075,3.567617,0.176821,-0.394856,-0.639377,0.302684,0.631482,-0.247531,-0.012276,0.529729
7.995098,-0.195232,-2.256100,2.491708,1.659411,-1.057738,-0.202034,0.699579,-0.737819,-0.180268,0.293278,0.427953,-0.558730,-0.004487,0.273377,-2.489127,-0.171770,1.449329,-2.001997,-1.322309,3.567606,0.177343,-0.397381,-0.637368,0.298057,0.634564,-0.241992,-0.011603,0.527800
7.995992,-0.197653,-2.259439,2.496542,1.652245,-1.057220,-0.204138,0.699412,-0.703330,-0.198407,0.335519,0.365215,-0.565872,-0.004968,0.273663,-2.489529,-0.172406,1.449625,-2.001359,-1.322551,3.567604,0.177888,-0.398124,-0.635960,0.298502,0.635840,-0.242886,-0.008618,0.534269
7.997037,-0.196039,-2.255511,2.500180,1.649096,-1.057506,-0.205568,0.702111,-0.657421,-0.228066,0.389292,0.300159,-0.573440,-0.004955,0.273952,-2.489924,-0.173029,1.449916,-2.000718,-1.322799,3.567597,0.178433,-0.395722,-0.633552,0.296826,0.638484,-0.243311,-0.008104,0.535978
7.998096,-0.191633,-2.263960,2.505436,1.640123,-1.059725,-0.205871,0.700363,-0.605951,-0.264990,0.448256,0.235697,-0.581091,-0.004755,0.274167,-2.490318,-0.173670,1.450214,-2.000071,-1.323042,3.567586,0.178953,-0.396009,-0.635747,0.296418,0.638749,-0.243372,-0.008494,0.532654
7.999027,-0.186524,-2.273081,2.511269,1.633970,-1.059587,-0.205322,0.701373,-0.551284,-0.306701,0.509979,0.172824,-0.588779,-0.004474,0.274251,-2.490719,-0.174298,1.450507,-1.999409,-1.323288,3.567571,0.179505,-0.397649,-0.631903,0.295313,0.644732,-0.241506,-0.010015,0.538292
7.999983,-0.184654,-2.273561,2.519302,1.626905,-1.066227,-0.205293,0.701757,-0.489194,-0.356571,0.578907,0.110702,-0.596788,-0.003998,0.274220,-2.491122,-0.174910,1.450796,-1.998763,-1.323528,3.567556,0.180051,-0.399097,-0.627015,0.293351,0.646635,-0.241748,-0.012154,0.537782
8.001077,-0.179848,-2.273420,2.526515,1.621807,-1.063464,-0.208438,0.702132,-0.415265,-0.418173,0.659501,0.049323,-0.605255,-0.003146,0.274096,-2.491523,-0.175538,1.451077,-1.998105,-1.323745,3.567540,0.180589,-0.399035,-0.626487,0.290504,0.649501,-0.235415,-0.013801,0.538721
8.002084,-0.176003,-2.268944,2.523404,1.620012,-1.065599,-0.211974,0.700419,-0.330802,-0.489369,0.750415,-0.010430,-0.614038,-0.001859,0.273901,-2.491930,-0.176161,1.451362,-1.997441,-1.323989,3.567532,0.181139,-0.400952,-0.627341,0.288694,0.651902,-0.238758,-0.012542,0.540180
8.003072,-0.175075,-2.265016,2.524933,1.616481,-1.062395,-0.215022,0.699660,-0.242260,-0.563647,0.844852,-0.066043,-0.622677,-0.000282,0.273679,-2.492329,-0.176795,1.451662,-1.996785,-1.324226,3.567529,0.181690,-0.402111,-0.629577,0.291495,0.650118,-0.236887,-0.010791,0.545492
8.004008,-0.175785,-2.262430,2.528747,1.608830,-1.061688,-0.215568,0.701081,-0.159242,-0.632711,0.932466,-0.113399,-0.630479,0.001230,0.273439,-2.492731,-0.177432,1.451950,-1.996137,-1.324466,3.567521,0.182251,-0.401683,-0.631328,0.291952,0.650099,-0.240373,-0.009474,0.548722
8.005104,-0.175495,-2.256767,2.531685,1.605884,-1.063215,-0.213233,0.702531,-0.088548,-0.691198,1.006285,-0.151372,-0.637144,0.002279,0.273151,-2.493130,-0.178062,1.452241,-1.995474,-1.324707,3.567508,0.182802,-0.400281,-0.632106,0.291003,0.653202,-0.241143,-0.010555,0.547399
8.005995,-0.167628,-2.253505,2.536432,1.600485,-1.061046,-0.211785,0.700987,-0.032578,-0.737110,1.064340,-0.181634,-0.642746,0.002688,0.272793,-2.493525,-0.178706,1.452530,-1.994826,-1.324941,3.567484,0.183352,-0.400080,-0.635501,0.291293,0.653859,-0.240182,-0.014750,0.546716
8.007198,-0.168273,-2.268371,2.538899,1.603057,-1.062880,-0.213138,0.701172,0.010753,-0.771065,1.108826,-0.204293,-0.647186,0.002732,0.272387,-2.493934,-0.179337,1.452814,-1.994166,-1.325188,3.567460,0.183905,-0.402708,-0.636248,0.289743,0.654216,-0.242288,-0.017639,0.551230
8.008072,-0.159524,-2.272260,2.541569,1.600970,-1.063791,-0.216379,0.702192,0.048780,-0.798759,1.146643,-0.216850,-0.650117,0.002951,0.271953,-2.494330,-0.179957,1.453105,-1.993524,-1.325428,3.567443,0.184453,-0.402424,-0.630386,0.290762,0.650781,-0.241226,-0.018327,0.553495
8.009108,-0.157340,-2.270847,2.544622,1.598066,-1.064966,-0.223285,0.702333,0.089399,-0.828123,1.185083,-0.215857,-0.651164,0.003745,0.271458,-2.494743,-0.180585,1.453393,-1.992877,-1.325665,3.567434,0.185007,-0.405371,-0.627517,0.290118,0.647948,-0.240278,-0.016574,0.552723
8.010102,-0.155759,-2.259575,2.549338,1.595614,-1.063653,-0.226563,0.701964,0.135900,-0.862688,1.227344,-0.200328,-0.650227,0.005190,0.270887,-2.495148,-0.181214,1.453684,-1.992236,-1.325906,3.567430,0.185570,-0.405715,-0.628519,0.290038,0.648042,-0.239460,-0.011475,0.554384
8.011006,-0.149481,-2.257888,2.551913,1.592423,-1.061994,-0.227405,0.702070,0.183798,-0.898139,1.269459,-0.172414,-0.647474,0.006942,0.270265,-2.495548,-0.181861,1.453973,-1.991590,-1.326147,3.567426,0.186129,-0.405684,-0.633932,0.288943,0.647019,-0.241039,-0.009993,0.556894
8.012005,-0.152850,-2.265991,2.550780,1.595189,-1.059595,-0.224653,0.702547,0.227960,-0.928987,1.306664,-0.133887,-0.643008,0.008680,0.269595,-2.495960,-0.182499,1.454259,-1.990943,-1.326391,3.567414,0.186695,-0.407520,-0.633870,0.288524,0.645642,-0.242667,-0.010723,0.558045
8.012981,-0.151828,-2.271687,2.550937,1.594785,-1.060089,-0.223324,0.700212,0.268065,-0.955172,1.338363,-0.084007,-0.636704,0.010330,0.268850,-2.496356,-0.183117,1.454553,-1.990317,-1.326644,3.567390,0.187254,-0.405036,-0.629901,0.290348,0.639936,-0.245205,-0.015163,0.558875
8.014011,-0.150696,-2.275007,2.554692,1.597293,-1.061004,-0.224746,0.700515,0.303966,-0.978647,1.363868,-0.021242,-0.628398,0.011861,0.268049,-2.496758,-0.183743,1.454844,-1.989686,-1.326886,3.567365,0.187834,-0.404646,-0.626914,0.291421,0.637046,-0.244870,-0.018083,0.565209
8.015036,-0.144395,-2.267580,2.554596,1.595270,-1.062891,-0.230138,0.697859,0.336333,-1.001140,1.383729,0.054108,-0.618178,0.013366,0.267242,-2.497164,-0.184362,1.455135,-1.989073,-1.327127,3.567348,0.188409,-0.404473,-0.625601,0.290937,0.632289,-0.244288,-0.018380,0.566398
8.016013,-0.147282,-2.263855,2.558622,1.595399,-1.062393,-0.234986,0.697341,0.365921,-1.022453,1.399146,0.139566,-0.606394,0.014991,0.266457,-2.497570,-0.184999,1.455435,-1.988443,-1.327367,3.567337,0.188990,-0.406871,-0.629440,0.292287,0.631635,-0.242722,-0.014726,0.573568
8.017098,-0.145376,-2.266687,2.565637,1.591682,-1.060551,-0.237605,0.695420,0.389959,-1.039029,1.408098,0.231295,-0.593561,0.016616,0.265716,-2.497973,-0.185636,1.455723,-1.987818,-1.327614,3.567333,0.189577,-0.404460,-0.631004,0.291450,0.628331,-0.243384,-0.011612,0.576147
8.018118,-0.141900,-2.264228,2.564456,1.591069,-1.061751,-0.236400,0.696972,0.407269,-1.049501,1.410234,0.324770,-0.580340,0.017998,0.265020,-2.498372,-0.186262,1.456010,-1.987190,-1.327867,3.567325,0.190177,-0.404997,-0.630225,0.289649,0.630178,-0.245602,-0.010919,0.581985
8.019104,-0.132016,-2.263677,2.561924,1.586659,-1.060173,-0.234381,0.696078,0.420319,-1.055761,1.408683,0.415743,-0.567420,0.019057,0.264328,-2.498778,-0.186897,1.456302,-1.986566,-1.328108,3.567303,0.190752,-0.405950,-0.631554,0.291626,0.628148,-0.244679,-0.013865,0.580618
8.020019,-0.132116,-2.259979,2.566324,1.588501,-1.061316,-0.233250,0.694132,0.430818,-1.058659,1.405332,0.501707,-0.555240,0.019900,0.263576,-2.499196,-0.187524,1.456604,-1.985934,-1.328359,3.567280,0.191342,-0.409856,-0.631726,0.293980,0.629361,-0.246408,-0.017522,0.584064
8.021117,-0.129694,-2.266708,2.571103,1.586555,-1.059168,-0.235466,0.693711,0.440248,-1.058614,1.401359,0.582497,-0.543892,0.020788,0.262761,-2.499597,-0.188158,1.456895,-1.985326,-1.328602,3.567254,0.191937,-0.408598,-0.632870,0.292605,0.623951,-0.245243,-0.020131,0.589274
8.022028,-0.127601,-2.263830,2.572766,1.580883,-1.060593,-0.240840,0.692352,0.451037,-1.057401,1.398862,0.658885,-0.533332,0.021998,0.261920,-2.500007,-0.188790,1.457183,-1.984701,-1.328852,3.567235,0.192535,-0.409311,-0.630162,0.291994,0.624264,-0.247856,-0.019744,0.592120
8.022967,-0.122212,-2.256377,2.570607,1.581198,-1.061820,-0.245131,0.692250,0.464364,-1.056994,1.399499,0.728614,-0.523903,0.023522,0.261099,-2.500419,-0.189417,1.457476,-1.984079,-1.329101,3.567227,0.193139,-0.409051,-0.630974,0.291984,0.626085,-0.246332,-0.015922,0.596103
8.023978,-0.123739,-2.246693,2.569124,1.579550,-1.062211,-0.245869,0.688924,0.477265,-1.055624,1.400856,0.789182,-0.515967,0.025098,0.260321,-2.500827,-0.190061,1.457770,-1.983462,-1.329342,3.567219,0.193735,-0.410621,-0.634084,0.294032,0.622282,-0.245198,-0.013281,0.597678
8.025001,-0.128672,-2.245890,2.570191,1.578199,-1.058322,-0.244579,0.688324,0.482713,-1.046982,1.395572,0.841793,-0.509394,0.026431,0.259603,-2.501235,-0.190703,1.458069,-1.982839,-1.329590,3.567202,0.194359,-0.408977,-0.638850,0.295998,0.621249,-0.245031,-0.014295,0.605969
8.026076,-0.131081,-2.247180,2.568559,1.577279,-1.056672,-0.242382,0.689355,0.473667,-1.025365,1.376293,0.887404,-0.504047,0.027199,0.258974,-2.501629,-0.191344,1.458372,-1.982225,-1.329850,3.567178,0.194968,-0.405860,-0.639221,0.296685,0.620272,-0.249093,-0.017299,0.608798
8.027258,-0.127666,-2.248041,2.568229,1.573094,-1.056827,-0.244727,0.688902,0.447780,-0.990260,1.340696,0.925921,-0.499897,0.027224,0.258428,-2.502030,-0.191990,1.458673,-1.981605,-1.330102,3.567151,0.195577,-0.404110,-0.638837,0.298966,0.619290,-0.251027,-0.021225,0.608429
8.027984,-0.124865,-2.243315,2.569988,1.565770,-1.054860,-0.247158,0.686982,0.407591,-0.945231,1.291667,0.956329,-0.497045,0.026577,0.257952,-2.502440,-0.192627,1.458979,-1.980981,-1.330356,3.567133,0.196199,-0.405555,-0.639471,0.300949,0.622728,-0.251372,-0.020747,0.611274
8.029067,-0.121514,-2.243335,2.574477,1.560241,-1.056079,-0.252682,0.687727,0.358662,-0.895466,1.235445,0.976449,-0.495743,0.025451,0.257570,-2.502839,-0.193268,1.459279,-1.980350,-1.330607,3.567116,0.196818,-0.404985,-0.639473,0.299817,0.623596,-0.252728,-0.019442,0.615350
8.030117,-0.117911,-2.239670,2.566688,1.553992,-1.056583,-0.258145,0.687447,0.307851,-0.846679,1.179395,0.985015,-0.496097,0.024038,0.257286,-2.503246,-0.193917,1.459573,-1.979710,-1.330855,3.567109,0.197434,-0.406028,-0.639649,0.299088,0.626783,-0.251808,-0.015696,0.615375
8.031001,-0.114824,-2.233562,2.567123,1.544757,-1.055522,-0.259915,0.686787,0.257032,-0.800954,1.125715,0.981279,-0.498105,0.022232,0.257087,-2.503649,-0.194556,1.459888,-1.979067,-1.331104,3.567104,0.198047,-0.407091,-0.641564,0.304138,0.630219,-0.251538,-0.011997,0.617411
8.032111,-0.116596,-2.227775,2.566042,1.541153,-1.053669,-0.259501,0.686906,0.202511,-0.756087,1.070942,0.964595,-0.501705,0.019659,0.256968,-2.504056,-0.195209,1.460190,-1.978425,-1.331357,3.567092,0.198666,-0.407203,-0.643291,0.304357,0.634684,-0.252372,-0.011693,0.619540
8.033046,-0.115745,-2.224899,2.568594,1.533249,-1.052077,-0.258557,0.689819,0.141173,-0.709462,1.011850,0.935837,-0.506620,0.016104,0.256913,-2.504461,-0.195857,1.460503,-1.977793,-1.331617,3.567074,0.199294,-0.405774,-0.646590,0.306324,0.636409,-0.254506,-0.013923,0.620909
8.034013,-0.120324,-2.222966,2.566365,1.524560,-1.051953,-0.258237,0.690735,0.072511,-0.660022,0.947526,0.897317,-0.512391,0.011621,0.256869,-2.504860,-0.196507,1.460813,-1.977142,-1.331875,3.567054,0.199892,-0.405081,-0.647078,0.305650,0.639944,-0.255939,-0.016343,0.616106
8.035120,-0.111723,-2.227282,2.564606,1.516946,-1.056129,-0.260993,0.691042,-0.002841,-0.608484,0.878480,0.850213,-0.518734,0.006323,0.256812,-2.505257,-0.197158,1.461122,-1.976482,-1.332134,3.567033,0.200506,-0.401777,-0.647345,0.307584,0.644424,-0.255963,-0.018175,0.615451
8.036034,-0.109681,-2.222574,2.558883,1.506190,-1.055782,-0.266789,0.688396,-0.082834,-0.557416,0.806981,0.794158,-0.525650,0.000372,0.256804,-2.505664,-0.197797,1.461434,-1.975827,-1.332375,3.567018,0.201126,-0.405589,-0.645657,0.309866,0.649615,-0.252204,-0.017191,0.616490
8.037063,-0.109288,-2.225951,2.563316,1.496803,-1.061423,-0.271550,0.690283,-0.164174,-0.509817,0.736469,0.728878,-0.533213,-0.006015,0.256927,-2.506068,-0.198449,1.461753,-1.975157,-1.332626,3.567013,0.201756,-0.405292,-0.646939,0.313162,0.655266,-0.252447,-0.012890,0.622707
8.038056,-0.110368,-2.225003,2.563511,1.492190,-1.061991,-0.272790,0.691798,-0.245057,-0.467006,0.668880,0.654102,-0.541526,-0.012819,0.257205,-2.506471,-0.199085,1.462066,-1.974481,-1.332863,3.567008,0.202372,-0.404675,-0.645163,0.311926,0.660780,-0.247043,-0.009868,0.620209
8.038982,-0.107962,-2.223059,2.565625,1.485111,-1.065508,-0.272989,0.690679,-0.323282,-0.430082,0.606085,0.571496,-0.550531,-0.020014,0.257581,-2.506866,-0.199732,1.462384,-1.973819,-1.333113,3.566998,0.202978,-0.403270,-0.645208,0.312646,0.661393,-0.246592,-0.010293,0.618451
8.040029,-0.109121,-2.234430,2.556532,1.477902,-1.063378,-0.274260,0.690907,-0.396224,-0.399536,0.549682,0.485716,-0.559835,-0.027378,0.258016,-2.507267,-0.200380,1.462694,-1.973148,-1.333351,3.566986,0.203602,-0.403302,-0.645209,0.312175,0.663498,-0.243068,-0.011611,0.621688
8.041026,-0.109466,-2.236726,2.561784,1.473979,-1.067239,-0.274973,0.693463,-0.463714,-0.375115,0.499084,0.400291,-0.569155,-0.034829,0.258510,-2.507669,-0.201008,1.463023,-1.972478,-1.333600,3.566974,0.204229,-0.401970,-0.639642,0.317697,0.667215,-0.245478,-0.012042,0.622593
8.042061,-0.109236,-2.237505,2.562225,1.464719,-1.068247,-0.278952,0.692442,-0.525940,-0.357557,0.453726,0.317303,-0.578343,-0.042376,0.259034,-2.508063,-0.201646,1.463336,-1.971808,-1.333830,3.566962,0.204833,-0.400975,-0.638216,0.315881,0.666990,-0.241833,-0.012965,0.618720
8.043151,-0.102290,-2.233903,2.562782,1.460940,-1.071533,-0.282649,0.691023,-0.581452,-0.347429,0.414920,0.238145,-0.587315,-0.049864,0.259562,-2.508465,-0.202291,1.463658,-1.971120,-1.334072,3.566955,0.205466,-0.400309,-0.637723,0.316632,0.672233,-0.241119,-0.010678,0.622150
8.044031,-0.106751,-2.226093,2.562423,1.453166,-1.072409,-0.288067,0.690111,-0.629373,-0.343492,0.383653,0.163029,-0.596122,-0.057109,0.260097,-2.508868,-0.202927,1.463982,-1.970446,-1.334306,3.566950,0.206101,-0.403246,-0.639939,0.317535,0.672882,-0.238294,-0.008814,0.626511
8.045001,-0.107534,-2.216891,2.562062,1.447584,-1.071717,-0.290210,0.692263,-0.672478,-0.341582,0.356953,0.093056,-0.604648,-0.064134,0.260609,-2.509265,-0.203577,1.464299,-1.969764,-1.334540,3.566954,0.206727,-0.399624,-0.642523,0.318001,0.674852,-0.237368,-0.004898,0.629083
8.046133,-0.119653,-2.213295,2.562799,1.443167,-1.068836,-0.289512,0.690771,-0.717646,-0.335018,0.327660,0.029440,-0.612673,-0.071270,0.261041,-2.509663,-0.204225,1.464618,-1.969088,-1.334779,3.566949,0.207349,-0.398277,-0.646501,0.318868,0.675863,-0.238208,-0.004416,0.625837
8.047017,-0.113924,-2.215489,2.559331,1.436882,-1.068827,-0.289311,0.690672,-0.772598,-0.317279,0.287912,-0.027294,-0.619985,-0.078899,0.261407,-2.510042,-0.204880,1.464943,-1.968404,-1.335027,3.566937,0.207983,-0.392047,-0.648763,0.319868,0.677465,-0.241560,-0.007002,0.630575
8.048007,-0.117068,-2.218288,2.562588,1.432854,-1.068617,-0.289165,0.692157,-0.838878,-0.287566,0.235989,-0.076383,-0.626371,-0.087047,0.261750,-2.510441,-0.205525,1.465269,-1.967721,-1.335267,3.566924,0.208616,-0.393650,-0.646379,0.321805,0.677956,-0.241425,-0.008620,0.631486
8.049030,-0.112684,-2.224529,2.568811,1.430606,-1.071363,-0.293346,0.690928,-0.908669,-0.252792,0.179396,-0.116490,-0.631624,-0.095237,0.262059,-2.510827,-0.206160,1.465591,-1.967050,-1.335511,3.566909,0.209249,-0.391280,-0.644650,0.320888,0.677762,-0.241766,-0.010367,0.629638
8.050028,-0.110257,-2.222488,2.571663,1.428351,-1.074142,-0.299445,0.690764,-0.970444,-0.222354,0.129279,-0.145882,-0.635496,-0.102780,0.262331,-2.511225,-0.206798,1.465903,-1.966375,-1.335745,3.566905,0.209887,-0.392734,-0.641389,0.318775,0.676072,-0.239297,-0.007863,0.633398
8.051012,-0.105730,-2.214494,2.572818,1.426159,-1.072430,-0.304873,0.689199,-1.015523,-0.202811,0.093936,-0.162804,-0.637743,-0.109166,0.262596,-2.511621,-0.207435,1.466221,-1.965696,-1.335976,3.566907,0.210527,-0.393086,-0.642156,0.318186,0.674022,-0.236793,-0.003459,0.634857
8.052028,-0.109555,-2.212008,2.579781,1.422355,-1.072916,-0.306284,0.690695,-1.043138,-0.193622,0.073748,-0.165932,-0.638120,-0.114298,0.262856,-2.512016,-0.208089,1.466543,-1.965032,-1.336219,3.566914,0.211171,-0.394461,-0.645572,0.318323,0.672093,-0.238663,0.000244,0.639093
8.053013,-0.105828,-2.216059,2.575124,1.423638,-1.071216,-0.304685,0.690467,-1.058004,-0.189998,0.063956,-0.155749,-0.636569,-0.118431,0.263080,-2.512405,-0.208742,1.466851,-1.964356,-1.336459,3.566912,0.211812,-0.391810,-0.646428,0.315847,0.671889,-0.238388,-0.000110,0.637251
8.054016,-0.106647,-2.228925,2.585133,1.420170,-1.072299,-0.301923,0.689430,-1.063502,-0.189622,0.061104,-0.132900,-0.633132,-0.121827,0.263231,-2.512804,-0.209376,1.467176,-1.963706,-1.336704,3.566904,0.212462,-0.392779,-0.644014,0.318914,0.666796,-0.240211,-0.003371,0.638807
8.055107,-0.105077,-2.230186,2.586898,1.424447,-1.073270,-0.302320,0.688657,-1.033780,-0.214863,0.087802,-0.049140,-0.620903,-0.126028,0.263278,-2.513584,-0.210638,1.467795,-1.962392,-1.337182,3.566876,0.213765,-0.391972,-0.637244,0.315313,0.659570,-0.238773,-0.009118,0.645013
8.056056,-0.097524,-2.225696,2.591131,1.421725,-1.076286,-0.306621,0.686660,-1.033780,-0.214863,0.087802,-0.049140,-0.620903,-0.126028,0.263278,-2.513584,-0.210638,1.467795,-1.962392,-1.337182,3.566876,0.213765,-0.391972,-0.637244,0.315313,0.659570,-0.238773,-0.009118,0.645013
8.057045,-0.099581,-2.221232,2.593277,1.414039,-1.076300,-0.312656,0.685643,-0.993550,-0.245047,0.122131,0.011230,-0.612316,-0.126345,0.263211,-2.513979,-0.211279,1.468109,-1.961746,-1.337415,3.566872,0.214422,-0.394733,-0.638797,0.313823,0.658232,-0.235863,-0.006372,0.649919
8.058023,-0.103606,-2.222103,2.596755,1.414207,-1.077953,-0.316188,0.684385,-0.942330,-0.281353,0.165486,0.079257,-0.602701,-0.125620,0.263160,-2.514369,-0.211927,1.468418,-1.961077,-1.337653,3.566879,0.215085,-0.392856,-0.640534,0.313649,0.661790,-0.236059,-0.002050,0.652965
8.059103,-0.101021,-2.221545,2.604515,1.409602,-1.076971,-0.314983,0.684078,-0.888965,-0.317806,0.210580,0.148201,-0.592950,-0.124535,0.263157,-2.514754,-0.212561,1.468730,-1.960435,-1.337886,3.566880,0.215753,-0.390032,-0.639670,0.312711,0.657883,-0.234593,-0.000217,0.656445
8.060080,-0.089214,-2.222112,2.601600,1.412794,-1.079570,-0.309699,0.684729,-0.837329,-0.351905,0.254120,0.215317,-0.583494,-0.123475,0.263180,-2.515143,-0.213203,1.469038,-1.959773,-1.338124,3.566873,0.216414,-0.390916,-0.640207,0.310143,0.659624,-0.236025,-0.003268,0.658415
8.061108,-0.089352,-2.225481,2.610464,1.406736,-1.077900,-0.307021,0.684131,-0.782917,-0.385872,0.300132,0.281434,-0.574357,-0.122093,0.263182,-2.515548,-0.213844,1.469353,-1.959126,-1.338354,3.566850,0.217074,-0.395820,-0.639405,0.312404,0.652557,-0.233617,-0.010122,0.658079
8.061970,-0.082267,-2.229788,2.606988,1.403169,-1.079942,-0.309754,0.683988,-0.720223,-0.422773,0.353338,0.347883,-0.565470,-0.119840,0.263137,-2.515936,-0.214472,1.469656,-1.958472,-1.338595,3.566831,0.217744,-0.395061,-0.637749,0.309062,0.655370,-0.235576,-0.014408,0.660445
8.063030,-0.076963,-2.226467,2.620153,1.403005,-1.082078,-0.316746,0.685302,-0.647852,-0.464665,0.415397,0.412258,-0.557163,-0.116594,0.263075,-2.516335,-0.215102,1.469970,-1.957824,-1.338825,3.566823,0.218400,-0.397210,-0.634366,0.311095,0.653678,-0.233430,-0.013040,0.661292
8.064125,-0.073823,-2.219346,2.621909,1.398923,-1.083615,-0.321318,0.685598,-0.565636,-0.512571,0.486899,0.472502,-0.549705,-0.112418,0.263015,-2.516740,-0.215736,1.470267,-1.957184,-1.339053,3.566825,0.219062,-0.399140,-0.636273,0.305805,0.651211,-0.231758,-0.007830,0.659937
8.064984,-0.068307,-2.209301,2.625201,1.391967,-1.087026,-0.322516,0.688568,-0.475383,-0.564030,0.566210,0.528007,-0.543143,-0.107449,0.262954,-2.517139,-0.216389,1.470577,-1.956526,-1.339281,3.566823,0.219720,-0.400191,-0.640064,0.306354,0.652686,-0.230782,-0.005139,0.660805
8.066007,-0.072044,-2.203811,2.623780,1.389746,-1.087446,-0.319461,0.687117,-0.384371,-0.612389,0.646686,0.575932,-0.537769,-0.102148,0.262901,-2.517546,-0.217046,1.470875,-1.955864,-1.339500,3.566816,0.220367,-0.401426,-0.643525,0.305108,0.654063,-0.227385,-0.005392,0.655405
8.066993,-0.072780,-2.207303,2.623239,1.385303,-1.087733,-0.315594,0.691271,-0.301680,-0.650618,0.719598,0.614257,-0.533790,-0.097064,0.262866,-2.517935,-0.217689,1.471184,-1.955219,-1.339726,3.566795,0.221043,-0.398853,-0.646089,0.306908,0.653089,-0.227384,-0.010116,0.659505
8.067969,-0.069730,-2.207906,2.618577,1.379802,-1.090868,-0.314317,0.692209,-0.234097,-0.674808,0.778015,0.643328,-0.531110,-0.092569,0.262849,-2.518333,-0.218332,1.471493,-1.954563,-1.339952,3.566770,0.221691,-0.397577,-0.643824,0.308041,0.653631,-0.227394,-0.015517,0.652152
8.069039,-0.064855,-2.209365,2.623077,1.378732,-1.095320,-0.317548,0.692263,-0.183067,-0.686255,0.820496,0.663500,-0.529676,-0.088717,0.262851,-2.518735,-0.218969,1.471810,-1.953900,-1.340172,3.566742,0.222340,-0.398113,-0.643085,0.311127,0.654948,-0.224561,-0.018263,0.651374
8.069968,-0.060372,-2.202147,2.627906,1.368575,-1.098441,-0.321834,0.692988,-0.144304,-0.689702,0.851294,0.675622,-0.529451,-0.085211,0.262911,-2.519138,-0.219615,1.472122,-1.953254,-1.340385,3.566729,0.222989,-0.399904,-0.642470,0.310071,0.653338,-0.220731,-0.016736,0.652666
8.071006,-0.061374,-2.196362,2.626956,1.362340,-1.104117,-0.326751,0.692157,-0.111304,-0.690053,0.877050,0.680114,-0.530457,-0.081707,0.263073,-2.519542,-0.220270,1.472425,-1.952578,-1.340596,3.566719,0.223639,-0.400924,-0.645090,0.308334,0.658487,-0.217918,-0.013962,0.652049
8.072085,-0.061002,-2.197924,2.623733,1.354645,-1.101948,-0.326392,0.694151,-0.083602,-0.687586,0.899065,0.674612,-0.533006,-0.078367,0.263354,-2.519944,-0.220919,1.472736,-1.951914,-1.340799,3.566715,0.224306,-0.399640,-0.647846,0.309938,0.661244,-0.212875,-0.010785,0.654939
8.073072,-0.057322,-2.196742,2.625678,1.347873,-1.102005,-0.321887,0.692539,-0.067062,-0.678794,0.912088,0.657198,-0.537293,-0.075771,0.263749,-2.520340,-0.221570,1.473052,-1.951238,-1.341019,3.566695,0.224946,-0.399302,-0.647159,0.312790,0.665691,-0.215726,-0.012922,0.652348
8.073970,-0.053704,-2.193957,2.626390,1.340192,-1.101043,-0.319081,0.693173,-0.062599,-0.663945,0.914996,0.628770,-0.543125,-0.074132,0.264211,-2.520746,-0.222223,1.473365,-1.950559,-1.341233,3.566666,0.225610,-0.400132,-0.647188,0.312614,0.667980,-0.216051,-0.018975,0.656649
8.075036,-0.052949,-2.197532,2.637732,1.336576,-1.104351,-0.318345,0.690891,-0.064648,-0.647005,0.912695,0.591971,-0.550077,-0.073097,0.264681,-2.521144,-0.222867,1.473682,-1.949891,-1.341450,3.566636,0.226256,-0.400671,-0.647461,0.312638,0.670424,-0.217177,-0.023112,0.656089
8.075974,-0.044705,-2.195010,2.634683,1.327389,-1.104279,-0.321847,0.690988,-0.065682,-0.633037,0.912067,0.550071,-0.557654,-0.072118,0.265145,-2.521547,-0.223512,1.473983,-1.949212,-1.341656,3.566605,0.226942,-0.400376,-0.645765,0.308269,0.670529,-0.214534,-0.025463,0.661938
8.076963,-0.041639,-2.197296,2.633901,1.316900,-1.107631,-0.327126,0.690058,-0.059793,-0.626419,0.918781,0.505286,-0.565505,-0.070789,0.265632,-2.521961,-0.224152,1.474298,-1.948537,-1.341872,3.566586,0.227600,-0.403231,-0.646264,0.310438,0.674799,-0.214906,-0.023402,0.662540
8.077981,-0.037529,-2.191101,2.634884,1.310236,-1.108399,-0.331372,0.690582,-0.047695,-0.627468,0.932619,0.456727,-0.573658,-0.069219,0.266188,-2.522364,-0.224797,1.474614,-1.947841,-1.342076,3.566576,0.228263,-0.403764,-0.644643,0.311627,0.680497,-0.212040,-0.019733,0.665450
8.078964,-0.042511,-2.192488,2.640253,1.302676,-1.109792,-0.331590,0.690184,-0.034056,-0.633278,0.949477,0.402945,-0.582212,-0.067832,0.266840,-2.522774,-0.225454,1.474924,-1.947148,-1.342286,3.566561,0.228933,-0.404890,-0.647388,0.312134,0.682710,-0.211833,-0.017142,0.665477
8.080025,-0.039028,-2.199872,2.644515,1.298312,-1.109321,-0.329438,0.691378,-0.022548,-0.640429,0.965599,0.345000,-0.591012,-0.066946,0.267589,-2.523166,-0.226093,1.475232,-1.946464,-1.342496,3.566538,0.229608,-0.401491,-0.646235,0.310305,0.685681,-0.210881,-0.018503,0.667244
8.081042,-0.040511,-2.209487,2.641475,1.293159,-1.109284,-0.327485,0.691181,-0.012209,-0.649276,0.981476,0.285488,-0.599835,-0.066596,0.268397,-2.523572,-0.226727,1.475540,-1.945770,-1.342708,3.566509,0.230270,-0.402556,-0.642715,0.309430,0.686096,-0.211999,-0.022316,0.666124
8.081959,-0.037120,-2.210678,2.640154,1.292305,-1.111436,-0.327588,0.692266,0.000895,-0.663375,1.000256,0.228004,-0.608412,-0.066562,0.269213,-2.523976,-0.227349,1.475858,-1.945076,-1.342924,3.566481,0.230945,-0.400913,-0.637916,0.311888,0.686805,-0.212504,-0.025830,0.667624
8.082981,-0.035658,-2.211134,2.642733,1.287970,-1.110378,-0.332736,0.690920,0.017082,-0.683286,1.021109,0.177228,-0.616288,-0.066636,0.269993,-2.524377,-0.227986,1.476173,-1.944402,-1.343134,3.566449,0.231605,-0.401400,-0.636469,0.313024,0.682448,-0.210601,-0.027080,0.666193
8.084078,-0.032155,-2.209804,2.650808,1.281813,-1.110625,-0.337853,0.689449,0.035058,-0.706973,1.041730,0.137444,-0.622981,-0.066637,0.270727,-2.524783,-0.228624,1.476484,-1.943714,-1.343344,3.566430,0.232286,-0.401250,-0.636108,0.312744,0.682581,-0.212246,-0.023511,0.670012
8.085071,-0.030085,-2.206533,2.651419,1.276205,-1.109050,-0.342578,0.688641,0.055302,-0.733252,1.062834,0.108547,-0.628502,-0.066481,0.271442,-2.525191,-0.229258,1.476792,-1.943028,-1.343557,3.566420,0.232972,-0.402403,-0.637255,0.310084,0.685468,-0.212697,-0.020204,0.674291
8.086017,-0.031456,-2.203963,2.653419,1.266414,-1.108783,-0.342195,0.687771,0.077702,-0.760940,1.085316,0.087462,-0.633206,-0.066307,0.272142,-2.525594,-0.229898,1.477102,-1.942337,-1.343773,3.566406,0.233648,-0.402478,-0.638524,0.310711,0.686411,-0.214698,-0.017090,0.676877
8.087066,-0.028668,-2.198662,2.648139,1.268231,-1.104900,-0.340946,0.688956,0.098391,-0.786815,1.106152,0.071409,-0.637391,-0.066506,0.272794,-2.525994,-0.230535,1.477410,-1.941634,-1.343989,3.566380,0.234335,-0.400670,-0.639126,0.310395,0.690718,-0.215235,-0.018985,0.679384
8.088094,-0.026073,-2.201473,2.657755,1.266390,-1.105346,-0.338184,0.687794,0.111668,-0.806165,1.119567,0.060593,-0.640916,-0.067392,0.273366,-2.526395,-0.231183,1.477732,-1.940964,-1.344217,3.566352,0.235019,-0.401374,-0.641737,0.314096,0.685320,-0.219596,-0.021864,0.678141
8.089100,-0.024991,-2.205240,2.652239,1.265567,-1.101158,-0.340289,0.690582,0.118286,-0.818087,1.124949,0.059883,-0.643029,-0.068688,0.273826,-2.526801,-0.231825,1.478033,-1.940282,-1.344435,3.566320,0.235701,-0.401820,-0.640158,0.310377,0.683167,-0.219588,-0.026200,0.681603
8.090066,-0.022264,-2.209585,2.656102,1.260773,-1.102148,-0.344016,0.689027,0.124131,-0.826752,1.127257,0.072971,-0.643146,-0.069914,0.274171,-2.527207,-0.232453,1.478355,-1.939612,-1.344668,3.566295,0.236375,-0.401405,-0.638138,0.314030,0.679983,-0.224096,-0.025613,0.676993
8.091054,-0.021600,-2.202924,2.656603,1.259529,-1.102213,-0.349539,0.689500,0.131680,-0.835732,1.129237,0.099267,-0.641208,-0.070973,0.274458,-2.527609,-0.233088,1.478666,-1.938930,-1.344890,3.566276,0.237061,-0.401728,-0.635439,0.312810,0.680057,-0.223336,-0.023403,0.681033
8.092056,-0.023735,-2.198683,2.658645,1.260420,-1.103692,-0.351838,0.689524,0.140373,-0.845653,1.131003,0.136413,-0.637394,-0.071976,0.274764,-2.528014,-0.233739,1.478978,-1.938255,-1.345113,3.566266,0.237748,-0.401059,-0.638288,0.313427,0.676929,-0.223606,-0.019486,0.680972
8.093062,-0.018337,-2.202731,2.654386,1.257944,-1.102665,-0.352975,0.691388,0.146592,-0.852938,1.129089,0.183516,-0.631755,-0.073090,0.275096,-2.528406,-0.234378,1.479293,-1.937599,-1.345335,3.566248,0.238425,-0.399184,-0.640107,0.313276,0.672296,-0.222493,-0.018822,0.681947
8.094107,-0.025124,-2.210251,2.650318,1.260339,-1.102855,-0.351828,0.692475,0.147481,-0.854884,1.120421,0.240441,-0.624335,-0.074448,0.275401,-2.528816,-0.235015,1.479613,-1.936929,-1.345562,3.566230,0.239099,-0.400938,-0.637814,0.316272,0.670833,-0.223874,-0.019301,0.679229
8.095009,-0.026246,-2.214806,2.655084,1.255896,-1.098738,-0.351477,0.691343,0.142783,-0.852705,1.104683,0.306075,-0.615388,-0.076144,0.275667,-2.529212,-0.235638,1.479941,-1.936281,-1.345787,3.566203,0.239781,-0.396814,-0.634247,0.319238,0.665381,-0.224131,-0.022094,0.678224
8.096067,-0.014897,-2.212525,2.661333,1.255287,-1.102474,-0.353358,0.693987,0.132800,-0.848625,1.082437,0.378524,-0.605223,-0.078236,0.275939,-2.529604,-0.236266,1.480257,-1.935619,-1.346024,3.566177,0.240470,-0.395102,-0.631073,0.317197,0.664814,-0.228247,-0.023816,0.681125
8.097142,-0.008654,-2.211633,2.661427,1.253224,-1.101772,-0.361011,0.694113,0.124509,-0.847888,1.061309,0.454867,-0.594256,-0.080278,0.276255,-2.530017,-0.236905,1.480567,-1.934962,-1.346242,3.566157,0.241133,-0.400027,-0.632384,0.315275,0.662344,-0.225000,-0.023597,0.677049
8.098007,-0.007144,-2.210274,2.655188,1.247212,-1.103062,-0.367612,0.695717,0.126102,-0.854788,1.050002,0.532514,-0.582913,-0.081664,0.276627,-2.530425,-0.237536,1.480888,-1.934310,-1.346472,3.566152,0.241815,-0.402431,-0.633170,0.316413,0.661694,-0.226237,-0.017695,0.678118
8.099105,-0.011576,-2.210327,2.658809,1.246452,-1.103401,-0.372449,0.696282,0.134682,-0.866842,1.046264,0.608214,-0.571697,-0.082614,0.277091,-2.530828,-0.238166,1.481211,-1.933649,-1.346694,3.566149,0.242482,-0.401700,-0.632631,0.319698,0.662227,-0.224937,-0.012555,0.675415
8.100090,-0.015920,-2.200321,2.655745,1.242904,-1.100878,-0.371415,0.697849,0.140802,-0.878172,1.041437,0.678277,-0.561154,-0.083926,0.277656,-2.531226,-0.238796,1.481530,-1.932987,-1.346920,3.566142,0.243160,-0.398976,-0.633149,0.319122,0.660273,-0.225195,-0.009572,0.675684
8.101089,-0.010555,-2.200663,2.661769,1.235873,-1.099273,-0.369523,0.699253,0.135677,-0.881945,1.027072,0.740850,-0.551553,-0.086223,0.278283,-2.531614,-0.239442,1.481860,-1.932337,-1.347152,3.566127,0.243827,-0.395994,-0.637687,0.321303,0.660060,-0.227974,-0.012253,0.673522
8.101977,-0.010252,-2.198349,2.651549,1.235841,-1.098720,-0.367496,0.698982,0.116654,-0.874776,1.000865,0.794053,-0.543134,-0.089588,0.278941,-2.532021,-0.240081,1.482176,-1.931668,-1.347385,3.566106,0.244495,-0.397747,-0.637155,0.319107,0.663070,-0.229824,-0.015728,0.671757
8.103051,-0.007647,-2.203035,2.652716,1.232425,-1.099708,-0.368862,0.698615,0.088044,-0.859114,0.967012,0.837458,-0.536008,-0.093613,0.279614,-2.532420,-0.240712,1.482512,-1.931026,-1.347615,3.566079,0.245175,-0.396554,-0.637275,0.324379,0.658272,-0.230362,-0.019108,0.672907
8.104060,-0.003346,-2.201629,2.656234,1.229381,-1.102847,-0.373398,0.698935,0.052926,-0.837350,0.927670,0.873424,-0.529957,-0.097868,0.280297,-2.532814,-0.241347,1.482837,-1.930363,-1.347841,3.566058,0.245847,-0.397338,-0.635196,0.324848,0.658732,-0.229893,-0.019419,0.674955
8.104962,-0.001401,-2.192518,2.656404,1.220864,-1.100886,-0.380237,0.697934,0.016119,-0.813331,0.887333,0.902609,-0.524990,-0.101924,0.280987,-2.533217,-0.241979,1.483160,-1.929702,-1.348062,3.566052,0.246522,-0.398615,-0.635780,0.323890,0.658020,-0.227135,-0.016531,0.675350
8.106093,-0.000638,-2.193572,2.660036,1.215380,-1.100363,-0.383966,0.697378,-0.018368,-0.789611,0.850620,0.923002,-0.521423,-0.105556,0.281708,-2.533610,-0.242624,1.483488,-1.929041,-1.348294,3.566051,0.247201,-0.398372,-0.639256,0.324081,0.661556,-0.229153,-0.011200,0.678012
8.107036,0.000708,-2.189126,2.657499,1.208084,-1.099157,-0.383610,0.697415,-0.052202,-0.764589,0.816842,0.931609,-0.519605,-0.109002,0.282503,-2.534010,-0.243267,1.483809,-1.928371,-1.348526,3.566043,0.247884,-0.398378,-0.639297,0.323655,0.664519,-0.230273,-0.009385,0.680591
8.107986,-0.003343,-2.187463,2.651121,1.201061,-1.097443,-0.380791,0.698507,-0.087161,-0.737205,0.784774,0.926649,-0.519739,-0.112541,0.283363,-2.534409,-0.243909,1.484137,-1.927701,-1.348761,3.566025,0.248578,-0.397945,-0.640783,0.325399,0.667071,-0.231576,-0.011282,0.681231
8.109120,-0.003942,-2.191184,2.655870,1.197774,-1.096323,-0.380532,0.698019,-0.127373,-0.704863,0.750088,0.908557,-0.521744,-0.116412,0.284243,-2.534793,-0.244556,1.484474,-1.927024,-1.348997,3.566001,0.249248,-0.395000,-0.640827,0.328976,0.669253,-0.233399,-0.015598,0.679878
8.110110,-0.006728,-2.188279,2.650177,1.185210,-1.095618,-0.383809,0.696328,-0.175588,-0.666160,0.709494,0.879295,-0.525334,-0.120671,0.285115,-2.535186,-0.245198,1.484798,-1.926343,-1.349239,3.565980,0.249941,-0.394443,-0.639600,0.327949,0.669793,-0.235035,-0.017645,0.682335
8.111040,-0.008561,-2.183061,2.654153,1.174570,-1.095999,-0.388249,0.696349,-0.230738,-0.622896,0.664141,0.839431,-0.530414,-0.125240,0.285990,-2.535570,-0.245836,1.485137,-1.925655,-1.349478,3.565967,0.250630,-0.392302,-0.640698,0.331372,0.677792,-0.235896,-0.015941,0.686658
8.112051,-0.010304,-2.177465,2.653916,1.166811,-1.094711,-0.392085,0.694349,-0.294268,-0.575198,0.613671,0.786273,-0.537253,-0.130289,0.286886,-2.535955,-0.246484,1.485462,-1.924955,-1.349710,3.565958,0.251323,-0.390402,-0.642388,0.329763,0.682789,-0.235600,-0.013021,0.687263
8.113002,-0.011021,-2.174130,2.651908,1.153992,-1.096082,-0.393339,0.693972,-0.366689,-0.522784,0.557995,0.719264,-0.545860,-0.135936,0.287805,-2.536342,-0.247130,1.485794,-1.924259,-1.349948,3.565948,0.252028,-0.388834,-0.644887,0.330620,0.685965,-0.237137,-0.010857,0.692246
8.114030,-0.016024,-2.170510,2.648576,1.145693,-1.094196,-0.392536,0.693369,-0.446861,-0.466145,0.497853,0.640110,-0.556043,-0.142179,0.288744,-2.536722,-0.247780,1.486133,-1.923557,-1.350187,3.565937,0.252720,-0.387642,-0.645728,0.331985,0.693397,-0.235818,-0.011184,0.693732
8.115037,-0.019018,-2.171674,2.651759,1.136349,-1.094001,-0.391475,0.693793,-0.535627,-0.405000,0.432088,0.549757,-0.567732,-0.149114,0.289699,-2.537104,-0.248437,1.486470,-1.922847,-1.350428,3.565917,0.253427,-0.384560,-0.647238,0.334398,0.696963,-0.237983,-0.013641,0.695939
8.115993,-0.021609,-2.174652,2.655380,1.127849,-1.091159,-0.391258,0.694573,-0.632220,-0.340200,0.360817,0.450460,-0.580631,-0.156666,0.290655,-2.537482,-0.249076,1.486803,-1.922140,-1.350667,3.565894,0.254132,-0.382464,-0.646376,0.333461,0.701448,-0.238380,-0.016280,0.695991
8.117074,-0.022860,-2.179114,2.660079,1.122326,-1.091216,-0.393950,0.693165,-0.729949,-0.276973,0.289842,0.345604,-0.594253,-0.164408,0.291609,-2.537855,-0.249717,1.487129,-1.921422,-1.350913,3.565874,0.254822,-0.380432,-0.644212,0.332169,0.704154,-0.241264,-0.017998,0.695216
8.118139,-0.019328,-2.174322,2.662336,1.115810,-1.090983,-0.399121,0.693792,-0.819646,-0.222351,0.227325,0.239190,-0.608015,-0.171773,0.292577,-2.538236,-0.250353,1.487459,-1.920705,-1.351159,3.565862,0.255532,-0.379475,-0.642307,0.330898,0.705454,-0.241521,-0.017051,0.699259
8.119035,-0.015240,-2.175953,2.664100,1.107165,-1.090700,-0.403848,0.693224,-0.895713,-0.179619,0.177787,0.135412,-0.621304,-0.178353,0.293566,-2.538618,-0.251006,1.487792,-1.919994,-1.351404,3.565854,0.256223,-0.380846,-0.644757,0.330731,0.707714,-0.242061,-0.013623,0.699155
8.120093,-0.014846,-2.179686,2.667638,1.097677,-1.090095,-0.404560,0.692736,-0.955659,-0.149193,0.143010,0.037119,-0.633715,-0.183987,0.294546,-2.539004,-0.251649,1.488118,-1.919277,-1.351644,3.565848,0.256932,-0.381747,-0.642778,0.330101,0.709903,-0.242258,-0.010393,0.700807
8.121021,-0.017395,-2.184612,2.673036,1.091679,-1.088201,-0.404259,0.693628,-0.997708,-0.132255,0.124730,-0.055127,-0.645225,-0.188747,0.295466,-2.539389,-0.252282,1.488447,-1.918557,-1.351890,3.565837,0.257637,-0.381445,-0.641102,0.329304,0.714843,-0.243152,-0.011463,0.702894
8.121967,-0.013733,-2.192036,2.675145,1.083597,-1.087227,-0.400697,0.694031,-1.021234,-0.129955,0.123691,-0.141296,-0.655918,-0.192796,0.296264,-2.539760,-0.252914,1.488767,-1.917837,-1.352138,3.565820,0.258333,-0.379330,-0.637870,0.327066,0.714658,-0.244980,-0.013249,0.701745
8.123040,-0.010317,-2.192278,2.677098,1.082380,-1.087836,-0.399687,0.695005,-1.025218,-0.143467,0.140474,-0.219487,-0.665637,-0.196114,0.296883,-2.540143,-0.253546,1.489092,-1.917111,-1.352394,3.565794,0.259035,-0.380304,-0.633527,0.326527,0.716709,-0.245832,-0.018302,0.701659
8.124081,-0.011046,-2.193996,2.678940,1.081877,-1.087166,-0.404565,0.693487,-1.008758,-0.172849,0.174979,-0.286311,-0.674042,-0.198401,0.297313,-2.540524,-0.254176,1.489421,-1.916406,-1.352640,3.565771,0.259745,-0.381635,-0.633789,0.326590,0.713832,-0.245528,-0.020982,0.700851
8.125073,-0.012991,-2.192579,2.691269,1.075378,-1.087605,-0.410406,0.694383,-0.929772,-0.260998,0.277381,-0.369762,-0.684992,-0.199448,0.297679,-2.541279,-0.255434,1.490055,-1.914990,-1.353133,3.565756,0.261161,-0.379158,-0.633511,0.321307,0.711310,-0.246101,-0.013570,0.703988
8.126118,-0.010785,-2.192086,2.690827,1.072064,-1.083200,-0.416034,0.693595,-0.875617,-0.312368,0.337507,-0.386417,-0.687504,-0.198721,0.297649,-2.541654,-0.256069,1.490384,-1.914281,-1.353391,3.565752,0.261866,-0.379538,-0.633214,0.322114,0.709437,-0.250433,-0.009473,0.705966
8.127020,-0.011424,-2.182377,2.698086,1.068455,-1.084013,-0.417752,0.693656,-0.875617,-0.312368,0.337507,-0.386417,-0.687504,-0.198721,0.297649,-2.541654,-0.256069,1.490384,-1.914281,-1.353391,3.565752,0.261866,-0.379538,-0.633214,0.322114,0.709437,-0.250433,-0.009473,0.705966
8.127996,-0.010156,-2.180843,2.694487,1.064383,-1.079264,-0.415672,0.693963,-0.757153,-0.412563,0.457759,-0.372494,-0.686655,-0.196446,0.297236,-2.542406,-0.257344,1.491012,-1.912881,-1.353901,3.565719,0.263277,-0.377102,-0.635367,0.320231,0.703819,-0.253345,-0.012169,0.704291
8.129061,-0.010632,-2.182865,2.700246,1.066357,-1.078660,-0.412730,0.693721,-0.757153,-0.412563,0.457759,-0.372494,-0.686655,-0.196446,0.297236,-2.542406,-0.257344,1.491012,-1.912881,-1.353901,3.565719,0.263277,-0.377102,-0.635367,0.320231,0.703819,-0.253345,-0.012169,0.704291
8.130058,-0.003574,-2.188272,2.706796,1.061746,-1.074337,-0.411557,0.694946,-0.634895,-0.499573,0.565352,-0.290302,-0.676876,-0.193485,0.296415,-2.543169,-0.258592,1.491634,-1.911500,-1.354421,3.565676,0.264676,-0.378179,-0.629655,0.314787,0.695645,-0.257552,-0.018713,0.701916
8.131028,-0.000131,-2.189811,2.709249,1.058450,-1.073909,-0.413648,0.692740,-0.634895,-0.499573,0.565352,-0.290302,-0.676876,-0.193485,0.296415,-2.543169,-0.258592,1.491634,-1.911500,-1.354421,3.565676,0.264676,-0.378179,-0.629655,0.314787,0.695645,-0.257552,-0.018713,0.701916
8.132020,0.000252,-2.181303,2.712723,1.057117,-1.074018,-0.417250,0.691075,-0.558106,-0.550696,0.628574,-0.224744,-0.668669,-0.190881,0.295896,-2.543549,-0.259219,1.491947,-1.910820,-1.354678,3.565661,0.265383,-0.378562,-0.627482,0.313682,0.693090,-0.257473,-0.017769,0.706013
8.133072,0.000314,-2.176773,2.710235,1.054114,-1.073062,-0.419892,0.689174,-0.470242,-0.608428,0.699707,-0.147024,-0.658666,-0.187451,0.295360,-2.543927,-0.259858,1.492250,-1.910138,-1.354934,3.565650,0.266099,-0.377524,-0.630384,0.312254,0.688786,-0.256954,-0.015386,0.708975
8.134112,-0.002051,-2.173413,2.709644,1.050659,-1.072738,-0.420484,0.688697,-0.381844,-0.664322,0.768778,-0.060014,-0.647142,-0.183651,0.294868,-2.544306,-0.260487,1.492566,-1.909467,-1.355196,3.565636,0.266823,-0.376534,-0.631715,0.313929,0.687086,-0.257584,-0.014049,0.712538
8.135124,0.002382,-2.177938,2.711358,1.049256,-1.070186,-0.419767,0.689860,-0.303542,-0.710647,0.826037,0.032201,-0.634593,-0.180018,0.294447,-2.544673,-0.261121,1.492880,-1.908788,-1.355457,3.565619,0.267531,-0.374417,-0.632340,0.314598,0.685486,-0.257553,-0.014739,0.713259
8.136075,0.001174,-2.182574,2.711388,1.046751,-1.068505,-0.418782,0.686750,-0.237358,-0.747008,0.870102,0.126416,-0.621503,-0.176721,0.294065,-2.545052,-0.261749,1.493194,-1.908114,-1.355718,3.565597,0.268244,-0.375506,-0.628877,0.313990,0.681658,-0.259721,-0.016659,0.710602
8.137063,0.004144,-2.172214,2.715970,1.045567,-1.069002,-0.420852,0.686353,-0.177132,-0.779387,0.907172,0.221684,-0.608126,-0.173522,0.293687,-2.545418,-0.262363,1.493508,-1.907451,-1.355984,3.565575,0.268968,-0.373671,-0.625177,0.313998,0.678541,-0.260789,-0.018759,0.716407
8.138067,0.008475,-2.179451,2.711583,1.039538,-1.070488,-0.425387,0.684468,-0.119368,-0.810640,0.940801,0.317341,-0.594654,-0.170219,0.293316,-2.545792,-0.263001,1.493811,-1.906783,-1.356239,3.565560,0.269688,-0.373996,-0.629009,0.311985,0.674377,-0.259866,-0.017862,0.716761
8.139016,0.016844,-2.179055,2.710428,1.037019,-1.070545,-0.427468,0.682814,-0.064426,-0.840139,0.971213,0.411074,-0.581490,-0.166819,0.292956,-2.546173,-0.263610,1.494132,-1.906107,-1.356498,3.565550,0.270419,-0.374961,-0.624335,0.314368,0.675081,-0.257965,-0.014561,0.720171
8.140049,0.014506,-2.175098,2.712874,1.032223,-1.068151,-0.428361,0.681492,-0.010579,-0.870201,1.000851,0.499679,-0.569228,-0.163415,0.292616,-2.546551,-0.264231,1.494450,-1.905450,-1.356751,3.565541,0.271139,-0.377799,-0.623094,0.314894,0.672055,-0.257457,-0.013689,0.722985
8.141229,0.012632,-2.171575,2.713794,1.033157,-1.068270,-0.428678,0.679129,0.043092,-0.901684,1.030908,0.581219,-0.558238,-0.160129,0.292324,-2.546925,-0.264861,1.494760,-1.904777,-1.357013,3.565525,0.271877,-0.375549,-0.624045,0.314042,0.671904,-0.259497,-0.014066,0.725279
8.142027,0.019014,-2.160522,2.716535,1.029128,-1.068428,-0.423980,0.679660,0.091987,-0.929763,1.056899,0.654774,-0.548609,-0.157253,0.292095,-2.547294,-0.265486,1.495077,-1.904122,-1.357274,3.565507,0.272608,-0.374149,-0.625752,0.314494,0.667989,-0.259312,-0.015195,0.730081
8.142945,0.019023,-2.155240,2.712619,1.024340,-1.069245,-0.421832,0.676376,0.132970,-0.949856,1.075301,0.721246,-0.540156,-0.154819,0.291887,-2.547676,-0.266122,1.495385,-1.903459,-1.357526,3.565475,0.273338,-0.375449,-0.628694,0.312584,0.664755,-0.258354,-0.020791,0.728049
8.144000,0.020754,-2.159213,2.712118,1.017611,-1.070459,-0.423438,0.674883,0.166523,-0.960328,1.086180,0.781684,-0.532689,-0.152503,0.291684,-2.548051,-0.266750,1.495704,-1.902797,-1.357784,3.565449,0.274089,-0.374006,-0.629575,0.314407,0.663600,-0.256949,-0.023960,0.734009
8.145001,0.022467,-2.154392,2.714702,1.011878,-1.073272,-0.426109,0.675986,0.210298,-0.956696,1.088239,0.873837,-0.521698,-0.148106,0.291478,-2.548796,-0.268006,1.496335,-1.901462,-1.358279,3.565404,0.275554,-0.373682,-0.627881,0.313952,0.666287,-0.252423,-0.022057,0.734026
8.146129,0.029160,-2.151006,2.717696,1.005264,-1.077471,-0.429857,0.675181,0.210298,-0.956696,1.088239,0.873837,-0.521698,-0.148106,0.291478,-2.548796,-0.268006,1.496335,-1.901462,-1.358279,3.565404,0.275554,-0.373682,-0.627881,0.313952,0.666287,-0.252423,-0.022057,0.734026
8.147021,0.030274,-2.143390,2.716582,0.998656,-1.079145,-0.430272,0.675140,0.224987,-0.948721,1.086339,0.900044,-0.518606,-0.145963,0.291471,-2.549178,-0.268631,1.496648,-1.900794,-1.358520,3.565387,0.276300,-0.376247,-0.629196,0.313202,0.669088,-0.248249,-0.019676,0.735544
8.148048,0.037179,-2.135036,2.712937,0.990923,-1.082401,-0.431164,0.674924,0.237573,-0.938229,1.085804,0.912416,-0.517086,-0.143762,0.291522,-2.549547,-0.269268,1.496961,-1.900119,-1.358759,3.565363,0.277028,-0.375324,-0.630989,0.313563,0.669116,-0.246148,-0.020314,0.734942
8.149054,0.031230,-2.123795,2.707056,0.982768,-1.085762,-0.430323,0.676639,0.245866,-0.922864,1.084104,0.912368,-0.516952,-0.141626,0.291610,-2.549929,-0.269902,1.497282,-1.899438,-1.358994,3.565341,0.277765,-0.377675,-0.634045,0.315644,0.671640,-0.242758,-0.020632,0.735023
8.150075,0.030289,-2.126214,2.710925,0.976933,-1.086737,-0.428218,0.677471,0.242686,-0.896842,1.073818,0.900505,-0.518117,-0.139932,0.291706,-2.550291,-0.270552,1.497607,-1.898762,-1.359228,3.565314,0.278480,-0.373650,-0.638220,0.318701,0.674462,-0.239235,-0.022646,0.731235
8.151091,0.031549,-2.125135,2.710995,0.966278,-1.088635,-0.429647,0.676157,0.222689,-0.857041,1.049654,0.877108,-0.520553,-0.139047,0.291837,-2.550660,-0.271186,1.497920,-1.898084,-1.359458,3.565281,0.279206,-0.372205,-0.635779,0.317037,0.675060,-0.238211,-0.025900,0.729258
8.152016,0.037629,-2.121907,2.713756,0.957345,-1.094452,-0.430816,0.676439,0.191070,-0.809422,1.016940,0.843054,-0.524206,-0.138877,0.292069,-2.551034,-0.271815,1.498240,-1.897401,-1.359690,3.565256,0.279948,-0.371762,-0.635185,0.317225,0.680353,-0.236192,-0.025617,0.731525
8.153116,0.031747,-2.118875,2.714520,0.948692,-1.099786,-0.434636,0.677034,0.156995,-0.762544,0.985117,0.798691,-0.529126,-0.139071,0.292429,-2.551407,-0.272454,1.498557,-1.896707,-1.359904,3.565226,0.280671,-0.373434,-0.634972,0.315707,0.682619,-0.230195,-0.025480,0.730368
8.154024,0.032720,-2.118465,2.706813,0.940656,-1.103023,-0.435484,0.677025,0.087891,-0.679219,0.930691,0.682056,-0.542773,-0.140552,0.293429,-2.552136,-0.273724,1.499194,-1.895317,-1.360336,3.565182,0.282118,-0.368937,-0.634105,0.319584,0.687655,-0.221696,-0.023185,0.728485
8.154984,0.034452,-2.107837,2.706951,0.934107,-1.105176,-0.436105,0.676459,0.087891,-0.679219,0.930691,0.682056,-0.542773,-0.140552,0.293429,-2.552136,-0.273724,1.499194,-1.895317,-1.360336,3.565182,0.282118,-0.368937,-0.634105,0.319584,0.687655,-0.221696,-0.023185,0.728485
8.156098,0.035423,-2.103224,2.704613,0.926935,-1.103320,-0.435441,0.676969,-0.004923,-0.593590,0.861417,0.546206,-0.559473,-0.144884,0.294528,-2.552878,-0.275009,1.499836,-1.893932,-1.360772,3.565125,0.283580,-0.368334,-0.639412,0.321228,0.690601,-0.221603,-0.025618,0.727974
8.157043,0.038806,-2.104134,2.706007,0.920558,-1.105863,-0.434617,0.678732,-0.004923,-0.593590,0.861417,0.546206,-0.559473,-0.144884,0.294528,-2.552878,-0.275009,1.499836,-1.893932,-1.360772,3.565125,0.283580,-0.368334,-0.639412,0.321228,0.690601,-0.221603,-0.025618,0.727974
8.157983,0.040977,-2.101869,2.702128,0.907637,-1.104747,-0.435874,0.676119,-0.058127,-0.548638,0.820877,0.479703,-0.567739,-0.147781,0.294990,-2.553244,-0.275646,1.500156,-1.893238,-1.360983,3.565095,0.284292,-0.368797,-0.637235,0.320424,0.690504,-0.218953,-0.027497,0.723956
8.159057,0.045778,-2.105368,2.702167,0.904491,-1.108282,-0.438385,0.675858,-0.109197,-0.508120,0.782884,0.415598,-0.575719,-0.150848,0.295361,-2.553614,-0.276286,1.500479,-1.892523,-1.361202,3.565066,0.285030,-0.368590,-0.636628,0.322259,0.696502,-0.219950,-0.027274,0.728687
8.160034,0.046936,-2.098724,2.699921,0.896954,-1.109299,-0.441517,0.675196,-0.154746,-0.475830,0.751032,0.353736,-0.583401,-0.153974,0.295672,-2.553981,-0.276910,1.500802,-1.891835,-1.361413,3.565041,0.285766,-0.370203,-0.634143,0.322623,0.694673,-0.216603,-0.026012,0.728930
8.160978,0.052679,-2.104920,2.702308,0.893165,-1.107922,-0.443205,0.674580,-0.193362,-0.452562,0.726097,0.296342,-0.590468,-0.157055,0.295949,-2.554349,-0.277551,1.501127,-1.891132,-1.361625,3.565017,0.286491,-0.369612,-0.635975,0.323746,0.695935,-0.215605,-0.024007,0.729825
8.162151,0.044122,-2.111181,2.700094,0.888330,-1.106029,-0.442974,0.674579,-0.223269,-0.438648,0.708921,0.246666,-0.596488,-0.159977,0.296195,-2.554724,-0.278169,1.501449,-1.890432,-1.361843,3.564996,0.287226,-0.371166,-0.631352,0.322428,0.693108,-0.216879,-0.023444,0.730498
8.163018,0.045716,-2.114710,2.700130,0.881469,-1.107137,-0.443358,0.674203,-0.243098,-0.435460,0.700468,0.206541,-0.601220,-0.162786,0.296389,-2.555081,-0.278793,1.501781,-1.889743,-1.362069,3.564971,0.287951,-0.366473,-0.628137,0.324255,0.694126,-0.219067,-0.025079,0.730553
8.164060,0.048053,-2.116443,2.693242,0.876630,-1.104972,-0.443835,0.674061,-0.255905,-0.442053,0.698095,0.175296,-0.604741,-0.165787,0.296510,-2.555444,-0.279413,1.502100,-1.889044,-1.362284,3.564945,0.288684,-0.365853,-0.624396,0.323841,0.693585,-0.217653,-0.025666,0.730559
8.165057,0.052523,-2.119666,2.694332,0.873296,-1.106962,-0.446655,0.670820,-0.264786,-0.456312,0.698940,0.152289,-0.607154,-0.169117,0.296535,-2.555817,-0.280027,1.502434,-1.888349,-1.362511,3.564918,0.289418,-0.366049,-0.622751,0.327472,0.693021,-0.219850,-0.026391,0.730537
8.165970,0.057111,-2.115127,2.696432,0.868211,-1.108066,-0.450986,0.671344,-0.269488,-0.477271,0.702723,0.138776,-0.608352,-0.172599,0.296457,-2.556183,-0.280645,1.502758,-1.887669,-1.362722,3.564898,0.290172,-0.367234,-0.620005,0.326968,0.690796,-0.217878,-0.024733,0.736580
8.166955,0.051786,-2.111905,2.696108,0.866144,-1.106301,-0.455182,0.670005,-0.267219,-0.505243,0.711713,0.136067,-0.608232,-0.175942,0.296279,-2.556556,-0.281259,1.503083,-1.886978,-1.362942,3.564884,0.290902,-0.368113,-0.620691,0.325638,0.689176,-0.216565,-0.021496,0.734838
8.168116,0.050773,-2.107520,2.698376,0.866557,-1.104355,-0.458681,0.667629,-0.258944,-0.537600,0.724743,0.144661,-0.606743,-0.179134,0.296002,-2.556909,-0.281880,1.503413,-1.886303,-1.363162,3.564868,0.291634,-0.364467,-0.621059,0.325788,0.685696,-0.218291,-0.018501,0.737116
8.169036,0.053828,-2.103586,2.695511,0.860027,-1.103211,-0.458548,0.666328,-0.251424,-0.567610,0.734825,0.165114,-0.603748,-0.182530,0.295650,-2.557270,-0.282508,1.503735,-1.885625,-1.363387,3.564856,0.292386,-0.363535,-0.623058,0.325407,0.681569,-0.220519,-0.016460,0.741813
8.169972,0.059126,-2.095983,2.692743,0.856490,-1.099562,-0.457084,0.666360,-0.248606,-0.591119,0.738021,0.196853,-0.599261,-0.186320,0.295237,-2.557638,-0.283129,1.504064,-1.884956,-1.363611,3.564837,0.293138,-0.363740,-0.623352,0.326571,0.682026,-0.221411,-0.017715,0.743698
8.171016,0.055959,-2.098081,2.696599,0.857028,-1.098777,-0.457982,0.664919,-0.250329,-0.607488,0.734844,0.237538,-0.593536,-0.190389,0.294776,-2.558000,-0.283760,1.504401,-1.884283,-1.363838,3.564810,0.293875,-0.365196,-0.625504,0.327632,0.679520,-0.224848,-0.020257,0.743023
8.172048,0.051092,-2.102129,2.698146,0.850295,-1.097165,-0.459680,0.663658,-0.254211,-0.617868,0.727514,0.286467,-0.586611,-0.194459,0.294298,-2.558360,-0.284382,1.504723,-1.883617,-1.364067,3.564794,0.294630,-0.362750,-0.623528,0.325976,0.674251,-0.225576,-0.020602,0.745548
8.173010,0.053067,-2.101666,2.697051,0.848917,-1.096053,-0.462963,0.663960,-0.258056,-0.625306,0.718775,0.341801,-0.578687,-0.198440,0.293856,-2.558710,-0.284992,1.505052,-1.882945,-1.364301,3.564775,0.295377,-0.359567,-0.620683,0.325381,0.676097,-0.227105,-0.020134,0.747686
8.173972,0.057876,-2.100207,2.693005,0.842989,-1.097960,-0.466064,0.663849,-0.261588,-0.632534,0.710299,0.399358,-0.570237,-0.202418,0.293493,-2.559073,-0.285614,1.505376,-1.882278,-1.364529,3.564760,0.296125,-0.359440,-0.619540,0.325880,0.671822,-0.228014,-0.018009,0.746483
8.174958,0.060793,-2.095687,2.694682,0.837196,-1.097219,-0.468303,0.662347,-0.264386,-0.640481,0.702904,0.456907,-0.561522,-0.206311,0.293210,-2.559438,-0.286227,1.505709,-1.881615,-1.364753,3.564748,0.296875,-0.360703,-0.618979,0.327754,0.672303,-0.225933,-0.016092,0.746143
8.175991,0.059730,-2.099391,2.698872,0.836740,-1.096586,-0.469577,0.664345,-0.263585,-0.659804,0.696452,0.563030,-0.544634,-0.213304,0.292888,-2.560151,-0.287464,1.506358,-1.880281,-1.365207,3.564722,0.298363,-0.359805,-0.617254,0.325038,0.668314,-0.227172,-0.015091,0.744249
8.177069,0.062805,-2.097767,2.695738,0.834018,-1.098933,-0.470725,0.664629,-0.263585,-0.659804,0.696452,0.563030,-0.544634,-0.213304,0.292888,-2.560151,-0.287464,1.506358,-1.880281,-1.365207,3.564722,0.298363,-0.359805,-0.617254,0.325038,0.668314,-0.227172,-0.015091,0.744249
8.178048,0.064283,-2.098582,2.696395,0.829609,-1.099183,-0.471194,0.664857,-0.255859,-0.673474,0.701173,0.610750,-0.536706,-0.216168,0.292768,-2.560508,-0.288077,1.506691,-1.879623,-1.365428,3.564709,0.299110,-0.360698,-0.617534,0.326937,0.666941,-0.224928,-0.015276,0.743451
8.178960,0.062952,-2.097398,2.692300,0.820728,-1.103299,-0.473675,0.664109,-0.243485,-0.689470,0.710542,0.654958,-0.529233,-0.218567,0.292620,-2.560870,-0.288691,1.507014,-1.878957,-1.365649,3.564690,0.299843,-0.360362,-0.615912,0.326607,0.665953,-0.224616,-0.015979,0.742533
8.179990,0.059220,-2.095832,2.691763,0.819656,-1.105815,-0.475133,0.666223,-0.229799,-0.706222,0.722043,0.692511,-0.522697,-0.220678,0.292456,-2.561225,-0.289299,1.507346,-1.878281,-1.365865,3.564678,0.300587,-0.358468,-0.614970,0.328322,0.668526,-0.220277,-0.014602,0.743366
8.180957,0.057503,-2.098122,2.694981,0.814939,-1.106956,-0.478072,0.665258,-0.220306,-0.720664,0.731067,0.720473,-0.517556,-0.222833,0.292299,-2.561575,-0.289914,1.507680,-1.877630,-1.366080,3.564667,0.301310,-0.355846,-0.614869,0.328673,0.665051,-0.217876,-0.014437,0.738795
8.182019,0.056538,-2.096216,2.694383,0.808491,-1.109284,-0.480227,0.666017,-0.217031,-0.731284,0.735477,0.739387,-0.513825,-0.225160,0.292142,-2.561927,-0.290529,1.508001,-1.876964,-1.366294,3.564659,0.302052,-0.354003,-0.612420,0.327045,0.664278,-0.216708,-0.012703,0.740257
8.183104,0.055499,-2.094462,2.695786,0.804069,-1.109014,-0.479676,0.667035,-0.218025,-0.739532,0.737273,0.749560,-0.511557,-0.227637,0.291961,-2.562281,-0.291137,1.508332,-1.876299,-1.366505,3.564650,0.302793,-0.352836,-0.612800,0.327627,0.666293,-0.214561,-0.011892,0.738423
8.184035,0.057541,-2.086830,2.690538,0.792798,-1.109699,-0.479371,0.666492,-0.223116,-0.745168,0.736989,0.749913,-0.510934,-0.230266,0.291741,-2.562628,-0.291753,1.508660,-1.875628,-1.366721,3.564635,0.303528,-0.351797,-0.613129,0.327307,0.666323,-0.215059,-0.013799,0.736178
8.184965,0.055775,-2.084319,2.694169,0.782712,-1.109927,-0.480188,0.666637,-0.234245,-0.745669,0.732794,0.739676,-0.512003,-0.233021,0.291477,-2.562979,-0.292376,1.508990,-1.874944,-1.366934,3.564620,0.304255,-0.351727,-0.615355,0.329702,0.671295,-0.214246,-0.015226,0.736732
8.186030,0.056604,-2.081343,2.698015,0.773975,-1.111210,-0.482477,0.665508,-0.253132,-0.739411,0.723586,0.716877,-0.514920,-0.235905,0.291200,-2.563324,-0.292987,1.509315,-1.874265,-1.367149,3.564607,0.304993,-0.349805,-0.615125,0.327643,0.675148,-0.213893,-0.015538,0.735823
8.187053,0.057248,-2.085275,2.699507,0.764823,-1.111461,-0.484996,0.664055,-0.277506,-0.728387,0.712298,0.680155,-0.519768,-0.238805,0.290977,-2.563674,-0.293605,1.509634,-1.873577,-1.367356,3.564594,0.305729,-0.349601,-0.615917,0.326138,0.678882,-0.212855,-0.014556,0.737852
8.188000,0.053481,-2.083461,2.703600,0.759629,-1.115340,-0.486890,0.663466,-0.302216,-0.716900,0.704049,0.630231,-0.526364,-0.241507,0.290870,-2.564026,-0.294208,1.509959,-1.872892,-1.367566,3.564584,0.306476,-0.349113,-0.613133,0.325578,0.682660,-0.212727,-0.013310,0.740357
8.188998,0.052997,-2.073034,2.701277,0.751349,-1.115375,-0.487371,0.661100,-0.323576,-0.708150,0.701707,0.569820,-0.534291,-0.243899,0.290888,-2.564364,-0.294823,1.510279,-1.872206,-1.367770,3.564567,0.307209,-0.346329,-0.612655,0.323449,0.681593,-0.208827,-0.012563,0.740977
8.190006,0.054082,-2.068630,2.701990,0.744773,-1.116842,-0.489150,0.661812,-0.366120,-0.685992,0.699341,0.433160,-0.551912,-0.247917,0.291254,-2.565048,-0.296066,1.510933,-1.870823,-1.368180,3.564540,0.308712,-0.345162,-0.617812,0.324419,0.684980,-0.207608,-0.012768,0.743307
8.191009,0.050195,-2.067091,2.706079,0.733670,-1.118075,-0.488610,0.660833,-0.366120,-0.685992,0.699341,0.433160,-0.551912,-0.247917,0.291254,-2.565048,-0.296066,1.510933,-1.870823,-1.368180,3.564540,0.308712,-0.345162,-0.617812,0.324419,0.684980,-0.207608,-0.012768,0.743307
8.192030,0.039822,-2.068468,2.704416,0.720582,-1.120363,-0.488401,0.660722,-0.392747,-0.666163,0.692510,0.360783,-0.561075,-0.249689,0.291592,-2.565384,-0.296685,1.511248,-1.870120,-1.368384,3.564526,0.309454,-0.342515,-0.617469,0.322564,0.690109,-0.206518,-0.014560,0.744862
8.192980,0.043509,-2.070107,2.709502,0.711885,-1.120099,-0.486630,0.661357,-0.425064,-0.641617,0.681259,0.282642,-0.570953,-0.251684,0.291985,-2.565714,-0.297293,1.511576,-1.869404,-1.368589,3.564507,0.310202,-0.336763,-0.615902,0.323566,0.697066,-0.204390,-0.015991,0.744651
8.193975,0.045355,-2.066928,2.709688,0.707259,-1.122364,-0.488234,0.657125,-0.463765,-0.614813,0.666161,0.196265,-0.581969,-0.254158,0.292417,-2.566052,-0.297910,1.511893,-1.868706,-1.368796,3.564485,0.310935,-0.337797,-0.613670,0.320969,0.699261,-0.204670,-0.018885,0.742833
8.195066,0.046492,-2.068637,2.713051,0.703662,-1.120376,-0.491379,0.658943,-0.501060,-0.591300,0.653578,0.106205,-0.593694,-0.256646,0.292870,-2.566391,-0.298529,1.512211,-1.868008,-1.368994,3.564468,0.311698,-0.337971,-0.614130,0.321051,0.697867,-0.202559,-0.018450,0.750850
8.196143,0.045994,-2.063699,2.713888,0.697243,-1.118109,-0.494418,0.656795,-0.529933,-0.574241,0.647812,0.020366,-0.605258,-0.258625,0.293299,-2.566731,-0.299135,1.512530,-1.867316,-1.369207,3.564451,0.312446,-0.338116,-0.612867,0.319863,0.696655,-0.204835,-0.016618,0.746856
8.197032,0.042594,-2.054149,2.716085,0.690353,-1.116357,-0.495841,0.655353,-0.549636,-0.562994,0.648032,-0.056312,-0.616087,-0.260021,0.293667,-2.567064,-0.299759,1.512850,-1.866610,-1.369415,3.564441,0.313202,-0.337475,-0.614672,0.319917,0.697787,-0.207361,-0.014929,0.750926
8.198084,0.046866,-2.050800,2.713329,0.680715,-1.112645,-0.496063,0.655747,-0.564701,-0.553413,0.649448,-0.122543,-0.625976,-0.261094,0.293979,-2.567395,-0.300376,1.513165,-1.865903,-1.369630,3.564426,0.313960,-0.334747,-0.617658,0.318560,0.697321,-0.208888,-0.014596,0.753000
8.198978,0.047351,-2.042564,2.714084,0.675580,-1.113023,-0.492716,0.656800,-0.580398,-0.541158,0.647194,-0.179150,-0.634894,-0.262162,0.294223,-2.567730,-0.300999,1.513490,-1.865199,-1.369851,3.564409,0.314701,-0.336431,-0.618469,0.320263,0.701488,-0.212693,-0.015658,0.751869
8.200002,0.048174,-2.045797,2.716487,0.675613,-1.110959,-0.492629,0.656957,-0.597515,-0.525502,0.640658,-0.226861,-0.642739,-0.263249,0.294366,-2.568067,-0.301628,1.513807,-1.864500,-1.370060,3.564383,0.315447,-0.335601,-0.620686,0.319619,0.699453,-0.212126,-0.020054,0.749016
8.201083,0.051449,-2.050692,2.720751,0.672242,-1.111737,-0.493233,0.655022,-0.612319,-0.508608,0.632454,-0.262736,-0.648946,-0.264052,0.294421,-2.568406,-0.302235,1.514126,-1.863823,-1.370278,3.564359,0.316205,-0.335387,-0.618195,0.318659,0.694236,-0.214263,-0.021308,0.748278
8.202079,0.050957,-2.054049,2.714931,0.669640,-1.109413,-0.497765,0.656257,-0.616813,-0.496729,0.629346,-0.282747,-0.652865,-0.264112,0.294423,-2.568739,-0.302848,1.514444,-1.863131,-1.370487,3.564336,0.316972,-0.336656,-0.615207,0.317016,0.692729,-0.213712,-0.021976,0.751850
8.202951,0.056641,-2.054282,2.716059,0.664519,-1.109040,-0.498881,0.658417,-0.606728,-0.494740,0.635715,-0.286210,-0.654306,-0.263298,0.294373,-2.569074,-0.303458,1.514768,-1.862441,-1.370716,3.564327,0.317708,-0.335700,-0.612486,0.320048,0.689520,-0.215943,-0.018654,0.748884
8.204081,0.054154,-2.055720,2.711888,0.666466,-1.107340,-0.499863,0.655939,-0.584083,-0.502409,0.650182,-0.274167,-0.653328,-0.261848,0.294255,-2.569413,-0.304062,1.515086,-1.861760,-1.370929,3.564309,0.318433,-0.337432,-0.610631,0.319111,0.687750,-0.216057,-0.018604,0.743845
8.205014,0.055166,-2.059329,2.713393,0.662703,-1.107119,-0.498207,0.658791,-0.551701,-0.517406,0.670067,-0.246876,-0.649942,-0.259973,0.294092,-2.569749,-0.304670,1.515408,-1.861087,-1.371148,3.564288,0.319188,-0.335897,-0.609750,0.321856,0.681830,-0.218034,-0.018978,0.748728
8.205976,0.060715,-2.059488,2.710007,0.664890,-1.105385,-0.498488,0.658862,-0.512853,-0.536785,0.692119,-0.204519,-0.644217,-0.257869,0.293899,-2.570087,-0.305264,1.515730,-1.860420,-1.371366,3.564264,0.319928,-0.335483,-0.606674,0.320929,0.679724,-0.218087,-0.021737,0.742307
8.207016,0.059635,-2.062713,2.706711,0.664002,-1.103389,-0.499309,0.660013,-0.467495,-0.560203,0.716356,-0.147221,-0.636287,-0.255502,0.293648,-2.570425,-0.305868,1.516057,-1.859760,-1.371593,3.564238,0.320664,-0.337451,-0.605431,0.322554,0.672042,-0.219657,-0.022544,0.741705
8.208023,0.058855,-2.063257,2.714062,0.662529,-1.105429,-0.502816,0.658782,-0.357828,-0.616932,0.770610,0.011518,-0.614435,-0.249700,0.292968,-2.571088,-0.307065,1.516699,-1.858446,-1.372035,3.564197,0.322151,-0.335390,-0.602092,0.320929,0.665061,-0.219600,-0.020616,0.741110
8.209005,0.055439,-2.066957,2.712549,0.661947,-1.104960,-0.504300,0.660710,-0.297081,-0.649250,0.799690,0.106040,-0.601666,-0.246579,0.292611,-2.571420,-0.307663,1.517019,-1.857793,-1.372257,3.564180,0.322875,-0.332976,-0.599245,0.321793,0.660595,-0.220007,-0.020339,0.736772
8.210085,0.061178,-2.056096,2.708665,0.660789,-1.107361,-0.506051,0.661458,-0.297081,-0.649250,0.799690,0.106040,-0.601666,-0.246579,0.292611,-2.571420,-0.307663,1.517019,-1.857793,-1.372257,3.564180,0.322875,-0.332976,-0.599245,0.321793,0.660595,-0.220007,-0.020339,0.736772
8.210993,0.061601,-2.044391,2.708202,0.656647,-1.107249,-0.506497,0.659438,-0.237317,-0.680669,0.826625,0.206026,-0.588382,-0.243602,0.292247,-2.571765,-0.308272,1.517349,-1.857142,-1.372476,3.564162,0.323608,-0.335364,-0.604251,0.324096,0.657814,-0.217732,-0.019888,0.735092
8.211975,0.059512,-2.046630,2.708199,0.657383,-1.102209,-0.507352,0.658475,-0.185589,-0.703418,0.844722,0.308580,-0.574948,-0.240922,0.291899,-2.572096,-0.308888,1.517675,-1.856499,-1.372700,3.564142,0.324344,-0.334618,-0.608427,0.324010,0.656360,-0.217600,-0.020521,0.738533
8.213122,0.059555,-2.051257,2.715303,0.657647,-1.102191,-0.508492,0.660910,-0.144776,-0.713978,0.851518,0.411282,-0.561614,-0.238608,0.291607,-2.572426,-0.309497,1.517996,-1.855857,-1.372929,3.564120,0.325088,-0.332889,-0.606131,0.324064,0.650816,-0.222535,-0.020819,0.739941
8.214095,0.061251,-2.055449,2.710710,0.654861,-1.103703,-0.508256,0.659166,-0.109692,-0.717567,0.852521,0.513238,-0.548403,-0.236538,0.291359,-2.572759,-0.310091,1.518316,-1.855226,-1.373154,3.564098,0.325820,-0.332775,-0.603918,0.321218,0.647849,-0.222746,-0.021049,0.734974
8.214995,0.064218,-2.055305,2.707892,0.649549,-1.105449,-0.509449,0.658430,-0.073238,-0.721794,0.855522,0.612593,-0.535499,-0.234448,0.291135,-2.573091,-0.310687,1.518642,-1.854584,-1.373374,3.564071,0.326557,-0.332895,-0.600795,0.323530,0.645750,-0.221132,-0.022405,0.738048
8.216006,0.071270,-2.057397,2.712235,0.647178,-1.108326,-0.511051,0.656661,-0.034369,-0.729616,0.862640,0.705771,-0.523355,-0.232274,0.290969,-2.573427,-0.311288,1.518968,-1.853941,-1.373589,3.564047,0.327304,-0.333365,-0.599356,0.324600,0.645397,-0.219191,-0.022233,0.738780
8.217019,0.066883,-2.054927,2.715603,0.646245,-1.110143,-0.514362,0.655954,0.008234,-0.743064,0.875870,0.789927,-0.512365,-0.229894,0.290900,-2.573765,-0.311879,1.519290,-1.853308,-1.373802,3.564030,0.328048,-0.336237,-0.597582,0.322557,0.643480,-0.216367,-0.021851,0.741917
8.218075,0.065780,-2.053283,2.715814,0.645423,-1.108227,-0.515795,0.655325,0.057380,-0.763917,0.898043,0.864365,-0.502674,-0.227148,0.290894,-2.574094,-0.312484,1.519607,-1.852672,-1.374014,3.564014,0.328802,-0.333437,-0.597969,0.321113,0.640092,-0.214643,-0.019754,0.742845
8.219048,0.057294,-2.050848,2.713932,0.643609,-1.110945,-0.516177,0.654340,0.109079,-0.788328,0.924923,0.929608,-0.494231,-0.224295,0.290900,-2.574425,-0.313077,1.519932,-1.852046,-1.374234,3.563996,0.329550,-0.332461,-0.598332,0.321332,0.637317,-0.216684,-0.019615,0.743778
8.219986,0.056918,-2.049011,2.707755,0.643142,-1.109713,-0.514870,0.653373,0.154427,-0.809213,0.947577,0.985802,-0.487021,-0.221869,0.290919,-2.574743,-0.313676,1.520260,-1.851417,-1.374443,3.563972,0.330292,-0.327621,-0.598490,0.322219,0.634576,-0.213945,-0.020370,0.745241
8.221022,0.061073,-2.043283,2.715518,0.638173,-1.113548,-0.514879,0.650212,0.185643,-0.820774,0.958071,1.033534,-0.481019,-0.220281,0.290952,-2.575069,-0.314282,1.520585,-1.850791,-1.374659,3.563945,0.331044,-0.326710,-0.598052,0.325156,0.630153,-0.215092,-0.022760,0.746533
8.222128,0.059122,-2.041389,2.712405,0.633646,-1.116707,-0.517356,0.650441,0.203469,-0.822995,0.956885,1.073694,-0.476198,-0.219354,0.290985,-2.575398,-0.314881,1.520902,-1.850161,-1.374864,3.563916,0.331811,-0.328326,-0.600282,0.321534,0.631264,-0.211414,-0.023921,0.752444
8.223061,0.060962,-2.043289,2.717021,0.622713,-1.115808,-0.520724,0.650086,0.213162,-0.819476,0.950068,1.104565,-0.472875,-0.218682,0.291028,-2.575722,-0.315485,1.521227,-1.849524,-1.375068,3.563895,0.332558,-0.327143,-0.600943,0.323656,0.632466,-0.208619,-0.022744,0.751728
8.223978,0.062551,-2.042673,2.717049,0.614279,-1.113773,-0.521578,0.649964,0.216644,-0.813321,0.941427,1.121992,-0.471624,-0.218287,0.291122,-2.576048,-0.316075,1.521545,-1.848870,-1.375278,3.563877,0.333314,-0.327290,-0.598764,0.321204,0.637849,-0.209481,-0.020481,0.751770
8.225117,0.061262,-2.041166,2.713565,0.609255,-1.116592,-0.520113,0.649509,0.217291,-0.809359,0.935989,1.122627,-0.472790,-0.218252,0.291283,-2.576371,-0.316670,1.521867,-1.848229,-1.375491,3.563857,0.334057,-0.327271,-0.597729,0.320997,0.640808,-0.211392,-0.020732,0.751356
8.226072,0.063434,-2.039559,2.717591,0.602164,-1.116243,-0.516615,0.651329,0.216065,-0.808482,0.934779,1.106611,-0.476203,-0.218605,0.291500,-2.576698,-0.317273,1.522191,-1.847578,-1.375694,3.563830,0.334812,-0.326507,-0.598444,0.323421,0.642502,-0.208977,-0.023551,0.752130
8.227015,0.060560,-2.037227,2.718892,0.595622,-1.120774,-0.517038,0.649923,0.211614,-0.807990,0.935195,1.076885,-0.481338,-0.219270,0.291770,-2.577027,-0.317863,1.522509,-1.846938,-1.375905,3.563795,0.335559,-0.326635,-0.597751,0.321075,0.643875,-0.209162,-0.028006,0.747644
8.228063,0.061199,-2.038705,2.722210,0.589337,-1.119435,-0.519403,0.650555,0.206434,-0.808299,0.938508,1.036819,-0.487629,-0.219959,0.292091,-2.577341,-0.318459,1.522824,-1.846289,-1.376099,3.563768,0.336302,-0.324167,-0.596968,0.319942,0.643810,-0.204434,-0.028443,0.749550
8.229050,0.059131,-2.038418,2.718923,0.577925,-1.123146,-0.522974,0.648159,0.203179,-0.810932,0.946582,0.989421,-0.494575,-0.220495,0.292480,-2.577664,-0.319046,1.523141,-1.845640,-1.376306,3.563743,0.337053,-0.323697,-0.594956,0.318134,0.644526,-0.205742,-0.027091,0.747469
8.230074,0.061258,-2.034407,2.713411,0.569095,-1.124560,-0.524394,0.647284,0.201406,-0.816282,0.959120,0.935394,-0.501991,-0.220990,0.292996,-2.577980,-0.319638,1.523464,-1.844986,-1.376500,3.563724,0.337818,-0.321750,-0.593435,0.319361,0.649674,-0.201910,-0.024505,0.751354
8.231079,0.058839,-2.030414,2.715130,0.557085,-1.130400,-0.524021,0.646451,0.196268,-0.821577,0.971968,0.873389,-0.509988,-0.221810,0.293692,-2.578305,-0.320238,1.523786,-1.844324,-1.376694,3.563701,0.338562,-0.321928,-0.593913,0.321832,0.652347,-0.200516,-0.024119,0.752273
8.232047,0.060487,-2.029122,2.712667,0.548172,-1.132668,-0.523094,0.648428,0.182871,-0.822911,0.980524,0.802489,-0.518686,-0.223247,0.294562,-2.578621,-0.320829,1.524107,-1.843660,-1.376878,3.563675,0.339321,-0.319848,-0.594351,0.320582,0.658046,-0.194702,-0.025488,0.753037
8.233048,0.060954,-2.016195,2.712099,0.542078,-1.135028,-0.523621,0.647184,0.161144,-0.819814,0.984654,0.722730,-0.528193,-0.225307,0.295563,-2.578936,-0.321423,1.524433,-1.842991,-1.377064,3.563642,0.340055,-0.319749,-0.593201,0.321301,0.660101,-0.192439,-0.027312,0.748147
8.233957,0.058770,-2.010680,2.705643,0.534138,-1.135391,-0.525235,0.647756,0.132549,-0.811659,0.984441,0.637486,-0.538244,-0.227788,0.296638,-2.579254,-0.322034,1.524752,-1.842326,-1.377249,3.563614,0.340811,-0.319091,-0.597906,0.321241,0.659751,-0.190124,-0.027733,0.749802
8.234956,0.056177,-2.006347,2.701722,0.525341,-1.137659,-0.528471,0.646207,0.095111,-0.794249,0.975796,0.552059,-0.548298,-0.230578,0.297726,-2.579564,-0.322630,1.525081,-1.841669,-1.377439,3.563587,0.341543,-0.316923,-0.598485,0.323704,0.660577,-0.189604,-0.026967,0.747619
8.236012,0.052205,-2.003104,2.702695,0.518330,-1.139351,-0.530462,0.647676,0.045033,-0.764549,0.954132,0.468814,-0.558172,-0.233862,0.298773,-2.579876,-0.323231,1.525405,-1.840997,-1.377620,3.563567,0.342296,-0.314807,-0.598941,0.325257,0.662787,-0.187397,-0.024717,0.749870
8.236947,0.054338,-2.005087,2.701031,0.510057,-1.141750,-0.531101,0.645508,-0.018057,-0.723883,0.919338,0.387837,-0.567954,-0.237833,0.299750,-2.580184,-0.323828,1.525730,-1.840336,-1.377803,3.563544,0.343041,-0.312218,-0.599227,0.324517,0.663998,-0.185888,-0.023795,0.746134
8.238003,0.053636,-2.008967,2.700219,0.500078,-1.144367,-0.530402,0.647524,-0.088418,-0.678049,0.877241,0.309758,-0.577654,-0.242380,0.300614,-2.580493,-0.324420,1.526059,-1.839663,-1.377982,3.563521,0.343789,-0.312343,-0.596255,0.324665,0.665015,-0.183455,-0.024081,0.749535
8.239011,0.054876,-2.006324,2.699260,0.495928,-1.142243,-0.531127,0.646806,-0.157313,-0.635610,0.836644,0.234938,-0.587326,-0.247207,0.301312,-2.580802,-0.325010,1.526381,-1.838981,-1.378164,3.563492,0.344530,-0.311365,-0.593059,0.324897,0.668728,-0.181021,-0.025811,0.744699
8.239998,0.055127,-2.001027,2.694326,0.490842,-1.141299,-0.532784,0.644324,-0.219150,-0.601832,0.802836,0.164178,-0.596867,-0.252046,0.301839,-2.581112,-0.325598,1.526706,-1.838325,-1.378351,3.563467,0.345284,-0.311228,-0.592904,0.324977,0.666661,-0.183226,-0.026052,0.745310
8.241052,0.057738,-1.991419,2.692707,0.486850,-1.141716,-0.536777,0.644536,-0.323528,-0.551025,0.747108,0.050492,-0.612808,-0.261114,0.302570,-2.581734,-0.326797,1.527365,-1.836995,-1.378712,3.563425,0.346784,-0.311172,-0.597267,0.327460,0.663279,-0.183988,-0.022421,0.748167
8.242012,0.053734,-1.985906,2.689038,0.479719,-1.144134,-0.538886,0.643622,-0.323528,-0.551025,0.747108,0.050492,-0.612808,-0.261114,0.302570,-2.581734,-0.326797,1.527365,-1.836995,-1.378712,3.563425,0.346784,-0.311172,-0.597267,0.327460,0.663279,-0.183988,-0.022421,0.748167
8.242965,0.058723,-1.987181,2.686262,0.475073,-1.145707,-0.541224,0.640860,-0.423729,-0.495154,0.680682,-0.014055,-0.621506,-0.269759,0.303163,-2.582348,-0.327997,1.528027,-1.835671,-1.379068,3.563390,0.348292,-0.309907,-0.595476,0.329413,0.661513,-0.180042,-0.019933,0.753607
8.244062,0.064257,-1.990824,2.687744,0.469271,-1.145854,-0.541116,0.641376,-0.423729,-0.495154,0.680682,-0.014055,-0.621506,-0.269759,0.303163,-2.582348,-0.327997,1.528027,-1.835671,-1.379068,3.563390,0.348292,-0.309907,-0.595476,0.329413,0.661513,-0.180042,-0.019933,0.753607
8.245139,0.060747,-1.998192,2.680671,0.467910,-1.145682,-0.540886,0.639120,-0.466778,-0.471210,0.649567,-0.029359,-0.623062,-0.273892,0.303462,-2.582666,-0.328579,1.528352,-1.835003,-1.379250,3.563368,0.349048,-0.312079,-0.592718,0.328573,0.661770,-0.180169,-0.021167,0.751819
8.246047,0.058319,-1.996231,2.681794,0.463651,-1.148304,-0.541958,0.638857,-0.495591,-0.458886,0.629297,-0.033448,-0.622792,-0.277559,0.303733,-2.582969,-0.329163,1.528686,-1.834363,-1.379429,3.563343,0.349804,-0.309800,-0.587939,0.331899,0.657979,-0.180599,-0.022464,0.755651
8.247019,0.055663,-1.998904,2.679017,0.466848,-1.147349,-0.543773,0.636643,-0.512445,-0.457407,0.617663,-0.026427,-0.620787,-0.280933,0.303974,-2.583273,-0.329750,1.529016,-1.833711,-1.379599,3.563324,0.350562,-0.307598,-0.586923,0.330487,0.655267,-0.177962,-0.022285,0.755026
8.248089,0.056580,-1.996682,2.676070,0.461827,-1.149637,-0.545999,0.636382,-0.520687,-0.463465,0.610809,-0.006810,-0.616964,-0.284124,0.304144,-2.583573,-0.330324,1.529352,-1.833088,-1.379782,3.563305,0.351333,-0.305518,-0.584041,0.331261,0.646319,-0.178965,-0.021444,0.758475
8.249027,0.055895,-1.995013,2.675970,0.460259,-1.148699,-0.548292,0.636802,-0.522234,-0.474103,0.606208,0.026703,-0.611266,-0.287088,0.304193,-2.583880,-0.330908,1.529683,-1.832441,-1.379957,3.563290,0.352087,-0.305446,-0.584076,0.332487,0.646098,-0.176927,-0.020327,0.758217
8.249960,0.058342,-1.993192,2.674266,0.454629,-1.149552,-0.551446,0.633585,-0.519545,-0.486723,0.602003,0.071843,-0.604063,-0.289823,0.304142,-2.584182,-0.331480,1.530015,-1.831816,-1.380136,3.563273,0.352841,-0.304212,-0.583206,0.331811,0.641567,-0.177876,-0.018984,0.756333
8.251077,0.060948,-1.996489,2.668981,0.453315,-1.148383,-0.552226,0.635406,-0.513130,-0.500693,0.598760,0.125181,-0.595846,-0.292296,0.304038,-2.584487,-0.332062,1.530348,-1.831179,-1.380309,3.563259,0.353605,-0.304523,-0.582281,0.331921,0.640831,-0.177046,-0.016792,0.761765
8.251990,0.061765,-2.000428,2.671293,0.447976,-1.147769,-0.554018,0.635594,-0.502213,-0.516710,0.597969,0.184077,-0.587013,-0.294452,0.303893,-2.584795,-0.332638,1.530686,-1.830547,-1.380492,3.563241,0.354356,-0.305411,-0.579855,0.334419,0.637589,-0.178525,-0.017183,0.757390
8.253056,0.060854,-2.001859,2.668606,0.445592,-1.147620,-0.555440,0.634690,-0.484827,-0.536953,0.602203,0.246104,-0.577941,-0.296217,0.303709,-2.585094,-0.333202,1.531016,-1.829921,-1.380676,3.563226,0.355117,-0.304886,-0.576143,0.332441,0.636634,-0.179020,-0.016322,0.755939
8.254115,0.061959,-1.996713,2.668438,0.441905,-1.147918,-0.555588,0.636481,-0.459334,-0.563595,0.613906,0.308654,-0.569000,-0.297586,0.303529,-2.585397,-0.333775,1.531350,-1.829296,-1.380849,3.563211,0.355881,-0.303917,-0.574452,0.333521,0.634156,-0.179455,-0.016015,0.756981
8.255006,0.067110,-1.990874,2.660978,0.442008,-1.148650,-0.556350,0.636997,-0.428552,-0.593982,0.630769,0.369608,-0.560442,-0.298666,0.303384,-2.585702,-0.334347,1.531682,-1.828666,-1.381030,3.563191,0.356634,-0.303914,-0.576031,0.333301,0.632819,-0.179345,-0.016953,0.752580
8.256050,0.062770,-1.986966,2.665641,0.436013,-1.147001,-0.556306,0.637401,-0.396501,-0.622403,0.647943,0.429518,-0.552196,-0.299437,0.303258,-2.586008,-0.334928,1.532026,-1.828056,-1.381208,3.563177,0.357364,-0.305455,-0.576890,0.336032,0.626522,-0.178519,-0.017099,0.750543
8.257038,0.064037,-1.987125,2.659991,0.431184,-1.144373,-0.557365,0.636410,-0.337505,-0.661589,0.673672,0.544546,-0.536917,-0.300040,0.303031,-2.586611,-0.336078,1.532699,-1.826811,-1.381579,3.563140,0.358862,-0.302608,-0.576152,0.335531,0.626889,-0.182966,-0.018151,0.750071
8.258021,0.063809,-1.983328,2.665714,0.426513,-1.145463,-0.556652,0.637283,-0.337505,-0.661589,0.673672,0.544546,-0.536917,-0.300040,0.303031,-2.586611,-0.336078,1.532699,-1.826811,-1.381579,3.563140,0.358862,-0.302608,-0.576152,0.335531,0.626889,-0.182966,-0.018151,0.750071
8.259147,0.062924,-1.987878,2.659821,0.425126,-1.146213,-0.557052,0.640677,-0.312294,-0.673690,0.683197,0.593011,-0.530698,-0.300057,0.302975,-2.586912,-0.336657,1.533025,-1.826187,-1.381757,3.563118,0.359598,-0.301760,-0.576538,0.332125,0.625951,-0.181923,-0.019853,0.747433
8.259985,0.061619,-1.982177,2.655419,0.419508,-1.148450,-0.556897,0.638516,-0.287496,-0.684045,0.693491,0.633843,-0.525654,-0.299755,0.302930,-2.587213,-0.337222,1.533365,-1.825567,-1.381936,3.563094,0.360329,-0.300996,-0.573660,0.334971,0.623165,-0.181520,-0.020571,0.740062
8.261004,0.058546,-1.978425,2.656227,0.416330,-1.147757,-0.560523,0.638472,-0.264634,-0.692282,0.702722,0.667456,-0.521801,-0.299152,0.302866,-2.587505,-0.337797,1.533705,-1.824942,-1.382113,3.563070,0.361072,-0.299287,-0.574263,0.335998,0.621798,-0.179083,-0.021526,0.743296
8.262103,0.057537,-1.983187,2.654401,0.412635,-1.147234,-0.562946,0.639930,-0.247747,-0.695707,0.706889,0.693899,-0.519175,-0.298397,0.302802,-2.587803,-0.338377,1.534037,-1.824333,-1.382292,3.563057,0.361815,-0.297160,-0.574795,0.335141,0.620042,-0.179947,-0.018934,0.742535
8.263093,0.059970,-1.979553,2.652978,0.408180,-1.148320,-0.565679,0.638810,-0.237219,-0.694821,0.706091,0.712937,-0.517798,-0.297583,0.302741,-2.588098,-0.338940,1.534376,-1.823722,-1.382475,3.563041,0.362549,-0.296340,-0.571687,0.335825,0.619571,-0.180719,-0.017668,0.738990
8.264127,0.057275,-1.973809,2.652269,0.401358,-1.146952,-0.566233,0.638573,-0.229866,-0.693161,0.703738,0.724807,-0.517625,-0.296725,0.302679,-2.588393,-0.339514,1.534715,-1.823101,-1.382648,3.563028,0.363283,-0.296933,-0.572108,0.335907,0.618561,-0.179762,-0.015966,0.740445
8.265091,0.056799,-1.978943,2.649541,0.390152,-1.148319,-0.566192,0.637547,-0.224803,-0.691293,0.700791,0.729558,-0.518571,-0.295888,0.302653,-2.588685,-0.340093,1.535048,-1.822474,-1.382830,3.563010,0.364029,-0.295090,-0.573744,0.335872,0.620203,-0.181292,-0.016487,0.740117
8.266183,0.060984,-1.975573,2.651983,0.380811,-1.147278,-0.565680,0.638345,-0.223929,-0.688817,0.696584,0.724571,-0.520858,-0.295320,0.302738,-2.588973,-0.340652,1.535386,-1.821844,-1.383010,3.562990,0.364769,-0.294222,-0.569731,0.336551,0.625526,-0.179920,-0.017499,0.741270
8.266963,0.058809,-1.970251,2.647874,0.372651,-1.147249,-0.565028,0.638288,-0.225511,-0.689250,0.694549,0.706143,-0.524881,-0.295092,0.302967,-2.589273,-0.341227,1.535715,-1.821203,-1.383192,3.562964,0.365503,-0.295940,-0.570591,0.335157,0.629868,-0.181241,-0.019092,0.739021
8.268099,0.055851,-1.975513,2.651815,0.368435,-1.147826,-0.565064,0.638179,-0.227305,-0.693889,0.696960,0.674335,-0.530528,-0.295048,0.303318,-2.589562,-0.341791,1.536053,-1.820576,-1.383370,3.562940,0.366245,-0.293631,-0.570772,0.335899,0.630380,-0.180950,-0.020475,0.737836
8.269088,0.049473,-1.971703,2.649158,0.366721,-1.152222,-0.563928,0.637087,-0.229381,-0.701224,0.702496,0.632641,-0.537225,-0.295124,0.303786,-2.589848,-0.342355,1.536388,-1.819944,-1.383550,3.562915,0.366980,-0.292052,-0.567603,0.333838,0.630238,-0.180717,-0.021567,0.737531
8.270022,0.050434,-1.967184,2.641592,0.356765,-1.151787,-0.564236,0.634793,-0.231783,-0.710140,0.709474,0.585812,-0.544295,-0.295308,0.304365,-2.590130,-0.342930,1.536719,-1.819321,-1.383717,3.562889,0.367726,-0.288358,-0.568102,0.334667,0.626392,-0.176484,-0.023668,0.738846
8.271100,0.047136,-1.972589,2.642553,0.352484,-1.152511,-0.564586,0.634312,-0.238651,-0.715914,0.712476,0.537192,-0.551296,-0.295708,0.305023,-2.590415,-0.343495,1.537063,-1.818688,-1.383894,3.562863,0.368481,-0.288180,-0.568729,0.337598,0.630147,-0.176973,-0.024244,0.742420
8.272146,0.042971,-1.968612,2.641697,0.343410,-1.153972,-0.566878,0.633641,-0.252757,-0.716091,0.708672,0.487193,-0.558222,-0.296408,0.305721,-2.590699,-0.344056,1.537395,-1.818055,-1.384066,3.562839,0.369216,-0.286265,-0.565203,0.336849,0.629464,-0.176555,-0.024961,0.742700
8.273019,0.047830,-1.968533,2.640392,0.333588,-1.155811,-0.567394,0.631438,-0.272339,-0.712828,0.700495,0.435154,-0.565267,-0.297379,0.306432,-2.590982,-0.344616,1.537731,-1.817408,-1.384242,3.562816,0.369964,-0.283845,-0.566279,0.336895,0.633013,-0.175306,-0.023693,0.743274
8.274105,0.050122,-1.968013,2.639789,0.327874,-1.154687,-0.568468,0.631747,-0.295379,-0.708031,0.690782,0.379916,-0.572721,-0.298544,0.307142,-2.591268,-0.345179,1.538070,-1.816770,-1.384414,3.562789,0.370722,-0.285440,-0.564353,0.336517,0.635837,-0.173402,-0.024012,0.746528
8.274974,0.046551,-1.962706,2.641245,0.323332,-1.156403,-0.568518,0.628770,-0.316656,-0.705101,0.684562,0.322048,-0.580646,-0.299575,0.307819,-2.591556,-0.345743,1.538406,-1.816128,-1.384593,3.562763,0.371459,-0.286307,-0.563851,0.336579,0.636459,-0.174823,-0.024002,0.745220
8.275993,0.044826,-1.958640,2.636726,0.319207,-1.158664,-0.571788,0.628724,-0.332420,-0.705165,0.684153,0.265014,-0.588653,-0.300181,0.308445,-2.591837,-0.346305,1.538740,-1.815503,-1.384763,3.562736,0.372222,-0.283653,-0.564559,0.334854,0.634257,-0.173020,-0.024779,0.750030
8.277034,0.047023,-1.962907,2.638955,0.313312,-1.155799,-0.573946,0.627706,-0.345547,-0.704108,0.685298,0.212472,-0.596282,-0.300460,0.309017,-2.592117,-0.346876,1.539077,-1.814866,-1.384930,3.562718,0.372959,-0.282438,-0.565367,0.336658,0.632827,-0.171010,-0.022517,0.749285
8.278021,0.043977,-1.956516,2.638111,0.307371,-1.154493,-0.575559,0.628607,-0.357323,-0.700512,0.686077,0.166450,-0.603266,-0.300565,0.309516,-2.592401,-0.347425,1.539409,-1.814226,-1.385110,3.562698,0.373716,-0.283191,-0.562346,0.335144,0.633293,-0.174105,-0.021420,0.750521
8.279025,0.041710,-1.945414,2.638702,0.299627,-1.155365,-0.573364,0.627822,-0.365481,-0.696752,0.688944,0.127127,-0.609494,-0.300564,0.309944,-2.592676,-0.347996,1.539748,-1.813597,-1.385289,3.562677,0.374452,-0.281229,-0.564177,0.334958,0.633535,-0.175475,-0.020797,0.747831
8.280022,0.036700,-1.941470,2.634823,0.294309,-1.153301,-0.572225,0.627827,-0.388096,-0.673672,0.686330,0.063182,-0.619755,-0.301266,0.310643,-2.593224,-0.349144,1.540417,-1.812329,-1.385645,3.562616,0.375956,-0.276865,-0.568948,0.335552,0.635235,-0.176897,-0.026047,0.747638
8.280996,0.027895,-1.940752,2.631892,0.293643,-1.152432,-0.571056,0.628984,-0.388096,-0.673672,0.686330,0.063182,-0.619755,-0.301266,0.310643,-2.593224,-0.349144,1.540417,-1.812329,-1.385645,3.562616,0.375956,-0.276865,-0.568948,0.335552,0.635235,-0.176897,-0.026047,0.747638
8.282074,0.026083,-1.943394,2.633673,0.292677,-1.152426,-0.570710,0.630889,-0.413531,-0.645390,0.670107,0.038085,-0.623628,-0.302476,0.310901,-2.593487,-0.349713,1.540758,-1.811703,-1.385824,3.562582,0.376687,-0.272138,-0.567831,0.336311,0.630115,-0.177814,-0.028110,0.744448
8.283060,0.028184,-1.949991,2.635755,0.289219,-1.154606,-0.573637,0.630219,-0.447065,-0.607733,0.643876,0.021522,-0.626104,-0.304189,0.311083,-2.593759,-0.350281,1.541087,-1.811078,-1.386003,3.562548,0.377421,-0.271172,-0.565630,0.335210,0.626374,-0.178058,-0.029456,0.739976
8.284153,0.025191,-1.950746,2.633890,0.282953,-1.151267,-0.576962,0.631721,-0.477669,-0.570536,0.617838,0.015805,-0.626971,-0.305817,0.311193,-2.594028,-0.350828,1.541418,-1.810462,-1.386178,3.562524,0.378168,-0.271890,-0.561177,0.333637,0.624453,-0.175977,-0.027462,0.740472
8.284968,0.027126,-1.943610,2.636463,0.281296,-1.151809,-0.579660,0.630879,-0.505379,-0.525013,0.593968,0.030065,-0.625100,-0.307823,0.311278,-2.594569,-0.351949,1.542081,-1.809217,-1.386540,3.562482,0.379635,-0.270462,-0.561500,0.331967,0.620655,-0.178782,-0.023335,0.737334
8.286124,0.020971,-1.938852,2.637049,0.275748,-1.150334,-0.579604,0.632861,-0.505379,-0.525013,0.593968,0.030065,-0.625100,-0.307823,0.311278,-2.594569,-0.351949,1.542081,-1.809217,-1.386540,3.562482,0.379635,-0.270462,-0.561500,0.331967,0.620655,-0.178782,-0.023335,0.737334
8.287004,0.018328,-1.928979,2.633451,0.274483,-1.146823,-0.580197,0.632947,-0.506473,-0.513141,0.592559,0.047870,-0.622741,-0.308401,0.311245,-2.594825,-0.352518,1.542414,-1.808595,-1.386727,3.562455,0.380348,-0.267663,-0.563431,0.331722,0.622360,-0.180605,-0.024566,0.732922
8.288009,0.015038,-1.931116,2.635913,0.274993,-1.141623,-0.579503,0.634457,-0.507417,-0.500478,0.589735,0.071659,-0.619657,-0.309054,0.311129,-2.595087,-0.353096,1.542750,-1.807988,-1.386918,3.562430,0.381084,-0.265779,-0.566292,0.332560,0.617386,-0.183881,-0.024801,0.731711
8.289178,0.013029,-1.929284,2.641592,0.277531,-1.139708,-0.580435,0.633764,-0.511629,-0.483375,0.581180,0.102737,-0.615690,-0.309944,0.310928,-2.595349,-0.353651,1.543076,-1.807394,-1.387120,3.562404,0.381808,-0.263938,-0.564058,0.330893,0.612188,-0.188982,-0.026485,0.727899
8.290007,0.016015,-1.929735,2.643891,0.274508,-1.138422,-0.581868,0.633054,-0.513396,-0.465636,0.571181,0.144152,-0.610436,-0.310781,0.310630,-2.595607,-0.354218,1.543395,-1.806795,-1.387316,3.562376,0.382545,-0.263278,-0.564644,0.328294,0.606409,-0.191125,-0.026687,0.728869
8.291027,0.011692,-1.931569,2.642735,0.269848,-1.136510,-0.584326,0.631929,-0.504908,-0.453487,0.567150,0.196689,-0.603778,-0.311147,0.310218,-2.595873,-0.354768,1.543719,-1.806196,-1.387508,3.562350,0.383265,-0.264017,-0.562365,0.326147,0.602978,-0.192048,-0.026020,0.729166
8.292033,0.009600,-1.935526,2.645749,0.268378,-1.131700,-0.586930,0.630908,-0.483666,-0.450897,0.572966,0.256964,-0.596131,-0.310976,0.309712,-2.596128,-0.355325,1.544047,-1.805600,-1.387710,3.562328,0.384001,-0.261746,-0.560383,0.326361,0.603092,-0.193879,-0.024572,0.730644
8.293078,0.006175,-1.941895,2.644646,0.266844,-1.127085,-0.586931,0.630378,-0.452744,-0.458570,0.587826,0.319591,-0.588155,-0.310586,0.309174,-2.596388,-0.355877,1.544365,-1.805008,-1.387918,3.562306,0.384730,-0.260547,-0.557317,0.324526,0.599896,-0.198545,-0.022970,0.731906
8.294100,-0.000023,-1.943917,2.641127,0.264275,-1.125700,-0.586015,0.630752,-0.414071,-0.476621,0.610834,0.381817,-0.580156,-0.310181,0.308628,-2.596643,-0.356417,1.544692,-1.804424,-1.388131,3.562277,0.385462,-0.258827,-0.553412,0.324825,0.597381,-0.203010,-0.023998,0.732247
8.295002,-0.002749,-1.941005,2.643583,0.263824,-1.124251,-0.585210,0.629777,-0.371080,-0.502946,0.638908,0.441958,-0.572316,-0.309926,0.308069,-2.596891,-0.356968,1.545023,-1.803831,-1.388335,3.562250,0.386186,-0.255722,-0.551442,0.326179,0.595458,-0.204252,-0.025910,0.730752
8.295969,-0.004668,-1.934884,2.646214,0.265648,-1.122361,-0.586886,0.627362,-0.329231,-0.532454,0.666579,0.498836,-0.564779,-0.309931,0.307520,-2.597145,-0.357521,1.545339,-1.803248,-1.388546,3.562217,0.386922,-0.253976,-0.551256,0.324272,0.590486,-0.205296,-0.027528,0.731697
8.297115,-0.010680,-1.942305,2.640766,0.264312,-1.118033,-0.589189,0.628733,-0.289311,-0.561151,0.691734,0.554439,-0.557313,-0.309923,0.306995,-2.597391,-0.358072,1.545658,-1.802681,-1.388758,3.562193,0.387652,-0.252894,-0.553055,0.322491,0.584254,-0.206909,-0.026772,0.735692
8.298077,-0.009509,-1.943339,2.643196,0.259429,-1.118492,-0.592646,0.627687,-0.251817,-0.586445,0.712998,0.610322,-0.549775,-0.309745,0.306490,-2.597639,-0.358618,1.545986,-1.802101,-1.388976,3.562170,0.388385,-0.250261,-0.549063,0.325322,0.582636,-0.211249,-0.025620,0.732378
8.299067,-0.010300,-1.944297,2.642899,0.256257,-1.116132,-0.593634,0.626991,-0.218043,-0.609007,0.730392,0.663557,-0.542655,-0.309572,0.306011,-2.597890,-0.359155,1.546307,-1.801524,-1.389188,3.562153,0.389123,-0.250685,-0.547424,0.323560,0.582881,-0.210440,-0.023129,0.733609
8.300056,-0.014484,-1.942986,2.637733,0.252022,-1.119140,-0.592713,0.625769,-0.185315,-0.632599,0.748152,0.710472,-0.536582,-0.309418,0.305567,-2.598132,-0.359697,1.546633,-1.800942,-1.389408,3.562130,0.389868,-0.250265,-0.545895,0.323254,0.581478,-0.212511,-0.023142,0.734115
8.301055,-0.017451,-1.937274,2.634054,0.249808,-1.115832,-0.592201,0.625506,-0.153901,-0.657017,0.766566,0.749280,-0.531942,-0.309334,0.305132,-2.598379,-0.360245,1.546958,-1.800358,-1.389611,3.562100,0.390600,-0.248091,-0.545449,0.325408,0.581151,-0.209290,-0.025018,0.735743
8.302118,-0.020901,-1.932322,2.635342,0.246476,-1.112617,-0.591515,0.625402,-0.130302,-0.676320,0.779101,0.779363,-0.528916,-0.309576,0.304674,-2.598619,-0.360792,1.547288,-1.799789,-1.389830,3.562070,0.391338,-0.246664,-0.547272,0.326759,0.579200,-0.212360,-0.026470,0.735417
8.303114,-0.018589,-1.930566,2.635846,0.245185,-1.108557,-0.591839,0.624305,-0.118845,-0.685180,0.780889,0.801524,-0.527351,-0.310172,0.304202,-2.598862,-0.361347,1.547606,-1.799210,-1.390053,3.562038,0.392067,-0.245137,-0.548952,0.325986,0.578792,-0.215361,-0.028164,0.734962
8.304128,-0.023473,-1.932048,2.638704,0.242895,-1.108187,-0.594062,0.625181,-0.116311,-0.684213,0.774288,0.817839,-0.526790,-0.310760,0.303745,-2.599113,-0.361891,1.547931,-1.798634,-1.390279,3.562007,0.392820,-0.246225,-0.548776,0.325303,0.575726,-0.219055,-0.028767,0.736281
8.305027,-0.018937,-1.934313,2.635509,0.235587,-1.106342,-0.595172,0.625422,-0.115543,-0.678608,0.765786,0.830567,-0.526739,-0.310941,0.303321,-2.599351,-0.362435,1.548255,-1.798068,-1.390497,3.561982,0.393538,-0.243856,-0.547080,0.323514,0.574097,-0.219129,-0.027516,0.733767
8.306031,-0.016082,-1.940217,2.635960,0.232204,-1.108263,-0.596197,0.623033,-0.111408,-0.674237,0.761103,0.839436,-0.527075,-0.310623,0.302958,-2.599602,-0.362979,1.548579,-1.797485,-1.390717,3.561957,0.394281,-0.245789,-0.544373,0.324377,0.576038,-0.220486,-0.027279,0.732233
8.307018,-0.020316,-1.933392,2.637179,0.223978,-1.110183,-0.594697,0.625362,-0.077698,-0.690018,0.781990,0.839648,-0.529423,-0.308454,0.302519,-2.600094,-0.364059,1.549221,-1.796326,-1.391145,3.561895,0.395732,-0.244991,-0.542896,0.322757,0.578808,-0.216105,-0.029651,0.730740
8.307983,-0.020273,-1.933612,2.636885,0.218029,-1.109229,-0.595565,0.626197,-0.077698,-0.690018,0.781990,0.839648,-0.529423,-0.308454,0.302519,-2.600094,-0.364059,1.549221,-1.796326,-1.391145,3.561895,0.395732,-0.244991,-0.542896,0.322757,0.578808,-0.216105,-0.029651,0.730740
8.309024,-0.022684,-1.932526,2.635124,0.212104,-1.106298,-0.595061,0.628453,-0.053107,-0.707905,0.804387,0.827404,-0.531801,-0.306982,0.302441,-2.600339,-0.364595,1.549545,-1.795741,-1.391361,3.561866,0.396459,-0.244918,-0.541643,0.322385,0.579893,-0.216749,-0.029671,0.728238
8.310027,-0.022155,-1.922506,2.630101,0.205728,-1.107978,-0.595666,0.626262,-0.029852,-0.727484,0.828869,0.805875,-0.535021,-0.305603,0.302470,-2.600577,-0.365138,1.549870,-1.795157,-1.391588,3.561830,0.397166,-0.243890,-0.541420,0.323000,0.581733,-0.219406,-0.031144,0.723081
8.311001,-0.028535,-1.919542,2.632331,0.201354,-1.109561,-0.596790,0.626615,-0.012329,-0.744363,0.850373,0.776328,-0.538892,-0.304469,0.302665,-2.600825,-0.365695,1.550196,-1.794567,-1.391803,3.561797,0.397900,-0.244134,-0.545321,0.325114,0.583493,-0.217429,-0.031459,0.726745
8.312088,-0.032865,-1.921210,2.631745,0.199393,-1.114321,-0.598601,0.628430,-0.005891,-0.752827,0.862858,0.740074,-0.543253,-0.303727,0.303060,-2.601061,-0.366236,1.550515,-1.793989,-1.392017,3.561763,0.398627,-0.240925,-0.545639,0.323518,0.583263,-0.215545,-0.031223,0.725147
8.313012,-0.034189,-1.918022,2.632240,0.193605,-1.114139,-0.600625,0.628038,-0.010780,-0.752504,0.865562,0.699017,-0.547929,-0.303418,0.303611,-2.601295,-0.366781,1.550841,-1.793407,-1.392219,3.561732,0.399331,-0.239158,-0.544248,0.323707,0.581615,-0.210804,-0.030445,0.720982
8.313983,-0.039131,-1.925576,2.633092,0.184647,-1.114303,-0.601325,0.629519,-0.023132,-0.746877,0.861833,0.655364,-0.552784,-0.303442,0.304247,-2.601533,-0.367327,1.551162,-1.792818,-1.392426,3.561705,0.400050,-0.238349,-0.544399,0.322817,0.582083,-0.210709,-0.029292,0.720893
8.315059,-0.037362,-1.926844,2.626138,0.177615,-1.114411,-0.600796,0.630519,-0.038588,-0.740878,0.856604,0.608829,-0.557996,-0.303722,0.304936,-2.601763,-0.367853,1.551483,-1.792227,-1.392638,3.561675,0.400756,-0.235950,-0.539612,0.321918,0.586152,-0.210265,-0.029521,0.717132
8.315999,-0.036566,-1.931131,2.630002,0.168132,-1.115410,-0.599523,0.630970,-0.054664,-0.739014,0.853705,0.556949,-0.563991,-0.304300,0.305646,-2.602000,-0.368393,1.551810,-1.791633,-1.392847,3.561642,0.401466,-0.237172,-0.538475,0.325269,0.589155,-0.210104,-0.031078,0.714587
8.317059,-0.038486,-1.934235,2.632113,0.163261,-1.116365,-0.598649,0.630100,-0.068659,-0.744155,0.856121,0.498688,-0.570987,-0.305057,0.306328,-2.602239,-0.368914,1.552130,-1.791028,-1.393054,3.561605,0.402183,-0.237453,-0.535243,0.322708,0.593086,-0.208802,-0.033195,0.712823
8.318111,-0.037238,-1.929990,2.634224,0.161368,-1.116055,-0.599327,0.629769,-0.075285,-0.759802,0.868714,0.434851,-0.578915,-0.305669,0.306950,-2.602475,-0.369445,1.552453,-1.790435,-1.393263,3.561564,0.402890,-0.236747,-0.533174,0.321479,0.593797,-0.207769,-0.035010,0.714014
8.319017,-0.043140,-1.923627,2.633062,0.157831,-1.113836,-0.600295,0.630606,-0.071420,-0.785764,0.892906,0.369247,-0.587265,-0.305834,0.307500,-2.602715,-0.369985,1.552770,-1.789843,-1.393470,3.561528,0.403599,-0.237597,-0.534655,0.320288,0.591497,-0.208015,-0.035286,0.714063
8.320125,-0.044680,-1.930098,2.625316,0.156732,-1.113264,-0.603085,0.628516,-0.060352,-0.814949,0.922805,0.307468,-0.595226,-0.305501,0.307982,-2.602939,-0.370516,1.553092,-1.789265,-1.393683,3.561493,0.404311,-0.234564,-0.536456,0.320174,0.589795,-0.209837,-0.035122,0.711438
8.320988,-0.043451,-1.930842,2.627954,0.151201,-1.113084,-0.603668,0.628995,-0.049087,-0.839634,0.949933,0.253084,-0.602235,-0.305021,0.308425,-2.603172,-0.371044,1.553418,-1.788677,-1.393893,3.561464,0.405026,-0.234273,-0.532945,0.324034,0.587326,-0.210397,-0.033390,0.715176
8.321984,-0.042726,-1.928038,2.624286,0.144370,-1.113538,-0.601421,0.628039,-0.038822,-0.859492,0.972783,0.207524,-0.608085,-0.304662,0.308844,-2.603409,-0.371567,1.553738,-1.788088,-1.394107,3.561427,0.405744,-0.234582,-0.531071,0.321827,0.586958,-0.210061,-0.033579,0.713118
8.323027,-0.040009,-1.928507,2.625389,0.136963,-1.113151,-0.598814,0.627209,-0.026193,-0.877980,0.995399,0.169836,-0.612906,-0.304343,0.309222,-2.603641,-0.372099,1.554066,-1.787499,-1.394317,3.561383,0.406453,-0.235072,-0.531603,0.323231,0.589170,-0.209390,-0.036711,0.714341
8.324013,-0.045438,-1.927839,2.622134,0.134490,-1.115140,-0.597179,0.625640,-0.010536,-0.896055,1.019759,0.137059,-0.617072,-0.303926,0.309552,-2.603879,-0.372630,1.554385,-1.786898,-1.394527,3.561335,0.407170,-0.236640,-0.530738,0.322464,0.592105,-0.209663,-0.040205,0.715344
8.324977,-0.052232,-1.930478,2.614800,0.130614,-1.113345,-0.600054,0.623228,0.006703,-0.913020,1.045141,0.107479,-0.620813,-0.303346,0.309841,-2.604112,-0.373157,1.554710,-1.786317,-1.394732,3.561287,0.407896,-0.233977,-0.530193,0.323641,0.589983,-0.207464,-0.042655,0.717685
8.326033,-0.054218,-1.923777,2.617143,0.130319,-1.109762,-0.602316,0.623480,0.019633,-0.925042,1.065661,0.081571,-0.624089,-0.302893,0.310110,-2.604332,-0.373681,1.555043,-1.785727,-1.394939,3.561250,0.408619,-0.230753,-0.527875,0.326689,0.588899,-0.209045,-0.040597,0.721683
8.327024,-0.054747,-1.920066,2.611043,0.126699,-1.110446,-0.605244,0.622607,0.017321,-0.920273,1.073701,0.050164,-0.627897,-0.303170,0.310526,-2.604788,-0.374749,1.555697,-1.784573,-1.395371,3.561177,0.410070,-0.229425,-0.530410,0.327102,0.582702,-0.211066,-0.037001,0.720837
8.328038,-0.061232,-1.913000,2.610568,0.123996,-1.109069,-0.606524,0.620445,0.017321,-0.920273,1.073701,0.050164,-0.627897,-0.303170,0.310526,-2.604788,-0.374749,1.555697,-1.784573,-1.395371,3.561177,0.410070,-0.229425,-0.530410,0.327102,0.582702,-0.211066,-0.037001,0.720837
8.329040,-0.060790,-1.907353,2.609163,0.118153,-1.104192,-0.608045,0.620655,0.003017,-0.901633,1.060431,0.048790,-0.627882,-0.303783,0.310575,-2.605009,-0.375286,1.556019,-1.783995,-1.395586,3.561143,0.410800,-0.226044,-0.532300,0.326474,0.579889,-0.211948,-0.036492,0.724016
8.329981,-0.055330,-1.907924,2.601630,0.111226,-1.103454,-0.608815,0.618635,-0.020652,-0.871980,1.035557,0.056029,-0.626716,-0.304828,0.310514,-2.605237,-0.375816,1.556344,-1.783422,-1.395811,3.561109,0.411522,-0.226080,-0.533496,0.326271,0.580249,-0.216232,-0.035703,0.722384
8.330977,-0.057787,-1.911193,2.601840,0.111166,-1.099044,-0.607862,0.621185,-0.049625,-0.835787,1.003945,0.069718,-0.624643,-0.306204,0.310347,-2.605466,-0.376348,1.556680,-1.782841,-1.396023,3.561071,0.412244,-0.228440,-0.531233,0.328831,0.581011,-0.216326,-0.035600,0.725204
8.331994,-0.058310,-1.913460,2.600780,0.109168,-1.098952,-0.607661,0.618726,-0.076218,-0.800795,0.973216,0.089305,-0.621698,-0.307657,0.310073,-2.605693,-0.376874,1.557004,-1.782271,-1.396248,3.561030,0.412954,-0.226954,-0.527977,0.327775,0.575524,-0.220137,-0.037266,0.718888
8.333021,-0.059275,-1.912725,2.598470,0.106060,-1.098225,-0.608391,0.619992,-0.093601,-0.773307,0.949332,0.116534,-0.617581,-0.308938,0.309702,-2.605917,-0.377391,1.557332,-1.781701,-1.396467,3.560990,0.413688,-0.226567,-0.525463,0.327413,0.572237,-0.219636,-0.038178,0.722723
8.334027,-0.056183,-1.906744,2.596234,0.108887,-1.098305,-0.610978,0.618682,-0.099726,-0.755625,0.934209,0.151414,-0.612221,-0.309955,0.309268,-2.606143,-0.377916,1.557659,-1.781142,-1.396687,3.560952,0.414393,-0.225946,-0.524393,0.327714,0.570416,-0.219826,-0.038178,0.719065
8.335071,-0.063030,-1.896563,2.590795,0.104210,-1.097545,-0.613069,0.617033,-0.095907,-0.745848,0.926041,0.193985,-0.605594,-0.310675,0.308771,-2.606372,-0.378442,1.557988,-1.780591,-1.396907,3.560917,0.415118,-0.227288,-0.525843,0.327885,0.562595,-0.219162,-0.036314,0.720572
8.336093,-0.064510,-1.891344,2.589847,0.101985,-1.100896,-0.612266,0.618145,-0.088146,-0.737039,0.918104,0.244526,-0.597663,-0.311273,0.308224,-2.606587,-0.378982,1.558323,-1.780037,-1.397130,3.560886,0.415836,-0.223848,-0.529412,0.329717,0.562661,-0.219393,-0.035025,0.722802
8.337025,-0.061456,-1.888644,2.586821,0.102421,-1.099819,-0.611120,0.617293,-0.090562,-0.699069,0.878441,0.355081,-0.579842,-0.313379,0.307155,-2.607037,-0.380042,1.558985,-1.778949,-1.397554,3.560803,0.417275,-0.224186,-0.529844,0.329581,0.554373,-0.216038,-0.038348,0.719879
8.338078,-0.058919,-1.891043,2.579731,0.099951,-1.099645,-0.609830,0.617752,-0.090562,-0.699069,0.878441,0.355081,-0.579842,-0.313379,0.307155,-2.607037,-0.380042,1.558985,-1.778949,-1.397554,3.560803,0.417275,-0.224186,-0.529844,0.329581,0.554373,-0.216038,-0.038348,0.719879
8.339061,-0.063338,-1.888759,2.575730,0.095978,-1.098742,-0.609425,0.618002,-0.093559,-0.675885,0.854070,0.413522,-0.570368,-0.314332,0.306641,-2.607263,-0.380566,1.559321,-1.778400,-1.397766,3.560758,0.417987,-0.225392,-0.527305,0.332264,0.552378,-0.215780,-0.040365,0.717900
8.339988,-0.060837,-1.895660,2.568353,0.094493,-1.100650,-0.613184,0.617818,-0.093604,-0.654797,0.831366,0.472332,-0.560914,-0.314929,0.306159,-2.607482,-0.381086,1.559655,-1.777851,-1.397985,3.560718,0.418707,-0.222980,-0.526879,0.333164,0.551288,-0.216093,-0.041445,0.716218
8.341055,-0.062102,-1.895616,2.569299,0.095599,-1.102486,-0.614972,0.618214,-0.092331,-0.637140,0.810351,0.528127,-0.552031,-0.315334,0.305710,-2.607706,-0.381598,1.559998,-1.777314,-1.398196,3.560685,0.419414,-0.223904,-0.521603,0.335521,0.547498,-0.213542,-0.038319,0.715364
8.342047,-0.059385,-1.901393,2.563325,0.091016,-1.102327,-0.617164,0.616758,-0.086626,-0.626504,0.794339,0.580811,-0.543870,-0.315526,0.305258,-2.607928,-0.382119,1.560326,-1.776781,-1.398402,3.560651,0.420125,-0.223267,-0.520459,0.334257,0.542388,-0.211376,-0.037357,0.713556
8.342987,-0.059821,-1.900939,2.562724,0.090980,-1.100560,-0.616727,0.618206,-0.072516,-0.626067,0.787255,0.630739,-0.536475,-0.315416,0.304790,-2.608157,-0.382624,1.560669,-1.776247,-1.398613,3.560620,0.420847,-0.224376,-0.516170,0.336125,0.542382,-0.211045,-0.035907,0.715324
8.344077,-0.054890,-1.892651,2.556850,0.091309,-1.100753,-0.614604,0.617530,-0.048736,-0.636836,0.790803,0.677189,-0.529939,-0.315039,0.304303,-2.608378,-0.383134,1.561006,-1.775717,-1.398823,3.560582,0.421543,-0.223858,-0.514738,0.335151,0.537394,-0.212249,-0.037026,0.711206
8.345059,-0.053723,-1.893140,2.554479,0.086461,-1.103081,-0.613169,0.618223,-0.016267,-0.655244,0.802925,0.721994,-0.523949,-0.314324,0.303778,-2.608608,-0.383659,1.561345,-1.775188,-1.399034,3.560537,0.422257,-0.226326,-0.517783,0.337308,0.533363,-0.211686,-0.039927,0.711624
8.346051,-0.055290,-1.888044,2.549438,0.083176,-1.104900,-0.613931,0.617137,0.021815,-0.675621,0.819581,0.766279,-0.518279,-0.313153,0.303217,-2.608834,-0.384166,1.561684,-1.774660,-1.399238,3.560492,0.422972,-0.226632,-0.516039,0.337336,0.533673,-0.208885,-0.042008,0.709042
8.347112,-0.056082,-1.892279,2.548133,0.079538,-1.105495,-0.615714,0.615286,0.060946,-0.694907,0.837617,0.807054,-0.513241,-0.311664,0.302665,-2.609059,-0.384689,1.562021,-1.774128,-1.399440,3.560454,0.423681,-0.225626,-0.517032,0.338787,0.532339,-0.206648,-0.041934,0.710123
8.348087,-0.060130,-1.893652,2.545190,0.078070,-1.110124,-0.616528,0.615116,0.097041,-0.711880,0.854823,0.841264,-0.509132,-0.310126,0.302165,-2.609285,-0.385189,1.562360,-1.773594,-1.399641,3.560416,0.424400,-0.225185,-0.513886,0.338520,0.531917,-0.205771,-0.040915,0.712797
8.349052,-0.061007,-1.897735,2.539985,0.072506,-1.110401,-0.618254,0.613420,0.129485,-0.727906,0.871612,0.867843,-0.505993,-0.308702,0.301725,-2.609501,-0.385696,1.562703,-1.773073,-1.399834,3.560377,0.425104,-0.223008,-0.511725,0.338795,0.528903,-0.200745,-0.040793,0.711964
8.350088,-0.068651,-1.896847,2.535779,0.076164,-1.114024,-0.618676,0.613598,0.158295,-0.744802,0.888648,0.886303,-0.503837,-0.307538,0.301348,-2.609724,-0.386203,1.563043,-1.772540,-1.400031,3.560338,0.425824,-0.222327,-0.508145,0.340205,0.529658,-0.200107,-0.039735,0.714171
8.350997,-0.069984,-1.895661,2.526121,0.071902,-1.114598,-0.620384,0.611078,0.181336,-0.761247,0.903501,0.897723,-0.502537,-0.306818,0.301049,-2.609933,-0.386708,1.563388,-1.772040,-1.400222,3.560298,0.426543,-0.218567,-0.507451,0.341254,0.522458,-0.196217,-0.040062,0.712687
8.352077,-0.071426,-1.890299,2.525982,0.066586,-1.115468,-0.619916,0.611284,0.194636,-0.772677,0.910810,0.905106,-0.501787,-0.306735,0.300810,-2.610149,-0.387213,1.563734,-1.771517,-1.400413,3.560263,0.427259,-0.217614,-0.506274,0.344673,0.521715,-0.195228,-0.038986,0.716479
8.353020,-0.079195,-1.885895,2.522900,0.060804,-1.115039,-0.619812,0.609430,0.195441,-0.775909,0.907513,0.908823,-0.501617,-0.307365,0.300607,-2.610365,-0.387720,1.564075,-1.770986,-1.400606,3.560221,0.427977,-0.217016,-0.508004,0.343835,0.523213,-0.194169,-0.040243,0.715004
8.353976,-0.078691,-1.880061,2.523869,0.056025,-1.115486,-0.620357,0.607559,0.182650,-0.770384,0.893811,0.906154,-0.502399,-0.308695,0.300438,-2.610569,-0.388233,1.564421,-1.770465,-1.400801,3.560179,0.428693,-0.213015,-0.508495,0.344046,0.524247,-0.194187,-0.040979,0.717513
8.355006,-0.077940,-1.879924,2.522267,0.048185,-1.113688,-0.622858,0.607769,0.156654,-0.756689,0.870989,0.895688,-0.504302,-0.310675,0.300305,-2.610783,-0.388747,1.564755,-1.769937,-1.400987,3.560139,0.429416,-0.213131,-0.509759,0.342389,0.524234,-0.193409,-0.041090,0.720012
8.355988,-0.082636,-1.883829,2.518821,0.038871,-1.112377,-0.624206,0.607079,0.122880,-0.739180,0.844470,0.877575,-0.507281,-0.313034,0.300208,-2.610997,-0.389251,1.565099,-1.769406,-1.401185,3.560104,0.430141,-0.213527,-0.508624,0.342139,0.527848,-0.194914,-0.039328,0.718423
8.357067,-0.085351,-1.880634,2.518921,0.034733,-1.111168,-0.625085,0.605989,0.086231,-0.723885,0.820004,0.850082,-0.511515,-0.315660,0.300166,-2.611199,-0.389752,1.565440,-1.768862,-1.401380,3.560064,0.430857,-0.211196,-0.505278,0.342714,0.532205,-0.195865,-0.038676,0.718650
8.358029,-0.092673,-1.879678,2.517329,0.029840,-1.112271,-0.626503,0.606551,0.047247,-0.713459,0.798870,0.811691,-0.517121,-0.318665,0.300229,-2.611408,-0.390261,1.565781,-1.768328,-1.401578,3.560025,0.431585,-0.210042,-0.505900,0.341772,0.532386,-0.196835,-0.038590,0.719785
8.359075,-0.095415,-1.874123,2.515036,0.027144,-1.113793,-0.628217,0.606070,0.005268,-0.706581,0.779361,0.764345,-0.523725,-0.322066,0.300411,-2.611604,-0.390764,1.566123,-1.767800,-1.401770,3.559989,0.432292,-0.206420,-0.504874,0.341344,0.532530,-0.195338,-0.037854,0.717458
8.360099,-0.098156,-1.869477,2.516747,0.024073,-1.118740,-0.629169,0.606590,-0.041110,-0.700034,0.758371,0.711328,-0.530782,-0.325889,0.300685,-2.611805,-0.391276,1.566460,-1.767267,-1.401958,3.559954,0.433012,-0.205285,-0.506477,0.341577,0.531047,-0.193629,-0.036913,0.717365
8.360960,-0.093988,-1.868291,2.512997,0.017803,-1.119667,-0.629920,0.605477,-0.091425,-0.691484,0.734556,0.656024,-0.537804,-0.330031,0.301045,-2.612005,-0.391781,1.566799,-1.766748,-1.402136,3.559916,0.433729,-0.204085,-0.507575,0.339694,0.530086,-0.188518,-0.036706,0.715202
8.362023,-0.102242,-1.864432,2.509867,0.012853,-1.121183,-0.631575,0.607454,-0.140817,-0.682823,0.711471,0.600874,-0.544483,-0.334155,0.301496,-2.612212,-0.392286,1.567142,-1.766215,-1.402319,3.559879,0.434438,-0.205878,-0.506141,0.340038,0.530695,-0.187188,-0.036545,0.716104
8.363023,-0.102145,-1.869012,2.502081,0.005484,-1.125155,-0.632521,0.609239,-0.187127,-0.675788,0.691263,0.546085,-0.550810,-0.338159,0.302027,-2.612406,-0.392799,1.567483,-1.765674,-1.402498,3.559844,0.435145,-0.202032,-0.506964,0.340685,0.531404,-0.185604,-0.035678,0.711096
8.364009,-0.108331,-1.866624,2.496216,-0.003470,-1.123810,-0.631940,0.609216,-0.234319,-0.668855,0.671112,0.489688,-0.557097,-0.342351,0.302611,-2.612604,-0.393292,1.567832,-1.765141,-1.402675,3.559809,0.435848,-0.202247,-0.503444,0.343404,0.534245,-0.181449,-0.035472,0.706441
8.364972,-0.108480,-1.869665,2.497460,-0.005352,-1.125557,-0.630323,0.607558,-0.286296,-0.661173,0.648626,0.428659,-0.563863,-0.347026,0.303245,-2.612797,-0.393797,1.568176,-1.764592,-1.402862,3.559770,0.436544,-0.199284,-0.503257,0.345128,0.538169,-0.182566,-0.036761,0.705436
8.366046,-0.115547,-1.870865,2.493135,-0.008170,-1.126107,-0.630841,0.608813,-0.341593,-0.653990,0.625218,0.363107,-0.571211,-0.352051,0.303942,-2.612997,-0.394286,1.568518,-1.764054,-1.403039,3.559728,0.437255,-0.199250,-0.500402,0.343252,0.535014,-0.180579,-0.039044,0.707602
8.367017,-0.120177,-1.867488,2.495971,-0.011800,-1.128089,-0.632885,0.610238,-0.394488,-0.649768,0.604673,0.297358,-0.578700,-0.356969,0.304648,-2.613185,-0.394782,1.568867,-1.763525,-1.403217,3.559686,0.437944,-0.196132,-0.498927,0.344457,0.533992,-0.179995,-0.039264,0.704129
8.368042,-0.125584,-1.872387,2.496215,-0.012141,-1.124106,-0.636898,0.610758,-0.443128,-0.648269,0.587561,0.234677,-0.586017,-0.361546,0.305282,-2.613373,-0.395284,1.569202,-1.762992,-1.403386,3.559653,0.438639,-0.194005,-0.499203,0.341876,0.532828,-0.177877,-0.037924,0.700167
8.369036,-0.126599,-1.863817,2.490962,-0.016160,-1.124554,-0.639831,0.610743,-0.486503,-0.649182,0.574312,0.177319,-0.592914,-0.365707,0.305808,-2.613560,-0.395768,1.569541,-1.762460,-1.403575,3.559623,0.439335,-0.191622,-0.495745,0.340758,0.528821,-0.181684,-0.034675,0.698129
8.370078,-0.128851,-1.859004,2.487837,-0.024708,-1.127016,-0.640510,0.612291,-0.523586,-0.651805,0.564966,0.128114,-0.599003,-0.369452,0.306229,-2.613748,-0.396273,1.569884,-1.761935,-1.403751,3.559594,0.440024,-0.191373,-0.498731,0.342264,0.528464,-0.181035,-0.032516,0.697124
8.371024,-0.132833,-1.856689,2.486848,-0.026730,-1.125463,-0.639837,0.612267,-0.559244,-0.651099,0.554989,0.086152,-0.604343,-0.373019,0.306557,-2.613938,-0.396769,1.570228,-1.761394,-1.403928,3.559559,0.440710,-0.190580,-0.500100,0.342797,0.532659,-0.178472,-0.032636,0.693052
8.372060,-0.141241,-1.857948,2.487966,-0.036260,-1.123401,-0.639444,0.611218,-0.597072,-0.644174,0.541947,0.048744,-0.609206,-0.376601,0.306802,-2.614121,-0.397268,1.570571,-1.760872,-1.404114,3.559520,0.441394,-0.188757,-0.499710,0.341993,0.529887,-0.179735,-0.033975,0.692021
8.373087,-0.140983,-1.854328,2.485307,-0.040593,-1.124153,-0.638433,0.611558,-0.636360,-0.632899,0.527594,0.014172,-0.613657,-0.380287,0.306995,-2.614298,-0.397765,1.570907,-1.760326,-1.404297,3.559479,0.442088,-0.185011,-0.497997,0.340485,0.534930,-0.181643,-0.035101,0.693152
8.374035,-0.151016,-1.856888,2.479206,-0.040227,-1.125573,-0.637697,0.610838,-0.676155,-0.619747,0.514095,-0.019949,-0.617771,-0.384081,0.307186,-2.614484,-0.398262,1.571250,-1.759799,-1.404478,3.559438,0.442782,-0.185527,-0.498721,0.340782,0.535018,-0.180710,-0.036836,0.691438
8.375026,-0.163726,-1.860813,2.482120,-0.039901,-1.126005,-0.639649,0.609150,-0.715963,-0.604511,0.500886,-0.052276,-0.621200,-0.387838,0.307418,-2.614653,-0.398754,1.571598,-1.759267,-1.404656,3.559395,0.443465,-0.180807,-0.495984,0.342489,0.529650,-0.179037,-0.038209,0.691801
8.375992,-0.169038,-1.862492,2.480232,-0.043019,-1.127192,-0.641878,0.608989,-0.756162,-0.586161,0.485492,-0.078529,-0.623325,-0.391562,0.307734,-2.614817,-0.399243,1.571929,-1.758755,-1.404830,3.559361,0.444163,-0.174958,-0.492834,0.339977,0.525203,-0.178473,-0.036961,0.694112
8.376956,-0.170384,-1.860926,2.472666,-0.042309,-1.130699,-0.643143,0.610325,-0.795970,-0.566609,0.468436,-0.097324,-0.623968,-0.395332,0.308150,-2.614982,-0.399725,1.572267,-1.758243,-1.405006,3.559330,0.444846,-0.172774,-0.490780,0.339772,0.524022,-0.177087,-0.035450,0.693335
8.378007,-0.176901,-1.858837,2.472653,-0.045149,-1.131088,-0.644279,0.609521,-0.833479,-0.547423,0.451157,-0.108064,-0.623187,-0.399056,0.308605,-2.615153,-0.400216,1.572610,-1.757730,-1.405171,3.559295,0.445532,-0.172486,-0.490236,0.342349,0.518917,-0.173461,-0.034897,0.689551
8.379083,-0.185282,-1.853387,2.468622,-0.049118,-1.130204,-0.643747,0.607740,-0.868452,-0.527335,0.432744,-0.109657,-0.621077,-0.402641,0.309023,-2.615319,-0.400705,1.572949,-1.757212,-1.405344,3.559263,0.446230,-0.169854,-0.490387,0.341383,0.518031,-0.173073,-0.034556,0.690219
8.379999,-0.184546,-1.846961,2.463842,-0.053900,-1.129845,-0.643000,0.607974,-0.904488,-0.503441,0.410251,-0.104259,-0.618109,-0.406234,0.309395,-2.615477,-0.401203,1.573296,-1.756698,-1.405521,3.559223,0.446923,-0.166459,-0.492235,0.342466,0.518553,-0.173934,-0.035882,0.692883
8.380963,-0.186343,-1.840587,2.460533,-0.054769,-1.128107,-0.642591,0.606466,-0.945843,-0.472773,0.380639,-0.095343,-0.614861,-0.409965,0.309707,-2.615645,-0.401703,1.573638,-1.756179,-1.405691,3.559184,0.447613,-0.167145,-0.493773,0.343486,0.518408,-0.174068,-0.037255,0.691190
8.382085,-0.194315,-1.839919,2.466735,-0.051874,-1.127012,-0.643455,0.606711,-0.990930,-0.435248,0.344688,-0.082964,-0.611438,-0.413581,0.309918,-2.615809,-0.402199,1.573985,-1.755678,-1.405871,3.559146,0.448314,-0.166694,-0.495565,0.343849,0.515175,-0.175580,-0.038346,0.693098
8.383030,-0.195187,-1.839697,2.466357,-0.052783,-1.125117,-0.645595,0.602723,-1.033847,-0.393897,0.306525,-0.064570,-0.607546,-0.416709,0.310017,-2.615967,-0.402697,1.574313,-1.755179,-1.406050,3.559112,0.448996,-0.163601,-0.495204,0.340122,0.509506,-0.176697,-0.038324,0.691783
8.384040,-0.196073,-1.840265,2.465129,-0.050942,-1.125086,-0.646449,0.603943,-1.067600,-0.354272,0.272193,-0.038229,-0.602921,-0.419104,0.310048,-2.616129,-0.403186,1.574650,-1.754676,-1.406230,3.559079,0.449709,-0.163623,-0.493906,0.339110,0.506170,-0.178317,-0.036862,0.698620
8.385087,-0.200951,-1.844064,2.465034,-0.050743,-1.125947,-0.647019,0.602745,-1.086095,-0.322111,0.247424,-0.003352,-0.597464,-0.420587,0.310057,-2.616290,-0.403678,1.574992,-1.754194,-1.406410,3.559042,0.450390,-0.163778,-0.492487,0.338640,0.501058,-0.178164,-0.036753,0.695092
8.386097,-0.204721,-1.845146,2.461743,-0.052949,-1.125633,-0.646871,0.601449,-1.086905,-0.300748,0.234850,0.039397,-0.591232,-0.421128,0.310053,-2.616450,-0.404166,1.575328,-1.753704,-1.406582,3.559004,0.451095,-0.162030,-0.489659,0.337781,0.497743,-0.177269,-0.036942,0.696521
8.386964,-0.204471,-1.837610,2.461206,-0.053710,-1.126583,-0.646767,0.601664,-1.072546,-0.290888,0.233620,0.086755,-0.584591,-0.420950,0.310056,-2.616607,-0.404648,1.575667,-1.753219,-1.406762,3.558964,0.451804,-0.160793,-0.488115,0.338384,0.496648,-0.177423,-0.037811,0.698017
8.388083,-0.199739,-1.835893,2.449830,-0.052754,-1.127658,-0.647955,0.601749,-1.047598,-0.290124,0.240616,0.135450,-0.577884,-0.420230,0.310071,-2.616769,-0.405145,1.575998,-1.752732,-1.406936,3.558924,0.452494,-0.161168,-0.490049,0.337255,0.492848,-0.176124,-0.038493,0.696289
8.389069,-0.198224,-1.828781,2.446005,-0.055444,-1.128442,-0.649827,0.601367,-1.015102,-0.293990,0.252107,0.185589,-0.571056,-0.418875,0.310060,-2.616939,-0.405641,1.576348,-1.752248,-1.407109,3.558887,0.453188,-0.164328,-0.490224,0.342139,0.489513,-0.175128,-0.038121,0.695278
8.389988,-0.206240,-1.823076,2.447367,-0.055492,-1.126796,-0.649867,0.601409,-0.978002,-0.298072,0.264211,0.237475,-0.564081,-0.416816,0.310012,-2.617106,-0.406133,1.576694,-1.751767,-1.407283,3.558850,0.453873,-0.165533,-0.492553,0.342798,0.488794,-0.174200,-0.036954,0.695010
8.391149,-0.207822,-1.823446,2.445456,-0.049604,-1.129188,-0.651647,0.602651,-0.940319,-0.299091,0.273783,0.289129,-0.557219,-0.414211,0.309939,-2.617263,-0.406628,1.577029,-1.751287,-1.407460,3.558812,0.454566,-0.161906,-0.493801,0.340816,0.484877,-0.175584,-0.037566,0.693729
8.392149,-0.206577,-1.829536,2.439958,-0.049844,-1.126543,-0.651224,0.604306,-0.903580,-0.296025,0.279949,0.340379,-0.550542,-0.411215,0.309816,-2.617427,-0.407116,1.577374,-1.750831,-1.407632,3.558775,0.455254,-0.162096,-0.493228,0.341120,0.477567,-0.173307,-0.036645,0.690470
8.393056,-0.204327,-1.841236,2.435796,-0.052394,-1.124676,-0.650561,0.603357,-0.863785,-0.292397,0.286190,0.393284,-0.543944,-0.407768,0.309597,-2.617591,-0.407597,1.577722,-1.750363,-1.407814,3.558733,0.455927,-0.163268,-0.489095,0.342689,0.474867,-0.175798,-0.037781,0.686181
8.394052,-0.207067,-1.849629,2.435671,-0.049400,-1.122313,-0.649788,0.606573,-0.813747,-0.296967,0.300491,0.447176,-0.537684,-0.403728,0.309279,-2.617757,-0.408069,1.578063,-1.749891,-1.407993,3.558693,0.456616,-0.164679,-0.481841,0.343380,0.473577,-0.177324,-0.039058,0.686937
8.395070,-0.205354,-1.851527,2.434058,-0.049051,-1.121210,-0.649848,0.606409,-0.747122,-0.318525,0.330696,0.500400,-0.532067,-0.399003,0.308863,-2.617918,-0.408532,1.578403,-1.749429,-1.408177,3.558650,0.457286,-0.163856,-0.476814,0.342307,0.467647,-0.179471,-0.040516,0.679460
8.396007,-0.203239,-1.848444,2.433228,-0.054702,-1.117476,-0.650412,0.607381,-0.662015,-0.359007,0.378951,0.553605,-0.526995,-0.393550,0.308334,-2.618088,-0.409005,1.578742,-1.748974,-1.408354,3.558609,0.457960,-0.165248,-0.475022,0.342097,0.464792,-0.180432,-0.041160,0.678914
8.397000,-0.201942,-1.839271,2.431589,-0.054828,-1.114247,-0.650215,0.608668,-0.562197,-0.414115,0.442100,0.605824,-0.522459,-0.387428,0.307727,-2.618256,-0.409475,1.579085,-1.748502,-1.408547,3.558566,0.458632,-0.166632,-0.475373,0.341187,0.466900,-0.183777,-0.041217,0.675873
8.397963,-0.206189,-1.838966,2.427885,-0.057182,-1.115409,-0.650655,0.608616,-0.454987,-0.476027,0.513795,0.654635,-0.518525,-0.380778,0.307090,-2.618424,-0.409958,1.579429,-1.748049,-1.408741,3.558520,0.459288,-0.167759,-0.478884,0.340842,0.464281,-0.186666,-0.042083,0.672380
8.399003,-0.205065,-1.831821,2.420685,-0.058701,-1.114549,-0.650746,0.610780,-0.348906,-0.535902,0.585733,0.699202,-0.515044,-0.373882,0.306446,-2.618586,-0.410440,1.579768,-1.747589,-1.408921,3.558477,0.459959,-0.166080,-0.477765,0.341508,0.463553,-0.185217,-0.042285,0.671486
8.399972,-0.211617,-1.833181,2.420786,-0.059662,-1.114907,-0.650160,0.608411,-0.252169,-0.586882,0.650130,0.738659,-0.511951,-0.367160,0.305834,-2.618759,-0.410918,1.580117,-1.747135,-1.409111,3.558431,0.460620,-0.167204,-0.480547,0.344047,0.462760,-0.185872,-0.042903,0.666263
8.401039,-0.216829,-1.838947,2.413507,-0.056503,-1.117761,-0.649099,0.608133,-0.169608,-0.625506,0.702653,0.772249,-0.509204,-0.360916,0.305304,-2.618918,-0.411396,1.580452,-1.746681,-1.409294,3.558382,0.461288,-0.164409,-0.478668,0.342827,0.460782,-0.185236,-0.044114,0.670091
8.402046,-0.218585,-1.840737,2.416100,-0.056652,-1.121053,-0.647975,0.606931,-0.101157,-0.653095,0.743504,0.800680,-0.506665,-0.355310,0.304877,-2.619077,-0.411866,1.580805,-1.746233,-1.409472,3.558333,0.461959,-0.162578,-0.475161,0.345454,0.455630,-0.182311,-0.045892,0.669760
8.403000,-0.220182,-1.844541,2.410022,-0.057878,-1.119690,-0.647920,0.607228,-0.042702,-0.674307,0.776451,0.825657,-0.504203,-0.350295,0.304511,-2.619237,-0.412332,1.581145,-1.745788,-1.409643,3.558284,0.462626,-0.162330,-0.473455,0.343041,0.453444,-0.178931,-0.047672,0.671250
8.404037,-0.220250,-1.845454,2.404653,-0.060073,-1.120547,-0.648837,0.605702,0.011327,-0.694326,0.806882,0.848014,-0.501865,-0.345642,0.304155,-2.619398,-0.412797,1.581491,-1.745338,-1.409824,3.558234,0.463296,-0.161989,-0.470459,0.344807,0.451732,-0.180063,-0.048315,0.669587
8.405026,-0.224866,-1.840826,2.401257,-0.060943,-1.120215,-0.648044,0.605712,0.062545,-0.715320,0.836751,0.867162,-0.499911,-0.341319,0.303794,-2.619564,-0.413258,1.581841,-1.744884,-1.410007,3.558187,0.463976,-0.162576,-0.469391,0.346386,0.451582,-0.179036,-0.048085,0.671742
8.405961,-0.224743,-1.838557,2.396681,-0.065832,-1.117796,-0.646068,0.606136,0.107852,-0.734785,0.863164,0.882433,-0.498618,-0.337482,0.303412,-2.619720,-0.413735,1.582189,-1.744438,-1.410186,3.558134,0.464644,-0.160855,-0.470683,0.346851,0.449883,-0.179185,-0.049507,0.670723
8.407091,-0.225875,-1.838653,2.399967,-0.068008,-1.115815,-0.646506,0.605302,0.143772,-0.749259,0.882828,0.893113,-0.498195,-0.334219,0.303009,-2.619881,-0.414209,1.582537,-1.743982,-1.410374,3.558078,0.465311,-0.161346,-0.470529,0.347762,0.451566,-0.181259,-0.052041,0.668812
8.408080,-0.227895,-1.835703,2.400904,-0.075479,-1.114364,-0.646087,0.605457,0.171663,-0.759922,0.897568,0.898036,-0.498797,-0.331386,0.302615,-2.620041,-0.414676,1.582879,-1.743534,-1.410563,3.558025,0.465980,-0.161696,-0.470218,0.345355,0.452291,-0.183172,-0.052323,0.669779
8.408980,-0.223466,-1.827794,2.393880,-0.078919,-1.113745,-0.646811,0.604312,0.195539,-0.771064,0.912502,0.895140,-0.500583,-0.328769,0.302277,-2.620202,-0.415150,1.583217,-1.743065,-1.410747,3.557972,0.466648,-0.161230,-0.470679,0.343791,0.456697,-0.184376,-0.053364,0.668478
8.409953,-0.231551,-1.831872,2.397403,-0.082083,-1.112211,-0.648187,0.603439,0.215759,-0.782950,0.928467,0.883196,-0.503543,-0.326293,0.302028,-2.620373,-0.415623,1.583569,-1.742613,-1.410931,3.557921,0.467323,-0.163678,-0.473232,0.345797,0.456663,-0.184590,-0.053174,0.669641
8.411030,-0.236746,-1.832113,2.397027,-0.084792,-1.116246,-0.650217,0.602336,0.231584,-0.794175,0.944000,0.863346,-0.507347,-0.324011,0.301907,-2.620526,-0.416087,1.583909,-1.742157,-1.411117,3.557871,0.467989,-0.160182,-0.470167,0.342813,0.456919,-0.185851,-0.052407,0.670400
8.412036,-0.238605,-1.836724,2.391517,-0.082718,-1.117223,-0.650262,0.601806,0.243192,-0.806391,0.959609,0.835970,-0.511809,-0.322153,0.301942,-2.620679,-0.416556,1.584247,-1.741698,-1.411293,3.557821,0.468661,-0.158462,-0.469523,0.342172,0.457476,-0.181742,-0.051089,0.671779
8.412951,-0.236196,-1.831516,2.385725,-0.081835,-1.120388,-0.648956,0.600957,0.251134,-0.820894,0.975486,0.802571,-0.516719,-0.320899,0.302108,-2.620834,-0.417015,1.584595,-1.741250,-1.411472,3.557768,0.469334,-0.158210,-0.466441,0.343777,0.452893,-0.180633,-0.051694,0.671867
8.414073,-0.239044,-1.829767,2.381856,-0.084574,-1.122843,-0.648766,0.601338,0.263807,-0.850442,1.003884,0.738626,-0.525487,-0.319496,0.302637,-2.621156,-0.417952,1.585293,-1.740357,-1.411812,3.557654,0.470682,-0.159241,-0.468330,0.346308,0.450158,-0.174884,-0.054427,0.670902
8.415026,-0.243962,-1.825043,2.386423,-0.088987,-1.125767,-0.649603,0.601306,0.263807,-0.850442,1.003884,0.738626,-0.525487,-0.319496,0.302637,-2.621156,-0.417952,1.585293,-1.740357,-1.411812,3.557654,0.470682,-0.159241,-0.468330,0.346308,0.450158,-0.174884,-0.054427,0.670902
8.415993,-0.248072,-1.824428,2.376921,-0.092633,-1.127343,-0.649374,0.602241,0.266260,-0.860717,1.013170,0.709263,-0.529342,-0.319185,0.302957,-2.621309,-0.418427,1.585633,-1.739904,-1.411979,3.557601,0.471354,-0.157320,-0.469508,0.342751,0.451569,-0.171829,-0.054159,0.669930
8.417109,-0.248972,-1.821900,2.378683,-0.099237,-1.127029,-0.648967,0.601716,0.262022,-0.867050,1.018003,0.676965,-0.533528,-0.319336,0.303275,-2.621462,-0.418896,1.585984,-1.739448,-1.412141,3.557543,0.472013,-0.155858,-0.468738,0.346238,0.452213,-0.170207,-0.054960,0.667068
8.417982,-0.252056,-1.820337,2.374229,-0.103358,-1.128627,-0.649799,0.602536,0.248738,-0.869115,1.017431,0.639327,-0.538417,-0.320054,0.303594,-2.621620,-0.419361,1.586327,-1.738987,-1.412313,3.557487,0.472686,-0.156328,-0.469707,0.344525,0.457000,-0.170631,-0.056085,0.667383
8.418969,-0.256080,-1.831861,2.372085,-0.107469,-1.129846,-0.651001,0.602018,0.202522,-0.869656,1.009567,0.544660,-0.550816,-0.322682,0.304272,-2.621924,-0.420282,1.587016,-1.738065,-1.412642,3.557380,0.474008,-0.153778,-0.462386,0.345120,0.458384,-0.167503,-0.055146,0.664691
8.420042,-0.261990,-1.835728,2.375554,-0.108077,-1.131026,-0.652278,0.605377,0.202522,-0.869656,1.009567,0.544660,-0.550816,-0.322682,0.304272,-2.621924,-0.420282,1.587016,-1.738065,-1.412642,3.557380,0.474008,-0.153778,-0.462386,0.345120,0.458384,-0.167503,-0.055146,0.664691
8.421065,-0.266281,-1.848689,2.376568,-0.107586,-1.130451,-0.653455,0.604099,0.165368,-0.902196,1.026438,0.434348,-0.565439,-0.325980,0.304732,-2.622218,-0.421177,1.587691,-1.737165,-1.412974,3.557273,0.475309,-0.150414,-0.453129,0.341016,0.454149,-0.166992,-0.054030,0.658955
8.421966,-0.267832,-1.847027,2.373704,-0.109635,-1.129623,-0.654888,0.602896,0.165368,-0.902196,1.026438,0.434348,-0.565439,-0.325980,0.304732,-2.622218,-0.421177,1.587691,-1.737165,-1.412974,3.557273,0.475309,-0.150414,-0.453129,0.341016,0.454149,-0.166992,-0.054030,0.658955
8.423016,-0.270791,-1.849342,2.369188,-0.109262,-1.131013,-0.655836,0.604037,0.163684,-0.939985,1.054449,0.382047,-0.572389,-0.327410,0.304912,-2.622368,-0.421626,1.588035,-1.736710,-1.413141,3.557225,0.475973,-0.150109,-0.452892,0.341024,0.452702,-0.167597,-0.053155,0.660254
8.424018,-0.276599,-1.847537,2.366889,-0.112390,-1.130116,-0.656588,0.604646,0.171772,-0.986824,1.091397,0.336251,-0.578437,-0.328705,0.305088,-2.622513,-0.422075,1.588381,-1.736265,-1.413301,3.557174,0.476615,-0.149512,-0.451301,0.342274,0.450295,-0.166289,-0.052895,0.657171
8.425014,-0.280062,-1.842019,2.362537,-0.118927,-1.128478,-0.654011,0.606107,0.182749,-1.034384,1.129489,0.297790,-0.583416,-0.330153,0.305231,-2.622655,-0.422529,1.588719,-1.735812,-1.413470,3.557121,0.477264,-0.147398,-0.451496,0.342346,0.450839,-0.167137,-0.052773,0.655092
8.426121,-0.288977,-1.837605,2.363542,-0.123251,-1.129804,-0.652656,0.606525,0.188583,-1.075393,1.161635,0.263987,-0.587599,-0.332082,0.305366,-2.622798,-0.422980,1.589062,-1.735356,-1.413645,3.557058,0.477915,-0.146466,-0.453572,0.343388,0.454682,-0.168643,-0.055944,0.651265
8.427004,-0.291822,-1.830868,2.357485,-0.127753,-1.130463,-0.652291,0.607266,0.182108,-1.104004,1.182364,0.230671,-0.591430,-0.334678,0.305534,-2.622934,-0.423438,1.589396,-1.734896,-1.413805,3.556997,0.478552,-0.142878,-0.455043,0.341870,0.456294,-0.167311,-0.057857,0.649575
8.427958,-0.302391,-1.835493,2.354723,-0.129241,-1.131037,-0.651197,0.607162,0.160151,-1.117167,1.189027,0.196115,-0.595072,-0.337930,0.305742,-2.623074,-0.423891,1.589744,-1.734441,-1.413968,3.556936,0.479194,-0.141646,-0.456456,0.342936,0.456016,-0.166210,-0.058515,0.646682
8.429040,-0.307826,-1.837142,2.355307,-0.133212,-1.130975,-0.652955,0.608340,0.124081,-1.115693,1.182156,0.161581,-0.598380,-0.341709,0.305985,-2.623199,-0.424334,1.590089,-1.734000,-1.414132,3.556876,0.479826,-0.136822,-0.452525,0.342539,0.453532,-0.165266,-0.059980,0.645642
8.430029,-0.311066,-1.837625,2.350845,-0.130146,-1.134445,-0.655381,0.608929,0.078866,-1.105163,1.166377,0.128112,-0.601294,-0.345827,0.306262,-2.623330,-0.424781,1.590424,-1.733545,-1.414300,3.556817,0.480467,-0.134821,-0.450613,0.340899,0.454132,-0.165106,-0.058664,0.642129
8.431025,-0.314242,-1.840731,2.345379,-0.131610,-1.135138,-0.658629,0.608225,0.031372,-1.091482,1.147576,0.097779,-0.603654,-0.349955,0.306542,-2.623461,-0.425224,1.590767,-1.733113,-1.414451,3.556767,0.481104,-0.133707,-0.448943,0.341492,0.447507,-0.161412,-0.056680,0.639723
8.432024,-0.317057,-1.838911,2.344240,-0.133561,-1.132749,-0.660674,0.607126,-0.012807,-1.077375,1.128902,0.074768,-0.605106,-0.353795,0.306781,-2.623589,-0.425668,1.591108,-1.732672,-1.414607,3.556718,0.481741,-0.132660,-0.445974,0.342624,0.445338,-0.160516,-0.053881,0.639929
8.433016,-0.316629,-1.836128,2.332503,-0.138585,-1.130907,-0.660521,0.607351,-0.051005,-1.064452,1.111976,0.060742,-0.605612,-0.357273,0.306989,-2.623720,-0.426111,1.591450,-1.732227,-1.414777,3.556666,0.482385,-0.131769,-0.445518,0.341547,0.443557,-0.162578,-0.052296,0.640879
8.433984,-0.316498,-1.826149,2.330538,-0.139609,-1.132684,-0.660840,0.606887,-0.084192,-1.052120,1.096257,0.054200,-0.605459,-0.360449,0.307189,-2.623851,-0.426558,1.591807,-1.731781,-1.414946,3.556610,0.483021,-0.132506,-0.445454,0.345646,0.444805,-0.164046,-0.052891,0.639172
8.435036,-0.318904,-1.822863,2.318108,-0.142853,-1.131261,-0.659104,0.606823,-0.115428,-1.036626,1.078451,0.053897,-0.604856,-0.363375,0.307371,-2.623984,-0.427017,1.592149,-1.731341,-1.415101,3.556556,0.483661,-0.132989,-0.448774,0.344877,0.441963,-0.161986,-0.052979,0.638833
8.436078,-0.325840,-1.811088,2.320801,-0.145040,-1.130734,-0.657939,0.604552,-0.147800,-1.013614,1.054639,0.059459,-0.603851,-0.366121,0.307527,-2.624115,-0.427464,1.592505,-1.730904,-1.415265,3.556496,0.484305,-0.132400,-0.449162,0.349487,0.442044,-0.163208,-0.055170,0.637771
8.436987,-0.333211,-1.800197,2.317113,-0.146671,-1.131013,-0.657820,0.602837,-0.185402,-0.979466,1.020927,0.069276,-0.602568,-0.368865,0.307714,-2.624237,-0.427929,1.592847,-1.730464,-1.415426,3.556435,0.484948,-0.129629,-0.453612,0.346562,0.440928,-0.163506,-0.056757,0.641165
8.438092,-0.334045,-1.804002,2.314150,-0.141845,-1.130503,-0.657235,0.602532,-0.231761,-0.931494,0.974721,0.081454,-0.601097,-0.371750,0.307985,-2.624357,-0.428394,1.593190,-1.730030,-1.415590,3.556378,0.485599,-0.126388,-0.457035,0.346567,0.438435,-0.162795,-0.057212,0.643181
8.439002,-0.340858,-1.802796,2.316052,-0.141770,-1.131204,-0.657286,0.599708,-0.283856,-0.871884,0.918546,0.097440,-0.599120,-0.374623,0.308300,-2.624483,-0.428838,1.593539,-1.729616,-1.415750,3.556318,0.486233,-0.126801,-0.454085,0.346613,0.431318,-0.163188,-0.058281,0.642691
8.440111,-0.342004,-1.805008,2.310942,-0.141937,-1.131900,-0.658112,0.599018,-0.331619,-0.809741,0.861421,0.120256,-0.596176,-0.377085,0.308580,-2.624602,-0.429292,1.593877,-1.729197,-1.415907,3.556259,0.486903,-0.123839,-0.452845,0.343839,0.427542,-0.162121,-0.058564,0.646910
8.441121,-0.345049,-1.811017,2.303835,-0.138882,-1.136799,-0.659300,0.598400,-0.368220,-0.753349,0.811035,0.149541,-0.592271,-0.378913,0.308804,-2.624727,-0.429735,1.594226,-1.728780,-1.416069,3.556204,0.487549,-0.124121,-0.450776,0.344996,0.425429,-0.161290,-0.058243,0.647134
8.442091,-0.341073,-1.808962,2.294277,-0.137784,-1.136556,-0.658464,0.595740,-0.392233,-0.706754,0.769996,0.183606,-0.587665,-0.380138,0.308952,-2.624846,-0.430177,1.594578,-1.728371,-1.416218,3.556144,0.488188,-0.123267,-0.446416,0.346846,0.419534,-0.156215,-0.057454,0.647145
8.443002,-0.342254,-1.805423,2.287779,-0.140104,-1.137538,-0.658480,0.594715,-0.402852,-0.671245,0.738490,0.223168,-0.582413,-0.380727,0.309002,-2.624976,-0.430626,1.594930,-1.727964,-1.416373,3.556083,0.488845,-0.125754,-0.445906,0.349823,0.415426,-0.156248,-0.058684,0.651162
8.444066,-0.344024,-1.806596,2.287545,-0.139179,-1.139269,-0.658885,0.595324,-0.401688,-0.644645,0.714318,0.268241,-0.576641,-0.380604,0.308968,-2.625098,-0.431072,1.595283,-1.727560,-1.416524,3.556022,0.489505,-0.125572,-0.445913,0.351083,0.414414,-0.154966,-0.058980,0.651747
8.445014,-0.344625,-1.801276,2.282882,-0.138562,-1.141118,-0.658944,0.595849,-0.391308,-0.625430,0.696064,0.316131,-0.570762,-0.379800,0.308868,-2.625223,-0.431516,1.595627,-1.727158,-1.416672,3.555962,0.490143,-0.125410,-0.444161,0.349692,0.411206,-0.153169,-0.059025,0.649353
8.446124,-0.351209,-1.789792,2.283070,-0.131619,-1.139916,-0.659478,0.594043,-0.372306,-0.613751,0.684121,0.365004,-0.565062,-0.378369,0.308693,-2.625349,-0.431960,1.595979,-1.726754,-1.416821,3.555901,0.490787,-0.125577,-0.445255,0.350169,0.407480,-0.151097,-0.059322,0.646980
8.447107,-0.353224,-1.786421,2.277659,-0.132909,-1.138020,-0.658691,0.593338,-0.347562,-0.604648,0.674610,0.416529,-0.559342,-0.376434,0.308463,-2.625465,-0.432421,1.596328,-1.726376,-1.416976,3.555844,0.491437,-0.123188,-0.449868,0.348623,0.399139,-0.152270,-0.059281,0.649510
8.448090,-0.357399,-1.782293,2.276318,-0.132093,-1.139215,-0.657679,0.594934,-0.322365,-0.591007,0.661395,0.472380,-0.553343,-0.374263,0.308223,-2.625588,-0.432873,1.596679,-1.725981,-1.417127,3.555779,0.492093,-0.122776,-0.449951,0.349582,0.397862,-0.153971,-0.060438,0.649573
8.449074,-0.360098,-1.779300,2.274586,-0.130742,-1.138406,-0.655882,0.594891,-0.299421,-0.571802,0.643279,0.530412,-0.547276,-0.372095,0.307982,-2.625707,-0.433319,1.597026,-1.725590,-1.417278,3.555716,0.492727,-0.121306,-0.450529,0.348513,0.394467,-0.152556,-0.061820,0.645101
8.450177,-0.358512,-1.785288,2.265655,-0.129742,-1.140717,-0.654844,0.594280,-0.278035,-0.549810,0.622855,0.588069,-0.541416,-0.369983,0.307715,-2.625825,-0.433769,1.597368,-1.725210,-1.417432,3.555645,0.493358,-0.120602,-0.450492,0.347730,0.390843,-0.153162,-0.063949,0.643997
8.451037,-0.354560,-1.788239,2.258614,-0.127312,-1.140516,-0.654999,0.593095,-0.255097,-0.529029,0.604047,0.644712,-0.535805,-0.367794,0.307419,-2.625950,-0.434208,1.597726,-1.724823,-1.417578,3.555577,0.494007,-0.122223,-0.446531,0.350671,0.388227,-0.150829,-0.065407,0.644095
8.452075,-0.356095,-1.792952,2.255484,-0.127017,-1.142232,-0.654620,0.595450,-0.225305,-0.515074,0.592024,0.700980,-0.530325,-0.365275,0.307101,-2.626079,-0.434639,1.598083,-1.724455,-1.417727,3.555515,0.494648,-0.124461,-0.443268,0.352027,0.382910,-0.150716,-0.065520,0.645046
8.453010,-0.358073,-1.794164,2.256490,-0.129955,-1.144640,-0.656024,0.592675,-0.183857,-0.512711,0.591367,0.757596,-0.524803,-0.362183,0.306757,-2.626204,-0.435074,1.598432,-1.724075,-1.417872,3.555446,0.495281,-0.124336,-0.439773,0.351971,0.380745,-0.148924,-0.066279,0.639109
8.453970,-0.361303,-1.792625,2.249330,-0.124569,-1.144464,-0.655957,0.593856,-0.130362,-0.524447,0.604372,0.811797,-0.519484,-0.358521,0.306397,-2.626325,-0.435503,1.598779,-1.723698,-1.418014,3.555385,0.495935,-0.123838,-0.437709,0.349598,0.381165,-0.146341,-0.065199,0.643383
8.455033,-0.365369,-1.791304,2.241762,-0.122690,-1.144522,-0.657101,0.593205,-0.068514,-0.548074,0.628813,0.861466,-0.514556,-0.354480,0.306056,-2.626444,-0.435942,1.599139,-1.723337,-1.418159,3.555316,0.496564,-0.122791,-0.437001,0.351289,0.373705,-0.146373,-0.065598,0.639695
8.456074,-0.374675,-1.786068,2.238625,-0.121968,-1.145147,-0.657627,0.595646,-0.005193,-0.575292,0.656486,0.908877,-0.509688,-0.350383,0.305748,-2.626563,-0.436383,1.599492,-1.722973,-1.418304,3.555253,0.497210,-0.121549,-0.436552,0.353486,0.370532,-0.146281,-0.064871,0.639858
8.456996,-0.375173,-1.777481,2.237301,-0.123420,-1.145590,-0.656716,0.593387,0.050105,-0.596787,0.677684,0.954370,-0.504815,-0.346744,0.305496,-2.626672,-0.436823,1.599846,-1.722616,-1.418450,3.555187,0.497839,-0.117737,-0.438012,0.353368,0.368481,-0.145584,-0.064750,0.633775
8.458089,-0.379413,-1.777323,2.231367,-0.121991,-1.145525,-0.655071,0.594170,0.091105,-0.607205,0.687580,0.995555,-0.500241,-0.343886,0.305326,-2.626791,-0.437272,1.600194,-1.722252,-1.418593,3.555118,0.498475,-0.118032,-0.440555,0.352140,0.367604,-0.144950,-0.065956,0.637063
8.459007,-0.382267,-1.774870,2.225391,-0.120518,-1.147521,-0.654688,0.595080,0.118520,-0.606246,0.687379,1.031553,-0.496138,-0.341697,0.305241,-2.626905,-0.437706,1.600550,-1.721891,-1.418738,3.555047,0.499108,-0.116811,-0.439690,0.353576,0.365108,-0.145036,-0.068016,0.634351
8.460002,-0.388899,-1.779247,2.224054,-0.122420,-1.147487,-0.652230,0.594444,0.135186,-0.595909,0.679563,1.063096,-0.492523,-0.340030,0.305206,-2.627017,-0.438147,1.600909,-1.721539,-1.418874,3.554980,0.499725,-0.115956,-0.439239,0.354533,0.361540,-0.142876,-0.068677,0.631273
8.461074,-0.393792,-1.777994,2.224482,-0.123628,-1.149503,-0.651088,0.593846,0.143818,-0.580100,0.667387,1.089763,-0.489538,-0.338838,0.305194,-2.627126,-0.438580,1.601258,-1.721181,-1.419015,3.554901,0.500360,-0.113403,-0.435735,0.353458,0.361810,-0.142858,-0.071441,0.631353
8.462056,-0.394192,-1.780480,2.222125,-0.125666,-1.150850,-0.648204,0.592145,0.147536,-0.564644,0.655961,1.108655,-0.487583,-0.338024,0.305214,-2.627234,-0.439012,1.601611,-1.720825,-1.419153,3.554826,0.500994,-0.111910,-0.435422,0.351671,0.361926,-0.140875,-0.072935,0.631432
8.463024,-0.400184,-1.777375,2.219523,-0.123133,-1.152580,-0.648987,0.591233,0.150057,-0.554404,0.650139,1.117682,-0.486938,-0.337327,0.305263,-2.627349,-0.439444,1.601958,-1.720462,-1.419287,3.554745,0.501630,-0.112400,-0.432840,0.351138,0.362091,-0.139508,-0.076091,0.633612
8.464126,-0.405308,-1.772196,2.213161,-0.121313,-1.153452,-0.650489,0.591080,0.154291,-0.550969,0.651771,1.118136,-0.487462,-0.336478,0.305318,-2.627455,-0.439874,1.602309,-1.720112,-1.419420,3.554671,0.502265,-0.110123,-0.433065,0.350633,0.357839,-0.137742,-0.075561,0.634161
8.465001,-0.408700,-1.767263,2.207966,-0.120195,-1.151747,-0.651616,0.589469,0.157404,-0.549523,0.655860,1.113375,-0.488744,-0.335565,0.305345,-2.627560,-0.440311,1.602666,-1.719759,-1.419555,3.554601,0.502889,-0.108610,-0.434761,0.352292,0.355221,-0.137002,-0.074471,0.633413
8.466048,-0.413829,-1.767293,2.205131,-0.122165,-1.154683,-0.652429,0.588248,0.154167,-0.543210,0.655234,1.106408,-0.490396,-0.334858,0.305317,-2.627665,-0.440752,1.603015,-1.719418,-1.419693,3.554527,0.503527,-0.107486,-0.435360,0.352864,0.351986,-0.138515,-0.073570,0.635265
8.467023,-0.419389,-1.759266,2.203339,-0.123784,-1.152867,-0.651198,0.587206,0.143250,-0.531003,0.648338,1.097638,-0.492360,-0.334518,0.305243,-2.627770,-0.441181,1.603367,-1.719065,-1.419824,3.554455,0.504170,-0.105843,-0.434304,0.352640,0.352807,-0.135628,-0.073124,0.636518
8.467989,-0.423972,-1.753246,2.204800,-0.126069,-1.155188,-0.651390,0.587334,0.124634,-0.514869,0.636592,1.084934,-0.494901,-0.334661,0.305162,-2.627869,-0.441627,1.603721,-1.718710,-1.419964,3.554377,0.504803,-0.103912,-0.436834,0.351707,0.352688,-0.137396,-0.074645,0.637355
8.469087,-0.429676,-1.756343,2.201266,-0.127822,-1.154178,-0.652210,0.586555,0.098289,-0.495456,0.621016,1.066747,-0.498173,-0.335300,0.305098,-2.627969,-0.442072,1.604062,-1.718352,-1.420094,3.554302,0.505434,-0.102437,-0.438295,0.349278,0.353099,-0.135023,-0.074722,0.635829
8.470070,-0.433163,-1.756917,2.195515,-0.128813,-1.152882,-0.651572,0.584418,0.066165,-0.475280,0.604196,1.042351,-0.502232,-0.336384,0.305059,-2.628066,-0.442502,1.604414,-1.718002,-1.420232,3.554229,0.506066,-0.100719,-0.435870,0.349568,0.354081,-0.136154,-0.074295,0.636331
8.470991,-0.439213,-1.760154,2.194795,-0.134678,-1.152524,-0.651773,0.583987,0.030780,-0.458320,0.588928,1.011629,-0.507079,-0.337907,0.305084,-2.628163,-0.442935,1.604765,-1.717651,-1.420373,3.554153,0.506709,-0.099865,-0.434253,0.350684,0.353458,-0.137363,-0.075237,0.639361
8.472082,-0.437708,-1.759505,2.193118,-0.134995,-1.152339,-0.651779,0.583094,-0.005915,-0.448040,0.577411,0.974390,-0.512690,-0.339846,0.305222,-2.628257,-0.443360,1.605110,-1.717290,-1.420509,3.554075,0.507350,-0.097627,-0.431149,0.349168,0.357105,-0.137585,-0.075258,0.638843
8.473068,-0.440595,-1.758170,2.193359,-0.136329,-1.152171,-0.654245,0.582154,-0.040163,-0.448311,0.573485,0.930530,-0.518984,-0.341984,0.305473,-2.628359,-0.443791,1.605458,-1.716933,-1.420648,3.554001,0.507981,-0.099480,-0.430613,0.348546,0.356403,-0.137833,-0.075640,0.639558
8.473995,-0.446202,-1.759196,2.194342,-0.137405,-1.148715,-0.655636,0.579855,-0.066683,-0.460985,0.580500,0.882961,-0.525507,-0.343924,0.305806,-2.628456,-0.444224,1.605797,-1.716571,-1.420785,3.553932,0.508634,-0.098899,-0.429963,0.346802,0.355913,-0.137948,-0.073483,0.640130
8.475021,-0.455503,-1.760633,2.197895,-0.142613,-1.148602,-0.657203,0.581347,-0.083208,-0.485428,0.598902,0.834798,-0.531776,-0.345522,0.306229,-2.628550,-0.444642,1.606137,-1.716223,-1.420936,3.553862,0.509281,-0.096894,-0.428065,0.344527,0.355060,-0.141170,-0.072386,0.643396
8.476055,-0.460551,-1.758817,2.192671,-0.143429,-1.150329,-0.657729,0.580972,-0.091978,-0.520840,0.627431,0.785072,-0.537824,-0.347042,0.306762,-2.628635,-0.445067,1.606470,-1.715856,-1.421078,3.553792,0.509908,-0.093347,-0.426285,0.341298,0.358650,-0.141204,-0.071178,0.639187
8.476948,-0.465341,-1.755229,2.192211,-0.145720,-1.151347,-0.657936,0.581092,-0.098514,-0.564208,0.662204,0.731217,-0.543955,-0.348869,0.307375,-2.628725,-0.445486,1.606817,-1.715499,-1.421212,3.553721,0.510543,-0.091934,-0.426255,0.342361,0.358031,-0.139505,-0.071019,0.638800
8.477982,-0.472275,-1.752481,2.186154,-0.143369,-1.150284,-0.657581,0.581533,-0.107600,-0.609875,0.697690,0.673785,-0.550189,-0.351184,0.308016,-2.628810,-0.445913,1.607155,-1.715143,-1.421350,3.553651,0.511175,-0.090379,-0.426437,0.340726,0.358004,-0.138305,-0.071071,0.637202
8.478996,-0.478828,-1.763363,2.186216,-0.146607,-1.151619,-0.657668,0.582970,-0.139576,-0.690641,0.756189,0.559889,-0.562018,-0.357165,0.309277,-2.628976,-0.446744,1.607833,-1.714442,-1.421627,3.553506,0.512441,-0.085913,-0.420391,0.340669,0.356322,-0.138000,-0.072026,0.631070
8.480008,-0.488035,-1.764385,2.185377,-0.147181,-1.154022,-0.657712,0.583614,-0.139576,-0.690641,0.756189,0.559889,-0.562018,-0.357165,0.309277,-2.628976,-0.446744,1.607833,-1.714442,-1.421627,3.553506,0.512441,-0.085913,-0.420391,0.340669,0.356322,-0.138000,-0.072026,0.631070
8.481084,-0.493056,-1.771017,2.183899,-0.150273,-1.152866,-0.656576,0.584746,-0.159294,-0.729850,0.782432,0.503633,-0.567906,-0.360739,0.309854,-2.629052,-0.447160,1.608168,-1.714086,-1.421757,3.553432,0.513059,-0.082503,-0.418905,0.339589,0.355340,-0.135640,-0.072307,0.628663
8.481998,-0.497083,-1.771219,2.184043,-0.146346,-1.151279,-0.655669,0.584753,-0.178898,-0.772848,0.810689,0.445740,-0.574237,-0.364588,0.310375,-2.629129,-0.447565,1.608508,-1.713720,-1.421894,3.553355,0.513683,-0.081329,-0.414950,0.338930,0.357180,-0.136903,-0.073812,0.625318
8.483084,-0.502936,-1.777458,2.181520,-0.151137,-1.148707,-0.656838,0.587778,-0.195010,-0.820343,0.842812,0.388413,-0.580792,-0.368365,0.310834,-2.629207,-0.447977,1.608840,-1.713378,-1.422035,3.553278,0.514300,-0.080295,-0.413525,0.337126,0.351322,-0.138299,-0.074945,0.624064
8.484104,-0.506419,-1.774874,2.176844,-0.155182,-1.148892,-0.658025,0.586566,-0.204130,-0.872600,0.880316,0.334645,-0.587173,-0.371722,0.311215,-2.629282,-0.448382,1.609170,-1.713015,-1.422179,3.553202,0.514906,-0.078726,-0.409790,0.337147,0.355030,-0.140894,-0.074128,0.616972
8.485093,-0.508454,-1.774364,2.179728,-0.161605,-1.146127,-0.659311,0.586211,-0.209480,-0.927369,0.920771,0.282542,-0.593563,-0.374731,0.311536,-2.629361,-0.448789,1.609509,-1.712655,-1.422319,3.553133,0.515533,-0.078183,-0.410252,0.337962,0.357530,-0.140644,-0.073300,0.618322
8.486060,-0.510852,-1.770414,2.180666,-0.161968,-1.146602,-0.658635,0.587490,-0.215067,-0.982009,0.961736,0.228607,-0.600284,-0.377509,0.311857,-2.629437,-0.449199,1.609839,-1.712283,-1.422466,3.553062,0.516151,-0.078325,-0.409462,0.334975,0.361915,-0.143291,-0.072337,0.617850
8.487042,-0.517212,-1.768157,2.181588,-0.162195,-1.147364,-0.658451,0.590184,-0.219023,-1.036159,1.004610,0.172998,-0.607127,-0.379873,0.312184,-2.629514,-0.449613,1.610167,-1.711923,-1.422609,3.552987,0.516760,-0.078225,-0.410284,0.332987,0.360299,-0.142645,-0.073318,0.614099
8.488035,-0.517355,-1.765459,2.171944,-0.165056,-1.147384,-0.656978,0.588758,-0.219059,-1.088249,1.049542,0.119116,-0.613489,-0.381676,0.312460,-2.629585,-0.450020,1.610493,-1.711568,-1.422751,3.552914,0.517361,-0.076216,-0.410387,0.331055,0.358818,-0.141779,-0.073804,0.607579
8.489104,-0.528782,-1.765080,2.173062,-0.163364,-1.147482,-0.656086,0.587988,-0.219163,-1.168497,1.127680,0.025559,-0.623482,-0.384275,0.312882,-2.629729,-0.450839,1.611158,-1.710849,-1.423032,3.552757,0.518586,-0.072997,-0.410204,0.332457,0.357052,-0.141610,-0.076802,0.609869
8.490090,-0.530202,-1.762677,2.167977,-0.164705,-1.145333,-0.656124,0.589589,-0.226064,-1.190778,1.153287,-0.012680,-0.627016,-0.385506,0.313092,-2.629802,-0.451252,1.611497,-1.710494,-1.423182,3.552683,0.519180,-0.073512,-0.410334,0.333419,0.356746,-0.143607,-0.077055,0.605550
8.491018,-0.532239,-1.767732,2.161851,-0.164784,-1.144894,-0.656410,0.588955,-0.226064,-1.190778,1.153287,-0.012680,-0.627016,-0.385506,0.313092,-2.629802,-0.451252,1.611497,-1.710494,-1.423182,3.552683,0.519180,-0.073512,-0.410334,0.333419,0.356746,-0.143607,-0.077055,0.605550
8.492002,-0.536578,-1.767766,2.160472,-0.165102,-1.145458,-0.656315,0.588467,-0.235771,-1.203288,1.171237,-0.043996,-0.629512,-0.386650,0.313283,-2.629876,-0.451654,1.611832,-1.710138,-1.423325,3.552604,0.519788,-0.073540,-0.406599,0.334772,0.354737,-0.143833,-0.076996,0.605659
8.493171,-0.543371,-1.770201,2.152111,-0.164920,-1.147225,-0.657342,0.588162,-0.244016,-1.210907,1.185575,-0.067889,-0.631051,-0.387521,0.313437,-2.629946,-0.452058,1.612161,-1.709786,-1.423469,3.552526,0.520393,-0.072570,-0.405623,0.333926,0.353435,-0.143136,-0.077379,0.605513
8.494089,-0.543481,-1.767602,2.151158,-0.169498,-1.144766,-0.658149,0.588081,-0.251339,-1.215104,1.196473,-0.085462,-0.631951,-0.388151,0.313545,-2.630013,-0.452465,1.612500,-1.709438,-1.423604,3.552452,0.520996,-0.070804,-0.404111,0.336992,0.353042,-0.141574,-0.076782,0.605258
8.495041,-0.547569,-1.762446,2.145561,-0.171526,-1.144520,-0.658830,0.587992,-0.260904,-1.215137,1.202096,-0.099209,-0.632653,-0.388652,0.313634,-2.630087,-0.452867,1.612835,-1.709079,-1.423753,3.552376,0.521604,-0.071812,-0.404219,0.335682,0.355407,-0.143809,-0.076219,0.604193
8.496006,-0.548694,-1.752352,2.140381,-0.171029,-1.144777,-0.659419,0.587377,-0.273290,-1.211191,1.202795,-0.111184,-0.633424,-0.388973,0.313762,-2.630155,-0.453281,1.613177,-1.708727,-1.423899,3.552305,0.522213,-0.070919,-0.405591,0.336771,0.355584,-0.143851,-0.075835,0.603195
8.496956,-0.554083,-1.749857,2.140677,-0.172209,-1.145564,-0.660169,0.587918,-0.311602,-1.178831,1.180763,-0.126464,-0.634498,-0.389069,0.314145,-2.630297,-0.454111,1.613850,-1.708033,-1.424181,3.552155,0.523413,-0.069958,-0.409443,0.335862,0.352915,-0.142532,-0.075050,0.601066
8.498188,-0.556763,-1.747335,2.134652,-0.173550,-1.145153,-0.660010,0.586257,-0.311602,-1.178831,1.180763,-0.126464,-0.634498,-0.389069,0.314145,-2.630297,-0.454111,1.613850,-1.708033,-1.424181,3.552155,0.523413,-0.069958,-0.409443,0.335862,0.352915,-0.142532,-0.075050,0.601066
8.499047,-0.556109,-1.742943,2.127750,-0.175144,-1.145553,-0.658938,0.586492,-0.336788,-1.149573,1.157966,-0.128936,-0.634498,-0.388964,0.314387,-2.630367,-0.454526,1.614193,-1.707677,-1.424325,3.552076,0.524017,-0.070371,-0.410572,0.337856,0.354294,-0.143166,-0.075684,0.603648
8.500090,-0.562952,-1.746052,2.121367,-0.172576,-1.145505,-0.658575,0.585067,-0.364520,-1.114421,1.129540,-0.129649,-0.634226,-0.388860,0.314694,-2.630440,-0.454944,1.614533,-1.707325,-1.424466,3.551997,0.524618,-0.071625,-0.411130,0.339355,0.353400,-0.142501,-0.076941,0.601869
8.501081,-0.569875,-1.744439,2.119810,-0.171257,-1.146967,-0.657349,0.582910,-0.392972,-1.075157,1.096721,-0.127859,-0.633548,-0.388776,0.315042,-2.630504,-0.455345,1.614879,-1.706981,-1.424610,3.551918,0.525220,-0.069582,-0.408840,0.340994,0.349788,-0.142504,-0.077613,0.603728
8.502069,-0.567743,-1.744447,2.110311,-0.167867,-1.148267,-0.656121,0.582130,-0.420716,-1.034136,1.060840,-0.122606,-0.632359,-0.388804,0.315394,-2.630568,-0.455758,1.615217,-1.706644,-1.424750,3.551837,0.525838,-0.067417,-0.408609,0.340151,0.347293,-0.140959,-0.079115,0.606895
8.503040,-0.573512,-1.745414,2.102746,-0.167499,-1.149845,-0.655646,0.581593,-0.445522,-0.993343,1.023659,-0.112604,-0.630572,-0.388841,0.315719,-2.630644,-0.456162,1.615565,-1.706311,-1.424886,3.551755,0.526452,-0.069684,-0.407636,0.343214,0.342759,-0.139618,-0.080600,0.607278
8.504088,-0.576526,-1.742654,2.100053,-0.162831,-1.149072,-0.656476,0.579473,-0.465181,-0.954025,0.986440,-0.096497,-0.628175,-0.388668,0.315979,-2.630706,-0.456567,1.615918,-1.705974,-1.425022,3.551673,0.527057,-0.068034,-0.406104,0.345170,0.341081,-0.137971,-0.081310,0.607211
8.504997,-0.575535,-1.739202,2.092111,-0.160940,-1.146391,-0.656349,0.577393,-0.479976,-0.916389,0.948980,-0.074217,-0.625330,-0.388229,0.316151,-2.630774,-0.456980,1.616258,-1.705649,-1.425161,3.551593,0.527674,-0.067921,-0.406666,0.345017,0.335856,-0.138788,-0.080787,0.610402
8.506088,-0.580852,-1.738709,2.094903,-0.158936,-1.146084,-0.657105,0.577409,-0.488859,-0.880259,0.911797,-0.044570,-0.622000,-0.387377,0.316214,-2.630846,-0.457386,1.616610,-1.705324,-1.425307,3.551511,0.528295,-0.069467,-0.407106,0.347047,0.332511,-0.141244,-0.081120,0.613280
8.506984,-0.577696,-1.731960,2.087355,-0.156660,-1.143280,-0.658521,0.577674,-0.489398,-0.846978,0.877256,-0.007081,-0.618169,-0.385924,0.316150,-2.630911,-0.457795,1.616947,-1.704998,-1.425447,3.551433,0.528901,-0.068277,-0.406722,0.344269,0.330265,-0.141587,-0.080717,0.612225
8.508010,-0.581057,-1.727397,2.085449,-0.155668,-1.141166,-0.658661,0.574528,-0.480223,-0.818188,0.847678,0.037145,-0.613940,-0.383831,0.315959,-2.630988,-0.458204,1.617297,-1.704677,-1.425595,3.551357,0.529510,-0.070838,-0.408735,0.346110,0.326519,-0.144126,-0.079517,0.610441
8.509061,-0.585501,-1.727764,2.079214,-0.153245,-1.137982,-0.659021,0.575372,-0.462236,-0.792540,0.822450,0.087631,-0.609271,-0.381171,0.315667,-2.631059,-0.458618,1.617645,-1.704357,-1.425744,3.551282,0.530131,-0.070429,-0.410073,0.345411,0.324977,-0.146114,-0.079719,0.615674
8.510052,-0.591841,-1.722772,2.075788,-0.153029,-1.136100,-0.658518,0.574651,-0.439015,-0.768004,0.799220,0.142627,-0.604220,-0.378227,0.315307,-2.631127,-0.459030,1.617992,-1.704039,-1.425895,3.551203,0.530741,-0.069575,-0.409067,0.347004,0.322216,-0.149205,-0.079680,0.612856
8.510977,-0.589140,-1.725884,2.071688,-0.150723,-1.135906,-0.656982,0.576327,-0.415697,-0.742875,0.775123,0.199163,-0.598969,-0.375423,0.314893,-2.631192,-0.459440,1.618339,-1.703715,-1.426049,3.551119,0.531361,-0.067685,-0.410560,0.346997,0.321127,-0.150859,-0.080438,0.613160
8.512078,-0.590898,-1.729757,2.062753,-0.147800,-1.135402,-0.653499,0.576853,-0.392973,-0.717943,0.750776,0.255570,-0.593546,-0.372859,0.314432,-2.631266,-0.459844,1.618683,-1.703407,-1.426199,3.551032,0.531954,-0.070121,-0.407743,0.347214,0.317841,-0.150778,-0.082167,0.608612
8.513059,-0.597397,-1.737204,2.060054,-0.142193,-1.133909,-0.652303,0.574924,-0.365576,-0.697752,0.731225,0.312172,-0.587775,-0.370246,0.313920,-2.631339,-0.460242,1.619037,-1.703098,-1.426352,3.550937,0.532555,-0.070655,-0.405375,0.350205,0.315161,-0.151229,-0.085939,0.606640
8.513974,-0.596308,-1.738439,2.052586,-0.139391,-1.135760,-0.651059,0.577209,-0.330535,-0.685359,0.719174,0.369660,-0.581484,-0.367441,0.313386,-2.631404,-0.460637,1.619388,-1.702802,-1.426506,3.550848,0.533174,-0.068641,-0.400747,0.349741,0.309249,-0.152498,-0.087320,0.609364
8.514966,-0.599447,-1.742120,2.046476,-0.135330,-1.134211,-0.652569,0.578062,-0.287215,-0.681863,0.715330,0.428564,-0.574594,-0.364409,0.312856,-2.631480,-0.461037,1.619740,-1.702504,-1.426649,3.550755,0.533758,-0.070228,-0.398955,0.351546,0.305665,-0.150407,-0.088699,0.603586
8.515995,-0.605888,-1.741326,2.044894,-0.130252,-1.131518,-0.653186,0.578382,-0.235807,-0.686668,0.719380,0.489172,-0.567137,-0.361069,0.312329,-2.631548,-0.461425,1.620099,-1.702214,-1.426803,3.550670,0.534353,-0.069885,-0.396350,0.352752,0.301535,-0.151779,-0.087405,0.600840
8.516996,-0.609016,-1.739591,2.037065,-0.126888,-1.131299,-0.652172,0.577905,-0.179294,-0.696739,0.728597,0.551216,-0.559236,-0.357505,0.311821,-2.631612,-0.461821,1.620451,-1.701924,-1.426960,3.550582,0.534937,-0.068034,-0.396064,0.351863,0.296654,-0.154289,-0.087053,0.599239
8.518083,-0.605754,-1.732169,2.026666,-0.125302,-1.130579,-0.652177,0.578982,-0.122548,-0.707336,0.738574,0.614107,-0.551084,-0.353910,0.311349,-2.631681,-0.462223,1.620808,-1.701638,-1.427116,3.550491,0.535535,-0.067757,-0.396045,0.354011,0.293385,-0.154267,-0.088298,0.599141
8.518989,-0.610334,-1.722994,2.025493,-0.123900,-1.129260,-0.651070,0.580569,-0.070967,-0.712370,0.743922,0.676795,-0.543016,-0.350398,0.310914,-2.631756,-0.462623,1.621175,-1.701352,-1.427274,3.550402,0.536120,-0.070783,-0.399270,0.357521,0.292518,-0.154869,-0.088571,0.596057
8.519983,-0.617349,-1.717099,2.019699,-0.123165,-1.123806,-0.651348,0.580226,-0.028560,-0.706584,0.740650,0.737804,-0.535416,-0.346979,0.310502,-2.631824,-0.463036,1.621526,-1.701063,-1.427434,3.550308,0.536702,-0.069530,-0.402469,0.356095,0.290482,-0.155800,-0.089814,0.591739
8.521027,-0.619971,-1.713095,2.015441,-0.118931,-1.122366,-0.650003,0.582391,0.000941,-0.686995,0.726400,0.794736,-0.528658,-0.343820,0.310113,-2.631888,-0.463438,1.621885,-1.700774,-1.427609,3.550218,0.537292,-0.067321,-0.404487,0.357172,0.289736,-0.160876,-0.089738,0.591418
8.521981,-0.622226,-1.712234,2.008059,-0.119076,-1.120054,-0.648753,0.582650,0.015485,-0.653232,0.700475,0.845936,-0.522922,-0.341145,0.309744,-2.631954,-0.463848,1.622245,-1.700499,-1.427776,3.550123,0.537860,-0.067415,-0.405668,0.357575,0.286120,-0.161998,-0.091324,0.586150
8.522974,-0.628513,-1.712302,2.003728,-0.117012,-1.115853,-0.646858,0.582933,0.018008,-0.608768,0.665997,0.891256,-0.518169,-0.338904,0.309393,-2.632020,-0.464252,1.622607,-1.700212,-1.427942,3.550028,0.538441,-0.067491,-0.404983,0.359304,0.286050,-0.163933,-0.092722,0.584608
8.524106,-0.632045,-1.716378,2.002475,-0.116449,-1.112828,-0.645431,0.584050,0.001400,-0.509656,0.589632,0.959416,-0.511794,-0.335355,0.308884,-2.632147,-0.465046,1.623326,-1.699653,-1.428293,3.549833,0.539596,-0.065504,-0.401729,0.358720,0.284785,-0.170500,-0.096490,0.579987
8.525060,-0.633218,-1.719414,1.995487,-0.113317,-1.110556,-0.645536,0.582784,0.001400,-0.509656,0.589632,0.959416,-0.511794,-0.335355,0.308884,-2.632147,-0.465046,1.623326,-1.699653,-1.428293,3.549833,0.539596,-0.065504,-0.401729,0.358720,0.284785,-0.170500,-0.096490,0.579987
8.525965,-0.639039,-1.716797,1.990589,-0.115260,-1.111399,-0.645952,0.583069,-0.008741,-0.467482,0.558565,0.980464,-0.510127,-0.333745,0.308708,-2.632214,-0.465437,1.623691,-1.699376,-1.428472,3.549733,0.540182,-0.066108,-0.399262,0.360235,0.281589,-0.172256,-0.096497,0.581483
8.527059,-0.637472,-1.713869,1.980560,-0.112699,-1.109782,-0.646060,0.580397,-0.016342,-0.434748,0.535824,0.993525,-0.509303,-0.332119,0.308546,-2.632276,-0.465838,1.624053,-1.699093,-1.428640,3.549637,0.540756,-0.064143,-0.399011,0.360359,0.282516,-0.170790,-0.096105,0.579608
8.528089,-0.646971,-1.707771,1.975689,-0.111081,-1.110074,-0.645902,0.581952,-0.024162,-0.408794,0.518131,0.999323,-0.509242,-0.330596,0.308408,-2.632344,-0.466240,1.624420,-1.698818,-1.428815,3.549540,0.541351,-0.065969,-0.399082,0.363172,0.279519,-0.171839,-0.096053,0.583639
8.528951,-0.654165,-1.699630,1.970768,-0.111607,-1.108176,-0.648544,0.579690,-0.035634,-0.384671,0.500570,1.000081,-0.509699,-0.329279,0.308301,-2.632399,-0.466640,1.624784,-1.698546,-1.428984,3.549446,0.541930,-0.062226,-0.400581,0.363253,0.277216,-0.170925,-0.096239,0.579082
8.529985,-0.654968,-1.693550,1.961762,-0.110962,-1.105355,-0.650217,0.577890,-0.056334,-0.356710,0.477201,0.996916,-0.510561,-0.328483,0.308209,-2.632453,-0.467048,1.625149,-1.698272,-1.429154,3.549357,0.542513,-0.059426,-0.402478,0.363037,0.276057,-0.172063,-0.093535,0.582143
8.531024,-0.656058,-1.688156,1.960286,-0.111976,-1.101756,-0.649459,0.577822,-0.089757,-0.321743,0.444667,0.990067,-0.511810,-0.328486,0.308150,-2.632516,-0.467456,1.625516,-1.697998,-1.429332,3.549268,0.543110,-0.060026,-0.403861,0.365217,0.274687,-0.174211,-0.091929,0.584303
8.532020,-0.661939,-1.683658,1.956748,-0.110221,-1.100335,-0.648994,0.577999,-0.132038,-0.281652,0.405726,0.981027,-0.513272,-0.329138,0.308128,-2.632578,-0.467859,1.625879,-1.697722,-1.429515,3.549169,0.543684,-0.060475,-0.404983,0.363625,0.274977,-0.177087,-0.092720,0.583065
8.533202,-0.670799,-1.682555,1.958230,-0.111467,-1.096884,-0.649797,0.577550,-0.176980,-0.240861,0.365807,0.970988,-0.514796,-0.330150,0.308099,-2.632632,-0.468263,1.626239,-1.697453,-1.429693,3.549076,0.544266,-0.058525,-0.405505,0.363059,0.272364,-0.177756,-0.093197,0.581301
8.534046,-0.670657,-1.679987,1.954911,-0.109708,-1.092949,-0.649538,0.575318,-0.222227,-0.202816,0.328128,0.959400,-0.516452,-0.331512,0.308030,-2.632681,-0.468663,1.626598,-1.697180,-1.429879,3.548984,0.544847,-0.055460,-0.404963,0.360335,0.273804,-0.180626,-0.092509,0.580976
8.534998,-0.671845,-1.682004,1.947719,-0.111026,-1.089493,-0.650519,0.575010,-0.265151,-0.171409,0.296170,0.945830,-0.518273,-0.333180,0.307933,-2.632739,-0.469066,1.626958,-1.696916,-1.430069,3.548886,0.545433,-0.056287,-0.404066,0.359364,0.270444,-0.183553,-0.092678,0.583910
8.536048,-0.674338,-1.682095,1.944405,-0.112433,-1.088901,-0.652149,0.575568,-0.300215,-0.150954,0.274403,0.932084,-0.519995,-0.334858,0.307817,-2.632796,-0.469464,1.627317,-1.696646,-1.430260,3.548800,0.546016,-0.056594,-0.401251,0.360575,0.270701,-0.186105,-0.091714,0.583037
8.537051,-0.677567,-1.680417,1.941962,-0.112424,-1.085370,-0.650514,0.574341,-0.325210,-0.143930,0.264704,0.918272,-0.521562,-0.336423,0.307667,-2.632851,-0.469856,1.627677,-1.696377,-1.430445,3.548712,0.546594,-0.056434,-0.399818,0.359975,0.271608,-0.185932,-0.090155,0.580558
8.538150,-0.679023,-1.679256,1.942589,-0.112171,-1.082564,-0.650844,0.572378,-0.341086,-0.150487,0.266768,0.902957,-0.523079,-0.337894,0.307492,-2.632905,-0.470255,1.628029,-1.696107,-1.430635,3.548616,0.547167,-0.055838,-0.399028,0.358952,0.270765,-0.188652,-0.091827,0.581684
8.539025,-0.684759,-1.677479,1.941393,-0.114774,-1.081756,-0.650776,0.572501,-0.347223,-0.169829,0.280677,0.886594,-0.524382,-0.339128,0.307324,-2.632961,-0.470648,1.628384,-1.695834,-1.430832,3.548528,0.547758,-0.056281,-0.398346,0.356552,0.270202,-0.190643,-0.091583,0.584277
8.540057,-0.692344,-1.677386,1.935196,-0.112198,-1.081418,-0.650637,0.572230,-0.343364,-0.201292,0.306547,0.869086,-0.525399,-0.340039,0.307192,-2.633012,-0.471040,1.628735,-1.695563,-1.431025,3.548437,0.548333,-0.054244,-0.397271,0.354677,0.271254,-0.190423,-0.091610,0.582495
8.541049,-0.697070,-1.673804,1.932074,-0.112999,-1.081486,-0.651095,0.571966,-0.334101,-0.241507,0.340435,0.849301,-0.526274,-0.340897,0.307120,-2.633058,-0.471434,1.629093,-1.695299,-1.431209,3.548342,0.548913,-0.051607,-0.395831,0.355561,0.268146,-0.190017,-0.091774,0.581677
8.542061,-0.703042,-1.671297,1.929821,-0.113667,-1.081313,-0.650128,0.570263,-0.325764,-0.284677,0.375813,0.827279,-0.527071,-0.342068,0.307135,-2.633108,-0.471827,1.629450,-1.695036,-1.431400,3.548251,0.549494,-0.050312,-0.396044,0.354791,0.268290,-0.189086,-0.091336,0.580796
8.543062,-0.706105,-1.675531,1.926639,-0.113743,-1.082315,-0.649563,0.571611,-0.321570,-0.327052,0.409194,0.802827,-0.527903,-0.343662,0.307262,-2.633153,-0.472225,1.629801,-1.694768,-1.431582,3.548156,0.550077,-0.048475,-0.395697,0.353707,0.268270,-0.188513,-0.092329,0.582833
8.544077,-0.708714,-1.679844,1.921212,-0.114412,-1.080812,-0.650159,0.571847,-0.320345,-0.369428,0.441842,0.775345,-0.528969,-0.345539,0.307505,-2.633200,-0.472606,1.630154,-1.694499,-1.431764,3.548062,0.550654,-0.048061,-0.392123,0.353053,0.267546,-0.186742,-0.092903,0.578694
8.545150,-0.716459,-1.683020,1.912915,-0.114292,-1.080467,-0.650622,0.573818,-0.317712,-0.415903,0.477876,0.745014,-0.530418,-0.347451,0.307835,-2.633248,-0.472990,1.630508,-1.694234,-1.431953,3.547973,0.551222,-0.047878,-0.388545,0.353542,0.267610,-0.187454,-0.092344,0.576909
8.546132,-0.718419,-1.687648,1.916449,-0.111943,-1.079766,-0.650935,0.572950,-0.313190,-0.467519,0.517687,0.711785,-0.532434,-0.349377,0.308222,-2.633289,-0.473371,1.630866,-1.693968,-1.432137,3.547879,0.551789,-0.045286,-0.385762,0.355545,0.267161,-0.187079,-0.091941,0.571656
8.546998,-0.715894,-1.693232,1.915003,-0.111280,-1.076598,-0.651642,0.573210,-0.306714,-0.523905,0.560873,0.676496,-0.535045,-0.351300,0.308636,-2.633335,-0.473746,1.631211,-1.693710,-1.432325,3.547785,0.552364,-0.045412,-0.382028,0.351531,0.264168,-0.186951,-0.091630,0.572055
8.548023,-0.715166,-1.689651,1.915606,-0.110489,-1.075830,-0.652019,0.574425,-0.289020,-0.590433,0.614738,0.642421,-0.537858,-0.352675,0.309033,-2.633386,-0.474113,1.631562,-1.693453,-1.432515,3.547695,0.552928,-0.047536,-0.377544,0.349786,0.262242,-0.189152,-0.090874,0.570052
8.549001,-0.720548,-1.685842,1.905075,-0.112176,-1.073386,-0.653076,0.575410,-0.251448,-0.670873,0.685576,0.612831,-0.540402,-0.352905,0.309370,-2.633438,-0.474494,1.631901,-1.693194,-1.432704,3.547605,0.553486,-0.048974,-0.378029,0.347440,0.261037,-0.189100,-0.090554,0.566319
8.550061,-0.724486,-1.683847,1.904098,-0.113427,-1.070323,-0.652227,0.574495,-0.148099,-0.839954,0.845942,0.564695,-0.544693,-0.350968,0.309866,-2.633527,-0.475246,1.632601,-1.692667,-1.433089,3.547423,0.554604,-0.046633,-0.378308,0.348846,0.262899,-0.192933,-0.090437,0.563631
8.551099,-0.730684,-1.683999,1.897115,-0.113326,-1.068722,-0.652894,0.574516,-0.148099,-0.839954,0.845942,0.564695,-0.544693,-0.350968,0.309866,-2.633527,-0.475246,1.632601,-1.692667,-1.433089,3.547423,0.554604,-0.046633,-0.378308,0.348846,0.262899,-0.192933,-0.090437,0.563631
8.552024,-0.735061,-1.678059,1.894142,-0.113839,-1.070746,-0.649806,0.576228,-0.104084,-0.912022,0.916531,0.541110,-0.546855,-0.349954,0.310103,-2.633568,-0.475615,1.632954,-1.692407,-1.433286,3.547333,0.555169,-0.044757,-0.377055,0.350190,0.262418,-0.193647,-0.089812,0.562270
8.552982,-0.738192,-1.673638,1.889688,-0.114209,-1.070269,-0.647593,0.576526,-0.071174,-0.971692,0.975648,0.516545,-0.549050,-0.349321,0.310340,-2.633609,-0.475995,1.633304,-1.692144,-1.433473,3.547235,0.555710,-0.043622,-0.378394,0.349295,0.261862,-0.190696,-0.092881,0.557498
8.554130,-0.744704,-1.667256,1.884418,-0.114689,-1.070242,-0.647108,0.577687,-0.050313,-1.017065,1.021777,0.491608,-0.551170,-0.349043,0.310577,-2.633651,-0.476378,1.633649,-1.691884,-1.433662,3.547133,0.556260,-0.043163,-0.379013,0.349294,0.261419,-0.190326,-0.095028,0.555618
8.555006,-0.745221,-1.669883,1.873087,-0.116277,-1.070753,-0.646877,0.577675,-0.042108,-1.046576,1.053831,0.466681,-0.553177,-0.349021,0.310849,-2.633689,-0.476761,1.634002,-1.691623,-1.433850,3.547037,0.556809,-0.041353,-0.381236,0.349981,0.262144,-0.189690,-0.095581,0.552145
8.555999,-0.749037,-1.669329,1.867903,-0.117726,-1.070881,-0.646099,0.578170,-0.047775,-1.060025,1.070823,0.441234,-0.555183,-0.349302,0.311184,-2.633732,-0.477136,1.634358,-1.691360,-1.434033,3.546940,0.557350,-0.042065,-0.378123,0.353134,0.262370,-0.188268,-0.095733,0.550833
8.557136,-0.754688,-1.669914,1.866907,-0.117543,-1.068666,-0.646398,0.578420,-0.064709,-1.061760,1.075734,0.414714,-0.557334,-0.349830,0.311587,-2.633773,-0.477509,1.634711,-1.691094,-1.434218,3.546844,0.557898,-0.041308,-0.377068,0.353434,0.263054,-0.187347,-0.096509,0.548559
8.558121,-0.755195,-1.668289,1.857506,-0.118667,-1.068688,-0.647447,0.578732,-0.088265,-1.057523,1.073690,0.386808,-0.559710,-0.350433,0.312055,-2.633810,-0.477885,1.635061,-1.690832,-1.434414,3.546749,0.558447,-0.039926,-0.375829,0.351972,0.263021,-0.188830,-0.096287,0.546921
8.559047,-0.757209,-1.664558,1.854677,-0.116988,-1.067698,-0.649983,0.579120,-0.115211,-1.050555,1.067951,0.357821,-0.562289,-0.350986,0.312565,-2.633852,-0.478262,1.635416,-1.690568,-1.434597,3.546658,0.558982,-0.040836,-0.375221,0.354405,0.263382,-0.187997,-0.095254,0.545064
8.560023,-0.756545,-1.662019,1.850528,-0.120178,-1.066314,-0.651290,0.576879,-0.143040,-1.041656,1.059697,0.329651,-0.564870,-0.351396,0.313059,-2.633894,-0.478638,1.635769,-1.690315,-1.434785,3.546569,0.559519,-0.040865,-0.375494,0.353387,0.260848,-0.188102,-0.092699,0.542992
8.561041,-0.755510,-1.650942,1.848662,-0.119292,-1.066275,-0.652526,0.576107,-0.168442,-1.032159,1.051021,0.303986,-0.567247,-0.351549,0.313510,-2.633937,-0.479015,1.636125,-1.690047,-1.434974,3.546480,0.560065,-0.042322,-0.375300,0.353130,0.263182,-0.188625,-0.091433,0.546242
8.561977,-0.755036,-1.645267,1.841452,-0.119903,-1.067414,-0.651677,0.577581,-0.188762,-1.022965,1.044007,0.281260,-0.569321,-0.351307,0.313932,-2.633984,-0.479404,1.636476,-1.689788,-1.435162,3.546392,0.560613,-0.043986,-0.379411,0.351870,0.261817,-0.187853,-0.090255,0.546504
8.563071,-0.757936,-1.637250,1.828164,-0.119314,-1.066710,-0.650725,0.577464,-0.203915,-1.011678,1.037584,0.262500,-0.570909,-0.350598,0.314304,-2.634030,-0.479780,1.636832,-1.689530,-1.435342,3.546299,0.561140,-0.045221,-0.380654,0.353078,0.261543,-0.185899,-0.091109,0.542268
8.564100,-0.761061,-1.631255,1.818514,-0.116728,-1.064418,-0.649049,0.574795,-0.218729,-0.993144,1.026283,0.248130,-0.571943,-0.349656,0.314605,-2.634076,-0.480169,1.637197,-1.689269,-1.435526,3.546207,0.561683,-0.045039,-0.383442,0.357559,0.260884,-0.185933,-0.092143,0.541373
8.564946,-0.762630,-1.630927,1.811215,-0.115837,-1.068832,-0.648467,0.574713,-0.240782,-0.961196,1.002456,0.238082,-0.572448,-0.348907,0.314877,-2.634120,-0.480555,1.637562,-1.689020,-1.435718,3.546113,0.562239,-0.044663,-0.385037,0.360025,0.258112,-0.187417,-0.093848,0.545489
8.566040,-0.767305,-1.627847,1.807517,-0.114253,-1.067958,-0.648398,0.575480,-0.271036,-0.916027,0.965246,0.232778,-0.572405,-0.348486,0.315151,-2.634163,-0.480936,1.637926,-1.688767,-1.435889,3.546018,0.562780,-0.044770,-0.383248,0.360963,0.255947,-0.182118,-0.094340,0.544215
8.566978,-0.766011,-1.624912,1.803188,-0.112540,-1.070257,-0.649110,0.574082,-0.304554,-0.864616,0.920889,0.231413,-0.571957,-0.348266,0.315404,-2.634205,-0.481322,1.638284,-1.688515,-1.436072,3.545924,0.563319,-0.043749,-0.383609,0.360679,0.254511,-0.182377,-0.094469,0.541519
8.567969,-0.767916,-1.631828,1.796122,-0.110615,-1.071875,-0.648066,0.570071,-0.336122,-0.813311,0.875793,0.233165,-0.571230,-0.348017,0.315628,-2.634254,-0.481704,1.638644,-1.688270,-1.436246,3.545832,0.563871,-0.045403,-0.383446,0.360385,0.252242,-0.179300,-0.093739,0.543014
8.569060,-0.769644,-1.631328,1.790741,-0.110863,-1.073221,-0.650737,0.570021,-0.359635,-0.768555,0.836479,0.238207,-0.570269,-0.347428,0.315839,-2.634298,-0.482076,1.639007,-1.688022,-1.436417,3.545733,0.564426,-0.045557,-0.378585,0.361549,0.249962,-0.177029,-0.094778,0.549786
8.570028,-0.773260,-1.625823,1.789571,-0.109690,-1.072191,-0.651157,0.570293,-0.371809,-0.736003,0.807514,0.245487,-0.569296,-0.346385,0.316018,-2.634345,-0.482451,1.639373,-1.687770,-1.436587,3.545646,0.564977,-0.045947,-0.377809,0.362007,0.250369,-0.175145,-0.092175,0.548612
8.570980,-0.773674,-1.623511,1.788774,-0.108535,-1.070830,-0.652204,0.568626,-0.374621,-0.715600,0.788444,0.253364,-0.568521,-0.344988,0.316124,-2.634388,-0.482835,1.639734,-1.687525,-1.436760,3.545559,0.565515,-0.045234,-0.379009,0.360155,0.248777,-0.175486,-0.091809,0.546803
8.572009,-0.773452,-1.622184,1.778687,-0.107459,-1.071117,-0.653575,0.567127,-0.369118,-0.705189,0.778344,0.262148,-0.567829,-0.343231,0.316174,-2.634435,-0.483217,1.640085,-1.687279,-1.436938,3.545469,0.566071,-0.046061,-0.378555,0.358230,0.247106,-0.176084,-0.090765,0.548828
8.572975,-0.768966,-1.619064,1.767680,-0.107460,-1.073119,-0.654428,0.568136,-0.354904,-0.703574,0.776935,0.273109,-0.566971,-0.341120,0.316215,-2.634484,-0.483593,1.640455,-1.687035,-1.437109,3.545384,0.566626,-0.047316,-0.377942,0.360923,0.246006,-0.175156,-0.089473,0.550552
8.573972,-0.775993,-1.616219,1.766418,-0.110381,-1.072440,-0.654746,0.565453,-0.311316,-0.715095,0.787655,0.301675,-0.564447,-0.336661,0.316327,-2.634581,-0.484349,1.641181,-1.686539,-1.437451,3.545206,0.567728,-0.048111,-0.378032,0.362199,0.248166,-0.172507,-0.088379,0.551328
8.575090,-0.781073,-1.610530,1.764652,-0.107703,-1.075431,-0.654638,0.566263,-0.311316,-0.715095,0.787655,0.301675,-0.564447,-0.336661,0.316327,-2.634581,-0.484349,1.641181,-1.686539,-1.437451,3.545206,0.567728,-0.048111,-0.378032,0.362199,0.248166,-0.172507,-0.088379,0.551328
8.576019,-0.783145,-1.609931,1.755119,-0.110301,-1.079029,-0.654216,0.567625,-0.291067,-0.723283,0.793875,0.314262,-0.563149,-0.334903,0.316482,-2.634626,-0.484731,1.641541,-1.686299,-1.437615,3.545120,0.568281,-0.046914,-0.379817,0.360980,0.246033,-0.169020,-0.088615,0.548461
8.576994,-0.791077,-1.608440,1.748476,-0.108233,-1.078551,-0.653114,0.564927,-0.276998,-0.730216,0.797520,0.323235,-0.561996,-0.333734,0.316705,-2.634673,-0.485111,1.641906,-1.686048,-1.437771,3.545031,0.568814,-0.046879,-0.378446,0.363253,0.247888,-0.164840,-0.089044,0.544450
8.578262,-0.796139,-1.610021,1.745893,-0.103171,-1.079660,-0.652484,0.565367,-0.271734,-0.734369,0.796317,0.328166,-0.561050,-0.333268,0.316972,-2.634712,-0.485483,1.642275,-1.685809,-1.437937,3.544941,0.569371,-0.044042,-0.377803,0.364065,0.245560,-0.164737,-0.090173,0.548599
8.578967,-0.798507,-1.612021,1.740467,-0.104940,-1.079707,-0.652644,0.565996,-0.275263,-0.735316,0.789604,0.330571,-0.560130,-0.333495,0.317277,-2.634754,-0.485857,1.642642,-1.685572,-1.438097,3.544849,0.569910,-0.043134,-0.376507,0.363459,0.241987,-0.163360,-0.090978,0.546673
8.579993,-0.799629,-1.611984,1.730874,-0.101910,-1.082815,-0.652424,0.566578,-0.282491,-0.736288,0.781338,0.332673,-0.558967,-0.334122,0.317580,-2.634797,-0.486225,1.643004,-1.685330,-1.438259,3.544760,0.570447,-0.042620,-0.373283,0.363227,0.241980,-0.162441,-0.090680,0.543911
8.580980,-0.800275,-1.616397,1.724643,-0.099817,-1.081451,-0.653935,0.566329,-0.288762,-0.741030,0.775675,0.335059,-0.557567,-0.334858,0.317850,-2.634841,-0.486591,1.643374,-1.685099,-1.438410,3.544668,0.570977,-0.043256,-0.372153,0.365645,0.239175,-0.158885,-0.090947,0.541576
8.582035,-0.805868,-1.613850,1.720717,-0.098713,-1.083179,-0.655498,0.564304,-0.291459,-0.750477,0.773950,0.338978,-0.555901,-0.335493,0.318091,-2.634886,-0.486956,1.643735,-1.684866,-1.438568,3.544583,0.571518,-0.044040,-0.368644,0.366368,0.237079,-0.159751,-0.089478,0.540840
8.583003,-0.808693,-1.614205,1.716232,-0.099342,-1.084901,-0.657812,0.566988,-0.289574,-0.764569,0.776509,0.344980,-0.554009,-0.335944,0.318321,-2.634926,-0.487321,1.644100,-1.684632,-1.438722,3.544500,0.572067,-0.042509,-0.368889,0.366038,0.236375,-0.157575,-0.088024,0.543703
8.584023,-0.808958,-1.612921,1.713639,-0.095135,-1.084273,-0.659133,0.566015,-0.285677,-0.781784,0.781987,0.351055,-0.552221,-0.336355,0.318525,-2.634966,-0.487685,1.644467,-1.684393,-1.438871,3.544420,0.572592,-0.042232,-0.367363,0.365806,0.236745,-0.155385,-0.085779,0.537033
8.584989,-0.818604,-1.611224,1.710502,-0.094900,-1.083186,-0.657336,0.564520,-0.279807,-0.801398,0.790525,0.356637,-0.550643,-0.336753,0.318676,-2.635012,-0.488051,1.644826,-1.684167,-1.439024,3.544337,0.573131,-0.043272,-0.366832,0.364804,0.232846,-0.155591,-0.084556,0.537837
8.586019,-0.823259,-1.609759,1.708317,-0.094469,-1.085223,-0.657225,0.564014,-0.270979,-0.822470,0.802256,0.362874,-0.549111,-0.337114,0.318796,-2.635043,-0.488411,1.645188,-1.683936,-1.439180,3.544245,0.573680,-0.039635,-0.366399,0.363950,0.232565,-0.156144,-0.086390,0.539533
8.586958,-0.824018,-1.606744,1.700327,-0.091703,-1.086647,-0.655779,0.564495,-0.263188,-0.842271,0.814228,0.368228,-0.547786,-0.337654,0.318904,-2.635080,-0.488775,1.645546,-1.683705,-1.439329,3.544158,0.574210,-0.038612,-0.365999,0.362793,0.232440,-0.153682,-0.086554,0.539357
8.588066,-0.834968,-1.604022,1.699349,-0.090347,-1.085729,-0.656194,0.564536,-0.258665,-0.858908,0.824518,0.371789,-0.546796,-0.338415,0.318976,-2.635120,-0.489140,1.645915,-1.683480,-1.439473,3.544066,0.574743,-0.039340,-0.366086,0.364242,0.229542,-0.151818,-0.088002,0.537111
8.589088,-0.840873,-1.596602,1.691933,-0.091703,-1.086358,-0.659074,0.564102,-0.258208,-0.870147,0.831312,0.374589,-0.546044,-0.339314,0.319015,-2.635146,-0.489509,1.646279,-1.683255,-1.439628,3.543983,0.575271,-0.035353,-0.366507,0.362542,0.229089,-0.152385,-0.087710,0.535949
8.589983,-0.847754,-1.597387,1.687428,-0.091467,-1.087090,-0.659029,0.567647,-0.267570,-0.871900,0.829890,0.375038,-0.545721,-0.340578,0.319081,-2.635177,-0.489887,1.646641,-1.683019,-1.439775,3.543905,0.575815,-0.033760,-0.368914,0.363962,0.230590,-0.151351,-0.084923,0.535594
8.590966,-0.849218,-1.597239,1.679004,-0.090879,-1.087434,-0.659008,0.566731,-0.291500,-0.862053,0.817041,0.370676,-0.546105,-0.342438,0.319189,-2.635203,-0.490248,1.647004,-1.682793,-1.439923,3.543820,0.576323,-0.031486,-0.366948,0.363614,0.229990,-0.150084,-0.085002,0.527215
8.592092,-0.855205,-1.595228,1.676188,-0.087985,-1.086009,-0.658733,0.565086,-0.327028,-0.844034,0.795559,0.361508,-0.547178,-0.344754,0.319311,-2.635235,-0.490614,1.647376,-1.682565,-1.440074,3.543733,0.576844,-0.032043,-0.365735,0.365338,0.229486,-0.149275,-0.085069,0.527962
8.592966,-0.861001,-1.588372,1.678384,-0.087606,-1.085966,-0.659238,0.565869,-0.368034,-0.821974,0.769902,0.349726,-0.548658,-0.347178,0.319471,-2.635262,-0.490984,1.647737,-1.682341,-1.440224,3.543645,0.577381,-0.030581,-0.365852,0.364621,0.227584,-0.150408,-0.085466,0.530162
8.594031,-0.862198,-1.588181,1.673013,-0.087000,-1.085893,-0.660642,0.568308,-0.410194,-0.797556,0.742925,0.337519,-0.550216,-0.349412,0.319685,-2.635287,-0.491350,1.648093,-1.682118,-1.440375,3.543562,0.577900,-0.028843,-0.367654,0.360956,0.226818,-0.149856,-0.084959,0.527273
8.594968,-0.867699,-1.582615,1.667767,-0.089662,-1.084141,-0.662343,0.567245,-0.450065,-0.772905,0.717614,0.325663,-0.551685,-0.351257,0.319898,-2.635316,-0.491716,1.648451,-1.681893,-1.440523,3.543479,0.578403,-0.029696,-0.366677,0.361506,0.226833,-0.149578,-0.083662,0.521334
8.596002,-0.868759,-1.581232,1.665859,-0.086487,-1.084386,-0.662231,0.563895,-0.487331,-0.749336,0.694674,0.313240,-0.553173,-0.352760,0.320104,-2.635342,-0.492082,1.648815,-1.681660,-1.440678,3.543400,0.578927,-0.028185,-0.368031,0.361614,0.229239,-0.150784,-0.082022,0.522302
8.597125,-0.873981,-1.577494,1.664754,-0.086535,-1.083643,-0.661764,0.566097,-0.522700,-0.726992,0.673428,0.299816,-0.554770,-0.354043,0.320366,-2.635370,-0.492447,1.649178,-1.681436,-1.440826,3.543316,0.579458,-0.029059,-0.367573,0.360248,0.226504,-0.150139,-0.082248,0.527877
8.597993,-0.873753,-1.569726,1.655366,-0.087258,-1.084682,-0.662245,0.566361,-0.553373,-0.707426,0.655593,0.286839,-0.556304,-0.355009,0.320676,-2.635395,-0.492820,1.649535,-1.681207,-1.440977,3.543234,0.579974,-0.028009,-0.368510,0.358755,0.227431,-0.150577,-0.082869,0.522335
8.599000,-0.880881,-1.569444,1.648504,-0.083570,-1.083823,-0.662248,0.563189,-0.579459,-0.689889,0.640384,0.274895,-0.557716,-0.355662,0.320964,-2.635424,-0.493192,1.649899,-1.680979,-1.441126,3.543153,0.580488,-0.029238,-0.370674,0.360832,0.227590,-0.148940,-0.082391,0.520590
8.600025,-0.885342,-1.567458,1.640049,-0.082289,-1.084391,-0.661235,0.562737,-0.604847,-0.670719,0.623295,0.264549,-0.559003,-0.356244,0.321226,-2.635447,-0.493563,1.650257,-1.680760,-1.441275,3.543066,0.581025,-0.027052,-0.369486,0.361960,0.224320,-0.149398,-0.082454,0.525786
8.601047,-0.885588,-1.561010,1.634887,-0.079497,-1.086551,-0.661630,0.561719,-0.632307,-0.648067,0.601102,0.256864,-0.560094,-0.357020,0.321475,-2.635471,-0.493927,1.650625,-1.680536,-1.441423,3.542981,0.581552,-0.026257,-0.369344,0.363810,0.223495,-0.148426,-0.083559,0.525475
8.602125,-0.895437,-1.556209,1.634495,-0.075933,-1.084220,-0.661962,0.561941,-0.661828,-0.621891,0.573469,0.252526,-0.560913,-0.357994,0.321662,-2.635500,-0.494305,1.650992,-1.680324,-1.441565,3.542900,0.582075,-0.027504,-0.371266,0.364003,0.221385,-0.145904,-0.083251,0.526370
8.603009,-0.894455,-1.555424,1.629619,-0.076991,-1.082859,-0.663906,0.560165,-0.691599,-0.592365,0.541648,0.252511,-0.561302,-0.358991,0.321762,-2.635517,-0.494683,1.651349,-1.680110,-1.441715,3.542816,0.582601,-0.024129,-0.372506,0.362034,0.218785,-0.147923,-0.083037,0.524794
8.604004,-0.898806,-1.550636,1.619706,-0.074206,-1.083280,-0.664785,0.561863,-0.719515,-0.561982,0.508575,0.256439,-0.561255,-0.359932,0.321810,-2.635545,-0.495050,1.651709,-1.679890,-1.441866,3.542740,0.583135,-0.025815,-0.371251,0.361919,0.219606,-0.148702,-0.081126,0.527064
8.605049,-0.898360,-1.546228,1.618984,-0.073337,-1.081657,-0.663656,0.560300,-0.744135,-0.533558,0.476703,0.263243,-0.560900,-0.360801,0.321811,-2.635568,-0.495426,1.652075,-1.679678,-1.442012,3.542659,0.583645,-0.024994,-0.372289,0.364495,0.217320,-0.147860,-0.080347,0.522477
8.606055,-0.903268,-1.544746,1.616260,-0.071369,-1.079222,-0.662452,0.558766,-0.764920,-0.507042,0.446302,0.273105,-0.560202,-0.361524,0.321735,-2.635600,-0.495798,1.652434,-1.679458,-1.442161,3.542577,0.584174,-0.026609,-0.373314,0.362569,0.217117,-0.149116,-0.081606,0.524517
8.606975,-0.902879,-1.545282,1.612276,-0.066970,-1.078658,-0.661137,0.557810,-0.779041,-0.484125,0.420122,0.286193,-0.559044,-0.361886,0.321593,-2.635622,-0.496170,1.652797,-1.679246,-1.442317,3.542493,0.584701,-0.025538,-0.372737,0.361582,0.215753,-0.151066,-0.082884,0.526408
8.608171,-0.900815,-1.547076,1.607309,-0.063650,-1.078740,-0.662452,0.557025,-0.782191,-0.468482,0.402413,0.303062,-0.557257,-0.361682,0.321412,-2.635652,-0.496539,1.653154,-1.679044,-1.442469,3.542406,0.585239,-0.026940,-0.370913,0.361127,0.211671,-0.151067,-0.084208,0.527004
8.609011,-0.906081,-1.545644,1.601512,-0.064411,-1.078478,-0.661907,0.558183,-0.769755,-0.463390,0.396760,0.325371,-0.554587,-0.360713,0.321189,-2.635686,-0.496903,1.653514,-1.678841,-1.442620,3.542328,0.585762,-0.029569,-0.369407,0.361675,0.210298,-0.150743,-0.083095,0.527587
8.610023,-0.909756,-1.545314,1.600113,-0.061520,-1.076783,-0.661430,0.554630,-0.742013,-0.469705,0.403517,0.351988,-0.551152,-0.359038,0.320923,-2.635712,-0.497270,1.653878,-1.678632,-1.442766,3.542244,0.586271,-0.027989,-0.368367,0.361865,0.210798,-0.150430,-0.083632,0.523964
8.611010,-0.911314,-1.541312,1.597435,-0.058691,-1.076811,-0.662711,0.555179,-0.704935,-0.485216,0.419267,0.379344,-0.547373,-0.357023,0.320662,-2.635737,-0.497640,1.654233,-1.678426,-1.442920,3.542158,0.586818,-0.027545,-0.367274,0.360299,0.208670,-0.151676,-0.084177,0.529914
8.611973,-0.908370,-1.541083,1.590115,-0.057092,-1.077994,-0.663105,0.555334,-0.661478,-0.507575,0.441884,0.406469,-0.543364,-0.354826,0.320436,-2.635767,-0.498005,1.654591,-1.678224,-1.443070,3.542079,0.587348,-0.028059,-0.368010,0.359306,0.206594,-0.151173,-0.082974,0.527527
8.613048,-0.911435,-1.538839,1.586671,-0.056021,-1.078709,-0.661107,0.555498,-0.611367,-0.534957,0.470707,0.434332,-0.539074,-0.352379,0.320210,-2.635803,-0.498371,1.654949,-1.678022,-1.443217,3.541995,0.587868,-0.030736,-0.366746,0.360610,0.205595,-0.149526,-0.082639,0.526031
8.613983,-0.918474,-1.537232,1.579014,-0.054719,-1.077911,-0.660703,0.553844,-0.555434,-0.565954,0.504690,0.462406,-0.534692,-0.349650,0.319960,-2.635833,-0.498732,1.655310,-1.677821,-1.443361,3.541906,0.588394,-0.030607,-0.366921,0.360113,0.205803,-0.148517,-0.084744,0.524591
8.614985,-0.916607,-1.532261,1.577632,-0.050906,-1.080491,-0.658533,0.554545,-0.499253,-0.597352,0.539758,0.488211,-0.530622,-0.346878,0.319725,-2.635858,-0.499095,1.655677,-1.677620,-1.443513,3.541819,0.588914,-0.028329,-0.366299,0.361407,0.204972,-0.148803,-0.085148,0.526719
8.616051,-0.919537,-1.529101,1.574174,-0.046082,-1.081104,-0.658130,0.556766,-0.447248,-0.625539,0.572066,0.510967,-0.527015,-0.344224,0.319520,-2.635893,-0.499465,1.656029,-1.677423,-1.443653,3.541726,0.589444,-0.030550,-0.367514,0.359842,0.202067,-0.145852,-0.087354,0.524075
8.616989,-0.921667,-1.535900,1.566957,-0.045430,-1.083139,-0.658328,0.556264,-0.396565,-0.649681,0.602531,0.533318,-0.523568,-0.341389,0.319320,-2.635923,-0.499831,1.656386,-1.677233,-1.443795,3.541639,0.589953,-0.030489,-0.368044,0.359407,0.198716,-0.144968,-0.087834,0.518550
8.617982,-0.925963,-1.534922,1.565750,-0.041019,-1.081930,-0.658893,0.556784,-0.344680,-0.671709,0.633248,0.556032,-0.520210,-0.338245,0.319152,-2.635954,-0.500186,1.656742,-1.677036,-1.443928,3.541552,0.590465,-0.030617,-0.363282,0.360624,0.198685,-0.142578,-0.087645,0.518428
8.619082,-0.929059,-1.537279,1.562970,-0.037806,-1.082260,-0.658846,0.558471,-0.291563,-0.695215,0.666009,0.577184,-0.517190,-0.334976,0.319062,-2.635984,-0.500544,1.657098,-1.676845,-1.444072,3.541461,0.590980,-0.029755,-0.362636,0.358897,0.195293,-0.143435,-0.087105,0.516223
8.619986,-0.927900,-1.537746,1.561079,-0.033800,-1.083673,-0.656422,0.558079,-0.236673,-0.722023,0.702134,0.596245,-0.514513,-0.331652,0.319013,-2.636015,-0.500903,1.657459,-1.676657,-1.444213,3.541376,0.591485,-0.029685,-0.360592,0.358149,0.193796,-0.142848,-0.087281,0.511826
8.621052,-0.931432,-1.533804,1.557875,-0.030036,-1.083117,-0.655719,0.559260,-0.177617,-0.753357,0.743510,0.614128,-0.512015,-0.328130,0.318946,-2.636050,-0.501259,1.657812,-1.676471,-1.444352,3.541278,0.591988,-0.031366,-0.358925,0.356646,0.190434,-0.140985,-0.089664,0.511470
8.622106,-0.933553,-1.529816,1.550790,-0.028146,-1.085499,-0.654574,0.559718,-0.112633,-0.788978,0.790794,0.632187,-0.509523,-0.324234,0.318875,-2.636080,-0.501619,1.658169,-1.676290,-1.444494,3.541189,0.592490,-0.031002,-0.359954,0.356087,0.188359,-0.141267,-0.090426,0.508053
8.622987,-0.939205,-1.524159,1.542066,-0.024809,-1.085754,-0.653155,0.562795,-0.046648,-0.823516,0.838759,0.650398,-0.507042,-0.320128,0.318828,-2.636111,-0.501981,1.658527,-1.676102,-1.444626,3.541095,0.592987,-0.031332,-0.360917,0.357454,0.187965,-0.138662,-0.091622,0.506138
8.623964,-0.940327,-1.517697,1.538652,-0.020186,-1.086817,-0.652173,0.561081,0.011188,-0.849423,0.878928,0.667448,-0.504750,-0.316266,0.318790,-2.636138,-0.502346,1.658892,-1.675922,-1.444765,3.540997,0.593476,-0.029631,-0.362138,0.359190,0.185261,-0.137968,-0.092963,0.498787
8.625047,-0.942837,-1.512562,1.537117,-0.016645,-1.087269,-0.649558,0.559358,0.055864,-0.861646,0.905991,0.683803,-0.502596,-0.312921,0.318740,-2.636171,-0.502710,1.659252,-1.675747,-1.444899,3.540904,0.593976,-0.030334,-0.364079,0.358486,0.181975,-0.136586,-0.093941,0.501213
8.626041,-0.946515,-1.510213,1.526138,-0.016054,-1.088612,-0.646130,0.561356,0.089758,-0.860421,0.921300,0.701129,-0.500344,-0.309940,0.318690,-2.636202,-0.503081,1.659604,-1.675572,-1.445033,3.540800,0.594485,-0.030510,-0.365597,0.357174,0.180374,-0.135953,-0.096574,0.503626
8.626975,-0.947480,-1.503259,1.520049,-0.014346,-1.088490,-0.645839,0.562728,0.114747,-0.848221,0.927344,0.718684,-0.498079,-0.307199,0.318634,-2.636230,-0.503443,1.659970,-1.675396,-1.445163,3.540698,0.594976,-0.029768,-0.365133,0.360038,0.180547,-0.134211,-0.099879,0.498302
8.628056,-0.952692,-1.502646,1.514665,-0.013745,-1.087154,-0.646051,0.563491,0.129135,-0.826289,0.923959,0.734416,-0.496066,-0.304809,0.318536,-2.636260,-0.503815,1.660335,-1.675218,-1.445297,3.540597,0.595457,-0.030106,-0.366361,0.360061,0.178648,-0.133738,-0.099897,0.494132
8.628981,-0.955198,-1.495472,1.513112,-0.010649,-1.084726,-0.645138,0.561377,0.133381,-0.797093,0.912617,0.747373,-0.494402,-0.302839,0.318400,-2.636286,-0.504181,1.660694,-1.675037,-1.445435,3.540495,0.595945,-0.028519,-0.364790,0.360054,0.178427,-0.134550,-0.099493,0.491235
8.630047,-0.957943,-1.495193,1.505801,-0.009285,-1.085738,-0.645010,0.562994,0.130534,-0.764553,0.896959,0.757609,-0.493023,-0.301236,0.318267,-2.636314,-0.504548,1.661052,-1.674868,-1.445575,3.540396,0.596444,-0.028098,-0.366178,0.357887,0.175293,-0.136310,-0.100183,0.494006
8.631097,-0.962071,-1.492399,1.500471,-0.007074,-1.086602,-0.644588,0.563513,0.124140,-0.731732,0.880224,0.766207,-0.491768,-0.299869,0.318134,-2.636341,-0.504911,1.661408,-1.674693,-1.445703,3.540296,0.596917,-0.027733,-0.364438,0.358885,0.174428,-0.134815,-0.100122,0.489365
8.632016,-0.961581,-1.489075,1.491577,-0.007212,-1.083077,-0.644574,0.562591,0.115567,-0.700640,0.863795,0.773411,-0.490647,-0.298744,0.317980,-2.636364,-0.505273,1.661767,-1.674523,-1.445835,3.540197,0.597398,-0.026688,-0.363965,0.358785,0.172715,-0.133454,-0.100369,0.486973
8.633003,-0.962726,-1.481635,1.484546,-0.007009,-1.084059,-0.644693,0.563439,0.104698,-0.672201,0.847795,0.778873,-0.489758,-0.297934,0.317832,-2.636393,-0.505634,1.662134,-1.674355,-1.445975,3.540096,0.597881,-0.027755,-0.363460,0.360212,0.172862,-0.136338,-0.100135,0.487396
8.634070,-0.964245,-1.479663,1.483051,-0.004722,-1.083247,-0.643377,0.562394,0.091427,-0.645728,0.831679,0.782774,-0.489097,-0.297436,0.317725,-2.636422,-0.506005,1.662493,-1.674182,-1.446106,3.539992,0.598362,-0.028063,-0.365067,0.360878,0.172818,-0.134778,-0.099776,0.484257
8.635075,-0.968469,-1.474866,1.480269,-0.004351,-1.081435,-0.642720,0.560470,0.077099,-0.621349,0.816204,0.785541,-0.488620,-0.297170,0.317654,-2.636449,-0.506368,1.662850,-1.674017,-1.446243,3.539885,0.598849,-0.028311,-0.364186,0.358902,0.171210,-0.135067,-0.100883,0.484995
8.636007,-0.968957,-1.469024,1.470312,-0.005407,-1.081174,-0.642289,0.560025,0.064813,-0.601542,0.804337,0.787479,-0.488253,-0.297015,0.317618,-2.636474,-0.506735,1.663201,-1.673845,-1.446381,3.539779,0.599336,-0.027143,-0.364563,0.357578,0.171138,-0.136301,-0.101293,0.487439
8.637048,-0.972882,-1.464477,1.462915,-0.003598,-1.079895,-0.639830,0.560857,0.053713,-0.586237,0.795741,0.787764,-0.488061,-0.297044,0.317632,-2.636504,-0.507100,1.663568,-1.673670,-1.446518,3.539672,0.599826,-0.027715,-0.365291,0.359572,0.172068,-0.135894,-0.101445,0.486825
8.638047,-0.974753,-1.463023,1.460077,-0.002957,-1.078983,-0.639719,0.559883,0.039735,-0.571951,0.786393,0.785746,-0.488135,-0.297425,0.317695,-2.636528,-0.507469,1.663934,-1.673502,-1.446660,3.539566,0.600300,-0.026758,-0.365580,0.360417,0.170759,-0.136584,-0.103696,0.483787
8.638987,-0.981457,-1.462901,1.456887,-0.002185,-1.076441,-0.638699,0.558157,0.022672,-0.558168,0.775626,0.781823,-0.488448,-0.298125,0.317787,-2.636555,-0.507836,1.664288,-1.673331,-1.446801,3.539461,0.600786,-0.026758,-0.364242,0.359053,0.170390,-0.136856,-0.103543,0.484347
8.640012,-0.979836,-1.459209,1.446943,-0.001602,-1.074611,-0.637667,0.557998,0.005634,-0.548764,0.766988,0.775807,-0.489043,-0.299020,0.317887,-2.636575,-0.508196,1.664641,-1.673164,-1.446942,3.539354,0.601277,-0.024315,-0.362187,0.357805,0.169703,-0.138740,-0.104302,0.486341
8.641007,-0.980188,-1.454372,1.440032,0.000954,-1.073814,-0.637185,0.557131,-0.009935,-0.545843,0.762192,0.767533,-0.489977,-0.300033,0.317976,-2.636603,-0.508558,1.665007,-1.672993,-1.447085,3.539247,0.601755,-0.026103,-0.362121,0.359944,0.169522,-0.139934,-0.105095,0.485256
8.641992,-0.983009,-1.453177,1.436561,-0.001007,-1.072364,-0.637519,0.557095,-0.023460,-0.547424,0.759967,0.758924,-0.491082,-0.300998,0.318038,-2.636631,-0.508923,1.665365,-1.672828,-1.447229,3.539139,0.602243,-0.026828,-0.362499,0.360569,0.167335,-0.140060,-0.105314,0.485572
8.643091,-0.985732,-1.449008,1.438006,0.001929,-1.069905,-0.638659,0.556608,-0.034126,-0.552597,0.760060,0.750940,-0.492296,-0.301772,0.318063,-2.636656,-0.509277,1.665722,-1.672656,-1.447376,3.539038,0.602721,-0.026330,-0.361148,0.359465,0.169520,-0.140813,-0.104750,0.484229
8.644088,-0.989313,-1.449494,1.433248,0.004756,-1.065889,-0.639113,0.556034,-0.040588,-0.563682,0.764850,0.742359,-0.493744,-0.302319,0.318027,-2.636682,-0.509640,1.666069,-1.672492,-1.447523,3.538939,0.603205,-0.026036,-0.361480,0.356188,0.167400,-0.142676,-0.103442,0.483854
8.644984,-0.988028,-1.446499,1.427845,0.006802,-1.062440,-0.637190,0.554138,-0.040414,-0.582606,0.776685,0.733801,-0.495253,-0.302618,0.317904,-2.636705,-0.509992,1.666423,-1.672333,-1.447672,3.538839,0.603690,-0.025203,-0.359326,0.355827,0.165120,-0.145990,-0.102785,0.483581
8.646119,-0.992037,-1.445430,1.424355,0.007558,-1.059946,-0.636406,0.552791,-0.031841,-0.609339,0.795920,0.727367,-0.496475,-0.302680,0.317713,-2.636735,-0.510350,1.666782,-1.672176,-1.447828,3.538729,0.604185,-0.026635,-0.358652,0.355558,0.163225,-0.148571,-0.104421,0.485891
8.647125,-0.998073,-1.441024,1.419635,0.008304,-1.062465,-0.635289,0.554356,-0.015077,-0.642924,0.821730,0.723500,-0.497292,-0.302543,0.317501,-2.636757,-0.510708,1.667132,-1.672010,-1.447983,3.538622,0.604672,-0.025764,-0.357559,0.354775,0.163482,-0.150394,-0.105001,0.487219
8.647949,-0.999915,-1.438944,1.419662,0.010973,-1.060987,-0.633720,0.552264,0.005026,-0.680588,0.850695,0.719834,-0.497969,-0.302447,0.317296,-2.636776,-0.511063,1.667487,-1.671850,-1.448123,3.538515,0.605148,-0.023759,-0.357886,0.354379,0.163288,-0.147213,-0.105871,0.482653
8.649024,-0.999137,-1.439061,1.410842,0.011640,-1.058945,-0.631972,0.548623,0.024461,-0.719879,0.880021,0.714646,-0.498730,-0.302576,0.317120,-2.636800,-0.511415,1.667825,-1.671694,-1.448273,3.538404,0.605634,-0.023603,-0.356624,0.351505,0.160437,-0.147872,-0.107106,0.485395
8.650021,-1.012393,-1.435536,1.408410,0.013004,-1.061482,-0.631125,0.548104,0.045530,-0.761452,0.911175,0.708986,-0.499449,-0.302739,0.317015,-2.636826,-0.511762,1.668182,-1.671530,-1.448424,3.538295,0.606137,-0.025028,-0.354926,0.353280,0.160568,-0.149255,-0.108624,0.491263
8.651105,-1.014565,-1.434585,1.404968,0.014661,-1.064062,-0.630291,0.549816,0.065859,-0.803764,0.942218,0.702122,-0.500241,-0.303020,0.316978,-2.636834,-0.512116,1.668535,-1.671375,-1.448564,3.538186,0.606621,-0.019480,-0.354797,0.351702,0.159838,-0.146053,-0.109200,0.490821
8.652026,-1.020415,-1.434369,1.405325,0.017305,-1.062672,-0.630002,0.547936,0.078656,-0.843169,0.968361,0.691458,-0.501481,-0.303753,0.316950,-2.636854,-0.512469,1.668883,-1.671217,-1.448700,3.538074,0.607101,-0.019562,-0.353575,0.350872,0.159124,-0.142957,-0.109782,0.485998
8.653027,-1.024630,-1.434792,1.397990,0.019980,-1.060356,-0.630242,0.545625,0.085152,-0.880528,0.990975,0.677020,-0.503202,-0.304833,0.316920,-2.636869,-0.512815,1.669228,-1.671064,-1.448849,3.537966,0.607601,-0.017592,-0.351695,0.347903,0.156817,-0.143613,-0.109782,0.488312
8.654136,-1.029640,-1.435774,1.392307,0.024149,-1.060553,-0.629624,0.546995,0.089591,-0.917858,1.013060,0.660792,-0.505162,-0.306032,0.316931,-2.636883,-0.513162,1.669574,-1.670916,-1.448999,3.537853,0.608095,-0.016575,-0.349670,0.348938,0.154970,-0.145216,-0.109253,0.491491
8.654971,-1.032913,-1.428580,1.388966,0.024057,-1.058754,-0.629903,0.545817,0.092148,-0.953897,1.033513,0.644616,-0.507156,-0.307359,0.316956,-2.636894,-0.513499,1.669922,-1.670769,-1.449145,3.537744,0.608574,-0.015319,-0.347739,0.349247,0.152117,-0.144405,-0.109660,0.487343
8.655989,-1.038856,-1.426637,1.389145,0.028853,-1.056846,-0.629218,0.546053,0.091640,-0.985998,1.050165,0.629501,-0.509095,-0.308814,0.316933,-2.636906,-0.513851,1.670270,-1.670619,-1.449296,3.537635,0.609061,-0.014587,-0.349109,0.347963,0.152292,-0.145363,-0.109044,0.488240
8.656986,-1.040421,-1.420085,1.384150,0.030254,-1.055545,-0.626730,0.545920,0.088296,-1.012554,1.062711,0.615994,-0.510902,-0.310293,0.316883,-2.636916,-0.514198,1.670609,-1.670480,-1.449444,3.537522,0.609546,-0.012765,-0.348288,0.345309,0.148576,-0.146592,-0.109464,0.486331
8.658020,-1.044105,-1.418153,1.374664,0.030697,-1.054645,-0.625114,0.547374,0.083837,-1.033042,1.072031,0.605185,-0.512408,-0.311632,0.316842,-2.636928,-0.514548,1.670955,-1.670334,-1.449592,3.537407,0.610036,-0.013096,-0.349736,0.345153,0.148063,-0.147189,-0.111667,0.485163
8.659150,-1.050586,-1.413845,1.373274,0.033708,-1.054353,-0.623559,0.546962,0.077159,-1.045922,1.076792,0.596760,-0.513644,-0.312826,0.316796,-2.636938,-0.514897,1.671309,-1.670186,-1.449740,3.537291,0.610501,-0.012417,-0.348921,0.347216,0.148607,-0.147404,-0.112988,0.480907
8.660040,-1.053234,-1.404892,1.362344,0.036169,-1.052728,-0.621719,0.546619,0.064883,-1.049775,1.074562,0.588826,-0.514847,-0.314056,0.316738,-2.636944,-0.515249,1.671647,-1.670043,-1.449886,3.537172,0.610979,-0.010508,-0.349519,0.345498,0.147073,-0.147115,-0.114273,0.480447
8.661022,-1.052702,-1.391853,1.356285,0.036623,-1.051517,-0.620526,0.548220,0.044722,-1.042569,1.063033,0.581264,-0.516012,-0.315431,0.316689,-2.636955,-0.515604,1.672002,-1.669902,-1.450035,3.537054,0.611454,-0.010181,-0.351856,0.348066,0.145114,-0.147964,-0.115757,0.479697
8.662005,-1.059984,-1.391255,1.347769,0.039454,-1.052033,-0.619533,0.548002,0.015163,-1.019972,1.039033,0.575684,-0.516899,-0.316877,0.316667,-2.636967,-0.515969,1.672347,-1.669758,-1.450181,3.536935,0.611930,-0.011538,-0.356318,0.348395,0.145514,-0.148475,-0.116612,0.475066
8.663073,-1.066488,-1.389291,1.345282,0.042443,-1.053180,-0.619266,0.548455,-0.024051,-0.980842,1.001814,0.572271,-0.517443,-0.318333,0.316676,-2.636972,-0.516319,1.672702,-1.669617,-1.450328,3.536819,0.612398,-0.009032,-0.354676,0.349856,0.143591,-0.147243,-0.117294,0.474182
8.663962,-1.065004,-1.389220,1.331418,0.044763,-1.053785,-0.619503,0.549087,-0.071473,-0.930193,0.954650,0.569333,-0.517853,-0.319920,0.316721,-2.636973,-0.516673,1.673050,-1.669481,-1.450474,3.536703,0.612858,-0.007107,-0.353920,0.348485,0.142001,-0.145457,-0.117276,0.471981
8.665048,-1.068971,-1.386817,1.325920,0.049659,-1.053104,-0.618942,0.549197,-0.123187,-0.874787,0.902624,0.566109,-0.518265,-0.321661,0.316782,-2.636984,-0.517024,1.673409,-1.669344,-1.450615,3.536589,0.613320,-0.008866,-0.351824,0.352482,0.140279,-0.144144,-0.116700,0.469328
8.665963,-1.073881,-1.383218,1.320822,0.050896,-1.056206,-0.618909,0.550329,-0.174230,-0.818949,0.849738,0.564048,-0.518555,-0.323398,0.316824,-2.636989,-0.517375,1.673766,-1.669214,-1.450760,3.536472,0.613789,-0.008156,-0.351381,0.352524,0.136993,-0.144240,-0.116990,0.467815
8.667096,-1.076385,-1.379057,1.314569,0.052830,-1.057164,-0.617822,0.551909,-0.222292,-0.764755,0.798015,0.563827,-0.518671,-0.325059,0.316817,-2.636993,-0.517729,1.674116,-1.669076,-1.450891,3.536354,0.614244,-0.006787,-0.351095,0.352228,0.136485,-0.140503,-0.116670,0.464188
8.668008,-1.075802,-1.369823,1.308197,0.052780,-1.056817,-0.616389,0.551818,-0.267929,-0.713274,0.748218,0.563844,-0.518860,-0.326672,0.316750,-2.636999,-0.518081,1.674471,-1.668940,-1.451029,3.536230,0.614694,-0.006886,-0.351624,0.352788,0.136244,-0.139068,-0.117471,0.459812
8.669050,-1.079842,-1.367487,1.296619,0.054499,-1.057212,-0.616666,0.553628,-0.311560,-0.664181,0.700416,0.563001,-0.519309,-0.328166,0.316647,-2.637010,-0.518442,1.674825,-1.668804,-1.451168,3.536107,0.615148,-0.008207,-0.354071,0.353074,0.137026,-0.138752,-0.118528,0.458689
8.669986,-1.081977,-1.362975,1.291649,0.056848,-1.058901,-0.613045,0.553317,-0.354247,-0.615873,0.653316,0.561159,-0.520052,-0.329548,0.316548,-2.637016,-0.518795,1.675192,-1.668668,-1.451300,3.535988,0.615596,-0.007395,-0.353419,0.356035,0.136589,-0.137843,-0.117929,0.453785
8.670973,-1.084042,-1.356726,1.295434,0.059005,-1.056278,-0.610962,0.553672,-0.397249,-0.567901,0.605770,0.558325,-0.521094,-0.330971,0.316467,-2.637022,-0.519147,1.675546,-1.668539,-1.451432,3.535864,0.616048,-0.007425,-0.353660,0.355632,0.135220,-0.135553,-0.121209,0.453131
8.672050,-1.087084,-1.355211,1.285192,0.062778,-1.059904,-0.610635,0.553678,-0.436038,-0.523804,0.561936,0.555580,-0.522225,-0.332212,0.316406,-2.637030,-0.519508,1.675893,-1.668407,-1.451573,3.535737,0.616488,-0.007538,-0.354783,0.350992,0.134211,-0.137583,-0.122906,0.451163
8.673077,-1.089510,-1.346905,1.276931,0.063832,-1.059026,-0.609709,0.555107,-0.465299,-0.487355,0.526596,0.554305,-0.523177,-0.332967,0.316382,-2.637037,-0.519865,1.676251,-1.668279,-1.451700,3.535615,0.616937,-0.007268,-0.353774,0.353498,0.132063,-0.133466,-0.122903,0.449925
8.673979,-1.094670,-1.342450,1.274763,0.067444,-1.058075,-0.610828,0.553006,-0.487975,-0.456340,0.496770,0.554711,-0.523929,-0.333414,0.316408,-2.637043,-0.520223,1.676609,-1.668146,-1.451836,3.535489,0.617375,-0.007271,-0.356072,0.354842,0.132348,-0.133828,-0.123482,0.445825
8.675048,-1.097139,-1.336436,1.269858,0.069396,-1.058474,-0.611459,0.552553,-0.508909,-0.426866,0.467850,0.556525,-0.524498,-0.333827,0.316490,-2.637047,-0.520581,1.676957,-1.668024,-1.451966,3.535370,0.617825,-0.005755,-0.356108,0.353058,0.129699,-0.134185,-0.121983,0.448769
8.676006,-1.101373,-1.335635,1.266353,0.071782,-1.059198,-0.609137,0.552851,-0.528508,-0.398793,0.439807,0.559752,-0.524797,-0.334288,0.316631,-2.637052,-0.520938,1.677311,-1.667896,-1.452098,3.535250,0.618271,-0.005815,-0.357354,0.352871,0.129390,-0.133290,-0.121055,0.448419
8.677004,-1.103200,-1.330880,1.257544,0.075648,-1.059628,-0.607176,0.551211,-0.545489,-0.374232,0.414657,0.563816,-0.524847,-0.334783,0.316800,-2.637054,-0.521294,1.677663,-1.667770,-1.452231,3.535119,0.618709,-0.004855,-0.355712,0.351811,0.128146,-0.131982,-0.122997,0.446554
8.678023,-1.108166,-1.331287,1.254412,0.080197,-1.059341,-0.604847,0.550623,-0.558895,-0.354640,0.393587,0.568504,-0.524681,-0.335268,0.316966,-2.637060,-0.521650,1.678015,-1.667649,-1.452360,3.534989,0.619167,-0.005128,-0.356184,0.353505,0.125731,-0.131043,-0.124568,0.448566
8.679060,-1.112367,-1.327698,1.249303,0.080298,-1.059931,-0.605056,0.549738,-0.568043,-0.340027,0.376562,0.574917,-0.524190,-0.335701,0.317128,-2.637063,-0.521997,1.678366,-1.667532,-1.452487,3.534857,0.619610,-0.003870,-0.354193,0.352346,0.122827,-0.130859,-0.126509,0.448481
8.680000,-1.114219,-1.322716,1.248123,0.083129,-1.059022,-0.604154,0.549726,-0.573264,-0.331149,0.363917,0.582420,-0.523471,-0.336132,0.317286,-2.637064,-0.522351,1.678716,-1.667407,-1.452613,3.534732,0.620068,-0.003059,-0.354188,0.352244,0.124313,-0.129818,-0.125931,0.448965
8.681094,-1.117077,-1.326023,1.246586,0.085630,-1.058612,-0.602997,0.547336,-0.575363,-0.328802,0.356303,0.589029,-0.522772,-0.336617,0.317453,-2.637067,-0.522706,1.679064,-1.667289,-1.452746,3.534602,0.620515,-0.003275,-0.354638,0.350033,0.122718,-0.130142,-0.126435,0.447677
8.681992,-1.116814,-1.323454,1.237654,0.086486,-1.059062,-0.601623,0.546881,-0.571573,-0.335243,0.356654,0.594424,-0.522121,-0.337018,0.317650,-2.637071,-0.523053,1.679409,-1.667170,-1.452878,3.534475,0.620967,-0.003168,-0.351363,0.348301,0.122171,-0.130084,-0.127259,0.451267
8.683033,-1.114253,-1.317270,1.236971,0.089591,-1.058486,-0.600460,0.548407,-0.559095,-0.353120,0.367669,0.598567,-0.521547,-0.337231,0.317858,-2.637079,-0.523402,1.679756,-1.667047,-1.453008,3.534344,0.621419,-0.004336,-0.350590,0.349968,0.122273,-0.129025,-0.128199,0.450801
8.684020,-1.122072,-1.311074,1.234216,0.092615,-1.057290,-0.600558,0.546923,-0.537493,-0.380891,0.388568,0.602274,-0.521000,-0.337140,0.318029,-2.637090,-0.523753,1.680101,-1.666929,-1.453134,3.534214,0.621863,-0.006795,-0.351941,0.347670,0.120893,-0.129166,-0.128996,0.446477
8.684982,-1.126327,-1.306702,1.232926,0.091840,-1.057350,-0.599225,0.546391,-0.508014,-0.413997,0.416485,0.607221,-0.520274,-0.336647,0.318138,-2.637088,-0.524108,1.680441,-1.666813,-1.453261,3.534089,0.622313,-0.004084,-0.353096,0.346450,0.119380,-0.129870,-0.128516,0.448224
8.686005,-1.123073,-1.307939,1.227927,0.094730,-1.057156,-0.598969,0.547353,-0.476665,-0.447759,0.446636,0.612074,-0.519514,-0.336008,0.318205,-2.637089,-0.524457,1.680784,-1.666686,-1.453390,3.533957,0.622764,-0.003172,-0.353345,0.344398,0.121352,-0.129255,-0.129449,0.447966
8.687046,-1.129221,-1.305630,1.225085,0.096318,-1.059106,-0.597595,0.546742,-0.445414,-0.482435,0.478620,0.614838,-0.518950,-0.335312,0.318220,-2.637099,-0.524805,1.681129,-1.666571,-1.453517,3.533829,0.623197,-0.005987,-0.350938,0.344302,0.120145,-0.128978,-0.129331,0.444818
8.688004,-1.132261,-1.304501,1.216493,0.096294,-1.057738,-0.595823,0.547044,-0.411315,-0.520823,0.515190,0.615602,-0.518578,-0.334407,0.318151,-2.637101,-0.525154,1.681466,-1.666452,-1.453639,3.533692,0.623644,-0.004142,-0.350370,0.343214,0.120262,-0.126607,-0.130305,0.444828
8.688972,-1.134822,-1.306200,1.215458,0.100059,-1.056638,-0.594247,0.546739,-0.377571,-0.561308,0.553904,0.613331,-0.518566,-0.333470,0.318011,-2.637106,-0.525499,1.681816,-1.666330,-1.453765,3.533558,0.624088,-0.003784,-0.349035,0.344761,0.121575,-0.127493,-0.131652,0.442930
8.689979,-1.136054,-1.301279,1.211869,0.100905,-1.055560,-0.592765,0.545580,-0.346824,-0.602370,0.592715,0.607370,-0.519001,-0.332631,0.317833,-2.637108,-0.525837,1.682155,-1.666215,-1.453893,3.533423,0.624524,-0.003688,-0.346393,0.342613,0.119239,-0.128067,-0.132792,0.442316
8.691056,-1.141878,-1.305409,1.205611,0.105881,-1.056712,-0.590478,0.545584,-0.315852,-0.645027,0.633685,0.599388,-0.519631,-0.331659,0.317634,-2.637113,-0.526187,1.682493,-1.666094,-1.454022,3.533285,0.624969,-0.004274,-0.347062,0.341853,0.119925,-0.128643,-0.133840,0.443398
8.692036,-1.148297,-1.302648,1.202203,0.107312,-1.057515,-0.590621,0.544327,-0.283733,-0.688503,0.676700,0.590690,-0.520273,-0.330433,0.317438,-2.637113,-0.526522,1.682838,-1.665985,-1.454146,3.533149,0.625413,-0.002685,-0.343460,0.342460,0.117013,-0.127067,-0.135746,0.442153
8.693043,-1.148848,-1.307156,1.195937,0.110075,-1.056461,-0.591782,0.542363,-0.253705,-0.730685,0.718744,0.581104,-0.520983,-0.329159,0.317261,-2.637111,-0.526863,1.683174,-1.665868,-1.454269,3.533015,0.625853,-0.000723,-0.343084,0.341579,0.117079,-0.125799,-0.135156,0.443446
8.693955,-1.150275,-1.298785,1.193845,0.111895,-1.057340,-0.589371,0.542908,-0.227493,-0.771229,0.758651,0.569991,-0.521866,-0.328048,0.317108,-2.637116,-0.527191,1.683518,-1.665755,-1.454398,3.532886,0.626304,-0.001674,-0.339235,0.342090,0.115991,-0.126370,-0.133608,0.446108
8.694972,-1.155896,-1.299345,1.188641,0.114395,-1.057012,-0.586749,0.542131,-0.202825,-0.810693,0.797792,0.558081,-0.522811,-0.327005,0.316980,-2.637119,-0.527537,1.683855,-1.665642,-1.454519,3.532746,0.626740,-0.002056,-0.341468,0.340423,0.115447,-0.124977,-0.135571,0.443702
8.695975,-1.158627,-1.293423,1.187983,0.115452,-1.058626,-0.584130,0.540443,-0.179042,-0.847338,0.835680,0.546295,-0.523679,-0.325899,0.316887,-2.637117,-0.527875,1.684191,-1.665529,-1.454643,3.532600,0.627186,-0.000525,-0.339484,0.340520,0.114688,-0.124874,-0.137720,0.444029
8.696969,-1.161242,-1.286874,1.177788,0.119467,-1.059407,-0.584923,0.541973,-0.157994,-0.879429,0.870734,0.534022,-0.524536,-0.324751,0.316853,-2.637117,-0.528215,1.684525,-1.665412,-1.454762,3.532456,0.627641,-0.000420,-0.340761,0.338315,0.115233,-0.122831,-0.139872,0.446128
8.698064,-1.162710,-1.286394,1.175768,0.117900,-1.060732,-0.582960,0.541917,-0.141742,-0.904330,0.900488,0.521483,-0.525369,-0.323625,0.316872,-2.637118,-0.528561,1.684870,-1.665306,-1.454878,3.532319,0.628072,-0.000344,-0.342219,0.340791,0.112990,-0.121676,-0.138611,0.441803
8.699176,-1.167103,-1.279841,1.170507,0.121997,-1.060607,-0.582591,0.541337,-0.131955,-0.919979,0.922804,0.508842,-0.526182,-0.322595,0.316912,-2.637118,-0.528898,1.685210,-1.665183,-1.454996,3.532174,0.628513,-0.000980,-0.340956,0.339308,0.116448,-0.120020,-0.140159,0.440754
8.700035,-1.172712,-1.276945,1.163395,0.123956,-1.062533,-0.581781,0.541837,-0.128234,-0.928078,0.938801,0.494938,-0.527121,-0.321653,0.316969,-2.637116,-0.529247,1.685551,-1.665072,-1.455115,3.532033,0.628958,-0.000185,-0.342694,0.339518,0.114490,-0.119843,-0.140104,0.440726
8.701004,-1.169801,-1.270026,1.156908,0.126374,-1.064516,-0.581436,0.542799,-0.131519,-0.928195,0.947532,0.480018,-0.528168,-0.320889,0.317037,-2.637112,-0.529593,1.685888,-1.664958,-1.455227,3.531888,0.629388,0.001506,-0.341989,0.340306,0.113554,-0.117438,-0.140382,0.438433
8.702088,-1.175402,-1.266609,1.152107,0.129187,-1.065590,-0.580866,0.544897,-0.141917,-0.919347,0.947794,0.465586,-0.529209,-0.320340,0.317078,-2.637119,-0.529937,1.686231,-1.664849,-1.455340,3.531746,0.629820,-0.001114,-0.343623,0.340878,0.112762,-0.115088,-0.140257,0.435280
8.703023,-1.175668,-1.260637,1.146371,0.128921,-1.066489,-0.579336,0.543348,-0.156531,-0.902906,0.941322,0.452872,-0.530167,-0.319817,0.317054,-2.637114,-0.530281,1.686577,-1.664740,-1.455453,3.531605,0.630235,0.000309,-0.343744,0.340734,0.112083,-0.113742,-0.140409,0.429969
8.703997,-1.181147,-1.259505,1.140760,0.132932,-1.066897,-0.577301,0.544118,-0.174303,-0.880533,0.929502,0.441430,-0.531148,-0.319244,0.316990,-2.637115,-0.530630,1.686915,-1.664624,-1.455560,3.531460,0.630666,-0.000736,-0.344748,0.340939,0.113661,-0.112506,-0.141445,0.431903
8.705141,-1.182674,-1.257096,1.132102,0.135236,-1.068261,-0.575113,0.546431,-0.194918,-0.854409,0.913623,0.430298,-0.532291,-0.318651,0.316927,-2.637112,-0.530970,1.687256,-1.664517,-1.455671,3.531317,0.631084,0.000771,-0.343493,0.341089,0.111313,-0.111753,-0.143007,0.429153
8.706155,-1.185408,-1.256127,1.124984,0.137493,-1.067550,-0.575421,0.545948,-0.217655,-0.826356,0.894554,0.419733,-0.533572,-0.318113,0.316860,-2.637113,-0.531317,1.687598,-1.664407,-1.455777,3.531167,0.631499,0.000103,-0.343241,0.343033,0.111402,-0.110216,-0.144749,0.423437
8.706991,-1.186749,-1.249341,1.117480,0.142013,-1.068976,-0.572474,0.546072,-0.242237,-0.797653,0.872612,0.409887,-0.534965,-0.317755,0.316802,-2.637113,-0.531652,1.687944,-1.664299,-1.455889,3.531025,0.631924,0.000211,-0.342075,0.343943,0.110965,-0.110618,-0.143957,0.423290
8.707986,-1.185677,-1.245243,1.115260,0.144135,-1.069447,-0.571953,0.547525,-0.267506,-0.768758,0.848236,0.401812,-0.536306,-0.317609,0.316773,-2.637115,-0.532000,1.688295,-1.664197,-1.455993,3.530871,0.632339,-0.000147,-0.343286,0.344717,0.107620,-0.108780,-0.146340,0.421807
8.708982,-1.185229,-1.240773,1.111021,0.146767,-1.069079,-0.571204,0.547596,-0.289843,-0.740304,0.823391,0.397744,-0.537252,-0.317485,0.316758,-2.637121,-0.532347,1.688634,-1.664089,-1.456101,3.530724,0.632751,-0.001874,-0.343498,0.343218,0.107301,-0.108016,-0.146349,0.417745
8.710029,-1.188268,-1.242648,1.110326,0.149374,-1.068901,-0.569360,0.546162,-0.304194,-0.715267,0.802428,0.398468,-0.537598,-0.317094,0.316743,-2.637126,-0.532691,1.688979,-1.663984,-1.456210,3.530575,0.633165,-0.003274,-0.343958,0.342691,0.106507,-0.108081,-0.146598,0.416499
8.711095,-1.185488,-1.233185,1.099960,0.153466,-1.069976,-0.567755,0.548159,-0.307335,-0.697906,0.789613,0.402763,-0.537358,-0.316320,0.316732,-2.637130,-0.533026,1.689310,-1.663880,-1.456316,3.530424,0.633581,-0.002998,-0.341429,0.340604,0.105981,-0.108014,-0.147958,0.418279
8.712020,-1.190402,-1.232163,1.095643,0.155712,-1.071562,-0.566209,0.549215,-0.299655,-0.688689,0.785127,0.409914,-0.536532,-0.315168,0.316725,-2.637140,-0.533373,1.689660,-1.663778,-1.456419,3.530273,0.633987,-0.005628,-0.344558,0.343216,0.104082,-0.106728,-0.149074,0.413150
8.712998,-1.191470,-1.226779,1.089891,0.161491,-1.073858,-0.564326,0.548082,-0.285353,-0.683171,0.784513,0.419939,-0.535125,-0.313730,0.316696,-2.637141,-0.533715,1.690003,-1.663678,-1.456522,3.530117,0.634385,-0.004275,-0.343093,0.342602,0.103488,-0.104827,-0.150046,0.409950
8.714053,-1.193322,-1.227711,1.091473,0.163216,-1.076679,-0.564672,0.549697,-0.268240,-0.678596,0.784558,0.432311,-0.533269,-0.312135,0.316642,-2.637147,-0.534062,1.690344,-1.663586,-1.456619,3.529960,0.634798,-0.004907,-0.343944,0.342843,0.099752,-0.102322,-0.151374,0.411119
8.714998,-1.196302,-1.228150,1.083801,0.163900,-1.079769,-0.562045,0.551287,-0.247274,-0.677118,0.787282,0.446385,-0.531112,-0.310335,0.316562,-2.637153,-0.534397,1.690680,-1.663487,-1.456716,3.529810,0.635198,-0.005230,-0.341912,0.339556,0.100304,-0.099349,-0.150520,0.406785
8.716015,-1.197377,-1.228440,1.074991,0.169604,-1.079716,-0.561703,0.551087,-0.221152,-0.683297,0.796388,0.459415,-0.529081,-0.308310,0.316434,-2.637156,-0.534733,1.691020,-1.663384,-1.456803,3.529653,0.635583,-0.004872,-0.339882,0.340759,0.101287,-0.096123,-0.152605,0.402563
8.717033,-1.205824,-1.224432,1.069967,0.172499,-1.080920,-0.561445,0.550496,-0.192317,-0.697791,0.811038,0.469395,-0.527550,-0.306254,0.316243,-2.637163,-0.535064,1.691367,-1.663294,-1.456900,3.529499,0.635985,-0.005531,-0.338161,0.342516,0.097819,-0.096032,-0.152398,0.401922
8.718036,-1.207357,-1.221869,1.065277,0.175030,-1.083322,-0.562398,0.552131,-0.165392,-0.715906,0.825977,0.477313,-0.526515,-0.304456,0.316003,-2.637160,-0.535406,1.691710,-1.663198,-1.456993,3.529348,0.636387,-0.002583,-0.338479,0.342405,0.097115,-0.094685,-0.152147,0.402036
8.718972,-1.208403,-1.220315,1.068646,0.178858,-1.083974,-0.563377,0.553160,-0.144965,-0.733430,0.836904,0.483031,-0.526052,-0.303166,0.315721,-2.637164,-0.535744,1.692048,-1.663103,-1.457081,3.529201,0.636769,-0.003055,-0.338049,0.342190,0.096672,-0.092176,-0.150693,0.397716
8.720025,-1.209947,-1.212144,1.063695,0.183010,-1.082118,-0.561980,0.552178,-0.128109,-0.752134,0.846723,0.486684,-0.526121,-0.302214,0.315391,-2.637169,-0.536078,1.692379,-1.663013,-1.457171,3.529056,0.637159,-0.003634,-0.337016,0.337881,0.094772,-0.091372,-0.149213,0.394603
8.721051,-1.211135,-1.208393,1.065694,0.185651,-1.083446,-0.559877,0.552082,-0.108037,-0.774592,0.860456,0.490600,-0.526340,-0.301179,0.315049,-2.637175,-0.536423,1.692719,-1.662924,-1.457265,3.528903,0.637554,-0.004111,-0.339479,0.337888,0.093089,-0.093139,-0.150131,0.395576
8.721966,-1.213441,-1.203857,1.056697,0.187834,-1.083262,-0.558930,0.552184,-0.082828,-0.799005,0.878395,0.496633,-0.526373,-0.299841,0.314744,-2.637181,-0.536763,1.693048,-1.662832,-1.457352,3.528749,0.637949,-0.004726,-0.339661,0.334429,0.092736,-0.091710,-0.151720,0.394707
8.723134,-1.217267,-1.205295,1.052862,0.189411,-1.083612,-0.556197,0.552685,-0.053940,-0.823533,0.899161,0.504382,-0.526176,-0.298226,0.314475,-2.637186,-0.537102,1.693389,-1.662742,-1.457444,3.528596,0.638336,-0.004653,-0.340017,0.336248,0.092410,-0.091699,-0.152098,0.393434
8.724025,-1.221403,-1.200689,1.049265,0.193017,-1.083661,-0.555544,0.548338,-0.025598,-0.846997,0.920168,0.511629,-0.525947,-0.296614,0.314246,-2.637188,-0.537438,1.693720,-1.662646,-1.457531,3.528438,0.638726,-0.004164,-0.337989,0.335909,0.093652,-0.091388,-0.154355,0.391473
8.725026,-1.223554,-1.197298,1.043162,0.195987,-1.086838,-0.554079,0.548650,-0.001147,-0.869014,0.939627,0.516532,-0.525836,-0.295231,0.314118,-2.637190,-0.537772,1.694055,-1.662558,-1.457622,3.528281,0.639144,-0.003180,-0.338395,0.335003,0.091789,-0.091123,-0.154397,0.399058
8.726015,-1.227105,-1.192329,1.036082,0.199718,-1.088264,-0.553224,0.549403,0.018491,-0.888494,0.956464,0.519451,-0.525766,-0.294105,0.314117,-2.637195,-0.538110,1.694390,-1.662470,-1.457703,3.528126,0.639533,-0.003314,-0.338392,0.335530,0.091098,-0.087886,-0.155333,0.397309
8.726957,-1.231596,-1.196887,1.031111,0.201537,-1.088749,-0.552983,0.547671,0.032069,-0.902660,0.968328,0.521660,-0.525625,-0.293234,0.314174,-2.637197,-0.538451,1.694728,-1.662386,-1.457784,3.527968,0.639925,-0.002532,-0.338734,0.336253,0.089047,-0.086307,-0.155532,0.394548
8.728031,-1.234260,-1.191180,1.023929,0.205846,-1.088361,-0.549801,0.545532,0.039584,-0.912129,0.975286,0.523330,-0.525458,-0.292657,0.314245,-2.637196,-0.538774,1.695063,-1.662301,-1.457868,3.527816,0.640330,-0.001077,-0.334006,0.335629,0.088090,-0.085467,-0.155055,0.396558
8.729020,-1.237689,-1.189248,1.019917,0.206864,-1.091291,-0.548163,0.544071,0.043006,-0.919953,0.979674,0.524563,-0.525311,-0.292348,0.314346,-2.637195,-0.539110,1.695396,-1.662219,-1.457955,3.527653,0.640733,-0.000651,-0.334550,0.336295,0.085111,-0.085538,-0.157509,0.399366
8.729982,-1.240829,-1.186967,1.008051,0.206703,-1.092727,-0.547807,0.545278,0.043584,-0.926332,0.982129,0.526147,-0.525144,-0.292158,0.314470,-2.637193,-0.539436,1.695730,-1.662132,-1.458030,3.527492,0.641139,0.000224,-0.333128,0.335251,0.085090,-0.082315,-0.158372,0.400770
8.731148,-1.245112,-1.184568,1.007164,0.210201,-1.091066,-0.548261,0.543605,0.039548,-0.930421,0.981507,0.526838,-0.525193,-0.292095,0.314583,-2.637190,-0.539764,1.696076,-1.662044,-1.458107,3.527333,0.641525,0.000957,-0.331843,0.338027,0.086115,-0.080606,-0.157963,0.396877
8.732014,-1.246968,-1.177397,0.997543,0.210104,-1.089421,-0.548797,0.541945,0.029136,-0.932252,0.977061,0.525068,-0.525700,-0.292276,0.314680,-2.637185,-0.540094,1.696405,-1.661962,-1.458192,3.527178,0.641935,0.002076,-0.330898,0.335615,0.084219,-0.082042,-0.156819,0.398784
8.733102,-1.247721,-1.171647,0.994978,0.212077,-1.091530,-0.549493,0.542801,0.013060,-0.931261,0.968883,0.521564,-0.526537,-0.292686,0.314788,-2.637182,-0.540426,1.696747,-1.661876,-1.458275,3.527026,0.642342,0.002233,-0.331873,0.337221,0.084930,-0.083287,-0.155546,0.400583
8.734106,-1.251746,-1.164107,0.986132,0.213957,-1.091654,-0.549354,0.541327,-0.007537,-0.926143,0.956965,0.517384,-0.527516,-0.293244,0.314906,-2.637179,-0.540761,1.697082,-1.661793,-1.458349,3.526874,0.642727,0.001670,-0.332422,0.335518,0.084311,-0.080947,-0.154167,0.397415
8.735040,-1.253612,-1.162018,0.981632,0.214361,-1.091732,-0.548293,0.539241,-0.032157,-0.915373,0.940789,0.513306,-0.528507,-0.293918,0.315019,-2.637174,-0.541099,1.697418,-1.661709,-1.458430,3.526720,0.643129,0.002808,-0.333719,0.336938,0.083525,-0.080539,-0.153603,0.398923
8.735999,-1.253645,-1.153381,0.973403,0.216727,-1.092140,-0.547662,0.537793,-0.061056,-0.898524,0.919951,0.509294,-0.529487,-0.294761,0.315151,-2.637172,-0.541423,1.697752,-1.661626,-1.458508,3.526570,0.643541,0.002927,-0.332299,0.336078,0.084013,-0.080154,-0.153964,0.401578
8.737100,-1.255005,-1.150740,0.967532,0.216608,-1.093838,-0.545912,0.538670,-0.092805,-0.876905,0.895718,0.505303,-0.530430,-0.295711,0.315328,-2.637170,-0.541762,1.698089,-1.661547,-1.458584,3.526418,0.643945,0.002113,-0.334083,0.337105,0.082685,-0.079461,-0.153882,0.402961
8.738091,-1.259184,-1.145178,0.960312,0.219993,-1.092823,-0.544617,0.536682,-0.158284,-0.823946,0.842144,0.497838,-0.532113,-0.297442,0.315667,-2.637163,-0.542430,1.698769,-1.661385,-1.458735,3.526102,0.644742,0.003094,-0.333420,0.337546,0.081968,-0.078343,-0.155474,0.402262
8.738977,-1.258496,-1.143294,0.954017,0.220559,-1.092166,-0.545165,0.535125,-0.158284,-0.823946,0.842144,0.497838,-0.532113,-0.297442,0.315667,-2.637163,-0.542430,1.698769,-1.661385,-1.458735,3.526102,0.644742,0.003094,-0.333420,0.337546,0.081968,-0.078343,-0.155474,0.402262
8.740026,-1.261755,-1.136923,0.941772,0.221745,-1.093684,-0.544731,0.535048,-0.191025,-0.795179,0.814186,0.494004,-0.532933,-0.298173,0.315789,-2.637165,-0.542761,1.699104,-1.661301,-1.458813,3.525948,0.645150,0.002012,-0.331745,0.337552,0.082153,-0.078653,-0.154169,0.403847
8.741021,-1.262102,-1.127677,0.934070,0.224601,-1.094763,-0.545184,0.535215,-0.223767,-0.766042,0.785525,0.490076,-0.533813,-0.298813,0.315868,-2.637161,-0.543091,1.699450,-1.661220,-1.458888,3.525795,0.645546,0.002743,-0.332643,0.340581,0.082251,-0.076900,-0.153917,0.402515
8.741958,-1.264010,-1.123614,0.928828,0.225655,-1.093075,-0.547040,0.533493,-0.259929,-0.733280,0.752364,0.486089,-0.534869,-0.299468,0.315849,-2.637160,-0.543431,1.699791,-1.661142,-1.458959,3.525645,0.645949,0.002068,-0.334753,0.341301,0.080578,-0.075609,-0.152761,0.400684
8.743092,-1.269373,-1.119897,0.927349,0.228885,-1.093523,-0.548197,0.532180,-0.299804,-0.695301,0.713487,0.483083,-0.536054,-0.300116,0.315739,-2.637158,-0.543762,1.700133,-1.661062,-1.459042,3.525502,0.646357,0.002226,-0.334239,0.340723,0.080501,-0.076969,-0.150231,0.402651
8.744029,-1.262704,-1.112741,0.919687,0.230116,-1.092568,-0.548256,0.534189,-0.339944,-0.656329,0.672974,0.480943,-0.537372,-0.300693,0.315593,-2.637151,-0.544100,1.700473,-1.660987,-1.459116,3.525359,0.646761,0.003892,-0.333816,0.338492,0.078949,-0.076328,-0.148456,0.403794
8.745033,-1.265218,-1.104675,0.912059,0.230112,-1.093296,-0.548584,0.535207,-0.375742,-0.620912,0.635592,0.479985,-0.538736,-0.301056,0.315398,-2.637159,-0.544441,1.700810,-1.660908,-1.459189,3.525211,0.647147,-0.000175,-0.334780,0.339227,0.078738,-0.077041,-0.147717,0.398279
8.746090,-1.264655,-1.093681,0.907198,0.231904,-1.091392,-0.548593,0.531932,-0.404653,-0.589666,0.602822,0.481097,-0.540013,-0.301072,0.315130,-2.637157,-0.544778,1.701149,-1.660829,-1.459264,3.525066,0.647541,0.000271,-0.336347,0.339962,0.079940,-0.076051,-0.146730,0.394814
8.747068,-1.262041,-1.090011,0.903473,0.233175,-1.088768,-0.547651,0.533074,-0.429644,-0.559443,0.571735,0.483837,-0.541223,-0.300911,0.314866,-2.637158,-0.545123,1.701486,-1.660749,-1.459348,3.524920,0.647944,-0.000890,-0.339362,0.339380,0.079483,-0.077667,-0.146068,0.399965
8.747998,-1.262812,-1.078191,0.904439,0.232146,-1.090857,-0.547504,0.535283,-0.450484,-0.529781,0.542473,0.488537,-0.542208,-0.300594,0.314667,-2.637164,-0.545456,1.701823,-1.660669,-1.459431,3.524770,0.648332,-0.002940,-0.338689,0.338158,0.079317,-0.079962,-0.146327,0.396160
8.749013,-1.265008,-1.082914,0.897618,0.234446,-1.090334,-0.547929,0.533411,-0.462953,-0.504537,0.519594,0.495108,-0.542815,-0.299894,0.314515,-2.637168,-0.545806,1.702156,-1.660585,-1.459504,3.524627,0.648707,-0.003267,-0.341897,0.334571,0.081196,-0.077570,-0.145800,0.390336
8.749974,-1.264436,-1.076288,0.887878,0.236344,-1.089877,-0.551088,0.530754,-0.466244,-0.487715,0.506016,0.501458,-0.543223,-0.298823,0.314426,-2.637170,-0.546136,1.702491,-1.660505,-1.459582,3.524485,0.649102,-0.002978,-0.337075,0.335004,0.080093,-0.077846,-0.144728,0.392709
8.751055,-1.266510,-1.071029,0.878124,0.238196,-1.089701,-0.553069,0.534254,-0.462548,-0.480825,0.500919,0.506639,-0.543583,-0.297661,0.314447,-2.637176,-0.546473,1.702832,-1.660430,-1.459661,3.524352,0.649507,-0.004000,-0.337903,0.336740,0.079353,-0.077995,-0.140948,0.396537
8.752031,-1.270425,-1.062810,0.875809,0.238614,-1.090766,-0.553296,0.534939,-0.456893,-0.479654,0.498839,0.511468,-0.543869,-0.296733,0.314544,-2.637180,-0.546815,1.703178,-1.660349,-1.459736,3.524220,0.649884,-0.003804,-0.338104,0.338534,0.078895,-0.077958,-0.138409,0.388039
8.752990,-1.271763,-1.055451,0.873965,0.240246,-1.087908,-0.554364,0.531025,-0.454903,-0.478809,0.494240,0.515798,-0.544165,-0.296245,0.314638,-2.637180,-0.547158,1.703508,-1.660268,-1.459812,3.524081,0.650260,-0.002641,-0.339638,0.336657,0.079542,-0.076614,-0.137574,0.385341
8.754068,-1.272312,-1.051501,0.868592,0.242827,-1.087405,-0.555466,0.532061,-0.457499,-0.477290,0.486842,0.519034,-0.544573,-0.296130,0.314731,-2.637183,-0.547501,1.703840,-1.660190,-1.459896,3.523949,0.650656,-0.002750,-0.340698,0.334541,0.079000,-0.079151,-0.135905,0.391792
8.755040,-1.274122,-1.045111,0.856325,0.243462,-1.085686,-0.555816,0.532755,-0.461147,-0.476641,0.479580,0.522232,-0.544970,-0.296157,0.314845,-2.637187,-0.547842,1.704171,-1.660113,-1.459976,3.523816,0.651039,-0.003327,-0.340243,0.334340,0.077878,-0.079376,-0.134230,0.388223
8.755989,-1.278607,-1.041065,0.856406,0.243586,-1.083074,-0.557063,0.531712,-0.472554,-0.475031,0.462787,0.530266,-0.545683,-0.296784,0.315042,-2.637187,-0.548523,1.704847,-1.659955,-1.460144,3.523557,0.651805,-0.001751,-0.340289,0.334187,0.079273,-0.083013,-0.131478,0.386138
8.757079,-1.275734,-1.035362,0.857996,0.243900,-1.081134,-0.557244,0.528769,-0.472554,-0.475031,0.462787,0.530266,-0.545683,-0.296784,0.315042,-2.637187,-0.548523,1.704847,-1.659955,-1.460144,3.523557,0.651805,-0.001751,-0.340289,0.334187,0.079273,-0.083013,-0.131478,0.386138
8.758064,-1.276074,-1.032313,0.854796,0.244789,-1.080606,-0.558065,0.530688,-0.479785,-0.476547,0.455639,0.532551,-0.546280,-0.297374,0.315227,-2.637196,-0.548867,1.705167,-1.659873,-1.460230,3.523423,0.652211,-0.004016,-0.340729,0.330615,0.080360,-0.084631,-0.130731,0.390570
8.758984,-1.277335,-1.029037,0.849240,0.245557,-1.080205,-0.558010,0.531480,-0.478915,-0.486642,0.458418,0.533480,-0.546937,-0.297586,0.315494,-2.637201,-0.549203,1.705495,-1.659792,-1.460313,3.523297,0.652584,-0.004593,-0.339737,0.329275,0.080542,-0.084816,-0.129354,0.385265
8.760071,-1.282152,-1.025234,0.846393,0.250915,-1.080695,-0.560010,0.528583,-0.467977,-0.506344,0.472623,0.533316,-0.547570,-0.297276,0.315780,-2.637204,-0.549540,1.705820,-1.659712,-1.460398,3.523167,0.652955,-0.004676,-0.338773,0.329071,0.080698,-0.084831,-0.128830,0.382333
8.761010,-1.282833,-1.023391,0.842645,0.251101,-1.078764,-0.559728,0.529192,-0.450164,-0.532629,0.494675,0.532600,-0.548106,-0.296632,0.316077,-2.637203,-0.549873,1.706147,-1.659641,-1.460479,3.523047,0.653351,-0.003168,-0.338375,0.327628,0.076940,-0.084061,-0.126322,0.386750
8.761975,-1.280517,-1.019722,0.838759,0.254857,-1.081018,-0.559455,0.530016,-0.427735,-0.562841,0.521762,0.532304,-0.548416,-0.295795,0.316418,-2.637207,-0.550209,1.706474,-1.659562,-1.460571,3.522926,0.653729,-0.003574,-0.336722,0.326515,0.077798,-0.085574,-0.126096,0.384068
8.763116,-1.286728,-1.012738,0.836403,0.254194,-1.080332,-0.559902,0.531816,-0.399326,-0.597262,0.554633,0.532978,-0.548416,-0.294631,0.316763,-2.637217,-0.550545,1.706792,-1.659492,-1.460647,3.522802,0.654102,-0.005431,-0.336038,0.325597,0.075317,-0.083004,-0.125824,0.381041
8.764024,-1.292421,-1.011375,0.832626,0.256834,-1.080625,-0.560531,0.530956,-0.365581,-0.634661,0.592491,0.534197,-0.548185,-0.293052,0.317055,-2.637214,-0.550880,1.707112,-1.659412,-1.460734,3.522682,0.654472,-0.003267,-0.337310,0.324048,0.077622,-0.083423,-0.124888,0.376083
8.764976,-1.293161,-1.007257,0.824351,0.260596,-1.081784,-0.561947,0.531193,-0.333097,-0.671397,0.630623,0.533440,-0.548100,-0.291382,0.317318,-2.637213,-0.551211,1.707431,-1.659337,-1.460814,3.522557,0.654848,-0.001188,-0.335408,0.323012,0.075949,-0.082775,-0.123702,0.376464
8.765999,-1.298288,-1.005039,0.821890,0.262285,-1.081880,-0.560773,0.533538,-0.306041,-0.705004,0.665459,0.530122,-0.548339,-0.289943,0.317563,-2.637218,-0.551546,1.707759,-1.659268,-1.460892,3.522442,0.655217,-0.001573,-0.334949,0.324170,0.073442,-0.081310,-0.121783,0.374608
8.766972,-1.304428,-0.996072,0.820286,0.263161,-1.082556,-0.560393,0.532346,-0.284076,-0.734452,0.696016,0.525779,-0.548836,-0.288792,0.317721,-2.637215,-0.551875,1.708081,-1.659197,-1.460975,3.522319,0.655570,0.000129,-0.333698,0.322520,0.073231,-0.080905,-0.122460,0.368593
8.767977,-1.305559,-0.994619,0.819478,0.263957,-1.080020,-0.560313,0.532292,-0.268294,-0.758932,0.721593,0.519703,-0.549762,-0.287960,0.317770,-2.637208,-0.552216,1.708396,-1.659122,-1.461052,3.522198,0.655943,0.002316,-0.335643,0.320505,0.073566,-0.079940,-0.122308,0.369671
8.769077,-1.307080,-0.990697,0.814582,0.266708,-1.077238,-0.562637,0.532731,-0.258739,-0.778928,0.743048,0.510622,-0.551289,-0.287369,0.317775,-2.637209,-0.552546,1.708712,-1.659048,-1.461139,3.522079,0.656313,0.002031,-0.333948,0.318098,0.074097,-0.082144,-0.121882,0.368403
8.770054,-1.310286,-0.989575,0.809560,0.268666,-1.076387,-0.564017,0.532625,-0.251234,-0.797235,0.763878,0.499323,-0.553272,-0.286779,0.317754,-2.637207,-0.552877,1.709032,-1.658976,-1.461229,3.521965,0.656671,0.001863,-0.333656,0.317810,0.072987,-0.084587,-0.119081,0.366221
8.770980,-1.313197,-0.985252,0.804476,0.270097,-1.074556,-0.563817,0.532388,-0.243106,-0.815216,0.785472,0.487449,-0.555449,-0.286113,0.317680,-2.637203,-0.553208,1.709346,-1.658903,-1.461314,3.521849,0.657036,0.002615,-0.331765,0.317525,0.072305,-0.085059,-0.117219,0.365102
8.771997,-1.312721,-0.984290,0.804415,0.269499,-1.074699,-0.564442,0.530994,-0.235305,-0.832208,0.806472,0.475584,-0.557708,-0.285480,0.317571,-2.637199,-0.553539,1.709664,-1.658831,-1.461403,3.521734,0.657397,0.003255,-0.331413,0.317156,0.071995,-0.086469,-0.116939,0.364248
8.772981,-1.310486,-0.978248,0.797302,0.270894,-1.074321,-0.563314,0.530659,-0.227068,-0.849695,0.828031,0.463156,-0.560038,-0.284833,0.317474,-2.637199,-0.553865,1.709969,-1.658755,-1.461488,3.521621,0.657765,0.002156,-0.329549,0.314506,0.073929,-0.085971,-0.115840,0.365712
8.774034,-1.316928,-0.977938,0.792939,0.272722,-1.074414,-0.561924,0.528590,-0.215045,-0.870096,0.853176,0.450091,-0.562337,-0.283934,0.317392,-2.637203,-0.554192,1.710287,-1.658682,-1.461574,3.521505,0.658129,0.000259,-0.330208,0.315250,0.073780,-0.085995,-0.116496,0.365025
8.775138,-1.317005,-0.968830,0.785654,0.277058,-1.074220,-0.562185,0.527606,-0.199629,-0.892202,0.880772,0.436995,-0.564462,-0.282771,0.317334,-2.637196,-0.554517,1.710602,-1.658609,-1.461660,3.521386,0.658508,0.002564,-0.328086,0.314685,0.073456,-0.085561,-0.117398,0.367812
8.775994,-1.316214,-0.964915,0.780696,0.276915,-1.075451,-0.561501,0.526593,-0.185163,-0.911520,0.905793,0.424961,-0.566266,-0.281608,0.317334,-2.637196,-0.554853,1.710915,-1.658543,-1.461744,3.521269,0.658873,0.001654,-0.330371,0.315674,0.070921,-0.085470,-0.116644,0.368436
8.776962,-1.320056,-0.957852,0.775563,0.280556,-1.074344,-0.562257,0.526600,-0.173206,-0.924536,0.925223,0.415807,-0.567534,-0.280500,0.317386,-2.637197,-0.555182,1.711233,-1.658468,-1.461827,3.521154,0.659247,0.000568,-0.329691,0.315168,0.071948,-0.083831,-0.116829,0.369068
8.778044,-1.322999,-0.948530,0.767162,0.281826,-1.074792,-0.561104,0.526671,-0.163357,-0.930778,0.938939,0.410170,-0.568214,-0.279413,0.317461,-2.637194,-0.555516,1.711546,-1.658403,-1.461911,3.521043,0.659612,0.001664,-0.330744,0.314933,0.069684,-0.084602,-0.115593,0.367697
8.778982,-1.320808,-0.942218,0.761093,0.283079,-1.073278,-0.560366,0.525014,-0.158863,-0.927922,0.944164,0.407702,-0.568418,-0.278542,0.317540,-2.637190,-0.555850,1.711866,-1.658332,-1.461994,3.520926,0.659978,0.002192,-0.333094,0.316373,0.070072,-0.083855,-0.116293,0.366223
8.780078,-1.320953,-0.937436,0.755977,0.283462,-1.073383,-0.561161,0.524047,-0.162410,-0.913432,0.938268,0.408182,-0.568298,-0.277972,0.317619,-2.637194,-0.556184,1.712184,-1.658263,-1.462084,3.520810,0.660347,0.000336,-0.333694,0.316513,0.070043,-0.084960,-0.116529,0.368211
8.781004,-1.322734,-0.933657,0.748863,0.284884,-1.071139,-0.562080,0.523535,-0.170880,-0.890564,0.924586,0.411042,-0.568034,-0.277502,0.317686,-2.637196,-0.556521,1.712497,-1.658190,-1.462169,3.520698,0.660721,-0.000466,-0.333749,0.316385,0.071316,-0.084546,-0.115274,0.368771
8.781971,-1.322307,-0.931395,0.742069,0.286647,-1.069544,-0.561018,0.523796,-0.181245,-0.864177,0.907250,0.415057,-0.567839,-0.277049,0.317732,-2.637194,-0.556855,1.712821,-1.658120,-1.462261,3.520590,0.661094,-0.000359,-0.333064,0.316972,0.071046,-0.086358,-0.113902,0.368406
8.783007,-1.323348,-0.924317,0.737221,0.289434,-1.066162,-0.560822,0.523303,-0.192165,-0.837562,0.888519,0.419511,-0.567794,-0.276647,0.317751,-2.637198,-0.557187,1.713143,-1.658049,-1.462351,3.520477,0.661454,-0.001327,-0.331713,0.317458,0.070573,-0.087529,-0.114506,0.366548
8.784030,-1.324924,-0.922260,0.734163,0.291959,-1.065000,-0.561598,0.521910,-0.201448,-0.812435,0.870142,0.425229,-0.567730,-0.276193,0.317741,-2.637201,-0.557526,1.713457,-1.657983,-1.462445,3.520365,0.661822,-0.001630,-0.332827,0.317128,0.069389,-0.090512,-0.114239,0.366205
8.785052,-1.326906,-0.916304,0.727266,0.293918,-1.062194,-0.562146,0.522534,-0.207233,-0.789540,0.853419,0.433177,-0.567437,-0.275588,0.317737,-2.637203,-0.557851,1.713770,-1.657916,-1.462537,3.520255,0.662189,-0.001665,-0.331531,0.315905,0.068409,-0.091249,-0.113007,0.367666
8.786087,-1.323159,-0.915845,0.722198,0.293452,-1.064426,-0.563005,0.521045,-0.209522,-0.769441,0.838801,0.443148,-0.566866,-0.274902,0.317776,-2.637205,-0.558185,1.714084,-1.657851,-1.462633,3.520143,0.662550,-0.001492,-0.332111,0.316609,0.068042,-0.093621,-0.112001,0.365059
8.787075,-1.322335,-0.912250,0.719403,0.298054,-1.062643,-0.562261,0.521520,-0.208554,-0.753421,0.827034,0.453767,-0.566152,-0.274208,0.317862,-2.637215,-0.558511,1.714404,-1.657778,-1.462721,3.520035,0.662924,-0.004137,-0.330018,0.316323,0.069961,-0.090980,-0.110712,0.366711
8.788021,-1.327668,-0.907945,0.714094,0.303204,-1.062745,-0.562292,0.518496,-0.200470,-0.745038,0.821971,0.464669,-0.565307,-0.273325,0.317985,-2.637222,-0.558844,1.714719,-1.657717,-1.462816,3.519923,0.663283,-0.005260,-0.329379,0.314900,0.066901,-0.092349,-0.111006,0.364408
8.788961,-1.322923,-0.896729,0.712284,0.302764,-1.063587,-0.564204,0.518409,-0.183038,-0.744480,0.824610,0.477747,-0.564053,-0.272159,0.318147,-2.637222,-0.559175,1.715031,-1.657661,-1.462904,3.519813,0.663663,-0.003346,-0.329040,0.314750,0.063327,-0.091826,-0.110500,0.369120
8.790163,-1.325478,-0.890723,0.705041,0.308381,-1.063993,-0.565458,0.517540,-0.159139,-0.747468,0.831432,0.494039,-0.562243,-0.270803,0.318349,-2.637235,-0.559507,1.715342,-1.657593,-1.462995,3.519711,0.664032,-0.006403,-0.332166,0.312840,0.065080,-0.090540,-0.108155,0.367878
8.791047,-1.327176,-0.883958,0.697943,0.308069,-1.064674,-0.566125,0.517483,-0.104920,-0.748116,0.844355,0.534672,-0.557280,-0.267717,0.318723,-2.637244,-0.560175,1.715971,-1.657469,-1.463169,3.519499,0.664767,-0.005855,-0.333769,0.314540,0.063223,-0.088766,-0.105410,0.367045
8.792024,-1.328272,-0.880669,0.695113,0.312305,-1.067148,-0.565397,0.516181,-0.104920,-0.748116,0.844355,0.534672,-0.557280,-0.267717,0.318723,-2.637244,-0.560175,1.715971,-1.657469,-1.463169,3.519499,0.664767,-0.005855,-0.333769,0.314540,0.063223,-0.088766,-0.105410,0.367045
8.793035,-1.333976,-0.879384,0.692875,0.313226,-1.067009,-0.565974,0.514524,-0.082461,-0.741847,0.844866,0.555986,-0.554655,-0.266378,0.318869,-2.637251,-0.560508,1.716284,-1.657414,-1.463252,3.519395,0.665130,-0.006047,-0.332929,0.313144,0.060643,-0.085927,-0.105734,0.368343
8.793951,-1.332093,-0.875571,0.688523,0.314627,-1.065541,-0.565571,0.514668,-0.062931,-0.735400,0.844198,0.575268,-0.552372,-0.265208,0.318988,-2.637251,-0.560840,1.716589,-1.657351,-1.463340,3.519294,0.665504,-0.003999,-0.331154,0.311596,0.061342,-0.085723,-0.104749,0.370291
8.795075,-1.333721,-0.872900,0.686422,0.318780,-1.064480,-0.566007,0.513714,-0.044696,-0.733080,0.845857,0.590727,-0.550698,-0.264151,0.319072,-2.637260,-0.561165,1.716902,-1.657290,-1.463431,3.519188,0.665876,-0.005638,-0.330601,0.310930,0.061311,-0.086757,-0.104719,0.368594
8.796046,-1.335442,-0.867383,0.677154,0.319876,-1.063636,-0.565514,0.513206,-0.024678,-0.737020,0.852543,0.602858,-0.549576,-0.263012,0.319121,-2.637266,-0.561495,1.717210,-1.657236,-1.463518,3.519086,0.666243,-0.005663,-0.329733,0.309384,0.059307,-0.087512,-0.103898,0.369193
8.796985,-1.337667,-0.862231,0.679684,0.322511,-1.061781,-0.566219,0.514671,-0.002404,-0.745745,0.863365,0.613195,-0.548799,-0.261738,0.319134,-2.637273,-0.561829,1.717521,-1.657175,-1.463607,3.518982,0.666614,-0.005528,-0.330006,0.311274,0.059752,-0.087946,-0.103977,0.368835
8.798040,-1.339073,-0.862094,0.671857,0.323711,-1.060002,-0.565724,0.515149,0.019486,-0.756541,0.875521,0.621855,-0.548314,-0.260466,0.319096,-2.637278,-0.562159,1.717821,-1.657119,-1.463699,3.518881,0.666971,-0.005123,-0.330090,0.307286,0.058670,-0.089363,-0.102851,0.364553
8.799003,-1.339371,-0.854640,0.672214,0.324112,-1.057916,-0.564310,0.515857,0.041137,-0.770028,0.889599,0.628445,-0.548096,-0.259244,0.318990,-2.637284,-0.562483,1.718130,-1.657059,-1.463789,3.518777,0.667331,-0.005231,-0.327891,0.308580,0.059281,-0.090778,-0.102958,0.362309
8.800015,-1.342721,-0.845857,0.669359,0.327818,-1.058370,-0.562853,0.513941,0.063165,-0.787458,0.906726,0.632255,-0.548171,-0.258067,0.318834,-2.637292,-0.562812,1.718432,-1.656999,-1.463884,3.518675,0.667686,-0.005788,-0.329204,0.305681,0.060420,-0.092394,-0.103969,0.359585
8.801032,-1.346227,-0.841988,0.661783,0.329434,-1.058555,-0.561870,0.516064,0.084978,-0.806656,0.925672,0.633726,-0.548446,-0.256870,0.318660,-2.637294,-0.563147,1.718737,-1.656944,-1.463974,3.518572,0.668052,-0.004913,-0.331169,0.304465,0.058480,-0.091524,-0.105017,0.362132
8.802038,-1.345664,-0.838622,0.659330,0.333543,-1.057004,-0.562774,0.516249,0.103444,-0.822998,0.942346,0.633944,-0.548794,-0.255746,0.318484,-2.637297,-0.563477,1.719042,-1.656885,-1.464063,3.518464,0.668400,-0.003968,-0.330700,0.305630,0.058600,-0.090967,-0.105565,0.356539
8.803024,-1.350829,-0.835051,0.653648,0.334505,-1.057643,-0.562665,0.518038,0.116857,-0.834834,0.954572,0.633611,-0.549132,-0.254825,0.318299,-2.637306,-0.563803,1.719346,-1.656833,-1.464157,3.518366,0.668747,-0.004999,-0.330042,0.304171,0.056335,-0.092096,-0.104261,0.354942
8.804042,-1.353503,-0.830180,0.650881,0.336556,-1.056241,-0.562424,0.517831,0.126681,-0.843893,0.963725,0.633055,-0.549377,-0.254093,0.318093,-2.637306,-0.564133,1.719647,-1.656774,-1.464245,3.518263,0.669090,-0.003206,-0.329409,0.304382,0.057027,-0.091053,-0.103968,0.350083
8.805013,-1.360105,-0.828565,0.647260,0.339182,-1.054543,-0.563860,0.518925,0.131553,-0.850631,0.969559,0.631039,-0.549668,-0.253641,0.317883,-2.637309,-0.564459,1.719947,-1.656719,-1.464341,3.518161,0.669438,-0.002691,-0.329532,0.303155,0.056783,-0.092033,-0.103814,0.349268
8.806058,-1.357789,-0.830258,0.648499,0.341276,-1.053882,-0.562563,0.520430,0.129653,-0.855026,0.971438,0.626365,-0.550164,-0.253592,0.317692,-2.637304,-0.564782,1.720249,-1.656666,-1.464436,3.518063,0.669772,-0.000229,-0.327957,0.302302,0.055875,-0.093275,-0.101979,0.345838
8.807061,-1.364918,-0.823579,0.639372,0.343468,-1.053088,-0.562391,0.519626,0.124992,-0.861127,0.973552,0.619199,-0.550841,-0.253806,0.317509,-2.637311,-0.565105,1.720540,-1.656609,-1.464532,3.517959,0.670102,-0.002210,-0.324858,0.299206,0.055634,-0.093485,-0.102897,0.341628
8.808078,-1.365453,-0.824503,0.637829,0.345204,-1.052720,-0.561421,0.521024,0.121265,-0.871605,0.979055,0.610133,-0.551660,-0.254091,0.317331,-2.637307,-0.565428,1.720845,-1.656556,-1.464626,3.517858,0.670445,0.000522,-0.325923,0.301148,0.055274,-0.093850,-0.102661,0.342037
8.809044,-1.369072,-0.824462,0.631166,0.351253,-1.051371,-0.561423,0.520957,0.115832,-0.883478,0.984974,0.599295,-0.552692,-0.254546,0.317184,-2.637309,-0.565745,1.721138,-1.656501,-1.464718,3.517752,0.670772,-0.000074,-0.323207,0.299374,0.055362,-0.093797,-0.103217,0.338013
8.810066,-1.372286,-0.821670,0.632089,0.351654,-1.048799,-0.562944,0.521494,0.109314,-0.896262,0.990989,0.587932,-0.553847,-0.255167,0.317077,-2.637306,-0.566059,1.721441,-1.656459,-1.464815,3.517651,0.671106,0.000914,-0.320970,0.300043,0.051220,-0.094677,-0.102797,0.336961
8.811043,-1.374751,-0.815924,0.628985,0.354273,-1.046167,-0.562640,0.520496,0.104705,-0.911315,0.998930,0.577744,-0.554926,-0.255842,0.317013,-2.637302,-0.566379,1.721734,-1.656403,-1.464917,3.517554,0.671429,0.001628,-0.320143,0.297032,0.052693,-0.096754,-0.100892,0.334705
8.811998,-1.378968,-0.805967,0.619894,0.356249,-1.045797,-0.562094,0.522378,0.101771,-0.928001,1.008624,0.568535,-0.555923,-0.256541,0.317017,-2.637298,-0.566702,1.722026,-1.656353,-1.465018,3.517453,0.671768,0.002000,-0.320677,0.296072,0.051849,-0.098867,-0.100814,0.335499
8.813056,-1.379956,-0.801079,0.613122,0.357607,-1.043563,-0.562358,0.522102,0.096358,-0.940998,1.015372,0.560336,-0.556849,-0.257336,0.317092,-2.637290,-0.567029,1.722327,-1.656303,-1.465117,3.517356,0.672092,0.003227,-0.323244,0.297972,0.051626,-0.098704,-0.100984,0.330497
8.814050,-1.382053,-0.794689,0.606740,0.360134,-1.040432,-0.563767,0.520875,0.082211,-0.942957,1.011937,0.553536,-0.557728,-0.258443,0.317212,-2.637287,-0.567352,1.722631,-1.656248,-1.465221,3.517256,0.672417,0.002789,-0.323434,0.298743,0.052226,-0.100450,-0.100334,0.329924
8.814983,-1.384483,-0.784791,0.604613,0.361545,-1.037277,-0.564120,0.521297,0.058045,-0.932216,0.996527,0.548233,-0.558568,-0.259940,0.317367,-2.637284,-0.567678,1.722928,-1.656198,-1.465331,3.517159,0.672751,0.002986,-0.324275,0.299352,0.051563,-0.102986,-0.098534,0.331184
8.816020,-1.386358,-0.781397,0.597501,0.362459,-1.035306,-0.565356,0.521096,0.025972,-0.909949,0.970740,0.544917,-0.559239,-0.261746,0.317550,-2.637279,-0.568009,1.723223,-1.656146,-1.465440,3.517059,0.673072,0.003375,-0.326734,0.297767,0.051779,-0.105519,-0.097789,0.329137
8.817044,-1.385706,-0.775162,0.595979,0.364205,-1.033714,-0.565039,0.521894,-0.012334,-0.877956,0.936552,0.543166,-0.559689,-0.263774,0.317745,-2.637276,-0.568336,1.723524,-1.656091,-1.465549,3.516966,0.673398,0.003414,-0.326086,0.298767,0.052753,-0.106919,-0.096203,0.328375
8.818066,-1.385239,-0.771727,0.583768,0.366618,-1.031609,-0.564500,0.521458,-0.053677,-0.840407,0.897825,0.542040,-0.559960,-0.265878,0.317936,-2.637277,-0.568663,1.723817,-1.656036,-1.465659,3.516867,0.673719,0.002240,-0.326896,0.296994,0.052836,-0.107916,-0.096158,0.325600
8.819098,-1.387492,-0.768719,0.576919,0.368136,-1.031591,-0.564137,0.522799,-0.094117,-0.800665,0.857962,0.541918,-0.559988,-0.267853,0.318102,-2.637278,-0.568988,1.724124,-1.655985,-1.465770,3.516774,0.674040,0.001172,-0.326290,0.300475,0.052354,-0.109428,-0.096353,0.325340
8.820069,-1.386558,-0.765787,0.571406,0.370513,-1.029158,-0.563029,0.523757,-0.133476,-0.759354,0.816860,0.542962,-0.559812,-0.269716,0.318223,-2.637276,-0.569314,1.724426,-1.655931,-1.465880,3.516672,0.674354,0.001426,-0.325493,0.301268,0.052720,-0.108845,-0.096321,0.321493
8.820967,-1.389124,-0.763421,0.568011,0.372638,-1.027209,-0.562566,0.523308,-0.171662,-0.718223,0.775300,0.544480,-0.559567,-0.271514,0.318281,-2.637279,-0.569635,1.724727,-1.655880,-1.465993,3.516575,0.674663,0.000176,-0.324625,0.301358,0.052106,-0.110666,-0.097054,0.318468
8.822085,-1.388888,-0.759681,0.558881,0.376563,-1.024260,-0.562311,0.524495,-0.205451,-0.680986,0.736940,0.546369,-0.559266,-0.273107,0.318273,-2.637280,-0.569959,1.725023,-1.655829,-1.466107,3.516474,0.674979,0.000748,-0.323316,0.300383,0.051524,-0.111920,-0.097095,0.318243
8.822987,-1.390033,-0.749988,0.548454,0.376103,-1.022289,-0.562565,0.524112,-0.233289,-0.649094,0.703261,0.549198,-0.558865,-0.274449,0.318202,-2.637282,-0.570278,1.725330,-1.655782,-1.466228,3.516379,0.675289,-0.000288,-0.323119,0.302396,0.049904,-0.114232,-0.097009,0.314732
8.824020,-1.389873,-0.744792,0.543538,0.378593,-1.018472,-0.562501,0.525286,-0.258746,-0.618709,0.670338,0.553320,-0.558418,-0.275688,0.318079,-2.637286,-0.570609,1.725640,-1.655725,-1.466350,3.516280,0.675606,-0.000416,-0.325428,0.304780,0.051816,-0.115427,-0.096348,0.314372
8.825048,-1.389548,-0.736120,0.542002,0.380471,-1.015073,-0.561874,0.525110,-0.286159,-0.585521,0.633946,0.558239,-0.558083,-0.276958,0.317926,-2.637290,-0.570937,1.725944,-1.655672,-1.466476,3.516185,0.675906,-0.001312,-0.325680,0.304576,0.051208,-0.118522,-0.096060,0.310919
8.826043,-1.388899,-0.729963,0.533821,0.381548,-1.010488,-0.560384,0.524962,-0.313493,-0.550376,0.595985,0.564188,-0.557822,-0.278082,0.317754,-2.637293,-0.571267,1.726246,-1.655620,-1.466603,3.516089,0.676216,-0.002281,-0.327680,0.302725,0.051263,-0.121164,-0.096331,0.310188
8.827051,-1.389263,-0.721586,0.531423,0.381259,-1.008735,-0.560008,0.524207,-0.336837,-0.515519,0.559957,0.571896,-0.557476,-0.278814,0.317579,-2.637299,-0.571597,1.726550,-1.655567,-1.466737,3.515990,0.676521,-0.003148,-0.327929,0.303924,0.051317,-0.124770,-0.097349,0.309180
8.827955,-1.387040,-0.718689,0.524829,0.382248,-1.004168,-0.559595,0.523924,-0.355595,-0.482147,0.527133,0.580754,-0.557055,-0.279132,0.317424,-2.637303,-0.571926,1.726849,-1.655512,-1.466866,3.515892,0.676831,-0.003322,-0.328959,0.301998,0.052108,-0.125435,-0.097152,0.309180
8.829020,-1.386486,-0.715083,0.516589,0.382358,-1.001601,-0.558951,0.522996,-0.368487,-0.453104,0.499932,0.589739,-0.556614,-0.279054,0.317313,-2.637309,-0.572251,1.727153,-1.655463,-1.467003,3.515798,0.677133,-0.004748,-0.327169,0.302100,0.051550,-0.128868,-0.097026,0.308281
8.830047,-1.390130,-0.707096,0.514483,0.382833,-0.997017,-0.558392,0.520154,-0.373297,-0.418017,0.469022,0.605378,-0.555750,-0.277964,0.317283,-2.637318,-0.572904,1.727755,-1.655358,-1.467277,3.515602,0.677762,-0.003924,-0.326776,0.301048,0.052199,-0.133743,-0.097109,0.312775
8.831099,-1.389254,-0.701566,0.506640,0.384545,-0.994483,-0.557309,0.520158,-0.373297,-0.418017,0.469022,0.605378,-0.555750,-0.277964,0.317283,-2.637318,-0.572904,1.727755,-1.655358,-1.467277,3.515602,0.677762,-0.003924,-0.326776,0.301048,0.052199,-0.133743,-0.097109,0.312775
8.832026,-1.390583,-0.692319,0.507394,0.384663,-0.992757,-0.558273,0.518795,-0.370260,-0.409841,0.461952,0.610631,-0.555352,-0.277253,0.317376,-2.637324,-0.573232,1.728059,-1.655308,-1.467414,3.515503,0.678073,-0.004738,-0.326397,0.301861,0.051181,-0.135125,-0.097629,0.311175
8.833007,-1.391631,-0.688716,0.500955,0.386747,-0.990770,-0.555759,0.518757,-0.364872,-0.405733,0.458940,0.614746,-0.554833,-0.276450,0.317517,-2.637329,-0.573565,1.728351,-1.655256,-1.467553,3.515408,0.678388,-0.004391,-0.327758,0.298392,0.051471,-0.135661,-0.096098,0.312414
8.834170,-1.395435,-0.685342,0.491839,0.390007,-0.989204,-0.555199,0.518364,-0.356134,-0.405881,0.460762,0.618109,-0.554160,-0.275502,0.317689,-2.637331,-0.573886,1.728648,-1.655208,-1.467694,3.515307,0.678691,-0.004235,-0.326434,0.298558,0.049997,-0.136464,-0.098066,0.310979
8.835033,-1.400887,-0.673834,0.487577,0.390793,-0.987673,-0.554558,0.517431,-0.345596,-0.409313,0.465794,0.621094,-0.553376,-0.274556,0.317867,-2.637330,-0.574209,1.728947,-1.655164,-1.467832,3.515207,0.679001,-0.002809,-0.325149,0.300109,0.047740,-0.136902,-0.098040,0.310209
8.835978,-1.401550,-0.673013,0.493005,0.391062,-0.986759,-0.554378,0.516427,-0.338830,-0.411753,0.468646,0.623748,-0.552588,-0.273961,0.318031,-2.637327,-0.574539,1.729245,-1.655117,-1.467971,3.515108,0.679316,-0.000472,-0.327644,0.299063,0.047401,-0.137234,-0.098110,0.310588
8.837022,-1.403548,-0.662478,0.485408,0.391631,-0.986039,-0.555233,0.515188,-0.336655,-0.413507,0.469584,0.624938,-0.551974,-0.273733,0.318172,-2.637329,-0.574861,1.729530,-1.655070,-1.468108,3.515009,0.679623,-0.000518,-0.324869,0.293344,0.047719,-0.136993,-0.097715,0.311107
8.838062,-1.405556,-0.656555,0.486707,0.392444,-0.983345,-0.555363,0.515824,-0.331085,-0.429510,0.482452,0.620217,-0.551713,-0.273347,0.318316,-2.637327,-0.575515,1.730106,-1.654973,-1.468386,3.514821,0.680243,0.000609,-0.326877,0.290613,0.047738,-0.138108,-0.095653,0.309224
8.839106,-1.406981,-0.652540,0.480993,0.393649,-0.980420,-0.556057,0.514384,-0.331085,-0.429510,0.482452,0.620217,-0.551713,-0.273347,0.318316,-2.637327,-0.575515,1.730106,-1.654973,-1.468386,3.514821,0.680243,0.000609,-0.326877,0.290613,0.047738,-0.138108,-0.095653,0.309224
8.840119,-1.413570,-0.648805,0.478042,0.393277,-0.978008,-0.554362,0.514455,-0.327089,-0.442332,0.493714,0.615285,-0.552017,-0.273091,0.318300,-2.637325,-0.575838,1.730392,-1.654926,-1.468529,3.514725,0.680552,0.000872,-0.325808,0.290586,0.047270,-0.139840,-0.094403,0.310620
8.840984,-1.412517,-0.643189,0.472889,0.393559,-0.973840,-0.555618,0.514146,-0.323287,-0.458543,0.507484,0.608370,-0.552615,-0.272942,0.318266,-2.637317,-0.576157,1.730677,-1.654877,-1.468676,3.514627,0.680859,0.003671,-0.324627,0.289114,0.048300,-0.141005,-0.095563,0.308942
8.842087,-1.415413,-0.638381,0.470933,0.394734,-0.971996,-0.554384,0.513241,-0.322242,-0.477433,0.522003,0.598522,-0.553571,-0.273100,0.318248,-2.637314,-0.576482,1.730964,-1.654829,-1.468830,3.514538,0.681165,0.002727,-0.324203,0.288685,0.048402,-0.143847,-0.093763,0.308104
8.843072,-1.416801,-0.636418,0.467547,0.397035,-0.969780,-0.553776,0.513277,-0.322639,-0.498790,0.537649,0.586677,-0.554683,-0.273491,0.318270,-2.637308,-0.576805,1.731245,-1.654783,-1.468977,3.514443,0.681472,0.003668,-0.323586,0.286804,0.048101,-0.144443,-0.094480,0.308389
8.843950,-1.415202,-0.631306,0.462710,0.397524,-0.967095,-0.553392,0.512341,-0.321488,-0.523230,0.555948,0.574522,-0.555654,-0.273935,0.318343,-2.637302,-0.577120,1.731529,-1.654742,-1.469128,3.514349,0.681778,0.003880,-0.321525,0.285581,0.046572,-0.145370,-0.094545,0.306802
8.845094,-1.416931,-0.627772,0.464619,0.397096,-0.964905,-0.552489,0.511951,-0.315995,-0.551598,0.578350,0.563522,-0.556237,-0.274262,0.318452,-2.637301,-0.577443,1.731813,-1.654694,-1.469281,3.514256,0.682081,0.002698,-0.320896,0.285024,0.046529,-0.146734,-0.094389,0.307239
8.845986,-1.418152,-0.625094,0.453558,0.400874,-0.962730,-0.552138,0.510150,-0.303924,-0.584799,0.606438,0.553981,-0.556332,-0.274310,0.318592,-2.637298,-0.577760,1.732083,-1.654642,-1.469433,3.514156,0.682389,0.003065,-0.319740,0.281354,0.047756,-0.147657,-0.094729,0.306458
8.846988,-1.418091,-0.621115,0.450713,0.399771,-0.963278,-0.551143,0.509581,-0.286005,-0.622102,0.639512,0.545609,-0.555945,-0.274119,0.318768,-2.637294,-0.578072,1.732374,-1.654604,-1.469585,3.514062,0.682700,0.003264,-0.318016,0.283893,0.044625,-0.148512,-0.094531,0.308601
8.847985,-1.418445,-0.616866,0.450579,0.402746,-0.959880,-0.550651,0.508668,-0.265456,-0.660443,0.673994,0.538656,-0.555099,-0.273883,0.318973,-2.637290,-0.578386,1.732651,-1.654554,-1.469726,3.513966,0.683010,0.002769,-0.317010,0.282434,0.046377,-0.146748,-0.094987,0.308195
8.849012,-1.416782,-0.616607,0.439195,0.402347,-0.957883,-0.549620,0.507223,-0.242431,-0.699249,0.709611,0.533042,-0.553853,-0.273552,0.319180,-2.637287,-0.578697,1.732927,-1.654515,-1.469883,3.513871,0.683323,0.002507,-0.316179,0.279664,0.044225,-0.148834,-0.094928,0.308502
8.850056,-1.420971,-0.609743,0.441171,0.402860,-0.956594,-0.549349,0.507528,-0.215436,-0.739383,0.747705,0.528866,-0.552238,-0.272968,0.319369,-2.637287,-0.579008,1.733216,-1.654468,-1.470037,3.513775,0.683636,0.001240,-0.313343,0.282445,0.045353,-0.149517,-0.095414,0.309865
8.851101,-1.418901,-0.603272,0.431926,0.405656,-0.955486,-0.550489,0.505909,-0.186854,-0.779781,0.786602,0.525117,-0.550460,-0.272187,0.319524,-2.637280,-0.579323,1.733484,-1.654421,-1.470187,3.513680,0.683940,0.002861,-0.313836,0.278677,0.045591,-0.149526,-0.095134,0.307713
8.852108,-1.417537,-0.595491,0.424888,0.406595,-0.955544,-0.550361,0.505326,-0.159886,-0.817389,0.823374,0.521355,-0.548667,-0.271293,0.319627,-2.637282,-0.579634,1.733769,-1.654382,-1.470340,3.513591,0.684251,0.001381,-0.314144,0.280444,0.043719,-0.149338,-0.093475,0.309459
8.853134,-1.421552,-0.592183,0.420331,0.407976,-0.954453,-0.549526,0.503250,-0.136054,-0.847508,0.854530,0.519590,-0.546733,-0.270306,0.319674,-2.637285,-0.579951,1.734050,-1.654336,-1.470486,3.513497,0.684560,0.000330,-0.315005,0.281073,0.043498,-0.148034,-0.093074,0.309089
8.854071,-1.419130,-0.586300,0.411929,0.408049,-0.954630,-0.550758,0.502987,-0.117132,-0.867755,0.877775,0.520223,-0.544716,-0.269336,0.319680,-2.637279,-0.580259,1.734331,-1.654296,-1.470634,3.513399,0.684878,0.001879,-0.313742,0.280468,0.042989,-0.147894,-0.093359,0.311711
8.855060,-1.419874,-0.581567,0.407765,0.408148,-0.952699,-0.550107,0.502480,-0.104581,-0.879152,0.893165,0.521625,-0.542870,-0.268535,0.319651,-2.637283,-0.580573,1.734618,-1.654252,-1.470779,3.513311,0.685185,0.000292,-0.313644,0.281699,0.043553,-0.146461,-0.091600,0.310717
8.855978,-1.420673,-0.575989,0.402775,0.408944,-0.949658,-0.549420,0.499549,-0.097738,-0.883685,0.902231,0.522692,-0.541333,-0.267914,0.319591,-2.637282,-0.580886,1.734897,-1.654207,-1.470929,3.513220,0.685495,0.000272,-0.313006,0.280891,0.044135,-0.147140,-0.091748,0.310220
8.857156,-1.420356,-0.572705,0.394948,0.408967,-0.948488,-0.549471,0.500123,-0.094908,-0.883416,0.907055,0.522963,-0.540079,-0.267386,0.319537,-2.637282,-0.581196,1.735176,-1.654162,-1.471078,3.513128,0.685821,0.000292,-0.312790,0.280492,0.043911,-0.148901,-0.091907,0.314573
8.858070,-1.420318,-0.565785,0.388244,0.407538,-0.946260,-0.547813,0.498712,-0.095362,-0.879763,0.908737,0.522131,-0.539042,-0.266926,0.319513,-2.637285,-0.581509,1.735457,-1.654115,-1.471225,3.513035,0.686123,-0.000318,-0.311572,0.281622,0.044891,-0.148850,-0.091324,0.311819
8.859045,-1.422986,-0.558121,0.383337,0.407128,-0.945407,-0.547578,0.500660,-0.099763,-0.873207,0.907118,0.519394,-0.538273,-0.266568,0.319510,-2.637288,-0.581821,1.735742,-1.654066,-1.471377,3.512942,0.686438,-0.000679,-0.312007,0.281990,0.046785,-0.149775,-0.092465,0.313168
8.860118,-1.421748,-0.555805,0.377829,0.409331,-0.943027,-0.547409,0.499602,-0.109938,-0.863040,0.901091,0.513671,-0.537886,-0.266367,0.319512,-2.637284,-0.582136,1.736027,-1.654017,-1.471525,3.512851,0.686737,0.000221,-0.312820,0.281496,0.047762,-0.149352,-0.092163,0.307741
8.861046,-1.421720,-0.546374,0.374421,0.409756,-0.941653,-0.547841,0.500047,-0.125240,-0.849610,0.891111,0.505417,-0.537805,-0.266310,0.319496,-2.637287,-0.582447,1.736305,-1.653975,-1.471673,3.512760,0.687043,-0.000815,-0.311047,0.281434,0.046453,-0.150507,-0.091812,0.308394
8.862024,-1.421915,-0.537362,0.363412,0.411164,-0.942804,-0.548336,0.499870,-0.141424,-0.834869,0.879918,0.496827,-0.537732,-0.266232,0.319443,-2.637289,-0.582762,1.736586,-1.653930,-1.471825,3.512669,0.687347,-0.001176,-0.312733,0.280209,0.046626,-0.150564,-0.090856,0.306000
8.863011,-1.423646,-0.528237,0.352806,0.411648,-0.942714,-0.548286,0.499113,-0.157938,-0.817068,0.866546,0.489740,-0.537467,-0.266092,0.319345,-2.637291,-0.583082,1.736875,-1.653886,-1.471965,3.512581,0.687646,-0.001456,-0.314150,0.282754,0.045913,-0.148200,-0.089856,0.304904
8.864015,-1.421526,-0.526124,0.354334,0.412301,-0.939382,-0.547438,0.500703,-0.180050,-0.790753,0.845123,0.484662,-0.537076,-0.266135,0.319204,-2.637291,-0.583405,1.737160,-1.653840,-1.472113,3.512493,0.687951,-0.000986,-0.315593,0.285118,0.046104,-0.147045,-0.089407,0.304935
8.864983,-1.421221,-0.519787,0.344119,0.414272,-0.938398,-0.546939,0.500604,-0.207521,-0.756998,0.816246,0.481327,-0.536650,-0.266377,0.319021,-2.637297,-0.583713,1.737438,-1.653796,-1.472264,3.512404,0.688237,-0.002410,-0.313700,0.281443,0.046195,-0.149126,-0.089757,0.300288
8.865975,-1.422321,-0.516552,0.341073,0.416357,-0.935535,-0.546853,0.501187,-0.232955,-0.723064,0.787512,0.479995,-0.536114,-0.266496,0.318785,-2.637300,-0.584029,1.737724,-1.653753,-1.472414,3.512314,0.688534,-0.002904,-0.313836,0.283653,0.044907,-0.148806,-0.089738,0.299061
8.867036,-1.419579,-0.508051,0.337967,0.417287,-0.933115,-0.547633,0.500529,-0.252986,-0.692101,0.761983,0.481491,-0.535363,-0.266396,0.318508,-2.637303,-0.584337,1.738003,-1.653711,-1.472570,3.512229,0.688826,-0.002721,-0.312514,0.282274,0.043600,-0.150350,-0.089336,0.296441
8.868112,-1.419390,-0.504327,0.333288,0.416660,-0.933453,-0.548237,0.501724,-0.266264,-0.665182,0.740817,0.486339,-0.534317,-0.266046,0.318210,-2.637310,-0.584655,1.738283,-1.653668,-1.472725,3.512144,0.689117,-0.004457,-0.313795,0.280983,0.043548,-0.151457,-0.088065,0.296322
8.869007,-1.419202,-0.498613,0.326917,0.417826,-0.931657,-0.549083,0.502360,-0.271236,-0.644117,0.726057,0.493804,-0.533030,-0.265339,0.317899,-2.637318,-0.584966,1.738559,-1.653622,-1.472869,3.512056,0.689401,-0.004883,-0.312723,0.280551,0.045001,-0.149895,-0.086961,0.292460
8.869988,-1.420615,-0.496301,0.325631,0.419829,-0.930651,-0.548927,0.502406,-0.269740,-0.629361,0.717225,0.502032,-0.531744,-0.264366,0.317572,-2.637321,-0.585279,1.738840,-1.653579,-1.473022,3.511976,0.689687,-0.005307,-0.312528,0.280808,0.044397,-0.150378,-0.085653,0.289812
8.871080,-1.421622,-0.487247,0.324530,0.420400,-0.929261,-0.547318,0.503131,-0.251288,-0.619935,0.716156,0.518586,-0.529323,-0.262004,0.316907,-2.637333,-0.585900,1.739385,-1.653493,-1.473324,3.511806,0.690249,-0.004798,-0.312374,0.276445,0.043482,-0.150221,-0.086480,0.285443
8.872062,-1.425334,-0.482131,0.314642,0.423942,-0.928737,-0.546435,0.502902,-0.251288,-0.619935,0.716156,0.518586,-0.529323,-0.262004,0.316907,-2.637333,-0.585900,1.739385,-1.653493,-1.473324,3.511806,0.690249,-0.004798,-0.312374,0.276445,0.043482,-0.150221,-0.086480,0.285443
8.872975,-1.426488,-0.474698,0.313839,0.423556,-0.927628,-0.545476,0.503656,-0.237103,-0.622052,0.721314,0.527072,-0.528008,-0.260733,0.316623,-2.637334,-0.586210,1.739667,-1.653457,-1.473473,3.511722,0.690531,-0.003319,-0.311947,0.278522,0.040812,-0.149461,-0.086876,0.284519
8.874084,-1.426514,-0.472051,0.308010,0.426981,-0.924542,-0.545422,0.503430,-0.225449,-0.622954,0.724349,0.535720,-0.526590,-0.259690,0.316412,-2.637338,-0.586526,1.739935,-1.653413,-1.473624,3.511633,0.690806,-0.003077,-0.312589,0.276109,0.041810,-0.149277,-0.087324,0.281641
8.875081,-1.429748,-0.473210,0.299791,0.426167,-0.923555,-0.546149,0.504388,-0.207001,-0.625069,0.727571,0.552300,-0.523517,-0.258253,0.316221,-2.637344,-0.587136,1.740492,-1.653334,-1.473931,3.511463,0.691357,-0.002228,-0.307587,0.277511,0.041096,-0.150746,-0.085668,0.277384
8.876097,-1.430058,-0.466217,0.302483,0.427939,-0.923431,-0.545329,0.504113,-0.207001,-0.625069,0.727571,0.552300,-0.523517,-0.258253,0.316221,-2.637344,-0.587136,1.740492,-1.653334,-1.473931,3.511463,0.691357,-0.002228,-0.307587,0.277511,0.041096,-0.150746,-0.085668,0.277384
8.877042,-1.432878,-0.464262,0.297319,0.430688,-0.921169,-0.544096,0.504040,-0.198610,-0.631939,0.731532,0.557654,-0.522201,-0.257928,0.316220,-2.637347,-0.587445,1.740756,-1.653296,-1.474080,3.511374,0.691633,-0.002467,-0.308197,0.273441,0.040208,-0.149601,-0.086000,0.276576
8.878014,-1.430515,-0.461208,0.296222,0.431383,-0.920200,-0.543737,0.503252,-0.188139,-0.644961,0.739960,0.560748,-0.521085,-0.257662,0.316288,-2.637348,-0.587746,1.741030,-1.653262,-1.474235,3.511287,0.691905,-0.001427,-0.306265,0.273224,0.038336,-0.150549,-0.086736,0.275367
8.879041,-1.430183,-0.452976,0.291475,0.434254,-0.918936,-0.544032,0.503226,-0.172459,-0.664654,0.754652,0.563166,-0.519990,-0.257193,0.316418,-2.637355,-0.588050,1.741295,-1.653223,-1.474380,3.511201,0.692180,-0.002950,-0.304898,0.271054,0.038464,-0.150271,-0.086598,0.275591
8.880005,-1.433750,-0.448467,0.286566,0.434125,-0.918466,-0.544867,0.504291,-0.149607,-0.690314,0.776063,0.566301,-0.518776,-0.256313,0.316572,-2.637359,-0.588356,1.741564,-1.653190,-1.474530,3.511118,0.692451,-0.003467,-0.306169,0.270710,0.036622,-0.150273,-0.085826,0.274258
8.880977,-1.434354,-0.441681,0.284398,0.435521,-0.915497,-0.544745,0.504806,-0.122576,-0.717753,0.800497,0.570563,-0.517446,-0.255101,0.316700,-2.637359,-0.588661,1.741834,-1.653151,-1.474675,3.511035,0.692711,-0.002062,-0.305480,0.270397,0.037570,-0.149499,-0.084510,0.270799
8.882057,-1.435156,-0.440520,0.287480,0.436446,-0.915493,-0.543482,0.505819,-0.096885,-0.743506,0.823622,0.574434,-0.516197,-0.253860,0.316794,-2.637362,-0.588970,1.742096,-1.653117,-1.474829,3.510950,0.692975,-0.002134,-0.305931,0.268799,0.037085,-0.151173,-0.084157,0.268456
8.883008,-1.436528,-0.433265,0.281420,0.438441,-0.916649,-0.544513,0.506390,-0.071447,-0.769604,0.847449,0.576889,-0.515081,-0.252561,0.316875,-2.637365,-0.589268,1.742354,-1.653081,-1.474977,3.510865,0.693229,-0.002148,-0.303741,0.264665,0.037243,-0.149914,-0.084947,0.265104
8.884028,-1.435242,-0.431060,0.276567,0.439779,-0.915740,-0.544861,0.506088,-0.043351,-0.798746,0.875075,0.577802,-0.514066,-0.251076,0.316961,-2.637367,-0.589576,1.742616,-1.653049,-1.475122,3.510782,0.693487,-0.001822,-0.304431,0.265051,0.036172,-0.147510,-0.083426,0.262676
8.885053,-1.440056,-0.429135,0.279297,0.443249,-0.915823,-0.543986,0.507922,-0.014006,-0.829133,0.904577,0.577620,-0.513152,-0.249512,0.317064,-2.637371,-0.589873,1.742880,-1.653015,-1.475268,3.510702,0.693748,-0.002846,-0.302729,0.264801,0.035855,-0.147203,-0.082626,0.261973
8.885997,-1.442290,-0.425669,0.274471,0.444313,-0.917514,-0.543344,0.508659,0.016490,-0.860523,0.935502,0.576919,-0.512279,-0.247924,0.317174,-2.637367,-0.590173,1.743137,-1.652988,-1.475414,3.510617,0.693991,-0.000877,-0.300888,0.260820,0.033564,-0.145884,-0.083031,0.257004
8.886984,-1.440806,-0.418341,0.269427,0.447717,-0.917857,-0.541262,0.509134,0.048323,-0.894489,0.968882,0.575297,-0.511476,-0.246344,0.317271,-2.637365,-0.590472,1.743393,-1.652955,-1.475552,3.510533,0.694238,-0.000185,-0.299760,0.260654,0.033417,-0.143009,-0.083190,0.254302
8.888095,-1.443669,-0.410841,0.269525,0.448082,-0.917609,-0.541463,0.508623,0.079404,-0.928348,1.002137,0.573239,-0.510757,-0.244821,0.317350,-2.637368,-0.590771,1.743653,-1.652929,-1.475690,3.510447,0.694488,-0.001312,-0.300618,0.260540,0.031132,-0.141519,-0.084800,0.252086
8.889015,-1.447576,-0.415278,0.260080,0.450687,-0.916928,-0.541255,0.508462,0.108422,-0.957908,1.032297,0.572146,-0.510023,-0.243289,0.317414,-2.637365,-0.591074,1.743908,-1.652895,-1.475826,3.510361,0.694736,-0.000342,-0.301591,0.257946,0.031975,-0.140665,-0.084084,0.251827
8.889993,-1.450056,-0.407731,0.260530,0.452568,-0.914416,-0.541278,0.508408,0.133093,-0.982568,1.058031,0.571049,-0.509403,-0.241892,0.317472,-2.637362,-0.591364,1.744168,-1.652869,-1.475966,3.510276,0.694985,0.001200,-0.296546,0.260038,0.030374,-0.140155,-0.083811,0.250893
8.891087,-1.450281,-0.404023,0.254412,0.454830,-0.915184,-0.541694,0.509254,0.151323,-1.003806,1.078977,0.568520,-0.509049,-0.240866,0.317527,-2.637359,-0.591660,1.744420,-1.652842,-1.476109,3.510193,0.695231,0.001992,-0.297571,0.257225,0.029606,-0.141472,-0.083315,0.249742
8.892082,-1.452492,-0.401437,0.248952,0.456654,-0.915750,-0.542084,0.508783,0.163904,-1.021252,1.095298,0.565359,-0.508821,-0.240133,0.317568,-2.637357,-0.591956,1.744675,-1.652815,-1.476245,3.510112,0.695473,0.001622,-0.296708,0.257782,0.028654,-0.139556,-0.082438,0.246762
8.892976,-1.456685,-0.396079,0.245675,0.458413,-0.914936,-0.542723,0.508402,0.171609,-1.033938,1.106777,0.562396,-0.508620,-0.239582,0.317583,-2.637353,-0.592247,1.744933,-1.652788,-1.476381,3.510031,0.695718,0.002286,-0.295264,0.257905,0.027970,-0.137860,-0.081588,0.246474
8.894080,-1.455359,-0.390197,0.235741,0.459914,-0.913166,-0.542625,0.508349,0.173278,-1.041472,1.112560,0.559239,-0.508504,-0.239307,0.317573,-2.637347,-0.592544,1.745189,-1.652763,-1.476516,3.509952,0.695960,0.003958,-0.295086,0.256890,0.027225,-0.137536,-0.080495,0.246018
8.895064,-1.454902,-0.386200,0.237391,0.463166,-0.914008,-0.542216,0.507656,0.167364,-1.042142,1.111004,0.555900,-0.508449,-0.239414,0.317550,-2.637346,-0.592841,1.745451,-1.652735,-1.476657,3.509872,0.696203,0.002795,-0.295316,0.259289,0.027037,-0.138153,-0.080152,0.244841
8.895984,-1.457297,-0.381190,0.228835,0.464075,-0.915973,-0.542083,0.508040,0.156845,-1.035906,1.103433,0.553963,-0.508204,-0.239737,0.317523,-2.637345,-0.593130,1.745700,-1.652714,-1.476789,3.509792,0.696447,0.002163,-0.294590,0.255889,0.025016,-0.136188,-0.080105,0.244990
8.897059,-1.456771,-0.371017,0.222934,0.466141,-0.914975,-0.541622,0.505882,0.145985,-1.025248,1.093313,0.554293,-0.507594,-0.240058,0.317498,-2.637341,-0.593424,1.745957,-1.652687,-1.476915,3.509712,0.696688,0.002950,-0.294285,0.257589,0.025132,-0.133159,-0.079781,0.242983
8.898019,-1.457988,-0.363911,0.220378,0.467911,-0.916873,-0.542988,0.504804,0.115471,-0.983272,1.058005,0.560427,-0.505402,-0.240902,0.317551,-2.637338,-0.594019,1.746474,-1.652641,-1.477171,3.509560,0.697187,0.002421,-0.297358,0.256575,0.023839,-0.130161,-0.078001,0.246924
8.899090,-1.455643,-0.361685,0.212033,0.469769,-0.916570,-0.544286,0.503287,0.115471,-0.983272,1.058005,0.560427,-0.505402,-0.240902,0.317551,-2.637338,-0.594019,1.746474,-1.652641,-1.477171,3.509560,0.697187,0.002421,-0.297358,0.256575,0.023839,-0.130161,-0.078001,0.246924
8.900089,-1.455716,-0.358063,0.203212,0.469298,-0.917032,-0.542747,0.501953,0.095886,-0.950957,1.032384,0.566443,-0.503787,-0.241328,0.317640,-2.637340,-0.594315,1.746731,-1.652618,-1.477294,3.509487,0.697441,0.000816,-0.295728,0.258206,0.023364,-0.129495,-0.076292,0.248654
8.901044,-1.458132,-0.351121,0.198140,0.472067,-0.917951,-0.542457,0.500739,0.075439,-0.915424,1.004447,0.573183,-0.502048,-0.241727,0.317765,-2.637340,-0.594605,1.746993,-1.652590,-1.477422,3.509407,0.697695,0.000455,-0.294830,0.259963,0.024973,-0.127972,-0.077409,0.250026
8.902001,-1.457276,-0.345591,0.194425,0.474011,-0.919259,-0.540405,0.499608,0.052500,-0.877710,0.973798,0.579107,-0.500472,-0.242204,0.317941,-2.637338,-0.594904,1.747250,-1.652572,-1.477545,3.509329,0.697947,0.001260,-0.295466,0.259860,0.023449,-0.126037,-0.077244,0.251183
8.903086,-1.458749,-0.345555,0.190336,0.475558,-0.920090,-0.541798,0.500149,0.027024,-0.837769,0.940430,0.584389,-0.499101,-0.242732,0.318167,-2.637341,-0.595197,1.747510,-1.652550,-1.477663,3.509250,0.698202,0.000461,-0.295441,0.259059,0.022711,-0.123753,-0.078862,0.252157
8.904053,-1.460661,-0.340948,0.179428,0.477730,-0.919663,-0.542222,0.498953,0.002387,-0.798830,0.907719,0.589380,-0.497911,-0.243155,0.318400,-2.637339,-0.595487,1.747768,-1.652531,-1.477782,3.509178,0.698446,0.000745,-0.292787,0.258533,0.022639,-0.121983,-0.077031,0.249764
8.905027,-1.459446,-0.334124,0.177378,0.478252,-0.919366,-0.542805,0.497874,-0.021243,-0.763529,0.876959,0.593176,-0.497042,-0.243586,0.318611,-2.637337,-0.595782,1.748034,-1.652512,-1.477904,3.509101,0.698702,0.001281,-0.292316,0.261309,0.021742,-0.121422,-0.076182,0.250896
8.906079,-1.461246,-0.332730,0.169122,0.479779,-0.919579,-0.544709,0.498648,-0.046087,-0.730559,0.846141,0.595597,-0.496545,-0.244202,0.318804,-2.637339,-0.596076,1.748290,-1.652488,-1.478019,3.509028,0.698958,0.000278,-0.292963,0.259683,0.022415,-0.120784,-0.075184,0.251760
8.907065,-1.460743,-0.323191,0.166047,0.481704,-0.921166,-0.543757,0.497349,-0.071837,-0.699873,0.815393,0.596711,-0.496400,-0.244997,0.318970,-2.637337,-0.596366,1.748556,-1.652467,-1.478134,3.508959,0.699200,0.000740,-0.290973,0.261169,0.022260,-0.119655,-0.072880,0.248918
8.907969,-1.462766,-0.317057,0.160700,0.484060,-0.919446,-0.543912,0.497174,-0.097930,-0.671869,0.785154,0.596591,-0.496573,-0.245970,0.319086,-2.637339,-0.596666,1.748812,-1.652447,-1.478245,3.508883,0.699451,0.000095,-0.292938,0.260085,0.021613,-0.117161,-0.073429,0.250278
8.909027,-1.460830,-0.311568,0.156376,0.484591,-0.918645,-0.543464,0.496697,-0.124186,-0.644670,0.754490,0.596463,-0.496863,-0.247063,0.319150,-2.637337,-0.596959,1.749072,-1.652430,-1.478364,3.508810,0.699699,0.000728,-0.293171,0.260087,0.020470,-0.117931,-0.072844,0.249366
8.909988,-1.463047,-0.303321,0.149019,0.486532,-0.918127,-0.543494,0.498136,-0.174159,-0.591015,0.692924,0.598475,-0.497154,-0.249262,0.319135,-2.637340,-0.597548,1.749594,-1.652390,-1.478593,3.508665,0.700189,0.000085,-0.294537,0.260666,0.020661,-0.117400,-0.072450,0.244888
8.911089,-1.460842,-0.298567,0.148202,0.489278,-0.917559,-0.542760,0.497898,-0.197382,-0.564426,0.662355,0.600781,-0.497000,-0.250284,0.319069,-2.637346,-0.597844,1.749848,-1.652373,-1.478710,3.508589,0.700430,-0.001426,-0.294188,0.258522,0.019489,-0.117051,-0.072765,0.244130
8.912106,-1.459507,-0.294366,0.145898,0.489135,-0.918750,-0.542662,0.497866,-0.197382,-0.564426,0.662355,0.600781,-0.497000,-0.250284,0.319069,-2.637346,-0.597844,1.749848,-1.652373,-1.478710,3.508589,0.700430,-0.001426,-0.294188,0.258522,0.019489,-0.117051,-0.072765,0.244130
8.913030,-1.461119,-0.286707,0.143130,0.490537,-0.919478,-0.542154,0.497089,-0.214655,-0.541733,0.636464,0.604350,-0.496536,-0.250978,0.318996,-2.637350,-0.598138,1.750101,-1.652348,-1.478819,3.508519,0.700671,-0.002460,-0.293544,0.257144,0.020883,-0.114976,-0.072463,0.242944
8.913971,-1.458275,-0.283553,0.135115,0.493619,-0.918606,-0.542986,0.497851,-0.223875,-0.526194,0.618416,0.607928,-0.495915,-0.251217,0.318943,-2.637350,-0.598432,1.750358,-1.652331,-1.478929,3.508448,0.700912,-0.002017,-0.294580,0.255895,0.020698,-0.113367,-0.072571,0.243294
8.915087,-1.463823,-0.277339,0.139024,0.495494,-0.919490,-0.543411,0.498022,-0.226964,-0.516481,0.606528,0.611352,-0.495209,-0.251127,0.318906,-2.637357,-0.598726,1.750616,-1.652316,-1.479041,3.508378,0.701148,-0.003760,-0.293327,0.257292,0.018930,-0.113338,-0.071330,0.240535
8.916013,-1.464641,-0.269447,0.132648,0.497723,-0.919457,-0.543149,0.498845,-0.224969,-0.511596,0.599603,0.615280,-0.494375,-0.250835,0.318870,-2.637355,-0.599016,1.750861,-1.652299,-1.479146,3.508311,0.701383,-0.001422,-0.293827,0.252883,0.018670,-0.111644,-0.070538,0.238953
8.916967,-1.463469,-0.265283,0.133289,0.499339,-0.919275,-0.541559,0.498261,-0.220478,-0.510365,0.596120,0.619061,-0.493532,-0.250496,0.318846,-2.637358,-0.599313,1.751116,-1.652282,-1.479255,3.508242,0.701613,-0.001381,-0.294938,0.253509,0.017696,-0.110806,-0.070417,0.236121
8.917977,-1.469122,-0.262433,0.129881,0.502200,-0.919260,-0.541802,0.498105,-0.206397,-0.516001,0.597541,0.626118,-0.492056,-0.249579,0.318878,-2.637358,-0.599894,1.751609,-1.652254,-1.479470,3.508100,0.702080,0.000084,-0.292952,0.249925,0.016052,-0.109284,-0.070956,0.235206
8.919086,-1.469094,-0.256300,0.126164,0.502157,-0.918123,-0.541715,0.496798,-0.206397,-0.516001,0.597541,0.626118,-0.492056,-0.249579,0.318878,-2.637358,-0.599894,1.751609,-1.652254,-1.479470,3.508100,0.702080,0.000084,-0.292952,0.249925,0.016052,-0.109284,-0.070956,0.235206
8.920098,-1.468962,-0.253495,0.127510,0.504585,-0.916465,-0.541886,0.497038,-0.197988,-0.524242,0.602741,0.628083,-0.491644,-0.249082,0.318941,-2.637360,-0.600190,1.751855,-1.652233,-1.479578,3.508032,0.702317,-0.000393,-0.293338,0.249364,0.017626,-0.109607,-0.070669,0.236589
8.920998,-1.472138,-0.244675,0.126651,0.507143,-0.914224,-0.543195,0.497756,-0.189658,-0.536133,0.610626,0.628052,-0.491554,-0.248621,0.319047,-2.637362,-0.600476,1.752095,-1.652219,-1.479690,3.507963,0.702552,-0.000849,-0.292081,0.246287,0.016641,-0.110376,-0.070107,0.234861
8.922066,-1.473765,-0.240290,0.124242,0.508578,-0.912418,-0.543682,0.497041,-0.178330,-0.552253,0.623137,0.627276,-0.491557,-0.248024,0.319178,-2.637359,-0.600772,1.752335,-1.652207,-1.479807,3.507899,0.702780,0.000351,-0.293650,0.244282,0.015411,-0.111660,-0.068425,0.232253
8.923066,-1.478493,-0.239620,0.122001,0.510529,-0.913089,-0.544455,0.496276,-0.164983,-0.570160,0.638579,0.626742,-0.491485,-0.247347,0.319316,-2.637357,-0.601066,1.752574,-1.652190,-1.479918,3.507835,0.703010,0.000697,-0.293127,0.243146,0.015488,-0.112589,-0.067591,0.232496
8.923985,-1.479152,-0.233487,0.121485,0.514520,-0.912420,-0.544556,0.495810,-0.152611,-0.588739,0.654897,0.625467,-0.491452,-0.246789,0.319468,-2.637351,-0.601348,1.752813,-1.652176,-1.480024,3.507770,0.703242,0.002594,-0.290821,0.241880,0.014997,-0.111053,-0.066452,0.232823
8.925050,-1.480663,-0.227694,0.114713,0.514370,-0.911434,-0.545122,0.495988,-0.141645,-0.608871,0.672160,0.623000,-0.491508,-0.246427,0.319624,-2.637349,-0.601642,1.753049,-1.652169,-1.480137,3.507707,0.703473,0.002506,-0.291093,0.239744,0.012456,-0.110813,-0.066002,0.232572
8.926059,-1.484082,-0.224640,0.114142,0.516621,-0.911512,-0.544769,0.496204,-0.132109,-0.628791,0.689157,0.620356,-0.491530,-0.246212,0.319757,-2.637346,-0.601937,1.753289,-1.652151,-1.480247,3.507643,0.703706,0.002787,-0.291276,0.240803,0.014139,-0.110950,-0.065077,0.230973
8.927043,-1.481665,-0.219269,0.110316,0.516800,-0.911004,-0.545452,0.495076,-0.126063,-0.646462,0.703679,0.617148,-0.491577,-0.246204,0.319850,-2.637338,-0.602221,1.753521,-1.652140,-1.480354,3.507579,0.703930,0.004223,-0.289742,0.238502,0.012735,-0.109865,-0.064983,0.229155
8.928074,-1.483574,-0.213082,0.108513,0.516014,-0.913313,-0.545380,0.494179,-0.122508,-0.663281,0.716886,0.612988,-0.491675,-0.246366,0.319905,-2.637337,-0.602510,1.753755,-1.652127,-1.480458,3.507521,0.704162,0.002990,-0.288948,0.237609,0.012757,-0.109291,-0.063782,0.229843
8.928998,-1.488172,-0.207293,0.107006,0.517090,-0.912687,-0.545629,0.492920,-0.118708,-0.681227,0.731167,0.607940,-0.491803,-0.246542,0.319929,-2.637331,-0.602794,1.753989,-1.652113,-1.480558,3.507458,0.704391,0.003903,-0.288615,0.235679,0.013715,-0.105892,-0.063325,0.230015
8.930098,-1.482903,-0.197972,0.103430,0.518412,-0.913011,-0.545874,0.491684,-0.116094,-0.700062,0.745924,0.600930,-0.492111,-0.246787,0.319927,-2.637321,-0.603080,1.754219,-1.652102,-1.480663,3.507396,0.704629,0.006109,-0.288052,0.233663,0.012830,-0.105449,-0.062556,0.230967
8.931113,-1.481899,-0.192335,0.098182,0.516691,-0.913912,-0.546385,0.491222,-0.114936,-0.718156,0.760120,0.592882,-0.492501,-0.247082,0.319896,-2.637323,-0.603373,1.754446,-1.652090,-1.480763,3.507337,0.704863,0.003455,-0.289199,0.232726,0.011771,-0.104061,-0.061783,0.231757
8.932006,-1.481541,-0.188281,0.093680,0.517640,-0.912105,-0.546825,0.491455,-0.112340,-0.734322,0.774224,0.585982,-0.492724,-0.247188,0.319822,-2.637321,-0.603656,1.754680,-1.652073,-1.480863,3.507282,0.705097,0.002958,-0.288578,0.232535,0.013623,-0.102098,-0.060781,0.231042
8.933011,-1.484291,-0.182376,0.087563,0.516856,-0.910693,-0.547266,0.490572,-0.107869,-0.748892,0.788444,0.580039,-0.492832,-0.247073,0.319708,-2.637318,-0.603941,1.754907,-1.652061,-1.480965,3.507226,0.705322,0.002761,-0.287163,0.232047,0.012805,-0.102868,-0.059862,0.229057
8.934095,-1.482550,-0.176785,0.084465,0.518260,-0.910623,-0.547608,0.489966,-0.104361,-0.761731,0.801195,0.573814,-0.492992,-0.246970,0.319586,-2.637310,-0.604224,1.755141,-1.652046,-1.481070,3.507168,0.705552,0.004063,-0.286710,0.232287,0.013776,-0.103172,-0.058914,0.229247
8.935087,-1.482633,-0.169471,0.079749,0.518349,-0.910255,-0.548404,0.489919,-0.104001,-0.771949,0.810854,0.566879,-0.493265,-0.247035,0.319496,-2.637308,-0.604512,1.755372,-1.652037,-1.481171,3.507112,0.705780,0.003164,-0.286028,0.231044,0.012661,-0.102159,-0.058067,0.228807
8.935960,-1.481666,-0.161817,0.076527,0.520182,-0.909825,-0.547195,0.489564,-0.105674,-0.779398,0.817853,0.560003,-0.493566,-0.247183,0.319457,-2.637306,-0.604799,1.755604,-1.652025,-1.481269,3.507057,0.706004,0.003196,-0.286224,0.230613,0.012801,-0.101491,-0.056782,0.227322
8.937078,-1.483917,-0.161570,0.067229,0.520493,-0.908988,-0.549201,0.490492,-0.107748,-0.783396,0.822616,0.554490,-0.493733,-0.247261,0.319467,-2.637303,-0.605084,1.755829,-1.652017,-1.481368,3.506998,0.706229,0.002680,-0.286622,0.229497,0.011211,-0.100884,-0.057521,0.226546
8.938032,-1.484255,-0.151166,0.063950,0.522100,-0.910501,-0.548831,0.489710,-0.110842,-0.783624,0.824511,0.550518,-0.493751,-0.247324,0.319519,-2.637298,-0.605362,1.756062,-1.652006,-1.481467,3.506948,0.706446,0.003777,-0.283346,0.231370,0.011200,-0.100679,-0.055004,0.223041
8.938998,-1.479163,-0.142701,0.059972,0.523229,-0.910903,-0.548190,0.489775,-0.117427,-0.779986,0.822079,0.547212,-0.493755,-0.247597,0.319599,-2.637294,-0.605651,1.756287,-1.652000,-1.481561,3.506892,0.706668,0.003898,-0.285110,0.230268,0.009932,-0.098152,-0.054910,0.223104
8.940099,-1.480840,-0.139815,0.051089,0.522121,-0.910681,-0.548906,0.489471,-0.126261,-0.771497,0.815425,0.545626,-0.493638,-0.247956,0.319678,-2.637296,-0.605938,1.756515,-1.651991,-1.481658,3.506839,0.706882,0.001364,-0.285876,0.229510,0.009082,-0.096739,-0.055084,0.221448
8.941013,-1.482054,-0.131274,0.046973,0.523372,-0.910593,-0.549070,0.489841,-0.134615,-0.758807,0.806273,0.546446,-0.493332,-0.248178,0.319733,-2.637292,-0.606221,1.756748,-1.651978,-1.481753,3.506786,0.707102,0.002188,-0.283863,0.231163,0.010452,-0.095956,-0.053862,0.220437
8.941993,-1.483357,-0.124170,0.038823,0.525813,-0.911098,-0.548605,0.490192,-0.145136,-0.742748,0.793845,0.547578,-0.493116,-0.248459,0.319763,-2.637286,-0.606505,1.756980,-1.651971,-1.481847,3.506729,0.707318,0.002741,-0.284735,0.230412,0.009459,-0.095059,-0.053222,0.218202
8.943081,-1.479417,-0.120793,0.033894,0.526210,-0.910923,-0.549331,0.491040,-0.160914,-0.721623,0.775716,0.548585,-0.493041,-0.248974,0.319763,-2.637281,-0.606791,1.757217,-1.651968,-1.481940,3.506677,0.707528,0.003341,-0.284829,0.231649,0.007424,-0.093565,-0.053226,0.215997
8.944092,-1.480606,-0.114340,0.031853,0.525615,-0.908555,-0.550506,0.491549,-0.180252,-0.695687,0.752613,0.550730,-0.492929,-0.249618,0.319736,-2.637283,-0.607075,1.757445,-1.651960,-1.482032,3.506628,0.707736,0.001381,-0.283068,0.231346,0.007425,-0.092766,-0.052024,0.212725
8.945027,-1.477153,-0.105457,0.025139,0.524351,-0.908450,-0.551968,0.492103,-0.198776,-0.669507,0.729229,0.553721,-0.492749,-0.250171,0.319694,-2.637278,-0.607355,1.757670,-1.651950,-1.482129,3.506582,0.707938,0.001953,-0.282931,0.229639,0.008284,-0.094133,-0.050407,0.210220
8.946065,-1.474596,-0.103321,0.023299,0.525946,-0.908491,-0.553118,0.493763,-0.215100,-0.645609,0.708116,0.556180,-0.492591,-0.250548,0.319640,-2.637282,-0.607644,1.757900,-1.651938,-1.482220,3.506535,0.708144,0.000260,-0.283903,0.230243,0.009753,-0.093260,-0.048514,0.207653
8.947058,-1.476632,-0.092885,0.016253,0.528057,-0.908933,-0.552815,0.493372,-0.227816,-0.625045,0.690698,0.557944,-0.492434,-0.250680,0.319564,-2.637285,-0.607919,1.758125,-1.651933,-1.482312,3.506489,0.708337,-0.000972,-0.281616,0.228432,0.008527,-0.092243,-0.046930,0.202838
8.947991,-1.475018,-0.084808,0.004903,0.528053,-0.909591,-0.552112,0.493822,-0.235286,-0.608197,0.677751,0.560283,-0.492104,-0.250546,0.319482,-2.637282,-0.608208,1.758358,-1.651930,-1.482401,3.506442,0.708536,0.000042,-0.283392,0.229167,0.006835,-0.090850,-0.046805,0.202193
8.949048,-1.473482,-0.078461,0.007748,0.527078,-0.909915,-0.551716,0.494480,-0.242387,-0.589778,0.663764,0.564103,-0.491548,-0.250408,0.319429,-2.637284,-0.608493,1.758594,-1.651921,-1.482485,3.506395,0.708733,-0.000744,-0.283972,0.232025,0.007123,-0.089302,-0.047083,0.199858
8.950062,-1.474998,-0.067707,0.004914,0.528599,-0.910092,-0.551913,0.494998,-0.251924,-0.567646,0.646322,0.568727,-0.490898,-0.250356,0.319431,-2.637287,-0.608773,1.758817,-1.651911,-1.482574,3.506351,0.708923,-0.001460,-0.283753,0.227844,0.008386,-0.088036,-0.047046,0.197062
8.951264,-1.473298,-0.061954,-0.000886,0.529849,-0.912357,-0.553050,0.494420,-0.260644,-0.545576,0.629656,0.573170,-0.490212,-0.250168,0.319495,-2.637287,-0.609064,1.759037,-1.651906,-1.482657,3.506305,0.709107,-0.000678,-0.285649,0.226628,0.007233,-0.086971,-0.046409,0.194606
8.951983,-1.470126,-0.055172,-0.007996,0.529347,-0.911134,-0.552805,0.493598,-0.267612,-0.524180,0.614768,0.577757,-0.489416,-0.249804,0.319613,-2.637289,-0.609344,1.759265,-1.651901,-1.482739,3.506263,0.709300,-0.001511,-0.285107,0.226799,0.006480,-0.083807,-0.044823,0.194199
8.953005,-1.473303,-0.051088,-0.008026,0.530592,-0.910390,-0.553149,0.494407,-0.273087,-0.503001,0.600960,0.583045,-0.488484,-0.249320,0.319776,-2.637297,-0.609628,1.759496,-1.651894,-1.482826,3.506221,0.709493,-0.003004,-0.285090,0.227576,0.007189,-0.084152,-0.044717,0.194589
8.954020,-1.473529,-0.044104,-0.012981,0.532273,-0.911360,-0.554116,0.493517,-0.276464,-0.483908,0.589447,0.588517,-0.487478,-0.248730,0.319966,-2.637296,-0.609908,1.759711,-1.651889,-1.482908,3.506179,0.709678,-0.001386,-0.283735,0.224957,0.006327,-0.084015,-0.043952,0.191507
8.955080,-1.468783,-0.040061,-0.020201,0.532640,-0.912533,-0.554505,0.493694,-0.277884,-0.456793,0.575659,0.598422,-0.485437,-0.247448,0.320309,-2.637306,-0.610469,1.760164,-1.651881,-1.483061,3.506101,0.710056,-0.003537,-0.282476,0.225620,0.005144,-0.080215,-0.041803,0.190028
8.956020,-1.474460,-0.038692,-0.020814,0.534694,-0.912641,-0.555143,0.494625,-0.277884,-0.456793,0.575659,0.598422,-0.485437,-0.247448,0.320309,-2.637306,-0.610469,1.760164,-1.651881,-1.483061,3.506101,0.710056,-0.003537,-0.282476,0.225620,0.005144,-0.080215,-0.041803,0.190028
8.956991,-1.472521,-0.036247,-0.020783,0.534610,-0.912881,-0.554351,0.494380,-0.267547,-0.452410,0.579523,0.606851,-0.483770,-0.245997,0.320432,-2.637305,-0.611019,1.760596,-1.651877,-1.483218,3.506023,0.710416,-0.001650,-0.277732,0.220675,0.004057,-0.078209,-0.041197,0.185932
8.957960,-1.471439,-0.028860,-0.026596,0.536173,-0.913583,-0.554790,0.494014,-0.254932,-0.464738,0.593073,0.608770,-0.483274,-0.245157,0.320423,-2.637308,-0.611300,1.760815,-1.651877,-1.483293,3.505985,0.710599,-0.002135,-0.278060,0.220962,0.002946,-0.076700,-0.040366,0.185277
8.959087,-1.472697,-0.021627,-0.027667,0.536114,-0.912770,-0.555363,0.495143,-0.254932,-0.464738,0.593073,0.608770,-0.483274,-0.245157,0.320423,-2.637308,-0.611300,1.760815,-1.651877,-1.483293,3.505985,0.710599,-0.002135,-0.278060,0.220962,0.002946,-0.076700,-0.040366,0.185277
8.959991,-1.477028,-0.020048,-0.031505,0.534567,-0.911510,-0.557019,0.495416,-0.238267,-0.483108,0.612002,0.610154,-0.482871,-0.244214,0.320388,-2.637306,-0.611576,1.761030,-1.651872,-1.483370,3.505950,0.710776,-0.001503,-0.278340,0.218878,0.003476,-0.076693,-0.039406,0.181518
8.960949,-1.476669,-0.008014,-0.034478,0.537516,-0.911121,-0.555157,0.494612,-0.222517,-0.504491,0.632537,0.609485,-0.482719,-0.243460,0.320336,-2.637303,-0.611849,1.761249,-1.651863,-1.483449,3.505915,0.710952,0.000647,-0.275812,0.218177,0.005282,-0.077120,-0.037383,0.179676
8.962069,-1.477756,-0.001467,-0.035644,0.536841,-0.912010,-0.555018,0.495640,-0.211632,-0.526717,0.651745,0.605592,-0.482927,-0.243128,0.320288,-2.637303,-0.612133,1.761460,-1.651866,-1.483525,3.505872,0.711133,0.000458,-0.278450,0.217114,0.002842,-0.076691,-0.038877,0.179934
8.962950,-1.475845,-0.000284,-0.039854,0.538446,-0.912386,-0.554077,0.495886,-0.205626,-0.545973,0.667435,0.600532,-0.483222,-0.243088,0.320251,-2.637301,-0.612410,1.761671,-1.651860,-1.483597,3.505837,0.711305,0.000995,-0.278348,0.215148,0.003967,-0.075004,-0.038607,0.176391
8.963994,-1.475776,0.006542,-0.038652,0.540597,-0.913424,-0.553795,0.495356,-0.201284,-0.563073,0.681434,0.595448,-0.483442,-0.243081,0.320230,-2.637303,-0.612683,1.761883,-1.651857,-1.483667,3.505797,0.711474,0.000053,-0.275628,0.214710,0.002726,-0.073887,-0.039180,0.174645
8.965006,-1.475489,0.014246,-0.042913,0.540465,-0.914213,-0.554773,0.494695,-0.193593,-0.581999,0.697999,0.591111,-0.483483,-0.242844,0.320239,-2.637303,-0.612955,1.762091,-1.651859,-1.483735,3.505761,0.711649,0.000038,-0.275779,0.211568,0.001130,-0.072113,-0.039074,0.174314
8.965986,-1.475830,0.014341,-0.047246,0.540904,-0.912491,-0.557082,0.494729,-0.180501,-0.603011,0.718146,0.588570,-0.483236,-0.242224,0.320286,-2.637303,-0.613232,1.762304,-1.651854,-1.483804,3.505728,0.711821,-0.000096,-0.276293,0.211165,0.001685,-0.070580,-0.037725,0.174266
8.966978,-1.477467,0.024977,-0.050405,0.541406,-0.911973,-0.557021,0.494334,-0.164577,-0.625053,0.740019,0.586856,-0.482862,-0.241381,0.320365,-2.637303,-0.613503,1.762511,-1.651852,-1.483876,3.505695,0.711991,0.000088,-0.273030,0.210827,0.001673,-0.071558,-0.035056,0.172840
8.968121,-1.477605,0.030276,-0.052637,0.541253,-0.912517,-0.556139,0.493969,-0.149266,-0.647309,0.761374,0.584608,-0.482561,-0.240580,0.320464,-2.637301,-0.613778,1.762718,-1.651849,-1.483946,3.505661,0.712163,0.000903,-0.275083,0.209903,0.001622,-0.071308,-0.034776,0.172281
8.969096,-1.476583,0.036379,-0.056336,0.541207,-0.913006,-0.555752,0.495182,-0.137308,-0.667337,0.779697,0.581398,-0.482409,-0.239924,0.320581,-2.637301,-0.614052,1.762926,-1.651845,-1.484011,3.505623,0.712331,0.000977,-0.274395,0.208509,0.002257,-0.070039,-0.035259,0.171562
8.969976,-1.479602,0.040503,-0.061067,0.541865,-0.912843,-0.556194,0.495103,-0.123650,-0.700129,0.807254,0.570817,-0.482840,-0.238901,0.320873,-2.637300,-0.614592,1.763333,-1.651840,-1.484145,3.505557,0.712655,0.001993,-0.272975,0.207824,0.002447,-0.068281,-0.034501,0.166738
8.971058,-1.476833,0.044419,-0.061058,0.542406,-0.910615,-0.555317,0.495430,-0.123650,-0.700129,0.807254,0.570817,-0.482840,-0.238901,0.320873,-2.637300,-0.614592,1.763333,-1.651840,-1.484145,3.505557,0.712655,0.001993,-0.272975,0.207824,0.002447,-0.068281,-0.034501,0.166738
8.972031,-1.473137,0.054494,-0.068135,0.543260,-0.912200,-0.554896,0.495712,-0.120918,-0.715024,0.817979,0.563203,-0.483502,-0.238601,0.321045,-2.637302,-0.614863,1.763532,-1.651836,-1.484214,3.505522,0.712813,0.000620,-0.271664,0.205401,0.002360,-0.069786,-0.035014,0.164710
8.973012,-1.475111,0.061147,-0.069215,0.543198,-0.911788,-0.556167,0.496476,-0.116373,-0.730407,0.829534,0.555907,-0.484187,-0.238210,0.321213,-2.637308,-0.615138,1.763741,-1.651836,-1.484275,3.505489,0.712967,-0.001154,-0.273411,0.206449,0.001979,-0.067498,-0.035076,0.162873
8.974008,-1.475176,0.067515,-0.072783,0.544512,-0.912330,-0.557089,0.497564,-0.109422,-0.743900,0.840857,0.550379,-0.484700,-0.237619,0.321367,-2.637306,-0.615412,1.763942,-1.651833,-1.484342,3.505458,0.713118,-0.000152,-0.273418,0.204542,0.002472,-0.067212,-0.033447,0.160070
8.975099,-1.475249,0.072529,-0.076519,0.543798,-0.913114,-0.557134,0.496929,-0.102806,-0.753923,0.849947,0.545993,-0.485099,-0.236989,0.321524,-2.637306,-0.615686,1.764143,-1.651832,-1.484402,3.505427,0.713269,-0.000117,-0.273290,0.203911,0.001640,-0.066006,-0.032189,0.156609
8.976103,-1.477713,0.077543,-0.076440,0.544321,-0.912279,-0.557524,0.498095,-0.097865,-0.761244,0.856734,0.541680,-0.485494,-0.236419,0.321703,-2.637306,-0.615954,1.764346,-1.651827,-1.484463,3.505394,0.713426,-0.000069,-0.272551,0.203331,0.002805,-0.064552,-0.031784,0.156546
8.976993,-1.475900,0.084540,-0.081584,0.547282,-0.912352,-0.558239,0.497864,-0.095115,-0.767497,0.862085,0.536137,-0.486026,-0.235929,0.321914,-2.637302,-0.616222,1.764539,-1.651826,-1.484528,3.505362,0.713570,0.001144,-0.271825,0.200941,0.002753,-0.064697,-0.031040,0.152920
8.977990,-1.474685,0.085647,-0.088551,0.549316,-0.912931,-0.558963,0.500121,-0.091407,-0.777654,0.871015,0.525314,-0.486959,-0.234907,0.322343,-2.637306,-0.616755,1.764946,-1.651835,-1.484650,3.505304,0.713856,-0.000326,-0.269423,0.202126,-0.001087,-0.062709,-0.028951,0.146426
8.979084,-1.476051,0.088092,-0.087927,0.548765,-0.912148,-0.559533,0.499419,-0.091407,-0.777654,0.871015,0.525314,-0.486959,-0.234907,0.322343,-2.637306,-0.616755,1.764946,-1.651835,-1.484650,3.505304,0.713856,-0.000326,-0.269423,0.202126,-0.001087,-0.062709,-0.028951,0.146426
8.979954,-1.474575,0.092369,-0.093836,0.550656,-0.911769,-0.559855,0.499777,-0.086697,-0.782639,0.876223,0.522804,-0.487091,-0.234258,0.322514,-2.637304,-0.617018,1.765139,-1.651834,-1.484714,3.505279,0.714001,0.000360,-0.267472,0.199448,-0.000003,-0.062807,-0.028060,0.146570
8.981034,-1.475119,0.096037,-0.097334,0.549893,-0.912123,-0.559771,0.499457,-0.079017,-0.791010,0.884560,0.520664,-0.487212,-0.233519,0.322679,-2.637306,-0.617280,1.765342,-1.651837,-1.484777,3.505251,0.714142,-0.000356,-0.266457,0.199983,-0.001398,-0.062512,-0.027437,0.144682
8.981967,-1.472965,0.097205,-0.099929,0.551855,-0.911714,-0.558809,0.498837,-0.069309,-0.802071,0.895381,0.518410,-0.487405,-0.232735,0.322857,-2.637305,-0.617541,1.765538,-1.651834,-1.484836,3.505222,0.714282,-0.000080,-0.265141,0.199361,-0.000132,-0.061501,-0.027183,0.144041
8.983079,-1.472267,0.098540,-0.105772,0.553138,-0.912547,-0.557874,0.499850,-0.057642,-0.815654,0.908643,0.515819,-0.487716,-0.231898,0.323051,-2.637308,-0.617795,1.765734,-1.651840,-1.484900,3.505193,0.714429,-0.001121,-0.262643,0.198282,-0.001508,-0.061225,-0.027830,0.144070
8.984050,-1.474555,0.105734,-0.104917,0.554977,-0.910273,-0.558135,0.498936,-0.041855,-0.833104,0.926003,0.513403,-0.488072,-0.230902,0.323249,-2.637308,-0.618051,1.765935,-1.651843,-1.484956,3.505164,0.714562,-0.001454,-0.260215,0.198800,-0.002159,-0.059755,-0.028418,0.140727
8.984983,-1.477630,0.108443,-0.110023,0.553743,-0.909752,-0.557123,0.499226,-0.022086,-0.853221,0.946680,0.511978,-0.488344,-0.229744,0.323430,-2.637306,-0.618313,1.766126,-1.651849,-1.485021,3.505137,0.714704,-0.000309,-0.260682,0.196031,-0.003372,-0.061367,-0.027828,0.141368
8.985970,-1.474236,0.114595,-0.117517,0.554799,-0.907691,-0.556990,0.498544,-0.002638,-0.872960,0.967354,0.510667,-0.488596,-0.228615,0.323595,-2.637301,-0.618566,1.766324,-1.651847,-1.485083,3.505106,0.714843,0.001180,-0.258951,0.196226,-0.001686,-0.061202,-0.028520,0.139576
8.987139,-1.472400,0.122879,-0.121019,0.553616,-0.907578,-0.556959,0.500363,0.012124,-0.889509,0.984531,0.508304,-0.488965,-0.227690,0.323746,-2.637305,-0.618826,1.766525,-1.651851,-1.485150,3.505078,0.714980,-0.000491,-0.258906,0.197561,-0.002164,-0.062548,-0.028323,0.139746
8.988154,-1.474134,0.123150,-0.127557,0.554824,-0.906649,-0.556165,0.500390,0.021771,-0.900263,0.996368,0.505719,-0.489355,-0.226902,0.323870,-2.637307,-0.619088,1.766719,-1.651847,-1.485209,3.505050,0.715110,-0.001359,-0.259887,0.196951,-0.000454,-0.061994,-0.027999,0.134745
8.989221,-1.470668,0.132086,-0.128336,0.555060,-0.906484,-0.555440,0.499242,0.026957,-0.904758,1.002845,0.503309,-0.489710,-0.226194,0.323941,-2.637303,-0.619339,1.766920,-1.651849,-1.485272,3.505021,0.715239,-0.000508,-0.256960,0.197809,-0.001133,-0.062244,-0.028468,0.133523
8.990067,-1.470847,0.136932,-0.137189,0.554161,-0.904157,-0.553716,0.499902,0.029071,-0.904781,1.005558,0.501042,-0.490028,-0.225543,0.323949,-2.637308,-0.619602,1.767110,-1.651847,-1.485334,3.504992,0.715376,-0.002195,-0.258293,0.195876,-0.000860,-0.061720,-0.028851,0.134572
8.991040,-1.472748,0.140576,-0.138517,0.556408,-0.904673,-0.554360,0.498911,0.029690,-0.900612,1.005419,0.499524,-0.490246,-0.224833,0.323894,-2.637313,-0.619856,1.767312,-1.651847,-1.485405,3.504957,0.715505,-0.002027,-0.257634,0.197904,0.000472,-0.063319,-0.030240,0.132129
8.992013,-1.468100,0.148236,-0.143231,0.554752,-0.904191,-0.554254,0.499560,0.027593,-0.891804,1.001530,0.498474,-0.490416,-0.224143,0.323778,-2.637311,-0.620112,1.767507,-1.651849,-1.485466,3.504931,0.715638,-0.001077,-0.256349,0.196182,-0.001260,-0.062106,-0.029265,0.132954
8.993012,-1.467037,0.151931,-0.146831,0.555588,-0.901149,-0.553157,0.497615,0.023566,-0.879871,0.994992,0.497798,-0.490562,-0.223488,0.323615,-2.637318,-0.620372,1.767703,-1.651845,-1.485530,3.504903,0.715763,-0.003334,-0.257060,0.196194,0.000819,-0.061908,-0.029052,0.130462
8.994002,-1.470036,0.156163,-0.151849,0.556427,-0.900518,-0.553110,0.497781,0.019801,-0.853601,0.982284,0.498870,-0.490643,-0.221672,0.323261,-2.637319,-0.620881,1.768091,-1.651849,-1.485665,3.504844,0.716028,-0.002297,-0.254867,0.195820,0.000212,-0.064130,-0.029529,0.131623
8.994992,-1.469998,0.162075,-0.157504,0.556237,-0.900093,-0.552859,0.496879,0.019801,-0.853601,0.982284,0.498870,-0.490643,-0.221672,0.323261,-2.637319,-0.620881,1.768091,-1.651849,-1.485665,3.504844,0.716028,-0.002297,-0.254867,0.195820,0.000212,-0.064130,-0.029529,0.131623
8.996006,-1.470586,0.171685,-0.160498,0.556179,-0.898005,-0.553353,0.496714,0.016362,-0.839296,0.973922,0.499499,-0.490743,-0.220781,0.323101,-2.637323,-0.621133,1.768288,-1.651847,-1.485729,3.504815,0.716162,-0.002272,-0.254788,0.196276,0.000876,-0.063859,-0.029454,0.132244
8.996966,-1.467452,0.172719,-0.162706,0.557733,-0.896770,-0.554534,0.496437,0.007681,-0.821897,0.960852,0.499362,-0.491040,-0.220124,0.322969,-2.637324,-0.621393,1.768484,-1.651845,-1.485800,3.504793,0.716290,-0.001955,-0.256469,0.195395,0.001398,-0.065198,-0.028661,0.131361
8.998007,-1.469018,0.176260,-0.166219,0.556928,-0.893945,-0.554177,0.495800,-0.003615,-0.802342,0.944847,0.499363,-0.491417,-0.219558,0.322869,-2.637330,-0.621644,1.768675,-1.651848,-1.485871,3.504771,0.716420,-0.003461,-0.253906,0.194185,0.000369,-0.065668,-0.027189,0.130749
8.999051,-1.464413,0.180823,-0.170450,0.558752,-0.892324,-0.554495,0.494684,-0.012549,-0.785349,0.930753,0.499904,-0.491778,-0.218922,0.322799,-2.637331,-0.621893,1.768867,-1.651844,-1.485943,3.504744,0.716552,-0.002635,-0.252684,0.193629,0.001634,-0.067728,-0.027238,0.130797
9.000071,-1.466052,0.184877,-0.176431,0.558608,-0.889302,-0.554415,0.492215,-0.016704,-0.773669,0.921077,0.500944,-0.492094,-0.218181,0.322774,-2.637339,-0.622145,1.769062,-1.651846,-1.486013,3.504720,0.716685,-0.004861,-0.251920,0.193400,0.000362,-0.068586,-0.026606,0.131800
9.000949,-1.466886,0.194395,-0.174853,0.559194,-0.889132,-0.554340,0.492643,-0.015857,-0.766463,0.915237,0.503201,-0.492281,-0.217371,0.322813,-2.637339,-0.622398,1.769257,-1.651844,-1.486088,3.504694,0.716826,-0.003990,-0.250888,0.194052,0.000991,-0.070810,-0.026369,0.135508
9.002148,-1.465459,0.197507,-0.181137,0.560136,-0.887934,-0.554086,0.491678,-0.012513,-0.761466,0.910961,0.506382,-0.492384,-0.216634,0.322914,-2.637342,-0.622651,1.769443,-1.651844,-1.486159,3.504669,0.716956,-0.003538,-0.252622,0.190979,0.000840,-0.070201,-0.026156,0.133480
9.003000,-1.469934,0.203448,-0.181965,0.559668,-0.887245,-0.552521,0.490412,-0.008537,-0.756955,0.906814,0.510011,-0.492453,-0.216035,0.323042,-2.637348,-0.622898,1.769633,-1.651844,-1.486229,3.504642,0.717091,-0.004170,-0.251157,0.191860,0.000500,-0.070643,-0.026062,0.134088
9.004016,-1.466029,0.205562,-0.187517,0.559954,-0.885137,-0.552588,0.490483,-0.005328,-0.752586,0.902083,0.513354,-0.492580,-0.215629,0.323182,-2.637346,-0.623146,1.769822,-1.651842,-1.486301,3.504614,0.717230,-0.001922,-0.251154,0.189972,0.001359,-0.070564,-0.027337,0.135493
9.004953,-1.464330,0.214790,-0.187891,0.562428,-0.884676,-0.552415,0.489816,-0.004145,-0.749208,0.896738,0.515109,-0.492916,-0.215449,0.323332,-2.637353,-0.623392,1.770014,-1.651842,-1.486375,3.504587,0.717362,-0.003824,-0.249220,0.190459,0.001570,-0.071890,-0.026934,0.134109
9.005948,-1.467801,0.217748,-0.188369,0.563114,-0.884784,-0.552598,0.489938,-0.001470,-0.747692,0.892832,0.516756,-0.493260,-0.215220,0.323478,-2.637360,-0.623647,1.770199,-1.651846,-1.486443,3.504562,0.717496,-0.004573,-0.250782,0.188388,-0.000348,-0.071603,-0.026810,0.134287
9.006985,-1.467054,0.223116,-0.193138,0.564044,-0.882518,-0.553917,0.489025,0.005493,-0.747743,0.891584,0.520202,-0.493369,-0.214705,0.323613,-2.637359,-0.623893,1.770382,-1.651846,-1.486513,3.504538,0.717625,-0.002805,-0.249266,0.186410,-0.000511,-0.070734,-0.026323,0.132836
9.007988,-1.468015,0.227137,-0.194523,0.563431,-0.882419,-0.554009,0.488745,0.014687,-0.749041,0.892088,0.524648,-0.493350,-0.214018,0.323741,-2.637363,-0.624140,1.770566,-1.651848,-1.486590,3.504517,0.717760,-0.003149,-0.248971,0.186602,-0.000876,-0.072198,-0.024705,0.133443
9.008956,-1.467236,0.230400,-0.201710,0.565452,-0.881240,-0.554539,0.487341,0.023683,-0.751461,0.893244,0.528746,-0.493376,-0.213322,0.323854,-2.637364,-0.624382,1.770749,-1.651846,-1.486662,3.504495,0.717893,-0.002636,-0.248050,0.185070,0.000215,-0.071500,-0.024332,0.132778
9.010021,-1.468146,0.236467,-0.198201,0.566290,-0.880824,-0.554505,0.487304,0.031462,-0.754808,0.894428,0.531979,-0.493521,-0.212710,0.323953,-2.637368,-0.624628,1.770939,-1.651849,-1.486739,3.504475,0.718030,-0.002972,-0.246713,0.186390,-0.001283,-0.071877,-0.023526,0.134407
9.010979,-1.468174,0.238470,-0.202454,0.566490,-0.878101,-0.554380,0.486716,0.038916,-0.759200,0.896034,0.534960,-0.493705,-0.212188,0.324050,-2.637369,-0.624878,1.771112,-1.651850,-1.486811,3.504450,0.718160,-0.002483,-0.246742,0.182495,-0.001541,-0.071505,-0.023250,0.133212
9.011967,-1.467218,0.248195,-0.204638,0.566933,-0.875707,-0.552777,0.485692,0.048043,-0.765975,0.899941,0.537952,-0.493844,-0.211700,0.324160,-2.637372,-0.625118,1.771295,-1.651850,-1.486887,3.504426,0.718298,-0.002427,-0.244817,0.182458,-0.001248,-0.073438,-0.023079,0.133196
9.013072,-1.471847,0.252868,-0.206520,0.567649,-0.874364,-0.552613,0.485231,0.058805,-0.774679,0.906046,0.540870,-0.493912,-0.211244,0.324298,-2.637375,-0.625369,1.771473,-1.651851,-1.486964,3.504400,0.718430,-0.002866,-0.246694,0.181392,-0.001186,-0.075005,-0.024385,0.134059
9.014005,-1.471500,0.259472,-0.208833,0.568479,-0.873107,-0.551171,0.485300,0.068359,-0.781911,0.911242,0.543819,-0.493887,-0.210919,0.324479,-2.637372,-0.625610,1.771653,-1.651852,-1.487038,3.504377,0.718565,-0.000548,-0.246088,0.180155,-0.001309,-0.075541,-0.024226,0.133682
9.015075,-1.471373,0.266039,-0.208143,0.568182,-0.873124,-0.550756,0.484890,0.073853,-0.785718,0.913262,0.546320,-0.493806,-0.210850,0.324705,-2.637375,-0.625857,1.771833,-1.651853,-1.487116,3.504350,0.718693,-0.000700,-0.246415,0.179142,-0.001658,-0.075962,-0.025372,0.132389
9.016069,-1.474850,0.269833,-0.213257,0.568782,-0.872725,-0.550217,0.483683,0.076212,-0.786750,0.913042,0.548330,-0.493650,-0.210922,0.324975,-2.637376,-0.626105,1.772003,-1.651851,-1.487187,3.504327,0.718825,-0.000739,-0.246697,0.176727,-0.000855,-0.075175,-0.025467,0.131966
9.016985,-1.472542,0.277931,-0.214255,0.569387,-0.872600,-0.550979,0.483664,0.076114,-0.785995,0.911549,0.549411,-0.493483,-0.211025,0.325288,-2.637371,-0.626348,1.772182,-1.651852,-1.487265,3.504301,0.718960,0.000966,-0.245644,0.177159,-0.000928,-0.074736,-0.025696,0.133183
9.018024,-1.473606,0.280675,-0.215240,0.569113,-0.872505,-0.552182,0.482654,0.072483,-0.783150,0.907978,0.549280,-0.493386,-0.211177,0.325625,-2.637375,-0.626598,1.772354,-1.651853,-1.487338,3.504276,0.719088,-0.000159,-0.246696,0.175556,-0.001059,-0.074086,-0.024630,0.132069
9.019080,-1.475896,0.285437,-0.215731,0.569263,-0.872149,-0.552696,0.481712,0.067209,-0.779108,0.903598,0.548516,-0.493306,-0.211242,0.325944,-2.637374,-0.626839,1.772523,-1.651852,-1.487409,3.504257,0.719224,0.000388,-0.245126,0.174004,-0.000265,-0.073415,-0.023140,0.132856
9.019991,-1.474169,0.288704,-0.216598,0.569047,-0.869335,-0.554507,0.481629,0.056708,-0.777317,0.900379,0.542285,-0.493563,-0.210977,0.326452,-2.637372,-0.627323,1.772858,-1.651849,-1.487559,3.504223,0.719486,0.000660,-0.243303,0.170637,0.000721,-0.075009,-0.020297,0.132511
9.021127,-1.476333,0.291089,-0.219068,0.570181,-0.871032,-0.555457,0.481128,0.056708,-0.777317,0.900379,0.542285,-0.493563,-0.210977,0.326452,-2.637372,-0.627323,1.772858,-1.651849,-1.487559,3.504223,0.719486,0.000660,-0.243303,0.170637,0.000721,-0.075009,-0.020297,0.132511
9.022004,-1.476700,0.304666,-0.223674,0.569993,-0.870559,-0.556100,0.481499,0.053463,-0.782711,0.903942,0.536542,-0.493943,-0.210699,0.326620,-2.637369,-0.627559,1.773025,-1.651851,-1.487625,3.504203,0.719616,0.001736,-0.241631,0.169862,0.000193,-0.072545,-0.019059,0.132232
9.023017,-1.476484,0.309187,-0.224478,0.570037,-0.869816,-0.555693,0.481826,0.049455,-0.789098,0.907764,0.529940,-0.494464,-0.210510,0.326719,-2.637366,-0.627810,1.773196,-1.651849,-1.487696,3.504188,0.719741,0.001881,-0.245444,0.170112,0.000793,-0.072280,-0.018191,0.130380
9.024081,-1.477330,0.314889,-0.225250,0.571785,-0.869015,-0.554832,0.482307,0.041177,-0.790555,0.906809,0.523550,-0.495092,-0.210528,0.326746,-2.637363,-0.628055,1.773359,-1.651845,-1.487771,3.504171,0.719868,0.001751,-0.244702,0.168528,0.001165,-0.072219,-0.018343,0.128534
9.025067,-1.479826,0.317661,-0.225902,0.570311,-0.868249,-0.554850,0.481730,0.030404,-0.787144,0.901899,0.518232,-0.495730,-0.210644,0.326713,-2.637360,-0.628297,1.773523,-1.651847,-1.487842,3.504152,0.719992,0.002148,-0.244630,0.166932,-0.000019,-0.072259,-0.018928,0.126349
9.025986,-1.480216,0.324200,-0.225879,0.570988,-0.867962,-0.555738,0.482502,0.019341,-0.782318,0.895982,0.513440,-0.496407,-0.210811,0.326649,-2.637352,-0.628538,1.773683,-1.651840,-1.487913,3.504134,0.720115,0.003324,-0.243097,0.165331,0.001797,-0.072260,-0.018642,0.126367
9.027073,-1.477719,0.331051,-0.226235,0.569974,-0.864951,-0.553885,0.481732,0.007908,-0.778544,0.890539,0.507665,-0.497266,-0.211095,0.326591,-2.637348,-0.628780,1.773841,-1.651839,-1.487982,3.504122,0.720234,0.003590,-0.243222,0.163260,0.001166,-0.071724,-0.017471,0.123582
9.028077,-1.477457,0.336311,-0.232725,0.570354,-0.863490,-0.553900,0.480472,-0.001787,-0.776995,0.887309,0.501250,-0.498220,-0.211353,0.326555,-2.637345,-0.629025,1.774001,-1.651837,-1.488058,3.504102,0.720356,0.002609,-0.243130,0.161143,0.001774,-0.073740,-0.018930,0.123639
9.028965,-1.479366,0.343377,-0.234041,0.569556,-0.862994,-0.555164,0.480562,-0.007709,-0.777064,0.886738,0.495699,-0.499066,-0.211389,0.326554,-2.637341,-0.629266,1.774164,-1.651839,-1.488129,3.504082,0.720482,0.002724,-0.242322,0.162129,0.001090,-0.074244,-0.018498,0.124727
9.030003,-1.481784,0.348705,-0.236966,0.569004,-0.859356,-0.555174,0.479993,-0.012480,-0.776480,0.886032,0.491141,-0.499830,-0.211323,0.326590,-2.637335,-0.629506,1.774322,-1.651835,-1.488203,3.504070,0.720601,0.003870,-0.242507,0.160561,0.001514,-0.073782,-0.016906,0.123210
9.031065,-1.478360,0.350832,-0.241431,0.570176,-0.858725,-0.554020,0.479965,-0.020372,-0.773479,0.882243,0.486374,-0.500690,-0.211402,0.326656,-2.637329,-0.629747,1.774480,-1.651835,-1.488283,3.504055,0.720724,0.005303,-0.241703,0.159785,0.001702,-0.076404,-0.016527,0.122895
9.031979,-1.478144,0.355451,-0.244601,0.569102,-0.856464,-0.554463,0.478484,-0.031255,-0.768973,0.875868,0.481209,-0.501654,-0.211638,0.326735,-2.637327,-0.629984,1.774636,-1.651839,-1.488358,3.504036,0.720842,0.003838,-0.239338,0.159796,0.000249,-0.075998,-0.017286,0.121468
9.033135,-1.476694,0.361076,-0.248227,0.569322,-0.856437,-0.555744,0.478314,-0.041357,-0.765293,0.869640,0.476702,-0.502571,-0.211849,0.326803,-2.637322,-0.630220,1.774793,-1.651837,-1.488437,3.504025,0.720968,0.003951,-0.238344,0.159176,0.001000,-0.077270,-0.016510,0.123102
9.034031,-1.477329,0.366306,-0.251393,0.569644,-0.854966,-0.555754,0.478101,-0.049287,-0.763145,0.864567,0.473099,-0.503398,-0.211982,0.326841,-2.637319,-0.630457,1.774949,-1.651838,-1.488509,3.504014,0.721088,0.003513,-0.237692,0.158722,0.000381,-0.076291,-0.014831,0.121849
9.035043,-1.475154,0.365639,-0.256797,0.569198,-0.855474,-0.554596,0.477867,-0.055976,-0.761311,0.859648,0.470466,-0.504127,-0.212117,0.326836,-2.637314,-0.630691,1.775106,-1.651838,-1.488589,3.503999,0.721205,0.004035,-0.237024,0.158118,-0.000243,-0.076764,-0.014496,0.120970
9.036068,-1.474881,0.376857,-0.259530,0.568525,-0.854799,-0.554397,0.477977,-0.061526,-0.760177,0.855064,0.468605,-0.504780,-0.212313,0.326779,-2.637312,-0.630918,1.775267,-1.651837,-1.488662,3.503983,0.721324,0.003206,-0.233390,0.158557,-0.000149,-0.075267,-0.015287,0.120011
9.036991,-1.474388,0.380949,-0.266118,0.568953,-0.853859,-0.552802,0.476394,-0.066087,-0.760060,0.851040,0.466984,-0.505411,-0.212576,0.326677,-2.637310,-0.631157,1.775420,-1.651835,-1.488733,3.503972,0.721439,0.003338,-0.235635,0.157723,0.000123,-0.074998,-0.015129,0.118362
9.038033,-1.472087,0.388185,-0.269166,0.569064,-0.853405,-0.552487,0.475821,-0.071761,-0.757558,0.844949,0.465924,-0.505975,-0.212932,0.326551,-2.637307,-0.631388,1.775581,-1.651837,-1.488810,3.503956,0.721561,0.003322,-0.234382,0.158796,-0.000578,-0.074962,-0.016382,0.120205
9.039014,-1.469439,0.388642,-0.272264,0.568489,-0.851937,-0.552856,0.475184,-0.079481,-0.750200,0.835082,0.466230,-0.506371,-0.213370,0.326431,-2.637306,-0.631624,1.775737,-1.651841,-1.488884,3.503942,0.721679,0.002448,-0.234625,0.158082,-0.000948,-0.074420,-0.016316,0.119881
9.040001,-1.468942,0.395404,-0.274357,0.567861,-0.850820,-0.552828,0.474707,-0.086241,-0.740467,0.824313,0.468185,-0.506522,-0.213727,0.326332,-2.637307,-0.631846,1.775893,-1.651841,-1.488961,3.503928,0.721799,0.001411,-0.231629,0.157425,-0.000689,-0.074896,-0.015580,0.119757
9.041061,-1.468255,0.400971,-0.281198,0.568483,-0.852102,-0.553252,0.473764,-0.089205,-0.732214,0.816385,0.471088,-0.506452,-0.213865,0.326274,-2.637306,-0.632078,1.776050,-1.651841,-1.489038,3.503910,0.721915,0.001449,-0.231721,0.156239,-0.000399,-0.075012,-0.015233,0.119319
9.042053,-1.465185,0.407252,-0.286812,0.567484,-0.850980,-0.552610,0.473402,-0.089882,-0.724944,0.810499,0.474419,-0.506239,-0.213842,0.326276,-2.637306,-0.632310,1.776208,-1.651841,-1.489105,3.503897,0.722036,0.001397,-0.231148,0.157432,-0.001387,-0.072787,-0.014430,0.119735
9.043115,-1.462096,0.410271,-0.292090,0.567187,-0.852053,-0.551996,0.473676,-0.091266,-0.715425,0.803351,0.478436,-0.505921,-0.213781,0.326336,-2.637309,-0.632538,1.776367,-1.651841,-1.489179,3.503881,0.722156,0.000171,-0.231024,0.157983,-0.000720,-0.072956,-0.014714,0.119035
9.044020,-1.466031,0.416038,-0.298006,0.565957,-0.850750,-0.552297,0.472733,-0.093250,-0.703330,0.794678,0.483240,-0.505520,-0.213649,0.326438,-2.637312,-0.632765,1.776526,-1.651842,-1.489245,3.503866,0.722269,-0.001031,-0.229226,0.158358,-0.000744,-0.070952,-0.014941,0.117027
9.045006,-1.461910,0.420357,-0.300397,0.565342,-0.852583,-0.552480,0.473652,-0.097178,-0.689364,0.784288,0.487614,-0.505186,-0.213543,0.326574,-2.637307,-0.632992,1.776686,-1.651841,-1.489317,3.503851,0.722386,0.001175,-0.228914,0.159093,0.000161,-0.071342,-0.014290,0.117622
9.046028,-1.463922,0.427772,-0.303900,0.565269,-0.850709,-0.552565,0.473095,-0.105733,-0.673663,0.771165,0.489997,-0.505108,-0.213644,0.326753,-2.637313,-0.633218,1.776843,-1.651838,-1.489381,3.503836,0.722494,-0.000577,-0.227824,0.158056,0.000348,-0.068609,-0.013747,0.114389
9.047050,-1.459284,0.429413,-0.308148,0.566185,-0.850018,-0.551852,0.473047,-0.117614,-0.657091,0.756574,0.490561,-0.505250,-0.213875,0.326963,-2.637310,-0.633448,1.777000,-1.651839,-1.489452,3.503823,0.722606,0.000714,-0.228233,0.157576,0.000105,-0.069572,-0.013297,0.114122
9.048022,-1.458423,0.436146,-0.311913,0.564865,-0.849418,-0.552533,0.472127,-0.129678,-0.640692,0.742482,0.490791,-0.505416,-0.214068,0.327186,-2.637313,-0.633667,1.777160,-1.651841,-1.489521,3.503807,0.722714,-0.001304,-0.225848,0.157441,-0.001113,-0.069319,-0.013640,0.112816
9.049014,-1.461771,0.446629,-0.315910,0.565617,-0.848786,-0.551815,0.472484,-0.138764,-0.626042,0.730979,0.491893,-0.505456,-0.214072,0.327407,-2.637315,-0.633895,1.777316,-1.651840,-1.489592,3.503794,0.722829,-0.001422,-0.225986,0.157121,-0.000139,-0.068983,-0.012599,0.113302
9.050022,-1.460851,0.449504,-0.320362,0.563075,-0.848790,-0.551776,0.472332,-0.147000,-0.611096,0.719922,0.493799,-0.505405,-0.213971,0.327617,-2.637311,-0.634128,1.777470,-1.651841,-1.489661,3.503780,0.722936,0.000509,-0.227909,0.156926,-0.001210,-0.068683,-0.012974,0.111203
9.051110,-1.458182,0.456386,-0.319375,0.564195,-0.849282,-0.551888,0.472189,-0.159934,-0.592443,0.705000,0.495221,-0.505443,-0.214024,0.327808,-2.637311,-0.634346,1.777629,-1.651837,-1.489725,3.503767,0.723044,0.000314,-0.226156,0.156911,0.000920,-0.067801,-0.012647,0.110140
9.052104,-1.459002,0.462117,-0.327387,0.561843,-0.849279,-0.551327,0.472522,-0.175953,-0.572594,0.688466,0.495459,-0.505637,-0.214145,0.327978,-2.637315,-0.634574,1.777777,-1.651841,-1.489786,3.503755,0.723150,-0.000674,-0.226299,0.154244,-0.000517,-0.066433,-0.012156,0.108980
9.053097,-1.457141,0.465458,-0.330238,0.562825,-0.849146,-0.551129,0.471277,-0.191683,-0.554081,0.673251,0.494860,-0.505934,-0.214157,0.328126,-2.637315,-0.634797,1.777936,-1.651835,-1.489849,3.503743,0.723253,0.000037,-0.225948,0.156043,0.001404,-0.065583,-0.012377,0.106963
9.053982,-1.461894,0.471993,-0.330939,0.561541,-0.848966,-0.552616,0.471244,-0.208028,-0.536491,0.658406,0.493335,-0.506367,-0.214139,0.328263,-2.637318,-0.635019,1.778091,-1.651837,-1.489912,3.503732,0.723365,-0.000582,-0.224404,0.155255,0.000092,-0.064854,-0.012231,0.108106
9.055157,-1.458131,0.480752,-0.336542,0.564089,-0.849089,-0.552940,0.469677,-0.225901,-0.520323,0.643633,0.490440,-0.506969,-0.214219,0.328406,-2.637313,-0.635243,1.778238,-1.651833,-1.489974,3.503725,0.723468,0.002013,-0.224525,0.153525,0.001002,-0.064204,-0.010444,0.106905
9.055989,-1.459269,0.480157,-0.340487,0.562698,-0.850593,-0.552847,0.470484,-0.245608,-0.504330,0.628085,0.487049,-0.507615,-0.214457,0.328557,-2.637316,-0.635467,1.778395,-1.651841,-1.490034,3.503717,0.723579,0.000471,-0.225596,0.154071,-0.001798,-0.063197,-0.009751,0.108521
9.057080,-1.460013,0.484392,-0.342515,0.562467,-0.849887,-0.551813,0.470321,-0.265811,-0.487693,0.611610,0.484693,-0.508160,-0.214820,0.328705,-2.637315,-0.635683,1.778547,-1.651837,-1.490088,3.503707,0.723676,0.001280,-0.222222,0.153924,-0.000726,-0.060948,-0.009562,0.105692
9.058131,-1.458029,0.488453,-0.340602,0.561406,-0.851634,-0.553091,0.470121,-0.285243,-0.473529,0.596368,0.482317,-0.508772,-0.215296,0.328849,-2.637313,-0.635900,1.778699,-1.651837,-1.490148,3.503695,0.723779,0.001720,-0.221581,0.152997,-0.000630,-0.060997,-0.010442,0.105316
9.059166,-1.457599,0.492393,-0.343218,0.561878,-0.852227,-0.553303,0.469976,-0.302330,-0.464937,0.585076,0.478499,-0.509613,-0.215777,0.329006,-2.637316,-0.636120,1.778845,-1.651835,-1.490204,3.503686,0.723882,0.000759,-0.220972,0.150265,0.000387,-0.058669,-0.009087,0.105305
9.060001,-1.456127,0.496165,-0.347973,0.561539,-0.852468,-0.553158,0.469965,-0.313965,-0.463166,0.580076,0.473736,-0.510597,-0.216027,0.329182,-2.637316,-0.636340,1.778993,-1.651837,-1.490259,3.503678,0.723985,0.000551,-0.220297,0.149819,-0.000051,-0.057537,-0.008838,0.105184
9.061075,-1.456904,0.500875,-0.348311,0.563082,-0.852897,-0.552238,0.470299,-0.319990,-0.466814,0.580472,0.468897,-0.511625,-0.216010,0.329375,-2.637318,-0.636556,1.779147,-1.651837,-1.490315,3.503671,0.724090,-0.000165,-0.219590,0.150371,0.000295,-0.056745,-0.008943,0.104785
9.062066,-1.455047,0.506666,-0.350799,0.562126,-0.853834,-0.552052,0.470056,-0.321907,-0.473145,0.583777,0.464974,-0.512579,-0.215798,0.329574,-2.637317,-0.636776,1.779294,-1.651841,-1.490370,3.503665,0.724190,0.000222,-0.219308,0.148744,-0.001157,-0.055762,-0.009834,0.103710
9.062971,-1.457210,0.506220,-0.349788,0.560880,-0.855229,-0.552009,0.471168,-0.320222,-0.480434,0.588829,0.462687,-0.513329,-0.215399,0.329774,-2.637319,-0.636997,1.779441,-1.651839,-1.490420,3.503655,0.724295,-0.000701,-0.219559,0.148245,-0.000221,-0.054315,-0.009955,0.103785
9.064079,-1.455769,0.508151,-0.351891,0.562418,-0.853938,-0.552075,0.470167,-0.315634,-0.489553,0.596054,0.460795,-0.513973,-0.214860,0.329975,-2.637317,-0.637205,1.779581,-1.651837,-1.490471,3.503645,0.724392,0.000373,-0.216815,0.146036,0.000970,-0.052407,-0.009936,0.101147
9.065041,-1.456656,0.511639,-0.357979,0.560943,-0.854738,-0.552521,0.470750,-0.308050,-0.503444,0.607303,0.457707,-0.514638,-0.214256,0.330172,-2.637318,-0.637417,1.779724,-1.651842,-1.490523,3.503638,0.724498,-0.000347,-0.215242,0.145393,-0.000464,-0.053202,-0.009828,0.102766
9.066045,-1.459483,0.516070,-0.362015,0.562942,-0.853727,-0.552377,0.469615,-0.298412,-0.521567,0.621672,0.453640,-0.515273,-0.213689,0.330356,-2.637320,-0.637628,1.779873,-1.651840,-1.490573,3.503630,0.724595,0.000131,-0.214465,0.146664,0.000969,-0.051889,-0.009332,0.101182
9.067085,-1.457257,0.516824,-0.360053,0.564906,-0.855339,-0.553108,0.470705,-0.291664,-0.539052,0.633917,0.448930,-0.515871,-0.213412,0.330530,-2.637318,-0.637842,1.780024,-1.651843,-1.490627,3.503620,0.724697,0.001534,-0.214115,0.146854,-0.000973,-0.052379,-0.009416,0.103079
9.068112,-1.453280,0.523954,-0.363935,0.564343,-0.854138,-0.552231,0.471156,-0.288139,-0.554007,0.642745,0.444931,-0.516277,-0.213444,0.330677,-2.637321,-0.638052,1.780162,-1.651849,-1.490673,3.503613,0.724791,0.000425,-0.211950,0.144195,-0.002791,-0.050279,-0.008639,0.100476
9.069039,-1.457658,0.528016,-0.368075,0.563124,-0.856973,-0.552128,0.472167,-0.281467,-0.568417,0.652344,0.443977,-0.516191,-0.213381,0.330758,-2.637326,-0.638267,1.780307,-1.651849,-1.490725,3.503603,0.724889,-0.001505,-0.212972,0.144427,-0.002204,-0.050984,-0.009472,0.099196
9.070074,-1.453256,0.528708,-0.371272,0.562707,-0.856652,-0.552561,0.472552,-0.272153,-0.581011,0.662051,0.445673,-0.515716,-0.213115,0.330756,-2.637321,-0.638478,1.780450,-1.651847,-1.490764,3.503595,0.724982,0.000661,-0.212451,0.144777,-0.001029,-0.047722,-0.009517,0.096793
9.071078,-1.456539,0.534602,-0.368883,0.561651,-0.856574,-0.552934,0.472956,-0.265023,-0.590515,0.669091,0.447506,-0.515242,-0.212865,0.330676,-2.637326,-0.638683,1.780595,-1.651847,-1.490816,3.503587,0.725076,-0.001517,-0.210327,0.144637,-0.000619,-0.047556,-0.009031,0.095659
9.071991,-1.456176,0.536345,-0.369458,0.562342,-0.856625,-0.553569,0.473949,-0.259417,-0.599411,0.675359,0.448161,-0.514951,-0.212620,0.330519,-2.637323,-0.638894,1.780734,-1.651845,-1.490863,3.503578,0.725164,0.000121,-0.210768,0.141747,0.000400,-0.047158,-0.008604,0.094497
9.073022,-1.455154,0.546930,-0.369468,0.562820,-0.857230,-0.553824,0.473507,-0.253802,-0.609538,0.682940,0.447330,-0.514864,-0.212304,0.330299,-2.637323,-0.639099,1.780870,-1.651848,-1.490908,3.503570,0.725251,-0.000079,-0.209154,0.140414,-0.000257,-0.046657,-0.007921,0.092154
9.073939,-1.458077,0.544476,-0.367889,0.562126,-0.857799,-0.552203,0.474403,-0.247350,-0.619745,0.691684,0.446233,-0.514832,-0.211841,0.330045,-2.637325,-0.639315,1.781005,-1.651848,-1.490950,3.503565,0.725345,-0.000572,-0.211897,0.138801,-0.000724,-0.045626,-0.007637,0.092691
9.075074,-1.457478,0.549013,-0.374560,0.563337,-0.858009,-0.552799,0.474115,-0.239329,-0.629208,0.701508,0.445757,-0.514757,-0.211161,0.329789,-2.637321,-0.639517,1.781135,-1.651847,-1.490992,3.503551,0.725429,0.000864,-0.208184,0.136442,-0.000030,-0.044634,-0.009197,0.090533
9.075979,-1.457116,0.553722,-0.377798,0.561825,-0.858506,-0.552527,0.475442,-0.230939,-0.639107,0.712336,0.444930,-0.514772,-0.210391,0.329561,-2.637321,-0.639723,1.781276,-1.651852,-1.491037,3.503544,0.725519,0.000547,-0.208021,0.138116,-0.001162,-0.043983,-0.008536,0.090773
9.076969,-1.455500,0.557323,-0.377629,0.561219,-0.859025,-0.553486,0.475800,-0.224852,-0.647621,0.721396,0.443717,-0.514916,-0.209715,0.329373,-2.637321,-0.639930,1.781415,-1.651848,-1.491076,3.503539,0.725597,0.000367,-0.207892,0.138055,0.000300,-0.043088,-0.008782,0.087776
9.078078,-1.458298,0.564049,-0.380421,0.559212,-0.860891,-0.552798,0.475518,-0.221393,-0.657206,0.731229,0.439526,-0.515562,-0.208614,0.329143,-2.637319,-0.640347,1.781681,-1.651842,-1.491151,3.503525,0.725765,0.000953,-0.208052,0.136175,0.002763,-0.039940,-0.008431,0.086984
9.079163,-1.456407,0.567716,-0.381345,0.558827,-0.863046,-0.553559,0.476257,-0.221393,-0.657206,0.731229,0.439526,-0.515562,-0.208614,0.329143,-2.637319,-0.640347,1.781681,-1.651842,-1.491151,3.503525,0.725765,0.000953,-0.208052,0.136175,0.002763,-0.039940,-0.008431,0.086984
9.079973,-1.457542,0.572268,-0.382659,0.560413,-0.862628,-0.554056,0.475524,-0.225573,-0.658504,0.731728,0.434653,-0.516252,-0.208228,0.329122,-2.637321,-0.640553,1.781813,-1.651840,-1.491185,3.503518,0.725845,0.000005,-0.207408,0.135037,0.003084,-0.037444,-0.007615,0.085167
9.080955,-1.457294,0.576520,-0.382935,0.561465,-0.864216,-0.553859,0.477343,-0.232605,-0.657586,0.729687,0.428684,-0.517116,-0.207926,0.329150,-2.637319,-0.640760,1.781944,-1.651842,-1.491228,3.503511,0.725932,0.000567,-0.207198,0.134133,0.001529,-0.037463,-0.007079,0.086311
9.082050,-1.455811,0.578025,-0.380069,0.561817,-0.862780,-0.553258,0.476992,-0.239296,-0.654955,0.726507,0.423948,-0.517886,-0.207616,0.329193,-2.637320,-0.640964,1.782076,-1.651844,-1.491259,3.503504,0.726007,0.000443,-0.206877,0.132682,0.000541,-0.035540,-0.007241,0.082325
9.083056,-1.453156,0.578284,-0.385163,0.561731,-0.862036,-0.553191,0.478212,-0.241845,-0.652837,0.725080,0.421728,-0.518394,-0.207140,0.329221,-2.637320,-0.641167,1.782196,-1.651845,-1.491300,3.503495,0.726087,-0.000302,-0.205177,0.129789,0.000202,-0.036597,-0.007791,0.082748
9.084027,-1.456500,0.587112,-0.386736,0.560129,-0.859356,-0.552966,0.478515,-0.236182,-0.655253,0.729422,0.422116,-0.518613,-0.206320,0.329229,-2.637323,-0.641364,1.782330,-1.651845,-1.491337,3.503488,0.726165,-0.001597,-0.202936,0.130774,0.000294,-0.036966,-0.007815,0.079966
9.085032,-1.457546,0.590517,-0.386566,0.559198,-0.859687,-0.553754,0.479426,-0.225166,-0.661193,0.737462,0.424003,-0.518712,-0.205301,0.329219,-2.637319,-0.641575,1.782459,-1.651839,-1.491379,3.503480,0.726242,0.000058,-0.204865,0.129983,0.001767,-0.039240,-0.007991,0.079070
9.085955,-1.457270,0.596055,-0.386590,0.561232,-0.860804,-0.553796,0.480049,-0.216132,-0.666283,0.743606,0.425303,-0.518973,-0.204420,0.329186,-2.637318,-0.641779,1.782586,-1.651836,-1.491413,3.503479,0.726314,0.000548,-0.204093,0.128373,0.002632,-0.038543,-0.007187,0.076949
9.087074,-1.457203,0.597291,-0.388498,0.561591,-0.860775,-0.553507,0.479731,-0.210775,-0.669308,0.746644,0.425582,-0.519437,-0.203755,0.329117,-2.637318,-0.641981,1.782710,-1.651840,-1.491447,3.503472,0.726387,0.000404,-0.204451,0.126891,0.000658,-0.037081,-0.007108,0.075417
9.088100,-1.453044,0.599334,-0.392252,0.561299,-0.860967,-0.553718,0.481017,-0.206174,-0.671073,0.748220,0.426428,-0.519887,-0.203186,0.328994,-2.637318,-0.642178,1.782834,-1.651841,-1.491484,3.503465,0.726462,0.000371,-0.202677,0.126373,0.000330,-0.036747,-0.007362,0.075773
9.088964,-1.456672,0.604142,-0.394136,0.560868,-0.862323,-0.553959,0.480627,-0.199659,-0.673188,0.750217,0.428642,-0.520198,-0.202608,0.328825,-2.637323,-0.642376,1.782961,-1.651841,-1.491520,3.503458,0.726527,-0.001663,-0.201333,0.126735,0.000634,-0.036194,-0.007100,0.072907
9.089983,-1.457794,0.606977,-0.392950,0.562119,-0.862340,-0.553404,0.481267,-0.191661,-0.676062,0.752637,0.431527,-0.520432,-0.202049,0.328635,-2.637319,-0.642576,1.783084,-1.651837,-1.491551,3.503451,0.726601,0.000145,-0.201347,0.126188,0.000973,-0.034516,-0.006820,0.073426
9.090989,-1.456727,0.608547,-0.399800,0.564101,-0.860754,-0.552974,0.481316,-0.185357,-0.678311,0.753581,0.433970,-0.520673,-0.201672,0.328455,-2.637318,-0.642774,1.783203,-1.651842,-1.491583,3.503443,0.726668,0.000673,-0.200374,0.124159,-0.000165,-0.034190,-0.007336,0.071857
9.092008,-1.452559,0.607407,-0.398563,0.564515,-0.862764,-0.553592,0.483109,-0.181126,-0.679192,0.752594,0.436589,-0.520765,-0.201496,0.328292,-2.637319,-0.642968,1.783333,-1.651848,-1.491617,3.503437,0.726738,0.000149,-0.198835,0.126057,-0.002007,-0.035454,-0.007727,0.071491
9.093096,-1.457489,0.612713,-0.400442,0.564606,-0.864681,-0.553365,0.482497,-0.174849,-0.680407,0.752342,0.441149,-0.520436,-0.201303,0.328132,-2.637325,-0.643158,1.783455,-1.651850,-1.491646,3.503433,0.726796,-0.001885,-0.195961,0.123941,-0.002360,-0.033124,-0.007074,0.067639
9.094088,-1.456036,0.612621,-0.402297,0.564342,-0.866485,-0.554123,0.482973,-0.164423,-0.684217,0.755300,0.447292,-0.519720,-0.200957,0.327985,-2.637319,-0.643356,1.783575,-1.651853,-1.491673,3.503426,0.726868,0.000559,-0.196273,0.123457,-0.002396,-0.030933,-0.007271,0.068621
9.094957,-1.453605,0.616231,-0.404316,0.564628,-0.866002,-0.553512,0.483779,-0.153605,-0.689766,0.759763,0.452925,-0.518922,-0.200618,0.327887,-2.637321,-0.643544,1.783696,-1.651854,-1.491699,3.503422,0.726929,-0.000178,-0.193948,0.122925,-0.002086,-0.028866,-0.006479,0.067401
9.096036,-1.455880,0.613713,-0.409695,0.565221,-0.865555,-0.554131,0.482376,-0.143348,-0.696404,0.765171,0.457532,-0.518157,-0.200295,0.327855,-2.637325,-0.643736,1.783818,-1.651856,-1.491731,3.503413,0.726992,-0.001354,-0.193462,0.122477,-0.002334,-0.029053,-0.007047,0.065531
9.097111,-1.457709,0.619620,-0.408467,0.565621,-0.865744,-0.553031,0.483708,-0.132585,-0.704214,0.772001,0.461704,-0.517385,-0.199927,0.327884,-2.637323,-0.643918,1.783945,-1.651860,-1.491760,3.503407,0.727065,-0.000214,-0.189997,0.123654,-0.002828,-0.029209,-0.006380,0.068091
9.097967,-1.454813,0.623848,-0.410090,0.564837,-0.864410,-0.553249,0.483712,-0.123813,-0.711826,0.778327,0.465129,-0.516679,-0.199664,0.327965,-2.637321,-0.644110,1.784063,-1.651865,-1.491788,3.503397,0.727120,0.000675,-0.190691,0.121588,-0.003124,-0.028737,-0.007438,0.065152
9.099076,-1.451736,0.625273,-0.410799,0.563805,-0.864164,-0.553609,0.485069,-0.117573,-0.717515,0.783301,0.468090,-0.516022,-0.199440,0.328079,-2.637325,-0.644299,1.784183,-1.651865,-1.491818,3.503388,0.727185,-0.000752,-0.190525,0.120975,-0.002316,-0.029783,-0.007152,0.064909
9.100037,-1.451234,0.626857,-0.412974,0.563239,-0.863651,-0.553705,0.484711,-0.110434,-0.721701,0.789045,0.471458,-0.515302,-0.198962,0.328213,-2.637328,-0.644483,1.784299,-1.651864,-1.491845,3.503382,0.727241,-0.002250,-0.189018,0.119940,-0.001306,-0.029747,-0.006758,0.061943
9.101038,-1.450881,0.626180,-0.419154,0.564361,-0.864767,-0.552946,0.485205,-0.099692,-0.726640,0.798057,0.475095,-0.514523,-0.198099,0.328362,-2.637330,-0.644667,1.784417,-1.651864,-1.491874,3.503377,0.727305,-0.002465,-0.187593,0.119619,-0.000739,-0.029976,-0.006633,0.062441
9.102076,-1.456184,0.626376,-0.416249,0.560579,-0.862852,-0.552243,0.485395,-0.075230,-0.739742,0.821451,0.479905,-0.513265,-0.195957,0.328687,-2.637329,-0.645026,1.784655,-1.651860,-1.491931,3.503359,0.727420,0.000030,-0.183038,0.118369,0.001838,-0.030218,-0.007993,0.060601
9.103029,-1.452348,0.629925,-0.421906,0.562191,-0.863480,-0.551536,0.485275,-0.075230,-0.739742,0.821451,0.479905,-0.513265,-0.195957,0.328687,-2.637329,-0.645026,1.784655,-1.651860,-1.491931,3.503359,0.727420,0.000030,-0.183038,0.118369,0.001838,-0.030218,-0.007993,0.060601
9.104017,-1.456090,0.631283,-0.424012,0.562907,-0.862849,-0.551837,0.485906,-0.068350,-0.748290,0.832830,0.477297,-0.513245,-0.195127,0.328865,-2.637335,-0.645211,1.784776,-1.651862,-1.491958,3.503350,0.727480,-0.001865,-0.182619,0.119791,0.000230,-0.029295,-0.008643,0.060607
9.105107,-1.454205,0.635965,-0.430080,0.562187,-0.862509,-0.551871,0.485452,-0.065567,-0.755761,0.842117,0.472685,-0.513467,-0.194470,0.329042,-2.637332,-0.645388,1.784895,-1.651864,-1.491986,3.503344,0.727534,-0.000000,-0.181164,0.119405,-0.000432,-0.029658,-0.008300,0.059116
9.106067,-1.453233,0.637675,-0.430347,0.561290,-0.863153,-0.552038,0.485193,-0.067743,-0.758747,0.846524,0.468049,-0.513721,-0.194055,0.329210,-2.637334,-0.645571,1.785020,-1.651862,-1.492014,3.503337,0.727593,-0.000946,-0.181315,0.120948,0.000259,-0.029715,-0.008223,0.059806
9.107040,-1.454828,0.640235,-0.429040,0.562671,-0.862602,-0.551340,0.485110,-0.074732,-0.756519,0.845580,0.463638,-0.514004,-0.193861,0.329378,-2.637337,-0.645746,1.785136,-1.651860,-1.492039,3.503325,0.727653,-0.001384,-0.180062,0.119661,0.001109,-0.028814,-0.007984,0.060081
9.108018,-1.454151,0.642740,-0.435105,0.560202,-0.866583,-0.550052,0.486102,-0.082935,-0.751606,0.842425,0.459769,-0.514259,-0.193697,0.329549,-2.637334,-0.645923,1.785250,-1.651862,-1.492068,3.503315,0.727712,-0.000610,-0.179226,0.117637,-0.000245,-0.029084,-0.008632,0.060010
9.109007,-1.454484,0.645653,-0.433846,0.561427,-0.867331,-0.550799,0.485961,-0.091145,-0.745809,0.838650,0.456057,-0.514543,-0.193507,0.329713,-2.637335,-0.646101,1.785371,-1.651854,-1.492087,3.503305,0.727765,-0.000944,-0.178337,0.119255,0.002076,-0.024867,-0.009863,0.057791
9.109952,-1.459062,0.647282,-0.435546,0.561448,-0.866509,-0.551758,0.487406,-0.100547,-0.739094,0.833523,0.451699,-0.515028,-0.193351,0.329865,-2.637337,-0.646275,1.785482,-1.651856,-1.492112,3.503296,0.727821,-0.000753,-0.177709,0.117260,0.000858,-0.023908,-0.009042,0.057870
9.111068,-1.455427,0.649741,-0.438557,0.562239,-0.866902,-0.551831,0.486805,-0.111675,-0.731756,0.826849,0.446578,-0.515746,-0.193330,0.330008,-2.637332,-0.646448,1.785598,-1.651854,-1.492140,3.503287,0.727871,0.001491,-0.176439,0.116726,0.000796,-0.024464,-0.008031,0.054751
9.111991,-1.452881,0.654169,-0.440381,0.561448,-0.866696,-0.550607,0.486503,-0.124399,-0.724000,0.818611,0.441285,-0.516597,-0.193527,0.330154,-2.637337,-0.646621,1.785714,-1.651858,-1.492163,3.503277,0.727929,-0.000300,-0.175602,0.116852,0.000087,-0.023824,-0.007904,0.055761
9.112970,-1.453494,0.657458,-0.440109,0.562072,-0.865349,-0.550005,0.487483,-0.135537,-0.716037,0.810137,0.437426,-0.517378,-0.193736,0.330311,-2.637340,-0.646797,1.785829,-1.651855,-1.492184,3.503263,0.727986,-0.001540,-0.175715,0.116376,0.000817,-0.023833,-0.009056,0.056131
9.114147,-1.450429,0.658553,-0.440118,0.560820,-0.866332,-0.549936,0.486562,-0.141995,-0.708155,0.803046,0.436166,-0.517925,-0.193682,0.330467,-2.637340,-0.646970,1.785939,-1.651858,-1.492209,3.503252,0.728036,-0.001215,-0.175270,0.114909,0.000260,-0.024937,-0.009588,0.053946
9.114989,-1.452091,0.659569,-0.442245,0.563308,-0.865738,-0.549979,0.487748,-0.142535,-0.701946,0.799023,0.437086,-0.518243,-0.193258,0.330603,-2.637345,-0.647139,1.786052,-1.651853,-1.492229,3.503241,0.728096,-0.002700,-0.173778,0.113554,0.001416,-0.023734,-0.009587,0.055585
9.115981,-1.451378,0.665174,-0.445825,0.563458,-0.866929,-0.550403,0.486717,-0.136329,-0.699444,0.799571,0.439715,-0.518360,-0.192466,0.330703,-2.637345,-0.647309,1.786166,-1.651858,-1.492253,3.503232,0.728141,-0.001845,-0.172247,0.113266,-0.000981,-0.024100,-0.009490,0.052990
9.117042,-1.449472,0.666573,-0.446213,0.561575,-0.868706,-0.549070,0.487404,-0.125846,-0.698709,0.802217,0.444382,-0.518253,-0.191493,0.330760,-2.637349,-0.647485,1.786281,-1.651861,-1.492270,3.503224,0.728199,-0.002166,-0.172967,0.113686,-0.001057,-0.022721,-0.009014,0.054869
9.118087,-1.452989,0.671391,-0.445684,0.562404,-0.869056,-0.550378,0.487090,-0.114168,-0.697319,0.804224,0.450536,-0.518026,-0.190477,0.330782,-2.637354,-0.647651,1.786392,-1.651855,-1.492289,3.503213,0.728249,-0.003067,-0.171647,0.112526,0.000715,-0.020752,-0.010294,0.053259
9.119053,-1.447523,0.673679,-0.451382,0.563598,-0.867937,-0.549735,0.488136,-0.102809,-0.695735,0.805563,0.456397,-0.517893,-0.189466,0.330772,-2.637351,-0.647823,1.786499,-1.651856,-1.492309,3.503208,0.728302,-0.001315,-0.172006,0.110973,-0.000109,-0.020210,-0.008929,0.053693
9.119989,-1.451955,0.674188,-0.451122,0.564857,-0.867812,-0.551120,0.488407,-0.092170,-0.693211,0.805725,0.462310,-0.517783,-0.188501,0.330715,-2.637361,-0.647992,1.786613,-1.651860,-1.492333,3.503197,0.728351,-0.003978,-0.171116,0.112486,-0.001218,-0.021110,-0.009526,0.051380
9.121077,-1.453816,0.673336,-0.449480,0.562331,-0.867444,-0.550880,0.488075,-0.081370,-0.689004,0.804473,0.469827,-0.517489,-0.187591,0.330588,-2.637359,-0.648159,1.786721,-1.651866,-1.492352,3.503191,0.728398,-0.001731,-0.169352,0.111031,-0.002332,-0.021036,-0.008086,0.050663
9.122016,-1.452670,0.673762,-0.452600,0.563893,-0.868073,-0.549714,0.489034,-0.071559,-0.685891,0.803162,0.476943,-0.517221,-0.186879,0.330414,-2.637358,-0.648324,1.786824,-1.651861,-1.492373,3.503182,0.728450,-0.000824,-0.166948,0.108967,0.000101,-0.021191,-0.008292,0.051130
9.122978,-1.450791,0.677891,-0.452619,0.563113,-0.868396,-0.550071,0.489076,-0.063453,-0.687273,0.803883,0.481035,-0.517256,-0.186408,0.330222,-2.637361,-0.648486,1.786934,-1.651866,-1.492392,3.503174,0.728494,-0.001382,-0.165225,0.109232,-0.001366,-0.020360,-0.009417,0.049014
9.124052,-1.448226,0.681622,-0.454233,0.564000,-0.867420,-0.551196,0.490268,-0.054788,-0.693025,0.807644,0.483181,-0.517457,-0.185961,0.330004,-2.637365,-0.648652,1.787041,-1.651865,-1.492409,3.503166,0.728542,-0.002274,-0.165306,0.107946,-0.000604,-0.019878,-0.008999,0.048754
9.125095,-1.455097,0.679282,-0.452146,0.564811,-0.867601,-0.552242,0.489939,-0.043217,-0.700761,0.814171,0.485751,-0.517555,-0.185310,0.329743,-2.637371,-0.648818,1.787145,-1.651870,-1.492430,3.503161,0.728583,-0.003492,-0.165177,0.107509,-0.001371,-0.020651,-0.007834,0.046184
9.126079,-1.452655,0.687292,-0.456331,0.565205,-0.867848,-0.553258,0.490411,-0.029309,-0.709587,0.822753,0.489161,-0.517493,-0.184518,0.329445,-2.637364,-0.648973,1.787244,-1.651872,-1.492450,3.503155,0.728633,-0.000090,-0.162128,0.105258,-0.002153,-0.020263,-0.006752,0.046674
9.127003,-1.449463,0.689618,-0.452706,0.562002,-0.867770,-0.552677,0.489988,-0.016884,-0.718128,0.830870,0.492615,-0.517373,-0.183884,0.329131,-2.637368,-0.649138,1.787350,-1.651875,-1.492471,3.503151,0.728673,-0.001307,-0.164193,0.106110,-0.002455,-0.019800,-0.005711,0.045552
9.127994,-1.450310,0.695847,-0.450050,0.562011,-0.868664,-0.551546,0.489345,-0.006339,-0.724698,0.837550,0.496182,-0.517197,-0.183356,0.328818,-2.637373,-0.649299,1.787448,-1.651868,-1.492490,3.503142,0.728721,-0.002855,-0.163401,0.103081,0.000609,-0.019696,-0.006256,0.046222
9.129009,-1.455181,0.697848,-0.452036,0.562396,-0.868316,-0.551192,0.490188,0.005836,-0.730924,0.845784,0.499576,-0.516967,-0.182611,0.328530,-2.637373,-0.649465,1.787544,-1.651868,-1.492507,3.503133,0.728771,-0.002402,-0.164538,0.100611,0.000566,-0.018623,-0.007338,0.047314
9.130057,-1.453816,0.701392,-0.452741,0.562505,-0.868153,-0.550632,0.490311,0.018162,-0.736660,0.855010,0.501979,-0.516767,-0.181714,0.328274,-2.637368,-0.649627,1.787642,-1.651870,-1.492526,3.503127,0.728812,-0.000009,-0.163582,0.100444,0.000240,-0.018793,-0.007648,0.045434
9.131042,-1.457037,0.708910,-0.452321,0.562136,-0.866840,-0.551129,0.490210,0.026415,-0.739523,0.861594,0.503238,-0.516646,-0.180972,0.328047,-2.637370,-0.649787,1.787741,-1.651869,-1.492544,3.503116,0.728856,-0.000701,-0.163443,0.099610,0.000105,-0.018772,-0.008145,0.045025
9.131999,-1.453431,0.707050,-0.454080,0.561794,-0.867954,-0.550383,0.489387,0.029395,-0.737885,0.863826,0.503949,-0.516543,-0.180467,0.327858,-2.637367,-0.649953,1.787837,-1.651869,-1.492568,3.503110,0.728902,0.000892,-0.165220,0.098234,0.000469,-0.019858,-0.007601,0.045049
9.133002,-1.456815,0.708509,-0.454552,0.563092,-0.866047,-0.550525,0.490170,0.028338,-0.732041,0.862353,0.504587,-0.516407,-0.180121,0.327717,-2.637371,-0.650108,1.787932,-1.651868,-1.492583,3.503100,0.728953,-0.000892,-0.162387,0.097990,0.000781,-0.018571,-0.008299,0.046508
9.133959,-1.454213,0.705190,-0.455197,0.561285,-0.865451,-0.550354,0.489586,0.026296,-0.725472,0.860219,0.505252,-0.516233,-0.179826,0.327616,-2.637365,-0.650268,1.788027,-1.651870,-1.492603,3.503095,0.728995,0.000768,-0.161220,0.097082,-0.000486,-0.020305,-0.008122,0.044741
9.134982,-1.458549,0.710426,-0.458336,0.558968,-0.865272,-0.550214,0.489523,0.025648,-0.722201,0.860486,0.505475,-0.516080,-0.179544,0.327538,-2.637369,-0.650421,1.788120,-1.651864,-1.492624,3.503085,0.729045,-0.000525,-0.157697,0.096285,0.001211,-0.020678,-0.008231,0.045736
9.136011,-1.457206,0.710164,-0.458645,0.560992,-0.866169,-0.549274,0.489638,0.024697,-0.723691,0.863187,0.503215,-0.516232,-0.179387,0.327480,-2.637363,-0.650581,1.788217,-1.651858,-1.492646,3.503076,0.729088,0.001609,-0.158436,0.096709,0.003387,-0.020634,-0.008318,0.045676
9.136990,-1.457324,0.718770,-0.456545,0.559629,-0.867031,-0.548367,0.489361,0.020127,-0.727643,0.865458,0.497621,-0.516855,-0.179497,0.327428,-2.637365,-0.650732,1.788309,-1.651860,-1.492662,3.503067,0.729132,0.000930,-0.156463,0.095741,0.001375,-0.019571,-0.009212,0.045270
9.138012,-1.459715,0.723562,-0.452845,0.560815,-0.866602,-0.548799,0.489516,0.013470,-0.731675,0.866589,0.490801,-0.517710,-0.179724,0.327354,-2.637363,-0.650895,1.788399,-1.651854,-1.492678,3.503058,0.729180,0.000975,-0.158852,0.093605,0.002639,-0.018542,-0.010066,0.045638
9.139085,-1.455854,0.727024,-0.455118,0.561163,-0.865620,-0.549745,0.489476,0.007165,-0.734025,0.867001,0.484675,-0.518537,-0.179849,0.327239,-2.637359,-0.651055,1.788483,-1.651856,-1.492697,3.503053,0.729226,0.002137,-0.159315,0.090739,0.001457,-0.018795,-0.009592,0.045137
9.140000,-1.458303,0.726473,-0.459019,0.560444,-0.865014,-0.550001,0.489154,0.002650,-0.733680,0.866895,0.480626,-0.519133,-0.179815,0.327071,-2.637363,-0.651216,1.788574,-1.651855,-1.492717,3.503045,0.729269,0.000221,-0.159111,0.090811,0.001112,-0.019584,-0.008589,0.045049
9.141037,-1.461256,0.726176,-0.457205,0.558556,-0.866271,-0.549393,0.489226,0.000410,-0.731305,0.866454,0.479044,-0.519453,-0.179721,0.326856,-2.637359,-0.651369,1.788667,-1.651851,-1.492734,3.503036,0.729315,0.001432,-0.156978,0.091647,0.001746,-0.020012,-0.008290,0.045514
9.142024,-1.460538,0.729132,-0.457512,0.561091,-0.867120,-0.546588,0.490752,-0.003140,-0.729035,0.865071,0.476930,-0.519872,-0.179880,0.326635,-2.637354,-0.651520,1.788754,-1.651846,-1.492749,3.503024,0.729358,0.002845,-0.155017,0.089666,0.003510,-0.018588,-0.008831,0.045192
9.142975,-1.455960,0.730956,-0.458702,0.560907,-0.868327,-0.547031,0.489986,-0.009086,-0.729128,0.863693,0.472368,-0.520602,-0.180352,0.326439,-2.637352,-0.651677,1.788840,-1.651850,-1.492765,3.503009,0.729396,0.002448,-0.154632,0.088810,0.001025,-0.017583,-0.011566,0.041955
9.143999,-1.461033,0.732868,-0.458585,0.562101,-0.870556,-0.547707,0.491056,-0.012699,-0.731709,0.864476,0.467930,-0.521306,-0.180780,0.326272,-2.637356,-0.651826,1.788927,-1.651848,-1.492780,3.503000,0.729443,0.000184,-0.153746,0.088358,0.001192,-0.016228,-0.011040,0.043347
9.145135,-1.459051,0.736199,-0.461673,0.559389,-0.871240,-0.548333,0.490478,-0.011936,-0.735906,0.867742,0.465334,-0.521775,-0.180992,0.326135,-2.637348,-0.651979,1.789011,-1.651850,-1.492791,3.502990,0.729478,0.002678,-0.152864,0.087284,0.000028,-0.013874,-0.010299,0.041032
9.146030,-1.459463,0.737007,-0.458170,0.562192,-0.871811,-0.549078,0.489913,-0.011198,-0.740110,0.870718,0.462923,-0.522240,-0.181215,0.326050,-2.637350,-0.652131,1.789100,-1.651840,-1.492803,3.502979,0.729523,0.001669,-0.152711,0.087776,0.002547,-0.013086,-0.009611,0.042040
9.146981,-1.458398,0.737671,-0.460297,0.561759,-0.871270,-0.548109,0.490568,-0.011890,-0.743909,0.872705,0.459886,-0.522803,-0.181511,0.326045,-2.637346,-0.652278,1.789179,-1.651847,-1.492816,3.502972,0.729566,0.001847,-0.151337,0.085043,-0.000138,-0.012392,-0.008822,0.042998
9.148025,-1.459879,0.742228,-0.458514,0.561549,-0.872495,-0.548840,0.489746,-0.010433,-0.748918,0.876265,0.457467,-0.523266,-0.181692,0.326131,-2.637346,-0.652425,1.789263,-1.651846,-1.492830,3.502960,0.729603,0.001301,-0.149911,0.085126,0.000287,-0.012803,-0.009737,0.041514
9.148982,-1.460352,0.743468,-0.459808,0.563377,-0.872810,-0.549001,0.490823,-0.006412,-0.755165,0.881672,0.455885,-0.523582,-0.181707,0.326302,-2.637342,-0.652573,1.789342,-1.651846,-1.492836,3.502952,0.729652,0.002007,-0.150430,0.083276,0.000499,-0.011499,-0.008936,0.042995
9.150079,-1.457470,0.745442,-0.460624,0.561581,-0.872458,-0.548887,0.489885,-0.001999,-0.760844,0.887057,0.454844,-0.523815,-0.181646,0.326543,-2.637338,-0.652722,1.789424,-1.651850,-1.492847,3.502943,0.729688,0.002193,-0.149241,0.082945,-0.001255,-0.011085,-0.008732,0.040654
9.151053,-1.459729,0.744657,-0.461434,0.563316,-0.873819,-0.549200,0.490815,0.002735,-0.765433,0.892096,0.454650,-0.523958,-0.181530,0.326834,-2.637341,-0.652868,1.789506,-1.651846,-1.492859,3.502934,0.729733,0.000772,-0.148491,0.082367,0.000483,-0.011325,-0.008793,0.042390
9.152004,-1.457209,0.745725,-0.462035,0.560973,-0.873277,-0.551059,0.490184,0.008348,-0.770080,0.897646,0.454922,-0.524071,-0.181369,0.327157,-2.637336,-0.653010,1.789586,-1.651851,-1.492867,3.502926,0.729771,0.001863,-0.146380,0.081817,-0.001166,-0.009866,-0.008429,0.040345
9.153067,-1.455832,0.749409,-0.463610,0.560610,-0.874879,-0.549731,0.491128,0.014347,-0.776188,0.904234,0.454672,-0.524261,-0.181266,0.327489,-2.637337,-0.653153,1.789667,-1.651845,-1.492878,3.502922,0.729815,0.000597,-0.145204,0.081139,0.001090,-0.010311,-0.006531,0.041462
9.154041,-1.459979,0.750958,-0.464571,0.561803,-0.875194,-0.549666,0.491120,0.020454,-0.783986,0.911915,0.453227,-0.524585,-0.181220,0.327814,-2.637339,-0.653298,1.789748,-1.651845,-1.492884,3.502913,0.729849,-0.000067,-0.145315,0.080968,0.001421,-0.008632,-0.007833,0.039407
9.155127,-1.458162,0.754996,-0.467535,0.562045,-0.873620,-0.549910,0.490825,0.024835,-0.791159,0.918575,0.450698,-0.525026,-0.181256,0.328111,-2.637331,-0.653440,1.789830,-1.651849,-1.492892,3.502903,0.729888,0.001941,-0.144379,0.080459,0.000302,-0.008244,-0.007826,0.039286
9.156046,-1.459145,0.755843,-0.465035,0.563316,-0.874519,-0.550196,0.490885,0.024691,-0.794478,0.920979,0.447935,-0.525478,-0.181508,0.328368,-2.637330,-0.653587,1.789910,-1.651849,-1.492905,3.502894,0.729929,0.000993,-0.144649,0.080984,0.000085,-0.009709,-0.007527,0.039714
9.157115,-1.457758,0.757785,-0.467950,0.562632,-0.875466,-0.549966,0.490783,0.021034,-0.793276,0.919152,0.446258,-0.525723,-0.181923,0.328581,-2.637328,-0.653726,1.789986,-1.651851,-1.492911,3.502885,0.729966,0.001469,-0.143386,0.078805,-0.001148,-0.008725,-0.007185,0.039443
9.158164,-1.459024,0.758377,-0.465971,0.562199,-0.875012,-0.550951,0.491363,0.016619,-0.789491,0.915526,0.446104,-0.525648,-0.182355,0.328748,-2.637329,-0.653870,1.790065,-1.651850,-1.492916,3.502878,0.730004,0.000775,-0.142635,0.079341,-0.000486,-0.007725,-0.007376,0.039496
9.159050,-1.460653,0.763077,-0.471254,0.562789,-0.877553,-0.550720,0.491007,0.012067,-0.785163,0.911668,0.446409,-0.525362,-0.182782,0.328875,-2.637327,-0.654007,1.790138,-1.651847,-1.492926,3.502870,0.730038,0.001397,-0.141285,0.077449,-0.000107,-0.008094,-0.006334,0.038186
9.160062,-1.460243,0.759554,-0.474971,0.562030,-0.876868,-0.550079,0.492455,0.005145,-0.779666,0.906283,0.446135,-0.525020,-0.183329,0.328971,-2.637323,-0.654150,1.790221,-1.651849,-1.492927,3.502862,0.730076,0.002167,-0.141936,0.079128,-0.000671,-0.005516,-0.006531,0.038765
9.161032,-1.458869,0.764297,-0.473081,0.562952,-0.877848,-0.550830,0.491662,-0.007334,-0.771162,0.896668,0.444734,-0.524773,-0.184180,0.329041,-2.637323,-0.654283,1.790300,-1.651847,-1.492935,3.502854,0.730105,0.001952,-0.138536,0.080026,0.000061,-0.006158,-0.007129,0.035715
9.162108,-1.456549,0.767207,-0.473667,0.560818,-0.879077,-0.550037,0.492027,-0.023820,-0.760967,0.884109,0.442412,-0.524644,-0.185271,0.329093,-2.637323,-0.654421,1.790375,-1.651851,-1.492939,3.502849,0.730147,0.001260,-0.139287,0.078158,-0.000796,-0.005116,-0.006332,0.037180
9.163038,-1.456615,0.764661,-0.476253,0.560855,-0.877589,-0.549592,0.493431,-0.039702,-0.750973,0.872031,0.440137,-0.524538,-0.186290,0.329134,-2.637326,-0.654561,1.790450,-1.651845,-1.492942,3.502841,0.730182,0.000132,-0.139061,0.077563,0.001242,-0.003856,-0.007092,0.036286
9.163993,-1.457779,0.762748,-0.475995,0.561772,-0.878505,-0.550976,0.493186,-0.053050,-0.742535,0.862245,0.437709,-0.524510,-0.187074,0.329155,-2.637324,-0.654689,1.790528,-1.651847,-1.492953,3.502833,0.730209,0.000157,-0.136221,0.077926,0.001223,-0.005258,-0.007488,0.033349
9.164989,-1.456345,0.765848,-0.475787,0.562112,-0.877705,-0.551337,0.493555,-0.063781,-0.738087,0.855940,0.434329,-0.524657,-0.187719,0.329149,-2.637322,-0.654816,1.790605,-1.651847,-1.492954,3.502829,0.730246,0.000718,-0.133742,0.076865,0.000302,-0.004315,-0.006060,0.033725
9.166052,-1.453885,0.766623,-0.476632,0.562621,-0.878347,-0.551359,0.493271,-0.071309,-0.738449,0.853670,0.430553,-0.524894,-0.188286,0.329126,-2.637324,-0.654949,1.790677,-1.651849,-1.492960,3.502824,0.730277,0.000006,-0.133722,0.075893,0.000006,-0.005067,-0.005680,0.032851
9.167089,-1.456883,0.768424,-0.479652,0.561138,-0.877447,-0.550422,0.494031,-0.074086,-0.742278,0.855388,0.427977,-0.525018,-0.188650,0.329094,-2.637327,-0.655080,1.790754,-1.651849,-1.492965,3.502815,0.730311,-0.001185,-0.132531,0.075404,-0.000492,-0.004366,-0.005608,0.033295
9.168012,-1.455283,0.768762,-0.477473,0.561596,-0.876256,-0.549881,0.493416,-0.073649,-0.747448,0.859218,0.426673,-0.525025,-0.188824,0.329057,-2.637323,-0.655212,1.790828,-1.651844,-1.492973,3.502806,0.730340,0.000290,-0.131848,0.076028,0.000870,-0.005193,-0.006500,0.031641
9.168997,-1.457940,0.768589,-0.480782,0.561209,-0.876880,-0.550000,0.493532,-0.073428,-0.752652,0.863017,0.425220,-0.525064,-0.188950,0.329022,-2.637326,-0.655339,1.790898,-1.651845,-1.492981,3.502800,0.730372,-0.000490,-0.130492,0.074076,0.000428,-0.006314,-0.006999,0.032770
9.170141,-1.452922,0.768708,-0.483944,0.564241,-0.877313,-0.550313,0.494134,-0.074284,-0.758160,0.866670,0.422945,-0.525169,-0.189079,0.328983,-2.637323,-0.655466,1.790973,-1.651843,-1.492986,3.502796,0.730403,0.000820,-0.128879,0.074855,0.000776,-0.005621,-0.006848,0.032396
9.171024,-1.455168,0.768899,-0.484106,0.563619,-0.876908,-0.549191,0.493813,-0.075450,-0.763506,0.869941,0.420960,-0.525212,-0.189227,0.328913,-2.637331,-0.655592,1.791049,-1.651849,-1.492991,3.502791,0.730432,-0.001639,-0.127421,0.075532,-0.002137,-0.005141,-0.006508,0.031069
9.171997,-1.455536,0.771720,-0.483962,0.562988,-0.877419,-0.550081,0.493592,-0.074843,-0.768025,0.873041,0.421155,-0.524975,-0.189317,0.328793,-2.637329,-0.655713,1.791122,-1.651847,-1.492998,3.502781,0.730465,-0.000500,-0.126072,0.074712,-0.001527,-0.005483,-0.007581,0.031594
9.173147,-1.454652,0.770826,-0.486127,0.561757,-0.876886,-0.549278,0.494289,-0.073278,-0.771695,0.875875,0.422704,-0.524534,-0.189370,0.328635,-2.637329,-0.655837,1.791195,-1.651849,-1.493003,3.502776,0.730499,-0.000325,-0.125998,0.073774,-0.000859,-0.004914,-0.006639,0.031902
9.174159,-1.453797,0.773527,-0.489519,0.562697,-0.877814,-0.548830,0.493844,-0.073275,-0.774623,0.877800,0.423444,-0.524138,-0.189480,0.328454,-2.637331,-0.655959,1.791268,-1.651845,-1.493009,3.502767,0.730526,-0.000753,-0.124077,0.073992,0.000295,-0.005392,-0.007409,0.030382
9.175157,-1.453025,0.771426,-0.490634,0.564769,-0.875344,-0.549622,0.492817,-0.075224,-0.776433,0.878409,0.423098,-0.523849,-0.189637,0.328261,-2.637333,-0.656080,1.791343,-1.651849,-1.493011,3.502760,0.730558,-0.001156,-0.123995,0.074789,-0.000584,-0.004435,-0.007810,0.031165
9.176009,-1.452918,0.772966,-0.487976,0.562787,-0.876904,-0.548832,0.493529,-0.077832,-0.776212,0.877450,0.423369,-0.523494,-0.189795,0.328073,-2.637334,-0.656198,1.791415,-1.651853,-1.493021,3.502756,0.730594,-0.001521,-0.121507,0.074474,-0.002571,-0.006837,-0.006978,0.033085
9.177084,-1.451735,0.769213,-0.490429,0.564329,-0.875846,-0.548538,0.493566,-0.078508,-0.775591,0.877040,0.425075,-0.522957,-0.189857,0.327896,-2.637336,-0.656317,1.791483,-1.651848,-1.493022,3.502747,0.730622,-0.001546,-0.120863,0.072302,-0.000656,-0.005227,-0.007731,0.031518
9.178056,-1.453390,0.771078,-0.490533,0.563197,-0.876789,-0.548526,0.492828,-0.075516,-0.777701,0.880054,0.427114,-0.522348,-0.189727,0.327734,-2.637338,-0.656428,1.791558,-1.651854,-1.493029,3.502735,0.730653,-0.002119,-0.117632,0.072655,-0.002091,-0.006239,-0.007951,0.031329
9.178959,-1.454896,0.768988,-0.492784,0.563961,-0.874959,-0.548004,0.493715,-0.069573,-0.783261,0.886612,0.428654,-0.521784,-0.189446,0.327602,-2.637338,-0.656543,1.791627,-1.651853,-1.493031,3.502730,0.730687,-0.001279,-0.117202,0.071871,-0.000961,-0.005260,-0.007927,0.032687
9.180041,-1.449854,0.769749,-0.495797,0.564147,-0.877070,-0.548420,0.493883,-0.064025,-0.790577,0.894212,0.428917,-0.521380,-0.189188,0.327513,-2.637337,-0.656651,1.791701,-1.651855,-1.493041,3.502720,0.730715,-0.000540,-0.114845,0.072125,-0.001695,-0.007018,-0.008398,0.030769
9.181035,-1.450053,0.771567,-0.496132,0.563810,-0.877528,-0.548614,0.493465,-0.059619,-0.798218,0.901514,0.428364,-0.521082,-0.188972,0.327459,-2.637343,-0.656764,1.791772,-1.651857,-1.493041,3.502715,0.730744,-0.003026,-0.113886,0.072779,-0.001830,-0.004860,-0.007943,0.030330
9.182013,-1.452190,0.771959,-0.495791,0.563528,-0.876362,-0.549789,0.493434,-0.054063,-0.805298,0.908848,0.428545,-0.520721,-0.188635,0.327436,-2.637345,-0.656874,1.791844,-1.651857,-1.493046,3.502707,0.730777,-0.002880,-0.113474,0.072068,-0.001488,-0.004372,-0.007700,0.031047
9.183047,-1.451754,0.768028,-0.497242,0.564374,-0.876280,-0.549705,0.494102,-0.048201,-0.810859,0.915485,0.429231,-0.520313,-0.188207,0.327440,-2.637343,-0.656985,1.791915,-1.651857,-1.493055,3.502703,0.730807,-0.001822,-0.112335,0.071044,-0.001206,-0.005469,-0.006494,0.030981
9.184010,-1.450398,0.769837,-0.497223,0.564221,-0.876940,-0.549280,0.494079,-0.043598,-0.815758,0.921336,0.429335,-0.519937,-0.187857,0.327452,-2.637345,-0.657090,1.791985,-1.651861,-1.493061,3.502693,0.730833,-0.002032,-0.109089,0.070932,-0.001970,-0.005474,-0.006529,0.029525
9.185017,-1.451888,0.770250,-0.501141,0.563015,-0.876252,-0.548587,0.494249,-0.038783,-0.821772,0.927959,0.428971,-0.519551,-0.187577,0.327456,-2.637348,-0.657198,1.792054,-1.651863,-1.493061,3.502685,0.730862,-0.002670,-0.108723,0.070097,-0.001758,-0.004811,-0.006907,0.029472
9.186079,-1.453359,0.772545,-0.500411,0.563282,-0.876587,-0.548026,0.494649,-0.034222,-0.827882,0.934528,0.428243,-0.519170,-0.187358,0.327454,-2.637348,-0.657303,1.792127,-1.651860,-1.493069,3.502675,0.730889,-0.001911,-0.107669,0.071193,-0.000619,-0.005434,-0.007545,0.029020
9.187052,-1.451835,0.772857,-0.502880,0.562658,-0.876624,-0.546940,0.493930,-0.033512,-0.831303,0.937876,0.426478,-0.518917,-0.187332,0.327446,-2.637348,-0.657411,1.792192,-1.651861,-1.493073,3.502666,0.730914,-0.001175,-0.107524,0.070028,-0.000867,-0.005040,-0.008048,0.028113
9.187993,-1.455198,0.775244,-0.503539,0.562148,-0.876990,-0.547750,0.494012,-0.037476,-0.830968,0.937050,0.423759,-0.518806,-0.187494,0.327435,-2.637354,-0.657516,1.792263,-1.651861,-1.493078,3.502655,0.730946,-0.001884,-0.106417,0.070420,-0.000232,-0.004956,-0.009078,0.029448
9.189078,-1.454972,0.775326,-0.504086,0.562445,-0.876330,-0.546410,0.493878,-0.045876,-0.826774,0.932083,0.420246,-0.518837,-0.187810,0.327435,-2.637351,-0.657622,1.792331,-1.651860,-1.493080,3.502649,0.730973,-0.000211,-0.106351,0.069933,0.000243,-0.004569,-0.008211,0.029159
9.190039,-1.452909,0.778263,-0.506272,0.563133,-0.877735,-0.545239,0.495645,-0.059374,-0.818679,0.922624,0.415738,-0.519051,-0.188341,0.327447,-2.637351,-0.657723,1.792400,-1.651861,-1.493086,3.502636,0.730999,-0.000339,-0.105161,0.069374,-0.000023,-0.005185,-0.009495,0.029325
9.190970,-1.450871,0.777456,-0.505353,0.562522,-0.875270,-0.544551,0.495242,-0.075457,-0.807197,0.909970,0.411516,-0.519297,-0.188957,0.327456,-2.637355,-0.657830,1.792470,-1.651864,-1.493087,3.502622,0.731020,-0.001337,-0.105365,0.069641,-0.000660,-0.003752,-0.010582,0.025671
9.192042,-1.453721,0.779406,-0.507346,0.562045,-0.874921,-0.544563,0.495650,-0.089350,-0.793799,0.896959,0.409368,-0.519351,-0.189387,0.327448,-2.637359,-0.657931,1.792533,-1.651862,-1.493099,3.502610,0.731048,-0.002309,-0.103732,0.068405,-0.000075,-0.006129,-0.011191,0.026409
9.192989,-1.451575,0.777763,-0.509737,0.561980,-0.874965,-0.543335,0.496731,-0.099753,-0.780143,0.885155,0.409036,-0.519217,-0.189591,0.327441,-2.637356,-0.658032,1.792602,-1.651860,-1.493103,3.502599,0.731069,-0.000898,-0.103500,0.068592,0.000353,-0.006421,-0.011105,0.025494
9.193993,-1.451118,0.776698,-0.506728,0.564035,-0.876744,-0.543996,0.496290,-0.108968,-0.766484,0.873635,0.409239,-0.519048,-0.189735,0.327450,-2.637361,-0.658130,1.792669,-1.651859,-1.493106,3.502585,0.731087,-0.001930,-0.101493,0.068982,0.000398,-0.006341,-0.012264,0.023244
9.195115,-1.453437,0.778659,-0.506551,0.561623,-0.875973,-0.543295,0.498144,-0.115343,-0.754486,0.863945,0.410278,-0.518796,-0.189767,0.327469,-2.637363,-0.658223,1.792732,-1.651863,-1.493110,3.502577,0.731111,-0.002123,-0.099840,0.066694,-0.001598,-0.004507,-0.011535,0.024061
9.196000,-1.453725,0.778763,-0.509000,0.561297,-0.876379,-0.542680,0.497648,-0.116879,-0.746261,0.858363,0.412143,-0.518429,-0.189606,0.327485,-2.637362,-0.658324,1.792798,-1.651859,-1.493117,3.502561,0.731125,-0.000968,-0.099625,0.065830,0.000769,-0.005234,-0.012155,0.020252
9.197051,-1.449566,0.778712,-0.511875,0.564064,-0.877058,-0.542182,0.498813,-0.117468,-0.740749,0.854856,0.412880,-0.518181,-0.189427,0.327503,-2.637362,-0.658422,1.792865,-1.651858,-1.493122,3.502547,0.731145,-0.000833,-0.098500,0.066264,0.001048,-0.004766,-0.012685,0.021209
9.198008,-1.452734,0.779084,-0.513446,0.561925,-0.876515,-0.541504,0.497795,-0.118117,-0.735949,0.851586,0.413159,-0.517999,-0.189257,0.327516,-2.637370,-0.658515,1.792933,-1.651864,-1.493122,3.502535,0.731159,-0.002844,-0.097357,0.066880,-0.001614,-0.004083,-0.013106,0.018791
9.199164,-1.452192,0.775801,-0.515923,0.562991,-0.876458,-0.541554,0.498685,-0.117343,-0.730717,0.848160,0.414860,-0.517677,-0.189010,0.327513,-2.637368,-0.658608,1.793001,-1.651859,-1.493128,3.502522,0.731183,-0.001240,-0.096423,0.066847,0.000471,-0.004578,-0.013706,0.020774
9.199977,-1.448993,0.782642,-0.513695,0.562032,-0.875647,-0.542327,0.498915,-0.117383,-0.725282,0.843669,0.416713,-0.517370,-0.188820,0.327498,-2.637369,-0.658695,1.793068,-1.651862,-1.493135,3.502509,0.731198,-0.001522,-0.093718,0.067283,-0.000564,-0.004561,-0.013575,0.018899
9.201081,-1.446752,0.783519,-0.514416,0.564614,-0.875318,-0.543088,0.498708,-0.117753,-0.720129,0.838772,0.418507,-0.517066,-0.188655,0.327458,-2.637375,-0.658793,1.793131,-1.651858,-1.493140,3.502499,0.731215,-0.003060,-0.096012,0.065388,0.000319,-0.005322,-0.012733,0.018382
9.202070,-1.450177,0.782500,-0.513189,0.563713,-0.875193,-0.542794,0.499826,-0.114086,-0.714131,0.835050,0.422909,-0.516394,-0.188224,0.327367,-2.637379,-0.658885,1.793196,-1.651865,-1.493146,3.502489,0.731233,-0.004129,-0.095323,0.064991,-0.002127,-0.005595,-0.011912,0.018731
9.202977,-1.452529,0.784382,-0.513494,0.562500,-0.875385,-0.543065,0.498865,-0.105327,-0.707111,0.833011,0.430716,-0.515242,-0.187504,0.327219,-2.637379,-0.658973,1.793258,-1.651864,-1.493149,3.502477,0.731245,-0.002386,-0.093749,0.063621,-0.001224,-0.005685,-0.012144,0.016420
9.204043,-1.451410,0.784362,-0.514279,0.562866,-0.876109,-0.543362,0.499981,-0.096257,-0.700042,0.831300,0.438802,-0.514009,-0.186824,0.327032,-2.637378,-0.659064,1.793322,-1.651862,-1.493152,3.502465,0.731266,-0.001228,-0.093609,0.063018,-0.000054,-0.005458,-0.011799,0.018304
9.204972,-1.453018,0.785925,-0.515866,0.562294,-0.876893,-0.543391,0.499134,-0.090905,-0.692893,0.828282,0.444694,-0.513038,-0.186413,0.326842,-2.637382,-0.659156,1.793383,-1.651863,-1.493156,3.502454,0.731276,-0.001754,-0.092491,0.062675,-0.000400,-0.004692,-0.011436,0.015989
9.206000,-1.450747,0.785315,-0.514664,0.562471,-0.875861,-0.543007,0.500132,-0.089508,-0.685127,0.823417,0.448546,-0.512353,-0.186275,0.326665,-2.637384,-0.659245,1.793445,-1.651862,-1.493157,3.502441,0.731298,-0.000923,-0.092213,0.062735,0.000142,-0.003894,-0.011328,0.017633
9.207070,-1.454136,0.785660,-0.513530,0.562674,-0.876774,-0.543126,0.499792,-0.090665,-0.676974,0.817396,0.450998,-0.511874,-0.186307,0.326507,-2.637386,-0.659331,1.793501,-1.651863,-1.493163,3.502429,0.731308,-0.002045,-0.090857,0.061440,-0.000005,-0.004885,-0.011642,0.015559
9.208011,-1.453592,0.783945,-0.516773,0.561138,-0.877594,-0.543024,0.499008,-0.092033,-0.669900,0.812208,0.452568,-0.511492,-0.186356,0.326373,-2.637383,-0.659420,1.793559,-1.651864,-1.493165,3.502416,0.731324,-0.000360,-0.089972,0.060186,-0.000196,-0.003932,-0.011445,0.016201
9.208991,-1.451900,0.782850,-0.510052,0.563350,-0.877933,-0.542239,0.500015,-0.094288,-0.664666,0.807993,0.452564,-0.511282,-0.186459,0.326283,-2.637385,-0.659503,1.793622,-1.651860,-1.493166,3.502401,0.731345,-0.000623,-0.088106,0.061071,0.001268,-0.003106,-0.011454,0.017695
9.209981,-1.452533,0.784074,-0.514390,0.562455,-0.877708,-0.542282,0.499337,-0.095682,-0.662931,0.806422,0.451053,-0.511240,-0.186526,0.326239,-2.637388,-0.659587,1.793672,-1.651866,-1.493170,3.502389,0.731357,-0.001445,-0.086558,0.057056,-0.000843,-0.002726,-0.012178,0.015599
9.211117,-1.456974,0.783089,-0.513294,0.562238,-0.877465,-0.542560,0.499847,-0.091982,-0.665914,0.810072,0.449783,-0.511130,-0.186324,0.326217,-2.637388,-0.659672,1.793733,-1.651864,-1.493174,3.502380,0.731375,-0.001114,-0.086161,0.058554,0.000039,-0.002921,-0.012072,0.016918
9.211978,-1.456733,0.784800,-0.513582,0.561584,-0.877475,-0.542408,0.499290,-0.086935,-0.670871,0.815585,0.448388,-0.511024,-0.186082,0.326220,-2.637383,-0.659753,1.793787,-1.651864,-1.493177,3.502366,0.731389,0.001061,-0.084681,0.057333,0.000250,-0.003133,-0.011710,0.015815
9.212976,-1.456780,0.789346,-0.514526,0.562650,-0.876886,-0.541896,0.500086,-0.085990,-0.675263,0.819026,0.445310,-0.511145,-0.186128,0.326245,-2.637383,-0.659836,1.793842,-1.651862,-1.493179,3.502351,0.731408,0.000922,-0.084552,0.056814,0.000865,-0.003098,-0.011772,0.016875
9.214095,-1.455026,0.786174,-0.510505,0.561109,-0.876867,-0.541292,0.499363,-0.089428,-0.676820,0.818973,0.441510,-0.511395,-0.186428,0.326267,-2.637382,-0.659925,1.793898,-1.651866,-1.493187,3.502338,0.731418,0.000931,-0.085777,0.056617,-0.000123,-0.003616,-0.012211,0.015219
9.215015,-1.456858,0.783711,-0.512946,0.561614,-0.878109,-0.540319,0.499643,-0.094010,-0.675431,0.816833,0.438573,-0.511570,-0.186744,0.326266,-2.637384,-0.660002,1.793946,-1.651861,-1.493189,3.502325,0.731437,0.000072,-0.083227,0.054016,0.001324,-0.003607,-0.012739,0.016619
9.215990,-1.457385,0.786570,-0.511507,0.562275,-0.877590,-0.540321,0.500174,-0.096282,-0.675445,0.816636,0.435881,-0.511709,-0.186926,0.326243,-2.637380,-0.660078,1.794002,-1.651861,-1.493189,3.502310,0.731449,0.000962,-0.081090,0.054588,0.000797,-0.002352,-0.013627,0.015987
9.217011,-1.457409,0.788911,-0.509316,0.562008,-0.877548,-0.538933,0.500163,-0.096774,-0.677783,0.818450,0.432940,-0.511880,-0.187049,0.326195,-2.637379,-0.660159,1.794054,-1.651863,-1.493194,3.502295,0.731462,0.001199,-0.081568,0.053229,0.000170,-0.002838,-0.013524,0.014869
9.218033,-1.457459,0.787033,-0.511052,0.561886,-0.877636,-0.539433,0.501344,-0.096519,-0.679747,0.820282,0.430776,-0.511955,-0.187118,0.326106,-2.637377,-0.660241,1.794101,-1.651860,-1.493195,3.502280,0.731477,0.001184,-0.081753,0.051566,0.000389,-0.002872,-0.014835,0.014843
9.219022,-1.458097,0.786988,-0.508165,0.562449,-0.878151,-0.539683,0.500799,-0.095299,-0.680644,0.821935,0.429733,-0.511875,-0.187065,0.325976,-2.637376,-0.660317,1.794152,-1.651860,-1.493201,3.502269,0.731484,0.001201,-0.079885,0.051836,0.000510,-0.002714,-0.014250,0.012431
9.219998,-1.457931,0.784163,-0.509191,0.562723,-0.877889,-0.539358,0.502022,-0.093065,-0.681721,0.823995,0.429311,-0.511700,-0.186945,0.325820,-2.637374,-0.660396,1.794200,-1.651860,-1.493201,3.502254,0.731500,0.001499,-0.078922,0.049795,-0.000061,-0.002196,-0.013916,0.013490
9.221109,-1.459194,0.787916,-0.508758,0.562128,-0.879284,-0.539641,0.501852,-0.089011,-0.684683,0.827658,0.429299,-0.511459,-0.186804,0.325665,-2.637374,-0.660467,1.794251,-1.651860,-1.493206,3.502236,0.731506,0.001412,-0.076645,0.049719,-0.000333,-0.002420,-0.014135,0.010983
9.222030,-1.456918,0.786004,-0.514491,0.561407,-0.879180,-0.538866,0.502895,-0.084075,-0.689117,0.832225,0.429421,-0.511209,-0.186710,0.325529,-2.637371,-0.660547,1.794299,-1.651861,-1.493206,3.502225,0.731518,0.002013,-0.077597,0.048917,0.000280,-0.001005,-0.013779,0.011304
9.223112,-1.455396,0.782996,-0.513509,0.562141,-0.877553,-0.539239,0.503479,-0.081265,-0.692254,0.834677,0.429271,-0.511048,-0.186772,0.325414,-2.637372,-0.660619,1.794354,-1.651857,-1.493211,3.502208,0.731524,0.000873,-0.075745,0.051161,0.000924,-0.001079,-0.014462,0.009168
9.224005,-1.454150,0.784818,-0.511918,0.561868,-0.879026,-0.538939,0.502552,-0.080128,-0.694027,0.834895,0.429127,-0.510951,-0.186968,0.325309,-2.637374,-0.660689,1.794402,-1.651859,-1.493217,3.502195,0.731532,0.000138,-0.073395,0.050055,0.000217,-0.002660,-0.014000,0.007980
9.225040,-1.457042,0.785549,-0.509820,0.562525,-0.878613,-0.539077,0.502736,-0.076735,-0.696974,0.836069,0.429808,-0.510768,-0.187112,0.325223,-2.637376,-0.660762,1.794447,-1.651857,-1.493213,3.502181,0.731546,-0.000464,-0.073449,0.048719,0.000461,-0.001196,-0.014221,0.009809
9.225992,-1.458516,0.786667,-0.512260,0.561534,-0.878971,-0.538571,0.502098,-0.070218,-0.701243,0.839061,0.431517,-0.510445,-0.187113,0.325165,-2.637372,-0.660835,1.794492,-1.651857,-1.493216,3.502169,0.731555,0.000958,-0.072940,0.047123,-0.000218,-0.001593,-0.014008,0.009383
9.226988,-1.455224,0.786671,-0.508957,0.564103,-0.878541,-0.537666,0.502716,-0.064619,-0.704513,0.841044,0.433273,-0.510122,-0.187145,0.325127,-2.637369,-0.660907,1.794542,-1.651855,-1.493217,3.502151,0.731565,0.001647,-0.072631,0.047766,0.000744,-0.001218,-0.014414,0.010634
9.228048,-1.454202,0.789191,-0.514161,0.562864,-0.878794,-0.538111,0.502632,-0.060794,-0.705616,0.841040,0.435329,-0.509778,-0.187208,0.325073,-2.637372,-0.660977,1.794582,-1.651861,-1.493221,3.502135,0.731569,0.000018,-0.071789,0.045605,-0.001708,-0.001621,-0.015226,0.009357
9.229060,-1.455969,0.785364,-0.513747,0.561723,-0.878969,-0.539003,0.503226,-0.055592,-0.704259,0.840230,0.439574,-0.509182,-0.187070,0.324957,-2.637374,-0.661048,1.794633,-1.651858,-1.493223,3.502124,0.731578,-0.000457,-0.072207,0.047639,-0.000520,-0.001343,-0.014705,0.009504
9.229981,-1.456939,0.785857,-0.510310,0.562361,-0.877907,-0.539443,0.503590,-0.050859,-0.700154,0.837561,0.444967,-0.508484,-0.186840,0.324764,-2.637372,-0.661114,1.794680,-1.651856,-1.493225,3.502110,0.731582,0.000416,-0.069479,0.046841,0.000580,-0.001148,-0.013724,0.008286
9.231090,-1.455063,0.781463,-0.512557,0.563173,-0.879088,-0.539744,0.503480,-0.048851,-0.695668,0.833561,0.448856,-0.507979,-0.186724,0.324509,-2.637370,-0.661181,1.794722,-1.651856,-1.493227,3.502098,0.731586,0.000876,-0.068943,0.044609,-0.000085,-0.002195,-0.013214,0.007548
9.231969,-1.455010,0.781621,-0.509802,0.561165,-0.877829,-0.540592,0.503854,-0.047022,-0.693746,0.831164,0.451270,-0.507613,-0.186655,0.324208,-2.637372,-0.661241,1.794768,-1.651857,-1.493226,3.502087,0.731592,-0.000055,-0.065996,0.045200,-0.000865,-0.001004,-0.012848,0.007752
9.232987,-1.453561,0.785310,-0.511625,0.563927,-0.878202,-0.542015,0.503676,-0.043048,-0.695960,0.832261,0.452673,-0.507325,-0.186540,0.323881,-2.637372,-0.661303,1.794808,-1.651851,-1.493231,3.502077,0.731598,-0.000073,-0.065354,0.043328,0.001029,-0.002237,-0.011934,0.006967
9.234132,-1.453815,0.782167,-0.510729,0.564572,-0.877430,-0.541485,0.504054,-0.036884,-0.700633,0.835985,0.453814,-0.507030,-0.186351,0.323531,-2.637374,-0.661370,1.794853,-1.651858,-1.493233,3.502069,0.731606,-0.000780,-0.066412,0.043712,-0.001601,-0.001829,-0.010457,0.007302
9.235050,-1.455562,0.783907,-0.511302,0.563291,-0.877314,-0.541114,0.503950,-0.028704,-0.704208,0.840108,0.456875,-0.506473,-0.186077,0.323136,-2.637374,-0.661428,1.794894,-1.651862,-1.493236,3.502052,0.731609,-0.000645,-0.064108,0.042763,-0.002132,-0.002585,-0.010909,0.006524
9.236002,-1.455416,0.783553,-0.511564,0.561437,-0.876801,-0.540978,0.503929,-0.019965,-0.706007,0.843543,0.461635,-0.505687,-0.185800,0.322700,-2.637372,-0.661492,1.794938,-1.651859,-1.493239,3.502040,0.731615,0.000212,-0.064242,0.042534,-0.000911,-0.002667,-0.011207,0.006718
9.237093,-1.455496,0.782461,-0.511934,0.562345,-0.877520,-0.540322,0.504238,-0.014425,-0.706118,0.844899,0.465440,-0.505002,-0.185677,0.322265,-2.637372,-0.661553,1.794979,-1.651855,-1.493239,3.502030,0.731618,0.000130,-0.063321,0.042164,0.000852,-0.003180,-0.011279,0.006750
9.238087,-1.452865,0.782174,-0.510633,0.563701,-0.877257,-0.540089,0.504892,-0.013425,-0.704811,0.843790,0.467027,-0.504577,-0.185749,0.321855,-2.637372,-0.661612,1.795019,-1.651857,-1.493239,3.502017,0.731622,0.000171,-0.062062,0.041876,-0.000025,-0.002448,-0.011862,0.006106
9.238950,-1.454733,0.781521,-0.512135,0.562761,-0.877685,-0.539573,0.505094,-0.013466,-0.703252,0.842234,0.467954,-0.504206,-0.185844,0.321457,-2.637376,-0.661671,1.795058,-1.651859,-1.493242,3.502006,0.731624,-0.001113,-0.061219,0.040749,-0.001341,-0.002688,-0.012022,0.004786
9.240009,-1.456224,0.784569,-0.512361,0.562970,-0.879088,-0.540789,0.504844,-0.011885,-0.701907,0.841519,0.469720,-0.503699,-0.185825,0.321065,-2.637374,-0.661729,1.795099,-1.651857,-1.493243,3.501992,0.731627,-0.000178,-0.060195,0.041018,-0.000437,-0.002243,-0.012457,0.004376
9.241000,-1.453378,0.780960,-0.511065,0.563417,-0.877888,-0.538753,0.505129,-0.011879,-0.699061,0.839233,0.471506,-0.503196,-0.185863,0.320706,-2.637372,-0.661791,1.795138,-1.651857,-1.493241,3.501981,0.731632,0.000542,-0.060987,0.040652,-0.000662,-0.000857,-0.011159,0.004866
9.242054,-1.455327,0.781257,-0.511982,0.562908,-0.877778,-0.538816,0.504842,-0.014490,-0.694117,0.834615,0.473045,-0.502757,-0.186009,0.320397,-2.637376,-0.661844,1.795177,-1.651861,-1.493247,3.501965,0.731635,-0.000858,-0.058518,0.039533,-0.001017,-0.002019,-0.013133,0.004274
9.243101,-1.455432,0.778551,-0.513952,0.563416,-0.877305,-0.538500,0.506099,-0.016704,-0.689417,0.830345,0.474737,-0.502310,-0.186114,0.320124,-2.637374,-0.661901,1.795216,-1.651859,-1.493247,3.501953,0.731642,0.000119,-0.058000,0.039541,-0.000526,-0.002115,-0.012976,0.004828
9.243995,-1.454188,0.777960,-0.511366,0.564394,-0.878723,-0.537604,0.505737,-0.019321,-0.685557,0.826254,0.476019,-0.501914,-0.186270,0.319867,-2.637374,-0.661953,1.795255,-1.651859,-1.493253,3.501939,0.731641,0.000163,-0.056014,0.040053,-0.001048,-0.002540,-0.013211,0.002291
9.244963,-1.458094,0.779092,-0.510968,0.562368,-0.879356,-0.537939,0.506169,-0.022261,-0.682711,0.822298,0.477105,-0.501546,-0.186523,0.319603,-2.637376,-0.662007,1.795291,-1.651863,-1.493249,3.501924,0.731646,-0.000445,-0.055073,0.038307,-0.001951,-0.001139,-0.014022,0.003026
9.246012,-1.458048,0.776255,-0.510992,0.563967,-0.878415,-0.537344,0.505557,-0.024946,-0.681438,0.819205,0.477813,-0.501228,-0.186831,0.319326,-2.637370,-0.662063,1.795327,-1.651857,-1.493249,3.501910,0.731649,0.001462,-0.054974,0.037688,-0.000022,-0.000511,-0.013592,0.002135
9.247050,-1.455585,0.776915,-0.510579,0.562482,-0.879465,-0.537505,0.505594,-0.029975,-0.681000,0.815584,0.476938,-0.501122,-0.187326,0.319048,-2.637369,-0.662110,1.795363,-1.651860,-1.493252,3.501894,0.731654,0.001411,-0.052976,0.037276,-0.001582,-0.001436,-0.014102,0.003362
9.247958,-1.455263,0.773121,-0.510200,0.562841,-0.879645,-0.538948,0.505700,-0.036432,-0.681558,0.811867,0.474930,-0.501180,-0.187962,0.318760,-2.637373,-0.662162,1.795398,-1.651859,-1.493249,3.501879,0.731660,0.000215,-0.052694,0.036645,-0.000106,-0.000396,-0.013841,0.003250
9.249016,-1.455722,0.775318,-0.511633,0.561039,-0.878817,-0.538172,0.506043,-0.041067,-0.684560,0.810258,0.472578,-0.501303,-0.188554,0.318445,-2.637374,-0.662207,1.795431,-1.651859,-1.493252,3.501869,0.731660,0.000072,-0.050234,0.036055,-0.000467,-0.000201,-0.012329,0.003034
9.250000,-1.456675,0.771520,-0.508410,0.563263,-0.878874,-0.537521,0.505739,-0.044232,-0.689989,0.810576,0.469510,-0.501524,-0.189116,0.318100,-2.637374,-0.662261,1.795468,-1.651854,-1.493254,3.501852,0.731660,0.000308,-0.050725,0.036337,0.001216,-0.001017,-0.013020,0.002347
9.250978,-1.456704,0.773579,-0.509043,0.563942,-0.878791,-0.537588,0.505608,-0.047238,-0.696605,0.811587,0.465751,-0.501809,-0.189694,0.317747,-2.637372,-0.662304,1.795497,-1.651859,-1.493257,3.501838,0.731664,0.000764,-0.048281,0.034353,-0.000917,-0.000925,-0.013590,0.002949
9.252017,-1.454963,0.774109,-0.509804,0.563160,-0.878350,-0.537303,0.506314,-0.049041,-0.703688,0.813377,0.462686,-0.501956,-0.190213,0.317403,-2.637372,-0.662352,1.795532,-1.651859,-1.493259,3.501824,0.731668,0.000775,-0.048755,0.034276,-0.001579,-0.000990,-0.013431,0.003190
9.253003,-1.454848,0.768937,-0.505213,0.562855,-0.878494,-0.538614,0.505191,-0.049431,-0.709309,0.814928,0.461582,-0.501818,-0.190608,0.317075,-2.637374,-0.662401,1.795566,-1.651859,-1.493261,3.501811,0.731667,-0.000081,-0.048429,0.034251,-0.000795,-0.001407,-0.013641,0.001768
9.254052,-1.454706,0.766596,-0.508541,0.562363,-0.878444,-0.538677,0.505953,-0.047695,-0.714534,0.817309,0.461829,-0.501463,-0.190805,0.316782,-2.637374,-0.662442,1.795594,-1.651859,-1.493259,3.501800,0.731674,-0.000130,-0.045323,0.031591,-0.000490,-0.001277,-0.012248,0.004020
9.255082,-1.453729,0.765675,-0.505515,0.563468,-0.878568,-0.539410,0.505438,-0.042601,-0.723361,0.823422,0.461814,-0.501071,-0.190801,0.316542,-2.637374,-0.662482,1.795630,-1.651857,-1.493263,3.501788,0.731672,-0.000201,-0.043690,0.032864,-0.000033,-0.001288,-0.012123,0.002467
9.256016,-1.455974,0.766142,-0.503142,0.562617,-0.878976,-0.539944,0.506134,-0.034834,-0.735963,0.832910,0.461239,-0.500697,-0.190683,0.316354,-2.637376,-0.662523,1.795658,-1.651861,-1.493264,3.501778,0.731678,-0.000673,-0.042745,0.030983,-0.001070,-0.001154,-0.011327,0.003498
9.257004,-1.455561,0.764695,-0.506844,0.563152,-0.878649,-0.539723,0.506367,-0.025230,-0.750549,0.844475,0.460615,-0.500279,-0.190500,0.316214,-2.637374,-0.662566,1.795683,-1.651859,-1.493264,3.501767,0.731678,0.000445,-0.042468,0.029501,-0.000239,-0.000748,-0.010725,0.002083
9.258101,-1.455426,0.766024,-0.503756,0.560853,-0.878376,-0.539291,0.505737,-0.016434,-0.764812,0.855723,0.459686,-0.499864,-0.190386,0.316120,-2.637374,-0.662605,1.795717,-1.651860,-1.493266,3.501754,0.731679,0.000225,-0.041259,0.030972,-0.000757,-0.001057,-0.010876,0.001622
9.259083,-1.457876,0.767782,-0.501574,0.562800,-0.878078,-0.538686,0.506702,-0.011015,-0.776574,0.864201,0.458051,-0.499539,-0.190434,0.316083,-2.637374,-0.662647,1.795742,-1.651855,-1.493267,3.501741,0.731686,0.000159,-0.041444,0.029091,0.001428,-0.001320,-0.011236,0.002872
9.260006,-1.455161,0.766403,-0.504249,0.562033,-0.878165,-0.538858,0.506255,-0.009095,-0.784895,0.869549,0.455822,-0.499292,-0.190563,0.316105,-2.637370,-0.662689,1.795766,-1.651859,-1.493269,3.501729,0.731684,0.001352,-0.041816,0.027712,-0.000459,-0.001606,-0.011768,0.000917
9.261148,-1.453999,0.764539,-0.502957,0.562959,-0.878146,-0.539082,0.505909,-0.011326,-0.789350,0.871573,0.453706,-0.498551,-0.190764,0.316253,-2.637376,-0.662761,1.795823,-1.651860,-1.493271,3.501709,0.731695,-0.000539,-0.039314,0.027733,-0.000569,-0.001506,-0.011244,0.002486
9.261995,-1.456929,0.765121,-0.500708,0.562184,-0.878247,-0.539063,0.506373,-0.011326,-0.789350,0.871573,0.453706,-0.498551,-0.190764,0.316253,-2.637376,-0.662761,1.795823,-1.651860,-1.493271,3.501709,0.731695,-0.000539,-0.039314,0.027733,-0.000569,-0.001506,-0.011244,0.002486
9.263025,-1.454974,0.762434,-0.502347,0.562600,-0.878108,-0.539087,0.506651,-0.011884,-0.788316,0.871120,0.454566,-0.497993,-0.190745,0.316326,-2.637372,-0.662800,1.795846,-1.651859,-1.493272,3.501696,0.731697,0.000901,-0.039149,0.026321,0.000185,-0.001401,-0.011187,0.001534
9.263977,-1.456265,0.760380,-0.500521,0.561897,-0.877189,-0.539380,0.506017,-0.012760,-0.786447,0.870236,0.455642,-0.497446,-0.190735,0.316353,-2.637374,-0.662833,1.795874,-1.651861,-1.493272,3.501687,0.731700,-0.000076,-0.037393,0.026828,-0.000184,-0.001541,-0.011110,0.000972
9.265053,-1.455856,0.759664,-0.501676,0.562346,-0.878151,-0.539173,0.506500,-0.014050,-0.784745,0.869378,0.456393,-0.496974,-0.190773,0.316309,-2.637372,-0.662865,1.795895,-1.651858,-1.493278,3.501675,0.731705,0.000561,-0.035980,0.025641,0.000440,-0.002405,-0.010740,0.002236
9.266092,-1.456737,0.757279,-0.500863,0.561599,-0.877234,-0.538945,0.506530,-0.015639,-0.783879,0.868920,0.456573,-0.496594,-0.190864,0.316186,-2.637372,-0.662898,1.795922,-1.651859,-1.493274,3.501664,0.731705,0.000349,-0.035235,0.025910,0.000016,-0.001469,-0.010891,0.001247
9.267076,-1.454743,0.756137,-0.500369,0.561671,-0.878192,-0.539423,0.505336,-0.018288,-0.783433,0.868261,0.455994,-0.496318,-0.191025,0.315988,-2.637370,-0.662929,1.795945,-1.651857,-1.493277,3.501652,0.731707,0.000775,-0.033668,0.025216,0.000735,-0.002372,-0.011044,0.001189
9.268033,-1.456865,0.759168,-0.497701,0.560644,-0.878373,-0.539527,0.505799,-0.024429,-0.784617,0.867939,0.452849,-0.496020,-0.191362,0.315443,-2.637370,-0.662994,1.795991,-1.651854,-1.493278,3.501630,0.731715,0.000845,-0.033850,0.023085,0.001600,-0.001209,-0.010325,0.002610
9.269156,-1.455946,0.753805,-0.499083,0.561382,-0.879514,-0.538767,0.506505,-0.024429,-0.784617,0.867939,0.452849,-0.496020,-0.191362,0.315443,-2.637370,-0.662994,1.795991,-1.651854,-1.493278,3.501630,0.731715,0.000845,-0.033850,0.023085,0.001600,-0.001209,-0.010325,0.002610
9.270147,-1.454501,0.754244,-0.499696,0.561346,-0.877815,-0.537405,0.506218,-0.031888,-0.784958,0.867098,0.448063,-0.496052,-0.191600,0.314734,-2.637372,-0.663046,1.796042,-1.651854,-1.493277,3.501605,0.731717,-0.000334,-0.030754,0.023484,0.000888,-0.001798,-0.012312,0.001776
9.271118,-1.456355,0.759010,-0.498834,0.560625,-0.878887,-0.536556,0.506704,-0.031888,-0.784958,0.867098,0.448063,-0.496052,-0.191600,0.314734,-2.637372,-0.663046,1.796042,-1.651854,-1.493277,3.501605,0.731717,-0.000334,-0.030754,0.023484,0.000888,-0.001798,-0.012312,0.001776
9.272061,-1.454952,0.756106,-0.496846,0.561705,-0.879056,-0.535698,0.505987,-0.041085,-0.776616,0.860039,0.446136,-0.496033,-0.191619,0.314005,-2.637369,-0.663109,1.796083,-1.651853,-1.493278,3.501577,0.731723,-0.000150,-0.030911,0.021553,0.000502,-0.000530,-0.013850,0.002226
9.273078,-1.456482,0.751730,-0.497778,0.559451,-0.878656,-0.535855,0.506484,-0.046674,-0.768999,0.854095,0.445987,-0.496020,-0.191554,0.313685,-2.637366,-0.663132,1.796106,-1.651847,-1.493280,3.501567,0.731724,0.000603,-0.028441,0.021752,0.002651,-0.000911,-0.013622,0.001203
9.274057,-1.456546,0.750779,-0.499745,0.562263,-0.879624,-0.536222,0.505116,-0.046674,-0.768999,0.854095,0.445987,-0.496020,-0.191554,0.313685,-2.637366,-0.663132,1.796106,-1.651847,-1.493280,3.501567,0.731724,0.000603,-0.028441,0.021752,0.002651,-0.000911,-0.013622,0.001203
9.275095,-1.456020,0.752343,-0.496873,0.561485,-0.880144,-0.535881,0.506249,-0.053104,-0.762525,0.848158,0.444904,-0.496153,-0.191608,0.313401,-2.637366,-0.663159,1.796130,-1.651853,-1.493279,3.501557,0.731733,0.000619,-0.027666,0.022454,-0.000075,0.000055,-0.013192,0.003939
9.276043,-1.456219,0.749362,-0.498010,0.563881,-0.879846,-0.535395,0.505421,-0.060609,-0.755741,0.841063,0.443965,-0.496311,-0.191832,0.313133,-2.637365,-0.663187,1.796148,-1.651851,-1.493279,3.501543,0.731729,0.000350,-0.028123,0.020781,0.000696,0.000573,-0.013457,0.001640
9.277005,-1.456086,0.744298,-0.498569,0.561101,-0.879293,-0.535880,0.505846,-0.072942,-0.740573,0.825675,0.446353,-0.496215,-0.192380,0.312546,-2.637365,-0.663228,1.796190,-1.651848,-1.493281,3.501518,0.731736,0.000384,-0.023570,0.021147,0.001028,-0.000272,-0.013300,0.002433
9.278114,-1.457268,0.745322,-0.496998,0.563540,-0.877579,-0.535741,0.505507,-0.072942,-0.740573,0.825675,0.446353,-0.496215,-0.192380,0.312546,-2.637365,-0.663228,1.796190,-1.651848,-1.493281,3.501518,0.731736,0.000384,-0.023570,0.021147,0.001028,-0.000272,-0.013300,0.002433
9.279054,-1.458054,0.745226,-0.496207,0.563730,-0.878765,-0.536039,0.505733,-0.078030,-0.735712,0.819238,0.447592,-0.496162,-0.192774,0.312238,-2.637363,-0.663253,1.796207,-1.651853,-1.493285,3.501504,0.731740,0.000957,-0.023813,0.020146,-0.001333,-0.001949,-0.013357,0.003110
9.280005,-1.454773,0.742396,-0.497288,0.561468,-0.879199,-0.536246,0.505599,-0.083219,-0.731528,0.812788,0.449044,-0.496035,-0.193259,0.311921,-2.637362,-0.663275,1.796224,-1.651854,-1.493283,3.501492,0.731743,0.001328,-0.023493,0.019546,-0.001497,-0.000756,-0.012985,0.002635
9.281014,-1.454839,0.743166,-0.497761,0.561664,-0.879965,-0.536066,0.505217,-0.088439,-0.727174,0.806045,0.450870,-0.495820,-0.193766,0.311590,-2.637365,-0.663293,1.796245,-1.651849,-1.493284,3.501478,0.731743,-0.000288,-0.021849,0.019839,0.000683,-0.000320,-0.012692,0.002910
9.282011,-1.457376,0.738169,-0.497705,0.561242,-0.878511,-0.536008,0.505782,-0.099464,-0.720424,0.793275,0.451793,-0.495694,-0.194762,0.310895,-2.637362,-0.663328,1.796282,-1.651847,-1.493288,3.501451,0.731750,0.000997,-0.019308,0.019604,0.000842,-0.000992,-0.012776,0.002503
9.283044,-1.453977,0.739787,-0.497349,0.563109,-0.879587,-0.535943,0.505301,-0.099464,-0.720424,0.793275,0.451793,-0.495694,-0.194762,0.310895,-2.637362,-0.663328,1.796282,-1.651847,-1.493288,3.501451,0.731750,0.000997,-0.019308,0.019604,0.000842,-0.000992,-0.012776,0.002503
9.283978,-1.453095,0.736842,-0.496695,0.562878,-0.879652,-0.536993,0.505434,-0.106439,-0.717730,0.786524,0.450852,-0.495789,-0.195364,0.310540,-2.637365,-0.663349,1.796301,-1.651851,-1.493286,3.501437,0.731754,-0.000687,-0.019895,0.019197,-0.000955,0.000087,-0.012756,0.003468
9.285053,-1.456321,0.738360,-0.497655,0.561593,-0.878633,-0.536260,0.505813,-0.111000,-0.715453,0.780929,0.451209,-0.495700,-0.195853,0.310178,-2.637367,-0.663364,1.796318,-1.651853,-1.493285,3.501427,0.731756,-0.001095,-0.018220,0.018666,-0.000652,0.000135,-0.011630,0.003181
9.286036,-1.454576,0.736906,-0.493900,0.561042,-0.877263,-0.535362,0.505215,-0.114117,-0.712837,0.775709,0.452594,-0.495467,-0.196250,0.309811,-2.637363,-0.663383,1.796336,-1.651850,-1.493287,3.501411,0.731756,0.000494,-0.018780,0.018931,0.000558,-0.000871,-0.012287,0.002419
9.287029,-1.455686,0.738944,-0.492509,0.561344,-0.877553,-0.536517,0.506160,-0.119204,-0.709151,0.769237,0.453155,-0.495309,-0.196682,0.309462,-2.637365,-0.663399,1.796349,-1.651847,-1.493290,3.501396,0.731765,-0.000379,-0.017846,0.016875,0.001048,-0.002219,-0.013096,0.003599
9.287995,-1.453293,0.735028,-0.491116,0.561495,-0.878054,-0.535163,0.505250,-0.125217,-0.704777,0.762528,0.452953,-0.495191,-0.197039,0.309144,-2.637363,-0.663418,1.796362,-1.651847,-1.493291,3.501385,0.731763,0.000165,-0.018650,0.016044,0.000734,-0.001901,-0.011855,0.001687
9.289061,-1.458696,0.730071,-0.494879,0.562277,-0.877374,-0.535262,0.505542,-0.129757,-0.700527,0.757188,0.452893,-0.494998,-0.197192,0.308861,-2.637368,-0.663429,1.796375,-1.651847,-1.493287,3.501370,0.731767,-0.000991,-0.016529,0.015184,0.000584,-0.001437,-0.013145,0.003526
9.290052,-1.453135,0.731978,-0.492877,0.562037,-0.878009,-0.535311,0.504774,-0.133561,-0.697370,0.753118,0.452616,-0.494800,-0.197265,0.308622,-2.637361,-0.663438,1.796394,-1.651849,-1.493291,3.501359,0.731770,0.001669,-0.013937,0.016859,-0.000162,-0.002090,-0.012965,0.002907
9.290958,-1.454998,0.725294,-0.489241,0.563488,-0.878422,-0.536168,0.506001,-0.138514,-0.694970,0.748924,0.451769,-0.494668,-0.197435,0.308436,-2.637369,-0.663454,1.796408,-1.651849,-1.493291,3.501345,0.731778,-0.001078,-0.014735,0.015673,0.000087,-0.001443,-0.012832,0.004433
9.292086,-1.456306,0.726875,-0.488471,0.561047,-0.878430,-0.535946,0.504934,-0.141314,-0.694365,0.746696,0.451468,-0.494452,-0.197523,0.308290,-2.637367,-0.663459,1.796418,-1.651853,-1.493291,3.501335,0.731776,-0.000130,-0.011288,0.013727,-0.001287,-0.001030,-0.011907,0.001945
9.292982,-1.457422,0.720978,-0.489905,0.561606,-0.878910,-0.536595,0.504843,-0.140399,-0.697680,0.748614,0.451169,-0.494191,-0.197455,0.308179,-2.637365,-0.663472,1.796431,-1.651847,-1.493290,3.501325,0.731784,0.000501,-0.011974,0.013200,0.001055,-0.001033,-0.012080,0.004094
9.294106,-1.453732,0.723139,-0.488243,0.563704,-0.879098,-0.535821,0.504535,-0.140175,-0.703966,0.752266,0.448814,-0.494162,-0.197474,0.308112,-2.637363,-0.663473,1.796447,-1.651847,-1.493289,3.501314,0.731785,0.001034,-0.008969,0.013729,0.000468,-0.000563,-0.011359,0.004254
9.295119,-1.456133,0.720129,-0.485683,0.561304,-0.878801,-0.537672,0.504674,-0.140768,-0.711388,0.756280,0.445541,-0.494270,-0.197570,0.308079,-2.637367,-0.663486,1.796458,-1.651853,-1.493289,3.501300,0.731788,-0.000790,-0.009939,0.012752,-0.001509,-0.000378,-0.012060,0.004860
9.296160,-1.453381,0.717011,-0.484985,0.561121,-0.879924,-0.537634,0.505041,-0.139484,-0.719101,0.761313,0.443319,-0.494285,-0.197551,0.308062,-2.637365,-0.663493,1.796467,-1.651847,-1.493291,3.501292,0.731791,0.000420,-0.008321,0.011359,0.000798,-0.000657,-0.010137,0.004562
9.296946,-1.454010,0.718054,-0.486785,0.561911,-0.878770,-0.537419,0.504892,-0.136432,-0.728398,0.768297,0.440901,-0.494346,-0.197400,0.308061,-2.637369,-0.663497,1.796478,-1.651845,-1.493290,3.501282,0.731794,-0.000941,-0.006718,0.010888,0.000910,0.000465,-0.010132,0.003811
9.298070,-1.455711,0.718932,-0.485022,0.559173,-0.877844,-0.538068,0.505189,-0.132321,-0.739022,0.776695,0.437965,-0.494493,-0.197148,0.308065,-2.637369,-0.663505,1.796493,-1.651848,-1.493294,3.501271,0.731799,-0.000609,-0.007156,0.011625,0.000187,-0.000672,-0.010287,0.004099
9.299017,-1.453079,0.716394,-0.487146,0.559902,-0.878020,-0.537249,0.504514,-0.130215,-0.747182,0.782915,0.434905,-0.494681,-0.196911,0.308066,-2.637367,-0.663511,1.796501,-1.651841,-1.493294,3.501262,0.731802,0.000226,-0.007521,0.010620,0.002791,-0.001593,-0.009569,0.003486
9.300051,-1.455748,0.715065,-0.484057,0.561469,-0.879788,-0.537017,0.504881,-0.132698,-0.751163,0.784918,0.430969,-0.494994,-0.196804,0.308070,-2.637371,-0.663513,1.796513,-1.651841,-1.493296,3.501252,0.731807,-0.001067,-0.006218,0.011562,0.002026,-0.001387,-0.010345,0.004835
9.301111,-1.454527,0.711192,-0.486279,0.560764,-0.879590,-0.536442,0.504884,-0.137828,-0.751920,0.783936,0.426966,-0.495340,-0.196753,0.308069,-2.637367,-0.663518,1.796520,-1.651844,-1.493293,3.501243,0.731808,0.000249,-0.005502,0.009909,0.000529,0.000367,-0.010518,0.004075
9.302102,-1.452377,0.708134,-0.483655,0.560768,-0.879279,-0.536177,0.504479,-0.143909,-0.750866,0.781323,0.423594,-0.495646,-0.196728,0.308033,-2.637369,-0.663517,1.796533,-1.651844,-1.493294,3.501232,0.731809,-0.000360,-0.003555,0.010887,0.001258,0.000157,-0.011028,0.004073
9.302980,-1.452574,0.707908,-0.482285,0.561254,-0.879747,-0.537001,0.505040,-0.149036,-0.750489,0.779267,0.420553,-0.495946,-0.196674,0.307942,-2.637371,-0.663514,1.796541,-1.651845,-1.493294,3.501224,0.731815,-0.001416,-0.002069,0.009462,0.001262,-0.000154,-0.011247,0.004867
9.304123,-1.456195,0.704203,-0.478047,0.561306,-0.879880,-0.537185,0.504753,-0.150375,-0.752594,0.780090,0.418233,-0.496169,-0.196464,0.307784,-2.637371,-0.663516,1.796547,-1.651845,-1.493289,3.501215,0.731814,-0.001306,-0.001947,0.008702,0.000776,0.000275,-0.010355,0.003730
9.305007,-1.453901,0.704117,-0.478968,0.561909,-0.879610,-0.536907,0.505551,-0.148548,-0.757167,0.783667,0.416388,-0.496329,-0.196170,0.307553,-2.637367,-0.663515,1.796550,-1.651845,-1.493289,3.501205,0.731818,0.000477,-0.000092,0.006538,0.000729,0.000409,-0.010121,0.004305
9.305979,-1.451230,0.701747,-0.478756,0.562907,-0.879561,-0.537294,0.504716,-0.145576,-0.763583,0.788821,0.414437,-0.496499,-0.195917,0.307260,-2.637371,-0.663514,1.796558,-1.651845,-1.493292,3.501194,0.731816,-0.000654,-0.000084,0.006934,0.000122,0.000164,-0.010336,0.002694
9.307080,-1.452284,0.703560,-0.474730,0.560719,-0.878481,-0.537412,0.506420,-0.140403,-0.770436,0.794975,0.413818,-0.496517,-0.195606,0.306918,-2.637375,-0.663509,1.796563,-1.651847,-1.493292,3.501186,0.731824,-0.001944,0.001057,0.006753,-0.000838,0.000118,-0.009894,0.004363
9.308088,-1.451012,0.703866,-0.475164,0.563095,-0.880386,-0.537398,0.505226,-0.132028,-0.776755,0.801976,0.415283,-0.496283,-0.195116,0.306546,-2.637373,-0.663510,1.796565,-1.651841,-1.493295,3.501179,0.731818,-0.001417,0.000144,0.004697,0.001245,-0.000946,-0.009735,0.000932
9.308963,-1.453482,0.703699,-0.470987,0.561338,-0.879130,-0.536658,0.506057,-0.122030,-0.781239,0.808622,0.418222,-0.495866,-0.194480,0.306157,-2.637376,-0.663510,1.796569,-1.651847,-1.493290,3.501170,0.731826,-0.002029,-0.000004,0.004893,-0.001038,0.000943,-0.009698,0.003345
9.310089,-1.454572,0.704248,-0.471056,0.561611,-0.877583,-0.537601,0.506199,-0.112316,-0.782390,0.813288,0.422385,-0.495316,-0.193803,0.305763,-2.637374,-0.663508,1.796568,-1.651841,-1.493293,3.501159,0.731825,-0.000798,0.000064,0.002794,0.000615,-0.000320,-0.010379,0.001648
9.311037,-1.454655,0.704320,-0.474501,0.561846,-0.878430,-0.537912,0.506734,-0.105501,-0.779964,0.814800,0.426489,-0.494785,-0.193257,0.305384,-2.637374,-0.663508,1.796571,-1.651843,-1.493295,3.501152,0.731825,-0.000261,-0.000220,0.002812,0.000357,-0.001847,-0.009375,0.001375
9.312021,-1.453117,0.702440,-0.470801,0.564248,-0.878539,-0.537993,0.506049,-0.104809,-0.772423,0.810676,0.429828,-0.494368,-0.193054,0.305029,-2.637376,-0.663508,1.796578,-1.651843,-1.493294,3.501143,0.731823,-0.000198,-0.000251,0.004471,0.000133,-0.000984,-0.009019,0.000306
9.313064,-1.454047,0.699636,-0.468524,0.562354,-0.878603,-0.538602,0.506471,-0.109192,-0.759259,0.800639,0.433789,-0.493917,-0.193171,0.304705,-2.637379,-0.663505,1.796577,-1.651849,-1.493295,3.501132,0.731830,-0.000945,0.000657,0.002600,-0.002151,-0.000875,-0.008872,0.001672
9.314036,-1.451773,0.697165,-0.467366,0.562820,-0.877878,-0.538400,0.506659,-0.113904,-0.744480,0.789062,0.438943,-0.493325,-0.193384,0.304413,-2.637379,-0.663501,1.796577,-1.651845,-1.493297,3.501124,0.731830,-0.000465,0.002017,0.001458,-0.000300,-0.000794,-0.008213,0.000805
9.314972,-1.451308,0.696767,-0.465687,0.562907,-0.877511,-0.537812,0.506464,-0.116221,-0.732654,0.779987,0.443974,-0.492704,-0.193566,0.304147,-2.637383,-0.663495,1.796575,-1.651847,-1.493298,3.501112,0.731829,-0.001573,0.003178,0.000916,-0.000745,-0.001516,-0.008350,0.000440
9.316031,-1.453754,0.697273,-0.465761,0.561654,-0.877742,-0.537931,0.506891,-0.114823,-0.725106,0.774813,0.448697,-0.492067,-0.193623,0.303898,-2.637385,-0.663492,1.796573,-1.651847,-1.493298,3.501102,0.731833,-0.001775,0.003334,0.000095,-0.000828,-0.001877,-0.008879,0.000820
9.317018,-1.450477,0.694300,-0.464154,0.561793,-0.878721,-0.537399,0.506707,-0.111622,-0.719895,0.771638,0.453052,-0.491451,-0.193604,0.303671,-2.637383,-0.663490,1.796573,-1.651843,-1.493296,3.501096,0.731832,-0.000558,0.003052,0.000140,0.000345,-0.001663,-0.008719,-0.000042
9.318107,-1.449264,0.698879,-0.460003,0.561892,-0.878454,-0.537881,0.506481,-0.109489,-0.715508,0.768380,0.456128,-0.491007,-0.193636,0.303483,-2.637389,-0.663482,1.796571,-1.651845,-1.493298,3.501085,0.731835,-0.002155,0.004464,-0.000643,0.000226,-0.000654,-0.009191,0.000328
9.319021,-1.448975,0.694998,-0.464283,0.563492,-0.877431,-0.537980,0.506420,-0.106031,-0.712142,0.766291,0.458920,-0.490615,-0.193550,0.303334,-2.637393,-0.663485,1.796563,-1.651845,-1.493298,3.501077,0.731836,-0.002702,0.002173,-0.002643,0.000131,-0.000935,-0.008653,0.000774
9.319982,-1.448536,0.695907,-0.459926,0.561019,-0.878471,-0.537550,0.506834,-0.099778,-0.708232,0.765053,0.463323,-0.490036,-0.193249,0.303203,-2.637395,-0.663477,1.796569,-1.651850,-1.493301,3.501068,0.731840,-0.002815,0.004058,-0.000527,-0.001353,-0.001940,-0.008501,0.000880
9.321013,-1.449401,0.694764,-0.458824,0.561887,-0.878488,-0.537689,0.506817,-0.092802,-0.702854,0.763023,0.469068,-0.489315,-0.192887,0.303064,-2.637399,-0.663475,1.796562,-1.651845,-1.493298,3.501058,0.731839,-0.002989,0.003550,-0.002661,0.001035,-0.000902,-0.008880,0.000043
9.322101,-1.449075,0.697216,-0.458679,0.561851,-0.877474,-0.536111,0.506322,-0.086485,-0.697357,0.760553,0.474404,-0.488660,-0.192548,0.302914,-2.637401,-0.663469,1.796557,-1.651847,-1.493298,3.501050,0.731839,-0.002521,0.004059,-0.003143,0.000182,-0.000902,-0.008687,0.000088
9.322994,-1.446685,0.697714,-0.457221,0.561295,-0.877192,-0.534839,0.506952,-0.081754,-0.691066,0.757006,0.479158,-0.488092,-0.192265,0.302762,-2.637405,-0.663468,1.796554,-1.651847,-1.493300,3.501039,0.731844,-0.002640,0.002805,-0.003166,0.000228,-0.001903,-0.010210,0.001069
9.323984,-1.444690,0.695554,-0.455141,0.560939,-0.878243,-0.534816,0.506309,-0.078513,-0.682196,0.751402,0.484375,-0.487489,-0.191979,0.302613,-2.637412,-0.663468,1.796548,-1.651845,-1.493301,3.501024,0.731840,-0.003766,0.002563,-0.003833,0.000747,-0.002171,-0.011393,-0.000200
9.325039,-1.446103,0.693776,-0.453919,0.562643,-0.878410,-0.534222,0.506283,-0.074073,-0.672267,0.745936,0.490381,-0.486787,-0.191506,0.302479,-2.637419,-0.663462,1.796542,-1.651843,-1.493301,3.501014,0.731845,-0.004679,0.003585,-0.004805,0.001050,-0.001106,-0.011344,0.001091
9.326029,-1.443328,0.694210,-0.458003,0.560614,-0.878986,-0.534616,0.506274,-0.066332,-0.664078,0.743147,0.497013,-0.485983,-0.190797,0.302372,-2.637422,-0.663455,1.796536,-1.651845,-1.493301,3.501004,0.731845,-0.003915,0.004396,-0.005335,-0.000623,-0.000948,-0.011885,0.001133
9.326972,-1.446969,0.694359,-0.459426,0.561175,-0.878638,-0.533797,0.505816,-0.057207,-0.657135,0.741710,0.503912,-0.485138,-0.190026,0.302296,-2.637430,-0.663450,1.796535,-1.651839,-1.493298,3.500993,0.731846,-0.005228,0.004107,-0.003265,0.001300,-0.000390,-0.011413,0.001146
9.328090,-1.441127,0.690181,-0.457001,0.560967,-0.879523,-0.533912,0.505481,-0.051954,-0.648162,0.737221,0.510046,-0.484433,-0.189479,0.302270,-2.637429,-0.663445,1.796533,-1.651841,-1.493302,3.500977,0.731851,-0.003391,0.003976,-0.002539,0.000747,-0.000708,-0.012147,0.002051
9.328987,-1.439412,0.689375,-0.457109,0.559502,-0.879409,-0.534104,0.505297,-0.051291,-0.637244,0.729405,0.515024,-0.483930,-0.189196,0.302305,-2.637442,-0.663435,1.796527,-1.651839,-1.493299,3.500966,0.731854,-0.006200,0.005957,-0.003694,0.000924,0.000153,-0.011956,0.002706
9.330029,-1.441066,0.691972,-0.458071,0.559881,-0.878186,-0.533227,0.505636,-0.045165,-0.623559,0.720730,0.523009,-0.483208,-0.188430,0.302452,-2.637454,-0.663427,1.796519,-1.651835,-1.493304,3.500942,0.731857,-0.006053,0.004941,-0.003056,0.001894,-0.001151,-0.012511,0.002370
9.331106,-1.435459,0.686339,-0.457754,0.558865,-0.878635,-0.533679,0.505273,-0.045165,-0.623559,0.720730,0.523009,-0.483208,-0.188430,0.302452,-2.637454,-0.663427,1.796519,-1.651835,-1.493304,3.500942,0.731857,-0.006053,0.004941,-0.003056,0.001894,-0.001151,-0.012511,0.002370
9.332030,-1.435723,0.686512,-0.455047,0.558476,-0.878624,-0.534144,0.505311,-0.040895,-0.619065,0.718542,0.526077,-0.482956,-0.187977,0.302497,-2.637467,-0.663414,1.796516,-1.651831,-1.493303,3.500932,0.731857,-0.008736,0.007639,-0.003184,0.002829,-0.000699,-0.011981,0.003111
9.333081,-1.437535,0.684146,-0.454992,0.560123,-0.878654,-0.533920,0.505457,-0.033582,-0.618185,0.719986,0.528607,-0.482719,-0.187393,0.302501,-2.637475,-0.663408,1.796510,-1.651827,-1.493304,3.500920,0.731858,-0.008483,0.007447,-0.004469,0.003126,-0.000704,-0.011443,0.003021
9.334123,-1.434844,0.683488,-0.454861,0.558790,-0.878485,-0.533548,0.505591,-0.023336,-0.621578,0.725472,0.530436,-0.482488,-0.186730,0.302460,-2.637480,-0.663398,1.796503,-1.651829,-1.493305,3.500906,0.731861,-0.007498,0.008528,-0.004406,0.001502,-0.000663,-0.011590,0.002717
9.335104,-1.435546,0.687397,-0.454987,0.558945,-0.877331,-0.533561,0.506786,-0.012846,-0.627203,0.732605,0.531647,-0.482265,-0.186144,0.302371,-2.637492,-0.663389,1.796500,-1.651823,-1.493301,3.500892,0.731860,-0.008725,0.008733,-0.004429,0.002719,-0.000872,-0.011883,0.002451
9.336015,-1.433225,0.683405,-0.455502,0.558201,-0.879532,-0.533351,0.505957,-0.003857,-0.632461,0.739186,0.532513,-0.482050,-0.185666,0.302222,-2.637499,-0.663386,1.796495,-1.651820,-1.493304,3.500879,0.731856,-0.008279,0.006721,-0.004308,0.002490,-0.002003,-0.011790,0.000056
9.337039,-1.433969,0.678830,-0.455293,0.559565,-0.879906,-0.532668,0.507072,0.002171,-0.635195,0.743403,0.533116,-0.481871,-0.185311,0.302015,-2.637510,-0.663374,1.796491,-1.651816,-1.493303,3.500866,0.731861,-0.009314,0.008613,-0.004004,0.003145,0.000214,-0.011922,0.001737
9.338028,-1.433353,0.680021,-0.459680,0.558096,-0.881258,-0.533362,0.506101,0.006156,-0.637607,0.746733,0.532982,-0.481798,-0.185075,0.301769,-2.637519,-0.663359,1.796488,-1.651816,-1.493303,3.500850,0.731857,-0.008827,0.010724,-0.004071,0.001755,0.000569,-0.012513,-0.000518
9.338962,-1.434580,0.678240,-0.456531,0.556870,-0.880863,-0.532441,0.506840,0.007553,-0.640887,0.749306,0.531511,-0.481921,-0.185033,0.301509,-2.637529,-0.663351,1.796490,-1.651811,-1.493296,3.500841,0.731865,-0.009015,0.010006,-0.001884,0.003140,0.001866,-0.011753,0.001434
9.340119,-1.435873,0.677530,-0.454461,0.558535,-0.880405,-0.532144,0.506376,0.003189,-0.643295,0.748710,0.527653,-0.482394,-0.185305,0.301253,-2.637536,-0.663341,1.796481,-1.651807,-1.493299,3.500828,0.731862,-0.008309,0.010787,-0.003389,0.004265,0.001484,-0.012610,-0.000064
9.341006,-1.433795,0.676471,-0.454503,0.557749,-0.879842,-0.532218,0.506288,-0.006736,-0.645262,0.745615,0.521007,-0.483227,-0.185839,0.301012,-2.637542,-0.663329,1.796475,-1.651809,-1.493300,3.500816,0.731864,-0.007588,0.010992,-0.004347,0.002620,0.001032,-0.012832,0.000878
9.341971,-1.431228,0.673803,-0.453251,0.560547,-0.879672,-0.534506,0.506165,-0.019177,-0.647638,0.742054,0.512950,-0.484199,-0.186474,0.300789,-2.637554,-0.663317,1.796470,-1.651803,-1.493301,3.500806,0.731866,-0.008501,0.011385,-0.004249,0.003284,0.000479,-0.012694,0.001039
9.343151,-1.433741,0.671547,-0.455736,0.558821,-0.880927,-0.533268,0.506630,-0.029973,-0.650929,0.740047,0.505746,-0.485011,-0.187025,0.300568,-2.637567,-0.663302,1.796462,-1.651806,-1.493302,3.500802,0.731868,-0.009639,0.012547,-0.004782,0.000521,0.000321,-0.010358,0.001277
9.344162,-1.429052,0.671244,-0.451978,0.560347,-0.881166,-0.533474,0.507208,-0.037858,-0.655456,0.740122,0.500182,-0.485576,-0.187492,0.300328,-2.637573,-0.663289,1.796461,-1.651802,-1.493298,3.500786,0.731866,-0.008278,0.013510,-0.003509,0.002182,0.001550,-0.011532,0.000342
9.344970,-1.430001,0.667129,-0.452271,0.560228,-0.879423,-0.533683,0.505950,-0.044039,-0.660990,0.741619,0.495493,-0.486012,-0.187924,0.300066,-2.637589,-0.663273,1.796451,-1.651802,-1.493298,3.500775,0.731864,-0.010469,0.013469,-0.005302,0.000626,0.001785,-0.011248,-0.000807
9.346088,-1.430365,0.665826,-0.452046,0.560174,-0.880275,-0.533909,0.506582,-0.046409,-0.668495,0.746150,0.491987,-0.486258,-0.188171,0.299797,-2.637597,-0.663254,1.796447,-1.651801,-1.493303,3.500765,0.731870,-0.009874,0.015313,-0.005086,0.000747,0.000068,-0.010977,0.001721
9.347158,-1.430322,0.666442,-0.451408,0.558028,-0.879199,-0.533946,0.505945,-0.045551,-0.678452,0.753711,0.489123,-0.486357,-0.188295,0.299546,-2.637606,-0.663238,1.796441,-1.651802,-1.493303,3.500755,0.731868,-0.009587,0.015760,-0.005134,0.000822,0.000949,-0.010696,0.000431
9.347975,-1.432448,0.661391,-0.452145,0.559678,-0.879364,-0.532593,0.506139,-0.045840,-0.689356,0.761568,0.485020,-0.486559,-0.188517,0.299325,-2.637615,-0.663224,1.796435,-1.651796,-1.493305,3.500747,0.731871,-0.009499,0.015275,-0.005380,0.002844,-0.000126,-0.010608,0.001718
9.348980,-1.429341,0.662814,-0.448700,0.561145,-0.880009,-0.533384,0.506261,-0.049994,-0.699935,0.767834,0.478663,-0.487008,-0.188953,0.299135,-2.637623,-0.663202,1.796431,-1.651798,-1.493302,3.500735,0.731872,-0.008335,0.017566,-0.004955,0.001199,0.000023,-0.011904,0.001305
9.349987,-1.430119,0.662869,-0.448108,0.559142,-0.878588,-0.532804,0.506052,-0.056406,-0.710158,0.773024,0.471383,-0.487551,-0.189531,0.298953,-2.637636,-0.663189,1.796421,-1.651799,-1.493300,3.500727,0.731872,-0.009754,0.016667,-0.006576,-0.000226,0.000647,-0.011043,0.001065
9.351154,-1.434192,0.660934,-0.450223,0.560244,-0.880252,-0.533318,0.507382,-0.061964,-0.719693,0.778394,0.464979,-0.487967,-0.190040,0.298771,-2.637643,-0.663175,1.796414,-1.651795,-1.493303,3.500715,0.731871,-0.009256,0.016473,-0.006780,0.001700,-0.000765,-0.011565,0.001491
9.352045,-1.431239,0.660379,-0.448520,0.559582,-0.880855,-0.533830,0.505960,-0.069835,-0.726799,0.781652,0.458369,-0.488415,-0.190618,0.298607,-2.637647,-0.663154,1.796412,-1.651797,-1.493300,3.500704,0.731865,-0.007162,0.017201,-0.005680,0.000613,0.000905,-0.010974,-0.001174
9.353035,-1.430410,0.657812,-0.450285,0.560027,-0.879755,-0.534466,0.506530,-0.083516,-0.730336,0.780446,0.450437,-0.489079,-0.191486,0.298478,-2.637658,-0.663136,1.796404,-1.651794,-1.493299,3.500696,0.731875,-0.008541,0.017254,-0.006460,0.001239,0.001481,-0.010417,0.001687
9.354097,-1.424971,0.656623,-0.449212,0.561604,-0.879807,-0.533761,0.505469,-0.100181,-0.731500,0.776601,0.442057,-0.489863,-0.192512,0.298386,-2.637667,-0.663113,1.796402,-1.651794,-1.493302,3.500686,0.731874,-0.008831,0.018270,-0.005534,0.000783,0.000396,-0.009717,0.000508
9.355072,-1.425922,0.653255,-0.450804,0.561905,-0.879363,-0.533973,0.506132,-0.114282,-0.732021,0.773389,0.435356,-0.490485,-0.193394,0.298305,-2.637682,-0.663094,1.796395,-1.651796,-1.493300,3.500673,0.731876,-0.011392,0.018636,-0.006007,-0.000762,0.000442,-0.010360,0.002655
9.356001,-1.423299,0.650809,-0.450179,0.560757,-0.878976,-0.533298,0.506337,-0.121968,-0.732994,0.772901,0.432075,-0.490705,-0.193915,0.298211,-2.637692,-0.663073,1.796391,-1.651798,-1.493300,3.500664,0.731875,-0.010772,0.020070,-0.005144,-0.001017,-0.000006,-0.010081,0.001299
9.357038,-1.425244,0.649069,-0.448264,0.561297,-0.878857,-0.533687,0.505559,-0.124121,-0.735335,0.775214,0.431167,-0.490645,-0.194126,0.298109,-2.637705,-0.663048,1.796385,-1.651794,-1.493300,3.500652,0.731875,-0.011941,0.020998,-0.005391,0.000063,-0.000393,-0.010694,0.000898
9.358044,-1.428927,0.649826,-0.449101,0.561317,-0.879114,-0.533002,0.506159,-0.123141,-0.739807,0.779879,0.430590,-0.490544,-0.194155,0.298026,-2.637713,-0.663026,1.796376,-1.651795,-1.493301,3.500643,0.731879,-0.010851,0.021597,-0.006256,-0.000463,-0.000500,-0.010241,0.002457
9.358978,-1.424759,0.646593,-0.449486,0.563149,-0.880126,-0.532715,0.505716,-0.123357,-0.744599,0.784139,0.428974,-0.490577,-0.194223,0.297981,-2.637719,-0.663006,1.796372,-1.651797,-1.493303,3.500632,0.731879,-0.008931,0.020962,-0.005769,-0.000439,-0.000224,-0.010871,0.001232
9.360085,-1.423103,0.646181,-0.450556,0.560577,-0.878266,-0.532738,0.505971,-0.127689,-0.747058,0.785121,0.426484,-0.490753,-0.194482,0.297956,-2.637734,-0.662980,1.796367,-1.651803,-1.493300,3.500621,0.731880,-0.010868,0.022285,-0.005524,-0.002147,0.000771,-0.011088,0.002136
9.361067,-1.424714,0.644411,-0.449615,0.561787,-0.879292,-0.533861,0.505398,-0.133267,-0.747701,0.784228,0.424322,-0.490928,-0.194772,0.297923,-2.637748,-0.662957,1.796363,-1.651796,-1.493306,3.500611,0.731880,-0.011515,0.022204,-0.004933,0.000296,-0.001054,-0.011003,0.001610
9.361995,-1.421804,0.645374,-0.450236,0.561264,-0.878936,-0.533949,0.506064,-0.146693,-0.745568,0.778672,0.419696,-0.491355,-0.195447,0.297837,-2.637773,-0.662912,1.796352,-1.651798,-1.493304,3.500592,0.731882,-0.011879,0.022063,-0.004964,-0.000348,-0.000390,-0.009679,0.001407
9.363187,-1.422377,0.641860,-0.452001,0.561429,-0.879136,-0.532594,0.506021,-0.146693,-0.745568,0.778672,0.419696,-0.491355,-0.195447,0.297837,-2.637773,-0.662912,1.796352,-1.651798,-1.493304,3.500592,0.731882,-0.011879,0.022063,-0.004964,-0.000348,-0.000390,-0.009679,0.001407
9.364086,-1.422189,0.644154,-0.447717,0.560959,-0.879053,-0.532668,0.505865,-0.155212,-0.741711,0.773037,0.417486,-0.491559,-0.195900,0.297774,-2.637786,-0.662886,1.796351,-1.651798,-1.493307,3.500580,0.731885,-0.011420,0.023525,-0.004071,-0.000519,-0.000163,-0.010972,0.001498
9.365063,-1.421235,0.643965,-0.450162,0.560370,-0.877666,-0.532083,0.506979,-0.164760,-0.736239,0.765764,0.415225,-0.491752,-0.196392,0.297686,-2.637799,-0.662865,1.796342,-1.651798,-1.493305,3.500567,0.731887,-0.011356,0.022099,-0.006129,-0.000057,-0.000263,-0.010807,0.001800
9.366106,-1.417417,0.641121,-0.450177,0.561831,-0.877144,-0.532620,0.505997,-0.175425,-0.728891,0.756928,0.412791,-0.491916,-0.196884,0.297561,-2.637813,-0.662841,1.796340,-1.651798,-1.493308,3.500555,0.731882,-0.011676,0.021923,-0.004845,0.000537,-0.001638,-0.011328,-0.000430
9.367052,-1.415420,0.643573,-0.452041,0.560698,-0.877516,-0.532724,0.506878,-0.185696,-0.719566,0.747037,0.411175,-0.491915,-0.197303,0.297388,-2.637828,-0.662815,1.796335,-1.651802,-1.493307,3.500545,0.731887,-0.013417,0.023037,-0.004800,-0.000842,-0.002158,-0.010718,0.001557
9.368079,-1.414893,0.638020,-0.452308,0.560329,-0.878824,-0.532502,0.505856,-0.193148,-0.708712,0.737122,0.411721,-0.491603,-0.197552,0.297171,-2.637845,-0.662795,1.796334,-1.651801,-1.493309,3.500535,0.731883,-0.014202,0.021552,-0.003837,0.000278,-0.001752,-0.010560,-0.000228
9.369059,-1.415510,0.637038,-0.451875,0.562463,-0.880196,-0.532835,0.506193,-0.198272,-0.696917,0.727232,0.413749,-0.491113,-0.197667,0.296919,-2.637858,-0.662768,1.796330,-1.651799,-1.493305,3.500522,0.731890,-0.014296,0.024045,-0.003672,0.000599,-0.000481,-0.010709,0.001825
9.370140,-1.412816,0.633725,-0.451350,0.562374,-0.879043,-0.533059,0.506788,-0.202367,-0.685941,0.717738,0.415900,-0.490641,-0.197784,0.296640,-2.637872,-0.662743,1.796325,-1.651805,-1.493302,3.500512,0.731889,-0.013820,0.024212,-0.003828,-0.001423,0.000866,-0.010305,0.001130
9.371041,-1.412624,0.637993,-0.452377,0.561585,-0.879902,-0.532020,0.506813,-0.204546,-0.677084,0.709739,0.418524,-0.490142,-0.197921,0.296328,-2.637889,-0.662716,1.796319,-1.651805,-1.493308,3.500502,0.731887,-0.014975,0.025551,-0.004022,-0.001313,-0.000253,-0.010029,-0.000060
9.372049,-1.412525,0.633298,-0.452569,0.562414,-0.878891,-0.533224,0.506814,-0.204908,-0.669226,0.702745,0.422003,-0.489563,-0.198026,0.295998,-2.637905,-0.662696,1.796318,-1.651803,-1.493304,3.500492,0.731888,-0.014863,0.023145,-0.003482,-0.000566,0.000588,-0.011017,-0.000102
9.372988,-1.410289,0.634771,-0.453348,0.561599,-0.877977,-0.531916,0.506497,-0.205906,-0.660158,0.694614,0.425882,-0.488972,-0.198165,0.295681,-2.637920,-0.662667,1.796315,-1.651805,-1.493306,3.500485,0.731888,-0.014734,0.025188,-0.003356,-0.001361,-0.000422,-0.009747,-0.000104
9.374030,-1.407054,0.632369,-0.453397,0.560922,-0.878557,-0.530903,0.505979,-0.208409,-0.649689,0.684900,0.429857,-0.488409,-0.198399,0.295389,-2.637939,-0.662643,1.796312,-1.651803,-1.493309,3.500468,0.731887,-0.015643,0.024134,-0.002933,-0.000581,-0.001311,-0.010980,0.000542
9.375103,-1.404622,0.634585,-0.449930,0.561256,-0.879440,-0.529957,0.505974,-0.210102,-0.628819,0.667294,0.438557,-0.487253,-0.198557,0.294855,-2.637980,-0.662595,1.796302,-1.651802,-1.493307,3.500445,0.731893,-0.017977,0.023643,-0.004543,-0.000267,0.000156,-0.012800,0.001558
9.375986,-1.403823,0.628666,-0.454705,0.560203,-0.879404,-0.529381,0.506364,-0.210102,-0.628819,0.667294,0.438557,-0.487253,-0.198557,0.294855,-2.637980,-0.662595,1.796302,-1.651802,-1.493307,3.500445,0.731893,-0.017977,0.023643,-0.004543,-0.000267,0.000156,-0.012800,0.001558
9.377052,-1.401585,0.627154,-0.455579,0.559927,-0.878482,-0.530522,0.506256,-0.205700,-0.620406,0.662519,0.443527,-0.486608,-0.198204,0.294584,-2.637998,-0.662561,1.796305,-1.651799,-1.493306,3.500433,0.731891,-0.018159,0.026241,-0.002149,0.000744,0.000095,-0.013297,0.000779
9.378088,-1.401521,0.627554,-0.453725,0.561394,-0.878515,-0.531456,0.505719,-0.200250,-0.613980,0.659422,0.447601,-0.486101,-0.197784,0.294326,-2.638019,-0.662533,1.796303,-1.651799,-1.493308,3.500427,0.731892,-0.019035,0.026639,-0.001701,0.001011,-0.000813,-0.012100,0.001001
9.379079,-1.398957,0.626891,-0.452579,0.560991,-0.878486,-0.531258,0.506148,-0.195072,-0.608954,0.656880,0.450875,-0.485719,-0.197438,0.294108,-2.638038,-0.662509,1.796298,-1.651804,-1.493308,3.500413,0.731895,-0.018822,0.026140,-0.002580,-0.000372,-0.000771,-0.011088,0.002069
9.380013,-1.401545,0.626127,-0.454318,0.560471,-0.878916,-0.532274,0.505954,-0.189151,-0.604310,0.654923,0.454677,-0.485266,-0.197086,0.293927,-2.638058,-0.662484,1.796293,-1.651802,-1.493309,3.500403,0.731895,-0.019882,0.026170,-0.003092,0.000014,-0.000793,-0.011235,0.001195
9.381142,-1.399064,0.628255,-0.451837,0.559946,-0.879410,-0.532537,0.507181,-0.182527,-0.592373,0.647931,0.461468,-0.484433,-0.196591,0.293589,-2.638095,-0.662432,1.796286,-1.651798,-1.493308,3.500388,0.731892,-0.019382,0.024860,-0.003393,0.000968,0.000129,-0.009865,-0.000876
9.382082,-1.398139,0.624147,-0.449346,0.561404,-0.879614,-0.532912,0.506620,-0.182527,-0.592373,0.647931,0.461468,-0.484433,-0.196591,0.293589,-2.638095,-0.662432,1.796286,-1.651798,-1.493308,3.500388,0.731892,-0.019382,0.024860,-0.003393,0.000968,0.000129,-0.009865,-0.000876
9.382996,-1.393829,0.622214,-0.452003,0.560007,-0.879677,-0.533104,0.506982,-0.183273,-0.584542,0.642254,0.463652,-0.484138,-0.196467,0.293415,-2.638116,-0.662401,1.796280,-1.651803,-1.493307,3.500378,0.731894,-0.019578,0.026572,-0.004558,-0.000385,0.000315,-0.009424,0.000272
9.384027,-1.390668,0.624829,-0.452058,0.558693,-0.879737,-0.533498,0.507534,-0.181747,-0.578838,0.639222,0.466015,-0.483779,-0.196192,0.293248,-2.638141,-0.662374,1.796281,-1.651799,-1.493307,3.500370,0.731894,-0.021452,0.027201,-0.003220,0.000942,0.000384,-0.009189,-0.000470
9.385024,-1.390279,0.622995,-0.450668,0.560639,-0.880267,-0.532668,0.506468,-0.177242,-0.575443,0.639069,0.468572,-0.483393,-0.195725,0.293105,-2.638165,-0.662352,1.796278,-1.651796,-1.493308,3.500362,0.731891,-0.022736,0.025609,-0.003170,0.002170,0.000452,-0.008744,-0.001564
9.386076,-1.390603,0.620121,-0.454003,0.560414,-0.880055,-0.531428,0.506527,-0.170518,-0.572332,0.640273,0.471754,-0.482947,-0.195064,0.293008,-2.638186,-0.662325,1.796273,-1.651798,-1.493308,3.500353,0.731899,-0.022668,0.026217,-0.003809,0.000250,0.000987,-0.009531,0.000566
9.387168,-1.385769,0.621190,-0.449130,0.559944,-0.880694,-0.532447,0.506822,-0.163099,-0.568584,0.641443,0.475789,-0.482412,-0.194330,0.292973,-2.638207,-0.662295,1.796274,-1.651798,-1.493307,3.500342,0.731897,-0.022257,0.027306,-0.002127,0.000485,0.000760,-0.010710,0.000434
9.388017,-1.386004,0.620338,-0.448630,0.558663,-0.880988,-0.531770,0.507212,-0.155544,-0.564848,0.642626,0.480212,-0.481832,-0.193585,0.292992,-2.638235,-0.662269,1.796265,-1.651798,-1.493307,3.500335,0.731897,-0.024363,0.026431,-0.004499,0.000953,0.001400,-0.009630,-0.000160
9.388931,-1.386606,0.617635,-0.450190,0.559273,-0.880288,-0.532155,0.506981,-0.146183,-0.562621,0.645780,0.484497,-0.481248,-0.192697,0.293058,-2.638256,-0.662242,1.796260,-1.651794,-1.493306,3.500326,0.731897,-0.023965,0.026547,-0.004667,0.002156,0.001682,-0.010268,-0.000940
9.390036,-1.385824,0.613887,-0.452361,0.559584,-0.879911,-0.531687,0.507185,-0.136894,-0.561878,0.650192,0.487527,-0.480801,-0.191776,0.293172,-2.638279,-0.662213,1.796258,-1.651793,-1.493308,3.500320,0.731900,-0.023387,0.027565,-0.003860,0.001493,0.000995,-0.009836,-0.000483
9.390970,-1.383214,0.613668,-0.452409,0.560203,-0.879295,-0.533535,0.506162,-0.131213,-0.561570,0.653325,0.488653,-0.480586,-0.191093,0.293325,-2.638302,-0.662182,1.796257,-1.651790,-1.493309,3.500310,0.731900,-0.023502,0.029068,-0.002755,0.001130,0.000630,-0.010253,-0.000897
9.392016,-1.380202,0.616526,-0.449339,0.557896,-0.879786,-0.532590,0.506560,-0.128933,-0.561281,0.654660,0.488734,-0.480494,-0.190691,0.293499,-2.638328,-0.662155,1.796254,-1.651790,-1.493312,3.500306,0.731904,-0.024511,0.028831,-0.002701,0.000494,0.000038,-0.008357,0.001157
9.393092,-1.380765,0.613750,-0.450032,0.557798,-0.878801,-0.533611,0.505984,-0.127660,-0.560625,0.655189,0.488773,-0.480389,-0.190363,0.293679,-2.638355,-0.662129,1.796248,-1.651783,-1.493310,3.500294,0.731901,-0.025692,0.027074,-0.004181,0.002675,0.000528,-0.009260,0.000344
9.393989,-1.379198,0.612657,-0.452810,0.560581,-0.877691,-0.534910,0.506630,-0.126670,-0.559560,0.655606,0.488312,-0.480308,-0.189968,0.293851,-2.638379,-0.662096,1.796244,-1.651781,-1.493310,3.500288,0.731904,-0.025106,0.028103,-0.003774,0.002696,-0.000479,-0.008184,0.001504
9.395033,-1.379929,0.615233,-0.449233,0.559719,-0.877984,-0.534975,0.506187,-0.127209,-0.557428,0.654730,0.487485,-0.480237,-0.189645,0.294003,-2.638406,-0.662069,1.796243,-1.651787,-1.493310,3.500285,0.731902,-0.025574,0.028315,-0.002357,0.000026,-0.001590,-0.006864,0.000197
9.396099,-1.379749,0.611812,-0.445929,0.559233,-0.878317,-0.534071,0.506967,-0.129996,-0.552439,0.650877,0.487669,-0.480030,-0.189526,0.294119,-2.638429,-0.662044,1.796237,-1.651785,-1.493310,3.500278,0.731904,-0.024917,0.026710,-0.004108,0.000872,-0.001283,-0.006768,0.001098
9.397046,-1.379675,0.610904,-0.446841,0.560780,-0.878039,-0.533427,0.506509,-0.134679,-0.545532,0.645126,0.488133,-0.479779,-0.189573,0.294202,-2.638454,-0.662011,1.796228,-1.651783,-1.493307,3.500269,0.731902,-0.024712,0.028051,-0.005645,0.001312,-0.000972,-0.007626,-0.000480
9.398037,-1.377496,0.608777,-0.443819,0.560473,-0.878110,-0.533385,0.506236,-0.140173,-0.539385,0.639773,0.487692,-0.479618,-0.189731,0.294263,-2.638478,-0.661983,1.796223,-1.651785,-1.493310,3.500257,0.731904,-0.024465,0.028159,-0.005116,-0.000212,-0.001227,-0.008195,0.000454
9.398986,-1.377042,0.607781,-0.445547,0.559409,-0.877398,-0.533534,0.506664,-0.144851,-0.535000,0.635992,0.486895,-0.479479,-0.189931,0.294297,-2.638505,-0.661954,1.796216,-1.651784,-1.493309,3.500246,0.731907,-0.025239,0.028884,-0.006554,0.000096,-0.001163,-0.008169,0.000983
9.400002,-1.375005,0.607136,-0.445306,0.560359,-0.878712,-0.534040,0.506314,-0.148032,-0.532873,0.634366,0.485676,-0.479369,-0.190116,0.294305,-2.638531,-0.661924,1.796214,-1.651782,-1.493310,3.500240,0.731905,-0.025151,0.029013,-0.005646,0.001110,-0.001871,-0.007976,0.000122
9.401022,-1.375239,0.606818,-0.449622,0.560005,-0.878382,-0.532941,0.506869,-0.150910,-0.532146,0.633799,0.483678,-0.479365,-0.190317,0.294296,-2.638558,-0.661895,1.796208,-1.651783,-1.493306,3.500233,0.731908,-0.025846,0.028982,-0.005711,0.000164,-0.000577,-0.007425,0.000824
9.402095,-1.373232,0.601437,-0.446773,0.560517,-0.880317,-0.532079,0.506415,-0.155594,-0.530103,0.631508,0.481426,-0.479470,-0.190617,0.294284,-2.638582,-0.661866,1.796208,-1.651782,-1.493309,3.500223,0.731905,-0.025435,0.028792,-0.003529,0.000526,-0.000902,-0.008483,-0.000292
9.403053,-1.371839,0.600606,-0.443252,0.558998,-0.879217,-0.532544,0.506630,-0.162710,-0.526485,0.626844,0.478908,-0.479711,-0.191044,0.294277,-2.638609,-0.661831,1.796201,-1.651784,-1.493305,3.500213,0.731908,-0.026119,0.031093,-0.004898,0.000046,0.001020,-0.009282,0.000627
9.403991,-1.370346,0.601728,-0.444657,0.558961,-0.879156,-0.532479,0.506904,-0.168892,-0.525480,0.623891,0.475486,-0.480111,-0.191430,0.294284,-2.638635,-0.661801,1.796191,-1.651778,-1.493309,3.500206,0.731907,-0.026504,0.031116,-0.006545,0.001446,-0.000070,-0.008761,0.000186
9.405113,-1.368984,0.602090,-0.445478,0.560234,-0.878467,-0.532923,0.506332,-0.172220,-0.528488,0.624652,0.471032,-0.480625,-0.191645,0.294308,-2.638662,-0.661771,1.796188,-1.651778,-1.493312,3.500195,0.731905,-0.026924,0.030189,-0.005777,0.001451,-0.000095,-0.008765,-0.000358
9.405994,-1.369061,0.597810,-0.443176,0.558747,-0.878957,-0.532612,0.506554,-0.174592,-0.531486,0.625925,0.466784,-0.481109,-0.191749,0.294349,-2.638690,-0.661743,1.796184,-1.651783,-1.493313,3.500184,0.731912,-0.027277,0.029675,-0.005322,0.000298,-0.000780,-0.008250,0.000778
9.406978,-1.365292,0.597363,-0.442697,0.558972,-0.880314,-0.532670,0.505844,-0.177076,-0.533039,0.626282,0.463246,-0.481496,-0.191823,0.294405,-2.638715,-0.661709,1.796174,-1.651778,-1.493310,3.500175,0.731910,-0.026926,0.031436,-0.006374,0.001689,-0.000308,-0.008515,0.000323
9.408087,-1.365572,0.598141,-0.444380,0.559622,-0.879190,-0.532458,0.506344,-0.178558,-0.535787,0.627851,0.459432,-0.481891,-0.191839,0.294471,-2.638747,-0.661678,1.796168,-1.651778,-1.493306,3.500168,0.731915,-0.028451,0.031266,-0.006531,0.001435,0.001018,-0.008410,0.001743
9.409051,-1.366045,0.597321,-0.442773,0.560782,-0.880662,-0.532172,0.506550,-0.178504,-0.539314,0.630617,0.455787,-0.482277,-0.191753,0.294527,-2.638775,-0.661648,1.796164,-1.651779,-1.493309,3.500161,0.731915,-0.027955,0.030510,-0.005629,0.000829,-0.000093,-0.008583,0.000720
9.409970,-1.365457,0.595480,-0.443573,0.561097,-0.879111,-0.532059,0.507170,-0.178985,-0.540353,0.631649,0.453324,-0.482570,-0.191662,0.294539,-2.638800,-0.661618,1.796156,-1.651780,-1.493306,3.500152,0.731911,-0.027410,0.030572,-0.006359,-0.000330,0.001372,-0.008816,0.000332
9.411048,-1.364774,0.594857,-0.443572,0.561821,-0.878585,-0.531900,0.506678,-0.181367,-0.538135,0.629860,0.452063,-0.482769,-0.191648,0.294489,-2.638828,-0.661586,1.796152,-1.651781,-1.493311,3.500143,0.731909,-0.027375,0.031103,-0.005895,-0.000605,-0.000162,-0.008877,-0.000911
9.411986,-1.363363,0.595195,-0.441139,0.560927,-0.879979,-0.531639,0.505505,-0.185437,-0.533374,0.625708,0.451876,-0.482858,-0.191710,0.294392,-2.638856,-0.661555,1.796146,-1.651785,-1.493312,3.500137,0.731911,-0.027381,0.031037,-0.005823,-0.001244,-0.000670,-0.009000,0.000089
9.412960,-1.360799,0.596062,-0.440664,0.561485,-0.879826,-0.530971,0.506553,-0.190489,-0.526817,0.620012,0.452500,-0.482847,-0.191788,0.294285,-2.638884,-0.661525,1.796137,-1.651783,-1.493306,3.500130,0.731916,-0.027754,0.030509,-0.006954,-0.000379,0.000690,-0.009221,0.002427
9.414054,-1.358951,0.595707,-0.442201,0.559433,-0.879951,-0.531374,0.506193,-0.194835,-0.519303,0.614235,0.453844,-0.482753,-0.191734,0.294177,-2.638914,-0.661496,1.796131,-1.651785,-1.493307,3.500123,0.731912,-0.028679,0.029723,-0.007106,-0.000908,0.000529,-0.009846,0.000302
9.415116,-1.360103,0.594170,-0.440612,0.560046,-0.879137,-0.531658,0.507019,-0.197908,-0.510827,0.608678,0.455784,-0.482611,-0.191489,0.294052,-2.638944,-0.661466,1.796126,-1.651779,-1.493308,3.500118,0.731914,-0.029244,0.029547,-0.006271,0.001026,0.000669,-0.009408,0.001043
9.415951,-1.359139,0.593581,-0.444042,0.560245,-0.879538,-0.533222,0.506595,-0.201500,-0.501455,0.602500,0.457215,-0.482562,-0.191195,0.293911,-2.638971,-0.661434,1.796116,-1.651780,-1.493312,3.500110,0.731910,-0.028331,0.029938,-0.006957,0.000420,-0.000121,-0.009074,-0.000618
9.416971,-1.356036,0.590382,-0.440108,0.561967,-0.879250,-0.532234,0.506636,-0.207840,-0.490952,0.594376,0.457489,-0.482682,-0.191076,0.293771,-2.639001,-0.661402,1.796113,-1.651779,-1.493311,3.500107,0.731911,-0.028460,0.029844,-0.005176,0.000187,0.000287,-0.007482,0.000252
9.418021,-1.354411,0.587111,-0.438824,0.560831,-0.879583,-0.533053,0.506663,-0.215317,-0.479852,0.585074,0.457736,-0.482817,-0.191133,0.293650,-2.639034,-0.661367,1.796100,-1.651784,-1.493312,3.500097,0.731913,-0.029630,0.031038,-0.007031,-0.001419,0.000001,-0.008432,0.000152
9.419017,-1.357927,0.588588,-0.442616,0.561026,-0.880753,-0.531802,0.506944,-0.219374,-0.467378,0.576214,0.459535,-0.482819,-0.191105,0.293529,-2.639090,-0.661304,1.796085,-1.651784,-1.493310,3.500081,0.731910,-0.027979,0.031151,-0.005557,-0.000465,0.001495,-0.008769,-0.000454
9.420026,-1.350130,0.586978,-0.440297,0.561536,-0.880019,-0.531823,0.506845,-0.219374,-0.467378,0.576214,0.459535,-0.482819,-0.191105,0.293529,-2.639090,-0.661304,1.796085,-1.651784,-1.493310,3.500081,0.731910,-0.027979,0.031151,-0.005557,-0.000465,0.001495,-0.008769,-0.000454
9.421096,-1.350062,0.586535,-0.444132,0.562819,-0.880342,-0.531141,0.506103,-0.221302,-0.462848,0.572572,0.459640,-0.482911,-0.191209,0.293565,-2.639129,-0.661272,1.796076,-1.651784,-1.493312,3.500073,0.731912,-0.031461,0.031587,-0.006636,-0.000972,0.000763,-0.008690,-0.000259
9.421980,-1.349127,0.585882,-0.439237,0.560039,-0.879579,-0.531037,0.507096,-0.221068,-0.457527,0.569144,0.461441,-0.482801,-0.191181,0.293663,-2.639159,-0.661239,1.796074,-1.651790,-1.493312,3.500062,0.731917,-0.031097,0.031413,-0.004671,-0.002132,0.001096,-0.009313,0.001220
9.422964,-1.350339,0.580619,-0.435524,0.560726,-0.878736,-0.532092,0.506331,-0.218246,-0.451727,0.566378,0.464847,-0.482486,-0.190969,0.293820,-2.639189,-0.661209,1.796062,-1.651782,-1.493312,3.500056,0.731911,-0.031211,0.031373,-0.007006,0.000513,0.000324,-0.009372,-0.000777
9.424095,-1.348091,0.583202,-0.440569,0.561266,-0.879695,-0.532818,0.507034,-0.214229,-0.448450,0.565860,0.467072,-0.482246,-0.190671,0.294030,-2.639217,-0.661171,1.796050,-1.651784,-1.493314,3.500049,0.731918,-0.030260,0.033575,-0.008721,-0.000177,-0.000495,-0.008265,0.000760
9.425068,-1.347111,0.582248,-0.438767,0.561921,-0.878754,-0.532663,0.506557,-0.209727,-0.448705,0.567909,0.467428,-0.482147,-0.190396,0.294273,-2.639250,-0.661142,1.796049,-1.651786,-1.493311,3.500044,0.731915,-0.031000,0.031902,-0.006139,-0.000669,0.000451,-0.007511,-0.000667
9.425967,-1.344287,0.580905,-0.435804,0.561711,-0.878343,-0.531558,0.506873,-0.206836,-0.448048,0.568628,0.467692,-0.482038,-0.190266,0.294513,-2.639280,-0.661110,1.796039,-1.651788,-1.493313,3.500033,0.731922,-0.031126,0.032011,-0.006961,-0.001260,-0.000494,-0.007610,0.000286
9.427085,-1.346028,0.578705,-0.436678,0.561991,-0.879502,-0.531586,0.506377,-0.203931,-0.445749,0.568301,0.469071,-0.481778,-0.190148,0.294724,-2.639315,-0.661077,1.796029,-1.651788,-1.493318,3.500022,0.731921,-0.032129,0.032287,-0.008317,-0.001036,-0.000852,-0.008659,-0.000357
9.428071,-1.347202,0.579948,-0.435774,0.562065,-0.878718,-0.531901,0.506678,-0.199351,-0.443993,0.569088,0.471094,-0.481402,-0.189949,0.294895,-2.639345,-0.661042,1.796020,-1.651790,-1.493313,3.500013,0.731923,-0.030879,0.032971,-0.007755,-0.001277,0.000278,-0.008565,0.000642
9.428985,-1.342760,0.574457,-0.433330,0.560061,-0.878687,-0.531664,0.506395,-0.196704,-0.441674,0.568762,0.472521,-0.481093,-0.189893,0.295028,-2.639373,-0.661013,1.796010,-1.651792,-1.493317,3.500005,0.731922,-0.029953,0.031981,-0.008099,-0.001306,-0.000484,-0.008203,0.000028
9.430040,-1.341664,0.574236,-0.431236,0.560336,-0.879063,-0.531380,0.506625,-0.196974,-0.439254,0.567282,0.472404,-0.480971,-0.190049,0.295130,-2.639408,-0.660975,1.796000,-1.651788,-1.493316,3.499992,0.731923,-0.031779,0.034307,-0.009212,0.000610,-0.000517,-0.008366,0.000599
9.431098,-1.339391,0.573401,-0.431758,0.559722,-0.880195,-0.530953,0.507371,-0.195731,-0.440680,0.569072,0.470514,-0.481023,-0.190154,0.295199,-2.639442,-0.660943,1.795989,-1.651789,-1.493315,3.499981,0.731921,-0.031902,0.034007,-0.010123,0.000350,-0.000145,-0.008584,0.000139
9.431947,-1.338951,0.575583,-0.432909,0.559276,-0.880283,-0.531220,0.506669,-0.191161,-0.446290,0.575115,0.467512,-0.481166,-0.190058,0.295221,-2.639476,-0.660909,1.795980,-1.651789,-1.493312,3.499971,0.731919,-0.032640,0.034018,-0.009735,0.000977,0.000961,-0.008953,-0.001357
9.433239,-1.336223,0.574753,-0.431278,0.560411,-0.880011,-0.529805,0.506973,-0.185984,-0.452119,0.581751,0.464138,-0.481364,-0.189840,0.295198,-2.639508,-0.660878,1.795972,-1.651788,-1.493314,3.499962,0.731923,-0.032469,0.032540,-0.009068,0.001388,0.001054,-0.008627,0.000062
9.434159,-1.338905,0.574091,-0.431706,0.561471,-0.878882,-0.529536,0.506861,-0.181957,-0.454842,0.586134,0.461404,-0.481539,-0.189552,0.295142,-2.639544,-0.660846,1.795960,-1.651791,-1.493316,3.499949,0.731920,-0.033412,0.032584,-0.009757,0.000319,0.000802,-0.009976,-0.000555
9.435053,-1.333936,0.573193,-0.431051,0.562336,-0.878706,-0.529657,0.507190,-0.178962,-0.453498,0.587638,0.460451,-0.481536,-0.189207,0.295061,-2.639573,-0.660814,1.795953,-1.651794,-1.493318,3.499942,0.731921,-0.031693,0.032530,-0.009443,-0.000675,-0.000318,-0.010195,-0.000326
9.436021,-1.332457,0.573204,-0.428186,0.561303,-0.878672,-0.529230,0.506333,-0.176607,-0.448369,0.586464,0.461928,-0.481256,-0.188843,0.294969,-2.639610,-0.660780,1.795944,-1.651795,-1.493317,3.499933,0.731923,-0.033778,0.032575,-0.009669,-0.001520,-0.000498,-0.010017,-0.001001
9.437033,-1.333688,0.572704,-0.429351,0.561130,-0.879852,-0.529850,0.506158,-0.172165,-0.441329,0.584983,0.466135,-0.480635,-0.188328,0.294884,-2.639644,-0.660748,1.795931,-1.651792,-1.493319,3.499924,0.731924,-0.034090,0.032183,-0.010958,-0.000528,-0.000500,-0.010392,0.000733
9.437986,-1.333390,0.572007,-0.431889,0.560185,-0.878928,-0.529998,0.506733,-0.165932,-0.433762,0.584096,0.471665,-0.479836,-0.187679,0.294819,-2.639676,-0.660715,1.795922,-1.651792,-1.493316,3.499916,0.731926,-0.033072,0.032035,-0.010250,-0.000367,0.000653,-0.009713,0.001060
9.439004,-1.328638,0.572283,-0.432172,0.561081,-0.879954,-0.529147,0.505655,-0.163438,-0.424295,0.580529,0.476220,-0.479169,-0.187243,0.294773,-2.639707,-0.660682,1.795915,-1.651790,-1.493318,3.499907,0.731925,-0.032858,0.031996,-0.008888,0.000542,-0.000268,-0.009517,-0.000101
9.440044,-1.327332,0.565231,-0.429156,0.559903,-0.877913,-0.528902,0.506687,-0.166095,-0.411828,0.572809,0.479705,-0.478674,-0.187121,0.294735,-2.639745,-0.660652,1.795908,-1.651792,-1.493314,3.499897,0.731930,-0.034803,0.031492,-0.008665,-0.000330,0.000738,-0.010316,0.002070
9.440994,-1.329444,0.567656,-0.429219,0.561515,-0.879042,-0.528524,0.505174,-0.168674,-0.399742,0.565161,0.483049,-0.478206,-0.187046,0.294693,-2.639780,-0.660611,1.795894,-1.651789,-1.493319,3.499886,0.731924,-0.035019,0.034560,-0.010028,0.000782,-0.001279,-0.010494,-0.000016
9.441994,-1.326999,0.563849,-0.428331,0.560850,-0.878346,-0.528269,0.506045,-0.168731,-0.391511,0.560770,0.485835,-0.477761,-0.186935,0.294638,-2.639812,-0.660583,1.795885,-1.651792,-1.493317,3.499876,0.731931,-0.033566,0.032961,-0.009866,-0.000771,-0.000141,-0.010811,0.003038
9.442996,-1.322941,0.567950,-0.426318,0.560599,-0.878051,-0.527804,0.505531,-0.168462,-0.385946,0.558019,0.487807,-0.477374,-0.186904,0.294567,-2.639849,-0.660546,1.795873,-1.651790,-1.493318,3.499866,0.731928,-0.034365,0.034448,-0.010174,-0.000127,-0.000845,-0.011002,0.001256
9.443993,-1.325662,0.565682,-0.429237,0.560272,-0.878358,-0.527767,0.505327,-0.167023,-0.381890,0.556727,0.489786,-0.476958,-0.186822,0.294471,-2.639888,-0.660518,1.795861,-1.651790,-1.493318,3.499854,0.731934,-0.035930,0.032028,-0.011041,0.000121,-0.001143,-0.011397,0.002288
9.445129,-1.323351,0.566524,-0.424176,0.559115,-0.878789,-0.528446,0.506407,-0.164864,-0.377667,0.555804,0.492072,-0.476502,-0.186629,0.294352,-2.639918,-0.660482,1.795855,-1.651790,-1.493318,3.499842,0.731934,-0.034178,0.032763,-0.009486,0.000449,-0.000822,-0.011361,0.002689
9.446040,-1.322705,0.565861,-0.423050,0.560601,-0.879239,-0.529548,0.506249,-0.165422,-0.372010,0.553006,0.493449,-0.476188,-0.186515,0.294204,-2.639954,-0.660452,1.795837,-1.651786,-1.493316,3.499837,0.731929,-0.034922,0.031962,-0.011846,0.001521,-0.000414,-0.010644,0.000525
9.446958,-1.323193,0.564860,-0.424875,0.560689,-0.878855,-0.529560,0.505838,-0.167582,-0.366417,0.549836,0.493680,-0.476023,-0.186462,0.294018,-2.639989,-0.660420,1.795825,-1.651789,-1.493317,3.499830,0.731930,-0.034818,0.031923,-0.012244,0.000059,0.000042,-0.009494,0.000860
9.448120,-1.323505,0.566636,-0.423785,0.559335,-0.879610,-0.529724,0.506043,-0.170268,-0.360813,0.546607,0.493798,-0.475872,-0.186477,0.293801,-2.640022,-0.660389,1.795815,-1.651789,-1.493318,3.499820,0.731934,-0.034175,0.032049,-0.011196,-0.000015,-0.000335,-0.009433,0.001676
9.449035,-1.323179,0.562551,-0.423208,0.560032,-0.879925,-0.529849,0.506348,-0.176552,-0.353307,0.540686,0.493390,-0.475820,-0.186760,0.293582,-2.640053,-0.660359,1.795803,-1.651785,-1.493317,3.499810,0.731930,-0.033652,0.030793,-0.011610,0.001260,0.000419,-0.009207,0.001267
9.449979,-1.321450,0.563841,-0.423233,0.560737,-0.879867,-0.529855,0.505313,-0.187797,-0.344025,0.531596,0.491416,-0.476006,-0.187373,0.293397,-2.640087,-0.660322,1.795789,-1.651786,-1.493315,3.499799,0.731930,-0.033408,0.032417,-0.011726,0.000586,0.000715,-0.009020,0.000657
9.451029,-1.320877,0.559051,-0.421145,0.560983,-0.878593,-0.529909,0.505717,-0.201747,-0.334468,0.521121,0.488422,-0.476366,-0.188203,0.293269,-2.640121,-0.660293,1.795777,-1.651789,-1.493315,3.499791,0.731937,-0.033867,0.031402,-0.011573,-0.000069,0.000653,-0.008963,0.002724
9.452054,-1.318788,0.559284,-0.418687,0.560715,-0.879370,-0.528202,0.506087,-0.215218,-0.325986,0.511327,0.485655,-0.476738,-0.189079,0.293189,-2.640156,-0.660256,1.795764,-1.651789,-1.493320,3.499780,0.731935,-0.033734,0.033379,-0.012473,-0.000312,-0.000587,-0.008845,0.001894
9.453019,-1.318583,0.559324,-0.418674,0.561352,-0.879102,-0.529430,0.505566,-0.225264,-0.320900,0.504936,0.483331,-0.477050,-0.189819,0.293132,-2.640192,-0.660224,1.795750,-1.651789,-1.493318,3.499769,0.731934,-0.034346,0.032847,-0.013527,-0.000037,0.000194,-0.010503,0.001159
9.454033,-1.319572,0.558436,-0.414977,0.559957,-0.879381,-0.529950,0.505622,-0.231088,-0.319310,0.502462,0.481551,-0.477261,-0.190315,0.293096,-2.640226,-0.660193,1.795737,-1.651790,-1.493317,3.499764,0.731938,-0.034040,0.032467,-0.013364,-0.000640,-0.000099,-0.009219,0.002205
9.455040,-1.317695,0.552952,-0.418229,0.561431,-0.879458,-0.530168,0.505664,-0.235044,-0.319433,0.501922,0.479851,-0.477431,-0.190673,0.293088,-2.640257,-0.660159,1.795717,-1.651786,-1.493317,3.499757,0.731936,-0.033163,0.032506,-0.014996,0.000681,0.000186,-0.008659,0.002087
9.456039,-1.315122,0.554916,-0.416925,0.561257,-0.879365,-0.529473,0.505777,-0.238984,-0.321517,0.502558,0.477232,-0.477702,-0.191058,0.293095,-2.640292,-0.660119,1.795707,-1.651789,-1.493317,3.499750,0.731938,-0.033696,0.034784,-0.013218,-0.000771,0.000261,-0.008403,0.001996
9.457091,-1.314153,0.554629,-0.419147,0.560331,-0.879524,-0.530101,0.506403,-0.242197,-0.325483,0.504301,0.474448,-0.478014,-0.191463,0.293095,-2.640327,-0.660090,1.795690,-1.651789,-1.493317,3.499739,0.731939,-0.034563,0.033415,-0.013684,-0.000581,0.000166,-0.009041,0.001764
9.458064,-1.315159,0.552530,-0.415123,0.560493,-0.880050,-0.530276,0.505915,-0.244867,-0.329017,0.505638,0.472461,-0.478279,-0.191829,0.293066,-2.640362,-0.660055,1.795681,-1.651786,-1.493318,3.499729,0.731939,-0.034616,0.033156,-0.012453,0.000302,0.000336,-0.008343,0.000504
9.459000,-1.313432,0.553536,-0.414837,0.559643,-0.880169,-0.530254,0.506012,-0.248863,-0.331103,0.505316,0.470455,-0.478599,-0.192231,0.293002,-2.640394,-0.660020,1.795662,-1.651786,-1.493316,3.499723,0.731941,-0.033730,0.033795,-0.014259,0.000130,0.000849,-0.008134,0.001492
9.460081,-1.311704,0.550422,-0.414527,0.561733,-0.878687,-0.530480,0.506389,-0.254546,-0.332777,0.503970,0.467531,-0.479059,-0.192712,0.292920,-2.640430,-0.659989,1.795647,-1.651783,-1.493314,3.499714,0.731940,-0.034168,0.032901,-0.014210,0.000904,0.000948,-0.008104,0.001290
9.461067,-1.313850,0.550408,-0.408679,0.560523,-0.878982,-0.530368,0.506237,-0.260236,-0.334372,0.502524,0.464513,-0.479540,-0.193191,0.292831,-2.640466,-0.659954,1.795633,-1.651786,-1.493320,3.499705,0.731939,-0.034605,0.034063,-0.014193,-0.001129,-0.000496,-0.007820,0.000536
9.461964,-1.310562,0.549641,-0.408876,0.559802,-0.879040,-0.529566,0.506266,-0.264287,-0.336664,0.502141,0.462135,-0.479910,-0.193608,0.292752,-2.640495,-0.659921,1.795611,-1.651783,-1.493318,3.499697,0.731940,-0.033158,0.033661,-0.016884,0.000027,-0.000198,-0.007888,0.000848
9.463017,-1.308786,0.549100,-0.408792,0.559886,-0.877865,-0.528187,0.505867,-0.266633,-0.340882,0.503895,0.459404,-0.480238,-0.193939,0.292713,-2.640532,-0.659890,1.795597,-1.651781,-1.493319,3.499686,0.731939,-0.034391,0.033676,-0.016585,0.000694,-0.000140,-0.008635,0.000789
9.464037,-1.309439,0.545654,-0.407816,0.562221,-0.877926,-0.529008,0.506748,-0.267172,-0.346551,0.507639,0.456164,-0.480544,-0.194116,0.292729,-2.640567,-0.659858,1.795581,-1.651781,-1.493319,3.499675,0.731943,-0.034853,0.033559,-0.016437,0.000602,-0.001326,-0.009954,0.001580
9.465002,-1.306636,0.549083,-0.409011,0.560794,-0.879310,-0.528962,0.506116,-0.265600,-0.352596,0.512582,0.453593,-0.480711,-0.194141,0.292785,-2.640600,-0.659822,1.795563,-1.651786,-1.493319,3.499667,0.731939,-0.034118,0.034865,-0.016716,-0.001619,-0.001244,-0.009063,-0.000192
9.466044,-1.308321,0.545159,-0.410848,0.560052,-0.879828,-0.528899,0.506960,-0.263208,-0.357413,0.517001,0.452361,-0.480696,-0.194131,0.292857,-2.640638,-0.659793,1.795549,-1.651783,-1.493318,3.499659,0.731945,-0.035082,0.032769,-0.015937,-0.000241,0.000135,-0.009065,0.001077
9.466969,-1.305599,0.546713,-0.409266,0.560169,-0.879980,-0.528602,0.506460,-0.263591,-0.358962,0.518087,0.451354,-0.480695,-0.194270,0.292934,-2.640671,-0.659755,1.795535,-1.651781,-1.493318,3.499648,0.731944,-0.033819,0.034310,-0.014849,0.000444,0.000643,-0.009066,-0.000634
9.468010,-1.306449,0.545989,-0.406437,0.560823,-0.879701,-0.528082,0.507065,-0.268988,-0.357087,0.514756,0.449154,-0.480905,-0.194683,0.292998,-2.640708,-0.659722,1.795517,-1.651781,-1.493318,3.499638,0.731947,-0.034760,0.033108,-0.015440,0.000319,0.000791,-0.009303,0.000379
9.469037,-1.303995,0.545638,-0.406685,0.559131,-0.879228,-0.529066,0.506087,-0.277305,-0.352770,0.508645,0.446331,-0.481218,-0.195242,0.293037,-2.640741,-0.659687,1.795498,-1.651783,-1.493319,3.499627,0.731943,-0.033916,0.033061,-0.016634,-0.000297,0.000517,-0.009758,-0.000838
9.470015,-1.301594,0.545323,-0.403191,0.559914,-0.877383,-0.527246,0.505745,-0.286508,-0.347073,0.501471,0.443313,-0.481544,-0.195812,0.293059,-2.640778,-0.659654,1.795482,-1.651780,-1.493319,3.499619,0.731948,-0.034717,0.032839,-0.016300,0.001358,0.000045,-0.008716,0.001130
9.471065,-1.299068,0.542846,-0.403164,0.560524,-0.877687,-0.527587,0.506307,-0.294620,-0.341466,0.495060,0.440201,-0.481858,-0.196266,0.293071,-2.640815,-0.659622,1.795461,-1.651781,-1.493322,3.499604,0.731952,-0.035471,0.032609,-0.017818,0.000562,-0.001787,-0.010468,0.001786
9.471979,-1.302034,0.544138,-0.403896,0.561020,-0.878378,-0.526899,0.505468,-0.297974,-0.337510,0.491893,0.438265,-0.481986,-0.196403,0.293051,-2.640851,-0.659586,1.795443,-1.651784,-1.493320,3.499594,0.731946,-0.036299,0.033426,-0.017594,0.000034,-0.001477,-0.010049,0.000668
9.472990,-1.300152,0.539772,-0.401015,0.560254,-0.878234,-0.527967,0.506860,-0.297662,-0.334376,0.490773,0.437871,-0.481910,-0.196331,0.292979,-2.640882,-0.659557,1.795426,-1.651784,-1.493319,3.499582,0.731952,-0.034416,0.032414,-0.017019,-0.000456,-0.000790,-0.010674,0.002347
9.474117,-1.296867,0.541261,-0.401370,0.558454,-0.878091,-0.528161,0.506554,-0.297952,-0.330901,0.489042,0.437641,-0.481838,-0.196337,0.292871,-2.640919,-0.659521,1.795405,-1.651782,-1.493319,3.499571,0.731947,-0.034940,0.034199,-0.018227,0.000266,-0.000946,-0.009524,-0.000457
9.475080,-1.300117,0.537905,-0.399371,0.560299,-0.879470,-0.526795,0.505904,-0.298746,-0.328862,0.487890,0.436293,-0.481920,-0.196433,0.292753,-2.640958,-0.659490,1.795388,-1.651778,-1.493321,3.499559,0.731948,-0.036128,0.033049,-0.017829,0.001980,-0.001063,-0.009266,0.000185
9.476031,-1.297966,0.540901,-0.400645,0.559816,-0.879488,-0.526460,0.505314,-0.299623,-0.328742,0.487823,0.433539,-0.482189,-0.196578,0.292669,-2.640988,-0.659452,1.795368,-1.651780,-1.493321,3.499543,0.731951,-0.034112,0.034300,-0.018597,0.000148,0.000323,-0.010554,0.001481
9.477119,-1.296948,0.538915,-0.401802,0.561009,-0.879842,-0.524697,0.505533,-0.302564,-0.328266,0.486532,0.429919,-0.482605,-0.196850,0.292642,-2.641024,-0.659425,1.795350,-1.651778,-1.493318,3.499530,0.731954,-0.034773,0.032445,-0.017738,0.000603,0.000305,-0.010797,0.002645
9.478001,-1.292937,0.537986,-0.399686,0.561901,-0.879907,-0.525452,0.506123,-0.308303,-0.324841,0.482024,0.426675,-0.483047,-0.197235,0.292652,-2.641060,-0.659391,1.795335,-1.651780,-1.493320,3.499515,0.731955,-0.034850,0.033056,-0.016978,-0.000556,0.000675,-0.012484,0.002187
9.479058,-1.293064,0.534366,-0.402012,0.561624,-0.880070,-0.525224,0.504968,-0.313951,-0.318720,0.475580,0.425335,-0.483312,-0.197557,0.292672,-2.641101,-0.659359,1.795315,-1.651783,-1.493321,3.499505,0.731952,-0.036371,0.033131,-0.017810,-0.001359,0.000751,-0.011642,0.001014
9.480010,-1.289507,0.536154,-0.402831,0.559671,-0.881414,-0.524321,0.505149,-0.316614,-0.312437,0.469855,0.426231,-0.483316,-0.197722,0.292701,-2.641136,-0.659321,1.795300,-1.651783,-1.493321,3.499490,0.731959,-0.035875,0.034499,-0.016444,-0.001071,0.000918,-0.011795,0.003326
9.481048,-1.289820,0.534364,-0.397352,0.560579,-0.881422,-0.523915,0.505290,-0.317940,-0.306627,0.464478,0.427806,-0.483264,-0.197828,0.292756,-2.641177,-0.659290,1.795287,-1.651780,-1.493318,3.499476,0.731959,-0.037178,0.033208,-0.015886,0.000812,0.002237,-0.012620,0.002940
9.482049,-1.287260,0.530480,-0.397459,0.560596,-0.879857,-0.523048,0.505676,-0.318853,-0.301509,0.459436,0.428829,-0.483321,-0.197858,0.292835,-2.641213,-0.659256,1.795264,-1.651782,-1.493317,3.499464,0.731957,-0.036566,0.033709,-0.018376,-0.000081,0.002221,-0.012950,0.002666
9.483105,-1.286576,0.535570,-0.397802,0.560425,-0.880034,-0.524549,0.505907,-0.316816,-0.299463,0.457502,0.429391,-0.483414,-0.197682,0.292924,-2.641253,-0.659220,1.795245,-1.651782,-1.493321,3.499450,0.731956,-0.037380,0.035223,-0.018070,-0.000088,0.000686,-0.013732,0.001894
9.484064,-1.285601,0.529480,-0.395324,0.561408,-0.879901,-0.524516,0.505331,-0.311912,-0.299944,0.458317,0.430041,-0.483447,-0.197324,0.293014,-2.641292,-0.659195,1.795228,-1.651782,-1.493320,3.499439,0.731956,-0.037254,0.032337,-0.017691,0.000084,0.000866,-0.012143,0.001435
9.484993,-1.282558,0.530711,-0.395013,0.560393,-0.879712,-0.524042,0.506071,-0.306235,-0.300388,0.459432,0.431203,-0.483388,-0.196902,0.293106,-2.641328,-0.659155,1.795207,-1.651783,-1.493318,3.499426,0.731961,-0.037304,0.034962,-0.018693,-0.000867,0.000709,-0.012112,0.002582
9.486083,-1.279654,0.530634,-0.390352,0.561058,-0.878324,-0.523244,0.506076,-0.298999,-0.301957,0.461876,0.432775,-0.483258,-0.196395,0.293206,-2.641368,-0.659124,1.795190,-1.651782,-1.493318,3.499412,0.731959,-0.038357,0.033938,-0.018632,0.000124,0.000526,-0.012512,0.001082
9.487017,-1.281730,0.530413,-0.391277,0.560630,-0.878751,-0.523992,0.506637,-0.287812,-0.305800,0.467558,0.435114,-0.482999,-0.195618,0.293301,-2.641411,-0.659092,1.795166,-1.651783,-1.493321,3.499399,0.731961,-0.039289,0.033597,-0.020695,-0.000514,-0.000850,-0.013233,0.001080
9.488036,-1.279633,0.530359,-0.391137,0.561743,-0.878957,-0.524786,0.506510,-0.273324,-0.310758,0.475723,0.438316,-0.482598,-0.194575,0.293383,-2.641447,-0.659060,1.795147,-1.651784,-1.493319,3.499392,0.731958,-0.037801,0.033324,-0.019978,-0.000068,-0.000420,-0.012427,-0.000041
9.489076,-1.276031,0.529867,-0.392722,0.560574,-0.877723,-0.523253,0.505966,-0.259835,-0.314467,0.482993,0.441670,-0.482184,-0.193575,0.293459,-2.641487,-0.659028,1.795128,-1.651786,-1.493320,3.499382,0.731958,-0.038389,0.032964,-0.019828,-0.001137,-0.000209,-0.011573,0.000228
9.490024,-1.275550,0.527467,-0.391310,0.560281,-0.878785,-0.522942,0.506798,-0.248863,-0.315321,0.487556,0.445372,-0.481764,-0.192739,0.293544,-2.641529,-0.658995,1.795109,-1.651784,-1.493324,3.499367,0.731964,-0.039689,0.032815,-0.018801,-0.000007,-0.001412,-0.013037,0.001299
9.491045,-1.274180,0.527019,-0.391738,0.560912,-0.877915,-0.522617,0.505489,-0.239264,-0.314302,0.490453,0.449227,-0.481352,-0.191999,0.293645,-2.641568,-0.658960,1.795089,-1.651783,-1.493322,3.499355,0.731962,-0.039447,0.033609,-0.019287,0.000274,-0.000347,-0.013266,-0.000382
9.491997,-1.270991,0.524144,-0.392331,0.561034,-0.878976,-0.522334,0.506419,-0.230987,-0.312755,0.492512,0.452480,-0.481017,-0.191369,0.293762,-2.641609,-0.658928,1.795072,-1.651785,-1.493325,3.499342,0.731971,-0.039647,0.033436,-0.018857,-0.000317,-0.001213,-0.013510,0.002241
9.493043,-1.271770,0.525994,-0.389450,0.560321,-0.878448,-0.520421,0.505325,-0.223366,-0.311174,0.494172,0.455496,-0.480704,-0.190839,0.293880,-2.641652,-0.658892,1.795055,-1.651788,-1.493322,3.499328,0.731963,-0.040731,0.034452,-0.018351,-0.000385,-0.000162,-0.013710,0.000368
9.494032,-1.271888,0.527254,-0.386207,0.560444,-0.879256,-0.521318,0.506623,-0.215850,-0.309761,0.495782,0.458413,-0.480396,-0.190346,0.293984,-2.641690,-0.658861,1.795032,-1.651784,-1.493324,3.499312,0.731970,-0.039874,0.033130,-0.019530,0.000252,-0.000683,-0.015544,0.002569
9.495003,-1.272039,0.524512,-0.393002,0.561041,-0.879663,-0.521144,0.505903,-0.209744,-0.307701,0.496673,0.460621,-0.480153,-0.189884,0.294081,-2.641729,-0.658831,1.795008,-1.651784,-1.493320,3.499302,0.731964,-0.039349,0.032147,-0.020868,0.000110,0.000097,-0.014562,-0.000050
9.496000,-1.269763,0.521107,-0.390853,0.559938,-0.878369,-0.519939,0.506406,-0.208033,-0.302964,0.494356,0.461790,-0.480040,-0.189631,0.294177,-2.641766,-0.658796,1.794998,-1.651786,-1.493321,3.499289,0.731971,-0.038824,0.033121,-0.017299,-0.000445,0.000507,-0.014666,0.001402
9.497070,-1.267792,0.523045,-0.387714,0.559551,-0.878631,-0.520737,0.506194,-0.212298,-0.295403,0.487594,0.461598,-0.480133,-0.189750,0.294269,-2.641809,-0.658758,1.794976,-1.651783,-1.493324,3.499272,0.731969,-0.039458,0.034369,-0.018161,0.000623,-0.000766,-0.015778,0.000377
9.498023,-1.265923,0.523525,-0.387268,0.560474,-0.878442,-0.521843,0.506170,-0.219329,-0.287828,0.479489,0.459978,-0.480399,-0.190054,0.294344,-2.641849,-0.658727,1.794955,-1.651782,-1.493323,3.499259,0.731971,-0.039964,0.033001,-0.019477,0.000960,-0.000501,-0.014884,0.000809
9.499032,-1.262158,0.521175,-0.385401,0.562313,-0.878910,-0.521878,0.506165,-0.225331,-0.281104,0.472524,0.458144,-0.480634,-0.190280,0.294386,-2.641890,-0.658697,1.794937,-1.651783,-1.493324,3.499246,0.731971,-0.040406,0.032405,-0.019474,0.000067,-0.000687,-0.013699,0.000853
9.500025,-1.260509,0.519682,-0.382864,0.561770,-0.879134,-0.520813,0.506084,-0.227406,-0.274770,0.467603,0.458249,-0.480569,-0.190290,0.294375,-2.641933,-0.658661,1.794916,-1.651789,-1.493323,3.499233,0.731971,-0.041780,0.033160,-0.020162,-0.001638,-0.000220,-0.013593,0.000862
9.501030,-1.259326,0.517915,-0.382394,0.559611,-0.878810,-0.520059,0.506221,-0.222325,-0.270653,0.467075,0.461345,-0.480076,-0.189948,0.294296,-2.641974,-0.658628,1.794893,-1.651788,-1.493322,3.499219,0.731974,-0.042098,0.033510,-0.021156,-0.001106,-0.000006,-0.014584,0.001015
9.502054,-1.258516,0.517375,-0.387178,0.559848,-0.878912,-0.520785,0.505891,-0.210992,-0.270533,0.471738,0.465571,-0.479388,-0.189286,0.294163,-2.642016,-0.658592,1.794873,-1.651782,-1.493324,3.499204,0.731973,-0.042190,0.033968,-0.021146,0.000923,-0.000319,-0.015248,0.000738
9.502969,-1.258944,0.517347,-0.382910,0.561262,-0.879311,-0.521272,0.506187,-0.199061,-0.272807,0.478114,0.468430,-0.478857,-0.188607,0.294010,-2.642057,-0.658560,1.794858,-1.651782,-1.493323,3.499192,0.731975,-0.042100,0.033847,-0.018547,0.000659,-0.000221,-0.014436,0.001405
9.503987,-1.256574,0.516722,-0.385860,0.561278,-0.877590,-0.521545,0.506297,-0.190949,-0.274025,0.481965,0.469844,-0.478537,-0.188197,0.293858,-2.642098,-0.658528,1.794834,-1.651785,-1.493323,3.499178,0.731973,-0.041384,0.033475,-0.020430,-0.000675,0.000182,-0.013865,0.000805
9.505021,-1.256076,0.514538,-0.385895,0.559934,-0.877883,-0.522180,0.506156,-0.186734,-0.272628,0.482286,0.471107,-0.478268,-0.188083,0.293720,-2.642142,-0.658494,1.794819,-1.651785,-1.493326,3.499163,0.731975,-0.042058,0.033380,-0.018745,-0.000687,-0.001534,-0.013505,0.000582
9.506059,-1.252344,0.515478,-0.382563,0.560379,-0.877249,-0.522162,0.506091,-0.186191,-0.268795,0.479238,0.472243,-0.478061,-0.188240,0.293621,-2.642182,-0.658460,1.794800,-1.651783,-1.493324,3.499151,0.731976,-0.041817,0.034064,-0.018508,0.000612,-0.001242,-0.012791,0.000864
9.507053,-1.252467,0.516469,-0.383185,0.560300,-0.878199,-0.521563,0.505227,-0.188015,-0.264047,0.474348,0.472753,-0.477972,-0.188564,0.293577,-2.642228,-0.658429,1.794778,-1.651783,-1.493326,3.499136,0.731976,-0.043152,0.033217,-0.019927,0.000161,-0.001864,-0.012730,0.000994
9.507990,-1.251041,0.514774,-0.380340,0.560216,-0.879899,-0.521418,0.506480,-0.189697,-0.258973,0.469277,0.473340,-0.477883,-0.188854,0.293581,-2.642268,-0.658399,1.794758,-1.651783,-1.493323,3.499125,0.731981,-0.042581,0.032358,-0.019362,0.000249,-0.000924,-0.013268,0.002717
9.508962,-1.247725,0.514376,-0.379568,0.560201,-0.879228,-0.521431,0.506341,-0.191334,-0.253087,0.463804,0.474107,-0.477778,-0.189076,0.293617,-2.642311,-0.658365,1.794736,-1.651783,-1.493320,3.499112,0.731976,-0.042790,0.032814,-0.020537,0.000335,0.000753,-0.013327,0.000189
9.509937,-1.247900,0.512547,-0.379113,0.560189,-0.878216,-0.520192,0.506087,-0.191979,-0.247790,0.459227,0.474763,-0.477696,-0.189188,0.293678,-2.642356,-0.658333,1.794717,-1.651783,-1.493323,3.499098,0.731977,-0.043923,0.032622,-0.020680,0.000349,0.000088,-0.013228,0.000489
9.510987,-1.245995,0.511456,-0.379283,0.559811,-0.879543,-0.520097,0.506432,-0.190305,-0.244185,0.456762,0.475534,-0.477598,-0.189130,0.293776,-2.642398,-0.658299,1.794695,-1.651783,-1.493325,3.499080,0.731980,-0.043313,0.033137,-0.020649,0.000361,-0.000913,-0.014376,0.000987
9.511996,-1.243195,0.511487,-0.378184,0.560285,-0.878677,-0.519849,0.505651,-0.187825,-0.241927,0.455439,0.476005,-0.477523,-0.188997,0.293912,-2.642444,-0.658265,1.794675,-1.651781,-1.493322,3.499066,0.731979,-0.043718,0.033270,-0.020322,0.000691,0.000407,-0.014376,0.000290
9.513049,-1.244635,0.508832,-0.374728,0.559129,-0.879546,-0.520033,0.506628,-0.185113,-0.240543,0.454654,0.476204,-0.477472,-0.188831,0.294073,-2.642492,-0.658235,1.794656,-1.651783,-1.493323,3.499056,0.731982,-0.044554,0.032882,-0.020644,0.000244,-0.000465,-0.014566,0.001862
9.513992,-1.238824,0.510376,-0.380295,0.563051,-0.880446,-0.519883,0.506146,-0.181749,-0.240564,0.455009,0.476026,-0.477449,-0.188642,0.294252,-2.642533,-0.658200,1.794631,-1.651780,-1.493321,3.499044,0.731980,-0.043317,0.033799,-0.022088,0.001341,0.000398,-0.014303,-0.000119
9.514969,-1.239571,0.507151,-0.378317,0.560116,-0.877771,-0.518852,0.506621,-0.177834,-0.241134,0.455850,0.476206,-0.477392,-0.188494,0.294433,-2.642584,-0.658169,1.794617,-1.651789,-1.493320,3.499027,0.731982,-0.045650,0.032635,-0.019095,-0.002405,0.001291,-0.014356,0.000866
9.515983,-1.237248,0.504920,-0.379307,0.560339,-0.879330,-0.517780,0.505887,-0.173529,-0.239917,0.455403,0.478351,-0.477158,-0.188424,0.294612,-2.642625,-0.658134,1.794594,-1.651781,-1.493329,3.499010,0.731981,-0.044743,0.033851,-0.019844,0.000410,-0.001335,-0.015296,-0.000099
9.516973,-1.236522,0.505676,-0.379828,0.561224,-0.879733,-0.518002,0.505962,-0.170049,-0.238102,0.453937,0.480833,-0.476926,-0.188494,0.294808,-2.642672,-0.658099,1.794578,-1.651783,-1.493326,3.498992,0.731984,-0.045354,0.034542,-0.019143,0.000192,0.000237,-0.016254,0.001382
9.518029,-1.235113,0.504330,-0.379689,0.560276,-0.879408,-0.517528,0.506179,-0.168503,-0.236543,0.451613,0.482337,-0.476832,-0.188745,0.295025,-2.642719,-0.658068,1.794560,-1.651785,-1.493325,3.498976,0.731985,-0.045153,0.033786,-0.018660,-0.000638,0.000623,-0.015928,0.001212
9.519093,-1.229885,0.505061,-0.379572,0.562345,-0.878978,-0.516841,0.505805,-0.169584,-0.233650,0.447218,0.483426,-0.476809,-0.189187,0.295240,-2.642765,-0.658032,1.794541,-1.651782,-1.493324,3.498958,0.731987,-0.045301,0.034035,-0.018504,0.000255,0.000282,-0.016299,0.000769
9.520025,-1.229004,0.504971,-0.377724,0.561482,-0.879241,-0.516517,0.506628,-0.171577,-0.229155,0.441453,0.485110,-0.476720,-0.189679,0.295426,-2.642817,-0.658001,1.794522,-1.651787,-1.493328,3.498939,0.731992,-0.047313,0.033291,-0.018334,-0.001717,-0.000117,-0.016876,0.001509
9.520996,-1.228156,0.502297,-0.379955,0.558998,-0.879791,-0.515340,0.505816,-0.171013,-0.223485,0.436203,0.488969,-0.476347,-0.189984,0.295557,-2.642864,-0.657969,1.794501,-1.651786,-1.493327,3.498922,0.731989,-0.047176,0.032949,-0.019015,-0.000873,0.000145,-0.017092,-0.000151
9.522086,-1.225832,0.501471,-0.377734,0.560402,-0.879210,-0.514902,0.505875,-0.169389,-0.217486,0.431497,0.493333,-0.475895,-0.190152,0.295629,-2.642912,-0.657932,1.794485,-1.651779,-1.493325,3.498900,0.731991,-0.047023,0.033853,-0.017696,0.001482,0.000677,-0.018146,0.001496
9.523078,-1.222567,0.500161,-0.378599,0.561097,-0.879588,-0.514564,0.506456,-0.169405,-0.212377,0.426948,0.495787,-0.475673,-0.190328,0.295648,-2.642960,-0.657900,1.794463,-1.651783,-1.493326,3.498883,0.731993,-0.047608,0.033879,-0.018563,0.000118,0.000098,-0.018472,0.001356
9.523956,-1.223526,0.500502,-0.376687,0.560802,-0.880587,-0.515192,0.505821,-0.168997,-0.208656,0.423667,0.497542,-0.475510,-0.190406,0.295596,-2.643010,-0.657866,1.794446,-1.651785,-1.493328,3.498864,0.731992,-0.048644,0.034129,-0.017911,-0.000518,0.000507,-0.018699,0.000188
9.525104,-1.217840,0.496177,-0.377238,0.559845,-0.879595,-0.514701,0.506920,-0.167269,-0.205683,0.421650,0.499781,-0.475248,-0.190353,0.295464,-2.643055,-0.657833,1.794425,-1.651785,-1.493325,3.498847,0.731997,-0.047606,0.033554,-0.018630,-0.000218,0.001482,-0.017956,0.001459
9.526070,-1.217149,0.495593,-0.375772,0.559526,-0.879318,-0.515550,0.506203,-0.164888,-0.203961,0.420968,0.501774,-0.474975,-0.190225,0.295271,-2.643107,-0.657795,1.794410,-1.651781,-1.493328,3.498832,0.731994,-0.049859,0.035280,-0.018160,0.000665,0.000495,-0.018369,-0.000759
9.526962,-1.218673,0.499463,-0.376229,0.561702,-0.878525,-0.515017,0.507506,-0.160450,-0.205507,0.423414,0.502974,-0.474733,-0.189986,0.295033,-2.643157,-0.657759,1.794392,-1.651780,-1.493327,3.498813,0.731999,-0.049583,0.035120,-0.018681,0.000940,0.000218,-0.017397,0.000688
9.528013,-1.215317,0.492864,-0.370152,0.561530,-0.877000,-0.514298,0.506807,-0.155862,-0.207835,0.426642,0.503904,-0.474460,-0.189754,0.294761,-2.643203,-0.657731,1.794375,-1.651785,-1.493327,3.498796,0.731995,-0.048254,0.032830,-0.018241,-0.001123,-0.000578,-0.017836,-0.001941
9.528999,-1.212974,0.495388,-0.374710,0.561568,-0.877783,-0.514404,0.506724,-0.152201,-0.208851,0.428997,0.505532,-0.474035,-0.189596,0.294479,-2.643255,-0.657688,1.794347,-1.651783,-1.493329,3.498776,0.731999,-0.049333,0.035670,-0.020980,-0.000980,-0.002087,-0.018437,-0.000518
9.530017,-1.213508,0.491906,-0.374603,0.560572,-0.876996,-0.514914,0.507193,-0.146718,-0.210829,0.433024,0.508084,-0.473419,-0.189379,0.294216,-2.643306,-0.657659,1.794334,-1.651785,-1.493327,3.498762,0.732002,-0.049884,0.034003,-0.018491,-0.000985,-0.001304,-0.018243,-0.000376
9.531035,-1.213759,0.493911,-0.374914,0.560086,-0.878781,-0.514697,0.505456,-0.141772,-0.212711,0.436894,0.510626,-0.472791,-0.189236,0.293991,-2.643352,-0.657620,1.794316,-1.651783,-1.493330,3.498746,0.731998,-0.049053,0.035313,-0.018351,-0.000018,-0.002083,-0.017630,-0.001309
9.532038,-1.211419,0.490120,-0.372545,0.560627,-0.878204,-0.515849,0.506656,-0.142447,-0.212248,0.436998,0.511405,-0.472431,-0.189431,0.293828,-2.643400,-0.657589,1.794298,-1.651781,-1.493327,3.498728,0.732006,-0.048360,0.033908,-0.017975,0.000415,-0.000295,-0.017746,0.002178
9.533218,-1.209121,0.490930,-0.371294,0.561243,-0.879797,-0.516773,0.505427,-0.148971,-0.209902,0.433613,0.509879,-0.472415,-0.189955,0.293741,-2.643449,-0.657548,1.794277,-1.651783,-1.493326,3.498713,0.732000,-0.048953,0.035345,-0.018924,-0.000099,-0.000905,-0.016493,-0.000261
9.534012,-1.209786,0.492073,-0.372046,0.559703,-0.878940,-0.516142,0.506618,-0.157005,-0.207615,0.429805,0.507401,-0.472552,-0.190574,0.293708,-2.643500,-0.657515,1.794258,-1.651785,-1.493324,3.498699,0.732009,-0.049491,0.034522,-0.019317,-0.000654,0.000686,-0.015488,0.002211
9.535031,-1.208933,0.487559,-0.369920,0.559155,-0.879522,-0.516232,0.505263,-0.165286,-0.205118,0.426000,0.504675,-0.472760,-0.191191,0.293708,-2.643547,-0.657483,1.794242,-1.651779,-1.493324,3.498680,0.732003,-0.048571,0.033557,-0.018734,0.000765,-0.000198,-0.016019,-0.000195
9.535975,-1.207939,0.485712,-0.370821,0.561604,-0.878836,-0.515312,0.506359,-0.176091,-0.201847,0.420918,0.500467,-0.473205,-0.191906,0.293745,-2.643596,-0.657444,1.794221,-1.651779,-1.493325,3.498663,0.732011,-0.048424,0.035378,-0.019564,0.001298,0.000415,-0.015818,0.002534
9.537030,-1.203788,0.480297,-0.370238,0.560776,-0.878770,-0.514166,0.506294,-0.188280,-0.199813,0.416050,0.494603,-0.473890,-0.192717,0.293813,-2.643643,-0.657407,1.794204,-1.651785,-1.493328,3.498641,0.732007,-0.048351,0.035847,-0.018899,-0.001033,-0.000261,-0.016618,0.000308
9.538108,-1.204260,0.485263,-0.371338,0.559597,-0.879164,-0.513661,0.506483,-0.197891,-0.200914,0.413873,0.488791,-0.474579,-0.193457,0.293883,-2.643697,-0.657365,1.794186,-1.651782,-1.493328,3.498619,0.732007,-0.049802,0.038059,-0.018975,-0.000263,-0.000318,-0.017632,0.000463
9.538990,-1.202642,0.480770,-0.371668,0.561282,-0.877899,-0.513666,0.506477,-0.204316,-0.204633,0.414284,0.483392,-0.475223,-0.194041,0.293946,-2.643743,-0.657336,1.794169,-1.651776,-1.493326,3.498601,0.732006,-0.048985,0.035186,-0.018218,0.000776,0.000066,-0.018026,0.000083
9.539970,-1.202456,0.484289,-0.369839,0.560294,-0.877770,-0.512200,0.506007,-0.210679,-0.207658,0.414048,0.478192,-0.475862,-0.194584,0.294025,-2.643792,-0.657294,1.794150,-1.651780,-1.493329,3.498583,0.732008,-0.049213,0.036971,-0.017830,-0.000816,-0.001192,-0.017909,0.000092
9.541158,-1.200349,0.480284,-0.370326,0.560202,-0.878672,-0.512484,0.506346,-0.218106,-0.208205,0.411642,0.473676,-0.476423,-0.195152,0.294139,-2.643840,-0.657264,1.794131,-1.651778,-1.493328,3.498561,0.732010,-0.048724,0.034809,-0.018526,0.000148,-0.001318,-0.019253,0.001032
9.542088,-1.196931,0.478110,-0.369866,0.560534,-0.878286,-0.510759,0.505954,-0.226255,-0.206768,0.407640,0.469561,-0.476922,-0.195719,0.294307,-2.643890,-0.657225,1.794114,-1.651778,-1.493326,3.498544,0.732009,-0.049187,0.036379,-0.018066,0.000230,-0.000429,-0.018850,0.000343
9.543003,-1.198431,0.474003,-0.369375,0.560300,-0.878227,-0.510637,0.505528,-0.233205,-0.205530,0.404096,0.465586,-0.477402,-0.196201,0.294531,-2.643941,-0.657186,1.794097,-1.651780,-1.493326,3.498519,0.732014,-0.050299,0.037000,-0.018096,-0.000064,-0.000819,-0.020447,0.001121
9.543995,-1.195947,0.475896,-0.369814,0.561141,-0.879428,-0.510355,0.505914,-0.237135,-0.207044,0.403127,0.461587,-0.477887,-0.196542,0.294809,-2.643987,-0.657147,1.794078,-1.651780,-1.493326,3.498499,0.732016,-0.048967,0.038586,-0.018117,0.000176,-0.000875,-0.020434,0.001967
9.545088,-1.195221,0.474847,-0.368546,0.560500,-0.878928,-0.510145,0.505145,-0.239670,-0.210736,0.403639,0.457249,-0.478442,-0.196824,0.295127,-2.644038,-0.657113,1.794061,-1.651782,-1.493326,3.498480,0.732014,-0.049618,0.037204,-0.017678,-0.000626,0.000331,-0.020604,0.001187
9.546138,-1.193926,0.477385,-0.369615,0.561438,-0.877978,-0.510533,0.505662,-0.242282,-0.214147,0.403599,0.453132,-0.479031,-0.197075,0.295471,-2.644088,-0.657074,1.794042,-1.651780,-1.493327,3.498459,0.732019,-0.049369,0.037273,-0.018093,-0.000021,-0.000171,-0.020687,0.002728
9.547017,-1.188516,0.474761,-0.364465,0.559886,-0.877803,-0.509640,0.505267,-0.245791,-0.215019,0.401426,0.449943,-0.479567,-0.197303,0.295827,-2.644139,-0.657041,1.794025,-1.651784,-1.493329,3.498441,0.732018,-0.049414,0.035596,-0.017345,-0.000890,-0.001110,-0.020181,0.001671
9.548031,-1.192284,0.471752,-0.366734,0.560296,-0.878543,-0.509682,0.506170,-0.248322,-0.213796,0.398394,0.448205,-0.479933,-0.197401,0.296165,-2.644194,-0.657003,1.794000,-1.651782,-1.493331,3.498419,0.732023,-0.051475,0.036479,-0.019655,0.000635,-0.001253,-0.020959,0.002460
9.548995,-1.189563,0.471884,-0.365528,0.559905,-0.878722,-0.509296,0.506085,-0.247878,-0.213715,0.397413,0.446985,-0.480196,-0.197320,0.296457,-2.644239,-0.656964,1.793986,-1.651784,-1.493328,3.498399,0.732021,-0.049009,0.037509,-0.018315,0.000260,-0.000533,-0.020786,0.000637
9.549986,-1.188216,0.470016,-0.364855,0.561965,-0.879401,-0.509336,0.505968,-0.247636,-0.215150,0.397173,0.444609,-0.480583,-0.197334,0.296701,-2.644290,-0.656928,1.793967,-1.651784,-1.493327,3.498376,0.732023,-0.049792,0.037003,-0.018711,0.000663,-0.000376,-0.021040,0.000817
9.551070,-1.186054,0.468647,-0.364277,0.561566,-0.879545,-0.507945,0.506615,-0.248270,-0.216735,0.396426,0.441821,-0.481028,-0.197524,0.296895,-2.644338,-0.656890,1.793948,-1.651790,-1.493327,3.498354,0.732027,-0.049873,0.037484,-0.018817,-0.001275,0.000312,-0.020859,0.001037
9.551992,-1.183293,0.466455,-0.364245,0.563500,-0.878668,-0.507871,0.506006,-0.247095,-0.218593,0.396373,0.440252,-0.481328,-0.197740,0.297029,-2.644389,-0.656851,1.793929,-1.651791,-1.493328,3.498328,0.732021,-0.050354,0.037704,-0.018876,-0.000835,0.000464,-0.022108,-0.000252
9.552970,-1.184276,0.466473,-0.361653,0.561878,-0.879105,-0.507032,0.506158,-0.242476,-0.221074,0.397892,0.440764,-0.481369,-0.197881,0.297106,-2.644442,-0.656812,1.793912,-1.651794,-1.493332,3.498305,0.732026,-0.051103,0.038335,-0.018685,-0.002702,-0.000390,-0.022031,0.000973
9.554173,-1.181450,0.464162,-0.365199,0.558750,-0.878481,-0.505864,0.506049,-0.234630,-0.224225,0.401040,0.443175,-0.481150,-0.197927,0.297146,-2.644491,-0.656777,1.793892,-1.651792,-1.493330,3.498280,0.732026,-0.049997,0.037897,-0.019751,-0.001111,0.000046,-0.022728,0.000653
9.555028,-1.176314,0.464593,-0.362052,0.560471,-0.878837,-0.505540,0.505558,-0.227453,-0.227794,0.404271,0.444809,-0.480988,-0.198022,0.297178,-2.644543,-0.656737,1.793879,-1.651786,-1.493333,3.498254,0.732027,-0.050808,0.038578,-0.017792,0.001891,-0.000566,-0.023746,0.000876
9.555986,-1.176425,0.463182,-0.366451,0.561889,-0.879304,-0.505746,0.506063,-0.221675,-0.231835,0.407433,0.444539,-0.481015,-0.198123,0.297213,-2.644600,-0.656700,1.793859,-1.651790,-1.493333,3.498229,0.732032,-0.052706,0.037908,-0.019158,0.000224,-0.000199,-0.023913,0.001843
9.557070,-1.174723,0.462355,-0.362372,0.561227,-0.879238,-0.505021,0.505895,-0.214531,-0.235163,0.410812,0.444956,-0.480922,-0.198070,0.297232,-2.644649,-0.656663,1.793847,-1.651794,-1.493332,3.498204,0.732031,-0.052036,0.038179,-0.016774,-0.001089,0.000264,-0.023553,0.000817
9.558183,-1.170204,0.460643,-0.365648,0.561328,-0.878838,-0.505660,0.505565,-0.206726,-0.236180,0.412976,0.447191,-0.480595,-0.197931,0.297218,-2.644704,-0.656623,1.793825,-1.651793,-1.493335,3.498176,0.732032,-0.052239,0.038110,-0.018595,-0.000445,0.000217,-0.024115,0.001162
9.559146,-1.167040,0.460863,-0.365402,0.560243,-0.877919,-0.507554,0.505618,-0.198588,-0.235533,0.414218,0.450668,-0.480105,-0.197714,0.297177,-2.644760,-0.656584,1.793813,-1.651795,-1.493334,3.498151,0.732034,-0.053659,0.038653,-0.016433,-0.000801,-0.000242,-0.024284,0.001571
9.559995,-1.166998,0.462897,-0.366908,0.560364,-0.876981,-0.508074,0.505434,-0.189405,-0.233552,0.414973,0.455444,-0.479443,-0.197360,0.297110,-2.644814,-0.656546,1.793797,-1.651791,-1.493336,3.498127,0.732034,-0.054385,0.038237,-0.016002,-0.000126,-0.001194,-0.023315,0.001181
9.561103,-1.159980,0.461958,-0.360162,0.559942,-0.877122,-0.509421,0.505039,-0.181585,-0.228161,0.412921,0.461334,-0.478646,-0.196992,0.297008,-2.644867,-0.656511,1.793783,-1.651792,-1.493337,3.498102,0.732035,-0.053586,0.036942,-0.014741,-0.000510,-0.002178,-0.023606,0.001305
9.562088,-1.163897,0.461356,-0.362537,0.558183,-0.878099,-0.510643,0.504970,-0.174710,-0.219279,0.408469,0.468433,-0.477670,-0.196557,0.296858,-2.644929,-0.656473,1.793759,-1.651793,-1.493333,3.498076,0.732038,-0.056159,0.037159,-0.017436,-0.000446,-0.002128,-0.023341,0.001769
9.562961,-1.157186,0.459176,-0.362538,0.560204,-0.880108,-0.511009,0.505787,-0.167169,-0.209578,0.404214,0.475843,-0.476596,-0.195972,0.296646,-2.644976,-0.656435,1.793747,-1.651789,-1.493333,3.498055,0.732040,-0.053375,0.037177,-0.015672,0.000903,-0.001190,-0.023095,0.001613
9.564008,-1.157169,0.457124,-0.359066,0.556903,-0.878318,-0.511847,0.505074,-0.161333,-0.199590,0.399319,0.482179,-0.475655,-0.195429,0.296368,-2.645038,-0.656395,1.793733,-1.651796,-1.493328,3.498027,0.732035,-0.055858,0.037947,-0.015170,-0.001278,0.000725,-0.023547,-0.000268
9.565014,-1.155734,0.457570,-0.358400,0.557328,-0.877721,-0.512554,0.504914,-0.156365,-0.190634,0.394737,0.487407,-0.474898,-0.194936,0.296043,-2.645090,-0.656355,1.793715,-1.651789,-1.493332,3.498005,0.732039,-0.054999,0.038676,-0.016299,0.001544,-0.001122,-0.023748,0.000868
9.566025,-1.151096,0.460797,-0.358466,0.556700,-0.877302,-0.513249,0.504353,-0.151469,-0.184602,0.392113,0.490709,-0.474401,-0.194472,0.295725,-2.645145,-0.656318,1.793701,-1.651790,-1.493335,3.497979,0.732038,-0.054860,0.038168,-0.016057,0.000782,-0.001733,-0.024015,0.000894
9.567159,-1.149349,0.459449,-0.356954,0.556719,-0.878080,-0.514663,0.505332,-0.147900,-0.179152,0.389587,0.492659,-0.474088,-0.194086,0.295444,-2.645204,-0.656285,1.793688,-1.651789,-1.493335,3.497954,0.732044,-0.056275,0.036313,-0.015466,0.001039,-0.002204,-0.024303,0.001713
9.568068,-1.148224,0.457274,-0.356583,0.555641,-0.877546,-0.514097,0.504465,-0.144882,-0.171744,0.385890,0.495181,-0.473727,-0.193710,0.295185,-2.645259,-0.656248,1.793671,-1.651790,-1.493333,3.497931,0.732038,-0.056251,0.036762,-0.015579,0.000669,-0.001491,-0.024014,-0.000581
9.568972,-1.147407,0.455670,-0.355612,0.555444,-0.878333,-0.514152,0.503870,-0.142379,-0.163305,0.381474,0.497970,-0.473348,-0.193383,0.294943,-2.645314,-0.656208,1.793656,-1.651787,-1.493334,3.497902,0.732041,-0.055955,0.037539,-0.015228,0.001362,-0.002088,-0.025446,0.000921
9.570070,-1.143522,0.456568,-0.355832,0.553842,-0.877530,-0.514833,0.503528,-0.141548,-0.155675,0.376819,0.499619,-0.473124,-0.193211,0.294742,-2.645368,-0.656169,1.793642,-1.651788,-1.493332,3.497872,0.732043,-0.055531,0.038023,-0.015194,0.001282,-0.001353,-0.026214,0.001836
9.571067,-1.141660,0.457633,-0.355287,0.554223,-0.878907,-0.515439,0.503343,-0.142993,-0.149121,0.371770,0.499640,-0.473128,-0.193213,0.294597,-2.645427,-0.656134,1.793629,-1.651784,-1.493334,3.497845,0.732045,-0.056554,0.037327,-0.014489,0.002428,-0.002218,-0.026600,0.002191
9.572019,-1.139500,0.455908,-0.354734,0.553636,-0.880507,-0.515499,0.504190,-0.146412,-0.142290,0.365634,0.498813,-0.473289,-0.193332,0.294507,-2.645483,-0.656100,1.793614,-1.651784,-1.493332,3.497816,0.732047,-0.056608,0.036564,-0.014193,0.001699,-0.000891,-0.026933,0.002266
9.573069,-1.138174,0.451406,-0.356995,0.554764,-0.880851,-0.515400,0.503659,-0.151356,-0.134295,0.358024,0.497914,-0.473527,-0.193539,0.294457,-2.645540,-0.656061,1.793600,-1.651781,-1.493329,3.497782,0.732044,-0.056805,0.037136,-0.013934,0.001897,0.000632,-0.027745,0.000291
9.574060,-1.134434,0.451836,-0.353461,0.554693,-0.880422,-0.514496,0.503748,-0.157401,-0.126250,0.349529,0.496955,-0.473834,-0.193872,0.294433,-2.645596,-0.656020,1.793593,-1.651783,-1.493333,3.497753,0.732047,-0.056580,0.039083,-0.012293,0.000444,0.000942,-0.028847,0.001070
9.574984,-1.131178,0.452741,-0.351623,0.553334,-0.882030,-0.514946,0.502962,-0.162836,-0.119763,0.341625,0.496370,-0.474117,-0.194280,0.294429,-2.645655,-0.655982,1.793575,-1.651785,-1.493332,3.497717,0.732048,-0.057549,0.038565,-0.013483,0.000229,0.000441,-0.030655,0.000589
9.576096,-1.129898,0.449768,-0.349057,0.553360,-0.879998,-0.516267,0.503155,-0.164983,-0.115619,0.336220,0.496763,-0.474247,-0.194537,0.294442,-2.645715,-0.655946,1.793560,-1.651781,-1.493330,3.497685,0.732052,-0.058268,0.037837,-0.013850,0.001197,0.001998,-0.031032,0.001901
9.577033,-1.127862,0.449677,-0.352524,0.553846,-0.880923,-0.515662,0.503212,-0.163123,-0.114406,0.334355,0.497642,-0.474244,-0.194548,0.294466,-2.645774,-0.655904,1.793544,-1.651783,-1.493336,3.497658,0.732050,-0.057959,0.039031,-0.014502,0.000820,-0.000071,-0.030788,0.001180
9.578072,-1.129769,0.450563,-0.350275,0.550704,-0.880971,-0.518108,0.502389,-0.159183,-0.115426,0.334704,0.498612,-0.474154,-0.194457,0.294494,-2.645831,-0.655868,1.793535,-1.651782,-1.493332,3.497621,0.732049,-0.058106,0.038790,-0.012272,0.000008,0.000788,-0.032239,0.000806
9.579026,-1.126155,0.449503,-0.347294,0.553287,-0.881031,-0.518341,0.503325,-0.158248,-0.115824,0.333272,0.498585,-0.474154,-0.194550,0.294537,-2.645882,-0.655831,1.793521,-1.651775,-1.493332,3.497591,0.732054,-0.056305,0.038076,-0.012842,0.002655,0.000771,-0.030748,0.002155
9.579992,-1.124271,0.449755,-0.347990,0.553398,-0.880605,-0.518566,0.503047,-0.162684,-0.114553,0.328619,0.496603,-0.474383,-0.194939,0.294599,-2.645940,-0.655791,1.793505,-1.651779,-1.493330,3.497558,0.732049,-0.057249,0.038305,-0.013767,-0.000205,0.000763,-0.031404,-0.000009
9.581052,-1.124091,0.448681,-0.345432,0.552536,-0.879078,-0.519880,0.502238,-0.168543,-0.112279,0.322893,0.494691,-0.474586,-0.195400,0.294659,-2.645998,-0.655754,1.793492,-1.651780,-1.493331,3.497528,0.732052,-0.057287,0.037901,-0.012868,-0.000587,0.000287,-0.032083,0.000282
9.582011,-1.118857,0.448570,-0.344313,0.552535,-0.880075,-0.520521,0.502684,-0.174183,-0.108962,0.316729,0.493934,-0.474638,-0.195831,0.294721,-2.646054,-0.655715,1.793477,-1.651780,-1.493335,3.497496,0.732058,-0.056484,0.038148,-0.013568,-0.000078,-0.001272,-0.031757,0.001585
9.582979,-1.118820,0.445435,-0.340239,0.554962,-0.879009,-0.520356,0.502526,-0.179363,-0.105551,0.310919,0.493640,-0.474612,-0.196215,0.294792,-2.646115,-0.655677,1.793462,-1.651780,-1.493332,3.497464,0.732058,-0.058201,0.037919,-0.013566,-0.000411,-0.000335,-0.032006,0.000391
9.584118,-1.116638,0.446441,-0.339463,0.552802,-0.879744,-0.520848,0.503258,-0.180607,-0.103973,0.308150,0.494682,-0.474370,-0.196382,0.294846,-2.646172,-0.655635,1.793445,-1.651788,-1.493334,3.497431,0.732062,-0.057310,0.039162,-0.015033,-0.003001,-0.001452,-0.033065,0.000428
9.585032,-1.112383,0.447148,-0.338870,0.550424,-0.879007,-0.522692,0.502035,-0.176908,-0.105095,0.309399,0.497314,-0.473873,-0.196304,0.294871,-2.646231,-0.655599,1.793430,-1.651785,-1.493332,3.497397,0.732058,-0.057467,0.038401,-0.014775,-0.001260,-0.000785,-0.033642,-0.001364
9.586035,-1.113092,0.443550,-0.338611,0.550610,-0.879155,-0.522910,0.501240,-0.171132,-0.108033,0.313059,0.499755,-0.473368,-0.196106,0.294882,-2.646292,-0.655561,1.793416,-1.651780,-1.493334,3.497368,0.732063,-0.058691,0.037752,-0.014550,0.000707,-0.001565,-0.032630,0.000837
9.587069,-1.108733,0.447222,-0.336750,0.550319,-0.879981,-0.523856,0.501765,-0.165934,-0.112093,0.317530,0.500372,-0.473087,-0.195939,0.294898,-2.646347,-0.655519,1.793403,-1.651780,-1.493334,3.497336,0.732067,-0.057436,0.039235,-0.014128,0.000151,-0.001471,-0.033359,0.002116
9.588085,-1.110688,0.444184,-0.334855,0.549377,-0.879794,-0.524566,0.500466,-0.162247,-0.116504,0.321761,0.499336,-0.473023,-0.195892,0.294895,-2.646409,-0.655486,1.793388,-1.651782,-1.493333,3.497301,0.732065,-0.058686,0.037150,-0.014481,0.000131,-0.000704,-0.033360,0.000752
9.589036,-1.105669,0.444270,-0.334012,0.548390,-0.880373,-0.524181,0.501184,-0.160486,-0.120123,0.324902,0.497192,-0.473120,-0.195978,0.294850,-2.646461,-0.655442,1.793373,-1.651782,-1.493334,3.497266,0.732072,-0.056843,0.038356,-0.014843,0.000746,-0.000942,-0.033580,0.003068
9.590127,-1.103181,0.443271,-0.332264,0.549522,-0.879892,-0.525919,0.499828,-0.160861,-0.123610,0.327278,0.493448,-0.473435,-0.196206,0.294771,-2.646523,-0.655407,1.793358,-1.651780,-1.493333,3.497229,0.732067,-0.058455,0.038042,-0.014716,0.001366,-0.000423,-0.034820,0.001338
9.591111,-1.101241,0.444918,-0.328901,0.551589,-0.881298,-0.526254,0.500445,-0.160869,-0.127974,0.330434,0.489060,-0.473835,-0.196436,0.294665,-2.646582,-0.655368,1.793343,-1.651782,-1.493334,3.497195,0.732073,-0.058752,0.038261,-0.014975,-0.000104,-0.000960,-0.034076,0.003753
9.591992,-1.101063,0.441251,-0.329178,0.548406,-0.880252,-0.526107,0.499848,-0.157225,-0.132557,0.335238,0.486741,-0.473983,-0.196501,0.294532,-2.646641,-0.655333,1.793325,-1.651788,-1.493333,3.497158,0.732068,-0.058808,0.037181,-0.016066,-0.002376,0.000395,-0.034639,0.002219
9.593094,-1.101919,0.441476,-0.329980,0.548892,-0.880414,-0.525210,0.500135,-0.150658,-0.136940,0.341097,0.486574,-0.473872,-0.196452,0.294382,-2.646697,-0.655291,1.793311,-1.651782,-1.493334,3.497118,0.732071,-0.058039,0.038688,-0.015393,0.000424,-0.000709,-0.035534,0.003176
9.593996,-1.097544,0.442416,-0.329238,0.549821,-0.879935,-0.525194,0.500364,-0.146275,-0.140971,0.345662,0.485611,-0.473876,-0.196548,0.294249,-2.646751,-0.655253,1.793298,-1.651784,-1.493334,3.497079,0.732070,-0.056729,0.038288,-0.014412,-0.000428,-0.000597,-0.037442,0.002270
9.595004,-1.096227,0.440764,-0.324572,0.548746,-0.881187,-0.525428,0.500324,-0.146590,-0.142749,0.346553,0.483629,-0.474034,-0.196882,0.294148,-2.646812,-0.655214,1.793282,-1.651788,-1.493338,3.497037,0.732070,-0.058033,0.037504,-0.014242,-0.001570,-0.001100,-0.038207,0.001555
9.596039,-1.090351,0.437667,-0.325541,0.547293,-0.880684,-0.525199,0.500436,-0.148185,-0.142450,0.345401,0.482413,-0.474112,-0.197224,0.294073,-2.646869,-0.655176,1.793264,-1.651787,-1.493333,3.496999,0.732071,-0.057786,0.038054,-0.015976,-0.000844,0.000069,-0.038870,0.001346
9.597050,-1.088422,0.440231,-0.326001,0.547452,-0.881179,-0.526787,0.499901,-0.147107,-0.143878,0.346339,0.481588,-0.474132,-0.197357,0.294022,-2.646934,-0.655132,1.793250,-1.651783,-1.493335,3.496958,0.732071,-0.059756,0.039263,-0.014898,0.000174,-0.000494,-0.040021,0.000824
9.598045,-1.086937,0.436321,-0.327291,0.547756,-0.881499,-0.527659,0.500558,-0.142693,-0.147831,0.350036,0.480868,-0.474146,-0.197255,0.293982,-2.646993,-0.655097,1.793236,-1.651784,-1.493334,3.496922,0.732075,-0.059780,0.037707,-0.014105,-0.000314,-0.000055,-0.039327,0.001600
9.599013,-1.082814,0.437787,-0.325783,0.546591,-0.881912,-0.527637,0.500688,-0.137555,-0.151573,0.353462,0.480756,-0.474130,-0.197102,0.293938,-2.647052,-0.655057,1.793224,-1.651786,-1.493334,3.496881,0.732073,-0.059607,0.039384,-0.012920,-0.000918,0.000207,-0.039336,-0.000012
9.600044,-1.082945,0.439007,-0.323258,0.545812,-0.880808,-0.527783,0.499881,-0.133326,-0.154286,0.355286,0.481144,-0.474110,-0.197036,0.293890,-2.647117,-0.655019,1.793210,-1.651784,-1.493332,3.496840,0.732071,-0.060706,0.038339,-0.013143,-0.000111,0.000552,-0.040200,-0.000535
9.600994,-1.078842,0.439354,-0.323179,0.546176,-0.881341,-0.527299,0.500417,-0.130143,-0.156005,0.355741,0.481611,-0.474118,-0.197031,0.293869,-2.647175,-0.654983,1.793195,-1.651782,-1.493338,3.496797,0.732075,-0.059709,0.037477,-0.013823,0.000272,-0.000569,-0.040956,0.000786
9.602104,-1.073745,0.441548,-0.324100,0.545090,-0.881078,-0.528989,0.499776,-0.128389,-0.155854,0.354453,0.482196,-0.474123,-0.197065,0.293899,-2.647239,-0.654945,1.793182,-1.651784,-1.493338,3.496754,0.732077,-0.060822,0.037021,-0.013324,-0.000381,-0.000070,-0.042247,-0.000590
9.603091,-1.074037,0.439694,-0.323211,0.543949,-0.881345,-0.529183,0.500277,-0.127042,-0.153007,0.351364,0.483929,-0.474000,-0.197076,0.293967,-2.647307,-0.654913,1.793171,-1.651782,-1.493338,3.496714,0.732080,-0.062334,0.035720,-0.012293,0.000291,-0.000399,-0.041542,0.000383
9.604022,-1.069541,0.439166,-0.321029,0.543122,-0.882027,-0.530017,0.499864,-0.126356,-0.147399,0.346272,0.486626,-0.473779,-0.197099,0.294057,-2.647366,-0.654876,1.793161,-1.651782,-1.493337,3.496670,0.732076,-0.061254,0.036388,-0.012232,0.001092,-0.000197,-0.042207,-0.000907
9.604992,-1.067284,0.437924,-0.318862,0.542850,-0.881291,-0.530482,0.499432,-0.127199,-0.141088,0.340103,0.488621,-0.473648,-0.197221,0.294170,-2.647431,-0.654838,1.793149,-1.651780,-1.493334,3.496628,0.732078,-0.062551,0.036358,-0.012819,0.001562,0.000411,-0.042155,-0.000337
9.606108,-1.062555,0.438246,-0.319752,0.543288,-0.882079,-0.530269,0.498491,-0.127354,-0.136920,0.335635,0.489549,-0.473607,-0.197341,0.294319,-2.647492,-0.654803,1.793135,-1.651780,-1.493338,3.496585,0.732080,-0.062730,0.036725,-0.013359,0.001505,-0.000355,-0.042523,0.000241
9.607065,-1.062043,0.436997,-0.314953,0.542581,-0.881367,-0.530001,0.498098,-0.124553,-0.135488,0.334175,0.490511,-0.473502,-0.197325,0.294508,-2.647560,-0.654766,1.793125,-1.651782,-1.493335,3.496537,0.732084,-0.064073,0.036307,-0.012341,0.000735,0.000354,-0.043709,0.001799
9.608026,-1.058536,0.436822,-0.316557,0.543304,-0.881488,-0.530587,0.498931,-0.118369,-0.136230,0.335567,0.492245,-0.473248,-0.197124,0.294725,-2.647620,-0.654729,1.793108,-1.651779,-1.493336,3.496491,0.732087,-0.063385,0.036656,-0.014190,0.001053,-0.000416,-0.044768,0.002286
9.608998,-1.054320,0.441808,-0.317839,0.544382,-0.881605,-0.530701,0.497831,-0.109472,-0.138924,0.339498,0.494637,-0.472855,-0.196763,0.294943,-2.647685,-0.654693,1.793100,-1.651780,-1.493332,3.496446,0.732086,-0.064177,0.036481,-0.012880,0.000021,-0.000372,-0.044983,0.000326
9.610018,-1.054465,0.437714,-0.315656,0.543013,-0.882936,-0.532024,0.498422,-0.099330,-0.140261,0.343270,0.498965,-0.472227,-0.196301,0.295128,-2.647752,-0.654664,1.793090,-1.651785,-1.493332,3.496397,0.732094,-0.065285,0.033782,-0.011745,-0.001272,-0.000316,-0.045667,0.002252
9.611067,-1.052906,0.441000,-0.315422,0.541498,-0.881724,-0.532445,0.497341,-0.089979,-0.137451,0.344257,0.505733,-0.471383,-0.195843,0.295271,-2.647814,-0.654624,1.793076,-1.651784,-1.493330,3.496350,0.732088,-0.064235,0.035566,-0.012274,-0.000257,0.000952,-0.045199,0.000767
9.612068,-1.049784,0.441343,-0.314025,0.540876,-0.880651,-0.531928,0.497498,-0.084438,-0.131882,0.342178,0.512212,-0.470681,-0.195607,0.295387,-2.647880,-0.654593,1.793065,-1.651782,-1.493334,3.496301,0.732096,-0.064020,0.033691,-0.011849,0.000866,-0.000307,-0.045667,0.002631
9.612968,-1.048993,0.437195,-0.310970,0.542547,-0.881778,-0.530716,0.497153,-0.084213,-0.124127,0.337007,0.516786,-0.470285,-0.195676,0.295484,-2.647946,-0.654559,1.793054,-1.651779,-1.493338,3.496251,0.732096,-0.064597,0.033306,-0.012022,0.001056,-0.001387,-0.047013,0.002007
9.614098,-1.046334,0.436494,-0.311238,0.541023,-0.882265,-0.529920,0.497349,-0.086432,-0.115784,0.331000,0.520171,-0.470037,-0.195893,0.295540,-2.648009,-0.654521,1.793040,-1.651783,-1.493335,3.496198,0.732097,-0.064040,0.035097,-0.013039,-0.000834,-0.000318,-0.048923,0.002443
9.614979,-1.046199,0.435704,-0.308457,0.540873,-0.881478,-0.529543,0.497494,-0.087929,-0.110119,0.327300,0.522662,-0.469856,-0.196137,0.295527,-2.648074,-0.654484,1.793030,-1.651781,-1.493336,3.496143,0.732097,-0.064364,0.035186,-0.012322,0.000296,0.000103,-0.050652,0.001717
9.615969,-1.043764,0.434804,-0.308793,0.540210,-0.882134,-0.528420,0.497171,-0.089077,-0.107870,0.326111,0.523583,-0.469824,-0.196432,0.295442,-2.648137,-0.654449,1.793014,-1.651784,-1.493335,3.496091,0.732098,-0.063482,0.035311,-0.013191,0.000192,-0.000747,-0.051696,0.001170
9.616970,-1.045311,0.433791,-0.308195,0.539906,-0.880939,-0.529133,0.497524,-0.091114,-0.108239,0.326417,0.522525,-0.469997,-0.196826,0.295297,-2.648202,-0.654412,1.793003,-1.651782,-1.493335,3.496032,0.732100,-0.063728,0.035493,-0.012486,0.000478,-0.000140,-0.053582,0.001535
9.617948,-1.044626,0.434352,-0.304752,0.538932,-0.882440,-0.528340,0.496512,-0.095707,-0.109928,0.326581,0.519404,-0.470394,-0.197411,0.295111,-2.648261,-0.654377,1.792990,-1.651781,-1.493338,3.495977,0.732098,-0.062018,0.035745,-0.012246,0.000424,-0.001371,-0.053645,0.000538
9.619067,-1.044854,0.431264,-0.304121,0.540569,-0.881287,-0.527059,0.496269,-0.104913,-0.111767,0.324987,0.513785,-0.471067,-0.198297,0.294914,-2.648322,-0.654343,1.792975,-1.651781,-1.493335,3.495915,0.732103,-0.061447,0.035222,-0.013413,0.001078,0.000064,-0.055176,0.002288
9.620168,-1.044337,0.428907,-0.301400,0.538414,-0.881585,-0.526955,0.496310,-0.118110,-0.113829,0.321972,0.506047,-0.471961,-0.199436,0.294728,-2.648380,-0.654304,1.792963,-1.651785,-1.493337,3.495854,0.732103,-0.060405,0.036509,-0.013136,-0.000864,-0.001153,-0.057354,0.002438
9.621053,-1.041245,0.429716,-0.299752,0.538659,-0.880438,-0.526787,0.496471,-0.133419,-0.117440,0.318994,0.496703,-0.473006,-0.200734,0.294563,-2.648439,-0.654266,1.792949,-1.651783,-1.493335,3.495793,0.732102,-0.059724,0.037424,-0.013901,0.000902,-0.000925,-0.058311,0.002040
9.622077,-1.041447,0.433416,-0.297678,0.539079,-0.880525,-0.525727,0.496162,-0.149099,-0.123736,0.317464,0.485853,-0.474183,-0.202084,0.294438,-2.648502,-0.654231,1.792934,-1.651784,-1.493339,3.495731,0.732102,-0.060352,0.036735,-0.014192,0.000348,-0.002096,-0.059100,0.001463
9.623064,-1.036766,0.429718,-0.298018,0.538193,-0.880932,-0.526416,0.495777,-0.163836,-0.130456,0.316727,0.475153,-0.475294,-0.203332,0.294370,-2.648560,-0.654199,1.792919,-1.651786,-1.493337,3.495665,0.732105,-0.059322,0.034664,-0.014647,-0.000372,-0.002071,-0.060916,0.001782
9.623950,-1.036215,0.427849,-0.297782,0.537860,-0.882411,-0.526082,0.496363,-0.177080,-0.135208,0.315569,0.466179,-0.476164,-0.204402,0.294365,-2.648623,-0.654160,1.792905,-1.651784,-1.493338,3.495602,0.732106,-0.060733,0.036252,-0.013916,0.000142,-0.001708,-0.060941,0.002268
9.625048,-1.034836,0.426210,-0.296889,0.537994,-0.883649,-0.526619,0.495865,-0.188012,-0.139609,0.315026,0.458504,-0.476865,-0.205303,0.294414,-2.648682,-0.654123,1.792892,-1.651785,-1.493337,3.495534,0.732106,-0.060101,0.036887,-0.013529,0.000206,-0.000271,-0.061867,0.000821
9.626041,-1.030755,0.427486,-0.295982,0.538885,-0.882845,-0.525609,0.496487,-0.197160,-0.145167,0.315510,0.451208,-0.477525,-0.206136,0.294497,-2.648741,-0.654084,1.792878,-1.651786,-1.493334,3.495470,0.732110,-0.059861,0.037428,-0.013384,-0.000293,0.000865,-0.062172,0.001509
9.626954,-1.027113,0.428993,-0.294600,0.537580,-0.880792,-0.525162,0.495702,-0.204318,-0.151171,0.316619,0.445055,-0.478059,-0.206897,0.294589,-2.648801,-0.654049,1.792865,-1.651788,-1.493336,3.495404,0.732110,-0.060988,0.036526,-0.013292,-0.001473,0.000011,-0.063915,-0.000039
9.628051,-1.023988,0.427834,-0.291933,0.536597,-0.882917,-0.524820,0.495054,-0.207339,-0.156291,0.318616,0.441828,-0.478235,-0.207402,0.294671,-2.648865,-0.654014,1.792849,-1.651786,-1.493341,3.495339,0.732112,-0.061852,0.035500,-0.013437,-0.000504,-0.002057,-0.064987,0.001286
9.628979,-1.023978,0.428337,-0.294554,0.538579,-0.882984,-0.524806,0.495425,-0.205217,-0.160757,0.322318,0.441396,-0.478057,-0.207547,0.294750,-2.648928,-0.653979,1.792833,-1.651784,-1.493340,3.495272,0.732115,-0.062433,0.035870,-0.014156,0.000062,0.000037,-0.066157,0.002254
9.629947,-1.020509,0.430652,-0.291831,0.535246,-0.883191,-0.524061,0.495155,-0.199669,-0.164560,0.326923,0.442838,-0.477661,-0.207477,0.294822,-2.648985,-0.653944,1.792825,-1.651790,-1.493337,3.495200,0.732115,-0.061549,0.035351,-0.012358,-0.002126,0.000000,-0.066775,0.001228
9.631088,-1.024327,0.427689,-0.288347,0.535782,-0.882485,-0.524601,0.495425,-0.194273,-0.165639,0.329524,0.445528,-0.477160,-0.207417,0.294881,-2.649051,-0.653911,1.792810,-1.651784,-1.493337,3.495127,0.732115,-0.062312,0.033952,-0.013184,0.000787,0.000154,-0.068174,0.001504
9.632069,-1.020805,0.428972,-0.290734,0.533989,-0.882753,-0.524451,0.494604,-0.191875,-0.164384,0.329341,0.447394,-0.476789,-0.207511,0.294947,-2.649105,-0.653872,1.792792,-1.651787,-1.493339,3.495060,0.732111,-0.059490,0.035189,-0.014270,-0.000088,-0.000602,-0.068498,0.000639
9.632977,-1.020117,0.423999,-0.290375,0.534571,-0.881930,-0.524087,0.494878,-0.194641,-0.162178,0.326324,0.446584,-0.476762,-0.207910,0.295042,-2.649167,-0.653838,1.792783,-1.651786,-1.493339,3.494987,0.732119,-0.060342,0.034286,-0.012554,0.001357,-0.000375,-0.069311,0.001990
9.634115,-1.017594,0.427528,-0.288412,0.534181,-0.883386,-0.523454,0.493921,-0.202652,-0.159407,0.320369,0.443218,-0.477084,-0.208659,0.295163,-2.649226,-0.653797,1.792772,-1.651788,-1.493340,3.494915,0.732118,-0.059777,0.036469,-0.012258,0.000499,-0.001252,-0.070263,0.001165
9.635146,-1.012210,0.428263,-0.286603,0.533914,-0.882096,-0.523643,0.493990,-0.213351,-0.156824,0.312865,0.438519,-0.477602,-0.209625,0.295289,-2.649285,-0.653769,1.792757,-1.651788,-1.493336,3.494839,0.732122,-0.060098,0.034521,-0.012620,0.000514,0.000123,-0.071725,0.002761
9.636021,-1.011561,0.426055,-0.286246,0.535735,-0.881694,-0.522514,0.494685,-0.223062,-0.154077,0.305402,0.434529,-0.478054,-0.210539,0.295416,-2.649350,-0.653737,1.792744,-1.651788,-1.493339,3.494768,0.732123,-0.061815,0.033961,-0.012959,0.000432,-0.001222,-0.072253,0.002302
9.637049,-1.008295,0.424692,-0.284137,0.533544,-0.882534,-0.521958,0.493520,-0.228277,-0.151097,0.299572,0.433236,-0.478166,-0.211184,0.295536,-2.649410,-0.653700,1.792733,-1.651794,-1.493341,3.494691,0.732120,-0.061219,0.034790,-0.012656,-0.001569,-0.001641,-0.073911,0.000661
9.638044,-1.004716,0.424004,-0.284784,0.532641,-0.882752,-0.520863,0.493755,-0.228330,-0.149356,0.296474,0.434514,-0.477933,-0.211572,0.295649,-2.649475,-0.653663,1.792717,-1.651790,-1.493339,3.494612,0.732127,-0.061878,0.035204,-0.013122,0.000220,-0.000867,-0.075142,0.002706
9.638970,-1.005280,0.426730,-0.285602,0.532392,-0.883036,-0.520576,0.494058,-0.224359,-0.150328,0.296573,0.436556,-0.477591,-0.211752,0.295756,-2.649540,-0.653628,1.792707,-1.651788,-1.493340,3.494531,0.732129,-0.062681,0.035295,-0.012282,0.000731,-0.000701,-0.076873,0.001916
9.640085,-0.999935,0.427234,-0.282925,0.533463,-0.883345,-0.520508,0.493411,-0.219537,-0.152148,0.297431,0.438320,-0.477306,-0.211857,0.295826,-2.649599,-0.653596,1.792697,-1.651788,-1.493340,3.494452,0.732129,-0.061488,0.033698,-0.011385,0.000661,-0.000468,-0.077717,0.001043
9.640978,-0.995398,0.426459,-0.283069,0.531671,-0.882825,-0.519596,0.493813,-0.216033,-0.151476,0.296132,0.440655,-0.477001,-0.211988,0.295831,-2.649664,-0.653565,1.792683,-1.651790,-1.493339,3.494369,0.732133,-0.063169,0.033272,-0.012134,-0.000757,-0.000228,-0.078533,0.002021
9.642026,-0.996571,0.424585,-0.283945,0.530513,-0.883993,-0.517213,0.492870,-0.210674,-0.148944,0.294532,0.444925,-0.476485,-0.211959,0.295760,-2.649730,-0.653532,1.792671,-1.651786,-1.493340,3.494286,0.732132,-0.064466,0.033424,-0.011555,0.000669,-0.000798,-0.079952,0.000945
9.643065,-0.994046,0.424106,-0.280063,0.532596,-0.884247,-0.517290,0.493442,-0.203393,-0.146449,0.293862,0.449820,-0.475909,-0.211754,0.295635,-2.649792,-0.653498,1.792660,-1.651784,-1.493337,3.494198,0.732135,-0.062888,0.034136,-0.010576,0.001423,0.000296,-0.082999,0.002543
9.644083,-0.992231,0.424565,-0.279603,0.531264,-0.882873,-0.517717,0.492406,-0.197090,-0.144437,0.293157,0.453699,-0.475477,-0.211542,0.295482,-2.649855,-0.653464,1.792647,-1.651790,-1.493337,3.494115,0.732132,-0.063206,0.034138,-0.011969,-0.000907,0.000490,-0.083565,0.001083
9.644984,-0.991036,0.426625,-0.280890,0.530391,-0.884642,-0.516385,0.493393,-0.190979,-0.143106,0.292989,0.457349,-0.475060,-0.211299,0.295304,-2.649918,-0.653433,1.792637,-1.651788,-1.493340,3.494033,0.732139,-0.063141,0.033713,-0.011667,0.000072,-0.000927,-0.083779,0.002868
9.646112,-0.988868,0.426238,-0.280532,0.531160,-0.884316,-0.515316,0.492584,-0.186362,-0.140941,0.292039,0.460777,-0.474662,-0.211075,0.295108,-2.649981,-0.653401,1.792629,-1.651786,-1.493339,3.493941,0.732136,-0.062793,0.032451,-0.010567,0.000585,0.000811,-0.085588,0.000606
9.647075,-0.985075,0.422244,-0.281179,0.530614,-0.883858,-0.515775,0.492427,-0.185969,-0.135565,0.287689,0.463622,-0.474371,-0.210985,0.294902,-2.650046,-0.653369,1.792620,-1.651788,-1.493339,3.493852,0.732139,-0.062879,0.032462,-0.010196,-0.000531,0.000401,-0.087389,0.001927
9.647999,-0.982038,0.423436,-0.280923,0.527548,-0.883640,-0.515292,0.492274,-0.188078,-0.128064,0.281096,0.466496,-0.474111,-0.210993,0.294686,-2.650110,-0.653331,1.792612,-1.651788,-1.493338,3.493763,0.732139,-0.063819,0.034188,-0.009400,-0.000298,-0.000120,-0.087458,0.001949
9.648991,-0.982223,0.427053,-0.274615,0.529049,-0.884187,-0.514450,0.492006,-0.190358,-0.121580,0.274995,0.468766,-0.473932,-0.211043,0.294475,-2.650175,-0.653299,1.792604,-1.651780,-1.493339,3.493671,0.732140,-0.064358,0.033342,-0.009077,0.002294,-0.000378,-0.088431,0.001990
9.649995,-0.978312,0.425331,-0.275471,0.528989,-0.885208,-0.513608,0.492380,-0.192672,-0.116449,0.269950,0.469694,-0.473899,-0.211088,0.294301,-2.650236,-0.653273,1.792587,-1.651784,-1.493340,3.493579,0.732142,-0.063320,0.031380,-0.011667,0.000507,0.000129,-0.089837,0.002237
9.651016,-0.975671,0.423938,-0.277461,0.529028,-0.884471,-0.513644,0.491435,-0.194057,-0.111561,0.266003,0.470438,-0.473854,-0.211018,0.294178,-2.650304,-0.653240,1.792578,-1.651784,-1.493336,3.493486,0.732140,-0.064275,0.032045,-0.010694,0.000242,0.001058,-0.091245,0.001194
9.652012,-0.975741,0.423837,-0.275654,0.528724,-0.884279,-0.512197,0.492154,-0.193606,-0.106855,0.263215,0.472064,-0.473679,-0.210819,0.294105,-2.650370,-0.653206,1.792574,-1.651784,-1.493339,3.493390,0.732145,-0.064580,0.032512,-0.009246,-0.000143,0.000277,-0.091767,0.002800
9.652991,-0.972831,0.424535,-0.273837,0.527614,-0.884116,-0.510990,0.491272,-0.192792,-0.102183,0.260518,0.474228,-0.473429,-0.210633,0.294071,-2.650431,-0.653176,1.792563,-1.651784,-1.493341,3.493291,0.732143,-0.063604,0.032371,-0.009646,-0.000172,0.000059,-0.093755,0.001049
9.653994,-0.971232,0.419633,-0.275323,0.528389,-0.884578,-0.509963,0.492124,-0.193021,-0.097500,0.257378,0.476061,-0.473193,-0.210531,0.294063,-2.650497,-0.653143,1.792551,-1.651780,-1.493340,3.493191,0.732148,-0.064079,0.031787,-0.010028,0.000521,-0.000170,-0.095455,0.002544
9.655082,-0.964450,0.422467,-0.272527,0.526858,-0.886353,-0.509899,0.491359,-0.193778,-0.093933,0.254704,0.477111,-0.473022,-0.210476,0.294074,-2.650562,-0.653106,1.792545,-1.651782,-1.493341,3.493090,0.732145,-0.063889,0.033989,-0.008806,-0.000570,0.000251,-0.096999,0.000532
9.656086,-0.968448,0.424781,-0.272362,0.526758,-0.883649,-0.509178,0.491476,-0.192727,-0.092989,0.254225,0.477811,-0.472878,-0.210344,0.294094,-2.650631,-0.653076,1.792534,-1.651779,-1.493335,3.492992,0.732148,-0.066247,0.032366,-0.009668,0.000558,0.001924,-0.097685,0.001769
9.656955,-0.968054,0.421613,-0.271864,0.527057,-0.884279,-0.509664,0.491618,-0.190328,-0.093115,0.254966,0.478436,-0.472737,-0.210096,0.294123,-2.650690,-0.653048,1.792525,-1.651780,-1.493339,3.492891,0.732149,-0.063289,0.031054,-0.009232,0.000316,-0.000843,-0.098929,0.001227
9.658095,-0.964738,0.423199,-0.270917,0.525008,-0.885479,-0.508551,0.491303,-0.191850,-0.091274,0.252930,0.478032,-0.472717,-0.210034,0.294160,-2.650751,-0.653013,1.792516,-1.651782,-1.493340,3.492794,0.732150,-0.062593,0.032396,-0.009028,-0.000226,-0.000221,-0.098820,0.000688
9.659083,-0.962520,0.420767,-0.266280,0.525629,-0.885226,-0.509247,0.492187,-0.199122,-0.087806,0.247419,0.475650,-0.472942,-0.210323,0.294191,-2.650816,-0.652982,1.792506,-1.651776,-1.493338,3.492688,0.732152,-0.063257,0.031396,-0.008940,0.001315,0.000898,-0.100596,0.000991
9.659994,-0.962095,0.422778,-0.262479,0.525450,-0.887108,-0.509733,0.491674,-0.208340,-0.085278,0.241682,0.471533,-0.473368,-0.210750,0.294210,-2.650879,-0.652947,1.792493,-1.651779,-1.493339,3.492588,0.732148,-0.063437,0.032362,-0.010357,0.000557,0.000153,-0.100985,-0.000780
9.661082,-0.958855,0.422686,-0.263996,0.525415,-0.886193,-0.511005,0.491934,-0.215909,-0.085473,0.238488,0.466549,-0.473856,-0.211127,0.294229,-2.650940,-0.652919,1.792479,-1.651778,-1.493336,3.492485,0.732151,-0.062761,0.031136,-0.011294,0.000566,0.001451,-0.101615,0.000347
9.661986,-0.956888,0.420564,-0.259530,0.526762,-0.887225,-0.511376,0.491560,-0.221940,-0.087107,0.236996,0.461525,-0.474321,-0.211476,0.294273,-2.651005,-0.652889,1.792473,-1.651779,-1.493339,3.492381,0.732150,-0.063438,0.030999,-0.009481,0.000475,-0.000146,-0.101776,-0.000088
9.663007,-0.953819,0.419311,-0.259368,0.526755,-0.889133,-0.511025,0.491738,-0.226484,-0.088873,0.236173,0.457487,-0.474665,-0.211824,0.294353,-2.651069,-0.652856,1.792462,-1.651782,-1.493340,3.492279,0.732153,-0.063507,0.031804,-0.010815,-0.000960,0.000346,-0.102521,0.000740
9.664005,-0.952325,0.419278,-0.257123,0.525239,-0.888713,-0.510924,0.491998,-0.227359,-0.092096,0.237567,0.455212,-0.474791,-0.212086,0.294454,-2.651135,-0.652823,1.792454,-1.651782,-1.493336,3.492172,0.732155,-0.064098,0.032188,-0.009882,-0.001090,0.001581,-0.104176,0.000459
9.665029,-0.948854,0.418610,-0.255290,0.525244,-0.888457,-0.509883,0.491817,-0.224874,-0.097285,0.241346,0.454016,-0.474796,-0.212248,0.294561,-2.651199,-0.652793,1.792445,-1.651778,-1.493338,3.492063,0.732154,-0.063913,0.031986,-0.010023,0.000189,0.000533,-0.105521,0.000026
9.666011,-0.946205,0.415959,-0.251682,0.526168,-0.890266,-0.510142,0.492306,-0.220523,-0.103961,0.246703,0.452846,-0.474807,-0.212330,0.294676,-2.651265,-0.652762,1.792435,-1.651777,-1.493342,3.491949,0.732157,-0.064705,0.032100,-0.009922,-0.000001,-0.000326,-0.107828,0.000479
9.667022,-0.944044,0.416879,-0.250929,0.526891,-0.890078,-0.510284,0.491710,-0.212905,-0.112837,0.254717,0.452009,-0.474760,-0.212238,0.294803,-2.651330,-0.652727,1.792423,-1.651779,-1.493338,3.491837,0.732155,-0.065089,0.033158,-0.010732,-0.001038,0.000842,-0.108753,-0.000418
9.668028,-0.941962,0.418064,-0.249249,0.524752,-0.890229,-0.509738,0.492027,-0.200752,-0.124061,0.265931,0.452481,-0.474537,-0.211924,0.294930,-2.651395,-0.652695,1.792415,-1.651783,-1.493341,3.491726,0.732158,-0.065222,0.032448,-0.010107,-0.001818,0.000030,-0.109866,0.000871
9.669006,-0.939063,0.420047,-0.249192,0.525635,-0.889299,-0.510665,0.492168,-0.186617,-0.135370,0.277915,0.454107,-0.474182,-0.211487,0.295054,-2.651460,-0.652665,1.792405,-1.651778,-1.493340,3.491608,0.732161,-0.065324,0.031640,-0.009947,0.000068,-0.000455,-0.111624,0.000298
9.670051,-0.937542,0.419192,-0.245411,0.525836,-0.889740,-0.510493,0.491374,-0.173975,-0.143926,0.287580,0.456215,-0.473799,-0.211040,0.295161,-2.651527,-0.652637,1.792398,-1.651781,-1.493341,3.491494,0.732161,-0.065816,0.030451,-0.009031,-0.000901,-0.002002,-0.111852,0.000107
9.671016,-0.936073,0.417536,-0.244493,0.526050,-0.889859,-0.511360,0.491902,-0.163460,-0.148644,0.293992,0.459169,-0.473334,-0.210609,0.295236,-2.651590,-0.652607,1.792389,-1.651784,-1.493341,3.491375,0.732165,-0.065646,0.030689,-0.009903,-0.001198,-0.002205,-0.113310,0.001792
9.671982,-0.932447,0.417129,-0.244895,0.525357,-0.891076,-0.511529,0.491041,-0.154291,-0.151007,0.298310,0.462938,-0.472763,-0.210208,0.295265,-2.651655,-0.652573,1.792380,-1.651784,-1.493340,3.491260,0.732163,-0.065452,0.031263,-0.009392,-0.001561,-0.002705,-0.113572,0.000805
9.672995,-0.929435,0.418388,-0.242024,0.525101,-0.891320,-0.512964,0.491592,-0.146624,-0.152522,0.301240,0.466761,-0.472192,-0.209891,0.295248,-2.651722,-0.652543,1.792374,-1.651783,-1.493340,3.491145,0.732168,-0.066319,0.031235,-0.008270,-0.001012,-0.002084,-0.114556,0.002618
9.673995,-0.927766,0.418433,-0.241929,0.523673,-0.891105,-0.512808,0.491244,-0.140362,-0.153271,0.302847,0.470447,-0.471675,-0.209628,0.295197,-2.651789,-0.652516,1.792365,-1.651783,-1.493340,3.491030,0.732166,-0.066858,0.030428,-0.008716,-0.000911,-0.002496,-0.114345,0.001587
9.675039,-0.925644,0.414709,-0.238830,0.523793,-0.893913,-0.513070,0.492183,-0.133146,-0.152481,0.302268,0.475510,-0.471030,-0.209146,0.295039,-2.651922,-0.652452,1.792349,-1.651780,-1.493338,3.490793,0.732166,-0.066829,0.031826,-0.008335,-0.000002,-0.001179,-0.116714,0.000578
9.676145,-0.920262,0.415980,-0.237129,0.524142,-0.895197,-0.513733,0.491807,-0.133146,-0.152481,0.302268,0.475510,-0.471030,-0.209146,0.295039,-2.651922,-0.652452,1.792349,-1.651780,-1.493338,3.490793,0.732166,-0.066829,0.031826,-0.008335,-0.000002,-0.001179,-0.116714,0.000578
9.677050,-0.918000,0.414646,-0.235804,0.524405,-0.896671,-0.514805,0.491355,-0.130382,-0.153944,0.302762,0.476122,-0.470980,-0.208849,0.294954,-2.651994,-0.652422,1.792342,-1.651781,-1.493338,3.490672,0.732166,-0.068498,0.030965,-0.008124,-0.000480,-0.000606,-0.117420,0.001454
9.677965,-0.916315,0.413767,-0.234063,0.525349,-0.896539,-0.515209,0.491949,-0.124608,-0.157361,0.305754,0.477128,-0.470922,-0.208352,0.294888,-2.652063,-0.652389,1.792336,-1.651782,-1.493338,3.490556,0.732169,-0.068643,0.031392,-0.007912,-0.000875,0.000299,-0.117365,0.002428
9.679085,-0.915238,0.414586,-0.232870,0.523293,-0.898133,-0.518039,0.490838,-0.116088,-0.161669,0.310462,0.479218,-0.470778,-0.207723,0.294851,-2.652132,-0.652356,1.792328,-1.651785,-1.493340,3.490439,0.732168,-0.068514,0.031561,-0.007886,-0.001882,-0.000403,-0.118005,0.001307
9.680045,-0.912614,0.414914,-0.226607,0.522997,-0.898969,-0.520408,0.492064,-0.107693,-0.165803,0.315049,0.481492,-0.470643,-0.207165,0.294851,-2.652198,-0.652325,1.792323,-1.651782,-1.493338,3.490322,0.732173,-0.068070,0.030939,-0.007438,-0.000039,0.000487,-0.116584,0.003639
9.681076,-0.915405,0.410419,-0.226967,0.523147,-0.898393,-0.521877,0.490976,-0.101612,-0.169525,0.318707,0.482395,-0.470677,-0.206813,0.294890,-2.652268,-0.652295,1.792310,-1.651780,-1.493338,3.490208,0.732169,-0.068398,0.030559,-0.009592,0.000048,0.000705,-0.115356,0.001245
9.682055,-0.911228,0.412999,-0.227589,0.522441,-0.899153,-0.522540,0.492199,-0.098490,-0.174036,0.322036,0.480855,-0.470970,-0.206764,0.294955,-2.652329,-0.652259,1.792304,-1.651781,-1.493342,3.490091,0.732177,-0.066081,0.032548,-0.008403,-0.000235,-0.000494,-0.115155,0.003525
9.683033,-0.909398,0.412300,-0.225168,0.523589,-0.900176,-0.522354,0.491457,-0.100413,-0.178472,0.323425,0.476628,-0.471558,-0.207169,0.295031,-2.652399,-0.652232,1.792298,-1.651781,-1.493342,3.489974,0.732172,-0.067213,0.031047,-0.007164,0.000327,-0.000333,-0.115652,0.001140
9.683981,-0.910160,0.412544,-0.222930,0.522147,-0.899111,-0.522448,0.492083,-0.107024,-0.180442,0.321516,0.471227,-0.472299,-0.207902,0.295090,-2.652465,-0.652200,1.792290,-1.651785,-1.493338,3.489854,0.732179,-0.067175,0.031179,-0.007431,-0.000895,0.000033,-0.116986,0.002724
9.685101,-0.906770,0.413123,-0.222040,0.521746,-0.901003,-0.522518,0.492252,-0.116353,-0.179529,0.317078,0.465781,-0.473064,-0.208730,0.295109,-2.652528,-0.652171,1.792283,-1.651783,-1.493344,3.489735,0.732175,-0.065872,0.030836,-0.007632,0.000378,-0.001587,-0.117975,0.001546
9.686165,-0.905278,0.412542,-0.218528,0.521526,-0.902570,-0.523212,0.492134,-0.128561,-0.176147,0.310437,0.459688,-0.473919,-0.209580,0.295073,-2.652595,-0.652142,1.792278,-1.651783,-1.493339,3.489615,0.732176,-0.066605,0.030363,-0.007028,0.000600,-0.000420,-0.119317,0.001310
9.687015,-0.903785,0.411495,-0.216927,0.521241,-0.903454,-0.524612,0.493010,-0.142305,-0.171007,0.302579,0.452990,-0.474867,-0.210325,0.294976,-2.652661,-0.652111,1.792270,-1.651783,-1.493338,3.489492,0.732178,-0.066382,0.030449,-0.007763,0.000657,0.000468,-0.119899,0.001641
9.688007,-0.901444,0.412880,-0.214741,0.521778,-0.902414,-0.524317,0.491601,-0.155486,-0.165718,0.295255,0.445983,-0.475877,-0.210887,0.294823,-2.652728,-0.652080,1.792264,-1.651783,-1.493336,3.489369,0.732174,-0.066194,0.030731,-0.007732,0.000815,0.000794,-0.119368,-0.000041
9.689074,-0.901658,0.411456,-0.212311,0.522129,-0.903258,-0.524183,0.493133,-0.167140,-0.160778,0.289044,0.439173,-0.476876,-0.211268,0.294632,-2.652793,-0.652053,1.792253,-1.651785,-1.493339,3.489244,0.732184,-0.066428,0.029853,-0.007831,0.000171,-0.000861,-0.120816,0.002872
9.690064,-0.900081,0.411073,-0.209932,0.523719,-0.904194,-0.524445,0.492338,-0.176905,-0.155504,0.283579,0.433450,-0.477735,-0.211477,0.294416,-2.652857,-0.652023,1.792246,-1.651785,-1.493338,3.489122,0.732176,-0.065376,0.030373,-0.008023,-0.000322,-0.000678,-0.122244,-0.000122
9.691049,-0.896738,0.411729,-0.208613,0.523170,-0.905027,-0.525305,0.493140,-0.184818,-0.149830,0.278669,0.429241,-0.478387,-0.211575,0.294174,-2.652923,-0.651993,1.792237,-1.651790,-1.493341,3.488999,0.732181,-0.065217,0.030344,-0.008238,-0.001975,-0.000338,-0.123118,0.001580
9.691981,-0.894945,0.412756,-0.208850,0.523272,-0.905364,-0.525409,0.493079,-0.190216,-0.143894,0.274540,0.427042,-0.478784,-0.211580,0.293917,-2.652990,-0.651965,1.792230,-1.651790,-1.493343,3.488872,0.732176,-0.065942,0.029820,-0.007941,-0.001552,-0.000108,-0.123363,0.000054
9.693096,-0.893688,0.414736,-0.208967,0.521610,-0.905295,-0.525023,0.492799,-0.193324,-0.136868,0.270511,0.426982,-0.478939,-0.211508,0.293667,-2.653056,-0.651935,1.792225,-1.651791,-1.493341,3.488745,0.732177,-0.065889,0.029081,-0.006934,-0.001757,-0.000383,-0.124272,0.000269
9.694087,-0.895821,0.413120,-0.205285,0.522639,-0.905762,-0.523904,0.493457,-0.197141,-0.126836,0.264073,0.428154,-0.478988,-0.211487,0.293453,-2.653121,-0.651909,1.792220,-1.651788,-1.493343,3.488617,0.732180,-0.065561,0.027947,-0.005830,-0.000341,-0.001136,-0.126023,0.000923
9.694999,-0.890781,0.411872,-0.202085,0.521994,-0.907185,-0.523649,0.492848,-0.204884,-0.113132,0.253443,0.429083,-0.479098,-0.211646,0.293308,-2.653182,-0.651880,1.792210,-1.651791,-1.493343,3.488484,0.732178,-0.063592,0.028561,-0.006707,-0.001468,-0.001286,-0.128227,-0.000315
9.695999,-0.891103,0.411242,-0.198949,0.522586,-0.908071,-0.524076,0.493203,-0.214938,-0.098756,0.241170,0.429128,-0.479310,-0.211878,0.293241,-2.653251,-0.651849,1.792201,-1.651791,-1.493342,3.488354,0.732182,-0.065170,0.028949,-0.007399,-0.000933,-0.000431,-0.129424,0.000994
9.697063,-0.890373,0.409231,-0.198181,0.523034,-0.908040,-0.525565,0.492641,-0.222856,-0.087384,0.231421,0.428707,-0.479556,-0.211924,0.293240,-2.653311,-0.651820,1.792192,-1.651793,-1.493342,3.488223,0.732179,-0.064106,0.029062,-0.007974,-0.001635,-0.000188,-0.130110,0.000365
9.698059,-0.889572,0.409463,-0.191858,0.524449,-0.908184,-0.527427,0.493054,-0.228146,-0.079672,0.224694,0.428030,-0.479826,-0.211796,0.293286,-2.653374,-0.651790,1.792186,-1.651795,-1.493344,3.488094,0.732182,-0.063549,0.029869,-0.007343,-0.002198,-0.000874,-0.129858,0.001587
9.698996,-0.888608,0.410441,-0.192972,0.522092,-0.909475,-0.529255,0.493625,-0.231460,-0.075177,0.220311,0.427547,-0.480059,-0.211605,0.293361,-2.653436,-0.651761,1.792175,-1.651801,-1.493345,3.487969,0.732182,-0.063055,0.029551,-0.009527,-0.003636,-0.001339,-0.129134,0.000833
9.699997,-0.882268,0.410334,-0.191321,0.523485,-0.910705,-0.532085,0.492819,-0.233491,-0.073123,0.217607,0.427276,-0.480240,-0.211405,0.293441,-2.653499,-0.651733,1.792171,-1.651797,-1.493345,3.487842,0.732180,-0.062627,0.028860,-0.008059,-0.001470,-0.000633,-0.128320,-0.000221
9.701114,-0.880840,0.410106,-0.188535,0.520429,-0.911477,-0.534537,0.493879,-0.235198,-0.071933,0.215212,0.427152,-0.480410,-0.211240,0.293511,-2.653569,-0.651705,1.792163,-1.651803,-1.493342,3.487716,0.732186,-0.064823,0.028726,-0.007917,-0.002914,-0.000058,-0.126627,0.001481
9.702113,-0.876511,0.410616,-0.186664,0.521850,-0.912058,-0.536614,0.493247,-0.235011,-0.071767,0.213850,0.427583,-0.480534,-0.211049,0.293562,-2.653634,-0.651676,1.792154,-1.651797,-1.493344,3.487593,0.732182,-0.064559,0.028662,-0.008228,-0.000120,0.000027,-0.125565,-0.000559
9.703071,-0.873441,0.410720,-0.187009,0.520010,-0.910985,-0.536756,0.493727,-0.231894,-0.073502,0.214619,0.428355,-0.480617,-0.210815,0.293598,-2.653700,-0.651649,1.792145,-1.651801,-1.493346,3.487469,0.732186,-0.065783,0.028226,-0.008176,-0.001649,-0.000005,-0.124648,0.000811
9.704041,-0.870691,0.411939,-0.187061,0.520248,-0.912330,-0.536687,0.493005,-0.225804,-0.076368,0.217111,0.429908,-0.480592,-0.210564,0.293630,-2.653767,-0.651623,1.792140,-1.651797,-1.493349,3.487342,0.732183,-0.066358,0.027999,-0.007090,-0.000008,-0.001671,-0.125582,-0.000074
9.705089,-0.871562,0.409822,-0.184130,0.521192,-0.911944,-0.535812,0.492794,-0.217960,-0.078528,0.219668,0.432586,-0.480425,-0.210332,0.293671,-2.653834,-0.651596,1.792136,-1.651797,-1.493346,3.487212,0.732190,-0.066773,0.027210,-0.006164,-0.000412,-0.000941,-0.126714,0.001455
9.706087,-0.870490,0.409089,-0.181605,0.518900,-0.912690,-0.536292,0.493537,-0.210467,-0.078828,0.220710,0.436093,-0.480148,-0.210182,0.293721,-2.653898,-0.651567,1.792128,-1.651803,-1.493350,3.487076,0.732193,-0.065393,0.028090,-0.006622,-0.001385,-0.001958,-0.128773,0.001947
9.706959,-0.866926,0.409764,-0.181028,0.520413,-0.913792,-0.538043,0.492930,-0.204816,-0.078453,0.220470,0.439195,-0.479878,-0.210155,0.293768,-2.653961,-0.651538,1.792121,-1.651800,-1.493350,3.486945,0.732188,-0.065023,0.028250,-0.006927,0.000704,-0.001835,-0.129392,0.000552
9.708010,-0.865873,0.411325,-0.175624,0.520006,-0.915608,-0.538149,0.493504,-0.201273,-0.078544,0.219704,0.441001,-0.479704,-0.210202,0.293799,-2.654031,-0.651511,1.792117,-1.651802,-1.493351,3.486819,0.732192,-0.065841,0.027714,-0.006390,-0.000927,-0.001268,-0.128528,0.001855
9.709014,-0.864392,0.407603,-0.176034,0.517823,-0.915894,-0.540237,0.493014,-0.198046,-0.078557,0.218991,0.442790,-0.479478,-0.210144,0.293814,-2.654098,-0.651487,1.792105,-1.651803,-1.493348,3.486687,0.732190,-0.065381,0.026794,-0.008052,-0.000621,-0.000131,-0.129645,0.000782
9.710114,-0.861436,0.405816,-0.174370,0.518762,-0.917771,-0.541547,0.494084,-0.194875,-0.079164,0.218987,0.444173,-0.479253,-0.209917,0.293817,-2.654162,-0.651456,1.792101,-1.651800,-1.493347,3.486559,0.732195,-0.065198,0.028455,-0.006883,0.001340,-0.000508,-0.128674,0.001854
9.711160,-0.859056,0.405452,-0.174634,0.517307,-0.918093,-0.544397,0.493984,-0.192611,-0.082225,0.220284,0.443646,-0.479229,-0.209614,0.293799,-2.654229,-0.651427,1.792094,-1.651802,-1.493346,3.486431,0.732191,-0.065710,0.029162,-0.006681,0.000254,0.000683,-0.128698,-0.000203
9.712025,-0.853406,0.409766,-0.173482,0.516590,-0.918923,-0.544838,0.494101,-0.190978,-0.087866,0.222782,0.441590,-0.479393,-0.209295,0.293737,-2.654295,-0.651400,1.792090,-1.651799,-1.493347,3.486307,0.732193,-0.065940,0.029161,-0.005566,0.001520,0.000348,-0.127076,0.000107
9.712975,-0.852359,0.412601,-0.173170,0.517111,-0.917635,-0.545636,0.494129,-0.189763,-0.093753,0.225193,0.439206,-0.479633,-0.208944,0.293626,-2.654368,-0.651378,1.792085,-1.651798,-1.493344,3.486179,0.732193,-0.067765,0.026846,-0.005340,0.002054,0.000611,-0.127530,-0.000055
9.714083,-0.852309,0.409860,-0.169121,0.516821,-0.919425,-0.545352,0.493510,-0.188982,-0.096067,0.225437,0.438236,-0.479757,-0.208506,0.293476,-2.654435,-0.651356,1.792082,-1.651798,-1.493347,3.486050,0.732192,-0.067312,0.025311,-0.004610,0.001394,-0.001265,-0.127762,-0.000023
9.714964,-0.847230,0.413596,-0.166166,0.517003,-0.920549,-0.544811,0.494128,-0.189379,-0.093566,0.222568,0.439143,-0.479692,-0.208058,0.293318,-2.654499,-0.651327,1.792074,-1.651796,-1.493347,3.485917,0.732196,-0.066389,0.026525,-0.005583,0.001477,-0.000143,-0.129365,0.001312
9.716036,-0.842192,0.409505,-0.162843,0.516521,-0.919767,-0.546592,0.493203,-0.189803,-0.088696,0.218679,0.441278,-0.479479,-0.207595,0.293181,-2.654570,-0.651309,1.792067,-1.651798,-1.493347,3.485780,0.732193,-0.067956,0.024539,-0.006206,0.001195,0.000424,-0.130755,0.000142
9.717090,-0.843586,0.411349,-0.161439,0.515227,-0.920955,-0.547392,0.494324,-0.185507,-0.084748,0.217914,0.445188,-0.479024,-0.206860,0.293069,-2.654641,-0.651279,1.792059,-1.651796,-1.493350,3.485652,0.732197,-0.069459,0.026419,-0.006828,0.001490,-0.001026,-0.130225,0.002100
9.718087,-0.842495,0.407714,-0.161530,0.515671,-0.921950,-0.549116,0.494407,-0.175694,-0.083839,0.221835,0.450110,-0.478395,-0.205836,0.292983,-2.654707,-0.651257,1.792053,-1.651791,-1.493345,3.485522,0.732193,-0.067769,0.025366,-0.006523,0.002492,-0.000528,-0.130656,-0.000070
9.718953,-0.841944,0.410625,-0.157861,0.514096,-0.922841,-0.550683,0.494578,-0.166108,-0.085024,0.227192,0.453736,-0.477896,-0.204863,0.292927,-2.654775,-0.651227,1.792051,-1.651790,-1.493344,3.485392,0.732193,-0.067356,0.026995,-0.005573,0.001866,-0.000171,-0.130034,-0.000128
9.720001,-0.841327,0.411915,-0.155543,0.515846,-0.924112,-0.552461,0.494772,-0.160982,-0.086779,0.231107,0.454834,-0.477709,-0.204158,0.292918,-2.654840,-0.651205,1.792044,-1.651784,-1.493347,3.485262,0.732193,-0.066708,0.025378,-0.006579,0.003188,0.000203,-0.129337,-0.000393
9.721015,-0.837223,0.409012,-0.158116,0.515171,-0.922373,-0.555511,0.493962,-0.160962,-0.087596,0.232528,0.453831,-0.477786,-0.203695,0.292974,-2.654905,-0.651181,1.792038,-1.651788,-1.493345,3.485134,0.732195,-0.066072,0.024598,-0.006737,0.001340,0.000796,-0.128778,-0.000700
9.722040,-0.837094,0.411422,-0.154655,0.515683,-0.923993,-0.557467,0.494510,-0.165139,-0.086127,0.230885,0.452237,-0.477946,-0.203415,0.293092,-2.654975,-0.651151,1.792037,-1.651786,-1.493351,3.485015,0.732199,-0.067137,0.025864,-0.004520,0.001843,-0.001554,-0.126929,0.001015
9.723135,-0.834771,0.408750,-0.153710,0.515265,-0.924883,-0.559140,0.493584,-0.172268,-0.082467,0.226432,0.450955,-0.478078,-0.203320,0.293261,-2.655038,-0.651130,1.792029,-1.651785,-1.493349,3.484892,0.732197,-0.066262,0.024529,-0.005290,0.001130,-0.000559,-0.126195,-0.000006
9.723983,-0.832580,0.410328,-0.151435,0.516491,-0.926376,-0.559662,0.494105,-0.181630,-0.077334,0.219916,0.449821,-0.478181,-0.203413,0.293466,-2.655104,-0.651101,1.792023,-1.651782,-1.493349,3.484764,0.732201,-0.066469,0.025704,-0.004714,0.001338,-0.000374,-0.125837,0.001955
9.725020,-0.829348,0.409873,-0.152236,0.515366,-0.927779,-0.559724,0.493988,-0.191490,-0.071898,0.212857,0.448957,-0.478231,-0.203625,0.293686,-2.655170,-0.651079,1.792017,-1.651784,-1.493346,3.484639,0.732198,-0.066637,0.024763,-0.005039,0.000008,0.000571,-0.126187,0.000970
9.726078,-0.830583,0.409306,-0.146135,0.515681,-0.926567,-0.561023,0.493687,-0.200284,-0.066303,0.206030,0.448870,-0.478193,-0.203863,0.293896,-2.655239,-0.651054,1.792017,-1.651782,-1.493344,3.484509,0.732200,-0.067274,0.024856,-0.003710,0.000945,0.001297,-0.127318,0.001304
9.727053,-0.828403,0.407342,-0.144021,0.515189,-0.927825,-0.561120,0.494198,-0.208115,-0.060925,0.199742,0.448969,-0.478155,-0.204126,0.294091,-2.655301,-0.651029,1.792006,-1.651783,-1.493347,3.484380,0.732204,-0.065717,0.024994,-0.005734,0.000491,-0.000576,-0.127247,0.001988
9.728034,-0.826549,0.409352,-0.143185,0.515441,-0.928153,-0.562201,0.493953,-0.214850,-0.057854,0.195511,0.448082,-0.478226,-0.204422,0.294269,-2.655368,-0.651003,1.792002,-1.651782,-1.493344,3.484250,0.732200,-0.065874,0.025810,-0.005866,0.000803,0.000063,-0.128229,0.001051
9.729027,-0.823726,0.407412,-0.142875,0.513905,-0.928427,-0.562796,0.494257,-0.220188,-0.057511,0.193772,0.446137,-0.478418,-0.204692,0.294424,-2.655434,-0.650979,1.791998,-1.651783,-1.493346,3.484121,0.732202,-0.065842,0.024647,-0.005376,0.000435,-0.000220,-0.128229,0.001638
9.730030,-0.820283,0.409901,-0.142631,0.514124,-0.930190,-0.564836,0.494531,-0.224943,-0.058304,0.193101,0.443472,-0.478733,-0.204892,0.294551,-2.655500,-0.650950,1.791995,-1.651778,-1.493347,3.483987,0.732204,-0.066309,0.025437,-0.004611,0.001706,-0.000555,-0.128722,0.001097
9.731019,-0.818717,0.409802,-0.141582,0.514519,-0.930244,-0.565496,0.495301,-0.229757,-0.059039,0.192372,0.440260,-0.479176,-0.204974,0.294643,-2.655569,-0.650928,1.791991,-1.651779,-1.493345,3.483860,0.732203,-0.067047,0.024054,-0.003806,0.001356,0.000569,-0.127812,0.000646
9.732022,-0.817550,0.407236,-0.136971,0.514865,-0.929422,-0.567162,0.494832,-0.234742,-0.058225,0.190537,0.437361,-0.479652,-0.204881,0.294689,-2.655637,-0.650903,1.791989,-1.651781,-1.493346,3.483732,0.732199,-0.066857,0.023956,-0.003440,0.000858,-0.000009,-0.128278,-0.000802
9.733012,-0.816299,0.406834,-0.137802,0.516216,-0.930449,-0.569724,0.495401,-0.239051,-0.056448,0.188288,0.435307,-0.480057,-0.204575,0.294694,-2.655702,-0.650875,1.791981,-1.651782,-1.493347,3.483607,0.732202,-0.066496,0.025073,-0.004784,0.000376,-0.001456,-0.127758,0.000237
9.733981,-0.811347,0.404451,-0.133187,0.515312,-0.930829,-0.570876,0.495217,-0.241746,-0.055695,0.187128,0.434063,-0.480342,-0.204112,0.294668,-2.655768,-0.650850,1.791979,-1.651784,-1.493346,3.483481,0.732202,-0.066176,0.025102,-0.003452,-0.001086,-0.001040,-0.126312,-0.000831
9.735090,-0.807778,0.404818,-0.134038,0.516139,-0.931213,-0.573115,0.494659,-0.241659,-0.057160,0.188165,0.433839,-0.480466,-0.203541,0.294613,-2.655838,-0.650825,1.791973,-1.651782,-1.493347,3.483356,0.732204,-0.067677,0.026147,-0.004865,-0.000347,-0.001268,-0.126264,-0.000369
9.736016,-0.802521,0.400281,-0.127962,0.515249,-0.930192,-0.572382,0.495236,-0.236442,-0.062108,0.193178,0.434951,-0.480382,-0.202802,0.294540,-2.655908,-0.650800,1.791973,-1.651784,-1.493350,3.483229,0.732207,-0.068433,0.025825,-0.003437,-0.001324,-0.001558,-0.125363,0.000840
9.737035,-0.798382,0.402640,-0.131583,0.515520,-0.932445,-0.573883,0.494346,-0.223632,-0.072021,0.204163,0.437676,-0.480028,-0.201813,0.294454,-2.655981,-0.650768,1.791964,-1.651781,-1.493352,3.483099,0.732205,-0.070047,0.027862,-0.005591,-0.000618,-0.003149,-0.127099,-0.000247
9.738049,-0.798638,0.406039,-0.131562,0.516326,-0.931908,-0.574469,0.495111,-0.202477,-0.087337,0.221729,0.441973,-0.479407,-0.200542,0.294354,-2.656054,-0.650746,1.791968,-1.651783,-1.493349,3.482972,0.732206,-0.071072,0.026532,-0.002887,-0.001007,-0.001541,-0.126753,0.001650
9.739024,-0.794592,0.406307,-0.128691,0.514703,-0.933674,-0.575792,0.494436,-0.178601,-0.102386,0.239938,0.447976,-0.478583,-0.199258,0.294257,-2.656122,-0.650724,1.791967,-1.651785,-1.493351,3.482839,0.732203,-0.069955,0.024722,-0.002011,-0.001913,-0.002722,-0.127302,0.000189
9.739975,-0.792522,0.404968,-0.123888,0.514505,-0.933265,-0.577842,0.494394,-0.158393,-0.111770,0.252852,0.455190,-0.477661,-0.198251,0.294185,-2.656195,-0.650699,1.791964,-1.651782,-1.493348,3.482713,0.732208,-0.070965,0.024443,-0.002566,-0.000503,-0.001571,-0.127072,0.001634
9.740975,-0.790171,0.406023,-0.127216,0.514726,-0.934496,-0.579195,0.494889,-0.141279,-0.118015,0.262572,0.462119,-0.476775,-0.197459,0.294136,-2.656266,-0.650672,1.791957,-1.651781,-1.493349,3.482588,0.732210,-0.070984,0.024934,-0.004061,-0.000478,-0.002591,-0.126070,0.001784
9.742037,-0.790130,0.408311,-0.123062,0.512136,-0.935892,-0.579403,0.495169,-0.126269,-0.123501,0.271024,0.468023,-0.476000,-0.196836,0.294082,-2.656339,-0.650648,1.791963,-1.651783,-1.493348,3.482463,0.732207,-0.071130,0.024257,-0.001543,-0.000815,-0.001981,-0.125873,0.000881
9.743090,-0.787423,0.405602,-0.125443,0.514767,-0.937368,-0.579386,0.495427,-0.116721,-0.126409,0.275631,0.472114,-0.475474,-0.196522,0.294007,-2.656408,-0.650626,1.791957,-1.651777,-1.493349,3.482336,0.732208,-0.070141,0.023003,-0.002649,0.001503,-0.001245,-0.126937,0.000416
9.743988,-0.784845,0.407338,-0.124031,0.513846,-0.937591,-0.580035,0.494897,-0.114631,-0.125785,0.274973,0.473802,-0.475292,-0.196576,0.293905,-2.656479,-0.650599,1.791958,-1.651783,-1.493351,3.482204,0.732208,-0.070497,0.024212,-0.000513,-0.001202,-0.000408,-0.128163,-0.000006
9.744992,-0.784956,0.407393,-0.119345,0.513089,-0.937753,-0.580465,0.495282,-0.118007,-0.122081,0.269940,0.474433,-0.475287,-0.196899,0.293762,-2.656550,-0.650578,1.791958,-1.651783,-1.493351,3.482076,0.732212,-0.070787,0.023201,-0.000459,-0.000382,-0.000767,-0.128445,0.001135
9.746115,-0.781537,0.404759,-0.120492,0.513557,-0.939294,-0.582120,0.495786,-0.124936,-0.116340,0.262076,0.474457,-0.475373,-0.197384,0.293582,-2.656616,-0.650555,1.791954,-1.651781,-1.493352,3.481947,0.732210,-0.069765,0.023057,-0.001884,0.000178,-0.001226,-0.129151,0.000443
9.747075,-0.778442,0.405951,-0.114055,0.513196,-0.939094,-0.582430,0.495921,-0.134204,-0.110687,0.253359,0.473133,-0.475611,-0.197994,0.293377,-2.656687,-0.650527,1.791957,-1.651783,-1.493350,3.481816,0.732206,-0.070463,0.024220,-0.000333,-0.000428,-0.000393,-0.128829,-0.000452
9.747988,-0.776311,0.404937,-0.112828,0.512820,-0.939984,-0.582540,0.495310,-0.142729,-0.107286,0.246319,0.471037,-0.475922,-0.198619,0.293154,-2.656759,-0.650506,1.791952,-1.651783,-1.493353,3.481681,0.732206,-0.070999,0.023493,-0.002683,-0.000204,-0.001189,-0.129548,-0.000629
9.749007,-0.776745,0.405701,-0.108574,0.513140,-0.941132,-0.583588,0.496266,-0.147259,-0.107630,0.243402,0.468905,-0.476191,-0.199075,0.292941,-2.656830,-0.650482,1.791950,-1.651781,-1.493351,3.481546,0.732208,-0.071060,0.023854,-0.002445,-0.000008,-0.000878,-0.130365,0.000681
9.750006,-0.773743,0.408130,-0.106329,0.512125,-0.940296,-0.583714,0.496191,-0.148377,-0.111409,0.244314,0.466495,-0.476443,-0.199383,0.292759,-2.656897,-0.650459,1.791944,-1.651783,-1.493349,3.481416,0.732207,-0.069860,0.023346,-0.003615,-0.000445,-0.000392,-0.130465,-0.001166
9.751096,-0.770789,0.406886,-0.107130,0.513170,-0.940849,-0.584589,0.495614,-0.148463,-0.116670,0.246965,0.463553,-0.476729,-0.199645,0.292608,-2.656968,-0.650441,1.791940,-1.651781,-1.493352,3.481284,0.732207,-0.070369,0.022047,-0.003801,0.000397,-0.001845,-0.131452,-0.000905
9.752020,-0.768473,0.408232,-0.102079,0.512722,-0.942441,-0.584573,0.496434,-0.148185,-0.121412,0.249850,0.460784,-0.476985,-0.199834,0.292499,-2.657040,-0.650418,1.791941,-1.651783,-1.493353,3.481150,0.732211,-0.070814,0.022580,-0.002438,-0.000781,-0.001957,-0.131840,0.000339
9.753009,-0.765526,0.407137,-0.104548,0.512280,-0.944059,-0.583900,0.495492,-0.146622,-0.125185,0.252930,0.459065,-0.477118,-0.199850,0.292431,-2.657111,-0.650399,1.791935,-1.651783,-1.493350,3.481016,0.732207,-0.070970,0.021804,-0.004112,-0.000469,-0.000966,-0.132815,-0.001233
9.753955,-0.766720,0.406106,-0.100457,0.511162,-0.944718,-0.585247,0.495742,-0.143427,-0.128439,0.256596,0.458197,-0.477166,-0.199618,0.292395,-2.657183,-0.650377,1.791936,-1.651783,-1.493349,3.480875,0.732214,-0.071430,0.022241,-0.001986,-0.000181,0.000028,-0.134527,0.000750
9.755067,-0.765111,0.408891,-0.101463,0.512307,-0.944367,-0.585086,0.496145,-0.140873,-0.131382,0.259934,0.456656,-0.477341,-0.199255,0.292392,-2.657248,-0.650352,1.791933,-1.651781,-1.493349,3.480741,0.732213,-0.069876,0.022602,-0.003198,0.000757,0.000074,-0.134154,0.000313
9.756016,-0.764558,0.407981,-0.098955,0.511847,-0.945451,-0.587075,0.496453,-0.141956,-0.132950,0.260977,0.453549,-0.477764,-0.198967,0.292410,-2.657317,-0.650333,1.791935,-1.651783,-1.493351,3.480607,0.732211,-0.069691,0.021123,-0.001716,-0.000535,-0.000962,-0.135641,-0.000391
9.757002,-0.760201,0.404916,-0.096522,0.511921,-0.945226,-0.589496,0.496650,-0.147828,-0.131105,0.257974,0.449665,-0.478347,-0.198851,0.292418,-2.657384,-0.650312,1.791929,-1.651783,-1.493350,3.480474,0.732211,-0.069005,0.021491,-0.002084,-0.000203,-0.000466,-0.134629,-0.000917
9.758068,-0.757769,0.406947,-0.094727,0.512907,-0.946888,-0.591641,0.495704,-0.155983,-0.127730,0.253069,0.445467,-0.479007,-0.198862,0.292401,-2.657457,-0.650287,1.791926,-1.651785,-1.493353,3.480345,0.732211,-0.070172,0.022874,-0.002391,-0.000379,-0.001301,-0.133307,-0.001224
9.759006,-0.759588,0.404953,-0.091714,0.511047,-0.948078,-0.593127,0.496417,-0.161936,-0.125932,0.250000,0.441734,-0.479608,-0.198868,0.292361,-2.657527,-0.650267,1.791924,-1.651787,-1.493351,3.480211,0.732218,-0.070375,0.021752,-0.002331,-0.001477,-0.000307,-0.132386,0.000761
9.759969,-0.757729,0.406968,-0.089330,0.511393,-0.948003,-0.594103,0.495743,-0.165934,-0.125529,0.248561,0.438397,-0.480158,-0.198939,0.292315,-2.657591,-0.650242,1.791923,-1.651783,-1.493351,3.480080,0.732213,-0.068480,0.022650,-0.002748,0.000110,0.000116,-0.132315,-0.000581
9.761024,-0.752284,0.406126,-0.086358,0.511374,-0.949791,-0.594983,0.496211,-0.171623,-0.125638,0.246750,0.433771,-0.480867,-0.199266,0.292287,-2.657659,-0.650222,1.791922,-1.651785,-1.493354,3.479947,0.732215,-0.068392,0.021582,-0.002719,-0.000432,-0.000790,-0.132953,0.000893
9.762035,-0.750528,0.406139,-0.084291,0.511609,-0.950150,-0.595740,0.496179,-0.177900,-0.126008,0.244901,0.428498,-0.481638,-0.199718,0.292284,-2.657733,-0.650199,1.791920,-1.651786,-1.493354,3.479810,0.732214,-0.070008,0.021973,-0.002851,-0.000609,0.000089,-0.133893,0.000057
9.763033,-0.746848,0.404064,-0.086019,0.509959,-0.951265,-0.597607,0.495878,-0.180857,-0.127218,0.244941,0.424433,-0.482232,-0.200013,0.292296,-2.657802,-0.650179,1.791919,-1.651789,-1.493355,3.479674,0.732215,-0.069812,0.021929,-0.002607,-0.001028,-0.000456,-0.134849,0.000237
9.764096,-0.745083,0.408118,-0.081053,0.510244,-0.951971,-0.598302,0.496003,-0.180735,-0.129412,0.246638,0.421451,-0.482678,-0.200159,0.292324,-2.657873,-0.650155,1.791923,-1.651785,-1.493352,3.479539,0.732217,-0.070583,0.022899,-0.000513,0.000334,-0.000234,-0.134651,0.000948
9.764951,-0.743072,0.411321,-0.078736,0.509747,-0.954117,-0.598319,0.495454,-0.179892,-0.131342,0.248163,0.418872,-0.483081,-0.200262,0.292387,-2.657944,-0.650138,1.791918,-1.651786,-1.493353,3.479396,0.732217,-0.070363,0.020869,-0.001638,-0.000190,-0.000463,-0.135774,0.000808
9.765975,-0.740141,0.410107,-0.077692,0.509852,-0.953717,-0.600028,0.496318,-0.179420,-0.130738,0.248037,0.417098,-0.483400,-0.200268,0.292490,-2.658014,-0.650122,1.791917,-1.651788,-1.493352,3.479259,0.732220,-0.070337,0.019262,-0.001702,0.000149,0.000937,-0.137069,0.002004
9.767046,-0.741333,0.409124,-0.075333,0.508799,-0.954330,-0.603171,0.495683,-0.179737,-0.126460,0.245629,0.416532,-0.483593,-0.200135,0.292620,-2.658087,-0.650101,1.791919,-1.651790,-1.493353,3.479119,0.732217,-0.070701,0.019850,-0.000949,-0.000137,-0.000383,-0.137065,0.000374
9.768013,-0.735969,0.409750,-0.074330,0.508974,-0.956159,-0.604317,0.495559,-0.182113,-0.119799,0.241010,0.416202,-0.483765,-0.200032,0.292769,-2.658153,-0.650079,1.791919,-1.651787,-1.493353,3.478981,0.732221,-0.069052,0.020304,-0.000788,0.000606,-0.000697,-0.135763,0.001779
9.769005,-0.736432,0.406305,-0.072774,0.509672,-0.956507,-0.605458,0.496052,-0.187473,-0.112204,0.234500,0.415124,-0.484026,-0.200116,0.292930,-2.658227,-0.650059,1.791922,-1.651788,-1.493356,3.478847,0.732222,-0.070654,0.019955,-0.000112,0.000230,0.000318,-0.136248,0.002118
9.770026,-0.731686,0.409827,-0.070740,0.508886,-0.958478,-0.604517,0.496083,-0.194284,-0.104838,0.227281,0.413756,-0.484323,-0.200344,0.293069,-2.658293,-0.650035,1.791924,-1.651790,-1.493355,3.478706,0.732220,-0.069377,0.021611,0.000327,-0.000661,-0.000227,-0.136739,0.001239
9.770996,-0.726219,0.408473,-0.068467,0.508204,-0.958678,-0.605506,0.496612,-0.206024,-0.092503,0.214269,0.412690,-0.484764,-0.200813,0.293184,-2.658442,-0.649998,1.791924,-1.651790,-1.493356,3.478419,0.732216,-0.072278,0.020498,0.000669,0.000363,0.000192,-0.139950,0.000355
9.772087,-0.729031,0.408989,-0.066357,0.509983,-0.959833,-0.606402,0.496201,-0.206024,-0.092503,0.214269,0.412690,-0.484764,-0.200813,0.293184,-2.658442,-0.649998,1.791924,-1.651790,-1.493356,3.478419,0.732216,-0.072278,0.020498,0.000669,0.000363,0.000192,-0.139950,0.000355
9.773109,-0.724190,0.407933,-0.066112,0.506215,-0.960498,-0.606014,0.497130,-0.207958,-0.087737,0.210099,0.414086,-0.484788,-0.200839,0.293169,-2.658508,-0.649979,1.791926,-1.651796,-1.493355,3.478272,0.732220,-0.069795,0.020230,0.000965,-0.001542,0.000384,-0.140903,0.001300
9.774106,-0.722882,0.410716,-0.060770,0.507440,-0.962056,-0.607910,0.496486,-0.210529,-0.083265,0.205673,0.415566,-0.484824,-0.200978,0.293124,-2.658581,-0.649957,1.791932,-1.651789,-1.493356,3.478128,0.732217,-0.071148,0.020717,0.002064,0.001878,0.000162,-0.142994,-0.000455
9.775175,-0.718930,0.412622,-0.058634,0.507940,-0.962833,-0.609666,0.496741,-0.215103,-0.079183,0.200619,0.415807,-0.485019,-0.201271,0.293069,-2.658650,-0.649938,1.791930,-1.651791,-1.493356,3.477985,0.732220,-0.070722,0.019296,0.000641,0.000423,0.000852,-0.142709,0.000961
9.776064,-0.718400,0.412261,-0.055169,0.506859,-0.963187,-0.612266,0.497364,-0.219491,-0.074919,0.195718,0.416201,-0.485184,-0.201557,0.293013,-2.658724,-0.649921,1.791932,-1.651793,-1.493357,3.477842,0.732219,-0.071589,0.018364,0.000910,-0.000279,0.000690,-0.142772,0.000556
9.777051,-0.715364,0.407085,-0.053245,0.506981,-0.964619,-0.614221,0.496567,-0.222799,-0.069776,0.190962,0.417898,-0.485164,-0.201812,0.292958,-2.658792,-0.649904,1.791932,-1.651791,-1.493357,3.477704,0.732218,-0.070823,0.018538,0.000285,0.000573,0.000259,-0.141554,-0.000592
9.777974,-0.711483,0.410271,-0.049847,0.507748,-0.963959,-0.613831,0.497969,-0.225233,-0.066301,0.187642,0.419552,-0.485104,-0.202136,0.292913,-2.658864,-0.649877,1.791934,-1.651793,-1.493355,3.477564,0.732223,-0.071263,0.021043,0.000546,0.000252,0.000808,-0.141236,0.001118
9.779122,-0.714082,0.410943,-0.046471,0.506485,-0.964694,-0.614452,0.497352,-0.225034,-0.066869,0.187746,0.421056,-0.485005,-0.202466,0.292874,-2.658936,-0.649864,1.791932,-1.651795,-1.493357,3.477420,0.732217,-0.072134,0.019443,0.000014,-0.000678,-0.000661,-0.143086,-0.001603
9.780012,-0.710614,0.411533,-0.040411,0.506931,-0.966592,-0.615906,0.497745,-0.222897,-0.069550,0.189927,0.423027,-0.484798,-0.202740,0.292827,-2.659000,-0.649846,1.791932,-1.651791,-1.493358,3.477275,0.732221,-0.069778,0.019143,-0.000226,0.000252,-0.000917,-0.144462,-0.000218
9.780989,-0.708363,0.408346,-0.039965,0.508197,-0.966375,-0.615818,0.497345,-0.221795,-0.072494,0.192075,0.424545,-0.484598,-0.203051,0.292782,-2.659073,-0.649828,1.791928,-1.651791,-1.493356,3.477128,0.732221,-0.070464,0.018828,-0.002106,-0.000413,0.000187,-0.144337,-0.000924
9.782005,-0.706765,0.411691,-0.037140,0.506066,-0.966354,-0.616122,0.497673,-0.220094,-0.076863,0.195558,0.425914,-0.484364,-0.203347,0.292724,-2.659142,-0.649806,1.791930,-1.651795,-1.493357,3.476982,0.732225,-0.070529,0.020379,-0.001099,-0.001818,-0.000896,-0.146008,-0.000017
9.783219,-0.705670,0.411547,-0.033307,0.505224,-0.967564,-0.617350,0.498543,-0.216918,-0.082564,0.200480,0.427716,-0.484036,-0.203596,0.292630,-2.659212,-0.649791,1.791930,-1.651791,-1.493361,3.476834,0.732226,-0.070262,0.018706,-0.001247,0.000019,-0.001778,-0.147352,-0.000576
9.783977,-0.705630,0.412501,-0.031399,0.506280,-0.968394,-0.618647,0.497119,-0.215248,-0.087858,0.204605,0.428697,-0.483779,-0.203905,0.292499,-2.659279,-0.649772,1.791927,-1.651790,-1.493361,3.476682,0.732219,-0.069729,0.018828,-0.001607,0.000527,-0.001624,-0.148245,-0.002166
9.785154,-0.708637,0.413644,-0.030972,0.506034,-0.970004,-0.618079,0.498458,-0.217037,-0.091667,0.206546,0.428158,-0.483693,-0.204376,0.292345,-2.659347,-0.649754,1.791925,-1.651791,-1.493360,3.476534,0.732225,-0.068756,0.018284,-0.001584,-0.000677,-0.001467,-0.147944,0.000788
9.786066,-0.702183,0.416431,-0.025266,0.505604,-0.969609,-0.619727,0.497240,-0.225208,-0.091815,0.203588,0.426198,-0.483807,-0.205211,0.292189,-2.659408,-0.649737,1.791927,-1.651789,-1.493360,3.476377,0.732219,-0.066234,0.017760,-0.000330,-0.000742,-0.000897,-0.150539,-0.001789
9.786958,-0.699481,0.413603,-0.024343,0.505738,-0.972338,-0.619309,0.497905,-0.240315,-0.086952,0.194714,0.423286,-0.484074,-0.206384,0.292042,-2.659480,-0.649724,1.791923,-1.651789,-1.493362,3.476228,0.732225,-0.068434,0.016401,-0.002017,-0.000536,-0.002091,-0.150250,0.000776
9.787993,-0.699365,0.412200,-0.021502,0.505285,-0.973732,-0.620145,0.497783,-0.255950,-0.080025,0.184590,0.420856,-0.484294,-0.207468,0.291902,-2.659550,-0.649702,1.791921,-1.651790,-1.493356,3.476071,0.732222,-0.068735,0.017767,-0.001319,-0.000835,-0.000176,-0.151977,-0.000480
9.789054,-0.696288,0.416245,-0.020849,0.503205,-0.973358,-0.620182,0.497444,-0.268358,-0.074644,0.176869,0.418944,-0.484484,-0.208277,0.291770,-2.659617,-0.649684,1.791920,-1.651790,-1.493357,3.475918,0.732222,-0.067742,0.018456,-0.001425,-0.000616,0.000305,-0.152802,-0.000107
9.789996,-0.694402,0.416801,-0.014712,0.504797,-0.973729,-0.621061,0.497762,-0.279972,-0.070635,0.170345,0.416242,-0.484832,-0.208952,0.291668,-2.659685,-0.649672,1.791921,-1.651785,-1.493361,3.475760,0.732225,-0.068235,0.016487,-0.000423,0.001118,-0.000983,-0.154473,0.000685
9.791062,-0.694646,0.416182,-0.014345,0.504717,-0.975025,-0.623108,0.497680,-0.291431,-0.066105,0.163813,0.413137,-0.485258,-0.209474,0.291610,-2.659753,-0.649656,1.791915,-1.651789,-1.493360,3.475604,0.732223,-0.068142,0.016236,-0.002270,-0.000637,-0.001440,-0.155004,0.000146
9.792009,-0.689641,0.415899,-0.013261,0.503822,-0.976117,-0.624034,0.497453,-0.301582,-0.060801,0.157631,0.410730,-0.485580,-0.209828,0.291584,-2.659817,-0.649640,1.791914,-1.651791,-1.493359,3.475450,0.732225,-0.066997,0.016584,-0.001069,-0.000750,-0.001086,-0.154691,0.000430
9.793017,-0.691724,0.414153,-0.011995,0.503745,-0.976926,-0.625114,0.498177,-0.310946,-0.055199,0.151625,0.408865,-0.485851,-0.210155,0.291578,-2.659890,-0.649622,1.791915,-1.651790,-1.493360,3.475295,0.732229,-0.068441,0.016715,-0.000443,-0.000068,-0.000821,-0.155210,0.000977
9.794070,-0.691337,0.417803,-0.008087,0.502900,-0.978190,-0.625559,0.497652,-0.320661,-0.049843,0.145425,0.406663,-0.486223,-0.210592,0.291582,-2.659952,-0.649603,1.791917,-1.651789,-1.493361,3.475138,0.732225,-0.066389,0.017572,0.000166,-0.000267,-0.000895,-0.155707,-0.000364
9.795007,-0.683349,0.414660,-0.008623,0.502619,-0.979382,-0.623990,0.497897,-0.333273,-0.044180,0.137645,0.403075,-0.486834,-0.211309,0.291589,-2.660016,-0.649590,1.791915,-1.651788,-1.493361,3.474982,0.732228,-0.065589,0.015789,-0.000456,0.000331,-0.000546,-0.156968,0.000815
9.795984,-0.683510,0.415415,-0.006828,0.503380,-0.979889,-0.624124,0.498062,-0.347684,-0.038124,0.128843,0.398507,-0.487620,-0.212185,0.291595,-2.660092,-0.649569,1.791917,-1.651788,-1.493361,3.474815,0.732228,-0.068500,0.017348,0.000978,0.000388,-0.000179,-0.159890,0.000416
9.797105,-0.680200,0.417303,-0.003879,0.502192,-0.981536,-0.623875,0.499020,-0.359108,-0.033151,0.121859,0.394736,-0.488343,-0.212882,0.291594,-2.660157,-0.649553,1.791919,-1.651790,-1.493361,3.474650,0.732226,-0.067377,0.016955,0.001276,-0.000559,-0.000539,-0.161195,0.000203
9.797987,-0.674298,0.412112,-0.004782,0.501589,-0.982520,-0.623421,0.498002,-0.367211,-0.028809,0.116569,0.392365,-0.488912,-0.213315,0.291590,-2.660228,-0.649537,1.791919,-1.651788,-1.493360,3.474482,0.732223,-0.067946,0.016059,0.001203,0.000340,0.000115,-0.163248,-0.001590
9.799031,-0.672133,0.413149,-0.001250,0.502990,-0.981251,-0.624599,0.498274,-0.371908,-0.025686,0.113434,0.390945,-0.489378,-0.213412,0.291593,-2.660303,-0.649514,1.791924,-1.651787,-1.493359,3.474314,0.732226,-0.069807,0.018600,0.002715,0.000701,0.000311,-0.164893,0.000568
9.800043,-0.669271,0.410688,0.001145,0.503369,-0.983760,-0.626387,0.498188,-0.370599,-0.026047,0.114726,0.390832,-0.489679,-0.213050,0.291594,-2.660373,-0.649497,1.791926,-1.651789,-1.493366,3.474149,0.732226,-0.069791,0.018068,0.002217,-0.000908,-0.001832,-0.165321,0.000119
9.801045,-0.668928,0.413098,0.006234,0.503532,-0.984369,-0.626502,0.498832,-0.362552,-0.030093,0.120757,0.392901,-0.489672,-0.212286,0.291569,-2.660444,-0.649477,1.791931,-1.651791,-1.493361,3.473985,0.732227,-0.070149,0.019285,0.002244,-0.001471,-0.000227,-0.165071,0.000404
9.802015,-0.664448,0.411748,0.007874,0.500742,-0.985646,-0.625942,0.498462,-0.349568,-0.036963,0.130386,0.396865,-0.489379,-0.211304,0.291510,-2.660512,-0.649462,1.791929,-1.651792,-1.493361,3.473815,0.732226,-0.069264,0.018090,0.000967,-0.001823,-0.000519,-0.166462,-0.000782
9.803114,-0.663256,0.413535,0.007737,0.500568,-0.986063,-0.625607,0.497650,-0.334304,-0.046038,0.142423,0.401124,-0.489006,-0.210251,0.291446,-2.660585,-0.649440,1.791932,-1.651786,-1.493361,3.473643,0.732229,-0.070435,0.018723,0.001338,0.000635,-0.000091,-0.168417,0.000076
9.804012,-0.661434,0.416079,0.011943,0.501601,-0.987003,-0.626149,0.498776,-0.319763,-0.056099,0.154936,0.404076,-0.488777,-0.209258,0.291410,-2.660653,-0.649421,1.791938,-1.651786,-1.493362,3.473465,0.732232,-0.069942,0.017819,0.002722,0.000531,-0.000645,-0.170432,0.001815
9.804979,-0.658024,0.415745,0.015734,0.501071,-0.989167,-0.626188,0.498192,-0.308489,-0.064173,0.164888,0.406073,-0.488671,-0.208455,0.291391,-2.660722,-0.649407,1.791939,-1.651790,-1.493362,3.473295,0.732227,-0.069832,0.016569,0.001719,-0.000624,-0.000482,-0.171106,-0.000354
9.806108,-0.656154,0.415390,0.014546,0.500194,-0.989644,-0.628695,0.498325,-0.299516,-0.069257,0.172094,0.408482,-0.488506,-0.207776,0.291360,-2.660794,-0.649390,1.791938,-1.651789,-1.493359,3.473123,0.732231,-0.070460,0.016751,0.001052,-0.000337,0.000812,-0.172457,0.000939
9.807063,-0.656466,0.418177,0.019576,0.499454,-0.989989,-0.631526,0.498380,-0.291852,-0.072683,0.177706,0.411127,-0.488307,-0.207170,0.291315,-2.660864,-0.649372,1.791944,-1.651789,-1.493361,3.472954,0.732230,-0.070294,0.016946,0.003019,0.000282,0.000292,-0.171741,0.000789
9.808027,-0.653845,0.414492,0.024473,0.500647,-0.990369,-0.632744,0.498831,-0.288332,-0.073973,0.180080,0.412761,-0.488246,-0.206834,0.291257,-2.660930,-0.649359,1.791942,-1.651785,-1.493365,3.472789,0.732231,-0.069122,0.015582,0.001690,0.000720,-0.000156,-0.170294,0.000783
9.809104,-0.651032,0.419530,0.029612,0.502118,-0.991911,-0.633706,0.498683,-0.288905,-0.074060,0.179885,0.413045,-0.488317,-0.206820,0.291178,-2.661000,-0.649337,1.791940,-1.651789,-1.493366,3.472617,0.732230,-0.069380,0.017400,0.000477,-0.000631,-0.000623,-0.170470,-0.000017
9.810098,-0.647902,0.414250,0.030702,0.499763,-0.992715,-0.634650,0.498044,-0.288635,-0.075079,0.180654,0.413755,-0.488243,-0.206869,0.291061,-2.661069,-0.649326,1.791936,-1.651793,-1.493365,3.472447,0.732230,-0.069716,0.014933,-0.000697,-0.002255,-0.000022,-0.171189,0.000411
9.811010,-0.647753,0.417235,0.032827,0.500291,-0.993837,-0.634433,0.499099,-0.284784,-0.077716,0.184002,0.415888,-0.487912,-0.206793,0.290901,-2.661140,-0.649304,1.791936,-1.651788,-1.493367,3.472273,0.732234,-0.070212,0.017568,0.000024,-0.000197,-0.000084,-0.171684,0.001794
9.812018,-0.645054,0.417135,0.037487,0.499024,-0.994164,-0.634201,0.498465,-0.279286,-0.082289,0.189191,0.417830,-0.487565,-0.206700,0.290712,-2.661206,-0.649291,1.791936,-1.651793,-1.493366,3.472093,0.732229,-0.069268,0.016078,0.000100,-0.000864,0.000232,-0.173108,-0.000229
9.813015,-0.643456,0.416610,0.041103,0.501444,-0.995953,-0.633486,0.499453,-0.274527,-0.087671,0.194580,0.418599,-0.487336,-0.206705,0.290513,-2.661276,-0.649274,1.791932,-1.651791,-1.493367,3.471915,0.732234,-0.069561,0.016143,-0.000930,0.000153,-0.000329,-0.174794,0.001168
9.814172,-0.647198,0.412310,0.041209,0.498786,-0.996032,-0.634947,0.499379,-0.269349,-0.093418,0.200534,0.419043,-0.487115,-0.206710,0.290318,-2.661344,-0.649257,1.791931,-1.651797,-1.493365,3.471733,0.732228,-0.069324,0.016422,-0.001459,-0.002383,0.000572,-0.176918,-0.000708
9.815021,-0.644501,0.415012,0.045800,0.499717,-0.996582,-0.633494,0.499005,-0.264987,-0.100084,0.206653,0.418605,-0.486983,-0.206852,0.290146,-2.661403,-0.649237,1.791934,-1.651791,-1.493366,3.471557,0.732228,-0.066450,0.018590,-0.000085,-0.000084,-0.000370,-0.177272,-0.000409
9.815998,-0.644488,0.416540,0.049807,0.498402,-0.997580,-0.631502,0.499383,-0.265699,-0.107162,0.210630,0.415373,-0.487199,-0.207414,0.290025,-2.661472,-0.649224,1.791931,-1.651793,-1.493369,3.471371,0.732230,-0.066818,0.017234,-0.001298,-0.001202,-0.000536,-0.179757,0.000434
9.817031,-0.644800,0.415387,0.049864,0.500368,-0.998466,-0.632587,0.498349,-0.270861,-0.113469,0.212295,0.409836,-0.487703,-0.208236,0.289963,-2.661535,-0.649208,1.791929,-1.651791,-1.493367,3.471183,0.732230,-0.065827,0.016484,-0.002049,-0.000149,-0.000409,-0.183068,-0.000230
9.818032,-0.639340,0.417956,0.054352,0.499388,-0.999675,-0.633428,0.498834,-0.279265,-0.117405,0.211340,0.403415,-0.488335,-0.209137,0.289949,-2.661597,-0.649189,1.791927,-1.651798,-1.493367,3.470997,0.732235,-0.064696,0.017072,-0.000743,-0.002202,-0.000434,-0.183422,0.001962
9.819030,-0.635157,0.418960,0.055469,0.498460,-0.999428,-0.636615,0.498258,-0.289712,-0.118223,0.207664,0.397495,-0.488951,-0.210042,0.289972,-2.661668,-0.649177,1.791923,-1.651797,-1.493367,3.470812,0.732232,-0.066375,0.015831,-0.001705,-0.001460,-0.000105,-0.183977,0.001084
9.820007,-0.635165,0.418204,0.056513,0.497212,-0.999129,-0.638028,0.498708,-0.298099,-0.116727,0.203592,0.393559,-0.489356,-0.210683,0.290015,-2.661737,-0.649162,1.791923,-1.651796,-1.493370,3.470632,0.732234,-0.067412,0.015375,-0.000992,-0.000774,-0.001214,-0.182181,0.002360
9.821081,-0.632188,0.415753,0.062088,0.498226,-1.002013,-0.641114,0.498922,-0.303997,-0.113645,0.199803,0.391085,-0.489591,-0.211044,0.290076,-2.661801,-0.649144,1.791925,-1.651796,-1.493371,3.470448,0.732234,-0.066395,0.015749,-0.000310,0.000258,-0.002363,-0.182124,0.001546
9.822073,-0.632166,0.413392,0.064521,0.498545,-1.003503,-0.641089,0.498629,-0.308611,-0.110585,0.196635,0.388778,-0.489800,-0.211297,0.290151,-2.661870,-0.649125,1.791921,-1.651798,-1.493367,3.470267,0.732236,-0.066831,0.016983,-0.001723,-0.000975,-0.000438,-0.180623,0.001237
9.823047,-0.628293,0.417178,0.064287,0.497557,-1.004044,-0.640726,0.499342,-0.310202,-0.110525,0.196519,0.386422,-0.490020,-0.211464,0.290215,-2.661934,-0.649106,1.791919,-1.651802,-1.493368,3.470086,0.732237,-0.065825,0.018138,-0.001653,-0.001425,0.000173,-0.182072,0.001936
9.824000,-0.622650,0.416570,0.063941,0.496437,-1.005714,-0.640477,0.499208,-0.309150,-0.112816,0.198841,0.384293,-0.490265,-0.211567,0.290239,-2.662003,-0.649094,1.791922,-1.651803,-1.493367,3.469896,0.732235,-0.066732,0.016275,-0.000345,-0.000635,-0.000155,-0.183731,0.000609
9.825009,-0.625603,0.414732,0.066472,0.495967,-1.005676,-0.640265,0.499518,-0.306837,-0.114154,0.200997,0.382974,-0.490525,-0.211582,0.290205,-2.662075,-0.649076,1.791927,-1.651801,-1.493365,3.469709,0.732237,-0.068491,0.016587,0.000977,0.000222,0.000664,-0.185235,0.000993
9.826041,-0.623478,0.417075,0.072024,0.496196,-1.006992,-0.639485,0.499970,-0.304281,-0.113921,0.202084,0.382044,-0.490860,-0.211560,0.290116,-2.662135,-0.649056,1.791927,-1.651799,-1.493370,3.469518,0.732235,-0.066024,0.017493,0.000962,0.000403,-0.000235,-0.186826,0.000484
9.826966,-0.622461,0.417688,0.072895,0.496732,-1.007655,-0.639090,0.500413,-0.303367,-0.112903,0.201846,0.380315,-0.491366,-0.211655,0.289985,-2.662203,-0.649044,1.791923,-1.651802,-1.493371,3.469325,0.732234,-0.066056,0.016373,-0.000491,0.000016,0.000195,-0.189033,-0.000303
9.827958,-0.619635,0.418580,0.074066,0.495697,-1.008387,-0.638509,0.499923,-0.303828,-0.110694,0.200383,0.378401,-0.491922,-0.211832,0.289829,-2.662267,-0.649029,1.791925,-1.651805,-1.493371,3.469132,0.732231,-0.065588,0.016092,0.000234,-0.000681,0.000041,-0.190575,-0.001076
9.828969,-0.619901,0.419108,0.075620,0.494859,-1.009187,-0.637573,0.499827,-0.305131,-0.106299,0.197317,0.377304,-0.492404,-0.212020,0.289678,-2.662334,-0.649014,1.791927,-1.651803,-1.493372,3.468935,0.732234,-0.065982,0.015675,0.000873,0.000102,-0.000092,-0.192461,0.000020
9.829999,-0.612730,0.422687,0.079153,0.496170,-1.010439,-0.638752,0.500152,-0.308619,-0.099271,0.191716,0.376502,-0.492880,-0.212249,0.289565,-2.662398,-0.648999,1.791929,-1.651801,-1.493371,3.468738,0.732234,-0.064832,0.015440,0.001341,0.000657,-0.000189,-0.194747,0.000320
9.831083,-0.612107,0.419221,0.078629,0.495161,-1.008934,-0.640119,0.499682,-0.313085,-0.089655,0.184151,0.376585,-0.493269,-0.212394,0.289489,-2.662470,-0.648987,1.791929,-1.651805,-1.493370,3.468544,0.732233,-0.067360,0.013716,0.000857,-0.000817,0.000154,-0.194954,-0.000221
9.831981,-0.607843,0.421332,0.082833,0.493504,-1.010875,-0.641953,0.500540,-0.315048,-0.078425,0.176587,0.379185,-0.493344,-0.212274,0.289437,-2.662535,-0.648968,1.791934,-1.651803,-1.493376,3.468349,0.732237,-0.066617,0.015480,0.002434,-0.000078,-0.002279,-0.195130,0.000841
9.832976,-0.606454,0.420633,0.086296,0.494711,-1.011429,-0.645626,0.499899,-0.314257,-0.067767,0.170294,0.383308,-0.493198,-0.211941,0.289403,-2.662606,-0.648956,1.791934,-1.651799,-1.493375,3.468158,0.732233,-0.067710,0.014446,0.001433,0.001286,-0.001104,-0.194387,-0.000787
9.834022,-0.603922,0.422182,0.087834,0.495773,-1.013478,-0.646989,0.499994,-0.311016,-0.059454,0.166266,0.387666,-0.492968,-0.211486,0.289375,-2.662672,-0.648941,1.791934,-1.651803,-1.493376,3.467972,0.732237,-0.067368,0.014839,0.000955,-0.000084,-0.001422,-0.192066,0.000622
9.834987,-0.599849,0.421280,0.092134,0.493337,-1.013057,-0.647967,0.499910,-0.304982,-0.053112,0.164364,0.393079,-0.492568,-0.210986,0.289333,-2.662743,-0.648928,1.791936,-1.651807,-1.493373,3.467779,0.732236,-0.067555,0.014118,0.001484,-0.001291,-0.000312,-0.192189,0.000536
9.835959,-0.597977,0.424320,0.092546,0.493848,-1.015388,-0.648176,0.500434,-0.296359,-0.048407,0.164263,0.399747,-0.491984,-0.210488,0.289260,-2.662814,-0.648912,1.791934,-1.651802,-1.493377,3.467590,0.732240,-0.068531,0.014598,0.000555,0.000830,-0.001569,-0.192488,0.000799
9.837152,-0.597186,0.424861,0.095459,0.493534,-1.016442,-0.648953,0.501113,-0.285710,-0.045479,0.165990,0.406714,-0.491321,-0.209969,0.289145,-2.662883,-0.648901,1.791938,-1.651803,-1.493375,3.467393,0.732236,-0.068409,0.013127,0.001537,0.000108,-0.000089,-0.193532,-0.000139
9.838005,-0.597210,0.423515,0.095780,0.493950,-1.016350,-0.648884,0.500741,-0.275817,-0.042092,0.167064,0.413565,-0.490658,-0.209532,0.288991,-2.662949,-0.648887,1.791939,-1.651802,-1.493372,3.467198,0.732233,-0.067731,0.012954,0.001561,0.000117,-0.000131,-0.194569,-0.001355
9.839000,-0.594807,0.420553,0.100309,0.494611,-1.018205,-0.649478,0.501014,-0.269792,-0.036600,0.165069,0.419880,-0.490077,-0.209356,0.288818,-2.663015,-0.648871,1.791943,-1.651803,-1.493376,3.467002,0.732235,-0.066736,0.013626,0.002434,-0.000463,-0.000944,-0.195598,-0.000503
9.840004,-0.594526,0.421233,0.104937,0.492486,-1.018387,-0.650338,0.500471,-0.267320,-0.030881,0.161147,0.425220,-0.489619,-0.209466,0.288649,-2.663082,-0.648852,1.791943,-1.651805,-1.493374,3.466806,0.732235,-0.066919,0.015092,0.001399,-0.001318,0.000037,-0.196310,-0.000949
9.841051,-0.590748,0.422359,0.106450,0.491512,-1.019468,-0.651546,0.500757,-0.265960,-0.028195,0.158426,0.429022,-0.489323,-0.209720,0.288504,-2.663146,-0.648839,1.791941,-1.651801,-1.493375,3.466612,0.732238,-0.066058,0.014797,0.000365,0.000510,-0.000672,-0.196794,0.000253
9.842118,-0.587786,0.421190,0.109416,0.493060,-1.020268,-0.654072,0.500972,-0.265366,-0.029264,0.157809,0.430357,-0.489295,-0.210003,0.288410,-2.663215,-0.648825,1.791943,-1.651799,-1.493376,3.466417,0.732237,-0.066901,0.014285,0.000914,0.001189,-0.000496,-0.197030,-0.000218
9.843017,-0.586526,0.425762,0.111478,0.492581,-1.019792,-0.656832,0.501066,-0.264763,-0.032663,0.158788,0.430245,-0.489422,-0.210211,0.288370,-2.663283,-0.648809,1.791942,-1.651803,-1.493376,3.466222,0.732236,-0.067312,0.014917,0.000780,-0.000536,-0.000638,-0.195987,-0.000522
9.843954,-0.584903,0.425747,0.116446,0.491785,-1.021288,-0.658407,0.500598,-0.263141,-0.036174,0.160343,0.430860,-0.489443,-0.210309,0.288378,-2.663348,-0.648802,1.791944,-1.651803,-1.493381,3.466031,0.732232,-0.066949,0.012703,0.000860,-0.000243,-0.001869,-0.194324,-0.000592
9.845097,-0.586372,0.426418,0.118851,0.493735,-1.023018,-0.660512,0.499862,-0.261873,-0.037672,0.160790,0.432545,-0.489303,-0.210385,0.288449,-2.663417,-0.648789,1.791940,-1.651801,-1.493379,3.465835,0.732236,-0.066730,0.012776,-0.000421,0.000299,-0.001193,-0.193932,0.000445
9.846073,-0.582769,0.425674,0.119406,0.489792,-1.022940,-0.664779,0.500330,-0.262465,-0.036855,0.159449,0.434606,-0.489082,-0.210555,0.288591,-2.663478,-0.648776,1.791940,-1.651806,-1.493379,3.465646,0.732240,-0.064990,0.012528,-0.000177,-0.001830,-0.000467,-0.193549,0.002032
9.847067,-0.578817,0.425108,0.124509,0.492002,-1.026359,-0.664573,0.501146,-0.266783,-0.034070,0.155595,0.435936,-0.488927,-0.211007,0.288785,-2.663544,-0.648762,1.791943,-1.651796,-1.493382,3.465460,0.732240,-0.065806,0.012942,0.000752,0.001713,-0.001397,-0.190579,0.001182
9.848002,-0.577257,0.423325,0.129010,0.491487,-1.025482,-0.664096,0.499516,-0.273356,-0.031304,0.150951,0.435842,-0.488928,-0.211690,0.288991,-2.663612,-0.648749,1.791939,-1.651802,-1.493377,3.465266,0.732235,-0.066740,0.013280,-0.000527,-0.000655,0.001129,-0.192149,-0.000325
9.849047,-0.575533,0.427681,0.129634,0.490486,-1.026479,-0.664706,0.500804,-0.276423,-0.031763,0.149958,0.435569,-0.488920,-0.212243,0.289183,-2.663678,-0.648735,1.791935,-1.651800,-1.493379,3.465074,0.732244,-0.066502,0.014204,-0.001556,-0.000367,-0.000588,-0.193815,0.003051
9.850026,-0.574261,0.424822,0.133689,0.489423,-1.027040,-0.665480,0.500400,-0.275145,-0.035097,0.152887,0.435735,-0.488838,-0.212542,0.289358,-2.663744,-0.648728,1.791937,-1.651798,-1.493379,3.464878,0.732238,-0.066337,0.012136,-0.000562,0.000342,-0.000494,-0.194633,0.000553
9.851102,-0.572869,0.426014,0.137168,0.490786,-1.028201,-0.665807,0.501922,-0.273257,-0.038884,0.156770,0.435322,-0.488835,-0.212744,0.289503,-2.663810,-0.648713,1.791932,-1.651795,-1.493380,3.464685,0.732242,-0.065961,0.013620,-0.001318,0.001127,-0.000790,-0.195146,0.001490
9.852008,-0.574933,0.428297,0.139259,0.490223,-1.029569,-0.667597,0.500784,-0.271567,-0.043184,0.161269,0.433939,-0.488956,-0.212917,0.289601,-2.663873,-0.648702,1.791930,-1.651799,-1.493379,3.464488,0.732235,-0.065654,0.013107,-0.001676,-0.000415,-0.000579,-0.196335,-0.001442
9.852964,-0.571930,0.426110,0.139637,0.489892,-1.029854,-0.667819,0.501217,-0.271280,-0.046786,0.165096,0.432000,-0.489156,-0.213155,0.289662,-2.663932,-0.648692,1.791928,-1.651799,-1.493378,3.464289,0.732241,-0.063693,0.012033,-0.001553,-0.000041,-0.000021,-0.195594,0.000963
9.854083,-0.570398,0.428113,0.143293,0.488935,-1.030958,-0.666871,0.501813,-0.275395,-0.047540,0.165554,0.429277,-0.489505,-0.213640,0.289712,-2.663998,-0.648675,1.791929,-1.651799,-1.493379,3.464094,0.732239,-0.064218,0.013142,-0.000548,0.000067,-0.000574,-0.196609,0.000179
9.855072,-0.568239,0.427498,0.144091,0.488203,-1.032202,-0.667356,0.500647,-0.283367,-0.046147,0.163162,0.425555,-0.490043,-0.214302,0.289760,-2.664061,-0.648666,1.791927,-1.651797,-1.493380,3.463888,0.732237,-0.063960,0.012250,-0.000967,0.000730,-0.000441,-0.199133,-0.000884
9.856026,-0.564084,0.425180,0.145577,0.489061,-1.032490,-0.667790,0.501515,-0.293338,-0.043597,0.159329,0.420992,-0.490739,-0.214967,0.289805,-2.664127,-0.648655,1.791929,-1.651795,-1.493381,3.463690,0.732242,-0.064027,0.012643,-0.000139,0.001183,-0.000056,-0.199918,0.001572
9.857095,-0.565410,0.427787,0.151912,0.489877,-1.033766,-0.668441,0.501524,-0.303108,-0.041100,0.155546,0.416215,-0.491506,-0.215543,0.289845,-2.664194,-0.648639,1.791929,-1.651797,-1.493381,3.463488,0.732238,-0.065103,0.013826,0.000315,0.000140,-0.000616,-0.200656,-0.000083
9.857972,-0.559628,0.426855,0.151579,0.490031,-1.034369,-0.671347,0.501820,-0.309934,-0.039832,0.153548,0.412534,-0.492154,-0.215952,0.289857,-2.664254,-0.648630,1.791927,-1.651799,-1.493382,3.463288,0.732239,-0.063447,0.012614,-0.001504,-0.000878,-0.000263,-0.201475,0.000033
9.858971,-0.555690,0.428578,0.155629,0.488288,-1.035124,-0.674210,0.500930,-0.312865,-0.039451,0.153617,0.410927,-0.492541,-0.216187,0.289837,-2.664322,-0.648616,1.791929,-1.651801,-1.493380,3.463090,0.732238,-0.065356,0.013116,-0.000236,-0.001184,-0.000453,-0.199551,-0.000465
9.860009,-0.552885,0.426630,0.157131,0.488789,-1.036580,-0.674355,0.501343,-0.311067,-0.039975,0.156117,0.411638,-0.492640,-0.216232,0.289793,-2.664391,-0.648605,1.791927,-1.651797,-1.493380,3.462889,0.732243,-0.066220,0.012364,-0.000760,0.000211,-0.000741,-0.198370,0.001446
9.861040,-0.552920,0.428355,0.160545,0.486497,-1.035979,-0.675372,0.502778,-0.304320,-0.042079,0.161528,0.414076,-0.492526,-0.216080,0.289723,-2.664459,-0.648591,1.791929,-1.651799,-1.493379,3.462683,0.732241,-0.066496,0.013468,0.000172,-0.000589,-0.000466,-0.200240,0.000738
9.861991,-0.550383,0.428885,0.158892,0.487219,-1.038820,-0.675304,0.501672,-0.295517,-0.045381,0.168407,0.416776,-0.492363,-0.215881,0.289611,-2.664522,-0.648578,1.791930,-1.651794,-1.493385,3.462480,0.732235,-0.065409,0.012713,0.000138,0.001276,-0.002193,-0.201195,-0.001989
9.863045,-0.550952,0.424696,0.163811,0.487869,-1.040361,-0.673255,0.503003,-0.289478,-0.047523,0.173263,0.418406,-0.492321,-0.215901,0.289474,-2.664589,-0.648566,1.791935,-1.651795,-1.493382,3.462269,0.732241,-0.065602,0.012579,0.002476,0.000275,-0.000429,-0.202952,0.000379
9.863977,-0.547052,0.426158,0.168246,0.488026,-1.040532,-0.672502,0.502086,-0.288088,-0.047527,0.174514,0.418865,-0.492443,-0.216268,0.289345,-2.664653,-0.648546,1.791935,-1.651797,-1.493382,3.462059,0.732235,-0.064229,0.014749,0.001705,-0.000650,-0.000092,-0.207032,-0.002168
9.865042,-0.547095,0.425715,0.170630,0.486598,-1.041466,-0.672310,0.501877,-0.288343,-0.047900,0.174942,0.418794,-0.492642,-0.216826,0.289239,-2.664719,-0.648533,1.791935,-1.651799,-1.493385,3.461841,0.732240,-0.065127,0.014085,0.001009,-0.001046,-0.000957,-0.209350,-0.000185
9.866065,-0.544387,0.426873,0.175848,0.487410,-1.043237,-0.672119,0.502280,-0.288063,-0.049962,0.176521,0.418443,-0.492851,-0.217397,0.289179,-2.664783,-0.648518,1.791937,-1.651797,-1.493386,3.461625,0.732240,-0.064015,0.014433,0.001541,0.000025,-0.001214,-0.211540,0.000360
9.866988,-0.541693,0.427368,0.173767,0.485581,-1.044211,-0.672785,0.502235,-0.287913,-0.053041,0.178693,0.417593,-0.493081,-0.217962,0.289176,-2.664848,-0.648507,1.791935,-1.651801,-1.493385,3.461405,0.732242,-0.064297,0.013994,0.000613,-0.001038,-0.000601,-0.213583,-0.000328
9.868002,-0.540410,0.426892,0.182421,0.484078,-1.045165,-0.674126,0.502979,-0.288692,-0.055954,0.180349,0.416425,-0.493319,-0.218532,0.289214,-2.664914,-0.648492,1.791942,-1.651797,-1.493385,3.461187,0.732243,-0.064575,0.013819,0.003103,0.000446,-0.000685,-0.214460,-0.000109
9.869124,-0.538866,0.428439,0.184144,0.487307,-1.046383,-0.675332,0.501754,-0.291105,-0.058666,0.181151,0.414290,-0.493647,-0.219134,0.289272,-2.664978,-0.648478,1.791940,-1.651795,-1.493385,3.460969,0.732236,-0.064153,0.014170,0.000409,0.001583,-0.000873,-0.214947,-0.001452
9.870111,-0.537048,0.429070,0.187900,0.486625,-1.047196,-0.676678,0.502212,-0.294046,-0.062027,0.182142,0.411450,-0.494007,-0.219735,0.289334,-2.665042,-0.648466,1.791942,-1.651803,-1.493385,3.460749,0.732245,-0.063825,0.013561,0.001384,-0.001852,-0.000924,-0.215910,0.001154
9.871164,-0.533804,0.429350,0.191413,0.484546,-1.048689,-0.678024,0.501599,-0.296302,-0.064530,0.182778,0.410179,-0.494128,-0.220313,0.289381,-2.665106,-0.648453,1.791943,-1.651803,-1.493387,3.460529,0.732243,-0.063683,0.013360,0.001101,-0.001436,-0.001215,-0.216294,0.000342
9.872024,-0.533951,0.429247,0.195649,0.484949,-1.049964,-0.677857,0.501908,-0.298237,-0.065752,0.182631,0.410414,-0.494034,-0.220887,0.289403,-2.665171,-0.648441,1.791943,-1.651799,-1.493389,3.460313,0.732245,-0.064221,0.013373,0.001057,0.000238,-0.000892,-0.216919,0.001722
9.873030,-0.529597,0.427001,0.199466,0.484495,-1.050871,-0.677521,0.503226,-0.300231,-0.067294,0.182708,0.410394,-0.493931,-0.221441,0.289399,-2.665232,-0.648428,1.791941,-1.651801,-1.493388,3.460091,0.732244,-0.063140,0.013501,0.000359,-0.000410,-0.000597,-0.218431,0.001203
9.873984,-0.528356,0.423655,0.201969,0.484992,-1.053270,-0.676230,0.502045,-0.301225,-0.070677,0.184439,0.409742,-0.493852,-0.221924,0.289355,-2.665301,-0.648411,1.791941,-1.651801,-1.493392,3.459864,0.732241,-0.064220,0.014703,0.000103,-0.000259,-0.000794,-0.220528,-0.001303
9.875129,-0.524582,0.425738,0.208015,0.485007,-1.054179,-0.676977,0.503130,-0.298709,-0.077984,0.189984,0.408831,-0.493737,-0.222232,0.289264,-2.665362,-0.648391,1.791943,-1.651801,-1.493391,3.459639,0.732244,-0.063813,0.016408,0.000392,-0.001060,0.000525,-0.223435,0.001223
9.876149,-0.529529,0.428147,0.215839,0.484765,-1.054137,-0.676365,0.502245,-0.291172,-0.089745,0.200152,0.408280,-0.493511,-0.222304,0.289132,-2.665427,-0.648377,1.791941,-1.651803,-1.493390,3.459408,0.732240,-0.064593,0.015489,-0.000757,-0.001372,0.000117,-0.224838,-0.000822
9.877008,-0.528022,0.429436,0.215849,0.484793,-1.055888,-0.675399,0.502212,-0.280501,-0.103583,0.212998,0.408211,-0.493151,-0.222219,0.288977,-2.665481,-0.648364,1.791934,-1.651803,-1.493393,3.459178,0.732244,-0.061131,0.014400,-0.002934,-0.001442,-0.001057,-0.227237,0.001106
9.878020,-0.525453,0.429476,0.221568,0.483881,-1.057117,-0.674963,0.502842,-0.272171,-0.115579,0.224135,0.407693,-0.492783,-0.222242,0.288828,-2.665541,-0.648350,1.791936,-1.651805,-1.493392,3.458944,0.732245,-0.060941,0.013832,-0.001525,-0.001695,-0.000274,-0.229464,0.001269
9.879017,-0.525732,0.430665,0.222050,0.482797,-1.057832,-0.675477,0.501910,-0.268351,-0.123897,0.231485,0.406440,-0.492483,-0.222461,0.288700,-2.665602,-0.648336,1.791931,-1.651805,-1.493392,3.458706,0.732242,-0.061199,0.013932,-0.002692,-0.001086,-0.000198,-0.231608,0.000142
9.880025,-0.523958,0.429847,0.226671,0.482567,-1.059523,-0.676504,0.502641,-0.268213,-0.129069,0.235630,0.404323,-0.492293,-0.222821,0.288593,-2.665660,-0.648325,1.791934,-1.651805,-1.493392,3.458474,0.732248,-0.060062,0.013469,-0.001320,-0.000299,-0.000608,-0.232781,0.002146
9.881014,-0.520262,0.432147,0.231555,0.480926,-1.060571,-0.677846,0.502888,-0.272429,-0.131376,0.236326,0.400776,-0.492297,-0.223402,0.288512,-2.665719,-0.648308,1.791930,-1.651806,-1.493392,3.458238,0.732245,-0.059952,0.013964,-0.001964,-0.000380,-0.000056,-0.233458,0.000798
9.882002,-0.517262,0.430327,0.231999,0.481070,-1.062635,-0.678188,0.503270,-0.278962,-0.132157,0.235261,0.396059,-0.492457,-0.224122,0.288431,-2.665783,-0.648296,1.791928,-1.651803,-1.493393,3.458007,0.732244,-0.060758,0.012924,-0.002763,0.000916,-0.000116,-0.233790,0.000448
9.883016,-0.518180,0.431781,0.236928,0.483287,-1.062786,-0.678330,0.503892,-0.284341,-0.132950,0.234860,0.391024,-0.492669,-0.224776,0.288338,-2.665844,-0.648278,1.791932,-1.651805,-1.493391,3.457771,0.732242,-0.061225,0.013914,-0.001399,0.000498,0.000817,-0.235106,-0.000181
9.884117,-0.515906,0.433861,0.240412,0.481109,-1.064352,-0.678246,0.502307,-0.287676,-0.133226,0.234912,0.387026,-0.492801,-0.225340,0.288243,-2.665902,-0.648266,1.791929,-1.651812,-1.493395,3.457526,0.732238,-0.059756,0.013306,-0.002191,-0.001901,-0.000167,-0.236645,-0.001276
9.885025,-0.514668,0.431307,0.240506,0.480822,-1.065501,-0.677045,0.503238,-0.289924,-0.131488,0.234076,0.384880,-0.492763,-0.225869,0.288179,-2.665961,-0.648255,1.791927,-1.651806,-1.493392,3.457285,0.732246,-0.059871,0.012434,-0.002110,-0.000160,0.000141,-0.238697,0.002052
9.886197,-0.513499,0.430451,0.241080,0.479739,-1.067350,-0.677811,0.502829,-0.292660,-0.127559,0.231675,0.383524,-0.492692,-0.226415,0.288179,-2.666021,-0.648237,1.791929,-1.651805,-1.493392,3.457033,0.732242,-0.059501,0.013764,-0.000684,-0.000186,0.000260,-0.241205,0.000277
9.887082,-0.511348,0.429796,0.248173,0.480107,-1.068021,-0.675329,0.503376,-0.297722,-0.122283,0.227165,0.381416,-0.492798,-0.227106,0.288231,-2.666082,-0.648223,1.791933,-1.651803,-1.493394,3.456790,0.732245,-0.059016,0.014344,0.000897,0.000495,0.000801,-0.242605,0.001265
9.888047,-0.509914,0.432012,0.252976,0.481567,-1.068705,-0.674731,0.503531,-0.304354,-0.117140,0.221650,0.378247,-0.493101,-0.227931,0.288307,-2.666140,-0.648207,1.791927,-1.651803,-1.493395,3.456534,0.732242,-0.059135,0.014714,-0.001170,-0.000161,0.000471,-0.246320,0.000285
9.888989,-0.509977,0.430798,0.253273,0.480467,-1.070724,-0.672777,0.503210,-0.308078,-0.113731,0.218347,0.375595,-0.493342,-0.228608,0.288389,-2.666200,-0.648195,1.791924,-1.651811,-1.493396,3.456277,0.732242,-0.058851,0.013720,-0.001956,-0.001742,0.000081,-0.248347,0.000113
9.890149,-0.509793,0.433316,0.255247,0.480891,-1.070245,-0.672648,0.503116,-0.308058,-0.111269,0.217315,0.374515,-0.493380,-0.229087,0.288481,-2.666255,-0.648180,1.791927,-1.651809,-1.493395,3.456019,0.732242,-0.057865,0.014424,-0.000576,-0.000941,0.001033,-0.251689,0.000888
9.891221,-0.506771,0.428575,0.258651,0.480653,-1.071409,-0.673847,0.503115,-0.308852,-0.107050,0.214833,0.374183,-0.493359,-0.229639,0.288602,-2.666313,-0.648167,1.791928,-1.651812,-1.493398,3.455762,0.732243,-0.056925,0.013309,0.000306,-0.001683,-0.000755,-0.253862,0.001222
9.892033,-0.510082,0.433675,0.260027,0.478950,-1.073346,-0.673338,0.504190,-0.311988,-0.100741,0.209848,0.374196,-0.493332,-0.230385,0.288753,-2.666372,-0.648146,1.791930,-1.651812,-1.493398,3.455505,0.732245,-0.057425,0.015754,0.000326,-0.001767,-0.000792,-0.254422,0.001356
9.893005,-0.507969,0.432954,0.266333,0.478557,-1.074143,-0.672864,0.503321,-0.317876,-0.093470,0.202796,0.373665,-0.493405,-0.231366,0.288918,-2.666422,-0.648138,1.791934,-1.651810,-1.493398,3.455247,0.732241,-0.054902,0.013277,0.000925,-0.000348,0.000243,-0.255913,-0.000689
9.894019,-0.504638,0.431497,0.267085,0.479040,-1.075099,-0.670510,0.503758,-0.328817,-0.084625,0.192581,0.371147,-0.493746,-0.232658,0.289094,-2.666479,-0.648123,1.791932,-1.651810,-1.493400,3.454985,0.732245,-0.055013,0.013763,-0.000649,-0.000268,-0.000059,-0.257832,0.001200
9.895028,-0.501336,0.428263,0.272369,0.479739,-1.076557,-0.670545,0.504134,-0.341678,-0.075564,0.181534,0.367393,-0.494218,-0.234045,0.289274,-2.666535,-0.648107,1.791936,-1.651812,-1.493402,3.454716,0.732245,-0.055714,0.014582,0.000612,-0.001022,-0.000232,-0.261734,0.000439
9.895965,-0.498660,0.429704,0.271823,0.479737,-1.076684,-0.666700,0.503365,-0.349884,-0.069664,0.174290,0.364479,-0.494534,-0.235193,0.289429,-2.666594,-0.648088,1.791934,-1.651815,-1.493401,3.454446,0.732242,-0.056361,0.016253,-0.000385,-0.001948,0.000084,-0.263184,-0.000169
9.897032,-0.498931,0.430570,0.277393,0.479144,-1.077636,-0.666034,0.504309,-0.350445,-0.067907,0.172523,0.363812,-0.494526,-0.235950,0.289541,-2.666653,-0.648074,1.791940,-1.651818,-1.493404,3.454165,0.732246,-0.056722,0.015596,0.001374,-0.002179,-0.000838,-0.268280,0.001503
9.897990,-0.497538,0.432212,0.278214,0.477727,-1.079785,-0.665591,0.504007,-0.345535,-0.067977,0.173969,0.365433,-0.494203,-0.236360,0.289615,-2.666707,-0.648059,1.791937,-1.651819,-1.493407,3.453889,0.732245,-0.055610,0.015288,0.000342,-0.001866,-0.001055,-0.270575,-0.000271
9.899042,-0.494633,0.428688,0.282850,0.478734,-1.080235,-0.667136,0.504966,-0.339849,-0.067322,0.175312,0.367891,-0.493761,-0.236613,0.289652,-2.666760,-0.648047,1.791943,-1.651818,-1.493406,3.453613,0.732246,-0.055388,0.014579,0.001449,-0.000780,0.000009,-0.272324,0.000480
9.899995,-0.491478,0.427973,0.283461,0.477266,-1.081073,-0.668611,0.504318,-0.334842,-0.066136,0.176074,0.370290,-0.493320,-0.236826,0.289647,-2.666817,-0.648027,1.791941,-1.651820,-1.493408,3.453343,0.732244,-0.055857,0.016419,0.000849,-0.002076,-0.000730,-0.272406,-0.001313
9.901084,-0.490472,0.432174,0.287846,0.476202,-1.081521,-0.668356,0.505497,-0.328424,-0.066628,0.178254,0.372903,-0.492840,-0.236991,0.289593,-2.666874,-0.648008,1.791946,-1.651820,-1.493410,3.453071,0.732247,-0.056476,0.016786,0.002051,-0.000881,-0.000940,-0.272247,0.000130
9.902032,-0.490141,0.429121,0.290570,0.476866,-1.083509,-0.667528,0.505249,-0.321056,-0.068410,0.181420,0.375538,-0.492341,-0.237146,0.289497,-2.666931,-0.647997,1.791946,-1.651818,-1.493412,3.452793,0.732242,-0.055966,0.014832,0.001629,-0.000195,-0.001712,-0.274234,-0.002102
9.902994,-0.488635,0.430504,0.297167,0.477736,-1.084284,-0.665692,0.504826,-0.315073,-0.069403,0.183490,0.377837,-0.491879,-0.237370,0.289372,-2.666984,-0.647977,1.791947,-1.651821,-1.493409,3.452512,0.732243,-0.055211,0.016419,0.001799,-0.001093,-0.000809,-0.276315,-0.001454
9.904085,-0.486159,0.430497,0.297295,0.475304,-1.085145,-0.665905,0.504778,-0.309509,-0.070246,0.185328,0.380305,-0.491386,-0.237622,0.289238,-2.667039,-0.647963,1.791944,-1.651827,-1.493411,3.452226,0.732246,-0.055030,0.015796,0.000091,-0.002123,-0.001121,-0.279430,-0.000489
9.905032,-0.487602,0.428784,0.301945,0.473382,-1.084983,-0.663582,0.504749,-0.303137,-0.071605,0.187961,0.383263,-0.490822,-0.237833,0.289115,-2.667095,-0.647946,1.791948,-1.651824,-1.493411,3.451938,0.732246,-0.055280,0.015907,0.001792,-0.000075,-0.001488,-0.280850,-0.000251
9.905993,-0.486744,0.432911,0.304526,0.473355,-1.086657,-0.665224,0.504635,-0.298457,-0.073425,0.190368,0.384861,-0.490421,-0.238120,0.289033,-2.667146,-0.647928,1.791948,-1.651821,-1.493414,3.451648,0.732244,-0.053643,0.016810,0.000986,0.001470,-0.002705,-0.284391,-0.000060
9.907081,-0.483785,0.431809,0.308080,0.473563,-1.089402,-0.664774,0.504043,-0.298582,-0.074988,0.190853,0.383501,-0.490373,-0.238657,0.289018,-2.667200,-0.647915,1.791953,-1.651821,-1.493414,3.451363,0.732247,-0.053151,0.014833,0.001223,0.001184,-0.002101,-0.283979,0.000286
9.908082,-0.482615,0.430332,0.315731,0.474136,-1.089823,-0.665932,0.504893,-0.302992,-0.074541,0.188551,0.380594,-0.490516,-0.239445,0.289060,-2.667255,-0.647897,1.791952,-1.651821,-1.493411,3.451073,0.732251,-0.053672,0.015492,0.001227,0.000639,-0.000608,-0.286087,0.001606
9.909087,-0.483344,0.430107,0.316773,0.473689,-1.091859,-0.665771,0.504832,-0.306997,-0.073686,0.186323,0.378158,-0.490595,-0.240296,0.289120,-2.667308,-0.647879,1.791948,-1.651822,-1.493413,3.450784,0.732248,-0.053310,0.016290,-0.000942,-0.000203,-0.001317,-0.286276,0.000026
9.909984,-0.481423,0.429850,0.318909,0.473445,-1.092026,-0.665880,0.504787,-0.308156,-0.074851,0.186636,0.376506,-0.490558,-0.241125,0.289164,-2.667358,-0.647862,1.791951,-1.651822,-1.493411,3.450493,0.732250,-0.052039,0.016472,0.000180,-0.000056,-0.000422,-0.287822,0.000290
9.911007,-0.478453,0.430525,0.323136,0.472962,-1.092410,-0.664076,0.505214,-0.309060,-0.076849,0.187538,0.375052,-0.490534,-0.242036,0.289186,-2.667410,-0.647846,1.791953,-1.651822,-1.493413,3.450205,0.732249,-0.052123,0.016651,0.000539,-0.000091,-0.001269,-0.288759,0.000504
9.911989,-0.474757,0.428029,0.324714,0.472643,-1.093919,-0.663991,0.504627,-0.310053,-0.078587,0.188215,0.374055,-0.490534,-0.242921,0.289182,-2.667464,-0.647831,1.791952,-1.651823,-1.493414,3.449906,0.732247,-0.052673,0.016415,0.000100,0.000087,-0.002034,-0.291964,-0.000214
9.912964,-0.474182,0.430642,0.329129,0.473448,-1.094664,-0.663741,0.505679,-0.308198,-0.081036,0.190592,0.374277,-0.490458,-0.243508,0.289153,-2.667519,-0.647809,1.791954,-1.651821,-1.493417,3.449609,0.732250,-0.053576,0.017686,0.000901,0.000067,-0.001593,-0.293293,0.001099
9.914097,-0.472953,0.433913,0.331802,0.471544,-1.097095,-0.663774,0.504967,-0.302266,-0.084376,0.195260,0.376252,-0.490235,-0.243714,0.289107,-2.667570,-0.647796,1.791952,-1.651825,-1.493418,3.449311,0.732246,-0.052948,0.016466,0.000291,-0.000965,-0.001956,-0.294778,-0.000889
9.915028,-0.470199,0.429995,0.335694,0.471445,-1.098524,-0.662346,0.505888,-0.294818,-0.086033,0.199703,0.379845,-0.489896,-0.243673,0.289056,-2.667621,-0.647784,1.791954,-1.651821,-1.493414,3.449007,0.732248,-0.052617,0.014990,0.000788,0.000535,-0.000829,-0.296438,0.000713
9.916047,-0.466219,0.432533,0.338691,0.471059,-1.098800,-0.664034,0.504819,-0.287905,-0.085339,0.202792,0.383879,-0.489598,-0.243507,0.289028,-2.667674,-0.647764,1.791953,-1.651820,-1.493415,3.448707,0.732244,-0.053095,0.017001,0.000368,0.000283,-0.000453,-0.298957,-0.001024
9.917039,-0.467580,0.429755,0.345677,0.470333,-1.100183,-0.664343,0.505319,-0.279330,-0.084759,0.206885,0.388096,-0.489355,-0.243154,0.289043,-2.667729,-0.647748,1.791955,-1.651819,-1.493418,3.448407,0.732249,-0.054134,0.015795,0.000519,0.000342,-0.001314,-0.298599,0.001269
9.918104,-0.465937,0.432299,0.344861,0.471687,-1.100994,-0.664576,0.505192,-0.267644,-0.085920,0.213578,0.392495,-0.489126,-0.242579,0.289106,-2.667778,-0.647727,1.791950,-1.651819,-1.493418,3.448108,0.732247,-0.052546,0.017225,-0.001314,0.000769,-0.001040,-0.299586,0.000380
9.919059,-0.464392,0.434864,0.352798,0.468494,-1.101997,-0.666281,0.504488,-0.255146,-0.088112,0.221361,0.396578,-0.488959,-0.241909,0.289206,-2.667829,-0.647713,1.791955,-1.651821,-1.493420,3.447805,0.732247,-0.052459,0.016052,0.000809,-0.000878,-0.001421,-0.300839,0.000789
9.919979,-0.466001,0.431587,0.355508,0.468489,-1.104237,-0.667419,0.505447,-0.244453,-0.088938,0.227618,0.400324,-0.488883,-0.241205,0.289330,-2.667879,-0.647699,1.791950,-1.651815,-1.493421,3.447502,0.732252,-0.052350,0.014866,-0.001584,0.001917,-0.001493,-0.300262,0.002315
9.921099,-0.464698,0.433982,0.359618,0.469615,-1.105313,-0.667141,0.505032,-0.236802,-0.088955,0.232357,0.402284,-0.489069,-0.240497,0.289466,-2.667925,-0.647679,1.791950,-1.651815,-1.493415,3.447202,0.732249,-0.050705,0.016538,-0.001416,0.001604,-0.000336,-0.300175,0.000500
9.921991,-0.466252,0.435135,0.362065,0.468228,-1.104548,-0.666461,0.505196,-0.232656,-0.089408,0.236030,0.401797,-0.489599,-0.239872,0.289581,-2.667975,-0.647667,1.791948,-1.651819,-1.493420,3.446895,0.732251,-0.050444,0.015479,-0.001626,0.000206,-0.000495,-0.302103,0.001499
9.923027,-0.464214,0.435580,0.361096,0.469887,-1.107361,-0.666813,0.505819,-0.232723,-0.088294,0.236965,0.400094,-0.490336,-0.239358,0.289652,-2.668021,-0.647651,1.791946,-1.651817,-1.493424,3.446584,0.732252,-0.048836,0.014970,-0.001368,0.001309,-0.002239,-0.303684,0.001276
9.924083,-0.461474,0.435568,0.367242,0.469051,-1.108507,-0.670933,0.505922,-0.238466,-0.083062,0.232850,0.397994,-0.491190,-0.239001,0.289666,-2.668069,-0.647636,1.791950,-1.651821,-1.493421,3.446280,0.732250,-0.048993,0.014848,0.000783,-0.000597,-0.000601,-0.304708,0.000164
9.925035,-0.455957,0.437139,0.370183,0.468413,-1.110630,-0.674370,0.505671,-0.248219,-0.073757,0.224157,0.396640,-0.492037,-0.238769,0.289606,-2.668119,-0.647622,1.791947,-1.651820,-1.493424,3.445982,0.732250,-0.049461,0.014982,-0.000572,-0.000109,-0.000640,-0.302040,0.000110
9.925994,-0.456663,0.433610,0.374560,0.467884,-1.109709,-0.675114,0.505582,-0.256498,-0.063552,0.215202,0.396992,-0.492739,-0.238432,0.289470,-2.668174,-0.647608,1.791948,-1.651817,-1.493422,3.445688,0.732252,-0.051292,0.014288,-0.000480,0.000175,0.000400,-0.299797,0.000740
9.927058,-0.455436,0.432701,0.376108,0.467215,-1.113324,-0.675431,0.506959,-0.259821,-0.055748,0.209621,0.398716,-0.493296,-0.237865,0.289266,-2.668220,-0.647589,1.791946,-1.651817,-1.493427,3.445387,0.732252,-0.050072,0.016105,-0.001092,0.000403,-0.001587,-0.300243,0.001041
9.927988,-0.454130,0.433989,0.380556,0.466940,-1.112500,-0.676455,0.505910,-0.259467,-0.052040,0.207825,0.400164,-0.493895,-0.237213,0.289001,-2.668270,-0.647573,1.791948,-1.651817,-1.493422,3.445079,0.732246,-0.049782,0.016646,-0.000135,0.000743,0.000817,-0.301389,-0.001573
9.928961,-0.455005,0.431515,0.381748,0.467482,-1.113147,-0.677256,0.505748,-0.257874,-0.051758,0.208352,0.400330,-0.494683,-0.236630,0.288698,-2.668318,-0.647557,1.791946,-1.651817,-1.493428,3.444777,0.732253,-0.049584,0.016055,-0.000838,0.000728,-0.001039,-0.301421,0.000670
9.930025,-0.453082,0.433299,0.387284,0.466318,-1.114292,-0.678021,0.505647,-0.256437,-0.053081,0.209536,0.399612,-0.495609,-0.236185,0.288399,-2.668366,-0.647536,1.791948,-1.651819,-1.493432,3.444474,0.732253,-0.048276,0.017335,0.000149,-0.000080,-0.001447,-0.301824,0.001104
9.931001,-0.451330,0.432940,0.388133,0.468385,-1.115025,-0.680764,0.506395,-0.256137,-0.055078,0.210408,0.398177,-0.496616,-0.235894,0.288128,-2.668415,-0.647520,1.791944,-1.651817,-1.493434,3.444172,0.732252,-0.048355,0.016520,-0.000856,0.000729,-0.001484,-0.302547,0.001450
9.932022,-0.449303,0.431755,0.393936,0.466431,-1.116073,-0.683775,0.506969,-0.256313,-0.056859,0.210766,0.396919,-0.497563,-0.235631,0.287877,-2.668463,-0.647503,1.791946,-1.651825,-1.493435,3.443872,0.732249,-0.048362,0.016777,0.000308,-0.001483,-0.001847,-0.301005,0.000080
9.933037,-0.445843,0.431841,0.394440,0.465567,-1.115923,-0.688715,0.506533,-0.255350,-0.058488,0.211342,0.396825,-0.498313,-0.235285,0.287636,-2.668512,-0.647485,1.791942,-1.651821,-1.493436,3.443573,0.732247,-0.048489,0.017436,-0.000905,0.000117,-0.001940,-0.299363,-0.000917
9.933965,-0.442082,0.430672,0.399737,0.466512,-1.116916,-0.690243,0.507293,-0.252594,-0.061475,0.213392,0.397202,-0.498945,-0.234864,0.287419,-2.668563,-0.647469,1.791946,-1.651819,-1.493439,3.443286,0.732250,-0.049317,0.017473,0.000479,0.000605,-0.003216,-0.295831,0.000095
9.934960,-0.439874,0.432931,0.402781,0.464701,-1.117973,-0.689618,0.506814,-0.246610,-0.066686,0.218086,0.398204,-0.499442,-0.234341,0.287240,-2.668614,-0.647449,1.791944,-1.651821,-1.493441,3.442992,0.732247,-0.050313,0.018081,-0.000655,-0.000588,-0.003242,-0.295450,-0.001313
9.936015,-0.439201,0.434701,0.405043,0.465757,-1.118632,-0.689365,0.506795,-0.235495,-0.074098,0.226355,0.400737,-0.499696,-0.233585,0.287091,-2.668667,-0.647436,1.791944,-1.651817,-1.493443,3.442695,0.732250,-0.050487,0.017053,-0.000541,0.000836,-0.003300,-0.297399,-0.000210
9.936963,-0.437883,0.430465,0.408049,0.466452,-1.118996,-0.689551,0.506724,-0.221161,-0.081418,0.236222,0.404686,-0.499752,-0.232617,0.286968,-2.668714,-0.647420,1.791946,-1.651821,-1.493443,3.442391,0.732252,-0.049933,0.016260,0.000028,-0.000482,-0.003836,-0.299097,-0.000045
9.937993,-0.435418,0.431483,0.408057,0.463966,-1.120648,-0.689546,0.506271,-0.206191,-0.086820,0.245379,0.410003,-0.499642,-0.231594,0.286858,-2.668764,-0.647397,1.791946,-1.651824,-1.493450,3.442084,0.732252,-0.049721,0.018396,0.000068,-0.001400,-0.004475,-0.300000,0.000223
9.939072,-0.434258,0.431670,0.411093,0.464124,-1.122742,-0.691153,0.506013,-0.191674,-0.091391,0.253771,0.415787,-0.499488,-0.230630,0.286760,-2.668813,-0.647380,1.791952,-1.651818,-1.493451,3.441784,0.732253,-0.050067,0.017941,0.001692,0.000659,-0.003970,-0.301403,0.001272
9.940069,-0.431791,0.433007,0.418876,0.462598,-1.122219,-0.692382,0.506044,-0.179914,-0.094994,0.260239,0.420505,-0.499513,-0.229835,0.286688,-2.668863,-0.647364,1.791954,-1.651819,-1.493451,3.441482,0.732254,-0.049725,0.017954,0.001900,0.000171,-0.003093,-0.301313,0.001922
9.940956,-0.430181,0.435348,0.416674,0.463517,-1.122329,-0.695389,0.506934,-0.170797,-0.097759,0.265120,0.423834,-0.499760,-0.229168,0.286642,-2.668913,-0.647348,1.791950,-1.651815,-1.493459,3.441175,0.732256,-0.050067,0.017359,-0.000345,0.001315,-0.004684,-0.301335,0.001981
9.942034,-0.426272,0.435892,0.420632,0.463577,-1.122152,-0.694680,0.506241,-0.163026,-0.099517,0.269073,0.426622,-0.500110,-0.228549,0.286607,-2.668962,-0.647332,1.791958,-1.651819,-1.493465,3.440884,0.732250,-0.050030,0.016234,0.002159,0.000192,-0.005519,-0.299307,0.000323
9.943096,-0.425477,0.432604,0.423188,0.461181,-1.122600,-0.695685,0.507005,-0.156804,-0.097863,0.270383,0.430539,-0.500398,-0.227973,0.286557,-2.669017,-0.647317,1.791958,-1.651819,-1.493473,3.440580,0.732255,-0.051019,0.016089,0.001903,-0.000185,-0.006835,-0.301578,0.001865
9.944105,-0.422305,0.436311,0.429557,0.463340,-1.121412,-0.696386,0.506533,-0.151349,-0.093989,0.269956,0.435460,-0.500670,-0.227338,0.286484,-2.669068,-0.647295,1.791962,-1.651813,-1.493481,3.440279,0.732254,-0.050477,0.017784,0.002314,0.001760,-0.007503,-0.302041,0.000457
9.944974,-0.419691,0.434337,0.432066,0.460522,-1.119924,-0.698645,0.506217,-0.145091,-0.090831,0.270341,0.440492,-0.501025,-0.226503,0.286383,-2.669120,-0.647281,1.791961,-1.651819,-1.493497,3.439975,0.732253,-0.051152,0.015999,0.000778,-0.000622,-0.009695,-0.302646,0.001562
9.946002,-0.418615,0.432308,0.432804,0.459635,-1.118160,-0.699024,0.506213,-0.136208,-0.089147,0.272935,0.446241,-0.501375,-0.225369,0.286256,-2.669171,-0.647260,1.791961,-1.651813,-1.493512,3.439670,0.732257,-0.051583,0.017003,0.000949,0.001848,-0.012016,-0.301235,0.002294
9.947038,-0.417990,0.435932,0.437460,0.461004,-1.115624,-0.701630,0.507287,-0.125694,-0.089901,0.277830,0.451488,-0.501892,-0.224083,0.286116,-2.669222,-0.647241,1.791968,-1.651810,-1.493532,3.439368,0.732257,-0.051204,0.018077,0.002194,0.002322,-0.014746,-0.302252,0.002433
9.947956,-0.417215,0.436876,0.438459,0.458886,-1.113074,-0.702705,0.507661,-0.116522,-0.091947,0.282848,0.455443,-0.502738,-0.222948,0.285957,-2.669270,-0.647226,1.791969,-1.651814,-1.493559,3.439066,0.732252,-0.050627,0.016345,0.001526,0.000694,-0.018190,-0.301023,0.000420
9.948998,-0.414942,0.430618,0.444078,0.459195,-1.108688,-0.704098,0.507061,-0.110885,-0.091774,0.284936,0.459100,-0.503866,-0.222193,0.285771,-2.669321,-0.647211,1.791972,-1.651806,-1.493587,3.438763,0.732253,-0.050138,0.015953,0.002506,0.002381,-0.021500,-0.300985,-0.000196
9.950016,-0.414046,0.433348,0.448886,0.459211,-1.107001,-0.702772,0.507864,-0.108383,-0.090419,0.284907,0.462036,-0.505369,-0.221917,0.285570,-2.669370,-0.647187,1.791972,-1.651805,-1.493625,3.438457,0.732258,-0.050384,0.019115,0.001371,0.001699,-0.026705,-0.300990,0.001145
9.951055,-0.412535,0.433846,0.456350,0.457899,-1.105045,-0.701724,0.507845,-0.105125,-0.091936,0.286899,0.464163,-0.507241,-0.221949,0.285356,-2.669419,-0.647172,1.791973,-1.651804,-1.493661,3.438144,0.732252,-0.049944,0.017809,0.000617,0.001362,-0.029153,-0.303621,-0.000333
9.952108,-0.413609,0.433757,0.458782,0.456687,-1.103456,-0.700292,0.508056,-0.098808,-0.096858,0.292605,0.466049,-0.509354,-0.222011,0.285115,-2.669469,-0.647155,1.791969,-1.651801,-1.493704,3.437835,0.732253,-0.049799,0.017654,-0.001377,0.002277,-0.031862,-0.306033,-0.000142
9.952967,-0.411423,0.434345,0.463831,0.456701,-1.102865,-0.698708,0.508634,-0.090947,-0.103995,0.301053,0.466838,-0.511705,-0.222006,0.284844,-2.669514,-0.647136,1.791971,-1.651797,-1.493744,3.437522,0.732254,-0.048395,0.017766,-0.000883,0.003069,-0.034235,-0.308855,-0.000433
9.953946,-0.411117,0.431827,0.465004,0.458972,-1.102589,-0.696721,0.507963,-0.083734,-0.112196,0.310658,0.465698,-0.514250,-0.221980,0.284551,-2.669563,-0.647118,1.791967,-1.651794,-1.493783,3.437203,0.732252,-0.048664,0.017489,-0.001968,0.002703,-0.035404,-0.311181,-0.001470
9.954994,-0.411488,0.431219,0.466163,0.457522,-1.104733,-0.697133,0.508552,-0.076630,-0.120394,0.320775,0.463888,-0.516694,-0.221897,0.284245,-2.669608,-0.647097,1.791969,-1.651799,-1.493820,3.436886,0.732255,-0.047982,0.018780,-0.000960,0.000240,-0.036412,-0.314311,0.000013
9.956011,-0.413385,0.431030,0.472706,0.458368,-1.105396,-0.696762,0.508236,-0.070414,-0.127505,0.329968,0.462185,-0.518858,-0.221861,0.283951,-2.669652,-0.647076,1.791971,-1.651794,-1.493855,3.436567,0.732252,-0.046959,0.019106,0.000139,0.001272,-0.035077,-0.315210,-0.001038
9.957030,-0.411745,0.432209,0.473904,0.459520,-1.107997,-0.697647,0.508936,-0.068406,-0.132688,0.336130,0.459294,-0.520854,-0.222123,0.283695,-2.669694,-0.647056,1.791968,-1.651795,-1.493890,3.436247,0.732254,-0.045200,0.019240,-0.001456,0.000122,-0.035236,-0.316823,-0.000258
9.958040,-0.409938,0.427040,0.474964,0.461807,-1.109965,-0.695779,0.508717,-0.071143,-0.135391,0.338789,0.455189,-0.522671,-0.222736,0.283489,-2.669738,-0.647038,1.791970,-1.651799,-1.493921,3.435928,0.732251,-0.045211,0.018712,-0.000387,-0.001259,-0.033459,-0.317170,-0.001531
9.959028,-0.412502,0.429309,0.478814,0.461051,-1.111828,-0.695626,0.508449,-0.076058,-0.135508,0.338704,0.451792,-0.524150,-0.223563,0.283337,-2.669783,-0.647012,1.791974,-1.651806,-1.493948,3.435602,0.732251,-0.045276,0.021288,0.000679,-0.003684,-0.032370,-0.320237,-0.000942
9.959979,-0.409579,0.429564,0.485516,0.461715,-1.114556,-0.695365,0.509286,-0.082115,-0.133680,0.336391,0.449659,-0.525363,-0.224511,0.283250,-2.669821,-0.646992,1.791975,-1.651807,-1.493980,3.435280,0.732253,-0.043175,0.020198,0.000611,-0.003243,-0.031484,-0.321930,-0.000263
9.961054,-0.409000,0.430863,0.487573,0.459490,-1.114064,-0.695693,0.508230,-0.089801,-0.130202,0.332075,0.447960,-0.526544,-0.225515,0.283242,-2.669864,-0.646972,1.791971,-1.651812,-1.494008,3.434950,0.732248,-0.043805,0.020163,-0.000800,-0.004164,-0.029789,-0.323734,-0.001792
9.962064,-0.409348,0.429319,0.491558,0.460155,-1.115279,-0.695610,0.509273,-0.098173,-0.125618,0.326898,0.446199,-0.527867,-0.226436,0.283307,-2.669907,-0.646954,1.791973,-1.651812,-1.494043,3.434623,0.732255,-0.043180,0.019651,0.000333,-0.002332,-0.031450,-0.325419,0.000496
9.963041,-0.406707,0.429573,0.497351,0.459174,-1.114059,-0.695755,0.508625,-0.107995,-0.120104,0.320719,0.443605,-0.529511,-0.227312,0.283429,-2.669946,-0.646930,1.791973,-1.651818,-1.494076,3.434291,0.732252,-0.042166,0.020494,0.000358,-0.003281,-0.031287,-0.327245,-0.001463
9.964094,-0.407562,0.425919,0.501684,0.459723,-1.114248,-0.697103,0.509318,-0.118932,-0.114521,0.314189,0.440038,-0.531529,-0.228145,0.283575,-2.669990,-0.646910,1.791971,-1.651818,-1.494112,3.433954,0.732256,-0.042618,0.020440,-0.000565,-0.002646,-0.033514,-0.328691,0.000007
9.964993,-0.406007,0.427405,0.506670,0.457817,-1.115058,-0.697059,0.509001,-0.128175,-0.111216,0.309942,0.436007,-0.533815,-0.228805,0.283718,-2.670028,-0.646884,1.791973,-1.651823,-1.494148,3.433627,0.732253,-0.041343,0.022336,-0.000634,-0.003493,-0.034414,-0.329269,-0.001234
9.966011,-0.401135,0.428000,0.508752,0.458433,-1.114214,-0.698813,0.508768,-0.135255,-0.111491,0.308940,0.431205,-0.536331,-0.229282,0.283848,-2.670068,-0.646864,1.791972,-1.651822,-1.494182,3.433297,0.732255,-0.041324,0.021630,-0.001315,-0.001942,-0.034500,-0.330667,-0.000446
9.967124,-0.401789,0.427962,0.514841,0.456371,-1.115562,-0.699665,0.508971,-0.139735,-0.114350,0.310772,0.426274,-0.538928,-0.229508,0.283955,-2.670114,-0.646844,1.791974,-1.651826,-1.494222,3.432970,0.732255,-0.042856,0.021439,-0.000319,-0.002879,-0.036373,-0.330703,0.000178
9.968099,-0.401757,0.431054,0.517991,0.455563,-1.116777,-0.702363,0.509053,-0.140964,-0.118279,0.314763,0.422270,-0.541403,-0.229444,0.284030,-2.670153,-0.646822,1.791970,-1.651824,-1.494258,3.432636,0.732256,-0.041629,0.021580,-0.001101,-0.001272,-0.036179,-0.331974,-0.000067
9.968982,-0.398783,0.428191,0.520890,0.456156,-1.117109,-0.700808,0.508937,-0.142064,-0.121760,0.318690,0.418177,-0.543794,-0.229343,0.284071,-2.670192,-0.646805,1.791972,-1.651824,-1.494297,3.432301,0.732257,-0.040829,0.020141,-0.000722,-0.000852,-0.035931,-0.330855,-0.000079
9.970084,-0.399862,0.428429,0.521270,0.456498,-1.117309,-0.702717,0.508950,-0.145064,-0.123574,0.320876,0.413652,-0.546069,-0.229413,0.284069,-2.670235,-0.646780,1.791972,-1.651828,-1.494334,3.431962,0.732255,-0.041495,0.021599,-0.000405,-0.001707,-0.036451,-0.333682,0.000300
9.971080,-0.396714,0.427771,0.526890,0.455579,-1.120501,-0.704219,0.508730,-0.149326,-0.123444,0.321020,0.409894,-0.548032,-0.229713,0.284011,-2.670273,-0.646758,1.791978,-1.651832,-1.494374,3.431624,0.732256,-0.040086,0.021574,0.001564,-0.002373,-0.037382,-0.333797,0.000441
9.972032,-0.395047,0.429504,0.530967,0.455252,-1.120518,-0.706703,0.508908,-0.155233,-0.121345,0.318638,0.407165,-0.549650,-0.230334,0.283899,-2.670315,-0.646735,1.791978,-1.651833,-1.494405,3.431282,0.732257,-0.040810,0.021977,0.000726,-0.001819,-0.035222,-0.333927,0.001034
9.973026,-0.395789,0.427172,0.535037,0.453930,-1.121466,-0.707475,0.509456,-0.161283,-0.118429,0.315186,0.405387,-0.550955,-0.231176,0.283745,-2.670357,-0.646715,1.791977,-1.651834,-1.494446,3.430955,0.732257,-0.040797,0.021174,0.000622,-0.001834,-0.036145,-0.332991,0.000820
9.974093,-0.395043,0.428555,0.538230,0.453248,-1.121207,-0.707187,0.509549,-0.166602,-0.115956,0.312011,0.404054,-0.552052,-0.232139,0.283567,-2.670393,-0.646689,1.791978,-1.651834,-1.494483,3.430617,0.732257,-0.039617,0.022383,0.000566,-0.000882,-0.036193,-0.333887,-0.000129
9.975074,-0.393105,0.428159,0.543606,0.452900,-1.121128,-0.710186,0.509319,-0.173105,-0.114062,0.308437,0.401961,-0.553164,-0.233267,0.283388,-2.670432,-0.646668,1.791982,-1.651835,-1.494528,3.430283,0.732255,-0.039151,0.021791,0.001072,-0.000604,-0.037493,-0.336132,-0.000131
9.975965,-0.391679,0.427315,0.546217,0.451762,-1.121491,-0.707359,0.510269,-0.180872,-0.112486,0.304298,0.399163,-0.554368,-0.234515,0.283226,-2.670471,-0.646646,1.791981,-1.651835,-1.494568,3.429946,0.732257,-0.039294,0.022056,0.000356,-0.000633,-0.038525,-0.334706,0.000481
9.977026,-0.389555,0.426756,0.550224,0.451743,-1.122233,-0.708775,0.509704,-0.187854,-0.111782,0.300837,0.396379,-0.555639,-0.235768,0.283085,-2.670510,-0.646623,1.791983,-1.651833,-1.494609,3.429594,0.732254,-0.039216,0.022504,0.000823,0.000127,-0.038981,-0.338773,-0.001291
9.977987,-0.387897,0.428394,0.554921,0.450691,-1.121193,-0.710477,0.510102,-0.192584,-0.112661,0.299102,0.393873,-0.557003,-0.236914,0.282955,-2.670549,-0.646598,1.791984,-1.651835,-1.494649,3.429254,0.732256,-0.039435,0.022845,0.000938,-0.000224,-0.039310,-0.339209,0.000026
9.979028,-0.385996,0.426832,0.556168,0.451223,-1.122485,-0.715087,0.510012,-0.194509,-0.114693,0.299114,0.392132,-0.558431,-0.237873,0.282829,-2.670587,-0.646576,1.791984,-1.651834,-1.494695,3.428912,0.732255,-0.039455,0.022081,0.000510,0.000433,-0.041237,-0.338998,-0.000639
9.979975,-0.384199,0.426097,0.562949,0.451143,-1.121086,-0.714753,0.510154,-0.194114,-0.116811,0.299987,0.391656,-0.559854,-0.238679,0.282711,-2.670627,-0.646553,1.791990,-1.651834,-1.494733,3.428584,0.732255,-0.039549,0.022955,0.001926,-0.000514,-0.040975,-0.336245,-0.000287
9.980987,-0.384332,0.423332,0.563803,0.451713,-1.120607,-0.715468,0.510400,-0.191219,-0.119051,0.301669,0.392878,-0.561177,-0.239365,0.282609,-2.670668,-0.646529,1.791987,-1.651834,-1.494782,3.428243,0.732255,-0.039618,0.023344,0.000442,-0.000809,-0.043228,-0.338086,-0.000428
9.981965,-0.380338,0.426722,0.568969,0.450200,-1.121355,-0.716319,0.510548,-0.185134,-0.122433,0.305032,0.395880,-0.562309,-0.239891,0.282523,-2.670703,-0.646501,1.791992,-1.651837,-1.494827,3.427899,0.732258,-0.038753,0.024751,0.002019,-0.001687,-0.044644,-0.339045,-0.000773
9.983039,-0.378576,0.427389,0.573993,0.448655,-1.121791,-0.718563,0.510826,-0.176809,-0.126365,0.309396,0.400331,-0.563234,-0.240266,0.282444,-2.670746,-0.646482,1.791993,-1.651834,-1.494871,3.427558,0.732259,-0.039903,0.023128,0.001371,-0.000612,-0.044797,-0.339764,-0.000918
9.984046,-0.378969,0.425000,0.579928,0.449025,-1.121422,-0.720068,0.510306,-0.166821,-0.129793,0.314240,0.405694,-0.563991,-0.240435,0.282373,-2.670785,-0.646460,1.791994,-1.651832,-1.494916,3.427218,0.732257,-0.039916,0.022900,0.001007,0.000455,-0.045400,-0.339442,-0.001302
9.985046,-0.376747,0.427045,0.580388,0.446642,-1.122324,-0.721649,0.510496,-0.155384,-0.133547,0.320285,0.410968,-0.564668,-0.240409,0.282320,-2.670822,-0.646434,1.791993,-1.651836,-1.494965,3.426872,0.732260,-0.038899,0.024136,0.000063,-0.000225,-0.046679,-0.339593,-0.000101
9.986072,-0.374206,0.426871,0.582693,0.448014,-1.123878,-0.726158,0.511299,-0.144500,-0.137901,0.326819,0.415091,-0.565382,-0.240358,0.282299,-2.670861,-0.646412,1.791998,-1.651830,-1.495014,3.426534,0.732258,-0.039191,0.023173,0.001813,0.001670,-0.046664,-0.339681,-0.000334
9.987063,-0.373682,0.431524,0.587861,0.446310,-1.123616,-0.728414,0.511268,-0.136500,-0.140606,0.331271,0.418210,-0.566159,-0.240428,0.282301,-2.670901,-0.646387,1.792003,-1.651834,-1.495059,3.426200,0.732252,-0.039610,0.023321,0.002657,-0.000037,-0.046073,-0.336936,-0.001767
9.987993,-0.370520,0.428164,0.590121,0.446111,-1.123988,-0.730966,0.511015,-0.132027,-0.139291,0.331833,0.421478,-0.566915,-0.240656,0.282330,-2.670938,-0.646372,1.792003,-1.651831,-1.495108,3.425872,0.732251,-0.039057,0.021118,0.002037,0.001221,-0.047232,-0.336397,-0.001530
9.989044,-0.368186,0.426274,0.590941,0.444287,-1.124907,-0.731799,0.510182,-0.130336,-0.134160,0.329092,0.425096,-0.567641,-0.240995,0.282413,-2.670980,-0.646347,1.792006,-1.651831,-1.495156,3.425538,0.732255,-0.039821,0.022856,0.002751,0.001046,-0.047661,-0.335279,-0.000892
9.990052,-0.369865,0.429859,0.596548,0.444280,-1.125553,-0.730062,0.511186,-0.129992,-0.128052,0.325246,0.428198,-0.568454,-0.241424,0.282566,-2.671021,-0.646321,1.792014,-1.651828,-1.495205,3.425194,0.732261,-0.040104,0.023834,0.004377,0.002420,-0.047703,-0.336294,0.000928
9.991021,-0.365571,0.426192,0.602188,0.444313,-1.124891,-0.729986,0.509960,-0.131573,-0.121740,0.320459,0.429976,-0.569478,-0.241993,0.282769,-2.671055,-0.646303,1.792015,-1.651826,-1.495254,3.424851,0.732257,-0.038475,0.022143,0.003556,0.001979,-0.047965,-0.339729,-0.000944
9.992103,-0.364955,0.426607,0.604324,0.445052,-1.125201,-0.733028,0.510961,-0.134107,-0.115226,0.315463,0.430883,-0.570643,-0.242565,0.282984,-2.671097,-0.646275,1.792014,-1.651826,-1.495307,3.424507,0.732262,-0.039795,0.024003,0.002693,0.001566,-0.049450,-0.341306,0.001683
9.992992,-0.365437,0.426621,0.609165,0.445076,-1.125757,-0.736664,0.510913,-0.133717,-0.110400,0.313086,0.432374,-0.571727,-0.242904,0.283177,-2.671136,-0.646253,1.792021,-1.651826,-1.495357,3.424174,0.732258,-0.039231,0.023874,0.003737,0.000404,-0.050122,-0.340244,-0.000180
9.993990,-0.365406,0.423765,0.613974,0.443752,-1.125403,-0.738051,0.510218,-0.131044,-0.106726,0.312503,0.434963,-0.572657,-0.243123,0.283324,-2.671172,-0.646228,1.792022,-1.651830,-1.495408,3.423839,0.732259,-0.038230,0.023874,0.003066,0.000126,-0.050283,-0.337871,0.000072
9.995079,-0.365717,0.423633,0.617801,0.442497,-1.125028,-0.739392,0.510602,-0.128944,-0.103924,0.312297,0.437362,-0.573564,-0.243461,0.283428,-2.671207,-0.646201,1.792024,-1.651827,-1.495460,3.423501,0.732265,-0.037462,0.025333,0.002648,0.001003,-0.051506,-0.338177,0.001606
9.995988,-0.360856,0.421509,0.619833,0.442682,-1.126139,-0.737488,0.511190,-0.130242,-0.105585,0.314423,0.435622,-0.575845,-0.244741,0.283514,-2.671282,-0.646149,1.792032,-1.651824,-1.495568,3.422816,0.732260,-0.038141,0.026501,0.003646,0.001225,-0.052447,-0.342050,-0.000032
9.996969,-0.363547,0.424181,0.625592,0.444315,-1.124419,-0.738597,0.511513,-0.130242,-0.105585,0.314423,0.435622,-0.575845,-0.244741,0.283514,-2.671282,-0.646149,1.792032,-1.651824,-1.495568,3.422816,0.732260,-0.038141,0.026501,0.003646,0.001225,-0.052447,-0.342050,-0.000032
9.997961,-0.361675,0.426917,0.624963,0.442806,-1.124924,-0.736437,0.510751,-0.130617,-0.108871,0.317189,0.433579,-0.576905,-0.245425,0.283457,-2.671313,-0.646126,1.792034,-1.651828,-1.495629,3.422476,0.732259,-0.036038,0.025197,0.002700,-0.000706,-0.054944,-0.342505,-0.000516
9.999035,-0.360869,0.426136,0.631716,0.440159,-1.127348,-0.738633,0.512331,-0.131791,-0.109271,0.317916,0.432984,-0.577641,-0.246122,0.283340,-2.671348,-0.646103,1.792042,-1.651826,-1.495686,3.422122,0.732265,-0.036213,0.023888,0.004933,0.000392,-0.055219,-0.346244,0.001159
10.000052,-0.360303,0.427277,0.631595,0.441540,-1.128866,-0.740491,0.511608,-0.136982,-0.104864,0.314159,0.432584,-0.578234,-0.246929,0.283190,-2.671383,-0.646078,1.792044,-1.651820,-1.495736,3.421776,0.732256,-0.035798,0.024361,0.003661,0.002494,-0.053761,-0.345905,-0.001844
10.001013,-0.359319,0.424735,0.638949,0.441748,-1.128931,-0.741874,0.510867,-0.146671,-0.097218,0.306597,0.430870,-0.578902,-0.247896,0.283031,-2.671417,-0.646055,1.792052,-1.651824,-1.495790,3.421432,0.732259,-0.035303,0.023849,0.005704,0.000774,-0.053117,-0.345750,-0.000202
10.002103,-0.357929,0.424399,0.639594,0.440779,-1.129369,-0.744153,0.511662,-0.159074,-0.087750,0.296611,0.428667,-0.579586,-0.249034,0.282890,-2.671451,-0.646028,1.792051,-1.651825,-1.495845,3.421088,0.732263,-0.035049,0.025138,0.003924,0.000221,-0.053841,-0.345858,0.001412
10.003093,-0.356409,0.423091,0.644291,0.441362,-1.131666,-0.742417,0.511084,-0.171521,-0.078679,0.286558,0.426690,-0.580211,-0.250275,0.282774,-2.671487,-0.646002,1.792060,-1.651822,-1.495902,3.420741,0.732260,-0.034912,0.025361,0.005715,0.000717,-0.054346,-0.345526,-0.000029
10.003993,-0.354235,0.426519,0.648792,0.441134,-1.131126,-0.742167,0.511654,-0.182935,-0.071278,0.277612,0.424806,-0.580810,-0.251578,0.282685,-2.671521,-0.645976,1.792065,-1.651824,-1.495953,3.420389,0.732264,-0.034914,0.026036,0.005280,-0.000216,-0.052882,-0.348849,0.001296
10.004985,-0.355493,0.423685,0.655024,0.440734,-1.130922,-0.742157,0.511392,-0.191822,-0.065126,0.270288,0.423859,-0.581306,-0.252784,0.282628,-2.671557,-0.645956,1.792067,-1.651823,-1.496008,3.420034,0.732260,-0.035244,0.024364,0.004813,-0.000364,-0.054148,-0.350280,0.000289
10.006215,-0.354674,0.420915,0.658613,0.443255,-1.131852,-0.745135,0.512122,-0.197011,-0.060289,0.265473,0.424173,-0.581630,-0.253743,0.282602,-2.671588,-0.645928,1.792067,-1.651822,-1.496066,3.419683,0.732262,-0.033864,0.025816,0.003674,-0.000358,-0.055147,-0.351854,0.000976
10.007037,-0.355637,0.417881,0.662516,0.440450,-1.131426,-0.745929,0.511917,-0.198791,-0.058022,0.263765,0.425312,-0.581795,-0.254534,0.282587,-2.671621,-0.645900,1.792073,-1.651830,-1.496126,3.419330,0.732262,-0.033451,0.027282,0.004304,-0.003202,-0.055308,-0.351290,-0.000311
10.008080,-0.353270,0.418340,0.666312,0.440762,-1.131440,-0.745610,0.512067,-0.198354,-0.059702,0.265212,0.426422,-0.581890,-0.255378,0.282566,-2.671651,-0.645869,1.792077,-1.651826,-1.496182,3.418974,0.732260,-0.032303,0.028697,0.003943,-0.000749,-0.056318,-0.351408,0.000251
10.008984,-0.348782,0.418166,0.668305,0.441561,-1.131313,-0.745154,0.512399,-0.197381,-0.065623,0.269333,0.426046,-0.582082,-0.256420,0.282545,-2.671682,-0.645842,1.792081,-1.651827,-1.496241,3.418624,0.732259,-0.032746,0.028488,0.004092,-0.001478,-0.057156,-0.353508,0.000111
10.009969,-0.350208,0.418797,0.671506,0.441943,-1.130370,-0.744211,0.511575,-0.194322,-0.074276,0.275998,0.425457,-0.582220,-0.257509,0.282523,-2.671719,-0.645814,1.792087,-1.651831,-1.496300,3.418264,0.732257,-0.034233,0.028548,0.004846,-0.002540,-0.057943,-0.355144,-0.000407
10.011143,-0.352555,0.417110,0.676415,0.440269,-1.130815,-0.743574,0.512270,-0.187743,-0.082882,0.284084,0.427084,-0.582035,-0.258522,0.282497,-2.671749,-0.645788,1.792093,-1.651833,-1.496362,3.417905,0.732264,-0.032773,0.028241,0.005151,-0.003249,-0.059641,-0.357585,0.001391
10.012155,-0.350366,0.419510,0.682643,0.438950,-1.133343,-0.741604,0.512545,-0.181593,-0.089596,0.290836,0.429773,-0.581663,-0.259695,0.282480,-2.671777,-0.645755,1.792097,-1.651831,-1.496424,3.417535,0.732259,-0.030837,0.029103,0.005001,-0.002060,-0.060186,-0.360352,0.000171
10.012981,-0.348484,0.417228,0.681601,0.440642,-1.133103,-0.740000,0.513211,-0.179307,-0.094689,0.295260,0.430884,-0.581396,-0.261186,0.282483,-2.671810,-0.645729,1.792099,-1.651830,-1.496477,3.417161,0.732257,-0.031190,0.027911,0.003888,-0.001152,-0.058503,-0.363825,-0.000204
10.014098,-0.350076,0.418759,0.689820,0.439552,-1.132169,-0.742079,0.512156,-0.179353,-0.098465,0.298301,0.430715,-0.581203,-0.262843,0.282506,-2.671844,-0.645695,1.792110,-1.651834,-1.496538,3.416793,0.732255,-0.031431,0.028947,0.005968,-0.003088,-0.059304,-0.366271,-0.001406
10.015040,-0.346790,0.417512,0.688173,0.438758,-1.133080,-0.739999,0.512635,-0.180183,-0.100411,0.300104,0.430832,-0.580896,-0.264607,0.282568,-2.671872,-0.645668,1.792112,-1.651834,-1.496603,3.416426,0.732261,-0.029876,0.028220,0.004036,-0.002400,-0.061147,-0.366092,0.000889
10.015996,-0.348317,0.415352,0.693773,0.437451,-1.131114,-0.737313,0.513162,-0.182410,-0.100422,0.300268,0.431069,-0.580489,-0.266540,0.282692,-2.671904,-0.645638,1.792124,-1.651834,-1.496663,3.416049,0.732258,-0.030814,0.028818,0.006649,-0.001971,-0.060918,-0.369433,0.000057
10.017046,-0.348958,0.415340,0.695782,0.438312,-1.132629,-0.736139,0.512572,-0.186464,-0.099253,0.299000,0.430490,-0.580109,-0.268622,0.282882,-2.671929,-0.645605,1.792127,-1.651832,-1.496730,3.415670,0.732256,-0.029380,0.029824,0.005698,-0.001081,-0.063568,-0.373383,-0.000842
10.018068,-0.348147,0.413669,0.702158,0.436377,-1.132649,-0.732251,0.513136,-0.192795,-0.097641,0.296500,0.428508,-0.579853,-0.270850,0.283134,-2.671955,-0.645575,1.792135,-1.651838,-1.496791,3.415284,0.732259,-0.028368,0.029813,0.006725,-0.002242,-0.062854,-0.376116,0.000513
10.019010,-0.345752,0.412340,0.706122,0.436353,-1.131435,-0.730185,0.512714,-0.201175,-0.096010,0.293212,0.425097,-0.579763,-0.273169,0.283433,-2.671982,-0.645543,1.792137,-1.651834,-1.496859,3.414895,0.732259,-0.028095,0.030619,0.005539,-0.000757,-0.063588,-0.381479,-0.000480
10.020104,-0.343413,0.410111,0.709137,0.437018,-1.131455,-0.731065,0.512491,-0.208483,-0.096344,0.291876,0.420598,-0.579807,-0.275312,0.283761,-2.672013,-0.645511,1.792144,-1.651834,-1.496927,3.414499,0.732263,-0.028580,0.031217,0.005383,-0.001114,-0.065431,-0.384631,0.000518
10.021028,-0.347201,0.410729,0.709621,0.434984,-1.131541,-0.729542,0.512820,-0.210933,-0.100116,0.294968,0.416435,-0.579814,-0.277059,0.284098,-2.672044,-0.645477,1.792152,-1.651838,-1.496997,3.414106,0.732265,-0.028988,0.032302,0.005982,-0.002130,-0.066224,-0.385419,0.001120
10.021984,-0.346519,0.407311,0.713738,0.435325,-1.131488,-0.728884,0.513377,-0.210893,-0.105329,0.299942,0.412894,-0.579808,-0.278612,0.284420,-2.672065,-0.645449,1.792163,-1.651836,-1.497066,3.413717,0.732265,-0.026482,0.031955,0.007478,-0.000458,-0.066723,-0.388042,0.000598
10.023162,-0.344397,0.409496,0.716877,0.433707,-1.131516,-0.728714,0.514104,-0.214213,-0.109592,0.302663,0.408227,-0.580058,-0.280313,0.284709,-2.672090,-0.645412,1.792170,-1.651838,-1.497134,3.413321,0.732261,-0.026197,0.033566,0.007238,-0.001147,-0.067421,-0.389858,-0.000359
10.024104,-0.343714,0.407747,0.721020,0.432596,-1.130494,-0.726041,0.513862,-0.221183,-0.112753,0.302919,0.402274,-0.580582,-0.282149,0.284949,-2.672119,-0.645381,1.792178,-1.651837,-1.497202,3.412925,0.732260,-0.026488,0.032476,0.007944,-0.000009,-0.068344,-0.392017,-0.001629
10.025071,-0.344605,0.411313,0.725130,0.433148,-1.130804,-0.725234,0.514546,-0.229388,-0.115074,0.302047,0.395824,-0.581244,-0.283927,0.285136,-2.672144,-0.645348,1.792185,-1.651834,-1.497274,3.412520,0.732265,-0.026188,0.033281,0.007674,0.000685,-0.069948,-0.395756,-0.000996
10.026050,-0.338160,0.409620,0.726487,0.430556,-1.130170,-0.724079,0.513243,-0.238166,-0.115789,0.300045,0.389462,-0.581924,-0.285591,0.285264,-2.672166,-0.645319,1.792193,-1.651834,-1.497342,3.412113,0.732260,-0.025121,0.031457,0.007459,-0.000259,-0.070289,-0.397679,-0.002215
10.026965,-0.339889,0.408634,0.730219,0.431250,-1.130408,-0.724820,0.514198,-0.246295,-0.114182,0.297062,0.384190,-0.582466,-0.287088,0.285336,-2.672199,-0.645283,1.792204,-1.651830,-1.497416,3.411708,0.732265,-0.027629,0.032230,0.008628,0.001877,-0.071549,-0.400031,0.000564
10.028130,-0.341434,0.407619,0.734245,0.432449,-1.131616,-0.724827,0.514212,-0.251892,-0.111469,0.294480,0.380284,-0.582818,-0.288339,0.285372,-2.672222,-0.645248,1.792214,-1.651830,-1.497487,3.411309,0.732261,-0.026110,0.032611,0.008474,0.000807,-0.071858,-0.400261,-0.001230
10.029037,-0.340785,0.409278,0.736859,0.430752,-1.133022,-0.722720,0.513306,-0.255982,-0.108275,0.291958,0.377505,-0.583007,-0.289484,0.285389,-2.672244,-0.645216,1.792223,-1.651834,-1.497560,3.410906,0.732260,-0.024650,0.033125,0.008688,-0.000752,-0.071518,-0.402163,-0.001055
10.029979,-0.333985,0.406385,0.737939,0.430853,-1.130795,-0.722085,0.513245,-0.261352,-0.103385,0.287479,0.375489,-0.583127,-0.290704,0.285417,-2.672268,-0.645186,1.792233,-1.651831,-1.497631,3.410493,0.732264,-0.024377,0.032225,0.009091,0.000531,-0.070661,-0.405163,0.000901
10.031075,-0.335290,0.404953,0.745141,0.429917,-1.131651,-0.721696,0.513330,-0.266489,-0.097223,0.281974,0.374466,-0.583204,-0.291828,0.285475,-2.672299,-0.645150,1.792247,-1.651831,-1.497711,3.410080,0.732265,-0.027094,0.033581,0.010272,0.000048,-0.073423,-0.406787,0.001151
10.031981,-0.334734,0.404987,0.746938,0.428887,-1.132375,-0.722033,0.513977,-0.266830,-0.092761,0.279186,0.375031,-0.583165,-0.292549,0.285543,-2.672321,-0.645115,1.792253,-1.651830,-1.497783,3.409669,0.732265,-0.025743,0.034250,0.008783,0.000551,-0.073337,-0.408774,0.001145
10.033075,-0.334554,0.405393,0.749649,0.429866,-1.131272,-0.723918,0.513160,-0.262821,-0.091582,0.280013,0.375972,-0.583152,-0.292890,0.285596,-2.672345,-0.645081,1.792265,-1.651830,-1.497858,3.409257,0.732263,-0.025410,0.034113,0.009583,0.001229,-0.073117,-0.409299,-0.000010
10.034020,-0.333738,0.407709,0.753357,0.430090,-1.129518,-0.726046,0.514135,-0.258596,-0.091390,0.281343,0.376477,-0.583296,-0.293088,0.285624,-2.672370,-0.645045,1.792275,-1.651832,-1.497938,3.408851,0.732268,-0.024807,0.033858,0.010297,-0.000129,-0.074950,-0.409015,0.001802
10.034957,-0.331778,0.403158,0.758531,0.429087,-1.128811,-0.726088,0.513662,-0.256086,-0.088767,0.280229,0.377918,-0.583438,-0.293244,0.285608,-2.672393,-0.645014,1.792285,-1.651834,-1.498020,3.408446,0.732261,-0.024601,0.032629,0.010212,-0.000663,-0.077201,-0.407951,-0.000008
10.036071,-0.332092,0.404204,0.763809,0.428499,-1.129771,-0.726645,0.514654,-0.253854,-0.084196,0.277727,0.380907,-0.583450,-0.293255,0.285527,-2.672417,-0.644974,1.792294,-1.651833,-1.498101,3.408033,0.732268,-0.024953,0.034780,0.009394,-0.000052,-0.078380,-0.408918,0.001084
10.037050,-0.329937,0.402671,0.764509,0.428447,-1.127221,-0.728150,0.513583,-0.249666,-0.081271,0.277226,0.384262,-0.583419,-0.292965,0.285381,-2.672440,-0.644943,1.792301,-1.651833,-1.498180,3.407628,0.732262,-0.024111,0.034229,0.008915,0.000101,-0.078157,-0.410053,-0.000730
10.037968,-0.330157,0.399428,0.770500,0.428675,-1.126874,-0.731628,0.514311,-0.244002,-0.080375,0.278849,0.387324,-0.583424,-0.292398,0.285195,-2.672466,-0.644906,1.792315,-1.651833,-1.498270,3.407217,0.732267,-0.024537,0.034904,0.010380,-0.000231,-0.081193,-0.409688,0.001586
10.038945,-0.327065,0.401663,0.771449,0.428860,-1.125850,-0.734046,0.514905,-0.237424,-0.081010,0.281916,0.390366,-0.583424,-0.291664,0.284989,-2.672490,-0.644868,1.792322,-1.651834,-1.498356,3.406812,0.732266,-0.023788,0.036378,0.009119,-0.000774,-0.081929,-0.407156,0.000241
10.039996,-0.326199,0.406246,0.777585,0.427561,-1.124642,-0.734922,0.514589,-0.229322,-0.083297,0.286663,0.393920,-0.583323,-0.290823,0.284754,-2.672517,-0.644834,1.792336,-1.651837,-1.498443,3.406411,0.732264,-0.024674,0.035161,0.010458,-0.001286,-0.083441,-0.405960,-0.000783
10.040964,-0.325009,0.401253,0.779346,0.427349,-1.123135,-0.736042,0.515664,-0.220338,-0.084198,0.291211,0.398938,-0.583022,-0.289875,0.284486,-2.672540,-0.644804,1.792343,-1.651834,-1.498531,3.406002,0.732266,-0.024446,0.032858,0.009397,-0.000430,-0.085225,-0.406535,0.000021
10.041997,-0.322602,0.403602,0.781379,0.428346,-1.122978,-0.737854,0.514887,-0.211346,-0.082244,0.294558,0.405229,-0.582543,-0.288803,0.284198,-2.672564,-0.644765,1.792355,-1.651835,-1.498621,3.405598,0.732261,-0.024399,0.035256,0.010333,-0.000596,-0.087177,-0.406569,-0.001984
10.043079,-0.323642,0.400736,0.786998,0.426893,-1.122325,-0.739295,0.515318,-0.202061,-0.078610,0.297348,0.412472,-0.581920,-0.287651,0.283910,-2.672589,-0.644733,1.792368,-1.651837,-1.498711,3.405193,0.732265,-0.024937,0.034016,0.011242,-0.001946,-0.087851,-0.406145,-0.000247
10.044086,-0.321825,0.401267,0.790677,0.426657,-1.121009,-0.740792,0.514572,-0.192614,-0.073730,0.299618,0.420582,-0.581184,-0.286522,0.283643,-2.672610,-0.644696,1.792377,-1.651835,-1.498802,3.404783,0.732262,-0.023758,0.035398,0.010470,-0.000949,-0.089095,-0.406253,-0.000954
10.044972,-0.319621,0.399016,0.791147,0.426644,-1.121509,-0.744623,0.515289,-0.183643,-0.068918,0.302020,0.428262,-0.580511,-0.285508,0.283415,-2.672635,-0.644661,1.792386,-1.651835,-1.498899,3.404381,0.732265,-0.024019,0.035029,0.010559,-0.001118,-0.090842,-0.406064,0.000707
10.046019,-0.322275,0.396763,0.794874,0.424767,-1.119140,-0.745883,0.515324,-0.175024,-0.064927,0.305006,0.435120,-0.579976,-0.284646,0.283227,-2.672660,-0.644623,1.792400,-1.651837,-1.498989,3.403984,0.732262,-0.024502,0.036017,0.011953,-0.001401,-0.090649,-0.403106,-0.000604
10.047030,-0.322703,0.398259,0.799498,0.425331,-1.117812,-0.744128,0.514769,-0.168284,-0.061665,0.307627,0.440537,-0.579680,-0.284080,0.283080,-2.672678,-0.644584,1.792411,-1.651833,-1.499092,3.403575,0.732262,-0.022558,0.037023,0.012040,-0.000006,-0.093462,-0.403292,-0.000498
10.048011,-0.319151,0.395650,0.804065,0.422690,-1.114906,-0.745817,0.514746,-0.166153,-0.058772,0.308556,0.443209,-0.579756,-0.283932,0.282997,-2.672699,-0.644550,1.792421,-1.651834,-1.499191,3.403163,0.732267,-0.021735,0.036192,0.011639,-0.000943,-0.095187,-0.406348,0.000759
10.049074,-0.323282,0.392190,0.806464,0.423341,-1.113268,-0.746564,0.514455,-0.167233,-0.056514,0.308841,0.443455,-0.580103,-0.283988,0.282983,-2.672724,-0.644508,1.792430,-1.651830,-1.499295,3.402757,0.732266,-0.022872,0.037352,0.011210,0.001241,-0.098427,-0.405819,0.000953
10.050052,-0.319192,0.392952,0.813819,0.423229,-1.111614,-0.749082,0.515002,-0.169543,-0.056675,0.310393,0.441325,-0.580659,-0.284106,0.283028,-2.672739,-0.644467,1.792444,-1.651832,-1.499401,3.402351,0.732268,-0.020201,0.038950,0.011995,0.000208,-0.100462,-0.406580,0.001699
10.050994,-0.317274,0.393242,0.814767,0.423309,-1.112943,-0.749748,0.514997,-0.172491,-0.059888,0.313653,0.437275,-0.581325,-0.284301,0.283112,-2.672766,-0.644429,1.792451,-1.651833,-1.499511,3.401949,0.732265,-0.021616,0.038429,0.010166,-0.000047,-0.102370,-0.405246,0.000750
10.052012,-0.319307,0.393603,0.822372,0.421295,-1.111067,-0.750607,0.514866,-0.173081,-0.065261,0.319314,0.433598,-0.581807,-0.284375,0.283192,-2.672787,-0.644391,1.792467,-1.651834,-1.499611,3.401540,0.732266,-0.021972,0.038148,0.011424,-0.000449,-0.101316,-0.405628,0.000912
10.053002,-0.317339,0.395343,0.820615,0.420987,-1.111245,-0.751535,0.515218,-0.171214,-0.071380,0.326616,0.430818,-0.582067,-0.284241,0.283248,-2.672803,-0.644353,1.792472,-1.651831,-1.499718,3.401137,0.732268,-0.020370,0.037852,0.009573,0.001098,-0.103563,-0.406121,0.001329
10.053988,-0.316811,0.393112,0.822677,0.421299,-1.110396,-0.752842,0.514585,-0.170899,-0.076017,0.332538,0.427716,-0.582288,-0.284060,0.283294,-2.672826,-0.644316,1.792492,-1.651828,-1.499825,3.400730,0.732266,-0.020748,0.036871,0.012254,0.000955,-0.103665,-0.406413,0.000778
10.055072,-0.314839,0.393068,0.826692,0.420059,-1.107762,-0.753692,0.516065,-0.174647,-0.076665,0.334165,0.424590,-0.582492,-0.284003,0.283330,-2.672846,-0.644276,1.792505,-1.651830,-1.499934,3.400330,0.732271,-0.020403,0.037855,0.013028,0.000291,-0.104797,-0.406347,0.002198
10.056110,-0.313541,0.390099,0.828834,0.420348,-1.107660,-0.754692,0.515021,-0.181532,-0.073663,0.331795,0.422130,-0.582619,-0.284119,0.283336,-2.672868,-0.644239,1.792518,-1.651829,-1.500048,3.399915,0.732262,-0.020740,0.037788,0.013035,0.001094,-0.107807,-0.407028,-0.000601
10.056975,-0.310471,0.388532,0.835584,0.421091,-1.105791,-0.757687,0.515470,-0.188985,-0.069529,0.328067,0.420334,-0.582659,-0.284342,0.283312,-2.672890,-0.644197,1.792532,-1.651829,-1.500154,3.399503,0.732268,-0.020750,0.039130,0.013881,0.000391,-0.108260,-0.407393,0.001675
10.058049,-0.312744,0.388023,0.840598,0.419369,-1.103528,-0.757507,0.515756,-0.193203,-0.067075,0.326321,0.419847,-0.582545,-0.284551,0.283269,-2.672913,-0.644156,1.792541,-1.651831,-1.500269,3.399108,0.732268,-0.021701,0.039714,0.012107,-0.000646,-0.110196,-0.405203,0.000882
10.059032,-0.312361,0.384440,0.842353,0.418813,-1.101882,-0.755995,0.515451,-0.191896,-0.068472,0.329077,0.420676,-0.582255,-0.284676,0.283217,-2.672929,-0.644114,1.792553,-1.651829,-1.500385,3.398696,0.732268,-0.019956,0.039820,0.011636,0.000642,-0.112794,-0.406922,0.000483
10.059989,-0.311249,0.385854,0.843806,0.418003,-1.100948,-0.757852,0.515956,-0.188212,-0.073495,0.335050,0.420911,-0.582001,-0.284867,0.283170,-2.672948,-0.644069,1.792568,-1.651827,-1.500505,3.398283,0.732268,-0.019527,0.041471,0.012834,0.000698,-0.114769,-0.410032,0.001274
10.061025,-0.312582,0.388598,0.853331,0.416845,-1.099305,-0.757977,0.515650,-0.186187,-0.079948,0.341014,0.419525,-0.581930,-0.285304,0.283133,-2.672967,-0.644033,1.792585,-1.651824,-1.500624,3.397873,0.732267,-0.019450,0.040682,0.014183,0.001005,-0.116069,-0.409793,0.000421
10.062016,-0.310681,0.387770,0.853686,0.418014,-1.100062,-0.758504,0.516610,-0.187454,-0.085124,0.344740,0.416920,-0.581989,-0.286000,0.283096,-2.672984,-0.643996,1.792593,-1.651822,-1.500747,3.397457,0.732270,-0.018119,0.039283,0.011759,0.001627,-0.118187,-0.411649,0.001223
10.062992,-0.308926,0.389971,0.857662,0.418295,-1.098919,-0.759963,0.515733,-0.191713,-0.087446,0.345714,0.413942,-0.582046,-0.286849,0.283054,-2.673004,-0.643956,1.792613,-1.651824,-1.500864,3.397043,0.732266,-0.018426,0.039628,0.013752,0.000023,-0.117853,-0.412895,-0.000532
10.064093,-0.307225,0.388863,0.863440,0.415165,-1.098485,-0.761480,0.516534,-0.197456,-0.085709,0.343708,0.412476,-0.581876,-0.287737,0.283003,-2.673023,-0.643919,1.792627,-1.651826,-1.500985,3.396630,0.732272,-0.018651,0.038464,0.013902,-0.000662,-0.119407,-0.413142,0.001410
10.064977,-0.307761,0.385737,0.864368,0.417185,-1.096944,-0.759858,0.517541,-0.203419,-0.080470,0.339569,0.412795,-0.581419,-0.288543,0.282942,-2.673043,-0.643878,1.792639,-1.651820,-1.501110,3.396210,0.732267,-0.018797,0.038983,0.013488,0.001851,-0.120385,-0.413848,-0.000009
10.065981,-0.301238,0.383749,0.868867,0.415286,-1.097818,-0.759727,0.516581,-0.209159,-0.074445,0.335207,0.413349,-0.580801,-0.289196,0.282866,-2.673058,-0.643836,1.792657,-1.651826,-1.501236,3.395788,0.732263,-0.017959,0.040413,0.014938,-0.000493,-0.122113,-0.416765,-0.001854
10.067037,-0.301407,0.384190,0.871206,0.416838,-1.096887,-0.761805,0.516765,-0.212449,-0.070188,0.332929,0.414185,-0.580009,-0.289569,0.282767,-2.673083,-0.643793,1.792671,-1.651822,-1.501359,3.395367,0.732269,-0.020517,0.041286,0.014898,0.000882,-0.121632,-0.418673,0.000258
10.068007,-0.303860,0.382139,0.874122,0.415038,-1.097246,-0.763977,0.516732,-0.210447,-0.068678,0.334437,0.416393,-0.578968,-0.289512,0.282645,-2.673102,-0.643753,1.792689,-1.651827,-1.501483,3.394950,0.732269,-0.019718,0.041000,0.016046,-0.001059,-0.123073,-0.418614,0.000056
10.068997,-0.302708,0.377120,0.877625,0.413549,-1.095575,-0.764305,0.516985,-0.206669,-0.067972,0.336972,0.419356,-0.577840,-0.289322,0.282499,-2.673116,-0.643708,1.792707,-1.651824,-1.501607,3.394529,0.732270,-0.017897,0.041877,0.016678,0.000235,-0.123043,-0.418080,0.000295
10.070036,-0.299977,0.381679,0.882564,0.414035,-1.093117,-0.764453,0.517304,-0.206359,-0.068031,0.338203,0.420293,-0.577029,-0.289414,0.282341,-2.673133,-0.643659,1.792726,-1.651822,-1.501734,3.394103,0.732269,-0.017862,0.044219,0.017057,0.001211,-0.125079,-0.419475,-0.000038
10.070985,-0.298840,0.379291,0.888421,0.413644,-1.093480,-0.764878,0.517315,-0.208576,-0.070038,0.339435,0.418741,-0.576610,-0.289706,0.282176,-2.673153,-0.643622,1.792741,-1.651824,-1.501868,3.393679,0.732269,-0.018550,0.041866,0.016880,0.000271,-0.127906,-0.421255,-0.000491
10.071978,-0.299594,0.376446,0.891332,0.413116,-1.092396,-0.764770,0.517859,-0.209581,-0.072820,0.341912,0.417183,-0.576296,-0.289881,0.282002,-2.673173,-0.643576,1.792753,-1.651824,-1.501995,3.393252,0.732269,-0.018464,0.042915,0.016059,0.000229,-0.127793,-0.422342,-0.000336
10.073193,-0.299125,0.376816,0.898185,0.412096,-1.091308,-0.764523,0.517292,-0.208213,-0.076764,0.346493,0.416015,-0.576055,-0.289875,0.281824,-2.673187,-0.643531,1.792771,-1.651824,-1.502129,3.392827,0.732266,-0.017478,0.044199,0.016775,0.000295,-0.129174,-0.424176,-0.001245
10.074062,-0.300912,0.376467,0.899476,0.412029,-1.090675,-0.764753,0.517921,-0.205977,-0.082602,0.352945,0.414013,-0.576007,-0.289831,0.281669,-2.673205,-0.643486,1.792783,-1.651822,-1.502264,3.392390,0.732267,-0.016983,0.043952,0.016081,0.000702,-0.130907,-0.427036,0.000123
10.075067,-0.298986,0.373182,0.901872,0.411515,-1.090081,-0.764129,0.517395,-0.205422,-0.088538,0.359139,0.410742,-0.576135,-0.289911,0.281561,-2.673218,-0.643442,1.792801,-1.651823,-1.502396,3.391958,0.732266,-0.015556,0.043953,0.017313,0.000392,-0.131635,-0.427930,-0.001003
10.076075,-0.297367,0.369943,0.907758,0.410970,-1.092014,-0.764474,0.518164,-0.208451,-0.092873,0.363082,0.406284,-0.576357,-0.290235,0.281494,-2.673235,-0.643394,1.792821,-1.651824,-1.502528,3.391530,0.732269,-0.015894,0.045441,0.018272,0.000451,-0.132552,-0.430324,0.000240
10.077003,-0.296910,0.371547,0.911020,0.411266,-1.090972,-0.767363,0.517902,-0.212896,-0.097461,0.366626,0.400849,-0.576563,-0.290655,0.281457,-2.673251,-0.643345,1.792837,-1.651824,-1.502655,3.391093,0.732265,-0.016074,0.046872,0.017524,0.000531,-0.130970,-0.431685,-0.001129
10.078020,-0.294811,0.372441,0.913217,0.410010,-1.091539,-0.767749,0.517309,-0.215776,-0.103949,0.372040,0.395060,-0.576614,-0.290975,0.281446,-2.673267,-0.643298,1.792855,-1.651825,-1.502788,3.390661,0.732267,-0.015708,0.045850,0.017903,-0.000169,-0.132232,-0.430163,-0.000427
10.079029,-0.297985,0.369595,0.920006,0.409575,-1.089978,-0.767879,0.517973,-0.217912,-0.109698,0.377378,0.389905,-0.576401,-0.291235,0.281471,-2.673283,-0.643253,1.792877,-1.651825,-1.502921,3.390228,0.732271,-0.016138,0.045274,0.018972,0.000629,-0.131980,-0.431579,0.000933
10.080014,-0.297870,0.370289,0.921068,0.410527,-1.089531,-0.770713,0.517334,-0.221332,-0.113111,0.380823,0.385049,-0.575992,-0.291532,0.281527,-2.673294,-0.643204,1.792892,-1.651824,-1.503059,3.389787,0.732269,-0.013968,0.046541,0.017783,0.000563,-0.133830,-0.433147,-0.000231
10.081123,-0.290276,0.365124,0.927710,0.411457,-1.089234,-0.773218,0.518415,-0.227763,-0.114345,0.381675,0.379762,-0.575504,-0.292012,0.281590,-2.673308,-0.643161,1.792914,-1.651828,-1.503197,3.389360,0.732272,-0.013452,0.046053,0.019365,-0.000784,-0.134496,-0.431956,0.001233
10.082106,-0.291168,0.367208,0.928261,0.409948,-1.089014,-0.773558,0.517765,-0.233682,-0.114613,0.381907,0.375902,-0.574769,-0.292546,0.281620,-2.673331,-0.643107,1.792931,-1.651831,-1.503333,3.388929,0.732266,-0.016527,0.048459,0.018459,-0.002141,-0.135253,-0.431639,-0.000741
10.082987,-0.290226,0.367463,0.934581,0.407434,-1.087813,-0.774884,0.518727,-0.233649,-0.116136,0.385005,0.375247,-0.573650,-0.292796,0.281594,-2.673344,-0.643063,1.792955,-1.651831,-1.503470,3.388491,0.732271,-0.015463,0.047248,0.020258,-0.001066,-0.135703,-0.432917,0.000750
10.084107,-0.289711,0.363017,0.939886,0.407480,-1.087268,-0.777712,0.518489,-0.230529,-0.117991,0.389373,0.376004,-0.572450,-0.292850,0.281538,-2.673359,-0.643017,1.792973,-1.651827,-1.503611,3.388060,0.732267,-0.015379,0.046937,0.018960,0.000954,-0.136949,-0.432782,-0.001036
10.085100,-0.287665,0.365623,0.940750,0.407921,-1.084807,-0.780642,0.518010,-0.227414,-0.120594,0.394199,0.375704,-0.571490,-0.292888,0.281479,-2.673375,-0.642963,1.792991,-1.651828,-1.503748,3.387627,0.732270,-0.014965,0.048991,0.018770,0.000370,-0.137947,-0.432164,-0.000347
10.086009,-0.289223,0.366301,0.943883,0.407946,-1.083624,-0.782143,0.518769,-0.223823,-0.124537,0.399909,0.374722,-0.570730,-0.292982,0.281418,-2.673391,-0.642919,1.793014,-1.651830,-1.503893,3.387202,0.732273,-0.015381,0.047518,0.020446,-0.000477,-0.140596,-0.430949,0.000782
10.087254,-0.287279,0.364190,0.950493,0.406827,-1.083056,-0.783833,0.517879,-0.221907,-0.125751,0.402900,0.374761,-0.569989,-0.293325,0.281347,-2.673404,-0.642873,1.793036,-1.651830,-1.504036,3.386774,0.732267,-0.014033,0.047005,0.020769,-0.000917,-0.141829,-0.430797,-0.000578
10.088014,-0.283800,0.363595,0.953210,0.404607,-1.080895,-0.784479,0.518138,-0.223113,-0.122815,0.401774,0.375835,-0.569223,-0.293993,0.281271,-2.673420,-0.642822,1.793053,-1.651830,-1.504182,3.386337,0.732271,-0.014298,0.047958,0.020225,-0.000384,-0.142967,-0.431849,0.001442
10.089019,-0.283828,0.362819,0.955921,0.406523,-1.080577,-0.786935,0.518117,-0.224771,-0.116584,0.399621,0.377913,-0.567622,-0.295494,0.281140,-2.673450,-0.642723,1.793096,-1.651830,-1.504482,3.385475,0.732274,-0.014892,0.048155,0.021220,-0.000935,-0.145324,-0.431152,0.001252
10.090045,-0.283396,0.363223,0.958161,0.404712,-1.077971,-0.790261,0.517920,-0.224599,-0.113076,0.398582,0.379642,-0.566619,-0.296276,0.281065,-2.673465,-0.642677,1.793118,-1.651826,-1.504635,3.385049,0.732274,-0.014489,0.047810,0.022284,0.000355,-0.148103,-0.429675,0.001833
10.091015,-0.280169,0.360369,0.963335,0.404796,-1.076826,-0.793616,0.518581,-0.224599,-0.113076,0.398582,0.379642,-0.566619,-0.296276,0.281065,-2.673465,-0.642677,1.793118,-1.651826,-1.504635,3.385049,0.732274,-0.014489,0.047810,0.022284,0.000355,-0.148103,-0.429675,0.001833
10.092101,-0.281027,0.358758,0.968284,0.404960,-1.078408,-0.794040,0.519193,-0.225247,-0.108538,0.396319,0.381792,-0.565465,-0.297245,0.280971,-2.673483,-0.642626,1.793140,-1.651828,-1.504787,3.384620,0.732273,-0.015494,0.049031,0.021731,-0.000167,-0.149297,-0.427910,0.000668
10.093008,-0.279855,0.358342,0.972201,0.404726,-1.077779,-0.794034,0.518967,-0.224431,-0.105586,0.395437,0.384109,-0.564181,-0.298309,0.280840,-2.673496,-0.642574,1.793161,-1.651830,-1.504934,3.384187,0.732270,-0.014422,0.049645,0.021600,-0.000792,-0.147995,-0.429589,-0.000349
10.093981,-0.278374,0.359836,0.972679,0.403460,-1.074843,-0.796194,0.518685,-0.221473,-0.105155,0.396848,0.386458,-0.562851,-0.299395,0.280676,-2.673511,-0.642524,1.793183,-1.651832,-1.505089,3.383757,0.732271,-0.014449,0.049608,0.021540,-0.000925,-0.148582,-0.430912,0.000278
10.095088,-0.276298,0.358436,0.979953,0.402903,-1.070557,-0.795118,0.519549,-0.218242,-0.105157,0.398524,0.388803,-0.561587,-0.300565,0.280508,-2.673526,-0.642475,1.793209,-1.651828,-1.505246,3.383324,0.732272,-0.014591,0.048660,0.023321,-0.000188,-0.151564,-0.430321,0.001013
10.096064,-0.277316,0.357302,0.983682,0.401983,-1.066593,-0.793384,0.519462,-0.215215,-0.104062,0.399404,0.391482,-0.560397,-0.301826,0.280357,-2.673541,-0.642425,1.793228,-1.651828,-1.505409,3.382880,0.732271,-0.014975,0.049214,0.022068,-0.000157,-0.156045,-0.433531,-0.000540
10.096989,-0.276287,0.356297,0.988693,0.402232,-1.064998,-0.794260,0.519257,-0.210849,-0.103181,0.401142,0.394414,-0.559262,-0.303045,0.280227,-2.673551,-0.642374,1.793253,-1.651825,-1.505579,3.382441,0.732272,-0.013910,0.049568,0.022249,0.000231,-0.159892,-0.436831,-0.000176
10.098033,-0.273956,0.356010,0.990693,0.400936,-1.059312,-0.795413,0.519957,-0.204800,-0.103701,0.404711,0.397172,-0.558219,-0.304189,0.280124,-2.673566,-0.642326,1.793274,-1.651826,-1.505745,3.382001,0.732273,-0.013855,0.049862,0.021690,-0.000429,-0.161317,-0.437262,0.000400
10.099035,-0.271458,0.357779,0.992805,0.399780,-1.057191,-0.794947,0.519108,-0.197384,-0.105305,0.409708,0.399935,-0.557257,-0.305290,0.280058,-2.673581,-0.642277,1.793299,-1.651824,-1.505926,3.381565,0.732267,-0.014395,0.049833,0.022902,0.000348,-0.166946,-0.437988,-0.000810
10.099999,-0.274952,0.358687,0.998686,0.399623,-1.054159,-0.795329,0.518673,-0.189200,-0.106405,0.414790,0.403161,-0.556328,-0.306328,0.280042,-2.673598,-0.642230,1.793325,-1.651822,-1.506102,3.381119,0.732273,-0.015013,0.048770,0.023916,0.000984,-0.168904,-0.440096,0.001073
10.101140,-0.270242,0.353849,1.003612,0.400248,-1.050894,-0.796788,0.518927,-0.182707,-0.104783,0.417557,0.406575,-0.555465,-0.307361,0.280080,-2.673607,-0.642183,1.793346,-1.651822,-1.506280,3.380674,0.732276,-0.012722,0.048151,0.022998,0.000682,-0.171742,-0.441181,0.002095
10.102020,-0.273401,0.354290,1.007691,0.396438,-1.047417,-0.798383,0.519549,-0.177591,-0.101564,0.418825,0.410042,-0.554616,-0.308386,0.280142,-2.673623,-0.642128,1.793370,-1.651824,-1.506464,3.380233,0.732277,-0.014426,0.050392,0.022986,-0.000433,-0.175037,-0.441980,0.001771
10.103059,-0.270263,0.356643,1.009835,0.397448,-1.043610,-0.798316,0.519746,-0.172040,-0.100283,0.421459,0.412720,-0.553779,-0.309370,0.280180,-2.673631,-0.642080,1.793393,-1.651814,-1.506646,3.379786,0.732275,-0.012346,0.049922,0.022766,0.002773,-0.178132,-0.441471,0.000686
10.104159,-0.270092,0.353812,1.014597,0.398905,-1.043024,-0.797371,0.519549,-0.168300,-0.100288,0.424165,0.413400,-0.553064,-0.310454,0.280175,-2.673645,-0.642033,1.793418,-1.651817,-1.506837,3.379344,0.732274,-0.013330,0.048598,0.023886,0.001309,-0.181734,-0.443379,0.000488
10.105036,-0.271307,0.349192,1.018688,0.397321,-1.038590,-0.797994,0.520404,-0.166249,-0.098932,0.425288,0.413923,-0.552274,-0.311627,0.280121,-2.673655,-0.641981,1.793440,-1.651823,-1.507025,3.378891,0.732276,-0.012802,0.049853,0.023845,-0.000527,-0.182210,-0.446351,0.001081
10.106080,-0.273308,0.355337,1.024605,0.397905,-1.036214,-0.798104,0.520694,-0.163511,-0.097929,0.426644,0.415250,-0.551303,-0.312838,0.280021,-2.673665,-0.641925,1.793463,-1.651820,-1.507217,3.378440,0.732272,-0.011696,0.051856,0.023615,0.000601,-0.186192,-0.446765,-0.000480
10.107059,-0.270804,0.354136,1.027910,0.396045,-1.036347,-0.796581,0.520060,-0.161747,-0.098124,0.428137,0.416013,-0.550311,-0.314274,0.279899,-2.673671,-0.641883,1.793484,-1.651822,-1.507414,3.377990,0.732272,-0.010170,0.048643,0.022886,-0.000443,-0.188286,-0.448459,-0.000863
10.108020,-0.273562,0.353077,1.030198,0.396845,-1.033164,-0.798362,0.520533,-0.162966,-0.096747,0.427576,0.416148,-0.549350,-0.316018,0.279792,-2.673682,-0.641833,1.793507,-1.651818,-1.507601,3.377533,0.732275,-0.010891,0.049072,0.023307,0.000901,-0.187855,-0.451461,0.000586
10.109086,-0.274814,0.352201,1.034003,0.395374,-1.028868,-0.796385,0.520050,-0.167587,-0.093016,0.424296,0.415602,-0.548484,-0.318108,0.279715,-2.673687,-0.641784,1.793531,-1.651820,-1.507801,3.377079,0.732272,-0.009010,0.049405,0.024168,-0.000329,-0.190643,-0.451051,-0.000199
10.110007,-0.273282,0.353215,1.041773,0.395579,-1.025310,-0.794352,0.521052,-0.177143,-0.087292,0.417601,0.413662,-0.547802,-0.320711,0.279669,-2.673693,-0.641733,1.793556,-1.651818,-1.508005,3.376618,0.732274,-0.007869,0.049655,0.024513,0.000624,-0.194660,-0.454895,0.000967
10.111057,-0.275931,0.350842,1.040048,0.395237,-1.022188,-0.792545,0.520400,-0.190346,-0.080518,0.408749,0.410447,-0.547244,-0.323669,0.279658,-2.673702,-0.641684,1.793573,-1.651820,-1.508210,3.376150,0.732272,-0.008147,0.048921,0.022597,0.000009,-0.197660,-0.458070,-0.000894
10.111970,-0.275084,0.350132,1.050880,0.395621,-1.019451,-0.790942,0.520902,-0.204750,-0.073500,0.399384,0.406739,-0.546697,-0.326688,0.279681,-2.673703,-0.641632,1.793602,-1.651821,-1.508419,3.375686,0.732276,-0.006329,0.049915,0.025655,-0.000099,-0.200408,-0.461610,0.000616
10.113087,-0.274255,0.347568,1.053243,0.394810,-1.018076,-0.794446,0.521224,-0.219768,-0.066750,0.389951,0.402870,-0.546123,-0.329639,0.279726,-2.673710,-0.641580,1.793617,-1.651824,-1.508629,3.375214,0.732274,-0.006299,0.050015,0.022172,-0.000853,-0.202532,-0.464301,-0.000243
10.114053,-0.269956,0.351313,1.058244,0.393265,-1.015896,-0.792586,0.520764,-0.232310,-0.063017,0.383523,0.399065,-0.545462,-0.332299,0.279770,-2.673714,-0.641528,1.793643,-1.651824,-1.508836,3.374747,0.732273,-0.006182,0.051123,0.023391,-0.000548,-0.203659,-0.462759,-0.000681
10.114971,-0.268441,0.347552,1.062682,0.393636,-1.011755,-0.792629,0.521647,-0.240054,-0.063108,0.381655,0.395795,-0.544665,-0.334490,0.279798,-2.673724,-0.641483,1.793666,-1.651820,-1.509047,3.374281,0.732274,-0.007820,0.049073,0.022904,0.000462,-0.205313,-0.466020,0.000423
10.115937,-0.272848,0.348965,1.068800,0.394671,-1.010411,-0.793076,0.521175,-0.241424,-0.066216,0.384569,0.393940,-0.543623,-0.336036,0.279809,-2.673731,-0.641431,1.793687,-1.651822,-1.509264,3.373808,0.732271,-0.008080,0.050738,0.022626,-0.000311,-0.208800,-0.467063,-0.001194
10.117048,-0.271986,0.350042,1.072399,0.392551,-1.010910,-0.794127,0.521710,-0.236748,-0.072024,0.391874,0.393850,-0.542242,-0.337009,0.279811,-2.673731,-0.641385,1.793707,-1.651823,-1.509477,3.373344,0.732274,-0.005432,0.049839,0.021622,-0.001762,-0.209562,-0.467984,-0.000062
10.118093,-0.269286,0.348182,1.073739,0.394289,-1.009240,-0.797618,0.521007,-0.231365,-0.078123,0.399760,0.394307,-0.540669,-0.337874,0.279825,-2.673737,-0.641337,1.793730,-1.651819,-1.509689,3.372871,0.732273,-0.005347,0.049172,0.022212,-0.000239,-0.208747,-0.468872,-0.000949
10.119045,-0.274443,0.347750,1.081751,0.392419,-1.009484,-0.796544,0.521757,-0.228335,-0.082348,0.405422,0.394819,-0.539003,-0.338964,0.279860,-2.673744,-0.641284,1.793756,-1.651826,-1.509902,3.372399,0.732275,-0.006169,0.049903,0.023727,-0.002318,-0.210020,-0.467021,0.000659
10.119993,-0.272904,0.347112,1.086490,0.391835,-1.006259,-0.795243,0.522226,-0.227904,-0.085021,0.408750,0.395231,-0.537286,-0.340440,0.279926,-2.673740,-0.641233,1.793773,-1.651823,-1.510111,3.371928,0.732271,-0.003188,0.049882,0.021759,-0.000937,-0.209222,-0.469403,-0.000685
10.121036,-0.274046,0.348629,1.086205,0.391721,-1.005182,-0.795507,0.521376,-0.230806,-0.087793,0.410727,0.393902,-0.535690,-0.342322,0.280033,-2.673743,-0.641180,1.793793,-1.651825,-1.510325,3.371450,0.732268,-0.003549,0.049943,0.021426,-0.000766,-0.211888,-0.471911,-0.001438
10.122158,-0.272850,0.345884,1.096010,0.390532,-1.004488,-0.795548,0.521744,-0.237529,-0.090007,0.410913,0.390657,-0.534251,-0.344541,0.280204,-2.673744,-0.641132,1.793823,-1.651827,-1.510541,3.370976,0.732274,-0.002505,0.049022,0.023725,-0.001087,-0.212489,-0.473278,0.000451
10.122969,-0.269179,0.349486,1.096619,0.389021,-1.001768,-0.795599,0.521353,-0.247460,-0.090828,0.408962,0.386370,-0.532926,-0.346988,0.280446,-2.673745,-0.641080,1.793840,-1.651827,-1.510756,3.370494,0.732272,-0.002623,0.050240,0.021242,-0.000409,-0.212865,-0.475178,-0.000101
10.124083,-0.273281,0.346321,1.105161,0.389376,-1.003192,-0.796450,0.522339,-0.257135,-0.092125,0.407662,0.381500,-0.531686,-0.349332,0.280729,-2.673753,-0.641035,1.793866,-1.651825,-1.510973,3.370010,0.732275,-0.004031,0.048194,0.022592,0.000663,-0.214759,-0.475692,0.000828
10.125050,-0.271172,0.348025,1.106195,0.388046,-0.999673,-0.796910,0.521110,-0.264962,-0.094409,0.408115,0.376441,-0.530527,-0.351361,0.281020,-2.673750,-0.640983,1.793883,-1.651826,-1.511185,3.369536,0.732272,-0.001499,0.049630,0.020743,-0.000185,-0.213000,-0.476791,-0.000960
10.126050,-0.272208,0.345317,1.113397,0.388437,-0.998348,-0.800496,0.521482,-0.272813,-0.097103,0.409047,0.370856,-0.529545,-0.353129,0.281297,-2.673754,-0.640936,1.793907,-1.651826,-1.511405,3.369055,0.732276,-0.002115,0.048582,0.022276,0.000711,-0.215951,-0.477603,0.001697
10.127001,-0.269166,0.347782,1.119870,0.388344,-0.997694,-0.799902,0.521843,-0.281125,-0.100134,0.410086,0.364913,-0.528732,-0.354638,0.281541,-2.673753,-0.640884,1.793924,-1.651827,-1.511624,3.368576,0.732279,-0.001167,0.049731,0.020833,-0.000147,-0.216699,-0.475414,0.001088
10.127974,-0.267189,0.345306,1.121759,0.387216,-0.996249,-0.801102,0.521996,-0.287099,-0.104385,0.413043,0.359816,-0.527920,-0.355706,0.281718,-2.673757,-0.640837,1.793942,-1.651829,-1.511845,3.368097,0.732277,-0.002252,0.048295,0.019649,-0.000453,-0.216683,-0.477262,0.000545
10.129140,-0.267814,0.344386,1.125598,0.387024,-0.996693,-0.804815,0.523004,-0.287737,-0.110605,0.419800,0.356594,-0.526988,-0.356104,0.281803,-2.673760,-0.640787,1.793964,-1.651827,-1.512065,3.367617,0.732278,-0.002775,0.049343,0.020788,0.000195,-0.217537,-0.477348,0.000412
10.130016,-0.268240,0.343112,1.131859,0.386607,-0.995065,-0.806734,0.522616,-0.284461,-0.118249,0.429168,0.354737,-0.526031,-0.355962,0.281791,-2.673760,-0.640736,1.793987,-1.651827,-1.512282,3.367153,0.732274,-0.001947,0.049661,0.021365,-0.000162,-0.216806,-0.475848,-0.001395
10.131032,-0.268172,0.347427,1.137534,0.385682,-0.993089,-0.810473,0.523247,-0.276649,-0.135826,0.449487,0.351061,-0.524486,-0.355162,0.281529,-2.673760,-0.640642,1.794025,-1.651826,-1.512720,3.366203,0.732273,-0.000960,0.047746,0.019439,0.000266,-0.219152,-0.472620,-0.001537
10.132008,-0.270662,0.347419,1.140771,0.385321,-0.991300,-0.809803,0.523224,-0.276649,-0.135826,0.449487,0.351061,-0.524486,-0.355162,0.281529,-2.673760,-0.640642,1.794025,-1.651826,-1.512720,3.366203,0.732273,-0.000960,0.047746,0.019439,0.000266,-0.219152,-0.472620,-0.001537
10.132992,-0.264869,0.345185,1.148329,0.384718,-0.990350,-0.809777,0.523042,-0.275713,-0.142210,0.457195,0.348860,-0.523860,-0.354842,0.281332,-2.673757,-0.640595,1.794045,-1.651826,-1.512941,3.365731,0.732274,0.000675,0.047590,0.019920,0.000167,-0.220319,-0.474701,-0.001307
10.134040,-0.263402,0.346461,1.152373,0.383945,-0.988645,-0.816563,0.523090,-0.276314,-0.146461,0.463276,0.346692,-0.523265,-0.354548,0.281120,-2.673764,-0.640543,1.794061,-1.651823,-1.513160,3.365254,0.732275,-0.001749,0.048488,0.018280,0.000262,-0.220680,-0.476087,-0.000769
10.135028,-0.265598,0.344973,1.154837,0.383123,-0.988183,-0.820396,0.522685,-0.272594,-0.152215,0.472435,0.345542,-0.522549,-0.353951,0.280905,-2.673767,-0.640496,1.794079,-1.651823,-1.513385,3.364799,0.732275,-0.001983,0.047695,0.018548,0.000540,-0.221861,-0.471010,-0.000682
10.136036,-0.263794,0.344065,1.160156,0.383323,-0.987877,-0.821393,0.523272,-0.265642,-0.159279,0.483849,0.345091,-0.521765,-0.353235,0.280705,-2.673763,-0.640446,1.794102,-1.651821,-1.513609,3.364333,0.732279,-0.000484,0.048246,0.019408,0.000863,-0.221689,-0.468660,0.000296
10.137067,-0.262520,0.344882,1.163935,0.383289,-0.986451,-0.822535,0.523010,-0.259958,-0.166061,0.494302,0.344141,-0.521079,-0.352742,0.280520,-2.673765,-0.640397,1.794120,-1.651823,-1.513825,3.363858,0.732275,-0.000948,0.048518,0.018928,0.000213,-0.221482,-0.469172,-0.000701
10.137989,-0.260382,0.342725,1.165156,0.381280,-0.986045,-0.824616,0.523349,-0.254712,-0.172503,0.504069,0.343282,-0.520399,-0.352355,0.280344,-2.673766,-0.640350,1.794139,-1.651824,-1.514047,3.363393,0.732276,-0.001137,0.047957,0.019272,-0.000192,-0.222385,-0.469676,0.000020
10.138990,-0.261451,0.343170,1.169062,0.381902,-0.987642,-0.830312,0.523801,-0.248934,-0.178387,0.513427,0.342990,-0.519664,-0.351921,0.280192,-2.673768,-0.640300,1.794162,-1.651821,-1.514265,3.362922,0.732275,-0.001782,0.048818,0.020601,0.001321,-0.222101,-0.468718,-0.000502
10.140078,-0.258316,0.345325,1.177752,0.382490,-0.988565,-0.830198,0.523540,-0.244545,-0.183322,0.521148,0.342353,-0.519014,-0.351571,0.280069,-2.673767,-0.640254,1.794181,-1.651824,-1.514482,3.362465,0.732274,-0.000822,0.048428,0.020794,0.000273,-0.219953,-0.464557,-0.001229
10.140990,-0.263493,0.343638,1.179954,0.381472,-0.990866,-0.831340,0.523809,-0.241165,-0.186891,0.527232,0.341901,-0.518390,-0.351296,0.279963,-2.673771,-0.640210,1.794194,-1.651827,-1.514699,3.361994,0.732277,-0.001897,0.047259,0.018866,-0.000730,-0.218649,-0.466581,-0.000508
10.141965,-0.258206,0.344275,1.184153,0.382102,-0.990407,-0.833902,0.523276,-0.238107,-0.188993,0.532232,0.341983,-0.517743,-0.350969,0.279883,-2.673763,-0.640161,1.794216,-1.651823,-1.514908,3.361525,0.732276,0.001038,0.047897,0.019700,-0.000214,-0.215735,-0.466523,-0.000890
10.143091,-0.257056,0.343124,1.189101,0.380251,-0.990729,-0.836409,0.524588,-0.236974,-0.189587,0.535451,0.341765,-0.517191,-0.350652,0.279843,-2.673769,-0.640116,1.794236,-1.651827,-1.515123,3.361067,0.732280,-0.001173,0.047415,0.019684,-0.001237,-0.215664,-0.465398,0.000350
10.144053,-0.258409,0.345739,1.193385,0.380660,-0.990629,-0.840567,0.523515,-0.235707,-0.189733,0.538341,0.341746,-0.516654,-0.350261,0.279834,-2.673771,-0.640067,1.794255,-1.651824,-1.515333,3.360601,0.732274,-0.001223,0.047866,0.019663,0.000057,-0.215085,-0.464946,-0.002088
10.145041,-0.255112,0.343244,1.197602,0.378565,-0.991574,-0.840114,0.523397,-0.233572,-0.189808,0.541497,0.341980,-0.516080,-0.349843,0.279854,-2.673769,-0.640025,1.794274,-1.651828,-1.515545,3.360139,0.732278,-0.000142,0.046419,0.019586,-0.000730,-0.214634,-0.462126,0.000261
10.145991,-0.255287,0.344440,1.203454,0.379604,-0.992861,-0.838864,0.523845,-0.232246,-0.189367,0.543973,0.341706,-0.515536,-0.349632,0.279908,-2.673772,-0.639976,1.794294,-1.651826,-1.515754,3.359680,0.732278,-0.001348,0.047500,0.019588,0.000885,-0.213205,-0.464123,0.000652
10.146962,-0.253677,0.345516,1.207946,0.379119,-0.995905,-0.840350,0.524137,-0.229918,-0.189781,0.547436,0.340926,-0.514983,-0.349561,0.279987,-2.673773,-0.639931,1.794311,-1.651832,-1.515966,3.359210,0.732275,-0.000831,0.046733,0.018718,-0.000482,-0.211346,-0.466644,-0.000072
10.148053,-0.257150,0.349780,1.211205,0.379853,-0.996581,-0.839315,0.524048,-0.225015,-0.191200,0.552698,0.340446,-0.514309,-0.349529,0.280078,-2.673775,-0.639887,1.794330,-1.651833,-1.516169,3.358745,0.732274,-0.001199,0.046051,0.018567,-0.000428,-0.207850,-0.466518,-0.000475
10.148985,-0.255693,0.350577,1.214686,0.378885,-0.997724,-0.839061,0.523619,-0.220365,-0.190284,0.556493,0.340919,-0.513464,-0.349694,0.280190,-2.673770,-0.639848,1.794351,-1.651838,-1.516372,3.358269,0.732276,0.000969,0.043876,0.019291,-0.001549,-0.206947,-0.469413,-0.000105
10.150064,-0.255480,0.346863,1.218814,0.378721,-0.999957,-0.838622,0.524359,-0.220341,-0.183380,0.554690,0.342273,-0.512474,-0.350253,0.280327,-2.673770,-0.639806,1.794370,-1.651839,-1.516571,3.357789,0.732279,0.000616,0.043366,0.019545,-0.000985,-0.205330,-0.470783,0.000916
10.151079,-0.253271,0.350636,1.223051,0.378663,-1.001325,-0.839525,0.524003,-0.224726,-0.172038,0.548197,0.343886,-0.511412,-0.351128,0.280475,-2.673768,-0.639759,1.794391,-1.651841,-1.516770,3.357317,0.732277,0.000960,0.045111,0.019811,-0.001285,-0.202868,-0.473041,-0.000386
10.152080,-0.251537,0.347769,1.230367,0.378291,-1.004725,-0.839433,0.524595,-0.230386,-0.159770,0.540322,0.345631,-0.510310,-0.352078,0.280614,-2.673768,-0.639719,1.794412,-1.651843,-1.516965,3.356842,0.732277,0.000281,0.043115,0.019857,-0.001656,-0.201219,-0.473633,0.000525
10.152951,-0.251152,0.349428,1.230580,0.378838,-1.005410,-0.838130,0.525118,-0.234009,-0.148513,0.533711,0.348222,-0.509102,-0.352833,0.280728,-2.673770,-0.639673,1.794426,-1.651845,-1.517157,3.356365,0.732278,-0.000133,0.044432,0.018402,-0.001695,-0.197517,-0.475180,-0.000501
10.154014,-0.249621,0.348246,1.234468,0.377377,-1.006171,-0.837895,0.524252,-0.233757,-0.139608,0.529987,0.351952,-0.507782,-0.353225,0.280797,-2.673770,-0.639633,1.794448,-1.651849,-1.517354,3.355884,0.732275,0.000054,0.043453,0.020134,-0.002555,-0.196311,-0.477344,-0.001379
10.154955,-0.246663,0.345750,1.240073,0.376829,-1.006545,-0.841162,0.525153,-0.231411,-0.132065,0.527617,0.356587,-0.506428,-0.353316,0.280827,-2.673770,-0.639588,1.794470,-1.651849,-1.517544,3.355397,0.732279,-0.000260,0.043949,0.020448,-0.001573,-0.195383,-0.479228,0.000555
10.156031,-0.244269,0.349838,1.243932,0.375924,-1.006637,-0.842846,0.525044,-0.227075,-0.126880,0.527100,0.361476,-0.505110,-0.353131,0.280845,-2.673772,-0.639541,1.794486,-1.651851,-1.517736,3.354932,0.732276,-0.001318,0.045012,0.019685,-0.001415,-0.194632,-0.477178,-0.001104
10.157086,-0.245641,0.349317,1.246896,0.375140,-1.006015,-0.845144,0.524612,-0.218865,-0.125661,0.530343,0.366604,-0.503773,-0.352650,0.280863,-2.673778,-0.639504,1.794508,-1.651851,-1.517932,3.354449,0.732275,-0.001981,0.042933,0.020072,-0.001005,-0.194346,-0.477244,-0.000671
10.157988,-0.245182,0.351288,1.253154,0.375275,-1.005570,-0.840878,0.524950,-0.209179,-0.125698,0.534779,0.372168,-0.502393,-0.352137,0.280901,-2.673777,-0.639461,1.794530,-1.651851,-1.518128,3.353969,0.732277,-0.000836,0.043121,0.020846,-0.000712,-0.194740,-0.476593,0.000378
10.158957,-0.242192,0.354492,1.256066,0.373645,-1.004847,-0.841083,0.524501,-0.201306,-0.124580,0.537653,0.377793,-0.501017,-0.351856,0.280978,-2.673777,-0.639421,1.794548,-1.651854,-1.518322,3.353482,0.732276,-0.000685,0.042007,0.019636,-0.001224,-0.194713,-0.481876,-0.000147
10.160081,-0.241812,0.352143,1.260701,0.372274,-1.004750,-0.844722,0.525292,-0.194726,-0.121566,0.539036,0.383896,-0.499584,-0.351704,0.281094,-2.673781,-0.639383,1.794572,-1.651851,-1.518515,3.352993,0.732280,-0.001687,0.040374,0.020458,-0.000130,-0.195260,-0.483243,0.000939
10.161066,-0.239876,0.349483,1.266551,0.372473,-1.004730,-0.846358,0.524820,-0.189048,-0.116648,0.539161,0.390360,-0.498126,-0.351623,0.281236,-2.673783,-0.639340,1.794593,-1.651850,-1.518711,3.352516,0.732277,-0.001281,0.041578,0.020989,0.000584,-0.195511,-0.482228,-0.000431
10.161964,-0.238643,0.349963,1.271523,0.371228,-1.002743,-0.847255,0.524757,-0.183791,-0.112522,0.539584,0.396197,-0.496762,-0.351673,0.281384,-2.673783,-0.639294,1.794613,-1.651851,-1.518906,3.352029,0.732280,-0.001760,0.042822,0.020533,-0.000124,-0.195439,-0.482505,0.000724
10.163088,-0.241164,0.352659,1.279658,0.371389,-1.000764,-0.847753,0.525127,-0.176631,-0.112065,0.542932,0.401381,-0.495485,-0.351716,0.281519,-2.673785,-0.639254,1.794632,-1.651850,-1.519108,3.351540,0.732281,-0.001904,0.042498,0.020303,0.000604,-0.197122,-0.483081,0.001015
10.164089,-0.238978,0.352956,1.281893,0.368810,-1.000942,-0.849591,0.525297,-0.167854,-0.114337,0.548807,0.406241,-0.494273,-0.351634,0.281617,-2.673782,-0.639216,1.794650,-1.651851,-1.519312,3.351054,0.732280,-0.000109,0.041204,0.019113,-0.000142,-0.199182,-0.485190,0.000494
10.165070,-0.239673,0.350221,1.285976,0.369000,-1.000820,-0.852912,0.525820,-0.160666,-0.116453,0.554403,0.410402,-0.493204,-0.351494,0.281658,-2.673784,-0.639175,1.794672,-1.651846,-1.519509,3.350564,0.732280,-0.000703,0.041041,0.020521,0.001784,-0.198896,-0.485297,0.000360
10.166208,-0.234351,0.349562,1.293621,0.368163,-1.001383,-0.855750,0.525291,-0.157270,-0.117541,0.558150,0.413000,-0.492414,-0.351454,0.281634,-2.673784,-0.639127,1.794694,-1.651848,-1.519708,3.350088,0.732278,0.000149,0.042302,0.020918,0.001083,-0.198887,-0.483913,-0.000487
10.167083,-0.235786,0.350440,1.297090,0.367550,-0.997589,-0.856384,0.526006,-0.155180,-0.119683,0.562162,0.414330,-0.491851,-0.351482,0.281547,-2.673790,-0.639084,1.794712,-1.651846,-1.519906,3.349605,0.732281,-0.001901,0.042642,0.020008,0.001276,-0.198482,-0.483760,0.000808
10.168036,-0.236928,0.350659,1.305285,0.365509,-0.998021,-0.857350,0.525377,-0.150585,-0.124294,0.568988,0.415633,-0.491302,-0.351391,0.281403,-2.673789,-0.639041,1.794733,-1.651844,-1.520108,3.349114,0.732279,-0.000734,0.042080,0.020446,0.001357,-0.201944,-0.484479,-0.000464
10.169047,-0.236773,0.350000,1.307711,0.365653,-0.997258,-0.859346,0.526459,-0.144945,-0.130312,0.577577,0.416395,-0.490761,-0.351250,0.281228,-2.673789,-0.639000,1.794751,-1.651838,-1.520307,3.348633,0.732281,0.000311,0.041925,0.018744,0.002754,-0.201282,-0.485297,0.001004
10.170018,-0.233393,0.349961,1.311786,0.364874,-0.997205,-0.864917,0.526548,-0.141334,-0.136667,0.586059,0.415334,-0.490347,-0.351243,0.281055,-2.673789,-0.638956,1.794775,-1.651838,-1.520508,3.348147,0.732274,0.000736,0.042200,0.020064,0.002036,-0.201958,-0.485335,-0.000962
10.171060,-0.235078,0.347818,1.315098,0.363461,-0.998483,-0.866237,0.525901,-0.139897,-0.142468,0.593542,0.413085,-0.489999,-0.351450,0.280899,-2.673794,-0.638915,1.794797,-1.651834,-1.520711,3.347667,0.732274,-0.000433,0.042180,0.020436,0.002201,-0.201805,-0.481602,-0.000929
10.171968,-0.233110,0.347818,1.317923,0.365739,-0.998367,-0.867288,0.526188,-0.140437,-0.147402,0.599559,0.410101,-0.489708,-0.351947,0.280775,-2.673789,-0.638869,1.794821,-1.651830,-1.520909,3.347185,0.732277,0.000899,0.043198,0.021372,0.002944,-0.200498,-0.482541,0.000579
10.173152,-0.232691,0.347452,1.324948,0.364192,-0.997743,-0.868969,0.525789,-0.143282,-0.151145,0.603528,0.406593,-0.489511,-0.352745,0.280701,-2.673789,-0.638826,1.794843,-1.651834,-1.521109,3.346699,0.732276,0.000352,0.043096,0.022201,0.000241,-0.200336,-0.483017,0.000171
10.174051,-0.232535,0.348003,1.326036,0.363275,-0.996746,-0.869313,0.526469,-0.146805,-0.153174,0.605780,0.404028,-0.489270,-0.353639,0.280672,-2.673788,-0.638784,1.794863,-1.651831,-1.521313,3.346222,0.732280,0.000720,0.043323,0.021706,0.001090,-0.201168,-0.484282,0.001205
10.175003,-0.228899,0.348088,1.331574,0.364587,-0.995816,-0.873405,0.525705,-0.150714,-0.153393,0.606576,0.402286,-0.488992,-0.354486,0.280679,-2.673786,-0.638742,1.794889,-1.651827,-1.521516,3.345730,0.732276,0.001066,0.042956,0.023359,0.001419,-0.201837,-0.485392,0.000019
10.176112,-0.230353,0.346286,1.335200,0.365013,-0.996466,-0.878285,0.526515,-0.155068,-0.151355,0.605706,0.401357,-0.488692,-0.355264,0.280708,-2.673790,-0.638699,1.794911,-1.651832,-1.521719,3.345248,0.732281,-0.000251,0.042846,0.022930,-0.000304,-0.202529,-0.483036,0.001745
10.177058,-0.228756,0.348470,1.342977,0.363299,-0.995365,-0.879537,0.526621,-0.157992,-0.147388,0.604041,0.402532,-0.488232,-0.355960,0.280732,-2.673786,-0.638655,1.794938,-1.651834,-1.521921,3.344775,0.732279,0.001008,0.043742,0.023874,-0.001272,-0.201936,-0.480755,0.000325
10.177978,-0.226019,0.348242,1.345558,0.362583,-0.996319,-0.879116,0.526618,-0.159670,-0.142447,0.602152,0.405231,-0.487656,-0.356647,0.280727,-2.673786,-0.638613,1.794957,-1.651830,-1.522124,3.344291,0.732281,0.000665,0.042561,0.022343,-0.000142,-0.202810,-0.481261,0.000310
10.179061,-0.223896,0.345848,1.349052,0.360914,-0.995380,-0.879895,0.527187,-0.159947,-0.137403,0.601033,0.408239,-0.487033,-0.357245,0.280693,-2.673788,-0.638570,1.794983,-1.651830,-1.522324,3.343812,0.732282,-0.000228,0.042608,0.023299,0.000047,-0.201569,-0.483331,0.000498
10.179981,-0.226033,0.344130,1.355966,0.361921,-0.994779,-0.880916,0.526644,-0.157792,-0.133353,0.601875,0.410913,-0.486385,-0.357652,0.280649,-2.673790,-0.638525,1.795009,-1.651828,-1.522526,3.343322,0.732277,-0.000727,0.043773,0.024240,0.001080,-0.202556,-0.484916,-0.000412
10.180993,-0.225671,0.344292,1.358629,0.360273,-0.996431,-0.881844,0.526909,-0.153583,-0.131645,0.605125,0.412514,-0.485737,-0.357975,0.280620,-2.673786,-0.638477,1.795029,-1.651831,-1.522728,3.342829,0.732279,0.000775,0.044490,0.023057,-0.000363,-0.202868,-0.485435,0.000871
10.182062,-0.224580,0.345574,1.359859,0.362805,-0.995681,-0.882748,0.527246,-0.149271,-0.132315,0.609855,0.412430,-0.485125,-0.358406,0.280626,-2.673784,-0.638435,1.795056,-1.651830,-1.522924,3.342344,0.732278,0.001065,0.044364,0.024221,0.000718,-0.201138,-0.486559,0.000532
10.182992,-0.223582,0.342970,1.368457,0.360342,-0.996988,-0.881816,0.527507,-0.147468,-0.132198,0.612772,0.411514,-0.484515,-0.359087,0.280657,-2.673784,-0.638393,1.795089,-1.651836,-1.523129,3.341854,0.732276,0.001048,0.043709,0.026173,-0.002287,-0.201886,-0.487962,0.000078
10.183982,-0.223040,0.346491,1.370049,0.361982,-0.996808,-0.884390,0.526589,-0.147509,-0.129992,0.613230,0.411157,-0.483798,-0.359895,0.280706,-2.673784,-0.638347,1.795109,-1.651832,-1.523321,3.341366,0.732276,0.001011,0.044909,0.024157,-0.000385,-0.200384,-0.490529,-0.000257
10.185091,-0.220965,0.345724,1.375062,0.360622,-0.997426,-0.889730,0.526440,-0.147448,-0.127073,0.613078,0.411454,-0.482974,-0.360639,0.280780,-2.673783,-0.638307,1.795140,-1.651839,-1.523523,3.340877,0.732282,0.001214,0.043096,0.025759,-0.002420,-0.200431,-0.489843,0.001777
10.186013,-0.218028,0.345930,1.376202,0.359756,-0.996233,-0.888609,0.527597,-0.147909,-0.122251,0.611307,0.412819,-0.482050,-0.361416,0.280873,-2.673783,-0.638263,1.795167,-1.651838,-1.523718,3.340386,0.732282,0.000721,0.043490,0.025975,-0.001672,-0.199956,-0.486971,0.002280
10.187022,-0.218146,0.345010,1.380909,0.359882,-0.996995,-0.888503,0.526947,-0.149190,-0.115090,0.607397,0.415363,-0.481050,-0.362350,0.280953,-2.673784,-0.638219,1.795198,-1.651839,-1.523921,3.339893,0.732280,-0.000274,0.043282,0.027597,-0.001272,-0.200868,-0.489707,0.000137
10.188074,-0.215225,0.342781,1.384083,0.359385,-0.996195,-0.885653,0.527882,-0.150593,-0.106783,0.602384,0.418585,-0.480044,-0.363417,0.281002,-2.673783,-0.638174,1.795225,-1.651842,-1.524119,3.339395,0.732284,0.000282,0.043686,0.027691,-0.001895,-0.200015,-0.491763,0.001656
10.189068,-0.215388,0.345553,1.387864,0.358860,-0.996559,-0.883892,0.527639,-0.151027,-0.098688,0.597597,0.422372,-0.479044,-0.364537,0.281024,-2.673784,-0.638127,1.795256,-1.651844,-1.524320,3.338890,0.732279,-0.000650,0.044724,0.028647,-0.001917,-0.200800,-0.496768,-0.000014
10.190053,-0.216109,0.343502,1.389988,0.358633,-0.997329,-0.884736,0.528643,-0.149868,-0.091381,0.593761,0.426683,-0.478023,-0.365637,0.281024,-2.673783,-0.638086,1.795285,-1.651844,-1.524523,3.338388,0.732279,-0.000080,0.043292,0.029143,-0.001932,-0.200274,-0.500369,0.000695
10.191073,-0.214307,0.340630,1.393313,0.355684,-0.995458,-0.884007,0.528163,-0.149629,-0.083287,0.588908,0.431050,-0.477037,-0.366907,0.281013,-2.673783,-0.638041,1.795316,-1.651846,-1.524720,3.337882,0.732276,0.000774,0.044253,0.030435,-0.002201,-0.199392,-0.501293,-0.001130
10.192084,-0.213047,0.341298,1.397981,0.357757,-0.992452,-0.881633,0.527677,-0.152776,-0.075048,0.582264,0.433825,-0.476275,-0.368603,0.281011,-2.673782,-0.637991,1.795350,-1.651840,-1.524925,3.337380,0.732280,0.000363,0.045572,0.031179,0.000081,-0.201161,-0.504027,0.000049
10.192993,-0.213561,0.339315,1.398587,0.356006,-0.989305,-0.875886,0.528755,-0.157503,-0.068797,0.575892,0.434809,-0.475712,-0.370623,0.281027,-2.673782,-0.637946,1.795381,-1.651847,-1.525134,3.336863,0.732286,0.000234,0.045148,0.031259,-0.002421,-0.203998,-0.508264,0.001199
10.194086,-0.211862,0.337909,1.403063,0.355413,-0.990743,-0.875644,0.528883,-0.161651,-0.064061,0.570504,0.435724,-0.475119,-0.372716,0.281028,-2.673778,-0.637898,1.795417,-1.651846,-1.525345,3.336335,0.732283,0.000911,0.046004,0.033051,-0.001166,-0.206746,-0.515325,-0.000796
10.195074,-0.209581,0.342053,1.405697,0.355103,-0.987537,-0.876021,0.528422,-0.165832,-0.060288,0.565506,0.436539,-0.474523,-0.374788,0.280984,-2.673780,-0.637850,1.795450,-1.651846,-1.525548,3.335815,0.732282,0.000614,0.046627,0.033423,-0.001176,-0.205301,-0.517757,-0.000806
10.195989,-0.212872,0.337869,1.411215,0.352817,-0.986292,-0.875024,0.528638,-0.170227,-0.056733,0.560440,0.437343,-0.473959,-0.376786,0.280888,-2.673780,-0.637807,1.795486,-1.651848,-1.525764,3.335293,0.732284,-0.000037,0.044480,0.034407,-0.001354,-0.208256,-0.519081,0.000316
10.197156,-0.209445,0.338832,1.416844,0.352732,-0.981569,-0.876870,0.528740,-0.175602,-0.052466,0.554589,0.438095,-0.473457,-0.378744,0.280743,-2.673774,-0.637756,1.795517,-1.651844,-1.525980,3.334773,0.732282,0.002019,0.046420,0.033783,0.000359,-0.209048,-0.521449,0.000064
10.198078,-0.205577,0.336952,1.418211,0.351293,-0.979420,-0.876606,0.529404,-0.182374,-0.049309,0.549054,0.437458,-0.473122,-0.380698,0.280558,-2.673776,-0.637711,1.795550,-1.651846,-1.526205,3.334245,0.732280,0.000873,0.045927,0.033803,-0.000171,-0.213754,-0.522140,0.000102
10.199082,-0.208630,0.333339,1.426803,0.349481,-0.978760,-0.876309,0.528883,-0.187351,-0.048850,0.546193,0.436348,-0.472766,-0.382493,0.280335,-2.673779,-0.637664,1.795589,-1.651842,-1.526426,3.333713,0.732278,-0.000562,0.046734,0.035211,0.000695,-0.215411,-0.523735,-0.001044
10.200038,-0.206028,0.335838,1.424789,0.351015,-0.978009,-0.873845,0.529800,-0.188691,-0.052571,0.547692,0.434792,-0.472332,-0.384058,0.280095,-2.673774,-0.637612,1.795619,-1.651836,-1.526641,3.333183,0.732281,0.001432,0.048396,0.033294,0.001819,-0.215793,-0.525778,0.000213
10.201037,-0.204696,0.332415,1.433558,0.349757,-0.978371,-0.875446,0.528867,-0.188421,-0.059955,0.552330,0.431990,-0.471929,-0.385550,0.279857,-2.673776,-0.637568,1.795660,-1.651839,-1.526858,3.332646,0.732279,0.000599,0.047030,0.036493,-0.000190,-0.216186,-0.529723,-0.001455
10.201961,-0.203532,0.330187,1.432679,0.348093,-0.975114,-0.873105,0.529566,-0.187073,-0.068327,0.558135,0.429436,-0.471445,-0.387007,0.279627,-2.673776,-0.637516,1.795690,-1.651838,-1.527071,3.332125,0.732282,0.000436,0.048617,0.034458,0.000519,-0.215565,-0.529852,0.000637
10.203143,-0.203672,0.331769,1.436681,0.347910,-0.974593,-0.873355,0.529614,-0.183613,-0.078547,0.566049,0.427054,-0.470904,-0.388353,0.279411,-2.673776,-0.637464,1.795732,-1.651834,-1.527297,3.331585,0.732281,0.000314,0.049533,0.036996,0.001594,-0.218344,-0.533513,-0.000604
10.203985,-0.202280,0.332439,1.440323,0.347897,-0.973766,-0.876087,0.529237,-0.180398,-0.089808,0.574491,0.423828,-0.470452,-0.389688,0.279215,-2.673774,-0.637417,1.795772,-1.651834,-1.527511,3.331036,0.732280,0.000959,0.048711,0.037766,0.001102,-0.218934,-0.535750,-0.000447
10.205018,-0.200351,0.332751,1.447417,0.345370,-0.975407,-0.876367,0.529934,-0.179929,-0.098593,0.580192,0.420530,-0.470058,-0.391113,0.279048,-2.673774,-0.637369,1.795810,-1.651835,-1.527733,3.330508,0.732278,0.000672,0.048191,0.037794,0.000695,-0.219115,-0.533933,0.000492
10.206068,-0.200280,0.336213,1.450299,0.345544,-0.973175,-0.880389,0.529721,-0.180992,-0.104994,0.583982,0.417495,-0.469717,-0.392465,0.278931,-2.673776,-0.637322,1.795845,-1.651830,-1.527946,3.329965,0.732278,0.000240,0.047954,0.036669,0.002544,-0.217276,-0.535488,-0.000716
10.207029,-0.200637,0.333654,1.453768,0.343084,-0.971825,-0.879924,0.530296,-0.182867,-0.109540,0.586812,0.414311,-0.469511,-0.393552,0.278875,-2.673774,-0.637277,1.795884,-1.651830,-1.528171,3.329429,0.732283,0.000715,0.046158,0.037680,0.001772,-0.219284,-0.533359,-0.000082
10.207963,-0.197833,0.335243,1.457057,0.345553,-0.970287,-0.880812,0.530301,-0.187703,-0.110959,0.587039,0.410502,-0.469536,-0.394403,0.278868,-2.673772,-0.637228,1.795923,-1.651824,-1.528396,3.328891,0.732279,0.001347,0.047329,0.038126,0.003598,-0.220184,-0.535347,-0.001036
10.209067,-0.194929,0.332085,1.462305,0.343160,-0.968732,-0.883320,0.529376,-0.195297,-0.109386,0.584724,0.406431,-0.469741,-0.394958,0.278887,-2.673775,-0.637183,1.795963,-1.651829,-1.528614,3.328350,0.732281,0.000432,0.046409,0.038591,0.000709,-0.221307,-0.535775,-0.000859
10.210055,-0.195403,0.331682,1.465116,0.342835,-0.970124,-0.886124,0.530378,-0.201328,-0.106648,0.582759,0.403741,-0.469889,-0.394956,0.278911,-2.673777,-0.637131,1.796001,-1.651824,-1.528840,3.327822,0.732286,-0.000441,0.047895,0.038544,0.002411,-0.222685,-0.535505,0.001211
10.211076,-0.194206,0.328175,1.472069,0.343630,-0.970101,-0.890241,0.530053,-0.204203,-0.104963,0.583121,0.401961,-0.470008,-0.394364,0.278926,-2.673776,-0.637084,1.796043,-1.651822,-1.529057,3.327293,0.732283,0.000281,0.047976,0.039380,0.002128,-0.220958,-0.534357,-0.000620
10.212074,-0.191619,0.330053,1.475793,0.344157,-0.971040,-0.891958,0.530747,-0.204932,-0.105770,0.586152,0.399808,-0.470249,-0.393388,0.278909,-2.673776,-0.637032,1.796078,-1.651824,-1.529275,3.326762,0.732284,0.000183,0.049594,0.038278,0.000817,-0.220741,-0.532044,0.000254
10.212951,-0.193203,0.328532,1.479430,0.344061,-0.972938,-0.894358,0.530138,-0.202119,-0.109359,0.592613,0.398246,-0.470478,-0.392122,0.278844,-2.673778,-0.636987,1.796119,-1.651826,-1.529494,3.326234,0.732281,-0.000597,0.048554,0.038696,-0.000208,-0.219487,-0.532071,-0.000939
10.214157,-0.191656,0.328237,1.484954,0.342760,-0.973646,-0.896977,0.530067,-0.196094,-0.114147,0.601474,0.398021,-0.470595,-0.390731,0.278743,-2.673776,-0.636935,1.796160,-1.651827,-1.529706,3.325697,0.732284,0.000627,0.049123,0.038802,-0.000540,-0.217108,-0.530738,0.000469
10.214985,-0.189516,0.324284,1.484705,0.342516,-0.973917,-0.895693,0.530688,-0.190078,-0.118763,0.610556,0.397924,-0.470728,-0.389512,0.278632,-2.673776,-0.636887,1.796200,-1.651826,-1.529920,3.325174,0.732285,0.000440,0.049245,0.038899,0.000071,-0.216557,-0.530903,0.000840
10.216054,-0.188372,0.325000,1.487365,0.342219,-0.974777,-0.895360,0.530479,-0.185144,-0.123817,0.619661,0.396780,-0.470972,-0.388545,0.278521,-2.673778,-0.636833,1.796244,-1.651826,-1.530137,3.324635,0.732281,-0.000199,0.050976,0.040790,-0.000144,-0.215672,-0.533029,-0.000236
10.216989,-0.187607,0.324965,1.494151,0.341858,-0.975601,-0.895698,0.529931,-0.181099,-0.129120,0.628461,0.394759,-0.471306,-0.387753,0.278409,-2.673778,-0.636784,1.796287,-1.651827,-1.530349,3.324096,0.732282,-0.000234,0.050508,0.041890,-0.000387,-0.214709,-0.535369,0.000406
10.218101,-0.187770,0.327053,1.499951,0.342577,-0.978098,-0.899124,0.530982,-0.177732,-0.133726,0.636444,0.392418,-0.471683,-0.387008,0.278313,-2.673778,-0.636734,1.796326,-1.651828,-1.530561,3.323559,0.732287,-0.000150,0.050358,0.040583,-0.000525,-0.213527,-0.536378,0.001678
10.219021,-0.187816,0.329496,1.502803,0.341575,-0.976521,-0.901206,0.530206,-0.174357,-0.137155,0.643884,0.390320,-0.472057,-0.386181,0.278226,-2.673778,-0.636688,1.796366,-1.651830,-1.530769,3.323024,0.732281,0.000490,0.049276,0.040288,-0.001803,-0.211033,-0.535169,-0.000208
10.219991,-0.186057,0.329984,1.505876,0.341783,-0.975043,-0.903748,0.531428,-0.172426,-0.137491,0.649139,0.388875,-0.472445,-0.385328,0.278130,-2.673776,-0.636642,1.796409,-1.651830,-1.530981,3.322489,0.732286,0.000944,0.047925,0.040896,-0.001295,-0.212270,-0.534386,0.001543
10.221066,-0.182822,0.325053,1.508489,0.341217,-0.974664,-0.905465,0.530816,-0.173922,-0.132625,0.650035,0.388317,-0.472865,-0.384552,0.278028,-2.673776,-0.636595,1.796452,-1.651833,-1.531196,3.321957,0.732282,0.000539,0.047580,0.041521,-0.001954,-0.213422,-0.533408,-0.000731
10.221965,-0.182400,0.328589,1.516528,0.340631,-0.974954,-0.910333,0.532031,-0.176966,-0.124408,0.648231,0.388878,-0.473260,-0.383760,0.277918,-2.673778,-0.636539,1.796498,-1.651835,-1.531408,3.321421,0.732285,-0.000527,0.049905,0.042644,-0.001926,-0.213701,-0.533751,0.000733
10.222953,-0.181244,0.326463,1.519526,0.339382,-0.973969,-0.911022,0.530813,-0.178271,-0.116588,0.647255,0.390342,-0.473603,-0.382830,0.277793,-2.673778,-0.636496,1.796533,-1.651837,-1.531619,3.320897,0.732278,-0.000278,0.047998,0.040645,-0.001786,-0.212993,-0.530106,-0.001526
10.224092,-0.182182,0.325700,1.523482,0.339134,-0.974232,-0.911444,0.531787,-0.177291,-0.110574,0.648408,0.391936,-0.473936,-0.381837,0.277672,-2.673778,-0.636445,1.796577,-1.651837,-1.531836,3.320364,0.732285,-0.000368,0.048930,0.041378,-0.001069,-0.213687,-0.531107,0.001128
10.225016,-0.182767,0.320847,1.524144,0.338522,-0.974759,-0.909080,0.531933,-0.176037,-0.106134,0.650703,0.392648,-0.474354,-0.381001,0.277583,-2.673776,-0.636395,1.796621,-1.651839,-1.532048,3.319825,0.732282,0.000654,0.049232,0.042013,-0.001401,-0.213435,-0.533042,-0.000618
10.226066,-0.179483,0.320277,1.529689,0.337834,-0.974493,-0.908256,0.531167,-0.180707,-0.102300,0.654252,0.388152,-0.475745,-0.380493,0.277516,-2.673775,-0.636287,1.796709,-1.651843,-1.532469,3.318740,0.732285,0.000257,0.051564,0.043293,-0.001086,-0.212702,-0.539398,0.001037
10.227090,-0.177248,0.320885,1.532005,0.337169,-0.975308,-0.911289,0.531859,-0.180707,-0.102300,0.654252,0.388152,-0.475745,-0.380493,0.277516,-2.673775,-0.636287,1.796709,-1.651843,-1.532469,3.318740,0.732285,0.000257,0.051564,0.043293,-0.001086,-0.212702,-0.539398,0.001037
10.228050,-0.176674,0.322509,1.538420,0.337504,-0.974128,-0.909863,0.531532,-0.183333,-0.104261,0.657525,0.384052,-0.476521,-0.380581,0.277535,-2.673777,-0.636236,1.796757,-1.651843,-1.532682,3.318206,0.732284,-0.000323,0.051127,0.044409,-0.000979,-0.211674,-0.538145,-0.000166
10.229007,-0.175598,0.323231,1.539249,0.335488,-0.973505,-0.910819,0.532566,-0.183815,-0.107161,0.661927,0.380843,-0.477097,-0.380694,0.277555,-2.673776,-0.636187,1.796800,-1.651846,-1.532900,3.317659,0.732285,-0.000132,0.050166,0.043312,-0.001753,-0.212504,-0.541034,0.000694
10.230042,-0.175291,0.321278,1.547212,0.334690,-0.974111,-0.908292,0.532194,-0.183279,-0.108865,0.665814,0.379021,-0.477416,-0.380794,0.277554,-2.673778,-0.636136,1.796849,-1.651845,-1.533112,3.317111,0.732282,-0.000172,0.049642,0.044981,-0.000280,-0.212809,-0.541451,-0.001194
10.231097,-0.174343,0.324292,1.549042,0.336522,-0.973250,-0.911537,0.532086,-0.183059,-0.109483,0.668798,0.377478,-0.477598,-0.380810,0.277537,-2.673779,-0.636083,1.796890,-1.651845,-1.533325,3.316558,0.732285,0.000201,0.050480,0.043325,-0.000055,-0.212015,-0.545770,-0.000227
10.231931,-0.170972,0.325629,1.556127,0.336705,-0.973544,-0.911778,0.532527,-0.182790,-0.109444,0.671310,0.376364,-0.477610,-0.380639,0.277510,-2.673779,-0.636036,1.796938,-1.651851,-1.533532,3.316012,0.732286,0.000251,0.048870,0.044782,-0.002334,-0.212806,-0.544360,0.000190
10.233085,-0.170502,0.326224,1.556933,0.334715,-0.974171,-0.911591,0.531966,-0.180542,-0.107206,0.673244,0.378203,-0.477152,-0.380194,0.277451,-2.673783,-0.635991,1.796980,-1.651855,-1.533741,3.315471,0.732285,-0.000990,0.048055,0.043010,-0.002864,-0.211986,-0.544982,-0.000530
10.234143,-0.165999,0.323880,1.559165,0.331755,-0.976277,-0.909855,0.533175,-0.175557,-0.102319,0.674788,0.383529,-0.476180,-0.379460,0.277347,-2.673783,-0.635942,1.797030,-1.651856,-1.533955,3.314919,0.732287,-0.000635,0.047714,0.045228,-0.001447,-0.211396,-0.547530,0.000833
10.235034,-0.167281,0.318604,1.562467,0.332610,-0.977059,-0.909151,0.532079,-0.170178,-0.095978,0.675687,0.389582,-0.475069,-0.378570,0.277223,-2.673788,-0.635889,1.797077,-1.651851,-1.534156,3.314360,0.732280,-0.002316,0.048761,0.046462,0.000820,-0.209257,-0.551106,-0.001381
10.236041,-0.164984,0.318872,1.567138,0.332314,-0.978021,-0.910813,0.533300,-0.165277,-0.091203,0.677205,0.393910,-0.474122,-0.377643,0.277100,-2.673789,-0.635832,1.797124,-1.651856,-1.534363,3.313809,0.732286,-0.001200,0.051146,0.046692,-0.000431,-0.208103,-0.552850,0.001012
10.236968,-0.165556,0.322137,1.572737,0.331449,-0.979247,-0.909624,0.532709,-0.159484,-0.090598,0.681339,0.396419,-0.473349,-0.376788,0.276985,-2.673793,-0.635781,1.797172,-1.651859,-1.534563,3.313254,0.732280,-0.001812,0.050840,0.046559,-0.000610,-0.207035,-0.552778,-0.001251
10.237955,-0.163248,0.317712,1.571222,0.330562,-0.978501,-0.909349,0.533276,-0.152771,-0.092777,0.687472,0.398149,-0.472663,-0.376112,0.276881,-2.673791,-0.635736,1.797217,-1.651859,-1.534765,3.312689,0.732285,-0.001074,0.049087,0.045772,-0.000240,-0.205533,-0.555141,0.000136
10.239063,-0.160765,0.320327,1.578046,0.328456,-0.980591,-0.909007,0.533631,-0.146780,-0.095281,0.693569,0.399417,-0.472088,-0.375669,0.276799,-2.673796,-0.635681,1.797271,-1.651859,-1.534974,3.312130,0.732285,-0.001692,0.051135,0.048645,0.000111,-0.206076,-0.556894,-0.000824
10.240056,-0.160920,0.321501,1.581893,0.328990,-0.980799,-0.914715,0.533146,-0.142224,-0.097728,0.698940,0.399895,-0.471706,-0.375402,0.276747,-2.673799,-0.635634,1.797316,-1.651855,-1.535172,3.311564,0.732284,-0.002353,0.049742,0.047715,0.001532,-0.204070,-0.559275,-0.001304
10.240946,-0.159961,0.319944,1.587468,0.328815,-0.981405,-0.915069,0.533959,-0.138627,-0.099694,0.703626,0.399872,-0.471495,-0.375192,0.276738,-2.673799,-0.635587,1.797365,-1.651857,-1.535379,3.311017,0.732284,-0.001768,0.049056,0.047964,0.000482,-0.203679,-0.555085,-0.000121
10.242118,-0.159920,0.320071,1.589828,0.328363,-0.983646,-0.917549,0.533011,-0.135577,-0.100633,0.707589,0.400185,-0.471324,-0.375047,0.276783,-2.673800,-0.635536,1.797412,-1.651858,-1.535581,3.310460,0.732280,-0.001790,0.049653,0.047056,0.000189,-0.202736,-0.555794,-0.001576
10.243038,-0.159703,0.322926,1.592849,0.326968,-0.982349,-0.915843,0.533590,-0.132966,-0.100997,0.711097,0.400995,-0.471123,-0.375005,0.276879,-2.673800,-0.635486,1.797465,-1.651859,-1.535775,3.309899,0.732285,-0.001221,0.049524,0.048503,0.000043,-0.200753,-0.555688,0.000569
10.243968,-0.158498,0.319052,1.597246,0.327077,-0.982266,-0.915462,0.533134,-0.132951,-0.099256,0.712298,0.401832,-0.470946,-0.375148,0.277031,-2.673800,-0.635441,1.797514,-1.651856,-1.535979,3.309342,0.732281,-0.000874,0.047969,0.048934,0.000874,-0.201775,-0.558584,-0.000420
10.245035,-0.153665,0.318581,1.600769,0.328258,-0.986503,-0.920153,0.533471,-0.135955,-0.094858,0.710775,0.402500,-0.470776,-0.375434,0.277243,-2.673803,-0.635387,1.797562,-1.651856,-1.536174,3.308775,0.732283,-0.000992,0.049723,0.048713,0.000242,-0.201648,-0.560110,0.000689
10.246023,-0.150032,0.319424,1.605265,0.325766,-0.987077,-0.920202,0.534169,-0.137280,-0.090802,0.710254,0.404069,-0.470437,-0.375621,0.277491,-2.673807,-0.635338,1.797613,-1.651862,-1.536369,3.308232,0.732284,-0.002848,0.049856,0.049300,-0.001403,-0.197437,-0.557347,0.000212
10.246980,-0.153581,0.316694,1.609255,0.325399,-0.987674,-0.921051,0.533044,-0.132405,-0.089185,0.713799,0.407801,-0.469810,-0.375480,0.277733,-2.673812,-0.635291,1.797663,-1.651858,-1.536567,3.307669,0.732281,-0.004106,0.049317,0.049167,0.000505,-0.196787,-0.558801,-0.000981
10.248082,-0.158497,0.318750,1.613355,0.324573,-0.989917,-0.921669,0.533962,-0.122707,-0.090292,0.721063,0.412269,-0.469094,-0.375058,0.277966,-2.673809,-0.635237,1.797712,-1.651858,-1.536758,3.307107,0.732286,-0.001854,0.050506,0.049233,0.000334,-0.196084,-0.559261,0.001478
10.248973,-0.156224,0.318927,1.616331,0.324679,-0.990809,-0.925782,0.533905,-0.115953,-0.092198,0.727492,0.414415,-0.468688,-0.374841,0.278220,-2.673802,-0.635189,1.797762,-1.651857,-1.536949,3.306545,0.732282,0.001076,0.049392,0.049627,0.000522,-0.193993,-0.560682,-0.000162
10.249981,-0.154164,0.317244,1.621804,0.322817,-0.990526,-0.927523,0.533549,-0.117958,-0.091637,0.728493,0.413320,-0.468764,-0.375247,0.278488,-2.673802,-0.635140,1.797815,-1.651858,-1.537138,3.305989,0.732282,0.000346,0.049138,0.049966,-0.000034,-0.192904,-0.557554,0.000150
10.251082,-0.149666,0.316766,1.623769,0.322264,-0.990573,-0.927925,0.533693,-0.125811,-0.089233,0.725704,0.410237,-0.469179,-0.376141,0.278756,-2.673804,-0.635090,1.797862,-1.651855,-1.537330,3.305428,0.732288,-0.000160,0.049852,0.049439,0.001205,-0.193178,-0.557414,0.001045
10.252054,-0.149508,0.316844,1.626375,0.323452,-0.989990,-0.926589,0.533839,-0.133377,-0.088056,0.723665,0.406475,-0.469717,-0.377105,0.279008,-2.673809,-0.635039,1.797916,-1.651855,-1.537526,3.304869,0.732290,-0.001807,0.049992,0.050865,0.001146,-0.193252,-0.559073,0.000960
10.252977,-0.150811,0.320595,1.633033,0.322876,-0.989799,-0.928370,0.534921,-0.137484,-0.088068,0.723572,0.403845,-0.470152,-0.377875,0.279212,-2.673808,-0.634991,1.797969,-1.651858,-1.537715,3.304298,0.732290,-0.001395,0.049817,0.051610,-0.000495,-0.193780,-0.561751,0.000862
10.254096,-0.150698,0.317803,1.636717,0.320986,-0.988117,-0.926371,0.533920,-0.138913,-0.086657,0.723512,0.403710,-0.470345,-0.378487,0.279337,-2.673805,-0.634946,1.798017,-1.651858,-1.537907,3.303739,0.732287,-0.000320,0.047814,0.050231,-0.000404,-0.193787,-0.561114,-0.001125
10.255096,-0.149459,0.315349,1.643214,0.321554,-0.988409,-0.925384,0.534368,-0.140149,-0.083062,0.722238,0.404926,-0.470430,-0.379097,0.279392,-2.673804,-0.634895,1.798071,-1.651855,-1.538105,3.303166,0.732291,0.000171,0.049155,0.050846,0.000795,-0.195623,-0.565200,0.001127
10.255964,-0.149830,0.312830,1.643671,0.319816,-0.985370,-0.921436,0.534454,-0.140700,-0.080216,0.721812,0.405858,-0.470565,-0.379672,0.279393,-2.673805,-0.634843,1.798119,-1.651857,-1.538297,3.302593,0.732288,0.000048,0.050221,0.049771,-0.000291,-0.195273,-0.567630,0.000416
10.257090,-0.145683,0.310987,1.644661,0.321743,-0.984636,-0.922301,0.534868,-0.138796,-0.080935,0.724554,0.405965,-0.470778,-0.380091,0.279346,-2.673803,-0.634790,1.798174,-1.651853,-1.538500,3.302019,0.732289,0.000650,0.051252,0.051301,0.000905,-0.197946,-0.572410,0.000418
10.258007,-0.147779,0.311386,1.651655,0.318758,-0.982983,-0.922674,0.535755,-0.134425,-0.084584,0.729724,0.405995,-0.470990,-0.380372,0.279258,-2.673807,-0.634737,1.798230,-1.651858,-1.538697,3.301439,0.732286,-0.000839,0.052058,0.053250,-0.001536,-0.198820,-0.573551,-0.000176
10.258971,-0.146293,0.309317,1.652138,0.318585,-0.984820,-0.922006,0.535035,-0.128010,-0.089734,0.736083,0.406754,-0.471116,-0.380595,0.279134,-2.673803,-0.634687,1.798280,-1.651853,-1.538901,3.300871,0.732284,0.000651,0.051677,0.051652,0.000862,-0.200174,-0.574261,-0.001767
10.260072,-0.145913,0.308589,1.655419,0.318719,-0.982710,-0.921261,0.535310,-0.121698,-0.095978,0.742677,0.406866,-0.471317,-0.380895,0.279001,-2.673803,-0.634633,1.798339,-1.651853,-1.539096,3.300294,0.732287,0.000414,0.052554,0.053646,0.000432,-0.198331,-0.576590,-0.000103
10.260987,-0.143145,0.309392,1.658970,0.317731,-0.982504,-0.920072,0.534586,-0.117636,-0.102063,0.747781,0.405829,-0.471694,-0.381407,0.278890,-2.673801,-0.634578,1.798396,-1.651855,-1.539301,3.299708,0.732285,0.000832,0.052840,0.054765,-0.000350,-0.200787,-0.579887,-0.000419
10.261985,-0.143173,0.310132,1.661323,0.317991,-0.980137,-0.921889,0.535415,-0.115288,-0.106430,0.750648,0.405027,-0.472114,-0.382110,0.278812,-2.673803,-0.634526,1.798451,-1.651855,-1.539503,3.299125,0.732289,-0.000028,0.052287,0.055185,0.000079,-0.200905,-0.582601,0.001237
10.263069,-0.140055,0.311010,1.665649,0.316080,-0.981112,-0.921491,0.535733,-0.113958,-0.107869,0.751056,0.405436,-0.472437,-0.382986,0.278765,-2.673801,-0.634476,1.798511,-1.651857,-1.539708,3.298541,0.732286,0.000544,0.051843,0.056436,-0.000764,-0.203379,-0.582742,-0.000214
10.264030,-0.140364,0.308344,1.670167,0.315088,-0.980543,-0.919501,0.535001,-0.113976,-0.105471,0.748467,0.407273,-0.472602,-0.384095,0.278744,-2.673803,-0.634423,1.798568,-1.651855,-1.539912,3.297957,0.732282,-0.000397,0.051352,0.056977,0.000441,-0.202651,-0.585625,-0.000586
10.265026,-0.139080,0.309333,1.671771,0.314311,-0.979801,-0.918602,0.535950,-0.114877,-0.100786,0.744229,0.409489,-0.472679,-0.385353,0.278761,-2.673801,-0.634367,1.798626,-1.651853,-1.540121,3.297359,0.732288,0.000296,0.052535,0.057036,0.000783,-0.203207,-0.589325,0.001091
10.266024,-0.137797,0.307540,1.674402,0.314643,-0.978437,-0.920929,0.535475,-0.116560,-0.095564,0.739556,0.410922,-0.472779,-0.386670,0.278821,-2.673801,-0.634315,1.798688,-1.651853,-1.540325,3.296754,0.732285,0.000209,0.051922,0.058629,0.000937,-0.204034,-0.592064,-0.000608
10.266999,-0.139541,0.302619,1.678249,0.312580,-0.979548,-0.917736,0.535853,-0.119743,-0.089176,0.733590,0.411918,-0.472870,-0.388099,0.278913,-2.673801,-0.634261,1.798751,-1.651855,-1.540533,3.296162,0.732288,0.000132,0.052708,0.059687,0.000015,-0.205459,-0.591644,0.000581
10.267990,-0.139917,0.304488,1.680119,0.314393,-0.977359,-0.917508,0.535659,-0.124709,-0.082752,0.726686,0.412078,-0.473013,-0.389685,0.279030,-2.673798,-0.634201,1.798812,-1.651851,-1.540735,3.295554,0.732284,0.001525,0.054982,0.060079,0.001408,-0.204392,-0.596604,0.000042
10.269126,-0.136859,0.306380,1.689855,0.312167,-0.975934,-0.917319,0.536144,-0.132449,-0.077350,0.718989,0.410510,-0.473342,-0.391414,0.279166,-2.673794,-0.634148,1.798875,-1.651857,-1.540947,3.294946,0.732288,0.002220,0.053906,0.061510,-0.000925,-0.206607,-0.598603,0.000645
10.270007,-0.135888,0.306426,1.693866,0.312428,-0.974807,-0.922565,0.535615,-0.141780,-0.071518,0.710413,0.408682,-0.473702,-0.393061,0.279305,-2.673795,-0.634096,1.798932,-1.651853,-1.541163,3.294343,0.732286,0.001334,0.052935,0.059496,0.000538,-0.208304,-0.601434,-0.000077
10.271010,-0.135205,0.307507,1.692621,0.311137,-0.974278,-0.922349,0.536001,-0.148884,-0.065675,0.703345,0.408029,-0.473881,-0.394326,0.279432,-2.673794,-0.634042,1.798989,-1.651855,-1.541374,3.293749,0.732288,0.001336,0.052742,0.059587,-0.000251,-0.209195,-0.597395,0.001185
10.272011,-0.133047,0.305603,1.697339,0.311489,-0.973596,-0.923039,0.536336,-0.154501,-0.059176,0.697013,0.408524,-0.473902,-0.395392,0.279546,-2.673794,-0.633992,1.799058,-1.651853,-1.541588,3.293145,0.732288,0.001561,0.052125,0.062560,0.000386,-0.209723,-0.599567,0.000622
10.272980,-0.131475,0.300146,1.700816,0.310941,-0.974185,-0.920325,0.536028,-0.161416,-0.050160,0.688682,0.410017,-0.473830,-0.396576,0.279642,-2.673794,-0.633937,1.799122,-1.651855,-1.541803,3.292536,0.732287,0.001042,0.052958,0.062541,-0.000563,-0.210398,-0.600716,0.000179
10.274000,-0.131327,0.299015,1.702204,0.309893,-0.971976,-0.922498,0.537185,-0.167148,-0.041602,0.681050,0.412315,-0.473635,-0.397768,0.279714,-2.673795,-0.633875,1.799187,-1.651855,-1.542008,3.291916,0.732289,0.000825,0.055477,0.063066,-0.000610,-0.209822,-0.605074,0.001013
10.274992,-0.129947,0.301352,1.703732,0.308462,-0.973075,-0.919471,0.536749,-0.169909,-0.037052,0.676909,0.414468,-0.473340,-0.398900,0.279764,-2.673792,-0.633819,1.799254,-1.651855,-1.542225,3.291309,0.732284,0.001296,0.055880,0.064779,-0.000194,-0.212072,-0.604820,-0.001081
10.276001,-0.127687,0.300809,1.708581,0.308091,-0.971952,-0.918599,0.536333,-0.173079,-0.034548,0.673572,0.415523,-0.473053,-0.400141,0.279808,-2.673792,-0.633765,1.799323,-1.651853,-1.542434,3.290685,0.732286,0.001162,0.054580,0.066307,0.000580,-0.210966,-0.609615,0.000039
10.277054,-0.126466,0.300968,1.715355,0.306000,-0.972834,-0.916169,0.536636,-0.178244,-0.031103,0.668772,0.415821,-0.472777,-0.401392,0.279876,-2.673794,-0.633709,1.799390,-1.651853,-1.542648,3.290071,0.732289,0.000615,0.054717,0.066226,0.000312,-0.212128,-0.612329,0.001082
10.277988,-0.127884,0.301027,1.711666,0.305081,-0.972801,-0.920078,0.537004,-0.182727,-0.027714,0.664674,0.415735,-0.472477,-0.402234,0.279974,-2.673794,-0.633654,1.799454,-1.651849,-1.542860,3.289443,0.732289,0.000611,0.054531,0.065365,0.001670,-0.211361,-0.616805,0.000696
10.278970,-0.122530,0.301962,1.719798,0.305573,-0.973678,-0.922197,0.537494,-0.188022,-0.024346,0.660668,0.414328,-0.472345,-0.402632,0.280085,-2.673789,-0.633600,1.799530,-1.651846,-1.543071,3.288827,0.732289,0.001792,0.054359,0.069278,0.001930,-0.211289,-0.614261,0.000166
10.280007,-0.121568,0.297290,1.723136,0.306498,-0.969719,-0.926705,0.536858,-0.196503,-0.018948,0.654201,0.411934,-0.472479,-0.402755,0.280184,-2.673792,-0.633545,1.799594,-1.651848,-1.543280,3.288219,0.732287,-0.000326,0.053746,0.067462,0.000856,-0.210411,-0.613919,-0.000591
10.280956,-0.120641,0.296667,1.726018,0.305386,-0.968917,-0.926985,0.537331,-0.202763,-0.013566,0.648783,0.411059,-0.472602,-0.402336,0.280246,-2.673791,-0.633484,1.799665,-1.651851,-1.543501,3.287605,0.732292,-0.000202,0.055926,0.068227,-0.000655,-0.214426,-0.611409,0.000916
10.281964,-0.119596,0.292910,1.732651,0.304795,-0.966369,-0.934193,0.537326,-0.203453,-0.011044,0.647511,0.412506,-0.472586,-0.401272,0.280256,-2.673791,-0.633425,1.799733,-1.651849,-1.543721,3.286985,0.732290,-0.000130,0.056004,0.068945,-0.000160,-0.215024,-0.612664,0.000165
10.283083,-0.118908,0.293815,1.735759,0.303094,-0.963626,-0.935749,0.537410,-0.200243,-0.012447,0.650275,0.414784,-0.472596,-0.399819,0.280202,-2.673791,-0.633365,1.799799,-1.651849,-1.543946,3.286387,0.732291,-0.000084,0.057718,0.067986,-0.000200,-0.217501,-0.607345,0.000406
10.284137,-0.115480,0.293373,1.736718,0.301089,-0.963472,-0.937737,0.537835,-0.194731,-0.018248,0.656805,0.416422,-0.472782,-0.398232,0.280074,-2.673791,-0.633310,1.799869,-1.651845,-1.544167,3.285773,0.732291,0.000207,0.057171,0.069125,0.000721,-0.220434,-0.608325,0.000485
10.284961,-0.116436,0.293751,1.739315,0.299684,-0.961582,-0.935151,0.537578,-0.189725,-0.026146,0.664552,0.416632,-0.473257,-0.396745,0.279879,-2.673795,-0.633253,1.799943,-1.651840,-1.544387,3.285164,0.732290,-0.000880,0.057267,0.071071,0.001963,-0.220607,-0.608477,-0.000134
10.286048,-0.116463,0.289915,1.749151,0.298107,-0.957405,-0.940447,0.538701,-0.187849,-0.033281,0.670685,0.414880,-0.474118,-0.395469,0.279627,-2.673792,-0.633197,1.800016,-1.651837,-1.544613,3.284541,0.732292,0.000046,0.056839,0.071466,0.002759,-0.222010,-0.611886,0.000569
10.287034,-0.114656,0.289574,1.749809,0.297920,-0.956828,-0.941623,0.538043,-0.188983,-0.040608,0.676068,0.410339,-0.475372,-0.394362,0.279327,-2.673791,-0.633134,1.800079,-1.651831,-1.544850,3.283927,0.732288,0.000665,0.058596,0.069177,0.003512,-0.226175,-0.608820,-0.001446
10.288005,-0.112289,0.291441,1.752969,0.297324,-0.952860,-0.941307,0.538874,-0.190975,-0.050621,0.683242,0.402938,-0.476926,-0.393299,0.278989,-2.673791,-0.633077,1.800154,-1.651832,-1.545074,3.283320,0.732292,0.000308,0.058593,0.071080,0.003106,-0.226580,-0.609463,0.000108
10.289139,-0.112419,0.288429,1.758305,0.297190,-0.951165,-0.944406,0.538367,-0.192756,-0.061496,0.691360,0.394592,-0.478603,-0.392151,0.278619,-2.673793,-0.633021,1.800225,-1.651828,-1.545309,3.282701,0.732287,-0.000310,0.057488,0.071683,0.003011,-0.230312,-0.611418,-0.001346
10.290028,-0.112567,0.289505,1.761559,0.296979,-0.947587,-0.950574,0.537981,-0.193988,-0.070715,0.698905,0.387098,-0.480257,-0.390796,0.278227,-2.673791,-0.632959,1.800295,-1.651830,-1.545548,3.282095,0.732290,0.000388,0.058868,0.071723,0.002471,-0.232023,-0.610891,-0.000066
10.290996,-0.109518,0.287338,1.766584,0.297561,-0.943984,-0.950801,0.538974,-0.195796,-0.084199,0.711434,0.375608,-0.483328,-0.387868,0.277480,-2.673791,-0.632839,1.800439,-1.651828,-1.546038,3.280872,0.732287,-0.000030,0.058959,0.071685,0.000901,-0.238291,-0.607396,-0.000886
10.292108,-0.107157,0.286176,1.772224,0.295906,-0.940370,-0.950715,0.539261,-0.195796,-0.084199,0.711434,0.375608,-0.483328,-0.387868,0.277480,-2.673791,-0.632839,1.800439,-1.651828,-1.546038,3.280872,0.732287,-0.000030,0.058959,0.071685,0.000901,-0.238291,-0.607396,-0.000886
10.293093,-0.108453,0.283368,1.776778,0.297005,-0.937119,-0.949802,0.539184,-0.192260,-0.090472,0.719494,0.372865,-0.484465,-0.386243,0.277148,-2.673793,-0.632779,1.800509,-1.651824,-1.546285,3.280258,0.732289,-0.000557,0.059395,0.071508,0.001783,-0.241807,-0.609924,-0.001202
10.294041,-0.106986,0.285233,1.779312,0.294637,-0.938076,-0.951409,0.539203,-0.182967,-0.098902,0.731622,0.371866,-0.485264,-0.384366,0.276852,-2.673789,-0.632716,1.800580,-1.651828,-1.546534,3.279633,0.732287,0.000619,0.060575,0.071479,0.000125,-0.244675,-0.612505,-0.000817
10.295146,-0.104077,0.279056,1.780583,0.294409,-0.934381,-0.947495,0.539154,-0.171009,-0.108472,0.745808,0.371357,-0.485876,-0.382517,0.276600,-2.673789,-0.632659,1.800652,-1.651822,-1.546775,3.279023,0.732287,0.000408,0.059432,0.072328,0.001796,-0.243290,-0.612423,-0.000646
10.296043,-0.102402,0.279815,1.787369,0.293903,-0.933022,-0.944239,0.539735,-0.159063,-0.118120,0.760055,0.370155,-0.486464,-0.380921,0.276401,-2.673791,-0.632590,1.800735,-1.651823,-1.547029,3.278391,0.732290,-0.000404,0.062317,0.074180,0.001349,-0.246853,-0.618682,-0.000311
10.297028,-0.105435,0.278902,1.790036,0.294084,-0.932686,-0.941571,0.538840,-0.145298,-0.129204,0.775858,0.368276,-0.486959,-0.379387,0.276248,-2.673793,-0.632528,1.800805,-1.651821,-1.547277,3.277751,0.732289,-0.000705,0.061635,0.072719,0.001258,-0.247622,-0.623015,-0.001281
10.298007,-0.103323,0.279279,1.788633,0.293307,-0.931368,-0.943795,0.540015,-0.129345,-0.141500,0.793370,0.366043,-0.487278,-0.377724,0.276127,-2.673787,-0.632466,1.800881,-1.651824,-1.547523,3.277116,0.732292,0.001310,0.061880,0.073594,0.000529,-0.247599,-0.627295,0.000745
10.299002,-0.102759,0.279693,1.793696,0.294055,-0.932599,-0.943151,0.539669,-0.116378,-0.151215,0.807886,0.363129,-0.487571,-0.376178,0.276046,-2.673786,-0.632404,1.800962,-1.651824,-1.547770,3.276484,0.732287,0.000776,0.061460,0.076408,0.000701,-0.248551,-0.626606,-0.001408
10.300001,-0.100200,0.278320,1.796519,0.293767,-0.929609,-0.941894,0.539851,-0.109542,-0.155274,0.815836,0.360032,-0.487921,-0.374948,0.276011,-2.673784,-0.632343,1.801037,-1.651830,-1.548020,3.275846,0.732292,0.001042,0.061051,0.076069,-0.000539,-0.246918,-0.628924,-0.000482
10.301124,-0.098688,0.276729,1.802705,0.293779,-0.927803,-0.944000,0.539410,-0.106324,-0.154256,0.818717,0.357974,-0.488214,-0.373809,0.276016,-2.673786,-0.632281,1.801117,-1.651831,-1.548277,3.275212,0.732290,0.000337,0.061530,0.076851,-0.000850,-0.249518,-0.631882,-0.000629
10.302012,-0.098058,0.277034,1.802458,0.294923,-0.929577,-0.944531,0.539298,-0.102693,-0.151009,0.820229,0.357642,-0.488290,-0.372467,0.276054,-2.673785,-0.632217,1.801193,-1.651834,-1.548527,3.274572,0.732292,0.000215,0.062154,0.076360,-0.001491,-0.251222,-0.632087,0.000510
10.303035,-0.094855,0.277134,1.803756,0.292807,-0.927622,-0.944402,0.539421,-0.097533,-0.146615,0.821562,0.359322,-0.488077,-0.370964,0.276119,-2.673785,-0.632157,1.801276,-1.651842,-1.548773,3.273941,0.732293,0.000395,0.061733,0.078288,-0.003014,-0.248849,-0.632653,0.000920
10.304085,-0.095894,0.273323,1.810297,0.293118,-0.929358,-0.942752,0.539391,-0.092974,-0.139460,0.820724,0.362827,-0.487656,-0.369570,0.276201,-2.673786,-0.632095,1.801360,-1.651840,-1.549028,3.273304,0.732292,-0.000622,0.061483,0.079840,-0.001533,-0.250480,-0.634607,0.000901
10.305061,-0.091341,0.271771,1.810546,0.292945,-0.928268,-0.943856,0.539925,-0.089893,-0.130338,0.817914,0.366815,-0.487188,-0.368381,0.276294,-2.673785,-0.632027,1.801437,-1.651845,-1.549271,3.272656,0.732294,0.000496,0.063152,0.078915,-0.002424,-0.248522,-0.638156,0.001189
10.305992,-0.091466,0.271183,1.812280,0.292822,-0.926869,-0.942348,0.539552,-0.086417,-0.122374,0.815935,0.370468,-0.486709,-0.367346,0.276385,-2.673789,-0.631963,1.801522,-1.651848,-1.549520,3.272019,0.732293,-0.001207,0.063665,0.080860,-0.002766,-0.249231,-0.638570,0.000331
10.307144,-0.089420,0.273090,1.815057,0.292171,-0.928206,-0.942223,0.540484,-0.081758,-0.115745,0.815145,0.374415,-0.486107,-0.366535,0.276455,-2.673789,-0.631899,1.801604,-1.651852,-1.549775,3.271374,0.732295,-0.000593,0.063674,0.081927,-0.003130,-0.250076,-0.641350,0.001294
10.308100,-0.091944,0.265443,1.815807,0.291443,-0.926268,-0.939849,0.540649,-0.077926,-0.107916,0.813196,0.379013,-0.485335,-0.366082,0.276494,-2.673791,-0.631840,1.801691,-1.651856,-1.550016,3.270735,0.732292,-0.000956,0.062614,0.083111,-0.003101,-0.248772,-0.643976,-0.000326
10.309110,-0.088793,0.264220,1.818193,0.291660,-0.930561,-0.943166,0.540586,-0.077610,-0.098345,0.808625,0.383094,-0.484542,-0.366065,0.276495,-2.673789,-0.631768,1.801779,-1.651860,-1.550271,3.270081,0.732294,0.000841,0.066115,0.084680,-0.002872,-0.250226,-0.647693,-0.000437
10.310071,-0.090273,0.266890,1.822931,0.289618,-0.928603,-0.946591,0.541433,-0.081578,-0.089500,0.802327,0.385170,-0.483922,-0.366476,0.276449,-2.673791,-0.631701,1.801865,-1.651864,-1.550506,3.269432,0.732295,-0.000161,0.066432,0.085613,-0.003627,-0.245685,-0.645985,-0.000084
10.311053,-0.086261,0.270734,1.824419,0.288253,-0.925818,-0.948377,0.540779,-0.089519,-0.081848,0.794742,0.385171,-0.483529,-0.367239,0.276348,-2.673785,-0.631639,1.801952,-1.651864,-1.550758,3.268799,0.732290,0.001075,0.064840,0.085206,-0.002165,-0.247240,-0.644043,-0.001565
10.311988,-0.084258,0.266533,1.829747,0.289656,-0.925024,-0.950854,0.541095,-0.101950,-0.072409,0.784331,0.383924,-0.483294,-0.368259,0.276216,-2.673788,-0.631582,1.802043,-1.651863,-1.551011,3.268155,0.732293,-0.000366,0.062750,0.086470,-0.001449,-0.249605,-0.643814,-0.000020
10.313084,-0.082314,0.265052,1.831472,0.286335,-0.924351,-0.954819,0.541315,-0.115873,-0.060486,0.772230,0.383332,-0.482987,-0.369292,0.276083,-2.673790,-0.631514,1.802126,-1.651871,-1.551263,3.267509,0.732292,-0.000806,0.064572,0.085721,-0.003271,-0.249863,-0.642593,-0.000459
10.314025,-0.080462,0.260208,1.830326,0.289324,-0.924288,-0.956682,0.540782,-0.135941,-0.040861,0.754411,0.385416,-0.482029,-0.371110,0.275860,-2.673795,-0.631374,1.802308,-1.651875,-1.551763,3.266233,0.732293,-0.001501,0.067126,0.089675,-0.004131,-0.249943,-0.640321,0.000633
10.315077,-0.077021,0.259825,1.836449,0.284368,-0.922815,-0.957269,0.541534,-0.135941,-0.040861,0.754411,0.385416,-0.482029,-0.371110,0.275860,-2.673795,-0.631374,1.802308,-1.651875,-1.551763,3.266233,0.732293,-0.001501,0.067126,0.089675,-0.004131,-0.249943,-0.640321,0.000633
10.316078,-0.079878,0.254834,1.838260,0.285937,-0.921490,-0.956087,0.541473,-0.142286,-0.035363,0.749164,0.387249,-0.481548,-0.372174,0.275795,-2.673800,-0.631310,1.802396,-1.651867,-1.552015,3.265596,0.732290,-0.002568,0.067085,0.088824,0.000057,-0.251157,-0.641712,-0.000651
10.317083,-0.080531,0.257788,1.839547,0.283595,-0.920662,-0.961636,0.541034,-0.146174,-0.034431,0.747524,0.388106,-0.481175,-0.373276,0.275773,-2.673797,-0.631236,1.802490,-1.651874,-1.552272,3.264941,0.732291,-0.000584,0.069244,0.089948,-0.002014,-0.252056,-0.644482,-0.000294
10.318001,-0.079328,0.255796,1.841581,0.282979,-0.919702,-0.960546,0.541645,-0.152104,-0.035944,0.746291,0.386764,-0.481050,-0.374670,0.275809,-2.673795,-0.631173,1.802585,-1.651871,-1.552524,3.264297,0.732293,0.000276,0.067500,0.091325,-0.000331,-0.252503,-0.640532,0.000809
10.319018,-0.077561,0.257325,1.845156,0.281182,-0.920748,-0.961210,0.541929,-0.164387,-0.035833,0.741060,0.383290,-0.481220,-0.376626,0.275903,-2.673795,-0.631102,1.802679,-1.651872,-1.552781,3.263654,0.732293,0.000183,0.068157,0.092059,-0.000298,-0.252863,-0.642875,-0.000228
10.320050,-0.073938,0.254360,1.849946,0.280722,-0.916442,-0.962822,0.541749,-0.181800,-0.033311,0.732103,0.378281,-0.481603,-0.378929,0.276039,-2.673795,-0.631036,1.802770,-1.651868,-1.553027,3.263004,0.732292,-0.000128,0.067126,0.092360,0.000778,-0.251516,-0.643893,-0.000561
10.320953,-0.072055,0.255731,1.853519,0.279227,-0.915605,-0.964949,0.542136,-0.199416,-0.030263,0.722968,0.372982,-0.481963,-0.381147,0.276193,-2.673798,-0.630965,1.802862,-1.651869,-1.553291,3.262359,0.732295,-0.001320,0.068319,0.092089,0.000615,-0.255439,-0.644077,0.000024
10.322122,-0.071615,0.252031,1.860221,0.279614,-0.917187,-0.964958,0.542382,-0.212495,-0.028859,0.717208,0.368653,-0.482021,-0.383000,0.276354,-2.673800,-0.630899,1.802956,-1.651866,-1.553550,3.261717,0.732292,-0.001724,0.067299,0.092014,0.001484,-0.255575,-0.643052,-0.000548
10.323064,-0.073921,0.255022,1.858502,0.281050,-0.919853,-0.959783,0.541950,-0.219257,-0.030282,0.716385,0.365648,-0.481657,-0.384467,0.276522,-2.673800,-0.630826,1.803046,-1.651868,-1.553801,3.261061,0.732291,-0.001275,0.068921,0.091247,0.000395,-0.253966,-0.645576,-0.000769
10.324029,-0.071393,0.250946,1.858524,0.277612,-0.919967,-0.960163,0.542447,-0.222333,-0.032454,0.717922,0.364166,-0.480916,-0.385794,0.276697,-2.673797,-0.630761,1.803145,-1.651874,-1.554047,3.260403,0.732293,0.000382,0.067111,0.093907,-0.001501,-0.250843,-0.652021,0.000306
10.325130,-0.070337,0.249017,1.861375,0.276669,-0.918812,-0.959640,0.542092,-0.227278,-0.031505,0.716689,0.363650,-0.480032,-0.387391,0.276882,-2.673798,-0.630690,1.803245,-1.651868,-1.554292,3.259744,0.732290,-0.000340,0.068839,0.095715,0.001248,-0.250370,-0.652941,-0.000479
10.326009,-0.068547,0.248077,1.862893,0.277186,-0.918813,-0.955598,0.542381,-0.236187,-0.028303,0.712061,0.362082,-0.479289,-0.389470,0.277079,-2.673798,-0.630619,1.803343,-1.651866,-1.554546,3.259094,0.732292,-0.000238,0.069522,0.096563,0.001437,-0.251349,-0.655636,0.000486
10.327031,-0.067789,0.245631,1.864821,0.276496,-0.919131,-0.951262,0.542548,-0.246489,-0.025285,0.706558,0.359388,-0.478660,-0.391913,0.277298,-2.673800,-0.630549,1.803442,-1.651868,-1.554796,3.258425,0.732290,-0.000617,0.069605,0.097370,0.000403,-0.250708,-0.660516,0.000099
10.328044,-0.065822,0.248929,1.875385,0.276326,-0.919583,-0.955207,0.541914,-0.255504,-0.022673,0.701441,0.357112,-0.477985,-0.394486,0.277559,-2.673799,-0.630475,1.803542,-1.651868,-1.555046,3.257739,0.732291,-0.000429,0.070500,0.098416,0.000466,-0.250085,-0.666374,-0.000008
10.328948,-0.067743,0.244686,1.873372,0.276894,-0.920864,-0.949828,0.542543,-0.260734,-0.021207,0.698498,0.356052,-0.477181,-0.396935,0.277866,-2.673800,-0.630412,1.803633,-1.651870,-1.555294,3.257077,0.732295,-0.000831,0.068593,0.095180,0.000054,-0.249311,-0.663945,0.001484
10.330008,-0.067602,0.240295,1.876261,0.275232,-0.920083,-0.948906,0.541605,-0.261408,-0.021092,0.698477,0.356494,-0.476208,-0.399174,0.278200,-2.673797,-0.630337,1.803739,-1.651873,-1.555534,3.256389,0.732293,0.000616,0.070332,0.097805,-0.001027,-0.247559,-0.670251,0.000410
10.330997,-0.066778,0.240877,1.878520,0.275489,-0.920870,-0.947736,0.542770,-0.260791,-0.022126,0.699531,0.357163,-0.475223,-0.401379,0.278549,-2.673795,-0.630258,1.803838,-1.651870,-1.555782,3.255702,0.732299,0.001110,0.072143,0.098481,-0.000068,-0.248151,-0.672842,0.002531
10.332010,-0.063512,0.239409,1.879438,0.274330,-0.923176,-0.948513,0.542311,-0.261514,-0.024377,0.700250,0.356755,-0.474362,-0.403657,0.278907,-2.673793,-0.630187,1.803939,-1.651874,-1.556029,3.255019,0.732293,0.001232,0.071502,0.099241,-0.000870,-0.246987,-0.675356,0.000403
10.333078,-0.063103,0.239388,1.882837,0.273070,-0.924804,-0.946198,0.543680,-0.263349,-0.026700,0.700032,0.355925,-0.473555,-0.405959,0.279248,-2.673797,-0.630114,1.804041,-1.651874,-1.556267,3.254339,0.732295,0.000205,0.071898,0.100745,-0.000320,-0.244450,-0.676052,0.001571
10.334077,-0.061540,0.234820,1.887402,0.274504,-0.926523,-0.942670,0.543329,-0.265974,-0.028095,0.698492,0.355091,-0.472767,-0.408248,0.279550,-2.673795,-0.630042,1.804143,-1.651873,-1.556507,3.253659,0.732288,0.000594,0.071609,0.101162,0.000242,-0.242715,-0.680196,-0.000939
10.334976,-0.061402,0.233231,1.885501,0.272299,-0.927010,-0.942773,0.543187,-0.267711,-0.029749,0.697256,0.354348,-0.471942,-0.410390,0.279813,-2.673795,-0.629966,1.804244,-1.651879,-1.556744,3.252963,0.732292,0.000371,0.073528,0.100800,-0.001698,-0.240759,-0.685048,0.000003
10.335983,-0.058355,0.235171,1.888083,0.272645,-0.927806,-0.942604,0.543730,-0.267497,-0.033060,0.697625,0.353763,-0.471026,-0.412339,0.280055,-2.673793,-0.629891,1.804350,-1.651877,-1.556982,3.252268,0.732293,0.000796,0.073879,0.103317,-0.000058,-0.239832,-0.685679,0.000481
10.337017,-0.059590,0.233626,1.888837,0.271330,-0.928908,-0.941017,0.543345,-0.267565,-0.036274,0.697464,0.353219,-0.470069,-0.414268,0.280284,-2.673795,-0.629819,1.804457,-1.651881,-1.557222,3.251584,0.732292,-0.000152,0.072568,0.103885,-0.000962,-0.238783,-0.687288,-0.000392
10.337952,-0.056714,0.234956,1.891723,0.272342,-0.928613,-0.941349,0.543983,-0.270006,-0.036583,0.694224,0.353127,-0.469105,-0.416226,0.280488,-2.673791,-0.629746,1.804567,-1.651880,-1.557455,3.250883,0.732293,0.001030,0.073023,0.105446,-0.000302,-0.237567,-0.690376,0.000622
10.339061,-0.057246,0.233526,1.897146,0.269746,-0.927988,-0.945684,0.542535,-0.275119,-0.033008,0.687254,0.354032,-0.468156,-0.418076,0.280658,-2.673793,-0.629676,1.804673,-1.651884,-1.557695,3.250196,0.732293,0.000120,0.072002,0.105656,-0.001820,-0.237466,-0.691038,-0.000465
10.340072,-0.054649,0.233078,1.896463,0.269290,-0.925654,-0.946917,0.543290,-0.281722,-0.026567,0.677849,0.356036,-0.467249,-0.419615,0.280796,-2.673789,-0.629602,1.804777,-1.651882,-1.557935,3.249505,0.732299,0.000983,0.072424,0.105161,0.000077,-0.238072,-0.688625,0.002694
10.340963,-0.052987,0.231579,1.903919,0.269323,-0.923918,-0.946878,0.544043,-0.289603,-0.018912,0.667223,0.358182,-0.466495,-0.420743,0.280910,-2.673790,-0.629528,1.804890,-1.651883,-1.558174,3.248812,0.732297,0.000251,0.072298,0.107356,-0.000100,-0.240192,-0.688825,0.001373
10.342018,-0.049984,0.235519,1.906756,0.267183,-0.923447,-0.951837,0.543780,-0.297039,-0.011537,0.657084,0.360581,-0.465850,-0.421280,0.280995,-2.673792,-0.629457,1.804993,-1.651885,-1.558419,3.248126,0.732295,-0.000048,0.072669,0.105140,-0.000643,-0.241372,-0.689656,0.000074
10.343036,-0.045202,0.234540,1.908453,0.267562,-0.923341,-0.954336,0.544197,-0.300573,-0.005642,0.649988,0.364219,-0.465150,-0.421003,0.281047,-2.673794,-0.629391,1.805101,-1.651881,-1.558660,3.247439,0.732297,-0.000934,0.070436,0.105768,0.000776,-0.241681,-0.686334,0.000850
10.343967,-0.046342,0.233589,1.913182,0.266113,-0.925208,-0.955472,0.543980,-0.299434,-0.000245,0.645836,0.369745,-0.464326,-0.420005,0.281086,-2.673801,-0.629319,1.805208,-1.651882,-1.558903,3.246755,0.732294,-0.002673,0.070625,0.106824,-0.000245,-0.241528,-0.685351,0.000236
10.345083,-0.041802,0.234745,1.918622,0.265220,-0.923524,-0.955020,0.544102,-0.294170,0.005031,0.644027,0.377096,-0.463399,-0.418538,0.281123,-2.673800,-0.629249,1.805313,-1.651880,-1.559140,3.246072,0.732297,-0.001565,0.070756,0.106104,0.000580,-0.239267,-0.685249,0.000878
10.346029,-0.042894,0.231197,1.920854,0.263893,-0.925213,-0.960348,0.544019,-0.285048,0.008720,0.645462,0.385073,-0.462428,-0.416723,0.281171,-2.673806,-0.629181,1.805417,-1.651878,-1.559378,3.245372,0.732297,-0.003160,0.069937,0.105650,0.000725,-0.240995,-0.687663,0.000879
10.347039,-0.038353,0.231592,1.922427,0.265012,-0.925338,-0.958453,0.544589,-0.272654,0.009692,0.650655,0.392541,-0.461422,-0.414670,0.281227,-2.673805,-0.629108,1.805525,-1.651876,-1.559612,3.244697,0.732297,-0.002064,0.071361,0.106213,0.001423,-0.238951,-0.683424,0.001257
10.348097,-0.037511,0.234050,1.927600,0.262028,-0.926081,-0.957265,0.544325,-0.258275,0.008004,0.658671,0.399279,-0.460365,-0.412572,0.281276,-2.673810,-0.629040,1.805635,-1.651878,-1.559853,3.244001,0.732295,-0.003727,0.070859,0.107282,-0.000307,-0.238596,-0.686773,0.000337
10.348987,-0.039802,0.232500,1.928419,0.263234,-0.927493,-0.957851,0.544091,-0.242285,0.005258,0.668309,0.406022,-0.459197,-0.410378,0.281315,-2.673812,-0.628971,1.805740,-1.651870,-1.560086,3.243300,0.732296,-0.003507,0.069356,0.106732,0.001871,-0.237783,-0.689564,0.001115
10.350070,-0.039036,0.235184,1.930445,0.262072,-0.927109,-0.959568,0.544934,-0.227181,0.003441,0.677419,0.412230,-0.458034,-0.408113,0.281360,-2.673810,-0.628900,1.805851,-1.651872,-1.560321,3.242613,0.732298,-0.001868,0.069761,0.107802,0.000114,-0.235909,-0.689728,0.001772
10.351023,-0.036025,0.233247,1.933802,0.262967,-0.926071,-0.959736,0.544255,-0.217667,0.004949,0.682272,0.417107,-0.457060,-0.406112,0.281415,-2.673812,-0.628834,1.805960,-1.651871,-1.560552,3.241923,0.732296,-0.001636,0.068180,0.108887,0.000607,-0.236320,-0.689825,0.000315
10.352019,-0.037257,0.232275,1.940174,0.262023,-0.927358,-0.958635,0.545541,-0.213566,0.010578,0.682283,0.421626,-0.456213,-0.404428,0.281466,-2.673816,-0.628763,1.806069,-1.651875,-1.560792,3.241239,0.732300,-0.002569,0.068821,0.108872,-0.000807,-0.237002,-0.690806,0.001897
10.353127,-0.032751,0.231111,1.942214,0.260504,-0.927172,-0.963307,0.545787,-0.210382,0.017248,0.681417,0.426506,-0.455365,-0.402780,0.281495,-2.673814,-0.628693,1.806175,-1.651873,-1.561027,3.240541,0.732296,-0.001388,0.068999,0.107530,-0.000502,-0.235474,-0.693206,-0.000476
10.354024,-0.032486,0.232385,1.945146,0.260250,-0.928621,-0.960718,0.545168,-0.205508,0.021494,0.683040,0.430948,-0.454553,-0.401043,0.281491,-2.673819,-0.628622,1.806283,-1.651872,-1.561261,3.239846,0.732294,-0.002976,0.069316,0.108709,0.000286,-0.235704,-0.690407,-0.000692
10.355028,-0.033211,0.229990,1.949547,0.259777,-0.927345,-0.960892,0.545681,-0.198777,0.022915,0.687413,0.434497,-0.453829,-0.399281,0.281470,-2.673819,-0.628556,1.806394,-1.651873,-1.561495,3.239150,0.732299,-0.002582,0.068347,0.108723,0.000005,-0.233813,-0.693817,0.000742
10.355983,-0.032671,0.230053,1.952703,0.258652,-0.929373,-0.960918,0.545485,-0.191000,0.022381,0.693605,0.437177,-0.453184,-0.397552,0.281452,-2.673820,-0.628485,1.806503,-1.651873,-1.561727,3.238448,0.732297,-0.001641,0.069239,0.108359,-0.000134,-0.234944,-0.694929,-0.000072
10.357114,-0.034645,0.230543,1.958349,0.257637,-0.930635,-0.958986,0.545808,-0.183549,0.019826,0.701045,0.438287,-0.452651,-0.395933,0.281434,-2.673821,-0.628417,1.806609,-1.651872,-1.561956,3.237751,0.732298,-0.001369,0.068885,0.108505,0.000356,-0.232637,-0.695971,0.000540
10.358026,-0.028702,0.226449,1.965493,0.256662,-0.932265,-0.956961,0.545757,-0.178210,0.015687,0.708718,0.436957,-0.452313,-0.394520,0.281411,-2.673817,-0.628350,1.806717,-1.651871,-1.562187,3.237042,0.732297,0.000229,0.068429,0.107936,0.000648,-0.231497,-0.699901,0.000141
10.359058,-0.031161,0.224954,1.964911,0.257719,-0.933730,-0.956773,0.545669,-0.172548,0.008253,0.718900,0.433184,-0.452132,-0.393062,0.281380,-2.673823,-0.628277,1.806819,-1.651871,-1.562411,3.236329,0.732297,-0.002199,0.070103,0.105985,0.001052,-0.229564,-0.702650,0.000450
10.360059,-0.031038,0.224324,1.971166,0.258196,-0.933887,-0.960380,0.546446,-0.162339,-0.004873,0.734718,0.428146,-0.451943,-0.391267,0.281333,-2.673820,-0.628207,1.806932,-1.651875,-1.562637,3.235623,0.732299,-0.000333,0.070596,0.108473,-0.000630,-0.228239,-0.704714,0.000868
10.361049,-0.033181,0.225170,1.972144,0.256991,-0.933144,-0.957797,0.546489,-0.150178,-0.020975,0.752810,0.423102,-0.451689,-0.389453,0.281262,-2.673819,-0.628138,1.807036,-1.651879,-1.562864,3.234914,0.732296,0.000221,0.070666,0.107583,-0.001702,-0.228217,-0.702924,-0.000445
10.362053,-0.028669,0.224711,1.979591,0.255654,-0.934156,-0.958848,0.546904,-0.141146,-0.035911,0.768179,0.418291,-0.451434,-0.388060,0.281171,-2.673818,-0.628069,1.807147,-1.651879,-1.563094,3.234193,0.732296,0.001910,0.070002,0.109270,-0.001170,-0.229036,-0.707280,-0.000274
10.363027,-0.027417,0.224727,1.980743,0.255662,-0.933972,-0.960724,0.547204,-0.136126,-0.048575,0.779939,0.413366,-0.451233,-0.387065,0.281085,-2.673820,-0.627999,1.807251,-1.651877,-1.563323,3.233490,0.732294,0.000282,0.069990,0.107800,-0.000586,-0.228113,-0.708096,-0.000861
10.364025,-0.024390,0.227415,1.987425,0.253536,-0.934260,-0.960289,0.546788,-0.131844,-0.060062,0.790330,0.408947,-0.451024,-0.386205,0.281027,-2.673820,-0.627929,1.807360,-1.651881,-1.563551,3.232774,0.732293,0.000285,0.069713,0.109361,-0.001206,-0.228358,-0.707855,-0.001214
10.365072,-0.025668,0.226126,1.990017,0.253006,-0.935861,-0.962248,0.547297,-0.126153,-0.070400,0.800382,0.405896,-0.450737,-0.385381,0.281020,-2.673822,-0.627864,1.807465,-1.651879,-1.563779,3.232069,0.732295,-0.000578,0.068169,0.108242,0.000201,-0.228168,-0.710176,-0.000131
10.366072,-0.022752,0.224064,1.993000,0.251052,-0.934977,-0.962445,0.546579,-0.120128,-0.078917,0.809332,0.403674,-0.450459,-0.384677,0.281086,-2.673818,-0.627796,1.807579,-1.651879,-1.564002,3.231354,0.732293,0.000705,0.068636,0.109286,-0.000016,-0.226830,-0.710290,-0.000902
10.367015,-0.024131,0.221427,2.000286,0.250620,-0.933094,-0.967053,0.547769,-0.115544,-0.086239,0.816619,0.400993,-0.450362,-0.384238,0.281234,-2.673820,-0.627722,1.807689,-1.651877,-1.564230,3.230630,0.732297,-0.000120,0.069380,0.109976,0.001185,-0.227854,-0.711866,0.000784
10.367987,-0.022151,0.222855,2.003001,0.250262,-0.932035,-0.965817,0.546794,-0.112127,-0.094706,0.823583,0.396969,-0.450521,-0.384082,0.281453,-2.673817,-0.627650,1.807794,-1.651876,-1.564465,3.229927,0.732292,0.001143,0.070392,0.108366,0.000935,-0.229646,-0.708742,-0.001383
10.369094,-0.021267,0.226135,2.006015,0.249962,-0.930476,-0.967509,0.546727,-0.108511,-0.105581,0.831639,0.391943,-0.450862,-0.384096,0.281725,-2.673817,-0.627582,1.807904,-1.651878,-1.564695,3.229207,0.732297,0.000751,0.069420,0.109129,0.000658,-0.230716,-0.711650,0.000828
10.370082,-0.018437,0.221348,2.011175,0.247431,-0.931497,-0.971530,0.546977,-0.105349,-0.115480,0.838511,0.387705,-0.451236,-0.384205,0.282033,-2.673815,-0.627520,1.808016,-1.651879,-1.564933,3.228503,0.732297,0.000996,0.067679,0.110168,0.000196,-0.232551,-0.712462,0.001216
10.370979,-0.019440,0.228107,2.014221,0.248225,-0.928527,-0.972774,0.547448,-0.103171,-0.122794,0.842977,0.384755,-0.451611,-0.384376,0.282348,-2.673819,-0.627446,1.808124,-1.651875,-1.565168,3.227792,0.732298,0.000241,0.069805,0.109751,0.001951,-0.231518,-0.710169,0.000947
10.372009,-0.014506,0.222474,2.018644,0.246941,-0.926586,-0.973501,0.547620,-0.101954,-0.128372,0.845626,0.382446,-0.452029,-0.384657,0.282633,-2.673815,-0.627387,1.808233,-1.651878,-1.565404,3.227076,0.732298,0.001283,0.066197,0.110077,0.000586,-0.234308,-0.710127,0.000221
10.373018,-0.014009,0.226000,2.021779,0.245298,-0.926146,-0.975699,0.547986,-0.100736,-0.131764,0.846749,0.381625,-0.452361,-0.385022,0.282863,-2.673819,-0.627312,1.808344,-1.651876,-1.565645,3.226369,0.732298,-0.000516,0.068786,0.110154,0.001114,-0.236290,-0.711453,0.000136
10.373948,-0.014048,0.224856,2.024685,0.245335,-0.924806,-0.975272,0.549061,-0.097456,-0.134386,0.848172,0.382466,-0.452526,-0.385342,0.283025,-2.673817,-0.627250,1.808458,-1.651874,-1.565883,3.225652,0.732299,-0.000128,0.066827,0.110769,0.002009,-0.236744,-0.711091,-0.000357
10.375060,-0.012303,0.222003,2.031853,0.243349,-0.925218,-0.974055,0.548151,-0.093586,-0.136106,0.849221,0.384012,-0.452610,-0.385731,0.283118,-2.673815,-0.627180,1.808569,-1.651876,-1.566126,3.224931,0.732294,0.000462,0.067138,0.111258,0.001346,-0.237887,-0.712892,-0.002273
10.376001,-0.010887,0.223120,2.031509,0.244409,-0.924306,-0.973279,0.548113,-0.090196,-0.137394,0.849840,0.385338,-0.452681,-0.386259,0.283161,-2.673815,-0.627111,1.808676,-1.651873,-1.566368,3.224216,0.732298,0.000285,0.068399,0.110277,0.002483,-0.237701,-0.716622,-0.000158
10.377022,-0.009453,0.218778,2.036842,0.243555,-0.922338,-0.978082,0.548868,-0.085787,-0.140045,0.851818,0.386247,-0.452708,-0.386809,0.283179,-2.673815,-0.627046,1.808792,-1.651875,-1.566608,3.223493,0.732301,0.000173,0.067600,0.112396,0.000795,-0.238471,-0.718780,0.000120
10.378073,-0.007366,0.222714,2.040151,0.243242,-0.923221,-0.976020,0.548209,-0.080147,-0.143534,0.854707,0.387643,-0.452578,-0.387471,0.283172,-2.673815,-0.626974,1.808905,-1.651875,-1.566849,3.222784,0.732295,0.000102,0.069535,0.111942,0.000939,-0.240476,-0.715899,-0.001135
10.378999,-0.006365,0.221472,2.039819,0.242706,-0.921183,-0.975792,0.548656,-0.066035,-0.150042,0.860980,0.393620,-0.451682,-0.389536,0.283112,-2.673817,-0.626841,1.809136,-1.651877,-1.567332,3.221327,0.732298,-0.000168,0.067753,0.114649,0.000442,-0.241527,-0.721548,-0.000232
10.380057,-0.006329,0.222509,2.040835,0.241474,-0.922003,-0.973881,0.548588,-0.066035,-0.150042,0.860980,0.393620,-0.451682,-0.389536,0.283112,-2.673817,-0.626841,1.809136,-1.651877,-1.567332,3.221327,0.732298,-0.000168,0.067753,0.114649,0.000442,-0.241527,-0.721548,-0.000232
10.381111,-0.004712,0.223913,2.045899,0.242310,-0.921310,-0.973492,0.549015,-0.062399,-0.148101,0.859299,0.398055,-0.451116,-0.391193,0.283072,-2.673815,-0.626776,1.809258,-1.651873,-1.567573,3.220596,0.732297,0.000468,0.067071,0.116398,0.000861,-0.240801,-0.725557,0.000178
10.382016,-0.002015,0.224112,2.046127,0.241068,-0.920083,-0.972425,0.548705,-0.063724,-0.140901,0.852140,0.402924,-0.450619,-0.393359,0.283014,-2.673815,-0.626712,1.809373,-1.651877,-1.567816,3.219865,0.732297,0.000319,0.066226,0.116168,-0.000654,-0.241599,-0.727979,-0.000425
10.383057,-0.003159,0.225441,2.047609,0.239033,-0.921840,-0.971925,0.549103,-0.067668,-0.129141,0.841152,0.409028,-0.450074,-0.395779,0.282933,-2.673817,-0.626647,1.809495,-1.651875,-1.568062,3.219137,0.732302,-0.000443,0.065882,0.117784,-0.000062,-0.242532,-0.730188,0.000409
10.384008,-0.000094,0.225120,2.052248,0.236754,-0.920721,-0.972980,0.550205,-0.074419,-0.113558,0.826751,0.415536,-0.449569,-0.398361,0.282837,-2.673813,-0.626583,1.809617,-1.651871,-1.568302,3.218394,0.732299,0.000767,0.065056,0.119240,0.001141,-0.240840,-0.732585,-0.000134
10.385010,-0.001033,0.222345,2.053030,0.239162,-0.920670,-0.971017,0.550063,-0.085877,-0.095459,0.808997,0.420068,-0.449380,-0.401146,0.282729,-2.673815,-0.626516,1.809735,-1.651868,-1.568544,3.217652,0.732295,-0.000164,0.064993,0.118834,0.002694,-0.241839,-0.732863,-0.002102
10.386007,0.003559,0.224190,2.054698,0.237571,-0.921588,-0.970130,0.550570,-0.099966,-0.077511,0.790428,0.422403,-0.449493,-0.404002,0.282618,-2.673811,-0.626450,1.809860,-1.651876,-1.568788,3.216914,0.732300,0.000918,0.066186,0.120479,-0.000275,-0.241829,-0.736540,-0.001569
10.387111,0.000547,0.224717,2.060562,0.236829,-0.921549,-0.974669,0.550589,-0.113780,-0.060523,0.772574,0.424484,-0.449674,-0.406775,0.282517,-2.673815,-0.626388,1.809982,-1.651874,-1.569022,3.216168,0.732296,-0.000733,0.065086,0.121675,0.000615,-0.240951,-0.739023,-0.002333
10.388043,0.005637,0.222754,2.061761,0.236565,-0.923257,-0.972448,0.550473,-0.127360,-0.043816,0.755045,0.426805,-0.449840,-0.409497,0.282444,-2.673809,-0.626324,1.810101,-1.651874,-1.569259,3.215436,0.732297,0.001445,0.064714,0.121183,0.000574,-0.241266,-0.736778,-0.002098
10.388966,0.003243,0.220823,2.063976,0.235559,-0.925138,-0.970762,0.550189,-0.140975,-0.028120,0.738354,0.428675,-0.449999,-0.412267,0.282418,-2.673813,-0.626255,1.810227,-1.651876,-1.569501,3.214686,0.732296,-0.000509,0.065442,0.122364,0.000224,-0.239345,-0.740238,-0.001628
10.390082,0.007124,0.218330,2.066767,0.234490,-0.925811,-0.969446,0.550519,-0.153496,-0.015199,0.724030,0.429732,-0.450142,-0.415038,0.282454,-2.673809,-0.626189,1.810351,-1.651874,-1.569732,3.213932,0.732300,0.001259,0.066158,0.123002,0.000547,-0.237361,-0.743024,-0.000846
10.391082,0.007051,0.218549,2.072328,0.234542,-0.926532,-0.967397,0.550643,-0.164787,-0.006430,0.712860,0.429158,-0.450335,-0.417754,0.282549,-2.673812,-0.626119,1.810476,-1.651874,-1.569970,3.213181,0.732296,0.000037,0.067224,0.124040,0.000831,-0.236986,-0.746656,-0.001232
10.391976,0.005603,0.218276,2.073890,0.232502,-0.924335,-0.966720,0.550621,-0.173590,-0.002600,0.705916,0.427088,-0.450541,-0.420257,0.282688,-2.673811,-0.626053,1.810598,-1.651876,-1.570203,3.212429,0.732299,0.000709,0.066906,0.123284,0.000110,-0.236330,-0.750287,-0.001241
10.393101,0.009014,0.220011,2.071749,0.233892,-0.926890,-0.966064,0.551341,-0.180268,-0.002747,0.702665,0.423786,-0.450742,-0.422449,0.282863,-2.673809,-0.625985,1.810725,-1.651873,-1.570443,3.211666,0.732298,0.001979,0.066762,0.124141,0.001457,-0.238281,-0.751823,-0.000973
10.394088,0.010779,0.218615,2.077421,0.232611,-0.925818,-0.968179,0.550777,-0.188572,-0.002889,0.698932,0.419678,-0.450995,-0.424471,0.283065,-2.673811,-0.625923,1.810862,-1.651876,-1.570677,3.210908,0.732296,0.000983,0.065808,0.127539,-0.000671,-0.236032,-0.754800,-0.002142
10.394972,0.009177,0.216674,2.081531,0.232695,-0.927637,-0.969322,0.551412,-0.198636,-0.000233,0.692652,0.416652,-0.451221,-0.426236,0.283271,-2.673809,-0.625857,1.810986,-1.651875,-1.570914,3.210153,0.732298,0.000717,0.066305,0.126648,-0.000092,-0.237124,-0.754140,-0.000758
10.396006,0.011196,0.217570,2.084524,0.232071,-0.928593,-0.971255,0.551255,-0.207959,0.002939,0.686373,0.414789,-0.451416,-0.427469,0.283463,-2.673805,-0.625790,1.811111,-1.651875,-1.571146,3.209405,0.732298,0.002043,0.066997,0.126199,-0.000800,-0.235073,-0.753910,-0.001833
10.397023,0.012151,0.214331,2.087411,0.230817,-0.926938,-0.978009,0.552004,-0.216184,0.004498,0.681738,0.412960,-0.451701,-0.428075,0.283632,-2.673805,-0.625724,1.811239,-1.651876,-1.571379,3.208648,0.732300,0.001670,0.066363,0.126811,-0.000864,-0.234274,-0.753743,-0.001258
10.398004,0.019351,0.213588,2.095827,0.229650,-0.926455,-0.978226,0.552700,-0.223995,0.004430,0.678455,0.410791,-0.452157,-0.428167,0.283776,-2.673803,-0.625652,1.811366,-1.651876,-1.571613,3.207899,0.732300,0.001820,0.067740,0.127424,-0.000321,-0.236038,-0.748648,-0.002526
10.399077,0.018908,0.214273,2.096979,0.229927,-0.928494,-0.979000,0.551581,-0.227737,0.000049,0.679932,0.408434,-0.452689,-0.427619,0.283884,-2.673810,-0.625586,1.811488,-1.651877,-1.571854,3.207154,0.732298,-0.001104,0.067881,0.125173,0.000162,-0.236448,-0.750012,-0.003669
10.400014,0.023478,0.215829,2.098059,0.229687,-0.929614,-0.982541,0.552560,-0.222758,-0.010299,0.689568,0.407014,-0.453069,-0.426151,0.283956,-2.673809,-0.625519,1.811616,-1.651877,-1.572083,3.206399,0.732303,-0.000187,0.067363,0.126864,-0.000867,-0.234659,-0.751252,-0.001151
10.400982,0.025784,0.213212,2.102852,0.228058,-0.930706,-0.983184,0.552445,-0.211448,-0.022425,0.703716,0.407726,-0.453214,-0.424011,0.284004,-2.673814,-0.625453,1.811746,-1.651877,-1.572316,3.205658,0.732298,-0.001840,0.066350,0.128052,-0.001281,-0.233455,-0.748942,-0.002904
10.402152,0.027672,0.212388,2.112240,0.226472,-0.930998,-0.986049,0.551204,-0.196551,-0.033754,0.719437,0.410580,-0.453148,-0.421511,0.284034,-2.673816,-0.625383,1.811873,-1.651875,-1.572548,3.204907,0.732298,-0.002341,0.067415,0.127523,-0.000376,-0.232362,-0.749733,-0.002414
10.403131,0.025608,0.209212,2.112824,0.225103,-0.931393,-0.989499,0.552167,-0.176826,-0.047428,0.739417,0.413906,-0.452926,-0.418573,0.284070,-2.673818,-0.625314,1.811993,-1.651873,-1.572778,3.204151,0.732304,-0.002515,0.067677,0.125488,0.000340,-0.232576,-0.749454,0.000354
10.404023,0.028841,0.207699,2.117574,0.224643,-0.934434,-0.989455,0.551466,-0.154272,-0.065539,0.764145,0.415215,-0.452699,-0.415348,0.284129,-2.673815,-0.625244,1.812123,-1.651873,-1.573009,3.203412,0.732299,-0.000889,0.069012,0.127103,0.001019,-0.232201,-0.747530,-0.001357
10.405065,0.027024,0.209856,2.120529,0.226484,-0.936008,-0.991530,0.551295,-0.132922,-0.087181,0.791009,0.413125,-0.452624,-0.412211,0.284201,-2.673819,-0.625175,1.812250,-1.651871,-1.573234,3.202662,0.732302,-0.001923,0.069460,0.126321,0.000810,-0.229015,-0.748542,0.000284
10.406020,0.028526,0.211234,2.121839,0.224108,-0.937147,-0.989067,0.551686,-0.113768,-0.109695,0.817752,0.409130,-0.452628,-0.409334,0.284266,-2.673815,-0.625109,1.812378,-1.651876,-1.573459,3.201908,0.732304,-0.000376,0.068194,0.126984,-0.001662,-0.227704,-0.748285,0.000865
10.407102,0.030764,0.207038,2.124500,0.223071,-0.940488,-0.990615,0.551966,-0.098791,-0.128396,0.840625,0.405170,-0.452639,-0.406890,0.284306,-2.673814,-0.625044,1.812510,-1.651874,-1.573680,3.201152,0.732303,-0.000547,0.067295,0.128109,0.000023,-0.226635,-0.752080,0.000308
10.407996,0.031633,0.207659,2.125661,0.221894,-0.941995,-0.987816,0.552086,-0.089601,-0.142132,0.858130,0.400698,-0.452806,-0.404940,0.284303,-2.673816,-0.624970,1.812642,-1.651872,-1.573897,3.200391,0.732302,-0.000962,0.069168,0.128991,0.000253,-0.223696,-0.752535,0.000020
10.408991,0.031691,0.208584,2.126484,0.221416,-0.940758,-0.987627,0.551655,-0.084838,-0.153365,0.872131,0.394716,-0.453268,-0.403327,0.284253,-2.673816,-0.624906,1.812774,-1.651871,-1.574114,3.199637,0.732303,-0.000827,0.068596,0.129969,0.000759,-0.222172,-0.756292,-0.000003
10.410096,0.035676,0.210802,2.131842,0.221072,-0.943375,-0.990196,0.552585,-0.084746,-0.161493,0.881958,0.387480,-0.454039,-0.401997,0.284174,-2.673818,-0.624839,1.812909,-1.651871,-1.574341,3.198872,0.732304,-0.000199,0.067920,0.131443,0.000532,-0.223541,-0.757943,0.001111
10.411082,0.033591,0.207609,2.140613,0.219489,-0.944419,-0.987022,0.551675,-0.088905,-0.164611,0.886609,0.380434,-0.455003,-0.400908,0.284083,-2.673822,-0.624773,1.813039,-1.651873,-1.574554,3.198103,0.732299,-0.001462,0.066668,0.131062,0.000149,-0.221399,-0.757478,-0.000485
10.411993,0.031608,0.205264,2.137104,0.218328,-0.945459,-0.983998,0.552555,-0.093419,-0.165234,0.889559,0.374067,-0.456046,-0.399783,0.283989,-2.673818,-0.624702,1.813164,-1.651871,-1.574773,3.197340,0.732303,0.000192,0.068023,0.128626,0.001002,-0.220537,-0.762141,0.001596
10.413024,0.036396,0.205215,2.145311,0.218863,-0.946866,-0.985866,0.552694,-0.098344,-0.166872,0.892961,0.366180,-0.457352,-0.398574,0.283915,-2.673814,-0.624631,1.813302,-1.651868,-1.574990,3.196567,0.732299,0.001710,0.068882,0.131980,0.001468,-0.219505,-0.766070,0.000038
10.414153,0.038263,0.205477,2.144866,0.219717,-0.946300,-0.985913,0.553106,-0.104950,-0.169937,0.896178,0.356229,-0.458981,-0.397421,0.283868,-2.673818,-0.624564,1.813430,-1.651872,-1.575205,3.195807,0.732299,-0.000014,0.068701,0.129918,0.000277,-0.218412,-0.765896,0.000028
10.414997,0.037593,0.200936,2.147526,0.218567,-0.947633,-0.983659,0.552829,-0.109117,-0.173789,0.900418,0.347477,-0.460540,-0.396191,0.283844,-2.673820,-0.624497,1.813567,-1.651876,-1.575429,3.195030,0.732298,-0.000196,0.068432,0.132505,-0.001276,-0.219455,-0.768095,-0.000521
10.416041,0.043497,0.201181,2.151574,0.218899,-0.948238,-0.985985,0.552648,-0.109794,-0.177738,0.905480,0.341455,-0.461823,-0.394909,0.283856,-2.673819,-0.624422,1.813696,-1.651876,-1.575643,3.194246,0.732299,0.000664,0.070324,0.132563,-0.000693,-0.217970,-0.770801,0.000249
10.416977,0.041737,0.203657,2.151381,0.219819,-0.948537,-0.986296,0.553796,-0.107030,-0.183036,0.911960,0.337462,-0.462856,-0.393587,0.283916,-2.673824,-0.624353,1.813828,-1.651880,-1.575860,3.193483,0.732301,-0.001593,0.069975,0.132632,-0.001673,-0.217705,-0.770232,0.000859
10.418110,0.046840,0.203554,2.153299,0.216862,-0.952971,-0.986349,0.553279,-0.100137,-0.188690,0.919627,0.336484,-0.463509,-0.392226,0.284013,-2.673820,-0.624288,1.813965,-1.651885,-1.576073,3.192706,0.732297,-0.000128,0.068489,0.134384,-0.003152,-0.217512,-0.770978,-0.001219
10.419007,0.046767,0.206448,2.153583,0.216931,-0.953325,-0.985886,0.554320,-0.092697,-0.190881,0.924620,0.338622,-0.463837,-0.391093,0.284145,-2.673826,-0.624220,1.814104,-1.651880,-1.576279,3.191934,0.732301,-0.001930,0.068418,0.135741,-0.001059,-0.213696,-0.773217,0.000106
10.420031,0.045824,0.204470,2.156489,0.216380,-0.952805,-0.987329,0.553786,-0.087848,-0.188200,0.924820,0.342249,-0.464073,-0.390344,0.284318,-2.673826,-0.624157,1.814246,-1.651884,-1.576492,3.191153,0.732297,-0.001302,0.066724,0.137049,-0.001695,-0.213387,-0.774459,-0.001769
10.421019,0.047566,0.202165,2.161118,0.216840,-0.955344,-0.989767,0.554018,-0.087543,-0.180348,0.919280,0.346365,-0.464344,-0.390097,0.284534,-2.673824,-0.624088,1.814384,-1.651886,-1.576706,3.190375,0.732300,-0.000198,0.067514,0.137528,-0.001817,-0.214232,-0.774587,-0.000429
10.422146,0.050413,0.199898,2.164664,0.214034,-0.955725,-0.992295,0.554251,-0.091325,-0.169735,0.909664,0.350375,-0.464684,-0.390363,0.284789,-2.673826,-0.624018,1.814522,-1.651890,-1.576916,3.189609,0.732301,-0.000436,0.068418,0.137018,-0.002888,-0.211914,-0.773566,-0.000671
10.423023,0.053058,0.201797,2.163440,0.214449,-0.953904,-0.993134,0.554277,-0.095361,-0.161280,0.900735,0.353567,-0.465125,-0.390879,0.285068,-2.673827,-0.623947,1.814663,-1.651888,-1.577128,3.188829,0.732302,-0.001130,0.069362,0.137521,-0.000886,-0.212140,-0.773243,-0.000867
10.423987,0.052340,0.201263,2.164946,0.215529,-0.954611,-0.992478,0.554976,-0.097916,-0.156197,0.894123,0.355860,-0.465681,-0.391484,0.285343,-2.673832,-0.623881,1.814806,-1.651892,-1.577346,3.188051,0.732305,-0.001848,0.068120,0.139524,-0.001837,-0.213887,-0.773086,-0.000712
10.425024,0.058313,0.201522,2.167377,0.214397,-0.950786,-0.995599,0.554396,-0.100257,-0.150956,0.887135,0.358889,-0.466243,-0.392246,0.285581,-2.673830,-0.623811,1.814947,-1.651898,-1.577562,3.187278,0.732303,-0.000877,0.068135,0.140447,-0.003458,-0.213305,-0.775001,-0.001876
10.426017,0.060182,0.196510,2.171364,0.212560,-0.949346,-0.997919,0.554447,-0.101959,-0.143621,0.878864,0.364420,-0.466620,-0.393111,0.285771,-2.673838,-0.623742,1.815091,-1.651900,-1.577785,3.186498,0.732303,-0.003151,0.067792,0.141146,-0.002989,-0.217426,-0.773491,-0.000438
10.427141,0.060059,0.198354,2.175786,0.211674,-0.949660,-0.998099,0.553927,-0.092122,-0.135841,0.872452,0.380094,-0.466667,-0.394211,0.286068,-2.673842,-0.623601,1.815374,-1.651901,-1.578231,3.184952,0.732307,-0.002602,0.068923,0.140981,-0.001738,-0.219109,-0.774670,0.001002
10.428013,0.064701,0.195055,2.173686,0.210568,-0.947661,-0.997436,0.554197,-0.092122,-0.135841,0.872452,0.380094,-0.466667,-0.394211,0.286068,-2.673842,-0.623601,1.815374,-1.651901,-1.578231,3.184952,0.732307,-0.002602,0.068923,0.140981,-0.001738,-0.219109,-0.774670,0.001002
10.429027,0.064637,0.195425,2.176255,0.209227,-0.949310,-1.002709,0.554595,-0.082013,-0.137851,0.875588,0.387195,-0.466568,-0.394458,0.286190,-2.673848,-0.623528,1.815523,-1.651900,-1.578456,3.184168,0.732308,-0.004321,0.070236,0.143334,-0.001252,-0.220961,-0.775939,0.000652
10.430044,0.068059,0.190234,2.173712,0.208972,-0.947540,-1.001860,0.554760,-0.071197,-0.141629,0.880349,0.393419,-0.466480,-0.394738,0.286279,-2.673850,-0.623459,1.815666,-1.651898,-1.578674,3.183407,0.732305,-0.003606,0.069811,0.143874,-0.000669,-0.219518,-0.772236,0.000115
10.431065,0.064782,0.189492,2.182337,0.208840,-0.947411,-0.998623,0.555352,-0.061830,-0.146183,0.884899,0.398421,-0.466486,-0.395347,0.286323,-2.673856,-0.623383,1.815817,-1.651900,-1.578896,3.182622,0.732307,-0.004613,0.072116,0.146928,-0.001096,-0.221540,-0.774633,0.000032
10.431980,0.066395,0.185785,2.177744,0.208470,-0.946157,-0.999892,0.554612,-0.054086,-0.152002,0.889469,0.402100,-0.466555,-0.396364,0.286327,-2.673855,-0.623313,1.815957,-1.651902,-1.579120,3.181843,0.732303,-0.002310,0.072235,0.144472,-0.001633,-0.221844,-0.779452,-0.000896
10.433014,0.066941,0.184478,2.178730,0.206562,-0.947253,-0.996652,0.555006,-0.048166,-0.159427,0.894405,0.404278,-0.466632,-0.397810,0.286314,-2.673860,-0.623237,1.816114,-1.651906,-1.579350,3.181056,0.732308,-0.002503,0.073731,0.148161,-0.001807,-0.223001,-0.778992,0.000813
10.434047,0.067530,0.186289,2.180968,0.206115,-0.947302,-0.991806,0.555235,-0.046483,-0.166853,0.897540,0.404563,-0.466781,-0.399873,0.286300,-2.673860,-0.623161,1.816264,-1.651905,-1.579569,3.180256,0.732305,-0.002111,0.074080,0.149476,-0.000637,-0.222166,-0.783791,0.000268
10.434993,0.068837,0.184337,2.180360,0.204531,-0.945659,-0.990951,0.554873,-0.050113,-0.172326,0.897287,0.402993,-0.467030,-0.402493,0.286284,-2.673862,-0.623089,1.816416,-1.651907,-1.579795,3.179462,0.732302,-0.001734,0.072903,0.150161,-0.000881,-0.222337,-0.790188,0.000080
10.436168,0.069096,0.182159,2.185645,0.202933,-0.945450,-0.987402,0.555870,-0.058270,-0.174537,0.893500,0.400271,-0.467310,-0.405441,0.286267,-2.673863,-0.623013,1.816572,-1.651905,-1.580022,3.178659,0.732305,-0.001778,0.073541,0.151934,0.000011,-0.223988,-0.791954,0.001035
10.437052,0.069409,0.180480,2.192335,0.203390,-0.945473,-0.984928,0.555733,-0.069429,-0.174721,0.887651,0.396363,-0.467611,-0.408533,0.286249,-2.673862,-0.622936,1.816723,-1.651904,-1.580247,3.177843,0.732303,-0.001170,0.074407,0.151587,0.000758,-0.224744,-0.797815,-0.000690
10.438042,0.067414,0.177571,2.189445,0.202245,-0.944295,-0.985699,0.556254,-0.079733,-0.176594,0.883882,0.391122,-0.467899,-0.411415,0.286219,-2.673861,-0.622862,1.816868,-1.651906,-1.580477,3.177045,0.732303,-0.000779,0.074884,0.149583,-0.000289,-0.224518,-0.800864,-0.000177
10.439090,0.070788,0.175158,2.187542,0.202208,-0.943673,-0.983728,0.555754,-0.087881,-0.181459,0.883522,0.384907,-0.468161,-0.414018,0.286177,-2.673858,-0.622784,1.817024,-1.651905,-1.580709,3.176234,0.732303,0.000821,0.075991,0.152690,0.000135,-0.225762,-0.801242,-0.000988
10.440143,0.072830,0.175265,2.188457,0.202217,-0.944916,-0.980535,0.556398,-0.097581,-0.186677,0.882672,0.378000,-0.468509,-0.416745,0.286137,-2.673861,-0.622709,1.817184,-1.651907,-1.580941,3.175431,0.732306,-0.000196,0.076915,0.155397,-0.000532,-0.226566,-0.804817,0.000277
10.441001,0.072633,0.173639,2.189370,0.200526,-0.943957,-0.979681,0.556317,-0.109306,-0.189703,0.879084,0.371979,-0.468882,-0.419680,0.286105,-2.673862,-0.622633,1.817345,-1.651909,-1.581164,3.174610,0.732303,-0.000533,0.076558,0.156699,-0.001230,-0.225584,-0.809516,-0.000766
10.442139,0.073712,0.173731,2.190211,0.198942,-0.942848,-0.978431,0.556117,-0.121463,-0.189994,0.873210,0.367768,-0.469186,-0.422644,0.286089,-2.673860,-0.622554,1.817504,-1.651907,-1.581388,3.173785,0.732303,0.000098,0.076943,0.157341,-0.000168,-0.226372,-0.810626,-0.000380
10.443090,0.075352,0.173119,2.193829,0.199211,-0.943897,-0.975896,0.556552,-0.135210,-0.187814,0.864909,0.364086,-0.469516,-0.425616,0.286116,-2.673859,-0.622481,1.817666,-1.651905,-1.581622,3.172968,0.732305,0.000255,0.076685,0.158990,0.000582,-0.227869,-0.813933,0.000293
10.444025,0.078935,0.170738,2.194462,0.197694,-0.943571,-0.976324,0.555794,-0.150294,-0.183568,0.854723,0.360528,-0.469866,-0.428439,0.286198,-2.673861,-0.622403,1.817823,-1.651908,-1.581846,3.172141,0.732303,0.000060,0.076617,0.158618,-0.000316,-0.226833,-0.817309,-0.000349
10.445012,0.079728,0.170220,2.196502,0.196585,-0.944560,-0.976764,0.556590,-0.163161,-0.178979,0.845408,0.357936,-0.470093,-0.430717,0.286330,-2.673863,-0.622323,1.817987,-1.651906,-1.582071,3.171328,0.732306,-0.001120,0.077417,0.159630,0.000514,-0.227154,-0.817677,0.001411
10.446041,0.079442,0.169660,2.197190,0.195621,-0.944184,-0.977795,0.556074,-0.171851,-0.175926,0.838968,0.356206,-0.470199,-0.432203,0.286520,-2.673864,-0.622246,1.818149,-1.651905,-1.582295,3.170507,0.732303,-0.000875,0.077321,0.160136,0.000910,-0.226270,-0.818328,0.000041
10.446980,0.081202,0.166257,2.200318,0.197369,-0.945024,-0.979976,0.556337,-0.178867,-0.173730,0.833815,0.354426,-0.470349,-0.432989,0.286770,-2.673861,-0.622166,1.818312,-1.651904,-1.582523,3.169681,0.732306,-0.000101,0.077260,0.161452,0.001118,-0.226839,-0.818613,0.001336
10.447994,0.082912,0.165681,2.198549,0.195573,-0.941664,-0.980789,0.556269,-0.185746,-0.171546,0.828625,0.352839,-0.470586,-0.433205,0.287055,-2.673863,-0.622087,1.818474,-1.651910,-1.582746,3.168869,0.732306,-0.000382,0.078577,0.161238,-0.001175,-0.226002,-0.817281,0.001025
10.449081,0.088869,0.165540,2.203672,0.192555,-0.941785,-0.982656,0.556262,-0.191377,-0.169636,0.823879,0.352543,-0.470830,-0.432872,0.287337,-2.673865,-0.622009,1.818642,-1.651908,-1.582981,3.168049,0.732309,-0.000570,0.078519,0.163695,-0.000099,-0.229475,-0.817747,0.001408
10.450043,0.092684,0.163504,2.205084,0.191917,-0.942543,-0.985875,0.557454,-0.194691,-0.168512,0.820532,0.353279,-0.471122,-0.431933,0.287579,-2.673872,-0.621932,1.818803,-1.651902,-1.583210,3.167241,0.732311,-0.002788,0.078308,0.162993,0.002031,-0.229632,-0.817657,0.001677
10.451145,0.092572,0.164572,2.203610,0.191393,-0.941233,-0.985620,0.556663,-0.192712,-0.170196,0.821518,0.354394,-0.471492,-0.430209,0.287741,-2.673878,-0.621853,1.818969,-1.651900,-1.583439,3.166421,0.732307,-0.004009,0.078958,0.163683,0.001922,-0.228876,-0.815365,-0.000480
10.452164,0.095912,0.164525,2.207482,0.190464,-0.939529,-0.985244,0.557587,-0.185737,-0.173956,0.826236,0.356090,-0.471942,-0.427886,0.287801,-2.673880,-0.621779,1.819141,-1.651900,-1.583668,3.165596,0.732311,-0.003210,0.078167,0.166244,0.001670,-0.230553,-0.817432,0.001395
10.453034,0.097422,0.161994,2.205655,0.187883,-0.937512,-0.985928,0.557050,-0.177526,-0.176253,0.830789,0.358691,-0.472479,-0.425367,0.287778,-2.673887,-0.621703,1.819309,-1.651898,-1.583902,3.164785,0.732307,-0.004176,0.077887,0.165855,0.001846,-0.232355,-0.819161,-0.000221
10.454103,0.098756,0.161784,2.207616,0.188315,-0.935518,-0.986009,0.558496,-0.168934,-0.176972,0.834883,0.361573,-0.473104,-0.422769,0.287683,-2.673892,-0.621622,1.819481,-1.651891,-1.584139,3.163960,0.732311,-0.004312,0.078715,0.167777,0.003647,-0.234082,-0.818812,0.001079
10.455099,0.099491,0.160975,2.210906,0.186598,-0.933972,-0.982794,0.558548,-0.160694,-0.177011,0.838709,0.363744,-0.473867,-0.420206,0.287517,-2.673897,-0.621543,1.819649,-1.651892,-1.584380,3.163132,0.732304,-0.004241,0.078484,0.168520,0.002469,-0.236227,-0.820300,-0.001562
10.455971,0.101084,0.156236,2.213624,0.188433,-0.933190,-0.982870,0.557764,-0.153184,-0.176217,0.842060,0.365214,-0.474742,-0.417694,0.287293,-2.673900,-0.621464,1.819818,-1.651887,-1.584621,3.162306,0.732304,-0.003934,0.078541,0.168347,0.003375,-0.237733,-0.824664,-0.001394
10.457085,0.102227,0.157065,2.217166,0.187564,-0.928276,-0.981467,0.558489,-0.143900,-0.176411,0.847322,0.366465,-0.475631,-0.414989,0.287052,-2.673904,-0.621379,1.819984,-1.651892,-1.584861,3.161477,0.732306,-0.004136,0.080423,0.168060,0.001018,-0.238189,-0.824894,0.000395
10.457968,0.101159,0.152521,2.221577,0.185843,-0.924810,-0.978553,0.557431,-0.130019,-0.179407,0.856864,0.368486,-0.476380,-0.411851,0.286824,-2.673907,-0.621303,1.820152,-1.651890,-1.585115,3.160651,0.732305,-0.003958,0.079727,0.168190,0.001082,-0.243269,-0.828163,-0.000807
10.458993,0.109200,0.149747,2.222203,0.186294,-0.923305,-0.984702,0.558871,-0.111712,-0.185798,0.871120,0.370859,-0.476969,-0.408168,0.286626,-2.673909,-0.621215,1.820317,-1.651886,-1.585370,3.159814,0.732311,-0.002835,0.081498,0.167092,0.002099,-0.246280,-0.831441,0.001537
10.460098,0.106675,0.151708,2.225454,0.182982,-0.923561,-0.985253,0.558165,-0.088447,-0.197220,0.891267,0.372762,-0.477415,-0.403865,0.286448,-2.673922,-0.621131,1.820490,-1.651888,-1.585619,3.158984,0.732304,-0.006046,0.082509,0.168581,0.000903,-0.247900,-0.826888,-0.001100
10.461093,0.111231,0.153503,2.228927,0.183736,-0.922064,-0.982875,0.559316,-0.061042,-0.212708,0.916004,0.374307,-0.477747,-0.399135,0.286265,-2.673921,-0.621052,1.820660,-1.651879,-1.585872,3.158154,0.732309,-0.003973,0.081291,0.169208,0.003175,-0.248019,-0.828828,0.000633
10.461944,0.108763,0.150852,2.228894,0.182405,-0.920276,-0.983246,0.558790,-0.034027,-0.227772,0.940616,0.375188,-0.478102,-0.394354,0.286080,-2.673930,-0.620974,1.820830,-1.651880,-1.586122,3.157312,0.732304,-0.005477,0.080106,0.169303,0.001638,-0.249657,-0.832844,-0.001423
10.463064,0.111076,0.148106,2.232891,0.182296,-0.919023,-0.981930,0.559273,-0.009776,-0.239598,0.962387,0.375654,-0.478489,-0.389766,0.285903,-2.673931,-0.620892,1.821003,-1.651876,-1.586378,3.156480,0.732309,-0.003606,0.081030,0.170568,0.002229,-0.251131,-0.833136,-0.000129
10.464023,0.111736,0.145591,2.232053,0.182453,-0.918401,-0.978174,0.559557,0.010587,-0.248702,0.980807,0.375239,-0.478933,-0.385621,0.285740,-2.673936,-0.620808,1.821175,-1.651877,-1.586639,3.155630,0.732310,-0.003943,0.082132,0.170856,0.001473,-0.252737,-0.836897,-0.000822
10.465006,0.111015,0.145322,2.236594,0.181905,-0.915017,-0.980242,0.558702,0.027366,-0.256499,0.996522,0.373729,-0.479438,-0.381973,0.285579,-2.673939,-0.620722,1.821348,-1.651879,-1.586897,3.154773,0.732310,-0.003561,0.082977,0.172942,0.000610,-0.253293,-0.841949,-0.001132
10.466004,0.114301,0.145422,2.240942,0.182311,-0.915965,-0.980319,0.559736,0.040922,-0.262943,1.009489,0.371737,-0.479932,-0.378809,0.285410,-2.673940,-0.620640,1.821522,-1.651879,-1.587160,3.153934,0.732315,-0.002493,0.082766,0.172379,0.000395,-0.256675,-0.841374,0.000847
10.466972,0.113947,0.143882,2.245129,0.179046,-0.912962,-0.980108,0.559363,0.052107,-0.267951,1.020149,0.369916,-0.480304,-0.376075,0.285222,-2.673944,-0.620557,1.821697,-1.651881,-1.587410,3.153082,0.732309,-0.003407,0.082373,0.171999,-0.000758,-0.255826,-0.842897,-0.000967
10.468032,0.113636,0.140266,2.247433,0.179595,-0.910720,-0.984312,0.559498,0.063030,-0.272962,1.030582,0.368162,-0.480508,-0.373541,0.285012,-2.673944,-0.620473,1.821866,-1.651877,-1.587674,3.152242,0.732309,-0.002532,0.082781,0.171635,0.001695,-0.258782,-0.844550,0.000063
10.469079,0.116057,0.139428,2.246821,0.178556,-0.911037,-0.986248,0.559972,0.072539,-0.279532,1.041186,0.364695,-0.480724,-0.371243,0.284816,-2.673943,-0.620386,1.822042,-1.651881,-1.587943,3.151398,0.732309,-0.001638,0.084250,0.172515,0.000374,-0.261127,-0.842349,0.000067
10.470065,0.116895,0.143332,2.246812,0.178911,-0.912594,-0.986087,0.559563,0.078192,-0.287044,1.050017,0.359151,-0.481059,-0.369481,0.284670,-2.673947,-0.620302,1.822219,-1.651881,-1.588201,3.150551,0.732306,-0.002090,0.084335,0.174779,0.000611,-0.260969,-0.842362,-0.000597
10.470996,0.120715,0.138229,2.250506,0.179540,-0.912315,-0.985305,0.559794,0.078020,-0.291453,1.053411,0.353197,-0.481469,-0.368511,0.284591,-2.673948,-0.620224,1.822401,-1.651885,-1.588460,3.149710,0.732309,-0.001798,0.082066,0.176438,-0.000433,-0.259413,-0.844106,0.000490
10.472113,0.119864,0.139552,2.251534,0.180513,-0.910198,-0.987608,0.559464,0.073707,-0.290785,1.051018,0.348850,-0.481787,-0.368244,0.284586,-2.673952,-0.620136,1.822577,-1.651887,-1.588719,3.148854,0.732309,-0.003019,0.084220,0.176072,-0.001733,-0.259584,-0.845989,0.000265
10.473019,0.119338,0.132024,2.251297,0.179573,-0.913547,-0.988191,0.560323,0.069451,-0.287012,1.045998,0.347544,-0.481773,-0.368411,0.284636,-2.673951,-0.620056,1.822757,-1.651894,-1.588983,3.148002,0.732312,-0.001797,0.083296,0.177767,-0.003406,-0.262026,-0.846042,0.001224
10.474090,0.121240,0.132258,2.251694,0.179209,-0.912913,-0.989782,0.559910,0.064095,-0.281413,1.038443,0.348298,-0.481474,-0.369080,0.284722,-2.673950,-0.619963,1.822941,-1.651897,-1.589235,3.147161,0.732308,-0.000920,0.086578,0.179204,-0.003097,-0.258491,-0.846481,-0.000261
10.475061,0.121573,0.137347,2.257417,0.178321,-0.913448,-0.993586,0.560224,0.054771,-0.275274,1.027659,0.348760,-0.481141,-0.370387,0.284831,-2.673952,-0.619878,1.823124,-1.651901,-1.589500,3.146309,0.732311,-0.001105,0.086105,0.180977,-0.003479,-0.259355,-0.846955,0.000863
10.476103,0.124316,0.132121,2.262341,0.177253,-0.913508,-0.993451,0.560042,0.041266,-0.267728,1.013405,0.348717,-0.480806,-0.372300,0.284956,-2.673951,-0.619801,1.823303,-1.651905,-1.589756,3.145475,0.732312,-0.000600,0.083251,0.179715,-0.003250,-0.258809,-0.844633,0.000479
10.476977,0.126000,0.129188,2.261157,0.178222,-0.909895,-0.991957,0.560507,0.026235,-0.258817,0.997640,0.348782,-0.480345,-0.374615,0.285082,-2.673952,-0.619712,1.823483,-1.651907,-1.590014,3.144621,0.732313,-0.001238,0.085526,0.179156,-0.002951,-0.258934,-0.846667,0.001126
10.478010,0.125139,0.126108,2.259356,0.178468,-0.910294,-0.990010,0.560802,0.014358,-0.252399,0.984973,0.349166,-0.479642,-0.377054,0.285178,-2.673953,-0.619621,1.823664,-1.651914,-1.590281,3.143763,0.732312,-0.001445,0.086469,0.180993,-0.004435,-0.262211,-0.848864,0.000420
10.479021,0.126944,0.128752,2.260476,0.177847,-0.909879,-0.986823,0.560520,-0.003980,-0.243654,0.963734,0.353380,-0.477499,-0.382920,0.285220,-2.673953,-0.619452,1.824044,-1.651924,-1.590802,3.142039,0.732311,-0.000485,0.085974,0.184721,-0.005398,-0.262387,-0.857380,0.000958
10.480035,0.125160,0.129131,2.257676,0.176031,-0.910892,-0.987499,0.561249,-0.003980,-0.243654,0.963734,0.353380,-0.477499,-0.382920,0.285220,-2.673953,-0.619452,1.824044,-1.651924,-1.590802,3.142039,0.732311,-0.000485,0.085974,0.184721,-0.005398,-0.262387,-0.857380,0.000958
10.481148,0.128504,0.127067,2.263032,0.173675,-0.909560,-0.985604,0.560963,-0.019015,-0.233594,0.946769,0.356876,-0.476339,-0.386728,0.285188,-2.673950,-0.619368,1.824236,-1.651926,-1.591064,3.141188,0.732308,0.001094,0.085442,0.187788,-0.004313,-0.261423,-0.858350,-0.000236
10.482001,0.133340,0.126325,2.257213,0.173177,-0.910364,-0.988340,0.561121,-0.041628,-0.218098,0.923352,0.359316,-0.475382,-0.391060,0.285160,-2.673952,-0.619280,1.824422,-1.651927,-1.591331,3.140318,0.732309,0.000198,0.086167,0.187175,-0.002820,-0.263045,-0.862518,0.000647
10.483018,0.130770,0.122606,2.264418,0.171688,-0.912504,-0.988232,0.561210,-0.067998,-0.200455,0.897311,0.360390,-0.474583,-0.395493,0.285162,-2.673957,-0.619194,1.824618,-1.651931,-1.591588,3.139448,0.732310,-0.001567,0.086060,0.191085,-0.002901,-0.261899,-0.860207,0.000547
10.484036,0.135415,0.119966,2.265908,0.171568,-0.911207,-0.985753,0.562042,-0.094669,-0.183270,0.871667,0.360547,-0.473868,-0.399802,0.285198,-2.673953,-0.619107,1.824802,-1.651932,-1.591846,3.138589,0.732312,0.000424,0.087555,0.189179,-0.002182,-0.259858,-0.862020,0.000636
10.485024,0.132692,0.120918,2.267809,0.172610,-0.909843,-0.989445,0.561060,-0.138358,-0.160822,0.833183,0.358514,-0.472465,-0.407454,0.285308,-2.673953,-0.618931,1.825186,-1.651940,-1.592378,3.136841,0.732315,0.000869,0.087580,0.190702,-0.004491,-0.262535,-0.863716,0.001480
10.486031,0.135241,0.117311,2.274480,0.170043,-0.908547,-0.987010,0.561301,-0.138358,-0.160822,0.833183,0.358514,-0.472465,-0.407454,0.285308,-2.673953,-0.618931,1.825186,-1.651940,-1.592378,3.136841,0.732315,0.000869,0.087580,0.190702,-0.004491,-0.262535,-0.863716,0.001480
10.487005,0.135415,0.117660,2.268174,0.169597,-0.908715,-0.984792,0.562552,-0.153658,-0.154487,0.820638,0.358709,-0.471462,-0.410883,0.285369,-2.673953,-0.618841,1.825374,-1.651940,-1.592648,3.135971,0.732314,0.000274,0.088982,0.189013,-0.002674,-0.263785,-0.867739,0.001245
10.487997,0.138466,0.113790,2.270161,0.166872,-0.909303,-0.985418,0.561593,-0.166354,-0.150587,0.811342,0.359005,-0.470267,-0.414147,0.285425,-2.673952,-0.618751,1.825575,-1.651944,-1.592911,3.135088,0.732308,0.000860,0.088345,0.193600,-0.002903,-0.263547,-0.871181,-0.000993
10.489116,0.140056,0.113362,2.275216,0.165539,-0.914432,-0.986640,0.562467,-0.179755,-0.147070,0.802225,0.358541,-0.469014,-0.417401,0.285470,-2.673953,-0.618659,1.825773,-1.651943,-1.593174,3.134218,0.732314,0.000036,0.089847,0.194050,-0.000968,-0.262949,-0.871959,0.001212
10.490044,0.140194,0.114411,2.272088,0.163920,-0.916656,-0.982316,0.562646,-0.193899,-0.144742,0.793580,0.356471,-0.467780,-0.420589,0.285516,-2.673953,-0.618569,1.825967,-1.651943,-1.593428,3.133336,0.732311,0.000033,0.089707,0.193545,-0.000531,-0.258186,-0.872939,-0.000261
10.491017,0.139423,0.110233,2.272621,0.164366,-0.917742,-0.981209,0.562623,-0.208371,-0.143808,0.785789,0.352443,-0.466623,-0.423542,0.285570,-2.673952,-0.618483,1.826169,-1.651939,-1.593676,3.132440,0.732312,0.000599,0.088751,0.196318,0.000287,-0.255965,-0.878146,-0.000361
10.492080,0.142339,0.112520,2.278301,0.163650,-0.919509,-0.983137,0.562514,-0.226185,-0.141155,0.775368,0.346898,-0.465637,-0.426349,0.285644,-2.673948,-0.618390,1.826371,-1.651944,-1.593928,3.131564,0.732312,0.001627,0.090385,0.197408,-0.000832,-0.254938,-0.880492,-0.000053
10.493076,0.138924,0.115227,2.281257,0.162105,-0.921778,-0.984266,0.562504,-0.246381,-0.136466,0.762374,0.341100,-0.464771,-0.428890,0.285750,-2.673948,-0.618304,1.826564,-1.651945,-1.594179,3.130680,0.732313,0.000896,0.088869,0.196357,-0.000899,-0.253465,-0.880355,0.000449
10.493984,0.144325,0.114345,2.283671,0.162734,-0.923234,-0.988125,0.562974,-0.267334,-0.129547,0.747742,0.335941,-0.463989,-0.430954,0.285900,-2.673939,-0.618221,1.826761,-1.651944,-1.594427,3.129805,0.732310,0.003219,0.087180,0.196411,-0.000148,-0.251343,-0.880651,0.000744
10.495129,0.150370,0.112841,2.285437,0.161036,-0.925005,-0.990938,0.562977,-0.289080,-0.119402,0.731104,0.331823,-0.463326,-0.432478,0.286094,-2.673942,-0.618133,1.826961,-1.651949,-1.594676,3.128931,0.732310,0.001148,0.087168,0.196339,-0.001391,-0.249805,-0.877603,0.000035
10.496063,0.148343,0.112574,2.290799,0.160364,-0.926128,-0.995664,0.562701,-0.306611,-0.108181,0.715858,0.330353,-0.462603,-0.433172,0.286320,-2.673947,-0.618043,1.827160,-1.651946,-1.594918,3.128046,0.732308,-0.001012,0.087604,0.197526,-0.000636,-0.248644,-0.877176,0.000352
10.496968,0.152498,0.109299,2.284866,0.159320,-0.927765,-0.997599,0.563700,-0.316506,-0.098699,0.705146,0.331715,-0.461733,-0.432911,0.286580,-2.673943,-0.617958,1.827357,-1.651945,-1.595163,3.127183,0.732310,0.000649,0.087315,0.196092,-0.000737,-0.247530,-0.873498,0.001153
10.498111,0.157705,0.106922,2.290220,0.158595,-0.931187,-0.997154,0.563377,-0.322256,-0.090940,0.697260,0.334145,-0.460874,-0.432118,0.286877,-2.673947,-0.617868,1.827565,-1.651945,-1.595402,3.126309,0.732309,-0.000782,0.088477,0.200132,-0.000392,-0.245892,-0.872406,-0.000625
10.499046,0.161964,0.108693,2.287129,0.158410,-0.934446,-1.002256,0.563904,-0.324831,-0.085051,0.691614,0.337110,-0.460063,-0.431030,0.287190,-2.673950,-0.617776,1.827765,-1.651947,-1.595641,3.125423,0.732314,-0.002547,0.089310,0.199464,-0.000503,-0.243088,-0.875239,0.000331
10.499976,0.165066,0.105774,2.294028,0.156563,-0.936148,-1.002624,0.564335,-0.321686,-0.081303,0.689523,0.341650,-0.459161,-0.429568,0.287485,-2.673958,-0.617691,1.827974,-1.651949,-1.595877,3.124561,0.732311,-0.003925,0.088004,0.202173,-0.001018,-0.239934,-0.871161,-0.000478
10.501116,0.167432,0.109364,2.293680,0.156082,-0.936436,-1.000750,0.564512,-0.312013,-0.079386,0.691392,0.348127,-0.458087,-0.427750,0.287734,-2.673964,-0.617602,1.828171,-1.651945,-1.596105,3.123688,0.732311,-0.004741,0.089022,0.199931,0.000038,-0.238428,-0.871833,-0.001089
10.502027,0.167071,0.110647,2.293633,0.154336,-0.938375,-1.002268,0.564227,-0.296263,-0.079351,0.697480,0.355814,-0.456846,-0.425563,0.287929,-2.673969,-0.617520,1.828378,-1.651945,-1.596344,3.122813,0.732313,-0.005068,0.086957,0.202096,-0.000391,-0.238775,-0.876130,-0.001140
10.503034,0.168363,0.113896,2.287275,0.154662,-0.940665,-1.001366,0.564003,-0.279182,-0.077591,0.703752,0.363998,-0.455554,-0.423284,0.288077,-2.673971,-0.617436,1.828585,-1.651945,-1.596577,3.121933,0.732315,-0.004210,0.085915,0.203168,0.000651,-0.236897,-0.875387,-0.000328
10.504087,0.166958,0.110633,2.292976,0.156215,-0.941778,-0.997326,0.564888,-0.269061,-0.067894,0.702535,0.372110,-0.454451,-0.421552,0.288189,-2.673974,-0.617353,1.828800,-1.651947,-1.596807,3.121043,0.732317,-0.004116,0.083947,0.207715,-0.000427,-0.234967,-0.877724,0.000381
10.505020,0.168945,0.105839,2.292525,0.153727,-0.942606,-0.994644,0.564024,-0.268826,-0.047994,0.690908,0.380639,-0.453592,-0.420606,0.288259,-2.673974,-0.617265,1.829007,-1.651953,-1.597040,3.120156,0.732313,-0.002662,0.085246,0.206429,-0.002674,-0.234317,-0.883526,-0.001111
10.506003,0.172328,0.102724,2.296749,0.152212,-0.942917,-0.995171,0.564479,-0.274084,-0.023496,0.674309,0.389080,-0.452932,-0.420013,0.288283,-2.673978,-0.617173,1.829216,-1.651951,-1.597265,3.119259,0.732317,-0.002970,0.087154,0.207797,-0.000917,-0.233703,-0.887056,0.000886
10.507035,0.171886,0.102821,2.294265,0.150920,-0.942885,-0.996080,0.565099,-0.278855,-0.002874,0.660757,0.395206,-0.452532,-0.419159,0.288282,-2.673985,-0.617083,1.829425,-1.651949,-1.597502,3.118376,0.732316,-0.003906,0.088272,0.206979,-0.000222,-0.233620,-0.887796,0.000214
10.508059,0.173874,0.106556,2.300427,0.151066,-0.942224,-0.997961,0.564120,-0.281413,0.011276,0.652648,0.398038,-0.452474,-0.417843,0.288265,-2.673985,-0.616994,1.829643,-1.651950,-1.597741,3.117483,0.732313,-0.002940,0.087823,0.209658,0.000264,-0.234002,-0.888438,-0.000740
10.509100,0.178169,0.103152,2.302395,0.150619,-0.943241,-0.994833,0.564645,-0.283802,0.022638,0.646892,0.398752,-0.452736,-0.416288,0.288239,-2.673991,-0.616913,1.829846,-1.651952,-1.597975,3.116588,0.732319,-0.003155,0.085637,0.208085,-0.000628,-0.235023,-0.888037,0.001498
10.510043,0.177570,0.095495,2.300084,0.152009,-0.944221,-0.996356,0.565079,-0.283661,0.033017,0.643703,0.399751,-0.453081,-0.414444,0.288201,-2.673998,-0.616823,1.830054,-1.651954,-1.598212,3.115696,0.732317,-0.004503,0.086976,0.208669,-0.000940,-0.234378,-0.892837,0.000702
10.511057,0.178124,0.093809,2.297801,0.148162,-0.943586,-0.993410,0.565770,-0.277287,0.039805,0.646002,0.402088,-0.453329,-0.412224,0.288118,-2.674001,-0.616726,1.830272,-1.651962,-1.598441,3.114793,0.732316,-0.003485,0.090270,0.210903,-0.002893,-0.233594,-0.892164,0.000094
10.512159,0.177441,0.094836,2.298146,0.150035,-0.945670,-0.993696,0.564527,-0.268375,0.041968,0.651966,0.403853,-0.453641,-0.410056,0.287984,-2.674003,-0.616634,1.830488,-1.651955,-1.598678,3.113894,0.732313,-0.003032,0.090652,0.213398,0.000032,-0.234557,-0.896563,-0.001009
10.513022,0.177532,0.094348,2.300068,0.148798,-0.947183,-0.996918,0.565394,-0.263371,0.042775,0.656446,0.403437,-0.454177,-0.408380,0.287834,-2.674002,-0.616545,1.830706,-1.651964,-1.598912,3.112991,0.732320,-0.001914,0.089782,0.214888,-0.002546,-0.233017,-0.898214,0.001783
10.513960,0.177143,0.092512,2.303251,0.146524,-0.946896,-0.999396,0.565527,-0.264750,0.046029,0.656115,0.401854,-0.454822,-0.407331,0.287683,-2.674004,-0.616456,1.830917,-1.651965,-1.599139,3.112091,0.732317,-0.001341,0.089521,0.214732,-0.001926,-0.231517,-0.895329,0.000249
10.515008,0.180078,0.089364,2.303219,0.146958,-0.947099,-0.999388,0.565847,-0.271742,0.050982,0.651995,0.398953,-0.455512,-0.406865,0.287513,-2.674004,-0.616368,1.831131,-1.651961,-1.599373,3.111205,0.732317,-0.000483,0.090006,0.214228,-0.000453,-0.231964,-0.893829,0.000247
10.515968,0.182902,0.087942,2.308353,0.146562,-0.946149,-1.000655,0.566256,-0.281742,0.054529,0.647286,0.393998,-0.456247,-0.406817,0.287319,-2.674008,-0.616275,1.831350,-1.651965,-1.599606,3.110298,0.732316,-0.001185,0.091159,0.215708,-0.001637,-0.232194,-0.895449,-0.000113
10.517057,0.185248,0.086093,2.305899,0.146092,-0.944927,-0.996461,0.564991,-0.289359,0.054471,0.645727,0.388796,-0.456814,-0.406882,0.287101,-2.674011,-0.616183,1.831560,-1.651968,-1.599840,3.109396,0.732313,-0.001898,0.091390,0.214331,-0.001921,-0.233346,-0.895183,-0.000664
10.518010,0.185239,0.083863,2.307352,0.147055,-0.943116,-0.997595,0.566559,-0.290547,0.050320,0.649433,0.385323,-0.457014,-0.406797,0.286874,-2.674012,-0.616091,1.831782,-1.651970,-1.600081,3.108493,0.732322,-0.002288,0.091932,0.217171,-0.002245,-0.235046,-0.901322,0.002153
10.518991,0.186574,0.083435,2.306801,0.146281,-0.944282,-1.000107,0.566347,-0.286396,0.044009,0.656503,0.384393,-0.456849,-0.406601,0.286653,-2.674012,-0.616000,1.831997,-1.651977,-1.600321,3.107588,0.732313,-0.001605,0.092579,0.217553,-0.003809,-0.236976,-0.901079,-0.000749
10.520088,0.191267,0.087603,2.308258,0.144934,-0.948603,-1.001962,0.565683,-0.280121,0.037784,0.663796,0.386090,-0.456412,-0.406491,0.286443,-2.674013,-0.615909,1.832220,-1.651979,-1.600551,3.106698,0.732312,-0.001579,0.092336,0.218980,-0.003728,-0.236069,-0.899790,-0.000025
10.521073,0.190541,0.083822,2.311641,0.143169,-0.946380,-1.008958,0.566381,-0.274020,0.033895,0.668931,0.390183,-0.455802,-0.406555,0.286269,-2.674017,-0.615823,1.832443,-1.651980,-1.600778,3.105801,0.732315,-0.003123,0.089914,0.219835,-0.003212,-0.232351,-0.899909,0.001595
10.522041,0.194522,0.078682,2.313729,0.141982,-0.947854,-1.009368,0.566400,-0.269055,0.032850,0.671397,0.395695,-0.455122,-0.406832,0.286156,-2.674016,-0.615730,1.832660,-1.651980,-1.601015,3.104907,0.732314,-0.002055,0.091367,0.219354,-0.002198,-0.234869,-0.894093,0.000437
10.523046,0.190663,0.075420,2.317036,0.143127,-0.950080,-1.005021,0.566130,-0.264001,0.030159,0.674520,0.400413,-0.454446,-0.407401,0.286103,-2.674022,-0.615634,1.832880,-1.651982,-1.601248,3.104019,0.732317,-0.003319,0.093432,0.219438,-0.001744,-0.233582,-0.894906,0.000662
10.524002,0.191756,0.076415,2.315420,0.140655,-0.948972,-1.004473,0.566495,-0.256850,0.021407,0.681835,0.403045,-0.453768,-0.408281,0.286087,-2.674018,-0.615537,1.833099,-1.651988,-1.601472,3.103103,0.732318,-0.000699,0.094553,0.219062,-0.003536,-0.231762,-0.900541,0.001470
10.525028,0.189633,0.074093,2.313879,0.141648,-0.950127,-0.999539,0.567747,-0.250050,0.008191,0.691337,0.403360,-0.453141,-0.409685,0.286076,-2.674020,-0.615446,1.833323,-1.651987,-1.601709,3.102205,0.732321,-0.000576,0.093561,0.220931,-0.001809,-0.233061,-0.902063,0.000970
10.526042,0.193141,0.072442,2.312259,0.140625,-0.950684,-0.998693,0.567371,-0.248845,-0.004563,0.697621,0.401442,-0.452673,-0.411946,0.286043,-2.674017,-0.615350,1.833551,-1.651994,-1.601940,3.101282,0.732316,0.001181,0.094265,0.222952,-0.003475,-0.232286,-0.908379,-0.001257
10.526989,0.193521,0.079335,2.315471,0.140342,-0.950481,-1.000019,0.567146,-0.254754,-0.014018,0.697970,0.398399,-0.452339,-0.415070,0.285976,-2.674019,-0.615255,1.833779,-1.651997,-1.602167,3.100355,0.732319,0.000139,0.094604,0.224975,-0.003149,-0.232139,-0.910421,-0.000213
10.527985,0.195096,0.078173,2.314825,0.138033,-0.953269,-0.996497,0.568019,-0.265781,-0.018625,0.692378,0.396155,-0.451986,-0.418763,0.285883,-2.674017,-0.615172,1.834006,-1.652002,-1.602401,3.099452,0.732320,0.000610,0.090745,0.224306,-0.003485,-0.232511,-0.909994,0.000484
10.529075,0.191892,0.075937,2.318762,0.138450,-0.952335,-1.000175,0.567948,-0.280569,-0.016945,0.681048,0.395577,-0.451576,-0.422762,0.285764,-2.674018,-0.615080,1.834237,-1.652000,-1.602625,3.098527,0.732318,0.000515,0.090919,0.225757,-0.001978,-0.230083,-0.914690,-0.001011
10.529984,0.194075,0.076452,2.320881,0.136022,-0.952012,-0.995276,0.567793,-0.299278,-0.010759,0.665074,0.395295,-0.451288,-0.427055,0.285623,-2.674012,-0.614988,1.834460,-1.652006,-1.602861,3.097620,0.732320,0.002841,0.091649,0.225337,-0.003147,-0.231583,-0.912808,-0.000567
10.530959,0.195543,0.073697,2.321611,0.137266,-0.952355,-0.989809,0.568696,-0.320943,-0.003665,0.647045,0.393859,-0.451237,-0.431655,0.285480,-2.674010,-0.614899,1.834686,-1.652003,-1.603096,3.096688,0.732322,0.002333,0.090911,0.225099,-0.001465,-0.231944,-0.918272,-0.000021
10.531944,0.198277,0.073201,2.321371,0.135077,-0.950708,-0.987610,0.568155,-0.341507,0.001735,0.630595,0.391717,-0.451315,-0.436236,0.285339,-2.674008,-0.614806,1.834912,-1.652009,-1.603327,3.095743,0.732318,0.002258,0.091823,0.225823,-0.003353,-0.231863,-0.924616,-0.001572
10.532977,0.199335,0.070914,2.317925,0.134120,-0.949954,-0.986673,0.568275,-0.357191,0.004225,0.618171,0.390157,-0.451364,-0.440410,0.285197,-2.674007,-0.614714,1.835142,-1.652008,-1.603565,3.094813,0.732319,0.001572,0.091604,0.227015,-0.001921,-0.233754,-0.927801,-0.000201
10.534041,0.203780,0.073520,2.319620,0.133042,-0.950642,-0.986834,0.567914,-0.369081,0.004524,0.608534,0.389133,-0.451396,-0.444124,0.285076,-2.674005,-0.614620,1.835381,-1.652010,-1.603804,3.093873,0.732318,0.001750,0.092302,0.229915,-0.001751,-0.234835,-0.930015,-0.000176
10.535051,0.203754,0.075676,2.318256,0.129793,-0.949162,-0.988488,0.568322,-0.379517,0.004602,0.599180,0.388565,-0.451454,-0.447369,0.284998,-2.674007,-0.614531,1.835611,-1.652011,-1.604036,3.092932,0.732321,0.000280,0.090606,0.230419,-0.001470,-0.234627,-0.931324,0.000831
10.536030,0.207191,0.073397,2.320903,0.127843,-0.949415,-0.988944,0.567966,-0.390188,0.006758,0.588108,0.388534,-0.451580,-0.450051,0.284966,-2.674004,-0.614446,1.835849,-1.652004,-1.604276,3.092008,0.732319,0.000978,0.089178,0.232194,0.000850,-0.236390,-0.930881,0.000276
10.537001,0.210139,0.073182,2.320932,0.128920,-0.945808,-0.995917,0.568312,-0.414519,0.014595,0.562441,0.385634,-0.452525,-0.453326,0.285016,-2.674007,-0.614267,1.836315,-1.652007,-1.604757,3.090163,0.732321,-0.000818,0.089568,0.232844,0.000217,-0.240109,-0.925389,0.000812
10.538088,0.213907,0.074592,2.329458,0.126926,-0.944792,-0.995685,0.568859,-0.414519,0.014595,0.562441,0.385634,-0.452525,-0.453326,0.285016,-2.674007,-0.614267,1.836315,-1.652007,-1.604757,3.090163,0.732321,-0.000818,0.089568,0.232844,0.000217,-0.240109,-0.925389,0.000812
10.539037,0.219172,0.073738,2.331230,0.126677,-0.942974,-0.993846,0.568651,-0.420194,0.015650,0.554610,0.385184,-0.453031,-0.453557,0.285042,-2.674011,-0.614181,1.836543,-1.652002,-1.605006,3.089231,0.732319,-0.001903,0.088531,0.230035,0.001275,-0.241483,-0.927392,0.000011
10.539993,0.222184,0.072151,2.331147,0.125448,-0.943187,-0.995699,0.569129,-0.414282,0.011965,0.555906,0.387435,-0.453252,-0.452413,0.285044,-2.674018,-0.614091,1.836773,-1.652001,-1.605251,3.088291,0.732321,-0.003789,0.088514,0.230113,0.000758,-0.243359,-0.929951,0.000686
10.541087,0.225899,0.075281,2.331397,0.125535,-0.943891,-0.994513,0.567988,-0.394968,0.002585,0.568021,0.392458,-0.453125,-0.449799,0.285024,-2.674023,-0.614004,1.837006,-1.651999,-1.605493,3.087371,0.732318,-0.004553,0.088893,0.231074,0.001196,-0.243233,-0.928946,-0.000017
10.542064,0.228217,0.076017,2.330711,0.123308,-0.944370,-0.999572,0.569343,-0.366115,-0.009641,0.587299,0.400039,-0.452718,-0.446126,0.284984,-2.674033,-0.613920,1.837244,-1.652001,-1.605734,3.086433,0.732325,-0.005532,0.087010,0.232363,0.000291,-0.243013,-0.931876,0.002563
10.542977,0.227780,0.075136,2.331479,0.119123,-0.946503,-1.001046,0.568391,-0.333607,-0.020172,0.608264,0.409700,-0.452144,-0.441909,0.284928,-2.674038,-0.613835,1.837479,-1.651995,-1.605976,3.085517,0.732319,-0.005939,0.086273,0.233689,0.001635,-0.242694,-0.927798,0.000090
10.544073,0.231339,0.075245,2.337603,0.118665,-0.947353,-0.998223,0.568797,-0.304221,-0.027485,0.626925,0.418180,-0.451725,-0.437676,0.284887,-2.674040,-0.613749,1.837713,-1.651985,-1.606213,3.084594,0.732321,-0.005042,0.086286,0.234034,0.004880,-0.240583,-0.926935,0.002273
10.545060,0.230168,0.074642,2.340258,0.117888,-0.947982,-1.002396,0.569651,-0.280262,-0.034083,0.643976,0.421977,-0.451726,-0.433570,0.284902,-2.674048,-0.613661,1.837942,-1.651983,-1.606451,3.083652,0.732321,-0.005978,0.085895,0.232465,0.004398,-0.240266,-0.931503,0.001729
10.545946,0.227720,0.071613,2.339649,0.120378,-0.950403,-0.996520,0.569362,-0.258574,-0.042325,0.662498,0.421424,-0.452043,-0.429429,0.284967,-2.674050,-0.613577,1.838172,-1.651979,-1.606691,3.082731,0.732318,-0.004649,0.085840,0.232238,0.004305,-0.239844,-0.928343,0.000285
10.547033,0.230008,0.073695,2.343078,0.118008,-0.946860,-0.992844,0.570152,-0.239192,-0.051563,0.681745,0.418062,-0.452574,-0.425460,0.285055,-2.674052,-0.613488,1.838410,-1.651986,-1.606927,3.081783,0.732323,-0.002785,0.086875,0.233150,0.001261,-0.237377,-0.934560,0.001105
10.547977,0.230692,0.071754,2.345526,0.119718,-0.947095,-0.991162,0.569801,-0.223311,-0.060072,0.699799,0.413144,-0.453283,-0.421757,0.285147,-2.674057,-0.613406,1.838638,-1.651980,-1.607176,3.080821,0.732320,-0.003125,0.085543,0.232911,0.002685,-0.241372,-0.939737,-0.000193
10.548975,0.227481,0.070289,2.349669,0.117822,-0.949610,-0.989465,0.570091,-0.208397,-0.067703,0.717816,0.408114,-0.454003,-0.417948,0.285221,-2.674058,-0.613320,1.838871,-1.651983,-1.607420,3.079884,0.732325,-0.002785,0.086112,0.232565,0.000284,-0.241148,-0.942093,0.000764
10.550134,0.231801,0.072852,2.351314,0.117814,-0.951389,-0.998898,0.570140,-0.193181,-0.075743,0.737110,0.402980,-0.454691,-0.413794,0.285264,-2.674053,-0.613232,1.839099,-1.651982,-1.607655,3.078934,0.732324,-0.000522,0.086448,0.231627,0.001392,-0.238898,-0.944776,0.000440
10.551140,0.233276,0.073163,2.358124,0.114452,-0.954320,-0.997838,0.570711,-0.179634,-0.084257,0.756544,0.396785,-0.455488,-0.409459,0.285266,-2.674059,-0.613153,1.839334,-1.651983,-1.607893,3.078013,0.732327,-0.001832,0.084959,0.232522,0.000518,-0.237810,-0.937484,0.000644
10.551990,0.233930,0.069451,2.356557,0.116008,-0.954197,-0.992756,0.570676,-0.167531,-0.092926,0.775904,0.389464,-0.456441,-0.405128,0.285205,-2.674062,-0.613071,1.839562,-1.651976,-1.608127,3.077071,0.732325,-0.001820,0.084484,0.230265,0.002949,-0.235185,-0.939726,-0.000230
10.553078,0.231966,0.067094,2.361058,0.115496,-0.953239,-0.991625,0.570731,-0.154297,-0.103492,0.797368,0.380957,-0.457511,-0.400822,0.285073,-2.674063,-0.612980,1.839792,-1.651979,-1.608358,3.076109,0.732325,-0.001537,0.085827,0.231622,0.000768,-0.235263,-0.944759,0.000076
10.554069,0.233630,0.066026,2.358277,0.115121,-0.956131,-0.988327,0.571289,-0.139408,-0.117055,0.821410,0.371476,-0.458615,-0.396726,0.284890,-2.674060,-0.612892,1.840020,-1.651981,-1.608599,3.075162,0.732326,0.000186,0.086663,0.230853,0.000474,-0.236706,-0.947475,0.000252
10.554968,0.235713,0.067031,2.359728,0.116016,-0.957835,-0.988379,0.571868,-0.125039,-0.132492,0.845785,0.361275,-0.459716,-0.393148,0.284681,-2.674061,-0.612804,1.840256,-1.651982,-1.608828,3.074197,0.732324,0.000040,0.086785,0.233302,0.000119,-0.234100,-0.951636,-0.000600
10.556097,0.232727,0.064957,2.365628,0.115755,-0.958686,-0.991864,0.571516,-0.112581,-0.147255,0.867891,0.351377,-0.460743,-0.390174,0.284462,-2.674063,-0.612722,1.840489,-1.651986,-1.609054,3.073248,0.732321,-0.000343,0.085873,0.233258,-0.001406,-0.232517,-0.951880,-0.001505
10.557094,0.237043,0.064615,2.366558,0.114649,-0.963049,-0.993147,0.571038,-0.101662,-0.160213,0.887011,0.343004,-0.461580,-0.387717,0.284262,-2.674057,-0.612634,1.840720,-1.651988,-1.609288,3.072303,0.732322,0.001891,0.086610,0.231911,-0.001967,-0.232322,-0.950266,-0.000483
10.557951,0.237676,0.063566,2.367128,0.114874,-0.959630,-0.998121,0.570943,-0.091960,-0.172808,0.904144,0.335533,-0.462266,-0.385689,0.284124,-2.674059,-0.612546,1.840950,-1.651990,-1.609507,3.071349,0.732324,0.000419,0.086368,0.232585,-0.001579,-0.228368,-0.949955,0.000731
10.559050,0.237957,0.062014,2.370269,0.114466,-0.961048,-0.996227,0.571610,-0.082589,-0.185785,0.920086,0.328829,-0.462850,-0.384098,0.284063,-2.674057,-0.612459,1.841185,-1.651995,-1.609749,3.070416,0.732326,0.000700,0.086420,0.232812,-0.002375,-0.231704,-0.945077,0.001133
10.560074,0.239275,0.057987,2.373805,0.116027,-0.961487,-0.994101,0.571485,-0.073252,-0.198729,0.934705,0.323385,-0.463333,-0.383097,0.284057,-2.674055,-0.612369,1.841419,-1.651998,-1.609978,3.069457,0.732325,0.001359,0.086884,0.232982,-0.002787,-0.231039,-0.949102,0.000101
10.560942,0.240878,0.053748,2.373028,0.114588,-0.960095,-0.992957,0.571492,-0.062962,-0.212427,0.949020,0.319447,-0.463700,-0.382640,0.284074,-2.674053,-0.612277,1.841651,-1.652008,-1.610211,3.068502,0.732326,0.001455,0.088538,0.232793,-0.005017,-0.231250,-0.952980,0.000657
10.562103,0.242539,0.052807,2.374367,0.115300,-0.961193,-0.992105,0.571429,-0.049662,-0.228882,0.965178,0.317065,-0.463917,-0.382470,0.284086,-2.674053,-0.612184,1.841886,-1.652010,-1.610450,3.067547,0.732329,0.001315,0.090169,0.234078,-0.004251,-0.232772,-0.954707,0.000881
10.563039,0.245086,0.054274,2.374324,0.114282,-0.961387,-1.000165,0.571508,-0.033980,-0.248065,0.982816,0.315907,-0.464003,-0.382488,0.284080,-2.674051,-0.612091,1.842124,-1.652018,-1.610682,3.066577,0.732326,0.001358,0.090347,0.235513,-0.005796,-0.232700,-0.958232,0.001354
10.563998,0.246759,0.055399,2.375349,0.109978,-0.963480,-1.001317,0.572086,-0.018703,-0.266558,0.998644,0.316458,-0.463927,-0.382837,0.284050,-2.674052,-0.612004,1.842364,-1.652022,-1.610913,3.065643,0.732329,0.000812,0.089223,0.236647,-0.005454,-0.232906,-0.951293,0.001453
10.564947,0.246730,0.052545,2.376695,0.111964,-0.961973,-1.000564,0.572333,-0.007480,-0.281265,1.009418,0.317849,-0.463780,-0.383789,0.284004,-2.674052,-0.611917,1.842604,-1.652017,-1.611142,3.064690,0.732330,0.000714,0.088306,0.237339,-0.002074,-0.231273,-0.951489,0.000560
10.566016,0.250797,0.049011,2.378248,0.110454,-0.961938,-0.999057,0.573068,-0.002169,-0.291982,1.014583,0.318357,-0.463708,-0.385473,0.283956,-2.674049,-0.611823,1.842842,-1.652026,-1.611378,3.063723,0.732328,0.001430,0.089314,0.237862,-0.004705,-0.233202,-0.953391,0.000356
10.567063,0.255376,0.047112,2.378677,0.110618,-0.963670,-0.992613,0.573333,0.000360,-0.300796,1.017021,0.318696,-0.463578,-0.387728,0.283912,-2.674049,-0.611730,1.843082,-1.652030,-1.611614,3.062767,0.732323,0.000201,0.090731,0.238763,-0.003988,-0.233957,-0.956981,-0.000796
10.568093,0.256152,0.045523,2.376210,0.110919,-0.962703,-0.995322,0.573264,0.005638,-0.310468,1.021067,0.320332,-0.463165,-0.390119,0.283890,-2.674053,-0.611639,1.843325,-1.652037,-1.611846,3.061786,0.732322,-0.001244,0.091331,0.240116,-0.004916,-0.232927,-0.965236,-0.001008
10.568964,0.259352,0.043064,2.372688,0.108926,-0.961780,-0.993289,0.573777,0.015165,-0.320632,1.027190,0.324395,-0.462352,-0.392427,0.283916,-2.674053,-0.611548,1.843574,-1.652045,-1.612083,3.060826,0.732324,-0.000822,0.091771,0.242763,-0.005910,-0.234525,-0.964186,-0.000575
10.569978,0.255539,0.045019,2.373656,0.105700,-0.964565,-0.996933,0.573105,0.025029,-0.328588,1.031735,0.330817,-0.461191,-0.394865,0.284014,-2.674056,-0.611453,1.843826,-1.652045,-1.612325,3.059852,0.732321,-0.001722,0.092490,0.245216,-0.004624,-0.235541,-0.966772,-0.001348
10.571011,0.264701,0.045821,2.374742,0.105490,-0.967086,-1.000506,0.573934,0.028583,-0.332394,1.030569,0.336740,-0.459994,-0.397745,0.284215,-2.674049,-0.611364,1.844072,-1.652044,-1.612553,3.058884,0.732327,0.000914,0.091157,0.246089,-0.002286,-0.233373,-0.964667,0.000288
10.572075,0.265272,0.041763,2.378333,0.106247,-0.968232,-0.996318,0.573359,0.023254,-0.331091,1.022386,0.340537,-0.458943,-0.401158,0.284522,-2.674060,-0.611274,1.844321,-1.652049,-1.612783,3.057930,0.732324,-0.002810,0.090431,0.246966,-0.002882,-0.231549,-0.962917,-0.001090
10.573076,0.267337,0.039110,2.375236,0.104355,-0.970154,-0.997492,0.573309,0.016299,-0.326918,1.012235,0.344701,-0.457768,-0.404686,0.284893,-2.674060,-0.611178,1.844573,-1.652058,-1.613015,3.056947,0.732329,-0.002229,0.092091,0.246678,-0.004342,-0.231176,-0.969059,0.000381
10.574004,0.267333,0.036873,2.372107,0.104191,-0.971378,-0.990189,0.573345,0.012749,-0.323148,1.004396,0.350366,-0.456354,-0.408084,0.285300,-2.674063,-0.611084,1.844828,-1.652058,-1.613240,3.055977,0.732330,-0.002474,0.092998,0.249472,-0.003292,-0.229895,-0.969307,0.000754
10.575001,0.268780,0.034955,2.374701,0.102452,-0.971020,-0.985380,0.574120,0.003095,-0.315314,0.987889,0.360586,-0.453774,-0.415109,0.286112,-2.674065,-0.610893,1.845338,-1.652065,-1.613703,3.053976,0.732327,-0.001680,0.094165,0.251801,-0.002882,-0.229990,-0.983529,-0.000316
10.576084,0.268940,0.033813,2.376547,0.100533,-0.973090,-0.986056,0.573965,0.003095,-0.315314,0.987889,0.360586,-0.453774,-0.415109,0.286112,-2.674065,-0.610893,1.845338,-1.652065,-1.613703,3.053976,0.732327,-0.001680,0.094165,0.251801,-0.002882,-0.229990,-0.983529,-0.000316
10.577068,0.272396,0.035533,2.374839,0.098467,-0.974725,-0.989240,0.573854,-0.004498,-0.311949,0.979242,0.363189,-0.452841,-0.418139,0.286468,-2.674066,-0.610798,1.845595,-1.652064,-1.613928,3.052999,0.732329,-0.000915,0.094377,0.252431,-0.001898,-0.228779,-0.984853,0.000320
10.577993,0.273479,0.038969,2.382145,0.098396,-0.976055,-0.997015,0.574523,-0.014492,-0.309077,0.970383,0.363172,-0.452218,-0.420451,0.286799,-2.674070,-0.610707,1.845856,-1.652063,-1.614152,3.052016,0.732330,-0.001857,0.093117,0.254366,-0.000706,-0.227758,-0.982923,0.000820
10.579125,0.277251,0.039201,2.381743,0.097778,-0.977393,-0.999221,0.574514,-0.026726,-0.304477,0.960199,0.361856,-0.451817,-0.421990,0.287103,-2.674072,-0.610618,1.846102,-1.652063,-1.614378,3.051038,0.732327,-0.001655,0.090981,0.251658,-0.001449,-0.226846,-0.975975,-0.000254
10.580003,0.283681,0.036005,2.381977,0.097916,-0.977681,-0.998164,0.574415,-0.038320,-0.297071,0.949655,0.361594,-0.451426,-0.422691,0.287367,-2.674075,-0.610527,1.846360,-1.652066,-1.614603,3.050070,0.732328,-0.002638,0.090614,0.253637,-0.001725,-0.226538,-0.976300,0.000102
10.581015,0.283388,0.034689,2.381549,0.097588,-0.978475,-0.997061,0.574220,-0.044967,-0.288015,0.941375,0.364257,-0.450875,-0.422421,0.287593,-2.674085,-0.610433,1.846611,-1.652070,-1.614828,3.049086,0.732329,-0.005075,0.091728,0.254237,-0.002532,-0.226541,-0.977874,0.000553
10.581976,0.285743,0.028654,2.381993,0.097110,-0.980108,-0.994488,0.575701,-0.043724,-0.279496,0.937793,0.370318,-0.450130,-0.421117,0.287786,-2.674088,-0.610343,1.846872,-1.652073,-1.615056,3.048109,0.732332,-0.004087,0.092020,0.255651,-0.002990,-0.226396,-0.980515,0.001226
10.583021,0.286025,0.028413,2.383838,0.095803,-0.985880,-1.001787,0.574932,-0.036036,-0.273252,0.939077,0.378138,-0.449338,-0.418950,0.287942,-2.674092,-0.610243,1.847133,-1.652077,-1.615277,3.047115,0.732326,-0.004485,0.094557,0.256386,-0.003259,-0.225316,-0.984151,-0.001470
10.583989,0.289844,0.029004,2.386963,0.094143,-0.987182,-1.003460,0.574576,-0.024967,-0.270729,0.944436,0.385257,-0.448723,-0.416133,0.288059,-2.674094,-0.610150,1.847389,-1.652078,-1.615485,3.046135,0.732329,-0.003794,0.094278,0.256858,-0.002815,-0.220453,-0.978506,0.000403
10.585140,0.287072,0.030903,2.393842,0.091594,-0.987373,-1.007493,0.575159,-0.012785,-0.271611,0.952635,0.390302,-0.448434,-0.412830,0.288151,-2.674100,-0.610058,1.847646,-1.652079,-1.615700,3.045167,0.732330,-0.004901,0.093576,0.256330,-0.001949,-0.219842,-0.978139,0.001384
10.585951,0.289395,0.030047,2.396312,0.091773,-0.990936,-1.007184,0.574317,-0.001206,-0.274480,0.962464,0.392449,-0.448526,-0.409162,0.288229,-2.674098,-0.609967,1.847895,-1.652077,-1.615917,3.044192,0.732329,-0.002619,0.092353,0.254800,-0.000442,-0.220828,-0.976651,0.000536
10.587034,0.286643,0.026814,2.394377,0.091166,-0.991008,-1.002409,0.575581,0.008741,-0.278552,0.973364,0.391212,-0.449002,-0.405340,0.288291,-2.674104,-0.609876,1.848148,-1.652078,-1.616127,3.043226,0.732336,-0.003122,0.092283,0.253993,-0.001314,-0.217468,-0.977101,0.002453
10.588001,0.288259,0.021739,2.395313,0.091824,-0.991914,-0.996857,0.575682,0.016239,-0.282937,0.984197,0.387144,-0.449848,-0.401723,0.288319,-2.674100,-0.609780,1.848410,-1.652078,-1.616347,3.042225,0.732331,-0.000930,0.093538,0.256480,-0.001624,-0.218377,-0.983837,0.000219
10.589186,0.288779,0.021975,2.397947,0.090336,-0.992590,-0.991861,0.576356,0.020436,-0.287298,0.993748,0.380889,-0.451051,-0.398577,0.288296,-2.674101,-0.609681,1.848667,-1.652084,-1.616564,3.041209,0.732333,-0.001008,0.095598,0.257025,-0.002985,-0.218081,-0.990348,0.000314
10.590075,0.291303,0.027307,2.396362,0.088660,-0.990738,-0.993787,0.575076,0.022859,-0.292443,1.002890,0.373224,-0.452498,-0.395691,0.288217,-2.674101,-0.609587,1.848928,-1.652084,-1.616786,3.040207,0.732331,-0.000350,0.095175,0.257648,-0.002507,-0.218630,-0.998000,-0.000697
10.591055,0.288865,0.029017,2.407316,0.085787,-0.991583,-1.000175,0.575554,0.023721,-0.296058,1.010412,0.365339,-0.454063,-0.392745,0.288094,-2.674102,-0.609500,1.849190,-1.652085,-1.617005,3.039207,0.732338,-0.000921,0.092075,0.259091,-0.001555,-0.220876,-0.996476,0.002134
10.592085,0.294343,0.026538,2.404292,0.086872,-0.990357,-0.999983,0.576327,0.020943,-0.295289,1.013931,0.357257,-0.455733,-0.389694,0.287947,-2.674098,-0.609412,1.849438,-1.652082,-1.617229,3.038236,0.732335,0.001018,0.090895,0.254767,0.000415,-0.220601,-0.991374,0.001437
10.593015,0.296095,0.021988,2.403445,0.087019,-0.990629,-1.004079,0.575831,0.016231,-0.291948,1.015367,0.348896,-0.457449,-0.386515,0.287776,-2.674102,-0.609321,1.849700,-1.652087,-1.617458,3.037237,0.732330,-0.000913,0.091801,0.257603,-0.001481,-0.222537,-0.993164,0.000203
10.593972,0.297115,0.020333,2.405404,0.085733,-0.990917,-0.997778,0.577108,0.013345,-0.288274,1.017010,0.342181,-0.459047,-0.383359,0.287577,-2.674102,-0.609223,1.849958,-1.652091,-1.617679,3.036240,0.732334,-0.001053,0.093577,0.258883,-0.002317,-0.222727,-0.989823,0.001475
10.594969,0.299735,0.015622,2.401337,0.083852,-0.987453,-0.993588,0.576398,0.013767,-0.285825,1.019802,0.337805,-0.460500,-0.380509,0.287356,-2.674103,-0.609130,1.850218,-1.652091,-1.617903,3.035235,0.732331,-0.000822,0.093967,0.258857,-0.001838,-0.222975,-0.997191,-0.000826
10.595990,0.296417,0.016510,2.404960,0.085024,-0.987322,-0.992877,0.577330,0.016849,-0.286141,1.024328,0.334113,-0.461927,-0.378055,0.287125,-2.674105,-0.609029,1.850488,-1.652089,-1.618136,3.034215,0.732335,-0.001347,0.095846,0.261928,-0.000858,-0.227028,-1.002511,0.000905
10.597132,0.301588,0.016178,2.409160,0.083534,-0.989602,-0.996649,0.576854,0.019993,-0.288217,1.028713,0.330244,-0.463353,-0.376092,0.286910,-2.674098,-0.608934,1.850746,-1.652097,-1.618361,3.033198,0.732331,0.001043,0.094966,0.261340,-0.002743,-0.227831,-1.004542,-0.000680
10.598044,0.300151,0.019425,2.411560,0.082633,-0.990751,-1.002873,0.577328,0.022151,-0.290350,1.031520,0.326931,-0.464638,-0.374592,0.286728,-2.674101,-0.608843,1.851009,-1.652098,-1.618586,3.032209,0.732334,-0.000665,0.094865,0.260960,-0.002194,-0.226584,-1.003140,0.000618
10.599036,0.303394,0.019756,2.411871,0.080644,-0.990373,-1.005699,0.577462,0.024122,-0.291801,1.032958,0.324822,-0.465671,-0.373438,0.286587,-2.674096,-0.608755,1.851265,-1.652100,-1.618807,3.031219,0.732333,0.000724,0.092817,0.260577,-0.002023,-0.225872,-0.997586,-0.000081
10.600102,0.307602,0.020808,2.408057,0.081893,-0.990782,-1.008064,0.576968,0.024017,-0.290962,1.031384,0.323505,-0.466525,-0.372839,0.286495,-2.674097,-0.608664,1.851531,-1.652099,-1.619038,3.030237,0.732333,-0.000143,0.092300,0.261485,-0.000909,-0.226830,-0.996158,-0.000053
10.601083,0.306934,0.020638,2.405154,0.080786,-0.987371,-1.005846,0.577477,0.020830,-0.285704,1.024959,0.323804,-0.467213,-0.373055,0.286450,-2.674101,-0.608574,1.851806,-1.652107,-1.619268,3.029234,0.732334,-0.001389,0.091447,0.264655,-0.002912,-0.227191,-0.995561,0.001248
10.601996,0.305967,0.013830,2.404194,0.080971,-0.986361,-1.001438,0.577032,0.013920,-0.273599,1.011634,0.327326,-0.467701,-0.374313,0.286444,-2.674099,-0.608482,1.852074,-1.652110,-1.619504,3.028222,0.732334,-0.000303,0.091148,0.267067,-0.002556,-0.231114,-0.998909,0.000494
10.603071,0.308329,0.015770,2.406035,0.082038,-0.987767,-1.005827,0.577074,0.001460,-0.255508,0.990968,0.332886,-0.468123,-0.376700,0.286480,-2.674095,-0.608382,1.852347,-1.652115,-1.619743,3.027218,0.732336,0.000841,0.094031,0.268164,-0.003423,-0.232354,-1.003978,0.001662
10.603999,0.309070,0.017771,2.405129,0.079117,-0.987537,-1.007038,0.577405,-0.014809,-0.235371,0.966236,0.339276,-0.468522,-0.379888,0.286555,-2.674095,-0.608290,1.852620,-1.652123,-1.619971,3.026220,0.732339,0.000471,0.092690,0.268544,-0.005217,-0.231761,-1.001369,0.001869
10.605029,0.311287,0.016196,2.403527,0.077245,-0.988631,-1.014337,0.577438,-0.033075,-0.213773,0.939006,0.346834,-0.468856,-0.383553,0.286643,-2.674093,-0.608202,1.852890,-1.652121,-1.620207,3.025230,0.732335,0.000797,0.091302,0.269723,-0.003103,-0.232327,-1.001012,0.001482
10.606086,0.314932,0.014638,2.406598,0.078332,-0.989666,-1.013218,0.578933,-0.055254,-0.189978,0.908284,0.354028,-0.469302,-0.387719,0.286730,-2.674093,-0.608108,1.853164,-1.652121,-1.620440,3.024239,0.732336,0.000473,0.091716,0.271644,-0.002140,-0.231876,-0.995237,0.001717
10.607034,0.313353,0.012665,2.399483,0.077353,-0.986713,-1.008506,0.578587,-0.079814,-0.165937,0.876023,0.360148,-0.469880,-0.392348,0.286803,-2.674095,-0.608012,1.853431,-1.652127,-1.620668,3.023230,0.732331,-0.000520,0.092110,0.271387,-0.004002,-0.231618,-0.998102,-0.000977
10.608050,0.316019,0.008416,2.395978,0.076854,-0.986553,-1.002410,0.578759,-0.103826,-0.142824,0.844366,0.366334,-0.470413,-0.397345,0.286861,-2.674092,-0.607919,1.853715,-1.652130,-1.620909,3.022225,0.732334,0.000978,0.092661,0.275627,-0.003755,-0.234935,-1.003728,0.000014
10.609040,0.315573,0.007376,2.399734,0.074825,-0.985287,-1.000729,0.578940,-0.129322,-0.119689,0.811775,0.372237,-0.470928,-0.402852,0.286927,-2.674092,-0.607821,1.854002,-1.652135,-1.621146,3.021198,0.732335,0.000406,0.094351,0.278260,-0.004014,-0.235647,-1.011103,-0.000049
10.610009,0.319624,0.005905,2.396429,0.074954,-0.985758,-1.004904,0.578994,-0.156272,-0.098127,0.779389,0.376577,-0.471459,-0.408697,0.287020,-2.674088,-0.607728,1.854275,-1.652135,-1.621388,3.020169,0.732335,0.001359,0.094448,0.277292,-0.002824,-0.237365,-1.013794,-0.000124
10.611093,0.317848,0.010691,2.394616,0.074483,-0.984262,-1.002583,0.579314,-0.181868,-0.080397,0.750177,0.379146,-0.471907,-0.414517,0.287143,-2.674091,-0.607633,1.854559,-1.652139,-1.621628,3.019166,0.732336,0.000089,0.094742,0.279708,-0.003698,-0.237275,-1.010608,0.000045
10.612044,0.319032,0.007173,2.388794,0.073409,-0.982264,-1.002473,0.577908,-0.207409,-0.063190,0.721535,0.381432,-0.472200,-0.420401,0.287290,-2.674085,-0.607545,1.854840,-1.652147,-1.621870,3.018140,0.732336,0.001775,0.092042,0.281863,-0.003977,-0.239512,-1.014757,-0.000287
10.613041,0.318213,0.005252,2.393708,0.072353,-0.984606,-0.999000,0.579623,-0.237712,-0.041285,0.687961,0.384226,-0.472420,-0.426685,0.287466,-2.674083,-0.607450,1.855135,-1.652149,-1.622118,3.017126,0.732343,0.001873,0.093389,0.285303,-0.003649,-0.241785,-1.015698,0.002807
10.614132,0.321324,0.008981,2.387499,0.070981,-0.979854,-0.991750,0.579087,-0.273332,-0.016141,0.650054,0.386224,-0.472724,-0.433299,0.287656,-2.674078,-0.607355,1.855420,-1.652151,-1.622358,3.016094,0.732334,0.002993,0.093920,0.283639,-0.003414,-0.239888,-1.020296,-0.000356
10.615001,0.322178,0.005779,2.395868,0.069828,-0.980144,-0.990782,0.578987,-0.311047,0.009424,0.611324,0.386888,-0.473182,-0.439796,0.287831,-2.674079,-0.607267,1.855714,-1.652154,-1.622613,3.015045,0.732339,0.002273,0.091757,0.287929,-0.002912,-0.245317,-1.029256,0.001056
10.615951,0.324869,0.004648,2.394435,0.067998,-0.978132,-0.993345,0.579232,-0.346992,0.034421,0.574664,0.387019,-0.473764,-0.445581,0.287987,-2.674075,-0.607172,1.855993,-1.652153,-1.622859,3.014015,0.732342,0.002480,0.092876,0.284020,-0.002511,-0.245018,-1.030306,0.001482
10.617080,0.327033,0.005292,2.392558,0.065781,-0.975119,-1.001075,0.579416,-0.375894,0.054277,0.545529,0.386422,-0.474431,-0.449956,0.288108,-2.674075,-0.607080,1.856278,-1.652152,-1.623107,3.012982,0.732343,0.001850,0.093007,0.285421,-0.001523,-0.247324,-1.028453,0.001260
10.618075,0.329681,0.006104,2.396256,0.065345,-0.971452,-1.001911,0.580328,-0.398212,0.067879,0.524051,0.384436,-0.475281,-0.452806,0.288161,-2.674075,-0.606989,1.856571,-1.652149,-1.623370,3.011973,0.732344,0.001637,0.092407,0.287671,-0.000347,-0.250996,-1.022877,0.001216
10.619066,0.330354,0.004577,2.394746,0.063571,-0.968036,-1.004712,0.580234,-0.417006,0.078327,0.506585,0.381695,-0.476367,-0.454394,0.288120,-2.674074,-0.606899,1.856859,-1.652149,-1.623633,3.010948,0.732341,0.001065,0.091628,0.286576,-0.000775,-0.254916,-1.023209,-0.000323
10.620068,0.332858,0.002358,2.398706,0.063123,-0.965877,-1.004003,0.580755,-0.431983,0.086496,0.492785,0.379073,-0.477608,-0.454831,0.287984,-2.674072,-0.606804,1.857151,-1.652148,-1.623896,3.009922,0.732342,0.001472,0.091980,0.288084,0.000129,-0.258562,-1.021465,0.000166
10.621063,0.337500,-0.002577,2.399589,0.060230,-0.957442,-0.999413,0.581175,-0.442403,0.091346,0.483668,0.376445,-0.478965,-0.454274,0.287769,-2.674072,-0.606709,1.857437,-1.652149,-1.624165,3.008902,0.732339,0.000981,0.092674,0.286928,-0.000279,-0.260917,-1.023411,-0.000586
10.622076,0.337564,-0.000555,2.402544,0.061605,-0.955255,-1.005176,0.580317,-0.444671,0.089284,0.483198,0.373365,-0.480305,-0.452592,0.287502,-2.674075,-0.606611,1.857725,-1.652145,-1.624448,3.007859,0.732338,-0.000542,0.094694,0.287288,0.001696,-0.269468,-1.029044,-0.001133
10.623095,0.342804,0.001240,2.398278,0.059139,-0.953861,-1.008286,0.580457,-0.436142,0.078750,0.493647,0.370285,-0.481409,-0.449671,0.287220,-2.674074,-0.606520,1.858009,-1.652149,-1.624726,3.006847,0.732344,0.000206,0.093282,0.286715,-0.000497,-0.271736,-1.024498,0.000880
10.624029,0.341807,0.005034,2.399961,0.055590,-0.955124,-1.008694,0.581350,-0.420694,0.064933,0.509881,0.368716,-0.482184,-0.445981,0.286944,-2.674079,-0.606431,1.858306,-1.652145,-1.625005,3.005828,0.732344,-0.001591,0.092046,0.289674,0.001038,-0.273279,-1.022745,0.000874
10.624978,0.345149,0.003008,2.400372,0.055118,-0.955415,-1.008012,0.581540,-0.405544,0.053990,0.524777,0.368012,-0.482826,-0.442164,0.286684,-2.674077,-0.606343,1.858591,-1.652136,-1.625275,3.004796,0.732341,-0.000368,0.089760,0.289368,0.003565,-0.271991,-1.022984,-0.000646
10.626120,0.343627,0.002351,2.404631,0.053680,-0.955117,-1.003045,0.581096,-0.394636,0.047258,0.535936,0.365903,-0.483562,-0.438569,0.286462,-2.674081,-0.606254,1.858882,-1.652133,-1.625546,3.003781,0.732342,-0.001287,0.090415,0.289712,0.003126,-0.271745,-1.024511,-0.000738
10.627107,0.345286,-0.001772,2.403459,0.054603,-0.952762,-0.997006,0.581679,-0.386299,0.042276,0.545770,0.361704,-0.484365,-0.435193,0.286301,-2.674077,-0.606162,1.859173,-1.652129,-1.625822,3.002734,0.732344,0.000332,0.090456,0.288960,0.003491,-0.272602,-1.031589,0.000484
10.628005,0.348283,-0.006083,2.401877,0.056138,-0.951472,-0.995084,0.581420,-0.378061,0.036562,0.556839,0.355738,-0.485146,-0.431883,0.286210,-2.674077,-0.606067,1.859466,-1.652132,-1.626102,3.001679,0.732342,0.000244,0.092106,0.290266,0.001773,-0.275027,-1.038499,-0.000409
10.629113,0.345836,-0.003948,2.401590,0.053432,-0.950741,-1.003929,0.581473,-0.366947,0.028750,0.570858,0.349877,-0.485749,-0.428393,0.286172,-2.674079,-0.605971,1.859759,-1.652136,-1.626384,3.000643,0.732344,-0.000548,0.093750,0.291368,-0.000435,-0.276078,-1.040711,0.000377
10.629992,0.349166,-0.000716,2.399875,0.055144,-0.950175,-1.002845,0.581445,-0.354233,0.020026,0.585919,0.345104,-0.486183,-0.424788,0.286174,-2.674073,-0.605879,1.860053,-1.652131,-1.626660,2.999610,0.732347,0.001484,0.092350,0.292717,0.001217,-0.277257,-1.033667,0.000573
10.631039,0.352270,-0.003407,2.407155,0.051928,-0.947767,-1.002305,0.582752,-0.340444,0.015205,0.602258,0.338915,-0.487011,-0.418472,0.286245,-2.674077,-0.605701,1.860637,-1.652131,-1.627227,2.997521,0.732343,-0.000236,0.091351,0.291105,0.001075,-0.280147,-1.036912,-0.001435
10.631993,0.356861,-0.005702,2.408592,0.051117,-0.948778,-1.001761,0.581946,-0.340444,0.015205,0.602258,0.338915,-0.487011,-0.418472,0.286245,-2.674077,-0.605701,1.860637,-1.652131,-1.627227,2.997521,0.732343,-0.000236,0.091351,0.291105,0.001075,-0.280147,-1.036912,-0.001435
10.633086,0.357630,-0.008801,2.408051,0.051540,-0.953300,-1.000360,0.581945,-0.329239,0.012908,0.613002,0.337393,-0.487235,-0.415029,0.286267,-2.674081,-0.605606,1.860926,-1.652129,-1.627502,2.996484,0.732349,-0.001760,0.092042,0.291013,0.000997,-0.279118,-1.038188,0.000470
10.634041,0.355502,-0.010794,2.402840,0.051345,-0.950769,-0.998833,0.583103,-0.309698,0.004779,0.631701,0.335630,-0.487347,-0.411151,0.286265,-2.674079,-0.605512,1.861222,-1.652132,-1.627771,2.995450,0.732350,-0.001305,0.093247,0.292415,-0.000300,-0.275030,-1.041380,0.000770
10.635019,0.355426,-0.009800,2.403899,0.051238,-0.952638,-1.000811,0.582748,-0.287841,-0.005879,0.652872,0.333340,-0.487513,-0.407523,0.286230,-2.674075,-0.605416,1.861524,-1.652134,-1.628052,2.994397,0.732344,0.000456,0.093781,0.295489,-0.000882,-0.277585,-1.043558,-0.001271
10.636027,0.359459,-0.010079,2.404116,0.048446,-0.955877,-1.006094,0.582524,-0.272077,-0.013953,0.668998,0.329996,-0.487877,-0.404883,0.286185,-2.674075,-0.605324,1.861817,-1.652135,-1.628328,2.993365,0.732346,0.001233,0.092864,0.295581,-0.001577,-0.275742,-1.042492,-0.000255
10.636967,0.356671,-0.010979,2.408405,0.049242,-0.954359,-1.006605,0.582467,-0.262554,-0.019495,0.682936,0.319120,-0.489051,-0.402634,0.286226,-2.674071,-0.605138,1.862407,-1.652137,-1.628876,2.991282,0.732350,0.002072,0.092625,0.294548,-0.001218,-0.274205,-1.038427,0.000848
10.638086,0.359328,-0.012288,2.405353,0.048567,-0.954061,-1.005740,0.582722,-0.262554,-0.019495,0.682936,0.319120,-0.489051,-0.402634,0.286226,-2.674071,-0.605138,1.862407,-1.652137,-1.628876,2.991282,0.732350,0.002072,0.092625,0.294548,-0.001218,-0.274205,-1.038427,0.000848
10.638980,0.361760,-0.017448,2.398834,0.050012,-0.952092,-1.004002,0.582296,-0.264562,-0.019921,0.684877,0.311843,-0.489676,-0.402648,0.286343,-2.674070,-0.605044,1.862710,-1.652139,-1.629154,2.990244,0.732346,0.001576,0.092966,0.297252,-0.001446,-0.274959,-1.041263,0.000671
10.639995,0.364212,-0.019625,2.400323,0.047333,-0.951592,-1.001157,0.582229,-0.269651,-0.018397,0.683540,0.305181,-0.490161,-0.403418,0.286524,-2.674070,-0.604946,1.863018,-1.652146,-1.629434,2.989197,0.732348,0.001045,0.095026,0.300636,-0.003498,-0.276724,-1.043240,0.001787
10.641151,0.366681,-0.015891,2.403019,0.048261,-0.950458,-1.006455,0.584136,-0.275803,-0.016130,0.680183,0.299803,-0.490433,-0.404791,0.286760,-2.674070,-0.604845,1.863320,-1.652144,-1.629711,2.988136,0.732353,0.000600,0.095621,0.300571,-0.001704,-0.277375,-1.047148,0.002191
10.642017,0.369723,-0.016621,2.403812,0.048736,-0.953024,-1.009875,0.582856,-0.280378,-0.014505,0.677178,0.295785,-0.490433,-0.406413,0.287013,-2.674070,-0.604757,1.863621,-1.652152,-1.629995,2.987104,0.732346,0.000248,0.093498,0.300535,-0.003484,-0.279025,-1.044024,-0.001300
10.642972,0.369906,-0.021459,2.405074,0.045158,-0.951366,-1.010760,0.583932,-0.281243,-0.012292,0.675224,0.294916,-0.490021,-0.408090,0.287231,-2.674073,-0.604664,1.863918,-1.652160,-1.630263,2.986062,0.732354,-0.000574,0.093397,0.300274,-0.004499,-0.276241,-1.040668,0.001539
10.643999,0.372059,-0.021508,2.402197,0.046873,-0.950635,-1.008318,0.582953,-0.277802,-0.011144,0.675734,0.296492,-0.489255,-0.409777,0.287404,-2.674071,-0.604568,1.864218,-1.652157,-1.630542,2.985028,0.732350,0.000062,0.095367,0.300116,-0.001777,-0.277914,-1.040585,-0.000365
10.645131,0.373126,-0.021101,2.399873,0.044342,-0.950550,-1.004269,0.583452,-0.271777,-0.013553,0.679395,0.297839,-0.488356,-0.411563,0.287542,-2.674073,-0.604473,1.864529,-1.652167,-1.630828,2.983977,0.732355,-0.000217,0.094969,0.302234,-0.004191,-0.278747,-1.044254,0.001907
10.645996,0.375096,-0.024411,2.395829,0.044873,-0.950018,-0.997989,0.583938,-0.266394,-0.016575,0.682867,0.299090,-0.487413,-0.413712,0.287655,-2.674072,-0.604378,1.864836,-1.652167,-1.631106,2.982907,0.732355,0.000124,0.094433,0.304540,-0.002589,-0.279327,-1.050177,0.001211
10.646962,0.375494,-0.026074,2.397216,0.044232,-0.946457,-0.997975,0.583804,-0.264197,-0.017227,0.683117,0.300591,-0.486486,-0.416353,0.287736,-2.674074,-0.604280,1.865148,-1.652171,-1.631390,2.981851,0.732353,-0.000183,0.095557,0.306515,-0.003789,-0.279520,-1.056441,0.000495
10.647987,0.377910,-0.025758,2.404029,0.045230,-0.944358,-1.004937,0.584568,-0.264304,-0.016494,0.681118,0.302332,-0.485527,-0.419299,0.287773,-2.674075,-0.604182,1.865452,-1.652174,-1.631679,2.980790,0.732357,0.000374,0.095899,0.306269,-0.003886,-0.283024,-1.057081,0.001042
10.648950,0.379725,-0.028989,2.400203,0.043734,-0.945995,-1.005395,0.583794,-0.262561,-0.016933,0.680591,0.305417,-0.484260,-0.422194,0.287771,-2.674075,-0.604089,1.865752,-1.652184,-1.631970,2.979753,0.732350,-0.000047,0.095352,0.303605,-0.005544,-0.285162,-1.051315,-0.000180
10.650051,0.381022,-0.029897,2.396633,0.041847,-0.949096,-1.004685,0.585223,-0.256159,-0.020293,0.684105,0.310538,-0.482489,-0.424879,0.287751,-2.674076,-0.603989,1.866065,-1.652188,-1.632250,2.978693,0.732353,-0.000210,0.096472,0.305929,-0.004768,-0.283469,-1.051583,0.001665
10.650996,0.383538,-0.032280,2.395081,0.042495,-0.950281,-0.998856,0.584086,-0.248884,-0.025506,0.688977,0.316128,-0.480446,-0.427679,0.287753,-2.674075,-0.603891,1.866375,-1.652188,-1.632529,2.977622,0.732347,-0.000014,0.096539,0.308698,-0.003814,-0.280755,-1.053927,-0.000898
10.651989,0.382966,-0.037329,2.396706,0.040543,-0.949963,-0.992556,0.584484,-0.244825,-0.030450,0.691793,0.320937,-0.478421,-0.430850,0.287808,-2.674078,-0.603793,1.866689,-1.652194,-1.632808,2.976556,0.732356,-0.000514,0.097234,0.309713,-0.005158,-0.279530,-1.060299,0.001668
10.653097,0.384736,-0.039247,2.390339,0.039122,-0.949700,-0.990262,0.584919,-0.242120,-0.036538,0.694463,0.324848,-0.476438,-0.434038,0.287929,-2.674075,-0.603690,1.867002,-1.652196,-1.633085,2.975472,0.732355,0.000510,0.099258,0.309377,-0.003984,-0.279964,-1.067352,0.001131
10.654073,0.387246,-0.039351,2.395719,0.037855,-0.952401,-0.991196,0.584269,-0.240591,-0.045633,0.698317,0.326563,-0.474593,-0.436881,0.288116,-2.674077,-0.603589,1.867322,-1.652199,-1.633368,2.974405,0.732354,0.000485,0.099787,0.313493,-0.003452,-0.280612,-1.071301,0.000586
10.655076,0.392124,-0.037948,2.392571,0.035446,-0.955543,-1.000145,0.585228,-0.241482,-0.056773,0.702216,0.325793,-0.472983,-0.439163,0.288360,-2.674077,-0.603490,1.867627,-1.652200,-1.633643,2.973336,0.732359,-0.000024,0.099341,0.311241,-0.003001,-0.277946,-1.071033,0.002172
10.655980,0.397620,-0.035120,2.397865,0.033289,-0.954577,-1.005821,0.584596,-0.242888,-0.069003,0.706673,0.323770,-0.471566,-0.440592,0.288641,-2.674082,-0.603394,1.867941,-1.652200,-1.633911,2.972279,0.732357,-0.001639,0.098198,0.313368,-0.001455,-0.275022,-1.062988,0.000520
10.656956,0.399350,-0.034260,2.395426,0.033310,-0.955439,-1.005834,0.585650,-0.242089,-0.081594,0.712840,0.321799,-0.470286,-0.441042,0.288923,-2.674090,-0.603302,1.868251,-1.652199,-1.634189,2.971235,0.732364,-0.003603,0.096329,0.310823,-0.000092,-0.275870,-1.057677,0.002049
10.658030,0.401691,-0.039020,2.400249,0.032214,-0.954855,-1.002885,0.585486,-0.236731,-0.093440,0.721590,0.321443,-0.469045,-0.440524,0.289172,-2.674094,-0.603207,1.868571,-1.652202,-1.634465,2.970164,0.732360,-0.003653,0.095470,0.312402,-0.000897,-0.275044,-1.058417,0.000204
10.659020,0.404842,-0.042388,2.402124,0.032472,-0.957503,-1.001454,0.585780,-0.225608,-0.105044,0.734026,0.323221,-0.467793,-0.439063,0.289370,-2.674099,-0.603105,1.868878,-1.652205,-1.634740,2.969084,0.732360,-0.003931,0.097425,0.310857,-0.000635,-0.276010,-1.062766,0.000870
10.660035,0.409358,-0.038499,2.394558,0.031157,-0.957926,-1.006346,0.586384,-0.206297,-0.120287,0.753629,0.326379,-0.466478,-0.436439,0.289520,-2.674105,-0.603005,1.869189,-1.652211,-1.635011,2.968024,0.732359,-0.004629,0.098660,0.310691,-0.001665,-0.273653,-1.065462,0.000576
10.660965,0.408912,-0.041359,2.401990,0.029551,-0.957646,-1.009253,0.586191,-0.180096,-0.138121,0.778893,0.331179,-0.465059,-0.432755,0.289620,-2.674115,-0.602913,1.869507,-1.652212,-1.635281,2.966966,0.732359,-0.005931,0.096367,0.315419,-0.001283,-0.273747,-1.062186,-0.000323
10.662063,0.413466,-0.044289,2.404219,0.026095,-0.963833,-1.015282,0.586659,-0.153023,-0.153605,0.803742,0.337507,-0.463600,-0.428560,0.289679,-2.674117,-0.602815,1.869818,-1.652211,-1.635555,2.965924,0.732361,-0.004877,0.097382,0.312214,-0.000573,-0.274216,-1.060391,0.000362
10.662976,0.414574,-0.043383,2.403594,0.026134,-0.963272,-1.012938,0.586479,-0.126199,-0.169489,0.829385,0.342519,-0.462204,-0.424003,0.289725,-2.674127,-0.602715,1.870132,-1.652204,-1.635813,2.964869,0.732360,-0.006142,0.098503,0.312468,0.001720,-0.268851,-1.056683,-0.000239
10.663984,0.412345,-0.046928,2.407653,0.025978,-0.965560,-1.007889,0.586674,-0.098853,-0.188676,0.857970,0.344291,-0.460979,-0.419233,0.289780,-2.674133,-0.602620,1.870442,-1.652205,-1.636082,2.963793,0.732361,-0.005842,0.097607,0.313300,0.000818,-0.269652,-1.059849,0.000414
10.664997,0.407887,-0.047957,2.407878,0.027103,-0.961513,-1.002592,0.585859,-0.072292,-0.209130,0.887657,0.343497,-0.459980,-0.414605,0.289862,-2.674133,-0.602521,1.870752,-1.652206,-1.636348,2.962718,0.732362,-0.003871,0.099005,0.312210,0.000039,-0.267844,-1.066443,0.000323
10.666082,0.409841,-0.048990,2.413008,0.025414,-0.962180,-1.003112,0.585644,-0.049058,-0.228961,0.916099,0.340655,-0.459254,-0.410336,0.289987,-2.674129,-0.602421,1.871069,-1.652211,-1.636624,2.961624,0.732367,-0.000836,0.099094,0.313014,-0.001936,-0.272380,-1.073182,0.002274
10.667080,0.410187,-0.044717,2.415643,0.024853,-0.962984,-1.007191,0.586314,-0.030958,-0.247020,0.941631,0.336076,-0.458816,-0.406393,0.290160,-2.674129,-0.602321,1.871377,-1.652209,-1.636896,2.960552,0.732367,-0.000933,0.099269,0.311779,-0.001274,-0.272357,-1.074751,0.003029
10.668047,0.414957,-0.041079,2.416692,0.023174,-0.965154,-1.007997,0.586001,-0.016852,-0.262602,0.964353,0.330638,-0.458607,-0.402529,0.290362,-2.674129,-0.602227,1.871691,-1.652211,-1.637172,2.959481,0.732365,-0.000261,0.096758,0.311337,-0.001615,-0.271933,-1.072091,0.001991
10.669046,0.414908,-0.042565,2.427768,0.020532,-0.968164,-1.010329,0.586628,-0.005311,-0.273565,0.983723,0.325910,-0.458552,-0.398634,0.290572,-2.674134,-0.602137,1.872000,-1.652211,-1.637437,2.958399,0.732369,-0.001806,0.094619,0.311600,-0.000832,-0.270145,-1.072465,0.002921
10.669976,0.417432,-0.041368,2.427035,0.019391,-0.967583,-1.005575,0.586154,0.006745,-0.281268,1.002178,0.322010,-0.458608,-0.394537,0.290782,-2.674132,-0.602043,1.872301,-1.652207,-1.637700,2.957338,0.732366,-0.000945,0.095033,0.307044,0.000789,-0.267632,-1.071642,0.001970
10.671037,0.414691,-0.045117,2.425723,0.019211,-0.965514,-1.004431,0.586570,0.022937,-0.290641,1.024504,0.317325,-0.458745,-0.390047,0.290976,-2.674135,-0.601949,1.872612,-1.652205,-1.637968,2.956244,0.732372,-0.001404,0.094030,0.308044,0.000992,-0.268490,-1.077245,0.003207
10.672065,0.419185,-0.049874,2.426052,0.017574,-0.968279,-1.006470,0.587197,0.040849,-0.301472,1.048910,0.311338,-0.458959,-0.385554,0.291147,-2.674130,-0.601848,1.872921,-1.652208,-1.638243,2.955148,0.732372,0.000821,0.095543,0.309928,0.000252,-0.271168,-1.080168,0.002687
10.672958,0.418890,-0.046469,2.430094,0.018527,-0.971298,-1.011399,0.587405,0.056492,-0.312809,1.071893,0.303827,-0.459256,-0.381599,0.291290,-2.674133,-0.601748,1.873237,-1.652205,-1.638508,2.954077,0.732372,-0.000573,0.097533,0.310739,0.000848,-0.268936,-1.079791,0.001750
10.674092,0.419231,-0.048674,2.434645,0.017235,-0.971893,-1.014583,0.587785,0.070705,-0.325572,1.093785,0.295468,-0.459511,-0.378274,0.291392,-2.674129,-0.601657,1.873540,-1.652210,-1.638767,2.953001,0.732373,0.000306,0.095389,0.309210,-0.000836,-0.266132,-1.075424,0.001619
10.675038,0.421865,-0.048125,2.433643,0.017554,-0.971002,-1.014915,0.587067,0.084676,-0.338850,1.114614,0.287767,-0.459593,-0.375599,0.291450,-2.674128,-0.601559,1.873848,-1.652211,-1.639033,2.951936,0.732371,0.001062,0.096240,0.308504,-0.000575,-0.266475,-1.074842,0.001215
10.675968,0.420202,-0.052511,2.431277,0.016592,-0.973336,-1.015137,0.588152,0.098218,-0.351693,1.133730,0.281407,-0.459488,-0.373668,0.291470,-2.674128,-0.601464,1.874160,-1.652215,-1.639306,2.950855,0.732377,0.000530,0.095549,0.309677,-0.001699,-0.267620,-1.075510,0.002944
10.677087,0.419810,-0.053771,2.432908,0.016954,-0.974475,-1.011895,0.587851,0.109632,-0.363132,1.149397,0.276342,-0.459305,-0.372687,0.291462,-2.674123,-0.601363,1.874470,-1.652217,-1.639567,2.949771,0.732373,0.002098,0.097282,0.311470,-0.001553,-0.265561,-1.076132,0.001042
10.678078,0.418556,-0.053205,2.429617,0.016713,-0.975675,-1.014827,0.588338,0.115655,-0.372597,1.159326,0.271508,-0.459257,-0.372893,0.291444,-2.674118,-0.601268,1.874786,-1.652222,-1.639834,2.948690,0.732376,0.003160,0.097627,0.312046,-0.002843,-0.265294,-1.081781,0.002007
10.678977,0.420073,-0.050161,2.431410,0.015957,-0.975635,-1.018773,0.587633,0.113559,-0.378657,1.161228,0.266594,-0.459458,-0.374371,0.291440,-2.674110,-0.601172,1.875103,-1.652228,-1.640098,2.947613,0.732378,0.004527,0.096965,0.314509,-0.003388,-0.264563,-1.080136,0.001322
10.679992,0.421405,-0.046705,2.439872,0.015706,-0.978313,-1.026102,0.589089,0.101716,-0.378402,1.152691,0.262531,-0.459868,-0.377156,0.291465,-2.674106,-0.601084,1.875416,-1.652234,-1.640363,2.946554,0.732382,0.004453,0.095069,0.314002,-0.003327,-0.264790,-1.076923,0.003016
10.680998,0.424252,-0.051690,2.436387,0.013874,-0.978195,-1.024597,0.588609,0.083712,-0.371992,1.136112,0.260602,-0.460270,-0.380930,0.291509,-2.674102,-0.600994,1.875722,-1.652241,-1.640626,2.945485,0.732377,0.004589,0.093054,0.310780,-0.003873,-0.262653,-1.071174,0.000398
10.682077,0.425735,-0.049098,2.436008,0.014632,-0.977127,-1.021665,0.588739,0.065470,-0.363216,1.117124,0.261076,-0.460478,-0.385248,0.291567,-2.674099,-0.600893,1.876038,-1.652242,-1.640889,2.944395,0.732382,0.003970,0.095169,0.313460,-0.002944,-0.263334,-1.074175,0.001694
10.683002,0.430602,-0.053527,2.431267,0.015163,-0.976069,-1.017974,0.589703,0.048651,-0.354006,1.097668,0.263557,-0.460468,-0.390016,0.291657,-2.674095,-0.600802,1.876358,-1.652251,-1.641157,2.943312,0.732383,0.004090,0.093584,0.314814,-0.004521,-0.265124,-1.079150,0.001751
10.684076,0.428872,-0.051210,2.429606,0.015775,-0.977343,-1.018278,0.588679,0.034108,-0.343357,1.077476,0.269395,-0.460098,-0.395178,0.291796,-2.674097,-0.600702,1.876685,-1.652259,-1.641421,2.942218,0.732382,0.002432,0.095361,0.317569,-0.005730,-0.266447,-1.083584,0.000101
10.685011,0.431570,-0.052483,2.431985,0.013887,-0.976986,-1.018269,0.589801,0.021535,-0.329854,1.055469,0.279737,-0.459253,-0.400735,0.291987,-2.674090,-0.600610,1.877004,-1.652268,-1.641688,2.941140,0.732389,0.004143,0.093906,0.319546,-0.007135,-0.265861,-1.085272,0.002492
10.686072,0.435469,-0.051895,2.435558,0.014217,-0.979492,-1.015398,0.589094,0.008328,-0.313013,1.030257,0.293391,-0.458047,-0.406790,0.292230,-2.674088,-0.600517,1.877324,-1.652270,-1.641957,2.940049,0.732387,0.003532,0.094174,0.318835,-0.006037,-0.266479,-1.086111,0.000507
10.687038,0.435874,-0.058289,2.429830,0.012941,-0.982355,-1.014048,0.589825,-0.002868,-0.295997,1.005531,0.308969,-0.456541,-0.412970,0.292507,-2.674087,-0.600424,1.877638,-1.652280,-1.642221,2.938945,0.732393,0.002458,0.093582,0.318209,-0.007146,-0.264646,-1.090772,0.002263
10.687985,0.436113,-0.057649,2.423706,0.012029,-0.979624,-1.007367,0.589103,-0.009158,-0.282448,0.984970,0.325343,-0.454845,-0.418929,0.292802,-2.674083,-0.600323,1.877970,-1.652287,-1.642478,2.937855,0.732391,0.003030,0.096362,0.321613,-0.006601,-0.262248,-1.093194,0.001084
10.689127,0.437335,-0.055300,2.426819,0.009651,-0.980449,-1.008619,0.589660,-0.015886,-0.271531,0.965053,0.340380,-0.453340,-0.424953,0.293121,-2.674079,-0.600228,1.878305,-1.652292,-1.642748,2.936737,0.732400,0.003656,0.095603,0.325060,-0.006453,-0.265308,-1.100701,0.002817
10.690107,0.437776,-0.051518,2.431248,0.010255,-0.978193,-1.012698,0.589570,-0.028873,-0.259841,0.940975,0.352768,-0.452316,-0.431182,0.293471,-2.674073,-0.600135,1.878627,-1.652295,-1.643013,2.935619,0.732402,0.003926,0.094209,0.324901,-0.005059,-0.265397,-1.101694,0.002020
10.690973,0.438246,-0.050296,2.431492,0.007646,-0.979100,-1.016889,0.588396,-0.047517,-0.245628,0.912641,0.363331,-0.451749,-0.437170,0.293832,-2.674067,-0.600049,1.878950,-1.652302,-1.643286,2.934532,0.732406,0.004453,0.092039,0.323345,-0.006439,-0.268033,-1.098794,0.002504
10.692096,0.444549,-0.046636,2.434178,0.004991,-0.976244,-1.025789,0.588915,-0.069387,-0.229010,0.881843,0.373085,-0.451555,-0.442420,0.294176,-2.674061,-0.599959,1.879272,-1.652303,-1.643549,2.933439,0.732417,0.004860,0.091038,0.323402,-0.004584,-0.267178,-1.094878,0.005099
10.693085,0.448659,-0.046376,2.433282,0.005371,-0.974055,-1.025189,0.587544,-0.092962,-0.210850,0.850109,0.381800,-0.451757,-0.446659,0.294490,-2.674061,-0.599875,1.879598,-1.652301,-1.643829,2.932372,0.732419,0.002628,0.089065,0.323360,-0.003043,-0.270813,-1.088427,0.004373
10.694081,0.447599,-0.045137,2.437896,0.004729,-0.971407,-1.024375,0.588234,-0.114359,-0.192111,0.820049,0.390495,-0.452227,-0.449687,0.294761,-2.674061,-0.599786,1.879928,-1.652309,-1.644109,2.931275,0.732432,0.001411,0.088661,0.324460,-0.004185,-0.273303,-1.090343,0.007406
10.695053,0.453770,-0.051787,2.439242,0.003597,-0.969940,-1.020071,0.586127,-0.130248,-0.173391,0.793862,0.400712,-0.452767,-0.451482,0.294994,-2.674056,-0.599699,1.880246,-1.652314,-1.644394,2.930173,0.732436,0.002741,0.087776,0.322923,-0.004341,-0.276243,-1.092411,0.006280
10.696045,0.455984,-0.051961,2.436865,0.001682,-0.970434,-1.024360,0.585827,-0.137872,-0.158398,0.775355,0.411656,-0.453275,-0.451927,0.295220,-2.674061,-0.599604,1.880573,-1.652318,-1.644677,2.929079,0.732456,0.000485,0.090758,0.322854,-0.004035,-0.277919,-1.097865,0.010773
10.697045,0.458393,-0.051266,2.431718,-0.000714,-0.970460,-1.029038,0.583795,-0.135167,-0.151544,0.768034,0.421564,-0.453702,-0.450891,0.295480,-2.674062,-0.599514,1.880904,-1.652320,-1.644950,2.927987,0.732469,0.000243,0.090513,0.324696,-0.002992,-0.277798,-1.094774,0.011591
10.698014,0.463589,-0.046916,2.432133,-0.002882,-0.970597,-1.035407,0.581612,-0.128302,-0.150128,0.766868,0.428844,-0.454179,-0.448988,0.295812,-2.674064,-0.599427,1.881239,-1.652318,-1.645229,2.926916,0.732495,-0.000103,0.089896,0.327911,-0.001567,-0.278132,-1.091564,0.015902
10.698980,0.462526,-0.051275,2.430833,-0.004268,-0.974770,-1.034671,0.579649,-0.124837,-0.147953,0.764374,0.433113,-0.454808,-0.447040,0.296253,-2.674069,-0.599344,1.881571,-1.652316,-1.645510,2.925831,0.732527,-0.001840,0.087460,0.328187,-0.000362,-0.278226,-1.086323,0.020443
10.699982,0.464918,-0.049276,2.427988,-0.004641,-0.972787,-1.030408,0.577567,-0.126347,-0.143253,0.758871,0.434359,-0.455585,-0.445393,0.296817,-2.674067,-0.599251,1.881900,-1.652315,-1.645776,2.924728,0.732560,-0.000494,0.089328,0.329394,0.000088,-0.274395,-1.088143,0.024530
10.700996,0.464456,-0.052670,2.427108,-0.004918,-0.972849,-1.023896,0.577779,-0.133244,-0.136603,0.750535,0.432198,-0.456580,-0.444193,0.297488,-2.674069,-0.599166,1.882236,-1.652318,-1.646061,2.923628,0.732599,-0.000845,0.088064,0.331442,-0.000429,-0.276737,-1.093764,0.028857
10.702001,0.468326,-0.045545,2.424308,-0.004685,-0.970127,-1.020680,0.576808,-0.145044,-0.127719,0.739451,0.427511,-0.457797,-0.443360,0.298222,-2.674067,-0.599075,1.882572,-1.652320,-1.646334,2.922510,0.732629,0.000224,0.089481,0.332552,-0.001060,-0.277116,-1.101604,0.028583
10.702995,0.469222,-0.043593,2.426966,-0.009191,-0.973994,-1.024039,0.576135,-0.159968,-0.114933,0.725638,0.422628,-0.459097,-0.442595,0.298966,-2.674071,-0.598997,1.882909,-1.652321,-1.646618,2.921389,0.732666,-0.000847,0.085720,0.334579,-0.002198,-0.280186,-1.105996,0.030713
10.703997,0.474183,-0.037971,2.427438,-0.010549,-0.976305,-1.026180,0.577326,-0.177477,-0.096192,0.708449,0.418745,-0.460437,-0.441641,0.299684,-2.674071,-0.598916,1.883245,-1.652313,-1.646889,2.920301,0.732701,-0.000450,0.084574,0.333805,0.001219,-0.276669,-1.103892,0.032221
10.705000,0.474687,-0.039229,2.431468,-0.011806,-0.975773,-1.027931,0.576698,-0.197203,-0.072306,0.688831,0.414606,-0.461945,-0.440332,0.300345,-2.674076,-0.598839,1.883576,-1.652313,-1.647160,2.919198,0.732726,-0.002047,0.081608,0.334264,0.001601,-0.274818,-1.103069,0.030014
10.706031,0.479519,-0.038937,2.427330,-0.012339,-0.976248,-1.024741,0.577455,-0.216356,-0.046179,0.669846,0.409753,-0.463620,-0.438561,0.300935,-2.674076,-0.598757,1.883906,-1.652309,-1.647438,2.918108,0.732761,-0.001439,0.082074,0.332934,0.001820,-0.275755,-1.102697,0.031480
10.707034,0.478712,-0.045912,2.430684,-0.013984,-0.978441,-1.026957,0.577236,-0.242472,0.000488,0.644314,0.399175,-0.466913,-0.433931,0.302028,-2.674080,-0.598585,1.884578,-1.652306,-1.647984,2.915876,0.732823,-0.001698,0.084968,0.334715,0.002026,-0.273995,-1.106344,0.030784
10.708009,0.481689,-0.044338,2.425380,-0.013977,-0.980256,-1.026916,0.578689,-0.242472,0.000488,0.644314,0.399175,-0.466913,-0.433931,0.302028,-2.674080,-0.598585,1.884578,-1.652306,-1.647984,2.915876,0.732823,-0.001698,0.084968,0.334715,0.002026,-0.273995,-1.106344,0.030784
10.709026,0.483028,-0.045935,2.430819,-0.014858,-0.981216,-1.033231,0.578230,-0.249551,0.015056,0.639820,0.391532,-0.468446,-0.431516,0.302572,-2.674083,-0.598504,1.884922,-1.652306,-1.648253,2.914774,0.732847,-0.002362,0.083933,0.337798,0.001087,-0.272557,-1.107501,0.028048
10.710012,0.482890,-0.048597,2.429686,-0.013774,-0.981655,-1.036329,0.578253,-0.254370,0.024035,0.639175,0.382521,-0.469844,-0.429389,0.303136,-2.674083,-0.598418,1.885253,-1.652306,-1.648524,2.913668,0.732882,-0.002169,0.084505,0.335791,0.001022,-0.272097,-1.102526,0.029185
10.711006,0.483403,-0.047515,2.429845,-0.014907,-0.982205,-1.035807,0.579546,-0.256569,0.027875,0.642008,0.373261,-0.470997,-0.427673,0.303735,-2.674081,-0.598330,1.885590,-1.652312,-1.648798,2.912581,0.732912,-0.001293,0.085560,0.336910,-0.000871,-0.272015,-1.100718,0.029318
10.712040,0.483313,-0.049722,2.428308,-0.014809,-0.982414,-1.032396,0.579098,-0.257469,0.027363,0.646934,0.364083,-0.471900,-0.426579,0.304369,-2.674080,-0.598246,1.885929,-1.652312,-1.649073,2.911467,0.732933,-0.000729,0.084772,0.337375,-0.000649,-0.271846,-1.102446,0.026931
10.713061,0.481347,-0.046420,2.432138,-0.016371,-0.984844,-1.028156,0.580424,-0.259717,0.024891,0.651157,0.354985,-0.472660,-0.426316,0.305025,-2.674078,-0.598158,1.886270,-1.652315,-1.649346,2.910344,0.732963,0.000160,0.085642,0.338865,-0.001636,-0.272162,-1.107317,0.028062
10.714041,0.481912,-0.045794,2.429050,-0.015118,-0.986730,-1.032307,0.579558,-0.265018,0.021841,0.653246,0.345380,-0.473416,-0.426865,0.305700,-2.674073,-0.598079,1.886606,-1.652315,-1.649614,2.909229,0.732984,0.001941,0.083814,0.337634,-0.001017,-0.270242,-1.112949,0.025607
10.714997,0.481360,-0.046846,2.432722,-0.017345,-0.984529,-1.032744,0.580578,-0.274967,0.020311,0.651368,0.335423,-0.474265,-0.428195,0.306396,-2.674069,-0.597996,1.886952,-1.652323,-1.649877,2.908120,0.733017,0.002422,0.083291,0.339608,-0.003036,-0.268816,-1.109793,0.027560
10.715993,0.486834,-0.047401,2.427345,-0.017511,-0.987128,-1.035814,0.579398,-0.289819,0.021057,0.644778,0.325657,-0.475227,-0.430289,0.307105,-2.674064,-0.597914,1.887283,-1.652323,-1.650151,2.907027,0.733040,0.003439,0.083591,0.338209,-0.001674,-0.271318,-1.110387,0.025688
10.717015,0.487901,-0.047779,2.430245,-0.018954,-0.984809,-1.032231,0.579042,-0.307240,0.022055,0.635518,0.316091,-0.476277,-0.432968,0.307822,-2.674066,-0.597831,1.887631,-1.652327,-1.650419,2.905916,0.733073,0.001525,0.083640,0.341389,-0.002370,-0.269130,-1.108494,0.028271
10.717991,0.487471,-0.053906,2.429465,-0.016933,-0.985523,-1.034443,0.579589,-0.323802,0.021843,0.625984,0.307394,-0.477317,-0.436009,0.308541,-2.674062,-0.597748,1.887969,-1.652329,-1.650694,2.904788,0.733101,0.001822,0.083635,0.340598,-0.001822,-0.271958,-1.113456,0.029173
10.719105,0.489745,-0.053302,2.435202,-0.018382,-0.983515,-1.033055,0.579800,-0.336797,0.018513,0.618594,0.300075,-0.478203,-0.439266,0.309246,-2.674057,-0.597656,1.888314,-1.652339,-1.650969,2.903681,0.733126,0.002807,0.086391,0.341385,-0.004554,-0.271534,-1.112251,0.028262
10.720094,0.491422,-0.051621,2.430740,-0.018733,-0.982715,-1.038783,0.580466,-0.344005,0.009425,0.616050,0.294180,-0.478764,-0.442595,0.309928,-2.674055,-0.597571,1.888655,-1.652343,-1.651249,2.902550,0.733153,0.002565,0.085905,0.339580,-0.004018,-0.274278,-1.115700,0.028089
10.720977,0.495836,-0.053623,2.429605,-0.019286,-0.986219,-1.039013,0.579901,-0.345795,-0.004111,0.617685,0.290154,-0.478857,-0.445999,0.310610,-2.674051,-0.597487,1.888998,-1.652347,-1.651522,2.901432,0.733177,0.002507,0.084827,0.342326,-0.004510,-0.275437,-1.110994,0.026956
10.722047,0.497200,-0.048893,2.429120,-0.020249,-0.990399,-1.037355,0.581048,-0.344999,-0.018241,0.619956,0.288589,-0.478448,-0.449702,0.311318,-2.674053,-0.597402,1.889341,-1.652353,-1.651789,2.900328,0.733206,0.001040,0.085512,0.342857,-0.004637,-0.271996,-1.111160,0.028269
10.723040,0.503144,-0.055897,2.426118,-0.021169,-0.994075,-1.032039,0.581013,-0.342993,-0.030602,0.621016,0.289782,-0.477565,-0.453763,0.312063,-2.674050,-0.597322,1.889686,-1.652357,-1.652052,2.899200,0.733227,0.001241,0.082997,0.343942,-0.004574,-0.268548,-1.114539,0.026195
10.724005,0.507961,-0.057944,2.424327,-0.019228,-0.993395,-1.022915,0.581189,-0.339232,-0.041261,0.621614,0.293255,-0.476295,-0.457963,0.312844,-2.674055,-0.597229,1.890037,-1.652361,-1.652311,2.898078,0.733257,-0.000869,0.086220,0.345840,-0.004479,-0.265414,-1.120995,0.026479
10.725132,0.505690,-0.054118,2.422544,-0.022463,-0.996352,-1.022768,0.581209,-0.329128,-0.053558,0.626057,0.299335,-0.474620,-0.461732,0.313658,-2.674060,-0.597138,1.890389,-1.652374,-1.652577,2.896925,0.733284,-0.002403,0.086882,0.346991,-0.007062,-0.266504,-1.130861,0.026313
10.726038,0.509624,-0.055758,2.425096,-0.023663,-0.998427,-1.023305,0.580260,-0.312853,-0.067183,0.634254,0.308178,-0.472642,-0.464738,0.314501,-2.674056,-0.597056,1.890739,-1.652375,-1.652838,2.895783,0.733309,-0.000335,0.084840,0.348928,-0.004802,-0.264449,-1.132984,0.026527
10.726977,0.513708,-0.047036,2.421538,-0.024927,-0.997999,-1.031966,0.581318,-0.297284,-0.079068,0.641477,0.317421,-0.470753,-0.467036,0.315382,-2.674060,-0.596970,1.891088,-1.652378,-1.653097,2.894664,0.733339,-0.001531,0.085353,0.347633,-0.004396,-0.262640,-1.132873,0.028606
10.728106,0.517867,-0.049069,2.426815,-0.026198,-0.999838,-1.033709,0.581127,-0.284373,-0.087496,0.646186,0.326547,-0.469143,-0.468492,0.316279,-2.674065,-0.596898,1.891447,-1.652381,-1.653361,2.893551,0.733360,-0.002728,0.080822,0.349498,-0.003936,-0.263404,-1.124870,0.026658
10.729040,0.520918,-0.049718,2.425016,-0.027537,-0.996050,-1.038686,0.582281,-0.272469,-0.090658,0.648501,0.337347,-0.467787,-0.469005,0.317143,-2.674070,-0.596815,1.891790,-1.652385,-1.653621,2.892439,0.733388,-0.003796,0.081777,0.347950,-0.003641,-0.262506,-1.125463,0.027307
10.729957,0.523523,-0.051673,2.424007,-0.028544,-0.997873,-1.035199,0.581793,-0.258758,-0.091144,0.651531,0.349657,-0.466683,-0.468454,0.317942,-2.674076,-0.596730,1.892142,-1.652387,-1.653894,2.891317,0.733408,-0.004466,0.081804,0.348991,-0.003123,-0.266547,-1.121077,0.025181
10.731084,0.525650,-0.054638,2.423424,-0.032109,-0.997722,-1.043389,0.581898,-0.241910,-0.092311,0.657922,0.362183,-0.465864,-0.466859,0.318660,-2.674082,-0.596645,1.892486,-1.652389,-1.654154,2.890176,0.733438,-0.004926,0.082486,0.349617,-0.002932,-0.264953,-1.125045,0.026357
10.732023,0.528282,-0.056060,2.428745,-0.032942,-0.999203,-1.045558,0.582619,-0.224070,-0.095569,0.667400,0.372774,-0.465458,-0.464453,0.319303,-2.674086,-0.596559,1.892842,-1.652385,-1.654423,2.889070,0.733466,-0.004999,0.083820,0.350888,-0.000511,-0.265979,-1.119024,0.026376
10.732993,0.535877,-0.055633,2.434721,-0.034792,-0.999965,-1.049463,0.582209,-0.205984,-0.103438,0.681131,0.379177,-0.465494,-0.461307,0.319876,-2.674093,-0.596476,1.893188,-1.652385,-1.654682,2.887948,0.733488,-0.005444,0.084260,0.348392,-0.000579,-0.264849,-1.117587,0.025124
10.734046,0.538079,-0.054387,2.433886,-0.035024,-1.001836,-1.048395,0.582243,-0.181653,-0.119040,0.704330,0.382138,-0.465628,-0.457009,0.320379,-2.674107,-0.596393,1.893528,-1.652382,-1.654942,2.886824,0.733517,-0.008289,0.083801,0.345834,0.000307,-0.264540,-1.114588,0.026155
10.735022,0.536215,-0.060882,2.431059,-0.036593,-1.004971,-1.044186,0.581764,-0.145555,-0.142119,0.739956,0.384267,-0.465469,-0.451314,0.320823,-2.674116,-0.596313,1.893879,-1.652384,-1.655204,2.885713,0.733544,-0.008382,0.083045,0.346965,-0.000428,-0.263350,-1.117363,0.026299
10.736042,0.535214,-0.059972,2.432359,-0.036581,-1.005326,-1.037642,0.581385,-0.102984,-0.168714,0.782764,0.385498,-0.465116,-0.444901,0.321239,-2.674119,-0.596224,1.894228,-1.652381,-1.655457,2.884573,0.733574,-0.006576,0.086018,0.348730,0.000171,-0.260741,-1.122462,0.027450
10.737059,0.533296,-0.058668,2.432789,-0.038610,-1.005700,-1.029401,0.581216,-0.062692,-0.195856,0.826190,0.383624,-0.464921,-0.438590,0.321658,-2.674120,-0.596140,1.894577,-1.652383,-1.655720,2.883439,0.733605,-0.005207,0.085320,0.348612,-0.000752,-0.260996,-1.130291,0.028400
10.737979,0.533310,-0.057225,2.431825,-0.039481,-1.004949,-1.031603,0.580595,-0.029325,-0.220682,0.866317,0.377948,-0.465061,-0.432649,0.322099,-2.674120,-0.596058,1.894929,-1.652381,-1.655986,2.882281,0.733634,-0.003404,0.084479,0.348893,0.000276,-0.261154,-1.139634,0.028935
10.738961,0.534943,-0.054828,2.435767,-0.041114,-1.004950,-1.031712,0.581429,-0.005688,-0.239952,0.899948,0.368818,-0.465627,-0.427116,0.322564,-2.674122,-0.595976,1.895275,-1.652381,-1.656249,2.881134,0.733668,-0.002623,0.083496,0.349494,0.000281,-0.262183,-1.137705,0.030336
10.740062,0.532765,-0.057872,2.438181,-0.041944,-1.004374,-1.035730,0.580607,0.008554,-0.252616,0.926365,0.357222,-0.466634,-0.421897,0.323024,-2.674125,-0.595898,1.895619,-1.652379,-1.656516,2.880003,0.733693,-0.002592,0.082123,0.347938,0.000951,-0.262594,-1.138599,0.028845
10.740993,0.535921,-0.058047,2.439848,-0.043402,-1.005441,-1.031282,0.581123,0.016391,-0.260688,0.947831,0.343912,-0.468056,-0.416804,0.323447,-2.674121,-0.595812,1.895965,-1.652377,-1.656783,2.878866,0.733730,-0.000604,0.083501,0.347705,0.000696,-0.263973,-1.136422,0.030718
10.741997,0.536508,-0.058611,2.438675,-0.042257,-1.003402,-1.031457,0.580491,0.020773,-0.267684,0.967394,0.328757,-0.469891,-0.411733,0.323820,-2.674123,-0.595730,1.896312,-1.652375,-1.657048,2.877726,0.733758,-0.001409,0.083316,0.347031,0.001246,-0.263155,-1.141457,0.029838
10.743080,0.536687,-0.057273,2.440199,-0.044756,-1.001846,-1.030243,0.580955,0.025250,-0.275012,0.987212,0.313205,-0.471990,-0.406630,0.324125,-2.674123,-0.595647,1.896664,-1.652379,-1.657320,2.876574,0.733791,-0.000850,0.083387,0.348067,-0.000782,-0.265668,-1.142261,0.031304
10.744068,0.538376,-0.060173,2.438957,-0.045437,-0.999282,-1.036477,0.580686,0.030301,-0.281201,1.006263,0.298889,-0.474177,-0.401682,0.324342,-2.674121,-0.595565,1.897007,-1.652376,-1.657591,2.875417,0.733821,-0.000051,0.082581,0.348220,0.000677,-0.267913,-1.145111,0.030575
10.745065,0.538888,-0.063323,2.441251,-0.045257,-1.001763,-1.038971,0.580775,0.033737,-0.285655,1.022621,0.285311,-0.476373,-0.397243,0.324472,-2.674121,-0.595481,1.897357,-1.652375,-1.657870,2.874291,0.733853,-0.000079,0.083815,0.349229,0.000374,-0.270804,-1.139840,0.031305
10.746035,0.539385,-0.062160,2.441374,-0.045669,-1.002564,-1.044439,0.580279,0.035948,-0.290488,1.037051,0.271939,-0.478427,-0.393537,0.324538,-2.674120,-0.595393,1.897707,-1.652378,-1.658133,2.873150,0.733883,0.000485,0.085114,0.348495,-0.000670,-0.268783,-1.138417,0.031308
10.747041,0.538205,-0.069663,2.445610,-0.047565,-1.001618,-1.038834,0.580882,0.038115,-0.296962,1.050446,0.259244,-0.480153,-0.390774,0.324565,-2.674118,-0.595310,1.898054,-1.652380,-1.658406,2.872029,0.733919,0.001023,0.084269,0.348783,-0.001124,-0.268315,-1.133851,0.032473
10.747964,0.537530,-0.070247,2.441012,-0.043320,-1.001659,-1.034728,0.581091,0.040648,-0.306646,1.063940,0.246376,-0.481498,-0.389037,0.324577,-2.674113,-0.595215,1.898399,-1.652380,-1.658682,2.870870,0.733949,0.002401,0.087717,0.347179,-0.000159,-0.269686,-1.140565,0.031439
10.749102,0.537609,-0.075097,2.437303,-0.044156,-1.000925,-1.035712,0.580165,0.044344,-0.321065,1.078781,0.233051,-0.482429,-0.388214,0.324600,-2.674107,-0.595127,1.898749,-1.652397,-1.658960,2.869704,0.733981,0.003442,0.087637,0.349604,-0.004911,-0.269753,-1.144944,0.031185
10.750009,0.539597,-0.071831,2.437377,-0.044455,-1.003460,-1.037821,0.579705,0.047168,-0.336729,1.091486,0.221519,-0.482957,-0.388426,0.324660,-2.674102,-0.595034,1.899109,-1.652403,-1.659234,2.868569,0.734020,0.004287,0.089859,0.352429,-0.004944,-0.271337,-1.146103,0.033260
10.750979,0.540004,-0.065574,2.438532,-0.046997,-1.003465,-1.041126,0.580007,0.045942,-0.349783,1.098008,0.212820,-0.483244,-0.389779,0.324779,-2.674098,-0.594948,1.899463,-1.652409,-1.659500,2.867422,0.734057,0.003995,0.087867,0.352332,-0.005358,-0.268953,-1.144248,0.034308
10.752113,0.545454,-0.067764,2.445999,-0.044048,-1.000422,-1.038648,0.579486,0.039614,-0.357490,1.096891,0.206873,-0.483450,-0.392130,0.324952,-2.674092,-0.594867,1.899813,-1.652409,-1.659766,2.866279,0.734091,0.004538,0.084509,0.352057,-0.003697,-0.269368,-1.141746,0.033855
10.753094,0.544134,-0.075414,2.438901,-0.044931,-0.999086,-1.035555,0.580005,0.032972,-0.359640,1.091362,0.205281,-0.483455,-0.395007,0.325157,-2.674093,-0.594778,1.900161,-1.652426,-1.660046,2.865133,0.734127,0.002756,0.085468,0.349387,-0.007371,-0.273213,-1.146381,0.035122
10.753996,0.545470,-0.077618,2.436758,-0.045090,-0.995734,-1.031397,0.579151,0.033063,-0.361169,1.087962,0.209087,-0.483055,-0.397887,0.325386,-2.674086,-0.594682,1.900519,-1.652431,-1.660321,2.863972,0.734159,0.004175,0.088930,0.353258,-0.007237,-0.274860,-1.150246,0.034238
10.755151,0.546402,-0.079370,2.437971,-0.045952,-0.996120,-1.034338,0.579689,0.037870,-0.365251,1.087049,0.215962,-0.482400,-0.400928,0.325648,-2.674081,-0.594591,1.900880,-1.652440,-1.660608,2.862822,0.734198,0.004194,0.089623,0.354161,-0.007730,-0.278201,-1.154638,0.036098
10.756072,0.550373,-0.080725,2.436492,-0.047891,-0.993964,-1.031336,0.579613,0.043081,-0.371801,1.086330,0.223619,-0.481633,-0.404376,0.325949,-2.674076,-0.594500,1.901240,-1.652448,-1.660890,2.861666,0.734233,0.004632,0.090311,0.354594,-0.007757,-0.278595,-1.153831,0.035217
10.757033,0.553427,-0.079621,2.429089,-0.046808,-0.997632,-1.032317,0.579327,0.048656,-0.380899,1.086166,0.231356,-0.480685,-0.408141,0.326287,-2.674076,-0.594409,1.901594,-1.652450,-1.661169,2.860498,0.734271,0.003400,0.090614,0.355362,-0.006614,-0.280874,-1.157140,0.035514
10.757988,0.551310,-0.087336,2.421608,-0.048798,-0.995029,-1.021830,0.578790,0.054062,-0.390338,1.085214,0.239749,-0.479498,-0.412294,0.326667,-2.674073,-0.594320,1.901960,-1.652460,-1.661447,2.859348,0.734312,0.002654,0.089728,0.359163,-0.008383,-0.277395,-1.156818,0.036228
10.758969,0.552880,-0.087842,2.422171,-0.047580,-0.995353,-1.021255,0.578737,0.054888,-0.396487,1.078979,0.248816,-0.478220,-0.417210,0.327092,-2.674065,-0.594222,1.902333,-1.652465,-1.661732,2.858155,0.734355,0.004438,0.093207,0.362859,-0.007157,-0.280211,-1.167800,0.037431
10.760094,0.558575,-0.086137,2.421542,-0.049347,-0.996021,-1.022902,0.579435,0.047800,-0.399547,1.065837,0.256820,-0.477071,-0.422880,0.327543,-2.674062,-0.594130,1.902696,-1.652479,-1.662015,2.856990,0.734393,0.004456,0.093120,0.362995,-0.009029,-0.280281,-1.169436,0.037699
10.761046,0.558440,-0.081760,2.424241,-0.050956,-0.994170,-1.032413,0.578457,0.036198,-0.400533,1.048523,0.264616,-0.475991,-0.428623,0.327977,-2.674061,-0.594038,1.903066,-1.652485,-1.662299,2.855818,0.734428,0.002601,0.092113,0.364519,-0.008233,-0.280596,-1.170301,0.036520
10.761979,0.566725,-0.076635,2.424147,-0.053027,-0.994167,-1.035744,0.578717,0.022951,-0.398017,1.028337,0.273828,-0.474933,-0.433844,0.328359,-2.674055,-0.593950,1.903427,-1.652493,-1.662584,2.854656,0.734473,0.003476,0.089661,0.363596,-0.007393,-0.282850,-1.161821,0.038650
10.763077,0.569433,-0.078191,2.420338,-0.053770,-0.990196,-1.042988,0.577610,0.008926,-0.390287,1.005446,0.284945,-0.473998,-0.438225,0.328677,-2.674059,-0.593870,1.903793,-1.652496,-1.662870,2.853509,0.734507,0.000191,0.086923,0.363955,-0.006204,-0.283143,-1.159601,0.038279
10.764045,0.572187,-0.078389,2.417228,-0.055423,-0.984815,-1.041097,0.579087,-0.003890,-0.376890,0.980906,0.298738,-0.473301,-0.441626,0.328914,-2.674060,-0.593781,1.904172,-1.652504,-1.663167,2.852352,0.734552,-0.000133,0.087598,0.366849,-0.006396,-0.287918,-1.154721,0.040709
10.764982,0.573652,-0.080990,2.421631,-0.055915,-0.979448,-1.044389,0.578799,-0.016389,-0.358524,0.954507,0.314507,-0.473046,-0.444270,0.329063,-2.674061,-0.593693,1.904544,-1.652509,-1.663473,2.851175,0.734582,-0.000618,0.087448,0.368793,-0.005604,-0.293540,-1.157865,0.037907
10.766032,0.580062,-0.082244,2.417314,-0.057995,-0.976161,-1.045389,0.579453,-0.028386,-0.338310,0.928265,0.330474,-0.473307,-0.446178,0.329132,-2.674061,-0.593603,1.904911,-1.652515,-1.663786,2.850024,0.734621,-0.000500,0.088474,0.366849,-0.005925,-0.298947,-1.155570,0.038670
10.767009,0.584131,-0.080906,2.414772,-0.063138,-0.974851,-1.049679,0.579656,-0.036237,-0.320662,0.906824,0.345548,-0.473931,-0.447030,0.329151,-2.674068,-0.593514,1.905282,-1.652519,-1.664096,2.848863,0.734657,-0.002693,0.088909,0.369876,-0.004803,-0.302683,-1.156562,0.037554
10.767994,0.581309,-0.079124,2.416046,-0.063340,-0.974351,-1.047317,0.578592,-0.040309,-0.306613,0.890653,0.358071,-0.474868,-0.446882,0.329160,-2.674074,-0.593428,1.905658,-1.652513,-1.664403,2.847724,0.734694,-0.003768,0.088024,0.371522,-0.000766,-0.304221,-1.153706,0.037334
10.769146,0.583853,-0.079463,2.415139,-0.063536,-0.973670,-1.045120,0.578049,-0.045742,-0.293946,0.876128,0.365717,-0.476184,-0.446240,0.329213,-2.674072,-0.593342,1.906034,-1.652518,-1.664711,2.846559,0.734738,-0.001454,0.086931,0.371301,-0.001492,-0.304980,-1.157514,0.039640
10.770049,0.583207,-0.079226,2.413732,-0.064115,-0.972451,-1.039762,0.578093,-0.055758,-0.279931,0.860344,0.368649,-0.477757,-0.445587,0.329362,-2.674076,-0.593254,1.906414,-1.652522,-1.665020,2.845382,0.734782,-0.001666,0.087039,0.373002,-0.002391,-0.306488,-1.162454,0.040926
10.771010,0.584089,-0.081759,2.407073,-0.066046,-0.969706,-1.036816,0.577447,-0.069784,-0.263153,0.842831,0.368731,-0.479336,-0.445091,0.329610,-2.674074,-0.593170,1.906784,-1.652523,-1.665332,2.844215,0.734820,-0.000526,0.086666,0.373783,-0.002684,-0.307652,-1.168502,0.040974
10.772083,0.585713,-0.081073,2.410247,-0.067868,-0.971458,-1.036806,0.576350,-0.088554,-0.243397,0.822909,0.366079,-0.480873,-0.444841,0.329927,-2.674075,-0.593080,1.907161,-1.652524,-1.665646,2.843033,0.734864,-0.000103,0.087684,0.377449,-0.001703,-0.310546,-1.172503,0.042426
10.772976,0.584538,-0.079359,2.409732,-0.068704,-0.970479,-1.036785,0.576977,-0.112971,-0.221704,0.800427,0.359682,-0.482457,-0.444789,0.330287,-2.674075,-0.592995,1.907539,-1.652524,-1.665952,2.841870,0.734913,0.000050,0.087211,0.376664,-0.000970,-0.309335,-1.174631,0.044790
10.774046,0.587133,-0.076462,2.413768,-0.068524,-0.970852,-1.042739,0.576482,-0.141227,-0.199484,0.777085,0.349584,-0.484115,-0.444646,0.330657,-2.674070,-0.592912,1.907919,-1.652526,-1.666269,2.840693,0.734956,0.001409,0.086103,0.376857,-0.001005,-0.310197,-1.175167,0.043629
10.774991,0.588064,-0.079361,2.413792,-0.070506,-0.970458,-1.041580,0.576051,-0.170798,-0.176321,0.753989,0.337746,-0.485828,-0.444230,0.330981,-2.674070,-0.592831,1.908290,-1.652532,-1.666577,2.839522,0.735005,0.001060,0.084583,0.375752,-0.002149,-0.310368,-1.171241,0.044802
10.775987,0.593331,-0.084180,2.411131,-0.071435,-0.968117,-1.043143,0.575936,-0.198389,-0.153048,0.733120,0.325936,-0.487607,-0.443439,0.331212,-2.674068,-0.592743,1.908666,-1.652532,-1.666891,2.838354,0.735053,0.001431,0.085811,0.375979,-0.001106,-0.310835,-1.173486,0.045786
10.777012,0.591180,-0.084378,2.417282,-0.072188,-0.968301,-1.044663,0.575434,-0.220579,-0.133760,0.718020,0.313834,-0.489500,-0.442156,0.331335,-2.674072,-0.592652,1.909052,-1.652534,-1.667204,2.837175,0.735098,-0.000279,0.087976,0.377696,-0.001151,-0.313452,-1.173291,0.046161
10.777999,0.594101,-0.083680,2.416378,-0.073651,-0.966514,-1.052978,0.575047,-0.235370,-0.121812,0.711044,0.300942,-0.491457,-0.440371,0.331369,-2.674066,-0.592565,1.909421,-1.652535,-1.667519,2.835994,0.735149,0.001695,0.087878,0.375296,-0.001400,-0.313575,-1.173402,0.047314
10.779036,0.595809,-0.084542,2.418415,-0.074936,-0.967893,-1.054523,0.574325,-0.243951,-0.116635,0.711027,0.287439,-0.493353,-0.438369,0.331359,-2.674066,-0.592480,1.909802,-1.652535,-1.667840,2.834848,0.735199,0.001102,0.087337,0.376167,-0.000934,-0.315523,-1.166530,0.048214
10.780042,0.598421,-0.082817,2.416051,-0.073758,-0.966477,-1.055272,0.574173,-0.248847,-0.115774,0.715030,0.273757,-0.495063,-0.436633,0.331352,-2.674065,-0.592391,1.910172,-1.652535,-1.668151,2.833679,0.735252,0.001171,0.087586,0.375907,-0.000706,-0.314530,-1.166855,0.049800
10.781055,0.593473,-0.089735,2.409601,-0.074305,-0.966095,-1.052120,0.574159,-0.250972,-0.116488,0.720684,0.261456,-0.496389,-0.435546,0.331385,-2.674065,-0.592307,1.910552,-1.652543,-1.668469,2.832514,0.735303,0.000769,0.086555,0.377597,-0.002744,-0.316208,-1.167670,0.050224
10.782017,0.591865,-0.088095,2.411044,-0.072938,-0.969059,-1.056389,0.572777,-0.254659,-0.115507,0.723382,0.251223,-0.497293,-0.435646,0.331491,-2.674055,-0.592211,1.910942,-1.652546,-1.668790,2.831327,0.735353,0.004084,0.089758,0.381240,-0.003152,-0.316808,-1.172348,0.050385
10.783018,0.591246,-0.087076,2.410288,-0.074113,-0.972579,-1.056098,0.571545,-0.267108,-0.110861,0.717734,0.241626,-0.497957,-0.437501,0.331707,-2.674047,-0.592123,1.911319,-1.652555,-1.669100,2.830147,0.735410,0.005642,0.088651,0.380785,-0.005297,-0.313974,-1.169096,0.053273
10.784020,0.596727,-0.085748,2.406780,-0.076718,-0.975636,-1.065170,0.571279,-0.290435,-0.101593,0.702080,0.232380,-0.498469,-0.441100,0.332044,-2.674040,-0.592036,1.911703,-1.652560,-1.669406,2.828979,0.735470,0.006763,0.087950,0.381601,-0.004984,-0.310796,-1.170941,0.055824
10.784960,0.599855,-0.084273,2.405338,-0.076555,-0.975761,-1.063974,0.571101,-0.322691,-0.087554,0.677506,0.223800,-0.498891,-0.446064,0.332461,-2.674038,-0.591949,1.912086,-1.652563,-1.669706,2.827818,0.735525,0.004883,0.087089,0.383798,-0.003316,-0.308144,-1.163328,0.056454
10.786026,0.601133,-0.085036,2.402084,-0.076380,-0.971467,-1.063812,0.571514,-0.359838,-0.069607,0.646584,0.216617,-0.499278,-0.451976,0.332880,-2.674035,-0.591863,1.912474,-1.652570,-1.670021,2.826657,0.735582,0.004143,0.086120,0.384566,-0.004302,-0.308091,-1.165646,0.056894
10.787010,0.601905,-0.092235,2.403715,-0.076001,-0.971477,-1.061381,0.570743,-0.397237,-0.048335,0.612096,0.212837,-0.499571,-0.458484,0.333233,-2.674030,-0.591774,1.912869,-1.652578,-1.670341,2.825469,0.735637,0.004412,0.086341,0.386824,-0.005360,-0.312845,-1.167736,0.056193
10.788036,0.605834,-0.088592,2.401577,-0.076714,-0.968039,-1.064683,0.571991,-0.431432,-0.026942,0.577648,0.212809,-0.499719,-0.465254,0.333491,-2.674025,-0.591676,1.913254,-1.652587,-1.670654,2.824278,0.735700,0.004852,0.089633,0.386300,-0.006535,-0.313005,-1.171401,0.057836
10.789065,0.611480,-0.091055,2.398631,-0.079387,-0.969238,-1.065019,0.571523,-0.459243,-0.009515,0.547233,0.215879,-0.499631,-0.471921,0.333649,-2.674024,-0.591594,1.913647,-1.652594,-1.670975,2.823113,0.735751,0.003799,0.087646,0.387824,-0.006680,-0.316751,-1.169780,0.055435
10.790021,0.612753,-0.092688,2.400155,-0.081275,-0.971312,-1.062896,0.571327,-0.479664,0.003858,0.521628,0.221844,-0.499191,-0.478332,0.333731,-2.674027,-0.591502,1.914045,-1.652597,-1.671290,2.821936,0.735810,0.001925,0.088671,0.389694,-0.004954,-0.315861,-1.171161,0.056516
10.791003,0.615612,-0.094251,2.399668,-0.079882,-0.975622,-1.057533,0.570924,-0.492846,0.012175,0.501616,0.228869,-0.498375,-0.484389,0.333796,-2.674025,-0.591412,1.914433,-1.652600,-1.671599,2.820763,0.735868,0.002155,0.089213,0.389050,-0.003988,-0.313922,-1.174386,0.056989
10.792084,0.617605,-0.092670,2.395295,-0.082204,-0.977673,-1.052130,0.569994,-0.497799,0.013372,0.489267,0.235640,-0.497129,-0.489909,0.333898,-2.674024,-0.591322,1.914829,-1.652609,-1.671905,2.819569,0.735930,0.001591,0.089736,0.389477,-0.006180,-0.309869,-1.180967,0.057880
10.793065,0.622240,-0.096551,2.390694,-0.081028,-0.980645,-1.048668,0.569301,-0.495697,0.009747,0.483039,0.242914,-0.495414,-0.494906,0.334079,-2.674023,-0.591233,1.915223,-1.652612,-1.672207,2.818359,0.735992,0.001564,0.088784,0.392384,-0.004866,-0.308500,-1.188301,0.059860
10.793984,0.622473,-0.094210,2.390522,-0.082747,-0.983928,-1.051010,0.568770,-0.490002,0.005075,0.479116,0.251233,-0.493319,-0.499474,0.334366,-2.674026,-0.591139,1.915628,-1.652624,-1.672510,2.817175,0.736057,0.000157,0.090453,0.394745,-0.006777,-0.305815,-1.192977,0.061311
10.795092,0.632824,-0.088046,2.394536,-0.082587,-0.989827,-1.055408,0.568063,-0.482619,0.000901,0.475677,0.260753,-0.490958,-0.503489,0.334748,-2.674024,-0.591052,1.916032,-1.652627,-1.672803,2.815987,0.736121,0.000871,0.088984,0.394581,-0.005887,-0.302721,-1.191256,0.062420
10.796007,0.637816,-0.086836,2.387778,-0.084937,-0.991410,-1.058153,0.567079,-0.471589,-0.001673,0.473628,0.272783,-0.488358,-0.506517,0.335181,-2.674035,-0.590972,1.916423,-1.652636,-1.673095,2.814818,0.736187,-0.003221,0.085856,0.393425,-0.006985,-0.297649,-1.189257,0.063942
10.796973,0.643590,-0.089742,2.394055,-0.084198,-0.994807,-1.059860,0.567325,-0.453358,-0.000875,0.474398,0.289397,-0.485540,-0.508124,0.335605,-2.674042,-0.590886,1.916830,-1.652640,-1.673392,2.813637,0.736255,-0.004781,0.085024,0.396555,-0.005451,-0.296238,-1.187199,0.065949
10.798031,0.647111,-0.095470,2.392734,-0.085825,-0.993705,-1.063017,0.566166,-0.425810,0.001693,0.480167,0.310333,-0.482657,-0.508076,0.335975,-2.674053,-0.590796,1.917219,-1.652649,-1.673677,2.812448,0.736320,-0.006666,0.086236,0.393546,-0.006976,-0.293254,-1.186582,0.065496
10.798992,0.649606,-0.098346,2.396649,-0.086677,-0.997375,-1.069538,0.566704,-0.386226,-0.000385,0.496001,0.333248,-0.479855,-0.506092,0.336266,-2.674061,-0.590703,1.917621,-1.652656,-1.673974,2.811277,0.736394,-0.007358,0.088895,0.394730,-0.006233,-0.295023,-1.185388,0.067900
10.800013,0.659238,-0.095940,2.400402,-0.089255,-0.999131,-1.072515,0.564549,-0.335116,-0.012225,0.524498,0.355051,-0.477291,-0.502199,0.336474,-2.674068,-0.590611,1.918017,-1.652662,-1.674263,2.810105,0.736459,-0.007652,0.090021,0.392822,-0.006224,-0.291685,-1.179965,0.066850
10.801125,0.659439,-0.091732,2.403641,-0.090110,-1.000576,-1.075275,0.565111,-0.273452,-0.034791,0.565973,0.374224,-0.474969,-0.496539,0.336604,-2.674085,-0.590526,1.918403,-1.652664,-1.674547,2.808922,0.736539,-0.011372,0.088630,0.391439,-0.004630,-0.290577,-1.178605,0.071233
10.802115,0.656968,-0.094821,2.402117,-0.093110,-1.002353,-1.073730,0.564579,-0.201751,-0.064584,0.618826,0.391660,-0.472702,-0.489302,0.336673,-2.674093,-0.590443,1.918797,-1.652669,-1.674832,2.807752,0.736606,-0.010325,0.086465,0.390677,-0.004792,-0.290059,-1.178287,0.070159
10.803028,0.658218,-0.091988,2.403971,-0.094349,-1.004550,-1.070554,0.563555,-0.129085,-0.095692,0.675395,0.405953,-0.470585,-0.481402,0.336708,-2.674097,-0.590353,1.919191,-1.652668,-1.675117,2.806562,0.736681,-0.008137,0.087806,0.391707,-0.002803,-0.288795,-1.181142,0.071274
10.804084,0.654904,-0.093975,2.399667,-0.093333,-1.007188,-1.064015,0.563730,-0.065346,-0.124929,0.728818,0.413957,-0.468850,-0.473768,0.336750,-2.674106,-0.590271,1.919581,-1.652671,-1.675399,2.805382,0.736761,-0.007850,0.086151,0.390657,-0.002438,-0.286861,-1.185006,0.073320
10.805058,0.653237,-0.095298,2.400695,-0.093282,-1.007884,-1.064955,0.561097,-0.014446,-0.149694,0.775450,0.415671,-0.467516,-0.466833,0.336830,-2.674107,-0.590180,1.919981,-1.652679,-1.675679,2.804171,0.736832,-0.005196,0.086974,0.393352,-0.004362,-0.285020,-1.193305,0.073014
10.805985,0.655958,-0.088457,2.403283,-0.095453,-1.012012,-1.064057,0.561715,0.021131,-0.167341,0.811929,0.412774,-0.466565,-0.460889,0.336970,-2.674107,-0.590089,1.920369,-1.652687,-1.675961,2.802965,0.736923,-0.003496,0.087359,0.393042,-0.005209,-0.284831,-1.193327,0.078298
10.807047,0.657752,-0.086233,2.406159,-0.096610,-1.014390,-1.069246,0.560228,0.042752,-0.177504,0.838453,0.406698,-0.465972,-0.455769,0.337163,-2.674114,-0.590013,1.920760,-1.652687,-1.676236,2.801775,0.736998,-0.003958,0.083764,0.391702,-0.003955,-0.281057,-1.194973,0.077007
10.808045,0.653788,-0.090265,2.409963,-0.097343,-1.014745,-1.066096,0.560653,0.055688,-0.180583,0.858156,0.399188,-0.465687,-0.450964,0.337365,-2.674119,-0.589932,1.921152,-1.652690,-1.676510,2.800581,0.737084,-0.003830,0.082602,0.390895,-0.003804,-0.279573,-1.191593,0.080035
10.809091,0.659810,-0.089714,2.407081,-0.097760,-1.013657,-1.066019,0.559589,0.063393,-0.179413,0.874239,0.390273,-0.465792,-0.446234,0.337543,-2.674114,-0.589844,1.921533,-1.652693,-1.676791,2.799387,0.737163,-0.000971,0.084437,0.389420,-0.004019,-0.279808,-1.196140,0.079159
10.810077,0.656908,-0.090761,2.414823,-0.097583,-1.013103,-1.066857,0.559572,0.068354,-0.178006,0.889617,0.379549,-0.466337,-0.441525,0.337679,-2.674120,-0.589759,1.921928,-1.652698,-1.677076,2.798175,0.737249,-0.003012,0.084012,0.391411,-0.004557,-0.281618,-1.197814,0.081325
10.810991,0.657388,-0.095827,2.417624,-0.099609,-1.011500,-1.072261,0.559229,0.074459,-0.178235,0.906809,0.368566,-0.467138,-0.436719,0.337739,-2.674116,-0.589673,1.922305,-1.652704,-1.677361,2.796965,0.737327,-0.000683,0.084343,0.387914,-0.005585,-0.282671,-1.198083,0.081354
10.812019,0.659336,-0.095525,2.421576,-0.102303,-1.011036,-1.074543,0.558839,0.084469,-0.183571,0.928874,0.357130,-0.467989,-0.431695,0.337705,-2.674114,-0.589583,1.922688,-1.652707,-1.677648,2.795786,0.737410,-0.000132,0.086589,0.386523,-0.004410,-0.284513,-1.193323,0.082018
10.813089,0.661194,-0.096621,2.421234,-0.101789,-1.011680,-1.077156,0.558804,0.098985,-0.198174,0.958160,0.343010,-0.468780,-0.426499,0.337591,-2.674114,-0.589500,1.923074,-1.652705,-1.677937,2.794591,0.737495,-0.000181,0.086284,0.385078,-0.002787,-0.285568,-1.192648,0.082804
10.814075,0.656039,-0.099015,2.418858,-0.102684,-1.010695,-1.071786,0.556958,0.117437,-0.221178,0.993472,0.326450,-0.469365,-0.421458,0.337436,-2.674113,-0.589413,1.923456,-1.652714,-1.678219,2.793386,0.737581,-0.000160,0.086696,0.386064,-0.004219,-0.285727,-1.191899,0.082882
10.815010,0.655356,-0.101895,2.421245,-0.099599,-1.010679,-1.071753,0.556733,0.135136,-0.247704,1.029044,0.308830,-0.469699,-0.417285,0.337285,-2.674102,-0.589325,1.923849,-1.652715,-1.678508,2.792179,0.737673,0.003216,0.087681,0.387486,-0.004286,-0.287188,-1.198489,0.086569
10.816080,0.655706,-0.095893,2.425034,-0.100255,-1.012893,-1.074832,0.557011,0.147062,-0.274102,1.059648,0.291064,-0.469811,-0.414519,0.337175,-2.674097,-0.589233,1.924229,-1.652728,-1.678794,2.790973,0.737762,0.004315,0.088812,0.386404,-0.008033,-0.287510,-1.199168,0.086942
10.817060,0.657711,-0.092362,2.423097,-0.101568,-1.017225,-1.079583,0.556528,0.154254,-0.298151,1.084399,0.275837,-0.469562,-0.413075,0.337090,-2.674090,-0.589153,1.924617,-1.652737,-1.679077,2.789785,0.737849,0.005018,0.085717,0.385230,-0.008230,-0.286079,-1.198044,0.086387
10.818004,0.661834,-0.089535,2.422957,-0.101693,-1.017149,-1.078797,0.556484,0.157332,-0.316116,1.101671,0.265334,-0.468910,-0.412866,0.337012,-2.674084,-0.589073,1.925006,-1.652743,-1.679354,2.788589,0.737937,0.004822,0.083832,0.386460,-0.007747,-0.282279,-1.194414,0.087344
10.819031,0.662234,-0.097254,2.423392,-0.104283,-1.016938,-1.077451,0.555027,0.155963,-0.325383,1.109888,0.260152,-0.467969,-0.413914,0.336936,-2.674081,-0.588993,1.925393,-1.652755,-1.679639,2.787378,0.738024,0.003573,0.082252,0.386615,-0.008321,-0.282760,-1.196008,0.087390
10.820074,0.661612,-0.099376,2.422091,-0.102127,-1.016450,-1.073236,0.555496,0.153309,-0.329888,1.112808,0.259019,-0.466865,-0.415909,0.336866,-2.674074,-0.588900,1.925781,-1.652758,-1.679921,2.786174,0.738123,0.004225,0.085927,0.386912,-0.006686,-0.283645,-1.198879,0.090279
10.821019,0.665106,-0.099923,2.415282,-0.103560,-1.015881,-1.074440,0.554554,0.151278,-0.336211,1.114907,0.259070,-0.465773,-0.418542,0.336803,-2.674065,-0.588811,1.926174,-1.652773,-1.680202,2.784950,0.738210,0.005384,0.086766,0.388085,-0.009580,-0.284863,-1.204640,0.089304
10.822115,0.669218,-0.099277,2.414115,-0.105585,-1.015699,-1.075526,0.554727,0.148189,-0.344477,1.115115,0.260074,-0.464792,-0.421902,0.336737,-2.674062,-0.588724,1.926568,-1.652780,-1.680493,2.783750,0.738303,0.004435,0.086789,0.391527,-0.008908,-0.285732,-1.204208,0.091156
10.823030,0.670717,-0.100813,2.411132,-0.104637,-1.017807,-1.073090,0.554254,0.142046,-0.351572,1.110575,0.262731,-0.463927,-0.426112,0.336674,-2.674060,-0.588639,1.926965,-1.652787,-1.680782,2.782534,0.738392,0.003337,0.086367,0.392830,-0.007824,-0.286747,-1.205152,0.090799
10.823999,0.666773,-0.104522,2.407236,-0.105353,-1.017479,-1.068809,0.554758,0.133371,-0.356818,1.101352,0.267057,-0.463109,-0.431033,0.336627,-2.674057,-0.588552,1.927356,-1.652799,-1.681062,2.781304,0.738485,0.003397,0.086873,0.394226,-0.009441,-0.284914,-1.208015,0.091693
10.825012,0.667779,-0.105698,2.409396,-0.104850,-1.019405,-1.065560,0.553612,0.120970,-0.360353,1.087092,0.272370,-0.462349,-0.436640,0.336606,-2.674046,-0.588460,1.927756,-1.652809,-1.681352,2.780084,0.738572,0.006138,0.088462,0.396250,-0.009461,-0.285659,-1.213234,0.090640
10.826014,0.668609,-0.105439,2.401594,-0.106330,-1.016863,-1.065968,0.551938,0.102589,-0.363130,1.067484,0.276985,-0.461755,-0.442855,0.336631,-2.674040,-0.588371,1.928151,-1.652823,-1.681631,2.778848,0.738670,0.006459,0.088821,0.395481,-0.010655,-0.284365,-1.217669,0.092910
10.826986,0.672780,-0.104120,2.403896,-0.106928,-1.018985,-1.068502,0.552362,0.078295,-0.365134,1.042985,0.280604,-0.461344,-0.449351,0.336726,-2.674032,-0.588281,1.928556,-1.652833,-1.681927,2.777632,0.738772,0.006850,0.088451,0.399600,-0.009940,-0.287389,-1.218440,0.096195
10.828017,0.677144,-0.097078,2.406366,-0.108480,-1.019045,-1.070406,0.551245,0.049038,-0.364751,1.013540,0.284126,-0.461086,-0.455778,0.336883,-2.674031,-0.588197,1.928954,-1.652844,-1.682206,2.776410,0.738867,0.005609,0.087609,0.398500,-0.010067,-0.285737,-1.216817,0.095252
10.829000,0.681921,-0.098129,2.405205,-0.109144,-1.019364,-1.070897,0.551096,0.019784,-0.361506,0.982225,0.289258,-0.460853,-0.461498,0.337065,-2.674029,-0.588121,1.929347,-1.652853,-1.682492,2.775184,0.738969,0.004344,0.084014,0.397731,-0.009359,-0.286343,-1.216331,0.097451
10.830024,0.682474,-0.101727,2.402817,-0.109242,-1.017559,-1.072240,0.550424,-0.003575,-0.355724,0.953161,0.297619,-0.460568,-0.465884,0.337238,-2.674032,-0.588036,1.929748,-1.652860,-1.682778,2.773968,0.739069,0.002874,0.084396,0.398454,-0.009516,-0.286495,-1.216907,0.097657
10.831122,0.689210,-0.102348,2.405250,-0.110700,-1.012723,-1.074740,0.550267,-0.019849,-0.349200,0.928134,0.308596,-0.460383,-0.468798,0.337364,-2.674026,-0.587947,1.930151,-1.652873,-1.683073,2.772748,0.739169,0.003469,0.086006,0.399953,-0.010166,-0.288853,-1.216947,0.098958
10.832051,0.691610,-0.094663,2.404980,-0.113095,-1.011568,-1.077165,0.549879,-0.028788,-0.345175,0.909004,0.320629,-0.460437,-0.470216,0.337395,-2.674030,-0.587862,1.930548,-1.652885,-1.683378,2.771518,0.739270,0.001110,0.086211,0.399465,-0.009525,-0.294396,-1.216390,0.099223
10.833015,0.696397,-0.093853,2.408967,-0.115374,-1.013615,-1.078064,0.549027,-0.029741,-0.343805,0.896690,0.333227,-0.460721,-0.470083,0.337303,-2.674031,-0.587789,1.930951,-1.652891,-1.683678,2.770315,0.739370,0.000784,0.082237,0.399441,-0.007920,-0.295672,-1.214635,0.099913
10.834129,0.697901,-0.094875,2.404255,-0.117263,-1.014639,-1.080020,0.549387,-0.023732,-0.342838,0.890194,0.345869,-0.461211,-0.468503,0.337089,-2.674034,-0.587709,1.931343,-1.652894,-1.683965,2.769091,0.739474,-0.000707,0.081717,0.397560,-0.006539,-0.293994,-1.214597,0.101530
10.835056,0.697740,-0.091942,2.411202,-0.118133,-1.012395,-1.079186,0.548910,-0.013328,-0.342136,0.888304,0.356735,-0.461945,-0.465802,0.336777,-2.674034,-0.587626,1.931749,-1.652898,-1.684261,2.767887,0.739574,-0.000435,0.082185,0.400688,-0.005693,-0.293810,-1.214893,0.100760
10.835992,0.701044,-0.092828,2.401811,-0.117557,-1.011843,-1.072731,0.549074,-0.002126,-0.341890,0.889122,0.364170,-0.462927,-0.462492,0.336400,-2.674032,-0.587548,1.932141,-1.652906,-1.684564,2.766664,0.739681,0.000467,0.080543,0.397096,-0.005599,-0.296203,-1.216283,0.101612
10.836996,0.698364,-0.090104,2.403236,-0.120480,-1.011973,-1.069324,0.548975,0.008067,-0.340630,0.890881,0.368802,-0.463980,-0.458972,0.335985,-2.674034,-0.587467,1.932548,-1.652917,-1.684867,2.765418,0.739780,-0.000333,0.080826,0.401691,-0.006874,-0.296887,-1.223274,0.101187
10.838007,0.698176,-0.082384,2.404866,-0.121522,-1.015734,-1.070400,0.548071,0.014057,-0.335871,0.890320,0.371156,-0.465011,-0.455629,0.335555,-2.674028,-0.587392,1.932949,-1.652917,-1.685162,2.764188,0.739883,0.001873,0.079395,0.401153,-0.004932,-0.297211,-1.227813,0.101314
10.839154,0.698473,-0.080878,2.405274,-0.122544,-1.016002,-1.073674,0.548568,0.010611,-0.324837,0.883195,0.370240,-0.466099,-0.452793,0.335144,-2.674024,-0.587324,1.933348,-1.652922,-1.685446,2.762955,0.739988,0.002816,0.075554,0.400627,-0.004814,-0.294005,-1.227884,0.103058
10.839976,0.702315,-0.078352,2.402108,-0.124627,-1.016254,-1.071885,0.546674,-0.004114,-0.305465,0.867497,0.366518,-0.467276,-0.450587,0.334772,-2.674020,-0.587250,1.933749,-1.652926,-1.685744,2.761738,0.740091,0.003658,0.074908,0.401386,-0.004869,-0.294687,-1.227047,0.102004
10.841027,0.703573,-0.075536,2.406037,-0.125352,-1.018668,-1.071128,0.546600,-0.027959,-0.278625,0.844527,0.361143,-0.468543,-0.448964,0.334439,-2.674020,-0.587182,1.934156,-1.652926,-1.686043,2.760501,0.740204,0.002455,0.073522,0.402207,-0.003596,-0.294226,-1.228421,0.105661
10.842013,0.708693,-0.076214,2.398784,-0.126325,-1.020322,-1.071552,0.545511,-0.055662,-0.247748,0.818731,0.354872,-0.469867,-0.447601,0.334129,-2.674017,-0.587114,1.934550,-1.652930,-1.686331,2.759254,0.740310,0.002756,0.072189,0.400773,-0.003865,-0.292494,-1.230643,0.105701
10.843018,0.713328,-0.075485,2.400243,-0.126394,-1.018377,-1.076439,0.545530,-0.082823,-0.215406,0.793494,0.348788,-0.471218,-0.446271,0.333803,-2.674019,-0.587041,1.934963,-1.652934,-1.686623,2.758029,0.740424,0.001100,0.072499,0.404442,-0.003790,-0.291273,-1.231230,0.107773
10.844008,0.709350,-0.075755,2.395455,-0.129012,-1.021497,-1.080524,0.545327,-0.106526,-0.183255,0.770510,0.344346,-0.472545,-0.444954,0.333433,-2.674023,-0.586969,1.935370,-1.652941,-1.686920,2.756802,0.740533,-0.000269,0.072114,0.403834,-0.004600,-0.293697,-1.227485,0.107613
10.845047,0.713080,-0.077802,2.399962,-0.130700,-1.019603,-1.081729,0.544429,-0.128285,-0.152215,0.748857,0.341058,-0.473884,-0.443971,0.333029,-2.674014,-0.586897,1.935778,-1.652939,-1.687208,2.755573,0.740641,0.002558,0.072233,0.406330,-0.003008,-0.291013,-1.224441,0.107920
10.846049,0.711447,-0.077296,2.396072,-0.131937,-1.020744,-1.078844,0.544669,-0.152429,-0.124124,0.727011,0.335824,-0.475372,-0.443744,0.332634,-2.674014,-0.586824,1.936181,-1.652940,-1.687503,2.754348,0.740755,0.001590,0.073272,0.404408,-0.002351,-0.293530,-1.224754,0.109625
10.847079,0.712494,-0.079605,2.391920,-0.130269,-1.018360,-1.079588,0.543461,-0.178466,-0.101755,0.706762,0.327091,-0.476955,-0.444248,0.332284,-2.674008,-0.586752,1.936587,-1.652941,-1.687797,2.753106,0.740865,0.003265,0.072986,0.406563,-0.002126,-0.292828,-1.228743,0.109015
10.848013,0.714412,-0.079504,2.388854,-0.132012,-1.019266,-1.081609,0.543486,-0.206727,-0.083769,0.686942,0.316198,-0.478501,-0.445607,0.331988,-2.674001,-0.586677,1.937004,-1.652950,-1.688095,2.751881,0.740983,0.003581,0.074128,0.408806,-0.004644,-0.295761,-1.229368,0.111332
10.848980,0.714303,-0.078385,2.391725,-0.133647,-1.021433,-1.085045,0.541688,-0.238313,-0.067534,0.665025,0.305256,-0.479878,-0.448019,0.331745,-2.673998,-0.586604,1.937420,-1.652953,-1.688390,2.750646,0.741092,0.003422,0.073977,0.410024,-0.003739,-0.295042,-1.227852,0.111131
10.850071,0.715602,-0.077230,2.387194,-0.134259,-1.025813,-1.083948,0.541765,-0.271800,-0.053528,0.642000,0.294573,-0.480986,-0.451289,0.331555,-2.673991,-0.586532,1.937822,-1.652956,-1.688679,2.749410,0.741211,0.004283,0.073366,0.408588,-0.003027,-0.293263,-1.225213,0.114612
10.851061,0.722968,-0.077400,2.382970,-0.136005,-1.026470,-1.082060,0.540221,-0.307020,-0.041756,0.618219,0.283636,-0.481862,-0.455295,0.331432,-2.673988,-0.586461,1.938240,-1.652959,-1.688963,2.748184,0.741325,0.004571,0.072856,0.411360,-0.003466,-0.289726,-1.228287,0.114328
10.851961,0.719571,-0.083091,2.378977,-0.134388,-1.025452,-1.080518,0.539428,-0.342821,-0.030921,0.593584,0.273489,-0.482564,-0.459949,0.331377,-2.673991,-0.586387,1.938663,-1.652962,-1.689248,2.746935,0.741451,0.001796,0.072904,0.413357,-0.002653,-0.289620,-1.231089,0.117277
10.853141,0.723371,-0.082444,2.380527,-0.135138,-1.023117,-1.085205,0.539424,-0.376561,-0.021806,0.569649,0.265128,-0.483123,-0.465035,0.331377,-2.673982,-0.586307,1.939078,-1.652972,-1.689543,2.745702,0.741574,0.004250,0.075570,0.414887,-0.004966,-0.290755,-1.232878,0.118656
10.854058,0.721808,-0.081435,2.371600,-0.136465,-1.022593,-1.083776,0.538519,-0.407310,-0.016123,0.547549,0.258726,-0.483569,-0.470439,0.331393,-2.673980,-0.586231,1.939494,-1.652979,-1.689846,2.744460,0.741695,0.003361,0.075303,0.415026,-0.005230,-0.294087,-1.230722,0.118559
10.854960,0.727864,-0.083688,2.371130,-0.139164,-1.024511,-1.082555,0.538317,-0.437593,-0.012131,0.524941,0.254186,-0.483975,-0.476319,0.331401,-2.673973,-0.586157,1.939916,-1.652984,-1.690140,2.743212,0.741815,0.004906,0.074691,0.419069,-0.004700,-0.294759,-1.232498,0.120211
10.856020,0.728052,-0.083875,2.369368,-0.139509,-1.023335,-1.079312,0.537318,-0.469741,-0.008273,0.499921,0.250320,-0.484436,-0.482744,0.331417,-2.673974,-0.586078,1.940335,-1.652984,-1.690431,2.741976,0.741934,0.002673,0.075648,0.418766,-0.002906,-0.292968,-1.233967,0.120427
10.857047,0.724911,-0.085618,2.369254,-0.140564,-1.025058,-1.078763,0.538199,-0.500383,-0.007129,0.476068,0.246112,-0.484879,-0.489243,0.331465,-2.673969,-0.586001,1.940759,-1.652990,-1.690728,2.740716,0.742062,0.003500,0.075696,0.419898,-0.003528,-0.294812,-1.238694,0.122284
10.858002,0.725616,-0.087375,2.365337,-0.139737,-1.027291,-1.079632,0.536750,-0.528596,-0.009788,0.454855,0.241019,-0.485255,-0.495520,0.331557,-2.673957,-0.585921,1.941177,-1.652994,-1.691021,2.739468,0.742179,0.005875,0.076486,0.420085,-0.003415,-0.293621,-1.240458,0.120358
10.859033,0.735808,-0.083510,2.368669,-0.141280,-1.030472,-1.082916,0.536142,-0.558015,-0.014756,0.433634,0.234571,-0.485629,-0.501659,0.331694,-2.673951,-0.585843,1.941601,-1.653003,-1.691313,2.738215,0.742304,0.006293,0.077238,0.421770,-0.005004,-0.291704,-1.240169,0.123121
10.860042,0.737241,-0.083591,2.368767,-0.141780,-1.034842,-1.082705,0.535628,-0.584831,-0.021489,0.414255,0.229035,-0.485817,-0.507207,0.331873,-2.673958,-0.585772,1.942015,-1.653006,-1.691598,2.736960,0.742431,0.002210,0.075343,0.420549,-0.004474,-0.289347,-1.238530,0.124171
10.861003,0.744550,-0.083830,2.368101,-0.142289,-1.037110,-1.085719,0.536482,-0.600787,-0.030433,0.401852,0.227388,-0.485533,-0.511341,0.332062,-2.673954,-0.585697,1.942435,-1.653014,-1.691879,2.735720,0.742560,0.002473,0.075418,0.420912,-0.004897,-0.285839,-1.240520,0.125043
10.862100,0.750994,-0.083441,2.369623,-0.143929,-1.037501,-1.089036,0.534774,-0.602942,-0.041987,0.398619,0.230228,-0.484774,-0.513659,0.332202,-2.673959,-0.585622,1.942858,-1.653021,-1.692164,2.734469,0.742677,-0.000221,0.075515,0.421355,-0.005274,-0.284242,-1.238700,0.123178
10.863080,0.755949,-0.083984,2.370115,-0.144044,-1.038297,-1.095269,0.534007,-0.590181,-0.056693,0.405648,0.237494,-0.483671,-0.513982,0.332265,-2.673964,-0.585546,1.943276,-1.653026,-1.692446,2.733217,0.742814,-0.002300,0.075406,0.421503,-0.004712,-0.285057,-1.237866,0.126492
10.864040,0.763506,-0.084926,2.369633,-0.145839,-1.038883,-1.095097,0.534091,-0.561764,-0.075022,0.423798,0.249004,-0.482343,-0.512232,0.332246,-2.673970,-0.585471,1.943698,-1.653034,-1.692730,2.731993,0.742941,-0.003747,0.075668,0.421475,-0.005477,-0.284986,-1.233166,0.127846
10.865040,0.765864,-0.079149,2.371549,-0.148771,-1.040955,-1.097015,0.533166,-0.518494,-0.097208,0.452925,0.264077,-0.480888,-0.508530,0.332118,-2.673983,-0.585393,1.944117,-1.653036,-1.693009,2.730746,0.743070,-0.006459,0.076080,0.421879,-0.004684,-0.285116,-1.234653,0.127488
10.865953,0.768562,-0.080859,2.373564,-0.151486,-1.044287,-1.093883,0.533620,-0.463178,-0.122143,0.491326,0.281146,-0.479428,-0.503135,0.331867,-2.673990,-0.585327,1.944536,-1.653034,-1.693291,2.729515,0.743207,-0.006553,0.073281,0.421278,-0.002871,-0.283854,-1.234430,0.129167
10.867089,0.769081,-0.085671,2.378560,-0.150297,-1.046409,-1.093949,0.532957,-0.401400,-0.148103,0.535728,0.297126,-0.478165,-0.496478,0.331513,-2.673998,-0.585252,1.944956,-1.653033,-1.693571,2.728263,0.743337,-0.006918,0.074103,0.420148,-0.001199,-0.281042,-1.238408,0.128035
10.868025,0.771602,-0.083447,2.382930,-0.150858,-1.048105,-1.085460,0.532534,-0.335803,-0.177056,0.586030,0.309346,-0.477166,-0.488823,0.331069,-2.674003,-0.585170,1.945369,-1.653043,-1.693847,2.726999,0.743469,-0.005999,0.076573,0.418829,-0.003432,-0.280322,-1.241076,0.129262
10.868943,0.770320,-0.079228,2.380148,-0.153302,-1.047738,-1.086210,0.530684,-0.265035,-0.211226,0.644174,0.318009,-0.476241,-0.480177,0.330560,-2.674011,-0.585098,1.945784,-1.653047,-1.694126,2.725740,0.743597,-0.006272,0.075408,0.416703,-0.003776,-0.279252,-1.250605,0.129924
10.870010,0.773835,-0.079197,2.392271,-0.156334,-1.052754,-1.082840,0.530034,-0.192199,-0.246871,0.706707,0.324060,-0.475256,-0.470835,0.330052,-2.674012,-0.585028,1.946208,-1.653047,-1.694405,2.724477,0.743738,-0.004701,0.073284,0.417996,-0.002327,-0.280200,-1.250527,0.133412
10.871078,0.776976,-0.075857,2.389943,-0.155499,-1.055396,-1.085484,0.530108,-0.122040,-0.280868,0.769676,0.326455,-0.474214,-0.461098,0.329603,-2.674019,-0.584954,1.946609,-1.653042,-1.694671,2.723220,0.743880,-0.005364,0.073372,0.412820,-0.000561,-0.276361,-1.256125,0.134503
10.872005,0.775082,-0.075195,2.393437,-0.156733,-1.057053,-1.080264,0.528373,-0.053060,-0.313885,0.834223,0.325471,-0.473037,-0.450858,0.329203,-2.674024,-0.584884,1.947029,-1.653047,-1.694943,2.721958,0.744012,-0.005837,0.071818,0.414774,-0.002492,-0.274921,-1.255570,0.134190
10.873097,0.774337,-0.077135,2.393472,-0.156409,-1.055526,-1.080783,0.528032,0.013941,-0.343402,0.898071,0.323274,-0.471783,-0.440439,0.328836,-2.674025,-0.584812,1.947436,-1.653048,-1.695212,2.720676,0.744157,-0.003955,0.071484,0.413110,-0.002243,-0.273959,-1.261597,0.137449
10.874093,0.777561,-0.075376,2.395311,-0.157735,-1.058153,-1.079712,0.528483,0.074228,-0.367316,0.956940,0.320021,-0.470719,-0.430450,0.328502,-2.674025,-0.584736,1.947852,-1.653054,-1.695496,2.719417,0.744296,-0.002527,0.072543,0.414021,-0.003633,-0.276671,-1.263419,0.137934
10.875058,0.776745,-0.078384,2.396208,-0.158740,-1.056341,-1.084958,0.529351,0.126418,-0.386395,1.009890,0.315440,-0.470033,-0.421158,0.328173,-2.674029,-0.584665,1.948270,-1.653056,-1.695768,2.718144,0.744433,-0.003141,0.071702,0.413452,-0.003319,-0.274910,-1.265920,0.136826
10.876022,0.778180,-0.075340,2.398216,-0.161450,-1.054896,-1.082705,0.529610,0.171468,-0.402061,1.057552,0.309639,-0.469818,-0.412668,0.327806,-2.674028,-0.584588,1.948681,-1.653058,-1.696051,2.716877,0.744567,-0.001785,0.073177,0.413280,-0.003328,-0.277455,-1.261788,0.134885
10.877004,0.777038,-0.076791,2.398854,-0.162000,-1.052563,-1.086650,0.529880,0.209433,-0.416092,1.100444,0.301633,-0.470147,-0.405089,0.327381,-2.674029,-0.584521,1.949096,-1.653058,-1.696339,2.715615,0.744699,-0.001568,0.071698,0.412488,-0.001664,-0.279537,-1.265317,0.134194
10.877967,0.775431,-0.080831,2.400787,-0.162662,-1.050695,-1.082081,0.530065,0.239575,-0.428751,1.137996,0.290856,-0.470998,-0.398573,0.326891,-2.674026,-0.584445,1.949504,-1.653060,-1.696622,2.714347,0.744831,-0.000064,0.072431,0.412585,-0.002157,-0.282626,-1.262638,0.133481
10.879030,0.774967,-0.079070,2.401217,-0.162580,-1.048449,-1.085804,0.529324,0.261865,-0.441063,1.170282,0.277219,-0.472219,-0.393234,0.326350,-2.674021,-0.584367,1.949917,-1.653064,-1.696913,2.713081,0.744961,0.001616,0.074405,0.411854,-0.002450,-0.285095,-1.268459,0.132934
10.880005,0.775101,-0.079530,2.404710,-0.162821,-1.048933,-1.086987,0.530529,0.276755,-0.453921,1.197539,0.261278,-0.473584,-0.389135,0.325816,-2.674015,-0.584294,1.950334,-1.653069,-1.697210,2.711811,0.745097,0.002812,0.073581,0.412389,-0.003596,-0.288260,-1.266722,0.134270
10.881010,0.774938,-0.078070,2.404002,-0.163176,-1.047681,-1.092182,0.531017,0.285188,-0.465831,1.219188,0.245020,-0.474832,-0.386318,0.325355,-2.674010,-0.584217,1.950741,-1.653074,-1.697497,2.710536,0.745223,0.003622,0.073787,0.411002,-0.004293,-0.288435,-1.266773,0.131664
10.882060,0.775961,-0.075707,2.406722,-0.162454,-1.049333,-1.087349,0.531116,0.288180,-0.475350,1.234819,0.230201,-0.475752,-0.384848,0.324992,-2.674004,-0.584145,1.951156,-1.653081,-1.697791,2.709286,0.745352,0.004607,0.073103,0.411821,-0.004882,-0.290428,-1.263185,0.130544
10.883086,0.776945,-0.080255,2.397960,-0.163509,-1.051119,-1.083355,0.530379,0.286597,-0.480951,1.244041,0.218303,-0.476234,-0.384786,0.324749,-2.673998,-0.584076,1.951571,-1.653091,-1.698078,2.707997,0.745481,0.005042,0.072035,0.411129,-0.006514,-0.289708,-1.269943,0.130210
10.883995,0.781820,-0.084052,2.395748,-0.163103,-1.050886,-1.080934,0.532532,0.280484,-0.481696,1.246293,0.209919,-0.476333,-0.386143,0.324645,-2.673993,-0.583997,1.951994,-1.653098,-1.698368,2.706725,0.745616,0.005481,0.074335,0.416023,-0.006396,-0.288764,-1.275635,0.131527
10.884982,0.783865,-0.081658,2.391870,-0.163325,-1.051637,-1.080839,0.532683,0.270348,-0.479688,1.242524,0.204169,-0.476251,-0.388794,0.324653,-2.673990,-0.583916,1.952417,-1.653109,-1.698663,2.705438,0.745735,0.003882,0.076087,0.416928,-0.007547,-0.289380,-1.278580,0.127012
10.886114,0.780829,-0.080632,2.393296,-0.164911,-1.047880,-1.081848,0.532555,0.259067,-0.476749,1.234897,0.201493,-0.476101,-0.392443,0.324715,-2.673986,-0.583844,1.952834,-1.653119,-1.698947,2.704147,0.745861,0.003784,0.074889,0.419191,-0.008163,-0.289378,-1.279889,0.126595
10.887088,0.782236,-0.082138,2.392345,-0.165992,-1.048745,-1.079389,0.533803,0.245185,-0.471094,1.221800,0.202007,-0.476031,-0.397097,0.324805,-2.673975,-0.583771,1.953260,-1.653125,-1.699255,2.702864,0.745986,0.006289,0.074540,0.419467,-0.007657,-0.294238,-1.281483,0.126762
10.887966,0.781073,-0.083500,2.389028,-0.166918,-1.046352,-1.077865,0.533261,0.224897,-0.462297,1.201343,0.203539,-0.476232,-0.402804,0.324920,-2.673968,-0.583694,1.953684,-1.653134,-1.699545,2.701568,0.746106,0.006433,0.075265,0.420103,-0.007442,-0.293969,-1.285048,0.124105
10.889151,0.782796,-0.082894,2.389580,-0.167245,-1.045774,-1.078807,0.533926,0.198291,-0.452721,1.175152,0.204222,-0.476773,-0.409250,0.325041,-2.673959,-0.583617,1.954108,-1.653141,-1.699845,2.700277,0.746234,0.007767,0.075815,0.421426,-0.007301,-0.296594,-1.286806,0.125026
10.890027,0.786307,-0.079795,2.390664,-0.165803,-1.041770,-1.083913,0.534199,0.166188,-0.443082,1.144246,0.203910,-0.477661,-0.416102,0.325154,-2.673951,-0.583540,1.954535,-1.653153,-1.700149,2.698975,0.746354,0.007946,0.075658,0.422413,-0.008001,-0.298451,-1.288839,0.123616
10.891013,0.794857,-0.077424,2.386334,-0.168109,-1.044532,-1.082981,0.535028,0.132194,-0.432280,1.110263,0.205217,-0.478701,-0.422890,0.325235,-2.673946,-0.583470,1.954954,-1.653167,-1.700456,2.697683,0.746475,0.006974,0.074051,0.421557,-0.010086,-0.302605,-1.283879,0.122905
10.892058,0.797634,-0.074316,2.390366,-0.169591,-1.043276,-1.087754,0.535334,0.102941,-0.419335,1.076663,0.211710,-0.479570,-0.428960,0.325256,-2.673948,-0.583399,1.955386,-1.653173,-1.700758,2.696400,0.746595,0.003655,0.072917,0.423896,-0.008674,-0.300352,-1.286152,0.121106
10.893053,0.801524,-0.075870,2.383816,-0.170247,-1.044222,-1.086026,0.535472,0.082501,-0.404745,1.046489,0.223866,-0.480146,-0.433766,0.325209,-2.673946,-0.583330,1.955810,-1.653179,-1.701066,2.695108,0.746713,0.003284,0.071481,0.422389,-0.008192,-0.302384,-1.283089,0.120405
10.893965,0.804898,-0.078001,2.375387,-0.170818,-1.040718,-1.091361,0.537034,0.070003,-0.389477,1.020246,0.239797,-0.480563,-0.437179,0.325092,-2.673944,-0.583255,1.956239,-1.653190,-1.701364,2.693806,0.746832,0.002282,0.072286,0.425943,-0.008378,-0.302062,-1.286125,0.120009
10.895044,0.812721,-0.076394,2.373210,-0.173951,-1.037481,-1.091041,0.537651,0.060406,-0.373009,0.994780,0.257615,-0.481097,-0.439631,0.324888,-2.673945,-0.583180,1.956677,-1.653201,-1.701679,2.692538,0.746941,0.001489,0.073288,0.429821,-0.008540,-0.305785,-1.281396,0.116745
10.896077,0.814653,-0.073669,2.368082,-0.176688,-1.033740,-1.095566,0.538584,0.050445,-0.355008,0.967993,0.275884,-0.481963,-0.441510,0.324582,-2.673951,-0.583109,1.957107,-1.653204,-1.701998,2.691248,0.747051,-0.001313,0.072589,0.431553,-0.006484,-0.309775,-1.283870,0.115479
10.897098,0.815757,-0.069622,2.370868,-0.177469,-1.028883,-1.088231,0.538721,0.039268,-0.335415,0.939798,0.293129,-0.483265,-0.442942,0.324180,-2.673953,-0.583042,1.957548,-1.653207,-1.702321,2.689980,0.747161,-0.001227,0.071355,0.434415,-0.004822,-0.314057,-1.281084,0.113533
10.898072,0.817051,-0.071513,2.367533,-0.178818,-1.023157,-1.087352,0.540225,0.025098,-0.312957,0.909250,0.308243,-0.485036,-0.444088,0.323709,-2.673955,-0.582977,1.957980,-1.653214,-1.702649,2.688670,0.747271,-0.000760,0.069473,0.433305,-0.005011,-0.319367,-1.289964,0.113197
10.899053,0.817094,-0.070970,2.368897,-0.181265,-1.020398,-1.081989,0.540306,0.008539,-0.288155,0.877616,0.320874,-0.487155,-0.444866,0.323188,-2.673955,-0.582904,1.958414,-1.653217,-1.702986,2.687368,0.747375,-0.000462,0.070468,0.435048,-0.004657,-0.325280,-1.291828,0.110093
10.899978,0.820396,-0.068952,2.372192,-0.181198,-1.020330,-1.083010,0.539968,-0.009076,-0.264156,0.847666,0.329651,-0.489483,-0.445063,0.322648,-2.673953,-0.582836,1.958849,-1.653218,-1.703323,2.686070,0.747484,0.000452,0.070259,0.434426,-0.003240,-0.328221,-1.298384,0.109875
10.901084,0.823028,-0.063262,2.376569,-0.183186,-1.021717,-1.082706,0.541518,-0.025146,-0.243899,0.822699,0.333906,-0.491820,-0.444391,0.322131,-2.673955,-0.582770,1.959280,-1.653225,-1.703649,2.684771,0.747595,-0.000292,0.069294,0.432580,-0.004176,-0.328379,-1.297912,0.110442
10.902063,0.820891,-0.056127,2.372993,-0.186015,-1.020613,-1.082350,0.541716,-0.034917,-0.227790,0.805895,0.335631,-0.493853,-0.442543,0.321659,-2.673956,-0.582709,1.959707,-1.653226,-1.703977,2.683478,0.747694,-0.000508,0.066702,0.431242,-0.003354,-0.327731,-1.300547,0.107304
10.903011,0.824596,-0.053753,2.372422,-0.186998,-1.019069,-1.082648,0.542533,-0.041354,-0.211479,0.793628,0.335754,-0.495537,-0.439907,0.321239,-2.673951,-0.582652,1.960148,-1.653224,-1.704313,2.682174,0.747800,0.001466,0.063331,0.433054,-0.001642,-0.329068,-1.301980,0.106858
10.904042,0.822506,-0.055927,2.372347,-0.187411,-1.018297,-1.084322,0.541522,-0.051922,-0.189722,0.779027,0.333789,-0.497057,-0.437288,0.320889,-2.673954,-0.582594,1.960581,-1.653227,-1.704646,2.680860,0.747904,0.000543,0.062332,0.433238,-0.001650,-0.330747,-1.302414,0.105135
10.905029,0.829144,-0.058019,2.365595,-0.185717,-1.014841,-1.087657,0.542758,-0.067689,-0.163235,0.761334,0.329744,-0.498489,-0.435032,0.320611,-2.673948,-0.582529,1.961017,-1.653229,-1.704985,2.679573,0.748016,0.002552,0.063601,0.433616,-0.002310,-0.331877,-1.302398,0.107112
10.906098,0.827239,-0.052755,2.368315,-0.189110,-1.014914,-1.088054,0.543396,-0.085939,-0.135442,0.742779,0.324743,-0.499809,-0.433265,0.320372,-2.673954,-0.582462,1.961464,-1.653239,-1.705324,2.678268,0.748115,0.000212,0.064746,0.436974,-0.004886,-0.335576,-1.300186,0.104549
10.907013,0.826498,-0.054572,2.367938,-0.189929,-1.015715,-1.093507,0.543736,-0.105359,-0.106998,0.723571,0.320193,-0.501001,-0.432165,0.320120,-2.673948,-0.582404,1.961897,-1.653236,-1.705661,2.676954,0.748216,0.002181,0.062355,0.436150,-0.002670,-0.335994,-1.301670,0.103265
10.907992,0.828123,-0.057425,2.369775,-0.190619,-1.015468,-1.090981,0.545225,-0.127962,-0.078281,0.702689,0.314575,-0.502192,-0.431897,0.319841,-2.673943,-0.582338,1.962336,-1.653238,-1.705997,2.675668,0.748317,0.003369,0.063332,0.436016,-0.002829,-0.335160,-1.296765,0.102511
10.909118,0.826206,-0.053914,2.371097,-0.191586,-1.013905,-1.097919,0.543976,-0.153288,-0.052992,0.682160,0.305877,-0.503454,-0.432371,0.319542,-2.673939,-0.582270,1.962763,-1.653242,-1.706329,2.674354,0.748409,0.003455,0.064839,0.435248,-0.003127,-0.335670,-1.300399,0.099490
10.910105,0.827740,-0.057064,2.371760,-0.191856,-1.011830,-1.096706,0.544751,-0.178886,-0.033608,0.664301,0.294328,-0.504685,-0.433416,0.319249,-2.673930,-0.582212,1.963201,-1.653246,-1.706673,2.673070,0.748515,0.005411,0.063377,0.435422,-0.003300,-0.337919,-1.295925,0.102021
10.911007,0.826658,-0.055567,2.367590,-0.193802,-1.012994,-1.099551,0.543965,-0.205039,-0.019149,0.648236,0.280898,-0.505749,-0.435102,0.319018,-2.673923,-0.582143,1.963638,-1.653252,-1.707019,2.671764,0.748611,0.005510,0.065053,0.435175,-0.003973,-0.340137,-1.298354,0.100399
10.912028,0.826536,-0.052175,2.364144,-0.192588,-1.014227,-1.091341,0.545301,-0.232633,-0.008915,0.632858,0.265966,-0.506535,-0.437546,0.318890,-2.673913,-0.582081,1.964073,-1.653253,-1.707352,2.670460,0.748718,0.006811,0.064366,0.436919,-0.002981,-0.338898,-1.295848,0.101895
10.913017,0.826874,-0.050489,2.362713,-0.191896,-1.014890,-1.089520,0.544164,-0.264651,0.000652,0.614476,0.250396,-0.507030,-0.441064,0.318886,-2.673903,-0.582020,1.964516,-1.653262,-1.707687,2.669151,0.748812,0.007749,0.062856,0.438848,-0.005111,-0.338050,-1.305617,0.099168
10.914024,0.827569,-0.051557,2.355171,-0.192287,-1.014187,-1.087778,0.544687,-0.302286,0.014571,0.589756,0.237009,-0.507193,-0.445826,0.319016,-2.673894,-0.581960,1.964959,-1.653272,-1.708020,2.667834,0.748917,0.008426,0.062203,0.439568,-0.006650,-0.337664,-1.308467,0.101422
10.915043,0.830671,-0.054126,2.353738,-0.193171,-1.015062,-1.090632,0.545501,-0.344671,0.034233,0.558243,0.227586,-0.507049,-0.451751,0.319271,-2.673883,-0.581896,1.965405,-1.653280,-1.708364,2.666532,0.749018,0.008924,0.062895,0.443451,-0.007156,-0.338618,-1.311567,0.100299
10.916029,0.831403,-0.051877,2.351162,-0.194980,-1.015062,-1.089084,0.544285,-0.391146,0.057305,0.521087,0.221311,-0.506741,-0.458692,0.319620,-2.673875,-0.581829,1.965850,-1.653288,-1.708700,2.665226,0.749112,0.008257,0.064312,0.444295,-0.007185,-0.338078,-1.310097,0.098653
10.916974,0.832394,-0.050046,2.349183,-0.195473,-1.015517,-1.088006,0.545117,-0.439232,0.080012,0.481437,0.216755,-0.506367,-0.466301,0.320028,-2.673865,-0.581770,1.966293,-1.653293,-1.709034,2.663904,0.749218,0.008734,0.063350,0.445595,-0.006326,-0.338348,-1.312726,0.101053
10.918064,0.832755,-0.052981,2.351813,-0.197035,-1.015516,-1.086049,0.545008,-0.487529,0.101406,0.440765,0.213284,-0.505998,-0.474321,0.320472,-2.673856,-0.581709,1.966743,-1.653301,-1.709375,2.662600,0.749315,0.009048,0.062564,0.446280,-0.006705,-0.337919,-1.314577,0.099296
10.918983,0.833015,-0.056335,2.348340,-0.197322,-1.011636,-1.084566,0.545945,-0.534244,0.120087,0.401101,0.210363,-0.505688,-0.482420,0.320920,-2.673845,-0.581641,1.967192,-1.653306,-1.709714,2.661270,0.749416,0.009800,0.064235,0.445444,-0.006194,-0.338525,-1.318494,0.099518
10.919998,0.838997,-0.057741,2.349950,-0.198110,-1.009965,-1.091228,0.545154,-0.576432,0.131791,0.366460,0.206685,-0.505449,-0.490065,0.321342,-2.673832,-0.581573,1.967638,-1.653315,-1.710062,2.659961,0.749510,0.010408,0.065933,0.446817,-0.006728,-0.342309,-1.320470,0.097573
10.920996,0.839800,-0.050791,2.349280,-0.200925,-1.011502,-1.091042,0.545131,-0.610714,0.133751,0.340099,0.202396,-0.505159,-0.496761,0.321720,-2.673826,-0.581505,1.968085,-1.653323,-1.710414,2.658646,0.749609,0.008305,0.066731,0.446097,-0.006846,-0.344138,-1.315069,0.099156
10.922009,0.846295,-0.050975,2.351569,-0.200787,-1.019116,-1.098810,0.546360,-0.634995,0.127647,0.322550,0.199052,-0.504637,-0.502179,0.322060,-2.673816,-0.581448,1.968530,-1.653322,-1.710753,2.657319,0.749707,0.008778,0.063430,0.446491,-0.005122,-0.342825,-1.316441,0.099148
10.923146,0.851013,-0.051699,2.351806,-0.203554,-1.020786,-1.102533,0.545834,-0.649707,0.117634,0.311969,0.197944,-0.503815,-0.506197,0.322362,-2.673814,-0.581384,1.968975,-1.653331,-1.711076,2.656021,0.749800,0.006463,0.063721,0.445465,-0.006188,-0.335610,-1.310030,0.096654
10.924132,0.854697,-0.053590,2.350227,-0.201488,-1.019895,-1.109756,0.546352,-0.653132,0.104068,0.309381,0.199617,-0.502694,-0.508568,0.322621,-2.673810,-0.581317,1.969425,-1.653334,-1.711411,2.654705,0.749904,0.005174,0.064318,0.446099,-0.004577,-0.334808,-1.308813,0.097733
10.925011,0.864819,-0.053708,2.349684,-0.203761,-1.017849,-1.106524,0.546180,-0.644150,0.085811,0.315992,0.204128,-0.501327,-0.509202,0.322851,-2.673807,-0.581251,1.969869,-1.653347,-1.711751,2.653397,0.750001,0.004252,0.065371,0.446877,-0.007453,-0.335912,-1.302667,0.096635
10.926127,0.871840,-0.051474,2.356180,-0.203335,-1.022371,-1.110623,0.546011,-0.620752,0.062775,0.333086,0.212585,-0.499691,-0.508051,0.323043,-2.673813,-0.581187,1.970320,-1.653351,-1.712089,2.652098,0.750098,0.000090,0.065443,0.446481,-0.006000,-0.337795,-1.306200,0.096919
10.927006,0.874566,-0.051694,2.357173,-0.206252,-1.022315,-1.104736,0.546608,-0.576496,0.033539,0.365523,0.226360,-0.497627,-0.504679,0.323164,-2.673819,-0.581123,1.970753,-1.653359,-1.712416,2.650788,0.750197,-0.002246,0.064567,0.444031,-0.007480,-0.334014,-1.304340,0.097260
10.927996,0.879811,-0.052508,2.359004,-0.207118,-1.023496,-1.102934,0.546027,-0.509545,-0.002703,0.415505,0.244554,-0.495111,-0.498947,0.323188,-2.673823,-0.581058,1.971197,-1.653362,-1.712743,2.649481,0.750291,-0.002684,0.064707,0.442962,-0.005434,-0.334045,-1.310460,0.095985
10.929093,0.883719,-0.055131,2.360344,-0.208422,-1.024461,-1.099460,0.546368,-0.424738,-0.045945,0.480933,0.263841,-0.492304,-0.491176,0.323117,-2.673831,-0.580992,1.971641,-1.653369,-1.713075,2.648159,0.750391,-0.004268,0.065222,0.442063,-0.005483,-0.333151,-1.313305,0.097124
10.930068,0.881279,-0.054300,2.362258,-0.212477,-1.028864,-1.100512,0.545845,-0.326898,-0.096169,0.559269,0.281634,-0.489330,-0.481694,0.322976,-2.673839,-0.580923,1.972080,-1.653374,-1.713404,2.646819,0.750489,-0.005054,0.066723,0.442059,-0.005268,-0.332897,-1.318749,0.096426
10.931010,0.882077,-0.046261,2.364466,-0.208866,-1.030634,-1.098195,0.547268,-0.223920,-0.152057,0.645409,0.294947,-0.486362,-0.471055,0.322803,-2.673839,-0.580859,1.972518,-1.653369,-1.713725,2.645511,0.750586,-0.002855,0.066400,0.441098,-0.002366,-0.328811,-1.318668,0.097445
10.932006,0.887806,-0.045119,2.361689,-0.212985,-1.035271,-1.095669,0.546954,-0.125966,-0.207333,0.730604,0.302947,-0.483558,-0.460117,0.322633,-2.673839,-0.580803,1.972959,-1.653386,-1.714045,2.644176,0.750678,-0.002347,0.062530,0.439780,-0.006685,-0.327295,-1.321580,0.094528
10.933005,0.886605,-0.042104,2.362944,-0.213537,-1.037674,-1.098774,0.546722,-0.036746,-0.254181,0.808832,0.309184,-0.480877,-0.449439,0.322469,-2.673846,-0.580740,1.973400,-1.653383,-1.714362,2.642860,0.750775,-0.004185,0.062140,0.441287,-0.003649,-0.323103,-1.325286,0.095159
10.934028,0.889471,-0.049700,2.361113,-0.213251,-1.036205,-1.097024,0.546831,0.042239,-0.290448,0.878040,0.314266,-0.478407,-0.439313,0.322326,-2.673846,-0.580680,1.973838,-1.653389,-1.714683,2.641532,0.750871,-0.002586,0.060816,0.440773,-0.004085,-0.321153,-1.323243,0.095593
10.935044,0.886275,-0.049535,2.364450,-0.213626,-1.033565,-1.099958,0.546016,0.109674,-0.318846,0.938429,0.316646,-0.476315,-0.430009,0.322215,-2.673850,-0.580608,1.974276,-1.653396,-1.715006,2.640190,0.750967,-0.002994,0.064733,0.441961,-0.005335,-0.323165,-1.326292,0.095349
10.936024,0.887806,-0.046625,2.363992,-0.215098,-1.033654,-1.097223,0.545796,0.166907,-0.343922,0.992422,0.315758,-0.474628,-0.421619,0.322135,-2.673846,-0.580542,1.974712,-1.653404,-1.715339,2.638870,0.751067,-0.000430,0.064747,0.440525,-0.005869,-0.326187,-1.324643,0.096957
10.936977,0.888349,-0.051675,2.370420,-0.216264,-1.037110,-1.100780,0.546111,0.213843,-0.366808,1.040299,0.311452,-0.473353,-0.414252,0.322083,-2.673846,-0.580481,1.975155,-1.653409,-1.715662,2.637531,0.751166,-0.000262,0.063436,0.440743,-0.005346,-0.326418,-1.328317,0.097340
10.938069,0.889400,-0.051074,2.370783,-0.215925,-1.036278,-1.097365,0.547117,0.252426,-0.388578,1.083643,0.303794,-0.472448,-0.407760,0.322037,-2.673844,-0.580408,1.975580,-1.653412,-1.715982,2.636197,0.751261,0.000374,0.065993,0.437535,-0.005154,-0.323208,-1.325364,0.096661
10.939038,0.888185,-0.050371,2.373636,-0.217097,-1.035591,-1.102167,0.547090,0.287710,-0.413000,1.126878,0.293095,-0.471771,-0.401745,0.321969,-2.673842,-0.580345,1.976021,-1.653419,-1.716310,2.634868,0.751348,0.000888,0.065895,0.437993,-0.006545,-0.324791,-1.330819,0.094674
10.939963,0.885622,-0.050728,2.377510,-0.217905,-1.033459,-1.101997,0.547087,0.320516,-0.439348,1.169685,0.280683,-0.471184,-0.396245,0.321894,-2.673837,-0.580280,1.976450,-1.653425,-1.716635,2.633544,0.751444,0.002382,0.065649,0.436630,-0.006266,-0.325755,-1.326802,0.094711
10.940974,0.885959,-0.048082,2.375957,-0.218142,-1.035409,-1.103102,0.547448,0.348396,-0.465390,1.209361,0.266940,-0.470584,-0.391562,0.321870,-2.673828,-0.580214,1.976885,-1.653432,-1.716969,2.632227,0.751541,0.004462,0.065880,0.434462,-0.006319,-0.327927,-1.327531,0.094657
10.941944,0.884671,-0.048695,2.373743,-0.219264,-1.035906,-1.100264,0.547542,0.369316,-0.489514,1.243806,0.252042,-0.469872,-0.388021,0.321943,-2.673821,-0.580152,1.977325,-1.653440,-1.717297,2.630897,0.751630,0.005172,0.064715,0.435445,-0.007003,-0.326355,-1.327649,0.093931
10.943096,0.889134,-0.050335,2.375818,-0.218163,-1.038059,-1.095000,0.548429,0.380603,-0.508464,1.269501,0.237029,-0.469024,-0.386101,0.322141,-2.673811,-0.580085,1.977764,-1.653446,-1.717624,2.629549,0.751724,0.006647,0.065117,0.436522,-0.006771,-0.326143,-1.331261,0.093720
10.943993,0.887267,-0.054232,2.372755,-0.216796,-1.036882,-1.094477,0.548670,0.383746,-0.522043,1.286805,0.223103,-0.467988,-0.385827,0.322469,-2.673807,-0.580018,1.978203,-1.653461,-1.717946,2.628211,0.751813,0.005460,0.066192,0.436425,-0.008802,-0.324955,-1.339014,0.091984
10.944967,0.885790,-0.055949,2.365803,-0.217169,-1.038218,-1.093574,0.549718,0.384398,-0.533096,1.299934,0.212073,-0.466656,-0.386770,0.322902,-2.673795,-0.579946,1.978648,-1.653476,-1.718278,2.626864,0.751900,0.007148,0.068099,0.437465,-0.010787,-0.326108,-1.339549,0.091484
10.945986,0.888638,-0.052424,2.363254,-0.218927,-1.039814,-1.096107,0.549923,0.380746,-0.541672,1.307321,0.204165,-0.465150,-0.389077,0.323419,-2.673783,-0.579875,1.979091,-1.653487,-1.718598,2.625529,0.751985,0.008691,0.068977,0.440900,-0.011213,-0.325103,-1.341314,0.089379
10.946965,0.895974,-0.051086,2.360351,-0.220225,-1.041501,-1.089992,0.550454,0.366438,-0.544691,1.303462,0.198323,-0.463734,-0.393188,0.324005,-2.673776,-0.579811,1.979540,-1.653496,-1.718922,2.624178,0.752075,0.008153,0.067353,0.442265,-0.010339,-0.323985,-1.339914,0.088990
10.947964,0.894948,-0.049315,2.355194,-0.220110,-1.041634,-1.089165,0.550648,0.343610,-0.540919,1.289019,0.195148,-0.462452,-0.398753,0.324620,-2.673777,-0.579746,1.979984,-1.653506,-1.719240,2.622804,0.752161,0.005426,0.066799,0.443676,-0.009890,-0.322687,-1.346784,0.087925
10.949166,0.895250,-0.052718,2.351423,-0.219561,-1.038929,-1.088844,0.550049,0.317368,-0.530723,1.267220,0.195886,-0.461279,-0.405100,0.325211,-2.673767,-0.579681,1.980439,-1.653518,-1.719566,2.621457,0.752247,0.006830,0.066047,0.446201,-0.010815,-0.322956,-1.348562,0.087558
10.950030,0.897523,-0.052905,2.352201,-0.221019,-1.038719,-1.090290,0.552166,0.285921,-0.513577,1.236655,0.200344,-0.460365,-0.412097,0.325741,-2.673757,-0.579608,1.980895,-1.653533,-1.719894,2.620094,0.752336,0.007723,0.067989,0.449106,-0.012334,-0.326799,-1.351662,0.088843
10.951049,0.901006,-0.048375,2.351696,-0.221714,-1.039092,-1.091835,0.551581,0.248726,-0.491982,1.198242,0.207125,-0.459783,-0.419416,0.326194,-2.673750,-0.579539,1.981338,-1.653542,-1.720222,2.618761,0.752412,0.007334,0.068021,0.448022,-0.011588,-0.326850,-1.350036,0.084558
10.951990,0.904740,-0.045735,2.353665,-0.223760,-1.043304,-1.090641,0.553026,0.210715,-0.469515,1.157109,0.215624,-0.459422,-0.426281,0.326569,-2.673745,-0.579478,1.981789,-1.653555,-1.720548,2.617406,0.752500,0.006516,0.065931,0.448382,-0.011703,-0.326930,-1.349645,0.085791
10.952968,0.911316,-0.043674,2.347266,-0.223706,-1.040005,-1.092307,0.552863,0.176474,-0.446921,1.117102,0.226225,-0.459181,-0.432073,0.326878,-2.673741,-0.579416,1.982229,-1.653565,-1.720860,2.616048,0.752577,0.005509,0.064729,0.447170,-0.010434,-0.322992,-1.351267,0.082888
10.954071,0.914302,-0.047045,2.343695,-0.223844,-1.041569,-1.097489,0.553257,0.148942,-0.424018,1.080407,0.239514,-0.459030,-0.436471,0.327129,-2.673742,-0.579356,1.982690,-1.653578,-1.721189,2.614713,0.752660,0.003172,0.063876,0.450158,-0.011268,-0.326642,-1.350468,0.083263
10.955059,0.917261,-0.048962,2.342745,-0.224347,-1.039383,-1.104136,0.554159,0.128020,-0.400289,1.046639,0.256024,-0.459046,-0.439647,0.327321,-2.673740,-0.579286,1.983151,-1.653590,-1.721516,2.613371,0.752741,0.002743,0.065748,0.452360,-0.012042,-0.325786,-1.347247,0.082534
10.955991,0.923836,-0.047020,2.337840,-0.225471,-1.038423,-1.103067,0.553430,0.111588,-0.377159,1.015049,0.274593,-0.459379,-0.441998,0.327443,-2.673737,-0.579216,1.983604,-1.653604,-1.721846,2.612030,0.752819,0.002195,0.066765,0.452709,-0.012273,-0.328314,-1.341523,0.080761
10.957078,0.924273,-0.044278,2.340277,-0.227640,-1.037101,-1.103244,0.554792,0.099500,-0.356476,0.986631,0.293823,-0.460068,-0.443702,0.327489,-2.673742,-0.579155,1.984062,-1.653616,-1.722180,2.610692,0.752902,-0.000150,0.065882,0.454719,-0.011891,-0.329315,-1.343114,0.082251
10.958053,0.926336,-0.042976,2.333534,-0.228918,-1.034638,-1.097832,0.554676,0.091795,-0.337595,0.961666,0.312897,-0.461059,-0.444814,0.327472,-2.673740,-0.579092,1.984509,-1.653625,-1.722510,2.609330,0.752974,0.000694,0.064744,0.453969,-0.010682,-0.331313,-1.344656,0.079583
10.958971,0.927703,-0.042765,2.335829,-0.229450,-1.034149,-1.099570,0.555735,0.084997,-0.318732,0.938013,0.329961,-0.462375,-0.445489,0.327410,-2.673738,-0.579029,1.984973,-1.653636,-1.722853,2.607977,0.753057,0.000583,0.064235,0.457075,-0.010225,-0.333912,-1.350875,0.079858
10.959970,0.922406,-0.038654,2.336970,-0.232072,-1.032994,-1.100044,0.555209,0.076308,-0.299041,0.914088,0.343728,-0.464008,-0.445808,0.327323,-2.673738,-0.578964,1.985427,-1.653648,-1.723191,2.606621,0.753131,0.000837,0.064227,0.455628,-0.010464,-0.334515,-1.349660,0.077766
10.961051,0.929879,-0.033500,2.338060,-0.233490,-1.033263,-1.103020,0.556266,0.063502,-0.278708,0.889094,0.352928,-0.465896,-0.445837,0.327233,-2.673728,-0.578904,1.985880,-1.653653,-1.723524,2.605259,0.753209,0.004433,0.062406,0.455406,-0.008868,-0.336244,-1.350734,0.078914
10.962011,0.928192,-0.028339,2.338964,-0.234617,-1.034790,-1.101476,0.556526,0.044394,-0.256460,0.861572,0.356965,-0.467950,-0.445770,0.327163,-2.673731,-0.578850,1.986338,-1.653661,-1.723864,2.603918,0.753282,0.001805,0.060226,0.455619,-0.008533,-0.336779,-1.350184,0.076887
10.963116,0.931931,-0.026804,2.336741,-0.235063,-1.037113,-1.099836,0.556236,0.021304,-0.230363,0.832094,0.357907,-0.469985,-0.445655,0.327108,-2.673727,-0.578795,1.986798,-1.653670,-1.724192,2.602555,0.753358,0.003631,0.057919,0.455182,-0.008325,-0.335700,-1.352894,0.076441
10.963995,0.932762,-0.030533,2.328996,-0.235502,-1.033830,-1.101180,0.555961,-0.003986,-0.199372,0.801149,0.357573,-0.471934,-0.445606,0.327064,-2.673727,-0.578739,1.987255,-1.653679,-1.724527,2.601203,0.753438,0.002887,0.057570,0.457205,-0.008965,-0.334336,-1.357154,0.077132
10.964962,0.936567,-0.026909,2.325885,-0.233953,-1.035137,-1.102928,0.555497,-0.032246,-0.164376,0.768203,0.356158,-0.473889,-0.445901,0.327039,-2.673723,-0.578676,1.987724,-1.653690,-1.724874,2.599844,0.753516,0.003357,0.059564,0.460540,-0.009307,-0.337620,-1.356127,0.077702
10.966020,0.939118,-0.026166,2.326031,-0.238437,-1.036106,-1.106415,0.557034,-0.063429,-0.126389,0.732910,0.354639,-0.475878,-0.446806,0.327031,-2.673724,-0.578622,1.988184,-1.653704,-1.725209,2.598480,0.753598,0.002455,0.058004,0.462149,-0.011668,-0.336692,-1.355585,0.078671
10.967010,0.939965,-0.023766,2.326971,-0.238854,-1.038881,-1.104777,0.556922,-0.128598,-0.046731,0.660308,0.351779,-0.479763,-0.450185,0.326986,-2.673720,-0.578513,1.989110,-1.653713,-1.725879,2.595761,0.753747,0.002848,0.057120,0.462293,-0.008938,-0.334220,-1.357318,0.075993
10.968040,0.940530,-0.019264,2.325309,-0.240150,-1.039607,-1.109146,0.557598,-0.128598,-0.046731,0.660308,0.351779,-0.479763,-0.450185,0.326986,-2.673720,-0.578513,1.989110,-1.653713,-1.725879,2.595761,0.753747,0.002848,0.057120,0.462293,-0.008938,-0.334220,-1.357318,0.075993
10.969158,0.941396,-0.017035,2.330899,-0.240844,-1.038827,-1.113354,0.557674,-0.161395,-0.008783,0.625771,0.347881,-0.481615,-0.452275,0.326936,-2.673718,-0.578461,1.989573,-1.653720,-1.726211,2.594400,0.753818,0.003613,0.055246,0.463525,-0.008672,-0.334209,-1.354716,0.074729
10.970008,0.940199,-0.024137,2.326942,-0.241529,-1.039261,-1.114718,0.557818,-0.194951,0.029076,0.591399,0.343278,-0.483355,-0.454704,0.326893,-2.673712,-0.578408,1.990036,-1.653729,-1.726555,2.593063,0.753895,0.004271,0.054592,0.461605,-0.009086,-0.335927,-1.353351,0.074707
10.971014,0.939083,-0.020454,2.321682,-0.243896,-1.040518,-1.109977,0.558642,-0.227925,0.063520,0.559385,0.337439,-0.484901,-0.457443,0.326882,-2.673703,-0.578343,1.990497,-1.653736,-1.726887,2.591710,0.753968,0.005660,0.058235,0.462992,-0.009235,-0.335472,-1.352115,0.074446
10.971995,0.940435,-0.017441,2.319638,-0.243449,-1.038987,-1.102592,0.557473,-0.262767,0.091666,0.529393,0.328205,-0.486285,-0.460793,0.326923,-2.673695,-0.578291,1.990971,-1.653740,-1.727220,2.590353,0.754039,0.007163,0.056696,0.465760,-0.007924,-0.334806,-1.358547,0.072883
10.972964,0.944745,-0.020845,2.314834,-0.244469,-1.039989,-1.102816,0.558658,-0.303457,0.116989,0.497331,0.315843,-0.487572,-0.465172,0.327041,-2.673688,-0.578237,1.991443,-1.653751,-1.727563,2.588967,0.754120,0.007414,0.055504,0.466754,-0.009284,-0.336753,-1.367146,0.075308
10.974078,0.943926,-0.022472,2.313937,-0.245173,-1.043122,-1.107985,0.557813,-0.347102,0.141569,0.463661,0.303185,-0.488668,-0.470370,0.327239,-2.673685,-0.578176,1.991912,-1.653759,-1.727897,2.587589,0.754190,0.006210,0.057442,0.469145,-0.009216,-0.336166,-1.367983,0.072977
10.975051,0.944956,-0.018564,2.308725,-0.246119,-1.041204,-1.111769,0.558578,-0.390202,0.162891,0.431020,0.291099,-0.489546,-0.476042,0.327487,-2.673673,-0.578114,1.992383,-1.653770,-1.728231,2.586239,0.754266,0.007667,0.058590,0.470353,-0.009557,-0.334024,-1.365481,0.074826
10.976015,0.945116,-0.018555,2.312499,-0.245643,-1.043356,-1.108860,0.558033,-0.435147,0.181431,0.397244,0.279362,-0.490333,-0.482348,0.327771,-2.673665,-0.578061,1.992864,-1.653780,-1.728565,2.584870,0.754333,0.008056,0.056913,0.472817,-0.009511,-0.336434,-1.362915,0.073363
10.977012,0.951824,-0.017340,2.312714,-0.248593,-1.045534,-1.103532,0.559056,-0.482522,0.199464,0.360816,0.269166,-0.491045,-0.489316,0.328083,-2.673655,-0.578003,1.993330,-1.653793,-1.728901,2.583503,0.754410,0.008857,0.057171,0.470856,-0.010822,-0.334644,-1.367041,0.074535
10.978005,0.950271,-0.019317,2.313536,-0.249248,-1.043495,-1.102209,0.559562,-0.524952,0.214106,0.327811,0.261423,-0.491509,-0.496098,0.328394,-2.673653,-0.577947,1.993803,-1.653796,-1.729234,2.582112,0.754477,0.006485,0.056854,0.470857,-0.008928,-0.333027,-1.373722,0.072568
10.979083,0.950319,-0.020598,2.313641,-0.249719,-1.041146,-1.106586,0.559234,-0.556162,0.220879,0.304440,0.255212,-0.491657,-0.501751,0.328661,-2.673641,-0.577885,1.994270,-1.653805,-1.729572,2.580722,0.754547,0.008196,0.058087,0.470575,-0.009250,-0.335595,-1.376295,0.071663
10.979990,0.956854,-0.020332,2.316244,-0.249128,-1.043473,-1.107138,0.559330,-0.578240,0.218964,0.289892,0.249037,-0.491604,-0.506119,0.328864,-2.673631,-0.577824,1.994743,-1.653816,-1.729918,2.579362,0.754621,0.009164,0.059033,0.471077,-0.009775,-0.338698,-1.374172,0.072448
10.981076,0.961933,-0.012634,2.318659,-0.253511,-1.049009,-1.107976,0.558653,-0.591451,0.208992,0.283531,0.243737,-0.491320,-0.509122,0.328997,-2.673628,-0.577765,1.995212,-1.653832,-1.730248,2.577989,0.754691,0.006762,0.059074,0.469357,-0.011067,-0.336557,-1.374203,0.072308
10.982089,0.966970,-0.013066,2.319329,-0.252148,-1.050453,-1.111577,0.558904,-0.591213,0.192236,0.287670,0.241449,-0.490654,-0.510331,0.329066,-2.673624,-0.577717,1.995678,-1.653833,-1.730571,2.576630,0.754768,0.005324,0.055664,0.468841,-0.007876,-0.332000,-1.375764,0.073783
10.983069,0.973154,-0.015047,2.318082,-0.253258,-1.051842,-1.120669,0.559200,-0.576525,0.171636,0.301965,0.243145,-0.489621,-0.509621,0.329078,-2.673624,-0.577659,1.996150,-1.653850,-1.730901,2.575261,0.754837,0.003853,0.056213,0.468700,-0.010090,-0.331248,-1.373736,0.073369
10.984008,0.978310,-0.018783,2.315880,-0.255247,-1.051448,-1.124586,0.558644,-0.548143,0.148359,0.325341,0.249450,-0.488330,-0.507210,0.329029,-2.673626,-0.577599,1.996620,-1.653859,-1.731229,2.573900,0.754909,0.001798,0.057448,0.469339,-0.009879,-0.330397,-1.365925,0.072858
10.985037,0.986219,-0.016541,2.317843,-0.256502,-1.054478,-1.121671,0.557891,-0.507204,0.120325,0.357876,0.259087,-0.486924,-0.503392,0.328937,-2.673627,-0.577538,1.997093,-1.653864,-1.731562,2.572549,0.754987,0.000211,0.059497,0.470195,-0.008860,-0.331138,-1.363054,0.074028
10.985953,0.990801,-0.013063,2.319027,-0.257052,-1.055824,-1.116420,0.558160,-0.454304,0.085669,0.400333,0.269986,-0.485492,-0.498314,0.328845,-2.673635,-0.577481,1.997564,-1.653871,-1.731891,2.571164,0.755065,-0.002584,0.058672,0.469491,-0.008668,-0.328803,-1.367723,0.075618
10.987021,0.997221,-0.018546,2.325083,-0.260078,-1.056240,-1.112410,0.559155,-0.387859,0.045810,0.453610,0.282600,-0.483964,-0.491881,0.328747,-2.673642,-0.577427,1.998026,-1.653880,-1.732213,2.569769,0.755141,-0.003828,0.057162,0.468634,-0.008990,-0.327824,-1.373500,0.075103
10.988113,0.996177,-0.014460,2.320571,-0.259755,-1.054798,-1.115291,0.557500,-0.306114,0.000233,0.519766,0.296336,-0.482244,-0.483761,0.328606,-2.673651,-0.577362,1.998488,-1.653883,-1.732543,2.568391,0.755211,-0.005827,0.060209,0.466219,-0.007121,-0.328280,-1.379606,0.073222
10.989009,0.997003,-0.014949,2.322980,-0.261383,-1.057377,-1.114701,0.556754,-0.213458,-0.051486,0.596810,0.308620,-0.480404,-0.474095,0.328423,-2.673654,-0.577305,1.998959,-1.653895,-1.732876,2.567007,0.755295,-0.004098,0.058504,0.469175,-0.008468,-0.330670,-1.378945,0.076663
10.990097,1.000263,-0.010074,2.329791,-0.265378,-1.060221,-1.118034,0.555453,-0.121906,-0.103235,0.674718,0.318207,-0.478668,-0.463927,0.328231,-2.673658,-0.577245,1.999426,-1.653902,-1.733201,2.565639,0.755375,-0.003545,0.058915,0.467502,-0.007708,-0.328294,-1.380035,0.078155
10.991160,1.003035,-0.009822,2.330669,-0.266075,-1.063812,-1.119561,0.555870,-0.037344,-0.152160,0.748975,0.323820,-0.477095,-0.453770,0.328046,-2.673663,-0.577193,1.999891,-1.653900,-1.733524,2.564258,0.755459,-0.003990,0.056887,0.464779,-0.005004,-0.326461,-1.378941,0.080842
10.991963,1.003089,-0.009537,2.324858,-0.266877,-1.061906,-1.115328,0.556055,0.041398,-0.199333,0.821167,0.324556,-0.475631,-0.443618,0.327853,-2.673668,-0.577137,2.000349,-1.653907,-1.733838,2.562862,0.755536,-0.004210,0.057146,0.465014,-0.005435,-0.323868,-1.379374,0.080071
10.992994,1.000953,-0.015009,2.323858,-0.267504,-1.061123,-1.115926,0.555730,0.112508,-0.242828,0.889055,0.321223,-0.474373,-0.433961,0.327638,-2.673669,-0.577081,2.000820,-1.653913,-1.734170,2.561481,0.755615,-0.003375,0.057109,0.466924,-0.005420,-0.325631,-1.383137,0.079691
10.993993,1.002407,-0.012088,2.328642,-0.267708,-1.057664,-1.113972,0.555646,0.171164,-0.281299,0.948631,0.313649,-0.473517,-0.425453,0.327407,-2.673667,-0.577014,2.001291,-1.653920,-1.734497,2.560086,0.755697,-0.001253,0.060083,0.467717,-0.005837,-0.327168,-1.384144,0.080415
10.995030,1.002690,-0.011201,2.333764,-0.267760,-1.058668,-1.113793,0.554610,0.216719,-0.316238,0.999887,0.301643,-0.473087,-0.418204,0.327183,-2.673668,-0.576958,2.001747,-1.653929,-1.734844,2.558708,0.755777,-0.000950,0.058871,0.465587,-0.006596,-0.331074,-1.387541,0.080636
10.996011,1.005112,-0.008545,2.335947,-0.269811,-1.057451,-1.115125,0.554712,0.254971,-0.349043,1.046762,0.287521,-0.472862,-0.411735,0.326969,-2.673666,-0.576898,2.002208,-1.653938,-1.735174,2.557308,0.755860,-0.000023,0.058736,0.463479,-0.007550,-0.330777,-1.389368,0.082787
10.996994,1.006881,-0.006023,2.342023,-0.271885,-1.055486,-1.118753,0.554428,0.290871,-0.380049,1.092155,0.273446,-0.472664,-0.405638,0.326766,-2.673666,-0.576842,2.002666,-1.653941,-1.735506,2.555911,0.755945,-0.000231,0.057683,0.462573,-0.006555,-0.332513,-1.389152,0.082590
10.997948,1.008580,-0.005778,2.342607,-0.271916,-1.051763,-1.125204,0.553955,0.326544,-0.409846,1.137396,0.259745,-0.472416,-0.399739,0.326578,-2.673664,-0.576788,2.003123,-1.653944,-1.735844,2.554543,0.756030,-0.000113,0.056730,0.459699,-0.005575,-0.334940,-1.386827,0.083198
10.999114,1.005151,-0.006054,2.343497,-0.273020,-1.052218,-1.128688,0.554101,0.363207,-0.438893,1.183073,0.246796,-0.472021,-0.394099,0.326426,-2.673664,-0.576731,2.003585,-1.653950,-1.736189,2.553163,0.756118,0.000031,0.056862,0.459402,-0.006528,-0.338948,-1.381320,0.084157
11.000124,1.005624,-0.002899,2.342021,-0.274280,-1.053339,-1.124646,0.552734,0.397054,-0.465839,1.225664,0.234675,-0.471483,-0.389399,0.326338,-2.673654,-0.576672,2.004044,-1.653956,-1.736531,2.551793,0.756202,0.002862,0.057426,0.460198,-0.006635,-0.339589,-1.380978,0.083958
11.001052,1.005079,-0.004491,2.339009,-0.274453,-1.051622,-1.113800,0.551975,0.420614,-0.487714,1.258944,0.222384,-0.470913,-0.386551,0.326335,-2.673648,-0.576619,2.004510,-1.653963,-1.736873,2.550384,0.756294,0.003583,0.056172,0.461170,-0.006402,-0.338973,-1.386417,0.086736
11.002153,1.004320,-0.006798,2.333019,-0.275614,-1.052781,-1.114806,0.551136,0.431256,-0.502931,1.280529,0.209605,-0.470339,-0.385819,0.326421,-2.673640,-0.576558,2.004969,-1.653972,-1.737215,2.548958,0.756389,0.004732,0.057168,0.462526,-0.007119,-0.340916,-1.397771,0.088215
11.003055,1.000359,-0.008056,2.330001,-0.274284,-1.053861,-1.112735,0.550854,0.428621,-0.512042,1.290122,0.196135,-0.469803,-0.387109,0.326582,-2.673631,-0.576495,2.005443,-1.653979,-1.737561,2.547568,0.756483,0.006144,0.058645,0.466214,-0.007074,-0.340566,-1.399003,0.089935
11.004041,1.002003,-0.008622,2.330784,-0.277321,-1.052315,-1.112736,0.550623,0.409714,-0.515156,1.285288,0.181531,-0.469500,-0.390552,0.326782,-2.673615,-0.576434,2.005912,-1.653993,-1.737904,2.546156,0.756574,0.008894,0.059411,0.467279,-0.009130,-0.339570,-1.401366,0.090463
11.004980,1.004406,-0.002048,2.331182,-0.275593,-1.053547,-1.108570,0.550108,0.375275,-0.513691,1.266775,0.165789,-0.469532,-0.395935,0.326980,-2.673605,-0.576373,2.006376,-1.653996,-1.738247,2.544741,0.756669,0.008950,0.059911,0.466997,-0.007159,-0.341558,-1.402417,0.090919
11.005963,1.009751,0.000433,2.330054,-0.276824,-1.052260,-1.105874,0.551203,0.332917,-0.509496,1.240065,0.150821,-0.469774,-0.402477,0.327139,-2.673595,-0.576322,2.006843,-1.654010,-1.738589,2.543333,0.756761,0.008593,0.056892,0.466610,-0.009696,-0.340536,-1.407287,0.091942
11.007104,1.009756,-0.001179,2.330547,-0.278492,-1.051481,-1.112620,0.550434,0.291809,-0.501409,1.210089,0.141072,-0.470032,-0.409364,0.327220,-2.673591,-0.576268,2.007310,-1.654018,-1.738934,2.541908,0.756848,0.006881,0.055981,0.467260,-0.009390,-0.342238,-1.410961,0.089743
11.008121,1.012214,0.003837,2.332955,-0.278459,-1.049539,-1.114605,0.550586,0.255805,-0.490224,1.179469,0.137567,-0.470295,-0.416039,0.327213,-2.673580,-0.576209,2.007781,-1.654027,-1.739281,2.540516,0.756943,0.007961,0.057207,0.467945,-0.008837,-0.343993,-1.406841,0.091371
11.009050,1.016209,0.010366,2.328887,-0.280530,-1.050705,-1.118644,0.549230,0.223772,-0.478111,1.148639,0.138364,-0.470656,-0.422251,0.327146,-2.673572,-0.576157,2.008251,-1.654037,-1.739633,2.539110,0.757034,0.007688,0.055039,0.466962,-0.009837,-0.346386,-1.406328,0.091069
11.010090,1.019455,0.010890,2.324055,-0.280884,-1.052488,-1.113819,0.549591,0.194419,-0.462934,1.116076,0.143819,-0.471140,-0.427980,0.327047,-2.673569,-0.576111,2.008718,-1.654046,-1.739975,2.537699,0.757135,0.006600,0.052116,0.468785,-0.008632,-0.345386,-1.402800,0.093760
11.011067,1.024558,0.008295,2.325858,-0.280623,-1.052700,-1.119012,0.549249,0.165776,-0.441507,1.079370,0.154284,-0.471826,-0.433362,0.326928,-2.673564,-0.576060,2.009196,-1.654057,-1.740321,2.536290,0.757230,0.006009,0.052279,0.471472,-0.009242,-0.344201,-1.409357,0.093016
11.011964,1.027465,0.010588,2.317888,-0.283477,-1.046955,-1.124474,0.548266,0.139397,-0.416404,1.040830,0.168803,-0.472766,-0.438173,0.326784,-2.673563,-0.576002,2.009673,-1.654070,-1.740662,2.534892,0.757327,0.004455,0.053849,0.470451,-0.010347,-0.344401,-1.405153,0.093696
11.013025,1.031107,0.009061,2.320896,-0.282465,-1.043754,-1.125522,0.548643,0.117829,-0.392165,1.004254,0.185820,-0.473985,-0.442162,0.326623,-2.673563,-0.575951,2.010151,-1.654075,-1.741022,2.533514,0.757427,0.003944,0.052938,0.473924,-0.008392,-0.350097,-1.400115,0.095615
11.013988,1.032800,0.008925,2.316525,-0.284577,-1.043158,-1.123270,0.547463,0.100010,-0.370034,0.969827,0.203775,-0.475535,-0.445492,0.326459,-2.673560,-0.575893,2.010626,-1.654090,-1.741386,2.532105,0.757520,0.003185,0.054062,0.472805,-0.010332,-0.353780,-1.400967,0.094861
11.015034,1.044414,0.013944,2.319182,-0.286202,-1.039058,-1.119641,0.547597,0.086258,-0.351463,0.938876,0.221631,-0.477360,-0.448169,0.326280,-2.673556,-0.575838,2.011104,-1.654097,-1.741747,2.530679,0.757623,0.003296,0.054401,0.474848,-0.009148,-0.354489,-1.404014,0.097203
11.016088,1.043499,0.019227,2.315356,-0.287385,-1.035852,-1.122245,0.547097,0.080183,-0.337875,0.914933,0.239187,-0.479291,-0.449804,0.326067,-2.673566,-0.575790,2.011576,-1.654107,-1.742111,2.529276,0.757721,-0.001346,0.052309,0.473865,-0.008536,-0.359072,-1.409403,0.096915
11.017001,1.045651,0.023713,2.315138,-0.289023,-1.033213,-1.120593,0.547048,0.083853,-0.326841,0.898775,0.257663,-0.481164,-0.450170,0.325803,-2.673561,-0.575745,2.012062,-1.654114,-1.742484,2.527861,0.757823,0.000202,0.050146,0.476056,-0.008414,-0.362646,-1.408466,0.097922
11.017995,1.046495,0.031146,2.317717,-0.292447,-1.032321,-1.125409,0.546287,0.091124,-0.313182,0.884836,0.276953,-0.483013,-0.449790,0.325491,-2.673560,-0.575700,2.012537,-1.654120,-1.742856,2.526437,0.757922,0.000057,0.048259,0.475718,-0.007691,-0.365114,-1.410458,0.097957
11.019136,1.049979,0.031461,2.314182,-0.294649,-1.032142,-1.129810,0.545361,0.095630,-0.294356,0.868794,0.295099,-0.484873,-0.449169,0.325162,-2.673559,-0.575661,2.013013,-1.654123,-1.743221,2.525050,0.758025,0.000662,0.045023,0.474445,-0.005361,-0.366216,-1.406903,0.099458
11.020125,1.047987,0.033763,2.310199,-0.292904,-1.031803,-1.127307,0.545827,0.094817,-0.270932,0.849845,0.310024,-0.486722,-0.448621,0.324856,-2.673558,-0.575614,2.013490,-1.654125,-1.743588,2.523634,0.758133,0.000076,0.045454,0.477117,-0.004450,-0.367177,-1.405098,0.101314
11.020991,1.050305,0.031727,2.308753,-0.294745,-1.027807,-1.126557,0.544771,0.085507,-0.242779,0.825769,0.321187,-0.488642,-0.448744,0.324582,-2.673552,-0.575573,2.013975,-1.654138,-1.743957,2.522230,0.758229,0.002061,0.044754,0.478981,-0.007090,-0.367675,-1.408823,0.100345
11.022059,1.051966,0.031814,2.312094,-0.295132,-1.024489,-1.124019,0.544626,0.067589,-0.210963,0.796643,0.329211,-0.490669,-0.449784,0.324329,-2.673552,-0.575526,2.014459,-1.654141,-1.744337,2.520810,0.758336,0.001772,0.046077,0.478878,-0.006166,-0.371273,-1.409422,0.102384
11.023035,1.051243,0.035563,2.312666,-0.295508,-1.023469,-1.126114,0.543160,0.046908,-0.181036,0.768587,0.333768,-0.492669,-0.451149,0.324121,-2.673549,-0.575479,2.014929,-1.654148,-1.744719,2.519381,0.758438,0.002021,0.046495,0.477727,-0.006872,-0.374942,-1.413782,0.102656
11.023989,1.053472,0.042697,2.317028,-0.296218,-1.025723,-1.125233,0.544262,0.028567,-0.156444,0.746289,0.335200,-0.494469,-0.452256,0.323990,-2.673542,-0.575437,2.015407,-1.654157,-1.745099,2.517981,0.758547,0.003327,0.045053,0.477345,-0.007421,-0.375943,-1.412704,0.105546
11.025045,1.055483,0.047586,2.317015,-0.301299,-1.024565,-1.131341,0.543877,0.013448,-0.134718,0.729055,0.335534,-0.495975,-0.453040,0.323933,-2.673539,-0.575400,2.015882,-1.654165,-1.745466,2.516561,0.758648,0.003151,0.041956,0.474950,-0.007648,-0.373705,-1.414344,0.103246
11.026036,1.051884,0.047333,2.312308,-0.301950,-1.023179,-1.138684,0.544272,0.000905,-0.113334,0.715348,0.335389,-0.497169,-0.453562,0.323917,-2.673536,-0.575364,2.016354,-1.654162,-1.745845,2.515177,0.758755,0.003212,0.040111,0.475428,-0.003839,-0.375234,-1.410117,0.104016
11.026947,1.050788,0.046599,2.309424,-0.303579,-1.024256,-1.133368,0.544132,-0.015661,-0.091023,0.700312,0.332324,-0.498223,-0.454461,0.323951,-2.673526,-0.575322,2.016834,-1.654169,-1.746228,2.513772,0.758854,0.005948,0.040720,0.477753,-0.004227,-0.376649,-1.403930,0.103190
11.028079,1.047641,0.052699,2.313421,-0.303967,-1.021913,-1.131673,0.542870,-0.044364,-0.067419,0.678203,0.323996,-0.499345,-0.456649,0.324063,-2.673516,-0.575280,2.017309,-1.654170,-1.746599,2.512346,0.758957,0.007306,0.041475,0.478746,-0.003635,-0.375391,-1.409651,0.103414
11.029030,1.045242,0.049624,2.310978,-0.305533,-1.023125,-1.123932,0.542912,-0.085814,-0.043070,0.648597,0.310681,-0.500517,-0.460335,0.324283,-2.673501,-0.575246,2.017789,-1.654176,-1.746983,2.510933,0.759068,0.009889,0.039093,0.477492,-0.004438,-0.378344,-1.413831,0.105944
11.029987,1.045987,0.049463,2.305748,-0.305537,-1.023002,-1.125499,0.543009,-0.137068,-0.019013,0.613761,0.293376,-0.501620,-0.465252,0.324618,-2.673486,-0.575201,2.018272,-1.654179,-1.747355,2.509494,0.759171,0.011890,0.041056,0.478436,-0.003913,-0.377077,-1.422207,0.105783
11.031092,1.046496,0.053076,2.302681,-0.305459,-1.022281,-1.128975,0.544080,-0.196014,0.002747,0.575436,0.272498,-0.502621,-0.471134,0.325024,-2.673471,-0.575159,2.018753,-1.654185,-1.747735,2.508090,0.759278,0.012326,0.041549,0.480818,-0.004906,-0.377150,-1.421409,0.105523
11.032091,1.045465,0.056001,2.309323,-0.308231,-1.023887,-1.127793,0.542256,-0.261387,0.023453,0.532839,0.250487,-0.503528,-0.477985,0.325440,-2.673458,-0.575121,2.019244,-1.654194,-1.748115,2.506665,0.759375,0.013058,0.040347,0.482840,-0.006046,-0.378392,-1.420093,0.103392
11.033013,1.051126,0.059376,2.304974,-0.308129,-1.023943,-1.125598,0.541963,-0.330542,0.044708,0.486401,0.229766,-0.504303,-0.485616,0.325855,-2.673440,-0.575083,2.019713,-1.654195,-1.748486,2.505227,0.759489,0.014411,0.039402,0.479603,-0.004401,-0.376948,-1.422381,0.107017
11.034070,1.050813,0.058735,2.305849,-0.310771,-1.026208,-1.120958,0.542488,-0.396937,0.064423,0.441212,0.211287,-0.504833,-0.493280,0.326263,-2.673432,-0.575049,2.020199,-1.654204,-1.748863,2.503800,0.759600,0.012407,0.038199,0.481315,-0.005391,-0.376721,-1.424957,0.107477
11.035063,1.056421,0.062606,2.304820,-0.312896,-1.023890,-1.127103,0.542023,-0.455151,0.080586,0.401471,0.195783,-0.505067,-0.500272,0.326614,-2.673416,-0.575007,2.020685,-1.654204,-1.749236,2.502351,0.759705,0.013506,0.039067,0.481131,-0.003968,-0.374842,-1.431194,0.106395
11.035996,1.059663,0.062103,2.306175,-0.312599,-1.025515,-1.125681,0.542527,-0.503961,0.091687,0.368610,0.182424,-0.505055,-0.506118,0.326872,-2.673409,-0.574972,2.021167,-1.654206,-1.749613,2.500920,0.759812,0.011619,0.037653,0.481599,-0.002973,-0.377299,-1.425976,0.107289
11.037028,1.063433,0.067621,2.304594,-0.314725,-1.032636,-1.128169,0.541752,-0.540871,0.096760,0.344476,0.171538,-0.504775,-0.510383,0.327037,-2.673398,-0.574932,2.021644,-1.654213,-1.749985,2.499503,0.759916,0.010849,0.038351,0.480572,-0.004217,-0.375547,-1.428021,0.106200
11.038025,1.065922,0.068405,2.310034,-0.313418,-1.035839,-1.134058,0.541383,-0.563850,0.096674,0.329742,0.164608,-0.504219,-0.512864,0.327124,-2.673391,-0.574901,2.022123,-1.654216,-1.750337,2.498079,0.760029,0.009943,0.036193,0.481590,-0.003220,-0.368884,-1.426967,0.107715
11.039145,1.067020,0.067911,2.315555,-0.316528,-1.036513,-1.140109,0.540293,-0.569712,0.085248,0.326125,0.164271,-0.502610,-0.512859,0.327161,-2.673372,-0.574829,2.023078,-1.654224,-1.751063,2.495261,0.760257,0.010143,0.037277,0.476852,-0.003692,-0.366069,-1.418626,0.110530
11.040162,1.069641,0.065418,2.317436,-0.314409,-1.038191,-1.144081,0.540365,-0.569712,0.085248,0.326125,0.164271,-0.502610,-0.512859,0.327161,-2.673372,-0.574829,2.023078,-1.654224,-1.751063,2.495261,0.760257,0.010143,0.037277,0.476852,-0.003692,-0.366069,-1.418626,0.110530
11.041076,1.077785,0.064060,2.320129,-0.316561,-1.040453,-1.135254,0.540176,-0.552378,0.068779,0.340545,0.167878,-0.501665,-0.510460,0.327109,-2.673364,-0.574788,2.023549,-1.654238,-1.751421,2.493833,0.760368,0.009784,0.039033,0.476136,-0.006732,-0.364761,-1.415961,0.110301
11.042026,1.089503,0.067359,2.322968,-0.318206,-1.044523,-1.131164,0.538686,-0.518711,0.041362,0.369653,0.172958,-0.500545,-0.506388,0.326977,-2.673364,-0.574747,2.024024,-1.654240,-1.751779,2.492403,0.760478,0.006627,0.040102,0.474365,-0.005559,-0.362482,-1.425197,0.110592
11.043041,1.090818,0.068765,2.317308,-0.320926,-1.046237,-1.127656,0.538157,-0.460447,0.000635,0.420041,0.180577,-0.498964,-0.499956,0.326763,-2.673371,-0.574711,2.024497,-1.654244,-1.752125,2.490963,0.760598,0.001828,0.038923,0.472748,-0.004925,-0.358635,-1.429822,0.113477
11.043970,1.093798,0.073311,2.316451,-0.322722,-1.049368,-1.127513,0.537197,-0.378146,-0.050655,0.490568,0.190634,-0.496867,-0.491133,0.326491,-2.673369,-0.574673,2.024973,-1.654245,-1.752479,2.489532,0.760715,0.002249,0.038760,0.475776,-0.003370,-0.357372,-1.434584,0.114429
11.045112,1.095114,0.078662,2.321403,-0.324723,-1.054741,-1.133521,0.536554,-0.286147,-0.104335,0.568972,0.201087,-0.494555,-0.481068,0.326191,-2.673370,-0.574639,2.025450,-1.654248,-1.752830,2.488096,0.760833,0.001729,0.036963,0.475822,-0.002614,-0.354335,-1.435083,0.116239
11.046001,1.098731,0.084212,2.324378,-0.326705,-1.060653,-1.130777,0.536052,-0.196381,-0.153738,0.645168,0.210495,-0.492244,-0.470791,0.325880,-2.673365,-0.574608,2.025921,-1.654250,-1.753166,2.486653,0.760954,0.002211,0.035025,0.474261,-0.001894,-0.350039,-1.431452,0.117468
11.047026,1.099439,0.084308,2.320871,-0.328190,-1.063587,-1.133024,0.535517,-0.111688,-0.196314,0.716586,0.218935,-0.489948,-0.460660,0.325555,-2.673366,-0.574577,2.026389,-1.654248,-1.753500,2.485228,0.761075,0.001327,0.032743,0.472292,-0.000995,-0.344234,-1.434331,0.118321
11.048101,1.102751,0.081402,2.324661,-0.327696,-1.064099,-1.131472,0.535770,-0.033369,-0.231783,0.782458,0.226037,-0.487764,-0.450947,0.325220,-2.673363,-0.574543,2.026869,-1.654249,-1.753839,2.483788,0.761199,0.002018,0.033314,0.474242,-0.000694,-0.341949,-1.433346,0.119284
11.049035,1.101362,0.078397,2.324521,-0.328671,-1.060140,-1.127218,0.533270,0.037665,-0.262379,0.842987,0.231056,-0.485843,-0.441957,0.324879,-2.673364,-0.574505,2.027336,-1.654256,-1.754180,2.482332,0.761317,0.001478,0.035366,0.472919,-0.002303,-0.342248,-1.436635,0.118698
11.050007,1.103455,0.077718,2.324726,-0.330469,-1.059171,-1.128793,0.533990,0.103695,-0.293245,0.901666,0.233213,-0.484188,-0.433593,0.324554,-2.673359,-0.574464,2.027808,-1.654259,-1.754533,2.480895,0.761449,0.003109,0.037291,0.472728,-0.002341,-0.346347,-1.441338,0.123576
11.051152,1.107196,0.084623,2.329054,-0.328217,-1.063704,-1.129283,0.532961,0.165171,-0.327909,0.960299,0.231153,-0.482760,-0.425724,0.324278,-2.673358,-0.574426,2.028273,-1.654260,-1.754878,2.479446,0.761568,0.003045,0.038100,0.472653,-0.001661,-0.347633,-1.440445,0.121963
11.052181,1.109297,0.087884,2.338756,-0.334049,-1.062809,-1.135323,0.533797,0.222398,-0.364052,1.017675,0.226828,-0.481475,-0.418386,0.324046,-2.673356,-0.574398,2.028742,-1.654272,-1.755215,2.478012,0.761701,0.002326,0.035398,0.471462,-0.005000,-0.344150,-1.442486,0.123958
11.053050,1.110662,0.086756,2.333762,-0.334253,-1.063917,-1.137846,0.532561,0.279063,-0.398735,1.074574,0.223444,-0.480154,-0.411321,0.323835,-2.673353,-0.574365,2.029206,-1.654266,-1.755562,2.476578,0.761820,0.002324,0.034388,0.466953,-0.000461,-0.345637,-1.437757,0.122163
11.054052,1.109476,0.092006,2.338185,-0.337568,-1.062857,-1.142890,0.532012,0.335222,-0.433202,1.131745,0.219415,-0.478703,-0.404420,0.323652,-2.673350,-0.574329,2.029672,-1.654270,-1.755900,2.475141,0.761951,0.002504,0.035390,0.468938,-0.001228,-0.344504,-1.435057,0.124481
11.055034,1.107290,0.089877,2.334587,-0.336700,-1.064489,-1.138449,0.531025,0.385306,-0.466798,1.185241,0.212621,-0.477180,-0.398307,0.323527,-2.673343,-0.574302,2.030137,-1.654265,-1.756249,2.473732,0.762078,0.004067,0.033381,0.466898,0.000822,-0.346018,-1.431272,0.125437
11.055999,1.107671,0.088776,2.332754,-0.336811,-1.062948,-1.130430,0.530142,0.423367,-0.496542,1.229785,0.202745,-0.475665,-0.393843,0.323483,-2.673331,-0.574264,2.030611,-1.654271,-1.756585,2.472275,0.762211,0.006045,0.034978,0.468711,-0.001096,-0.344826,-1.436589,0.127260
11.057154,1.105791,0.092111,2.328276,-0.336051,-1.064451,-1.131033,0.529793,0.447407,-0.521691,1.263474,0.190256,-0.474193,-0.391458,0.323529,-2.673322,-0.574225,2.031078,-1.654275,-1.756936,2.470825,0.762344,0.006742,0.035998,0.469583,-0.002005,-0.346643,-1.445300,0.128854
11.058042,1.104517,0.090915,2.326468,-0.334212,-1.065516,-1.125833,0.528992,0.456689,-0.540433,1.284430,0.176978,-0.472824,-0.391366,0.323654,-2.673309,-0.574192,2.031557,-1.654282,-1.757287,2.469366,0.762472,0.008733,0.035034,0.472769,-0.003979,-0.346121,-1.447079,0.129466
11.059036,1.104185,0.094824,2.328138,-0.334993,-1.065598,-1.123600,0.527462,0.429543,-0.548895,1.280483,0.156709,-0.470690,-0.398159,0.324026,-2.673280,-0.574121,2.032502,-1.654300,-1.757979,2.466451,0.762748,0.011191,0.034707,0.472594,-0.006849,-0.345583,-1.455722,0.133776
11.060129,1.110050,0.097589,2.330318,-0.336891,-1.069433,-1.121239,0.526923,0.429543,-0.548895,1.280483,0.156709,-0.470690,-0.398159,0.324026,-2.673280,-0.574121,2.032502,-1.654300,-1.757979,2.466451,0.762748,0.011191,0.034707,0.472594,-0.006849,-0.345583,-1.455722,0.133776
11.061017,1.107708,0.097937,2.327938,-0.338330,-1.069603,-1.118560,0.527177,0.403169,-0.542513,1.263358,0.151459,-0.469785,-0.403659,0.324216,-2.673274,-0.574090,2.032976,-1.654305,-1.758316,2.464974,0.762883,0.009359,0.034085,0.472537,-0.006200,-0.342872,-1.460489,0.134735
11.061966,1.107687,0.099847,2.323857,-0.339650,-1.067324,-1.127620,0.526845,0.375269,-0.533578,1.242701,0.148502,-0.468924,-0.409399,0.324365,-2.673258,-0.574054,2.033452,-1.654308,-1.758660,2.463495,0.763016,0.011363,0.034405,0.473498,-0.005790,-0.342984,-1.463425,0.134034
11.062971,1.114578,0.103712,2.327057,-0.343089,-1.068367,-1.128843,0.525612,0.342264,-0.522603,1.216510,0.145726,-0.468292,-0.415279,0.324465,-2.673243,-0.574021,2.033935,-1.654313,-1.759014,2.462057,0.763151,0.012236,0.034038,0.475585,-0.005537,-0.345691,-1.455399,0.134548
11.064003,1.113774,0.108036,2.325741,-0.343994,-1.072915,-1.132072,0.524725,0.302516,-0.509299,1.183542,0.142338,-0.467998,-0.421200,0.324547,-2.673238,-0.573991,2.034405,-1.654313,-1.759354,2.460596,0.763294,0.009812,0.032772,0.474496,-0.003346,-0.345385,-1.455843,0.136863
11.064953,1.119557,0.109587,2.321965,-0.344291,-1.073646,-1.131971,0.524016,0.260310,-0.494335,1.146849,0.139021,-0.467998,-0.426658,0.324650,-2.673224,-0.573962,2.034883,-1.654317,-1.759687,2.459159,0.763436,0.011227,0.031336,0.475783,-0.003665,-0.341755,-1.454611,0.138475
11.066046,1.119340,0.111313,2.329518,-0.344341,-1.072628,-1.137802,0.522944,0.217209,-0.476334,1.106796,0.137179,-0.468368,-0.431593,0.324796,-2.673218,-0.573933,2.035368,-1.654325,-1.760032,2.457697,0.763577,0.009281,0.031203,0.477705,-0.004377,-0.341556,-1.455748,0.139709
11.066993,1.120863,0.110662,2.327715,-0.341214,-1.071597,-1.144474,0.523890,0.176255,-0.455712,1.065443,0.138373,-0.469162,-0.435916,0.324982,-2.673203,-0.573902,2.035837,-1.654333,-1.760375,2.456244,0.763725,0.010444,0.031104,0.474972,-0.005492,-0.343703,-1.452408,0.141703
11.068135,1.125561,0.109913,2.329356,-0.344211,-1.071114,-1.141248,0.521692,0.141704,-0.434779,1.026542,0.143981,-0.470329,-0.439490,0.325169,-2.673192,-0.573868,2.036316,-1.654349,-1.760725,2.454808,0.763863,0.010591,0.032015,0.475993,-0.009451,-0.345162,-1.446848,0.139602
11.069042,1.126517,0.110862,2.330419,-0.345874,-1.070732,-1.137552,0.523032,0.115167,-0.415437,0.992008,0.154157,-0.471795,-0.442355,0.325323,-2.673185,-0.573832,2.036792,-1.654354,-1.761074,2.453340,0.764013,0.009407,0.033143,0.476473,-0.007719,-0.346896,-1.453154,0.143915
11.070015,1.127959,0.117150,2.329468,-0.347714,-1.067219,-1.136440,0.522640,0.097494,-0.401289,0.964595,0.165872,-0.473443,-0.444205,0.325448,-2.673174,-0.573799,2.037270,-1.654360,-1.761425,2.451888,0.764150,0.009822,0.033205,0.475771,-0.007045,-0.347520,-1.457458,0.140980
11.070985,1.129785,0.122502,2.326317,-0.349241,-1.065578,-1.137025,0.523422,0.086546,-0.392445,0.943910,0.176425,-0.475180,-0.444916,0.325551,-2.673163,-0.573775,2.037750,-1.654366,-1.761784,2.450418,0.764294,0.010049,0.030748,0.476495,-0.006289,-0.351517,-1.459756,0.141614
11.072090,1.131762,0.128402,2.328767,-0.349805,-1.065424,-1.145376,0.522415,0.076729,-0.382946,0.924287,0.186075,-0.477000,-0.444968,0.325632,-2.673154,-0.573749,2.038226,-1.654372,-1.762139,2.448953,0.764431,0.010092,0.028774,0.478329,-0.005844,-0.353613,-1.460347,0.139868
11.073024,1.131335,0.133319,2.330907,-0.350756,-1.068611,-1.145966,0.522213,0.063754,-0.367033,0.900556,0.196262,-0.478880,-0.444979,0.325691,-2.673144,-0.573727,2.038705,-1.654379,-1.762500,2.447512,0.764576,0.010213,0.026704,0.478132,-0.006491,-0.354743,-1.454672,0.141781
11.073970,1.133750,0.135482,2.326155,-0.353025,-1.070061,-1.147250,0.522918,0.047158,-0.342926,0.871731,0.208059,-0.480724,-0.445314,0.325735,-2.673131,-0.573704,2.039186,-1.654387,-1.762841,2.446050,0.764718,0.011311,0.024938,0.477023,-0.006515,-0.351977,-1.454995,0.141972
11.075159,1.136803,0.134783,2.325112,-0.352933,-1.070505,-1.144975,0.523519,0.026892,-0.311849,0.838637,0.220556,-0.482474,-0.446179,0.325774,-2.673121,-0.573681,2.039664,-1.654390,-1.763194,2.444606,0.764856,0.011018,0.024573,0.479524,-0.005360,-0.350947,-1.454783,0.140374
11.076156,1.139834,0.133023,2.322725,-0.352934,-1.068784,-1.142576,0.523046,0.002962,-0.276517,0.802554,0.232119,-0.484163,-0.447717,0.325804,-2.673112,-0.573653,2.040149,-1.654399,-1.763548,2.443127,0.764989,0.010697,0.025842,0.481522,-0.006749,-0.351912,-1.460485,0.139117
11.076977,1.143439,0.137053,2.319642,-0.351919,-1.066674,-1.145758,0.523191,-0.021287,-0.240974,0.767155,0.242460,-0.485780,-0.449712,0.325836,-2.673101,-0.573623,2.040634,-1.654408,-1.763904,2.441651,0.765133,0.010158,0.027392,0.483032,-0.007775,-0.354229,-1.464280,0.139907
11.078028,1.143447,0.140411,2.320862,-0.354260,-1.068934,-1.145456,0.524066,-0.041399,-0.207397,0.735867,0.253040,-0.487245,-0.451843,0.325882,-2.673095,-0.573602,2.041119,-1.654421,-1.764262,2.440205,0.765271,0.009186,0.025951,0.483788,-0.009521,-0.356158,-1.460805,0.139383
11.078995,1.146973,0.145590,2.321628,-0.357289,-1.069987,-1.150474,0.524955,-0.056603,-0.174667,0.708532,0.264992,-0.488534,-0.454031,0.325934,-2.673082,-0.573580,2.041607,-1.654426,-1.764619,2.438732,0.765407,0.010210,0.025105,0.483774,-0.008338,-0.354662,-1.463149,0.137496
11.079987,1.148888,0.148710,2.320368,-0.358556,-1.068084,-1.154085,0.524910,-0.069227,-0.142410,0.683862,0.276603,-0.489692,-0.456229,0.325978,-2.673075,-0.573562,2.042087,-1.654429,-1.764971,2.437267,0.765538,0.009413,0.023289,0.483579,-0.006438,-0.354107,-1.459241,0.135580
11.080954,1.150677,0.147375,2.315264,-0.360132,-1.070883,-1.152746,0.526146,-0.081010,-0.110954,0.661183,0.286124,-0.490740,-0.458459,0.326014,-2.673066,-0.573542,2.042574,-1.654436,-1.765330,2.435824,0.765673,0.009462,0.022534,0.484486,-0.006259,-0.356573,-1.457217,0.135547
11.081944,1.146361,0.151196,2.320950,-0.360819,-1.070488,-1.155426,0.524904,-0.093763,-0.080557,0.639304,0.292869,-0.491646,-0.460986,0.326057,-2.673056,-0.573516,2.043058,-1.654442,-1.765680,2.434361,0.765802,0.009512,0.023908,0.487185,-0.005756,-0.354239,-1.459772,0.132920
11.083051,1.147336,0.154152,2.318913,-0.360149,-1.073372,-1.150422,0.525478,-0.110109,-0.052369,0.617004,0.295620,-0.492369,-0.464148,0.326139,-2.673038,-0.573497,2.043540,-1.654449,-1.766037,2.432911,0.765943,0.012583,0.022769,0.484596,-0.006157,-0.355206,-1.458559,0.135287
11.084110,1.147178,0.154606,2.311436,-0.361606,-1.073713,-1.150831,0.526406,-0.131285,-0.025954,0.593425,0.294762,-0.492863,-0.468190,0.326282,-2.673026,-0.573478,2.044037,-1.654461,-1.766388,2.431421,0.766072,0.013152,0.022215,0.486513,-0.007937,-0.353381,-1.466113,0.134033
11.085002,1.147403,0.156358,2.304653,-0.362160,-1.072912,-1.150989,0.526893,-0.159450,0.001426,0.565696,0.291812,-0.493174,-0.473401,0.326462,-2.673010,-0.573454,2.044531,-1.654469,-1.766739,2.429937,0.766197,0.014220,0.022810,0.490861,-0.007588,-0.353948,-1.467644,0.132091
11.085979,1.149026,0.158526,2.310107,-0.361217,-1.076909,-1.147280,0.528624,-0.199045,0.032176,0.529291,0.286939,-0.493473,-0.480122,0.326641,-2.672993,-0.573431,2.045031,-1.654480,-1.767096,2.428478,0.766326,0.014888,0.022579,0.493720,-0.007905,-0.354891,-1.467908,0.130966
11.087071,1.148094,0.164722,2.310619,-0.362609,-1.077920,-1.145700,0.528588,-0.247282,0.065212,0.485941,0.281151,-0.493789,-0.487987,0.326788,-2.672979,-0.573411,2.045522,-1.654493,-1.767440,2.426992,0.766447,0.014987,0.022257,0.491054,-0.009782,-0.351466,-1.472812,0.127389
11.088083,1.151028,0.163438,2.308592,-0.363313,-1.078088,-1.141960,0.529479,-0.295816,0.097837,0.442025,0.276504,-0.494037,-0.496087,0.326890,-2.672960,-0.573393,2.046011,-1.654501,-1.767793,2.425513,0.766575,0.016440,0.020060,0.491684,-0.009537,-0.351492,-1.476758,0.127422
11.088966,1.153881,0.163711,2.310585,-0.365023,-1.076154,-1.147884,0.530515,-0.341570,0.128706,0.400135,0.273250,-0.494244,-0.503821,0.326972,-2.672944,-0.573368,2.046509,-1.654511,-1.768152,2.424010,0.766694,0.015889,0.021484,0.492942,-0.009858,-0.351937,-1.481916,0.125550
11.090018,1.157424,0.173075,2.317280,-0.366200,-1.078000,-1.150950,0.530627,-0.381762,0.154139,0.363419,0.270309,-0.494427,-0.510509,0.327046,-2.672929,-0.573344,2.046995,-1.654519,-1.768507,2.422530,0.766813,0.015257,0.021971,0.491519,-0.009063,-0.354007,-1.476090,0.123355
11.091050,1.161139,0.172624,2.319066,-0.369034,-1.080759,-1.150676,0.531584,-0.410990,0.171357,0.336366,0.268057,-0.494498,-0.515409,0.327112,-2.672916,-0.573333,2.047479,-1.654528,-1.768861,2.421067,0.766934,0.014486,0.018207,0.488821,-0.008984,-0.352952,-1.475135,0.123088
11.092000,1.164510,0.178685,2.320199,-0.370664,-1.081115,-1.156654,0.530508,-0.425969,0.180767,0.321102,0.267351,-0.494371,-0.518128,0.327187,-2.672904,-0.573311,2.047969,-1.654532,-1.769209,2.419583,0.767050,0.013627,0.019286,0.488415,-0.007342,-0.350993,-1.477165,0.121103
11.093008,1.170950,0.172697,2.324003,-0.369527,-1.083129,-1.159362,0.531909,-0.427278,0.182617,0.317439,0.267418,-0.494070,-0.518694,0.327308,-2.672892,-0.573300,2.048454,-1.654539,-1.769569,2.418130,0.767179,0.012850,0.017069,0.487879,-0.006735,-0.350996,-1.472185,0.123162
11.094043,1.172506,0.167814,2.319510,-0.368626,-1.081758,-1.160524,0.532056,-0.414092,0.176073,0.326230,0.268425,-0.493624,-0.517234,0.327475,-2.672886,-0.573271,2.048943,-1.654553,-1.769914,2.416657,0.767292,0.010669,0.020820,0.486294,-0.008836,-0.349702,-1.471060,0.120263
11.094984,1.176647,0.167245,2.321460,-0.371598,-1.085474,-1.153992,0.532577,-0.384317,0.158321,0.349640,0.270991,-0.493007,-0.513861,0.327642,-2.672875,-0.573241,2.049432,-1.654567,-1.770269,2.415173,0.767409,0.010923,0.023973,0.489086,-0.010703,-0.351853,-1.471671,0.119941
11.096005,1.183368,0.171572,2.328838,-0.371833,-1.090228,-1.147060,0.532599,-0.341151,0.128044,0.386228,0.273411,-0.492254,-0.508929,0.327786,-2.672867,-0.573216,2.049918,-1.654570,-1.770607,2.413691,0.767525,0.009789,0.024904,0.488026,-0.008776,-0.348617,-1.479074,0.118805
11.097110,1.189976,0.173384,2.329981,-0.373472,-1.089518,-1.152361,0.533101,-0.284293,0.085749,0.436681,0.274683,-0.491311,-0.502257,0.327893,-2.672863,-0.573196,2.050400,-1.654582,-1.770944,2.412184,0.767641,0.007503,0.023539,0.484815,-0.009566,-0.344721,-1.487492,0.118712
11.098002,1.191543,0.174890,2.332648,-0.373870,-1.091313,-1.153373,0.534338,-0.209599,0.033768,0.503095,0.276773,-0.490074,-0.493457,0.327934,-2.672861,-0.573170,2.050880,-1.654591,-1.771291,2.410690,0.767757,0.005395,0.023476,0.485304,-0.009096,-0.346608,-1.484491,0.117678
11.098999,1.188863,0.180872,2.334030,-0.376526,-1.094932,-1.155882,0.534612,-0.120048,-0.023515,0.581692,0.280916,-0.488601,-0.482913,0.327885,-2.672854,-0.573147,2.051366,-1.654601,-1.771637,2.409219,0.767868,0.005539,0.023370,0.483610,-0.009589,-0.345021,-1.483862,0.115107
11.099988,1.193611,0.187081,2.339659,-0.378933,-1.099925,-1.154605,0.535306,-0.026240,-0.080938,0.663859,0.285524,-0.487084,-0.471604,0.327751,-2.672842,-0.573130,2.051846,-1.654606,-1.771972,2.407730,0.767980,0.007864,0.021197,0.483303,-0.008023,-0.342178,-1.482677,0.114527
11.101029,1.196535,0.186654,2.336967,-0.381193,-1.100551,-1.153600,0.534452,0.062386,-0.133555,0.742200,0.288680,-0.485720,-0.460437,0.327557,-2.672839,-0.573115,2.052321,-1.654612,-1.772301,2.406250,0.768090,0.006513,0.018928,0.480844,-0.006721,-0.337981,-1.485301,0.113087
11.102030,1.198975,0.184427,2.334380,-0.380671,-1.103041,-1.152182,0.535336,0.144198,-0.180362,0.815653,0.289570,-0.484574,-0.449754,0.327350,-2.672834,-0.573091,2.052808,-1.654618,-1.772638,2.404750,0.768206,0.006148,0.019970,0.482790,-0.005629,-0.338351,-1.488029,0.114778
11.103105,1.198997,0.180532,2.343905,-0.378940,-1.103537,-1.149432,0.536080,0.218797,-0.222925,0.884400,0.287710,-0.483682,-0.439833,0.327165,-2.672829,-0.573066,2.053294,-1.654631,-1.772969,2.403236,0.768316,0.005983,0.021829,0.484413,-0.007109,-0.336688,-1.490670,0.112936
11.104099,1.199419,0.183261,2.338445,-0.380495,-1.104590,-1.150581,0.534964,0.288171,-0.264712,0.950749,0.283593,-0.482996,-0.430634,0.326988,-2.672819,-0.573036,2.053769,-1.654646,-1.773307,2.401743,0.768424,0.007057,0.024536,0.480503,-0.009835,-0.337304,-1.495563,0.111450
11.105053,1.201567,0.188924,2.336058,-0.381758,-1.102892,-1.153487,0.535830,0.354490,-0.307980,1.016805,0.278072,-0.482427,-0.421912,0.326815,-2.672810,-0.573012,2.054261,-1.654655,-1.773639,2.400243,0.768542,0.007828,0.023885,0.483517,-0.009279,-0.337039,-1.495602,0.113647
11.106045,1.203588,0.189155,2.338137,-0.383905,-1.104398,-1.158329,0.535543,0.411488,-0.347304,1.075981,0.271781,-0.482065,-0.414200,0.326663,-2.672802,-0.572994,2.054743,-1.654663,-1.773981,2.398765,0.768652,0.007706,0.021812,0.484770,-0.009042,-0.339308,-1.493639,0.111817
11.107045,1.204911,0.188345,2.344395,-0.383947,-1.101123,-1.165264,0.536265,0.454742,-0.377946,1.123129,0.265226,-0.481965,-0.407941,0.326515,-2.672795,-0.572970,2.055224,-1.654667,-1.774324,2.397276,0.768764,0.007716,0.022465,0.484038,-0.008013,-0.338465,-1.490065,0.112367
11.108015,1.206728,0.191111,2.343169,-0.384837,-1.100712,-1.162444,0.536172,0.488500,-0.403596,1.162349,0.257965,-0.482015,-0.402825,0.326356,-2.672787,-0.572945,2.055693,-1.654679,-1.774669,2.395787,0.768871,0.008062,0.023604,0.481416,-0.008976,-0.342479,-1.484468,0.110871
11.109096,1.206527,0.189216,2.343239,-0.386477,-1.100068,-1.156622,0.537855,0.517968,-0.428240,1.198476,0.250120,-0.482077,-0.398617,0.326198,-2.672778,-0.572923,2.056178,-1.654687,-1.775013,2.394307,0.768981,0.008126,0.022952,0.482210,-0.009081,-0.343449,-1.488493,0.111022
11.110012,1.208052,0.189944,2.347848,-0.386860,-1.098595,-1.151950,0.537719,0.543258,-0.452207,1.231704,0.241461,-0.482076,-0.395512,0.326064,-2.672767,-0.572895,2.056665,-1.654695,-1.775367,2.392791,0.769080,0.009297,0.024701,0.482979,-0.008620,-0.345053,-1.496403,0.107659
11.110994,1.203660,0.188436,2.337045,-0.387787,-1.099592,-1.152393,0.537613,0.564527,-0.477206,1.263004,0.230746,-0.481910,-0.393497,0.325977,-2.672758,-0.572869,2.057140,-1.654705,-1.775713,2.391266,0.769190,0.009427,0.024967,0.480579,-0.009139,-0.346866,-1.501325,0.107896
11.112111,1.201765,0.193299,2.337384,-0.388093,-1.098328,-1.150143,0.538562,0.579025,-0.502934,1.290278,0.217274,-0.481576,-0.392782,0.325954,-2.672739,-0.572840,2.057637,-1.654714,-1.776063,2.389773,0.769296,0.012519,0.026400,0.486128,-0.009224,-0.346425,-1.501990,0.108077
11.113065,1.199358,0.195784,2.335504,-0.389038,-1.098568,-1.141694,0.537807,0.550800,-0.532790,1.297091,0.182735,-0.481232,-0.398315,0.326098,-2.672701,-0.572793,2.058610,-1.654736,-1.776766,2.386723,0.769510,0.016492,0.024287,0.487921,-0.010048,-0.349025,-1.515810,0.107676
11.114049,1.200905,0.196038,2.333626,-0.389531,-1.100351,-1.137752,0.538794,0.550800,-0.532790,1.297091,0.182735,-0.481232,-0.398315,0.326098,-2.672701,-0.572793,2.058610,-1.654736,-1.776766,2.386723,0.769510,0.016492,0.024287,0.487921,-0.010048,-0.349025,-1.515810,0.107676
11.115075,1.199305,0.202374,2.336417,-0.388369,-1.098366,-1.144908,0.538827,0.454103,-0.525360,1.240045,0.146581,-0.481649,-0.410538,0.326397,-2.672659,-0.572747,2.059585,-1.654765,-1.777470,2.383672,0.769718,0.018244,0.022509,0.488101,-0.012543,-0.350556,-1.514843,0.105591
11.116104,1.202796,0.208035,2.338313,-0.391280,-1.098160,-1.149198,0.539266,0.454103,-0.525360,1.240045,0.146581,-0.481649,-0.410538,0.326397,-2.672659,-0.572747,2.059585,-1.654765,-1.777470,2.383672,0.769718,0.018244,0.022509,0.488101,-0.012543,-0.350556,-1.514843,0.105591
11.117016,1.202059,0.209717,2.340083,-0.394578,-1.096324,-1.150867,0.539578,0.394439,-0.509332,1.196555,0.133522,-0.482240,-0.417309,0.326528,-2.672644,-0.572732,2.060076,-1.654772,-1.777822,2.382176,0.769820,0.017425,0.020568,0.487603,-0.010732,-0.351497,-1.512211,0.104712
11.118091,1.205910,0.212080,2.341997,-0.394337,-1.098214,-1.148578,0.538375,0.333003,-0.487606,1.148026,0.123709,-0.483130,-0.423722,0.326612,-2.672622,-0.572713,2.060566,-1.654776,-1.778178,2.380661,0.769922,0.018562,0.020453,0.486435,-0.008462,-0.353562,-1.510854,0.104045
11.118987,1.209751,0.207737,2.336620,-0.395475,-1.092333,-1.151712,0.540355,0.274013,-0.465307,1.099781,0.114854,-0.484314,-0.429176,0.326635,-2.672606,-0.572693,2.061046,-1.654789,-1.778531,2.379154,0.770034,0.017618,0.020149,0.486338,-0.009787,-0.352585,-1.515236,0.106465
11.120047,1.214638,0.208103,2.336538,-0.394859,-1.089013,-1.157196,0.540050,0.222265,-0.446040,1.056282,0.107120,-0.485771,-0.433346,0.326575,-2.672591,-0.572665,2.061543,-1.654798,-1.778899,2.377648,0.770127,0.016510,0.022948,0.488600,-0.009544,-0.358569,-1.512220,0.102428
11.121032,1.212211,0.210350,2.330237,-0.394261,-1.090673,-1.150588,0.540985,0.180981,-0.432116,1.020081,0.101272,-0.487447,-0.436250,0.326418,-2.672577,-0.572642,2.062033,-1.654812,-1.779266,2.376132,0.770232,0.015061,0.023561,0.489261,-0.011151,-0.362601,-1.508551,0.103089
11.122025,1.214659,0.212389,2.329375,-0.395023,-1.088568,-1.147376,0.540560,0.148013,-0.421293,0.988601,0.098269,-0.489347,-0.438365,0.326190,-2.672554,-0.572618,2.062533,-1.654829,-1.779629,2.374616,0.770327,0.017126,0.023167,0.492505,-0.012581,-0.361345,-1.516326,0.101209
11.123053,1.218598,0.217835,2.333292,-0.395700,-1.087762,-1.150814,0.541468,0.117532,-0.408798,0.956347,0.098294,-0.491526,-0.440231,0.325932,-2.672537,-0.572596,2.063031,-1.654841,-1.779993,2.373081,0.770430,0.016778,0.022913,0.493039,-0.012772,-0.363969,-1.520523,0.102072
11.124083,1.219150,0.221734,2.334499,-0.396716,-1.084245,-1.157201,0.541360,0.090092,-0.393684,0.923771,0.101289,-0.493899,-0.441670,0.325659,-2.672524,-0.572580,2.063517,-1.654854,-1.780366,2.371575,0.770527,0.015784,0.021041,0.491541,-0.013071,-0.365300,-1.518571,0.100254
11.124959,1.222090,0.223336,2.331227,-0.397258,-1.080567,-1.158839,0.541649,0.069447,-0.376497,0.893962,0.107726,-0.496331,-0.442351,0.325366,-2.672507,-0.572563,2.064009,-1.654867,-1.780746,2.370063,0.770627,0.016457,0.019965,0.491385,-0.013034,-0.369317,-1.513687,0.100502
11.126065,1.222518,0.233005,2.332600,-0.399325,-1.079001,-1.154785,0.542400,0.054553,-0.356955,0.866521,0.116994,-0.498786,-0.442516,0.325045,-2.672492,-0.572544,2.064502,-1.654880,-1.781125,2.368539,0.770726,0.015761,0.019848,0.492511,-0.013286,-0.372839,-1.511964,0.099872
11.127038,1.226818,0.233797,2.329728,-0.401055,-1.076524,-1.153040,0.543414,0.042582,-0.333737,0.839616,0.128150,-0.501251,-0.442625,0.324703,-2.672473,-0.572533,2.064998,-1.654892,-1.781512,2.367019,0.770822,0.016566,0.016000,0.492661,-0.012282,-0.375115,-1.518369,0.098423
11.128013,1.226799,0.235223,2.325176,-0.400806,-1.074793,-1.152794,0.543375,0.031873,-0.305772,0.812426,0.140188,-0.503710,-0.442930,0.324364,-2.672459,-0.572516,2.065496,-1.654902,-1.781903,2.365489,0.770917,0.015305,0.016451,0.494116,-0.011537,-0.377728,-1.520920,0.096395
11.129108,1.226835,0.236695,2.322259,-0.401425,-1.068777,-1.151539,0.544764,0.021547,-0.274514,0.785218,0.151872,-0.506180,-0.443554,0.324061,-2.672442,-0.572500,2.065993,-1.654917,-1.782287,2.363948,0.771015,0.016207,0.016548,0.496433,-0.012670,-0.379651,-1.521942,0.096492
11.130000,1.226328,0.240656,2.328458,-0.399755,-1.065986,-1.151429,0.543476,0.008604,-0.240826,0.756249,0.162380,-0.508703,-0.444759,0.323810,-2.672423,-0.572484,2.066500,-1.654930,-1.782690,2.362433,0.771104,0.017183,0.016760,0.498546,-0.013110,-0.386236,-1.525417,0.093770
11.131011,1.226301,0.245601,2.328254,-0.401447,-1.065420,-1.156489,0.545323,-0.006921,-0.205421,0.725789,0.172122,-0.511184,-0.446450,0.323616,-2.672404,-0.572471,2.066984,-1.654950,-1.783079,2.360902,0.771206,0.018192,0.015527,0.495066,-0.015429,-0.388798,-1.525495,0.096349
11.132017,1.228980,0.248352,2.328050,-0.399938,-1.062230,-1.162575,0.545260,-0.021311,-0.169585,0.696802,0.182273,-0.513446,-0.448245,0.323463,-2.672384,-0.572459,2.067479,-1.654963,-1.783470,2.359401,0.771292,0.019079,0.013959,0.495483,-0.014667,-0.389629,-1.521796,0.092652
11.133029,1.233426,0.250329,2.330989,-0.400254,-1.060231,-1.168187,0.546463,-0.033953,-0.132762,0.669242,0.193777,-0.515413,-0.450216,0.323326,-2.672366,-0.572448,2.067980,-1.654984,-1.783876,2.357885,0.771386,0.018632,0.013506,0.495758,-0.016973,-0.392964,-1.516973,0.092845
11.134097,1.229907,0.252752,2.331989,-0.400688,-1.061691,-1.163391,0.546797,-0.042258,-0.095632,0.644584,0.208035,-0.516985,-0.452476,0.323197,-2.672352,-0.572434,2.068469,-1.655003,-1.784274,2.356367,0.771471,0.017345,0.013400,0.494631,-0.017431,-0.395173,-1.512681,0.090479
11.135091,1.227468,0.254203,2.326775,-0.401326,-1.058887,-1.157677,0.548551,-0.044152,-0.060811,0.625219,0.224600,-0.518057,-0.455054,0.323085,-2.672326,-0.572422,2.068963,-1.655022,-1.784671,2.354854,0.771559,0.020016,0.013148,0.494789,-0.017897,-0.394151,-1.519509,0.089907
11.136060,1.228490,0.253821,2.321397,-0.402324,-1.060264,-1.156676,0.548676,-0.046565,-0.028433,0.607233,0.240178,-0.518685,-0.458450,0.323016,-2.672301,-0.572408,2.069470,-1.655040,-1.785067,2.353308,0.771639,0.022037,0.013293,0.497448,-0.018061,-0.397158,-1.526185,0.086449
11.137073,1.229759,0.255410,2.316590,-0.404906,-1.062121,-1.155874,0.548488,-0.057930,0.002761,0.584824,0.251926,-0.518967,-0.463239,0.323010,-2.672281,-0.572393,2.069972,-1.655059,-1.785460,2.351781,0.771724,0.022335,0.014311,0.500064,-0.017820,-0.395827,-1.527952,0.086278
11.138230,1.224382,0.261677,2.317840,-0.403816,-1.062813,-1.156652,0.549724,-0.081099,0.032398,0.555945,0.258357,-0.518961,-0.469475,0.323083,-2.672258,-0.572379,2.070478,-1.655072,-1.785855,2.350248,0.771809,0.022548,0.014387,0.502628,-0.016171,-0.394225,-1.529998,0.086724
11.139061,1.223214,0.262974,2.314426,-0.401957,-1.063201,-1.147266,0.550636,-0.117804,0.062056,0.518446,0.259653,-0.518770,-0.477098,0.323224,-2.672226,-0.572372,2.070976,-1.655095,-1.786245,2.348701,0.771889,0.026163,0.012349,0.503118,-0.018193,-0.394450,-1.531846,0.084371
11.140085,1.226222,0.264812,2.314833,-0.401979,-1.065720,-1.147505,0.550586,-0.168163,0.095190,0.470526,0.258487,-0.518509,-0.486015,0.323394,-2.672195,-0.572360,2.071485,-1.655120,-1.786641,2.347158,0.771970,0.027277,0.012438,0.503834,-0.020518,-0.393544,-1.540607,0.082559
11.141055,1.228290,0.269892,2.314803,-0.401729,-1.063598,-1.154031,0.551316,-0.225234,0.130831,0.416726,0.257909,-0.518225,-0.495448,0.323558,-2.672169,-0.572347,2.071991,-1.655141,-1.787033,2.345606,0.772053,0.026572,0.012431,0.503846,-0.021239,-0.391341,-1.541524,0.082759
11.142089,1.231408,0.273348,2.321027,-0.402742,-1.065281,-1.155236,0.552470,-0.280282,0.166151,0.363462,0.260005,-0.517966,-0.504409,0.323681,-2.672143,-0.572339,2.072488,-1.655165,-1.787427,2.344063,0.772131,0.026306,0.010780,0.503860,-0.022139,-0.393591,-1.535663,0.081358
11.143044,1.239291,0.278579,2.331755,-0.405784,-1.065273,-1.156278,0.553904,-0.327088,0.199349,0.315396,0.265905,-0.517764,-0.512141,0.323713,-2.672118,-0.572332,2.072990,-1.655187,-1.787818,2.342542,0.772207,0.025592,0.010053,0.501065,-0.021878,-0.392261,-1.536040,0.079153
11.143994,1.244418,0.276287,2.327005,-0.408247,-1.064041,-1.160869,0.553093,-0.355696,0.224869,0.281830,0.275083,-0.517485,-0.517457,0.323613,-2.672100,-0.572326,2.073473,-1.655203,-1.788206,2.341004,0.772276,0.022467,0.008338,0.495745,-0.019637,-0.392359,-1.535599,0.076388
11.145106,1.249941,0.274444,2.322352,-0.408377,-1.061511,-1.163140,0.554422,-0.358436,0.236280,0.270997,0.285319,-0.516995,-0.519450,0.323390,-2.672081,-0.572312,2.073978,-1.655218,-1.788599,2.339487,0.772357,0.020743,0.010337,0.497982,-0.018016,-0.393621,-1.531657,0.078110
11.146038,1.247364,0.279859,2.328279,-0.408357,-1.061389,-1.163395,0.555251,-0.340106,0.233003,0.279924,0.294196,-0.516405,-0.518564,0.323083,-2.672064,-0.572296,2.074488,-1.655238,-1.789003,2.337953,0.772428,0.019004,0.012228,0.501044,-0.018808,-0.396751,-1.531680,0.075571
11.147075,1.248813,0.277379,2.326858,-0.409603,-1.065355,-1.159089,0.554559,-0.273460,0.199338,0.328652,0.306219,-0.515355,-0.511634,0.322346,-2.672015,-0.572273,2.075478,-1.655277,-1.789782,2.334876,0.772576,0.021178,0.012527,0.498991,-0.019106,-0.393223,-1.537605,0.075535
11.148071,1.256066,0.279810,2.334813,-0.410086,-1.069164,-1.152854,0.554570,-0.273460,0.199338,0.328652,0.306219,-0.515355,-0.511634,0.322346,-2.672015,-0.572273,2.075478,-1.655277,-1.789782,2.334876,0.772576,0.021178,0.012527,0.498991,-0.019106,-0.393223,-1.537605,0.075535
11.149007,1.257256,0.281827,2.338239,-0.409294,-1.069993,-1.158669,0.554640,-0.229901,0.171422,0.365321,0.308382,-0.514700,-0.506023,0.322030,-2.672002,-0.572262,2.075972,-1.655297,-1.790158,2.333313,0.772650,0.018474,0.012177,0.495159,-0.019408,-0.389781,-1.544736,0.075601
11.150014,1.258833,0.282222,2.339407,-0.411030,-1.073406,-1.159671,0.555726,-0.172113,0.134210,0.415957,0.309640,-0.513680,-0.498411,0.321781,-2.671983,-0.572250,2.076458,-1.655320,-1.790547,2.331795,0.772724,0.018717,0.011996,0.493394,-0.020829,-0.388985,-1.539330,0.075542
11.151013,1.260760,0.289292,2.341829,-0.410755,-1.075663,-1.159394,0.556163,-0.101568,0.090140,0.478587,0.311136,-0.512314,-0.489122,0.321582,-2.671963,-0.572236,2.076949,-1.655337,-1.790926,2.330252,0.772793,0.018805,0.012687,0.493136,-0.019915,-0.385935,-1.539496,0.073474
11.152014,1.262120,0.289594,2.342036,-0.415007,-1.080209,-1.158142,0.555644,-0.025878,0.043944,0.546525,0.312557,-0.510749,-0.479061,0.321426,-2.671946,-0.572231,2.077436,-1.655360,-1.791303,2.328698,0.772866,0.018739,0.010090,0.492215,-0.020914,-0.384067,-1.540753,0.072723
11.153020,1.267963,0.291378,2.344616,-0.416753,-1.084687,-1.153487,0.555821,0.049091,-0.000558,0.614812,0.313143,-0.509104,-0.468979,0.321315,-2.671926,-0.572216,2.077932,-1.655372,-1.791677,2.327152,0.772943,0.018934,0.010837,0.492323,-0.017592,-0.379918,-1.543048,0.073871
11.154090,1.266833,0.287930,2.341647,-0.417911,-1.084550,-1.156194,0.555926,0.121467,-0.044672,0.683257,0.310420,-0.507442,-0.459054,0.321243,-2.671915,-0.572205,2.078423,-1.655387,-1.792043,2.325591,0.773014,0.016968,0.010848,0.491323,-0.016763,-0.375949,-1.548731,0.073623
11.155104,1.267641,0.289990,2.342193,-0.417329,-1.087119,-1.158337,0.555898,0.190963,-0.091106,0.752808,0.302668,-0.505824,-0.449265,0.321194,-2.671894,-0.572187,2.078914,-1.655404,-1.792420,2.324058,0.773089,0.018501,0.013488,0.493523,-0.016542,-0.376805,-1.547773,0.073545
11.155992,1.271406,0.286439,2.345106,-0.416208,-1.090546,-1.153422,0.554936,0.253134,-0.138485,0.819509,0.290165,-0.504379,-0.440132,0.321169,-2.671877,-0.572174,2.079410,-1.655424,-1.792795,2.322498,0.773163,0.019005,0.013329,0.493517,-0.017928,-0.374676,-1.546719,0.073713
11.157023,1.269019,0.293959,2.345845,-0.417385,-1.088006,-1.160954,0.556060,0.308878,-0.185891,0.882929,0.275296,-0.503108,-0.431754,0.321178,-2.671863,-0.572153,2.079896,-1.655448,-1.793160,2.320926,0.773243,0.017926,0.015802,0.491673,-0.019591,-0.371270,-1.551408,0.075691
11.157987,1.269218,0.296878,2.348487,-0.417715,-1.085973,-1.165859,0.556355,0.361944,-0.232722,0.944809,0.260699,-0.501932,-0.423893,0.321216,-2.671840,-0.572147,2.080386,-1.655467,-1.793537,2.319406,0.773313,0.020018,0.012975,0.491772,-0.019243,-0.374379,-1.545261,0.073533
11.159004,1.274790,0.292271,2.349458,-0.417293,-1.087324,-1.166242,0.555756,0.408045,-0.274124,1.000230,0.247450,-0.500903,-0.417066,0.321273,-2.671819,-0.572135,2.080878,-1.655487,-1.793920,2.317867,0.773384,0.020714,0.012391,0.490468,-0.019638,-0.376580,-1.541072,0.073062
11.159961,1.276403,0.291756,2.346601,-0.417687,-1.089048,-1.161367,0.555653,0.447344,-0.309743,1.048894,0.236054,-0.499978,-0.411526,0.321351,-2.671804,-0.572110,2.081363,-1.655510,-1.794295,2.316312,0.773462,0.018875,0.015517,0.490543,-0.020839,-0.375724,-1.541877,0.074365
11.161072,1.275231,0.292211,2.348958,-0.420061,-1.089094,-1.154899,0.555466,0.485545,-0.344759,1.096214,0.226346,-0.498994,-0.407044,0.321444,-2.671787,-0.572092,2.081858,-1.655532,-1.794666,2.314760,0.773536,0.018965,0.016548,0.492102,-0.021161,-0.374347,-1.547336,0.074639
11.162015,1.273190,0.286478,2.345240,-0.420516,-1.087595,-1.154041,0.556639,0.521420,-0.381118,1.142261,0.216405,-0.497866,-0.403702,0.321552,-2.671763,-0.572073,2.082344,-1.655549,-1.795036,2.313184,0.773616,0.020552,0.017279,0.492102,-0.019812,-0.375340,-1.555822,0.075131
11.162966,1.277062,0.290801,2.344650,-0.422659,-1.089594,-1.152941,0.555932,0.548923,-0.419572,1.183781,0.202760,-0.496548,-0.401701,0.321676,-2.671737,-0.572046,2.082843,-1.655570,-1.795418,2.311643,0.773685,0.022337,0.020852,0.493948,-0.020106,-0.377034,-1.557068,0.072848
11.164025,1.274944,0.295747,2.343839,-0.424291,-1.092217,-1.141059,0.556344,0.565023,-0.460208,1.218673,0.184067,-0.495000,-0.401152,0.321811,-2.671720,-0.572031,2.083343,-1.655587,-1.795791,2.310070,0.773763,0.021239,0.019478,0.494242,-0.018773,-0.375293,-1.558518,0.074358
11.164962,1.269805,0.295039,2.336915,-0.420803,-1.095049,-1.137977,0.555867,0.569679,-0.499087,1.244977,0.162071,-0.493228,-0.402011,0.321977,-2.671693,-0.572017,2.083834,-1.655606,-1.796160,2.308466,0.773838,0.023211,0.017963,0.495459,-0.018064,-0.373477,-1.571797,0.073628
11.166034,1.268426,0.297897,2.340253,-0.420198,-1.097384,-1.146388,0.555748,0.559033,-0.529644,1.257191,0.139206,-0.491417,-0.404417,0.322204,-2.671661,-0.571994,2.084339,-1.655636,-1.796529,2.306900,0.773915,0.026481,0.019059,0.498805,-0.022101,-0.370927,-1.575029,0.074655
11.167004,1.270423,0.302083,2.341161,-0.420878,-1.098661,-1.149496,0.555275,0.529069,-0.547191,1.250086,0.118359,-0.489897,-0.408580,0.322493,-2.671632,-0.571975,2.084838,-1.655663,-1.796891,2.305335,0.773988,0.028026,0.018528,0.497881,-0.023440,-0.369530,-1.568166,0.075011
11.168049,1.277500,0.311239,2.345854,-0.423089,-1.102190,-1.154052,0.555107,0.483850,-0.551842,1.225806,0.101962,-0.488865,-0.414019,0.322810,-2.671606,-0.571959,2.085330,-1.655686,-1.797258,2.303789,0.774067,0.027796,0.017276,0.497667,-0.023471,-0.368705,-1.565810,0.076029
11.169052,1.282396,0.310638,2.345875,-0.423836,-1.105192,-1.152946,0.555935,0.433718,-0.545967,1.191965,0.091749,-0.488343,-0.419718,0.323097,-2.671586,-0.571952,2.085825,-1.655705,-1.797623,2.302222,0.774143,0.025194,0.013697,0.495967,-0.022158,-0.365940,-1.562595,0.076463
11.170067,1.283182,0.310826,2.345668,-0.427019,-1.099334,-1.157221,0.554112,0.389701,-0.533222,1.157344,0.088598,-0.488311,-0.424681,0.323298,-2.671565,-0.571933,2.086317,-1.655726,-1.797978,2.300641,0.774214,0.023638,0.014886,0.496419,-0.022224,-0.363649,-1.564595,0.074893
11.171066,1.287257,0.307737,2.344722,-0.426965,-1.099186,-1.161812,0.554285,0.355702,-0.519422,1.127248,0.089704,-0.488784,-0.428384,0.323404,-2.671539,-0.571916,2.086815,-1.655741,-1.798360,2.299100,0.774299,0.024108,0.015672,0.496967,-0.019987,-0.370077,-1.561478,0.078647
11.172029,1.289583,0.310441,2.347950,-0.424949,-1.101938,-1.151330,0.553742,0.329462,-0.509629,1.102683,0.090753,-0.489763,-0.430871,0.323446,-2.671516,-0.571893,2.087320,-1.655764,-1.798732,2.297538,0.774376,0.022915,0.018017,0.497691,-0.020823,-0.370689,-1.557787,0.078345
11.172990,1.292276,0.312437,2.350602,-0.427559,-1.101643,-1.146125,0.553269,0.312790,-0.505752,1.085634,0.091723,-0.491111,-0.432148,0.323431,-2.671492,-0.571876,2.087810,-1.655792,-1.799097,2.295939,0.774457,0.022568,0.017455,0.496259,-0.023457,-0.368333,-1.568727,0.079496
11.174018,1.292317,0.313180,2.347721,-0.425801,-1.103121,-1.153790,0.553164,0.309981,-0.507680,1.079134,0.094277,-0.492590,-0.431883,0.323372,-2.671471,-0.571857,2.088307,-1.655809,-1.799468,2.294372,0.774541,0.022062,0.017262,0.495048,-0.021648,-0.369030,-1.574378,0.080480
11.174987,1.287461,0.318401,2.346975,-0.426191,-1.104605,-1.156190,0.552243,0.318334,-0.513395,1.080939,0.098013,-0.494088,-0.430223,0.323307,-2.671445,-0.571840,2.088803,-1.655837,-1.799832,2.292805,0.774623,0.022914,0.017781,0.497065,-0.024115,-0.368254,-1.567765,0.080753
11.175993,1.291574,0.325374,2.354688,-0.425201,-1.103771,-1.159208,0.552009,0.326630,-0.516564,1.081075,0.102620,-0.495744,-0.428301,0.323269,-2.671412,-0.571827,2.089303,-1.655862,-1.800199,2.291262,0.774709,0.026073,0.016027,0.497549,-0.024383,-0.367219,-1.566136,0.082646
11.177050,1.290428,0.327815,2.348866,-0.426848,-1.103170,-1.161305,0.549445,0.328933,-0.511514,1.073537,0.109269,-0.497672,-0.426955,0.323272,-2.671390,-0.571816,2.089798,-1.655890,-1.800574,2.289698,0.774794,0.024855,0.013470,0.494070,-0.026010,-0.368586,-1.564082,0.083152
11.177981,1.293438,0.326985,2.349273,-0.427513,-1.099779,-1.156074,0.550416,0.327116,-0.497130,1.059434,0.118989,-0.499848,-0.426401,0.323313,-2.671361,-0.571803,2.090299,-1.655913,-1.800943,2.288117,0.774892,0.026310,0.013243,0.497725,-0.025177,-0.369988,-1.563395,0.088348
11.179139,1.298521,0.331122,2.344604,-0.431537,-1.099393,-1.159777,0.551354,0.320658,-0.475763,1.039712,0.129794,-0.502257,-0.426839,0.323369,-2.671336,-0.571787,2.090798,-1.655937,-1.801326,2.286552,0.774972,0.025542,0.014471,0.497390,-0.025149,-0.373518,-1.568885,0.086380
11.179996,1.299249,0.332045,2.342214,-0.430936,-1.095992,-1.157122,0.549727,0.310198,-0.451808,1.016906,0.138686,-0.504842,-0.428108,0.323410,-2.671316,-0.571775,2.091312,-1.655952,-1.801704,2.284976,0.775052,0.024076,0.013479,0.500908,-0.022258,-0.375013,-1.567576,0.084635
11.181031,1.299087,0.338775,2.339212,-0.431611,-1.096852,-1.157216,0.549645,0.296825,-0.426897,0.992399,0.144703,-0.507517,-0.430061,0.323466,-2.671292,-0.571762,2.091809,-1.655978,-1.802085,2.283417,0.775147,0.024417,0.013788,0.501527,-0.023392,-0.378262,-1.569735,0.087893
11.182086,1.303036,0.341356,2.340315,-0.429851,-1.096811,-1.167296,0.549212,0.279086,-0.398837,0.964150,0.148975,-0.510200,-0.432812,0.323597,-2.671265,-0.571758,2.092321,-1.656001,-1.802465,2.281814,0.775234,0.025354,0.011442,0.503441,-0.023524,-0.377956,-1.570665,0.088085
11.183072,1.302761,0.348687,2.342721,-0.429341,-1.097034,-1.171767,0.549511,0.257123,-0.364481,0.930549,0.154458,-0.512813,-0.436463,0.323806,-2.671243,-0.571746,2.092821,-1.656030,-1.802842,2.280271,0.775326,0.024298,0.011158,0.503537,-0.025971,-0.378711,-1.562088,0.089001
11.183998,1.303823,0.347764,2.337940,-0.430066,-1.094752,-1.172606,0.547329,0.234294,-0.322416,0.892718,0.164504,-0.515280,-0.441015,0.324060,-2.671217,-0.571741,2.093321,-1.656060,-1.803221,2.278738,0.775416,0.025260,0.008462,0.502556,-0.027057,-0.378877,-1.558615,0.088412
11.185086,1.306429,0.348670,2.337947,-0.430161,-1.095139,-1.171042,0.546981,0.211978,-0.274002,0.852162,0.179338,-0.517536,-0.446512,0.324351,-2.671190,-0.571728,2.093834,-1.656086,-1.803602,2.277181,0.775517,0.025460,0.009788,0.504675,-0.026899,-0.381295,-1.557996,0.092783
11.186078,1.306996,0.351318,2.335901,-0.430925,-1.097246,-1.163560,0.545533,0.189678,-0.223682,0.810742,0.196095,-0.519512,-0.452987,0.324690,-2.671165,-0.571717,2.094339,-1.656115,-1.803988,2.275621,0.775613,0.025088,0.010353,0.505479,-0.027548,-0.381647,-1.561446,0.093480
11.187029,1.306023,0.352175,2.325649,-0.431213,-1.095819,-1.162252,0.545640,0.168668,-0.175781,0.771399,0.212600,-0.521119,-0.460213,0.325056,-2.671138,-0.571708,2.094850,-1.656142,-1.804367,2.274032,0.775717,0.025621,0.009973,0.506642,-0.027411,-0.379935,-1.569648,0.096371
11.187991,1.307700,0.354453,2.327805,-0.433572,-1.097710,-1.165212,0.545768,0.145559,-0.130048,0.732042,0.227498,-0.522377,-0.468246,0.325408,-2.671108,-0.571698,2.095366,-1.656169,-1.804748,2.272452,0.775812,0.026833,0.010444,0.511638,-0.027717,-0.381629,-1.571203,0.096117
11.188981,1.308514,0.360332,2.321214,-0.434012,-1.101906,-1.154557,0.544070,0.115250,-0.085442,0.688901,0.239294,-0.523327,-0.477264,0.325722,-2.671083,-0.571688,2.095877,-1.656191,-1.805124,2.270891,0.775908,0.026773,0.010199,0.510435,-0.026074,-0.380023,-1.568736,0.095851
11.190011,1.302387,0.363192,2.318425,-0.435884,-1.103962,-1.150222,0.543685,0.078394,-0.042233,0.642519,0.247693,-0.523943,-0.486928,0.326005,-2.671055,-0.571684,2.096403,-1.656219,-1.805495,2.269286,0.776011,0.027162,0.008253,0.513731,-0.026281,-0.376298,-1.580099,0.099257
11.191094,1.301308,0.363962,2.314454,-0.433035,-1.105470,-1.158310,0.542221,0.032709,0.001799,0.590636,0.252653,-0.524344,-0.496982,0.326299,-2.671016,-0.571677,2.096916,-1.656242,-1.805865,2.267682,0.776113,0.030973,0.007857,0.515464,-0.025198,-0.374939,-1.585354,0.099995
11.191995,1.303909,0.368970,2.320213,-0.433914,-1.107264,-1.161909,0.541381,-0.027529,0.049369,0.528183,0.254173,-0.524818,-0.507518,0.326620,-2.670981,-0.571668,2.097442,-1.656278,-1.806244,2.266126,0.776221,0.032301,0.008517,0.517993,-0.028635,-0.374239,-1.578955,0.102935
11.193036,1.307087,0.376284,2.324630,-0.434491,-1.108319,-1.166377,0.541296,-0.097709,0.099606,0.457842,0.254960,-0.525555,-0.518068,0.326936,-2.670951,-0.571665,2.097948,-1.656307,-1.806614,2.264554,0.776327,0.031644,0.006915,0.514680,-0.028199,-0.372557,-1.575223,0.104531
11.194070,1.315439,0.380388,2.326351,-0.435447,-1.109675,-1.165437,0.541513,-0.164318,0.149041,0.389613,0.258352,-0.526543,-0.527489,0.327185,-2.670922,-0.571666,2.098456,-1.656335,-1.806985,2.262999,0.776432,0.030888,0.004374,0.512961,-0.028303,-0.372222,-1.572147,0.104672
11.195048,1.321417,0.376102,2.328421,-0.437403,-1.106427,-1.167985,0.542151,-0.215471,0.194701,0.332628,0.266377,-0.527715,-0.534796,0.327297,-2.670900,-0.571664,2.098976,-1.656364,-1.807356,2.261413,0.776532,0.027599,0.003412,0.512414,-0.028012,-0.371533,-1.574269,0.104234
11.196035,1.327850,0.376550,2.328012,-0.439120,-1.104213,-1.174096,0.540699,-0.242669,0.230935,0.294890,0.278387,-0.528976,-0.539185,0.327235,-2.670877,-0.571650,2.099482,-1.656390,-1.807734,2.259834,0.776633,0.025461,0.006477,0.511490,-0.026690,-0.375197,-1.572274,0.102928
11.197019,1.328925,0.377353,2.327066,-0.440991,-1.103211,-1.167553,0.541333,-0.242805,0.250520,0.281569,0.290877,-0.530173,-0.540227,0.327029,-2.670860,-0.571640,2.099994,-1.656416,-1.808117,2.258288,0.776744,0.023163,0.007161,0.511800,-0.025660,-0.377754,-1.567005,0.105817
11.197949,1.333001,0.378132,2.327411,-0.440573,-1.108478,-1.159213,0.540172,-0.220826,0.252564,0.290113,0.300822,-0.531193,-0.538333,0.326750,-2.670836,-0.571632,2.100512,-1.656438,-1.808496,2.256695,0.776850,0.023485,0.007710,0.512272,-0.024538,-0.379134,-1.574248,0.104466
11.199041,1.333414,0.380321,2.331648,-0.442474,-1.113296,-1.166619,0.540263,-0.183337,0.240377,0.315314,0.307089,-0.531906,-0.534076,0.326456,-2.670815,-0.571623,2.101019,-1.656466,-1.808862,2.255116,0.776961,0.022233,0.008202,0.511888,-0.025527,-0.374079,-1.582700,0.106742
11.200057,1.337030,0.382576,2.335217,-0.442278,-1.115670,-1.171643,0.539546,-0.134499,0.217218,0.353382,0.309927,-0.532211,-0.527854,0.326187,-2.670792,-0.571615,2.101527,-1.656488,-1.809229,2.253539,0.777071,0.023014,0.008167,0.510566,-0.024511,-0.370237,-1.576932,0.106523
11.200974,1.340464,0.384992,2.332820,-0.441043,-1.116685,-1.167222,0.538541,-0.078104,0.186472,0.400463,0.310056,-0.532105,-0.520204,0.325964,-2.670770,-0.571608,2.102032,-1.656516,-1.809590,2.251962,0.777178,0.022088,0.008036,0.509146,-0.025379,-0.368591,-1.572918,0.107938
11.201980,1.342242,0.387139,2.338909,-0.442561,-1.120207,-1.166254,0.537667,-0.015856,0.152114,0.453667,0.309681,-0.531652,-0.511713,0.325801,-2.670753,-0.571599,2.102546,-1.656547,-1.809956,2.250387,0.777293,0.021204,0.007699,0.510008,-0.027060,-0.367821,-1.577424,0.109851
11.203103,1.344651,0.387524,2.338322,-0.443600,-1.120863,-1.163648,0.537613,0.052221,0.116634,0.512039,0.310541,-0.530933,-0.502792,0.325702,-2.670731,-0.571592,2.103048,-1.656572,-1.810315,2.248789,0.777408,0.021205,0.007612,0.507254,-0.026251,-0.364949,-1.579123,0.111529
11.204065,1.349221,0.383229,2.337826,-0.445304,-1.121744,-1.162578,0.539154,0.124334,0.079457,0.575133,0.311188,-0.530033,-0.493666,0.325644,-2.670711,-0.571581,2.103554,-1.656598,-1.810672,2.247186,0.777522,0.021035,0.008497,0.508616,-0.026040,-0.365523,-1.583707,0.111604
11.204984,1.349510,0.387114,2.340457,-0.445917,-1.122583,-1.163246,0.538072,0.197886,0.038159,0.642516,0.308968,-0.529045,-0.484429,0.325587,-2.670695,-0.571562,2.104066,-1.656622,-1.811038,2.245611,0.777623,0.019644,0.011462,0.508796,-0.025020,-0.365048,-1.585194,0.108459
11.206032,1.346589,0.386304,2.339686,-0.446501,-1.126189,-1.159885,0.537663,0.271630,-0.008903,0.713974,0.302561,-0.528056,-0.475108,0.325522,-2.670674,-0.571555,2.104565,-1.656645,-1.811400,2.244021,0.777741,0.020316,0.010374,0.507285,-0.025057,-0.364492,-1.584421,0.110566
11.207014,1.355268,0.390610,2.342248,-0.446430,-1.124652,-1.166168,0.537748,0.341287,-0.059180,0.785612,0.292028,-0.527177,-0.466023,0.325476,-2.670647,-0.571540,2.105075,-1.656670,-1.811756,2.242438,0.777854,0.022658,0.011741,0.508195,-0.025256,-0.361747,-1.589132,0.111326
11.208017,1.356093,0.390640,2.343241,-0.446275,-1.127297,-1.174188,0.536433,0.404270,-0.108855,0.853834,0.279129,-0.526468,-0.457454,0.325450,-2.670634,-0.571531,2.105581,-1.656696,-1.812126,2.240862,0.777964,0.019231,0.010499,0.507024,-0.025985,-0.363799,-1.583391,0.111087
11.209017,1.351128,0.388334,2.345383,-0.445553,-1.127651,-1.173060,0.537086,0.464761,-0.155915,0.919748,0.267512,-0.525886,-0.449422,0.325427,-2.670612,-0.571518,2.106085,-1.656722,-1.812480,2.239287,0.778081,0.019737,0.011409,0.506843,-0.026832,-0.361835,-1.576240,0.113670
11.210002,1.349948,0.388307,2.343601,-0.447604,-1.124458,-1.168319,0.536599,0.521550,-0.200013,0.982020,0.257766,-0.525419,-0.442346,0.325405,-2.670583,-0.571500,2.106587,-1.656752,-1.812845,2.237719,0.778189,0.023034,0.013428,0.506054,-0.028160,-0.362093,-1.578339,0.112282
11.211077,1.353628,0.386808,2.342054,-0.447533,-1.124606,-1.165953,0.536917,0.567365,-0.242345,1.036753,0.246434,-0.525037,-0.436817,0.325401,-2.670556,-0.571484,2.107100,-1.656774,-1.813214,2.236117,0.778307,0.024401,0.014288,0.507036,-0.026830,-0.365811,-1.583648,0.113193
11.212092,1.355535,0.385357,2.340163,-0.448186,-1.122444,-1.163674,0.535824,0.599773,-0.284028,1.083034,0.231442,-0.524637,-0.433026,0.325432,-2.670535,-0.571464,2.107607,-1.656804,-1.813586,2.234533,0.778418,0.023512,0.015950,0.508527,-0.027617,-0.366474,-1.587559,0.112514
11.213001,1.352086,0.386156,2.340953,-0.448430,-1.121304,-1.157723,0.536231,0.622086,-0.325829,1.122887,0.213692,-0.524133,-0.430799,0.325492,-2.670513,-0.571444,2.108119,-1.656833,-1.813964,2.232933,0.778534,0.023450,0.017509,0.509740,-0.027581,-0.369174,-1.590675,0.114663
11.214096,1.353433,0.390982,2.342893,-0.449421,-1.124784,-1.149447,0.536904,0.636259,-0.367907,1.157256,0.194014,-0.523464,-0.429924,0.325568,-2.670482,-0.571426,2.108624,-1.656861,-1.814333,2.231306,0.778646,0.025869,0.017857,0.509011,-0.027857,-0.370470,-1.596244,0.113723
11.215068,1.352777,0.389001,2.336451,-0.451293,-1.126624,-1.144775,0.536779,0.642163,-0.408559,1.185406,0.172979,-0.522580,-0.430137,0.325649,-2.670455,-0.571413,2.109136,-1.656887,-1.814699,2.229692,0.778755,0.026094,0.016432,0.508825,-0.027667,-0.367932,-1.606149,0.112362
11.215986,1.350153,0.394852,2.337576,-0.452721,-1.125428,-1.150308,0.537289,0.639087,-0.445618,1.205954,0.151026,-0.521526,-0.431069,0.325733,-2.670425,-0.571390,2.109658,-1.656911,-1.815061,2.228071,0.778870,0.027175,0.018216,0.511966,-0.026474,-0.366616,-1.611057,0.112548
11.217051,1.349990,0.398439,2.337951,-0.452989,-1.123925,-1.155817,0.537172,0.623351,-0.477079,1.215397,0.127540,-0.520495,-0.432576,0.325832,-2.670391,-0.571376,2.110165,-1.656934,-1.815433,2.226487,0.778983,0.029141,0.016058,0.511081,-0.025717,-0.368010,-1.605367,0.111424
11.218025,1.348558,0.405512,2.342397,-0.451573,-1.127252,-1.154572,0.536409,0.592744,-0.499765,1.210598,0.103544,-0.519739,-0.434674,0.325935,-2.670359,-0.571363,2.110682,-1.656961,-1.815815,2.224887,0.779093,0.030035,0.015255,0.511437,-0.026195,-0.370215,-1.601228,0.111643
11.219010,1.356542,0.407801,2.339665,-0.455161,-1.128789,-1.156767,0.536182,0.550779,-0.510848,1.192312,0.082537,-0.519470,-0.437208,0.326015,-2.670326,-0.571354,2.111185,-1.656992,-1.816184,2.223273,0.779211,0.031463,0.012641,0.509310,-0.028142,-0.367282,-1.602872,0.113091
11.220069,1.359155,0.401955,2.338025,-0.454836,-1.124973,-1.158576,0.535816,0.505079,-0.510967,1.165587,0.067106,-0.519818,-0.439715,0.326044,-2.670302,-0.571341,2.111697,-1.657011,-1.816549,2.221655,0.779326,0.028268,0.012404,0.510789,-0.025342,-0.366295,-1.601078,0.113457
11.220986,1.360284,0.399043,2.344785,-0.457131,-1.119955,-1.155614,0.537029,0.463337,-0.506475,1.137896,0.056059,-0.520790,-0.441559,0.325982,-2.670273,-0.571317,2.112217,-1.657042,-1.816928,2.220067,0.779442,0.027838,0.016213,0.512060,-0.026348,-0.370866,-1.600654,0.114143
11.222020,1.364856,0.397835,2.339799,-0.455721,-1.120169,-1.154423,0.535375,0.431606,-0.507728,1.117596,0.045502,-0.522200,-0.441987,0.325806,-2.670242,-0.571296,2.112717,-1.657064,-1.817310,2.218455,0.779547,0.027958,0.018376,0.508433,-0.024705,-0.375960,-1.603419,0.111622
11.223062,1.371300,0.406292,2.340295,-0.458234,-1.118247,-1.149738,0.535130,0.413829,-0.520702,1.110022,0.033377,-0.523778,-0.440532,0.325538,-2.670219,-0.571275,2.113237,-1.657095,-1.817688,2.216854,0.779667,0.026554,0.019825,0.511291,-0.026758,-0.376305,-1.605639,0.114913
11.224072,1.369067,0.408465,2.344548,-0.458499,-1.118951,-1.152875,0.535195,0.410000,-0.540886,1.113233,0.022055,-0.525362,-0.437472,0.325237,-2.670197,-0.571265,2.113746,-1.657116,-1.818066,2.215229,0.779782,0.024240,0.016541,0.511497,-0.025064,-0.378890,-1.611334,0.115321
11.225048,1.366534,0.409312,2.338359,-0.457247,-1.120719,-1.159764,0.534180,0.417075,-0.560935,1.122405,0.013778,-0.526828,-0.433278,0.324946,-2.670167,-0.571249,2.114255,-1.657143,-1.818448,2.213644,0.779898,0.026192,0.016371,0.509626,-0.025494,-0.378632,-1.609007,0.115112
11.226081,1.365086,0.414170,2.336468,-0.457670,-1.122610,-1.158859,0.535419,0.426602,-0.576060,1.130358,0.008022,-0.528182,-0.428817,0.324681,-2.670135,-0.571232,2.114777,-1.657174,-1.818826,2.212043,0.780022,0.028190,0.016781,0.512675,-0.027303,-0.377200,-1.602514,0.117051
11.227072,1.364969,0.413598,2.334714,-0.458071,-1.122486,-1.153889,0.534154,0.427024,-0.580960,1.127401,0.004212,-0.529600,-0.425476,0.324449,-2.670104,-0.571220,2.115291,-1.657202,-1.819196,2.210422,0.780133,0.029707,0.015297,0.513965,-0.027540,-0.376004,-1.604409,0.114488
11.227993,1.369316,0.413703,2.323551,-0.456878,-1.120367,-1.157890,0.533775,0.413962,-0.574080,1.110406,0.001514,-0.531162,-0.423879,0.324254,-2.670072,-0.571202,2.115811,-1.657230,-1.819576,2.208815,0.780254,0.030513,0.016444,0.514865,-0.027758,-0.376541,-1.609974,0.116966
11.229049,1.369553,0.416898,2.332452,-0.456392,-1.115610,-1.155797,0.533141,0.389855,-0.557945,1.082138,-0.000522,-0.532911,-0.423979,0.324093,-2.670047,-0.571184,2.116345,-1.657262,-1.819963,2.207208,0.780372,0.029063,0.017156,0.519901,-0.029407,-0.378717,-1.605721,0.117597
11.230045,1.373905,0.418514,2.323227,-0.457157,-1.110086,-1.152804,0.532768,0.360726,-0.535110,1.047332,-0.000463,-0.534900,-0.425495,0.323933,-2.670017,-0.571170,2.116852,-1.657294,-1.820356,2.205611,0.780495,0.029800,0.016502,0.515949,-0.030498,-0.384052,-1.609174,0.118787
11.231037,1.374976,0.425131,2.323644,-0.457916,-1.109698,-1.158552,0.532749,0.333422,-0.508598,1.011872,0.002504,-0.537076,-0.427811,0.323752,-2.669991,-0.571155,2.117383,-1.657323,-1.820760,2.203990,0.780616,0.028434,0.016579,0.520568,-0.030309,-0.389770,-1.612699,0.119436
11.232035,1.376010,0.429132,2.322563,-0.456869,-1.105999,-1.162937,0.531662,0.308427,-0.478280,0.976200,0.008168,-0.539407,-0.430771,0.323569,-2.669963,-0.571145,2.117897,-1.657354,-1.821153,2.202378,0.780735,0.028704,0.014183,0.520422,-0.030113,-0.390382,-1.607391,0.119377
11.233025,1.379579,0.430238,2.317634,-0.456474,-1.102642,-1.168826,0.531329,0.283444,-0.441446,0.937639,0.017234,-0.541901,-0.434604,0.323419,-2.669935,-0.571136,2.118421,-1.657388,-1.821559,2.200790,0.780859,0.028993,0.013144,0.520987,-0.031669,-0.394290,-1.603776,0.121464
11.234053,1.376005,0.435037,2.320932,-0.456609,-1.099984,-1.169134,0.531523,0.258495,-0.397708,0.895824,0.030624,-0.544484,-0.439419,0.323321,-2.669910,-0.571123,2.118953,-1.657422,-1.821960,2.199195,0.780984,0.028015,0.013504,0.523350,-0.032533,-0.397833,-1.598491,0.122003
11.235269,1.377140,0.438796,2.315574,-0.456109,-1.097582,-1.169407,0.531113,0.232978,-0.348774,0.851048,0.047591,-0.546996,-0.445326,0.323282,-2.669873,-0.571115,2.119465,-1.657455,-1.822370,2.197607,0.781107,0.030568,0.012089,0.522015,-0.032951,-0.400748,-1.599293,0.121510
11.235998,1.377889,0.439155,2.314009,-0.457884,-1.091912,-1.166947,0.531643,0.203497,-0.295079,0.801697,0.066507,-0.549283,-0.452592,0.323309,-2.669842,-0.571106,2.120001,-1.657491,-1.822783,2.195989,0.781233,0.030988,0.011406,0.526001,-0.034169,-0.404188,-1.601852,0.122317
11.236989,1.378537,0.437924,2.313797,-0.456239,-1.092248,-1.163203,0.530509,0.168226,-0.237964,0.747476,0.085625,-0.551192,-0.461275,0.323408,-2.669812,-0.571094,2.120520,-1.657522,-1.823198,2.194369,0.781352,0.031082,0.011868,0.525112,-0.032594,-0.408804,-1.602076,0.121044
11.237978,1.380542,0.439322,2.303477,-0.455612,-1.093741,-1.156170,0.530904,0.131736,-0.183559,0.694036,0.102976,-0.552486,-0.470726,0.323575,-2.669780,-0.571080,2.121048,-1.657560,-1.823613,2.192768,0.781479,0.031509,0.013386,0.525161,-0.034653,-0.408481,-1.606453,0.123224
11.239145,1.378327,0.441360,2.306088,-0.457283,-1.097254,-1.151715,0.529580,0.097350,-0.135105,0.644654,0.118544,-0.553071,-0.480465,0.323795,-2.669751,-0.571069,2.121588,-1.657598,-1.824022,2.191133,0.781596,0.031270,0.013591,0.530141,-0.035646,-0.407083,-1.613892,0.122320
11.240079,1.377160,0.446126,2.303397,-0.456007,-1.097674,-1.148910,0.528544,0.061996,-0.090921,0.596445,0.132384,-0.553044,-0.490449,0.324052,-2.669713,-0.571057,2.122124,-1.657632,-1.824421,2.189488,0.781726,0.033277,0.013674,0.529724,-0.034668,-0.404511,-1.620471,0.124938
11.241023,1.377414,0.451124,2.295754,-0.457199,-1.098463,-1.155593,0.528912,0.022709,-0.049548,0.547068,0.143778,-0.552565,-0.500335,0.324339,-2.669677,-0.571049,2.122655,-1.657670,-1.824826,2.187873,0.781857,0.034478,0.012179,0.530624,-0.036277,-0.404029,-1.623171,0.126845
11.242073,1.381343,0.460093,2.300810,-0.458318,-1.099620,-1.163250,0.527433,-0.023209,-0.006989,0.492957,0.153972,-0.551945,-0.509970,0.324631,-2.669641,-0.571044,2.123194,-1.657705,-1.825226,2.186266,0.781982,0.034995,0.010617,0.533963,-0.035463,-0.403243,-1.616467,0.125949
11.242961,1.382306,0.464166,2.300978,-0.459587,-1.099318,-1.161981,0.527367,-0.076105,0.041049,0.431725,0.165082,-0.551524,-0.519332,0.324898,-2.669609,-0.571042,2.123718,-1.657741,-1.825632,2.184678,0.782117,0.033821,0.007215,0.531735,-0.034840,-0.402480,-1.610093,0.128815
11.243977,1.387882,0.465938,2.300997,-0.460322,-1.101991,-1.165275,0.526734,-0.129148,0.093392,0.368396,0.178252,-0.551473,-0.527796,0.325119,-2.669574,-0.571039,2.124251,-1.657773,-1.826039,2.183063,0.782247,0.033943,0.006104,0.530874,-0.033969,-0.402482,-1.610877,0.128742
11.245080,1.394688,0.462131,2.305962,-0.461097,-1.098261,-1.168812,0.526577,-0.174542,0.144980,0.310426,0.192997,-0.551859,-0.534602,0.325265,-2.669546,-0.571032,2.124776,-1.657808,-1.826429,2.181451,0.782380,0.031949,0.006229,0.530998,-0.033727,-0.400199,-1.608344,0.129885
11.246084,1.401288,0.464987,2.309546,-0.462876,-1.097146,-1.164372,0.526247,-0.204134,0.187908,0.266419,0.207914,-0.552635,-0.539036,0.325323,-2.669521,-0.571019,2.125305,-1.657843,-1.826843,2.179857,0.782509,0.029497,0.009185,0.529126,-0.033546,-0.404538,-1.606603,0.130107
11.247124,1.402796,0.464784,2.310603,-0.462623,-1.097364,-1.158768,0.524614,-0.208552,0.213761,0.246115,0.221540,-0.553560,-0.540275,0.325310,-2.669497,-0.571014,2.125835,-1.657876,-1.827248,2.178232,0.782641,0.027054,0.008727,0.527321,-0.032295,-0.405831,-1.611701,0.130632
11.248091,1.411767,0.463894,2.308996,-0.464293,-1.094727,-1.161427,0.524061,-0.185597,0.220361,0.252333,0.232891,-0.554368,-0.538063,0.325268,-2.669468,-0.571003,2.126355,-1.657911,-1.827654,2.176619,0.782779,0.027166,0.009819,0.527134,-0.033075,-0.405948,-1.618339,0.133775
11.248976,1.410297,0.469755,2.312872,-0.462667,-1.096920,-1.163309,0.522678,-0.139508,0.210055,0.281563,0.241558,-0.554846,-0.532775,0.325216,-2.669452,-0.570989,2.126887,-1.657942,-1.828067,2.174999,0.782914,0.023549,0.011133,0.527679,-0.031899,-0.408582,-1.615824,0.134699
11.250014,1.408771,0.476267,2.311171,-0.463499,-1.106083,-1.164538,0.523381,-0.075236,0.187279,0.328690,0.248471,-0.554827,-0.525054,0.325144,-2.669423,-0.570983,2.127405,-1.657981,-1.828466,2.173378,0.783058,0.024991,0.009043,0.525098,-0.033791,-0.406106,-1.613336,0.137252
11.251091,1.413678,0.473778,2.318027,-0.463772,-1.110380,-1.164255,0.521403,-0.003105,0.161526,0.383263,0.255458,-0.554344,-0.516178,0.325046,-2.669394,-0.570982,2.127933,-1.658013,-1.828848,2.171778,0.783192,0.026588,0.006873,0.526207,-0.033528,-0.397466,-1.613217,0.135672
11.252077,1.417205,0.473860,2.321868,-0.464739,-1.113427,-1.161581,0.520994,0.068658,0.137875,0.438170,0.262372,-0.553467,-0.507164,0.324935,-2.669370,-0.570969,2.128457,-1.658049,-1.829237,2.170148,0.783340,0.025042,0.009159,0.523253,-0.033806,-0.393894,-1.614813,0.139509
11.253017,1.421880,0.472469,2.313592,-0.463684,-1.117313,-1.161155,0.521128,0.144387,0.110577,0.498893,0.267500,-0.552091,-0.497735,0.324824,-2.669346,-0.570958,2.128973,-1.658081,-1.829619,2.168515,0.783482,0.024124,0.010018,0.521391,-0.033337,-0.391223,-1.617860,0.140111
11.253943,1.424026,0.471663,2.315052,-0.464612,-1.118536,-1.161020,0.521364,0.226844,0.076278,0.568563,0.270333,-0.550250,-0.487809,0.324692,-2.669326,-0.570945,2.129506,-1.658119,-1.830003,2.166912,0.783621,0.022614,0.011566,0.525121,-0.034730,-0.387472,-1.618312,0.139644
11.255098,1.425937,0.470403,2.317197,-0.463239,-1.122730,-1.157748,0.522940,0.311354,0.037486,0.642712,0.271238,-0.548168,-0.478051,0.324507,-2.669305,-0.570932,2.130023,-1.658153,-1.830384,2.165283,0.783759,0.022351,0.012796,0.524004,-0.034184,-0.386400,-1.618207,0.138978
11.255978,1.433262,0.475776,2.311738,-0.465249,-1.126396,-1.159371,0.521892,0.395284,-0.005195,0.719242,0.270086,-0.545970,-0.468705,0.324261,-2.669283,-0.570913,2.130549,-1.658190,-1.830765,2.163668,0.783888,0.022448,0.014437,0.523923,-0.036205,-0.383274,-1.623724,0.135733
11.257074,1.430160,0.473490,2.314077,-0.466186,-1.128821,-1.170412,0.521084,0.477892,-0.049852,0.796758,0.267947,-0.543758,-0.459792,0.323984,-2.669269,-0.570904,2.131082,-1.658222,-1.831142,2.162045,0.784027,0.019598,0.012543,0.525845,-0.034544,-0.379561,-1.621352,0.137671
11.257990,1.429037,0.477036,2.313925,-0.466636,-1.129957,-1.170446,0.521791,0.554673,-0.092663,0.870423,0.265243,-0.541665,-0.451706,0.323734,-2.669243,-0.570883,2.131600,-1.658257,-1.831511,2.160433,0.784168,0.022127,0.014643,0.525361,-0.034218,-0.378122,-1.611844,0.139144
11.258973,1.430012,0.473633,2.313128,-0.465419,-1.130754,-1.167084,0.522296,0.618330,-0.132099,0.934774,0.260162,-0.539753,-0.445003,0.323534,-2.669217,-0.570872,2.132126,-1.658289,-1.831885,2.158838,0.784298,0.023417,0.013685,0.524921,-0.034185,-0.377136,-1.611767,0.137537
11.260083,1.431751,0.475070,2.313552,-0.467450,-1.130550,-1.163862,0.522461,0.667067,-0.168477,0.988772,0.252372,-0.537979,-0.439936,0.323365,-2.669192,-0.570851,2.132650,-1.658327,-1.832256,2.157214,0.784435,0.023661,0.016138,0.524834,-0.035733,-0.376492,-1.614403,0.136307
11.260964,1.432133,0.468452,2.308536,-0.466821,-1.129365,-1.153589,0.522746,0.704966,-0.204115,1.035936,0.242447,-0.536190,-0.436380,0.323215,-2.669170,-0.570836,2.133171,-1.658359,-1.832633,2.155600,0.784568,0.023659,0.016280,0.524687,-0.034278,-0.377103,-1.617453,0.135784
11.261949,1.427620,0.471353,2.303800,-0.465913,-1.128013,-1.145142,0.524000,0.735336,-0.242631,1.079844,0.229499,-0.534194,-0.434085,0.323082,-2.669146,-0.570810,2.133700,-1.658395,-1.833016,2.153958,0.784698,0.024091,0.020168,0.525875,-0.035139,-0.377780,-1.625477,0.134956
11.263099,1.429378,0.471159,2.302458,-0.465926,-1.132775,-1.137051,0.523118,0.764733,-0.324250,1.149714,0.194784,-0.529438,-0.433595,0.322872,-2.669087,-0.570769,2.134758,-1.658471,-1.833762,2.150654,0.784959,0.026943,0.020340,0.528362,-0.036822,-0.374885,-1.640478,0.133832
11.264004,1.430766,0.474650,2.298297,-0.468504,-1.136990,-1.129702,0.523946,0.764733,-0.324250,1.149714,0.194784,-0.529438,-0.433595,0.322872,-2.669087,-0.570769,2.134758,-1.658471,-1.833762,2.150654,0.784959,0.026943,0.020340,0.528362,-0.036822,-0.374885,-1.640478,0.133832
11.265005,1.428534,0.480735,2.298386,-0.471579,-1.138576,-1.134045,0.525032,0.761037,-0.360490,1.170517,0.175988,-0.526802,-0.435125,0.322823,-2.669060,-0.570753,2.135293,-1.658500,-1.834121,2.148996,0.785087,0.026846,0.019244,0.529166,-0.034616,-0.370480,-1.645592,0.131900
11.266083,1.426729,0.486023,2.295270,-0.470888,-1.140486,-1.142220,0.524535,0.746099,-0.391569,1.181468,0.156425,-0.524106,-0.437028,0.322797,-2.669027,-0.570738,2.135815,-1.658528,-1.834487,2.147384,0.785212,0.028607,0.016966,0.528536,-0.032101,-0.369025,-1.640047,0.129523
11.267079,1.428344,0.488168,2.294776,-0.472966,-1.140530,-1.138497,0.524864,0.716030,-0.412744,1.177824,0.136703,-0.521648,-0.439385,0.322762,-2.668995,-0.570724,2.136349,-1.658563,-1.834856,2.145760,0.785339,0.030235,0.015195,0.529840,-0.033291,-0.367480,-1.631330,0.130362
11.268021,1.435174,0.486733,2.296294,-0.475480,-1.138905,-1.138106,0.524886,0.670482,-0.421149,1.157756,0.118636,-0.519766,-0.442353,0.322701,-2.668964,-0.570708,2.136872,-1.658593,-1.835219,2.144112,0.785467,0.030061,0.014906,0.529453,-0.031690,-0.367566,-1.633807,0.129473
11.269013,1.437978,0.484745,2.293217,-0.474328,-1.136082,-1.138077,0.526525,0.619651,-0.423277,1.130504,0.101888,-0.518534,-0.445037,0.322603,-2.668942,-0.570688,2.137400,-1.658621,-1.835595,2.142497,0.785597,0.027312,0.016294,0.527709,-0.029655,-0.368986,-1.632541,0.129197
11.269998,1.441703,0.480762,2.293379,-0.473449,-1.134147,-1.131187,0.526291,0.576791,-0.428532,1.108476,0.085691,-0.517906,-0.446333,0.322440,-2.668917,-0.570667,2.137933,-1.658654,-1.835975,2.140860,0.785714,0.026648,0.017989,0.528515,-0.031260,-0.371749,-1.631235,0.125719
11.271119,1.449705,0.482583,2.294311,-0.475857,-1.133868,-1.126953,0.527543,0.548820,-0.441233,1.097639,0.070917,-0.517854,-0.445864,0.322192,-2.668892,-0.570641,2.138456,-1.658687,-1.836347,2.139206,0.785841,0.025490,0.020627,0.527751,-0.032538,-0.373654,-1.636710,0.126010
11.272086,1.447234,0.483957,2.291316,-0.475696,-1.133755,-1.129750,0.527740,0.540231,-0.463578,1.101835,0.058046,-0.518195,-0.443312,0.321876,-2.668875,-0.570621,2.138984,-1.658714,-1.836719,2.137572,0.785956,0.022423,0.020520,0.527325,-0.030823,-0.374418,-1.640727,0.123349
11.273015,1.447726,0.485904,2.294118,-0.475920,-1.134167,-1.128826,0.528057,0.549410,-0.493684,1.119500,0.046669,-0.518709,-0.438829,0.321543,-2.668846,-0.570598,2.139518,-1.658747,-1.837087,2.135933,0.786077,0.024342,0.020489,0.527932,-0.031403,-0.374481,-1.636294,0.122784
11.274064,1.449111,0.491361,2.295470,-0.474033,-1.135218,-1.132347,0.529672,0.567385,-0.525822,1.142734,0.036344,-0.519286,-0.433282,0.321244,-2.668819,-0.570579,2.140035,-1.658778,-1.837458,2.134314,0.786199,0.024715,0.020177,0.525576,-0.031581,-0.373843,-1.635497,0.121937
11.275120,1.445935,0.491906,2.287352,-0.476474,-1.139182,-1.131712,0.529723,0.589745,-0.555032,1.166876,0.028529,-0.519837,-0.427387,0.320999,-2.668793,-0.570564,2.140564,-1.658815,-1.837832,2.132685,0.786308,0.024777,0.018260,0.524531,-0.033864,-0.372995,-1.631153,0.118560
11.276026,1.440503,0.493068,2.284824,-0.476779,-1.142029,-1.125635,0.530690,0.610517,-0.576216,1.186106,0.024052,-0.520365,-0.422139,0.320803,-2.668761,-0.570544,2.141094,-1.658843,-1.838191,2.131034,0.786425,0.027091,0.018781,0.528284,-0.031996,-0.369374,-1.630962,0.118336
11.277016,1.443640,0.497230,2.284035,-0.475669,-1.138911,-1.125632,0.530443,0.616989,-0.586606,1.191438,0.019246,-0.520963,-0.418704,0.320657,-2.668725,-0.570526,2.141625,-1.658873,-1.838555,2.129405,0.786535,0.030311,0.018843,0.528295,-0.032105,-0.366303,-1.635069,0.116213
11.278075,1.443427,0.497982,2.276449,-0.477075,-1.139199,-1.126579,0.532352,0.606047,-0.586769,1.181452,0.012429,-0.521716,-0.417345,0.320546,-2.668697,-0.570512,2.142157,-1.658909,-1.838924,2.127768,0.786653,0.029382,0.017532,0.527932,-0.033570,-0.369512,-1.633673,0.116556
11.279053,1.445939,0.502335,2.276904,-0.476200,-1.138497,-1.120669,0.531898,0.582965,-0.577221,1.159608,0.005698,-0.522690,-0.417873,0.320456,-2.668666,-0.570493,2.142689,-1.658938,-1.839297,2.126149,0.786758,0.030211,0.017966,0.531408,-0.032738,-0.369450,-1.632081,0.112592
11.280005,1.443999,0.504522,2.271782,-0.474168,-1.132195,-1.121406,0.532825,0.551470,-0.558752,1.128387,0.000236,-0.523928,-0.420082,0.320384,-2.668638,-0.570480,2.143218,-1.658974,-1.839670,2.124504,0.786872,0.029605,0.016551,0.530348,-0.033964,-0.370094,-1.636556,0.113383
11.281111,1.446696,0.506100,2.271180,-0.472988,-1.130723,-1.129389,0.533836,0.515830,-0.532101,1.090724,-0.002244,-0.525458,-0.423615,0.320322,-2.668603,-0.570466,2.143751,-1.659015,-1.840054,2.122867,0.786978,0.031157,0.016206,0.531954,-0.036197,-0.376193,-1.634082,0.111366
11.282000,1.446609,0.511243,2.259284,-0.472856,-1.129182,-1.126916,0.533132,0.478725,-0.497408,1.048050,0.000317,-0.527305,-0.428376,0.320250,-2.668573,-0.570450,2.144285,-1.659054,-1.840437,2.121264,0.787083,0.030555,0.016288,0.532124,-0.037791,-0.377947,-1.625895,0.109251
11.283009,1.446097,0.512300,2.263438,-0.474285,-1.126233,-1.126207,0.534996,0.439020,-0.453858,0.998889,0.008694,-0.529472,-0.434630,0.320168,-2.668540,-0.570439,2.144832,-1.659091,-1.840824,2.119638,0.787195,0.031130,0.014423,0.536607,-0.038100,-0.378958,-1.626311,0.110512
11.284098,1.449724,0.515981,2.257779,-0.473404,-1.125229,-1.127654,0.535476,0.395062,-0.402363,0.942746,0.021266,-0.531837,-0.442450,0.320095,-2.668507,-0.570423,2.145357,-1.659125,-1.841207,2.117999,0.787293,0.032022,0.014696,0.533900,-0.037076,-0.381889,-1.625818,0.106641
11.284977,1.451630,0.516971,2.247329,-0.473126,-1.123452,-1.116475,0.537298,0.349764,-0.347520,0.883829,0.035804,-0.534139,-0.451464,0.320037,-2.668477,-0.570412,2.145900,-1.659166,-1.841592,2.116384,0.787397,0.030949,0.013750,0.536461,-0.038332,-0.383118,-1.623992,0.105622
11.286011,1.453086,0.517556,2.247781,-0.473546,-1.121726,-1.113478,0.537394,0.305850,-0.291116,0.824605,0.052400,-0.536198,-0.461503,0.319997,-2.668447,-0.570395,2.146441,-1.659205,-1.841976,2.114732,0.787490,0.030541,0.013909,0.540202,-0.038726,-0.384360,-1.632899,0.101841
11.287153,1.448638,0.522291,2.240363,-0.473272,-1.121656,-1.110116,0.536842,0.264126,-0.234694,0.766226,0.070502,-0.537844,-0.472300,0.319994,-2.668416,-0.570381,2.146982,-1.659244,-1.842369,2.113107,0.787593,0.030505,0.014442,0.539322,-0.038648,-0.386047,-1.634937,0.101582
11.288109,1.442026,0.524667,2.238434,-0.474241,-1.126220,-1.102227,0.537506,0.222781,-0.180008,0.708466,0.088206,-0.538926,-0.483538,0.320063,-2.668377,-0.570371,2.147537,-1.659286,-1.842762,2.111453,0.787692,0.033457,0.013030,0.542916,-0.039303,-0.386467,-1.638161,0.102641
11.288965,1.447100,0.533367,2.237103,-0.473385,-1.130082,-1.105382,0.536803,0.172863,-0.124584,0.644863,0.103379,-0.539505,-0.495360,0.320224,-2.668332,-0.570359,2.148075,-1.659324,-1.843140,2.109787,0.787790,0.037209,0.012621,0.542827,-0.038574,-0.381663,-1.644271,0.101185
11.290019,1.450308,0.539456,2.226086,-0.475588,-1.130816,-1.111575,0.537213,0.112688,-0.066608,0.573872,0.116226,-0.539779,-0.507367,0.320444,-2.668301,-0.570359,2.148617,-1.659366,-1.843510,2.108172,0.787893,0.035117,0.009063,0.541842,-0.039487,-0.377324,-1.638639,0.102463
11.291009,1.445657,0.540866,2.228424,-0.476713,-1.133388,-1.108834,0.537788,0.048882,-0.003689,0.498515,0.130509,-0.540065,-0.518975,0.320654,-2.668267,-0.570355,2.149177,-1.659401,-1.843880,2.106542,0.787994,0.034199,0.006997,0.546692,-0.037716,-0.376893,-1.631684,0.101533
11.292056,1.450587,0.545195,2.231753,-0.475732,-1.133314,-1.112404,0.538248,-0.017969,0.064700,0.418850,0.146274,-0.540650,-0.529983,0.320786,-2.668223,-0.570348,2.149713,-1.659438,-1.844249,2.104924,0.788090,0.037056,0.007175,0.544656,-0.036927,-0.374323,-1.633280,0.100292
11.293169,1.460532,0.544809,2.231863,-0.477122,-1.130060,-1.117575,0.539714,-0.083848,0.132708,0.340327,0.161293,-0.541663,-0.539640,0.320781,-2.668191,-0.570343,2.150256,-1.659479,-1.844629,2.103297,0.788186,0.035223,0.005939,0.542429,-0.038224,-0.374565,-1.628856,0.099302
11.294070,1.467604,0.540387,2.230909,-0.477189,-1.127926,-1.112245,0.539446,-0.134650,0.193100,0.275096,0.176865,-0.543137,-0.546801,0.320599,-2.668167,-0.570331,2.150793,-1.659515,-1.845009,2.101667,0.788276,0.031083,0.007078,0.542275,-0.037290,-0.378232,-1.623420,0.096324
11.294976,1.470298,0.542216,2.235280,-0.477348,-1.126636,-1.107390,0.540548,-0.157181,0.237936,0.234702,0.193366,-0.544928,-0.550477,0.320253,-2.668146,-0.570316,2.151335,-1.659554,-1.845394,2.100046,0.788372,0.028225,0.009997,0.541368,-0.037399,-0.379884,-1.626833,0.096779
11.296101,1.476862,0.543439,2.237196,-0.477972,-1.127147,-1.104974,0.540218,-0.145460,0.260737,0.225866,0.209010,-0.546765,-0.550074,0.319796,-2.668118,-0.570308,2.151870,-1.659593,-1.845775,2.098407,0.788464,0.027499,0.009821,0.537887,-0.037413,-0.380766,-1.629611,0.094453
11.297042,1.477834,0.546862,2.235417,-0.476849,-1.128082,-1.099677,0.541037,-0.100150,0.261479,0.248645,0.223104,-0.548405,-0.545690,0.319288,-2.668097,-0.570297,2.152400,-1.659630,-1.846153,2.096784,0.788559,0.025095,0.010159,0.537004,-0.037285,-0.380693,-1.631918,0.095099
11.297965,1.476659,0.548639,2.232446,-0.475762,-1.126368,-1.101285,0.541904,-0.027818,0.245899,0.296709,0.236378,-0.549716,-0.538120,0.318795,-2.668070,-0.570289,2.152940,-1.659671,-1.846532,2.095142,0.788647,0.025284,0.009237,0.536769,-0.038592,-0.379494,-1.635433,0.093363
11.299056,1.474875,0.550816,2.234725,-0.477896,-1.128934,-1.102810,0.540602,0.058874,0.222750,0.358363,0.249638,-0.550692,-0.528743,0.318370,-2.668042,-0.570280,2.153474,-1.659714,-1.846909,2.093508,0.788738,0.026483,0.009136,0.537099,-0.039779,-0.380939,-1.631853,0.091544
11.300055,1.473834,0.554937,2.238081,-0.479659,-1.131286,-1.098408,0.542106,0.146003,0.198166,0.422272,0.261439,-0.551311,-0.518948,0.318052,-2.668010,-0.570271,2.154008,-1.659749,-1.847283,2.091888,0.788836,0.028114,0.008991,0.535749,-0.038110,-0.378690,-1.629972,0.094126
11.300998,1.480163,0.554345,2.237459,-0.479330,-1.133299,-1.098424,0.540936,0.225530,0.172938,0.483459,0.268496,-0.551472,-0.509407,0.317860,-2.667980,-0.570266,2.154541,-1.659785,-1.847656,2.090246,0.788918,0.029296,0.007818,0.533345,-0.036704,-0.376362,-1.633126,0.091033
11.302033,1.485378,0.554123,2.230587,-0.479099,-1.135132,-1.099698,0.542717,0.298984,0.145461,0.543912,0.270059,-0.551142,-0.500094,0.317777,-2.667959,-0.570256,2.155069,-1.659825,-1.848024,2.088601,0.789014,0.026808,0.008911,0.532700,-0.037246,-0.374220,-1.631272,0.093323
11.303013,1.481341,0.550299,2.233100,-0.478381,-1.135225,-1.092559,0.542384,0.371698,0.115121,0.606771,0.268736,-0.550453,-0.491020,0.317773,-2.667938,-0.570243,2.155611,-1.659865,-1.848396,2.086985,0.789095,0.025016,0.009865,0.535555,-0.037782,-0.372555,-1.629155,0.089685
11.303993,1.483232,0.552808,2.232481,-0.479543,-1.137582,-1.092753,0.542001,0.443308,0.081739,0.671249,0.265531,-0.549552,-0.482426,0.317832,-2.667905,-0.570225,2.156134,-1.659904,-1.848759,2.085339,0.789188,0.027685,0.012513,0.533552,-0.038756,-0.372535,-1.634895,0.090315
11.305088,1.483028,0.549957,2.232004,-0.477339,-1.140251,-1.098112,0.542272,0.510531,0.044048,0.735746,0.258953,-0.548479,-0.474347,0.317970,-2.667879,-0.570213,2.156667,-1.659939,-1.849126,2.083726,0.789280,0.027407,0.012028,0.533046,-0.037929,-0.370172,-1.633342,0.091008
11.306001,1.481989,0.551651,2.230305,-0.476016,-1.138575,-1.096866,0.542967,0.571787,0.002857,0.798685,0.249393,-0.547323,-0.466898,0.318195,-2.667851,-0.570193,2.157202,-1.659984,-1.849492,2.082100,0.789371,0.028296,0.014286,0.533097,-0.040429,-0.367957,-1.627557,0.090419
11.307018,1.481375,0.552750,2.230515,-0.477124,-1.138757,-1.095853,0.543661,0.625554,-0.038763,0.857204,0.239227,-0.546237,-0.460476,0.318467,-2.667819,-0.570180,2.157729,-1.660028,-1.849858,2.080466,0.789458,0.029378,0.014131,0.532825,-0.041795,-0.369449,-1.626878,0.088945
11.308096,1.485938,0.553282,2.227413,-0.478329,-1.141036,-1.096932,0.543105,0.670043,-0.078540,0.908999,0.229448,-0.545269,-0.455396,0.318739,-2.667788,-0.570164,2.158261,-1.660066,-1.850229,2.078853,0.789539,0.030351,0.014377,0.532112,-0.041013,-0.369356,-1.626923,0.087537
11.309070,1.484810,0.549557,2.228963,-0.480960,-1.144328,-1.086874,0.543596,0.705228,-0.116401,0.954029,0.219377,-0.544339,-0.451796,0.319011,-2.667762,-0.570150,2.158796,-1.660104,-1.850595,2.077218,0.789628,0.028833,0.014971,0.533391,-0.040196,-0.367454,-1.625253,0.088638
11.309967,1.483235,0.546152,2.221458,-0.478440,-1.143222,-1.082530,0.544569,0.733531,-0.156092,0.995387,0.206866,-0.543262,-0.449437,0.319298,-2.667729,-0.570128,2.159332,-1.660140,-1.850948,2.075583,0.789714,0.030032,0.017522,0.531692,-0.037888,-0.364279,-1.633947,0.087583
11.311098,1.484616,0.547694,2.219532,-0.480753,-1.143963,-1.074802,0.545735,0.755470,-0.201598,1.035010,0.189625,-0.541856,-0.448006,0.319595,-2.667695,-0.570104,2.159866,-1.660187,-1.851315,2.073936,0.789796,0.031323,0.019798,0.534193,-0.040415,-0.365130,-1.636029,0.085569
11.312078,1.481521,0.547768,2.218772,-0.480867,-1.149016,-1.064406,0.546059,0.768305,-0.251225,1.070098,0.168139,-0.540075,-0.447596,0.319897,-2.667663,-0.570083,2.160394,-1.660223,-1.851676,2.072259,0.789875,0.031397,0.019841,0.535231,-0.038573,-0.365024,-1.643429,0.083257
11.313011,1.479539,0.552004,2.215359,-0.481834,-1.148945,-1.066696,0.545530,0.770475,-0.301700,1.098198,0.143509,-0.537912,-0.447991,0.320222,-2.667625,-0.570062,2.160928,-1.660264,-1.852026,2.070603,0.789955,0.033513,0.020498,0.534759,-0.038704,-0.360104,-1.652300,0.082596
11.314088,1.479448,0.553956,2.217847,-0.483188,-1.152676,-1.074368,0.545978,0.760728,-0.349902,1.117293,0.116615,-0.535465,-0.448736,0.320594,-2.667586,-0.570045,2.161470,-1.660301,-1.852385,2.068963,0.790041,0.034985,0.019040,0.535278,-0.037975,-0.360137,-1.648025,0.083607
11.315070,1.482521,0.557580,2.216097,-0.483143,-1.157047,-1.073718,0.545072,0.738063,-0.391816,1.124854,0.089294,-0.533041,-0.449676,0.320993,-2.667549,-0.570026,2.161997,-1.660338,-1.852735,2.067323,0.790122,0.035685,0.018881,0.533829,-0.037051,-0.356924,-1.639698,0.082692
11.316040,1.483310,0.557199,2.215124,-0.485372,-1.155337,-1.072492,0.546848,0.706589,-0.425890,1.122589,0.063907,-0.531027,-0.450534,0.321349,-2.667516,-0.570013,2.162534,-1.660378,-1.853085,2.065698,0.790208,0.034738,0.017846,0.533855,-0.037359,-0.352738,-1.639086,0.084478
11.317082,1.486449,0.555845,2.219047,-0.487471,-1.153812,-1.075829,0.547085,0.672621,-0.453455,1.115053,0.041717,-0.529756,-0.450858,0.321584,-2.667479,-0.569992,2.163064,-1.660412,-1.853439,2.064057,0.790283,0.034907,0.018733,0.533494,-0.035476,-0.354614,-1.638771,0.080864
11.317986,1.491136,0.554771,2.216418,-0.486380,-1.148061,-1.070322,0.547357,0.641541,-0.479765,1.108100,0.020771,-0.529347,-0.450098,0.321635,-2.667446,-0.569969,2.163592,-1.660442,-1.853802,2.062439,0.790364,0.034004,0.020137,0.531100,-0.033921,-0.356428,-1.634617,0.080408
11.318979,1.493460,0.556286,2.212971,-0.487613,-1.143461,-1.066566,0.548196,0.620346,-0.510514,1.108697,-0.000154,-0.529776,-0.447684,0.321488,-2.667416,-0.569946,2.164130,-1.660481,-1.854176,2.060790,0.790443,0.032211,0.021273,0.531131,-0.035202,-0.361863,-1.638046,0.079820
11.320055,1.494929,0.556812,2.215907,-0.487836,-1.141047,-1.068197,0.548453,0.612692,-0.545755,1.119139,-0.019709,-0.530976,-0.443548,0.321176,-2.667385,-0.569925,2.164660,-1.660513,-1.854547,2.059136,0.790516,0.031708,0.021194,0.532152,-0.034409,-0.366485,-1.640371,0.078136
11.321034,1.497158,0.562235,2.218176,-0.487361,-1.139689,-1.066049,0.549114,0.616235,-0.582701,1.136784,-0.037375,-0.532749,-0.438093,0.320765,-2.667353,-0.569902,2.165190,-1.660549,-1.854924,2.057508,0.790592,0.031701,0.021698,0.530420,-0.034651,-0.369159,-1.638149,0.077652
11.322093,1.498016,0.565077,2.218426,-0.487057,-1.141645,-1.067588,0.548922,0.629699,-0.618814,1.159882,-0.052323,-0.534804,-0.431654,0.320320,-2.667322,-0.569887,2.165718,-1.660586,-1.855297,2.055861,0.790665,0.031208,0.019712,0.528516,-0.035437,-0.370448,-1.638822,0.076320
11.323215,1.498828,0.568140,2.216392,-0.488508,-1.141603,-1.070370,0.548252,0.652412,-0.650314,1.186589,-0.062464,-0.536926,-0.424657,0.319893,-2.667289,-0.569869,2.166243,-1.660622,-1.855662,2.054245,0.790742,0.031480,0.019114,0.528126,-0.036157,-0.368793,-1.636625,0.076731
11.323988,1.496934,0.569719,2.205282,-0.487911,-1.141784,-1.063443,0.549681,0.679095,-0.673651,1.212181,-0.067616,-0.538959,-0.417903,0.319532,-2.667255,-0.569852,2.166777,-1.660656,-1.856031,2.052606,0.790823,0.031817,0.018453,0.529128,-0.035249,-0.369383,-1.633612,0.078092
11.324949,1.495037,0.573755,2.199867,-0.489387,-1.141572,-1.063572,0.549691,0.700297,-0.685998,1.229500,-0.069654,-0.540805,-0.412399,0.319267,-2.667218,-0.569836,2.167313,-1.660693,-1.856396,2.050952,0.790890,0.033123,0.018211,0.532683,-0.035935,-0.368444,-1.637310,0.075157
11.325977,1.494534,0.575316,2.195320,-0.492989,-1.139589,-1.069093,0.551970,0.706334,-0.684409,1.231210,-0.070445,-0.542488,-0.409029,0.319098,-2.667181,-0.569822,2.167852,-1.660726,-1.856768,2.049334,0.790964,0.034612,0.016934,0.534369,-0.034808,-0.368555,-1.635643,0.075155
11.327087,1.496760,0.573327,2.189263,-0.491791,-1.139373,-1.063589,0.551222,0.691606,-0.669097,1.213969,-0.072655,-0.544022,-0.408191,0.319030,-2.667144,-0.569804,2.168397,-1.660753,-1.857145,2.047706,0.791027,0.035468,0.016944,0.535951,-0.031809,-0.370661,-1.629116,0.070607
11.328081,1.497130,0.575136,2.187621,-0.490950,-1.135260,-1.062737,0.551764,0.657515,-0.644412,1.180392,-0.078426,-0.545396,-0.409667,0.319077,-2.667110,-0.569783,2.168933,-1.660792,-1.857512,2.046077,0.791107,0.035061,0.018767,0.538872,-0.033468,-0.371356,-1.634470,0.072178
11.328969,1.493151,0.575065,2.193820,-0.487751,-1.137363,-1.068214,0.552906,0.611765,-0.614696,1.136816,-0.086291,-0.546709,-0.412849,0.319245,-2.667073,-0.569768,2.169473,-1.660830,-1.857901,2.044444,0.791175,0.035466,0.018614,0.538837,-0.034613,-0.375357,-1.633977,0.071090
11.330069,1.498661,0.580976,2.181105,-0.486574,-1.131336,-1.068377,0.552019,0.563869,-0.582899,1.090331,-0.092859,-0.548121,-0.417089,0.319493,-2.667029,-0.569748,2.169995,-1.660875,-1.858266,2.042820,0.791240,0.037858,0.019268,0.534476,-0.037841,-0.372876,-1.626282,0.068802
11.331012,1.496924,0.576537,2.178600,-0.486885,-1.126717,-1.064002,0.552615,0.518785,-0.547934,1.043443,-0.094303,-0.549832,-0.422299,0.319769,-2.666998,-0.569736,2.170550,-1.660918,-1.858655,2.041213,0.791312,0.035814,0.017192,0.540541,-0.039303,-0.379236,-1.625975,0.070660
11.331981,1.497496,0.577686,2.181263,-0.486203,-1.121738,-1.066622,0.552537,0.475281,-0.507699,0.994226,-0.089455,-0.551947,-0.428771,0.320058,-2.666958,-0.569710,2.171096,-1.660957,-1.859049,2.039577,0.791374,0.037202,0.020053,0.540551,-0.039186,-0.383440,-1.628643,0.069469
11.333177,1.491763,0.584366,2.173718,-0.487726,-1.116260,-1.064874,0.553563,0.434221,-0.467493,0.945555,-0.081451,-0.554292,-0.436156,0.320340,-2.666920,-0.569693,2.171629,-1.660998,-1.859445,2.037942,0.791444,0.037433,0.020176,0.538309,-0.040074,-0.388104,-1.624445,0.069648
11.334064,1.498748,0.589795,2.169904,-0.489228,-1.112383,-1.059389,0.553332,0.393305,-0.429272,0.897119,-0.072884,-0.556680,-0.444363,0.320607,-2.666873,-0.569679,2.172180,-1.661034,-1.859854,2.036322,0.791506,0.040997,0.017789,0.542336,-0.039131,-0.393999,-1.626782,0.067686
11.334996,1.499408,0.593279,2.165985,-0.486960,-1.112324,-1.054862,0.553883,0.346089,-0.387653,0.842826,-0.064115,-0.559027,-0.453801,0.320871,-2.666841,-0.569669,2.172726,-1.661071,-1.860263,2.034685,0.791573,0.037964,0.015807,0.542696,-0.037823,-0.397096,-1.630048,0.068169
11.336115,1.500620,0.600644,2.161666,-0.484747,-1.110123,-1.052466,0.556106,0.296852,-0.340922,0.784678,-0.053092,-0.561242,-0.464088,0.321139,-2.666803,-0.569655,2.173269,-1.661115,-1.860661,2.033058,0.791637,0.038163,0.014810,0.543449,-0.040212,-0.396641,-1.632791,0.067077
11.337062,1.494634,0.606633,2.158726,-0.485470,-1.109507,-1.055586,0.555149,0.251339,-0.287483,0.725352,-0.035952,-0.563343,-0.474784,0.321398,-2.666765,-0.569649,2.173817,-1.661162,-1.861067,2.031415,0.791691,0.038244,0.012105,0.545407,-0.042675,-0.399012,-1.634904,0.062717
11.337959,1.497025,0.609318,2.156987,-0.484239,-1.109913,-1.057000,0.555479,0.205008,-0.223292,0.660144,-0.011578,-0.565402,-0.486007,0.321651,-2.666715,-0.569641,2.174358,-1.661204,-1.861467,2.029784,0.791761,0.041642,0.009932,0.545758,-0.042073,-0.399168,-1.630040,0.064695
11.339064,1.499134,0.609920,2.156323,-0.486368,-1.108191,-1.058485,0.556145,0.153618,-0.148929,0.586801,0.017684,-0.567426,-0.497575,0.321917,-2.666677,-0.569632,2.174906,-1.661250,-1.861868,2.028176,0.791822,0.040867,0.009355,0.545145,-0.043313,-0.398106,-1.626674,0.064033
11.340085,1.500518,0.614194,2.150099,-0.487026,-1.107526,-1.061201,0.557326,0.101856,-0.071612,0.511558,0.048788,-0.569361,-0.508573,0.322155,-2.666635,-0.569621,2.175455,-1.661291,-1.862267,2.026550,0.791881,0.040450,0.009998,0.545177,-0.041525,-0.400023,-1.624910,0.062790
11.341029,1.504034,0.614437,2.153314,-0.488031,-1.109583,-1.064036,0.556256,0.053539,0.002330,0.439719,0.078598,-0.571196,-0.518244,0.322303,-2.666595,-0.569616,2.176002,-1.661333,-1.862674,2.024949,0.791938,0.040328,0.008751,0.547554,-0.041122,-0.400442,-1.621312,0.060497
11.342051,1.507978,0.610805,2.150565,-0.488644,-1.107097,-1.063700,0.556775,0.010255,0.070020,0.373762,0.105298,-0.573030,-0.526232,0.322332,-2.666559,-0.569605,2.176545,-1.661373,-1.863072,2.023334,0.792005,0.039086,0.009426,0.544749,-0.040308,-0.397926,-1.616866,0.062697
11.343027,1.514200,0.614566,2.152263,-0.488120,-1.106403,-1.061689,0.558342,-0.021328,0.125587,0.320627,0.127661,-0.574877,-0.531864,0.322234,-2.666523,-0.569587,2.177089,-1.661412,-1.863473,2.021709,0.792062,0.037732,0.012027,0.545455,-0.040001,-0.400286,-1.616243,0.061702
11.344002,1.519821,0.616930,2.158146,-0.487780,-1.104726,-1.058283,0.557958,-0.034080,0.164268,0.287043,0.145480,-0.576659,-0.534611,0.321997,-2.666492,-0.569580,2.177631,-1.661455,-1.863877,2.020106,0.792114,0.035233,0.010961,0.543616,-0.040704,-0.400590,-1.617008,0.058632
11.344972,1.525151,0.615140,2.155607,-0.487343,-1.101505,-1.054551,0.558508,-0.020744,0.186248,0.277926,0.161405,-0.578316,-0.534228,0.321633,-2.666464,-0.569572,2.178171,-1.661499,-1.864287,2.018478,0.792173,0.033089,0.010630,0.539735,-0.041174,-0.401849,-1.619012,0.059495
11.345982,1.523064,0.620003,2.156031,-0.484283,-1.102869,-1.052312,0.559829,0.023188,0.191826,0.296413,0.177156,-0.579702,-0.530594,0.321197,-2.666436,-0.569557,2.178707,-1.661543,-1.864691,2.016842,0.792230,0.031086,0.012290,0.540123,-0.041738,-0.404686,-1.621233,0.058438
11.347086,1.523606,0.625789,2.161386,-0.484214,-1.109209,-1.053095,0.559074,0.091507,0.184801,0.337055,0.193153,-0.580726,-0.524408,0.320746,-2.666400,-0.569549,2.179248,-1.661593,-1.865092,2.015231,0.792280,0.032765,0.010698,0.539162,-0.044866,-0.403066,-1.622454,0.055885
11.348086,1.519156,0.629514,2.157941,-0.483686,-1.110267,-1.054709,0.560107,0.172676,0.173682,0.389148,0.210744,-0.581464,-0.516902,0.320330,-2.666366,-0.569542,2.179776,-1.661638,-1.865478,2.013608,0.792341,0.033207,0.008772,0.536402,-0.045173,-0.396975,-1.621359,0.057523
11.349001,1.523083,0.628824,2.155700,-0.486267,-1.109785,-1.056109,0.560015,0.255140,0.165336,0.442832,0.229696,-0.581999,-0.509190,0.319986,-2.666326,-0.569536,2.180316,-1.661683,-1.865872,2.012012,0.792395,0.035996,0.007808,0.537368,-0.045850,-0.395778,-1.618715,0.055503
11.350017,1.523483,0.630758,2.158610,-0.484501,-1.110841,-1.056051,0.560297,0.329143,0.161026,0.491521,0.246693,-0.582306,-0.502048,0.319712,-2.666295,-0.569528,2.180856,-1.661721,-1.866271,2.010396,0.792451,0.034561,0.008951,0.537208,-0.043444,-0.395721,-1.615456,0.055761
11.351081,1.529238,0.628382,2.157134,-0.485027,-1.109206,-1.056569,0.560378,0.394412,0.156903,0.536629,0.259151,-0.582326,-0.495495,0.319480,-2.666261,-0.569518,2.181382,-1.661770,-1.866665,2.008768,0.792504,0.035015,0.008828,0.535194,-0.045315,-0.394537,-1.614468,0.055280
11.352100,1.528721,0.626969,2.156350,-0.486819,-1.105921,-1.054294,0.560135,0.457188,0.148777,0.583689,0.267478,-0.582065,-0.489162,0.319264,-2.666234,-0.569503,2.181919,-1.661813,-1.867064,2.007169,0.792556,0.032877,0.010882,0.535570,-0.045029,-0.396210,-1.613471,0.055231
11.352988,1.529295,0.625849,2.161192,-0.484084,-1.108902,-1.055723,0.560409,0.520112,0.132918,0.635688,0.270847,-0.581466,-0.482795,0.319075,-2.666198,-0.569488,2.182458,-1.661854,-1.867469,2.005543,0.792613,0.033770,0.012381,0.535284,-0.043491,-0.399285,-1.614735,0.055803
11.354025,1.528929,0.627875,2.153925,-0.483127,-1.110017,-1.056171,0.560782,0.583349,0.106679,0.693695,0.268131,-0.580445,-0.476229,0.318929,-2.666165,-0.569472,2.182980,-1.661905,-1.867862,2.003951,0.792669,0.033995,0.013590,0.531620,-0.046133,-0.395648,-1.611321,0.055286
11.355007,1.527385,0.625453,2.155977,-0.483076,-1.109044,-1.057304,0.561043,0.645586,0.073258,0.755167,0.262015,-0.579107,-0.469793,0.318808,-2.666129,-0.569458,2.183521,-1.661954,-1.868254,2.002341,0.792722,0.034819,0.013391,0.534728,-0.047168,-0.394540,-1.610115,0.054637
11.355992,1.529614,0.625788,2.151688,-0.482430,-1.109857,-1.054131,0.559684,0.701159,0.037946,0.813787,0.254502,-0.577558,-0.464241,0.318698,-2.666092,-0.569437,2.184044,-1.661999,-1.868647,2.000724,0.792775,0.036149,0.015310,0.532957,-0.047319,-0.395292,-1.607671,0.054196
11.357000,1.524643,0.622800,2.149436,-0.482137,-1.111466,-1.049369,0.560822,0.747196,0.001591,0.867064,0.245242,-0.575758,-0.459886,0.318611,-2.666058,-0.569420,2.184585,-1.662046,-1.869041,1.999121,0.792836,0.035615,0.015877,0.534249,-0.048044,-0.394223,-1.609713,0.056999
11.358030,1.524875,0.622739,2.147816,-0.482406,-1.110735,-1.047882,0.561303,0.782660,-0.036247,0.914258,0.233722,-0.573665,-0.456833,0.318550,-2.666014,-0.569398,2.185123,-1.662096,-1.869423,1.997494,0.792885,0.038648,0.018089,0.534646,-0.048373,-0.392568,-1.613358,0.054777
11.359002,1.523611,0.622187,2.147670,-0.483024,-1.113239,-1.036047,0.561574,0.804265,-0.075471,0.952985,0.218781,-0.571250,-0.455259,0.318503,-2.665975,-0.569377,2.185651,-1.662143,-1.869822,1.995888,0.792936,0.039097,0.018842,0.534975,-0.048226,-0.393215,-1.614008,0.053931
11.360087,1.524849,0.622852,2.148712,-0.483105,-1.117841,-1.027766,0.562405,0.813125,-0.117039,0.984282,0.199829,-0.568437,-0.454879,0.318470,-2.665934,-0.569355,2.186187,-1.662189,-1.870207,1.994240,0.792988,0.040191,0.019742,0.533873,-0.047642,-0.390298,-1.623957,0.053461
11.361022,1.518726,0.622929,2.143351,-0.484135,-1.116772,-1.031366,0.561580,0.815028,-0.162359,1.012520,0.177551,-0.565166,-0.454886,0.318473,-2.665894,-0.569332,2.186712,-1.662237,-1.870579,1.992585,0.793036,0.040111,0.020095,0.532820,-0.047660,-0.385773,-1.630922,0.051898
11.362061,1.515627,0.627482,2.141033,-0.482712,-1.119775,-1.032180,0.561509,0.791927,-0.254320,1.051121,0.125566,-0.557676,-0.455137,0.318674,-2.665793,-0.569291,2.187789,-1.662331,-1.871342,1.989356,0.793148,0.045417,0.019038,0.534240,-0.048060,-0.383142,-1.622765,0.053808
11.363087,1.520762,0.630197,2.141297,-0.483785,-1.125602,-1.033153,0.560963,0.791927,-0.254320,1.051121,0.125566,-0.557676,-0.455137,0.318674,-2.665793,-0.569291,2.187789,-1.662331,-1.871342,1.989356,0.793148,0.045417,0.019038,0.534240,-0.048060,-0.383142,-1.622765,0.053808
11.364077,1.521451,0.631716,2.142116,-0.485108,-1.124654,-1.033477,0.561071,0.759612,-0.289412,1.051343,0.100083,-0.554025,-0.455851,0.318858,-2.665752,-0.569270,2.188314,-1.662376,-1.871703,1.987731,0.793205,0.043299,0.018356,0.533238,-0.047051,-0.377282,-1.620205,0.054963
11.364960,1.525107,0.628707,2.134939,-0.485438,-1.123399,-1.032243,0.562290,0.723842,-0.317044,1.045299,0.078259,-0.550782,-0.456242,0.319032,-2.665708,-0.569251,2.188846,-1.662420,-1.872081,1.986128,0.793260,0.043400,0.018255,0.531707,-0.045819,-0.377991,-1.618160,0.054792
11.366117,1.526901,0.625397,2.137716,-0.486416,-1.126876,-1.032203,0.562138,0.691390,-0.342011,1.039364,0.058926,-0.548081,-0.455680,0.319141,-2.665668,-0.569225,2.189386,-1.662465,-1.872459,1.984509,0.793308,0.041921,0.020261,0.533535,-0.045416,-0.378556,-1.616720,0.052382
11.367064,1.530551,0.624998,2.136356,-0.486941,-1.125796,-1.030358,0.562779,0.665174,-0.369321,1.037372,0.039936,-0.546025,-0.453829,0.319154,-2.665627,-0.569197,2.189909,-1.662507,-1.872838,1.982910,0.793362,0.041649,0.022621,0.531985,-0.044761,-0.375307,-1.616391,0.052819
11.368009,1.533976,0.621530,2.136130,-0.488114,-1.125221,-1.022844,0.563153,0.649039,-0.403292,1.043558,0.019913,-0.544627,-0.450401,0.319075,-2.665588,-0.569171,2.190443,-1.662549,-1.873209,1.981289,0.793410,0.040251,0.023337,0.531291,-0.044296,-0.376038,-1.616050,0.051590
11.369011,1.534622,0.623272,2.138909,-0.486489,-1.122716,-1.020943,0.563841,0.646851,-0.446293,1.061540,-0.001699,-0.543761,-0.445170,0.318925,-2.665551,-0.569143,2.190966,-1.662589,-1.873579,1.979651,0.793460,0.038995,0.025597,0.530143,-0.043242,-0.376222,-1.621313,0.050909
11.370047,1.530071,0.627820,2.136485,-0.485920,-1.123133,-1.024561,0.564740,0.660767,-0.498362,1.092914,-0.024486,-0.543240,-0.438088,0.318734,-2.665510,-0.569118,2.191491,-1.662637,-1.873962,1.978043,0.793505,0.039157,0.025295,0.527771,-0.044879,-0.378435,-1.621504,0.049627
11.371035,1.528315,0.631392,2.133076,-0.484146,-1.124295,-1.023995,0.562363,0.685295,-0.552750,1.131520,-0.046253,-0.542983,-0.429989,0.318543,-2.665462,-0.569096,2.192027,-1.662683,-1.874333,1.976426,0.793550,0.041874,0.023681,0.528077,-0.045536,-0.377912,-1.616377,0.047930
11.372005,1.525499,0.636899,2.132053,-0.484842,-1.127242,-1.025358,0.563568,0.707850,-0.598202,1.164690,-0.064531,-0.542986,-0.422453,0.318415,-2.665416,-0.569076,2.192555,-1.662732,-1.874709,1.974825,0.793612,0.043127,0.022536,0.528695,-0.047263,-0.376446,-1.615248,0.052773
11.373096,1.522692,0.640146,2.131216,-0.487438,-1.130630,-1.028062,0.562603,0.719705,-0.627490,1.183972,-0.078113,-0.543194,-0.416605,0.318379,-2.665368,-0.569057,2.193083,-1.662776,-1.875079,1.973209,0.793657,0.044899,0.020421,0.528010,-0.046610,-0.373186,-1.611894,0.050381
11.374017,1.521987,0.642291,2.123522,-0.486019,-1.129742,-1.024386,0.563679,0.716908,-0.639696,1.186818,-0.088537,-0.543452,-0.412884,0.318413,-2.665317,-0.569037,2.193605,-1.662815,-1.875441,1.971591,0.793713,0.046735,0.019546,0.527962,-0.044313,-0.370002,-1.608162,0.052433
11.374988,1.523154,0.640806,2.117947,-0.487228,-1.129318,-1.022332,0.563199,0.697255,-0.636711,1.172808,-0.098165,-0.543637,-0.411472,0.318482,-2.665270,-0.569019,2.194142,-1.662864,-1.875814,1.969994,0.793760,0.047390,0.019084,0.530283,-0.045642,-0.370426,-1.609647,0.050305
11.376068,1.524815,0.639772,2.111960,-0.487483,-1.131053,-1.022995,0.561974,0.662666,-0.621699,1.144286,-0.107665,-0.543719,-0.412268,0.318567,-2.665224,-0.568996,2.194679,-1.662907,-1.876185,1.968378,0.793813,0.047171,0.020439,0.531775,-0.044473,-0.370543,-1.609727,0.051356
11.377046,1.524165,0.640768,2.111416,-0.482621,-1.129293,-1.025886,0.563016,0.617873,-0.600064,1.106125,-0.117881,-0.543666,-0.414830,0.318671,-2.665177,-0.568972,2.195210,-1.662951,-1.876548,1.966763,0.793871,0.046807,0.021627,0.534139,-0.044409,-0.368948,-1.607949,0.053887
11.377970,1.525933,0.640876,2.107418,-0.482697,-1.129688,-1.030011,0.561900,0.568658,-0.574797,1.062721,-0.127229,-0.543571,-0.418793,0.318785,-2.665130,-0.568949,2.195742,-1.663008,-1.876923,1.965182,0.793920,0.047522,0.021723,0.533192,-0.049061,-0.370424,-1.603343,0.051833
11.379062,1.527106,0.642575,2.100316,-0.483324,-1.131120,-1.028075,0.562507,0.521183,-0.545890,1.017555,-0.131876,-0.543624,-0.423972,0.318870,-2.665084,-0.568926,2.196272,-1.663057,-1.877290,1.963589,0.793980,0.046958,0.022222,0.533756,-0.048841,-0.369574,-1.596999,0.054126
11.380051,1.526366,0.645582,2.099048,-0.482071,-1.129669,-1.023969,0.560995,0.476955,-0.514011,0.971775,-0.131557,-0.543884,-0.430313,0.318908,-2.665038,-0.568903,2.196815,-1.663103,-1.877656,1.962004,0.794031,0.046865,0.022072,0.536618,-0.048338,-0.368307,-1.598192,0.052973
11.381049,1.525704,0.644340,2.092626,-0.479918,-1.127146,-1.025501,0.561088,0.433901,-0.479317,0.924359,-0.127837,-0.544336,-0.437854,0.318905,-2.664990,-0.568883,2.197354,-1.663156,-1.878029,1.960392,0.794094,0.047610,0.021203,0.536006,-0.049478,-0.369526,-1.600522,0.056063
11.382016,1.525381,0.648515,2.084554,-0.479584,-1.123130,-1.023053,0.560986,0.391283,-0.441707,0.875015,-0.120861,-0.544993,-0.446556,0.318871,-2.664939,-0.568858,2.197895,-1.663212,-1.878400,1.958785,0.794147,0.048290,0.022433,0.538046,-0.051426,-0.371849,-1.597233,0.055907
11.382963,1.527100,0.651684,2.077984,-0.478461,-1.122374,-1.017770,0.561481,0.346715,-0.400273,0.821812,-0.110589,-0.545872,-0.456526,0.318801,-2.664890,-0.568838,2.198441,-1.663262,-1.878783,1.957202,0.794202,0.048783,0.020944,0.540679,-0.051651,-0.375431,-1.597926,0.056163
11.383990,1.529564,0.655840,2.078019,-0.480179,-1.119291,-1.012200,0.562071,0.297724,-0.352864,0.762326,-0.096925,-0.546957,-0.467836,0.318692,-2.664843,-0.568820,2.198991,-1.663318,-1.879155,1.955589,0.794259,0.048256,0.020000,0.542383,-0.052530,-0.375760,-1.601099,0.055197
11.385077,1.535937,0.660362,2.067373,-0.478313,-1.120563,-1.007614,0.561286,0.247797,-0.300755,0.699711,-0.080295,-0.548135,-0.479877,0.318561,-2.664798,-0.568803,2.199529,-1.663367,-1.879542,1.953988,0.794312,0.047457,0.018629,0.541334,-0.050782,-0.378596,-1.605251,0.054088
11.385974,1.532758,0.663419,2.063377,-0.477638,-1.122087,-1.013229,0.560646,0.202752,-0.246225,0.638980,-0.060762,-0.549334,-0.491719,0.318442,-2.664756,-0.568787,2.200085,-1.663424,-1.879924,1.952373,0.794371,0.044791,0.017151,0.545818,-0.052541,-0.377276,-1.608795,0.055751
11.386964,1.532857,0.668595,2.060331,-0.477232,-1.121945,-1.017478,0.560526,0.162424,-0.187463,0.579152,-0.037175,-0.550697,-0.503053,0.318362,-2.664705,-0.568774,2.200627,-1.663481,-1.880297,1.950781,0.794432,0.046667,0.016271,0.546027,-0.052874,-0.375158,-1.600661,0.057031
11.388098,1.538134,0.671195,2.056409,-0.479003,-1.121226,-1.015296,0.559382,0.122109,-0.122796,0.516474,-0.009989,-0.552367,-0.513931,0.318313,-2.664657,-0.568763,2.201177,-1.663534,-1.880668,1.949202,0.794491,0.046973,0.014429,0.546216,-0.053144,-0.375083,-1.594840,0.057300
11.389036,1.537810,0.672311,2.054824,-0.479471,-1.120141,-1.018984,0.559774,0.081506,-0.054421,0.451995,0.018751,-0.554355,-0.523965,0.318274,-2.664616,-0.568750,2.201731,-1.663584,-1.881043,1.947599,0.794556,0.044912,0.014010,0.547558,-0.051433,-0.376040,-1.596514,0.059663
11.389996,1.540194,0.674477,2.054993,-0.477677,-1.115645,-1.026590,0.558947,0.044309,0.012380,0.390672,0.046285,-0.556618,-0.532415,0.318220,-2.664568,-0.568737,2.202274,-1.663634,-1.881423,1.946012,0.794613,0.045416,0.014135,0.546798,-0.050850,-0.376615,-1.590705,0.058879
11.391096,1.548426,0.673556,2.053614,-0.478060,-1.113632,-1.023701,0.559247,0.013986,0.073258,0.336807,0.071070,-0.559158,-0.538851,0.318118,-2.664525,-0.568724,2.202821,-1.663692,-1.881811,1.944457,0.794676,0.044614,0.013757,0.545247,-0.052385,-0.380639,-1.581379,0.060572
11.392118,1.552205,0.670786,2.055287,-0.476315,-1.114267,-1.019148,0.557754,-0.002990,0.125074,0.295975,0.093899,-0.561964,-0.542995,0.317947,-2.664490,-0.568708,2.203362,-1.663743,-1.882195,1.942865,0.794734,0.041105,0.015022,0.545305,-0.052003,-0.382648,-1.583590,0.060019
11.393064,1.559106,0.670006,2.051696,-0.475466,-1.114576,-1.014567,0.557413,0.002062,0.162494,0.276127,0.114915,-0.564869,-0.544311,0.317726,-2.664453,-0.568690,2.203906,-1.663800,-1.882576,1.941284,0.794802,0.039774,0.017114,0.543340,-0.053584,-0.381752,-1.586801,0.063053
11.394001,1.556349,0.668029,2.052330,-0.474524,-1.115603,-1.008375,0.558322,0.034006,0.181638,0.282176,0.133830,-0.567647,-0.542481,0.317492,-2.664421,-0.568669,2.204456,-1.663855,-1.882954,1.939682,0.794865,0.036829,0.018084,0.543583,-0.054172,-0.380990,-1.589306,0.063723
11.395000,1.557813,0.673985,2.046487,-0.474286,-1.118387,-1.009366,0.555876,0.158305,0.172109,0.356993,0.162471,-0.572019,-0.530971,0.317086,-2.664343,-0.568634,2.205539,-1.663964,-1.883699,1.936499,0.795001,0.038408,0.017381,0.543488,-0.054946,-0.376491,-1.590771,0.066830
11.396113,1.560899,0.677658,2.047319,-0.474097,-1.120301,-1.012128,0.555014,0.158305,0.172109,0.356993,0.162471,-0.572019,-0.530971,0.317086,-2.664343,-0.568634,2.205539,-1.663964,-1.883699,1.936499,0.795001,0.038408,0.017381,0.543488,-0.054946,-0.376491,-1.590771,0.066830
11.397099,1.557520,0.679224,2.043919,-0.472664,-1.121501,-1.014070,0.553815,0.228771,0.158274,0.406015,0.172693,-0.573494,-0.523381,0.316974,-2.664308,-0.568621,2.206074,-1.664020,-1.884073,1.934912,0.795073,0.037506,0.016391,0.542541,-0.055071,-0.374754,-1.587344,0.068545
11.398026,1.559383,0.677138,2.045639,-0.472760,-1.121594,-1.016498,0.554437,0.295408,0.147312,0.453113,0.182150,-0.574602,-0.515836,0.316897,-2.664265,-0.568605,2.206618,-1.664077,-1.884442,1.933349,0.795149,0.039658,0.016307,0.542966,-0.056260,-0.373328,-1.583877,0.070917
11.399008,1.567570,0.675798,2.044644,-0.476169,-1.124397,-1.011219,0.554471,0.355240,0.138479,0.496659,0.189854,-0.575379,-0.508720,0.316780,-2.664226,-0.568582,2.207157,-1.664133,-1.884818,1.931767,0.795214,0.039117,0.017931,0.540535,-0.055880,-0.372735,-1.579329,0.069634
11.400090,1.568181,0.674910,2.042521,-0.474208,-1.123450,-1.009323,0.553345,0.413636,0.124484,0.543179,0.193249,-0.575735,-0.501560,0.316571,-2.664197,-0.568562,2.207692,-1.664178,-1.885181,1.930168,0.795283,0.035588,0.019230,0.539843,-0.052476,-0.369721,-1.582923,0.069570
11.401082,1.563194,0.669597,2.041825,-0.474638,-1.123061,-1.010854,0.553851,0.477309,0.099434,0.599399,0.190913,-0.575629,-0.493792,0.316288,-2.664162,-0.568540,2.208232,-1.664237,-1.885551,1.928598,0.795360,0.035934,0.020375,0.540186,-0.054314,-0.370806,-1.583987,0.071841
11.402017,1.563412,0.670269,2.044352,-0.470710,-1.123535,-1.012501,0.553213,0.542107,0.063688,0.662194,0.182335,-0.575150,-0.485738,0.315989,-2.664117,-0.568509,2.208773,-1.664290,-1.885920,1.927014,0.795432,0.038858,0.023577,0.539294,-0.053725,-0.370967,-1.580804,0.070781
11.402984,1.562357,0.670194,2.039111,-0.471053,-1.120474,-1.016186,0.552137,0.602108,0.019294,0.726522,0.168017,-0.574429,-0.477877,0.315719,-2.664079,-0.568486,2.209299,-1.664353,-1.886291,1.925461,0.795507,0.039161,0.023765,0.536667,-0.057247,-0.370054,-1.577285,0.072038
11.403983,1.564956,0.669160,2.034435,-0.471794,-1.124427,-1.014544,0.551813,0.655967,-0.029329,0.789295,0.151250,-0.573645,-0.470652,0.315522,-2.664037,-0.568462,2.209837,-1.664407,-1.886669,1.923896,0.795589,0.040121,0.024381,0.538008,-0.056673,-0.372759,-1.571894,0.074142
11.404979,1.562396,0.671366,2.040006,-0.470810,-1.124355,-1.007053,0.551158,0.700736,-0.077833,0.846440,0.133676,-0.572861,-0.464665,0.315429,-2.664000,-0.568431,2.210375,-1.664462,-1.887026,1.922302,0.795667,0.039316,0.025432,0.539202,-0.055749,-0.368673,-1.571982,0.074737
11.406043,1.559352,0.668751,2.032594,-0.469259,-1.122076,-1.007462,0.550651,0.736518,-0.125798,0.897801,0.115092,-0.572020,-0.459988,0.315440,-2.663956,-0.568406,2.210903,-1.664520,-1.887398,1.920727,0.795747,0.041047,0.024904,0.535314,-0.056496,-0.368559,-1.578014,0.076013
11.407077,1.563369,0.666428,2.028725,-0.469227,-1.121897,-1.006932,0.549072,0.764060,-0.172926,0.943765,0.095998,-0.571093,-0.456542,0.315552,-2.663910,-0.568375,2.211448,-1.664580,-1.887777,1.919147,0.795828,0.043033,0.026819,0.538209,-0.057835,-0.370806,-1.576528,0.076993
11.408088,1.562358,0.667908,2.033156,-0.469793,-1.124873,-0.993998,0.549732,0.780647,-0.218078,0.981610,0.076607,-0.569993,-0.454615,0.315764,-2.663870,-0.568343,2.211984,-1.664637,-1.888143,1.917554,0.795914,0.041497,0.028513,0.539183,-0.057667,-0.370932,-1.575739,0.080111
11.409067,1.560025,0.666173,2.025520,-0.470632,-1.127675,-0.986512,0.548300,0.790054,-0.263244,1.014254,0.056876,-0.568507,-0.453834,0.316057,-2.663825,-0.568315,2.212516,-1.664692,-1.888506,1.915958,0.795991,0.042459,0.028324,0.535908,-0.056918,-0.367841,-1.587275,0.078722
11.410016,1.553387,0.666864,2.024124,-0.468785,-1.129036,-0.987522,0.547972,0.795680,-0.310782,1.045065,0.035638,-0.566434,-0.453417,0.316414,-2.663778,-0.568282,2.213052,-1.664748,-1.888863,1.914350,0.796079,0.044002,0.029691,0.538550,-0.055867,-0.364899,-1.592849,0.081543
11.411007,1.551936,0.670585,2.023400,-0.467505,-1.134334,-0.990871,0.547314,0.791194,-0.358158,1.068804,0.011808,-0.563818,-0.453333,0.316835,-2.663723,-0.568253,2.213590,-1.664807,-1.889222,1.912781,0.796161,0.047586,0.029828,0.537806,-0.057396,-0.363294,-1.589901,0.082115
11.411999,1.554091,0.670571,2.020466,-0.467626,-1.138837,-0.994641,0.545179,0.771685,-0.399595,1.079549,-0.012448,-0.560986,-0.453826,0.317305,-2.663671,-0.568225,2.214132,-1.664867,-1.889576,1.911204,0.796244,0.048616,0.028514,0.536917,-0.058380,-0.357894,-1.584956,0.083378
11.412993,1.550419,0.674662,2.020606,-0.469343,-1.142665,-0.990657,0.545437,0.740663,-0.431586,1.077767,-0.033563,-0.558366,-0.454761,0.317789,-2.663624,-0.568192,2.214664,-1.664924,-1.889921,1.909617,0.796342,0.047907,0.029022,0.537290,-0.057993,-0.353427,-1.579565,0.087563
11.413964,1.554753,0.673489,2.020684,-0.471217,-1.141189,-0.991717,0.545384,0.702601,-0.454819,1.066550,-0.051121,-0.556256,-0.455763,0.318224,-2.663570,-0.568166,2.215200,-1.664977,-1.890260,1.908045,0.796426,0.050064,0.027539,0.536055,-0.056133,-0.349704,-1.582119,0.086939
11.415053,1.563210,0.669329,2.020877,-0.471004,-1.139249,-1.000818,0.545609,0.661411,-0.473204,1.050416,-0.067572,-0.554771,-0.456220,0.318529,-2.663525,-0.568134,2.215740,-1.665028,-1.890611,1.906472,0.796515,0.048251,0.028637,0.534695,-0.054143,-0.351128,-1.579291,0.086963
11.416091,1.560863,0.670336,2.020776,-0.472825,-1.138909,-0.993881,0.544787,0.627425,-0.493776,1.038879,-0.084172,-0.553961,-0.455292,0.318663,-2.663486,-0.568097,2.216265,-1.665084,-1.890970,1.904930,0.796599,0.044572,0.031263,0.534084,-0.054284,-0.353302,-1.569546,0.086471
11.417081,1.564379,0.668339,2.021553,-0.470631,-1.132868,-0.988083,0.543438,0.608435,-0.521545,1.038742,-0.101201,-0.553820,-0.452569,0.318663,-2.663436,-0.568063,2.216799,-1.665134,-1.891331,1.903340,0.796690,0.046195,0.031259,0.533242,-0.052433,-0.353659,-1.575365,0.088059
11.417970,1.560413,0.668636,2.018744,-0.468857,-1.134060,-0.991788,0.543505,0.603783,-0.556631,1.049917,-0.119213,-0.554232,-0.448145,0.318602,-2.663393,-0.568028,2.217326,-1.665193,-1.891699,1.901745,0.796787,0.044837,0.032728,0.531785,-0.054383,-0.359543,-1.579459,0.090654
11.419082,1.562248,0.672100,2.014329,-0.468487,-1.135416,-0.988922,0.542456,0.610752,-0.595943,1.069546,-0.136843,-0.555087,-0.442454,0.318517,-2.663341,-0.567994,2.217859,-1.665251,-1.892057,1.900187,0.796875,0.047085,0.032954,0.531528,-0.055761,-0.357814,-1.573391,0.090387
11.419979,1.562376,0.672974,2.013198,-0.464905,-1.134059,-0.986808,0.541674,0.622450,-0.632630,1.090277,-0.151803,-0.556352,-0.436477,0.318423,-2.663296,-0.567963,2.218399,-1.665306,-1.892408,1.898605,0.796972,0.046670,0.031836,0.533178,-0.056080,-0.356856,-1.575704,0.092427
11.421000,1.562137,0.677310,2.011050,-0.464825,-1.135004,-0.992553,0.540328,0.634055,-0.660327,1.106464,-0.161761,-0.557997,-0.431005,0.318339,-2.663250,-0.567933,2.218927,-1.665370,-1.892769,1.897045,0.797068,0.046908,0.031849,0.532142,-0.059182,-0.357771,-1.575577,0.093850
11.422060,1.560912,0.678965,2.006931,-0.466615,-1.132149,-0.993510,0.541006,0.645563,-0.676126,1.117066,-0.164729,-0.559964,-0.426426,0.318266,-2.663201,-0.567905,2.219460,-1.665429,-1.893125,1.895479,0.797170,0.047429,0.030252,0.532250,-0.058990,-0.356823,-1.568495,0.096430
11.423037,1.563659,0.682389,2.003741,-0.466690,-1.133185,-0.996677,0.542336,0.652784,-0.679192,1.119311,-0.162310,-0.562065,-0.423181,0.318181,-2.663150,-0.567875,2.219992,-1.665482,-1.893494,1.893906,0.797263,0.048444,0.030020,0.533575,-0.057114,-0.359747,-1.566597,0.094956
11.424003,1.565465,0.684804,1.996894,-0.467493,-1.128700,-0.994318,0.541427,0.651534,-0.670794,1.111353,-0.157791,-0.564069,-0.421527,0.318054,-2.663106,-0.567850,2.220530,-1.665537,-1.893849,1.892361,0.797349,0.047456,0.028877,0.533897,-0.056847,-0.358549,-1.561912,0.092207
11.425096,1.566347,0.683112,1.995192,-0.466527,-1.129596,-0.992346,0.541464,0.642878,-0.652579,1.094723,-0.152206,-0.565877,-0.421471,0.317889,-2.663059,-0.567820,2.221074,-1.665590,-1.894221,1.890789,0.797448,0.046913,0.028184,0.535939,-0.055873,-0.362749,-1.562589,0.093941
11.425995,1.562905,0.685296,1.988080,-0.463787,-1.131949,-0.997910,0.539836,0.629327,-0.627337,1.072188,-0.146155,-0.567438,-0.422774,0.317737,-2.663011,-0.567786,2.221608,-1.665649,-1.894580,1.889216,0.797544,0.046955,0.029621,0.536172,-0.056686,-0.362051,-1.563826,0.093768
11.427102,1.560647,0.686334,1.985311,-0.462181,-1.130168,-1.002234,0.539025,0.610839,-0.596927,1.044277,-0.139674,-0.568818,-0.425356,0.317650,-2.662959,-0.567759,2.222151,-1.665712,-1.894936,1.887684,0.797647,0.048927,0.028981,0.538004,-0.058958,-0.359273,-1.556147,0.096892
11.428089,1.564063,0.685269,1.983529,-0.460037,-1.129397,-1.002706,0.537285,0.583529,-0.559056,1.007243,-0.131369,-0.570221,-0.429666,0.317660,-2.662906,-0.567728,2.222684,-1.665777,-1.895299,1.886138,0.797747,0.050471,0.029092,0.538853,-0.060270,-0.361355,-1.551392,0.098406
11.428979,1.563379,0.688367,1.975100,-0.461122,-1.126643,-1.002522,0.538006,0.548640,-0.514425,0.961984,-0.120362,-0.571728,-0.435705,0.317770,-2.662862,-0.567697,2.223225,-1.665842,-1.895665,1.884610,0.797856,0.049150,0.030147,0.538494,-0.061977,-0.361917,-1.549647,0.101739
11.430073,1.560379,0.688928,1.974919,-0.461289,-1.124999,-0.995559,0.537534,0.511613,-0.466936,0.913582,-0.107065,-0.573267,-0.443033,0.317953,-2.662811,-0.567671,2.223774,-1.665900,-1.896035,1.883052,0.797952,0.049756,0.029057,0.540867,-0.060485,-0.364099,-1.547562,0.100112
11.431121,1.559198,0.689367,1.971783,-0.460306,-1.121363,-0.996116,0.536628,0.471500,-0.418797,0.862613,-0.094056,-0.574665,-0.451441,0.318179,-2.662756,-0.567641,2.224306,-1.665963,-1.896399,1.881477,0.798054,0.051657,0.029408,0.540354,-0.060079,-0.365936,-1.553874,0.100974
11.432016,1.560147,0.692410,1.965960,-0.459292,-1.118496,-1.002016,0.536318,0.426450,-0.372463,0.809186,-0.084004,-0.575749,-0.460584,0.318442,-2.662701,-0.567611,2.224851,-1.666024,-1.896781,1.879943,0.798159,0.052575,0.029767,0.540965,-0.060799,-0.369444,-1.552380,0.102668
11.432974,1.560948,0.697065,1.963296,-0.459106,-1.123864,-0.994108,0.536167,0.377678,-0.328113,0.753966,-0.076210,-0.576517,-0.470287,0.318727,-2.662650,-0.567584,2.225401,-1.666087,-1.897154,1.878405,0.798266,0.052338,0.028714,0.542034,-0.061322,-0.371716,-1.544312,0.103094
11.433991,1.557301,0.703860,1.961716,-0.458297,-1.119404,-0.989410,0.535518,0.327591,-0.282990,0.697136,-0.067949,-0.577066,-0.480582,0.318999,-2.662598,-0.567561,2.225938,-1.666149,-1.897509,1.876854,0.798372,0.052232,0.026964,0.542007,-0.061110,-0.366081,-1.550694,0.103234
11.435060,1.555202,0.702133,1.953655,-0.455139,-1.118753,-0.986102,0.535993,0.277792,-0.234617,0.638995,-0.057597,-0.577481,-0.491261,0.319230,-2.662540,-0.567543,2.226483,-1.666214,-1.897889,1.875290,0.798475,0.054356,0.024242,0.541659,-0.061523,-0.370405,-1.554081,0.104414
11.436012,1.553505,0.703230,1.950909,-0.453681,-1.117125,-0.990745,0.534973,0.225615,-0.181320,0.577361,-0.045054,-0.577877,-0.502141,0.319413,-2.662481,-0.567513,2.227040,-1.666284,-1.898257,1.873719,0.798574,0.055710,0.025752,0.544715,-0.064259,-0.371092,-1.556462,0.103341
11.436986,1.557077,0.708261,1.946099,-0.451198,-1.113127,-0.995980,0.533907,0.168295,-0.123863,0.510474,-0.030786,-0.578433,-0.512993,0.319557,-2.662423,-0.567488,2.227579,-1.666351,-1.898636,1.872198,0.798683,0.056769,0.025734,0.544641,-0.065173,-0.372272,-1.550193,0.105236
11.438082,1.554865,0.714847,1.952301,-0.452523,-1.112856,-0.993657,0.532713,0.108559,-0.063163,0.440114,-0.013804,-0.579388,-0.523443,0.319653,-2.662370,-0.567468,2.228131,-1.666422,-1.899019,1.870654,0.798793,0.055252,0.023839,0.545611,-0.067073,-0.375874,-1.543443,0.107200
11.439058,1.563854,0.715143,1.948910,-0.452269,-1.110702,-0.997272,0.533493,0.052442,0.000536,0.370512,0.007197,-0.580936,-0.532941,0.319660,-2.662309,-0.567451,2.228661,-1.666485,-1.899394,1.869121,0.798908,0.056703,0.021316,0.541918,-0.065466,-0.376207,-1.545378,0.109431
11.439992,1.569293,0.712962,1.946784,-0.452907,-1.102657,-1.007068,0.532829,0.007482,0.063007,0.308900,0.031044,-0.583107,-0.540540,0.319521,-2.662265,-0.567428,2.229206,-1.666551,-1.899780,1.867591,0.799015,0.052561,0.021796,0.542298,-0.065252,-0.377939,-1.540295,0.107675
11.441106,1.573640,0.712009,1.951918,-0.452429,-1.098827,-1.006972,0.530920,-0.018200,0.117068,0.263521,0.055682,-0.585810,-0.545420,0.319220,-2.662218,-0.567402,2.229745,-1.666613,-1.900172,1.866070,0.799127,0.050183,0.023419,0.541850,-0.064186,-0.385394,-1.528739,0.108844
11.442024,1.570888,0.716433,1.952160,-0.450511,-1.097989,-1.001041,0.530605,-0.019150,0.155986,0.240515,0.078888,-0.588790,-0.547199,0.318806,-2.662170,-0.567376,2.230280,-1.666676,-1.900571,1.864555,0.799246,0.048511,0.024580,0.538750,-0.064438,-0.389112,-1.528736,0.112521
11.443075,1.570779,0.712741,1.950446,-0.450704,-1.094809,-0.994489,0.529004,0.004347,0.178215,0.240820,0.099494,-0.591767,-0.546004,0.318353,-2.662115,-0.567359,2.230818,-1.666745,-1.900967,1.863007,0.799358,0.050131,0.022951,0.537067,-0.065763,-0.389177,-1.532733,0.112925
11.443974,1.577402,0.712707,1.949322,-0.447065,-1.094095,-0.991815,0.529268,0.044522,0.186847,0.258865,0.116508,-0.594476,-0.542479,0.317905,-2.662063,-0.567330,2.231352,-1.666811,-1.901361,1.861446,0.799479,0.050566,0.025432,0.537113,-0.065176,-0.392125,-1.538301,0.115958
11.445012,1.573450,0.712984,1.949119,-0.444718,-1.094626,-0.996451,0.528132,0.096878,0.183088,0.291484,0.129423,-0.596675,-0.536993,0.317484,-2.662022,-0.567304,2.231891,-1.666884,-1.901757,1.859922,0.799594,0.047589,0.025925,0.535970,-0.068124,-0.391999,-1.538946,0.115184
11.446051,1.571467,0.716423,1.947770,-0.445685,-1.100289,-0.992406,0.527591,0.161212,0.169736,0.337173,0.140897,-0.598360,-0.529930,0.317095,-2.661968,-0.567276,2.232428,-1.666958,-1.902145,1.858388,0.799715,0.049963,0.026384,0.535150,-0.069871,-0.391229,-1.533312,0.117287
11.447089,1.573123,0.716289,1.951902,-0.446126,-1.099295,-0.992306,0.526224,0.293100,0.133718,0.439013,0.159929,-0.600248,-0.514245,0.316443,-2.661866,-0.567228,2.233485,-1.667089,-1.902913,1.855324,0.799958,0.050860,0.026010,0.532089,-0.067662,-0.386179,-1.535659,0.120708
11.448023,1.579397,0.717440,1.950975,-0.447805,-1.098811,-0.998210,0.526025,0.293100,0.133718,0.439013,0.159929,-0.600248,-0.514245,0.316443,-2.661866,-0.567228,2.233485,-1.667089,-1.902913,1.855324,0.799958,0.050860,0.026010,0.532089,-0.067662,-0.386179,-1.535659,0.120708
11.449061,1.576789,0.716100,1.947526,-0.447557,-1.096742,-0.997355,0.526831,0.357243,0.109842,0.493976,0.163993,-0.600386,-0.505765,0.316119,-2.661823,-0.567201,2.234008,-1.667152,-1.903297,1.853796,0.800077,0.048073,0.025936,0.531251,-0.065518,-0.386089,-1.527957,0.120864
11.449952,1.577806,0.712743,1.944492,-0.446409,-1.095551,-0.995072,0.524752,0.422983,0.079780,0.554194,0.163588,-0.600055,-0.496889,0.315739,-2.661772,-0.567171,2.234545,-1.667217,-1.903688,1.852281,0.800190,0.049801,0.027197,0.532070,-0.065417,-0.387908,-1.528068,0.119069
11.451029,1.576547,0.712968,1.948131,-0.443788,-1.097423,-0.993179,0.523778,0.485230,0.044431,0.615665,0.158064,-0.599343,-0.488173,0.315346,-2.661723,-0.567138,2.235082,-1.667283,-1.904075,1.850747,0.800320,0.049539,0.029276,0.531865,-0.066007,-0.388339,-1.528249,0.123012
11.452006,1.576742,0.710511,1.948010,-0.442818,-1.100167,-0.995400,0.523439,0.543089,0.004197,0.677317,0.148548,-0.598399,-0.479840,0.315031,-2.661671,-0.567107,2.235598,-1.667355,-1.904456,1.849228,0.800450,0.050588,0.029744,0.529548,-0.068152,-0.386408,-1.529613,0.124716
11.453076,1.576977,0.710137,1.942053,-0.441108,-1.099552,-1.005043,0.523315,0.599273,-0.040160,0.740321,0.137553,-0.597426,-0.471854,0.314823,-2.661621,-0.567071,2.236128,-1.667421,-1.904839,1.847708,0.800576,0.050814,0.031422,0.528457,-0.068630,-0.383249,-1.526002,0.125147
11.454016,1.579158,0.710630,1.946907,-0.442807,-1.099919,-0.998066,0.523694,0.651848,-0.085982,0.801858,0.126701,-0.596556,-0.464611,0.314699,-2.661569,-0.567036,2.236657,-1.667494,-1.905221,1.846196,0.800702,0.051099,0.032145,0.530801,-0.069818,-0.383830,-1.515741,0.125184
11.455087,1.576876,0.708900,1.943413,-0.441844,-1.100196,-0.989792,0.522509,0.698842,-0.131440,0.859568,0.116207,-0.595757,-0.458481,0.314630,-2.661522,-0.567004,2.237173,-1.667559,-1.905604,1.844681,0.800824,0.050329,0.032349,0.527115,-0.067603,-0.382924,-1.521280,0.124186
11.456081,1.576138,0.707264,1.942852,-0.441107,-1.096217,-0.990487,0.523196,0.742070,-0.178754,0.915759,0.104475,-0.594853,-0.453153,0.314604,-2.661467,-0.566965,2.237707,-1.667628,-1.905991,1.843138,0.800957,0.051861,0.033715,0.528190,-0.068167,-0.382537,-1.528841,0.126355
11.457021,1.576880,0.700499,1.937615,-0.441897,-1.093852,-0.991963,0.523254,0.780014,-0.229046,0.969952,0.090063,-0.593697,-0.448522,0.314600,-2.661415,-0.566926,2.238231,-1.667698,-1.906377,1.841603,0.801080,0.052545,0.034958,0.527439,-0.068370,-0.386184,-1.526757,0.124727
11.457947,1.575394,0.706545,1.934381,-0.440299,-1.096394,-0.991077,0.522857,0.809879,-0.282993,1.020132,0.071846,-0.592099,-0.444725,0.314570,-2.661362,-0.566880,2.238766,-1.667761,-1.906768,1.840097,0.801206,0.052435,0.038650,0.528664,-0.067123,-0.387919,-1.523724,0.124378
11.459157,1.571095,0.702048,1.934664,-0.439880,-1.102482,-0.984269,0.522145,0.830081,-0.339077,1.064115,0.050157,-0.589917,-0.441981,0.314474,-2.661307,-0.566849,2.239288,-1.667832,-1.907149,1.838565,0.801331,0.053412,0.036020,0.528916,-0.068103,-0.384757,-1.522813,0.124941
11.460143,1.568456,0.701458,1.933846,-0.439923,-1.107336,-0.977123,0.521085,0.838127,-0.392014,1.097938,0.027198,-0.587177,-0.440650,0.314323,-2.661247,-0.566805,2.239817,-1.667900,-1.907512,1.837035,0.801461,0.055964,0.038825,0.528535,-0.068202,-0.379049,-1.529658,0.126167
11.460979,1.565280,0.698736,1.922367,-0.436883,-1.108623,-0.981752,0.520616,0.833523,-0.441965,1.121477,0.002503,-0.583833,-0.440400,0.314159,-2.661187,-0.566765,2.240348,-1.667969,-1.907880,1.835490,0.801590,0.057420,0.039442,0.527434,-0.067536,-0.373734,-1.534775,0.128029
11.462016,1.564560,0.700773,1.919058,-0.433289,-1.112786,-0.980046,0.519501,0.815507,-0.489047,1.134134,-0.024279,-0.579989,-0.440915,0.314009,-2.661125,-0.566720,2.240878,-1.668043,-1.908241,1.833959,0.801719,0.059007,0.040964,0.530983,-0.069717,-0.371586,-1.526985,0.128650
11.462996,1.565654,0.706076,1.924226,-0.434600,-1.117877,-0.977533,0.518833,0.782572,-0.527111,1.131834,-0.049321,-0.576114,-0.442513,0.313861,-2.661064,-0.566682,2.241409,-1.668120,-1.908602,1.832444,0.801852,0.059547,0.040330,0.531355,-0.072563,-0.367174,-1.527323,0.130624
11.463988,1.568422,0.705402,1.920155,-0.435939,-1.121851,-0.978073,0.518444,0.741059,-0.552789,1.117320,-0.068625,-0.572659,-0.444833,0.313694,-2.661004,-0.566648,2.241937,-1.668187,-1.908947,1.830911,0.801986,0.059140,0.038067,0.527228,-0.070659,-0.361809,-1.527856,0.131666
11.465005,1.572965,0.702767,1.920478,-0.434877,-1.125082,-0.982964,0.519679,0.701422,-0.569654,1.099433,-0.082521,-0.569781,-0.446744,0.313485,-2.660948,-0.566608,2.242461,-1.668254,-1.909292,1.829406,0.802120,0.057962,0.038786,0.527919,-0.068771,-0.357624,-1.525569,0.132154
11.466014,1.575120,0.701159,1.916728,-0.434757,-1.122699,-0.991066,0.520325,0.670492,-0.583713,1.085152,-0.093411,-0.567550,-0.447402,0.313197,-2.660894,-0.566563,2.242988,-1.668324,-1.909647,1.827896,0.802244,0.055937,0.040420,0.526436,-0.069247,-0.354168,-1.519064,0.129417
11.466974,1.573880,0.701980,1.914973,-0.436862,-1.126658,-0.988018,0.518448,0.651994,-0.598977,1.078224,-0.102364,-0.566026,-0.446582,0.312813,-2.660839,-0.566520,2.243514,-1.668393,-1.910008,1.826392,0.802370,0.055104,0.041533,0.526989,-0.068778,-0.356279,-1.509334,0.127887
11.468023,1.571893,0.700472,1.912983,-0.432529,-1.126738,-0.979456,0.517066,0.643213,-0.616314,1.077288,-0.111298,-0.565030,-0.444649,0.312387,-2.660780,-0.566482,2.244039,-1.668452,-1.910351,1.824891,0.802507,0.055890,0.041459,0.526289,-0.066253,-0.351949,-1.510548,0.131387
11.468956,1.573983,0.699609,1.909560,-0.431750,-1.130405,-0.978176,0.516757,0.638667,-0.634634,1.078800,-0.121875,-0.564316,-0.442098,0.312006,-2.660720,-0.566438,2.244572,-1.668529,-1.910695,1.823357,0.802646,0.057099,0.042568,0.526078,-0.069915,-0.351892,-1.517701,0.133853
11.470023,1.575276,0.700699,1.906302,-0.427272,-1.129142,-0.978952,0.516378,0.637287,-0.652243,1.081684,-0.132717,-0.563826,-0.439217,0.311701,-2.660664,-0.566392,2.245098,-1.668601,-1.911032,1.821826,0.802781,0.056194,0.043216,0.526077,-0.069918,-0.347845,-1.516580,0.134149
11.471088,1.567030,0.701200,1.901626,-0.424527,-1.132657,-0.981995,0.515576,0.640436,-0.666438,1.085677,-0.140770,-0.563624,-0.436253,0.311461,-2.660609,-0.566347,2.245627,-1.668682,-1.911384,1.820328,0.802916,0.055838,0.043014,0.526631,-0.073647,-0.349119,-1.514658,0.134640
11.472109,1.567765,0.706544,1.908158,-0.425293,-1.138209,-0.979145,0.514384,0.643275,-0.671975,1.085363,-0.143633,-0.563806,-0.433882,0.311275,-2.660541,-0.566304,2.246154,-1.668761,-1.911719,1.818818,0.803051,0.060136,0.043137,0.527920,-0.075614,-0.345676,-1.510381,0.135984
11.472963,1.569861,0.707398,1.899045,-0.425695,-1.136743,-0.978508,0.514365,0.639443,-0.666090,1.075827,-0.141768,-0.564348,-0.432593,0.311135,-2.660482,-0.566269,2.246671,-1.668832,-1.912050,1.817317,0.803194,0.059926,0.040867,0.523420,-0.074192,-0.340114,-1.511798,0.138063
11.473952,1.569244,0.713010,1.890551,-0.424624,-1.134451,-0.985703,0.515679,0.631432,-0.651577,1.060473,-0.137159,-0.565132,-0.432044,0.311007,-2.660425,-0.566229,2.247205,-1.668903,-1.912393,1.815812,0.803331,0.058939,0.040690,0.525856,-0.072989,-0.341000,-1.509664,0.137748
11.474983,1.571356,0.713131,1.890810,-0.425153,-1.134356,-0.986733,0.517431,0.618816,-0.628033,1.038970,-0.130476,-0.566136,-0.432436,0.310845,-2.660363,-0.566195,2.247736,-1.668978,-1.912742,1.814314,0.803459,0.059403,0.038273,0.528617,-0.073337,-0.343023,-1.500688,0.134831
11.476037,1.568930,0.714019,1.883103,-0.423695,-1.134713,-0.985219,0.516030,0.598624,-0.593662,1.008463,-0.121694,-0.567359,-0.434302,0.310642,-2.660306,-0.566155,2.248263,-1.669047,-1.913082,1.812835,0.803585,0.058566,0.038624,0.527208,-0.072235,-0.343059,-1.498449,0.131076
11.477011,1.571059,0.715815,1.877767,-0.423810,-1.135481,-0.983330,0.514213,0.572553,-0.551919,0.971422,-0.112013,-0.568651,-0.437511,0.310466,-2.660244,-0.566117,2.248800,-1.669121,-1.913419,1.811335,0.803723,0.059999,0.038589,0.529860,-0.073065,-0.342760,-1.498753,0.133659
11.478073,1.570967,0.713008,1.872873,-0.420494,-1.136539,-0.987287,0.515562,0.540568,-0.505559,0.928921,-0.102615,-0.569863,-0.441976,0.310425,-2.660189,-0.566080,2.249332,-1.669191,-1.913759,1.809851,0.803867,0.059111,0.038054,0.530945,-0.072288,-0.341760,-1.498910,0.136976
11.479093,1.570336,0.714935,1.872099,-0.419040,-1.135045,-0.993286,0.515993,0.504030,-0.456181,0.882272,-0.093150,-0.570963,-0.447624,0.310553,-2.660130,-0.566038,2.249869,-1.669271,-1.914103,1.808367,0.803994,0.059409,0.039864,0.532185,-0.074827,-0.340716,-1.493811,0.133974
11.480090,1.574846,0.715753,1.869248,-0.417377,-1.136010,-0.989583,0.515382,0.466466,-0.405953,0.834335,-0.082453,-0.572001,-0.454301,0.310797,-2.660069,-0.566001,2.250391,-1.669349,-1.914447,1.806882,0.804125,0.059899,0.039279,0.531322,-0.075482,-0.342115,-1.486398,0.132869
11.480955,1.572336,0.718075,1.862411,-0.415025,-1.135683,-0.982340,0.514094,0.432604,-0.356398,0.788767,-0.069168,-0.573019,-0.461762,0.311108,-2.660016,-0.565962,2.250925,-1.669426,-1.914785,1.805406,0.804258,0.057872,0.039236,0.531263,-0.076360,-0.340991,-1.488686,0.133831
11.482053,1.573446,0.718935,1.856896,-0.417701,-1.133030,-0.981635,0.515824,0.406114,-0.308079,0.748411,-0.052331,-0.574009,-0.469681,0.311442,-2.659954,-0.565925,2.251467,-1.669506,-1.915124,1.803902,0.804400,0.059180,0.038340,0.532465,-0.077718,-0.340759,-1.493293,0.136074
11.483029,1.574563,0.721584,1.846417,-0.416463,-1.132549,-0.985982,0.517376,0.383018,-0.260869,0.710932,-0.033829,-0.574807,-0.477977,0.311726,-2.659896,-0.565886,2.251999,-1.669578,-1.915474,1.802427,0.804527,0.058886,0.038369,0.534263,-0.074454,-0.343517,-1.493192,0.132326
11.483995,1.570384,0.722217,1.840179,-0.415262,-1.133630,-0.988632,0.517517,0.356237,-0.214229,0.671543,-0.016793,-0.575178,-0.486791,0.311885,-2.659838,-0.565851,2.252548,-1.669654,-1.915821,1.800947,0.804648,0.058501,0.037424,0.537751,-0.074936,-0.343678,-1.487092,0.128988
11.485027,1.566338,0.726240,1.836333,-0.414248,-1.135928,-0.983536,0.516619,0.320070,-0.165369,0.625063,-0.001551,-0.575104,-0.496530,0.311925,-2.659774,-0.565814,2.253086,-1.669730,-1.916165,1.799458,0.804776,0.060713,0.037473,0.539157,-0.075329,-0.342279,-1.482632,0.128470
11.485972,1.560362,0.724819,1.830723,-0.411997,-1.136672,-0.975395,0.516446,0.270529,-0.112045,0.567901,0.012222,-0.574673,-0.507439,0.311920,-2.659709,-0.565783,2.253626,-1.669806,-1.916498,1.797954,0.804907,0.062865,0.035939,0.539681,-0.075633,-0.340007,-1.486384,0.130025
11.487047,1.559084,0.723041,1.829069,-0.408069,-1.136257,-0.975796,0.517936,0.206778,-0.055231,0.500203,0.023683,-0.573991,-0.519189,0.311929,-2.659637,-0.565746,2.254172,-1.669887,-1.916835,1.796463,0.805038,0.065838,0.037013,0.540608,-0.076960,-0.338983,-1.492572,0.130075
11.488045,1.561720,0.717317,1.828315,-0.406088,-1.134872,-0.977989,0.516966,0.132599,0.001576,0.425919,0.032600,-0.573264,-0.531037,0.311940,-2.659568,-0.565705,2.254708,-1.669974,-1.917171,1.794974,0.805160,0.066588,0.038309,0.540296,-0.079961,-0.339550,-1.491076,0.126846
11.488961,1.562215,0.724465,1.830346,-0.406041,-1.134760,-0.977667,0.517302,0.058834,0.052020,0.354327,0.039849,-0.572732,-0.541849,0.311924,-2.659506,-0.565657,2.255246,-1.670057,-1.917514,1.793507,0.805293,0.065390,0.041448,0.539132,-0.080983,-0.340761,-1.487404,0.128557
11.490005,1.563849,0.724917,1.831477,-0.404398,-1.134466,-0.977065,0.516980,-0.002318,0.091220,0.295228,0.046433,-0.572563,-0.550493,0.311877,-2.659441,-0.565626,2.255771,-1.670135,-1.917850,1.792017,0.805417,0.065180,0.038194,0.536325,-0.080111,-0.340487,-1.485553,0.127596
11.490986,1.569524,0.724959,1.827016,-0.406583,-1.127014,-0.983632,0.517498,-0.044463,0.120024,0.252883,0.053645,-0.572930,-0.556357,0.311775,-2.659378,-0.565587,2.256306,-1.670218,-1.918194,1.790551,0.805547,0.064532,0.038403,0.534499,-0.080897,-0.340739,-1.485056,0.127998
11.491979,1.574150,0.723989,1.826568,-0.405050,-1.125163,-0.991678,0.519050,-0.065923,0.139185,0.228376,0.061192,-0.573864,-0.559161,0.311590,-2.659321,-0.565548,2.256846,-1.670290,-1.918558,1.789089,0.805669,0.061865,0.038730,0.535115,-0.077999,-0.347813,-1.476868,0.126708
11.493002,1.571940,0.720655,1.831205,-0.404114,-1.122249,-0.994814,0.518241,-0.066554,0.147452,0.222145,0.067428,-0.575201,-0.558922,0.311318,-2.659264,-0.565507,2.257376,-1.670373,-1.918912,1.787632,0.805787,0.059752,0.039557,0.533858,-0.078631,-0.349306,-1.467384,0.123364
11.493977,1.573142,0.717900,1.831759,-0.402455,-1.124487,-0.987387,0.517893,-0.046622,0.143507,0.234390,0.071371,-0.576732,-0.555955,0.311003,-2.659201,-0.565460,2.257902,-1.670452,-1.919272,1.786186,0.805913,0.061049,0.041520,0.530254,-0.078748,-0.351955,-1.463153,0.124788
11.494965,1.574110,0.713988,1.827186,-0.400057,-1.122122,-0.977242,0.518018,-0.007637,0.125035,0.265335,0.071488,-0.578174,-0.550573,0.310718,-2.659142,-0.565414,2.258429,-1.670534,-1.919619,1.784694,0.806035,0.060589,0.043155,0.528478,-0.079486,-0.349368,-1.468909,0.125234
11.495986,1.578379,0.714688,1.824995,-0.393732,-1.121780,-0.976605,0.517676,0.047462,0.091640,0.313626,0.066904,-0.579307,-0.543094,0.310493,-2.659082,-0.565365,2.258956,-1.670619,-1.919972,1.783217,0.806159,0.060261,0.045347,0.529343,-0.080900,-0.351472,-1.477497,0.124729
11.497055,1.572648,0.710719,1.830087,-0.391073,-1.121827,-0.976902,0.517684,0.116166,0.048450,0.375567,0.060831,-0.580229,-0.534077,0.310307,-2.659026,-0.565320,2.259488,-1.670715,-1.920324,1.781737,0.806283,0.058346,0.045290,0.529091,-0.086040,-0.351596,-1.476685,0.125188
11.498024,1.574485,0.712313,1.826350,-0.391149,-1.122212,-0.977566,0.516090,0.196101,0.001732,0.446939,0.057563,-0.581157,-0.524113,0.310128,-2.658959,-0.565268,2.260000,-1.670805,-1.920674,1.780255,0.806407,0.061408,0.047554,0.525641,-0.087648,-0.351532,-1.475359,0.124941
11.499082,1.575704,0.713543,1.829794,-0.393969,-1.124040,-0.976479,0.517524,0.281258,-0.046387,0.523157,0.056414,-0.582021,-0.513586,0.309944,-2.658902,-0.565222,2.260528,-1.670887,-1.921024,1.778797,0.806539,0.060625,0.046993,0.525998,-0.086616,-0.350795,-1.473072,0.127878
11.500043,1.576745,0.716473,1.830919,-0.393283,-1.122270,-0.976891,0.519109,0.366058,-0.095790,0.600995,0.053951,-0.582611,-0.502687,0.309730,-2.658844,-0.565175,2.261050,-1.670962,-1.921370,1.777317,0.806660,0.060271,0.046688,0.523197,-0.083080,-0.348937,-1.473092,0.124736
11.501063,1.579029,0.714341,1.824053,-0.392885,-1.122892,-0.981883,0.519703,0.449882,-0.146485,0.680500,0.048308,-0.582876,-0.491410,0.309423,-2.658783,-0.565129,2.261566,-1.671045,-1.921725,1.775864,0.806776,0.059876,0.045470,0.521199,-0.082841,-0.350322,-1.471018,0.121343
11.502032,1.579858,0.711771,1.818470,-0.390683,-1.121923,-0.982413,0.518717,0.531407,-0.196494,0.759930,0.040052,-0.582942,-0.480110,0.309031,-2.658727,-0.565078,2.262091,-1.671126,-1.922073,1.774404,0.806892,0.058954,0.046798,0.523403,-0.082387,-0.349522,-1.464739,0.119972
11.503067,1.576534,0.713160,1.820541,-0.390012,-1.126143,-0.983442,0.517575,0.606166,-0.242981,0.834504,0.030448,-0.582941,-0.469576,0.308669,-2.658668,-0.565025,2.262613,-1.671212,-1.922426,1.772937,0.807018,0.058698,0.048251,0.524710,-0.083575,-0.350122,-1.462577,0.121719
11.503945,1.572760,0.709234,1.818245,-0.387535,-1.125292,-0.982524,0.519091,0.670706,-0.284731,0.900984,0.020104,-0.582910,-0.460379,0.308449,-2.658605,-0.564979,2.263133,-1.671292,-1.922761,1.771492,0.807146,0.060547,0.047848,0.522507,-0.083398,-0.345870,-1.460509,0.123757
11.504978,1.575565,0.709066,1.815961,-0.383668,-1.124461,-0.981096,0.518868,0.723368,-0.322157,0.958380,0.008835,-0.582842,-0.452735,0.308379,-2.658540,-0.564925,2.263652,-1.671381,-1.923109,1.770028,0.807259,0.062440,0.049908,0.521768,-0.084690,-0.346148,-1.459114,0.120442
11.506030,1.577463,0.706168,1.819453,-0.381031,-1.124172,-0.983219,0.516940,0.765516,-0.356052,1.007674,-0.002466,-0.582796,-0.446658,0.308401,-2.658482,-0.564873,2.264169,-1.671475,-1.923454,1.768561,0.807378,0.061232,0.050212,0.521823,-0.087417,-0.346900,-1.459364,0.120711
11.507174,1.574839,0.702325,1.812196,-0.380553,-1.124275,-0.978076,0.516114,0.804448,-0.387306,1.053606,-0.010785,-0.582905,-0.441901,0.308482,-2.658425,-0.564819,2.264684,-1.671567,-1.923801,1.767122,0.807508,0.060531,0.051902,0.519054,-0.088945,-0.347138,-1.456318,0.124349
11.508029,1.573521,0.703878,1.811526,-0.382578,-1.124491,-0.977142,0.516650,0.843170,-0.418393,1.098885,-0.016229,-0.583075,-0.438191,0.308603,-2.658359,-0.564759,2.265214,-1.671657,-1.924144,1.765649,0.807636,0.062096,0.054067,0.522023,-0.088483,-0.347329,-1.461130,0.125759
11.509023,1.572329,0.705788,1.806233,-0.382056,-1.122239,-0.978352,0.517906,0.874894,-0.450799,1.139684,-0.022913,-0.582958,-0.435539,0.308714,-2.658295,-0.564709,2.265727,-1.671734,-1.924491,1.764206,0.807759,0.062728,0.053364,0.520384,-0.085477,-0.346415,-1.459634,0.124385
11.509997,1.574545,0.706474,1.801081,-0.382150,-1.124992,-0.977256,0.517469,0.893880,-0.482593,1.171606,-0.033103,-0.582289,-0.434084,0.308756,-2.658229,-0.564658,2.266252,-1.671819,-1.924842,1.762743,0.807873,0.063423,0.052630,0.521660,-0.085041,-0.348426,-1.456959,0.121657
11.511057,1.567770,0.707701,1.796378,-0.380608,-1.127588,-0.979963,0.517523,0.899121,-0.509961,1.192296,-0.045489,-0.581055,-0.434033,0.308730,-2.658169,-0.564605,2.266771,-1.671902,-1.925177,1.761280,0.807999,0.062438,0.052464,0.522817,-0.083986,-0.345446,-1.456469,0.122307
11.512074,1.558613,0.704146,1.793632,-0.376639,-1.129718,-0.969417,0.517379,0.888877,-0.529328,1.198803,-0.058338,-0.579380,-0.435732,0.308713,-2.658096,-0.564555,2.267298,-1.671987,-1.925517,1.759841,0.808121,0.065944,0.052133,0.524073,-0.084635,-0.342900,-1.452910,0.121974
11.513073,1.555487,0.700849,1.794467,-0.375405,-1.132132,-0.965555,0.517801,0.857972,-0.538835,1.186784,-0.071472,-0.577416,-0.439527,0.308776,-2.658017,-0.564497,2.267828,-1.672082,-1.925850,1.758359,0.808240,0.070488,0.054079,0.524100,-0.087445,-0.340756,-1.462177,0.122046
11.514089,1.559501,0.703248,1.788352,-0.372281,-1.132840,-0.965021,0.518552,0.806453,-0.541921,1.157633,-0.085953,-0.575281,-0.444992,0.308940,-2.657942,-0.564439,2.268339,-1.672171,-1.926189,1.756907,0.808360,0.072002,0.055859,0.522456,-0.087566,-0.338203,-1.464619,0.120963
11.515109,1.558843,0.707321,1.791765,-0.370362,-1.135543,-0.964753,0.516696,0.744069,-0.542497,1.119161,-0.100504,-0.573221,-0.451160,0.309178,-2.657875,-0.564386,2.268870,-1.672263,-1.926529,1.755434,0.808474,0.070070,0.054848,0.524197,-0.089587,-0.337420,-1.463763,0.119261
11.516093,1.560250,0.707762,1.789752,-0.371064,-1.136792,-0.969928,0.517385,0.682234,-0.538561,1.077858,-0.110299,-0.571682,-0.457314,0.309444,-2.657803,-0.564335,2.269382,-1.672356,-1.926856,1.753965,0.808603,0.070457,0.053038,0.521331,-0.090343,-0.334744,-1.462724,0.122768
11.516976,1.557993,0.708611,1.784942,-0.372896,-1.136687,-0.970917,0.516555,0.627977,-0.529172,1.038008,-0.113253,-0.570890,-0.462761,0.309688,-2.657733,-0.564284,2.269907,-1.672441,-1.927188,1.752531,0.808721,0.069784,0.053038,0.520925,-0.088622,-0.333395,-1.456138,0.121117
11.518041,1.559514,0.710000,1.778280,-0.376313,-1.136821,-0.978087,0.517726,0.580560,-0.517236,1.000449,-0.112894,-0.570647,-0.466980,0.309838,-2.657660,-0.564231,2.270432,-1.672522,-1.927522,1.751081,0.808849,0.070833,0.052711,0.521389,-0.085794,-0.333044,-1.452986,0.122522
11.519013,1.560293,0.711298,1.779080,-0.374102,-1.136196,-0.986605,0.518234,0.533224,-0.504721,0.961695,-0.114488,-0.570603,-0.469998,0.309846,-2.657589,-0.564181,2.270959,-1.672597,-1.927850,1.749646,0.808961,0.070156,0.052298,0.523668,-0.081678,-0.333097,-1.445003,0.119960
11.519992,1.554789,0.707862,1.777011,-0.372394,-1.137591,-0.988126,0.516855,0.483554,-0.491555,0.920143,-0.119697,-0.570590,-0.472160,0.309710,-2.657520,-0.564131,2.271481,-1.672684,-1.928186,1.748240,0.809078,0.069799,0.051860,0.521760,-0.082903,-0.333537,-1.435189,0.118739
11.521079,1.557427,0.706910,1.775214,-0.369703,-1.140728,-0.984557,0.517477,0.434460,-0.477921,0.877669,-0.126828,-0.570622,-0.473859,0.309476,-2.657441,-0.564072,2.271997,-1.672770,-1.928507,1.746804,0.809204,0.072499,0.053710,0.521457,-0.083589,-0.332093,-1.432325,0.121278
11.521988,1.560937,0.705015,1.774586,-0.363535,-1.143625,-0.972126,0.516993,0.388463,-0.465489,0.836679,-0.134677,-0.570681,-0.475384,0.309197,-2.657372,-0.564018,2.272522,-1.672859,-1.928831,1.745371,0.809322,0.071284,0.054424,0.521424,-0.085307,-0.329242,-1.435367,0.119802
11.523002,1.558871,0.704381,1.764226,-0.357977,-1.148826,-0.969108,0.517368,0.353929,-0.455835,0.803529,-0.139974,-0.570914,-0.476532,0.308891,-2.657305,-0.563961,2.273044,-1.672957,-1.929154,1.743908,0.809443,0.069533,0.055448,0.519941,-0.090125,-0.326071,-1.445783,0.120537
11.524086,1.553161,0.705311,1.764387,-0.359138,-1.151512,-0.971627,0.517142,0.336971,-0.446655,0.781414,-0.137567,-0.571631,-0.477206,0.308571,-2.657233,-0.563904,2.273570,-1.673058,-1.929461,1.742452,0.809562,0.070629,0.055922,0.523863,-0.094335,-0.321084,-1.447450,0.119555
11.525072,1.550892,0.713432,1.768246,-0.358439,-1.155543,-0.975159,0.517132,0.328318,-0.433524,0.762651,-0.127525,-0.572804,-0.477949,0.308258,-2.657155,-0.563852,2.274093,-1.673146,-1.929775,1.741031,0.809678,0.073522,0.055732,0.522807,-0.092148,-0.318812,-1.444335,0.119827
11.525973,1.553808,0.722220,1.759261,-0.361100,-1.157361,-0.977997,0.518288,0.318042,-0.414887,0.740812,-0.113954,-0.574121,-0.479039,0.307948,-2.657078,-0.563809,2.274612,-1.673236,-1.930082,1.739598,0.809797,0.074596,0.051936,0.519497,-0.091742,-0.314913,-1.439448,0.119621
11.527061,1.557626,0.725519,1.755237,-0.363593,-1.157355,-0.979706,0.518182,0.304279,-0.387824,0.714337,-0.098017,-0.575512,-0.480603,0.307598,-2.657008,-0.563769,2.275135,-1.673317,-1.930393,1.738178,0.809910,0.073076,0.047807,0.522227,-0.088067,-0.312937,-1.434734,0.117062
11.528091,1.556255,0.724916,1.758535,-0.362510,-1.154885,-0.988414,0.519753,0.267578,-0.306145,0.648360,-0.063474,-0.578520,-0.485507,0.306758,-2.656868,-0.563675,2.276174,-1.673481,-1.931024,1.735335,0.810131,0.072073,0.047146,0.520519,-0.085027,-0.316043,-1.422802,0.113779
11.529094,1.551458,0.726328,1.752953,-0.358727,-1.153780,-0.987461,0.519364,0.267578,-0.306145,0.648360,-0.063474,-0.578520,-0.485507,0.306758,-2.656868,-0.563675,2.276174,-1.673481,-1.931024,1.735335,0.810131,0.072073,0.047146,0.520519,-0.085027,-0.316043,-1.422802,0.113779
11.530071,1.552749,0.728380,1.757797,-0.356703,-1.154873,-0.987025,0.518961,0.249050,-0.261514,0.615329,-0.048354,-0.580092,-0.488464,0.306374,-2.656791,-0.563630,2.276697,-1.673573,-1.931344,1.733927,0.810246,0.074457,0.046712,0.522023,-0.087692,-0.317195,-1.422788,0.114394
11.531003,1.553146,0.727561,1.756537,-0.353494,-1.154083,-0.987284,0.519873,0.231625,-0.216586,0.583656,-0.033182,-0.581909,-0.491905,0.306094,-2.656718,-0.563587,2.277212,-1.673662,-1.931657,1.732504,0.810367,0.073775,0.045980,0.518194,-0.088602,-0.316136,-1.421877,0.114965
11.531985,1.557649,0.727727,1.752565,-0.349903,-1.151453,-0.989199,0.519732,0.222064,-0.173807,0.558699,-0.015893,-0.584097,-0.495517,0.305916,-2.656644,-0.563537,2.277721,-1.673756,-1.931971,1.731101,0.810477,0.073524,0.046579,0.517338,-0.090542,-0.316833,-1.420057,0.112911
11.532958,1.554301,0.730811,1.751431,-0.348228,-1.148930,-0.991859,0.520578,0.226274,-0.135479,0.544967,0.005220,-0.586707,-0.499028,0.305800,-2.656579,-0.563492,2.278241,-1.673852,-1.932299,1.729687,0.810590,0.071335,0.046772,0.517954,-0.092894,-0.319401,-1.416874,0.113010
11.533969,1.547946,0.734471,1.746028,-0.349424,-1.148862,-0.985044,0.520077,0.242541,-0.100100,0.540412,0.031138,-0.589707,-0.502666,0.305718,-2.656503,-0.563448,2.278752,-1.673945,-1.932622,1.728265,0.810698,0.073004,0.045502,0.517166,-0.093347,-0.321860,-1.412835,0.111117
11.535085,1.547433,0.732049,1.742961,-0.351784,-1.144747,-0.986283,0.522701,0.259712,-0.064860,0.536834,0.059111,-0.592777,-0.506874,0.305675,-2.656421,-0.563408,2.279275,-1.674032,-1.932948,1.726853,0.810810,0.076110,0.044028,0.518608,-0.091117,-0.321938,-1.418724,0.111956
11.536184,1.545025,0.738116,1.740626,-0.354510,-1.143678,-0.988364,0.523480,0.264877,-0.030890,0.526626,0.082641,-0.595332,-0.511758,0.305678,-2.656344,-0.563361,2.279798,-1.674114,-1.933281,1.725436,0.810904,0.076411,0.045632,0.519369,-0.087971,-0.326398,-1.417129,0.106553
11.536976,1.544034,0.742284,1.736204,-0.352904,-1.142555,-0.992869,0.524675,0.253282,-0.001784,0.508108,0.096610,-0.596887,-0.517063,0.305712,-2.656264,-0.563323,2.280311,-1.674192,-1.933611,1.724023,0.811005,0.077636,0.043010,0.519799,-0.084537,-0.327715,-1.414651,0.104906
11.538179,1.540970,0.742280,1.741484,-0.350819,-1.145283,-0.998434,0.524181,0.225762,0.024708,0.480698,0.102047,-0.597418,-0.522933,0.305792,-2.656185,-0.563288,2.280833,-1.674276,-1.933942,1.722644,0.811106,0.077880,0.041176,0.519651,-0.085015,-0.328099,-1.407662,0.102307
11.539084,1.540957,0.740296,1.731979,-0.347861,-1.144122,-0.990622,0.523389,0.187860,0.052023,0.446251,0.103777,-0.597255,-0.529651,0.305966,-2.656103,-0.563245,2.281339,-1.674366,-1.934269,1.721241,0.811210,0.079508,0.041683,0.516850,-0.086232,-0.325989,-1.402555,0.103220
11.540033,1.541464,0.735413,1.728590,-0.344907,-1.143903,-0.982222,0.524553,0.146240,0.078796,0.409218,0.104876,-0.596695,-0.537152,0.306277,-2.656025,-0.563201,2.281865,-1.674455,-1.934595,1.719827,0.811318,0.079372,0.042912,0.519812,-0.088021,-0.326866,-1.408667,0.104610
11.541157,1.544085,0.734213,1.730621,-0.341902,-1.141567,-0.975270,0.524684,0.105384,0.101438,0.373597,0.105956,-0.595894,-0.545000,0.306718,-2.655947,-0.563151,2.282392,-1.674549,-1.934926,1.718388,0.811412,0.079016,0.045559,0.519838,-0.089729,-0.326855,-1.415425,0.102106
11.541955,1.539299,0.739683,1.726340,-0.341808,-1.141750,-0.978078,0.524493,0.072786,0.115020,0.346055,0.107231,-0.595006,-0.552138,0.307235,-2.655871,-0.563103,2.282904,-1.674645,-1.935262,1.716948,0.811515,0.077787,0.046500,0.518215,-0.091619,-0.329518,-1.422008,0.101741
11.542962,1.541726,0.742999,1.724782,-0.340384,-1.139272,-0.980039,0.523619,0.051780,0.119540,0.328861,0.109356,-0.594218,-0.557732,0.307780,-2.655788,-0.563064,2.283421,-1.674733,-1.935592,1.715554,0.811616,0.079922,0.043923,0.518097,-0.090420,-0.328599,-1.416599,0.101928
11.543984,1.548803,0.746588,1.730103,-0.343469,-1.137511,-0.985984,0.524706,0.037170,0.121576,0.316259,0.113189,-0.593726,-0.561795,0.308301,-2.655711,-0.563023,2.283941,-1.674825,-1.935925,1.714144,0.811724,0.078650,0.042617,0.517603,-0.090727,-0.331059,-1.413617,0.103515
11.545023,1.544405,0.748761,1.726963,-0.343452,-1.134582,-0.996294,0.527097,0.031144,0.122907,0.309258,0.118959,-0.593659,-0.563950,0.308700,-2.655643,-0.562984,2.284446,-1.674903,-1.936261,1.712770,0.811819,0.075180,0.041215,0.513895,-0.086806,-0.332778,-1.406916,0.101179
11.546059,1.545922,0.747622,1.734286,-0.342765,-1.129847,-1.002234,0.527367,0.037176,0.121038,0.311367,0.124836,-0.593988,-0.563804,0.308870,-2.655561,-0.562945,2.284962,-1.674988,-1.936605,1.711388,0.811905,0.077377,0.040525,0.514439,-0.085920,-0.335660,-1.395922,0.096295
11.547048,1.550866,0.746899,1.732669,-0.340933,-1.126110,-1.006980,0.527143,0.051097,0.114907,0.320409,0.128318,-0.594605,-0.561709,0.308798,-2.655484,-0.562901,2.285460,-1.675074,-1.936950,1.710003,0.811998,0.076590,0.041449,0.509869,-0.085666,-0.340342,-1.389347,0.095686
11.548074,1.555663,0.741441,1.731249,-0.337499,-1.123327,-0.996861,0.526110,0.075354,0.101920,0.339069,0.129221,-0.595461,-0.557889,0.308572,-2.655415,-0.562856,2.285971,-1.675160,-1.937303,1.708635,0.812095,0.074142,0.042086,0.509473,-0.086493,-0.343750,-1.383680,0.096008
11.549141,1.555559,0.736912,1.735183,-0.336112,-1.118916,-0.990664,0.527390,0.116947,0.079119,0.373055,0.129121,-0.596572,-0.552388,0.308284,-2.655348,-0.562804,2.286482,-1.675253,-1.937660,1.707220,0.812196,0.071853,0.045071,0.509118,-0.088798,-0.346306,-1.393025,0.097947
11.550044,1.549149,0.736695,1.734448,-0.331417,-1.116477,-0.981672,0.527574,0.178705,0.042774,0.425773,0.127656,-0.597814,-0.545077,0.307978,-2.655275,-0.562750,2.286981,-1.675344,-1.938017,1.705825,0.812284,0.072011,0.047573,0.506399,-0.089128,-0.350635,-1.398668,0.095263
11.551030,1.554162,0.740053,1.735091,-0.328055,-1.114700,-0.979944,0.525681,0.255774,-0.007786,0.494740,0.123279,-0.598976,-0.535979,0.307673,-2.655195,-0.562702,2.287488,-1.675441,-1.938376,1.704404,0.812376,0.075083,0.047832,0.505156,-0.092478,-0.352398,-1.405799,0.094775
11.551990,1.550618,0.743253,1.734988,-0.327439,-1.115363,-0.983432,0.525250,0.340763,-0.065005,0.572542,0.118510,-0.600148,-0.525648,0.307399,-2.655127,-0.562657,2.287983,-1.675540,-1.938732,1.702991,0.812485,0.072588,0.046415,0.503761,-0.094494,-0.353821,-1.406244,0.098421
11.553042,1.552282,0.749050,1.735990,-0.328958,-1.110436,-0.987269,0.526118,0.429889,-0.120002,0.653371,0.117355,-0.601578,-0.514692,0.307159,-2.655052,-0.562613,2.288487,-1.675633,-1.939086,1.701610,0.812585,0.074347,0.045082,0.502504,-0.093884,-0.352720,-1.401485,0.099098
11.554105,1.548675,0.749594,1.738225,-0.329497,-1.107370,-0.991644,0.528164,0.517308,-0.167782,0.731663,0.119654,-0.603236,-0.503663,0.306894,-2.654979,-0.562576,2.288991,-1.675717,-1.939453,1.700215,0.812678,0.073554,0.042600,0.501142,-0.091445,-0.357458,-1.397034,0.097233
11.554985,1.548680,0.750557,1.731913,-0.334934,-1.105914,-0.987384,0.527426,0.596989,-0.207725,0.803484,0.122326,-0.604855,-0.492964,0.306535,-2.654901,-0.562531,2.289479,-1.675805,-1.939822,1.698812,0.812764,0.075392,0.042708,0.499406,-0.089949,-0.360273,-1.392063,0.093045
11.555981,1.544315,0.746652,1.731793,-0.332444,-1.103383,-0.992001,0.526883,0.663617,-0.243472,0.866904,0.120247,-0.606016,-0.482757,0.306098,-2.654827,-0.562489,2.289984,-1.675875,-1.940181,1.697428,0.812862,0.075267,0.042442,0.500880,-0.083709,-0.360987,-1.394578,0.094407
11.557081,1.544349,0.742651,1.742387,-0.331543,-1.102877,-0.992431,0.526560,0.712726,-0.279402,0.920528,0.108992,-0.606373,-0.473194,0.305676,-2.654744,-0.562438,2.290486,-1.675963,-1.940543,1.696044,0.812958,0.077359,0.044645,0.499814,-0.085233,-0.363156,-1.388905,0.095359
11.558069,1.544699,0.741829,1.739573,-0.324945,-1.101108,-0.992679,0.526878,0.749695,-0.320384,0.969264,0.088966,-0.605949,-0.464123,0.305334,-2.654668,-0.562388,2.290966,-1.676048,-1.940909,1.694671,0.813057,0.077380,0.046958,0.494140,-0.085235,-0.363564,-1.388392,0.095884
11.559004,1.544759,0.738859,1.737802,-0.321561,-1.104975,-0.989885,0.527101,0.786591,-0.368611,1.021265,0.065296,-0.605103,-0.455288,0.305077,-2.654591,-0.562339,2.291457,-1.676147,-1.941279,1.693283,0.813150,0.077161,0.047578,0.494584,-0.090565,-0.364859,-1.387084,0.095115
11.560004,1.538983,0.736803,1.740947,-0.319963,-1.104402,-0.986703,0.525718,0.829066,-0.419217,1.077661,0.045005,-0.604318,-0.447096,0.304897,-2.654513,-0.562286,2.291942,-1.676245,-1.941629,1.691884,0.813241,0.076977,0.049176,0.494008,-0.092523,-0.360308,-1.387983,0.094529
11.560989,1.538443,0.736777,1.737602,-0.318186,-1.103093,-0.991522,0.526456,0.875359,-0.469147,1.135779,0.030267,-0.603722,-0.439870,0.304801,-2.654427,-0.562233,2.292426,-1.676337,-1.941989,1.690504,0.813341,0.079686,0.050336,0.491153,-0.092861,-0.360329,-1.389660,0.097159
11.562061,1.533230,0.736061,1.734668,-0.321484,-1.103772,-0.986544,0.526956,0.920699,-0.518366,1.192484,0.019009,-0.603111,-0.433638,0.304773,-2.654347,-0.562180,2.292918,-1.676429,-1.942346,1.689124,0.813433,0.079772,0.050462,0.491452,-0.093416,-0.361037,-1.383140,0.095503
11.563037,1.536154,0.737020,1.728682,-0.322448,-1.100917,-0.989551,0.526746,0.957417,-0.565557,1.242193,0.008163,-0.602214,-0.428602,0.304769,-2.654259,-0.562129,2.293409,-1.676511,-1.942705,1.687747,0.813529,0.082229,0.051034,0.491911,-0.089156,-0.359966,-1.387205,0.094374
11.564034,1.530628,0.742166,1.732033,-0.323518,-1.100782,-0.989608,0.526163,0.978883,-0.610538,1.280391,-0.006235,-0.600699,-0.424840,0.304769,-2.654181,-0.562080,2.293905,-1.676595,-1.943074,1.686370,0.813623,0.080598,0.050697,0.493409,-0.087165,-0.362095,-1.382455,0.094657
11.565043,1.523388,0.741694,1.728108,-0.318776,-1.103996,-0.990996,0.525951,0.984518,-0.651764,1.305933,-0.024893,-0.598463,-0.422424,0.304796,-2.654092,-0.562037,2.294385,-1.676676,-1.943433,1.684984,0.813720,0.083153,0.048358,0.490485,-0.085129,-0.361613,-1.380862,0.095674
11.566132,1.522747,0.739789,1.727770,-0.316678,-1.105232,-0.989191,0.525064,0.974149,-0.684759,1.316757,-0.045103,-0.595719,-0.421782,0.304884,-2.654001,-0.561987,2.294876,-1.676773,-1.943783,1.683628,0.813815,0.086515,0.048804,0.491182,-0.088604,-0.357890,-1.378150,0.095945
11.567037,1.520755,0.736544,1.723962,-0.312426,-1.105074,-0.980836,0.523053,0.948109,-0.707100,1.311732,-0.063763,-0.592821,-0.423353,0.305072,-2.653914,-0.561934,2.295369,-1.676866,-1.944142,1.682243,0.813918,0.086649,0.049963,0.490393,-0.089520,-0.356363,-1.379048,0.097576
11.567998,1.514969,0.739841,1.716692,-0.308892,-1.104709,-0.973179,0.523390,0.913109,-0.721839,1.296055,-0.079089,-0.590048,-0.426910,0.305390,-2.653824,-0.561880,2.295856,-1.676965,-1.944493,1.680842,0.814026,0.087315,0.051631,0.490578,-0.092304,-0.355740,-1.385170,0.101397
11.569076,1.509855,0.738322,1.716882,-0.304952,-1.107427,-0.966379,0.522691,0.872483,-0.729923,1.272135,-0.089957,-0.587590,-0.432201,0.305828,-2.653729,-0.561833,2.296353,-1.677061,-1.944850,1.679444,0.814122,0.089879,0.050129,0.492656,-0.094457,-0.355426,-1.390934,0.100515
11.570030,1.511574,0.745673,1.715032,-0.305153,-1.106755,-0.973593,0.521697,0.823407,-0.728491,1.237020,-0.095408,-0.585630,-0.439092,0.306338,-2.653632,-0.561781,2.296848,-1.677164,-1.945195,1.678030,0.814225,0.092148,0.051112,0.491505,-0.097009,-0.352469,-1.396545,0.101770
11.571021,1.512594,0.750336,1.713554,-0.305339,-1.105547,-0.977999,0.522482,0.767755,-0.716939,1.191809,-0.095035,-0.584302,-0.446847,0.306855,-2.653544,-0.561739,2.297334,-1.677255,-1.945544,1.676670,0.814333,0.090981,0.047630,0.490950,-0.095508,-0.352541,-1.387472,0.103558
11.572061,1.505934,0.756424,1.712673,-0.304793,-1.106828,-0.987092,0.521481,0.711324,-0.695001,1.140335,-0.088477,-0.583671,-0.454620,0.307304,-2.653455,-0.561698,2.297822,-1.677348,-1.945903,1.675297,0.814434,0.090226,0.045578,0.490346,-0.094068,-0.353144,-1.381565,0.101778
11.572995,1.505250,0.764944,1.713877,-0.306661,-1.108603,-0.989079,0.522848,0.654482,-0.661509,1.082584,-0.076537,-0.583680,-0.462113,0.307617,-2.653354,-0.561659,2.298307,-1.677440,-1.946250,1.673934,0.814541,0.093239,0.042857,0.489720,-0.093447,-0.351500,-1.371287,0.103629
11.574094,1.507279,0.761883,1.716182,-0.305871,-1.106093,-0.994351,0.521752,0.593890,-0.615648,1.016521,-0.060955,-0.584183,-0.469432,0.307755,-2.653261,-0.561628,2.298793,-1.677524,-1.946593,1.672586,0.814637,0.093193,0.038927,0.487520,-0.090472,-0.349089,-1.367597,0.100681
11.575051,1.508175,0.757245,1.708199,-0.303515,-1.107384,-0.996711,0.520819,0.534010,-0.562228,0.947479,-0.043888,-0.584958,-0.476264,0.307716,-2.653171,-0.561583,2.299280,-1.677615,-1.946944,1.671241,0.814743,0.091995,0.040818,0.485540,-0.090188,-0.351440,-1.361666,0.102752
11.575984,1.503050,0.755194,1.707216,-0.299947,-1.110933,-0.991294,0.519815,0.482876,-0.511134,0.884498,-0.027798,-0.585737,-0.482142,0.307567,-2.653078,-0.561536,2.299766,-1.677710,-1.947288,1.669903,0.814854,0.091222,0.043327,0.488101,-0.091209,-0.349541,-1.357772,0.104396
11.577040,1.501566,0.753964,1.709333,-0.296582,-1.115148,-0.988005,0.518042,0.441201,-0.467722,0.829850,-0.013883,-0.586368,-0.487238,0.307404,-2.652978,-0.561492,2.300253,-1.677807,-1.947630,1.668535,0.814961,0.093372,0.044522,0.486967,-0.093379,-0.345350,-1.361365,0.106194
11.577999,1.502164,0.759058,1.699096,-0.293598,-1.118788,-0.979705,0.516984,0.408331,-0.432883,0.783730,-0.001544,-0.586860,-0.491719,0.307306,-2.652881,-0.561446,2.300733,-1.677908,-1.947958,1.667151,0.815081,0.093808,0.045387,0.484960,-0.095356,-0.341027,-1.363478,0.109518
11.578968,1.503455,0.763053,1.701692,-0.293159,-1.120604,-0.985757,0.515120,0.384583,-0.403302,0.745565,0.011834,-0.587380,-0.495653,0.307304,-2.652790,-0.561409,2.301230,-1.678007,-1.948286,1.665779,0.815193,0.093189,0.043101,0.488535,-0.096915,-0.336988,-1.370079,0.111393
11.579999,1.501474,0.769873,1.699225,-0.292234,-1.125840,-0.985276,0.514488,0.368952,-0.372404,0.712545,0.029366,-0.588153,-0.499204,0.307377,-2.652699,-0.561370,2.301718,-1.678100,-1.948616,1.664422,0.815315,0.092246,0.041396,0.485742,-0.096041,-0.334800,-1.362294,0.114875
11.581052,1.500888,0.775926,1.701730,-0.294967,-1.124456,-0.988263,0.514415,0.361099,-0.336525,0.683478,0.052071,-0.589291,-0.502318,0.307466,-2.652604,-0.561339,2.302202,-1.678196,-1.948934,1.663074,0.815433,0.092959,0.038383,0.485896,-0.095695,-0.329451,-1.361736,0.115883
11.582160,1.502359,0.782196,1.697739,-0.299713,-1.127710,-0.988808,0.515391,0.358650,-0.294939,0.657167,0.078238,-0.590712,-0.504896,0.307494,-2.652511,-0.561309,2.302681,-1.678282,-1.949265,1.661719,0.815551,0.092988,0.035810,0.483675,-0.091909,-0.330756,-1.357710,0.115792
11.583038,1.505610,0.781764,1.691179,-0.297791,-1.126391,-0.991299,0.515230,0.357647,-0.249667,0.632511,0.103420,-0.592093,-0.506844,0.307422,-2.652422,-0.561280,2.303167,-1.678358,-1.949581,1.660355,0.815661,0.092083,0.033180,0.484920,-0.086410,-0.327628,-1.356500,0.113635
11.584037,1.501855,0.780892,1.692751,-0.297659,-1.128666,-0.994033,0.513934,0.356495,-0.203674,0.609801,0.124492,-0.593215,-0.508192,0.307269,-2.652336,-0.561248,2.303659,-1.678446,-1.949910,1.659025,0.815777,0.090144,0.033718,0.486293,-0.087156,-0.328330,-1.351936,0.113718
11.585026,1.501437,0.781157,1.689058,-0.295722,-1.127459,-0.993375,0.513167,0.356690,-0.160145,0.590834,0.141385,-0.594118,-0.509064,0.307095,-2.652239,-0.561214,2.304143,-1.678529,-1.950233,1.657679,0.815895,0.091710,0.034515,0.484224,-0.086254,-0.325801,-1.347889,0.116094
11.585961,1.502059,0.781880,1.685674,-0.292573,-1.128187,-0.995632,0.510892,0.359151,-0.122341,0.577122,0.154086,-0.594805,-0.509569,0.306973,-2.652147,-0.561178,2.304622,-1.678618,-1.950556,1.656327,0.816016,0.091615,0.034712,0.484857,-0.087051,-0.326780,-1.347157,0.117366
11.587033,1.502557,0.783447,1.687309,-0.289933,-1.131770,-0.990847,0.510169,0.364089,-0.089684,0.568325,0.164329,-0.595381,-0.510055,0.306962,-2.652058,-0.561146,2.305110,-1.678709,-1.950878,1.654998,0.816146,0.090991,0.034678,0.484958,-0.088934,-0.325618,-1.343219,0.121641
11.587966,1.496975,0.781378,1.684161,-0.288910,-1.134013,-0.993916,0.509008,0.374666,-0.060071,0.565506,0.175704,-0.596136,-0.510761,0.307075,-2.651969,-0.561113,2.305591,-1.678803,-1.951189,1.653638,0.816274,0.090560,0.034318,0.483227,-0.090393,-0.322122,-1.347169,0.122795
11.589074,1.495308,0.787210,1.682513,-0.288968,-1.134947,-0.992748,0.508941,0.391104,-0.033842,0.568869,0.188850,-0.597176,-0.511645,0.307280,-2.651873,-0.561077,2.306070,-1.678892,-1.951506,1.652307,0.816403,0.092997,0.035654,0.483325,-0.090162,-0.319526,-1.342347,0.124824
11.590020,1.494356,0.786776,1.678764,-0.290460,-1.131739,-0.995750,0.507550,0.406412,-0.010561,0.573585,0.201616,-0.598327,-0.512830,0.307531,-2.651780,-0.561048,2.306557,-1.678979,-1.951822,1.650960,0.816527,0.093604,0.033201,0.483363,-0.089118,-0.318773,-1.342977,0.124699
11.591004,1.496086,0.790573,1.676261,-0.293066,-1.131009,-0.993670,0.508157,0.414558,0.011218,0.575068,0.211981,-0.599320,-0.514427,0.307798,-2.651686,-0.561013,2.307036,-1.679061,-1.952145,1.649620,0.816658,0.093715,0.033755,0.483805,-0.086569,-0.321629,-1.338281,0.127203
11.591981,1.494300,0.798509,1.670344,-0.293599,-1.130817,-0.995023,0.508857,0.415087,0.029872,0.573520,0.217674,-0.599829,-0.516197,0.308067,-2.651597,-0.560984,2.307517,-1.679135,-1.952467,1.648294,0.816778,0.092579,0.032245,0.483762,-0.083157,-0.322076,-1.339119,0.125696
11.592964,1.489210,0.796184,1.674471,-0.294238,-1.128895,-0.995729,0.507228,0.407916,0.046684,0.568255,0.218524,-0.599678,-0.518206,0.308327,-2.651502,-0.560962,2.308007,-1.679214,-1.952788,1.646960,0.816902,0.093157,0.028750,0.485312,-0.081713,-0.321983,-1.336338,0.124027
11.594014,1.489926,0.798580,1.676728,-0.290568,-1.132071,-0.995466,0.506613,0.391696,0.064117,0.557263,0.215454,-0.598797,-0.520802,0.308613,-2.651402,-0.560928,2.308480,-1.679292,-1.953113,1.645642,0.817036,0.095325,0.030302,0.482009,-0.080170,-0.323625,-1.334380,0.127026
11.594923,1.489807,0.790971,1.671761,-0.289338,-1.132425,-0.991178,0.504757,0.371088,0.078941,0.544554,0.209215,-0.597182,-0.523854,0.308985,-2.651310,-0.560898,2.308958,-1.679380,-1.953432,1.644310,0.817164,0.094700,0.029534,0.479941,-0.082782,-0.320368,-1.333763,0.127964
11.595997,1.491343,0.791179,1.666798,-0.287123,-1.134828,-0.981577,0.505601,0.354485,0.086884,0.536758,0.201871,-0.595027,-0.527073,0.309445,-2.651215,-0.560854,2.309436,-1.679463,-1.953748,1.642961,0.817305,0.094361,0.033551,0.480865,-0.082892,-0.319606,-1.336137,0.131348
11.597090,1.486286,0.789037,1.665522,-0.285924,-1.135975,-0.974138,0.504132,0.344839,0.085129,0.536322,0.194030,-0.592471,-0.530296,0.309940,-2.651125,-0.560818,2.309926,-1.679549,-1.954061,1.641616,0.817427,0.093394,0.033806,0.482370,-0.084115,-0.317287,-1.344996,0.129368
11.598154,1.489113,0.787391,1.659650,-0.286976,-1.137411,-0.971354,0.503246,0.334129,0.054560,0.548026,0.174722,-0.586506,-0.535984,0.310852,-2.650931,-0.560740,2.310889,-1.679713,-1.954689,1.638882,0.817703,0.093946,0.036436,0.484221,-0.082425,-0.314918,-1.353344,0.133511
11.599057,1.486730,0.791955,1.657831,-0.283170,-1.138872,-0.983160,0.503328,0.334129,0.054560,0.548026,0.174722,-0.586506,-0.535984,0.310852,-2.650931,-0.560740,2.310889,-1.679713,-1.954689,1.638882,0.817703,0.093946,0.036436,0.484221,-0.082425,-0.314918,-1.353344,0.133511
11.600015,1.488326,0.798557,1.663320,-0.286678,-1.136783,-0.990302,0.502864,0.320164,0.009648,0.557562,0.155489,-0.580772,-0.539086,0.311382,-2.650741,-0.560684,2.311842,-1.679875,-1.955319,1.636250,0.817969,0.093589,0.031566,0.479376,-0.080641,-0.314866,-1.331077,0.133635
11.600953,1.489949,0.801528,1.665499,-0.287788,-1.137003,-0.997723,0.504687,0.320164,0.009648,0.557562,0.155489,-0.580772,-0.539086,0.311382,-2.650741,-0.560684,2.311842,-1.679875,-1.955319,1.636250,0.817969,0.093589,0.031566,0.479376,-0.080641,-0.314866,-1.331077,0.133635
11.601981,1.491125,0.800092,1.661435,-0.290089,-1.136012,-0.997363,0.504390,0.319071,-0.007807,0.562694,0.151425,-0.578718,-0.539249,0.311346,-2.650652,-0.560656,2.312318,-1.679950,-1.955632,1.634953,0.818094,0.092472,0.030483,0.476868,-0.078688,-0.314312,-1.322220,0.129662
11.603040,1.493197,0.798131,1.662304,-0.287064,-1.136892,-1.001230,0.503614,0.326432,-0.025646,0.573165,0.148306,-0.577109,-0.538039,0.311107,-2.650561,-0.560621,2.312800,-1.680022,-1.955953,1.633625,0.818224,0.091648,0.031590,0.477837,-0.075662,-0.315193,-1.321649,0.130017
11.604007,1.493581,0.795136,1.663361,-0.287984,-1.133427,-0.997567,0.502550,0.341813,-0.047288,0.590082,0.144224,-0.575873,-0.535519,0.310744,-2.650469,-0.560584,2.313271,-1.680103,-1.956264,1.632305,0.818359,0.090376,0.032939,0.476549,-0.077833,-0.314367,-1.316985,0.131286
11.604963,1.495208,0.792277,1.661887,-0.285603,-1.132975,-0.993283,0.501076,0.367497,-0.075810,0.616200,0.139023,-0.575028,-0.531683,0.310340,-2.650380,-0.560547,2.313747,-1.680176,-1.956585,1.630996,0.818494,0.089914,0.034739,0.474721,-0.076091,-0.317569,-1.319403,0.133105
11.606063,1.498154,0.792000,1.661101,-0.284290,-1.135119,-0.987854,0.500848,0.405777,-0.114296,0.654460,0.132114,-0.574486,-0.526396,0.309958,-2.650294,-0.560506,2.314224,-1.680255,-1.956901,1.629669,0.818633,0.088843,0.036410,0.474093,-0.077540,-0.317702,-1.322196,0.135726
11.607063,1.500265,0.794668,1.663193,-0.282473,-1.136882,-0.981817,0.498990,0.457231,-0.162253,0.705218,0.124416,-0.574263,-0.519732,0.309630,-2.650209,-0.560469,2.314698,-1.680334,-1.957211,1.628348,0.818772,0.087254,0.036945,0.473824,-0.078028,-0.315735,-1.327161,0.135858
11.608035,1.496912,0.791656,1.656256,-0.280845,-1.131573,-0.984067,0.497657,0.522641,-0.215389,0.767501,0.119032,-0.574595,-0.511874,0.309362,-2.650124,-0.560435,2.315167,-1.680413,-1.957525,1.627007,0.818914,0.085998,0.035956,0.471687,-0.078944,-0.313841,-1.331922,0.139269
11.609025,1.495625,0.800601,1.654811,-0.283413,-1.131939,-0.984559,0.496766,0.597393,-0.268853,0.836518,0.117338,-0.575594,-0.503160,0.309153,-2.650034,-0.560395,2.315638,-1.680494,-1.957850,1.625676,0.819062,0.087422,0.037759,0.473975,-0.079595,-0.318889,-1.328173,0.141559
11.610073,1.493595,0.801989,1.655899,-0.285515,-1.129448,-0.988210,0.497624,0.668928,-0.316880,0.901880,0.118016,-0.577112,-0.494339,0.308971,-2.649948,-0.560370,2.316111,-1.680563,-1.958170,1.624366,0.819205,0.087831,0.033680,0.473520,-0.076299,-0.318243,-1.326536,0.142989
11.611049,1.498840,0.802715,1.659247,-0.289860,-1.128941,-0.987548,0.498516,0.777695,-0.388376,1.003907,0.116805,-0.580670,-0.477731,0.308470,-2.649779,-0.560303,2.317044,-1.680691,-1.958815,1.621738,0.819479,0.085823,0.033423,0.469305,-0.068763,-0.320882,-1.321488,0.138829
11.611981,1.499856,0.806954,1.660100,-0.291357,-1.123916,-0.991545,0.497096,0.777695,-0.388376,1.003907,0.116805,-0.580670,-0.477731,0.308470,-2.649779,-0.560303,2.317044,-1.680691,-1.958815,1.621738,0.819479,0.085823,0.033423,0.469305,-0.068763,-0.320882,-1.321488,0.138829
11.613053,1.498623,0.804259,1.661792,-0.289825,-1.121691,-0.992231,0.496882,0.826417,-0.422564,1.052762,0.109860,-0.582151,-0.469060,0.308128,-2.649694,-0.560275,2.317506,-1.680754,-1.959148,1.620422,0.819623,0.085090,0.031658,0.467585,-0.066702,-0.325419,-1.315843,0.141353
11.614043,1.497843,0.804093,1.659317,-0.285628,-1.123382,-0.994636,0.494222,0.877882,-0.458586,1.105459,0.099204,-0.583282,-0.460108,0.307808,-2.649607,-0.560238,2.317967,-1.680825,-1.959476,1.619099,0.819765,0.085550,0.033419,0.466100,-0.067614,-0.327554,-1.314512,0.141439
11.615035,1.493901,0.803053,1.657803,-0.284477,-1.123370,-0.992209,0.494044,0.930728,-0.493933,1.159652,0.088110,-0.584216,-0.451517,0.307589,-2.649524,-0.560203,2.318437,-1.680900,-1.959799,1.617801,0.819923,0.085757,0.033833,0.466231,-0.071007,-0.325572,-1.310999,0.146410
11.616006,1.496056,0.803015,1.651879,-0.284120,-1.124322,-0.991743,0.492705,0.981336,-0.525108,1.211120,0.079713,-0.585154,-0.444009,0.307508,-2.649435,-0.560166,2.318905,-1.680971,-1.960124,1.616484,0.820067,0.087485,0.034680,0.465895,-0.071407,-0.325334,-1.312283,0.146367
11.616979,1.492583,0.801203,1.649304,-0.281621,-1.124950,-0.988150,0.492838,1.025063,-0.550396,1.255830,0.074148,-0.586062,-0.438023,0.307540,-2.649352,-0.560131,2.319370,-1.681042,-1.960442,1.615164,0.820221,0.086177,0.035014,0.467718,-0.071012,-0.324109,-1.311375,0.148680
11.618085,1.492787,0.803451,1.652183,-0.282102,-1.124882,-0.992660,0.492760,1.059500,-0.570028,1.291932,0.070485,-0.586862,-0.433622,0.307631,-2.649262,-0.560093,2.319837,-1.681116,-1.960763,1.613862,0.820368,0.087657,0.036221,0.467823,-0.072703,-0.323190,-1.313765,0.148022
11.618977,1.486889,0.802592,1.650507,-0.280385,-1.123222,-0.995983,0.491201,1.085149,-0.584812,1.319772,0.068424,-0.587587,-0.430600,0.307737,-2.649175,-0.560059,2.320302,-1.681185,-1.961084,1.612562,0.820517,0.087411,0.035517,0.465825,-0.071648,-0.323386,-1.308863,0.147841
11.619988,1.484645,0.807821,1.651768,-0.280562,-1.122832,-1.000807,0.491929,1.102547,-0.595676,1.339883,0.067295,-0.588204,-0.428743,0.307834,-2.649080,-0.560020,2.320761,-1.681257,-1.961410,1.611281,0.820674,0.089983,0.036181,0.465237,-0.072516,-0.324474,-1.303890,0.150570
11.621067,1.484571,0.812715,1.651735,-0.283834,-1.123058,-0.999576,0.491003,1.109610,-0.601447,1.350329,0.066753,-0.588617,-0.428209,0.307901,-2.648988,-0.559990,2.321226,-1.681328,-1.961735,1.609993,0.820817,0.090805,0.033950,0.463629,-0.071626,-0.324643,-1.298171,0.148732
11.622087,1.478876,0.809513,1.651277,-0.282579,-1.124541,-0.997118,0.490889,1.105661,-0.600490,1.350193,0.066439,-0.588672,-0.429182,0.307919,-2.648897,-0.559961,2.321684,-1.681390,-1.962056,1.608685,0.820970,0.090626,0.031995,0.463075,-0.067903,-0.324444,-1.298911,0.150256
11.623069,1.476230,0.811755,1.645189,-0.280511,-1.125326,-0.998438,0.488700,1.091516,-0.594984,1.341008,0.064316,-0.588117,-0.431515,0.307928,-2.648799,-0.559923,2.322146,-1.681460,-1.962377,1.607393,0.821119,0.093160,0.033955,0.462402,-0.068513,-0.322804,-1.300530,0.150107
11.623995,1.475502,0.813479,1.638973,-0.277715,-1.126808,-0.996471,0.487111,1.065725,-0.586765,1.322263,0.059567,-0.586883,-0.435277,0.308003,-2.648701,-0.559891,2.322617,-1.681532,-1.962689,1.606098,0.821281,0.094106,0.033185,0.464308,-0.069834,-0.321855,-1.298042,0.154109
11.624988,1.471778,0.811970,1.631603,-0.277873,-1.127589,-0.992961,0.486835,1.027342,-0.572089,1.291462,0.055447,-0.585273,-0.440988,0.308180,-2.648606,-0.559859,2.323082,-1.681608,-1.963008,1.604814,0.821443,0.094072,0.032645,0.466051,-0.071743,-0.319949,-1.298597,0.156839
11.625975,1.468837,0.815053,1.630423,-0.273891,-1.132827,-0.986499,0.486180,0.976504,-0.548613,1.247510,0.054014,-0.583554,-0.448895,0.308425,-2.648507,-0.559822,2.323558,-1.681677,-1.963331,1.603502,0.821597,0.095575,0.033739,0.468557,-0.070880,-0.318938,-1.300973,0.156982
11.626996,1.466812,0.814889,1.624441,-0.273091,-1.132671,-0.983598,0.486653,0.914178,-0.517756,1.191530,0.055010,-0.581883,-0.458669,0.308679,-2.648407,-0.559791,2.324019,-1.681757,-1.963639,1.602176,0.821760,0.096658,0.032558,0.468087,-0.073930,-0.313539,-1.306185,0.157878
11.628045,1.463736,0.814279,1.625119,-0.270779,-1.131864,-0.986146,0.484709,0.843923,-0.480370,1.126250,0.059404,-0.580556,-0.469675,0.308903,-2.648308,-0.559756,2.324496,-1.681830,-1.963951,1.600870,0.821914,0.097319,0.033027,0.470028,-0.073970,-0.313695,-1.308123,0.156530
11.629013,1.456629,0.819646,1.623233,-0.271342,-1.128934,-0.995278,0.484000,0.769609,-0.438973,1.055163,0.067007,-0.579740,-0.481041,0.309076,-2.648208,-0.559722,2.324970,-1.681909,-1.964273,1.599565,0.822080,0.098525,0.033727,0.468755,-0.075426,-0.314438,-1.304784,0.160046
11.630088,1.458653,0.827197,1.619109,-0.273800,-1.130549,-1.002582,0.483942,0.691709,-0.395416,0.979400,0.076319,-0.579386,-0.492116,0.309174,-2.648100,-0.559695,2.325437,-1.681980,-1.964594,1.598272,0.822243,0.101589,0.031435,0.468520,-0.074091,-0.317083,-1.294374,0.161013
11.631007,1.457403,0.831228,1.619574,-0.274979,-1.130689,-1.006628,0.483974,0.607892,-0.346779,0.896720,0.086773,-0.579375,-0.502861,0.309161,-2.648002,-0.559674,2.325910,-1.682047,-1.964906,1.597005,0.822405,0.100240,0.028222,0.469824,-0.071069,-0.315540,-1.286766,0.160717
11.632007,1.459076,0.831721,1.619034,-0.275651,-1.132718,-1.008742,0.483684,0.520569,-0.291375,0.808614,0.098368,-0.579587,-0.513217,0.309015,-2.647899,-0.559652,2.326370,-1.682112,-1.965216,1.595722,0.822566,0.100397,0.026665,0.468229,-0.069239,-0.315073,-1.281267,0.160221
11.633160,1.459180,0.829697,1.613597,-0.273452,-1.133943,-1.013914,0.482728,0.438012,-0.233593,0.722760,0.110475,-0.579930,-0.522662,0.308763,-2.647803,-0.559625,2.326840,-1.682179,-1.965530,1.594457,0.822729,0.099214,0.026884,0.467430,-0.067950,-0.312893,-1.278351,0.160387
11.634089,1.462129,0.826597,1.611686,-0.273095,-1.135959,-1.013010,0.483106,0.366241,-0.178927,0.645446,0.122469,-0.580368,-0.530824,0.308466,-2.647702,-0.559595,2.327318,-1.682252,-1.965845,1.593182,0.822894,0.098909,0.028432,0.469695,-0.069567,-0.311990,-1.273310,0.161921
11.634958,1.461919,0.829103,1.607794,-0.273247,-1.137676,-1.009720,0.482559,0.308193,-0.131220,0.579965,0.134303,-0.580918,-0.537621,0.308179,-2.647606,-0.559562,2.327785,-1.682321,-1.966149,1.591901,0.823053,0.097026,0.030303,0.469251,-0.069177,-0.309712,-1.272854,0.160718
11.636063,1.461747,0.830842,1.609468,-0.273462,-1.142335,-1.001216,0.483090,0.266482,-0.093322,0.529267,0.145531,-0.581541,-0.542907,0.307916,-2.647511,-0.559536,2.328257,-1.682386,-1.966452,1.590632,0.823216,0.096718,0.029383,0.469500,-0.068305,-0.307574,-1.274429,0.161379
11.637054,1.458495,0.834560,1.606267,-0.272547,-1.143731,-0.997494,0.483234,0.241292,-0.065167,0.493978,0.155761,-0.582206,-0.546568,0.307659,-2.647414,-0.559508,2.328727,-1.682451,-1.966746,1.589333,0.823374,0.096557,0.029025,0.468051,-0.067627,-0.303279,-1.282679,0.159921
11.638009,1.457995,0.837781,1.607234,-0.272514,-1.144798,-0.999104,0.483094,0.229169,-0.044001,0.471284,0.165202,-0.582973,-0.548625,0.307368,-2.647314,-0.559485,2.329191,-1.682518,-1.967046,1.588058,0.823533,0.097813,0.027638,0.468622,-0.067924,-0.301880,-1.285399,0.159234
11.639020,1.457406,0.841314,1.612175,-0.273569,-1.143451,-1.003694,0.484381,0.225448,-0.025792,0.456776,0.174704,-0.583952,-0.549276,0.307018,-2.647216,-0.559460,2.329656,-1.682582,-1.967346,1.586780,0.823690,0.097655,0.026471,0.466887,-0.067339,-0.300685,-1.282522,0.159115
11.640159,1.452761,0.849231,1.613210,-0.276392,-1.144138,-1.003293,0.484974,0.229672,-0.009101,0.449671,0.184704,-0.585171,-0.548577,0.306600,-2.647118,-0.559437,2.330107,-1.682646,-1.967646,1.585503,0.823843,0.097605,0.025206,0.463593,-0.065739,-0.302096,-1.277084,0.156136
11.641071,1.453306,0.853180,1.614179,-0.277500,-1.148339,-1.003918,0.486272,0.253318,0.022140,0.452145,0.201565,-0.587573,-0.543914,0.305603,-2.646920,-0.559404,2.331033,-1.682759,-1.968238,1.582959,0.824144,0.098948,0.020452,0.460852,-0.061114,-0.297398,-1.275501,0.151626
11.642073,1.454585,0.853122,1.612523,-0.278620,-1.150201,-1.002030,0.487596,0.253318,0.022140,0.452145,0.201565,-0.587573,-0.543914,0.305603,-2.646920,-0.559404,2.331033,-1.682759,-1.968238,1.582959,0.824144,0.098948,0.020452,0.460852,-0.061114,-0.297398,-1.275501,0.151626
11.642978,1.453078,0.850853,1.611143,-0.277661,-1.150024,-1.003478,0.486530,0.268305,0.037728,0.458680,0.207051,-0.588534,-0.540604,0.305099,-2.646822,-0.559384,2.331489,-1.682815,-1.968533,1.581693,0.824287,0.097959,0.021026,0.460783,-0.059653,-0.295618,-1.276605,0.148639
11.644021,1.446593,0.847336,1.611602,-0.274780,-1.151271,-1.004294,0.486461,0.287857,0.048811,0.471565,0.209869,-0.589312,-0.536701,0.304688,-2.646725,-0.559359,2.331948,-1.682875,-1.968828,1.580423,0.824438,0.098305,0.022567,0.460085,-0.060088,-0.295587,-1.273619,0.150422
11.645081,1.443934,0.848311,1.612151,-0.276056,-1.152613,-1.003786,0.485618,0.309570,0.052759,0.489584,0.209443,-0.589873,-0.532453,0.304437,-2.646619,-0.559328,2.332400,-1.682942,-1.969120,1.579145,0.824584,0.101152,0.024761,0.459187,-0.062404,-0.294543,-1.272206,0.150201
11.646045,1.445000,0.846929,1.613044,-0.274963,-1.153570,-1.002074,0.487932,0.328684,0.049312,0.509267,0.205452,-0.590186,-0.528230,0.304340,-2.646516,-0.559304,2.332858,-1.682999,-1.969411,1.577887,0.824738,0.102098,0.024773,0.458250,-0.060752,-0.293471,-1.272354,0.151533
11.647056,1.441585,0.846980,1.614059,-0.276331,-1.150805,-1.002621,0.487817,0.345328,0.038336,0.530580,0.198004,-0.590269,-0.524072,0.304330,-2.646412,-0.559277,2.333314,-1.683063,-1.969706,1.576616,0.824873,0.101091,0.025901,0.456721,-0.061301,-0.292466,-1.272965,0.146526
11.648067,1.438166,0.846769,1.613147,-0.277924,-1.147365,-1.004634,0.488439,0.363093,0.019074,0.556001,0.187535,-0.590174,-0.519777,0.304336,-2.646307,-0.559249,2.333760,-1.683120,-1.970002,1.575341,0.825017,0.102390,0.026310,0.455467,-0.059525,-0.295344,-1.271584,0.146466
11.648977,1.434091,0.848676,1.614595,-0.276276,-1.143731,-1.008384,0.489722,0.379826,-0.008324,0.583867,0.172850,-0.589755,-0.515366,0.304337,-2.646201,-0.559224,2.334217,-1.683174,-1.970309,1.574090,0.825155,0.103652,0.026892,0.455064,-0.057648,-0.298754,-1.268892,0.144889
11.650013,1.427269,0.848350,1.622395,-0.276256,-1.143615,-1.011177,0.491358,0.391245,-0.041114,0.610120,0.153822,-0.588908,-0.511166,0.304314,-2.646091,-0.559199,2.334669,-1.683234,-1.970616,1.572838,0.825292,0.105129,0.026327,0.453046,-0.058768,-0.302052,-1.263763,0.141972
11.650952,1.428419,0.856430,1.620529,-0.277426,-1.143857,-1.014563,0.494559,0.397503,-0.076329,0.633599,0.132628,-0.587753,-0.507435,0.304228,-2.645978,-0.559171,2.335107,-1.683291,-1.970919,1.571598,0.825425,0.108044,0.026961,0.448597,-0.058422,-0.302215,-1.260559,0.138404
11.651961,1.425640,0.853673,1.623460,-0.279606,-1.143038,-1.012837,0.494497,0.400762,-0.110987,0.654682,0.111655,-0.586425,-0.504401,0.304058,-2.645874,-0.559156,2.335556,-1.683345,-1.971222,1.570348,0.825542,0.106951,0.023414,0.448461,-0.056879,-0.301760,-1.256011,0.131720
11.653063,1.425028,0.851336,1.619769,-0.275886,-1.142472,-1.012164,0.494267,0.402905,-0.143021,0.673943,0.091910,-0.584945,-0.502264,0.303841,-2.645763,-0.559128,2.335996,-1.683396,-1.971523,1.569074,0.825671,0.107858,0.025287,0.446300,-0.054458,-0.302616,-1.256970,0.131627
11.653946,1.422276,0.848979,1.620258,-0.276114,-1.139152,-1.011861,0.494986,0.405321,-0.174668,0.692941,0.072733,-0.583296,-0.500947,0.303650,-2.645657,-0.559099,2.336449,-1.683461,-1.971829,1.567823,0.825802,0.107781,0.026951,0.447756,-0.057770,-0.303430,-1.257588,0.131821
11.655004,1.423289,0.849151,1.619375,-0.275234,-1.138446,-1.011428,0.495406,0.408709,-0.207948,0.712459,0.054375,-0.581604,-0.500374,0.303512,-2.645543,-0.559067,2.336895,-1.683518,-1.972139,1.566556,0.825925,0.108530,0.028428,0.446161,-0.056992,-0.306320,-1.256242,0.130080
11.656105,1.425050,0.850578,1.615737,-0.275266,-1.136636,-1.011531,0.496666,0.414329,-0.243324,0.733249,0.037321,-0.579962,-0.500420,0.303406,-2.645439,-0.559037,2.337335,-1.683577,-1.972446,1.565308,0.826050,0.107620,0.028783,0.446158,-0.057523,-0.307121,-1.256362,0.128990
11.657054,1.422909,0.851520,1.618980,-0.277067,-1.136779,-1.006381,0.497204,0.423496,-0.279284,0.755495,0.022540,-0.578460,-0.501002,0.303301,-2.645334,-0.559009,2.337789,-1.683634,-1.972761,1.564038,0.826169,0.106384,0.028565,0.447566,-0.057184,-0.309096,-1.256081,0.126232
11.657953,1.419679,0.851647,1.613290,-0.273276,-1.135106,-1.003378,0.498699,0.436388,-0.314184,0.778728,0.010342,-0.577161,-0.501958,0.303181,-2.645225,-0.558979,2.338225,-1.683687,-1.973067,1.562755,0.826291,0.106946,0.028475,0.445001,-0.055049,-0.308724,-1.259995,0.124904
11.659000,1.421758,0.850773,1.612422,-0.272199,-1.133575,-1.003979,0.499145,0.451413,-0.347408,0.801794,0.000155,-0.576096,-0.502972,0.303037,-2.645115,-0.558950,2.338675,-1.683750,-1.973378,1.561490,0.826404,0.107986,0.028752,0.446587,-0.058253,-0.309998,-1.261463,0.121654
11.660028,1.412947,0.855766,1.615629,-0.272289,-1.133654,-1.010603,0.500555,0.467208,-0.376607,0.822768,-0.006425,-0.575460,-0.503902,0.302845,-2.645013,-0.558921,2.339123,-1.683810,-1.973690,1.560224,0.826523,0.106512,0.029609,0.446147,-0.058858,-0.311390,-1.259917,0.120536
11.661050,1.414741,0.861130,1.619402,-0.273716,-1.134731,-1.012485,0.501234,0.482643,-0.399800,0.840136,-0.008482,-0.575301,-0.504656,0.302588,-2.644897,-0.558897,2.339558,-1.683868,-1.973998,1.558989,0.826636,0.110343,0.027519,0.443600,-0.058299,-0.311043,-1.252154,0.117456
11.662063,1.416049,0.863056,1.617802,-0.275108,-1.138421,-1.015140,0.502018,0.496435,-0.415379,0.852967,-0.006652,-0.575484,-0.505160,0.302253,-2.644792,-0.558876,2.339998,-1.683920,-1.974307,1.557734,0.826749,0.108908,0.025303,0.440697,-0.056532,-0.309674,-1.249090,0.115879
11.663035,1.420610,0.857484,1.614147,-0.275916,-1.135796,-1.013962,0.502813,0.512081,-0.423650,0.864239,-0.001305,-0.575976,-0.505188,0.301830,-2.644686,-0.558852,2.340434,-1.683972,-1.974604,1.556478,0.826857,0.107753,0.024781,0.440531,-0.054809,-0.305781,-1.245135,0.114088
11.663983,1.419316,0.858312,1.609870,-0.274570,-1.133438,-1.018008,0.503032,0.534734,-0.429878,0.879410,0.005607,-0.576699,-0.504301,0.301315,-2.644589,-0.558819,2.340879,-1.684024,-1.974916,1.555241,0.826966,0.105015,0.027893,0.441098,-0.053643,-0.308026,-1.244919,0.112267
11.665022,1.421057,0.854698,1.607395,-0.275524,-1.130776,-1.016720,0.503419,0.565279,-0.439084,0.900730,0.011741,-0.577536,-0.502312,0.300720,-2.644483,-0.558793,2.341325,-1.684082,-1.975235,1.553999,0.827074,0.105132,0.027800,0.441845,-0.054480,-0.309801,-1.239215,0.111607
11.666021,1.421560,0.856850,1.608037,-0.273930,-1.133132,-1.017322,0.502950,0.600961,-0.451966,0.926485,0.016190,-0.578425,-0.499434,0.300085,-2.644380,-0.558758,2.341765,-1.684133,-1.975549,1.552747,0.827181,0.103800,0.029949,0.442147,-0.053229,-0.312184,-1.239453,0.110621
11.667035,1.419192,0.861226,1.608495,-0.273853,-1.131994,-1.010855,0.504667,0.641069,-0.468247,0.956099,0.019056,-0.579407,-0.495803,0.299453,-2.644279,-0.558731,2.342202,-1.684188,-1.975855,1.551516,0.827294,0.103093,0.029227,0.440744,-0.054416,-0.309467,-1.237600,0.111334
11.668005,1.420797,0.856198,1.604428,-0.271197,-1.129514,-1.009051,0.504380,0.686251,-0.485035,0.989225,0.022241,-0.580715,-0.491597,0.298839,-2.644173,-0.558706,2.342640,-1.684241,-1.976161,1.550259,0.827396,0.103779,0.027438,0.439493,-0.054134,-0.310375,-1.242842,0.107664
11.668999,1.421479,0.857423,1.605514,-0.271059,-1.126546,-1.005601,0.504132,0.735071,-0.499668,1.024226,0.027030,-0.582516,-0.487021,0.298248,-2.644076,-0.558671,2.343077,-1.684299,-1.976478,1.549022,0.827505,0.102523,0.030263,0.440363,-0.056303,-0.312367,-1.243161,0.108045
11.669982,1.417686,0.861158,1.605152,-0.270492,-1.125064,-1.007334,0.503435,0.787897,-0.514101,1.062032,0.032922,-0.584812,-0.481966,0.297714,-2.643975,-0.558642,2.343512,-1.684353,-1.976802,1.547770,0.827610,0.101728,0.029974,0.438735,-0.056014,-0.314831,-1.245243,0.108328
11.670948,1.418341,0.869559,1.608346,-0.271584,-1.119153,-1.001536,0.503354,0.843730,-0.528191,1.102014,0.039664,-0.587532,-0.476502,0.297277,-2.643869,-0.558616,2.343943,-1.684410,-1.977120,1.546520,0.827723,0.103112,0.028468,0.437865,-0.056117,-0.315829,-1.242013,0.109483
11.672068,1.417000,0.873086,1.609560,-0.273464,-1.117967,-1.001826,0.505818,0.899052,-0.537524,1.140680,0.047907,-0.590570,-0.471030,0.296931,-2.643770,-0.558598,2.344371,-1.684461,-1.977451,1.545281,0.827830,0.102303,0.024710,0.435148,-0.054661,-0.321125,-1.246410,0.109409
11.673056,1.418040,0.874908,1.605674,-0.273935,-1.114872,-1.000408,0.505519,0.952642,-0.539572,1.176860,0.057717,-0.593761,-0.465728,0.296626,-2.643668,-0.558577,2.344806,-1.684510,-1.977772,1.544028,0.827923,0.102611,0.023511,0.434023,-0.052623,-0.322141,-1.245453,0.104295
11.674064,1.415915,0.873786,1.603840,-0.272353,-1.114384,-1.003199,0.505227,1.002930,-0.535426,1.210053,0.067633,-0.596887,-0.460645,0.296353,-2.643568,-0.558556,2.345239,-1.684561,-1.978105,1.542797,0.828031,0.101619,0.023052,0.434931,-0.051831,-0.324641,-1.245593,0.104726
11.675037,1.413072,0.874472,1.603186,-0.273132,-1.111019,-1.003620,0.503913,1.047351,-0.526750,1.238724,0.076834,-0.599858,-0.455981,0.296154,-2.643467,-0.558532,2.345675,-1.684617,-1.978431,1.541557,0.828137,0.102238,0.024053,0.434812,-0.052999,-0.324619,-1.241527,0.105097
11.676051,1.409990,0.875998,1.608083,-0.274691,-1.109902,-1.006512,0.504555,1.083899,-0.515395,1.261716,0.084889,-0.602613,-0.451945,0.296050,-2.643364,-0.558507,2.346103,-1.684667,-1.978762,1.540314,0.828249,0.103165,0.024087,0.434067,-0.051883,-0.327382,-1.239668,0.107501
11.676954,1.410582,0.875142,1.602359,-0.273818,-1.106774,-1.001750,0.505381,1.111990,-0.504374,1.279616,0.090166,-0.604943,-0.448549,0.296010,-2.643259,-0.558486,2.346531,-1.684715,-1.979093,1.539095,0.828350,0.104212,0.023777,0.430699,-0.050086,-0.327954,-1.235692,0.105985
11.677942,1.411981,0.874264,1.605706,-0.272472,-1.103279,-1.005278,0.504975,1.133521,-0.496222,1.294585,0.091812,-0.606715,-0.445701,0.295969,-2.643157,-0.558460,2.346968,-1.684767,-1.979431,1.537852,0.828452,0.103348,0.024539,0.432141,-0.050548,-0.330207,-1.238633,0.104114
11.678950,1.408181,0.871245,1.604196,-0.270785,-1.098934,-1.001000,0.505020,1.153032,-0.491957,1.309683,0.091449,-0.608046,-0.443322,0.295885,-2.643057,-0.558433,2.347393,-1.684821,-1.979767,1.536617,0.828560,0.102187,0.025361,0.429457,-0.051493,-0.333071,-1.233709,0.104724
11.680149,1.404181,0.873197,1.604455,-0.271734,-1.099265,-1.008203,0.504166,1.174579,-0.492796,1.327646,0.090722,-0.609048,-0.441258,0.295772,-2.642951,-0.558401,2.347825,-1.684875,-1.980111,1.535393,0.828663,0.103608,0.027208,0.429273,-0.052807,-0.336755,-1.236938,0.104424
11.681069,1.401003,0.876731,1.600554,-0.271066,-1.101921,-1.007853,0.505548,1.194357,-0.498182,1.345530,0.089324,-0.609592,-0.439630,0.295649,-2.642842,-0.558377,2.348252,-1.684926,-1.980445,1.534174,0.828769,0.105204,0.026757,0.429036,-0.051715,-0.336341,-1.229704,0.105980
11.681972,1.398957,0.880721,1.597932,-0.273381,-1.100970,-1.014910,0.505870,1.204380,-0.502986,1.356082,0.087629,-0.609578,-0.439006,0.295503,-2.642735,-0.558354,2.348685,-1.684977,-1.980774,1.532969,0.828864,0.106196,0.025352,0.429648,-0.051993,-0.332902,-1.228555,0.102984
11.683007,1.396787,0.878687,1.593176,-0.273816,-1.102939,-1.010536,0.505213,1.200431,-0.501368,1.354378,0.087109,-0.609066,-0.439953,0.295317,-2.642626,-0.558332,2.349120,-1.685021,-1.981111,1.531763,0.828963,0.106586,0.023732,0.429505,-0.049411,-0.333007,-1.219755,0.102154
11.684047,1.388047,0.879108,1.594404,-0.273071,-1.103098,-1.009969,0.506727,1.148110,-0.480770,1.313117,0.085373,-0.606403,-0.446836,0.294942,-2.642399,-0.558279,2.349981,-1.685121,-1.981769,1.529323,0.829163,0.110912,0.025389,0.429598,-0.049249,-0.330006,-1.222934,0.100054
11.684996,1.387208,0.878455,1.588458,-0.271611,-1.102399,-1.004758,0.506599,1.148110,-0.480770,1.313117,0.085373,-0.606403,-0.446836,0.294942,-2.642399,-0.558279,2.349981,-1.685121,-1.981769,1.529323,0.829163,0.110912,0.025389,0.429598,-0.049249,-0.330006,-1.222934,0.100054
11.686051,1.385493,0.879303,1.587958,-0.271143,-1.102238,-1.007788,0.507911,1.099930,-0.467212,1.275567,0.081458,-0.604316,-0.452430,0.294785,-2.642290,-0.558253,2.350417,-1.685175,-1.982097,1.528091,0.829266,0.110692,0.026071,0.431347,-0.050276,-0.330037,-1.226641,0.100129
11.686993,1.381329,0.882077,1.584147,-0.269839,-1.102405,-1.003213,0.506541,1.041812,-0.452265,1.229939,0.076968,-0.602027,-0.459246,0.294634,-2.642179,-0.558227,2.350846,-1.685225,-1.982425,1.526885,0.829357,0.111025,0.026069,0.430841,-0.050485,-0.329816,-1.222807,0.097333
11.688113,1.377875,0.884399,1.585387,-0.269351,-1.101039,-1.004846,0.506954,0.978424,-0.434948,1.178796,0.073827,-0.599787,-0.467137,0.294484,-2.642064,-0.558204,2.351280,-1.685277,-1.982759,1.525655,0.829462,0.112443,0.025057,0.431482,-0.051407,-0.328901,-1.225870,0.099906
11.689025,1.375781,0.882368,1.582132,-0.267069,-1.102505,-0.997678,0.506363,0.911272,-0.413417,1.122512,0.073198,-0.597778,-0.476014,0.294341,-2.641947,-0.558178,2.351705,-1.685329,-1.983091,1.524421,0.829559,0.113608,0.024387,0.430438,-0.051659,-0.330050,-1.223690,0.098894
11.690016,1.372155,0.881958,1.579939,-0.265105,-1.100156,-0.997326,0.506832,0.843092,-0.388612,1.063296,0.075228,-0.596116,-0.485482,0.294194,-2.641831,-0.558151,2.352135,-1.685386,-1.983412,1.523196,0.829662,0.113944,0.025732,0.430733,-0.053415,-0.327846,-1.229207,0.099874
11.691095,1.369039,0.891983,1.578054,-0.266270,-1.100123,-0.995919,0.508132,0.777365,-0.363530,1.004562,0.079580,-0.594850,-0.494917,0.294009,-2.641715,-0.558125,2.352570,-1.685442,-1.983748,1.521966,0.829757,0.115114,0.026325,0.430748,-0.054926,-0.329608,-1.228222,0.098743
11.692048,1.363721,0.895337,1.573194,-0.265461,-1.101643,-1.002036,0.507645,0.713466,-0.336397,0.945536,0.086606,-0.593966,-0.504049,0.293756,-2.641594,-0.558111,2.352998,-1.685492,-1.984071,1.520750,0.829849,0.116036,0.021847,0.431067,-0.053503,-0.329361,-1.229004,0.095986
11.692971,1.362965,0.897212,1.575731,-0.268056,-1.101922,-1.005527,0.508652,0.646681,-0.300635,0.881169,0.097263,-0.593415,-0.513072,0.293445,-2.641471,-0.558093,2.353433,-1.685549,-1.984398,1.519539,0.829946,0.117941,0.020665,0.432280,-0.053839,-0.327177,-1.221409,0.096808
11.694079,1.367630,0.898995,1.574110,-0.270077,-1.102203,-1.014587,0.507606,0.576057,-0.255636,0.810928,0.110538,-0.593047,-0.521813,0.293109,-2.641352,-0.558074,2.353856,-1.685594,-1.984714,1.518324,0.830037,0.117571,0.020150,0.429755,-0.050959,-0.326286,-1.216339,0.094590
11.694976,1.367721,0.897244,1.572218,-0.269564,-1.103490,-1.013383,0.509154,0.509655,-0.208590,0.743037,0.123760,-0.592656,-0.529495,0.292760,-2.641243,-0.558054,2.354287,-1.685638,-1.985040,1.517139,0.830138,0.114732,0.019801,0.430051,-0.048893,-0.325798,-1.206957,0.096554
11.695977,1.364814,0.895445,1.571902,-0.269779,-1.105975,-1.018353,0.509133,0.456753,-0.165936,0.686127,0.135656,-0.592207,-0.535557,0.292389,-2.641129,-0.558029,2.354724,-1.685688,-1.985361,1.515932,0.830222,0.114018,0.021032,0.429493,-0.049044,-0.323760,-1.206540,0.093262
11.696955,1.362614,0.896359,1.570526,-0.269172,-1.110190,-1.017000,0.509838,0.419877,-0.131457,0.643268,0.145418,-0.591719,-0.539891,0.291991,-2.641013,-0.558003,2.355148,-1.685736,-1.985675,1.514726,0.830315,0.114844,0.022324,0.428750,-0.048579,-0.320883,-1.200452,0.093171
11.697982,1.363897,0.893310,1.568761,-0.269416,-1.112843,-1.021645,0.510327,0.396129,-0.106046,0.612959,0.152311,-0.591180,-0.542711,0.291594,-2.640899,-0.557981,2.355578,-1.685786,-1.985981,1.513531,0.830401,0.115317,0.022274,0.428375,-0.048899,-0.316282,-1.200724,0.091610
11.699025,1.363824,0.894351,1.571629,-0.267584,-1.115074,-1.017005,0.510487,0.383374,-0.088898,0.593584,0.156602,-0.590629,-0.544270,0.291234,-2.640788,-0.557953,2.356010,-1.685834,-1.986286,1.512329,0.830490,0.114103,0.024208,0.428377,-0.048418,-0.313416,-1.195144,0.090494
11.700021,1.362428,0.898219,1.571428,-0.266883,-1.117335,-1.016892,0.511500,0.383845,-0.080238,0.586766,0.159293,-0.590183,-0.544538,0.290922,-2.640677,-0.557929,2.356431,-1.685887,-1.986590,1.511131,0.830580,0.113592,0.024114,0.426230,-0.049951,-0.311024,-1.199119,0.090042
11.701105,1.359332,0.898407,1.571196,-0.266433,-1.122238,-1.011428,0.510632,0.399506,-0.077636,0.593155,0.162685,-0.590054,-0.543540,0.290649,-2.640563,-0.557908,2.356856,-1.685939,-1.986895,1.509920,0.830662,0.113678,0.022620,0.425399,-0.050295,-0.308453,-1.198050,0.087881
11.702091,1.356238,0.906677,1.569765,-0.267931,-1.122564,-1.014852,0.511320,0.426735,-0.076739,0.609053,0.168231,-0.590329,-0.541521,0.290403,-2.640446,-0.557884,2.357277,-1.685991,-1.987185,1.508698,0.830759,0.114648,0.023020,0.425005,-0.050481,-0.303617,-1.202932,0.089495
11.703039,1.353779,0.909201,1.570324,-0.271235,-1.127675,-1.014396,0.512582,0.457795,-0.073594,0.628139,0.175473,-0.590866,-0.538841,0.290163,-2.640330,-0.557871,2.357703,-1.686036,-1.987486,1.507507,0.830843,0.115543,0.019382,0.424738,-0.048757,-0.303027,-1.198338,0.087958
11.704014,1.350997,0.912678,1.566911,-0.273184,-1.129295,-1.016167,0.513355,0.485856,-0.065150,0.645048,0.183035,-0.591419,-0.535857,0.289899,-2.640214,-0.557853,2.358126,-1.686075,-1.987769,1.506304,0.830922,0.116092,0.018600,0.423336,-0.045376,-0.297651,-1.197458,0.085302
11.705016,1.346705,0.911764,1.565240,-0.272540,-1.133799,-1.014037,0.513702,0.507004,-0.052151,0.657533,0.188397,-0.591698,-0.532727,0.289600,-2.640098,-0.557839,2.358546,-1.686114,-1.988064,1.505115,0.831004,0.116825,0.017371,0.424100,-0.043378,-0.295805,-1.194550,0.083643
11.706084,1.343317,0.909260,1.565870,-0.270149,-1.134889,-1.016253,0.513287,0.518577,-0.036468,0.664253,0.190021,-0.591561,-0.529643,0.289297,-2.639978,-0.557820,2.358969,-1.686159,-1.988345,1.503910,0.831084,0.118297,0.018327,0.424040,-0.043888,-0.291217,-1.195660,0.082851
11.707161,1.341785,0.910026,1.569272,-0.271320,-1.139029,-1.016419,0.514678,0.521057,-0.020252,0.665810,0.188508,-0.591102,-0.526774,0.289029,-2.639855,-0.557798,2.359386,-1.686209,-1.988627,1.502701,0.831170,0.119316,0.020077,0.423184,-0.046072,-0.290284,-1.192733,0.083577
11.708040,1.338899,0.908059,1.570080,-0.269750,-1.139276,-1.017186,0.514622,0.519439,-0.007064,0.666368,0.184847,-0.590479,-0.524019,0.288802,-2.639738,-0.557777,2.359802,-1.686251,-1.988907,1.501516,0.831244,0.119477,0.020194,0.420974,-0.044827,-0.286273,-1.192119,0.080689
11.708940,1.337903,0.902692,1.566943,-0.269544,-1.142163,-1.014109,0.514104,0.519422,0.000022,0.670585,0.179493,-0.589774,-0.521181,0.288606,-2.639614,-0.557753,2.360218,-1.686298,-1.989193,1.500317,0.831324,0.120108,0.021518,0.419264,-0.046081,-0.285623,-1.189564,0.080693
11.710012,1.336907,0.904077,1.568441,-0.270422,-1.139175,-1.014632,0.514640,0.523963,-0.001872,0.681134,0.172224,-0.588988,-0.518119,0.288459,-2.639495,-0.557723,2.360636,-1.686345,-1.989466,1.499117,0.831410,0.119846,0.024493,0.419599,-0.045968,-0.282459,-1.191023,0.081585
11.710979,1.330856,0.905205,1.568199,-0.270403,-1.139666,-1.010177,0.515207,0.533339,-0.014598,0.698516,0.162334,-0.588044,-0.514781,0.288362,-2.639375,-0.557700,2.361051,-1.686385,-1.989757,1.497935,0.831487,0.119712,0.024244,0.418337,-0.045100,-0.285547,-1.189991,0.080408
11.712005,1.329964,0.905168,1.566392,-0.272158,-1.138652,-1.010522,0.516283,0.544725,-0.035911,0.720009,0.149773,-0.586859,-0.511351,0.288276,-2.639251,-0.557676,2.361463,-1.686431,-1.990041,1.496737,0.831565,0.121996,0.024078,0.417562,-0.044900,-0.284844,-1.193262,0.079166
11.713029,1.332660,0.911465,1.566978,-0.271214,-1.140484,-1.011930,0.515816,0.553127,-0.062056,0.741024,0.134685,-0.585349,-0.508113,0.288181,-2.639133,-0.557652,2.361880,-1.686469,-1.990329,1.495556,0.831636,0.121776,0.024540,0.417769,-0.043152,-0.285818,-1.192116,0.076934
11.714015,1.329147,0.909784,1.567596,-0.274625,-1.140103,-1.015916,0.516549,0.558913,-0.089031,0.760265,0.119256,-0.583668,-0.505282,0.288092,-2.639017,-0.557634,2.362297,-1.686513,-1.990609,1.494373,0.831717,0.119785,0.021866,0.416741,-0.043975,-0.283976,-1.189904,0.077793
11.715047,1.327189,0.910362,1.564488,-0.273584,-1.140902,-1.018684,0.516977,0.565746,-0.113911,0.778964,0.106023,-0.582033,-0.502987,0.288025,-2.638894,-0.557609,2.362709,-1.686547,-1.990891,1.493190,0.831789,0.120844,0.023131,0.415612,-0.040611,-0.284271,-1.184871,0.076219
11.716031,1.326178,0.911690,1.559601,-0.274359,-1.139979,-1.014883,0.516686,0.571809,-0.137547,0.796052,0.093772,-0.580315,-0.501354,0.287982,-2.638774,-0.557584,2.363128,-1.686591,-1.991173,1.492025,0.831863,0.121151,0.023260,0.416476,-0.041569,-0.283485,-1.181490,0.075291
11.716979,1.330298,0.909487,1.556781,-0.274403,-1.140756,-1.009106,0.517710,0.572990,-0.159226,0.808373,0.081983,-0.578440,-0.500748,0.287958,-2.638653,-0.557562,2.363550,-1.686632,-1.991456,1.490831,0.831939,0.120941,0.023025,0.417974,-0.040693,-0.284300,-1.184257,0.075792
11.718031,1.329345,0.909836,1.555485,-0.274463,-1.140385,-1.006718,0.516803,0.570829,-0.178790,0.816849,0.071502,-0.576511,-0.501206,0.287949,-2.638541,-0.557535,2.363964,-1.686672,-1.991737,1.489650,0.832007,0.118224,0.024488,0.418375,-0.040561,-0.283309,-1.188812,0.073642
11.719073,1.328220,0.907695,1.550360,-0.275416,-1.137848,-1.006837,0.517832,0.571104,-0.199277,0.826417,0.062438,-0.574623,-0.502272,0.287962,-2.638422,-0.557510,2.364383,-1.686711,-1.992019,1.488455,0.832083,0.118094,0.024739,0.418386,-0.040527,-0.283767,-1.190486,0.075413
11.720010,1.329106,0.906124,1.553598,-0.273675,-1.138529,-1.004500,0.517636,0.574051,-0.221931,0.837651,0.054100,-0.572755,-0.503730,0.288021,-2.638302,-0.557479,2.364802,-1.686748,-1.992309,1.487261,0.832155,0.118003,0.026182,0.420300,-0.039602,-0.286293,-1.189602,0.073249
11.720968,1.328060,0.906767,1.547641,-0.274438,-1.139204,-1.004246,0.518553,0.578964,-0.247557,0.850301,0.045853,-0.570885,-0.505406,0.288129,-2.638187,-0.557450,2.365215,-1.686792,-1.992597,1.486083,0.832227,0.116867,0.027286,0.417602,-0.041167,-0.285280,-1.190664,0.073571
11.722069,1.327905,0.908836,1.549674,-0.276466,-1.141751,-0.999443,0.518661,0.588579,-0.276341,0.866266,0.038673,-0.569174,-0.507055,0.288267,-2.638070,-0.557422,2.365641,-1.686832,-1.992880,1.484893,0.832295,0.116718,0.027293,0.419516,-0.040287,-0.284414,-1.189668,0.071645
11.723021,1.325867,0.915484,1.545679,-0.277026,-1.142109,-0.997635,0.518674,0.601709,-0.306386,0.884338,0.032814,-0.567668,-0.508618,0.288427,-2.637954,-0.557397,2.366054,-1.686867,-1.993157,1.483702,0.832367,0.116239,0.026724,0.418114,-0.038420,-0.282104,-1.194166,0.071389
11.724009,1.329030,0.916278,1.543177,-0.276451,-1.141439,-0.994724,0.517992,0.615039,-0.333898,0.901428,0.028408,-0.566367,-0.510088,0.288617,-2.637838,-0.557378,2.366476,-1.686902,-1.993439,1.482505,0.832436,0.116581,0.023818,0.419056,-0.037903,-0.281571,-1.194615,0.071291
11.725147,1.325361,0.915221,1.538494,-0.277164,-1.141806,-1.003851,0.517009,0.627520,-0.353966,0.915373,0.027473,-0.565459,-0.511470,0.288843,-2.637727,-0.557353,2.366893,-1.686940,-1.993721,1.481302,0.832511,0.114391,0.023843,0.419431,-0.038465,-0.282143,-1.196410,0.072575
11.726061,1.322363,0.919745,1.542688,-0.280778,-1.144111,-1.006362,0.518751,0.638147,-0.365498,0.924971,0.030547,-0.565012,-0.512675,0.289096,-2.637609,-0.557325,2.367318,-1.686976,-1.994004,1.480139,0.832587,0.115700,0.024855,0.421447,-0.037904,-0.282074,-1.187216,0.074481
11.726982,1.322912,0.919636,1.539132,-0.279435,-1.143841,-1.013125,0.518815,0.643611,-0.370812,0.928818,0.034926,-0.564772,-0.513558,0.289341,-2.637489,-0.557305,2.367735,-1.687003,-1.994281,1.478964,0.832652,0.116439,0.022970,0.418113,-0.034441,-0.279496,-1.183339,0.070875
11.728015,1.322545,0.917975,1.538321,-0.282597,-1.144416,-1.012123,0.518959,0.644391,-0.371665,0.928115,0.038994,-0.564612,-0.513989,0.289532,-2.637374,-0.557280,2.368151,-1.687042,-1.994558,1.477791,0.832724,0.115465,0.023391,0.418783,-0.035745,-0.279554,-1.175173,0.070687
11.728970,1.327764,0.912841,1.535898,-0.281883,-1.142748,-1.016809,0.519270,0.644298,-0.370663,0.926405,0.042326,-0.564588,-0.513821,0.289660,-2.637261,-0.557253,2.368575,-1.687068,-1.994838,1.476624,0.832794,0.115073,0.024639,0.418420,-0.032838,-0.279014,-1.175627,0.070335
11.729961,1.325860,0.911913,1.534847,-0.282688,-1.143627,-1.016768,0.518884,0.648059,-0.373762,0.928871,0.043089,-0.564665,-0.512685,0.289738,-2.637155,-0.557220,2.368997,-1.687104,-1.995118,1.475456,0.832863,0.111885,0.027493,0.418563,-0.033604,-0.280537,-1.169759,0.069633
11.731049,1.326307,0.911322,1.536026,-0.283923,-1.143011,-1.020962,0.519659,0.660446,-0.385415,0.940150,0.040558,-0.564882,-0.510289,0.289769,-2.637042,-0.557192,2.369413,-1.687135,-1.995394,1.474297,0.832934,0.112262,0.028298,0.418240,-0.032922,-0.279595,-1.169007,0.070344
11.731952,1.320951,0.915218,1.538425,-0.282753,-1.141902,-1.016671,0.519008,0.680944,-0.405155,0.959796,0.034993,-0.565248,-0.506760,0.289754,-2.636934,-0.557160,2.369829,-1.687164,-1.995678,1.473131,0.832999,0.111548,0.028979,0.417197,-0.031978,-0.280384,-1.164479,0.068739
11.732983,1.324192,0.914993,1.533505,-0.284966,-1.144276,-1.017329,0.518885,0.706427,-0.429301,0.984775,0.027370,-0.565750,-0.502439,0.289701,-2.636817,-0.557135,2.370238,-1.687198,-1.995956,1.471946,0.833074,0.113534,0.027347,0.414855,-0.033181,-0.281199,-1.167308,0.069958
11.734109,1.326240,0.918489,1.537747,-0.285999,-1.141891,-1.011111,0.519277,0.734153,-0.453187,1.011919,0.019491,-0.566449,-0.497716,0.289614,-2.636711,-0.557107,2.370661,-1.687224,-1.996235,1.470785,0.833146,0.111379,0.027865,0.416592,-0.031259,-0.278847,-1.165999,0.070123
11.735057,1.319462,0.917932,1.531541,-0.286669,-1.141163,-1.009545,0.518639,0.764969,-0.475523,1.041471,0.012046,-0.567369,-0.492623,0.289499,-2.636602,-0.557082,2.371076,-1.687254,-1.996518,1.469594,0.833213,0.109901,0.026601,0.414157,-0.030527,-0.281553,-1.172083,0.069297
11.736036,1.315615,0.923612,1.531410,-0.288163,-1.140104,-1.007251,0.518356,0.797557,-0.496271,1.072594,0.004432,-0.568433,-0.487111,0.289372,-2.636483,-0.557054,2.371492,-1.687281,-1.996801,1.468426,0.833288,0.112610,0.027223,0.416274,-0.030068,-0.282038,-1.172427,0.070492
11.737003,1.314952,0.926758,1.526108,-0.290239,-1.138398,-1.008561,0.517190,0.822208,-0.512329,1.097712,-0.004422,-0.569465,-0.481621,0.289262,-2.636369,-0.557035,2.371911,-1.687308,-1.997088,1.467251,0.833360,0.113895,0.024814,0.415382,-0.028820,-0.282922,-1.173711,0.070972
11.738048,1.313469,0.927718,1.531260,-0.290018,-1.136922,-1.007449,0.517994,0.832356,-0.519781,1.110987,-0.014437,-0.570403,-0.476687,0.289190,-2.636258,-0.557014,2.372327,-1.687330,-1.997376,1.466073,0.833439,0.113603,0.023684,0.417113,-0.027073,-0.284414,-1.171256,0.073207
11.739043,1.310559,0.925135,1.527914,-0.288712,-1.134236,-1.007459,0.516699,0.831075,-0.518721,1.114341,-0.024701,-0.571362,-0.472410,0.289147,-2.636145,-0.556989,2.372739,-1.687358,-1.997670,1.464913,0.833506,0.113782,0.023659,0.413911,-0.027595,-0.285824,-1.171885,0.071514
11.740015,1.309732,0.920951,1.525915,-0.287726,-1.134926,-1.006424,0.516493,0.824674,-0.513264,1.113144,-0.034639,-0.572476,-0.468601,0.289121,-2.636030,-0.556962,2.373159,-1.687389,-1.997963,1.463739,0.833583,0.114611,0.025335,0.414751,-0.029071,-0.288337,-1.170953,0.074045
11.740988,1.305616,0.925651,1.524686,-0.289415,-1.130976,-1.006979,0.516260,0.816160,-0.507808,1.110491,-0.044279,-0.573756,-0.465186,0.289113,-2.635917,-0.556929,2.373573,-1.687420,-1.998243,1.462582,0.833658,0.114393,0.027725,0.414842,-0.030204,-0.287482,-1.171042,0.074337
11.742115,1.302787,0.924114,1.528579,-0.289252,-1.133904,-1.011545,0.515751,0.804919,-0.503773,1.106160,-0.053938,-0.575053,-0.462312,0.289113,-2.635802,-0.556907,2.373989,-1.687444,-1.998543,1.461412,0.833733,0.115820,0.025751,0.414530,-0.028790,-0.291159,-1.169456,0.074710
11.743102,1.304646,0.923313,1.526863,-0.289886,-1.131932,-1.011514,0.515683,0.789815,-0.499998,1.098982,-0.063596,-0.576177,-0.460212,0.289106,-2.635683,-0.556877,2.374394,-1.687476,-1.998826,1.460252,0.833810,0.116654,0.026986,0.412411,-0.029225,-0.288444,-1.164844,0.075660
11.743998,1.301825,0.925604,1.517330,-0.290058,-1.130891,-1.013798,0.514708,0.773791,-0.497619,1.091226,-0.072924,-0.577055,-0.458830,0.289087,-2.635573,-0.556849,2.374808,-1.687503,-1.999117,1.459101,0.833886,0.115124,0.027747,0.412457,-0.028832,-0.290259,-1.164088,0.075695
11.745104,1.299559,0.928684,1.517008,-0.291525,-1.132481,-1.013847,0.514480,0.757699,-0.496051,1.082995,-0.081063,-0.577669,-0.458273,0.289056,-2.635454,-0.556823,2.375235,-1.687532,-1.999411,1.457946,0.833965,0.115798,0.026909,0.415873,-0.028789,-0.290817,-1.160370,0.077533
11.746082,1.296660,0.927688,1.513042,-0.291268,-1.132932,-1.017494,0.514596,0.735778,-0.490212,1.068497,-0.087009,-0.577963,-0.459055,0.289021,-2.635336,-0.556797,2.375649,-1.687558,-1.999696,1.456781,0.834040,0.116349,0.025832,0.415667,-0.027691,-0.289403,-1.160189,0.077907
11.747028,1.291367,0.930320,1.510871,-0.292406,-1.131088,-1.018688,0.514126,0.705032,-0.478054,1.044962,-0.090615,-0.577930,-0.461304,0.288974,-2.635219,-0.556768,2.376070,-1.687585,-1.999985,1.455646,0.834118,0.117130,0.026691,0.416689,-0.028185,-0.288758,-1.155710,0.077561
11.748089,1.288220,0.930112,1.505883,-0.292842,-1.134440,-1.029036,0.514224,0.664850,-0.460534,1.012270,-0.092590,-0.577575,-0.464875,0.288925,-2.635096,-0.556742,2.376493,-1.687611,-2.000278,1.454497,0.834197,0.119021,0.025709,0.416654,-0.027274,-0.290300,-1.153475,0.078395
11.749002,1.285488,0.933587,1.501188,-0.292837,-1.133986,-1.029176,0.512370,0.613064,-0.437523,0.968856,-0.093607,-0.576892,-0.469846,0.288906,-2.634976,-0.556713,2.376915,-1.687638,-2.000557,1.453383,0.834274,0.119952,0.026233,0.418541,-0.027169,-0.287028,-1.142904,0.078103
11.750109,1.283999,0.931295,1.503630,-0.292185,-1.136332,-1.030221,0.512544,0.549141,-0.407743,0.913802,-0.093117,-0.575989,-0.476471,0.288954,-2.634851,-0.556692,2.377340,-1.687664,-2.000845,1.452241,0.834361,0.120503,0.024867,0.419591,-0.027362,-0.287155,-1.141637,0.081693
11.751159,1.283378,0.928917,1.494808,-0.291834,-1.136258,-1.024147,0.511350,0.478359,-0.372511,0.851188,-0.090163,-0.575086,-0.484629,0.289078,-2.634730,-0.556663,2.377755,-1.687693,-2.001126,1.451089,0.834440,0.120624,0.026467,0.418003,-0.028335,-0.285018,-1.140504,0.081224
11.752050,1.282076,0.928134,1.489696,-0.292653,-1.137339,-1.023843,0.511184,0.407882,-0.337099,0.787839,-0.085346,-0.574307,-0.493737,0.289268,-2.634610,-0.556632,2.378186,-1.687722,-2.001413,1.449937,0.834527,0.120278,0.028022,0.421680,-0.028946,-0.285136,-1.146203,0.083511
11.753005,1.282005,0.932022,1.485343,-0.291953,-1.137234,-1.020048,0.509966,0.339551,-0.305230,0.726344,-0.080257,-0.573601,-0.503350,0.289525,-2.634488,-0.556602,2.378615,-1.687749,-2.001691,1.448786,0.834612,0.120134,0.028681,0.422785,-0.028281,-0.283718,-1.145024,0.083669
11.754129,1.279210,0.933536,1.483716,-0.294264,-1.137293,-1.020537,0.510440,0.273876,-0.276018,0.666875,-0.074769,-0.573014,-0.513275,0.289843,-2.634369,-0.556578,2.379037,-1.687780,-2.001975,1.447644,0.834703,0.119458,0.027099,0.423896,-0.029122,-0.283616,-1.147894,0.085965
11.755121,1.279599,0.935110,1.474782,-0.293122,-1.138629,-1.015656,0.509770,0.211787,-0.246992,0.609517,-0.068006,-0.572645,-0.523354,0.290194,-2.634249,-0.556552,2.379461,-1.687804,-2.002265,1.446493,0.834784,0.120275,0.026828,0.424313,-0.027225,-0.283755,-1.147396,0.084893
11.756063,1.279536,0.934497,1.467820,-0.292300,-1.140222,-1.010418,0.509014,0.151786,-0.216655,0.553003,-0.060210,-0.572474,-0.533477,0.290542,-2.634130,-0.556525,2.379891,-1.687833,-2.002545,1.445328,0.834877,0.119389,0.026418,0.427798,-0.028586,-0.282336,-1.151446,0.086094
11.757075,1.274737,0.934038,1.465486,-0.293100,-1.141007,-1.006596,0.509010,0.093141,-0.183814,0.496385,-0.050721,-0.572611,-0.543539,0.290853,-2.634015,-0.556498,2.380326,-1.687864,-2.002827,1.444178,0.834963,0.118750,0.027080,0.429990,-0.029517,-0.280513,-1.155590,0.087461
11.758053,1.274390,0.938776,1.467256,-0.294452,-1.137222,-1.007201,0.507794,0.036086,-0.149808,0.440266,-0.039955,-0.573098,-0.553133,0.291104,-2.633891,-0.556470,2.380759,-1.687894,-2.003107,1.443016,0.835051,0.120450,0.027687,0.430178,-0.028919,-0.279728,-1.158672,0.087315
11.759076,1.273146,0.945918,1.463745,-0.295195,-1.139427,-1.014943,0.506955,-0.018253,-0.117602,0.386739,-0.029950,-0.573768,-0.561590,0.291295,-2.633771,-0.556449,2.381179,-1.687919,-2.003394,1.441857,0.835145,0.119887,0.025724,0.428317,-0.027833,-0.283373,-1.157094,0.089600
11.760108,1.275948,0.944446,1.466639,-0.295247,-1.140948,-1.020967,0.506288,-0.067287,-0.085032,0.337142,-0.019755,-0.574636,-0.568693,0.291438,-2.633651,-0.556434,2.381609,-1.687945,-2.003672,1.440738,0.835239,0.119805,0.022630,0.428927,-0.027336,-0.280951,-1.148423,0.091093
11.761053,1.273844,0.948254,1.464796,-0.297911,-1.139971,-1.024219,0.507267,-0.106753,-0.049380,0.293473,-0.006811,-0.575900,-0.574537,0.291517,-2.633538,-0.556408,2.382026,-1.687974,-2.003943,1.439611,0.835331,0.117727,0.023760,0.426373,-0.027459,-0.279311,-1.141391,0.092248
11.762006,1.271516,0.942919,1.463411,-0.297915,-1.139448,-1.021928,0.505664,-0.131978,-0.013900,0.260085,0.008462,-0.577560,-0.578994,0.291510,-2.633420,-0.556388,2.382452,-1.687995,-2.004225,1.438494,0.835416,0.118041,0.022201,0.425799,-0.025041,-0.279857,-1.136724,0.090096
11.763104,1.271377,0.942548,1.461697,-0.300570,-1.140766,-1.024970,0.505413,-0.144001,0.016186,0.238314,0.022622,-0.579288,-0.581958,0.291442,-2.633299,-0.556357,2.382878,-1.688020,-2.004508,1.437352,0.835512,0.118397,0.025156,0.425012,-0.025269,-0.279923,-1.137521,0.093146
11.764015,1.273772,0.942827,1.456451,-0.300926,-1.140969,-1.024939,0.504700,-0.146332,0.035910,0.227596,0.031998,-0.580702,-0.583363,0.291361,-2.633182,-0.556330,2.383301,-1.688039,-2.004787,1.436212,0.835607,0.117808,0.025697,0.424981,-0.023028,-0.278549,-1.133701,0.093449
11.765047,1.269068,0.940272,1.461232,-0.299842,-1.144531,-1.028728,0.503462,-0.140120,0.044170,0.227405,0.035806,-0.581677,-0.583299,0.291286,-2.633071,-0.556306,2.383730,-1.688063,-2.005066,1.435091,0.835700,0.115896,0.025845,0.425933,-0.022887,-0.277850,-1.132101,0.094682
11.766140,1.266334,0.945561,1.461533,-0.300838,-1.145879,-1.025875,0.504101,-0.124906,0.043242,0.237045,0.036035,-0.582375,-0.581976,0.291224,-2.632951,-0.556274,2.384151,-1.688090,-2.005329,1.433963,0.835801,0.117544,0.027412,0.422370,-0.024186,-0.274201,-1.127252,0.096961
11.767019,1.258935,0.945509,1.456880,-0.300535,-1.145790,-1.022916,0.502538,-0.101352,0.035821,0.255132,0.034718,-0.583000,-0.579550,0.291179,-2.632832,-0.556254,2.384567,-1.688113,-2.005599,1.432842,0.835895,0.118221,0.025190,0.421412,-0.023522,-0.272916,-1.129529,0.095475
11.768089,1.255862,0.944630,1.455112,-0.302647,-1.147816,-1.018757,0.502395,-0.076133,0.026965,0.275665,0.032769,-0.583591,-0.576464,0.291154,-2.632706,-0.556228,2.384992,-1.688135,-2.005871,1.431706,0.835997,0.121042,0.025494,0.421995,-0.024026,-0.272487,-1.130558,0.098401
11.769072,1.255008,0.948899,1.456950,-0.303312,-1.148926,-1.016260,0.503076,-0.057677,0.018994,0.292304,0.028933,-0.583974,-0.573077,0.291146,-2.632582,-0.556199,2.385413,-1.688155,-2.006140,1.430563,0.836093,0.121793,0.026283,0.421893,-0.022312,-0.270436,-1.133829,0.098476
11.770053,1.254838,0.950319,1.454204,-0.304096,-1.150101,-1.013439,0.502631,-0.046105,0.010547,0.305503,0.022262,-0.584096,-0.569286,0.291102,-2.632462,-0.556176,2.385831,-1.688175,-2.006402,1.429436,0.836184,0.121449,0.024472,0.419683,-0.021998,-0.269168,-1.135015,0.096917
11.770964,1.251068,0.954178,1.456591,-0.306373,-1.147257,-1.014080,0.502700,-0.022205,-0.005441,0.335121,0.007529,-0.584343,-0.560197,0.290764,-2.632221,-0.556133,2.386664,-1.688212,-2.006942,1.427175,0.836381,0.121837,0.022537,0.417060,-0.019587,-0.270206,-1.134123,0.097249
11.772112,1.252258,0.952194,1.460024,-0.306889,-1.150546,-1.016886,0.501584,-0.022205,-0.005441,0.335121,0.007529,-0.584343,-0.560197,0.290764,-2.632221,-0.556133,2.386664,-1.688212,-2.006942,1.427175,0.836381,0.121837,0.022537,0.417060,-0.019587,-0.270206,-1.134123,0.097249
11.773043,1.251389,0.953820,1.458690,-0.307426,-1.151930,-1.015158,0.502153,-0.004386,-0.013947,0.355455,0.000181,-0.584434,-0.554938,0.290527,-2.632102,-0.556106,2.387077,-1.688230,-2.007202,1.426049,0.836483,0.120582,0.023968,0.414758,-0.019628,-0.267137,-1.130943,0.099312
11.774090,1.251065,0.949738,1.457705,-0.307357,-1.153653,-1.013938,0.501118,0.022214,-0.025993,0.383636,-0.007086,-0.584523,-0.549183,0.290287,-2.631983,-0.556084,2.387489,-1.688249,-2.007461,1.424911,0.836581,0.120233,0.023472,0.414048,-0.019388,-0.265505,-1.131054,0.097926
11.775083,1.251512,0.941849,1.454228,-0.308725,-1.159467,-1.012802,0.500932,0.058201,-0.042581,0.420136,-0.013859,-0.584695,-0.543108,0.290061,-2.631868,-0.556052,2.387903,-1.688270,-2.007721,1.423787,0.836683,0.119733,0.025824,0.413551,-0.019839,-0.263795,-1.131359,0.099815
11.776109,1.247188,0.947577,1.450460,-0.309027,-1.158453,-1.018402,0.500170,0.101993,-0.067503,0.464756,-0.021922,-0.584829,-0.536682,0.289855,-2.631749,-0.556013,2.388323,-1.688286,-2.007967,1.422652,0.836784,0.118756,0.029955,0.414043,-0.018893,-0.257969,-1.131204,0.099953
11.777018,1.243393,0.943163,1.451326,-0.308763,-1.161791,-1.019725,0.499560,0.148769,-0.100978,0.513875,-0.032414,-0.584792,-0.530155,0.289654,-2.631624,-0.555990,2.388736,-1.688306,-2.008224,1.421529,0.836884,0.120141,0.027410,0.414880,-0.018981,-0.259043,-1.124513,0.101279
11.778061,1.239738,0.943166,1.449272,-0.308494,-1.159494,-1.024427,0.499503,0.191425,-0.136304,0.560211,-0.043674,-0.584640,-0.524264,0.289454,-2.631501,-0.555955,2.389148,-1.688323,-2.008476,1.420422,0.836988,0.121184,0.029823,0.412931,-0.019576,-0.255411,-1.121641,0.102251
11.779044,1.237979,0.939918,1.446989,-0.311239,-1.160841,-1.022695,0.499392,0.227266,-0.170718,0.600861,-0.054674,-0.584446,-0.519322,0.289262,-2.631376,-0.555924,2.389563,-1.688344,-2.008737,1.419310,0.837092,0.122227,0.030102,0.412964,-0.020209,-0.257768,-1.116039,0.102136
11.780049,1.235059,0.944465,1.445623,-0.310795,-1.157847,-1.019252,0.498889,0.255582,-0.205574,0.635700,-0.066484,-0.584101,-0.515291,0.289099,-2.631255,-0.555889,2.389973,-1.688358,-2.008988,1.418201,0.837194,0.122313,0.031955,0.412930,-0.017907,-0.256337,-1.116650,0.102136
11.781065,1.232358,0.944389,1.449081,-0.310272,-1.155902,-1.018445,0.497582,0.276093,-0.240686,0.664574,-0.079727,-0.583524,-0.512127,0.288988,-2.631130,-0.555862,2.390388,-1.688377,-2.009252,1.417075,0.837297,0.122974,0.029959,0.412459,-0.018780,-0.259238,-1.118948,0.102927
11.782009,1.231272,0.945773,1.445005,-0.312937,-1.154281,-1.018252,0.496669,0.291419,-0.273259,0.688512,-0.092275,-0.582920,-0.509813,0.288939,-2.631005,-0.555830,2.390787,-1.688398,-2.009516,1.415957,0.837404,0.123515,0.030287,0.409780,-0.019631,-0.261080,-1.118675,0.105317
11.783122,1.235209,0.947175,1.444798,-0.313567,-1.152940,-1.021433,0.497237,0.304613,-0.302267,0.709373,-0.102804,-0.582414,-0.508258,0.288952,-2.630882,-0.555801,2.391202,-1.688411,-2.009781,1.414855,0.837510,0.123225,0.029841,0.410472,-0.017412,-0.262402,-1.117501,0.106888
11.784064,1.235235,0.945222,1.435575,-0.314554,-1.153712,-1.016362,0.495964,0.318376,-0.328495,0.729261,-0.111519,-0.581989,-0.507384,0.289013,-2.630766,-0.555771,2.391613,-1.688429,-2.010045,1.413751,0.837613,0.120606,0.029504,0.409863,-0.017285,-0.263889,-1.113863,0.105523
11.785047,1.236176,0.946333,1.434965,-0.314866,-1.152299,-1.011785,0.497075,0.334917,-0.351958,0.749555,-0.117931,-0.581730,-0.507233,0.289106,-2.630647,-0.555739,2.392029,-1.688446,-2.010307,1.412641,0.837727,0.119818,0.030714,0.413103,-0.016673,-0.262831,-1.117591,0.107827
11.786044,1.234540,0.940244,1.429618,-0.313659,-1.150450,-1.011053,0.496239,0.353962,-0.373112,0.770149,-0.122156,-0.581695,-0.507771,0.289222,-2.630530,-0.555708,2.392441,-1.688462,-2.010573,1.411512,0.837829,0.118618,0.030403,0.412170,-0.016795,-0.264062,-1.120860,0.105334
11.787109,1.229370,0.939835,1.427696,-0.314145,-1.148772,-1.016888,0.496268,0.375204,-0.393676,0.791336,-0.124831,-0.581890,-0.508799,0.289345,-2.630410,-0.555669,2.392853,-1.688484,-2.010842,1.410385,0.837940,0.118697,0.033651,0.413721,-0.018313,-0.265724,-1.120338,0.106788
11.788116,1.230236,0.942980,1.422454,-0.314818,-1.146636,-1.019126,0.494210,0.395367,-0.415130,0.811172,-0.127181,-0.582196,-0.510243,0.289475,-2.630288,-0.555636,2.393269,-1.688503,-2.011109,1.409285,0.838044,0.120561,0.034113,0.413715,-0.018247,-0.267389,-1.113772,0.106493
11.789051,1.223385,0.942542,1.424659,-0.313559,-1.143840,-1.019373,0.494192,0.409091,-0.434643,0.824984,-0.129332,-0.582505,-0.512402,0.289627,-2.630169,-0.555605,2.393691,-1.688519,-2.011382,1.408173,0.838163,0.119362,0.032799,0.415131,-0.018019,-0.269324,-1.110499,0.110365
11.790079,1.218819,0.942630,1.419238,-0.315864,-1.141216,-1.012457,0.493824,0.415527,-0.448319,0.831022,-0.129776,-0.582894,-0.515499,0.289814,-2.630042,-0.555570,2.394103,-1.688543,-2.011656,1.407074,0.838276,0.121941,0.033214,0.412600,-0.019490,-0.271720,-1.108874,0.110085
11.791019,1.223950,0.945145,1.413817,-0.314920,-1.140623,-1.004950,0.492578,0.413572,-0.456653,0.829075,-0.129408,-0.583246,-0.519366,0.290036,-2.629916,-0.555536,2.394516,-1.688556,-2.011934,1.405944,0.838386,0.123409,0.033418,0.414300,-0.017677,-0.274127,-1.114801,0.110581
11.791993,1.225605,0.943951,1.407980,-0.315275,-1.140168,-0.999880,0.492328,0.403721,-0.460888,0.820263,-0.129166,-0.583466,-0.523650,0.290289,-2.629802,-0.555506,2.394937,-1.688577,-2.012207,1.404802,0.838503,0.120069,0.032392,0.415534,-0.018933,-0.274319,-1.120688,0.112798
11.793153,1.229940,0.945557,1.412794,-0.317217,-1.139763,-1.000737,0.490482,0.393277,-0.460930,0.809539,-0.126809,-0.583857,-0.527881,0.290557,-2.629687,-0.555471,2.395354,-1.688597,-2.012484,1.403684,0.838616,0.118544,0.033209,0.417164,-0.018899,-0.274439,-1.124448,0.113009
11.794030,1.228632,0.951028,1.407821,-0.317747,-1.139662,-1.006737,0.490920,0.391278,-0.459500,0.803891,-0.121309,-0.584640,-0.531302,0.290814,-2.629577,-0.555440,2.395766,-1.688613,-2.012764,1.402565,0.838741,0.115845,0.032765,0.414186,-0.017527,-0.274953,-1.123287,0.116455
11.795035,1.228797,0.952366,1.404553,-0.319686,-1.139403,-1.012996,0.489671,0.401970,-0.457354,0.806516,-0.112495,-0.585860,-0.533495,0.291024,-2.629461,-0.555414,2.396176,-1.688632,-2.013038,1.401460,0.838854,0.115726,0.030267,0.415126,-0.017265,-0.274496,-1.115469,0.115246
11.796055,1.229659,0.958734,1.400799,-0.322024,-1.138147,-1.017933,0.489101,0.420651,-0.449970,0.812743,-0.099725,-0.587470,-0.534882,0.291148,-2.629349,-0.555385,2.396593,-1.688645,-2.013310,1.400377,0.838976,0.114987,0.029917,0.415575,-0.015837,-0.274558,-1.108310,0.117477
11.797044,1.231586,0.953366,1.400629,-0.321372,-1.136490,-1.018303,0.488725,0.440553,-0.434050,0.816955,-0.083707,-0.589308,-0.536039,0.291162,-2.629238,-0.555363,2.397016,-1.688656,-2.013586,1.399277,0.839098,0.113921,0.027094,0.416258,-0.014089,-0.275615,-1.102464,0.118307
11.798081,1.225897,0.949578,1.396528,-0.321214,-1.136223,-1.021002,0.487627,0.461621,-0.411718,0.819910,-0.065876,-0.591305,-0.537027,0.291046,-2.629131,-0.555328,2.397426,-1.688673,-2.013866,1.398187,0.839216,0.112343,0.030048,0.415170,-0.015173,-0.276944,-1.101096,0.118770
11.799072,1.224385,0.946728,1.395512,-0.321043,-1.133590,-1.021782,0.487399,0.484716,-0.389988,0.824440,-0.049035,-0.593359,-0.537500,0.290800,-2.629012,-0.555293,2.397842,-1.688690,-2.014142,1.397087,0.839340,0.114506,0.032186,0.416191,-0.015778,-0.277033,-1.097550,0.120679
11.799994,1.221853,0.950077,1.391534,-0.320022,-1.130457,-1.023619,0.485643,0.505906,-0.374111,0.829565,-0.036295,-0.595252,-0.537265,0.290464,-2.628898,-0.555257,2.398251,-1.688706,-2.014426,1.395988,0.839463,0.114558,0.033801,0.415551,-0.016378,-0.279329,-1.095707,0.120809
11.801045,1.220441,0.951844,1.396805,-0.319730,-1.129401,-1.024225,0.486057,0.522395,-0.362789,0.833038,-0.027398,-0.596991,-0.536498,0.290082,-2.628784,-0.555227,2.398669,-1.688727,-2.014715,1.394909,0.839593,0.115088,0.032333,0.416040,-0.017665,-0.281883,-1.092517,0.124005
11.802025,1.218788,0.950669,1.394693,-0.320563,-1.129900,-1.020538,0.484242,0.536166,-0.351696,0.835001,-0.019293,-0.598844,-0.535477,0.289683,-2.628668,-0.555194,2.399077,-1.688749,-2.015001,1.393819,0.839715,0.115120,0.031732,0.412471,-0.018308,-0.282691,-1.091234,0.122843
11.803122,1.218379,0.952277,1.388178,-0.321250,-1.126832,-1.014466,0.482987,0.551244,-0.340633,0.838485,-0.010728,-0.600951,-0.534169,0.289288,-2.628552,-0.555160,2.399483,-1.688764,-2.015280,1.392730,0.839847,0.115227,0.032553,0.412426,-0.017902,-0.281829,-1.093880,0.126177
11.804106,1.215210,0.954374,1.387730,-0.322194,-1.122420,-1.007369,0.483250,0.567141,-0.331300,0.843953,-0.002871,-0.603193,-0.532509,0.288922,-2.628439,-0.555132,2.399903,-1.688782,-2.015572,1.391619,0.839978,0.114825,0.032106,0.414831,-0.017693,-0.284764,-1.099414,0.128356
11.804987,1.210564,0.957993,1.388966,-0.324069,-1.117858,-1.009435,0.481728,0.579520,-0.322667,0.848221,0.003339,-0.605393,-0.530600,0.288588,-2.628322,-0.555104,2.400310,-1.688798,-2.015867,1.390499,0.840103,0.115684,0.031344,0.413888,-0.017190,-0.288693,-1.105273,0.127485
11.806099,1.207101,0.959726,1.390355,-0.325160,-1.116822,-1.014096,0.481447,0.586417,-0.313769,0.849751,0.007340,-0.607404,-0.528401,0.288291,-2.628203,-0.555077,2.400717,-1.688811,-2.016170,1.389411,0.840242,0.117193,0.029766,0.411725,-0.015721,-0.292427,-1.101485,0.130173
11.807094,1.208796,0.964606,1.388073,-0.325419,-1.112259,-1.018760,0.480061,0.587572,-0.304107,0.848158,0.008965,-0.609132,-0.525929,0.288056,-2.628082,-0.555049,2.401127,-1.688824,-2.016466,1.388322,0.840373,0.118231,0.029291,0.410357,-0.015238,-0.293258,-1.096466,0.130396
11.808086,1.204166,0.963091,1.384117,-0.325935,-1.109616,-1.018064,0.479825,0.584738,-0.291699,0.843616,0.010035,-0.610717,-0.523479,0.287884,-2.627966,-0.555027,2.401532,-1.688842,-2.016769,1.387229,0.840512,0.116651,0.027214,0.410434,-0.015394,-0.297308,-1.090771,0.132823
11.809020,1.197501,0.956760,1.389346,-0.324769,-1.106631,-1.014709,0.478245,0.579162,-0.274743,0.835961,0.012433,-0.612341,-0.521468,0.287757,-2.627846,-0.554996,2.401946,-1.688857,-2.017078,1.386146,0.840643,0.118228,0.028270,0.411237,-0.015325,-0.299321,-1.090550,0.132932
11.810008,1.195162,0.952727,1.385653,-0.326486,-1.103999,-1.013502,0.477812,0.570259,-0.258132,0.826220,0.014137,-0.613879,-0.519822,0.287667,-2.627720,-0.554958,2.402347,-1.688877,-2.017382,1.385046,0.840787,0.120696,0.031602,0.407313,-0.016811,-0.301608,-1.092518,0.135716
11.811034,1.192012,0.957357,1.387127,-0.325758,-1.100745,-1.013158,0.477711,0.559123,-0.251162,0.818115,0.011144,-0.615060,-0.517993,0.287618,-2.627598,-0.554921,2.402751,-1.688889,-2.017692,1.383962,0.840928,0.121062,0.033786,0.408112,-0.015595,-0.303608,-1.092702,0.136183
11.812106,1.188980,0.957071,1.387710,-0.324903,-1.098446,-1.019162,0.476233,0.546662,-0.255120,0.812536,0.003161,-0.615821,-0.515928,0.287591,-2.627474,-0.554893,2.403156,-1.688908,-2.018003,1.382870,0.841065,0.121857,0.031760,0.406400,-0.016738,-0.306321,-1.092197,0.136024
11.813112,1.185128,0.955804,1.392861,-0.324166,-1.095208,-1.022264,0.475747,0.533389,-0.263156,0.807377,-0.005763,-0.616390,-0.514128,0.287567,-2.627351,-0.554862,2.403554,-1.688929,-2.018312,1.381788,0.841207,0.122634,0.032236,0.405412,-0.017986,-0.308206,-1.085606,0.138642
11.814027,1.181540,0.960445,1.392066,-0.324675,-1.094806,-1.024755,0.474140,0.521667,-0.271898,0.802952,-0.012686,-0.616927,-0.512841,0.287559,-2.627226,-0.554828,2.403950,-1.688950,-2.018626,1.380727,0.841344,0.123756,0.033117,0.401898,-0.019056,-0.310823,-1.081763,0.139235
11.815113,1.181372,0.960354,1.386390,-0.325630,-1.091406,-1.025407,0.473776,0.513196,-0.280675,0.800242,-0.016783,-0.617414,-0.512120,0.287588,-2.627099,-0.554801,2.404351,-1.688967,-2.018933,1.379655,0.841492,0.124644,0.031031,0.400991,-0.018878,-0.310418,-1.077933,0.142049
11.816118,1.175408,0.956829,1.381060,-0.326008,-1.091317,-1.028057,0.472351,0.505534,-0.286212,0.796651,-0.017551,-0.617742,-0.512285,0.287657,-2.626977,-0.554771,2.404756,-1.688984,-2.019253,1.378589,0.841636,0.123995,0.031429,0.403129,-0.018409,-0.313365,-1.076955,0.142380
11.816975,1.169833,0.959087,1.377624,-0.327852,-1.094065,-1.028917,0.471311,0.492613,-0.287669,0.787722,-0.016696,-0.617589,-0.513551,0.287747,-2.626847,-0.554734,2.405164,-1.689002,-2.019570,1.377515,0.841786,0.126137,0.033417,0.404716,-0.018443,-0.312772,-1.073435,0.144840
11.818091,1.169540,0.960345,1.375757,-0.328132,-1.097049,-1.032375,0.470924,0.468085,-0.286334,0.769524,-0.016996,-0.616625,-0.515880,0.287850,-2.626713,-0.554703,2.405566,-1.689016,-2.019868,1.376441,0.841937,0.127901,0.032433,0.404861,-0.016953,-0.309154,-1.070898,0.146469
11.819077,1.164713,0.960668,1.372399,-0.326942,-1.095646,-1.035990,0.469493,0.431451,-0.281318,0.741503,-0.018525,-0.614930,-0.519203,0.287970,-2.626588,-0.554672,2.405972,-1.689033,-2.020172,1.375392,0.842087,0.127280,0.032156,0.405164,-0.017192,-0.305922,-1.067349,0.146843
11.820012,1.161300,0.958659,1.368384,-0.327714,-1.095858,-1.030852,0.469945,0.387227,-0.270946,0.706127,-0.019073,-0.612898,-0.523549,0.288091,-2.626455,-0.554640,2.406382,-1.689053,-2.020480,1.374335,0.842239,0.128792,0.032238,0.405686,-0.018734,-0.306753,-1.062876,0.149300
11.821103,1.158098,0.955259,1.370175,-0.328795,-1.096861,-1.029534,0.470328,0.337739,-0.255913,0.665202,-0.018184,-0.610722,-0.528928,0.288183,-2.626323,-0.554603,2.406788,-1.689071,-2.020784,1.373280,0.842384,0.129553,0.033414,0.406381,-0.018300,-0.305823,-1.066966,0.147956
11.822086,1.153989,0.953684,1.365527,-0.327540,-1.099161,-1.024921,0.469758,0.285655,-0.241866,0.622637,-0.018511,-0.608318,-0.534886,0.288224,-2.626191,-0.554566,2.407193,-1.689087,-2.021087,1.372204,0.842527,0.130325,0.035376,0.404754,-0.017744,-0.304514,-1.067869,0.146822
11.822978,1.154762,0.954022,1.361602,-0.328465,-1.094099,-1.024179,0.469387,0.234657,-0.234050,0.582866,-0.021999,-0.605695,-0.540892,0.288229,-2.626057,-0.554529,2.407596,-1.689109,-2.021382,1.371117,0.842677,0.131439,0.036344,0.406018,-0.019291,-0.301704,-1.071460,0.147568
11.824085,1.153847,0.960013,1.358683,-0.328071,-1.094689,-1.024583,0.468939,0.186587,-0.231847,0.546941,-0.027714,-0.603047,-0.546837,0.288222,-2.625931,-0.554495,2.408006,-1.689127,-2.021695,1.370048,0.842827,0.130126,0.036322,0.406441,-0.018664,-0.305935,-1.070708,0.147871
11.825009,1.154490,0.960296,1.362250,-0.327559,-1.092994,-1.021978,0.469291,0.143425,-0.230214,0.514495,-0.032756,-0.600657,-0.552873,0.288198,-2.625802,-0.554468,2.408419,-1.689148,-2.022000,1.368974,0.842977,0.129812,0.033692,0.407155,-0.019485,-0.305018,-1.070017,0.148380
11.825970,1.156631,0.961328,1.355743,-0.330416,-1.096924,-1.019115,0.469036,0.109736,-0.224668,0.487228,-0.033718,-0.598880,-0.558997,0.288121,-2.625674,-0.554434,2.408817,-1.689171,-2.022306,1.367892,0.843122,0.128579,0.033765,0.404079,-0.020208,-0.305981,-1.071287,0.147250
11.827078,1.155663,0.963889,1.351115,-0.329922,-1.095311,-1.010950,0.469884,0.090775,-0.216584,0.469293,-0.030156,-0.597847,-0.564787,0.287971,-2.625552,-0.554402,2.409229,-1.689184,-2.022601,1.366827,0.843269,0.126688,0.033471,0.406102,-0.017791,-0.301448,-1.073116,0.147366
11.827995,1.150717,0.965539,1.344102,-0.328603,-1.096278,-1.008189,0.469489,0.085041,-0.207409,0.460229,-0.023730,-0.597387,-0.569963,0.287768,-2.625425,-0.554371,2.409644,-1.689206,-2.022904,1.365728,0.843410,0.126430,0.032526,0.407642,-0.018725,-0.302865,-1.080915,0.145290
11.828992,1.147532,0.964114,1.348067,-0.329816,-1.095458,-1.010844,0.469232,0.084176,-0.193528,0.453198,-0.014587,-0.597374,-0.574669,0.287541,-2.625293,-0.554341,2.410053,-1.689227,-2.023202,1.364653,0.843557,0.127965,0.031937,0.409739,-0.020293,-0.301182,-1.082264,0.145694
11.830051,1.143791,0.967780,1.341084,-0.330727,-1.097615,-1.022511,0.469909,0.082393,-0.173997,0.443975,-0.003389,-0.597681,-0.578785,0.287317,-2.625163,-0.554305,2.410454,-1.689246,-2.023504,1.363565,0.843703,0.128673,0.032864,0.406678,-0.019431,-0.301488,-1.078574,0.145806
11.831044,1.143591,0.965113,1.341510,-0.330672,-1.096921,-1.027733,0.469967,0.077607,-0.150693,0.431715,0.008110,-0.598111,-0.582109,0.287096,-2.625030,-0.554275,2.410866,-1.689264,-2.023797,1.362520,0.843844,0.129677,0.031324,0.409316,-0.018970,-0.299027,-1.066444,0.144068
11.832000,1.146254,0.964352,1.339890,-0.332496,-1.094996,-1.029158,0.471107,0.068593,-0.123556,0.415370,0.019551,-0.598601,-0.584857,0.286861,-2.624903,-0.554237,2.411273,-1.689283,-2.024093,1.361482,0.843984,0.128910,0.032869,0.407961,-0.019392,-0.299265,-1.060585,0.143592
11.832984,1.145184,0.962540,1.343197,-0.331917,-1.096140,-1.027828,0.470261,0.060891,-0.096624,0.399915,0.030378,-0.599175,-0.586883,0.286602,-2.624780,-0.554202,2.411683,-1.689299,-2.024397,1.360422,0.844120,0.126745,0.033436,0.407499,-0.017966,-0.300554,-1.058156,0.140928
11.834060,1.146401,0.959854,1.341446,-0.332596,-1.100248,-1.022556,0.470369,0.063585,-0.076536,0.393847,0.039504,-0.599855,-0.587678,0.286321,-2.624653,-0.554164,2.412078,-1.689319,-2.024694,1.359373,0.844264,0.126451,0.034530,0.404821,-0.018908,-0.298875,-1.058692,0.142265
11.835091,1.145309,0.964275,1.337727,-0.334112,-1.100161,-1.026065,0.471252,0.081190,-0.067014,0.401649,0.046586,-0.600681,-0.586930,0.286040,-2.624532,-0.554126,2.412484,-1.689336,-2.024983,1.358302,0.844403,0.125119,0.036103,0.404960,-0.018687,-0.294536,-1.063575,0.141680
11.835963,1.146701,0.965637,1.339104,-0.333849,-1.101507,-1.028252,0.471715,0.111121,-0.066597,0.421137,0.051917,-0.601613,-0.584816,0.285767,-2.624407,-0.554093,2.412889,-1.689354,-2.025271,1.357249,0.844540,0.124880,0.034131,0.405882,-0.017594,-0.294369,-1.059388,0.139542
11.837008,1.145165,0.969649,1.344737,-0.333008,-1.102853,-1.035329,0.472250,0.148903,-0.069198,0.447208,0.057290,-0.602638,-0.581953,0.285492,-2.624285,-0.554062,2.413289,-1.689371,-2.025560,1.356212,0.844674,0.123309,0.033644,0.403682,-0.018177,-0.292296,-1.055842,0.138250
11.838071,1.142876,0.969834,1.344243,-0.334652,-1.104720,-1.033265,0.472254,0.196123,-0.070402,0.479449,0.065696,-0.603964,-0.578763,0.285195,-2.624162,-0.554031,2.413686,-1.689394,-2.025847,1.355166,0.844807,0.123332,0.031926,0.400074,-0.019356,-0.290694,-1.048264,0.136845
11.839059,1.142155,0.966235,1.339785,-0.335005,-1.105348,-1.028009,0.473983,0.253049,-0.069091,0.517804,0.077997,-0.605649,-0.575478,0.284873,-2.624036,-0.553998,2.414080,-1.689409,-2.026132,1.354104,0.844943,0.123691,0.032136,0.399660,-0.018204,-0.288635,-1.049964,0.136501
11.839998,1.142810,0.964208,1.338558,-0.335120,-1.108595,-1.022922,0.475017,0.313789,-0.067884,0.559303,0.091001,-0.607320,-0.572104,0.284534,-2.623913,-0.553959,2.414486,-1.689425,-2.026415,1.353046,0.845069,0.123251,0.034125,0.400801,-0.018288,-0.287651,-1.054398,0.132692
11.840965,1.136199,0.963365,1.341003,-0.336896,-1.109458,-1.018300,0.475612,0.374717,-0.071383,0.602992,0.101411,-0.608642,-0.568313,0.284177,-2.623793,-0.553922,2.414889,-1.689444,-2.026694,1.351977,0.845194,0.122118,0.035287,0.400133,-0.018513,-0.283942,-1.058288,0.130314
11.841967,1.131524,0.967154,1.337541,-0.337659,-1.113263,-1.024302,0.475264,0.434874,-0.082567,0.649269,0.107465,-0.609473,-0.563697,0.283832,-2.623666,-0.553887,2.415281,-1.689458,-2.026974,1.350920,0.845319,0.124598,0.035906,0.397865,-0.017190,-0.282719,-1.061948,0.128813
11.843043,1.133642,0.964138,1.339404,-0.337399,-1.116639,-1.027937,0.475048,0.488399,-0.099107,0.693562,0.108462,-0.609684,-0.558385,0.283568,-2.623538,-0.553857,2.415681,-1.689476,-2.027247,1.349878,0.845448,0.126076,0.034263,0.398646,-0.016831,-0.278660,-1.055163,0.129200
11.844013,1.133264,0.963630,1.339414,-0.339423,-1.118736,-1.032197,0.476277,0.532141,-0.115883,0.731868,0.106440,-0.609447,-0.552945,0.283417,-2.623417,-0.553816,2.416072,-1.689496,-2.027512,1.348830,0.845579,0.124272,0.036011,0.397096,-0.017499,-0.275338,-1.051255,0.129308
11.844981,1.132185,0.965139,1.340159,-0.339087,-1.117455,-1.028271,0.476576,0.572287,-0.133310,0.768157,0.103295,-0.609084,-0.547569,0.283343,-2.623296,-0.553779,2.416468,-1.689508,-2.027779,1.347791,0.845700,0.123683,0.036429,0.396036,-0.015963,-0.273006,-1.046148,0.126523
11.845993,1.133296,0.959342,1.340621,-0.341032,-1.118484,-1.021469,0.478169,0.613926,-0.153129,0.806399,0.099437,-0.608762,-0.542359,0.283300,-2.623171,-0.553744,2.416864,-1.689528,-2.028053,1.346729,0.845827,0.123388,0.035864,0.394583,-0.016661,-0.274002,-1.049174,0.125618
11.847090,1.132749,0.961852,1.335893,-0.339923,-1.120502,-1.021070,0.478150,0.659219,-0.177331,0.848844,0.094263,-0.608497,-0.537218,0.283260,-2.623053,-0.553698,2.417252,-1.689540,-2.028325,1.345669,0.845942,0.122095,0.038888,0.393560,-0.015228,-0.272753,-1.055271,0.122136
11.848085,1.129043,0.962986,1.337097,-0.338710,-1.119202,-1.023160,0.478181,0.708369,-0.207536,0.896087,0.087196,-0.608262,-0.531912,0.283206,-2.622934,-0.553662,2.417653,-1.689561,-2.028593,1.344610,0.846062,0.121705,0.037873,0.395305,-0.016786,-0.270797,-1.055364,0.121933
11.848973,1.124653,0.959182,1.342815,-0.338554,-1.115176,-1.031709,0.479373,0.756991,-0.237787,0.942965,0.080863,-0.608217,-0.526831,0.283131,-2.622809,-0.553625,2.418041,-1.689581,-2.028860,1.343561,0.846181,0.122755,0.037509,0.393805,-0.018341,-0.271947,-1.052486,0.121578
11.850031,1.121626,0.959728,1.340298,-0.339851,-1.116847,-1.031749,0.479222,0.802601,-0.264495,0.986484,0.076889,-0.608409,-0.522262,0.283028,-2.622683,-0.553582,2.418426,-1.689598,-2.029141,1.342545,0.846294,0.124050,0.039487,0.389684,-0.018805,-0.275405,-1.042708,0.118885
11.851029,1.119566,0.958340,1.336126,-0.339870,-1.117050,-1.034328,0.480738,0.844716,-0.290509,1.027290,0.073331,-0.608567,-0.518112,0.282884,-2.622556,-0.553543,2.418819,-1.689614,-2.029412,1.341503,0.846413,0.124762,0.039396,0.390291,-0.017993,-0.273615,-1.042401,0.118936
11.852002,1.120314,0.953908,1.332841,-0.341343,-1.120575,-1.031019,0.480618,0.879383,-0.315564,1.062681,0.068907,-0.608468,-0.514626,0.282692,-2.622431,-0.553501,2.419210,-1.689632,-2.029684,1.340462,0.846521,0.124962,0.040241,0.391495,-0.018381,-0.273209,-1.039099,0.115630
11.853041,1.115464,0.953671,1.328012,-0.341746,-1.119649,-1.029614,0.482154,0.904688,-0.339600,1.091278,0.063097,-0.608048,-0.511977,0.282451,-2.622307,-0.553452,2.419605,-1.689645,-2.029948,1.339423,0.846636,0.123761,0.042507,0.392096,-0.017392,-0.269437,-1.041650,0.115624
11.854000,1.107858,0.953956,1.330488,-0.342014,-1.120384,-1.033087,0.481108,0.920725,-0.364563,1.113702,0.054816,-0.607221,-0.509996,0.282178,-2.622179,-0.553408,2.419999,-1.689664,-2.030214,1.338374,0.846742,0.125386,0.042738,0.393748,-0.017393,-0.270355,-1.042527,0.112289
11.855008,1.107675,0.955731,1.327504,-0.343167,-1.119919,-1.034670,0.482103,0.924036,-0.388857,1.127129,0.043788,-0.605857,-0.508714,0.281916,-2.622047,-0.553365,2.420385,-1.689683,-2.030480,1.337357,0.846858,0.128271,0.042693,0.391482,-0.017474,-0.269337,-1.038235,0.114149
11.856037,1.103761,0.956058,1.325199,-0.344671,-1.121240,-1.039265,0.483390,0.913837,-0.409404,1.130096,0.031236,-0.603989,-0.508269,0.281694,-2.621920,-0.553322,2.420779,-1.689698,-2.030751,1.336328,0.846963,0.127502,0.041927,0.392111,-0.016794,-0.269626,-1.036105,0.111890
11.856962,1.102135,0.955293,1.322622,-0.343638,-1.121360,-1.034292,0.483758,0.893002,-0.424363,1.123904,0.018590,-0.601753,-0.508778,0.281517,-2.621787,-0.553278,2.421168,-1.689712,-2.031022,1.335297,0.847067,0.128587,0.041911,0.392513,-0.015807,-0.268148,-1.031027,0.109085
11.857953,1.101369,0.950732,1.324882,-0.343305,-1.118317,-1.034245,0.483862,0.864130,-0.433436,1.110113,0.006704,-0.599305,-0.510346,0.281396,-2.621660,-0.553235,2.421563,-1.689732,-2.031286,1.334268,0.847173,0.128495,0.042371,0.392583,-0.017132,-0.267716,-1.035058,0.108120
11.859028,1.099457,0.949834,1.316867,-0.345817,-1.120216,-1.029919,0.483892,0.806030,-0.449703,1.080549,-0.015259,-0.594324,-0.515222,0.281375,-2.621403,-0.553137,2.422347,-1.689765,-2.031825,1.332186,0.847387,0.128120,0.045203,0.393680,-0.015797,-0.268446,-1.038016,0.107375
11.859977,1.100258,0.947714,1.314552,-0.343315,-1.118645,-1.025140,0.485140,0.780998,-0.462431,1.069141,-0.027267,-0.591722,-0.517873,0.281470,-2.621280,-0.553087,2.422741,-1.689788,-2.032099,1.331134,0.847485,0.126808,0.046216,0.393323,-0.018512,-0.269440,-1.041182,0.104618
11.860999,1.096903,0.947676,1.310896,-0.343915,-1.120884,-1.027588,0.485040,0.780998,-0.462431,1.069141,-0.027267,-0.591722,-0.517873,0.281470,-2.621280,-0.553087,2.422741,-1.689788,-2.032099,1.331134,0.847485,0.126808,0.046216,0.393323,-0.018512,-0.269440,-1.041182,0.104618
11.862038,1.091728,0.950160,1.313850,-0.344892,-1.120969,-1.025381,0.485416,0.759263,-0.475741,1.059364,-0.038088,-0.589276,-0.520601,0.281610,-2.621150,-0.553040,2.423132,-1.689805,-2.032359,1.330102,0.847592,0.127578,0.046257,0.393979,-0.018231,-0.266864,-1.037549,0.104587
11.862994,1.091258,0.950101,1.309030,-0.343682,-1.121219,-1.026154,0.485815,0.739930,-0.487021,1.049836,-0.046725,-0.587079,-0.523490,0.281789,-2.621018,-0.552998,2.423521,-1.689820,-2.032627,1.329073,0.847691,0.129234,0.045092,0.391366,-0.017666,-0.266457,-1.038790,0.103601
11.863991,1.089393,0.948349,1.303182,-0.345124,-1.120344,-1.020373,0.485321,0.721617,-0.494119,1.039133,-0.052894,-0.585134,-0.526660,0.281998,-2.620890,-0.552950,2.423916,-1.689840,-2.032890,1.328035,0.847792,0.128509,0.045117,0.392346,-0.019134,-0.265720,-1.036502,0.102559
11.864967,1.088557,0.948445,1.295238,-0.346191,-1.121365,-1.017204,0.485421,0.703956,-0.496548,1.026811,-0.056473,-0.583479,-0.530175,0.282214,-2.620763,-0.552902,2.424312,-1.689857,-2.033157,1.326994,0.847897,0.128531,0.045996,0.393943,-0.018018,-0.266180,-1.041049,0.103306
11.865963,1.086322,0.950720,1.304536,-0.344985,-1.121546,-1.015134,0.485900,0.684151,-0.495623,1.011264,-0.059224,-0.581941,-0.533914,0.282417,-2.620635,-0.552857,2.424716,-1.689874,-2.033419,1.325935,0.847996,0.128014,0.045968,0.396432,-0.017277,-0.264719,-1.042686,0.102864
11.866970,1.087170,0.951983,1.294771,-0.343164,-1.117970,-1.017433,0.487373,0.664363,-0.492422,0.994325,-0.061348,-0.580580,-0.537430,0.282576,-2.620505,-0.552815,2.425093,-1.689894,-2.033684,1.324884,0.848092,0.128199,0.044887,0.390583,-0.018754,-0.264137,-1.043388,0.101679
11.868040,1.084000,0.954415,1.299658,-0.345130,-1.119090,-1.027509,0.487442,0.650954,-0.485497,0.979847,-0.059896,-0.579813,-0.540328,0.282663,-2.620383,-0.552770,2.425494,-1.689919,-2.033956,1.323848,0.848184,0.126910,0.044307,0.394206,-0.020740,-0.267294,-1.039830,0.098511
11.868999,1.080347,0.952157,1.294437,-0.346024,-1.118678,-1.028935,0.488993,0.644171,-0.471900,0.966916,-0.053052,-0.579809,-0.542723,0.282677,-2.620252,-0.552729,2.425883,-1.689935,-2.034221,1.322848,0.848283,0.127602,0.043205,0.390694,-0.019175,-0.265886,-1.028985,0.098181
11.869975,1.078437,0.951323,1.300112,-0.346388,-1.117862,-1.032732,0.488978,0.640277,-0.452731,0.953392,-0.043032,-0.580293,-0.544771,0.282625,-2.620120,-0.552680,2.426275,-1.689953,-2.034485,1.321827,0.848373,0.128438,0.044331,0.391936,-0.018565,-0.265833,-1.026276,0.094849
11.871081,1.075328,0.950132,1.296447,-0.348236,-1.116026,-1.031676,0.488901,0.638237,-0.433094,0.940463,-0.033302,-0.580948,-0.546352,0.282510,-2.619991,-0.552636,2.426658,-1.689971,-2.034751,1.320818,0.848465,0.128448,0.044772,0.387796,-0.018517,-0.266185,-1.021249,0.094704
11.872092,1.078047,0.947021,1.292154,-0.345596,-1.116727,-1.030359,0.489890,0.639223,-0.417445,0.930657,-0.026136,-0.581583,-0.547313,0.282365,-2.619860,-0.552589,2.427045,-1.689988,-2.035018,1.319791,0.848559,0.129111,0.045449,0.388829,-0.017074,-0.267846,-1.021690,0.094666
11.872971,1.071222,0.948768,1.290405,-0.343463,-1.115445,-1.033827,0.490343,0.643455,-0.406935,0.924593,-0.021793,-0.582148,-0.547634,0.282224,-2.619740,-0.552537,2.427438,-1.690013,-2.035283,1.318777,0.848649,0.126906,0.046970,0.389717,-0.019906,-0.266743,-1.021941,0.092474
11.874066,1.068581,0.955170,1.287788,-0.342950,-1.114526,-1.033506,0.491037,0.650476,-0.398048,0.920667,-0.017244,-0.582920,-0.547572,0.282088,-2.619604,-0.552493,2.427831,-1.690038,-2.035554,1.317770,0.848740,0.129274,0.046059,0.388877,-0.022092,-0.267309,-1.016734,0.091363
11.875060,1.068884,0.953065,1.287939,-0.345359,-1.115533,-1.040516,0.490030,0.656583,-0.383081,0.913983,-0.008644,-0.584216,-0.547722,0.281958,-2.619471,-0.552456,2.428219,-1.690061,-2.035821,1.316754,0.848826,0.129665,0.043015,0.389294,-0.022857,-0.268022,-1.016449,0.089807
11.876004,1.066178,0.952931,1.280311,-0.344772,-1.110106,-1.036927,0.491301,0.659635,-0.358705,0.902313,0.004608,-0.586056,-0.548407,0.281856,-2.619344,-0.552409,2.428605,-1.690078,-2.036089,1.315765,0.848924,0.128587,0.044120,0.387981,-0.020752,-0.266554,-1.008361,0.091628
11.877062,1.065681,0.951928,1.279044,-0.347174,-1.106262,-1.032675,0.490893,0.660880,-0.329524,0.888104,0.019594,-0.588211,-0.549455,0.281777,-2.619211,-0.552365,2.429000,-1.690102,-2.036371,1.314746,0.849003,0.128945,0.044202,0.390333,-0.021516,-0.271347,-1.010628,0.088878
11.877973,1.063575,0.951840,1.275278,-0.344335,-1.104093,-1.027726,0.491391,0.659276,-0.300511,0.872373,0.032862,-0.590361,-0.550624,0.281697,-2.619086,-0.552319,2.429385,-1.690118,-2.036653,1.313731,0.849094,0.128331,0.044763,0.389941,-0.019494,-0.274741,-1.014054,0.089538
11.879109,1.061474,0.953721,1.277134,-0.345650,-1.105906,-1.024030,0.491999,0.655687,-0.274250,0.856725,0.043253,-0.592419,-0.551614,0.281595,-2.618956,-0.552276,2.429775,-1.690146,-2.036930,1.312707,0.849179,0.128399,0.044810,0.390275,-0.022388,-0.276159,-1.017379,0.088336
11.880082,1.056605,0.957546,1.275268,-0.344906,-1.103472,-1.027792,0.491795,0.653135,-0.250551,0.843292,0.052286,-0.594568,-0.552180,0.281463,-2.618827,-0.552234,2.430155,-1.690166,-2.037197,1.311676,0.849265,0.128594,0.044013,0.388671,-0.021401,-0.274206,-1.020528,0.086964
11.881030,1.051760,0.960156,1.274947,-0.343780,-1.102461,-1.027393,0.492584,0.651641,-0.226597,0.831349,0.061685,-0.596907,-0.552364,0.281310,-2.618696,-0.552196,2.430542,-1.690191,-2.037474,1.310680,0.849351,0.130077,0.042196,0.388304,-0.022305,-0.276092,-1.015538,0.087206
11.882004,1.053237,0.957251,1.277953,-0.344155,-1.101518,-1.031594,0.492411,0.648150,-0.198077,0.817519,0.072977,-0.599416,-0.552559,0.281149,-2.618561,-0.552158,2.430929,-1.690216,-2.037752,1.309669,0.849430,0.131465,0.040991,0.387062,-0.023540,-0.276438,-1.014615,0.085446
11.883079,1.045171,0.956318,1.277704,-0.344207,-1.099625,-1.027074,0.493767,0.644827,-0.165636,0.803441,0.086661,-0.602075,-0.552842,0.280979,-2.618434,-0.552112,2.431305,-1.690238,-2.038027,1.308672,0.849513,0.129771,0.042479,0.384376,-0.023339,-0.276829,-1.009228,0.085644
11.884077,1.042175,0.954246,1.274915,-0.344141,-1.100747,-1.023252,0.494223,0.645954,-0.135966,0.794179,0.100314,-0.604679,-0.552864,0.280796,-2.618296,-0.552069,2.431689,-1.690262,-2.038310,1.307653,0.849585,0.132860,0.043043,0.383599,-0.023531,-0.278318,-1.013059,0.082790
11.884962,1.042394,0.953800,1.268439,-0.342620,-1.097223,-1.025708,0.495580,0.647937,-0.112983,0.788612,0.110844,-0.606882,-0.552505,0.280609,-2.618160,-0.552022,2.432068,-1.690287,-2.038582,1.306623,0.849665,0.133319,0.044106,0.383874,-0.023751,-0.276687,-1.015644,0.081743
11.886060,1.039251,0.954235,1.270842,-0.343558,-1.097002,-1.027565,0.496139,0.647208,-0.095700,0.783766,0.118119,-0.608610,-0.551948,0.280435,-2.618032,-0.551979,2.432457,-1.690315,-2.038866,1.305629,0.849736,0.132198,0.044316,0.385492,-0.025269,-0.279404,-1.011555,0.078871
11.887040,1.028981,0.953606,1.277946,-0.342817,-1.098200,-1.035224,0.495338,0.645123,-0.081808,0.779415,0.123902,-0.610003,-0.551387,0.280293,-2.617897,-0.551936,2.432838,-1.690339,-2.039152,1.304627,0.849809,0.132846,0.044209,0.383452,-0.024553,-0.279215,-1.009150,0.077658
11.888013,1.023657,0.951708,1.279108,-0.341543,-1.100698,-1.035177,0.496275,0.642594,-0.071131,0.776039,0.128293,-0.611067,-0.550835,0.280220,-2.617751,-0.551891,2.433207,-1.690366,-2.039424,1.303632,0.849890,0.136871,0.044549,0.378802,-0.025404,-0.277479,-1.000320,0.079125
11.889095,1.021357,0.951783,1.275376,-0.343931,-1.101425,-1.037081,0.496940,0.638897,-0.064652,0.773512,0.130717,-0.611794,-0.550315,0.280230,-2.617611,-0.551845,2.433580,-1.690394,-2.039696,1.302645,0.849963,0.138430,0.045521,0.377113,-0.026735,-0.274434,-0.999355,0.077088
11.889990,1.019054,0.948127,1.272770,-0.344178,-1.099231,-1.034700,0.498617,0.632550,-0.062415,0.770788,0.130846,-0.612168,-0.549964,0.280294,-2.617473,-0.551798,2.433962,-1.690416,-2.039964,1.301646,0.850033,0.138572,0.045536,0.378130,-0.024604,-0.273488,-0.996813,0.075664
11.890978,1.017434,0.947704,1.275134,-0.343676,-1.098418,-1.030749,0.498723,0.622341,-0.065154,0.767148,0.127394,-0.612012,-0.549831,0.280384,-2.617336,-0.551747,2.434335,-1.690440,-2.040246,1.300658,0.850100,0.138632,0.047283,0.378017,-0.024471,-0.274901,-0.997750,0.072168
11.892080,1.009689,0.952413,1.276055,-0.343946,-1.098307,-1.038105,0.499202,0.611208,-0.074746,0.765076,0.119931,-0.611297,-0.549652,0.280492,-2.617198,-0.551698,2.434708,-1.690466,-2.040523,1.299656,0.850168,0.138399,0.047465,0.375725,-0.025103,-0.275150,-1.000610,0.071880
11.893074,1.006499,0.951926,1.271622,-0.344306,-1.098080,-1.040836,0.500163,0.601385,-0.088590,0.765247,0.110585,-0.610231,-0.549389,0.280616,-2.617051,-0.551658,2.435076,-1.690491,-2.040794,1.298668,0.850235,0.141210,0.045244,0.374646,-0.025037,-0.275031,-0.992691,0.070830
11.893975,1.007735,0.948802,1.268584,-0.345165,-1.096315,-1.043270,0.500049,0.587999,-0.099834,0.762111,0.101629,-0.608888,-0.549567,0.280750,-2.616907,-0.551611,2.435451,-1.690515,-2.041066,1.297696,0.850299,0.141676,0.045519,0.375783,-0.024848,-0.274768,-0.989100,0.068804
11.895094,1.002257,0.948309,1.271566,-0.345252,-1.098212,-1.046239,0.501187,0.569388,-0.107377,0.753945,0.093125,-0.607229,-0.550367,0.280887,-2.616769,-0.551561,2.435830,-1.690537,-2.041341,1.296713,0.850369,0.139932,0.047010,0.375844,-0.024141,-0.275826,-0.985240,0.068927
11.896066,1.001931,0.947431,1.267708,-0.345265,-1.099340,-1.038391,0.500915,0.550246,-0.115401,0.745075,0.084103,-0.605297,-0.551529,0.281027,-2.616624,-0.551512,2.436196,-1.690562,-2.041615,1.295747,0.850428,0.141652,0.047313,0.373773,-0.024305,-0.273671,-0.982041,0.066573
11.896952,0.994511,0.942727,1.268862,-0.344251,-1.099720,-1.036273,0.502218,0.533506,-0.125900,0.738190,0.074433,-0.603239,-0.552942,0.281178,-2.616484,-0.551464,2.436574,-1.690585,-2.041885,1.294749,0.850495,0.140718,0.047729,0.374524,-0.024464,-0.272034,-0.988818,0.067036
11.898029,0.993995,0.942063,1.262355,-0.343207,-1.098205,-1.031824,0.502984,0.519401,-0.140094,0.733947,0.063876,-0.601176,-0.554514,0.281353,-2.616336,-0.551410,2.436938,-1.690613,-2.042153,1.293746,0.850554,0.143228,0.049963,0.372591,-0.025470,-0.270972,-0.989257,0.064313
11.899062,0.990673,0.941830,1.261648,-0.341603,-1.099648,-1.032740,0.503165,0.506245,-0.158627,0.731335,0.052106,-0.599150,-0.556228,0.281547,-2.616197,-0.551357,2.437322,-1.690642,-2.042430,1.292754,0.850613,0.142454,0.050268,0.374976,-0.026633,-0.272166,-0.993133,0.062733
11.899982,0.984970,0.941351,1.262587,-0.344378,-1.098238,-1.032312,0.503933,0.492606,-0.178183,0.728101,0.040979,-0.597325,-0.558296,0.281750,-2.616051,-0.551308,2.437699,-1.690672,-2.042700,1.291756,0.850672,0.143014,0.050387,0.374317,-0.028287,-0.270308,-0.991300,0.062316
11.901060,0.980999,0.944567,1.262865,-0.343749,-1.096146,-1.026220,0.503440,0.478240,-0.196640,0.723349,0.031323,-0.595743,-0.560771,0.281970,-2.615902,-0.551258,2.438066,-1.690693,-2.042969,1.290778,0.850732,0.144657,0.050566,0.372583,-0.025663,-0.271126,-0.990437,0.060682
11.901960,0.985779,0.945781,1.257060,-0.343121,-1.096883,-1.024983,0.504209,0.462253,-0.214388,0.716907,0.021674,-0.594211,-0.563488,0.282224,-2.615756,-0.551213,2.438436,-1.690722,-2.043248,1.289769,0.850793,0.145551,0.049016,0.371714,-0.026434,-0.272869,-0.995893,0.061630
11.902971,0.984370,0.941889,1.255524,-0.342804,-1.096906,-1.019783,0.505265,0.447078,-0.228812,0.709782,0.013763,-0.592885,-0.566461,0.282498,-2.615621,-0.551165,2.438806,-1.690752,-2.043516,1.288763,0.850850,0.142050,0.048367,0.373280,-0.027031,-0.271439,-0.995502,0.059986
11.904012,0.979247,0.945869,1.258688,-0.345067,-1.095926,-1.016108,0.507139,0.438578,-0.239146,0.705548,0.010041,-0.592052,-0.569567,0.282744,-2.615482,-0.551111,2.439179,-1.690781,-2.043784,1.287762,0.850904,0.141743,0.050277,0.373030,-0.027397,-0.271020,-0.999766,0.057821
11.904973,0.977290,0.946654,1.261179,-0.345764,-1.097703,-1.014220,0.506666,0.438231,-0.248747,0.706345,0.008891,-0.591538,-0.572290,0.282929,-2.615334,-0.551065,2.439546,-1.690803,-2.044061,1.286747,0.850951,0.143184,0.048297,0.370587,-0.025352,-0.271586,-1.002501,0.054041
11.906045,0.977281,0.945523,1.261085,-0.345057,-1.101647,-1.020682,0.506362,0.444505,-0.259030,0.711987,0.008200,-0.591065,-0.574134,0.283065,-2.615188,-0.551017,2.439904,-1.690830,-2.044323,1.285741,0.851008,0.142994,0.047897,0.368346,-0.024762,-0.269320,-1.003102,0.054963
11.907024,0.977437,0.945178,1.258285,-0.343829,-1.102574,-1.029768,0.507469,0.458859,-0.269589,0.723408,0.008461,-0.590694,-0.574818,0.283178,-2.615049,-0.550967,2.440269,-1.690858,-2.044584,1.284771,0.851066,0.141983,0.048496,0.367709,-0.025605,-0.265162,-0.996068,0.055513
11.907988,0.972873,0.949536,1.262146,-0.345357,-1.100315,-1.030684,0.507994,0.482864,-0.278694,0.740721,0.011883,-0.590699,-0.574522,0.283240,-2.614910,-0.550918,2.440642,-1.690887,-2.044837,1.283798,0.851117,0.140841,0.048640,0.367997,-0.026865,-0.263930,-0.985967,0.053230
11.909012,0.969996,0.943082,1.266071,-0.347461,-1.104816,-1.031639,0.508913,0.514690,-0.283405,0.761598,0.019672,-0.591194,-0.573769,0.283200,-2.614767,-0.550877,2.441000,-1.690909,-2.045106,1.282826,0.851166,0.142026,0.046507,0.365046,-0.025525,-0.265706,-0.984094,0.052157
11.910049,0.970550,0.943632,1.257564,-0.346155,-1.107301,-1.026598,0.508113,0.552237,-0.286666,0.785957,0.028768,-0.591910,-0.572570,0.283050,-2.614624,-0.550821,2.441361,-1.690929,-2.045359,1.281840,0.851214,0.142372,0.049701,0.362264,-0.023696,-0.260911,-0.982304,0.050290
11.911011,0.968214,0.940173,1.255182,-0.346093,-1.106705,-1.022985,0.509635,0.593892,-0.293948,0.814666,0.035606,-0.592629,-0.570669,0.282820,-2.614483,-0.550774,2.441728,-1.690957,-2.045610,1.280840,0.851270,0.141022,0.049423,0.365734,-0.025145,-0.258269,-0.986557,0.051870
11.912002,0.964636,0.945061,1.258628,-0.347801,-1.103873,-1.029949,0.509488,0.635973,-0.304436,0.844759,0.040365,-0.593470,-0.568201,0.282547,-2.614343,-0.550719,2.442094,-1.690982,-2.045869,1.279859,0.851311,0.141114,0.051071,0.365793,-0.025310,-0.258468,-0.989037,0.048774
11.913098,0.969098,0.944239,1.260301,-0.344934,-1.106945,-1.035788,0.508044,0.675632,-0.315561,0.873406,0.043650,-0.594488,-0.565352,0.282275,-2.614200,-0.550677,2.442454,-1.691003,-2.046130,1.278888,0.851360,0.141805,0.048657,0.363120,-0.023823,-0.260939,-0.981061,0.049070
11.914010,0.969737,0.947223,1.264965,-0.346905,-1.108569,-1.039111,0.508646,0.716567,-0.324849,0.902366,0.047651,-0.595883,-0.562294,0.282055,-2.614066,-0.550629,2.442808,-1.691036,-2.046382,1.277934,0.851416,0.138615,0.049147,0.361803,-0.026763,-0.257755,-0.974960,0.051940
11.915020,0.966501,0.951938,1.261603,-0.346956,-1.106813,-1.035145,0.509578,0.767660,-0.330892,0.937232,0.056042,-0.598107,-0.559116,0.281890,-2.613934,-0.550582,2.443160,-1.691056,-2.046634,1.276965,0.851464,0.137287,0.047598,0.358359,-0.024961,-0.255676,-0.970366,0.050654
11.916098,0.962298,0.954109,1.262829,-0.348700,-1.109970,-1.028089,0.510456,0.829742,-0.332709,0.978538,0.069390,-0.601171,-0.555974,0.281728,-2.613795,-0.550539,2.443517,-1.691080,-2.046891,1.275979,0.851509,0.137885,0.045310,0.359258,-0.025091,-0.257171,-0.973511,0.048771
11.917096,0.960987,0.951323,1.259659,-0.350888,-1.110477,-1.026363,0.508933,0.893086,-0.328030,1.019402,0.085704,-0.604617,-0.553179,0.281543,-2.613654,-0.550498,2.443875,-1.691100,-2.047138,1.274996,0.851551,0.138965,0.044362,0.358031,-0.023678,-0.253919,-0.980055,0.047028
11.917953,0.956070,0.951725,1.259525,-0.350986,-1.111605,-1.021766,0.509016,0.950062,-0.319699,1.055761,0.101097,-0.607847,-0.550580,0.281372,-2.613518,-0.550449,2.444239,-1.691120,-2.047390,1.274009,0.851605,0.138591,0.045773,0.358686,-0.021758,-0.253161,-0.980753,0.050070
11.919060,0.955531,0.951440,1.261808,-0.351548,-1.109738,-1.025642,0.509477,0.998054,-0.313183,1.087514,0.111936,-0.610376,-0.547758,0.281261,-2.613375,-0.550404,2.444592,-1.691142,-2.047636,1.273013,0.851653,0.139880,0.045507,0.357437,-0.021789,-0.251489,-0.983646,0.049821
11.920064,0.951627,0.952209,1.253244,-0.351027,-1.112176,-1.028493,0.509094,1.037858,-0.310255,1.115590,0.117930,-0.612128,-0.544496,0.281205,-2.613239,-0.550359,2.444945,-1.691163,-2.047893,1.272046,0.851701,0.139176,0.045755,0.355857,-0.021536,-0.253316,-0.979394,0.048884
11.920973,0.949922,0.946996,1.251630,-0.351134,-1.113601,-1.025035,0.508603,1.069239,-0.308489,1.138752,0.121006,-0.613258,-0.541051,0.281187,-2.613098,-0.550316,2.445311,-1.691187,-2.048134,1.271078,0.851753,0.140070,0.045427,0.359232,-0.022254,-0.250677,-0.975725,0.049626
11.922068,0.945730,0.947717,1.248457,-0.352047,-1.111064,-1.024994,0.509053,1.089032,-0.305829,1.153876,0.122286,-0.613894,-0.537865,0.281204,-2.612961,-0.550263,2.445665,-1.691208,-2.048381,1.270107,0.851809,0.139831,0.047956,0.358873,-0.022305,-0.248843,-0.977931,0.050539
11.923083,0.941740,0.943745,1.251682,-0.352077,-1.109575,-1.019218,0.510514,1.096625,-0.304341,1.161132,0.120918,-0.614098,-0.535020,0.281234,-2.612817,-0.550216,2.446027,-1.691228,-2.048641,1.269123,0.851855,0.140883,0.047636,0.359885,-0.021743,-0.251282,-0.977477,0.049617
11.924008,0.941621,0.941761,1.244502,-0.352425,-1.108311,-1.017846,0.510100,1.093681,-0.306951,1.162682,0.115639,-0.613907,-0.532379,0.281230,-2.612673,-0.550162,2.446379,-1.691251,-2.048897,1.268123,0.851897,0.141784,0.049583,0.357500,-0.021926,-0.252485,-0.982344,0.046675
11.925129,0.944659,0.944927,1.247830,-0.353821,-1.106363,-1.021608,0.509483,1.083195,-0.315969,1.161265,0.106062,-0.613450,-0.529669,0.281185,-2.612536,-0.550110,2.446742,-1.691273,-2.049150,1.267145,0.851942,0.140750,0.050471,0.359945,-0.021750,-0.253290,-0.982393,0.047511
11.926000,0.942989,0.943739,1.249108,-0.354265,-1.104382,-1.026345,0.509670,1.070630,-0.330461,1.160049,0.094136,-0.613052,-0.526786,0.281147,-2.612402,-0.550062,2.447099,-1.691290,-2.049409,1.266174,0.851992,0.138301,0.048941,0.357795,-0.020771,-0.255180,-0.978323,0.048735
11.927020,0.937711,0.947719,1.255443,-0.353679,-1.104669,-1.034219,0.509250,1.063064,-0.347806,1.162830,0.082822,-0.613074,-0.523792,0.281150,-2.612266,-0.550013,2.447450,-1.691310,-2.049667,1.265226,0.852040,0.138062,0.049465,0.355946,-0.020493,-0.256539,-0.972208,0.048297
11.927941,0.940114,0.946618,1.252093,-0.356168,-1.101215,-1.031114,0.509911,1.063438,-0.365780,1.170939,0.074096,-0.613670,-0.520942,0.281186,-2.612124,-0.549968,2.447797,-1.691333,-2.049921,1.264271,0.852089,0.139646,0.047504,0.352085,-0.021305,-0.255986,-0.963642,0.049121
11.929014,0.936651,0.944624,1.246661,-0.358926,-1.096770,-1.027807,0.509787,1.070335,-0.382372,1.183014,0.068626,-0.614762,-0.518624,0.281227,-2.611990,-0.549918,2.448149,-1.691348,-2.050187,1.263299,0.852138,0.137363,0.048007,0.352743,-0.019137,-0.258883,-0.965590,0.047737
11.930062,0.937002,0.943606,1.241937,-0.356256,-1.097360,-1.023634,0.510391,1.079264,-0.399614,1.196855,0.063380,-0.615825,-0.516876,0.281245,-2.611852,-0.549868,2.448508,-1.691359,-2.050457,1.262331,0.852184,0.138129,0.049026,0.354841,-0.016896,-0.263052,-0.968427,0.047994
11.931049,0.932365,0.943360,1.240619,-0.358477,-1.095925,-1.021943,0.509843,1.083758,-0.418694,1.208386,0.055913,-0.616375,-0.515669,0.281223,-2.611717,-0.549817,2.448872,-1.691386,-2.050721,1.261355,0.852228,0.136966,0.049525,0.356422,-0.019754,-0.262131,-0.971954,0.046769
11.932018,0.927941,0.942267,1.243668,-0.359330,-1.092015,-1.030339,0.509837,1.081140,-0.437393,1.214929,0.047426,-0.616400,-0.514987,0.281158,-2.611575,-0.549767,2.449227,-1.691401,-2.050984,1.260392,0.852277,0.138216,0.049622,0.356192,-0.017884,-0.263179,-0.972740,0.047854
11.933059,0.925526,0.942377,1.238576,-0.358608,-1.094962,-1.034306,0.510618,1.071058,-0.455759,1.216259,0.037577,-0.615775,-0.514625,0.281065,-2.611436,-0.549716,2.449580,-1.691418,-2.051259,1.259443,0.852327,0.139353,0.050119,0.353727,-0.017353,-0.266535,-0.963358,0.047818
11.934000,0.923677,0.943498,1.238202,-0.358751,-1.093467,-1.035248,0.509850,1.053423,-0.473297,1.212104,0.026326,-0.614449,-0.514621,0.280949,-2.611295,-0.549665,2.449935,-1.691439,-2.051518,1.258489,0.852371,0.139508,0.050047,0.355633,-0.018360,-0.263282,-0.958885,0.046237
11.934971,0.920174,0.941642,1.227910,-0.361003,-1.093096,-1.033170,0.510585,1.029271,-0.486470,1.201891,0.016272,-0.612762,-0.515323,0.280806,-2.611155,-0.549618,2.450289,-1.691459,-2.051786,1.257543,0.852422,0.139329,0.049457,0.354764,-0.018454,-0.264255,-0.956966,0.047756
11.936096,0.914151,0.938134,1.229645,-0.359893,-1.091322,-1.027417,0.511519,0.997847,-0.493932,1.184640,0.007811,-0.610849,-0.516970,0.280651,-2.611012,-0.549565,2.450661,-1.691470,-2.052051,1.256581,0.852467,0.139970,0.050330,0.358834,-0.016636,-0.264148,-0.958117,0.046236
11.937031,0.916681,0.933058,1.227378,-0.360751,-1.092109,-1.028662,0.511532,0.956072,-0.498451,1.159171,-0.001676,-0.608509,-0.519480,0.280509,-2.610864,-0.549510,2.451012,-1.691489,-2.052317,1.255600,0.852510,0.141908,0.052078,0.357554,-0.018170,-0.265813,-0.963617,0.044378
11.937985,0.911798,0.937094,1.223325,-0.361967,-1.090001,-1.022921,0.510789,0.908078,-0.505754,1.130058,-0.013925,-0.605779,-0.522343,0.280418,-2.610729,-0.549452,2.451370,-1.691504,-2.052578,1.254647,0.852554,0.139558,0.054469,0.357611,-0.017621,-0.264490,-0.961215,0.044348
11.939136,0.908552,0.937680,1.223007,-0.360724,-1.089921,-1.025189,0.509344,0.860722,-0.518105,1.102603,-0.028434,-0.602916,-0.525196,0.280428,-2.610586,-0.549403,2.451731,-1.691519,-2.052843,1.253665,0.852600,0.140907,0.052371,0.358582,-0.016776,-0.266115,-0.965869,0.045824
11.940127,0.903795,0.939121,1.226723,-0.360964,-1.091216,-1.026837,0.508871,0.813262,-0.530100,1.074630,-0.042877,-0.600152,-0.528262,0.280584,-2.610442,-0.549350,2.452090,-1.691540,-2.053109,1.252713,0.852655,0.141514,0.052129,0.358374,-0.018390,-0.266108,-0.963537,0.048698
11.940996,0.900729,0.935880,1.225251,-0.360200,-1.085876,-1.023408,0.507426,0.765704,-0.536991,1.044669,-0.054571,-0.597777,-0.531764,0.280882,-2.610295,-0.549299,2.452443,-1.691560,-2.053371,1.251757,0.852704,0.142746,0.051355,0.355655,-0.018410,-0.264405,-0.961070,0.049591
11.942081,0.902705,0.936364,1.218455,-0.361949,-1.085142,-1.023384,0.507917,0.721613,-0.540127,1.015615,-0.063151,-0.595920,-0.535549,0.281280,-2.610149,-0.549241,2.452794,-1.691582,-2.053646,1.250783,0.852762,0.143050,0.052811,0.355176,-0.019307,-0.269017,-0.963011,0.052415
11.943086,0.897972,0.939048,1.207493,-0.362913,-1.084571,-1.014621,0.508008,0.682464,-0.542332,0.989320,-0.069919,-0.594465,-0.539452,0.281714,-2.610011,-0.549190,2.453157,-1.691597,-2.053916,1.249820,0.852810,0.141052,0.052565,0.357978,-0.017990,-0.269448,-0.962623,0.051381
11.944042,0.889580,0.939093,1.207252,-0.365440,-1.085505,-1.009652,0.507316,0.643318,-0.541547,0.961601,-0.075503,-0.593223,-0.543693,0.282126,-2.609866,-0.549141,2.453529,-1.691613,-2.054181,1.248834,0.852860,0.142333,0.051205,0.362451,-0.017398,-0.269633,-0.970538,0.051174
11.945112,0.886616,0.942901,1.208634,-0.363538,-1.083906,-1.013175,0.505956,0.594738,-0.534596,0.925051,-0.081268,-0.591908,-0.548350,0.282515,-2.609713,-0.549088,2.453886,-1.691625,-2.054448,1.247865,0.852916,0.145303,0.051112,0.361519,-0.015281,-0.268154,-0.974400,0.052509
11.946028,0.883824,0.941443,1.213905,-0.362129,-1.080390,-1.019554,0.505934,0.534991,-0.521210,0.878517,-0.087659,-0.590500,-0.553067,0.282906,-2.609568,-0.549043,2.454244,-1.691647,-2.054720,1.246899,0.852974,0.145681,0.049266,0.360197,-0.017508,-0.269472,-0.970313,0.055187
11.946996,0.876079,0.943821,1.212310,-0.362284,-1.078560,-1.027377,0.506228,0.473705,-0.501659,0.828523,-0.091542,-0.589492,-0.557468,0.283286,-2.609422,-0.548991,2.454590,-1.691670,-2.054997,1.245939,0.853028,0.145886,0.049929,0.356520,-0.019026,-0.272296,-0.962692,0.055140
11.948078,0.879560,0.945854,1.217224,-0.364569,-1.075676,-1.026608,0.505320,0.417779,-0.476896,0.779886,-0.090959,-0.589176,-0.561430,0.283609,-2.609270,-0.548947,2.454947,-1.691689,-2.055275,1.245004,0.853079,0.148561,0.048749,0.356393,-0.019133,-0.273499,-0.954048,0.054501
11.949043,0.878570,0.945977,1.208654,-0.363499,-1.070902,-1.024401,0.506235,0.369071,-0.448674,0.734509,-0.086745,-0.589473,-0.564952,0.283849,-2.609128,-0.548901,2.455299,-1.691702,-2.055557,1.244048,0.853140,0.145732,0.047810,0.353396,-0.017327,-0.276013,-0.954544,0.056278
11.950093,0.875121,0.943891,1.209173,-0.364982,-1.067274,-1.026627,0.505969,0.331248,-0.419169,0.695752,-0.079648,-0.590377,-0.567932,0.283984,-2.608983,-0.548853,2.455660,-1.691725,-2.055844,1.243087,0.853191,0.145104,0.047740,0.356713,-0.018606,-0.280106,-0.955785,0.054364
11.951122,0.872890,0.943768,1.209192,-0.364699,-1.064730,-1.027785,0.504983,0.302576,-0.390218,0.663006,-0.071052,-0.591714,-0.570401,0.284010,-2.608837,-0.548804,2.456017,-1.691741,-2.056133,1.242144,0.853246,0.145737,0.048807,0.355728,-0.017508,-0.283198,-0.953074,0.054877
11.952014,0.870405,0.947177,1.203604,-0.364563,-1.063041,-1.030881,0.505187,0.279228,-0.364307,0.634396,-0.063155,-0.593159,-0.572326,0.283966,-2.608689,-0.548755,2.456365,-1.691760,-2.056423,1.241191,0.853306,0.145705,0.048867,0.355075,-0.018116,-0.285146,-0.951318,0.056795
11.953140,0.870531,0.947796,1.204321,-0.364816,-1.062497,-1.039233,0.503273,0.259583,-0.340294,0.608443,-0.055586,-0.594646,-0.573759,0.283906,-2.608544,-0.548712,2.456724,-1.691780,-2.056714,1.240261,0.853362,0.145756,0.047147,0.356647,-0.018448,-0.285919,-0.947045,0.056286
11.954086,0.871850,0.952108,1.204903,-0.365397,-1.059908,-1.040956,0.504106,0.242199,-0.313504,0.582677,-0.045953,-0.596278,-0.575055,0.283855,-2.608402,-0.548667,2.457083,-1.691797,-2.057003,1.239338,0.853429,0.144670,0.046965,0.355819,-0.018613,-0.286097,-0.938701,0.060073
11.954969,0.864285,0.952429,1.204011,-0.364062,-1.058322,-1.043800,0.503493,0.230576,-0.282581,0.559201,-0.032663,-0.598195,-0.576367,0.283797,-2.608262,-0.548627,2.457433,-1.691814,-2.057290,1.238400,0.853485,0.142908,0.044851,0.354560,-0.018329,-0.287965,-0.936103,0.058287
11.956124,0.867392,0.951552,1.197481,-0.366464,-1.055601,-1.037028,0.503887,0.226537,-0.247622,0.539653,-0.015356,-0.600448,-0.577829,0.283695,-2.608114,-0.548583,2.457790,-1.691838,-2.057584,1.237480,0.853549,0.145502,0.044700,0.353764,-0.019776,-0.288585,-0.932107,0.059430
11.957114,0.867980,0.953215,1.193704,-0.368369,-1.053784,-1.031886,0.503983,0.225534,-0.210428,0.521859,0.003825,-0.602769,-0.579550,0.283532,-2.607975,-0.548538,2.458155,-1.691851,-2.057879,1.236524,0.853608,0.142949,0.045263,0.356648,-0.017902,-0.290972,-0.938991,0.058575
11.958008,0.866730,0.953036,1.186446,-0.369342,-1.050672,-1.027807,0.503199,0.225161,-0.175349,0.505783,0.021400,-0.604767,-0.581245,0.283305,-2.607838,-0.548496,2.458515,-1.691864,-2.058176,1.235581,0.853668,0.141636,0.044490,0.357584,-0.016420,-0.292034,-0.943365,0.058317
11.959101,0.864697,0.953601,1.188698,-0.368007,-1.051753,-1.029354,0.503055,0.224685,-0.144554,0.491745,0.035432,-0.606210,-0.582599,0.283045,-2.607697,-0.548451,2.458883,-1.691879,-2.058475,1.234628,0.853730,0.141128,0.044560,0.359881,-0.015767,-0.294169,-0.946145,0.059800
11.959989,0.861328,0.959019,1.189104,-0.366035,-1.052206,-1.032165,0.500257,0.223533,-0.117486,0.479164,0.046405,-0.607140,-0.583478,0.282820,-2.607556,-0.548407,2.459234,-1.691902,-2.058768,1.233680,0.853791,0.141070,0.044333,0.357955,-0.017343,-0.292390,-0.943822,0.059997
11.961054,0.859750,0.956119,1.182498,-0.366822,-1.053242,-1.032050,0.500738,0.224540,-0.090692,0.468924,0.057965,-0.608023,-0.583963,0.282684,-2.607415,-0.548372,2.459587,-1.691924,-2.059060,1.232753,0.853868,0.141558,0.041640,0.356226,-0.019371,-0.290792,-0.939302,0.065465
11.961998,0.858755,0.956545,1.180885,-0.367991,-1.052143,-1.026470,0.500133,0.228161,-0.060614,0.460345,0.072913,-0.609205,-0.584338,0.282634,-2.607276,-0.548325,2.459950,-1.691941,-2.059349,1.231815,0.853930,0.141258,0.043116,0.358465,-0.018873,-0.288993,-0.938474,0.064342
11.962984,0.860903,0.951560,1.174723,-0.370626,-1.050375,-1.023580,0.500641,0.231968,-0.029933,0.452729,0.089077,-0.610480,-0.584568,0.282622,-2.607135,-0.548283,2.460306,-1.691958,-2.059634,1.230875,0.853999,0.140582,0.042867,0.357861,-0.017931,-0.289144,-0.942580,0.065432
11.964084,0.856094,0.952490,1.175991,-0.372091,-1.050252,-1.019161,0.498952,0.236766,-0.005750,0.448955,0.102154,-0.611464,-0.584225,0.282613,-2.607003,-0.548234,2.460670,-1.691968,-2.059925,1.229923,0.854062,0.138449,0.045302,0.359599,-0.015698,-0.289975,-0.944038,0.064281
11.965056,0.852945,0.948472,1.173565,-0.372344,-1.050120,-1.019611,0.497617,0.243556,0.006501,0.451426,0.108797,-0.611847,-0.582928,0.282610,-2.606861,-0.548189,2.461025,-1.691981,-2.060218,1.228962,0.854138,0.139792,0.044838,0.358031,-0.014658,-0.289356,-0.947509,0.067557
11.965965,0.852085,0.945998,1.168517,-0.371399,-1.048521,-1.025440,0.497244,0.250656,0.006020,0.459176,0.108058,-0.611510,-0.580577,0.282648,-2.606719,-0.548140,2.461384,-1.691995,-2.060504,1.228010,0.854213,0.140190,0.046784,0.357915,-0.014740,-0.288567,-0.945537,0.070060
11.966980,0.846745,0.949713,1.172280,-0.370937,-1.048488,-1.030342,0.496084,0.256844,-0.004916,0.470289,0.101536,-0.610571,-0.577388,0.282740,-2.606583,-0.548090,2.461748,-1.692014,-2.060796,1.227094,0.854286,0.139470,0.047882,0.358867,-0.015848,-0.289079,-0.938129,0.070626
11.968075,0.840905,0.947997,1.168898,-0.372313,-1.048789,-1.032556,0.495368,0.262433,-0.020909,0.482919,0.092936,-0.609347,-0.573948,0.282876,-2.606437,-0.548047,2.462096,-1.692034,-2.061081,1.226169,0.854364,0.140973,0.045995,0.355869,-0.016524,-0.288271,-0.932118,0.072797
11.968979,0.836501,0.946369,1.164231,-0.372308,-1.051069,-1.028503,0.494775,0.265455,-0.036324,0.494024,0.084821,-0.608023,-0.570928,0.283044,-2.606293,-0.547998,2.462453,-1.692047,-2.061367,1.225251,0.854439,0.142762,0.046858,0.356656,-0.015537,-0.287299,-0.929205,0.074076
11.969973,0.832777,0.942789,1.155373,-0.373575,-1.050918,-1.022889,0.493779,0.260964,-0.050134,0.500042,0.076353,-0.606484,-0.568679,0.283225,-2.606146,-0.547949,2.462813,-1.692062,-2.061642,1.224313,0.854514,0.143698,0.047540,0.357430,-0.015797,-0.284051,-0.931630,0.075087
11.971046,0.832586,0.941957,1.153160,-0.374352,-1.048246,-1.021715,0.493183,0.244999,-0.063875,0.498668,0.065827,-0.604603,-0.567187,0.283401,-2.606002,-0.547895,2.463174,-1.692075,-2.061925,1.223378,0.854595,0.144375,0.049207,0.360581,-0.014875,-0.283377,-0.935994,0.076907
11.972114,0.825827,0.943217,1.152461,-0.376352,-1.049889,-1.026368,0.492159,0.217879,-0.079372,0.490446,0.052290,-0.602346,-0.566157,0.283562,-2.605862,-0.547842,2.463537,-1.692090,-2.062212,1.222442,0.854674,0.143354,0.049527,0.360569,-0.014463,-0.285355,-0.936191,0.077930
11.973021,0.817567,0.944632,1.161096,-0.375583,-1.048954,-1.031946,0.492511,0.183090,-0.096759,0.477561,0.036149,-0.599785,-0.565298,0.283704,-2.605711,-0.547794,2.463894,-1.692100,-2.062488,1.221518,0.854758,0.145550,0.048860,0.359894,-0.012938,-0.283039,-0.930593,0.079803
11.973978,0.815242,0.940429,1.161740,-0.376939,-1.048061,-1.036929,0.491086,0.143853,-0.114090,0.461571,0.018971,-0.597090,-0.564508,0.283827,-2.605559,-0.547748,2.464238,-1.692115,-2.062773,1.220615,0.854838,0.148358,0.048067,0.354170,-0.013984,-0.282963,-0.923547,0.078880
11.975099,0.819183,0.939784,1.153196,-0.379121,-1.047858,-1.038067,0.491106,0.105665,-0.132293,0.446542,0.001739,-0.594432,-0.563635,0.283930,-2.605409,-0.547695,2.464590,-1.692126,-2.063056,1.219710,0.854924,0.148221,0.050054,0.352587,-0.012986,-0.282934,-0.917316,0.081560
11.976115,0.817375,0.936383,1.153218,-0.379284,-1.046811,-1.037313,0.491370,0.073885,-0.154340,0.436844,-0.015847,-0.591789,-0.562652,0.284022,-2.605271,-0.547644,2.464949,-1.692133,-2.063333,1.218806,0.855007,0.145173,0.050317,0.356024,-0.011378,-0.282603,-0.915693,0.081320
11.977038,0.815615,0.935723,1.150750,-0.381071,-1.048312,-1.030162,0.490856,0.050425,-0.180911,0.433690,-0.033850,-0.589058,-0.561830,0.284102,-2.605125,-0.547588,2.465301,-1.692146,-2.063618,1.217881,0.855087,0.144912,0.051890,0.354837,-0.011609,-0.282842,-0.915344,0.080612
11.977982,0.810960,0.933442,1.148266,-0.382017,-1.049515,-1.024462,0.490557,0.036167,-0.212425,0.437772,-0.052293,-0.586165,-0.561265,0.284156,-2.604979,-0.547537,2.465652,-1.692153,-2.063891,1.216942,0.855172,0.144550,0.052059,0.354691,-0.010261,-0.280421,-0.920944,0.081449
11.978980,0.808147,0.933305,1.146413,-0.382126,-1.054003,-1.022820,0.488078,0.029136,-0.249169,0.447996,-0.071966,-0.582945,-0.560824,0.284199,-2.604834,-0.547483,2.466007,-1.692163,-2.064168,1.216020,0.855257,0.145664,0.053050,0.354554,-0.009712,-0.278345,-0.925225,0.081839
11.980090,0.805412,0.931629,1.143187,-0.380587,-1.055288,-1.025065,0.488194,0.025593,-0.289134,0.461254,-0.092669,-0.579323,-0.560499,0.284281,-2.604685,-0.547429,2.466365,-1.692173,-2.064428,1.215090,0.855354,0.145833,0.052974,0.354233,-0.010030,-0.273215,-0.925605,0.086592
11.980978,0.800276,0.935238,1.141322,-0.383107,-1.059226,-1.022821,0.487699,0.023663,-0.328029,0.474715,-0.111947,-0.575520,-0.560552,0.284434,-2.604538,-0.547372,2.466720,-1.692189,-2.064693,1.214177,0.855439,0.146042,0.053713,0.354976,-0.011959,-0.271535,-0.922694,0.086128
11.981958,0.797596,0.934840,1.137716,-0.384050,-1.060519,-1.018269,0.487401,0.021241,-0.361147,0.485306,-0.127592,-0.571760,-0.561356,0.284624,-2.604389,-0.547326,2.467076,-1.692195,-2.064951,1.213250,0.855528,0.147315,0.051775,0.354340,-0.009856,-0.266757,-0.923281,0.086901
11.983117,0.796917,0.936727,1.132620,-0.384569,-1.062829,-1.012001,0.486253,0.015570,-0.386299,0.490614,-0.139847,-0.568056,-0.563058,0.284818,-2.604241,-0.547271,2.467429,-1.692202,-2.065216,1.212309,0.855616,0.147415,0.051849,0.354905,-0.009399,-0.264801,-0.926495,0.087285
11.984000,0.794317,0.936713,1.123352,-0.386236,-1.065991,-1.010853,0.486317,0.006083,-0.403390,0.490379,-0.149286,-0.564476,-0.565561,0.285005,-2.604097,-0.547222,2.467789,-1.692214,-2.065471,1.211374,0.855708,0.146651,0.050905,0.356686,-0.009389,-0.262249,-0.932238,0.089393
11.984965,0.793767,0.936813,1.122928,-0.385945,-1.065547,-1.005177,0.487105,-0.008148,-0.411812,0.483735,-0.155845,-0.561136,-0.568806,0.285172,-2.603951,-0.547173,2.468155,-1.692220,-2.065724,1.210437,0.855796,0.146699,0.050775,0.359638,-0.008163,-0.258305,-0.931549,0.089015
11.985975,0.795315,0.938703,1.120461,-0.384642,-1.066900,-1.006275,0.485491,-0.026721,-0.412212,0.471049,-0.159794,-0.558106,-0.572578,0.285304,-2.603806,-0.547121,2.468510,-1.692231,-2.065980,1.209488,0.855882,0.145747,0.050603,0.358493,-0.008840,-0.258164,-0.935796,0.087221
11.987091,0.799098,0.942574,1.124635,-0.387311,-1.070897,-1.008395,0.484157,-0.042582,-0.406216,0.457557,-0.159857,-0.555709,-0.576396,0.285413,-2.603666,-0.547073,2.468871,-1.692244,-2.066236,1.208566,0.855980,0.143844,0.049586,0.358488,-0.010526,-0.256244,-0.933502,0.090250
11.988085,0.802530,0.942413,1.121883,-0.387714,-1.074410,-1.013663,0.484115,-0.045420,-0.394417,0.450508,-0.153564,-0.554386,-0.579832,0.285525,-2.603530,-0.547027,2.469225,-1.692248,-2.066476,1.207638,0.856077,0.140924,0.047674,0.355528,-0.008467,-0.252059,-0.930680,0.092683
11.989055,0.803299,0.941002,1.115869,-0.388144,-1.071963,-1.014120,0.484573,-0.027529,-0.378631,0.455830,-0.140338,-0.554312,-0.582575,0.285623,-2.603397,-0.546981,2.469579,-1.692258,-2.066717,1.206733,0.856167,0.138161,0.047730,0.355729,-0.008506,-0.248121,-0.924283,0.092524
11.989994,0.799971,0.936506,1.111792,-0.389867,-1.075079,-1.013238,0.484241,0.010414,-0.361178,0.473761,-0.121718,-0.555286,-0.584572,0.285663,-2.603264,-0.546932,2.469942,-1.692268,-2.066969,1.205811,0.856254,0.136716,0.048352,0.357355,-0.008508,-0.250046,-0.922581,0.091388
11.990980,0.803081,0.937612,1.106597,-0.392738,-1.075902,-1.012401,0.483697,0.059373,-0.345179,0.499123,-0.101589,-0.556686,-0.585864,0.285638,-2.603125,-0.546876,2.470299,-1.692272,-2.067203,1.204887,0.856348,0.137254,0.050425,0.357965,-0.007296,-0.246404,-0.922025,0.091828
11.992086,0.805409,0.935920,1.103645,-0.392594,-1.078482,-1.016003,0.484413,0.111262,-0.334203,0.527695,-0.084254,-0.557869,-0.586366,0.285564,-2.602997,-0.546828,2.470661,-1.692273,-2.067447,1.203973,0.856442,0.134671,0.049774,0.359231,-0.005054,-0.245134,-0.921682,0.092687
11.993008,0.800373,0.936938,1.100760,-0.392259,-1.080881,-1.016182,0.483274,0.164967,-0.328389,0.558842,-0.070282,-0.558738,-0.586121,0.285441,-2.602869,-0.546776,2.471022,-1.692279,-2.067683,1.203057,0.856529,0.132582,0.050581,0.359742,-0.005817,-0.242394,-0.917378,0.091037
11.993999,0.797779,0.938601,1.100252,-0.391485,-1.081131,-1.018347,0.481928,0.219985,-0.324599,0.591204,-0.057570,-0.559542,-0.585375,0.285275,-2.602731,-0.546728,2.471377,-1.692288,-2.067921,1.202155,0.856627,0.133992,0.049957,0.359740,-0.006569,-0.239458,-0.915835,0.093094
11.995057,0.799658,0.940612,1.099388,-0.392396,-1.080540,-1.023834,0.481391,0.272152,-0.318412,0.620679,-0.044126,-0.560491,-0.584453,0.285104,-2.602598,-0.546682,2.471736,-1.692298,-2.068160,1.201250,0.856724,0.134219,0.049083,0.358703,-0.007774,-0.238815,-0.912551,0.095544
11.995990,0.792019,0.938960,1.102845,-0.391849,-1.081529,-1.025140,0.481442,0.321012,-0.306886,0.646265,-0.028346,-0.561798,-0.583611,0.284936,-2.602468,-0.546635,2.472090,-1.692303,-2.068401,1.200348,0.856823,0.132291,0.048054,0.358122,-0.007424,-0.239123,-0.906240,0.096360
11.996960,0.794159,0.938384,1.097835,-0.393880,-1.081139,-1.021380,0.482980,0.368816,-0.291165,0.670095,-0.010322,-0.563565,-0.582909,0.284723,-2.602329,-0.546585,2.472443,-1.692313,-2.068638,1.199455,0.856915,0.134999,0.048781,0.354975,-0.008373,-0.237605,-0.903681,0.096010
11.998035,0.789315,0.940051,1.094192,-0.395657,-1.079728,-1.018667,0.482435,0.415239,-0.275424,0.693480,0.007577,-0.565654,-0.582173,0.284410,-2.602199,-0.546538,2.472803,-1.692316,-2.068878,1.198540,0.857001,0.132850,0.048993,0.356169,-0.006904,-0.237548,-0.906237,0.092700
11.999014,0.793043,0.941419,1.095060,-0.396837,-1.080839,-1.017016,0.482712,0.457276,-0.262078,0.715258,0.022838,-0.567791,-0.581280,0.284006,-2.602061,-0.546493,2.473158,-1.692318,-2.069122,1.197626,0.857098,0.134243,0.048162,0.357011,-0.005799,-0.238684,-0.908150,0.093595
11.999985,0.791848,0.941369,1.093187,-0.395639,-1.078702,-1.016464,0.482923,0.494169,-0.250795,0.734910,0.034923,-0.569839,-0.580199,0.283575,-2.601937,-0.546448,2.473510,-1.692324,-2.069353,1.196721,0.857190,0.131381,0.047443,0.355315,-0.005146,-0.237191,-0.908630,0.092798
12.001066,0.786560,0.941751,1.096162,-0.398318,-1.078585,-1.015922,0.481280,0.531535,-0.241244,0.756175,0.045672,-0.571995,-0.578777,0.283160,-2.601806,-0.546401,2.473866,-1.692334,-2.069592,1.195810,0.857282,0.130967,0.047417,0.354958,-0.006778,-0.238907,-0.907942,0.092148
12.001975,0.787735,0.943246,1.092946,-0.395878,-1.081420,-1.012094,0.481005,0.571338,-0.233873,0.780536,0.055712,-0.574246,-0.576875,0.282804,-2.601672,-0.546357,2.474209,-1.692334,-2.069833,1.194911,0.857383,0.132622,0.047245,0.352631,-0.004771,-0.238758,-0.907811,0.095223
12.002963,0.784566,0.943153,1.090354,-0.397235,-1.080065,-1.012646,0.480056,0.611440,-0.228302,0.806516,0.064976,-0.576447,-0.574477,0.282558,-2.601546,-0.546313,2.474562,-1.692348,-2.070066,1.193998,0.857476,0.130988,0.046431,0.352807,-0.007539,-0.235377,-0.910157,0.095505
12.004072,0.779906,0.939940,1.090662,-0.398337,-1.078637,-1.011365,0.481383,0.651225,-0.222161,0.832922,0.075181,-0.578712,-0.571783,0.282416,-2.601412,-0.546264,2.474911,-1.692352,-2.070303,1.193081,0.857576,0.131530,0.046408,0.352922,-0.006707,-0.236381,-0.908371,0.097159
12.005022,0.776272,0.937012,1.089470,-0.399315,-1.077076,-1.006581,0.480839,0.687369,-0.216464,0.857686,0.084985,-0.580800,-0.568915,0.282318,-2.601276,-0.546214,2.475263,-1.692358,-2.070546,1.192181,0.857664,0.132843,0.048005,0.351925,-0.006216,-0.237593,-0.909118,0.094264
12.005966,0.773516,0.929180,1.083584,-0.403362,-1.076943,-1.006290,0.480989,0.716484,-0.216585,0.880095,0.090324,-0.582215,-0.565640,0.282213,-2.601140,-0.546163,2.475615,-1.692363,-2.070782,1.191260,0.857764,0.133551,0.049335,0.351193,-0.005769,-0.238686,-0.912551,0.095126
12.007078,0.768917,0.930571,1.083287,-0.402333,-1.079014,-1.010571,0.479824,0.736791,-0.228643,0.900644,0.087168,-0.582524,-0.561609,0.282100,-2.601009,-0.546105,2.475966,-1.692359,-2.071022,1.190360,0.857858,0.133861,0.053066,0.352837,-0.002405,-0.238296,-0.911520,0.094573
12.008081,0.763008,0.933314,1.086208,-0.400301,-1.079788,-1.012528,0.479945,0.746172,-0.253996,0.917958,0.074115,-0.581567,-0.556905,0.282009,-2.600872,-0.546055,2.476313,-1.692367,-2.071256,1.189456,0.857960,0.135139,0.052296,0.352195,-0.004036,-0.236087,-0.906626,0.096679
12.009004,0.752762,0.932317,1.090199,-0.402848,-1.079877,-1.014017,0.479686,0.745174,-0.283814,0.929476,0.056800,-0.579964,-0.552280,0.281946,-2.600732,-0.546007,2.476655,-1.692379,-2.071487,1.188548,0.858057,0.136970,0.050861,0.349671,-0.006476,-0.235021,-0.903618,0.096166
12.010139,0.753648,0.932328,1.091864,-0.399481,-1.080092,-1.013425,0.478839,0.735172,-0.310403,0.933905,0.040178,-0.578284,-0.548331,0.281899,-2.600584,-0.545956,2.476997,-1.692379,-2.071721,1.187661,0.858155,0.140853,0.051237,0.346374,-0.004500,-0.234442,-0.900836,0.096433
12.011126,0.750746,0.926907,1.089611,-0.401316,-1.081106,-1.014701,0.479297,0.719237,-0.333655,0.933461,0.025076,-0.576711,-0.545097,0.281857,-2.600447,-0.545905,2.477345,-1.692394,-2.071954,1.186761,0.858255,0.139334,0.051209,0.344848,-0.008316,-0.234167,-0.901009,0.097902
12.012038,0.748944,0.923874,1.084994,-0.403732,-1.079077,-1.012753,0.478555,0.703931,-0.355608,0.933057,0.012528,-0.575525,-0.542461,0.281807,-2.600306,-0.545846,2.477685,-1.692397,-2.072185,1.185870,0.858351,0.139649,0.053741,0.344929,-0.007032,-0.232806,-0.898675,0.096715
12.013109,0.747226,0.928480,1.080883,-0.406247,-1.078672,-1.011046,0.478746,0.690624,-0.380695,0.934669,0.000196,-0.574523,-0.540173,0.281747,-2.600168,-0.545789,2.478034,-1.692397,-2.072426,1.184970,0.858451,0.139387,0.055031,0.345843,-0.005219,-0.234271,-0.899229,0.097956
12.013997,0.742762,0.928871,1.080480,-0.405526,-1.078629,-1.015924,0.478470,0.675254,-0.409460,0.935614,-0.014548,-0.573262,-0.538140,0.281690,-2.600028,-0.545741,2.478381,-1.692397,-2.072658,1.184067,0.858548,0.139158,0.052669,0.347009,-0.003426,-0.234484,-0.900195,0.097320
12.015016,0.737865,0.931172,1.084866,-0.406651,-1.077218,-1.020720,0.477699,0.655225,-0.435494,0.932209,-0.029692,-0.571760,-0.536651,0.281639,-2.599887,-0.545690,2.478724,-1.692404,-2.072897,1.183191,0.858648,0.140206,0.052340,0.345781,-0.004591,-0.233908,-0.893867,0.097611
12.016055,0.735423,0.931659,1.079353,-0.405963,-1.077113,-1.021811,0.477365,0.631592,-0.454256,0.923797,-0.042498,-0.570237,-0.535946,0.281599,-2.599743,-0.545639,2.479062,-1.692408,-2.073132,1.182312,0.858750,0.141487,0.051091,0.342616,-0.004043,-0.235016,-0.888251,0.098901
12.017097,0.735920,0.928134,1.074154,-0.407139,-1.076077,-1.023831,0.475464,0.605848,-0.464340,0.910986,-0.051645,-0.568815,-0.536136,0.281575,-2.599600,-0.545588,2.479404,-1.692416,-2.073363,1.181422,0.858847,0.141545,0.050770,0.344487,-0.005257,-0.234878,-0.886390,0.099320
12.018091,0.732393,0.923924,1.071111,-0.405551,-1.076736,-1.022222,0.475863,0.577706,-0.466282,0.893585,-0.057184,-0.567489,-0.537300,0.281562,-2.599462,-0.545532,2.479756,-1.692420,-2.073598,1.180551,0.858957,0.140200,0.052420,0.346050,-0.004680,-0.235650,-0.883690,0.102863
12.019108,0.726990,0.920690,1.067146,-0.409096,-1.078558,-1.020414,0.474546,0.548047,-0.464430,0.873256,-0.060684,-0.566194,-0.539280,0.281540,-2.599319,-0.545477,2.480104,-1.692429,-2.073833,1.179663,0.859058,0.140816,0.054381,0.346412,-0.006728,-0.234611,-0.884337,0.101757
12.020088,0.724086,0.924829,1.063422,-0.409150,-1.077086,-1.018609,0.474833,0.515984,-0.464160,0.850998,-0.065050,-0.564726,-0.541762,0.281495,-2.599175,-0.545419,2.480450,-1.692427,-2.074060,1.178784,0.859170,0.142356,0.055822,0.347361,-0.003869,-0.232538,-0.885318,0.104125
12.021009,0.724879,0.920013,1.060287,-0.410013,-1.074765,-1.015099,0.473724,0.477900,-0.466042,0.824745,-0.072123,-0.562890,-0.544683,0.281436,-2.599032,-0.545369,2.480801,-1.692432,-2.074294,1.177894,0.859273,0.142617,0.053620,0.347992,-0.004377,-0.233663,-0.886051,0.103244
12.022026,0.721980,0.923594,1.057554,-0.410260,-1.071370,-1.016914,0.472628,0.435427,-0.467850,0.795066,-0.080780,-0.560866,-0.548050,0.281369,-2.598891,-0.545308,2.481147,-1.692436,-2.074530,1.177003,0.859382,0.141017,0.055812,0.348221,-0.004047,-0.235466,-0.888257,0.105186
12.023035,0.724031,0.923065,1.055134,-0.408736,-1.070837,-1.015822,0.472116,0.393827,-0.469134,0.765334,-0.089482,-0.558959,-0.551719,0.281297,-2.598750,-0.545257,2.481497,-1.692443,-2.074774,1.176124,0.859491,0.141354,0.053897,0.348485,-0.004319,-0.238469,-0.885555,0.107088
12.023991,0.720341,0.921482,1.054420,-0.409499,-1.067700,-1.012272,0.471339,0.356900,-0.467334,0.737282,-0.095704,-0.557551,-0.555765,0.281222,-2.598612,-0.545202,2.481852,-1.692454,-2.075006,1.175232,0.859601,0.139203,0.054035,0.348524,-0.006257,-0.238666,-0.885729,0.107807
12.024969,0.722444,0.924522,1.046458,-0.410087,-1.064458,-1.014518,0.471959,0.328122,-0.461514,0.712999,-0.097653,-0.556973,-0.560104,0.281121,-2.598472,-0.545146,2.482197,-1.692459,-2.075256,1.174350,0.859710,0.139919,0.054647,0.347646,-0.006014,-0.241243,-0.888180,0.109066
12.025972,0.715187,0.924945,1.039130,-0.411434,-1.062609,-1.014090,0.471175,0.307161,-0.452568,0.692594,-0.096020,-0.557167,-0.564579,0.280972,-2.598338,-0.545097,2.482552,-1.692464,-2.075506,1.173465,0.859814,0.137772,0.053029,0.350383,-0.005947,-0.243937,-0.884830,0.107524
12.027075,0.713222,0.923428,1.040707,-0.412600,-1.061422,-1.011421,0.471532,0.286645,-0.437314,0.670115,-0.091519,-0.557817,-0.569532,0.280776,-2.598192,-0.545046,2.482907,-1.692466,-2.075752,1.172575,0.859924,0.140247,0.052735,0.352857,-0.005214,-0.245313,-0.884326,0.108822
12.028063,0.714576,0.922430,1.038377,-0.412165,-1.060317,-1.009818,0.471972,0.259930,-0.415786,0.641142,-0.086233,-0.558508,-0.575002,0.280561,-2.598053,-0.544992,2.483258,-1.692470,-2.076003,1.171689,0.860029,0.140145,0.053416,0.351175,-0.004706,-0.246187,-0.886516,0.107822
12.028948,0.713131,0.923974,1.038443,-0.410966,-1.059995,-1.008303,0.468823,0.231578,-0.393307,0.610555,-0.081793,-0.559164,-0.580406,0.280342,-2.597919,-0.544940,2.483612,-1.692478,-2.076252,1.170796,0.860134,0.138386,0.053794,0.351124,-0.005619,-0.246782,-0.887065,0.106663
12.030109,0.714695,0.926475,1.035861,-0.410580,-1.060159,-1.006999,0.469293,0.210859,-0.371938,0.585391,-0.076402,-0.560111,-0.585364,0.280142,-2.597780,-0.544888,2.483956,-1.692489,-2.076495,1.169902,0.860261,0.137930,0.052841,0.349651,-0.007158,-0.246433,-0.887069,0.112651
12.031012,0.707883,0.924118,1.032618,-0.410703,-1.059291,-1.006438,0.467175,0.202148,-0.348854,0.567867,-0.066936,-0.561668,-0.589898,0.279977,-2.597648,-0.544840,2.484308,-1.692500,-2.076740,1.169018,0.860367,0.136202,0.051607,0.350279,-0.008065,-0.246138,-0.888146,0.111381
12.032006,0.708814,0.927261,1.029243,-0.410412,-1.059337,-1.008705,0.468173,0.202782,-0.322295,0.555695,-0.052978,-0.563737,-0.594038,0.279828,-2.597507,-0.544785,2.484664,-1.692508,-2.076981,1.168131,0.860493,0.138452,0.052623,0.350388,-0.008335,-0.246403,-0.887309,0.115295
12.033018,0.705501,0.927711,1.027258,-0.413952,-1.060322,-1.013132,0.466675,0.206749,-0.292332,0.544821,-0.036118,-0.565993,-0.597786,0.279669,-2.597375,-0.544741,2.485012,-1.692519,-2.077228,1.167260,0.860603,0.136909,0.051002,0.350928,-0.009032,-0.245862,-0.884127,0.112941
12.033961,0.702271,0.927357,1.025055,-0.416296,-1.060568,-1.015520,0.466612,0.211299,-0.258949,0.533438,-0.017534,-0.568260,-0.601184,0.279470,-2.597235,-0.544692,2.485364,-1.692519,-2.077472,1.166388,0.860725,0.137453,0.050724,0.350789,-0.006137,-0.244446,-0.878864,0.115642
12.035080,0.704358,0.929138,1.019249,-0.416125,-1.058624,-1.014851,0.465590,0.214307,-0.224846,0.521039,-0.000198,-0.570239,-0.604124,0.279226,-2.597096,-0.544641,2.485710,-1.692521,-2.077717,1.165513,0.860838,0.137922,0.050775,0.350609,-0.004393,-0.243643,-0.875361,0.115422
12.036078,0.703706,0.927530,1.021702,-0.415634,-1.056870,-1.020596,0.465134,0.214573,-0.192079,0.507442,0.014116,-0.571836,-0.606527,0.278952,-2.596963,-0.544593,2.486066,-1.692528,-2.077965,1.164650,0.860960,0.135879,0.049881,0.352687,-0.005172,-0.245371,-0.875774,0.117158
12.037058,0.700615,0.930988,1.026927,-0.415145,-1.058253,-1.023336,0.465125,0.216164,-0.160273,0.495135,0.027260,-0.573430,-0.608431,0.278669,-2.596829,-0.544541,2.486416,-1.692537,-2.078209,1.163787,0.861078,0.135155,0.050584,0.350264,-0.006112,-0.246676,-0.869136,0.117732
12.037983,0.701154,0.926804,1.026760,-0.414879,-1.058314,-1.022240,0.464047,0.225695,-0.129971,0.488758,0.041360,-0.575457,-0.609788,0.278383,-2.596696,-0.544495,2.486754,-1.692547,-2.078451,1.162935,0.861195,0.135653,0.048782,0.346573,-0.007029,-0.244798,-0.865595,0.117412
12.039049,0.703685,0.919959,1.026645,-0.415171,-1.058851,-1.028939,0.462365,0.247713,-0.103004,0.492133,0.057120,-0.578167,-0.610423,0.278091,-2.596564,-0.544440,2.487097,-1.692556,-2.078697,1.162074,0.861319,0.134296,0.050727,0.345387,-0.007693,-0.244138,-0.865598,0.119226
12.040058,0.701905,0.924046,1.024223,-0.416982,-1.059269,-1.028929,0.461249,0.284941,-0.085165,0.508764,0.072668,-0.581475,-0.609994,0.277794,-2.596434,-0.544379,2.487434,-1.692563,-2.078935,1.161216,0.861447,0.132044,0.053984,0.344653,-0.007950,-0.243346,-0.858334,0.122244
12.040965,0.694012,0.927320,1.022573,-0.418095,-1.060531,-1.025045,0.460975,0.335813,-0.079561,0.538340,0.085997,-0.585080,-0.608492,0.277476,-2.596304,-0.544332,2.487779,-1.692568,-2.079172,1.160369,0.861573,0.131951,0.051838,0.344819,-0.006678,-0.242574,-0.857729,0.124105
12.042130,0.691930,0.927949,1.020404,-0.418710,-1.057413,-1.028516,0.461206,0.389934,-0.079761,0.572125,0.097214,-0.588625,-0.606492,0.277104,-2.596163,-0.544285,2.488124,-1.692573,-2.079404,1.159504,0.861700,0.134725,0.050109,0.344267,-0.006060,-0.240794,-0.860412,0.124257
12.043051,0.686404,0.929113,1.020157,-0.419253,-1.062794,-1.026657,0.459236,0.435642,-0.078670,0.600452,0.106605,-0.591766,-0.604554,0.276667,-2.596027,-0.544236,2.488468,-1.692580,-2.079654,1.158656,0.861821,0.134755,0.049818,0.344784,-0.006075,-0.243788,-0.856878,0.123467
12.043996,0.681748,0.928790,1.018447,-0.419876,-1.063246,-1.023238,0.459300,0.468754,-0.074158,0.619979,0.114318,-0.594342,-0.602892,0.276200,-2.595888,-0.544189,2.488812,-1.692586,-2.079881,1.157794,0.861956,0.136375,0.049139,0.343580,-0.005992,-0.237891,-0.857627,0.127044
12.045025,0.678295,0.925127,1.018070,-0.417460,-1.066363,-1.021673,0.458880,0.489339,-0.066753,0.630981,0.120421,-0.596345,-0.601422,0.275751,-2.595749,-0.544138,2.489148,-1.692593,-2.080114,1.156925,0.862084,0.137541,0.049187,0.343292,-0.005849,-0.237042,-0.859976,0.126501
12.045987,0.674325,0.923532,1.013557,-0.417202,-1.064483,-1.020789,0.458911,0.499316,-0.058639,0.635343,0.124947,-0.597891,-0.599912,0.275328,-2.595609,-0.544084,2.489488,-1.692607,-2.080342,1.156055,0.862215,0.138148,0.050922,0.342540,-0.008645,-0.233684,-0.860794,0.126971
12.047113,0.667649,0.921540,1.016547,-0.418605,-1.067319,-1.018510,0.459402,0.501258,-0.051863,0.635167,0.128409,-0.599177,-0.598222,0.274912,-2.595469,-0.544031,2.489836,-1.692617,-2.080581,1.155203,0.862340,0.138985,0.051567,0.343578,-0.009289,-0.235138,-0.860754,0.126540
12.048034,0.668533,0.919274,1.014745,-0.418288,-1.066206,-1.017637,0.458832,0.495190,-0.048209,0.630928,0.129961,-0.600164,-0.596262,0.274487,-2.595321,-0.543976,2.490168,-1.692623,-2.080808,1.154330,0.862465,0.141179,0.052485,0.341502,-0.008474,-0.232236,-0.862731,0.125211
12.049006,0.664227,0.915906,1.015260,-0.421245,-1.067482,-1.016382,0.458562,0.483615,-0.050421,0.625251,0.128325,-0.600814,-0.593812,0.274033,-2.595184,-0.543922,2.490511,-1.692632,-2.081042,1.153473,0.862591,0.139569,0.053445,0.341117,-0.009202,-0.232883,-0.862459,0.125998
12.049942,0.666505,0.919196,1.012276,-0.422601,-1.069655,-1.013990,0.457808,0.471960,-0.061555,0.622737,0.122835,-0.601199,-0.590641,0.273545,-2.595042,-0.543864,2.490849,-1.692635,-2.081267,1.152607,0.862716,0.140577,0.054934,0.339759,-0.006804,-0.231280,-0.862767,0.126171
12.051085,0.665901,0.915358,1.014943,-0.423344,-1.069174,-1.016887,0.459109,0.463200,-0.081719,0.625423,0.113482,-0.601361,-0.586732,0.273037,-2.594910,-0.543816,2.491188,-1.692638,-2.081495,1.151748,0.862846,0.138332,0.053162,0.340055,-0.006017,-0.228689,-0.864101,0.127304
12.051984,0.659096,0.918303,1.018630,-0.422343,-1.066417,-1.014686,0.458409,0.460730,-0.108084,0.634706,0.102191,-0.601528,-0.582272,0.272521,-2.594771,-0.543757,2.491525,-1.692644,-2.081724,1.150890,0.862965,0.137615,0.054990,0.338154,-0.005897,-0.229188,-0.860997,0.124347
12.052999,0.658592,0.913631,1.019462,-0.424484,-1.068788,-1.018615,0.458569,0.466553,-0.138106,0.651123,0.090902,-0.601892,-0.577487,0.272005,-2.594625,-0.543706,2.491851,-1.692655,-2.081960,1.150019,0.863091,0.139786,0.053336,0.335121,-0.007265,-0.231404,-0.861936,0.125412
12.054098,0.658059,0.913833,1.017797,-0.422773,-1.068418,-1.019968,0.459670,0.479034,-0.170348,0.673184,0.079996,-0.602404,-0.572578,0.271505,-2.594490,-0.543646,2.492184,-1.692658,-2.082182,1.149176,0.863211,0.138939,0.055515,0.333834,-0.005706,-0.228794,-0.857324,0.124742
12.055053,0.653495,0.908119,1.018235,-0.424810,-1.069459,-1.016356,0.460025,0.497346,-0.204282,0.700061,0.069677,-0.603040,-0.567740,0.271008,-2.594353,-0.543590,2.492519,-1.692670,-2.082410,1.148320,0.863329,0.138170,0.055283,0.334013,-0.007899,-0.229107,-0.855658,0.122206
12.055995,0.650474,0.910894,1.016954,-0.426404,-1.069790,-1.020359,0.461425,0.519871,-0.240005,0.730496,0.059765,-0.603744,-0.563055,0.270493,-2.594214,-0.543528,2.492849,-1.692673,-2.082637,1.147467,0.863448,0.139323,0.057917,0.332741,-0.006381,-0.227683,-0.858368,0.121175
12.056971,0.647170,0.906976,1.013413,-0.427156,-1.071844,-1.021680,0.461042,0.542370,-0.277838,0.761691,0.048630,-0.604213,-0.558499,0.269976,-2.594072,-0.543476,2.493182,-1.692677,-2.082866,1.146614,0.863560,0.139641,0.056347,0.332265,-0.005348,-0.226957,-0.853278,0.118040
12.057984,0.640705,0.904718,1.014756,-0.428029,-1.070932,-1.020400,0.461107,0.560506,-0.315493,0.789977,0.035809,-0.604212,-0.554269,0.269489,-2.593928,-0.543412,2.493511,-1.692679,-2.083088,1.145761,0.863680,0.140111,0.058075,0.333078,-0.005191,-0.224619,-0.851128,0.118499
12.059049,0.637911,0.903427,1.015191,-0.428548,-1.072616,-1.026408,0.461873,0.571186,-0.351790,0.812775,0.021096,-0.603612,-0.550433,0.269063,-2.593781,-0.543352,2.493840,-1.692684,-2.083317,1.144920,0.863791,0.142150,0.058989,0.331529,-0.004894,-0.225284,-0.851808,0.118063
12.059987,0.634857,0.904179,1.012445,-0.430930,-1.075564,-1.027833,0.461711,0.574259,-0.387671,0.830193,0.003992,-0.602362,-0.546862,0.268704,-2.593638,-0.543289,2.494169,-1.692690,-2.083537,1.144082,0.863903,0.142349,0.059386,0.330340,-0.004886,-0.223321,-0.844917,0.116206
12.061016,0.633575,0.905949,1.011009,-0.428888,-1.077149,-1.025579,0.462149,0.571876,-0.421599,0.843173,-0.014332,-0.600624,-0.543699,0.268400,-2.593494,-0.543231,2.494498,-1.692691,-2.083747,1.143256,0.864019,0.142593,0.058719,0.330291,-0.003024,-0.219903,-0.842105,0.116195
12.061990,0.630657,0.903086,1.012611,-0.430306,-1.072657,-1.028951,0.462861,0.566552,-0.449654,0.852239,-0.031141,-0.598783,-0.541234,0.268136,-2.593354,-0.543174,2.494827,-1.692702,-2.083962,1.142413,0.864132,0.142049,0.057611,0.329813,-0.005454,-0.217976,-0.843217,0.114981
12.063088,0.628353,0.904427,1.009550,-0.429815,-1.075196,-1.029515,0.463723,0.562012,-0.470088,0.859377,-0.044292,-0.597220,-0.539559,0.267884,-2.593211,-0.543111,2.495145,-1.692704,-2.084190,1.141572,0.864243,0.142262,0.058751,0.327776,-0.004514,-0.221947,-0.838405,0.113225
12.064007,0.629655,0.898656,1.006621,-0.430143,-1.076362,-1.026693,0.463515,0.560412,-0.484550,0.866443,-0.054130,-0.595960,-0.538630,0.267615,-2.593069,-0.543056,2.495476,-1.692711,-2.084401,1.140747,0.864351,0.142247,0.057898,0.328301,-0.005520,-0.219153,-0.837057,0.111201
12.065056,0.628901,0.898129,1.006205,-0.430892,-1.074480,-1.026927,0.464881,0.562743,-0.495157,0.874549,-0.061348,-0.594967,-0.538356,0.267318,-2.592934,-0.542991,2.495806,-1.692716,-2.084618,1.139905,0.864462,0.140397,0.060442,0.328262,-0.005601,-0.217432,-0.838318,0.111307
12.066020,0.627812,0.891728,1.002489,-0.431662,-1.076441,-1.025031,0.465353,0.572082,-0.505789,0.886742,-0.067014,-0.594241,-0.538457,0.266993,-2.592796,-0.542931,2.496128,-1.692719,-2.084834,1.139062,0.864565,0.139635,0.060437,0.327402,-0.005390,-0.219013,-0.836943,0.108255
12.067041,0.625350,0.893427,1.001943,-0.430466,-1.079114,-1.019789,0.466072,0.589614,-0.520427,0.904893,-0.073078,-0.593622,-0.538690,0.266639,-2.592659,-0.542862,2.496460,-1.692724,-2.085045,1.138233,0.864668,0.138999,0.063273,0.327878,-0.005070,-0.216588,-0.837515,0.107036
12.068001,0.626591,0.892129,1.001405,-0.431198,-1.077447,-1.018611,0.466839,0.613654,-0.539442,0.927938,-0.079917,-0.593044,-0.539017,0.266262,-2.592521,-0.542805,2.496788,-1.692734,-2.085249,1.137382,0.864769,0.139068,0.062157,0.326926,-0.006669,-0.213647,-0.841524,0.105312
12.069081,0.623768,0.895075,0.992479,-0.431867,-1.079466,-1.014847,0.466648,0.644141,-0.559756,0.955001,-0.085601,-0.592699,-0.539545,0.265870,-2.592386,-0.542742,2.497109,-1.692739,-2.085465,1.136545,0.864873,0.137282,0.062503,0.325921,-0.006367,-0.214879,-0.841255,0.103478
12.070013,0.618300,0.895279,0.992129,-0.429889,-1.083702,-1.010969,0.468029,0.678623,-0.576854,0.983113,-0.088534,-0.592629,-0.540569,0.265469,-2.592247,-0.542685,2.497444,-1.692746,-2.085675,1.135692,0.864975,0.137567,0.060807,0.329286,-0.006168,-0.212610,-0.843998,0.103604
12.071093,0.619127,0.897360,0.987191,-0.432519,-1.084695,-1.011761,0.467336,0.709561,-0.585187,1.005474,-0.087508,-0.592775,-0.542475,0.265059,-2.592103,-0.542625,2.497768,-1.692758,-2.085874,1.134833,0.865067,0.139030,0.060420,0.328024,-0.008418,-0.207992,-0.846225,0.100554
12.071987,0.616515,0.893175,0.984330,-0.432236,-1.086640,-1.009049,0.468215,0.733319,-0.582020,1.018839,-0.081672,-0.593198,-0.545402,0.264635,-2.591970,-0.542569,2.498101,-1.692758,-2.086082,1.133998,0.865168,0.137514,0.059188,0.329413,-0.006386,-0.206830,-0.844446,0.101706
12.073023,0.611648,0.897483,0.981841,-0.431603,-1.089342,-1.004702,0.468680,0.751407,-0.570575,1.025194,-0.072582,-0.593820,-0.549124,0.264196,-2.591833,-0.542505,2.498432,-1.692765,-2.086282,1.133145,0.865263,0.137624,0.060946,0.329259,-0.007067,-0.204444,-0.845436,0.099647
12.074061,0.610654,0.899562,0.978881,-0.431958,-1.088526,-1.003556,0.470320,0.764122,-0.553560,1.025581,-0.061481,-0.594587,-0.553417,0.263731,-2.591694,-0.542450,2.498757,-1.692774,-2.086474,1.132295,0.865360,0.138898,0.058555,0.329369,-0.008092,-0.201619,-0.848602,0.098464
12.075030,0.611813,0.898702,0.974389,-0.430813,-1.087904,-1.000257,0.470584,0.770390,-0.528688,1.018766,-0.047197,-0.595631,-0.558333,0.263225,-2.591559,-0.542395,2.499086,-1.692782,-2.086674,1.131446,0.865449,0.138251,0.057337,0.329686,-0.008158,-0.202285,-0.848528,0.094927
12.076019,0.612460,0.900591,0.975942,-0.430592,-1.086881,-0.999028,0.470796,0.772334,-0.495144,1.006016,-0.028780,-0.597067,-0.563798,0.262681,-2.591425,-0.542337,2.499416,-1.692794,-2.086875,1.130583,0.865541,0.136524,0.057523,0.330571,-0.009593,-0.202590,-0.850319,0.094178
12.077005,0.613470,0.898407,0.973455,-0.432938,-1.088743,-1.001483,0.471702,0.776378,-0.456021,0.992593,-0.006120,-0.599037,-0.569345,0.262115,-2.591295,-0.542283,2.499741,-1.692805,-2.087081,1.129740,0.865633,0.135119,0.056365,0.328515,-0.010140,-0.203282,-0.850191,0.093508
12.077991,0.612297,0.898315,0.975959,-0.431566,-1.087754,-1.003218,0.471581,0.788319,-0.415889,0.983866,0.019550,-0.601544,-0.574384,0.261535,-2.591166,-0.542223,2.500072,-1.692810,-2.087278,1.128903,0.865719,0.133534,0.057206,0.328437,-0.008233,-0.201145,-0.846392,0.091455
12.078973,0.611916,0.900952,0.972557,-0.433759,-1.087998,-1.006573,0.471711,0.810509,-0.379312,0.982868,0.046039,-0.604411,-0.578478,0.260935,-2.591033,-0.542166,2.500391,-1.692822,-2.087481,1.128072,0.865812,0.133012,0.056995,0.325973,-0.009945,-0.201855,-0.843390,0.091466
12.079990,0.610919,0.898902,0.972531,-0.435260,-1.087122,-1.010880,0.473319,0.841823,-0.346477,0.989042,0.072803,-0.607549,-0.581611,0.260318,-2.590904,-0.542113,2.500719,-1.692825,-2.087683,1.127235,0.865903,0.132121,0.055474,0.326394,-0.008207,-0.201290,-0.838690,0.090956
12.080952,0.614923,0.895019,0.966356,-0.435580,-1.084735,-1.009717,0.473656,0.878409,-0.316302,0.999654,0.098886,-0.610743,-0.584001,0.259693,-2.590773,-0.542054,2.501048,-1.692833,-2.087888,1.126410,0.865984,0.131543,0.056275,0.325168,-0.007136,-0.201903,-0.833253,0.087511
12.082100,0.609704,0.894539,0.963106,-0.436164,-1.083791,-1.010274,0.474693,0.918383,-0.291621,1.014321,0.121972,-0.613727,-0.585654,0.259076,-2.590653,-0.541994,2.501376,-1.692840,-2.088095,1.125580,0.866069,0.128539,0.057932,0.326919,-0.007223,-0.203913,-0.833112,0.086636
12.083151,0.610220,0.896309,0.963119,-0.434245,-1.084183,-1.012038,0.473668,0.958970,-0.274166,1.031633,0.140708,-0.616363,-0.586601,0.258494,-2.590519,-0.541935,2.501705,-1.692846,-2.088302,1.124744,0.866153,0.130143,0.057968,0.327667,-0.007172,-0.204780,-0.831846,0.084353
12.083975,0.610115,0.896607,0.963427,-0.434529,-1.082981,-1.010244,0.474461,0.995576,-0.260082,1.047415,0.156461,-0.618750,-0.587185,0.257966,-2.590392,-0.541880,2.502025,-1.692862,-2.088502,1.123916,0.866241,0.128836,0.056884,0.326608,-0.009356,-0.204210,-0.829061,0.086218
12.084973,0.610286,0.892985,0.959081,-0.433576,-1.082871,-1.012002,0.474067,1.030386,-0.245216,1.062162,0.172404,-0.621321,-0.587590,0.257490,-2.590268,-0.541823,2.502349,-1.692871,-2.088706,1.123092,0.866324,0.127800,0.056430,0.324765,-0.009316,-0.204818,-0.829040,0.084366
12.085960,0.605114,0.892582,0.953346,-0.433992,-1.080385,-1.014002,0.474119,1.067459,-0.230176,1.078979,0.189412,-0.624309,-0.587618,0.257057,-2.590145,-0.541763,2.502681,-1.692885,-2.088906,1.122265,0.866409,0.126717,0.057998,0.325654,-0.010538,-0.204663,-0.826049,0.084959
12.087013,0.599852,0.892678,0.956142,-0.435008,-1.079927,-1.013744,0.474619,1.102553,-0.216099,1.095311,0.205909,-0.627460,-0.587248,0.256668,-2.590013,-0.541705,2.503006,-1.692896,-2.089117,1.121460,0.866493,0.128225,0.057923,0.327268,-0.010434,-0.206784,-0.822935,0.084626
12.088008,0.604551,0.892893,0.955508,-0.436285,-1.075958,-1.014503,0.474449,1.127778,-0.202380,1.105733,0.219940,-0.630340,-0.586653,0.256326,-2.589879,-0.541647,2.503327,-1.692905,-2.089326,1.120637,0.866572,0.129759,0.057660,0.324793,-0.009823,-0.206978,-0.822237,0.083431
12.088996,0.601037,0.888960,0.956970,-0.436613,-1.074813,-1.015422,0.475961,1.144698,-0.190295,1.111990,0.230517,-0.632819,-0.585731,0.256028,-2.589759,-0.541589,2.503647,-1.692912,-2.089543,1.119811,0.866654,0.126395,0.057306,0.323958,-0.008964,-0.210545,-0.820256,0.083575
12.089984,0.597197,0.889129,0.954240,-0.437299,-1.073194,-1.010929,0.475437,1.161455,-0.183332,1.120752,0.237418,-0.634975,-0.584209,0.255763,-2.589631,-0.541528,2.503966,-1.692922,-2.089756,1.119003,0.866727,0.127138,0.058995,0.322032,-0.008993,-0.211261,-0.818211,0.080347
12.091020,0.593838,0.887358,0.959663,-0.435694,-1.072086,-1.010299,0.476209,1.178891,-0.183506,1.133108,0.239863,-0.636653,-0.581990,0.255544,-2.589502,-0.541470,2.504293,-1.692930,-2.089972,1.118173,0.866808,0.127981,0.058644,0.322134,-0.008704,-0.212447,-0.821492,0.081232
12.092049,0.585134,0.886966,0.961504,-0.436364,-1.071332,-1.009267,0.474995,1.194587,-0.189646,1.147053,0.238298,-0.637784,-0.579158,0.255391,-2.589371,-0.541408,2.504602,-1.692943,-2.090183,1.117355,0.866885,0.128592,0.059268,0.318443,-0.010622,-0.213247,-0.821082,0.079479
12.092993,0.582607,0.883811,0.961438,-0.435672,-1.070420,-1.003679,0.475163,1.207918,-0.200106,1.161729,0.233921,-0.638447,-0.575836,0.255311,-2.589235,-0.541348,2.504917,-1.692953,-2.090399,1.116536,0.866973,0.131827,0.059191,0.316522,-0.010308,-0.213633,-0.821076,0.081719
12.094102,0.577339,0.880373,0.961647,-0.437164,-1.072598,-1.001494,0.475712,1.216585,-0.214450,1.175460,0.226638,-0.638569,-0.572107,0.255288,-2.589101,-0.541284,2.505228,-1.692966,-2.090615,1.115698,0.867053,0.131911,0.060451,0.315351,-0.011259,-0.214037,-0.825232,0.081151
12.095087,0.570579,0.880327,0.952888,-0.437387,-1.072623,-0.998941,0.476552,1.219566,-0.234055,1.187824,0.215611,-0.638090,-0.567894,0.255272,-2.588965,-0.541219,2.505544,-1.692975,-2.090823,1.114871,0.867128,0.133458,0.061892,0.314432,-0.010191,-0.211694,-0.826600,0.079879
12.095992,0.564827,0.878242,0.953675,-0.437637,-1.072071,-0.995763,0.478226,1.212546,-0.257937,1.195291,0.200343,-0.636931,-0.563359,0.255213,-2.588824,-0.541158,2.505870,-1.692984,-2.091035,1.114040,0.867203,0.135625,0.061602,0.317568,-0.010329,-0.211281,-0.827874,0.078012
12.096978,0.565976,0.876075,0.953866,-0.439253,-1.072246,-0.996942,0.476995,1.189052,-0.281682,1.191837,0.181550,-0.635078,-0.558924,0.255098,-2.588681,-0.541094,2.506179,-1.692996,-2.091248,1.113203,0.867272,0.137225,0.062296,0.315841,-0.010327,-0.211294,-0.829438,0.074483
12.097992,0.553278,0.874339,0.960230,-0.437690,-1.069744,-0.999564,0.477960,1.153602,-0.305204,1.180255,0.160247,-0.632815,-0.554568,0.254938,-2.588550,-0.541032,2.506491,-1.693002,-2.091458,1.112384,0.867349,0.135521,0.063080,0.314652,-0.009140,-0.210728,-0.827020,0.076811
12.099020,0.546942,0.873988,0.958254,-0.437764,-1.067604,-0.998592,0.477173,1.114424,-0.330733,1.166619,0.137186,-0.630456,-0.550145,0.254759,-2.588399,-0.540966,2.506797,-1.693015,-2.091675,1.111565,0.867420,0.140613,0.063610,0.310473,-0.011019,-0.212861,-0.823287,0.074680
12.100018,0.547955,0.872006,0.953619,-0.437816,-1.064249,-1.000449,0.478063,1.070526,-0.356516,1.149675,0.113274,-0.628067,-0.545920,0.254595,-2.588253,-0.540901,2.507105,-1.693029,-2.091896,1.110751,0.867499,0.142494,0.063466,0.310562,-0.011223,-0.214581,-0.823284,0.076093
12.101004,0.545862,0.870307,0.955539,-0.438528,-1.062926,-1.001407,0.478113,1.019962,-0.379476,1.127046,0.089775,-0.625674,-0.542295,0.254462,-2.588116,-0.540834,2.507419,-1.693040,-2.092121,1.109934,0.867569,0.140786,0.064106,0.311800,-0.011478,-0.217442,-0.820248,0.074123
12.102121,0.540938,0.867021,0.959145,-0.436525,-1.059564,-0.999944,0.477675,0.968041,-0.399555,1.102053,0.067896,-0.623446,-0.539412,0.254340,-2.587972,-0.540765,2.507722,-1.693051,-2.092338,1.109116,0.867643,0.140595,0.064579,0.309809,-0.011101,-0.218291,-0.818104,0.073861
12.103072,0.539721,0.862604,0.954753,-0.438557,-1.057525,-1.002536,0.478144,0.921401,-0.419224,1.079818,0.048056,-0.621543,-0.537076,0.254214,-2.587828,-0.540697,2.508027,-1.693069,-2.092566,1.108303,0.867721,0.141884,0.065919,0.307333,-0.013357,-0.221346,-0.818926,0.074571
12.104007,0.532280,0.865471,0.956070,-0.436489,-1.055205,-1.005285,0.478360,0.881861,-0.441293,1.062303,0.029381,-0.619863,-0.535029,0.254089,-2.587688,-0.540626,2.508339,-1.693075,-2.092786,1.107490,0.867790,0.141247,0.067706,0.308356,-0.011691,-0.222836,-0.814989,0.073454
12.104988,0.529631,0.864361,0.951238,-0.438987,-1.052464,-1.006810,0.478666,0.846280,-0.464400,1.046869,0.011669,-0.618189,-0.533380,0.253968,-2.587542,-0.540565,2.508641,-1.693093,-2.093013,1.106699,0.867862,0.143702,0.065927,0.306553,-0.013916,-0.224516,-0.811008,0.072852
12.106085,0.522919,0.862929,0.950634,-0.438635,-1.051419,-1.011806,0.478218,0.809649,-0.483052,1.028535,-0.003802,-0.616413,-0.532496,0.253851,-2.587395,-0.540499,2.508950,-1.693101,-2.093245,1.105896,0.867929,0.143704,0.066146,0.307920,-0.011783,-0.226652,-0.808371,0.072089
12.107065,0.523064,0.860310,0.944692,-0.436944,-1.052047,-1.012753,0.478313,0.720233,-0.500639,0.972564,-0.029278,-0.611987,-0.533497,0.253647,-2.587103,-0.540361,2.509570,-1.693134,-2.093699,1.104304,0.868071,0.144475,0.067464,0.309307,-0.014286,-0.226123,-0.800702,0.072482
12.108053,0.522735,0.858338,0.944331,-0.439576,-1.050079,-1.011046,0.478083,0.720233,-0.500639,0.972564,-0.029278,-0.611987,-0.533497,0.253647,-2.587103,-0.540361,2.509570,-1.693134,-2.093699,1.104304,0.868071,0.144475,0.067464,0.309307,-0.014286,-0.226123,-0.800702,0.072482
12.109019,0.519934,0.860438,0.938031,-0.439145,-1.047375,-1.011116,0.479594,0.672005,-0.501525,0.938573,-0.038691,-0.609658,-0.535247,0.253537,-2.586962,-0.540291,2.509878,-1.693142,-2.093930,1.103497,0.868141,0.143419,0.068054,0.308419,-0.012007,-0.227532,-0.801314,0.072789
12.110101,0.515688,0.854254,0.934794,-0.437238,-1.043332,-1.012969,0.480494,0.626901,-0.499583,0.905186,-0.046331,-0.607450,-0.537535,0.253386,-2.586816,-0.540227,2.510190,-1.693158,-2.094165,1.102705,0.868204,0.143556,0.066644,0.310436,-0.012674,-0.229588,-0.800110,0.069599
12.111039,0.513802,0.852876,0.928113,-0.436088,-1.039765,-1.012331,0.479340,0.582732,-0.493609,0.870611,-0.052156,-0.605401,-0.540449,0.253186,-2.586671,-0.540151,2.510504,-1.693177,-2.094406,1.101914,0.868267,0.144461,0.069356,0.311163,-0.014774,-0.233126,-0.797572,0.067690
12.111994,0.513851,0.849222,0.927039,-0.436513,-1.036239,-1.011935,0.480101,0.537012,-0.483823,0.833070,-0.056139,-0.603590,-0.544026,0.252976,-2.586529,-0.540083,2.510824,-1.693195,-2.094646,1.101113,0.868337,0.144138,0.069626,0.313190,-0.016041,-0.235921,-0.796953,0.069872
12.113079,0.516146,0.855122,0.921332,-0.436137,-1.032544,-1.012638,0.480949,0.491802,-0.472550,0.794651,-0.058773,-0.602134,-0.548062,0.252793,-2.586390,-0.540009,2.511134,-1.693211,-2.094889,1.100325,0.868399,0.142904,0.071015,0.312540,-0.015782,-0.238678,-0.796215,0.068178
12.114068,0.513427,0.856473,0.925376,-0.436598,-1.026979,-1.008809,0.482357,0.452069,-0.459283,0.758818,-0.059035,-0.601304,-0.552502,0.252625,-2.586255,-0.539947,2.511453,-1.693229,-2.095139,1.099532,0.868461,0.140647,0.067763,0.314485,-0.016383,-0.241771,-0.794830,0.066366
12.114984,0.514687,0.855909,0.916553,-0.438002,-1.024894,-1.005159,0.482259,0.421546,-0.440193,0.727389,-0.054626,-0.601408,-0.557502,0.252446,-2.586116,-0.539882,2.511759,-1.693242,-2.095397,1.098726,0.868518,0.140832,0.066771,0.311394,-0.016168,-0.246505,-0.797591,0.063430
12.116033,0.514820,0.856814,0.909178,-0.436545,-1.021630,-1.002968,0.483078,0.400743,-0.415494,0.701138,-0.046065,-0.602371,-0.562908,0.252267,-2.585983,-0.539816,2.512078,-1.693256,-2.095650,1.097929,0.868582,0.139030,0.066688,0.314492,-0.014971,-0.247619,-0.799898,0.063510
12.116968,0.518692,0.856403,0.907394,-0.436909,-1.021896,-1.003549,0.483361,0.386169,-0.386575,0.678117,-0.034887,-0.603884,-0.568564,0.252102,-2.585846,-0.539751,2.512401,-1.693278,-2.095905,1.097125,0.868639,0.137837,0.065922,0.317104,-0.016548,-0.250176,-0.801204,0.061754
12.118031,0.518098,0.856154,0.907587,-0.438297,-1.017840,-1.002611,0.483742,0.377038,-0.352823,0.657482,-0.020377,-0.605897,-0.574475,0.251948,-2.585719,-0.539687,2.512716,-1.693294,-2.096154,1.096337,0.868695,0.134806,0.065789,0.316693,-0.016333,-0.249018,-0.799385,0.061087
12.119044,0.514125,0.857215,0.909818,-0.439191,-1.016058,-1.004708,0.483788,0.377907,-0.317382,0.643307,-0.002975,-0.608329,-0.580316,0.251807,-2.585588,-0.539624,2.513031,-1.693308,-2.096412,1.095534,0.868755,0.134066,0.065631,0.315646,-0.015223,-0.252396,-0.799526,0.060216
12.119990,0.519672,0.853709,0.902366,-0.438348,-1.014600,-1.001671,0.483865,0.389396,-0.284231,0.637455,0.014885,-0.610763,-0.585773,0.251699,-2.585452,-0.539560,2.513339,-1.693323,-2.096667,1.094738,0.868813,0.134926,0.064778,0.313536,-0.014591,-0.253378,-0.796435,0.060018
12.121004,0.515249,0.852923,0.895018,-0.437767,-1.013811,-0.997090,0.484873,0.409494,-0.254786,0.639158,0.032008,-0.612895,-0.590806,0.251625,-2.585330,-0.539491,2.513661,-1.693340,-2.096927,1.093944,0.868871,0.131093,0.066157,0.315985,-0.015604,-0.253880,-0.798320,0.059746
12.122034,0.513701,0.847949,0.891393,-0.437808,-1.013303,-0.997192,0.484800,0.434778,-0.228560,0.645844,0.048609,-0.614645,-0.595500,0.251569,-2.585197,-0.539427,2.513986,-1.693357,-2.097178,1.093132,0.868925,0.132250,0.066226,0.318470,-0.016376,-0.253921,-0.801860,0.057619
12.123170,0.515016,0.850134,0.889587,-0.436694,-1.014015,-0.994491,0.484535,0.457781,-0.205103,0.652139,0.063747,-0.615797,-0.599921,0.251538,-2.585068,-0.539354,2.514306,-1.693373,-2.097434,1.092338,0.868985,0.131956,0.068327,0.319181,-0.016540,-0.253670,-0.800829,0.057672
12.124002,0.511724,0.851212,0.885770,-0.436774,-1.013643,-0.991634,0.485025,0.476434,-0.184479,0.656590,0.077169,-0.616386,-0.604000,0.251543,-2.584941,-0.539292,2.514626,-1.693391,-2.097685,1.091530,0.869044,0.130312,0.066964,0.319269,-0.017918,-0.252417,-0.802990,0.058105
12.124986,0.509934,0.848116,0.882126,-0.436276,-1.012474,-0.997918,0.484937,0.493161,-0.163790,0.660072,0.091023,-0.616822,-0.607704,0.251570,-2.584809,-0.539227,2.514945,-1.693409,-2.097935,1.090719,0.869099,0.130799,0.066023,0.319584,-0.017885,-0.251756,-0.804100,0.056992
12.126024,0.507352,0.850175,0.879869,-0.437366,-1.012842,-0.997201,0.485864,0.506710,-0.140793,0.661058,0.105998,-0.617281,-0.611069,0.251587,-2.584681,-0.539160,2.515267,-1.693428,-2.098188,1.089940,0.869154,0.130621,0.067227,0.320180,-0.018506,-0.252122,-0.796761,0.057077
12.127069,0.499784,0.848268,0.877698,-0.439164,-1.015751,-0.998166,0.485860,0.514959,-0.116196,0.658158,0.120931,-0.617713,-0.614079,0.251568,-2.584551,-0.539098,2.515588,-1.693444,-2.098439,1.089141,0.869207,0.130855,0.065900,0.320223,-0.017640,-0.251038,-0.796663,0.055120
12.128090,0.496420,0.850769,0.879681,-0.438691,-1.014085,-1.005772,0.486688,0.514714,-0.090939,0.649514,0.134041,-0.617966,-0.616645,0.251504,-2.584413,-0.539031,2.515907,-1.693457,-2.098676,1.088358,0.869258,0.133515,0.066536,0.320289,-0.016129,-0.247558,-0.794923,0.055068
12.129008,0.499737,0.848556,0.875214,-0.439466,-1.014112,-1.003299,0.488033,0.503314,-0.065406,0.633593,0.144081,-0.617919,-0.618779,0.251403,-2.584279,-0.538968,2.516223,-1.693475,-2.098924,1.087582,0.869310,0.134063,0.064977,0.318211,-0.016817,-0.248574,-0.786435,0.053311
12.130006,0.500938,0.845403,0.873327,-0.440416,-1.013502,-1.002194,0.488435,0.485812,-0.039812,0.613971,0.152157,-0.617813,-0.620536,0.251257,-2.584153,-0.538901,2.516546,-1.693492,-2.099171,1.086789,0.869352,0.131299,0.065715,0.319047,-0.016154,-0.247663,-0.787703,0.050554
12.131142,0.498544,0.846989,0.870965,-0.439839,-1.012277,-1.009040,0.488173,0.471173,-0.017864,0.597757,0.158554,-0.617873,-0.621579,0.251078,-2.584029,-0.538833,2.516861,-1.693504,-2.099419,1.086011,0.869400,0.129702,0.066934,0.318880,-0.015505,-0.247541,-0.787886,0.049698
12.131962,0.496188,0.845538,0.871619,-0.438746,-1.013960,-1.007458,0.487776,0.462518,-0.001639,0.587547,0.163018,-0.618073,-0.621753,0.250917,-2.583898,-0.538770,2.517180,-1.693521,-2.099674,1.085235,0.869450,0.129893,0.065869,0.319281,-0.016373,-0.248214,-0.780583,0.050171
12.133038,0.498051,0.843509,0.874744,-0.438397,-1.011338,-1.008215,0.489262,0.458384,0.012080,0.581383,0.167243,-0.618435,-0.621390,0.250801,-2.583766,-0.538703,2.517490,-1.693539,-2.099916,1.084452,0.869504,0.129880,0.066168,0.317398,-0.017516,-0.245506,-0.780631,0.050854
12.134015,0.495753,0.844116,0.869654,-0.440866,-1.011775,-1.010966,0.489231,0.461694,0.023210,0.581424,0.172330,-0.619060,-0.620442,0.250697,-2.583643,-0.538635,2.517803,-1.693556,-2.100161,1.083684,0.869543,0.127970,0.066862,0.314950,-0.018077,-0.247600,-0.779303,0.047818
12.134981,0.492855,0.838374,0.867373,-0.442435,-1.012394,-1.011440,0.489818,0.474547,0.029364,0.589949,0.177306,-0.619787,-0.618726,0.250549,-2.583515,-0.538571,2.518123,-1.693568,-2.100402,1.082910,0.869591,0.128075,0.066217,0.316308,-0.015877,-0.246434,-0.775562,0.047835
12.135952,0.488835,0.839217,0.865122,-0.442848,-1.012358,-1.011724,0.491081,0.490644,0.029197,0.603059,0.179269,-0.620070,-0.616326,0.250336,-2.583386,-0.538497,2.518437,-1.693580,-2.100646,1.082152,0.869637,0.128441,0.068669,0.316258,-0.014613,-0.245057,-0.774198,0.046581
12.137054,0.483024,0.836292,0.865149,-0.443071,-1.016009,-1.011258,0.491301,0.503177,0.021748,0.616318,0.175886,-0.619510,-0.613328,0.250050,-2.583253,-0.538431,2.518754,-1.693593,-2.100890,1.081381,0.869674,0.129335,0.067853,0.316180,-0.014464,-0.244352,-0.772944,0.044011
12.138081,0.483679,0.836544,0.861226,-0.441950,-1.014658,-1.011558,0.491713,0.508542,0.009004,0.626716,0.167705,-0.618159,-0.609930,0.249704,-2.583118,-0.538358,2.519067,-1.693606,-2.101121,1.080602,0.869717,0.131158,0.068956,0.315343,-0.014581,-0.240284,-0.772896,0.043556
12.139057,0.479627,0.835594,0.861290,-0.443386,-1.016036,-1.009060,0.491666,0.506318,-0.005757,0.633025,0.156976,-0.616352,-0.606419,0.249342,-2.582991,-0.538290,2.519387,-1.693624,-2.101363,1.079843,0.869759,0.129769,0.068472,0.316233,-0.015890,-0.241052,-0.771898,0.042684
12.139981,0.476968,0.832086,0.861198,-0.442807,-1.015930,-1.006067,0.492416,0.499250,-0.020429,0.636472,0.145814,-0.614477,-0.603011,0.248999,-2.582857,-0.538222,2.519700,-1.693637,-2.101598,1.079060,0.869801,0.130680,0.068569,0.315034,-0.014705,-0.239000,-0.773398,0.042736
12.140967,0.475168,0.828346,0.858593,-0.442565,-1.015653,-1.002381,0.491763,0.490039,-0.036197,0.639273,0.134247,-0.612728,-0.599632,0.248696,-2.582726,-0.538147,2.520009,-1.693654,-2.101834,1.078288,0.869842,0.130874,0.069849,0.313852,-0.015452,-0.238381,-0.775240,0.041171
12.142101,0.471692,0.829363,0.852555,-0.447132,-1.015253,-0.998274,0.492668,0.480962,-0.056263,0.643873,0.121435,-0.611217,-0.596017,0.248433,-2.582596,-0.538072,2.520323,-1.693668,-2.102075,1.077503,0.869884,0.130688,0.071270,0.314036,-0.015937,-0.237970,-0.777941,0.042453
12.143082,0.467989,0.829002,0.855032,-0.447851,-1.015750,-0.995753,0.493703,0.469958,-0.081401,0.648991,0.106223,-0.609802,-0.592067,0.248207,-2.582463,-0.538001,2.520643,-1.693672,-2.102314,1.076711,0.869922,0.131381,0.070399,0.316279,-0.011901,-0.237963,-0.781575,0.040601
12.143992,0.471121,0.830953,0.850297,-0.448111,-1.012410,-0.998945,0.492961,0.452762,-0.110175,0.651307,0.087302,-0.608144,-0.587794,0.248012,-2.582331,-0.537932,2.520954,-1.693684,-2.102546,1.075929,0.869955,0.132125,0.070200,0.313880,-0.011512,-0.236849,-0.783074,0.038511
12.145039,0.469927,0.826464,0.852618,-0.450228,-1.013597,-0.997761,0.493143,0.432360,-0.139472,0.651899,0.066692,-0.606379,-0.583325,0.247848,-2.582208,-0.537865,2.521272,-1.693696,-2.102789,1.075152,0.869997,0.129486,0.068818,0.314898,-0.011508,-0.239387,-0.778580,0.039976
12.146065,0.473512,0.823366,0.854849,-0.450557,-1.014038,-0.998610,0.493667,0.415960,-0.168115,0.655117,0.046946,-0.604789,-0.578737,0.247713,-2.582078,-0.537789,2.521578,-1.693702,-2.103019,1.074367,0.870036,0.129054,0.070650,0.312842,-0.009840,-0.237683,-0.779048,0.039564
12.147074,0.469552,0.820421,0.850203,-0.451233,-1.016813,-1.000927,0.494623,0.410981,-0.200801,0.667175,0.027561,-0.603393,-0.573707,0.247585,-2.581958,-0.537715,2.521886,-1.693712,-2.103258,1.073596,0.870072,0.126283,0.071772,0.310777,-0.009889,-0.236654,-0.777415,0.038488
12.147986,0.469644,0.820286,0.846869,-0.452310,-1.018011,-0.997257,0.494143,0.420045,-0.240265,0.690472,0.008164,-0.602124,-0.568171,0.247440,-2.581828,-0.537640,2.522203,-1.693720,-2.103482,1.072819,0.870104,0.127231,0.072800,0.312022,-0.009610,-0.233370,-0.774219,0.036559
12.149036,0.467125,0.813701,0.843233,-0.452941,-1.020172,-0.992908,0.494650,0.436766,-0.283032,0.719531,-0.010666,-0.600764,-0.562640,0.247281,-2.581704,-0.537569,2.522513,-1.693728,-2.103709,1.072045,0.870143,0.126122,0.072409,0.312403,-0.008894,-0.231515,-0.776737,0.037505
12.150014,0.467440,0.817631,0.842806,-0.452888,-1.020133,-0.996650,0.496267,0.454898,-0.327269,0.749530,-0.029407,-0.599048,-0.557367,0.247123,-2.581578,-0.537488,2.522830,-1.693737,-2.103932,1.071258,0.870178,0.126390,0.075232,0.313232,-0.008662,-0.228948,-0.780326,0.036460
12.151055,0.464978,0.812754,0.834457,-0.456574,-1.022632,-0.996217,0.495437,0.472767,-0.371840,0.778965,-0.047777,-0.596970,-0.552456,0.246971,-2.581455,-0.537419,2.523138,-1.693746,-2.104159,1.070485,0.870203,0.125202,0.072836,0.312351,-0.009082,-0.228449,-0.775543,0.033220
12.152042,0.464864,0.814782,0.833609,-0.456210,-1.024145,-0.997700,0.496023,0.487930,-0.413405,0.805132,-0.064952,-0.594591,-0.548195,0.246841,-2.581330,-0.537342,2.523460,-1.693746,-2.104378,1.069719,0.870241,0.125454,0.074867,0.315485,-0.005993,-0.225545,-0.775341,0.034905
12.153101,0.460726,0.811124,0.826559,-0.455520,-1.027646,-1.002180,0.495506,0.497015,-0.450464,0.825144,-0.081438,-0.591875,-0.544685,0.246761,-2.581207,-0.537273,2.523774,-1.693754,-2.104597,1.068949,0.870273,0.124500,0.073427,0.314744,-0.006780,-0.223581,-0.772935,0.033695
12.154087,0.457186,0.811722,0.825275,-0.459985,-1.027704,-1.005497,0.496639,0.498652,-0.480782,0.837261,-0.096029,-0.589080,-0.542047,0.246724,-2.581082,-0.537194,2.524094,-1.693764,-2.104808,1.068198,0.870306,0.125594,0.074822,0.317306,-0.007854,-0.219799,-0.767911,0.034748
12.155069,0.455855,0.809680,0.826841,-0.458896,-1.026939,-1.006038,0.496279,0.490253,-0.503223,0.839320,-0.108666,-0.586270,-0.540435,0.246710,-2.580954,-0.537124,2.524409,-1.693760,-2.105027,1.067443,0.870334,0.126298,0.074098,0.316764,-0.004025,-0.219304,-0.763780,0.032455
12.155976,0.455261,0.810683,0.820799,-0.457805,-1.029336,-1.008301,0.496564,0.472912,-0.520747,0.833028,-0.121370,-0.583307,-0.539648,0.246707,-2.580827,-0.537048,2.524719,-1.693770,-2.105244,1.066680,0.870369,0.125903,0.074668,0.314879,-0.005522,-0.219628,-0.762386,0.033187
12.157079,0.456353,0.808428,0.819904,-0.460654,-1.029536,-1.010617,0.497507,0.452957,-0.533585,0.822868,-0.132509,-0.580559,-0.539568,0.246713,-2.580703,-0.536976,2.525040,-1.693780,-2.105457,1.065932,0.870400,0.125155,0.073693,0.316515,-0.006905,-0.216649,-0.759030,0.032589
12.157999,0.457120,0.808640,0.820101,-0.460264,-1.029706,-1.011284,0.496237,0.434354,-0.540614,0.811208,-0.140085,-0.578333,-0.540241,0.246725,-2.580582,-0.536902,2.525356,-1.693780,-2.105670,1.065182,0.870428,0.123678,0.074444,0.316103,-0.004666,-0.216269,-0.756375,0.030709
12.158992,0.460294,0.807685,0.816913,-0.459782,-1.032206,-1.012602,0.496734,0.421270,-0.544522,0.801758,-0.144870,-0.576579,-0.541446,0.246745,-2.580461,-0.536827,2.525668,-1.693788,-2.105881,1.064439,0.870468,0.122279,0.073848,0.314706,-0.005444,-0.215597,-0.754723,0.033245
12.160035,0.456470,0.808256,0.817074,-0.460665,-1.031714,-1.015717,0.496342,0.419364,-0.546748,0.798949,-0.146193,-0.575427,-0.542997,0.246763,-2.580346,-0.536752,2.525986,-1.693795,-2.106088,1.063688,0.870496,0.119742,0.073837,0.314914,-0.006283,-0.212566,-0.752228,0.032209
12.161043,0.453821,0.808434,0.813679,-0.460672,-1.033191,-1.011990,0.497166,0.446814,-0.541734,0.811083,-0.136076,-0.574830,-0.547483,0.246671,-2.580101,-0.536608,2.526609,-1.693807,-2.106502,1.062198,0.870558,0.120919,0.072524,0.313770,-0.006160,-0.210519,-0.750438,0.031293
12.162052,0.452443,0.804444,0.810908,-0.462406,-1.032603,-1.010190,0.496998,0.446814,-0.541734,0.811083,-0.136076,-0.574830,-0.547483,0.246671,-2.580101,-0.536608,2.526609,-1.693807,-2.106502,1.062198,0.870558,0.120919,0.072524,0.313770,-0.006160,-0.210519,-0.750438,0.031293
12.163018,0.453832,0.804827,0.799425,-0.464012,-1.033994,-1.012644,0.498049,0.465056,-0.535218,0.819063,-0.128064,-0.574689,-0.550349,0.246524,-2.579981,-0.536531,2.526922,-1.693811,-2.106715,1.061448,0.870589,0.120580,0.074001,0.313711,-0.004844,-0.210508,-0.750914,0.031626
12.164091,0.449095,0.803453,0.800404,-0.463039,-1.035473,-1.010042,0.498223,0.480680,-0.529063,0.825390,-0.121376,-0.574189,-0.553434,0.246317,-2.579865,-0.536458,2.527249,-1.693814,-2.106918,1.060699,0.870611,0.118872,0.073292,0.317799,-0.003656,-0.208506,-0.746979,0.029505
12.165054,0.444239,0.802967,0.794871,-0.462388,-1.036970,-1.006040,0.498580,0.490717,-0.522056,0.827588,-0.116065,-0.573304,-0.556905,0.246077,-2.579743,-0.536386,2.527561,-1.693823,-2.107121,1.059956,0.870639,0.120250,0.073540,0.315967,-0.004992,-0.206607,-0.748575,0.029170
12.166038,0.441013,0.802957,0.795506,-0.463994,-1.035137,-1.003273,0.499738,0.493520,-0.512270,0.823986,-0.110856,-0.572280,-0.560815,0.245846,-2.579619,-0.536313,2.527882,-1.693831,-2.107318,1.059200,0.870664,0.121588,0.073273,0.317132,-0.005948,-0.204578,-0.751095,0.028447
12.167068,0.439095,0.803762,0.790842,-0.463132,-1.032685,-0.999340,0.499509,0.488371,-0.499777,0.814253,-0.105708,-0.571248,-0.565044,0.245660,-2.579499,-0.536240,2.528190,-1.693834,-2.107525,1.058450,0.870686,0.122160,0.072778,0.315350,-0.004745,-0.205836,-0.752465,0.026128
12.168101,0.436440,0.798734,0.784979,-0.463375,-1.033619,-0.996329,0.499974,0.476784,-0.485136,0.799743,-0.100870,-0.570289,-0.569497,0.245550,-2.579377,-0.536170,2.528507,-1.693843,-2.107738,1.057690,0.870717,0.122076,0.071933,0.316267,-0.005935,-0.207707,-0.755111,0.026589
12.169023,0.430153,0.804627,0.782724,-0.462508,-1.034008,-0.993822,0.500470,0.460050,-0.469242,0.781517,-0.096331,-0.569498,-0.574088,0.245531,-2.579254,-0.536093,2.528826,-1.693849,-2.107938,1.056923,0.870741,0.122357,0.073956,0.317756,-0.006075,-0.206285,-0.756779,0.025651
12.170021,0.430128,0.802134,0.784749,-0.465000,-1.035258,-0.989115,0.499955,0.436698,-0.451096,0.758123,-0.091483,-0.568955,-0.578874,0.245593,-2.579127,-0.536028,2.529140,-1.693858,-2.108143,1.056166,0.870763,0.124382,0.070522,0.317214,-0.007199,-0.205225,-0.757655,0.024662
12.171029,0.433164,0.803671,0.782029,-0.465417,-1.035787,-0.987598,0.499903,0.408563,-0.429360,0.730537,-0.085362,-0.568812,-0.583827,0.245721,-2.579005,-0.535954,2.529451,-1.693861,-2.108346,1.055399,0.870790,0.123318,0.071315,0.314743,-0.005135,-0.203429,-0.760940,0.025701
12.172003,0.432320,0.804235,0.781966,-0.465599,-1.033932,-0.985909,0.499587,0.384464,-0.407542,0.705908,-0.078236,-0.569232,-0.588527,0.245903,-2.578890,-0.535886,2.529766,-1.693865,-2.108544,1.054647,0.870816,0.120818,0.070103,0.314674,-0.005156,-0.202435,-0.761103,0.025794
12.173176,0.428030,0.805104,0.781723,-0.464168,-1.032375,-0.985341,0.499791,0.371916,-0.387707,0.689894,-0.069605,-0.570348,-0.592740,0.246110,-2.578768,-0.535820,2.530077,-1.693871,-2.108749,1.053877,0.870843,0.120193,0.069406,0.313192,-0.005331,-0.203716,-0.761252,0.026417
12.173997,0.426884,0.806307,0.780658,-0.465574,-1.031038,-0.980618,0.499009,0.370479,-0.367757,0.681494,-0.058257,-0.572098,-0.596606,0.246320,-2.578643,-0.535753,2.530387,-1.693882,-2.108952,1.053106,0.870867,0.121347,0.068623,0.312300,-0.007124,-0.204999,-0.760905,0.026021
12.175030,0.423951,0.805099,0.772182,-0.465581,-1.031205,-0.976680,0.500064,0.376035,-0.346289,0.677518,-0.044289,-0.574187,-0.600178,0.246514,-2.578524,-0.535688,2.530696,-1.693884,-2.109159,1.052347,0.870895,0.120814,0.067557,0.311007,-0.006049,-0.205494,-0.763703,0.027571
12.176013,0.425183,0.805839,0.775123,-0.465253,-1.032979,-0.981918,0.501047,0.383616,-0.323327,0.674631,-0.029038,-0.576195,-0.603339,0.246673,-2.578399,-0.535619,2.531017,-1.693891,-2.109363,1.051580,0.870918,0.121223,0.067744,0.313815,-0.006429,-0.204814,-0.766301,0.025437
12.176996,0.417026,0.802948,0.769389,-0.467251,-1.034650,-0.981198,0.500653,0.390902,-0.299083,0.671215,-0.013063,-0.577927,-0.606009,0.246765,-2.578284,-0.535554,2.531319,-1.693899,-2.109559,1.050822,0.870939,0.119611,0.066965,0.310917,-0.007061,-0.202530,-0.759540,0.023485
12.178091,0.413169,0.805044,0.761754,-0.466671,-1.034336,-0.982415,0.501367,0.397282,-0.274753,0.667087,0.002951,-0.579310,-0.608126,0.246782,-2.578156,-0.535485,2.531632,-1.693901,-2.109756,1.050072,0.870967,0.122604,0.067985,0.312329,-0.005512,-0.200360,-0.758928,0.024287
12.179059,0.408551,0.802044,0.760088,-0.470529,-1.033844,-0.986305,0.501153,0.394728,-0.250022,0.656596,0.017094,-0.579993,-0.609792,0.246750,-2.578031,-0.535420,2.531953,-1.693907,-2.109952,1.049321,0.870987,0.123469,0.066561,0.314832,-0.006522,-0.200374,-0.756651,0.022865
12.180050,0.408236,0.802497,0.759631,-0.469206,-1.032831,-0.986457,0.502193,0.376037,-0.223867,0.634479,0.027786,-0.579689,-0.611213,0.246688,-2.577907,-0.535352,2.532263,-1.693904,-2.110152,1.048586,0.871011,0.124689,0.067642,0.314137,-0.003189,-0.200315,-0.751388,0.023312
12.181031,0.404682,0.799300,0.754931,-0.469503,-1.034268,-0.987584,0.502155,0.345406,-0.199178,0.604492,0.034036,-0.578530,-0.612302,0.246605,-2.577786,-0.535286,2.532576,-1.693912,-2.110353,1.047844,0.871028,0.123781,0.066987,0.312887,-0.004874,-0.200801,-0.749955,0.021234
12.182098,0.405201,0.796168,0.750808,-0.469428,-1.034661,-0.987998,0.501316,0.310489,-0.177787,0.572436,0.037041,-0.577014,-0.612979,0.246509,-2.577660,-0.535215,2.532887,-1.693917,-2.110547,1.047094,0.871053,0.124470,0.068132,0.313782,-0.004963,-0.198868,-0.747422,0.021330
12.182952,0.401558,0.800935,0.750090,-0.470186,-1.035004,-0.987735,0.501893,0.275056,-0.160379,0.540977,0.038037,-0.575515,-0.613264,0.246428,-2.577540,-0.535146,2.533203,-1.693922,-2.110743,1.046356,0.871079,0.123191,0.069279,0.314503,-0.005455,-0.198124,-0.745970,0.023028
12.183954,0.401187,0.798105,0.750510,-0.469085,-1.032670,-0.987340,0.502008,0.241325,-0.146078,0.511405,0.038103,-0.574261,-0.613230,0.246368,-2.577415,-0.535083,2.533514,-1.693926,-2.110935,1.045613,0.871099,0.123887,0.066430,0.313070,-0.005027,-0.197130,-0.744471,0.021846
12.185019,0.403671,0.797459,0.745920,-0.469822,-1.033894,-0.987521,0.502136,0.212528,-0.132049,0.485413,0.039302,-0.573526,-0.612972,0.246296,-2.577297,-0.535013,2.533821,-1.693936,-2.111136,1.044881,0.871119,0.123054,0.067436,0.311482,-0.006441,-0.198985,-0.743656,0.021647
12.186006,0.400018,0.797009,0.747066,-0.472140,-1.033554,-0.993233,0.502260,0.192827,-0.118982,0.466200,0.042371,-0.573438,-0.612335,0.246192,-2.577179,-0.534943,2.534137,-1.693941,-2.111327,1.044145,0.871139,0.120831,0.067326,0.312453,-0.006105,-0.197405,-0.742425,0.021415
12.186957,0.396988,0.794189,0.743325,-0.472174,-1.031898,-0.992643,0.502466,0.183511,-0.108878,0.455242,0.046361,-0.573840,-0.611226,0.246061,-2.577056,-0.534876,2.534442,-1.693941,-2.111527,1.043411,0.871161,0.121621,0.067130,0.310463,-0.004270,-0.197236,-0.735375,0.021174
12.187982,0.397033,0.795600,0.738739,-0.473443,-1.034478,-0.991678,0.503248,0.180700,-0.102940,0.450319,0.049209,-0.574306,-0.609725,0.245904,-2.576934,-0.534805,2.534755,-1.693947,-2.111724,1.042687,0.871181,0.122064,0.068063,0.310786,-0.004614,-0.198350,-0.734691,0.020778
12.189160,0.397329,0.794114,0.737065,-0.472915,-1.033927,-0.993268,0.502787,0.179958,-0.100584,0.448325,0.050144,-0.574544,-0.607961,0.245701,-2.576814,-0.534738,2.535071,-1.693949,-2.111912,1.041947,0.871199,0.121003,0.066932,0.311646,-0.003814,-0.195382,-0.734465,0.019230
12.189998,0.392245,0.788956,0.732807,-0.476579,-1.035577,-0.990522,0.503373,0.180634,-0.099194,0.448104,0.050628,-0.574606,-0.606157,0.245442,-2.576697,-0.534669,2.535382,-1.693956,-2.112106,1.041227,0.871221,0.119944,0.067316,0.311454,-0.004789,-0.195789,-0.732266,0.020206
12.190992,0.389304,0.789989,0.730257,-0.474834,-1.035117,-0.988957,0.502760,0.182169,-0.100322,0.449666,0.049683,-0.574340,-0.604295,0.245150,-2.576574,-0.534595,2.535693,-1.693952,-2.112297,1.040492,0.871237,0.121382,0.069345,0.311785,-0.001611,-0.193452,-0.733287,0.019031
12.192009,0.387206,0.782885,0.731398,-0.474504,-1.035360,-0.985553,0.502735,0.180974,-0.106533,0.451249,0.044974,-0.573436,-0.602263,0.244866,-2.576452,-0.534528,2.536007,-1.693960,-2.112488,1.039751,0.871261,0.121784,0.068384,0.311566,-0.003734,-0.193512,-0.733540,0.020285
12.192944,0.381935,0.782881,0.731550,-0.474655,-1.036732,-0.983200,0.501830,0.177538,-0.117609,0.453084,0.037244,-0.572104,-0.600023,0.244619,-2.576331,-0.534452,2.536311,-1.693965,-2.112680,1.039014,0.871284,0.121801,0.071461,0.309678,-0.004447,-0.192863,-0.735761,0.020333
12.194017,0.377424,0.779883,0.728910,-0.476166,-1.036306,-0.979069,0.501466,0.175567,-0.134844,0.458019,0.027269,-0.570712,-0.597360,0.244422,-2.576206,-0.534382,2.536617,-1.693970,-2.112869,1.038273,0.871310,0.123333,0.070941,0.308080,-0.004642,-0.190986,-0.736611,0.022148
12.194998,0.374000,0.781525,0.725098,-0.476123,-1.037370,-0.976518,0.502659,0.173735,-0.158074,0.465133,0.014644,-0.569324,-0.594169,0.244278,-2.576077,-0.534307,2.536924,-1.693972,-2.113059,1.037525,0.871332,0.124485,0.071972,0.308204,-0.003644,-0.191138,-0.739672,0.022883
12.196055,0.368630,0.783491,0.727626,-0.477096,-1.036320,-0.978510,0.501636,0.167732,-0.183727,0.470462,-0.000166,-0.567946,-0.590611,0.244173,-2.575951,-0.534239,2.537232,-1.693977,-2.113246,1.036789,0.871344,0.125088,0.070698,0.308669,-0.004077,-0.189650,-0.740894,0.020513
12.197040,0.367722,0.782325,0.728182,-0.479148,-1.032596,-0.975884,0.502378,0.155941,-0.206536,0.471412,-0.015076,-0.566786,-0.587028,0.244101,-2.575820,-0.534172,2.537536,-1.693980,-2.113437,1.036051,0.871372,0.126648,0.069321,0.306158,-0.003560,-0.190399,-0.737775,0.022598
12.198026,0.363816,0.778844,0.725026,-0.476934,-1.030844,-0.975661,0.501781,0.141167,-0.224793,0.469478,-0.029091,-0.566004,-0.583579,0.244081,-2.575696,-0.534101,2.537834,-1.693980,-2.113639,1.035317,0.871390,0.126003,0.069451,0.304580,-0.002011,-0.193602,-0.739160,0.021104
12.198962,0.363365,0.780354,0.724096,-0.478042,-1.028773,-0.976895,0.502319,0.127089,-0.241211,0.467805,-0.042862,-0.565604,-0.580135,0.244118,-2.575567,-0.534029,2.538137,-1.693989,-2.113837,1.034581,0.871416,0.126824,0.070712,0.304812,-0.004544,-0.194820,-0.738064,0.022319
12.200003,0.359347,0.780306,0.726669,-0.479270,-1.027281,-0.976636,0.502585,0.115181,-0.255922,0.467126,-0.055510,-0.565679,-0.576817,0.244191,-2.575443,-0.533961,2.538435,-1.693991,-2.114037,1.033844,0.871436,0.125931,0.069487,0.303840,-0.003853,-0.196300,-0.735349,0.021231
12.201061,0.359106,0.775711,0.725380,-0.477785,-1.023432,-0.976047,0.503363,0.106918,-0.267776,0.468024,-0.066151,-0.566279,-0.573881,0.244276,-2.575315,-0.533892,2.538731,-1.693993,-2.114237,1.033119,0.871456,0.126864,0.069090,0.301375,-0.003098,-0.197336,-0.734577,0.020726
12.201965,0.360745,0.768925,0.725470,-0.478089,-1.022799,-0.974658,0.503770,0.104367,-0.278675,0.472443,-0.075407,-0.567293,-0.571334,0.244343,-2.575190,-0.533818,2.539032,-1.694004,-2.114445,1.032378,0.871471,0.125893,0.070927,0.300857,-0.004894,-0.200717,-0.734071,0.019206
12.202956,0.355069,0.767948,0.723899,-0.478214,-1.019146,-0.973619,0.503424,0.111386,-0.294002,0.484282,-0.084516,-0.568621,-0.568868,0.244378,-2.575070,-0.533739,2.539324,-1.694010,-2.114645,1.031650,0.871488,0.124008,0.073737,0.299381,-0.004901,-0.200663,-0.733956,0.018419
12.204092,0.351988,0.771109,0.722457,-0.478929,-1.017745,-0.974025,0.504787,0.129026,-0.317628,0.505108,-0.094834,-0.570051,-0.566189,0.244384,-2.574941,-0.533668,2.539622,-1.694017,-2.114856,1.030915,0.871510,0.125739,0.073726,0.298880,-0.005104,-0.203721,-0.733720,0.019138
12.205042,0.354748,0.769016,0.720174,-0.480234,-1.016325,-0.976805,0.503570,0.150364,-0.344989,0.528933,-0.105853,-0.571302,-0.563519,0.244374,-2.574811,-0.533600,2.539919,-1.694021,-2.115060,1.030186,0.871518,0.126180,0.071757,0.298659,-0.004872,-0.204758,-0.732521,0.016457
12.205966,0.345333,0.769861,0.721199,-0.477306,-1.015290,-0.983437,0.504472,0.171288,-0.369605,0.551184,-0.115607,-0.572334,-0.561198,0.244350,-2.574692,-0.533529,2.540217,-1.694024,-2.115268,1.029474,0.871544,0.123737,0.072344,0.298401,-0.003991,-0.205517,-0.728449,0.018934
12.207050,0.341634,0.772515,0.717397,-0.479891,-1.015220,-0.987049,0.505496,0.192115,-0.388473,0.571152,-0.122352,-0.573298,-0.559453,0.244307,-2.574557,-0.533459,2.540511,-1.694037,-2.115473,1.028765,0.871557,0.127270,0.071417,0.296469,-0.007119,-0.205877,-0.720446,0.017126
12.207938,0.343879,0.770059,0.714950,-0.479406,-1.016657,-0.988881,0.505185,0.207691,-0.397287,0.584132,-0.124756,-0.574208,-0.558735,0.244243,-2.574426,-0.533390,2.540810,-1.694037,-2.115675,1.028064,0.871568,0.127961,0.069676,0.297303,-0.005026,-0.205534,-0.716093,0.015137
12.209072,0.337355,0.768562,0.715187,-0.480436,-1.014360,-0.989236,0.504960,0.215767,-0.394820,0.588345,-0.122908,-0.575050,-0.559238,0.244177,-2.574303,-0.533319,2.541109,-1.694043,-2.115878,1.027355,0.871586,0.125702,0.070422,0.296974,-0.005847,-0.203384,-0.712828,0.015802
12.210006,0.334773,0.765660,0.710926,-0.480575,-1.013325,-0.986983,0.504617,0.220367,-0.385842,0.587875,-0.118425,-0.575882,-0.560657,0.244151,-2.574169,-0.533247,2.541404,-1.694049,-2.116085,1.026639,0.871603,0.127875,0.070747,0.295918,-0.005250,-0.205340,-0.711791,0.016296
12.211010,0.337777,0.764895,0.711883,-0.481465,-1.012016,-0.985518,0.504820,0.221216,-0.375420,0.583944,-0.113959,-0.576546,-0.562650,0.244199,-2.574042,-0.533175,2.541700,-1.694054,-2.116294,1.025935,0.871622,0.127998,0.071701,0.296662,-0.005485,-0.205668,-0.712796,0.017000
12.211973,0.333742,0.759917,0.705919,-0.479003,-1.010395,-0.985648,0.503350,0.220255,-0.367015,0.578872,-0.110902,-0.577050,-0.564905,0.244319,-2.573923,-0.533103,2.541994,-1.694058,-2.116505,1.025221,0.871638,0.125468,0.071593,0.294934,-0.005007,-0.206373,-0.713148,0.016618
12.213070,0.332233,0.763954,0.709488,-0.479981,-1.008980,-0.990543,0.503491,0.222695,-0.362299,0.576633,-0.108550,-0.577705,-0.567192,0.244492,-2.573795,-0.533025,2.542291,-1.694072,-2.116713,1.024514,0.871661,0.126381,0.073538,0.296597,-0.007667,-0.207356,-0.711803,0.019596
12.213984,0.330440,0.763206,0.708120,-0.480428,-1.007950,-0.988475,0.503466,0.228441,-0.359163,0.576534,-0.105402,-0.578706,-0.569642,0.244691,-2.573672,-0.532960,2.542580,-1.694078,-2.116927,1.023821,0.871681,0.126096,0.071126,0.293829,-0.007068,-0.208265,-0.706181,0.019311
12.215131,0.336326,0.764856,0.706761,-0.480874,-1.007897,-0.990732,0.503950,0.237424,-0.354411,0.577853,-0.100128,-0.580141,-0.572446,0.244864,-2.573547,-0.532890,2.542874,-1.694084,-2.117133,1.023112,0.871699,0.125872,0.071035,0.293099,-0.006941,-0.208599,-0.706947,0.019380
12.216117,0.332733,0.766035,0.704810,-0.482789,-1.004309,-0.990893,0.504464,0.253391,-0.347300,0.583177,-0.091919,-0.582111,-0.575540,0.244965,-2.573434,-0.532823,2.543166,-1.694091,-2.117343,1.022420,0.871716,0.122008,0.069839,0.292929,-0.006932,-0.208259,-0.704137,0.018448
12.217003,0.328590,0.763280,0.700655,-0.483742,-1.004761,-0.989007,0.504362,0.278190,-0.337588,0.593799,-0.080605,-0.584567,-0.578889,0.244973,-2.573309,-0.532756,2.543457,-1.694093,-2.117563,1.021715,0.871732,0.122761,0.068832,0.292671,-0.005442,-0.211154,-0.702881,0.017455
12.218056,0.332950,0.766236,0.702522,-0.484840,-1.005991,-0.987266,0.504279,0.305770,-0.326030,0.605889,-0.068502,-0.586983,-0.582476,0.244915,-2.573179,-0.532683,2.543750,-1.694098,-2.117770,1.021007,0.871751,0.123646,0.069701,0.293284,-0.004842,-0.209917,-0.703339,0.017682
12.219065,0.330703,0.762572,0.703369,-0.483132,-1.007844,-0.984383,0.503867,0.332890,-0.314400,0.617862,-0.057400,-0.589032,-0.586138,0.244836,-2.573067,-0.532620,2.544038,-1.694101,-2.117976,1.020307,0.871770,0.120515,0.067842,0.291282,-0.004207,-0.208191,-0.704218,0.017875
12.219971,0.330584,0.765058,0.699496,-0.484332,-1.009237,-0.985185,0.504065,0.365533,-0.303841,0.634290,-0.046041,-0.591025,-0.589652,0.244757,-2.572945,-0.532549,2.544328,-1.694112,-2.118180,1.019596,0.871790,0.120628,0.069241,0.289712,-0.006207,-0.205803,-0.706039,0.018723
12.221097,0.327338,0.764464,0.693628,-0.482866,-1.009444,-0.981534,0.503939,0.405478,-0.294141,0.656387,-0.033312,-0.593175,-0.592980,0.244683,-2.572826,-0.532485,2.544617,-1.694115,-2.118378,1.018902,0.871808,0.119626,0.067555,0.290282,-0.005357,-0.203786,-0.703896,0.018335
12.222000,0.327652,0.761259,0.694622,-0.482777,-1.008548,-0.979956,0.503659,0.446171,-0.281903,0.678677,-0.018761,-0.595368,-0.596432,0.244623,-2.572704,-0.532417,2.544913,-1.694126,-2.118579,1.018185,0.871825,0.120262,0.067493,0.292264,-0.007181,-0.203266,-0.706858,0.018637
12.223038,0.324994,0.757530,0.695716,-0.484017,-1.010539,-0.976817,0.504442,0.483032,-0.266149,0.697660,-0.002761,-0.597482,-0.600070,0.244582,-2.572588,-0.532346,2.545200,-1.694134,-2.118785,1.017470,0.871845,0.119069,0.068599,0.290369,-0.007513,-0.203457,-0.706974,0.019211
12.224050,0.324333,0.759755,0.692602,-0.485596,-1.010248,-0.973770,0.503560,0.518571,-0.252883,0.716665,0.012138,-0.599413,-0.603376,0.244558,-2.572468,-0.532273,2.545486,-1.694140,-2.118981,1.016763,0.871859,0.119406,0.069995,0.288780,-0.006668,-0.201036,-0.709177,0.017670
12.225036,0.324084,0.760598,0.693332,-0.484803,-1.010586,-0.975589,0.504051,0.554138,-0.246235,0.737825,0.023550,-0.601019,-0.605969,0.244555,-2.572351,-0.532207,2.545779,-1.694143,-2.119181,1.016049,0.871882,0.118740,0.068458,0.289159,-0.005528,-0.200863,-0.711141,0.019473
12.226129,0.319500,0.763277,0.688803,-0.484978,-1.009810,-0.973018,0.503559,0.588802,-0.242864,0.759664,0.032561,-0.602408,-0.608048,0.244579,-2.572234,-0.532141,2.546064,-1.694152,-2.119376,1.015340,0.871896,0.117867,0.067632,0.287624,-0.006635,-0.200035,-0.708139,0.018504
12.227051,0.315143,0.757405,0.689864,-0.486743,-1.010583,-0.976055,0.503752,0.620628,-0.236716,0.779198,0.041907,-0.603828,-0.610058,0.244621,-2.572115,-0.532079,2.546356,-1.694158,-2.119576,1.014632,0.871916,0.119209,0.065963,0.288931,-0.006855,-0.200459,-0.709971,0.019539
12.228045,0.313904,0.757759,0.686989,-0.483958,-1.010998,-0.973229,0.503643,0.644710,-0.227009,0.792771,0.050837,-0.605090,-0.612140,0.244677,-2.571992,-0.532005,2.546641,-1.694161,-2.119770,1.013928,0.871933,0.120289,0.068412,0.287071,-0.005475,-0.199109,-0.705561,0.019160
12.229030,0.312683,0.757563,0.689580,-0.485193,-1.011436,-0.970241,0.503542,0.660150,-0.217417,0.800669,0.057459,-0.606010,-0.614111,0.244750,-2.571875,-0.531940,2.546927,-1.694175,-2.119968,1.013220,0.871954,0.119900,0.067799,0.287381,-0.008491,-0.198207,-0.707353,0.019398
12.229959,0.314431,0.758385,0.687052,-0.485446,-1.012651,-0.967046,0.503793,0.671543,-0.208418,0.806223,0.063149,-0.606888,-0.615843,0.244825,-2.571755,-0.531872,2.547210,-1.694181,-2.120167,1.012506,0.871977,0.119477,0.067475,0.284921,-0.007578,-0.197250,-0.709167,0.019607
12.231043,0.312348,0.754233,0.686064,-0.486714,-1.010761,-0.966500,0.502989,0.684442,-0.199569,0.813300,0.069367,-0.608010,-0.617159,0.244882,-2.571640,-0.531807,2.547493,-1.694187,-2.120356,1.011785,0.871992,0.117587,0.066631,0.284960,-0.007656,-0.195520,-0.710980,0.019127
12.232006,0.314449,0.752778,0.684418,-0.486093,-1.014819,-0.970000,0.502742,0.701210,-0.192788,0.824089,0.075292,-0.609301,-0.617781,0.244920,-2.571522,-0.531736,2.547776,-1.694193,-2.120560,1.011086,0.872016,0.117692,0.068307,0.284544,-0.006797,-0.197031,-0.710739,0.020770
12.233072,0.307709,0.757308,0.680681,-0.488429,-1.011829,-0.972205,0.502173,0.721876,-0.190361,0.839075,0.079794,-0.610590,-0.617499,0.244962,-2.571410,-0.531667,2.548063,-1.694203,-2.120742,1.010385,0.872037,0.115670,0.068559,0.284137,-0.007686,-0.192533,-0.706038,0.021265
12.234007,0.306872,0.753375,0.678470,-0.491736,-1.013935,-0.976702,0.502927,0.743042,-0.189531,0.855078,0.083486,-0.611761,-0.616544,0.245013,-2.571290,-0.531607,2.548348,-1.694208,-2.120943,1.009697,0.872063,0.118084,0.065960,0.285053,-0.005759,-0.195174,-0.703097,0.022408
12.235046,0.306550,0.751450,0.680494,-0.488855,-1.013948,-0.979582,0.501666,0.757001,-0.186858,0.865915,0.085577,-0.612404,-0.615289,0.245075,-2.571172,-0.531537,2.548633,-1.694206,-2.121131,1.009004,0.872078,0.117442,0.067492,0.284875,-0.002976,-0.192532,-0.697370,0.020908
12.235989,0.302584,0.750660,0.673446,-0.490187,-1.015562,-0.979540,0.502309,0.764385,-0.184773,0.872626,0.084854,-0.612414,-0.613698,0.245151,-2.571055,-0.531467,2.548910,-1.694218,-2.121323,1.008313,0.872106,0.116625,0.068009,0.282905,-0.006162,-0.192173,-0.693654,0.023460
12.237097,0.301597,0.752272,0.673260,-0.490006,-1.015994,-0.979673,0.502899,0.769265,-0.183791,0.878027,0.082998,-0.612190,-0.611798,0.245241,-2.570936,-0.531401,2.549200,-1.694222,-2.121510,1.007630,0.872124,0.117597,0.067969,0.285164,-0.005177,-0.190077,-0.692608,0.022157
12.238074,0.298069,0.748800,0.674572,-0.490602,-1.016814,-0.979900,0.502841,0.769333,-0.180752,0.879660,0.081549,-0.611906,-0.609858,0.245347,-2.570819,-0.531336,2.549482,-1.694229,-2.121701,1.006937,0.872140,0.117123,0.066798,0.284388,-0.005781,-0.189413,-0.691825,0.021026
12.239025,0.299703,0.744845,0.671824,-0.491101,-1.016519,-0.979744,0.503226,0.765150,-0.175528,0.877913,0.080672,-0.611673,-0.607888,0.245469,-2.570697,-0.531264,2.549758,-1.694232,-2.121885,1.006258,0.872162,0.117842,0.068082,0.282656,-0.005589,-0.188201,-0.690614,0.021163
12.240089,0.295833,0.745339,0.668510,-0.491891,-1.016260,-0.981288,0.503313,0.761304,-0.172890,0.877173,0.079066,-0.611568,-0.605551,0.245603,-2.570585,-0.531192,2.550043,-1.694236,-2.122074,1.005571,0.872182,0.116049,0.069566,0.282822,-0.005498,-0.188042,-0.689660,0.020395
12.241071,0.292304,0.746204,0.671354,-0.492318,-1.016871,-0.985043,0.505439,0.758832,-0.175452,0.878728,0.075629,-0.611515,-0.602712,0.245727,-2.570466,-0.531126,2.550324,-1.694241,-2.122257,1.004889,0.872200,0.117031,0.068915,0.283562,-0.005132,-0.188066,-0.687376,0.020263
12.242164,0.291816,0.742676,0.671623,-0.493191,-1.018808,-0.987756,0.504252,0.755036,-0.180147,0.879864,0.071173,-0.611455,-0.599664,0.245821,-2.570347,-0.531059,2.550599,-1.694246,-2.122440,1.004220,0.872210,0.117766,0.068058,0.281062,-0.005083,-0.187074,-0.682693,0.016025
12.243097,0.284742,0.742686,0.669986,-0.494711,-1.019037,-0.988533,0.504706,0.750717,-0.185779,0.880811,0.066432,-0.611426,-0.596587,0.245872,-2.570229,-0.530989,2.550881,-1.694252,-2.122625,1.003545,0.872235,0.117031,0.069419,0.280071,-0.004623,-0.184917,-0.679404,0.018474
12.244095,0.283026,0.743925,0.668871,-0.493899,-1.021057,-0.987889,0.504867,0.746287,-0.194076,0.882276,0.060567,-0.611303,-0.593478,0.245890,-2.570103,-0.530921,2.551155,-1.694252,-2.122807,1.002863,0.872252,0.119476,0.068953,0.279749,-0.003569,-0.184277,-0.677497,0.017559
12.244982,0.284147,0.741479,0.665483,-0.495988,-1.022536,-0.985980,0.504784,0.737922,-0.203049,0.881108,0.053753,-0.610928,-0.590564,0.245877,-2.569984,-0.530856,2.551433,-1.694258,-2.122985,1.002190,0.872267,0.119300,0.067934,0.279267,-0.004784,-0.181946,-0.677278,0.017277
12.246109,0.280630,0.742221,0.668080,-0.495427,-1.022505,-0.982795,0.503993,0.726402,-0.210480,0.877239,0.047448,-0.610427,-0.588010,0.245824,-2.569868,-0.530785,2.551717,-1.694259,-2.123161,1.001507,0.872288,0.117693,0.068661,0.279601,-0.003083,-0.180045,-0.677902,0.017455
12.247058,0.279211,0.738321,0.664652,-0.495890,-1.022357,-0.978696,0.504007,0.715921,-0.217804,0.873911,0.041822,-0.609905,-0.585682,0.245737,-2.569747,-0.530718,2.551986,-1.694265,-2.123342,1.000830,0.872310,0.118494,0.067909,0.277646,-0.004110,-0.179969,-0.680614,0.019074
12.248010,0.274017,0.737824,0.667736,-0.496294,-1.023023,-0.975893,0.504274,0.707693,-0.226590,0.872386,0.036382,-0.609322,-0.583404,0.245618,-2.569632,-0.530645,2.552267,-1.694269,-2.123520,1.000141,0.872326,0.118201,0.069373,0.278198,-0.004041,-0.179751,-0.683584,0.019062
12.249000,0.275783,0.733564,0.669341,-0.494311,-1.026648,-0.972841,0.502872,0.700892,-0.238364,0.872518,0.030217,-0.608562,-0.580996,0.245466,-2.569507,-0.530575,2.552536,-1.694273,-2.123694,0.999447,0.872344,0.119715,0.069133,0.275586,-0.004024,-0.178760,-0.685226,0.018544
12.249983,0.270663,0.730089,0.665780,-0.496628,-1.025389,-0.971669,0.503242,0.698274,-0.254536,0.876591,0.023504,-0.607795,-0.578243,0.245284,-2.569393,-0.530500,2.552806,-1.694284,-2.123864,0.998762,0.872372,0.117833,0.070764,0.273827,-0.006280,-0.174880,-0.687304,0.021368
12.251015,0.267621,0.727624,0.661771,-0.496800,-1.027897,-0.970428,0.503844,0.702175,-0.276446,0.886487,0.016382,-0.607199,-0.574959,0.245082,-2.569270,-0.530424,2.553082,-1.694286,-2.124038,0.998074,0.872391,0.119362,0.071965,0.274580,-0.004377,-0.175920,-0.687439,0.020614
12.252092,0.270335,0.726560,0.660826,-0.498277,-1.027987,-0.972639,0.502846,0.706332,-0.304107,0.897772,0.007014,-0.606428,-0.571178,0.244867,-2.569149,-0.530349,2.553358,-1.694290,-2.124209,0.997390,0.872410,0.119849,0.072699,0.275647,-0.004658,-0.173210,-0.687840,0.019430
12.253007,0.266224,0.721898,0.664890,-0.499009,-1.028840,-0.972990,0.503376,0.707022,-0.335085,0.907122,-0.004696,-0.605363,-0.567140,0.244653,-2.569036,-0.530276,2.553633,-1.694292,-2.124381,0.996703,0.872435,0.117555,0.072766,0.275283,-0.003679,-0.173037,-0.684885,0.021462
12.254087,0.263660,0.726543,0.664511,-0.498435,-1.027254,-0.972177,0.502523,0.709047,-0.369255,0.917744,-0.017962,-0.604236,-0.562924,0.244458,-2.568915,-0.530198,2.553895,-1.694297,-2.124548,0.996019,0.872456,0.118570,0.074523,0.272184,-0.003285,-0.171872,-0.683339,0.020381
12.255048,0.258172,0.725765,0.661818,-0.498024,-1.028481,-0.971164,0.502312,0.714788,-0.405241,0.931033,-0.031798,-0.603219,-0.558680,0.244304,-2.568797,-0.530134,2.554167,-1.694304,-2.124723,0.995341,0.872483,0.118876,0.071806,0.271619,-0.004265,-0.173349,-0.683518,0.022112
12.256072,0.258493,0.723116,0.659907,-0.499074,-1.030794,-0.970861,0.501869,0.719943,-0.435712,0.942278,-0.043318,-0.602464,-0.554975,0.244202,-2.568673,-0.530064,2.554442,-1.694310,-2.124893,0.994656,0.872506,0.120548,0.071754,0.271888,-0.005020,-0.171830,-0.683464,0.022522
12.257028,0.258959,0.719870,0.656350,-0.498763,-1.031932,-0.968547,0.502451,0.720558,-0.457414,0.947935,-0.051600,-0.601949,-0.552154,0.244151,-2.568556,-0.529990,2.554711,-1.694316,-2.125055,0.993969,0.872531,0.119371,0.072603,0.271967,-0.004343,-0.169410,-0.682875,0.023415
12.258012,0.257012,0.720450,0.660811,-0.498128,-1.033213,-0.967569,0.501437,0.718619,-0.474011,0.950238,-0.057965,-0.601638,-0.550058,0.244134,-2.568442,-0.529913,2.554987,-1.694322,-2.125220,0.993288,0.872550,0.118168,0.073671,0.272639,-0.005019,-0.168068,-0.684152,0.022251
12.258962,0.258514,0.717262,0.654255,-0.498619,-1.032851,-0.970384,0.500379,0.719024,-0.487992,0.953179,-0.062342,-0.601701,-0.548457,0.244151,-2.568325,-0.529840,2.555250,-1.694330,-2.125382,0.992606,0.872579,0.118158,0.072872,0.269471,-0.005978,-0.166634,-0.684138,0.024290
12.260068,0.254666,0.719086,0.656668,-0.500808,-1.033417,-0.972824,0.500731,0.724739,-0.499399,0.958816,-0.063965,-0.602266,-0.547247,0.244218,-2.568214,-0.529764,2.555523,-1.694336,-2.125550,0.991937,0.872609,0.116405,0.073894,0.271473,-0.005767,-0.166594,-0.679890,0.026367
12.261050,0.251672,0.720398,0.654006,-0.499686,-1.031445,-0.974767,0.499742,0.734380,-0.508068,0.966158,-0.063547,-0.603129,-0.546417,0.244334,-2.568094,-0.529694,2.555790,-1.694336,-2.125714,0.991265,0.872633,0.117296,0.072480,0.269151,-0.004028,-0.165746,-0.676256,0.025622
12.261983,0.249425,0.716360,0.649142,-0.500347,-1.029157,-0.977599,0.500852,0.744076,-0.511911,0.972140,-0.061492,-0.604038,-0.546065,0.244469,-2.567974,-0.529624,2.556055,-1.694346,-2.125883,0.990595,0.872665,0.117691,0.071310,0.269208,-0.005368,-0.167281,-0.672814,0.027576
12.263052,0.246402,0.718140,0.651477,-0.500364,-1.032012,-0.980339,0.501026,0.749875,-0.509098,0.973634,-0.057748,-0.604814,-0.546294,0.244601,-2.567857,-0.529548,2.556328,-1.694351,-2.126055,0.989941,0.872685,0.117727,0.072744,0.270171,-0.004986,-0.169009,-0.668441,0.025306
12.264083,0.248725,0.718158,0.646381,-0.500257,-1.031476,-0.984795,0.500350,0.750506,-0.500946,0.970074,-0.053059,-0.605325,-0.547055,0.244729,-2.567735,-0.529481,2.556594,-1.694357,-2.126216,0.989281,0.872710,0.118157,0.071359,0.267834,-0.005289,-0.165824,-0.664486,0.024958
12.264989,0.241264,0.715488,0.651366,-0.500269,-1.029546,-0.983349,0.500874,0.749027,-0.487328,0.963546,-0.046521,-0.605790,-0.548403,0.244881,-2.567623,-0.529410,2.556863,-1.694364,-2.126385,0.988637,0.872738,0.115977,0.070844,0.269173,-0.005690,-0.165979,-0.658796,0.026296
12.266039,0.240521,0.714750,0.649679,-0.500890,-1.027809,-0.983355,0.499655,0.748233,-0.469059,0.956220,-0.037811,-0.606374,-0.550317,0.245095,-2.567498,-0.529338,2.557121,-1.694370,-2.126553,0.987979,0.872763,0.118570,0.071621,0.265279,-0.005926,-0.167371,-0.658675,0.025192
12.267061,0.239224,0.713343,0.649646,-0.501135,-1.029499,-0.983859,0.500524,0.748470,-0.450591,0.949613,-0.029223,-0.606903,-0.552471,0.245391,-2.567380,-0.529266,2.557384,-1.694375,-2.126721,0.987321,0.872797,0.117857,0.071466,0.265018,-0.005620,-0.168732,-0.657398,0.027611
12.268073,0.230331,0.714831,0.652064,-0.500008,-1.027706,-0.982643,0.499920,0.750508,-0.434557,0.945014,-0.021963,-0.607338,-0.554676,0.245765,-2.567264,-0.529197,2.557644,-1.694382,-2.126884,0.986678,0.872821,0.117475,0.071669,0.263872,-0.005676,-0.166649,-0.655652,0.025808
12.268996,0.227364,0.712874,0.645981,-0.499349,-1.023192,-0.980844,0.500817,0.753418,-0.419830,0.941503,-0.015378,-0.607820,-0.557011,0.246190,-2.567138,-0.529130,2.557903,-1.694390,-2.127056,0.986027,0.872851,0.120790,0.070437,0.261487,-0.007063,-0.168019,-0.655574,0.027008
12.270165,0.226216,0.713498,0.648371,-0.500262,-1.025013,-0.981609,0.499340,0.751836,-0.403614,0.934654,-0.008862,-0.608340,-0.559630,0.246650,-2.567014,-0.529057,2.558170,-1.694399,-2.127232,0.985382,0.872871,0.121076,0.070848,0.263140,-0.007890,-0.171937,-0.655878,0.025172
12.271145,0.225619,0.713727,0.645753,-0.501371,-1.022192,-0.983399,0.500368,0.743772,-0.385146,0.922822,-0.002344,-0.608873,-0.562515,0.247128,-2.566894,-0.528989,2.558426,-1.694405,-2.127402,0.984730,0.872906,0.120605,0.070087,0.261082,-0.007322,-0.169809,-0.654177,0.028125
12.272007,0.219401,0.717307,0.644764,-0.502028,-1.021206,-0.984835,0.499343,0.733520,-0.365694,0.909242,0.004224,-0.609555,-0.565506,0.247599,-2.566775,-0.528921,2.558683,-1.694412,-2.127579,0.984084,0.872928,0.119810,0.069478,0.261212,-0.006486,-0.172125,-0.651008,0.026004
12.273010,0.215365,0.714306,0.649460,-0.499422,-1.019708,-0.985749,0.498284,0.721998,-0.344172,0.894236,0.011155,-0.610413,-0.568683,0.248035,-2.566650,-0.528860,2.558940,-1.694418,-2.127753,0.983451,0.872959,0.121745,0.067227,0.260270,-0.006046,-0.172426,-0.647985,0.028038
12.274040,0.214136,0.712258,0.645990,-0.501343,-1.017620,-0.987080,0.498595,0.708194,-0.319066,0.876709,0.019194,-0.611482,-0.572191,0.248432,-2.566525,-0.528792,2.559192,-1.694433,-2.127931,0.982811,0.872996,0.122601,0.068265,0.256804,-0.008764,-0.173395,-0.645812,0.030084
12.275140,0.208043,0.711595,0.648649,-0.500878,-1.016341,-0.986700,0.497553,0.694688,-0.293496,0.859217,0.027905,-0.612788,-0.575903,0.248783,-2.566403,-0.528721,2.559448,-1.694437,-2.128108,0.982165,0.873022,0.122102,0.068767,0.257488,-0.007165,-0.174994,-0.643241,0.029408
12.276018,0.207228,0.711223,0.644244,-0.500225,-1.015040,-0.982270,0.496913,0.681919,-0.271347,0.843004,0.035375,-0.614070,-0.579725,0.249085,-2.566276,-0.528655,2.559698,-1.694446,-2.128283,0.981525,0.873057,0.124028,0.068657,0.255247,-0.007920,-0.175885,-0.642624,0.031464
12.277010,0.205100,0.710200,0.645291,-0.498819,-1.013100,-0.976179,0.495676,0.668369,-0.252466,0.826982,0.041360,-0.615158,-0.583748,0.249356,-2.566153,-0.528586,2.559959,-1.694455,-2.128458,0.980871,0.873092,0.123238,0.068291,0.256039,-0.008738,-0.176525,-0.645418,0.032666
12.278107,0.199342,0.708155,0.646077,-0.497895,-1.012038,-0.974075,0.495816,0.655444,-0.235303,0.811709,0.047402,-0.616204,-0.587972,0.249610,-2.566032,-0.528518,2.560206,-1.694467,-2.128641,0.980218,0.873131,0.123195,0.068313,0.254429,-0.010280,-0.177875,-0.650152,0.035072
12.279031,0.201621,0.710337,0.642030,-0.497836,-1.010359,-0.970429,0.495568,0.644692,-0.219995,0.798275,0.054148,-0.617282,-0.592219,0.249845,-2.565904,-0.528449,2.560458,-1.694480,-2.128824,0.979554,0.873165,0.124939,0.068868,0.253124,-0.011359,-0.178466,-0.651047,0.034713
12.279974,0.196750,0.706500,0.643006,-0.499925,-1.010423,-0.967855,0.494973,0.636089,-0.205948,0.786509,0.061916,-0.618350,-0.596411,0.250052,-2.565785,-0.528383,2.560713,-1.694492,-2.129004,0.978890,0.873202,0.122646,0.067263,0.253884,-0.011534,-0.179495,-0.653088,0.035139
12.281071,0.195154,0.704853,0.639116,-0.500560,-1.009897,-0.965815,0.495254,0.629962,-0.193300,0.776681,0.070141,-0.619266,-0.600415,0.250239,-2.565660,-0.528311,2.560960,-1.694499,-2.129183,0.978238,0.873239,0.123951,0.068652,0.252223,-0.009672,-0.178800,-0.654161,0.036258
12.281997,0.189347,0.708202,0.640076,-0.501190,-1.008660,-0.964451,0.495022,0.624899,-0.185512,0.768735,0.076003,-0.619668,-0.603895,0.250427,-2.565538,-0.528240,2.561217,-1.694508,-2.129363,0.977577,0.873274,0.123646,0.068970,0.253226,-0.009318,-0.178895,-0.655048,0.035622
12.283010,0.191289,0.705033,0.639909,-0.500700,-1.008747,-0.962209,0.494710,0.617601,-0.181876,0.760275,0.078674,-0.619397,-0.606871,0.250625,-2.565408,-0.528177,2.561465,-1.694516,-2.129542,0.976926,0.873312,0.125332,0.066818,0.251524,-0.008875,-0.179499,-0.654868,0.036017
12.284043,0.190713,0.702259,0.633459,-0.499162,-1.007370,-0.958843,0.494473,0.609112,-0.179027,0.751266,0.079987,-0.618736,-0.609570,0.250834,-2.565288,-0.528107,2.561714,-1.694528,-2.129723,0.976267,0.873350,0.123234,0.067928,0.250566,-0.009552,-0.178849,-0.655767,0.036567
12.285053,0.187946,0.699829,0.634658,-0.499021,-1.007387,-0.956774,0.493934,0.603880,-0.177244,0.744805,0.081239,-0.618093,-0.611986,0.251058,-2.565166,-0.528037,2.561969,-1.694543,-2.129904,0.975601,0.873389,0.122422,0.068806,0.252752,-0.011175,-0.179711,-0.657795,0.036965
12.285985,0.184872,0.700302,0.631663,-0.497564,-1.007118,-0.954866,0.492926,0.602769,-0.177438,0.741609,0.082680,-0.617659,-0.614096,0.251296,-2.565042,-0.527969,2.562216,-1.694554,-2.130086,0.974945,0.873430,0.122678,0.069530,0.251093,-0.011472,-0.179119,-0.658507,0.037960
12.287121,0.185819,0.700168,0.632388,-0.497663,-1.007903,-0.953068,0.492867,0.604173,-0.178591,0.740359,0.084552,-0.617502,-0.615989,0.251549,-2.564919,-0.527903,2.562471,-1.694570,-2.130266,0.974287,0.873476,0.123062,0.068787,0.251338,-0.012978,-0.178749,-0.658848,0.039875
12.288002,0.181151,0.696144,0.626357,-0.497694,-1.006551,-0.951418,0.492029,0.608239,-0.178157,0.740631,0.088038,-0.617812,-0.617783,0.251800,-2.564799,-0.527835,2.562716,-1.694585,-2.130441,0.973635,0.873517,0.121527,0.068408,0.250208,-0.012994,-0.177616,-0.659653,0.039894
12.288992,0.178488,0.698440,0.625692,-0.497702,-1.006129,-0.951088,0.491808,0.614358,-0.175960,0.742017,0.092770,-0.618573,-0.619380,0.252029,-2.564675,-0.527761,2.562972,-1.694597,-2.130620,0.972974,0.873562,0.122702,0.069837,0.251875,-0.013064,-0.178299,-0.659590,0.041475
12.289986,0.178581,0.702031,0.627043,-0.497640,-1.003356,-0.954311,0.490461,0.618348,-0.172429,0.741768,0.097213,-0.619482,-0.620633,0.252225,-2.564550,-0.527695,2.563224,-1.694610,-2.130797,0.972312,0.873603,0.122872,0.068181,0.251066,-0.013174,-0.178173,-0.658477,0.041815
12.291060,0.176183,0.698594,0.623560,-0.498433,-1.001444,-0.957914,0.490525,0.619913,-0.164197,0.738953,0.102603,-0.620545,-0.621635,0.252378,-2.564430,-0.527632,2.563467,-1.694622,-2.130982,0.971675,0.873654,0.121721,0.065956,0.249377,-0.013361,-0.180350,-0.653949,0.044406
12.291973,0.177318,0.697349,0.622143,-0.499676,-1.001928,-0.959604,0.490495,0.621996,-0.149792,0.735343,0.109948,-0.621810,-0.622438,0.252470,-2.564310,-0.527562,2.563718,-1.694636,-2.131168,0.971035,0.873696,0.121861,0.067217,0.250195,-0.012710,-0.181734,-0.649255,0.044162
12.293069,0.175167,0.695822,0.623752,-0.499729,-1.001942,-0.966322,0.490280,0.625206,-0.133253,0.732382,0.117105,-0.622976,-0.622857,0.252488,-2.564194,-0.527494,2.563967,-1.694645,-2.131344,0.970390,0.873741,0.120196,0.067307,0.249657,-0.011628,-0.180594,-0.646051,0.044113
12.294016,0.176853,0.694432,0.620571,-0.500048,-1.002501,-0.966187,0.489770,0.631508,-0.118549,0.732422,0.122497,-0.623895,-0.622777,0.252436,-2.564076,-0.527427,2.564212,-1.694658,-2.131526,0.969768,0.873788,0.120250,0.067619,0.248017,-0.011752,-0.180135,-0.638369,0.044444
12.295025,0.173647,0.691838,0.618247,-0.498235,-1.002522,-0.968377,0.489333,0.643209,-0.106703,0.737300,0.126418,-0.624664,-0.622327,0.252332,-2.563962,-0.527358,2.564462,-1.694669,-2.131701,0.969132,0.873834,0.118346,0.067792,0.248450,-0.011583,-0.178991,-0.637177,0.045360
12.296011,0.174625,0.690104,0.613543,-0.499095,-0.999670,-0.964483,0.488759,0.659562,-0.097057,0.746268,0.129728,-0.625400,-0.621716,0.252210,-2.563843,-0.527289,2.564708,-1.694685,-2.131881,0.968508,0.873881,0.118895,0.068592,0.248586,-0.013481,-0.178434,-0.633813,0.046121
12.296978,0.172317,0.686955,0.614790,-0.498921,-1.000474,-0.967438,0.488533,0.677442,-0.088964,0.756918,0.132694,-0.626098,-0.621070,0.252115,-2.563727,-0.527220,2.564961,-1.694698,-2.132064,0.967865,0.873933,0.117344,0.068948,0.249819,-0.012695,-0.180704,-0.636436,0.047139
12.298126,0.169968,0.688079,0.613376,-0.498584,-0.999053,-0.966487,0.486837,0.695410,-0.083811,0.768567,0.134383,-0.626669,-0.620313,0.252081,-2.563609,-0.527147,2.565203,-1.694713,-2.132240,0.967235,0.873980,0.117433,0.069972,0.248120,-0.012953,-0.179303,-0.632108,0.047468
12.299082,0.169980,0.686677,0.616180,-0.499867,-0.996459,-0.967713,0.488070,0.731746,-0.081753,0.794820,0.134389,-0.627716,-0.618237,0.252234,-2.563379,-0.527009,2.565694,-1.694738,-2.132613,0.965979,0.874079,0.116549,0.069124,0.245574,-0.012296,-0.182239,-0.629715,0.048131
12.300012,0.167345,0.686903,0.620250,-0.498917,-0.996184,-0.967346,0.486342,0.731746,-0.081753,0.794820,0.134389,-0.627716,-0.618237,0.252234,-2.563379,-0.527009,2.565694,-1.694738,-2.132613,0.965979,0.874079,0.116549,0.069124,0.245574,-0.012296,-0.182239,-0.629715,0.048131
12.300973,0.165823,0.687893,0.617882,-0.500826,-0.995079,-0.971987,0.485922,0.781065,-0.087647,0.833407,0.133387,-0.629542,-0.614663,0.252538,-2.563144,-0.526875,2.566172,-1.694763,-2.132980,0.964739,0.874190,0.116480,0.067509,0.242643,-0.011566,-0.182283,-0.622817,0.052159
12.302069,0.155137,0.685854,0.615873,-0.500489,-0.994916,-0.973347,0.485246,0.781065,-0.087647,0.833407,0.133387,-0.629542,-0.614663,0.252538,-2.563144,-0.526875,2.566172,-1.694763,-2.132980,0.964739,0.874190,0.116480,0.067509,0.242643,-0.011566,-0.182283,-0.622817,0.052159
12.303056,0.153493,0.684939,0.617668,-0.499057,-0.990655,-0.974663,0.484304,0.804694,-0.090062,0.852396,0.132724,-0.630623,-0.612570,0.252741,-2.563014,-0.526808,2.566415,-1.694776,-2.133158,0.964118,0.874247,0.120688,0.068098,0.242843,-0.012089,-0.182022,-0.620574,0.053374
12.303985,0.149562,0.682815,0.616344,-0.498978,-0.987904,-0.971177,0.484602,0.816453,-0.090016,0.862771,0.130810,-0.631391,-0.610654,0.252985,-2.562896,-0.526742,2.566653,-1.694790,-2.133352,0.963508,0.874308,0.120383,0.068073,0.240964,-0.013610,-0.185611,-0.618130,0.055098
12.305094,0.146303,0.680394,0.616490,-0.498559,-0.985770,-0.972966,0.482612,0.817909,-0.088563,0.865797,0.127921,-0.631954,-0.608930,0.253262,-2.562773,-0.526674,2.566894,-1.694803,-2.133548,0.962880,0.874361,0.121208,0.068623,0.240533,-0.013772,-0.187542,-0.620275,0.054332
12.305982,0.147467,0.681454,0.615113,-0.497130,-0.981020,-0.968708,0.483600,0.812659,-0.087970,0.864459,0.123819,-0.632413,-0.607325,0.253576,-2.562650,-0.526602,2.567132,-1.694818,-2.133738,0.962258,0.874427,0.121741,0.069329,0.239740,-0.014320,-0.189150,-0.617550,0.058180
12.307016,0.144487,0.673374,0.617506,-0.497030,-0.979167,-0.965791,0.482396,0.803969,-0.088550,0.860982,0.119172,-0.632933,-0.605886,0.253928,-2.562534,-0.526536,2.567372,-1.694837,-2.133941,0.961635,0.874478,0.120055,0.068279,0.239251,-0.015702,-0.193002,-0.620405,0.056011
12.307990,0.143473,0.674829,0.617400,-0.497043,-0.978006,-0.960812,0.482164,0.797496,-0.092193,0.859655,0.114477,-0.633718,-0.604429,0.254301,-2.562412,-0.526455,2.567607,-1.694853,-2.134137,0.961006,0.874541,0.120458,0.071731,0.237216,-0.015837,-0.194153,-0.622185,0.058286
12.309073,0.140437,0.673450,0.612819,-0.497102,-0.974421,-0.960692,0.481669,0.799034,-0.119793,0.871467,0.101072,-0.635756,-0.600103,0.255114,-2.562174,-0.526317,2.568080,-1.694885,-2.134539,0.959749,0.874663,0.120346,0.070666,0.237871,-0.015905,-0.197453,-0.624991,0.059398
12.310069,0.133504,0.671842,0.613838,-0.497692,-0.972260,-0.960957,0.480636,0.797867,-0.137618,0.876594,0.092935,-0.636570,-0.597505,0.255535,-2.562046,-0.526243,2.568310,-1.694900,-2.134739,0.959123,0.874728,0.122631,0.070913,0.236484,-0.015376,-0.198833,-0.623520,0.061289
12.311058,0.132894,0.667463,0.613221,-0.496727,-0.968625,-0.958169,0.480613,0.790306,-0.157116,0.877347,0.082997,-0.636897,-0.594674,0.255929,-2.561926,-0.526170,2.568545,-1.694918,-2.134950,0.958500,0.874789,0.121815,0.072553,0.235885,-0.016359,-0.201602,-0.625136,0.061148
12.311989,0.132271,0.670424,0.611278,-0.497144,-0.966896,-0.958314,0.479926,0.779947,-0.178119,0.876179,0.072211,-0.636891,-0.591593,0.256252,-2.561806,-0.526104,2.568783,-1.694932,-2.135155,0.957870,0.874854,0.120999,0.070548,0.235804,-0.015984,-0.202422,-0.623571,0.062344
12.313177,0.129009,0.669051,0.612795,-0.497615,-0.966217,-0.958694,0.479503,0.769570,-0.197358,0.874254,0.062630,-0.636769,-0.588559,0.256479,-2.561683,-0.526033,2.569013,-1.694949,-2.135357,0.957255,0.874919,0.121585,0.070787,0.234555,-0.015632,-0.202542,-0.622545,0.063019
12.314030,0.128557,0.669607,0.613469,-0.498838,-0.963836,-0.958574,0.479654,0.769570,-0.197358,0.874254,0.062630,-0.636769,-0.588559,0.256479,-2.561683,-0.526033,2.569013,-1.694949,-2.135357,0.957255,0.874919,0.121585,0.070787,0.234555,-0.015632,-0.202542,-0.622545,0.063019
12.315032,0.123861,0.667691,0.615458,-0.497451,-0.960853,-0.955325,0.478596,0.754600,-0.229014,0.872362,0.047419,-0.636270,-0.583330,0.256649,-2.561441,-0.525892,2.569470,-1.694982,-2.135772,0.956004,0.875052,0.121905,0.070390,0.231297,-0.015822,-0.206092,-0.623203,0.064454
12.315994,0.124154,0.663709,0.610382,-0.497741,-0.959280,-0.951772,0.477746,0.754600,-0.229014,0.872362,0.047419,-0.636270,-0.583330,0.256649,-2.561441,-0.525892,2.569470,-1.694982,-2.135772,0.956004,0.875052,0.121905,0.070390,0.231297,-0.015822,-0.206092,-0.623203,0.064454
12.317178,0.122728,0.663165,0.608387,-0.498454,-0.957843,-0.951154,0.477649,0.751093,-0.244148,0.874017,0.040689,-0.635817,-0.581159,0.256639,-2.561323,-0.525820,2.569707,-1.694997,-2.135981,0.955379,0.875121,0.120649,0.071835,0.232876,-0.015580,-0.206755,-0.625476,0.065948
12.318080,0.121134,0.656379,0.609522,-0.496964,-0.956656,-0.948605,0.478327,0.748012,-0.260622,0.876253,0.033395,-0.635066,-0.579263,0.256601,-2.561201,-0.525748,2.569943,-1.695012,-2.136190,0.954755,0.875185,0.120312,0.071603,0.233312,-0.015029,-0.207574,-0.625355,0.065962
12.319070,0.117117,0.656528,0.606784,-0.496865,-0.956605,-0.948593,0.477501,0.745602,-0.279832,0.879479,0.024936,-0.634015,-0.577525,0.256542,-2.561078,-0.525667,2.570168,-1.695032,-2.136397,0.954133,0.875250,0.119954,0.074352,0.231756,-0.016429,-0.207808,-0.626503,0.064399
12.319998,0.117456,0.660743,0.605838,-0.497977,-0.955866,-0.949333,0.476082,0.743292,-0.324500,0.888490,0.006460,-0.631571,-0.574003,0.256455,-2.560836,-0.525530,2.570630,-1.695064,-2.136807,0.952888,0.875395,0.119544,0.071098,0.231753,-0.015469,-0.206876,-0.623191,0.068497
12.321086,0.117583,0.658312,0.611947,-0.496995,-0.952994,-0.954320,0.476538,0.743292,-0.324500,0.888490,0.006460,-0.631571,-0.574003,0.256455,-2.560836,-0.525530,2.570630,-1.695064,-2.136807,0.952888,0.875395,0.119544,0.071098,0.231753,-0.015469,-0.206876,-0.623191,0.068497
12.322061,0.112768,0.658003,0.607290,-0.499478,-0.952215,-0.956857,0.475287,0.750963,-0.352443,0.899752,-0.002453,-0.630177,-0.571309,0.256457,-2.560600,-0.525387,2.571084,-1.695092,-2.137232,0.951685,0.875536,0.119795,0.071433,0.229562,-0.014171,-0.208842,-0.613718,0.069679
12.323115,0.108952,0.659514,0.604479,-0.500272,-0.952140,-0.959983,0.474755,0.750963,-0.352443,0.899752,-0.002453,-0.630177,-0.571309,0.256457,-2.560600,-0.525387,2.571084,-1.695092,-2.137232,0.951685,0.875536,0.119795,0.071433,0.229562,-0.014171,-0.208842,-0.613718,0.069679
12.324016,0.109908,0.658593,0.603785,-0.499934,-0.951309,-0.961239,0.473741,0.754692,-0.359924,0.903749,-0.005240,-0.629531,-0.570410,0.256446,-2.560478,-0.525319,2.571314,-1.695105,-2.137435,0.951082,0.875608,0.120592,0.070198,0.230227,-0.013562,-0.208189,-0.609675,0.070522
12.325002,0.110938,0.657955,0.597008,-0.500927,-0.951996,-0.965374,0.474365,0.744617,-0.355762,0.895109,-0.008696,-0.627608,-0.570569,0.256357,-2.560248,-0.525177,2.571780,-1.695132,-2.137844,0.949894,0.875750,0.117471,0.069901,0.232017,-0.013071,-0.206580,-0.601983,0.070853
12.326058,0.107532,0.655248,0.600644,-0.500258,-0.953396,-0.966145,0.473907,0.744617,-0.355762,0.895109,-0.008696,-0.627608,-0.570569,0.256357,-2.560248,-0.525177,2.571780,-1.695132,-2.137844,0.949894,0.875750,0.117471,0.069901,0.232017,-0.013071,-0.206580,-0.601983,0.070853
12.327057,0.109917,0.656050,0.599951,-0.500049,-0.952101,-0.965170,0.473287,0.737334,-0.346552,0.887440,-0.008422,-0.626621,-0.571718,0.256252,-2.560129,-0.525106,2.572003,-1.695149,-2.138044,0.949304,0.875825,0.118141,0.070746,0.229512,-0.013805,-0.204486,-0.600419,0.071571
12.327991,0.107968,0.653390,0.597905,-0.500584,-0.953489,-0.963860,0.472379,0.733075,-0.336030,0.881550,-0.006965,-0.625762,-0.573356,0.256121,-2.560017,-0.525038,2.572231,-1.695162,-2.138249,0.948708,0.875898,0.115919,0.069839,0.229057,-0.014121,-0.204999,-0.600395,0.072599
12.328969,0.107056,0.651798,0.598663,-0.499788,-0.954012,-0.966450,0.471660,0.742354,-0.317484,0.883043,-0.000752,-0.624727,-0.577233,0.255848,-2.559790,-0.524896,2.572691,-1.695190,-2.138644,0.947514,0.876052,0.115303,0.070896,0.227857,-0.014553,-0.201495,-0.596818,0.075389
12.330085,0.105183,0.655415,0.591475,-0.501452,-0.954876,-0.963838,0.471905,0.751089,-0.309152,0.886985,0.003454,-0.624406,-0.579363,0.255715,-2.559675,-0.524831,2.572927,-1.695201,-2.138844,0.946911,0.876122,0.115251,0.068644,0.230796,-0.013101,-0.200013,-0.598728,0.074683
12.331068,0.103003,0.654833,0.592033,-0.499643,-0.955204,-0.965895,0.469389,0.755762,-0.296130,0.886986,0.009660,-0.624159,-0.581841,0.255600,-2.559559,-0.524763,2.573154,-1.695217,-2.139042,0.946328,0.876211,0.115295,0.068451,0.229649,-0.014981,-0.198938,-0.595643,0.079489
12.332020,0.103903,0.653497,0.590734,-0.501319,-0.955009,-0.966169,0.470216,0.756734,-0.278447,0.883278,0.018093,-0.624053,-0.584546,0.255517,-2.559448,-0.524695,2.573382,-1.695227,-2.139238,0.945734,0.876284,0.113824,0.068615,0.229406,-0.013439,-0.198360,-0.594265,0.077547
12.333088,0.103209,0.655585,0.586536,-0.502893,-0.953458,-0.971345,0.469660,0.756252,-0.259006,0.878143,0.027410,-0.623998,-0.587311,0.255458,-2.559336,-0.524632,2.573613,-1.695233,-2.139439,0.945149,0.876366,0.113210,0.067144,0.230795,-0.012177,-0.199240,-0.588271,0.078443
12.334070,0.104162,0.657784,0.588279,-0.502642,-0.953314,-0.972645,0.468406,0.756252,-0.259006,0.878143,0.027410,-0.623998,-0.587311,0.255458,-2.559336,-0.524632,2.573613,-1.695233,-2.139439,0.945149,0.876366,0.113210,0.067144,0.230795,-0.012177,-0.199240,-0.588271,0.078443
12.334980,0.107473,0.652269,0.582887,-0.504355,-0.953053,-0.972197,0.469199,0.754842,-0.237066,0.871796,0.037611,-0.623960,-0.590332,0.255439,-2.559229,-0.524569,2.573842,-1.695247,-2.139637,0.944571,0.876451,0.111774,0.065611,0.229041,-0.012558,-0.198611,-0.586060,0.080701
12.336062,0.099433,0.650202,0.586216,-0.505074,-0.953498,-0.968018,0.467002,0.760561,-0.197802,0.866354,0.057234,-0.624075,-0.596730,0.255565,-2.559005,-0.524429,2.574297,-1.695265,-2.140028,0.943392,0.876626,0.112187,0.068383,0.228432,-0.010546,-0.196993,-0.588775,0.082979
12.337016,0.097703,0.652792,0.582731,-0.504443,-0.956116,-0.968303,0.467098,0.762814,-0.188323,0.865977,0.062016,-0.623762,-0.599621,0.255712,-2.558894,-0.524365,2.574531,-1.695277,-2.140218,0.942796,0.876708,0.112022,0.066607,0.229238,-0.011306,-0.193632,-0.587318,0.082488
12.337984,0.097829,0.651911,0.579961,-0.504544,-0.958103,-0.963660,0.466111,0.762814,-0.188323,0.865977,0.062016,-0.623762,-0.599621,0.255712,-2.558894,-0.524365,2.574531,-1.695277,-2.140218,0.942796,0.876708,0.112022,0.066607,0.229238,-0.011306,-0.193632,-0.587318,0.082488
12.339070,0.099321,0.651889,0.579778,-0.505754,-0.955757,-0.960332,0.465512,0.760424,-0.180363,0.863012,0.065808,-0.623384,-0.602606,0.255885,-2.558784,-0.524299,2.574765,-1.695287,-2.140405,0.942194,0.876797,0.110966,0.066587,0.229672,-0.011392,-0.190984,-0.590877,0.084199
12.340023,0.092642,0.649057,0.581421,-0.505811,-0.955225,-0.954929,0.465002,0.756529,-0.172608,0.859247,0.070066,-0.623184,-0.605641,0.256051,-2.558679,-0.524235,2.574990,-1.695294,-2.140602,0.941600,0.876886,0.109326,0.066180,0.229145,-0.010472,-0.192754,-0.593418,0.085119
12.340993,0.093311,0.645681,0.579846,-0.506367,-0.955974,-0.955773,0.464338,0.750381,-0.170806,0.856793,0.073562,-0.622659,-0.610216,0.256300,-2.558453,-0.524095,2.575441,-1.695314,-2.140984,0.940390,0.877066,0.110292,0.068244,0.227393,-0.010214,-0.191083,-0.595603,0.086894
12.342168,0.093311,0.648190,0.579234,-0.507707,-0.957829,-0.954061,0.463948,0.748421,-0.180059,0.859053,0.071082,-0.622088,-0.611385,0.256343,-2.558344,-0.524032,2.575669,-1.695321,-2.141169,0.939796,0.877153,0.109394,0.066584,0.227229,-0.009210,-0.188832,-0.596795,0.087411
12.343024,0.089158,0.647588,0.576605,-0.507644,-0.959350,-0.952836,0.463799,0.748421,-0.180059,0.859053,0.071082,-0.622088,-0.611385,0.256343,-2.558344,-0.524032,2.575669,-1.695321,-2.141169,0.939796,0.877153,0.109394,0.066584,0.227229,-0.009210,-0.188832,-0.596795,0.087411
12.343956,0.083873,0.646636,0.571530,-0.509168,-0.958260,-0.949146,0.462503,0.747094,-0.191752,0.862441,0.067831,-0.621451,-0.612099,0.256317,-2.558231,-0.523965,2.575900,-1.695332,-2.141351,0.939194,0.877241,0.110433,0.066380,0.227420,-0.009389,-0.186553,-0.596592,0.087418
12.344989,0.084732,0.643748,0.572272,-0.510972,-0.960839,-0.950760,0.461466,0.740225,-0.202503,0.861815,0.064105,-0.620561,-0.612627,0.256254,-2.558118,-0.523900,2.576129,-1.695338,-2.141538,0.938599,0.877335,0.112047,0.066378,0.229009,-0.008121,-0.186957,-0.599124,0.089727
12.346045,0.084240,0.643806,0.567197,-0.511003,-0.960437,-0.947993,0.460717,0.724448,-0.213612,0.855112,0.058238,-0.619109,-0.613014,0.256192,-2.558009,-0.523831,2.576356,-1.695343,-2.141713,0.937998,0.877428,0.110633,0.067342,0.227872,-0.006644,-0.183877,-0.596504,0.091502
12.347074,0.079466,0.639677,0.567095,-0.510743,-0.962339,-0.946859,0.461748,0.703844,-0.227080,0.845551,0.049953,-0.617149,-0.613288,0.256145,-2.557899,-0.523764,2.576587,-1.695350,-2.141895,0.937395,0.877525,0.109927,0.066831,0.229705,-0.006917,-0.183801,-0.598407,0.092687
12.347992,0.077700,0.640306,0.563192,-0.512559,-0.963663,-0.941596,0.459323,0.680658,-0.242392,0.834409,0.040350,-0.614856,-0.613594,0.256105,-2.557786,-0.523693,2.576814,-1.695359,-2.142074,0.936801,0.877615,0.111345,0.068394,0.228986,-0.007416,-0.181361,-0.598600,0.090312
12.349018,0.080748,0.639225,0.564742,-0.513095,-0.964620,-0.939386,0.458256,0.626212,-0.277764,0.806916,0.017962,-0.609436,-0.614285,0.256114,-2.557571,-0.523558,2.577271,-1.695368,-2.142421,0.935586,0.877821,0.108750,0.067621,0.228403,-0.005676,-0.178039,-0.603777,0.096661
12.350084,0.080692,0.642347,0.565956,-0.512087,-0.966960,-0.938217,0.457035,0.626212,-0.277764,0.806916,0.017962,-0.609436,-0.614285,0.256114,-2.557571,-0.523558,2.577271,-1.695368,-2.142421,0.935586,0.877821,0.108750,0.067621,0.228403,-0.005676,-0.178039,-0.603777,0.096661
12.351060,0.077600,0.640673,0.560704,-0.513183,-0.971682,-0.935892,0.456986,0.606275,-0.296006,0.798085,0.008293,-0.607047,-0.614579,0.256155,-2.557465,-0.523496,2.577495,-1.695377,-2.142590,0.934985,0.877926,0.107892,0.065645,0.227160,-0.006958,-0.175325,-0.604066,0.098769
12.351997,0.074510,0.638690,0.558724,-0.514261,-0.972336,-0.931731,0.455569,0.595239,-0.310300,0.794273,0.002999,-0.605411,-0.614931,0.256145,-2.557355,-0.523429,2.577727,-1.695381,-2.142747,0.934374,0.878022,0.108472,0.066010,0.228919,-0.006167,-0.170219,-0.605232,0.098532
12.353036,0.072587,0.642126,0.559138,-0.515256,-0.974530,-0.933625,0.454626,0.586197,-0.320548,0.790669,0.000560,-0.604203,-0.615177,0.256056,-2.557246,-0.523363,2.577959,-1.695385,-2.142915,0.933771,0.878130,0.109030,0.066519,0.228909,-0.005398,-0.169094,-0.608199,0.101035
12.354035,0.074177,0.640489,0.555631,-0.517583,-0.977392,-0.937847,0.454927,0.574960,-0.328016,0.784768,-0.001041,-0.603070,-0.615069,0.255888,-2.557137,-0.523302,2.578186,-1.695389,-2.143076,0.933167,0.878233,0.109037,0.064375,0.227959,-0.004766,-0.166566,-0.605285,0.102579
12.355086,0.072666,0.640454,0.556695,-0.518079,-0.977991,-0.940505,0.453780,0.562636,-0.331773,0.777171,-0.001670,-0.601985,-0.614642,0.255633,-2.557033,-0.523234,2.578417,-1.695389,-2.143233,0.932577,0.878334,0.107327,0.064730,0.228880,-0.002848,-0.163364,-0.600061,0.101621
12.356172,0.074939,0.642755,0.558190,-0.520560,-0.980060,-0.941162,0.453663,0.551847,-0.332751,0.769900,-0.001645,-0.600942,-0.613938,0.255294,-2.556927,-0.523171,2.578644,-1.695392,-2.143393,0.931997,0.878441,0.107190,0.064320,0.227632,-0.002777,-0.162497,-0.596638,0.103598
12.357022,0.074820,0.639031,0.553587,-0.520132,-0.984003,-0.943494,0.452027,0.546105,-0.332311,0.765808,-0.001169,-0.599997,-0.612948,0.254889,-2.556825,-0.523110,2.578868,-1.695387,-2.143548,0.931408,0.878546,0.105188,0.062777,0.226281,-0.000852,-0.160218,-0.595254,0.103477
12.358028,0.073006,0.635037,0.551217,-0.520232,-0.986054,-0.948445,0.452188,0.548094,-0.330976,0.766962,0.000072,-0.599254,-0.611741,0.254442,-2.556722,-0.523041,2.579093,-1.695390,-2.143694,0.930830,0.878660,0.104310,0.064120,0.227539,-0.001614,-0.155847,-0.591612,0.106387
12.359061,0.070473,0.636352,0.553354,-0.521048,-0.990263,-0.948437,0.451444,0.555877,-0.330373,0.772262,0.001483,-0.598615,-0.610439,0.253982,-2.556617,-0.522973,2.579321,-1.695394,-2.143844,0.930255,0.878765,0.104319,0.065621,0.227919,-0.001849,-0.153562,-0.585768,0.105686
12.359998,0.063306,0.637322,0.551321,-0.523092,-0.992577,-0.949406,0.450440,0.566243,-0.331415,0.779637,0.002433,-0.597960,-0.609164,0.253528,-2.556512,-0.522908,2.579546,-1.695395,-2.143982,0.929674,0.878875,0.104633,0.064454,0.225834,-0.001399,-0.149051,-0.584544,0.106816
12.361066,0.063436,0.633494,0.547463,-0.522017,-0.994546,-0.948819,0.450138,0.575391,-0.332269,0.786224,0.002801,-0.597210,-0.608035,0.253118,-2.556401,-0.522846,2.579770,-1.695391,-2.144123,0.929103,0.878988,0.107172,0.063471,0.225634,0.000237,-0.146277,-0.581975,0.108425
12.362065,0.063989,0.638031,0.546189,-0.522839,-0.998193,-0.952379,0.448479,0.578595,-0.331455,0.788482,0.002213,-0.596243,-0.607095,0.252780,-2.556297,-0.522777,2.580000,-1.695395,-2.144258,0.928520,0.879099,0.106117,0.064851,0.226455,-0.001154,-0.144017,-0.581180,0.108631
12.363063,0.061276,0.638382,0.549078,-0.523720,-0.997789,-0.954111,0.448456,0.577103,-0.327623,0.786813,0.002054,-0.595300,-0.606389,0.252507,-2.556195,-0.522718,2.580223,-1.695395,-2.144390,0.927956,0.879217,0.104892,0.062103,0.225957,-0.000669,-0.140024,-0.576157,0.111558
12.364046,0.058208,0.635836,0.543475,-0.522589,-0.999443,-0.955039,0.447658,0.575849,-0.318364,0.784027,0.004623,-0.594789,-0.606015,0.252276,-2.556088,-0.522660,2.580442,-1.695393,-2.144531,0.927389,0.879326,0.105257,0.061508,0.223408,-0.000186,-0.140047,-0.573000,0.111188
12.364999,0.057536,0.635425,0.538860,-0.525498,-1.002558,-0.954967,0.447873,0.571635,-0.287656,0.774476,0.015411,-0.594766,-0.605754,0.251891,-2.555878,-0.522537,2.580895,-1.695393,-2.144789,0.926259,0.879553,0.105142,0.062025,0.226110,0.000906,-0.134587,-0.569184,0.111550
12.366036,0.058551,0.636917,0.537668,-0.527324,-1.002610,-0.958536,0.446702,0.563785,-0.270575,0.765256,0.020096,-0.594694,-0.605609,0.251726,-2.555778,-0.522478,2.581120,-1.695387,-2.144921,0.925699,0.879668,0.103712,0.060829,0.225589,0.002218,-0.134271,-0.564258,0.113514
12.367117,0.055954,0.629049,0.533929,-0.529040,-1.005125,-0.960935,0.447151,0.563785,-0.270575,0.765256,0.020096,-0.594694,-0.605609,0.251726,-2.555778,-0.522478,2.581120,-1.695387,-2.144921,0.925699,0.879668,0.103712,0.060829,0.225589,0.002218,-0.134271,-0.564258,0.113514
12.368168,0.052457,0.632665,0.533529,-0.527924,-1.006793,-0.961299,0.445733,0.553735,-0.256755,0.755237,0.021794,-0.594303,-0.605340,0.251570,-2.555673,-0.522408,2.581345,-1.695383,-2.145046,0.925154,0.879775,0.104075,0.064245,0.226443,0.003450,-0.131562,-0.560728,0.112215
12.368973,0.052405,0.627780,0.527450,-0.526037,-1.008279,-0.954744,0.444798,0.540985,-0.248603,0.744578,0.019539,-0.593474,-0.604954,0.251430,-2.555568,-0.522351,2.581570,-1.695383,-2.145171,0.924597,0.879895,0.104859,0.061967,0.225553,0.001937,-0.129688,-0.559105,0.114664
12.370061,0.052945,0.626941,0.530047,-0.527283,-1.009728,-0.953434,0.445471,0.525082,-0.242815,0.732111,0.015922,-0.592482,-0.604700,0.251318,-2.555467,-0.522284,2.581802,-1.695388,-2.145294,0.924024,0.880014,0.103874,0.063866,0.227074,-0.000121,-0.127766,-0.563867,0.116094
12.371038,0.052193,0.624484,0.526869,-0.528529,-1.011214,-0.952287,0.445036,0.509767,-0.238907,0.720319,0.012733,-0.591631,-0.604566,0.251215,-2.555369,-0.522222,2.582021,-1.695386,-2.145416,0.923465,0.880123,0.102733,0.063801,0.224801,0.000720,-0.126180,-0.563915,0.114338
12.372053,0.050549,0.624835,0.523195,-0.527413,-1.012872,-0.947536,0.443296,0.499453,-0.240241,0.713143,0.008921,-0.590887,-0.604347,0.251110,-2.555266,-0.522155,2.582248,-1.695384,-2.145535,0.922900,0.880238,0.102157,0.064488,0.225203,0.001567,-0.124474,-0.563587,0.114822
12.373078,0.048590,0.621413,0.521824,-0.526673,-1.013309,-0.945983,0.442319,0.493312,-0.246143,0.709859,0.004322,-0.590147,-0.604078,0.251027,-2.555162,-0.522092,2.582472,-1.695386,-2.145655,0.922326,0.880362,0.102018,0.063810,0.225916,0.000116,-0.122620,-0.566922,0.117889
12.374056,0.049565,0.622668,0.521915,-0.526113,-1.014576,-0.943008,0.443179,0.488200,-0.253625,0.707521,0.000104,-0.589454,-0.603808,0.250976,-2.555062,-0.522028,2.582697,-1.695390,-2.145779,0.921764,0.880484,0.102078,0.065036,0.225477,-0.000891,-0.121969,-0.567088,0.119395
12.374996,0.046550,0.624879,0.517838,-0.527588,-1.014796,-0.945608,0.443154,0.484847,-0.261337,0.706364,-0.002655,-0.588984,-0.603430,0.250910,-2.554964,-0.521966,2.582921,-1.695393,-2.145897,0.921188,0.880595,0.100681,0.063899,0.224256,-0.001731,-0.120489,-0.568540,0.117247
12.376058,0.043167,0.624589,0.516624,-0.527685,-1.015552,-0.944585,0.442148,0.483770,-0.266626,0.706254,-0.002923,-0.588855,-0.603017,0.250786,-2.554864,-0.521908,2.583144,-1.695389,-2.146017,0.920633,0.880712,0.101267,0.062338,0.225095,-0.000667,-0.120007,-0.564398,0.116896
12.377043,0.042778,0.621804,0.514406,-0.529052,-1.016092,-0.942566,0.441878,0.480572,-0.266242,0.703479,-0.000738,-0.588899,-0.602802,0.250624,-2.554760,-0.521847,2.583369,-1.695390,-2.146136,0.920065,0.880832,0.102005,0.062035,0.224621,-0.000925,-0.119114,-0.564142,0.118508
12.378019,0.038162,0.619670,0.516547,-0.528832,-1.014965,-0.939753,0.440731,0.462407,-0.259003,0.688989,0.003075,-0.588700,-0.602284,0.250293,-2.554553,-0.521716,2.583811,-1.695388,-2.146371,0.918930,0.881075,0.102576,0.063450,0.222370,-0.000532,-0.119313,-0.566030,0.120480
12.379141,0.038117,0.617915,0.511437,-0.529379,-1.015311,-0.940796,0.439753,0.462407,-0.259003,0.688989,0.003075,-0.588700,-0.602284,0.250293,-2.554553,-0.521716,2.583811,-1.695388,-2.146371,0.918930,0.881075,0.102576,0.063450,0.222370,-0.000532,-0.119313,-0.566030,0.120480
12.380011,0.034340,0.617452,0.507199,-0.528564,-1.018724,-0.939156,0.439640,0.450481,-0.260013,0.681346,0.001267,-0.588317,-0.601520,0.250125,-2.554453,-0.521653,2.584038,-1.695388,-2.146487,0.918364,0.881198,0.101684,0.063855,0.223985,-0.000373,-0.118904,-0.563760,0.122000
12.381035,0.034205,0.616736,0.507608,-0.528889,-1.016938,-0.936433,0.439679,0.435410,-0.262839,0.672097,-0.002336,-0.587809,-0.600694,0.249940,-2.554347,-0.521589,2.584260,-1.695391,-2.146594,0.917807,0.881319,0.102562,0.063546,0.224771,-0.001453,-0.115248,-0.563787,0.121772
12.381996,0.032633,0.615304,0.504378,-0.529439,-1.015948,-0.932224,0.439190,0.417077,-0.264763,0.660388,-0.006090,-0.587380,-0.600070,0.249725,-2.554246,-0.521526,2.584483,-1.695392,-2.146715,0.917240,0.881438,0.101693,0.063408,0.223457,-0.001452,-0.116896,-0.565135,0.121268
12.382997,0.026822,0.613901,0.502885,-0.527902,-1.014644,-0.931545,0.438559,0.398498,-0.266411,0.648498,-0.009792,-0.587164,-0.599553,0.249478,-2.554145,-0.521461,2.584705,-1.695394,-2.146837,0.916666,0.881558,0.101533,0.063607,0.223911,-0.001194,-0.117613,-0.567800,0.121833
12.383986,0.025424,0.615383,0.502864,-0.530031,-1.015645,-0.933555,0.438267,0.379426,-0.268494,0.636432,-0.013894,-0.587083,-0.599046,0.249210,-2.554038,-0.521399,2.584928,-1.695400,-2.146955,0.916105,0.881685,0.103457,0.063820,0.223515,-0.002956,-0.118729,-0.567045,0.122643
12.385156,0.022491,0.614789,0.505312,-0.531124,-1.015711,-0.932386,0.437893,0.357735,-0.269602,0.622369,-0.018117,-0.587062,-0.598657,0.248935,-2.553934,-0.521338,2.585150,-1.695397,-2.147070,0.915546,0.881809,0.103163,0.062585,0.222383,-0.001232,-0.117535,-0.563599,0.122776
12.386010,0.020963,0.612640,0.496782,-0.531492,-1.016220,-0.931986,0.438479,0.335367,-0.269648,0.607750,-0.022500,-0.587110,-0.598384,0.248659,-2.553829,-0.521273,2.585366,-1.695395,-2.147188,0.914989,0.881932,0.103703,0.062427,0.220373,-0.000616,-0.117463,-0.563757,0.123097
12.387020,0.022531,0.612743,0.493958,-0.533031,-1.017319,-0.934760,0.439291,0.313245,-0.269800,0.593516,-0.027703,-0.587145,-0.598059,0.248390,-2.553727,-0.521211,2.585595,-1.695396,-2.147303,0.914429,0.882049,0.103471,0.062982,0.223255,-0.000523,-0.116638,-0.562460,0.121485
12.387990,0.021694,0.612801,0.493912,-0.532728,-1.019226,-0.938926,0.437975,0.290048,-0.269784,0.578474,-0.033718,-0.587067,-0.597656,0.248140,-2.553629,-0.521149,2.585819,-1.695393,-2.147417,0.913871,0.882164,0.101773,0.062442,0.223518,0.000584,-0.115395,-0.558294,0.119450
12.388954,0.020389,0.614093,0.489724,-0.532058,-1.017339,-0.941005,0.437531,0.268495,-0.268356,0.564025,-0.039212,-0.587050,-0.597287,0.247945,-2.553531,-0.521092,2.586036,-1.695394,-2.147530,0.913329,0.882293,0.101300,0.061978,0.222421,-0.000053,-0.113313,-0.552770,0.121664
12.390089,0.017692,0.611204,0.487565,-0.533770,-1.019459,-0.941963,0.438330,0.251250,-0.263114,0.551359,-0.042074,-0.587365,-0.597182,0.247838,-2.553430,-0.521034,2.586261,-1.695398,-2.147651,0.912787,0.882413,0.101014,0.060886,0.223333,-0.000973,-0.114985,-0.549353,0.122104
12.391069,0.014404,0.609433,0.483955,-0.533539,-1.019613,-0.941113,0.438859,0.236090,-0.253222,0.538693,-0.042146,-0.587912,-0.597479,0.247804,-2.553329,-0.520970,2.586481,-1.695394,-2.147761,0.912242,0.882533,0.101469,0.061872,0.223512,0.000271,-0.112858,-0.547370,0.120066
12.392000,0.013962,0.604605,0.486559,-0.535366,-1.018848,-0.941757,0.437670,0.219368,-0.241815,0.524268,-0.041804,-0.588311,-0.598024,0.247816,-2.553230,-0.520908,2.586705,-1.695396,-2.147870,0.911704,0.882648,0.102200,0.062263,0.224153,-0.000288,-0.112603,-0.546933,0.118606
12.393146,0.012011,0.605662,0.488110,-0.535302,-1.019796,-0.946507,0.438039,0.201571,-0.234140,0.509738,-0.043630,-0.588316,-0.598510,0.247872,-2.553130,-0.520841,2.586926,-1.695394,-2.147985,0.911165,0.882772,0.101472,0.064136,0.221613,0.001173,-0.113151,-0.544867,0.120571
12.393952,0.012039,0.607172,0.484044,-0.536603,-1.018885,-0.948146,0.437224,0.187847,-0.233995,0.499661,-0.048598,-0.587970,-0.598763,0.247965,-2.553028,-0.520782,2.587141,-1.695396,-2.148097,0.910643,0.882890,0.101556,0.063173,0.220036,0.000730,-0.112203,-0.539199,0.119392
12.394960,0.011139,0.606140,0.480028,-0.534853,-1.018304,-0.948481,0.437543,0.180403,-0.238301,0.494847,-0.054802,-0.587502,-0.599068,0.248059,-2.552931,-0.520722,2.587364,-1.695394,-2.148209,0.910110,0.883012,0.100590,0.061904,0.220665,0.001717,-0.112803,-0.535969,0.120602
12.395997,0.010862,0.602401,0.479105,-0.534351,-1.019869,-0.948480,0.438103,0.176948,-0.241021,0.492148,-0.059466,-0.587129,-0.599821,0.248119,-2.552831,-0.520662,2.587584,-1.695396,-2.148322,0.909574,0.883133,0.100118,0.061970,0.221593,-0.000365,-0.113257,-0.534413,0.119512
12.396945,0.007350,0.610285,0.476253,-0.535856,-1.020486,-0.950344,0.438111,0.177573,-0.236635,0.488334,-0.060085,-0.587269,-0.602652,0.248028,-2.552633,-0.520547,2.588027,-1.695398,-2.148541,0.908514,0.883369,0.100206,0.058989,0.221228,-0.000009,-0.110835,-0.530080,0.117546
12.398057,0.006332,0.604319,0.474824,-0.538165,-1.019902,-0.950391,0.438587,0.177035,-0.227189,0.483636,-0.056447,-0.587641,-0.604761,0.247850,-2.552536,-0.520478,2.588246,-1.695394,-2.148652,0.907994,0.883481,0.099852,0.061504,0.221028,0.001817,-0.111428,-0.529117,0.116198
12.399021,0.007067,0.605668,0.474108,-0.537023,-1.019899,-0.949151,0.438329,0.177035,-0.227189,0.483636,-0.056447,-0.587641,-0.604761,0.247850,-2.552536,-0.520478,2.588246,-1.695394,-2.148652,0.907994,0.883481,0.099852,0.061504,0.221028,0.001817,-0.111428,-0.529117,0.116198
12.399987,0.004337,0.604604,0.474799,-0.537042,-1.018550,-0.949299,0.438451,0.175449,-0.216812,0.477837,-0.052942,-0.587949,-0.606971,0.247596,-2.552441,-0.520422,2.588465,-1.695398,-2.148761,0.907465,0.883596,0.098606,0.060373,0.220239,0.000400,-0.111289,-0.529083,0.116319
12.401077,0.000966,0.607237,0.478360,-0.537718,-1.019845,-0.952613,0.438199,0.176657,-0.207775,0.474171,-0.049521,-0.588397,-0.608981,0.247302,-2.552340,-0.520362,2.588679,-1.695400,-2.148874,0.906939,0.883712,0.099046,0.060450,0.218818,0.000146,-0.112476,-0.527665,0.115657
12.402058,0.002962,0.605853,0.476475,-0.538679,-1.019426,-0.956762,0.437953,0.181653,-0.198629,0.473067,-0.045101,-0.589158,-0.610823,0.247000,-2.552241,-0.520306,2.588889,-1.695398,-2.148983,0.906426,0.883832,0.099850,0.058726,0.216184,0.000393,-0.111154,-0.523388,0.115748
12.403002,0.001434,0.605246,0.468341,-0.539305,-1.019307,-0.956670,0.439236,0.190930,-0.188899,0.474840,-0.039584,-0.590237,-0.612642,0.246701,-2.552147,-0.520247,2.589107,-1.695398,-2.149093,0.905912,0.883947,0.097970,0.058993,0.216061,0.001002,-0.111461,-0.518069,0.115833
12.403994,-0.000614,0.602125,0.469904,-0.539236,-1.018064,-0.954076,0.438233,0.202963,-0.178692,0.478395,-0.033484,-0.591495,-0.614634,0.246392,-2.552049,-0.520190,2.589330,-1.695397,-2.149201,0.905393,0.884056,0.097839,0.058847,0.218939,0.001250,-0.111430,-0.516942,0.112855
12.405026,-0.000573,0.603313,0.465663,-0.540092,-1.018916,-0.949558,0.438221,0.213613,-0.169238,0.481077,-0.028166,-0.592639,-0.616811,0.246076,-2.551951,-0.520129,2.589542,-1.695397,-2.149315,0.904877,0.884174,0.097964,0.059950,0.217100,0.000825,-0.112530,-0.518416,0.114488
12.405988,-0.000429,0.605005,0.463558,-0.538934,-1.020114,-0.947354,0.438686,0.229602,-0.155740,0.484162,-0.020922,-0.594467,-0.621231,0.245494,-2.551764,-0.520015,2.589978,-1.695398,-2.149533,0.903825,0.884398,0.096168,0.057635,0.218144,-0.000162,-0.110248,-0.522739,0.112761
12.407072,-0.002693,0.604348,0.465392,-0.537905,-1.019959,-0.947985,0.439933,0.229602,-0.155740,0.484162,-0.020922,-0.594467,-0.621231,0.245494,-2.551764,-0.520015,2.589978,-1.695398,-2.149533,0.903825,0.884398,0.096168,0.057635,0.218144,-0.000162,-0.110248,-0.522739,0.112761
12.408149,-0.003966,0.601571,0.461838,-0.538970,-1.022514,-0.944620,0.439692,0.237681,-0.146055,0.485292,-0.014955,-0.595619,-0.623741,0.245203,-2.551666,-0.519958,2.590194,-1.695402,-2.149643,0.903306,0.884503,0.096434,0.057580,0.216296,-0.001479,-0.110395,-0.521096,0.109895
12.409060,-0.006995,0.605403,0.464567,-0.538846,-1.022864,-0.940923,0.438765,0.256369,-0.123581,0.489212,0.001660,-0.598361,-0.629212,0.244582,-2.551472,-0.519845,2.590619,-1.695405,-2.149850,0.902251,0.884729,0.096824,0.056194,0.214673,-0.001182,-0.107381,-0.525774,0.111478
12.410081,-0.009469,0.601906,0.460224,-0.538858,-1.022946,-0.934971,0.439427,0.264263,-0.112642,0.490695,0.010354,-0.599624,-0.631857,0.244269,-2.551374,-0.519786,2.590839,-1.695406,-2.149958,0.901709,0.884833,0.097156,0.057531,0.215817,-0.001489,-0.107238,-0.530503,0.109761
12.411078,-0.007565,0.601147,0.460031,-0.541869,-1.024685,-0.933670,0.438123,0.264263,-0.112642,0.490695,0.010354,-0.599624,-0.631857,0.244269,-2.551374,-0.519786,2.590839,-1.695406,-2.149958,0.901709,0.884833,0.097156,0.057531,0.215817,-0.001489,-0.107238,-0.530503,0.109761
12.412052,-0.009863,0.602302,0.456801,-0.540354,-1.025780,-0.929270,0.439250,0.276132,-0.100898,0.494374,0.021963,-0.601211,-0.635979,0.243672,-2.551189,-0.519675,2.591269,-1.695407,-2.150164,0.900640,0.885053,0.095687,0.056487,0.215410,-0.000703,-0.104290,-0.533646,0.109332
12.413144,-0.012523,0.602011,0.454831,-0.542146,-1.026152,-0.926612,0.439721,0.276132,-0.100898,0.494374,0.021963,-0.601211,-0.635979,0.243672,-2.551189,-0.519675,2.591269,-1.695407,-2.150164,0.900640,0.885053,0.095687,0.056487,0.215410,-0.000703,-0.104290,-0.533646,0.109332
12.413972,-0.009989,0.598501,0.451685,-0.540864,-1.025886,-0.925496,0.439048,0.279958,-0.098484,0.496035,0.025348,-0.601629,-0.637491,0.243413,-2.551090,-0.519619,2.591484,-1.695403,-2.150266,0.900100,0.885159,0.096139,0.056254,0.215501,0.000647,-0.103985,-0.535193,0.108039
12.415048,-0.011208,0.600241,0.451567,-0.543688,-1.027524,-0.923432,0.438767,0.281064,-0.096700,0.496162,0.027844,-0.601879,-0.638714,0.243200,-2.551003,-0.519557,2.591701,-1.695407,-2.150370,0.899571,0.885268,0.094027,0.057503,0.215760,-0.000876,-0.104040,-0.534742,0.109014
12.415992,-0.009458,0.598900,0.447303,-0.542283,-1.025892,-0.923263,0.439261,0.282791,-0.097259,0.497416,0.029246,-0.602066,-0.639620,0.243060,-2.550911,-0.519505,2.591916,-1.695403,-2.150472,0.899030,0.885376,0.093848,0.056257,0.214891,0.001514,-0.102431,-0.535688,0.109198
12.417063,-0.015905,0.599062,0.449054,-0.543188,-1.027306,-0.920845,0.440232,0.286847,-0.099478,0.500789,0.030034,-0.602311,-0.640395,0.242991,-2.550823,-0.519448,2.592130,-1.695407,-2.150576,0.898501,0.885480,0.092174,0.056508,0.215933,-0.000160,-0.103990,-0.534515,0.107827
12.418077,-0.015507,0.597739,0.443247,-0.544740,-1.027486,-0.918879,0.439266,0.291489,-0.101542,0.504569,0.030820,-0.602657,-0.641259,0.242976,-2.550726,-0.519394,2.592340,-1.695405,-2.150677,0.897958,0.885579,0.094563,0.056046,0.214166,0.000340,-0.102595,-0.535804,0.105540
12.418982,-0.016069,0.595940,0.440394,-0.542346,-1.027547,-0.914421,0.440142,0.292894,-0.103212,0.506035,0.030905,-0.602941,-0.642220,0.243023,-2.550632,-0.519335,2.592560,-1.695403,-2.150780,0.897414,0.885688,0.093491,0.056279,0.216026,0.001473,-0.102401,-0.536493,0.107130
12.420035,-0.016178,0.597749,0.441847,-0.542447,-1.028330,-0.912969,0.439158,0.289723,-0.104765,0.504272,0.030021,-0.603103,-0.643168,0.243130,-2.550540,-0.519278,2.592776,-1.695410,-2.150884,0.896873,0.885787,0.092918,0.056730,0.216247,-0.001100,-0.102203,-0.539505,0.104992
12.421068,-0.018896,0.595712,0.438733,-0.543173,-1.027887,-0.914205,0.439377,0.285595,-0.104955,0.501418,0.030217,-0.603490,-0.644021,0.243257,-2.550448,-0.519224,2.592988,-1.695413,-2.150983,0.896327,0.885894,0.092165,0.055435,0.214594,-0.001285,-0.101465,-0.539726,0.106627
12.422068,-0.022739,0.597259,0.437396,-0.543223,-1.027819,-0.914126,0.439036,0.282943,-0.103019,0.499026,0.032434,-0.604243,-0.644715,0.243364,-2.550354,-0.519169,2.593201,-1.695412,-2.151083,0.895793,0.885999,0.092697,0.056083,0.215207,-0.000950,-0.101944,-0.537284,0.105804
12.422991,-0.025641,0.596173,0.438440,-0.545148,-1.027865,-0.914095,0.438247,0.278762,-0.098920,0.495055,0.035617,-0.605079,-0.645230,0.243420,-2.550258,-0.519117,2.593417,-1.695414,-2.151184,0.895266,0.886105,0.093752,0.054923,0.214819,-0.001220,-0.101994,-0.536179,0.106124
12.423963,-0.026103,0.596295,0.438244,-0.544444,-1.027044,-0.915201,0.439163,0.270285,-0.092925,0.487749,0.038594,-0.605730,-0.645504,0.243397,-2.550162,-0.519062,2.593626,-1.695410,-2.151283,0.894733,0.886213,0.094306,0.055061,0.213206,0.000314,-0.101866,-0.534823,0.107330
12.425040,-0.027694,0.594071,0.436923,-0.546206,-1.029528,-0.918432,0.438077,0.259658,-0.086649,0.479097,0.040660,-0.606159,-0.645407,0.243289,-2.550070,-0.519009,2.593836,-1.695414,-2.151388,0.894206,0.886314,0.093690,0.054619,0.212300,-0.000680,-0.102609,-0.532454,0.105111
12.426081,-0.030924,0.592278,0.434845,-0.546042,-1.028995,-0.918005,0.438491,0.250080,-0.081529,0.471651,0.041796,-0.606438,-0.644903,0.243108,-2.549976,-0.518951,2.594047,-1.695411,-2.151485,0.893679,0.886424,0.093655,0.055327,0.212093,0.000649,-0.100192,-0.528158,0.106945
12.427082,-0.032430,0.589741,0.434601,-0.545611,-1.028795,-0.919247,0.437743,0.241245,-0.078822,0.465403,0.041414,-0.606493,-0.643995,0.242882,-2.549878,-0.518896,2.594260,-1.695413,-2.151586,0.893152,0.886526,0.094396,0.055827,0.212195,0.000151,-0.100778,-0.527504,0.105733
12.427971,-0.034942,0.588994,0.431673,-0.545051,-1.028278,-0.919227,0.438322,0.231873,-0.079383,0.459579,0.039061,-0.606268,-0.642650,0.242632,-2.549785,-0.518838,2.594470,-1.695414,-2.151684,0.892638,0.886635,0.094300,0.056659,0.211338,-0.000620,-0.100989,-0.525129,0.106873
12.429066,-0.034493,0.586952,0.433367,-0.545040,-1.029318,-0.920706,0.439124,0.222319,-0.082444,0.454158,0.035583,-0.605904,-0.640937,0.242366,-2.549688,-0.518781,2.594685,-1.695416,-2.151786,0.892117,0.886736,0.094653,0.056580,0.211598,-0.001448,-0.101367,-0.523774,0.105331
12.430059,-0.033964,0.587204,0.436742,-0.545052,-1.028032,-0.924623,0.439651,0.214422,-0.087004,0.450120,0.032085,-0.605631,-0.639011,0.242080,-2.549598,-0.518721,2.594890,-1.695418,-2.151883,0.891606,0.886836,0.093632,0.057166,0.209977,-0.001800,-0.100427,-0.521373,0.103384
12.430980,-0.040051,0.586329,0.430773,-0.545209,-1.029778,-0.923852,0.440558,0.213530,-0.093324,0.451258,0.029514,-0.605772,-0.636983,0.241771,-2.549506,-0.518665,2.595095,-1.695420,-2.151988,0.891095,0.886934,0.092545,0.056623,0.207345,-0.002089,-0.101670,-0.516313,0.101998
12.432044,-0.034784,0.586173,0.434150,-0.545294,-1.031519,-0.923353,0.439299,0.219830,-0.100316,0.457464,0.028311,-0.606420,-0.635028,0.241456,-2.549408,-0.518610,2.595305,-1.695421,-2.152085,0.890578,0.887029,0.094695,0.056636,0.209281,-0.002242,-0.099843,-0.515835,0.099844
12.433016,-0.035488,0.583028,0.429991,-0.546288,-1.029586,-0.923545,0.439531,0.229834,-0.106247,0.465889,0.028639,-0.607534,-0.633233,0.241167,-2.549323,-0.518555,2.595508,-1.695423,-2.152179,0.890070,0.887137,0.091285,0.056337,0.206763,-0.002481,-0.098215,-0.515377,0.102034
12.434008,-0.036236,0.585139,0.434902,-0.545580,-1.028004,-0.924856,0.439576,0.246429,-0.112829,0.478915,0.030213,-0.609220,-0.631400,0.240912,-2.549233,-0.518495,2.595717,-1.695421,-2.152285,0.889558,0.887237,0.090857,0.057456,0.207866,-0.001872,-0.100082,-0.514012,0.101190
12.435086,-0.038808,0.581004,0.435300,-0.545502,-1.029548,-0.929024,0.439681,0.271089,-0.121427,0.497874,0.032455,-0.611424,-0.629430,0.240671,-2.549144,-0.518442,2.595914,-1.695427,-2.152394,0.889045,0.887338,0.090446,0.055992,0.204539,-0.002804,-0.101561,-0.511567,0.100753
12.436126,-0.038016,0.585061,0.436364,-0.548585,-1.026670,-0.928945,0.440577,0.302407,-0.131468,0.521670,0.035404,-0.614035,-0.627407,0.240434,-2.549053,-0.518383,2.596117,-1.695432,-2.152494,0.888552,0.887440,0.090943,0.057663,0.203599,-0.003149,-0.100050,-0.506531,0.100193
12.436990,-0.041524,0.581549,0.432651,-0.548263,-1.027095,-0.929313,0.439719,0.375767,-0.155352,0.577386,0.040358,-0.619521,-0.623362,0.240025,-2.548872,-0.518273,2.596519,-1.695427,-2.152701,0.887551,0.887637,0.090658,0.056561,0.203056,-0.001173,-0.102332,-0.504009,0.099452
12.438099,-0.047513,0.585090,0.438029,-0.547610,-1.024031,-0.928905,0.439690,0.375767,-0.155352,0.577386,0.040358,-0.619521,-0.623362,0.240025,-2.548872,-0.518273,2.596519,-1.695427,-2.152701,0.887551,0.887637,0.090658,0.056561,0.203056,-0.001173,-0.102332,-0.504009,0.099452
12.439078,-0.049359,0.581792,0.437767,-0.547198,-1.023709,-0.931399,0.439179,0.408383,-0.166315,0.602124,0.041357,-0.621867,-0.621447,0.239890,-2.548775,-0.518221,2.596713,-1.695431,-2.152814,0.887049,0.887735,0.092818,0.054430,0.199718,-0.002122,-0.105406,-0.503596,0.099165
12.440019,-0.045998,0.578656,0.438955,-0.549910,-1.023179,-0.936060,0.439754,0.457276,-0.182209,0.638910,0.042582,-0.625686,-0.617981,0.239772,-2.548599,-0.518104,2.597103,-1.695429,-2.153024,0.886067,0.887928,0.090434,0.056772,0.197564,-0.000535,-0.106031,-0.494269,0.098353
12.441066,-0.045269,0.578107,0.439049,-0.549375,-1.021564,-0.935321,0.439633,0.457276,-0.182209,0.638910,0.042582,-0.625686,-0.617981,0.239772,-2.548599,-0.518104,2.597103,-1.695429,-2.153024,0.886067,0.887928,0.090434,0.056772,0.197564,-0.000535,-0.106031,-0.494269,0.098353
12.442048,-0.046937,0.579549,0.435355,-0.547634,-1.021466,-0.934324,0.439913,0.514197,-0.210669,0.684315,0.038589,-0.628850,-0.614412,0.239838,-2.548422,-0.517994,2.597495,-1.695437,-2.153242,0.885083,0.888124,0.089374,0.055516,0.197817,-0.003372,-0.107572,-0.494144,0.097371
12.442957,-0.050481,0.576952,0.434627,-0.548700,-1.019804,-0.932349,0.440358,0.514197,-0.210669,0.684315,0.038589,-0.628850,-0.614412,0.239838,-2.548422,-0.517994,2.597495,-1.695437,-2.153242,0.885083,0.888124,0.089374,0.055516,0.197817,-0.003372,-0.107572,-0.494144,0.097371
12.443998,-0.053320,0.578742,0.431143,-0.549165,-1.020445,-0.929677,0.440281,0.542831,-0.223178,0.706656,0.038172,-0.630534,-0.613056,0.239930,-2.548330,-0.517936,2.597690,-1.695440,-2.153354,0.884586,0.888215,0.090299,0.056371,0.197234,-0.002549,-0.109034,-0.494931,0.096161
12.444983,-0.052988,0.572719,0.432403,-0.549846,-1.017907,-0.930380,0.441756,0.563648,-0.232395,0.722779,0.038301,-0.632012,-0.612086,0.240055,-2.548238,-0.517882,2.597888,-1.695440,-2.153459,0.884082,0.888310,0.090902,0.055084,0.198222,-0.002444,-0.108346,-0.496631,0.096002
12.446034,-0.055233,0.576225,0.435943,-0.549472,-1.016650,-0.929705,0.440755,0.575628,-0.240659,0.732540,0.037340,-0.633098,-0.611336,0.240200,-2.548150,-0.517821,2.598081,-1.695443,-2.153578,0.883597,0.888398,0.089942,0.057659,0.196781,-0.002055,-0.110709,-0.494919,0.092720
12.447053,-0.055228,0.575803,0.436789,-0.549752,-1.016922,-0.928579,0.441324,0.583805,-0.250946,0.740130,0.034780,-0.633925,-0.610578,0.240344,-2.548059,-0.517770,2.598273,-1.695446,-2.153693,0.883102,0.888493,0.090272,0.055520,0.194319,-0.002744,-0.111842,-0.494704,0.094449
12.447997,-0.056195,0.578566,0.439199,-0.551495,-1.015933,-0.924728,0.441155,0.605959,-0.271268,0.759617,0.031388,-0.636031,-0.609039,0.240568,-2.547882,-0.517665,2.598653,-1.695446,-2.153919,0.882106,0.888679,0.089172,0.053594,0.191174,-0.001390,-0.112239,-0.497588,0.092998
12.448970,-0.055734,0.577325,0.437018,-0.549950,-1.015420,-0.925661,0.441376,0.605959,-0.271268,0.759617,0.031388,-0.636031,-0.609039,0.240568,-2.547882,-0.517665,2.598653,-1.695446,-2.153919,0.882106,0.888679,0.089172,0.053594,0.191174,-0.001390,-0.112239,-0.497588,0.092998
12.450035,-0.059209,0.572479,0.434526,-0.551199,-1.014284,-0.924816,0.441573,0.622600,-0.278151,0.772771,0.032262,-0.637539,-0.608274,0.240602,-2.547797,-0.517611,2.598842,-1.695452,-2.154029,0.881607,0.888769,0.088190,0.053844,0.191521,-0.003162,-0.112614,-0.495527,0.092239
12.450958,-0.055043,0.573783,0.435495,-0.552621,-1.011715,-0.923552,0.441034,0.640040,-0.283523,0.786197,0.034077,-0.639150,-0.607468,0.240569,-2.547708,-0.517552,2.599036,-1.695453,-2.154146,0.881116,0.888858,0.089166,0.055853,0.192095,-0.002238,-0.113642,-0.495536,0.091550
12.452001,-0.054456,0.573349,0.433168,-0.552062,-1.010269,-0.923107,0.441610,0.656318,-0.290935,0.799302,0.034463,-0.640524,-0.606423,0.240486,-2.547627,-0.517498,2.599225,-1.695452,-2.154268,0.880617,0.888952,0.086342,0.054771,0.190749,-0.001169,-0.115921,-0.495623,0.092317
12.453092,-0.059259,0.569417,0.432362,-0.552960,-1.009838,-0.921526,0.441067,0.674471,-0.300586,0.814335,0.033561,-0.641721,-0.605108,0.240369,-2.547543,-0.517445,2.599415,-1.695457,-2.154387,0.880116,0.889038,0.085338,0.054625,0.191261,-0.002009,-0.117202,-0.495108,0.090853
12.454015,-0.057454,0.567238,0.427719,-0.552905,-1.011047,-0.922895,0.441481,0.708395,-0.323771,0.844009,0.028335,-0.643297,-0.601997,0.240075,-2.547372,-0.517325,2.599806,-1.695459,-2.154614,0.879127,0.889219,0.085345,0.056774,0.192424,-0.001836,-0.116120,-0.493320,0.090501
12.454979,-0.057491,0.565488,0.432552,-0.555033,-1.009258,-0.920678,0.442248,0.708395,-0.323771,0.844009,0.028335,-0.643297,-0.601997,0.240075,-2.547372,-0.517325,2.599806,-1.695459,-2.154614,0.879127,0.889219,0.085345,0.056774,0.192424,-0.001836,-0.116120,-0.493320,0.090501
12.456040,-0.057757,0.561623,0.429339,-0.554343,-1.009764,-0.918958,0.443120,0.720815,-0.339865,0.856855,0.022249,-0.643393,-0.600234,0.239916,-2.547289,-0.517269,2.599990,-1.695455,-2.154733,0.878638,0.889300,0.084639,0.057233,0.189241,-0.000109,-0.117707,-0.494531,0.088688
12.457069,-0.054874,0.565900,0.427795,-0.554712,-1.011381,-0.918376,0.443865,0.735037,-0.361569,0.872387,0.013359,-0.643142,-0.598205,0.239766,-2.547204,-0.517209,2.600183,-1.695459,-2.154847,0.878139,0.889381,0.084056,0.058730,0.190210,-0.001107,-0.117089,-0.495342,0.086675
12.457955,-0.054672,0.563912,0.422551,-0.555134,-1.012386,-0.917142,0.444010,0.770039,-0.406663,0.908631,-0.003895,-0.642695,-0.594173,0.239540,-2.547047,-0.517102,2.600566,-1.695459,-2.155072,0.877152,0.889543,0.081157,0.056790,0.191986,-0.000987,-0.114116,-0.494987,0.084366
12.459052,-0.055481,0.563351,0.420243,-0.555723,-1.011819,-0.917076,0.445083,0.770039,-0.406663,0.908631,-0.003895,-0.642695,-0.594173,0.239540,-2.547047,-0.517102,2.600566,-1.695459,-2.155072,0.877152,0.889543,0.081157,0.056790,0.191986,-0.000987,-0.114116,-0.494987,0.084366
12.459998,-0.055487,0.565481,0.417466,-0.556421,-1.011859,-0.917739,0.445577,0.786751,-0.421287,0.924294,-0.008504,-0.642835,-0.592743,0.239470,-2.546966,-0.517046,2.600760,-1.695458,-2.155186,0.876656,0.889622,0.080852,0.056630,0.192217,-0.000766,-0.114461,-0.493783,0.081930
12.461046,-0.051293,0.562762,0.412334,-0.555897,-1.008965,-0.916194,0.446149,0.799456,-0.429713,0.935631,-0.010939,-0.643109,-0.591798,0.239417,-2.546887,-0.516993,2.600952,-1.695456,-2.155300,0.876178,0.889701,0.080108,0.055106,0.192406,-0.000368,-0.113975,-0.491532,0.080669
12.462048,-0.056593,0.562806,0.412007,-0.556055,-1.007554,-0.916585,0.446195,0.809211,-0.431509,0.943265,-0.010895,-0.643618,-0.591350,0.239364,-2.546817,-0.516939,2.601149,-1.695458,-2.155421,0.875686,0.889776,0.077362,0.056051,0.193843,-0.001152,-0.116459,-0.491580,0.079254
12.463036,-0.059069,0.563121,0.409750,-0.556840,-1.006176,-0.917502,0.446612,0.816859,-0.428393,0.948112,-0.008932,-0.644370,-0.591238,0.239306,-2.546733,-0.516886,2.601337,-1.695458,-2.155543,0.875195,0.889855,0.079268,0.055569,0.192897,-0.001265,-0.117376,-0.489589,0.078891
12.463981,-0.059007,0.562325,0.412585,-0.557928,-1.006399,-0.919352,0.447282,0.815545,-0.411855,0.943589,-0.004105,-0.645740,-0.591585,0.239196,-2.546577,-0.516778,2.601717,-1.695456,-2.155779,0.874237,0.890004,0.078979,0.054904,0.190300,0.000038,-0.117589,-0.483699,0.076169
12.465041,-0.055225,0.561417,0.409674,-0.557865,-1.002833,-0.921574,0.447653,0.815545,-0.411855,0.943589,-0.004105,-0.645740,-0.591585,0.239196,-2.546577,-0.516778,2.601717,-1.695456,-2.155779,0.874237,0.890004,0.078979,0.054904,0.190300,0.000038,-0.117589,-0.483699,0.076169
12.466032,-0.056336,0.558347,0.409139,-0.556795,-1.002533,-0.922469,0.448513,0.812570,-0.402372,0.939529,-0.002354,-0.646375,-0.591801,0.239129,-2.546504,-0.516723,2.601905,-1.695456,-2.155901,0.873766,0.890077,0.076426,0.054899,0.190764,-0.000331,-0.120754,-0.480091,0.075175
12.467100,-0.057869,0.560010,0.401303,-0.559607,-1.003333,-0.925369,0.448105,0.814795,-0.394643,0.939484,-0.000555,-0.647198,-0.591955,0.239044,-2.546428,-0.516665,2.602096,-1.695460,-2.156021,0.873298,0.890146,0.076302,0.055949,0.189893,-0.001599,-0.120554,-0.477752,0.073200
12.468167,-0.060585,0.559309,0.404855,-0.559453,-1.003243,-0.923533,0.448707,0.818730,-0.388037,0.940742,0.001169,-0.648016,-0.592178,0.238954,-2.546353,-0.516611,2.602298,-1.695454,-2.156138,0.872829,0.890222,0.076387,0.054662,0.192677,0.000818,-0.119359,-0.473479,0.073775
12.469007,-0.057256,0.559263,0.399239,-0.557660,-1.001507,-0.925185,0.448540,0.818317,-0.380902,0.938712,0.002138,-0.648477,-0.592647,0.238896,-2.546276,-0.516557,2.602483,-1.695454,-2.156258,0.872360,0.890291,0.077051,0.054586,0.189872,0.000339,-0.119047,-0.474007,0.072307
12.470006,-0.058957,0.557846,0.397609,-0.559619,-1.000517,-0.928370,0.449154,0.814562,-0.372161,0.933890,0.003361,-0.648692,-0.593426,0.238885,-2.546205,-0.516505,2.602678,-1.695460,-2.156381,0.871894,0.890365,0.074689,0.054140,0.191363,-0.001555,-0.120198,-0.470667,0.072389
12.471010,-0.061145,0.558022,0.392144,-0.559171,-1.000145,-0.929445,0.449473,0.810445,-0.361395,0.928166,0.006061,-0.648853,-0.594591,0.238916,-2.546129,-0.516448,2.602868,-1.695455,-2.156498,0.871433,0.890433,0.074860,0.054375,0.191050,0.000032,-0.120746,-0.466063,0.070903
12.472005,-0.062298,0.553724,0.393615,-0.557744,-0.999283,-0.929753,0.448971,0.803414,-0.348794,0.919726,0.009391,-0.648739,-0.596205,0.238986,-2.546055,-0.516397,2.603065,-1.695458,-2.156620,0.870980,0.890501,0.075276,0.053867,0.192610,-0.000652,-0.120634,-0.463664,0.070032
12.473031,-0.063567,0.554773,0.391775,-0.560645,-1.000720,-0.927809,0.450097,0.791519,-0.335320,0.907411,0.012641,-0.648256,-0.598150,0.239108,-2.545980,-0.516338,2.603254,-1.695464,-2.156743,0.870520,0.890575,0.075155,0.055518,0.190736,-0.002221,-0.121011,-0.461960,0.070789
12.473974,-0.062045,0.555865,0.391928,-0.559533,-1.001030,-0.926912,0.449644,0.777140,-0.323717,0.893625,0.015103,-0.647490,-0.600124,0.239277,-2.545905,-0.516285,2.603442,-1.695458,-2.156860,0.870060,0.890638,0.075114,0.054532,0.190618,0.000303,-0.119139,-0.462567,0.068284
12.474978,-0.065920,0.553398,0.387621,-0.560248,-1.001078,-0.927673,0.450103,0.763412,-0.314617,0.880910,0.016730,-0.646592,-0.601985,0.239458,-2.545836,-0.516234,2.603629,-1.695462,-2.156978,0.869597,0.890709,0.073706,0.053567,0.189390,-0.001012,-0.118354,-0.461961,0.068966
12.476093,-0.065555,0.553706,0.386362,-0.561117,-1.003369,-0.926411,0.449328,0.751014,-0.306099,0.869343,0.018587,-0.645744,-0.603820,0.239622,-2.545757,-0.516179,2.603819,-1.695461,-2.157097,0.869133,0.890775,0.074934,0.054347,0.190461,-0.000594,-0.117868,-0.459769,0.067800
12.476980,-0.063986,0.553232,0.384539,-0.562573,-1.003681,-0.924069,0.449607,0.723921,-0.291131,0.845248,0.021303,-0.644006,-0.607195,0.239823,-2.545616,-0.516072,2.604201,-1.695456,-2.157323,0.868222,0.890913,0.072677,0.053538,0.189752,0.001082,-0.114478,-0.460666,0.068306
12.477971,-0.063909,0.552674,0.380891,-0.561985,-1.003503,-0.925441,0.449970,0.713117,-0.285613,0.835703,0.022023,-0.643275,-0.608490,0.239839,-2.545547,-0.516020,2.604390,-1.695458,-2.157437,0.867771,0.890980,0.072016,0.053382,0.190468,0.000241,-0.114260,-0.457906,0.067344
12.479070,-0.067673,0.548829,0.382499,-0.561421,-1.005433,-0.924507,0.449719,0.713117,-0.285613,0.835703,0.022023,-0.643275,-0.608490,0.239839,-2.545547,-0.516020,2.604390,-1.695458,-2.157437,0.867771,0.890980,0.072016,0.053382,0.190468,0.000241,-0.114260,-0.457906,0.067344
12.480084,-0.067331,0.547402,0.379806,-0.562234,-1.005855,-0.925189,0.450070,0.704971,-0.281514,0.828372,0.022693,-0.642736,-0.609525,0.239806,-2.545471,-0.515964,2.604576,-1.695460,-2.157546,0.867313,0.891048,0.073247,0.054866,0.188693,-0.000585,-0.112029,-0.457616,0.067622
12.480992,-0.062479,0.549862,0.376654,-0.560981,-1.005263,-0.924979,0.449823,0.695826,-0.281537,0.820784,0.022656,-0.642186,-0.610904,0.239645,-2.545337,-0.515856,2.604957,-1.695465,-2.157768,0.866412,0.891182,0.069400,0.053401,0.189313,-0.001444,-0.111427,-0.454351,0.066942
12.482174,-0.065613,0.543786,0.380352,-0.562956,-1.004442,-0.921967,0.451025,0.700003,-0.283802,0.823735,0.023746,-0.642482,-0.611543,0.239523,-2.545266,-0.515795,2.605139,-1.695461,-2.157881,0.865954,0.891241,0.070399,0.055989,0.186632,0.000147,-0.111999,-0.456264,0.064310
12.483067,-0.064646,0.547808,0.376979,-0.561961,-1.003862,-0.920808,0.451150,0.700003,-0.283802,0.823735,0.023746,-0.642482,-0.611543,0.239523,-2.545266,-0.515795,2.605139,-1.695461,-2.157881,0.865954,0.891241,0.070399,0.055989,0.186632,0.000147,-0.111999,-0.456264,0.064310
12.484057,-0.064604,0.544375,0.375064,-0.562880,-1.004267,-0.918312,0.450086,0.710900,-0.289521,0.832272,0.024447,-0.643051,-0.612028,0.239385,-2.545198,-0.515746,2.605326,-1.695463,-2.157992,0.865493,0.891304,0.069274,0.053513,0.187160,-0.001079,-0.112121,-0.455852,0.063858
12.484963,-0.066831,0.542437,0.373226,-0.563207,-1.003857,-0.916781,0.450374,0.725693,-0.296543,0.843901,0.025192,-0.643820,-0.612478,0.239275,-2.545131,-0.515689,2.605513,-1.695461,-2.158102,0.865040,0.891373,0.068659,0.054775,0.187024,-0.000469,-0.111336,-0.456992,0.065763
12.485955,-0.069367,0.538787,0.372770,-0.563572,-1.006318,-0.918367,0.450876,0.741593,-0.304576,0.856573,0.025554,-0.644637,-0.612927,0.239230,-2.545060,-0.515633,2.605701,-1.695463,-2.158213,0.864581,0.891436,0.069125,0.055247,0.186742,-0.000364,-0.111321,-0.456997,0.064938
12.487068,-0.070302,0.542060,0.370991,-0.563561,-1.005939,-0.914391,0.450661,0.755635,-0.316166,0.868818,0.023639,-0.645208,-0.613293,0.239254,-2.544990,-0.515576,2.605886,-1.695461,-2.158316,0.864133,0.891501,0.069756,0.056591,0.185911,-0.000315,-0.108538,-0.454048,0.063702
12.488087,-0.067784,0.538404,0.368545,-0.564945,-1.005213,-0.910394,0.450028,0.765825,-0.329752,0.878912,0.019910,-0.645507,-0.613719,0.239336,-2.544921,-0.515525,2.606072,-1.695462,-2.158428,0.863670,0.891566,0.069628,0.054523,0.185873,-0.000602,-0.108641,-0.456816,0.063925
12.489087,-0.070082,0.541955,0.366350,-0.564255,-1.004078,-0.906839,0.450549,0.777726,-0.354299,0.892911,0.011478,-0.645729,-0.614902,0.239623,-2.544788,-0.515416,2.606445,-1.695464,-2.158647,0.862741,0.891693,0.068355,0.053666,0.186086,-0.000428,-0.109814,-0.461547,0.063686
12.490063,-0.070917,0.541944,0.365064,-0.564483,-1.003849,-0.906226,0.449936,0.777726,-0.354299,0.892911,0.011478,-0.645729,-0.614902,0.239623,-2.544788,-0.515416,2.606445,-1.695464,-2.158647,0.862741,0.891693,0.068355,0.053666,0.186086,-0.000428,-0.109814,-0.461547,0.063686
12.491036,-0.073862,0.540043,0.363789,-0.565630,-1.005731,-0.907131,0.449572,0.779625,-0.360929,0.895888,0.008870,-0.645813,-0.615720,0.239780,-2.544722,-0.515363,2.606631,-1.695465,-2.158753,0.862278,0.891759,0.068181,0.053244,0.185634,-0.000456,-0.109695,-0.460679,0.064703
12.492050,-0.073735,0.539086,0.366218,-0.563817,-1.005035,-0.904679,0.450361,0.771804,-0.359965,0.890238,0.007835,-0.645846,-0.617991,0.240076,-2.544586,-0.515253,2.606994,-1.695470,-2.158962,0.861360,0.891886,0.068364,0.053760,0.183009,-0.001571,-0.107892,-0.459455,0.063380
12.493022,-0.075606,0.538805,0.360364,-0.565635,-1.005428,-0.901422,0.450562,0.765467,-0.356723,0.884826,0.008293,-0.645843,-0.619175,0.240161,-2.544517,-0.515201,2.607179,-1.695466,-2.159068,0.860893,0.891946,0.068690,0.053457,0.184893,-0.000070,-0.107151,-0.461242,0.062782
12.494028,-0.074454,0.537326,0.357339,-0.565277,-1.004953,-0.900832,0.450623,0.756393,-0.352128,0.876967,0.008849,-0.645733,-0.620365,0.240183,-2.544452,-0.515148,2.607367,-1.695469,-2.159177,0.860434,0.892008,0.067526,0.053774,0.185314,-0.000649,-0.107285,-0.460420,0.062449
12.495047,-0.078282,0.532830,0.357809,-0.564706,-1.005073,-0.898889,0.449985,0.756393,-0.352128,0.876967,0.008849,-0.645733,-0.620365,0.240183,-2.544452,-0.515148,2.607367,-1.695469,-2.159177,0.860434,0.892008,0.067526,0.053774,0.185314,-0.000649,-0.107285,-0.460420,0.062449
12.495985,-0.078969,0.536221,0.354964,-0.566239,-1.006327,-0.898044,0.450926,0.744135,-0.347969,0.866692,0.008603,-0.645417,-0.621526,0.240160,-2.544381,-0.515091,2.607550,-1.695472,-2.159285,0.859970,0.892074,0.068828,0.055543,0.184057,-0.001450,-0.106836,-0.460986,0.063507
12.497042,-0.077179,0.535763,0.353622,-0.566882,-1.005743,-0.898917,0.449277,0.729185,-0.345278,0.854610,0.007252,-0.644910,-0.622651,0.240117,-2.544314,-0.515044,2.607733,-1.695470,-2.159389,0.859513,0.892132,0.068549,0.053430,0.184387,-0.000195,-0.105229,-0.460354,0.061390
12.498007,-0.079488,0.537509,0.355545,-0.565869,-1.004951,-0.896630,0.449345,0.712256,-0.341556,0.840760,0.005762,-0.644313,-0.623973,0.240083,-2.544250,-0.514990,2.607918,-1.695470,-2.159494,0.859058,0.892205,0.067099,0.053243,0.184070,0.000147,-0.105560,-0.458179,0.064483
12.499086,-0.083311,0.534169,0.355989,-0.567071,-1.005203,-0.894953,0.447895,0.683060,-0.325507,0.814288,0.006907,-0.643580,-0.627594,0.240145,-2.544112,-0.514888,2.608279,-1.695475,-2.159704,0.858133,0.892339,0.068966,0.053227,0.180943,-0.000114,-0.105504,-0.459410,0.066775
12.500121,-0.080363,0.539700,0.354405,-0.567243,-1.005498,-0.892072,0.447780,0.671273,-0.314997,0.802624,0.008874,-0.643399,-0.629629,0.240283,-2.544048,-0.514844,2.608459,-1.695477,-2.159807,0.857668,0.892405,0.066908,0.050098,0.180796,-0.000181,-0.104944,-0.460926,0.066745
12.501107,-0.077887,0.534434,0.352310,-0.567011,-1.006700,-0.889919,0.447555,0.664091,-0.302483,0.793846,0.012583,-0.643532,-0.631714,0.240494,-2.543985,-0.514785,2.608638,-1.695478,-2.159908,0.857197,0.892473,0.065126,0.052268,0.180853,-0.000672,-0.103451,-0.461591,0.066956
12.502063,-0.083427,0.535516,0.348125,-0.566516,-1.008431,-0.890658,0.447114,0.664091,-0.302483,0.793846,0.012583,-0.643532,-0.631714,0.240494,-2.543985,-0.514785,2.608638,-1.695478,-2.159908,0.857197,0.892473,0.065126,0.052268,0.180853,-0.000672,-0.103451,-0.461591,0.066956
12.503061,-0.084474,0.535425,0.347226,-0.566797,-1.008634,-0.889252,0.446720,0.661037,-0.288711,0.787649,0.017998,-0.644013,-0.633746,0.240770,-2.543913,-0.514738,2.608822,-1.695480,-2.160010,0.856745,0.892541,0.067273,0.051325,0.181865,-0.001378,-0.101408,-0.459411,0.067602
12.503981,-0.085505,0.534336,0.346594,-0.566697,-1.006801,-0.888523,0.446067,0.655801,-0.272712,0.779342,0.024483,-0.644604,-0.635730,0.241099,-2.543846,-0.514687,2.609005,-1.695481,-2.160112,0.856288,0.892612,0.067189,0.050962,0.181266,-0.001348,-0.100932,-0.459460,0.068137
12.505025,-0.085081,0.535570,0.346323,-0.564534,-1.005962,-0.890072,0.446378,0.646737,-0.254091,0.767746,0.031671,-0.645219,-0.637572,0.241460,-2.543779,-0.514638,2.609182,-1.695482,-2.160217,0.855835,0.892686,0.067087,0.051107,0.180541,-0.001693,-0.102414,-0.458718,0.069184
12.506008,-0.089856,0.535185,0.345502,-0.565546,-1.006939,-0.891523,0.445572,0.628599,-0.209506,0.742862,0.050409,-0.647093,-0.640593,0.242121,-2.543643,-0.514540,2.609537,-1.695490,-2.160423,0.854929,0.892825,0.068075,0.049898,0.179196,-0.003208,-0.101692,-0.453029,0.069685
12.507065,-0.090780,0.533753,0.345811,-0.566735,-1.006872,-0.892793,0.445575,0.628599,-0.209506,0.742862,0.050409,-0.647093,-0.640593,0.242121,-2.543643,-0.514540,2.609537,-1.695490,-2.160423,0.854929,0.892825,0.068075,0.049898,0.179196,-0.003208,-0.101692,-0.453029,0.069685
12.508035,-0.092017,0.530909,0.347463,-0.566178,-1.007732,-0.894215,0.445177,0.608054,-0.161052,0.715637,0.070414,-0.649137,-0.642643,0.242590,-2.543510,-0.514435,2.609889,-1.695493,-2.160623,0.854041,0.892966,0.067967,0.051193,0.176349,-0.003073,-0.100399,-0.447776,0.069967
12.508993,-0.091510,0.530621,0.349949,-0.566928,-1.007101,-0.893963,0.444394,0.608054,-0.161052,0.715637,0.070414,-0.649137,-0.642643,0.242590,-2.543510,-0.514435,2.609889,-1.695493,-2.160623,0.854041,0.892966,0.067967,0.051193,0.176349,-0.003073,-0.100399,-0.447776,0.069967
12.509969,-0.095639,0.529476,0.351063,-0.567062,-1.007288,-0.897574,0.445003,0.602288,-0.133861,0.704301,0.081504,-0.650893,-0.642412,0.242772,-2.543371,-0.514334,2.610226,-1.695496,-2.160821,0.853167,0.893111,0.068543,0.051061,0.172775,-0.002635,-0.100301,-0.441790,0.069777
12.511057,-0.096127,0.529172,0.347792,-0.566978,-1.008975,-0.895848,0.444237,0.602288,-0.133861,0.704301,0.081504,-0.650893,-0.642412,0.242772,-2.543371,-0.514334,2.610226,-1.695496,-2.160821,0.853167,0.893111,0.068543,0.051061,0.172775,-0.002635,-0.100301,-0.441790,0.069777
12.511935,-0.099230,0.529078,0.346087,-0.567254,-1.007673,-0.897813,0.443220,0.606468,-0.122309,0.704144,0.085917,-0.652113,-0.640719,0.242574,-2.543234,-0.514231,2.610573,-1.695502,-2.161014,0.852296,0.893264,0.069103,0.050405,0.173404,-0.002843,-0.099454,-0.439017,0.072825
12.513064,-0.099817,0.526416,0.346395,-0.567996,-1.009426,-0.905590,0.441791,0.606468,-0.122309,0.704144,0.085917,-0.652113,-0.640719,0.242574,-2.543234,-0.514231,2.610573,-1.695502,-2.161014,0.852296,0.893264,0.069103,0.050405,0.173404,-0.002843,-0.099454,-0.439017,0.072825
12.514074,-0.101616,0.528349,0.346856,-0.568997,-1.011901,-0.905177,0.442325,0.603717,-0.116881,0.700758,0.086909,-0.652220,-0.639916,0.242377,-2.543166,-0.514178,2.610745,-1.695502,-2.161105,0.851878,0.893345,0.068803,0.051341,0.172509,-0.002428,-0.097599,-0.430222,0.075404
12.515059,-0.104830,0.526526,0.347610,-0.570181,-1.014899,-0.904817,0.440303,0.598514,-0.111884,0.695643,0.087031,-0.651964,-0.639300,0.242133,-2.543096,-0.514131,2.610912,-1.695502,-2.161194,0.851452,0.893419,0.069074,0.049991,0.171450,-0.001687,-0.094979,-0.429536,0.074032
12.516015,-0.104417,0.521467,0.343940,-0.571078,-1.015067,-0.907177,0.439446,0.591911,-0.107498,0.689659,0.086280,-0.651422,-0.638793,0.241864,-2.543025,-0.514080,2.611080,-1.695501,-2.161280,0.851029,0.893507,0.070043,0.050504,0.170213,-0.000799,-0.091844,-0.428703,0.077808
12.517088,-0.107294,0.523262,0.348704,-0.569302,-1.015562,-0.907776,0.439001,0.575039,-0.110266,0.677577,0.077582,-0.649249,-0.637185,0.241399,-2.542887,-0.513974,2.611414,-1.695507,-2.161458,0.850194,0.893674,0.070049,0.051248,0.168007,-0.002144,-0.090922,-0.423495,0.079778
12.518072,-0.111495,0.524011,0.348337,-0.570250,-1.015825,-0.909148,0.438189,0.575039,-0.110266,0.677577,0.077582,-0.649249,-0.637185,0.241399,-2.542887,-0.513974,2.611414,-1.695507,-2.161458,0.850194,0.893674,0.070049,0.051248,0.168007,-0.002144,-0.090922,-0.423495,0.079778
12.518956,-0.106366,0.517499,0.349527,-0.571242,-1.016299,-0.914082,0.437133,0.566827,-0.115049,0.672269,0.071836,-0.648003,-0.636139,0.241212,-2.542811,-0.513925,2.611579,-1.695506,-2.161549,0.849778,0.893757,0.071456,0.050478,0.167393,-0.001466,-0.090483,-0.420958,0.081108
12.520020,-0.109273,0.520882,0.351153,-0.571494,-1.017080,-0.914109,0.434868,0.560607,-0.120762,0.668478,0.066168,-0.646829,-0.635030,0.241062,-2.542749,-0.513868,2.611739,-1.695506,-2.161636,0.849370,0.893843,0.068286,0.053258,0.165902,-0.000701,-0.089784,-0.414746,0.082909
12.521066,-0.111691,0.518713,0.350348,-0.570719,-1.018261,-0.915154,0.436070,0.560879,-0.130769,0.670083,0.059573,-0.645767,-0.633726,0.240969,-2.542678,-0.513819,2.611901,-1.695507,-2.161725,0.848966,0.893936,0.069151,0.051144,0.164386,-0.000733,-0.088907,-0.413799,0.087124
12.522009,-0.111972,0.518304,0.349826,-0.570602,-1.018700,-0.916956,0.435323,0.566492,-0.142362,0.675697,0.053292,-0.644927,-0.632348,0.240925,-2.542607,-0.513766,2.612065,-1.695510,-2.161807,0.848559,0.894017,0.069721,0.051827,0.164059,-0.001734,-0.087667,-0.411726,0.084361
12.523147,-0.116381,0.518510,0.349180,-0.570578,-1.019556,-0.916787,0.433662,0.573047,-0.152206,0.681501,0.048444,-0.644323,-0.631065,0.240902,-2.542540,-0.513717,2.612227,-1.695513,-2.161892,0.848158,0.894108,0.069246,0.051621,0.163479,-0.002047,-0.087085,-0.408802,0.085562
12.523999,-0.113623,0.516498,0.345184,-0.571018,-1.018530,-0.917418,0.434658,0.577745,-0.159181,0.685315,0.045167,-0.643905,-0.629971,0.240893,-2.542465,-0.513667,2.612391,-1.695514,-2.161975,0.847752,0.894202,0.070814,0.051134,0.163163,-0.002367,-0.086240,-0.408106,0.088562
12.525035,-0.116050,0.516049,0.347379,-0.571508,-1.018810,-0.921446,0.433315,0.578369,-0.162781,0.685525,0.043126,-0.643561,-0.629126,0.240893,-2.542399,-0.513615,2.612555,-1.695514,-2.162063,0.847349,0.894287,0.068793,0.051699,0.164202,-0.002151,-0.087037,-0.406208,0.086205
12.526081,-0.114653,0.514549,0.345927,-0.571440,-1.020110,-0.920549,0.432377,0.576147,-0.164481,0.683332,0.041562,-0.643218,-0.628532,0.240892,-2.542329,-0.513563,2.612715,-1.695514,-2.162146,0.846953,0.894379,0.069408,0.051499,0.162371,-0.001947,-0.086677,-0.401184,0.088600
12.527073,-0.110748,0.514779,0.343095,-0.572220,-1.020780,-0.918965,0.430666,0.573983,-0.165811,0.681166,0.040136,-0.642908,-0.628178,0.240903,-2.542263,-0.513511,2.612879,-1.695516,-2.162228,0.846559,0.894474,0.068118,0.051833,0.162367,-0.002258,-0.085323,-0.401195,0.090125
12.527986,-0.115680,0.512284,0.343189,-0.570610,-1.020641,-0.919297,0.430930,0.574875,-0.167201,0.681300,0.039261,-0.642769,-0.628022,0.240939,-2.542204,-0.513461,2.613042,-1.695515,-2.162309,0.846164,0.894572,0.065656,0.051298,0.162999,-0.001779,-0.084584,-0.401771,0.093201
12.529118,-0.118858,0.508819,0.344504,-0.571550,-1.023422,-0.917318,0.430196,0.579422,-0.168310,0.684103,0.039357,-0.642864,-0.628043,0.240989,-2.542131,-0.513407,2.613203,-1.695522,-2.162393,0.845763,0.894662,0.067477,0.052093,0.162075,-0.003489,-0.084560,-0.400261,0.092303
12.530103,-0.118452,0.511420,0.342371,-0.572980,-1.025495,-0.916482,0.428704,0.584026,-0.170395,0.687389,0.039308,-0.642972,-0.628120,0.241058,-2.542060,-0.513349,2.613360,-1.695523,-2.162469,0.845358,0.894759,0.068450,0.053361,0.160851,-0.002826,-0.081836,-0.401377,0.093439
12.531030,-0.113872,0.506483,0.340220,-0.573390,-1.025385,-0.915824,0.428819,0.586107,-0.174739,0.689765,0.037788,-0.642879,-0.628110,0.241178,-2.541994,-0.513304,2.613521,-1.695523,-2.162544,0.844958,0.894859,0.067642,0.051687,0.161154,-0.001660,-0.079749,-0.401147,0.096067
12.532001,-0.114910,0.510629,0.338152,-0.571428,-1.025686,-0.914106,0.428166,0.588051,-0.181281,0.692926,0.034897,-0.642656,-0.627982,0.241349,-2.541935,-0.513245,2.613684,-1.695523,-2.162623,0.844555,0.894953,0.064818,0.053669,0.161361,-0.001499,-0.079774,-0.400643,0.095461
12.533055,-0.119783,0.508998,0.340103,-0.572367,-1.027435,-0.911260,0.428720,0.593414,-0.188299,0.698841,0.032362,-0.642590,-0.627804,0.241531,-2.541869,-0.513197,2.613843,-1.695532,-2.162700,0.844152,0.895053,0.064779,0.051165,0.161615,-0.003560,-0.079413,-0.401281,0.096411
12.534136,-0.121793,0.508952,0.341130,-0.574672,-1.028465,-0.909825,0.426562,0.604862,-0.191695,0.709512,0.033107,-0.643062,-0.627645,0.241871,-2.541733,-0.513090,2.614160,-1.695529,-2.162850,0.843342,0.895254,0.067036,0.051164,0.158814,-0.000926,-0.076710,-0.403611,0.098916
12.535133,-0.126386,0.503793,0.338506,-0.574916,-1.028768,-0.908191,0.426842,0.604862,-0.191695,0.709512,0.033107,-0.643062,-0.627645,0.241871,-2.541733,-0.513090,2.614160,-1.695529,-2.162850,0.843342,0.895254,0.067036,0.051164,0.158814,-0.000926,-0.076710,-0.403611,0.098916
12.536007,-0.126051,0.502229,0.338001,-0.573833,-1.030774,-0.908210,0.427029,0.604117,-0.193511,0.710885,0.031358,-0.642840,-0.627249,0.242046,-2.541661,-0.513034,2.614320,-1.695530,-2.162926,0.842942,0.895352,0.068689,0.053294,0.159385,-0.000960,-0.076393,-0.404210,0.097949
12.537135,-0.128410,0.502560,0.339438,-0.574053,-1.032413,-0.908783,0.426771,0.597241,-0.199525,0.709120,0.025852,-0.642041,-0.626422,0.242193,-2.541594,-0.512981,2.614477,-1.695534,-2.162996,0.842539,0.895447,0.067881,0.053593,0.158762,-0.002198,-0.074317,-0.402944,0.097224
12.538121,-0.129013,0.503277,0.341354,-0.575655,-1.033517,-0.906983,0.426883,0.587440,-0.208149,0.705921,0.018611,-0.641023,-0.625310,0.242286,-2.541524,-0.512930,2.614630,-1.695538,-2.163068,0.842134,0.895545,0.068469,0.053026,0.157527,-0.002184,-0.072797,-0.401483,0.097391
12.538983,-0.129116,0.500812,0.337750,-0.574971,-1.034227,-0.905345,0.425919,0.578344,-0.216840,0.703246,0.011539,-0.640086,-0.624108,0.242325,-2.541457,-0.512881,2.614784,-1.695537,-2.163136,0.841735,0.895641,0.068172,0.052266,0.155870,-0.000857,-0.071743,-0.402251,0.096807
12.539999,-0.130620,0.498252,0.340076,-0.576620,-1.035281,-0.905693,0.426088,0.571554,-0.225144,0.702113,0.004921,-0.639287,-0.622844,0.242317,-2.541392,-0.512828,2.614944,-1.695540,-2.163206,0.841331,0.895742,0.067617,0.053050,0.156789,-0.001727,-0.070979,-0.402643,0.098379
12.541007,-0.133609,0.497945,0.337188,-0.575954,-1.037084,-0.903715,0.424433,0.567535,-0.234642,0.703074,-0.001911,-0.638570,-0.621453,0.242284,-2.541324,-0.512771,2.615092,-1.695539,-2.163271,0.840934,0.895842,0.067783,0.053846,0.155005,-0.000363,-0.070023,-0.401281,0.097655
12.542044,-0.130609,0.498894,0.336706,-0.575436,-1.037720,-0.904267,0.423830,0.564912,-0.246315,0.705291,-0.009697,-0.637808,-0.619937,0.242262,-2.541254,-0.512719,2.615249,-1.695542,-2.163332,0.840532,0.895949,0.068647,0.053571,0.155773,-0.001273,-0.068344,-0.402246,0.100602
12.543063,-0.127715,0.496403,0.335551,-0.576751,-1.038468,-0.905680,0.424565,0.562731,-0.257036,0.707303,-0.016798,-0.637138,-0.618548,0.242270,-2.541190,-0.512669,2.615403,-1.695546,-2.163396,0.840130,0.896054,0.066574,0.052687,0.155372,-0.001973,-0.067847,-0.400670,0.101400
12.543999,-0.134506,0.497537,0.335721,-0.576643,-1.039438,-0.906359,0.422848,0.564611,-0.264912,0.711096,-0.021379,-0.636866,-0.617489,0.242283,-2.541131,-0.512614,2.615560,-1.695544,-2.163461,0.839737,0.896148,0.064629,0.053493,0.155260,-0.000982,-0.067210,-0.398282,0.099564
12.545079,-0.133458,0.495602,0.334804,-0.576314,-1.042079,-0.906458,0.422630,0.571048,-0.270830,0.717158,-0.024030,-0.636906,-0.616792,0.242283,-2.541058,-0.512563,2.615713,-1.695544,-2.163523,0.839344,0.896256,0.067398,0.052480,0.154421,-0.001352,-0.066309,-0.396528,0.102642
12.546079,-0.133667,0.493973,0.334666,-0.577327,-1.043564,-0.905131,0.421079,0.577270,-0.274045,0.721984,-0.025324,-0.637019,-0.616510,0.242294,-2.540993,-0.512510,2.615869,-1.695546,-2.163579,0.838952,0.896357,0.066284,0.053039,0.154285,-0.001936,-0.063886,-0.395561,0.102679
12.547060,-0.131208,0.493975,0.335326,-0.575452,-1.046532,-0.904986,0.421662,0.583015,-0.275598,0.725619,-0.025638,-0.637185,-0.616521,0.242331,-2.540929,-0.512459,2.616022,-1.695547,-2.163641,0.838556,0.896470,0.065831,0.053440,0.153683,-0.001177,-0.062538,-0.395885,0.105390
12.548003,-0.135243,0.495701,0.336972,-0.576065,-1.045756,-0.906130,0.421874,0.592298,-0.277210,0.731242,-0.024809,-0.637608,-0.616629,0.242372,-2.540867,-0.512407,2.616174,-1.695553,-2.163694,0.838159,0.896571,0.064054,0.052999,0.152664,-0.003192,-0.059748,-0.394978,0.103808
12.549063,-0.136523,0.496813,0.337769,-0.575548,-1.048224,-0.906340,0.421781,0.606906,-0.277020,0.739711,-0.021346,-0.638525,-0.616888,0.242368,-2.540798,-0.512359,2.616321,-1.695554,-2.163755,0.837773,0.896671,0.065475,0.051744,0.151174,-0.002794,-0.060652,-0.392789,0.103022
12.550081,-0.132863,0.496069,0.334737,-0.577614,-1.049320,-0.908420,0.421887,0.623942,-0.272287,0.748531,-0.014642,-0.639870,-0.617460,0.242309,-2.540731,-0.512310,2.616469,-1.695558,-2.163808,0.837380,0.896776,0.065528,0.050812,0.150249,-0.003514,-0.058402,-0.391681,0.102827
12.550975,-0.133763,0.496766,0.334477,-0.576162,-1.049594,-0.909184,0.420366,0.641441,-0.262955,0.756472,-0.005443,-0.641465,-0.618356,0.242225,-2.540672,-0.512259,2.616620,-1.695555,-2.163862,0.836997,0.896875,0.063178,0.050780,0.151165,-0.001779,-0.057531,-0.388670,0.102245
12.552025,-0.131959,0.492650,0.331718,-0.575607,-1.050920,-0.910319,0.421020,0.660086,-0.250399,0.764354,0.005488,-0.643245,-0.619503,0.242138,-2.540611,-0.512210,2.616769,-1.695562,-2.163919,0.836619,0.896983,0.063102,0.050012,0.150531,-0.003360,-0.057353,-0.386868,0.104917
12.553032,-0.135197,0.491719,0.333149,-0.578309,-1.049658,-0.912100,0.419390,0.679860,-0.235871,0.772384,0.017843,-0.645197,-0.620811,0.242060,-2.540552,-0.512154,2.616922,-1.695566,-2.163972,0.836239,0.897082,0.061696,0.051631,0.151319,-0.004086,-0.056271,-0.384884,0.103203
12.554029,-0.134008,0.494577,0.332983,-0.576504,-1.050959,-0.912469,0.419783,0.699295,-0.223085,0.780351,0.029506,-0.647059,-0.622072,0.242005,-2.540489,-0.512104,2.617070,-1.695562,-2.164030,0.835863,0.897195,0.062804,0.051671,0.149991,-0.001744,-0.057717,-0.382215,0.106092
12.555098,-0.131559,0.491695,0.330533,-0.577797,-1.051867,-0.913770,0.419531,0.716823,-0.213182,0.787575,0.039153,-0.648606,-0.623235,0.241987,-2.540429,-0.512059,2.617219,-1.695568,-2.164084,0.835483,0.897296,0.061677,0.049886,0.149461,-0.003726,-0.056588,-0.380944,0.104892
12.555997,-0.131082,0.489629,0.331020,-0.579844,-1.052562,-0.917803,0.418852,0.733671,-0.203552,0.794456,0.048438,-0.650058,-0.624423,0.241990,-2.540373,-0.512005,2.617371,-1.695568,-2.164136,0.835107,0.897403,0.059996,0.050920,0.150127,-0.002689,-0.055957,-0.378835,0.105017
12.556987,-0.134156,0.489835,0.331018,-0.578788,-1.051899,-0.918486,0.417055,0.751846,-0.196415,0.802921,0.056557,-0.651419,-0.625502,0.242019,-2.540315,-0.511953,2.617518,-1.695567,-2.164191,0.834745,0.897508,0.059263,0.051500,0.149154,-0.000906,-0.055382,-0.373831,0.105990
12.558077,-0.136204,0.493280,0.331285,-0.580162,-1.053571,-0.921767,0.415980,0.770423,-0.194162,0.812929,0.061846,-0.652483,-0.626344,0.242108,-2.540254,-0.511903,2.617666,-1.695570,-2.164248,0.834378,0.897625,0.060291,0.050977,0.148537,-0.002194,-0.056225,-0.372327,0.109169
12.559079,-0.138033,0.490697,0.332179,-0.581106,-1.055804,-0.923118,0.416867,0.785637,-0.192699,0.821065,0.065701,-0.653259,-0.627159,0.242264,-2.540192,-0.511858,2.617812,-1.695571,-2.164296,0.834022,0.897740,0.060803,0.048910,0.147932,-0.001093,-0.054855,-0.368373,0.110881
12.559990,-0.137554,0.494954,0.333460,-0.580350,-1.057872,-0.924834,0.416282,0.795129,-0.188994,0.825170,0.069112,-0.653774,-0.628101,0.242447,-2.540130,-0.511806,2.617957,-1.695570,-2.164342,0.833661,0.897841,0.061129,0.049761,0.146626,-0.000386,-0.052704,-0.365785,0.108679
12.561115,-0.140124,0.492030,0.332458,-0.580532,-1.059413,-0.925445,0.415731,0.801237,-0.182939,0.826973,0.072672,-0.654214,-0.629168,0.242613,-2.540071,-0.511763,2.618099,-1.695573,-2.164388,0.833303,0.897953,0.060301,0.047210,0.145002,-0.001263,-0.050626,-0.362611,0.109441
12.562040,-0.142894,0.489421,0.334703,-0.580458,-1.059865,-0.924537,0.414377,0.806659,-0.173494,0.828142,0.077809,-0.654869,-0.630409,0.242754,-2.540011,-0.511712,2.618242,-1.695574,-2.164435,0.832947,0.898066,0.061039,0.048242,0.144689,-0.001271,-0.049164,-0.360740,0.110097
12.562955,-0.142894,0.487727,0.332826,-0.581940,-1.059765,-0.927147,0.413657,0.811073,-0.163364,0.829007,0.083368,-0.655645,-0.631629,0.242873,-2.539947,-0.511661,2.618380,-1.695574,-2.164484,0.832588,0.898182,0.061792,0.049052,0.142631,-0.001523,-0.048687,-0.360214,0.112370
12.564019,-0.143524,0.489235,0.327378,-0.581491,-1.059879,-0.928140,0.413318,0.814148,-0.157470,0.830406,0.086735,-0.656257,-0.632515,0.242947,-2.539887,-0.511611,2.618521,-1.695573,-2.164529,0.832234,0.898296,0.061184,0.049416,0.142624,-0.000248,-0.048785,-0.356145,0.113349
12.564967,-0.149103,0.486038,0.331022,-0.580911,-1.059906,-0.929822,0.411784,0.814588,-0.155230,0.831214,0.087681,-0.656568,-0.633149,0.242945,-2.539826,-0.511564,2.618669,-1.695576,-2.164577,0.831891,0.898410,0.060927,0.048231,0.144429,-0.000856,-0.048714,-0.353926,0.113573
12.566123,-0.147851,0.487846,0.331134,-0.582671,-1.059898,-0.928809,0.411278,0.809662,-0.153507,0.828704,0.087317,-0.656555,-0.633755,0.242866,-2.539758,-0.511513,2.618808,-1.695578,-2.164623,0.831546,0.898534,0.063061,0.049359,0.141641,-0.001563,-0.048690,-0.350890,0.116178
12.567017,-0.150265,0.481363,0.326153,-0.583393,-1.061980,-0.927900,0.410663,0.800211,-0.152608,0.823562,0.085691,-0.656247,-0.634301,0.242722,-2.539699,-0.511467,2.618947,-1.695576,-2.164669,0.831201,0.898651,0.061858,0.048034,0.140859,-0.000060,-0.048802,-0.350742,0.116716
12.567980,-0.150739,0.483839,0.328018,-0.585046,-1.061711,-0.927428,0.410800,0.788026,-0.155342,0.817669,0.081513,-0.655582,-0.634611,0.242521,-2.539635,-0.511411,2.619092,-1.695575,-2.164710,0.830852,0.898767,0.062436,0.050771,0.142340,0.000446,-0.046727,-0.350240,0.117493
12.569055,-0.154692,0.484291,0.324023,-0.579923,-1.062629,-0.928152,0.408889,0.772899,-0.163801,0.811226,0.073540,-0.654447,-0.634562,0.242277,-2.539573,-0.511365,2.619226,-1.695571,-2.164757,0.830504,0.898882,0.062061,0.049062,0.140528,0.001828,-0.047018,-0.349352,0.116750
12.570131,-0.153951,0.485546,0.331569,-0.582265,-1.062233,-0.929483,0.408821,0.754559,-0.173200,0.802805,0.064588,-0.653159,-0.634427,0.242014,-2.539508,-0.511318,2.619370,-1.695585,-2.164800,0.830164,0.899012,0.063424,0.048432,0.141687,-0.003248,-0.046178,-0.347401,0.120106
12.570982,-0.158332,0.482843,0.329461,-0.582912,-1.063526,-0.929203,0.409329,0.735166,-0.177140,0.792317,0.059042,-0.652269,-0.634576,0.241759,-2.539446,-0.511271,2.619499,-1.695582,-2.164846,0.829824,0.899132,0.062450,0.047374,0.137161,-0.001123,-0.046655,-0.344850,0.119733
12.571980,-0.159846,0.483565,0.332154,-0.584177,-1.064965,-0.930687,0.407815,0.718345,-0.177960,0.782832,0.056107,-0.651796,-0.634867,0.241513,-2.539379,-0.511221,2.619636,-1.695580,-2.164890,0.829488,0.899247,0.063972,0.048265,0.137295,-0.000708,-0.045327,-0.343774,0.118254
12.572986,-0.165379,0.481657,0.329731,-0.584822,-1.064658,-0.930349,0.406344,0.703623,-0.179965,0.775038,0.052872,-0.651392,-0.635031,0.241291,-2.539313,-0.511175,2.619766,-1.695578,-2.164929,0.829150,0.899369,0.064076,0.047462,0.135159,0.000307,-0.043983,-0.341012,0.120844
12.574137,-0.165526,0.481561,0.331196,-0.584672,-1.065682,-0.931603,0.404956,0.667579,-0.189377,0.755820,0.041323,-0.649813,-0.634907,0.241049,-2.539180,-0.511079,2.620031,-1.695576,-2.165014,0.828478,0.899626,0.065618,0.047603,0.134171,0.000311,-0.043471,-0.337714,0.125555
12.575047,-0.166355,0.478908,0.327916,-0.584026,-1.065051,-0.928630,0.405865,0.667579,-0.189377,0.755820,0.041323,-0.649813,-0.634907,0.241049,-2.539180,-0.511079,2.620031,-1.695576,-2.165014,0.828478,0.899626,0.065618,0.047603,0.134171,0.000311,-0.043471,-0.337714,0.125555
12.575987,-0.169798,0.476391,0.327805,-0.584623,-1.066179,-0.929569,0.404436,0.645521,-0.195898,0.743516,0.033665,-0.648611,-0.634708,0.241017,-2.539115,-0.511028,2.620167,-1.695578,-2.165058,0.828133,0.899745,0.065385,0.048457,0.134924,-0.000453,-0.044126,-0.339354,0.123224
12.577127,-0.168889,0.475647,0.328262,-0.583673,-1.064595,-0.930653,0.404221,0.599685,-0.215310,0.718055,0.015703,-0.645620,-0.633996,0.241046,-2.538985,-0.510930,2.620429,-1.695580,-2.165144,0.827468,0.899999,0.065383,0.049176,0.133237,-0.001190,-0.044740,-0.334894,0.125537
12.578056,-0.172321,0.476915,0.328259,-0.583285,-1.064877,-0.929178,0.403247,0.599685,-0.215310,0.718055,0.015703,-0.645620,-0.633996,0.241046,-2.538985,-0.510930,2.620429,-1.695580,-2.165144,0.827468,0.899999,0.065383,0.049176,0.133237,-0.001190,-0.044740,-0.334894,0.125537
12.578991,-0.171638,0.479018,0.326908,-0.584558,-1.064637,-0.927172,0.402960,0.578723,-0.226680,0.706510,0.006814,-0.644055,-0.633716,0.241089,-2.538917,-0.510882,2.620559,-1.695584,-2.165186,0.827134,0.900129,0.066429,0.048087,0.132426,-0.001652,-0.044481,-0.335095,0.126988
12.580032,-0.172844,0.475812,0.324260,-0.584993,-1.065298,-0.924388,0.402769,0.559778,-0.234803,0.695413,0.000139,-0.642693,-0.633782,0.241130,-2.538853,-0.510838,2.620691,-1.695582,-2.165231,0.826800,0.900260,0.065440,0.046625,0.132259,-0.000595,-0.044723,-0.335822,0.127034
12.581020,-0.172626,0.475027,0.324843,-0.584577,-1.066375,-0.923434,0.401919,0.542157,-0.239522,0.684316,-0.004738,-0.641499,-0.634193,0.241161,-2.538788,-0.510787,2.620827,-1.695582,-2.165273,0.826458,0.900387,0.065420,0.047778,0.132788,-0.000373,-0.044148,-0.337358,0.126916
12.582060,-0.172541,0.471766,0.327116,-0.585825,-1.065101,-0.920145,0.401612,0.526531,-0.243827,0.674291,-0.009101,-0.640447,-0.634774,0.241168,-2.538725,-0.510739,2.620953,-1.695584,-2.165313,0.826117,0.900515,0.064685,0.047717,0.131755,-0.000943,-0.043146,-0.336999,0.128128
12.583090,-0.172552,0.473824,0.327371,-0.586898,-1.065797,-0.918566,0.400136,0.515951,-0.251273,0.668232,-0.013956,-0.639628,-0.635296,0.241149,-2.538662,-0.510687,2.621081,-1.695582,-2.165359,0.825779,0.900640,0.064042,0.048873,0.129898,0.000063,-0.044495,-0.339078,0.128240
12.584046,-0.174178,0.476731,0.325111,-0.587581,-1.066314,-0.916893,0.399915,0.513142,-0.264014,0.668613,-0.020118,-0.639083,-0.635592,0.241109,-2.538600,-0.510642,2.621208,-1.695580,-2.165401,0.825436,0.900776,0.063448,0.047422,0.129069,0.000888,-0.043857,-0.339372,0.130684
12.584992,-0.171627,0.475853,0.326521,-0.585355,-1.065692,-0.915344,0.399102,0.515999,-0.278326,0.673230,-0.026521,-0.638834,-0.635867,0.241058,-2.538536,-0.510602,2.621336,-1.695579,-2.165444,0.825097,0.900905,0.063637,0.045613,0.129434,0.001334,-0.043377,-0.339739,0.130592
12.586069,-0.176283,0.471715,0.328414,-0.585883,-1.064330,-0.911689,0.398092,0.522638,-0.288683,0.679521,-0.030555,-0.639077,-0.636449,0.241002,-2.538477,-0.510557,2.621460,-1.695584,-2.165490,0.824754,0.901038,0.061773,0.045653,0.127969,-0.000972,-0.044019,-0.339957,0.131710
12.587063,-0.176570,0.473882,0.328699,-0.585468,-1.065201,-0.908136,0.398687,0.534151,-0.296292,0.688449,-0.032009,-0.639878,-0.637238,0.240954,-2.538410,-0.510506,2.621584,-1.695584,-2.165538,0.824406,0.901175,0.063483,0.047265,0.126389,-0.000631,-0.045427,-0.342369,0.133193
12.587968,-0.169649,0.471909,0.324390,-0.586040,-1.063865,-0.905752,0.397511,0.549017,-0.304581,0.699774,-0.032723,-0.640970,-0.637977,0.240915,-2.538349,-0.510464,2.621710,-1.695586,-2.165583,0.824060,0.901305,0.063016,0.045785,0.125535,-0.001210,-0.044576,-0.344604,0.131460
12.589059,-0.172054,0.473650,0.317422,-0.587110,-1.063134,-0.901738,0.399429,0.567247,-0.313305,0.713503,-0.032680,-0.642282,-0.638661,0.240858,-2.538300,-0.510418,2.621840,-1.695586,-2.165632,0.823708,0.901442,0.059054,0.046357,0.126870,-0.000809,-0.045884,-0.345553,0.133313
12.590048,-0.173712,0.473218,0.322427,-0.586848,-1.063283,-0.898947,0.398947,0.588064,-0.320903,0.728639,-0.031514,-0.643733,-0.639397,0.240764,-2.538240,-0.510375,2.621974,-1.695586,-2.165676,0.823355,0.901562,0.059746,0.045103,0.129624,0.000058,-0.046700,-0.348303,0.128942
12.590971,-0.172473,0.475041,0.318778,-0.586218,-1.063890,-0.894628,0.399360,0.606431,-0.326015,0.741317,-0.029840,-0.645032,-0.640241,0.240634,-2.538180,-0.510330,2.622095,-1.695587,-2.165724,0.822999,0.901692,0.059986,0.044925,0.126403,-0.000397,-0.046547,-0.349696,0.129445
12.592015,-0.170432,0.470737,0.316977,-0.586360,-1.063574,-0.893859,0.399232,0.622058,-0.327724,0.751240,-0.027112,-0.646247,-0.641169,0.240471,-2.538125,-0.510289,2.622223,-1.695589,-2.165768,0.822635,0.901819,0.058824,0.043633,0.127454,-0.001165,-0.045949,-0.352555,0.128103
12.592926,-0.172196,0.475384,0.317516,-0.586199,-1.063501,-0.890787,0.398999,0.637505,-0.326816,0.760376,-0.022864,-0.647556,-0.642104,0.240271,-2.538072,-0.510243,2.622350,-1.695589,-2.165814,0.822288,0.901946,0.057314,0.045402,0.127657,-0.001221,-0.046322,-0.352005,0.127872
12.594054,-0.170707,0.473417,0.320028,-0.587395,-1.063409,-0.888374,0.400033,0.653416,-0.324272,0.769345,-0.017394,-0.648973,-0.643003,0.240023,-2.538012,-0.510206,2.622475,-1.695591,-2.165864,0.821931,0.902073,0.057626,0.042705,0.126602,-0.001523,-0.046336,-0.353654,0.127841
12.594959,-0.169107,0.476057,0.319780,-0.586403,-1.062341,-0.885945,0.399896,0.670677,-0.319983,0.778847,-0.010750,-0.650537,-0.643863,0.239713,-2.537957,-0.510159,2.622593,-1.695589,-2.165911,0.821577,0.902194,0.056375,0.043316,0.124810,-0.000580,-0.046514,-0.354797,0.125274
12.596012,-0.169862,0.474621,0.317385,-0.587290,-1.060984,-0.882372,0.401340,0.691803,-0.314622,0.790921,-0.002964,-0.652353,-0.644647,0.239333,-2.537905,-0.510121,2.622717,-1.695593,-2.165959,0.821216,0.902319,0.055078,0.041630,0.124185,-0.001679,-0.047549,-0.355752,0.125082
12.597062,-0.169397,0.473869,0.318803,-0.587469,-1.060789,-0.881724,0.400641,0.716585,-0.308280,0.805468,0.005916,-0.654426,-0.645382,0.238891,-2.537850,-0.510077,2.622844,-1.695593,-2.166009,0.820853,0.902432,0.054958,0.041986,0.124694,-0.000984,-0.048920,-0.357963,0.121718
12.598056,-0.169108,0.477011,0.318519,-0.586334,-1.061018,-0.880359,0.402301,0.742002,-0.302046,0.820601,0.014718,-0.656543,-0.646033,0.238415,-2.537797,-0.510036,2.622965,-1.695594,-2.166058,0.820500,0.902554,0.054231,0.042001,0.123358,-0.001004,-0.049126,-0.357270,0.122682
12.599159,-0.169753,0.476178,0.316795,-0.586988,-1.060939,-0.878302,0.402601,0.767489,-0.295871,0.835900,0.023484,-0.658717,-0.646645,0.237940,-2.537744,-0.509999,2.623086,-1.695598,-2.166110,0.820141,0.902666,0.053589,0.040103,0.122843,-0.002251,-0.048861,-0.357245,0.118879
12.600004,-0.171997,0.476626,0.316973,-0.588656,-1.060213,-0.877500,0.404017,0.792206,-0.286942,0.850129,0.033714,-0.661096,-0.647416,0.237488,-2.537690,-0.509958,2.623209,-1.695598,-2.166161,0.819782,0.902781,0.053426,0.040199,0.123111,-0.001790,-0.048975,-0.358000,0.117854
12.601075,-0.171337,0.473901,0.319007,-0.588114,-1.059615,-0.876416,0.404581,0.812972,-0.275978,0.861219,0.044187,-0.663435,-0.648313,0.237081,-2.537633,-0.509921,2.623330,-1.695595,-2.166210,0.819430,0.902890,0.053999,0.039638,0.122224,-0.000354,-0.049628,-0.357323,0.114574
12.602083,-0.173081,0.474000,0.315067,-0.588642,-1.057735,-0.876909,0.404855,0.829246,-0.266672,0.869630,0.052616,-0.665474,-0.649111,0.236726,-2.537583,-0.509879,2.623448,-1.695597,-2.166263,0.819073,0.902997,0.053198,0.040655,0.120636,-0.001082,-0.050214,-0.357083,0.113044
12.603039,-0.173269,0.476044,0.314886,-0.588864,-1.056395,-0.874351,0.406033,0.841916,-0.260989,0.876360,0.058290,-0.667166,-0.649703,0.236423,-2.537529,-0.509841,2.623572,-1.695598,-2.166320,0.818719,0.903109,0.053581,0.040264,0.121943,-0.000733,-0.052028,-0.355222,0.112065
12.603999,-0.175583,0.477844,0.314394,-0.589853,-1.055126,-0.873442,0.405622,0.849145,-0.256839,0.879617,0.061916,-0.668465,-0.650211,0.236168,-2.537476,-0.509805,2.623693,-1.695596,-2.166373,0.818360,0.903213,0.053173,0.038933,0.121327,-0.000738,-0.053300,-0.356386,0.109286
12.605105,-0.175163,0.475031,0.315443,-0.588409,-1.054093,-0.873980,0.406546,0.849723,-0.250889,0.877897,0.064701,-0.669393,-0.650750,0.235952,-2.537420,-0.509770,2.623813,-1.695596,-2.166431,0.818000,0.903325,0.053805,0.037739,0.120900,0.000066,-0.054460,-0.355857,0.109700
12.606089,-0.176282,0.474456,0.314380,-0.591384,-1.053886,-0.873942,0.406420,0.845323,-0.242965,0.872387,0.067155,-0.670048,-0.651254,0.235765,-2.537369,-0.509729,2.623932,-1.695600,-2.166487,0.817653,0.903428,0.053131,0.038823,0.119817,-0.001523,-0.055469,-0.354069,0.107426
12.606984,-0.180797,0.475791,0.317497,-0.589456,-1.053380,-0.873875,0.407406,0.838531,-0.236417,0.865616,0.068290,-0.670418,-0.651520,0.235603,-2.537317,-0.509691,2.624052,-1.695595,-2.166543,0.817302,0.903532,0.053207,0.038782,0.119701,0.001168,-0.055584,-0.352757,0.107289
12.607954,-0.181066,0.476792,0.317167,-0.590092,-1.052510,-0.873429,0.408492,0.829636,-0.232721,0.858157,0.067366,-0.670417,-0.651455,0.235465,-2.537259,-0.509654,2.624165,-1.695599,-2.166600,0.816958,0.903631,0.054911,0.037782,0.117474,-0.000884,-0.055959,-0.351444,0.104909
12.608998,-0.179310,0.474680,0.314418,-0.590228,-1.052426,-0.875417,0.409256,0.818211,-0.229135,0.849183,0.065892,-0.670186,-0.651184,0.235325,-2.537205,-0.509621,2.624281,-1.695598,-2.166660,0.816610,0.903728,0.054522,0.037011,0.117027,-0.000448,-0.056715,-0.350546,0.102358
12.610049,-0.179279,0.480575,0.320091,-0.591090,-1.051825,-0.873132,0.410578,0.805794,-0.224619,0.839515,0.064908,-0.669890,-0.650793,0.235165,-2.537156,-0.509582,2.624399,-1.695599,-2.166715,0.816262,0.903825,0.053195,0.037760,0.117826,-0.000486,-0.056747,-0.347244,0.100456
12.611115,-0.182464,0.475346,0.318170,-0.591625,-1.051568,-0.872810,0.410464,0.795826,-0.219275,0.831566,0.064874,-0.669707,-0.650323,0.234980,-2.537104,-0.509554,2.624507,-1.695598,-2.166774,0.815915,0.903917,0.052709,0.034571,0.114487,0.000137,-0.057280,-0.348297,0.097445
12.612015,-0.182710,0.471716,0.316852,-0.592507,-1.049942,-0.874387,0.411461,0.789987,-0.213488,0.826677,0.065684,-0.669741,-0.649710,0.234777,-2.537047,-0.509513,2.624622,-1.695598,-2.166831,0.815567,0.904014,0.053793,0.036894,0.114954,0.000462,-0.057481,-0.347324,0.097325
12.612956,-0.181568,0.478033,0.316694,-0.592413,-1.050296,-0.876714,0.412401,0.785268,-0.212086,0.823762,0.064291,-0.669647,-0.648658,0.234585,-2.536995,-0.509472,2.624734,-1.695597,-2.166891,0.815231,0.904102,0.053402,0.038333,0.114976,0.001153,-0.058957,-0.344399,0.094964
12.614040,-0.186156,0.472358,0.322961,-0.592234,-1.050475,-0.876132,0.412836,0.780122,-0.215501,0.821684,0.060217,-0.669343,-0.647206,0.234406,-2.536946,-0.509445,2.624848,-1.695598,-2.166946,0.814897,0.904189,0.052374,0.034919,0.114436,0.000885,-0.058499,-0.340779,0.092747
12.615049,-0.184858,0.470954,0.319821,-0.592079,-1.049775,-0.875871,0.414144,0.776526,-0.219928,0.820952,0.055887,-0.669161,-0.645608,0.234219,-2.536887,-0.509402,2.624952,-1.695597,-2.167004,0.814557,0.904278,0.054141,0.037444,0.110877,0.000467,-0.058269,-0.340181,0.091543
12.616004,-0.188372,0.472888,0.317455,-0.591386,-1.049164,-0.879185,0.414157,0.775709,-0.227659,0.822932,0.050745,-0.669136,-0.643714,0.234008,-2.536838,-0.509364,2.625065,-1.695597,-2.167065,0.814226,0.904357,0.053015,0.037809,0.111935,0.000109,-0.058855,-0.339226,0.088603
12.617075,-0.188787,0.470847,0.316396,-0.592022,-1.048969,-0.880413,0.415549,0.774893,-0.238022,0.825421,0.044806,-0.669176,-0.641648,0.233766,-2.536781,-0.509330,2.625177,-1.695601,-2.167126,0.813897,0.904445,0.054246,0.036549,0.112533,-0.000697,-0.059329,-0.334629,0.088259
12.618027,-0.188595,0.469878,0.318118,-0.592353,-1.047521,-0.879620,0.414643,0.769698,-0.246335,0.824213,0.039503,-0.669225,-0.639834,0.233501,-2.536726,-0.509291,2.625288,-1.695599,-2.167186,0.813566,0.904523,0.053941,0.037263,0.112570,-0.000292,-0.059440,-0.332256,0.085147
12.618963,-0.190353,0.474706,0.318763,-0.592714,-1.047780,-0.878566,0.416602,0.760956,-0.253535,0.820115,0.034333,-0.669210,-0.638281,0.233227,-2.536676,-0.509254,2.625397,-1.695597,-2.167251,0.813235,0.904612,0.053379,0.037418,0.111141,-0.000203,-0.060717,-0.331810,0.086660
12.619978,-0.188891,0.472296,0.319569,-0.590781,-1.048751,-0.882065,0.415982,0.752044,-0.259987,0.815693,0.029509,-0.669207,-0.636923,0.232953,-2.536622,-0.509224,2.625504,-1.695599,-2.167312,0.812905,0.904686,0.053748,0.034742,0.110285,0.000010,-0.060280,-0.331602,0.082395
12.621027,-0.189396,0.471437,0.319872,-0.594222,-1.047199,-0.882349,0.418054,0.745103,-0.262516,0.811813,0.027158,-0.669461,-0.635904,0.232662,-2.536573,-0.509186,2.625612,-1.695603,-2.167371,0.812587,0.904771,0.052559,0.035670,0.109395,-0.002042,-0.059217,-0.326930,0.083357
12.622057,-0.189177,0.469080,0.323195,-0.592058,-1.047012,-0.883152,0.417512,0.742065,-0.262833,0.810180,0.026871,-0.669965,-0.635130,0.232337,-2.536521,-0.509152,2.625721,-1.695598,-2.167435,0.812266,0.904840,0.052341,0.035821,0.108768,0.001111,-0.060663,-0.325552,0.078895
12.623037,-0.190887,0.469674,0.321642,-0.594414,-1.046092,-0.883253,0.418556,0.744156,-0.266006,0.812771,0.026039,-0.670455,-0.634279,0.231977,-2.536471,-0.509114,2.625823,-1.695603,-2.167496,0.811944,0.904921,0.051783,0.036685,0.106690,-0.001175,-0.060728,-0.323601,0.079718
12.623999,-0.187313,0.467864,0.322545,-0.593480,-1.046656,-0.884920,0.418250,0.750802,-0.273390,0.819471,0.023815,-0.670801,-0.633220,0.231597,-2.536419,-0.509079,2.625931,-1.695598,-2.167559,0.811626,0.904992,0.052162,0.036086,0.106964,0.000894,-0.061502,-0.322346,0.077324
12.625001,-0.189534,0.467191,0.320070,-0.593090,-1.044633,-0.883737,0.418292,0.760917,-0.283964,0.829255,0.020463,-0.670995,-0.632005,0.231199,-2.536372,-0.509041,2.626037,-1.695600,-2.167617,0.811308,0.905073,0.049927,0.036671,0.105991,-0.000219,-0.060814,-0.319487,0.077648
12.626139,-0.189918,0.467106,0.321882,-0.593217,-1.043259,-0.883953,0.419634,0.787584,-0.308900,0.853720,0.013217,-0.671264,-0.629355,0.230375,-2.536273,-0.508969,2.626251,-1.695602,-2.167749,0.810673,0.905214,0.050361,0.036466,0.105456,-0.000845,-0.063955,-0.318299,0.074302
12.627113,-0.189499,0.466616,0.322637,-0.592438,-1.042534,-0.884823,0.420274,0.787584,-0.308900,0.853720,0.013217,-0.671264,-0.629355,0.230375,-2.536273,-0.508969,2.626251,-1.695602,-2.167749,0.810673,0.905214,0.050361,0.036466,0.105456,-0.000845,-0.063955,-0.318299,0.074302
12.627996,-0.188115,0.463595,0.322693,-0.592771,-1.042794,-0.886467,0.422057,0.800371,-0.320328,0.865052,0.010248,-0.671376,-0.628014,0.229956,-2.536224,-0.508932,2.626354,-1.695604,-2.167812,0.810358,0.905285,0.049694,0.036406,0.104623,-0.001768,-0.064518,-0.316275,0.072763
12.629136,-0.186470,0.465153,0.320547,-0.591980,-1.042916,-0.887164,0.420937,0.814675,-0.331414,0.877144,0.008003,-0.671620,-0.626677,0.229524,-2.536178,-0.508892,2.626455,-1.695604,-2.167876,0.810055,0.905346,0.048574,0.037568,0.104088,-0.001609,-0.064037,-0.313479,0.068938
12.630117,-0.188144,0.466326,0.320988,-0.592591,-1.043968,-0.887067,0.421339,0.831503,-0.342407,0.890714,0.006675,-0.672095,-0.625391,0.229082,-2.536132,-0.508859,2.626563,-1.695606,-2.167940,0.809746,0.905422,0.047367,0.036513,0.104782,-0.002584,-0.063839,-0.311813,0.070943
12.630992,-0.191207,0.466046,0.320709,-0.593806,-1.043386,-0.887890,0.421374,0.849052,-0.350357,0.903870,0.007365,-0.672875,-0.624330,0.228645,-2.536082,-0.508825,2.626662,-1.695608,-2.168001,0.809437,0.905489,0.047762,0.035652,0.104133,-0.002114,-0.062647,-0.310813,0.069850
12.632008,-0.192425,0.466085,0.317900,-0.593896,-1.042068,-0.887721,0.422224,0.863206,-0.353654,0.913499,0.009686,-0.673782,-0.623555,0.228213,-2.536030,-0.508789,2.626767,-1.695606,-2.168067,0.809134,0.905558,0.048796,0.035485,0.103714,-0.001098,-0.063014,-0.308830,0.069522
12.633027,-0.193300,0.466541,0.317503,-0.594021,-1.039863,-0.888217,0.422847,0.869604,-0.353298,0.916888,0.011838,-0.674463,-0.623017,0.227777,-2.535981,-0.508754,2.626872,-1.695609,-2.168132,0.808829,0.905617,0.048956,0.035190,0.104673,-0.001167,-0.064176,-0.307955,0.067579
12.634106,-0.194243,0.467190,0.318066,-0.593912,-1.039945,-0.889269,0.422056,0.866414,-0.349453,0.912828,0.013284,-0.674771,-0.622723,0.227348,-2.535933,-0.508721,2.626974,-1.695609,-2.168202,0.808530,0.905682,0.048959,0.034695,0.104441,-0.001233,-0.066195,-0.306437,0.066087
12.635084,-0.192601,0.466666,0.321894,-0.594573,-1.038150,-0.889200,0.422990,0.855407,-0.341853,0.902517,0.014613,-0.674810,-0.622694,0.226959,-2.535885,-0.508688,2.627078,-1.695611,-2.168267,0.808228,0.905753,0.049009,0.034111,0.103766,-0.001520,-0.065963,-0.304395,0.067425
12.636026,-0.192378,0.464145,0.320634,-0.593800,-1.035812,-0.891494,0.423270,0.841908,-0.331970,0.890057,0.016211,-0.674804,-0.622857,0.226627,-2.535839,-0.508652,2.627173,-1.695611,-2.168338,0.807923,0.905814,0.047758,0.034087,0.101473,-0.001032,-0.067542,-0.303394,0.065289
12.637034,-0.196348,0.465525,0.318048,-0.595389,-1.037939,-0.890091,0.423850,0.831689,-0.323152,0.880250,0.017632,-0.674898,-0.623073,0.226344,-2.535792,-0.508616,2.627275,-1.695615,-2.168409,0.807634,0.905875,0.047234,0.035043,0.101653,-0.001909,-0.069634,-0.300058,0.064506
12.638093,-0.195010,0.465206,0.317385,-0.594822,-1.036081,-0.889269,0.423931,0.823139,-0.316440,0.872170,0.018159,-0.674948,-0.623349,0.226113,-2.535742,-0.508583,2.627379,-1.695614,-2.168472,0.807334,0.905935,0.048773,0.034079,0.102502,-0.000538,-0.067335,-0.300470,0.063110
12.639086,-0.195655,0.467115,0.317436,-0.595213,-1.035479,-0.887721,0.424390,0.811128,-0.309917,0.861810,0.017785,-0.674782,-0.623783,0.225946,-2.535696,-0.508548,2.627479,-1.695616,-2.168544,0.807036,0.905995,0.047683,0.033970,0.102465,-0.001276,-0.069022,-0.300311,0.062727
12.639997,-0.195636,0.463766,0.318823,-0.595185,-1.034987,-0.887639,0.423866,0.795993,-0.301871,0.849058,0.017523,-0.674531,-0.624405,0.225835,-2.535648,-0.508519,2.627579,-1.695616,-2.168617,0.806733,0.906055,0.047584,0.032788,0.102030,-0.001067,-0.069366,-0.300807,0.061572
12.641106,-0.195912,0.466772,0.319114,-0.596540,-1.033113,-0.888058,0.425015,0.767671,-0.285878,0.825407,0.017485,-0.674191,-0.625722,0.225733,-2.535554,-0.508452,2.627777,-1.695618,-2.168761,0.806143,0.906175,0.046864,0.032419,0.100414,-0.000104,-0.071299,-0.298456,0.059847
12.642081,-0.195677,0.467812,0.323598,-0.595516,-1.032149,-0.887605,0.424864,0.767671,-0.285878,0.825407,0.017485,-0.674191,-0.625722,0.225733,-2.535554,-0.508452,2.627777,-1.695618,-2.168761,0.806143,0.906175,0.046864,0.032419,0.100414,-0.000104,-0.071299,-0.298456,0.059847
12.643017,-0.194696,0.469211,0.326087,-0.594884,-1.029443,-0.885683,0.425092,0.758288,-0.279089,0.817480,0.017589,-0.674173,-0.626296,0.225701,-2.535508,-0.508422,2.627872,-1.695622,-2.168832,0.805845,0.906235,0.046332,0.031682,0.097781,-0.001245,-0.072015,-0.297875,0.059947
12.644009,-0.195860,0.465680,0.324960,-0.597114,-1.031031,-0.887023,0.425947,0.756021,-0.270939,0.814476,0.019782,-0.674598,-0.626907,0.225656,-2.535464,-0.508393,2.627968,-1.695625,-2.168914,0.805545,0.906294,0.045448,0.030755,0.096142,-0.001991,-0.074371,-0.298723,0.059257
12.645051,-0.195354,0.466089,0.320588,-0.595951,-1.028810,-0.884183,0.425882,0.769048,-0.258470,0.822166,0.025983,-0.676175,-0.627940,0.225550,-2.535375,-0.508325,2.628167,-1.695625,-2.169063,0.804950,0.906406,0.044999,0.031771,0.098142,-0.001324,-0.074510,-0.298216,0.057251
12.646020,-0.200386,0.462475,0.317346,-0.597603,-1.026927,-0.882636,0.426041,0.771346,-0.256675,0.824055,0.026151,-0.676458,-0.628298,0.225537,-2.535324,-0.508289,2.628270,-1.695622,-2.169141,0.804653,0.906460,0.047076,0.033302,0.099296,0.000095,-0.076074,-0.298710,0.056724
12.647084,-0.199018,0.462939,0.320367,-0.597030,-1.028159,-0.881311,0.425319,0.771346,-0.256675,0.824055,0.026151,-0.676458,-0.628298,0.225537,-2.535324,-0.508289,2.628270,-1.695622,-2.169141,0.804653,0.906460,0.047076,0.033302,0.099296,0.000095,-0.076074,-0.298710,0.056724
12.648017,-0.200153,0.463014,0.320885,-0.596624,-1.028078,-0.881976,0.426887,0.764795,-0.258355,0.820392,0.022952,-0.676057,-0.628459,0.225580,-2.535282,-0.508258,2.628365,-1.695624,-2.169218,0.804350,0.906520,0.045999,0.032816,0.097461,-0.000663,-0.074570,-0.299031,0.057959
12.648960,-0.198941,0.462647,0.315859,-0.594744,-1.027634,-0.879755,0.426429,0.754098,-0.262751,0.814297,0.017900,-0.675328,-0.628406,0.225669,-2.535235,-0.508226,2.628461,-1.695626,-2.169291,0.804052,0.906569,0.046147,0.032530,0.096805,-0.001198,-0.074385,-0.297270,0.054588
12.650066,-0.199989,0.465178,0.318197,-0.595852,-1.028273,-0.877268,0.426872,0.742675,-0.266357,0.807350,0.013914,-0.674721,-0.628325,0.225786,-2.535193,-0.508195,2.628564,-1.695633,-2.169365,0.803753,0.906624,0.045160,0.032469,0.098857,-0.003126,-0.074557,-0.298444,0.055332
12.651065,-0.204043,0.462498,0.317246,-0.598778,-1.026386,-0.875920,0.427414,0.715429,-0.263678,0.787760,0.012409,-0.674131,-0.628374,0.226129,-2.535097,-0.508133,2.628753,-1.695628,-2.169516,0.803154,0.906728,0.046888,0.032090,0.097542,0.000416,-0.075332,-0.300287,0.052949
12.652125,-0.203561,0.465979,0.315858,-0.596957,-1.026854,-0.876953,0.426761,0.715429,-0.263678,0.787760,0.012409,-0.674131,-0.628374,0.226129,-2.535097,-0.508133,2.628753,-1.695628,-2.169516,0.803154,0.906728,0.046888,0.032090,0.097542,0.000416,-0.075332,-0.300287,0.052949
12.653067,-0.198940,0.466253,0.313264,-0.596439,-1.025590,-0.878119,0.427584,0.695848,-0.260927,0.773522,0.011007,-0.673547,-0.628274,0.226369,-2.535052,-0.508105,2.628851,-1.695633,-2.169590,0.802857,0.906785,0.046244,0.030127,0.097904,-0.001549,-0.074616,-0.298262,0.054062
12.654040,-0.203704,0.462816,0.313521,-0.597379,-1.025966,-0.876817,0.427210,0.674000,-0.254377,0.756845,0.011060,-0.673013,-0.628340,0.226629,-2.535013,-0.508077,2.628951,-1.695635,-2.169666,0.802564,0.906836,0.043579,0.029792,0.098754,-0.002176,-0.075600,-0.296055,0.052191
12.654976,-0.203693,0.461999,0.314825,-0.599065,-1.025305,-0.876306,0.427363,0.653427,-0.244146,0.740124,0.013515,-0.672768,-0.628615,0.226857,-2.534963,-0.508044,2.629047,-1.695634,-2.169742,0.802270,0.906890,0.045548,0.031258,0.098225,-0.001450,-0.074926,-0.296362,0.052756
12.656179,-0.201649,0.463888,0.315512,-0.597541,-1.025513,-0.876829,0.426831,0.633332,-0.236339,0.724193,0.014805,-0.672427,-0.628761,0.227037,-2.534920,-0.508012,2.629142,-1.695630,-2.169820,0.801976,0.906941,0.045130,0.031398,0.097179,-0.000034,-0.075275,-0.295816,0.052245
12.657043,-0.203193,0.459414,0.312707,-0.597085,-1.023487,-0.876618,0.426903,0.615238,-0.232720,0.710629,0.014116,-0.671953,-0.628712,0.227174,-2.534880,-0.507984,2.629236,-1.695636,-2.169892,0.801687,0.906993,0.043792,0.030263,0.096669,-0.001682,-0.074929,-0.294467,0.053125
12.658040,-0.199523,0.459704,0.315320,-0.597012,-1.023655,-0.873576,0.427514,0.601188,-0.231222,0.700405,0.013262,-0.671601,-0.628653,0.227269,-2.534837,-0.507948,2.629337,-1.695639,-2.169973,0.801395,0.907045,0.044184,0.032219,0.097559,-0.002239,-0.076586,-0.293592,0.052770
12.659035,-0.203923,0.463800,0.313372,-0.597033,-1.022764,-0.871731,0.427256,0.591854,-0.232608,0.694105,0.012361,-0.671408,-0.628564,0.227314,-2.534798,-0.507916,2.629427,-1.695641,-2.170049,0.801092,0.907091,0.042008,0.031800,0.095936,-0.002451,-0.076116,-0.295608,0.051363
12.659963,-0.198737,0.456523,0.314689,-0.598356,-1.021730,-0.871196,0.428539,0.587314,-0.235252,0.691486,0.012134,-0.671446,-0.628485,0.227309,-2.534752,-0.507892,2.629525,-1.695642,-2.170129,0.800797,0.907144,0.043781,0.029527,0.096273,-0.002552,-0.076527,-0.296004,0.051680
12.661034,-0.200619,0.455800,0.309685,-0.597188,-1.018905,-0.872882,0.429335,0.586661,-0.238329,0.691773,0.012472,-0.671680,-0.628416,0.227270,-2.534718,-0.507852,2.629617,-1.695641,-2.170212,0.800501,0.907187,0.040799,0.032814,0.094882,-0.001338,-0.076950,-0.294896,0.048899
12.661983,-0.197263,0.458279,0.306524,-0.597287,-1.017626,-0.871934,0.428978,0.590377,-0.246395,0.696169,0.011071,-0.671907,-0.628115,0.227200,-2.534675,-0.507818,2.629717,-1.695646,-2.170294,0.800211,0.907233,0.041350,0.032808,0.096668,-0.002544,-0.079230,-0.291628,0.047118
12.663109,-0.196721,0.454262,0.309014,-0.598329,-1.016526,-0.871397,0.428701,0.596155,-0.257347,0.702419,0.008665,-0.672108,-0.627740,0.227113,-2.534641,-0.507791,2.629815,-1.695647,-2.170378,0.799925,0.907280,0.039303,0.031293,0.097450,-0.002526,-0.079879,-0.291044,0.047656
12.664147,-0.194678,0.457879,0.303240,-0.597746,-1.015233,-0.870803,0.428023,0.603405,-0.267898,0.709396,0.006684,-0.672390,-0.627435,0.227037,-2.534603,-0.507755,2.629908,-1.695647,-2.170460,0.799637,0.907330,0.038678,0.032980,0.095529,-0.001600,-0.080422,-0.290032,0.047992
12.664987,-0.194205,0.456078,0.301208,-0.597891,-1.013237,-0.871892,0.429236,0.613736,-0.278575,0.718454,0.004989,-0.672794,-0.627107,0.226989,-2.534569,-0.507731,2.630010,-1.695650,-2.170542,0.799350,0.907382,0.037317,0.030926,0.097675,-0.002254,-0.081135,-0.289076,0.049137
12.665964,-0.197211,0.455072,0.298388,-0.597851,-1.012259,-0.870277,0.428162,0.624788,-0.286375,0.727319,0.004601,-0.673325,-0.626933,0.226961,-2.534534,-0.507698,2.630107,-1.695651,-2.170629,0.799067,0.907420,0.036727,0.031513,0.097859,-0.002180,-0.082473,-0.286412,0.046510
12.667054,-0.196700,0.454956,0.301565,-0.599624,-1.010432,-0.869869,0.427478,0.632674,-0.290227,0.733058,0.005311,-0.673808,-0.626992,0.226957,-2.534493,-0.507666,2.630206,-1.695654,-2.170712,0.798781,0.907474,0.037829,0.031700,0.098483,-0.002278,-0.082838,-0.286494,0.048480
12.668054,-0.195479,0.450923,0.300041,-0.597873,-1.009823,-0.869266,0.427972,0.635834,-0.292838,0.735298,0.005242,-0.673998,-0.627101,0.227006,-2.534457,-0.507637,2.630301,-1.695651,-2.170799,0.798497,0.907523,0.037206,0.031473,0.096185,-0.000683,-0.084062,-0.285366,0.049627
12.668950,-0.192748,0.456935,0.300302,-0.599300,-1.009145,-0.870456,0.428804,0.637791,-0.297457,0.737325,0.003406,-0.673948,-0.627046,0.227103,-2.534423,-0.507602,2.630399,-1.695656,-2.170884,0.798214,0.907569,0.036269,0.033164,0.096203,-0.002471,-0.084043,-0.284436,0.048421
12.670056,-0.196020,0.454177,0.297574,-0.599642,-1.006189,-0.870858,0.428090,0.642971,-0.303530,0.742109,0.001175,-0.673996,-0.626879,0.227204,-2.534392,-0.507579,2.630494,-1.695654,-2.170970,0.797938,0.907610,0.034592,0.029890,0.095307,-0.001155,-0.084077,-0.281720,0.046573
12.671049,-0.195907,0.455793,0.293951,-0.599125,-1.007484,-0.869620,0.428734,0.650389,-0.307224,0.748122,0.000062,-0.674239,-0.626883,0.227298,-2.534356,-0.507544,2.630590,-1.695655,-2.171062,0.797664,0.907659,0.035904,0.030974,0.095987,-0.000954,-0.086394,-0.279868,0.047824
12.671997,-0.196665,0.453328,0.292839,-0.599503,-1.003637,-0.869834,0.429406,0.654589,-0.307019,0.751182,-0.000296,-0.674425,-0.627167,0.227393,-2.534320,-0.507514,2.630690,-1.695659,-2.171146,0.797387,0.907703,0.035472,0.029860,0.097016,-0.001495,-0.084457,-0.279621,0.046319
12.673035,-0.193704,0.454588,0.294519,-0.600515,-1.003093,-0.871330,0.430724,0.652637,-0.303306,0.749256,-0.000309,-0.674411,-0.627666,0.227466,-2.534285,-0.507482,2.630786,-1.695658,-2.171239,0.797116,0.907746,0.035510,0.030786,0.096809,-0.001241,-0.087644,-0.277924,0.044790
12.674009,-0.194254,0.454429,0.289251,-0.600099,-1.000507,-0.872792,0.431008,0.647706,-0.298419,0.745060,-0.000554,-0.674237,-0.628215,0.227476,-2.534255,-0.507452,2.630879,-1.695658,-2.171329,0.796846,0.907782,0.033725,0.029855,0.095268,-0.000351,-0.087506,-0.274966,0.041985
12.675029,-0.194418,0.454610,0.293940,-0.598798,-0.997563,-0.873865,0.430534,0.643120,-0.293296,0.741090,-0.000992,-0.674006,-0.628773,0.227417,-2.534223,-0.507423,2.630980,-1.695661,-2.171425,0.796583,0.907821,0.033708,0.029662,0.097131,-0.000831,-0.089379,-0.272087,0.041271
12.676033,-0.192908,0.454064,0.295448,-0.599875,-0.995792,-0.874857,0.430837,0.639185,-0.286465,0.737141,-0.000558,-0.673842,-0.629435,0.227325,-2.534190,-0.507394,2.631069,-1.695665,-2.171525,0.796320,0.907861,0.033474,0.029296,0.094093,-0.002149,-0.091571,-0.269605,0.042062
12.677043,-0.190209,0.454989,0.293117,-0.600016,-0.994166,-0.874386,0.430395,0.638816,-0.278944,0.735492,0.001053,-0.673903,-0.630133,0.227243,-2.534160,-0.507363,2.631160,-1.695664,-2.171617,0.796058,0.907901,0.032416,0.029272,0.092681,-0.001205,-0.092643,-0.267205,0.041266
12.678117,-0.190088,0.452409,0.288501,-0.599008,-0.991505,-0.875613,0.431341,0.645101,-0.272543,0.738782,0.003407,-0.674279,-0.630771,0.227186,-2.534131,-0.507335,2.631253,-1.695665,-2.171714,0.795795,0.907945,0.030788,0.028540,0.093175,-0.001175,-0.093537,-0.266283,0.041978
12.679099,-0.192272,0.451441,0.287285,-0.599867,-0.989197,-0.878512,0.431212,0.655668,-0.266884,0.745218,0.006303,-0.674898,-0.631412,0.227150,-2.534101,-0.507305,2.631350,-1.695669,-2.171818,0.795537,0.907979,0.030468,0.029554,0.094782,-0.002223,-0.095422,-0.263669,0.039908
12.680046,-0.191162,0.450324,0.283895,-0.600873,-0.986979,-0.878116,0.431386,0.664702,-0.261826,0.750569,0.008883,-0.675501,-0.632125,0.227141,-2.534068,-0.507276,2.631442,-1.695669,-2.171918,0.795286,0.908018,0.031252,0.029753,0.094676,-0.001454,-0.096966,-0.259404,0.040018
12.680960,-0.191639,0.449850,0.284863,-0.599229,-0.984280,-0.880099,0.432164,0.667858,-0.258519,0.752002,0.009494,-0.675779,-0.632871,0.227170,-2.534042,-0.507245,2.631540,-1.695668,-2.172020,0.795034,0.908059,0.030434,0.030013,0.095601,-0.000593,-0.098380,-0.258480,0.039490
12.682061,-0.190983,0.449508,0.284809,-0.598889,-0.982219,-0.880469,0.431772,0.665516,-0.257160,0.749820,0.008041,-0.675761,-0.633595,0.227223,-2.534012,-0.507217,2.631633,-1.695673,-2.172123,0.794782,0.908098,0.030391,0.029965,0.094359,-0.002264,-0.100270,-0.255112,0.037754
12.683036,-0.189677,0.447686,0.283353,-0.599585,-0.980510,-0.881960,0.432251,0.656846,-0.256783,0.742637,0.004467,-0.675937,-0.634956,0.227292,-2.533957,-0.507156,2.631820,-1.695677,-2.172338,0.794289,0.908172,0.028896,0.030473,0.093752,-0.002014,-0.102378,-0.250636,0.037262
12.684055,-0.189305,0.450634,0.280696,-0.599532,-0.976111,-0.882900,0.433233,0.656846,-0.256783,0.742637,0.004467,-0.675937,-0.634956,0.227292,-2.533957,-0.507156,2.631820,-1.695677,-2.172338,0.794289,0.908172,0.028896,0.030473,0.093752,-0.002014,-0.102378,-0.250636,0.037262
12.685033,-0.189198,0.448590,0.284979,-0.597935,-0.972307,-0.882198,0.433199,0.653152,-0.257443,0.739485,0.002901,-0.676210,-0.635605,0.227259,-2.533929,-0.507131,2.631914,-1.695678,-2.172452,0.794043,0.908204,0.028454,0.028742,0.094379,-0.002178,-0.105901,-0.248395,0.035149
12.686018,-0.189389,0.450064,0.278003,-0.598660,-0.969005,-0.883249,0.433634,0.650048,-0.256690,0.736355,0.002369,-0.676608,-0.636352,0.227154,-2.533902,-0.507102,2.632001,-1.695684,-2.172567,0.793800,0.908241,0.028157,0.029510,0.091572,-0.003765,-0.108783,-0.247819,0.035078
12.687049,-0.190902,0.448499,0.277491,-0.600337,-0.966438,-0.881847,0.432511,0.647467,-0.254068,0.733112,0.003239,-0.677121,-0.637195,0.226988,-2.533877,-0.507074,2.632101,-1.695686,-2.172682,0.793558,0.908272,0.028020,0.028494,0.094323,-0.003082,-0.111159,-0.245460,0.034063
12.687987,-0.188467,0.447040,0.277817,-0.600260,-0.963831,-0.884680,0.433613,0.641034,-0.250006,0.726780,0.004123,-0.677393,-0.638108,0.226803,-2.533847,-0.507043,2.632192,-1.695685,-2.172800,0.793314,0.908311,0.028507,0.028985,0.093886,-0.001543,-0.112780,-0.245591,0.036171
12.689003,-0.188687,0.443175,0.277844,-0.599869,-0.960226,-0.887106,0.433337,0.629892,-0.247070,0.717343,0.003168,-0.677177,-0.638960,0.226632,-2.533823,-0.507013,2.632284,-1.695686,-2.172922,0.793079,0.908341,0.027054,0.029422,0.093000,-0.001727,-0.114392,-0.241457,0.033792
12.689986,-0.186150,0.447081,0.276750,-0.600189,-0.957401,-0.884968,0.433792,0.618858,-0.248794,0.708942,-0.000298,-0.676599,-0.639609,0.226474,-2.533796,-0.506979,2.632376,-1.695691,-2.173044,0.792845,0.908373,0.026922,0.031035,0.092317,-0.002135,-0.117032,-0.237800,0.034227
12.691012,-0.185687,0.444414,0.276214,-0.599124,-0.955480,-0.883416,0.434371,0.606499,-0.261919,0.700987,-0.010000,-0.675267,-0.640600,0.226189,-2.533748,-0.506925,2.632559,-1.695698,-2.173288,0.792370,0.908433,0.025001,0.029895,0.091769,-0.002965,-0.119793,-0.239011,0.031880
12.692207,-0.185676,0.443954,0.272891,-0.598420,-0.952186,-0.882324,0.433266,0.606499,-0.261919,0.700987,-0.010000,-0.675267,-0.640600,0.226189,-2.533748,-0.506925,2.632559,-1.695698,-2.173288,0.792370,0.908433,0.025001,0.029895,0.091769,-0.002965,-0.119793,-0.239011,0.031880
12.693023,-0.182756,0.441810,0.274549,-0.599274,-0.950210,-0.882705,0.434269,0.604783,-0.268425,0.700170,-0.013372,-0.674891,-0.641076,0.226070,-2.533725,-0.506895,2.632654,-1.695702,-2.173414,0.792136,0.908469,0.024808,0.029839,0.092807,-0.003703,-0.122123,-0.238894,0.033963
12.693974,-0.183130,0.441404,0.277901,-0.598619,-0.945964,-0.884031,0.433690,0.604814,-0.275368,0.700696,-0.016033,-0.674693,-0.641458,0.225977,-2.533706,-0.506863,2.632742,-1.695703,-2.173540,0.791903,0.908492,0.023165,0.030594,0.091240,-0.002898,-0.123023,-0.237233,0.031813
12.694988,-0.184226,0.442819,0.276112,-0.598968,-0.943609,-0.884355,0.435194,0.619262,-0.296064,0.713572,-0.021482,-0.674898,-0.641622,0.225838,-2.533658,-0.506806,2.632915,-1.695710,-2.173801,0.791442,0.908550,0.023496,0.029527,0.089217,-0.003288,-0.127474,-0.233140,0.029697
12.696021,-0.184575,0.441366,0.275300,-0.597579,-0.938396,-0.883067,0.434733,0.619262,-0.296064,0.713572,-0.021482,-0.674898,-0.641622,0.225838,-2.533658,-0.506806,2.632915,-1.695710,-2.173801,0.791442,0.908550,0.023496,0.029527,0.089217,-0.003288,-0.127474,-0.233140,0.029697
12.697010,-0.180204,0.443964,0.271827,-0.598806,-0.938118,-0.883016,0.436285,0.636933,-0.311983,0.728284,-0.024282,-0.675351,-0.641863,0.225751,-2.533619,-0.506749,2.633098,-1.695719,-2.174073,0.790974,0.908605,0.021138,0.028410,0.090017,-0.003462,-0.130711,-0.232009,0.027270
12.698042,-0.178922,0.442212,0.270687,-0.600696,-0.936835,-0.880900,0.435974,0.636933,-0.311983,0.728284,-0.024282,-0.675351,-0.641863,0.225751,-2.533619,-0.506749,2.633098,-1.695719,-2.174073,0.790974,0.908605,0.021138,0.028410,0.090017,-0.003462,-0.130711,-0.232009,0.027270
12.698963,-0.181635,0.442620,0.267233,-0.599615,-0.933977,-0.881371,0.436236,0.644317,-0.315052,0.733847,-0.024035,-0.675520,-0.642253,0.225715,-2.533599,-0.506720,2.633189,-1.695719,-2.174204,0.790746,0.908634,0.020349,0.029033,0.089909,-0.001698,-0.130930,-0.232946,0.027798
12.700018,-0.181136,0.444365,0.264904,-0.600667,-0.933457,-0.882345,0.436971,0.649556,-0.316466,0.737720,-0.024108,-0.675444,-0.642741,0.225676,-2.533575,-0.506692,2.633283,-1.695723,-2.174339,0.790518,0.908660,0.021507,0.028543,0.090900,-0.002822,-0.132681,-0.231231,0.027146
12.701035,-0.180938,0.442331,0.265165,-0.600075,-0.933155,-0.883398,0.436281,0.640258,-0.308225,0.729301,-0.024252,-0.674155,-0.644337,0.225556,-2.533535,-0.506635,2.633468,-1.695728,-2.174604,0.790073,0.908712,0.020826,0.028168,0.090566,-0.002495,-0.131318,-0.226871,0.026842
12.702030,-0.180025,0.439924,0.266970,-0.601451,-0.932871,-0.884760,0.437486,0.630507,-0.301504,0.720897,-0.024606,-0.673095,-0.645266,0.225475,-2.533516,-0.506607,2.633553,-1.695727,-2.174736,0.789851,0.908730,0.020208,0.029103,0.089051,-0.001227,-0.130517,-0.224337,0.024314
12.703094,-0.179598,0.440450,0.261209,-0.599231,-0.932821,-0.883516,0.436564,0.630507,-0.301504,0.720897,-0.024606,-0.673095,-0.645266,0.225475,-2.533516,-0.506607,2.633553,-1.695727,-2.174736,0.789851,0.908730,0.020208,0.029103,0.089051,-0.001227,-0.130517,-0.224337,0.024314
12.704095,-0.179861,0.437794,0.259751,-0.599703,-0.929866,-0.882040,0.438325,0.621653,-0.296737,0.713482,-0.025837,-0.671886,-0.646090,0.225394,-2.533497,-0.506579,2.633648,-1.695736,-2.174862,0.789626,0.908762,0.019847,0.028563,0.091268,-0.003397,-0.129549,-0.224434,0.026056
12.705057,-0.181234,0.439528,0.260822,-0.599483,-0.927748,-0.882197,0.437506,0.611679,-0.292143,0.705185,-0.027027,-0.670587,-0.646925,0.225316,-2.533478,-0.506549,2.633738,-1.695738,-2.174999,0.789403,0.908777,0.019833,0.029616,0.091316,-0.002968,-0.131400,-0.224734,0.022410
12.706057,-0.178784,0.439554,0.258176,-0.599388,-0.925548,-0.880064,0.438358,0.584941,-0.281684,0.683317,-0.029452,-0.667634,-0.648732,0.225174,-2.533441,-0.506496,2.633917,-1.695744,-2.175271,0.788959,0.908821,0.018982,0.028227,0.090776,-0.003374,-0.133456,-0.224377,0.022159
12.706958,-0.177423,0.437019,0.259011,-0.600264,-0.924341,-0.879453,0.438799,0.584941,-0.281684,0.683317,-0.029452,-0.667634,-0.648732,0.225174,-2.533441,-0.506496,2.633917,-1.695744,-2.175271,0.788959,0.908821,0.018982,0.028227,0.090776,-0.003374,-0.133456,-0.224377,0.022159
12.708075,-0.177771,0.438686,0.256175,-0.598554,-0.924242,-0.880731,0.438659,0.572146,-0.276117,0.672778,-0.030490,-0.666184,-0.649615,0.225136,-2.533425,-0.506466,2.634003,-1.695747,-2.175403,0.788736,0.908838,0.018179,0.029208,0.089691,-0.002525,-0.133545,-0.223784,0.021209
12.708966,-0.175229,0.440246,0.255125,-0.598593,-0.921966,-0.880088,0.438949,0.562203,-0.271779,0.664584,-0.031610,-0.664870,-0.650372,0.225138,-2.533407,-0.506442,2.634096,-1.695755,-2.175533,0.788520,0.908860,0.018230,0.028142,0.090478,-0.004214,-0.132602,-0.221377,0.021399
12.710119,-0.176023,0.435972,0.258550,-0.599100,-0.921037,-0.879746,0.439767,0.554330,-0.265181,0.657395,-0.030932,-0.663875,-0.651264,0.225175,-2.533392,-0.506416,2.634188,-1.695760,-2.175673,0.788300,0.908878,0.016840,0.027115,0.090262,-0.004132,-0.133709,-0.220866,0.020724
12.711077,-0.172681,0.440251,0.257321,-0.599446,-0.918981,-0.879270,0.440450,0.549574,-0.256724,0.652053,-0.028466,-0.663231,-0.652323,0.225213,-2.533374,-0.506384,2.634269,-1.695762,-2.175808,0.788080,0.908895,0.017123,0.028983,0.088029,-0.003716,-0.133547,-0.220071,0.018996
12.712070,-0.168019,0.439245,0.256282,-0.599607,-0.918186,-0.876576,0.440319,0.550175,-0.250042,0.650990,-0.025860,-0.662829,-0.653368,0.225223,-2.533364,-0.506362,2.634358,-1.695765,-2.175942,0.787865,0.908911,0.015375,0.026607,0.087998,-0.003421,-0.134497,-0.219417,0.017558
12.712985,-0.168447,0.441444,0.256619,-0.599478,-0.915775,-0.876665,0.441132,0.557949,-0.244188,0.655288,-0.022457,-0.662741,-0.654440,0.225186,-2.533354,-0.506336,2.634445,-1.695768,-2.176075,0.787642,0.908930,0.012992,0.026892,0.087887,-0.003305,-0.134186,-0.220959,0.017745
12.714033,-0.171910,0.442379,0.256151,-0.599133,-0.914414,-0.874535,0.441804,0.573302,-0.237608,0.664839,-0.017420,-0.662992,-0.655576,0.225094,-2.533340,-0.506313,2.634530,-1.695772,-2.176213,0.787424,0.908944,0.013130,0.025556,0.087074,-0.003455,-0.135455,-0.219686,0.016036
12.714952,-0.171789,0.439183,0.253874,-0.599621,-0.914548,-0.873318,0.441815,0.591327,-0.228693,0.675829,-0.010894,-0.663316,-0.656817,0.224939,-2.533322,-0.506288,2.634617,-1.695775,-2.176348,0.787201,0.908953,0.014748,0.024877,0.086706,-0.003848,-0.135705,-0.220670,0.014644
12.715967,-0.172364,0.434981,0.255253,-0.599031,-0.913387,-0.874511,0.442891,0.605331,-0.217537,0.683578,-0.004154,-0.663318,-0.658105,0.224734,-2.533309,-0.506258,2.634704,-1.695778,-2.176476,0.786981,0.908966,0.014581,0.026202,0.087194,-0.003398,-0.134494,-0.220711,0.014573
12.717030,-0.170217,0.438583,0.254710,-0.597171,-0.915031,-0.872016,0.442809,0.613929,-0.209125,0.688154,0.000271,-0.662736,-0.659155,0.224499,-2.533294,-0.506227,2.634791,-1.695784,-2.176610,0.786772,0.908973,0.014769,0.028002,0.085869,-0.003983,-0.134560,-0.218404,0.012362
12.718054,-0.172540,0.435567,0.248699,-0.598621,-0.914051,-0.869541,0.444051,0.620342,-0.204903,0.692110,0.002748,-0.661786,-0.659913,0.224240,-2.533282,-0.506205,2.634876,-1.695793,-2.176735,0.786547,0.908983,0.013618,0.025973,0.085572,-0.005764,-0.131898,-0.219763,0.012494
12.718979,-0.172094,0.436483,0.248581,-0.599845,-0.914789,-0.867735,0.444169,0.624343,-0.201221,0.694500,0.005307,-0.660709,-0.660576,0.223961,-2.533265,-0.506177,2.634968,-1.695795,-2.176865,0.786328,0.908988,0.014678,0.027246,0.087925,-0.004362,-0.131844,-0.221090,0.009951
12.720024,-0.172893,0.433488,0.246294,-0.598767,-0.916168,-0.866785,0.445539,0.621677,-0.197783,0.692291,0.006786,-0.659242,-0.661149,0.223678,-2.533250,-0.506151,2.635054,-1.695798,-2.176991,0.786104,0.908997,0.014331,0.026523,0.087304,-0.003167,-0.130044,-0.221699,0.009691
12.720989,-0.170090,0.434460,0.247071,-0.599267,-0.915597,-0.868362,0.444848,0.611966,-0.196145,0.685560,0.006030,-0.657305,-0.661547,0.223402,-2.533236,-0.506119,2.635142,-1.695804,-2.177114,0.785879,0.908997,0.014638,0.027735,0.087842,-0.004245,-0.127675,-0.221461,0.006909
12.722061,-0.172048,0.433582,0.249160,-0.600109,-0.916023,-0.868486,0.445275,0.599098,-0.196282,0.676946,0.004033,-0.655220,-0.661807,0.223138,-2.533225,-0.506095,2.635229,-1.695808,-2.177237,0.785666,0.909008,0.013164,0.027006,0.086800,-0.003758,-0.127267,-0.218738,0.008276
12.722997,-0.171243,0.433111,0.247895,-0.597363,-0.913589,-0.865614,0.446076,0.587203,-0.198191,0.669295,0.001461,-0.653245,-0.662004,0.222893,-2.533211,-0.506067,2.635311,-1.695809,-2.177358,0.785451,0.909014,0.014075,0.027194,0.085213,-0.003005,-0.125871,-0.217516,0.007366
12.723947,-0.169130,0.433619,0.249614,-0.599391,-0.912913,-0.863249,0.445801,0.577745,-0.201320,0.663501,-0.001125,-0.651512,-0.662177,0.222656,-2.533198,-0.506041,2.635396,-1.695821,-2.177486,0.785230,0.909017,0.013576,0.027177,0.085232,-0.005613,-0.127280,-0.219249,0.005731
12.725080,-0.169182,0.434642,0.248491,-0.598852,-0.911510,-0.861797,0.446188,0.571652,-0.204751,0.659994,-0.002881,-0.650151,-0.662315,0.222407,-2.533189,-0.506014,2.635475,-1.695820,-2.177609,0.785007,0.909026,0.012478,0.026670,0.083804,-0.003688,-0.126933,-0.220426,0.006255
12.725998,-0.169024,0.433251,0.247260,-0.598498,-0.912631,-0.860579,0.445540,0.569933,-0.208114,0.659454,-0.003785,-0.649160,-0.662398,0.222143,-2.533177,-0.505988,2.635560,-1.695825,-2.177732,0.784790,0.909026,0.012459,0.025918,0.083829,-0.004253,-0.127383,-0.220751,0.005454
12.727035,-0.166714,0.434931,0.250110,-0.598934,-0.914228,-0.860612,0.446129,0.570746,-0.210497,0.660414,-0.003893,-0.648439,-0.662482,0.221864,-2.533166,-0.505961,2.635643,-1.695829,-2.177853,0.784568,0.909035,0.012306,0.026371,0.083835,-0.004619,-0.125238,-0.220785,0.006724
12.727967,-0.168357,0.429864,0.245996,-0.597619,-0.914473,-0.859300,0.445514,0.573897,-0.211386,0.662614,-0.002833,-0.648010,-0.662614,0.221563,-2.533157,-0.505937,2.635722,-1.695835,-2.177974,0.784348,0.909035,0.011114,0.025293,0.081876,-0.004166,-0.122677,-0.219588,0.005507
12.729063,-0.170012,0.431062,0.245562,-0.598451,-0.913172,-0.856641,0.445917,0.579955,-0.212012,0.666710,-0.000973,-0.647831,-0.662731,0.221239,-2.533143,-0.505905,2.635807,-1.695843,-2.178093,0.784129,0.909044,0.011861,0.027544,0.083332,-0.005412,-0.121477,-0.219754,0.006713
12.730055,-0.166629,0.428964,0.245893,-0.598014,-0.914054,-0.854491,0.446662,0.584548,-0.213793,0.669925,0.000280,-0.647553,-0.662737,0.220902,-2.533129,-0.505881,2.635890,-1.695845,-2.178217,0.783904,0.909047,0.012598,0.026700,0.082989,-0.004642,-0.121815,-0.221260,0.005863
12.730976,-0.169854,0.427409,0.245813,-0.597606,-0.914206,-0.852968,0.446352,0.586326,-0.223093,0.672367,-0.001177,-0.646236,-0.662177,0.220195,-2.533108,-0.505825,2.636050,-1.695857,-2.178448,0.783458,0.909053,0.012415,0.028004,0.081749,-0.005445,-0.118905,-0.222556,0.004957
12.732139,-0.167723,0.429481,0.246846,-0.597655,-0.912722,-0.852674,0.447696,0.586326,-0.223093,0.672367,-0.001177,-0.646236,-0.662177,0.220195,-2.533108,-0.505825,2.636050,-1.695857,-2.178448,0.783458,0.909053,0.012415,0.028004,0.081749,-0.005445,-0.118905,-0.222556,0.004957
12.733035,-0.164934,0.429248,0.244663,-0.599938,-0.911084,-0.854687,0.446424,0.586294,-0.230424,0.673576,-0.003294,-0.645382,-0.661609,0.219832,-2.533097,-0.505801,2.636127,-1.695863,-2.178568,0.783237,0.909052,0.011285,0.026748,0.080782,-0.005382,-0.119485,-0.221705,0.002224
12.734001,-0.165496,0.429758,0.245864,-0.599570,-0.910296,-0.853349,0.446864,0.586730,-0.237381,0.675083,-0.005635,-0.644478,-0.661056,0.219474,-2.533090,-0.505776,2.636209,-1.695863,-2.178691,0.783024,0.909063,0.009875,0.026631,0.081281,-0.003183,-0.120105,-0.218537,0.004766
12.735172,-0.167497,0.427972,0.246019,-0.598024,-0.909145,-0.853188,0.446715,0.588787,-0.243762,0.677641,-0.008463,-0.643506,-0.660604,0.219144,-2.533078,-0.505750,2.636286,-1.695867,-2.178812,0.782808,0.909065,0.010096,0.026128,0.080142,-0.003597,-0.119905,-0.218772,0.003836
12.736116,-0.165421,0.432261,0.242690,-0.599629,-0.910132,-0.850813,0.446249,0.591187,-0.249208,0.680260,-0.011560,-0.642498,-0.660258,0.218860,-2.533065,-0.505722,2.636364,-1.695877,-2.178933,0.782591,0.909068,0.011037,0.026779,0.079622,-0.005074,-0.120124,-0.217815,0.004117
12.737034,-0.166743,0.431350,0.244718,-0.598325,-0.909450,-0.848874,0.446965,0.591670,-0.251564,0.680903,-0.013845,-0.641568,-0.660114,0.218641,-2.533058,-0.505703,2.636448,-1.695877,-2.179045,0.782372,0.909075,0.009965,0.024453,0.080690,-0.003543,-0.118216,-0.219054,0.005016
12.738028,-0.168719,0.429820,0.243437,-0.599072,-0.908763,-0.849546,0.446598,0.589474,-0.248625,0.678597,-0.014362,-0.640837,-0.660296,0.218513,-2.533045,-0.505678,2.636524,-1.695884,-2.179161,0.782150,0.909076,0.010560,0.024699,0.079121,-0.004817,-0.117977,-0.219807,0.003546
12.739126,-0.167019,0.428737,0.241739,-0.596111,-0.908150,-0.848170,0.446529,0.584531,-0.241803,0.673595,-0.013733,-0.640277,-0.660740,0.218477,-2.533033,-0.505651,2.636602,-1.695888,-2.179279,0.781934,0.909083,0.011479,0.025208,0.079255,-0.004081,-0.117719,-0.217974,0.004258
12.740116,-0.164767,0.430198,0.243200,-0.596840,-0.907912,-0.845103,0.445542,0.576453,-0.233369,0.666033,-0.012741,-0.639794,-0.661361,0.218509,-2.533025,-0.505624,2.636681,-1.695899,-2.179394,0.781718,0.909087,0.010593,0.025498,0.079609,-0.006927,-0.117434,-0.218254,0.004361
12.741022,-0.163305,0.430786,0.244881,-0.596900,-0.906511,-0.843063,0.446257,0.568251,-0.223271,0.657962,-0.010302,-0.639578,-0.662146,0.218571,-2.533017,-0.505602,2.636761,-1.695904,-2.179510,0.781496,0.909096,0.009448,0.024563,0.078325,-0.006184,-0.116752,-0.220172,0.006307
12.742119,-0.165322,0.429029,0.242463,-0.598292,-0.908247,-0.841609,0.446358,0.564858,-0.212075,0.653043,-0.005916,-0.639796,-0.662992,0.218628,-2.533009,-0.505579,2.636836,-1.695909,-2.179623,0.781275,0.909097,0.008689,0.024056,0.076952,-0.006102,-0.117246,-0.221021,0.004828
12.743098,-0.162285,0.431244,0.242953,-0.598363,-0.907968,-0.842646,0.446216,0.568911,-0.193429,0.651772,0.002557,-0.640498,-0.664337,0.218633,-2.532993,-0.505533,2.636992,-1.695915,-2.179842,0.780837,0.909108,0.008135,0.023422,0.076922,-0.004752,-0.114079,-0.219119,0.004854
12.744035,-0.165165,0.426544,0.242928,-0.597955,-0.907039,-0.844091,0.446129,0.568911,-0.193429,0.651772,0.002557,-0.640498,-0.664337,0.218633,-2.532993,-0.505533,2.636992,-1.695915,-2.179842,0.780837,0.909108,0.008135,0.023422,0.076922,-0.004752,-0.114079,-0.219119,0.004854
12.745020,-0.167131,0.429053,0.241829,-0.598227,-0.906601,-0.843887,0.446461,0.572194,-0.186963,0.652536,0.005067,-0.640567,-0.664827,0.218550,-2.532983,-0.505503,2.637066,-1.695922,-2.179954,0.780621,0.909114,0.009550,0.025512,0.076433,-0.005104,-0.114118,-0.216534,0.004994
12.746057,-0.166221,0.428630,0.246783,-0.597823,-0.907825,-0.845100,0.446031,0.573257,-0.182791,0.652052,0.005831,-0.640243,-0.665191,0.218393,-2.532970,-0.505482,2.637143,-1.695928,-2.180065,0.780412,0.909117,0.010453,0.024035,0.076486,-0.004798,-0.113671,-0.215662,0.004295
12.746994,-0.165604,0.423570,0.244143,-0.599679,-0.907560,-0.845269,0.445907,0.569378,-0.178875,0.647511,0.003797,-0.638716,-0.665577,0.217855,-2.532951,-0.505431,2.637287,-1.695935,-2.180282,0.779990,0.909127,0.009592,0.026336,0.074430,-0.003410,-0.111011,-0.212069,0.005349
12.748025,-0.164459,0.432075,0.245836,-0.599170,-0.908223,-0.843485,0.446557,0.569378,-0.178875,0.647511,0.003797,-0.638716,-0.665577,0.217855,-2.532951,-0.505431,2.637287,-1.695935,-2.180282,0.779990,0.909127,0.009592,0.026336,0.074430,-0.003410,-0.111011,-0.212069,0.005349
12.749073,-0.162750,0.430570,0.242061,-0.600727,-0.908980,-0.843173,0.446103,0.569551,-0.181669,0.647729,0.000612,-0.637738,-0.665522,0.217493,-2.532942,-0.505418,2.637356,-1.695940,-2.180384,0.779775,0.909126,0.008987,0.021933,0.073162,-0.003928,-0.109555,-0.212749,0.004025
12.750008,-0.159212,0.425942,0.240860,-0.598649,-0.909514,-0.841517,0.446662,0.570615,-0.181769,0.648066,-0.001417,-0.636875,-0.665694,0.217095,-2.532935,-0.505394,2.637432,-1.695941,-2.180488,0.779563,0.909134,0.008129,0.022520,0.074595,-0.002466,-0.108013,-0.211950,0.004911
12.751085,-0.159956,0.426881,0.242727,-0.599707,-0.910860,-0.837947,0.447275,0.572986,-0.179342,0.648765,-0.001990,-0.636226,-0.666105,0.216681,-2.532931,-0.505368,2.637507,-1.695950,-2.180591,0.779350,0.909136,0.006377,0.024604,0.074672,-0.004471,-0.106673,-0.212495,0.003753
12.751972,-0.159897,0.429871,0.242385,-0.598036,-0.913322,-0.838231,0.447360,0.578527,-0.179185,0.652054,-0.002543,-0.635803,-0.666424,0.216257,-2.532923,-0.505346,2.637577,-1.695952,-2.180693,0.779131,0.909135,0.006753,0.023928,0.073343,-0.003459,-0.104555,-0.214944,0.002516
12.753030,-0.160842,0.433383,0.243881,-0.598697,-0.913000,-0.838589,0.446711,0.586930,-0.179745,0.657428,-0.002153,-0.635737,-0.666626,0.215837,-2.532917,-0.505327,2.637650,-1.695962,-2.180789,0.778923,0.909139,0.006710,0.022249,0.073008,-0.005034,-0.101332,-0.213521,0.002330
12.754095,-0.158656,0.431300,0.244182,-0.597573,-0.912482,-0.839742,0.446387,0.595674,-0.175177,0.661919,0.001499,-0.636154,-0.667014,0.215448,-2.532909,-0.505311,2.637720,-1.695965,-2.180890,0.778712,0.909147,0.007171,0.020376,0.071863,-0.004406,-0.100921,-0.212069,0.003596
12.755088,-0.158500,0.431581,0.244208,-0.597804,-0.910485,-0.840253,0.446638,0.604113,-0.163885,0.664726,0.008891,-0.637006,-0.667704,0.215096,-2.532905,-0.505286,2.637788,-1.695970,-2.180987,0.778509,0.909152,0.006091,0.021224,0.071339,-0.005545,-0.100718,-0.209865,0.004205
12.756026,-0.156994,0.431374,0.242256,-0.599202,-0.911391,-0.841225,0.446176,0.613225,-0.149371,0.667249,0.018353,-0.638061,-0.668532,0.214754,-2.532899,-0.505265,2.637857,-1.695976,-2.181089,0.778301,0.909155,0.006029,0.020885,0.070919,-0.005287,-0.101949,-0.208277,0.003667
12.757176,-0.156777,0.431238,0.244928,-0.600030,-0.911451,-0.841857,0.446667,0.622287,-0.134787,0.669659,0.027880,-0.638984,-0.669346,0.214406,-2.532895,-0.505243,2.637929,-1.695976,-2.181182,0.778097,0.909159,0.005288,0.020798,0.071428,-0.003984,-0.100299,-0.206233,0.004576
12.758057,-0.158912,0.431251,0.241467,-0.600274,-0.912273,-0.842457,0.446453,0.630479,-0.122413,0.671932,0.035699,-0.639516,-0.670019,0.214046,-2.532890,-0.505225,2.637998,-1.695977,-2.181279,0.777900,0.909161,0.005221,0.020729,0.069723,-0.003267,-0.099557,-0.204607,0.003555
12.759067,-0.157354,0.431740,0.241017,-0.601996,-0.912668,-0.842641,0.446478,0.636342,-0.113164,0.673295,0.040900,-0.639539,-0.670474,0.213668,-2.532882,-0.505206,2.638071,-1.695981,-2.181373,0.777697,0.909163,0.006264,0.020550,0.070969,-0.003053,-0.097992,-0.202935,0.003978
12.760097,-0.155290,0.430393,0.239590,-0.599174,-0.913066,-0.842253,0.446532,0.636967,-0.106136,0.671544,0.043291,-0.638976,-0.670759,0.213275,-2.532880,-0.505186,2.638139,-1.695978,-2.181468,0.777500,0.909166,0.005465,0.020091,0.070512,-0.001439,-0.096699,-0.201289,0.003879
12.760984,-0.154566,0.430450,0.236360,-0.598871,-0.914543,-0.841204,0.447018,0.634078,-0.100408,0.667684,0.043907,-0.638064,-0.670933,0.212866,-2.532876,-0.505162,2.638207,-1.695987,-2.181560,0.777303,0.909169,0.004391,0.020495,0.070450,-0.004133,-0.095365,-0.200053,0.003725
12.762060,-0.155683,0.428117,0.237888,-0.598042,-0.915196,-0.841733,0.447296,0.631259,-0.094515,0.663855,0.044964,-0.637260,-0.671074,0.212429,-2.532871,-0.505144,2.638282,-1.695992,-2.181646,0.777101,0.909171,0.003988,0.020249,0.071213,-0.004322,-0.093005,-0.199508,0.002704
12.763041,-0.155015,0.430159,0.240206,-0.599717,-0.916980,-0.840801,0.447282,0.628987,-0.088178,0.660319,0.047157,-0.636730,-0.671192,0.211958,-2.532865,-0.505120,2.638347,-1.695998,-2.181734,0.776909,0.909173,0.004488,0.021139,0.069689,-0.005065,-0.091464,-0.197347,0.002106
12.764095,-0.158575,0.428345,0.235689,-0.598357,-0.915952,-0.839490,0.447709,0.628287,-0.083234,0.658313,0.049493,-0.636453,-0.671162,0.211459,-2.532860,-0.505102,2.638413,-1.695999,-2.181817,0.776714,0.909176,0.004098,0.019891,0.067774,-0.003382,-0.088833,-0.196694,0.002095
12.764971,-0.155431,0.424025,0.235888,-0.599042,-0.917826,-0.839712,0.446957,0.627936,-0.079939,0.657172,0.051208,-0.636324,-0.670916,0.210943,-2.532851,-0.505078,2.638485,-1.696007,-2.181906,0.776518,0.909177,0.005793,0.020540,0.069248,-0.004631,-0.088980,-0.196372,0.001194
12.765984,-0.153987,0.426774,0.235560,-0.600500,-0.918635,-0.840590,0.447676,0.625060,-0.079384,0.655084,0.051261,-0.636143,-0.670353,0.210438,-2.532850,-0.505054,2.638552,-1.696008,-2.181986,0.776327,0.909182,0.004187,0.022426,0.068347,-0.003933,-0.086260,-0.194610,0.002670
12.767109,-0.157823,0.426230,0.234737,-0.600261,-0.920307,-0.841451,0.446674,0.622253,-0.083991,0.654336,0.048835,-0.635890,-0.669356,0.209971,-2.532848,-0.505040,2.638618,-1.696009,-2.182066,0.776135,0.909181,0.003456,0.020858,0.067766,-0.002489,-0.084646,-0.192132,0.001171
12.768081,-0.156712,0.426628,0.237427,-0.601115,-0.921742,-0.841231,0.447308,0.620376,-0.091793,0.655139,0.044663,-0.635591,-0.668088,0.209556,-2.532839,-0.505020,2.638683,-1.696010,-2.182143,0.775954,0.909188,0.005297,0.020906,0.067441,-0.002753,-0.082180,-0.189692,0.003144
12.769000,-0.155509,0.426118,0.236458,-0.600370,-0.923070,-0.844289,0.446734,0.617295,-0.100001,0.655450,0.039629,-0.635195,-0.666744,0.209202,-2.532837,-0.504998,2.638744,-1.696011,-2.182219,0.775768,0.909184,0.004698,0.020456,0.065388,-0.001909,-0.079974,-0.188387,0.001824
12.770071,-0.156818,0.424607,0.235111,-0.601272,-0.923791,-0.841855,0.447495,0.615208,-0.108210,0.656756,0.034482,-0.634807,-0.665396,0.208894,-2.532835,-0.504976,2.638808,-1.696016,-2.182294,0.775595,0.909191,0.004085,0.020458,0.065163,-0.002593,-0.077887,-0.183858,0.002935
12.771051,-0.159417,0.426708,0.232468,-0.600008,-0.923914,-0.841234,0.447117,0.615131,-0.116537,0.659736,0.029516,-0.634444,-0.664100,0.208619,-2.532830,-0.504957,2.638873,-1.696017,-2.182367,0.775413,0.909191,0.004694,0.020990,0.065103,-0.001695,-0.076423,-0.184788,0.001351
12.772047,-0.158971,0.426806,0.236082,-0.601781,-0.924890,-0.841063,0.446382,0.612798,-0.123842,0.661069,0.024622,-0.633905,-0.662913,0.208377,-2.532823,-0.504940,2.638938,-1.696023,-2.182444,0.775233,0.909193,0.005928,0.019722,0.065685,-0.002868,-0.075522,-0.183885,0.002087
12.773074,-0.156267,0.426173,0.234016,-0.600591,-0.925749,-0.840604,0.447322,0.605881,-0.128208,0.658695,0.020291,-0.633140,-0.661917,0.208180,-2.532818,-0.504920,2.638995,-1.696021,-2.182513,0.775057,0.909198,0.005640,0.019452,0.063203,-0.001174,-0.073828,-0.182561,0.003511
12.774063,-0.155936,0.423724,0.236577,-0.600574,-0.925916,-0.841088,0.446500,0.598359,-0.130577,0.655618,0.016745,-0.632324,-0.661041,0.208023,-2.532816,-0.504900,2.639059,-1.696025,-2.182584,0.774879,0.909197,0.004254,0.019542,0.063541,-0.002318,-0.072249,-0.181507,0.001564
12.774975,-0.154896,0.419684,0.236383,-0.599690,-0.927962,-0.843904,0.446927,0.595051,-0.133509,0.655691,0.013877,-0.631662,-0.660116,0.207880,-2.532812,-0.504878,2.639117,-1.696030,-2.182653,0.774705,0.909202,0.004066,0.020517,0.061577,-0.002262,-0.071382,-0.179540,0.003189
12.775999,-0.153653,0.421566,0.235243,-0.601176,-0.930420,-0.845789,0.445980,0.598188,-0.140236,0.661057,0.010885,-0.631200,-0.658959,0.207738,-2.532810,-0.504852,2.639177,-1.696035,-2.182712,0.774544,0.909206,0.003516,0.022239,0.061007,-0.003076,-0.068716,-0.175335,0.002264
12.777059,-0.155114,0.418996,0.237654,-0.600453,-0.929596,-0.846368,0.446280,0.607410,-0.151828,0.671587,0.007210,-0.630898,-0.657540,0.207588,-2.532807,-0.504833,2.639239,-1.696034,-2.182770,0.774379,0.909212,0.002862,0.021052,0.060888,-0.001628,-0.065665,-0.172026,0.004125
12.778024,-0.155053,0.417005,0.236887,-0.601742,-0.932159,-0.847485,0.446152,0.620404,-0.166346,0.685195,0.003080,-0.630711,-0.655985,0.207422,-2.532801,-0.504809,2.639292,-1.696040,-2.182833,0.774213,0.909212,0.003549,0.022072,0.059064,-0.002264,-0.065871,-0.170000,0.003464
12.779083,-0.157320,0.417738,0.236956,-0.599043,-0.932395,-0.847595,0.446223,0.634898,-0.183934,0.700311,-0.002224,-0.630510,-0.654272,0.207227,-2.532798,-0.504784,2.639351,-1.696038,-2.182889,0.774052,0.909215,0.003480,0.022775,0.058799,-0.001046,-0.062703,-0.167496,0.003680
12.780072,-0.158545,0.420859,0.234928,-0.599241,-0.933660,-0.848370,0.447144,0.648279,-0.203405,0.714824,-0.008425,-0.630260,-0.652465,0.206990,-2.532791,-0.504763,2.639406,-1.696046,-2.182951,0.773890,0.909216,0.004547,0.022151,0.058143,-0.003626,-0.061856,-0.165958,0.003494
12.781004,-0.157799,0.418696,0.235310,-0.599542,-0.934952,-0.849563,0.446004,0.656893,-0.218450,0.724794,-0.012742,-0.630116,-0.650942,0.206708,-2.532786,-0.504747,2.639464,-1.696047,-2.183006,0.773733,0.909215,0.005098,0.020387,0.058514,-0.003422,-0.060013,-0.163806,0.001608
12.782078,-0.156238,0.417497,0.234041,-0.600657,-0.936150,-0.850936,0.446308,0.659160,-0.225646,0.728389,-0.013882,-0.630129,-0.649945,0.206405,-2.532782,-0.504723,2.639521,-1.696048,-2.183061,0.773578,0.909223,0.004683,0.021216,0.057660,-0.003134,-0.058154,-0.161276,0.003863
12.783074,-0.152111,0.418251,0.238314,-0.598206,-0.938915,-0.853789,0.445679,0.657613,-0.228757,0.728214,-0.013676,-0.630173,-0.649313,0.206118,-2.532779,-0.504701,2.639577,-1.696049,-2.183113,0.773424,0.909222,0.003868,0.021552,0.057678,-0.002039,-0.056419,-0.158506,0.003194
12.783993,-0.154706,0.419918,0.234313,-0.600584,-0.940365,-0.854864,0.446202,0.658468,-0.230847,0.729298,-0.012464,-0.630438,-0.648903,0.205858,-2.532781,-0.504680,2.639627,-1.696057,-2.183160,0.773281,0.909226,0.001825,0.020929,0.054947,-0.004358,-0.053159,-0.154346,0.004417
12.785122,-0.153448,0.416842,0.232777,-0.598697,-0.941773,-0.855439,0.445840,0.664843,-0.230517,0.733572,-0.008848,-0.631180,-0.648803,0.205617,-2.532774,-0.504664,2.639688,-1.696055,-2.183207,0.773137,0.909227,0.003079,0.019894,0.056292,-0.002034,-0.051236,-0.152026,0.003315
12.786043,-0.155330,0.416108,0.234152,-0.600958,-0.943935,-0.854449,0.446398,0.671972,-0.226938,0.737530,-0.003510,-0.632125,-0.649040,0.205394,-2.532772,-0.504642,2.639744,-1.696060,-2.183255,0.772993,0.909230,0.002412,0.021200,0.056432,-0.003892,-0.049337,-0.150101,0.004004
12.787034,-0.154808,0.418512,0.231607,-0.598415,-0.944341,-0.854806,0.446533,0.676445,-0.222850,0.739362,0.001440,-0.632905,-0.649384,0.205194,-2.532765,-0.504620,2.639796,-1.696059,-2.183297,0.772845,0.909232,0.003287,0.021302,0.055133,-0.001651,-0.046726,-0.149819,0.002829
12.788086,-0.155153,0.414516,0.231450,-0.600710,-0.945848,-0.855953,0.445422,0.677852,-0.218774,0.738970,0.005620,-0.633450,-0.649721,0.205012,-2.532764,-0.504603,2.639853,-1.696066,-2.183342,0.772701,0.909234,0.003020,0.019893,0.055782,-0.004108,-0.045872,-0.148151,0.002526
12.789003,-0.153990,0.412525,0.231611,-0.599286,-0.946497,-0.856545,0.446287,0.675529,-0.213416,0.735660,0.009524,-0.633760,-0.650105,0.204856,-2.532760,-0.504578,2.639908,-1.696063,-2.183380,0.772564,0.909242,0.003151,0.021629,0.055235,-0.001881,-0.043962,-0.145717,0.004702
12.790052,-0.153253,0.415183,0.232850,-0.599654,-0.948170,-0.857244,0.446515,0.671060,-0.210187,0.731268,0.011714,-0.633742,-0.650369,0.204724,-2.532759,-0.504554,2.639963,-1.696068,-2.183418,0.772426,0.909243,0.002552,0.022331,0.054532,-0.003266,-0.042927,-0.143900,0.002898
12.791130,-0.150621,0.411256,0.233576,-0.599895,-0.949006,-0.856871,0.447022,0.667547,-0.210088,0.728220,0.012332,-0.633549,-0.650467,0.204583,-2.532756,-0.504536,2.640014,-1.696069,-2.183454,0.772290,0.909244,0.002158,0.020768,0.053337,-0.002899,-0.040874,-0.141928,0.002416
12.792045,-0.150829,0.412552,0.229056,-0.599484,-0.949428,-0.857188,0.446289,0.668113,-0.211724,0.728486,0.012672,-0.633469,-0.650471,0.204410,-2.532756,-0.504509,2.640065,-1.696073,-2.183491,0.772150,0.909242,0.000846,0.022442,0.052412,-0.002592,-0.039653,-0.141000,0.001367
12.793061,-0.155143,0.415446,0.228913,-0.600320,-0.950485,-0.857342,0.446049,0.672719,-0.215519,0.732152,0.012468,-0.633512,-0.650345,0.204225,-2.532755,-0.504490,2.640122,-1.696077,-2.183525,0.772015,0.909247,0.000952,0.021547,0.054047,-0.002962,-0.038885,-0.139472,0.002808
12.794049,-0.154453,0.408962,0.230690,-0.599125,-0.951516,-0.857908,0.446301,0.675040,-0.217754,0.733950,0.012272,-0.633518,-0.650278,0.204057,-2.532748,-0.504475,2.640173,-1.696076,-2.183562,0.771883,0.909249,0.003058,0.019928,0.053523,-0.002170,-0.037442,-0.138084,0.003230
12.795078,-0.155981,0.410279,0.232240,-0.600942,-0.952369,-0.858733,0.446260,0.671000,-0.217176,0.730735,0.011905,-0.633360,-0.650288,0.203915,-2.532746,-0.504446,2.640223,-1.696083,-2.183596,0.771754,0.909250,0.002676,0.022874,0.052071,-0.003276,-0.036057,-0.136310,0.002683
12.796043,-0.153221,0.411422,0.228735,-0.599433,-0.951685,-0.859698,0.446924,0.663572,-0.218724,0.725650,0.009581,-0.633019,-0.650050,0.203784,-2.532744,-0.504428,2.640269,-1.696082,-2.183626,0.771621,0.909252,0.003425,0.021961,0.050778,-0.001486,-0.034881,-0.134237,0.002725
12.797001,-0.153851,0.410864,0.232209,-0.599794,-0.952894,-0.859678,0.446314,0.655032,-0.222286,0.720273,0.005674,-0.632605,-0.649600,0.203640,-2.532745,-0.504410,2.640324,-1.696089,-2.183663,0.771495,0.909250,0.002047,0.021186,0.051942,-0.002898,-0.035201,-0.132096,0.001358
12.798064,-0.154242,0.410110,0.233149,-0.599437,-0.953599,-0.860731,0.447024,0.646803,-0.224234,0.714797,0.002347,-0.632347,-0.649203,0.203468,-2.532743,-0.504389,2.640371,-1.696089,-2.183693,0.771369,0.909255,0.002360,0.021232,0.049646,-0.002570,-0.033658,-0.130952,0.002549
12.799033,-0.152469,0.408781,0.233555,-0.599272,-0.955405,-0.862520,0.445911,0.641044,-0.224948,0.710840,0.000009,-0.632341,-0.648871,0.203280,-2.532740,-0.504367,2.640416,-1.696095,-2.183722,0.771247,0.909251,0.002533,0.021343,0.048691,-0.002826,-0.032652,-0.128690,0.001081
12.800089,-0.154099,0.406434,0.232886,-0.599779,-0.955408,-0.863005,0.446525,0.638969,-0.226122,0.709645,-0.001832,-0.632550,-0.648555,0.203087,-2.532740,-0.504345,2.640463,-1.696097,-2.183748,0.771127,0.909260,0.001639,0.021755,0.047959,-0.002981,-0.030559,-0.125754,0.003274
12.800992,-0.151469,0.409984,0.232312,-0.599778,-0.955867,-0.863813,0.446793,0.640058,-0.229255,0.711154,-0.003923,-0.632837,-0.648218,0.202895,-2.532736,-0.504322,2.640511,-1.696098,-2.183777,0.771004,0.909259,0.002429,0.022668,0.047772,-0.002485,-0.030274,-0.124082,0.001980
12.801974,-0.153181,0.409567,0.230564,-0.598117,-0.958431,-0.865610,0.446926,0.642371,-0.233804,0.713893,-0.006500,-0.633044,-0.647900,0.202692,-2.532737,-0.504308,2.640558,-1.696101,-2.183804,0.770886,0.909258,0.001115,0.020706,0.047528,-0.002454,-0.029522,-0.122173,0.001422
12.803051,-0.151370,0.408138,0.232877,-0.599185,-0.962088,-0.866312,0.447280,0.644288,-0.235373,0.715748,-0.007594,-0.633265,-0.647825,0.202471,-2.532733,-0.504290,2.640606,-1.696108,-2.183824,0.770775,0.909259,0.001952,0.020719,0.047877,-0.004010,-0.026722,-0.119268,0.001120
12.804049,-0.151929,0.410623,0.234866,-0.599573,-0.962635,-0.865511,0.446570,0.645639,-0.232690,0.716280,-0.006269,-0.633597,-0.648027,0.202239,-2.532735,-0.504269,2.640649,-1.696109,-2.183842,0.770664,0.909260,0.001057,0.021197,0.046229,-0.002925,-0.022863,-0.117442,0.000368
12.804974,-0.152602,0.408829,0.231614,-0.599692,-0.965343,-0.865063,0.447682,0.648430,-0.228443,0.717557,-0.003625,-0.634019,-0.648294,0.202008,-2.532733,-0.504254,2.640692,-1.696111,-2.183864,0.770547,0.909262,0.001330,0.019760,0.044759,-0.002552,-0.022107,-0.117123,0.001767
12.806131,-0.150749,0.409028,0.233292,-0.598795,-0.966087,-0.865486,0.446744,0.652054,-0.223418,0.719413,-0.000482,-0.634436,-0.648521,0.201787,-2.532730,-0.504232,2.640740,-1.696112,-2.183878,0.770434,0.909259,0.001645,0.020416,0.045866,-0.002447,-0.019231,-0.116490,-0.000513
12.807071,-0.153617,0.407631,0.232110,-0.599973,-0.967189,-0.865962,0.447182,0.654539,-0.217635,0.720410,0.002896,-0.634791,-0.648690,0.201582,-2.532732,-0.504212,2.640781,-1.696116,-2.183895,0.770323,0.909265,0.000732,0.020079,0.044562,-0.003293,-0.018312,-0.114887,0.001338
12.808006,-0.152128,0.406731,0.234274,-0.598245,-0.968842,-0.866778,0.447354,0.655580,-0.212105,0.720474,0.006014,-0.635071,-0.648765,0.201400,-2.532726,-0.504191,2.640826,-1.696116,-2.183912,0.770214,0.909264,0.002127,0.020539,0.044664,-0.002147,-0.017028,-0.113350,0.000406
12.809067,-0.156387,0.410239,0.235747,-0.598829,-0.969355,-0.865397,0.446795,0.654774,-0.207952,0.719520,0.008204,-0.635234,-0.648719,0.201230,-2.532725,-0.504170,2.640866,-1.696122,-2.183925,0.770107,0.909265,0.001353,0.020738,0.043126,-0.003785,-0.015223,-0.111475,0.000031
12.810068,-0.154923,0.407908,0.238497,-0.598592,-0.970028,-0.864318,0.446740,0.652199,-0.203847,0.717330,0.010250,-0.635394,-0.648641,0.201063,-2.532719,-0.504154,2.640905,-1.696123,-2.183940,0.769995,0.909269,0.003442,0.018785,0.041964,-0.003202,-0.014560,-0.111748,0.001111
12.810977,-0.152045,0.407128,0.236214,-0.600630,-0.971592,-0.864080,0.446542,0.647982,-0.198451,0.713821,0.012731,-0.635618,-0.648596,0.200904,-2.532718,-0.504131,2.640942,-1.696128,-2.183953,0.769885,0.909269,0.002681,0.019711,0.040177,-0.003377,-0.013741,-0.111727,0.001177
12.812096,-0.151098,0.405682,0.235613,-0.599321,-0.969880,-0.865383,0.447140,0.644409,-0.194870,0.711317,0.014251,-0.635845,-0.648417,0.200746,-2.532721,-0.504110,2.640985,-1.696125,-2.183962,0.769780,0.909273,0.001277,0.019849,0.040866,-0.001411,-0.012059,-0.110929,0.001529
12.813115,-0.152634,0.405557,0.235620,-0.599169,-0.970296,-0.865797,0.446477,0.643426,-0.195643,0.711613,0.013770,-0.636028,-0.648029,0.200576,-2.532718,-0.504089,2.641024,-1.696130,-2.183976,0.769676,0.909271,0.000790,0.020327,0.040733,-0.002685,-0.013648,-0.108496,0.000285
12.813982,-0.149958,0.405082,0.233759,-0.598192,-0.971468,-0.864669,0.447164,0.643495,-0.199437,0.713185,0.011861,-0.636144,-0.647569,0.200398,-2.532716,-0.504069,2.641063,-1.696133,-2.183988,0.769570,0.909275,0.001548,0.020151,0.040304,-0.002797,-0.013073,-0.107013,0.001584
12.815136,-0.149161,0.407860,0.235234,-0.599783,-0.971726,-0.865007,0.446686,0.643035,-0.203925,0.714340,0.009734,-0.636237,-0.647158,0.200219,-2.532717,-0.504050,2.641103,-1.696138,-2.183996,0.769464,0.909270,0.000210,0.020164,0.040798,-0.003699,-0.011801,-0.107146,0.000175
12.816020,-0.150705,0.407896,0.237373,-0.597539,-0.972125,-0.864257,0.446787,0.642756,-0.207162,0.715157,0.008460,-0.636405,-0.646865,0.200045,-2.532718,-0.504034,2.641140,-1.696135,-2.184008,0.769363,0.909274,-0.000156,0.018580,0.039651,-0.002199,-0.011415,-0.105685,0.001095
12.816971,-0.153083,0.406705,0.236079,-0.599725,-0.973877,-0.862996,0.446248,0.643645,-0.207399,0.716018,0.008897,-0.636736,-0.646761,0.199897,-2.532716,-0.504015,2.641174,-1.696143,-2.184016,0.769260,0.909275,0.000608,0.018351,0.038204,-0.004321,-0.010922,-0.105441,0.000849
12.817976,-0.152629,0.407065,0.238157,-0.598978,-0.974191,-0.861682,0.447172,0.643563,-0.204941,0.715565,0.010475,-0.637080,-0.646795,0.199798,-2.532712,-0.503996,2.641214,-1.696141,-2.184023,0.769154,0.909279,0.001759,0.018724,0.038429,-0.002198,-0.009080,-0.105657,0.001889
12.818955,-0.152986,0.403161,0.238873,-0.598640,-0.975448,-0.863158,0.446821,0.640035,-0.202219,0.712658,0.011353,-0.637154,-0.646801,0.199754,-2.532711,-0.503979,2.641247,-1.696144,-2.184029,0.769048,0.909278,0.001516,0.018351,0.037008,-0.002941,-0.008696,-0.105897,-0.000016
12.819995,-0.151414,0.407067,0.240104,-0.599207,-0.976518,-0.861867,0.446252,0.634597,-0.201620,0.708919,0.010680,-0.636944,-0.646650,0.199751,-2.532709,-0.503955,2.641283,-1.696148,-2.184034,0.768953,0.909280,0.001678,0.020041,0.036270,-0.003213,-0.007372,-0.103397,0.000668
12.821034,-0.151301,0.406091,0.237023,-0.599959,-0.977232,-0.862728,0.446938,0.630061,-0.203604,0.706427,0.008924,-0.636619,-0.646344,0.199790,-2.532710,-0.503940,2.641318,-1.696149,-2.184038,0.768847,0.909283,0.000906,0.017868,0.035268,-0.002652,-0.006246,-0.103629,0.001762
12.822097,-0.148604,0.403397,0.236063,-0.598582,-0.977545,-0.863594,0.445974,0.626426,-0.205759,0.704693,0.007026,-0.636260,-0.646043,0.199866,-2.532709,-0.503922,2.641356,-1.696150,-2.184043,0.768750,0.909280,0.000844,0.018174,0.036422,-0.001918,-0.005472,-0.101711,0.000341
12.823031,-0.151272,0.404843,0.236140,-0.599042,-0.976396,-0.864010,0.446317,0.622639,-0.207379,0.702730,0.005140,-0.635842,-0.645810,0.199965,-2.532712,-0.503902,2.641393,-1.696157,-2.184048,0.768653,0.909287,-0.000471,0.019292,0.036495,-0.003205,-0.005100,-0.099798,0.002235
12.823961,-0.149562,0.404687,0.236673,-0.600089,-0.978124,-0.864041,0.446350,0.618111,-0.209156,0.700122,0.003084,-0.635329,-0.645632,0.200072,-2.532708,-0.503886,2.641428,-1.696156,-2.184056,0.768557,0.909285,0.000850,0.018372,0.036068,-0.002772,-0.006163,-0.098407,0.001499
12.825069,-0.149324,0.404554,0.236840,-0.599185,-0.979800,-0.863587,0.447501,0.611865,-0.210460,0.696047,0.000779,-0.634649,-0.645560,0.200164,-2.532709,-0.503869,2.641461,-1.696155,-2.184056,0.768461,0.909289,-0.000003,0.018255,0.035443,-0.001796,-0.004393,-0.097396,0.001392
12.825970,-0.151473,0.400955,0.234824,-0.598294,-0.981097,-0.863806,0.446753,0.604847,-0.211177,0.691181,-0.001722,-0.633847,-0.645591,0.200212,-2.532711,-0.503852,2.641493,-1.696159,-2.184054,0.768366,0.909285,-0.000089,0.018125,0.035016,-0.002658,-0.002727,-0.096800,-0.000956
12.826985,-0.153791,0.403635,0.236215,-0.598465,-0.981146,-0.862864,0.446700,0.597129,-0.211823,0.685634,-0.004250,-0.633006,-0.645677,0.200209,-2.532709,-0.503830,2.641528,-1.696164,-2.184053,0.768274,0.909289,0.000986,0.019687,0.035655,-0.003475,-0.001426,-0.095636,0.000533
12.828029,-0.152060,0.402636,0.235062,-0.600088,-0.980426,-0.863717,0.446645,0.585557,-0.212181,0.677132,-0.007000,-0.632044,-0.645821,0.200173,-2.532705,-0.503813,2.641560,-1.696166,-2.184055,0.768181,0.909292,0.002107,0.018123,0.034596,-0.003270,-0.001357,-0.095588,0.000577
12.829010,-0.152039,0.401378,0.239481,-0.599541,-0.980844,-0.862630,0.446664,0.569133,-0.211592,0.664933,-0.010236,-0.630872,-0.646080,0.200110,-2.532706,-0.503796,2.641594,-1.696165,-2.184059,0.768092,0.909292,0.001241,0.018438,0.034818,-0.001712,-0.002028,-0.093725,0.000649
12.829955,-0.148870,0.404780,0.238953,-0.599909,-0.980856,-0.863661,0.447548,0.551498,-0.211974,0.652091,-0.014641,-0.629508,-0.646367,0.200013,-2.532707,-0.503777,2.641619,-1.696169,-2.184061,0.767994,0.909293,0.001250,0.018854,0.032325,-0.002215,-0.001565,-0.093819,0.000575
12.831060,-0.146737,0.405776,0.238120,-0.598885,-0.980541,-0.862298,0.446837,0.537823,-0.214007,0.642452,-0.019517,-0.628198,-0.646630,0.199871,-2.532709,-0.503765,2.641652,-1.696171,-2.184061,0.767903,0.909289,-0.000317,0.016987,0.032257,-0.001835,-0.001540,-0.091812,-0.001228
12.832073,-0.145233,0.406522,0.241165,-0.598265,-0.981845,-0.861461,0.446679,0.530565,-0.213868,0.636942,-0.022326,-0.627271,-0.647070,0.199680,-2.532712,-0.503749,2.641682,-1.696174,-2.184062,0.767807,0.909293,-0.001329,0.016314,0.032358,-0.002847,-0.001832,-0.092139,0.000173
12.832977,-0.146431,0.403110,0.240380,-0.597452,-0.980959,-0.860952,0.446484,0.530495,-0.209089,0.635554,-0.021400,-0.626929,-0.647777,0.199460,-2.532715,-0.503734,2.641707,-1.696179,-2.184058,0.767716,0.909292,-0.002044,0.015770,0.030550,-0.003399,-0.000536,-0.091982,0.000446
12.834157,-0.148168,0.405205,0.240471,-0.599102,-0.980866,-0.859990,0.446653,0.536989,-0.201741,0.638282,-0.017550,-0.627109,-0.648562,0.199230,-2.532715,-0.503714,2.641738,-1.696183,-2.184060,0.767624,0.909294,-0.001422,0.017263,0.030629,-0.004137,-0.001414,-0.091542,0.000794
12.835049,-0.148523,0.402392,0.243994,-0.598833,-0.981031,-0.860462,0.446121,0.545133,-0.194740,0.642314,-0.013281,-0.627389,-0.649215,0.198999,-2.532713,-0.503702,2.641765,-1.696182,-2.184060,0.767535,0.909294,-0.000562,0.016054,0.030306,-0.002547,-0.001474,-0.091459,0.000410
12.835994,-0.146912,0.406585,0.244358,-0.599302,-0.980931,-0.859950,0.446149,0.551023,-0.189844,0.645344,-0.010646,-0.627399,-0.649619,0.198776,-2.532713,-0.503681,2.641789,-1.696185,-2.184061,0.767447,0.909296,-0.000385,0.017236,0.028274,-0.002801,-0.001285,-0.090062,0.001451
12.837004,-0.145116,0.406396,0.243613,-0.598407,-0.982484,-0.859252,0.445904,0.556006,-0.187152,0.648413,-0.009614,-0.627178,-0.649798,0.198576,-2.532714,-0.503670,2.641815,-1.696186,-2.184063,0.767357,0.909297,-0.001179,0.014984,0.027829,-0.002333,-0.001359,-0.089630,0.001342
12.838029,-0.148545,0.401532,0.243209,-0.598261,-0.981785,-0.857620,0.445596,0.562018,-0.183582,0.652219,-0.008172,-0.626996,-0.649982,0.198400,-2.532720,-0.503657,2.641843,-1.696189,-2.184060,0.767269,0.909297,-0.002008,0.014949,0.027914,-0.003216,0.000196,-0.089362,0.001806
12.839087,-0.147350,0.405457,0.244967,-0.598704,-0.982310,-0.857826,0.446030,0.567660,-0.179240,0.655692,-0.006304,-0.626828,-0.650204,0.198244,-2.532716,-0.503636,2.641870,-1.696193,-2.184064,0.767180,0.909298,-0.000299,0.017160,0.027838,-0.003286,-0.000472,-0.090020,0.002381
12.839983,-0.147674,0.403395,0.245199,-0.597176,-0.983216,-0.857198,0.446076,0.570361,-0.176699,0.657499,-0.005664,-0.626422,-0.650356,0.198106,-2.532718,-0.503624,2.641892,-1.696196,-2.184062,0.767095,0.909298,-0.000886,0.015018,0.026728,-0.002811,0.000065,-0.088829,0.001464
12.840958,-0.147055,0.403860,0.246282,-0.598380,-0.983324,-0.855456,0.446261,0.570668,-0.174607,0.657751,-0.005488,-0.625857,-0.650551,0.197972,-2.532719,-0.503609,2.641917,-1.696205,-2.184060,0.767008,0.909303,-0.000709,0.015901,0.026356,-0.004183,0.000966,-0.088549,0.001328
12.842020,-0.148003,0.405342,0.248170,-0.597407,-0.982198,-0.855175,0.446165,0.570339,-0.172499,0.657583,-0.005069,-0.625278,-0.650810,0.197826,-2.532720,-0.503594,2.641940,-1.696206,-2.184057,0.766916,0.909303,-0.000995,0.015488,0.025575,-0.002985,0.001056,-0.089326,0.000923
12.843179,-0.147957,0.404047,0.251475,-0.597831,-0.981672,-0.852636,0.445815,0.569900,-0.170781,0.657468,-0.004633,-0.624695,-0.651087,0.197652,-2.532720,-0.503581,2.641962,-1.696211,-2.184059,0.766828,0.909302,-0.000505,0.014587,0.024404,-0.003890,-0.000051,-0.088603,0.001085
12.844023,-0.149358,0.402340,0.252930,-0.597096,-0.981900,-0.851755,0.446979,0.570163,-0.169245,0.657958,-0.004086,-0.624158,-0.651364,0.197447,-2.532720,-0.503565,2.641979,-1.696213,-2.184060,0.766735,0.909305,-0.000525,0.015068,0.022586,-0.003454,-0.000538,-0.090101,0.001739
12.844978,-0.148771,0.404450,0.254500,-0.596520,-0.982008,-0.851975,0.445741,0.572002,-0.170023,0.660152,-0.004292,-0.623638,-0.651462,0.197217,-2.532720,-0.503550,2.641999,-1.696219,-2.184062,0.766646,0.909300,0.000189,0.015752,0.021665,-0.004102,-0.000274,-0.090066,-0.000630
12.846050,-0.147022,0.404454,0.253554,-0.594917,-0.980772,-0.852793,0.446303,0.575253,-0.173325,0.663995,-0.005267,-0.623144,-0.651333,0.196971,-2.532722,-0.503539,2.642020,-1.696223,-2.184059,0.766560,0.909307,-0.000083,0.014551,0.020662,-0.004620,-0.000181,-0.088902,0.001832
12.847029,-0.150631,0.406141,0.256694,-0.596745,-0.982078,-0.852379,0.445869,0.584850,-0.174711,0.672881,-0.003021,-0.622800,-0.651250,0.196479,-2.532719,-0.503514,2.642057,-1.696234,-2.184061,0.766392,0.909303,0.000840,0.013414,0.019193,-0.004175,-0.000047,-0.086600,0.001507
12.848112,-0.148270,0.404517,0.257526,-0.596216,-0.981207,-0.852468,0.446075,0.584850,-0.174711,0.672881,-0.003021,-0.622800,-0.651250,0.196479,-2.532719,-0.503514,2.642057,-1.696234,-2.184061,0.766392,0.909303,0.000840,0.013414,0.019193,-0.004175,-0.000047,-0.086600,0.001507
12.849054,-0.145547,0.404247,0.258580,-0.596425,-0.980889,-0.852543,0.446475,0.588689,-0.172387,0.676063,-0.000693,-0.622694,-0.651364,0.196280,-2.532722,-0.503499,2.642074,-1.696241,-2.184065,0.766308,0.909305,-0.000322,0.014071,0.018635,-0.004620,-0.000885,-0.085533,0.001037
12.849993,-0.150230,0.404593,0.256272,-0.595226,-0.982110,-0.852378,0.446319,0.593907,-0.171380,0.680524,0.000881,-0.622507,-0.651414,0.196131,-2.532726,-0.503486,2.642090,-1.696246,-2.184064,0.766223,0.909304,-0.001635,0.014049,0.017952,-0.004323,-0.001197,-0.084536,0.000205
12.850970,-0.150545,0.402373,0.263330,-0.594753,-0.983633,-0.850760,0.445609,0.599988,-0.171457,0.685748,0.001921,-0.622244,-0.651445,0.196036,-2.532722,-0.503471,2.642112,-1.696254,-2.184062,0.766143,0.909304,0.000705,0.013706,0.018900,-0.005362,0.000038,-0.083816,0.000494
12.852073,-0.148243,0.404239,0.263844,-0.595370,-0.982145,-0.850764,0.445423,0.603355,-0.171659,0.688974,0.002537,-0.621835,-0.651490,0.196011,-2.532722,-0.503454,2.642120,-1.696261,-2.184059,0.766057,0.909310,0.000848,0.014629,0.015266,-0.005710,0.001545,-0.084507,0.001869
12.852973,-0.149294,0.400172,0.268063,-0.591926,-0.982220,-0.851249,0.446182,0.606723,-0.173543,0.692487,0.002495,-0.621399,-0.651423,0.196047,-2.532726,-0.503442,2.642135,-1.696264,-2.184062,0.765975,0.909311,-0.000259,0.013535,0.014902,-0.005066,0.000074,-0.083513,0.002188
12.853993,-0.149547,0.403757,0.264713,-0.594910,-0.983472,-0.851275,0.445014,0.614243,-0.177895,0.699380,0.002256,-0.621139,-0.651207,0.196117,-2.532725,-0.503424,2.642143,-1.696278,-2.184064,0.765897,0.909307,0.000274,0.015397,0.012716,-0.008245,0.000193,-0.082164,0.000633
12.855134,-0.148097,0.403187,0.268768,-0.592355,-0.983745,-0.850549,0.445522,0.624308,-0.183597,0.708267,0.002173,-0.621020,-0.650936,0.196212,-2.532725,-0.503415,2.642161,-1.696276,-2.184064,0.765817,0.909313,0.000407,0.013458,0.014253,-0.005275,0.001474,-0.081220,0.002952
12.855996,-0.151777,0.403786,0.270558,-0.592867,-0.984768,-0.850326,0.445139,0.633970,-0.188260,0.716615,0.002519,-0.620929,-0.650767,0.196337,-2.532727,-0.503400,2.642169,-1.696288,-2.184062,0.765736,0.909311,-0.000294,0.013590,0.012134,-0.007641,0.001732,-0.080969,0.001870
12.856965,-0.148356,0.401377,0.269700,-0.591472,-0.982006,-0.848046,0.445226,0.642997,-0.190475,0.724003,0.003907,-0.620938,-0.650764,0.196473,-2.532722,-0.503386,2.642181,-1.696295,-2.184060,0.765657,0.909314,0.001513,0.013127,0.011142,-0.006982,0.002761,-0.080340,0.002612
12.858047,-0.148283,0.400354,0.273708,-0.592100,-0.982281,-0.848579,0.445231,0.650998,-0.191470,0.730423,0.005797,-0.620996,-0.650822,0.196597,-2.532725,-0.503370,2.642194,-1.696305,-2.184065,0.765573,0.909315,-0.000184,0.014164,0.011474,-0.008186,0.000028,-0.081711,0.002387
12.859028,-0.148478,0.399724,0.271449,-0.592553,-0.981506,-0.848009,0.445878,0.659335,-0.194193,0.737426,0.006942,-0.620991,-0.650753,0.196686,-2.532725,-0.503355,2.642200,-1.696313,-2.184063,0.765495,0.909318,-0.000196,0.014493,0.009419,-0.007388,0.000327,-0.080211,0.002333
12.859977,-0.149781,0.399062,0.271449,-0.592390,-0.982019,-0.847346,0.445530,0.668928,-0.200759,0.746104,0.006252,-0.620815,-0.650428,0.196731,-2.532725,-0.503340,2.642213,-1.696320,-2.184063,0.765415,0.909315,-0.000125,0.014596,0.010263,-0.006776,-0.000319,-0.079581,0.000991
12.861126,-0.149439,0.402902,0.269227,-0.592631,-0.983067,-0.846594,0.445790,0.676379,-0.210383,0.753903,0.003276,-0.620287,-0.649895,0.196739,-2.532723,-0.503323,2.642222,-1.696327,-2.184062,0.765340,0.909318,0.000472,0.014689,0.009932,-0.006760,0.000384,-0.078968,0.001646
12.862056,-0.148952,0.403763,0.269524,-0.591082,-0.980203,-0.846277,0.445999,0.678553,-0.219341,0.757815,-0.000692,-0.619430,-0.649375,0.196722,-2.532723,-0.503316,2.642233,-1.696334,-2.184061,0.765263,0.909318,0.000245,0.012618,0.010655,-0.006337,0.001652,-0.078259,0.001057
12.863112,-0.148796,0.403684,0.271799,-0.590247,-0.980987,-0.844958,0.445909,0.675113,-0.222669,0.756534,-0.003119,-0.618486,-0.649183,0.196672,-2.532723,-0.503304,2.642242,-1.696344,-2.184065,0.765187,0.909319,-0.000038,0.012021,0.010171,-0.007640,-0.001028,-0.077315,0.000591
12.864099,-0.146203,0.403700,0.271711,-0.589600,-0.981727,-0.843418,0.446194,0.668783,-0.219044,0.751666,-0.002492,-0.617726,-0.649414,0.196588,-2.532723,-0.503289,2.642247,-1.696353,-2.184063,0.765112,0.909318,-0.000158,0.011848,0.008721,-0.008230,-0.000013,-0.077276,0.000726
12.864977,-0.149797,0.404867,0.270497,-0.589861,-0.979478,-0.842475,0.445191,0.663852,-0.210909,0.746726,0.001158,-0.617351,-0.649910,0.196481,-2.532727,-0.503278,2.642253,-1.696362,-2.184060,0.765035,0.909316,-0.001463,0.011666,0.008470,-0.008650,0.000881,-0.077498,0.000106
12.866091,-0.148618,0.401545,0.271603,-0.591308,-0.980059,-0.842761,0.445780,0.660286,-0.199961,0.742042,0.006940,-0.617286,-0.650550,0.196379,-2.532723,-0.503267,2.642262,-1.696369,-2.184065,0.764960,0.909322,0.000284,0.010916,0.008782,-0.008196,-0.001172,-0.077226,0.002069
12.867140,-0.149028,0.402922,0.275981,-0.589124,-0.980416,-0.842052,0.445180,0.654537,-0.188910,0.735702,0.012337,-0.617100,-0.651186,0.196312,-2.532725,-0.503253,2.642266,-1.696372,-2.184063,0.764890,0.909319,-0.000355,0.012389,0.007909,-0.006652,-0.000361,-0.075536,0.000814
12.868085,-0.147773,0.401524,0.275949,-0.589975,-0.979711,-0.841658,0.445560,0.648213,-0.181354,0.729627,0.015705,-0.616688,-0.651615,0.196282,-2.532725,-0.503245,2.642265,-1.696385,-2.184061,0.764816,0.909323,-0.000186,0.011538,0.005466,-0.008555,0.000179,-0.074902,0.001968
12.869004,-0.149391,0.405070,0.276934,-0.590154,-0.979317,-0.841484,0.445330,0.645382,-0.177688,0.726795,0.017891,-0.616319,-0.651796,0.196268,-2.532727,-0.503232,2.642271,-1.696392,-2.184064,0.764744,0.909319,-0.000837,0.012052,0.005221,-0.007482,-0.000322,-0.074042,0.001157
12.870038,-0.147007,0.400892,0.278102,-0.589641,-0.978061,-0.840948,0.445378,0.645446,-0.176120,0.726457,0.019486,-0.616006,-0.651829,0.196257,-2.532725,-0.503225,2.642275,-1.696398,-2.184064,0.764674,0.909323,-0.000076,0.010136,0.004463,-0.007142,-0.000533,-0.073000,0.001564
12.871033,-0.150699,0.400582,0.278361,-0.588215,-0.978332,-0.841558,0.445059,0.647026,-0.175878,0.727507,0.020339,-0.615651,-0.651764,0.196256,-2.532729,-0.503209,2.642279,-1.696406,-2.184066,0.764606,0.909324,-0.001286,0.012038,0.003593,-0.007462,-0.001576,-0.072231,0.001410
12.871997,-0.149376,0.401532,0.276699,-0.587794,-0.978505,-0.841161,0.444517,0.649714,-0.178237,0.729880,0.020009,-0.615216,-0.651524,0.196279,-2.532725,-0.503197,2.642279,-1.696419,-2.184065,0.764538,0.909323,0.000504,0.011986,0.003237,-0.008563,-0.001103,-0.070338,0.002007
12.873077,-0.152230,0.399120,0.279075,-0.588471,-0.978369,-0.840773,0.445523,0.650773,-0.181778,0.731306,0.019029,-0.614676,-0.651195,0.196336,-2.532727,-0.503185,2.642285,-1.696427,-2.184064,0.764471,0.909325,-0.000198,0.011322,0.003782,-0.008770,-0.000749,-0.069509,0.003040
12.873994,-0.147252,0.401731,0.277327,-0.587674,-0.978186,-0.840166,0.445214,0.648124,-0.185045,0.730043,0.017652,-0.613986,-0.650884,0.196427,-2.532723,-0.503172,2.642282,-1.696434,-2.184064,0.764404,0.909324,0.001159,0.012346,0.002358,-0.007899,-0.000675,-0.068553,0.000946
12.874972,-0.149225,0.400751,0.281193,-0.586010,-0.977339,-0.839288,0.445717,0.643373,-0.188763,0.727418,0.015568,-0.613170,-0.650574,0.196529,-2.532729,-0.503164,2.642287,-1.696444,-2.184066,0.764336,0.909326,-0.001335,0.010883,0.002989,-0.008470,-0.000663,-0.067964,0.001534
12.876090,-0.149789,0.400902,0.276384,-0.587549,-0.977689,-0.838145,0.445198,0.640057,-0.191381,0.725604,0.014345,-0.612521,-0.650358,0.196620,-2.532728,-0.503152,2.642282,-1.696455,-2.184069,0.764268,0.909324,-0.000372,0.011210,0.000860,-0.009849,-0.001293,-0.067584,0.000471
12.876982,-0.149442,0.400610,0.274491,-0.587072,-0.977945,-0.836557,0.445903,0.637450,-0.192140,0.723962,0.014280,-0.612030,-0.650261,0.196700,-2.532727,-0.503139,2.642288,-1.696460,-2.184068,0.764204,0.909328,-0.000150,0.010935,0.002978,-0.008135,-0.000726,-0.067374,0.001457
12.877976,-0.149270,0.403395,0.282056,-0.585287,-0.978918,-0.837574,0.445101,0.630627,-0.191526,0.719123,0.013861,-0.611338,-0.650239,0.196780,-2.532729,-0.503127,2.642292,-1.696470,-2.184066,0.764135,0.909326,-0.000340,0.010897,0.003657,-0.008395,-0.000318,-0.067779,-0.000017
12.879073,-0.147457,0.400632,0.279258,-0.586637,-0.978015,-0.836962,0.446161,0.620846,-0.188517,0.711725,0.013884,-0.610582,-0.650320,0.196852,-2.532730,-0.503119,2.642282,-1.696481,-2.184062,0.764076,0.909331,-0.000464,0.009364,-0.000285,-0.009896,0.000822,-0.065521,0.001550
12.879980,-0.146734,0.397562,0.281466,-0.584151,-0.977722,-0.836965,0.446289,0.613856,-0.183604,0.705933,0.015350,-0.610112,-0.650461,0.196902,-2.532733,-0.503106,2.642287,-1.696487,-2.184064,0.764013,0.909327,-0.001383,0.010565,0.000850,-0.008373,0.000132,-0.064817,-0.000648
12.880972,-0.146683,0.397190,0.280300,-0.584231,-0.977097,-0.837246,0.445864,0.611739,-0.180745,0.703980,0.016717,-0.609869,-0.650458,0.196915,-2.532736,-0.503091,2.642284,-1.696502,-2.184063,0.763950,0.909330,-0.001746,0.011895,-0.000450,-0.010513,0.000014,-0.063647,-0.000942
12.882049,-0.149068,0.395180,0.281742,-0.584246,-0.977021,-0.837730,0.445963,0.613892,-0.182236,0.705807,0.017021,-0.609741,-0.650215,0.196884,-2.532737,-0.503081,2.642284,-1.696510,-2.184066,0.763892,0.909331,-0.001787,0.011902,-0.000082,-0.010199,-0.000391,-0.062150,-0.000139
12.883049,-0.148023,0.397345,0.278769,-0.584150,-0.977375,-0.835614,0.445244,0.617468,-0.187679,0.709317,0.015867,-0.609540,-0.649801,0.196819,-2.532736,-0.503067,2.642280,-1.696519,-2.184066,0.763834,0.909331,-0.000647,0.012710,-0.001014,-0.009947,-0.000243,-0.060385,-0.000401
12.884011,-0.146616,0.397149,0.276842,-0.583882,-0.976765,-0.834854,0.446338,0.618690,-0.195455,0.711564,0.013014,-0.609055,-0.649327,0.196729,-2.532738,-0.503059,2.642283,-1.696527,-2.184065,0.763769,0.909334,-0.001208,0.011473,0.000221,-0.009838,0.000298,-0.061270,0.000991
12.885058,-0.147385,0.399097,0.278276,-0.582336,-0.977015,-0.834420,0.445581,0.615991,-0.202174,0.710740,0.009716,-0.608334,-0.648957,0.196610,-2.532741,-0.503047,2.642285,-1.696536,-2.184066,0.763707,0.909330,-0.001909,0.011404,0.000943,-0.009872,-0.000125,-0.060812,-0.001264
12.885994,-0.145807,0.398573,0.277705,-0.582625,-0.975388,-0.834923,0.445974,0.610078,-0.204956,0.706718,0.007636,-0.607573,-0.648810,0.196458,-2.532742,-0.503039,2.642282,-1.696550,-2.184064,0.763652,0.909335,-0.001550,0.010279,-0.000002,-0.011089,0.000325,-0.060003,0.000211
12.886953,-0.145533,0.395474,0.278887,-0.582201,-0.976827,-0.834548,0.445272,0.602779,-0.202978,0.700607,0.007635,-0.606933,-0.648917,0.196281,-2.532746,-0.503029,2.642281,-1.696558,-2.184068,0.763599,0.909333,-0.002342,0.010399,0.000086,-0.010574,-0.001100,-0.058357,-0.000636
12.888057,-0.143678,0.393535,0.278576,-0.582979,-0.977181,-0.834359,0.445594,0.596242,-0.199327,0.694555,0.008533,-0.606371,-0.649120,0.196101,-2.532748,-0.503014,2.642280,-1.696569,-2.184064,0.763543,0.909334,-0.002491,0.011737,-0.000720,-0.010720,0.000520,-0.057575,0.000736
12.888979,-0.148360,0.396831,0.281546,-0.583579,-0.976151,-0.834650,0.445090,0.592576,-0.199317,0.691146,0.008044,-0.605753,-0.649125,0.195932,-2.532753,-0.503002,2.642278,-1.696577,-2.184064,0.763487,0.909334,-0.003401,0.012514,-0.000787,-0.009721,0.001072,-0.056465,0.000015
12.889948,-0.144349,0.393241,0.279608,-0.583875,-0.975396,-0.833343,0.445388,0.590820,-0.203964,0.689985,0.005174,-0.604951,-0.648887,0.195776,-2.532751,-0.502995,2.642272,-1.696585,-2.184064,0.763435,0.909337,-0.001101,0.010727,-0.002424,-0.008923,0.000216,-0.055061,0.000981
12.891072,-0.148404,0.396126,0.278121,-0.582894,-0.976029,-0.832497,0.445396,0.588597,-0.211547,0.689140,-0.000051,-0.603865,-0.648515,0.195629,-2.532758,-0.502978,2.642272,-1.696594,-2.184067,0.763380,0.909337,-0.003097,0.012311,-0.001652,-0.008400,-0.000323,-0.055210,0.000323
12.892072,-0.143621,0.398457,0.277862,-0.581612,-0.976451,-0.832184,0.444944,0.584376,-0.220496,0.687215,-0.006963,-0.602511,-0.648080,0.195483,-2.532755,-0.502972,2.642271,-1.696605,-2.184065,0.763328,0.909338,-0.001112,0.010714,-0.001170,-0.009102,0.000530,-0.054763,0.000250
12.893020,-0.145782,0.396016,0.278068,-0.582607,-0.976374,-0.832257,0.445283,0.577465,-0.225870,0.682650,-0.012708,-0.601170,-0.647835,0.195334,-2.532763,-0.502965,2.642270,-1.696619,-2.184063,0.763274,0.909338,-0.003493,0.009434,-0.001255,-0.010050,0.001122,-0.053883,0.001113
12.894090,-0.141934,0.392913,0.275915,-0.580553,-0.974474,-0.831175,0.444507,0.569922,-0.225631,0.676475,-0.015631,-0.600100,-0.647892,0.195187,-2.532762,-0.502953,2.642268,-1.696625,-2.184062,0.763225,0.909336,-0.002429,0.010496,-0.001554,-0.008866,0.001218,-0.052686,0.000380
12.894976,-0.144655,0.392335,0.276022,-0.582207,-0.975780,-0.830974,0.444898,0.563623,-0.224384,0.670966,-0.017595,-0.599201,-0.648005,0.195045,-2.532772,-0.502939,2.642268,-1.696640,-2.184067,0.763172,0.909342,-0.004311,0.011841,-0.000713,-0.010577,-0.000443,-0.052535,0.001875
12.895970,-0.142025,0.392832,0.274966,-0.578199,-0.974992,-0.830238,0.444458,0.558373,-0.225933,0.666752,-0.020452,-0.598285,-0.647968,0.194907,-2.532771,-0.502927,2.642264,-1.696647,-2.184063,0.763123,0.909340,-0.002966,0.011938,-0.000939,-0.008715,0.001029,-0.051664,0.001031
12.897066,-0.143284,0.392002,0.271682,-0.578985,-0.975356,-0.827873,0.444989,0.553478,-0.229144,0.663098,-0.023623,-0.597383,-0.647836,0.194760,-2.532779,-0.502915,2.642262,-1.696665,-2.184066,0.763074,0.909342,-0.004254,0.011502,-0.000612,-0.012324,0.000447,-0.051246,0.001870
12.898057,-0.144841,0.393239,0.273599,-0.577533,-0.974027,-0.828280,0.445380,0.548135,-0.230538,0.658672,-0.025161,-0.596675,-0.647770,0.194596,-2.532781,-0.502904,2.642265,-1.696673,-2.184065,0.763018,0.909340,-0.003629,0.011757,0.000753,-0.011281,0.001030,-0.052344,0.000740
12.898987,-0.145019,0.391915,0.274445,-0.579599,-0.974653,-0.827478,0.444914,0.540398,-0.228735,0.651827,-0.024828,-0.596086,-0.647821,0.194425,-2.532782,-0.502894,2.642261,-1.696687,-2.184068,0.762971,0.909338,-0.002876,0.010966,-0.000409,-0.012393,-0.000098,-0.050764,-0.000082
12.900062,-0.140614,0.390599,0.274678,-0.576950,-0.974855,-0.827854,0.445614,0.529812,-0.225189,0.642658,-0.024054,-0.595410,-0.647921,0.194269,-2.532785,-0.502882,2.642258,-1.696692,-2.184065,0.762922,0.909342,-0.002801,0.011454,-0.001010,-0.010162,0.000700,-0.050479,0.000803
12.901010,-0.143296,0.389658,0.273553,-0.576707,-0.974277,-0.826746,0.444987,0.520501,-0.222766,0.634720,-0.023775,-0.594715,-0.647950,0.194142,-2.532795,-0.502869,2.642256,-1.696708,-2.184063,0.762874,0.909343,-0.004944,0.011923,-0.001344,-0.012458,0.001095,-0.048873,-0.000674
12.901946,-0.139260,0.390701,0.270542,-0.575319,-0.972765,-0.825739,0.446381,0.515548,-0.222308,0.630289,-0.023526,-0.594206,-0.647890,0.194034,-2.532795,-0.502856,2.642256,-1.696721,-2.184067,0.762825,0.909344,-0.003605,0.012189,-0.000992,-0.012353,0.000732,-0.048877,0.000552
12.903021,-0.141055,0.391566,0.272813,-0.576336,-0.972985,-0.824729,0.445527,0.513204,-0.221866,0.627657,-0.022486,-0.593906,-0.647859,0.193934,-2.532804,-0.502845,2.642258,-1.696734,-2.184067,0.762775,0.909340,-0.005591,0.011492,0.000282,-0.013424,-0.000605,-0.048769,-0.002306
12.904071,-0.137948,0.389271,0.270134,-0.574916,-0.973256,-0.826084,0.446088,0.511984,-0.219684,0.625413,-0.020360,-0.593750,-0.647930,0.193848,-2.532806,-0.502836,2.642254,-1.696745,-2.184067,0.762726,0.909343,-0.004664,0.010937,-0.000933,-0.012127,-0.000279,-0.049100,-0.000588
12.905009,-0.140965,0.388005,0.274826,-0.574944,-0.975456,-0.827267,0.445816,0.511992,-0.216423,0.623783,-0.017721,-0.593653,-0.648032,0.193794,-2.532815,-0.502822,2.642257,-1.696759,-2.184068,0.762684,0.909341,-0.006132,0.011930,0.000394,-0.013224,-0.000003,-0.047476,-0.001732
12.906169,-0.139086,0.387449,0.276189,-0.573955,-0.973557,-0.827415,0.444986,0.513459,-0.214442,0.623383,-0.015583,-0.593530,-0.648021,0.193780,-2.532817,-0.502809,2.642251,-1.696770,-2.184063,0.762641,0.909343,-0.004571,0.012404,-0.001918,-0.012920,0.002168,-0.046034,-0.001179
12.907011,-0.139800,0.387566,0.275120,-0.574869,-0.974193,-0.828241,0.445056,0.517388,-0.215507,0.625325,-0.014524,-0.593383,-0.647794,0.193811,-2.532824,-0.502795,2.642249,-1.696785,-2.184066,0.762594,0.909347,-0.005444,0.012505,-0.002560,-0.013568,0.000259,-0.045618,0.000477
12.907920,-0.137998,0.387877,0.275155,-0.575533,-0.973906,-0.828479,0.444921,0.523534,-0.219508,0.629495,-0.014754,-0.593169,-0.647375,0.193879,-2.532830,-0.502783,2.642249,-1.696795,-2.184064,0.762552,0.909349,-0.005000,0.012305,-0.002009,-0.012373,0.000905,-0.044532,0.000311
12.909031,-0.138727,0.384907,0.274417,-0.572506,-0.974556,-0.829260,0.445052,0.529867,-0.225405,0.634282,-0.016570,-0.592753,-0.646867,0.193957,-2.532838,-0.502774,2.642248,-1.696806,-2.184065,0.762508,0.909351,-0.005823,0.012043,-0.002028,-0.011455,0.000617,-0.044036,0.000577
12.910111,-0.141654,0.384538,0.273755,-0.572475,-0.974251,-0.830249,0.444292,0.535426,-0.232438,0.638798,-0.019645,-0.592149,-0.646329,0.194025,-2.532842,-0.502760,2.642247,-1.696825,-2.184065,0.762467,0.909352,-0.005399,0.013375,-0.001634,-0.014075,0.001276,-0.043004,0.000305
12.911094,-0.138409,0.386023,0.274429,-0.572165,-0.973397,-0.830207,0.445043,0.538259,-0.239597,0.641360,-0.023137,-0.591416,-0.645821,0.194078,-2.532845,-0.502747,2.642246,-1.696837,-2.184067,0.762429,0.909354,-0.003890,0.013396,-0.001291,-0.013771,0.000978,-0.041783,0.001836
12.912005,-0.136840,0.385294,0.275128,-0.572021,-0.972523,-0.829545,0.444782,0.536818,-0.245476,0.640615,-0.026564,-0.590540,-0.645437,0.194116,-2.532853,-0.502736,2.642245,-1.696852,-2.184069,0.762384,0.909350,-0.005439,0.012510,-0.001624,-0.013723,0.000137,-0.041565,0.000319
12.913059,-0.133938,0.386908,0.275871,-0.570104,-0.972564,-0.830323,0.444829,0.534599,-0.249610,0.639014,-0.029371,-0.589673,-0.645202,0.194128,-2.532863,-0.502725,2.642242,-1.696864,-2.184066,0.762342,0.909351,-0.006100,0.012749,-0.001948,-0.013587,-0.000766,-0.041981,0.000856
12.913986,-0.134753,0.381148,0.273771,-0.569335,-0.972719,-0.830483,0.444774,0.536103,-0.251758,0.639688,-0.030554,-0.589083,-0.645104,0.194106,-2.532871,-0.502716,2.642240,-1.696883,-2.184066,0.762302,0.909354,-0.007455,0.011823,-0.002293,-0.015062,-0.000718,-0.040948,0.000746
12.915054,-0.136179,0.384421,0.271548,-0.570428,-0.973511,-0.831262,0.444528,0.542085,-0.252571,0.643230,-0.029934,-0.588844,-0.645085,0.194053,-2.532877,-0.502696,2.642243,-1.696898,-2.184065,0.762262,0.909352,-0.006968,0.014493,-0.001264,-0.015455,-0.000572,-0.040554,0.000863
12.916054,-0.136244,0.383489,0.274488,-0.570830,-0.973091,-0.832508,0.444546,0.547783,-0.253645,0.646556,-0.029229,-0.588616,-0.645041,0.193981,-2.532881,-0.502688,2.642245,-1.696912,-2.184064,0.762225,0.909354,-0.006194,0.012722,-0.000174,-0.014021,0.000217,-0.039548,0.001353
12.917033,-0.135258,0.384886,0.274114,-0.568606,-0.974747,-0.833891,0.444237,0.548802,-0.254557,0.646529,-0.029687,-0.588080,-0.644985,0.193904,-2.532888,-0.502675,2.642241,-1.696925,-2.184066,0.762188,0.909354,-0.006093,0.013054,-0.001622,-0.013298,-0.000192,-0.038073,0.001311
12.917954,-0.135255,0.381340,0.272929,-0.568357,-0.974437,-0.835438,0.445755,0.546774,-0.253907,0.644066,-0.030426,-0.587390,-0.644979,0.193823,-2.532896,-0.502664,2.642241,-1.696943,-2.184063,0.762154,0.909353,-0.006487,0.012210,-0.001418,-0.015124,0.001453,-0.036486,0.001942
12.919009,-0.136480,0.383340,0.273798,-0.569628,-0.973665,-0.836260,0.445090,0.543886,-0.251206,0.640573,-0.030262,-0.586785,-0.645040,0.193743,-2.532903,-0.502647,2.642241,-1.696958,-2.184064,0.762120,0.909348,-0.006400,0.013800,-0.000822,-0.014988,0.001140,-0.034737,-0.001111
12.920005,-0.135717,0.381487,0.274135,-0.567811,-0.974333,-0.837456,0.445100,0.539173,-0.247888,0.635696,-0.030165,-0.586122,-0.645106,0.193681,-2.532908,-0.502635,2.642239,-1.696970,-2.184067,0.762087,0.909353,-0.005726,0.012637,-0.001245,-0.013409,0.000386,-0.033721,0.000240
12.921004,-0.132436,0.382880,0.270147,-0.567593,-0.974928,-0.838264,0.445566,0.532062,-0.244868,0.629328,-0.031052,-0.585253,-0.645138,0.193656,-2.532917,-0.502621,2.642235,-1.696989,-2.184066,0.762055,0.909354,-0.006012,0.013408,-0.001361,-0.014815,0.001061,-0.032333,0.000204
12.922095,-0.136704,0.379699,0.273603,-0.566507,-0.974671,-0.837763,0.445281,0.524078,-0.240810,0.622249,-0.031733,-0.584354,-0.645227,0.193667,-2.532927,-0.502610,2.642241,-1.697003,-2.184064,0.762024,0.909352,-0.007536,0.012567,0.000578,-0.014672,0.001640,-0.031342,-0.000729
12.922987,-0.132531,0.376734,0.274003,-0.566940,-0.973589,-0.838015,0.444985,0.515598,-0.235510,0.614612,-0.031764,-0.583508,-0.645384,0.193713,-2.532931,-0.502594,2.642238,-1.697019,-2.184066,0.761991,0.909354,-0.005326,0.013991,-0.001143,-0.015380,0.001391,-0.031657,-0.000151
12.923993,-0.131467,0.379908,0.274734,-0.563997,-0.971780,-0.838084,0.444658,0.507529,-0.232946,0.607895,-0.032961,-0.582590,-0.645352,0.193804,-2.532944,-0.502574,2.642236,-1.697031,-2.184067,0.761961,0.909355,-0.007298,0.015231,-0.001304,-0.014642,0.000310,-0.031217,0.000435
12.925043,-0.132035,0.382898,0.272721,-0.564707,-0.973458,-0.838186,0.444818,0.503488,-0.234427,0.604906,-0.035235,-0.581756,-0.645046,0.193936,-2.532953,-0.502565,2.642235,-1.697055,-2.184071,0.761931,0.909356,-0.007700,0.013499,-0.001667,-0.017046,-0.001471,-0.030971,0.001085
12.926072,-0.130864,0.379973,0.271999,-0.564852,-0.973025,-0.838834,0.443782,0.503264,-0.233712,0.604162,-0.035464,-0.581300,-0.644823,0.194094,-2.532961,-0.502556,2.642238,-1.697068,-2.184066,0.761901,0.909355,-0.007319,0.011897,-0.000674,-0.015987,0.000196,-0.030685,0.000762
12.926968,-0.132347,0.377863,0.272392,-0.565107,-0.973028,-0.839360,0.444843,0.502969,-0.228079,0.602376,-0.033337,-0.581103,-0.644848,0.194275,-2.532970,-0.502541,2.642238,-1.697085,-2.184065,0.761873,0.909359,-0.007797,0.013213,-0.000317,-0.015456,-0.000266,-0.029867,0.002843
12.928082,-0.131473,0.378095,0.270315,-0.563602,-0.973551,-0.839837,0.444759,0.500764,-0.222422,0.599288,-0.031997,-0.580793,-0.644874,0.194477,-2.532976,-0.502525,2.642237,-1.697100,-2.184065,0.761846,0.909358,-0.006968,0.014073,-0.000512,-0.014841,-0.000260,-0.029178,0.000681
12.929069,-0.130748,0.378447,0.275252,-0.562856,-0.973535,-0.840862,0.445255,0.495868,-0.219539,0.594907,-0.032920,-0.580215,-0.644759,0.194679,-2.532986,-0.502512,2.642241,-1.697120,-2.184065,0.761818,0.909361,-0.007301,0.013794,0.000495,-0.015878,0.000272,-0.028536,0.000858
12.929973,-0.129274,0.374516,0.272290,-0.559435,-0.973489,-0.841286,0.444942,0.489926,-0.217791,0.590020,-0.034643,-0.579589,-0.644591,0.194853,-2.532996,-0.502501,2.642234,-1.697137,-2.184068,0.761794,0.909359,-0.007546,0.013485,-0.001934,-0.016215,0.000274,-0.027359,-0.000136
12.931143,-0.128364,0.375292,0.274875,-0.560433,-0.973432,-0.841809,0.444400,0.486718,-0.216531,0.587115,-0.035544,-0.579230,-0.644385,0.194980,-2.533006,-0.502483,2.642238,-1.697161,-2.184066,0.761766,0.909361,-0.008165,0.015253,-0.000457,-0.019087,0.000213,-0.026772,0.000497
12.932154,-0.125266,0.375078,0.273412,-0.560374,-0.974091,-0.841543,0.445500,0.487601,-0.216635,0.587277,-0.035382,-0.579211,-0.644073,0.195055,-2.533015,-0.502470,2.642235,-1.697175,-2.184067,0.761741,0.909367,-0.008507,0.014687,-0.001736,-0.017702,0.000165,-0.026102,0.001563
12.932979,-0.124419,0.375029,0.273907,-0.560028,-0.973139,-0.842378,0.445158,0.492752,-0.218631,0.590802,-0.034814,-0.579425,-0.643619,0.195063,-2.533027,-0.502457,2.642234,-1.697192,-2.184064,0.761715,0.909360,-0.009921,0.014637,-0.000981,-0.017369,0.000799,-0.026221,-0.000643
12.934099,-0.127391,0.378844,0.275808,-0.557622,-0.973735,-0.842869,0.445081,0.502009,-0.222204,0.597598,-0.034274,-0.579789,-0.643043,0.194999,-2.533038,-0.502444,2.642234,-1.697210,-2.184066,0.761694,0.909363,-0.010201,0.014506,-0.001230,-0.017288,-0.000146,-0.025245,0.000059
12.934985,-0.123878,0.376673,0.273707,-0.557311,-0.972504,-0.843301,0.444530,0.512839,-0.224038,0.605212,-0.032567,-0.580321,-0.642529,0.194885,-2.533044,-0.502435,2.642232,-1.697234,-2.184068,0.761671,0.909361,-0.008629,0.012473,-0.002163,-0.019133,0.000480,-0.024622,0.000214
12.935999,-0.125629,0.375656,0.273629,-0.556741,-0.972387,-0.842984,0.445101,0.522652,-0.220629,0.611082,-0.028171,-0.581063,-0.642289,0.194759,-2.533057,-0.502420,2.642233,-1.697251,-2.184071,0.761650,0.909365,-0.010266,0.013403,-0.001113,-0.019005,-0.000736,-0.024066,0.001312
12.937126,-0.126660,0.375848,0.274817,-0.555938,-0.974035,-0.843648,0.445215,0.530523,-0.213955,0.614914,-0.022198,-0.581838,-0.642241,0.194653,-2.533064,-0.502406,2.642233,-1.697270,-2.184069,0.761627,0.909362,-0.009274,0.013741,-0.001084,-0.019129,-0.000864,-0.024249,0.000157
12.938112,-0.122664,0.373045,0.275645,-0.553820,-0.975075,-0.843101,0.445043,0.535086,-0.206807,0.616328,-0.016387,-0.582410,-0.642231,0.194585,-2.533071,-0.502392,2.642230,-1.697289,-2.184066,0.761604,0.909361,-0.008677,0.013468,-0.001641,-0.019478,0.000777,-0.023437,-0.000057
12.938987,-0.124589,0.372617,0.272513,-0.554777,-0.975137,-0.844920,0.445451,0.538100,-0.200111,0.616772,-0.010627,-0.582893,-0.642183,0.194569,-2.533086,-0.502374,2.642228,-1.697310,-2.184066,0.761580,0.909362,-0.010522,0.014672,-0.002029,-0.021111,0.001808,-0.023854,0.000291
12.940077,-0.123976,0.372002,0.274237,-0.553253,-0.975949,-0.845443,0.444639,0.541769,-0.195285,0.618082,-0.005081,-0.583372,-0.642022,0.194622,-2.533094,-0.502360,2.642230,-1.697326,-2.184068,0.761563,0.909359,-0.009436,0.014703,-0.000468,-0.019732,0.001877,-0.021908,-0.000529
12.941072,-0.124249,0.372155,0.272194,-0.554093,-0.974406,-0.846752,0.444538,0.543784,-0.192465,0.618667,-0.000599,-0.583656,-0.641757,0.194764,-2.533103,-0.502346,2.642226,-1.697349,-2.184065,0.761543,0.909365,-0.009646,0.014841,-0.001308,-0.020732,0.002665,-0.021279,0.001099
12.942039,-0.125267,0.373776,0.274705,-0.552483,-0.975157,-0.846379,0.444067,0.542603,-0.190742,0.617301,0.002604,-0.583643,-0.641433,0.195002,-2.533112,-0.502330,2.642226,-1.697368,-2.184066,0.761526,0.909364,-0.009398,0.014569,-0.000264,-0.019401,0.001108,-0.019859,0.001289
12.943049,-0.122800,0.371047,0.272739,-0.552672,-0.975584,-0.847747,0.445627,0.538008,-0.188521,0.613577,0.005022,-0.583359,-0.641110,0.195317,-2.533119,-0.502317,2.642219,-1.697390,-2.184065,0.761503,0.909367,-0.008795,0.013604,-0.001464,-0.020507,0.001879,-0.020114,0.002229
12.944043,-0.119643,0.370397,0.274103,-0.552103,-0.974451,-0.848002,0.443980,0.531143,-0.185122,0.608209,0.007242,-0.582916,-0.640799,0.195662,-2.533131,-0.502302,2.642222,-1.697408,-2.184063,0.761488,0.909359,-0.009906,0.014803,-0.000491,-0.019868,0.002279,-0.018637,-0.000901
12.944995,-0.121113,0.369091,0.274734,-0.554928,-0.974082,-0.848721,0.444249,0.525857,-0.182946,0.604391,0.008867,-0.582439,-0.640383,0.196008,-2.533145,-0.502287,2.642220,-1.697428,-2.184065,0.761469,0.909369,-0.011324,0.014936,-0.001164,-0.019977,0.001153,-0.018277,0.002417
12.946095,-0.120271,0.369579,0.273067,-0.551286,-0.973218,-0.847461,0.444182,0.524210,-0.185249,0.604270,0.008208,-0.581816,-0.639725,0.196357,-2.533153,-0.502270,2.642218,-1.697440,-2.184068,0.761454,0.909369,-0.010468,0.015392,-0.001453,-0.016828,0.000817,-0.017467,0.001840
12.947041,-0.121218,0.370798,0.274657,-0.551498,-0.972815,-0.846603,0.444510,0.524003,-0.191853,0.606280,0.004686,-0.580902,-0.638862,0.196694,-2.533164,-0.502256,2.642219,-1.697465,-2.184069,0.761434,0.909371,-0.010764,0.014976,-0.000626,-0.019920,-0.000042,-0.018627,0.001973
12.948003,-0.120409,0.368578,0.274836,-0.550334,-0.973709,-0.846991,0.444662,0.522950,-0.198373,0.607822,0.000582,-0.579886,-0.638024,0.196983,-2.533174,-0.502243,2.642218,-1.697485,-2.184071,0.761414,0.909370,-0.010160,0.014207,-0.001428,-0.019202,-0.000422,-0.019358,0.001313
12.949081,-0.118261,0.371174,0.273370,-0.549226,-0.971826,-0.847310,0.445110,0.521094,-0.202865,0.608462,-0.002761,-0.578945,-0.637296,0.197202,-2.533185,-0.502227,2.642216,-1.697507,-2.184067,0.761396,0.909370,-0.010450,0.015135,-0.001487,-0.019850,0.000447,-0.018853,0.001012
12.950065,-0.115703,0.367842,0.274440,-0.548840,-0.973202,-0.847671,0.444914,0.519413,-0.205347,0.608813,-0.005055,-0.578152,-0.636686,0.197343,-2.533197,-0.502215,2.642216,-1.697530,-2.184071,0.761381,0.909368,-0.011388,0.013678,-0.000741,-0.020396,-0.001424,-0.018440,0.000119
12.951104,-0.116294,0.371186,0.272302,-0.550274,-0.972220,-0.847508,0.444849,0.519860,-0.205616,0.610115,-0.005676,-0.577643,-0.636215,0.197414,-2.533211,-0.502197,2.642213,-1.697550,-2.184064,0.761362,0.909370,-0.012498,0.015146,-0.001253,-0.020297,-0.000079,-0.017968,0.000514
12.952121,-0.116721,0.369472,0.270337,-0.547139,-0.971849,-0.848510,0.445460,0.522664,-0.205091,0.612814,-0.005545,-0.577316,-0.635793,0.197436,-2.533222,-0.502187,2.642216,-1.697566,-2.184068,0.761346,0.909372,-0.012056,0.013325,-0.000208,-0.018472,-0.001046,-0.018039,0.000636
12.952994,-0.114331,0.369633,0.272699,-0.547658,-0.972073,-0.849734,0.444168,0.523881,-0.202680,0.613869,-0.005047,-0.576971,-0.635468,0.197415,-2.533233,-0.502172,2.642219,-1.697593,-2.184068,0.761333,0.909370,-0.011709,0.014023,0.000747,-0.021001,-0.001413,-0.016945,-0.000594
12.954096,-0.115372,0.368052,0.268613,-0.545574,-0.971897,-0.850940,0.444971,0.522413,-0.197344,0.612216,-0.003518,-0.576647,-0.635300,0.197352,-2.533248,-0.502156,2.642215,-1.697611,-2.184069,0.761319,0.909375,-0.012740,0.013751,-0.000409,-0.020012,-0.001172,-0.015637,0.002007
12.954979,-0.113596,0.369813,0.271175,-0.546205,-0.972313,-0.851596,0.444722,0.519844,-0.190430,0.609219,-0.001054,-0.576411,-0.635243,0.197259,-2.533259,-0.502141,2.642220,-1.697634,-2.184068,0.761305,0.909372,-0.012064,0.014363,0.001606,-0.021561,-0.001360,-0.014349,0.000375
12.956009,-0.114227,0.370328,0.270835,-0.545459,-0.971999,-0.851018,0.445031,0.515683,-0.182180,0.604584,0.002143,-0.576220,-0.635310,0.197153,-2.533274,-0.502130,2.642217,-1.697654,-2.184066,0.761288,0.909373,-0.012784,0.013334,0.000320,-0.020440,-0.000961,-0.013598,0.000890
12.957126,-0.114218,0.367228,0.270151,-0.544170,-0.971578,-0.851206,0.444785,0.510597,-0.172419,0.598820,0.006062,-0.576087,-0.635508,0.197056,-2.533287,-0.502116,2.642219,-1.697674,-2.184067,0.761274,0.909369,-0.012312,0.012923,0.000481,-0.020721,-0.001277,-0.014101,0.000277
12.958049,-0.112554,0.367754,0.271798,-0.543309,-0.971942,-0.851971,0.444054,0.504766,-0.162284,0.592356,0.010143,-0.575965,-0.635746,0.196990,-2.533299,-0.502099,2.642221,-1.697695,-2.184066,0.761259,0.909372,-0.012172,0.014283,0.000803,-0.021501,-0.001708,-0.013816,0.000767
12.958964,-0.111719,0.366782,0.272819,-0.544784,-0.972309,-0.851274,0.444159,0.498634,-0.153627,0.585894,0.013849,-0.575841,-0.635921,0.196963,-2.533313,-0.502085,2.642219,-1.697718,-2.184066,0.761249,0.909377,-0.012841,0.013837,-0.000010,-0.021802,-0.001328,-0.012984,0.002218
12.960069,-0.109154,0.366489,0.271906,-0.542475,-0.972812,-0.851752,0.443191,0.494615,-0.148045,0.581570,0.016687,-0.575755,-0.635943,0.196965,-2.533327,-0.502070,2.642219,-1.697735,-2.184067,0.761236,0.909378,-0.013089,0.014147,-0.000518,-0.019912,-0.000954,-0.013616,0.001988
12.961040,-0.108229,0.366562,0.272252,-0.542257,-0.972380,-0.851539,0.444411,0.494108,-0.146152,0.580602,0.018370,-0.575732,-0.635748,0.196979,-2.533344,-0.502056,2.642219,-1.697761,-2.184064,0.761224,0.909383,-0.014177,0.014127,-0.000052,-0.021627,-0.000479,-0.013059,0.003925
12.961976,-0.109609,0.366294,0.271885,-0.540590,-0.972630,-0.852335,0.443953,0.497285,-0.146370,0.582760,0.019921,-0.575901,-0.635398,0.196976,-2.533360,-0.502043,2.642219,-1.697780,-2.184069,0.761210,0.909378,-0.014440,0.013932,-0.000231,-0.021367,-0.000874,-0.013196,0.001463
12.963283,-0.109358,0.367738,0.272442,-0.541101,-0.973364,-0.853269,0.444553,0.502210,-0.146531,0.586198,0.022193,-0.576273,-0.634993,0.196933,-2.533372,-0.502028,2.642219,-1.697804,-2.184066,0.761196,0.909378,-0.013595,0.013888,-0.000044,-0.022479,-0.000642,-0.012306,0.002411
12.964007,-0.107142,0.366916,0.273182,-0.541097,-0.972347,-0.853657,0.444604,0.505665,-0.145054,0.588350,0.025214,-0.576700,-0.634622,0.196855,-2.533385,-0.502017,2.642216,-1.697822,-2.184067,0.761187,0.909377,-0.013573,0.013016,-0.000280,-0.021500,0.000105,-0.011313,0.001192
12.965020,-0.109673,0.364028,0.270093,-0.537507,-0.971385,-0.854780,0.445328,0.507376,-0.142064,0.589123,0.028450,-0.577081,-0.634300,0.196748,-2.533401,-0.502003,2.642213,-1.697842,-2.184070,0.761176,0.909377,-0.014490,0.013277,-0.000626,-0.021022,-0.000898,-0.010866,0.001102
12.966042,-0.106543,0.366336,0.273848,-0.538552,-0.972373,-0.853715,0.445211,0.507285,-0.138821,0.588740,0.031307,-0.577339,-0.633981,0.196617,-2.533411,-0.501984,2.642217,-1.697873,-2.184073,0.761169,0.909377,-0.013084,0.014501,0.000899,-0.023924,-0.001834,-0.009692,-0.000361
12.967010,-0.106543,0.362037,0.274567,-0.538705,-0.973177,-0.852979,0.445038,0.504939,-0.135257,0.586816,0.034142,-0.577495,-0.633665,0.196471,-2.533427,-0.501974,2.642213,-1.697890,-2.184071,0.761155,0.909378,-0.014482,0.013198,-0.000967,-0.022418,-0.000849,-0.010696,-0.000111
12.968053,-0.105476,0.362566,0.273298,-0.538259,-0.973849,-0.853418,0.444880,0.503588,-0.133592,0.586192,0.036189,-0.577583,-0.633198,0.196319,-2.533441,-0.501955,2.642211,-1.697910,-2.184070,0.761144,0.909378,-0.014307,0.015157,-0.001294,-0.021797,-0.000053,-0.011361,0.000234
12.968996,-0.108190,0.359248,0.275613,-0.537084,-0.972373,-0.853860,0.444949,0.504704,-0.137032,0.588638,0.035781,-0.577500,-0.632391,0.196181,-2.533455,-0.501942,2.642211,-1.697932,-2.184068,0.761132,0.909379,-0.014670,0.014708,-0.000644,-0.021708,0.000593,-0.010840,0.000547
12.969970,-0.105961,0.362244,0.272103,-0.537197,-0.973382,-0.853691,0.444520,0.504725,-0.156407,0.595270,0.027390,-0.576528,-0.629973,0.195964,-2.533481,-0.501914,2.642211,-1.697977,-2.184066,0.761114,0.909381,-0.014121,0.014518,-0.000033,-0.021686,0.000114,-0.010468,0.001263
12.971020,-0.106341,0.361693,0.270936,-0.534931,-0.973255,-0.852856,0.444934,0.504725,-0.156407,0.595270,0.027390,-0.576528,-0.629973,0.195964,-2.533481,-0.501914,2.642211,-1.697977,-2.184066,0.761114,0.909381,-0.014121,0.014518,-0.000033,-0.021686,0.000114,-0.010468,0.001263
12.972053,-0.104806,0.360373,0.272796,-0.534389,-0.972813,-0.853551,0.444544,0.499627,-0.165401,0.595134,0.022190,-0.575782,-0.628742,0.195866,-2.533495,-0.501899,2.642212,-1.698004,-2.184066,0.761101,0.909382,-0.013754,0.014631,0.000518,-0.023332,-0.000028,-0.011229,0.000417
12.973025,-0.104018,0.359549,0.272251,-0.533464,-0.972820,-0.854468,0.445072,0.483778,-0.173753,0.589128,0.015818,-0.574561,-0.626582,0.195628,-2.533527,-0.501866,2.642209,-1.698051,-2.184070,0.761083,0.909379,-0.014532,0.015316,-0.000104,-0.023666,-0.000423,-0.009492,0.000148
12.974073,-0.102077,0.357220,0.270455,-0.532414,-0.972328,-0.855092,0.444767,0.483778,-0.173753,0.589128,0.015818,-0.574561,-0.626582,0.195628,-2.533527,-0.501866,2.642209,-1.698051,-2.184070,0.761083,0.909379,-0.014532,0.015316,-0.000104,-0.023666,-0.000423,-0.009492,0.000148
12.974970,-0.104101,0.358832,0.271196,-0.531823,-0.973088,-0.854226,0.445537,0.477413,-0.177061,0.587075,0.013600,-0.574103,-0.625484,0.195497,-2.533543,-0.501849,2.642211,-1.698077,-2.184070,0.761073,0.909382,-0.015318,0.016276,0.000780,-0.024086,-0.000917,-0.008812,0.000764
12.975999,-0.104350,0.355295,0.270864,-0.531870,-0.973070,-0.853823,0.444776,0.471354,-0.180334,0.585197,0.011628,-0.573659,-0.624393,0.195368,-2.533555,-0.501836,2.642211,-1.698102,-2.184068,0.761063,0.909379,-0.014147,0.015303,0.000399,-0.024066,-0.000168,-0.009630,-0.000788
12.977010,-0.102972,0.357204,0.271268,-0.531676,-0.973584,-0.853512,0.445567,0.463479,-0.183735,0.582081,0.009264,-0.573101,-0.623298,0.195250,-2.533567,-0.501817,2.642211,-1.698124,-2.184067,0.761054,0.909383,-0.013889,0.016865,0.000571,-0.023488,-0.000201,-0.009974,0.000750
12.978043,-0.104234,0.358380,0.272061,-0.528937,-0.973225,-0.853708,0.445507,0.453555,-0.188463,0.577874,0.005635,-0.572347,-0.622139,0.195150,-2.533584,-0.501802,2.642211,-1.698145,-2.184068,0.761044,0.909382,-0.014383,0.015701,0.000366,-0.023173,0.000333,-0.010226,-0.000857
12.978951,-0.102293,0.354300,0.272932,-0.529063,-0.973704,-0.853356,0.445768,0.442821,-0.192072,0.572956,0.002263,-0.571605,-0.621076,0.195052,-2.533596,-0.501788,2.642208,-1.698174,-2.184069,0.761034,0.909383,-0.013596,0.014948,-0.000006,-0.025246,-0.000028,-0.009967,-0.000724
12.979978,-0.100942,0.355897,0.273471,-0.528294,-0.972803,-0.853711,0.444698,0.432658,-0.193201,0.567985,0.000419,-0.571070,-0.620198,0.194951,-2.533612,-0.501768,2.642208,-1.698198,-2.184070,0.761024,0.909381,-0.014386,0.016779,-0.000433,-0.024527,0.000469,-0.010263,-0.001243
12.981107,-0.103670,0.355690,0.271068,-0.527795,-0.973345,-0.852562,0.445201,0.425335,-0.194948,0.565176,-0.001031,-0.570706,-0.619346,0.194868,-2.533629,-0.501754,2.642207,-1.698223,-2.184072,0.761015,0.909385,-0.014855,0.015785,-0.000698,-0.024693,-0.000422,-0.009847,0.000904
12.982050,-0.101302,0.353943,0.272047,-0.528710,-0.973670,-0.852394,0.445612,0.419452,-0.197005,0.563431,-0.002455,-0.570381,-0.618541,0.194813,-2.533639,-0.501740,2.642211,-1.698247,-2.184071,0.761002,0.909385,-0.013354,0.015726,0.000476,-0.024628,0.000119,-0.010930,-0.000130
12.983009,-0.105113,0.354008,0.271317,-0.527324,-0.971740,-0.853162,0.445336,0.411584,-0.198788,0.560164,-0.004471,-0.569875,-0.617802,0.194777,-2.533656,-0.501722,2.642211,-1.698268,-2.184069,0.760988,0.909386,-0.014360,0.016395,-0.000030,-0.023196,0.000426,-0.011005,-0.000959
12.984103,-0.104478,0.355494,0.273939,-0.525591,-0.973359,-0.852416,0.445457,0.400713,-0.201888,0.554952,-0.008303,-0.569015,-0.617041,0.194749,-2.533665,-0.501706,2.642213,-1.698295,-2.184075,0.760980,0.909386,-0.012315,0.016156,0.000317,-0.023953,-0.001471,-0.010181,-0.000390
12.985088,-0.101094,0.353429,0.272191,-0.526325,-0.972279,-0.852862,0.445988,0.386431,-0.204389,0.547077,-0.012872,-0.567911,-0.616361,0.194726,-2.533680,-0.501695,2.642208,-1.698322,-2.184069,0.760967,0.909385,-0.012475,0.015277,-0.000950,-0.025037,0.000131,-0.010864,-0.000638
12.986038,-0.100705,0.352797,0.273968,-0.525316,-0.972741,-0.852456,0.444933,0.371472,-0.204983,0.538204,-0.016752,-0.566836,-0.615814,0.194694,-2.533697,-0.501675,2.642209,-1.698345,-2.184070,0.760958,0.909383,-0.013973,0.016090,-0.000070,-0.023723,-0.000967,-0.010352,-0.001697
12.987030,-0.103325,0.350020,0.273600,-0.524545,-0.973036,-0.852069,0.445272,0.359820,-0.206203,0.531689,-0.020561,-0.565882,-0.615262,0.194649,-2.533710,-0.501659,2.642207,-1.698373,-2.184069,0.760946,0.909391,-0.013998,0.016201,-0.000952,-0.024075,-0.000499,-0.010693,0.000411
12.988002,-0.098658,0.349912,0.272521,-0.522301,-0.973977,-0.852059,0.444668,0.351145,-0.210049,0.527729,-0.025290,-0.564957,-0.614588,0.194591,-2.533719,-0.501639,2.642207,-1.698399,-2.184068,0.760934,0.909389,-0.012565,0.017360,-0.000757,-0.024228,-0.000216,-0.011011,-0.000287
12.989162,-0.101494,0.350254,0.273632,-0.521812,-0.974119,-0.851123,0.444988,0.344226,-0.216110,0.525352,-0.030515,-0.564105,-0.613806,0.194500,-2.533739,-0.501622,2.642207,-1.698428,-2.184064,0.760924,0.909395,-0.014688,0.017200,-0.000210,-0.025784,0.000692,-0.010953,0.000916
12.990097,-0.099115,0.350305,0.271944,-0.519486,-0.972365,-0.852358,0.443480,0.339522,-0.222057,0.524360,-0.034638,-0.563533,-0.613039,0.194358,-2.533749,-0.501606,2.642207,-1.698454,-2.184065,0.760909,0.909393,-0.013117,0.016832,-0.000771,-0.025643,0.000832,-0.011811,0.000266
12.991045,-0.098863,0.352973,0.271546,-0.521500,-0.973541,-0.853098,0.445030,0.335975,-0.225304,0.523467,-0.036540,-0.563303,-0.612426,0.194165,-2.533766,-0.501590,2.642209,-1.698485,-2.184070,0.760901,0.909399,-0.014130,0.016615,0.000060,-0.027230,-0.000894,-0.010505,0.003295
12.992085,-0.099033,0.351684,0.274552,-0.519693,-0.973183,-0.853635,0.443943,0.332123,-0.224143,0.521289,-0.036026,-0.563323,-0.612092,0.193919,-2.533781,-0.501577,2.642211,-1.698504,-2.184068,0.760892,0.909390,-0.014066,0.015116,0.000229,-0.024721,0.000289,-0.009717,0.000167
12.993052,-0.098211,0.351211,0.269929,-0.518379,-0.973206,-0.854362,0.444658,0.328171,-0.218944,0.518101,-0.033820,-0.563479,-0.612026,0.193633,-2.533794,-0.501560,2.642205,-1.698532,-2.184068,0.760883,0.909397,-0.013816,0.015578,-0.001224,-0.025893,-0.000076,-0.009125,0.002366
12.993957,-0.097242,0.350450,0.272221,-0.517412,-0.973440,-0.854046,0.444008,0.319572,-0.201109,0.509314,-0.026353,-0.564049,-0.612350,0.193024,-2.533824,-0.501528,2.642209,-1.698587,-2.184067,0.760865,0.909397,-0.014362,0.015802,-0.000102,-0.026846,0.000172,-0.008618,0.002228
12.995132,-0.097283,0.346690,0.272398,-0.516218,-0.973179,-0.854511,0.445490,0.319572,-0.201109,0.509314,-0.026353,-0.564049,-0.612350,0.193024,-2.533824,-0.501528,2.642209,-1.698587,-2.184067,0.760865,0.909397,-0.014362,0.015802,-0.000102,-0.026846,0.000172,-0.008618,0.002228
12.996109,-0.099350,0.346820,0.270906,-0.516777,-0.972831,-0.853853,0.445464,0.315947,-0.191841,0.505063,-0.022194,-0.564429,-0.612523,0.192706,-2.533838,-0.501507,2.642210,-1.698617,-2.184070,0.760860,0.909391,-0.014173,0.017454,-0.000185,-0.027318,-0.000065,-0.008116,-0.000754
12.997062,-0.098151,0.345296,0.273093,-0.515072,-0.973059,-0.854467,0.445423,0.312408,-0.186367,0.501528,-0.019960,-0.564622,-0.612468,0.192392,-2.533849,-0.501491,2.642210,-1.698640,-2.184070,0.760851,0.909393,-0.012995,0.017175,0.000566,-0.026193,-0.000407,-0.008730,-0.000679
12.998027,-0.096844,0.346262,0.273685,-0.513157,-0.972879,-0.854731,0.445922,0.306781,-0.184785,0.497263,-0.020360,-0.564441,-0.612192,0.192118,-2.533864,-0.501471,2.642205,-1.698672,-2.184070,0.760845,0.909394,-0.013431,0.017703,-0.000493,-0.027160,-0.000178,-0.008067,-0.000600
12.999038,-0.095294,0.346647,0.272925,-0.512425,-0.974346,-0.854244,0.445252,0.301586,-0.185124,0.493680,-0.021716,-0.564152,-0.611814,0.191896,-2.533879,-0.501456,2.642204,-1.698702,-2.184071,0.760839,0.909393,-0.013897,0.017033,-0.000758,-0.028346,-0.000354,-0.007770,-0.001606
12.999983,-0.094038,0.343730,0.272575,-0.512028,-0.972417,-0.854272,0.444842,0.299591,-0.184539,0.492172,-0.021740,-0.564103,-0.611494,0.191716,-2.533895,-0.501441,2.642202,-1.698733,-2.184068,0.760831,0.909398,-0.014487,0.016663,-0.000349,-0.028338,0.001105,-0.008216,-0.000264
13.001026,-0.093225,0.345601,0.269847,-0.512770,-0.974106,-0.854666,0.445047,0.300763,-0.183004,0.492760,-0.020451,-0.564282,-0.611225,0.191567,-2.533910,-0.501420,2.642200,-1.698759,-2.184072,0.760825,0.909399,-0.014932,0.017886,-0.000151,-0.028099,-0.000826,-0.008147,0.000547
13.002010,-0.092570,0.346130,0.272265,-0.511763,-0.972062,-0.854726,0.445554,0.303315,-0.182365,0.494594,-0.019436,-0.564428,-0.610925,0.191434,-2.533927,-0.501406,2.642202,-1.698785,-2.184066,0.760820,0.909399,-0.015131,0.016755,0.001190,-0.026716,0.000845,-0.007718,0.000127
13.003005,-0.093294,0.346529,0.273506,-0.510786,-0.971605,-0.854205,0.444902,0.305502,-0.181706,0.496259,-0.018926,-0.564428,-0.610668,0.191304,-2.533941,-0.501391,2.642200,-1.698812,-2.184071,0.760812,0.909395,-0.015288,0.016313,-0.000020,-0.027092,-0.001189,-0.007613,-0.000878
13.003984,-0.092703,0.348434,0.274209,-0.509097,-0.972067,-0.855169,0.444981,0.307747,-0.179660,0.497779,-0.018152,-0.564387,-0.610513,0.191185,-2.533955,-0.501375,2.642199,-1.698839,-2.184071,0.760804,0.909399,-0.014757,0.015925,-0.000613,-0.027433,-0.001631,-0.008096,0.000433
13.005028,-0.089985,0.347706,0.274410,-0.508130,-0.973114,-0.855254,0.445375,0.310550,-0.174902,0.499244,-0.016053,-0.564452,-0.610508,0.191093,-2.533971,-0.501363,2.642196,-1.698869,-2.184072,0.760801,0.909400,-0.014868,0.014818,-0.000934,-0.028392,-0.001142,-0.007095,0.000256
13.005983,-0.092956,0.345791,0.275288,-0.507283,-0.973024,-0.856150,0.445579,0.314927,-0.166224,0.501106,-0.011526,-0.564807,-0.610714,0.191017,-2.533988,-0.501347,2.642196,-1.698899,-2.184068,0.760794,0.909402,-0.016029,0.015004,-0.001023,-0.028653,-0.000135,-0.006980,-0.000548
13.007053,-0.093070,0.345261,0.277747,-0.504223,-0.972062,-0.854857,0.445933,0.321213,-0.155639,0.504000,-0.005391,-0.565432,-0.611033,0.190939,-2.534000,-0.501331,2.642193,-1.698927,-2.184067,0.760790,0.909400,-0.014378,0.015775,-0.001440,-0.028814,-0.000244,-0.006049,-0.000942
13.007994,-0.088636,0.344148,0.272226,-0.505337,-0.972720,-0.855259,0.444741,0.327616,-0.145638,0.507190,0.000941,-0.566165,-0.611327,0.190855,-2.534014,-0.501315,2.642189,-1.698964,-2.184069,0.760781,0.909398,-0.014165,0.015847,-0.002622,-0.031004,-0.001193,-0.007309,-0.001645
13.009007,-0.093249,0.341719,0.275818,-0.504399,-0.971903,-0.855113,0.445944,0.333723,-0.136945,0.510519,0.007115,-0.566960,-0.611565,0.190779,-2.534035,-0.501298,2.642196,-1.698990,-2.184068,0.760774,0.909404,-0.016147,0.016197,0.000089,-0.029233,-0.000528,-0.006850,0.000748
13.010033,-0.089336,0.340602,0.275192,-0.503314,-0.973038,-0.853672,0.444478,0.338556,-0.131329,0.513647,0.011671,-0.567590,-0.611680,0.190741,-2.534043,-0.501279,2.642191,-1.699019,-2.184072,0.760767,0.909398,-0.013697,0.017197,-0.001692,-0.029492,-0.001328,-0.006960,-0.001682
13.010965,-0.089528,0.342801,0.274256,-0.503531,-0.973349,-0.852852,0.445617,0.341575,-0.130851,0.516644,0.013286,-0.567879,-0.611530,0.190760,-2.534062,-0.501262,2.642192,-1.699050,-2.184068,0.760756,0.909405,-0.015468,0.017534,-0.001369,-0.029843,-0.000206,-0.008351,0.001272
13.011993,-0.088179,0.339708,0.276125,-0.502651,-0.972547,-0.854358,0.444332,0.344387,-0.134160,0.520355,0.012950,-0.567982,-0.611123,0.190838,-2.534078,-0.501247,2.642193,-1.699077,-2.184067,0.760746,0.909402,-0.015161,0.016245,-0.000910,-0.028964,0.000082,-0.009101,-0.001048
13.013096,-0.090995,0.339401,0.277268,-0.501470,-0.973311,-0.854515,0.444816,0.347633,-0.139343,0.524768,0.011522,-0.567991,-0.610546,0.190961,-2.534096,-0.501228,2.642189,-1.699107,-2.184069,0.760741,0.909407,-0.015631,0.017594,-0.001807,-0.029122,-0.000707,-0.007544,0.001556
13.014045,-0.086803,0.335739,0.277916,-0.500800,-0.973266,-0.854712,0.444106,0.351114,-0.146895,0.529781,0.008740,-0.567877,-0.609778,0.191111,-2.534106,-0.501210,2.642186,-1.699138,-2.184068,0.760734,0.909405,-0.014083,0.017513,-0.002343,-0.029564,0.000056,-0.007355,0.000557
13.014970,-0.089931,0.340545,0.278754,-0.498832,-0.973263,-0.855251,0.445089,0.355478,-0.157881,0.536041,0.004453,-0.567668,-0.608765,0.191270,-2.534127,-0.501188,2.642184,-1.699168,-2.184068,0.760726,0.909408,-0.015965,0.019094,-0.002637,-0.029513,0.000011,-0.007112,0.001988
13.016104,-0.089044,0.340044,0.275470,-0.498975,-0.973314,-0.854118,0.444650,0.361438,-0.170369,0.543644,-0.000068,-0.567524,-0.607639,0.191419,-2.534137,-0.501177,2.642181,-1.699200,-2.184068,0.760718,0.909406,-0.014243,0.016520,-0.003026,-0.030731,0.000000,-0.006522,-0.000003
13.016986,-0.088829,0.338517,0.277027,-0.496960,-0.972347,-0.853924,0.444608,0.365770,-0.178860,0.549184,-0.002775,-0.567514,-0.606738,0.191559,-2.534154,-0.501161,2.642184,-1.699228,-2.184068,0.760708,0.909409,-0.014503,0.016603,-0.001403,-0.029895,0.000052,-0.007614,0.000894
13.017968,-0.090785,0.338999,0.274819,-0.494430,-0.973439,-0.854059,0.445464,0.365911,-0.182073,0.550581,-0.003651,-0.567535,-0.606153,0.191692,-2.534167,-0.501141,2.642181,-1.699261,-2.184071,0.760703,0.909408,-0.014445,0.017134,-0.002162,-0.031137,-0.000893,-0.007765,0.000974
13.019019,-0.090450,0.337151,0.275965,-0.494443,-0.973930,-0.853520,0.444426,0.362202,-0.181246,0.548284,-0.002931,-0.567591,-0.605826,0.191813,-2.534179,-0.501126,2.642180,-1.699296,-2.184068,0.760697,0.909405,-0.013322,0.016703,-0.001033,-0.032819,0.000195,-0.007590,-0.000745
13.020048,-0.088919,0.334862,0.277970,-0.495512,-0.973682,-0.853203,0.445484,0.354217,-0.176668,0.542054,-0.000565,-0.567682,-0.605748,0.191929,-2.534194,-0.501108,2.642178,-1.699328,-2.184068,0.760689,0.909410,-0.013319,0.017423,-0.001593,-0.032017,0.000673,-0.008087,0.001347
13.021068,-0.087650,0.336144,0.273718,-0.492863,-0.973841,-0.853480,0.444516,0.344409,-0.173077,0.534733,0.001076,-0.567643,-0.605656,0.192052,-2.534209,-0.501088,2.642172,-1.699354,-2.184068,0.760678,0.909405,-0.013909,0.018331,-0.002525,-0.030324,0.000425,-0.008338,-0.000789
13.022065,-0.086962,0.337806,0.276032,-0.495079,-0.974246,-0.852811,0.445267,0.335655,-0.173264,0.528999,0.000769,-0.567432,-0.605403,0.192179,-2.534224,-0.501074,2.642174,-1.699390,-2.184068,0.760668,0.909410,-0.014365,0.017498,-0.000400,-0.032131,0.000580,-0.007998,0.001166
13.022972,-0.088518,0.335209,0.277888,-0.493473,-0.974284,-0.853672,0.444706,0.327666,-0.174035,0.523964,-0.000040,-0.567166,-0.605170,0.192303,-2.534239,-0.501058,2.642170,-1.699413,-2.184068,0.760659,0.909406,-0.014526,0.016473,-0.001533,-0.029335,0.000987,-0.008619,-0.000352
13.023987,-0.087569,0.334016,0.274826,-0.491534,-0.972364,-0.852825,0.444516,0.320510,-0.175023,0.519638,-0.001470,-0.566824,-0.604961,0.192423,-2.534251,-0.501039,2.642167,-1.699445,-2.184067,0.760654,0.909409,-0.013582,0.017574,-0.002422,-0.030200,0.001014,-0.007715,0.000785
13.025073,-0.087796,0.334502,0.277502,-0.490758,-0.974738,-0.852821,0.445013,0.313939,-0.177854,0.516136,-0.004111,-0.566358,-0.604675,0.192538,-2.534267,-0.501021,2.642170,-1.699479,-2.184072,0.760644,0.909410,-0.013884,0.017946,-0.000910,-0.031334,-0.000871,-0.008517,0.001154
13.026050,-0.087360,0.339775,0.278193,-0.490909,-0.972731,-0.854393,0.444125,0.307420,-0.181500,0.512753,-0.006956,-0.565866,-0.604356,0.192638,-2.534280,-0.501005,2.642166,-1.699510,-2.184067,0.760637,0.909407,-0.013608,0.017502,-0.002227,-0.031335,0.001491,-0.008473,0.000154
13.027033,-0.087305,0.335886,0.280737,-0.488855,-0.972751,-0.854373,0.444949,0.301702,-0.182684,0.509352,-0.008356,-0.565511,-0.604193,0.192706,-2.534295,-0.500995,2.642161,-1.699538,-2.184070,0.760632,0.909413,-0.013653,0.014713,-0.002501,-0.030512,-0.000528,-0.006853,0.001933
13.027998,-0.086763,0.335663,0.279758,-0.487124,-0.973006,-0.853142,0.444146,0.297856,-0.179528,0.506342,-0.007467,-0.565381,-0.604317,0.192738,-2.534309,-0.500974,2.642157,-1.699572,-2.184070,0.760620,0.909411,-0.013501,0.016458,-0.003737,-0.031785,-0.000488,-0.006815,0.000262
13.028994,-0.086142,0.335168,0.283064,-0.485842,-0.973406,-0.852237,0.445476,0.296900,-0.174433,0.504901,-0.004910,-0.565478,-0.604582,0.192732,-2.534323,-0.500958,2.642154,-1.699605,-2.184068,0.760611,0.909413,-0.013611,0.016357,-0.003197,-0.032718,-0.000246,-0.008010,0.001891
13.029983,-0.083414,0.336241,0.280669,-0.484836,-0.972738,-0.853125,0.445094,0.299578,-0.169394,0.505937,-0.001074,-0.565836,-0.604826,0.192692,-2.534338,-0.500940,2.642147,-1.699638,-2.184068,0.760601,0.909407,-0.013745,0.016387,-0.004784,-0.033198,0.000148,-0.008848,-0.000787
13.031054,-0.085123,0.332265,0.281289,-0.483817,-0.972524,-0.854469,0.445091,0.306534,-0.164038,0.509838,0.004338,-0.566519,-0.605059,0.192614,-2.534356,-0.500927,2.642146,-1.699670,-2.184068,0.760594,0.909411,-0.014895,0.015689,-0.003545,-0.033424,-0.000531,-0.007901,-0.000003
13.032030,-0.086160,0.336412,0.278949,-0.485638,-0.973153,-0.854792,0.445186,0.316357,-0.158862,0.515671,0.010635,-0.567386,-0.605296,0.192519,-2.534368,-0.500906,2.642143,-1.699702,-2.184068,0.760587,0.909412,-0.013876,0.017449,-0.003830,-0.033672,-0.000740,-0.006512,-0.000008
13.032951,-0.083734,0.335308,0.281484,-0.485033,-0.972641,-0.853739,0.444630,0.324242,-0.154661,0.520217,0.016010,-0.568054,-0.605534,0.192439,-2.534380,-0.500895,2.642142,-1.699728,-2.184067,0.760582,0.909411,-0.013216,0.015202,-0.002634,-0.031217,-0.000111,-0.006168,-0.000197
13.034104,-0.083027,0.331198,0.280805,-0.483575,-0.973088,-0.852905,0.444620,0.330635,-0.149094,0.523282,0.021270,-0.568346,-0.605968,0.192378,-2.534412,-0.500857,2.642133,-1.699792,-2.184068,0.760563,0.909414,-0.014413,0.017393,-0.003466,-0.031763,-0.000163,-0.007951,0.000923
13.035036,-0.083761,0.336468,0.282530,-0.483265,-0.973740,-0.854761,0.444804,0.330635,-0.149094,0.523282,0.021270,-0.568346,-0.605968,0.192378,-2.534412,-0.500857,2.642133,-1.699792,-2.184068,0.760563,0.909414,-0.014413,0.017393,-0.003466,-0.031763,-0.000163,-0.007951,0.000923
13.035975,-0.082874,0.332497,0.281096,-0.481005,-0.972568,-0.854183,0.445122,0.334587,-0.150130,0.526152,0.021524,-0.568269,-0.605955,0.192372,-2.534425,-0.500847,2.642128,-1.699824,-2.184068,0.760561,0.909414,-0.013878,0.014597,-0.004276,-0.031298,0.000484,-0.006055,0.000554
13.036951,-0.083310,0.331723,0.282652,-0.482568,-0.973809,-0.853681,0.444401,0.338533,-0.150307,0.528820,0.022152,-0.568229,-0.605990,0.192354,-2.534441,-0.500827,2.642126,-1.699858,-2.184070,0.760552,0.909412,-0.014146,0.016393,-0.003524,-0.032772,-0.000682,-0.006603,-0.000079
13.037975,-0.080817,0.333333,0.286219,-0.481871,-0.973874,-0.853733,0.444576,0.341967,-0.150836,0.531172,0.022564,-0.568141,-0.605990,0.192323,-2.534454,-0.500812,2.642121,-1.699884,-2.184067,0.760544,0.909417,-0.013760,0.016573,-0.004257,-0.030533,0.000552,-0.007061,0.001363
13.039020,-0.083370,0.333091,0.283310,-0.480381,-0.974393,-0.854137,0.445179,0.346784,-0.154609,0.535236,0.021418,-0.567932,-0.605764,0.192284,-2.534471,-0.500798,2.642112,-1.699914,-2.184067,0.760537,0.909419,-0.014819,0.015597,-0.005940,-0.030549,0.000604,-0.006956,0.000991
13.040036,-0.080576,0.332833,0.284641,-0.480282,-0.973122,-0.854645,0.444591,0.353659,-0.159589,0.541116,0.019821,-0.567749,-0.605426,0.192228,-2.534482,-0.500783,2.642110,-1.699946,-2.184066,0.760529,0.909414,-0.013382,0.015539,-0.004430,-0.031256,0.001120,-0.006503,-0.000207
13.040961,-0.081457,0.332588,0.282187,-0.479463,-0.972870,-0.854623,0.445702,0.360084,-0.163280,0.546471,0.018799,-0.567617,-0.605141,0.192152,-2.534500,-0.500768,2.642104,-1.699976,-2.184069,0.760522,0.909418,-0.014598,0.015491,-0.005051,-0.030624,-0.000137,-0.005953,0.000979
13.042063,-0.079070,0.332992,0.283862,-0.478879,-0.973589,-0.854883,0.445443,0.364936,-0.165733,0.550472,0.018111,-0.567447,-0.604944,0.192060,-2.534513,-0.500753,2.642103,-1.700006,-2.184071,0.760518,0.909411,-0.013980,0.015438,-0.003791,-0.030736,-0.000363,-0.005957,-0.001250
13.043078,-0.081874,0.331628,0.283167,-0.477084,-0.974301,-0.853486,0.445424,0.368551,-0.167024,0.553338,0.017786,-0.567231,-0.604857,0.191970,-2.534528,-0.500738,2.642096,-1.700036,-2.184069,0.760511,0.909413,-0.015001,0.015054,-0.004560,-0.030592,0.000350,-0.005650,-0.000714
13.044062,-0.079542,0.332660,0.282409,-0.477136,-0.973679,-0.852065,0.444197,0.371155,-0.167063,0.555205,0.018125,-0.567023,-0.604868,0.191916,-2.534539,-0.500721,2.642092,-1.700070,-2.184068,0.760500,0.909412,-0.013451,0.015538,-0.004153,-0.031581,0.001045,-0.007000,-0.000677
13.045009,-0.081467,0.331460,0.282717,-0.476861,-0.973789,-0.853231,0.444800,0.371871,-0.166038,0.555520,0.019001,-0.566809,-0.604911,0.191936,-2.534556,-0.500710,2.642090,-1.700101,-2.184071,0.760493,0.909419,-0.014440,0.014874,-0.003746,-0.030769,0.000443,-0.008380,0.001774
13.046081,-0.079515,0.330387,0.285567,-0.476722,-0.974066,-0.852979,0.445151,0.369847,-0.164578,0.553833,0.019663,-0.566487,-0.604933,0.192035,-2.534568,-0.500695,2.642084,-1.700131,-2.184069,0.760487,0.909417,-0.013309,0.015306,-0.003837,-0.030326,0.000538,-0.007152,0.000537
13.047063,-0.078510,0.331247,0.286743,-0.475842,-0.973734,-0.853053,0.444242,0.366451,-0.164843,0.551587,0.018976,-0.565996,-0.604833,0.192180,-2.534584,-0.500680,2.642076,-1.700161,-2.184068,0.760478,0.909416,-0.014113,0.015658,-0.005179,-0.029763,0.000809,-0.007364,-0.000152
13.047975,-0.078703,0.329572,0.284433,-0.474057,-0.972997,-0.853520,0.444803,0.365198,-0.168264,0.551613,0.016832,-0.565475,-0.604522,0.192339,-2.534600,-0.500666,2.642070,-1.700192,-2.184069,0.760469,0.909423,-0.014420,0.015057,-0.005684,-0.029890,0.000486,-0.007233,0.001663
13.049068,-0.079134,0.330532,0.287081,-0.474127,-0.972535,-0.852936,0.444283,0.366885,-0.173423,0.554162,0.014291,-0.565070,-0.604072,0.192490,-2.534614,-0.500649,2.642069,-1.700226,-2.184069,0.760465,0.909419,-0.014145,0.015698,-0.004504,-0.030866,-0.000255,-0.006734,0.000529
13.050052,-0.077374,0.329894,0.285174,-0.472510,-0.973578,-0.853016,0.444789,0.369000,-0.178701,0.557076,0.011866,-0.564742,-0.603580,0.192615,-2.534626,-0.500634,2.642060,-1.700254,-2.184071,0.760458,0.909421,-0.013787,0.015035,-0.005740,-0.030105,-0.000697,-0.007287,0.001581
13.051140,-0.077845,0.328544,0.286159,-0.471847,-0.974117,-0.852811,0.445363,0.370879,-0.183393,0.559751,0.009771,-0.564474,-0.603081,0.192695,-2.534641,-0.500621,2.642057,-1.700288,-2.184069,0.760451,0.909421,-0.014497,0.015195,-0.004733,-0.030928,0.000344,-0.007156,0.000546
13.051985,-0.078115,0.329188,0.287731,-0.470909,-0.973860,-0.853498,0.445095,0.372859,-0.187376,0.562385,0.008252,-0.564303,-0.602575,0.192710,-2.534654,-0.500605,2.642051,-1.700318,-2.184068,0.760444,0.909419,-0.014093,0.015683,-0.005167,-0.030866,0.000860,-0.007324,-0.000594
13.053041,-0.077503,0.327782,0.286779,-0.470457,-0.973353,-0.853927,0.444632,0.374804,-0.191106,0.564974,0.007083,-0.564208,-0.602039,0.192646,-2.534667,-0.500589,2.642043,-1.700351,-2.184068,0.760436,0.909421,-0.013806,0.015167,-0.005864,-0.031006,0.000602,-0.006583,-0.000048
13.054050,-0.078941,0.325930,0.286984,-0.469597,-0.972239,-0.853944,0.444439,0.376423,-0.194738,0.567362,0.005946,-0.564130,-0.601489,0.192516,-2.534682,-0.500573,2.642039,-1.700380,-2.184072,0.760433,0.909419,-0.013937,0.015682,-0.005319,-0.030771,0.000125,-0.006135,0.000889
13.055037,-0.079804,0.325300,0.286095,-0.467665,-0.973822,-0.852496,0.445138,0.376528,-0.199218,0.568887,0.004006,-0.563917,-0.600907,0.192352,-2.534691,-0.500557,2.642033,-1.700412,-2.184075,0.760428,0.909421,-0.013098,0.016417,-0.005356,-0.030870,-0.000961,-0.006091,0.001263
13.056041,-0.080858,0.325354,0.286071,-0.466947,-0.974830,-0.853007,0.444238,0.373349,-0.204995,0.568367,0.000827,-0.563467,-0.600269,0.192167,-2.534702,-0.500539,2.642028,-1.700446,-2.184070,0.760418,0.909420,-0.012530,0.016509,-0.004855,-0.031992,0.000596,-0.007495,-0.000151
13.057121,-0.082059,0.325003,0.290364,-0.466288,-0.973472,-0.852935,0.445075,0.365800,-0.210345,0.564655,-0.002685,-0.562865,-0.599646,0.191968,-2.534713,-0.500523,2.642022,-1.700478,-2.184066,0.760414,0.909425,-0.011877,0.016287,-0.004771,-0.031927,0.001559,-0.006944,0.001663
13.058079,-0.080359,0.323169,0.289073,-0.465156,-0.972463,-0.853070,0.444956,0.354865,-0.214526,0.558329,-0.006089,-0.562207,-0.599072,0.191760,-2.534724,-0.500507,2.642010,-1.700510,-2.184068,0.760406,0.909421,-0.011144,0.016273,-0.006792,-0.031815,0.000198,-0.006973,-0.000033
13.059056,-0.077610,0.327948,0.290720,-0.463638,-0.973434,-0.852853,0.445366,0.343410,-0.219057,0.551818,-0.009850,-0.561538,-0.598468,0.191547,-2.534736,-0.500489,2.642004,-1.700544,-2.184071,0.760398,0.909421,-0.011863,0.016985,-0.006044,-0.032135,-0.000778,-0.006788,0.000224
13.059999,-0.080230,0.326238,0.290845,-0.462468,-0.973350,-0.851721,0.445441,0.334735,-0.222685,0.547217,-0.012692,-0.561083,-0.597906,0.191340,-2.534752,-0.500478,2.641994,-1.700577,-2.184068,0.760393,0.909420,-0.013051,0.014436,-0.006771,-0.032873,0.000189,-0.006976,-0.000600
13.061078,-0.079268,0.324415,0.289818,-0.461578,-0.973224,-0.852185,0.445666,0.329895,-0.221890,0.544548,-0.012552,-0.561071,-0.597570,0.191162,-2.534759,-0.500462,2.641990,-1.700611,-2.184068,0.760384,0.909419,-0.011636,0.015131,-0.006772,-0.033215,0.000094,-0.008062,-0.000739
13.062044,-0.078853,0.326229,0.288102,-0.458474,-0.973615,-0.852611,0.445642,0.326455,-0.217733,0.542313,-0.010388,-0.561322,-0.597385,0.191048,-2.534770,-0.500445,2.641984,-1.700644,-2.184068,0.760380,0.909417,-0.011991,0.015831,-0.006185,-0.033308,-0.000032,-0.007561,-0.001184
13.062972,-0.079497,0.324245,0.287059,-0.460004,-0.973208,-0.852743,0.444649,0.322370,-0.211269,0.539205,-0.006928,-0.561696,-0.597326,0.191019,-2.534782,-0.500432,2.641978,-1.700683,-2.184068,0.760373,0.909418,-0.012059,0.014756,-0.005247,-0.035506,0.000357,-0.007094,-0.001136
13.064110,-0.080301,0.321617,0.291919,-0.458719,-0.974339,-0.852248,0.445634,0.316343,-0.201685,0.534057,-0.002034,-0.562152,-0.597487,0.191080,-2.534791,-0.500415,2.641973,-1.700711,-2.184071,0.760368,0.909424,-0.011618,0.015554,-0.004667,-0.033250,-0.000027,-0.006935,0.000845
13.065018,-0.081336,0.318108,0.290156,-0.456418,-0.973402,-0.853863,0.445030,0.308557,-0.193186,0.527902,0.001764,-0.562421,-0.597634,0.191214,-2.534801,-0.500395,2.641962,-1.700745,-2.184068,0.760359,0.909420,-0.011100,0.016633,-0.007001,-0.033742,0.001096,-0.007378,-0.001148
13.066005,-0.080683,0.323325,0.290443,-0.457172,-0.973757,-0.853494,0.445084,0.301029,-0.190512,0.523162,0.002561,-0.562396,-0.597471,0.191387,-2.534811,-0.500374,2.641958,-1.700784,-2.184072,0.760352,0.909423,-0.010465,0.018142,-0.006034,-0.035124,0.000170,-0.005702,0.000080
13.067113,-0.082351,0.320879,0.293768,-0.455019,-0.972639,-0.852955,0.445033,0.293362,-0.191706,0.519099,0.001407,-0.562159,-0.597123,0.191578,-2.534822,-0.500364,2.641953,-1.700815,-2.184069,0.760343,0.909424,-0.010666,0.015377,-0.006133,-0.033592,0.000508,-0.006040,-0.000045
13.068085,-0.079790,0.318216,0.293772,-0.454585,-0.971236,-0.853111,0.444779,0.285134,-0.192571,0.514571,-0.000017,-0.561832,-0.596830,0.191762,-2.534830,-0.500346,2.641943,-1.700852,-2.184070,0.760337,0.909425,-0.009725,0.016418,-0.007687,-0.034887,-0.000607,-0.006543,0.000056
13.069060,-0.079902,0.316549,0.294618,-0.452530,-0.971564,-0.852898,0.445166,0.278738,-0.194293,0.511533,-0.001840,-0.561499,-0.596509,0.191904,-2.534843,-0.500328,2.641934,-1.700886,-2.184072,0.760328,0.909428,-0.010870,0.017537,-0.007569,-0.034504,-0.001998,-0.006329,0.000556
13.070064,-0.082697,0.318962,0.292423,-0.451806,-0.972655,-0.851799,0.444967,0.276479,-0.199972,0.512202,-0.004912,-0.561173,-0.595995,0.191981,-2.534855,-0.500308,2.641927,-1.700925,-2.184072,0.760323,0.909424,-0.010660,0.018127,-0.007912,-0.035635,-0.001652,-0.006513,-0.000216
13.071042,-0.077449,0.319973,0.292028,-0.452179,-0.971769,-0.852277,0.445740,0.275980,-0.207428,0.514406,-0.008442,-0.560856,-0.595405,0.191991,-2.534861,-0.500295,2.641925,-1.700960,-2.184069,0.760315,0.909424,-0.009173,0.016742,-0.006770,-0.035488,-0.000585,-0.007571,0.000192
13.072015,-0.081799,0.318576,0.292103,-0.448794,-0.971483,-0.850902,0.444944,0.274154,-0.212232,0.515033,-0.011067,-0.560562,-0.594991,0.191948,-2.534878,-0.500277,2.641921,-1.700992,-2.184070,0.760308,0.909420,-0.011636,0.016022,-0.006533,-0.034348,-0.001483,-0.007037,-0.001355
13.073039,-0.080402,0.319655,0.296391,-0.448290,-0.972424,-0.851354,0.446120,0.271451,-0.212925,0.514042,-0.012121,-0.560362,-0.594857,0.191873,-2.534882,-0.500258,2.641912,-1.701034,-2.184073,0.760300,0.909427,-0.009358,0.016511,-0.006469,-0.036753,-0.001733,-0.008383,0.000240
13.074018,-0.081352,0.318100,0.293989,-0.448110,-0.971706,-0.849869,0.445356,0.268621,-0.209951,0.512013,-0.011263,-0.560342,-0.594966,0.191791,-2.534894,-0.500244,2.641901,-1.701070,-2.184071,0.760292,0.909420,-0.009946,0.015785,-0.008499,-0.036365,-0.000794,-0.007867,-0.002124
13.075028,-0.081033,0.318203,0.293361,-0.447626,-0.971730,-0.850058,0.445665,0.266403,-0.205065,0.509897,-0.009233,-0.560468,-0.595207,0.191720,-2.534902,-0.500226,2.641899,-1.701106,-2.184071,0.760281,0.909424,-0.009364,0.016362,-0.007242,-0.035678,-0.001525,-0.009302,-0.000570
13.076097,-0.081191,0.317293,0.292366,-0.445975,-0.972692,-0.848144,0.445730,0.263470,-0.200343,0.507243,-0.007697,-0.560511,-0.595468,0.191691,-2.534911,-0.500210,2.641893,-1.701141,-2.184071,0.760272,0.909420,-0.009415,0.016110,-0.006866,-0.035339,-0.001501,-0.009043,-0.001198
13.077015,-0.078231,0.316639,0.293605,-0.445453,-0.973580,-0.849513,0.445105,0.258106,-0.196016,0.502872,-0.007105,-0.560386,-0.595721,0.191733,-2.534921,-0.500192,2.641888,-1.701180,-2.184068,0.760260,0.909420,-0.009218,0.016358,-0.006306,-0.036053,-0.000553,-0.010907,-0.001323
13.078136,-0.078251,0.315022,0.292069,-0.443944,-0.974360,-0.848756,0.445013,0.252433,-0.192204,0.498255,-0.006865,-0.560280,-0.595935,0.191850,-2.534934,-0.500176,2.641882,-1.701214,-2.184067,0.760256,0.909426,-0.010553,0.016487,-0.006867,-0.035746,0.000324,-0.009476,-0.000080
13.079137,-0.079688,0.314623,0.290590,-0.440600,-0.973579,-0.849799,0.444432,0.249388,-0.189823,0.495594,-0.006710,-0.560348,-0.596066,0.192025,-2.534946,-0.500158,2.641875,-1.701252,-2.184066,0.760244,0.909427,-0.010389,0.017079,-0.005997,-0.036362,0.001092,-0.010184,0.000089
13.080135,-0.077916,0.317611,0.290612,-0.442335,-0.973007,-0.850022,0.445199,0.247662,-0.187784,0.493662,-0.006001,-0.560609,-0.596176,0.192223,-2.534953,-0.500141,2.641871,-1.701296,-2.184071,0.760239,0.909431,-0.009583,0.017073,-0.005204,-0.038667,0.000341,-0.009093,0.001244
13.080972,-0.076025,0.312935,0.290411,-0.439412,-0.973570,-0.851393,0.444731,0.244493,-0.183268,0.489949,-0.003916,-0.561002,-0.596429,0.192405,-2.534964,-0.500128,2.641865,-1.701327,-2.184073,0.760232,0.909427,-0.010348,0.015406,-0.005153,-0.036135,-0.000211,-0.008837,-0.000301
13.082042,-0.075654,0.313865,0.290319,-0.439029,-0.972785,-0.851751,0.444760,0.241278,-0.176789,0.485659,-0.000964,-0.561460,-0.596806,0.192537,-2.534976,-0.500106,2.641861,-1.701371,-2.184070,0.760226,0.909429,-0.011153,0.017516,-0.005004,-0.038056,0.000335,-0.007419,0.000650
13.083105,-0.076195,0.313149,0.292527,-0.438468,-0.974105,-0.851593,0.444492,0.240630,-0.171151,0.483245,0.001973,-0.561982,-0.597154,0.192605,-2.534985,-0.500091,2.641855,-1.701407,-2.184073,0.760223,0.909431,-0.011216,0.016848,-0.004891,-0.037532,-0.000432,-0.007055,0.000576
13.084018,-0.076869,0.314251,0.292419,-0.436731,-0.973180,-0.851917,0.444813,0.242737,-0.167226,0.483077,0.004462,-0.562521,-0.597409,0.192612,-2.534995,-0.500074,2.641849,-1.701445,-2.184069,0.760216,0.909433,-0.010826,0.017007,-0.005934,-0.037186,0.000868,-0.007175,0.001110
13.085106,-0.078045,0.312720,0.293880,-0.434148,-0.974018,-0.852142,0.444779,0.246391,-0.164099,0.484225,0.006568,-0.563034,-0.597600,0.192565,-2.535005,-0.500058,2.641844,-1.701486,-2.184072,0.760210,0.909430,-0.010374,0.016252,-0.005801,-0.037968,-0.000048,-0.006812,0.000468
13.086015,-0.074348,0.310565,0.291506,-0.435916,-0.973654,-0.854028,0.444551,0.250200,-0.160019,0.485370,0.009246,-0.563586,-0.597812,0.192469,-2.535012,-0.500041,2.641836,-1.701526,-2.184070,0.760205,0.909429,-0.009692,0.016832,-0.006444,-0.039582,0.000784,-0.006553,0.000545
13.087025,-0.075340,0.311728,0.289434,-0.432117,-0.974009,-0.854337,0.444913,0.254134,-0.156210,0.486735,0.011981,-0.564128,-0.598002,0.192330,-2.535028,-0.500021,2.641833,-1.701559,-2.184070,0.760205,0.909431,-0.011379,0.017672,-0.005208,-0.036991,0.000415,-0.004655,0.000998
13.088164,-0.074193,0.312609,0.293305,-0.433295,-0.972816,-0.854959,0.444723,0.258063,-0.153873,0.488415,0.013938,-0.564540,-0.598163,0.192150,-2.535036,-0.500005,2.641830,-1.701606,-2.184072,0.760201,0.909430,-0.010756,0.016882,-0.004132,-0.039722,0.000791,-0.004334,0.000268
13.089041,-0.075971,0.310070,0.291490,-0.431733,-0.973311,-0.855467,0.445420,0.261578,-0.150672,0.489599,0.016170,-0.564895,-0.598445,0.191927,-2.535048,-0.499991,2.641821,-1.701637,-2.184074,0.760194,0.909431,-0.011204,0.016270,-0.005998,-0.037742,-0.000392,-0.003668,0.000655
13.090041,-0.077495,0.311288,0.295431,-0.430907,-0.973271,-0.854285,0.445350,0.267221,-0.144908,0.491275,0.018972,-0.565168,-0.599065,0.191442,-2.535063,-0.499956,2.641811,-1.701718,-2.184072,0.760181,0.909425,-0.009352,0.016513,-0.006933,-0.038211,0.000052,-0.004283,-0.000579
13.091150,-0.076678,0.312690,0.293508,-0.428303,-0.972389,-0.854264,0.444993,0.267221,-0.144908,0.491275,0.018972,-0.565168,-0.599065,0.191442,-2.535063,-0.499956,2.641811,-1.701718,-2.184072,0.760181,0.909425,-0.009352,0.016513,-0.006933,-0.038211,0.000052,-0.004283,-0.000579
13.092040,-0.077133,0.310313,0.295882,-0.428523,-0.974471,-0.852845,0.446059,0.267844,-0.142043,0.490669,0.019590,-0.565096,-0.599296,0.191241,-2.535073,-0.499942,2.641807,-1.701760,-2.184074,0.760177,0.909428,-0.009655,0.015639,-0.005901,-0.039814,-0.000822,-0.004266,0.000128
13.093067,-0.074277,0.310310,0.296593,-0.427225,-0.973208,-0.852652,0.445022,0.267801,-0.137265,0.489269,0.021125,-0.565100,-0.599529,0.191099,-2.535081,-0.499922,2.641799,-1.701796,-2.184068,0.760170,0.909425,-0.009329,0.016610,-0.007010,-0.038697,0.001229,-0.005660,-0.002019
13.094055,-0.076968,0.310718,0.295531,-0.426803,-0.972528,-0.853155,0.445253,0.269467,-0.133421,0.489390,0.022613,-0.565197,-0.599588,0.191011,-2.535094,-0.499904,2.641793,-1.701836,-2.184071,0.760167,0.909432,-0.010612,0.016382,-0.007281,-0.039061,-0.000030,-0.005821,0.000069
13.094970,-0.074718,0.308179,0.296147,-0.427476,-0.971421,-0.852248,0.444699,0.273325,-0.131548,0.491611,0.023488,-0.565333,-0.599447,0.190969,-2.535100,-0.499889,2.641788,-1.701876,-2.184071,0.760165,0.909431,-0.009169,0.016000,-0.006692,-0.038518,-0.000713,-0.005302,-0.000413
13.096000,-0.071615,0.306738,0.295907,-0.426910,-0.971640,-0.853170,0.444447,0.276796,-0.131958,0.494160,0.022827,-0.565278,-0.599144,0.190960,-2.535111,-0.499871,2.641782,-1.701912,-2.184074,0.760156,0.909433,-0.010183,0.017065,-0.006931,-0.036967,-0.001790,-0.006166,0.000703
13.096965,-0.074856,0.309960,0.294836,-0.425589,-0.972489,-0.853440,0.444908,0.281164,-0.137709,0.498538,0.019144,-0.564904,-0.598552,0.190971,-2.535126,-0.499855,2.641778,-1.701949,-2.184072,0.760156,0.909433,-0.011559,0.017588,-0.006755,-0.036643,-0.001573,-0.005226,0.001197
13.098023,-0.077316,0.309937,0.296789,-0.423981,-0.971975,-0.853654,0.444913,0.287030,-0.147198,0.504737,0.013563,-0.564350,-0.597800,0.190984,-2.535133,-0.499844,2.641772,-1.701988,-2.184071,0.760150,0.909431,-0.009832,0.015827,-0.006149,-0.037057,-0.000732,-0.004929,0.000269
13.099173,-0.077085,0.305787,0.296337,-0.421568,-0.972346,-0.853427,0.445594,0.289869,-0.154222,0.508228,0.008691,-0.563741,-0.597242,0.190992,-2.535136,-0.499830,2.641764,-1.702026,-2.184072,0.760144,0.909433,-0.008563,0.015688,-0.007039,-0.037750,-0.001244,-0.004678,0.000260
13.099978,-0.073881,0.308019,0.292406,-0.422147,-0.970692,-0.853268,0.445037,0.288008,-0.157736,0.507619,0.005244,-0.563134,-0.596909,0.190997,-2.535146,-0.499810,2.641759,-1.702069,-2.184069,0.760139,0.909430,-0.008580,0.017534,-0.006743,-0.039125,-0.000897,-0.004879,-0.001100
13.100991,-0.073401,0.304806,0.294594,-0.420109,-0.972969,-0.852632,0.445209,0.283273,-0.160023,0.504640,0.002673,-0.562543,-0.596668,0.191004,-2.535159,-0.499797,2.641759,-1.702102,-2.184074,0.760133,0.909432,-0.010035,0.016230,-0.004759,-0.037729,-0.002526,-0.005004,0.000029
13.101977,-0.074325,0.302990,0.294755,-0.420156,-0.972686,-0.853984,0.444774,0.277969,-0.161858,0.501032,0.000836,-0.562000,-0.596476,0.191025,-2.535169,-0.499777,2.641750,-1.702144,-2.184068,0.760125,0.909431,-0.010143,0.017623,-0.005782,-0.038791,-0.000266,-0.005592,-0.000326
13.103011,-0.078894,0.305755,0.295878,-0.420548,-0.973494,-0.853718,0.445351,0.274243,-0.165528,0.498771,-0.001067,-0.561516,-0.596182,0.191063,-2.535174,-0.499758,2.641746,-1.702181,-2.184074,0.760123,0.909432,-0.009610,0.018304,-0.005803,-0.037833,-0.000520,-0.004214,0.000553
13.104026,-0.071297,0.301708,0.294822,-0.417877,-0.974887,-0.853142,0.445405,0.269742,-0.171792,0.496431,-0.004277,-0.560877,-0.595742,0.191123,-2.535177,-0.499745,2.641739,-1.702217,-2.184072,0.760119,0.909430,-0.007271,0.016737,-0.006279,-0.036580,0.000283,-0.004471,-0.000611
13.105021,-0.077162,0.305029,0.298745,-0.417641,-0.974458,-0.853253,0.444196,0.260520,-0.186570,0.491996,-0.011934,-0.559517,-0.594719,0.191327,-2.535197,-0.499709,2.641722,-1.702297,-2.184067,0.760107,0.909434,-0.007893,0.016673,-0.007530,-0.037576,0.001188,-0.004855,0.001716
13.106007,-0.074413,0.303566,0.295562,-0.416113,-0.975054,-0.852864,0.445215,0.260520,-0.186570,0.491996,-0.011934,-0.559517,-0.594719,0.191327,-2.535197,-0.499709,2.641722,-1.702297,-2.184067,0.760107,0.909434,-0.007893,0.016673,-0.007530,-0.037576,0.001188,-0.004855,0.001716
13.107067,-0.072589,0.305807,0.295568,-0.414918,-0.974247,-0.851913,0.444262,0.258864,-0.192520,0.491533,-0.014225,-0.559185,-0.594285,0.191474,-2.535210,-0.499691,2.641720,-1.702337,-2.184067,0.760102,0.909430,-0.009160,0.017204,-0.005878,-0.038146,0.001791,-0.005223,-0.000353
13.108069,-0.077199,0.307011,0.296238,-0.412143,-0.973661,-0.852242,0.445216,0.257456,-0.194957,0.490477,-0.014605,-0.559101,-0.594069,0.191628,-2.535222,-0.499676,2.641715,-1.702378,-2.184069,0.760093,0.909437,-0.009914,0.015892,-0.005830,-0.038357,0.000994,-0.006122,0.001565
13.108969,-0.073731,0.309595,0.294528,-0.412871,-0.973255,-0.851223,0.444174,0.255773,-0.191654,0.487948,-0.011893,-0.559351,-0.594198,0.191765,-2.535224,-0.499664,2.641709,-1.702422,-2.184072,0.760087,0.909431,-0.007554,0.015146,-0.006095,-0.040098,0.000436,-0.005750,-0.000354
13.109990,-0.074506,0.304909,0.294577,-0.410644,-0.973215,-0.852815,0.445126,0.251479,-0.180674,0.481928,-0.005688,-0.559865,-0.594774,0.191880,-2.535237,-0.499652,2.641705,-1.702456,-2.184073,0.760082,0.909438,-0.009176,0.013701,-0.005187,-0.038522,0.000042,-0.006752,0.001743
13.111010,-0.073590,0.306181,0.291996,-0.408485,-0.972479,-0.852734,0.444645,0.245271,-0.164775,0.473513,0.002469,-0.560487,-0.595660,0.191975,-2.535245,-0.499631,2.641698,-1.702497,-2.184072,0.760078,0.909432,-0.008676,0.015835,-0.005131,-0.039796,-0.000009,-0.005108,-0.000181
13.111971,-0.073947,0.300165,0.292866,-0.407333,-0.972400,-0.851771,0.444509,0.238425,-0.147839,0.464373,0.011047,-0.561122,-0.596670,0.192048,-2.535254,-0.499618,2.641696,-1.702540,-2.184074,0.760071,0.909435,-0.009033,0.015008,-0.003802,-0.040921,-0.000727,-0.005163,0.000802
13.113028,-0.073149,0.301403,0.294634,-0.406349,-0.973921,-0.851209,0.444546,0.231095,-0.132530,0.455151,0.019036,-0.561698,-0.597636,0.192093,-2.535262,-0.499594,2.641690,-1.702579,-2.184072,0.760061,0.909438,-0.008744,0.017766,-0.004189,-0.041111,-0.000816,-0.006077,0.001051
13.114036,-0.075346,0.298069,0.295049,-0.406272,-0.973322,-0.851492,0.444453,0.225193,-0.122433,0.448015,0.024949,-0.562146,-0.598280,0.192095,-2.535272,-0.499579,2.641684,-1.702619,-2.184071,0.760052,0.909438,-0.009036,0.016929,-0.005008,-0.041149,0.000703,-0.006580,0.000976
13.115016,-0.073110,0.297291,0.293231,-0.404105,-0.973052,-0.851388,0.445518,0.221720,-0.119116,0.444116,0.027831,-0.562403,-0.598457,0.192039,-2.535277,-0.499558,2.641679,-1.702657,-2.184070,0.760048,0.909437,-0.007856,0.018370,-0.005146,-0.040288,0.000073,-0.006261,0.001167
13.116044,-0.071617,0.296618,0.293613,-0.403591,-0.972339,-0.850469,0.444580,0.219381,-0.122061,0.442475,0.027437,-0.562384,-0.598202,0.191937,-2.535290,-0.499537,2.641675,-1.702702,-2.184071,0.760039,0.909434,-0.008847,0.018499,-0.004182,-0.041407,-0.000177,-0.006318,-0.000972
13.117023,-0.074992,0.299884,0.294326,-0.403164,-0.972771,-0.849882,0.444709,0.218530,-0.129550,0.442939,0.024770,-0.562190,-0.597639,0.191820,-2.535301,-0.499518,2.641670,-1.702743,-2.184074,0.760035,0.909437,-0.009458,0.018605,-0.004314,-0.040924,-0.000871,-0.007219,0.000931
13.117956,-0.072417,0.301162,0.288476,-0.401386,-0.973540,-0.850877,0.444940,0.218742,-0.138127,0.444502,0.021334,-0.561924,-0.596970,0.191721,-2.535306,-0.499505,2.641664,-1.702782,-2.184074,0.760027,0.909436,-0.007686,0.016800,-0.004607,-0.040416,-0.000424,-0.007758,0.000655
13.119088,-0.072883,0.297952,0.291795,-0.400352,-0.974259,-0.851651,0.445156,0.216265,-0.142433,0.443393,0.018959,-0.561604,-0.596523,0.191656,-2.535317,-0.499489,2.641666,-1.702823,-2.184073,0.760024,0.909434,-0.008868,0.015972,-0.001677,-0.041224,0.000340,-0.006726,0.000199
13.120047,-0.071051,0.297822,0.292838,-0.398832,-0.974016,-0.850980,0.445581,0.210475,-0.140683,0.438680,0.018720,-0.561322,-0.596447,0.191631,-2.535324,-0.499470,2.641660,-1.702863,-2.184068,0.760020,0.909433,-0.008530,0.017377,-0.003310,-0.041274,0.001011,-0.005930,-0.000228
13.121083,-0.075335,0.296882,0.292533,-0.397001,-0.973408,-0.850524,0.444541,0.205790,-0.137180,0.434316,0.019621,-0.561184,-0.596507,0.191651,-2.535336,-0.499454,2.641655,-1.702906,-2.184071,0.760013,0.909430,-0.009317,0.017227,-0.003756,-0.041764,0.000789,-0.006578,-0.001072
13.122010,-0.071280,0.297778,0.292381,-0.395625,-0.973674,-0.852080,0.444765,0.203426,-0.134219,0.431671,0.020916,-0.561183,-0.596541,0.191718,-2.535338,-0.499437,2.641652,-1.702952,-2.184073,0.760007,0.909436,-0.007122,0.017505,-0.003555,-0.042501,0.000191,-0.006993,0.001015
13.122974,-0.071102,0.297510,0.294303,-0.395845,-0.974067,-0.851760,0.444781,0.201460,-0.130566,0.429140,0.022966,-0.561278,-0.596607,0.191819,-2.535350,-0.499422,2.641648,-1.702994,-2.184072,0.760005,0.909436,-0.009042,0.016861,-0.003432,-0.042859,0.000460,-0.005402,0.000541
13.123964,-0.071276,0.295714,0.294067,-0.395947,-0.973734,-0.851247,0.445183,0.201821,-0.126017,0.428066,0.026062,-0.561544,-0.596736,0.191932,-2.535360,-0.499404,2.641640,-1.703034,-2.184072,0.759998,0.909437,-0.009002,0.016785,-0.004314,-0.041672,0.000856,-0.005703,0.000511
13.125081,-0.070810,0.295840,0.294585,-0.394840,-0.973907,-0.851887,0.444296,0.205900,-0.123139,0.430038,0.028706,-0.561867,-0.596784,0.192041,-2.535367,-0.499387,2.641638,-1.703072,-2.184073,0.759989,0.909434,-0.008819,0.017493,-0.004160,-0.040667,0.000524,-0.006165,-0.000291
13.126065,-0.070939,0.294995,0.294616,-0.392036,-0.973105,-0.851152,0.444419,0.212060,-0.123971,0.434364,0.029310,-0.562021,-0.596617,0.192152,-2.535377,-0.499372,2.641633,-1.703113,-2.184072,0.759986,0.909439,-0.008944,0.017235,-0.004357,-0.040803,0.000686,-0.005493,0.001490
13.127112,-0.074445,0.295617,0.295390,-0.390871,-0.972803,-0.852257,0.445074,0.219395,-0.127005,0.440025,0.028826,-0.562090,-0.596297,0.192264,-2.535386,-0.499354,2.641629,-1.703157,-2.184074,0.759980,0.909439,-0.008771,0.017452,-0.004322,-0.042548,-0.000101,-0.006202,0.001223
13.127968,-0.071158,0.293158,0.294658,-0.391121,-0.975119,-0.852715,0.444952,0.225913,-0.129384,0.444950,0.028842,-0.562178,-0.595962,0.192349,-2.535390,-0.499341,2.641623,-1.703200,-2.184074,0.759979,0.909436,-0.006953,0.016968,-0.004645,-0.042669,-0.000399,-0.005075,-0.000085
13.128965,-0.072332,0.295883,0.296256,-0.390281,-0.972201,-0.853014,0.445315,0.229992,-0.131011,0.447975,0.029138,-0.562198,-0.595641,0.192396,-2.535401,-0.499320,2.641619,-1.703238,-2.184070,0.759972,0.909437,-0.008498,0.017964,-0.004222,-0.041492,0.001904,-0.004584,0.000172
13.129961,-0.073255,0.293696,0.297922,-0.388695,-0.973843,-0.852213,0.445010,0.233087,-0.133257,0.450440,0.028959,-0.562109,-0.595310,0.192418,-2.535408,-0.499308,2.641613,-1.703279,-2.184076,0.759968,0.909434,-0.007804,0.016434,-0.004958,-0.041359,-0.001012,-0.004259,-0.000554
13.131032,-0.071737,0.297056,0.294909,-0.388213,-0.973756,-0.851722,0.445129,0.236122,-0.135733,0.452950,0.028564,-0.561961,-0.595009,0.192435,-2.535415,-0.499287,2.641605,-1.703322,-2.184073,0.759962,0.909434,-0.007256,0.017304,-0.005702,-0.041916,0.000652,-0.005035,0.000070
13.132005,-0.074810,0.297176,0.294892,-0.387253,-0.973958,-0.850490,0.444667,0.238389,-0.136957,0.454711,0.028748,-0.561815,-0.594803,0.192473,-2.535424,-0.499275,2.641603,-1.703364,-2.184075,0.759956,0.909434,-0.007914,0.015453,-0.004145,-0.041391,0.000565,-0.005489,-0.000179
13.133050,-0.072790,0.296187,0.297365,-0.385652,-0.973221,-0.850440,0.444663,0.233137,-0.128678,0.449202,0.033015,-0.561449,-0.594991,0.192679,-2.535438,-0.499244,2.641591,-1.703446,-2.184073,0.759945,0.909438,-0.007221,0.015527,-0.005257,-0.041986,0.000006,-0.006699,0.000742
13.134093,-0.071435,0.296725,0.295548,-0.385681,-0.974474,-0.850644,0.445175,0.233137,-0.128678,0.449202,0.033015,-0.561449,-0.594991,0.192679,-2.535438,-0.499244,2.641591,-1.703446,-2.184073,0.759945,0.909438,-0.007221,0.015527,-0.005257,-0.041986,0.000006,-0.006699,0.000742
13.135092,-0.071213,0.293654,0.298992,-0.384006,-0.974248,-0.849973,0.444589,0.228868,-0.122015,0.444814,0.036445,-0.561295,-0.595173,0.192810,-2.535447,-0.499229,2.641589,-1.703485,-2.184072,0.759941,0.909438,-0.007791,0.015080,-0.004306,-0.041002,0.001264,-0.006469,-0.000295
13.135967,-0.071669,0.296388,0.295873,-0.385080,-0.974307,-0.851086,0.445404,0.227716,-0.117135,0.443015,0.039848,-0.561258,-0.595221,0.192925,-2.535453,-0.499210,2.641580,-1.703528,-2.184069,0.759934,0.909440,-0.007823,0.016396,-0.005939,-0.041681,0.000999,-0.007110,0.000894
13.136945,-0.071038,0.293767,0.296599,-0.384631,-0.972678,-0.851008,0.444800,0.229261,-0.115357,0.443770,0.042357,-0.561242,-0.595074,0.193020,-2.535459,-0.499197,2.641577,-1.703562,-2.184070,0.759932,0.909436,-0.007524,0.014853,-0.004318,-0.039754,0.001068,-0.005965,-0.000750
13.137962,-0.071314,0.290565,0.297239,-0.383054,-0.972656,-0.851864,0.444613,0.230659,-0.116218,0.444953,0.043240,-0.561025,-0.594805,0.193095,-2.535467,-0.499178,2.641573,-1.703600,-2.184073,0.759926,0.909438,-0.007744,0.015952,-0.004652,-0.039304,-0.000549,-0.006021,0.000478
13.139032,-0.069969,0.294832,0.301205,-0.381653,-0.973467,-0.851221,0.444894,0.231411,-0.121356,0.446481,0.041591,-0.560487,-0.594354,0.193146,-2.535474,-0.499157,2.641568,-1.703641,-2.184072,0.759923,0.909440,-0.007517,0.017311,-0.004904,-0.039918,-0.000561,-0.005137,0.000838
13.140081,-0.075023,0.291524,0.299350,-0.380744,-0.971680,-0.852609,0.445422,0.234403,-0.130512,0.450307,0.038568,-0.559892,-0.593721,0.193155,-2.535482,-0.499148,2.641558,-1.703681,-2.184070,0.759917,0.909441,-0.008102,0.015033,-0.006786,-0.040341,0.000237,-0.005756,0.000261
13.141026,-0.071276,0.292337,0.297345,-0.379440,-0.973758,-0.853906,0.445772,0.239105,-0.139993,0.455344,0.036087,-0.559434,-0.593100,0.193104,-2.535485,-0.499128,2.641554,-1.703721,-2.184073,0.759914,0.909438,-0.005513,0.016485,-0.005789,-0.040306,-0.001545,-0.004334,-0.000785
13.141969,-0.073053,0.292386,0.298775,-0.379270,-0.973605,-0.852699,0.444904,0.241405,-0.148225,0.458368,0.034150,-0.558966,-0.592615,0.193007,-2.535495,-0.499113,2.641553,-1.703761,-2.184068,0.759910,0.909437,-0.007305,0.015878,-0.004767,-0.040636,0.000516,-0.003013,-0.001479
13.143097,-0.072624,0.292065,0.299425,-0.379477,-0.973163,-0.851026,0.445493,0.240984,-0.154670,0.459057,0.032913,-0.558502,-0.592323,0.192888,-2.535500,-0.499099,2.641545,-1.703798,-2.184071,0.759903,0.909443,-0.006333,0.015688,-0.005409,-0.039908,0.000378,-0.004202,0.000256
13.144091,-0.070738,0.290133,0.296831,-0.377040,-0.972919,-0.849816,0.444969,0.239346,-0.160110,0.458757,0.031896,-0.558047,-0.592125,0.192755,-2.535507,-0.499084,2.641539,-1.703837,-2.184072,0.759892,0.909440,-0.006475,0.015666,-0.005648,-0.038779,-0.000060,-0.005813,-0.000939
13.144980,-0.070307,0.292796,0.297992,-0.375664,-0.972357,-0.850538,0.444678,0.237249,-0.166216,0.458387,0.030296,-0.557537,-0.591848,0.192604,-2.535516,-0.499066,2.641538,-1.703879,-2.184072,0.759884,0.909441,-0.007314,0.016430,-0.004330,-0.040214,-0.000299,-0.006973,0.000127
13.146037,-0.070328,0.290536,0.299419,-0.377011,-0.972084,-0.850126,0.445601,0.236034,-0.171576,0.458496,0.029484,-0.557161,-0.591551,0.192445,-2.535521,-0.499056,2.641533,-1.703918,-2.184073,0.759883,0.909442,-0.007458,0.014955,-0.004862,-0.040645,-0.000857,-0.006222,0.000701
13.147061,-0.069015,0.292111,0.293555,-0.376467,-0.971625,-0.850193,0.444842,0.236563,-0.175440,0.459542,0.029895,-0.556967,-0.591301,0.192289,-2.535528,-0.499039,2.641525,-1.703951,-2.184074,0.759874,0.909435,-0.007364,0.015903,-0.005490,-0.038482,-0.001118,-0.006592,-0.001140
13.147988,-0.069400,0.291825,0.299041,-0.375662,-0.973997,-0.850949,0.444528,0.237252,-0.179377,0.460798,0.029873,-0.556677,-0.591036,0.192157,-2.535537,-0.499027,2.641529,-1.703988,-2.184076,0.759867,0.909436,-0.007924,0.014952,-0.002563,-0.038153,-0.001563,-0.006478,0.000405
13.149039,-0.065964,0.290481,0.300559,-0.375634,-0.972039,-0.849900,0.444741,0.236702,-0.182844,0.461144,0.029357,-0.556217,-0.590804,0.192073,-2.535544,-0.499013,2.641518,-1.704028,-2.184069,0.759861,0.909438,-0.007637,0.014939,-0.005231,-0.038021,0.000775,-0.005683,0.001017
13.150034,-0.068805,0.294521,0.293270,-0.375809,-0.973461,-0.851435,0.444662,0.238998,-0.186920,0.463736,0.028808,-0.555819,-0.590533,0.192028,-2.535556,-0.498998,2.641511,-1.704061,-2.184074,0.759853,0.909439,-0.009224,0.015438,-0.005886,-0.037233,-0.001179,-0.006699,0.000577
13.150973,-0.068355,0.293513,0.296739,-0.375814,-0.973172,-0.850610,0.444043,0.243894,-0.191387,0.468379,0.028213,-0.555478,-0.590254,0.192001,-2.535560,-0.498989,2.641516,-1.704096,-2.184069,0.759850,0.909439,-0.007734,0.013282,-0.002261,-0.036222,0.000228,-0.005121,0.000743
13.152091,-0.069466,0.294137,0.295455,-0.373308,-0.973340,-0.849099,0.444793,0.244872,-0.192562,0.469636,0.027982,-0.554973,-0.590226,0.192003,-2.535567,-0.498974,2.641509,-1.704129,-2.184071,0.759840,0.909444,-0.007883,0.013633,-0.003964,-0.035423,-0.000056,-0.005910,0.001972
13.153125,-0.069955,0.295114,0.298903,-0.375159,-0.974055,-0.848958,0.444197,0.241271,-0.190148,0.466913,0.028441,-0.554342,-0.590446,0.192035,-2.535574,-0.498964,2.641507,-1.704168,-2.184071,0.759831,0.909441,-0.007240,0.013185,-0.003281,-0.037025,0.000108,-0.007373,0.000455
13.154037,-0.068819,0.296466,0.297147,-0.374278,-0.973257,-0.848345,0.444565,0.235525,-0.185543,0.462213,0.029677,-0.553731,-0.590782,0.192077,-2.535579,-0.498954,2.641500,-1.704196,-2.184069,0.759823,0.909443,-0.006941,0.012576,-0.004941,-0.034450,0.000814,-0.007452,0.001667
13.155088,-0.067491,0.296572,0.298944,-0.373155,-0.974564,-0.848521,0.444324,0.228963,-0.179701,0.456731,0.031207,-0.553137,-0.591171,0.192116,-2.535590,-0.498942,2.641499,-1.704230,-2.184071,0.759816,0.909441,-0.007378,0.011755,-0.004025,-0.034546,0.000023,-0.008025,0.000917
13.156094,-0.070503,0.298116,0.298356,-0.374005,-0.973661,-0.848308,0.444762,0.223623,-0.172678,0.451896,0.033446,-0.552656,-0.591617,0.192141,-2.535599,-0.498932,2.641494,-1.704265,-2.184070,0.759810,0.909444,-0.007937,0.011590,-0.004879,-0.034827,0.001340,-0.007809,0.001402
13.156962,-0.068330,0.299370,0.296350,-0.374679,-0.974824,-0.848105,0.444405,0.219616,-0.164224,0.447670,0.036776,-0.552316,-0.592145,0.192142,-2.535602,-0.498923,2.641491,-1.704294,-2.184071,0.759802,0.909441,-0.006379,0.010703,-0.004536,-0.033272,0.000425,-0.007976,0.000521
13.158109,-0.072733,0.300276,0.294430,-0.375015,-0.971684,-0.849055,0.444114,0.214183,-0.154534,0.442137,0.040270,-0.551898,-0.592770,0.192121,-2.535611,-0.498913,2.641490,-1.704322,-2.184068,0.759791,0.909441,-0.007377,0.009952,-0.003512,-0.031924,0.001579,-0.008114,0.001251
13.159058,-0.071712,0.299475,0.298681,-0.374831,-0.972937,-0.848243,0.445070,0.203777,-0.143381,0.432688,0.042991,-0.551153,-0.593545,0.192090,-2.535614,-0.498902,2.641490,-1.704351,-2.184076,0.759787,0.909443,-0.005113,0.009368,-0.002560,-0.030892,-0.001525,-0.007129,0.001825
13.160017,-0.069374,0.303062,0.297516,-0.373897,-0.972574,-0.848803,0.444558,0.187539,-0.132025,0.418940,0.044112,-0.549955,-0.594408,0.192059,-2.535622,-0.498891,2.641482,-1.704380,-2.184072,0.759780,0.909438,-0.005552,0.009646,-0.004619,-0.030388,-0.000274,-0.007912,-0.000093
13.160996,-0.069376,0.303909,0.299496,-0.375809,-0.972231,-0.847765,0.444429,0.170525,-0.121394,0.404659,0.044509,-0.548621,-0.595282,0.192032,-2.535632,-0.498886,2.641479,-1.704411,-2.184072,0.759771,0.909441,-0.006604,0.007778,-0.003968,-0.030594,-0.000649,-0.007289,0.000951
13.161995,-0.069767,0.301526,0.298024,-0.372394,-0.972435,-0.848779,0.445442,0.157325,-0.110551,0.392912,0.045667,-0.547499,-0.596199,0.192023,-2.535639,-0.498879,2.641473,-1.704434,-2.184074,0.759761,0.909441,-0.006507,0.007285,-0.004908,-0.028100,-0.000970,-0.008280,0.001199
13.163067,-0.068853,0.305483,0.298563,-0.374619,-0.972441,-0.848408,0.443743,0.147978,-0.100252,0.383872,0.047381,-0.546586,-0.597091,0.192042,-2.535646,-0.498867,2.641472,-1.704468,-2.184073,0.759757,0.909436,-0.006224,0.008341,-0.004135,-0.030741,-0.000770,-0.007223,-0.000829
13.164105,-0.067592,0.299364,0.298447,-0.373787,-0.972907,-0.849085,0.445087,0.141361,-0.090907,0.376783,0.049637,-0.545857,-0.597924,0.192099,-2.535654,-0.498866,2.641467,-1.704491,-2.184072,0.759748,0.909445,-0.006601,0.006328,-0.004355,-0.027924,-0.000782,-0.007551,0.002586
13.165005,-0.069907,0.301596,0.299344,-0.374233,-0.973935,-0.848175,0.444933,0.137513,-0.084213,0.372048,0.051479,-0.545212,-0.598617,0.192198,-2.535662,-0.498853,2.641461,-1.704519,-2.184071,0.759745,0.909440,-0.007128,0.009274,-0.004229,-0.028111,-0.000318,-0.006847,-0.000140
13.165974,-0.068055,0.299050,0.298697,-0.372815,-0.972314,-0.848568,0.445623,0.136384,-0.083737,0.370438,0.051041,-0.544498,-0.598959,0.192317,-2.535666,-0.498846,2.641457,-1.704543,-2.184071,0.759735,0.909440,-0.005911,0.008034,-0.004635,-0.027074,0.000715,-0.007714,0.000198
13.167073,-0.063288,0.303647,0.297411,-0.372909,-0.972250,-0.849394,0.444559,0.136650,-0.089090,0.370988,0.048438,-0.543714,-0.598941,0.192438,-2.535675,-0.498834,2.641456,-1.704572,-2.184073,0.759729,0.909438,-0.006754,0.009193,-0.004282,-0.027800,-0.000909,-0.007274,-0.001191
13.168083,-0.065394,0.300347,0.298743,-0.372684,-0.972319,-0.849839,0.445153,0.139643,-0.096792,0.373902,0.045708,-0.543085,-0.598763,0.192549,-2.535688,-0.498833,2.641455,-1.704596,-2.184074,0.759723,0.909444,-0.008995,0.006845,-0.003624,-0.027114,-0.000949,-0.006409,0.000946
13.169030,-0.063630,0.299220,0.299498,-0.372320,-0.973699,-0.850741,0.444468,0.146997,-0.104437,0.379794,0.044243,-0.542763,-0.598590,0.192640,-2.535693,-0.498821,2.641449,-1.704624,-2.184074,0.759719,0.909441,-0.007839,0.008385,-0.004239,-0.026684,-0.000879,-0.005942,-0.000264
13.170134,-0.065573,0.302482,0.298925,-0.372610,-0.974271,-0.851462,0.444780,0.157844,-0.113843,0.388443,0.042917,-0.542597,-0.598327,0.192699,-2.535705,-0.498812,2.641444,-1.704650,-2.184072,0.759715,0.909445,-0.008598,0.008827,-0.004554,-0.026424,0.000490,-0.005011,0.001118
13.171120,-0.063221,0.302132,0.295952,-0.372066,-0.974069,-0.851962,0.444805,0.170200,-0.125233,0.398560,0.041207,-0.542478,-0.597956,0.192727,-2.535710,-0.498808,2.641439,-1.704674,-2.184070,0.759711,0.909440,-0.007557,0.007132,-0.004196,-0.025553,0.001039,-0.004265,0.000494
13.172010,-0.062967,0.304162,0.298565,-0.373593,-0.975345,-0.852040,0.443914,0.180857,-0.134753,0.407145,0.040230,-0.542402,-0.597704,0.192733,-2.535721,-0.498800,2.641441,-1.704697,-2.184070,0.759706,0.909442,-0.008619,0.007227,-0.002724,-0.025541,0.000828,-0.003738,0.000440
13.173042,-0.061562,0.304142,0.296816,-0.372090,-0.973623,-0.852367,0.445070,0.189129,-0.141145,0.413500,0.040229,-0.542370,-0.597636,0.192728,-2.535730,-0.498793,2.641434,-1.704716,-2.184066,0.759702,0.909446,-0.008622,0.006115,-0.003974,-0.023540,0.002077,-0.003641,0.002226
13.174029,-0.061652,0.301743,0.296690,-0.370647,-0.973828,-0.852076,0.444748,0.196738,-0.145122,0.419036,0.040970,-0.542419,-0.597697,0.192709,-2.535741,-0.498788,2.641434,-1.704743,-2.184069,0.759698,0.909441,-0.009206,0.006073,-0.003084,-0.024439,0.000353,-0.003287,-0.000107
13.175082,-0.062708,0.305140,0.295156,-0.372691,-0.973780,-0.851566,0.445534,0.204172,-0.147472,0.424203,0.042511,-0.542586,-0.597829,0.192663,-2.535749,-0.498777,2.641434,-1.704770,-2.184071,0.759692,0.909442,-0.009057,0.007163,-0.003022,-0.025224,0.000600,-0.003551,0.000564
13.176148,-0.063253,0.303149,0.296745,-0.372855,-0.973917,-0.850891,0.444871,0.209653,-0.148985,0.427876,0.044284,-0.542748,-0.597975,0.192601,-2.535756,-0.498776,2.641432,-1.704788,-2.184074,0.759687,0.909439,-0.008433,0.005418,-0.002221,-0.022723,0.000576,-0.004029,-0.001020
13.177021,-0.061888,0.304087,0.295128,-0.371457,-0.973889,-0.850846,0.444630,0.210878,-0.150437,0.428691,0.044880,-0.542643,-0.598070,0.192555,-2.535765,-0.498768,2.641427,-1.704808,-2.184072,0.759682,0.909442,-0.008053,0.006341,-0.002970,-0.022087,0.000702,-0.004677,0.000326
13.178067,-0.061611,0.305367,0.297560,-0.371316,-0.972921,-0.850527,0.445590,0.208621,-0.152731,0.427438,0.043913,-0.542262,-0.598038,0.192541,-2.535775,-0.498763,2.641427,-1.704834,-2.184074,0.759677,0.909445,-0.008628,0.005800,-0.002156,-0.022891,0.000689,-0.004687,0.000782
13.179048,-0.061098,0.301612,0.297713,-0.371604,-0.974333,-0.851410,0.444475,0.205608,-0.154795,0.425787,0.042826,-0.541862,-0.597933,0.192548,-2.535784,-0.498759,2.641423,-1.704856,-2.184076,0.759673,0.909439,-0.008652,0.005105,-0.003333,-0.022487,-0.000272,-0.004985,-0.001138
13.180022,-0.059803,0.303174,0.294980,-0.372257,-0.973378,-0.851111,0.444428,0.204155,-0.157468,0.425542,0.041730,-0.541527,-0.597725,0.192570,-2.535793,-0.498748,2.641420,-1.704876,-2.184072,0.759671,0.909443,-0.008802,0.006886,-0.003368,-0.021711,0.001124,-0.004076,0.001119
13.181047,-0.058993,0.302429,0.295314,-0.371413,-0.973416,-0.850914,0.443878,0.204448,-0.163467,0.427364,0.039181,-0.541104,-0.597296,0.192615,-2.535804,-0.498744,2.641421,-1.704894,-2.184073,0.759663,0.909443,-0.009323,0.006023,-0.002002,-0.020629,0.000162,-0.004340,0.001192
13.182048,-0.062984,0.303292,0.296405,-0.371996,-0.974405,-0.850669,0.444735,0.205253,-0.171927,0.430112,0.035299,-0.540550,-0.596716,0.192673,-2.535815,-0.498737,2.641419,-1.704917,-2.184072,0.759657,0.909446,-0.009595,0.006330,-0.002156,-0.020929,0.000202,-0.004503,0.002292
13.182967,-0.060761,0.306274,0.297170,-0.371835,-0.973337,-0.850363,0.444090,0.204998,-0.180983,0.432241,0.030768,-0.539894,-0.596061,0.192733,-2.535819,-0.498731,2.641416,-1.704935,-2.184068,0.759652,0.909443,-0.007530,0.005814,-0.002670,-0.019897,0.001153,-0.004718,0.000562
13.183985,-0.063226,0.305686,0.296733,-0.370636,-0.973814,-0.850223,0.444190,0.202383,-0.188710,0.432482,0.026216,-0.539171,-0.595411,0.192784,-2.535829,-0.498730,2.641412,-1.704952,-2.184071,0.759649,0.909445,-0.008544,0.004306,-0.003002,-0.019652,0.000093,-0.005005,0.001873
13.185038,-0.060586,0.301339,0.292911,-0.369680,-0.972163,-0.849351,0.443631,0.197789,-0.192795,0.430664,0.022917,-0.538532,-0.594898,0.192823,-2.535833,-0.498727,2.641411,-1.704975,-2.184069,0.759645,0.909446,-0.007247,0.004575,-0.002765,-0.020322,0.000571,-0.005119,0.001654
13.186012,-0.060256,0.303334,0.295041,-0.369878,-0.971358,-0.850213,0.443246,0.191228,-0.194552,0.426992,0.020701,-0.537993,-0.594466,0.192842,-2.535846,-0.498716,2.641414,-1.704994,-2.184073,0.759639,0.909447,-0.008440,0.006637,-0.000872,-0.020805,-0.001062,-0.005961,0.002782
13.187105,-0.060391,0.310023,0.295534,-0.370315,-0.972705,-0.849446,0.444901,0.183725,-0.197104,0.422718,0.018458,-0.537474,-0.593979,0.192830,-2.535855,-0.498712,2.641409,-1.705013,-2.184076,0.759639,0.909448,-0.008482,0.005561,-0.001915,-0.020149,-0.001834,-0.005081,0.003542
13.188002,-0.059249,0.307192,0.291949,-0.371355,-0.973517,-0.849002,0.444058,0.177071,-0.197862,0.418598,0.017424,-0.537105,-0.593610,0.192782,-2.535864,-0.498714,2.641406,-1.705030,-2.184074,0.759631,0.909440,-0.008299,0.002215,-0.002116,-0.019304,-0.000480,-0.005818,0.000224
13.189021,-0.058571,0.307985,0.293994,-0.370898,-0.973428,-0.849156,0.445013,0.170495,-0.193279,0.413401,0.018726,-0.536923,-0.593561,0.192713,-2.535874,-0.498708,2.641411,-1.705044,-2.184072,0.759625,0.909444,-0.008762,0.003606,-0.000361,-0.017919,0.000303,-0.006225,0.001947
13.189975,-0.059843,0.305304,0.293332,-0.369010,-0.973002,-0.850018,0.443972,0.163697,-0.186147,0.407443,0.020840,-0.536772,-0.593673,0.192652,-2.535883,-0.498707,2.641408,-1.705062,-2.184069,0.759620,0.909443,-0.008988,0.003176,-0.001368,-0.017952,0.000181,-0.006036,0.000001
13.191022,-0.057262,0.305979,0.293551,-0.371214,-0.974321,-0.849722,0.444753,0.157936,-0.179730,0.402202,0.022819,-0.536645,-0.593766,0.192604,-2.535890,-0.498700,2.641407,-1.705083,-2.184072,0.759616,0.909447,-0.008255,0.004456,-0.001016,-0.019362,-0.000220,-0.005142,0.002107
13.191979,-0.060719,0.305845,0.294852,-0.369168,-0.972707,-0.849939,0.445275,0.151531,-0.174600,0.396399,0.024685,-0.536445,-0.593624,0.192543,-2.535906,-0.498692,2.641402,-1.705115,-2.184073,0.759607,0.909440,-0.007618,0.004078,-0.001728,-0.018438,-0.000518,-0.005169,-0.000499
13.193001,-0.058214,0.305166,0.292702,-0.369434,-0.972872,-0.850435,0.444618,0.151531,-0.174600,0.396399,0.024685,-0.536445,-0.593624,0.192543,-2.535906,-0.498692,2.641402,-1.705115,-2.184073,0.759607,0.909440,-0.007618,0.004078,-0.001728,-0.018438,-0.000518,-0.005169,-0.000499
13.193957,-0.055249,0.306592,0.295578,-0.368601,-0.972302,-0.849612,0.445667,0.149359,-0.175299,0.394735,0.024500,-0.536306,-0.593431,0.192543,-2.535917,-0.498687,2.641405,-1.705132,-2.184073,0.759603,0.909444,-0.008763,0.004358,-0.000676,-0.017737,-0.000334,-0.004647,0.000821
13.195053,-0.056798,0.302764,0.292165,-0.371230,-0.972613,-0.849379,0.445066,0.149344,-0.176960,0.394704,0.024641,-0.536292,-0.593236,0.192567,-2.535930,-0.498685,2.641402,-1.705150,-2.184074,0.759594,0.909443,-0.010095,0.003614,-0.002095,-0.018145,-0.000902,-0.005430,-0.001309
13.196118,-0.055247,0.306491,0.294021,-0.370713,-0.973213,-0.849394,0.445586,0.153259,-0.181352,0.397953,0.024278,-0.536355,-0.592931,0.192601,-2.535938,-0.498677,2.641405,-1.705158,-2.184073,0.759591,0.909447,-0.009206,0.005457,-0.000400,-0.015284,-0.000591,-0.005642,-0.000087
13.197028,-0.055294,0.307521,0.292964,-0.370028,-0.972757,-0.850574,0.444427,0.158431,-0.189934,0.402905,0.021721,-0.536203,-0.592430,0.192645,-2.535949,-0.498678,2.641401,-1.705176,-2.184073,0.759586,0.909443,-0.009862,0.003564,-0.001306,-0.015420,0.000012,-0.005595,-0.001134
13.198029,-0.056042,0.309587,0.293215,-0.371132,-0.974615,-0.850393,0.444955,0.163730,-0.198922,0.407946,0.018643,-0.535963,-0.591953,0.192701,-2.535959,-0.498675,2.641403,-1.705191,-2.184075,0.759583,0.909449,-0.009715,0.003025,-0.000781,-0.015730,-0.000439,-0.004386,0.001195
13.199132,-0.054708,0.309481,0.291152,-0.369247,-0.973687,-0.849988,0.444254,0.168458,-0.204118,0.411690,0.017182,-0.535833,-0.591743,0.192767,-2.535967,-0.498675,2.641401,-1.705202,-2.184071,0.759578,0.909446,-0.009243,0.001995,-0.000892,-0.014346,0.001403,-0.004547,0.000118
13.200155,-0.055060,0.307956,0.288285,-0.371422,-0.974258,-0.849912,0.444402,0.171201,-0.204564,0.412932,0.017701,-0.535817,-0.591839,0.192830,-2.535978,-0.498673,2.641404,-1.705219,-2.184073,0.759572,0.909449,-0.009785,0.002029,0.000110,-0.015857,0.000471,-0.004921,0.001530
13.200992,-0.055796,0.311875,0.295246,-0.370947,-0.974253,-0.851266,0.445124,0.171048,-0.201818,0.411297,0.019422,-0.535820,-0.592133,0.192874,-2.535986,-0.498670,2.641409,-1.705226,-2.184072,0.759567,0.909451,-0.009508,0.002768,0.001495,-0.013470,0.001042,-0.004960,0.001209
13.202130,-0.052585,0.307588,0.296746,-0.370000,-0.973719,-0.850723,0.444804,0.168538,-0.198308,0.407706,0.020972,-0.535723,-0.592481,0.192874,-2.535995,-0.498673,2.641399,-1.705241,-2.184072,0.759566,0.909447,-0.009020,0.000818,-0.001921,-0.013621,0.001031,-0.003587,-0.000231
13.203045,-0.053071,0.308350,0.291606,-0.370212,-0.973352,-0.851787,0.444758,0.169150,-0.195960,0.406577,0.022408,-0.535757,-0.592750,0.192797,-2.536007,-0.498667,2.641395,-1.705256,-2.184072,0.759562,0.909449,-0.010504,0.002922,-0.002589,-0.014215,0.000499,-0.004122,0.000424
13.204018,-0.052187,0.308236,0.292206,-0.369759,-0.973631,-0.850581,0.445089,0.175381,-0.196715,0.410101,0.023618,-0.536023,-0.592824,0.192649,-2.536015,-0.498666,2.641400,-1.705268,-2.184072,0.759558,0.909449,-0.010153,0.002504,-0.000052,-0.013686,0.000134,-0.003020,0.000510
13.204965,-0.054482,0.310689,0.294720,-0.370984,-0.972917,-0.851094,0.445316,0.182951,-0.199618,0.415008,0.024369,-0.536322,-0.592766,0.192446,-2.536025,-0.498664,2.641401,-1.705281,-2.184072,0.759551,0.909446,-0.010472,0.002541,-0.000385,-0.013839,0.000411,-0.004206,-0.000149
13.205971,-0.053112,0.312179,0.295075,-0.369929,-0.971805,-0.851818,0.444535,0.189304,-0.202654,0.419134,0.024944,-0.536568,-0.592663,0.192208,-2.536033,-0.498665,2.641395,-1.705290,-2.184072,0.759551,0.909444,-0.009224,0.001321,-0.001586,-0.012393,-0.000313,-0.003676,-0.000593
13.207086,-0.052966,0.311532,0.294473,-0.369802,-0.972258,-0.851247,0.445499,0.194570,-0.204260,0.422363,0.025837,-0.536794,-0.592591,0.191968,-2.536044,-0.498665,2.641393,-1.705304,-2.184074,0.759548,0.909449,-0.009793,0.000581,-0.001726,-0.013129,-0.001405,-0.002932,0.000971
13.207983,-0.054537,0.312349,0.294827,-0.370243,-0.972536,-0.851600,0.445353,0.199397,-0.203279,0.424939,0.027843,-0.537093,-0.592629,0.191749,-2.536053,-0.498661,2.641393,-1.705316,-2.184073,0.759543,0.909442,-0.009748,0.000868,-0.001416,-0.012946,-0.000945,-0.003485,-0.000966
13.208961,-0.056706,0.314183,0.295015,-0.372138,-0.972676,-0.852115,0.444874,0.203291,-0.200568,0.426685,0.030617,-0.537422,-0.592733,0.191556,-2.536060,-0.498661,2.641392,-1.705327,-2.184072,0.759540,0.909444,-0.008865,0.000444,-0.001590,-0.012245,-0.000677,-0.003109,-0.000662
13.209969,-0.054719,0.313777,0.295928,-0.370609,-0.972725,-0.851999,0.444888,0.199799,-0.192813,0.422440,0.034171,-0.537383,-0.592999,0.191284,-2.536079,-0.498662,2.641388,-1.705347,-2.184072,0.759533,0.909449,-0.008572,-0.000246,-0.002091,-0.011429,-0.000489,-0.002672,0.000250
13.211170,-0.055489,0.316090,0.293757,-0.373353,-0.973025,-0.853077,0.444575,0.199799,-0.192813,0.422440,0.034171,-0.537383,-0.592999,0.191284,-2.536079,-0.498662,2.641388,-1.705347,-2.184072,0.759533,0.909449,-0.008572,-0.000246,-0.002091,-0.011429,-0.000489,-0.002672,0.000250
13.212027,-0.053373,0.316948,0.293631,-0.372872,-0.972447,-0.852021,0.445189,0.193982,-0.188112,0.417590,0.034931,-0.537083,-0.593147,0.191194,-2.536087,-0.498664,2.641389,-1.705348,-2.184069,0.759534,0.909449,-0.008080,-0.001396,-0.001003,-0.008600,-0.000219,-0.001583,0.000880
13.213006,-0.053813,0.315322,0.293760,-0.371721,-0.972363,-0.851275,0.445338,0.178926,-0.176589,0.405444,0.035278,-0.536180,-0.593552,0.191072,-2.536106,-0.498664,2.641386,-1.705370,-2.184073,0.759523,0.909442,-0.008691,-0.000993,-0.000987,-0.009747,-0.000848,-0.003340,-0.000628
13.214032,-0.052909,0.315506,0.297133,-0.371440,-0.972448,-0.850206,0.444657,0.178926,-0.176589,0.405444,0.035278,-0.536180,-0.593552,0.191072,-2.536106,-0.498664,2.641386,-1.705370,-2.184073,0.759523,0.909442,-0.008691,-0.000993,-0.000987,-0.009747,-0.000848,-0.003340,-0.000628
13.214997,-0.049764,0.319283,0.294781,-0.372826,-0.972466,-0.850858,0.444891,0.174171,-0.171828,0.401644,0.035666,-0.535892,-0.593621,0.191040,-2.536115,-0.498664,2.641382,-1.705383,-2.184073,0.759517,0.909446,-0.009033,-0.001096,-0.002634,-0.009721,-0.000759,-0.004379,0.000735
13.216039,-0.052083,0.311960,0.292339,-0.372126,-0.972534,-0.852349,0.444736,0.174495,-0.168259,0.401789,0.036805,-0.535898,-0.593534,0.191025,-2.536128,-0.498671,2.641381,-1.705388,-2.184072,0.759519,0.909447,-0.010458,-0.002919,-0.001425,-0.008190,-0.000749,-0.003720,0.000246
13.216958,-0.051983,0.313489,0.292648,-0.372277,-0.972861,-0.852176,0.444949,0.178058,-0.166210,0.404610,0.037983,-0.536024,-0.593327,0.191019,-2.536136,-0.498661,2.641382,-1.705398,-2.184072,0.759519,0.909448,-0.009180,0.000687,-0.000210,-0.008659,-0.000688,-0.002219,0.000557
13.218087,-0.055030,0.314376,0.291554,-0.374981,-0.972905,-0.851363,0.444870,0.179004,-0.174907,0.408358,0.033871,-0.535425,-0.592235,0.191002,-2.536151,-0.498664,2.641383,-1.705406,-2.184072,0.759510,0.909449,-0.007531,-0.000525,0.000167,-0.005597,-0.000309,-0.003176,0.000286
13.219063,-0.052784,0.312995,0.293685,-0.373668,-0.973683,-0.850836,0.444627,0.179004,-0.174907,0.408358,0.033871,-0.535425,-0.592235,0.191002,-2.536151,-0.498664,2.641383,-1.705406,-2.184072,0.759510,0.909449,-0.007531,-0.000525,0.000167,-0.005597,-0.000309,-0.003176,0.000286
13.220050,-0.049489,0.317977,0.291835,-0.372677,-0.972799,-0.852210,0.445387,0.173001,-0.184088,0.406665,0.028103,-0.534521,-0.591412,0.190993,-2.536162,-0.498663,2.641378,-1.705416,-2.184070,0.759506,0.909451,-0.008544,0.000155,-0.000863,-0.006701,0.000453,-0.003676,0.000769
13.220998,-0.052020,0.317431,0.292550,-0.372120,-0.971405,-0.852970,0.445526,0.164461,-0.196869,0.404515,0.020882,-0.533364,-0.590084,0.190934,-2.536180,-0.498670,2.641379,-1.705434,-2.184075,0.759503,0.909444,-0.008687,-0.001973,-0.000303,-0.007819,-0.001799,-0.001510,-0.001012
13.222030,-0.052198,0.312497,0.294132,-0.372736,-0.974192,-0.853181,0.444696,0.164461,-0.196869,0.404515,0.020882,-0.533364,-0.590084,0.190934,-2.536180,-0.498670,2.641379,-1.705434,-2.184075,0.759503,0.909444,-0.008687,-0.001973,-0.000303,-0.007819,-0.001799,-0.001510,-0.001012
13.223015,-0.052266,0.312328,0.290139,-0.374793,-0.972736,-0.852440,0.444763,0.160781,-0.201938,0.404029,0.020402,-0.533147,-0.589312,0.190924,-2.536198,-0.498664,2.641380,-1.705441,-2.184072,0.759495,0.909450,-0.008357,0.000504,0.000918,-0.004947,-0.000496,-0.002011,0.000495
13.224058,-0.051092,0.311969,0.292555,-0.374392,-0.974169,-0.853440,0.444717,0.160781,-0.201938,0.404029,0.020402,-0.533147,-0.589312,0.190924,-2.536198,-0.498664,2.641380,-1.705441,-2.184072,0.759495,0.909450,-0.008357,0.000504,0.000918,-0.004947,-0.000496,-0.002011,0.000495
13.225040,-0.050982,0.313963,0.291783,-0.373800,-0.972561,-0.852786,0.444169,0.157511,-0.211942,0.404328,0.016135,-0.532597,-0.588541,0.190973,-2.536210,-0.498664,2.641378,-1.705446,-2.184068,0.759496,0.909450,-0.008811,0.000684,-0.000301,-0.005253,0.000925,-0.000995,0.000588
13.225997,-0.052604,0.314794,0.290460,-0.373596,-0.972618,-0.853439,0.445028,0.154565,-0.224305,0.405314,0.010580,-0.531938,-0.587672,0.191038,-2.536218,-0.498668,2.641379,-1.705454,-2.184074,0.759494,0.909452,-0.008763,-0.000275,0.000097,-0.005652,-0.000658,-0.001653,0.001687
13.226950,-0.052845,0.312903,0.291874,-0.372611,-0.973079,-0.852388,0.444954,0.151454,-0.234542,0.405679,0.006057,-0.531378,-0.586959,0.191099,-2.536225,-0.498669,2.641380,-1.705461,-2.184074,0.759491,0.909448,-0.007855,-0.000682,0.000746,-0.005686,-0.000584,-0.000970,-0.000047
13.228083,-0.053307,0.315067,0.291189,-0.372714,-0.972391,-0.852585,0.444652,0.146228,-0.241066,0.403698,0.003137,-0.530898,-0.586471,0.191128,-2.536232,-0.498667,2.641378,-1.705470,-2.184072,0.759485,0.909450,-0.007654,0.000250,0.000049,-0.006472,-0.000132,-0.002004,0.000115
13.229041,-0.051899,0.314399,0.290474,-0.373359,-0.974051,-0.853288,0.443865,0.139493,-0.244759,0.399995,0.001653,-0.530521,-0.586125,0.191116,-2.536240,-0.498670,2.641378,-1.705476,-2.184074,0.759484,0.909451,-0.007337,-0.000807,0.000402,-0.006202,-0.000815,-0.001785,0.000719
13.229974,-0.051879,0.315355,0.290301,-0.374641,-0.971467,-0.852864,0.444876,0.132121,-0.245784,0.395256,0.001511,-0.530264,-0.585910,0.191078,-2.536248,-0.498669,2.641380,-1.705480,-2.184070,0.759482,0.909454,-0.007943,-0.000477,0.000738,-0.005448,0.000829,-0.001070,0.002290
13.231071,-0.052040,0.313005,0.293376,-0.374224,-0.971757,-0.852269,0.445029,0.124752,-0.245354,0.390222,0.001764,-0.530034,-0.585791,0.191020,-2.536255,-0.498672,2.641382,-1.705483,-2.184074,0.759479,0.909449,-0.007866,-0.000924,0.000797,-0.004092,-0.001758,-0.001483,0.000254
13.232057,-0.053220,0.315635,0.290947,-0.370549,-0.972998,-0.852298,0.444276,0.118697,-0.246258,0.386438,0.000941,-0.529722,-0.585606,0.190938,-2.536263,-0.498670,2.641378,-1.705490,-2.184074,0.759475,0.909449,-0.007687,0.000246,-0.000709,-0.004372,-0.001439,-0.002059,-0.000039
13.232972,-0.054183,0.313987,0.292192,-0.374442,-0.972348,-0.852583,0.444599,0.114625,-0.247582,0.384129,0.000217,-0.529519,-0.585360,0.190836,-2.536270,-0.498673,2.641382,-1.705503,-2.184072,0.759472,0.909452,-0.007015,-0.001065,0.000485,-0.007746,-0.000205,-0.002002,0.001474
13.234042,-0.053576,0.319982,0.289893,-0.373572,-0.973579,-0.852592,0.443824,0.110615,-0.246617,0.381301,0.001029,-0.529529,-0.585190,0.190726,-2.536276,-0.498669,2.641380,-1.705498,-2.184076,0.759469,0.909449,-0.006456,-0.000264,-0.000130,-0.003909,-0.000841,-0.001701,0.000817
13.235063,-0.053930,0.314805,0.289999,-0.371375,-0.973488,-0.851384,0.444564,0.104439,-0.242748,0.376280,0.002567,-0.529529,-0.585165,0.190625,-2.536285,-0.498678,2.641382,-1.705505,-2.184072,0.759466,0.909454,-0.006667,-0.003195,0.001012,-0.004661,0.000377,-0.001676,0.002372
13.235999,-0.051069,0.317317,0.294242,-0.373148,-0.972178,-0.851693,0.445188,0.096205,-0.234789,0.368844,0.005473,-0.529584,-0.585348,0.190533,-2.536293,-0.498673,2.641382,-1.705516,-2.184071,0.759462,0.909451,-0.006383,-0.000610,0.000947,-0.006593,0.000257,-0.002870,0.000874
13.237049,-0.053714,0.315284,0.296121,-0.371737,-0.973454,-0.851757,0.444639,0.089905,-0.225243,0.362269,0.009768,-0.529880,-0.585572,0.190436,-2.536302,-0.498677,2.641376,-1.705517,-2.184075,0.759460,0.909448,-0.007728,-0.001858,-0.001123,-0.004777,-0.001026,-0.002537,-0.000360
13.238008,-0.051923,0.314079,0.293279,-0.372529,-0.973974,-0.851559,0.444752,0.089899,-0.218053,0.360545,0.014149,-0.530444,-0.585621,0.190345,-2.536304,-0.498675,2.641373,-1.705526,-2.184072,0.759458,0.909450,-0.006350,-0.000844,-0.002022,-0.006001,0.000244,-0.002458,0.000751
13.238966,-0.050788,0.317861,0.296311,-0.373542,-0.973165,-0.851726,0.444817,0.095141,-0.214337,0.363213,0.017881,-0.531165,-0.585451,0.190290,-2.536311,-0.498674,2.641377,-1.705529,-2.184069,0.759453,0.909448,-0.007177,-0.000248,-0.000618,-0.005107,0.000732,-0.002632,0.000521
13.240075,-0.051824,0.315502,0.294840,-0.371874,-0.972667,-0.852075,0.445606,0.103693,-0.213492,0.368789,0.020745,-0.531928,-0.585126,0.190281,-2.536319,-0.498680,2.641373,-1.705531,-2.184071,0.759453,0.909451,-0.007649,-0.002092,-0.002119,-0.004056,-0.000068,-0.002463,0.000382
13.240964,-0.052750,0.313242,0.293936,-0.371870,-0.971515,-0.850701,0.444210,0.115072,-0.213319,0.376483,0.023541,-0.532756,-0.584806,0.190299,-2.536325,-0.498677,2.641373,-1.705540,-2.184072,0.759453,0.909446,-0.007046,-0.000923,-0.001361,-0.005530,-0.000556,-0.002109,-0.001192
13.241982,-0.052834,0.314487,0.292013,-0.371899,-0.973836,-0.851204,0.444822,0.126546,-0.213887,0.384310,0.026119,-0.533532,-0.584493,0.190348,-2.536329,-0.498676,2.641373,-1.705543,-2.184075,0.759449,0.909452,-0.006536,0.000198,-0.000912,-0.005433,-0.001681,-0.003475,0.001621
13.243099,-0.053942,0.315262,0.293004,-0.371563,-0.973814,-0.849914,0.444656,0.134936,-0.215863,0.390112,0.027816,-0.534079,-0.584140,0.190444,-2.536335,-0.498678,2.641375,-1.705548,-2.184072,0.759448,0.909450,-0.006429,-0.000419,0.000034,-0.005295,0.000636,-0.002947,0.000362
13.244053,-0.051850,0.312223,0.292592,-0.370489,-0.972861,-0.851337,0.444207,0.139194,-0.217209,0.392752,0.029414,-0.534437,-0.583847,0.190581,-2.536339,-0.498682,2.641375,-1.705555,-2.184071,0.759442,0.909449,-0.005819,-0.000759,-0.000476,-0.005458,0.000583,-0.004219,0.000714
13.245011,-0.054363,0.315063,0.295269,-0.372218,-0.973754,-0.851379,0.444974,0.141156,-0.217452,0.393446,0.031605,-0.534759,-0.583625,0.190728,-2.536348,-0.498677,2.641375,-1.705562,-2.184072,0.759442,0.909454,-0.006782,0.000723,-0.000263,-0.006388,-0.000364,-0.002771,0.001600
13.246015,-0.052389,0.316935,0.293106,-0.373434,-0.973490,-0.851392,0.444799,0.143225,-0.218112,0.394247,0.033994,-0.535089,-0.583398,0.190851,-2.536350,-0.498681,2.641371,-1.705563,-2.184068,0.759440,0.909451,-0.005471,-0.000683,-0.001571,-0.004604,0.000508,-0.002731,0.000054
13.247069,-0.050233,0.316182,0.290971,-0.371089,-0.973045,-0.850925,0.444839,0.145109,-0.218357,0.394916,0.036283,-0.535354,-0.583232,0.190924,-2.536361,-0.498683,2.641373,-1.705563,-2.184070,0.759438,0.909452,-0.006356,-0.001584,-0.000490,-0.003387,0.000247,-0.002707,0.000418
13.248102,-0.051313,0.315664,0.288317,-0.371711,-0.972777,-0.851462,0.444291,0.146665,-0.216016,0.394920,0.039363,-0.535632,-0.583264,0.190952,-2.536368,-0.498681,2.641375,-1.705573,-2.184071,0.759437,0.909451,-0.007351,-0.001217,0.000556,-0.005532,-0.000185,-0.003171,0.000337
13.249050,-0.049371,0.311736,0.291563,-0.371386,-0.973021,-0.850754,0.444857,0.147711,-0.210401,0.393841,0.044076,-0.536036,-0.583533,0.190946,-2.536372,-0.498681,2.641379,-1.705575,-2.184072,0.759433,0.909453,-0.006736,-0.000967,0.001838,-0.004834,-0.000442,-0.002604,0.001435
13.249987,-0.052288,0.311974,0.290555,-0.373249,-0.971738,-0.852454,0.444826,0.148492,-0.204828,0.392477,0.049002,-0.536460,-0.583830,0.190914,-2.536383,-0.498677,2.641375,-1.705581,-2.184072,0.759428,0.909450,-0.007597,0.000967,0.000233,-0.005026,-0.000199,-0.003294,0.000293
13.251083,-0.051411,0.313882,0.290409,-0.372597,-0.972194,-0.851767,0.444885,0.150196,-0.204195,0.392748,0.051611,-0.536688,-0.583868,0.190864,-2.536387,-0.498675,2.641377,-1.705581,-2.184074,0.759430,0.909452,-0.006071,0.000806,0.000736,-0.003144,-0.001473,-0.001580,0.000361
13.252191,-0.051933,0.314591,0.291500,-0.370920,-0.973405,-0.851424,0.444636,0.151023,-0.207782,0.393304,0.051504,-0.536581,-0.583705,0.190812,-2.536393,-0.498677,2.641379,-1.705585,-2.184073,0.759426,0.909452,-0.006447,-0.000136,0.000780,-0.003725,-0.001009,-0.002264,0.000241
13.253105,-0.049129,0.314494,0.287714,-0.373105,-0.972686,-0.851137,0.445153,0.150474,-0.210591,0.392765,0.051307,-0.536403,-0.583614,0.190757,-2.536397,-0.498677,2.641377,-1.705594,-2.184071,0.759424,0.909453,-0.006135,-0.000485,0.000250,-0.005185,0.000187,-0.002592,0.000740
13.254082,-0.050745,0.314413,0.289026,-0.371814,-0.972335,-0.851515,0.445019,0.149959,-0.210510,0.391682,0.052631,-0.536405,-0.583693,0.190689,-2.536407,-0.498677,2.641381,-1.705592,-2.184072,0.759420,0.909450,-0.007427,-0.000433,0.002122,-0.003000,-0.000536,-0.002856,-0.000298
13.254973,-0.052310,0.313484,0.289863,-0.371595,-0.973188,-0.850280,0.444452,0.149088,-0.208700,0.390029,0.054575,-0.536475,-0.583891,0.190606,-2.536413,-0.498679,2.641382,-1.705599,-2.184073,0.759416,0.909450,-0.006531,-0.000366,0.001428,-0.004173,-0.000876,-0.002450,-0.000017
13.256005,-0.050987,0.314361,0.292146,-0.371140,-0.972483,-0.850025,0.444929,0.147153,-0.206188,0.387510,0.056570,-0.536549,-0.584133,0.190527,-2.536418,-0.498677,2.641382,-1.705601,-2.184071,0.759412,0.909453,-0.005690,0.000085,0.001008,-0.004323,-0.000034,-0.003673,0.001114
13.257152,-0.052636,0.312386,0.293833,-0.371293,-0.971921,-0.849434,0.444702,0.145249,-0.203604,0.385048,0.058712,-0.536716,-0.584339,0.190456,-2.536426,-0.498679,2.641380,-1.705607,-2.184072,0.759410,0.909451,-0.006266,-0.000347,-0.000121,-0.004644,-0.000746,-0.003909,0.000148
13.258011,-0.050573,0.310199,0.291888,-0.371247,-0.972173,-0.850503,0.444515,0.145549,-0.202260,0.384507,0.060645,-0.537031,-0.584426,0.190381,-2.536431,-0.498677,2.641377,-1.705611,-2.184073,0.759405,0.909453,-0.005370,0.000632,-0.000913,-0.004389,-0.001291,-0.004471,0.000610
13.259007,-0.052725,0.313406,0.295722,-0.372626,-0.973055,-0.849672,0.445096,0.148383,-0.204399,0.386588,0.061195,-0.537374,-0.584292,0.190299,-2.536439,-0.498673,2.641380,-1.705614,-2.184073,0.759404,0.909454,-0.006324,0.001681,0.000037,-0.004363,-0.001031,-0.003383,0.000978
13.259991,-0.049928,0.313336,0.291865,-0.371225,-0.973879,-0.849708,0.445288,0.153014,-0.210268,0.390831,0.059885,-0.537645,-0.583947,0.190204,-2.536442,-0.498677,2.641374,-1.705615,-2.184072,0.759402,0.909451,-0.005196,0.000095,-0.001841,-0.002942,-0.000151,-0.004221,-0.000187
13.260951,-0.053075,0.310836,0.295494,-0.371311,-0.974025,-0.850352,0.444638,0.158764,-0.216521,0.396097,0.058123,-0.537946,-0.583570,0.190086,-2.536451,-0.498677,2.641377,-1.705622,-2.184071,0.759399,0.909450,-0.006509,0.000146,0.000086,-0.004194,0.000657,-0.004157,-0.000559
13.262111,-0.052887,0.310303,0.292455,-0.372071,-0.975751,-0.850478,0.445188,0.164888,-0.221590,0.401476,0.056872,-0.538354,-0.583238,0.189961,-2.536451,-0.498673,2.641373,-1.705626,-2.184071,0.759395,0.909453,-0.004900,0.001364,-0.001717,-0.004012,0.000793,-0.003481,0.000743
13.262982,-0.051881,0.312488,0.297338,-0.372119,-0.974014,-0.850010,0.445403,0.169847,-0.227527,0.406272,0.054999,-0.538690,-0.582838,0.189852,-2.536457,-0.498671,2.641378,-1.705628,-2.184069,0.759391,0.909451,-0.004944,0.001600,-0.000216,-0.003204,0.002516,-0.003337,-0.000371
13.263999,-0.054070,0.314042,0.291056,-0.372042,-0.973369,-0.849944,0.444638,0.173748,-0.234756,0.410696,0.052102,-0.538891,-0.582351,0.189757,-2.536460,-0.498673,2.641373,-1.705629,-2.184073,0.759386,0.909450,-0.005410,0.000515,-0.002637,-0.003120,0.000785,-0.003783,-0.000793
13.265009,-0.055480,0.311374,0.294796,-0.370932,-0.975121,-0.848472,0.445605,0.176375,-0.240116,0.413982,0.049521,-0.539055,-0.581963,0.189674,-2.536464,-0.498675,2.641379,-1.705632,-2.184074,0.759382,0.909453,-0.004259,-0.000235,0.000489,-0.003132,0.000162,-0.003821,0.000745
13.266037,-0.050619,0.314315,0.293779,-0.371669,-0.974624,-0.848959,0.445116,0.174525,-0.241651,0.413430,0.047835,-0.539123,-0.581773,0.189609,-2.536468,-0.498671,2.641373,-1.705637,-2.184069,0.759377,0.909449,-0.003510,0.001075,-0.001364,-0.004146,0.001893,-0.005278,-0.001203
13.267053,-0.050741,0.311108,0.291976,-0.371512,-0.973196,-0.848801,0.444528,0.170554,-0.240707,0.410985,0.047142,-0.539237,-0.581690,0.189558,-2.536477,-0.498675,2.641373,-1.705639,-2.184068,0.759374,0.909451,-0.005860,-0.000379,-0.000832,-0.003322,0.001364,-0.004752,-0.000206
13.268116,-0.051502,0.310978,0.287787,-0.371813,-0.973520,-0.848814,0.444206,0.169135,-0.238975,0.410297,0.047396,-0.539558,-0.581667,0.189538,-2.536482,-0.498671,2.641373,-1.705643,-2.184073,0.759369,0.909452,-0.005707,0.001211,0.000073,-0.003400,-0.000027,-0.004883,0.000967
13.269050,-0.052184,0.311356,0.291584,-0.372208,-0.974133,-0.847698,0.444620,0.167975,-0.237856,0.409940,0.047353,-0.539839,-0.581685,0.189572,-2.536485,-0.498670,2.641379,-1.705645,-2.184074,0.759367,0.909455,-0.005295,0.001240,0.002111,-0.003058,0.000321,-0.004859,0.001592
13.270006,-0.048896,0.309846,0.291320,-0.371908,-0.973273,-0.847539,0.445153,0.164037,-0.237808,0.407820,0.046177,-0.539867,-0.581713,0.189652,-2.536488,-0.498669,2.641374,-1.705646,-2.184072,0.759359,0.909452,-0.004913,0.001043,0.000225,-0.002636,0.000923,-0.005934,0.000763
13.271082,-0.052512,0.310952,0.293436,-0.372582,-0.974555,-0.847064,0.444424,0.160406,-0.239529,0.406289,0.044071,-0.539786,-0.581668,0.189752,-2.536499,-0.498667,2.641376,-1.705650,-2.184073,0.759351,0.909448,-0.006444,0.001780,0.000359,-0.002839,0.000056,-0.006041,-0.000288
13.272121,-0.052073,0.316538,0.293704,-0.372812,-0.974373,-0.847021,0.445098,0.159959,-0.243821,0.407546,0.041202,-0.539732,-0.581477,0.189870,-2.536499,-0.498667,2.641373,-1.705651,-2.184068,0.759345,0.909453,-0.004602,0.001220,-0.000674,-0.002137,0.001305,-0.006478,0.001175
13.273007,-0.051475,0.312009,0.294233,-0.373098,-0.971456,-0.846771,0.444075,0.160624,-0.247207,0.409442,0.038742,-0.539749,-0.581332,0.190016,-2.536505,-0.498675,2.641371,-1.705653,-2.184069,0.759339,0.909450,-0.004774,-0.001504,-0.000773,-0.001852,0.001124,-0.006486,-0.000192
13.274083,-0.052362,0.311669,0.290766,-0.372362,-0.973083,-0.846229,0.444801,0.161217,-0.247295,0.410707,0.037482,-0.539856,-0.581380,0.190176,-2.536511,-0.498670,2.641370,-1.705654,-2.184076,0.759336,0.909457,-0.005005,0.000746,-0.001033,-0.001547,-0.001752,-0.006718,0.001861
13.275058,-0.052086,0.314436,0.289786,-0.371985,-0.973174,-0.846425,0.444806,0.161426,-0.247192,0.411711,0.036056,-0.539896,-0.581460,0.190326,-2.536512,-0.498670,2.641375,-1.705660,-2.184073,0.759330,0.909452,-0.004538,0.000896,0.000667,-0.002141,-0.000110,-0.007224,0.000395
13.275997,-0.053135,0.314258,0.290510,-0.372916,-0.973550,-0.845610,0.445365,0.159040,-0.246447,0.410685,0.034709,-0.539819,-0.581603,0.190447,-2.536517,-0.498671,2.641375,-1.705664,-2.184072,0.759322,0.909453,-0.004625,-0.000483,0.001144,-0.002430,-0.000041,-0.006977,0.000395
13.277041,-0.053812,0.313218,0.291791,-0.373288,-0.974765,-0.846347,0.444144,0.153234,-0.242187,0.406418,0.034766,-0.539716,-0.581969,0.190535,-2.536519,-0.498671,2.641375,-1.705664,-2.184074,0.759316,0.909449,-0.004070,-0.000379,0.000772,-0.001473,0.000360,-0.007762,-0.000716
13.278022,-0.050212,0.311534,0.295139,-0.373042,-0.974603,-0.846414,0.443461,0.145338,-0.236393,0.400327,0.035262,-0.539526,-0.582432,0.190602,-2.536522,-0.498670,2.641373,-1.705665,-2.184072,0.759311,0.909456,-0.003694,0.000125,0.000155,-0.001085,0.001559,-0.006984,0.001733
13.279057,-0.052364,0.311245,0.295123,-0.372849,-0.973865,-0.846440,0.445209,0.139832,-0.233177,0.396484,0.035016,-0.539314,-0.582766,0.190656,-2.536529,-0.498665,2.641368,-1.705668,-2.184072,0.759303,0.909460,-0.005431,0.000920,-0.001473,-0.001279,0.001385,-0.006874,0.003073
13.280055,-0.054146,0.311709,0.290502,-0.373550,-0.974337,-0.845626,0.444324,0.140947,-0.234672,0.398324,0.033959,-0.539258,-0.582856,0.190677,-2.536530,-0.498665,2.641366,-1.705669,-2.184072,0.759298,0.909450,-0.004313,0.001049,-0.001424,-0.001452,0.000642,-0.006819,-0.000433
13.280998,-0.055267,0.309181,0.294066,-0.372012,-0.973152,-0.846162,0.445513,0.144207,-0.239112,0.402290,0.032103,-0.539200,-0.582806,0.190658,-2.536533,-0.498667,2.641372,-1.705667,-2.184070,0.759292,0.909455,-0.003395,0.000836,0.000842,-0.000778,0.001104,-0.007605,0.001371
13.282054,-0.055726,0.312013,0.294403,-0.372157,-0.972813,-0.846213,0.445462,0.143781,-0.244447,0.403785,0.029383,-0.538930,-0.582731,0.190621,-2.536536,-0.498661,2.641368,-1.705673,-2.184073,0.759285,0.909450,-0.002801,0.002052,-0.000934,-0.002191,-0.000067,-0.007011,-0.001033
13.283079,-0.053217,0.312154,0.292520,-0.373172,-0.973126,-0.845616,0.445473,0.140722,-0.249949,0.403387,0.026537,-0.538580,-0.582673,0.190572,-2.536539,-0.498665,2.641366,-1.705674,-2.184073,0.759279,0.909453,-0.002538,0.000649,-0.001065,-0.002011,-0.000397,-0.006930,-0.000914
13.284053,-0.055910,0.312156,0.294053,-0.372895,-0.974208,-0.847046,0.444720,0.137333,-0.253945,0.402407,0.024637,-0.538317,-0.582737,0.190521,-2.536545,-0.498665,2.641368,-1.705673,-2.184076,0.759272,0.909454,-0.003729,0.000594,-0.000134,-0.001016,-0.000054,-0.007493,-0.000941
13.284973,-0.054242,0.314268,0.292317,-0.371712,-0.973900,-0.847335,0.444794,0.134097,-0.255922,0.401091,0.023714,-0.538132,-0.582961,0.190494,-2.536545,-0.498664,2.641366,-1.705675,-2.184072,0.759270,0.909455,-0.002359,0.000578,-0.000901,-0.001263,0.001004,-0.006033,0.000576
13.286096,-0.053493,0.314255,0.293233,-0.373370,-0.974053,-0.847763,0.445323,0.130742,-0.254960,0.399039,0.024324,-0.538071,-0.583401,0.190503,-2.536550,-0.498664,2.641367,-1.705679,-2.184072,0.759260,0.909453,-0.003156,-0.000488,-0.000020,-0.002341,0.000674,-0.005693,0.000417
13.287085,-0.053103,0.312437,0.291287,-0.374397,-0.974600,-0.846803,0.444626,0.127954,-0.249965,0.396507,0.027209,-0.538227,-0.584119,0.190537,-2.536555,-0.498665,2.641364,-1.705676,-2.184072,0.759255,0.909452,-0.003466,-0.000457,-0.000464,-0.000735,0.000837,-0.005235,-0.000647
13.287994,-0.053621,0.310955,0.290123,-0.373144,-0.974204,-0.847133,0.444645,0.126519,-0.244122,0.394757,0.030535,-0.538424,-0.584921,0.190594,-2.536560,-0.498663,2.641366,-1.705674,-2.184071,0.759248,0.909455,-0.003597,0.000437,0.000503,0.000241,0.001379,-0.006167,0.000761
13.289022,-0.053626,0.314068,0.291003,-0.374000,-0.973153,-0.846454,0.444535,0.125367,-0.240939,0.393725,0.032300,-0.538445,-0.585586,0.190672,-2.536563,-0.498661,2.641368,-1.705676,-2.184072,0.759244,0.909455,-0.003296,0.001151,0.001061,-0.000978,0.000984,-0.005799,0.000708
13.290070,-0.051670,0.313229,0.291778,-0.372086,-0.973839,-0.847871,0.444342,0.123541,-0.239498,0.392472,0.033008,-0.538334,-0.586143,0.190742,-2.536565,-0.498665,2.641368,-1.705675,-2.184074,0.759238,0.909454,-0.003275,-0.000378,0.000611,-0.000139,-0.000057,-0.006449,0.000938
13.291017,-0.054301,0.311122,0.294711,-0.374281,-0.974621,-0.846872,0.444295,0.122798,-0.237135,0.391655,0.034429,-0.538338,-0.586736,0.190778,-2.536572,-0.498663,2.641367,-1.705681,-2.184074,0.759234,0.909456,-0.004178,0.000044,0.000232,-0.001941,0.000647,-0.004992,0.001315
13.292005,-0.055686,0.311909,0.296433,-0.372654,-0.973533,-0.846922,0.444540,0.125498,-0.235149,0.393209,0.036462,-0.538549,-0.587282,0.190771,-2.536572,-0.498661,2.641363,-1.705676,-2.184071,0.759228,0.909456,-0.002840,0.001073,-0.001196,0.000175,0.001398,-0.005976,0.001405
13.292967,-0.055249,0.312636,0.293099,-0.373364,-0.974373,-0.847118,0.444977,0.130975,-0.236509,0.397371,0.037387,-0.538790,-0.587580,0.190728,-2.536574,-0.498661,2.641359,-1.705679,-2.184072,0.759223,0.909455,-0.002132,0.000664,-0.002002,-0.001399,0.000307,-0.005887,0.000916
13.294055,-0.053623,0.313688,0.294034,-0.373194,-0.973286,-0.847969,0.444101,0.136582,-0.239513,0.401994,0.037541,-0.539003,-0.587715,0.190654,-2.536577,-0.498663,2.641362,-1.705680,-2.184071,0.759218,0.909453,-0.002321,0.000326,-0.000344,-0.000664,0.001151,-0.005656,0.000043
13.295073,-0.055467,0.315432,0.294630,-0.373766,-0.973459,-0.847477,0.444579,0.141104,-0.241130,0.405579,0.038195,-0.539262,-0.587894,0.190558,-2.536582,-0.498663,2.641361,-1.705681,-2.184074,0.759216,0.909457,-0.003082,-0.000195,-0.000829,-0.000813,0.000077,-0.004789,0.001807
13.296093,-0.052443,0.313236,0.293423,-0.373831,-0.972295,-0.848131,0.444467,0.145053,-0.240202,0.408265,0.039804,-0.539602,-0.588197,0.190453,-2.536583,-0.498667,2.641360,-1.705679,-2.184072,0.759210,0.909454,-0.002123,-0.001030,-0.001103,-0.000277,0.000246,-0.005258,0.000836
13.297027,-0.051163,0.314725,0.292520,-0.374869,-0.972721,-0.847628,0.444518,0.148962,-0.237501,0.410616,0.041951,-0.539981,-0.588564,0.190354,-2.536591,-0.498663,2.641359,-1.705681,-2.184074,0.759206,0.909456,-0.003568,0.000048,-0.000490,-0.000179,-0.000915,-0.004570,0.001065
13.298012,-0.054278,0.312125,0.291020,-0.373256,-0.972490,-0.848974,0.445164,0.154086,-0.235198,0.413946,0.043726,-0.540335,-0.588861,0.190273,-2.536595,-0.498667,2.641361,-1.705679,-2.184073,0.759202,0.909456,-0.004158,-0.000675,-0.000061,0.000831,-0.000482,-0.005057,0.000959
13.298961,-0.054102,0.315730,0.293848,-0.374044,-0.972608,-0.849921,0.444694,0.159398,-0.233797,0.417581,0.044847,-0.540604,-0.589054,0.190220,-2.536592,-0.498664,2.641361,-1.705681,-2.184073,0.759201,0.909452,-0.002609,0.000607,0.000692,-0.000754,-0.000719,-0.003689,-0.000329
13.300080,-0.054881,0.315709,0.291643,-0.373135,-0.973011,-0.850286,0.445276,0.162365,-0.231873,0.419419,0.045836,-0.540771,-0.589236,0.190195,-2.536595,-0.498667,2.641358,-1.705679,-2.184074,0.759198,0.909456,-0.002682,-0.001181,-0.000701,0.000009,-0.000589,-0.002728,0.000616
13.301008,-0.053810,0.310666,0.289672,-0.373222,-0.971400,-0.849921,0.444009,0.162891,-0.227174,0.419007,0.047829,-0.540953,-0.589553,0.190190,-2.536598,-0.498667,2.641357,-1.705681,-2.184072,0.759197,0.909453,-0.002248,-0.001159,0.000433,-0.000865,-0.000199,-0.002361,-0.000556
13.302011,-0.054505,0.314638,0.293217,-0.373245,-0.973883,-0.850185,0.444825,0.157980,-0.216610,0.413878,0.051966,-0.541145,-0.590203,0.190218,-2.536604,-0.498665,2.641357,-1.705683,-2.184072,0.759188,0.909457,-0.002365,-0.000664,-0.000378,-0.000703,0.000686,-0.002410,0.000324
13.303129,-0.056623,0.315182,0.289193,-0.374982,-0.974398,-0.849257,0.444786,0.157980,-0.216610,0.413878,0.051966,-0.541145,-0.590203,0.190218,-2.536604,-0.498665,2.641357,-1.705683,-2.184072,0.759188,0.909457,-0.002365,-0.000664,-0.000378,-0.000703,0.000686,-0.002410,0.000324
13.304012,-0.054006,0.314169,0.291828,-0.374087,-0.973222,-0.849889,0.444679,0.153707,-0.212672,0.410422,0.053185,-0.541117,-0.590390,0.190215,-2.536604,-0.498665,2.641362,-1.705679,-2.184072,0.759184,0.909458,-0.001303,-0.000918,0.001609,0.000958,0.001181,-0.003327,0.000417
13.304992,-0.054309,0.311754,0.292871,-0.373574,-0.973160,-0.850920,0.445099,0.147178,-0.208100,0.405360,0.053997,-0.540982,-0.590548,0.190174,-2.536608,-0.498665,2.641360,-1.705681,-2.184074,0.759184,0.909460,-0.002577,-0.000410,0.000281,0.000087,0.000012,-0.002681,0.000626
13.306012,-0.057412,0.314147,0.294900,-0.374526,-0.973658,-0.850577,0.444640,0.142294,-0.205512,0.401928,0.054091,-0.540862,-0.590534,0.190081,-2.536609,-0.498661,2.641358,-1.705683,-2.184073,0.759184,0.909457,-0.002399,0.000757,-0.000208,-0.000380,-0.000048,-0.001646,-0.000212
13.307048,-0.054479,0.311641,0.290777,-0.374698,-0.972579,-0.851154,0.445174,0.140774,-0.206097,0.401590,0.053389,-0.540815,-0.590282,0.189930,-2.536609,-0.498664,2.641355,-1.705681,-2.184071,0.759179,0.909459,-0.000843,-0.000419,-0.001195,0.000544,0.000433,-0.001968,0.000714
13.308096,-0.056379,0.311042,0.293273,-0.374188,-0.974320,-0.850894,0.445195,0.139866,-0.208940,0.402236,0.051605,-0.540683,-0.589852,0.189736,-2.536615,-0.498663,2.641361,-1.705680,-2.184075,0.759177,0.909457,-0.002262,0.000839,0.000831,0.000674,-0.000618,-0.001374,-0.000365
13.309030,-0.056237,0.313566,0.293137,-0.373244,-0.973769,-0.850554,0.445494,0.138805,-0.214093,0.403259,0.048618,-0.540412,-0.589264,0.189513,-2.536614,-0.498660,2.641359,-1.705680,-2.184074,0.759174,0.909455,-0.001296,0.001091,-0.000427,0.000147,0.001135,-0.001624,-0.000392
13.310012,-0.057959,0.312172,0.296075,-0.373456,-0.973861,-0.850162,0.444973,0.138203,-0.219966,0.404689,0.045671,-0.540169,-0.588606,0.189280,-2.536617,-0.498663,2.641359,-1.705681,-2.184075,0.759171,0.909451,-0.001350,-0.000147,-0.000346,-0.000755,0.000579,-0.001946,-0.000979
13.311106,-0.054964,0.312402,0.292806,-0.372898,-0.973306,-0.851012,0.444893,0.138357,-0.224170,0.406264,0.044124,-0.540103,-0.587996,0.189070,-2.536616,-0.498661,2.641355,-1.705681,-2.184074,0.759171,0.909455,-0.000492,0.000543,-0.001783,-0.000533,0.000662,-0.002337,0.000065
13.312084,-0.054160,0.311171,0.295168,-0.373075,-0.974156,-0.851717,0.445482,0.139805,-0.227155,0.408480,0.043783,-0.540194,-0.587423,0.188903,-2.536620,-0.498661,2.641357,-1.705683,-2.184074,0.759168,0.909456,-0.001962,0.000420,-0.000138,-0.001056,0.000102,-0.001460,0.000210
13.312978,-0.057668,0.312971,0.291268,-0.373699,-0.972596,-0.850318,0.444215,0.144036,-0.230030,0.412581,0.044349,-0.540459,-0.586871,0.188776,-2.536622,-0.498659,2.641354,-1.705685,-2.184071,0.759169,0.909453,-0.002323,0.001021,-0.001318,-0.000822,0.000935,-0.000758,-0.000969
13.313987,-0.056698,0.313394,0.292845,-0.374282,-0.972069,-0.851094,0.445193,0.149270,-0.232762,0.417301,0.045306,-0.540781,-0.586367,0.188689,-2.536619,-0.498661,2.641358,-1.705682,-2.184074,0.759162,0.909460,-0.000585,0.000127,0.000616,-0.000271,-0.000618,-0.002138,0.001576
13.315013,-0.059860,0.312538,0.295228,-0.374140,-0.972288,-0.850498,0.444572,0.150778,-0.234122,0.419090,0.045965,-0.540897,-0.585974,0.188643,-2.536621,-0.498661,2.641360,-1.705682,-2.184075,0.759159,0.909455,-0.001071,-0.000078,-0.000220,0.000302,-0.001127,-0.001324,-0.000407
13.316040,-0.055699,0.311800,0.294501,-0.372916,-0.973956,-0.851101,0.444772,0.145908,-0.235538,0.416893,0.045449,-0.540573,-0.585279,0.188591,-2.536623,-0.498657,2.641357,-1.705683,-2.184069,0.759153,0.909457,-0.001561,0.000684,-0.001002,-0.001038,0.000727,-0.001282,0.000443
13.317120,-0.056397,0.313678,0.294202,-0.374845,-0.972385,-0.851098,0.444850,0.145908,-0.235538,0.416893,0.045449,-0.540573,-0.585279,0.188591,-2.536623,-0.498657,2.641357,-1.705683,-2.184069,0.759153,0.909457,-0.001561,0.000684,-0.001002,-0.001038,0.000727,-0.001282,0.000443
13.317999,-0.056741,0.314549,0.294906,-0.373849,-0.973144,-0.850753,0.444339,0.145998,-0.237045,0.417737,0.045354,-0.540564,-0.584859,0.188549,-2.536622,-0.498659,2.641357,-1.705680,-2.184072,0.759155,0.909458,-0.001200,-0.000248,-0.000850,0.000831,-0.000854,-0.001304,0.000286
13.318987,-0.056699,0.311695,0.293300,-0.374416,-0.972645,-0.850770,0.444621,0.148079,-0.237744,0.419829,0.045860,-0.540716,-0.584481,0.188491,-2.536622,-0.498659,2.641356,-1.705682,-2.184071,0.759149,0.909459,-0.001027,-0.000683,-0.001204,-0.000135,-0.000074,-0.001617,0.001315
13.320094,-0.057184,0.312487,0.294418,-0.373021,-0.972676,-0.850865,0.444651,0.150367,-0.237742,0.421932,0.046583,-0.540922,-0.584134,0.188425,-2.536624,-0.498656,2.641356,-1.705678,-2.184074,0.759148,0.909458,-0.001029,0.000734,-0.000390,0.000359,-0.000554,-0.001591,0.000742
13.321031,-0.057548,0.310279,0.293766,-0.372286,-0.973296,-0.850620,0.445604,0.154142,-0.240021,0.425869,0.047472,-0.541371,-0.583295,0.188257,-2.536624,-0.498655,2.641357,-1.705684,-2.184072,0.759148,0.909454,-0.000602,0.001424,-0.000633,-0.001644,0.000087,-0.001739,-0.001221
13.322078,-0.056837,0.311678,0.290662,-0.373601,-0.972658,-0.849913,0.444700,0.154978,-0.241934,0.427087,0.048051,-0.541632,-0.582823,0.188163,-2.536624,-0.498655,2.641361,-1.705681,-2.184074,0.759143,0.909458,-0.000962,0.000707,0.000886,-0.000398,-0.000547,-0.002420,0.000606
13.323080,-0.053449,0.314013,0.293783,-0.371373,-0.972801,-0.850802,0.445911,0.154978,-0.241934,0.427087,0.048051,-0.541632,-0.582823,0.188163,-2.536624,-0.498655,2.641361,-1.705681,-2.184074,0.759143,0.909458,-0.000962,0.000707,0.000886,-0.000398,-0.000547,-0.002420,0.000606
13.324078,-0.059257,0.315117,0.292947,-0.371557,-0.973100,-0.850774,0.444624,0.156059,-0.242409,0.428037,0.049633,-0.542013,-0.582443,0.188082,-2.536630,-0.498658,2.641357,-1.705686,-2.184074,0.759143,0.909452,-0.002604,-0.000426,-0.000657,-0.002523,-0.000396,-0.001519,-0.001835
13.325165,-0.059799,0.314763,0.294027,-0.372385,-0.972683,-0.850506,0.445641,0.158791,-0.238200,0.429034,0.054166,-0.542754,-0.582345,0.188021,-2.536624,-0.498659,2.641358,-1.705686,-2.184072,0.759139,0.909458,0.000280,-0.000966,-0.000238,-0.002316,-0.000112,-0.001529,0.000766
13.326077,-0.061371,0.314954,0.294143,-0.374150,-0.972755,-0.850402,0.444460,0.159205,-0.229340,0.427344,0.060696,-0.543601,-0.582516,0.187995,-2.536624,-0.498657,2.641356,-1.705684,-2.184073,0.759137,0.909453,0.000525,-0.000806,-0.000767,-0.001525,-0.000528,-0.001788,-0.001293
13.327060,-0.058294,0.313420,0.293694,-0.374423,-0.972217,-0.850656,0.445067,0.154786,-0.219500,0.422069,0.066311,-0.544142,-0.582742,0.188015,-2.536620,-0.498658,2.641356,-1.705680,-2.184072,0.759136,0.909457,0.001270,-0.000886,-0.000818,0.000150,-0.000459,-0.001888,0.001095
13.328018,-0.059300,0.312950,0.295888,-0.374124,-0.972574,-0.850494,0.445173,0.147825,-0.212485,0.415682,0.069156,-0.544263,-0.582813,0.188080,-2.536625,-0.498657,2.641357,-1.705680,-2.184073,0.759134,0.909455,-0.000233,-0.000130,-0.000598,0.000400,-0.000996,-0.001615,-0.000146
13.329010,-0.060191,0.315227,0.292182,-0.373549,-0.972083,-0.850768,0.444512,0.142168,-0.210293,0.411302,0.069137,-0.544119,-0.582624,0.188175,-2.536624,-0.498656,2.641353,-1.705680,-2.184072,0.759132,0.909454,0.000275,0.000094,-0.001658,0.000099,-0.000645,-0.001770,-0.000346
13.329990,-0.057325,0.311462,0.294063,-0.375459,-0.972240,-0.851248,0.445022,0.134254,-0.212497,0.406442,0.065674,-0.543635,-0.581899,0.188422,-2.536626,-0.498656,2.641356,-1.705678,-2.184072,0.759130,0.909456,-0.000709,0.000851,-0.000785,0.001412,-0.000973,-0.000997,-0.000057
13.330984,-0.059292,0.314314,0.293355,-0.373929,-0.972542,-0.850148,0.444526,0.132128,-0.216641,0.405952,0.062439,-0.543332,-0.581382,0.188550,-2.536624,-0.498660,2.641357,-1.705684,-2.184072,0.759127,0.909459,0.000278,-0.000562,-0.000426,-0.000021,-0.000670,-0.002096,0.000942
13.332088,-0.059135,0.312831,0.291991,-0.374797,-0.971612,-0.850897,0.445310,0.132128,-0.216641,0.405952,0.062439,-0.543332,-0.581382,0.188550,-2.536624,-0.498660,2.641357,-1.705684,-2.184072,0.759127,0.909459,0.000278,-0.000562,-0.000426,-0.000021,-0.000670,-0.002096,0.000942
13.332967,-0.059027,0.316942,0.293627,-0.375338,-0.972046,-0.849925,0.444571,0.130627,-0.221501,0.406045,0.058917,-0.543049,-0.580818,0.188653,-2.536624,-0.498656,2.641359,-1.705682,-2.184076,0.759128,0.909456,0.000189,0.000163,0.000235,0.000832,-0.001572,-0.001331,-0.000639
13.333959,-0.062766,0.313135,0.291427,-0.375750,-0.971420,-0.850262,0.445204,0.128200,-0.224730,0.405156,0.055895,-0.542785,-0.580344,0.188723,-2.536624,-0.498661,2.641357,-1.705681,-2.184074,0.759123,0.909460,0.000135,-0.001861,-0.000577,0.001331,-0.001146,-0.002296,0.000853
13.335162,-0.057872,0.315850,0.290139,-0.373725,-0.970380,-0.850513,0.445194,0.123663,-0.226305,0.402497,0.052937,-0.542431,-0.579954,0.188754,-2.536619,-0.498658,2.641359,-1.705679,-2.184074,0.759123,0.909457,0.001959,0.000036,0.000520,0.001694,-0.001790,-0.001944,-0.000430
13.336016,-0.058089,0.311423,0.290136,-0.374115,-0.972053,-0.851445,0.444073,0.116178,-0.226372,0.397456,0.050093,-0.541965,-0.579648,0.188739,-2.536624,-0.498661,2.641359,-1.705684,-2.184079,0.759121,0.909457,-0.000466,-0.001310,0.001159,-0.000228,-0.002781,-0.001683,-0.000395
13.336945,-0.057137,0.312214,0.291475,-0.373183,-0.972114,-0.852039,0.444854,0.109403,-0.225308,0.392582,0.048432,-0.541645,-0.579428,0.188672,-2.536624,-0.498656,2.641361,-1.705682,-2.184075,0.759121,0.909463,-0.000332,0.000873,0.001133,0.000146,-0.001117,-0.000743,0.001845
13.338016,-0.060227,0.313626,0.292566,-0.374350,-0.972652,-0.852406,0.444658,0.106863,-0.225390,0.390797,0.047753,-0.541610,-0.579168,0.188556,-2.536626,-0.498656,2.641361,-1.705684,-2.184071,0.759122,0.909458,-0.000793,0.000452,0.000457,-0.000745,-0.001111,-0.000157,0.000266
13.339149,-0.057234,0.314659,0.291060,-0.373472,-0.972534,-0.852513,0.445429,0.107914,-0.226833,0.391728,0.047615,-0.541808,-0.578843,0.188393,-2.536622,-0.498656,2.641358,-1.705681,-2.184070,0.759119,0.909459,0.000730,-0.000257,-0.000061,0.000351,-0.000578,0.000223,0.000671
13.340055,-0.061400,0.315847,0.291630,-0.373492,-0.971860,-0.851850,0.444437,0.110509,-0.227099,0.393439,0.048526,-0.542200,-0.578595,0.188195,-2.536626,-0.498657,2.641362,-1.705682,-2.184071,0.759118,0.909455,-0.000754,-0.000751,0.000662,-0.000503,-0.000692,0.000339,-0.000874
13.340957,-0.059215,0.312643,0.289681,-0.375335,-0.973537,-0.852020,0.445210,0.112847,-0.224259,0.394229,0.050993,-0.542768,-0.578525,0.187977,-2.536620,-0.498659,2.641360,-1.705682,-2.184074,0.759114,0.909462,0.001299,-0.001322,0.000388,-0.000474,-0.001346,-0.000311,0.001116
13.342067,-0.060469,0.313616,0.295443,-0.374972,-0.973508,-0.851225,0.444587,0.112921,-0.219868,0.392998,0.053678,-0.543295,-0.578529,0.187757,-2.536622,-0.498656,2.641364,-1.705678,-2.184073,0.759114,0.909455,0.000199,0.000257,0.001334,0.001276,0.000346,-0.000130,-0.000436
13.343043,-0.057587,0.315167,0.293827,-0.373657,-0.972647,-0.850475,0.445097,0.112352,-0.218379,0.391879,0.054414,-0.543619,-0.578340,0.187552,-2.536620,-0.498656,2.641356,-1.705678,-2.184072,0.759111,0.909458,0.000818,-0.000250,-0.001497,0.000904,0.000285,-0.000919,0.000828
13.343972,-0.060498,0.314640,0.293135,-0.375092,-0.972878,-0.850124,0.445184,0.115485,-0.219674,0.393987,0.054266,-0.544019,-0.577945,0.187366,-2.536622,-0.498657,2.641358,-1.705680,-2.184074,0.759108,0.909456,-0.000619,-0.001008,-0.000668,-0.000375,-0.000560,-0.001651,-0.000207
13.345130,-0.058872,0.316776,0.295884,-0.375042,-0.972984,-0.850695,0.444800,0.128777,-0.221203,0.403134,0.055543,-0.545255,-0.577108,0.187073,-2.536620,-0.498659,2.641356,-1.705680,-2.184074,0.759106,0.909458,-0.000002,-0.001791,-0.001702,0.001010,-0.000213,-0.001404,0.000395
13.346069,-0.056115,0.313425,0.292363,-0.373456,-0.973308,-0.851738,0.445761,0.128777,-0.221203,0.403134,0.055543,-0.545255,-0.577108,0.187073,-2.536620,-0.498659,2.641356,-1.705680,-2.184074,0.759106,0.909458,-0.000002,-0.001791,-0.001702,0.001010,-0.000213,-0.001404,0.000395
13.346966,-0.057619,0.317719,0.293692,-0.374729,-0.973781,-0.851062,0.445022,0.137535,-0.221302,0.409176,0.056692,-0.545974,-0.576730,0.186981,-2.536622,-0.498656,2.641360,-1.705684,-2.184073,0.759106,0.909455,-0.001357,-0.000133,0.000047,-0.000484,0.000104,-0.000355,-0.001542
13.348105,-0.058747,0.314797,0.290028,-0.374219,-0.972868,-0.850700,0.446028,0.158225,-0.217847,0.422686,0.062026,-0.547785,-0.576288,0.186858,-2.536620,-0.498657,2.641364,-1.705680,-2.184075,0.759100,0.909455,-0.000052,-0.000803,0.001168,0.000196,-0.000332,-0.001371,-0.002076
13.349003,-0.061112,0.313655,0.291457,-0.374851,-0.973772,-0.850571,0.444751,0.158225,-0.217847,0.422686,0.062026,-0.547785,-0.576288,0.186858,-2.536620,-0.498657,2.641364,-1.705680,-2.184075,0.759100,0.909455,-0.000052,-0.000803,0.001168,0.000196,-0.000332,-0.001371,-0.002076
13.350118,-0.058698,0.314950,0.288118,-0.373224,-0.975255,-0.850218,0.445791,0.160711,-0.212969,0.422885,0.064891,-0.548580,-0.575957,0.186764,-2.536618,-0.498659,2.641366,-1.705683,-2.184068,0.759095,0.909458,-0.000115,-0.000875,0.002092,-0.000737,0.002015,-0.001825,-0.001614
13.351131,-0.059451,0.314718,0.290229,-0.373611,-0.974453,-0.849680,0.445669,0.160711,-0.212969,0.422885,0.064891,-0.548580,-0.575957,0.186764,-2.536618,-0.498659,2.641366,-1.705683,-2.184068,0.759095,0.909458,-0.000115,-0.000875,0.002092,-0.000737,0.002015,-0.001825,-0.001614
13.351989,-0.059853,0.314915,0.291932,-0.375414,-0.974045,-0.850499,0.444939,0.156444,-0.209909,0.418803,0.066160,-0.548784,-0.575793,0.186699,-2.536616,-0.498658,2.641364,-1.705683,-2.184071,0.759094,0.909457,0.000259,-0.000769,0.001036,-0.000333,0.001220,-0.002362,-0.001344
13.352959,-0.061285,0.315719,0.289314,-0.375313,-0.973542,-0.850245,0.445587,0.151977,-0.206956,0.414552,0.067470,-0.548992,-0.575608,0.186617,-2.536616,-0.498659,2.641364,-1.705679,-2.184072,0.759095,0.909459,0.000452,-0.000857,0.000189,0.001390,0.000823,-0.001532,0.000121
13.354130,-0.062143,0.313466,0.293267,-0.374173,-0.973971,-0.850990,0.444852,0.146851,-0.205637,0.410217,0.067374,-0.548994,-0.575355,0.186525,-2.536614,-0.498661,2.641368,-1.705680,-2.184073,0.759092,0.909455,0.001150,-0.001239,0.001470,0.001278,0.000329,-0.001777,-0.001187
13.355055,-0.058904,0.311189,0.288438,-0.373933,-0.973184,-0.850333,0.445122,0.140094,-0.205549,0.405013,0.066006,-0.548778,-0.575077,0.186424,-2.536612,-0.498660,2.641363,-1.705682,-2.184072,0.759094,0.909457,0.001552,-0.000103,-0.000476,0.000187,0.000753,-0.001035,0.000301
13.356002,-0.060125,0.315010,0.289848,-0.372713,-0.972518,-0.850244,0.445071,0.133861,-0.207921,0.400657,0.063716,-0.548503,-0.574705,0.186323,-2.536616,-0.498657,2.641368,-1.705684,-2.184074,0.759090,0.909457,-0.000043,0.000997,0.001917,-0.000006,-0.000023,-0.001686,-0.000257
13.357018,-0.061286,0.313776,0.287745,-0.373896,-0.972758,-0.850616,0.444971,0.129426,-0.211527,0.397724,0.061665,-0.548333,-0.574304,0.186224,-2.536614,-0.498661,2.641366,-1.705686,-2.184077,0.759089,0.909458,0.000568,-0.000897,0.001202,-0.001180,-0.000656,-0.001759,-0.000153
13.358011,-0.060472,0.311004,0.289017,-0.375633,-0.973448,-0.850566,0.445629,0.124751,-0.212691,0.394005,0.061172,-0.548288,-0.574070,0.186123,-2.536612,-0.498659,2.641370,-1.705684,-2.184073,0.759089,0.909461,0.001125,-0.000280,0.002225,-0.000012,-0.000445,-0.001385,0.000038
13.359000,-0.060941,0.315361,0.292038,-0.373708,-0.973035,-0.851355,0.444922,0.118505,-0.213799,0.389116,0.060284,-0.548101,-0.573867,0.186022,-2.536612,-0.498657,2.641370,-1.705679,-2.184073,0.759085,0.909458,0.000708,0.001087,0.001572,0.001589,0.000243,-0.001416,-0.001281
13.360091,-0.058520,0.315252,0.291803,-0.374171,-0.973665,-0.849922,0.445742,0.113029,-0.217306,0.385277,0.057981,-0.547778,-0.573549,0.185918,-2.536610,-0.498663,2.641368,-1.705684,-2.184074,0.759086,0.909458,0.000928,-0.001053,0.000078,-0.000244,-0.000166,-0.000622,0.000157
13.360978,-0.060719,0.313915,0.291553,-0.375266,-0.974137,-0.850191,0.444922,0.111689,-0.219726,0.384177,0.056901,-0.547735,-0.573288,0.185804,-2.536612,-0.498663,2.641368,-1.705682,-2.184074,0.759082,0.909453,-0.000276,-0.000975,0.000212,0.000203,0.000473,-0.002055,-0.001491
13.362101,-0.060129,0.311114,0.290352,-0.374546,-0.971993,-0.850625,0.444911,0.114374,-0.220677,0.385690,0.057221,-0.547991,-0.573086,0.185692,-2.536610,-0.498663,2.641368,-1.705681,-2.184073,0.759081,0.909457,0.000825,-0.000299,0.000336,0.001265,0.000935,-0.001763,0.000163
13.363049,-0.059259,0.310872,0.291569,-0.373429,-0.974215,-0.849078,0.444647,0.117949,-0.223651,0.388318,0.056450,-0.548160,-0.572770,0.185614,-2.536610,-0.498659,2.641370,-1.705681,-2.184079,0.759080,0.909459,0.000517,0.001064,0.000917,0.000528,-0.001179,-0.001325,0.000162
13.364029,-0.061439,0.313061,0.290430,-0.373618,-0.974143,-0.850116,0.444885,0.121818,-0.229930,0.391837,0.054187,-0.548188,-0.572276,0.185571,-2.536610,-0.498657,2.641368,-1.705682,-2.184070,0.759076,0.909458,0.000074,0.001148,0.000321,-0.000549,0.000993,-0.002862,0.000696
13.365022,-0.059222,0.313555,0.290956,-0.374453,-0.972714,-0.849575,0.444199,0.126210,-0.236947,0.395837,0.052105,-0.548286,-0.571723,0.185548,-2.536608,-0.498659,2.641370,-1.705682,-2.184070,0.759076,0.909455,0.001156,0.000066,0.000877,-0.000348,0.000906,-0.001801,0.000223
13.366119,-0.059004,0.313235,0.290367,-0.373489,-0.973429,-0.850179,0.444112,0.129597,-0.241651,0.398637,0.051127,-0.548483,-0.571296,0.185539,-2.536610,-0.498659,2.641370,-1.705680,-2.184074,0.759073,0.909461,0.000053,-0.000178,0.000606,0.000445,-0.000501,-0.002341,0.001592
13.367052,-0.057724,0.312229,0.292829,-0.373662,-0.972275,-0.849534,0.444380,0.132726,-0.243928,0.400750,0.051156,-0.548771,-0.571026,0.185541,-2.536610,-0.498660,2.641372,-1.705684,-2.184071,0.759071,0.909462,-0.000045,0.000004,0.000885,-0.000454,0.000205,-0.001710,0.001751
13.367997,-0.059766,0.312672,0.293195,-0.374649,-0.973147,-0.850121,0.444388,0.137985,-0.245408,0.404174,0.051987,-0.549224,-0.570805,0.185540,-2.536610,-0.498659,2.641370,-1.705684,-2.184075,0.759070,0.909460,-0.000696,0.000495,-0.000340,-0.000259,-0.000928,-0.002361,0.001217
13.369023,-0.061492,0.314894,0.292553,-0.375316,-0.973489,-0.849702,0.445216,0.145955,-0.248011,0.409744,0.052719,-0.549772,-0.570505,0.185524,-2.536607,-0.498659,2.641370,-1.705682,-2.184073,0.759069,0.909463,0.000312,0.000263,-0.000510,0.000690,-0.000052,-0.001759,0.001194
13.370005,-0.060876,0.313271,0.290731,-0.374166,-0.973715,-0.849613,0.444247,0.153215,-0.251142,0.414994,0.052637,-0.550193,-0.570157,0.185486,-2.536605,-0.498662,2.641369,-1.705681,-2.184073,0.759066,0.909456,0.001150,-0.000815,-0.000169,0.001312,0.000285,-0.002169,-0.000453
13.371007,-0.060418,0.311544,0.288704,-0.374884,-0.972928,-0.850979,0.444744,0.156215,-0.252562,0.416969,0.052201,-0.550402,-0.569884,0.185429,-2.536605,-0.498661,2.641372,-1.705682,-2.184072,0.759065,0.909463,0.000830,-0.000005,0.000705,0.000187,0.000494,-0.002248,0.001494
13.371987,-0.059930,0.314826,0.292509,-0.373752,-0.972464,-0.850703,0.444282,0.154877,-0.252885,0.415659,0.051433,-0.550419,-0.569672,0.185362,-2.536605,-0.498660,2.641376,-1.705681,-2.184073,0.759067,0.909461,0.000601,0.000855,0.001670,0.000881,-0.000287,-0.000879,0.000477
13.373054,-0.059601,0.316884,0.289923,-0.371989,-0.972950,-0.849489,0.445580,0.151602,-0.252777,0.412849,0.050576,-0.550355,-0.569522,0.185283,-2.536605,-0.498665,2.641371,-1.705682,-2.184075,0.759066,0.909464,0.000357,-0.000760,-0.000197,-0.000226,-0.000732,-0.001166,0.001411
13.374020,-0.059661,0.310670,0.290880,-0.373148,-0.972363,-0.849725,0.444856,0.149103,-0.248595,0.409709,0.052190,-0.550573,-0.569621,0.185178,-2.536605,-0.498668,2.641372,-1.705688,-2.184074,0.759061,0.909456,0.000193,-0.001736,0.001113,-0.001848,-0.000244,-0.002361,-0.001190
13.375070,-0.055318,0.310584,0.289403,-0.373419,-0.973052,-0.850459,0.444708,0.147806,-0.240699,0.406598,0.056437,-0.551111,-0.569914,0.185059,-2.536603,-0.498661,2.641372,-1.705685,-2.184074,0.759058,0.909459,0.000202,0.001323,0.000618,-0.000741,-0.000841,-0.002089,0.000286
13.376071,-0.059060,0.310562,0.289521,-0.373772,-0.972881,-0.849597,0.444630,0.149076,-0.236160,0.405929,0.059849,-0.551653,-0.570014,0.184956,-2.536610,-0.498659,2.641375,-1.705685,-2.184073,0.759057,0.909457,-0.001910,0.001310,0.001340,-0.000490,-0.000149,-0.001346,0.000578
13.376971,-0.061328,0.311780,0.292756,-0.374826,-0.972713,-0.850279,0.443784,0.153353,-0.237219,0.408468,0.061079,-0.552063,-0.569824,0.184892,-2.536605,-0.498658,2.641375,-1.705685,-2.184074,0.759055,0.909459,-0.000062,0.001313,0.001271,-0.000140,-0.000319,-0.002212,0.000726
13.377962,-0.057984,0.314614,0.291914,-0.375232,-0.973160,-0.849354,0.444770,0.158708,-0.246179,0.412834,0.058273,-0.552112,-0.569076,0.184890,-2.536605,-0.498665,2.641371,-1.705680,-2.184074,0.759052,0.909461,-0.000635,-0.000652,0.000130,0.001219,-0.000032,-0.002439,0.000418
13.378967,-0.058897,0.311745,0.293467,-0.374832,-0.973636,-0.849777,0.444380,0.158708,-0.246179,0.412834,0.058273,-0.552112,-0.569076,0.184890,-2.536605,-0.498665,2.641371,-1.705680,-2.184074,0.759052,0.909461,-0.000635,-0.000652,0.000130,0.001219,-0.000032,-0.002439,0.000418
13.380020,-0.063797,0.313818,0.290151,-0.373759,-0.973881,-0.849672,0.444662,0.161648,-0.250221,0.415357,0.056256,-0.552032,-0.568713,0.184898,-2.536604,-0.498659,2.641368,-1.705682,-2.184073,0.759052,0.909462,-0.000163,0.000748,-0.000632,0.000845,0.000430,-0.002002,0.001219
13.381002,-0.062597,0.315472,0.291199,-0.374448,-0.973145,-0.848288,0.444899,0.163314,-0.252871,0.416821,0.054630,-0.551962,-0.568415,0.184897,-2.536599,-0.498661,2.641373,-1.705684,-2.184071,0.759051,0.909460,0.002239,-0.000292,0.000998,-0.000173,0.000655,-0.002105,0.000651
13.382164,-0.061661,0.311786,0.289256,-0.374594,-0.972495,-0.849865,0.445099,0.158569,-0.251399,0.413005,0.054033,-0.551797,-0.568332,0.184890,-2.536600,-0.498661,2.641372,-1.705682,-2.184074,0.759046,0.909462,0.001629,-0.001119,0.000457,0.000486,-0.000059,-0.003473,0.000169
13.383029,-0.057641,0.314490,0.290485,-0.373405,-0.972402,-0.850265,0.444914,0.148641,-0.246718,0.404953,0.054101,-0.551538,-0.568419,0.184867,-2.536600,-0.498657,2.641376,-1.705682,-2.184073,0.759048,0.909462,0.001162,0.000700,0.001394,0.000628,-0.000715,-0.001878,-0.000229
13.384041,-0.059512,0.315802,0.292557,-0.373570,-0.972503,-0.850362,0.444896,0.139257,-0.241968,0.397255,0.054430,-0.551353,-0.568536,0.184815,-2.536606,-0.498659,2.641375,-1.705684,-2.184072,0.759046,0.909464,-0.000795,-0.000659,0.000784,-0.000524,-0.000818,-0.001480,0.000141
13.385066,-0.060979,0.313682,0.292994,-0.372916,-0.973125,-0.850231,0.445505,0.134781,-0.235997,0.392686,0.056616,-0.551566,-0.568754,0.184723,-2.536603,-0.498662,2.641373,-1.705684,-2.184072,0.759043,0.909463,0.000133,-0.001265,-0.000236,-0.000346,-0.000718,-0.001365,0.000177
13.385938,-0.060108,0.313036,0.293057,-0.374238,-0.972697,-0.850784,0.444909,0.134613,-0.228447,0.390799,0.060746,-0.552178,-0.569063,0.184589,-2.536601,-0.498661,2.641371,-1.705686,-2.184072,0.759040,0.909459,0.000836,-0.000206,-0.000422,-0.000965,-0.000091,-0.001482,-0.001038
13.387018,-0.059855,0.312953,0.291132,-0.373028,-0.972110,-0.850874,0.445098,0.136222,-0.222360,0.390504,0.064729,-0.552890,-0.569277,0.184437,-2.536600,-0.498661,2.641371,-1.705682,-2.184071,0.759041,0.909462,0.000387,0.000112,-0.000451,0.000283,-0.000538,-0.000929,0.000165
13.388046,-0.060673,0.314730,0.289952,-0.373782,-0.972383,-0.850662,0.445630,0.138511,-0.219150,0.391349,0.067503,-0.553533,-0.569336,0.184297,-2.536600,-0.498661,2.641373,-1.705684,-2.184073,0.759038,0.909462,0.000263,0.000152,0.000496,-0.000901,-0.001103,-0.000823,-0.000225
13.388974,-0.059193,0.313219,0.291915,-0.374111,-0.973055,-0.849818,0.445443,0.139492,-0.216539,0.391438,0.069791,-0.554086,-0.569384,0.184181,-2.536599,-0.498663,2.641373,-1.705682,-2.184073,0.759036,0.909458,0.000656,-0.000722,0.001084,-0.000178,-0.000821,-0.001027,-0.001285
13.390100,-0.057256,0.315031,0.292518,-0.371930,-0.972512,-0.850432,0.444785,0.138720,-0.213501,0.390263,0.071887,-0.554550,-0.569459,0.184100,-2.536600,-0.498661,2.641371,-1.705681,-2.184072,0.759033,0.909458,-0.000074,0.000026,0.000116,0.000104,-0.000161,-0.001856,-0.000895
13.390994,-0.058011,0.312045,0.289461,-0.372506,-0.972619,-0.850488,0.444697,0.139945,-0.210565,0.390593,0.074347,-0.555133,-0.569504,0.184075,-2.536602,-0.498663,2.641370,-1.705687,-2.184073,0.759031,0.909462,-0.001021,-0.000873,-0.000174,-0.001954,-0.000700,-0.001220,0.000413
13.392064,-0.060777,0.314277,0.293064,-0.372697,-0.972985,-0.848904,0.445383,0.144579,-0.207224,0.393243,0.078050,-0.555988,-0.569554,0.184106,-2.536602,-0.498659,2.641375,-1.705685,-2.184073,0.759028,0.909462,-0.000637,0.000600,0.001319,-0.001384,-0.000587,-0.001148,0.000579
13.393017,-0.060880,0.313134,0.292979,-0.371413,-0.973061,-0.849713,0.444306,0.149214,-0.204079,0.395916,0.081926,-0.556868,-0.569568,0.184174,-2.536599,-0.498661,2.641371,-1.705683,-2.184073,0.759026,0.909458,0.000727,-0.000522,-0.000473,-0.001245,-0.000219,-0.002737,-0.000794
13.393966,-0.060953,0.313714,0.293224,-0.373984,-0.973593,-0.849364,0.444623,0.152002,-0.201228,0.397385,0.085392,-0.557643,-0.569502,0.184267,-2.536599,-0.498659,2.641372,-1.705689,-2.184073,0.759026,0.909463,0.000765,0.000046,-0.000427,-0.002411,-0.000146,-0.001906,0.001377
13.395010,-0.061939,0.309530,0.293362,-0.374031,-0.972689,-0.849670,0.444349,0.153348,-0.198919,0.397994,0.088237,-0.558292,-0.569355,0.184381,-2.536598,-0.498659,2.641372,-1.705684,-2.184072,0.759021,0.909462,0.000782,-0.000258,-0.000549,0.000073,0.000376,-0.002238,0.000722
13.396086,-0.060038,0.310341,0.290950,-0.374309,-0.973837,-0.850459,0.444470,0.153170,-0.200420,0.398365,0.088363,-0.558573,-0.568980,0.184508,-2.536596,-0.498655,2.641372,-1.705682,-2.184074,0.759019,0.909464,0.001253,0.001805,-0.000618,0.000045,-0.000518,-0.001913,0.001273
13.397018,-0.060244,0.311856,0.290953,-0.372787,-0.973010,-0.849947,0.444558,0.151477,-0.207799,0.398885,0.084680,-0.558378,-0.568292,0.184627,-2.536597,-0.498654,2.641375,-1.705681,-2.184071,0.759018,0.909464,0.000307,0.001372,0.000572,0.000314,0.000618,-0.001111,0.001023
13.398005,-0.058685,0.312585,0.291806,-0.372942,-0.972555,-0.849825,0.444956,0.148799,-0.217424,0.399082,0.079488,-0.557979,-0.567527,0.184710,-2.536597,-0.498656,2.641375,-1.705683,-2.184073,0.759014,0.909464,0.000419,0.000636,0.000556,-0.001175,-0.000205,-0.001613,0.000847
13.399184,-0.060490,0.312383,0.292386,-0.373978,-0.973463,-0.850260,0.445055,0.146484,-0.224642,0.398914,0.075673,-0.557730,-0.566942,0.184731,-2.536599,-0.498657,2.641373,-1.705685,-2.184075,0.759013,0.909462,-0.000345,0.000283,0.000147,-0.000963,-0.000641,-0.001724,0.000053
13.400010,-0.061447,0.311905,0.293701,-0.374891,-0.973184,-0.849765,0.444347,0.145468,-0.229235,0.399043,0.073421,-0.557668,-0.566544,0.184692,-2.536597,-0.498657,2.641374,-1.705681,-2.184074,0.759013,0.909462,0.000550,0.000391,-0.000157,-0.000002,0.000274,-0.001281,-0.000138
13.401032,-0.058306,0.313948,0.295317,-0.372735,-0.973952,-0.849337,0.445523,0.144589,-0.233603,0.399230,0.070932,-0.557545,-0.566194,0.184621,-2.536595,-0.498656,2.641373,-1.705681,-2.184077,0.759009,0.909465,0.001004,0.000612,-0.000802,0.000900,0.000015,-0.001766,0.001278
13.402024,-0.059031,0.316097,0.290017,-0.373932,-0.973172,-0.848615,0.444506,0.144973,-0.238050,0.400385,0.068364,-0.557427,-0.565852,0.184524,-2.536599,-0.498657,2.641369,-1.705685,-2.184074,0.759009,0.909459,-0.000542,-0.000401,-0.001567,-0.001183,0.000763,-0.002192,-0.001087
13.403058,-0.061562,0.313223,0.289229,-0.374924,-0.975233,-0.848354,0.445218,0.147601,-0.239109,0.402447,0.068008,-0.557595,-0.565700,0.184397,-2.536599,-0.498661,2.641375,-1.705683,-2.184075,0.759005,0.909464,-0.000161,-0.001431,0.001049,-0.000017,-0.000023,-0.002895,0.000973
13.404043,-0.060336,0.312529,0.291705,-0.373021,-0.973143,-0.847171,0.444022,0.147323,-0.235942,0.401560,0.069168,-0.557772,-0.565800,0.184265,-2.536595,-0.498657,2.641377,-1.705679,-2.184068,0.759000,0.909460,0.001069,-0.000014,0.001399,0.000887,0.001992,-0.003120,-0.000471
13.404997,-0.058823,0.312980,0.291466,-0.373718,-0.969513,-0.846302,0.444883,0.142251,-0.232412,0.397181,0.069573,-0.557691,-0.565927,0.184146,-2.536595,-0.498655,2.641375,-1.705683,-2.184072,0.758999,0.909465,0.000722,0.000398,-0.000254,-0.000932,0.001133,-0.003486,0.001362
13.405968,-0.057563,0.315704,0.290796,-0.374052,-0.967794,-0.845007,0.443986,0.137290,-0.231100,0.393329,0.069162,-0.557574,-0.565922,0.184036,-2.536595,-0.498655,2.641373,-1.705683,-2.184075,0.758998,0.909459,0.000379,0.000311,-0.000715,-0.000192,-0.000693,-0.003153,-0.001229
13.407069,-0.055671,0.314573,0.288147,-0.373601,-0.966979,-0.843960,0.442855,0.135289,-0.231308,0.391932,0.068588,-0.557567,-0.565843,0.183928,-2.536595,-0.498657,2.641371,-1.705681,-2.184076,0.758995,0.909460,0.000173,-0.000887,-0.000980,0.000119,-0.000561,-0.003219,-0.000263
13.408071,-0.055518,0.316538,0.286914,-0.374039,-0.963646,-0.842189,0.442790,0.135941,-0.231405,0.392460,0.068434,-0.557685,-0.565802,0.183841,-2.536595,-0.498655,2.641372,-1.705683,-2.184072,0.758993,0.909463,-0.000298,-0.000162,-0.000368,-0.000288,0.000667,-0.002874,0.001014
13.408998,-0.050072,0.319647,0.285147,-0.374882,-0.962971,-0.840231,0.442306,0.137973,-0.230743,0.393849,0.068893,-0.557893,-0.565841,0.183785,-2.536594,-0.498656,2.641372,-1.705682,-2.184076,0.758989,0.909460,0.000049,-0.000981,-0.000402,0.000176,-0.000782,-0.003379,0.000248
13.410039,-0.050253,0.315508,0.283739,-0.374458,-0.960138,-0.839859,0.442072,0.141338,-0.228332,0.395866,0.070277,-0.558194,-0.566030,0.183751,-2.536599,-0.498661,2.641373,-1.705681,-2.184074,0.758985,0.909463,-0.002233,-0.002345,-0.000119,0.000998,0.000293,-0.004157,0.000390
13.411034,-0.049389,0.317241,0.281253,-0.375729,-0.959011,-0.838386,0.441596,0.147618,-0.224985,0.399787,0.072389,-0.558614,-0.566340,0.183733,-2.536599,-0.498655,2.641373,-1.705683,-2.184076,0.758985,0.909462,-0.001662,-0.000146,-0.000089,0.000636,-0.000592,-0.003207,-0.000066
13.412023,-0.050382,0.315101,0.282984,-0.373253,-0.956922,-0.837062,0.441375,0.155497,-0.223854,0.405279,0.073502,-0.558938,-0.566598,0.183724,-2.536599,-0.498659,2.641375,-1.705677,-2.184074,0.758980,0.909462,-0.001667,-0.000845,0.000497,0.001814,0.000149,-0.003423,0.000006
13.413056,-0.051571,0.314589,0.276661,-0.373489,-0.955634,-0.836394,0.440827,0.162736,-0.225582,0.410860,0.073097,-0.559058,-0.566731,0.183721,-2.536597,-0.498655,2.641371,-1.705683,-2.184076,0.758975,0.909462,-0.000756,0.000353,-0.000979,-0.000553,-0.000080,-0.003479,-0.000432
13.414017,-0.049170,0.314140,0.280021,-0.373943,-0.952381,-0.835939,0.440374,0.167042,-0.228987,0.414621,0.071831,-0.558997,-0.566764,0.183718,-2.536593,-0.498655,2.641377,-1.705682,-2.184074,0.758975,0.909463,0.000241,0.000755,0.001490,-0.000274,0.000562,-0.002846,-0.000250
13.415121,-0.047136,0.317151,0.273888,-0.374165,-0.950616,-0.833789,0.440363,0.166984,-0.234044,0.415538,0.069472,-0.558672,-0.566702,0.183710,-2.536595,-0.498653,2.641371,-1.705681,-2.184075,0.758973,0.909463,-0.000541,0.001105,-0.000789,0.000158,-0.000900,-0.002085,-0.000197
13.416061,-0.046053,0.314413,0.273655,-0.373290,-0.949667,-0.833390,0.439224,0.164901,-0.240117,0.415195,0.066336,-0.558156,-0.566602,0.183685,-2.536595,-0.498656,2.641377,-1.705681,-2.184075,0.758967,0.909460,-0.001070,-0.000202,0.001545,0.000401,-0.000577,-0.002839,-0.001151
13.416968,-0.044309,0.315859,0.274225,-0.374599,-0.946695,-0.831645,0.439790,0.162106,-0.245444,0.414148,0.063482,-0.557608,-0.566569,0.183642,-2.536595,-0.498653,2.641375,-1.705685,-2.184073,0.758965,0.909464,-0.001204,0.001296,0.001051,-0.000369,0.000225,-0.002034,0.000301
13.418109,-0.043386,0.316941,0.273428,-0.374955,-0.945160,-0.830890,0.439168,0.159937,-0.250980,0.413530,0.060729,-0.557083,-0.566541,0.183594,-2.536596,-0.498654,2.641373,-1.705681,-2.184078,0.758962,0.909460,-0.001669,0.000714,0.000200,0.000901,-0.001017,-0.002643,-0.001652
13.419088,-0.044886,0.319476,0.272686,-0.374691,-0.943090,-0.829407,0.438163,0.160380,-0.257862,0.415064,0.057545,-0.556593,-0.566439,0.183544,-2.536598,-0.498654,2.641371,-1.705679,-2.184075,0.758959,0.909460,-0.001606,0.000351,-0.000105,0.001209,-0.000423,-0.001941,-0.001399
13.419983,-0.044649,0.317378,0.270342,-0.374063,-0.942758,-0.827821,0.437719,0.161978,-0.263807,0.417314,0.054588,-0.556141,-0.566394,0.183509,-2.536596,-0.498656,2.641369,-1.705680,-2.184075,0.758955,0.909462,-0.000438,-0.000748,-0.000341,0.000990,-0.000664,-0.002182,-0.000257
13.421097,-0.043945,0.319384,0.267620,-0.374136,-0.939699,-0.825405,0.437883,0.161693,-0.266965,0.417772,0.052482,-0.555706,-0.566504,0.183503,-2.536596,-0.498654,2.641371,-1.705682,-2.184070,0.758952,0.909462,-0.000183,0.000438,0.000241,0.000429,0.000650,-0.002632,-0.000173
13.422068,-0.043034,0.319946,0.268045,-0.375385,-0.937034,-0.824319,0.437321,0.157905,-0.267683,0.415334,0.051073,-0.555242,-0.566727,0.183516,-2.536596,-0.498656,2.641373,-1.705682,-2.184076,0.758944,0.909460,-0.000052,-0.000388,0.000860,0.000535,-0.000281,-0.003615,-0.001495
13.422993,-0.040586,0.318236,0.266609,-0.374963,-0.935785,-0.822816,0.435898,0.151034,-0.266649,0.410441,0.049922,-0.554700,-0.567013,0.183546,-2.536596,-0.498658,2.641371,-1.705681,-2.184076,0.758942,0.909459,-0.000082,-0.000491,0.000034,0.001774,-0.001132,-0.003462,-0.001211
13.424025,-0.041487,0.319895,0.263710,-0.374611,-0.933714,-0.821695,0.435861,0.143755,-0.265933,0.405436,0.048232,-0.554069,-0.567243,0.183601,-2.536600,-0.498656,2.641371,-1.705680,-2.184074,0.758938,0.909464,-0.000870,0.000498,0.000167,0.001348,-0.000644,-0.003790,0.000812
13.425071,-0.041378,0.318591,0.265039,-0.374660,-0.931819,-0.820888,0.434818,0.137382,-0.266548,0.401394,0.045958,-0.553407,-0.567361,0.183681,-2.536597,-0.498658,2.641373,-1.705682,-2.184075,0.758935,0.909462,0.000005,-0.000167,0.000934,0.001052,-0.000780,-0.003599,-0.000050
13.426031,-0.039115,0.318700,0.259922,-0.373648,-0.930538,-0.819874,0.434137,0.123516,-0.268683,0.392665,0.041313,-0.552056,-0.567488,0.183813,-2.536599,-0.498654,2.641373,-1.705681,-2.184074,0.758933,0.909467,-0.000293,0.000704,0.001549,0.000117,-0.000194,-0.002901,0.001613
13.427107,-0.037341,0.321411,0.259498,-0.372298,-0.928814,-0.818490,0.434049,0.123516,-0.268683,0.392665,0.041313,-0.552056,-0.567488,0.183813,-2.536599,-0.498654,2.641373,-1.705681,-2.184074,0.758933,0.909467,-0.000293,0.000704,0.001549,0.000117,-0.000194,-0.002901,0.001613
13.428011,-0.039568,0.320397,0.258241,-0.371936,-0.925616,-0.817830,0.433243,0.117001,-0.267971,0.388068,0.040705,-0.551611,-0.567674,0.183803,-2.536601,-0.498658,2.641373,-1.705683,-2.184073,0.758929,0.909462,-0.000684,-0.000453,0.001045,-0.001168,0.000088,-0.002917,0.000843
13.428965,-0.039036,0.322215,0.257472,-0.373519,-0.924568,-0.816241,0.433565,0.110942,-0.262987,0.382708,0.043017,-0.551515,-0.568123,0.183733,-2.536596,-0.498656,2.641373,-1.705685,-2.184078,0.758925,0.909464,0.000782,0.000194,0.001097,-0.001467,-0.001383,-0.002421,0.001659
13.430102,-0.033352,0.321862,0.257997,-0.372853,-0.920313,-0.815527,0.432723,0.103475,-0.255147,0.375630,0.046752,-0.551519,-0.568750,0.183629,-2.536596,-0.498657,2.641373,-1.705683,-2.184074,0.758920,0.909461,0.000912,-0.000575,0.000864,0.000100,-0.000656,-0.002798,0.000159
13.431076,-0.035310,0.319465,0.258959,-0.375221,-0.920069,-0.814793,0.432979,0.096791,-0.247157,0.369040,0.050450,-0.551518,-0.569412,0.183508,-2.536603,-0.498656,2.641371,-1.705685,-2.184080,0.758919,0.909463,-0.001371,-0.000217,-0.000114,-0.000516,-0.002750,-0.002070,0.000849
13.432091,-0.033583,0.324409,0.254995,-0.373640,-0.918331,-0.812237,0.432420,0.095724,-0.243042,0.367240,0.052763,-0.551536,-0.569899,0.183379,-2.536600,-0.498653,2.641369,-1.705679,-2.184075,0.758916,0.909460,0.000031,0.001096,-0.001191,0.001758,-0.001178,-0.001572,-0.000535
13.433057,-0.032401,0.324793,0.251823,-0.372716,-0.916536,-0.810649,0.431489,0.098844,-0.243364,0.369358,0.053076,-0.551469,-0.570168,0.183260,-2.536602,-0.498658,2.641371,-1.705682,-2.184074,0.758910,0.909460,-0.000386,-0.001185,0.000135,0.000252,-0.001033,-0.002841,-0.000302
13.434041,-0.032553,0.323443,0.253820,-0.374322,-0.914990,-0.809880,0.431940,0.101986,-0.241868,0.371089,0.054128,-0.551470,-0.570532,0.183170,-2.536602,-0.498657,2.641373,-1.705686,-2.184076,0.758908,0.909463,-0.000554,-0.001222,0.001069,-0.000552,-0.001005,-0.003199,0.000699
13.434964,-0.030174,0.324682,0.252406,-0.373627,-0.914466,-0.808909,0.430997,0.104215,-0.237132,0.371437,0.056739,-0.551599,-0.571048,0.183114,-2.536601,-0.498654,2.641369,-1.705682,-2.184076,0.758904,0.909458,-0.000064,-0.000416,-0.000542,0.001006,-0.000696,-0.002708,-0.001083
13.436015,-0.029523,0.324958,0.249440,-0.374215,-0.912025,-0.807294,0.430820,0.107290,-0.233086,0.372531,0.059147,-0.551737,-0.571492,0.183094,-2.536600,-0.498656,2.641369,-1.705682,-2.184073,0.758904,0.909461,-0.000871,-0.000883,-0.000411,0.000307,0.000490,-0.002525,0.000003
13.437008,-0.026411,0.324455,0.249374,-0.373140,-0.909886,-0.806461,0.429787,0.111917,-0.230106,0.374967,0.061306,-0.551904,-0.571843,0.183118,-2.536602,-0.498656,2.641372,-1.705681,-2.184074,0.758900,0.909459,-0.000713,-0.000854,0.000363,0.000887,0.000011,-0.002810,-0.000584
13.437973,-0.026347,0.325826,0.247864,-0.372123,-0.907407,-0.805347,0.429297,0.117915,-0.227617,0.378435,0.063574,-0.552139,-0.572146,0.183191,-2.536606,-0.498656,2.641371,-1.705682,-2.184074,0.758899,0.909462,-0.001799,-0.000445,-0.000237,-0.000141,-0.000263,-0.002388,0.000606
13.439143,-0.024766,0.321861,0.249891,-0.372485,-0.905474,-0.804505,0.428379,0.126222,-0.225203,0.383433,0.066572,-0.552548,-0.572436,0.183299,-2.536606,-0.498658,2.641371,-1.705684,-2.184076,0.758897,0.909462,-0.001395,-0.000969,-0.000097,-0.001087,-0.000912,-0.002286,0.000720
13.439983,-0.029660,0.322929,0.245722,-0.372162,-0.905081,-0.803325,0.428156,0.137567,-0.223937,0.390684,0.070057,-0.553136,-0.572647,0.183416,-2.536608,-0.498652,2.641365,-1.705685,-2.184076,0.758895,0.909466,-0.001663,0.001151,-0.001817,-0.000684,-0.000643,-0.001651,0.001510
13.440998,-0.027857,0.327521,0.243724,-0.372116,-0.902559,-0.802220,0.428237,0.149144,-0.226281,0.398770,0.072161,-0.553604,-0.572629,0.183523,-2.536601,-0.498654,2.641369,-1.705685,-2.184075,0.758893,0.909465,0.001094,0.000739,-0.000277,-0.000982,0.000535,-0.001777,0.001204
13.442014,-0.023952,0.325705,0.241041,-0.371582,-0.901042,-0.802033,0.427035,0.154650,-0.228574,0.402536,0.073298,-0.553742,-0.572585,0.183607,-2.536601,-0.498660,2.641367,-1.705687,-2.184076,0.758891,0.909461,0.000601,-0.001343,0.000074,-0.000963,-0.000085,-0.001599,0.000149
13.443017,-0.022526,0.323836,0.238647,-0.372385,-0.898244,-0.801227,0.427333,0.153904,-0.226313,0.400956,0.075544,-0.553722,-0.572791,0.183658,-2.536604,-0.498658,2.641367,-1.705688,-2.184075,0.758893,0.909465,-0.000876,-0.000268,0.000765,-0.001467,0.000297,-0.000515,0.001662
13.444003,-0.022335,0.324581,0.238581,-0.371786,-0.896911,-0.799180,0.426830,0.151747,-0.222340,0.398028,0.078397,-0.553659,-0.573114,0.183670,-2.536606,-0.498656,2.641368,-1.705683,-2.184076,0.758893,0.909462,-0.001120,0.000803,0.001300,-0.000729,-0.000615,-0.000073,0.000158
13.445052,-0.023090,0.327934,0.241523,-0.373634,-0.894499,-0.797176,0.426417,0.149985,-0.220444,0.395798,0.080231,-0.553463,-0.573333,0.183639,-2.536606,-0.498656,2.641368,-1.705687,-2.184074,0.758888,0.909463,-0.000781,0.000570,0.000690,-0.001233,-0.000108,-0.000872,0.000303
13.445991,-0.021300,0.325271,0.238605,-0.372636,-0.893544,-0.796001,0.426379,0.149061,-0.220330,0.394616,0.080967,-0.553149,-0.573406,0.183566,-2.536604,-0.498660,2.641365,-1.705681,-2.184075,0.758885,0.909463,0.000036,-0.000912,-0.001428,0.000525,-0.000554,-0.001548,0.000196
13.447144,-0.018864,0.326417,0.237494,-0.372570,-0.890308,-0.793862,0.425772,0.149577,-0.221430,0.394895,0.080743,-0.552774,-0.573323,0.183462,-2.536606,-0.498656,2.641366,-1.705685,-2.184074,0.758886,0.909462,-0.000443,0.000550,-0.000564,-0.000397,0.000258,-0.001548,-0.000559
13.448005,-0.019085,0.327023,0.235704,-0.371375,-0.888928,-0.793219,0.425538,0.152202,-0.224305,0.397157,0.079675,-0.552406,-0.573058,0.183335,-2.536608,-0.498656,2.641365,-1.705685,-2.184075,0.758883,0.909462,-0.001142,0.000137,-0.000741,-0.000417,-0.000829,-0.002233,-0.000358
13.449059,-0.018962,0.328250,0.232375,-0.371466,-0.886898,-0.792372,0.424469,0.156819,-0.227545,0.400921,0.078846,-0.552154,-0.572706,0.183201,-2.536608,-0.498656,2.641363,-1.705688,-2.184076,0.758882,0.909461,-0.000639,-0.000035,-0.000379,-0.001552,-0.000567,-0.001783,-0.000656
13.450150,-0.017198,0.327360,0.232825,-0.372172,-0.886562,-0.791303,0.424207,0.160772,-0.228324,0.403689,0.079347,-0.552000,-0.572449,0.183077,-2.536607,-0.498659,2.641367,-1.705687,-2.184077,0.758881,0.909465,-0.000261,-0.000447,0.000576,-0.001435,-0.000615,-0.001306,0.000548
13.451031,-0.017249,0.326502,0.232341,-0.373304,-0.884547,-0.789650,0.423611,0.162540,-0.226648,0.404404,0.080802,-0.551831,-0.572306,0.182969,-2.536608,-0.498658,2.641365,-1.705689,-2.184072,0.758881,0.909464,-0.000663,0.000159,-0.000348,-0.000664,0.001067,-0.001013,0.000091
13.451979,-0.017270,0.328342,0.229540,-0.372513,-0.881238,-0.788288,0.423953,0.163826,-0.226196,0.405111,0.081375,-0.551526,-0.572061,0.182856,-2.536608,-0.498656,2.641363,-1.705685,-2.184074,0.758878,0.909465,-0.000249,0.000706,-0.000651,0.000405,0.000699,-0.001558,0.000504
13.453042,-0.015698,0.327675,0.226471,-0.373529,-0.878644,-0.788602,0.423231,0.164395,-0.228306,0.405960,0.080176,-0.550981,-0.571625,0.182718,-2.536608,-0.498658,2.641365,-1.705689,-2.184076,0.758877,0.909462,0.000173,-0.000059,0.000134,-0.000301,-0.000821,-0.001725,-0.001024
13.453977,-0.014557,0.329356,0.228382,-0.372482,-0.878426,-0.787391,0.422214,0.162085,-0.230894,0.404922,0.077846,-0.550154,-0.571153,0.182551,-2.536608,-0.498658,2.641366,-1.705685,-2.184076,0.758880,0.909462,-0.000152,0.000452,0.000966,0.000674,-0.001409,-0.000081,-0.000503
13.455021,-0.010439,0.328120,0.225610,-0.372997,-0.876929,-0.786114,0.422394,0.158071,-0.232925,0.402544,0.075247,-0.549181,-0.570746,0.182371,-2.536609,-0.498660,2.641363,-1.705688,-2.184073,0.758878,0.909465,-0.000312,-0.000231,-0.000572,-0.000319,0.000118,-0.000132,0.000696
13.455944,-0.012182,0.328447,0.226826,-0.371049,-0.875152,-0.784055,0.421809,0.156698,-0.234667,0.401945,0.073331,-0.548370,-0.570378,0.182185,-2.536614,-0.498658,2.641365,-1.705686,-2.184073,0.758878,0.909462,-0.001867,0.000539,0.000145,0.000184,0.000566,-0.000104,-0.000602
13.457105,-0.011989,0.328077,0.223309,-0.371401,-0.872683,-0.782235,0.421404,0.160104,-0.236613,0.404721,0.072581,-0.547901,-0.569992,0.181988,-2.536611,-0.498656,2.641361,-1.705690,-2.184071,0.758877,0.909463,-0.000606,0.000490,-0.001030,-0.001675,0.000500,-0.001007,-0.000239
13.458068,-0.009423,0.329824,0.220537,-0.372802,-0.871083,-0.782031,0.420397,0.165696,-0.238399,0.408951,0.072922,-0.547697,-0.569576,0.181790,-2.536610,-0.498654,2.641363,-1.705690,-2.184071,0.758875,0.909460,-0.000211,0.000833,-0.000022,-0.001276,0.000205,-0.001361,-0.000452
13.459045,-0.007126,0.330509,0.219578,-0.371716,-0.868407,-0.781475,0.420436,0.170036,-0.239480,0.412113,0.073665,-0.547534,-0.569174,0.181609,-2.536613,-0.498657,2.641365,-1.705686,-2.184071,0.758876,0.909462,-0.001057,0.000136,0.000721,0.000061,0.000413,-0.000353,0.000715
13.460005,-0.009455,0.333336,0.220278,-0.371944,-0.866556,-0.779233,0.420285,0.173329,-0.239279,0.414218,0.074686,-0.547351,-0.568863,0.181462,-2.536617,-0.498658,2.641365,-1.705688,-2.184072,0.758876,0.909459,-0.001737,-0.000045,0.000563,-0.000979,-0.000426,0.000309,-0.000241
13.461074,-0.010601,0.330171,0.219130,-0.372029,-0.865175,-0.778546,0.419057,0.176580,-0.236268,0.415658,0.076907,-0.547261,-0.568722,0.181363,-2.536613,-0.498662,2.641361,-1.705688,-2.184073,0.758872,0.909458,-0.000173,-0.001273,-0.000365,-0.000718,-0.000461,-0.000725,-0.000783
13.461960,-0.007484,0.332158,0.216361,-0.372230,-0.863284,-0.777208,0.419058,0.177918,-0.231071,0.415302,0.079681,-0.547132,-0.568666,0.181334,-2.536611,-0.498658,2.641360,-1.705688,-2.184074,0.758872,0.909461,0.000836,0.000461,-0.000461,-0.000612,0.000177,-0.000063,0.000736
13.463120,-0.007021,0.330900,0.216510,-0.373003,-0.863722,-0.776382,0.418146,0.176409,-0.226261,0.413053,0.081554,-0.546777,-0.568545,0.181392,-2.536613,-0.498660,2.641363,-1.705688,-2.184078,0.758871,0.909460,-0.000335,-0.000397,0.000322,-0.000391,-0.000019,-0.000294,-0.000072
13.464008,-0.009238,0.333231,0.215154,-0.372846,-0.861046,-0.773961,0.418288,0.174153,-0.223027,0.410618,0.082323,-0.546248,-0.568315,0.181522,-2.536613,-0.498658,2.641361,-1.705686,-2.184073,0.758875,0.909462,-0.000055,0.000404,-0.000492,0.000361,0.002571,0.000314,0.000730
13.464978,-0.005581,0.329276,0.216274,-0.371370,-0.858414,-0.772540,0.417444,0.171460,-0.221202,0.408185,0.082066,-0.545577,-0.567983,0.181705,-2.536608,-0.498660,2.641362,-1.705686,-2.184076,0.758871,0.909460,0.001398,-0.000618,-0.000381,0.000214,0.001557,-0.000994,-0.000350
13.466046,-0.004207,0.330835,0.213407,-0.371205,-0.856364,-0.772849,0.416898,0.168593,-0.221015,0.405991,0.080942,-0.544811,-0.567505,0.181916,-2.536612,-0.498654,2.641358,-1.705690,-2.184077,0.758870,0.909462,0.000010,0.001473,-0.001535,-0.001153,0.000756,-0.001182,0.000488
13.467102,-0.003122,0.333489,0.212281,-0.372846,-0.853879,-0.771638,0.416450,0.168858,-0.223470,0.406539,0.079506,-0.544141,-0.566834,0.182133,-2.536613,-0.498654,2.641360,-1.705690,-2.184075,0.758874,0.909462,-0.000193,0.000832,-0.000788,-0.001275,0.000703,0.000453,0.000626
13.468012,-0.004130,0.333785,0.209620,-0.372082,-0.851512,-0.770072,0.415904,0.172413,-0.226955,0.409605,0.078397,-0.543612,-0.566123,0.182337,-2.536613,-0.498656,2.641360,-1.705686,-2.184076,0.758874,0.909463,-0.000273,-0.000313,-0.000913,0.000300,0.000203,0.000544,0.000581
13.468970,-0.002816,0.336755,0.208403,-0.372421,-0.849553,-0.768609,0.415783,0.175957,-0.226778,0.411852,0.078168,-0.542499,-0.565203,0.182646,-2.536611,-0.498661,2.641360,-1.705688,-2.184076,0.758870,0.909463,0.000361,-0.001601,-0.000175,-0.000053,-0.000616,-0.000124,0.000253
13.470077,-0.000701,0.332884,0.204572,-0.373269,-0.847782,-0.767702,0.415528,0.175957,-0.226778,0.411852,0.078168,-0.542499,-0.565203,0.182646,-2.536611,-0.498661,2.641360,-1.705688,-2.184076,0.758870,0.909463,0.000361,-0.001601,-0.000175,-0.000053,-0.000616,-0.000124,0.000253
13.471053,-0.000697,0.332152,0.204181,-0.372312,-0.845435,-0.766834,0.415530,0.173472,-0.222508,0.409179,0.078885,-0.541823,-0.564988,0.182719,-2.536611,-0.498656,2.641363,-1.705686,-2.184078,0.758870,0.909461,-0.000221,0.000475,0.000999,0.000772,-0.000293,0.000357,-0.000208
13.471975,0.000574,0.334104,0.202990,-0.372459,-0.844969,-0.764011,0.414230,0.169662,-0.220222,0.405954,0.078214,-0.540933,-0.564670,0.182737,-2.536610,-0.498655,2.641363,-1.705688,-2.184079,0.758870,0.909460,0.000202,0.000975,0.000546,-0.000132,-0.000801,0.000708,-0.001078
13.473121,0.001374,0.334723,0.201100,-0.373007,-0.841390,-0.763504,0.414511,0.165688,-0.220794,0.403120,0.076243,-0.539898,-0.564175,0.182710,-2.536612,-0.498656,2.641362,-1.705688,-2.184075,0.758866,0.909465,-0.000016,0.000135,0.000571,0.000045,0.000443,-0.000960,0.000710
13.474061,0.002491,0.335547,0.202411,-0.373426,-0.840511,-0.762222,0.413627,0.161987,-0.221860,0.400509,0.074201,-0.538863,-0.563610,0.182647,-2.536613,-0.498656,2.641363,-1.705688,-2.184076,0.758869,0.909461,0.000093,0.000012,0.000765,0.000620,-0.001006,-0.000025,-0.000885
13.474963,0.001876,0.334880,0.201855,-0.372396,-0.839146,-0.761592,0.413525,0.159135,-0.222841,0.398443,0.072215,-0.537851,-0.563026,0.182553,-2.536613,-0.498656,2.641360,-1.705686,-2.184077,0.758868,0.909462,-0.000056,-0.000255,-0.000465,0.001007,-0.000091,-0.000138,0.000069
13.476060,0.004823,0.336684,0.199590,-0.372511,-0.837645,-0.760063,0.412846,0.158292,-0.224218,0.397873,0.070343,-0.536925,-0.562405,0.182443,-2.536611,-0.498654,2.641357,-1.705688,-2.184075,0.758868,0.909461,0.000627,0.000202,-0.000731,0.000032,0.000212,0.000364,-0.000538
13.477037,0.002939,0.335619,0.194168,-0.373300,-0.836750,-0.758699,0.412052,0.159682,-0.225337,0.398836,0.069276,-0.536192,-0.561772,0.182331,-2.536613,-0.498656,2.641357,-1.705688,-2.184075,0.758869,0.909461,-0.000361,-0.000517,-0.000297,0.000183,0.000772,0.000195,-0.000140
13.478029,0.005609,0.336401,0.197503,-0.372505,-0.834564,-0.758433,0.412368,0.160619,-0.225229,0.399230,0.068985,-0.535546,-0.561189,0.182234,-2.536609,-0.498654,2.641363,-1.705685,-2.184073,0.758869,0.909463,0.000984,0.000157,0.001733,0.000921,0.001696,0.000052,0.000574
13.479065,0.004355,0.337965,0.192557,-0.371432,-0.832023,-0.756869,0.410817,0.159218,-0.224364,0.397825,0.068749,-0.534838,-0.560646,0.182162,-2.536611,-0.498652,2.641357,-1.705684,-2.184073,0.758870,0.909459,0.000078,-0.000116,-0.000548,0.000119,0.001356,0.001032,-0.000943
13.479999,0.008026,0.338804,0.190336,-0.372623,-0.829577,-0.754849,0.411117,0.156810,-0.222107,0.395439,0.069281,-0.534194,-0.560194,0.182114,-2.536609,-0.498656,2.641361,-1.705688,-2.184075,0.758867,0.909465,0.001154,-0.000700,0.001253,-0.000845,0.000780,0.000770,0.001255
13.480956,0.005228,0.340931,0.193163,-0.372638,-0.827593,-0.755105,0.410032,0.152974,-0.216765,0.391405,0.071328,-0.533663,-0.559936,0.182084,-2.536613,-0.498656,2.641363,-1.705686,-2.184075,0.758867,0.909462,-0.000255,-0.000965,0.001728,0.000336,0.000079,-0.000087,-0.000197
13.482002,0.008863,0.336200,0.191093,-0.372635,-0.825056,-0.752653,0.409863,0.147705,-0.208798,0.385851,0.074250,-0.533150,-0.559846,0.182061,-2.536609,-0.498660,2.641359,-1.705686,-2.184075,0.758868,0.909465,0.001546,-0.001840,-0.000283,0.000359,-0.000105,0.001378,0.001138
13.482966,0.006053,0.338019,0.187731,-0.372336,-0.824182,-0.750246,0.410325,0.143331,-0.201631,0.381191,0.076635,-0.532596,-0.559711,0.182023,-2.536611,-0.498652,2.641359,-1.705686,-2.184079,0.758865,0.909465,0.000172,0.000628,0.000106,0.000377,-0.000646,0.000226,0.000528
13.484006,0.010935,0.339631,0.189439,-0.370800,-0.820632,-0.749998,0.408835,0.139673,-0.198407,0.377914,0.077150,-0.531879,-0.559311,0.181951,-2.536606,-0.498653,2.641362,-1.705686,-2.184075,0.758863,0.909461,0.001962,-0.000149,0.001136,0.000095,0.000265,-0.000962,-0.001245
13.485125,0.013797,0.340759,0.187969,-0.372610,-0.819002,-0.749187,0.408839,0.136220,-0.196984,0.375168,0.077079,-0.531120,-0.558741,0.181834,-2.536609,-0.498655,2.641359,-1.705690,-2.184079,0.758866,0.909465,-0.000020,-0.000770,-0.000372,-0.001330,-0.001318,0.000092,0.000836
13.486028,0.012948,0.340689,0.187128,-0.371515,-0.817703,-0.747163,0.408040,0.137103,-0.194851,0.375359,0.078426,-0.530650,-0.558177,0.181677,-2.536611,-0.498656,2.641358,-1.705684,-2.184079,0.758865,0.909463,-0.000933,-0.001150,-0.000335,0.000397,-0.000829,0.000682,-0.000187
13.486952,0.013899,0.338964,0.188632,-0.371503,-0.815776,-0.745956,0.409287,0.143898,-0.192595,0.379746,0.080919,-0.530485,-0.557613,0.181485,-2.536609,-0.498656,2.641358,-1.705689,-2.184076,0.758864,0.909465,-0.000120,-0.000967,-0.000495,-0.000580,-0.000464,-0.000224,0.000618
13.487989,0.014001,0.341625,0.180704,-0.372574,-0.814058,-0.745188,0.407975,0.154239,-0.191679,0.386970,0.083483,-0.530459,-0.556945,0.181262,-2.536609,-0.498654,2.641354,-1.705688,-2.184077,0.758865,0.909456,-0.000203,0.000024,-0.001806,-0.000589,-0.000656,-0.000270,-0.002698
13.489168,0.015342,0.341307,0.181211,-0.372553,-0.811651,-0.743244,0.407448,0.164741,-0.192347,0.394679,0.085371,-0.530372,-0.556175,0.181027,-2.536609,-0.498656,2.641364,-1.705686,-2.184075,0.758865,0.909461,0.000202,-0.001143,0.001422,0.000455,-0.000436,0.000264,-0.000966
13.490028,0.012585,0.341844,0.181536,-0.371999,-0.809147,-0.742510,0.407351,0.171041,-0.192658,0.399340,0.086418,-0.530005,-0.555465,0.180817,-2.536609,-0.498656,2.641361,-1.705686,-2.184074,0.758866,0.909462,0.000038,-0.000787,0.000406,0.000454,-0.000652,-0.000225,-0.000976
13.490947,0.017230,0.341869,0.181505,-0.370047,-0.808741,-0.740575,0.405790,0.172502,-0.192181,0.400405,0.086697,-0.529345,-0.554835,0.180646,-2.536604,-0.498656,2.641358,-1.705686,-2.184076,0.758867,0.909461,0.001737,-0.000927,-0.000280,-0.000081,-0.001528,0.000117,-0.001548
13.492058,0.017966,0.339084,0.179379,-0.371963,-0.806991,-0.739696,0.406337,0.172321,-0.191090,0.400186,0.087178,-0.528659,-0.554231,0.180517,-2.536607,-0.498656,2.641356,-1.705692,-2.184075,0.758864,0.909465,-0.000187,-0.000799,-0.000831,-0.001894,-0.000195,-0.000659,0.000774
13.493163,0.016098,0.340847,0.172401,-0.370924,-0.805422,-0.737432,0.405027,0.174616,-0.190966,0.401923,0.088183,-0.528169,-0.553541,0.180432,-2.536606,-0.498652,2.641356,-1.705687,-2.184075,0.758864,0.909457,-0.000054,0.000732,-0.000473,-0.000049,0.000129,-0.000140,-0.001318
13.494085,0.017517,0.343801,0.172695,-0.372304,-0.803866,-0.735555,0.405234,0.176793,-0.193298,0.404069,0.088274,-0.527621,-0.552692,0.180393,-2.536602,-0.498654,2.641364,-1.705690,-2.184077,0.758863,0.909463,0.001326,0.000026,0.002240,-0.001005,0.000649,-0.001031,0.000336
13.495011,0.016591,0.342884,0.173359,-0.371222,-0.802611,-0.734955,0.404177,0.172914,-0.194744,0.401702,0.087677,-0.526786,-0.551880,0.180395,-2.536602,-0.498656,2.641364,-1.705687,-2.184075,0.758862,0.909460,0.001000,-0.001294,0.001465,0.000328,0.000805,-0.001743,-0.000914
13.496003,0.020954,0.342045,0.175068,-0.372174,-0.800774,-0.734074,0.404421,0.164037,-0.193291,0.395182,0.087410,-0.525787,-0.551205,0.180422,-2.536599,-0.498655,2.641362,-1.705690,-2.184075,0.758862,0.909464,0.001836,-0.000676,0.000561,-0.000669,0.001283,-0.001178,0.000392
13.496985,0.023373,0.344439,0.171726,-0.370520,-0.798143,-0.732497,0.403435,0.156106,-0.191981,0.389397,0.087126,-0.524830,-0.550493,0.180455,-2.536602,-0.498654,2.641358,-1.705687,-2.184075,0.758863,0.909461,0.000101,-0.000123,-0.000895,0.000234,0.001301,-0.000825,-0.000994
13.497987,0.025374,0.342563,0.170246,-0.373791,-0.796179,-0.732597,0.402997,0.154296,-0.192365,0.388337,0.087190,-0.524157,-0.549676,0.180476,-2.536604,-0.498657,2.641362,-1.705692,-2.184076,0.758861,0.909465,-0.000648,-0.001145,0.000127,-0.001292,0.000520,-0.001173,0.000119
13.499128,0.021498,0.345150,0.169562,-0.373122,-0.794278,-0.730951,0.403041,0.158719,-0.193984,0.391958,0.087670,-0.523746,-0.548819,0.180473,-2.536606,-0.498655,2.641362,-1.705683,-2.184076,0.758864,0.909465,-0.001190,-0.000057,0.000212,0.001821,0.000443,0.000183,0.000094
13.500006,0.023061,0.345325,0.164687,-0.369887,-0.792479,-0.729677,0.401726,0.164710,-0.197430,0.397090,0.086862,-0.523215,-0.547915,0.180441,-2.536601,-0.498657,2.641360,-1.705683,-2.184075,0.758862,0.909462,0.001208,-0.001172,-0.000163,0.001134,0.000678,-0.000043,-0.001003
13.500965,0.023545,0.340664,0.166661,-0.371458,-0.790417,-0.728134,0.401611,0.166921,-0.199305,0.399205,0.085786,-0.522500,-0.547134,0.180375,-2.536601,-0.498657,2.641364,-1.705691,-2.184075,0.758861,0.909466,0.000780,-0.001113,0.001686,-0.001908,0.000523,-0.000215,0.000860
13.502121,0.024295,0.341204,0.165205,-0.371102,-0.788347,-0.726968,0.400687,0.164965,-0.198784,0.397774,0.085583,-0.521762,-0.546481,0.180287,-2.536599,-0.498651,2.641359,-1.705687,-2.184075,0.758862,0.909463,0.000933,0.001322,0.000099,-0.000369,0.000258,-0.000566,0.000226
13.502969,0.027014,0.345473,0.162009,-0.371307,-0.786371,-0.726768,0.401210,0.162273,-0.201661,0.396476,0.083970,-0.520910,-0.545609,0.180188,-2.536598,-0.498651,2.641361,-1.705688,-2.184075,0.758862,0.909466,0.001057,0.001206,0.000082,-0.000683,0.000360,-0.000281,0.001054
13.504058,0.026047,0.340919,0.160534,-0.371200,-0.784227,-0.724775,0.400394,0.160093,-0.207102,0.396068,0.081262,-0.519994,-0.544593,0.180076,-2.536600,-0.498656,2.641364,-1.705687,-2.184078,0.758865,0.909461,0.000075,-0.000752,0.001114,-0.000496,-0.000007,0.000565,-0.000751
13.505020,0.026595,0.346807,0.159901,-0.371305,-0.781968,-0.723133,0.399842,0.157498,-0.211655,0.395146,0.078891,-0.519101,-0.543658,0.179949,-2.536598,-0.498652,2.641364,-1.705686,-2.184076,0.758863,0.909462,0.001030,0.001691,0.001138,-0.000595,-0.000118,-0.000068,-0.000063
13.505978,0.029373,0.345182,0.160517,-0.372068,-0.780269,-0.722627,0.399591,0.153208,-0.215395,0.392833,0.076537,-0.518160,-0.542778,0.179827,-2.536595,-0.498659,2.641363,-1.705688,-2.184076,0.758862,0.909462,0.001425,-0.000947,0.000672,-0.000560,-0.000183,-0.000356,0.000260
13.507113,0.031798,0.347796,0.158710,-0.372219,-0.776304,-0.720443,0.398490,0.148240,-0.217510,0.389763,0.074680,-0.517258,-0.541980,0.179725,-2.536594,-0.498656,2.641363,-1.705688,-2.184073,0.758866,0.909462,0.000899,0.000196,-0.000508,0.000021,0.000486,0.000538,0.000031
13.508054,0.036506,0.344728,0.154358,-0.371925,-0.775514,-0.720077,0.399260,0.145570,-0.218672,0.388240,0.073453,-0.516503,-0.541231,0.179641,-2.536594,-0.498657,2.641364,-1.705686,-2.184077,0.758863,0.909466,0.000728,-0.000717,-0.000630,-0.000093,-0.000615,0.000026,0.001365
13.508980,0.035187,0.346212,0.154130,-0.370852,-0.772723,-0.717902,0.397975,0.146579,-0.220477,0.389511,0.072521,-0.515908,-0.540459,0.179561,-2.536597,-0.498654,2.641365,-1.705688,-2.184073,0.758867,0.909461,-0.000732,0.001148,0.000684,-0.000537,0.000927,0.001043,-0.000907
13.510000,0.040902,0.345863,0.153758,-0.371686,-0.769278,-0.715494,0.398442,0.150311,-0.223363,0.392868,0.071927,-0.515459,-0.539645,0.179470,-2.536594,-0.498655,2.641362,-1.705691,-2.184074,0.758863,0.909465,0.000762,0.000717,-0.000014,-0.001736,0.000447,0.000234,0.000981
13.511038,0.040117,0.347933,0.151060,-0.373060,-0.768176,-0.714140,0.397382,0.156485,-0.227428,0.398124,0.071734,-0.515164,-0.538756,0.179362,-2.536599,-0.498653,2.641359,-1.705689,-2.184076,0.758861,0.909462,-0.001130,0.001242,-0.000723,-0.001132,-0.000432,-0.000660,-0.000752
13.512067,0.043494,0.346649,0.148359,-0.373531,-0.763985,-0.712466,0.397528,0.165300,-0.232948,0.405573,0.071438,-0.514963,-0.537757,0.179235,-2.536596,-0.498655,2.641359,-1.705686,-2.184074,0.758862,0.909465,0.000206,0.000584,-0.000305,-0.000023,0.001066,-0.000476,0.000597
13.512963,0.042436,0.351185,0.145112,-0.373778,-0.762606,-0.711475,0.396254,0.174143,-0.240095,0.413462,0.070009,-0.514635,-0.536646,0.179090,-2.536599,-0.498651,2.641361,-1.705684,-2.184078,0.758862,0.909462,-0.000518,0.001562,0.000092,0.000188,-0.000551,-0.000641,-0.000488
13.514064,0.046905,0.352149,0.146867,-0.373306,-0.760393,-0.710337,0.396076,0.179552,-0.246992,0.418931,0.067594,-0.514052,-0.535555,0.178930,-2.536596,-0.498655,2.641363,-1.705684,-2.184075,0.758863,0.909466,0.000812,-0.000373,0.000881,0.000256,0.000310,-0.000311,0.001389
13.515009,0.048117,0.351325,0.142979,-0.372573,-0.757990,-0.708497,0.395401,0.181599,-0.250231,0.421295,0.066034,-0.513402,-0.534696,0.178753,-2.536597,-0.498655,2.641361,-1.705686,-2.184075,0.758866,0.909467,-0.000418,-0.000446,-0.000995,-0.000398,0.000846,0.000155,0.000878
13.516008,0.049165,0.352098,0.141749,-0.373610,-0.755983,-0.707032,0.395551,0.183762,-0.249617,0.422930,0.066488,-0.512955,-0.534084,0.178542,-2.536596,-0.498653,2.641363,-1.705688,-2.184074,0.758863,0.909467,-0.000163,0.000288,0.000091,-0.001270,0.000789,-0.000284,0.001520
13.517038,0.053040,0.354204,0.139770,-0.375305,-0.751682,-0.704468,0.395909,0.186418,-0.247524,0.424551,0.068096,-0.512660,-0.533579,0.178290,-2.536594,-0.498653,2.641361,-1.705688,-2.184075,0.758863,0.909464,0.000205,0.000248,-0.000189,-0.000411,0.001295,-0.000273,0.000453
13.518038,0.051669,0.354970,0.138415,-0.372958,-0.750130,-0.703971,0.394533,0.188330,-0.245541,0.425659,0.069413,-0.512295,-0.533091,0.178002,-2.536596,-0.498655,2.641363,-1.705683,-2.184078,0.758861,0.909459,-0.000769,-0.000427,-0.000143,0.000959,-0.000424,-0.001315,-0.001030
13.519020,0.053961,0.355143,0.137350,-0.374787,-0.747198,-0.702747,0.394908,0.189444,-0.243148,0.426117,0.070485,-0.511839,-0.532642,0.177707,-2.536593,-0.498655,2.641362,-1.705690,-2.184077,0.758861,0.909464,0.000816,-0.000449,-0.000372,-0.001448,0.000546,-0.000322,0.000975
13.520053,0.057332,0.354240,0.135059,-0.376155,-0.744007,-0.700653,0.394526,0.188825,-0.239413,0.425008,0.071925,-0.511339,-0.532278,0.177440,-2.536593,-0.498655,2.641360,-1.705686,-2.184079,0.758863,0.909459,0.000551,-0.000185,-0.000708,0.000130,0.000070,-0.000116,-0.000536
13.520997,0.058964,0.357902,0.131183,-0.375485,-0.743831,-0.699375,0.394670,0.187228,-0.237208,0.423475,0.072244,-0.510652,-0.531846,0.177215,-2.536594,-0.498653,2.641360,-1.705684,-2.184080,0.758861,0.909462,-0.000172,0.000617,-0.000493,0.001247,-0.000531,-0.000687,-0.000557
13.522045,0.062312,0.355784,0.132703,-0.376116,-0.739625,-0.698257,0.393699,0.185549,-0.237425,0.422346,0.070945,-0.509740,-0.531302,0.177030,-2.536594,-0.498657,2.641364,-1.705686,-2.184075,0.758862,0.909460,-0.000115,-0.000858,0.000549,0.000414,0.001635,-0.000571,-0.001565
13.523057,0.061407,0.358750,0.129323,-0.376331,-0.737699,-0.697183,0.393184,0.184647,-0.238106,0.421784,0.069434,-0.508809,-0.530752,0.176885,-2.536596,-0.498653,2.641359,-1.705684,-2.184078,0.758865,0.909461,-0.000817,0.000556,-0.001124,0.000807,0.000035,-0.000156,-0.000406
13.524030,0.062961,0.356768,0.127302,-0.375904,-0.733709,-0.695621,0.392472,0.185133,-0.239493,0.422290,0.067790,-0.507912,-0.530187,0.176790,-2.536595,-0.498657,2.641361,-1.705684,-2.184075,0.758864,0.909461,0.000577,-0.000549,-0.000346,0.000820,0.000635,0.000264,-0.000156
13.525056,0.066684,0.359443,0.125315,-0.375451,-0.732600,-0.694132,0.391845,0.184318,-0.241276,0.421898,0.065679,-0.506919,-0.529616,0.176752,-2.536594,-0.498655,2.641361,-1.705686,-2.184079,0.758862,0.909464,0.000660,0.000787,-0.000222,0.000238,-0.000905,0.000143,0.000523
13.525981,0.069343,0.357932,0.124660,-0.376481,-0.730002,-0.692890,0.392431,0.181734,-0.242573,0.420041,0.063711,-0.505873,-0.529064,0.176753,-2.536595,-0.498657,2.641360,-1.705688,-2.184077,0.758862,0.909467,-0.000251,-0.000186,-0.000158,-0.000366,0.000564,0.000167,0.000981
13.526967,0.069163,0.361734,0.122607,-0.377639,-0.727864,-0.691997,0.390821,0.180707,-0.243776,0.419145,0.062416,-0.504957,-0.528495,0.176751,-2.536596,-0.498655,2.641358,-1.705687,-2.184074,0.758865,0.909462,-0.000725,0.000898,-0.000649,0.000471,0.000230,0.000272,-0.000897
13.528005,0.068711,0.360925,0.119036,-0.375438,-0.725511,-0.691036,0.391554,0.181660,-0.245449,0.419699,0.061208,-0.504122,-0.527895,0.176718,-2.536593,-0.498657,2.641358,-1.705683,-2.184075,0.758866,0.909468,0.000253,-0.000653,-0.000510,0.001340,0.000568,0.000829,0.001592
13.529134,0.073987,0.360520,0.118617,-0.376735,-0.725254,-0.688571,0.389415,0.180653,-0.245570,0.418540,0.060264,-0.503243,-0.527397,0.176647,-2.536589,-0.498655,2.641360,-1.705688,-2.184075,0.758865,0.909461,0.001389,0.000113,0.000317,-0.000971,0.000816,0.001402,-0.000685
13.530002,0.076826,0.361960,0.114639,-0.377887,-0.722431,-0.688142,0.390459,0.176959,-0.243575,0.415019,0.060214,-0.502399,-0.527017,0.176534,-2.536593,-0.498653,2.641358,-1.705686,-2.184071,0.758861,0.909470,-0.000200,0.000691,-0.000489,0.000091,0.003358,0.000611,0.002753
13.530982,0.078181,0.364388,0.113424,-0.376590,-0.718984,-0.686500,0.389141,0.174411,-0.242205,0.412427,0.060356,-0.501673,-0.526588,0.176374,-2.536595,-0.498653,2.641360,-1.705683,-2.184073,0.758861,0.909464,-0.000790,0.000263,0.000708,0.000985,0.002694,0.001478,-0.000032
13.531981,0.078456,0.365664,0.109789,-0.377341,-0.714437,-0.685621,0.389501,0.173777,-0.240706,0.411143,0.060861,-0.501088,-0.526170,0.176148,-2.536595,-0.498656,2.641358,-1.705686,-2.184074,0.758863,0.909468,-0.000561,-0.000568,0.000438,-0.000439,0.001700,0.001256,0.001886
13.533089,0.081992,0.362463,0.108623,-0.377780,-0.714182,-0.683704,0.388983,0.172314,-0.236100,0.408573,0.062649,-0.500593,-0.525936,0.175846,-2.536593,-0.498658,2.641360,-1.705685,-2.184080,0.758866,0.909465,0.000199,-0.000820,0.001336,0.000096,-0.000295,0.001843,0.000383
13.534037,0.079995,0.366982,0.106980,-0.375827,-0.709774,-0.681961,0.388731,0.168840,-0.230162,0.404258,0.064566,-0.500005,-0.525784,0.175474,-2.536595,-0.498653,2.641360,-1.705684,-2.184073,0.758862,0.909465,-0.000544,0.001132,0.000901,0.000301,0.002198,0.001572,0.000592
13.535024,0.085495,0.367306,0.108132,-0.378634,-0.705897,-0.680992,0.388519,0.163890,-0.224844,0.398992,0.065973,-0.499303,-0.525581,0.175044,-2.536589,-0.498657,2.641360,-1.705690,-2.184078,0.758861,0.909465,0.001280,-0.000786,0.000868,-0.001721,0.000162,0.001230,0.000372
13.536056,0.086489,0.369567,0.101781,-0.377337,-0.704503,-0.679764,0.387237,0.158597,-0.218694,0.393336,0.067796,-0.498610,-0.525400,0.174578,-2.536594,-0.498659,2.641357,-1.705685,-2.184080,0.758864,0.909463,-0.000540,-0.000551,-0.000571,0.000809,-0.001216,0.001707,0.000050
13.537114,0.086614,0.367967,0.102085,-0.379301,-0.701921,-0.677674,0.388090,0.154533,-0.211503,0.388413,0.070049,-0.497940,-0.525284,0.174100,-2.536594,-0.498659,2.641360,-1.705688,-2.184077,0.758865,0.909468,-0.000063,-0.001322,0.001664,-0.000650,-0.000036,0.001990,0.001829
13.538050,0.086272,0.368172,0.101925,-0.378918,-0.698276,-0.676535,0.386917,0.150070,-0.204016,0.383194,0.072058,-0.497169,-0.525198,0.173626,-2.536591,-0.498657,2.641358,-1.705684,-2.184076,0.758864,0.909462,0.000802,-0.000155,0.000549,0.001040,0.000007,0.001459,-0.000698
13.539032,0.091078,0.370793,0.100613,-0.378411,-0.695468,-0.675116,0.387126,0.143371,-0.198854,0.376947,0.072188,-0.496087,-0.524964,0.173163,-2.536587,-0.498657,2.641355,-1.705686,-2.184079,0.758865,0.909465,0.001784,0.000063,-0.000188,0.000501,-0.001289,0.001702,0.000960
13.540097,0.096340,0.368201,0.096809,-0.378607,-0.691710,-0.672198,0.387107,0.136522,-0.196543,0.371315,0.070691,-0.494817,-0.524532,0.172723,-2.536589,-0.498658,2.641355,-1.705687,-2.184077,0.758865,0.909462,0.000282,-0.000892,-0.000416,-0.000184,-0.001646,0.001728,-0.000220
13.541059,0.094400,0.371115,0.096584,-0.379012,-0.691718,-0.670933,0.386167,0.133600,-0.195793,0.368881,0.069310,-0.493701,-0.523974,0.172311,-2.536594,-0.498655,2.641357,-1.705687,-2.184081,0.758861,0.909461,-0.001314,0.000763,0.000507,-0.000185,-0.002711,0.000389,-0.000983
13.542011,0.095339,0.370331,0.096364,-0.378438,-0.688203,-0.669865,0.385731,0.135288,-0.197079,0.370178,0.068039,-0.492772,-0.523248,0.171950,-2.536590,-0.498657,2.641355,-1.705685,-2.184075,0.758861,0.909462,0.000526,-0.000357,-0.000245,-0.000016,-0.000325,0.000554,0.000176
13.543105,0.098973,0.373255,0.089657,-0.379266,-0.685839,-0.668950,0.384900,0.138249,-0.199328,0.372630,0.066761,-0.491914,-0.522409,0.171667,-2.536588,-0.498655,2.641351,-1.705685,-2.184077,0.758863,0.909462,0.000893,0.000366,-0.000949,-0.000788,-0.001474,0.000878,0.000314
13.544094,0.101938,0.372479,0.089149,-0.377204,-0.683752,-0.666984,0.385306,0.140041,-0.200610,0.374099,0.065916,-0.491080,-0.521610,0.171465,-2.536590,-0.498657,2.641358,-1.705684,-2.184078,0.758865,0.909465,0.000088,-0.000703,0.001358,-0.000177,-0.001081,0.001568,0.001141
13.545026,0.101928,0.374980,0.087035,-0.380325,-0.681306,-0.666303,0.383990,0.140667,-0.199260,0.374141,0.066445,-0.490348,-0.520990,0.171325,-2.536592,-0.498655,2.641357,-1.705691,-2.184077,0.758862,0.909461,-0.000462,0.000029,0.000702,-0.002307,-0.000706,0.001064,-0.000433
13.546077,0.103540,0.373570,0.087597,-0.378621,-0.680368,-0.664298,0.384130,0.140873,-0.195494,0.373282,0.068349,-0.489731,-0.520544,0.171230,-2.536590,-0.498657,2.641357,-1.705683,-2.184077,0.758863,0.909465,0.000388,-0.000883,0.000926,0.000489,-0.000820,0.001760,0.001506
13.547039,0.108686,0.374940,0.084773,-0.380054,-0.676796,-0.663344,0.383686,0.140514,-0.191423,0.371915,0.070216,-0.489069,-0.520147,0.171174,-2.536588,-0.498653,2.641352,-1.705688,-2.184074,0.758864,0.909463,0.000519,0.000169,-0.000266,-0.001341,0.000849,0.001287,0.000405
13.548011,0.109566,0.377533,0.085230,-0.378845,-0.675125,-0.662513,0.383130,0.146745,-0.186993,0.374741,0.073423,-0.487968,-0.519205,0.171098,-2.536589,-0.498655,2.641350,-1.705689,-2.184075,0.758865,0.909465,-0.000700,-0.001128,-0.000808,-0.001482,0.000448,0.002361,0.000940
13.549062,0.111584,0.378614,0.079224,-0.380070,-0.671430,-0.659637,0.382675,0.146745,-0.186993,0.374741,0.073423,-0.487968,-0.519205,0.171098,-2.536589,-0.498655,2.641350,-1.705689,-2.184075,0.758865,0.909465,-0.000700,-0.001128,-0.000808,-0.001482,0.000448,0.002361,0.000940
13.550050,0.109295,0.377777,0.080599,-0.380062,-0.669599,-0.657476,0.382471,0.153970,-0.183410,0.378696,0.076561,-0.487727,-0.518851,0.171050,-2.536590,-0.498655,2.641353,-1.705687,-2.184077,0.758864,0.909465,-0.000738,-0.001290,0.001231,-0.000486,-0.000614,0.001019,0.001044
13.550954,0.112686,0.378881,0.079445,-0.380712,-0.666718,-0.656023,0.382356,0.158648,-0.178368,0.380524,0.079869,-0.487397,-0.518562,0.170986,-2.536585,-0.498654,2.641349,-1.705686,-2.184076,0.758861,0.909465,0.001264,-0.000519,-0.000333,-0.000716,0.000026,0.000333,0.000699
13.552076,0.117570,0.377762,0.077496,-0.381689,-0.664324,-0.654660,0.381715,0.159687,-0.174517,0.380078,0.081734,-0.486779,-0.518152,0.170901,-2.536586,-0.498656,2.641349,-1.705686,-2.184077,0.758864,0.909465,0.000389,-0.000731,-0.000561,-0.000242,-0.000592,0.000207,0.000240
13.552970,0.118569,0.380159,0.076608,-0.379364,-0.661553,-0.653401,0.382058,0.160990,-0.174097,0.380628,0.081710,-0.485969,-0.517514,0.170790,-2.536590,-0.498653,2.641349,-1.705686,-2.184077,0.758861,0.909465,-0.000985,0.000195,-0.000600,0.000524,-0.000178,0.000516,0.000672
13.553978,0.118677,0.378722,0.073119,-0.383565,-0.658517,-0.652374,0.381131,0.165884,-0.176726,0.384399,0.080829,-0.485193,-0.516709,0.170646,-2.536590,-0.498655,2.641347,-1.705692,-2.184078,0.758863,0.909462,-0.000649,-0.000684,-0.000946,-0.001866,-0.000709,0.000557,-0.000696
13.555117,0.119659,0.380141,0.072728,-0.382739,-0.657566,-0.650870,0.380933,0.172235,-0.180996,0.389544,0.079437,-0.484391,-0.515839,0.170483,-2.536588,-0.498651,2.641350,-1.705684,-2.184080,0.758863,0.909464,0.000206,0.000364,-0.000142,0.002009,-0.001210,0.001019,0.000405
13.556096,0.123433,0.381939,0.068240,-0.381916,-0.653991,-0.648978,0.380658,0.175948,-0.187949,0.393400,0.075767,-0.483195,-0.514864,0.170335,-2.536586,-0.498650,2.641348,-1.705686,-2.184077,0.758864,0.909463,0.000733,0.000036,-0.000972,0.000949,0.000680,0.001189,-0.000078
13.557031,0.124271,0.378838,0.067097,-0.382198,-0.651193,-0.647162,0.380045,0.176761,-0.195808,0.395352,0.070882,-0.481720,-0.513868,0.170213,-2.536588,-0.498654,2.641350,-1.705688,-2.184079,0.758861,0.909462,-0.000250,-0.000476,0.000386,-0.000017,-0.000454,0.000747,-0.000265
13.558094,0.124857,0.382689,0.063884,-0.381611,-0.649850,-0.645365,0.379660,0.176127,-0.202729,0.395915,0.066564,-0.480228,-0.512930,0.170120,-2.536587,-0.498650,2.641347,-1.705688,-2.184080,0.758863,0.909463,0.000195,0.001383,0.000121,0.000092,-0.000901,0.000300,0.000249
13.558994,0.125501,0.385437,0.065412,-0.381970,-0.646413,-0.646291,0.379233,0.173645,-0.209194,0.394857,0.062656,-0.478694,-0.512008,0.170065,-2.536585,-0.498654,2.641348,-1.705689,-2.184078,0.758862,0.909463,0.000856,-0.000153,0.000760,-0.000696,0.000416,0.000078,0.000204
13.559972,0.128078,0.383445,0.064740,-0.381941,-0.645264,-0.642850,0.379353,0.168606,-0.212189,0.391084,0.060405,-0.477212,-0.511276,0.170045,-2.536583,-0.498656,2.641345,-1.705689,-2.184081,0.758865,0.909465,0.001333,-0.001172,-0.000796,-0.000499,-0.000764,0.002334,0.000370
13.561073,0.132051,0.386262,0.062664,-0.383182,-0.642300,-0.640108,0.377765,0.163211,-0.211307,0.386176,0.060209,-0.475894,-0.510766,0.170042,-2.536583,-0.498655,2.641342,-1.705689,-2.184078,0.758861,0.909462,0.000932,0.000173,-0.001310,-0.000722,0.000524,0.000315,-0.000615
13.561996,0.132690,0.388424,0.061473,-0.382439,-0.638781,-0.639060,0.378841,0.160899,-0.210117,0.383413,0.060799,-0.474755,-0.510243,0.170044,-2.536585,-0.498655,2.641342,-1.705685,-2.184078,0.758859,0.909468,-0.000027,-0.000870,-0.001256,0.000220,0.000299,-0.000781,0.001729
13.562996,0.135824,0.385501,0.059466,-0.383386,-0.636572,-0.637410,0.377656,0.162241,-0.208405,0.383214,0.062193,-0.473816,-0.509705,0.170037,-2.536583,-0.498657,2.641341,-1.705688,-2.184081,0.758862,0.909463,0.000491,-0.001588,-0.001497,-0.000646,-0.000900,-0.000471,-0.001156
13.564140,0.135452,0.386207,0.055993,-0.382798,-0.635523,-0.635827,0.377895,0.166030,-0.206088,0.384705,0.064148,-0.473000,-0.509174,0.169998,-2.536585,-0.498654,2.641339,-1.705687,-2.184081,0.758863,0.909466,-0.000153,0.000209,-0.001369,0.000090,-0.000594,-0.000658,0.000484
13.565014,0.135896,0.385669,0.053680,-0.380767,-0.632207,-0.635248,0.377410,0.170440,-0.205815,0.387094,0.065172,-0.472113,-0.508509,0.169922,-2.536583,-0.498654,2.641340,-1.705689,-2.184076,0.758863,0.909463,0.001074,0.000242,-0.000675,-0.000692,0.001184,-0.000556,-0.000882
13.565973,0.138548,0.387025,0.055649,-0.383890,-0.629324,-0.634195,0.377232,0.172288,-0.206792,0.387872,0.065525,-0.471101,-0.507757,0.169820,-2.536579,-0.498654,2.641342,-1.705695,-2.184077,0.758863,0.909465,0.001605,0.000827,-0.000333,-0.002772,0.000039,0.000160,-0.000566
13.567008,0.141236,0.389267,0.052934,-0.384324,-0.626289,-0.632128,0.377156,0.171489,-0.208114,0.386790,0.065674,-0.469996,-0.506994,0.169700,-2.536579,-0.498652,2.641336,-1.705689,-2.184077,0.758861,0.909465,0.001142,0.000463,-0.002140,0.000076,-0.000440,0.000531,-0.000951
13.568045,0.144800,0.391180,0.054541,-0.382665,-0.625155,-0.630500,0.376141,0.171139,-0.211093,0.386457,0.064756,-0.468781,-0.506170,0.169566,-2.536578,-0.498654,2.641335,-1.705687,-2.184076,0.758860,0.909463,0.000739,-0.000278,-0.001689,0.000237,-0.000896,-0.000015,-0.001581
13.569151,0.143742,0.389163,0.046230,-0.383837,-0.621651,-0.628305,0.376344,0.174161,-0.214066,0.388669,0.064032,-0.467705,-0.505367,0.169413,-2.536579,-0.498654,2.641329,-1.705691,-2.184075,0.758864,0.909464,-0.000082,-0.000867,-0.003379,-0.001553,0.000567,-0.000137,-0.000323
13.570056,0.145459,0.394095,0.046416,-0.382278,-0.619343,-0.626011,0.374662,0.179432,-0.215318,0.392217,0.064667,-0.466900,-0.504669,0.169241,-2.536577,-0.498650,2.641336,-1.705689,-2.184075,0.758863,0.909462,0.001458,0.000507,-0.000262,-0.000621,-0.000189,-0.000699,-0.001590
13.570985,0.150156,0.392268,0.042539,-0.384752,-0.617790,-0.625288,0.375894,0.181318,-0.213806,0.392827,0.066280,-0.466129,-0.504131,0.169053,-2.536577,-0.498656,2.641332,-1.705695,-2.184075,0.758861,0.909466,0.001419,-0.001603,-0.001173,-0.002249,-0.000227,-0.001655,0.001107
13.572079,0.150646,0.395309,0.040235,-0.383306,-0.614410,-0.624225,0.373842,0.179434,-0.208815,0.390050,0.069040,-0.465370,-0.503790,0.168849,-2.536579,-0.498652,2.641334,-1.705689,-2.184076,0.758861,0.909456,-0.000067,-0.000369,-0.000071,-0.000055,0.000555,-0.000994,-0.002081
13.573081,0.154397,0.393894,0.040078,-0.385374,-0.612669,-0.622923,0.374588,0.176459,-0.201830,0.386055,0.072537,-0.464644,-0.503574,0.168645,-2.536577,-0.498655,2.641332,-1.705693,-2.184080,0.758861,0.909465,0.000684,-0.001486,0.000105,-0.001661,-0.000064,-0.000440,0.001218
13.573981,0.153555,0.392809,0.043462,-0.385717,-0.609972,-0.621367,0.373332,0.173416,-0.194431,0.381871,0.076103,-0.463892,-0.503409,0.168463,-2.536579,-0.498654,2.641329,-1.705689,-2.184077,0.758863,0.909463,-0.000267,-0.000425,-0.000699,0.000149,0.000684,-0.000283,-0.001085
13.575118,0.155410,0.396613,0.037767,-0.385579,-0.609321,-0.618267,0.373579,0.173015,-0.190804,0.380383,0.077987,-0.463031,-0.503049,0.168306,-2.536575,-0.498652,2.641322,-1.705688,-2.184078,0.758863,0.909466,0.000951,0.000410,-0.003139,0.000281,0.000240,-0.000517,0.000770
13.576009,0.159999,0.395585,0.037149,-0.387649,-0.606265,-0.618327,0.373249,0.175221,-0.192193,0.381922,0.077563,-0.462012,-0.502391,0.168163,-2.536574,-0.498656,2.641324,-1.705690,-2.184074,0.758858,0.909461,0.001046,-0.001063,-0.001313,-0.000040,0.002418,-0.001926,-0.000602
13.577031,0.158977,0.397981,0.035170,-0.387313,-0.602864,-0.616256,0.372755,0.178073,-0.195363,0.384395,0.076124,-0.460897,-0.501608,0.168031,-2.536577,-0.498652,2.641322,-1.705685,-2.184076,0.758861,0.909462,-0.000406,-0.000253,-0.001805,0.001747,0.001572,-0.000544,-0.000610
13.578006,0.162695,0.398131,0.034056,-0.387034,-0.600187,-0.615937,0.372663,0.181271,-0.199628,0.387383,0.073737,-0.459661,-0.500770,0.167928,-2.536574,-0.498654,2.641321,-1.705686,-2.184079,0.758861,0.909460,0.001026,-0.001087,-0.001727,0.001217,0.000758,-0.001128,-0.000389
13.579042,0.165645,0.397340,0.031986,-0.387008,-0.596803,-0.615263,0.370635,0.184200,-0.203908,0.390161,0.070940,-0.458335,-0.499947,0.167868,-2.536576,-0.498654,2.641319,-1.705688,-2.184077,0.758862,0.909460,0.000061,-0.000807,-0.002027,0.000801,0.000503,0.000001,-0.000954
13.579991,0.161472,0.398241,0.029137,-0.385799,-0.595339,-0.613682,0.371549,0.188065,-0.207805,0.393415,0.068540,-0.457061,-0.499176,0.167849,-2.536577,-0.498652,2.641316,-1.705688,-2.184078,0.758864,0.909468,-0.000445,-0.000065,-0.001892,0.000556,-0.000288,0.000841,0.002317
13.581091,0.164647,0.400003,0.029714,-0.386073,-0.591912,-0.612391,0.370261,0.191389,-0.211426,0.396050,0.066534,-0.455810,-0.498464,0.167857,-2.536569,-0.498652,2.641317,-1.705691,-2.184074,0.758862,0.909461,0.002452,-0.000188,-0.001334,-0.000763,0.000606,0.000658,-0.000262
13.582088,0.167737,0.398151,0.025302,-0.386545,-0.589331,-0.611257,0.371238,0.190256,-0.212900,0.394923,0.065323,-0.454507,-0.497892,0.167870,-2.536569,-0.498653,2.641311,-1.705691,-2.184076,0.758862,0.909467,0.001834,-0.000665,-0.002566,-0.000694,-0.000074,0.000991,0.001494
13.583120,0.168257,0.401110,0.025794,-0.385644,-0.586009,-0.609282,0.370388,0.186263,-0.212890,0.391372,0.064762,-0.453202,-0.497418,0.167879,-2.536568,-0.498651,2.641313,-1.705691,-2.184076,0.758863,0.909460,0.001199,0.000605,-0.001272,-0.000417,-0.000155,0.001323,-0.001234
13.583977,0.171948,0.403378,0.023719,-0.387486,-0.585142,-0.608325,0.369525,0.181966,-0.212835,0.387549,0.064499,-0.451943,-0.496961,0.167875,-2.536566,-0.498653,2.641309,-1.705695,-2.184080,0.758862,0.909463,0.001868,-0.000503,-0.002428,-0.001449,-0.000867,0.000865,-0.000296
13.584996,0.174474,0.403578,0.022735,-0.387456,-0.582791,-0.604888,0.369439,0.178330,-0.211308,0.383905,0.065263,-0.450816,-0.496590,0.167853,-2.536567,-0.498655,2.641306,-1.705691,-2.184075,0.758863,0.909465,0.000810,-0.001309,-0.002117,0.000165,0.000381,0.001173,0.000771
13.586061,0.176064,0.402754,0.020594,-0.387901,-0.578607,-0.603316,0.369389,0.177056,-0.208066,0.381666,0.067176,-0.449863,-0.496298,0.167813,-2.536567,-0.498655,2.641303,-1.705691,-2.184075,0.758859,0.909465,0.000487,-0.001037,-0.002517,-0.000084,0.000572,-0.000761,0.000148
13.587114,0.179604,0.402698,0.018379,-0.388170,-0.576970,-0.602133,0.369404,0.178683,-0.205505,0.381722,0.069087,-0.448982,-0.495921,0.167748,-2.536565,-0.498654,2.641302,-1.705691,-2.184078,0.758861,0.909466,0.000648,-0.000263,-0.002393,0.000156,-0.000936,-0.000757,-0.000566
13.588013,0.179460,0.402323,0.016577,-0.386823,-0.575471,-0.599778,0.368123,0.182592,-0.205765,0.384036,0.069907,-0.448046,-0.495346,0.167651,-2.536566,-0.498652,2.641299,-1.705691,-2.184075,0.758862,0.909461,-0.000150,0.000110,-0.002206,0.000216,0.000048,-0.000389,-0.001383
13.589007,0.180938,0.404671,0.017229,-0.388617,-0.572850,-0.599246,0.368085,0.187938,-0.208781,0.387908,0.069821,-0.447068,-0.494592,0.167528,-2.536566,-0.498650,2.641298,-1.705695,-2.184075,0.758861,0.909466,0.000760,0.000597,-0.002101,-0.001238,0.000792,-0.001431,0.000504
13.590125,0.180866,0.405420,0.016308,-0.389605,-0.569109,-0.597119,0.367075,0.193439,-0.213083,0.392093,0.069498,-0.446098,-0.493734,0.167396,-2.536564,-0.498651,2.641291,-1.705691,-2.184072,0.758862,0.909465,0.000899,-0.000220,-0.003264,0.000305,0.000622,-0.000484,-0.000196
13.591095,0.182395,0.408126,0.011589,-0.389686,-0.566568,-0.597054,0.367375,0.197956,-0.218164,0.395769,0.068458,-0.445026,-0.492819,0.167257,-2.536560,-0.498653,2.641287,-1.705689,-2.184075,0.758861,0.909466,0.001916,-0.000173,-0.003767,0.001015,-0.000304,-0.000968,0.000985
13.592005,0.188648,0.407310,0.013503,-0.390092,-0.564981,-0.595578,0.367534,0.198995,-0.225637,0.397097,0.064574,-0.442307,-0.491219,0.166943,-2.536562,-0.498653,2.641283,-1.705687,-2.184076,0.758863,0.909460,-0.000258,-0.000443,-0.004030,0.001083,0.000294,0.000251,-0.001362
13.593085,0.188649,0.406443,0.015078,-0.387310,-0.561726,-0.593298,0.366272,0.198995,-0.225637,0.397097,0.064574,-0.442307,-0.491219,0.166943,-2.536562,-0.498653,2.641283,-1.705687,-2.184076,0.758863,0.909460,-0.000258,-0.000443,-0.004030,0.001083,0.000294,0.000251,-0.001362
13.593981,0.190289,0.406860,0.007136,-0.389455,-0.559960,-0.592411,0.366442,0.203741,-0.228717,0.400599,0.063657,-0.441185,-0.490503,0.166774,-2.536558,-0.498651,2.641274,-1.705693,-2.184075,0.758861,0.909464,0.000715,0.000346,-0.005684,-0.001807,-0.000282,-0.000429,0.000350
13.594981,0.190433,0.406271,0.006108,-0.389440,-0.557913,-0.591023,0.364846,0.213157,-0.232886,0.407550,0.063690,-0.440355,-0.489719,0.166610,-2.536557,-0.498650,2.641278,-1.705689,-2.184074,0.758861,0.909459,0.000699,0.000445,-0.002530,0.000117,0.000194,0.000011,-0.000681
13.595998,0.189897,0.409252,0.005051,-0.389613,-0.555936,-0.589327,0.365230,0.220113,-0.237606,0.412758,0.063278,-0.439388,-0.488913,0.166463,-2.536554,-0.498648,2.641272,-1.705689,-2.184074,0.758861,0.909466,0.001522,0.001074,-0.002876,-0.000116,0.000644,0.000092,0.001756
13.597111,0.195260,0.412153,0.002840,-0.388778,-0.553401,-0.587664,0.363937,0.221169,-0.242022,0.413650,0.061869,-0.438097,-0.488132,0.166328,-2.536550,-0.498652,2.641267,-1.705689,-2.184073,0.758861,0.909462,0.002671,-0.000024,-0.003216,-0.000141,0.001203,-0.000103,0.000192
13.597942,0.196720,0.410643,0.005087,-0.390209,-0.550502,-0.586479,0.364533,0.218004,-0.243011,0.410796,0.061399,-0.436764,-0.487527,0.166188,-2.536551,-0.498653,2.641264,-1.705693,-2.184071,0.758861,0.909467,0.000999,-0.001077,-0.003082,-0.001112,0.001431,-0.000126,0.001943
13.598972,0.197108,0.410888,0.000816,-0.391643,-0.546717,-0.584595,0.363522,0.215689,-0.240457,0.407763,0.062860,-0.435684,-0.487100,0.166032,-2.536549,-0.498651,2.641257,-1.705691,-2.184072,0.758859,0.909462,0.001020,-0.000033,-0.004892,0.000135,0.000607,-0.000075,0.000103
13.599989,0.196383,0.415727,0.002745,-0.390801,-0.544337,-0.583026,0.363837,0.215902,-0.239030,0.406755,0.063857,-0.434661,-0.486597,0.165864,-2.536546,-0.498651,2.641256,-1.705687,-2.184075,0.758860,0.909464,0.001746,0.000201,-0.003641,0.001272,-0.000575,-0.000453,0.001362
13.601035,0.200345,0.411818,0.001553,-0.389876,-0.542627,-0.581310,0.362817,0.215133,-0.238868,0.405374,0.063390,-0.433436,-0.486018,0.165693,-2.536541,-0.498655,2.641246,-1.705691,-2.184075,0.758860,0.909462,0.002988,-0.001829,-0.005441,0.000302,-0.000400,-0.000521,-0.000057
13.601958,0.200932,0.415050,0.000062,-0.392140,-0.540284,-0.580291,0.362885,0.213555,-0.237663,0.403275,0.063109,-0.432205,-0.485474,0.165501,-2.536542,-0.498649,2.641240,-1.705694,-2.184073,0.758860,0.909467,0.001952,0.000471,-0.005711,-0.000772,0.000489,-0.000694,0.001191
13.602955,0.206087,0.419061,-0.008693,-0.392532,-0.536855,-0.578756,0.363400,0.213711,-0.237209,0.402638,0.062941,-0.431080,-0.484857,0.165264,-2.536540,-0.498652,2.641235,-1.705689,-2.184071,0.758861,0.909466,0.002495,-0.000816,-0.005733,0.001238,0.000428,-0.000352,0.000333
13.603995,0.208496,0.415063,-0.007101,-0.391448,-0.535147,-0.576871,0.361915,0.213482,-0.235986,0.401644,0.062786,-0.429927,-0.484293,0.164974,-2.536542,-0.498660,2.641239,-1.705687,-2.184076,0.758861,0.909461,0.000829,-0.002384,-0.002272,0.001360,-0.000471,-0.000422,-0.001441
13.604965,0.208045,0.416227,-0.007395,-0.392508,-0.531385,-0.575935,0.362286,0.211856,-0.231819,0.399017,0.063519,-0.428765,-0.483927,0.164653,-2.536540,-0.498655,2.641229,-1.705690,-2.184073,0.758860,0.909463,0.000577,-0.000035,-0.003950,0.000140,0.000415,-0.000773,0.000767
13.606017,0.211336,0.414847,-0.013312,-0.393304,-0.527941,-0.574080,0.360880,0.211017,-0.229105,0.396409,0.062934,-0.426309,-0.482887,0.164062,-2.536533,-0.498652,2.641221,-1.705685,-2.184074,0.758861,0.909467,0.001562,0.000993,-0.003173,0.001326,-0.000113,0.000169,0.000968
13.607057,0.216846,0.415934,-0.012996,-0.393160,-0.523766,-0.572826,0.360911,0.211017,-0.229105,0.396409,0.062934,-0.426309,-0.482887,0.164062,-2.536533,-0.498652,2.641221,-1.705685,-2.184074,0.758861,0.909467,0.001562,0.000993,-0.003173,0.001326,-0.000113,0.000169,0.000968
13.607971,0.215428,0.418852,-0.015373,-0.391055,-0.521541,-0.570998,0.359851,0.210828,-0.233869,0.396458,0.059545,-0.424789,-0.482059,0.163810,-2.536536,-0.498652,2.641215,-1.705685,-2.184073,0.758861,0.909463,0.000195,0.000961,-0.004636,0.000859,-0.000669,0.000939,-0.000097
13.608991,0.219079,0.417644,-0.018657,-0.393010,-0.518294,-0.568964,0.359482,0.212916,-0.239861,0.398264,0.056230,-0.423397,-0.481191,0.163567,-2.536528,-0.498654,2.641211,-1.705691,-2.184072,0.758861,0.909465,0.002033,-0.000026,-0.004572,-0.001396,0.000309,0.000874,0.001167
13.610201,0.223284,0.418410,-0.020454,-0.394139,-0.514395,-0.566008,0.358849,0.215410,-0.243768,0.399802,0.054544,-0.422238,-0.480440,0.163334,-2.536528,-0.498652,2.641208,-1.705689,-2.184074,0.758861,0.909462,0.001527,0.001095,-0.004208,0.000249,0.000646,0.000818,0.000933
13.611189,0.223776,0.420992,-0.023232,-0.393306,-0.511373,-0.564820,0.358185,0.217509,-0.247963,0.401043,0.052752,-0.421083,-0.479660,0.163129,-2.536530,-0.498650,2.641201,-1.705686,-2.184072,0.758861,0.909463,0.001023,0.001294,-0.004796,0.000923,0.000957,0.000197,0.001047
13.611981,0.226223,0.423456,-0.025577,-0.392340,-0.508779,-0.561891,0.358155,0.219979,-0.253511,0.402798,0.050160,-0.419879,-0.478793,0.162969,-2.536526,-0.498652,2.641197,-1.705689,-2.184070,0.758864,0.909464,0.002039,0.000513,-0.004633,-0.000135,0.001380,0.000923,0.001436
13.612974,0.228301,0.421665,-0.029885,-0.394175,-0.506059,-0.560217,0.357583,0.221364,-0.256087,0.403137,0.048945,-0.418810,-0.478078,0.162861,-2.536525,-0.498654,2.641191,-1.705692,-2.184071,0.758859,0.909463,0.001833,-0.000298,-0.004419,-0.001284,0.001562,-0.000463,0.000733
13.614069,0.228339,0.422644,-0.032741,-0.393007,-0.500464,-0.557538,0.357456,0.220431,-0.254569,0.400949,0.049578,-0.417890,-0.477556,0.162800,-2.536520,-0.498652,2.641187,-1.705689,-2.184069,0.758860,0.909465,0.002043,0.001101,-0.003494,0.000218,0.002305,-0.000203,0.000934
13.615045,0.233521,0.426644,-0.032583,-0.393770,-0.497100,-0.556246,0.355979,0.215585,-0.252066,0.395760,0.050072,-0.416843,-0.477043,0.162786,-2.536515,-0.498652,2.641183,-1.705693,-2.184071,0.758859,0.909460,0.003408,0.001152,-0.003441,-0.001218,0.000533,-0.000760,0.000156
13.616017,0.236410,0.430266,-0.031981,-0.395949,-0.493477,-0.554076,0.356618,0.207529,-0.248667,0.388123,0.050490,-0.415675,-0.476543,0.162806,-2.536516,-0.498656,2.641175,-1.705693,-2.184072,0.758862,0.909466,0.002083,-0.000323,-0.004706,-0.000730,0.000620,-0.000163,0.002185
13.617033,0.240247,0.427636,-0.039557,-0.395600,-0.489273,-0.552593,0.355915,0.201368,-0.242837,0.381481,0.052169,-0.414676,-0.476165,0.162833,-2.536514,-0.498658,2.641165,-1.705689,-2.184070,0.758860,0.909461,0.001894,-0.001614,-0.006151,0.001085,0.000374,-0.000447,-0.000043
13.618023,0.240410,0.429034,-0.042026,-0.395249,-0.487661,-0.549778,0.355259,0.199019,-0.235940,0.377562,0.054388,-0.413830,-0.475869,0.162856,-2.536515,-0.498652,2.641166,-1.705692,-2.184070,0.758860,0.909463,0.001317,0.000175,-0.003652,0.000467,-0.000278,0.000047,0.000414
13.619069,0.240811,0.428633,-0.042951,-0.394943,-0.482626,-0.548045,0.355183,0.196955,-0.229676,0.374087,0.056040,-0.412941,-0.475568,0.162881,-2.536511,-0.498652,2.641162,-1.705692,-2.184066,0.758858,0.909466,0.002498,-0.000044,-0.003675,-0.000177,0.001560,-0.000852,0.000774
13.620049,0.243719,0.430586,-0.042381,-0.396626,-0.479536,-0.546468,0.353650,0.192059,-0.224161,0.368746,0.057049,-0.411946,-0.475215,0.162891,-2.536506,-0.498650,2.641155,-1.705694,-2.184070,0.758862,0.909462,0.003604,0.000673,-0.004482,-0.000743,0.000197,-0.000565,-0.000066
13.620960,0.247284,0.431778,-0.047807,-0.395206,-0.477336,-0.544597,0.353879,0.185183,-0.220297,0.362352,0.057089,-0.410838,-0.474734,0.162873,-2.536503,-0.498652,2.641146,-1.705690,-2.184072,0.758862,0.909467,0.003388,0.000201,-0.005938,0.000573,0.000568,-0.000244,0.002077
13.622065,0.249637,0.433791,-0.047088,-0.397225,-0.472183,-0.542349,0.353157,0.178910,-0.217877,0.356707,0.056613,-0.409726,-0.474154,0.162833,-2.536502,-0.498652,2.641145,-1.705694,-2.184069,0.758859,0.909462,0.002785,0.000069,-0.004364,-0.001057,0.001535,-0.000337,0.000736
13.623050,0.253044,0.433443,-0.048673,-0.397210,-0.470088,-0.540932,0.353553,0.174350,-0.215246,0.352209,0.056674,-0.408743,-0.473586,0.162764,-2.536500,-0.498654,2.641135,-1.705690,-2.184074,0.758859,0.909465,0.003035,-0.000361,-0.006062,0.000571,0.000273,-0.000443,0.001135
13.623999,0.255432,0.435746,-0.051603,-0.397081,-0.466865,-0.540205,0.351900,0.172701,-0.213454,0.349944,0.056737,-0.407863,-0.472979,0.162662,-2.536498,-0.498652,2.641126,-1.705692,-2.184069,0.758861,0.909460,0.002600,0.000301,-0.006434,0.000285,0.001604,0.000047,-0.000599
13.625055,0.258805,0.433604,-0.054888,-0.397512,-0.462613,-0.538132,0.351840,0.174673,-0.213088,0.350540,0.056641,-0.407090,-0.472308,0.162543,-2.536495,-0.498654,2.641122,-1.705692,-2.184068,0.758863,0.909466,0.002617,-0.000363,-0.006137,-0.000130,0.001682,0.001155,0.001824
13.625946,0.261076,0.434344,-0.056489,-0.396717,-0.459690,-0.536437,0.351999,0.178999,-0.213622,0.352924,0.056649,-0.406395,-0.471614,0.162432,-2.536494,-0.498650,2.641118,-1.705692,-2.184068,0.758863,0.909464,0.002299,0.001224,-0.005810,-0.000011,0.001125,0.001117,0.000914
13.626969,0.261917,0.438538,-0.059347,-0.398975,-0.455213,-0.533299,0.351054,0.184771,-0.216228,0.356638,0.056184,-0.405684,-0.470820,0.162335,-2.536492,-0.498648,2.641110,-1.705696,-2.184067,0.758864,0.909460,0.002303,0.001265,-0.006079,-0.000982,0.001310,0.001144,-0.000239
13.627989,0.265222,0.438297,-0.061962,-0.398931,-0.451689,-0.531387,0.351386,0.190333,-0.219860,0.360335,0.055325,-0.404893,-0.469962,0.162257,-2.536487,-0.498652,2.641104,-1.705691,-2.184069,0.758860,0.909462,0.003177,-0.000286,-0.005895,0.000870,0.000424,0.000001,0.000691
13.628997,0.272525,0.441908,-0.064536,-0.398080,-0.447902,-0.529238,0.350604,0.193257,-0.222382,0.361974,0.054213,-0.403917,-0.469145,0.162205,-2.536486,-0.498648,2.641095,-1.705691,-2.184069,0.758860,0.909462,0.002837,0.000326,-0.005809,0.000488,0.000480,0.000080,-0.000969
13.630065,0.268379,0.440064,-0.068146,-0.399517,-0.444667,-0.527404,0.349907,0.199148,-0.220950,0.364012,0.054895,-0.402103,-0.467847,0.162133,-2.536479,-0.498650,2.641084,-1.705688,-2.184065,0.758861,0.909462,0.003929,0.000524,-0.005268,0.000411,0.000690,0.000117,0.000031
13.631018,0.273307,0.442607,-0.069865,-0.399262,-0.440409,-0.524984,0.348336,0.199148,-0.220950,0.364012,0.054895,-0.402103,-0.467847,0.162133,-2.536479,-0.498650,2.641084,-1.705688,-2.184065,0.758861,0.909462,0.003929,0.000524,-0.005268,0.000411,0.000690,0.000117,0.000031
13.631977,0.274804,0.443700,-0.071387,-0.398247,-0.436962,-0.523485,0.349104,0.199102,-0.218226,0.362514,0.055710,-0.401097,-0.467300,0.162126,-2.536480,-0.498652,2.641077,-1.705689,-2.184068,0.758859,0.909467,0.002674,-0.000266,-0.005567,-0.000119,-0.000219,-0.000456,0.002264
13.632987,0.282024,0.442453,-0.071300,-0.399875,-0.433933,-0.521437,0.347529,0.196284,-0.214530,0.358882,0.056599,-0.399987,-0.466787,0.162130,-2.536473,-0.498652,2.641070,-1.705695,-2.184067,0.758859,0.909460,0.003123,-0.000324,-0.005965,-0.001292,-0.000308,-0.000081,-0.000201
13.634009,0.280072,0.443781,-0.074174,-0.400841,-0.430862,-0.519596,0.347699,0.196149,-0.211003,0.357211,0.058212,-0.399056,-0.466248,0.162119,-2.536477,-0.498650,2.641064,-1.705694,-2.184065,0.758861,0.909465,0.000855,0.000798,-0.007244,0.000031,0.000179,-0.000190,0.002013
13.634965,0.286182,0.446706,-0.076546,-0.400035,-0.425878,-0.517653,0.347318,0.200902,-0.211276,0.359840,0.058897,-0.398228,-0.465490,0.162077,-2.536469,-0.498650,2.641056,-1.705692,-2.184062,0.758862,0.909461,0.003119,0.000644,-0.007019,0.000639,0.000662,-0.000052,0.000680
13.635975,0.287007,0.447776,-0.079800,-0.400673,-0.422991,-0.515281,0.347241,0.207827,-0.214151,0.364595,0.058554,-0.397384,-0.464596,0.161988,-2.536472,-0.498652,2.641051,-1.705694,-2.184066,0.758860,0.909463,0.001304,-0.000321,-0.007015,-0.000419,-0.000964,-0.000135,0.000538
13.637117,0.292901,0.445825,-0.083603,-0.400756,-0.419053,-0.514127,0.346521,0.215157,-0.215764,0.369363,0.058926,-0.396622,-0.463807,0.161837,-2.536467,-0.498652,2.641045,-1.705692,-2.184065,0.758861,0.909463,0.002185,-0.000339,-0.006619,-0.000120,-0.000299,-0.000555,-0.000281
13.638032,0.294957,0.450747,-0.083457,-0.400430,-0.418195,-0.511883,0.345786,0.222739,-0.216507,0.374037,0.059927,-0.395922,-0.463120,0.161619,-2.536468,-0.498650,2.641040,-1.705692,-2.184066,0.758863,0.909466,0.000728,0.001205,-0.006137,-0.000384,-0.000231,0.000510,0.000074
13.638974,0.294692,0.451857,-0.084575,-0.403086,-0.413312,-0.509960,0.346164,0.231737,-0.217284,0.379573,0.061466,-0.395333,-0.462474,0.161324,-2.536465,-0.498653,2.641030,-1.705694,-2.184061,0.758862,0.909468,0.000879,-0.000783,-0.007293,-0.000937,0.002080,0.000026,0.000669
13.640015,0.296277,0.450953,-0.089372,-0.401879,-0.408526,-0.507540,0.344655,0.241911,-0.216521,0.385575,0.063976,-0.394894,-0.461921,0.160955,-2.536460,-0.498655,2.641021,-1.705688,-2.184064,0.758862,0.909461,0.002197,-0.000823,-0.007844,0.001321,0.000488,-0.000067,-0.000978
13.640955,0.299422,0.449829,-0.091487,-0.401032,-0.407107,-0.506543,0.344979,0.249075,-0.214814,0.389324,0.065882,-0.394273,-0.461403,0.160538,-2.536457,-0.498654,2.641014,-1.705692,-2.184064,0.758861,0.909466,0.002720,0.000148,-0.006693,-0.000142,-0.000654,-0.000464,0.001063
13.642038,0.300679,0.451747,-0.096363,-0.401073,-0.402604,-0.504515,0.344011,0.251478,-0.213902,0.389880,0.066411,-0.393345,-0.460814,0.160105,-2.536456,-0.498652,2.641009,-1.705696,-2.184060,0.758863,0.909463,0.002355,0.001168,-0.006804,-0.001165,0.001207,0.000361,-0.000500
13.643078,0.302650,0.452487,-0.095281,-0.403480,-0.398631,-0.501099,0.343317,0.249936,-0.213464,0.387643,0.066505,-0.392260,-0.460176,0.159677,-2.536453,-0.498652,2.641005,-1.705697,-2.184062,0.758862,0.909464,0.003119,0.000743,-0.005706,-0.001432,0.000488,0.000429,0.000423
13.644025,0.307416,0.454299,-0.099748,-0.403675,-0.395623,-0.500136,0.343217,0.244660,-0.213429,0.382781,0.065945,-0.390971,-0.459495,0.159287,-2.536446,-0.498650,2.640994,-1.705692,-2.184062,0.758858,0.909463,0.003416,0.000884,-0.007492,0.000582,0.000164,-0.000961,0.000821
13.645031,0.305497,0.457176,-0.097932,-0.404806,-0.393241,-0.497266,0.341636,0.237742,-0.214917,0.377105,0.063951,-0.389425,-0.458705,0.158960,-2.536446,-0.498650,2.640990,-1.705692,-2.184062,0.758862,0.909457,0.002262,0.000452,-0.006401,0.000468,0.000478,-0.000088,0.000131
13.646087,0.309663,0.457880,-0.102794,-0.404411,-0.389192,-0.495480,0.341721,0.230749,-0.216995,0.371579,0.061100,-0.387723,-0.457864,0.158717,-2.536439,-0.498652,2.640977,-1.705690,-2.184060,0.758860,0.909462,0.004487,-0.000467,-0.008490,0.001263,0.001602,-0.001015,0.002348
13.647053,0.313757,0.457077,-0.104446,-0.404712,-0.385751,-0.492746,0.341223,0.222776,-0.217742,0.365195,0.058296,-0.385950,-0.457071,0.158578,-2.536438,-0.498651,2.640969,-1.705692,-2.184058,0.758858,0.909459,0.003744,-0.000278,-0.007305,0.000579,0.001216,-0.000729,0.001148
13.647971,0.314764,0.458245,-0.103962,-0.405004,-0.383168,-0.491171,0.341343,0.214915,-0.217726,0.358801,0.055780,-0.384202,-0.456287,0.158539,-2.536437,-0.498648,2.640961,-1.705692,-2.184060,0.758856,0.909461,0.002950,0.000578,-0.007649,0.000598,0.001172,-0.001592,0.001232
13.649034,0.316842,0.458286,-0.108023,-0.403435,-0.379792,-0.489623,0.340587,0.209930,-0.219061,0.354736,0.053283,-0.382569,-0.455388,0.158572,-2.536431,-0.498651,2.640950,-1.705692,-2.184058,0.758860,0.909458,0.003594,0.000489,-0.008959,0.000623,0.001790,-0.001398,0.000116
13.649996,0.318304,0.463003,-0.108660,-0.403272,-0.375920,-0.487173,0.340379,0.207942,-0.221753,0.353063,0.051087,-0.381092,-0.454377,0.158650,-2.536427,-0.498648,2.640943,-1.705697,-2.184058,0.758861,0.909462,0.003886,0.000972,-0.008195,-0.001182,0.002133,-0.000886,0.000618
13.651107,0.324625,0.460649,-0.111204,-0.403303,-0.372963,-0.485736,0.339286,0.206902,-0.222342,0.351573,0.050860,-0.379868,-0.453460,0.158747,-2.536420,-0.498653,2.640931,-1.705698,-2.184058,0.758861,0.909463,0.004332,-0.000864,-0.008997,-0.001579,0.001624,-0.001481,0.000105
13.652058,0.326433,0.464142,-0.113011,-0.405020,-0.367828,-0.483971,0.339284,0.207601,-0.219432,0.350550,0.053474,-0.379003,-0.452729,0.158832,-2.536419,-0.498649,2.640923,-1.705699,-2.184057,0.758861,0.909466,0.002597,0.000863,-0.009059,-0.001866,0.002556,-0.000755,0.001239
13.652969,0.325671,0.462816,-0.114218,-0.406695,-0.363845,-0.483054,0.338978,0.212269,-0.215742,0.352145,0.057596,-0.378414,-0.452059,0.158887,-2.536414,-0.498653,2.640913,-1.705695,-2.184058,0.758860,0.909463,0.002903,-0.000388,-0.009270,-0.000505,0.000736,-0.000675,0.000329
13.654116,0.330388,0.464494,-0.116700,-0.405179,-0.360283,-0.480020,0.338394,0.218420,-0.213767,0.355132,0.060701,-0.377696,-0.451343,0.158912,-2.536406,-0.498651,2.640904,-1.705691,-2.184060,0.758862,0.909462,0.004393,0.000735,-0.009734,0.000802,-0.000032,0.000173,0.000080
13.655132,0.328817,0.461649,-0.117570,-0.407297,-0.357179,-0.478629,0.337677,0.223248,-0.214361,0.357693,0.061560,-0.376612,-0.450522,0.158902,-2.536403,-0.498653,2.640893,-1.705696,-2.184057,0.758861,0.909465,0.003477,0.000488,-0.009844,-0.000968,0.000400,-0.000649,0.000152
13.656039,0.331084,0.468384,-0.122238,-0.406582,-0.354021,-0.476175,0.337723,0.226721,-0.218416,0.359956,0.060110,-0.375194,-0.449515,0.158852,-2.536396,-0.498646,2.640881,-1.705693,-2.184054,0.758862,0.909465,0.005532,0.002364,-0.010587,0.000790,0.000826,-0.000060,0.000622
13.656942,0.335033,0.468811,-0.122231,-0.405837,-0.350105,-0.474319,0.337632,0.226552,-0.224489,0.360019,0.056703,-0.373411,-0.448393,0.158769,-2.536390,-0.498651,2.640875,-1.705693,-2.184052,0.758860,0.909463,0.005500,-0.000533,-0.009335,-0.000217,0.000820,-0.000760,-0.000338
13.658056,0.337515,0.468251,-0.126591,-0.407499,-0.345772,-0.472816,0.336142,0.222501,-0.227077,0.356563,0.054184,-0.371555,-0.447462,0.158660,-2.536387,-0.498651,2.640863,-1.705697,-2.184051,0.758860,0.909459,0.004659,-0.000260,-0.010392,-0.001143,0.000047,-0.000859,-0.000998
13.659036,0.340518,0.470496,-0.124649,-0.405401,-0.343112,-0.469997,0.336581,0.217841,-0.225676,0.351768,0.053605,-0.369870,-0.446752,0.158534,-2.536383,-0.498649,2.640856,-1.705693,-2.184051,0.758862,0.909464,0.004838,0.000568,-0.009544,0.000128,-0.000388,-0.000205,0.000929
13.660041,0.343412,0.470458,-0.127980,-0.408631,-0.339794,-0.468713,0.336227,0.214941,-0.223433,0.347968,0.053927,-0.368351,-0.446087,0.158398,-2.536379,-0.498651,2.640840,-1.705699,-2.184049,0.758860,0.909461,0.004569,-0.000053,-0.011628,-0.002168,0.000376,-0.001129,-0.000910
13.661022,0.346228,0.474405,-0.132308,-0.409372,-0.336908,-0.467294,0.334785,0.215623,-0.221463,0.346735,0.054956,-0.367062,-0.445394,0.158251,-2.536375,-0.498649,2.640830,-1.705694,-2.184047,0.758861,0.909460,0.004395,0.000465,-0.011115,0.000710,0.000550,-0.000454,-0.001139
13.662001,0.347286,0.474575,-0.132818,-0.408724,-0.333296,-0.464562,0.334730,0.218430,-0.220249,0.347192,0.055628,-0.365809,-0.444678,0.158114,-2.536371,-0.498653,2.640822,-1.705694,-2.184048,0.758862,0.909463,0.004225,-0.000988,-0.010118,0.001130,0.001115,0.000022,0.000823
13.663008,0.348015,0.472923,-0.136420,-0.408978,-0.329602,-0.463362,0.333659,0.220417,-0.218169,0.346917,0.055997,-0.364466,-0.444053,0.157998,-2.536365,-0.498651,2.640808,-1.705697,-2.184045,0.758861,0.909460,0.004919,-0.000583,-0.010988,0.000240,0.000890,-0.000819,-0.000014
13.664079,0.354108,0.478692,-0.139610,-0.408172,-0.326151,-0.460727,0.333650,0.220218,-0.215439,0.344954,0.056181,-0.363028,-0.443483,0.157887,-2.536358,-0.498647,2.640797,-1.705697,-2.184044,0.758863,0.909464,0.005787,0.000720,-0.010347,0.000207,0.000711,-0.000066,0.001170
13.664986,0.355661,0.477332,-0.137734,-0.410221,-0.321983,-0.460501,0.332700,0.217953,-0.211945,0.341326,0.056658,-0.361578,-0.442970,0.157773,-2.536357,-0.498653,2.640789,-1.705699,-2.184041,0.758863,0.909460,0.004103,-0.001593,-0.010035,-0.000895,0.000978,-0.000636,0.000166
13.665987,0.359327,0.476094,-0.143988,-0.410106,-0.318986,-0.458205,0.332208,0.216804,-0.206395,0.338029,0.058621,-0.360345,-0.442593,0.157655,-2.536351,-0.498651,2.640774,-1.705697,-2.184045,0.758865,0.909463,0.004472,-0.000444,-0.011999,0.000860,0.000015,0.000906,0.001211
13.666996,0.360542,0.478358,-0.141018,-0.409776,-0.316196,-0.455733,0.331576,0.218598,-0.202304,0.337105,0.060386,-0.359203,-0.442158,0.157535,-2.536347,-0.498649,2.640768,-1.705697,-2.184043,0.758864,0.909465,0.003894,0.000661,-0.010051,0.000434,0.000520,0.000537,0.001222
13.667992,0.361206,0.482134,-0.146507,-0.411216,-0.311581,-0.454375,0.331341,0.222706,-0.201948,0.338546,0.060847,-0.358026,-0.441513,0.157399,-2.536342,-0.498651,2.640750,-1.705699,-2.184040,0.758862,0.909466,0.004552,0.000042,-0.012669,-0.000153,0.001231,0.000033,0.001524
13.669058,0.365095,0.479370,-0.148084,-0.409446,-0.308292,-0.452511,0.331262,0.227267,-0.202293,0.340440,0.061191,-0.356863,-0.440797,0.157234,-2.536336,-0.498654,2.640743,-1.705697,-2.184044,0.758863,0.909464,0.005455,-0.001305,-0.011092,0.000964,0.000122,0.000610,0.001046
13.670088,0.364952,0.481204,-0.148845,-0.411622,-0.305477,-0.449561,0.331030,0.229743,-0.201176,0.340549,0.061958,-0.355649,-0.440148,0.157035,-2.536332,-0.498651,2.640731,-1.705701,-2.184044,0.758861,0.909462,0.004850,0.000604,-0.011565,-0.001061,0.000577,0.000818,0.000197
13.671084,0.370087,0.483080,-0.151938,-0.411721,-0.301744,-0.448808,0.329813,0.230355,-0.200470,0.339403,0.062468,-0.354330,-0.439452,0.156807,-2.536324,-0.498651,2.640717,-1.705696,-2.184039,0.758859,0.909461,0.006192,0.000185,-0.012355,0.000717,0.001321,-0.000132,-0.000311
13.671993,0.374009,0.486607,-0.153491,-0.409999,-0.298746,-0.447156,0.329775,0.230172,-0.201305,0.338070,0.062111,-0.352873,-0.438639,0.156561,-2.536323,-0.498651,2.640707,-1.705696,-2.184037,0.758863,0.909466,0.004893,-0.000249,-0.011963,0.000486,0.001047,0.001045,0.001171
13.673031,0.375492,0.486750,-0.155335,-0.411169,-0.294344,-0.445298,0.330454,0.231279,-0.200454,0.337337,0.062842,-0.351536,-0.437916,0.156301,-2.536321,-0.498653,2.640693,-1.705701,-2.184036,0.758864,0.909465,0.004099,-0.001538,-0.012206,-0.001384,0.001228,0.001134,0.000366
13.674020,0.377865,0.487217,-0.158041,-0.412408,-0.292152,-0.443242,0.329343,0.235368,-0.195374,0.337807,0.066514,-0.350559,-0.437443,0.156012,-2.536315,-0.498653,2.640681,-1.705700,-2.184039,0.758865,0.909459,0.004664,-0.001066,-0.012476,-0.000525,0.000477,0.001288,-0.001971
13.674967,0.375413,0.488212,-0.161419,-0.411402,-0.288108,-0.441005,0.329477,0.240762,-0.188482,0.338823,0.071322,-0.349672,-0.437086,0.155706,-2.536309,-0.498650,2.640670,-1.705698,-2.184035,0.758862,0.909461,0.004690,-0.000828,-0.012274,0.000373,0.001721,0.001160,-0.000665
13.676030,0.382742,0.485514,-0.164420,-0.414439,-0.285198,-0.438728,0.328436,0.243307,-0.181787,0.337889,0.075271,-0.348528,-0.436728,0.155421,-2.536298,-0.498652,2.640658,-1.705701,-2.184035,0.758863,0.909457,0.007051,-0.000832,-0.011666,-0.000886,0.000972,0.000753,-0.001844
13.677045,0.381126,0.490705,-0.165422,-0.411772,-0.281062,-0.436732,0.327887,0.240949,-0.177112,0.333918,0.077034,-0.346947,-0.436259,0.155186,-2.536299,-0.498647,2.640644,-1.705695,-2.184029,0.758864,0.909458,0.004738,0.001014,-0.011377,0.001729,0.001745,0.000528,-0.000754
13.678125,0.383294,0.491886,-0.165385,-0.412450,-0.277181,-0.434932,0.327334,0.236033,-0.175614,0.328810,0.076454,-0.345027,-0.435617,0.155023,-2.536289,-0.498653,2.640631,-1.705701,-2.184031,0.758863,0.909460,0.006800,-0.001040,-0.012037,-0.001154,0.001161,0.000511,-0.000640
13.679107,0.386964,0.489970,-0.169220,-0.411373,-0.274105,-0.433763,0.326537,0.229826,-0.173109,0.322610,0.076168,-0.343111,-0.435021,0.154931,-2.536282,-0.498654,2.640616,-1.705701,-2.184030,0.758863,0.909460,0.007038,-0.001043,-0.013277,-0.000767,0.001062,0.000809,-0.000563
13.680004,0.389060,0.488668,-0.170219,-0.413509,-0.272596,-0.431606,0.327076,0.223544,-0.168501,0.315942,0.077266,-0.341363,-0.434527,0.154885,-2.536278,-0.498648,2.640603,-1.705704,-2.184026,0.758864,0.909462,0.006424,0.000356,-0.012462,-0.002070,0.001380,0.001543,0.000095
13.681063,0.391886,0.493666,-0.172270,-0.413721,-0.266482,-0.427800,0.326117,0.219328,-0.166304,0.311222,0.077934,-0.339691,-0.433893,0.154862,-2.536269,-0.498644,2.640590,-1.705703,-2.184021,0.758862,0.909458,0.006453,0.001408,-0.012975,-0.000207,0.002971,0.001126,-0.001845
13.682013,0.392878,0.493651,-0.171664,-0.413316,-0.263523,-0.425556,0.325740,0.217470,-0.168078,0.309021,0.077046,-0.337992,-0.433024,0.154853,-2.536264,-0.498648,2.640574,-1.705703,-2.184025,0.758859,0.909461,0.006369,-0.000542,-0.013133,-0.000315,0.000567,-0.000624,-0.000920
13.683025,0.397948,0.494217,-0.176979,-0.414617,-0.260302,-0.423722,0.324594,0.217639,-0.170942,0.308557,0.075716,-0.336356,-0.432050,0.154857,-2.536257,-0.498646,2.640558,-1.705703,-2.184025,0.758862,0.909459,0.007034,-0.000048,-0.014485,-0.001012,0.000959,-0.001030,-0.001073
13.684006,0.398273,0.493076,-0.176111,-0.415307,-0.257863,-0.422514,0.324217,0.219890,-0.173806,0.309601,0.074648,-0.334855,-0.431032,0.154871,-2.536254,-0.498646,2.640549,-1.705701,-2.184021,0.758862,0.909462,0.005770,0.000173,-0.012993,-0.000056,0.001249,-0.000896,0.000259
13.685060,0.399872,0.497185,-0.176006,-0.414178,-0.252804,-0.420550,0.324005,0.224060,-0.178832,0.312399,0.072713,-0.333362,-0.429883,0.154889,-2.536244,-0.498644,2.640529,-1.705701,-2.184019,0.758864,0.909461,0.006797,0.001227,-0.014488,0.000330,0.002223,-0.000209,0.000067
13.686047,0.401217,0.496591,-0.181808,-0.416093,-0.249583,-0.418139,0.323015,0.229820,-0.185977,0.316680,0.069932,-0.331872,-0.428625,0.154899,-2.536236,-0.498646,2.640510,-1.705704,-2.184021,0.758864,0.909460,0.007277,-0.000293,-0.015682,-0.001042,0.000849,-0.000136,-0.000513
13.686989,0.405316,0.497488,-0.181106,-0.416175,-0.246045,-0.417432,0.322785,0.235112,-0.192637,0.320465,0.067298,-0.330398,-0.427412,0.154891,-2.536227,-0.498644,2.640500,-1.705701,-2.184018,0.758862,0.909464,0.007797,0.000499,-0.013902,0.000531,0.001070,-0.000631,0.000529
13.687998,0.406552,0.501166,-0.186558,-0.415544,-0.242023,-0.414299,0.322026,0.238336,-0.198899,0.322637,0.064297,-0.328796,-0.426264,0.154868,-2.536223,-0.498644,2.640481,-1.705703,-2.184015,0.758866,0.909462,0.006914,0.000517,-0.015285,0.000352,0.000788,0.000486,0.000085
13.689004,0.410428,0.498276,-0.184486,-0.415660,-0.237226,-0.412302,0.322365,0.240240,-0.204044,0.323523,0.061503,-0.327131,-0.425234,0.154828,-2.536215,-0.498647,2.640470,-1.705705,-2.184015,0.758863,0.909464,0.007534,-0.000784,-0.013705,-0.000533,0.000298,-0.000700,0.000647
13.690056,0.412623,0.499183,-0.185793,-0.415945,-0.234453,-0.411320,0.321340,0.241909,-0.206979,0.323580,0.059985,-0.325549,-0.424365,0.154757,-2.536208,-0.498644,2.640450,-1.705705,-2.184017,0.758862,0.909460,0.006824,0.001156,-0.015839,-0.000707,-0.000965,-0.000729,-0.000995
13.691177,0.415994,0.500869,-0.190116,-0.416090,-0.229688,-0.409087,0.321165,0.246328,-0.211265,0.325646,0.058695,-0.324063,-0.423440,0.154649,-2.536200,-0.498643,2.640432,-1.705705,-2.184014,0.758866,0.909461,0.007012,0.001213,-0.016317,-0.000735,-0.000058,0.000315,0.000075
13.691992,0.415184,0.504134,-0.190693,-0.417080,-0.229027,-0.406656,0.320653,0.254172,-0.217900,0.330430,0.057230,-0.322645,-0.422409,0.154515,-2.536193,-0.498643,2.640418,-1.705707,-2.184013,0.758865,0.909461,0.006704,0.000934,-0.015422,-0.000883,-0.000930,0.000252,-0.000661
13.693011,0.419573,0.502900,-0.194013,-0.417407,-0.224000,-0.405562,0.319163,0.261746,-0.223497,0.334678,0.056385,-0.321213,-0.421459,0.154383,-2.536183,-0.498647,2.640400,-1.705705,-2.184008,0.758863,0.909460,0.008072,-0.000256,-0.015987,-0.000172,0.001243,-0.000592,-0.000395
13.694102,0.423439,0.505611,-0.192783,-0.418248,-0.222409,-0.403845,0.319547,0.266752,-0.226820,0.336593,0.056132,-0.319679,-0.420644,0.154281,-2.536178,-0.498644,2.640385,-1.705705,-2.184011,0.758866,0.909465,0.007134,0.000864,-0.015455,-0.000157,-0.000227,0.000288,0.001612
13.695073,0.425089,0.506703,-0.196147,-0.417953,-0.219224,-0.400716,0.318306,0.271679,-0.229600,0.338328,0.056008,-0.318108,-0.419877,0.154203,-2.536171,-0.498646,2.640367,-1.705705,-2.184005,0.758867,0.909461,0.006554,0.000064,-0.017283,0.000362,0.001979,0.000670,-0.000218
13.696162,0.427954,0.507583,-0.197599,-0.419232,-0.213191,-0.399501,0.318897,0.279334,-0.232222,0.341944,0.056435,-0.316682,-0.419120,0.154115,-2.536163,-0.498645,2.640352,-1.705708,-2.184003,0.758863,0.909464,0.006909,0.000013,-0.016663,-0.000183,0.002149,-0.000565,0.001361
13.697028,0.428829,0.509167,-0.197420,-0.418809,-0.212041,-0.396372,0.317694,0.288367,-0.234150,0.346374,0.057420,-0.315366,-0.418383,0.153994,-2.536156,-0.498645,2.640335,-1.705704,-2.184008,0.758865,0.909459,0.006814,0.000122,-0.017147,0.000706,-0.000049,0.000338,-0.000873
13.698144,0.430966,0.509822,-0.200976,-0.420583,-0.207871,-0.394148,0.317075,0.297359,-0.235809,0.350728,0.058390,-0.314041,-0.417642,0.153839,-2.536147,-0.498645,2.640316,-1.705704,-2.184001,0.758863,0.909463,0.007412,-0.000231,-0.018141,-0.000002,0.001808,-0.001120,0.000729
13.699086,0.432552,0.511458,-0.204420,-0.418555,-0.205072,-0.392221,0.316684,0.305434,-0.237470,0.354504,0.059015,-0.312650,-0.416869,0.153664,-2.536139,-0.498645,2.640300,-1.705702,-2.184000,0.758862,0.909463,0.007711,0.000009,-0.017599,0.001413,0.001512,-0.001160,0.000889
13.700016,0.434371,0.511920,-0.203334,-0.419695,-0.201666,-0.390834,0.316247,0.310409,-0.238240,0.355947,0.059441,-0.311145,-0.416114,0.153464,-2.536132,-0.498647,2.640284,-1.705707,-2.183997,0.758862,0.909463,0.008064,-0.000321,-0.016903,-0.000825,0.001982,-0.001267,0.000772
13.701042,0.437166,0.516289,-0.206168,-0.418804,-0.197692,-0.389311,0.315886,0.312049,-0.236932,0.354587,0.060485,-0.309624,-0.415451,0.153222,-2.536123,-0.498645,2.640261,-1.705705,-2.183994,0.758862,0.909464,0.008264,-0.000096,-0.018399,0.000022,0.001797,-0.000839,0.000759
13.702012,0.438125,0.511790,-0.208728,-0.420147,-0.194637,-0.387534,0.315547,0.312338,-0.232732,0.351680,0.062924,-0.308231,-0.414941,0.152925,-2.536116,-0.498650,2.640242,-1.705707,-2.183993,0.758866,0.909466,0.008121,-0.001716,-0.018064,-0.001144,0.001404,-0.000398,0.000495
13.703067,0.439642,0.512805,-0.206645,-0.418336,-0.191050,-0.385941,0.315947,0.311569,-0.226577,0.347658,0.066209,-0.306896,-0.414552,0.152573,-2.536105,-0.498643,2.640225,-1.705703,-2.183990,0.758863,0.909464,0.008789,0.000983,-0.017834,-0.000163,0.001725,-0.000279,0.000259
13.704083,0.444940,0.516321,-0.210615,-0.419148,-0.187726,-0.383855,0.314269,0.310085,-0.222604,0.343646,0.068486,-0.305450,-0.414047,0.152186,-2.536096,-0.498643,2.640202,-1.705709,-2.183989,0.758864,0.909459,0.009297,0.000976,-0.019992,-0.002184,0.001814,0.000172,-0.001542
13.704975,0.445214,0.515557,-0.212484,-0.421198,-0.183915,-0.381568,0.314584,0.310521,-0.221031,0.341586,0.070335,-0.304053,-0.413409,0.151786,-2.536090,-0.498646,2.640187,-1.705709,-2.183984,0.758864,0.909464,0.007895,-0.000238,-0.019106,-0.001651,0.002003,0.000046,0.000871
13.705962,0.447912,0.516698,-0.215894,-0.422471,-0.180371,-0.380597,0.313802,0.313030,-0.219913,0.341206,0.072377,-0.302730,-0.412757,0.151400,-2.536079,-0.498644,2.640167,-1.705705,-2.183982,0.758864,0.909460,0.009042,0.000679,-0.019330,-0.000011,0.001866,-0.000241,-0.000743
13.707056,0.454389,0.518862,-0.218727,-0.422528,-0.175062,-0.377399,0.312861,0.314446,-0.221030,0.340652,0.072467,-0.301107,-0.411996,0.151048,-2.536069,-0.498644,2.640148,-1.705704,-2.183978,0.758867,0.909460,0.009251,0.000749,-0.019053,0.000842,0.002735,0.001157,-0.000289
13.708066,0.452869,0.520100,-0.221203,-0.421274,-0.170762,-0.375099,0.312930,0.314620,-0.224742,0.339847,0.070279,-0.299130,-0.411111,0.150743,-2.536063,-0.498646,2.640129,-1.705705,-2.183977,0.758866,0.909462,0.007790,0.000407,-0.019254,0.000458,0.002322,0.000579,0.000339
13.708953,0.458655,0.518306,-0.225928,-0.421873,-0.167978,-0.372744,0.312070,0.314675,-0.228442,0.338965,0.067798,-0.297051,-0.410231,0.150485,-2.536048,-0.498646,2.640110,-1.705711,-2.183973,0.758867,0.909458,0.010122,0.000456,-0.019491,-0.001067,0.002537,0.000704,-0.000956
13.710064,0.460091,0.524004,-0.227973,-0.424193,-0.162828,-0.369982,0.311301,0.313317,-0.231143,0.336817,0.065846,-0.294940,-0.409388,0.150275,-2.536041,-0.498642,2.640094,-1.705709,-2.183966,0.758866,0.909459,0.008623,0.001906,-0.018408,-0.000840,0.003687,0.000482,-0.000232
13.711023,0.463605,0.523241,-0.230587,-0.424897,-0.158946,-0.366897,0.310487,0.310082,-0.233491,0.333211,0.063873,-0.292735,-0.408555,0.150132,-2.536030,-0.498648,2.640073,-1.705705,-2.183964,0.758866,0.909460,0.009681,-0.000183,-0.019023,0.000945,0.003496,0.000391,0.000029
13.712056,0.467501,0.525797,-0.233228,-0.424764,-0.155741,-0.364090,0.310272,0.305127,-0.235355,0.328336,0.061346,-0.290367,-0.407746,0.150066,-2.536022,-0.498646,2.640054,-1.705703,-2.183960,0.758866,0.909462,0.009451,0.000840,-0.019097,0.001202,0.003897,-0.000391,0.000556
13.713066,0.467952,0.528762,-0.236812,-0.424816,-0.150433,-0.360570,0.309477,0.299663,-0.236945,0.323130,0.058361,-0.287909,-0.406927,0.150061,-2.536013,-0.498647,2.640033,-1.705705,-2.183955,0.758866,0.909460,0.009160,0.000234,-0.019263,0.000687,0.005306,-0.000708,-0.000199
13.714052,0.470959,0.525566,-0.241126,-0.425249,-0.147811,-0.358614,0.309180,0.293946,-0.236677,0.317406,0.056125,-0.285528,-0.406159,0.150089,-2.536002,-0.498647,2.640011,-1.705705,-2.183952,0.758862,0.909462,0.010529,-0.000585,-0.018909,0.000333,0.004491,-0.001784,0.000242
13.715074,0.474329,0.529223,-0.240617,-0.424417,-0.142647,-0.356280,0.308423,0.285653,-0.234103,0.309371,0.054654,-0.283158,-0.405458,0.150139,-2.535992,-0.498641,2.639995,-1.705705,-2.183944,0.758864,0.909460,0.010572,0.001614,-0.018208,0.000373,0.006244,-0.001368,-0.000294
13.716058,0.478667,0.531821,-0.247088,-0.426168,-0.137597,-0.354335,0.307697,0.275854,-0.231624,0.300214,0.053202,-0.280783,-0.404705,0.150197,-2.535980,-0.498644,2.639970,-1.705709,-2.183940,0.758864,0.909461,0.010491,0.000460,-0.019912,-0.000790,0.005615,-0.001251,0.000057
13.716968,0.483559,0.530398,-0.247867,-0.427026,-0.134232,-0.352408,0.307293,0.267259,-0.228432,0.291679,0.052623,-0.278567,-0.403979,0.150249,-2.535971,-0.498646,2.639956,-1.705707,-2.183933,0.758865,0.909462,0.009876,-0.000159,-0.018126,0.000549,0.004926,-0.000835,0.000384
13.718141,0.486872,0.532530,-0.248011,-0.426890,-0.129829,-0.349606,0.306631,0.261021,-0.224638,0.284614,0.052653,-0.276479,-0.403320,0.150287,-2.535962,-0.498642,2.639934,-1.705704,-2.183927,0.758866,0.909461,0.008876,0.001127,-0.019037,0.000955,0.005613,-0.000576,0.000148
13.719014,0.486826,0.533166,-0.251136,-0.427644,-0.126884,-0.348337,0.306699,0.259915,-0.223332,0.281618,0.052207,-0.274522,-0.402562,0.150301,-2.535952,-0.498642,2.639910,-1.705705,-2.183918,0.758866,0.909463,0.009108,0.000817,-0.020662,0.000369,0.006396,-0.000560,0.000128
13.719921,0.489851,0.538134,-0.256182,-0.428850,-0.122442,-0.346114,0.305684,0.263828,-0.224710,0.282668,0.051352,-0.272735,-0.401681,0.150288,-2.535939,-0.498639,2.639888,-1.705703,-2.183911,0.758868,0.909460,0.010470,0.001033,-0.020287,0.000733,0.007315,0.000264,-0.001003
13.720979,0.493710,0.535226,-0.258303,-0.429472,-0.116967,-0.344164,0.305715,0.267248,-0.225536,0.283209,0.050495,-0.270954,-0.400871,0.150255,-2.535929,-0.498643,2.639872,-1.705701,-2.183908,0.758866,0.909462,0.010371,-0.000818,-0.019079,0.001528,0.006912,0.000225,0.000002
13.722033,0.498036,0.538202,-0.259490,-0.427104,-0.113316,-0.341157,0.304272,0.267370,-0.224656,0.280996,0.049413,-0.269018,-0.400216,0.150217,-2.535920,-0.498636,2.639850,-1.705699,-2.183902,0.758868,0.909458,0.010131,0.001287,-0.019554,0.001675,0.006127,0.000808,-0.001274
13.723012,0.501956,0.538517,-0.262310,-0.428577,-0.108781,-0.339665,0.303640,0.267433,-0.223864,0.278627,0.048248,-0.267075,-0.399594,0.150180,-2.535909,-0.498638,2.639828,-1.705707,-2.183893,0.758865,0.909461,0.009629,0.000480,-0.020479,-0.000958,0.007148,0.000345,0.000424
13.723995,0.503563,0.542322,-0.265491,-0.428266,-0.103847,-0.335986,0.303834,0.271117,-0.223081,0.278656,0.048346,-0.265419,-0.398979,0.150152,-2.535901,-0.498636,2.639808,-1.705704,-2.183885,0.758867,0.909462,0.009236,0.000953,-0.020469,0.000080,0.006930,0.001211,0.000552
13.725020,0.505550,0.543832,-0.265348,-0.428814,-0.099865,-0.332891,0.303001,0.277497,-0.221053,0.280214,0.050044,-0.264025,-0.398436,0.150128,-2.535889,-0.498639,2.639788,-1.705705,-2.183877,0.758867,0.909458,0.009979,-0.000276,-0.020287,-0.000604,0.006336,-0.000131,-0.000961
13.726064,0.510063,0.544074,-0.271564,-0.429639,-0.094650,-0.330589,0.301572,0.283829,-0.216712,0.281215,0.053068,-0.262749,-0.397998,0.150111,-2.535878,-0.498639,2.639764,-1.705706,-2.183867,0.758865,0.909459,0.010592,-0.000346,-0.021816,-0.000455,0.006880,-0.000741,-0.000448
13.727003,0.511942,0.545773,-0.272876,-0.429381,-0.090559,-0.329066,0.300966,0.289153,-0.210865,0.281207,0.056690,-0.261491,-0.397597,0.150122,-2.535868,-0.498638,2.639748,-1.705705,-2.183861,0.758868,0.909463,0.009984,0.000205,-0.020244,-0.000052,0.006289,-0.000540,0.001211
13.728085,0.519476,0.547825,-0.276797,-0.430939,-0.086190,-0.326483,0.301049,0.292949,-0.205109,0.280133,0.059945,-0.260131,-0.397175,0.150159,-2.535856,-0.498638,2.639727,-1.705708,-2.183852,0.758869,0.909464,0.010512,-0.000035,-0.020939,-0.000641,0.006338,0.000191,0.001333
13.729014,0.517190,0.548906,-0.280036,-0.431687,-0.081980,-0.325002,0.300005,0.296522,-0.199566,0.278921,0.062984,-0.258742,-0.396763,0.150182,-2.535850,-0.498638,2.639708,-1.705704,-2.183842,0.758869,0.909461,0.008493,-0.000350,-0.020556,0.000408,0.006738,0.000204,-0.000073
13.729971,0.525955,0.550706,-0.280609,-0.430426,-0.077636,-0.321590,0.299667,0.299916,-0.194372,0.277651,0.065527,-0.257308,-0.396375,0.150162,-2.535835,-0.498635,2.639687,-1.705703,-2.183833,0.758872,0.909463,0.011077,-0.000302,-0.020261,0.000759,0.006620,0.000945,0.000972
13.731066,0.527627,0.550008,-0.283662,-0.432920,-0.074442,-0.318813,0.299573,0.302570,-0.189301,0.275883,0.067673,-0.255842,-0.396010,0.150099,-2.535832,-0.498636,2.639666,-1.705709,-2.183824,0.758868,0.909462,0.008239,-0.000564,-0.021341,-0.000767,0.006490,-0.000164,0.000545
13.732099,0.528854,0.551649,-0.285928,-0.431953,-0.070464,-0.317044,0.298391,0.308003,-0.185653,0.276367,0.069721,-0.254529,-0.395547,0.149994,-2.535820,-0.498634,2.639646,-1.705704,-2.183815,0.758867,0.909460,0.009162,0.000495,-0.021409,0.001192,0.008152,-0.000290,-0.000515
13.732959,0.531716,0.554576,-0.290841,-0.431968,-0.065286,-0.313998,0.298760,0.315792,-0.185276,0.279180,0.070664,-0.253245,-0.394850,0.149865,-2.535808,-0.498634,2.639625,-1.705707,-2.183806,0.758869,0.909463,0.010166,0.000341,-0.021764,-0.000140,0.008713,0.000419,0.000677
13.734055,0.534687,0.554649,-0.290437,-0.431926,-0.062051,-0.311876,0.298647,0.321572,-0.185605,0.280657,0.071073,-0.251864,-0.394061,0.149732,-2.535796,-0.498636,2.639605,-1.705708,-2.183801,0.758867,0.909460,0.010042,-0.000549,-0.020504,-0.000449,0.007338,-0.000566,-0.001058
13.735032,0.536358,0.555521,-0.294197,-0.432259,-0.057964,-0.309190,0.297894,0.324684,-0.183962,0.279762,0.072325,-0.250476,-0.393333,0.149598,-2.535785,-0.498635,2.639578,-1.705708,-2.183787,0.758871,0.909459,0.010299,0.000148,-0.022249,-0.000929,0.008933,-0.000061,-0.002074
13.736067,0.538952,0.556043,-0.293500,-0.431612,-0.053350,-0.306222,0.296789,0.326527,-0.181620,0.277823,0.074078,-0.249082,-0.392594,0.149481,-2.535773,-0.498632,2.639557,-1.705708,-2.183778,0.758870,0.909459,0.010979,0.000308,-0.021743,-0.000983,0.009136,-0.000400,-0.001670
13.737011,0.540869,0.558478,-0.297092,-0.433644,-0.049522,-0.304851,0.296187,0.327825,-0.180041,0.275740,0.075779,-0.247649,-0.391761,0.149408,-2.535762,-0.498629,2.639530,-1.705712,-2.183769,0.758870,0.909461,0.011314,0.000699,-0.023533,-0.001972,0.009091,-0.000880,-0.000644
13.737958,0.546872,0.559842,-0.296584,-0.433852,-0.045207,-0.302962,0.295976,0.328844,-0.179595,0.273838,0.077113,-0.246129,-0.390829,0.149383,-2.535748,-0.498631,2.639509,-1.705709,-2.183759,0.758871,0.909460,0.011799,0.000116,-0.023056,-0.000344,0.009408,0.000025,-0.000525
13.739141,0.547447,0.563689,-0.303560,-0.435880,-0.041658,-0.299668,0.294827,0.331012,-0.180413,0.273205,0.077866,-0.244499,-0.389831,0.149392,-2.535739,-0.498630,2.639483,-1.705710,-2.183750,0.758873,0.909456,0.010281,0.000044,-0.024611,-0.000524,0.009262,0.000398,-0.001177
13.740064,0.549031,0.563058,-0.304885,-0.434248,-0.036180,-0.297404,0.295296,0.334599,-0.181520,0.273833,0.078276,-0.242759,-0.388842,0.149426,-2.535724,-0.498633,2.639465,-1.705706,-2.183736,0.758871,0.909459,0.011853,-0.001073,-0.022860,0.000956,0.010911,-0.000051,-0.000224
13.740972,0.550896,0.561633,-0.307719,-0.435638,-0.033569,-0.294086,0.293312,0.335592,-0.181105,0.272450,0.078549,-0.240804,-0.387955,0.149479,-2.535711,-0.498631,2.639440,-1.705710,-2.183727,0.758870,0.909457,0.012467,-0.000153,-0.023479,-0.000987,0.009470,-0.000084,-0.002237
13.742012,0.557756,0.561842,-0.307964,-0.436066,-0.029742,-0.292135,0.293339,0.332077,-0.180580,0.267924,0.078011,-0.238554,-0.387062,0.149540,-2.535698,-0.498628,2.639416,-1.705708,-2.183715,0.758868,0.909464,0.012925,0.001115,-0.023290,0.000017,0.010852,-0.001219,0.000716
13.743069,0.558033,0.567904,-0.311557,-0.436400,-0.025554,-0.288800,0.292004,0.328155,-0.184111,0.264001,0.075542,-0.236091,-0.385916,0.149600,-2.535691,-0.498625,2.639389,-1.705706,-2.183700,0.758871,0.909460,0.011161,0.001663,-0.024608,-0.000026,0.011551,-0.000669,-0.000553
13.744076,0.561491,0.570004,-0.315496,-0.434868,-0.020508,-0.286394,0.292065,0.327201,-0.190700,0.262877,0.072174,-0.233649,-0.384587,0.149637,-2.535675,-0.498629,2.639365,-1.705706,-2.183690,0.758871,0.909463,0.012665,-0.000658,-0.024292,-0.000119,0.012015,-0.001478,0.000924
13.745045,0.565622,0.569377,-0.320090,-0.437239,-0.017113,-0.284590,0.291200,0.326873,-0.193596,0.261468,0.070901,-0.231433,-0.383458,0.149638,-2.535662,-0.498629,2.639343,-1.705712,-2.183676,0.758868,0.909460,0.012482,-0.001027,-0.023755,-0.001938,0.011346,-0.001438,-0.000365
13.746104,0.568486,0.570819,-0.321112,-0.437874,-0.012486,-0.282687,0.290691,0.324843,-0.190922,0.257642,0.072284,-0.229402,-0.382651,0.149604,-2.535652,-0.498626,2.639324,-1.705708,-2.183660,0.758870,0.909460,0.011936,-0.000097,-0.022852,-0.000011,0.012171,-0.000921,0.000279
13.747046,0.570508,0.573428,-0.322679,-0.438881,-0.007512,-0.278788,0.290205,0.322040,-0.187184,0.252928,0.073921,-0.227333,-0.381950,0.149541,-2.535639,-0.498626,2.639298,-1.705708,-2.183648,0.758872,0.909462,0.012163,-0.000133,-0.023830,0.000180,0.012182,-0.000285,0.000073
13.747990,0.570918,0.571449,-0.321904,-0.438651,-0.004526,-0.277139,0.289461,0.319438,-0.184790,0.248540,0.074445,-0.225120,-0.381214,0.149446,-2.535626,-0.498628,2.639273,-1.705706,-2.183638,0.758866,0.909460,0.012604,-0.000801,-0.024330,0.000769,0.011336,-0.001905,-0.000023
13.748975,0.575904,0.572786,-0.330076,-0.439828,-0.000488,-0.274621,0.289890,0.317378,-0.184595,0.244970,0.073555,-0.222765,-0.380341,0.149312,-2.535609,-0.498624,2.639244,-1.705708,-2.183623,0.758869,0.909463,0.013809,0.000786,-0.025964,0.000190,0.012466,-0.001282,0.000379
13.750011,0.577886,0.578301,-0.327327,-0.440004,0.003408,-0.273481,0.289221,0.315169,-0.187948,0.242005,0.070710,-0.220215,-0.379231,0.149134,-2.535598,-0.498624,2.639226,-1.705706,-2.183610,0.758869,0.909460,0.012835,0.000749,-0.023280,0.000941,0.012719,-0.001444,-0.001616
13.750985,0.580471,0.577317,-0.330047,-0.440242,0.006894,-0.270592,0.288262,0.312531,-0.192393,0.238895,0.067116,-0.217571,-0.378050,0.148918,-2.535583,-0.498628,2.639195,-1.705706,-2.183595,0.758873,0.909460,0.013444,-0.001308,-0.026078,0.000690,0.013347,-0.000097,-0.001440
13.752116,0.579280,0.578599,-0.334678,-0.440435,0.012437,-0.269831,0.287263,0.311104,-0.194933,0.236217,0.064560,-0.215058,-0.376972,0.148677,-2.535569,-0.498625,2.639169,-1.705706,-2.183581,0.758871,0.909462,0.013637,-0.000173,-0.026019,0.000538,0.014098,-0.000652,-0.000632
13.752995,0.586325,0.577720,-0.335295,-0.440121,0.013941,-0.267219,0.287960,0.309028,-0.196084,0.232771,0.062591,-0.212555,-0.375968,0.148419,-2.535548,-0.498625,2.639144,-1.705706,-2.183569,0.758876,0.909461,0.015929,-0.000083,-0.025307,0.000275,0.013519,0.001297,0.000076
13.754010,0.589870,0.583782,-0.338938,-0.439198,0.020733,-0.264372,0.286397,0.304547,-0.197178,0.227536,0.060446,-0.209926,-0.374992,0.148142,-2.535538,-0.498621,2.639117,-1.705708,-2.183551,0.758875,0.909458,0.013740,0.000897,-0.026163,-0.000354,0.015816,0.000781,-0.002344
13.755102,0.592482,0.578803,-0.340199,-0.442123,0.024348,-0.261341,0.285889,0.301913,-0.197116,0.223252,0.059768,-0.207513,-0.374114,0.147846,-2.535524,-0.498628,2.639091,-1.705712,-2.183543,0.758873,0.909461,0.013549,-0.001414,-0.025726,-0.001599,0.013459,0.000388,-0.000342
13.756037,0.592344,0.582690,-0.342859,-0.441444,0.028487,-0.258990,0.285489,0.303077,-0.196262,0.221397,0.060567,-0.205374,-0.373289,0.147554,-2.535510,-0.498619,2.639062,-1.705708,-2.183525,0.758870,0.909460,0.013942,0.001737,-0.026605,0.000830,0.014612,0.000001,-0.000594
13.756957,0.596220,0.583735,-0.342961,-0.440447,0.032623,-0.257365,0.284532,0.305321,-0.198559,0.220924,0.059920,-0.203110,-0.372256,0.147298,-2.535491,-0.498622,2.639036,-1.705712,-2.183512,0.758870,0.909456,0.015387,0.000399,-0.026521,-0.000155,0.014540,-0.000103,-0.000847
13.758040,0.599904,0.585457,-0.348482,-0.443940,0.037046,-0.253944,0.284379,0.307039,-0.202688,0.220425,0.058324,-0.200745,-0.371067,0.147094,-2.535478,-0.498622,2.639005,-1.705716,-2.183499,0.758874,0.909461,0.014833,0.000495,-0.027662,-0.001425,0.014418,0.000470,0.000009
13.759103,0.603581,0.587725,-0.345725,-0.442310,0.042082,-0.251854,0.283198,0.308798,-0.206252,0.219786,0.057117,-0.198441,-0.369881,0.146941,-2.535464,-0.498620,2.638982,-1.705709,-2.183483,0.758873,0.909459,0.014673,0.000326,-0.026428,0.001487,0.014708,-0.000357,-0.000933
13.759984,0.603954,0.587474,-0.350757,-0.443518,0.047092,-0.249400,0.282796,0.312067,-0.210136,0.220263,0.055791,-0.196196,-0.368671,0.146832,-2.535450,-0.498622,2.638947,-1.705713,-2.183470,0.758874,0.909460,0.014482,-0.000094,-0.029210,-0.000513,0.014322,0.000115,0.000232
13.761061,0.606634,0.590662,-0.355544,-0.442919,0.052179,-0.246467,0.281855,0.317354,-0.214256,0.222221,0.054567,-0.194071,-0.367442,0.146753,-2.535432,-0.498620,2.638922,-1.705713,-2.183459,0.758874,0.909459,0.015593,0.000596,-0.027837,0.000374,0.013155,-0.000225,0.000021
13.762011,0.608236,0.588702,-0.354557,-0.444277,0.056849,-0.244797,0.281708,0.320796,-0.217318,0.222630,0.053515,-0.191920,-0.366271,0.146680,-2.535418,-0.498622,2.638897,-1.705715,-2.183445,0.758872,0.909464,0.015907,-0.000282,-0.026963,-0.000633,0.012788,-0.000560,0.000662
13.763121,0.612874,0.592581,-0.356498,-0.444792,0.059942,-0.242790,0.280947,0.319988,-0.219298,0.219748,0.052199,-0.189570,-0.365159,0.146583,-2.535401,-0.498616,2.638864,-1.705713,-2.183431,0.758875,0.909462,0.016520,0.001276,-0.028691,0.000320,0.012243,0.000043,-0.000137
13.764084,0.618540,0.595699,-0.358729,-0.446455,0.064453,-0.240980,0.279821,0.318206,-0.222400,0.216386,0.050076,-0.187065,-0.363980,0.146440,-2.535387,-0.498619,2.638834,-1.705713,-2.183414,0.758879,0.909463,0.015910,0.000075,-0.029211,0.000380,0.014009,0.000686,0.000127
13.764963,0.618060,0.596475,-0.361743,-0.446046,0.067254,-0.239003,0.280145,0.319413,-0.225932,0.215265,0.048010,-0.184605,-0.362792,0.146249,-2.535374,-0.498620,2.638803,-1.705711,-2.183401,0.758879,0.909463,0.014562,-0.000830,-0.029344,0.001616,0.013682,0.001188,0.001284
13.766048,0.622315,0.597495,-0.367017,-0.446741,0.071197,-0.236477,0.278341,0.323722,-0.227642,0.216022,0.047025,-0.182270,-0.361750,0.146019,-2.535355,-0.498620,2.638776,-1.705713,-2.183387,0.758880,0.909456,0.016093,-0.000629,-0.028988,0.000874,0.014703,0.001314,-0.000370
13.767068,0.626300,0.594057,-0.365705,-0.447730,0.076351,-0.233564,0.279088,0.327364,-0.227055,0.215864,0.046897,-0.179910,-0.360888,0.145773,-2.535340,-0.498620,2.638749,-1.705713,-2.183368,0.758879,0.909462,0.015623,-0.000426,-0.027848,0.001134,0.015457,0.001401,0.002016
13.768080,0.626684,0.595662,-0.370137,-0.447316,0.079569,-0.231328,0.278221,0.330353,-0.227637,0.215483,0.046133,-0.177396,-0.360001,0.145536,-2.535324,-0.498615,2.638716,-1.705711,-2.183356,0.758877,0.909456,0.015173,0.001919,-0.029852,0.001678,0.014752,0.000948,-0.000667
13.768985,0.630505,0.602043,-0.371214,-0.448488,0.084291,-0.229930,0.278163,0.334793,-0.233744,0.217258,0.043083,-0.174655,-0.358816,0.145322,-2.535304,-0.498615,2.638689,-1.705713,-2.183337,0.758876,0.909461,0.016477,0.001757,-0.028983,0.000898,0.015919,0.001155,-0.000075
13.770009,0.635071,0.601071,-0.373966,-0.445523,0.088028,-0.227901,0.276702,0.338976,-0.241770,0.219223,0.039199,-0.171770,-0.357518,0.145143,-2.535290,-0.498622,2.638659,-1.705711,-2.183321,0.758878,0.909459,0.015917,-0.000776,-0.029629,0.001672,0.015088,0.001930,-0.001002
13.770993,0.636158,0.602292,-0.374444,-0.449352,0.089756,-0.224754,0.275998,0.343383,-0.245545,0.220381,0.037794,-0.169099,-0.356457,0.144998,-2.535275,-0.498620,2.638630,-1.705719,-2.183304,0.758879,0.909459,0.015202,0.000400,-0.029623,-0.001559,0.015805,0.002351,0.000776
13.771971,0.637194,0.603835,-0.380645,-0.447044,0.094998,-0.223011,0.275565,0.350183,-0.245838,0.222390,0.039141,-0.166799,-0.355577,0.144879,-2.535256,-0.498620,2.638597,-1.705710,-2.183281,0.758878,0.909459,0.016127,0.000425,-0.030653,0.001711,0.018295,0.001563,0.001046
13.773033,0.642275,0.606233,-0.382599,-0.450161,0.098475,-0.218667,0.274396,0.356505,-0.244958,0.223727,0.041298,-0.164590,-0.354740,0.144788,-2.535238,-0.498621,2.638571,-1.705717,-2.183266,0.758879,0.909459,0.017057,0.000300,-0.028864,-0.000870,0.017265,0.002179,0.000792
13.773994,0.644688,0.604914,-0.383441,-0.449794,0.101427,-0.216443,0.274444,0.359059,-0.242151,0.221907,0.043733,-0.162288,-0.354001,0.144736,-2.535224,-0.498621,2.638540,-1.705711,-2.183243,0.758876,0.909461,0.016137,-0.000196,-0.029320,0.001735,0.018354,0.000382,0.001923
13.775005,0.646699,0.607344,-0.386236,-0.450035,0.104693,-0.212958,0.273735,0.359938,-0.239284,0.218820,0.045682,-0.159890,-0.353237,0.144723,-2.535206,-0.498616,2.638506,-1.705712,-2.183221,0.758877,0.909458,0.016363,0.001045,-0.030115,0.000956,0.019509,0.000482,0.000715
13.776082,0.650316,0.614702,-0.389591,-0.450544,0.108194,-0.211191,0.274193,0.361475,-0.238599,0.216606,0.046543,-0.157446,-0.352286,0.144719,-2.535189,-0.498615,2.638476,-1.705712,-2.183201,0.758876,0.909464,0.016870,0.000470,-0.030050,0.000806,0.020594,-0.000578,0.000973
13.776992,0.654085,0.611281,-0.390844,-0.449537,0.112024,-0.208862,0.272490,0.362627,-0.236005,0.213686,0.048279,-0.155114,-0.351376,0.144690,-2.535172,-0.498622,2.638446,-1.705712,-2.183176,0.758879,0.909458,0.016695,-0.002441,-0.029816,0.000879,0.021688,0.000243,-0.001177
13.778004,0.655994,0.610940,-0.394303,-0.451709,0.115595,-0.206471,0.272789,0.363673,-0.228093,0.209581,0.052687,-0.153056,-0.350726,0.144626,-2.535156,-0.498616,2.638414,-1.705714,-2.183153,0.758878,0.909462,0.016161,-0.000148,-0.030351,-0.000453,0.021719,0.000101,0.001223
13.779174,0.659560,0.614136,-0.398316,-0.451342,0.121559,-0.203229,0.271977,0.366021,-0.219645,0.206297,0.057777,-0.151108,-0.350087,0.144539,-2.535140,-0.498614,2.638386,-1.705708,-2.183129,0.758880,0.909458,0.016746,0.000645,-0.029979,0.001204,0.022466,0.000133,-0.000556
13.780189,0.662643,0.616900,-0.400824,-0.451149,0.125492,-0.200946,0.271530,0.368246,-0.214357,0.203610,0.061207,-0.148947,-0.349264,0.144434,-2.535122,-0.498614,2.638357,-1.705710,-2.183109,0.758880,0.909460,0.016738,-0.000199,-0.029590,0.000377,0.021546,-0.000301,-0.000256
13.781010,0.663979,0.618080,-0.402256,-0.451072,0.128609,-0.199093,0.271643,0.368900,-0.209145,0.199833,0.064165,-0.146630,-0.348438,0.144304,-2.535106,-0.498615,2.638325,-1.705712,-2.183085,0.758880,0.909459,0.016726,-0.000895,-0.029668,-0.000178,0.021953,-0.000139,-0.000525
13.782053,0.669000,0.616210,-0.402560,-0.451542,0.133364,-0.197415,0.269897,0.368278,-0.201247,0.194568,0.068273,-0.144374,-0.347757,0.144139,-2.535088,-0.498617,2.638295,-1.705712,-2.183060,0.758879,0.909456,0.017250,-0.000920,-0.029977,-0.000576,0.022282,-0.000014,-0.001689
13.783036,0.670372,0.616786,-0.404599,-0.452619,0.136862,-0.194397,0.270669,0.368460,-0.193012,0.189784,0.072822,-0.142241,-0.347091,0.143942,-2.535071,-0.498613,2.638261,-1.705714,-2.183038,0.758880,0.909462,0.016303,0.000672,-0.031183,-0.000482,0.021999,0.000818,0.000626
13.783998,0.672298,0.618450,-0.410107,-0.453798,0.140426,-0.191624,0.268217,0.371939,-0.189208,0.188270,0.075814,-0.140157,-0.346171,0.143729,-2.535053,-0.498612,2.638229,-1.705712,-2.183014,0.758880,0.909454,0.017084,0.000997,-0.031426,0.000175,0.022687,0.000148,-0.002060
13.785088,0.679329,0.621729,-0.411272,-0.453610,0.145184,-0.189034,0.269213,0.376194,-0.190697,0.188454,0.076073,-0.137913,-0.344940,0.143530,-2.535034,-0.498613,2.638201,-1.705711,-2.182988,0.758880,0.909463,0.017537,0.000813,-0.029938,0.000922,0.023195,-0.000310,0.001774
13.785992,0.679491,0.622732,-0.412273,-0.453931,0.148207,-0.187571,0.267468,0.379237,-0.194242,0.188223,0.074697,-0.135529,-0.343587,0.143362,-2.535023,-0.498615,2.638169,-1.705711,-2.182966,0.758883,0.909455,0.015719,-0.000094,-0.030831,0.000283,0.023115,-0.000290,-0.001499
13.787004,0.680055,0.623431,-0.414130,-0.455096,0.151921,-0.184077,0.267266,0.383613,-0.197072,0.188749,0.073675,-0.133289,-0.342280,0.143225,-2.535005,-0.498613,2.638136,-1.705712,-2.182941,0.758884,0.909463,0.016989,-0.000016,-0.031450,0.000280,0.023920,0.000421,0.000981
13.788079,0.686957,0.622912,-0.411389,-0.456038,0.155760,-0.183002,0.267613,0.388394,-0.199195,0.189404,0.072860,-0.131140,-0.341005,0.143121,-2.534983,-0.498612,2.638103,-1.705710,-2.182916,0.758878,0.909459,0.018171,0.000295,-0.031834,0.001006,0.024511,-0.000627,0.000214
13.789040,0.686229,0.627236,-0.418271,-0.454080,0.162250,-0.180072,0.265852,0.394178,-0.203700,0.191341,0.070698,-0.128938,-0.339567,0.143037,-2.534972,-0.498609,2.638064,-1.705709,-2.182891,0.758883,0.909455,0.016385,0.001227,-0.034560,0.001475,0.025252,0.000880,-0.001701
13.789992,0.685813,0.627204,-0.420559,-0.454977,0.165597,-0.177661,0.266517,0.403173,-0.210477,0.196125,0.067846,-0.126813,-0.337979,0.142961,-2.534950,-0.498612,2.638037,-1.705714,-2.182872,0.758882,0.909459,0.018157,-0.000288,-0.032374,-0.000761,0.022870,0.000245,0.000748
13.791173,0.694412,0.631449,-0.425626,-0.456157,0.169570,-0.175675,0.264831,0.409324,-0.214522,0.198390,0.066012,-0.124680,-0.336528,0.142905,-2.534928,-0.498611,2.638005,-1.705712,-2.182846,0.758882,0.909454,0.019718,0.000361,-0.032469,-0.000269,0.023579,0.000125,-0.001697
13.792172,0.695890,0.632976,-0.426204,-0.457136,0.172851,-0.173989,0.265162,0.409178,-0.213992,0.195304,0.065410,-0.122377,-0.335327,0.142876,-2.534915,-0.498613,2.637975,-1.705712,-2.182820,0.758884,0.909459,0.017234,-0.000983,-0.031552,0.000429,0.024661,0.000979,0.000350
13.793020,0.697908,0.629718,-0.425739,-0.457056,0.176888,-0.171784,0.263861,0.407021,-0.209821,0.190100,0.066070,-0.120024,-0.334364,0.142871,-2.534894,-0.498614,2.637940,-1.705710,-2.182796,0.758887,0.909454,0.017982,-0.001065,-0.032548,0.000965,0.025642,0.001674,-0.001473
13.794052,0.701169,0.634826,-0.430388,-0.456545,0.181073,-0.168915,0.263033,0.406071,-0.205453,0.185781,0.066849,-0.117645,-0.333456,0.142884,-2.534875,-0.498608,2.637903,-1.705711,-2.182773,0.758884,0.909457,0.018183,0.001077,-0.033764,0.000538,0.025174,0.001516,0.000184
13.795047,0.701900,0.632065,-0.433857,-0.456941,0.184999,-0.166223,0.262318,0.406871,-0.203324,0.183209,0.066922,-0.115232,-0.332441,0.142918,-2.534856,-0.498612,2.637872,-1.705713,-2.182745,0.758884,0.909456,0.018077,-0.000795,-0.032780,-0.000342,0.025354,0.001130,0.000652
13.796030,0.709025,0.633622,-0.434399,-0.456024,0.189580,-0.162748,0.262126,0.407056,-0.201593,0.180246,0.067014,-0.112816,-0.331401,0.142969,-2.534835,-0.498606,2.637841,-1.705713,-2.182719,0.758887,0.909459,0.019164,0.001209,-0.032352,-0.000337,0.025651,0.000813,0.000936
13.797127,0.705548,0.638834,-0.436487,-0.457231,0.195859,-0.160645,0.261837,0.406742,-0.200947,0.177033,0.067014,-0.110439,-0.330277,0.143022,-2.534821,-0.498604,2.637805,-1.705717,-2.182693,0.758886,0.909458,0.017076,0.001030,-0.033314,-0.001569,0.025229,-0.000304,0.000189
13.798017,0.711153,0.638843,-0.438692,-0.457928,0.199279,-0.159409,0.260605,0.407171,-0.200721,0.174311,0.067423,-0.108211,-0.329093,0.143055,-2.534795,-0.498609,2.637770,-1.705717,-2.182670,0.758887,0.909457,0.020421,-0.000812,-0.033692,-0.000783,0.023641,0.000241,-0.000483
13.798962,0.714859,0.638488,-0.440622,-0.457481,0.202269,-0.157348,0.260294,0.405590,-0.198170,0.169649,0.068588,-0.106024,-0.328030,0.143074,-2.534779,-0.498609,2.637737,-1.705717,-2.182646,0.758891,0.909459,0.018900,-0.000210,-0.033687,-0.000446,0.024007,0.001123,0.000979
13.800107,0.720790,0.641178,-0.443986,-0.458832,0.205705,-0.154620,0.259382,0.403357,-0.194869,0.164348,0.069902,-0.103851,-0.327039,0.143095,-2.534762,-0.498607,2.637703,-1.705719,-2.182620,0.758892,0.909458,0.018456,0.000564,-0.033907,-0.001227,0.025008,0.001320,0.000505
13.801078,0.720048,0.639752,-0.449488,-0.459599,0.209080,-0.151279,0.259833,0.404705,-0.192887,0.161790,0.071378,-0.101855,-0.326017,0.143108,-2.534746,-0.498610,2.637669,-1.705717,-2.182590,0.758890,0.909460,0.017249,-0.000003,-0.033741,-0.000375,0.026441,0.001361,0.001027
13.801982,0.725308,0.643046,-0.450069,-0.461151,0.212420,-0.149122,0.258760,0.407992,-0.192635,0.160890,0.072404,-0.099903,-0.324927,0.143099,-2.534723,-0.498607,2.637639,-1.705717,-2.182565,0.758888,0.909455,0.019027,0.001328,-0.032259,-0.000007,0.027170,0.000353,-0.000990
13.803107,0.726627,0.642898,-0.453912,-0.460964,0.217224,-0.145973,0.258708,0.409605,-0.194497,0.159185,0.071830,-0.097714,-0.323726,0.143074,-2.534708,-0.498609,2.637605,-1.705713,-2.182539,0.758888,0.909458,0.017721,0.000277,-0.033105,0.001095,0.027632,0.000381,0.000142
13.804095,0.727645,0.643321,-0.449895,-0.460613,0.221391,-0.143815,0.257162,0.409690,-0.198006,0.156686,0.069785,-0.095273,-0.322431,0.143049,-2.534687,-0.498607,2.637571,-1.705713,-2.182508,0.758890,0.909455,0.018749,0.001087,-0.032652,0.000437,0.027587,-0.000080,-0.001050
13.804985,0.730013,0.645960,-0.455515,-0.460922,0.224834,-0.141610,0.257010,0.409741,-0.203250,0.154500,0.066770,-0.092687,-0.321014,0.143030,-2.534664,-0.498605,2.637528,-1.705714,-2.182483,0.758890,0.909461,0.019648,0.001500,-0.035843,-0.000269,0.027609,0.000141,0.000921
13.806095,0.737841,0.649417,-0.461686,-0.463656,0.230608,-0.138154,0.256527,0.410209,-0.209789,0.152939,0.063388,-0.090051,-0.319482,0.143022,-2.534643,-0.498605,2.637494,-1.705717,-2.182454,0.758891,0.909458,0.019953,0.000845,-0.034314,-0.000323,0.028478,0.000344,0.000078
13.807077,0.741983,0.651749,-0.460735,-0.462386,0.235719,-0.135550,0.255527,0.410092,-0.215122,0.150847,0.060445,-0.087382,-0.318006,0.143019,-2.534628,-0.498607,2.637463,-1.705711,-2.182424,0.758891,0.909456,0.018157,0.000034,-0.033154,0.001729,0.028505,0.000066,-0.000422
13.807984,0.742025,0.654158,-0.465352,-0.462688,0.241176,-0.133548,0.255275,0.411006,-0.217779,0.149083,0.058686,-0.084802,-0.316700,0.143017,-2.534610,-0.498607,2.637424,-1.705714,-2.182395,0.758891,0.909457,0.017951,-0.000333,-0.035227,0.000018,0.028508,0.000285,0.000277
13.809076,0.747803,0.655898,-0.468904,-0.462635,0.245441,-0.130998,0.253986,0.414185,-0.216891,0.148339,0.059034,-0.082485,-0.315616,0.143017,-2.534588,-0.498609,2.637391,-1.705715,-2.182369,0.758895,0.909456,0.019579,-0.000780,-0.034368,-0.000114,0.027767,0.000868,-0.000436
13.810064,0.750968,0.657351,-0.470610,-0.461807,0.250955,-0.127662,0.254618,0.416744,-0.211618,0.146350,0.061646,-0.080381,-0.314810,0.143023,-2.534570,-0.498609,2.637356,-1.705717,-2.182339,0.758896,0.909460,0.018743,-0.000762,-0.034454,-0.000662,0.029232,0.001446,0.000687
13.810970,0.754550,0.656537,-0.473954,-0.463325,0.256160,-0.124578,0.252865,0.418884,-0.202769,0.143355,0.066385,-0.078543,-0.314231,0.143027,-2.534551,-0.498609,2.637321,-1.705721,-2.182312,0.758896,0.909454,0.019013,-0.000689,-0.035231,-0.001897,0.028856,0.000931,-0.001906
13.812093,0.759495,0.660919,-0.475750,-0.463703,0.261872,-0.122577,0.252175,0.422281,-0.193297,0.141103,0.072187,-0.076966,-0.313687,0.143018,-2.534532,-0.498605,2.637286,-1.705720,-2.182287,0.758894,0.909459,0.018886,0.000418,-0.035003,-0.000856,0.028386,0.000461,0.000421
13.813030,0.762000,0.661500,-0.480222,-0.464361,0.268183,-0.119317,0.251883,0.427185,-0.185659,0.140269,0.077554,-0.075489,-0.313038,0.143000,-2.534515,-0.498607,2.637248,-1.705720,-2.182258,0.758899,0.909459,0.018564,-0.000869,-0.035994,-0.001057,0.028567,0.001667,0.000279
13.813994,0.766440,0.661361,-0.482122,-0.466428,0.272930,-0.115919,0.250998,0.433167,-0.179233,0.140413,0.082431,-0.074051,-0.312335,0.142959,-2.534492,-0.498606,2.637215,-1.705720,-2.182234,0.758896,0.909459,0.019014,-0.000393,-0.035287,-0.000867,0.027150,0.001098,-0.000386
13.815105,0.772906,0.666034,-0.486908,-0.465763,0.278597,-0.113074,0.250024,0.438965,-0.175104,0.140907,0.085795,-0.072452,-0.311510,0.142878,-2.534473,-0.498604,2.637179,-1.705716,-2.182204,0.758896,0.909459,0.018570,0.000434,-0.035906,0.000633,0.027428,0.000466,0.000107
13.816096,0.769254,0.665493,-0.489961,-0.466936,0.283175,-0.110491,0.249657,0.445337,-0.174183,0.142519,0.087223,-0.070646,-0.310501,0.142749,-2.534457,-0.498607,2.637143,-1.705720,-2.182178,0.758898,0.909461,0.017467,-0.000983,-0.035382,-0.000527,0.027613,0.000805,0.000568
13.817042,0.775183,0.666969,-0.494384,-0.468419,0.288236,-0.107357,0.248987,0.450293,-0.173826,0.143307,0.087850,-0.068661,-0.309455,0.142566,-2.534428,-0.498606,2.637106,-1.705718,-2.182148,0.758899,0.909459,0.021077,0.000094,-0.035468,0.000113,0.028189,0.001061,-0.000024
13.818073,0.779972,0.671571,-0.497014,-0.468281,0.293646,-0.105148,0.248138,0.448864,-0.173867,0.139781,0.086807,-0.066212,-0.308377,0.142331,-2.534412,-0.498606,2.637072,-1.705714,-2.182122,0.758898,0.909459,0.019854,0.000111,-0.034799,0.001026,0.028061,0.000637,0.000062
13.819066,0.780562,0.670589,-0.498168,-0.468294,0.297602,-0.101985,0.248183,0.442365,-0.174118,0.132863,0.084317,-0.063344,-0.307282,0.142047,-2.534394,-0.498609,2.637034,-1.705717,-2.182094,0.758903,0.909459,0.019413,-0.001329,-0.035179,0.000431,0.028039,0.001371,0.000389
13.819996,0.785483,0.669886,-0.499864,-0.469943,0.303036,-0.099064,0.246417,0.434600,-0.172904,0.124870,0.082186,-0.060387,-0.306261,0.141718,-2.534369,-0.498605,2.636995,-1.705717,-2.182062,0.758900,0.909455,0.020918,-0.000053,-0.036189,-0.000046,0.029248,0.001066,-0.001022
13.821065,0.788117,0.675892,-0.505410,-0.470795,0.308411,-0.096424,0.246922,0.427297,-0.173169,0.117661,0.079495,-0.057330,-0.305120,0.141373,-2.534351,-0.498603,2.636956,-1.705714,-2.182035,0.758899,0.909461,0.020170,0.001022,-0.036806,0.001058,0.028636,0.000819,0.001282
13.822053,0.793060,0.673009,-0.508635,-0.469315,0.311064,-0.092267,0.245424,0.420762,-0.176367,0.111792,0.075340,-0.054072,-0.303784,0.141040,-2.534330,-0.498609,2.636922,-1.705713,-2.182001,0.758903,0.909454,0.020849,-0.001077,-0.035818,0.001349,0.028811,0.001229,-0.001171
13.822978,0.798750,0.674928,-0.510034,-0.470580,0.314974,-0.088720,0.245678,0.414143,-0.179543,0.105962,0.071173,-0.050748,-0.302425,0.140730,-2.534311,-0.498604,2.636886,-1.705717,-2.181965,0.758902,0.909460,0.020204,0.001143,-0.035828,-0.000548,0.031251,-0.000109,0.000524
13.824002,0.801321,0.673622,-0.516113,-0.470314,0.321010,-0.087293,0.244083,0.410123,-0.183318,0.102077,0.067789,-0.047640,-0.300968,0.140450,-2.534294,-0.498604,2.636848,-1.705716,-2.181934,0.758899,0.909455,0.019089,0.000909,-0.036602,0.000237,0.032100,-0.000977,-0.001230
13.824919,0.804433,0.679566,-0.514695,-0.471406,0.325241,-0.084933,0.243719,0.410557,-0.189807,0.101825,0.064571,-0.044814,-0.299303,0.140203,-2.534272,-0.498598,2.636815,-1.705718,-2.181903,0.758902,0.909459,0.019711,0.002337,-0.035262,-0.000508,0.031378,0.000545,0.000617
13.826006,0.808990,0.682962,-0.520167,-0.471110,0.329803,-0.082661,0.243756,0.413279,-0.197484,0.103344,0.061560,-0.042181,-0.297575,0.139991,-2.534252,-0.498603,2.636773,-1.705715,-2.181871,0.758902,0.909456,0.019832,0.000131,-0.037402,0.000050,0.031878,0.000798,0.000109
13.827098,0.811953,0.679973,-0.522104,-0.471216,0.335165,-0.079078,0.241850,0.417360,-0.201891,0.105097,0.060503,-0.039866,-0.296066,0.139812,-2.534233,-0.498606,2.636739,-1.705716,-2.181838,0.758903,0.909453,0.019596,-0.000629,-0.036476,-0.000770,0.032966,0.001645,-0.001412
13.828007,0.818585,0.683423,-0.525770,-0.472356,0.341060,-0.075677,0.241307,0.422465,-0.202302,0.106692,0.061754,-0.037897,-0.294813,0.139677,-2.534212,-0.498599,2.636698,-1.705718,-2.181803,0.758906,0.909459,0.020155,0.001697,-0.037303,-0.001173,0.033259,0.001166,0.000963
13.828968,0.818101,0.685477,-0.526852,-0.472081,0.345696,-0.072988,0.240626,0.429017,-0.202771,0.109245,0.063454,-0.036098,-0.293571,0.139599,-2.534196,-0.498601,2.636662,-1.705716,-2.181772,0.758906,0.909459,0.018538,0.000689,-0.036903,-0.000525,0.032039,0.000369,0.000813
13.829950,0.823065,0.686358,-0.535023,-0.473826,0.350162,-0.070930,0.241019,0.436967,-0.203787,0.112857,0.065122,-0.034375,-0.292293,0.139554,-2.534171,-0.498600,2.636624,-1.705720,-2.181738,0.758907,0.909460,0.020529,0.000445,-0.037911,-0.001205,0.032359,0.000439,0.000889
13.831028,0.826526,0.688831,-0.536306,-0.474120,0.354625,-0.068176,0.238980,0.442671,-0.203636,0.114598,0.066743,-0.032563,-0.291074,0.139511,-2.534153,-0.498599,2.636594,-1.705717,-2.181701,0.758909,0.909454,0.019865,0.000784,-0.035468,-0.000013,0.032929,0.001194,-0.001202
13.832098,0.829748,0.691159,-0.538209,-0.472252,0.360771,-0.064957,0.239146,0.443838,-0.202351,0.112800,0.067744,-0.030516,-0.289925,0.139465,-2.534132,-0.498599,2.636552,-1.705717,-2.181664,0.758914,0.909458,0.020145,0.000412,-0.036597,-0.000272,0.034029,0.001503,0.001472
13.833025,0.835797,0.695264,-0.542663,-0.473981,0.365374,-0.061512,0.238526,0.442633,-0.199176,0.108802,0.069211,-0.028460,-0.288872,0.139416,-2.534109,-0.498598,2.636514,-1.705723,-2.181631,0.758912,0.909457,0.020500,0.000110,-0.037394,-0.002556,0.033421,0.001356,-0.000325
13.833979,0.839761,0.692856,-0.544109,-0.476060,0.370167,-0.058928,0.237424,0.442936,-0.183993,0.100612,0.077611,-0.025164,-0.287173,0.139242,-2.534073,-0.498596,2.636441,-1.705717,-2.181567,0.758916,0.909458,0.018998,0.000784,-0.037465,0.000198,0.033733,0.000706,0.000633
13.835104,0.842490,0.698786,-0.546616,-0.474073,0.375071,-0.056019,0.237454,0.442936,-0.183993,0.100612,0.077611,-0.025164,-0.287173,0.139242,-2.534073,-0.498596,2.636441,-1.705717,-2.181567,0.758916,0.909458,0.018998,0.000784,-0.037465,0.000198,0.033733,0.000706,0.000633
13.836069,0.844134,0.697458,-0.550645,-0.477233,0.379961,-0.052825,0.235697,0.446737,-0.177185,0.099238,0.081783,-0.023671,-0.286263,0.139102,-2.534053,-0.498600,2.636403,-1.705723,-2.181530,0.758918,0.909454,0.019766,-0.001265,-0.038088,-0.002263,0.034661,0.001010,-0.000936
13.837052,0.850425,0.696256,-0.554361,-0.476885,0.382998,-0.049355,0.235851,0.450646,-0.170705,0.098049,0.085715,-0.022154,-0.285331,0.138941,-2.534031,-0.498595,2.636365,-1.705718,-2.181496,0.758919,0.909459,0.020702,0.000157,-0.037612,0.000358,0.034728,0.000577,0.001310
13.838018,0.853690,0.697164,-0.558054,-0.479041,0.388175,-0.047589,0.234609,0.452732,-0.167183,0.096274,0.087653,-0.020347,-0.284222,0.138789,-2.534013,-0.498593,2.636328,-1.705721,-2.181456,0.758918,0.909456,0.019385,0.001521,-0.037347,-0.000465,0.036720,-0.000067,-0.000331
13.839024,0.859092,0.699093,-0.561039,-0.478035,0.392794,-0.044544,0.235122,0.454412,-0.170303,0.095664,0.086036,-0.018132,-0.282728,0.138658,-2.533992,-0.498593,2.636292,-1.705717,-2.181422,0.758921,0.909458,0.019536,0.001837,-0.037066,0.001137,0.036491,0.000935,0.000887
13.839972,0.860192,0.702063,-0.565185,-0.478463,0.397758,-0.043537,0.234363,0.456935,-0.178776,0.096777,0.081822,-0.015636,-0.280934,0.138544,-2.533974,-0.498593,2.636254,-1.705721,-2.181383,0.758922,0.909455,0.018720,0.001689,-0.037210,-0.000313,0.037024,0.000758,-0.001507
13.841042,0.864444,0.704696,-0.566376,-0.481295,0.404377,-0.039568,0.233244,0.459539,-0.188178,0.098090,0.077283,-0.013048,-0.279100,0.138432,-2.533951,-0.498595,2.636218,-1.705721,-2.181346,0.758928,0.909454,0.019901,0.000992,-0.036661,-0.000349,0.036901,0.002454,-0.001222
13.842032,0.867957,0.705137,-0.570375,-0.478526,0.406517,-0.036213,0.233296,0.460262,-0.195612,0.097646,0.073267,-0.010340,-0.277407,0.138324,-2.533932,-0.498593,2.636178,-1.705715,-2.181311,0.758928,0.909457,0.019767,0.000519,-0.037814,0.001829,0.035801,0.001525,-0.000413
13.843106,0.869438,0.706403,-0.573305,-0.480361,0.412780,-0.033838,0.231743,0.459391,-0.201092,0.095723,0.069706,-0.007517,-0.275836,0.138226,-2.533914,-0.498591,2.636142,-1.705721,-2.181266,0.758930,0.909451,0.019875,0.001077,-0.037417,-0.001358,0.038698,0.001009,-0.001837
13.844085,0.872592,0.707936,-0.579001,-0.480667,0.417650,-0.031230,0.231397,0.457354,-0.204596,0.092575,0.067285,-0.004743,-0.274351,0.138145,-2.533889,-0.498588,2.636103,-1.705717,-2.181229,0.758932,0.909455,0.021106,0.001282,-0.037725,-0.000115,0.037937,0.001711,-0.000146
13.845009,0.880903,0.714352,-0.580418,-0.481121,0.423009,-0.028907,0.230275,0.451662,-0.206549,0.086514,0.065309,-0.001875,-0.272939,0.138092,-2.533870,-0.498590,2.636070,-1.705717,-2.181193,0.758935,0.909452,0.021333,0.001323,-0.036486,-0.000317,0.038098,0.001891,-0.000768
13.846010,0.883161,0.711016,-0.583952,-0.482406,0.428114,-0.025703,0.230823,0.443432,-0.205540,0.078047,0.064305,0.001025,-0.271715,0.138057,-2.533856,-0.498596,2.636032,-1.705717,-2.181156,0.758939,0.909456,0.018920,-0.001089,-0.037258,-0.000328,0.037437,0.002198,0.000243
13.847076,0.886518,0.711932,-0.584595,-0.483485,0.433051,-0.023028,0.229090,0.437355,-0.201497,0.070462,0.064999,0.003717,-0.270689,0.138016,-2.533835,-0.498588,2.635994,-1.705715,-2.181116,0.758940,0.909453,0.019668,0.001346,-0.037103,0.000416,0.037449,0.001856,-0.002211
13.848075,0.894203,0.716125,-0.586489,-0.482620,0.438129,-0.019772,0.228292,0.434596,-0.199898,0.065756,0.064729,0.006401,-0.269522,0.137966,-2.533814,-0.498587,2.635952,-1.705713,-2.181077,0.758942,0.909456,0.019966,0.001722,-0.038498,0.000912,0.037990,0.002227,-0.000129
13.848971,0.894317,0.715259,-0.593752,-0.483399,0.442666,-0.016646,0.227440,0.436633,-0.202501,0.065385,0.063024,0.009043,-0.268093,0.137922,-2.533798,-0.498589,2.635913,-1.705717,-2.181036,0.758946,0.909454,0.018004,0.000439,-0.039151,-0.000390,0.037993,0.001811,0.000125
13.850042,0.897305,0.717309,-0.593582,-0.483256,0.448035,-0.014492,0.226237,0.443275,-0.205928,0.068484,0.061821,0.011456,-0.266596,0.137894,-2.533774,-0.498585,2.635879,-1.705717,-2.180997,0.758948,0.909454,0.019577,0.001576,-0.036937,-0.000047,0.037987,0.001239,0.000638
13.851021,0.898092,0.720871,-0.598485,-0.483981,0.452731,-0.013119,0.226785,0.449259,-0.209017,0.071028,0.060840,0.013872,-0.265111,0.137885,-2.533754,-0.498583,2.635836,-1.705719,-2.180956,0.758952,0.909460,0.020077,0.001378,-0.038767,-0.000691,0.038107,0.002150,0.001599
13.851985,0.904481,0.724717,-0.600464,-0.484660,0.457817,-0.011143,0.225467,0.451130,-0.210675,0.070349,0.059936,0.016453,-0.263723,0.137876,-2.533730,-0.498584,2.635800,-1.705719,-2.180918,0.758957,0.909452,0.021461,0.000392,-0.037878,-0.000452,0.038416,0.003561,-0.000805
13.853168,0.905862,0.720910,-0.599169,-0.485285,0.461654,-0.006284,0.226054,0.448725,-0.208116,0.065771,0.060271,0.019129,-0.262621,0.137851,-2.533714,-0.498589,2.635759,-1.705718,-2.180879,0.758962,0.909457,0.020063,-0.000693,-0.038411,-0.000294,0.038235,0.004318,0.000562
13.854075,0.911853,0.726691,-0.603338,-0.486445,0.465202,-0.003261,0.224240,0.445665,-0.203823,0.060424,0.061225,0.021837,-0.261633,0.137804,-2.533689,-0.498582,2.635713,-1.705717,-2.180832,0.758961,0.909450,0.021578,0.002122,-0.040985,-0.000279,0.040458,0.002835,-0.002201
13.854986,0.914158,0.726546,-0.605675,-0.485445,0.468251,-0.000905,0.223897,0.445725,-0.202525,0.058044,0.061242,0.024562,-0.260401,0.137736,-2.533673,-0.498585,2.635674,-1.705715,-2.180789,0.758964,0.909458,0.020260,-0.000043,-0.040277,0.000383,0.041460,0.002407,0.000241
13.856105,0.915934,0.728282,-0.611344,-0.486479,0.473329,0.002309,0.223073,0.448989,-0.202592,0.058344,0.061251,0.027201,-0.258978,0.137644,-2.533651,-0.498583,2.635633,-1.705719,-2.180744,0.758969,0.909458,0.020776,0.000768,-0.040508,-0.001007,0.042980,0.002641,-0.000318
13.857021,0.918167,0.729435,-0.612706,-0.487046,0.478316,0.003846,0.222344,0.452366,-0.201575,0.058545,0.062093,0.029781,-0.257505,0.137513,-2.533627,-0.498581,2.635596,-1.705718,-2.180698,0.758972,0.909456,0.021954,0.000770,-0.039534,-0.000553,0.043584,0.002616,-0.000148
13.858052,0.921783,0.729513,-0.614695,-0.487463,0.482256,0.006019,0.222112,0.451958,-0.199836,0.055929,0.062750,0.032559,-0.256000,0.137335,-2.533603,-0.498580,2.635553,-1.705717,-2.180654,0.758980,0.909457,0.022459,0.000927,-0.040252,-0.000464,0.043189,0.003673,0.000088
13.859066,0.928012,0.731248,-0.616649,-0.488756,0.487831,0.008304,0.220892,0.448075,-0.198776,0.051038,0.062379,0.035619,-0.254448,0.137122,-2.533581,-0.498578,2.635509,-1.705719,-2.180606,0.758985,0.909453,0.022545,0.001701,-0.040871,-0.000523,0.044452,0.004426,-0.000817
13.860072,0.933407,0.734850,-0.621306,-0.487691,0.491464,0.011248,0.220777,0.444747,-0.200392,0.047191,0.060690,0.038831,-0.252791,0.136896,-2.533561,-0.498577,2.635467,-1.705716,-2.180562,0.758989,0.909455,0.021300,0.001643,-0.041488,0.000196,0.043994,0.005024,0.000283
13.861069,0.933496,0.736400,-0.624441,-0.487865,0.494145,0.013525,0.218845,0.445489,-0.203462,0.046612,0.059002,0.041913,-0.251114,0.136675,-2.533541,-0.498578,2.635429,-1.705718,-2.180513,0.758992,0.909452,0.020483,0.000658,-0.040776,-0.001359,0.045419,0.004939,-0.000836
13.862039,0.937867,0.735393,-0.623117,-0.489789,0.499199,0.016227,0.218874,0.449028,-0.203873,0.047438,0.059438,0.044631,-0.249620,0.136462,-2.533518,-0.498578,2.635390,-1.705719,-2.180460,0.758998,0.909459,0.022269,0.000697,-0.040807,-0.001642,0.047700,0.005495,0.001705
13.863019,0.941221,0.741606,-0.627839,-0.490275,0.503838,0.019845,0.218144,0.452976,-0.202540,0.048151,0.061061,0.047100,-0.248215,0.136260,-2.533496,-0.498572,2.635343,-1.705717,-2.180414,0.759002,0.909455,0.021835,0.001928,-0.042940,-0.000246,0.047503,0.005549,0.000332
13.864014,0.945890,0.738613,-0.633141,-0.489815,0.507814,0.023645,0.217495,0.457871,-0.202138,0.049784,0.062155,0.049461,-0.246724,0.136058,-2.533474,-0.498577,2.635303,-1.705717,-2.180365,0.759005,0.909454,0.021950,-0.000362,-0.042101,-0.000262,0.047767,0.004713,0.000505
13.865010,0.948657,0.741474,-0.632275,-0.491918,0.513686,0.025867,0.216641,0.462893,-0.201380,0.051468,0.063190,0.051691,-0.245190,0.135850,-2.533453,-0.498571,2.635265,-1.705720,-2.180319,0.759009,0.909453,0.021448,0.001914,-0.041050,-0.001176,0.048809,0.003742,0.000479
13.866097,0.953118,0.743695,-0.635810,-0.491708,0.519062,0.027661,0.216020,0.467507,-0.201545,0.053007,0.063606,0.053861,-0.243517,0.135644,-2.533431,-0.498571,2.635217,-1.705717,-2.180275,0.759014,0.909455,0.021893,0.001253,-0.043000,0.000388,0.047954,0.004366,0.000856
13.867011,0.955587,0.746544,-0.638179,-0.492553,0.523936,0.029387,0.216026,0.472967,-0.204005,0.055577,0.062741,0.056041,-0.241651,0.135441,-2.533410,-0.498571,2.635175,-1.705719,-2.180226,0.759023,0.909455,0.021687,0.001035,-0.042964,-0.000348,0.048077,0.005646,0.000643
13.868111,0.960068,0.747855,-0.638039,-0.493122,0.528821,0.032511,0.215091,0.478957,-0.206311,0.058448,0.061685,0.058190,-0.239781,0.135226,-2.533388,-0.498571,2.635131,-1.705719,-2.180178,0.759029,0.909452,0.022105,0.000346,-0.043150,0.000045,0.047755,0.006499,-0.000582
13.869006,0.962487,0.749592,-0.640607,-0.493159,0.532661,0.034971,0.214768,0.485488,-0.207355,0.061427,0.061057,0.060273,-0.237989,0.134999,-2.533365,-0.498571,2.635082,-1.705720,-2.180127,0.759035,0.909451,0.021896,0.000582,-0.044931,0.000072,0.048415,0.006486,-0.000160
13.869962,0.963768,0.750146,-0.643865,-0.494358,0.537413,0.039010,0.214252,0.493859,-0.207992,0.065673,0.060795,0.062265,-0.236217,0.134777,-2.533342,-0.498570,2.635039,-1.705721,-2.180081,0.759042,0.909451,0.022292,0.000428,-0.044967,-0.000317,0.049036,0.006552,-0.000717
13.871170,0.967306,0.752036,-0.648015,-0.496816,0.543675,0.041942,0.213333,0.502264,-0.208759,0.070042,0.060420,0.064299,-0.234416,0.134572,-2.533315,-0.498568,2.634995,-1.705723,-2.180031,0.759044,0.909451,0.023339,0.000900,-0.044783,0.000457,0.049035,0.005233,-0.000954
13.871990,0.973953,0.754191,-0.650714,-0.496397,0.549250,0.044546,0.211857,0.506764,-0.210781,0.072012,0.058337,0.066726,-0.232513,0.134407,-2.533291,-0.498565,2.634952,-1.705718,-2.179982,0.759051,0.909452,0.023797,0.000899,-0.044692,0.002188,0.048923,0.005742,-0.000722
13.872965,0.974605,0.756254,-0.652375,-0.494778,0.553139,0.047565,0.211983,0.507661,-0.214439,0.071846,0.054159,0.069618,-0.230505,0.134298,-2.533271,-0.498566,2.634904,-1.705719,-2.179936,0.759057,0.909457,0.021941,0.000493,-0.044475,0.001367,0.047386,0.005452,0.001131
13.873970,0.978048,0.753170,-0.654291,-0.495538,0.556539,0.049502,0.212051,0.508063,-0.217112,0.071065,0.050316,0.072603,-0.228539,0.134223,-2.533244,-0.498566,2.634855,-1.705725,-2.179884,0.759065,0.909453,0.023365,0.000243,-0.045082,-0.000618,0.048372,0.005181,-0.000439
13.875034,0.982745,0.756514,-0.653790,-0.496258,0.562950,0.052579,0.210541,0.508879,-0.218487,0.070162,0.047918,0.075468,-0.226610,0.134149,-2.533219,-0.498559,2.634807,-1.705726,-2.179830,0.759071,0.909449,0.023429,0.002548,-0.045628,-0.000325,0.049955,0.006101,-0.001895
13.876087,0.982848,0.759079,-0.658615,-0.494834,0.567391,0.055162,0.210220,0.511733,-0.222085,0.071073,0.045590,0.078257,-0.224529,0.134086,-2.533197,-0.498558,2.634757,-1.705725,-2.179784,0.759078,0.909453,0.023041,0.001689,-0.047498,-0.000173,0.048919,0.006023,-0.000280
13.877035,0.986053,0.763934,-0.662551,-0.496346,0.573060,0.058491,0.208778,0.516834,-0.226762,0.073781,0.043766,0.080915,-0.222371,0.134064,-2.533169,-0.498559,2.634714,-1.705730,-2.179732,0.759084,0.909451,0.024892,0.001276,-0.046717,-0.002023,0.049769,0.006431,-0.001056
13.878097,0.989899,0.764781,-0.662497,-0.496971,0.577292,0.060406,0.208125,0.519341,-0.226915,0.073686,0.044225,0.083444,-0.220450,0.134090,-2.533146,-0.498560,2.634668,-1.705728,-2.179686,0.759090,0.909452,0.024973,-0.000378,-0.046166,-0.001000,0.048834,0.005776,0.000582
13.879082,0.993794,0.761702,-0.664812,-0.496674,0.584347,0.062968,0.208051,0.517731,-0.221065,0.069398,0.047007,0.085902,-0.218853,0.134149,-2.533122,-0.498561,2.634618,-1.705727,-2.179633,0.759098,0.909454,0.024990,0.000083,-0.047817,-0.000956,0.049925,0.006879,0.000448
13.880127,0.996730,0.765817,-0.664383,-0.496756,0.586881,0.065628,0.207411,0.516039,-0.214243,0.064803,0.050207,0.088300,-0.217298,0.134203,-2.533098,-0.498553,2.634568,-1.705730,-2.179587,0.759107,0.909452,0.024822,0.002343,-0.048088,-0.001675,0.047800,0.007080,-0.000717
13.881008,1.000270,0.766597,-0.669772,-0.497245,0.592769,0.068654,0.206557,0.517586,-0.210645,0.063082,0.052608,0.090582,-0.215548,0.134219,-2.533070,-0.498554,2.634517,-1.705733,-2.179530,0.759114,0.909453,0.025218,0.001105,-0.049872,-0.002062,0.050498,0.007378,-0.000823
13.882079,1.002555,0.766531,-0.670902,-0.497315,0.598202,0.071329,0.205718,0.527948,-0.207433,0.065265,0.057446,0.094660,-0.211813,0.134106,-2.533016,-0.498547,2.634422,-1.705735,-2.179433,0.759123,0.909454,0.025740,0.002273,-0.049503,-0.002432,0.048910,0.007221,-0.000038
13.883088,1.005503,0.771280,-0.671114,-0.498655,0.601630,0.073613,0.205429,0.527948,-0.207433,0.065265,0.057446,0.094660,-0.211813,0.134106,-2.533016,-0.498547,2.634422,-1.705735,-2.179433,0.759123,0.909454,0.025740,0.002273,-0.049503,-0.002432,0.048910,0.007221,-0.000038
13.884018,1.007352,0.767869,-0.674414,-0.497473,0.605530,0.077232,0.204397,0.533624,-0.206884,0.066767,0.059484,0.096666,-0.209912,0.134001,-2.532989,-0.498549,2.634369,-1.705734,-2.179380,0.759132,0.909451,0.026060,0.000717,-0.050860,-0.001614,0.050516,0.007782,-0.000802
13.885029,1.009765,0.770849,-0.675673,-0.497783,0.610273,0.079895,0.204031,0.539489,-0.206921,0.068528,0.061239,0.098658,-0.207990,0.133890,-2.532963,-0.498543,2.634321,-1.705740,-2.179327,0.759137,0.909450,0.026775,0.003132,-0.050539,-0.003139,0.051200,0.006786,0.000041
13.885978,1.010581,0.771336,-0.679392,-0.496978,0.614983,0.083592,0.203644,0.544733,-0.208294,0.070157,0.062512,0.100659,-0.205980,0.133801,-2.532935,-0.498543,2.634270,-1.705741,-2.179276,0.759143,0.909448,0.027348,0.002436,-0.051410,-0.003307,0.051492,0.006999,-0.000581
13.887029,1.017816,0.775128,-0.683918,-0.499745,0.620565,0.087391,0.203105,0.547683,-0.209915,0.070265,0.063706,0.102699,-0.203934,0.133744,-2.532905,-0.498540,2.634222,-1.705747,-2.179223,0.759147,0.909448,0.028578,0.002934,-0.050922,-0.004460,0.051469,0.005989,-0.001072
13.888103,1.020322,0.775877,-0.687278,-0.500425,0.625877,0.090758,0.202032,0.547384,-0.210009,0.067841,0.065200,0.104839,-0.201960,0.133720,-2.532882,-0.498540,2.634172,-1.705743,-2.179172,0.759154,0.909448,0.026860,0.001879,-0.050242,-0.002281,0.051156,0.005163,-0.001390
13.888995,1.021617,0.774797,-0.688700,-0.501895,0.628260,0.093951,0.201533,0.544886,-0.208839,0.063693,0.066420,0.107190,-0.200061,0.133723,-2.532854,-0.498537,2.634123,-1.705745,-2.179122,0.759160,0.909452,0.027540,0.002345,-0.050197,-0.002111,0.051260,0.004852,-0.000680
13.889984,1.026299,0.777273,-0.688698,-0.502124,0.631532,0.095782,0.200685,0.540554,-0.208733,0.058538,0.065990,0.109907,-0.198099,0.133748,-2.532824,-0.498531,2.634070,-1.705744,-2.179067,0.759165,0.909451,0.028405,0.003548,-0.050710,-0.001107,0.053246,0.004186,-0.000877
13.891176,1.030300,0.780056,-0.691759,-0.502939,0.638511,0.100021,0.199890,0.535801,-0.211791,0.053803,0.063279,0.112968,-0.195935,0.133784,-2.532797,-0.498531,2.634014,-1.705745,-2.179010,0.759172,0.909453,0.027806,0.003097,-0.052100,-0.001367,0.054839,0.005165,-0.000499
13.892050,1.032827,0.782361,-0.695091,-0.502033,0.641301,0.102066,0.199949,0.533801,-0.216683,0.051480,0.059681,0.116103,-0.193659,0.133808,-2.532767,-0.498530,2.633962,-1.705746,-2.178958,0.759175,0.909455,0.027947,0.002651,-0.052403,-0.001142,0.053873,0.004308,-0.000511
13.893020,1.036835,0.779546,-0.699666,-0.503577,0.645528,0.105255,0.197736,0.534515,-0.219837,0.050790,0.057152,0.119125,-0.191492,0.133803,-2.532739,-0.498527,2.633913,-1.705750,-2.178898,0.759182,0.909451,0.028179,0.002165,-0.051947,-0.002409,0.055314,0.004747,-0.001790
13.894074,1.037952,0.781540,-0.697310,-0.503444,0.649111,0.108908,0.198337,0.535756,-0.220677,0.050012,0.055825,0.122085,-0.189485,0.133773,-2.532711,-0.498517,2.633863,-1.705750,-2.178839,0.759186,0.909458,0.027865,0.004268,-0.051069,-0.001324,0.055825,0.004303,0.001361
13.895072,1.043947,0.786013,-0.703098,-0.504554,0.653504,0.110348,0.197141,0.537244,-0.222636,0.049673,0.054054,0.125096,-0.187445,0.133728,-2.532679,-0.498513,2.633804,-1.705752,-2.178778,0.759190,0.909450,0.029147,0.004059,-0.053752,-0.001946,0.057447,0.003654,-0.001272
13.895997,1.045431,0.786835,-0.705637,-0.503535,0.658542,0.113840,0.196638,0.539909,-0.225320,0.050420,0.052159,0.128037,-0.185399,0.133655,-2.532654,-0.498513,2.633755,-1.705755,-2.178721,0.759196,0.909450,0.027917,0.002608,-0.052300,-0.001262,0.057952,0.005057,-0.000171
13.897002,1.051563,0.786145,-0.708869,-0.505445,0.664597,0.117060,0.195344,0.542901,-0.224502,0.050757,0.052068,0.130729,-0.183616,0.133553,-2.532624,-0.498508,2.633703,-1.705760,-2.178664,0.759199,0.909452,0.028778,0.002914,-0.052334,-0.002647,0.057424,0.004179,-0.000422
13.897982,1.055231,0.789349,-0.710630,-0.505569,0.669740,0.119549,0.195742,0.545462,-0.220685,0.050183,0.053397,0.133230,-0.182070,0.133433,-2.532599,-0.498501,2.633650,-1.705759,-2.178608,0.759202,0.909454,0.027501,0.003991,-0.052167,-0.001241,0.056333,0.003828,0.000835
13.898954,1.057298,0.790640,-0.712824,-0.506215,0.675561,0.121578,0.194629,0.549169,-0.216972,0.050408,0.054691,0.135638,-0.180571,0.133289,-2.532573,-0.498501,2.633596,-1.705762,-2.178552,0.759208,0.909452,0.027412,0.003156,-0.052675,-0.001565,0.056026,0.004123,-0.001292
13.900096,1.060496,0.791389,-0.715376,-0.506238,0.681494,0.125236,0.194299,0.554323,-0.213097,0.051550,0.055959,0.137967,-0.179128,0.133109,-2.532543,-0.498497,2.633544,-1.705762,-2.178497,0.759213,0.909453,0.028061,0.003265,-0.052968,-0.001390,0.054992,0.004859,-0.000333
13.900979,1.059196,0.791062,-0.715993,-0.506775,0.684514,0.126420,0.193991,0.559242,-0.208452,0.052284,0.057258,0.140298,-0.177764,0.132899,-2.532513,-0.498492,2.633490,-1.705765,-2.178442,0.759217,0.909451,0.028502,0.003753,-0.053412,-0.001877,0.054797,0.004442,-0.001207
13.901969,1.064537,0.793053,-0.715741,-0.507291,0.688433,0.129907,0.192441,0.561908,-0.204319,0.051465,0.057740,0.142797,-0.176385,0.132666,-2.532479,-0.498486,2.633434,-1.705767,-2.178378,0.759223,0.909448,0.030605,0.004568,-0.054259,-0.001756,0.056012,0.005772,-0.001753
13.903086,1.070557,0.794244,-0.717877,-0.508630,0.693090,0.131302,0.192082,0.562435,-0.201848,0.049473,0.056963,0.145501,-0.174908,0.132419,-2.532451,-0.498483,2.633375,-1.705769,-2.178318,0.759226,0.909451,0.029644,0.004322,-0.055736,-0.001683,0.056937,0.005087,0.000037
13.904097,1.070897,0.794487,-0.722084,-0.507490,0.696888,0.135563,0.191096,0.565309,-0.201605,0.049660,0.055428,0.148217,-0.173311,0.132167,-2.532425,-0.498478,2.633320,-1.705770,-2.178260,0.759234,0.909452,0.028671,0.004575,-0.056311,-0.000880,0.057846,0.006878,-0.000759
13.905020,1.072905,0.800391,-0.726831,-0.508868,0.702069,0.138774,0.190879,0.571850,-0.203103,0.052819,0.053735,0.150866,-0.171641,0.131913,-2.532393,-0.498471,2.633263,-1.705777,-2.178198,0.759237,0.909452,0.030254,0.005192,-0.055606,-0.002386,0.058988,0.005466,-0.000120
13.906057,1.080124,0.802026,-0.728391,-0.508816,0.706223,0.142056,0.190071,0.576219,-0.202696,0.053994,0.052774,0.153602,-0.170086,0.131666,-2.532361,-0.498471,2.633209,-1.705778,-2.178139,0.759240,0.909450,0.031037,0.003060,-0.054747,-0.001481,0.058900,0.005187,-0.001046
13.907034,1.084020,0.800888,-0.732725,-0.507284,0.711607,0.145779,0.189999,0.576180,-0.196642,0.050838,0.053898,0.156389,-0.168844,0.131426,-2.532333,-0.498468,2.633151,-1.705780,-2.178073,0.759244,0.909451,0.029657,0.003225,-0.055837,-0.002128,0.060848,0.005343,-0.001004
13.907987,1.087460,0.800943,-0.735683,-0.508722,0.717350,0.149119,0.188786,0.576198,-0.186238,0.046764,0.057636,0.158956,-0.167824,0.131178,-2.532304,-0.498460,2.633098,-1.705788,-2.178012,0.759249,0.909448,0.029801,0.004646,-0.055416,-0.004091,0.061184,0.004840,-0.002349
13.909031,1.092568,0.802554,-0.741395,-0.510276,0.722063,0.152415,0.187782,0.578104,-0.175636,0.043875,0.062679,0.161297,-0.166769,0.130922,-2.532273,-0.498453,2.633041,-1.705787,-2.177951,0.759253,0.909451,0.030084,0.005443,-0.055607,-0.003218,0.061022,0.004658,-0.001360
13.909951,1.095196,0.804198,-0.739745,-0.512268,0.726994,0.155289,0.188014,0.580103,-0.167859,0.041533,0.066764,0.163697,-0.165521,0.130670,-2.532242,-0.498447,2.632987,-1.705788,-2.177887,0.759259,0.909452,0.029755,0.005571,-0.054670,-0.002264,0.062481,0.004810,-0.000955
13.911025,1.100587,0.807578,-0.744968,-0.512201,0.732832,0.158434,0.186098,0.581807,-0.164299,0.039832,0.068360,0.166323,-0.164019,0.130422,-2.532211,-0.498442,2.632926,-1.705789,-2.177820,0.759264,0.909447,0.030365,0.005572,-0.057055,-0.000824,0.062847,0.004974,-0.002820
13.912102,1.100676,0.806800,-0.750753,-0.510135,0.737157,0.161795,0.186192,0.584299,-0.164236,0.039462,0.067642,0.169099,-0.162311,0.130172,-2.532182,-0.498441,2.632873,-1.705792,-2.177756,0.759271,0.909451,0.029980,0.004894,-0.056414,-0.001475,0.063353,0.005374,-0.000602
13.912999,1.107794,0.813894,-0.751068,-0.511831,0.742706,0.164818,0.183712,0.585490,-0.164300,0.038163,0.066422,0.171883,-0.160597,0.129934,-2.532144,-0.498431,2.632818,-1.705802,-2.177687,0.759276,0.909445,0.032196,0.006212,-0.055512,-0.003973,0.065345,0.005567,-0.002442
13.914063,1.108779,0.811780,-0.754592,-0.512530,0.747846,0.167261,0.183787,0.583376,-0.160824,0.033673,0.066725,0.174531,-0.159089,0.129722,-2.532118,-0.498434,2.632758,-1.705802,-2.177621,0.759281,0.909455,0.030519,0.003526,-0.056863,-0.002785,0.064947,0.005508,0.001165
13.915088,1.114325,0.813418,-0.759503,-0.510984,0.753488,0.171531,0.182140,0.579875,-0.153695,0.027449,0.068635,0.177021,-0.157810,0.129549,-2.532083,-0.498424,2.632701,-1.705805,-2.177552,0.759289,0.909449,0.032285,0.005532,-0.057022,-0.002669,0.066049,0.006576,-0.000636
13.916055,1.115445,0.811884,-0.760868,-0.514255,0.759006,0.174033,0.182626,0.575496,-0.145715,0.020505,0.070839,0.179503,-0.156604,0.129412,-2.532052,-0.498419,2.632647,-1.705813,-2.177486,0.759290,0.909452,0.031672,0.005616,-0.056435,-0.004676,0.066399,0.005696,0.001119
13.917006,1.118983,0.821081,-0.762659,-0.514463,0.763356,0.176263,0.180840,0.569544,-0.140114,0.013025,0.071748,0.182182,-0.155275,0.129300,-2.532016,-0.498407,2.632586,-1.705813,-2.177419,0.759300,0.909446,0.033106,0.007190,-0.057418,-0.001950,0.066494,0.006374,-0.001344
13.918109,1.122992,0.820871,-0.767533,-0.516540,0.769464,0.180813,0.180336,0.561679,-0.136910,0.004869,0.070672,0.185212,-0.153827,0.129209,-2.531984,-0.498410,2.632526,-1.705817,-2.177352,0.759306,0.909451,0.033298,0.003489,-0.058133,-0.002254,0.067660,0.007280,0.000806
13.919099,1.127785,0.821298,-0.769268,-0.513445,0.774364,0.183224,0.179775,0.551534,-0.132256,-0.004954,0.068958,0.188524,-0.152478,0.129138,-2.531949,-0.498403,2.632467,-1.705817,-2.177283,0.759310,0.909450,0.033629,0.004615,-0.057700,-0.000831,0.068028,0.006368,0.000111
13.919986,1.129763,0.821006,-0.774372,-0.513325,0.778481,0.186406,0.179125,0.540725,-0.125825,-0.015446,0.067533,0.191928,-0.151214,0.129072,-2.531916,-0.498396,2.632405,-1.705829,-2.177211,0.759319,0.909449,0.033294,0.005263,-0.058532,-0.004293,0.068853,0.007221,-0.000269
13.921022,1.132578,0.825660,-0.774346,-0.514499,0.783707,0.189959,0.178610,0.531054,-0.119135,-0.025195,0.067043,0.195205,-0.149913,0.128996,-2.531881,-0.498386,2.632350,-1.705835,-2.177143,0.759323,0.909448,0.034106,0.006145,-0.057486,-0.004782,0.069821,0.006960,-0.000312
13.922071,1.138120,0.824655,-0.776927,-0.516180,0.788691,0.193573,0.177028,0.521802,-0.111836,-0.034832,0.067774,0.198312,-0.148578,0.128919,-2.531845,-0.498385,2.632288,-1.705838,-2.177071,0.759329,0.909448,0.034838,0.004774,-0.059335,-0.004141,0.070608,0.006828,-0.000866
13.923035,1.141480,0.828501,-0.780048,-0.515649,0.794936,0.196104,0.176684,0.513682,-0.105484,-0.043407,0.068432,0.201350,-0.147111,0.128856,-2.531811,-0.498375,2.632226,-1.705840,-2.176996,0.759335,0.909452,0.034260,0.006200,-0.059860,-0.003056,0.071689,0.006676,0.000707
13.924118,1.147639,0.831886,-0.781610,-0.516402,0.801157,0.199583,0.175623,0.508577,-0.101766,-0.049204,0.068176,0.204327,-0.145430,0.128799,-2.531776,-0.498371,2.632164,-1.705846,-2.176924,0.759342,0.909450,0.034568,0.005125,-0.059931,-0.004032,0.070983,0.007329,-0.000088
13.925023,1.147512,0.829574,-0.784287,-0.516354,0.804543,0.202451,0.175250,0.507081,-0.098568,-0.052293,0.068206,0.207091,-0.143675,0.128722,-2.531744,-0.498366,2.632099,-1.705850,-2.176852,0.759351,0.909455,0.033780,0.004420,-0.061046,-0.003847,0.071077,0.007399,0.000379
13.926063,1.152204,0.831437,-0.786332,-0.516104,0.811186,0.206538,0.175450,0.508674,-0.095269,-0.053165,0.068878,0.209607,-0.141884,0.128611,-2.531703,-0.498353,2.632036,-1.705857,-2.176776,0.759359,0.909453,0.035636,0.006317,-0.061160,-0.004281,0.072833,0.007500,-0.000258
13.927051,1.157136,0.834162,-0.787445,-0.517169,0.812647,0.209845,0.173965,0.511260,-0.094351,-0.052750,0.068860,0.212052,-0.139903,0.128466,-2.531669,-0.498347,2.631972,-1.705864,-2.176705,0.759366,0.909447,0.035449,0.006298,-0.061939,-0.004989,0.072220,0.006831,-0.002231
13.927985,1.161025,0.834003,-0.788962,-0.517842,0.819067,0.212087,0.173573,0.515411,-0.095905,-0.050574,0.068410,0.214354,-0.137705,0.128280,-2.531633,-0.498343,2.631906,-1.705868,-2.176622,0.759375,0.909452,0.035013,0.005824,-0.063029,-0.004419,0.076401,0.006773,-0.000752
13.929007,1.161471,0.835188,-0.790927,-0.518196,0.822803,0.214462,0.172106,0.523574,-0.099601,-0.044922,0.068019,0.216358,-0.135301,0.128051,-2.531599,-0.498332,2.631842,-1.705874,-2.176549,0.759384,0.909450,0.034983,0.006687,-0.063796,-0.004183,0.075270,0.007601,-0.001401
13.929998,1.166449,0.839586,-0.793098,-0.519206,0.829740,0.216766,0.172077,0.534427,-0.106202,-0.036562,0.066879,0.218208,-0.132667,0.127783,-2.531559,-0.498325,2.631776,-1.705878,-2.176466,0.759396,0.909452,0.036843,0.006990,-0.064535,-0.004359,0.077376,0.008563,-0.000012
13.931015,1.169565,0.838235,-0.795383,-0.519526,0.835819,0.219408,0.169628,0.544799,-0.114110,-0.028097,0.065020,0.220057,-0.129914,0.127486,-2.531524,-0.498321,2.631712,-1.705881,-2.176390,0.759408,0.909447,0.036385,0.005676,-0.065112,-0.003862,0.076083,0.009491,-0.001471
13.932006,1.170719,0.841437,-0.800610,-0.518884,0.840501,0.222173,0.169606,0.554067,-0.121808,-0.020336,0.062890,0.221949,-0.127157,0.127177,-2.531487,-0.498310,2.631643,-1.705886,-2.176316,0.759421,0.909454,0.036915,0.007229,-0.065649,-0.004044,0.075887,0.010157,0.001899
13.932956,1.173609,0.844003,-0.800274,-0.521759,0.846342,0.224779,0.169480,0.560751,-0.128986,-0.014490,0.060546,0.223977,-0.124431,0.126874,-2.531445,-0.498306,2.631578,-1.705893,-2.176234,0.759434,0.909450,0.038311,0.006499,-0.064671,-0.005128,0.076839,0.010621,0.000401
13.934002,1.178870,0.844744,-0.806601,-0.522605,0.852786,0.228576,0.168158,0.562159,-0.134227,-0.012792,0.058195,0.226255,-0.121830,0.126578,-2.531406,-0.498299,2.631509,-1.705891,-2.176159,0.759447,0.909448,0.038754,0.006053,-0.066374,-0.002856,0.076407,0.011106,-0.000786
13.935046,1.181811,0.847046,-0.810171,-0.521985,0.857735,0.232329,0.168186,0.558828,-0.138269,-0.014640,0.055061,0.228883,-0.119336,0.126297,-2.531369,-0.498291,2.631444,-1.705894,-2.176081,0.759458,0.909450,0.038275,0.006607,-0.064979,-0.002587,0.075985,0.010722,0.000281
13.935999,1.187735,0.846718,-0.808428,-0.520367,0.861322,0.235186,0.166891,0.551962,-0.141800,-0.019078,0.051069,0.231816,-0.116917,0.126054,-2.531328,-0.498286,2.631376,-1.705898,-2.176003,0.759471,0.909444,0.038926,0.006389,-0.064958,-0.003764,0.077050,0.010370,-0.001368
13.936946,1.187697,0.846815,-0.809388,-0.523704,0.866118,0.238137,0.166135,0.545103,-0.144034,-0.023883,0.048116,0.234638,-0.114583,0.125850,-2.531293,-0.498276,2.631304,-1.705908,-2.175922,0.759484,0.909445,0.037895,0.007363,-0.067336,-0.005716,0.078857,0.010617,-0.000204
13.938020,1.190839,0.852304,-0.813583,-0.522655,0.872074,0.240557,0.165415,0.542788,-0.147637,-0.025275,0.046036,0.237118,-0.112162,0.125691,-2.531251,-0.498266,2.631234,-1.705906,-2.175840,0.759494,0.909448,0.039793,0.008094,-0.068330,-0.002953,0.079390,0.010764,-0.000159
13.939099,1.196629,0.852884,-0.815572,-0.526635,0.876566,0.244311,0.164614,0.542683,-0.153304,-0.024685,0.043509,0.239482,-0.109632,0.125577,-2.531208,-0.498262,2.631167,-1.705915,-2.175763,0.759510,0.909447,0.040376,0.006318,-0.068067,-0.004482,0.079638,0.011841,-0.000351
13.940096,1.198080,0.855324,-0.818463,-0.524321,0.882503,0.247938,0.163771,0.541898,-0.158474,-0.024675,0.040764,0.241840,-0.107162,0.125496,-2.531169,-0.498255,2.631098,-1.705911,-2.175679,0.759522,0.909449,0.039678,0.007003,-0.068907,-0.001218,0.081335,0.011602,-0.000400
13.940951,1.200906,0.855089,-0.818844,-0.527030,0.887921,0.249306,0.163627,0.541116,-0.163085,-0.024772,0.037867,0.244142,-0.104738,0.125428,-2.531124,-0.498250,2.631029,-1.705920,-2.175596,0.759534,0.909447,0.040921,0.006672,-0.069076,-0.003985,0.081036,0.011225,-0.000222
13.941971,1.202517,0.855762,-0.822816,-0.524954,0.893481,0.253746,0.163141,0.540087,-0.167717,-0.025050,0.034680,0.246388,-0.102303,0.125364,-2.531084,-0.498242,2.630957,-1.705919,-2.175519,0.759549,0.909447,0.041135,0.007525,-0.070136,-0.001755,0.080396,0.012632,-0.001248
13.943066,1.206696,0.859886,-0.826760,-0.525537,0.900459,0.256101,0.161645,0.537885,-0.173134,-0.026027,0.030831,0.248643,-0.099813,0.125305,-2.531040,-0.498234,2.630889,-1.705929,-2.175439,0.759559,0.909443,0.042355,0.008068,-0.069825,-0.004268,0.080680,0.011511,-0.001810
13.944022,1.212796,0.861004,-0.828090,-0.526325,0.904883,0.259676,0.160956,0.533263,-0.177600,-0.029013,0.027300,0.250840,-0.097356,0.125269,-2.530996,-0.498230,2.630818,-1.705935,-2.175361,0.759575,0.909446,0.042455,0.006990,-0.069700,-0.004191,0.080022,0.012736,-0.000479
13.944982,1.216519,0.863807,-0.828634,-0.527120,0.909784,0.263059,0.160175,0.527619,-0.178733,-0.033571,0.025644,0.252786,-0.095087,0.125261,-2.530958,-0.498220,2.630745,-1.705936,-2.175279,0.759585,0.909445,0.041306,0.007246,-0.070523,-0.003937,0.081007,0.012271,-0.000565
13.946004,1.219940,0.866173,-0.829344,-0.529107,0.916739,0.266742,0.159669,0.525395,-0.177819,-0.036268,0.025809,0.254354,-0.092948,0.125264,-2.530915,-0.498213,2.630671,-1.705941,-2.175196,0.759597,0.909447,0.041339,0.006676,-0.071724,-0.003609,0.081519,0.012017,-0.000469
13.946989,1.222096,0.869224,-0.837074,-0.529179,0.921893,0.270100,0.158564,0.528508,-0.176635,-0.035286,0.026917,0.255590,-0.090831,0.125255,-2.530873,-0.498206,2.630596,-1.705939,-2.175116,0.759610,0.909446,0.041665,0.006398,-0.072983,-0.002278,0.080392,0.011661,-0.001017
13.948010,1.226651,0.868149,-0.834141,-0.527813,0.928766,0.272734,0.157719,0.533379,-0.174731,-0.033212,0.028158,0.256748,-0.088764,0.125236,-2.530828,-0.498203,2.630528,-1.705945,-2.175035,0.759622,0.909446,0.042508,0.005775,-0.070697,-0.002691,0.080838,0.011518,-0.000296
13.949033,1.227272,0.871361,-0.836108,-0.528792,0.935950,0.276006,0.157249,0.537294,-0.171300,-0.032221,0.029740,0.257901,-0.086783,0.125218,-2.530787,-0.498193,2.630449,-1.705953,-2.174958,0.759636,0.909445,0.042274,0.007200,-0.073777,-0.004503,0.079828,0.012220,-0.000161
13.950033,1.235838,0.872243,-0.838862,-0.529365,0.941726,0.278276,0.155784,0.542087,-0.167806,-0.030741,0.031748,0.258953,-0.084776,0.125203,-2.530740,-0.498189,2.630373,-1.705956,-2.174883,0.759645,0.909444,0.043953,0.006504,-0.074380,-0.004039,0.078530,0.012292,-0.000783
13.951053,1.236556,0.876052,-0.845734,-0.529772,0.945928,0.281884,0.155148,0.549280,-0.165343,-0.027410,0.033820,0.259914,-0.082673,0.125192,-2.530703,-0.498181,2.630298,-1.705960,-2.174803,0.759659,0.909448,0.041676,0.006936,-0.074556,-0.003991,0.078468,0.013283,0.000628
13.952052,1.239247,0.875891,-0.847011,-0.529307,0.951660,0.284463,0.154349,0.557788,-0.162489,-0.023301,0.036319,0.260817,-0.080561,0.125178,-2.530655,-0.498176,2.630228,-1.705964,-2.174720,0.759669,0.909448,0.043326,0.005945,-0.072769,-0.004111,0.080085,0.013003,0.000328
13.952968,1.242584,0.876543,-0.844979,-0.531024,0.955291,0.286973,0.153990,0.563634,-0.157232,-0.021686,0.039646,0.261757,-0.078542,0.125134,-2.530609,-0.498166,2.630152,-1.705971,-2.174639,0.759685,0.909451,0.043900,0.006879,-0.073700,-0.005024,0.080027,0.013672,0.000398
13.954096,1.247652,0.879491,-0.850468,-0.531693,0.961989,0.292094,0.153320,0.567011,-0.151701,-0.021907,0.042850,0.262796,-0.076488,0.125032,-2.530564,-0.498159,2.630070,-1.705973,-2.174556,0.759702,0.909448,0.043969,0.007343,-0.076005,-0.003799,0.081532,0.014110,-0.000276
13.955080,1.251265,0.881332,-0.854320,-0.532077,0.967425,0.295269,0.152669,0.571540,-0.149044,-0.020584,0.044825,0.263900,-0.074227,0.124868,-2.530521,-0.498152,2.629996,-1.705977,-2.174476,0.759711,0.909446,0.043728,0.006863,-0.075113,-0.003731,0.081352,0.012680,-0.000643
13.956090,1.253886,0.882280,-0.856105,-0.531752,0.972022,0.298617,0.152336,0.576560,-0.147962,-0.018391,0.045928,0.265068,-0.071844,0.124651,-2.530478,-0.498147,2.629919,-1.705982,-2.174391,0.759727,0.909445,0.043858,0.006826,-0.074693,-0.003813,0.081458,0.012705,-0.000833
13.956973,1.257526,0.881606,-0.858691,-0.531946,0.975994,0.300292,0.150593,0.580357,-0.146624,-0.016963,0.046908,0.266291,-0.069458,0.124405,-2.530434,-0.498140,2.629843,-1.705988,-2.174303,0.759739,0.909441,0.044536,0.007248,-0.075377,-0.004620,0.082561,0.012651,-0.001696
13.958112,1.261695,0.881985,-0.860922,-0.534165,0.981326,0.305083,0.151073,0.583260,-0.145662,-0.015976,0.047814,0.267544,-0.067064,0.124157,-2.530390,-0.498128,2.629766,-1.705994,-2.174222,0.759754,0.909448,0.044371,0.008292,-0.075328,-0.004823,0.083508,0.013841,0.000448
13.959064,1.260992,0.888210,-0.866278,-0.532823,0.985954,0.310035,0.149122,0.586437,-0.147748,-0.014050,0.047488,0.268906,-0.064549,0.123916,-2.530344,-0.498117,2.629687,-1.705994,-2.174138,0.759764,0.909441,0.044581,0.009067,-0.076076,-0.003276,0.084742,0.012769,-0.002267
13.959999,1.262604,0.885677,-0.866429,-0.533366,0.990149,0.312415,0.149655,0.587647,-0.151526,-0.013031,0.045950,0.270472,-0.061977,0.123689,-2.530294,-0.498114,2.629613,-1.706003,-2.174047,0.759771,0.909446,0.046720,0.006800,-0.074836,-0.005011,0.085388,0.010945,0.000215
13.961020,1.267129,0.891114,-0.871146,-0.533738,0.995799,0.316605,0.148215,0.582702,-0.152700,-0.016795,0.044709,0.272227,-0.059541,0.123497,-2.530246,-0.498101,2.629535,-1.706009,-2.173955,0.759783,0.909440,0.047648,0.008856,-0.076141,-0.004879,0.086357,0.011627,-0.002295
13.962036,1.274708,0.891810,-0.872418,-0.533638,1.000142,0.319494,0.147416,0.572075,-0.151082,-0.025047,0.044085,0.274112,-0.057237,0.123352,-2.530199,-0.498098,2.629462,-1.706011,-2.173867,0.759793,0.909444,0.047355,0.007042,-0.075401,-0.005063,0.086462,0.010776,-0.000953
13.962957,1.280331,0.891920,-0.873242,-0.534542,1.004657,0.322298,0.146784,0.560870,-0.146795,-0.034151,0.044966,0.275858,-0.055063,0.123247,-2.530158,-0.498089,2.629383,-1.706017,-2.173770,0.759804,0.909443,0.045591,0.007590,-0.076340,-0.005653,0.087758,0.011214,-0.000910
13.964094,1.281001,0.895641,-0.875582,-0.535365,1.010299,0.325008,0.145719,0.556027,-0.141659,-0.038845,0.047800,0.277155,-0.052919,0.123172,-2.530116,-0.498078,2.629303,-1.706021,-2.173682,0.759815,0.909441,0.044574,0.008290,-0.077234,-0.005210,0.088334,0.011414,-0.001041
13.964965,1.285750,0.894460,-0.880858,-0.536406,1.015328,0.328125,0.144740,0.559105,-0.138259,-0.037471,0.051383,0.278051,-0.050658,0.123137,-2.530065,-0.498073,2.629227,-1.706027,-2.173592,0.759829,0.909440,0.046485,0.007439,-0.077947,-0.004933,0.089193,0.012422,-0.000635
13.966022,1.288934,0.896680,-0.881517,-0.537213,1.021547,0.331205,0.143433,0.564861,-0.136456,-0.033762,0.054439,0.278858,-0.048298,0.123166,-2.530020,-0.498062,2.629152,-1.706029,-2.173502,0.759840,0.909442,0.045710,0.008762,-0.076524,-0.004368,0.088915,0.012127,-0.000009
13.967100,1.292377,0.898032,-0.883234,-0.535903,1.026873,0.335596,0.143505,0.570164,-0.137022,-0.029829,0.055819,0.279808,-0.045813,0.123259,-2.529973,-0.498054,2.629069,-1.706031,-2.173416,0.759854,0.909447,0.046199,0.008561,-0.077833,-0.004166,0.088707,0.012495,0.000981
13.968104,1.297302,0.898393,-0.883531,-0.537370,1.032082,0.337542,0.141446,0.575620,-0.139751,-0.025338,0.055951,0.280820,-0.043208,0.123385,-2.529927,-0.498045,2.628990,-1.706040,-2.173324,0.759862,0.909441,0.046601,0.008811,-0.078674,-0.005928,0.089471,0.011640,-0.000809
13.969113,1.300143,0.898394,-0.885442,-0.538102,1.035566,0.341864,0.141302,0.583108,-0.144102,-0.019092,0.055805,0.281707,-0.040499,0.123517,-2.529880,-0.498036,2.628908,-1.706044,-2.173230,0.759876,0.909447,0.046066,0.009490,-0.080012,-0.004948,0.089851,0.012979,0.001798
13.970075,1.302966,0.901908,-0.887402,-0.537356,1.042792,0.343808,0.139862,0.594043,-0.151977,-0.009679,0.054645,0.282506,-0.037574,0.123647,-2.529832,-0.498023,2.628827,-1.706048,-2.173137,0.759885,0.909444,0.046596,0.010310,-0.080563,-0.004737,0.092013,0.011944,0.000526
13.971078,1.307482,0.906770,-0.891378,-0.540125,1.046040,0.346101,0.139822,0.606994,-0.162736,0.001743,0.052459,0.283301,-0.034464,0.123765,-2.529785,-0.498014,2.628745,-1.706055,-2.173050,0.759902,0.909448,0.047010,0.009348,-0.080966,-0.005904,0.090134,0.013129,0.001949
13.971969,1.310425,0.906728,-0.892610,-0.541053,1.049592,0.349879,0.139619,0.619062,-0.171603,0.012095,0.050916,0.284100,-0.031471,0.123857,-2.529738,-0.498008,2.628667,-1.706055,-2.172953,0.759917,0.909445,0.046675,0.007800,-0.080499,-0.003726,0.092472,0.014088,0.000485
13.973030,1.314801,0.910473,-0.893073,-0.540318,1.054076,0.352406,0.138118,0.628788,-0.176732,0.020008,0.050194,0.284997,-0.028726,0.123901,-2.529690,-0.497998,2.628587,-1.706058,-2.172856,0.759927,0.909441,0.046855,0.008583,-0.081126,-0.003271,0.093731,0.013208,-0.000443
13.974018,1.315768,0.907887,-0.896487,-0.541934,1.058984,0.355019,0.137711,0.637476,-0.179340,0.026708,0.050031,0.285944,-0.026127,0.123882,-2.529644,-0.497992,2.628501,-1.706066,-2.172758,0.759944,0.909447,0.046749,0.007647,-0.082479,-0.004481,0.095163,0.014130,0.000944
13.975018,1.318817,0.908099,-0.902646,-0.541551,1.062848,0.358583,0.136457,0.645708,-0.180943,0.032923,0.050201,0.286904,-0.023564,0.123802,-2.529594,-0.497979,2.628419,-1.706067,-2.172662,0.759959,0.909443,0.048143,0.009758,-0.082207,-0.003411,0.095710,0.014719,0.000246
13.976088,1.320078,0.910023,-0.901081,-0.542015,1.070503,0.361959,0.136676,0.650010,-0.184221,0.036700,0.048906,0.288170,-0.020888,0.123684,-2.529546,-0.497967,2.628342,-1.706073,-2.172559,0.759974,0.909446,0.048525,0.010456,-0.080650,-0.004291,0.097328,0.014389,0.001235
13.977043,1.325728,0.915000,-0.906983,-0.542370,1.073717,0.364681,0.135480,0.648057,-0.189739,0.036460,0.045581,0.289863,-0.018062,0.123543,-2.529492,-0.497955,2.628252,-1.706078,-2.172464,0.759990,0.909441,0.049921,0.010376,-0.083021,-0.004341,0.095648,0.014494,-0.000840
13.978065,1.328193,0.912886,-0.908672,-0.543866,1.078905,0.367772,0.135128,0.641408,-0.194403,0.032682,0.042030,0.291739,-0.015274,0.123371,-2.529445,-0.497951,2.628174,-1.706084,-2.172363,0.760006,0.909443,0.048886,0.008741,-0.081447,-0.004421,0.097670,0.014864,0.000115
13.979094,1.332907,0.917827,-0.909489,-0.544881,1.083629,0.371370,0.133992,0.631880,-0.196615,0.026334,0.039214,0.293627,-0.012663,0.123167,-2.529394,-0.497937,2.628089,-1.706084,-2.172265,0.760021,0.909438,0.049601,0.010643,-0.082122,-0.003531,0.098129,0.015087,-0.000733
13.980075,1.337228,0.919266,-0.908703,-0.543738,1.086798,0.374746,0.132829,0.621520,-0.198317,0.019303,0.036334,0.295524,-0.010145,0.122946,-2.529346,-0.497930,2.628006,-1.706086,-2.172165,0.760036,0.909439,0.049215,0.009038,-0.083249,-0.003112,0.099092,0.014828,-0.000015
13.980991,1.339524,0.918002,-0.908632,-0.545397,1.089897,0.376396,0.132665,0.614409,-0.199392,0.014495,0.034288,0.297181,-0.007696,0.122736,-2.529299,-0.497920,2.627919,-1.706093,-2.172056,0.760051,0.909441,0.048930,0.009164,-0.085018,-0.004697,0.101221,0.014630,0.000809
13.981993,1.346793,0.924024,-0.915073,-0.547129,1.093382,0.379074,0.131274,0.613909,-0.200443,0.014422,0.033746,0.298395,-0.005244,0.122554,-2.529249,-0.497909,2.627832,-1.706095,-2.171947,0.760068,0.909440,0.049473,0.010551,-0.086257,-0.003534,0.102987,0.015947,-0.000272
13.983097,1.344236,0.919573,-0.916478,-0.547395,1.095943,0.383172,0.131253,0.626005,-0.206069,0.024493,0.033098,0.300277,-0.000194,0.122274,-2.529144,-0.497887,2.627670,-1.706099,-2.171719,0.760099,0.909440,0.051125,0.011545,-0.085567,-0.002726,0.108367,0.015987,-0.000660
13.984129,1.351608,0.925940,-0.919523,-0.548763,1.098566,0.385507,0.129866,0.626005,-0.206069,0.024493,0.033098,0.300277,-0.000194,0.122274,-2.529144,-0.497887,2.627670,-1.706099,-2.171719,0.760099,0.909440,0.051125,0.011545,-0.085567,-0.002726,0.108367,0.015987,-0.000660
13.984985,1.353591,0.925585,-0.920094,-0.548692,1.100189,0.388724,0.129762,0.630304,-0.210502,0.028699,0.031368,0.301426,0.002422,0.122162,-2.529098,-0.497881,2.627582,-1.706099,-2.171605,0.760117,0.909442,0.049403,0.009233,-0.085521,-0.001985,0.111306,0.017002,0.000562
13.986063,1.355381,0.929481,-0.923346,-0.549734,1.104364,0.391224,0.128626,0.633638,-0.214588,0.032150,0.029645,0.302614,0.005050,0.122056,-2.529046,-0.497870,2.627495,-1.706102,-2.171486,0.760133,0.909440,0.049947,0.010125,-0.086300,-0.002512,0.114049,0.016530,-0.000549
13.986985,1.356367,0.930658,-0.922814,-0.549385,1.108044,0.394171,0.128124,0.636534,-0.216470,0.034768,0.028980,0.303742,0.007591,0.121952,-2.528992,-0.497862,2.627408,-1.706103,-2.171364,0.760152,0.909441,0.051091,0.009104,-0.086275,-0.002091,0.115652,0.017523,0.000094
13.988017,1.359633,0.934907,-0.924057,-0.550181,1.111148,0.397790,0.127283,0.636702,-0.215405,0.034732,0.029276,0.304921,0.009994,0.121853,-2.528938,-0.497853,2.627319,-1.706107,-2.171244,0.760171,0.909440,0.052243,0.009301,-0.087759,-0.002910,0.116760,0.017530,-0.000311
13.989015,1.360455,0.935648,-0.925417,-0.551489,1.113312,0.400054,0.126502,0.634243,-0.210696,0.031967,0.030909,0.306097,0.012214,0.121762,-2.528885,-0.497845,2.627228,-1.706108,-2.171117,0.760188,0.909440,0.052539,0.008066,-0.088581,-0.002710,0.119110,0.017247,-0.000198
13.990005,1.360684,0.936343,-0.925632,-0.552349,1.115686,0.403261,0.126669,0.629944,-0.202818,0.027158,0.033705,0.307221,0.014263,0.121686,-2.528829,-0.497836,2.627136,-1.706108,-2.170989,0.760209,0.909439,0.053946,0.008556,-0.089247,-0.001991,0.122155,0.018194,-0.000152
13.991020,1.363948,0.937238,-0.926424,-0.553468,1.119635,0.406645,0.125117,0.622805,-0.194234,0.020155,0.036073,0.308455,0.016254,0.121627,-2.528770,-0.497825,2.627042,-1.706109,-2.170857,0.760226,0.909436,0.055588,0.009027,-0.090453,-0.001718,0.124903,0.018182,-0.002001
13.991986,1.367011,0.939407,-0.925328,-0.553475,1.120759,0.411051,0.124149,0.613002,-0.188041,0.011777,0.036444,0.309931,0.018349,0.121588,-2.528713,-0.497817,2.626949,-1.706109,-2.170724,0.760243,0.909440,0.055789,0.009458,-0.091442,-0.001208,0.126207,0.018081,-0.000423
13.993012,1.363253,0.941821,-0.926966,-0.554966,1.123615,0.414655,0.123422,0.603871,-0.185361,0.004644,0.035011,0.311520,0.020623,0.121577,-2.528656,-0.497807,2.626851,-1.706111,-2.170587,0.760256,0.909439,0.055969,0.009181,-0.093196,-0.001753,0.130011,0.016800,0.000033
13.994098,1.370368,0.941985,-0.929465,-0.554441,1.125410,0.418790,0.123459,0.595494,-0.184787,-0.001439,0.032597,0.313147,0.023020,0.121599,-2.528589,-0.497797,2.626755,-1.706112,-2.170450,0.760272,0.909440,0.059639,0.008838,-0.093736,-0.000861,0.132442,0.016532,-0.000084
13.995124,1.372113,0.944363,-0.931229,-0.556249,1.128394,0.422681,0.121587,0.585209,-0.184810,-0.008683,0.029545,0.314876,0.025466,0.121640,-2.528533,-0.497785,2.626659,-1.706116,-2.170303,0.760286,0.909438,0.058062,0.009669,-0.094005,-0.001962,0.136248,0.015936,-0.001821
13.996108,1.372786,0.945172,-0.927500,-0.555932,1.131209,0.423988,0.120865,0.574890,-0.185599,-0.015817,0.026304,0.316588,0.027972,0.121679,-2.528474,-0.497779,2.626563,-1.706115,-2.170161,0.760301,0.909443,0.059061,0.009380,-0.094495,-0.000791,0.138492,0.015373,0.000380
13.997038,1.374957,0.950151,-0.930112,-0.556121,1.133257,0.427373,0.121055,0.566967,-0.187711,-0.021030,0.023004,0.318185,0.030577,0.121696,-2.528412,-0.497768,2.626457,-1.706119,-2.170010,0.760324,0.909442,0.060425,0.009793,-0.097532,-0.001630,0.140571,0.017236,0.000306
13.998135,1.376949,0.949728,-0.932515,-0.557353,1.136339,0.429678,0.119996,0.561690,-0.189403,-0.024479,0.020530,0.319563,0.033185,0.121672,-2.528348,-0.497762,2.626360,-1.706121,-2.169864,0.760341,0.909437,0.060882,0.008114,-0.097319,-0.001933,0.143105,0.016827,-0.001485
13.999113,1.382740,0.951909,-0.933811,-0.557595,1.138249,0.431606,0.119621,0.557581,-0.188259,-0.027710,0.019792,0.320671,0.035657,0.121605,-2.528284,-0.497750,2.626261,-1.706122,-2.169712,0.760360,0.909439,0.061856,0.009257,-0.097634,-0.001354,0.145640,0.018082,-0.001025
13.999987,1.381122,0.951398,-0.934723,-0.558364,1.139127,0.434845,0.118399,0.554468,-0.185208,-0.030663,0.020184,0.321567,0.038007,0.121505,-2.528224,-0.497741,2.626162,-1.706125,-2.169554,0.760381,0.909440,0.060646,0.008985,-0.098202,-0.001646,0.148506,0.019285,-0.001777
14.001017,1.384515,0.951163,-0.933976,-0.558345,1.140771,0.437780,0.117888,0.553510,-0.182116,-0.032159,0.021011,0.322258,0.040327,0.121371,-2.528155,-0.497729,2.626064,-1.706125,-2.169397,0.760398,0.909442,0.062846,0.009949,-0.098721,-0.001398,0.151747,0.018849,-0.000656
14.002006,1.384781,0.956406,-0.933624,-0.561266,1.141771,0.439970,0.116550,0.554043,-0.180811,-0.032297,0.021365,0.322837,0.042759,0.121209,-2.528093,-0.497715,2.625958,-1.706129,-2.169233,0.760420,0.909438,0.062942,0.010885,-0.100370,-0.001954,0.155151,0.019221,-0.001205
14.003056,1.385055,0.953817,-0.931374,-0.560456,1.145177,0.442426,0.116125,0.555905,-0.181865,-0.031018,0.020738,0.323375,0.045358,0.121025,-2.528025,-0.497709,2.625852,-1.706126,-2.169065,0.760441,0.909441,0.064471,0.009125,-0.101711,0.000320,0.158909,0.020211,-0.000025
14.004089,1.389156,0.958431,-0.932512,-0.560167,1.147817,0.445731,0.115434,0.558774,-0.184785,-0.028560,0.018953,0.323945,0.048076,0.120812,-2.527955,-0.497694,2.625745,-1.706130,-2.168900,0.760463,0.909438,0.066101,0.011278,-0.104143,-0.001057,0.160658,0.021124,-0.000784
14.004992,1.390780,0.957255,-0.931646,-0.559328,1.151831,0.448340,0.114274,0.563245,-0.189184,-0.024569,0.016610,0.324468,0.050868,0.120555,-2.527889,-0.497687,2.625639,-1.706135,-2.168726,0.760485,0.909436,0.065813,0.009849,-0.104827,-0.001858,0.162998,0.021122,-0.000963
14.005991,1.395155,0.962982,-0.938580,-0.560846,1.154556,0.452869,0.114379,0.571072,-0.193218,-0.018274,0.015510,0.324694,0.053602,0.120255,-2.527820,-0.497672,2.625528,-1.706142,-2.168561,0.760507,0.909439,0.066664,0.011239,-0.106394,-0.003144,0.163781,0.021673,-0.000130
14.006964,1.395172,0.964370,-0.938067,-0.561317,1.158253,0.456370,0.112565,0.580908,-0.194728,-0.011176,0.016549,0.324602,0.056132,0.119929,-2.527752,-0.497667,2.625426,-1.706141,-2.168386,0.760524,0.909433,0.066539,0.009404,-0.104509,-0.002334,0.166823,0.020824,-0.002059
14.008057,1.402524,0.967757,-0.937593,-0.563656,1.162509,0.459073,0.111849,0.588684,-0.191618,-0.006620,0.019690,0.324369,0.058354,0.119605,-2.527679,-0.497658,2.625313,-1.706141,-2.168213,0.760548,0.909437,0.068479,0.009704,-0.106221,-0.002556,0.168680,0.020886,-0.000073
14.009051,1.403442,0.968784,-0.937026,-0.564141,1.165043,0.462484,0.110497,0.594850,-0.184913,-0.003989,0.024081,0.324079,0.060360,0.119310,-2.527615,-0.497649,2.625203,-1.706140,-2.168038,0.760573,0.909436,0.067149,0.009111,-0.108255,-0.001012,0.170872,0.022200,-0.000532
14.010054,1.405368,0.969868,-0.939006,-0.564965,1.169490,0.465095,0.110464,0.603853,-0.178127,0.000693,0.028524,0.323691,0.062376,0.119052,-2.527542,-0.497638,2.625088,-1.706141,-2.167854,0.760594,0.909438,0.068705,0.009583,-0.109982,-0.001233,0.173960,0.022429,0.000476
14.011030,1.411720,0.971393,-0.942758,-0.564293,1.171961,0.467929,0.108689,0.615452,-0.173119,0.007668,0.032093,0.323285,0.064528,0.118826,-2.527468,-0.497628,2.624976,-1.706142,-2.167675,0.760618,0.909434,0.069744,0.010033,-0.110494,-0.001086,0.175233,0.023492,-0.001189
14.012004,1.410789,0.977348,-0.943343,-0.566002,1.174110,0.471608,0.108445,0.627536,-0.169628,0.015308,0.034900,0.322913,0.066786,0.118630,-2.527403,-0.497618,2.624864,-1.706145,-2.167490,0.760644,0.909438,0.068573,0.010230,-0.110048,-0.002400,0.178252,0.024212,0.000708
14.013040,1.413264,0.975840,-0.943423,-0.568319,1.177283,0.475329,0.107863,0.638895,-0.164717,0.022067,0.038432,0.322487,0.068951,0.118465,-2.527326,-0.497614,2.624751,-1.706144,-2.167300,0.760668,0.909436,0.070963,0.008275,-0.111189,-0.001367,0.181506,0.024077,-0.000493
14.014027,1.415036,0.975623,-0.947280,-0.566922,1.178960,0.478617,0.106192,0.647107,-0.157985,0.026219,0.042075,0.322187,0.071004,0.118331,-2.527253,-0.497603,2.624637,-1.706141,-2.167111,0.760692,0.909433,0.071823,0.010083,-0.112734,0.000147,0.184214,0.024156,-0.001089
14.015032,1.415393,0.982892,-0.944340,-0.568992,1.182286,0.481776,0.105627,0.651279,-0.153482,0.028021,0.043631,0.322266,0.073194,0.118241,-2.527177,-0.497591,2.624526,-1.706147,-2.166914,0.760718,0.909437,0.072861,0.011143,-0.112274,-0.001845,0.187980,0.024465,0.000569
14.016016,1.419404,0.984444,-0.942546,-0.569096,1.183832,0.484593,0.104519,0.651652,-0.150809,0.027530,0.043758,0.322630,0.075522,0.118202,-2.527096,-0.497589,2.624406,-1.706145,-2.166720,0.760742,0.909436,0.074618,0.008559,-0.115189,-0.000523,0.190234,0.024979,-0.000039
14.017030,1.420930,0.988772,-0.944681,-0.570688,1.187603,0.488139,0.104310,0.650655,-0.146594,0.025856,0.044497,0.323001,0.077819,0.118196,-2.527022,-0.497580,2.624284,-1.706147,-2.166515,0.760767,0.909437,0.074541,0.008805,-0.117428,-0.001088,0.194029,0.025754,0.000496
14.017957,1.424440,0.990580,-0.944599,-0.570904,1.188898,0.491260,0.103141,0.651262,-0.140353,0.025088,0.046482,0.323220,0.080060,0.118202,-2.526943,-0.497576,2.624166,-1.706147,-2.166310,0.760793,0.909434,0.075770,0.007704,-0.117810,-0.000200,0.195802,0.025901,-0.000831
14.018987,1.423759,0.991414,-0.945361,-0.571135,1.191461,0.494788,0.102738,0.653298,-0.132174,0.025115,0.049615,0.323287,0.082243,0.118218,-2.526866,-0.497568,2.624047,-1.706149,-2.166104,0.760816,0.909435,0.075745,0.007742,-0.119072,-0.000605,0.199412,0.026160,-0.000064
14.019990,1.425923,0.991417,-0.948030,-0.573377,1.194906,0.497812,0.102527,0.655719,-0.122911,0.025337,0.053496,0.323218,0.084431,0.118241,-2.526783,-0.497557,2.623924,-1.706151,-2.165897,0.760843,0.909436,0.078083,0.008354,-0.120149,-0.001047,0.202499,0.026388,-0.001043
14.020955,1.426453,0.999317,-0.946001,-0.572691,1.197325,0.500898,0.100657,0.656060,-0.115347,0.024555,0.056389,0.323217,0.086795,0.118262,-2.526701,-0.497545,2.623803,-1.706148,-2.165689,0.760870,0.909434,0.078888,0.009322,-0.120213,0.000423,0.204481,0.027017,-0.002333
14.022107,1.432027,0.997659,-0.944697,-0.571757,1.201196,0.505912,0.099849,0.652525,-0.109018,0.021370,0.057991,0.323360,0.089295,0.118280,-2.526619,-0.497543,2.623677,-1.706150,-2.165477,0.760899,0.909435,0.080437,0.006387,-0.122489,-0.000917,0.207191,0.027422,-0.000218
14.023089,1.434108,0.997062,-0.944277,-0.575286,1.203900,0.508508,0.098774,0.648779,-0.101069,0.017724,0.060773,0.323227,0.091769,0.118288,-2.526538,-0.497530,2.623547,-1.706156,-2.165260,0.760925,0.909434,0.079974,0.008390,-0.124858,-0.002538,0.209790,0.026617,-0.000593
14.024096,1.434733,1.001715,-0.946664,-0.574940,1.204091,0.513635,0.098126,0.650204,-0.095769,0.018306,0.063876,0.322728,0.094440,0.118277,-2.526457,-0.497518,2.623417,-1.706151,-2.165045,0.760955,0.909433,0.080797,0.009632,-0.126296,0.000215,0.212292,0.027590,-0.000117
14.024981,1.432284,1.003526,-0.947700,-0.576391,1.204215,0.516890,0.096746,0.655875,-0.096827,0.023277,0.064844,0.322243,0.097465,0.118259,-2.526370,-0.497513,2.623291,-1.706153,-2.164815,0.760978,0.909432,0.082354,0.008336,-0.126446,-0.000837,0.217381,0.026124,-0.000550
14.026109,1.435280,1.004109,-0.949113,-0.576771,1.203437,0.521543,0.096480,0.659175,-0.099804,0.027018,0.064444,0.321995,0.100573,0.118244,-2.526278,-0.497503,2.623163,-1.706151,-2.164586,0.761004,0.909436,0.085037,0.008310,-0.126919,-0.000038,0.221598,0.026096,0.000693
14.027067,1.437168,1.003910,-0.947918,-0.577189,1.202751,0.524317,0.095965,0.656006,-0.102072,0.026070,0.063331,0.322071,0.103632,0.118232,-2.526193,-0.497491,2.623033,-1.706153,-2.164342,0.761028,0.909433,0.085753,0.009139,-0.127875,-0.000429,0.228431,0.025579,-0.000720
14.027997,1.440868,1.006253,-0.952680,-0.579424,1.204083,0.526557,0.094189,0.648995,-0.105634,0.022719,0.061298,0.322391,0.106784,0.118215,-2.526103,-0.497480,2.622899,-1.706153,-2.164097,0.761057,0.909430,0.086486,0.010168,-0.129601,-0.000689,0.233826,0.026279,-0.001312
14.029001,1.442960,1.009115,-0.950853,-0.579489,1.204763,0.529287,0.094146,0.641610,-0.111842,0.019696,0.058335,0.322888,0.110112,0.118200,-2.526017,-0.497470,2.622776,-1.706149,-2.163852,0.761085,0.909435,0.086277,0.009898,-0.128352,0.000809,0.236999,0.027412,0.000654
14.029988,1.442959,1.010648,-0.953441,-0.579226,1.205502,0.531034,0.092766,0.634712,-0.119247,0.017271,0.054902,0.323582,0.113514,0.118184,-2.525929,-0.497461,2.622639,-1.706151,-2.163600,0.761115,0.909431,0.087074,0.009479,-0.130521,0.000192,0.241343,0.028314,-0.001000
14.031044,1.446078,1.010821,-0.955845,-0.580856,1.207019,0.534764,0.092906,0.628183,-0.125136,0.014739,0.052327,0.324348,0.116834,0.118154,-2.525836,-0.497451,2.622507,-1.706154,-2.163344,0.761146,0.909434,0.088820,0.009698,-0.130428,-0.000709,0.245441,0.030140,0.000084
14.032092,1.447872,1.011942,-0.956512,-0.581500,1.206551,0.537893,0.091108,0.620373,-0.128964,0.010780,0.050708,0.325171,0.120041,0.118108,-2.525746,-0.497439,2.622376,-1.706152,-2.163089,0.761175,0.909428,0.089211,0.010643,-0.130672,0.000145,0.249293,0.030229,-0.002012
14.032971,1.449023,1.013209,-0.953501,-0.582061,1.207623,0.541203,0.090937,0.610947,-0.132843,0.005595,0.048795,0.326111,0.123257,0.118062,-2.525653,-0.497426,2.622241,-1.706152,-2.162819,0.761205,0.909433,0.090222,0.011092,-0.131717,0.000036,0.254939,0.030912,-0.000194
14.034091,1.453992,1.017828,-0.954796,-0.582939,1.209680,0.544689,0.089359,0.602217,-0.138360,0.001178,0.046165,0.327038,0.126588,0.118033,-2.525558,-0.497413,2.622102,-1.706152,-2.162557,0.761235,0.909428,0.091031,0.011281,-0.134061,-0.000026,0.257807,0.030755,-0.001369
14.035064,1.450585,1.015748,-0.952013,-0.584539,1.212016,0.547873,0.089316,0.597154,-0.144587,-0.000525,0.043761,0.327692,0.129978,0.118013,-2.525468,-0.497404,2.621966,-1.706152,-2.162282,0.761267,0.909433,0.090685,0.010095,-0.134963,0.000058,0.261408,0.031335,-0.000125
14.036059,1.455632,1.018415,-0.953923,-0.583097,1.211373,0.551484,0.087925,0.595809,-0.151420,0.000565,0.041375,0.328070,0.133394,0.117984,-2.525365,-0.497389,2.621823,-1.706151,-2.162013,0.761298,0.909427,0.094004,0.012071,-0.137422,0.000931,0.263671,0.031664,-0.001713
14.037033,1.460090,1.016790,-0.955932,-0.584415,1.213468,0.554917,0.087144,0.596228,-0.160136,0.003375,0.038088,0.328287,0.136889,0.117942,-2.525273,-0.497379,2.621686,-1.706156,-2.161732,0.761328,0.909428,0.093200,0.011706,-0.137644,-0.001105,0.269002,0.031652,-0.000613
14.038046,1.461053,1.021804,-0.958232,-0.583640,1.216964,0.559684,0.087349,0.599550,-0.170526,0.008579,0.034714,0.328171,0.140439,0.117886,-2.525181,-0.497363,2.621549,-1.706155,-2.161452,0.761358,0.909428,0.092677,0.013430,-0.137761,-0.000486,0.271383,0.031741,-0.000732
14.038992,1.462071,1.021751,-0.959434,-0.584810,1.218891,0.563483,0.085903,0.605753,-0.180940,0.015713,0.032194,0.327642,0.143948,0.117816,-2.525084,-0.497354,2.621409,-1.706159,-2.161179,0.761387,0.909425,0.093964,0.011912,-0.137821,-0.001903,0.272747,0.030637,-0.002887
14.040095,1.466986,1.023223,-0.959647,-0.586283,1.219526,0.568821,0.084999,0.610963,-0.188691,0.021456,0.030932,0.326862,0.147287,0.117737,-2.524988,-0.497340,2.621273,-1.706157,-2.160900,0.761418,0.909429,0.095029,0.012836,-0.138285,-0.001433,0.275123,0.030254,-0.001595
14.040976,1.469418,1.026930,-0.963693,-0.588599,1.222410,0.570822,0.083272,0.614333,-0.194531,0.025440,0.030152,0.326012,0.150532,0.117658,-2.524894,-0.497326,2.621130,-1.706157,-2.160609,0.761444,0.909427,0.094608,0.013161,-0.139614,-0.000752,0.279888,0.028942,-0.001685
14.042109,1.473127,1.030708,-0.962357,-0.588943,1.225796,0.575040,0.082843,0.617332,-0.200277,0.029157,0.028740,0.325239,0.153790,0.117571,-2.524798,-0.497317,2.620997,-1.706153,-2.160325,0.761481,0.909432,0.094786,0.012164,-0.138480,0.000866,0.280721,0.030094,0.000262
14.043079,1.473440,1.027953,-0.963342,-0.587661,1.227051,0.578462,0.081304,0.619916,-0.204021,0.032172,0.027157,0.324599,0.156934,0.117463,-2.524704,-0.497306,2.620851,-1.706154,-2.160037,0.761510,0.909427,0.095068,0.011411,-0.140656,0.000389,0.282965,0.029990,-0.000830
14.044077,1.474974,1.032493,-0.961458,-0.588168,1.229034,0.580910,0.080753,0.622799,-0.205410,0.034854,0.026106,0.324016,0.159966,0.117331,-2.524604,-0.497290,2.620707,-1.706158,-2.159741,0.761544,0.909429,0.096518,0.013699,-0.141184,-0.001503,0.286038,0.030054,0.000601
14.044970,1.473898,1.032644,-0.961145,-0.589847,1.228340,0.582875,0.080304,0.626482,-0.205697,0.037758,0.025847,0.323397,0.162994,0.117180,-2.524505,-0.497281,2.620559,-1.706159,-2.159450,0.761582,0.909428,0.097432,0.012402,-0.143213,-0.001645,0.288626,0.031183,-0.000020
14.046079,1.479532,1.034689,-0.961088,-0.590302,1.233204,0.586775,0.078587,0.629826,-0.204873,0.040140,0.026173,0.322785,0.165991,0.117015,-2.524399,-0.497269,2.620413,-1.706158,-2.159146,0.761618,0.909426,0.099286,0.013196,-0.144150,-0.000632,0.292993,0.032395,-0.000646
14.047021,1.479493,1.034976,-0.957697,-0.591229,1.234987,0.589631,0.078828,0.632885,-0.204077,0.042398,0.026190,0.322246,0.168965,0.116846,-2.524302,-0.497256,2.620265,-1.706159,-2.158850,0.761652,0.909432,0.098464,0.013239,-0.145556,-0.000935,0.293449,0.032489,0.000886
14.047982,1.483831,1.038890,-0.960460,-0.592528,1.236538,0.592819,0.077161,0.638322,-0.205499,0.046930,0.025256,0.321705,0.172006,0.116681,-2.524200,-0.497242,2.620111,-1.706159,-2.158547,0.761687,0.909425,0.100012,0.013982,-0.148109,-0.000672,0.295726,0.033011,-0.001218
14.049005,1.484089,1.040979,-0.958117,-0.592537,1.237648,0.595716,0.076875,0.647276,-0.209227,0.054551,0.023500,0.321058,0.175115,0.116526,-2.524101,-0.497228,2.619964,-1.706159,-2.158241,0.761723,0.909428,0.099395,0.012913,-0.147667,-0.000052,0.298318,0.033258,0.000495
14.049992,1.483810,1.042259,-0.961741,-0.591087,1.239608,0.597941,0.074996,0.658461,-0.212730,0.063731,0.021972,0.320204,0.178151,0.116399,-2.523999,-0.497215,2.619808,-1.706162,-2.157934,0.761758,0.909425,0.101012,0.012860,-0.149915,-0.000729,0.301826,0.034045,-0.000704
14.051006,1.482656,1.044520,-0.957826,-0.593176,1.241837,0.600999,0.074151,0.669046,-0.213184,0.071729,0.022055,0.319047,0.180966,0.116306,-2.523892,-0.497200,2.619660,-1.706168,-2.157625,0.761795,0.909430,0.102709,0.013143,-0.149102,-0.002740,0.304162,0.035346,0.001379
14.051990,1.482909,1.046114,-0.959890,-0.593486,1.243646,0.604100,0.073231,0.675375,-0.209893,0.075756,0.023734,0.317698,0.183525,0.116239,-2.523781,-0.497187,2.619502,-1.706166,-2.157316,0.761832,0.909429,0.104883,0.012983,-0.152089,-0.001376,0.306448,0.035918,0.001313
14.053068,1.482546,1.048978,-0.960421,-0.593670,1.243943,0.607791,0.072625,0.675979,-0.204452,0.075200,0.025620,0.316377,0.185924,0.116173,-2.523671,-0.497175,2.619350,-1.706168,-2.157002,0.761868,0.909429,0.106271,0.013131,-0.152006,-0.001737,0.308877,0.036334,0.001468
14.054040,1.482552,1.051179,-0.957254,-0.593940,1.246590,0.610665,0.072918,0.670189,-0.197203,0.069690,0.027337,0.315164,0.188211,0.116085,-2.523559,-0.497164,2.619193,-1.706170,-2.156673,0.761904,0.909426,0.108214,0.012765,-0.152941,-0.002270,0.313400,0.036521,0.000840
14.054986,1.487240,1.049652,-0.958839,-0.595587,1.247457,0.614364,0.071312,0.658744,-0.187407,0.059577,0.029628,0.313978,0.190386,0.115967,-2.523448,-0.497152,2.619032,-1.706174,-2.156357,0.761946,0.909422,0.109680,0.012602,-0.155374,-0.002594,0.314846,0.037098,-0.001412
14.056014,1.489090,1.053603,-0.953443,-0.594923,1.249661,0.617333,0.070563,0.645903,-0.177845,0.048494,0.031891,0.312781,0.192609,0.115825,-2.523341,-0.497135,2.618876,-1.706175,-2.156033,0.761980,0.909424,0.108752,0.014232,-0.155379,-0.001582,0.317851,0.036778,0.000208
14.057022,1.488713,1.052580,-0.959037,-0.594979,1.253901,0.620623,0.069801,0.637648,-0.171895,0.041384,0.033570,0.311469,0.195058,0.115669,-2.523228,-0.497126,2.618708,-1.706180,-2.155711,0.762021,0.909424,0.109448,0.013266,-0.159029,-0.002892,0.320135,0.037478,-0.000075
14.058007,1.492326,1.059813,-0.953210,-0.596310,1.254970,0.624729,0.069167,0.634927,-0.168901,0.038714,0.035381,0.309959,0.197683,0.115502,-2.523114,-0.497106,2.618554,-1.706184,-2.155387,0.762057,0.909422,0.111190,0.014687,-0.157194,-0.003436,0.320190,0.037798,-0.000269
14.058995,1.489824,1.060128,-0.956745,-0.597386,1.257590,0.627927,0.068093,0.634817,-0.166210,0.037787,0.038036,0.308309,0.200317,0.115346,-2.523003,-0.497099,2.618384,-1.706185,-2.155056,0.762094,0.909420,0.110866,0.012037,-0.160938,-0.002771,0.323234,0.037204,-0.000681
14.060081,1.493971,1.062861,-0.955548,-0.599443,1.257739,0.632088,0.066830,0.635661,-0.161712,0.036999,0.041855,0.306563,0.202845,0.115227,-2.522883,-0.497082,2.618224,-1.706186,-2.154732,0.762133,0.909420,0.113559,0.012820,-0.160016,-0.002376,0.324768,0.037539,-0.000221
14.060989,1.493706,1.064805,-0.952831,-0.598305,1.260548,0.634572,0.066831,0.635015,-0.155959,0.034742,0.045760,0.304900,0.205292,0.115171,-2.522770,-0.497071,2.618056,-1.706185,-2.154393,0.762173,0.909423,0.113226,0.012511,-0.161717,-0.001110,0.329400,0.037257,0.000436
14.061964,1.492370,1.063814,-0.951239,-0.598526,1.263685,0.637363,0.065029,0.633767,-0.150368,0.031930,0.049288,0.303303,0.207733,0.115172,-2.522651,-0.497056,2.617890,-1.706190,-2.154056,0.762215,0.909419,0.114564,0.012370,-0.163667,-0.002809,0.329992,0.037976,-0.001124
14.062958,1.493547,1.068942,-0.951442,-0.599860,1.263501,0.639345,0.064831,0.633639,-0.145639,0.029932,0.052829,0.301655,0.210206,0.115212,-2.522531,-0.497038,2.617723,-1.706193,-2.153723,0.762256,0.909424,0.116611,0.013758,-0.165233,-0.003193,0.330834,0.038647,0.000822
14.063974,1.496854,1.068708,-0.948491,-0.600206,1.265014,0.642407,0.063150,0.632813,-0.141882,0.027505,0.056063,0.300082,0.212695,0.115283,-2.522411,-0.497028,2.617556,-1.706194,-2.153378,0.762300,0.909420,0.117438,0.012144,-0.165955,-0.002520,0.335062,0.040186,-0.000499
14.064964,1.494451,1.073424,-0.945656,-0.601731,1.266328,0.645846,0.063045,0.632141,-0.138441,0.025153,0.059283,0.298572,0.215121,0.115373,-2.522293,-0.497014,2.617380,-1.706195,-2.153032,0.762342,0.909423,0.117277,0.013255,-0.168236,-0.002880,0.337699,0.040724,0.001139
14.066071,1.495373,1.073349,-0.941541,-0.602287,1.267237,0.649105,0.061566,0.633842,-0.135616,0.024590,0.062593,0.297071,0.217491,0.115472,-2.522171,-0.497003,2.617208,-1.706196,-2.152688,0.762384,0.909419,0.119899,0.011844,-0.170398,-0.002037,0.340364,0.040793,-0.000363
14.067064,1.496754,1.073485,-0.945752,-0.604014,1.267345,0.653559,0.060899,0.637555,-0.134086,0.025850,0.065363,0.295680,0.219877,0.115578,-2.522045,-0.496986,2.617028,-1.706199,-2.152334,0.762425,0.909424,0.121103,0.012930,-0.173465,-0.002207,0.344222,0.041495,0.000705
14.067984,1.497455,1.076783,-0.942195,-0.603190,1.266927,0.656986,0.060514,0.642031,-0.135533,0.028479,0.066464,0.294563,0.222403,0.115674,-2.521922,-0.496970,2.616859,-1.706198,-2.151984,0.762467,0.909424,0.121791,0.013778,-0.172119,-0.001191,0.348072,0.040553,0.000323
14.069014,1.502015,1.078920,-0.947118,-0.605747,1.264817,0.659984,0.059667,0.646068,-0.139793,0.031558,0.065925,0.293770,0.225078,0.115738,-2.521796,-0.496959,2.616680,-1.706203,-2.151621,0.762507,0.909420,0.122589,0.012998,-0.174400,-0.002575,0.351759,0.040387,-0.000473
14.069998,1.501991,1.079079,-0.947719,-0.606015,1.263459,0.663366,0.059152,0.649859,-0.143764,0.034526,0.065454,0.293159,0.227728,0.115751,-2.521675,-0.496947,2.616508,-1.706200,-2.151254,0.762550,0.909420,0.121797,0.012943,-0.172767,-0.000797,0.357944,0.041053,-0.000535
14.070983,1.502677,1.080467,-0.944420,-0.607322,1.264388,0.666969,0.057766,0.653052,-0.146358,0.036876,0.065422,0.292723,0.230283,0.115717,-2.521549,-0.496932,2.616335,-1.706203,-2.150878,0.762593,0.909418,0.123161,0.013786,-0.173225,-0.001179,0.362919,0.041147,-0.001190
14.072011,1.502676,1.082759,-0.943381,-0.609371,1.262802,0.669224,0.057175,0.654999,-0.149043,0.038519,0.064855,0.292572,0.232856,0.115645,-2.521424,-0.496919,2.616155,-1.706202,-2.150504,0.762635,0.909421,0.124152,0.014020,-0.175539,-0.000581,0.365610,0.041034,-0.000100
14.073097,1.504533,1.084206,-0.945420,-0.609461,1.261045,0.672853,0.056430,0.656705,-0.153281,0.040650,0.062928,0.292769,0.235581,0.115538,-2.521292,-0.496906,2.615977,-1.706198,-2.150120,0.762678,0.909420,0.125535,0.013857,-0.176840,0.000659,0.371093,0.042445,-0.000694
14.074109,1.504601,1.086828,-0.944871,-0.611575,1.260093,0.675542,0.056316,0.658007,-0.158475,0.043101,0.059751,0.293304,0.238457,0.115387,-2.521165,-0.496893,2.615798,-1.706198,-2.149727,0.762721,0.909419,0.126209,0.014194,-0.176752,-0.000039,0.377069,0.042671,-0.001054
14.074993,1.506153,1.088306,-0.940104,-0.610261,1.256139,0.677086,0.055079,0.657653,-0.162908,0.044552,0.056072,0.294096,0.241406,0.115196,-2.521035,-0.496879,2.615618,-1.706195,-2.149331,0.762766,0.909414,0.127531,0.013830,-0.177751,0.001285,0.381636,0.043557,-0.002551
14.076074,1.511927,1.089462,-0.939548,-0.613772,1.255969,0.680760,0.054123,0.657162,-0.165575,0.045802,0.052899,0.294936,0.244374,0.114980,-2.520909,-0.496864,2.615434,-1.706198,-2.148935,0.762814,0.909416,0.127788,0.013900,-0.180464,-0.000597,0.388281,0.045096,-0.001577
14.076998,1.511314,1.091142,-0.938702,-0.612944,1.254911,0.683499,0.053262,0.662049,-0.167748,0.050994,0.050843,0.295539,0.247412,0.114762,-2.520782,-0.496849,2.615247,-1.706193,-2.148529,0.762862,0.909416,0.126475,0.014349,-0.181563,0.002056,0.392467,0.045225,-0.001525
14.078024,1.508919,1.089805,-0.941344,-0.615496,1.255154,0.687472,0.050873,0.674844,-0.171406,0.062296,0.049277,0.295868,0.250579,0.114549,-2.520649,-0.496832,2.615060,-1.706197,-2.148122,0.762912,0.909415,0.127874,0.014334,-0.182376,0.000624,0.396397,0.045704,-0.001384
14.079065,1.511627,1.096952,-0.941354,-0.614748,1.251454,0.691010,0.050113,0.689512,-0.176901,0.075451,0.046773,0.296267,0.253837,0.114353,-2.520515,-0.496813,2.614881,-1.706192,-2.147716,0.762956,0.909421,0.130428,0.015932,-0.181820,0.002360,0.399775,0.045358,0.001641
14.080084,1.513203,1.095439,-0.939350,-0.616920,1.250142,0.694780,0.050255,0.699209,-0.181899,0.085036,0.043280,0.296954,0.257013,0.114171,-2.520382,-0.496805,2.614698,-1.706192,-2.147289,0.763004,0.909421,0.130457,0.013384,-0.182593,0.000845,0.407050,0.045487,0.001348
14.081076,1.512328,1.096773,-0.940388,-0.616393,1.248223,0.698057,0.049417,0.704881,-0.183746,0.091072,0.040504,0.297689,0.259947,0.113974,-2.520249,-0.496787,2.614513,-1.706188,-2.146868,0.763051,0.909418,0.131015,0.015093,-0.184286,0.002214,0.411771,0.045306,-0.000688
14.082119,1.511605,1.100385,-0.937587,-0.616550,1.245963,0.701685,0.048344,0.708920,-0.184229,0.095572,0.038187,0.298389,0.262756,0.113749,-2.520114,-0.496772,2.614326,-1.706189,-2.146434,0.763097,0.909416,0.132699,0.015332,-0.184336,0.000994,0.416792,0.045527,-0.000685
14.083008,1.510436,1.102906,-0.936449,-0.617663,1.244194,0.704906,0.047303,0.710154,-0.183609,0.097695,0.036226,0.299093,0.265490,0.113510,-2.519975,-0.496758,2.614133,-1.706189,-2.146004,0.763145,0.909415,0.134396,0.014515,-0.186406,0.000414,0.422591,0.045574,-0.000319
14.083968,1.510169,1.098127,-0.931780,-0.619198,1.241895,0.707356,0.047170,0.707619,-0.179379,0.096235,0.035746,0.299732,0.268054,0.113262,-2.519838,-0.496744,2.613947,-1.706187,-2.145565,0.763191,0.909416,0.135904,0.014083,-0.187265,0.000863,0.426607,0.045448,0.000239
14.084971,1.509687,1.101485,-0.932828,-0.618287,1.236668,0.710321,0.045928,0.702504,-0.175073,0.092890,0.034903,0.300489,0.270666,0.113002,-2.519697,-0.496721,2.613748,-1.706183,-2.145120,0.763241,0.909413,0.137109,0.017298,-0.189966,0.001625,0.431672,0.046361,-0.001147
14.086078,1.511044,1.103704,-0.932111,-0.619569,1.235096,0.712598,0.045818,0.696695,-0.175520,0.090044,0.031730,0.301498,0.273606,0.112734,-2.519556,-0.496707,2.613559,-1.706188,-2.144666,0.763290,0.909415,0.138551,0.016530,-0.190001,0.000080,0.439914,0.046909,-0.000370
14.087087,1.510303,1.104881,-0.933235,-0.619300,1.232930,0.716283,0.044468,0.690193,-0.178187,0.087067,0.027809,0.302602,0.276729,0.112463,-2.519413,-0.496692,2.613363,-1.706184,-2.144204,0.763343,0.909410,0.139344,0.016476,-0.191176,0.000510,0.445140,0.048533,-0.002049
14.088091,1.512201,1.106897,-0.931175,-0.622147,1.227680,0.717355,0.043404,0.681868,-0.179412,0.082308,0.024729,0.303732,0.279800,0.112208,-2.519267,-0.496675,2.613168,-1.706186,-2.143742,0.763393,0.909411,0.140876,0.016804,-0.191139,-0.000450,0.450249,0.048363,-0.001053
14.089024,1.506064,1.106859,-0.928218,-0.620574,1.220965,0.718810,0.042092,0.671773,-0.179242,0.075831,0.022183,0.304961,0.282789,0.112005,-2.519125,-0.496659,2.612975,-1.706180,-2.143260,0.763448,0.909412,0.141093,0.016719,-0.192733,0.001567,0.458236,0.050802,-0.000654
14.089994,1.506209,1.111769,-0.926165,-0.621344,1.215983,0.722342,0.041480,0.660165,-0.178401,0.068029,0.019744,0.306290,0.285708,0.111882,-2.518971,-0.496639,2.612776,-1.706183,-2.142771,0.763504,0.909413,0.145040,0.017549,-0.194483,-0.000621,0.467073,0.052551,0.000370
14.091012,1.505223,1.109178,-0.926539,-0.622932,1.214749,0.724602,0.040504,0.628807,-0.169680,0.045010,0.017979,0.308738,0.291032,0.111845,-2.518671,-0.496605,2.612380,-1.706183,-2.141796,0.763614,0.909411,0.147566,0.018207,-0.196208,0.000350,0.478396,0.053643,0.000143
14.092016,1.503844,1.110140,-0.920996,-0.622517,1.211619,0.728569,0.039496,0.628807,-0.169680,0.045010,0.017979,0.308738,0.291032,0.111845,-2.518671,-0.496605,2.612380,-1.706183,-2.141796,0.763614,0.909411,0.147566,0.018207,-0.196208,0.000350,0.478396,0.053643,0.000143
14.093092,1.508484,1.114754,-0.918676,-0.622783,1.211045,0.731619,0.039314,0.610234,-0.165809,0.031502,0.016558,0.309975,0.293621,0.111908,-2.518518,-0.496587,2.612172,-1.706185,-2.141291,0.763667,0.909411,0.149319,0.018614,-0.199380,-0.000753,0.484025,0.053158,0.000441
14.094103,1.506617,1.118575,-0.915419,-0.623543,1.209341,0.734732,0.037250,0.594939,-0.164807,0.020856,0.014537,0.311013,0.296321,0.112011,-2.518372,-0.496573,2.611965,-1.706188,-2.140796,0.763723,0.909405,0.148323,0.017317,-0.201111,-0.001167,0.487700,0.053877,-0.001035
14.095010,1.500677,1.117157,-0.915238,-0.625192,1.204979,0.735759,0.037146,0.586947,-0.163148,0.015124,0.014396,0.311410,0.298958,0.112135,-2.518217,-0.496557,2.611756,-1.706189,-2.140291,0.763779,0.909411,0.150333,0.016340,-0.203109,-0.001110,0.491938,0.054266,0.001373
14.096084,1.502340,1.122955,-0.912925,-0.623519,1.204771,0.739213,0.036026,0.581717,-0.159645,0.010836,0.015487,0.311332,0.301492,0.112277,-2.518054,-0.496537,2.611549,-1.706188,-2.139786,0.763839,0.909409,0.153984,0.017839,-0.203286,-0.000108,0.498076,0.056338,-0.000000
14.097065,1.501630,1.123871,-0.905196,-0.625945,1.205836,0.742035,0.035973,0.573095,-0.154101,0.003597,0.016710,0.311001,0.303943,0.112418,-2.517900,-0.496524,2.611341,-1.706196,-2.139273,0.763896,0.909411,0.154362,0.015946,-0.205023,-0.002378,0.501181,0.056609,0.000411
14.097977,1.501035,1.125221,-0.903593,-0.625116,1.204267,0.743499,0.034398,0.563658,-0.145978,-0.004853,0.018935,0.310163,0.306314,0.112522,-2.517740,-0.496506,2.611123,-1.706195,-2.138762,0.763955,0.909407,0.155643,0.016395,-0.209086,-0.000656,0.502333,0.057162,-0.001169
14.099088,1.497888,1.123116,-0.899734,-0.625410,1.203774,0.745700,0.033675,0.558160,-0.137818,-0.010517,0.021635,0.308673,0.308750,0.112581,-2.517582,-0.496490,2.610912,-1.706200,-2.138252,0.764017,0.909411,0.156665,0.016541,-0.209923,-0.002027,0.505669,0.058800,0.000436
14.100100,1.497732,1.126406,-0.896021,-0.626003,1.203196,0.748980,0.033687,0.556119,-0.132504,-0.013141,0.023504,0.306616,0.311389,0.112603,-2.517417,-0.496466,2.610694,-1.706204,-2.137734,0.764082,0.909411,0.159474,0.018558,-0.212417,-0.002420,0.509319,0.060437,-0.000042
14.101070,1.498336,1.128938,-0.892781,-0.624922,1.205572,0.752477,0.032529,0.555719,-0.131348,-0.013750,0.023884,0.304059,0.314284,0.112590,-2.517253,-0.496448,2.610473,-1.706208,-2.137223,0.764143,0.909407,0.160488,0.017795,-0.214494,-0.002447,0.512372,0.060619,-0.001802
14.102070,1.494604,1.127918,-0.892403,-0.625339,1.204423,0.754833,0.032367,0.557604,-0.132620,-0.012253,0.023846,0.300895,0.317331,0.112535,-2.517091,-0.496430,2.610253,-1.706217,-2.136707,0.764205,0.909407,0.161028,0.017399,-0.216243,-0.004031,0.512073,0.060434,-0.001119
14.103053,1.496130,1.132696,-0.890985,-0.625757,1.209058,0.756972,0.031285,0.560898,-0.133959,-0.009864,0.024590,0.297135,0.320381,0.112452,-2.516919,-0.496408,2.610033,-1.706221,-2.136180,0.764268,0.909402,0.163741,0.018774,-0.216623,-0.004211,0.515488,0.061511,-0.002509
14.104011,1.497646,1.134074,-0.889981,-0.625264,1.211940,0.761408,0.030393,0.562173,-0.134504,-0.009270,0.025824,0.293087,0.323343,0.112362,-2.516752,-0.496394,2.609815,-1.706226,-2.135672,0.764335,0.909401,0.163781,0.017279,-0.217518,-0.004353,0.513096,0.062707,-0.002009
14.104988,1.495645,1.136872,-0.884654,-0.624159,1.211965,0.763976,0.028935,0.561483,-0.132447,-0.010854,0.028228,0.288878,0.326066,0.112292,-2.516589,-0.496375,2.609596,-1.706233,-2.135158,0.764395,0.909399,0.163827,0.017446,-0.218117,-0.005373,0.512262,0.061524,-0.001859
14.105991,1.494068,1.138950,-0.880406,-0.626859,1.215184,0.767895,0.028302,0.561459,-0.126713,-0.013024,0.033107,0.284417,0.328509,0.112259,-2.516419,-0.496357,2.609370,-1.706242,-2.134631,0.764461,0.909403,0.165857,0.017007,-0.221107,-0.007029,0.514928,0.062574,-0.000739
14.107073,1.496107,1.139745,-0.881495,-0.626851,1.216015,0.770809,0.027368,0.562843,-0.118704,-0.014878,0.039991,0.279810,0.330806,0.112260,-2.516248,-0.496342,2.609142,-1.706241,-2.134111,0.764524,0.909402,0.167874,0.017051,-0.223743,-0.005127,0.515011,0.062544,-0.001392
14.107985,1.498549,1.143586,-0.884890,-0.628537,1.219088,0.773278,0.026369,0.564779,-0.111348,-0.016243,0.046835,0.275385,0.333138,0.112288,-2.516079,-0.496321,2.608917,-1.706249,-2.133592,0.764594,0.909402,0.168358,0.017781,-0.223976,-0.005863,0.518219,0.063838,-0.001580
14.109006,1.500632,1.143058,-0.885783,-0.628488,1.219516,0.775241,0.025672,0.565773,-0.104858,-0.018134,0.053036,0.271326,0.335476,0.112349,-2.515908,-0.496304,2.608698,-1.706250,-2.133083,0.764661,0.909403,0.168058,0.016792,-0.222584,-0.004861,0.517769,0.064853,-0.001319
14.110083,1.498746,1.147931,-0.886660,-0.630437,1.221024,0.779000,0.023895,0.564642,-0.097667,-0.021865,0.059141,0.267658,0.337665,0.112440,-2.515742,-0.496283,2.608472,-1.706256,-2.132558,0.764730,0.909400,0.168371,0.018122,-0.222743,-0.005621,0.520796,0.066837,-0.001861
14.111119,1.499365,1.150424,-0.884341,-0.631188,1.223453,0.782321,0.023739,0.559835,-0.089352,-0.028708,0.065055,0.264411,0.339659,0.112566,-2.515568,-0.496269,2.608245,-1.706258,-2.132022,0.764796,0.909405,0.170778,0.016845,-0.223080,-0.004469,0.523084,0.067266,-0.000359
14.112079,1.504891,1.150709,-0.883508,-0.630229,1.221662,0.786088,0.021506,0.549684,-0.079157,-0.039918,0.070596,0.261597,0.341443,0.112729,-2.515395,-0.496252,2.608020,-1.706263,-2.131497,0.764866,0.909400,0.171772,0.016719,-0.224909,-0.004473,0.524209,0.067946,-0.002034
14.112962,1.509343,1.149562,-0.880356,-0.632211,1.220868,0.789560,0.020886,0.538481,-0.067759,-0.052215,0.076414,0.258912,0.343107,0.112912,-2.515227,-0.496234,2.607791,-1.706273,-2.130959,0.764937,0.909401,0.170110,0.017581,-0.225675,-0.005972,0.528804,0.067841,0.000645
14.114046,1.505628,1.153261,-0.876026,-0.632224,1.220241,0.793213,0.019731,0.535517,-0.059218,-0.058158,0.082817,0.255905,0.344930,0.113094,-2.515058,-0.496212,2.607559,-1.706275,-2.130424,0.765006,0.909399,0.168749,0.019018,-0.227326,-0.004645,0.531736,0.067715,0.000182
14.115028,1.510269,1.156062,-0.874370,-0.632737,1.219417,0.796140,0.018511,0.544122,-0.056587,-0.054651,0.088886,0.252516,0.347132,0.113260,-2.514882,-0.496196,2.607325,-1.706281,-2.129881,0.765075,0.909400,0.172092,0.018325,-0.230205,-0.005374,0.536166,0.068283,0.000432
14.116023,1.512390,1.153544,-0.875496,-0.633726,1.217619,0.799820,0.018463,0.561474,-0.057624,-0.044007,0.094985,0.248806,0.349628,0.113397,-2.514711,-0.496179,2.607089,-1.706287,-2.129328,0.765147,0.909401,0.170895,0.017969,-0.231363,-0.005526,0.539794,0.069113,0.001001
14.117186,1.515405,1.160192,-0.877537,-0.634984,1.224780,0.802045,0.017023,0.586132,-0.061016,-0.027464,0.101452,0.244831,0.352343,0.113490,-2.514540,-0.496155,2.606857,-1.706290,-2.128780,0.765213,0.909395,0.171053,0.020224,-0.231220,-0.005275,0.544586,0.069277,-0.000799
14.118044,1.513563,1.161717,-0.874670,-0.634488,1.220721,0.803583,0.016923,0.615367,-0.066776,-0.006969,0.107356,0.240887,0.355242,0.113534,-2.514368,-0.496142,2.606623,-1.706294,-2.128242,0.765292,0.909395,0.171290,0.018171,-0.231159,-0.004848,0.541850,0.071558,-0.000105
14.119027,1.511771,1.163475,-0.872280,-0.635101,1.220939,0.807393,0.014918,0.644371,-0.070850,0.013204,0.113295,0.237193,0.358059,0.113538,-2.514191,-0.496124,2.606386,-1.706302,-2.127686,0.765369,0.909391,0.172908,0.018293,-0.232546,-0.005873,0.547728,0.073206,-0.001542
14.120039,1.512952,1.163624,-0.871229,-0.636102,1.222400,0.809905,0.014982,0.670153,-0.070790,0.030507,0.119938,0.233781,0.360669,0.113522,-2.514015,-0.496105,2.606151,-1.706307,-2.127125,0.765442,0.909397,0.174921,0.018436,-0.234108,-0.005916,0.550221,0.073136,0.000609
14.121017,1.512545,1.162273,-0.870677,-0.635054,1.220464,0.813566,0.013277,0.691678,-0.068867,0.044806,0.125969,0.230756,0.363203,0.113509,-2.513838,-0.496083,2.605913,-1.706312,-2.126564,0.765520,0.909392,0.175497,0.019380,-0.235039,-0.005617,0.551745,0.074486,-0.001469
14.122021,1.515448,1.163525,-0.869047,-0.636175,1.222256,0.816638,0.012811,0.709593,-0.068380,0.057215,0.129973,0.228146,0.365817,0.113497,-2.513657,-0.496060,2.605679,-1.706323,-2.126001,0.765595,0.909395,0.176747,0.021023,-0.235671,-0.007216,0.556395,0.074535,0.000103
14.123030,1.510427,1.168327,-0.866126,-0.634569,1.218971,0.820735,0.011535,0.725868,-0.071355,0.069394,0.131704,0.225772,0.368616,0.113490,-2.513481,-0.496039,2.605437,-1.706328,-2.125439,0.765670,0.909393,0.176454,0.021403,-0.236841,-0.006772,0.557481,0.075305,-0.000895
14.124023,1.514859,1.169968,-0.868287,-0.635470,1.217304,0.824709,0.010004,0.740845,-0.075624,0.081007,0.132519,0.223343,0.371514,0.113491,-2.513294,-0.496022,2.605191,-1.706341,-2.124860,0.765743,0.909393,0.180067,0.020059,-0.238623,-0.008915,0.563610,0.075064,-0.000246
14.125056,1.514580,1.170434,-0.863940,-0.636029,1.216254,0.826733,0.010091,0.752689,-0.076391,0.089650,0.134697,0.220582,0.374307,0.113497,-2.513119,-0.496001,2.604955,-1.706350,-2.124279,0.765816,0.909397,0.178957,0.020256,-0.237898,-0.008584,0.567879,0.074885,0.000915
14.126022,1.514613,1.175075,-0.855753,-0.637142,1.218274,0.827784,0.007499,0.762604,-0.073761,0.096145,0.138463,0.217413,0.377019,0.113502,-2.512937,-0.495979,2.604706,-1.706359,-2.123708,0.765899,0.909390,0.180314,0.021077,-0.240466,-0.008654,0.571998,0.076790,-0.001229
14.127016,1.515594,1.176359,-0.853567,-0.637913,1.217213,0.830497,0.007214,0.774793,-0.071008,0.104260,0.142618,0.213931,0.379786,0.113485,-2.512753,-0.495962,2.604453,-1.706366,-2.123144,0.765985,0.909397,0.181245,0.019743,-0.244662,-0.008164,0.572517,0.079350,0.002140
14.128090,1.515357,1.179388,-0.853233,-0.640221,1.218460,0.833422,0.005490,0.792101,-0.069249,0.116401,0.146740,0.210264,0.382597,0.113427,-2.512571,-0.495942,2.604205,-1.706374,-2.122562,0.766069,0.909394,0.181829,0.020138,-0.245974,-0.007999,0.576244,0.080360,0.000783
14.129054,1.521981,1.183399,-0.850399,-0.639994,1.217463,0.835871,0.005427,0.812694,-0.068724,0.131404,0.150055,0.206757,0.385395,0.113313,-2.512386,-0.495923,2.603956,-1.706378,-2.121972,0.766152,0.909394,0.183248,0.019748,-0.246621,-0.006462,0.578201,0.081518,0.002215
14.130151,1.521169,1.187342,-0.854637,-0.638480,1.218312,0.840863,0.004213,0.835242,-0.068517,0.148104,0.152696,0.203646,0.388065,0.113141,-2.512209,-0.495906,2.603707,-1.706387,-2.121391,0.766236,0.909390,0.180934,0.018746,-0.248182,-0.007286,0.581599,0.082672,0.000490
14.131073,1.526111,1.185690,-0.849058,-0.640075,1.216938,0.842341,0.003493,0.860218,-0.064608,0.165767,0.157357,0.200784,0.390365,0.112907,-2.512022,-0.495889,2.603463,-1.706399,-2.120799,0.766319,0.909391,0.182726,0.017971,-0.246654,-0.009399,0.584147,0.081845,0.000846
14.132109,1.525326,1.186915,-0.851022,-0.640535,1.216372,0.845286,0.003612,0.886668,-0.055999,0.183338,0.164997,0.198177,0.392271,0.112622,-2.511841,-0.495864,2.603209,-1.706415,-2.119613,0.766493,0.909388,0.181070,0.019681,-0.249423,-0.008364,0.587500,0.083793,0.000533
14.133106,1.529530,1.187650,-0.849997,-0.640668,1.215971,0.847902,0.002361,0.914923,-0.047711,0.202181,0.173164,0.196093,0.394082,0.112303,-2.511657,-0.495841,2.602965,-1.706415,-2.119613,0.766493,0.909388,0.182679,0.020097,-0.248836,-0.008552,0.590884,0.084751,-0.001693
14.134045,1.526340,1.185595,-0.849209,-0.642125,1.216485,0.849885,0.002346,0.943834,-0.042325,0.222077,0.180299,0.194682,0.395965,0.111963,-2.511476,-0.495818,2.602714,-1.706424,-2.119010,0.766582,0.909389,0.181641,0.020709,-0.249574,-0.009010,0.593712,0.085853,-0.001065
14.135028,1.528604,1.189213,-0.847880,-0.640465,1.215451,0.853248,-0.000060,0.993375,-0.043600,0.258343,0.187702,0.194007,0.400296,0.111341,-2.511106,-0.495770,2.602212,-1.706443,-2.117807,0.766762,0.909388,0.183974,0.021765,-0.250832,-0.010344,0.598550,0.087613,0.000148
14.136023,1.530211,1.191044,-0.843567,-0.640551,1.215887,0.856445,0.000026,0.993375,-0.043600,0.258343,0.187702,0.194007,0.400296,0.111341,-2.511106,-0.495770,2.602212,-1.706443,-2.117807,0.766762,0.909388,0.183974,0.021765,-0.250832,-0.010344,0.598550,0.087613,0.000148
14.137031,1.531989,1.190778,-0.846703,-0.641267,1.217268,0.859224,-0.001149,1.013381,-0.047115,0.273480,0.189777,0.194068,0.402692,0.111106,-2.510920,-0.495747,2.601951,-1.706454,-2.117204,0.766854,0.909381,0.184202,0.021849,-0.253089,-0.010784,0.600526,0.088114,-0.001944
14.138036,1.528264,1.194724,-0.839166,-0.641626,1.219416,0.861022,-0.003064,1.033048,-0.050234,0.288071,0.192650,0.193751,0.405189,0.110919,-2.510737,-0.495723,2.601701,-1.706462,-2.116598,0.766945,0.909381,0.184414,0.022979,-0.251749,-0.010693,0.601638,0.089088,-0.001482
14.139007,1.528150,1.197198,-0.832943,-0.641400,1.222475,0.862768,-0.002912,1.064905,-0.056413,0.311606,0.197192,0.192027,0.410458,0.110772,-2.510350,-0.495679,2.601174,-1.706486,-2.115392,0.767140,0.909379,0.188170,0.021724,-0.258741,-0.011589,0.601153,0.092814,-0.001736
14.140103,1.535501,1.195543,-0.835779,-0.643789,1.225228,0.865926,-0.004685,1.064905,-0.056413,0.311606,0.197192,0.192027,0.410458,0.110772,-2.510350,-0.495679,2.601174,-1.706486,-2.115392,0.767140,0.909379,0.188170,0.021724,-0.258741,-0.011589,0.601153,0.092814,-0.001736
14.141038,1.531208,1.197414,-0.831956,-0.644141,1.226272,0.868800,-0.004391,1.080421,-0.060544,0.323487,0.198334,0.190495,0.413161,0.110821,-2.510167,-0.495651,2.600915,-1.706492,-2.114785,0.767234,0.909382,0.185861,0.023617,-0.257731,-0.009916,0.601661,0.093757,-0.000255
14.141977,1.528122,1.200714,-0.828708,-0.642762,1.227894,0.870756,-0.006895,1.097778,-0.069233,0.337865,0.196907,0.188702,0.416042,0.110927,-2.509975,-0.495627,2.600651,-1.706502,-2.114172,0.767331,0.909374,0.188810,0.023565,-0.259529,-0.010106,0.602443,0.094285,-0.002631
14.143173,1.530004,1.202032,-0.829658,-0.642815,1.231799,0.874608,-0.006593,1.120602,-0.088630,0.359333,0.189701,0.184958,0.421806,0.111266,-2.509584,-0.495580,2.600126,-1.706530,-2.112962,0.767530,0.909373,0.191697,0.023393,-0.261274,-0.012509,0.602958,0.096391,-0.002291
14.144087,1.536431,1.206054,-0.829599,-0.645259,1.229148,0.875933,-0.008400,1.120602,-0.088630,0.359333,0.189701,0.184958,0.421806,0.111266,-2.509584,-0.495580,2.600126,-1.706530,-2.112962,0.767530,0.909373,0.191697,0.023393,-0.261274,-0.012509,0.602958,0.096391,-0.002291
14.145067,1.532216,1.203718,-0.824523,-0.644515,1.228995,0.877814,-0.009475,1.124925,-0.093431,0.364201,0.187244,0.183075,0.424407,0.111485,-2.509398,-0.495559,2.599863,-1.706537,-2.112342,0.767634,0.909378,0.189204,0.022263,-0.261096,-0.010622,0.607217,0.098354,-0.000389
14.145986,1.529531,1.203426,-0.826020,-0.645306,1.229021,0.879039,-0.010569,1.129439,-0.096521,0.368913,0.185581,0.181343,0.426900,0.111721,-2.509201,-0.495531,2.599597,-1.706552,-2.111731,0.767737,0.909377,0.192216,0.024371,-0.263642,-0.011833,0.609576,0.100031,-0.000118
14.146971,1.524343,1.204186,-0.815177,-0.646597,1.226362,0.879402,-0.011631,1.131938,-0.100889,0.372562,0.182891,0.180217,0.429476,0.111964,-2.509001,-0.495502,2.599333,-1.706563,-2.111111,0.767845,0.909379,0.194164,0.025323,-0.262666,-0.011508,0.611146,0.102083,0.000315
14.148085,1.529555,1.206082,-0.814945,-0.645806,1.226575,0.882033,-0.011845,1.128266,-0.108528,0.372725,0.177297,0.180197,0.432266,0.112181,-2.508799,-0.495473,2.599058,-1.706572,-2.110489,0.767955,0.909379,0.197564,0.025833,-0.268036,-0.010799,0.615986,0.105273,0.000563
14.149048,1.533018,1.207896,-0.819588,-0.648121,1.221132,0.885612,-0.013437,1.121662,-0.119707,0.371864,0.169312,0.181241,0.435294,0.112324,-2.508603,-0.495447,2.598786,-1.706586,-2.109861,0.768064,0.909376,0.196206,0.025974,-0.268454,-0.012166,0.618939,0.106721,-0.001136
14.150003,1.528509,1.207693,-0.811308,-0.649216,1.223156,0.887405,-0.013636,1.112773,-0.145016,0.374330,0.153158,0.185646,0.441518,0.112312,-2.508207,-0.495393,2.598246,-1.706603,-2.108594,0.768282,0.909374,0.198303,0.026962,-0.270031,-0.009905,0.625960,0.108220,-0.001195
14.151198,1.524273,1.208034,-0.813963,-0.651430,1.216924,0.888888,-0.014513,1.112773,-0.145016,0.374330,0.153158,0.185646,0.441518,0.112312,-2.508207,-0.495393,2.598246,-1.706603,-2.108594,0.768282,0.909374,0.198303,0.026962,-0.270031,-0.009905,0.625960,0.108220,-0.001195
14.152031,1.527303,1.207792,-0.810083,-0.651679,1.211738,0.889328,-0.015702,1.104759,-0.160024,0.373822,0.142640,0.189464,0.444682,0.112186,-2.507999,-0.495364,2.597977,-1.706608,-2.107935,0.768399,0.909373,0.201842,0.027951,-0.269300,-0.008532,0.635870,0.111144,-0.001705
14.152952,1.532021,1.212455,-0.807366,-0.652714,1.205667,0.891103,-0.016124,1.089910,-0.177576,0.369256,0.128998,0.194465,0.447871,0.112003,-2.507801,-0.495333,2.597703,-1.706617,-2.107283,0.768521,0.909375,0.200641,0.028750,-0.270669,-0.008764,0.641572,0.113526,-0.000904
14.153985,1.526519,1.214934,-0.804149,-0.654726,1.204223,0.892764,-0.017048,1.074950,-0.195656,0.364797,0.114940,0.199903,0.450935,0.111755,-2.507606,-0.495308,2.597429,-1.706623,-2.106621,0.768640,0.909372,0.198954,0.027265,-0.271714,-0.008326,0.648863,0.114956,-0.001819
14.155059,1.526582,1.216187,-0.808399,-0.654228,1.201890,0.895287,-0.018471,1.064401,-0.211112,0.362889,0.102826,0.205159,0.453708,0.111436,-2.507396,-0.495280,2.597148,-1.706628,-2.105958,0.768764,0.909372,0.202619,0.027009,-0.273301,-0.007022,0.652426,0.116957,-0.001929
14.156159,1.529609,1.215688,-0.806319,-0.656595,1.197770,0.896528,-0.020295,1.051708,-0.221461,0.358328,0.092330,0.210265,0.456086,0.111072,-2.507191,-0.495250,2.596877,-1.706638,-2.105298,0.768886,0.909373,0.203621,0.027380,-0.271364,-0.008178,0.657300,0.118280,-0.001123
14.157033,1.533256,1.220037,-0.805406,-0.655145,1.196694,0.896764,-0.020578,1.033091,-0.227365,0.348485,0.082544,0.215210,0.458134,0.110688,-2.506987,-0.495219,2.596605,-1.706641,-2.104621,0.769013,0.909375,0.203245,0.028657,-0.272740,-0.006603,0.664022,0.120980,0.000429
14.158003,1.534804,1.221093,-0.800817,-0.656709,1.194254,0.898590,-0.020893,1.013715,-0.230321,0.337226,0.073999,0.219595,0.459942,0.110273,-2.506787,-0.495193,2.596331,-1.706653,-2.103952,0.769145,0.909370,0.201872,0.027254,-0.272730,-0.008505,0.665788,0.123680,-0.000674
14.159037,1.530457,1.220581,-0.791785,-0.657635,1.193721,0.901005,-0.022500,0.999565,-0.229674,0.328554,0.068342,0.222971,0.461487,0.109808,-2.506587,-0.495164,2.596054,-1.706659,-2.103271,0.769273,0.909366,0.201885,0.027625,-0.274862,-0.007549,0.669688,0.125212,-0.001875
14.159950,1.532004,1.223617,-0.796294,-0.658602,1.190497,0.901746,-0.023101,0.992639,-0.228366,0.324664,0.064336,0.225401,0.462998,0.109311,-2.506374,-0.495132,2.595767,-1.706666,-2.102582,0.769404,0.909368,0.204918,0.028804,-0.279299,-0.007316,0.672099,0.126420,-0.000614
14.160951,1.533714,1.226384,-0.796317,-0.660981,1.191021,0.904420,-0.024203,0.989715,-0.229310,0.324147,0.059637,0.227301,0.464686,0.108824,-2.506171,-0.495104,2.595499,-1.706670,-2.101897,0.769537,0.909365,0.204677,0.028089,-0.276721,-0.006990,0.676253,0.128786,-0.001155
14.161943,1.532889,1.231040,-0.795098,-0.660590,1.186404,0.904929,-0.023996,0.985229,-0.229682,0.322471,0.054297,0.228988,0.466350,0.108359,-2.505965,-0.495075,2.595220,-1.706671,-2.101209,0.769668,0.909369,0.204623,0.027625,-0.276622,-0.005394,0.677324,0.129579,-0.000867
14.163160,1.533793,1.229463,-0.793851,-0.660308,1.185018,0.907114,-0.025563,0.976554,-0.225679,0.316951,0.049568,0.230550,0.467744,0.107903,-2.505754,-0.495049,2.594941,-1.706678,-2.100522,0.769809,0.909362,0.205761,0.026231,-0.277103,-0.006451,0.683552,0.132477,-0.003163
14.164065,1.531793,1.232610,-0.789424,-0.662168,1.182116,0.908431,-0.027113,0.964236,-0.216104,0.307759,0.046798,0.231851,0.468824,0.107448,-2.505546,-0.495016,2.594665,-1.706687,-2.099820,0.769948,0.909361,0.206806,0.028193,-0.278352,-0.007511,0.688250,0.134638,-0.002311
14.164960,1.539328,1.231252,-0.788848,-0.662363,1.182206,0.908327,-0.027679,0.949887,-0.203704,0.296741,0.045481,0.232886,0.469783,0.107018,-2.505334,-0.494990,2.594379,-1.706690,-2.099117,0.770088,0.909362,0.208219,0.027428,-0.280072,-0.006289,0.691795,0.136341,-0.000933
14.166118,1.534164,1.234014,-0.790296,-0.660529,1.179497,0.911528,-0.029854,0.937506,-0.192101,0.287631,0.044441,0.233691,0.470822,0.106638,-2.505137,-0.494957,2.594102,-1.706697,-2.098428,0.770232,0.909359,0.204974,0.028866,-0.279920,-0.006678,0.692397,0.139413,-0.001512
14.167065,1.534712,1.229287,-0.794075,-0.661601,1.178541,0.913791,-0.029681,0.928999,-0.181400,0.281719,0.044313,0.234102,0.471946,0.106313,-2.504918,-0.494930,2.593823,-1.706711,-2.097712,0.770375,0.909361,0.208794,0.028603,-0.279590,-0.009134,0.697832,0.140265,0.000654
14.167998,1.535997,1.231129,-0.789888,-0.665204,1.177810,0.914775,-0.030409,0.918099,-0.170612,0.274192,0.045005,0.234158,0.473160,0.106052,-2.504709,-0.494892,2.593547,-1.706719,-2.097013,0.770521,0.909355,0.209079,0.031744,-0.277438,-0.008605,0.699827,0.141171,-0.001514
14.169061,1.532849,1.233123,-0.789160,-0.664163,1.177855,0.916104,-0.031376,0.901408,-0.163435,0.263424,0.043587,0.234138,0.474706,0.105859,-2.504501,-0.494861,2.593269,-1.706719,-2.096299,0.770669,0.909352,0.208993,0.031597,-0.279257,-0.005741,0.701336,0.143289,-0.001804
14.170031,1.534003,1.232938,-0.788519,-0.664186,1.177034,0.916093,-0.033133,0.881172,-0.161771,0.251483,0.038769,0.234010,0.476689,0.105742,-2.504285,-0.494828,2.592987,-1.706730,-2.095591,0.770818,0.909350,0.211480,0.031549,-0.279668,-0.007420,0.703254,0.145603,-0.001885
14.170979,1.526828,1.232620,-0.780651,-0.664432,1.179914,0.915998,-0.033121,0.857869,-0.162163,0.237871,0.032626,0.233395,0.478906,0.105708,-2.504072,-0.494794,2.592707,-1.706740,-2.094886,0.770976,0.909352,0.211499,0.032477,-0.279766,-0.007936,0.705275,0.148811,-0.000206
14.172077,1.531133,1.234605,-0.786744,-0.665760,1.182980,0.916936,-0.034470,0.831816,-0.163777,0.222550,0.026060,0.232126,0.481272,0.105739,-2.503850,-0.494756,2.592416,-1.706747,-2.094187,0.771136,0.909347,0.215570,0.033382,-0.283302,-0.008299,0.703420,0.151990,-0.002050
14.172965,1.531018,1.237048,-0.787873,-0.665391,1.185526,0.916377,-0.034956,0.802603,-0.167236,0.205376,0.018457,0.230371,0.483756,0.105802,-2.503634,-0.494724,2.592140,-1.706753,-2.093480,0.771301,0.909348,0.214372,0.033377,-0.280431,-0.007704,0.702627,0.154742,-0.001423
14.173980,1.530597,1.235548,-0.786751,-0.666025,1.184763,0.916287,-0.035690,0.769161,-0.169619,0.184797,0.010812,0.228225,0.486090,0.105876,-2.503423,-0.494692,2.591863,-1.706764,-2.092786,0.771466,0.909344,0.214815,0.032888,-0.279440,-0.008552,0.700685,0.158103,-0.002140
14.175163,1.532923,1.237898,-0.785225,-0.666686,1.188256,0.919043,-0.036192,0.732071,-0.168940,0.160588,0.004342,0.225702,0.488085,0.105946,-2.503202,-0.494654,2.591579,-1.706775,-2.092080,0.771638,0.909340,0.215706,0.034488,-0.279903,-0.008473,0.703053,0.161491,-0.002585
14.176173,1.539405,1.239566,-0.784311,-0.666866,1.185694,0.920424,-0.037149,0.694370,-0.167391,0.135356,-0.001236,0.222886,0.489857,0.106003,-2.502984,-0.494619,2.591292,-1.706783,-2.091381,0.771806,0.909335,0.215788,0.034371,-0.281054,-0.008585,0.702596,0.162752,-0.003819
14.176993,1.535220,1.238118,-0.784613,-0.665939,1.184351,0.920077,-0.037316,0.662361,-0.166452,0.113920,-0.005220,0.219663,0.491512,0.106043,-2.502775,-0.494585,2.591012,-1.706793,-2.090665,0.771972,0.909333,0.213329,0.034408,-0.281414,-0.008987,0.706632,0.164690,-0.003808
14.178117,1.536945,1.236745,-0.779421,-0.664898,1.186523,0.921686,-0.038557,0.639130,-0.165555,0.098283,-0.006382,0.215941,0.493013,0.106055,-2.502557,-0.494546,2.590731,-1.706805,-2.089952,0.772146,0.909327,0.215531,0.035712,-0.280535,-0.010300,0.707783,0.167501,-0.005022
14.179100,1.537578,1.238497,-0.782962,-0.666765,1.186616,0.923043,-0.039739,0.622338,-0.165549,0.086926,-0.005258,0.212009,0.494410,0.106026,-2.502342,-0.494506,2.590443,-1.706818,-2.089233,0.772317,0.909323,0.215752,0.037347,-0.283347,-0.011930,0.707963,0.169649,-0.004647
14.179984,1.541288,1.240535,-0.779154,-0.666991,1.185299,0.924254,-0.039251,0.610158,-0.167999,0.078939,-0.003139,0.208270,0.495809,0.105952,-2.502124,-0.494468,2.590167,-1.706827,-2.088525,0.772494,0.909319,0.216043,0.037246,-0.281393,-0.010635,0.709161,0.171421,-0.004140
14.181062,1.538089,1.239025,-0.776389,-0.668464,1.182702,0.926751,-0.039764,0.601982,-0.171983,0.073751,-0.000369,0.204965,0.497177,0.105827,-2.501912,-0.494432,2.589879,-1.706838,-2.087806,0.772672,0.909307,0.214516,0.036905,-0.282735,-0.010868,0.710795,0.172904,-0.006779
14.182053,1.538516,1.238331,-0.770187,-0.669303,1.183228,0.928058,-0.040534,0.598108,-0.177394,0.071633,0.002668,0.202195,0.498562,0.105648,-2.501690,-0.494390,2.589593,-1.706845,-2.087086,0.772847,0.909299,0.217027,0.038538,-0.284186,-0.010096,0.715384,0.173956,-0.007758
14.183156,1.538786,1.242243,-0.774814,-0.668782,1.177071,0.929387,-0.040954,0.598428,-0.187560,0.073403,0.003993,0.200131,0.500248,0.105431,-2.501472,-0.494349,2.589299,-1.706854,-2.086362,0.773032,0.909291,0.217412,0.039639,-0.286980,-0.009844,0.716005,0.175774,-0.008065
14.184092,1.537316,1.239006,-0.777138,-0.669621,1.175704,0.927982,-0.041541,0.601126,-0.201572,0.077619,0.003625,0.198694,0.502236,0.105192,-2.501252,-0.494313,2.589021,-1.706868,-2.085632,0.773217,0.909278,0.218258,0.038630,-0.284846,-0.010953,0.724319,0.178041,-0.009281
14.184990,1.535811,1.238082,-0.774707,-0.669882,1.171697,0.926534,-0.040429,0.600913,-0.214210,0.079232,0.003286,0.197667,0.504172,0.104946,-2.501030,-0.494269,2.588737,-1.706877,-2.084894,0.773405,0.909266,0.219399,0.040931,-0.283317,-0.010632,0.726195,0.182331,-0.009838
14.185966,1.531658,1.240736,-0.772329,-0.669380,1.169192,0.925372,-0.042125,0.593467,-0.225225,0.075040,0.002119,0.197119,0.505914,0.104702,-2.500805,-0.494225,2.588451,-1.706889,-2.084145,0.773603,0.909244,0.220389,0.041998,-0.284028,-0.010826,0.730377,0.186422,-0.013717
14.187124,1.536648,1.241696,-0.772104,-0.670429,1.167865,0.924840,-0.042153,0.578823,-0.235046,0.065240,-0.000275,0.196947,0.507406,0.104467,-2.500578,-0.494186,2.588166,-1.706903,-2.083412,0.773800,0.909236,0.222958,0.041414,-0.284962,-0.011807,0.733832,0.190563,-0.012095
14.187999,1.535000,1.241180,-0.770117,-0.670460,1.169001,0.926571,-0.042342,0.559489,-0.241419,0.051209,-0.002378,0.196772,0.508475,0.104233,-2.500356,-0.494144,2.587878,-1.706914,-2.082660,0.774004,0.909218,0.221555,0.041911,-0.285363,-0.011407,0.737484,0.194812,-0.014207
14.188968,1.532739,1.245534,-0.767482,-0.671252,1.167507,0.927408,-0.042741,0.539987,-0.245131,0.036421,-0.003942,0.196400,0.509167,0.103961,-2.500131,-0.494101,2.587594,-1.706927,-2.081931,0.774205,0.909200,0.222567,0.042757,-0.285781,-0.011785,0.736458,0.195572,-0.015416
14.189970,1.529786,1.249435,-0.770630,-0.672203,1.169377,0.928545,-0.043219,0.521326,-0.246839,0.021899,-0.005446,0.195934,0.509600,0.103611,-2.499904,-0.494063,2.587306,-1.706938,-2.081186,0.774405,0.909184,0.224152,0.041329,-0.286781,-0.011508,0.738761,0.197681,-0.016396
14.191168,1.532398,1.249171,-0.769152,-0.672872,1.166810,0.928677,-0.045372,0.469811,-0.231941,-0.020406,-0.007022,0.195663,0.509198,0.102624,-2.499449,-0.493981,2.586738,-1.706962,-2.079692,0.774817,0.909155,0.226046,0.041331,-0.286251,-0.011109,0.743250,0.203344,-0.015175
14.192198,1.531482,1.246108,-0.769656,-0.672031,1.167444,0.928711,-0.045262,0.469811,-0.231941,-0.020406,-0.007022,0.195663,0.509198,0.102624,-2.499449,-0.493981,2.586738,-1.706962,-2.079692,0.774817,0.909155,0.226046,0.041331,-0.286251,-0.011109,0.743250,0.203344,-0.015175
14.192998,1.528227,1.250825,-0.766509,-0.671196,1.163164,0.930429,-0.045816,0.437734,-0.218252,-0.046890,-0.008011,0.196136,0.508549,0.101995,-2.499220,-0.493933,2.586452,-1.706978,-2.078943,0.775030,0.909135,0.227140,0.043602,-0.285890,-0.012408,0.743835,0.206414,-0.017315
14.194024,1.529803,1.251987,-0.768261,-0.672925,1.165863,0.933199,-0.047319,0.405252,-0.204219,-0.073363,-0.009310,0.196925,0.507835,0.101265,-2.498986,-0.493895,2.586162,-1.706995,-2.078199,0.775242,0.909117,0.228582,0.041764,-0.286586,-0.013491,0.747508,0.206811,-0.017640
14.195048,1.531002,1.248183,-0.766382,-0.674544,1.166290,0.934090,-0.048425,0.371979,-0.187340,-0.100615,-0.009639,0.197903,0.506945,0.100455,-2.498759,-0.493853,2.585881,-1.707004,-2.077449,0.775450,0.909102,0.228420,0.041991,-0.285644,-0.012362,0.745976,0.207171,-0.016515
14.195986,1.535270,1.253863,-0.766582,-0.671085,1.166439,0.935926,-0.050438,0.339459,-0.170628,-0.126816,-0.010700,0.199243,0.506046,0.099633,-2.498530,-0.493803,2.585591,-1.707014,-2.076692,0.775664,0.909084,0.228421,0.044612,-0.286435,-0.011335,0.746705,0.209380,-0.016188
14.197083,1.536716,1.249217,-0.765685,-0.673095,1.166917,0.936754,-0.050026,0.312220,-0.156962,-0.148199,-0.012809,0.200770,0.505277,0.098841,-2.498307,-0.493764,2.585310,-1.707036,-2.075956,0.775871,0.909074,0.226667,0.042438,-0.285984,-0.015077,0.747165,0.210288,-0.013886
14.198000,1.532748,1.251564,-0.767040,-0.673010,1.169100,0.937574,-0.051619,0.294350,-0.144554,-0.162464,-0.013452,0.201925,0.504519,0.098078,-2.498079,-0.493712,2.585023,-1.707046,-2.075202,0.776089,0.909050,0.226818,0.045588,-0.286547,-0.013654,0.748480,0.212848,-0.016753
14.198990,1.530522,1.250113,-0.761147,-0.673513,1.168613,0.939390,-0.052260,0.282988,-0.134720,-0.171405,-0.013914,0.202842,0.503823,0.097348,-2.497845,-0.493667,2.584737,-1.707062,-2.074460,0.776309,0.909039,0.229019,0.044996,-0.285396,-0.014122,0.746646,0.214616,-0.015227
14.200008,1.529619,1.251113,-0.761584,-0.672728,1.170637,0.943644,-0.052641,0.271903,-0.128391,-0.179171,-0.016274,0.203891,0.503251,0.096669,-2.497616,-0.493620,2.584445,-1.707077,-2.073709,0.776525,0.909021,0.230620,0.046422,-0.288075,-0.014074,0.748065,0.215717,-0.015780
14.201213,1.533806,1.256593,-0.763647,-0.673706,1.170124,0.946601,-0.053099,0.259541,-0.125226,-0.186889,-0.020491,0.205043,0.502872,0.096031,-2.497380,-0.493573,2.584155,-1.707095,-2.072956,0.776739,0.909003,0.231574,0.046637,-0.287642,-0.015251,0.747142,0.214499,-0.016889
14.202118,1.526992,1.256645,-0.760877,-0.672817,1.172346,0.948468,-0.054278,0.246816,-0.122487,-0.194608,-0.024732,0.206052,0.502608,0.095399,-2.497149,-0.493530,2.583870,-1.707111,-2.072205,0.776958,0.908984,0.230637,0.044883,-0.287096,-0.014865,0.750430,0.215387,-0.018190
14.203045,1.526821,1.253360,-0.759530,-0.674657,1.169745,0.950964,-0.054573,0.232629,-0.115639,-0.204240,-0.026891,0.206808,0.502202,0.094747,-2.496912,-0.493482,2.583581,-1.707129,-2.071457,0.777175,0.908967,0.234203,0.045452,-0.287960,-0.016081,0.748370,0.216079,-0.017467
14.204089,1.525195,1.258264,-0.757537,-0.673386,1.169173,0.951829,-0.055698,0.214835,-0.106610,-0.216870,-0.028442,0.207692,0.501738,0.094066,-2.496674,-0.493429,2.583289,-1.707141,-2.070690,0.777391,0.908945,0.234434,0.047644,-0.288120,-0.014681,0.751228,0.216230,-0.018575
14.205015,1.521701,1.255897,-0.750978,-0.675327,1.169244,0.954925,-0.057283,0.194196,-0.098496,-0.231268,-0.030756,0.209026,0.501361,0.093348,-2.496437,-0.493387,2.582998,-1.707161,-2.069937,0.777613,0.908928,0.235832,0.045965,-0.289014,-0.016354,0.753132,0.218511,-0.018227
14.205970,1.522895,1.256477,-0.751190,-0.675948,1.166778,0.959799,-0.057510,0.173218,-0.091299,-0.245603,-0.033318,0.210917,0.501041,0.092600,-2.496195,-0.493337,2.582699,-1.707173,-2.069179,0.777834,0.908915,0.237914,0.047835,-0.291917,-0.014892,0.753818,0.218190,-0.016812
14.207073,1.522176,1.259752,-0.753406,-0.678129,1.163585,0.960005,-0.059010,0.153994,-0.087814,-0.257581,-0.037306,0.213666,0.500951,0.091832,-2.495955,-0.493288,2.582406,-1.707188,-2.068421,0.778048,0.908893,0.237845,0.048268,-0.291652,-0.014790,0.757585,0.216370,-0.018199
14.208072,1.522527,1.261323,-0.755023,-0.676321,1.164674,0.962577,-0.060630,0.136354,-0.088346,-0.267244,-0.043113,0.217481,0.501092,0.091035,-2.495713,-0.493243,2.582118,-1.707198,-2.067643,0.778272,0.908877,0.239280,0.047603,-0.290994,-0.013342,0.763250,0.219905,-0.017307
14.208990,1.517597,1.258769,-0.750866,-0.677247,1.156760,0.964729,-0.061885,0.117605,-0.087856,-0.277874,-0.048709,0.222315,0.501096,0.090199,-2.495469,-0.493193,2.581829,-1.707218,-2.066874,0.778491,0.908863,0.239751,0.047620,-0.290270,-0.015613,0.763683,0.220547,-0.015998
14.210094,1.517410,1.258759,-0.751694,-0.679625,1.152934,0.965183,-0.063551,0.096731,-0.084646,-0.290776,-0.052984,0.228049,0.500850,0.089314,-2.495222,-0.493140,2.581536,-1.707233,-2.066095,0.778709,0.908849,0.242569,0.049546,-0.292111,-0.015130,0.772394,0.221271,-0.015264
14.211070,1.522154,1.259070,-0.753570,-0.679195,1.148694,0.970214,-0.064297,0.074036,-0.082472,-0.304903,-0.057621,0.234684,0.500589,0.088386,-2.494975,-0.493088,2.581242,-1.707242,-2.065303,0.778941,0.908837,0.243646,0.050443,-0.292068,-0.013536,0.778504,0.224480,-0.014077
14.211990,1.519897,1.253719,-0.751396,-0.678388,1.142942,0.972846,-0.066254,0.051706,-0.083718,-0.318227,-0.063575,0.242013,0.500441,0.087418,-2.494733,-0.493034,2.580951,-1.707258,-2.064512,0.779164,0.908821,0.241851,0.051001,-0.291093,-0.014482,0.783879,0.222513,-0.014479
14.213003,1.520900,1.254734,-0.753116,-0.679349,1.139270,0.975578,-0.066898,0.033999,-0.089158,-0.327759,-0.069969,0.249459,0.500491,0.086410,-2.494488,-0.492975,2.580658,-1.707277,-2.063711,0.779389,0.908812,0.243376,0.054268,-0.291950,-0.015672,0.790160,0.222750,-0.012337
14.214007,1.523104,1.254275,-0.751505,-0.679013,1.139909,0.978518,-0.068941,0.021969,-0.100165,-0.332581,-0.076920,0.256607,0.500830,0.085383,-2.494241,-0.492920,2.580368,-1.707290,-2.062902,0.779613,0.908797,0.243539,0.054468,-0.291189,-0.015299,0.795116,0.223295,-0.013032
14.215063,1.524513,1.257236,-0.755337,-0.679070,1.135532,0.981981,-0.069526,0.015075,-0.115595,-0.333377,-0.084305,0.263215,0.501339,0.084352,-2.494001,-0.492863,2.580076,-1.707308,-2.062105,0.779835,0.908788,0.243154,0.055419,-0.292076,-0.016130,0.795775,0.223598,-0.010883
14.216068,1.523272,1.258395,-0.746633,-0.679449,1.133501,0.987330,-0.070636,0.013256,-0.131765,-0.331069,-0.090648,0.268949,0.501777,0.083325,-2.493757,-0.492810,2.579786,-1.707326,-2.061291,0.780061,0.908770,0.243314,0.054751,-0.290403,-0.016585,0.801847,0.223585,-0.011772
14.217026,1.526764,1.258714,-0.746914,-0.677853,1.135363,0.988970,-0.072265,0.016263,-0.145600,-0.326478,-0.094650,0.273463,0.502039,0.082303,-2.493508,-0.492755,2.579483,-1.707342,-2.060472,0.780280,0.908759,0.244565,0.054908,-0.294749,-0.016735,0.804981,0.221484,-0.011498
14.217992,1.526323,1.259313,-0.750425,-0.677359,1.132861,0.989883,-0.073149,0.026486,-0.157073,-0.317779,-0.095906,0.276509,0.502239,0.081298,-2.493268,-0.492699,2.579192,-1.707364,-2.059672,0.780504,0.908752,0.243362,0.055415,-0.294469,-0.018685,0.803956,0.222902,-0.010109
14.219074,1.529097,1.259236,-0.753791,-0.679528,1.135626,0.993183,-0.073749,0.043479,-0.165452,-0.305516,-0.093962,0.277995,0.502339,0.080314,-2.493020,-0.492641,2.578903,-1.707385,-2.058859,0.780734,0.908743,0.244091,0.055754,-0.292653,-0.019540,0.807332,0.225022,-0.010242
14.220077,1.528688,1.261485,-0.746316,-0.679147,1.138915,0.994267,-0.074577,0.061356,-0.169756,-0.294164,-0.089712,0.278177,0.502205,0.079341,-2.492775,-0.492584,2.578616,-1.707400,-2.058062,0.780963,0.908730,0.243643,0.056615,-0.291381,-0.017965,0.806582,0.225266,-0.011151
14.220998,1.527174,1.262923,-0.745518,-0.677371,1.141947,0.993449,-0.075996,0.078243,-0.172076,-0.284406,-0.085246,0.277430,0.501936,0.078376,-2.492530,-0.492529,2.578316,-1.707422,-2.057251,0.781197,0.908718,0.244522,0.056213,-0.295125,-0.018757,0.804477,0.227371,-0.011439
14.222106,1.533059,1.263371,-0.745741,-0.678589,1.146425,0.997568,-0.077178,0.096107,-0.172638,-0.274575,-0.080382,0.275823,0.501556,0.077440,-2.492282,-0.492475,2.578018,-1.707446,-2.056453,0.781437,0.908711,0.245615,0.056118,-0.295190,-0.020796,0.801990,0.230961,-0.010396
14.223075,1.530699,1.265936,-0.743321,-0.677577,1.151075,0.997779,-0.079336,0.115886,-0.170431,-0.264093,-0.074136,0.273365,0.501011,0.076558,-2.492044,-0.492416,2.577727,-1.707464,-2.055662,0.781668,0.908703,0.243757,0.056738,-0.295517,-0.020114,0.799880,0.230464,-0.010209
14.224095,1.536065,1.267252,-0.748782,-0.677834,1.153316,0.999212,-0.080179,0.138047,-0.166062,-0.252321,-0.066733,0.270283,0.500323,0.075738,-2.491793,-0.492362,2.577427,-1.707489,-2.054868,0.781907,0.908700,0.245452,0.056133,-0.296577,-0.021433,0.796262,0.233272,-0.007791
14.224974,1.540971,1.263106,-0.745313,-0.676601,1.152519,1.000483,-0.081560,0.160848,-0.158327,-0.240634,-0.057928,0.266824,0.499355,0.074978,-2.491552,-0.492306,2.577137,-1.707513,-2.054083,0.782150,0.908691,0.243495,0.056222,-0.293946,-0.021511,0.795650,0.235024,-0.008126
14.226028,1.538409,1.266013,-0.747852,-0.675612,1.155348,1.004537,-0.082667,0.185767,-0.148244,-0.227746,-0.047507,0.263057,0.498089,0.074269,-2.491316,-0.492243,2.576841,-1.707540,-2.053281,0.782384,0.908685,0.241372,0.058788,-0.295292,-0.022898,0.796593,0.236346,-0.007078
14.227063,1.539199,1.267695,-0.747007,-0.676036,1.155473,1.009036,-0.082875,0.215144,-0.138655,-0.211301,-0.035814,0.259038,0.496722,0.073597,-2.491068,-0.492186,2.576547,-1.707567,-2.052482,0.782619,0.908679,0.243506,0.058081,-0.294212,-0.024188,0.795526,0.235670,-0.006948
14.228053,1.542737,1.269031,-0.743345,-0.674574,1.155217,1.010526,-0.085290,0.244191,-0.127855,-0.194914,-0.022871,0.254974,0.495285,0.072954,-2.490826,-0.492129,2.576254,-1.707591,-2.051691,0.782853,0.908669,0.243906,0.057995,-0.294803,-0.024117,0.797117,0.234481,-0.008569
14.228955,1.545474,1.268664,-0.746552,-0.675133,1.154661,1.010345,-0.086685,0.272074,-0.114381,-0.179407,-0.008213,0.250881,0.493826,0.072336,-2.490584,-0.492071,2.575951,-1.707621,-2.050885,0.783092,0.908671,0.242770,0.057999,-0.296531,-0.025785,0.798487,0.236100,-0.005672
14.230096,1.545633,1.273210,-0.747799,-0.675847,1.157284,1.010307,-0.088106,0.303067,-0.099269,-0.161595,0.008554,0.246632,0.492429,0.071758,-2.490342,-0.492010,2.575658,-1.707645,-2.050092,0.783334,0.908671,0.241738,0.058714,-0.294576,-0.025425,0.799463,0.238953,-0.004697
14.231079,1.547160,1.271914,-0.746806,-0.676555,1.156959,1.010892,-0.089523,0.335306,-0.082038,-0.143033,0.026837,0.242400,0.490999,0.071209,-2.490098,-0.491955,2.575368,-1.707669,-2.049291,0.783580,0.908667,0.242853,0.057348,-0.294538,-0.025176,0.799403,0.242726,-0.004114
14.232008,1.545065,1.270850,-0.747189,-0.674611,1.157524,1.013546,-0.089485,0.364875,-0.062451,-0.126595,0.045238,0.238451,0.489468,0.070658,-2.489855,-0.491895,2.575070,-1.707695,-2.048479,0.783832,0.908665,0.242680,0.058662,-0.294955,-0.024744,0.800732,0.245097,-0.003228
14.233116,1.547696,1.268033,-0.746872,-0.674208,1.157794,1.016064,-0.090776,0.390685,-0.043008,-0.112536,0.062222,0.234893,0.487999,0.070082,-2.489611,-0.491832,2.574778,-1.707727,-2.047673,0.784079,0.908656,0.244155,0.059724,-0.294547,-0.026776,0.800706,0.245171,-0.005144
14.233991,1.545381,1.272089,-0.741010,-0.675074,1.158752,1.017764,-0.091595,0.412849,-0.026851,-0.100167,0.076775,0.231698,0.486833,0.069469,-2.489367,-0.491767,2.574481,-1.707757,-2.046873,0.784326,0.908651,0.243876,0.061897,-0.295088,-0.027440,0.802729,0.246235,-0.004728
14.234984,1.548553,1.269984,-0.742006,-0.672596,1.157246,1.019459,-0.093191,0.433255,-0.015600,-0.087784,0.088494,0.228775,0.486080,0.068835,-2.489118,-0.491709,2.574176,-1.707784,-2.046068,0.784575,0.908647,0.245203,0.060347,-0.297480,-0.026720,0.801806,0.247029,-0.004820
14.235928,1.550445,1.271945,-0.737474,-0.670992,1.158169,1.021741,-0.093489,0.454300,-0.008096,-0.073983,0.098240,0.225926,0.485649,0.068202,-2.488876,-0.491642,2.573882,-1.707820,-2.045267,0.784823,0.908650,0.244258,0.062013,-0.296951,-0.029261,0.804540,0.248379,-0.003604
14.237016,1.552603,1.271181,-0.732618,-0.670150,1.159955,1.023513,-0.094907,0.479117,-0.002317,-0.057206,0.108188,0.222827,0.485386,0.067562,-2.488633,-0.491583,2.573577,-1.707853,-2.044461,0.785074,0.908642,0.243786,0.061609,-0.298931,-0.030908,0.804278,0.248886,-0.004879
14.238018,1.558991,1.271456,-0.728576,-0.670721,1.160928,1.027274,-0.095202,0.511847,0.001793,-0.034633,0.119552,0.219328,0.485255,0.066906,-2.488386,-0.491516,2.573266,-1.707887,-2.043661,0.785331,0.908643,0.243662,0.062709,-0.301506,-0.031907,0.804592,0.250542,-0.004195
14.239019,1.555129,1.269325,-0.723168,-0.669844,1.164082,1.028309,-0.095927,0.556700,0.001643,-0.002637,0.131530,0.215596,0.485364,0.066233,-2.488150,-0.491451,2.572963,-1.707918,-2.042853,0.785577,0.908635,0.241205,0.063180,-0.303440,-0.031500,0.804813,0.249850,-0.005585
14.239956,1.553223,1.271969,-0.723239,-0.669318,1.164090,1.027995,-0.097711,0.614194,-0.005818,0.039922,0.142184,0.212079,0.485855,0.065543,-2.487903,-0.491383,2.572650,-1.707952,-2.042048,0.785835,0.908631,0.243822,0.064824,-0.305940,-0.032486,0.802873,0.251860,-0.006105
14.241057,1.555771,1.270288,-0.720339,-0.668706,1.165690,1.028735,-0.099112,0.676195,-0.019010,0.086964,0.150279,0.209380,0.486595,0.064850,-2.487658,-0.491316,2.572345,-1.707988,-2.041246,0.786094,0.908632,0.245180,0.063974,-0.305549,-0.032987,0.803554,0.254902,-0.004385
14.242088,1.557017,1.271964,-0.717239,-0.669117,1.166780,1.031978,-0.100239,0.734931,-0.033823,0.132014,0.156223,0.207836,0.487302,0.064169,-2.487412,-0.491246,2.572036,-1.708024,-2.040433,0.786359,0.908629,0.244902,0.065521,-0.307215,-0.033719,0.804039,0.257588,-0.003772
14.243084,1.556288,1.269954,-0.720365,-0.668380,1.166849,1.031351,-0.101167,0.790581,-0.049551,0.175067,0.160460,0.207463,0.487957,0.063493,-2.487166,-0.491179,2.571721,-1.708058,-2.039623,0.786617,0.908625,0.245034,0.065291,-0.308640,-0.033432,0.804397,0.257468,-0.003557
14.244007,1.556877,1.273838,-0.715148,-0.668510,1.163411,1.033026,-0.102878,0.842363,-0.066127,0.215563,0.162873,0.208246,0.488595,0.062818,-2.486919,-0.491109,2.571420,-1.708093,-2.038822,0.786886,0.908620,0.246019,0.066851,-0.306974,-0.034238,0.805555,0.261055,-0.003669
14.245032,1.560732,1.268813,-0.716927,-0.666037,1.167001,1.032736,-0.102576,0.887259,-0.081069,0.250708,0.164175,0.209997,0.489063,0.062142,-2.486673,-0.491043,2.571103,-1.708126,-2.038003,0.787154,0.908621,0.246068,0.065379,-0.309099,-0.034141,0.809396,0.261959,-0.002070
14.246017,1.558145,1.266248,-0.709155,-0.665187,1.166382,1.034253,-0.102948,0.927155,-0.093237,0.281437,0.165662,0.212240,0.489270,0.061453,-2.486431,-0.490966,2.570799,-1.708167,-2.037212,0.787424,0.908610,0.244914,0.068435,-0.308169,-0.036590,0.807342,0.265326,-0.004716
14.246975,1.557423,1.268605,-0.709421,-0.665312,1.169061,1.035074,-0.104545,0.965841,-0.106066,0.311104,0.166931,0.214594,0.489400,0.060747,-2.486181,-0.490893,2.570481,-1.708206,-2.036397,0.787696,0.908605,0.246767,0.070182,-0.311778,-0.037369,0.808975,0.266647,-0.005900
14.247961,1.564454,1.266093,-0.709807,-0.665215,1.171716,1.034606,-0.105967,1.002904,-0.121677,0.339986,0.166805,0.216894,0.489602,0.060054,-2.485930,-0.490824,2.570167,-1.708244,-2.035603,0.787971,0.908605,0.247556,0.069482,-0.311238,-0.037189,0.807202,0.268549,-0.004585
14.248968,1.565144,1.266565,-0.705917,-0.663488,1.174405,1.032415,-0.106490,1.037214,-0.138422,0.366974,0.165310,0.218969,0.489771,0.059408,-2.485692,-0.490749,2.569858,-1.708280,-2.034803,0.788247,0.908603,0.244688,0.071239,-0.310842,-0.037314,0.805692,0.271869,-0.003701
14.250058,1.569013,1.266391,-0.701798,-0.662544,1.180428,1.032081,-0.107958,1.071867,-0.155726,0.394025,0.163281,0.220537,0.489810,0.058802,-2.485446,-0.490677,2.569540,-1.708322,-2.034001,0.788534,0.908594,0.245032,0.071510,-0.312561,-0.038973,0.804319,0.276952,-0.004642
14.251083,1.578015,1.269379,-0.693370,-0.663177,1.185390,1.033803,-0.109469,1.110539,-0.173287,0.423650,0.161892,0.221368,0.489677,0.058226,-2.485199,-0.490603,2.569223,-1.708365,-2.033212,0.788826,0.908593,0.244045,0.072226,-0.314694,-0.039845,0.800488,0.280488,-0.003854
14.252081,1.580264,1.272213,-0.691832,-0.665174,1.187528,1.033974,-0.109843,1.159220,-0.191538,0.460345,0.162034,0.221407,0.489432,0.057678,-2.484969,-0.490537,2.568897,-1.708402,-2.032420,0.789109,0.908588,0.240428,0.071349,-0.318648,-0.039240,0.797106,0.281712,-0.002853
14.252956,1.580678,1.276823,-0.685452,-0.665231,1.189288,1.033492,-0.111392,1.222785,-0.210912,0.507957,0.163792,0.220873,0.489142,0.057151,-2.484730,-0.490466,2.568576,-1.708436,-2.031617,0.789402,0.908581,0.240059,0.070470,-0.319070,-0.037311,0.796223,0.284350,-0.004083
14.254098,1.583825,1.276819,-0.682865,-0.666862,1.194366,1.034959,-0.111934,1.296422,-0.228379,0.562691,0.166937,0.220309,0.488637,0.056633,-2.484492,-0.490401,2.568250,-1.708475,-2.030831,0.789694,0.908579,0.240141,0.068579,-0.321484,-0.037148,0.794701,0.287068,-0.002695
14.255076,1.582393,1.277782,-0.679633,-0.667532,1.189679,1.036916,-0.113097,1.373344,-0.241733,0.619441,0.170864,0.220374,0.487792,0.056112,-2.484254,-0.490329,2.567923,-1.708507,-2.030038,0.789988,0.908570,0.239804,0.069325,-0.322896,-0.035760,0.792267,0.289038,-0.003873
14.255983,1.581996,1.274236,-0.678082,-0.665885,1.187668,1.035616,-0.114399,1.449036,-0.252655,0.675488,0.173929,0.221716,0.486769,0.055577,-2.484007,-0.490258,2.567594,-1.708543,-2.029236,0.790285,0.908568,0.241087,0.069351,-0.324026,-0.035123,0.798089,0.289743,-0.003470
14.257029,1.574439,1.274815,-0.682211,-0.667388,1.186974,1.034287,-0.115503,1.518759,-0.262741,0.727760,0.175189,0.224713,0.485750,0.055022,-2.483766,-0.490183,2.567274,-1.708583,-2.028424,0.790584,0.908564,0.241642,0.071495,-0.324170,-0.036636,0.800361,0.293416,-0.002656
14.258022,1.575337,1.272215,-0.680486,-0.667125,1.181210,1.032902,-0.116250,1.574107,-0.271330,0.769968,0.174030,0.229679,0.484709,0.054448,-2.483510,-0.490109,2.566954,-1.708614,-2.027610,0.790890,0.908560,0.246150,0.071749,-0.321967,-0.035318,0.802608,0.297686,-0.002519
14.258965,1.572324,1.273751,-0.680190,-0.665424,1.173848,1.034358,-0.116706,1.606682,-0.277346,0.795773,0.169441,0.236835,0.483550,0.053859,-2.483264,-0.490031,2.566632,-1.708651,-2.026794,0.791195,0.908553,0.246275,0.073512,-0.322511,-0.035606,0.809460,0.301767,-0.002978
14.260052,1.571691,1.273562,-0.679800,-0.668596,1.175386,1.031775,-0.118516,1.617869,-0.279820,0.805796,0.162876,0.245604,0.482303,0.053247,-2.483014,-0.489957,2.566307,-1.708690,-2.025961,0.791502,0.908548,0.248174,0.073141,-0.322095,-0.037249,0.817241,0.302731,-0.003928
14.260969,1.567356,1.271443,-0.677961,-0.668167,1.166882,1.031301,-0.117473,1.611743,-0.277977,0.802662,0.155899,0.255218,0.481004,0.052611,-2.482761,-0.489883,2.565980,-1.708718,-2.025146,0.791825,0.908546,0.249357,0.073866,-0.322239,-0.034345,0.817564,0.308383,-0.002442
14.261952,1.564221,1.272791,-0.681935,-0.666391,1.164752,1.030157,-0.118913,1.589765,-0.273974,0.787849,0.147136,0.265318,0.479727,0.051965,-2.482505,-0.489808,2.565659,-1.708753,-2.024300,0.792140,0.908533,0.251757,0.075295,-0.322557,-0.034791,0.826186,0.311120,-0.006353
14.263060,1.564493,1.273520,-0.676380,-0.668259,1.167063,1.031402,-0.119697,1.552145,-0.267899,0.761287,0.136797,0.275323,0.478414,0.051331,-2.482247,-0.489731,2.565341,-1.708792,-2.023458,0.792464,0.908531,0.253757,0.075048,-0.320223,-0.036524,0.828945,0.314809,-0.005375
14.264057,1.568781,1.273037,-0.673106,-0.665939,1.168075,1.031851,-0.120873,1.500580,-0.257726,0.723493,0.126531,0.284572,0.476890,0.050732,-2.481992,-0.489653,2.565012,-1.708822,-2.022633,0.792779,0.908526,0.254522,0.075293,-0.323033,-0.034908,0.828629,0.316705,-0.006007
14.264954,1.567862,1.268055,-0.671610,-0.665568,1.164557,1.029752,-0.121966,1.444828,-0.246026,0.681961,0.116841,0.292536,0.475250,0.050157,-2.481740,-0.489575,2.564685,-1.708862,-2.021804,0.793103,0.908521,0.252919,0.075983,-0.324271,-0.037208,0.828564,0.318861,-0.005610
14.266067,1.571449,1.270901,-0.671304,-0.664453,1.170432,1.031356,-0.123295,1.395128,-0.237072,0.644867,0.108119,0.298780,0.473703,0.049592,-2.481483,-0.489491,2.564358,-1.708901,-2.020955,0.793437,0.908513,0.253535,0.078730,-0.324263,-0.037447,0.831956,0.323072,-0.005178
14.267039,1.572641,1.272369,-0.666052,-0.664052,1.170073,1.030520,-0.124401,1.353836,-0.232387,0.614146,0.100465,0.303262,0.472297,0.049047,-2.481234,-0.489415,2.564035,-1.708942,-2.020140,0.793764,0.908511,0.252740,0.077900,-0.324501,-0.038586,0.828165,0.324546,-0.004727
14.267988,1.575776,1.274110,-0.668543,-0.661605,1.170878,1.030509,-0.124638,1.321399,-0.229642,0.589678,0.094931,0.306063,0.470928,0.048520,-2.480980,-0.489337,2.563706,-1.708981,-2.019302,0.794101,0.908505,0.252588,0.077582,-0.326644,-0.038919,0.829215,0.327812,-0.004429
14.269051,1.577156,1.270648,-0.666391,-0.661416,1.175827,1.030013,-0.126071,1.298436,-0.224773,0.571089,0.093674,0.307195,0.469445,0.047994,-2.480726,-0.489259,2.563381,-1.709025,-2.018478,0.794439,0.908495,0.251373,0.077097,-0.324825,-0.041195,0.828950,0.330110,-0.005822
14.270044,1.577745,1.272375,-0.661892,-0.660317,1.178049,1.032553,-0.126463,1.283218,-0.216799,0.557010,0.096954,0.306969,0.467843,0.047476,-2.480474,-0.489177,2.563056,-1.709065,-2.017657,0.794775,0.908492,0.251495,0.079340,-0.325808,-0.041359,0.825621,0.333450,-0.005038
14.270972,1.576054,1.271799,-0.664964,-0.660789,1.178247,1.030750,-0.127264,1.274343,-0.208869,0.547414,0.102631,0.305992,0.466372,0.046981,-2.480223,-0.489100,2.562726,-1.709109,-2.016827,0.795114,0.908485,0.251749,0.078903,-0.327622,-0.042307,0.824320,0.333365,-0.006222
14.272082,1.574117,1.267492,-0.669111,-0.660446,1.183497,1.029935,-0.128241,1.268402,-0.201892,0.540387,0.109035,0.304823,0.465156,0.046519,-2.479971,-0.489019,2.562409,-1.709148,-2.016009,0.795458,0.908479,0.252911,0.079513,-0.325547,-0.041715,0.824559,0.337381,-0.006433
14.272979,1.575754,1.264829,-0.669046,-0.659418,1.183354,1.028689,-0.129501,1.256610,-0.195352,0.529721,0.114097,0.304119,0.464108,0.046110,-2.479714,-0.488933,2.562089,-1.709190,-2.015195,0.795808,0.908472,0.254795,0.082199,-0.323567,-0.042077,0.821428,0.341156,-0.006664
14.273970,1.571737,1.262715,-0.670864,-0.657442,1.184544,1.028015,-0.130698,1.233808,-0.191273,0.512249,0.115584,0.304340,0.463242,0.045786,-2.479459,-0.488846,2.561764,-1.709235,-2.014378,0.796161,0.908468,0.254111,0.083717,-0.322909,-0.042832,0.821750,0.344368,-0.005904
14.275105,1.571164,1.262416,-0.671711,-0.656520,1.184534,1.030595,-0.131617,1.200948,-0.190025,0.488700,0.113896,0.305326,0.462551,0.045566,-2.479200,-0.488758,2.561449,-1.709282,-2.013544,0.796511,0.908465,0.256593,0.085094,-0.321725,-0.044600,0.821402,0.347453,-0.005473
14.276054,1.573872,1.259824,-0.676662,-0.657245,1.185445,1.031937,-0.133229,1.157940,-0.189274,0.458464,0.110647,0.306699,0.461924,0.045447,-2.478941,-0.488672,2.561127,-1.709328,-2.012719,0.796862,0.908459,0.257837,0.085776,-0.321475,-0.045425,0.823712,0.347917,-0.005878
14.277019,1.570739,1.262716,-0.672521,-0.655037,1.184959,1.034416,-0.133198,1.105711,-0.188097,0.421970,0.106474,0.308156,0.461347,0.045414,-2.478687,-0.488582,2.560816,-1.709369,-2.011910,0.797211,0.908456,0.256829,0.087312,-0.318616,-0.044553,0.823478,0.348811,-0.004516
14.278111,1.576526,1.262344,-0.671821,-0.653444,1.191021,1.032795,-0.135336,1.047651,-0.185804,0.381435,0.102143,0.309361,0.460837,0.045449,-2.478424,-0.488498,2.560492,-1.709419,-2.011081,0.797562,0.908447,0.258733,0.086173,-0.320261,-0.046478,0.824634,0.348616,-0.006494
14.279087,1.569153,1.262787,-0.663312,-0.652662,1.192249,1.032839,-0.136469,0.989599,-0.180107,0.340454,0.100015,0.309820,0.460329,0.045531,-2.478171,-0.488408,2.560169,-1.709469,-2.010279,0.797926,0.908448,0.256681,0.086819,-0.320599,-0.047855,0.820623,0.353079,-0.004357
14.279999,1.569948,1.263640,-0.664037,-0.652413,1.196256,1.032370,-0.136505,0.937265,-0.171195,0.303171,0.101035,0.309325,0.459815,0.045643,-2.477904,-0.488319,2.559841,-1.709518,-2.009455,0.798282,0.908445,0.260736,0.086871,-0.324427,-0.048338,0.820241,0.355328,-0.004037
14.281046,1.573185,1.253761,-0.669832,-0.651736,1.196826,1.033315,-0.137275,0.890150,-0.160462,0.269700,0.103757,0.308185,0.459322,0.045748,-2.477643,-0.488233,2.559520,-1.709567,-2.008638,0.798647,0.908435,0.260431,0.086672,-0.323403,-0.048223,0.816494,0.357767,-0.005767
14.282077,1.573456,1.255175,-0.662756,-0.651150,1.196801,1.034625,-0.138513,0.845800,-0.151161,0.238950,0.105660,0.306936,0.458956,0.045812,-2.477382,-0.488130,2.559207,-1.709617,-2.007827,0.799010,0.908426,0.259434,0.091886,-0.320445,-0.048644,0.817552,0.359408,-0.006261
14.283010,1.571357,1.252295,-0.661437,-0.650879,1.196219,1.037742,-0.139394,0.805928,-0.148736,0.213134,0.104553,0.305959,0.458968,0.045822,-2.477122,-0.488040,2.558876,-1.709668,-2.007002,0.799373,0.908422,0.259894,0.091475,-0.323726,-0.048953,0.818898,0.360618,-0.005812
14.284088,1.571653,1.249220,-0.661439,-0.650646,1.197584,1.039411,-0.139670,0.772965,-0.154161,0.194201,0.100462,0.305374,0.459443,0.045769,-2.476856,-0.487943,2.558549,-1.709716,-2.006173,0.799733,0.908418,0.261120,0.093062,-0.323742,-0.048900,0.819838,0.359571,-0.005896
14.285072,1.567708,1.246819,-0.660203,-0.648661,1.196182,1.039819,-0.140771,0.745221,-0.166250,0.180723,0.093358,0.305435,0.460334,0.045637,-2.476595,-0.487845,2.558229,-1.709765,-2.005359,0.800094,0.908407,0.261696,0.094921,-0.323730,-0.048939,0.820310,0.360673,-0.007459
14.285964,1.563950,1.244066,-0.660597,-0.646948,1.195973,1.039221,-0.140810,0.718790,-0.183841,0.169558,0.083024,0.306447,0.461523,0.045424,-2.476327,-0.487747,2.557903,-1.709817,-2.004526,0.800461,0.908400,0.264002,0.096305,-0.323929,-0.050578,0.822526,0.362555,-0.007170
14.287102,1.563548,1.242320,-0.660474,-0.648874,1.196738,1.043524,-0.142526,0.689156,-0.203525,0.156533,0.070536,0.308510,0.462708,0.045146,-2.476055,-0.487647,2.557579,-1.709871,-2.003696,0.800830,0.908391,0.265821,0.097722,-0.323002,-0.051790,0.822685,0.365011,-0.008852
14.288095,1.561260,1.243955,-0.667508,-0.646102,1.196718,1.043662,-0.143545,0.653064,-0.223550,0.138833,0.055888,0.311776,0.463739,0.044825,-2.475787,-0.487547,2.557257,-1.709916,-2.002878,0.801191,0.908386,0.266890,0.098972,-0.323249,-0.049786,0.824304,0.363694,-0.007637
14.289017,1.555778,1.241129,-0.660956,-0.645945,1.196036,1.043567,-0.144862,0.608171,-0.241577,0.114189,0.039310,0.316288,0.464536,0.044475,-2.475516,-0.487450,2.556943,-1.709974,-2.002048,0.801563,0.908378,0.268349,0.098342,-0.319456,-0.052119,0.825222,0.365886,-0.007557
14.290070,1.558420,1.243313,-0.663054,-0.645726,1.196491,1.044325,-0.145211,0.552516,-0.253493,0.080131,0.022559,0.321797,0.464927,0.044093,-2.475241,-0.487348,2.556620,-1.710028,-2.001229,0.801934,0.908372,0.271114,0.099828,-0.322194,-0.051786,0.826257,0.367956,-0.006727
14.291049,1.553557,1.245877,-0.671238,-0.644753,1.195713,1.043716,-0.145342,0.489544,-0.259244,0.039061,0.006423,0.327970,0.464965,0.043666,-2.474968,-0.487250,2.556301,-1.710080,-2.000401,0.802308,0.908359,0.270261,0.099007,-0.321011,-0.051710,0.827291,0.369753,-0.008096
14.292017,1.550941,1.242667,-0.668502,-0.644871,1.197252,1.044762,-0.146463,0.420409,-0.256436,-0.008836,-0.007764,0.334430,0.464508,0.043196,-2.474689,-0.487153,2.555988,-1.710133,-1.999579,0.802688,0.908344,0.272891,0.097909,-0.316613,-0.052306,0.828928,0.372559,-0.009726
14.293069,1.551702,1.240384,-0.669915,-0.644067,1.204034,1.043954,-0.146894,0.341273,-0.242471,-0.066985,-0.019488,0.340959,0.463359,0.042722,-2.474411,-0.487053,2.555673,-1.710184,-1.998747,0.803061,0.908339,0.274334,0.099681,-0.317688,-0.051833,0.828025,0.373670,-0.009372
14.294074,1.549484,1.238237,-0.670018,-0.639748,1.205948,1.045069,-0.148752,0.255304,-0.223150,-0.131721,-0.031050,0.347509,0.461826,0.042287,-2.474133,-0.486948,2.555355,-1.710237,-1.997933,0.803448,0.908328,0.274380,0.101019,-0.316882,-0.052316,0.822798,0.376971,-0.010574
14.295012,1.552886,1.240603,-0.666254,-0.639647,1.208429,1.044917,-0.149072,0.169358,-0.203391,-0.197034,-0.042930,0.353770,0.460186,0.041901,-2.473856,-0.486843,2.555044,-1.710300,-1.997118,0.803828,0.908320,0.275792,0.102231,-0.316679,-0.056067,0.822106,0.378140,-0.008797
14.296065,1.558164,1.239067,-0.670033,-0.638089,1.214740,1.045727,-0.149641,0.089716,-0.182684,-0.258586,-0.052664,0.359156,0.458468,0.041550,-2.473583,-0.486743,2.554724,-1.710356,-1.996299,0.804219,0.908309,0.274154,0.101121,-0.318066,-0.055635,0.820122,0.380232,-0.010010
14.297031,1.554804,1.237157,-0.668339,-0.637192,1.217494,1.046195,-0.150550,0.023714,-0.160814,-0.311139,-0.058536,0.363281,0.456707,0.041199,-2.473312,-0.486638,2.554411,-1.710414,-1.995503,0.804609,0.908297,0.272035,0.102119,-0.316124,-0.056768,0.815588,0.381881,-0.010920
14.297996,1.549346,1.237134,-0.669828,-0.635424,1.218320,1.043829,-0.152017,-0.027002,-0.139444,-0.353058,-0.061267,0.366287,0.455030,0.040832,-2.473035,-0.486535,2.554097,-1.710472,-1.994692,0.804996,0.908291,0.273898,0.103166,-0.316657,-0.057145,0.813702,0.383494,-0.010990
14.299099,1.555247,1.241070,-0.669302,-0.636136,1.221521,1.041417,-0.153981,-0.069298,-0.118792,-0.389004,-0.062393,0.368659,0.453507,0.040462,-2.472750,-0.486430,2.553784,-1.710533,-1.993876,0.805394,0.908285,0.276686,0.103254,-0.315563,-0.058321,0.813680,0.387899,-0.009942
14.299962,1.551042,1.241511,-0.670119,-0.636071,1.223464,1.039932,-0.153900,-0.108040,-0.096110,-0.422882,-0.061688,0.370718,0.451968,0.040091,-2.472478,-0.486333,2.553470,-1.710590,-1.993073,0.805801,0.908278,0.274379,0.101631,-0.315981,-0.057217,0.812658,0.392902,-0.008171
14.300980,1.554541,1.239804,-0.670725,-0.637088,1.222916,1.036268,-0.156239,-0.142462,-0.069281,-0.454447,-0.058426,0.372677,0.450240,0.039693,-2.472200,-0.486233,2.553158,-1.710643,-1.992259,0.806202,0.908265,0.276284,0.101421,-0.314880,-0.056789,0.810567,0.395895,-0.010038
14.302163,1.554947,1.241367,-0.672190,-0.635166,1.228111,1.035070,-0.157731,-0.172793,-0.039826,-0.483299,-0.053864,0.374965,0.448365,0.039261,-2.471927,-0.486127,2.552843,-1.710699,-1.991433,0.806616,0.908263,0.274889,0.102429,-0.314419,-0.055361,0.812335,0.401743,-0.007334
14.303044,1.554124,1.236059,-0.669250,-0.637150,1.224221,1.038631,-0.158413,-0.198539,-0.010075,-0.508488,-0.048947,0.377891,0.446393,0.038820,-2.471654,-0.486023,2.552532,-1.710761,-1.990637,0.807025,0.908255,0.275673,0.102022,-0.314160,-0.056891,0.810105,0.405865,-0.006693
14.304020,1.551130,1.240216,-0.671443,-0.634604,1.220388,1.035148,-0.159999,-0.218331,0.016985,-0.528287,-0.044550,0.381663,0.444490,0.038384,-2.471377,-0.485913,2.552215,-1.710811,-1.989811,0.807430,0.908248,0.275919,0.104611,-0.314958,-0.054447,0.813964,0.403833,-0.007068
14.305038,1.550087,1.235959,-0.668356,-0.636244,1.217457,1.033266,-0.160297,-0.233624,0.039897,-0.543327,-0.041359,0.386421,0.442815,0.037955,-2.471094,-0.485816,2.551900,-1.710871,-1.988989,0.807851,0.908244,0.277546,0.102671,-0.313531,-0.056485,0.818638,0.409315,-0.005804
14.306043,1.550488,1.231674,-0.671631,-0.635783,1.216615,1.032412,-0.160435,-0.247073,0.060904,-0.556097,-0.038443,0.392039,0.441223,0.037526,-2.470818,-0.485707,2.551586,-1.710923,-1.988160,0.808269,0.908234,0.278308,0.104921,-0.314855,-0.054486,0.822399,0.413011,-0.007019
14.307113,1.546084,1.232765,-0.666849,-0.637104,1.211689,1.029740,-0.161127,-0.258989,0.077383,-0.566336,-0.037181,0.398519,0.439832,0.037076,-2.470537,-0.485597,2.551277,-1.710977,-1.987324,0.808690,0.908224,0.278204,0.107079,-0.312916,-0.054580,0.823692,0.415438,-0.008387
14.308054,1.546734,1.232402,-0.669593,-0.635594,1.208634,1.027842,-0.161919,-0.269438,0.086050,-0.573446,-0.039429,0.405835,0.438879,0.036600,-2.470252,-0.485490,2.550959,-1.711027,-1.986489,0.809119,0.908216,0.280709,0.106650,-0.315188,-0.053014,0.829719,0.419929,-0.008749
14.309019,1.546487,1.231621,-0.663437,-0.634507,1.203787,1.026472,-0.162230,-0.279642,0.090006,-0.579127,-0.043887,0.413566,0.438238,0.036118,-2.469975,-0.485383,2.550647,-1.711085,-1.985650,0.809551,0.908210,0.280276,0.106809,-0.313247,-0.054010,0.832625,0.423077,-0.008712
14.310000,1.545357,1.232009,-0.660711,-0.636021,1.201478,1.024589,-0.163350,-0.287498,0.092746,-0.582844,-0.047914,0.421047,0.437764,0.035637,-2.469692,-0.485274,2.550324,-1.711141,-1.984804,0.809988,0.908197,0.280343,0.107181,-0.315784,-0.054610,0.837516,0.425762,-0.009665
14.311072,1.545135,1.230702,-0.657368,-0.635207,1.198455,1.023160,-0.163594,-0.288838,0.094229,-0.581681,-0.050526,0.427810,0.437525,0.035149,-2.469410,-0.485169,2.550009,-1.711191,-1.983955,0.810420,0.908189,0.280926,0.107034,-0.316697,-0.052757,0.839934,0.429075,-0.009017
14.312081,1.543101,1.227582,-0.660899,-0.635810,1.198757,1.020431,-0.164490,-0.282346,0.092935,-0.574294,-0.052679,0.433740,0.437637,0.034659,-2.469128,-0.485059,2.549686,-1.711245,-1.983093,0.810862,0.908179,0.281346,0.107806,-0.318157,-0.053272,0.843775,0.432236,-0.010301
14.312963,1.546011,1.229345,-0.654508,-0.633758,1.195592,1.016766,-0.164114,-0.270977,0.087968,-0.562638,-0.055704,0.438898,0.438133,0.034180,-2.468840,-0.484945,2.549374,-1.711295,-1.982249,0.811307,0.908171,0.282404,0.109344,-0.316062,-0.052354,0.843876,0.436432,-0.010152
14.314123,1.543022,1.224763,-0.651240,-0.632356,1.195492,1.015851,-0.164157,-0.256522,0.080126,-0.548331,-0.059545,0.443201,0.438927,0.033709,-2.468564,-0.484838,2.549049,-1.711353,-1.981393,0.811755,0.908156,0.280655,0.108340,-0.318422,-0.053846,0.846255,0.441022,-0.012344
14.315107,1.543673,1.224424,-0.652509,-0.630933,1.195207,1.012974,-0.165623,-0.235947,0.070244,-0.529493,-0.062659,0.446284,0.439991,0.033240,-2.468277,-0.484720,2.548724,-1.711410,-1.980536,0.812212,0.908140,0.282757,0.110797,-0.320114,-0.054908,0.847976,0.443927,-0.014131
14.315970,1.547324,1.221588,-0.650376,-0.630364,1.197456,1.009452,-0.166100,-0.209547,0.057852,-0.506239,-0.064802,0.448027,0.441356,0.032790,-2.467998,-0.484609,2.548411,-1.711468,-1.979689,0.812663,0.908129,0.282456,0.110919,-0.319046,-0.055838,0.848429,0.448135,-0.012773
14.317089,1.543486,1.223094,-0.647496,-0.628487,1.199080,1.009372,-0.166416,-0.179108,0.043195,-0.480012,-0.066208,0.448513,0.442884,0.032377,-2.467719,-0.484495,2.548090,-1.711524,-1.978844,0.813125,0.908115,0.280252,0.112137,-0.319220,-0.055839,0.845282,0.452411,-0.013222
14.318113,1.546949,1.222782,-0.644015,-0.627860,1.201477,1.006612,-0.166983,-0.144498,0.027314,-0.451060,-0.066512,0.447773,0.444420,0.031986,-2.467432,-0.484383,2.547760,-1.711585,-1.978012,0.813588,0.908097,0.282634,0.111506,-0.320543,-0.057278,0.845209,0.454270,-0.014399
14.318947,1.542372,1.222204,-0.637226,-0.628167,1.206233,1.003440,-0.167998,-0.106726,0.011968,-0.420468,-0.065099,0.445833,0.445884,0.031610,-2.467154,-0.484272,2.547438,-1.711642,-1.977169,0.814051,0.908080,0.281063,0.111714,-0.321913,-0.057435,0.843367,0.458466,-0.014905
14.320102,1.544758,1.219000,-0.636602,-0.626620,1.209678,1.003336,-0.168430,-0.065733,-0.003004,-0.387977,-0.062464,0.442926,0.447275,0.031282,-2.466865,-0.484158,2.547110,-1.711698,-1.976338,0.814524,0.908065,0.282804,0.111744,-0.324225,-0.056537,0.837585,0.462202,-0.014199
14.320989,1.542778,1.216812,-0.627984,-0.626292,1.210322,1.000020,-0.169377,-0.022200,-0.020078,-0.353262,-0.060423,0.439490,0.448683,0.031024,-2.466589,-0.484041,2.546788,-1.711758,-1.975516,0.814988,0.908045,0.282266,0.113495,-0.324606,-0.057714,0.836131,0.464237,-0.015205
14.321984,1.547398,1.218148,-0.631211,-0.623724,1.213243,1.000589,-0.170121,0.024056,-0.041737,-0.315462,-0.059901,0.435788,0.450211,0.030826,-2.466303,-0.483927,2.546453,-1.711814,-1.974683,0.815467,0.908032,0.282904,0.114394,-0.327953,-0.057476,0.834956,0.468327,-0.014730
14.323065,1.547054,1.215638,-0.627450,-0.622252,1.213660,1.003129,-0.170713,0.074516,-0.066948,-0.273768,-0.059569,0.431810,0.451758,0.030669,-2.466022,-0.483813,2.546128,-1.711877,-1.973861,0.815945,0.908016,0.280628,0.113667,-0.325780,-0.059459,0.832552,0.468924,-0.014848
14.324109,1.544279,1.216728,-0.623067,-0.622112,1.213603,1.003522,-0.171442,0.128595,-0.091639,-0.229638,-0.056966,0.427442,0.453115,0.030528,-2.465741,-0.483696,2.545800,-1.711940,-1.973029,0.816410,0.908000,0.281191,0.114986,-0.327453,-0.060383,0.833350,0.468002,-0.015412
14.325048,1.545875,1.210564,-0.618696,-0.620438,1.216894,1.002953,-0.171871,0.183922,-0.114576,-0.184951,-0.051811,0.422806,0.454331,0.030380,-2.465455,-0.483582,2.545463,-1.712000,-1.972186,0.816885,0.907981,0.282758,0.114446,-0.329174,-0.059997,0.834151,0.469048,-0.015622
14.326012,1.540781,1.213973,-0.615552,-0.620673,1.213342,1.003001,-0.173812,0.239216,-0.137982,-0.139908,-0.045845,0.418260,0.455648,0.030220,-2.465176,-0.483457,2.545132,-1.712064,-1.971368,0.817355,0.907964,0.281837,0.117321,-0.330590,-0.061010,0.830897,0.470640,-0.016271
14.327073,1.540742,1.209455,-0.615289,-0.618968,1.216908,1.002452,-0.173749,0.293428,-0.162970,-0.094918,-0.040226,0.414061,0.457176,0.030059,-2.464887,-0.483345,2.544796,-1.712122,-1.970512,0.817829,0.907956,0.284279,0.115506,-0.331415,-0.060234,0.834440,0.471694,-0.013943
14.328041,1.542322,1.207166,-0.612065,-0.618735,1.218264,1.001076,-0.174333,0.342358,-0.187296,-0.053495,-0.035079,0.410339,0.458769,0.029894,-2.464599,-0.483221,2.544461,-1.712186,-1.969703,0.818313,0.907934,0.284481,0.117736,-0.331139,-0.061373,0.832043,0.473680,-0.015799
14.329175,1.541804,1.202801,-0.609883,-0.619472,1.218370,1.000952,-0.174829,0.385122,-0.211224,-0.016364,-0.030969,0.407210,0.460355,0.029697,-2.464318,-0.483102,2.544127,-1.712247,-1.968872,0.818793,0.907920,0.283660,0.118729,-0.332065,-0.061009,0.830906,0.476145,-0.016178
14.330071,1.540017,1.201763,-0.602951,-0.615774,1.217628,1.004466,-0.175018,0.424959,-0.238599,0.019520,-0.029529,0.404805,0.462019,0.029455,-2.464033,-0.482976,2.543791,-1.712306,-1.968034,0.819277,0.907899,0.284429,0.120930,-0.332992,-0.059875,0.832412,0.477996,-0.017007
14.330991,1.542129,1.196851,-0.596625,-0.615177,1.219708,1.003696,-0.176709,0.464153,-0.270883,0.056051,-0.031057,0.403016,0.463785,0.029183,-2.463745,-0.482853,2.543456,-1.712376,-1.967195,0.819753,0.907881,0.284957,0.121148,-0.335514,-0.062744,0.832630,0.475250,-0.018057
14.332093,1.543708,1.200213,-0.597553,-0.613954,1.217203,1.006431,-0.176562,0.506787,-0.307604,0.095924,-0.033995,0.401479,0.465637,0.028906,-2.463466,-0.482728,2.543114,-1.712437,-1.966371,0.820233,0.907868,0.283715,0.123342,-0.337708,-0.062680,0.830369,0.476947,-0.016134
14.333076,1.543729,1.198042,-0.592978,-0.613983,1.221201,1.005225,-0.178077,0.555557,-0.346728,0.140453,-0.036785,0.399911,0.467390,0.028645,-2.463182,-0.482607,2.542774,-1.712504,-1.965530,0.820712,0.907843,0.283335,0.121651,-0.336903,-0.063298,0.834215,0.475819,-0.018213
14.333975,1.544212,1.199550,-0.586451,-0.612453,1.223092,1.003675,-0.178445,0.607841,-0.383876,0.186653,-0.038370,0.398257,0.468684,0.028399,-2.462900,-0.482482,2.542435,-1.712567,-1.964712,0.821188,0.907828,0.283345,0.122573,-0.338507,-0.062636,0.830612,0.478224,-0.016733
14.335095,1.550578,1.200639,-0.581479,-0.613029,1.222256,1.009728,-0.179447,0.662073,-0.416917,0.232929,-0.038703,0.396696,0.469320,0.028150,-2.462619,-0.482363,2.542087,-1.712631,-1.963881,0.821674,0.907812,0.282827,0.121569,-0.340675,-0.063453,0.828320,0.480532,-0.017456
14.336087,1.553254,1.201170,-0.578817,-0.610784,1.225053,1.011089,-0.180532,0.721895,-0.445917,0.282002,-0.037382,0.395288,0.469364,0.027869,-2.462339,-0.482243,2.541740,-1.712692,-1.963057,0.822151,0.907793,0.280139,0.121079,-0.342813,-0.062391,0.830818,0.476138,-0.017247
14.336953,1.551497,1.197898,-0.576233,-0.609773,1.224733,1.008571,-0.180010,0.791441,-0.470688,0.336866,-0.033297,0.393941,0.468997,0.027540,-2.462063,-0.482123,2.541398,-1.712758,-1.962229,0.822625,0.907775,0.278932,0.120703,-0.343413,-0.063971,0.828412,0.476027,-0.016659
14.338009,1.546817,1.196642,-0.572351,-0.610248,1.224727,1.008252,-0.181087,0.868264,-0.491021,0.395699,-0.026587,0.392823,0.468310,0.027155,-2.461783,-0.481999,2.541055,-1.712824,-1.961395,0.823115,0.907748,0.279462,0.122023,-0.343543,-0.064186,0.828029,0.479183,-0.019072
14.339016,1.544170,1.192588,-0.571611,-0.608923,1.223997,1.006477,-0.180981,0.943698,-0.507918,0.452604,-0.019680,0.392415,0.467353,0.026729,-2.461499,-0.481874,2.540710,-1.712885,-1.960573,0.823596,0.907728,0.282063,0.122552,-0.344973,-0.063175,0.829115,0.480927,-0.018579
14.339974,1.545641,1.193665,-0.572124,-0.606697,1.226184,1.008938,-0.181474,1.009270,-0.523240,0.502111,-0.015500,0.393125,0.466244,0.026301,-2.461210,-0.481747,2.540364,-1.712952,-1.959739,0.824087,0.907707,0.283381,0.124404,-0.344605,-0.063825,0.830351,0.483881,-0.020412
14.340973,1.543369,1.194686,-0.570380,-0.605115,1.223270,1.009374,-0.180517,1.061513,-0.536083,0.541512,-0.013881,0.394822,0.464965,0.025883,-2.460929,-0.481624,2.540019,-1.713020,-1.958918,0.824571,0.907685,0.282566,0.123643,-0.343472,-0.065280,0.828349,0.482390,-0.020930
14.341998,1.546122,1.187217,-0.569082,-0.603535,1.226688,1.008010,-0.182295,1.100990,-0.542217,0.570102,-0.011823,0.396898,0.463315,0.025460,-2.460646,-0.481504,2.539676,-1.713088,-1.958084,0.825052,0.907656,0.283772,0.123035,-0.343653,-0.066139,0.831770,0.483182,-0.024429
14.343177,1.543864,1.189441,-0.568810,-0.603413,1.231695,1.007588,-0.182532,1.130639,-0.541836,0.589905,-0.008230,0.398862,0.461283,0.025042,-2.460365,-0.481373,2.539329,-1.713156,-1.957255,0.825547,0.907636,0.282542,0.126600,-0.343643,-0.067021,0.829000,0.485788,-0.022458
14.344044,1.542534,1.187047,-0.562535,-0.601781,1.230259,1.006227,-0.183494,1.153271,-0.539612,0.603930,-0.004823,0.400610,0.459034,0.024653,-2.460078,-0.481250,2.538990,-1.713221,-1.956441,0.826043,0.907610,0.284328,0.125540,-0.343733,-0.066619,0.826221,0.488052,-0.023884
14.345014,1.547317,1.185828,-0.556167,-0.601507,1.235153,1.007193,-0.184144,1.169514,-0.536411,0.612833,-0.002215,0.402031,0.456571,0.024304,-2.459796,-0.481123,2.538641,-1.713289,-1.955616,0.826532,0.907590,0.284587,0.126388,-0.345660,-0.067420,0.827064,0.490024,-0.023312
14.345988,1.547530,1.185839,-0.551777,-0.600621,1.239044,1.004474,-0.185095,1.185001,-0.533417,0.620938,0.000152,0.402865,0.454048,0.023990,-2.459516,-0.480994,2.538286,-1.713357,-1.954795,0.827027,0.907566,0.282172,0.126740,-0.347901,-0.066930,0.822440,0.490038,-0.023547
14.347028,1.554328,1.190245,-0.548768,-0.599414,1.241206,1.002435,-0.186190,1.207552,-0.533136,0.634441,0.002561,0.403046,0.451701,0.023698,-2.459235,-0.480866,2.537933,-1.713426,-1.953974,0.827522,0.907546,0.282077,0.126496,-0.349180,-0.067047,0.818906,0.493803,-0.023187
14.347988,1.558356,1.186807,-0.541241,-0.600149,1.244423,0.996875,-0.186294,1.239903,-0.532909,0.654681,0.006824,0.402564,0.449359,0.023397,-2.458966,-0.480749,2.537579,-1.713493,-1.953162,0.828029,0.907527,0.279009,0.124247,-0.349979,-0.067572,0.817790,0.497052,-0.022661
14.348957,1.556755,1.192793,-0.535206,-0.597063,1.248899,0.992732,-0.188065,1.284936,-0.530656,0.683260,0.014569,0.401505,0.446824,0.023044,-2.458692,-0.480621,2.537217,-1.713558,-1.952362,0.828551,0.907499,0.277041,0.125749,-0.352703,-0.066145,0.815003,0.503439,-0.023966
14.350057,1.554820,1.190763,-0.529745,-0.595933,1.245319,0.994276,-0.187650,1.343295,-0.526350,0.720777,0.025796,0.400292,0.444011,0.022616,-2.458417,-0.480505,2.536862,-1.713631,-1.951556,0.829065,0.907480,0.277912,0.122621,-0.354766,-0.068394,0.810977,0.508451,-0.021938
14.351025,1.558785,1.186669,-0.528891,-0.597548,1.242617,0.993048,-0.188704,1.408870,-0.516884,0.762354,0.041053,0.399370,0.440770,0.022097,-2.458135,-0.480379,2.536500,-1.713701,-1.950726,0.829576,0.907450,0.279299,0.123632,-0.356906,-0.068808,0.816008,0.508290,-0.024536
14.352061,1.557571,1.181416,-0.529523,-0.597149,1.239605,0.989732,-0.190775,1.476026,-0.504432,0.804683,0.058239,0.399324,0.437357,0.021492,-2.457862,-0.480251,2.536150,-1.713764,-1.949903,0.830087,0.907427,0.277361,0.125436,-0.356419,-0.066526,0.818979,0.510433,-0.023923
14.353036,1.551559,1.181452,-0.529762,-0.595371,1.236682,0.986477,-0.190578,1.541080,-0.495992,0.846835,0.072661,0.400901,0.434224,0.020833,-2.457582,-0.480119,2.535797,-1.713828,-1.949070,0.830617,0.907413,0.278214,0.127865,-0.355391,-0.066340,0.822770,0.514826,-0.021440
14.353985,1.549423,1.171946,-0.529086,-0.591743,1.229750,0.981060,-0.192259,1.596010,-0.491718,0.883025,0.082378,0.404432,0.431374,0.020145,-2.457293,-0.479992,2.535443,-1.713898,-1.948244,0.831152,0.907384,0.281144,0.127604,-0.354353,-0.067327,0.826009,0.518858,-0.023395
14.355067,1.542848,1.176611,-0.530721,-0.590239,1.227613,0.977485,-0.192901,1.633409,-0.488186,0.906972,0.088194,0.409658,0.428629,0.019428,-2.457011,-0.479853,2.535093,-1.713973,-1.947399,0.831687,0.907369,0.282085,0.131994,-0.353740,-0.070038,0.832871,0.524968,-0.021520
14.356069,1.542005,1.169801,-0.531345,-0.589799,1.223543,0.972748,-0.194050,1.650010,-0.482163,0.915435,0.091790,0.416000,0.425797,0.018687,-2.456720,-0.479729,2.534737,-1.714045,-1.946552,0.832229,0.907344,0.285642,0.129552,-0.352339,-0.070763,0.836009,0.529706,-0.021975
14.357026,1.541532,1.167109,-0.531289,-0.589732,1.221579,0.968869,-0.194154,1.643615,-0.470341,0.906110,0.094102,0.422946,0.422613,0.017934,-2.456435,-0.479589,2.534392,-1.714116,-1.945706,0.832766,0.907325,0.286074,0.132676,-0.351314,-0.070411,0.840445,0.535330,-0.021263
14.357974,1.540800,1.166753,-0.525589,-0.587817,1.219887,0.966186,-0.195197,1.617646,-0.455547,0.882179,0.093684,0.430155,0.419160,0.017190,-2.456145,-0.479454,2.534042,-1.714183,-1.944855,0.833315,0.907302,0.286138,0.133657,-0.350413,-0.069715,0.842283,0.539818,-0.022586
14.359053,1.543236,1.165404,-0.523252,-0.585875,1.222088,0.964463,-0.196715,1.580610,-0.441556,0.850643,0.090026,0.437111,0.415655,0.016477,-2.455858,-0.479319,2.533686,-1.714258,-1.944017,0.833868,0.907280,0.286335,0.133469,-0.352261,-0.070713,0.843929,0.543050,-0.021981
14.360049,1.550227,1.165821,-0.521529,-0.584485,1.219601,0.962603,-0.196843,1.541501,-0.428065,0.817894,0.085276,0.443092,0.412185,0.015815,-2.455576,-0.479184,2.533336,-1.714331,-1.943172,0.834416,0.907264,0.285454,0.133963,-0.352894,-0.071875,0.842736,0.545892,-0.020680
14.360943,1.547058,1.163074,-0.520788,-0.580536,1.220900,0.960551,-0.198079,1.509181,-0.414548,0.790076,0.081944,0.447464,0.408810,0.015198,-2.455299,-0.479050,2.532981,-1.714406,-1.942314,0.834975,0.907240,0.282047,0.133467,-0.352887,-0.072361,0.845439,0.548470,-0.022017
14.362065,1.546208,1.164754,-0.521985,-0.579641,1.224309,0.959646,-0.198559,1.487435,-0.399724,0.769475,0.081956,0.449869,0.405466,0.014604,-2.455011,-0.478911,2.532631,-1.714485,-1.941482,0.835537,0.907219,0.283313,0.134380,-0.352111,-0.075239,0.843637,0.550802,-0.020937
14.363051,1.548862,1.163217,-0.518237,-0.578564,1.226995,0.961059,-0.199262,1.470527,-0.381103,0.751425,0.085535,0.450456,0.401965,0.014039,-2.454725,-0.478781,2.532280,-1.714558,-1.940636,0.836092,0.907196,0.284181,0.133461,-0.351135,-0.075382,0.841635,0.552968,-0.021780
14.363996,1.544918,1.164681,-0.520729,-0.575382,1.230106,0.958383,-0.199351,1.453328,-0.358279,0.732379,0.091320,0.449685,0.398288,0.013517,-2.454444,-0.478645,2.531923,-1.714634,-1.939795,0.836651,0.907174,0.282856,0.133924,-0.352108,-0.075531,0.839200,0.552209,-0.021932
14.364964,1.546007,1.163610,-0.516986,-0.572033,1.232652,0.954778,-0.200615,1.434593,-0.331655,0.711728,0.098532,0.447943,0.394525,0.013023,-2.454157,-0.478513,2.531580,-1.714716,-1.938972,0.837204,0.907147,0.284682,0.132859,-0.349944,-0.077611,0.836158,0.555472,-0.023239
14.365988,1.543046,1.162265,-0.512463,-0.573342,1.233142,0.954732,-0.200455,1.411934,-0.299126,0.687283,0.108141,0.445466,0.390589,0.012542,-2.453873,-0.478380,2.531229,-1.714796,-1.938135,0.837773,0.907128,0.284057,0.133103,-0.350935,-0.079902,0.833767,0.559631,-0.022231
14.367014,1.538073,1.158772,-0.524218,-0.570808,1.238590,0.953347,-0.200824,1.386251,-0.262528,0.660247,0.119588,0.442591,0.386618,0.012072,-2.453583,-0.478246,2.530872,-1.714870,-1.937307,0.838338,0.907099,0.285616,0.133536,-0.352418,-0.077717,0.834022,0.560443,-0.024177
14.367969,1.537746,1.155918,-0.521498,-0.569780,1.240796,0.954903,-0.201694,1.353096,-0.225839,0.628597,0.129456,0.440007,0.382842,0.011641,-2.453291,-0.478110,2.530542,-1.714951,-1.936488,0.838901,0.907073,0.288148,0.135019,-0.346009,-0.079261,0.829355,0.562661,-0.025040
14.368953,1.534012,1.151079,-0.528072,-0.569834,1.237788,0.953365,-0.201578,1.304168,-0.189927,0.586589,0.135467,0.438271,0.379257,0.011281,-2.453000,-0.477970,2.530194,-1.715030,-1.935657,0.839462,0.907050,0.288096,0.136037,-0.346516,-0.079233,0.827260,0.561615,-0.024799
14.370017,1.530991,1.152347,-0.526033,-0.568570,1.241577,0.956723,-0.202562,1.239309,-0.157019,0.534512,0.136763,0.437522,0.375956,0.010989,-2.452709,-0.477827,2.529858,-1.715108,-1.934830,0.840020,0.907020,0.289887,0.138064,-0.342524,-0.078191,0.830706,0.563860,-0.026579
14.371107,1.531414,1.148079,-0.523589,-0.566977,1.241530,0.957479,-0.203281,1.160112,-0.128302,0.473692,0.133215,0.437673,0.372991,0.010744,-2.452413,-0.477691,2.529516,-1.715187,-1.934007,0.840580,0.906995,0.291526,0.137189,-0.343113,-0.078531,0.827981,0.561448,-0.026271
14.372141,1.528761,1.146405,-0.529760,-0.565431,1.241139,0.958293,-0.205241,1.071691,-0.103524,0.407676,0.126368,0.438345,0.370443,0.010529,-2.452118,-0.477549,2.529168,-1.715267,-1.933181,0.841148,0.906967,0.291522,0.139097,-0.343886,-0.079200,0.829396,0.561772,-0.026549
14.372968,1.527189,1.140902,-0.521826,-0.564502,1.245914,0.957902,-0.205503,0.980274,-0.083133,0.340903,0.117905,0.439087,0.368466,0.010347,-2.451826,-0.477411,2.528839,-1.715347,-1.932348,0.841711,0.906947,0.292930,0.139656,-0.340343,-0.079745,0.830542,0.561807,-0.024253
14.374019,1.527584,1.140033,-0.525317,-0.562985,1.247698,0.958390,-0.206023,0.888337,-0.068105,0.275237,0.107948,0.439741,0.367144,0.010204,-2.451530,-0.477265,2.528489,-1.715427,-1.931532,0.842276,0.906918,0.293013,0.141774,-0.342999,-0.079503,0.824805,0.562195,-0.025026
14.374974,1.528323,1.140332,-0.524775,-0.560293,1.246674,0.956680,-0.207622,0.800337,-0.060287,0.214205,0.096089,0.440318,0.366557,0.010067,-2.451238,-0.477123,2.528154,-1.715509,-1.930699,0.842837,0.906892,0.292939,0.141887,-0.340775,-0.080014,0.823981,0.562639,-0.025642
14.375994,1.523335,1.140518,-0.525512,-0.559766,1.247632,0.957370,-0.206723,0.719257,-0.056586,0.158992,0.084462,0.440607,0.366478,0.009892,-2.450946,-0.476985,2.527814,-1.715593,-1.929878,0.843409,0.906868,0.292352,0.141345,-0.340237,-0.081549,0.825210,0.564845,-0.023925
14.377046,1.526682,1.138470,-0.526158,-0.558537,1.250757,0.957629,-0.208300,0.643434,-0.050990,0.106861,0.075702,0.440416,0.366551,0.009647,-2.450644,-0.476843,2.527473,-1.715674,-1.929052,0.843981,0.906834,0.294781,0.140911,-0.339264,-0.081030,0.824953,0.564876,-0.027342
14.378061,1.522491,1.135031,-0.522489,-0.557407,1.247617,0.952829,-0.208002,0.570819,-0.042070,0.056078,0.069473,0.439939,0.366728,0.009322,-2.450356,-0.476703,2.527141,-1.715758,-1.928237,0.844544,0.906814,0.293251,0.141662,-0.338544,-0.081211,0.822905,0.565546,-0.025820
14.378958,1.521455,1.132310,-0.530522,-0.556310,1.249848,0.949805,-0.209503,0.502982,-0.032641,0.008487,0.064219,0.439460,0.367154,0.008929,-2.450055,-0.476557,2.526798,-1.715840,-1.927398,0.845127,0.906782,0.295276,0.142991,-0.339747,-0.081300,0.826638,0.571044,-0.028026
14.380117,1.520413,1.130246,-0.524904,-0.554397,1.251084,0.948156,-0.209567,0.438588,-0.024388,-0.036529,0.058556,0.439295,0.367779,0.008477,-2.449756,-0.476409,2.526469,-1.715921,-1.926587,0.845711,0.906759,0.295290,0.143773,-0.334796,-0.081260,0.824122,0.574218,-0.026396
14.381043,1.520084,1.127053,-0.529463,-0.552991,1.251607,0.947642,-0.209725,0.374519,-0.016864,-0.081381,0.051776,0.439743,0.368407,0.007966,-2.449462,-0.476264,2.526127,-1.716006,-1.925757,0.846288,0.906725,0.296287,0.144611,-0.337533,-0.082174,0.824802,0.577138,-0.028103
14.382096,1.522098,1.125452,-0.528371,-0.551975,1.251526,0.946725,-0.211253,0.312568,-0.010648,-0.124615,0.043916,0.440916,0.369008,0.007395,-2.449165,-0.476113,2.525798,-1.716090,-1.924926,0.846870,0.906696,0.296076,0.145632,-0.334404,-0.082409,0.824103,0.577932,-0.029215
14.383075,1.516627,1.120744,-0.530502,-0.550406,1.250559,0.945268,-0.211483,0.255130,-0.006213,-0.164336,0.035169,0.442854,0.369569,0.006789,-2.448867,-0.475964,2.525465,-1.716173,-1.924101,0.847444,0.906670,0.295129,0.146045,-0.334593,-0.082385,0.825214,0.579719,-0.027792
14.384043,1.513925,1.115575,-0.531327,-0.549685,1.251764,0.942059,-0.213075,0.201930,-0.003718,-0.200623,0.025264,0.445623,0.370053,0.006179,-2.448567,-0.475814,2.525137,-1.716255,-1.923266,0.848033,0.906639,0.297680,0.147921,-0.332907,-0.082871,0.826433,0.581647,-0.028870
14.385192,1.518700,1.114673,-0.531843,-0.546018,1.252968,0.943092,-0.213296,0.148902,-0.004354,-0.236042,0.012591,0.449411,0.370492,0.005579,-2.448262,-0.475660,2.524803,-1.716336,-1.922451,0.848629,0.906615,0.298707,0.149948,-0.331801,-0.082517,0.825573,0.585260,-0.027185
14.386043,1.515773,1.109374,-0.533223,-0.544345,1.250905,0.938116,-0.214932,0.096361,-0.008323,-0.270384,-0.002667,0.454064,0.370940,0.004993,-2.447970,-0.475510,2.524476,-1.716424,-1.921623,0.849210,0.906584,0.296752,0.150118,-0.331551,-0.085123,0.826198,0.585402,-0.028568
14.387068,1.515654,1.108835,-0.535646,-0.544065,1.253175,0.937371,-0.215043,0.049343,-0.013876,-0.300590,-0.017859,0.458993,0.371401,0.004423,-2.447670,-0.475353,2.524147,-1.716511,-1.920785,0.849809,0.906561,0.297583,0.152031,-0.329802,-0.085464,0.827372,0.590315,-0.026599
14.387967,1.511800,1.106020,-0.531510,-0.541788,1.253718,0.932210,-0.215677,0.007065,-0.019452,-0.327598,-0.032395,0.463924,0.371829,0.003875,-2.447375,-0.475199,2.523826,-1.716595,-1.919967,0.850397,0.906531,0.297635,0.151801,-0.328241,-0.084642,0.825908,0.591692,-0.028006
14.389103,1.509706,1.098351,-0.535248,-0.539752,1.256582,0.933395,-0.216985,-0.033060,-0.024006,-0.353395,-0.046855,0.468757,0.372226,0.003333,-2.447073,-0.475046,2.523494,-1.716683,-1.919129,0.851009,0.906504,0.299063,0.152580,-0.329427,-0.085641,0.824897,0.596896,-0.028121
14.390039,1.514880,1.095963,-0.534527,-0.538355,1.259071,0.928065,-0.216748,-0.071785,-0.028732,-0.378170,-0.061823,0.473316,0.372802,0.002782,-2.446766,-0.474881,2.523167,-1.716771,-1.918324,0.851615,0.906476,0.300347,0.155973,-0.327487,-0.086581,0.823962,0.596670,-0.027286
14.391024,1.510434,1.091053,-0.535946,-0.537354,1.262099,0.923110,-0.218514,-0.107436,-0.036600,-0.400063,-0.077914,0.477428,0.373846,0.002221,-2.446475,-0.474725,2.522844,-1.716856,-1.917510,0.852217,0.906445,0.297459,0.156515,-0.327179,-0.086781,0.821556,0.602273,-0.029227
14.392048,1.512620,1.088474,-0.533162,-0.535288,1.265894,0.916440,-0.219261,-0.137297,-0.048241,-0.417040,-0.094845,0.480952,0.375373,0.001652,-2.446171,-0.474562,2.522519,-1.716942,-1.916694,0.852840,0.906421,0.299490,0.158341,-0.325929,-0.086607,0.819024,0.607519,-0.027208
14.393099,1.512805,1.089236,-0.532838,-0.534634,1.267630,0.913840,-0.220442,-0.161416,-0.062599,-0.429367,-0.112287,0.483891,0.377191,0.001098,-2.445872,-0.474398,2.522196,-1.717032,-1.915890,0.853476,0.906392,0.298312,0.159022,-0.326959,-0.087433,0.816190,0.614580,-0.027336
14.394069,1.510690,1.089120,-0.527736,-0.531637,1.270943,0.908356,-0.220811,-0.178611,-0.077347,-0.436684,-0.128801,0.486181,0.379045,0.000574,-2.445574,-0.474243,2.521866,-1.717118,-1.915071,0.854096,0.906366,0.298287,0.158166,-0.326748,-0.086965,0.815530,0.617720,-0.026621
14.394997,1.509334,1.082618,-0.528744,-0.532537,1.270239,0.907938,-0.220408,-0.187853,-0.088397,-0.439118,-0.141955,0.487745,0.380572,0.000054,-2.445274,-0.474087,2.521532,-1.717209,-1.914259,0.854733,0.906336,0.299105,0.157652,-0.328619,-0.088674,0.812604,0.623378,-0.027402
14.396086,1.509495,1.080920,-0.525022,-0.530691,1.273466,0.907190,-0.222336,-0.190942,-0.095480,-0.437857,-0.151896,0.488928,0.381591,-0.000496,-2.444975,-0.473922,2.521209,-1.717293,-1.913451,0.855353,0.906303,0.299397,0.160184,-0.327383,-0.086553,0.813412,0.623814,-0.029641
14.397012,1.505803,1.077096,-0.521403,-0.531054,1.274281,0.910210,-0.221738,-0.189279,-0.103001,-0.432696,-0.161200,0.490382,0.382253,-0.001071,-2.444676,-0.473763,2.520876,-1.717383,-1.912639,0.855983,0.906280,0.299487,0.160563,-0.328988,-0.087255,0.811616,0.625245,-0.027472
14.398057,1.508624,1.081515,-0.517946,-0.529982,1.270407,0.907852,-0.223397,-0.183040,-0.113983,-0.422889,-0.171479,0.492640,0.382790,-0.001653,-2.444372,-0.473598,2.520542,-1.717468,-1.911840,0.856606,0.906244,0.300894,0.161730,-0.329952,-0.085678,0.810966,0.622234,-0.030123
14.399069,1.504549,1.078354,-0.520026,-0.527129,1.270282,0.908409,-0.223483,-0.171598,-0.126806,-0.408271,-0.181758,0.495872,0.383249,-0.002248,-2.444076,-0.473446,2.520212,-1.717552,-1.911010,0.857228,0.906220,0.299523,0.159054,-0.331290,-0.085692,0.815781,0.625196,-0.028414
14.400086,1.504003,1.073262,-0.521124,-0.528165,1.266242,0.906254,-0.223905,-0.155921,-0.135811,-0.391026,-0.188883,0.499894,0.383379,-0.002878,-2.443772,-0.473286,2.519883,-1.717643,-1.910183,0.857857,0.906189,0.301440,0.160101,-0.329728,-0.087275,0.816504,0.624976,-0.029842
14.400963,1.497506,1.070776,-0.520135,-0.528359,1.260238,0.908190,-0.225018,-0.140916,-0.139507,-0.375279,-0.192660,0.504774,0.383077,-0.003560,-2.443472,-0.473119,2.519557,-1.717723,-1.909361,0.858484,0.906156,0.301609,0.162016,-0.328744,-0.085201,0.821298,0.627552,-0.030564
14.402047,1.495594,1.069349,-0.516627,-0.529549,1.257136,0.906565,-0.225425,-0.131823,-0.141781,-0.363970,-0.196504,0.510845,0.382542,-0.004289,-2.443160,-0.472959,2.519229,-1.717804,-1.908521,0.859109,0.906128,0.304168,0.162488,-0.328305,-0.083862,0.826619,0.625407,-0.029676
14.403025,1.497772,1.063915,-0.516431,-0.528393,1.248968,0.905935,-0.226469,-0.130707,-0.144947,-0.358012,-0.202668,0.518092,0.381876,-0.005042,-2.442853,-0.472797,2.518896,-1.717881,-1.907687,0.859741,0.906094,0.305165,0.162701,-0.329789,-0.081796,0.830904,0.627721,-0.030558
14.403975,1.497535,1.064094,-0.514486,-0.525766,1.243909,0.905911,-0.226930,-0.133811,-0.150637,-0.354446,-0.211245,0.526020,0.381085,-0.005787,-2.442554,-0.472629,2.518570,-1.717962,-1.906831,0.860363,0.906066,0.303842,0.164733,-0.329290,-0.081921,0.839147,0.628606,-0.029978
14.405027,1.492714,1.057016,-0.520331,-0.525751,1.245223,0.908348,-0.228420,-0.134343,-0.158599,-0.348894,-0.219797,0.533691,0.380093,-0.006495,-2.442250,-0.472466,2.518238,-1.718046,-1.905971,0.860994,0.906033,0.303605,0.163922,-0.329533,-0.083399,0.843927,0.628726,-0.030528
14.406018,1.496272,1.053377,-0.516459,-0.523876,1.241105,0.907432,-0.229447,-0.133274,-0.166760,-0.342939,-0.226996,0.540477,0.378749,-0.007137,-2.441941,-0.472294,2.517919,-1.718128,-1.905131,0.861624,0.906004,0.305970,0.166841,-0.326344,-0.082380,0.843404,0.626786,-0.029172
14.407064,1.498141,1.052911,-0.512178,-0.521211,1.240748,0.908731,-0.229670,-0.134023,-0.176758,-0.338836,-0.234613,0.546294,0.377110,-0.007683,-2.441639,-0.472126,2.517587,-1.718213,-1.904273,0.862242,0.905976,0.303945,0.167950,-0.327719,-0.083126,0.847702,0.628078,-0.028671
14.408087,1.500499,1.057387,-0.510738,-0.522396,1.242540,0.911859,-0.229813,-0.130069,-0.190215,-0.331690,-0.241727,0.550684,0.375338,-0.008149,-2.441336,-0.471958,2.517251,-1.718300,-1.903415,0.862869,0.905945,0.303011,0.167548,-0.329405,-0.084666,0.848648,0.627279,-0.029871
14.409038,1.502222,1.058596,-0.506531,-0.520902,1.243664,0.912987,-0.230534,-0.114774,-0.204014,-0.317491,-0.245361,0.553094,0.373442,-0.008568,-2.441038,-0.471802,2.516923,-1.718376,-1.902570,0.863485,0.905912,0.301777,0.164775,-0.329672,-0.082537,0.847381,0.624624,-0.031167
14.409992,1.500411,1.056487,-0.507386,-0.517098,1.243812,0.910201,-0.231638,-0.088147,-0.214037,-0.297051,-0.244376,0.553446,0.371408,-0.008952,-2.440738,-0.471641,2.516589,-1.718460,-1.901726,0.864106,0.905881,0.300602,0.163517,-0.331028,-0.082889,0.846171,0.623674,-0.031180
14.411031,1.503838,1.053671,-0.507527,-0.515863,1.250957,0.908315,-0.230991,-0.052840,-0.217951,-0.272745,-0.238232,0.551786,0.369263,-0.009310,-2.440435,-0.471474,2.516258,-1.718552,-1.900885,0.864739,0.905852,0.301189,0.163866,-0.329864,-0.085388,0.846019,0.626605,-0.030444
14.412018,1.506131,1.056595,-0.498400,-0.512481,1.251450,0.906428,-0.232001,-0.013057,-0.216171,-0.247518,-0.227496,0.548397,0.367035,-0.009673,-2.440144,-0.471311,2.515931,-1.718635,-1.900051,0.865364,0.905812,0.299551,0.164705,-0.329427,-0.085532,0.839602,0.628987,-0.033356
14.413035,1.508064,1.053063,-0.495635,-0.513275,1.255732,0.905330,-0.232437,0.032408,-0.210668,-0.219948,-0.212768,0.543604,0.364828,-0.010073,-2.439846,-0.471150,2.515590,-1.718727,-1.899208,0.866002,0.905780,0.298245,0.162598,-0.333307,-0.087630,0.839411,0.631082,-0.032823
14.414127,1.509664,1.051818,-0.496491,-0.508589,1.263317,0.904317,-0.233865,0.088356,-0.203908,-0.185702,-0.194452,0.537667,0.362801,-0.010503,-2.439557,-0.470982,2.515256,-1.718809,-1.898386,0.866627,0.905743,0.297318,0.163739,-0.334126,-0.085745,0.835821,0.632581,-0.033518
14.415036,1.508306,1.049796,-0.499771,-0.508501,1.262133,0.904638,-0.232857,0.153470,-0.198570,-0.144795,-0.174446,0.531120,0.360992,-0.010943,-2.439260,-0.470819,2.514923,-1.718904,-1.897562,0.867262,0.905714,0.296737,0.163856,-0.333414,-0.089178,0.829570,0.634258,-0.032356
14.415965,1.506252,1.043055,-0.500494,-0.505279,1.260493,0.904646,-0.233328,0.220054,-0.193947,-0.102834,-0.153951,0.524444,0.359165,-0.011396,-2.438961,-0.470654,2.514594,-1.718990,-1.896743,0.867897,0.905668,0.296981,0.164101,-0.330913,-0.087973,0.830637,0.633826,-0.035756
14.417040,1.502994,1.039341,-0.496411,-0.503970,1.264209,0.908058,-0.234204,0.279667,-0.189516,-0.065974,-0.134249,0.518008,0.357210,-0.011873,-2.438666,-0.470485,2.514267,-1.719086,-1.895905,0.868529,0.905633,0.297681,0.166705,-0.329822,-0.089763,0.832066,0.633824,-0.036199
14.418068,1.503202,1.043286,-0.492821,-0.501949,1.263762,0.907162,-0.235454,0.328782,-0.188691,-0.035796,-0.117495,0.512135,0.355401,-0.012356,-2.438362,-0.470315,2.513932,-1.719175,-1.895073,0.869155,0.905597,0.299383,0.167935,-0.331541,-0.089897,0.829441,0.631032,-0.036095
14.418990,1.506346,1.041081,-0.491892,-0.500217,1.262502,0.907950,-0.235142,0.369135,-0.191713,-0.010794,-0.103360,0.506761,0.353903,-0.012832,-2.438066,-0.470153,2.513600,-1.719267,-1.894250,0.869785,0.905562,0.299264,0.165350,-0.332860,-0.090649,0.830730,0.632391,-0.035166
14.420069,1.509243,1.041743,-0.489020,-0.498750,1.266899,0.908872,-0.235074,0.405280,-0.194360,0.011338,-0.088757,0.501439,0.352601,-0.013323,-2.437771,-0.469987,2.513268,-1.719358,-1.893415,0.870421,0.905521,0.297318,0.165727,-0.332465,-0.091015,0.831743,0.631536,-0.037201
14.421023,1.503979,1.035750,-0.485916,-0.500136,1.265066,0.907846,-0.236416,0.442599,-0.195170,0.034037,-0.071768,0.495870,0.351547,-0.013856,-2.437475,-0.469823,2.512930,-1.719450,-1.892599,0.871062,0.905476,0.296054,0.164857,-0.333553,-0.091255,0.828635,0.631186,-0.038959
14.421975,1.507359,1.035766,-0.483798,-0.497306,1.267559,0.903480,-0.236503,0.481680,-0.197468,0.058643,-0.054593,0.490340,0.351021,-0.014409,-2.437177,-0.469653,2.512597,-1.719535,-1.891765,0.871694,0.905439,0.298441,0.167114,-0.334357,-0.088666,0.830560,0.632337,-0.037692
14.423102,1.508455,1.035581,-0.477278,-0.497556,1.267451,0.899915,-0.237536,0.519728,-0.204334,0.084021,-0.040127,0.485242,0.351139,-0.014940,-2.436884,-0.469486,2.512260,-1.719629,-1.890934,0.872348,0.905397,0.296478,0.166338,-0.334623,-0.090124,0.828094,0.636710,-0.038970
14.424097,1.508902,1.034055,-0.475929,-0.497229,1.272780,0.898974,-0.238714,0.558856,-0.214721,0.111385,-0.027543,0.480489,0.351699,-0.015425,-2.436584,-0.469320,2.511918,-1.719717,-1.890106,0.873007,0.905360,0.296247,0.165947,-0.337660,-0.088749,0.829869,0.640929,-0.038625
14.425037,1.514440,1.032397,-0.473434,-0.495505,1.269398,0.894839,-0.238999,0.601720,-0.227494,0.142424,-0.016142,0.476037,0.352516,-0.015849,-2.436293,-0.469155,2.511582,-1.719803,-1.889294,0.873650,0.905324,0.295965,0.166063,-0.337670,-0.087927,0.825108,0.642052,-0.037786
14.426064,1.519613,1.026131,-0.474381,-0.493597,1.272850,0.893155,-0.240448,0.648703,-0.242523,0.177448,-0.006158,0.471977,0.353473,-0.016214,-2.436005,-0.468988,2.511242,-1.719894,-1.888451,0.874305,0.905284,0.292957,0.166149,-0.338043,-0.088341,0.828393,0.646130,-0.038646
14.427045,1.516224,1.026244,-0.467721,-0.493215,1.272174,0.892094,-0.240400,0.702629,-0.260121,0.218359,0.003327,0.468229,0.354466,-0.016546,-2.435721,-0.468814,2.510909,-1.719984,-1.887636,0.874953,0.905250,0.290517,0.168585,-0.337077,-0.088999,0.825769,0.648104,-0.037308
14.427981,1.511078,1.022882,-0.468294,-0.491151,1.271623,0.894836,-0.242004,0.763626,-0.281428,0.265384,0.011987,0.464906,0.355478,-0.016868,-2.435423,-0.468648,2.510563,-1.720070,-1.886806,0.875608,0.905206,0.292071,0.167814,-0.339644,-0.088207,0.826805,0.649244,-0.038900
14.429139,1.513977,1.020041,-0.468063,-0.488625,1.275513,0.890286,-0.240923,0.824203,-0.304768,0.312877,0.018678,0.462308,0.356456,-0.017199,-2.435121,-0.468479,2.510223,-1.720161,-1.885986,0.876255,0.905171,0.294261,0.168730,-0.338435,-0.088933,0.827384,0.646408,-0.037084
14.429989,1.511999,1.019008,-0.465691,-0.485982,1.272100,0.889026,-0.241901,0.876937,-0.327235,0.354819,0.023223,0.460616,0.357321,-0.017569,-2.434833,-0.468308,2.509886,-1.720253,-1.885160,0.876910,0.905121,0.293326,0.169646,-0.338472,-0.090307,0.825383,0.651851,-0.041043
14.430963,1.507531,1.014244,-0.465913,-0.483522,1.273781,0.887544,-0.242049,0.921406,-0.346559,0.390163,0.027021,0.459737,0.357985,-0.018020,-2.434535,-0.468138,2.509546,-1.720346,-1.884322,0.877564,0.905080,0.293684,0.169235,-0.338475,-0.091477,0.827941,0.652615,-0.040299
14.432025,1.508665,1.012025,-0.461765,-0.481831,1.274777,0.886613,-0.242439,0.957143,-0.360943,0.418055,0.031089,0.459556,0.358413,-0.018565,-2.434238,-0.467962,2.509214,-1.720440,-1.883504,0.878215,0.905037,0.295736,0.170833,-0.337699,-0.092572,0.826608,0.654185,-0.041480
14.433010,1.508268,1.012617,-0.463158,-0.479541,1.273598,0.884750,-0.243968,0.983068,-0.371388,0.438032,0.034562,0.460141,0.358731,-0.019207,-2.433945,-0.467790,2.508869,-1.720534,-1.882675,0.878873,0.904991,0.295297,0.171283,-0.339284,-0.092966,0.826668,0.655512,-0.042290
14.434018,1.512637,1.005162,-0.462852,-0.480183,1.272748,0.886157,-0.243973,1.001768,-0.378197,0.452064,0.037648,0.461324,0.358934,-0.019935,-2.433647,-0.467621,2.508527,-1.720629,-1.881852,0.879535,0.904951,0.295330,0.170261,-0.337821,-0.093868,0.828289,0.657436,-0.040696
14.434991,1.508763,1.003348,-0.457857,-0.477247,1.276540,0.890840,-0.244409,1.016438,-0.382216,0.462584,0.040359,0.462853,0.358985,-0.020717,-2.433359,-0.467443,2.508193,-1.720716,-1.881019,0.880181,0.904905,0.293154,0.173235,-0.337420,-0.092008,0.829671,0.656247,-0.042220
14.436132,1.518265,1.000817,-0.452534,-0.472968,1.279533,0.892702,-0.244420,1.030170,-0.388456,0.473024,0.040550,0.464682,0.359198,-0.021521,-2.433060,-0.467267,2.507847,-1.720814,-1.880193,0.880832,0.904861,0.294897,0.173295,-0.339104,-0.093516,0.826128,0.651599,-0.042790
14.437020,1.519560,1.002055,-0.448821,-0.471396,1.279524,0.893753,-0.246534,1.049237,-0.399099,0.488386,0.039071,0.466361,0.359880,-0.022320,-2.432780,-0.467089,2.507504,-1.720914,-1.879379,0.881472,0.904811,0.290672,0.173954,-0.341565,-0.096430,0.825055,0.650604,-0.044492
14.438028,1.514875,0.998373,-0.445803,-0.468428,1.284053,0.892847,-0.246108,1.081879,-0.411884,0.513834,0.039838,0.467104,0.361035,-0.023079,-2.432491,-0.466920,2.507161,-1.721009,-1.878555,0.882124,0.904777,0.289651,0.172466,-0.342310,-0.096508,0.824625,0.649269,-0.041566
14.439059,1.512716,0.996964,-0.443506,-0.466744,1.285377,0.896872,-0.246779,1.126045,-0.423799,0.547030,0.043933,0.466711,0.362477,-0.023776,-2.432194,-0.466742,2.506812,-1.721110,-1.877736,0.882786,0.904728,0.291952,0.173541,-0.343083,-0.097962,0.820738,0.650351,-0.043963
14.440016,1.511947,0.994273,-0.435460,-0.465779,1.286979,0.894209,-0.248381,1.171076,-0.433341,0.579974,0.049408,0.465545,0.364105,-0.024410,-2.431902,-0.466570,2.506468,-1.721207,-1.876926,0.883426,0.904684,0.293075,0.173556,-0.343617,-0.098238,0.820418,0.646656,-0.044147
14.440941,1.510294,0.992830,-0.430125,-0.463809,1.290064,0.889880,-0.247633,1.212305,-0.441669,0.609693,0.054378,0.463970,0.366061,-0.024986,-2.431605,-0.466394,2.506112,-1.721304,-1.876106,0.884080,0.904644,0.293196,0.174065,-0.346660,-0.097738,0.819018,0.649377,-0.042366
14.441956,1.509248,0.994519,-0.426720,-0.462522,1.295248,0.885027,-0.248823,1.251395,-0.450385,0.637891,0.058048,0.462279,0.368428,-0.025519,-2.431309,-0.466218,2.505756,-1.721404,-1.875305,0.884750,0.904589,0.293673,0.173900,-0.348206,-0.098158,0.816037,0.653487,-0.045234
14.443141,1.503951,0.990877,-0.425026,-0.463881,1.294497,0.884734,-0.248702,1.288251,-0.457712,0.664170,0.060954,0.460753,0.370951,-0.026054,-2.431017,-0.466050,2.505405,-1.721502,-1.874483,0.885412,0.904549,0.294199,0.172381,-0.349152,-0.098006,0.811546,0.658524,-0.044358
14.444076,1.503013,0.987922,-0.423341,-0.462536,1.297516,0.878353,-0.250605,1.317975,-0.461652,0.684694,0.062500,0.459882,0.373334,-0.026608,-2.430715,-0.465874,2.505053,-1.721593,-1.873667,0.886075,0.904496,0.297343,0.173704,-0.349822,-0.095489,0.814625,0.659650,-0.046401
14.444970,1.501488,0.986772,-0.423713,-0.461887,1.293021,0.875643,-0.250810,1.335446,-0.463994,0.696387,0.060295,0.460335,0.375483,-0.027173,-2.430421,-0.465699,2.504707,-1.721689,-1.872875,0.886742,0.904458,0.297481,0.174319,-0.349700,-0.095405,0.811848,0.665902,-0.043961
14.446022,1.498173,0.985584,-0.420589,-0.461544,1.290474,0.875770,-0.251176,1.339882,-0.464941,0.698681,0.054390,0.462396,0.377173,-0.027756,-2.430119,-0.465526,2.504361,-1.721782,-1.872047,0.887414,0.904412,0.297710,0.174004,-0.348404,-0.094623,0.816003,0.668201,-0.044897
14.447009,1.498348,0.982557,-0.428122,-0.458894,1.287837,0.877042,-0.252398,1.332322,-0.462422,0.691740,0.046607,0.465980,0.378184,-0.028388,-2.429816,-0.465352,2.504005,-1.721876,-1.871214,0.888093,0.904362,0.299379,0.173912,-0.349310,-0.093665,0.819456,0.668284,-0.045726
14.448079,1.501665,0.977109,-0.432016,-0.456012,1.287480,0.876278,-0.252753,1.312336,-0.454921,0.674809,0.038253,0.470906,0.378482,-0.029076,-2.429519,-0.465179,2.503670,-1.721971,-1.870394,0.888749,0.904318,0.299121,0.174674,-0.344840,-0.094939,0.822568,0.667096,-0.044742
14.449054,1.496454,0.975855,-0.430925,-0.455901,1.280826,0.874077,-0.253928,1.280631,-0.441898,0.647921,0.030842,0.476825,0.378116,-0.029807,-2.429221,-0.464998,2.503329,-1.722071,-1.869565,0.889425,0.904272,0.297576,0.176672,-0.342481,-0.096388,0.824022,0.668207,-0.045657
14.450024,1.495176,0.972050,-0.424242,-0.454897,1.279670,0.874460,-0.253812,1.239689,-0.424665,0.612897,0.024897,0.483370,0.377280,-0.030580,-2.428919,-0.464822,2.502990,-1.722165,-1.868730,0.890097,0.904229,0.299966,0.176459,-0.342310,-0.095101,0.830963,0.670378,-0.044749
14.450961,1.499577,0.973129,-0.423637,-0.455957,1.274740,0.868116,-0.254421,1.192678,-0.406179,0.572881,0.019198,0.490302,0.376383,-0.031392,-2.428617,-0.464641,2.502644,-1.722259,-1.867894,0.890777,0.904177,0.300301,0.177497,-0.344828,-0.094730,0.832219,0.669854,-0.046419
14.452090,1.501973,0.969503,-0.433492,-0.452518,1.274459,0.863685,-0.255555,1.146375,-0.389277,0.533703,0.012973,0.497301,0.375825,-0.032214,-2.428321,-0.464465,2.502298,-1.722348,-1.867054,0.891468,0.904131,0.297758,0.176076,-0.344159,-0.092357,0.837024,0.675949,-0.046571
14.453048,1.502516,0.973419,-0.430811,-0.450450,1.273844,0.860100,-0.254833,1.104398,-0.372336,0.497483,0.007506,0.503843,0.375490,-0.033002,-2.428027,-0.464289,2.501971,-1.722447,-1.866208,0.892152,0.904087,0.296957,0.177307,-0.339114,-0.094496,0.838750,0.680884,-0.046011
14.453971,1.498268,0.967273,-0.429269,-0.448946,1.274394,0.857993,-0.256073,1.064120,-0.349747,0.460730,0.005438,0.509318,0.374919,-0.033740,-2.427730,-0.464120,2.501629,-1.722544,-1.865361,0.892850,0.904035,0.296438,0.174556,-0.339682,-0.095097,0.839299,0.684184,-0.048884
14.455054,1.504714,0.964618,-0.429409,-0.446204,1.271053,0.856287,-0.256516,1.024059,-0.319968,0.422147,0.007254,0.513454,0.374001,-0.034426,-2.427432,-0.463938,2.501295,-1.722640,-1.864514,0.893543,0.903991,0.298196,0.176728,-0.339594,-0.095108,0.838384,0.685896,-0.047735
14.456081,1.507034,0.962352,-0.433923,-0.444002,1.275072,0.854725,-0.257362,0.986529,-0.287982,0.384941,0.010922,0.516283,0.373037,-0.035046,-2.427141,-0.463759,2.500961,-1.722739,-1.863668,0.894227,0.903944,0.295170,0.177334,-0.339203,-0.096475,0.842834,0.687930,-0.048488
14.456968,1.502716,0.955185,-0.437679,-0.441935,1.274103,0.859964,-0.257156,0.955531,-0.257284,0.352940,0.015997,0.517688,0.372200,-0.035611,-2.426844,-0.463579,2.500630,-1.722838,-1.862833,0.894928,0.903899,0.294020,0.177683,-0.336463,-0.097214,0.839426,0.689484,-0.048329
14.458030,1.506630,0.957043,-0.437941,-0.437778,1.277413,0.857653,-0.258819,0.928073,-0.228787,0.324225,0.021419,0.517819,0.371527,-0.036140,-2.426549,-0.463392,2.500304,-1.722936,-1.861996,0.895600,0.903847,0.295732,0.180228,-0.333698,-0.097723,0.839854,0.683767,-0.050034
14.459015,1.506055,0.953427,-0.440120,-0.435949,1.278176,0.857690,-0.259267,0.898933,-0.202377,0.295023,0.026184,0.516918,0.371057,-0.036630,-2.426257,-0.463220,2.499969,-1.723043,-1.861160,0.896292,0.903800,0.293904,0.178605,-0.333198,-0.100292,0.837490,0.686348,-0.048263
14.459983,1.502406,0.949646,-0.439806,-0.435460,1.282284,0.856827,-0.259342,0.869079,-0.175598,0.265414,0.032088,0.514929,0.370651,-0.037087,-2.425959,-0.463036,2.499639,-1.723143,-1.860337,0.896985,0.903751,0.294035,0.179547,-0.331505,-0.100589,0.837181,0.686157,-0.048844
14.461033,1.491824,0.949198,-0.440799,-0.431936,1.287243,0.860098,-0.260656,0.837807,-0.149242,0.235227,0.038188,0.512235,0.370278,-0.037523,-2.425664,-0.462854,2.499316,-1.723238,-1.859507,0.897669,0.903699,0.295685,0.180545,-0.331100,-0.099660,0.833245,0.686887,-0.050112
14.462023,1.499715,0.948758,-0.444700,-0.430375,1.290994,0.857858,-0.260540,0.797961,-0.124644,0.199954,0.041522,0.509524,0.369939,-0.037937,-2.425352,-0.462675,2.498986,-1.723343,-1.858679,0.898349,0.903650,0.300891,0.180004,-0.330226,-0.101646,0.829243,0.683793,-0.049024
14.462945,1.501652,0.944263,-0.446467,-0.429918,1.289490,0.857313,-0.261662,0.745803,-0.098990,0.156348,0.042685,0.506998,0.369395,-0.038315,-2.425063,-0.462495,2.498663,-1.723444,-1.857871,0.899030,0.903595,0.296803,0.179387,-0.327769,-0.101668,0.826119,0.686051,-0.050719
14.464089,1.502602,0.944063,-0.448028,-0.427544,1.295562,0.860352,-0.262337,0.688670,-0.072333,0.109576,0.043506,0.504558,0.368538,-0.038651,-2.424769,-0.462313,2.498339,-1.723541,-1.857038,0.899716,0.903549,0.295518,0.180694,-0.326154,-0.100607,0.827446,0.686236,-0.049810
14.464961,1.500179,0.936774,-0.446232,-0.424193,1.296379,0.865216,-0.261964,0.633865,-0.047579,0.065555,0.044167,0.502196,0.367489,-0.038933,-2.424472,-0.462133,2.498011,-1.723645,-1.856233,0.900398,0.903497,0.295444,0.180147,-0.325355,-0.101551,0.823329,0.683754,-0.050177
14.465972,1.504127,0.928949,-0.446442,-0.420951,1.295489,0.866655,-0.263517,0.583084,-0.026673,0.026068,0.044397,0.499907,0.366470,-0.039152,-2.424178,-0.461946,2.497691,-1.723750,-1.855415,0.901057,0.903440,0.296147,0.182745,-0.325399,-0.103166,0.822024,0.678477,-0.052173
14.467181,1.505695,0.925625,-0.453381,-0.420966,1.297853,0.872783,-0.264245,0.505139,-0.011986,-0.027427,0.041320,0.495463,0.366033,-0.039409,-2.423594,-0.461565,2.497051,-1.723960,-1.853765,0.902394,0.903344,0.294050,0.186688,-0.321694,-0.103324,0.823586,0.671968,-0.050924
14.468063,1.501022,0.919075,-0.456604,-0.417615,1.300437,0.877159,-0.264433,0.505139,-0.011986,-0.027427,0.041320,0.495463,0.366033,-0.039409,-2.423594,-0.461565,2.497051,-1.723960,-1.853765,0.902394,0.903344,0.294050,0.186688,-0.321694,-0.103324,0.823586,0.671968,-0.050924
14.468999,1.497948,0.916739,-0.453879,-0.417555,1.299718,0.876979,-0.265454,0.473711,-0.019890,-0.044417,0.036102,0.493531,0.366885,-0.039478,-2.423296,-0.461373,2.496736,-1.724068,-1.852949,0.903058,0.903291,0.295881,0.188855,-0.319324,-0.104907,0.820570,0.667219,-0.051817
14.469995,1.497980,0.910973,-0.456396,-0.416033,1.301299,0.876848,-0.265980,0.438349,-0.034447,-0.062335,0.027385,0.492058,0.368338,-0.039548,-2.422994,-0.461184,2.496413,-1.724169,-1.852133,0.903729,0.903243,0.297023,0.188978,-0.320038,-0.103368,0.821389,0.667255,-0.051135
14.471168,1.495031,0.905578,-0.454829,-0.414750,1.303540,0.878035,-0.267699,0.398666,-0.054127,-0.081853,0.015216,0.491128,0.370291,-0.039634,-2.422699,-0.460991,2.496102,-1.724272,-1.851311,0.904391,0.903190,0.296889,0.190894,-0.318431,-0.103322,0.820330,0.667491,-0.051549
14.472164,1.491928,0.900756,-0.459092,-0.412672,1.299193,0.879533,-0.267240,0.356564,-0.079181,-0.101604,-0.000455,0.490800,0.372704,-0.039744,-2.422398,-0.460793,2.495778,-1.724375,-1.850489,0.905062,0.903144,0.298826,0.192784,-0.319349,-0.103212,0.820184,0.667064,-0.049870
14.473015,1.489641,0.905721,-0.459555,-0.413056,1.300402,0.876252,-0.268984,0.311487,-0.108963,-0.122260,-0.019262,0.491055,0.375515,-0.039883,-2.422093,-0.460594,2.495461,-1.724480,-1.849660,0.905730,0.903088,0.300156,0.194125,-0.316790,-0.103670,0.825059,0.665627,-0.052271
14.474072,1.487044,0.904399,-0.457026,-0.412300,1.299083,0.875156,-0.269679,0.260526,-0.137310,-0.147543,-0.038979,0.491731,0.378248,-0.040045,-2.421792,-0.460411,2.495152,-1.724578,-1.848840,0.906396,0.903044,0.300613,0.190529,-0.315768,-0.101670,0.823055,0.668437,-0.049983
14.475058,1.487810,0.898983,-0.459201,-0.410377,1.298859,0.873831,-0.270976,0.203261,-0.156907,-0.179530,-0.057005,0.492715,0.380297,-0.040209,-2.421487,-0.460219,2.494833,-1.724680,-1.848005,0.907069,0.902993,0.301917,0.190337,-0.316839,-0.100943,0.825366,0.669806,-0.050183
14.475992,1.486953,0.893308,-0.458045,-0.409840,1.299360,0.876309,-0.271046,0.143657,-0.167784,-0.215337,-0.072850,0.494056,0.381582,-0.040382,-2.421191,-0.460021,2.494525,-1.724784,-1.847183,0.907737,0.902946,0.301367,0.192001,-0.315396,-0.101271,0.826022,0.671149,-0.049036
14.477139,1.486259,0.887579,-0.459367,-0.407852,1.299627,0.877761,-0.272139,0.086630,-0.175573,-0.250126,-0.087960,0.495952,0.382461,-0.040580,-2.420890,-0.459825,2.494210,-1.724882,-1.846350,0.908400,0.902891,0.301417,0.193727,-0.315401,-0.100304,0.825390,0.668476,-0.050267
14.478057,1.482935,0.882427,-0.464145,-0.404349,1.298456,0.877445,-0.273260,0.035201,-0.185593,-0.280491,-0.104163,0.498641,0.383325,-0.040794,-2.420583,-0.459624,2.493893,-1.724984,-1.845529,0.909072,0.902843,0.302052,0.195714,-0.314847,-0.100877,0.827023,0.667705,-0.049791
14.478970,1.482091,0.879203,-0.457947,-0.402397,1.299960,0.877583,-0.273522,-0.012015,-0.198485,-0.307462,-0.121536,0.502113,0.384301,-0.041014,-2.420278,-0.459425,2.493590,-1.725091,-1.844699,0.909742,0.902798,0.303225,0.197127,-0.311927,-0.102654,0.827948,0.667766,-0.048901
14.480076,1.480136,0.876155,-0.464207,-0.400124,1.298241,0.873587,-0.274693,-0.056298,-0.212022,-0.332685,-0.138651,0.506147,0.385396,-0.041261,-2.419975,-0.459227,2.493271,-1.725194,-1.843867,0.910416,0.902745,0.303155,0.197572,-0.314370,-0.102944,0.826126,0.667313,-0.049711
14.480982,1.482196,0.877242,-0.459434,-0.398215,1.295143,0.869168,-0.275320,-0.096575,-0.224389,-0.355873,-0.154253,0.510503,0.386614,-0.041562,-2.419666,-0.459027,2.492970,-1.725298,-1.843042,0.911089,0.902699,0.304266,0.198171,-0.311350,-0.103727,0.829372,0.671847,-0.049020
14.481976,1.480263,0.877922,-0.459750,-0.396145,1.300021,0.866550,-0.275682,-0.132269,-0.232090,-0.377571,-0.166377,0.514771,0.387694,-0.041930,-2.419368,-0.458835,2.492651,-1.725400,-1.842202,0.911778,0.902648,0.302750,0.196502,-0.313049,-0.103998,0.832029,0.675827,-0.049086
14.483093,1.480258,0.875228,-0.458527,-0.395846,1.301125,0.864327,-0.276358,-0.161433,-0.231340,-0.397327,-0.172791,0.518464,0.388341,-0.042370,-2.419061,-0.458642,2.492339,-1.725506,-1.841389,0.912471,0.902596,0.303503,0.195175,-0.312523,-0.104422,0.827695,0.678345,-0.049823
14.484084,1.483096,0.874083,-0.459256,-0.394092,1.301980,0.860423,-0.276804,-0.183985,-0.222237,-0.414934,-0.174091,0.521441,0.388483,-0.042861,-2.418760,-0.458447,2.492026,-1.725605,-1.840557,0.913151,0.902544,0.303736,0.195691,-0.313206,-0.103353,0.828128,0.681056,-0.050128
14.485076,1.484762,0.873068,-0.458412,-0.394875,1.306076,0.859061,-0.277715,-0.200175,-0.208142,-0.429706,-0.172370,0.523697,0.388173,-0.043354,-2.418458,-0.458252,2.491715,-1.725709,-1.839725,0.913843,0.902491,0.302108,0.195245,-0.312484,-0.103521,0.827665,0.684872,-0.050687
14.486055,1.486593,0.872664,-0.453206,-0.392081,1.306558,0.862357,-0.278659,-0.208103,-0.192083,-0.439545,-0.168909,0.525171,0.387445,-0.043795,-2.418161,-0.458057,2.491406,-1.725806,-1.838913,0.914538,0.902443,0.301137,0.194737,-0.312588,-0.101273,0.824142,0.686101,-0.050324
14.487028,1.484816,0.868676,-0.449919,-0.390101,1.310798,0.862579,-0.279699,-0.205249,-0.176251,-0.442003,-0.164276,0.525811,0.386453,-0.044143,-2.417860,-0.457866,2.491089,-1.725907,-1.838078,0.915213,0.902395,0.300000,0.193948,-0.314752,-0.102561,0.823954,0.682711,-0.049882
14.487976,1.484508,0.872630,-0.447182,-0.388054,1.312258,0.861165,-0.281197,-0.189347,-0.162787,-0.434802,-0.158334,0.525526,0.385510,-0.044389,-2.417557,-0.457669,2.490768,-1.726010,-1.837267,0.915896,0.902346,0.300626,0.194897,-0.315863,-0.102937,0.820114,0.682405,-0.049229
14.489055,1.489657,0.875904,-0.448408,-0.385892,1.314028,0.863504,-0.281936,-0.162359,-0.151051,-0.419464,-0.150527,0.524362,0.384666,-0.044538,-2.417259,-0.457483,2.490452,-1.726114,-1.836458,0.916578,0.902303,0.300466,0.191911,-0.316673,-0.103356,0.818929,0.683619,-0.047640
14.489997,1.489885,0.875686,-0.447698,-0.384576,1.315207,0.865877,-0.283379,-0.127270,-0.135693,-0.399461,-0.138416,0.522304,0.383638,-0.044606,-2.416962,-0.457302,2.490135,-1.726217,-1.835640,0.917261,0.902255,0.298038,0.189543,-0.315926,-0.104015,0.818469,0.681563,-0.047795
14.491025,1.487377,0.876815,-0.439614,-0.387033,1.318485,0.864879,-0.284113,-0.085303,-0.113049,-0.376568,-0.119987,0.519435,0.382313,-0.044629,-2.416664,-0.457112,2.489820,-1.726319,-1.834831,0.917939,0.902213,0.297622,0.188646,-0.315721,-0.103726,0.817481,0.678968,-0.046301
14.492064,1.487557,0.874460,-0.440200,-0.386675,1.312640,0.864058,-0.284984,-0.038509,-0.086424,-0.351209,-0.097919,0.516516,0.380921,-0.044654,-2.416365,-0.456929,2.489497,-1.726410,-1.834012,0.918614,0.902167,0.298852,0.187245,-0.319437,-0.099979,0.815035,0.680161,-0.046383
14.492993,1.489415,0.872018,-0.443015,-0.388307,1.310668,0.864875,-0.286060,0.010504,-0.061532,-0.323539,-0.076673,0.514503,0.379727,-0.044716,-2.416066,-0.456740,2.489178,-1.726506,-1.833175,0.919299,0.902121,0.298759,0.187569,-0.318829,-0.098997,0.821735,0.681119,-0.046194
14.494036,1.490340,0.870507,-0.440569,-0.387620,1.310370,0.868610,-0.286849,0.058670,-0.041637,-0.294949,-0.058681,0.513901,0.378851,-0.044827,-2.415773,-0.456550,2.488867,-1.726596,-1.832354,0.919972,0.902078,0.297513,0.187735,-0.316839,-0.096016,0.823614,0.680042,-0.045418
14.495048,1.490550,0.866992,-0.444798,-0.386438,1.301890,0.867447,-0.287765,0.104410,-0.028311,-0.266280,-0.044873,0.514914,0.378404,-0.044994,-2.415476,-0.456363,2.488545,-1.726689,-1.831521,0.920642,0.902033,0.297091,0.187648,-0.317793,-0.095434,0.824743,0.676529,-0.045415
14.496029,1.487954,0.863025,-0.436965,-0.385025,1.295484,0.868427,-0.288596,0.147553,-0.021383,-0.237806,-0.034609,0.517402,0.378442,-0.045226,-2.415179,-0.456172,2.488233,-1.726785,-1.830682,0.921328,0.901988,0.296920,0.188468,-0.315354,-0.095245,0.833816,0.677766,-0.045093
14.496984,1.488616,0.861205,-0.436363,-0.384787,1.296753,0.875665,-0.290057,0.188072,-0.020150,-0.209875,-0.026525,0.520901,0.378982,-0.045526,-2.414880,-0.455984,2.487912,-1.726881,-1.829812,0.922000,0.901946,0.298043,0.189510,-0.318832,-0.095244,0.840118,0.676744,-0.044907
14.498130,1.489211,0.851355,-0.437788,-0.382305,1.287204,0.874922,-0.290932,0.227926,-0.025840,-0.180692,-0.020576,0.525028,0.380259,-0.045893,-2.414585,-0.455795,2.487592,-1.726973,-1.828973,0.922663,0.901905,0.297448,0.189414,-0.318515,-0.094129,0.838787,0.669376,-0.043407
14.498997,1.483623,0.847792,-0.439892,-0.382169,1.283499,0.871513,-0.292696,0.268315,-0.040341,-0.148881,-0.017476,0.529459,0.382559,-0.046326,-2.414288,-0.455593,2.487275,-1.727070,-1.828115,0.923329,0.901860,0.297561,0.193483,-0.317912,-0.095334,0.849947,0.670897,-0.043408
14.499977,1.486447,0.840716,-0.433885,-0.380511,1.283693,0.872567,-0.292789,0.305209,-0.063780,-0.117562,-0.018007,0.533867,0.385835,-0.046800,-2.413988,-0.455399,2.486960,-1.727161,-1.827252,0.924012,0.901822,0.299770,0.194062,-0.316033,-0.094037,0.852566,0.673768,-0.041158
14.501113,1.486408,0.839769,-0.432006,-0.379922,1.277840,0.871085,-0.294123,0.335913,-0.095484,-0.088978,-0.022929,0.538053,0.389942,-0.047276,-2.413693,-0.455196,2.486635,-1.727258,-1.826402,0.924690,0.901775,0.298158,0.196487,-0.318523,-0.094285,0.852452,0.672616,-0.042458
14.502044,1.486518,0.837275,-0.427060,-0.377044,1.276442,0.867510,-0.295061,0.365472,-0.135357,-0.059445,-0.031590,0.541703,0.394920,-0.047731,-2.413396,-0.455003,2.486319,-1.727351,-1.825529,0.925360,0.901735,0.298567,0.196132,-0.319543,-0.093638,0.859644,0.674758,-0.041510
14.502970,1.485729,0.834877,-0.425536,-0.373592,1.281106,0.865309,-0.296092,0.398213,-0.179922,-0.026641,-0.041262,0.544281,0.400547,-0.048144,-2.413099,-0.454805,2.485991,-1.727449,-1.824658,0.926042,0.901695,0.298150,0.196246,-0.321266,-0.095025,0.860456,0.678060,-0.041034
14.504056,1.485585,0.833910,-0.426630,-0.373855,1.279711,0.869365,-0.297833,0.434261,-0.223623,0.008151,-0.049031,0.545393,0.406314,-0.048490,-2.412799,-0.454606,2.485671,-1.727551,-1.823817,0.926731,0.901653,0.298144,0.196292,-0.321332,-0.096890,0.855454,0.679904,-0.040353
14.504960,1.481745,0.834941,-0.423333,-0.370933,1.281908,0.869075,-0.297623,0.470748,-0.262986,0.042118,-0.054144,0.545055,0.411839,-0.048747,-2.412503,-0.454413,2.485352,-1.727644,-1.822948,0.927396,0.901618,0.298421,0.195903,-0.320654,-0.095339,0.857781,0.676241,-0.038539
14.506056,1.484192,0.829683,-0.424356,-0.368512,1.287119,0.872247,-0.299522,0.502550,-0.295041,0.071107,-0.056963,0.543481,0.416868,-0.048911,-2.412199,-0.454217,2.485028,-1.727742,-1.822088,0.928073,0.901572,0.299832,0.194229,-0.321516,-0.096745,0.854885,0.676208,-0.040326
14.507033,1.484827,0.829565,-0.424102,-0.366095,1.287626,0.873316,-0.299773,0.527859,-0.318479,0.093666,-0.057416,0.540838,0.421342,-0.049008,-2.411904,-0.454016,2.484709,-1.727843,-1.821236,0.928739,0.901537,0.298831,0.195941,-0.320914,-0.097742,0.850779,0.673494,-0.038183
14.508020,1.486093,0.824529,-0.417882,-0.363609,1.289357,0.875523,-0.301188,0.548755,-0.334769,0.111655,-0.055483,0.537294,0.425475,-0.049064,-2.411604,-0.453821,2.484388,-1.727943,-1.820389,0.929418,0.901496,0.298297,0.194935,-0.320521,-0.098628,0.850424,0.672364,-0.039182
14.509046,1.481238,0.817051,-0.416561,-0.362360,1.294943,0.869600,-0.302398,0.569487,-0.346270,0.128736,-0.051053,0.532978,0.429674,-0.049110,-2.411305,-0.453622,2.484055,-1.728046,-1.819554,0.930095,0.901462,0.297483,0.196415,-0.323043,-0.099543,0.849013,0.670122,-0.037842
14.510052,1.480792,0.811579,-0.413872,-0.359524,1.296170,0.863969,-0.301931,0.592425,-0.357933,0.147934,-0.046111,0.528293,0.434405,-0.049173,-2.411004,-0.453420,2.483735,-1.728144,-1.818723,0.930774,0.901426,0.299879,0.199110,-0.323343,-0.099344,0.844106,0.676252,-0.037003
14.511018,1.487604,0.811051,-0.415130,-0.358244,1.292301,0.860656,-0.303127,0.615042,-0.374170,0.168578,-0.043676,0.523836,0.439816,-0.049287,-2.410702,-0.453217,2.483409,-1.728247,-1.817872,0.931473,0.901382,0.299919,0.200741,-0.324212,-0.100640,0.843248,0.681798,-0.039476
14.511986,1.482050,0.808017,-0.411212,-0.358394,1.296145,0.858901,-0.304110,0.637954,-0.393519,0.190664,-0.042541,0.519596,0.445681,-0.049486,-2.410413,-0.453015,2.483092,-1.728347,-1.817024,0.932157,0.901345,0.296347,0.199839,-0.323065,-0.100381,0.847180,0.684937,-0.038520
14.513181,1.483930,0.806711,-0.411527,-0.357206,1.293974,0.857644,-0.305602,0.662970,-0.412476,0.214617,-0.040580,0.515363,0.451699,-0.049760,-2.410108,-0.452816,2.482766,-1.728442,-1.816189,0.932844,0.901308,0.298877,0.200276,-0.324435,-0.098801,0.843417,0.686511,-0.038028
14.514066,1.484991,0.800286,-0.411045,-0.354556,1.295388,0.856594,-0.306336,0.686864,-0.429513,0.237866,-0.038457,0.511269,0.457598,-0.050072,-2.409807,-0.452613,2.482437,-1.728542,-1.815342,0.933542,0.901273,0.298423,0.200087,-0.324406,-0.098695,0.847709,0.688474,-0.036899
14.515004,1.482069,0.794227,-0.407641,-0.351624,1.295780,0.861734,-0.307095,0.708662,-0.444544,0.259624,-0.036252,0.507309,0.463180,-0.050388,-2.409514,-0.452410,2.482120,-1.728642,-1.814501,0.934230,0.901233,0.297427,0.202061,-0.323858,-0.099736,0.845600,0.689004,-0.036765
14.516016,1.484112,0.797016,-0.405307,-0.349393,1.294890,0.862281,-0.309502,0.730364,-0.459587,0.281645,-0.033847,0.503391,0.468462,-0.050664,-2.409210,-0.452200,2.481793,-1.728747,-1.813652,0.934910,0.901198,0.298506,0.203825,-0.324854,-0.101000,0.844986,0.683557,-0.036674
14.517012,1.480121,0.788404,-0.404863,-0.348405,1.297854,0.864434,-0.308976,0.753268,-0.474427,0.304725,-0.030477,0.499382,0.473416,-0.050864,-2.408916,-0.452003,2.481469,-1.728851,-1.812794,0.935584,0.901169,0.297432,0.201365,-0.325583,-0.101639,0.846209,0.683159,-0.033409
14.518035,1.480676,0.785639,-0.405020,-0.343634,1.295586,0.868445,-0.310833,0.776749,-0.487117,0.327864,-0.025601,0.495248,0.477838,-0.050974,-2.408612,-0.451794,2.481141,-1.728950,-1.811961,0.936265,0.901129,0.299240,0.204557,-0.325260,-0.101143,0.843628,0.680975,-0.036023
14.519027,1.480562,0.786447,-0.404545,-0.343583,1.299032,0.871612,-0.311440,0.798379,-0.498818,0.349446,-0.020499,0.491181,0.481716,-0.051010,-2.408311,-0.451588,2.480814,-1.729062,-1.811110,0.936943,0.901101,0.298870,0.204801,-0.324747,-0.104190,0.846432,0.677065,-0.033863
14.519959,1.477588,0.786254,-0.401876,-0.339901,1.298385,0.870417,-0.313835,0.817240,-0.508264,0.368306,-0.014653,0.487151,0.485027,-0.050995,-2.408014,-0.451386,2.480493,-1.729162,-1.810279,0.937604,0.901067,0.298790,0.203282,-0.324529,-0.102702,0.843344,0.674002,-0.034198
14.520991,1.479343,0.780163,-0.397320,-0.340933,1.297607,0.869270,-0.314104,0.832808,-0.511317,0.382946,-0.006677,0.483129,0.487547,-0.050949,-2.407714,-0.451187,2.480166,-1.729268,-1.809432,0.938280,0.901041,0.299908,0.202234,-0.325135,-0.104700,0.843753,0.674991,-0.030830
14.522023,1.484938,0.778418,-0.398858,-0.338723,1.299764,0.871292,-0.314172,0.846473,-0.508908,0.394545,0.002605,0.479354,0.489278,-0.050888,-2.407414,-0.450979,2.479833,-1.729366,-1.808596,0.938962,0.901007,0.298983,0.204184,-0.326956,-0.102208,0.845260,0.676273,-0.031924
14.523029,1.483395,0.779534,-0.395147,-0.335564,1.301283,0.871858,-0.315320,0.863736,-0.506803,0.408384,0.011052,0.476165,0.490527,-0.050843,-2.407126,-0.450777,2.479513,-1.729470,-1.807751,0.939624,0.900971,0.296270,0.203995,-0.325834,-0.102888,0.843687,0.674470,-0.033377
14.524000,1.486812,0.776504,-0.395994,-0.335553,1.296659,0.872847,-0.316396,0.887758,-0.505265,0.426605,0.019303,0.473599,0.491303,-0.050838,-2.406827,-0.450579,2.479181,-1.729579,-1.806899,0.940292,0.900940,0.296968,0.202381,-0.327174,-0.104361,0.842504,0.674020,-0.032617
14.525038,1.490476,0.775553,-0.398206,-0.333248,1.299951,0.878883,-0.317656,0.917298,-0.500914,0.447289,0.029139,0.471539,0.491371,-0.050878,-2.406538,-0.450374,2.478862,-1.729678,-1.806053,0.940956,0.900910,0.295122,0.202761,-0.326208,-0.102838,0.847259,0.673016,-0.031971
14.525984,1.487839,0.768224,-0.396735,-0.329239,1.298932,0.883694,-0.317650,0.950904,-0.493837,0.469284,0.040264,0.470043,0.490741,-0.050965,-2.406249,-0.450174,2.478539,-1.729781,-1.805208,0.941614,0.900879,0.293409,0.202211,-0.324772,-0.103616,0.844567,0.667234,-0.031063
14.527084,1.487969,0.773274,-0.395610,-0.327575,1.296617,0.884648,-0.319615,0.986905,-0.485701,0.491646,0.052029,0.469174,0.489667,-0.051112,-2.405950,-0.449965,2.478211,-1.729890,-1.804355,0.942277,0.900845,0.294436,0.204655,-0.324821,-0.105882,0.845416,0.662324,-0.032546
14.528020,1.484287,0.764352,-0.395293,-0.327293,1.295421,0.884434,-0.319753,1.022204,-0.475731,0.511841,0.064955,0.468772,0.488291,-0.051322,-2.405658,-0.449772,2.477881,-1.729994,-1.803512,0.942931,0.900819,0.294654,0.201219,-0.325180,-0.106037,0.848996,0.661985,-0.030317
14.528987,1.487176,0.762761,-0.403515,-0.322462,1.299055,0.881934,-0.320824,1.052837,-0.462711,0.526736,0.078660,0.468728,0.486565,-0.051577,-2.405359,-0.449561,2.477560,-1.730097,-1.802660,0.943600,0.900785,0.296153,0.204472,-0.324668,-0.104681,0.849869,0.662020,-0.031504
14.530013,1.487720,0.761156,-0.394305,-0.322916,1.295603,0.882178,-0.320226,1.074701,-0.447920,0.533597,0.091367,0.469081,0.484438,-0.051863,-2.405070,-0.449357,2.477254,-1.730210,-1.801827,0.944267,0.900757,0.294558,0.204075,-0.320152,-0.107701,0.846374,0.664498,-0.030848
14.531028,1.488395,0.759115,-0.396806,-0.318505,1.300958,0.877627,-0.321738,1.089074,-0.431672,0.533322,0.103546,0.469528,0.481859,-0.052175,-2.404773,-0.449156,2.476921,-1.730310,-1.800969,0.944933,0.900721,0.294276,0.203827,-0.324360,-0.105737,0.850345,0.664433,-0.033656
14.532018,1.488928,0.759244,-0.395448,-0.317215,1.304330,0.877236,-0.323138,1.101695,-0.414268,0.530325,0.116496,0.469643,0.478843,-0.052493,-2.404481,-0.448949,2.476600,-1.730422,-1.800140,0.945609,0.900693,0.293951,0.203722,-0.322654,-0.108406,0.845527,0.669128,-0.032173
14.533054,1.496850,0.757165,-0.399183,-0.315973,1.302894,0.876566,-0.322931,1.113839,-0.394675,0.525521,0.131088,0.469171,0.475226,-0.052769,-2.404191,-0.448751,2.476279,-1.730528,-1.799296,0.946272,0.900664,0.293615,0.202593,-0.322884,-0.108027,0.842436,0.669546,-0.030918
14.534062,1.496662,0.757034,-0.399934,-0.313818,1.305810,0.877753,-0.324800,1.126096,-0.371686,0.519251,0.148030,0.467952,0.470896,-0.052975,-2.403904,-0.448547,2.475959,-1.730633,-1.798444,0.946945,0.900626,0.289758,0.202577,-0.320695,-0.107686,0.844514,0.670425,-0.032945
14.535031,1.503503,0.759330,-0.401899,-0.312815,1.306541,0.877942,-0.326099,1.140431,-0.345732,0.513235,0.167567,0.465908,0.465963,-0.053102,-2.403614,-0.448345,2.475644,-1.730742,-1.797613,0.947613,0.900603,0.289889,0.201550,-0.319992,-0.108146,0.842106,0.669330,-0.030761
14.535971,1.508958,0.756141,-0.400915,-0.311401,1.308429,0.879474,-0.326756,1.156628,-0.315382,0.507163,0.190366,0.463052,0.460464,-0.053145,-2.403337,-0.448150,2.475328,-1.730848,-1.796770,0.948275,0.900577,0.286459,0.199350,-0.318525,-0.107463,0.841478,0.669142,-0.029691
14.537030,1.505393,0.761044,-0.397390,-0.311437,1.309859,0.882236,-0.327645,1.177143,-0.280820,0.503062,0.216689,0.459571,0.454638,-0.053127,-2.403057,-0.447948,2.475006,-1.730954,-1.795924,0.948943,0.900546,0.283630,0.199796,-0.318373,-0.107192,0.839383,0.667433,-0.029839
14.538036,1.506378,0.759524,-0.394746,-0.310552,1.309638,0.878640,-0.329313,1.203085,-0.243922,0.502529,0.245342,0.455893,0.448900,-0.053090,-2.402771,-0.447759,2.474688,-1.731056,-1.795091,0.949603,0.900515,0.285689,0.196452,-0.319951,-0.105643,0.838956,0.665038,-0.029709
14.538991,1.510319,0.760200,-0.404074,-0.309427,1.307409,0.877120,-0.329578,1.230098,-0.204546,0.502866,0.274640,0.452571,0.443428,-0.053066,-2.402487,-0.447566,2.474364,-1.731158,-1.794251,0.950280,0.900491,0.285233,0.196270,-0.320818,-0.104991,0.839624,0.668749,-0.027940
14.540100,1.507512,0.761672,-0.401949,-0.311540,1.306979,0.874215,-0.329378,1.253656,-0.161461,0.500672,0.303923,0.450022,0.438106,-0.053088,-2.402205,-0.447373,2.474057,-1.731263,-1.793407,0.950962,0.900459,0.283164,0.194882,-0.315669,-0.104463,0.841831,0.670061,-0.028908
14.540985,1.504855,0.759414,-0.407985,-0.313295,1.302174,0.873629,-0.329556,1.268614,-0.113315,0.491922,0.332345,0.448634,0.432713,-0.053191,-2.401921,-0.447184,2.473740,-1.731357,-1.792556,0.951638,0.900423,0.285031,0.193356,-0.316776,-0.101073,0.843496,0.673463,-0.031033
14.541960,1.509932,0.753436,-0.405489,-0.312837,1.297136,0.868430,-0.329590,1.268487,-0.061183,0.472503,0.356728,0.448988,0.427185,-0.053381,-2.401633,-0.446989,2.473433,-1.731449,-1.791694,0.952316,0.900385,0.285955,0.193338,-0.313059,-0.097907,0.847484,0.673569,-0.031996
14.543056,1.508829,0.751565,-0.409106,-0.312245,1.292711,0.868696,-0.330815,1.253379,-0.010161,0.443983,0.374126,0.451426,0.421745,-0.053627,-2.401356,-0.446788,2.473123,-1.731545,-1.790822,0.952997,0.900352,0.283433,0.195231,-0.313959,-0.096964,0.852380,0.678723,-0.033431
14.544051,1.512485,0.751257,-0.416281,-0.312318,1.285953,0.869809,-0.331298,1.230329,0.034865,0.412643,0.384594,0.455670,0.416693,-0.053894,-2.401071,-0.446595,2.472813,-1.731639,-1.789960,0.953679,0.900320,0.284378,0.195294,-0.312150,-0.096308,0.857828,0.678802,-0.032668
14.544983,1.513917,0.743483,-0.419359,-0.310847,1.282664,0.869668,-0.332682,1.201212,0.075000,0.379459,0.390021,0.461061,0.412025,-0.054150,-2.400789,-0.446400,2.472507,-1.731733,-1.789096,0.954360,0.900286,0.282582,0.194431,-0.308265,-0.094858,0.864706,0.677659,-0.033241
14.546048,1.514393,0.742698,-0.423178,-0.309400,1.281740,0.872347,-0.332286,1.165349,0.112072,0.343252,0.391754,0.466947,0.407723,-0.054377,-2.400511,-0.446200,2.472209,-1.731827,-1.788219,0.955029,0.900258,0.281751,0.197198,-0.306347,-0.094930,0.867374,0.677608,-0.031905
14.547050,1.511901,0.741366,-0.420982,-0.310364,1.278594,0.873061,-0.333818,1.124688,0.144522,0.305574,0.390014,0.472844,0.404008,-0.054570,-2.400229,-0.446006,2.471910,-1.731922,-1.787333,0.955706,0.900222,0.281825,0.196646,-0.304493,-0.095064,0.868798,0.675200,-0.034372
14.547964,1.514045,0.744491,-0.421230,-0.309505,1.276397,0.874820,-0.334589,1.079766,0.172353,0.266769,0.384890,0.478373,0.401027,-0.054732,-2.399946,-0.445811,2.471606,-1.732012,-1.786464,0.956390,0.900194,0.283146,0.196311,-0.305393,-0.092819,0.872075,0.674499,-0.032831
14.549020,1.509553,0.745260,-0.420312,-0.307477,1.280539,0.872628,-0.335315,1.031910,0.197574,0.227383,0.377173,0.483154,0.398798,-0.054855,-2.399666,-0.445625,2.471300,-1.732103,-1.785585,0.957059,0.900162,0.281847,0.193722,-0.304707,-0.092341,0.873503,0.672451,-0.032706
14.550043,1.513188,0.744209,-0.426423,-0.308935,1.276734,0.873742,-0.335770,0.982364,0.224031,0.187384,0.369007,0.486790,0.397089,-0.054947,-2.399375,-0.445436,2.470991,-1.732197,-1.784713,0.957739,0.900127,0.284287,0.192482,-0.305075,-0.093072,0.869877,0.674927,-0.032886
14.550953,1.515317,0.742058,-0.427898,-0.306831,1.279359,0.876531,-0.335824,0.929635,0.253904,0.145093,0.361298,0.489156,0.395574,-0.055017,-2.399096,-0.445247,2.470701,-1.732281,-1.783840,0.958406,0.900091,0.282612,0.192121,-0.301991,-0.090497,0.874030,0.673964,-0.033548
14.552101,1.513892,0.742038,-0.430088,-0.307471,1.284099,0.880181,-0.336569,0.874577,0.285058,0.101533,0.353436,0.490335,0.394241,-0.055056,-2.398814,-0.445059,2.470403,-1.732370,-1.782973,0.959072,0.900053,0.281310,0.192153,-0.300802,-0.091306,0.870651,0.670881,-0.034817
14.552994,1.512855,0.743387,-0.429854,-0.306082,1.286400,0.880616,-0.338628,0.819402,0.314778,0.058875,0.344967,0.490504,0.393267,-0.055044,-2.398526,-0.444867,2.470102,-1.732455,-1.782118,0.959732,0.900018,0.282563,0.191390,-0.300023,-0.089646,0.867453,0.667966,-0.035099
14.554099,1.512978,0.742671,-0.430284,-0.306723,1.287522,0.886607,-0.338941,0.763198,0.342760,0.016553,0.335684,0.489947,0.392710,-0.054953,-2.398246,-0.444684,2.469805,-1.732543,-1.781255,0.960388,0.899992,0.282794,0.189702,-0.299635,-0.089743,0.864377,0.667272,-0.032339
14.555059,1.511617,0.745727,-0.435326,-0.307194,1.289904,0.889340,-0.340143,0.705793,0.369370,-0.025630,0.326028,0.488865,0.392647,-0.054783,-2.397962,-0.444496,2.469505,-1.732629,-1.780382,0.961040,0.899954,0.283143,0.189283,-0.299598,-0.088029,0.864276,0.661840,-0.033452
14.556051,1.510309,0.740777,-0.437021,-0.306233,1.293246,0.891081,-0.339420,0.646519,0.394849,-0.068272,0.316249,0.487451,0.393226,-0.054580,-2.397676,-0.444313,2.469215,-1.732713,-1.779533,0.961689,0.899926,0.283711,0.186819,-0.296845,-0.086412,0.861810,0.659170,-0.032519
14.556970,1.506921,0.735143,-0.432644,-0.307021,1.291260,0.890722,-0.341370,0.582668,0.419424,-0.113583,0.306110,0.485922,0.394503,-0.054396,-2.397389,-0.444122,2.468921,-1.732797,-1.778672,0.962341,0.899884,0.284348,0.188371,-0.295873,-0.086268,0.858577,0.657582,-0.035499
14.558024,1.507014,0.732825,-0.429944,-0.306476,1.290862,0.890088,-0.341390,0.515576,0.438324,-0.159643,0.294103,0.484554,0.396755,-0.054246,-2.397099,-0.443928,2.468620,-1.732876,-1.777817,0.963005,0.899858,0.285755,0.190084,-0.297621,-0.084378,0.860147,0.657738,-0.032978
14.559007,1.510820,0.729449,-0.429885,-0.307733,1.291405,0.892557,-0.341490,0.450828,0.445302,-0.200969,0.278960,0.483509,0.400334,-0.054110,-2.396814,-0.443739,2.468323,-1.732959,-1.776953,0.963661,0.899821,0.285909,0.190370,-0.298996,-0.083919,0.861158,0.658757,-0.034595
14.560015,1.504679,0.726965,-0.430280,-0.308313,1.290761,0.892094,-0.342513,0.394415,0.438513,-0.232854,0.261493,0.482678,0.405285,-0.053988,-2.396532,-0.443546,2.468022,-1.733037,-1.776086,0.964317,0.899782,0.284009,0.191058,-0.298766,-0.081641,0.860577,0.656338,-0.035880
14.561127,1.505982,0.723786,-0.433703,-0.307921,1.292442,0.892874,-0.343804,0.346716,0.418999,-0.255351,0.242159,0.482012,0.411327,-0.053868,-2.396243,-0.443355,2.467724,-1.733115,-1.775230,0.964967,0.899749,0.287141,0.191348,-0.298435,-0.080120,0.861536,0.657056,-0.035374
14.562002,1.507658,0.720703,-0.429285,-0.308287,1.290648,0.892561,-0.345091,0.301784,0.390117,-0.273703,0.221041,0.481509,0.417899,-0.053707,-2.395957,-0.443164,2.467431,-1.733193,-1.774367,0.965632,0.899715,0.286861,0.192139,-0.296994,-0.079656,0.860988,0.656827,-0.034510
14.563045,1.504432,0.716560,-0.434222,-0.307311,1.294313,0.898841,-0.345097,0.259346,0.354285,-0.288867,0.199337,0.481029,0.424615,-0.053480,-2.395670,-0.442972,2.467127,-1.733269,-1.773511,0.966293,0.899686,0.285588,0.192530,-0.298571,-0.078238,0.861925,0.656754,-0.033281
14.564046,1.504924,0.713347,-0.429168,-0.308641,1.289577,0.898976,-0.346134,0.222010,0.312178,-0.299195,0.177866,0.480507,0.431378,-0.053207,-2.395381,-0.442777,2.466838,-1.733349,-1.772652,0.966928,0.899650,0.287379,0.193663,-0.296153,-0.078252,0.858805,0.650875,-0.034900
14.565027,1.507177,0.712027,-0.431777,-0.307674,1.287719,0.900256,-0.346693,0.188377,0.264517,-0.305856,0.156253,0.480036,0.438171,-0.052934,-2.395095,-0.442581,2.466532,-1.733422,-1.771773,0.967581,0.899617,0.287129,0.194250,-0.298472,-0.076061,0.863639,0.650978,-0.034348
14.566120,1.503419,0.710168,-0.432864,-0.307190,1.290246,0.899804,-0.347160,0.159966,0.212632,-0.308116,0.135091,0.479588,0.445032,-0.052703,-2.394808,-0.442385,2.466240,-1.733499,-1.770908,0.968238,0.899582,0.285943,0.193855,-0.296978,-0.076072,0.865432,0.649754,-0.034743
14.567103,1.499525,0.708160,-0.431557,-0.306891,1.286368,0.897658,-0.347702,0.136427,0.160499,-0.307382,0.115926,0.479071,0.451851,-0.052560,-2.394517,-0.442191,2.465941,-1.733575,-1.770039,0.968888,0.899544,0.288144,0.193915,-0.296597,-0.075719,0.863791,0.650802,-0.035490
14.567981,1.496640,0.705802,-0.429614,-0.305320,1.285315,0.893467,-0.347312,0.112218,0.112126,-0.308763,0.098885,0.478624,0.458432,-0.052533,-2.394222,-0.441997,2.465642,-1.733649,-1.769158,0.969544,0.899506,0.289942,0.193905,-0.297030,-0.075121,0.867561,0.653044,-0.035895
14.569132,1.501207,0.702030,-0.427586,-0.307863,1.288316,0.890841,-0.348430,0.084713,0.069302,-0.314587,0.083718,0.478427,0.464667,-0.052632,-2.393930,-0.441801,2.465347,-1.733728,-1.768296,0.970202,0.899463,0.290901,0.193900,-0.297461,-0.075605,0.867674,0.656893,-0.037988
14.570007,1.503017,0.700788,-0.425741,-0.307754,1.286016,0.890507,-0.348726,0.057643,0.030229,-0.321533,0.069600,0.478768,0.470626,-0.052859,-2.393644,-0.441604,2.465046,-1.733793,-1.767426,0.970871,0.899430,0.289134,0.194979,-0.298796,-0.072508,0.866073,0.660213,-0.037522
14.570999,1.502733,0.695826,-0.425006,-0.306875,1.283461,0.889499,-0.350196,0.037970,-0.009198,-0.323227,0.054923,0.480027,0.476515,-0.053199,-2.393356,-0.441409,2.464742,-1.733863,-1.766563,0.971536,0.899391,0.287809,0.194411,-0.299044,-0.071743,0.867473,0.660100,-0.038250
14.571964,1.503556,0.692663,-0.424736,-0.306984,1.280785,0.889613,-0.349933,0.028943,-0.049966,-0.316912,0.039718,0.482241,0.482343,-0.053625,-2.393071,-0.441213,2.464441,-1.733935,-1.765685,0.972188,0.899357,0.287968,0.195881,-0.299192,-0.071814,0.869977,0.661266,-0.036814
14.573060,1.499231,0.685344,-0.424498,-0.307043,1.281697,0.893435,-0.351756,0.029182,-0.091467,-0.303754,0.024444,0.485269,0.487969,-0.054101,-2.392783,-0.441015,2.464143,-1.734004,-1.764804,0.972852,0.899316,0.287429,0.196365,-0.299047,-0.070920,0.872328,0.661101,-0.038822
14.574014,1.503308,0.688987,-0.426320,-0.307415,1.278680,0.897235,-0.351967,0.034950,-0.134903,-0.286134,0.007729,0.489129,0.493353,-0.054576,-2.392489,-0.440809,2.463846,-1.734072,-1.763935,0.973501,0.899286,0.289881,0.199033,-0.299353,-0.070214,0.872331,0.657837,-0.036851
14.574995,1.501301,0.684105,-0.420600,-0.306231,1.279332,0.895949,-0.352502,0.042364,-0.179405,-0.267023,-0.011006,0.493668,0.498447,-0.054998,-2.392208,-0.440619,2.463549,-1.734138,-1.763052,0.974153,0.899248,0.287724,0.196148,-0.298117,-0.069105,0.874935,0.654027,-0.037904
14.575963,1.501506,0.684404,-0.415489,-0.306100,1.281421,0.898325,-0.354025,0.051994,-0.221287,-0.246969,-0.029605,0.498333,0.503123,-0.055347,-2.391915,-0.440417,2.463242,-1.734208,-1.762188,0.974816,0.899211,0.288629,0.197522,-0.300685,-0.069518,0.874244,0.655395,-0.038324
14.577009,1.498908,0.679858,-0.420321,-0.303370,1.284252,0.899652,-0.354639,0.067448,-0.259932,-0.223572,-0.046627,0.502630,0.507439,-0.055623,-2.391628,-0.440224,2.462935,-1.734275,-1.761300,0.975463,0.899178,0.288412,0.196312,-0.302848,-0.068908,0.871759,0.653059,-0.036743
14.577980,1.498539,0.681330,-0.420042,-0.306055,1.286765,0.901513,-0.355090,0.087641,-0.295022,-0.197760,-0.061705,0.506233,0.511403,-0.055823,-2.391337,-0.440022,2.462637,-1.734349,-1.760439,0.976116,0.899141,0.289856,0.197593,-0.300393,-0.070834,0.869521,0.652107,-0.037138
14.578972,1.500044,0.685328,-0.415286,-0.304215,1.287934,0.901043,-0.355110,0.106041,-0.324122,-0.174959,-0.074932,0.508996,0.514787,-0.055960,-2.391049,-0.439827,2.462341,-1.734407,-1.759589,0.976763,0.899102,0.289916,0.195769,-0.300317,-0.067566,0.867035,0.650330,-0.037706
14.580092,1.495504,0.681920,-0.411008,-0.304663,1.293312,0.904679,-0.355783,0.121115,-0.344535,-0.156915,-0.085621,0.510836,0.517365,-0.056043,-2.390758,-0.439641,2.462035,-1.734477,-1.758722,0.977414,0.899057,0.289093,0.192858,-0.302435,-0.068686,0.865935,0.650979,-0.039158
14.580980,1.497955,0.678324,-0.408765,-0.303326,1.289708,0.905048,-0.357301,0.136396,-0.355642,-0.141081,-0.092490,0.511690,0.519117,-0.056084,-2.390461,-0.439444,2.461726,-1.734540,-1.757859,0.978063,0.899018,0.291710,0.193723,-0.304688,-0.067710,0.861740,0.647991,-0.039518
14.581974,1.503238,0.681860,-0.414712,-0.303364,1.291827,0.908181,-0.356957,0.154073,-0.361741,-0.124679,-0.096526,0.511827,0.520303,-0.056076,-2.390178,-0.439247,2.461422,-1.734607,-1.756996,0.978705,0.898984,0.290108,0.194349,-0.305179,-0.068261,0.864595,0.647431,-0.037814
14.583108,1.500969,0.676349,-0.415897,-0.303729,1.296877,0.909173,-0.357611,0.175748,-0.364205,-0.106337,-0.097231,0.511418,0.520970,-0.056034,-2.389894,-0.439063,2.461123,-1.734671,-1.756136,0.979344,0.898940,0.287482,0.191662,-0.301980,-0.067551,0.862562,0.644502,-0.040027
14.584129,1.499335,0.679652,-0.412776,-0.306106,1.290350,0.912148,-0.358645,0.199138,-0.361202,-0.088420,-0.093959,0.510773,0.520884,-0.055997,-2.389600,-0.438865,2.460819,-1.734735,-1.755287,0.979990,0.898897,0.289056,0.193606,-0.301640,-0.066690,0.858975,0.644304,-0.040426
14.584966,1.506072,0.675848,-0.414045,-0.308343,1.288671,0.913548,-0.359927,0.219473,-0.354252,-0.074008,-0.089036,0.510595,0.520046,-0.055975,-2.389311,-0.438680,2.460518,-1.734792,-1.754406,0.980621,0.898860,0.289927,0.191049,-0.303092,-0.063840,0.865777,0.641695,-0.039912
14.586025,1.503665,0.671272,-0.414262,-0.309804,1.285567,0.917252,-0.359682,0.237689,-0.345942,-0.061663,-0.083999,0.511373,0.518736,-0.055972,-2.389032,-0.438488,2.460218,-1.734846,-1.753529,0.981258,0.898822,0.286046,0.191795,-0.301685,-0.061058,0.865983,0.639904,-0.038586
14.587100,1.504651,0.671933,-0.415478,-0.310843,1.284230,0.913347,-0.358893,0.257144,-0.340150,-0.048008,-0.080223,0.513441,0.517360,-0.056019,-2.388743,-0.438289,2.459919,-1.734903,-1.752659,0.981882,0.898774,0.287500,0.193109,-0.301617,-0.059212,0.869737,0.636778,-0.040690
14.587968,1.502697,0.672353,-0.418263,-0.311343,1.275683,0.914628,-0.359975,0.276032,-0.338380,-0.034123,-0.078802,0.516965,0.516041,-0.056154,-2.388455,-0.438100,2.459617,-1.734956,-1.751780,0.982529,0.898724,0.287241,0.191922,-0.301049,-0.057868,0.871706,0.641275,-0.043881
14.589056,1.505077,0.666449,-0.420443,-0.312219,1.271216,0.916333,-0.360459,0.289793,-0.335678,-0.024739,-0.077995,0.521613,0.514411,-0.056374,-2.388165,-0.437912,2.459321,-1.735012,-1.750898,0.983167,0.898684,0.287750,0.190610,-0.299060,-0.056803,0.879124,0.639652,-0.042967
14.590015,1.505085,0.664498,-0.425775,-0.312791,1.262099,0.917439,-0.360180,0.296434,-0.329113,-0.022161,-0.076281,0.526891,0.512295,-0.056639,-2.387881,-0.437718,2.459028,-1.735065,-1.750004,0.983796,0.898638,0.286897,0.192721,-0.298177,-0.055636,0.884190,0.638627,-0.043653
14.590962,1.503996,0.663527,-0.418872,-0.312856,1.260788,0.915683,-0.360301,0.296457,-0.320642,-0.025595,-0.074066,0.532409,0.509860,-0.056927,-2.387594,-0.437525,2.458736,-1.735116,-1.749084,0.984432,0.898589,0.286768,0.192637,-0.295273,-0.054714,0.892579,0.637636,-0.045633
14.591997,1.509293,0.658739,-0.421225,-0.311487,1.256771,0.918535,-0.362068,0.291745,-0.311035,-0.033439,-0.071216,0.537705,0.507193,-0.057223,-2.387310,-0.437332,2.458438,-1.735169,-1.748198,0.985066,0.898542,0.287188,0.192076,-0.298435,-0.054231,0.893277,0.639489,-0.046779
14.592984,1.515982,0.657837,-0.425254,-0.312382,1.253967,0.918421,-0.362856,0.288166,-0.301370,-0.041046,-0.066823,0.542265,0.504483,-0.057494,-2.387029,-0.437138,2.458141,-1.735225,-1.747289,0.985702,0.898498,0.284708,0.193531,-0.297193,-0.055221,0.897336,0.637010,-0.044769
14.593963,1.514594,0.652038,-0.429980,-0.311265,1.255523,0.920374,-0.362606,0.291982,-0.293263,-0.043507,-0.059979,0.545625,0.501977,-0.057724,-2.386751,-0.436942,2.457849,-1.735276,-1.746390,0.986347,0.898453,0.281434,0.192934,-0.295028,-0.053969,0.899817,0.637322,-0.044685
14.594962,1.510881,0.656530,-0.427892,-0.310077,1.251741,0.920790,-0.363498,0.302236,-0.286586,-0.041712,-0.051075,0.547553,0.499687,-0.057931,-2.386472,-0.436746,2.457564,-1.735331,-1.745486,0.986974,0.898399,0.282198,0.194812,-0.292587,-0.054675,0.897783,0.635588,-0.046627
14.596057,1.511663,0.659552,-0.431467,-0.311762,1.253914,0.918520,-0.364349,0.312061,-0.278468,-0.041399,-0.040615,0.547898,0.497439,-0.058133,-2.386182,-0.436558,2.457269,-1.735386,-1.744575,0.987617,0.898349,0.284039,0.191593,-0.293539,-0.055440,0.901295,0.635415,-0.046295
14.597064,1.513108,0.657335,-0.427065,-0.308988,1.259084,0.919036,-0.364996,0.315528,-0.262887,-0.048219,-0.027469,0.546431,0.494930,-0.058314,-2.385894,-0.436371,2.456983,-1.735437,-1.743686,0.988270,0.898302,0.283956,0.189308,-0.292041,-0.053494,0.899802,0.638276,-0.046240
14.598035,1.515101,0.656475,-0.425797,-0.308922,1.265319,0.912893,-0.366142,0.313435,-0.238192,-0.061749,-0.011248,0.543198,0.492148,-0.058457,-2.385616,-0.436183,2.456685,-1.735496,-1.742798,0.988905,0.898255,0.283368,0.189526,-0.294141,-0.055803,0.894563,0.638043,-0.046445
14.599080,1.515764,0.658963,-0.426922,-0.306804,1.264797,0.913113,-0.365910,0.312408,-0.208867,-0.075821,0.007297,0.538522,0.489446,-0.058556,-2.385333,-0.435996,2.456388,-1.735550,-1.741916,0.989563,0.898211,0.282338,0.188996,-0.294511,-0.055420,0.888045,0.644276,-0.045594
14.599998,1.519198,0.652699,-0.427050,-0.306404,1.270409,0.910509,-0.366431,0.315935,-0.176591,-0.087325,0.028335,0.532673,0.486883,-0.058624,-2.385053,-0.435809,2.456096,-1.735611,-1.741032,0.990205,0.898161,0.282265,0.186892,-0.294007,-0.057040,0.888979,0.644415,-0.047633
14.601100,1.517478,0.650411,-0.428903,-0.305779,1.272905,0.912849,-0.366822,0.323915,-0.141751,-0.096076,0.051958,0.525927,0.484399,-0.058685,-2.384777,-0.435617,2.455805,-1.735667,-1.740162,0.990861,0.898114,0.280382,0.188986,-0.293575,-0.056916,0.882672,0.646859,-0.047922
14.602024,1.522736,0.642363,-0.426339,-0.302872,1.272831,0.911854,-0.367700,0.335782,-0.108868,-0.101117,0.075814,0.518873,0.482211,-0.058746,-2.384489,-0.435427,2.455511,-1.735725,-1.739290,0.991510,0.898061,0.281633,0.189308,-0.292886,-0.057146,0.881193,0.645094,-0.048780
14.602959,1.522868,0.633290,-0.418026,-0.304647,1.270922,0.911261,-0.368383,0.352209,-0.082742,-0.100616,0.097991,0.511990,0.480624,-0.058800,-2.384218,-0.435231,2.455217,-1.735787,-1.738408,0.992154,0.898014,0.278894,0.192238,-0.293818,-0.059417,0.880569,0.646033,-0.048366
14.604087,1.523473,0.633773,-0.421310,-0.301796,1.271635,0.911661,-0.368994,0.379630,-0.070301,-0.088109,0.117032,0.505622,0.480186,-0.058843,-2.383938,-0.435030,2.454910,-1.735840,-1.737519,0.992806,0.897964,0.278733,0.195609,-0.297504,-0.057163,0.881832,0.646534,-0.048369
14.605028,1.526464,0.629953,-0.419856,-0.303371,1.275266,0.909632,-0.368911,0.420374,-0.074615,-0.061085,0.131825,0.500019,0.481142,-0.058881,-2.383662,-0.434836,2.454618,-1.735905,-1.736630,0.993447,0.897911,0.279014,0.194496,-0.296159,-0.059517,0.882135,0.646899,-0.048831
14.606018,1.517240,0.628195,-0.414992,-0.303421,1.271335,0.908659,-0.367651,0.468775,-0.089328,-0.025358,0.143905,0.495081,0.483017,-0.058947,-2.383385,-0.434640,2.454321,-1.735959,-1.735760,0.994098,0.897857,0.277429,0.195332,-0.296562,-0.057452,0.878038,0.648888,-0.050364
14.607044,1.515362,0.624617,-0.411796,-0.303967,1.272308,0.908567,-0.369140,0.518193,-0.109466,0.012951,0.153415,0.490848,0.485361,-0.059074,-2.383093,-0.434444,2.454016,-1.736016,-1.734884,0.994750,0.897794,0.282019,0.195175,-0.298726,-0.056958,0.882000,0.649994,-0.054314
14.608012,1.513813,0.622464,-0.405155,-0.303703,1.275284,0.911524,-0.368634,0.561943,-0.133197,0.048628,0.158995,0.487448,0.487952,-0.059248,-2.382811,-0.434248,2.453712,-1.736071,-1.734002,0.995394,0.897745,0.283089,0.195981,-0.300172,-0.056013,0.881176,0.650409,-0.052801
14.608970,1.514300,0.621486,-0.409968,-0.304069,1.271840,0.913218,-0.369609,0.599080,-0.159998,0.080981,0.160455,0.484855,0.490768,-0.059430,-2.382525,-0.434050,2.453401,-1.736125,-1.733122,0.996039,0.897686,0.283762,0.195970,-0.303083,-0.055841,0.877879,0.647511,-0.055237
14.609994,1.512274,0.622419,-0.411500,-0.303123,1.270744,0.914848,-0.368966,0.631531,-0.188447,0.111083,0.158929,0.482873,0.493747,-0.059600,-2.382244,-0.433854,2.453106,-1.736181,-1.732244,0.996670,0.897634,0.283457,0.195383,-0.300357,-0.055010,0.881030,0.645961,-0.054652
14.611051,1.516141,0.617386,-0.409372,-0.304209,1.272565,0.919654,-0.370115,0.655967,-0.212640,0.134801,0.156894,0.481088,0.496410,-0.059756,-2.381958,-0.433664,2.452803,-1.736236,-1.731357,0.997312,0.897570,0.284594,0.193993,-0.299472,-0.055555,0.882246,0.644672,-0.057432
14.612089,1.516694,0.618663,-0.406128,-0.302878,1.271815,0.923177,-0.371424,0.671894,-0.230253,0.150939,0.155513,0.479295,0.498556,-0.059886,-2.381679,-0.433464,2.452497,-1.736288,-1.730473,0.997948,0.897511,0.282934,0.195550,-0.300495,-0.054171,0.880856,0.640344,-0.056631
14.612976,1.518487,0.615629,-0.401950,-0.303076,1.271727,0.924524,-0.370940,0.685956,-0.244590,0.165052,0.154589,0.477543,0.500560,-0.059965,-2.381399,-0.433271,2.452194,-1.736344,-1.729596,0.998576,0.897454,0.282893,0.193947,-0.302024,-0.055123,0.881989,0.637312,-0.055519
14.614043,1.520453,0.617988,-0.398354,-0.302451,1.276667,0.927340,-0.372400,0.704209,-0.257195,0.181817,0.154826,0.475822,0.502721,-0.059980,-2.381118,-0.433077,2.451886,-1.736396,-1.728718,0.999214,0.897392,0.281683,0.194342,-0.303456,-0.054462,0.881068,0.635784,-0.057755
14.615019,1.520681,0.613806,-0.402319,-0.302847,1.276973,0.927694,-0.372228,0.729761,-0.268039,0.203363,0.156792,0.474250,0.505142,-0.059952,-2.380835,-0.432888,2.451576,-1.736449,-1.727839,0.999850,0.897339,0.281000,0.192288,-0.305172,-0.054771,0.876689,0.633511,-0.056373
14.616051,1.523941,0.611420,-0.402269,-0.303473,1.277723,0.929001,-0.372610,0.760898,-0.276622,0.228145,0.159938,0.473133,0.507757,-0.059923,-2.380557,-0.432695,2.451277,-1.736502,-1.726968,1.000479,0.897273,0.280917,0.193399,-0.302894,-0.053976,0.876295,0.633396,-0.058118
14.617099,1.528178,0.612803,-0.400698,-0.304423,1.277479,0.926951,-0.371679,0.792676,-0.283528,0.252493,0.162570,0.472848,0.510455,-0.059934,-2.380279,-0.432499,2.450975,-1.736553,-1.726087,1.001117,0.897211,0.279505,0.193612,-0.302844,-0.053066,0.875798,0.632471,-0.058822
14.618002,1.524369,0.608458,-0.398490,-0.307433,1.274322,0.927119,-0.372519,0.824775,-0.289882,0.276371,0.163917,0.473574,0.513193,-0.060003,-2.380008,-0.432310,2.450674,-1.736601,-1.725218,1.001752,0.897143,0.277750,0.192031,-0.303610,-0.051899,0.876583,0.635034,-0.062194
14.618998,1.530304,0.611117,-0.398683,-0.308159,1.277290,0.926027,-0.372106,0.857428,-0.296494,0.300252,0.163212,0.475370,0.515885,-0.060121,-2.379724,-0.432119,2.450367,-1.736644,-1.724333,1.002391,0.897080,0.279402,0.193135,-0.304112,-0.048659,0.878838,0.634696,-0.061735
14.620071,1.528534,0.610132,-0.401163,-0.305844,1.273733,0.930284,-0.372885,0.888463,-0.304223,0.322930,0.158961,0.478274,0.518409,-0.060266,-2.379450,-0.431932,2.450061,-1.736692,-1.723466,1.003037,0.897011,0.276546,0.190856,-0.303727,-0.047709,0.875904,0.636004,-0.063980
14.621046,1.533537,0.611983,-0.402401,-0.306478,1.276014,0.929086,-0.373328,0.916741,-0.309773,0.342722,0.153301,0.481757,0.520513,-0.060433,-2.379173,-0.431743,2.449763,-1.736744,-1.722579,1.003663,0.896950,0.277850,0.190532,-0.302575,-0.049772,0.880107,0.632333,-0.063949
14.621999,1.533161,0.610452,-0.405414,-0.308484,1.275989,0.930682,-0.372591,0.941135,-0.308436,0.357455,0.149911,0.484998,0.521925,-0.060625,-2.378900,-0.431558,2.449463,-1.736790,-1.721701,1.004302,0.896882,0.275417,0.188674,-0.301692,-0.048885,0.877555,0.633740,-0.064431
14.623071,1.532539,0.613841,-0.402913,-0.307331,1.275387,0.929837,-0.374120,0.960637,-0.299760,0.366270,0.149040,0.487674,0.522583,-0.060853,-2.378622,-0.431370,2.449169,-1.736831,-1.720832,1.004930,0.896808,0.275577,0.188473,-0.299895,-0.046748,0.877279,0.632243,-0.067227
14.624090,1.533919,0.611270,-0.400912,-0.307941,1.279217,0.930860,-0.373353,0.973934,-0.284548,0.368532,0.149788,0.489651,0.522557,-0.061108,-2.378347,-0.431188,2.448864,-1.736879,-1.719953,1.005568,0.896744,0.276303,0.186008,-0.301183,-0.047747,0.878538,0.633671,-0.065660
14.624981,1.533156,0.609827,-0.395534,-0.306706,1.278940,0.926219,-0.374172,0.982211,-0.263765,0.365476,0.152498,0.490686,0.522080,-0.061376,-2.378070,-0.431001,2.448560,-1.736923,-1.719094,1.006209,0.896672,0.275794,0.186433,-0.302007,-0.046980,0.875028,0.632949,-0.068657
14.626183,1.537763,0.611812,-0.405295,-0.308408,1.286535,0.925984,-0.373812,0.990202,-0.241411,0.361674,0.156862,0.490790,0.521589,-0.061653,-2.377793,-0.430817,2.448255,-1.736971,-1.718220,1.006862,0.896605,0.275945,0.186132,-0.304094,-0.047888,0.874428,0.637369,-0.068209
14.627019,1.537303,0.614281,-0.396299,-0.310001,1.283260,0.921881,-0.374251,0.998675,-0.219195,0.358124,0.162395,0.490168,0.521199,-0.061943,-2.377522,-0.430636,2.447959,-1.737014,-1.717352,1.007500,0.896526,0.274520,0.184558,-0.299704,-0.046207,0.868668,0.638665,-0.070651
14.628005,1.539601,0.617393,-0.398431,-0.310347,1.285218,0.919368,-0.374919,1.005572,-0.195374,0.352948,0.169052,0.489116,0.520751,-0.062243,-2.377250,-0.430458,2.447652,-1.737053,-1.716486,1.008153,0.896452,0.274392,0.182297,-0.303453,-0.044424,0.870711,0.642291,-0.070856
14.628971,1.538695,0.614357,-0.392191,-0.312282,1.284261,0.915685,-0.374626,1.012210,-0.168733,0.347027,0.177411,0.487939,0.520218,-0.062543,-2.376978,-0.430285,2.447354,-1.737096,-1.715623,1.008795,0.896381,0.273368,0.179982,-0.302128,-0.043961,0.868756,0.644978,-0.070885
14.630035,1.541206,0.619404,-0.392848,-0.315214,1.283269,0.915107,-0.375781,1.020222,-0.140350,0.342043,0.187330,0.487051,0.519680,-0.062843,-2.376703,-0.430103,2.447041,-1.737133,-1.714743,1.009451,0.896305,0.273876,0.180627,-0.304835,-0.041986,0.869431,0.648682,-0.072801
14.631098,1.541010,0.613786,-0.398025,-0.320165,1.279010,0.913413,-0.375545,1.029641,-0.113041,0.339005,0.197018,0.487047,0.519256,-0.063149,-2.376433,-0.429929,2.446739,-1.737168,-1.713873,1.010094,0.896234,0.273046,0.177393,-0.304483,-0.039162,0.871083,0.649730,-0.071962
14.632084,1.543909,0.614475,-0.398928,-0.318924,1.278971,0.913939,-0.376904,1.036931,-0.088789,0.336101,0.203798,0.488507,0.518960,-0.063452,-2.376159,-0.429747,2.446439,-1.737194,-1.712987,1.010754,0.896157,0.273539,0.179490,-0.301904,-0.034536,0.875860,0.651826,-0.073934
14.633089,1.546229,0.607455,-0.399901,-0.323763,1.275624,0.912679,-0.376825,1.037853,-0.069016,0.330625,0.205806,0.491695,0.518776,-0.063750,-2.375889,-0.429569,2.446137,-1.737233,-1.712120,1.011410,0.896089,0.272242,0.178302,-0.301217,-0.035798,0.875849,0.651369,-0.072562
14.634056,1.549875,0.599885,-0.402447,-0.323285,1.263570,0.911427,-0.377578,1.034021,-0.055818,0.324203,0.202904,0.496514,0.518858,-0.064053,-2.375621,-0.429385,2.445842,-1.737256,-1.711224,1.012061,0.896014,0.271337,0.180972,-0.300617,-0.031252,0.879111,0.652852,-0.074131
14.634973,1.547623,0.595792,-0.398796,-0.325222,1.261706,0.915672,-0.378148,1.029520,-0.053735,0.320813,0.194276,0.502768,0.519507,-0.064368,-2.375355,-0.429195,2.445543,-1.737288,-1.710309,1.012720,0.895941,0.269662,0.183777,-0.299056,-0.031878,0.890601,0.654106,-0.073932
14.636104,1.549919,0.591686,-0.398651,-0.325725,1.262889,0.919098,-0.377166,1.026791,-0.065502,0.322746,0.179924,0.509941,0.520933,-0.064700,-2.375085,-0.429008,2.445243,-1.737316,-1.709424,1.013362,0.895866,0.270747,0.184779,-0.300442,-0.030088,0.891572,0.649708,-0.074032
14.637042,1.549745,0.588627,-0.404624,-0.324097,1.261023,0.920782,-0.379431,1.026561,-0.090277,0.330360,0.160613,0.517470,0.523193,-0.065043,-2.374814,-0.428820,2.444943,-1.737343,-1.708525,1.014007,0.895784,0.270238,0.186095,-0.300766,-0.029962,0.891331,0.647059,-0.077594
14.637984,1.551783,0.585842,-0.408248,-0.324135,1.259039,0.921940,-0.379295,1.026872,-0.123971,0.341099,0.138029,0.524755,0.526051,-0.065367,-2.374542,-0.428632,2.444649,-1.737380,-1.707640,1.014660,0.895718,0.270299,0.186605,-0.297418,-0.031572,0.892598,0.645299,-0.074303
14.639169,1.549843,0.586053,-0.406421,-0.326432,1.261596,0.927522,-0.380059,1.023323,-0.159362,0.349563,0.115441,0.530993,0.528952,-0.065639,-2.374277,-0.428446,2.444361,-1.737412,-1.706739,1.015296,0.895638,0.269349,0.187026,-0.295377,-0.031617,0.893859,0.644186,-0.075879
14.639981,1.543910,0.586143,-0.404208,-0.326540,1.261491,0.926827,-0.380241,1.013301,-0.192378,0.352740,0.094008,0.535790,0.531585,-0.065854,-2.374002,-0.428261,2.444062,-1.737438,-1.705841,1.015934,0.895563,0.271139,0.186263,-0.296789,-0.029744,0.892726,0.639586,-0.076019
14.640978,1.549205,0.591119,-0.407504,-0.328808,1.261039,0.932688,-0.380641,0.994991,-0.221441,0.349183,0.073006,0.539168,0.533856,-0.066004,-2.373727,-0.428076,2.443769,-1.737467,-1.704957,1.016566,0.895485,0.273619,0.185083,-0.297146,-0.029684,0.891119,0.639862,-0.076707
14.641971,1.547807,0.587863,-0.411837,-0.328476,1.264515,0.932544,-0.381409,0.967286,-0.242752,0.337318,0.053405,0.541028,0.535519,-0.066088,-2.373459,-0.427902,2.443476,-1.737490,-1.704061,1.017193,0.895409,0.271154,0.181819,-0.295360,-0.027750,0.891395,0.634258,-0.077273
14.643038,1.549539,0.590108,-0.412035,-0.327394,1.268463,0.937513,-0.380723,0.931300,-0.253284,0.317119,0.036884,0.541269,0.536383,-0.066124,-2.373185,-0.427716,2.443184,-1.737520,-1.703178,1.017833,0.895332,0.272027,0.182581,-0.293076,-0.028277,0.887783,0.634683,-0.077082
14.644024,1.545018,0.584052,-0.413548,-0.327460,1.275962,0.939596,-0.382292,0.888445,-0.253034,0.289370,0.024242,0.540013,0.536459,-0.066135,-2.372916,-0.427535,2.442896,-1.737550,-1.702310,1.018455,0.895247,0.271613,0.180683,-0.293193,-0.029606,0.884541,0.630300,-0.079932
14.644972,1.549325,0.581643,-0.415081,-0.328221,1.274785,0.941636,-0.381284,0.840090,-0.244492,0.255547,0.015051,0.537645,0.535926,-0.066131,-2.372635,-0.427347,2.442605,-1.737580,-1.701439,1.019080,0.895170,0.273933,0.182809,-0.292298,-0.029708,0.876954,0.628529,-0.078087
14.646138,1.550705,0.577076,-0.415826,-0.328176,1.277072,0.944166,-0.382812,0.788117,-0.233012,0.218338,0.007105,0.534816,0.535103,-0.066116,-2.372366,-0.427161,2.442313,-1.737608,-1.700569,1.019710,0.895082,0.271781,0.183024,-0.291262,-0.029129,0.877846,0.626580,-0.081390
14.647090,1.550518,0.571594,-0.416648,-0.328955,1.280356,0.949448,-0.382866,0.737202,-0.223548,0.182378,-0.000709,0.531959,0.534362,-0.066110,-2.372097,-0.426975,2.442024,-1.737638,-1.699695,1.020324,0.895005,0.271913,0.184642,-0.291424,-0.029514,0.877065,0.625149,-0.079927
14.647975,1.546571,0.570068,-0.426079,-0.329731,1.277356,0.947705,-0.382809,0.691120,-0.219802,0.151362,-0.009030,0.529372,0.534078,-0.066128,-2.371824,-0.426784,2.441732,-1.737667,-1.698820,1.020941,0.894921,0.272028,0.186369,-0.290756,-0.028887,0.873372,0.620022,-0.081106
14.648976,1.551413,0.564900,-0.424644,-0.329962,1.278658,0.951751,-0.382994,0.645192,-0.221357,0.121705,-0.018889,0.527301,0.534187,-0.066184,-2.371550,-0.426598,2.441455,-1.737694,-1.697952,1.021557,0.894838,0.273777,0.186057,-0.285688,-0.028255,0.875522,0.621753,-0.082367
14.650173,1.552678,0.564911,-0.423186,-0.333283,1.281838,0.951263,-0.382814,0.594671,-0.224844,0.088921,-0.029729,0.525681,0.534366,-0.066306,-2.371282,-0.426409,2.441168,-1.737724,-1.697077,1.022171,0.894753,0.271568,0.187731,-0.286435,-0.028228,0.874242,0.618064,-0.083329
14.651079,1.549646,0.562555,-0.420590,-0.332407,1.278823,0.953611,-0.383685,0.545329,-0.231523,0.057555,-0.041060,0.524486,0.534772,-0.066504,-2.371006,-0.426224,2.440879,-1.737742,-1.696212,1.022799,0.894665,0.271781,0.187081,-0.287796,-0.025510,0.872933,0.619738,-0.085354
14.652003,1.550459,0.563236,-0.419484,-0.332049,1.277169,0.953930,-0.383456,0.502490,-0.242432,0.031896,-0.052621,0.523674,0.535560,-0.066759,-2.370732,-0.426038,2.440591,-1.737770,-1.695329,1.023408,0.894579,0.273146,0.187240,-0.288725,-0.026572,0.875117,0.617401,-0.084756
14.652992,1.547709,0.561870,-0.423343,-0.334344,1.280354,0.954455,-0.384650,0.466116,-0.253850,0.010981,-0.062142,0.522808,0.536518,-0.067032,-2.370458,-0.425853,2.440303,-1.737799,-1.694444,1.024022,0.894490,0.272626,0.185896,-0.288976,-0.027076,0.876034,0.617196,-0.086427
14.653989,1.545306,0.561295,-0.429023,-0.334672,1.277376,0.954887,-0.384755,0.433594,-0.261805,-0.008130,-0.068182,0.521578,0.537288,-0.067280,-2.370183,-0.425668,2.440022,-1.737820,-1.693585,1.024633,0.894406,0.274140,0.185686,-0.287034,-0.025141,0.872916,0.617052,-0.085331
14.654997,1.543555,0.558071,-0.426225,-0.335552,1.277924,0.958043,-0.384216,0.397444,-0.263666,-0.031634,-0.072043,0.520066,0.537411,-0.067462,-2.369905,-0.425485,2.439744,-1.737847,-1.692701,1.025250,0.894319,0.275447,0.185104,-0.284244,-0.025083,0.875881,0.616997,-0.086463
14.656038,1.547164,0.556849,-0.428179,-0.334635,1.280844,0.959493,-0.385431,0.353579,-0.259219,-0.062648,-0.074907,0.518362,0.536730,-0.067569,-2.369624,-0.425296,2.439453,-1.737871,-1.691832,1.025865,0.894226,0.276438,0.185816,-0.285647,-0.024545,0.875473,0.614255,-0.088872
14.657065,1.545404,0.554126,-0.426855,-0.335982,1.280395,0.962609,-0.385363,0.307191,-0.251384,-0.096615,-0.076804,0.516542,0.535566,-0.067610,-2.369354,-0.425115,2.439172,-1.737899,-1.690960,1.026468,0.894143,0.274966,0.185627,-0.284823,-0.025740,0.872962,0.613462,-0.087817
14.658117,1.545493,0.550168,-0.426152,-0.338589,1.283040,0.962976,-0.386584,0.264615,-0.242930,-0.128139,-0.077502,0.514766,0.534302,-0.067594,-2.369074,-0.424927,2.438885,-1.737921,-1.690074,1.027076,0.894048,0.276052,0.186112,-0.285561,-0.024757,0.873607,0.610880,-0.089314
14.659103,1.542714,0.551256,-0.428369,-0.338570,1.280636,0.965608,-0.385689,0.227813,-0.237267,-0.154805,-0.078892,0.513496,0.533282,-0.067537,-2.368796,-0.424738,2.438599,-1.737940,-1.689190,1.027696,0.893959,0.276304,0.187236,-0.286075,-0.022647,0.871345,0.611126,-0.088254
14.659993,1.544590,0.552976,-0.428091,-0.339163,1.278476,0.961770,-0.386745,0.195070,-0.235653,-0.177442,-0.082750,0.513161,0.532654,-0.067472,-2.368519,-0.424560,2.438313,-1.737964,-1.688320,1.028296,0.893859,0.277789,0.185841,-0.284886,-0.023007,0.873762,0.608903,-0.091336
14.660981,1.542260,0.550438,-0.430625,-0.340931,1.279109,0.960019,-0.386172,0.163970,-0.232893,-0.199198,-0.086840,0.513623,0.532136,-0.067450,-2.368243,-0.424379,2.438026,-1.737985,-1.687440,1.028916,0.893768,0.276588,0.184000,-0.284637,-0.022691,0.874940,0.612724,-0.090310
14.662018,1.543300,0.549670,-0.430337,-0.341208,1.274365,0.958202,-0.385143,0.133648,-0.224941,-0.221850,-0.089253,0.514746,0.531400,-0.067508,-2.367965,-0.424192,2.437748,-1.738005,-1.686572,1.029529,0.893669,0.277856,0.184364,-0.283393,-0.021335,0.874303,0.614818,-0.092747
14.662998,1.545368,0.544851,-0.426424,-0.342768,1.274234,0.959095,-0.385670,0.103672,-0.212537,-0.245579,-0.090629,0.516585,0.530362,-0.067669,-2.367688,-0.424010,2.437462,-1.738026,-1.685688,1.030152,0.893567,0.277577,0.183933,-0.283668,-0.021515,0.879371,0.617144,-0.096142
14.664023,1.547373,0.541939,-0.429728,-0.341938,1.274929,0.959341,-0.384838,0.077917,-0.199434,-0.266599,-0.091658,0.519047,0.529276,-0.067932,-2.367410,-0.423822,2.437173,-1.738044,-1.684814,1.030774,0.893468,0.276581,0.185411,-0.285511,-0.020398,0.879328,0.616494,-0.096299
14.664984,1.545271,0.537542,-0.430020,-0.341598,1.273431,0.958322,-0.385185,0.061905,-0.190221,-0.279736,-0.092926,0.521969,0.528512,-0.068269,-2.367138,-0.423637,2.436893,-1.738067,-1.683934,1.031387,0.893362,0.275859,0.186010,-0.283965,-0.021619,0.878837,0.616775,-0.099283
14.666146,1.545536,0.533433,-0.431037,-0.341709,1.277502,0.958999,-0.385208,0.054625,-0.185544,-0.285732,-0.094383,0.525015,0.528052,-0.068650,-2.366861,-0.423447,2.436607,-1.738089,-1.683047,1.032010,0.893261,0.276930,0.187218,-0.283691,-0.022277,0.879936,0.617995,-0.099768
14.667007,1.548139,0.531817,-0.429562,-0.339466,1.279317,0.961875,-0.385539,0.052016,-0.184763,-0.287834,-0.096213,0.527829,0.527729,-0.069047,-2.366584,-0.423256,2.436328,-1.738113,-1.682181,1.032623,0.893156,0.277475,0.188532,-0.283795,-0.022659,0.877382,0.618386,-0.101258
14.667984,1.545366,0.530757,-0.427011,-0.340213,1.282545,0.961571,-0.385334,0.054158,-0.187791,-0.285976,-0.097996,0.530109,0.527585,-0.069441,-2.366309,-0.423070,2.436045,-1.738141,-1.681312,1.033236,0.893054,0.275835,0.188241,-0.284082,-0.025011,0.874446,0.615321,-0.101615
14.669027,1.543836,0.526293,-0.424728,-0.339291,1.280564,0.962522,-0.384106,0.062916,-0.192820,-0.279154,-0.098067,0.531559,0.527688,-0.069819,-2.366030,-0.422884,2.435754,-1.738164,-1.680458,1.033855,0.892945,0.277273,0.187842,-0.285220,-0.024572,0.871266,0.615945,-0.103240
14.670098,1.547704,0.529183,-0.424630,-0.337825,1.285461,0.961065,-0.384016,0.076886,-0.198994,-0.268445,-0.096407,0.532168,0.528073,-0.070181,-2.365752,-0.422694,2.435469,-1.738192,-1.679576,1.034468,0.892828,0.278306,0.189203,-0.286500,-0.025781,0.873647,0.615572,-0.106992
14.671078,1.546743,0.531520,-0.425796,-0.341655,1.284718,0.963772,-0.382734,0.095253,-0.204997,-0.254686,-0.092240,0.531934,0.528700,-0.070538,-2.365477,-0.422511,2.435181,-1.738221,-1.678711,1.035092,0.892717,0.276747,0.186955,-0.286740,-0.027522,0.869457,0.617693,-0.108499
14.672008,1.545677,0.530132,-0.426657,-0.339932,1.288101,0.962635,-0.382581,0.116980,-0.206753,-0.239520,-0.084011,0.530913,0.529304,-0.070900,-2.365203,-0.422329,2.434896,-1.738237,-1.677845,1.035701,0.892595,0.277340,0.184911,-0.286073,-0.024146,0.870198,0.615295,-0.112240
14.672999,1.549178,0.526182,-0.423895,-0.344107,1.286953,0.965143,-0.381017,0.137397,-0.201592,-0.226814,-0.072507,0.529524,0.529559,-0.071264,-2.364923,-0.422145,2.434612,-1.738266,-1.676981,1.036317,0.892479,0.277733,0.184654,-0.285416,-0.026054,0.866310,0.616579,-0.113615
14.674087,1.548829,0.530027,-0.422386,-0.344587,1.283255,0.965276,-0.381094,0.155836,-0.192557,-0.216157,-0.060002,0.528399,0.529519,-0.071628,-2.364647,-0.421953,2.434321,-1.738283,-1.676107,1.036932,0.892352,0.276067,0.185665,-0.286707,-0.022317,0.867489,0.614404,-0.117921
14.675184,1.548866,0.525127,-0.425099,-0.346806,1.287314,0.970999,-0.380485,0.175938,-0.183839,-0.203691,-0.048185,0.528072,0.529448,-0.071992,-2.364370,-0.421775,2.434033,-1.738307,-1.675220,1.037541,0.892233,0.276707,0.183015,-0.287716,-0.022271,0.871902,0.615091,-0.119080
14.676175,1.545506,0.521887,-0.417733,-0.347508,1.279831,0.973923,-0.379188,0.197064,-0.175705,-0.189709,-0.037537,0.528825,0.529399,-0.072369,-2.364089,-0.421587,2.433747,-1.738326,-1.674359,1.038144,0.892105,0.277102,0.184722,-0.286656,-0.020575,0.868812,0.610183,-0.121637
14.677046,1.541385,0.512352,-0.428225,-0.347847,1.272172,0.973550,-0.379504,0.217358,-0.170425,-0.174960,-0.029501,0.530911,0.529607,-0.072773,-2.363803,-0.421400,2.433448,-1.738349,-1.673483,1.038747,0.891966,0.278793,0.185405,-0.290181,-0.020245,0.876354,0.607722,-0.125346
14.678106,1.541614,0.510145,-0.426342,-0.349608,1.268545,0.974745,-0.379080,0.233676,-0.170892,-0.161181,-0.025631,0.534354,0.530291,-0.073196,-2.363522,-0.421205,2.433176,-1.738368,-1.672589,1.039349,0.891841,0.280481,0.189018,-0.284555,-0.020220,0.882709,0.608067,-0.125637
14.679094,1.546473,0.507178,-0.424857,-0.350175,1.264656,0.979366,-0.377527,0.240451,-0.176530,-0.152942,-0.026348,0.538882,0.531339,-0.073619,-2.363240,-0.421014,2.432887,-1.738386,-1.671688,1.039954,0.891707,0.280631,0.189217,-0.285721,-0.018994,0.886631,0.607571,-0.127741
14.679995,1.539348,0.503783,-0.421328,-0.351201,1.256763,0.977420,-0.375589,0.241563,-0.186867,-0.147660,-0.030473,0.544058,0.532908,-0.074044,-2.362966,-0.420822,2.432601,-1.738405,-1.670799,1.040547,0.891565,0.278302,0.189720,-0.286402,-0.018859,0.890315,0.603401,-0.131954
14.681124,1.542765,0.502531,-0.418343,-0.352053,1.258090,0.976391,-0.375543,0.244005,-0.201424,-0.140323,-0.036131,0.549314,0.535274,-0.074488,-2.362679,-0.420633,2.432309,-1.738421,-1.669886,1.041155,0.891417,0.281593,0.190353,-0.287746,-0.018259,0.897022,0.605447,-0.136751
14.682103,1.544045,0.498037,-0.424412,-0.351843,1.254500,0.974095,-0.375740,0.248558,-0.218696,-0.130740,-0.042624,0.554199,0.538367,-0.074932,-2.362400,-0.420443,2.432012,-1.738438,-1.668999,1.041771,0.891276,0.280393,0.190190,-0.289535,-0.018020,0.896688,0.607395,-0.138133
14.683042,1.540395,0.501120,-0.420120,-0.353211,1.254960,0.976187,-0.373993,0.255495,-0.236795,-0.119313,-0.049135,0.558305,0.541927,-0.075341,-2.362122,-0.420252,2.431733,-1.738456,-1.668076,1.042380,0.891133,0.279798,0.191463,-0.286440,-0.018687,0.899686,0.610049,-0.138800
14.684061,1.542750,0.499260,-0.422222,-0.353133,1.254025,0.974157,-0.373134,0.262632,-0.252363,-0.108614,-0.054646,0.561220,0.545561,-0.075711,-2.361838,-0.420067,2.431440,-1.738472,-1.667182,1.042991,0.890979,0.281484,0.188924,-0.288333,-0.017782,0.898501,0.608091,-0.143287
14.685035,1.545534,0.497567,-0.421123,-0.352870,1.256202,0.977313,-0.373440,0.267436,-0.261905,-0.101297,-0.058402,0.562651,0.548922,-0.076069,-2.361561,-0.419877,2.431159,-1.738491,-1.666279,1.043600,0.890825,0.280485,0.188955,-0.287358,-0.018329,0.899380,0.610681,-0.146077
14.685971,1.542595,0.498867,-0.420299,-0.351641,1.263411,0.976403,-0.372411,0.272353,-0.265372,-0.095586,-0.059713,0.562444,0.551928,-0.076424,-2.361284,-0.419690,2.430869,-1.738510,-1.665394,1.044205,0.890677,0.279125,0.188862,-0.287767,-0.019026,0.896883,0.607820,-0.146479
14.687063,1.542829,0.498554,-0.419608,-0.352584,1.262989,0.981576,-0.371295,0.279593,-0.263483,-0.089742,-0.058097,0.560615,0.554565,-0.076771,-2.360998,-0.419505,2.430578,-1.738534,-1.664524,1.044824,0.890521,0.280430,0.187219,-0.287888,-0.020534,0.889154,0.608888,-0.149506
14.688041,1.543978,0.499042,-0.421176,-0.351604,1.267147,0.981211,-0.370661,0.287448,-0.255568,-0.085145,-0.053622,0.557334,0.556780,-0.077113,-2.360721,-0.419320,2.430292,-1.738552,-1.663635,1.045418,0.890360,0.280750,0.186627,-0.288533,-0.020122,0.890381,0.604566,-0.152925
14.689160,1.539482,0.501039,-0.418397,-0.350602,1.275300,0.982814,-0.370421,0.294564,-0.241792,-0.082775,-0.046566,0.552806,0.558652,-0.077448,-2.360440,-0.419138,2.430003,-1.738575,-1.662753,1.046026,0.890201,0.280175,0.185493,-0.287610,-0.021445,0.885935,0.605329,-0.155183
14.690037,1.541150,0.498297,-0.416581,-0.351752,1.274138,0.979014,-0.368606,0.299897,-0.221776,-0.083541,-0.036658,0.547278,0.560228,-0.077769,-2.360154,-0.418957,2.429713,-1.738600,-1.661893,1.046635,0.890038,0.282889,0.183808,-0.289369,-0.022857,0.878996,0.604637,-0.156879
14.691035,1.539091,0.503382,-0.420434,-0.353389,1.273948,0.982592,-0.368263,0.302953,-0.196567,-0.087448,-0.024416,0.541174,0.561615,-0.078080,-2.359874,-0.418774,2.429424,-1.738619,-1.661013,1.047247,0.889871,0.281688,0.184176,-0.289783,-0.022020,0.879137,0.608400,-0.161334
14.692053,1.542673,0.504035,-0.414461,-0.354529,1.276134,0.980224,-0.367540,0.303444,-0.167808,-0.094188,-0.010912,0.534905,0.562941,-0.078377,-2.359586,-0.418598,2.429136,-1.738639,-1.660126,1.047855,0.889703,0.282724,0.180816,-0.287787,-0.020819,0.879244,0.605187,-0.162996
14.693128,1.541278,0.500304,-0.416957,-0.356589,1.276864,0.979703,-0.367434,0.301673,-0.135166,-0.103535,0.003880,0.528686,0.564246,-0.078652,-2.359310,-0.418418,2.428842,-1.738658,-1.659260,1.048465,0.889528,0.281114,0.179711,-0.290767,-0.020127,0.877322,0.608119,-0.165449
14.694041,1.546840,0.499368,-0.414953,-0.356814,1.273900,0.977266,-0.368015,0.300981,-0.102172,-0.112094,0.018908,0.522830,0.565749,-0.078887,-2.359025,-0.418235,2.428552,-1.738674,-1.658381,1.049081,0.889362,0.282128,0.180837,-0.289673,-0.018649,0.877267,0.609328,-0.166787
14.695022,1.549936,0.491972,-0.418212,-0.358492,1.276817,0.978932,-0.366281,0.304280,-0.074018,-0.116551,0.032617,0.517593,0.567655,-0.079059,-2.358749,-0.418056,2.428258,-1.738694,-1.657505,1.049702,0.889193,0.279160,0.180362,-0.290284,-0.018788,0.879531,0.611783,-0.166460
14.696099,1.548119,0.490862,-0.414689,-0.359125,1.275444,0.978097,-0.367147,0.314813,-0.054545,-0.113795,0.044513,0.513035,0.570115,-0.079160,-2.358476,-0.417870,2.427972,-1.738707,-1.656635,1.050313,0.889012,0.277737,0.183164,-0.288546,-0.017669,0.876479,0.610426,-0.170892
14.697032,1.546991,0.492130,-0.414292,-0.361085,1.278075,0.977168,-0.366843,0.333342,-0.046946,-0.102612,0.053445,0.509256,0.573207,-0.079199,-2.358194,-0.417686,2.427679,-1.738724,-1.655746,1.050931,0.888842,0.279004,0.182923,-0.290511,-0.017630,0.878482,0.611986,-0.170232
14.697987,1.548367,0.489547,-0.408532,-0.361712,1.276405,0.977170,-0.366976,0.355847,-0.049203,-0.086471,0.059229,0.506214,0.576584,-0.079171,-2.357917,-0.417506,2.427392,-1.738738,-1.654885,1.051542,0.888668,0.279463,0.181361,-0.290438,-0.016155,0.875390,0.613061,-0.171730
14.699139,1.550727,0.489535,-0.410785,-0.362078,1.275037,0.984962,-0.367595,0.380649,-0.057737,-0.067453,0.062926,0.503752,0.579864,-0.079074,-2.357637,-0.417327,2.427092,-1.738755,-1.654007,1.052159,0.888496,0.278702,0.181791,-0.293008,-0.016003,0.876730,0.613259,-0.172364
14.700084,1.550525,0.485558,-0.410777,-0.363745,1.281325,0.985205,-0.368229,0.409862,-0.071570,-0.044239,0.065890,0.501651,0.583054,-0.078928,-2.357357,-0.417147,2.426798,-1.738771,-1.653128,1.052764,0.888322,0.278150,0.181164,-0.292252,-0.016290,0.879449,0.606479,-0.172351
14.701078,1.550414,0.488970,-0.407511,-0.365256,1.276623,0.986554,-0.369764,0.442795,-0.090102,-0.017472,0.068529,0.499799,0.586215,-0.078758,-2.357083,-0.416962,2.426510,-1.738783,-1.652261,1.053368,0.888155,0.278231,0.182215,-0.292035,-0.015163,0.872705,0.606548,-0.171994
14.701965,1.550521,0.486514,-0.404463,-0.367434,1.278551,0.985398,-0.368730,0.476437,-0.111963,0.010376,0.070212,0.498289,0.589225,-0.078574,-2.356803,-0.416785,2.426213,-1.738797,-1.651376,1.053978,0.887988,0.278364,0.179675,-0.293516,-0.014234,0.877402,0.605590,-0.169900
14.703072,1.553996,0.486901,-0.398989,-0.366889,1.283734,0.989201,-0.369537,0.547129,-0.159898,0.069198,0.071451,0.496533,0.594515,-0.078259,-2.356253,-0.416429,2.425616,-1.738822,-1.649641,1.055190,0.887634,0.276844,0.179112,-0.297433,-0.013803,0.870387,0.603813,-0.172293
14.704114,1.554676,0.487542,-0.396560,-0.368794,1.280399,0.990140,-0.369541,0.547129,-0.159898,0.069198,0.071451,0.496533,0.594515,-0.078259,-2.356253,-0.416429,2.425616,-1.738822,-1.649641,1.055190,0.887634,0.276844,0.179112,-0.297433,-0.013803,0.870387,0.603813,-0.172293
14.704945,1.552308,0.484417,-0.398527,-0.371102,1.279751,0.991648,-0.369919,0.591069,-0.186428,0.105504,0.072134,0.496421,0.597084,-0.078165,-2.355973,-0.416250,2.425311,-1.738831,-1.648754,1.055799,0.887458,0.276758,0.178040,-0.298531,-0.012599,0.874095,0.603508,-0.173339
14.706032,1.547872,0.484014,-0.397793,-0.373359,1.281000,0.991349,-0.369600,0.638628,-0.213245,0.144528,0.072787,0.496902,0.599479,-0.078105,-2.355695,-0.416067,2.425018,-1.738839,-1.647887,1.056395,0.887281,0.277483,0.178523,-0.296836,-0.010848,0.873338,0.601810,-0.173257
14.707017,1.551487,0.479644,-0.400473,-0.374883,1.282118,0.995744,-0.369937,0.680350,-0.239252,0.179073,0.070726,0.498267,0.601305,-0.078070,-2.355410,-0.415889,2.424717,-1.738846,-1.647014,1.057001,0.887104,0.280054,0.178028,-0.297332,-0.009409,0.872918,0.602947,-0.175025
14.707996,1.556252,0.473024,-0.396893,-0.373418,1.279993,0.998807,-0.370880,0.711268,-0.264604,0.205596,0.064111,0.500682,0.602389,-0.078047,-2.355133,-0.415705,2.424423,-1.738855,-1.646151,1.057603,0.886929,0.278282,0.179342,-0.295810,-0.008582,0.871814,0.598919,-0.175283
14.709044,1.554030,0.473275,-0.395945,-0.372443,1.280691,0.999744,-0.370490,0.737556,-0.292466,0.229309,0.053646,0.503965,0.603100,-0.078006,-2.354863,-0.415518,2.424124,-1.738870,-1.645269,1.058187,0.886758,0.276042,0.181724,-0.297384,-0.010591,0.873771,0.596370,-0.174342
14.709981,1.556083,0.471663,-0.392178,-0.373734,1.283926,1.001888,-0.370215,0.767069,-0.323991,0.255996,0.042297,0.507588,0.603775,-0.077935,-2.354585,-0.415338,2.423823,-1.738885,-1.644391,1.058790,0.886580,0.277482,0.180806,-0.297814,-0.012152,0.873484,0.596128,-0.176189
14.710963,1.559980,0.473442,-0.395390,-0.373961,1.285028,1.004533,-0.370174,0.800406,-0.355837,0.285164,0.032455,0.511072,0.604296,-0.077851,-2.354313,-0.415154,2.423523,-1.738895,-1.643533,1.059378,0.886399,0.276401,0.180658,-0.299310,-0.011437,0.869871,0.594274,-0.177580
14.712092,1.561746,0.476085,-0.391076,-0.374039,1.285372,1.006332,-0.371457,0.836641,-0.384761,0.315389,0.025057,0.514184,0.604542,-0.077758,-2.354042,-0.414980,2.423229,-1.738909,-1.642665,1.059972,0.886221,0.274579,0.178978,-0.297498,-0.011781,0.868746,0.592077,-0.178590
14.713035,1.556629,0.472909,-0.389487,-0.375286,1.285479,1.004846,-0.372482,0.875717,-0.407011,0.345728,0.021947,0.516599,0.604425,-0.077630,-2.353769,-0.414805,2.422923,-1.738921,-1.641789,1.060565,0.886047,0.274340,0.177062,-0.299880,-0.012427,0.869588,0.591356,-0.177194
14.713959,1.556630,0.475108,-0.382191,-0.376866,1.286106,1.004694,-0.372670,0.915183,-0.420809,0.374015,0.023499,0.518138,0.603866,-0.077451,-2.353488,-0.414628,2.422624,-1.738930,-1.640927,1.061164,0.885877,0.276815,0.177811,-0.300279,-0.011794,0.869134,0.593128,-0.176043
14.715134,1.564361,0.474073,-0.387828,-0.377859,1.288420,1.003912,-0.374098,0.951813,-0.428150,0.398602,0.027397,0.519005,0.602896,-0.077237,-2.353210,-0.414458,2.422313,-1.738940,-1.640060,1.061754,0.885700,0.276645,0.175868,-0.303387,-0.010820,0.867957,0.593509,-0.176522
14.716149,1.567182,0.476187,-0.387168,-0.381473,1.288195,1.005317,-0.373414,0.986707,-0.430527,0.420852,0.032798,0.519365,0.601592,-0.077002,-2.352946,-0.414282,2.422021,-1.738948,-1.639207,1.062346,0.885530,0.273644,0.175864,-0.301019,-0.010690,0.867454,0.595563,-0.174930
14.717003,1.565440,0.475925,-0.385321,-0.380058,1.296042,1.003673,-0.374130,1.021948,-0.428299,0.442371,0.039855,0.519351,0.599975,-0.076737,-2.352674,-0.414113,2.421717,-1.738950,-1.638337,1.062936,0.885349,0.272492,0.174117,-0.301190,-0.007919,0.867911,0.594736,-0.177314
14.718052,1.561795,0.477653,-0.378708,-0.382112,1.290479,1.001648,-0.374446,1.056308,-0.421110,0.462143,0.048138,0.519256,0.597969,-0.076443,-2.352395,-0.413940,2.421413,-1.738964,-1.637499,1.063534,0.885173,0.272987,0.173320,-0.301385,-0.009818,0.859100,0.596311,-0.176579
14.719078,1.563396,0.480602,-0.385283,-0.383492,1.290368,1.000999,-0.374538,1.087418,-0.408030,0.478298,0.057721,0.519338,0.595474,-0.076123,-2.352121,-0.413773,2.421103,-1.738970,-1.636609,1.064131,0.884997,0.275158,0.171844,-0.304582,-0.008544,0.865124,0.599059,-0.177004
14.719992,1.564620,0.477700,-0.387193,-0.385268,1.290011,1.004134,-0.375605,1.111610,-0.387241,0.487842,0.068950,0.519724,0.592324,-0.075795,-2.351846,-0.413607,2.420807,-1.738977,-1.635744,1.064734,0.884815,0.274571,0.169742,-0.301189,-0.007922,0.865562,0.600271,-0.177817
14.721020,1.557179,0.478392,-0.390803,-0.387234,1.287939,1.001127,-0.375031,1.125348,-0.357935,0.488014,0.081409,0.520613,0.588419,-0.075496,-2.351575,-0.413437,2.420512,-1.738981,-1.634886,1.065328,0.884638,0.273865,0.170395,-0.299827,-0.006875,0.865367,0.597268,-0.176481
14.722023,1.560198,0.474050,-0.390437,-0.390594,1.281799,1.001209,-0.375699,1.124714,-0.321881,0.476313,0.093094,0.522328,0.583808,-0.075262,-2.351292,-0.413272,2.420214,-1.738986,-1.634012,1.065925,0.884456,0.277785,0.169434,-0.297956,-0.005715,0.867768,0.600966,-0.178660
14.723002,1.564711,0.473065,-0.391287,-0.391490,1.279402,1.001650,-0.374907,1.107224,-0.282358,0.451710,0.101459,0.525093,0.578654,-0.075098,-2.351016,-0.413100,2.419916,-1.738986,-1.633123,1.066529,0.884279,0.276376,0.170897,-0.298010,-0.003253,0.873868,0.601335,-0.178269
14.724016,1.567083,0.474449,-0.395865,-0.393525,1.275122,1.001235,-0.375513,1.080114,-0.244561,0.420806,0.105816,0.528844,0.573504,-0.074995,-2.350748,-0.412930,2.419623,-1.738990,-1.632250,1.067125,0.884095,0.274278,0.170635,-0.297403,-0.003180,0.876108,0.601315,-0.180781
14.724971,1.565437,0.473166,-0.388996,-0.394680,1.274164,0.998055,-0.375992,1.051828,-0.209913,0.390058,0.108100,0.533115,0.568771,-0.074951,-2.350478,-0.412763,2.419331,-1.738988,-1.631354,1.067730,0.883913,0.273370,0.169286,-0.295054,-0.002077,0.880359,0.602259,-0.180514
14.726116,1.570663,0.470217,-0.395006,-0.395636,1.272349,0.997430,-0.374688,1.024687,-0.176674,0.360674,0.110012,0.537364,0.564470,-0.074963,-2.350200,-0.412597,2.419026,-1.738990,-1.630479,1.068344,0.883732,0.274174,0.169227,-0.298153,-0.001747,0.880929,0.605684,-0.180431
14.727033,1.573471,0.467097,-0.401527,-0.394249,1.272820,0.995215,-0.376526,1.000916,-0.146213,0.334634,0.111552,0.541253,0.560687,-0.075029,-2.349933,-0.412428,2.418737,-1.738992,-1.629587,1.068948,0.883541,0.272290,0.170211,-0.295535,-0.001791,0.883912,0.607353,-0.184231
14.728029,1.578110,0.465925,-0.400929,-0.395700,1.274838,0.995866,-0.375450,0.980689,-0.119045,0.311978,0.113271,0.544373,0.557371,-0.075148,-2.349665,-0.412257,2.418452,-1.739001,-1.628695,1.069568,0.883365,0.270843,0.170938,-0.291970,-0.003812,0.882538,0.609605,-0.181318
14.729062,1.572267,0.466630,-0.396223,-0.395468,1.272119,0.992805,-0.377142,0.963621,-0.094286,0.291960,0.116181,0.546359,0.554443,-0.075294,-2.349402,-0.412087,2.418164,-1.739000,-1.627822,1.070169,0.883174,0.268807,0.170801,-0.292253,-0.003259,0.880542,0.609399,-0.184434
14.729995,1.577229,0.469163,-0.402802,-0.394920,1.273295,0.991205,-0.376589,0.950539,-0.071845,0.275260,0.120442,0.547087,0.551960,-0.075426,-2.349122,-0.411921,2.417865,-1.739004,-1.626931,1.070786,0.882997,0.271987,0.169828,-0.294568,-0.004339,0.883480,0.613022,-0.182015
14.730974,1.576306,0.464298,-0.402664,-0.395656,1.279747,0.991302,-0.377609,0.938882,-0.048334,0.259308,0.127175,0.546321,0.549662,-0.075511,-2.348857,-0.411758,2.417579,-1.739009,-1.626048,1.071407,0.882810,0.269494,0.167843,-0.290979,-0.005601,0.881631,0.614692,-0.183976
14.732001,1.579098,0.463949,-0.404499,-0.396326,1.280413,0.994866,-0.377256,0.925788,-0.021482,0.241489,0.136835,0.544052,0.547276,-0.075535,-2.348589,-0.411588,2.417290,-1.739015,-1.625185,1.072014,0.882630,0.270151,0.169574,-0.290954,-0.005609,0.875109,0.614944,-0.182823
14.733008,1.573100,0.465294,-0.404637,-0.395707,1.281746,0.995906,-0.377069,0.911538,0.004942,0.223065,0.147154,0.540767,0.545012,-0.075478,-2.348321,-0.411418,2.416999,-1.739019,-1.624312,1.072617,0.882441,0.269070,0.169063,-0.290051,-0.005764,0.874805,0.611933,-0.184523
14.734012,1.572883,0.464846,-0.405343,-0.393320,1.287754,0.997227,-0.379433,0.894752,0.029938,0.203378,0.157232,0.536772,0.542997,-0.075319,-2.348047,-0.411252,2.416713,-1.739029,-1.623442,1.073220,0.882249,0.272303,0.167726,-0.289992,-0.007072,0.873615,0.611414,-0.185808
14.735066,1.575457,0.461136,-0.406554,-0.396725,1.288057,0.999489,-0.377947,0.871913,0.057032,0.178991,0.168572,0.532090,0.541037,-0.075039,-2.347772,-0.411085,2.416424,-1.739047,-1.622587,1.073827,0.882071,0.272554,0.167297,-0.289594,-0.009940,0.867844,0.610559,-0.182000
14.736013,1.574834,0.454667,-0.400327,-0.398683,1.289565,1.004226,-0.377621,0.844089,0.085045,0.151058,0.181022,0.527016,0.539235,-0.074640,-2.347499,-0.410914,2.416133,-1.739049,-1.621715,1.074440,0.881878,0.271618,0.168519,-0.289102,-0.007393,0.868144,0.608926,-0.186041
14.736987,1.572518,0.456436,-0.404653,-0.397489,1.288832,1.006813,-0.378500,0.817345,0.105153,0.126507,0.190748,0.522292,0.538234,-0.074166,-2.347230,-0.410738,2.415840,-1.739053,-1.620859,1.075028,0.881691,0.271982,0.170928,-0.291967,-0.006211,0.866388,0.604507,-0.187503
14.738099,1.571500,0.449689,-0.409217,-0.398571,1.289644,1.008553,-0.378941,0.794207,0.112995,0.108440,0.195858,0.518292,0.538373,-0.073667,-2.346950,-0.410572,2.415554,-1.739064,-1.619993,1.075624,0.881502,0.273161,0.169302,-0.289642,-0.008034,0.867045,0.602350,-0.186599
14.738980,1.573934,0.448963,-0.412002,-0.399002,1.288343,1.010399,-0.378788,0.739514,0.108636,0.072388,0.198488,0.511523,0.540512,-0.072721,-2.346404,-0.410223,2.414985,-1.739082,-1.618264,1.076818,0.881121,0.272755,0.171526,-0.285957,-0.007881,0.867766,0.599752,-0.187852
14.740086,1.572970,0.447801,-0.408451,-0.401777,1.290978,1.015443,-0.378651,0.739514,0.108636,0.072388,0.198488,0.511523,0.540512,-0.072721,-2.346404,-0.410223,2.414985,-1.739082,-1.618264,1.076818,0.881121,0.272755,0.171526,-0.285957,-0.007881,0.867766,0.599752,-0.187852
14.741022,1.570527,0.445006,-0.408039,-0.403451,1.290297,1.015187,-0.379599,0.706963,0.099334,0.052615,0.197102,0.508619,0.542263,-0.072303,-2.346125,-0.410052,2.414691,-1.739084,-1.617398,1.077408,0.880929,0.273734,0.171533,-0.288020,-0.006046,0.866171,0.595675,-0.189212
14.741966,1.572219,0.445451,-0.405241,-0.403226,1.292635,1.017713,-0.380028,0.674554,0.084593,0.034682,0.193299,0.506202,0.544661,-0.071904,-2.345848,-0.409876,2.414407,-1.739089,-1.616536,1.077998,0.880742,0.274873,0.172069,-0.287991,-0.005109,0.866484,0.596265,-0.188111
14.743021,1.572745,0.438682,-0.405851,-0.405619,1.291992,1.017228,-0.378591,0.643774,0.064942,0.019626,0.187255,0.504282,0.547683,-0.071498,-2.345577,-0.409707,2.414115,-1.739098,-1.615674,1.078589,0.880556,0.274019,0.171067,-0.289121,-0.005970,0.863791,0.594028,-0.188099
14.744018,1.570820,0.437209,-0.409681,-0.405859,1.292232,1.024044,-0.379112,0.617428,0.040869,0.009359,0.179976,0.502780,0.551293,-0.071096,-2.345300,-0.409528,2.413825,-1.739101,-1.614816,1.079190,0.880355,0.274084,0.173740,-0.288923,-0.004440,0.865174,0.595253,-0.191972
14.745000,1.566488,0.433566,-0.407874,-0.406919,1.293335,1.024455,-0.379315,0.594563,0.011683,0.003288,0.170749,0.501766,0.555458,-0.070696,-2.345027,-0.409353,2.413543,-1.739107,-1.613947,1.079766,0.880165,0.275220,0.173683,-0.287018,-0.004978,0.864988,0.588987,-0.191802
14.746058,1.573212,0.433427,-0.408503,-0.407385,1.290576,1.024451,-0.380707,0.569948,-0.020536,-0.002991,0.159198,0.501244,0.559972,-0.070265,-2.344745,-0.409174,2.413251,-1.739111,-1.613076,1.080357,0.879968,0.277408,0.174680,-0.287803,-0.004701,0.863803,0.589114,-0.192254
14.747128,1.575371,0.427669,-0.408562,-0.409208,1.292374,1.025177,-0.379285,0.543793,-0.053228,-0.009962,0.146664,0.501143,0.564692,-0.069796,-2.344478,-0.408997,2.412966,-1.739117,-1.612210,1.080944,0.879779,0.274448,0.174018,-0.287668,-0.005066,0.867244,0.589928,-0.190463
14.748095,1.570955,0.425559,-0.410875,-0.410019,1.294871,1.027897,-0.380110,0.522582,-0.086631,-0.012852,0.134561,0.501475,0.569713,-0.069322,-2.344204,-0.408816,2.412677,-1.739120,-1.611340,1.081537,0.879575,0.273803,0.176181,-0.287832,-0.004120,0.866113,0.590015,-0.194339
14.748954,1.564934,0.423510,-0.410757,-0.413644,1.289971,1.027600,-0.378781,0.506851,-0.121820,-0.011029,0.121914,0.502491,0.575064,-0.068868,-2.343924,-0.408637,2.412388,-1.739125,-1.610481,1.082130,0.879385,0.276020,0.176364,-0.286487,-0.004076,0.863516,0.587668,-0.193499
14.750018,1.567156,0.416573,-0.409735,-0.414468,1.290951,1.026685,-0.378985,0.488139,-0.156957,-0.011111,0.106543,0.504442,0.580401,-0.068420,-2.343640,-0.408459,2.412102,-1.739120,-1.609606,1.082711,0.879180,0.278592,0.176394,-0.286055,-0.001308,0.867273,0.588021,-0.196815
14.751066,1.564014,0.414985,-0.416403,-0.416048,1.292442,1.026904,-0.378417,0.462586,-0.191658,-0.015987,0.086993,0.507455,0.585492,-0.067975,-2.343360,-0.408274,2.411813,-1.739120,-1.608734,1.083306,0.878982,0.277759,0.179092,-0.286749,-0.001470,0.866895,0.589730,-0.197371
14.751953,1.561735,0.406310,-0.409378,-0.415892,1.287618,1.028979,-0.379280,0.431857,-0.227078,-0.024218,0.063155,0.511508,0.590274,-0.067540,-2.343080,-0.408095,2.411536,-1.739119,-1.607874,1.083891,0.878778,0.279622,0.179103,-0.283627,-0.000849,0.866004,0.590275,-0.199457
14.753132,1.558724,0.402986,-0.409923,-0.417820,1.289319,1.030632,-0.380007,0.396924,-0.263057,-0.035216,0.035931,0.516358,0.594721,-0.067111,-2.342797,-0.407906,2.411241,-1.739122,-1.606995,1.084481,0.878583,0.280425,0.182389,-0.286699,-0.001762,0.869890,0.588267,-0.198408
14.753983,1.553833,0.397701,-0.412813,-0.418329,1.290521,1.028593,-0.380796,0.361322,-0.301752,-0.045807,0.005721,0.521755,0.599136,-0.066660,-2.342508,-0.407721,2.410952,-1.739120,-1.606118,1.085068,0.878384,0.282545,0.183378,-0.286953,-0.000928,0.869745,0.587928,-0.198137
14.754997,1.556703,0.398138,-0.416463,-0.420400,1.290906,1.026827,-0.381194,0.324505,-0.343077,-0.056421,-0.027477,0.527465,0.603543,-0.066162,-2.342224,-0.407531,2.410672,-1.739120,-1.605264,1.085658,0.878186,0.284519,0.184887,-0.285038,-0.001197,0.867471,0.589934,-0.197187
14.756037,1.558654,0.399364,-0.412069,-0.420278,1.292464,1.028232,-0.381837,0.282644,-0.382446,-0.071216,-0.062456,0.533117,0.607551,-0.065611,-2.341941,-0.407351,2.410389,-1.739117,-1.604394,1.086254,0.877987,0.283165,0.183837,-0.283282,-0.000095,0.867319,0.592275,-0.197302
14.757122,1.557893,0.399444,-0.414263,-0.419439,1.297224,1.030003,-0.381999,0.239754,-0.415399,-0.088554,-0.095734,0.538188,0.611091,-0.065019,-2.341656,-0.407171,2.410098,-1.739119,-1.603539,1.086852,0.877791,0.282358,0.182444,-0.285577,-0.001132,0.866342,0.591504,-0.196968
14.758049,1.555324,0.398061,-0.412671,-0.419979,1.298396,1.023977,-0.382525,0.202236,-0.438885,-0.104579,-0.123433,0.542177,0.614366,-0.064412,-2.341375,-0.406991,2.409817,-1.739125,-1.602686,1.087434,0.877595,0.283131,0.181703,-0.284779,-0.002825,0.862561,0.590682,-0.197686
14.758993,1.556736,0.393650,-0.407324,-0.420535,1.299309,1.020055,-0.382909,0.169940,-0.451308,-0.119918,-0.144188,0.544884,0.617361,-0.063822,-2.341088,-0.406809,2.409528,-1.739128,-1.601821,1.088045,0.877396,0.284189,0.181444,-0.285292,-0.003023,0.860913,0.596909,-0.197382
14.760118,1.553736,0.395411,-0.409141,-0.421197,1.302227,1.019784,-0.384037,0.143124,-0.455422,-0.133808,-0.159302,0.546535,0.620098,-0.063279,-2.340808,-0.406622,2.409238,-1.739132,-1.600972,1.088645,0.877198,0.283357,0.182678,-0.287734,-0.003226,0.859814,0.601068,-0.197403
14.761017,1.552539,0.394598,-0.404132,-0.423334,1.301605,1.017269,-0.383810,0.123515,-0.455057,-0.144006,-0.170301,0.547484,0.622701,-0.062796,-2.340519,-0.406446,2.408951,-1.739136,-1.600114,1.089253,0.877005,0.285307,0.181165,-0.287188,-0.003489,0.858208,0.602269,-0.196249
14.761962,1.553178,0.394852,-0.404492,-0.424060,1.307616,1.012593,-0.383816,0.108526,-0.450389,-0.152265,-0.178094,0.548026,0.625041,-0.062364,-2.340231,-0.406266,2.408655,-1.739138,-1.599260,1.089863,0.876802,0.285536,0.180626,-0.289237,-0.002096,0.858206,0.604810,-0.197415
14.763037,1.552327,0.398999,-0.402370,-0.424195,1.301967,1.012067,-0.384194,0.096939,-0.441755,-0.159316,-0.183580,0.548573,0.626910,-0.061978,-2.339947,-0.406092,2.408372,-1.739140,-1.598414,1.090472,0.876604,0.285073,0.179659,-0.288865,-0.002180,0.851986,0.609721,-0.198190
14.764023,1.548727,0.396501,-0.399196,-0.426644,1.300919,1.013870,-0.384380,0.089074,-0.427884,-0.165287,-0.185771,0.549320,0.627993,-0.061646,-2.339659,-0.405918,2.408081,-1.739145,-1.597539,1.091083,0.876405,0.285763,0.176924,-0.290127,-0.002925,0.858467,0.610943,-0.198432
14.765065,1.548304,0.396269,-0.403553,-0.429359,1.302814,1.020204,-0.385206,0.083655,-0.407459,-0.171469,-0.183642,0.550314,0.628082,-0.061378,-2.339369,-0.405739,2.407790,-1.739143,-1.596686,1.091682,0.876202,0.287503,0.177369,-0.291586,-0.001391,0.859594,0.609557,-0.198900
14.766106,1.543785,0.394692,-0.404620,-0.430693,1.295006,1.021126,-0.385607,0.077886,-0.383986,-0.178928,-0.179883,0.551986,0.627326,-0.061170,-2.339082,-0.405568,2.407502,-1.739139,-1.595824,1.092274,0.876007,0.287853,0.176816,-0.289478,0.000292,0.858217,0.603885,-0.198200
14.767025,1.543948,0.390972,-0.406631,-0.432165,1.290069,1.022050,-0.385775,0.067098,-0.360067,-0.190460,-0.177228,0.554631,0.625828,-0.061004,-2.338784,-0.405391,2.407211,-1.739138,-1.594954,1.092877,0.875805,0.290156,0.176868,-0.289025,0.000664,0.866577,0.603662,-0.198338
14.768120,1.536568,0.393078,-0.409295,-0.434199,1.289276,1.025400,-0.384719,0.049026,-0.336475,-0.207803,-0.175995,0.558081,0.623654,-0.060861,-2.338495,-0.405215,2.406930,-1.739137,-1.594074,1.093472,0.875607,0.289761,0.177856,-0.287774,0.001269,0.870753,0.602920,-0.198754
14.769027,1.537263,0.393232,-0.403742,-0.435923,1.281439,1.029721,-0.384660,0.022443,-0.313422,-0.231994,-0.176225,0.562060,0.620882,-0.060740,-2.338194,-0.405043,2.406644,-1.739133,-1.593194,1.094070,0.875398,0.293664,0.176168,-0.286757,0.002235,0.872351,0.600444,-0.201888
14.770001,1.542886,0.390871,-0.405423,-0.437936,1.279961,1.028215,-0.385116,-0.012357,-0.289884,-0.262995,-0.177429,0.566210,0.617654,-0.060638,-2.337902,-0.404868,2.406347,-1.739128,-1.592308,1.094661,0.875195,0.292887,0.175212,-0.289090,0.003005,0.879344,0.596270,-0.202689
14.770973,1.542479,0.385387,-0.406684,-0.438772,1.277852,1.030831,-0.385159,-0.046445,-0.267949,-0.293629,-0.178358,0.570148,0.614437,-0.060521,-2.337617,-0.404691,2.406064,-1.739120,-1.591422,1.095249,0.874991,0.290012,0.175583,-0.288150,0.003954,0.880474,0.598292,-0.202581
14.772100,1.543323,0.382220,-0.408619,-0.437852,1.280404,1.032942,-0.385950,-0.071229,-0.252152,-0.316552,-0.179076,0.573667,0.611627,-0.060363,-2.337327,-0.404510,2.405774,-1.739117,-1.590529,1.095840,0.874783,0.290122,0.177462,-0.287373,0.003835,0.882204,0.596066,-0.203302
14.772985,1.543491,0.380012,-0.403947,-0.439270,1.276701,1.036636,-0.384409,-0.086226,-0.244820,-0.331025,-0.180313,0.576572,0.609311,-0.060150,-2.337039,-0.404331,2.405490,-1.739119,-1.589642,1.096427,0.874578,0.290139,0.178385,-0.286841,0.001924,0.880651,0.595058,-0.202773
14.773987,1.545336,0.383634,-0.404390,-0.439031,1.278589,1.036634,-0.383980,-0.091466,-0.246044,-0.337126,-0.181727,0.578616,0.607546,-0.059866,-2.336748,-0.404153,2.405198,-1.739115,-1.588760,1.097015,0.874361,0.289613,0.178531,-0.288719,0.002463,0.883366,0.591430,-0.206510
14.775128,1.551469,0.377737,-0.408612,-0.439513,1.281671,1.040873,-0.383375,-0.085700,-0.253207,-0.334460,-0.181784,0.579544,0.606253,-0.059507,-2.336460,-0.403981,2.404906,-1.739116,-1.587894,1.097607,0.874151,0.288689,0.175966,-0.288397,0.001335,0.881575,0.592018,-0.208183
14.776015,1.551285,0.381649,-0.402955,-0.437520,1.287882,1.042206,-0.383329,-0.069053,-0.263049,-0.323847,-0.179041,0.579171,0.605201,-0.059083,-2.336180,-0.403799,2.404624,-1.739116,-1.587013,1.098187,0.873934,0.286195,0.178301,-0.286790,0.000786,0.879718,0.588938,-0.210441
14.776960,1.546572,0.380715,-0.400188,-0.435869,1.287421,1.048291,-0.383114,-0.041086,-0.274506,-0.305224,-0.172831,0.577495,0.604364,-0.058601,-2.335892,-0.403628,2.404330,-1.739124,-1.586144,1.098776,0.873721,0.285910,0.175420,-0.289158,-0.001843,0.872562,0.587711,-0.211153
14.778136,1.549252,0.379886,-0.402658,-0.434654,1.292591,1.049424,-0.382191,-0.003215,-0.284606,-0.280264,-0.161790,0.574458,0.603771,-0.058086,-2.335604,-0.403451,2.404041,-1.739132,-1.585279,1.099345,0.873506,0.288097,0.175060,-0.290282,-0.004151,0.872751,0.582038,-0.212304
14.779012,1.549207,0.376372,-0.402996,-0.435912,1.297851,1.049681,-0.381593,0.039544,-0.290321,-0.253293,-0.145324,0.570058,0.603351,-0.057581,-2.335317,-0.403276,2.403751,-1.739141,-1.584416,1.099926,0.873285,0.287357,0.174940,-0.289571,-0.006191,0.869258,0.582287,-0.215255
14.779961,1.546175,0.375588,-0.395960,-0.435955,1.297614,1.050419,-0.379572,0.083354,-0.292912,-0.226695,-0.125526,0.564715,0.603057,-0.057109,-2.335031,-0.403098,2.403463,-1.739145,-1.583569,1.100517,0.873063,0.286978,0.175744,-0.288935,-0.005604,0.863204,0.582064,-0.217016
14.781026,1.547178,0.371915,-0.397549,-0.436861,1.297515,1.051758,-0.378361,0.127123,-0.295737,-0.200122,-0.105548,0.559060,0.602960,-0.056677,-2.334742,-0.402926,2.403167,-1.739155,-1.582708,1.101093,0.872836,0.288314,0.175321,-0.292181,-0.006200,0.863233,0.581751,-0.221768
14.782028,1.548750,0.364781,-0.399467,-0.436516,1.302718,1.052752,-0.377401,0.170760,-0.301171,-0.172687,-0.087203,0.553491,0.603195,-0.056285,-2.334454,-0.402747,2.402875,-1.739161,-1.581837,1.101679,0.872602,0.288021,0.176448,-0.291490,-0.006098,0.864001,0.581253,-0.225026
14.783123,1.550296,0.365779,-0.397388,-0.438708,1.300927,1.053735,-0.375278,0.213708,-0.311301,-0.144154,-0.071637,0.548281,0.603817,-0.055917,-2.334171,-0.402562,2.402589,-1.739171,-1.580980,1.102249,0.872365,0.287299,0.179146,-0.290510,-0.007124,0.858978,0.580939,-0.227668
14.784065,1.548657,0.364923,-0.399491,-0.436094,1.303031,1.053953,-0.374047,0.255933,-0.327391,-0.114219,-0.059536,0.543624,0.604788,-0.055563,-2.333884,-0.402389,2.402291,-1.739174,-1.580119,1.102832,0.872124,0.286875,0.177988,-0.291744,-0.005826,0.861864,0.580941,-0.232806
14.784945,1.547052,0.364105,-0.394152,-0.439021,1.302802,1.053862,-0.370818,0.296587,-0.345430,-0.084548,-0.048834,0.539317,0.605819,-0.055235,-2.333591,-0.402211,2.402002,-1.739189,-1.579262,1.103416,0.871880,0.287431,0.177546,-0.290415,-0.008982,0.859412,0.581074,-0.235847
14.786118,1.548063,0.366326,-0.394406,-0.441964,1.304427,1.058263,-0.369272,0.333591,-0.360502,-0.057947,-0.037294,0.535126,0.606602,-0.054940,-2.333303,-0.402032,2.401706,-1.739190,-1.578408,1.103995,0.871622,0.287830,0.176985,-0.292571,-0.006773,0.858866,0.581293,-0.242787
14.787040,1.545844,0.364744,-0.390432,-0.441888,1.303218,1.056207,-0.368584,0.366523,-0.372330,-0.034621,-0.025802,0.531243,0.607140,-0.054663,-2.333014,-0.401862,2.401411,-1.739192,-1.577546,1.104563,0.871368,0.287901,0.175390,-0.292887,-0.004830,0.858941,0.578249,-0.246796
14.787994,1.538123,0.363489,-0.388101,-0.443471,1.303117,1.056496,-0.367473,0.395739,-0.381283,-0.014091,-0.015198,0.527812,0.607488,-0.054385,-2.332721,-0.401687,2.401110,-1.739200,-1.576694,1.105150,0.871112,0.288686,0.175325,-0.294431,-0.005578,0.859746,0.580608,-0.248672
14.789008,1.540580,0.363959,-0.391584,-0.446366,1.304594,1.057621,-0.366290,0.419110,-0.386750,0.001829,-0.005449,0.524771,0.607561,-0.054097,-2.332425,-0.401516,2.400815,-1.739204,-1.575836,1.105725,0.870859,0.292318,0.175165,-0.295304,-0.004743,0.859631,0.580745,-0.251484
14.789994,1.540610,0.367948,-0.388593,-0.448252,1.304805,1.060164,-0.363363,0.432602,-0.388290,0.009991,0.002448,0.522166,0.607244,-0.053800,-2.332136,-0.401342,2.400523,-1.739203,-1.574971,1.106308,0.870593,0.291074,0.174189,-0.293490,-0.002786,0.858422,0.580271,-0.254483
14.791064,1.538722,0.364521,-0.387214,-0.447305,1.305238,1.058234,-0.361804,0.436585,-0.384663,0.010343,0.008682,0.519993,0.606535,-0.053507,-2.331846,-0.401176,2.400228,-1.739203,-1.574122,1.106873,0.870318,0.291006,0.171504,-0.294852,-0.001801,0.858396,0.578354,-0.260925
14.792096,1.536841,0.365796,-0.381239,-0.450292,1.306166,1.057778,-0.360733,0.435354,-0.375141,0.005788,0.015056,0.518093,0.605567,-0.053239,-2.331552,-0.401004,2.399930,-1.739211,-1.573261,1.107459,0.870049,0.292119,0.172615,-0.295614,-0.003550,0.858755,0.581188,-0.264729
14.793080,1.542539,0.359890,-0.383825,-0.453355,1.306175,1.055633,-0.359487,0.432320,-0.361713,-0.000748,0.021985,0.516467,0.604514,-0.052991,-2.331254,-0.400835,2.399622,-1.739209,-1.572396,1.108049,0.869774,0.293057,0.171309,-0.298448,-0.001495,0.858250,0.582314,-0.267488
14.793992,1.542323,0.362841,-0.381166,-0.454843,1.306573,1.057938,-0.358101,0.431171,-0.349253,-0.005301,0.027413,0.515478,0.603644,-0.052745,-2.330971,-0.400660,2.399330,-1.739206,-1.571542,1.108639,0.869500,0.290174,0.173509,-0.296973,0.000598,0.858357,0.584958,-0.270533
14.795046,1.541820,0.361122,-0.381625,-0.455825,1.307022,1.055565,-0.357112,0.435169,-0.340996,-0.004682,0.029937,0.515419,0.603161,-0.052490,-2.330680,-0.400493,2.399028,-1.739204,-1.570684,1.109224,0.869217,0.289970,0.171205,-0.297809,0.001209,0.857389,0.582831,-0.273704
14.796032,1.543967,0.362058,-0.378811,-0.456895,1.307082,1.054432,-0.358070,0.443706,-0.334709,-0.000028,0.030729,0.516174,0.602935,-0.052229,-2.330390,-0.400319,2.398732,-1.739204,-1.569833,1.109809,0.868931,0.290388,0.171399,-0.297620,0.001224,0.857705,0.586052,-0.276295
14.797117,1.542450,0.359416,-0.383321,-0.455477,1.306632,1.053982,-0.357019,0.455451,-0.327515,0.006826,0.031371,0.517536,0.602711,-0.051968,-2.330103,-0.400154,2.398430,-1.739202,-1.568973,1.110407,0.868656,0.289252,0.170254,-0.298785,0.001363,0.857707,0.587617,-0.274890
14.798089,1.541173,0.359626,-0.382079,-0.457725,1.306024,1.056704,-0.357445,0.469481,-0.317738,0.014588,0.033282,0.519254,0.602265,-0.051716,-2.329808,-0.399980,2.398135,-1.739209,-1.568107,1.111006,0.868374,0.290244,0.170950,-0.296670,-0.000901,0.859063,0.588911,-0.277722
14.798993,1.538639,0.355229,-0.381596,-0.460310,1.309000,1.057671,-0.356135,0.482227,-0.303933,0.020101,0.036974,0.521070,0.601397,-0.051470,-2.329519,-0.399814,2.397841,-1.739204,-1.567254,1.111589,0.868097,0.290767,0.170134,-0.297105,0.000402,0.859670,0.586629,-0.277355
14.800014,1.542649,0.354417,-0.385097,-0.457796,1.307456,1.056392,-0.356102,0.491009,-0.288435,0.022081,0.039952,0.523135,0.600170,-0.051209,-2.329226,-0.399637,2.397542,-1.739199,-1.566400,1.112177,0.867809,0.291647,0.171446,-0.296838,0.002035,0.856066,0.585845,-0.280370
14.801069,1.548213,0.357081,-0.380577,-0.458973,1.311154,1.058091,-0.355343,0.496693,-0.273777,0.021801,0.040931,0.525481,0.598733,-0.050925,-2.328942,-0.399466,2.397246,-1.739206,-1.565550,1.112778,0.867523,0.289734,0.171136,-0.295004,-0.001266,0.858140,0.587725,-0.280978
14.802053,1.550297,0.355853,-0.386050,-0.460709,1.314888,1.060050,-0.355686,0.505140,-0.258601,0.023055,0.043256,0.527603,0.597210,-0.050629,-2.328658,-0.399304,2.396946,-1.739206,-1.564699,1.113360,0.867234,0.287185,0.169251,-0.297311,-0.001007,0.855160,0.586821,-0.283121
14.803008,1.549229,0.356329,-0.382964,-0.460030,1.311773,1.059559,-0.354669,0.521640,-0.242278,0.029658,0.048713,0.529268,0.595803,-0.050309,-2.328374,-0.399133,2.396659,-1.739204,-1.563848,1.113954,0.866954,0.286153,0.169150,-0.294440,-0.000205,0.851560,0.585321,-0.282938
14.803992,1.558698,0.355907,-0.382267,-0.458446,1.316785,1.058419,-0.355342,0.544049,-0.224847,0.040092,0.056350,0.530462,0.594524,-0.049948,-2.328090,-0.398965,2.396361,-1.739208,-1.562999,1.114533,0.866663,0.286584,0.168163,-0.295705,-0.001676,0.854642,0.586267,-0.285432
14.804988,1.556670,0.352124,-0.378287,-0.460533,1.319901,1.057327,-0.356022,0.573136,-0.205740,0.054612,0.067429,0.530942,0.593384,-0.049560,-2.327816,-0.398799,2.396063,-1.739216,-1.562153,1.115124,0.866382,0.281920,0.167701,-0.295824,-0.003971,0.849746,0.587892,-0.284576
14.806004,1.554160,0.352997,-0.379315,-0.460400,1.319950,1.058252,-0.354749,0.613678,-0.187763,0.077406,0.082126,0.530796,0.592623,-0.049165,-2.327531,-0.398629,2.395758,-1.739216,-1.561316,1.115721,0.866098,0.283009,0.168890,-0.297574,-0.002750,0.847040,0.589475,-0.283747
14.807124,1.559230,0.356276,-0.380081,-0.463227,1.323979,1.058820,-0.355085,0.709452,-0.161069,0.135272,0.111986,0.530052,0.592008,-0.048405,-2.326967,-0.398302,2.395168,-1.739223,-1.559621,1.116893,0.865522,0.282314,0.165708,-0.296878,-0.001795,0.844793,0.589684,-0.286901
14.808022,1.558376,0.356838,-0.372569,-0.461429,1.325318,1.057630,-0.354767,0.709452,-0.161069,0.135272,0.111986,0.530052,0.592008,-0.048405,-2.326967,-0.398302,2.395168,-1.739223,-1.559621,1.116893,0.865522,0.282314,0.165708,-0.296878,-0.001795,0.844793,0.589684,-0.286901
14.808971,1.559218,0.360592,-0.372435,-0.461049,1.322844,1.056323,-0.354983,0.756867,-0.147515,0.163646,0.126998,0.529791,0.591736,-0.048042,-2.326689,-0.398137,2.394863,-1.739234,-1.558789,1.117475,0.865229,0.282523,0.164663,-0.300079,-0.004198,0.843034,0.591059,-0.287877
14.809981,1.559564,0.357274,-0.370082,-0.462517,1.321410,1.059020,-0.353819,0.806156,-0.130821,0.192642,0.144939,0.529696,0.591419,-0.047714,-2.326407,-0.397980,2.394565,-1.739242,-1.557934,1.118070,0.864942,0.281997,0.162153,-0.299776,-0.005214,0.845349,0.592682,-0.287878
14.811066,1.559900,0.356672,-0.375042,-0.465492,1.317604,1.061387,-0.352988,0.856122,-0.110026,0.221173,0.166678,0.529866,0.591036,-0.047452,-2.326124,-0.397814,2.394258,-1.739244,-1.557075,1.118660,0.864646,0.281914,0.163196,-0.300727,-0.004617,0.847067,0.590537,-0.290740
14.812109,1.560523,0.357113,-0.374331,-0.467281,1.318630,1.058011,-0.353864,0.903016,-0.088512,0.247448,0.189090,0.530740,0.590734,-0.047255,-2.325844,-0.397653,2.393964,-1.739242,-1.556219,1.119239,0.864344,0.282145,0.163002,-0.298394,-0.002640,0.851882,0.589143,-0.293002
14.813049,1.562985,0.350987,-0.372823,-0.470854,1.308288,1.058225,-0.352976,0.942066,-0.068475,0.268619,0.208962,0.532632,0.590491,-0.047087,-2.325563,-0.397490,2.393663,-1.739244,-1.555363,1.119837,0.864056,0.282055,0.162215,-0.298719,-0.001767,0.851407,0.593251,-0.291809
14.814041,1.560889,0.349160,-0.370259,-0.470678,1.305591,1.057730,-0.354221,0.973474,-0.052348,0.285496,0.224471,0.535600,0.590387,-0.046922,-2.325284,-0.397321,2.393367,-1.739238,-1.554496,1.120433,0.863755,0.280723,0.164538,-0.299136,0.000830,0.861454,0.593272,-0.293989
14.814987,1.561833,0.349510,-0.369124,-0.470387,1.303641,1.059856,-0.353473,1.001171,-0.044268,0.301981,0.234607,0.539458,0.590791,-0.046757,-2.325002,-0.397157,2.393062,-1.739240,-1.553613,1.121025,0.863472,0.281832,0.164776,-0.300158,-0.000215,0.863966,0.594280,-0.291985
14.816056,1.565227,0.347732,-0.373433,-0.472686,1.302802,1.055686,-0.353332,1.026647,-0.042881,0.318763,0.241256,0.543579,0.591807,-0.046592,-2.324721,-0.396995,2.392759,-1.739243,-1.552745,1.121614,0.863173,0.281241,0.163910,-0.300309,-0.001289,0.865545,0.592461,-0.293906
14.817048,1.561551,0.340205,-0.372348,-0.472970,1.300369,1.054258,-0.352200,1.049518,-0.043916,0.334404,0.246915,0.547306,0.593203,-0.046430,-2.324444,-0.396828,2.392465,-1.739239,-1.551883,1.122213,0.862873,0.279906,0.164241,-0.298252,-0.000043,0.867161,0.597481,-0.294768
14.817986,1.562566,0.336587,-0.370428,-0.473898,1.301220,1.054223,-0.353698,1.067912,-0.047450,0.347419,0.250746,0.550396,0.594745,-0.046263,-2.324159,-0.396657,2.392167,-1.739241,-1.551009,1.122817,0.862571,0.281783,0.167296,-0.298627,-0.000614,0.869585,0.599306,-0.297502
14.819080,1.573092,0.335925,-0.376578,-0.473804,1.303561,1.058579,-0.353726,1.081175,-0.056881,0.358190,0.250667,0.552838,0.596469,-0.046057,-2.323878,-0.396485,2.391865,-1.739241,-1.550149,1.123422,0.862284,0.281123,0.168279,-0.299169,-0.000524,0.868338,0.599534,-0.294876
14.820097,1.568423,0.341656,-0.372698,-0.473527,1.301954,1.057026,-0.353190,1.093561,-0.072870,0.370112,0.247634,0.554482,0.598551,-0.045769,-2.323613,-0.396318,2.391577,-1.739244,-1.549276,1.124007,0.861990,0.276418,0.168054,-0.296344,-0.001558,0.866890,0.596107,-0.295506
14.821016,1.566531,0.336301,-0.372653,-0.474221,1.302881,1.057893,-0.354459,1.107794,-0.089467,0.383685,0.245779,0.554869,0.600825,-0.045402,-2.323329,-0.396157,2.391275,-1.739249,-1.548403,1.124609,0.861690,0.278926,0.164581,-0.298185,-0.002620,0.868744,0.598265,-0.297090
14.822089,1.570728,0.337427,-0.374466,-0.476727,1.308449,1.057323,-0.356192,1.120010,-0.100806,0.394614,0.247129,0.553742,0.602930,-0.044983,-2.323051,-0.395986,2.390979,-1.739252,-1.547549,1.125210,0.861397,0.279694,0.166477,-0.297775,-0.002690,0.867316,0.597522,-0.294881
14.822987,1.570825,0.336450,-0.375415,-0.475095,1.308870,1.060127,-0.356378,1.127242,-0.108094,0.401170,0.249488,0.551501,0.604862,-0.044512,-2.322775,-0.395823,2.390683,-1.739250,-1.546687,1.125806,0.861112,0.277971,0.165365,-0.296974,-0.001176,0.862531,0.598929,-0.292066
14.824001,1.571129,0.338167,-0.374580,-0.475449,1.312904,1.059988,-0.355945,1.130375,-0.112734,0.404513,0.251831,0.548538,0.606797,-0.043998,-2.322497,-0.395657,2.390388,-1.739258,-1.545838,1.126400,0.860820,0.277698,0.165071,-0.296029,-0.003470,0.861555,0.596190,-0.292055
14.824995,1.570696,0.335688,-0.373421,-0.475061,1.317921,1.057403,-0.357220,1.130114,-0.112587,0.404706,0.255881,0.544883,0.608800,-0.043469,-2.322221,-0.395498,2.390095,-1.739263,-1.544984,1.126989,0.860530,0.277743,0.163636,-0.296405,-0.003901,0.857873,0.596981,-0.293476
14.826087,1.571747,0.329953,-0.377446,-0.476092,1.320019,1.058376,-0.358159,1.126827,-0.107116,0.401945,0.262204,0.540740,0.610914,-0.042947,-2.321941,-0.395332,2.389796,-1.739269,-1.544129,1.127603,0.860239,0.278036,0.164238,-0.296792,-0.005034,0.853022,0.599967,-0.291388
14.827010,1.571597,0.329464,-0.377991,-0.479911,1.321151,1.059327,-0.357860,1.120468,-0.099679,0.397068,0.268876,0.536583,0.613254,-0.042435,-2.321666,-0.395158,2.389508,-1.739273,-1.543273,1.128199,0.859951,0.277978,0.166493,-0.295026,-0.004875,0.852010,0.599856,-0.290195
14.828061,1.573490,0.325029,-0.380457,-0.479817,1.322347,1.056757,-0.357786,1.109564,-0.094596,0.390137,0.272711,0.532911,0.615927,-0.041935,-2.321386,-0.394995,2.389213,-1.739269,-1.542432,1.128805,0.859663,0.277890,0.165983,-0.294375,-0.001972,0.850577,0.599038,-0.291207
14.829011,1.569849,0.320685,-0.376055,-0.479140,1.320487,1.056847,-0.355836,1.093417,-0.093644,0.381110,0.271938,0.530012,0.618864,-0.041463,-2.321111,-0.394824,2.388920,-1.739274,-1.541579,1.129416,0.859368,0.277259,0.167571,-0.293220,-0.002927,0.850102,0.602280,-0.291930
14.829928,1.569065,0.318610,-0.377607,-0.482927,1.318978,1.057201,-0.358316,1.073838,-0.097182,0.371261,0.267483,0.527781,0.621946,-0.041043,-2.320830,-0.394650,2.388623,-1.739282,-1.540733,1.130018,0.859060,0.279016,0.168919,-0.295128,-0.004282,0.851878,0.602435,-0.296227
14.831022,1.570414,0.316510,-0.379673,-0.483828,1.321963,1.063372,-0.357089,1.051770,-0.105582,0.361329,0.259951,0.526060,0.625082,-0.040665,-2.320549,-0.394481,2.388329,-1.739278,-1.539877,1.130625,0.858778,0.279188,0.169145,-0.293932,-0.001384,0.852882,0.602187,-0.291584
14.832029,1.569653,0.314874,-0.381982,-0.483517,1.322251,1.063290,-0.357754,1.026289,-0.118539,0.350649,0.248692,0.524841,0.628176,-0.040289,-2.320273,-0.394312,2.388036,-1.739281,-1.539037,1.131221,0.858477,0.278985,0.169622,-0.293123,-0.001412,0.851087,0.596869,-0.294739
14.833022,1.565605,0.311099,-0.382213,-0.483095,1.322660,1.064361,-0.356340,0.997151,-0.133900,0.338363,0.234849,0.523932,0.631136,-0.039909,-2.319990,-0.394143,2.387749,-1.739285,-1.538182,1.131813,0.858185,0.279454,0.169760,-0.291951,-0.002550,0.851131,0.597576,-0.293890
14.833962,1.566373,0.314095,-0.383145,-0.485388,1.324964,1.066236,-0.357166,0.963503,-0.148626,0.322714,0.220652,0.523001,0.633787,-0.039547,-2.319704,-0.393970,2.387456,-1.739290,-1.537327,1.132417,0.857880,0.281485,0.170904,-0.291723,-0.003744,0.850897,0.596929,-0.297198
14.834981,1.565172,0.315015,-0.381604,-0.488300,1.323576,1.069345,-0.357666,0.924247,-0.160360,0.302104,0.207168,0.521930,0.635977,-0.039213,-2.319428,-0.393804,2.387171,-1.739290,-1.536489,1.133006,0.857581,0.281020,0.168625,-0.291045,-0.002279,0.848448,0.595355,-0.295878
14.835972,1.565525,0.311770,-0.384073,-0.488234,1.324136,1.071364,-0.355293,0.880449,-0.167555,0.277060,0.194510,0.520865,0.637710,-0.038899,-2.319142,-0.393639,2.386878,-1.739287,-1.535632,1.133598,0.857286,0.281722,0.167561,-0.291795,-0.000366,0.850265,0.592855,-0.295412
14.836990,1.561613,0.309885,-0.382000,-0.489415,1.324711,1.072097,-0.355051,0.834223,-0.170810,0.249374,0.182351,0.519991,0.639115,-0.038610,-2.318860,-0.393467,2.386588,-1.739290,-1.534789,1.134191,0.856972,0.281573,0.168461,-0.290441,-0.001275,0.849975,0.591342,-0.300618
14.838099,1.564620,0.303579,-0.384409,-0.493581,1.327115,1.071714,-0.356130,0.786669,-0.172205,0.220296,0.170263,0.519455,0.640275,-0.038349,-2.318576,-0.393300,2.386295,-1.739289,-1.533933,1.134780,0.856665,0.283661,0.168758,-0.291471,-0.001014,0.849796,0.591253,-0.301537
14.839060,1.568496,0.307503,-0.389891,-0.494376,1.327343,1.071910,-0.354886,0.738763,-0.175917,0.191590,0.156042,0.519666,0.641245,-0.038083,-2.318293,-0.393123,2.386005,-1.739281,-1.533075,1.135378,0.856368,0.282566,0.171288,-0.290550,0.001976,0.848549,0.592598,-0.300021
14.839982,1.562050,0.305446,-0.382904,-0.495805,1.324487,1.074691,-0.355672,0.692163,-0.183994,0.164936,0.138342,0.520959,0.641940,-0.037790,-2.318019,-0.392959,2.385725,-1.739278,-1.532232,1.135965,0.856060,0.280644,0.168586,-0.287711,0.001795,0.848352,0.592802,-0.302931
14.840971,1.563148,0.302045,-0.386969,-0.496385,1.322945,1.076169,-0.354227,0.647471,-0.192746,0.139695,0.119383,0.523143,0.642093,-0.037468,-2.317728,-0.392793,2.385428,-1.739274,-1.531372,1.136546,0.855764,0.283614,0.168881,-0.290848,0.002298,0.850738,0.590282,-0.301676
14.841966,1.557458,0.296973,-0.386897,-0.499247,1.322897,1.077975,-0.356788,0.604546,-0.200830,0.115348,0.100461,0.526022,0.641671,-0.037107,-2.317442,-0.392621,2.385142,-1.739271,-1.530524,1.137132,0.855450,0.283021,0.169842,-0.288707,0.001915,0.852490,0.589346,-0.305013
14.843020,1.556393,0.295806,-0.389242,-0.500062,1.323090,1.084471,-0.355868,0.515945,-0.223863,0.065154,0.056603,0.533945,0.639554,-0.036198,-2.316863,-0.392275,2.384569,-1.739259,-1.528809,1.138288,0.854852,0.286540,0.171528,-0.287707,0.003458,0.853193,0.582443,-0.302760
14.844039,1.550805,0.296361,-0.389956,-0.499363,1.320787,1.087459,-0.355894,0.515945,-0.223863,0.065154,0.056603,0.533945,0.639554,-0.036198,-2.316863,-0.392275,2.384569,-1.739259,-1.528809,1.138288,0.854852,0.286540,0.171528,-0.287707,0.003458,0.853193,0.582443,-0.302760
14.844963,1.548870,0.295058,-0.391757,-0.500631,1.326414,1.086925,-0.354236,0.465327,-0.237459,0.035135,0.031395,0.538540,0.638053,-0.035689,-2.316570,-0.392104,2.384284,-1.739260,-1.527953,1.138855,0.854544,0.289361,0.170557,-0.287412,0.001850,0.855917,0.580256,-0.303158
14.845960,1.545413,0.293305,-0.393249,-0.502656,1.323789,1.086474,-0.355702,0.408663,-0.246975,-0.001054,0.007100,0.542868,0.636192,-0.035213,-2.316279,-0.391937,2.384002,-1.739258,-1.527110,1.139435,0.854233,0.289999,0.170438,-0.286277,0.002255,0.849902,0.581122,-0.306809
14.847015,1.543889,0.294196,-0.392688,-0.501944,1.326682,1.088444,-0.356339,0.345906,-0.252003,-0.043553,-0.016504,0.546796,0.633925,-0.034768,-2.315983,-0.391765,2.383715,-1.739253,-1.526250,1.140026,0.853928,0.291628,0.170585,-0.285503,0.003249,0.852775,0.582108,-0.304264
14.847980,1.544275,0.288912,-0.391317,-0.502653,1.332175,1.090293,-0.355475,0.278943,-0.253271,-0.090743,-0.039492,0.550189,0.631328,-0.034318,-2.315691,-0.391595,2.383430,-1.739252,-1.525411,1.140598,0.853622,0.292533,0.169500,-0.285973,0.001548,0.850715,0.581002,-0.303551
14.848950,1.547530,0.288337,-0.390508,-0.502394,1.331793,1.089070,-0.354156,0.213239,-0.252573,-0.138090,-0.060990,0.552923,0.628705,-0.033855,-2.315400,-0.391421,2.383143,-1.739252,-1.524570,1.141177,0.853314,0.292160,0.171372,-0.286510,0.001383,0.845262,0.579618,-0.305690
14.849996,1.550795,0.287668,-0.393351,-0.501147,1.335817,1.089683,-0.352516,0.156787,-0.253927,-0.178664,-0.080748,0.555096,0.626463,-0.033417,-2.315110,-0.391250,2.382852,-1.739253,-1.523734,1.141763,0.852996,0.290395,0.170871,-0.286735,0.000282,0.845882,0.581331,-0.308686
14.851114,1.550938,0.290244,-0.395275,-0.501865,1.339854,1.090733,-0.352561,0.114894,-0.257647,-0.208588,-0.097009,0.556620,0.624675,-0.033034,-2.314825,-0.391082,2.382571,-1.739261,-1.522896,1.142341,0.852677,0.288964,0.170594,-0.285500,-0.001742,0.842633,0.581517,-0.312450
14.852061,1.546817,0.289567,-0.391096,-0.501577,1.338873,1.094580,-0.349817,0.086622,-0.260025,-0.229588,-0.107736,0.557356,0.623067,-0.032708,-2.314534,-0.390916,2.382285,-1.739263,-1.522054,1.142925,0.852362,0.289276,0.168793,-0.284931,-0.001965,0.840010,0.581530,-0.312939
14.852990,1.543094,0.291721,-0.387625,-0.500204,1.339932,1.094293,-0.348877,0.067462,-0.258482,-0.245520,-0.113043,0.557442,0.621430,-0.032425,-2.314242,-0.390747,2.381996,-1.739267,-1.521221,1.143495,0.852030,0.291119,0.168373,-0.286815,-0.003016,0.841027,0.578106,-0.318737
14.854116,1.545358,0.294054,-0.387571,-0.502216,1.342785,1.093413,-0.347711,0.054196,-0.252114,-0.258757,-0.113323,0.557100,0.619746,-0.032194,-2.313944,-0.390584,2.381704,-1.739276,-1.520380,1.144078,0.851705,0.292620,0.166568,-0.288210,-0.005013,0.839701,0.578731,-0.320835
14.855058,1.543901,0.294556,-0.387700,-0.503580,1.342220,1.093402,-0.345123,0.045642,-0.240142,-0.270140,-0.108629,0.556625,0.617958,-0.032032,-2.313653,-0.390422,2.381414,-1.739277,-1.519550,1.144669,0.851371,0.291857,0.164956,-0.288593,-0.003983,0.838445,0.580684,-0.323723
14.855965,1.539575,0.287701,-0.380897,-0.504112,1.336364,1.092863,-0.342961,0.040889,-0.223140,-0.279987,-0.100382,0.556501,0.616009,-0.031957,-2.313360,-0.390261,2.381129,-1.739280,-1.518709,1.145249,0.851029,0.292338,0.164045,-0.288321,-0.003392,0.838906,0.581058,-0.329135
14.857131,1.537533,0.287495,-0.386309,-0.505087,1.337386,1.093901,-0.341342,0.039445,-0.205454,-0.287452,-0.091456,0.557251,0.614137,-0.031966,-2.313060,-0.390090,2.380829,-1.739284,-1.517849,1.145837,0.850690,0.294051,0.166664,-0.291251,-0.003581,0.844176,0.581777,-0.333609
14.858004,1.535557,0.288324,-0.381610,-0.508318,1.333230,1.091663,-0.339560,0.039618,-0.191594,-0.292582,-0.084377,0.559153,0.612598,-0.032022,-2.312766,-0.389924,2.380548,-1.739286,-1.517009,1.146414,0.850340,0.295569,0.166305,-0.289111,-0.003612,0.844965,0.582047,-0.337393
14.858940,1.536824,0.284689,-0.381399,-0.508883,1.325684,1.089248,-0.337255,0.037698,-0.181107,-0.298069,-0.080107,0.562157,0.611277,-0.032090,-2.312468,-0.389763,2.380252,-1.739284,-1.516152,1.147006,0.849997,0.295984,0.165107,-0.290930,-0.001202,0.848256,0.584321,-0.341045
14.860009,1.535070,0.278774,-0.380312,-0.510273,1.322463,1.089739,-0.336013,0.034429,-0.173122,-0.303469,-0.078362,0.566023,0.610165,-0.032153,-2.312170,-0.389593,2.379960,-1.739287,-1.515294,1.147606,0.849637,0.294992,0.166164,-0.290705,-0.001448,0.855487,0.586969,-0.345792
14.861117,1.534963,0.274791,-0.382255,-0.512005,1.321236,1.086645,-0.335817,0.033575,-0.170142,-0.305492,-0.078938,0.570413,0.609553,-0.032185,-2.311874,-0.389424,2.379668,-1.739285,-1.514427,1.148192,0.849287,0.296034,0.168527,-0.291412,-0.001047,0.859405,0.587314,-0.348645
14.861992,1.532682,0.276295,-0.379932,-0.512840,1.318393,1.082281,-0.335170,0.035401,-0.174984,-0.303408,-0.082819,0.575029,0.609587,-0.032134,-2.311575,-0.389251,2.379375,-1.739283,-1.513551,1.148793,0.848931,0.296321,0.169910,-0.290691,-0.000364,0.861595,0.591371,-0.349448
14.863091,1.534159,0.277120,-0.382942,-0.514472,1.319917,1.081831,-0.334077,0.037863,-0.185995,-0.299256,-0.089829,0.579469,0.610006,-0.031976,-2.311280,-0.389084,2.379079,-1.739283,-1.512676,1.149400,0.848574,0.296943,0.168295,-0.291304,-0.000330,0.863381,0.595677,-0.350784
14.863996,1.533622,0.275548,-0.380511,-0.512993,1.320125,1.081590,-0.333417,0.039240,-0.197436,-0.295809,-0.097626,0.583195,0.610334,-0.031729,-2.310983,-0.388919,2.378793,-1.739281,-1.511821,1.149994,0.848218,0.296430,0.167376,-0.290100,0.000264,0.862942,0.597034,-0.353400
14.864934,1.530183,0.275035,-0.377283,-0.514355,1.317391,1.085440,-0.333607,0.040176,-0.205580,-0.293560,-0.103880,0.585818,0.610353,-0.031418,-2.310684,-0.388754,2.378498,-1.739286,-1.510953,1.150591,0.847859,0.296236,0.167396,-0.290887,-0.001925,0.862005,0.597380,-0.354782
14.865945,1.531021,0.274868,-0.378609,-0.513168,1.318061,1.083954,-0.333833,0.042867,-0.210330,-0.290888,-0.107363,0.587156,0.610204,-0.031039,-2.310387,-0.388587,2.378206,-1.739286,-1.510091,1.151168,0.847502,0.297649,0.166892,-0.292207,-0.001385,0.864401,0.593863,-0.354530
14.867019,1.531868,0.274874,-0.379439,-0.514746,1.320391,1.086442,-0.332647,0.047763,-0.211867,-0.287361,-0.107647,0.587145,0.610006,-0.030590,-2.310088,-0.388424,2.377915,-1.739295,-1.509231,1.151764,0.847151,0.297125,0.166369,-0.291476,-0.003296,0.863987,0.595966,-0.354366
14.868033,1.527101,0.275540,-0.379545,-0.514935,1.326701,1.090658,-0.333357,0.054288,-0.209602,-0.283601,-0.104472,0.585805,0.609737,-0.030115,-2.309789,-0.388258,2.377621,-1.739298,-1.508377,1.152361,0.846785,0.296821,0.165804,-0.291205,-0.002601,0.862556,0.594256,-0.357100
14.869145,1.530478,0.275289,-0.377224,-0.516095,1.326412,1.094546,-0.333678,0.060354,-0.203539,-0.281074,-0.098855,0.583372,0.609409,-0.029661,-2.309490,-0.388097,2.377333,-1.739303,-1.507525,1.152937,0.846432,0.299150,0.164891,-0.291167,-0.003228,0.856591,0.590708,-0.355926
14.869994,1.530168,0.273668,-0.379177,-0.514224,1.330337,1.093443,-0.334379,0.065026,-0.194805,-0.279959,-0.092106,0.580163,0.609205,-0.029227,-2.309195,-0.387934,2.377039,-1.739305,-1.506660,1.153519,0.846077,0.297725,0.164553,-0.292612,-0.003016,0.858084,0.587889,-0.355736
14.871012,1.527615,0.270860,-0.374900,-0.515011,1.336344,1.097699,-0.332802,0.071560,-0.184816,-0.277490,-0.083740,0.576319,0.609370,-0.028811,-2.308895,-0.387769,2.376753,-1.739315,-1.505825,1.154100,0.845723,0.297224,0.164518,-0.291080,-0.005438,0.853207,0.589018,-0.354327
14.872040,1.532486,0.272552,-0.378244,-0.516914,1.335944,1.098082,-0.333416,0.081733,-0.175076,-0.272088,-0.073631,0.572015,0.610027,-0.028461,-2.308598,-0.387604,2.376454,-1.739319,-1.504979,1.154680,0.845359,0.298465,0.165311,-0.293139,-0.005447,0.847695,0.585401,-0.357778
14.873017,1.535655,0.270485,-0.381726,-0.517018,1.337590,1.100679,-0.334009,0.095514,-0.167347,-0.263287,-0.063032,0.567592,0.611271,-0.028211,-2.308306,-0.387444,2.376164,-1.739322,-1.504142,1.155272,0.845004,0.296046,0.163896,-0.291457,-0.004377,0.848818,0.585709,-0.356804
14.874024,1.531669,0.269370,-0.379194,-0.517435,1.340385,1.100633,-0.335635,0.113149,-0.161383,-0.251053,-0.051987,0.563195,0.613061,-0.028018,-2.308018,-0.387280,2.375880,-1.739331,-1.503300,1.155849,0.844645,0.294393,0.164281,-0.289650,-0.004964,0.847326,0.583625,-0.355819
14.875018,1.530531,0.266367,-0.376763,-0.517706,1.339086,1.101443,-0.334619,0.133216,-0.156318,-0.236899,-0.040167,0.558860,0.615216,-0.027819,-2.307716,-0.387116,2.375587,-1.739334,-1.502450,1.156435,0.844298,0.296268,0.164207,-0.290870,-0.005374,0.844867,0.584299,-0.352844
14.875948,1.523503,0.264751,-0.375999,-0.518147,1.337656,1.104216,-0.334509,0.153841,-0.153033,-0.222114,-0.028333,0.554715,0.617623,-0.027614,-2.307420,-0.386948,2.375294,-1.739343,-1.501611,1.157024,0.843935,0.296713,0.165032,-0.291961,-0.005791,0.846556,0.584010,-0.355137
14.877042,1.528591,0.265715,-0.382656,-0.520107,1.342800,1.107421,-0.335769,0.172486,-0.152117,-0.208453,-0.017302,0.550810,0.620185,-0.027433,-2.307116,-0.386783,2.375001,-1.739349,-1.500758,1.157596,0.843582,0.299808,0.165086,-0.291993,-0.006058,0.847625,0.581588,-0.355482
14.878028,1.533800,0.263625,-0.378835,-0.522509,1.340283,1.108375,-0.336739,0.185372,-0.151963,-0.199121,-0.007424,0.547136,0.622701,-0.027248,-2.306821,-0.386621,2.374715,-1.739353,-1.499911,1.158179,0.843233,0.297458,0.164115,-0.288943,-0.004957,0.843583,0.579366,-0.353375
14.879027,1.524407,0.262411,-0.379023,-0.522560,1.341385,1.106505,-0.337374,0.195455,-0.152627,-0.191927,0.001411,0.543817,0.625233,-0.027009,-2.306531,-0.386455,2.374422,-1.739354,-1.499070,1.158751,0.842887,0.294772,0.164496,-0.290744,-0.003417,0.846423,0.579030,-0.351705
14.880008,1.524910,0.263198,-0.380185,-0.523071,1.345010,1.104649,-0.336771,0.206667,-0.155750,-0.183593,0.009004,0.540965,0.627941,-0.026726,-2.306223,-0.386293,2.374132,-1.739361,-1.498221,1.159345,0.842540,0.299306,0.164491,-0.290566,-0.004136,0.845585,0.581455,-0.350727
14.880977,1.527647,0.262703,-0.376988,-0.524466,1.343505,1.105476,-0.338649,0.214184,-0.158821,-0.178378,0.015373,0.538439,0.630498,-0.026440,-2.305924,-0.386132,2.373839,-1.739368,-1.497389,1.159937,0.842183,0.298804,0.163464,-0.289819,-0.004345,0.842239,0.583767,-0.352172
14.881970,1.530146,0.260959,-0.375799,-0.524951,1.342073,1.104127,-0.339848,0.217834,-0.159613,-0.176928,0.021621,0.536120,0.632744,-0.026159,-2.305632,-0.385972,2.373548,-1.739369,-1.496539,1.160516,0.841846,0.297259,0.163089,-0.291249,-0.003781,0.843809,0.583406,-0.348637
14.883095,1.529315,0.254148,-0.371753,-0.525043,1.344422,1.104376,-0.340488,0.225254,-0.160036,-0.173012,0.028849,0.534047,0.634986,-0.025864,-2.305336,-0.385808,2.373254,-1.739374,-1.495686,1.161105,0.841503,0.295894,0.163327,-0.291697,-0.004094,0.845445,0.585305,-0.346544
14.884031,1.533473,0.251494,-0.372966,-0.526856,1.343983,1.102969,-0.340101,0.241606,-0.164044,-0.161778,0.036608,0.532378,0.637526,-0.025564,-2.305041,-0.385634,2.372957,-1.739378,-1.494851,1.161689,0.841156,0.296684,0.166170,-0.294017,-0.004910,0.844612,0.586146,-0.345774
14.884957,1.532396,0.249293,-0.372129,-0.528295,1.342196,1.102328,-0.342353,0.268389,-0.175695,-0.141073,0.043100,0.531400,0.640516,-0.025285,-2.304752,-0.385469,2.372662,-1.739381,-1.494001,1.162281,0.840814,0.294336,0.166745,-0.293044,-0.003865,0.844792,0.587838,-0.346763
14.886145,1.534644,0.250271,-0.367826,-0.527867,1.344053,1.102626,-0.344050,0.303837,-0.195103,-0.112133,0.047220,0.531285,0.643819,-0.025021,-2.304454,-0.385301,2.372368,-1.739384,-1.493159,1.162875,0.840479,0.294529,0.167063,-0.293098,-0.003197,0.846320,0.588693,-0.342415
14.887005,1.532051,0.247524,-0.367020,-0.528899,1.341103,1.099680,-0.342749,0.345670,-0.218806,-0.077439,0.049918,0.531946,0.647207,-0.024763,-2.304161,-0.385139,2.372070,-1.739392,-1.492296,1.163458,0.840148,0.293988,0.166197,-0.295756,-0.004514,0.846260,0.589763,-0.339705
14.888031,1.533670,0.248876,-0.361636,-0.530608,1.340321,1.100886,-0.343733,0.392514,-0.243372,-0.038821,0.052822,0.533200,0.650549,-0.024548,-2.303866,-0.384970,2.371774,-1.739395,-1.491446,1.164053,0.839797,0.294723,0.166705,-0.295514,-0.004163,0.848284,0.592670,-0.342392
14.888934,1.538418,0.248136,-0.365829,-0.531367,1.338339,1.099035,-0.344624,0.442519,-0.266938,0.001939,0.056208,0.534952,0.653785,-0.024421,-2.303571,-0.384804,2.371474,-1.739396,-1.490603,1.164639,0.839458,0.293898,0.165383,-0.298141,-0.003352,0.849653,0.592117,-0.340745
14.890071,1.533220,0.251181,-0.365952,-0.531660,1.340074,1.099771,-0.345333,0.495483,-0.288158,0.044385,0.060369,0.537098,0.656974,-0.024369,-2.303285,-0.384640,2.371182,-1.739401,-1.489754,1.165239,0.839119,0.291197,0.164998,-0.295578,-0.003305,0.851081,0.594084,-0.339117
14.891023,1.531526,0.246815,-0.359992,-0.530825,1.339916,1.094570,-0.344276,0.547755,-0.303363,0.084724,0.066277,0.539305,0.659932,-0.024365,-2.302985,-0.384479,2.370884,-1.739405,-1.488912,1.165834,0.838780,0.294176,0.163045,-0.295854,-0.003941,0.850915,0.594410,-0.338257
14.892071,1.531948,0.242758,-0.357014,-0.531368,1.341933,1.091576,-0.345122,0.593975,-0.310364,0.118281,0.073947,0.541264,0.662460,-0.024400,-2.302690,-0.384311,2.370583,-1.739412,-1.488058,1.166435,0.838440,0.294755,0.164524,-0.298496,-0.005494,0.850896,0.599953,-0.340632
14.892951,1.536318,0.246803,-0.358071,-0.532482,1.341912,1.086681,-0.345681,0.636364,-0.313642,0.147830,0.081973,0.543008,0.664847,-0.024457,-2.302394,-0.384142,2.370280,-1.739417,-1.487204,1.167048,0.838103,0.294605,0.165921,-0.299907,-0.005756,0.849539,0.603535,-0.339308
14.894132,1.537287,0.242911,-0.357473,-0.532757,1.345344,1.087149,-0.346555,0.679074,-0.316371,0.177313,0.089745,0.544554,0.667287,-0.024503,-2.302107,-0.383984,2.369981,-1.739420,-1.486361,1.167666,0.837765,0.291986,0.163136,-0.298781,-0.005349,0.848881,0.608335,-0.338316
14.895010,1.538295,0.243982,-0.357158,-0.531588,1.348105,1.083945,-0.346131,0.722887,-0.317268,0.207018,0.097970,0.545712,0.669616,-0.024521,-2.301817,-0.383819,2.369683,-1.739425,-1.485514,1.168270,0.837428,0.292139,0.164711,-0.299552,-0.006032,0.847345,0.609036,-0.337197
14.896008,1.537448,0.241793,-0.350018,-0.532495,1.346133,1.086278,-0.345315,0.767336,-0.316037,0.236439,0.107050,0.546337,0.671674,-0.024522,-2.301528,-0.383656,2.369380,-1.739437,-1.484674,1.168886,0.837086,0.291189,0.163367,-0.299069,-0.007716,0.843886,0.612157,-0.338167
14.897059,1.542458,0.238941,-0.353115,-0.532427,1.352750,1.086479,-0.345815,0.812913,-0.313282,0.266086,0.117355,0.546395,0.673417,-0.024521,-2.301239,-0.383490,2.369074,-1.739443,-1.483831,1.169489,0.836737,0.291599,0.163816,-0.302405,-0.007562,0.846264,0.610239,-0.340084
14.897987,1.543821,0.240874,-0.345584,-0.532212,1.352235,1.091483,-0.345614,0.861676,-0.311529,0.298282,0.128333,0.546101,0.674991,-0.024507,-2.300953,-0.383326,2.368776,-1.739453,-1.482997,1.170100,0.836399,0.289275,0.164678,-0.300828,-0.008340,0.840461,0.610694,-0.339464
14.899045,1.540284,0.241365,-0.343455,-0.531219,1.351836,1.089738,-0.345611,0.916076,-0.312587,0.335422,0.139887,0.545723,0.676591,-0.024456,-2.300667,-0.383164,2.368463,-1.739463,-1.482170,1.170702,0.836057,0.288371,0.162985,-0.304045,-0.009160,0.840925,0.605821,-0.340062
14.900084,1.546370,0.242725,-0.341124,-0.531518,1.359825,1.092971,-0.345244,0.975763,-0.314058,0.376688,0.153657,0.545310,0.678194,-0.024381,-2.300374,-0.383005,2.368157,-1.739477,-1.481325,1.171310,0.835719,0.290310,0.162248,-0.305039,-0.010789,0.842189,0.608321,-0.340487
14.901130,1.543782,0.242968,-0.344688,-0.537028,1.353605,1.094221,-0.343590,1.038183,-0.313197,0.419550,0.170622,0.545009,0.679641,-0.024321,-2.300090,-0.382847,2.367848,-1.739489,-1.480491,1.171915,0.835375,0.287407,0.161057,-0.306046,-0.011127,0.834916,0.605660,-0.341590
14.902102,1.545687,0.242523,-0.342335,-0.538366,1.350734,1.096468,-0.343529,1.099585,-0.309991,0.461437,0.188746,0.545304,0.680804,-0.024298,-2.299804,-0.382686,2.367551,-1.739488,-1.479649,1.172510,0.835019,0.288923,0.160410,-0.304236,-0.006536,0.842045,0.605138,-0.345249
14.902998,1.545113,0.238741,-0.347652,-0.539838,1.351880,1.097018,-0.343202,1.154057,-0.305551,0.498492,0.204434,0.546659,0.681566,-0.024314,-2.299518,-0.382530,2.367244,-1.739493,-1.478793,1.173110,0.834676,0.287875,0.160057,-0.305078,-0.005980,0.844866,0.603253,-0.345593
14.904035,1.540726,0.233910,-0.347515,-0.542175,1.345613,1.100391,-0.342946,1.198397,-0.300759,0.528584,0.216113,0.549234,0.681887,-0.024354,-2.299227,-0.382366,2.366944,-1.739497,-1.477959,1.173711,0.834321,0.287776,0.161188,-0.301842,-0.005233,0.843210,0.602777,-0.346330
14.905068,1.541605,0.228875,-0.350262,-0.544605,1.342263,1.099510,-0.342357,1.229866,-0.297124,0.549958,0.222519,0.553031,0.681756,-0.024385,-2.298936,-0.382201,2.366644,-1.739500,-1.477093,1.174302,0.833978,0.290075,0.163014,-0.301878,-0.003748,0.850014,0.600077,-0.347208
14.905970,1.546874,0.225248,-0.353344,-0.545843,1.341238,1.105048,-0.340594,1.246155,-0.297358,0.561504,0.221699,0.557948,0.681242,-0.024377,-2.298646,-0.382032,2.366347,-1.739503,-1.476228,1.174908,0.833621,0.289711,0.164886,-0.300464,-0.002187,0.853775,0.601595,-0.348694
14.906973,1.543287,0.219607,-0.356270,-0.546733,1.337036,1.103743,-0.340083,1.251189,-0.303752,0.566568,0.213733,0.563708,0.680588,-0.024327,-2.298367,-0.381864,2.366056,-1.739505,-1.475379,1.175490,0.833261,0.286814,0.165881,-0.298505,-0.001720,0.854211,0.596184,-0.352313
14.907991,1.544873,0.215293,-0.358325,-0.545422,1.335649,1.105905,-0.339212,1.249170,-0.316303,0.568012,0.200281,0.569826,0.679921,-0.024229,-2.298076,-0.381695,2.365761,-1.739506,-1.474508,1.176093,0.832911,0.288630,0.168022,-0.296930,-0.001705,0.858556,0.598047,-0.353585
14.909078,1.547007,0.217842,-0.358669,-0.545646,1.338254,1.109684,-0.337180,1.240312,-0.333139,0.565207,0.183348,0.575645,0.679141,-0.024053,-2.297788,-0.381522,2.365464,-1.739514,-1.473638,1.176694,0.832550,0.287874,0.169451,-0.295816,-0.003766,0.860162,0.596408,-0.355598
14.910065,1.542260,0.218910,-0.358411,-0.546256,1.338469,1.111394,-0.336019,1.226783,-0.350713,0.558684,0.166301,0.580524,0.678212,-0.023791,-2.297503,-0.381359,2.365171,-1.739521,-1.472789,1.177280,0.832178,0.287142,0.167634,-0.295854,-0.004350,0.858597,0.593548,-0.360014
14.911051,1.544878,0.222015,-0.358100,-0.545190,1.335361,1.113050,-0.334527,1.210019,-0.364068,0.548364,0.152080,0.584056,0.677073,-0.023476,-2.297212,-0.381196,2.364875,-1.739524,-1.471924,1.177875,0.831811,0.289463,0.166466,-0.295795,-0.004562,0.858418,0.592322,-0.362503
14.912073,1.549334,0.221084,-0.363151,-0.544815,1.341254,1.113517,-0.332530,1.188825,-0.368564,0.532369,0.142540,0.585963,0.675561,-0.023138,-2.296924,-0.381035,2.364575,-1.739533,-1.471066,1.178467,0.831436,0.288072,0.164287,-0.295726,-0.006299,0.861657,0.591147,-0.365645
14.913033,1.548989,0.225043,-0.360153,-0.546394,1.339376,1.113076,-0.332621,1.165477,-0.362239,0.511933,0.139580,0.586091,0.673681,-0.022797,-2.296645,-0.380872,2.364292,-1.739541,-1.470219,1.179059,0.831062,0.286013,0.164180,-0.293268,-0.007399,0.856192,0.591323,-0.369861
14.914108,1.548262,0.225026,-0.366848,-0.547704,1.344339,1.115941,-0.330407,1.142767,-0.346074,0.489464,0.143081,0.584647,0.671526,-0.022458,-2.296358,-0.380714,2.363994,-1.739547,-1.469347,1.179656,0.830679,0.286086,0.161566,-0.294506,-0.006531,0.857857,0.592116,-0.369713
14.915027,1.549344,0.221001,-0.357455,-0.547107,1.346095,1.115012,-0.328399,1.118521,-0.321372,0.463907,0.150683,0.582029,0.669037,-0.022121,-2.296073,-0.380553,2.363709,-1.739553,-1.468508,1.180239,0.830297,0.286745,0.161099,-0.291362,-0.006050,0.853902,0.590121,-0.374457
14.916065,1.552232,0.219773,-0.365383,-0.547277,1.349890,1.117571,-0.329137,1.092571,-0.292320,0.436393,0.159560,0.578742,0.666375,-0.021790,-2.295785,-0.380390,2.363405,-1.739563,-1.467658,1.180832,0.829912,0.285906,0.162394,-0.295626,-0.007251,0.851744,0.591282,-0.378465
14.917032,1.553387,0.216864,-0.367071,-0.547418,1.353922,1.119066,-0.328107,1.069926,-0.265063,0.412280,0.168171,0.575268,0.663951,-0.021463,-2.295501,-0.380225,2.363119,-1.739572,-1.466818,1.181427,0.829533,0.284637,0.162401,-0.291702,-0.007815,0.848667,0.589374,-0.377161
14.917932,1.548881,0.213055,-0.367670,-0.546375,1.353490,1.120434,-0.328224,1.050824,-0.241394,0.392107,0.176065,0.571828,0.661784,-0.021139,-2.295220,-0.380063,2.362833,-1.739580,-1.465974,1.182011,0.829147,0.284034,0.163216,-0.290752,-0.008352,0.844693,0.588341,-0.379326
14.918954,1.547435,0.214596,-0.368989,-0.548015,1.353468,1.121918,-0.326403,1.031520,-0.221241,0.372892,0.182619,0.568514,0.659713,-0.020836,-2.294929,-0.379898,2.362545,-1.739592,-1.465128,1.182602,0.828767,0.285937,0.164338,-0.290071,-0.009928,0.844608,0.587101,-0.379055
14.920066,1.543920,0.211153,-0.371740,-0.549397,1.357248,1.122046,-0.327387,1.008358,-0.203781,0.351619,0.187528,0.565327,0.657610,-0.020556,-2.294644,-0.379737,2.362259,-1.739598,-1.464292,1.183180,0.828376,0.286756,0.162972,-0.289481,-0.009034,0.845268,0.586338,-0.382886
14.920966,1.546120,0.213933,-0.375553,-0.551984,1.357237,1.120291,-0.326912,0.977408,-0.187730,0.325057,0.189990,0.562292,0.655290,-0.020273,-2.294349,-0.379573,2.361971,-1.739604,-1.463451,1.183769,0.828004,0.288826,0.164243,-0.288439,-0.008506,0.842815,0.587237,-0.381237
14.922055,1.543101,0.217957,-0.372330,-0.552188,1.355589,1.122534,-0.326789,0.936822,-0.172697,0.291729,0.188942,0.559487,0.652637,-0.019960,-2.294062,-0.379416,2.361687,-1.739607,-1.462620,1.184364,0.827620,0.287358,0.162130,-0.286183,-0.006650,0.842456,0.589116,-0.382180
14.923064,1.545061,0.216454,-0.375795,-0.553545,1.361267,1.122408,-0.326543,0.888287,-0.156135,0.252228,0.185949,0.556721,0.649656,-0.019624,-2.293770,-0.379263,2.361398,-1.739615,-1.461766,1.184938,0.827240,0.289162,0.159738,-0.288091,-0.007260,0.845172,0.587851,-0.382727
14.923974,1.545327,0.215790,-0.378656,-0.554344,1.359252,1.120523,-0.326567,0.835589,-0.136353,0.208987,0.183243,0.553774,0.646561,-0.019273,-2.293481,-0.379104,2.361116,-1.739622,-1.460926,1.185528,0.826853,0.288171,0.159948,-0.286390,-0.006640,0.839880,0.588586,-0.383362
14.925052,1.547126,0.219306,-0.377725,-0.557211,1.360537,1.121464,-0.326349,0.781475,-0.115088,0.164457,0.180895,0.550677,0.643563,-0.018894,-2.293194,-0.378944,2.360832,-1.739627,-1.460090,1.186124,0.826470,0.287742,0.159571,-0.284657,-0.006547,0.841605,0.590635,-0.383294
14.926100,1.548342,0.213791,-0.374546,-0.558459,1.365647,1.119214,-0.325966,0.727881,-0.093582,0.120351,0.178686,0.547521,0.640765,-0.018485,-2.292911,-0.378793,2.360548,-1.739627,-1.459246,1.186707,0.826086,0.287175,0.157422,-0.285424,-0.004631,0.841339,0.590584,-0.384006
14.927102,1.544106,0.212616,-0.374530,-0.559296,1.360788,1.119920,-0.325542,0.679235,-0.075050,0.080874,0.175675,0.544651,0.638484,-0.018065,-2.292624,-0.378628,2.360259,-1.739632,-1.458407,1.187309,0.825696,0.286738,0.159641,-0.287129,-0.004246,0.837016,0.593541,-0.384970
14.927981,1.547635,0.215145,-0.375359,-0.561668,1.362270,1.115897,-0.324254,0.638418,-0.064226,0.049390,0.170123,0.542475,0.637032,-0.017641,-2.292335,-0.378469,2.359974,-1.739636,-1.457567,1.187894,0.825306,0.288883,0.159634,-0.287116,-0.004216,0.842374,0.593387,-0.385935
14.929061,1.549767,0.214168,-0.373285,-0.562335,1.363842,1.115975,-0.326103,0.603258,-0.060051,0.023959,0.162286,0.541014,0.636201,-0.017194,-2.292053,-0.378316,2.359687,-1.739636,-1.456724,1.188501,0.824918,0.286720,0.157686,-0.286252,-0.002621,0.840115,0.597410,-0.388445
14.930040,1.544490,0.211310,-0.373793,-0.562838,1.360967,1.115975,-0.324659,0.574152,-0.059437,0.004102,0.153790,0.540269,0.635704,-0.016721,-2.291766,-0.378155,2.359397,-1.739639,-1.455888,1.189101,0.824534,0.285962,0.157708,-0.287517,-0.002869,0.839697,0.598116,-0.384959
14.931065,1.545390,0.209971,-0.375592,-0.564807,1.359790,1.120582,-0.324402,0.551625,-0.062056,-0.009854,0.145233,0.540315,0.635436,-0.016251,-2.291477,-0.377996,2.359112,-1.739644,-1.455037,1.189694,0.824142,0.288553,0.158546,-0.287178,-0.003122,0.842713,0.598560,-0.387986
14.932061,1.546428,0.210103,-0.372851,-0.567487,1.360125,1.120283,-0.324216,0.531397,-0.067894,-0.021069,0.135911,0.541152,0.635248,-0.015823,-2.291187,-0.377836,2.358827,-1.739644,-1.454185,1.190283,0.823751,0.288135,0.158651,-0.286357,-0.002066,0.844364,0.594567,-0.388625
14.933050,1.539629,0.204540,-0.372658,-0.568099,1.354567,1.123934,-0.325038,0.512385,-0.077343,-0.030141,0.125001,0.542904,0.635168,-0.015433,-2.290903,-0.377678,2.358542,-1.739640,-1.453345,1.190873,0.823356,0.287639,0.158006,-0.287731,-0.000384,0.844367,0.595448,-0.389083
14.933981,1.536118,0.202326,-0.376748,-0.569219,1.353969,1.125830,-0.325050,0.495054,-0.091493,-0.036376,0.111693,0.545656,0.635352,-0.015046,-2.290604,-0.377512,2.358254,-1.739641,-1.452482,1.191462,0.822979,0.290910,0.160150,-0.287729,-0.000674,0.850041,0.592269,-0.387564
14.935116,1.537214,0.203121,-0.380514,-0.572955,1.356123,1.128516,-0.325188,0.474317,-0.109806,-0.043801,0.095215,0.549167,0.635734,-0.014647,-2.290305,-0.377350,2.357969,-1.739641,-1.451639,1.192056,0.822590,0.292281,0.160531,-0.285431,-0.000386,0.850348,0.590634,-0.387558
14.936108,1.535490,0.199106,-0.380450,-0.573002,1.352848,1.127983,-0.327303,0.445100,-0.129728,-0.056921,0.075329,0.553131,0.636099,-0.014264,-2.290016,-0.377190,2.357691,-1.739633,-1.450787,1.192640,0.822199,0.292171,0.159720,-0.284099,0.002163,0.849646,0.589087,-0.387617
14.936979,1.532692,0.192878,-0.381425,-0.572685,1.353715,1.130716,-0.328572,0.408244,-0.149869,-0.075488,0.052494,0.557315,0.636416,-0.013918,-2.289719,-0.377026,2.357406,-1.739633,-1.449920,1.193231,0.821825,0.292896,0.161103,-0.284103,0.001281,0.853012,0.590159,-0.383513
14.938129,1.529167,0.189244,-0.380456,-0.573882,1.357541,1.130875,-0.328739,0.367580,-0.171398,-0.096555,0.027767,0.561404,0.636878,-0.013606,-2.289426,-0.376858,2.357125,-1.739633,-1.449078,1.193813,0.821447,0.293795,0.163375,-0.283206,0.000174,0.851330,0.587461,-0.380934
14.939115,1.532551,0.189498,-0.376126,-0.573556,1.360364,1.134717,-0.329934,0.325514,-0.196346,-0.117974,0.001329,0.565192,0.637661,-0.013337,-2.289126,-0.376692,2.356835,-1.739631,-1.448232,1.194405,0.821068,0.295938,0.164720,-0.284170,0.000295,0.849147,0.588493,-0.381037
14.940032,1.534313,0.184404,-0.380407,-0.572695,1.361360,1.134526,-0.331172,0.286346,-0.225372,-0.136302,-0.026099,0.568592,0.638945,-0.013113,-2.288831,-0.376527,2.356542,-1.739634,-1.447383,1.194992,0.820694,0.294076,0.163908,-0.286196,-0.000858,0.846500,0.585117,-0.378777
14.941113,1.526367,0.185697,-0.378285,-0.574364,1.366635,1.137355,-0.331067,0.256550,-0.257140,-0.147069,-0.051701,0.571408,0.640886,-0.012907,-2.288542,-0.376354,2.356266,-1.739638,-1.446547,1.195572,0.820325,0.292900,0.165632,-0.283823,-0.002465,0.845225,0.585619,-0.376357
14.942046,1.520074,0.184092,-0.372858,-0.574687,1.368051,1.138043,-0.331028,0.234351,-0.288887,-0.152408,-0.074404,0.573522,0.643225,-0.012684,-2.288238,-0.376192,2.355978,-1.739640,-1.445714,1.196157,0.819949,0.297012,0.164451,-0.285155,-0.001701,0.841089,0.583673,-0.376902
14.943006,1.522334,0.183840,-0.370595,-0.573665,1.367543,1.139489,-0.332461,0.212262,-0.317910,-0.158431,-0.095665,0.575068,0.645554,-0.012437,-2.287931,-0.376029,2.355684,-1.739642,-1.444885,1.196744,0.819566,0.299688,0.164554,-0.287537,-0.002180,0.839610,0.583297,-0.377007
14.943981,1.519533,0.187183,-0.370497,-0.574263,1.369914,1.138860,-0.333427,0.190239,-0.343237,-0.165274,-0.115091,0.576196,0.647902,-0.012160,-2.287635,-0.375868,2.355396,-1.739649,-1.444040,1.197323,0.819198,0.298286,0.164024,-0.288484,-0.003908,0.840131,0.582301,-0.374244
14.945070,1.517738,0.186386,-0.370528,-0.577211,1.369420,1.138561,-0.334687,0.171841,-0.362813,-0.170814,-0.130037,0.576907,0.650359,-0.011830,-2.287332,-0.375709,2.355105,-1.739655,-1.443198,1.197908,0.818832,0.299445,0.161726,-0.288364,-0.004036,0.837892,0.583427,-0.372493
14.946058,1.515577,0.187928,-0.368704,-0.578482,1.371737,1.136289,-0.333221,0.155026,-0.374250,-0.177103,-0.140254,0.577373,0.652698,-0.011456,-2.287031,-0.375548,2.354818,-1.739654,-1.442363,1.198492,0.818463,0.300493,0.161667,-0.288630,-0.002086,0.839646,0.584680,-0.370314
14.946978,1.516102,0.187217,-0.368953,-0.581191,1.368833,1.135762,-0.333715,0.136709,-0.378361,-0.186085,-0.148099,0.578030,0.654754,-0.011080,-2.286729,-0.375392,2.354529,-1.739656,-1.441524,1.199084,0.818088,0.301357,0.160328,-0.289453,-0.001667,0.837584,0.587458,-0.373454
14.948073,1.519409,0.185006,-0.369517,-0.581392,1.366827,1.134481,-0.335802,0.117214,-0.376978,-0.196929,-0.155065,0.579257,0.656561,-0.010719,-2.286425,-0.375231,2.354238,-1.739654,-1.440689,1.199677,0.817717,0.300613,0.159990,-0.288962,0.000177,0.840275,0.588170,-0.372479
14.949076,1.512585,0.184910,-0.370769,-0.582228,1.365633,1.131107,-0.335842,0.099709,-0.372334,-0.206726,-0.161243,0.581241,0.658273,-0.010340,-2.286129,-0.375071,2.353951,-1.739656,-1.439822,1.200264,0.817358,0.299183,0.160654,-0.288979,-0.000587,0.843243,0.590423,-0.368676
14.949985,1.509599,0.179200,-0.369250,-0.584181,1.360756,1.130926,-0.335058,0.084712,-0.365275,-0.215074,-0.166165,0.583914,0.659840,-0.009937,-2.285820,-0.374912,2.353665,-1.739658,-1.438978,1.200865,0.816985,0.302400,0.160111,-0.288339,-0.000606,0.844806,0.594312,-0.368818
14.951138,1.513046,0.178145,-0.371682,-0.585503,1.359221,1.132732,-0.335168,0.067826,-0.356038,-0.225347,-0.170842,0.587171,0.660985,-0.009556,-2.285517,-0.374746,2.353376,-1.739656,-1.438132,1.201452,0.816607,0.303373,0.162213,-0.288745,0.000496,0.849244,0.594655,-0.370410
14.952016,1.510614,0.174441,-0.369455,-0.585673,1.357528,1.136231,-0.337190,0.049134,-0.347730,-0.236773,-0.176846,0.590987,0.661800,-0.009209,-2.285216,-0.374583,2.353088,-1.739655,-1.437273,1.202044,0.816233,0.301991,0.162307,-0.288002,0.000743,0.852302,0.594002,-0.370610
14.952971,1.506831,0.171214,-0.373866,-0.587210,1.349487,1.135461,-0.335224,0.033320,-0.342785,-0.245322,-0.183728,0.595175,0.662640,-0.008861,-2.284909,-0.374417,2.352798,-1.739655,-1.436423,1.202632,0.815874,0.302582,0.163343,-0.288644,0.000107,0.853194,0.590536,-0.366559
14.954102,1.505323,0.171639,-0.371140,-0.588323,1.350553,1.137166,-0.334420,0.020132,-0.340970,-0.251398,-0.190915,0.599355,0.663593,-0.008509,-2.284604,-0.374254,2.352517,-1.739652,-1.435545,1.203220,0.815502,0.304124,0.164275,-0.286300,0.000736,0.860925,0.591731,-0.370682
14.955056,1.510752,0.170476,-0.370069,-0.589751,1.352405,1.136951,-0.334871,-0.006505,-0.341503,-0.264015,-0.205767,0.606346,0.665654,-0.007924,-2.284002,-0.373924,2.351936,-1.739650,-1.433820,1.204406,0.814750,0.302101,0.163462,-0.288382,0.001343,0.858996,0.591652,-0.371821
14.956070,1.512636,0.173423,-0.370924,-0.589888,1.346537,1.137301,-0.334854,-0.006505,-0.341503,-0.264015,-0.205767,0.606346,0.665654,-0.007924,-2.284002,-0.373924,2.351936,-1.739650,-1.433820,1.204406,0.814750,0.302101,0.163462,-0.288382,0.001343,0.858996,0.591652,-0.371821
14.957067,1.507283,0.169990,-0.373138,-0.587867,1.348563,1.133184,-0.334106,-0.010190,-0.342920,-0.263446,-0.210653,0.608905,0.667305,-0.007659,-2.283699,-0.373767,2.351649,-1.739652,-1.432942,1.204995,0.814382,0.301046,0.161432,-0.287962,0.000594,0.865074,0.591915,-0.372089
14.958048,1.506141,0.170807,-0.367628,-0.588207,1.348604,1.133085,-0.330325,-0.006925,-0.341010,-0.259174,-0.210763,0.610380,0.669301,-0.007409,-2.283391,-0.373601,2.351360,-1.739660,-1.432073,1.205602,0.814002,0.303504,0.162517,-0.286785,-0.002162,0.863046,0.596513,-0.373752
14.958975,1.514604,0.172008,-0.367471,-0.589691,1.347697,1.129281,-0.331346,-0.001887,-0.333692,-0.255753,-0.205805,0.610539,0.671330,-0.007227,-2.283089,-0.373439,2.351068,-1.739662,-1.431210,1.206194,0.813603,0.303813,0.161462,-0.289430,-0.002625,0.863024,0.597034,-0.381418
14.960089,1.513889,0.164007,-0.371068,-0.588073,1.349082,1.130106,-0.330629,0.008155,-0.322884,-0.250147,-0.196304,0.609565,0.673507,-0.007114,-2.282796,-0.373280,2.350779,-1.739663,-1.430346,1.206801,0.813234,0.299220,0.160182,-0.289168,-0.001960,0.863435,0.601017,-0.379351
14.961062,1.507973,0.165650,-0.364087,-0.589106,1.353181,1.128008,-0.327762,0.028151,-0.312092,-0.237785,-0.183016,0.607691,0.676017,-0.007006,-2.282493,-0.373109,2.350490,-1.739670,-1.429487,1.207411,0.812844,0.299844,0.163666,-0.287703,-0.004429,0.863250,0.601054,-0.381129
14.961953,1.509340,0.159046,-0.362000,-0.586560,1.355949,1.129019,-0.325266,0.055072,-0.304143,-0.220326,-0.168204,0.605112,0.678723,-0.006893,-2.282186,-0.372951,2.350192,-1.739674,-1.428631,1.208012,0.812447,0.302505,0.162193,-0.290983,-0.004162,0.859112,0.603553,-0.386947
14.963068,1.508413,0.157168,-0.363563,-0.587447,1.359443,1.130845,-0.325084,0.086027,-0.300419,-0.199494,-0.153492,0.602021,0.681479,-0.006811,-2.281886,-0.372781,2.349899,-1.739688,-1.427775,1.208616,0.812043,0.301260,0.164682,-0.291523,-0.007215,0.855618,0.602520,-0.391804
14.964066,1.507519,0.159022,-0.360943,-0.588978,1.361822,1.133497,-0.324833,0.121407,-0.302245,-0.174615,-0.139171,0.598566,0.684303,-0.006749,-2.281585,-0.372613,2.349612,-1.739696,-1.426933,1.209210,0.811645,0.301987,0.165082,-0.291108,-0.007100,0.853524,0.601699,-0.392400
14.965018,1.499083,0.158121,-0.360768,-0.586161,1.363053,1.135227,-0.321501,0.158642,-0.308723,-0.147732,-0.125733,0.594877,0.687067,-0.006660,-2.281282,-0.372453,2.349315,-1.739701,-1.426088,1.209808,0.811254,0.302234,0.163546,-0.292272,-0.006338,0.851464,0.599522,-0.393006
14.966050,1.498939,0.156884,-0.354706,-0.585950,1.364726,1.135885,-0.319750,0.192177,-0.315268,-0.124036,-0.112554,0.590882,0.689461,-0.006570,-2.280965,-0.372291,2.349019,-1.739719,-1.425243,1.210409,0.810838,0.305970,0.163329,-0.292047,-0.009641,0.850163,0.598088,-0.399658
14.967032,1.505088,0.160167,-0.357328,-0.588316,1.365163,1.135396,-0.318839,0.219070,-0.318512,-0.106582,-0.097909,0.586411,0.691368,-0.006532,-2.280661,-0.372128,2.348722,-1.739733,-1.424392,1.211007,0.810430,0.305922,0.163373,-0.295067,-0.010424,0.849055,0.598078,-0.403228
14.967970,1.499350,0.161124,-0.357470,-0.588788,1.366393,1.137463,-0.319708,0.243442,-0.318926,-0.092070,-0.080914,0.581628,0.693000,-0.006515,-2.280363,-0.371970,2.348430,-1.739738,-1.423538,1.211613,0.810015,0.302640,0.161127,-0.293565,-0.008791,0.848716,0.598958,-0.405016
14.969058,1.495939,0.160214,-0.352933,-0.589594,1.364573,1.136759,-0.316244,0.266811,-0.315723,-0.079444,-0.061704,0.576750,0.694333,-0.006454,-2.280057,-0.371812,2.348137,-1.739750,-1.422694,1.212206,0.809608,0.305134,0.160011,-0.293192,-0.008906,0.847289,0.597144,-0.403180
14.970040,1.497382,0.159689,-0.353270,-0.591274,1.366917,1.139659,-0.316770,0.284796,-0.307661,-0.072245,-0.041406,0.571856,0.695106,-0.006334,-2.279747,-0.371651,2.347836,-1.739758,-1.421836,1.212812,0.809187,0.306871,0.160002,-0.295591,-0.008876,0.850140,0.598699,-0.410338
14.970941,1.502288,0.158274,-0.351975,-0.592635,1.364020,1.138390,-0.318049,0.297303,-0.297091,-0.069855,-0.021599,0.567159,0.695334,-0.006149,-2.279441,-0.371492,2.347539,-1.739765,-1.420987,1.213411,0.808778,0.305845,0.159652,-0.295189,-0.007907,0.847887,0.596182,-0.409211
14.972001,1.503894,0.156403,-0.351349,-0.593366,1.366094,1.141762,-0.317424,0.309651,-0.287545,-0.067321,-0.003097,0.562953,0.695229,-0.005842,-2.279147,-0.371333,2.347246,-1.739773,-1.420134,1.214009,0.808381,0.302953,0.159666,-0.295399,-0.007183,0.850230,0.597587,-0.406558
14.972993,1.500199,0.155527,-0.350015,-0.590814,1.365311,1.142310,-0.316201,0.327614,-0.281768,-0.059650,0.014069,0.559448,0.695013,-0.005376,-2.278843,-0.371175,2.346949,-1.739780,-1.419285,1.214606,0.807970,0.302186,0.160115,-0.295775,-0.007228,0.848938,0.594931,-0.407975
14.974035,1.498528,0.154982,-0.346438,-0.590998,1.365750,1.145010,-0.317135,0.351844,-0.279447,-0.046561,0.030791,0.556537,0.694691,-0.004791,-2.278534,-0.371016,2.346648,-1.739796,-1.418446,1.215210,0.807549,0.303780,0.159970,-0.296213,-0.010344,0.850075,0.594842,-0.410410
14.975105,1.501592,0.154639,-0.354823,-0.592526,1.368033,1.147046,-0.319627,0.379051,-0.277649,-0.031346,0.048514,0.553920,0.694074,-0.004126,-2.278230,-0.370856,2.346349,-1.739807,-1.417590,1.215796,0.807147,0.304560,0.159714,-0.297985,-0.010791,0.850234,0.592867,-0.408635
14.975991,1.501366,0.151930,-0.350822,-0.593777,1.362387,1.150884,-0.318584,0.405902,-0.274554,-0.016862,0.066977,0.551566,0.693001,-0.003375,-2.277927,-0.370699,2.346061,-1.739816,-1.416735,1.216394,0.806752,0.303059,0.159429,-0.293939,-0.010012,0.848796,0.591631,-0.403834
14.976958,1.502053,0.156260,-0.348429,-0.595854,1.364300,1.149439,-0.318177,0.430573,-0.270606,-0.004207,0.084443,0.549647,0.691501,-0.002560,-2.277628,-0.370537,2.345765,-1.739824,-1.415885,1.216975,0.806337,0.302661,0.160021,-0.295461,-0.009368,0.853783,0.587901,-0.405806
14.978092,1.507563,0.155544,-0.346750,-0.597007,1.366069,1.148812,-0.318337,0.454919,-0.266898,0.008479,0.099897,0.548326,0.689845,-0.001777,-2.277326,-0.370386,2.345469,-1.739832,-1.415031,1.217572,0.805930,0.302041,0.157309,-0.296407,-0.007976,0.851773,0.589785,-0.406604
14.979087,1.509146,0.153895,-0.351036,-0.598618,1.360361,1.148872,-0.318546,0.482913,-0.263543,0.024412,0.113430,0.547759,0.688271,-0.001090,-2.277030,-0.370227,2.345165,-1.739840,-1.414184,1.218173,0.805526,0.299624,0.157296,-0.297469,-0.007668,0.851513,0.591440,-0.406556
14.980004,1.506360,0.153021,-0.350501,-0.598801,1.363514,1.146103,-0.317972,0.516395,-0.260929,0.045076,0.125102,0.547966,0.686852,-0.000488,-2.276736,-0.370068,2.344873,-1.739845,-1.413317,1.218762,0.805116,0.298762,0.157548,-0.295192,-0.006814,0.857368,0.591905,-0.406159
14.981017,1.505281,0.151637,-0.349216,-0.598119,1.364319,1.146731,-0.317217,0.551489,-0.258484,0.067328,0.134361,0.548771,0.685388,0.000035,-2.276432,-0.369911,2.344578,-1.739854,-1.412462,1.219364,0.804710,0.299693,0.157316,-0.295075,-0.007266,0.853632,0.594835,-0.407232
14.981944,1.512587,0.149019,-0.359888,-0.599407,1.363164,1.144528,-0.317961,0.583717,-0.254663,0.087417,0.141090,0.549978,0.683643,0.000448,-2.276136,-0.369752,2.344284,-1.739866,-1.411615,1.219950,0.804294,0.300174,0.157456,-0.295653,-0.008580,0.853292,0.594805,-0.408778
14.983005,1.515037,0.142596,-0.349103,-0.600098,1.362097,1.146343,-0.316891,0.612248,-0.248911,0.104484,0.145904,0.551406,0.681552,0.000757,-2.275846,-0.369595,2.344001,-1.739874,-1.410760,1.220552,0.803895,0.296198,0.158119,-0.290032,-0.007928,0.854063,0.597215,-0.407214
14.984065,1.512818,0.142125,-0.354194,-0.596817,1.366630,1.144297,-0.317229,0.641897,-0.245015,0.122904,0.148535,0.553105,0.679436,0.001009,-2.275551,-0.369428,2.343694,-1.739881,-1.409907,1.221146,0.803482,0.295136,0.160767,-0.295474,-0.008024,0.855940,0.596141,-0.409517
14.985055,1.508549,0.141782,-0.350652,-0.597105,1.366991,1.145815,-0.316493,0.678143,-0.246979,0.147667,0.149129,0.555126,0.677747,0.001230,-2.275259,-0.369270,2.343407,-1.739902,-1.409059,1.221746,0.803077,0.296421,0.160492,-0.293020,-0.011807,0.852193,0.598962,-0.408965
14.985962,1.511156,0.139854,-0.349071,-0.596532,1.367982,1.144380,-0.316911,0.716316,-0.250824,0.174158,0.149510,0.557061,0.676236,0.001430,-2.274956,-0.369110,2.343106,-1.739914,-1.408201,1.222343,0.802661,0.298344,0.160059,-0.294600,-0.012068,0.851984,0.597873,-0.410451
14.987076,1.512078,0.140094,-0.347913,-0.596929,1.371210,1.142882,-0.317088,0.787772,-0.254137,0.222024,0.152725,0.559950,0.673219,0.001882,-2.274370,-0.368793,2.342512,-1.739940,-1.406509,1.223546,0.801843,0.296512,0.159796,-0.295745,-0.013451,0.848603,0.601894,-0.409357
14.987981,1.512697,0.141074,-0.340941,-0.597625,1.370808,1.142070,-0.317175,0.787772,-0.254137,0.222024,0.152725,0.559950,0.673219,0.001882,-2.274370,-0.368793,2.342512,-1.739940,-1.406509,1.223546,0.801843,0.296512,0.159796,-0.295745,-0.013451,0.848603,0.601894,-0.409357
14.988958,1.513439,0.143312,-0.341401,-0.597483,1.372370,1.140957,-0.318531,0.826277,-0.255011,0.247929,0.155975,0.561038,0.672086,0.002186,-2.274073,-0.368638,2.342210,-1.739951,-1.405658,1.224152,0.801432,0.295762,0.158643,-0.298721,-0.013303,0.848470,0.602753,-0.409051
14.990176,1.513948,0.147778,-0.344786,-0.597516,1.375844,1.138470,-0.317480,0.868549,-0.254625,0.276612,0.160994,0.561894,0.671348,0.002554,-2.273780,-0.368482,2.341916,-1.739966,-1.404823,1.224754,0.801027,0.295256,0.156953,-0.298263,-0.013990,0.847130,0.604257,-0.406332
14.991020,1.517450,0.146889,-0.345305,-0.597700,1.376921,1.134695,-0.316867,0.910263,-0.248523,0.303725,0.169100,0.562300,0.670658,0.002960,-2.273486,-0.368334,2.341620,-1.739982,-1.403977,1.225370,0.800618,0.295692,0.154564,-0.297164,-0.014654,0.845907,0.608054,-0.408886
14.991945,1.518189,0.147711,-0.339355,-0.599606,1.376079,1.132106,-0.316900,0.946471,-0.233199,0.324598,0.180974,0.562150,0.669570,0.003358,-2.273196,-0.368178,2.341324,-1.739998,-1.403140,1.225993,0.800203,0.293343,0.154278,-0.296238,-0.014856,0.843873,0.611543,-0.409851
14.992942,1.520259,0.147518,-0.345171,-0.600593,1.374222,1.131045,-0.318205,0.979306,-0.211568,0.341544,0.195488,0.561784,0.668179,0.003727,-2.272905,-0.368028,2.341021,-1.740009,-1.402291,1.226607,0.799797,0.292699,0.153299,-0.298772,-0.013514,0.844380,0.614218,-0.409695
14.994147,1.522599,0.144585,-0.344176,-0.603242,1.376472,1.128623,-0.318242,1.010945,-0.187683,0.357249,0.210762,0.561626,0.666676,0.004068,-2.272615,-0.367875,2.340728,-1.740021,-1.401440,1.227225,0.799393,0.291627,0.152887,-0.295701,-0.013135,0.846515,0.615644,-0.407116
14.994969,1.520467,0.145336,-0.344651,-0.603777,1.372201,1.125072,-0.318655,1.039475,-0.164199,0.370921,0.224645,0.561991,0.665011,0.004381,-2.272327,-0.367717,2.340431,-1.740030,-1.400595,1.227845,0.798979,0.291167,0.154089,-0.296789,-0.011338,0.846377,0.619292,-0.407430
14.995958,1.520540,0.142983,-0.350556,-0.605876,1.369242,1.124111,-0.318612,1.063268,-0.143497,0.381910,0.235276,0.563170,0.663093,0.004661,-2.272035,-0.367568,2.340136,-1.740042,-1.399736,1.228470,0.798578,0.291571,0.152992,-0.295794,-0.011280,0.849317,0.622452,-0.406364
14.997026,1.517996,0.141689,-0.353388,-0.607474,1.365452,1.126371,-0.317619,1.078802,-0.124653,0.387235,0.242320,0.565136,0.660656,0.004901,-2.271740,-0.367414,2.339848,-1.740050,-1.398875,1.229098,0.798171,0.291407,0.153662,-0.292742,-0.009868,0.852360,0.623673,-0.406488
14.997951,1.518404,0.139951,-0.354820,-0.607608,1.366707,1.125852,-0.318992,1.081125,-0.106280,0.382681,0.245380,0.567682,0.657453,0.005105,-2.271447,-0.367262,2.339560,-1.740058,-1.398016,1.229709,0.797760,0.292872,0.153912,-0.291537,-0.009060,0.856969,0.622091,-0.408640
14.999016,1.519245,0.145700,-0.358320,-0.610102,1.359712,1.128419,-0.319564,1.069462,-0.088799,0.367739,0.244316,0.570618,0.653579,0.005301,-2.271157,-0.367108,2.339269,-1.740068,-1.397154,1.230330,0.797357,0.292369,0.154158,-0.290494,-0.009534,0.855166,0.622682,-0.405778
14.999981,1.519477,0.143971,-0.354717,-0.610418,1.357916,1.128973,-0.318855,1.046305,-0.070626,0.343919,0.240943,0.573565,0.649215,0.005522,-2.270868,-0.366962,2.338986,-1.740073,-1.396288,1.230941,0.796951,0.292160,0.150919,-0.288988,-0.007852,0.862964,0.620785,-0.404814
15.001030,1.522572,0.146201,-0.357548,-0.611464,1.360922,1.129935,-0.319459,1.015506,-0.049948,0.313735,0.237375,0.576107,0.644631,0.005782,-2.270577,-0.366812,2.338690,-1.740082,-1.395416,1.231563,0.796547,0.291886,0.151309,-0.290560,-0.008213,0.864464,0.620465,-0.406254
15.002180,1.525171,0.148263,-0.357030,-0.614504,1.358525,1.131275,-0.318489,0.982743,-0.028287,0.281922,0.234442,0.578098,0.640283,0.006065,-2.270289,-0.366664,2.338401,-1.740088,-1.394549,1.232182,0.796145,0.290490,0.149794,-0.289224,-0.007970,0.861964,0.620075,-0.405166
15.003067,1.529373,0.148620,-0.361259,-0.613236,1.357107,1.129980,-0.318788,0.951995,-0.007424,0.252038,0.231946,0.579531,0.636455,0.006359,-2.270003,-0.366517,2.338112,-1.740091,-1.393683,1.232792,0.795739,0.289743,0.148545,-0.289969,-0.005870,0.865878,0.619787,-0.407442
15.004023,1.526860,0.149196,-0.360272,-0.615260,1.360062,1.131003,-0.317869,0.924900,0.012585,0.225327,0.230210,0.580269,0.633202,0.006658,-2.269718,-0.366371,2.337829,-1.740104,-1.392812,1.233414,0.795334,0.287274,0.147799,-0.287462,-0.007670,0.866357,0.620994,-0.406676
15.004957,1.525548,0.145409,-0.356332,-0.616157,1.359102,1.133098,-0.318228,0.901095,0.032155,0.201290,0.229729,0.580159,0.630485,0.006951,-2.269429,-0.366223,2.337537,-1.740111,-1.391961,1.234037,0.794918,0.288393,0.147006,-0.287740,-0.006315,0.863255,0.620121,-0.408476
15.005962,1.532464,0.148227,-0.357756,-0.615701,1.358639,1.133814,-0.317714,0.879391,0.048673,0.179807,0.228561,0.579393,0.628395,0.007222,-2.269141,-0.366073,2.337248,-1.740117,-1.391092,1.234645,0.794516,0.288825,0.148368,-0.289450,-0.006118,0.863770,0.618188,-0.407689
15.007063,1.530348,0.148310,-0.366975,-0.615082,1.363137,1.133531,-0.316921,0.862637,0.058908,0.163977,0.225967,0.578165,0.627236,0.007480,-2.268861,-0.365929,2.336962,-1.740128,-1.390221,1.235261,0.794103,0.285432,0.146540,-0.288708,-0.007249,0.864367,0.617903,-0.408763
15.008085,1.527916,0.147767,-0.362362,-0.613414,1.366644,1.136685,-0.314140,0.850222,0.066130,0.152369,0.224442,0.576218,0.626834,0.007714,-2.268575,-0.365782,2.336685,-1.740139,-1.389371,1.235874,0.793684,0.286918,0.146223,-0.284509,-0.008594,0.861010,0.619027,-0.410527
15.008971,1.528759,0.144920,-0.361846,-0.617205,1.368017,1.136238,-0.312157,0.835745,0.074858,0.138892,0.225284,0.573309,0.626735,0.007891,-2.268282,-0.365638,2.336394,-1.740154,-1.388513,1.236487,0.793257,0.288139,0.146132,-0.286868,-0.010826,0.857901,0.616338,-0.416128
15.010248,1.533355,0.147978,-0.370144,-0.616159,1.375354,1.136759,-0.311753,0.818923,0.082485,0.124174,0.226679,0.569810,0.627094,0.008028,-2.267993,-0.365490,2.336107,-1.740156,-1.387673,1.237106,0.792828,0.287288,0.146973,-0.286688,-0.007748,0.855926,0.616724,-0.419839
15.011052,1.530926,0.146133,-0.361982,-0.616346,1.375665,1.137076,-0.308383,0.801848,0.086039,0.110731,0.226665,0.566241,0.628085,0.008166,-2.267713,-0.365350,2.335831,-1.740169,-1.386830,1.237721,0.792406,0.286038,0.145434,-0.283556,-0.009681,0.851361,0.617746,-0.421074
15.012020,1.530648,0.144810,-0.361851,-0.619297,1.375427,1.138223,-0.307604,0.785234,0.086940,0.098729,0.226189,0.562721,0.629638,0.008300,-2.267424,-0.365203,2.335536,-1.740179,-1.385972,1.238336,0.791964,0.286592,0.145694,-0.286913,-0.009967,0.849579,0.617013,-0.427442
15.012985,1.528575,0.146053,-0.363718,-0.621477,1.372435,1.138594,-0.306367,0.771738,0.083740,0.090663,0.225139,0.559465,0.631948,0.008424,-2.267140,-0.365055,2.335253,-1.740183,-1.385130,1.238946,0.791526,0.286653,0.145861,-0.286850,-0.007757,0.849921,0.616163,-0.428819
15.014144,1.531922,0.142933,-0.368442,-0.621355,1.376490,1.138019,-0.304440,0.759700,0.075050,0.085823,0.221434,0.556684,0.634971,0.008568,-2.266850,-0.364914,2.334967,-1.740186,-1.384272,1.239562,0.791093,0.287553,0.144828,-0.285768,-0.006386,0.852850,0.616046,-0.431185
15.015078,1.530911,0.140281,-0.364159,-0.623129,1.374644,1.138367,-0.303399,0.744863,0.063002,0.080378,0.214904,0.554238,0.638308,0.008750,-2.266563,-0.364766,2.334683,-1.740194,-1.383418,1.240188,0.790648,0.286426,0.146180,-0.283955,-0.007388,0.850390,0.617626,-0.435219
15.016115,1.530609,0.142819,-0.365640,-0.623940,1.376769,1.138290,-0.302024,0.728298,0.047145,0.075021,0.206119,0.552069,0.641857,0.008967,-2.266279,-0.364618,2.334394,-1.740200,-1.382572,1.240795,0.790198,0.286766,0.146973,-0.285857,-0.006287,0.852030,0.617438,-0.437039
15.017058,1.529967,0.140742,-0.362894,-0.623645,1.377732,1.141103,-0.301586,0.712467,0.026830,0.071705,0.195491,0.550231,0.645638,0.009210,-2.265989,-0.364476,2.334110,-1.740208,-1.381725,1.241417,0.789756,0.287019,0.145362,-0.285224,-0.006245,0.850519,0.618034,-0.439767
15.018075,1.526045,0.138718,-0.359086,-0.626038,1.380353,1.141498,-0.301652,0.697617,0.004443,0.070029,0.184441,0.548650,0.649553,0.009481,-2.265705,-0.364329,2.333819,-1.740219,-1.380882,1.242026,0.789311,0.287185,0.145915,-0.286340,-0.007133,0.849420,0.615394,-0.440420
15.019059,1.520725,0.139886,-0.362153,-0.627729,1.378724,1.140054,-0.299921,0.684356,-0.020129,0.070528,0.173051,0.547446,0.653669,0.009785,-2.265412,-0.364181,2.333530,-1.740221,-1.380038,1.242633,0.788871,0.289162,0.146500,-0.288262,-0.005590,0.847295,0.615544,-0.440222
15.020002,1.519676,0.139365,-0.359859,-0.630273,1.378004,1.139559,-0.298941,0.669175,-0.047019,0.070656,0.159522,0.546819,0.657851,0.010116,-2.265113,-0.364036,2.333247,-1.740224,-1.379181,1.243252,0.788421,0.291638,0.145476,-0.286657,-0.004716,0.849038,0.617319,-0.443566
15.021027,1.515371,0.139315,-0.358716,-0.629890,1.379083,1.138960,-0.299928,0.646484,-0.073378,0.065448,0.143054,0.546755,0.661739,0.010458,-2.264820,-0.363890,2.332961,-1.740226,-1.378336,1.243868,0.787968,0.291890,0.145248,-0.287612,-0.002979,0.849595,0.617965,-0.445277
15.022014,1.517675,0.137125,-0.354989,-0.631430,1.376063,1.137892,-0.299636,0.616385,-0.097754,0.054562,0.124350,0.547233,0.665321,0.010795,-2.264522,-0.363745,2.332671,-1.740233,-1.377482,1.244483,0.787533,0.294022,0.144910,-0.288203,-0.004149,0.848969,0.619071,-0.443241
15.023016,1.518511,0.135458,-0.353233,-0.632173,1.376198,1.133764,-0.298936,0.583584,-0.120834,0.041670,0.104851,0.548274,0.668872,0.011093,-2.264229,-0.363598,2.332377,-1.740234,-1.376630,1.245108,0.787086,0.292730,0.145563,-0.289920,-0.003445,0.852189,0.620426,-0.443715
15.024037,1.516227,0.135590,-0.357915,-0.633841,1.378899,1.136030,-0.297958,0.554917,-0.144996,0.032437,0.085535,0.549977,0.672714,0.011308,-2.263938,-0.363452,2.332086,-1.740237,-1.375773,1.245733,0.786634,0.292287,0.145977,-0.290726,-0.003546,0.852261,0.624935,-0.444991
15.025010,1.511740,0.130255,-0.354055,-0.636881,1.372785,1.136258,-0.297892,0.531477,-0.170451,0.027680,0.066340,0.552375,0.676772,0.011423,-2.263639,-0.363308,2.331800,-1.740237,-1.374917,1.246357,0.786190,0.293391,0.145542,-0.288408,-0.002782,0.849951,0.623036,-0.446884
15.026118,1.512243,0.127181,-0.358015,-0.635820,1.374394,1.135557,-0.298844,0.507941,-0.196498,0.023240,0.045484,0.555461,0.680702,0.011472,-2.263343,-0.363155,2.331508,-1.740236,-1.374056,1.246975,0.785740,0.295446,0.147698,-0.290200,-0.000648,0.856099,0.623103,-0.446824
15.027103,1.510502,0.126088,-0.360669,-0.637157,1.374183,1.137580,-0.298153,0.482153,-0.224795,0.017832,0.021390,0.559219,0.684394,0.011504,-2.263045,-0.363006,2.331222,-1.740241,-1.373199,1.247604,0.785298,0.295435,0.148912,-0.288532,-0.002612,0.855591,0.624574,-0.444989
15.028012,1.509626,0.124365,-0.359615,-0.635716,1.370856,1.140041,-0.297050,0.423546,-0.281843,0.001246,-0.030280,0.567486,0.690412,0.011470,-2.262450,-0.362708,2.330646,-1.740252,-1.371485,1.248847,0.784396,0.296140,0.149257,-0.287309,-0.004185,0.858669,0.620343,-0.448179
15.029072,1.505120,0.122420,-0.359307,-0.637296,1.373677,1.142684,-0.299339,0.392281,-0.306465,-0.010142,-0.054022,0.571320,0.692675,0.011406,-2.262148,-0.362556,2.330356,-1.740252,-1.370622,1.249465,0.783959,0.298452,0.149826,-0.287609,-0.003522,0.856495,0.618331,-0.443559
15.029994,1.500203,0.120060,-0.357196,-0.636759,1.373410,1.143738,-0.299349,0.392281,-0.306465,-0.010142,-0.054022,0.571320,0.692675,0.011406,-2.262148,-0.362556,2.330356,-1.740252,-1.370622,1.249465,0.783959,0.298452,0.149826,-0.287609,-0.003522,0.856495,0.618331,-0.443559
15.031141,1.496275,0.117257,-0.355793,-0.637614,1.376536,1.146022,-0.298359,0.359664,-0.328733,-0.023612,-0.076519,0.574788,0.694516,0.011368,-2.261842,-0.362404,2.330068,-1.740258,-1.369771,1.250073,0.783514,0.300430,0.150409,-0.288360,-0.004770,0.856375,0.617412,-0.443346
15.031996,1.490298,0.121692,-0.352489,-0.637318,1.376253,1.149728,-0.299540,0.325021,-0.349767,-0.039389,-0.098723,0.577851,0.695970,0.011360,-2.261531,-0.362251,2.329774,-1.740262,-1.368918,1.250690,0.783068,0.302628,0.151510,-0.289453,-0.004846,0.854787,0.616116,-0.445485
15.032971,1.495104,0.121679,-0.353936,-0.640613,1.379159,1.150459,-0.300164,0.288265,-0.368548,-0.057681,-0.120070,0.580362,0.697076,0.011358,-2.261221,-0.362107,2.329482,-1.740268,-1.368058,1.251304,0.782629,0.304843,0.148674,-0.290524,-0.005787,0.853995,0.612201,-0.442752
15.034097,1.488972,0.119565,-0.350747,-0.640263,1.382360,1.150073,-0.301954,0.250782,-0.382564,-0.077871,-0.139239,0.582221,0.697851,0.011351,-2.260926,-0.361960,2.329197,-1.740266,-1.367222,1.251908,0.782187,0.302227,0.148237,-0.289687,-0.003382,0.851287,0.611864,-0.441382
15.035146,1.488119,0.120332,-0.349724,-0.639978,1.383617,1.150699,-0.302447,0.183821,-0.401402,-0.114897,-0.172412,0.584613,0.698623,0.011367,-2.260302,-0.361661,2.328605,-1.740282,-1.365533,1.253144,0.781324,0.305772,0.148224,-0.292139,-0.005626,0.849077,0.613116,-0.437005
15.036006,1.487656,0.120060,-0.346270,-0.639964,1.385495,1.152166,-0.302415,0.183821,-0.401402,-0.114897,-0.172412,0.584613,0.698623,0.011367,-2.260302,-0.361661,2.328605,-1.740282,-1.365533,1.253144,0.781324,0.305772,0.148224,-0.292139,-0.005626,0.849077,0.613116,-0.437005
15.037008,1.485713,0.120711,-0.348722,-0.640328,1.384452,1.153503,-0.301399,0.156702,-0.407263,-0.129859,-0.185152,0.585229,0.698595,0.011371,-2.259999,-0.361517,2.328314,-1.740287,-1.364672,1.253746,0.780893,0.305332,0.147774,-0.293318,-0.006298,0.846127,0.611535,-0.436794
15.038117,1.490729,0.118799,-0.350799,-0.640149,1.386436,1.155911,-0.302432,0.135564,-0.409867,-0.141425,-0.193713,0.585562,0.698297,0.011344,-2.259690,-0.361369,2.328023,-1.740295,-1.363823,1.254352,0.780446,0.306072,0.147013,-0.291997,-0.006639,0.847535,0.610666,-0.438736
15.039099,1.485422,0.116216,-0.346611,-0.642992,1.386481,1.156742,-0.302847,0.119759,-0.408841,-0.150319,-0.197799,0.585752,0.697665,0.011294,-2.259392,-0.361219,2.327735,-1.740304,-1.362988,1.254952,0.780013,0.303781,0.147663,-0.291286,-0.007597,0.846928,0.609189,-0.436756
15.039986,1.480675,0.115444,-0.345016,-0.641644,1.384083,1.159001,-0.303463,0.110047,-0.407045,-0.155345,-0.198955,0.586204,0.696830,0.011248,-2.259078,-0.361069,2.327438,-1.740306,-1.362140,1.255560,0.779575,0.306118,0.148465,-0.293209,-0.005572,0.847056,0.608745,-0.435830
15.041096,1.481086,0.117016,-0.353102,-0.644084,1.384328,1.159516,-0.303667,0.104802,-0.407136,-0.156983,-0.199604,0.587332,0.695923,0.011204,-2.258766,-0.360921,2.327141,-1.740318,-1.361289,1.256170,0.779144,0.307800,0.148248,-0.293450,-0.007478,0.848758,0.606432,-0.434352
15.042093,1.478770,0.115178,-0.350079,-0.646806,1.378500,1.157738,-0.302287,0.098254,-0.406225,-0.160316,-0.199833,0.589069,0.694722,0.011133,-2.258460,-0.360777,2.326859,-1.740320,-1.360432,1.256771,0.778711,0.307746,0.147211,-0.289770,-0.005948,0.849694,0.606882,-0.434080
15.043092,1.482671,0.119539,-0.348919,-0.646344,1.374106,1.157994,-0.303691,0.086144,-0.401839,-0.169237,-0.199994,0.591309,0.692942,0.011025,-2.258148,-0.360628,2.326565,-1.740321,-1.359561,1.257382,0.778274,0.308607,0.147684,-0.291212,-0.004107,0.855615,0.609087,-0.436790
15.044014,1.480951,0.107422,-0.354157,-0.648091,1.371723,1.160329,-0.302055,0.071696,-0.394436,-0.181192,-0.199775,0.593980,0.690706,0.010887,-2.257846,-0.360486,2.326276,-1.740330,-1.358700,1.257983,0.777841,0.306454,0.145097,-0.291724,-0.005296,0.860176,0.609289,-0.433865
15.044999,1.479139,0.112504,-0.350645,-0.648792,1.365756,1.161284,-0.303541,0.060157,-0.386383,-0.191683,-0.198434,0.596898,0.688369,0.010729,-2.257537,-0.360324,2.325992,-1.740333,-1.357826,1.258590,0.777401,0.306824,0.150524,-0.288816,-0.004284,0.861898,0.607063,-0.436982
15.045977,1.482112,0.110547,-0.351184,-0.648888,1.363994,1.160556,-0.303060,0.051538,-0.381005,-0.199905,-0.197541,0.599912,0.686119,0.010584,-2.257228,-0.360183,2.325695,-1.740338,-1.356944,1.259199,0.776974,0.307420,0.147520,-0.290417,-0.004367,0.867745,0.606499,-0.433887
15.047091,1.480145,0.109293,-0.352335,-0.650065,1.363648,1.160292,-0.303069,0.046318,-0.377155,-0.205772,-0.196274,0.602673,0.683977,0.010478,-2.256927,-0.360034,2.325408,-1.740344,-1.356063,1.259798,0.776542,0.305682,0.148051,-0.290032,-0.005003,0.869249,0.607654,-0.434800
15.047999,1.478050,0.106798,-0.354584,-0.648815,1.363150,1.161133,-0.302569,0.045949,-0.373261,-0.208673,-0.193294,0.604891,0.681916,0.010408,-2.256615,-0.359886,2.325117,-1.740347,-1.355191,1.260407,0.776109,0.306790,0.148389,-0.289759,-0.004763,0.870673,0.608822,-0.434907
15.049118,1.480306,0.107878,-0.353355,-0.649345,1.361257,1.164553,-0.303412,0.047770,-0.369325,-0.210732,-0.189304,0.606401,0.679787,0.010376,-2.256311,-0.359736,2.324827,-1.740356,-1.354334,1.261018,0.775670,0.307328,0.149051,-0.288243,-0.006635,0.870564,0.608009,-0.435676
15.050073,1.474600,0.109081,-0.353774,-0.649619,1.362771,1.161934,-0.303524,0.050290,-0.364387,-0.213296,-0.183823,0.606984,0.677568,0.010373,-2.256007,-0.359589,2.324538,-1.740365,-1.353449,1.261611,0.775243,0.306399,0.148226,-0.289239,-0.006883,0.873478,0.605590,-0.434131
15.051078,1.477472,0.109613,-0.353064,-0.651921,1.362199,1.164233,-0.302719,0.053539,-0.357135,-0.216511,-0.176151,0.606547,0.675287,0.010374,-2.255693,-0.359444,2.324250,-1.740373,-1.352574,1.262221,0.774809,0.308816,0.147153,-0.288825,-0.007287,0.871563,0.608512,-0.433781
15.052103,1.476046,0.109504,-0.351959,-0.649736,1.363548,1.165808,-0.302969,0.055939,-0.346728,-0.221520,-0.167052,0.605170,0.672847,0.010368,-2.255391,-0.359295,2.323962,-1.740374,-1.351706,1.262815,0.774368,0.307197,0.146442,-0.289162,-0.005833,0.872321,0.606712,-0.435330
15.053096,1.479756,0.114039,-0.353668,-0.648723,1.368266,1.167486,-0.301231,0.059250,-0.334114,-0.226568,-0.156744,0.602965,0.670465,0.010364,-2.255081,-0.359151,2.323668,-1.740390,-1.350835,1.263421,0.773938,0.307746,0.146147,-0.289697,-0.008601,0.871257,0.605700,-0.434804
15.054081,1.481599,0.111906,-0.351561,-0.649854,1.372137,1.162758,-0.299849,0.066665,-0.318266,-0.229482,-0.142910,0.599821,0.668449,0.010367,-2.254779,-0.359013,2.323382,-1.740403,-1.349989,1.264026,0.773492,0.305673,0.143520,-0.288780,-0.010197,0.866770,0.604456,-0.438199
15.055105,1.483772,0.109964,-0.355310,-0.647935,1.372791,1.162870,-0.298849,0.080424,-0.298481,-0.228736,-0.124344,0.595803,0.666928,0.010368,-2.254478,-0.358869,2.323092,-1.740412,-1.349114,1.264631,0.773046,0.304557,0.144202,-0.289745,-0.009725,0.862824,0.609647,-0.440818
15.055972,1.482035,0.109128,-0.351707,-0.648355,1.374463,1.161412,-0.297061,0.101865,-0.277846,-0.222570,-0.102632,0.591245,0.665971,0.010373,-2.254173,-0.358721,2.322806,-1.740428,-1.348257,1.265243,0.772598,0.303348,0.144772,-0.287898,-0.012197,0.862626,0.610001,-0.442734
15.057078,1.483516,0.107740,-0.351114,-0.648259,1.377181,1.161997,-0.296915,0.129700,-0.258559,-0.211435,-0.079057,0.586311,0.665558,0.010415,-2.253875,-0.358577,2.322516,-1.740442,-1.347400,1.265852,0.772142,0.303646,0.144607,-0.289216,-0.012207,0.859987,0.611363,-0.445950
15.058065,1.484780,0.106917,-0.351797,-0.649386,1.379549,1.159574,-0.292534,0.162632,-0.242017,-0.195806,-0.054840,0.581209,0.665711,0.010524,-2.253573,-0.358430,2.322222,-1.740456,-1.346551,1.266464,0.771689,0.303103,0.145017,-0.289760,-0.012968,0.858521,0.611623,-0.446250
15.059044,1.484064,0.108735,-0.350763,-0.648532,1.379930,1.155606,-0.291585,0.239753,-0.220671,-0.152918,-0.009194,0.571388,0.667322,0.010867,-2.252970,-0.358147,2.321641,-1.740484,-1.344854,1.267708,0.770758,0.302383,0.143725,-0.289665,-0.013817,0.856086,0.618630,-0.456491
15.060006,1.483824,0.107135,-0.350560,-0.649677,1.377507,1.155177,-0.290303,0.239753,-0.220671,-0.152918,-0.009194,0.571388,0.667322,0.010867,-2.252970,-0.358147,2.321641,-1.740484,-1.344854,1.267708,0.770758,0.302383,0.143725,-0.289665,-0.013817,0.856086,0.618630,-0.456491
15.061064,1.485363,0.109697,-0.352792,-0.650118,1.382735,1.158406,-0.291581,0.279228,-0.212405,-0.130155,0.012557,0.566692,0.668098,0.011070,-2.252666,-0.358002,2.321351,-1.740498,-1.343985,1.268330,0.770297,0.302176,0.144094,-0.289576,-0.013180,0.858305,0.619224,-0.458827
15.062043,1.477923,0.111758,-0.351066,-0.648772,1.381637,1.157398,-0.290170,0.316675,-0.204140,-0.108817,0.033587,0.562197,0.668576,0.011311,-2.252371,-0.357865,2.321065,-1.740511,-1.343144,1.268933,0.769845,0.301517,0.142556,-0.288630,-0.013379,0.853908,0.616676,-0.456185
15.062950,1.479215,0.112709,-0.345049,-0.649883,1.379551,1.158108,-0.288807,0.348740,-0.193294,-0.091938,0.054253,0.557875,0.668556,0.011566,-2.252058,-0.357726,2.320773,-1.740530,-1.342284,1.269552,0.769384,0.304910,0.141168,-0.289353,-0.015180,0.855073,0.618011,-0.458853
15.064020,1.478252,0.109706,-0.350080,-0.650727,1.382467,1.159599,-0.288340,0.374000,-0.177849,-0.080964,0.075368,0.553682,0.667970,0.011791,-2.251754,-0.357587,2.320473,-1.740546,-1.341420,1.270172,0.768917,0.303701,0.140235,-0.291871,-0.014485,0.856496,0.617276,-0.461225
15.065031,1.479795,0.110594,-0.345675,-0.650069,1.381617,1.162848,-0.289832,0.414744,-0.145401,-0.065289,0.113964,0.546801,0.666294,0.012112,-2.251149,-0.357304,2.319893,-1.740577,-1.339715,1.271394,0.767993,0.303342,0.140674,-0.291703,-0.015438,0.855672,0.613696,-0.458909
15.066009,1.481464,0.105610,-0.338633,-0.650367,1.379723,1.160524,-0.290677,0.414744,-0.145401,-0.065289,0.113964,0.546801,0.666294,0.012112,-2.251149,-0.357304,2.319893,-1.740577,-1.339715,1.271394,0.767993,0.303342,0.140674,-0.291703,-0.015438,0.855672,0.613696,-0.458909
15.067050,1.478876,0.106025,-0.339476,-0.651727,1.381540,1.160034,-0.288845,0.438677,-0.135216,-0.052524,0.130144,0.544514,0.666015,0.012155,-2.250847,-0.357157,2.319589,-1.740595,-1.338860,1.272012,0.767539,0.302261,0.142738,-0.294935,-0.015585,0.857620,0.616366,-0.457053
15.068050,1.482564,0.101288,-0.336213,-0.652604,1.379274,1.158778,-0.289820,0.471250,-0.133530,-0.030583,0.143393,0.543262,0.666588,0.012046,-2.250543,-0.357019,2.319301,-1.740608,-1.338001,1.272625,0.767074,0.303533,0.142242,-0.294566,-0.014853,0.856331,0.617419,-0.460653
15.068953,1.484270,0.102367,-0.338301,-0.652263,1.379160,1.160029,-0.289461,0.554256,-0.155317,0.034657,0.156641,0.543872,0.669800,0.011366,-2.249951,-0.356728,2.318710,-1.740639,-1.336281,1.273851,0.766158,0.300281,0.143102,-0.294553,-0.015306,0.858251,0.617829,-0.458911
15.070065,1.480638,0.101043,-0.331701,-0.652594,1.379421,1.158585,-0.290382,0.602398,-0.174190,0.074790,0.158612,0.545337,0.672217,0.010878,-2.249643,-0.356585,2.318403,-1.740654,-1.335417,1.274471,0.765706,0.302272,0.143556,-0.298019,-0.015610,0.859134,0.620139,-0.457100
15.071057,1.488191,0.096692,-0.336850,-0.650723,1.378662,1.158065,-0.290349,0.602398,-0.174190,0.074790,0.158612,0.545337,0.672217,0.010878,-2.249643,-0.356585,2.318403,-1.740654,-1.335417,1.274471,0.765706,0.302272,0.143556,-0.298019,-0.015610,0.859134,0.620139,-0.457100
15.072067,1.485797,0.099952,-0.332764,-0.653217,1.378439,1.158992,-0.290595,0.653193,-0.195373,0.117646,0.159199,0.547300,0.674982,0.010325,-2.249350,-0.356440,2.318112,-1.740676,-1.334562,1.275094,0.765248,0.298350,0.145324,-0.295285,-0.017868,0.860077,0.620964,-0.457011
15.073059,1.479509,0.099372,-0.329228,-0.653194,1.378586,1.159196,-0.293501,0.706597,-0.217894,0.162835,0.159260,0.549641,0.678024,0.009727,-2.249053,-0.356302,2.317812,-1.740688,-1.333697,1.275712,0.764797,0.299527,0.143351,-0.297223,-0.015952,0.860522,0.620447,-0.456400
15.074047,1.479870,0.100600,-0.324510,-0.652550,1.379702,1.158146,-0.293063,0.758150,-0.239066,0.206458,0.158263,0.552288,0.681081,0.009127,-2.248744,-0.356159,2.317509,-1.740705,-1.332833,1.276329,0.764357,0.302409,0.143261,-0.298733,-0.016493,0.860445,0.620603,-0.450431
15.075066,1.479119,0.100625,-0.330903,-0.654815,1.377185,1.156388,-0.294009,0.804156,-0.256781,0.245361,0.156003,0.555134,0.683969,0.008565,-2.248444,-0.356015,2.317207,-1.740724,-1.331977,1.276942,0.763902,0.302005,0.142231,-0.300854,-0.017589,0.859452,0.622030,-0.451211
15.076151,1.478624,0.098579,-0.330993,-0.655217,1.380625,1.156418,-0.295185,0.843224,-0.269544,0.278077,0.153194,0.557975,0.686533,0.008039,-2.248143,-0.355875,2.316914,-1.740736,-1.331105,1.277571,0.763462,0.302296,0.141911,-0.297570,-0.015912,0.862253,0.624195,-0.449238
15.077030,1.481411,0.097771,-0.329665,-0.655370,1.381827,1.156679,-0.296548,0.871917,-0.276940,0.301787,0.149002,0.560640,0.688513,0.007537,-2.247837,-0.355731,2.316614,-1.740753,-1.330246,1.278204,0.763018,0.302617,0.142658,-0.297656,-0.016107,0.859705,0.624787,-0.446922
15.077995,1.474202,0.097277,-0.323732,-0.655463,1.380548,1.153684,-0.298523,0.891763,-0.281174,0.318079,0.142927,0.563103,0.690044,0.007045,-2.247542,-0.355589,2.316311,-1.740768,-1.329395,1.278820,0.762575,0.300700,0.142529,-0.297696,-0.016402,0.857728,0.624421,-0.443886
15.079106,1.477148,0.096483,-0.322213,-0.654587,1.386085,1.153291,-0.298991,0.907464,-0.284321,0.330980,0.135794,0.565329,0.691423,0.006561,-2.247231,-0.355447,2.316010,-1.740786,-1.328533,1.279450,0.762147,0.303967,0.142353,-0.300370,-0.016752,0.858896,0.627618,-0.439830
15.080091,1.479776,0.095963,-0.328945,-0.654842,1.386017,1.154087,-0.299254,0.921026,-0.286954,0.342185,0.128472,0.567199,0.692724,0.006089,-2.246933,-0.355304,2.315707,-1.740805,-1.327693,1.280072,0.761711,0.302709,0.142514,-0.301262,-0.018183,0.854671,0.628801,-0.439039
15.081030,1.481574,0.097049,-0.325903,-0.655050,1.388548,1.154684,-0.299134,0.933774,-0.288715,0.352542,0.122229,0.568583,0.693945,0.005621,-2.246635,-0.355163,2.315415,-1.740823,-1.326831,1.280704,0.761276,0.301216,0.142395,-0.297722,-0.018357,0.854827,0.628225,-0.438425
15.082071,1.484776,0.097710,-0.325910,-0.656046,1.387203,1.156708,-0.301662,0.946261,-0.288418,0.362048,0.118233,0.569417,0.695039,0.005150,-2.246332,-0.355023,2.315115,-1.740841,-1.325975,1.281330,0.760837,0.299929,0.141421,-0.298892,-0.018571,0.851963,0.627718,-0.438490
15.083064,1.484915,0.098319,-0.324565,-0.655749,1.386936,1.156364,-0.300814,0.960764,-0.286223,0.372477,0.116957,0.569867,0.696124,0.004681,-2.246039,-0.354883,2.314819,-1.740859,-1.325112,1.281947,0.760414,0.298404,0.140799,-0.298887,-0.018078,0.853876,0.626242,-0.433431
15.084061,1.485099,0.096764,-0.329071,-0.655673,1.391711,1.157823,-0.302740,0.979213,-0.282770,0.385491,0.118580,0.570142,0.697388,0.004197,-2.245742,-0.354746,2.314518,-1.740877,-1.324266,1.282579,0.759979,0.298221,0.140175,-0.299339,-0.018841,0.854397,0.626869,-0.435115
15.085018,1.489195,0.101442,-0.327263,-0.656726,1.385444,1.155921,-0.303033,0.998999,-0.277532,0.398982,0.122748,0.570385,0.698811,0.003664,-2.245443,-0.354604,2.314223,-1.740898,-1.323431,1.283215,0.759552,0.297983,0.140597,-0.296915,-0.019332,0.849987,0.625655,-0.431172
15.086023,1.491272,0.099668,-0.335205,-0.659270,1.383532,1.152932,-0.302754,1.017426,-0.269177,0.410574,0.129313,0.570741,0.700302,0.003089,-2.245153,-0.354472,2.313925,-1.740915,-1.322566,1.283841,0.759129,0.295739,0.137912,-0.297543,-0.018720,0.856122,0.627748,-0.430524
15.086993,1.490301,0.099766,-0.332061,-0.661799,1.383054,1.151485,-0.303942,1.033084,-0.256557,0.418889,0.137943,0.571354,0.701681,0.002486,-2.244859,-0.354331,2.313638,-1.740928,-1.321697,1.284486,0.758696,0.294663,0.138482,-0.293522,-0.016749,0.858150,0.630995,-0.431047
15.088105,1.493791,0.099019,-0.334476,-0.663051,1.384204,1.151522,-0.304191,1.043244,-0.241285,0.422321,0.145876,0.572525,0.702695,0.001863,-2.244568,-0.354194,2.313340,-1.740940,-1.320840,1.285121,0.758266,0.295016,0.138080,-0.294884,-0.014822,0.858568,0.632581,-0.428544
15.088999,1.490412,0.099732,-0.334352,-0.664618,1.373987,1.148799,-0.303957,1.048072,-0.226885,0.422043,0.150410,0.574581,0.703373,0.001221,-2.244275,-0.354057,2.313048,-1.740953,-1.319979,1.285766,0.757840,0.293578,0.138291,-0.293943,-0.014263,0.858580,0.633216,-0.428225
15.090018,1.488799,0.099715,-0.333529,-0.665080,1.376483,1.145481,-0.304645,1.048512,-0.214261,0.419039,0.151464,0.577432,0.703751,0.000553,-2.243976,-0.353920,2.312755,-1.740965,-1.319103,1.286408,0.757410,0.294803,0.137472,-0.293550,-0.013226,0.867992,0.635765,-0.428477
15.091019,1.490374,0.092153,-0.338696,-0.665572,1.372421,1.148109,-0.303375,1.042385,-0.201716,0.411169,0.149786,0.580662,0.703569,-0.000138,-2.243681,-0.353785,2.312462,-1.740979,-1.318238,1.287054,0.756989,0.295587,0.137233,-0.293934,-0.013340,0.865688,0.639384,-0.427104
15.092007,1.492339,0.097047,-0.338141,-0.667764,1.368571,1.150612,-0.303319,1.029407,-0.190482,0.398412,0.145154,0.583982,0.702780,-0.000817,-2.243386,-0.353636,2.312173,-1.740994,-1.317351,1.287693,0.756554,0.294694,0.140600,-0.291275,-0.013399,0.869746,0.636957,-0.429617
15.092950,1.490767,0.098188,-0.337235,-0.667397,1.368938,1.147647,-0.303727,1.012057,-0.183011,0.383152,0.137461,0.587176,0.701655,-0.001456,-2.243097,-0.353505,2.311885,-1.741005,-1.316479,1.288322,0.756122,0.293659,0.137839,-0.291500,-0.011826,0.873560,0.634725,-0.429631
15.093996,1.488948,0.098580,-0.338591,-0.666520,1.371360,1.149425,-0.304162,0.992426,-0.177179,0.366467,0.128546,0.589888,0.700346,-0.002056,-2.242800,-0.353372,2.311593,-1.741019,-1.315609,1.288961,0.755696,0.294154,0.136948,-0.291671,-0.012737,0.872734,0.637766,-0.428681
15.094942,1.489639,0.101464,-0.339078,-0.667888,1.369436,1.147510,-0.303405,0.970375,-0.169535,0.347402,0.120583,0.591762,0.698798,-0.002623,-2.242504,-0.353235,2.311301,-1.741037,-1.314735,1.289600,0.755268,0.295121,0.136502,-0.291042,-0.014128,0.870750,0.636385,-0.427849
15.096064,1.493191,0.104280,-0.337486,-0.667168,1.371111,1.150344,-0.302620,0.944833,-0.158505,0.324771,0.114525,0.592607,0.696952,-0.003152,-2.242212,-0.353102,2.311015,-1.741048,-1.313865,1.290251,0.754842,0.294526,0.134713,-0.290608,-0.013315,0.872334,0.638298,-0.429264
15.096986,1.490679,0.103955,-0.337937,-0.668233,1.372969,1.149118,-0.301525,0.918275,-0.143863,0.300477,0.111278,0.592412,0.694965,-0.003646,-2.241917,-0.352973,2.310722,-1.741067,-1.312991,1.290880,0.754407,0.293085,0.133261,-0.291727,-0.014621,0.871759,0.636245,-0.430977
15.098070,1.495118,0.105023,-0.342375,-0.668338,1.377226,1.150701,-0.300510,0.894074,-0.126964,0.277467,0.111084,0.591305,0.693051,-0.004099,-2.241627,-0.352839,2.310429,-1.741080,-1.312135,1.291516,0.753969,0.294070,0.133050,-0.291125,-0.014071,0.869435,0.637456,-0.432959
15.099096,1.498056,0.106714,-0.343013,-0.668459,1.375587,1.150421,-0.300174,0.871658,-0.109494,0.255747,0.112618,0.589475,0.691155,-0.004489,-2.241337,-0.352709,2.310147,-1.741095,-1.311267,1.292143,0.753530,0.292083,0.132403,-0.289214,-0.014573,0.866014,0.636523,-0.435051
15.099989,1.494140,0.102035,-0.346177,-0.667946,1.378786,1.154417,-0.297567,0.851184,-0.092074,0.235548,0.115601,0.587046,0.689222,-0.004806,-2.241045,-0.352579,2.309859,-1.741112,-1.310393,1.292784,0.753090,0.290669,0.131356,-0.288959,-0.014984,0.867993,0.637172,-0.435665
15.100982,1.493717,0.098489,-0.344274,-0.668825,1.386248,1.154748,-0.299041,0.832602,-0.075679,0.217024,0.119906,0.584092,0.687292,-0.005075,-2.240755,-0.352440,2.309580,-1.741128,-1.309546,1.293399,0.752635,0.292251,0.133255,-0.287062,-0.015918,0.864107,0.633089,-0.440595
15.102132,1.501029,0.099085,-0.350604,-0.669733,1.386638,1.157853,-0.296677,0.813883,-0.064050,0.199647,0.122863,0.580968,0.685424,-0.005303,-2.240462,-0.352303,2.309289,-1.741142,-1.308696,1.294029,0.752209,0.292365,0.134701,-0.287939,-0.015592,0.856847,0.633081,-0.437526
15.103049,1.496406,0.097519,-0.346397,-0.668320,1.385386,1.159139,-0.295744,0.796516,-0.060592,0.185457,0.122664,0.578129,0.683789,-0.005475,-2.240173,-0.352170,2.309007,-1.741157,-1.307847,1.294663,0.751755,0.289188,0.134322,-0.285283,-0.015371,0.858157,0.630858,-0.442440
15.103978,1.494044,0.098066,-0.356620,-0.668810,1.390302,1.163191,-0.295421,0.782817,-0.064370,0.175856,0.120810,0.575610,0.682548,-0.005603,-2.239880,-0.352037,2.308718,-1.741177,-1.306988,1.295287,0.751309,0.291205,0.134739,-0.287098,-0.017152,0.858888,0.629591,-0.444029
15.105063,1.491886,0.097394,-0.354256,-0.670669,1.386967,1.160717,-0.295004,0.768305,-0.071101,0.166250,0.118862,0.573133,0.681517,-0.005719,-2.239586,-0.351903,2.308445,-1.741193,-1.306138,1.295904,0.750860,0.292049,0.134087,-0.281806,-0.017084,0.853576,0.625608,-0.444418
15.106063,1.491893,0.101693,-0.350276,-0.672454,1.387417,1.160561,-0.295513,0.745615,-0.077046,0.150142,0.116312,0.570551,0.680257,-0.005849,-2.239293,-0.351767,2.308162,-1.741206,-1.305283,1.296527,0.750410,0.293369,0.134250,-0.283371,-0.015884,0.857998,0.628853,-0.445271
15.106977,1.489673,0.103630,-0.354476,-0.672252,1.391447,1.161856,-0.294809,0.715527,-0.082075,0.128297,0.112518,0.568016,0.678724,-0.006001,-2.238997,-0.351641,2.307875,-1.741218,-1.304425,1.297158,0.749972,0.293254,0.131899,-0.285330,-0.014722,0.857712,0.629289,-0.444158
15.108120,1.488768,0.101259,-0.356717,-0.675131,1.390370,1.163829,-0.296150,0.681800,-0.085332,0.103641,0.108470,0.565628,0.677040,-0.006175,-2.238697,-0.351509,2.307593,-1.741235,-1.303586,1.297784,0.749520,0.293935,0.130580,-0.282927,-0.015362,0.853283,0.627959,-0.445310
15.109003,1.487545,0.096517,-0.360334,-0.675991,1.390945,1.164497,-0.295128,0.643286,-0.085740,0.075175,0.104210,0.563380,0.675108,-0.006365,-2.238406,-0.351379,2.307311,-1.741245,-1.302723,1.298399,0.749087,0.294838,0.131749,-0.282347,-0.013246,0.855849,0.626974,-0.442769
15.109978,1.489965,0.094458,-0.357924,-0.676491,1.393433,1.164867,-0.295835,0.599143,-0.086971,0.043180,0.097235,0.561478,0.672949,-0.006546,-2.238108,-0.351243,2.307035,-1.741259,-1.301862,1.299018,0.748638,0.294919,0.133679,-0.280226,-0.012863,0.854388,0.626208,-0.444537
15.111118,1.486564,0.094788,-0.360748,-0.679739,1.392517,1.166766,-0.295656,0.553580,-0.093734,0.011960,0.086239,0.560197,0.670870,-0.006727,-2.237818,-0.351107,2.306748,-1.741273,-1.301019,1.299648,0.748193,0.293583,0.134362,-0.281355,-0.012906,0.852039,0.626055,-0.442945
15.112144,1.486826,0.093743,-0.358846,-0.680542,1.389741,1.169456,-0.295109,0.510635,-0.107376,-0.015101,0.071559,0.559677,0.669122,-0.006943,-2.237519,-0.350974,2.306472,-1.741279,-1.300157,1.300264,0.747753,0.295672,0.134114,-0.280496,-0.010518,0.854402,0.625109,-0.443469
15.112970,1.486667,0.088708,-0.355169,-0.680786,1.388935,1.167860,-0.296260,0.469903,-0.126440,-0.038622,0.053483,0.559885,0.667704,-0.007206,-2.237222,-0.350839,2.306190,-1.741289,-1.299286,1.300879,0.747303,0.295504,0.134393,-0.281589,-0.010442,0.857503,0.622920,-0.444489
15.114075,1.484410,0.090436,-0.357357,-0.682046,1.389011,1.168395,-0.293973,0.434287,-0.151056,-0.056455,0.033049,0.560830,0.666822,-0.007488,-2.236928,-0.350699,2.305907,-1.741302,-1.298437,1.301494,0.746869,0.294901,0.136338,-0.282854,-0.010620,0.857031,0.624237,-0.441794
15.115084,1.488032,0.090476,-0.355899,-0.681532,1.386336,1.169582,-0.295030,0.406554,-0.181201,-0.066680,0.011399,0.562531,0.666628,-0.007769,-2.236630,-0.350567,2.305624,-1.741312,-1.297570,1.302118,0.746417,0.296290,0.135342,-0.282124,-0.010102,0.858018,0.624468,-0.446483
15.115981,1.483477,0.090556,-0.361055,-0.682941,1.384338,1.167398,-0.295037,0.385332,-0.213056,-0.071422,-0.009597,0.564762,0.666997,-0.008090,-2.236336,-0.350432,2.305340,-1.741326,-1.296711,1.302744,0.745972,0.294408,0.135054,-0.282910,-0.011226,0.860999,0.623645,-0.444210
15.117027,1.479521,0.093314,-0.355273,-0.684064,1.382291,1.167061,-0.296015,0.368125,-0.242191,-0.073818,-0.028012,0.567232,0.667726,-0.008478,-2.236041,-0.350298,2.305069,-1.741335,-1.295846,1.303363,0.745533,0.296284,0.134600,-0.280100,-0.010391,0.862214,0.625809,-0.443959
15.118017,1.477098,0.091814,-0.353881,-0.685887,1.383218,1.165758,-0.296867,0.349486,-0.265276,-0.078840,-0.044073,0.569749,0.668386,-0.008917,-2.235740,-0.350167,2.304775,-1.741344,-1.294970,1.303990,0.745095,0.298260,0.133033,-0.283098,-0.010002,0.864710,0.626653,-0.441988
15.118963,1.474918,0.090483,-0.352391,-0.685294,1.379446,1.165529,-0.296629,0.327500,-0.282292,-0.087724,-0.059164,0.572362,0.668819,-0.009392,-2.235440,-0.350030,2.304494,-1.741350,-1.294110,1.304616,0.744656,0.299279,0.133482,-0.283779,-0.008920,0.863855,0.628261,-0.440183
15.120041,1.471795,0.084597,-0.358814,-0.686187,1.380268,1.165658,-0.297279,0.304480,-0.295928,-0.097917,-0.074221,0.575151,0.669216,-0.009909,-2.235137,-0.349898,2.304207,-1.741362,-1.293235,1.305250,0.744220,0.300010,0.133824,-0.284308,-0.010108,0.867237,0.628541,-0.440519
15.121028,1.474541,0.086223,-0.355237,-0.686653,1.384056,1.163828,-0.299127,0.279693,-0.308057,-0.109686,-0.089847,0.577937,0.669589,-0.010469,-2.234831,-0.349754,2.303927,-1.741371,-1.292377,1.305883,0.743779,0.301629,0.136501,-0.281379,-0.009950,0.867275,0.629027,-0.439243
15.121950,1.465968,0.081829,-0.349567,-0.686413,1.379651,1.162795,-0.301629,0.252913,-0.320104,-0.123047,-0.106580,0.580591,0.669879,-0.011050,-2.234535,-0.349622,2.303642,-1.741382,-1.291513,1.306512,0.743354,0.300085,0.135385,-0.283167,-0.010124,0.863494,0.631136,-0.435476
15.123078,1.464248,0.083519,-0.350209,-0.686734,1.385261,1.167679,-0.301643,0.227932,-0.333470,-0.134788,-0.124020,0.583100,0.670218,-0.011631,-2.234225,-0.349481,2.303351,-1.741394,-1.290638,1.307149,0.742932,0.303882,0.137142,-0.285667,-0.010912,0.867328,0.632108,-0.430311
15.123970,1.457812,0.078692,-0.347465,-0.682973,1.388248,1.168660,-0.302669,0.205617,-0.348171,-0.144163,-0.141564,0.585304,0.670680,-0.012209,-2.233918,-0.349347,2.303069,-1.741406,-1.289787,1.307769,0.742499,0.304934,0.136168,-0.285796,-0.011317,0.863045,0.628065,-0.430492
15.124961,1.459954,0.081364,-0.351176,-0.686281,1.388296,1.166406,-0.303820,0.184269,-0.362513,-0.152890,-0.157936,0.586949,0.671240,-0.012793,-2.233604,-0.349206,2.302781,-1.741430,-1.288916,1.308396,0.742083,0.307478,0.138113,-0.286768,-0.015349,0.859197,0.627004,-0.428247
15.125985,1.458446,0.081202,-0.353050,-0.685832,1.387399,1.169783,-0.305805,0.163271,-0.374772,-0.161975,-0.171773,0.587913,0.671808,-0.013362,-2.233298,-0.349070,2.302497,-1.741437,-1.288063,1.309035,0.741661,0.306117,0.136434,-0.284862,-0.012699,0.859364,0.629508,-0.425915
15.126991,1.458176,0.083248,-0.353325,-0.683840,1.389743,1.172704,-0.306902,0.141476,-0.383191,-0.172802,-0.182900,0.588226,0.672165,-0.013874,-2.232991,-0.348934,2.302217,-1.741452,-1.287197,1.309655,0.741247,0.306747,0.136261,-0.284066,-0.013746,0.860619,0.626552,-0.421987
15.128019,1.457359,0.086391,-0.350193,-0.687662,1.389435,1.172680,-0.306620,0.119039,-0.385507,-0.185926,-0.189756,0.587852,0.672314,-0.014331,-2.232686,-0.348802,2.301932,-1.741471,-1.286350,1.310280,0.740833,0.306688,0.134982,-0.283954,-0.016204,0.858620,0.623995,-0.419840
15.129094,1.462645,0.091903,-0.349523,-0.689035,1.389649,1.174380,-0.309577,0.098146,-0.381045,-0.199820,-0.191176,0.586926,0.672449,-0.014774,-2.232373,-0.348672,2.301641,-1.741477,-1.285500,1.310909,0.740410,0.306907,0.133224,-0.285563,-0.013111,0.859500,0.624484,-0.420460
15.130080,1.464257,0.088531,-0.349617,-0.688301,1.390124,1.172632,-0.311106,0.082348,-0.371184,-0.211186,-0.188257,0.585918,0.672739,-0.015213,-2.232074,-0.348548,2.301359,-1.741487,-1.284636,1.311527,0.740004,0.304356,0.130398,-0.286169,-0.012477,0.860085,0.623454,-0.414656
15.131140,1.463312,0.087801,-0.347385,-0.690518,1.388313,1.176785,-0.310291,0.075909,-0.358012,-0.216222,-0.181410,0.585226,0.673397,-0.015638,-2.231773,-0.348412,2.301072,-1.741504,-1.283772,1.312165,0.739602,0.303366,0.131816,-0.286039,-0.013731,0.859633,0.625442,-0.411667
15.132185,1.465895,0.085083,-0.353309,-0.690556,1.387426,1.175035,-0.310153,0.080301,-0.345270,-0.213012,-0.171857,0.585155,0.674625,-0.016087,-2.231471,-0.348280,2.300784,-1.741515,-1.282909,1.312778,0.739181,0.303890,0.131992,-0.287335,-0.012173,0.862162,0.621894,-0.413437
15.133078,1.464502,0.082396,-0.354335,-0.692485,1.385275,1.176007,-0.311345,0.092679,-0.335979,-0.203069,-0.162088,0.585901,0.676388,-0.016606,-2.231169,-0.348145,2.300506,-1.741531,-1.282039,1.313407,0.738770,0.302560,0.133133,-0.284566,-0.012724,0.863533,0.624205,-0.413804
15.134020,1.460830,0.077111,-0.351446,-0.693335,1.379944,1.174598,-0.313660,0.108336,-0.330521,-0.190049,-0.153753,0.587437,0.678399,-0.017192,-2.230864,-0.348007,2.300222,-1.741540,-1.281181,1.314038,0.738361,0.302700,0.134014,-0.283715,-0.011362,0.864943,0.623064,-0.411248
15.135103,1.459676,0.073530,-0.351683,-0.690915,1.378397,1.178488,-0.312006,0.123981,-0.330249,-0.176202,-0.148748,0.589758,0.680484,-0.017808,-2.230559,-0.347870,2.299936,-1.741553,-1.280297,1.314666,0.737968,0.304136,0.136278,-0.284965,-0.011068,0.869754,0.624583,-0.406601
15.135982,1.458846,0.075389,-0.350024,-0.692778,1.371840,1.175450,-0.311917,0.139329,-0.336673,-0.161401,-0.147421,0.592730,0.682772,-0.018448,-2.230254,-0.347730,2.299654,-1.741571,-1.279410,1.315289,0.737551,0.304793,0.137828,-0.285148,-0.014048,0.871932,0.621340,-0.410133
15.136974,1.461054,0.076072,-0.352172,-0.691514,1.365601,1.172355,-0.312695,0.154927,-0.347580,-0.145825,-0.147496,0.595921,0.685335,-0.019129,-2.229954,-0.347594,2.299369,-1.741581,-1.278535,1.315911,0.737139,0.304632,0.136418,-0.285564,-0.012706,0.877496,0.624299,-0.410103
15.138182,1.459089,0.076540,-0.357776,-0.693631,1.369206,1.170947,-0.312576,0.170422,-0.357969,-0.131020,-0.146325,0.598824,0.687959,-0.019827,-2.229651,-0.347462,2.299086,-1.741598,-1.277637,1.316552,0.736739,0.303320,0.135819,-0.284466,-0.014498,0.883486,0.627618,-0.408590
15.139029,1.455137,0.075899,-0.355945,-0.694140,1.363471,1.174069,-0.312995,0.182869,-0.363639,-0.120340,-0.142969,0.601031,0.690231,-0.020490,-2.229345,-0.347327,2.298807,-1.741610,-1.276761,1.317193,0.736325,0.304830,0.135577,-0.282430,-0.013152,0.881654,0.630106,-0.409214
15.140006,1.452346,0.074798,-0.354290,-0.694294,1.362689,1.170086,-0.314498,0.187580,-0.363543,-0.117529,-0.139151,0.602380,0.691827,-0.021076,-2.229039,-0.347192,2.298524,-1.741622,-1.275869,1.317810,0.735925,0.306056,0.135409,-0.282866,-0.013117,0.885981,0.626691,-0.408176
15.141050,1.453180,0.074220,-0.350186,-0.694038,1.365066,1.169400,-0.314579,0.184026,-0.359262,-0.122488,-0.136435,0.602859,0.692782,-0.021550,-2.228728,-0.347056,2.298235,-1.741638,-1.274972,1.318447,0.735521,0.307088,0.135635,-0.283573,-0.013476,0.886346,0.630925,-0.405170
15.142036,1.456187,0.074084,-0.346537,-0.693481,1.364659,1.169803,-0.312878,0.177233,-0.353582,-0.130635,-0.134783,0.602561,0.693388,-0.021901,-2.228425,-0.346920,2.297944,-1.741653,-1.274095,1.319086,0.735113,0.306632,0.135690,-0.285710,-0.014310,0.884357,0.632015,-0.405157
15.143060,1.455959,0.078169,-0.352806,-0.693269,1.368393,1.172140,-0.311697,0.175549,-0.349641,-0.134719,-0.133133,0.601657,0.694140,-0.022159,-2.228125,-0.346787,2.297654,-1.741671,-1.273194,1.319715,0.734703,0.304920,0.135471,-0.287423,-0.015343,0.884433,0.631860,-0.408604
15.144016,1.454556,0.077365,-0.345272,-0.690857,1.368924,1.168573,-0.310751,0.182149,-0.346546,-0.132521,-0.129635,0.600048,0.695234,-0.022370,-2.227819,-0.346659,2.297373,-1.741690,-1.272321,1.320340,0.734286,0.304922,0.133241,-0.284359,-0.016014,0.880944,0.629945,-0.411001
15.145109,1.455549,0.075097,-0.343310,-0.689795,1.375861,1.167629,-0.310197,0.193951,-0.340440,-0.127429,-0.122637,0.597469,0.696461,-0.022558,-2.227514,-0.346525,2.297081,-1.741713,-1.271437,1.320972,0.733864,0.305272,0.133334,-0.287960,-0.018745,0.880001,0.633687,-0.412798
15.146058,1.452750,0.076119,-0.339830,-0.688174,1.376889,1.166907,-0.308811,0.212322,-0.332538,-0.118138,-0.111843,0.594035,0.697984,-0.022742,-2.227210,-0.346391,2.296790,-1.741737,-1.270580,1.321612,0.733446,0.304890,0.134326,-0.289158,-0.020220,0.874057,0.635241,-0.414055
15.147055,1.451278,0.078676,-0.331134,-0.686150,1.380217,1.166872,-0.307467,0.239173,-0.325860,-0.102389,-0.098055,0.590049,0.700091,-0.022957,-2.226902,-0.346261,2.296494,-1.741763,-1.269721,1.322254,0.733029,0.305893,0.133502,-0.290589,-0.022080,0.872826,0.635983,-0.416766
15.147982,1.451729,0.078514,-0.330102,-0.686918,1.380421,1.162799,-0.306098,0.273637,-0.319662,-0.080896,-0.080923,0.585632,0.702871,-0.023231,-2.226597,-0.346132,2.296193,-1.741791,-1.268859,1.322884,0.732604,0.306408,0.131991,-0.294755,-0.024338,0.869625,0.636315,-0.419419
15.149002,1.450032,0.079042,-0.331679,-0.687148,1.383782,1.160484,-0.304494,0.315546,-0.313155,-0.053802,-0.060202,0.580958,0.706338,-0.023563,-2.226293,-0.346000,2.295897,-1.741814,-1.267982,1.323534,0.732182,0.305716,0.131746,-0.294842,-0.023820,0.868826,0.640317,-0.422020
15.149993,1.447920,0.077435,-0.330769,-0.686605,1.381409,1.159230,-0.304456,0.360891,-0.306368,-0.024029,-0.037936,0.576268,0.710118,-0.023945,-2.225987,-0.345868,2.295608,-1.741840,-1.267128,1.324177,0.731748,0.306442,0.131249,-0.294065,-0.023887,0.865869,0.642932,-0.425205
15.151090,1.449110,0.079445,-0.327183,-0.687029,1.381522,1.157625,-0.304007,0.403131,-0.298740,0.003290,-0.016241,0.571659,0.713716,-0.024374,-2.225678,-0.345735,2.295311,-1.741866,-1.266256,1.324829,0.731321,0.307204,0.131798,-0.294355,-0.024723,0.868286,0.644318,-0.425202
15.152014,1.453085,0.079952,-0.329980,-0.687045,1.384531,1.154914,-0.304433,0.440764,-0.290489,0.027015,0.004433,0.567210,0.717008,-0.024835,-2.225371,-0.345606,2.295010,-1.741891,-1.265392,1.325482,0.730892,0.306711,0.130691,-0.296291,-0.024673,0.869165,0.646502,-0.426232
15.153035,1.452290,0.081528,-0.321286,-0.686717,1.378656,1.156041,-0.305968,0.476630,-0.282043,0.049426,0.024566,0.563105,0.720022,-0.025286,-2.225072,-0.345477,2.294721,-1.741917,-1.264524,1.326132,0.730476,0.304307,0.130129,-0.294545,-0.024867,0.865558,0.649096,-0.425238
15.154157,1.448840,0.077474,-0.330727,-0.688898,1.381658,1.159945,-0.305109,0.514279,-0.273650,0.073320,0.044982,0.559494,0.722818,-0.025687,-2.224766,-0.345349,2.294413,-1.741944,-1.263641,1.326780,0.730055,0.304583,0.129161,-0.298739,-0.025473,0.871677,0.648220,-0.422171
15.155126,1.448146,0.081632,-0.326566,-0.686063,1.384712,1.160730,-0.304650,0.551998,-0.266355,0.097695,0.064451,0.556430,0.725350,-0.026020,-2.224459,-0.345214,2.294127,-1.741966,-1.262768,1.327418,0.729628,0.306520,0.131093,-0.294338,-0.023752,0.869729,0.645057,-0.424113
15.155995,1.451183,0.077270,-0.328262,-0.686954,1.380603,1.161586,-0.306706,0.583223,-0.259288,0.117342,0.081297,0.553827,0.727314,-0.026289,-2.224151,-0.345092,2.293828,-1.741998,-1.261909,1.328063,0.729207,0.306502,0.128801,-0.296203,-0.026746,0.866599,0.644393,-0.424955
15.156970,1.453678,0.080402,-0.327136,-0.687540,1.379640,1.162825,-0.307339,0.608657,-0.251290,0.132412,0.096749,0.551594,0.728746,-0.026515,-2.223848,-0.344957,2.293535,-1.742023,-1.261031,1.328713,0.728788,0.304328,0.130561,-0.294775,-0.026015,0.869621,0.643183,-0.420569
15.157989,1.457010,0.079457,-0.324342,-0.688204,1.380268,1.166197,-0.307894,0.633824,-0.243993,0.147448,0.111552,0.549823,0.729981,-0.026721,-2.223550,-0.344830,2.293242,-1.742046,-1.260167,1.329350,0.728376,0.302876,0.128739,-0.295165,-0.025741,0.870492,0.642111,-0.419317
15.158988,1.459380,0.080009,-0.325881,-0.688876,1.377064,1.163976,-0.308460,0.662793,-0.239090,0.166046,0.125340,0.548696,0.731323,-0.026920,-2.223253,-0.344702,2.292941,-1.742072,-1.259293,1.329989,0.727960,0.301162,0.129053,-0.296439,-0.025382,0.870074,0.639054,-0.418253
15.160060,1.456089,0.078061,-0.325109,-0.690363,1.378327,1.164448,-0.309154,0.697849,-0.237455,0.190224,0.137820,0.548315,0.732909,-0.027121,-2.222960,-0.344575,2.292643,-1.742096,-1.258424,1.330635,0.727541,0.299924,0.128574,-0.295494,-0.025038,0.873411,0.641545,-0.417117
15.160964,1.459984,0.077453,-0.324751,-0.689599,1.379000,1.163919,-0.307621,0.735690,-0.239079,0.217424,0.147506,0.548656,0.734423,-0.027333,-2.222653,-0.344445,2.292348,-1.742118,-1.257550,1.331274,0.727135,0.301615,0.129440,-0.296016,-0.023994,0.872798,0.641601,-0.415896
15.162060,1.460098,0.079136,-0.322761,-0.689363,1.379551,1.167972,-0.309721,0.772856,-0.243866,0.244963,0.153086,0.549711,0.735557,-0.027545,-2.222356,-0.344318,2.292052,-1.742145,-1.256675,1.331919,0.726710,0.299189,0.129416,-0.295711,-0.024945,0.871310,0.641960,-0.418817
15.163067,1.459491,0.077484,-0.325843,-0.690289,1.380151,1.166130,-0.309370,0.810778,-0.251149,0.273763,0.155740,0.551443,0.736362,-0.027742,-2.222059,-0.344192,2.291755,-1.742171,-1.255792,1.332546,0.726300,0.299384,0.128516,-0.296905,-0.025529,0.871581,0.638590,-0.414743
15.164088,1.457602,0.072852,-0.322218,-0.688917,1.377513,1.167030,-0.309648,0.848712,-0.259143,0.302823,0.156529,0.553729,0.736758,-0.027926,-2.221758,-0.344064,2.291464,-1.742197,-1.254926,1.333187,0.725885,0.299557,0.129161,-0.295282,-0.024874,0.871166,0.640759,-0.415517
15.164983,1.454751,0.075265,-0.332367,-0.691028,1.377513,1.166184,-0.310286,0.883637,-0.268147,0.329837,0.154561,0.556504,0.736571,-0.028102,-2.221455,-0.343929,2.291162,-1.742227,-1.254047,1.333834,0.725471,0.300399,0.131236,-0.296993,-0.026474,0.874027,0.640131,-0.415001
15.166050,1.447398,0.078364,-0.328828,-0.689378,1.378283,1.169053,-0.309384,0.910843,-0.277350,0.350856,0.149140,0.559562,0.735561,-0.028259,-2.221158,-0.343805,2.290880,-1.742249,-1.253184,1.334469,0.725067,0.301351,0.129696,-0.291526,-0.024618,0.873223,0.640837,-0.413600
15.167047,1.449163,0.079362,-0.329487,-0.689492,1.377388,1.167046,-0.309498,0.921932,-0.280899,0.357968,0.140944,0.562420,0.733239,-0.028395,-2.220844,-0.343678,2.290585,-1.742279,-1.252306,1.335102,0.724646,0.304977,0.128041,-0.293465,-0.026535,0.873071,0.638509,-0.415538
15.167999,1.448303,0.080721,-0.332152,-0.689698,1.379348,1.167931,-0.310688,0.915779,-0.274998,0.349396,0.132146,0.564722,0.729599,-0.028531,-2.220546,-0.343552,2.290296,-1.742306,-1.251442,1.335733,0.724229,0.303913,0.127375,-0.293054,-0.026665,0.874101,0.640854,-0.415290
15.169115,1.451545,0.078822,-0.330106,-0.689054,1.386028,1.168318,-0.311370,0.898351,-0.260907,0.330019,0.124339,0.566408,0.725076,-0.028680,-2.220243,-0.343428,2.290006,-1.742332,-1.250575,1.336373,0.723823,0.304002,0.126480,-0.291475,-0.026694,0.871802,0.639990,-0.412857
15.170062,1.453894,0.078405,-0.329339,-0.690798,1.382667,1.169005,-0.310489,0.876012,-0.242325,0.305654,0.117545,0.567634,0.720179,-0.028847,-2.219943,-0.343300,2.289710,-1.742362,-1.249710,1.337016,0.723413,0.302623,0.127390,-0.292799,-0.027632,0.866254,0.640322,-0.411735
15.171014,1.456965,0.076235,-0.329936,-0.688815,1.384723,1.166136,-0.311978,0.856698,-0.224997,0.283846,0.111084,0.568714,0.715565,-0.029029,-2.219648,-0.343173,2.289420,-1.742385,-1.248846,1.337646,0.723004,0.301181,0.127329,-0.292916,-0.026181,0.869391,0.639725,-0.413475
15.172121,1.465405,0.081816,-0.338942,-0.690131,1.387427,1.166335,-0.312080,0.845776,-0.212593,0.269540,0.104898,0.569788,0.711592,-0.029217,-2.219350,-0.343043,2.289127,-1.742415,-1.247977,1.338294,0.722599,0.299351,0.128137,-0.292353,-0.028327,0.866952,0.642633,-0.410418
15.173074,1.465702,0.084827,-0.336414,-0.689091,1.388191,1.167252,-0.311699,0.843407,-0.203029,0.262162,0.100770,0.570681,0.708086,-0.029395,-2.219059,-0.342921,2.288847,-1.742441,-1.247125,1.338940,0.722188,0.295453,0.125320,-0.288236,-0.027353,0.865477,0.643061,-0.410457
15.174063,1.468199,0.084371,-0.338538,-0.688243,1.387444,1.169073,-0.312820,0.847189,-0.191159,0.258551,0.100954,0.571177,0.704691,-0.029566,-2.218767,-0.342801,2.288557,-1.742471,-1.246260,1.339573,0.721778,0.295120,0.123658,-0.289318,-0.028565,0.864440,0.642233,-0.411181
15.175057,1.468331,0.082022,-0.339204,-0.689458,1.389158,1.168804,-0.312990,0.855655,-0.174914,0.257151,0.106391,0.571259,0.701316,-0.029746,-2.218474,-0.342677,2.288272,-1.742502,-1.245388,1.340206,0.721369,0.293765,0.123733,-0.288199,-0.029553,0.865182,0.640655,-0.408930
15.176042,1.468367,0.085698,-0.346453,-0.690412,1.390336,1.171962,-0.313852,0.867675,-0.157038,0.257898,0.115326,0.571208,0.698020,-0.029929,-2.218185,-0.342550,2.287988,-1.742530,-1.244537,1.340839,0.720959,0.293680,0.124728,-0.287857,-0.028549,0.863677,0.641214,-0.408633
15.176965,1.469006,0.084763,-0.348563,-0.691660,1.387794,1.172844,-0.315047,0.878333,-0.139150,0.257646,0.124650,0.571336,0.694623,-0.030090,-2.217894,-0.342432,2.287708,-1.742556,-1.243666,1.341474,0.720561,0.293571,0.122749,-0.284204,-0.027857,0.862454,0.638235,-0.406948
15.177962,1.470786,0.088797,-0.348928,-0.692465,1.385274,1.170649,-0.314954,0.881528,-0.119536,0.251490,0.132770,0.571732,0.690902,-0.030209,-2.217600,-0.342308,2.287426,-1.742582,-1.242803,1.342118,0.720159,0.292904,0.122983,-0.282939,-0.026810,0.864511,0.637284,-0.404489
15.179041,1.470253,0.090850,-0.355115,-0.692820,1.384464,1.169930,-0.314392,0.876612,-0.097543,0.238843,0.139552,0.572501,0.686949,-0.030292,-2.217312,-0.342193,2.287145,-1.742610,-1.241929,1.342754,0.719759,0.292005,0.120897,-0.282802,-0.026245,0.867062,0.639782,-0.404771
15.179961,1.472007,0.089021,-0.354308,-0.693069,1.382245,1.169102,-0.316200,0.864236,-0.071998,0.219966,0.145773,0.573626,0.682801,-0.030363,-2.217018,-0.342074,2.286870,-1.742636,-1.241046,1.343403,0.719350,0.292486,0.119894,-0.280076,-0.026244,0.868518,0.641006,-0.406076
15.181111,1.475203,0.088046,-0.356492,-0.695821,1.376070,1.169997,-0.317460,0.844363,-0.042555,0.194800,0.151781,0.574989,0.678475,-0.030446,-2.216734,-0.341952,2.286594,-1.742662,-1.240179,1.344042,0.718951,0.291367,0.120587,-0.280333,-0.026203,0.870160,0.641761,-0.402354
15.182054,1.474518,0.082549,-0.359006,-0.695522,1.374035,1.165311,-0.316895,0.821255,-0.013858,0.167816,0.156213,0.576683,0.674381,-0.030544,-2.216445,-0.341832,2.286314,-1.742683,-1.239288,1.344690,0.718560,0.290270,0.121169,-0.279808,-0.023975,0.877593,0.641671,-0.400207
15.183108,1.476557,0.084766,-0.365623,-0.694911,1.375425,1.162640,-0.318012,0.798390,0.008777,0.142971,0.156906,0.578743,0.670819,-0.030654,-2.216151,-0.341704,2.286036,-1.742710,-1.238412,1.345352,0.718158,0.290360,0.123653,-0.278422,-0.024494,0.879100,0.646291,-0.401341
15.184084,1.478373,0.082165,-0.368839,-0.693219,1.370384,1.161404,-0.318129,0.774265,0.025280,0.118950,0.153622,0.580835,0.667561,-0.030779,-2.215866,-0.341584,2.285769,-1.742738,-1.237529,1.346007,0.717769,0.289549,0.122479,-0.275489,-0.025403,0.878123,0.649328,-0.399282
15.184990,1.478973,0.082494,-0.367038,-0.694271,1.371837,1.163382,-0.317107,0.747162,0.039663,0.093175,0.148929,0.582380,0.664290,-0.030922,-2.215577,-0.341459,2.285495,-1.742770,-1.236637,1.346666,0.717373,0.288549,0.123606,-0.273946,-0.027211,0.882873,0.650586,-0.399116
15.185922,1.483293,0.082804,-0.364342,-0.691677,1.374852,1.158789,-0.318365,0.719433,0.052911,0.067119,0.144598,0.583093,0.661102,-0.031089,-2.215293,-0.341336,2.285223,-1.742793,-1.235767,1.347306,0.716965,0.287967,0.123154,-0.274703,-0.026386,0.880627,0.648437,-0.401068
15.187000,1.481489,0.085617,-0.370557,-0.691133,1.373710,1.159816,-0.318325,0.697371,0.063063,0.046244,0.141270,0.583131,0.658405,-0.031263,-2.215010,-0.341214,2.284947,-1.742827,-1.234891,1.347967,0.716574,0.285617,0.122786,-0.275922,-0.029050,0.877026,0.652947,-0.398504
15.188016,1.479705,0.086133,-0.373438,-0.692233,1.376898,1.162392,-0.318911,0.682922,0.071741,0.031703,0.140610,0.582441,0.656248,-0.031426,-2.214719,-0.341097,2.284675,-1.742859,-1.234000,1.348621,0.716178,0.286792,0.121397,-0.273191,-0.029787,0.878792,0.652349,-0.398833
15.188966,1.481521,0.089343,-0.373301,-0.690296,1.380109,1.163368,-0.317549,0.668703,0.082915,0.016925,0.142497,0.580739,0.654189,-0.031578,-2.214432,-0.340975,2.284407,-1.742885,-1.233137,1.349260,0.715787,0.287749,0.121043,-0.272017,-0.028958,0.875855,0.650079,-0.397784
15.190129,1.483905,0.090940,-0.381313,-0.691128,1.382080,1.162920,-0.316792,0.650103,0.097878,-0.001736,0.145754,0.578029,0.652086,-0.031740,-2.214148,-0.340860,2.284135,-1.742919,-1.232269,1.349907,0.715378,0.286692,0.119311,-0.272079,-0.030974,0.872317,0.649126,-0.400498
15.191033,1.480181,0.088678,-0.371618,-0.689420,1.383797,1.163976,-0.315826,0.628244,0.116896,-0.023430,0.150870,0.574460,0.650080,-0.031919,-2.213863,-0.340740,2.283870,-1.742945,-1.231404,1.350563,0.714973,0.286101,0.118636,-0.268835,-0.030545,0.871948,0.650417,-0.402328
15.191956,1.482456,0.089321,-0.374493,-0.690032,1.387946,1.165705,-0.315064,0.605137,0.137914,-0.046098,0.157393,0.570328,0.648391,-0.032095,-2.213572,-0.340620,2.283590,-1.742979,-1.230534,1.351202,0.714569,0.287617,0.119550,-0.273494,-0.032259,0.869459,0.649196,-0.404157
15.193074,1.478870,0.089468,-0.376822,-0.689999,1.389995,1.166332,-0.314143,0.585376,0.155811,-0.064778,0.163806,0.566172,0.647526,-0.032257,-2.213289,-0.340501,2.283321,-1.743011,-1.229676,1.351853,0.714154,0.286239,0.119018,-0.271922,-0.031703,0.864828,0.647335,-0.405564
15.194005,1.477687,0.089448,-0.374868,-0.692381,1.390111,1.166306,-0.312716,0.568817,0.169009,-0.079040,0.168967,0.562304,0.647582,-0.032417,-2.213001,-0.340380,2.283052,-1.743042,-1.228818,1.352491,0.713739,0.288472,0.118987,-0.271354,-0.032014,0.864064,0.647470,-0.407620
15.194961,1.475485,0.087401,-0.376674,-0.691603,1.389720,1.165925,-0.312459,0.550819,0.178099,-0.092553,0.171269,0.558827,0.648223,-0.032573,-2.212710,-0.340263,2.282775,-1.743068,-1.227954,1.353143,0.713326,0.288779,0.118836,-0.272207,-0.029816,0.863498,0.647395,-0.410390
15.196027,1.473639,0.086551,-0.378923,-0.691379,1.388764,1.171437,-0.310719,0.530043,0.182094,-0.106181,0.169434,0.555868,0.649298,-0.032718,-2.212415,-0.340141,2.282505,-1.743099,-1.227102,1.353798,0.712907,0.289649,0.119682,-0.271308,-0.030735,0.863786,0.647763,-0.410806
15.196955,1.477641,0.086641,-0.379809,-0.690479,1.393194,1.168145,-0.308885,0.506104,0.181145,-0.120498,0.164129,0.553345,0.650771,-0.032860,-2.212123,-0.340020,2.282237,-1.743132,-1.226232,1.354430,0.712488,0.290755,0.120067,-0.270602,-0.031129,0.865420,0.642761,-0.414427
15.198076,1.470946,0.084367,-0.379359,-0.690242,1.390147,1.170516,-0.308321,0.480475,0.176411,-0.134904,0.157360,0.551135,0.652680,-0.033002,-2.211837,-0.339900,2.281967,-1.743166,-1.225372,1.355085,0.712064,0.288495,0.119817,-0.270092,-0.032061,0.860490,0.646005,-0.417949
15.199072,1.468459,0.081936,-0.377719,-0.689447,1.392332,1.170227,-0.308036,0.455502,0.168325,-0.147870,0.150412,0.549235,0.655039,-0.033147,-2.211539,-0.339776,2.281696,-1.743199,-1.224494,1.355726,0.711633,0.292193,0.120974,-0.270914,-0.032522,0.864708,0.644326,-0.419209
15.200062,1.466861,0.088393,-0.377859,-0.690993,1.394167,1.171846,-0.308455,0.430130,0.156495,-0.160163,0.142876,0.547638,0.657745,-0.033299,-2.211241,-0.339655,2.281419,-1.743232,-1.223641,1.356376,0.711215,0.293275,0.122063,-0.271814,-0.033407,0.862679,0.644806,-0.419762
15.201011,1.467946,0.084834,-0.376520,-0.692931,1.385193,1.166694,-0.308380,0.403214,0.142209,-0.172845,0.134617,0.546367,0.660657,-0.033441,-2.210943,-0.339540,2.281144,-1.743263,-1.222776,1.357022,0.710797,0.293912,0.118734,-0.271817,-0.031999,0.860896,0.643342,-0.418898
15.202018,1.470381,0.085034,-0.382191,-0.693973,1.388488,1.167233,-0.307268,0.375607,0.127295,-0.185594,0.125757,0.545482,0.663602,-0.033558,-2.210652,-0.339416,2.280872,-1.743290,-1.221904,1.357672,0.710373,0.293141,0.120337,-0.272465,-0.030265,0.869605,0.648544,-0.418948
15.203067,1.471161,0.080829,-0.376043,-0.695080,1.387148,1.168644,-0.306228,0.349027,0.110441,-0.196871,0.115301,0.545074,0.666461,-0.033674,-2.210360,-0.339297,2.280605,-1.743319,-1.221041,1.358323,0.709952,0.291902,0.120137,-0.269837,-0.029454,0.866410,0.648161,-0.421197
15.204070,1.473076,0.079905,-0.374986,-0.694018,1.386563,1.170373,-0.308275,0.326816,0.088467,-0.203417,0.102235,0.545347,0.669391,-0.033806,-2.210071,-0.339170,2.280322,-1.743346,-1.220175,1.358963,0.709524,0.291681,0.122136,-0.273151,-0.028653,0.868364,0.647198,-0.423319
15.204980,1.469109,0.079160,-0.369052,-0.695100,1.383485,1.168046,-0.307709,0.314682,0.058200,-0.200077,0.086841,0.546527,0.672856,-0.033953,-2.209783,-0.339048,2.280049,-1.743379,-1.219303,1.359605,0.709113,0.290722,0.122461,-0.273806,-0.029840,0.869038,0.645716,-0.419197
15.205960,1.467432,0.079633,-0.368514,-0.695074,1.384065,1.168897,-0.307508,0.315022,0.019731,-0.185080,0.070376,0.548601,0.677067,-0.034112,-2.209482,-0.338925,2.279765,-1.743407,-1.218416,1.360257,0.708689,0.292260,0.122568,-0.276491,-0.028890,0.871265,0.647888,-0.420204
15.207005,1.463705,0.081773,-0.369450,-0.695449,1.383479,1.167607,-0.308510,0.324234,-0.023705,-0.161992,0.053389,0.551416,0.681779,-0.034277,-2.209189,-0.338803,2.279489,-1.743437,-1.217557,1.360896,0.708265,0.292959,0.122171,-0.276777,-0.029097,0.870685,0.647185,-0.420546
15.207986,1.461083,0.080967,-0.368144,-0.695442,1.380114,1.166980,-0.306738,0.335727,-0.067241,-0.137073,0.036334,0.554719,0.686564,-0.034447,-2.208890,-0.338685,2.279213,-1.743466,-1.216675,1.361550,0.707852,0.294861,0.121074,-0.276551,-0.028965,0.871646,0.648849,-0.418617
15.209010,1.461733,0.082067,-0.368732,-0.696450,1.381542,1.165913,-0.306669,0.343429,-0.106415,-0.116147,0.019921,0.558198,0.691024,-0.034639,-2.208591,-0.338563,2.278933,-1.743494,-1.215800,1.362201,0.707423,0.295962,0.121330,-0.277214,-0.029170,0.874920,0.649576,-0.422141
15.210021,1.453683,0.082651,-0.366440,-0.696256,1.378007,1.164530,-0.307996,0.346089,-0.140412,-0.100416,0.004258,0.561715,0.695049,-0.034877,-2.208297,-0.338445,2.278659,-1.743521,-1.214928,1.362847,0.707001,0.295635,0.120726,-0.277117,-0.028452,0.873717,0.650958,-0.422269
15.211117,1.452887,0.080512,-0.363628,-0.698408,1.381663,1.167025,-0.309109,0.343327,-0.169237,-0.090145,-0.010857,0.565146,0.698586,-0.035169,-2.207991,-0.338326,2.278379,-1.743549,-1.214034,1.363500,0.706587,0.299521,0.120356,-0.278366,-0.028887,0.877259,0.652564,-0.419626
15.212097,1.453118,0.076024,-0.362373,-0.698856,1.380690,1.164026,-0.308173,0.334305,-0.194160,-0.085572,-0.026623,0.568421,0.701633,-0.035518,-2.207691,-0.338203,2.278096,-1.743571,-1.213170,1.364144,0.706172,0.300082,0.121427,-0.280132,-0.027175,0.874537,0.650657,-0.417579
15.212975,1.450462,0.076534,-0.361362,-0.697514,1.379291,1.165847,-0.308865,0.323151,-0.220561,-0.082167,-0.045135,0.571751,0.704519,-0.035924,-2.207391,-0.338080,2.277810,-1.743598,-1.212295,1.364802,0.705756,0.299744,0.123507,-0.280660,-0.026970,0.875410,0.653768,-0.419467
15.213962,1.449040,0.075693,-0.362056,-0.696953,1.384932,1.167652,-0.309236,0.314340,-0.251156,-0.076026,-0.066080,0.575100,0.707492,-0.036382,-2.207085,-0.337956,2.277526,-1.743630,-1.211425,1.365456,0.705338,0.300441,0.122915,-0.280751,-0.028363,0.875818,0.651560,-0.417846
15.215016,1.442276,0.075004,-0.360164,-0.698270,1.381509,1.172634,-0.309988,0.307864,-0.282885,-0.068134,-0.086689,0.578059,0.710502,-0.036868,-2.206786,-0.337834,2.277249,-1.743659,-1.210561,1.366101,0.704927,0.300964,0.123189,-0.280443,-0.029112,0.870157,0.649923,-0.417121
15.215945,1.442448,0.072668,-0.358435,-0.696426,1.387369,1.169471,-0.312422,0.300975,-0.313285,-0.061219,-0.106091,0.580364,0.713425,-0.037336,-2.206476,-0.337712,2.276963,-1.743684,-1.209677,1.366745,0.704512,0.304297,0.123475,-0.281576,-0.028141,0.874100,0.645361,-0.415712
15.217013,1.443472,0.075779,-0.355939,-0.696442,1.389078,1.170360,-0.312109,0.292192,-0.342467,-0.056365,-0.124766,0.581993,0.716224,-0.037774,-2.206176,-0.337585,2.276680,-1.743717,-1.208828,1.367394,0.704104,0.303791,0.124367,-0.282209,-0.030041,0.867827,0.648511,-0.410732
15.218152,1.447692,0.080896,-0.359557,-0.697209,1.389217,1.170643,-0.312820,0.285058,-0.370416,-0.050932,-0.141289,0.583089,0.719030,-0.038191,-2.205870,-0.337467,2.276392,-1.743748,-1.207957,1.368049,0.703688,0.303300,0.122795,-0.283657,-0.030250,0.866843,0.648023,-0.411541
15.219035,1.445879,0.084602,-0.352916,-0.698063,1.387679,1.173229,-0.314064,0.282822,-0.394466,-0.043151,-0.153115,0.583770,0.721846,-0.038585,-2.205570,-0.337350,2.276108,-1.743777,-1.207079,1.368703,0.703284,0.301510,0.120347,-0.282303,-0.029806,0.867955,0.648485,-0.410390
15.220046,1.447305,0.084740,-0.351184,-0.697031,1.388380,1.171736,-0.314664,0.285681,-0.411424,-0.033582,-0.158793,0.584141,0.724521,-0.038916,-2.205270,-0.337234,2.275819,-1.743803,-1.206213,1.369340,0.702882,0.301891,0.118285,-0.285224,-0.029112,0.868600,0.645657,-0.407755
15.220954,1.442020,0.091142,-0.351257,-0.696832,1.387426,1.172295,-0.314025,0.294867,-0.421643,-0.021049,-0.158375,0.584500,0.727060,-0.039151,-2.204971,-0.337117,2.275529,-1.743836,-1.205348,1.369990,0.702488,0.301062,0.118185,-0.286038,-0.030296,0.868123,0.647433,-0.406687
15.222137,1.445311,0.085869,-0.350270,-0.697862,1.385488,1.172333,-0.314916,0.308360,-0.424603,-0.007186,-0.152069,0.584989,0.729234,-0.039296,-2.204659,-0.337008,2.275242,-1.743865,-1.204484,1.370641,0.702077,0.303131,0.114853,-0.285650,-0.030590,0.868426,0.646658,-0.407863
15.223072,1.441831,0.086959,-0.349439,-0.700681,1.383304,1.175330,-0.317080,0.321946,-0.420307,0.004770,-0.141284,0.585705,0.730694,-0.039376,-2.204361,-0.336887,2.274957,-1.743893,-1.203589,1.371282,0.701677,0.301962,0.117670,-0.286769,-0.029948,0.871850,0.647629,-0.406437
15.224075,1.441365,0.083064,-0.350440,-0.701480,1.380083,1.173646,-0.316633,0.335324,-0.414557,0.016067,-0.130166,0.587089,0.731477,-0.039392,-2.204055,-0.336771,2.274669,-1.743916,-1.202718,1.371921,0.701286,0.303289,0.116946,-0.286911,-0.027411,0.873519,0.644584,-0.402080
15.225022,1.438262,0.079645,-0.355183,-0.703114,1.377967,1.175953,-0.316866,0.347367,-0.412000,0.026983,-0.122652,0.589423,0.731598,-0.039351,-2.203753,-0.336649,2.274385,-1.743942,-1.201840,1.372559,0.700878,0.303350,0.118794,-0.286427,-0.026905,0.876807,0.646595,-0.403073
15.226108,1.431910,0.078648,-0.353266,-0.701376,1.373067,1.178794,-0.316442,0.354448,-0.413778,0.034858,-0.120834,0.592572,0.730914,-0.039313,-2.203444,-0.336526,2.274105,-1.743966,-1.200953,1.373200,0.700474,0.304475,0.120285,-0.283910,-0.025563,0.878356,0.644271,-0.402561
15.227032,1.434031,0.079654,-0.352574,-0.702153,1.371306,1.178467,-0.316187,0.352866,-0.418887,0.036431,-0.124700,0.596103,0.729397,-0.039337,-2.203128,-0.336406,2.273816,-1.743997,-1.200071,1.373841,0.700071,0.307633,0.120789,-0.285146,-0.027561,0.884027,0.642030,-0.403632
15.227977,1.433269,0.079564,-0.349304,-0.702429,1.369682,1.178892,-0.317321,0.343216,-0.424671,0.031440,-0.131668,0.599535,0.727283,-0.039438,-2.202827,-0.336286,2.273532,-1.744023,-1.199181,1.374474,0.699666,0.306103,0.120066,-0.285233,-0.026972,0.884968,0.642365,-0.404061
15.229010,1.432038,0.084832,-0.348059,-0.703556,1.365019,1.180471,-0.317287,0.331750,-0.430468,0.024533,-0.139357,0.602750,0.724998,-0.039613,-2.202518,-0.336168,2.273241,-1.744050,-1.198282,1.375109,0.699272,0.306061,0.119960,-0.286620,-0.026900,0.885905,0.641986,-0.401772
15.230007,1.432900,0.086719,-0.356797,-0.703160,1.364621,1.181413,-0.317214,0.322602,-0.435536,0.018779,-0.146524,0.605664,0.722782,-0.039874,-2.202213,-0.336057,2.272956,-1.744075,-1.197388,1.375742,0.698870,0.306595,0.117352,-0.287341,-0.026098,0.890757,0.640830,-0.401984
15.231050,1.434846,0.087105,-0.357672,-0.704005,1.366183,1.182388,-0.319095,0.299788,-0.427939,-0.002014,-0.154132,0.608806,0.717669,-0.040582,-2.201605,-0.335826,2.272399,-1.744127,-1.195602,1.377021,0.698077,0.304920,0.116179,-0.282801,-0.026259,0.889595,0.639587,-0.398572
15.232038,1.432673,0.089375,-0.354003,-0.702983,1.367324,1.182437,-0.318873,0.299788,-0.427939,-0.002014,-0.154132,0.608806,0.717669,-0.040582,-2.201605,-0.335826,2.272399,-1.744127,-1.195602,1.377021,0.698077,0.304920,0.116179,-0.282801,-0.026259,0.889595,0.639587,-0.398572
15.232976,1.432607,0.088058,-0.350438,-0.702857,1.368660,1.183518,-0.317952,0.285201,-0.414683,-0.018060,-0.154345,0.608660,0.714660,-0.040931,-2.201301,-0.335715,2.272113,-1.744156,-1.194722,1.377654,0.697680,0.305789,0.115022,-0.284608,-0.027486,0.888341,0.639786,-0.399124
15.233996,1.438392,0.087315,-0.348248,-0.700700,1.375240,1.186258,-0.319145,0.274586,-0.399554,-0.032048,-0.152626,0.607571,0.711811,-0.041225,-2.200992,-0.335598,2.271825,-1.744183,-1.193833,1.378294,0.697274,0.305345,0.115553,-0.286127,-0.027797,0.886366,0.638692,-0.400923
15.235070,1.438614,0.088633,-0.351416,-0.699709,1.378806,1.188903,-0.320552,0.274740,-0.386984,-0.037593,-0.148888,0.605829,0.709664,-0.041448,-2.200700,-0.335480,2.271532,-1.744220,-1.192960,1.378922,0.696875,0.302444,0.115866,-0.287190,-0.030019,0.879976,0.636344,-0.398610
15.236057,1.443128,0.093631,-0.351449,-0.698757,1.382177,1.188260,-0.320151,0.289599,-0.378846,-0.031201,-0.142227,0.603632,0.708552,-0.041582,-2.200395,-0.335366,2.271252,-1.744253,-1.192092,1.379556,0.696483,0.302421,0.115266,-0.285891,-0.031167,0.877212,0.634297,-0.396023
15.236941,1.431867,0.092242,-0.349604,-0.697022,1.385487,1.188608,-0.320347,0.316166,-0.371852,-0.016024,-0.131303,0.600923,0.708270,-0.041632,-2.200097,-0.335260,2.270966,-1.744287,-1.191225,1.380202,0.696090,0.299974,0.112791,-0.285827,-0.032206,0.873842,0.635129,-0.396936
15.238067,1.436267,0.096447,-0.352080,-0.695309,1.389018,1.188476,-0.318940,0.347619,-0.362091,0.001790,-0.116041,0.597644,0.708404,-0.041631,-2.199784,-0.335145,2.270683,-1.744325,-1.190374,1.380833,0.695692,0.304972,0.113310,-0.286380,-0.033832,0.869788,0.634597,-0.396418
15.239057,1.438085,0.095723,-0.349856,-0.696289,1.389886,1.184635,-0.318747,0.376818,-0.347458,0.016391,-0.097309,0.593816,0.708615,-0.041607,-2.199483,-0.335037,2.270397,-1.744365,-1.189504,1.381478,0.695293,0.302977,0.111393,-0.285541,-0.035595,0.867467,0.635476,-0.399557
15.240032,1.439896,0.094071,-0.348353,-0.696359,1.389095,1.183189,-0.318485,0.403645,-0.328772,0.028042,-0.075667,0.589719,0.708920,-0.041563,-2.199181,-0.334927,2.270106,-1.744397,-1.188649,1.382129,0.694891,0.301883,0.111772,-0.286562,-0.034727,0.866765,0.639494,-0.399966
15.241034,1.439307,0.094069,-0.346095,-0.696232,1.388563,1.179997,-0.315790,0.433086,-0.311039,0.041953,-0.053058,0.585916,0.709592,-0.041514,-2.198883,-0.334813,2.269822,-1.744432,-1.187778,1.382769,0.694491,0.300771,0.112534,-0.287226,-0.034697,0.867442,0.641067,-0.400522
15.241982,1.434172,0.093263,-0.350748,-0.698231,1.391091,1.178939,-0.314656,0.467388,-0.298517,0.060952,-0.031654,0.582789,0.710778,-0.041509,-2.198580,-0.334702,2.269528,-1.744468,-1.186903,1.383421,0.694070,0.300904,0.112537,-0.288254,-0.034855,0.868031,0.644466,-0.405955
15.243075,1.441794,0.093345,-0.346475,-0.697381,1.387854,1.174444,-0.314525,0.501790,-0.290917,0.081387,-0.013303,0.580366,0.712131,-0.041563,-2.198277,-0.334588,2.269252,-1.744497,-1.186047,1.384066,0.693654,0.303132,0.112837,-0.285816,-0.032999,0.865239,0.645504,-0.408113
15.244030,1.437936,0.088551,-0.348048,-0.695678,1.385933,1.173873,-0.312004,0.532585,-0.287234,0.100216,0.000872,0.578613,0.713295,-0.041630,-2.197984,-0.334477,2.268959,-1.744534,-1.185168,1.384726,0.693245,0.299516,0.112925,-0.288225,-0.033988,0.869368,0.650548,-0.408552
15.244961,1.434986,0.089728,-0.346406,-0.695924,1.390199,1.172018,-0.308803,0.563900,-0.288350,0.120606,0.012351,0.577482,0.714417,-0.041691,-2.197677,-0.334358,2.268672,-1.744572,-1.184302,1.385384,0.692821,0.301112,0.115187,-0.287223,-0.035647,0.871004,0.651032,-0.413539
15.245952,1.435416,0.087152,-0.343065,-0.695890,1.385621,1.173070,-0.309749,0.595368,-0.293771,0.141995,0.021964,0.576779,0.715407,-0.041776,-2.197376,-0.334246,2.268385,-1.744608,-1.183441,1.386034,0.692389,0.302192,0.114462,-0.287796,-0.035353,0.866243,0.652809,-0.419785
15.247069,1.440246,0.085730,-0.347640,-0.695077,1.386770,1.172469,-0.310969,0.624553,-0.302494,0.162420,0.029161,0.576405,0.716085,-0.041867,-2.197076,-0.334130,2.268090,-1.744644,-1.182560,1.386682,0.691966,0.301778,0.115706,-0.289316,-0.035420,0.870821,0.651900,-0.417780
15.248070,1.438365,0.091418,-0.347485,-0.694954,1.387829,1.173176,-0.308938,0.654022,-0.315133,0.184026,0.034370,0.576369,0.716625,-0.041896,-2.196784,-0.334012,2.267803,-1.744684,-1.181698,1.387326,0.691553,0.299714,0.116491,-0.287366,-0.036296,0.870825,0.653228,-0.415552
15.249012,1.435812,0.093722,-0.336521,-0.693422,1.385354,1.174763,-0.309037,0.683668,-0.328919,0.205920,0.039267,0.576483,0.717010,-0.041857,-2.196479,-0.333906,2.267516,-1.744721,-1.180824,1.387976,0.691128,0.300474,0.113665,-0.287439,-0.036437,0.869822,0.652697,-0.419656
15.250190,1.439546,0.100810,-0.340200,-0.693258,1.386159,1.174063,-0.307438,0.712692,-0.339195,0.226470,0.045990,0.576556,0.717260,-0.041805,-2.196171,-0.333794,2.267212,-1.744761,-1.179941,1.388627,0.690707,0.301313,0.112449,-0.292545,-0.037870,0.871773,0.651046,-0.419302
15.251010,1.442151,0.103562,-0.336058,-0.691977,1.385173,1.175146,-0.308464,0.743036,-0.343404,0.246805,0.056442,0.576543,0.717633,-0.041775,-2.195880,-0.333692,2.266928,-1.744801,-1.179076,1.389273,0.690283,0.300005,0.109226,-0.291256,-0.038130,0.872664,0.652725,-0.422817
15.252010,1.437617,0.096598,-0.339761,-0.694688,1.386088,1.175457,-0.309181,0.775796,-0.339506,0.267386,0.071969,0.576419,0.718195,-0.041771,-2.195585,-0.333589,2.266631,-1.744841,-1.178200,1.389923,0.689869,0.297986,0.107731,-0.292592,-0.039189,0.872086,0.651066,-0.420423
15.253018,1.436785,0.100971,-0.336645,-0.693429,1.384871,1.176463,-0.309162,0.809314,-0.330513,0.287710,0.089608,0.576441,0.718875,-0.041798,-2.195282,-0.333470,2.266340,-1.744873,-1.177319,1.390578,0.689449,0.300110,0.111167,-0.290626,-0.036569,0.871153,0.650924,-0.418991
15.254050,1.431544,0.099883,-0.335458,-0.693867,1.383003,1.177065,-0.309875,0.838908,-0.321618,0.305488,0.103991,0.576935,0.719472,-0.041883,-2.194983,-0.333367,2.266046,-1.744915,-1.176450,1.391227,0.689033,0.300407,0.109033,-0.292137,-0.037776,0.872562,0.650141,-0.419065
15.255102,1.438721,0.098996,-0.340574,-0.693331,1.382955,1.178415,-0.308730,0.861241,-0.312813,0.318193,0.113982,0.577867,0.719802,-0.042047,-2.194673,-0.333256,2.265753,-1.744950,-1.175570,1.391882,0.688620,0.302900,0.109652,-0.292731,-0.037404,0.874716,0.649842,-0.417701
15.256091,1.432966,0.095304,-0.333383,-0.691366,1.383180,1.176659,-0.310147,0.876806,-0.303752,0.326069,0.120372,0.579112,0.719881,-0.042284,-2.194381,-0.333145,2.265468,-1.744991,-1.174704,1.392526,0.688190,0.299371,0.110159,-0.290318,-0.037934,0.875332,0.648920,-0.420072
15.257063,1.428409,0.093914,-0.343180,-0.689529,1.382801,1.178647,-0.309204,0.889386,-0.296810,0.332426,0.123682,0.580659,0.719949,-0.042562,-2.194073,-0.333027,2.265166,-1.745035,-1.173825,1.393185,0.687782,0.302035,0.111928,-0.293724,-0.039736,0.875009,0.650796,-0.417207
15.258126,1.432294,0.095417,-0.338833,-0.690698,1.385081,1.176019,-0.311363,0.897694,-0.291950,0.336064,0.124527,0.582221,0.719983,-0.042833,-2.193764,-0.332914,2.264883,-1.745081,-1.172961,1.393838,0.687361,0.303955,0.112551,-0.288668,-0.041346,0.875301,0.648831,-0.419083
15.259074,1.430932,0.094922,-0.345377,-0.690367,1.388273,1.173060,-0.311611,0.897376,-0.286727,0.332933,0.123253,0.583409,0.719712,-0.043070,-2.193468,-0.332805,2.264587,-1.745120,-1.172090,1.394490,0.686958,0.302102,0.111897,-0.290988,-0.040187,0.873634,0.651942,-0.414871
15.259980,1.430709,0.099002,-0.342708,-0.687875,1.385448,1.172184,-0.312003,0.890126,-0.280749,0.324292,0.119954,0.584212,0.719135,-0.043261,-2.193165,-0.332693,2.264306,-1.745160,-1.171219,1.395156,0.686543,0.302436,0.112067,-0.287529,-0.040418,0.870049,0.654782,-0.414339
15.260961,1.433744,0.102270,-0.345464,-0.687433,1.387963,1.170234,-0.313930,0.877238,-0.272139,0.310676,0.116173,0.584483,0.718235,-0.043407,-2.192865,-0.332586,2.264018,-1.745208,-1.170356,1.395804,0.686131,0.302081,0.109929,-0.288542,-0.042598,0.872264,0.655456,-0.413420
15.262072,1.435955,0.105666,-0.342091,-0.688614,1.391081,1.168590,-0.313898,0.860358,-0.257321,0.292401,0.115335,0.583918,0.717061,-0.043500,-2.192569,-0.332481,2.263734,-1.745253,-1.169485,1.396466,0.685734,0.300379,0.108350,-0.287076,-0.042825,0.869617,0.657463,-0.409588
15.263007,1.442384,0.105787,-0.344438,-0.687768,1.393247,1.167165,-0.315998,0.843800,-0.236586,0.272962,0.118431,0.582658,0.715814,-0.043525,-2.192269,-0.332376,2.263436,-1.745292,-1.168612,1.397134,0.685322,0.299522,0.106875,-0.289019,-0.041691,0.867534,0.659644,-0.409905
15.264084,1.442751,0.107171,-0.349077,-0.687175,1.390749,1.169360,-0.317022,0.832459,-0.213622,0.257188,0.124219,0.581139,0.714743,-0.043464,-2.191981,-0.332271,2.263152,-1.745334,-1.167756,1.397790,0.684924,0.296055,0.106819,-0.287597,-0.042386,0.865031,0.660951,-0.405635
15.264980,1.443929,0.108609,-0.349967,-0.686501,1.393541,1.169403,-0.318503,0.827804,-0.190472,0.246665,0.132342,0.579563,0.713940,-0.043336,-2.191686,-0.332165,2.262871,-1.745379,-1.166880,1.398450,0.684526,0.296087,0.106295,-0.285578,-0.042881,0.868292,0.659166,-0.403818
15.266119,1.447872,0.109223,-0.347084,-0.687880,1.393304,1.169700,-0.318230,0.825967,-0.166228,0.238119,0.142721,0.577922,0.713217,-0.043207,-2.191395,-0.332063,2.262587,-1.745424,-1.166036,1.399098,0.684130,0.295096,0.105535,-0.284798,-0.043281,0.864876,0.658917,-0.400759
15.267063,1.441931,0.113875,-0.349280,-0.687017,1.390579,1.168017,-0.320036,0.826684,-0.142303,0.231789,0.154238,0.576588,0.712659,-0.043115,-2.191102,-0.331958,2.262299,-1.745463,-1.165158,1.399762,0.683733,0.293541,0.105501,-0.286705,-0.041989,0.866400,0.659306,-0.401666
15.268070,1.445351,0.110642,-0.357476,-0.688762,1.389478,1.168442,-0.320663,0.829633,-0.119681,0.227840,0.165701,0.575937,0.712356,-0.043061,-2.190800,-0.331861,2.262018,-1.745507,-1.164279,1.400433,0.683337,0.296191,0.103246,-0.285419,-0.042670,0.868641,0.660836,-0.398004
15.269048,1.444327,0.112489,-0.352947,-0.688651,1.387931,1.164031,-0.319682,0.827658,-0.095982,0.220280,0.175982,0.575901,0.711939,-0.043051,-2.190511,-0.331752,2.261745,-1.745545,-1.163414,1.401092,0.682945,0.294449,0.104935,-0.281458,-0.040879,0.869938,0.660559,-0.396891
15.270118,1.441844,0.110483,-0.358106,-0.691470,1.386257,1.162701,-0.322442,0.818013,-0.072130,0.207250,0.183403,0.576548,0.711281,-0.043111,-2.190216,-0.331652,2.261455,-1.745586,-1.162536,1.401765,0.682549,0.294818,0.104091,-0.283646,-0.040914,0.871298,0.664976,-0.398938
15.270991,1.443373,0.110512,-0.360651,-0.690988,1.377510,1.159563,-0.322635,0.802196,-0.051114,0.190720,0.186141,0.578047,0.710480,-0.043246,-2.189914,-0.331545,2.261178,-1.745619,-1.161661,1.402442,0.682163,0.296142,0.105258,-0.281355,-0.038239,0.873633,0.666594,-0.393591
15.271972,1.445901,0.108272,-0.359466,-0.692207,1.375088,1.157178,-0.323636,0.778857,-0.033540,0.169826,0.183168,0.580196,0.709416,-0.043432,-2.189623,-0.331441,2.260904,-1.745659,-1.160764,1.403114,0.681773,0.294878,0.105148,-0.279789,-0.038579,0.881151,0.669286,-0.393157
15.272971,1.443919,0.106249,-0.364564,-0.691477,1.376214,1.153981,-0.322636,0.750818,-0.020079,0.146792,0.175445,0.582668,0.708238,-0.043648,-2.189334,-0.331332,2.260623,-1.745695,-1.159872,1.403794,0.681385,0.293533,0.106279,-0.280379,-0.037365,0.883220,0.671599,-0.391227
15.274039,1.446035,0.103764,-0.362527,-0.690922,1.373385,1.154474,-0.324139,0.722288,-0.012147,0.125097,0.163900,0.585229,0.707174,-0.043872,-2.189040,-0.331220,2.260354,-1.745735,-1.158994,1.404466,0.680984,0.294469,0.107288,-0.277988,-0.038069,0.882070,0.674860,-0.393338
15.275059,1.448256,0.105629,-0.372672,-0.692320,1.374643,1.154961,-0.325117,0.694392,-0.010223,0.105588,0.149159,0.587573,0.706262,-0.044063,-2.188746,-0.331112,2.260071,-1.745775,-1.158102,1.405142,0.680602,0.293559,0.108652,-0.279288,-0.038615,0.885409,0.674643,-0.390542
15.276088,1.449880,0.101763,-0.369891,-0.689519,1.375577,1.158486,-0.324039,0.667604,-0.013174,0.088207,0.132468,0.589356,0.705500,-0.044170,-2.188457,-0.331006,2.259803,-1.745810,-1.157229,1.405821,0.680214,0.292507,0.107796,-0.274429,-0.037290,0.884345,0.674256,-0.388751
15.276969,1.447915,0.101455,-0.373246,-0.686984,1.379027,1.159060,-0.325192,0.642243,-0.019252,0.072648,0.115245,0.590332,0.704917,-0.044194,-2.188169,-0.330893,2.259526,-1.745856,-1.156340,1.406476,0.679823,0.291792,0.109768,-0.276066,-0.039961,0.883571,0.670978,-0.391105
15.277962,1.446782,0.099465,-0.374385,-0.686246,1.378744,1.161321,-0.324289,0.620530,-0.027680,0.060252,0.099728,0.590360,0.704761,-0.044173,-2.187874,-0.330784,2.259255,-1.745903,-1.155463,1.407150,0.679437,0.292296,0.109777,-0.274115,-0.042148,0.879058,0.669990,-0.388686
15.279008,1.444928,0.103557,-0.368002,-0.688054,1.383135,1.164253,-0.326647,0.585435,-0.047216,0.041854,0.077058,0.587509,0.705750,-0.044007,-2.187287,-0.330568,2.258699,-1.745984,-1.153720,1.408474,0.678667,0.293785,0.108825,-0.277085,-0.040938,0.875451,0.665176,-0.386085
15.280085,1.450439,0.106742,-0.371227,-0.685626,1.387254,1.163449,-0.324756,0.585435,-0.047216,0.041854,0.077058,0.587509,0.705750,-0.044007,-2.187287,-0.330568,2.258699,-1.745984,-1.153720,1.408474,0.678667,0.293785,0.108825,-0.277085,-0.040938,0.875451,0.665176,-0.386085
15.281041,1.445239,0.106895,-0.374959,-0.685848,1.387250,1.166933,-0.325429,0.573542,-0.057538,0.037414,0.068868,0.585283,0.706871,-0.043825,-2.186998,-0.330464,2.258423,-1.746034,-1.152844,1.409146,0.678269,0.291258,0.107427,-0.275792,-0.043170,0.872052,0.666391,-0.390166
15.281985,1.446246,0.103861,-0.383046,-0.685111,1.392630,1.164711,-0.324314,0.564949,-0.064828,0.035103,0.064142,0.582719,0.708143,-0.043608,-2.186704,-0.330354,2.258154,-1.746076,-1.151980,1.409799,0.677878,0.293670,0.107321,-0.273948,-0.042778,0.871849,0.662850,-0.388798
15.283062,1.445476,0.097646,-0.379552,-0.685738,1.394269,1.170203,-0.325204,0.552204,-0.067154,0.028579,0.061704,0.579757,0.708918,-0.043393,-2.186411,-0.330242,2.257892,-1.746120,-1.151128,1.410466,0.677483,0.292889,0.108765,-0.269967,-0.043333,0.866191,0.664993,-0.391067
15.284067,1.445393,0.094833,-0.384866,-0.685105,1.395967,1.167881,-0.326317,0.533620,-0.068749,0.017482,0.058276,0.576785,0.709043,-0.043182,-2.186120,-0.330122,2.257613,-1.746162,-1.150271,1.411119,0.677094,0.293509,0.111893,-0.272104,-0.042662,0.865498,0.659920,-0.389492
15.285071,1.442771,0.093576,-0.387604,-0.684817,1.393676,1.172028,-0.323796,0.513692,-0.076078,0.006777,0.051426,0.574363,0.708874,-0.042955,-2.185822,-0.330007,2.257350,-1.746206,-1.149409,1.411775,0.676713,0.293453,0.113246,-0.269687,-0.043157,0.864018,0.662490,-0.387422
15.286063,1.440087,0.088347,-0.381427,-0.684993,1.396173,1.170965,-0.324724,0.492206,-0.089288,-0.003821,0.041143,0.572525,0.708426,-0.042720,-2.185523,-0.329893,2.257083,-1.746250,-1.148537,1.412426,0.676312,0.294647,0.113831,-0.268554,-0.043286,0.866454,0.658481,-0.392610
15.287046,1.436940,0.088514,-0.391735,-0.683965,1.399766,1.172511,-0.321602,0.468900,-0.107393,-0.014843,0.027907,0.571219,0.707775,-0.042510,-2.185227,-0.329767,2.256806,-1.746294,-1.147669,1.413078,0.675919,0.295874,0.116274,-0.271748,-0.042950,0.863942,0.659738,-0.390772
15.288015,1.435394,0.088501,-0.386066,-0.684327,1.395297,1.172463,-0.320971,0.443970,-0.130176,-0.026188,0.011618,0.570469,0.707042,-0.042345,-2.184925,-0.329652,2.256546,-1.746338,-1.146816,1.413733,0.675515,0.297218,0.116099,-0.266749,-0.043809,0.860459,0.658263,-0.397129
15.288980,1.436869,0.087065,-0.391390,-0.681861,1.397188,1.171653,-0.321316,0.414753,-0.153634,-0.040937,-0.006405,0.570024,0.706038,-0.042231,-2.184623,-0.329537,2.256272,-1.746379,-1.145956,1.414395,0.675111,0.297702,0.116019,-0.269682,-0.043341,0.864925,0.658314,-0.398343
15.289988,1.437524,0.089559,-0.392701,-0.683023,1.396756,1.174750,-0.319128,0.383304,-0.175156,-0.058185,-0.023814,0.569721,0.704838,-0.042143,-2.184331,-0.329420,2.256013,-1.746430,-1.145097,1.415044,0.674711,0.296779,0.116626,-0.267152,-0.045476,0.862860,0.659191,-0.397653
15.291057,1.440471,0.091311,-0.388503,-0.683375,1.394850,1.176625,-0.318858,0.352867,-0.193520,-0.075727,-0.038789,0.569503,0.703572,-0.042061,-2.184033,-0.329305,2.255747,-1.746473,-1.144224,1.415698,0.674303,0.296369,0.115331,-0.266769,-0.044164,0.863455,0.656253,-0.402135
15.292067,1.438369,0.090560,-0.397155,-0.682691,1.393167,1.178495,-0.317438,0.326533,-0.208391,-0.091077,-0.050864,0.569441,0.702377,-0.041965,-2.183741,-0.329191,2.255476,-1.746515,-1.143364,1.416342,0.673900,0.295072,0.114511,-0.269306,-0.043768,0.866184,0.654901,-0.402812
15.292971,1.435850,0.089301,-0.392753,-0.683377,1.392600,1.180377,-0.316945,0.305797,-0.220134,-0.102841,-0.060325,0.569563,0.701313,-0.041823,-2.183443,-0.329076,2.255218,-1.746561,-1.142489,1.416998,0.673491,0.296057,0.114865,-0.265262,-0.044262,0.867986,0.653223,-0.405730
15.294048,1.436174,0.088687,-0.400573,-0.681385,1.395642,1.182985,-0.314711,0.286776,-0.228486,-0.114071,-0.068404,0.569749,0.700105,-0.041631,-2.183142,-0.328958,2.254944,-1.746603,-1.141612,1.417651,0.673080,0.296829,0.115289,-0.267329,-0.043372,0.867715,0.651118,-0.406566
15.295074,1.438205,0.088433,-0.397147,-0.680274,1.390334,1.184148,-0.317146,0.267301,-0.234112,-0.126289,-0.076305,0.570030,0.698647,-0.041398,-2.182847,-0.328842,2.254690,-1.746652,-1.140756,1.418297,0.672665,0.296847,0.115640,-0.263988,-0.045189,0.865553,0.649040,-0.411211
15.296025,1.433751,0.087004,-0.397393,-0.681066,1.391165,1.184922,-0.317041,0.249130,-0.237226,-0.138241,-0.083014,0.570442,0.697116,-0.041132,-2.182553,-0.328724,2.254420,-1.746701,-1.139871,1.418945,0.672263,0.295830,0.115718,-0.266023,-0.046047,0.871102,0.648197,-0.406354
15.297008,1.435246,0.088905,-0.396745,-0.679116,1.392746,1.184089,-0.316176,0.234753,-0.239044,-0.147748,-0.088223,0.571141,0.695734,-0.040836,-2.182252,-0.328606,2.254153,-1.746746,-1.139015,1.419587,0.671852,0.297765,0.116288,-0.265919,-0.045019,0.870015,0.647463,-0.406567
15.298061,1.427851,0.089113,-0.392908,-0.679273,1.387876,1.184983,-0.316921,0.224473,-0.240503,-0.154190,-0.092862,0.572338,0.694547,-0.040546,-2.181958,-0.328492,2.253888,-1.746795,-1.138143,1.420240,0.671444,0.296860,0.115271,-0.266422,-0.046699,0.868348,0.648417,-0.408321
15.299042,1.430646,0.087615,-0.399068,-0.679324,1.388620,1.182212,-0.315859,0.217114,-0.240417,-0.158672,-0.096681,0.574035,0.693521,-0.040311,-2.181647,-0.328376,2.253613,-1.746842,-1.137250,1.420892,0.671037,0.300512,0.115182,-0.268665,-0.046351,0.873622,0.647903,-0.406937
15.299945,1.427738,0.085863,-0.399025,-0.680801,1.383181,1.181124,-0.316806,0.210256,-0.238418,-0.163125,-0.100272,0.576135,0.692535,-0.040140,-2.181354,-0.328258,2.253355,-1.746889,-1.136389,1.421541,0.670618,0.298926,0.115840,-0.265786,-0.046064,0.872829,0.650831,-0.409060
15.301007,1.427142,0.086688,-0.399246,-0.679544,1.386407,1.179538,-0.317230,0.201461,-0.235748,-0.169161,-0.105511,0.578557,0.691385,-0.040012,-2.181052,-0.328139,2.253088,-1.746932,-1.135498,1.422194,0.670219,0.299906,0.116492,-0.265710,-0.044362,0.877349,0.651673,-0.407039
15.302015,1.427072,0.088843,-0.400269,-0.677973,1.386310,1.178220,-0.316845,0.190651,-0.233477,-0.176633,-0.113175,0.581171,0.690058,-0.039917,-2.180748,-0.328023,2.252818,-1.746980,-1.134633,1.422856,0.669809,0.300221,0.116087,-0.265999,-0.045441,0.874742,0.653642,-0.406343
15.302959,1.426845,0.085812,-0.396818,-0.676847,1.387208,1.177095,-0.316079,0.179334,-0.230202,-0.184825,-0.121318,0.583620,0.688709,-0.039865,-2.180450,-0.327911,2.252557,-1.747031,-1.133758,1.423508,0.669405,0.300157,0.115005,-0.265792,-0.046714,0.874974,0.655167,-0.407203
15.304095,1.428504,0.087842,-0.393914,-0.677276,1.393140,1.177138,-0.316569,0.170837,-0.225470,-0.191412,-0.127625,0.585588,0.687620,-0.039853,-2.180149,-0.327792,2.252285,-1.747081,-1.132880,1.424165,0.668994,0.299922,0.116380,-0.267493,-0.047477,0.873580,0.656204,-0.408675
15.305019,1.427512,0.086377,-0.397968,-0.672935,1.392307,1.176909,-0.315521,0.170144,-0.222640,-0.191685,-0.132170,0.587156,0.687176,-0.039851,-2.179853,-0.327677,2.252013,-1.747128,-1.132024,1.424817,0.668584,0.299466,0.115475,-0.269567,-0.046938,0.869053,0.656899,-0.407934
15.305979,1.428348,0.086262,-0.398203,-0.671937,1.391352,1.177463,-0.314495,0.178659,-0.222435,-0.184432,-0.134415,0.588284,0.687505,-0.039829,-2.179554,-0.327560,2.251748,-1.747185,-1.131152,1.425479,0.668167,0.299570,0.116053,-0.267472,-0.050785,0.869333,0.656928,-0.409934
15.307097,1.423799,0.092167,-0.399521,-0.670560,1.396842,1.178671,-0.316548,0.193096,-0.221964,-0.173239,-0.132279,0.588605,0.688424,-0.039759,-2.179254,-0.327444,2.251479,-1.747239,-1.130289,1.426138,0.667755,0.298856,0.115986,-0.267428,-0.051327,0.870103,0.656338,-0.411947
15.308062,1.422734,0.091471,-0.396622,-0.669160,1.394590,1.178204,-0.315795,0.208727,-0.218132,-0.162653,-0.124998,0.587937,0.689604,-0.039620,-2.178950,-0.327336,2.251214,-1.747293,-1.129427,1.426793,0.667358,0.301378,0.113205,-0.267409,-0.052417,0.865780,0.655780,-0.408067
15.309035,1.425502,0.100109,-0.399771,-0.667884,1.394890,1.180673,-0.316830,0.221507,-0.208768,-0.156163,-0.113051,0.586374,0.690719,-0.039416,-2.178650,-0.327221,2.250941,-1.747348,-1.128551,1.427451,0.666947,0.301627,0.113498,-0.268892,-0.053360,0.867809,0.656249,-0.409594
15.310125,1.426755,0.101785,-0.394506,-0.669217,1.396733,1.181685,-0.317099,0.231359,-0.192950,-0.153915,-0.096048,0.584157,0.691711,-0.039150,-2.178356,-0.327120,2.250676,-1.747404,-1.127689,1.428103,0.666542,0.300051,0.109212,-0.267435,-0.054176,0.867419,0.653825,-0.407500
15.311099,1.424310,0.102270,-0.397170,-0.668473,1.395840,1.184332,-0.317294,0.241289,-0.171034,-0.153313,-0.073870,0.581738,0.692713,-0.038830,-2.178054,-0.327013,2.250397,-1.747455,-1.126819,1.428757,0.666137,0.299577,0.108586,-0.270481,-0.052589,0.866453,0.653367,-0.407182
15.311976,1.424462,0.103673,-0.403370,-0.668737,1.391942,1.179762,-0.317576,0.253005,-0.146712,-0.151886,-0.049178,0.579717,0.693821,-0.038476,-2.177752,-0.326905,2.250127,-1.747508,-1.125941,1.429412,0.665730,0.300561,0.108352,-0.269190,-0.052955,0.867144,0.650749,-0.406793
15.313047,1.425690,0.103629,-0.403702,-0.668088,1.392046,1.181721,-0.320075,0.262119,-0.121758,-0.152569,-0.024854,0.578301,0.694728,-0.038112,-2.177456,-0.326797,2.249868,-1.747560,-1.125071,1.430072,0.665328,0.299941,0.107513,-0.265959,-0.052221,0.870082,0.655017,-0.406087
15.314038,1.425179,0.098020,-0.403305,-0.669310,1.390840,1.179442,-0.319990,0.264439,-0.095724,-0.158843,-0.002094,0.577472,0.695104,-0.037763,-2.177156,-0.326691,2.249600,-1.747612,-1.124197,1.430728,0.664935,0.299437,0.107702,-0.266280,-0.052595,0.870636,0.653451,-0.401269
15.315100,1.420629,0.095894,-0.397281,-0.668954,1.383709,1.180211,-0.321180,0.262910,-0.073232,-0.167287,0.017026,0.577554,0.695185,-0.037451,-2.176859,-0.326575,2.249331,-1.747662,-1.123329,1.431391,0.664531,0.299559,0.110458,-0.266629,-0.051059,0.871875,0.655843,-0.401530
15.316000,1.423436,0.092972,-0.397248,-0.669668,1.379717,1.178208,-0.323209,0.261758,-0.061110,-0.172844,0.029511,0.578896,0.695355,-0.037183,-2.176553,-0.326461,2.249056,-1.747715,-1.122428,1.432038,0.664139,0.301844,0.111559,-0.269997,-0.051106,0.879395,0.655505,-0.399338
15.316987,1.426152,0.092999,-0.396187,-0.669622,1.374775,1.181064,-0.322022,0.263992,-0.062484,-0.172327,0.034426,0.581483,0.695901,-0.036951,-2.176254,-0.326345,2.248787,-1.747763,-1.121538,1.432699,0.663749,0.299930,0.112832,-0.269825,-0.050043,0.882361,0.657250,-0.395206
15.317944,1.425338,0.092038,-0.396630,-0.668918,1.374636,1.179858,-0.324063,0.273024,-0.076844,-0.163193,0.033216,0.585054,0.697110,-0.036748,-2.175960,-0.326233,2.248516,-1.747812,-1.120647,1.433338,0.663346,0.298449,0.112773,-0.270489,-0.049822,0.887080,0.654549,-0.397683
15.319116,1.424337,0.095432,-0.397909,-0.667781,1.371197,1.179221,-0.325259,0.289878,-0.101222,-0.145432,0.028047,0.589209,0.699107,-0.036562,-2.175659,-0.326121,2.248245,-1.747863,-1.119754,1.433997,0.662966,0.298569,0.113190,-0.270274,-0.050158,0.886656,0.655756,-0.393619
15.320073,1.423009,0.099427,-0.396984,-0.667312,1.369925,1.181101,-0.326497,0.310586,-0.129967,-0.123579,0.021218,0.593322,0.701660,-0.036372,-2.175357,-0.326012,2.247975,-1.747917,-1.118867,1.434660,0.662574,0.299510,0.111729,-0.270396,-0.051084,0.891583,0.657211,-0.391641
15.320981,1.427175,0.100209,-0.398584,-0.667159,1.373462,1.179035,-0.327360,0.329987,-0.156343,-0.103238,0.015192,0.596702,0.704426,-0.036178,-2.175059,-0.325908,2.247707,-1.747968,-1.117966,1.435311,0.662195,0.299890,0.109755,-0.270921,-0.051180,0.892207,0.655307,-0.389247
15.322059,1.420982,0.103618,-0.388416,-0.666048,1.373071,1.180410,-0.326104,0.347431,-0.177151,-0.085541,0.011295,0.599020,0.707332,-0.035995,-2.174765,-0.325799,2.247438,-1.748019,-1.117076,1.435971,0.661803,0.297394,0.109284,-0.269977,-0.050922,0.887713,0.657169,-0.387481
15.323066,1.420841,0.103748,-0.391457,-0.663656,1.376214,1.181128,-0.328084,0.366094,-0.193573,-0.067573,0.009313,0.600332,0.710534,-0.035852,-2.174461,-0.325692,2.247155,-1.748072,-1.116177,1.436624,0.661411,0.300618,0.107732,-0.275414,-0.051742,0.888643,0.656257,-0.390273
15.324000,1.422704,0.100986,-0.393370,-0.662412,1.379470,1.184665,-0.327508,0.387111,-0.206461,-0.048127,0.009328,0.600614,0.714119,-0.035769,-2.174161,-0.325585,2.246885,-1.748129,-1.115303,1.437282,0.661039,0.300541,0.107737,-0.274022,-0.053699,0.885575,0.655714,-0.386443
15.325042,1.420691,0.100630,-0.390963,-0.660408,1.386141,1.183238,-0.329532,0.409485,-0.216402,-0.027928,0.011495,0.599794,0.718066,-0.035716,-2.173862,-0.325473,2.246609,-1.748183,-1.114429,1.437937,0.660647,0.299236,0.109028,-0.272941,-0.054480,0.881778,0.652032,-0.387640
15.326032,1.418314,0.102451,-0.385896,-0.657051,1.388064,1.183667,-0.328545,0.433738,-0.225828,-0.006125,0.015055,0.598093,0.722435,-0.035674,-2.173561,-0.325363,2.246333,-1.748240,-1.113569,1.438587,0.660268,0.300250,0.109275,-0.274428,-0.056052,0.875649,0.653882,-0.383772
15.327048,1.416513,0.101877,-0.382399,-0.656705,1.393056,1.181883,-0.329469,0.461104,-0.235672,0.018412,0.020251,0.595798,0.727307,-0.035667,-2.173256,-0.325256,2.246050,-1.748304,-1.112696,1.439241,0.659882,0.301205,0.108386,-0.276950,-0.058792,0.873743,0.653557,-0.385918
15.328079,1.414779,0.103199,-0.382443,-0.656196,1.395242,1.183132,-0.330596,0.492202,-0.245584,0.046098,0.027735,0.593180,0.732691,-0.035730,-2.172957,-0.325145,2.245766,-1.748363,-1.111844,1.439895,0.659501,0.302029,0.108707,-0.278753,-0.058598,0.869139,0.655600,-0.384207
15.328939,1.412920,0.099026,-0.377207,-0.655337,1.393929,1.180297,-0.330223,0.525505,-0.256153,0.075996,0.036138,0.590588,0.738416,-0.035839,-2.172653,-0.325040,2.245486,-1.748420,-1.110974,1.440549,0.659125,0.302801,0.108151,-0.278885,-0.058671,0.867341,0.654611,-0.382174
15.329962,1.409309,0.103496,-0.377223,-0.656507,1.392730,1.177904,-0.330106,0.559224,-0.268789,0.107071,0.043598,0.588330,0.744283,-0.035977,-2.172346,-0.324925,2.245197,-1.748477,-1.110099,1.441214,0.658740,0.303014,0.110033,-0.280979,-0.058941,0.867480,0.657006,-0.382843
15.331111,1.412588,0.104230,-0.376814,-0.657451,1.394401,1.178067,-0.328333,0.591587,-0.284046,0.137998,0.048863,0.586575,0.750037,-0.036166,-2.172041,-0.324821,2.244915,-1.748532,-1.109237,1.441870,0.658353,0.304713,0.107870,-0.281065,-0.057356,0.869070,0.659651,-0.383241
15.332067,1.412404,0.102473,-0.369853,-0.656676,1.396500,1.177843,-0.331634,0.619747,-0.300081,0.166142,0.051250,0.585334,0.755287,-0.036406,-2.171740,-0.324713,2.244629,-1.748589,-1.108363,1.442535,0.657963,0.303406,0.107766,-0.281772,-0.056097,0.868746,0.660183,-0.387185
15.332979,1.410333,0.100914,-0.368881,-0.656228,1.393132,1.176208,-0.330484,0.646676,-0.317876,0.194041,0.050741,0.584799,0.760134,-0.036648,-2.171437,-0.324604,2.244335,-1.748646,-1.107505,1.443198,0.657593,0.303167,0.108621,-0.285012,-0.056373,0.866451,0.660328,-0.380598
15.334097,1.414449,0.096702,-0.362467,-0.655668,1.392385,1.176462,-0.330409,0.677054,-0.340263,0.225867,0.047619,0.585151,0.764885,-0.036839,-2.171134,-0.324493,2.244052,-1.748701,-1.106631,1.443857,0.657212,0.303724,0.109284,-0.285184,-0.056316,0.869145,0.661753,-0.382989
15.334999,1.412225,0.094888,-0.364931,-0.653262,1.393802,1.180672,-0.331073,0.713053,-0.369077,0.263516,0.042139,0.586369,0.769649,-0.036978,-2.170834,-0.324376,2.243754,-1.748759,-1.105750,1.444523,0.656829,0.301909,0.111496,-0.288672,-0.056514,0.870914,0.662067,-0.383458
15.336064,1.410785,0.094179,-0.361934,-0.652115,1.390662,1.181720,-0.329750,0.756309,-0.405277,0.308232,0.035047,0.588348,0.774561,-0.037083,-2.170534,-0.324262,2.243470,-1.748821,-1.104890,1.445173,0.656442,0.302555,0.112214,-0.287064,-0.058256,0.868779,0.657596,-0.382075
15.337122,1.409641,0.093896,-0.361367,-0.652305,1.391063,1.180323,-0.329181,0.803114,-0.445601,0.356084,0.027839,0.590669,0.779464,-0.037165,-2.170227,-0.324148,2.243180,-1.748879,-1.104009,1.445832,0.656054,0.303283,0.112622,-0.288744,-0.058951,0.872532,0.656991,-0.384995
15.338046,1.407909,0.097389,-0.357466,-0.649122,1.392710,1.179364,-0.325885,0.848229,-0.486246,0.401941,0.020886,0.592934,0.784006,-0.037250,-2.169919,-0.324036,2.242886,-1.748937,-1.103143,1.446502,0.655666,0.303802,0.112823,-0.289107,-0.058318,0.872730,0.658724,-0.386334
15.338984,1.405646,0.098215,-0.354654,-0.649105,1.391366,1.179720,-0.327091,0.889361,-0.524097,0.443252,0.014614,0.594960,0.787933,-0.037375,-2.169616,-0.323929,2.242593,-1.749003,-1.102273,1.447159,0.655263,0.304232,0.111015,-0.290703,-0.060793,0.870494,0.659510,-0.392911
15.340041,1.407384,0.102251,-0.352864,-0.647416,1.387487,1.178538,-0.325821,0.925703,-0.555609,0.478605,0.010507,0.596637,0.791109,-0.037543,-2.169308,-0.323820,2.242297,-1.749063,-1.101392,1.447823,0.654877,0.304911,0.110556,-0.291767,-0.060181,0.871301,0.658994,-0.390436
15.341066,1.405031,0.106800,-0.359716,-0.648405,1.389020,1.177074,-0.324026,0.957580,-0.579157,0.507975,0.009276,0.597991,0.793470,-0.037719,-2.169005,-0.323713,2.242005,-1.749127,-1.100515,1.448483,0.654475,0.304037,0.108655,-0.292766,-0.061308,0.875747,0.660564,-0.393191
15.341956,1.402219,0.106127,-0.359242,-0.646467,1.387670,1.177125,-0.322568,0.982048,-0.592098,0.528505,0.010905,0.598953,0.794601,-0.037899,-2.168696,-0.323610,2.241719,-1.749183,-1.099641,1.449151,0.654072,0.305065,0.106510,-0.289365,-0.059881,0.874423,0.662212,-0.396894
15.343070,1.400606,0.101560,-0.360479,-0.648040,1.390031,1.178916,-0.321044,0.993145,-0.591964,0.535050,0.014287,0.599397,0.793892,-0.038099,-2.168384,-0.323503,2.241430,-1.749245,-1.098760,1.449817,0.653667,0.305807,0.106767,-0.289204,-0.061157,0.874803,0.661787,-0.399669
15.343958,1.401051,0.104128,-0.362574,-0.646021,1.386342,1.178229,-0.322010,0.990499,-0.583142,0.528535,0.016421,0.599592,0.791342,-0.038295,-2.168077,-0.323388,2.241144,-1.749302,-1.097893,1.450469,0.653261,0.306784,0.109183,-0.288958,-0.059188,0.873555,0.660634,-0.402964
15.345045,1.404825,0.100355,-0.362919,-0.646727,1.387080,1.178541,-0.320899,0.978036,-0.571602,0.513546,0.015041,0.599931,0.787347,-0.038450,-2.167770,-0.323285,2.240861,-1.749365,-1.097011,1.451129,0.652860,0.305924,0.107802,-0.287538,-0.060528,0.876265,0.661007,-0.400862
15.346030,1.401820,0.103084,-0.367629,-0.646810,1.390206,1.179934,-0.321862,0.960804,-0.559775,0.494521,0.010668,0.600573,0.782357,-0.038549,-2.167470,-0.323170,2.240571,-1.749423,-1.096144,1.451797,0.652447,0.304179,0.109796,-0.287611,-0.059386,0.876391,0.661132,-0.403296
15.347137,1.401750,0.101744,-0.373593,-0.644220,1.387810,1.181265,-0.321695,0.941993,-0.549137,0.474288,0.003454,0.601585,0.776745,-0.038597,-2.167162,-0.323067,2.240290,-1.749479,-1.095270,1.452449,0.652053,0.305423,0.108483,-0.285220,-0.058863,0.873157,0.659843,-0.401398
15.347988,1.400641,0.102542,-0.373318,-0.641484,1.387623,1.179071,-0.321659,0.918346,-0.537441,0.449742,-0.006021,0.602645,0.770522,-0.038598,-2.166854,-0.322957,2.240012,-1.749545,-1.094385,1.453108,0.651647,0.305574,0.109324,-0.282682,-0.060876,0.876494,0.659092,-0.401985
15.348984,1.403587,0.104551,-0.376056,-0.641432,1.391247,1.179760,-0.321361,0.888136,-0.521314,0.418506,-0.014843,0.603239,0.763783,-0.038566,-2.166550,-0.322850,2.239734,-1.749612,-1.093520,1.453766,0.651243,0.305423,0.108759,-0.282413,-0.062783,0.875470,0.660844,-0.401861
15.350075,1.404954,0.107704,-0.378815,-0.637910,1.389504,1.182839,-0.322565,0.855157,-0.500540,0.383474,-0.020883,0.603217,0.756861,-0.038503,-2.166248,-0.322744,2.239455,-1.749670,-1.092647,1.454427,0.650845,0.303747,0.107814,-0.281083,-0.062305,0.871847,0.660241,-0.402535
15.351050,1.408425,0.111639,-0.383594,-0.638998,1.392321,1.182274,-0.325043,0.823160,-0.475018,0.347731,-0.022715,0.602514,0.750076,-0.038404,-2.165945,-0.322641,2.239174,-1.749740,-1.091768,1.455089,0.650448,0.303205,0.106449,-0.280067,-0.065176,0.874454,0.657631,-0.400336
15.352000,1.409751,0.112130,-0.382266,-0.637525,1.392391,1.180253,-0.324483,0.793145,-0.443557,0.311906,-0.019141,0.600972,0.743580,-0.038288,-2.165650,-0.322542,2.238903,-1.749801,-1.090906,1.455745,0.650058,0.301287,0.104591,-0.277735,-0.063472,0.871538,0.658279,-0.395428
15.352950,1.414193,0.114575,-0.389035,-0.636074,1.395850,1.177046,-0.324992,0.765858,-0.407292,0.277000,-0.011254,0.598719,0.737393,-0.038184,-2.165349,-0.322437,2.238620,-1.749867,-1.090032,1.456411,0.649663,0.300309,0.104375,-0.278288,-0.064236,0.871107,0.660205,-0.396617
15.354068,1.413228,0.116942,-0.389033,-0.633919,1.393569,1.179795,-0.325676,0.742852,-0.368644,0.244792,-0.000388,0.596022,0.731533,-0.038111,-2.165059,-0.322336,2.238356,-1.749933,-1.089180,1.457075,0.649271,0.297878,0.103193,-0.274937,-0.064952,0.867446,0.663330,-0.395601
15.355069,1.416508,0.120999,-0.389877,-0.632522,1.396662,1.177161,-0.325704,0.723501,-0.327605,0.214660,0.013775,0.592959,0.725971,-0.038085,-2.164760,-0.322237,2.238079,-1.750003,-1.088285,1.457733,0.648882,0.298664,0.102316,-0.275472,-0.066438,0.870663,0.661150,-0.394546
15.355984,1.415834,0.123947,-0.391213,-0.632348,1.394407,1.173521,-0.325449,0.707127,-0.283716,0.185991,0.031797,0.589673,0.720752,-0.038118,-2.164466,-0.322141,2.237802,-1.750073,-1.087432,1.458406,0.648485,0.296927,0.100465,-0.275140,-0.067060,0.867790,0.663894,-0.394591
15.357078,1.413269,0.124894,-0.394980,-0.632519,1.394590,1.173084,-0.325980,0.693521,-0.237244,0.158845,0.053192,0.586489,0.715858,-0.038193,-2.164171,-0.322045,2.237531,-1.750137,-1.086566,1.459071,0.648093,0.296897,0.099064,-0.274335,-0.066501,0.869471,0.667290,-0.395064
15.358065,1.414281,0.129005,-0.401047,-0.632036,1.392447,1.171375,-0.325741,0.678588,-0.188683,0.130377,0.075543,0.583701,0.710991,-0.038286,-2.163870,-0.321945,2.237259,-1.750202,-1.085691,1.459740,0.647697,0.298372,0.098859,-0.272924,-0.065778,0.870154,0.668166,-0.394237
15.358957,1.418003,0.128140,-0.398845,-0.633884,1.386734,1.168149,-0.325451,0.656325,-0.137841,0.096059,0.096549,0.581409,0.705796,-0.038400,-2.163578,-0.321850,2.236992,-1.750270,-1.084812,1.460403,0.647297,0.297748,0.096961,-0.270034,-0.065521,0.872190,0.669941,-0.394781
15.360064,1.419426,0.124004,-0.405779,-0.633289,1.390883,1.168541,-0.324807,0.627132,-0.086308,0.056684,0.115046,0.579802,0.700306,-0.038543,-2.163285,-0.321751,2.236721,-1.750330,-1.083935,1.461084,0.646907,0.295437,0.097420,-0.270977,-0.063012,0.877006,0.672743,-0.395295
15.361052,1.424396,0.123412,-0.405956,-0.633158,1.379643,1.168085,-0.324448,0.596913,-0.040199,0.018406,0.129021,0.579250,0.694911,-0.038710,-2.162989,-0.321645,2.236459,-1.750393,-1.083059,1.461763,0.646506,0.295019,0.099718,-0.268105,-0.063112,0.873755,0.672777,-0.396840
15.361949,1.425189,0.122514,-0.409319,-0.631693,1.377924,1.166126,-0.324921,0.569931,-0.004376,-0.014318,0.137473,0.579790,0.689988,-0.038882,-2.162704,-0.321543,2.236194,-1.750456,-1.082164,1.462436,0.646104,0.292511,0.100088,-0.268245,-0.062629,0.884878,0.673243,-0.397600
15.363066,1.426133,0.121092,-0.409762,-0.629977,1.380236,1.164733,-0.324673,0.548626,0.021082,-0.039760,0.142049,0.581024,0.685791,-0.039030,-2.162413,-0.321444,2.235932,-1.750520,-1.081277,1.463116,0.645713,0.291728,0.100537,-0.266459,-0.063376,0.885495,0.674798,-0.396570
15.363997,1.427999,0.120996,-0.409682,-0.630223,1.377605,1.164011,-0.326001,0.533365,0.037963,-0.058215,0.144450,0.582482,0.682365,-0.039150,-2.162120,-0.321341,2.235661,-1.750588,-1.080395,1.463803,0.645311,0.291613,0.101518,-0.266827,-0.064478,0.884171,0.676643,-0.397346
15.364993,1.429806,0.120485,-0.418316,-0.628496,1.376857,1.165630,-0.325819,0.524021,0.047009,-0.069943,0.144988,0.583866,0.679709,-0.039241,-2.161835,-0.321241,2.235396,-1.750650,-1.079506,1.464477,0.644927,0.290459,0.101593,-0.266860,-0.063565,0.886132,0.677117,-0.394678
15.366116,1.425926,0.121647,-0.416091,-0.627566,1.383304,1.164926,-0.327647,0.513856,0.049578,-0.082307,0.141388,0.585023,0.676171,-0.039293,-2.161254,-0.321038,2.234876,-1.750783,-1.077744,1.465826,0.644140,0.291880,0.101657,-0.264665,-0.064960,0.881365,0.676786,-0.391777
15.367103,1.426341,0.124545,-0.420003,-0.624411,1.384281,1.163889,-0.325724,0.513856,0.049578,-0.082307,0.141388,0.585023,0.676171,-0.039293,-2.161254,-0.321038,2.234876,-1.750783,-1.077744,1.465826,0.644140,0.291880,0.101657,-0.264665,-0.064960,0.881365,0.676786,-0.391777
15.367997,1.420039,0.128755,-0.417748,-0.622072,1.381673,1.168354,-0.326511,0.505347,0.049804,-0.090495,0.138762,0.584203,0.674803,-0.039294,-2.160962,-0.320941,2.234619,-1.750856,-1.076859,1.466507,0.643733,0.291558,0.100344,-0.262967,-0.067260,0.880259,0.677767,-0.395719
15.369058,1.421242,0.130047,-0.420097,-0.622192,1.387246,1.171709,-0.328310,0.491796,0.054784,-0.103380,0.138494,0.582178,0.673565,-0.039303,-2.160662,-0.320846,2.234350,-1.750928,-1.075981,1.467179,0.643345,0.294220,0.098286,-0.263943,-0.068675,0.881978,0.672871,-0.394035
15.370117,1.418527,0.133717,-0.423536,-0.620943,1.389800,1.174090,-0.327689,0.472473,0.066424,-0.121775,0.141565,0.578977,0.672519,-0.039306,-2.160371,-0.320749,2.234091,-1.750993,-1.075112,1.467836,0.642961,0.293771,0.097906,-0.263267,-0.067924,0.876979,0.669933,-0.390659
15.371075,1.413247,0.130561,-0.426127,-0.621539,1.391925,1.171315,-0.327316,0.447732,0.083183,-0.144748,0.146354,0.574967,0.671717,-0.039315,-2.160071,-0.320655,2.233831,-1.751063,-1.074231,1.468507,0.642565,0.295202,0.096355,-0.262038,-0.068460,0.874960,0.667871,-0.392139
15.371979,1.415544,0.128213,-0.428915,-0.619281,1.394986,1.173918,-0.327886,0.415287,0.103244,-0.173539,0.150228,0.570494,0.670944,-0.039374,-2.159772,-0.320553,2.233572,-1.751129,-1.073372,1.469181,0.642163,0.297576,0.098018,-0.260913,-0.067149,0.872659,0.670566,-0.392872
15.373066,1.415238,0.126492,-0.430301,-0.617431,1.393422,1.173713,-0.328837,0.375087,0.122709,-0.207300,0.150642,0.565981,0.670160,-0.039478,-2.159479,-0.320453,2.233316,-1.751197,-1.072511,1.469851,0.641780,0.295998,0.099187,-0.259531,-0.068599,0.868920,0.667587,-0.391693
15.374047,1.414197,0.127541,-0.433008,-0.618123,1.399459,1.171970,-0.328737,0.333057,0.137528,-0.240663,0.147985,0.561835,0.669794,-0.039597,-2.159178,-0.320352,2.233055,-1.751269,-1.071630,1.470523,0.641394,0.296312,0.100285,-0.259430,-0.069697,0.871291,0.668237,-0.390061
15.374940,1.409140,0.125351,-0.425400,-0.616665,1.396396,1.170531,-0.328676,0.292829,0.146661,-0.270727,0.143171,0.558284,0.670021,-0.039723,-2.158884,-0.320253,2.232800,-1.751337,-1.070784,1.471190,0.641008,0.296694,0.099864,-0.258359,-0.068236,0.865333,0.670007,-0.390379
15.375981,1.410972,0.121250,-0.426528,-0.614533,1.398003,1.172385,-0.330481,0.255204,0.149585,-0.296704,0.135394,0.555543,0.670769,-0.039863,-2.158581,-0.320149,2.232531,-1.751407,-1.069916,1.471866,0.640605,0.298684,0.100919,-0.262036,-0.068840,0.867656,0.671037,-0.390383
15.376957,1.413646,0.117551,-0.431331,-0.613362,1.399000,1.170366,-0.330402,0.224003,0.144118,-0.315133,0.124788,0.553811,0.672305,-0.040001,-2.158288,-0.320043,2.232266,-1.751482,-1.069057,1.472534,0.640230,0.297825,0.103098,-0.261802,-0.070140,0.866574,0.669403,-0.386980
15.377972,1.409497,0.120117,-0.428060,-0.614191,1.393616,1.170123,-0.331220,0.202559,0.128684,-0.323296,0.112409,0.553118,0.674844,-0.040126,-2.157993,-0.319936,2.232013,-1.751552,-1.068187,1.473200,0.639846,0.296310,0.104966,-0.259683,-0.070495,0.865454,0.671456,-0.387273
15.379022,1.410895,0.118664,-0.432080,-0.612331,1.396944,1.174686,-0.331636,0.189121,0.105086,-0.323155,0.098616,0.553288,0.678115,-0.040247,-2.157689,-0.319833,2.231750,-1.751618,-1.067305,1.473874,0.639463,0.298274,0.103771,-0.261663,-0.068969,0.871014,0.671789,-0.385784
15.379985,1.410467,0.120356,-0.428427,-0.613173,1.395854,1.176329,-0.331573,0.179982,0.077136,-0.318480,0.083831,0.554024,0.681779,-0.040385,-2.157397,-0.319726,2.231494,-1.751693,-1.066450,1.474532,0.639076,0.297680,0.104631,-0.260135,-0.070023,0.868281,0.667530,-0.385169
15.380968,1.407979,0.119351,-0.425945,-0.613323,1.393379,1.177168,-0.330819,0.174543,0.047088,-0.310196,0.068888,0.555176,0.685807,-0.040553,-2.157097,-0.319624,2.231225,-1.751758,-1.065575,1.475196,0.638693,0.297623,0.103826,-0.262064,-0.068458,0.869127,0.665870,-0.385388
15.382102,1.406651,0.122448,-0.425595,-0.612757,1.392210,1.176422,-0.331807,0.174104,0.014850,-0.297165,0.053469,0.556765,0.690233,-0.040742,-2.156793,-0.319516,2.230956,-1.751828,-1.064710,1.475868,0.638306,0.298627,0.104357,-0.263426,-0.067514,0.871609,0.665027,-0.387002
15.382998,1.400641,0.119002,-0.421871,-0.612020,1.393059,1.180943,-0.331680,0.177514,-0.018619,-0.280480,0.037183,0.558655,0.694874,-0.040946,-2.156493,-0.319414,2.230690,-1.751895,-1.063828,1.476534,0.637925,0.299616,0.103086,-0.264277,-0.067501,0.873923,0.666439,-0.385370
15.383991,1.404695,0.119976,-0.426628,-0.609216,1.392420,1.178775,-0.331000,0.182110,-0.051594,-0.262659,0.020258,0.560652,0.699542,-0.041157,-2.156186,-0.319306,2.230419,-1.751962,-1.062952,1.477193,0.637540,0.302043,0.104737,-0.265952,-0.067436,0.872163,0.661568,-0.385603
15.385120,1.398385,0.118995,-0.425898,-0.607813,1.391321,1.177855,-0.330815,0.191384,-0.111563,-0.228145,-0.011122,0.564600,0.708880,-0.041572,-2.155581,-0.319097,2.229893,-1.752108,-1.061200,1.478522,0.636763,0.303253,0.105052,-0.264873,-0.070072,0.875066,0.665425,-0.387780
15.386086,1.395943,0.121610,-0.421259,-0.607386,1.390256,1.174677,-0.329090,0.191384,-0.111563,-0.228145,-0.011122,0.564600,0.708880,-0.041572,-2.155581,-0.319097,2.229893,-1.752108,-1.061200,1.478522,0.636763,0.303253,0.105052,-0.264873,-0.070072,0.875066,0.665425,-0.387780
15.386950,1.392147,0.121998,-0.422227,-0.604989,1.387707,1.176072,-0.328077,0.192798,-0.134745,-0.215331,-0.023488,0.566403,0.713231,-0.041795,-2.155272,-0.318994,2.229619,-1.752178,-1.060317,1.479203,0.636366,0.304075,0.103774,-0.267219,-0.069687,0.875789,0.668487,-0.391287
15.387994,1.391620,0.123952,-0.420344,-0.606483,1.388562,1.172217,-0.329163,0.190961,-0.152220,-0.206517,-0.033705,0.568215,0.717246,-0.042001,-2.154968,-0.318892,2.229356,-1.752251,-1.059443,1.479858,0.635967,0.305317,0.103525,-0.266496,-0.071115,0.877198,0.666646,-0.393149
15.389063,1.394949,0.125486,-0.418243,-0.604920,1.387497,1.168764,-0.326811,0.186097,-0.163764,-0.201492,-0.041892,0.570124,0.720883,-0.042164,-2.154660,-0.318791,2.229082,-1.752315,-1.058560,1.480536,0.635579,0.305485,0.102722,-0.267728,-0.069005,0.876670,0.670759,-0.391132
15.389980,1.390608,0.124132,-0.421231,-0.604920,1.385479,1.171205,-0.324392,0.181280,-0.171325,-0.197353,-0.048866,0.572333,0.724192,-0.042303,-2.154360,-0.318686,2.228806,-1.752386,-1.057689,1.481221,0.635172,0.303886,0.102120,-0.269127,-0.069856,0.878448,0.674474,-0.396064
15.391121,1.390993,0.120980,-0.418648,-0.605487,1.389701,1.169418,-0.324448,0.179177,-0.176760,-0.191658,-0.054914,0.574865,0.727290,-0.042470,-2.154051,-0.318582,2.228545,-1.752453,-1.056800,1.481884,0.634767,0.305560,0.102787,-0.267607,-0.069057,0.879631,0.671744,-0.400817
15.392007,1.395069,0.115943,-0.418255,-0.603487,1.384443,1.168345,-0.324015,0.178585,-0.182640,-0.184775,-0.061877,0.577621,0.730178,-0.042669,-2.153744,-0.318474,2.228270,-1.752519,-1.055918,1.482563,0.634359,0.305608,0.104600,-0.269526,-0.067949,0.876585,0.674177,-0.400939
15.393005,1.391555,0.112878,-0.414385,-0.602199,1.389239,1.168946,-0.321928,0.182885,-0.194235,-0.172902,-0.071553,0.580684,0.733124,-0.042849,-2.153447,-0.318363,2.228002,-1.752589,-1.055041,1.483231,0.633953,0.303043,0.106972,-0.269512,-0.069079,0.880928,0.674847,-0.401668
15.394010,1.394707,0.114709,-0.415469,-0.599466,1.391975,1.174667,-0.321129,0.197424,-0.215133,-0.151239,-0.083315,0.584020,0.736516,-0.042985,-2.153139,-0.318253,2.227725,-1.752659,-1.054169,1.483908,0.633542,0.304587,0.108518,-0.271549,-0.069574,0.876099,0.674258,-0.405905
15.395092,1.396670,0.117175,-0.416918,-0.598159,1.391334,1.173634,-0.320958,0.222672,-0.243638,-0.119912,-0.095047,0.587373,0.740484,-0.043096,-2.152835,-0.318147,2.227451,-1.752734,-1.053306,1.484578,0.633127,0.302810,0.107641,-0.271137,-0.071436,0.873593,0.668574,-0.407498
15.396025,1.394445,0.116103,-0.415349,-0.596979,1.392071,1.174434,-0.320243,0.256541,-0.273970,-0.082025,-0.103312,0.590362,0.744959,-0.043189,-2.152539,-0.318044,2.227183,-1.752805,-1.052429,1.485243,0.632723,0.302012,0.106612,-0.270885,-0.071995,0.875013,0.670115,-0.408023
15.397017,1.390696,0.118379,-0.419275,-0.594140,1.393696,1.175238,-0.320725,0.295415,-0.301701,-0.041591,-0.106574,0.592702,0.749626,-0.043243,-2.152232,-0.317935,2.226908,-1.752879,-1.051553,1.485913,0.632311,0.302683,0.107101,-0.271565,-0.072247,0.873692,0.669088,-0.409373
15.397943,1.389498,0.120618,-0.414159,-0.592578,1.391521,1.179286,-0.320076,0.365316,-0.338438,0.026394,-0.099494,0.594769,0.757799,-0.043242,-2.151621,-0.317729,2.226366,-1.753030,-1.049806,1.487232,0.631491,0.304448,0.104917,-0.272223,-0.074752,0.873657,0.664132,-0.409635
15.399075,1.390915,0.125163,-0.415231,-0.591157,1.396480,1.175076,-0.319765,0.365316,-0.338438,0.026394,-0.099494,0.594769,0.757799,-0.043242,-2.151621,-0.317729,2.226366,-1.753030,-1.049806,1.487232,0.631491,0.304448,0.104917,-0.272223,-0.074752,0.873657,0.664132,-0.409635
15.400018,1.391694,0.124203,-0.412251,-0.589335,1.394351,1.176773,-0.319979,0.393016,-0.343835,0.050682,-0.088360,0.594620,0.761054,-0.043200,-2.151316,-0.317629,2.226090,-1.753109,-1.048948,1.487910,0.631077,0.303989,0.102944,-0.272226,-0.075310,0.870027,0.669000,-0.410492
15.401029,1.386301,0.123801,-0.413825,-0.590691,1.397117,1.178365,-0.320388,0.419642,-0.342093,0.071939,-0.072677,0.594213,0.763800,-0.043128,-2.151015,-0.317526,2.225816,-1.753188,-1.048074,1.488566,0.630671,0.303234,0.103476,-0.273658,-0.076080,0.871760,0.667154,-0.410006
15.402079,1.384179,0.126318,-0.417090,-0.587404,1.396618,1.180474,-0.319194,0.445225,-0.336725,0.091171,-0.055361,0.594020,0.765916,-0.043032,-2.150703,-0.317422,2.225543,-1.753258,-1.047200,1.489236,0.630265,0.305723,0.103770,-0.273026,-0.073949,0.869095,0.665685,-0.409255
15.403076,1.383247,0.126079,-0.419564,-0.587413,1.392532,1.181410,-0.321506,0.464459,-0.328523,0.104564,-0.039335,0.594242,0.767005,-0.042936,-2.150396,-0.317321,2.225275,-1.753338,-1.046317,1.489887,0.629845,0.306711,0.102683,-0.271765,-0.076297,0.870029,0.663963,-0.411752
15.403990,1.380724,0.123382,-0.415030,-0.586720,1.388791,1.184160,-0.319317,0.473113,-0.299078,0.103921,-0.011454,0.595804,0.765385,-0.042825,-2.149776,-0.317113,2.224727,-1.753486,-1.044558,1.491216,0.629027,0.307600,0.104230,-0.272772,-0.075134,0.877093,0.660106,-0.411450
15.405162,1.382505,0.119292,-0.417066,-0.586304,1.391209,1.187277,-0.318941,0.473113,-0.299078,0.103921,-0.011454,0.595804,0.765385,-0.042825,-2.149776,-0.317113,2.224727,-1.753486,-1.044558,1.491216,0.629027,0.307600,0.104230,-0.272772,-0.075134,0.877093,0.660106,-0.411450
15.405991,1.374973,0.117136,-0.412954,-0.583536,1.380671,1.185609,-0.318759,0.469557,-0.281616,0.095290,0.001528,0.600378,0.761376,-0.042860,-2.149159,-0.316894,2.224178,-1.753641,-1.042783,1.492530,0.628203,0.310004,0.107392,-0.274052,-0.076420,0.885112,0.658997,-0.412575
15.406954,1.377638,0.117702,-0.414958,-0.582943,1.378992,1.185032,-0.318855,0.469557,-0.281616,0.095290,0.001528,0.600378,0.761376,-0.042860,-2.149159,-0.316894,2.224178,-1.753641,-1.042783,1.492530,0.628203,0.310004,0.107392,-0.274052,-0.076420,0.885112,0.658997,-0.412575
15.407995,1.381733,0.117536,-0.416400,-0.580802,1.380797,1.183397,-0.319939,0.467433,-0.284792,0.090917,0.000731,0.606710,0.756827,-0.042982,-2.148554,-0.316681,2.223635,-1.753798,-1.041012,1.493860,0.627391,0.306236,0.107301,-0.272641,-0.077181,0.884793,0.661438,-0.410302
15.409097,1.383415,0.119568,-0.416211,-0.580250,1.376428,1.186729,-0.320373,0.467433,-0.284792,0.090917,0.000731,0.606710,0.756827,-0.042982,-2.148554,-0.316681,2.223635,-1.753798,-1.041012,1.493860,0.627391,0.306236,0.107301,-0.272641,-0.077181,0.884793,0.661438,-0.410302
15.409974,1.379953,0.121710,-0.409732,-0.579149,1.376253,1.182867,-0.320209,0.482388,-0.294296,0.099455,-0.000649,0.612573,0.752708,-0.043052,-2.147942,-0.316474,2.223080,-1.753950,-1.039221,1.495175,0.626567,0.306651,0.105358,-0.276108,-0.076982,0.888835,0.662189,-0.409799
15.410968,1.385190,0.124097,-0.415001,-0.577249,1.378923,1.183465,-0.320377,0.498081,-0.298003,0.109514,0.000091,0.614755,0.750886,-0.043040,-2.147644,-0.316372,2.222812,-1.754028,-1.038340,1.495835,0.626166,0.303859,0.104265,-0.273604,-0.077908,0.886079,0.661660,-0.409522
15.412020,1.382117,0.125804,-0.409819,-0.574011,1.379983,1.185403,-0.322445,0.498081,-0.298003,0.109514,0.000091,0.614755,0.750886,-0.043040,-2.147644,-0.316372,2.222812,-1.754028,-1.038340,1.495835,0.626166,0.303859,0.104265,-0.273604,-0.077908,0.886079,0.661660,-0.409522
15.413076,1.384539,0.130147,-0.413533,-0.571413,1.386666,1.188277,-0.323322,0.518380,-0.298422,0.122163,0.003323,0.616113,0.749186,-0.042972,-2.147332,-0.316267,2.222527,-1.754114,-1.037456,1.496497,0.625766,0.305329,0.103565,-0.276417,-0.080055,0.885453,0.660045,-0.405508
15.413994,1.378552,0.129136,-0.411258,-0.568997,1.387303,1.186045,-0.322779,0.567223,-0.282732,0.149214,0.022433,0.615647,0.746510,-0.042721,-2.146720,-0.316065,2.221977,-1.754282,-1.035704,1.497803,0.624960,0.306586,0.102118,-0.275822,-0.082799,0.877957,0.659674,-0.404969
15.415077,1.379655,0.128955,-0.412414,-0.567241,1.392829,1.187045,-0.325164,0.567223,-0.282732,0.149214,0.022433,0.615647,0.746510,-0.042721,-2.146720,-0.316065,2.221977,-1.754282,-1.035704,1.497803,0.624960,0.306586,0.102118,-0.275822,-0.082799,0.877957,0.659674,-0.404969
15.416036,1.381251,0.126233,-0.417399,-0.565271,1.398218,1.191219,-0.325677,0.609919,-0.250811,0.167185,0.050463,0.611549,0.744288,-0.042416,-2.146114,-0.315852,2.221436,-1.754452,-1.033980,1.499108,0.624174,0.304991,0.103747,-0.273200,-0.084282,0.867714,0.654965,-0.399425
15.417087,1.375744,0.128198,-0.411049,-0.560979,1.397921,1.189913,-0.325217,0.609919,-0.250811,0.167185,0.050463,0.611549,0.744288,-0.042416,-2.146114,-0.315852,2.221436,-1.754452,-1.033980,1.499108,0.624174,0.304991,0.103747,-0.273200,-0.084282,0.867714,0.654965,-0.399425
15.417970,1.376315,0.131191,-0.412072,-0.560161,1.397588,1.187548,-0.324865,0.629211,-0.235175,0.174674,0.064785,0.608921,0.743700,-0.042279,-2.145798,-0.315751,2.221151,-1.754543,-1.033109,1.499770,0.623770,0.307619,0.102937,-0.276605,-0.087360,0.868608,0.656655,-0.400513
15.418942,1.380630,0.130243,-0.410755,-0.559398,1.398988,1.186441,-0.325026,0.647517,-0.218850,0.181223,0.080701,0.606110,0.743575,-0.042201,-2.145496,-0.315655,2.220878,-1.754627,-1.032249,1.500430,0.623373,0.306725,0.101462,-0.275783,-0.086934,0.868084,0.658676,-0.401096
15.420073,1.383575,0.128822,-0.414163,-0.559255,1.399769,1.187708,-0.325466,0.666477,-0.202014,0.188263,0.098086,0.603411,0.743857,-0.042189,-2.145196,-0.315553,2.220596,-1.754710,-1.031378,1.501099,0.622975,0.304320,0.102025,-0.276400,-0.086580,0.866514,0.659737,-0.400804
15.420999,1.387569,0.128836,-0.412095,-0.557902,1.397228,1.184582,-0.324884,0.689519,-0.188579,0.199509,0.114920,0.601258,0.744630,-0.042219,-2.144895,-0.315448,2.220320,-1.754796,-1.030521,1.501764,0.622573,0.303152,0.102984,-0.275228,-0.085682,0.867129,0.659089,-0.400204
15.421967,1.383281,0.126744,-0.406394,-0.554189,1.398367,1.180586,-0.325408,0.755193,-0.181619,0.242502,0.143013,0.599262,0.747760,-0.042342,-2.144292,-0.315240,2.219760,-1.754976,-1.028773,1.503100,0.621775,0.302638,0.104057,-0.278898,-0.088157,0.867676,0.665992,-0.400292
15.422975,1.383235,0.124344,-0.410143,-0.551275,1.395593,1.180734,-0.324825,0.755193,-0.181619,0.242502,0.143013,0.599262,0.747760,-0.042342,-2.144292,-0.315240,2.219760,-1.754976,-1.028773,1.503100,0.621775,0.302638,0.104057,-0.278898,-0.088157,0.867676,0.665992,-0.400292
15.423997,1.385239,0.124918,-0.405213,-0.550566,1.394715,1.182000,-0.325762,0.796633,-0.187199,0.272826,0.155784,0.599197,0.749894,-0.042394,-2.143992,-0.315133,2.219489,-1.755069,-1.027908,1.503765,0.621368,0.302527,0.105317,-0.277167,-0.089739,0.870714,0.665937,-0.401542
15.424993,1.380051,0.126626,-0.408164,-0.550909,1.396965,1.178820,-0.326305,0.840270,-0.196970,0.305662,0.168436,0.599407,0.752136,-0.042400,-2.143688,-0.315029,2.219201,-1.755158,-1.027031,1.504427,0.620974,0.301394,0.105135,-0.279711,-0.089214,0.871786,0.664865,-0.399775
15.426061,1.379809,0.130137,-0.409221,-0.549784,1.395411,1.180566,-0.326420,0.919031,-0.221687,0.366006,0.187966,0.600119,0.755492,-0.042240,-2.143078,-0.314827,2.218647,-1.755330,-1.025281,1.505760,0.620180,0.303930,0.102845,-0.278078,-0.087745,0.871743,0.666746,-0.398751
15.427096,1.381154,0.130633,-0.409645,-0.547288,1.395524,1.185448,-0.326310,0.919031,-0.221687,0.366006,0.187966,0.600119,0.755492,-0.042240,-2.143078,-0.314827,2.218647,-1.755330,-1.025281,1.505760,0.620180,0.303930,0.102845,-0.278078,-0.087745,0.871743,0.666746,-0.398751
15.428004,1.377363,0.133117,-0.406000,-0.543333,1.394943,1.187093,-0.326858,0.944652,-0.229465,0.384629,0.194534,0.600055,0.755946,-0.042139,-2.142777,-0.314723,2.218366,-1.755422,-1.024412,1.506419,0.619779,0.303213,0.102740,-0.278039,-0.088991,0.872026,0.662109,-0.399103
15.429063,1.378979,0.136727,-0.403231,-0.541754,1.396165,1.185805,-0.327671,0.964223,-0.232451,0.397515,0.202169,0.599536,0.756132,-0.042060,-2.142472,-0.314623,2.218085,-1.755519,-1.023536,1.507066,0.619379,0.304611,0.101503,-0.279602,-0.091444,0.871825,0.660330,-0.397913
15.429974,1.377400,0.134250,-0.407681,-0.540623,1.397949,1.182604,-0.326984,0.981200,-0.230345,0.407320,0.212802,0.598612,0.756480,-0.042007,-2.142168,-0.314527,2.217799,-1.755611,-1.022669,1.507746,0.618990,0.303796,0.099949,-0.281173,-0.091739,0.871240,0.661902,-0.396500
15.430970,1.376488,0.137040,-0.408245,-0.541260,1.392086,1.184833,-0.327115,0.996259,-0.224323,0.414945,0.225342,0.597491,0.757006,-0.041985,-2.141862,-0.314424,2.217523,-1.755702,-1.021813,1.508415,0.618589,0.304072,0.101199,-0.278708,-0.091501,0.868887,0.664826,-0.397822
15.432027,1.380753,0.139442,-0.408868,-0.538271,1.396230,1.183178,-0.328440,1.006050,-0.216326,0.418274,0.236429,0.596369,0.757380,-0.042025,-2.141560,-0.314328,2.217246,-1.755787,-1.020925,1.509072,0.618189,0.304343,0.099951,-0.278530,-0.089709,0.874711,0.662685,-0.397613
15.433042,1.380614,0.143454,-0.408231,-0.540569,1.395360,1.181307,-0.327649,1.010031,-0.206905,0.416970,0.245087,0.595408,0.757514,-0.042139,-2.141260,-0.314231,2.216968,-1.755881,-1.020052,1.509740,0.617803,0.302234,0.099001,-0.278488,-0.091437,0.871031,0.664694,-0.395168
15.434009,1.377241,0.144891,-0.413719,-0.538621,1.389328,1.180325,-0.328115,1.011558,-0.196375,0.413740,0.251853,0.594871,0.757494,-0.042310,-2.140962,-0.314135,2.216694,-1.755965,-1.019179,1.510404,0.617405,0.302252,0.097187,-0.278993,-0.087988,0.872148,0.666732,-0.396894
15.435079,1.381139,0.144873,-0.413133,-0.536828,1.393542,1.182008,-0.325193,1.008178,-0.183991,0.406533,0.255762,0.594747,0.756983,-0.042547,-2.140656,-0.314039,2.216421,-1.756054,-1.018294,1.511077,0.617013,0.303622,0.096621,-0.276250,-0.088711,0.877874,0.667624,-0.395988
15.436002,1.375271,0.147903,-0.411109,-0.534955,1.393450,1.179580,-0.325563,0.997031,-0.168993,0.392747,0.257018,0.594756,0.755787,-0.042868,-2.140356,-0.313942,2.216141,-1.756143,-1.017417,1.511744,0.616601,0.301745,0.096905,-0.276869,-0.089341,0.874201,0.666291,-0.402047
15.437006,1.381085,0.143129,-0.422065,-0.533378,1.390918,1.177913,-0.325561,0.981112,-0.152676,0.374859,0.256997,0.594845,0.754214,-0.043239,-2.140050,-0.313849,2.215864,-1.756233,-1.016548,1.512406,0.616209,0.304239,0.095488,-0.277700,-0.089884,0.873749,0.668554,-0.401214
15.438104,1.378787,0.145746,-0.414229,-0.533509,1.392458,1.180725,-0.324736,0.960882,-0.136070,0.353327,0.255945,0.594909,0.752332,-0.043598,-2.139754,-0.313746,2.215597,-1.756323,-1.015668,1.513078,0.615805,0.301194,0.098018,-0.272395,-0.090204,0.876339,0.670295,-0.401290
15.439104,1.375262,0.149110,-0.416035,-0.530072,1.396874,1.180100,-0.323276,0.937305,-0.121662,0.329382,0.253090,0.594870,0.750264,-0.043933,-2.139452,-0.313651,2.215313,-1.756410,-1.014800,1.513749,0.615395,0.302560,0.096996,-0.276746,-0.088963,0.875748,0.667910,-0.403158
15.440026,1.377087,0.148911,-0.419311,-0.530595,1.392920,1.180443,-0.321768,0.913277,-0.110610,0.305757,0.248715,0.594728,0.748358,-0.044260,-2.139144,-0.313560,2.215038,-1.756506,-1.013934,1.514411,0.614985,0.304077,0.095552,-0.275905,-0.091033,0.871415,0.668684,-0.406118
15.440982,1.378499,0.150172,-0.416626,-0.530766,1.391783,1.181831,-0.321588,0.887553,-0.100416,0.281059,0.244157,0.594221,0.746604,-0.044595,-2.138843,-0.313462,2.214768,-1.756591,-1.013045,1.515083,0.614568,0.302706,0.095723,-0.274179,-0.089265,0.874673,0.668065,-0.409011
15.442095,1.385198,0.154692,-0.423046,-0.529517,1.394768,1.186372,-0.318762,0.860757,-0.091802,0.256089,0.239072,0.593298,0.745026,-0.044935,-2.138548,-0.313368,2.214495,-1.756678,-1.012177,1.515745,0.614153,0.301763,0.095234,-0.275536,-0.087886,0.875509,0.666610,-0.409285
15.443080,1.384794,0.159628,-0.424628,-0.528303,1.397311,1.182115,-0.319402,0.837101,-0.086291,0.234679,0.233748,0.592117,0.743971,-0.045263,-2.138252,-0.313279,2.214227,-1.756766,-1.011306,1.516407,0.613733,0.298697,0.093374,-0.272863,-0.088030,0.873565,0.662625,-0.415172
15.443972,1.379487,0.168643,-0.427692,-0.526939,1.398838,1.180183,-0.319583,0.817126,-0.080662,0.216434,0.230570,0.590607,0.743520,-0.045579,-2.137949,-0.313193,2.213952,-1.756857,-1.010444,1.517086,0.613317,0.298691,0.091183,-0.272165,-0.087953,0.871061,0.666918,-0.413808
15.445074,1.381599,0.169700,-0.425935,-0.526921,1.394308,1.177240,-0.319842,0.794477,-0.068291,0.194717,0.231337,0.588511,0.743131,-0.045875,-2.137647,-0.313113,2.213688,-1.756943,-1.009574,1.517758,0.612908,0.300824,0.086887,-0.270501,-0.088055,0.868680,0.668441,-0.413310
15.446064,1.378183,0.171329,-0.429872,-0.525183,1.395861,1.178685,-0.320476,0.764023,-0.045745,0.164749,0.236151,0.585806,0.742321,-0.046142,-2.137346,-0.313026,2.213414,-1.757029,-1.008692,1.518439,0.612493,0.299941,0.086825,-0.271889,-0.087005,0.874155,0.671824,-0.412976
15.446989,1.381433,0.173454,-0.428982,-0.526249,1.396196,1.175178,-0.318980,0.727221,-0.016476,0.128509,0.243592,0.582875,0.741129,-0.046377,-2.137044,-0.312939,2.213150,-1.757118,-1.007828,1.519100,0.612079,0.301460,0.086286,-0.270096,-0.087501,0.872599,0.670419,-0.411703
15.448003,1.380055,0.177046,-0.425669,-0.526232,1.387072,1.174552,-0.320040,0.686916,0.014859,0.089354,0.251800,0.580232,0.739691,-0.046600,-2.136748,-0.312856,2.212877,-1.757197,-1.006952,1.519775,0.611662,0.299447,0.085461,-0.270441,-0.085349,0.871633,0.673701,-0.414615
15.449011,1.384439,0.178632,-0.434346,-0.528446,1.386748,1.176258,-0.319507,0.647231,0.044690,0.051495,0.259392,0.578381,0.738199,-0.046824,-2.136444,-0.312775,2.212599,-1.757279,-1.006049,1.520453,0.611252,0.300015,0.084042,-0.272251,-0.084328,0.880748,0.674382,-0.412503
15.450017,1.379913,0.177000,-0.429555,-0.527237,1.385553,1.176457,-0.321256,0.610164,0.071057,0.017061,0.265208,0.577507,0.736788,-0.047045,-2.136153,-0.312691,2.212338,-1.757354,-1.005177,1.521120,0.610829,0.297788,0.083591,-0.268157,-0.081198,0.881126,0.672779,-0.413596
15.451271,1.383933,0.178565,-0.437556,-0.527450,1.382902,1.174794,-0.321747,0.574593,0.092533,-0.014464,0.267691,0.577523,0.735475,-0.047252,-2.135846,-0.312605,2.212064,-1.757435,-1.004288,1.521792,0.610428,0.299892,0.084736,-0.270775,-0.081407,0.882287,0.672676,-0.410131
15.451971,1.379909,0.176026,-0.432618,-0.525257,1.377049,1.175410,-0.321607,0.540221,0.107617,-0.043047,0.266133,0.578233,0.734330,-0.047433,-2.135554,-0.312520,2.211801,-1.757512,-1.003399,1.522478,0.610018,0.298670,0.084596,-0.267844,-0.080468,0.887107,0.675380,-0.409638
15.452950,1.382780,0.176111,-0.435388,-0.527510,1.377972,1.179054,-0.321762,0.507281,0.116423,-0.068730,0.261422,0.579272,0.733416,-0.047610,-2.135253,-0.312434,2.211531,-1.757596,-1.002499,1.523149,0.609610,0.299517,0.085771,-0.269508,-0.081307,0.890097,0.673560,-0.409460
15.453963,1.384793,0.179215,-0.437689,-0.527085,1.378404,1.178376,-0.320113,0.478005,0.117765,-0.089516,0.253729,0.580468,0.732936,-0.047801,-2.134955,-0.312347,2.211266,-1.757666,-1.001607,1.523818,0.609201,0.297858,0.085987,-0.268258,-0.078223,0.888820,0.669886,-0.409154
15.455153,1.382582,0.179028,-0.438214,-0.524469,1.378429,1.178884,-0.323213,0.454195,0.111104,-0.103791,0.242541,0.581766,0.732976,-0.047995,-2.134660,-0.312266,2.211002,-1.757742,-1.000707,1.524484,0.608781,0.296822,0.084795,-0.267400,-0.077754,0.888297,0.670759,-0.412502
15.455984,1.383496,0.179694,-0.443385,-0.524669,1.379357,1.178450,-0.322445,0.416729,0.085605,-0.121337,0.215541,0.583341,0.733936,-0.048338,-2.134062,-0.312095,2.210472,-1.757902,-0.998952,1.525832,0.607975,0.297272,0.085210,-0.265071,-0.078147,0.887549,0.670850,-0.407977
15.456965,1.382303,0.183316,-0.440162,-0.523345,1.379305,1.179698,-0.323227,0.398915,0.071473,-0.129346,0.201909,0.583112,0.734488,-0.048523,-2.133766,-0.312015,2.210202,-1.757980,-0.998061,1.526492,0.607576,0.297724,0.083744,-0.266848,-0.078507,0.887338,0.669646,-0.406430
15.458074,1.384602,0.190587,-0.446767,-0.522235,1.386903,1.177714,-0.324374,0.398915,0.071473,-0.129346,0.201909,0.583112,0.734488,-0.048523,-2.133766,-0.312015,2.210202,-1.757980,-0.998061,1.526492,0.607576,0.297724,0.083744,-0.266848,-0.078507,0.887338,0.669646,-0.406430
15.459066,1.383327,0.186927,-0.447381,-0.519571,1.384877,1.177485,-0.324657,0.381093,0.060266,-0.138210,0.189969,0.582159,0.734895,-0.048737,-2.133470,-0.311942,2.209944,-1.758059,-0.997182,1.527166,0.607175,0.296837,0.080692,-0.264192,-0.078727,0.880641,0.672163,-0.404383
15.460024,1.381400,0.191276,-0.447698,-0.519911,1.389657,1.181252,-0.326035,0.362374,0.054505,-0.149277,0.181208,0.580464,0.734928,-0.048983,-2.133171,-0.311854,2.209683,-1.758140,-0.996305,1.527829,0.606770,0.297336,0.082839,-0.264171,-0.080348,0.882705,0.672448,-0.403872
15.461028,1.380171,0.189440,-0.454150,-0.519021,1.396643,1.184544,-0.326346,0.342901,0.052336,-0.162013,0.174932,0.578237,0.734521,-0.049255,-2.132873,-0.311776,2.209420,-1.758216,-0.995432,1.528490,0.606378,0.298029,0.080964,-0.264124,-0.079026,0.877541,0.668596,-0.401129
15.461959,1.382685,0.190773,-0.454830,-0.519850,1.392590,1.187497,-0.328520,0.321846,0.051604,-0.176344,0.169197,0.575836,0.733631,-0.049541,-2.132570,-0.311689,2.209162,-1.758293,-0.994579,1.529149,0.605976,0.298476,0.082220,-0.261199,-0.078985,0.870842,0.665464,-0.400603
15.462975,1.381726,0.190739,-0.461808,-0.520252,1.396010,1.190954,-0.328080,0.274275,0.047462,-0.208249,0.153340,0.571802,0.730479,-0.050143,-2.131979,-0.311528,2.208652,-1.758440,-0.992829,1.530462,0.605193,0.297331,0.082222,-0.257898,-0.075961,0.871128,0.659140,-0.397275
15.463993,1.380307,0.189840,-0.461826,-0.520079,1.396289,1.195851,-0.330274,0.274275,0.047462,-0.208249,0.153340,0.571802,0.730479,-0.050143,-2.131979,-0.311528,2.208652,-1.758440,-0.992829,1.530462,0.605193,0.297331,0.082222,-0.257898,-0.075961,0.871128,0.659140,-0.397275
15.465072,1.382169,0.188008,-0.463414,-0.518273,1.396676,1.196469,-0.331133,0.248182,0.041600,-0.224893,0.141540,0.570509,0.728470,-0.050424,-2.131680,-0.311444,2.208396,-1.758515,-0.991949,1.531105,0.604802,0.297974,0.083029,-0.258329,-0.075271,0.871025,0.654536,-0.392974
15.466058,1.378261,0.186205,-0.461847,-0.518473,1.395660,1.196479,-0.329537,0.222549,0.031541,-0.240176,0.127439,0.569796,0.726549,-0.050651,-2.131384,-0.311359,2.208137,-1.758591,-0.991084,1.531757,0.604418,0.297201,0.084371,-0.258114,-0.076243,0.871486,0.654465,-0.391556
15.467028,1.374801,0.187994,-0.458641,-0.517819,1.394122,1.196838,-0.330301,0.200776,0.015613,-0.251220,0.111938,0.569691,0.725021,-0.050824,-2.131081,-0.311272,2.207872,-1.758661,-0.990207,1.532420,0.604017,0.298952,0.085537,-0.259094,-0.075229,0.872403,0.654508,-0.394842
15.467977,1.377030,0.188126,-0.466164,-0.518183,1.395489,1.198088,-0.330724,0.182720,-0.005991,-0.258138,0.095098,0.570106,0.723857,-0.050967,-2.130778,-0.311189,2.207609,-1.758735,-0.989343,1.533070,0.603630,0.300397,0.084925,-0.260868,-0.075004,0.873841,0.654218,-0.393341
15.469006,1.376769,0.191632,-0.467368,-0.516899,1.392730,1.198827,-0.332365,0.166386,-0.030695,-0.263016,0.077473,0.570834,0.722860,-0.051066,-2.130481,-0.311106,2.207356,-1.758805,-0.988471,1.533724,0.603237,0.298968,0.085130,-0.257256,-0.073788,0.872053,0.652914,-0.392518
15.469980,1.375662,0.194414,-0.467430,-0.519742,1.392190,1.198550,-0.332875,0.149570,-0.054564,-0.268601,0.060682,0.571561,0.721771,-0.051101,-2.130183,-0.311024,2.207098,-1.758881,-0.987596,1.534375,0.602851,0.299091,0.083749,-0.257104,-0.074191,0.875167,0.652486,-0.389392
15.471117,1.374441,0.197159,-0.465875,-0.519006,1.394159,1.200449,-0.332435,0.131224,-0.075000,-0.276339,0.045496,0.572105,0.720405,-0.051065,-2.129879,-0.310945,2.206843,-1.758944,-0.986720,1.535021,0.602468,0.299373,0.082717,-0.257343,-0.070687,0.875479,0.652882,-0.388491
15.471971,1.370500,0.197361,-0.460651,-0.518060,1.389131,1.201881,-0.332966,0.112087,-0.092195,-0.285439,0.031040,0.572534,0.718757,-0.050976,-2.129577,-0.310864,2.206576,-1.759015,-0.985838,1.535675,0.602075,0.300286,0.081887,-0.258811,-0.070771,0.874673,0.651697,-0.389724
15.472990,1.375740,0.202591,-0.464656,-0.516787,1.386784,1.199294,-0.332617,0.094674,-0.107392,-0.293550,0.017451,0.572973,0.717097,-0.050863,-2.129274,-0.310780,2.206311,-1.759088,-0.984959,1.536313,0.601687,0.301578,0.081929,-0.261170,-0.070753,0.878468,0.649923,-0.388515
15.473944,1.369395,0.204454,-0.461691,-0.517299,1.385404,1.199152,-0.333848,0.081785,-0.120216,-0.298670,0.006806,0.573434,0.715732,-0.050746,-2.128977,-0.310706,2.206054,-1.759161,-0.984072,1.536967,0.601299,0.298878,0.079769,-0.259523,-0.071199,0.880889,0.652802,-0.389384
15.474972,1.372140,0.208456,-0.465155,-0.517169,1.387827,1.199355,-0.334315,0.072952,-0.128638,-0.301751,0.000370,0.573847,0.714647,-0.050635,-2.128667,-0.310626,2.205786,-1.759227,-0.983197,1.537623,0.600914,0.301682,0.079164,-0.261078,-0.069940,0.881896,0.652880,-0.386948
15.475994,1.373725,0.208598,-0.465057,-0.518156,1.383873,1.197987,-0.333462,0.058939,-0.130970,-0.308366,-0.004318,0.574876,0.712898,-0.050540,-2.128072,-0.310472,2.205270,-1.759359,-0.981418,1.538930,0.600133,0.299419,0.077988,-0.260192,-0.067753,0.883687,0.654604,-0.388071
15.477083,1.372384,0.209490,-0.462312,-0.515996,1.383014,1.197931,-0.332933,0.058939,-0.130970,-0.308366,-0.004318,0.574876,0.712898,-0.050540,-2.128072,-0.310472,2.205270,-1.759359,-0.981418,1.538930,0.600133,0.299419,0.077988,-0.260192,-0.067753,0.883687,0.654604,-0.388071
15.478077,1.376091,0.207181,-0.463012,-0.515141,1.381851,1.197656,-0.332619,0.056663,-0.129335,-0.308474,-0.004814,0.575970,0.712470,-0.050603,-2.127772,-0.310395,2.205005,-1.759431,-0.980535,1.539581,0.599746,0.300268,0.078065,-0.262119,-0.069200,0.885267,0.655200,-0.389395
15.479048,1.372425,0.209560,-0.459815,-0.515672,1.379126,1.198733,-0.333003,0.061851,-0.129865,-0.302194,-0.004222,0.577680,0.712683,-0.050719,-2.127475,-0.310315,2.204745,-1.759500,-0.979647,1.540245,0.599355,0.298265,0.079599,-0.262024,-0.069287,0.886284,0.655557,-0.390121
15.479982,1.376927,0.205721,-0.463397,-0.513755,1.380064,1.195392,-0.333319,0.097083,-0.143642,-0.267010,-0.002180,0.582833,0.715279,-0.050969,-2.126882,-0.310157,2.204217,-1.759636,-0.977867,1.541563,0.598580,0.297297,0.080984,-0.261988,-0.069141,0.886998,0.657731,-0.388794
15.481122,1.379226,0.207070,-0.465654,-0.513065,1.382120,1.194756,-0.333767,0.097083,-0.143642,-0.267010,-0.002180,0.582833,0.715279,-0.050969,-2.126882,-0.310157,2.204217,-1.759636,-0.977867,1.541563,0.598580,0.297297,0.080984,-0.261988,-0.069141,0.886998,0.657731,-0.388794
15.481944,1.373802,0.209421,-0.464127,-0.512152,1.381687,1.194042,-0.331815,0.124573,-0.157141,-0.240225,-0.001815,0.585882,0.717369,-0.051052,-2.126586,-0.310078,2.203956,-1.759705,-0.976981,1.542231,0.598191,0.296551,0.080861,-0.261634,-0.069195,0.886099,0.659002,-0.388251
15.482975,1.377233,0.209498,-0.464776,-0.510634,1.383019,1.196012,-0.332836,0.155135,-0.172582,-0.210829,-0.001508,0.588831,0.719626,-0.051094,-2.126289,-0.309999,2.203691,-1.759775,-0.976103,1.542886,0.597793,0.298570,0.079829,-0.262036,-0.069175,0.884982,0.659144,-0.391981
15.483978,1.377200,0.215776,-0.464829,-0.509080,1.383166,1.194323,-0.332047,0.215419,-0.199128,-0.154508,0.001834,0.593291,0.723964,-0.051037,-2.125694,-0.309847,2.203169,-1.759921,-0.974330,1.544207,0.597015,0.296735,0.077520,-0.262362,-0.070585,0.883667,0.659268,-0.391787
15.485051,1.379994,0.218871,-0.466746,-0.508584,1.386182,1.194657,-0.331584,0.215419,-0.199128,-0.154508,0.001834,0.593291,0.723964,-0.051037,-2.125694,-0.309847,2.203169,-1.759921,-0.974330,1.544207,0.597015,0.296735,0.077520,-0.262362,-0.070585,0.883667,0.659268,-0.391787
15.486029,1.375818,0.220549,-0.462881,-0.506603,1.387494,1.196718,-0.330176,0.274562,-0.207924,-0.104635,0.017310,0.594952,0.728074,-0.050736,-2.125104,-0.309694,2.202640,-1.760066,-0.972580,1.545516,0.596213,0.297451,0.076053,-0.264017,-0.071434,0.879857,0.657376,-0.395769
15.487058,1.374824,0.228860,-0.471715,-0.505243,1.386544,1.197274,-0.330601,0.274562,-0.207924,-0.104635,0.017310,0.594952,0.728074,-0.050736,-2.125104,-0.309694,2.202640,-1.760066,-0.972580,1.545516,0.596213,0.297451,0.076053,-0.264017,-0.071434,0.879857,0.657376,-0.395769
15.488005,1.374814,0.230813,-0.466786,-0.503341,1.389170,1.196385,-0.329437,0.298557,-0.202706,-0.086832,0.030012,0.594555,0.729883,-0.050543,-2.124802,-0.309629,2.202387,-1.760140,-0.971709,1.546169,0.595818,0.297872,0.072464,-0.260021,-0.071948,0.881176,0.657126,-0.395024
15.489068,1.380838,0.233142,-0.466556,-0.504122,1.391795,1.197341,-0.329094,0.313204,-0.187260,-0.079110,0.046859,0.593174,0.731260,-0.050359,-2.124507,-0.309558,2.202122,-1.760214,-0.970832,1.546819,0.595419,0.297606,0.071922,-0.262599,-0.072943,0.878061,0.658000,-0.397370
15.489968,1.376272,0.234771,-0.463115,-0.502272,1.389349,1.197940,-0.327455,0.324388,-0.165852,-0.075637,0.066925,0.591438,0.732592,-0.050198,-2.124217,-0.309488,2.201858,-1.760283,-0.969952,1.547476,0.595015,0.294759,0.071340,-0.263154,-0.071427,0.875994,0.657438,-0.398204
15.491051,1.379765,0.235843,-0.459458,-0.501721,1.388563,1.197913,-0.326202,0.339257,-0.145141,-0.069005,0.088046,0.590156,0.734364,-0.050073,-2.123920,-0.309419,2.201593,-1.760358,-0.969082,1.548127,0.594604,0.296633,0.070898,-0.264780,-0.072314,0.877680,0.656611,-0.401370
15.491993,1.381868,0.238094,-0.458870,-0.504104,1.384865,1.198444,-0.326898,0.359560,-0.128086,-0.057096,0.109008,0.589730,0.736721,-0.049991,-2.123626,-0.309346,2.201321,-1.760431,-0.968198,1.548787,0.594198,0.295061,0.070933,-0.267049,-0.072081,0.879155,0.657123,-0.404059
15.492943,1.382624,0.237148,-0.462450,-0.505090,1.384656,1.198362,-0.325769,0.387081,-0.117380,-0.037775,0.128280,0.590530,0.739692,-0.049944,-2.123330,-0.309276,2.201052,-1.760496,-0.967319,1.549452,0.593792,0.293722,0.070222,-0.267325,-0.068954,0.882365,0.656445,-0.402578
15.494010,1.380267,0.235772,-0.458696,-0.503384,1.377104,1.204019,-0.326585,0.420036,-0.114611,-0.011918,0.143029,0.592733,0.742952,-0.049917,-2.123042,-0.309204,2.200793,-1.760560,-0.966430,1.550105,0.593385,0.293180,0.071109,-0.265647,-0.067310,0.881990,0.656502,-0.404833
15.494949,1.380792,0.235902,-0.457792,-0.501152,1.373543,1.202419,-0.327452,0.454280,-0.119597,0.017123,0.151974,0.596094,0.746208,-0.049894,-2.122742,-0.309130,2.200522,-1.760629,-0.965519,1.550755,0.592983,0.294465,0.072341,-0.267955,-0.068348,0.889905,0.651259,-0.403345
15.496021,1.377028,0.237260,-0.460892,-0.500586,1.371415,1.201198,-0.326773,0.489245,-0.131242,0.048381,0.157130,0.600168,0.749618,-0.049864,-2.122451,-0.309057,2.200256,-1.760701,-0.964633,1.551405,0.592580,0.293929,0.072645,-0.268410,-0.069701,0.892814,0.652869,-0.401565
15.497032,1.379098,0.238368,-0.454414,-0.500954,1.369387,1.201085,-0.327743,0.522591,-0.146181,0.078982,0.160708,0.604376,0.753104,-0.049823,-2.122151,-0.308986,2.199989,-1.760770,-0.963729,1.552069,0.592180,0.295944,0.072540,-0.267303,-0.069572,0.895319,0.654493,-0.403153
15.497964,1.380826,0.239477,-0.449242,-0.502100,1.363908,1.202117,-0.328501,0.551758,-0.162167,0.106415,0.162741,0.608336,0.756453,-0.049753,-2.121856,-0.308913,2.199711,-1.760836,-0.962817,1.552731,0.591783,0.294828,0.072453,-0.270699,-0.068535,0.897108,0.654753,-0.401280
15.498997,1.373153,0.240913,-0.451028,-0.502616,1.366074,1.199868,-0.328198,0.582072,-0.181759,0.135712,0.162428,0.612155,0.760002,-0.049635,-2.121566,-0.308840,2.199433,-1.760898,-0.961916,1.553373,0.591386,0.293703,0.072268,-0.273122,-0.066725,0.901803,0.653665,-0.399740
15.499990,1.370890,0.245968,-0.452755,-0.502275,1.367079,1.199564,-0.327500,0.614550,-0.205890,0.168102,0.158597,0.615757,0.763762,-0.049493,-2.121260,-0.308769,2.199159,-1.760960,-0.961017,1.554033,0.590983,0.297490,0.072075,-0.272441,-0.065663,0.899667,0.656224,-0.400488
15.500991,1.375602,0.249201,-0.451321,-0.501687,1.366022,1.200062,-0.329455,0.639559,-0.229268,0.194861,0.150751,0.618543,0.766992,-0.049368,-2.120964,-0.308702,2.198887,-1.761025,-0.960123,1.554694,0.590575,0.298469,0.070049,-0.271698,-0.065340,0.898454,0.656597,-0.401918
15.502004,1.373683,0.250505,-0.448725,-0.500991,1.368947,1.200904,-0.328837,0.665164,-0.260205,0.226410,0.132319,0.620614,0.771834,-0.049134,-2.120369,-0.308566,2.198335,-1.761154,-0.958323,1.555995,0.589782,0.296897,0.068855,-0.273996,-0.065369,0.896274,0.655685,-0.399446
15.503177,1.372379,0.251197,-0.448865,-0.499133,1.374959,1.200736,-0.328017,0.665164,-0.260205,0.226410,0.132319,0.620614,0.771834,-0.049134,-2.120369,-0.308566,2.198335,-1.761154,-0.958323,1.555995,0.589782,0.296897,0.068855,-0.273996,-0.065369,0.896274,0.655685,-0.399446
15.503975,1.370299,0.251986,-0.442809,-0.497035,1.379280,1.200388,-0.328294,0.676401,-0.270651,0.239943,0.124972,0.620184,0.774323,-0.049015,-2.120070,-0.308494,2.198062,-1.761224,-0.957450,1.556646,0.589373,0.298016,0.069220,-0.274648,-0.066611,0.891831,0.656763,-0.401419
15.504987,1.372049,0.251588,-0.444521,-0.494879,1.380862,1.203022,-0.327515,0.688994,-0.279776,0.254195,0.119423,0.619021,0.777105,-0.048913,-2.119771,-0.308425,2.197778,-1.761293,-0.956570,1.557303,0.588975,0.298215,0.069060,-0.277008,-0.067768,0.885701,0.656416,-0.400576
15.506023,1.377496,0.252382,-0.443478,-0.494683,1.386283,1.201540,-0.328302,0.705538,-0.288748,0.271375,0.116724,0.617412,0.780448,-0.048847,-2.119473,-0.308355,2.197501,-1.761364,-0.955697,1.557961,0.588569,0.297249,0.069774,-0.276259,-0.069148,0.884348,0.653955,-0.402229
15.506948,1.375653,0.253192,-0.440230,-0.495403,1.385727,1.200828,-0.328337,0.728847,-0.299106,0.293945,0.117382,0.615700,0.784552,-0.048828,-2.119185,-0.308288,2.197228,-1.761430,-0.954827,1.558614,0.588174,0.294632,0.069949,-0.277050,-0.068665,0.879291,0.655798,-0.400780
15.508000,1.377368,0.256883,-0.444212,-0.497375,1.387318,1.199833,-0.329344,0.760337,-0.312859,0.323530,0.120004,0.614304,0.789359,-0.048849,-2.118888,-0.308217,2.196945,-1.761494,-0.953941,1.559277,0.587771,0.295210,0.069928,-0.278445,-0.067247,0.879165,0.656299,-0.400660
15.508994,1.381897,0.261883,-0.439399,-0.495109,1.385980,1.200988,-0.329200,0.796017,-0.329698,0.357073,0.122059,0.613419,0.794389,-0.048882,-2.118597,-0.308152,2.196672,-1.761553,-0.953069,1.559933,0.587374,0.294485,0.068687,-0.276739,-0.064784,0.878107,0.657677,-0.398801
15.510129,1.382551,0.260176,-0.439329,-0.494817,1.386004,1.195741,-0.329806,0.832452,-0.346539,0.391135,0.123768,0.612993,0.799320,-0.048898,-2.118308,-0.308088,2.196388,-1.761624,-0.952184,1.560596,0.586969,0.292169,0.066738,-0.279178,-0.066298,0.879359,0.656584,-0.399155
15.511035,1.381388,0.263235,-0.439099,-0.494887,1.386639,1.196643,-0.331324,0.871853,-0.362222,0.426988,0.127326,0.613014,0.804297,-0.048880,-2.118014,-0.308016,2.196105,-1.761689,-0.951295,1.561274,0.586573,0.292266,0.068285,-0.279670,-0.066018,0.880413,0.662475,-0.398244
15.511987,1.380149,0.261978,-0.437440,-0.498233,1.382768,1.194286,-0.332368,0.913084,-0.377418,0.463799,0.132240,0.613417,0.809133,-0.048814,-2.117723,-0.307952,2.195828,-1.761753,-0.950424,1.561929,0.586190,0.292484,0.067164,-0.279547,-0.065239,0.879003,0.661275,-0.395172
15.513090,1.381114,0.263072,-0.440336,-0.494462,1.383155,1.198369,-0.334217,0.951349,-0.392901,0.498133,0.135407,0.614102,0.813324,-0.048694,-2.117428,-0.307880,2.195546,-1.761807,-0.949536,1.562601,0.585798,0.292852,0.068225,-0.280261,-0.061433,0.882426,0.663535,-0.393120
15.514058,1.380856,0.266736,-0.439148,-0.494308,1.383128,1.195570,-0.335227,0.984222,-0.409247,0.528268,0.135334,0.614929,0.816654,-0.048527,-2.117138,-0.307811,2.195268,-1.761879,-0.948660,1.563258,0.585412,0.292695,0.068314,-0.279226,-0.064530,0.882944,0.659963,-0.389711
15.514965,1.377496,0.260878,-0.437853,-0.494657,1.382711,1.198162,-0.335615,1.011390,-0.424038,0.553138,0.134613,0.615586,0.819204,-0.048337,-2.116844,-0.307749,2.194990,-1.761940,-0.947771,1.563917,0.585030,0.292649,0.067005,-0.279810,-0.064073,0.882588,0.662831,-0.387799
15.516025,1.375516,0.266418,-0.438163,-0.492499,1.382241,1.198517,-0.335614,1.033256,-0.437029,0.572886,0.133848,0.615960,0.821045,-0.048149,-2.116549,-0.307671,2.194707,-1.762001,-0.946883,1.564571,0.584645,0.293932,0.070260,-0.280155,-0.063058,0.882094,0.659968,-0.387010
15.517014,1.375318,0.270456,-0.441336,-0.492165,1.381332,1.198202,-0.336241,1.049405,-0.449939,0.587616,0.131550,0.616055,0.822183,-0.047984,-2.116252,-0.307608,2.194429,-1.762067,-0.946003,1.565226,0.584251,0.295023,0.068091,-0.280274,-0.064609,0.883097,0.660048,-0.387219
15.518079,1.373624,0.275319,-0.440530,-0.491701,1.381330,1.200062,-0.337659,1.057487,-0.458812,0.594466,0.129503,0.615658,0.822518,-0.047868,-2.115956,-0.307545,2.194151,-1.762130,-0.945113,1.565884,0.583870,0.294968,0.066641,-0.278719,-0.064306,0.883794,0.660468,-0.386085
15.519027,1.374277,0.277513,-0.439308,-0.493533,1.381148,1.200732,-0.337420,1.055670,-0.459186,0.590954,0.129510,0.614655,0.821874,-0.047807,-2.115658,-0.307482,2.193867,-1.762194,-0.944232,1.566545,0.583490,0.295931,0.064875,-0.279373,-0.064196,0.884352,0.658978,-0.383496
15.519977,1.376587,0.280175,-0.438239,-0.493944,1.377046,1.203788,-0.339607,1.045731,-0.451994,0.578921,0.130673,0.613333,0.820266,-0.047790,-2.115366,-0.307419,2.193588,-1.762251,-0.943344,1.567195,0.583110,0.295367,0.064302,-0.279869,-0.061846,0.883977,0.658296,-0.384071
15.520970,1.375538,0.287876,-0.439686,-0.495125,1.377342,1.203234,-0.338121,1.032640,-0.441396,0.563499,0.131176,0.612212,0.817925,-0.047808,-2.115073,-0.307356,2.193308,-1.762309,-0.942445,1.567850,0.582735,0.293963,0.063481,-0.280286,-0.060907,0.887479,0.655172,-0.379741
15.522079,1.381125,0.284769,-0.444022,-0.495995,1.377110,1.205771,-0.338966,1.018881,-0.428644,0.547052,0.130570,0.611576,0.814939,-0.047855,-2.114783,-0.307302,2.193031,-1.762367,-0.941562,1.568499,0.582344,0.294464,0.060284,-0.279625,-0.059237,0.887055,0.655935,-0.382883
15.523009,1.378962,0.285610,-0.442068,-0.495057,1.373370,1.205107,-0.340501,1.003817,-0.413607,0.529031,0.128462,0.611478,0.811194,-0.047900,-2.114495,-0.307235,2.192754,-1.762424,-0.940667,1.569156,0.581969,0.292015,0.062567,-0.277912,-0.057986,0.888092,0.653961,-0.381505
15.523993,1.377346,0.281830,-0.441232,-0.492219,1.373899,1.208151,-0.339668,0.989010,-0.399647,0.511267,0.123767,0.612009,0.806832,-0.047910,-2.114197,-0.307174,2.192475,-1.762483,-0.939782,1.569818,0.581591,0.292768,0.062630,-0.278733,-0.058369,0.891179,0.654480,-0.378463
15.525074,1.377425,0.282083,-0.445681,-0.492379,1.376441,1.205563,-0.341218,0.976514,-0.389464,0.495764,0.116980,0.613079,0.802229,-0.047899,-2.113906,-0.307107,2.192195,-1.762549,-0.938892,1.570464,0.581212,0.293480,0.065046,-0.279158,-0.060544,0.890363,0.651553,-0.380308
15.526052,1.380960,0.283780,-0.447303,-0.492058,1.375983,1.205869,-0.341019,0.965488,-0.383321,0.481818,0.108881,0.614431,0.797551,-0.047895,-2.113612,-0.307040,2.191919,-1.762606,-0.937996,1.571125,0.580837,0.293639,0.065538,-0.277290,-0.059948,0.888350,0.654658,-0.377472
15.526979,1.376594,0.286184,-0.443148,-0.491655,1.373482,1.204150,-0.342625,0.954056,-0.380087,0.467728,0.099520,0.615828,0.792700,-0.047890,-2.113327,-0.306974,2.191649,-1.762665,-0.937098,1.571776,0.580455,0.291808,0.065201,-0.276588,-0.059759,0.888450,0.654416,-0.378011
15.528002,1.380518,0.290026,-0.451853,-0.489934,1.377783,1.206735,-0.341063,0.942041,-0.377981,0.453039,0.089578,0.617056,0.787689,-0.047863,-2.113027,-0.306912,2.191365,-1.762721,-0.936214,1.572435,0.580089,0.293641,0.064491,-0.278454,-0.059652,0.890282,0.655991,-0.374850
15.528964,1.383578,0.290986,-0.450073,-0.491759,1.377954,1.203291,-0.340174,0.928217,-0.373956,0.436131,0.080757,0.617768,0.782561,-0.047817,-2.112736,-0.306851,2.191096,-1.762784,-0.935332,1.573086,0.579704,0.291682,0.063191,-0.274304,-0.060784,0.886088,0.653644,-0.378210
15.530034,1.384622,0.298783,-0.455652,-0.491226,1.378246,1.203725,-0.340977,0.911944,-0.366157,0.416113,0.074040,0.617723,0.777345,-0.047786,-2.112451,-0.306788,2.190823,-1.762837,-0.934458,1.573743,0.579318,0.290057,0.063249,-0.275254,-0.058529,0.885673,0.657141,-0.380041
15.531036,1.384615,0.299569,-0.461593,-0.490396,1.382918,1.203314,-0.342227,0.894012,-0.354590,0.393716,0.069087,0.616902,0.772067,-0.047771,-2.112161,-0.306734,2.190556,-1.762896,-0.933571,1.574402,0.578943,0.289769,0.060100,-0.272878,-0.058625,0.885928,0.657094,-0.378692
15.532019,1.381473,0.308652,-0.455820,-0.488543,1.381385,1.203916,-0.341661,0.871139,-0.336672,0.365740,0.066322,0.615123,0.766532,-0.047742,-2.111873,-0.306673,2.190289,-1.762958,-0.932709,1.575066,0.578572,0.289779,0.060353,-0.270124,-0.058876,0.881402,0.657626,-0.376376
15.533017,1.387466,0.312039,-0.466190,-0.486959,1.390618,1.203529,-0.341462,0.841034,-0.310005,0.329802,0.067129,0.612325,0.760699,-0.047691,-2.111581,-0.306629,2.190013,-1.763020,-0.931821,1.575712,0.578196,0.291258,0.056549,-0.273118,-0.060137,0.882749,0.657158,-0.377685
15.533971,1.383917,0.319570,-0.464540,-0.487209,1.383785,1.204196,-0.340272,0.805874,-0.273642,0.287484,0.073508,0.608760,0.754809,-0.047641,-2.111296,-0.306577,2.189754,-1.763082,-0.930950,1.576374,0.577814,0.288239,0.055586,-0.268152,-0.061143,0.873482,0.657668,-0.378216
15.534980,1.384005,0.323229,-0.470959,-0.487055,1.385770,1.204543,-0.339170,0.766488,-0.227042,0.239399,0.086263,0.604732,0.748917,-0.047607,-2.111004,-0.306530,2.189486,-1.763142,-0.930054,1.577023,0.577428,0.289851,0.052512,-0.269081,-0.060292,0.879900,0.656996,-0.380670
15.536049,1.384144,0.325171,-0.476789,-0.488030,1.385085,1.204164,-0.337388,0.720863,-0.170887,0.184299,0.103853,0.600534,0.742858,-0.047594,-2.110715,-0.306480,2.189229,-1.763200,-0.929185,1.577684,0.577044,0.289809,0.051455,-0.266190,-0.059976,0.878010,0.656818,-0.383026
15.537186,1.389464,0.328648,-0.477638,-0.489878,1.381494,1.206697,-0.336160,0.666937,-0.107654,0.121367,0.123481,0.596523,0.736431,-0.047620,-2.110421,-0.306428,2.188970,-1.763257,-0.928296,1.578347,0.576643,0.289917,0.051286,-0.263820,-0.058589,0.879234,0.657599,-0.386788
15.537995,1.390737,0.327974,-0.479861,-0.492105,1.373835,1.205353,-0.335055,0.607378,-0.042642,0.054184,0.142166,0.593193,0.729742,-0.047678,-2.110140,-0.306379,2.188708,-1.763309,-0.927412,1.579007,0.576252,0.287789,0.050479,-0.264172,-0.056505,0.884023,0.655731,-0.389577
15.538992,1.396378,0.329743,-0.482126,-0.492918,1.370514,1.204943,-0.336242,0.549040,0.017462,-0.010032,0.157414,0.590997,0.723256,-0.047706,-2.109856,-0.306327,2.188450,-1.763359,-0.926513,1.579664,0.575859,0.286549,0.051283,-0.262709,-0.053811,0.889807,0.656467,-0.391558
15.540066,1.395073,0.329353,-0.482780,-0.492661,1.370919,1.201557,-0.333435,0.497179,0.067794,-0.065899,0.167632,0.590068,0.717378,-0.047641,-2.109582,-0.306277,2.188195,-1.763411,-0.925622,1.580315,0.575470,0.283870,0.051118,-0.261920,-0.052656,0.892967,0.657054,-0.389257
15.541068,1.394840,0.328371,-0.490568,-0.490329,1.367846,1.199914,-0.332013,0.454212,0.106714,-0.111248,0.172872,0.590201,0.712354,-0.047486,-2.109292,-0.306224,2.187933,-1.763463,-0.924725,1.580984,0.575069,0.284790,0.052118,-0.262137,-0.052654,0.892997,0.660853,-0.395145
15.542037,1.397647,0.332437,-0.490998,-0.492836,1.365722,1.198465,-0.332619,0.417705,0.135875,-0.148662,0.174404,0.590817,0.708118,-0.047301,-2.109006,-0.306170,2.187682,-1.763522,-0.923816,1.581656,0.574664,0.284925,0.053309,-0.258608,-0.054503,0.895818,0.662538,-0.398015
15.543003,1.396370,0.331778,-0.496454,-0.491853,1.367582,1.200571,-0.333242,0.383561,0.158403,-0.182279,0.173479,0.591284,0.704437,-0.047116,-2.108729,-0.306121,2.187425,-1.763568,-0.922926,1.582313,0.574268,0.283531,0.051946,-0.258659,-0.051721,0.897546,0.664004,-0.396798
15.543978,1.391813,0.332245,-0.495594,-0.491046,1.366935,1.197870,-0.332674,0.350756,0.175885,-0.213187,0.170269,0.591296,0.701226,-0.046930,-2.108443,-0.306066,2.187172,-1.763622,-0.922027,1.582972,0.573867,0.284093,0.052933,-0.256172,-0.052297,0.895149,0.661858,-0.395564
15.544958,1.389321,0.333762,-0.496573,-0.488831,1.368686,1.199942,-0.332794,0.317744,0.189136,-0.242769,0.164724,0.590612,0.698408,-0.046773,-2.108157,-0.306013,2.186913,-1.763676,-0.921133,1.583635,0.573469,0.286327,0.053353,-0.256857,-0.052703,0.895464,0.664623,-0.396767
15.545938,1.387497,0.339255,-0.499470,-0.488799,1.368814,1.202235,-0.333065,0.283125,0.199490,-0.272515,0.157895,0.589021,0.695967,-0.046687,-2.107867,-0.305960,2.186660,-1.763734,-0.920245,1.584293,0.573077,0.287472,0.053270,-0.256672,-0.054423,0.893429,0.662566,-0.396586
15.546961,1.389452,0.342859,-0.501819,-0.487234,1.374130,1.203196,-0.333396,0.246621,0.209600,-0.303245,0.151745,0.586436,0.693987,-0.046675,-2.107576,-0.305914,2.186405,-1.763788,-0.919348,1.584959,0.572684,0.288267,0.051253,-0.255493,-0.054022,0.892950,0.660279,-0.396108
15.547987,1.386173,0.346071,-0.506341,-0.487405,1.375890,1.205227,-0.333390,0.208604,0.222415,-0.335319,0.148122,0.582951,0.692535,-0.046704,-2.107293,-0.305866,2.186153,-1.763844,-0.918471,1.585611,0.572290,0.287414,0.050249,-0.254790,-0.055178,0.887815,0.659614,-0.395582
15.548997,1.380260,0.346399,-0.507207,-0.486191,1.376318,1.206993,-0.335222,0.169554,0.239022,-0.368611,0.147550,0.578815,0.691586,-0.046758,-2.106998,-0.305819,2.185903,-1.763896,-0.917587,1.586270,0.571898,0.289085,0.049450,-0.253029,-0.054675,0.886274,0.657809,-0.395750
15.550034,1.383160,0.348716,-0.507434,-0.487984,1.384586,1.209366,-0.336214,0.126903,0.259070,-0.405039,0.148722,0.574218,0.690892,-0.046859,-2.106701,-0.305766,2.185649,-1.763953,-0.916712,1.586932,0.571512,0.291983,0.050017,-0.253011,-0.055437,0.885984,0.656208,-0.392193
15.551180,1.384003,0.347156,-0.506230,-0.486671,1.387075,1.208342,-0.336176,0.081019,0.279571,-0.443481,0.149441,0.569594,0.690395,-0.047021,-2.106416,-0.305719,2.185396,-1.764001,-0.915847,1.587581,0.571131,0.290650,0.049665,-0.253415,-0.053402,0.878114,0.654178,-0.390440
15.552173,1.384297,0.347879,-0.505157,-0.488247,1.385418,1.209944,-0.336908,0.039221,0.294835,-0.476734,0.148110,0.565698,0.690463,-0.047217,-2.106123,-0.305664,2.185138,-1.764058,-0.914966,1.588240,0.570739,0.290688,0.051338,-0.254844,-0.054403,0.876958,0.655975,-0.390886
15.553081,1.384352,0.347156,-0.509667,-0.487326,1.388103,1.209852,-0.336896,0.007714,0.300354,-0.498921,0.143979,0.563047,0.691406,-0.047423,-2.105837,-0.305610,2.184884,-1.764107,-0.914094,1.588885,0.570351,0.290535,0.051642,-0.255716,-0.052535,0.878648,0.654530,-0.389516
15.554068,1.387996,0.344943,-0.507610,-0.489384,1.384765,1.212262,-0.337418,-0.013597,0.295702,-0.510172,0.136830,0.561682,0.693154,-0.047612,-2.105545,-0.305555,2.184633,-1.764158,-0.913224,1.589541,0.569967,0.290139,0.052550,-0.253517,-0.053057,0.875191,0.654416,-0.389538
15.554996,1.383410,0.342781,-0.509308,-0.488285,1.384496,1.208610,-0.337228,-0.025668,0.281198,-0.511494,0.126533,0.561518,0.695607,-0.047749,-2.105258,-0.305497,2.184374,-1.764205,-0.912346,1.590192,0.569579,0.288273,0.054286,-0.254844,-0.050754,0.878497,0.652116,-0.388584
15.556059,1.383601,0.342649,-0.507662,-0.489049,1.383217,1.209409,-0.336698,-0.028797,0.256017,-0.503071,0.112494,0.562433,0.698719,-0.047832,-2.104969,-0.305436,2.184123,-1.764259,-0.911468,1.590846,0.569191,0.290342,0.055882,-0.254138,-0.051410,0.878114,0.655697,-0.388979
15.556992,1.385308,0.344210,-0.510089,-0.488055,1.383886,1.209992,-0.337923,-0.026253,0.221649,-0.487935,0.094688,0.564079,0.702230,-0.047902,-2.104678,-0.305380,2.183865,-1.764306,-0.910581,1.591503,0.568797,0.290402,0.056677,-0.255514,-0.050458,0.879888,0.655265,-0.390250
15.557948,1.380057,0.347044,-0.506152,-0.488215,1.383619,1.209792,-0.337003,-0.019802,0.181363,-0.468382,0.074829,0.566116,0.706019,-0.047983,-2.104391,-0.305323,2.183610,-1.764357,-0.909715,1.592150,0.568413,0.289326,0.056446,-0.254401,-0.051093,0.878740,0.654619,-0.387789
15.559063,1.382293,0.347062,-0.507635,-0.488360,1.380825,1.209506,-0.337387,-0.010268,0.139206,-0.446084,0.055247,0.568268,0.710064,-0.048082,-2.104095,-0.305270,2.183354,-1.764406,-0.908830,1.592802,0.568022,0.291725,0.055668,-0.256592,-0.050618,0.878565,0.654825,-0.389710
15.560064,1.382269,0.352989,-0.509812,-0.488767,1.382398,1.209619,-0.336177,0.000580,0.097952,-0.423041,0.036824,0.570321,0.714226,-0.048209,-2.103803,-0.305212,2.183097,-1.764457,-0.907941,1.593462,0.567636,0.290926,0.056469,-0.256557,-0.050260,0.882312,0.655719,-0.389238
15.561021,1.380968,0.354619,-0.503687,-0.488201,1.381978,1.213252,-0.337009,0.011698,0.059389,-0.400466,0.019902,0.572142,0.718346,-0.048371,-2.103514,-0.305161,2.182844,-1.764506,-0.907071,1.594110,0.567242,0.290936,0.054194,-0.255845,-0.049570,0.880784,0.655800,-0.391790
15.562079,1.378298,0.352598,-0.505338,-0.488269,1.380396,1.214635,-0.336817,0.023483,0.025537,-0.378449,0.005530,0.573746,0.722431,-0.048586,-2.103220,-0.305106,2.182583,-1.764557,-0.906183,1.594762,0.566852,0.291371,0.054015,-0.259077,-0.049793,0.880750,0.652138,-0.390124
15.563061,1.374173,0.353359,-0.510666,-0.487218,1.378507,1.215618,-0.337688,0.037577,-0.004854,-0.355249,-0.006458,0.575347,0.726644,-0.048860,-2.102926,-0.305047,2.182323,-1.764605,-0.905288,1.595413,0.566456,0.292846,0.055754,-0.258719,-0.049517,0.882710,0.651204,-0.390719
15.563970,1.374606,0.355946,-0.503353,-0.488179,1.375049,1.215576,-0.339050,0.050213,-0.032478,-0.333706,-0.017392,0.576898,0.730722,-0.049173,-2.102627,-0.304991,2.182072,-1.764657,-0.904405,1.596059,0.566074,0.294721,0.055994,-0.256375,-0.050217,0.884401,0.650363,-0.389065
15.565076,1.371959,0.355863,-0.512850,-0.487442,1.377724,1.218529,-0.337895,0.058157,-0.056211,-0.316713,-0.027663,0.578361,0.734404,-0.049513,-2.102330,-0.304937,2.181805,-1.764702,-0.903510,1.596710,0.565692,0.294051,0.055257,-0.259986,-0.048984,0.886907,0.650220,-0.386326
15.566093,1.369918,0.359221,-0.512374,-0.486801,1.373178,1.216740,-0.337721,0.062770,-0.076182,-0.303141,-0.037221,0.579936,0.737783,-0.049891,-2.102033,-0.304880,2.181558,-1.764753,-0.902634,1.597354,0.565296,0.295651,0.056099,-0.255981,-0.049504,0.885159,0.647912,-0.388957
15.567109,1.370103,0.360503,-0.512440,-0.487570,1.372486,1.216581,-0.336753,0.061348,-0.090671,-0.295646,-0.045815,0.581524,0.740728,-0.050336,-2.101735,-0.304828,2.181298,-1.764802,-0.901718,1.598008,0.564907,0.296606,0.055138,-0.256610,-0.049899,0.889537,0.649977,-0.389431
15.568021,1.368126,0.360165,-0.508955,-0.488632,1.369011,1.212638,-0.338830,0.053161,-0.098713,-0.295165,-0.053079,0.583041,0.743212,-0.050840,-2.101436,-0.304771,2.181038,-1.764850,-0.900847,1.598671,0.564508,0.296425,0.055180,-0.256930,-0.048878,0.890423,0.650299,-0.391484
15.569002,1.369289,0.360518,-0.505060,-0.488020,1.368012,1.212583,-0.339169,0.042888,-0.103787,-0.297123,-0.060270,0.584705,0.745461,-0.051356,-2.101139,-0.304714,2.180776,-1.764894,-0.899949,1.599328,0.564132,0.297011,0.055891,-0.258661,-0.047570,0.892953,0.654067,-0.387291
15.570041,1.374064,0.358655,-0.508856,-0.488713,1.370916,1.209071,-0.339001,0.036198,-0.110548,-0.295844,-0.068728,0.586706,0.747760,-0.051842,-2.100845,-0.304657,2.180511,-1.764942,-0.899046,1.599987,0.563746,0.296282,0.056341,-0.260779,-0.047942,0.893519,0.654143,-0.386746
15.570953,1.374499,0.358247,-0.504612,-0.488938,1.370956,1.209136,-0.339422,0.038272,-0.122233,-0.286486,-0.078387,0.589069,0.750382,-0.052290,-2.100560,-0.304596,2.180256,-1.764987,-0.898173,1.600643,0.563353,0.294045,0.057927,-0.259339,-0.047094,0.890991,0.658008,-0.387261
15.571980,1.376185,0.359245,-0.502190,-0.487388,1.374651,1.211448,-0.339783,0.051774,-0.140849,-0.266588,-0.089363,0.591696,0.753388,-0.052698,-2.100267,-0.304539,2.179991,-1.765031,-0.897283,1.601300,0.562963,0.293478,0.058659,-0.261425,-0.046627,0.890086,0.657688,-0.386372
15.572958,1.374238,0.365202,-0.502808,-0.487281,1.377684,1.213565,-0.339708,0.078317,-0.166726,-0.234919,-0.100842,0.594491,0.756915,-0.053039,-2.099975,-0.304479,2.179722,-1.765083,-0.896394,1.601956,0.562581,0.292672,0.058808,-0.262914,-0.047879,0.886509,0.655626,-0.385844
15.574017,1.373162,0.362576,-0.503449,-0.485803,1.377021,1.213057,-0.340374,0.115878,-0.195890,-0.194106,-0.110314,0.597152,0.761026,-0.053281,-2.099681,-0.304426,2.179461,-1.765131,-0.895526,1.602596,0.562200,0.293524,0.056470,-0.262795,-0.047703,0.883404,0.653668,-0.386116
15.575069,1.374305,0.369147,-0.505638,-0.485088,1.382381,1.211884,-0.341886,0.157747,-0.223172,-0.150766,-0.116345,0.599226,0.765411,-0.053434,-2.099386,-0.304363,2.179197,-1.765184,-0.894636,1.603256,0.561813,0.294171,0.058487,-0.262928,-0.048892,0.884514,0.654580,-0.384994
15.576057,1.372162,0.367993,-0.502989,-0.482751,1.383610,1.213985,-0.341849,0.198614,-0.245901,-0.109859,-0.118629,0.600494,0.769733,-0.053532,-2.099094,-0.304313,2.178934,-1.765235,-0.893775,1.603917,0.561435,0.293721,0.055959,-0.262266,-0.049316,0.879738,0.656096,-0.382201
15.576947,1.370613,0.375248,-0.501550,-0.482254,1.383113,1.215213,-0.343223,0.236870,-0.262544,-0.073135,-0.116322,0.601039,0.773879,-0.053602,-2.098797,-0.304256,2.178668,-1.765289,-0.892895,1.604563,0.561057,0.294659,0.057202,-0.263786,-0.051278,0.878429,0.654128,-0.382447
15.578080,1.367065,0.380548,-0.501940,-0.483101,1.385676,1.217100,-0.342563,0.272554,-0.272332,-0.040744,-0.108590,0.601110,0.777872,-0.053680,-2.098501,-0.304206,2.178399,-1.765339,-0.892007,1.605211,0.560677,0.294945,0.054126,-0.264309,-0.051342,0.877875,0.652656,-0.379638
15.579060,1.368282,0.382765,-0.506261,-0.484023,1.383471,1.218753,-0.342742,0.303197,-0.273487,-0.014827,-0.095776,0.600945,0.781467,-0.053796,-2.098202,-0.304158,2.178136,-1.765387,-0.891142,1.605857,0.560292,0.297066,0.052425,-0.264829,-0.050364,0.876624,0.651530,-0.381358
15.580032,1.367106,0.383093,-0.504438,-0.485572,1.381693,1.221167,-0.342727,0.324762,-0.265206,0.001496,-0.079975,0.600767,0.784183,-0.053945,-2.097905,-0.304107,2.177875,-1.765433,-0.890256,1.606508,0.559915,0.296255,0.052027,-0.262856,-0.049220,0.878619,0.649982,-0.381115
15.581177,1.366852,0.384871,-0.504655,-0.486972,1.377603,1.221835,-0.342957,0.337335,-0.251016,0.009237,-0.064147,0.600939,0.785827,-0.054108,-2.097606,-0.304053,2.177607,-1.765477,-0.889380,1.607158,0.559528,0.296620,0.052515,-0.263903,-0.047485,0.880168,0.647628,-0.381228
15.582011,1.371368,0.380714,-0.505415,-0.487878,1.372804,1.223792,-0.343011,0.344152,-0.236055,0.012247,-0.050917,0.601833,0.786480,-0.054267,-2.097311,-0.304001,2.177344,-1.765519,-0.888485,1.607800,0.559151,0.297164,0.052523,-0.264550,-0.046107,0.885417,0.647822,-0.381175
15.583018,1.366080,0.380095,-0.507998,-0.488676,1.372733,1.225199,-0.342997,0.349752,-0.225198,0.015201,-0.041860,0.603658,0.786361,-0.054403,-2.097020,-0.303940,2.177081,-1.765562,-0.887588,1.608447,0.558769,0.294269,0.055009,-0.263848,-0.044941,0.888552,0.645366,-0.380932
15.584189,1.366781,0.378322,-0.499977,-0.488038,1.366385,1.229246,-0.342138,0.356478,-0.221702,0.020534,-0.037917,0.606364,0.785639,-0.054499,-2.096722,-0.303882,2.176822,-1.765606,-0.886703,1.609085,0.558384,0.296871,0.055955,-0.262880,-0.043982,0.888598,0.644265,-0.381110
15.585012,1.370894,0.379358,-0.499300,-0.488995,1.363953,1.228005,-0.340292,0.364629,-0.226560,0.028591,-0.039114,0.609709,0.784512,-0.054554,-2.096425,-0.303822,2.176545,-1.765652,-0.885794,1.609725,0.558003,0.296980,0.057685,-0.267626,-0.044609,0.896232,0.641148,-0.383283
15.586068,1.371798,0.382058,-0.499131,-0.488735,1.365561,1.229649,-0.339238,0.379526,-0.240862,0.043732,-0.043793,0.613571,0.783566,-0.054566,-2.096135,-0.303765,2.176275,-1.765694,-0.884904,1.610371,0.557608,0.294249,0.057565,-0.267491,-0.043367,0.896927,0.641920,-0.386783
15.587002,1.371957,0.384914,-0.498995,-0.487638,1.362663,1.228344,-0.338311,0.404888,-0.263151,0.068497,-0.049881,0.617776,0.783154,-0.054533,-2.095845,-0.303711,2.176009,-1.765738,-0.884003,1.611006,0.557218,0.293993,0.056972,-0.267991,-0.043532,0.895566,0.640765,-0.389087
15.587945,1.374063,0.389520,-0.497305,-0.488063,1.360501,1.230132,-0.337781,0.437582,-0.288154,0.099141,-0.055253,0.621855,0.783135,-0.054471,-2.095549,-0.303658,2.175739,-1.765786,-0.883094,1.611652,0.556821,0.293588,0.056147,-0.268004,-0.044329,0.897631,0.642039,-0.390915
15.589055,1.374752,0.390445,-0.494017,-0.489714,1.363895,1.230709,-0.338176,0.474262,-0.311075,0.131899,-0.057973,0.625354,0.783378,-0.054387,-2.095265,-0.303605,2.175467,-1.765830,-0.882198,1.612284,0.556424,0.292379,0.054464,-0.268821,-0.043694,0.899119,0.640288,-0.391955
15.589969,1.379693,0.395354,-0.499579,-0.489347,1.362189,1.229690,-0.336746,0.514601,-0.331265,0.166604,-0.058415,0.628177,0.783886,-0.054266,-2.094971,-0.303548,2.175194,-1.765867,-0.881305,1.612922,0.556036,0.292355,0.054822,-0.270994,-0.042140,0.896508,0.640441,-0.391455
15.590955,1.373191,0.396444,-0.497726,-0.488858,1.366444,1.229975,-0.335587,0.558275,-0.349380,0.203376,-0.057889,0.630336,0.784603,-0.054119,-2.094683,-0.303497,2.174930,-1.765909,-0.880398,1.613565,0.555630,0.289558,0.052952,-0.268110,-0.042331,0.897217,0.641349,-0.394257
15.591967,1.374386,0.399035,-0.496164,-0.485281,1.370531,1.232623,-0.333831,0.600894,-0.362982,0.238110,-0.056380,0.631589,0.785245,-0.053998,-2.094387,-0.303443,2.174659,-1.765953,-0.879519,1.614200,0.555226,0.292717,0.053088,-0.269197,-0.042654,0.892788,0.641278,-0.396603
15.592959,1.376780,0.400347,-0.494707,-0.482901,1.376150,1.230119,-0.334478,0.639171,-0.370184,0.267658,-0.052957,0.631765,0.785758,-0.053928,-2.094095,-0.303392,2.174388,-1.766007,-0.878640,1.614836,0.554816,0.292075,0.052520,-0.270178,-0.045882,0.888803,0.638929,-0.400179
15.593943,1.374676,0.398827,-0.494524,-0.481537,1.382648,1.230150,-0.334731,0.676598,-0.371705,0.294846,-0.045392,0.631061,0.786592,-0.053918,-2.093807,-0.303340,2.174113,-1.766058,-0.877773,1.615487,0.554414,0.290849,0.052573,-0.270993,-0.047935,0.883228,0.641640,-0.398889
15.594958,1.367610,0.405457,-0.496315,-0.481021,1.382451,1.227566,-0.332384,0.716757,-0.369934,0.323056,-0.033205,0.629886,0.788030,-0.053965,-2.093515,-0.303283,2.173845,-1.766109,-0.876888,1.616119,0.554018,0.291818,0.053973,-0.271219,-0.048937,0.876516,0.641815,-0.398455
15.596006,1.372790,0.404822,-0.496034,-0.480989,1.383274,1.227435,-0.333915,0.754361,-0.364690,0.348241,-0.018565,0.628387,0.789631,-0.054065,-2.093212,-0.303234,2.173573,-1.766158,-0.876018,1.616774,0.553604,0.295251,0.051394,-0.270520,-0.049202,0.877021,0.644652,-0.403246
15.596989,1.372675,0.406284,-0.497658,-0.480875,1.383987,1.228153,-0.333078,0.783393,-0.354108,0.365362,-0.003101,0.626585,0.790880,-0.054202,-2.092926,-0.303178,2.173303,-1.766206,-0.875139,1.617410,0.553206,0.292784,0.052470,-0.271008,-0.049009,0.876605,0.645229,-0.400268
15.598026,1.375593,0.407019,-0.499502,-0.481971,1.381083,1.225784,-0.333265,0.806619,-0.340952,0.377312,0.012113,0.624851,0.791847,-0.054313,-2.092633,-0.303126,2.173030,-1.766254,-0.874272,1.618057,0.552804,0.292751,0.052413,-0.270276,-0.048870,0.875862,0.644641,-0.402023
15.598970,1.375833,0.408406,-0.493124,-0.480560,1.378981,1.225793,-0.334048,0.827119,-0.328583,0.387334,0.025810,0.623464,0.792613,-0.054342,-2.092344,-0.303073,2.172760,-1.766301,-0.873402,1.618715,0.552400,0.291397,0.052801,-0.269653,-0.047560,0.879225,0.647334,-0.401752
15.599943,1.372783,0.408360,-0.494893,-0.481087,1.382008,1.223412,-0.332856,0.847318,-0.318849,0.397739,0.037535,0.622499,0.793279,-0.054288,-2.092059,-0.303019,2.172482,-1.766353,-0.872517,1.619363,0.552004,0.291121,0.052711,-0.272771,-0.048619,0.880763,0.647272,-0.400167
15.600980,1.374261,0.407549,-0.487201,-0.480168,1.381108,1.223604,-0.333992,0.869339,-0.312936,0.410445,0.047366,0.621965,0.794012,-0.054188,-2.091763,-0.302963,2.172209,-1.766400,-0.871643,1.620020,0.551596,0.292469,0.053366,-0.271888,-0.047808,0.877491,0.649714,-0.402590
15.601955,1.376283,0.404823,-0.484618,-0.478812,1.380688,1.220678,-0.334415,0.893394,-0.311889,0.425927,0.054666,0.621825,0.794810,-0.054045,-2.091475,-0.302904,2.171928,-1.766450,-0.870766,1.620669,0.551197,0.291845,0.054459,-0.275954,-0.048478,0.878795,0.649850,-0.400410
15.603026,1.376788,0.406910,-0.487875,-0.478195,1.381343,1.222608,-0.334255,0.924031,-0.318731,0.448497,0.059475,0.622204,0.795939,-0.053824,-2.091186,-0.302846,2.171646,-1.766504,-0.869887,1.621331,0.550802,0.290732,0.056431,-0.277159,-0.049432,0.878977,0.652818,-0.399630
15.604079,1.378580,0.405580,-0.484081,-0.477490,1.382973,1.223066,-0.332631,0.962716,-0.333520,0.479200,0.062842,0.623027,0.797485,-0.053530,-2.090892,-0.302790,2.171369,-1.766556,-0.869003,1.621987,0.550401,0.290659,0.056122,-0.275846,-0.049763,0.878896,0.651288,-0.400150
15.605062,1.376170,0.409319,-0.485103,-0.477075,1.383336,1.222679,-0.333830,1.005830,-0.353176,0.514398,0.065539,0.624025,0.799221,-0.053199,-2.090605,-0.302729,2.171089,-1.766609,-0.868134,1.622634,0.549993,0.289953,0.057480,-0.278013,-0.050153,0.877828,0.651273,-0.403558
15.605984,1.370951,0.412493,-0.484265,-0.476093,1.379532,1.222716,-0.334121,1.050547,-0.375176,0.551359,0.067864,0.625067,0.801000,-0.052859,-2.090312,-0.302674,2.170812,-1.766659,-0.867253,1.623288,0.549584,0.291051,0.056226,-0.277514,-0.050234,0.877303,0.651760,-0.401109
15.606971,1.372435,0.418789,-0.485507,-0.477120,1.380391,1.224020,-0.334733,1.090225,-0.394436,0.583733,0.070276,0.625876,0.802449,-0.052517,-2.090017,-0.302619,2.170529,-1.766711,-0.866377,1.623946,0.549186,0.293323,0.055219,-0.277693,-0.050803,0.880494,0.651548,-0.400499
15.608056,1.370727,0.419797,-0.482357,-0.474316,1.381481,1.221288,-0.335872,1.118434,-0.405461,0.605236,0.073394,0.626202,0.803242,-0.052182,-2.089723,-0.302573,2.170257,-1.766758,-0.865492,1.624590,0.548793,0.292431,0.052818,-0.277169,-0.049535,0.879423,0.650407,-0.399350
15.608964,1.369011,0.421398,-0.486282,-0.472603,1.376716,1.219241,-0.333989,1.135947,-0.407066,0.616262,0.077863,0.626179,0.803510,-0.051893,-2.089427,-0.302519,2.169973,-1.766814,-0.864602,1.625249,0.548396,0.293496,0.053138,-0.279062,-0.052004,0.878967,0.653663,-0.397288
15.610003,1.374654,0.421765,-0.490483,-0.473719,1.378114,1.217054,-0.333580,1.144813,-0.400045,0.618483,0.084540,0.625948,0.803447,-0.051714,-2.089134,-0.302465,2.169704,-1.766868,-0.863721,1.625898,0.547986,0.293969,0.052904,-0.276934,-0.053229,0.882955,0.655519,-0.400991
15.611033,1.372730,0.424463,-0.489441,-0.474485,1.376839,1.217054,-0.335436,1.145291,-0.385926,0.612332,0.092832,0.625579,0.803002,-0.051672,-2.088846,-0.302411,2.169431,-1.766918,-0.862832,1.626561,0.547585,0.291250,0.053460,-0.275112,-0.051831,0.881751,0.657981,-0.401919
15.612003,1.370356,0.423384,-0.492972,-0.474742,1.374169,1.219140,-0.336711,1.139365,-0.368134,0.600328,0.100252,0.625334,0.802122,-0.051723,-2.088550,-0.302361,2.169153,-1.766966,-0.861954,1.627223,0.547189,0.292264,0.052871,-0.275838,-0.050835,0.883329,0.658204,-0.398302
15.613078,1.370577,0.420659,-0.492454,-0.474107,1.371694,1.219461,-0.336055,1.109016,-0.331859,0.562401,0.104157,0.625382,0.798808,-0.051952,-2.087963,-0.302247,2.168608,-1.767069,-0.860159,1.628529,0.546401,0.293349,0.056162,-0.274778,-0.050607,0.888522,0.656326,-0.397384
15.614061,1.374000,0.420439,-0.497884,-0.473369,1.376095,1.221847,-0.337668,1.109016,-0.331859,0.562401,0.104157,0.625382,0.798808,-0.051952,-2.087963,-0.302247,2.168608,-1.767069,-0.860159,1.628529,0.546401,0.293349,0.056162,-0.274778,-0.050607,0.888522,0.656326,-0.397384
15.615003,1.373666,0.422152,-0.498145,-0.471787,1.374608,1.221889,-0.337236,1.087646,-0.318386,0.539969,0.099684,0.625493,0.796682,-0.052086,-2.087679,-0.302191,2.168342,-1.767121,-0.859293,1.629180,0.546009,0.291607,0.056895,-0.272201,-0.050998,0.884026,0.654028,-0.394190
15.615987,1.372434,0.423985,-0.497643,-0.469499,1.375695,1.220239,-0.337359,1.045306,-0.299127,0.497133,0.087389,0.625248,0.793019,-0.052253,-2.087093,-0.302080,2.167795,-1.767232,-0.857516,1.630506,0.545225,0.292040,0.056356,-0.272354,-0.053961,0.883618,0.655599,-0.394923
15.616993,1.372039,0.426622,-0.494796,-0.468511,1.377887,1.219793,-0.337432,1.045306,-0.299127,0.497133,0.087389,0.625248,0.793019,-0.052253,-2.087093,-0.302080,2.167795,-1.767232,-0.857516,1.630506,0.545225,0.292040,0.056356,-0.272354,-0.053961,0.883618,0.655599,-0.394923
15.617963,1.373709,0.433595,-0.499783,-0.467436,1.378014,1.220600,-0.338094,1.025916,-0.288882,0.476762,0.084107,0.624469,0.791789,-0.052244,-2.086803,-0.302027,2.167521,-1.767286,-0.856647,1.631162,0.544824,0.292223,0.055740,-0.273946,-0.054530,0.881583,0.656218,-0.394860
15.619103,1.379684,0.436054,-0.503197,-0.467428,1.382632,1.218692,-0.338111,1.007954,-0.275718,0.456870,0.084431,0.623067,0.791024,-0.052177,-2.086511,-0.301979,2.167253,-1.767343,-0.855764,1.631821,0.544439,0.291232,0.052951,-0.271510,-0.055121,0.881161,0.655406,-0.393605
15.619984,1.381407,0.438316,-0.500559,-0.467955,1.380737,1.216846,-0.337141,0.990172,-0.257167,0.436015,0.089093,0.620938,0.790595,-0.052077,-2.086232,-0.301927,2.166984,-1.767396,-0.854899,1.632475,0.544044,0.288812,0.052646,-0.270473,-0.054889,0.877891,0.658089,-0.393917
15.621014,1.379574,0.443447,-0.506353,-0.468262,1.384609,1.215684,-0.338169,0.974786,-0.235339,0.416568,0.096883,0.618335,0.790480,-0.051953,-2.085944,-0.301878,2.166712,-1.767446,-0.854021,1.633140,0.543647,0.287558,0.052095,-0.271558,-0.053941,0.878788,0.659535,-0.395760
15.622053,1.381246,0.445320,-0.505645,-0.467546,1.392877,1.217591,-0.336478,0.961725,-0.212448,0.399174,0.105576,0.615561,0.790500,-0.051796,-2.085652,-0.301830,2.166446,-1.767500,-0.853151,1.633809,0.543260,0.288547,0.050323,-0.268964,-0.053278,0.875237,0.660902,-0.393841
15.623180,1.380185,0.446827,-0.512670,-0.468051,1.387623,1.214730,-0.337735,0.928577,-0.160911,0.359386,0.121682,0.610333,0.789929,-0.051388,-2.085076,-0.301727,2.165919,-1.767605,-0.851409,1.635125,0.542466,0.288813,0.050302,-0.266867,-0.052908,0.873937,0.662836,-0.395152
15.624017,1.380630,0.449270,-0.516879,-0.467427,1.386857,1.213732,-0.336968,0.928577,-0.160911,0.359386,0.121682,0.610333,0.789929,-0.051388,-2.085076,-0.301727,2.165919,-1.767605,-0.851409,1.635125,0.542466,0.288813,0.050302,-0.266867,-0.052908,0.873937,0.662836,-0.395152
15.624993,1.373374,0.447979,-0.518027,-0.467831,1.385447,1.214769,-0.337636,0.903194,-0.132414,0.332664,0.127907,0.608221,0.788979,-0.051199,-2.084789,-0.301679,2.165656,-1.767661,-0.850525,1.635792,0.542063,0.288028,0.049605,-0.264470,-0.052970,0.873155,0.663234,-0.396513
15.625992,1.376872,0.452512,-0.517723,-0.468582,1.381537,1.212848,-0.337675,0.867625,-0.101806,0.297667,0.132052,0.606494,0.787310,-0.051102,-2.084491,-0.301627,2.165394,-1.767712,-0.849653,1.636454,0.541673,0.291492,0.050954,-0.264111,-0.052219,0.874440,0.662201,-0.395222
15.627033,1.380372,0.448695,-0.522638,-0.468391,1.375832,1.212393,-0.339192,0.823125,-0.071150,0.255907,0.133195,0.605333,0.785069,-0.051113,-2.084205,-0.301581,2.165127,-1.767762,-0.848762,1.637122,0.541278,0.289702,0.049445,-0.264474,-0.051161,0.878254,0.664230,-0.395249
15.628074,1.376655,0.450591,-0.521421,-0.469576,1.376332,1.208149,-0.338614,0.775813,-0.043698,0.212903,0.131455,0.604889,0.782686,-0.051221,-2.083920,-0.301522,2.164870,-1.767815,-0.847878,1.637786,0.540890,0.288137,0.052075,-0.262468,-0.051029,0.884289,0.664948,-0.392379
15.628970,1.375726,0.448373,-0.524654,-0.466592,1.372621,1.208386,-0.337119,0.730038,-0.022551,0.172711,0.126494,0.605087,0.780410,-0.051427,-2.083625,-0.301472,2.164605,-1.767863,-0.846994,1.638465,0.540496,0.290083,0.051886,-0.263480,-0.049623,0.884046,0.669408,-0.393744
15.629965,1.374458,0.446791,-0.520520,-0.467394,1.370657,1.205129,-0.340182,0.685244,-0.007879,0.134921,0.118258,0.605581,0.778216,-0.051744,-2.083334,-0.301416,2.164345,-1.767918,-0.846104,1.639144,0.540090,0.290131,0.053528,-0.261772,-0.052127,0.886759,0.668715,-0.396624
15.631157,1.380333,0.449510,-0.526587,-0.466234,1.370843,1.205547,-0.339512,0.642581,0.000382,0.100371,0.107908,0.606051,0.776249,-0.052134,-2.083043,-0.301360,2.164079,-1.767965,-0.845207,1.639815,0.539711,0.290723,0.054979,-0.264088,-0.051056,0.888489,0.672056,-0.390557
15.632087,1.381035,0.449850,-0.525239,-0.465272,1.369504,1.205570,-0.340119,0.605606,0.001323,0.072081,0.096227,0.606335,0.774706,-0.052527,-2.082759,-0.301307,2.163823,-1.768020,-0.844310,1.640490,0.539318,0.288470,0.054552,-0.262016,-0.052002,0.889813,0.672436,-0.392398
15.633000,1.377857,0.457222,-0.528158,-0.466073,1.375310,1.207167,-0.340026,0.576699,-0.003574,0.051525,0.084913,0.606258,0.773710,-0.052885,-2.082473,-0.301251,2.163561,-1.768075,-0.843424,1.641158,0.538928,0.287909,0.054958,-0.262752,-0.052469,0.890457,0.672202,-0.391152
15.634123,1.373756,0.457977,-0.534351,-0.463583,1.372896,1.205378,-0.338441,0.553906,-0.010457,0.036244,0.075249,0.605623,0.773164,-0.053201,-2.082181,-0.301205,2.163302,-1.768125,-0.842546,1.641825,0.538540,0.289175,0.051912,-0.261281,-0.051278,0.883837,0.670322,-0.391328
15.635097,1.373917,0.461034,-0.530108,-0.460323,1.374563,1.206028,-0.337668,0.528907,-0.013442,0.018294,0.067317,0.604085,0.772528,-0.053493,-2.081883,-0.301153,2.163048,-1.768184,-0.841648,1.642504,0.538140,0.291532,0.052438,-0.258961,-0.053392,0.887240,0.672672,-0.394810
15.635983,1.370068,0.466383,-0.531270,-0.461808,1.383031,1.208655,-0.337164,0.497524,-0.009241,-0.006630,0.062456,0.601456,0.771584,-0.053775,-2.081593,-0.301101,2.162782,-1.768245,-0.840769,1.643164,0.537744,0.291314,0.051577,-0.261269,-0.056082,0.885299,0.672023,-0.396384
15.637089,1.369294,0.466819,-0.532210,-0.459924,1.382225,1.208591,-0.336905,0.463450,0.001082,-0.035289,0.061527,0.598081,0.770613,-0.054028,-2.081298,-0.301055,2.162521,-1.768296,-0.839903,1.643834,0.537340,0.292775,0.049519,-0.260546,-0.054142,0.875872,0.668971,-0.397252
15.638099,1.368943,0.468728,-0.535054,-0.460183,1.384977,1.213864,-0.334817,0.428190,0.015790,-0.065705,0.062915,0.594402,0.769594,-0.054235,-2.081004,-0.301004,2.162260,-1.768353,-0.839030,1.644505,0.536938,0.293453,0.050187,-0.260725,-0.055673,0.877795,0.669573,-0.398012
15.639025,1.364946,0.472801,-0.538244,-0.459664,1.387544,1.212500,-0.334849,0.392037,0.032566,-0.096966,0.065035,0.590742,0.768400,-0.054400,-2.080709,-0.300955,2.162005,-1.768406,-0.838156,1.645157,0.536531,0.293571,0.049985,-0.259681,-0.055044,0.875140,0.664460,-0.402286
15.640032,1.361181,0.467933,-0.540262,-0.460450,1.388040,1.218728,-0.333030,0.354225,0.050670,-0.129453,0.067076,0.587323,0.766857,-0.054546,-2.080410,-0.300908,2.161750,-1.768460,-0.837287,1.645830,0.536125,0.295202,0.048604,-0.258184,-0.055102,0.872013,0.665636,-0.402101
15.641054,1.365466,0.467440,-0.545546,-0.460950,1.387063,1.217110,-0.332137,0.311905,0.069344,-0.165171,0.067122,0.584257,0.764657,-0.054680,-2.080113,-0.300849,2.161493,-1.768511,-0.836422,1.646479,0.535710,0.296997,0.051724,-0.257548,-0.054003,0.871754,0.659564,-0.405803
15.642000,1.362554,0.468689,-0.542700,-0.461934,1.386538,1.219876,-0.331908,0.266351,0.084032,-0.202125,0.062624,0.581732,0.761802,-0.054797,-2.079819,-0.300796,2.161243,-1.768562,-0.835546,1.647143,0.535301,0.294810,0.052678,-0.255374,-0.053194,0.872967,0.661455,-0.407647
15.643064,1.360889,0.467997,-0.548102,-0.461576,1.389641,1.217414,-0.331364,0.222163,0.091192,-0.235997,0.052755,0.579913,0.758549,-0.054908,-2.079520,-0.300743,2.160982,-1.768610,-0.834687,1.647803,0.534887,0.295984,0.052670,-0.256936,-0.051907,0.873208,0.658558,-0.408020
15.643975,1.358981,0.468211,-0.543230,-0.460299,1.388290,1.217635,-0.331358,0.180663,0.091164,-0.265963,0.037973,0.578708,0.755031,-0.055051,-2.079222,-0.300689,2.160731,-1.768663,-0.833816,1.648465,0.534479,0.296920,0.053791,-0.254824,-0.051970,0.870719,0.661454,-0.409263
15.645107,1.355617,0.469533,-0.545103,-0.459277,1.388859,1.216224,-0.331616,0.141648,0.085261,-0.292696,0.019474,0.577911,0.751383,-0.055244,-2.078926,-0.300633,2.160469,-1.768716,-0.832938,1.649125,0.534070,0.297458,0.054230,-0.257267,-0.052794,0.871332,0.660968,-0.409148
15.646067,1.352218,0.473237,-0.547576,-0.457575,1.390699,1.215431,-0.331326,0.106393,0.074854,-0.315665,-0.000549,0.577368,0.747855,-0.055478,-2.078624,-0.300577,2.160214,-1.768771,-0.832074,1.649780,0.533656,0.299445,0.054403,-0.257116,-0.053539,0.872076,0.663104,-0.408870
15.647054,1.351144,0.478610,-0.544325,-0.459540,1.390976,1.217298,-0.329865,0.072509,0.063823,-0.337764,-0.019796,0.576770,0.744373,-0.055740,-2.078318,-0.300526,2.159959,-1.768826,-0.831201,1.650444,0.533249,0.300789,0.053204,-0.256089,-0.054772,0.869925,0.663828,-0.409440
15.647992,1.351961,0.478144,-0.544139,-0.460239,1.387274,1.221021,-0.332047,0.037419,0.056164,-0.361872,-0.036880,0.575925,0.740757,-0.056012,-2.078015,-0.300477,2.159697,-1.768875,-0.830334,1.651108,0.532830,0.301087,0.051237,-0.257966,-0.052493,0.869676,0.661987,-0.412361
15.649076,1.353717,0.480753,-0.550654,-0.460455,1.385135,1.223134,-0.330724,0.004419,0.050613,-0.384749,-0.052424,0.575068,0.737182,-0.056267,-2.077717,-0.300423,2.159442,-1.768924,-0.829460,1.651751,0.532432,0.300329,0.052096,-0.258185,-0.051472,0.872912,0.658223,-0.407897
15.649956,1.343096,0.484407,-0.547586,-0.458106,1.388352,1.223165,-0.331690,-0.023626,0.044619,-0.403428,-0.067262,0.574371,0.733840,-0.056496,-2.077416,-0.300372,2.159189,-1.768973,-0.828569,1.652408,0.532015,0.299590,0.051618,-0.255576,-0.051067,0.875675,0.656625,-0.410766
15.650972,1.344554,0.485994,-0.546031,-0.459672,1.384708,1.225533,-0.332457,-0.050290,0.040567,-0.421464,-0.080557,0.573653,0.730593,-0.056710,-2.077108,-0.300325,2.158928,-1.769029,-0.827707,1.653060,0.531609,0.304293,0.050395,-0.257016,-0.052888,0.871501,0.656295,-0.408632
15.652015,1.344902,0.488981,-0.545645,-0.459410,1.381828,1.227533,-0.332176,-0.078429,0.040623,-0.441630,-0.091745,0.572871,0.727358,-0.056898,-2.076804,-0.300273,2.158671,-1.769076,-0.826819,1.653719,0.531207,0.303374,0.050351,-0.258177,-0.051077,0.875286,0.654114,-0.407199
15.652944,1.347175,0.488970,-0.548555,-0.458551,1.383781,1.226142,-0.331642,-0.104031,0.042294,-0.460044,-0.101343,0.572374,0.724430,-0.057046,-2.076497,-0.300225,2.158409,-1.769126,-0.825925,1.654372,0.530800,0.303127,0.049665,-0.258786,-0.051098,0.878380,0.652464,-0.407898
15.654005,1.347050,0.495561,-0.547807,-0.460135,1.381095,1.226676,-0.332644,-0.133785,0.043956,-0.479272,-0.115097,0.573245,0.720272,-0.057270,-2.075894,-0.300130,2.157895,-1.769223,-0.824167,1.655686,0.529979,0.301693,0.047862,-0.258331,-0.049824,0.879033,0.653597,-0.406985
15.655115,1.345757,0.494368,-0.548299,-0.459533,1.380114,1.231363,-0.334023,-0.133785,0.043956,-0.479272,-0.115097,0.573245,0.720272,-0.057270,-2.075894,-0.300130,2.157895,-1.769223,-0.824167,1.655686,0.529979,0.301693,0.047862,-0.258331,-0.049824,0.879033,0.653597,-0.406985
15.656005,1.347129,0.493754,-0.552313,-0.460919,1.376804,1.230440,-0.333047,-0.138545,0.044487,-0.480612,-0.119629,0.574699,0.718905,-0.057355,-2.075593,-0.300078,2.157633,-1.769273,-0.823289,1.656336,0.529580,0.302576,0.049361,-0.258737,-0.050251,0.880979,0.649509,-0.404483
15.656977,1.346835,0.493637,-0.551477,-0.461544,1.371475,1.228936,-0.335569,-0.138416,0.043299,-0.477432,-0.124243,0.576747,0.717917,-0.057419,-2.075293,-0.300025,2.157382,-1.769318,-0.822399,1.656984,0.529175,0.301348,0.050210,-0.256735,-0.048588,0.883213,0.650236,-0.406346
15.658109,1.348773,0.494376,-0.553521,-0.459784,1.377908,1.226709,-0.334574,-0.134328,0.038141,-0.469993,-0.130778,0.579232,0.717181,-0.057466,-2.074989,-0.299973,2.157124,-1.769364,-0.821490,1.657641,0.528784,0.301203,0.050943,-0.257391,-0.047731,0.888027,0.651776,-0.401296
15.659095,1.347899,0.494996,-0.557368,-0.458762,1.374556,1.227352,-0.335962,-0.125725,0.028317,-0.457833,-0.139373,0.581929,0.716736,-0.057506,-2.074692,-0.299922,2.156869,-1.769418,-0.820625,1.658298,0.528375,0.300578,0.051468,-0.257170,-0.049235,0.882799,0.654710,-0.403616
15.659986,1.349998,0.494639,-0.554507,-0.457280,1.375325,1.223123,-0.337221,-0.113024,0.015540,-0.441930,-0.148149,0.584461,0.716734,-0.057562,-2.074390,-0.299870,2.156612,-1.769471,-0.819731,1.658954,0.527980,0.300812,0.051855,-0.255522,-0.049889,0.885956,0.654126,-0.400861
15.661079,1.347905,0.497927,-0.555607,-0.456138,1.381618,1.221921,-0.338128,-0.096729,0.001375,-0.423286,-0.155395,0.586489,0.717289,-0.057648,-2.074093,-0.299817,2.156352,-1.769523,-0.818860,1.659621,0.527583,0.299254,0.052581,-0.256901,-0.050927,0.884268,0.658045,-0.398249
15.662035,1.349090,0.497880,-0.561228,-0.456541,1.380460,1.223376,-0.339395,-0.075621,-0.013904,-0.401045,-0.160220,0.587899,0.718491,-0.057766,-2.073792,-0.299769,2.156096,-1.769574,-0.817987,1.660276,0.527193,0.300497,0.051802,-0.257003,-0.051831,0.878818,0.659765,-0.396711
15.663135,1.344496,0.504764,-0.557660,-0.456306,1.385369,1.225219,-0.339021,-0.052266,-0.028769,-0.377514,-0.162707,0.588543,0.720123,-0.057921,-2.073493,-0.299715,2.155844,-1.769624,-0.817106,1.660936,0.526802,0.299601,0.052475,-0.254411,-0.051067,0.879632,0.658232,-0.394206
15.664004,1.346789,0.508237,-0.559800,-0.454814,1.389734,1.223294,-0.339783,-0.031267,-0.041017,-0.356723,-0.163476,0.588289,0.721870,-0.058106,-2.073189,-0.299668,2.155585,-1.769676,-0.816245,1.661582,0.526401,0.302089,0.049906,-0.256892,-0.051057,0.875737,0.657014,-0.395227
15.664966,1.344678,0.509253,-0.557127,-0.452350,1.386609,1.223896,-0.338960,-0.013640,-0.048491,-0.339849,-0.161764,0.587273,0.723701,-0.058285,-2.072892,-0.299621,2.155330,-1.769730,-0.815378,1.662248,0.526017,0.300326,0.048777,-0.255696,-0.052055,0.870323,0.658524,-0.393594
15.666069,1.343358,0.516891,-0.558447,-0.453532,1.390630,1.227829,-0.339753,0.002814,-0.050656,-0.325383,-0.155776,0.585794,0.725807,-0.058427,-2.072587,-0.299571,2.155065,-1.769789,-0.814493,1.662909,0.525619,0.301071,0.048960,-0.257163,-0.053967,0.873139,0.657873,-0.395289
15.667083,1.335191,0.517210,-0.561433,-0.450528,1.390647,1.226534,-0.340637,0.018836,-0.047980,-0.312713,-0.144988,0.584126,0.728273,-0.058527,-2.072289,-0.299530,2.154811,-1.769838,-0.813632,1.663559,0.525231,0.301969,0.046099,-0.257201,-0.052582,0.870157,0.654525,-0.393970
15.668002,1.339657,0.520307,-0.556320,-0.452698,1.387431,1.228665,-0.341000,0.029204,-0.038804,-0.306253,-0.130360,0.582331,0.730736,-0.058596,-2.071976,-0.299482,2.154553,-1.769897,-0.812759,1.664220,0.524841,0.305832,0.046746,-0.256071,-0.055128,0.870353,0.656052,-0.392338
15.669047,1.338414,0.520733,-0.555910,-0.453818,1.388807,1.226271,-0.341471,0.033843,-0.010444,-0.308569,-0.097119,0.579596,0.735104,-0.058723,-2.071375,-0.299391,2.154030,-1.769989,-0.811012,1.665534,0.524063,0.303769,0.046508,-0.259274,-0.051368,0.871971,0.656476,-0.390852
15.670131,1.340516,0.520097,-0.550987,-0.454207,1.384719,1.232058,-0.341662,0.033843,-0.010444,-0.308569,-0.097119,0.579596,0.735104,-0.058723,-2.071375,-0.299391,2.154030,-1.769989,-0.811012,1.665534,0.524063,0.303769,0.046508,-0.259274,-0.051368,0.871971,0.656476,-0.390852
15.671040,1.346868,0.521919,-0.555210,-0.455415,1.382266,1.228745,-0.342175,0.041592,-0.003841,-0.303259,-0.083891,0.579827,0.737478,-0.058786,-2.071074,-0.299342,2.153761,-1.770041,-0.810119,1.666178,0.523671,0.302826,0.047689,-0.262241,-0.050702,0.876722,0.651180,-0.390721
15.671997,1.344318,0.524327,-0.551285,-0.456644,1.376789,1.228837,-0.340673,0.059185,-0.007313,-0.287453,-0.074349,0.581488,0.740303,-0.058842,-2.070783,-0.299295,2.153507,-1.770090,-0.809242,1.666830,0.523281,0.299282,0.047416,-0.260135,-0.049127,0.878371,0.654382,-0.389646
15.673071,1.347247,0.520545,-0.551782,-0.455864,1.369435,1.228525,-0.342688,0.086367,-0.019742,-0.261731,-0.068301,0.584376,0.743486,-0.058896,-2.070479,-0.299248,2.153241,-1.770136,-0.808344,1.667484,0.522885,0.300256,0.046925,-0.262215,-0.047668,0.883306,0.654248,-0.392709
15.674106,1.347528,0.519584,-0.549205,-0.454216,1.369307,1.232110,-0.342185,0.120391,-0.039667,-0.228778,-0.065832,0.588054,0.746852,-0.058944,-2.070179,-0.299194,2.152975,-1.770187,-0.807453,1.668147,0.522499,0.298880,0.049632,-0.262423,-0.048222,0.891228,0.654987,-0.388865
15.674983,1.345350,0.522810,-0.544578,-0.454464,1.368759,1.229629,-0.342602,0.161705,-0.067753,-0.188354,-0.066022,0.592130,0.750649,-0.058973,-2.069885,-0.299143,2.152711,-1.770239,-0.806541,1.668785,0.522110,0.298797,0.050870,-0.264098,-0.049558,0.891254,0.651768,-0.390096
15.676015,1.349647,0.526944,-0.542126,-0.452306,1.365012,1.228706,-0.343482,0.210646,-0.102781,-0.140590,-0.067339,0.596299,0.755128,-0.058985,-2.069581,-0.299095,2.152439,-1.770287,-0.805648,1.669442,0.521723,0.299283,0.049822,-0.266147,-0.048932,0.890577,0.653949,-0.389160
15.677012,1.346765,0.526612,-0.544218,-0.451622,1.364325,1.232087,-0.341391,0.266356,-0.140687,-0.087078,-0.067853,0.600293,0.760339,-0.058999,-2.069289,-0.299048,2.152171,-1.770341,-0.804758,1.670093,0.521337,0.297168,0.048573,-0.267678,-0.050750,0.894549,0.655179,-0.387577
15.677958,1.343227,0.533607,-0.540148,-0.453520,1.365532,1.230725,-0.340743,0.385965,-0.210391,0.024284,-0.061614,0.606516,0.772470,-0.059182,-2.068683,-0.298958,2.151632,-1.770439,-0.802959,1.671401,0.520541,0.299854,0.046736,-0.268834,-0.048895,0.893065,0.653261,-0.393153
15.679188,1.347642,0.539129,-0.542417,-0.452866,1.369748,1.229238,-0.341266,0.385965,-0.210391,0.024284,-0.061614,0.606516,0.772470,-0.059182,-2.068683,-0.298958,2.151632,-1.770439,-0.802959,1.671401,0.520541,0.299854,0.046736,-0.268834,-0.048895,0.893065,0.653261,-0.393153
15.680021,1.342871,0.542401,-0.541947,-0.451306,1.366485,1.230016,-0.343238,0.485935,-0.254457,0.114672,-0.052062,0.609274,0.784097,-0.059613,-2.068084,-0.298873,2.151095,-1.770544,-0.801179,1.672716,0.519770,0.299978,0.044091,-0.268522,-0.050491,0.892488,0.654494,-0.388481
15.681046,1.345476,0.543077,-0.538059,-0.450337,1.373130,1.234944,-0.342118,0.485935,-0.254457,0.114672,-0.052062,0.609274,0.784097,-0.059613,-2.068084,-0.298873,2.151095,-1.770544,-0.801179,1.672716,0.519770,0.299978,0.044091,-0.268522,-0.050491,0.892488,0.654494,-0.388481
15.682020,1.342842,0.541103,-0.535654,-0.448997,1.377486,1.235707,-0.342558,0.527120,-0.264020,0.150264,-0.044581,0.609393,0.789410,-0.059876,-2.067790,-0.298826,2.150818,-1.770597,-0.800318,1.673369,0.519374,0.298657,0.044567,-0.270653,-0.051104,0.886157,0.649805,-0.390914
15.683134,1.348644,0.541018,-0.537581,-0.448624,1.381455,1.237275,-0.340274,0.568461,-0.270930,0.185603,-0.035650,0.609154,0.794806,-0.060173,-2.067488,-0.298778,2.150546,-1.770650,-0.799439,1.674011,0.518985,0.299742,0.046286,-0.271914,-0.052066,0.881592,0.649215,-0.390077
15.684015,1.347412,0.542605,-0.536019,-0.448613,1.385008,1.233183,-0.340754,0.614113,-0.280526,0.225226,-0.026743,0.609002,0.800473,-0.060498,-2.067193,-0.298729,2.150273,-1.770702,-0.798561,1.674662,0.518580,0.297101,0.047219,-0.271457,-0.052183,0.878645,0.648298,-0.394947
15.685000,1.344313,0.543582,-0.532246,-0.448583,1.383112,1.237067,-0.340263,0.664434,-0.294514,0.269695,-0.018966,0.609167,0.806310,-0.060814,-2.066898,-0.298681,2.150003,-1.770754,-0.797691,1.675316,0.518193,0.297251,0.047018,-0.272024,-0.051739,0.874129,0.652116,-0.393855
15.686083,1.349655,0.540519,-0.535112,-0.447598,1.387614,1.231356,-0.339782,0.716885,-0.312107,0.316770,-0.013219,0.609720,0.812117,-0.061092,-2.066595,-0.298633,2.149722,-1.770804,-0.796817,1.675962,0.517786,0.298585,0.047275,-0.273922,-0.051449,0.876018,0.648315,-0.394877
15.687007,1.354736,0.545539,-0.528511,-0.447434,1.382950,1.229409,-0.338417,0.769599,-0.333350,0.364909,-0.010065,0.610692,0.817799,-0.061352,-2.066305,-0.298580,2.149448,-1.770860,-0.795963,1.676630,0.517391,0.296135,0.049633,-0.272869,-0.052086,0.872439,0.654541,-0.396074
15.687977,1.352890,0.549085,-0.523618,-0.447806,1.382823,1.227554,-0.338081,0.825902,-0.359391,0.416797,-0.008612,0.612223,0.823510,-0.061619,-2.066016,-0.298536,2.149169,-1.770910,-0.795082,1.677283,0.516992,0.293319,0.047783,-0.276012,-0.051879,0.876489,0.656309,-0.398768
15.689082,1.353193,0.546374,-0.524048,-0.445521,1.387376,1.228712,-0.337282,0.889141,-0.389192,0.474781,-0.007200,0.614384,0.829410,-0.061874,-2.065721,-0.298491,2.148885,-1.770961,-0.794200,1.677946,0.516592,0.294086,0.046782,-0.278359,-0.051151,0.876292,0.658155,-0.399446
15.690008,1.351631,0.544826,-0.521793,-0.446332,1.382330,1.224397,-0.336129,0.956995,-0.420810,0.536605,-0.005372,0.616991,0.835376,-0.062074,-2.065428,-0.298438,2.148607,-1.771019,-0.793339,1.678595,0.516185,0.294230,0.048998,-0.278560,-0.053075,0.872803,0.657597,-0.401276
15.691067,1.353059,0.548398,-0.526018,-0.445944,1.384107,1.225267,-0.337302,1.024959,-0.454370,0.598642,-0.004220,0.619755,0.841066,-0.062193,-2.065129,-0.298386,2.148326,-1.771069,-0.792453,1.679262,0.515781,0.294625,0.050377,-0.279483,-0.051871,0.877209,0.661746,-0.403521
15.691980,1.351632,0.551465,-0.524633,-0.446252,1.383004,1.229074,-0.336966,1.088217,-0.488864,0.656761,-0.004877,0.622370,0.846013,-0.062252,-2.064834,-0.298338,2.148048,-1.771122,-0.791584,1.679926,0.515382,0.294027,0.049405,-0.277625,-0.051935,0.875999,0.661180,-0.401307
15.693068,1.352481,0.551048,-0.521930,-0.444994,1.383245,1.228202,-0.338144,1.142231,-0.520214,0.706413,-0.006703,0.624531,0.849948,-0.062294,-2.064543,-0.298293,2.147770,-1.771175,-0.790702,1.680571,0.514982,0.294410,0.048552,-0.278122,-0.051169,0.876320,0.657201,-0.401934
15.694025,1.348111,0.555990,-0.520788,-0.442404,1.380754,1.226193,-0.338607,1.187246,-0.546919,0.747435,-0.008597,0.626185,0.853065,-0.062348,-2.064249,-0.298241,2.147485,-1.771232,-0.789818,1.681232,0.514579,0.294211,0.049605,-0.279790,-0.052068,0.876812,0.658614,-0.399757
15.694961,1.342599,0.553483,-0.519143,-0.440409,1.381073,1.226321,-0.338494,1.224941,-0.568687,0.780956,-0.009224,0.627338,0.855614,-0.062420,-2.063953,-0.298196,2.147206,-1.771291,-0.788926,1.681891,0.514183,0.296163,0.047841,-0.280259,-0.054129,0.878814,0.660589,-0.398861
15.695999,1.338860,0.559023,-0.521642,-0.439056,1.379738,1.229624,-0.338037,1.253094,-0.583342,0.804524,-0.007174,0.627839,0.857530,-0.062508,-2.063646,-0.298143,2.146923,-1.771349,-0.788057,1.682554,0.513789,0.298478,0.049743,-0.280886,-0.055551,0.877999,0.660289,-0.399090
15.696955,1.341295,0.562086,-0.519287,-0.440435,1.377136,1.229352,-0.338253,1.268089,-0.589338,0.814924,-0.002345,0.627583,0.858620,-0.062619,-2.063341,-0.298099,2.146645,-1.771408,-0.787165,1.683215,0.513386,0.300275,0.047797,-0.279829,-0.056427,0.879574,0.657238,-0.400140
15.698074,1.345060,0.567139,-0.525986,-0.439574,1.375660,1.229824,-0.339449,1.269854,-0.586368,0.812269,0.004769,0.626717,0.858809,-0.062747,-2.063047,-0.298054,2.146364,-1.771460,-0.786288,1.683866,0.512990,0.298793,0.047008,-0.280925,-0.054652,0.881814,0.657546,-0.399707
15.699155,1.341125,0.564611,-0.522773,-0.441406,1.374674,1.231342,-0.339667,1.262322,-0.575539,0.800165,0.013662,0.625581,0.858127,-0.062862,-2.062751,-0.298011,2.146090,-1.771515,-0.785398,1.684527,0.512596,0.297226,0.045453,-0.278071,-0.055205,0.884228,0.657689,-0.397597
15.699997,1.339927,0.569684,-0.526490,-0.441797,1.375470,1.233130,-0.341184,1.248102,-0.559654,0.781462,0.022667,0.624444,0.856498,-0.062933,-2.062452,-0.297959,2.145806,-1.771565,-0.784515,1.685188,0.512194,0.299381,0.047573,-0.280007,-0.053136,0.885882,0.656609,-0.397379
15.700997,1.347054,0.567931,-0.526949,-0.440300,1.370131,1.230956,-0.340144,1.226979,-0.541859,0.756921,0.028851,0.623456,0.853755,-0.062932,-2.062153,-0.297919,2.145534,-1.771616,-0.783630,1.685839,0.511808,0.299273,0.045641,-0.277718,-0.052285,0.883594,0.654354,-0.394182
15.702080,1.347466,0.569603,-0.530014,-0.441251,1.370038,1.228992,-0.339850,1.201537,-0.523632,0.728881,0.032120,0.622706,0.850081,-0.062866,-2.061862,-0.297867,2.145254,-1.771671,-0.782729,1.686496,0.511408,0.295640,0.047264,-0.277570,-0.053400,0.888797,0.656722,-0.396386
15.703056,1.353912,0.571639,-0.534384,-0.441530,1.373636,1.230202,-0.337635,1.177237,-0.506907,0.701837,0.033846,0.622247,0.845860,-0.062780,-2.061568,-0.297818,2.144983,-1.771721,-0.781846,1.687155,0.511005,0.295683,0.047261,-0.276473,-0.052202,0.889536,0.659164,-0.397162
15.703992,1.351268,0.571032,-0.529891,-0.440012,1.373682,1.231587,-0.339763,1.156130,-0.493001,0.677673,0.033822,0.622027,0.841224,-0.062705,-2.061280,-0.297773,2.144713,-1.771771,-0.780965,1.687812,0.510597,0.292340,0.047011,-0.274366,-0.051604,0.885654,0.657964,-0.401629
15.705092,1.349128,0.576199,-0.533719,-0.439204,1.375105,1.231311,-0.340187,1.139553,-0.482123,0.657546,0.032435,0.621973,0.836436,-0.062623,-2.060982,-0.297723,2.144430,-1.771825,-0.780076,1.688465,0.510206,0.293370,0.047971,-0.276455,-0.052692,0.884992,0.656493,-0.397290
15.706060,1.350080,0.577299,-0.536278,-0.439237,1.376299,1.232673,-0.339428,1.126547,-0.472948,0.640448,0.030856,0.621866,0.831707,-0.062500,-2.060689,-0.297681,2.144162,-1.771879,-0.779200,1.689111,0.509814,0.294722,0.046329,-0.275054,-0.053183,0.884478,0.657415,-0.396751
15.706957,1.356424,0.577604,-0.544006,-0.439625,1.379582,1.233800,-0.339771,1.111645,-0.461777,0.621365,0.029747,0.621293,0.826862,-0.062337,-2.060395,-0.297634,2.143890,-1.771932,-0.778318,1.689764,0.509412,0.294051,0.046523,-0.273812,-0.052750,0.882954,0.656070,-0.398303
15.707994,1.354589,0.583364,-0.544643,-0.438490,1.379819,1.236767,-0.339013,1.093331,-0.447999,0.599115,0.028840,0.620085,0.821915,-0.062151,-2.060114,-0.297587,2.143630,-1.771982,-0.777456,1.690413,0.509014,0.290569,0.047001,-0.269875,-0.051961,0.878917,0.654721,-0.397503
15.709042,1.357319,0.588425,-0.550792,-0.437116,1.382767,1.235462,-0.340919,1.072835,-0.431855,0.574738,0.028533,0.618247,0.817122,-0.061944,-2.059818,-0.297547,2.143361,-1.772035,-0.776575,1.691061,0.508615,0.291573,0.045010,-0.269911,-0.052794,0.879039,0.652098,-0.399185
15.709958,1.358027,0.590819,-0.555376,-0.436976,1.386395,1.234051,-0.341660,1.048878,-0.410121,0.546387,0.030903,0.615708,0.812627,-0.061710,-2.059528,-0.297507,2.143098,-1.772089,-0.775699,1.691723,0.508219,0.290321,0.043395,-0.267223,-0.053798,0.876512,0.653759,-0.395486
15.711060,1.356907,0.594249,-0.552815,-0.436828,1.391232,1.234694,-0.342020,1.019572,-0.380379,0.511955,0.037076,0.612509,0.808353,-0.061464,-2.059243,-0.297464,2.142839,-1.772141,-0.774838,1.692380,0.507828,0.289721,0.042919,-0.264961,-0.053505,0.872312,0.654971,-0.393997
15.712010,1.359607,0.601539,-0.559401,-0.435710,1.386301,1.232940,-0.342546,0.985767,-0.344571,0.472720,0.045770,0.609010,0.804231,-0.061255,-2.058949,-0.297424,2.142571,-1.772194,-0.773969,1.693042,0.507443,0.290575,0.042185,-0.266832,-0.053389,0.868471,0.654846,-0.393591
15.712951,1.358189,0.604746,-0.557356,-0.435731,1.383938,1.230466,-0.344490,0.909787,-0.258079,0.384950,0.069805,0.602508,0.796305,-0.061019,-2.058374,-0.297351,2.142046,-1.772301,-0.772217,1.694364,0.506676,0.289565,0.038586,-0.264713,-0.053622,0.874932,0.658905,-0.388715
15.714074,1.359688,0.604891,-0.563820,-0.437973,1.384120,1.230756,-0.344430,0.909787,-0.258079,0.384950,0.069805,0.602508,0.796305,-0.061019,-2.058374,-0.297351,2.142046,-1.772301,-0.772217,1.694364,0.506676,0.289565,0.038586,-0.264713,-0.053622,0.874932,0.658905,-0.388715
15.715066,1.358368,0.602452,-0.569008,-0.438322,1.379250,1.231559,-0.344741,0.867622,-0.208966,0.336774,0.083631,0.599968,0.792104,-0.060932,-2.058085,-0.297310,2.141791,-1.772346,-0.771332,1.695032,0.506290,0.289209,0.039537,-0.262215,-0.051285,0.875765,0.659183,-0.389212
15.715967,1.355581,0.604298,-0.567009,-0.439068,1.373656,1.227543,-0.346207,0.821819,-0.162060,0.286665,0.093643,0.598175,0.787378,-0.060838,-2.057796,-0.297263,2.141537,-1.772396,-0.770454,1.695684,0.505899,0.289850,0.041524,-0.259973,-0.050656,0.880616,0.658519,-0.388678
15.717059,1.358190,0.603616,-0.573046,-0.440346,1.374338,1.225453,-0.345855,0.771394,-0.120467,0.234593,0.097564,0.597054,0.782017,-0.060737,-2.057505,-0.297224,2.141275,-1.772445,-0.769563,1.696354,0.505519,0.290862,0.041315,-0.260935,-0.049559,0.885222,0.662241,-0.385707
15.718007,1.362518,0.605006,-0.566930,-0.437585,1.372137,1.225277,-0.346988,0.717743,-0.085606,0.182021,0.094921,0.596473,0.776124,-0.060636,-2.057219,-0.297181,2.141022,-1.772489,-0.768683,1.697026,0.505132,0.289882,0.042615,-0.258570,-0.048198,0.885291,0.664755,-0.386734
15.718949,1.358799,0.604112,-0.565550,-0.437964,1.368623,1.223353,-0.348130,0.667399,-0.059079,0.134403,0.087539,0.596398,0.770308,-0.060533,-2.056934,-0.297139,2.140757,-1.772544,-0.767785,1.697687,0.504757,0.287555,0.042666,-0.261742,-0.050525,0.886861,0.664815,-0.384519
15.720006,1.359809,0.607382,-0.569992,-0.437581,1.368928,1.219418,-0.346833,0.628448,-0.042403,0.098330,0.078539,0.596798,0.765453,-0.060419,-2.056638,-0.297094,2.140492,-1.772594,-0.766885,1.698358,0.504377,0.289165,0.043838,-0.262448,-0.049769,0.889674,0.666585,-0.382294
15.720990,1.359411,0.611131,-0.569001,-0.434462,1.370103,1.217877,-0.346683,0.599376,-0.033934,0.072188,0.068643,0.597315,0.761603,-0.060312,-2.056352,-0.297052,2.140237,-1.772645,-0.766004,1.699031,0.503984,0.288856,0.043089,-0.260751,-0.049897,0.889824,0.670831,-0.385132
15.722072,1.362005,0.614741,-0.569648,-0.437014,1.371993,1.221513,-0.346220,0.574612,-0.028547,0.050280,0.059215,0.597480,0.758421,-0.060244,-2.056062,-0.297013,2.139974,-1.772705,-0.765111,1.699711,0.503601,0.288976,0.042058,-0.261473,-0.052484,0.888356,0.672292,-0.385528
15.723148,1.351511,0.616281,-0.572688,-0.435972,1.370508,1.221638,-0.349542,0.553768,-0.023111,0.031569,0.052204,0.597164,0.755943,-0.060190,-2.055774,-0.296974,2.139709,-1.772750,-0.764235,1.700383,0.503212,0.287949,0.041230,-0.261668,-0.049783,0.887213,0.669000,-0.386711
15.724008,1.349228,0.619971,-0.571959,-0.432770,1.371467,1.219625,-0.349649,0.533263,-0.016733,0.013215,0.046085,0.596261,0.753863,-0.060100,-2.055472,-0.296935,2.139452,-1.772804,-0.763341,1.701049,0.502838,0.293353,0.041436,-0.260720,-0.050543,0.889252,0.669319,-0.380298
15.725086,1.349152,0.622341,-0.572867,-0.432389,1.377001,1.220958,-0.349331,0.505416,-0.006308,-0.011618,0.040182,0.594455,0.751650,-0.059965,-2.055176,-0.296898,2.139189,-1.772863,-0.762451,1.701728,0.502462,0.293871,0.040281,-0.260882,-0.053108,0.886921,0.670792,-0.380084
15.725950,1.340632,0.626020,-0.573000,-0.431184,1.375939,1.222020,-0.351235,0.470322,0.009848,-0.043386,0.036401,0.591786,0.749367,-0.059821,-2.054882,-0.296858,2.138925,-1.772915,-0.761580,1.702394,0.502082,0.294099,0.040074,-0.260941,-0.053197,0.882126,0.669848,-0.381016
15.726964,1.337386,0.625287,-0.577798,-0.427966,1.377780,1.218107,-0.348931,0.430422,0.031036,-0.079934,0.035104,0.588531,0.747175,-0.059702,-2.054577,-0.296822,2.138664,-1.772970,-0.760699,1.703059,0.501712,0.297717,0.038938,-0.260692,-0.053868,0.882013,0.668317,-0.377125
15.727996,1.331361,0.625404,-0.573947,-0.428424,1.383620,1.219563,-0.350398,0.382755,0.057853,-0.123762,0.035762,0.584713,0.744855,-0.059641,-2.054276,-0.296778,2.138409,-1.773031,-0.759815,1.703736,0.501321,0.299210,0.040151,-0.258673,-0.056551,0.880238,0.672374,-0.381951
15.729077,1.333972,0.625910,-0.580995,-0.428262,1.385444,1.220534,-0.350391,0.326935,0.088382,-0.174735,0.037323,0.580527,0.742291,-0.059649,-2.053970,-0.296736,2.138147,-1.773085,-0.758956,1.704395,0.500953,0.302136,0.040964,-0.261026,-0.055698,0.874844,0.671134,-0.379196
15.730022,1.332174,0.628185,-0.579969,-0.430078,1.382799,1.220476,-0.350772,0.267104,0.117705,-0.228219,0.037590,0.576428,0.739638,-0.059712,-2.053668,-0.296693,2.137893,-1.773141,-0.758085,1.705069,0.500568,0.300904,0.041642,-0.258089,-0.055506,0.873859,0.670546,-0.379509
15.730955,1.331397,0.631655,-0.576470,-0.431229,1.385235,1.222193,-0.350364,0.206897,0.142806,-0.280478,0.035074,0.572715,0.737052,-0.059835,-2.053368,-0.296653,2.137631,-1.773190,-0.757214,1.705744,0.500192,0.301477,0.041266,-0.258728,-0.053347,0.876135,0.670426,-0.378817
15.731981,1.331965,0.630202,-0.582865,-0.429384,1.383188,1.220709,-0.350625,0.149984,0.162097,-0.328067,0.029005,0.569598,0.734710,-0.060006,-2.053065,-0.296611,2.137370,-1.773239,-0.756346,1.706403,0.499815,0.301448,0.040275,-0.260541,-0.051856,0.873169,0.668557,-0.379703
15.732950,1.331398,0.631202,-0.580420,-0.428583,1.380293,1.227314,-0.349737,0.055826,0.182441,-0.401754,0.010192,0.565139,0.731763,-0.060432,-2.052461,-0.296522,2.136858,-1.773352,-0.754585,1.707731,0.499050,0.301096,0.042105,-0.259233,-0.053623,0.878095,0.663578,-0.381245
15.733973,1.333120,0.632765,-0.585867,-0.426968,1.383299,1.222944,-0.348342,0.055826,0.182441,-0.401754,0.010192,0.565139,0.731763,-0.060432,-2.052461,-0.296522,2.136858,-1.773352,-0.754585,1.707731,0.499050,0.301096,0.042105,-0.259233,-0.053623,0.878095,0.663578,-0.381245
15.735008,1.329276,0.630914,-0.579794,-0.426233,1.382189,1.222254,-0.348096,0.020441,0.185359,-0.427496,0.001863,0.563387,0.731692,-0.060694,-2.052159,-0.296480,2.136604,-1.773408,-0.753712,1.708409,0.498664,0.300139,0.042180,-0.256923,-0.054823,0.875309,0.668182,-0.384214
15.735995,1.331909,0.635886,-0.580743,-0.424145,1.384684,1.222167,-0.347999,-0.006484,0.184138,-0.445687,-0.004614,0.561809,0.732587,-0.060979,-2.051852,-0.296434,2.136336,-1.773464,-0.752839,1.709085,0.498273,0.301982,0.043957,-0.260331,-0.055134,0.876825,0.669013,-0.384854
15.737002,1.332096,0.640271,-0.580223,-0.425008,1.380329,1.223757,-0.346534,-0.023657,0.178434,-0.455212,-0.009180,0.560463,0.734389,-0.061269,-2.051555,-0.296394,2.136081,-1.773522,-0.751968,1.709751,0.497890,0.300481,0.042272,-0.260128,-0.056729,0.874257,0.669136,-0.385162
15.738118,1.323478,0.641721,-0.580240,-0.426551,1.380968,1.220684,-0.345728,-0.030537,0.170585,-0.456122,-0.010554,0.559393,0.737081,-0.061571,-2.051252,-0.296355,2.135819,-1.773577,-0.751077,1.710416,0.497496,0.300242,0.040959,-0.260696,-0.055436,0.878622,0.667656,-0.388229
15.739021,1.324321,0.642186,-0.585514,-0.423990,1.379058,1.221362,-0.346028,-0.032661,0.163255,-0.453173,-0.010450,0.558508,0.740073,-0.061886,-2.050941,-0.296314,2.135558,-1.773629,-0.750189,1.711083,0.497099,0.304716,0.041244,-0.261368,-0.053659,0.878878,0.671342,-0.390109
15.739987,1.321809,0.645294,-0.580469,-0.424680,1.371646,1.224436,-0.344423,-0.047119,0.154947,-0.455692,-0.013660,0.556909,0.744569,-0.062456,-2.050329,-0.296230,2.135035,-1.773741,-0.748411,1.712416,0.496312,0.304629,0.040931,-0.261379,-0.054519,0.886917,0.667170,-0.392712
15.741122,1.316596,0.645127,-0.587548,-0.423242,1.374290,1.226334,-0.344007,-0.047119,0.154947,-0.455692,-0.013660,0.556909,0.744569,-0.062456,-2.050329,-0.296230,2.135035,-1.773741,-0.748411,1.712416,0.496312,0.304629,0.040931,-0.261379,-0.054519,0.886917,0.667170,-0.392712
15.741974,1.316885,0.645571,-0.583362,-0.424285,1.371231,1.224139,-0.344770,-0.059079,0.154525,-0.461100,-0.015504,0.556339,0.746259,-0.062716,-2.050018,-0.296187,2.134785,-1.773798,-0.747535,1.713068,0.495919,0.307443,0.042028,-0.258670,-0.055641,0.885412,0.666026,-0.393850
15.742936,1.314973,0.646662,-0.584673,-0.423930,1.366383,1.223205,-0.345404,-0.074653,0.155706,-0.469377,-0.018355,0.555999,0.747621,-0.062998,-2.049711,-0.296144,2.134518,-1.773850,-0.746638,1.713741,0.495525,0.306518,0.042425,-0.260508,-0.054102,0.887020,0.667694,-0.392149
15.744006,1.313580,0.644116,-0.583485,-0.422863,1.367366,1.226726,-0.345514,-0.090679,0.155945,-0.477350,-0.023313,0.556115,0.748836,-0.063309,-2.049408,-0.296102,2.134259,-1.773905,-0.745745,1.714405,0.495135,0.307189,0.042650,-0.260014,-0.054014,0.891424,0.668576,-0.390933
15.744983,1.311250,0.644792,-0.580307,-0.420645,1.363006,1.222526,-0.347248,-0.103605,0.153094,-0.481749,-0.030475,0.556800,0.750237,-0.063656,-2.049099,-0.296054,2.134000,-1.773961,-0.744853,1.715071,0.494745,0.307864,0.044793,-0.261158,-0.054724,0.890873,0.665391,-0.390955
15.745974,1.310215,0.647035,-0.581021,-0.420835,1.363823,1.221765,-0.346229,-0.110839,0.145938,-0.480493,-0.038797,0.558010,0.752151,-0.064057,-2.048784,-0.296008,2.133729,-1.774021,-0.743943,1.715750,0.494362,0.308636,0.045195,-0.262847,-0.056387,0.894772,0.669588,-0.387559
15.746982,1.315294,0.648387,-0.579776,-0.421472,1.363316,1.219033,-0.345957,-0.111415,0.135189,-0.473187,-0.047070,0.559596,0.754626,-0.064537,-2.048478,-0.295962,2.133471,-1.774075,-0.743055,1.716422,0.493974,0.308889,0.044838,-0.262756,-0.055762,0.893735,0.670337,-0.389755
15.747977,1.312810,0.650302,-0.578578,-0.419398,1.363530,1.219821,-0.348527,-0.104959,0.121749,-0.459719,-0.055177,0.561405,0.757516,-0.065100,-2.048177,-0.295916,2.133206,-1.774128,-0.742157,1.717104,0.493579,0.306196,0.044958,-0.263650,-0.054771,0.894139,0.673121,-0.390395
15.749146,1.309599,0.647814,-0.583046,-0.418557,1.367174,1.216548,-0.350027,-0.089639,0.105465,-0.438627,-0.062799,0.563332,0.760841,-0.065713,-2.047871,-0.295871,2.132937,-1.774188,-0.741276,1.717779,0.493198,0.307245,0.044790,-0.264426,-0.056328,0.893860,0.672321,-0.385336
15.749975,1.306099,0.648279,-0.575544,-0.415134,1.367877,1.218625,-0.349526,-0.068855,0.087802,-0.413181,-0.069468,0.565017,0.764380,-0.066344,-2.047556,-0.295821,2.132680,-1.774244,-0.740386,1.718455,0.492818,0.309115,0.047015,-0.263078,-0.056868,0.891572,0.676362,-0.382799
15.750965,1.310183,0.648653,-0.582858,-0.415570,1.372371,1.220006,-0.351541,-0.046807,0.069686,-0.387116,-0.075029,0.566137,0.767876,-0.066971,-2.047241,-0.295772,2.132407,-1.774308,-0.739489,1.719129,0.492437,0.309933,0.047282,-0.266427,-0.059520,0.889187,0.673570,-0.383698
15.752061,1.311097,0.649251,-0.580484,-0.412829,1.374134,1.219688,-0.350513,-0.022344,0.050912,-0.359537,-0.078474,0.566686,0.771495,-0.067570,-2.046942,-0.295722,2.132152,-1.774365,-0.738624,1.719794,0.492061,0.307696,0.047819,-0.263028,-0.058569,0.884724,0.672261,-0.379772
15.753000,1.310334,0.656114,-0.578177,-0.411192,1.379548,1.219620,-0.350697,0.006036,0.031626,-0.329352,-0.079050,0.566749,0.775383,-0.068136,-2.046634,-0.295674,2.131883,-1.774430,-0.737738,1.720468,0.491677,0.307349,0.048408,-0.264780,-0.060777,0.883782,0.673039,-0.382194
15.754112,1.304726,0.656667,-0.583554,-0.409730,1.379871,1.221126,-0.349678,0.039232,0.013345,-0.296304,-0.075435,0.566490,0.779622,-0.068675,-2.046323,-0.295635,2.131613,-1.774494,-0.736878,1.721147,0.491294,0.307246,0.045718,-0.265895,-0.061726,0.877970,0.672870,-0.381834
15.755119,1.301545,0.660175,-0.576439,-0.409630,1.377079,1.226955,-0.351307,0.073149,0.000025,-0.264551,-0.066670,0.565968,0.783958,-0.069171,-2.046009,-0.295587,2.131357,-1.774556,-0.735997,1.721814,0.490908,0.310155,0.046385,-0.263904,-0.062702,0.878677,0.671898,-0.384220
15.755989,1.306186,0.661946,-0.583369,-0.409234,1.381037,1.224617,-0.350156,0.101404,-0.006496,-0.239365,-0.054250,0.565227,0.787917,-0.069604,-2.045694,-0.295542,2.131082,-1.774618,-0.735103,1.722476,0.490533,0.311431,0.045426,-0.267657,-0.062199,0.881400,0.666170,-0.381092
15.757058,1.303154,0.666412,-0.581935,-0.407877,1.380046,1.228120,-0.350616,0.124677,-0.008182,-0.219462,-0.039876,0.564636,0.791390,-0.069969,-2.045392,-0.295496,2.130824,-1.774679,-0.734247,1.723136,0.490141,0.308455,0.045152,-0.263988,-0.061923,0.876462,0.668183,-0.383337
15.758052,1.304053,0.665474,-0.581819,-0.407181,1.375317,1.228006,-0.349994,0.144825,-0.005679,-0.203158,-0.023920,0.564528,0.794309,-0.070287,-2.045079,-0.295455,2.130556,-1.774742,-0.733356,1.723803,0.489766,0.309947,0.043841,-0.265187,-0.062752,0.878002,0.665001,-0.382672
15.758952,1.301047,0.661338,-0.586357,-0.408958,1.372398,1.230827,-0.347717,0.162405,0.000464,-0.189968,-0.006652,0.565064,0.796618,-0.070573,-2.044769,-0.295408,2.130291,-1.774805,-0.732459,1.724475,0.489378,0.309183,0.045092,-0.265452,-0.062826,0.882524,0.665182,-0.384051
15.760023,1.304252,0.659280,-0.580260,-0.409675,1.369823,1.228430,-0.349020,0.177738,0.006220,-0.178648,0.009002,0.566342,0.798191,-0.070833,-2.044462,-0.295354,2.130034,-1.774860,-0.731580,1.725126,0.488986,0.310138,0.047737,-0.263149,-0.060500,0.884547,0.662107,-0.388575
15.761014,1.307234,0.656086,-0.583432,-0.409485,1.368892,1.226818,-0.348918,0.192517,0.005369,-0.166231,0.018537,0.568460,0.798867,-0.071061,-2.044154,-0.295301,2.129760,-1.774916,-0.730682,1.725794,0.488605,0.308509,0.049552,-0.266630,-0.059432,0.887570,0.664937,-0.386168
15.762025,1.298912,0.654916,-0.577027,-0.406661,1.360355,1.227758,-0.349311,0.212850,-0.007270,-0.146639,0.020140,0.571557,0.798877,-0.071255,-2.043852,-0.295245,2.129496,-1.774975,-0.729799,1.726467,0.488214,0.306815,0.051794,-0.265215,-0.059108,0.888359,0.666552,-0.386494
15.763073,1.300279,0.654803,-0.576992,-0.404579,1.361427,1.229647,-0.348577,0.240404,-0.031429,-0.118872,0.015224,0.575367,0.798486,-0.071443,-2.043533,-0.295191,2.129223,-1.775041,-0.728888,1.727124,0.487836,0.310700,0.053073,-0.268640,-0.061293,0.896758,0.665781,-0.385879
15.764055,1.305094,0.659331,-0.575899,-0.404939,1.361448,1.228238,-0.349769,0.272266,-0.062726,-0.086516,0.006968,0.579340,0.797904,-0.071643,-2.043221,-0.295135,2.128952,-1.775106,-0.727987,1.727785,0.487442,0.309851,0.053856,-0.268953,-0.062751,0.895792,0.664205,-0.387549
15.764974,1.299224,0.663942,-0.574494,-0.404175,1.358952,1.229470,-0.349853,0.309146,-0.097356,-0.049889,-0.001573,0.583233,0.797428,-0.071839,-2.042923,-0.295085,2.128686,-1.775166,-0.727092,1.728446,0.487057,0.307244,0.052277,-0.269667,-0.061802,0.895468,0.665699,-0.385227
15.766138,1.302268,0.666537,-0.579050,-0.402919,1.359892,1.234058,-0.348271,0.350134,-0.131085,-0.010499,-0.008991,0.586889,0.797056,-0.072009,-2.042606,-0.295036,2.128414,-1.775228,-0.726193,1.729111,0.486676,0.309599,0.050606,-0.270245,-0.061921,0.897064,0.664206,-0.385096
15.767018,1.296398,0.671523,-0.574994,-0.401671,1.358337,1.233818,-0.349058,0.389721,-0.158949,0.026256,-0.014494,0.589960,0.796585,-0.072168,-2.042296,-0.294984,2.128148,-1.775293,-0.725300,1.729774,0.486280,0.308339,0.050252,-0.268724,-0.062672,0.897415,0.660377,-0.388658
15.767961,1.302789,0.673414,-0.578114,-0.401243,1.360678,1.232937,-0.348715,0.424093,-0.178001,0.056706,-0.017211,0.592202,0.795973,-0.072350,-2.041985,-0.294939,2.127876,-1.775359,-0.724400,1.730427,0.485897,0.310614,0.048379,-0.270521,-0.063142,0.897702,0.660338,-0.386972
15.769022,1.298948,0.674875,-0.573490,-0.402210,1.362677,1.233437,-0.350528,0.453804,-0.188279,0.081389,-0.017038,0.593649,0.795289,-0.072549,-2.041682,-0.294891,2.127607,-1.775421,-0.723500,1.731093,0.485510,0.306983,0.048130,-0.268927,-0.062910,0.894631,0.661090,-0.387716
15.769968,1.298228,0.674068,-0.571101,-0.397879,1.367806,1.236837,-0.349141,0.482156,-0.193252,0.103888,-0.015668,0.594538,0.794597,-0.072738,-2.041371,-0.294841,2.127331,-1.775480,-0.722615,1.731748,0.485130,0.308898,0.048214,-0.271593,-0.061473,0.893117,0.660986,-0.384301
15.771069,1.300286,0.672279,-0.573687,-0.397381,1.372768,1.233649,-0.349891,0.512399,-0.197029,0.127833,-0.014412,0.595127,0.794086,-0.072900,-2.041061,-0.294789,2.127054,-1.775553,-0.721738,1.732405,0.484741,0.308791,0.049270,-0.272681,-0.064978,0.887497,0.657486,-0.387166
15.772027,1.300702,0.671735,-0.567961,-0.395211,1.374868,1.234231,-0.350211,0.546704,-0.201996,0.155385,-0.012678,0.595603,0.793985,-0.073041,-2.040752,-0.294734,2.126781,-1.775617,-0.720854,1.733076,0.484358,0.307848,0.050981,-0.271853,-0.064885,0.883388,0.661222,-0.385935
15.773008,1.302319,0.672127,-0.572301,-0.393666,1.376439,1.233955,-0.350058,0.587188,-0.210640,0.188702,-0.010584,0.596221,0.794351,-0.073148,-2.040449,-0.294681,2.126502,-1.775687,-0.719982,1.733732,0.483977,0.307316,0.051887,-0.274674,-0.066248,0.881013,0.660583,-0.385382
15.774052,1.302245,0.670835,-0.566643,-0.392676,1.374856,1.234379,-0.351899,0.634604,-0.223769,0.228506,-0.008060,0.597169,0.795195,-0.073190,-2.040142,-0.294626,2.126233,-1.775754,-0.719108,1.734395,0.483590,0.306203,0.052338,-0.272580,-0.067079,0.879331,0.660898,-0.385794
15.775065,1.297674,0.673738,-0.568662,-0.391050,1.379637,1.230785,-0.352245,0.687519,-0.240538,0.273343,-0.004674,0.598457,0.796473,-0.073150,-2.039838,-0.294569,2.125947,-1.775823,-0.718220,1.735046,0.483212,0.306212,0.053695,-0.275594,-0.067355,0.881250,0.660833,-0.382305
15.776096,1.292902,0.677705,-0.566134,-0.391074,1.375930,1.230953,-0.352712,0.742189,-0.259555,0.319904,-0.000959,0.599982,0.797916,-0.073034,-2.039529,-0.294517,2.125673,-1.775893,-0.717355,1.735715,0.482829,0.308308,0.052951,-0.274720,-0.068224,0.876659,0.664599,-0.381808
15.777124,1.298018,0.675628,-0.564830,-0.388907,1.375463,1.232290,-0.353539,0.790883,-0.276418,0.361101,0.002623,0.601401,0.799014,-0.072868,-2.039212,-0.294467,2.125391,-1.775958,-0.716468,1.736385,0.482455,0.310460,0.051739,-0.276146,-0.067553,0.880642,0.664594,-0.381098
15.778232,1.303280,0.680768,-0.564279,-0.388824,1.378642,1.230436,-0.353438,0.831578,-0.289496,0.394955,0.006280,0.602536,0.799729,-0.072686,-2.038911,-0.294409,2.125114,-1.776031,-0.715594,1.737043,0.482076,0.307790,0.053485,-0.276969,-0.068916,0.881380,0.663499,-0.379644
15.779062,1.299791,0.680982,-0.558814,-0.387570,1.374902,1.229755,-0.353122,0.871856,-0.301870,0.428126,0.011087,0.603619,0.800638,-0.072500,-2.038609,-0.294361,2.124834,-1.776100,-0.714717,1.737715,0.481700,0.305370,0.051778,-0.277668,-0.068310,0.879139,0.665890,-0.380217
15.780002,1.295455,0.679284,-0.560166,-0.384870,1.375929,1.227760,-0.353689,0.916317,-0.314885,0.464601,0.017585,0.604806,0.802022,-0.072294,-2.038301,-0.294307,2.124548,-1.776170,-0.713842,1.738387,0.481316,0.306317,0.052157,-0.279822,-0.068658,0.881476,0.665912,-0.380703
15.780991,1.292133,0.682782,-0.557667,-0.382708,1.373845,1.229935,-0.355111,0.961794,-0.327855,0.501715,0.025143,0.605924,0.803659,-0.072075,-2.037991,-0.294251,2.124272,-1.776246,-0.712960,1.739058,0.480940,0.308024,0.053601,-0.279009,-0.070394,0.879853,0.667740,-0.379618
15.782111,1.297156,0.679503,-0.560768,-0.384185,1.375154,1.223286,-0.354359,1.002431,-0.338612,0.534220,0.033849,0.606680,0.805259,-0.071860,-2.037677,-0.294201,2.123986,-1.776320,-0.712071,1.739728,0.480572,0.309325,0.052540,-0.280233,-0.071675,0.881782,0.665555,-0.376942
15.783001,1.294605,0.678064,-0.563470,-0.382243,1.371495,1.222437,-0.354146,1.036520,-0.347044,0.560767,0.042920,0.607066,0.806613,-0.071665,-2.037375,-0.294139,2.123710,-1.776387,-0.711198,1.740404,0.480187,0.307028,0.054962,-0.279169,-0.069561,0.881572,0.672824,-0.378830
15.783963,1.290687,0.682610,-0.562031,-0.382060,1.370215,1.222120,-0.352975,1.064823,-0.356224,0.582740,0.049655,0.607243,0.807419,-0.071508,-2.037066,-0.294079,2.123434,-1.776460,-0.710305,1.741081,0.479808,0.307692,0.056137,-0.277540,-0.070586,0.884143,0.673182,-0.379212
15.785084,1.298702,0.683517,-0.560687,-0.380974,1.369191,1.223127,-0.352707,1.084833,-0.365194,0.597874,0.053440,0.607164,0.807416,-0.071395,-2.036751,-0.294026,2.123148,-1.776531,-0.709427,1.741760,0.479421,0.309207,0.054491,-0.278141,-0.069919,0.885093,0.673360,-0.381638
15.786052,1.291411,0.686365,-0.559122,-0.377574,1.368959,1.220762,-0.350481,1.098199,-0.372005,0.607030,0.056031,0.606946,0.806844,-0.071305,-2.036456,-0.293972,2.122869,-1.776601,-0.708532,1.742420,0.479034,0.305487,0.054901,-0.279304,-0.070348,0.887030,0.672974,-0.382485
15.787023,1.294166,0.690176,-0.562203,-0.376715,1.365358,1.221889,-0.350704,1.110327,-0.376727,0.614509,0.059694,0.606859,0.806203,-0.071230,-2.036140,-0.293919,2.122586,-1.776678,-0.707637,1.743098,0.478642,0.308749,0.054117,-0.279991,-0.072798,0.886806,0.675256,-0.387027
15.788014,1.295376,0.689829,-0.563491,-0.377371,1.365518,1.222726,-0.349839,1.119748,-0.376480,0.618426,0.066327,0.606838,0.805580,-0.071193,-2.035839,-0.293867,2.122312,-1.776752,-0.706752,1.743762,0.478255,0.307068,0.052878,-0.278453,-0.072716,0.890118,0.674085,-0.386606
15.788937,1.298097,0.688867,-0.562124,-0.376775,1.363739,1.221916,-0.348567,1.124350,-0.370194,0.616986,0.075352,0.606827,0.804867,-0.071192,-2.035535,-0.293811,2.122035,-1.776820,-0.705856,1.744441,0.477865,0.306243,0.053730,-0.277875,-0.071326,0.889678,0.673229,-0.388457
15.789950,1.297065,0.683295,-0.569429,-0.375313,1.362757,1.221701,-0.348832,1.127478,-0.362314,0.614152,0.084075,0.607073,0.804126,-0.071192,-2.035232,-0.293753,2.121752,-1.776892,-0.704954,1.745119,0.477465,0.304431,0.054742,-0.278325,-0.071032,0.890563,0.673759,-0.390955
15.790956,1.292882,0.687769,-0.562079,-0.374552,1.359660,1.223419,-0.346659,1.130991,-0.357196,0.612482,0.090210,0.607648,0.803341,-0.071170,-2.034928,-0.293688,2.121484,-1.776965,-0.704069,1.745791,0.477079,0.304816,0.058127,-0.274881,-0.071675,0.891602,0.674084,-0.390547
15.792007,1.293847,0.682588,-0.568098,-0.371582,1.361234,1.225950,-0.345724,1.132646,-0.355347,0.610280,0.093007,0.608283,0.802407,-0.071141,-2.034620,-0.293635,2.121199,-1.777037,-0.703166,1.746464,0.476674,0.306712,0.056544,-0.278641,-0.071608,0.894545,0.672430,-0.395006
15.792979,1.295458,0.689079,-0.569185,-0.372207,1.361921,1.220742,-0.346071,1.131462,-0.355525,0.606514,0.093418,0.608719,0.801487,-0.071125,-2.034318,-0.293569,2.120927,-1.777115,-0.702272,1.747137,0.476267,0.306203,0.059793,-0.275900,-0.073663,0.893223,0.670147,-0.396980
15.794023,1.293232,0.692497,-0.566914,-0.368357,1.364196,1.219740,-0.345998,1.127346,-0.356122,0.600674,0.092667,0.608759,0.800712,-0.071121,-2.034012,-0.293518,2.120653,-1.777184,-0.701393,1.747818,0.475869,0.305078,0.057171,-0.275403,-0.072238,0.892293,0.675325,-0.396297
15.794982,1.292092,0.695862,-0.573657,-0.367841,1.369147,1.218846,-0.345279,1.119655,-0.353693,0.591391,0.092305,0.608224,0.800073,-0.071124,-2.033701,-0.293464,2.120374,-1.777266,-0.700504,1.748498,0.475474,0.306093,0.056224,-0.276780,-0.075090,0.890303,0.676480,-0.396620
15.796030,1.292803,0.696655,-0.575284,-0.364664,1.371886,1.216278,-0.346465,1.106697,-0.344375,0.576437,0.094212,0.606939,0.799586,-0.071125,-2.033396,-0.293407,2.120114,-1.777340,-0.699638,1.749170,0.475070,0.306308,0.055141,-0.273508,-0.074662,0.885085,0.677254,-0.398057
15.796961,1.292421,0.692232,-0.577882,-0.362128,1.374811,1.215158,-0.345358,1.086020,-0.326660,0.553505,0.098857,0.604784,0.799137,-0.071116,-2.033091,-0.293352,2.119842,-1.777421,-0.698756,1.749853,0.474678,0.305909,0.055489,-0.273044,-0.076882,0.882765,0.680038,-0.395836
15.798037,1.294422,0.701846,-0.572560,-0.363477,1.376548,1.214550,-0.345512,1.059607,-0.303519,0.524783,0.105826,0.601918,0.798742,-0.071084,-2.032783,-0.293287,2.119573,-1.777502,-0.697887,1.750542,0.474275,0.305610,0.058195,-0.271682,-0.078305,0.879326,0.680808,-0.398037
15.799116,1.292371,0.704207,-0.584955,-0.360310,1.378259,1.219135,-0.346826,1.032772,-0.279374,0.495630,0.114161,0.598785,0.798521,-0.071023,-2.032480,-0.293241,2.119293,-1.777572,-0.697010,1.751224,0.473882,0.304687,0.054204,-0.274708,-0.076197,0.878306,0.681725,-0.397935
15.800023,1.293179,0.706383,-0.581871,-0.361076,1.382452,1.216190,-0.346017,1.005288,-0.252737,0.465682,0.123869,0.595648,0.798328,-0.070938,-2.032173,-0.293186,2.119036,-1.777656,-0.696132,1.751901,0.473489,0.305780,0.053838,-0.269022,-0.078383,0.877296,0.677444,-0.395518
15.800974,1.294395,0.708901,-0.584738,-0.358434,1.375759,1.218361,-0.347394,0.937236,-0.185018,0.392747,0.147353,0.589979,0.797102,-0.070771,-2.031567,-0.293083,2.118499,-1.777811,-0.694379,1.753252,0.472704,0.303893,0.052735,-0.269076,-0.078216,0.878678,0.677729,-0.394349
15.802080,1.291983,0.710366,-0.589412,-0.357256,1.375694,1.216832,-0.346829,0.937236,-0.185018,0.392747,0.147353,0.589979,0.797102,-0.070771,-2.031567,-0.293083,2.118499,-1.777811,-0.694379,1.753252,0.472704,0.303893,0.052735,-0.269076,-0.078216,0.878678,0.677729,-0.394349
15.802955,1.290152,0.712476,-0.586014,-0.357265,1.374441,1.216067,-0.347001,0.900186,-0.147363,0.353237,0.160517,0.587992,0.796263,-0.070695,-2.031260,-0.293030,2.118233,-1.777889,-0.693489,1.753942,0.472301,0.305264,0.052843,-0.267329,-0.078489,0.879518,0.679687,-0.395763
15.803947,1.289934,0.707365,-0.588836,-0.356259,1.371572,1.212668,-0.345651,0.859962,-0.108102,0.311005,0.173754,0.586630,0.795274,-0.070655,-2.030957,-0.292978,2.117963,-1.777963,-0.692614,1.754618,0.471906,0.305555,0.052321,-0.268804,-0.077487,0.879697,0.679962,-0.395284
15.805027,1.289502,0.707652,-0.591000,-0.356355,1.365737,1.212067,-0.347345,0.818664,-0.071497,0.268951,0.184377,0.586034,0.794144,-0.070661,-2.030651,-0.292916,2.117696,-1.778042,-0.691722,1.755309,0.471506,0.305421,0.055503,-0.267549,-0.077501,0.882401,0.683305,-0.398075
15.806016,1.293616,0.705177,-0.592997,-0.355769,1.366531,1.212556,-0.347824,0.740868,-0.021689,0.195552,0.190332,0.586700,0.791605,-0.070775,-2.030045,-0.292798,2.117166,-1.778193,-0.689945,1.756675,0.470724,0.303431,0.057923,-0.266181,-0.076251,0.887827,0.683641,-0.394026
15.807003,1.290072,0.705948,-0.595348,-0.357275,1.364127,1.211045,-0.346333,0.740868,-0.021689,0.195552,0.190332,0.586700,0.791605,-0.070775,-2.030045,-0.292798,2.117166,-1.778193,-0.689945,1.756675,0.470724,0.303431,0.057923,-0.266181,-0.076251,0.887827,0.683641,-0.394026
15.808043,1.291784,0.708736,-0.595851,-0.352381,1.364147,1.209581,-0.347947,0.707424,-0.010928,0.167293,0.185035,0.587495,0.790403,-0.070859,-2.029738,-0.292741,2.116903,-1.778261,-0.689038,1.757366,0.470319,0.304967,0.058156,-0.265213,-0.073975,0.889867,0.685065,-0.397081
15.809049,1.292184,0.711992,-0.596303,-0.352678,1.363219,1.210684,-0.347437,0.676601,-0.006614,0.143103,0.175952,0.588158,0.789273,-0.070952,-2.029438,-0.292684,2.116639,-1.778348,-0.688151,1.758056,0.469933,0.304082,0.057456,-0.265359,-0.077780,0.890108,0.686647,-0.393986
15.809963,1.288808,0.716797,-0.599271,-0.351345,1.360643,1.211119,-0.348130,0.648862,-0.003994,0.121915,0.167504,0.588411,0.788498,-0.071020,-2.029130,-0.292630,2.116372,-1.778420,-0.687262,1.758742,0.469532,0.303664,0.056524,-0.265371,-0.076604,0.890986,0.685518,-0.395130
15.811054,1.285310,0.718872,-0.603817,-0.351335,1.367420,1.207085,-0.348081,0.623158,0.000610,0.101911,0.161923,0.588078,0.788138,-0.071036,-2.028826,-0.292576,2.116111,-1.778498,-0.686360,1.759432,0.469140,0.304872,0.054683,-0.263854,-0.076914,0.892589,0.684680,-0.393677
15.812016,1.285976,0.718906,-0.602354,-0.350914,1.364919,1.206972,-0.350044,0.593054,0.010665,0.077203,0.158409,0.586934,0.787680,-0.071018,-2.028514,-0.292523,2.115853,-1.778573,-0.685486,1.760119,0.468746,0.306661,0.054478,-0.262215,-0.076091,0.886588,0.689108,-0.394045
15.813104,1.281098,0.724805,-0.607248,-0.349259,1.368326,1.208744,-0.350585,0.556245,0.025480,0.046149,0.155112,0.585018,0.786736,-0.070986,-2.028207,-0.292464,2.115589,-1.778649,-0.684593,1.760810,0.468364,0.305947,0.055048,-0.263087,-0.075575,0.888698,0.688970,-0.390159
15.814040,1.282997,0.725403,-0.610602,-0.349318,1.372052,1.211072,-0.350678,0.514612,0.043228,0.010659,0.151643,0.582523,0.785305,-0.070946,-2.027895,-0.292415,2.115334,-1.778726,-0.683717,1.761486,0.467973,0.308428,0.052936,-0.261271,-0.076362,0.886055,0.687580,-0.389366
15.814961,1.277885,0.721683,-0.609875,-0.346680,1.369329,1.213801,-0.351633,0.467975,0.065119,-0.029712,0.149176,0.579565,0.783428,-0.070908,-2.027589,-0.292360,2.115077,-1.778798,-0.682835,1.762164,0.467586,0.307004,0.053245,-0.259714,-0.075401,0.881723,0.684999,-0.389204
15.815973,1.281552,0.719861,-0.609004,-0.348282,1.373718,1.213128,-0.349913,0.418751,0.088912,-0.072524,0.147703,0.576405,0.781261,-0.070886,-2.027275,-0.292299,2.114816,-1.778879,-0.681959,1.762844,0.467203,0.309006,0.055621,-0.260111,-0.076954,0.883840,0.681952,-0.387284
15.817115,1.285660,0.719257,-0.610944,-0.349198,1.377777,1.220173,-0.350957,0.373346,0.107957,-0.111066,0.145579,0.573477,0.779094,-0.070907,-2.026973,-0.292240,2.114557,-1.778950,-0.681082,1.763524,0.466812,0.307010,0.057169,-0.260900,-0.074542,0.879522,0.682725,-0.390909
15.817954,1.283742,0.718718,-0.617377,-0.347183,1.379462,1.219197,-0.350496,0.338941,0.115997,-0.137925,0.140579,0.571299,0.777186,-0.070978,-2.026669,-0.292181,2.114294,-1.779020,-0.680209,1.764193,0.466425,0.305252,0.058285,-0.260661,-0.072981,0.876782,0.676265,-0.389133
15.818952,1.281142,0.717777,-0.614527,-0.348490,1.375703,1.220656,-0.351144,0.316526,0.112870,-0.152233,0.132616,0.570028,0.775591,-0.071080,-2.026367,-0.292120,2.114039,-1.779096,-0.679347,1.764862,0.466030,0.305508,0.058937,-0.257210,-0.073947,0.873857,0.676731,-0.389904
15.820089,1.282491,0.719264,-0.617575,-0.348251,1.377471,1.222696,-0.349717,0.300387,0.102696,-0.159697,0.122497,0.569384,0.774038,-0.071209,-2.026057,-0.292057,2.113778,-1.779163,-0.678461,1.765538,0.465648,0.306538,0.059987,-0.258975,-0.071903,0.877594,0.675276,-0.388733
15.820980,1.278302,0.718432,-0.619188,-0.346281,1.377397,1.224044,-0.349742,0.287730,0.087216,-0.163015,0.109823,0.569178,0.772364,-0.071365,-2.025749,-0.291995,2.113522,-1.779234,-0.677581,1.766217,0.465250,0.306088,0.060002,-0.258228,-0.071472,0.876974,0.673812,-0.391939
15.821938,1.277211,0.719000,-0.615782,-0.344859,1.376707,1.222380,-0.348927,0.277335,0.068480,-0.163772,0.095417,0.569209,0.770614,-0.071565,-2.025440,-0.291931,2.113270,-1.779310,-0.676713,1.766880,0.464854,0.307565,0.060841,-0.257443,-0.072452,0.876203,0.672131,-0.391761
15.823011,1.270097,0.720579,-0.616476,-0.342969,1.376356,1.223269,-0.348947,0.268167,0.048988,-0.163590,0.081096,0.569258,0.768877,-0.071807,-2.025129,-0.291869,2.113007,-1.779385,-0.675832,1.767553,0.464459,0.307685,0.061094,-0.259295,-0.072923,0.876522,0.673708,-0.393434
15.823983,1.266738,0.720850,-0.620639,-0.340581,1.375420,1.225385,-0.350274,0.259567,0.030359,-0.163447,0.067895,0.569204,0.767192,-0.072053,-2.024817,-0.291808,2.112746,-1.779461,-0.674965,1.768228,0.464065,0.311234,0.060995,-0.259458,-0.073979,0.877648,0.673139,-0.393599
15.825001,1.263472,0.723610,-0.625359,-0.340474,1.377846,1.226220,-0.350051,0.247041,0.015937,-0.167763,0.056645,0.568791,0.765401,-0.072279,-2.024500,-0.291746,2.112491,-1.779537,-0.674084,1.768891,0.463682,0.312448,0.061422,-0.257621,-0.075428,0.878314,0.671007,-0.391011
15.826115,1.263050,0.722686,-0.626093,-0.339638,1.375023,1.225837,-0.349938,0.225623,0.009012,-0.181278,0.047718,0.567816,0.763275,-0.072496,-2.024181,-0.291686,2.112238,-1.779611,-0.673201,1.769558,0.463287,0.313762,0.060662,-0.255702,-0.074653,0.875974,0.670345,-0.391615
15.826994,1.262925,0.726290,-0.628523,-0.341069,1.374338,1.226887,-0.350515,0.195152,0.009227,-0.203878,0.040045,0.566376,0.760690,-0.072718,-2.023869,-0.291621,2.111982,-1.779687,-0.672327,1.770228,0.462893,0.314069,0.061849,-0.256089,-0.074670,0.879907,0.671285,-0.392127
15.827978,1.261390,0.726164,-0.628881,-0.339390,1.372506,1.227467,-0.352086,0.159591,0.013509,-0.231446,0.031985,0.564768,0.757685,-0.072938,-2.023557,-0.291563,2.111730,-1.779753,-0.671440,1.770900,0.462508,0.313423,0.060501,-0.254837,-0.072419,0.879419,0.669777,-0.390888
15.829004,1.257529,0.729482,-0.629595,-0.337676,1.368400,1.226902,-0.351600,0.122933,0.019843,-0.260197,0.022938,0.563302,0.754395,-0.073135,-2.023242,-0.291502,2.111474,-1.779830,-0.670563,1.771574,0.462125,0.313817,0.061162,-0.254962,-0.073186,0.881151,0.669184,-0.387845
15.829934,1.257817,0.726063,-0.629310,-0.336915,1.365763,1.225798,-0.352543,0.086751,0.028445,-0.289029,0.013958,0.562111,0.750982,-0.073316,-2.022924,-0.291445,2.111220,-1.779905,-0.669664,1.772241,0.461740,0.315495,0.060174,-0.255053,-0.074012,0.885306,0.669956,-0.389032
15.830976,1.260761,0.724800,-0.629648,-0.336009,1.366245,1.224324,-0.353429,0.052396,0.038697,-0.316865,0.005824,0.561239,0.747595,-0.073524,-2.022606,-0.291378,2.110961,-1.779979,-0.668766,1.772917,0.461353,0.314725,0.062351,-0.255273,-0.073844,0.887119,0.670809,-0.387124
15.832022,1.261814,0.726686,-0.632376,-0.334400,1.362999,1.221115,-0.353797,0.024692,0.046317,-0.338864,-0.002253,0.560921,0.744500,-0.073772,-2.022299,-0.291309,2.110707,-1.780053,-0.667886,1.773586,0.460969,0.313152,0.063540,-0.255608,-0.073916,0.886975,0.672545,-0.385565
15.832944,1.255266,0.726649,-0.630937,-0.332216,1.359736,1.217228,-0.353440,0.007445,0.048801,-0.351434,-0.010337,0.561341,0.741946,-0.074049,-2.021988,-0.291248,2.110454,-1.780128,-0.666985,1.774268,0.460588,0.312518,0.063250,-0.254771,-0.074676,0.890447,0.675960,-0.385068
15.833956,1.256201,0.729717,-0.631961,-0.330962,1.358842,1.217596,-0.353894,-0.009693,0.049781,-0.362401,-0.023109,0.563453,0.737905,-0.074698,-2.021356,-0.291124,2.109940,-1.780284,-0.665197,1.775626,0.459820,0.314424,0.062816,-0.255430,-0.076113,0.893711,0.679203,-0.385034
15.835110,1.262888,0.727815,-0.632365,-0.331481,1.356879,1.219492,-0.354217,-0.009693,0.049781,-0.362401,-0.023109,0.563453,0.737905,-0.074698,-2.021356,-0.291124,2.109940,-1.780284,-0.665197,1.775626,0.459820,0.314424,0.062816,-0.255430,-0.076113,0.893711,0.679203,-0.385034
15.835993,1.259755,0.731772,-0.628343,-0.329768,1.360053,1.216187,-0.352715,-0.012134,0.050531,-0.363198,-0.027026,0.564740,0.736408,-0.075053,-2.021048,-0.291055,2.109683,-1.780356,-0.664290,1.776308,0.459435,0.311349,0.064503,-0.256084,-0.074883,0.896763,0.677923,-0.384786
15.836986,1.259335,0.729711,-0.633527,-0.329402,1.357771,1.218515,-0.352121,0.011175,0.042792,-0.339815,-0.031585,0.567772,0.735612,-0.075787,-2.020423,-0.290929,2.109170,-1.780505,-0.662517,1.777668,0.458648,0.312132,0.064550,-0.255736,-0.075085,0.894627,0.678406,-0.388983
15.838083,1.260092,0.733900,-0.634484,-0.327225,1.364068,1.217561,-0.351600,0.011175,0.042792,-0.339815,-0.031585,0.567772,0.735612,-0.075787,-2.020423,-0.290929,2.109170,-1.780505,-0.662517,1.777668,0.458648,0.312132,0.064550,-0.255736,-0.075085,0.894627,0.678406,-0.388983
15.839083,1.252355,0.735516,-0.635506,-0.324642,1.369258,1.217158,-0.350110,0.029884,0.037635,-0.322134,-0.032445,0.568881,0.736040,-0.076186,-2.020109,-0.290868,2.108914,-1.780584,-0.661633,1.778359,0.458252,0.311776,0.063151,-0.255956,-0.076371,0.889059,0.679741,-0.390280
15.839992,1.252460,0.731442,-0.643508,-0.323078,1.368495,1.213689,-0.350064,0.046964,0.036026,-0.306682,-0.031136,0.569315,0.736840,-0.076588,-2.019790,-0.290804,2.108661,-1.780665,-0.660766,1.779037,0.457852,0.315310,0.062920,-0.255822,-0.077918,0.884000,0.680159,-0.393350
15.841090,1.248927,0.732262,-0.640835,-0.322765,1.373641,1.211970,-0.348549,0.056739,0.040313,-0.298608,-0.027614,0.568865,0.737700,-0.076988,-2.019475,-0.290734,2.108414,-1.780743,-0.659885,1.779727,0.457461,0.314582,0.065358,-0.251916,-0.078437,0.883992,0.683233,-0.393368
15.842046,1.249771,0.732140,-0.638697,-0.318560,1.374882,1.213226,-0.348107,0.057319,0.048320,-0.298954,-0.023979,0.567588,0.738265,-0.077390,-2.019159,-0.290668,2.108156,-1.780820,-0.659020,1.780419,0.457054,0.316368,0.065600,-0.253962,-0.077863,0.879800,0.685274,-0.396639
15.842976,1.247823,0.735783,-0.640364,-0.317840,1.375526,1.212878,-0.348305,0.054312,0.056434,-0.302428,-0.020472,0.565965,0.738758,-0.077780,-2.018841,-0.290602,2.107899,-1.780907,-0.658145,1.781092,0.456656,0.315415,0.066148,-0.255215,-0.080882,0.878245,0.683860,-0.397508
15.844014,1.244610,0.740660,-0.642472,-0.316692,1.374541,1.216025,-0.348052,0.053467,0.064089,-0.304417,-0.014706,0.564485,0.739636,-0.078132,-2.018521,-0.290540,2.107644,-1.780987,-0.657263,1.781773,0.456256,0.315767,0.064804,-0.254474,-0.080497,0.876955,0.683942,-0.397054
15.845008,1.244397,0.740871,-0.643644,-0.316089,1.375905,1.214392,-0.348210,0.052831,0.074472,-0.307191,-0.005539,0.563301,0.740802,-0.078445,-2.018203,-0.290480,2.107395,-1.781069,-0.656387,1.782442,0.455854,0.317160,0.063024,-0.253980,-0.080622,0.878342,0.680996,-0.397703
15.846171,1.243572,0.742629,-0.641059,-0.315044,1.374835,1.217869,-0.347391,0.043106,0.106959,-0.322490,0.018937,0.562179,0.743049,-0.079048,-2.017565,-0.290351,2.106878,-1.781230,-0.654632,1.783813,0.455053,0.317467,0.063385,-0.255878,-0.080350,0.879468,0.679751,-0.399445
15.847019,1.245768,0.740082,-0.644169,-0.314089,1.374418,1.214918,-0.348593,0.043106,0.106959,-0.322490,0.018937,0.562179,0.743049,-0.079048,-2.017565,-0.290351,2.106878,-1.781230,-0.654632,1.783813,0.455053,0.317467,0.063385,-0.255878,-0.080350,0.879468,0.679751,-0.399445
15.848028,1.243230,0.742937,-0.634706,-0.312207,1.366186,1.218004,-0.348810,0.040664,0.122166,-0.327884,0.031443,0.562718,0.744289,-0.079336,-2.017254,-0.290283,2.106629,-1.781310,-0.653752,1.784491,0.454665,0.315541,0.064994,-0.254194,-0.080135,0.878513,0.682153,-0.396862
15.849075,1.243505,0.740575,-0.634420,-0.311218,1.367221,1.217488,-0.349610,0.045551,0.132274,-0.326145,0.043269,0.564175,0.745859,-0.079565,-2.016934,-0.290220,2.106360,-1.781395,-0.652846,1.785167,0.454266,0.316486,0.064134,-0.259208,-0.080918,0.886649,0.679091,-0.396542
15.849949,1.243661,0.735816,-0.636944,-0.310189,1.363846,1.218519,-0.349367,0.061247,0.135337,-0.313970,0.054442,0.566506,0.748011,-0.079732,-2.016623,-0.290150,2.106097,-1.781480,-0.651970,1.785844,0.453868,0.316220,0.065892,-0.259732,-0.080808,0.885969,0.679864,-0.395092
15.851044,1.244893,0.736925,-0.637669,-0.308317,1.360170,1.218830,-0.349877,0.087459,0.129630,-0.291116,0.063672,0.569489,0.750714,-0.079863,-2.016308,-0.290077,2.105843,-1.781561,-0.651072,1.786517,0.453477,0.315373,0.068574,-0.258380,-0.080675,0.888074,0.678349,-0.395493
15.852060,1.244628,0.733344,-0.636407,-0.305120,1.359032,1.218891,-0.351113,0.121250,0.115328,-0.260076,0.070104,0.572769,0.753813,-0.079958,-2.015992,-0.290007,2.105584,-1.781643,-0.650169,1.787200,0.453081,0.314753,0.068617,-0.258663,-0.081562,0.892363,0.678433,-0.394711
15.853067,1.246770,0.737152,-0.632005,-0.303464,1.357532,1.220148,-0.350367,0.161333,0.094471,-0.222568,0.075125,0.576044,0.757426,-0.080012,-2.015678,-0.289931,2.105325,-1.781732,-0.649277,1.787872,0.452694,0.314635,0.070874,-0.259671,-0.083565,0.893488,0.678495,-0.392377
15.854047,1.247216,0.739634,-0.634427,-0.300088,1.357052,1.218977,-0.350670,0.209317,0.068489,-0.177726,0.080639,0.579249,0.761872,-0.080034,-2.015367,-0.289865,2.105057,-1.781819,-0.648373,1.788553,0.452294,0.313298,0.069485,-0.262103,-0.084033,0.894794,0.677260,-0.393992
15.854961,1.246150,0.742546,-0.631147,-0.299175,1.353028,1.220386,-0.351121,0.265383,0.040645,-0.126110,0.088713,0.582336,0.767291,-0.080046,-2.015060,-0.289797,2.104797,-1.781908,-0.647486,1.789238,0.451898,0.312792,0.068744,-0.261092,-0.086169,0.895016,0.678352,-0.393424
15.856064,1.246692,0.747244,-0.633264,-0.299203,1.358573,1.218792,-0.351118,0.325779,0.015527,-0.071734,0.100598,0.585111,0.773423,-0.080081,-2.014748,-0.289732,2.104532,-1.781992,-0.646579,1.789913,0.451509,0.312733,0.067720,-0.262698,-0.085875,0.898030,0.676604,-0.392490
15.857071,1.247129,0.743190,-0.636740,-0.297880,1.358092,1.223515,-0.351202,0.386265,-0.004580,-0.018344,0.115032,0.587447,0.779748,-0.080161,-2.014431,-0.289667,2.104268,-1.782074,-0.645689,1.790600,0.451113,0.312474,0.066050,-0.262212,-0.084866,0.893211,0.678625,-0.392769
15.857994,1.247871,0.743070,-0.634321,-0.296754,1.361313,1.222241,-0.351993,0.443604,-0.020069,0.031764,0.129425,0.589309,0.785760,-0.080289,-2.014124,-0.289591,2.104012,-1.782159,-0.644798,1.791261,0.450717,0.312041,0.068549,-0.260837,-0.085066,0.893683,0.673992,-0.392699
15.858996,1.244274,0.738707,-0.635777,-0.295013,1.364290,1.221301,-0.351336,0.497845,-0.034108,0.079397,0.141810,0.590777,0.791323,-0.080436,-2.013815,-0.289520,2.103747,-1.782243,-0.643909,1.791935,0.450331,0.311156,0.068975,-0.262042,-0.084994,0.889644,0.675053,-0.391106
15.860049,1.240342,0.735659,-0.630448,-0.292774,1.365464,1.220919,-0.352638,0.550329,-0.049974,0.126343,0.150912,0.591976,0.796492,-0.080580,-2.013502,-0.289444,2.103482,-1.782329,-0.643040,1.792618,0.449936,0.312677,0.071597,-0.261541,-0.085596,0.886807,0.675996,-0.392547
15.861038,1.243271,0.732689,-0.629497,-0.289286,1.373910,1.219557,-0.353912,0.600446,-0.069644,0.172518,0.155799,0.592938,0.801307,-0.080710,-2.013187,-0.289366,2.103216,-1.782417,-0.642152,1.793289,0.449554,0.314510,0.073595,-0.264648,-0.086680,0.886031,0.676656,-0.390139
15.861973,1.244538,0.726978,-0.633025,-0.285900,1.369127,1.217738,-0.354030,0.650767,-0.094981,0.220320,0.157353,0.593856,0.806132,-0.080795,-2.012875,-0.289289,2.102948,-1.782511,-0.641280,1.793969,0.449165,0.312681,0.075472,-0.265261,-0.088811,0.877482,0.677992,-0.387686
15.863174,1.241385,0.735499,-0.630336,-0.284808,1.372164,1.216455,-0.355110,0.704994,-0.126602,0.272536,0.158053,0.594922,0.811393,-0.080822,-2.012571,-0.289205,2.102687,-1.782607,-0.640389,1.794646,0.448780,0.311640,0.078569,-0.263531,-0.090746,0.881694,0.679572,-0.387499
15.864005,1.241216,0.737352,-0.630916,-0.286477,1.373947,1.217727,-0.355403,0.760282,-0.160749,0.325711,0.159930,0.595996,0.816999,-0.080829,-2.012253,-0.289137,2.102416,-1.782696,-0.639517,1.795336,0.448401,0.313570,0.075039,-0.265768,-0.090749,0.880439,0.681632,-0.385816
15.865029,1.240703,0.737557,-0.627683,-0.285566,1.370744,1.214178,-0.356014,0.810547,-0.191410,0.373776,0.163147,0.596873,0.822483,-0.080840,-2.011937,-0.289065,2.102149,-1.782779,-0.638642,1.796024,0.448017,0.312715,0.074375,-0.265090,-0.087806,0.877195,0.679594,-0.385096
15.866017,1.238249,0.739585,-0.625065,-0.284369,1.373188,1.216863,-0.356899,0.853857,-0.217429,0.415275,0.165908,0.597536,0.827469,-0.080843,-2.011629,-0.288990,2.101879,-1.782866,-0.637764,1.796709,0.447640,0.312820,0.074750,-0.266986,-0.087590,0.880690,0.683280,-0.384077
15.866997,1.240114,0.743712,-0.625620,-0.281784,1.372152,1.215184,-0.356613,0.891868,-0.240600,0.452039,0.167414,0.598029,0.831901,-0.080820,-2.011311,-0.288917,2.101610,-1.782954,-0.636887,1.797391,0.447260,0.313650,0.074174,-0.268431,-0.087567,0.878108,0.680481,-0.382435
15.868050,1.241379,0.738533,-0.628122,-0.284002,1.372349,1.216722,-0.357254,0.925771,-0.259760,0.484591,0.169676,0.598344,0.835954,-0.080771,-2.011005,-0.288846,2.101339,-1.783046,-0.636014,1.798072,0.446873,0.312413,0.072561,-0.268231,-0.088844,0.879061,0.682128,-0.383121
15.869025,1.242656,0.741109,-0.628808,-0.281934,1.374038,1.211708,-0.357055,0.956075,-0.275099,0.513184,0.173073,0.598495,0.839627,-0.080725,-2.010690,-0.288765,2.101074,-1.783126,-0.635127,1.798754,0.446494,0.311649,0.075621,-0.267393,-0.085622,0.879244,0.680773,-0.382068
15.869952,1.238320,0.738964,-0.627897,-0.279242,1.369502,1.213626,-0.357299,0.983288,-0.289942,0.538909,0.175191,0.598571,0.842672,-0.080708,-2.010379,-0.288691,2.100809,-1.783215,-0.634248,1.799450,0.446109,0.310640,0.074707,-0.267213,-0.086468,0.877318,0.685659,-0.382574
15.871057,1.240412,0.742877,-0.633723,-0.277807,1.372327,1.216051,-0.357827,1.006846,-0.304330,0.561102,0.176354,0.598604,0.844993,-0.080731,-2.010067,-0.288613,2.100544,-1.783306,-0.633367,1.800121,0.445734,0.312290,0.076105,-0.267658,-0.087821,0.881252,0.683442,-0.382128
15.872029,1.241401,0.745610,-0.633428,-0.279647,1.369136,1.219301,-0.357106,1.024487,-0.315141,0.576961,0.179092,0.598524,0.846644,-0.080802,-2.009757,-0.288542,2.100283,-1.783393,-0.632487,1.800800,0.445351,0.311319,0.074744,-0.265363,-0.088163,0.879286,0.681466,-0.381385
15.873137,1.242351,0.744845,-0.636156,-0.280467,1.363287,1.223301,-0.357926,1.034788,-0.320366,0.584936,0.184013,0.598356,0.847581,-0.080918,-2.009450,-0.288471,2.100016,-1.783473,-0.631604,1.801474,0.444963,0.310495,0.073832,-0.265642,-0.085232,0.882233,0.678130,-0.382924
15.874104,1.242189,0.752171,-0.640773,-0.279139,1.365797,1.223240,-0.357402,1.038857,-0.321748,0.586617,0.188970,0.598241,0.847698,-0.081052,-2.009139,-0.288396,2.099754,-1.783553,-0.630703,1.802139,0.444580,0.310130,0.074801,-0.264911,-0.083503,0.888858,0.674674,-0.381580
15.875006,1.241413,0.749367,-0.636981,-0.277966,1.361849,1.226343,-0.357835,1.036287,-0.319672,0.581895,0.192856,0.598135,0.846930,-0.081166,-2.008830,-0.288329,2.099493,-1.783639,-0.629815,1.802815,0.444198,0.309839,0.071593,-0.262765,-0.083675,0.885871,0.674669,-0.382743
15.876033,1.244730,0.752425,-0.647769,-0.276807,1.359554,1.223430,-0.357612,1.027154,-0.312494,0.570403,0.197059,0.597994,0.845444,-0.081224,-2.008524,-0.288253,2.099227,-1.783723,-0.628927,1.803478,0.443816,0.309682,0.073329,-0.264592,-0.083637,0.888933,0.671248,-0.381841
15.877137,1.249554,0.755428,-0.649754,-0.278765,1.360596,1.225053,-0.358192,1.013542,-0.301229,0.553963,0.202150,0.597868,0.843442,-0.081217,-2.008219,-0.288184,2.098979,-1.783806,-0.628033,1.804158,0.443436,0.307886,0.072320,-0.259653,-0.083727,0.891312,0.674344,-0.382498
15.878024,1.248835,0.751661,-0.649477,-0.277170,1.360087,1.224730,-0.358147,0.995722,-0.286464,0.532925,0.207386,0.597719,0.840821,-0.081143,-2.007913,-0.288115,2.098719,-1.783883,-0.627146,1.804835,0.443055,0.305616,0.071456,-0.259365,-0.080900,0.891073,0.673129,-0.381647
15.879008,1.249642,0.755971,-0.654677,-0.279080,1.359598,1.227469,-0.357238,0.976529,-0.270948,0.510364,0.211151,0.597669,0.837601,-0.080978,-2.007612,-0.288037,2.098465,-1.783964,-0.626256,1.805503,0.442679,0.305450,0.073628,-0.259488,-0.081380,0.890475,0.673088,-0.381725
15.880089,1.247737,0.753227,-0.657813,-0.278098,1.357095,1.227516,-0.358321,0.958158,-0.257812,0.488936,0.211926,0.597780,0.833908,-0.080717,-2.007309,-0.287968,2.098211,-1.784039,-0.625354,1.806170,0.442288,0.304803,0.071913,-0.257170,-0.078524,0.890609,0.670340,-0.383645
15.881016,1.246677,0.760102,-0.663005,-0.275750,1.360469,1.226266,-0.358748,0.937344,-0.246341,0.465929,0.208823,0.597802,0.829617,-0.080378,-2.007003,-0.287889,2.097955,-1.784119,-0.624463,1.806836,0.441906,0.305832,0.073813,-0.256238,-0.078600,0.893736,0.670753,-0.381725
15.881974,1.249978,0.760943,-0.663748,-0.273904,1.361367,1.228724,-0.359036,0.910198,-0.233455,0.437404,0.203034,0.597387,0.824682,-0.079993,-2.006696,-0.287827,2.097707,-1.784201,-0.623580,1.807510,0.441523,0.305879,0.070817,-0.253826,-0.079824,0.889616,0.671759,-0.380899
15.883020,1.253850,0.764315,-0.667945,-0.273328,1.363759,1.229064,-0.358108,0.877174,-0.215617,0.402720,0.198310,0.596366,0.819492,-0.079615,-2.006393,-0.287754,2.097455,-1.784283,-0.622687,1.808180,0.441148,0.303882,0.070833,-0.253722,-0.080566,0.888238,0.669163,-0.380431
15.884014,1.255465,0.767602,-0.670574,-0.272132,1.366101,1.228373,-0.359087,0.843926,-0.193452,0.366519,0.197020,0.594884,0.814617,-0.079282,-2.006096,-0.287688,2.097210,-1.784362,-0.621812,1.808846,0.440767,0.301999,0.069740,-0.252245,-0.080183,0.886288,0.669132,-0.382540
15.884989,1.256963,0.769956,-0.668210,-0.271325,1.368719,1.228387,-0.358211,0.814252,-0.168896,0.332369,0.199211,0.593073,0.810277,-0.079001,-2.005796,-0.287623,2.096961,-1.784440,-0.620937,1.809521,0.440387,0.301030,0.068639,-0.251338,-0.080397,0.883931,0.669851,-0.380686
15.886125,1.257798,0.772091,-0.676498,-0.271028,1.375589,1.231386,-0.357236,0.789672,-0.143132,0.301906,0.204333,0.591050,0.806467,-0.078763,-2.005500,-0.287557,2.096704,-1.784520,-0.620068,1.810195,0.439998,0.300094,0.067981,-0.252794,-0.080163,0.881180,0.669769,-0.382552
15.887009,1.262143,0.770091,-0.675960,-0.272582,1.375233,1.232657,-0.357267,0.770252,-0.117499,0.275716,0.211303,0.588972,0.803079,-0.078558,-2.005201,-0.287490,2.096462,-1.784596,-0.619196,1.810861,0.439611,0.300023,0.067625,-0.249580,-0.079665,0.875557,0.667399,-0.384860
15.887989,1.263545,0.771754,-0.679844,-0.271094,1.375503,1.232540,-0.355908,0.754711,-0.094099,0.253480,0.217848,0.586998,0.799878,-0.078381,-2.004905,-0.287418,2.096210,-1.784670,-0.618318,1.811525,0.439222,0.297336,0.068963,-0.249871,-0.077110,0.874951,0.665768,-0.384696
15.888993,1.258730,0.775335,-0.682385,-0.271270,1.379022,1.232334,-0.355558,0.744426,-0.076158,0.237093,0.222098,0.585405,0.796816,-0.078224,-2.004611,-0.287349,2.095967,-1.784749,-0.617451,1.812185,0.438826,0.296508,0.068588,-0.248344,-0.077624,0.874633,0.665951,-0.387497
15.889981,1.254484,0.776403,-0.680599,-0.267731,1.374374,1.231735,-0.355147,0.736496,-0.062067,0.223767,0.224275,0.584283,0.793812,-0.078077,-2.004307,-0.287285,2.095720,-1.784823,-0.616584,1.812853,0.438430,0.298769,0.067360,-0.247546,-0.076561,0.871243,0.666261,-0.388274
15.890938,1.256211,0.779632,-0.684613,-0.269307,1.370813,1.226853,-0.354727,0.724279,-0.047137,0.207038,0.225722,0.583544,0.790725,-0.077919,-2.004003,-0.287216,2.095470,-1.784907,-0.615691,1.813524,0.438036,0.300657,0.067330,-0.248835,-0.079016,0.875719,0.666878,-0.389176
15.891986,1.256280,0.782427,-0.682069,-0.269222,1.368322,1.227048,-0.353954,0.705768,-0.029690,0.184905,0.227429,0.583203,0.787549,-0.077730,-2.003708,-0.287152,2.095229,-1.784976,-0.614814,1.814197,0.437651,0.299524,0.066219,-0.247181,-0.076601,0.878913,0.671676,-0.390077
15.893117,1.250072,0.785148,-0.686639,-0.272965,1.370802,1.229241,-0.354186,0.682956,-0.010954,0.159418,0.228779,0.583369,0.784232,-0.077504,-2.003409,-0.287088,2.094978,-1.785052,-0.613928,1.814869,0.437253,0.299532,0.065446,-0.249050,-0.075822,0.881757,0.671693,-0.391794
15.894067,1.249140,0.784129,-0.689065,-0.272192,1.363987,1.229774,-0.354674,0.655674,0.007554,0.131186,0.227404,0.583983,0.780537,-0.077250,-2.003103,-0.287023,2.094734,-1.785116,-0.613056,1.815531,0.436857,0.302909,0.064817,-0.247670,-0.071532,0.880452,0.670139,-0.391620
15.895025,1.254339,0.785285,-0.691127,-0.271313,1.362310,1.231604,-0.354857,0.619942,0.025503,0.097338,0.220924,0.584685,0.776153,-0.076980,-2.002802,-0.286955,2.094486,-1.785186,-0.612154,1.816202,0.436474,0.303009,0.065800,-0.246728,-0.071509,0.886678,0.669474,-0.390693
15.895988,1.255297,0.781686,-0.693423,-0.270081,1.361004,1.228914,-0.355785,0.578469,0.041783,0.060031,0.210737,0.585225,0.771456,-0.076710,-2.002503,-0.286890,2.094241,-1.785258,-0.611262,1.816873,0.436081,0.300109,0.065707,-0.246040,-0.071540,0.887812,0.667524,-0.390363
15.897061,1.250126,0.784400,-0.691446,-0.268941,1.363206,1.228799,-0.356174,0.539967,0.053732,0.026377,0.200149,0.585612,0.767272,-0.076461,-2.002207,-0.286820,2.094001,-1.785328,-0.610375,1.817547,0.435697,0.299420,0.067970,-0.245292,-0.071963,0.888717,0.670156,-0.388570
15.898046,1.251484,0.785230,-0.694797,-0.266630,1.360639,1.224308,-0.356064,0.507449,0.060155,-0.001192,0.190367,0.585786,0.763948,-0.076245,-2.001900,-0.286756,2.093750,-1.785400,-0.609485,1.818225,0.435307,0.302060,0.067246,-0.246958,-0.072343,0.887020,0.670574,-0.388042
15.899060,1.252987,0.788318,-0.692419,-0.267639,1.360771,1.223135,-0.356810,0.478717,0.063331,-0.025109,0.182421,0.585581,0.761471,-0.076075,-2.001601,-0.286688,2.093508,-1.785476,-0.608602,1.818898,0.434916,0.301167,0.067342,-0.245708,-0.073723,0.889456,0.675091,-0.388352
15.900090,1.250239,0.791651,-0.697626,-0.269551,1.364968,1.223536,-0.356920,0.453810,0.064986,-0.045820,0.177234,0.585005,0.759787,-0.075942,-2.001298,-0.286626,2.093258,-1.785544,-0.607708,1.819579,0.434535,0.300288,0.066392,-0.247404,-0.071963,0.889279,0.676299,-0.387019
15.901084,1.250562,0.798536,-0.700645,-0.269056,1.360645,1.226172,-0.356907,0.432275,0.065350,-0.063505,0.173292,0.584173,0.758581,-0.075845,-2.000993,-0.286561,2.093016,-1.785610,-0.606821,1.820260,0.434145,0.301580,0.065328,-0.245365,-0.069394,0.885220,0.676010,-0.386975
15.902020,1.251997,0.800958,-0.702020,-0.270880,1.358723,1.227367,-0.356394,0.408781,0.067727,-0.082924,0.169438,0.582998,0.757370,-0.075816,-2.000696,-0.286505,2.092775,-1.785679,-0.605925,1.820918,0.433762,0.301264,0.062512,-0.244377,-0.069154,0.889406,0.673463,-0.387135
15.902997,1.251196,0.798153,-0.700208,-0.268352,1.363802,1.229038,-0.357533,0.380991,0.075089,-0.106563,0.166460,0.581402,0.756043,-0.075868,-2.000397,-0.286444,2.092533,-1.785740,-0.605033,1.821589,0.433372,0.300194,0.061848,-0.243987,-0.066682,0.890610,0.672089,-0.388176
15.904022,1.248923,0.798495,-0.702823,-0.268550,1.365859,1.232680,-0.357108,0.353602,0.084441,-0.129928,0.164428,0.579582,0.754892,-0.075974,-2.000098,-0.286377,2.092285,-1.785814,-0.604168,1.822260,0.432986,0.300390,0.063769,-0.245270,-0.068378,0.885406,0.670385,-0.385955
15.905033,1.247658,0.798366,-0.703695,-0.266214,1.369428,1.232049,-0.355641,0.330955,0.091377,-0.148549,0.162909,0.577761,0.754260,-0.076105,-1.999792,-0.286313,2.092045,-1.785881,-0.603283,1.822918,0.432601,0.301409,0.064188,-0.244558,-0.067453,0.883537,0.666971,-0.387014
15.906115,1.247522,0.798819,-0.701898,-0.263489,1.370364,1.235073,-0.357086,0.312641,0.095186,-0.162654,0.161871,0.576004,0.754268,-0.076264,-1.999487,-0.286248,2.091802,-1.785952,-0.602405,1.823586,0.432203,0.301871,0.064827,-0.244671,-0.069024,0.880067,0.667771,-0.390071
15.907003,1.243820,0.799454,-0.700479,-0.265001,1.372177,1.232330,-0.356725,0.299088,0.096553,-0.172210,0.162600,0.574406,0.755110,-0.076447,-1.999186,-0.286182,2.091551,-1.786027,-0.601533,1.824242,0.431812,0.302059,0.065241,-0.246272,-0.070949,0.879962,0.665201,-0.387368
15.908055,1.241980,0.797699,-0.704802,-0.263205,1.372475,1.237011,-0.356937,0.291708,0.095073,-0.176007,0.165299,0.573113,0.756873,-0.076629,-1.998879,-0.286117,2.091300,-1.786090,-0.600659,1.824917,0.431428,0.303303,0.065322,-0.246990,-0.068681,0.877191,0.667578,-0.388076
15.908970,1.238297,0.800357,-0.707841,-0.263351,1.368865,1.233792,-0.356819,0.287744,0.090487,-0.175988,0.167692,0.572084,0.759193,-0.076800,-1.998571,-0.286047,2.091056,-1.786161,-0.599777,1.825579,0.431042,0.304152,0.066786,-0.245471,-0.069742,0.877340,0.663159,-0.387855
15.910068,1.243100,0.800817,-0.705503,-0.264934,1.370577,1.234425,-0.357769,0.281578,0.084881,-0.177092,0.168680,0.571061,0.761655,-0.076979,-1.998264,-0.285985,2.090817,-1.786228,-0.598901,1.826242,0.430655,0.305485,0.065902,-0.244209,-0.068812,0.880267,0.666216,-0.388080
15.911056,1.241179,0.806143,-0.705532,-0.263187,1.372529,1.232431,-0.357428,0.272376,0.078873,-0.180120,0.167610,0.569963,0.764053,-0.077182,-1.997964,-0.285915,2.090566,-1.786290,-0.598021,1.826906,0.430271,0.303235,0.066319,-0.246146,-0.066719,0.879366,0.666062,-0.386466
15.912056,1.239596,0.802650,-0.704927,-0.262174,1.367628,1.232330,-0.358992,0.265186,0.071038,-0.180667,0.164498,0.568989,0.766514,-0.077392,-1.997659,-0.285854,2.090315,-1.786360,-0.597151,1.827571,0.429881,0.303986,0.064212,-0.246481,-0.067695,0.877389,0.668131,-0.387262
15.913018,1.234052,0.810028,-0.701834,-0.264394,1.370268,1.230595,-0.360308,0.261984,0.061887,-0.177456,0.160904,0.568172,0.769179,-0.077599,-1.997353,-0.285783,2.090067,-1.786426,-0.596263,1.828241,0.429505,0.304559,0.066486,-0.247227,-0.068034,0.882275,0.668284,-0.384269
15.914013,1.234187,0.809534,-0.705884,-0.263328,1.369301,1.231262,-0.360929,0.260402,0.052177,-0.172600,0.156512,0.567405,0.771776,-0.077806,-1.997041,-0.285725,2.089812,-1.786485,-0.595382,1.828916,0.429128,0.306931,0.063333,-0.249020,-0.065219,0.879206,0.669918,-0.381745
15.915020,1.233328,0.809747,-0.702957,-0.262584,1.369010,1.234387,-0.361304,0.256981,0.043431,-0.169105,0.150253,0.566641,0.773846,-0.078033,-1.996736,-0.285657,2.089567,-1.786553,-0.594504,1.829575,0.428752,0.306611,0.064123,-0.247412,-0.065600,0.880179,0.669343,-0.380676
15.915972,1.232496,0.814923,-0.703163,-0.262877,1.361906,1.238025,-0.362682,0.251921,0.035958,-0.167059,0.143030,0.565959,0.775374,-0.078292,-1.996425,-0.285591,2.089313,-1.786616,-0.593618,1.830240,0.428367,0.306794,0.064573,-0.249303,-0.065721,0.880464,0.666326,-0.380076
15.917152,1.233774,0.815007,-0.703889,-0.264160,1.363682,1.240835,-0.363678,0.248358,0.028857,-0.163938,0.136532,0.565520,0.776715,-0.078569,-1.996121,-0.285532,2.089061,-1.786679,-0.592729,1.830901,0.427990,0.306845,0.062520,-0.249413,-0.064767,0.887106,0.662610,-0.377387
15.918024,1.229040,0.811826,-0.697320,-0.264442,1.360607,1.239161,-0.362320,0.247118,0.022262,-0.159090,0.131117,0.565435,0.778048,-0.078843,-1.995813,-0.285467,2.088811,-1.786738,-0.591841,1.831551,0.427621,0.306582,0.063298,-0.250082,-0.063126,0.886756,0.660746,-0.375906
15.919025,1.226244,0.812355,-0.692236,-0.263425,1.356289,1.240264,-0.365181,0.249627,0.012982,-0.150533,0.124722,0.565869,0.779416,-0.079103,-1.995498,-0.285398,2.088552,-1.786799,-0.590937,1.832219,0.427243,0.308203,0.065238,-0.253258,-0.062189,0.888470,0.662011,-0.378608
15.920020,1.226547,0.815988,-0.695288,-0.262912,1.352031,1.236295,-0.364293,0.258405,-0.003007,-0.135268,0.115686,0.566980,0.780997,-0.079344,-1.995189,-0.285331,2.088291,-1.786863,-0.590044,1.832879,0.426882,0.309344,0.065487,-0.256084,-0.062590,0.892689,0.661019,-0.373035
15.920969,1.225019,0.816730,-0.691945,-0.263930,1.351047,1.233391,-0.365008,0.272349,-0.023889,-0.114736,0.105379,0.568658,0.782934,-0.079570,-1.994879,-0.285270,2.088035,-1.786927,-0.589139,1.833552,0.426510,0.308902,0.064249,-0.254852,-0.062459,0.896648,0.665073,-0.375066
15.922064,1.223809,0.817492,-0.690454,-0.262357,1.350054,1.230813,-0.365576,0.287837,-0.045552,-0.092924,0.095092,0.570640,0.785035,-0.079811,-1.994569,-0.285205,2.087774,-1.786985,-0.588249,1.834229,0.426139,0.309224,0.064380,-0.256658,-0.060879,0.897033,0.667782,-0.373707
15.923083,1.222523,0.818143,-0.689428,-0.263906,1.348518,1.233020,-0.365486,0.321009,-0.089144,-0.048009,0.074428,0.574875,0.789066,-0.080425,-1.993946,-0.285074,2.087255,-1.787105,-0.586437,1.835567,0.425391,0.310307,0.064920,-0.258904,-0.059945,0.900043,0.668723,-0.373315
15.924014,1.214747,0.817568,-0.685453,-0.263366,1.350342,1.231510,-0.366268,0.321009,-0.089144,-0.048009,0.074428,0.574875,0.789066,-0.080425,-1.993946,-0.285074,2.087255,-1.787105,-0.586437,1.835567,0.425391,0.310307,0.064920,-0.258904,-0.059945,0.900043,0.668723,-0.373315
15.925108,1.216701,0.820970,-0.686154,-0.264705,1.351140,1.232127,-0.365949,0.337350,-0.111578,-0.025806,0.063391,0.576724,0.790806,-0.080777,-1.993630,-0.285007,2.086989,-1.787166,-0.585548,1.836231,0.425026,0.313645,0.065647,-0.260884,-0.059873,0.897474,0.670096,-0.371828
15.925989,1.211844,0.819187,-0.691025,-0.264074,1.353296,1.233849,-0.367510,0.350845,-0.133801,-0.005914,0.051030,0.578121,0.792145,-0.081119,-1.993317,-0.284944,2.086729,-1.787219,-0.584647,1.836901,0.424655,0.312658,0.064638,-0.261131,-0.058227,0.897308,0.669918,-0.372840
15.926945,1.211824,0.819449,-0.687167,-0.260692,1.355114,1.235502,-0.366916,0.359540,-0.153988,0.009567,0.037972,0.578884,0.793032,-0.081446,-1.992997,-0.284876,2.086473,-1.787277,-0.583753,1.837573,0.424292,0.314317,0.065914,-0.258615,-0.058281,0.893924,0.667750,-0.369697
15.928071,1.210928,0.823361,-0.689205,-0.260550,1.360940,1.233943,-0.368041,0.363200,-0.170677,0.019696,0.026466,0.578898,0.793739,-0.081757,-1.992685,-0.284810,2.086211,-1.787341,-0.582875,1.838227,0.423922,0.313860,0.066258,-0.260707,-0.061014,0.891749,0.666085,-0.371050
15.929064,1.203201,0.826981,-0.689815,-0.260104,1.362143,1.235277,-0.369384,0.365211,-0.183266,0.026653,0.019624,0.578320,0.794752,-0.082037,-1.992368,-0.284748,2.085950,-1.787401,-0.581997,1.838904,0.423558,0.314400,0.065046,-0.260378,-0.060716,0.887015,0.668230,-0.369201
15.930099,1.205484,0.830945,-0.689178,-0.260672,1.362097,1.240019,-0.369450,0.363802,-0.189402,0.028499,0.018086,0.577245,0.795932,-0.082283,-1.992048,-0.284686,2.085686,-1.787461,-0.581117,1.839565,0.423194,0.317887,0.063813,-0.260295,-0.060609,0.885774,0.666958,-0.366710
15.931024,1.202178,0.834260,-0.688506,-0.261993,1.362450,1.239446,-0.369194,0.355261,-0.187109,0.022062,0.020938,0.575699,0.796919,-0.082509,-1.991733,-0.284626,2.085425,-1.787519,-0.580231,1.840226,0.422830,0.316490,0.062489,-0.261031,-0.059587,0.886075,0.662452,-0.366882
15.932002,1.204744,0.835619,-0.686228,-0.262152,1.362786,1.243062,-0.369832,0.342067,-0.178033,0.009977,0.027163,0.573940,0.797695,-0.082725,-1.991409,-0.284566,2.085162,-1.787574,-0.579345,1.840894,0.422463,0.317477,0.061345,-0.261369,-0.057770,0.884983,0.662847,-0.367477
15.933023,1.207695,0.840082,-0.691168,-0.263445,1.367712,1.241343,-0.371056,0.328745,-0.165652,-0.003104,0.035303,0.572333,0.798317,-0.082922,-1.991098,-0.284504,2.084898,-1.787630,-0.578468,1.841541,0.422102,0.315813,0.061239,-0.262686,-0.057156,0.884481,0.659310,-0.366379
15.934045,1.204328,0.839373,-0.692657,-0.260473,1.363230,1.242438,-0.370150,0.319162,-0.152580,-0.013430,0.044644,0.571219,0.798884,-0.083080,-1.990783,-0.284449,2.084640,-1.787683,-0.577591,1.842206,0.421740,0.314093,0.059693,-0.260572,-0.055517,0.879719,0.661270,-0.364182
15.935094,1.201767,0.841195,-0.686857,-0.261926,1.363718,1.241166,-0.370758,0.312706,-0.138383,-0.021796,0.055567,0.570691,0.799378,-0.083210,-1.990470,-0.284389,2.084381,-1.787745,-0.576707,1.842870,0.421366,0.315577,0.060723,-0.260223,-0.057960,0.884449,0.660349,-0.366250
15.936022,1.203059,0.840945,-0.687924,-0.261268,1.362820,1.241342,-0.370552,0.307666,-0.123289,-0.029688,0.067862,0.570730,0.799686,-0.083337,-1.990149,-0.284331,2.084115,-1.787800,-0.575821,1.843524,0.421000,0.316630,0.060495,-0.263559,-0.056083,0.884268,0.662009,-0.365293
15.937043,1.204096,0.840288,-0.683190,-0.263890,1.359429,1.246002,-0.370059,0.306401,-0.110465,-0.034362,0.079907,0.571469,0.799734,-0.083446,-1.989833,-0.284268,2.083850,-1.787858,-0.574928,1.844185,0.420635,0.315380,0.061116,-0.262975,-0.056219,0.884401,0.661649,-0.365817
15.938135,1.205906,0.838507,-0.686284,-0.264363,1.357592,1.249889,-0.369093,0.312886,-0.103702,-0.031537,0.089901,0.573053,0.799555,-0.083513,-1.989523,-0.284206,2.083584,-1.787907,-0.574047,1.844825,0.420264,0.314663,0.062062,-0.265664,-0.053296,0.887987,0.657283,-0.367031
15.939055,1.198769,0.840751,-0.682720,-0.263954,1.353459,1.250695,-0.368376,0.329761,-0.106323,-0.018127,0.096111,0.575484,0.799263,-0.083527,-1.989209,-0.284139,2.083319,-1.787960,-0.573150,1.845474,0.419895,0.313762,0.063620,-0.264631,-0.052557,0.890450,0.653980,-0.369325
15.939990,1.198531,0.842618,-0.686398,-0.261866,1.351788,1.250002,-0.367681,0.353997,-0.117139,0.003173,0.098203,0.578463,0.798834,-0.083502,-1.988884,-0.284077,2.083047,-1.788011,-0.572257,1.846125,0.419517,0.316655,0.062948,-0.266318,-0.052587,0.893746,0.653052,-0.370781
15.941191,1.209632,0.847973,-0.691250,-0.265090,1.348657,1.252636,-0.366654,0.378785,-0.130053,0.025281,0.098381,0.581484,0.798210,-0.083474,-1.988571,-0.284017,2.082789,-1.788066,-0.571356,1.846774,0.419149,0.316213,0.062547,-0.264543,-0.054212,0.894602,0.653695,-0.372264
15.942039,1.200770,0.846768,-0.684588,-0.262520,1.347497,1.254397,-0.366607,0.402378,-0.140749,0.045610,0.098998,0.584264,0.797538,-0.083468,-1.988269,-0.283959,2.082528,-1.788110,-0.570439,1.847424,0.418769,0.311139,0.060769,-0.263089,-0.050988,0.899169,0.652055,-0.374820
15.943027,1.203259,0.850803,-0.683102,-0.262603,1.347868,1.252532,-0.366119,0.427756,-0.149468,0.066586,0.100566,0.586787,0.797084,-0.083495,-1.987951,-0.283895,2.082255,-1.788166,-0.569533,1.848063,0.418389,0.314770,0.061763,-0.266087,-0.053027,0.898675,0.649921,-0.374786
15.943953,1.201625,0.854671,-0.678542,-0.260993,1.345441,1.252282,-0.365937,0.456438,-0.157264,0.089731,0.103134,0.589038,0.797023,-0.083549,-1.987640,-0.283839,2.081989,-1.788216,-0.568640,1.848721,0.418006,0.313163,0.060363,-0.266988,-0.052610,0.898052,0.651923,-0.375897
15.945029,1.203966,0.857155,-0.683942,-0.262845,1.346521,1.256578,-0.365600,0.489362,-0.163685,0.115758,0.107604,0.591032,0.797441,-0.083618,-1.987326,-0.283781,2.081712,-1.788270,-0.567731,1.849379,0.417630,0.313421,0.058966,-0.269121,-0.053762,0.899555,0.651994,-0.376298
15.946065,1.201858,0.858792,-0.680402,-0.262664,1.346743,1.258164,-0.365388,0.525648,-0.167667,0.143801,0.114162,0.592735,0.798243,-0.083699,-1.987019,-0.283722,2.081448,-1.788320,-0.566843,1.850019,0.417246,0.312270,0.058468,-0.266889,-0.051668,0.899031,0.648215,-0.377242
15.947058,1.196832,0.861897,-0.681026,-0.262887,1.354871,1.255610,-0.366779,0.562275,-0.169323,0.171559,0.121242,0.594023,0.799153,-0.083798,-1.986702,-0.283663,2.081177,-1.788370,-0.565945,1.850667,0.416867,0.313122,0.058321,-0.268983,-0.051587,0.898936,0.647006,-0.377882
15.948016,1.197611,0.862997,-0.682466,-0.262923,1.358415,1.253561,-0.366789,0.596130,-0.169021,0.196745,0.127154,0.594827,0.799884,-0.083891,-1.986387,-0.283605,2.080905,-1.788420,-0.565076,1.851331,0.416495,0.315299,0.057394,-0.268781,-0.051055,0.890768,0.649682,-0.375242
15.949050,1.196780,0.862804,-0.674850,-0.261195,1.355867,1.255146,-0.367970,0.623886,-0.166148,0.216640,0.131010,0.595119,0.800185,-0.083941,-1.986074,-0.283550,2.080639,-1.788469,-0.564190,1.851985,0.416122,0.314439,0.057469,-0.268136,-0.050709,0.886835,0.651721,-0.375359
15.950047,1.195067,0.865775,-0.681859,-0.259407,1.361662,1.251321,-0.367817,0.648191,-0.162702,0.233756,0.133268,0.595082,0.800267,-0.083950,-1.985755,-0.283488,2.080360,-1.788524,-0.563290,1.852640,0.415750,0.314610,0.058211,-0.272170,-0.052081,0.889544,0.650397,-0.373219
15.950974,1.192559,0.868353,-0.675195,-0.259559,1.361114,1.249441,-0.367882,0.672464,-0.160040,0.250906,0.135901,0.594877,0.800517,-0.083945,-1.985444,-0.283432,2.080099,-1.788581,-0.562430,1.853298,0.415377,0.315175,0.057368,-0.268875,-0.053397,0.883823,0.654407,-0.373726
15.952067,1.194914,0.870340,-0.685173,-0.260428,1.360039,1.248095,-0.369909,0.694028,-0.155924,0.265296,0.140115,0.594444,0.800849,-0.083926,-1.985124,-0.283376,2.079817,-1.788631,-0.561541,1.853957,0.415008,0.315804,0.056647,-0.272055,-0.052856,0.883692,0.656104,-0.373667
15.953057,1.200341,0.870739,-0.685098,-0.263213,1.361707,1.247982,-0.369756,0.721067,-0.142149,0.279457,0.148824,0.592757,0.800693,-0.083856,-1.984506,-0.283260,2.079293,-1.788726,-0.559780,1.855280,0.414275,0.311646,0.056847,-0.267899,-0.048800,0.883785,0.658131,-0.370479
15.953966,1.200204,0.868020,-0.681359,-0.262758,1.358615,1.245020,-0.371554,0.721067,-0.142149,0.279457,0.148824,0.592757,0.800693,-0.083856,-1.984506,-0.283260,2.079293,-1.788726,-0.559780,1.855280,0.414275,0.311646,0.056847,-0.267899,-0.048800,0.883785,0.658131,-0.370479
15.955134,1.199301,0.872623,-0.687934,-0.260339,1.362668,1.242650,-0.371077,0.731904,-0.139219,0.285263,0.149372,0.591769,0.800124,-0.083802,-1.984193,-0.283198,2.079018,-1.788775,-0.558881,1.855946,0.413915,0.311129,0.058686,-0.269581,-0.048917,0.885922,0.660842,-0.366922
15.956077,1.197058,0.874003,-0.680104,-0.260437,1.357266,1.243167,-0.372791,0.745141,-0.141592,0.294040,0.147792,0.590864,0.799532,-0.083724,-1.983884,-0.283143,2.078755,-1.788831,-0.558007,1.856608,0.413540,0.311925,0.057252,-0.267087,-0.051071,0.883349,0.664021,-0.368381
15.957018,1.203976,0.874171,-0.684900,-0.261093,1.359946,1.240588,-0.372144,0.757384,-0.144617,0.301788,0.147101,0.589884,0.799060,-0.083664,-1.983568,-0.283087,2.078477,-1.788879,-0.557110,1.857279,0.413184,0.312504,0.057159,-0.270952,-0.050636,0.888141,0.663293,-0.365061
15.958115,1.203311,0.872834,-0.688556,-0.262153,1.361430,1.242856,-0.370640,0.770521,-0.148196,0.310081,0.148036,0.588937,0.798869,-0.083641,-1.983263,-0.283027,2.078212,-1.788928,-0.556226,1.857955,0.412812,0.308600,0.057620,-0.268525,-0.049656,0.884818,0.665704,-0.366488
15.959089,1.199287,0.878399,-0.691057,-0.262729,1.358829,1.243385,-0.371119,0.786473,-0.154654,0.321154,0.149114,0.588183,0.798838,-0.083659,-1.982957,-0.282963,2.077952,-1.788975,-0.555342,1.858612,0.412442,0.309093,0.058992,-0.267332,-0.048469,0.884167,0.663940,-0.369873
15.960073,1.200179,0.881464,-0.692912,-0.260723,1.356159,1.247259,-0.370870,0.799438,-0.161806,0.329993,0.149034,0.587474,0.798494,-0.083727,-1.982644,-0.282912,2.077687,-1.789022,-0.554448,1.859282,0.412076,0.310718,0.056862,-0.266235,-0.047639,0.886412,0.663386,-0.369037
15.961114,1.200192,0.879109,-0.689231,-0.262141,1.354790,1.247590,-0.370747,0.803352,-0.164242,0.330508,0.149227,0.586588,0.797679,-0.083850,-1.982341,-0.282856,2.077422,-1.789076,-0.553564,1.859932,0.411701,0.310012,0.055987,-0.265489,-0.049273,0.888895,0.659604,-0.369697
15.962083,1.200204,0.883527,-0.695348,-0.262101,1.354164,1.246803,-0.368994,0.800763,-0.161829,0.324708,0.151242,0.585624,0.796736,-0.084028,-1.982029,-0.282795,2.077155,-1.789121,-0.552667,1.860591,0.411335,0.309865,0.057845,-0.267709,-0.047666,0.890445,0.659612,-0.370219
15.962964,1.195738,0.882489,-0.692648,-0.262157,1.348925,1.244506,-0.368968,0.795750,-0.158153,0.316863,0.153768,0.584765,0.795811,-0.084266,-1.981717,-0.282741,2.076894,-1.789171,-0.551768,1.861257,0.410952,0.309459,0.056250,-0.264785,-0.047409,0.890588,0.660378,-0.373848
15.964081,1.196198,0.885238,-0.698888,-0.263169,1.351057,1.244539,-0.369857,0.786369,-0.152910,0.305472,0.155529,0.583921,0.794747,-0.084541,-1.981408,-0.282681,2.076627,-1.789218,-0.550873,1.861916,0.410584,0.311052,0.057253,-0.265980,-0.047014,0.894658,0.662336,-0.373865
15.965013,1.199378,0.884183,-0.707198,-0.263180,1.348176,1.243165,-0.368911,0.745458,-0.135193,0.264551,0.153528,0.581866,0.791753,-0.084993,-1.980787,-0.282567,2.076117,-1.789309,-0.549085,1.863247,0.409829,0.308827,0.057765,-0.259527,-0.045666,0.895528,0.664068,-0.374410
15.965985,1.198965,0.887401,-0.699939,-0.261347,1.347533,1.242527,-0.369383,0.745458,-0.135193,0.264551,0.153528,0.581866,0.791753,-0.084993,-1.980787,-0.282567,2.076117,-1.789309,-0.549085,1.863247,0.409829,0.308827,0.057765,-0.259527,-0.045666,0.895528,0.664068,-0.374410
15.967199,1.201552,0.888731,-0.708341,-0.262971,1.349104,1.245785,-0.370039,0.716367,-0.123095,0.236966,0.150753,0.580701,0.790049,-0.085179,-1.980481,-0.282513,2.075850,-1.789358,-0.548184,1.863907,0.409462,0.308730,0.056780,-0.263343,-0.047210,0.895675,0.664713,-0.373594
15.967974,1.198270,0.884856,-0.703036,-0.263581,1.343885,1.247308,-0.369339,0.688657,-0.110523,0.210695,0.148991,0.579656,0.788775,-0.085352,-1.980172,-0.282455,2.075596,-1.789400,-0.547285,1.864570,0.409089,0.307923,0.057055,-0.260177,-0.045653,0.895793,0.662413,-0.372821
15.968954,1.200280,0.887731,-0.713951,-0.262722,1.348902,1.245343,-0.369072,0.664066,-0.099780,0.187857,0.147002,0.578737,0.787977,-0.085518,-1.979866,-0.282392,2.075332,-1.789442,-0.546374,1.865219,0.408708,0.308580,0.059287,-0.262368,-0.044725,0.898743,0.660169,-0.374016
15.969965,1.202479,0.887658,-0.712360,-0.264222,1.349350,1.244867,-0.369926,0.641472,-0.092009,0.167857,0.143404,0.577826,0.787503,-0.085689,-1.979560,-0.282336,2.075084,-1.789488,-0.545492,1.865901,0.408335,0.307279,0.058463,-0.257199,-0.045394,0.893450,0.662095,-0.374692
15.971001,1.199184,0.888507,-0.714105,-0.263799,1.349948,1.247891,-0.368909,0.619470,-0.085498,0.148995,0.138803,0.576778,0.787263,-0.085853,-1.979253,-0.282276,2.074820,-1.789529,-0.544598,1.866564,0.407963,0.305985,0.059138,-0.258345,-0.043783,0.892985,0.662711,-0.373169
15.972005,1.199685,0.888077,-0.718069,-0.262701,1.355394,1.244451,-0.369934,0.598802,-0.080246,0.131819,0.133304,0.575552,0.787254,-0.086001,-1.978947,-0.282217,2.074567,-1.789573,-0.543716,1.867214,0.407586,0.307567,0.059381,-0.257962,-0.044123,0.892690,0.659999,-0.375468
15.972984,1.201575,0.889576,-0.716749,-0.265555,1.355923,1.244759,-0.368848,0.579039,-0.076096,0.115933,0.127347,0.574112,0.787470,-0.086152,-1.978640,-0.282153,2.074314,-1.789619,-0.542838,1.867883,0.407211,0.307080,0.060182,-0.256360,-0.045017,0.887230,0.663591,-0.373556
15.974076,1.201339,0.893474,-0.715772,-0.264094,1.357984,1.245870,-0.369638,0.560176,-0.073025,0.101319,0.121044,0.572487,0.787772,-0.086326,-1.978339,-0.282093,2.074053,-1.789655,-0.541965,1.868540,0.406830,0.305897,0.060009,-0.257252,-0.042161,0.886633,0.663311,-0.375881
15.975099,1.200389,0.893987,-0.719024,-0.265010,1.359637,1.250191,-0.370592,0.545295,-0.072132,0.090789,0.114325,0.570879,0.788154,-0.086510,-1.978032,-0.282035,2.073796,-1.789699,-0.541082,1.869201,0.406461,0.306118,0.058809,-0.258390,-0.043589,0.885332,0.662697,-0.374616
15.976088,1.199432,0.896358,-0.721222,-0.265899,1.365298,1.248129,-0.370685,0.534759,-0.072056,0.084262,0.108683,0.569395,0.788778,-0.086680,-1.977723,-0.281975,2.073539,-1.789739,-0.540196,1.869855,0.406086,0.306426,0.059213,-0.257157,-0.042599,0.883817,0.658602,-0.372918
15.977114,1.196845,0.897977,-0.723953,-0.265576,1.368220,1.246691,-0.369940,0.525189,-0.071032,0.078553,0.104288,0.568037,0.789575,-0.086843,-1.977421,-0.281917,2.073285,-1.789779,-0.539336,1.870510,0.405719,0.306691,0.058639,-0.256386,-0.041665,0.878205,0.660839,-0.372937
15.978213,1.198432,0.897900,-0.728261,-0.265582,1.363183,1.245456,-0.370160,0.512704,-0.067795,0.070247,0.100161,0.566840,0.790308,-0.087014,-1.977109,-0.281861,2.073031,-1.789821,-0.538457,1.871174,0.405334,0.307803,0.058527,-0.255482,-0.041897,0.875545,0.662487,-0.374621
15.979193,1.193913,0.898669,-0.725141,-0.264527,1.363041,1.244457,-0.371730,0.495233,-0.061605,0.057343,0.096256,0.565862,0.790922,-0.087192,-1.976806,-0.281801,2.072778,-1.789861,-0.537563,1.871847,0.404959,0.307150,0.059321,-0.254034,-0.041926,0.881382,0.664177,-0.374502
15.980089,1.193935,0.900046,-0.725987,-0.264445,1.361162,1.241353,-0.372743,0.473656,-0.053398,0.040572,0.092913,0.565187,0.791554,-0.087354,-1.976495,-0.281740,2.072516,-1.789904,-0.536688,1.872506,0.404600,0.309089,0.059514,-0.255834,-0.042842,0.881339,0.665232,-0.371538
15.981160,1.194010,0.896967,-0.729324,-0.266917,1.357006,1.239462,-0.372961,0.450464,-0.044392,0.022199,0.090561,0.564947,0.792337,-0.087471,-1.976185,-0.281681,2.072265,-1.789946,-0.535796,1.873181,0.404232,0.308430,0.059309,-0.255438,-0.042730,0.882180,0.667963,-0.369550
15.982175,1.194888,0.898711,-0.725032,-0.267936,1.355982,1.243654,-0.374327,0.427257,-0.036639,0.004094,0.087831,0.565180,0.793086,-0.087540,-1.975878,-0.281614,2.072018,-1.789981,-0.534912,1.873849,0.403860,0.308409,0.061487,-0.254453,-0.040344,0.886950,0.670220,-0.369436
15.983076,1.194177,0.898052,-0.728930,-0.267386,1.355847,1.239745,-0.372984,0.406530,-0.033780,-0.010731,0.082254,0.565845,0.793595,-0.087577,-1.975571,-0.281553,2.071754,-1.790019,-0.534025,1.874517,0.403498,0.307791,0.061219,-0.256934,-0.039351,0.887996,0.666115,-0.366933
15.984012,1.196092,0.896947,-0.731663,-0.267877,1.354217,1.239412,-0.373997,0.391105,-0.036984,-0.019741,0.074016,0.566879,0.793991,-0.087594,-1.975259,-0.281489,2.071500,-1.790060,-0.533144,1.875199,0.403123,0.307512,0.061995,-0.254969,-0.039739,0.887218,0.669694,-0.369676
15.984973,1.195808,0.896971,-0.725905,-0.267363,1.350943,1.238573,-0.373521,0.380256,-0.044449,-0.024165,0.064606,0.568078,0.794295,-0.087575,-1.974959,-0.281425,2.071251,-1.790097,-0.532247,1.875869,0.402763,0.306188,0.063033,-0.253824,-0.039199,0.888130,0.669800,-0.367731
15.986077,1.201292,0.895060,-0.728010,-0.269193,1.353318,1.239763,-0.375208,0.374886,-0.056037,-0.023483,0.054904,0.569308,0.794566,-0.087486,-1.974651,-0.281361,2.070989,-1.790137,-0.531344,1.876546,0.402389,0.305964,0.063520,-0.256885,-0.039624,0.890840,0.670516,-0.368825
15.987019,1.195602,0.898138,-0.726389,-0.265599,1.353137,1.237614,-0.374798,0.379805,-0.074139,-0.013268,0.045184,0.570669,0.795080,-0.087309,-1.974354,-0.281292,2.070737,-1.790172,-0.530464,1.877209,0.402030,0.303443,0.065131,-0.256539,-0.037933,0.889338,0.669853,-0.365823
15.987992,1.192519,0.901544,-0.726932,-0.268851,1.351619,1.235590,-0.374650,0.395140,-0.097843,0.006342,0.036375,0.572157,0.795949,-0.087046,-1.974045,-0.281230,2.070479,-1.790219,-0.529569,1.877882,0.401663,0.305885,0.064089,-0.257484,-0.041306,0.888852,0.671843,-0.366790
15.988993,1.196269,0.906024,-0.732507,-0.268381,1.351408,1.240704,-0.374292,0.413325,-0.121091,0.027871,0.029651,0.573500,0.796875,-0.086735,-1.973733,-0.281168,2.070221,-1.790248,-0.528667,1.878561,0.401292,0.307028,0.062932,-0.257432,-0.038177,0.889925,0.673769,-0.367228
15.989991,1.192916,0.905590,-0.734216,-0.268063,1.352500,1.243264,-0.373379,0.427396,-0.138729,0.044668,0.024796,0.574463,0.797453,-0.086411,-1.973432,-0.281109,2.069971,-1.790288,-0.527788,1.879214,0.400926,0.304974,0.061311,-0.255048,-0.038633,0.890140,0.668768,-0.368161
15.991091,1.190737,0.904422,-0.736968,-0.268825,1.357315,1.245968,-0.371994,0.437085,-0.151912,0.057806,0.022214,0.575052,0.797623,-0.085777,-1.972811,-0.280980,2.069459,-1.790364,-0.526022,1.880534,0.400172,0.307569,0.063396,-0.253854,-0.038233,0.884970,0.664188,-0.373269
15.992102,1.185793,0.901107,-0.733397,-0.269092,1.357324,1.247317,-0.371507,0.437085,-0.151912,0.057806,0.022214,0.575052,0.797623,-0.085777,-1.972811,-0.280980,2.069459,-1.790364,-0.526022,1.880534,0.400172,0.307569,0.063396,-0.253854,-0.038233,0.884970,0.664188,-0.373269
15.992979,1.180789,0.899151,-0.728579,-0.270196,1.358959,1.250434,-0.369747,0.432984,-0.152754,0.055770,0.021308,0.574772,0.797083,-0.085520,-1.972500,-0.280909,2.069201,-1.790403,-0.525140,1.881189,0.399794,0.309813,0.065556,-0.256024,-0.037967,0.885069,0.663059,-0.374408
15.994065,1.181376,0.899068,-0.728351,-0.269346,1.366886,1.252003,-0.369628,0.426815,-0.156232,0.052979,0.017355,0.574373,0.796128,-0.085332,-1.972182,-0.280839,2.068939,-1.790437,-0.524257,1.881851,0.399407,0.311518,0.066856,-0.258283,-0.036830,0.882288,0.659530,-0.377870
15.995051,1.179485,0.897726,-0.728235,-0.271631,1.365291,1.252232,-0.370604,0.423030,-0.164982,0.053788,0.010211,0.574181,0.795029,-0.085178,-1.971872,-0.280767,2.068681,-1.790477,-0.523398,1.882498,0.399029,0.311241,0.067476,-0.258999,-0.037711,0.875274,0.658551,-0.378384
15.996004,1.175537,0.892232,-0.732748,-0.272766,1.363111,1.250976,-0.368963,0.423837,-0.178872,0.059917,0.000814,0.574419,0.793928,-0.085007,-1.971560,-0.280697,2.068421,-1.790506,-0.522517,1.883160,0.398648,0.311862,0.068626,-0.259293,-0.035581,0.876824,0.658395,-0.376532
15.997079,1.178361,0.894635,-0.735698,-0.270028,1.365429,1.256207,-0.366185,0.426219,-0.197567,0.068820,-0.012221,0.574974,0.792481,-0.084821,-1.971246,-0.280619,2.068166,-1.790539,-0.521642,1.883828,0.398258,0.313364,0.071730,-0.257213,-0.034524,0.878630,0.659551,-0.379902
15.998048,1.175356,0.896044,-0.737220,-0.271665,1.364748,1.254603,-0.366952,0.426570,-0.218890,0.076761,-0.028164,0.575587,0.790607,-0.084659,-1.970936,-0.280549,2.067911,-1.790580,-0.520769,1.884471,0.397864,0.311918,0.071092,-0.256356,-0.037294,0.877001,0.654802,-0.385707
15.998959,1.172693,0.896840,-0.731782,-0.270982,1.361427,1.256203,-0.366859,0.424546,-0.238284,0.081974,-0.042843,0.576126,0.788702,-0.084534,-1.970618,-0.280480,2.067654,-1.790612,-0.519884,1.885128,0.397477,0.312981,0.070849,-0.255823,-0.035730,0.877373,0.656489,-0.384175
16.000049,1.170959,0.900481,-0.734866,-0.268382,1.365028,1.254322,-0.366777,0.420829,-0.253675,0.084498,-0.054849,0.576556,0.786893,-0.084417,-1.970304,-0.280409,2.067393,-1.790648,-0.519007,1.885777,0.397091,0.313684,0.070816,-0.258564,-0.036379,0.879950,0.654691,-0.384358
16.001034,1.176297,0.903513,-0.733018,-0.270597,1.362324,1.256776,-0.366626,0.416430,-0.264057,0.084917,-0.063059,0.576865,0.785307,-0.084304,-1.969988,-0.280342,2.067136,-1.790693,-0.518132,1.886443,0.396710,0.314526,0.069634,-0.257622,-0.038918,0.877131,0.657077,-0.384823
16.002043,1.178242,0.903839,-0.738024,-0.270702,1.366271,1.255172,-0.366820,0.413192,-0.268133,0.084348,-0.065582,0.577096,0.784170,-0.084230,-1.969682,-0.280273,2.066874,-1.790724,-0.517240,1.887096,0.396322,0.311550,0.068614,-0.258779,-0.036786,0.879625,0.654684,-0.385219
16.003076,1.174856,0.903751,-0.735707,-0.271793,1.364055,1.255121,-0.366755,0.414024,-0.267721,0.085628,-0.063358,0.577381,0.783448,-0.084213,-1.969376,-0.280204,2.066620,-1.790759,-0.516376,1.887744,0.395941,0.310411,0.068982,-0.256653,-0.036775,0.875857,0.656574,-0.384994
16.003972,1.172333,0.903180,-0.734706,-0.272019,1.360794,1.258971,-0.366847,0.418575,-0.265302,0.089143,-0.058979,0.577760,0.782820,-0.084234,-1.969060,-0.280134,2.066361,-1.790794,-0.515489,1.888404,0.395555,0.311917,0.069560,-0.258260,-0.035779,0.878338,0.656872,-0.385314
16.004956,1.176281,0.905096,-0.741372,-0.273696,1.361752,1.261160,-0.368048,0.424327,-0.262473,0.093376,-0.054662,0.578199,0.782013,-0.084275,-1.968749,-0.280061,2.066102,-1.790827,-0.514609,1.889043,0.395167,0.312531,0.070171,-0.258707,-0.035583,0.880679,0.652814,-0.385071
16.006052,1.172258,0.908608,-0.736334,-0.274881,1.355547,1.260773,-0.367593,0.429954,-0.259617,0.097414,-0.051092,0.578712,0.781026,-0.084332,-1.968444,-0.279994,2.065853,-1.790858,-0.513724,1.889688,0.394793,0.310268,0.069709,-0.255713,-0.034040,0.879479,0.650794,-0.382797
16.007077,1.171670,0.910437,-0.739166,-0.272708,1.357289,1.259228,-0.368127,0.434241,-0.255633,0.100027,-0.048357,0.579341,0.779881,-0.084417,-1.968126,-0.279928,2.065588,-1.790888,-0.512823,1.890346,0.394405,0.312293,0.068621,-0.258857,-0.033117,0.886403,0.651753,-0.384026
16.007986,1.165825,0.909673,-0.741391,-0.272272,1.354230,1.263474,-0.368752,0.436322,-0.248968,0.100112,-0.045754,0.580118,0.778668,-0.084526,-1.967815,-0.279861,2.065333,-1.790928,-0.511946,1.890999,0.394027,0.312378,0.068268,-0.257842,-0.035286,0.884816,0.653578,-0.383142
16.009062,1.164618,0.910113,-0.743819,-0.272942,1.352413,1.261569,-0.368191,0.433820,-0.237405,0.095074,-0.041461,0.580967,0.777543,-0.084648,-1.967498,-0.279791,2.065076,-1.790963,-0.511046,1.891646,0.393646,0.314661,0.069039,-0.256747,-0.035688,0.886896,0.649106,-0.381883
16.010063,1.168332,0.909751,-0.748596,-0.274961,1.349479,1.260717,-0.367853,0.423495,-0.220325,0.082167,-0.035574,0.581740,0.776404,-0.084781,-1.967186,-0.279719,2.064821,-1.790997,-0.510160,1.892306,0.393256,0.315219,0.069392,-0.256147,-0.035157,0.889316,0.651521,-0.383275
16.010947,1.165290,0.910920,-0.740525,-0.273643,1.347925,1.259653,-0.368595,0.405981,-0.200241,0.062658,-0.030273,0.582371,0.774983,-0.084902,-1.966877,-0.279648,2.064573,-1.791027,-0.509260,1.892958,0.392874,0.313086,0.070051,-0.254196,-0.033328,0.892066,0.652546,-0.384090
16.012079,1.167731,0.910782,-0.745307,-0.275261,1.348698,1.262904,-0.369256,0.387288,-0.180959,0.042369,-0.026463,0.582963,0.773365,-0.084986,-1.966558,-0.279580,2.064307,-1.791063,-0.508362,1.893618,0.392489,0.313856,0.069825,-0.258110,-0.034599,0.892390,0.653262,-0.382522
16.013056,1.169361,0.911635,-0.746569,-0.275376,1.350225,1.259798,-0.368233,0.373492,-0.165083,0.026873,-0.023419,0.583606,0.771953,-0.085033,-1.966250,-0.279508,2.064057,-1.791094,-0.507474,1.894262,0.392106,0.312837,0.070545,-0.256535,-0.033237,0.892679,0.650745,-0.381568
16.013981,1.166951,0.909833,-0.745366,-0.274214,1.351656,1.255701,-0.369947,0.365867,-0.153126,0.017380,-0.020967,0.584181,0.770917,-0.085059,-1.965943,-0.279437,2.063798,-1.791127,-0.506580,1.894924,0.391715,0.311710,0.070570,-0.256150,-0.033232,0.890782,0.653936,-0.383716
16.015015,1.166113,0.911371,-0.750553,-0.273923,1.354985,1.253428,-0.369000,0.363723,-0.144777,0.013165,-0.019053,0.584520,0.770253,-0.085089,-1.965627,-0.279362,2.063536,-1.791163,-0.505705,1.895594,0.391343,0.312335,0.071818,-0.256775,-0.034373,0.888730,0.657802,-0.380297
16.016023,1.168454,0.913934,-0.744737,-0.272340,1.359936,1.253953,-0.367907,0.364772,-0.138602,0.011846,-0.017091,0.584454,0.769920,-0.085146,-1.965314,-0.279293,2.063287,-1.791197,-0.504821,1.896254,0.390955,0.312576,0.071580,-0.254689,-0.034760,0.885649,0.660331,-0.382420
16.016992,1.165514,0.913300,-0.746655,-0.272592,1.361676,1.250188,-0.368800,0.368457,-0.132739,0.012427,-0.013530,0.583982,0.770061,-0.085247,-1.965005,-0.279223,2.063022,-1.791235,-0.503941,1.896911,0.390571,0.311154,0.070799,-0.257914,-0.036357,0.880737,0.659958,-0.384762
16.018120,1.162865,0.918848,-0.744853,-0.274020,1.362599,1.251829,-0.369069,0.377556,-0.127291,0.017246,-0.007119,0.583329,0.770902,-0.085384,-1.964693,-0.279148,2.062764,-1.791270,-0.503077,1.897573,0.390189,0.312263,0.071529,-0.257136,-0.036119,0.878906,0.663760,-0.383030
16.019092,1.162073,0.922334,-0.742059,-0.273465,1.366363,1.255359,-0.370548,0.389676,-0.121762,0.024543,0.000872,0.582564,0.772127,-0.085543,-1.964379,-0.279085,2.062504,-1.791303,-0.502195,1.898233,0.389811,0.313710,0.069473,-0.258794,-0.034919,0.879104,0.662720,-0.382882
16.020000,1.163125,0.921283,-0.742927,-0.274048,1.366986,1.255179,-0.370315,0.401707,-0.114225,0.031685,0.009777,0.581758,0.773502,-0.085709,-1.964061,-0.279018,2.062241,-1.791341,-0.501320,1.898893,0.389436,0.313637,0.068224,-0.260356,-0.035456,0.875091,0.659183,-0.380025
16.021035,1.162872,0.917466,-0.750503,-0.273346,1.365068,1.258020,-0.372555,0.415613,-0.105027,0.040470,0.020278,0.581156,0.775227,-0.085847,-1.963752,-0.278944,2.061984,-1.791376,-0.500460,1.899541,0.389058,0.312527,0.069103,-0.259917,-0.034836,0.873874,0.659221,-0.380532
16.022033,1.161200,0.915978,-0.749978,-0.274702,1.369412,1.257656,-0.372261,0.431372,-0.096196,0.051227,0.031686,0.580871,0.777250,-0.085934,-1.963441,-0.278867,2.061731,-1.791412,-0.499572,1.900197,0.388693,0.312508,0.071476,-0.256591,-0.035638,0.876054,0.656656,-0.376278
16.023071,1.158843,0.917227,-0.745804,-0.274821,1.366338,1.262598,-0.371082,0.445995,-0.089324,0.061759,0.042203,0.580904,0.779267,-0.085974,-1.963129,-0.278793,2.061471,-1.791445,-0.498717,1.900852,0.388315,0.313063,0.072661,-0.257182,-0.034374,0.871871,0.657205,-0.377071
16.023990,1.159745,0.914987,-0.751387,-0.275472,1.364522,1.260963,-0.371961,0.459726,-0.085948,0.072700,0.050509,0.581397,0.781214,-0.085998,-1.962814,-0.278723,2.061208,-1.791479,-0.497831,1.901502,0.387932,0.314045,0.072560,-0.259677,-0.034389,0.875277,0.652555,-0.379655
16.024953,1.159543,0.913226,-0.744502,-0.276452,1.362451,1.260543,-0.371148,0.474032,-0.086453,0.085387,0.056530,0.582466,0.783181,-0.086046,-1.962499,-0.278646,2.060954,-1.791514,-0.496948,1.902161,0.387554,0.312972,0.074007,-0.256929,-0.033711,0.876327,0.654059,-0.377879
16.026183,1.162511,0.916971,-0.742088,-0.275637,1.363467,1.263091,-0.371155,0.490378,-0.091800,0.101168,0.059895,0.584126,0.785137,-0.086143,-1.962188,-0.278570,2.060689,-1.791544,-0.496075,1.902813,0.387175,0.312678,0.075247,-0.260549,-0.032876,0.878142,0.654497,-0.379636
16.027027,1.160514,0.913379,-0.745962,-0.274240,1.359559,1.265217,-0.371893,0.513834,-0.103754,0.124483,0.061208,0.586476,0.787325,-0.086287,-1.961877,-0.278498,2.060421,-1.791581,-0.495192,1.903468,0.386792,0.311701,0.074134,-0.262722,-0.033935,0.879096,0.653028,-0.380136
16.027964,1.167548,0.913700,-0.745629,-0.277147,1.352993,1.261738,-0.371219,0.545752,-0.120354,0.155739,0.063169,0.589405,0.790118,-0.086469,-1.961567,-0.278417,2.060161,-1.791617,-0.494312,1.904123,0.386412,0.311915,0.076110,-0.260509,-0.035224,0.881647,0.650415,-0.378529
16.028976,1.164570,0.911982,-0.745043,-0.275791,1.349651,1.258309,-0.370290,0.583142,-0.139661,0.191872,0.066220,0.592578,0.793432,-0.086690,-1.961265,-0.278340,2.059902,-1.791644,-0.493416,1.904775,0.386034,0.307964,0.076257,-0.260794,-0.032474,0.887523,0.653876,-0.379965
16.030007,1.160531,0.911992,-0.741593,-0.275507,1.352888,1.257934,-0.370653,0.624967,-0.162439,0.232223,0.068471,0.595755,0.796930,-0.086951,-1.960953,-0.278259,2.059638,-1.791681,-0.492512,1.905439,0.385646,0.309259,0.077511,-0.261373,-0.033900,0.890698,0.657466,-0.381973
16.031069,1.157934,0.916309,-0.741233,-0.274538,1.349433,1.260649,-0.370818,0.668532,-0.187628,0.274340,0.069387,0.598713,0.800372,-0.087250,-1.960640,-0.278180,2.059372,-1.791715,-0.491634,1.906093,0.385259,0.311093,0.077927,-0.263446,-0.034289,0.887686,0.658101,-0.381397
16.032021,1.159269,0.916836,-0.739926,-0.275965,1.349342,1.257909,-0.371778,0.709362,-0.211413,0.313680,0.070330,0.601222,0.803698,-0.087582,-1.960323,-0.278108,2.059106,-1.791753,-0.490735,1.906742,0.384873,0.312251,0.076299,-0.264046,-0.035328,0.891554,0.655810,-0.381308
16.032998,1.155227,0.917406,-0.742984,-0.276911,1.351520,1.257938,-0.371244,0.775347,-0.245165,0.376019,0.074843,0.604535,0.809646,-0.088295,-1.959696,-0.277950,2.058575,-1.791817,-0.488958,1.908059,0.384121,0.312752,0.076441,-0.263367,-0.033146,0.888596,0.658533,-0.380686
16.034002,1.150722,0.920111,-0.741110,-0.275911,1.350714,1.262161,-0.372876,0.775347,-0.245165,0.376019,0.074843,0.604535,0.809646,-0.088295,-1.959696,-0.277950,2.058575,-1.791817,-0.488958,1.908059,0.384121,0.312752,0.076441,-0.263367,-0.033146,0.888596,0.658533,-0.380686
16.034958,1.148617,0.920479,-0.746896,-0.277302,1.351283,1.262168,-0.371958,0.795744,-0.253670,0.395085,0.076470,0.605224,0.811797,-0.088673,-1.959379,-0.277875,2.058308,-1.791854,-0.488063,1.908712,0.383750,0.314664,0.075519,-0.264546,-0.034182,0.889308,0.654459,-0.377575
16.035968,1.144306,0.916330,-0.745564,-0.275927,1.355322,1.260334,-0.373000,0.803469,-0.254066,0.402078,0.078115,0.605133,0.813374,-0.089076,-1.959064,-0.277798,2.058050,-1.791885,-0.487186,1.909358,0.383362,0.315226,0.075701,-0.261786,-0.032883,0.888358,0.654529,-0.379512
16.037056,1.144618,0.914291,-0.742452,-0.274647,1.360345,1.260797,-0.374447,0.798282,-0.247506,0.397053,0.079155,0.604271,0.814355,-0.089487,-1.958739,-0.277715,2.057787,-1.791922,-0.486310,1.910022,0.382991,0.316989,0.078145,-0.262790,-0.034312,0.884407,0.656526,-0.377596
16.038037,1.141545,0.914454,-0.744395,-0.273027,1.361711,1.264242,-0.374939,0.786157,-0.238991,0.385889,0.079286,0.602905,0.815008,-0.089870,-1.958421,-0.277633,2.057518,-1.791960,-0.485428,1.910685,0.382622,0.316752,0.079623,-0.264835,-0.035661,0.880121,0.656514,-0.375037
16.038944,1.141632,0.911009,-0.745396,-0.275656,1.362130,1.259815,-0.375451,0.774113,-0.231713,0.374835,0.080249,0.601359,0.815902,-0.090224,-1.958103,-0.277553,2.057259,-1.792000,-0.484546,1.911333,0.382252,0.317873,0.079879,-0.264083,-0.037190,0.878587,0.653166,-0.374235
16.039993,1.145261,0.910473,-0.747645,-0.275749,1.363003,1.257779,-0.375033,0.762940,-0.226004,0.364616,0.082028,0.599738,0.817096,-0.090584,-1.957787,-0.277468,2.056995,-1.792030,-0.483684,1.911999,0.381881,0.317154,0.081805,-0.263509,-0.034633,0.877533,0.657383,-0.373243
16.040984,1.142748,0.911852,-0.751551,-0.274362,1.364766,1.256694,-0.374911,0.753045,-0.223820,0.356144,0.082055,0.598115,0.818236,-0.090991,-1.957476,-0.277384,2.056732,-1.792064,-0.482803,1.912669,0.381502,0.315223,0.082457,-0.262812,-0.034704,0.877084,0.659670,-0.374337
16.042187,1.142700,0.915989,-0.749753,-0.276956,1.364536,1.256721,-0.374002,0.744689,-0.224468,0.349363,0.080529,0.596527,0.819219,-0.091468,-1.957155,-0.277302,2.056478,-1.792102,-0.481935,1.913329,0.381132,0.316081,0.082095,-0.261187,-0.036074,0.875344,0.660842,-0.374753
16.043042,1.146583,0.917575,-0.751255,-0.274743,1.360352,1.250408,-0.374445,0.735166,-0.223975,0.341106,0.079107,0.594898,0.820037,-0.091993,-1.956837,-0.277223,2.056211,-1.792132,-0.481056,1.913997,0.380748,0.316438,0.080672,-0.263030,-0.033827,0.877393,0.661723,-0.377071
16.043981,1.145113,0.916248,-0.752129,-0.275400,1.363260,1.249999,-0.372167,0.724881,-0.220710,0.331416,0.078516,0.593270,0.820688,-0.092531,-1.956532,-0.277142,2.055953,-1.792171,-0.480179,1.914664,0.380369,0.313756,0.080051,-0.262072,-0.035900,0.880328,0.667579,-0.376065
16.044995,1.144429,0.918854,-0.754258,-0.276214,1.361087,1.250159,-0.372487,0.716542,-0.215070,0.322479,0.079774,0.591755,0.821262,-0.093067,-1.956218,-0.277061,2.055690,-1.792205,-0.479303,1.915333,0.379983,0.313996,0.081010,-0.261689,-0.035258,0.876852,0.667759,-0.380703
16.046012,1.143746,0.919588,-0.764647,-0.275877,1.361160,1.251548,-0.371496,0.709212,-0.207453,0.313652,0.082317,0.590334,0.821636,-0.093594,-1.955899,-0.276981,2.055427,-1.792239,-0.478431,1.916006,0.379600,0.314015,0.080088,-0.260930,-0.034532,0.879291,0.667710,-0.380178
16.047080,1.143991,0.919081,-0.769501,-0.274327,1.363180,1.249581,-0.370984,0.697458,-0.195735,0.300114,0.085302,0.588806,0.821536,-0.094086,-1.955587,-0.276901,2.055183,-1.792276,-0.477530,1.916660,0.379216,0.314128,0.080123,-0.256240,-0.034929,0.879118,0.666544,-0.382355
16.047995,1.141566,0.914237,-0.772389,-0.273002,1.358035,1.250191,-0.370205,0.675986,-0.176929,0.276703,0.089413,0.586995,0.820828,-0.094523,-1.955273,-0.276819,2.054931,-1.792316,-0.476657,1.917335,0.378830,0.313928,0.080827,-0.254467,-0.036486,0.877735,0.668861,-0.383612
16.048946,1.138206,0.915667,-0.773471,-0.272245,1.359450,1.254217,-0.368490,0.645230,-0.152359,0.243848,0.095031,0.584925,0.819601,-0.094906,-1.954960,-0.276730,2.054679,-1.792358,-0.475779,1.917999,0.378438,0.314559,0.083419,-0.253135,-0.037620,0.882210,0.667986,-0.385135
16.050065,1.139948,0.919550,-0.777958,-0.274293,1.359778,1.255210,-0.369197,0.608357,-0.125220,0.204798,0.101944,0.582692,0.818058,-0.095251,-1.954639,-0.276649,2.054427,-1.792397,-0.474900,1.918664,0.378044,0.315675,0.082974,-0.252823,-0.038293,0.880301,0.663823,-0.388600
16.051017,1.139814,0.918860,-0.777521,-0.273987,1.355703,1.256066,-0.368611,0.566967,-0.096035,0.161243,0.109819,0.580413,0.816278,-0.095564,-1.954325,-0.276570,2.054177,-1.792431,-0.474013,1.919331,0.377654,0.314878,0.081570,-0.251399,-0.036432,0.880965,0.663441,-0.387452
16.051994,1.143206,0.919719,-0.781060,-0.275151,1.357324,1.254015,-0.370025,0.523468,-0.065449,0.115654,0.117792,0.578283,0.814227,-0.095838,-1.954013,-0.276486,2.053926,-1.792466,-0.473126,1.919993,0.377266,0.314500,0.082191,-0.251872,-0.036781,0.884571,0.662502,-0.388690
16.053033,1.145625,0.918929,-0.785132,-0.275920,1.355388,1.255967,-0.370112,0.482337,-0.036213,0.072446,0.124945,0.576507,0.811934,-0.096054,-1.953704,-0.276402,2.053676,-1.792501,-0.472242,1.920667,0.376886,0.312445,0.082056,-0.250424,-0.035636,0.882648,0.664536,-0.385938
16.054019,1.149757,0.920254,-0.788007,-0.275734,1.353548,1.253724,-0.369114,0.446760,-0.010584,0.034757,0.130507,0.575206,0.809402,-0.096207,-1.953398,-0.276317,2.053431,-1.792534,-0.471360,1.921334,0.376496,0.311168,0.082822,-0.248995,-0.035025,0.884947,0.662798,-0.385973
16.054998,1.149696,0.917345,-0.795694,-0.278832,1.353992,1.252787,-0.369629,0.418182,0.010760,0.003899,0.134451,0.574409,0.806643,-0.096321,-1.953092,-0.276234,2.053188,-1.792569,-0.470468,1.921992,0.376110,0.308821,0.082463,-0.248012,-0.035256,0.886517,0.665165,-0.388092
16.056053,1.151548,0.912490,-0.798962,-0.277050,1.351135,1.255986,-0.369619,0.395546,0.027761,-0.020921,0.136002,0.574021,0.803498,-0.096413,-1.952784,-0.276147,2.052953,-1.792597,-0.469574,1.922666,0.375724,0.308560,0.084200,-0.244665,-0.032340,0.885718,0.666051,-0.387128
16.057088,1.149608,0.915196,-0.800545,-0.276484,1.353246,1.257364,-0.371111,0.376218,0.039487,-0.041604,0.133446,0.573819,0.799766,-0.096494,-1.952480,-0.276055,2.052712,-1.792636,-0.468675,1.923317,0.375332,0.307633,0.086950,-0.243769,-0.034185,0.888904,0.663225,-0.387358
16.058061,1.148554,0.913732,-0.797707,-0.277325,1.357614,1.255207,-0.371080,0.359902,0.046336,-0.058745,0.128233,0.573613,0.795780,-0.096584,-1.952168,-0.275972,2.052469,-1.792672,-0.467800,1.923977,0.374957,0.308449,0.085936,-0.243602,-0.034819,0.887089,0.662134,-0.384576
16.059033,1.149866,0.911856,-0.806525,-0.276460,1.357736,1.257094,-0.371843,0.347366,0.050099,-0.072170,0.122384,0.573343,0.791929,-0.096684,-1.951863,-0.275882,2.052217,-1.792704,-0.466933,1.924645,0.374569,0.308668,0.086913,-0.245348,-0.034064,0.882587,0.664301,-0.384744
16.059976,1.147663,0.911007,-0.808237,-0.278086,1.359452,1.259040,-0.371573,0.338365,0.051307,-0.081998,0.115887,0.572972,0.788286,-0.096801,-1.951556,-0.275792,2.051986,-1.792740,-0.466055,1.925296,0.374193,0.307670,0.088070,-0.241424,-0.034960,0.882261,0.662444,-0.383324
16.061065,1.147339,0.910504,-0.813107,-0.279742,1.366831,1.258194,-0.371074,0.330237,0.051025,-0.090528,0.108636,0.572365,0.784846,-0.096958,-1.951245,-0.275704,2.051745,-1.792769,-0.465171,1.925956,0.373807,0.308325,0.088688,-0.240927,-0.033462,0.879987,0.660392,-0.383918
16.062071,1.145552,0.913318,-0.817929,-0.278123,1.364950,1.258505,-0.371253,0.319892,0.050101,-0.100219,0.099476,0.571454,0.781449,-0.097160,-1.950940,-0.275612,2.051510,-1.792799,-0.464318,1.926613,0.373418,0.308579,0.089291,-0.239382,-0.032079,0.873609,0.661789,-0.385190
16.062954,1.139311,0.910028,-0.813962,-0.278455,1.365264,1.259124,-0.370708,0.304943,0.050416,-0.113330,0.088447,0.570250,0.777981,-0.097397,-1.950627,-0.275527,2.051274,-1.792836,-0.463436,1.927278,0.373035,0.309202,0.088186,-0.237581,-0.033753,0.875599,0.661584,-0.384970
16.063962,1.141761,0.912408,-0.820608,-0.279300,1.369434,1.260216,-0.372185,0.284502,0.054034,-0.131214,0.077442,0.568777,0.774572,-0.097656,-1.950309,-0.275433,2.051029,-1.792868,-0.462559,1.927945,0.372649,0.311576,0.089907,-0.239667,-0.033439,0.874243,0.660569,-0.386004
16.064990,1.138670,0.915093,-0.817359,-0.279317,1.371479,1.257674,-0.371791,0.235299,0.067346,-0.173957,0.057046,0.565583,0.768416,-0.098182,-1.949691,-0.275260,2.050556,-1.792930,-0.460833,1.929269,0.371889,0.311505,0.087989,-0.239252,-0.032919,0.868668,0.662443,-0.384205
16.066071,1.138093,0.914309,-0.827910,-0.279071,1.377371,1.255544,-0.372993,0.208156,0.077792,-0.197840,0.048546,0.564167,0.765645,-0.098415,-1.949380,-0.275167,2.050327,-1.792965,-0.459967,1.929934,0.371510,0.311787,0.088729,-0.234858,-0.033304,0.863594,0.665003,-0.382066
16.067131,1.139186,0.913572,-0.826850,-0.277357,1.372556,1.255613,-0.373170,0.208156,0.077792,-0.197840,0.048546,0.564167,0.765645,-0.098415,-1.949380,-0.275167,2.050327,-1.792965,-0.459967,1.929934,0.371510,0.311787,0.088729,-0.234858,-0.033304,0.863594,0.665003,-0.382066
16.067997,1.133695,0.913929,-0.828233,-0.276210,1.372452,1.253960,-0.373099,0.178465,0.091209,-0.224556,0.042032,0.562998,0.763001,-0.098609,-1.949069,-0.275076,2.050089,-1.793002,-0.459103,1.930604,0.371131,0.311153,0.089419,-0.236211,-0.035095,0.869187,0.665228,-0.381989
16.069010,1.135598,0.913427,-0.829370,-0.280493,1.374062,1.249128,-0.374598,0.148533,0.106377,-0.252233,0.038797,0.562235,0.760683,-0.098749,-1.948751,-0.274987,2.049853,-1.793038,-0.458229,1.931277,0.370747,0.313107,0.089316,-0.235623,-0.036165,0.868091,0.666391,-0.382045
16.070016,1.139386,0.913302,-0.828908,-0.281032,1.365838,1.249944,-0.375366,0.119472,0.121209,-0.279278,0.037180,0.562008,0.758497,-0.098804,-1.948444,-0.274894,2.049618,-1.793063,-0.457365,1.931946,0.370376,0.311944,0.089815,-0.235706,-0.032132,0.866755,0.671394,-0.379229
16.071197,1.137492,0.912141,-0.827091,-0.282394,1.366143,1.251223,-0.375849,0.094319,0.131376,-0.301824,0.033471,0.562434,0.756096,-0.098756,-1.948139,-0.274806,2.049380,-1.793094,-0.456474,1.932619,0.370000,0.309847,0.090152,-0.236521,-0.031804,0.875006,0.670599,-0.377887
16.071997,1.132942,0.911417,-0.822474,-0.282816,1.367749,1.248536,-0.377009,0.078245,0.133099,-0.314743,0.026688,0.563545,0.753666,-0.098628,-1.947828,-0.274713,2.049134,-1.793124,-0.455609,1.933294,0.369625,0.311184,0.091206,-0.238519,-0.030772,0.876361,0.670101,-0.377406
16.073070,1.134870,0.912468,-0.827946,-0.281086,1.360405,1.247318,-0.376716,0.072122,0.125692,-0.317136,0.017024,0.565182,0.751458,-0.098454,-1.947511,-0.274620,2.048890,-1.793154,-0.454734,1.933963,0.369255,0.312421,0.091513,-0.240644,-0.030380,0.873001,0.672070,-0.374927
16.074068,1.141445,0.912843,-0.829062,-0.281278,1.362433,1.243687,-0.377410,0.073282,0.111899,-0.311866,0.005904,0.567062,0.749642,-0.098271,-1.947199,-0.274527,2.048654,-1.793189,-0.453834,1.934645,0.368877,0.311387,0.091301,-0.238697,-0.032243,0.880885,0.673586,-0.375833
16.074964,1.136628,0.913480,-0.826584,-0.283402,1.361708,1.245828,-0.375899,0.080725,0.095424,-0.300953,-0.003453,0.568932,0.748543,-0.098106,-1.946899,-0.274436,2.048419,-1.793222,-0.452963,1.935322,0.368499,0.307924,0.091347,-0.238747,-0.032156,0.878823,0.677255,-0.374579
16.076045,1.133058,0.915317,-0.824687,-0.281709,1.364456,1.241885,-0.376817,0.095546,0.076805,-0.283682,-0.010478,0.570731,0.748271,-0.097969,-1.946583,-0.274346,2.048177,-1.793249,-0.452082,1.935996,0.368119,0.309697,0.091139,-0.240149,-0.030173,0.878635,0.674672,-0.377622
16.077028,1.127270,0.912484,-0.824411,-0.281969,1.362321,1.242218,-0.375839,0.115229,0.056875,-0.262045,-0.016472,0.572407,0.748582,-0.097859,-1.946268,-0.274255,2.047930,-1.793283,-0.451199,1.936688,0.367744,0.311438,0.090574,-0.241831,-0.032067,0.876541,0.678955,-0.376050
16.077948,1.129809,0.914477,-0.825541,-0.284904,1.361664,1.243833,-0.377711,0.134867,0.037803,-0.240436,-0.021780,0.573847,0.749173,-0.097776,-1.945954,-0.274159,2.047688,-1.793316,-0.450321,1.937360,0.367365,0.313958,0.092165,-0.242409,-0.031878,0.878583,0.678570,-0.378172
16.079095,1.125310,0.913713,-0.825140,-0.284671,1.361591,1.245162,-0.377285,0.152163,0.019564,-0.220612,-0.027608,0.575028,0.749759,-0.097698,-1.945644,-0.274067,2.047444,-1.793340,-0.449444,1.938034,0.366999,0.312106,0.091278,-0.242048,-0.029174,0.878534,0.676658,-0.374447
16.080020,1.120646,0.913996,-0.826537,-0.285944,1.366087,1.244977,-0.377599,0.167237,0.001422,-0.202169,-0.035185,0.575999,0.750193,-0.097613,-1.945326,-0.273973,2.047196,-1.793371,-0.448565,1.938698,0.366612,0.314554,0.092069,-0.243209,-0.029727,0.879923,0.676052,-0.375722
16.080989,1.124341,0.915696,-0.827369,-0.284177,1.363682,1.247284,-0.376160,0.178476,-0.015770,-0.186603,-0.044615,0.576721,0.750406,-0.097547,-1.945007,-0.273883,2.046956,-1.793399,-0.447695,1.939371,0.366246,0.316243,0.092078,-0.242777,-0.028605,0.874785,0.675983,-0.375160
16.082132,1.121172,0.914230,-0.827646,-0.284879,1.367642,1.250452,-0.377193,0.185586,-0.030475,-0.174654,-0.054351,0.577181,0.750577,-0.097525,-1.944697,-0.273791,2.046714,-1.793432,-0.446811,1.940044,0.365864,0.313976,0.091406,-0.242769,-0.030471,0.876945,0.673581,-0.378164
16.083122,1.122500,0.911736,-0.829920,-0.283304,1.371976,1.249806,-0.377252,0.192377,-0.042565,-0.163532,-0.061832,0.577514,0.751214,-0.097548,-1.944379,-0.273695,2.046471,-1.793462,-0.445947,1.940709,0.365493,0.315746,0.092540,-0.243628,-0.030082,0.874350,0.671099,-0.376480
16.084004,1.119988,0.910875,-0.823715,-0.285771,1.368558,1.251653,-0.377315,0.214860,-0.066792,-0.134377,-0.069601,0.578218,0.754578,-0.097688,-1.943751,-0.273505,2.045970,-1.793523,-0.444215,1.942046,0.364737,0.315251,0.094425,-0.246004,-0.029384,0.872629,0.669536,-0.376363
16.085176,1.121469,0.909792,-0.826627,-0.285651,1.374870,1.251943,-0.378728,0.214860,-0.066792,-0.134377,-0.069601,0.578218,0.754578,-0.097688,-1.943751,-0.273505,2.045970,-1.793523,-0.444215,1.942046,0.364737,0.315251,0.094425,-0.246004,-0.029384,0.872629,0.669536,-0.376363
16.086023,1.120624,0.911250,-0.824969,-0.286818,1.372576,1.252958,-0.377025,0.234742,-0.084349,-0.111419,-0.072882,0.578731,0.757126,-0.097775,-1.943436,-0.273410,2.045725,-1.793556,-0.443356,1.942721,0.364374,0.314766,0.095395,-0.245573,-0.029805,0.867952,0.670015,-0.374022
16.087035,1.123615,0.910493,-0.825567,-0.287381,1.369093,1.250157,-0.378194,0.290212,-0.129922,-0.049846,-0.080924,0.580040,0.763395,-0.097915,-1.942812,-0.273221,2.045232,-1.793609,-0.441611,1.944059,0.363621,0.312623,0.095245,-0.246541,-0.028462,0.872713,0.671406,-0.375190
16.087971,1.119704,0.911894,-0.825228,-0.285379,1.371863,1.248959,-0.377964,0.290212,-0.129922,-0.049846,-0.080924,0.580040,0.763395,-0.097915,-1.942812,-0.273221,2.045232,-1.793609,-0.441611,1.944059,0.363621,0.312623,0.095245,-0.246541,-0.028462,0.872713,0.671406,-0.375190
16.089085,1.118907,0.911463,-0.824520,-0.285586,1.372123,1.249688,-0.378507,0.323526,-0.154603,-0.014173,-0.084234,0.580722,0.767001,-0.097943,-1.942492,-0.273127,2.044982,-1.793645,-0.440741,1.944733,0.363240,0.314002,0.094659,-0.246912,-0.030486,0.869408,0.672373,-0.375723
16.090072,1.117500,0.916212,-0.820033,-0.287039,1.370400,1.249487,-0.379276,0.357230,-0.177283,0.021028,-0.085185,0.581317,0.770886,-0.097950,-1.942175,-0.273029,2.044730,-1.793675,-0.439874,1.945410,0.362866,0.314437,0.095199,-0.248048,-0.030533,0.870303,0.672121,-0.374990
16.091068,1.118806,0.914843,-0.819857,-0.286837,1.371681,1.249444,-0.378843,0.423475,-0.214739,0.087976,-0.080835,0.582380,0.778976,-0.097924,-1.941548,-0.272843,2.044223,-1.793733,-0.438119,1.946747,0.362123,0.313800,0.093928,-0.251061,-0.029696,0.870615,0.672459,-0.374684
16.091985,1.113748,0.915140,-0.815709,-0.287632,1.369003,1.251204,-0.379101,0.423475,-0.214739,0.087976,-0.080835,0.582380,0.778976,-0.097924,-1.941548,-0.272843,2.044223,-1.793733,-0.438119,1.946747,0.362123,0.313800,0.093928,-0.251061,-0.029696,0.870615,0.672459,-0.374684
16.093082,1.112616,0.916250,-0.819436,-0.288121,1.366979,1.255890,-0.378174,0.458120,-0.231605,0.122039,-0.076976,0.583052,0.782921,-0.097885,-1.941230,-0.272748,2.043965,-1.793761,-0.437252,1.947410,0.361747,0.315713,0.093851,-0.253195,-0.029030,0.872720,0.670456,-0.374185
16.094065,1.104908,0.912843,-0.817468,-0.289368,1.362843,1.254476,-0.377510,0.491119,-0.247260,0.154353,-0.072872,0.583823,0.786605,-0.097834,-1.940912,-0.272656,2.043714,-1.793787,-0.436367,1.948074,0.361372,0.316235,0.093655,-0.252025,-0.028932,0.875536,0.666246,-0.376400
16.095041,1.109435,0.914664,-0.817299,-0.288950,1.361332,1.254675,-0.377785,0.517184,-0.260452,0.180400,-0.069770,0.584522,0.789761,-0.097780,-1.940584,-0.272557,2.043457,-1.793813,-0.435473,1.948748,0.360990,0.319578,0.095496,-0.253307,-0.027936,0.879388,0.667696,-0.377839
16.096004,1.110813,0.912871,-0.818929,-0.288600,1.356805,1.251260,-0.377940,0.535690,-0.272111,0.199930,-0.068647,0.585111,0.792323,-0.097745,-1.940274,-0.272465,2.043205,-1.793841,-0.434597,1.949415,0.360606,0.316911,0.094762,-0.253693,-0.028564,0.880701,0.667473,-0.377370
16.097018,1.103544,0.911111,-0.810753,-0.287206,1.358338,1.252571,-0.376957,0.551862,-0.283653,0.217338,-0.068094,0.585758,0.794686,-0.097751,-1.939958,-0.272368,2.042951,-1.793874,-0.433701,1.950094,0.360233,0.315771,0.095793,-0.253110,-0.029010,0.884758,0.670786,-0.377178
16.098007,1.105424,0.912791,-0.808060,-0.289252,1.354009,1.246653,-0.376418,0.569552,-0.296194,0.235816,-0.066745,0.586589,0.797223,-0.097804,-1.939638,-0.272269,2.042684,-1.793907,-0.432827,1.950758,0.359848,0.319113,0.096844,-0.257505,-0.030536,0.883340,0.669592,-0.379325
16.098949,1.105161,0.911912,-0.810192,-0.287948,1.351725,1.243563,-0.374466,0.590345,-0.311191,0.257113,-0.065231,0.587639,0.799973,-0.097901,-1.939321,-0.272176,2.042424,-1.793932,-0.431930,1.951443,0.359469,0.317737,0.096187,-0.259085,-0.028748,0.887452,0.675521,-0.380533
16.099986,1.105073,0.909594,-0.804653,-0.287580,1.353443,1.240356,-0.374790,0.614511,-0.328533,0.281552,-0.064255,0.588840,0.802782,-0.098038,-1.939002,-0.272078,2.042165,-1.793965,-0.431029,1.952128,0.359080,0.317306,0.096721,-0.258102,-0.030143,0.888982,0.678323,-0.384484
16.100983,1.106301,0.911877,-0.805052,-0.287317,1.350710,1.237988,-0.375038,0.642125,-0.347674,0.308938,-0.063334,0.590082,0.805612,-0.098174,-1.938686,-0.271978,2.041902,-1.793996,-0.430147,1.952812,0.358698,0.317140,0.098074,-0.261298,-0.030687,0.887526,0.681675,-0.384001
16.102004,1.100897,0.912059,-0.801076,-0.287286,1.352560,1.239630,-0.375712,0.674748,-0.368890,0.340508,-0.061671,0.591298,0.808555,-0.098257,-1.938368,-0.271885,2.041641,-1.794029,-0.429248,1.953496,0.358312,0.316149,0.097122,-0.261348,-0.031052,0.890084,0.684007,-0.383629
16.103003,1.097854,0.911132,-0.798265,-0.286491,1.357015,1.240964,-0.376732,0.710715,-0.390341,0.374564,-0.058788,0.592324,0.811532,-0.098271,-1.938048,-0.271789,2.041372,-1.794062,-0.428370,1.954184,0.357929,0.318576,0.097250,-0.263608,-0.031217,0.888383,0.682370,-0.382450
16.103995,1.097754,0.910748,-0.801153,-0.286548,1.356859,1.246817,-0.377884,0.746462,-0.409968,0.407921,-0.054621,0.593012,0.814428,-0.098226,-1.937725,-0.271691,2.041107,-1.794097,-0.427493,1.954861,0.357547,0.319657,0.097879,-0.265240,-0.032090,0.883919,0.681069,-0.380548
16.105077,1.093465,0.909771,-0.800911,-0.286683,1.362916,1.244055,-0.378574,0.810038,-0.440921,0.466089,-0.042059,0.593269,0.820031,-0.097988,-1.937078,-0.271491,2.040579,-1.794162,-0.425738,1.956215,0.356802,0.321256,0.098927,-0.264663,-0.032194,0.878695,0.678382,-0.377364
16.106044,1.095452,0.908582,-0.802493,-0.287202,1.364360,1.245113,-0.378511,0.834184,-0.451693,0.487775,-0.035266,0.592838,0.822470,-0.097837,-1.936760,-0.271394,2.040317,-1.794194,-0.424847,1.956893,0.356429,0.319761,0.099639,-0.264011,-0.031771,0.876876,0.677171,-0.377629
16.107057,1.092260,0.911697,-0.801427,-0.284603,1.366523,1.243600,-0.378771,0.834184,-0.451693,0.487775,-0.035266,0.592838,0.822470,-0.097837,-1.936760,-0.271394,2.040317,-1.794194,-0.424847,1.956893,0.356429,0.319761,0.099639,-0.264011,-0.031771,0.876876,0.677171,-0.377629
16.108139,1.089634,0.909278,-0.802118,-0.284974,1.367936,1.248392,-0.379746,0.853841,-0.459133,0.504967,-0.028042,0.592196,0.824656,-0.097691,-1.936435,-0.271297,2.040049,-1.794235,-0.423988,1.957579,0.356055,0.320979,0.098252,-0.264813,-0.034333,0.875034,0.678739,-0.377302
16.109019,1.089866,0.909983,-0.797130,-0.286774,1.365495,1.245795,-0.379746,0.869199,-0.461616,0.517364,-0.018662,0.591458,0.826758,-0.097587,-1.936112,-0.271196,2.039786,-1.794269,-0.423118,1.958235,0.355685,0.322156,0.099722,-0.264998,-0.034096,0.874438,0.674373,-0.375671
16.109989,1.090841,0.910836,-0.797363,-0.284582,1.368544,1.246487,-0.378355,0.896090,-0.460740,0.537872,0.001406,0.590323,0.830321,-0.097645,-1.935474,-0.271000,2.039246,-1.794336,-0.421377,1.959583,0.354929,0.320274,0.099043,-0.267208,-0.034569,0.872662,0.675798,-0.378572
16.111067,1.097932,0.910105,-0.796550,-0.287008,1.371602,1.249598,-0.379216,0.896090,-0.460740,0.537872,0.001406,0.590323,0.830321,-0.097645,-1.935474,-0.271000,2.039246,-1.794336,-0.421377,1.959583,0.354929,0.320274,0.099043,-0.267208,-0.034569,0.872662,0.675798,-0.378572
16.112076,1.090239,0.911699,-0.797538,-0.285212,1.365964,1.251984,-0.379701,0.916884,-0.461812,0.554613,0.011829,0.590458,0.831942,-0.097803,-1.935163,-0.270898,2.038977,-1.794365,-0.420505,1.960252,0.354558,0.316694,0.099634,-0.268074,-0.032392,0.870370,0.673064,-0.377124
16.112944,1.086018,0.908112,-0.795313,-0.286693,1.367955,1.252547,-0.378592,0.944311,-0.464468,0.577120,0.022845,0.591260,0.833521,-0.097977,-1.934837,-0.270799,2.038709,-1.794403,-0.419617,1.960919,0.354185,0.320178,0.098985,-0.267797,-0.034230,0.876077,0.670806,-0.376357
16.114109,1.086493,0.908763,-0.793120,-0.285465,1.367553,1.254336,-0.378915,0.971172,-0.466343,0.598983,0.033190,0.592517,0.834698,-0.098123,-1.934516,-0.270694,2.038442,-1.794433,-0.418757,1.961587,0.353798,0.321418,0.100697,-0.268689,-0.032777,0.873040,0.669798,-0.378511
16.114983,1.084957,0.909919,-0.792217,-0.286469,1.364006,1.254178,-0.379766,0.994519,-0.467597,0.617852,0.041544,0.594135,0.835301,-0.098223,-1.934193,-0.270594,2.038167,-1.794471,-0.417874,1.962258,0.353419,0.321313,0.100708,-0.270475,-0.034181,0.874898,0.668752,-0.378274
16.116027,1.084551,0.911057,-0.791688,-0.285258,1.361207,1.253570,-0.380690,1.016714,-0.469256,0.635836,0.048093,0.596152,0.835506,-0.098265,-1.933875,-0.270493,2.037894,-1.794502,-0.417002,1.962925,0.353046,0.321294,0.100078,-0.270616,-0.033183,0.877412,0.668492,-0.376529
16.117024,1.077960,0.909571,-0.788098,-0.285416,1.359024,1.253364,-0.380769,1.037720,-0.469910,0.652484,0.053773,0.598448,0.835416,-0.098261,-1.933551,-0.270396,2.037624,-1.794539,-0.416112,1.963597,0.352676,0.321208,0.099734,-0.271205,-0.034474,0.880492,0.669348,-0.374948
16.118004,1.074142,0.904990,-0.793709,-0.287628,1.356571,1.253482,-0.381396,1.056055,-0.468710,0.666324,0.058750,0.600799,0.834974,-0.098228,-1.933222,-0.270293,2.037343,-1.794573,-0.415220,1.964274,0.352299,0.324028,0.100587,-0.273049,-0.034378,0.882523,0.669567,-0.374968
16.119058,1.073872,0.906484,-0.792154,-0.287316,1.353547,1.254813,-0.380905,1.067772,-0.466498,0.674477,0.060723,0.602874,0.833803,-0.098187,-1.932896,-0.270186,2.037080,-1.794604,-0.414334,1.964934,0.351928,0.325399,0.102914,-0.270394,-0.032301,0.884729,0.669492,-0.373860
16.120091,1.070090,0.913130,-0.792640,-0.287692,1.354807,1.253035,-0.380191,1.069722,-0.464206,0.674744,0.057504,0.604397,0.831581,-0.098170,-1.932566,-0.270086,2.036805,-1.794637,-0.413434,1.965600,0.351552,0.325205,0.102344,-0.271507,-0.032806,0.888031,0.668465,-0.375124
16.120970,1.069246,0.911004,-0.789300,-0.287996,1.352518,1.253798,-0.381883,1.062402,-0.459455,0.666932,0.051134,0.605339,0.828568,-0.098213,-1.932241,-0.269992,2.036532,-1.794669,-0.412561,1.966277,0.351167,0.326777,0.099246,-0.271504,-0.032584,0.887075,0.670439,-0.376746
16.122023,1.069526,0.912963,-0.791330,-0.287917,1.354844,1.255154,-0.381967,1.047695,-0.449821,0.651980,0.044188,0.605795,0.825140,-0.098325,-1.931914,-0.269891,2.036259,-1.794701,-0.411665,1.966935,0.350796,0.326287,0.100308,-0.272917,-0.032303,0.888156,0.669295,-0.373298
16.122959,1.066438,0.912328,-0.793220,-0.287199,1.351090,1.254211,-0.383926,1.029702,-0.437057,0.633557,0.037524,0.605935,0.821624,-0.098488,-1.931589,-0.269792,2.035985,-1.794735,-0.410772,1.967600,0.350428,0.325894,0.099536,-0.272186,-0.032527,0.886135,0.668260,-0.373458
16.124029,1.067038,0.914038,-0.793402,-0.286086,1.352952,1.256068,-0.383443,1.009897,-0.421922,0.612844,0.031987,0.605816,0.818236,-0.098683,-1.931263,-0.269689,2.035715,-1.794771,-0.409886,1.968264,0.350066,0.326772,0.099880,-0.271201,-0.033227,0.889305,0.669059,-0.369617
16.125007,1.064746,0.914203,-0.793751,-0.287706,1.358892,1.257112,-0.384100,0.963398,-0.382102,0.562121,0.028069,0.604696,0.812251,-0.099136,-1.930608,-0.269492,2.035172,-1.794835,-0.408114,1.969610,0.349331,0.326825,0.099304,-0.271419,-0.033001,0.881693,0.666445,-0.369784
16.126150,1.065636,0.909985,-0.795383,-0.284944,1.359149,1.260952,-0.384519,0.963398,-0.382102,0.562121,0.028069,0.604696,0.812251,-0.099136,-1.930608,-0.269492,2.035172,-1.794835,-0.408114,1.969610,0.349331,0.326825,0.099304,-0.271419,-0.033001,0.881693,0.666445,-0.369784
16.127033,1.061159,0.909229,-0.795830,-0.285999,1.359521,1.257554,-0.384060,0.940099,-0.360480,0.535640,0.029335,0.603801,0.809826,-0.099349,-1.930284,-0.269387,2.034902,-1.794878,-0.407237,1.970266,0.348967,0.326440,0.101699,-0.271275,-0.035806,0.882794,0.663323,-0.369411
16.128003,1.055310,0.906877,-0.795982,-0.285381,1.364014,1.257989,-0.385803,0.918202,-0.340717,0.510243,0.031941,0.602672,0.807814,-0.099512,-1.929956,-0.269283,2.034631,-1.794911,-0.406357,1.970939,0.348594,0.327805,0.101991,-0.270811,-0.034732,0.881362,0.666357,-0.370328
16.129064,1.054919,0.911812,-0.800991,-0.285884,1.365577,1.255430,-0.386357,0.864540,-0.304166,0.451192,0.035494,0.599252,0.803846,-0.099661,-1.929290,-0.269082,2.034092,-1.794980,-0.404619,1.972281,0.347872,0.329942,0.100966,-0.268672,-0.035028,0.875774,0.668736,-0.366226
16.129939,1.054292,0.911412,-0.803238,-0.285442,1.362989,1.252387,-0.386503,0.864540,-0.304166,0.451192,0.035494,0.599252,0.803846,-0.099661,-1.929290,-0.269082,2.034092,-1.794980,-0.404619,1.972281,0.347872,0.329942,0.100966,-0.268672,-0.035028,0.875774,0.668736,-0.366226
16.131050,1.052296,0.910758,-0.804522,-0.286126,1.365768,1.248860,-0.387300,0.826102,-0.281459,0.411009,0.036701,0.596848,0.801656,-0.099677,-1.928961,-0.268980,2.033826,-1.795016,-0.403732,1.972961,0.347506,0.329319,0.101130,-0.267359,-0.035406,0.877216,0.671275,-0.365941
16.131986,1.047817,0.914591,-0.808424,-0.285576,1.365598,1.245254,-0.387096,0.780860,-0.255117,0.364425,0.037896,0.594088,0.799369,-0.099705,-1.928630,-0.268875,2.033563,-1.795050,-0.402866,1.973639,0.347144,0.330202,0.101692,-0.267367,-0.034894,0.875517,0.675298,-0.364749
16.133034,1.046166,0.917297,-0.802983,-0.286390,1.363426,1.246311,-0.386577,0.729122,-0.225732,0.311960,0.038480,0.591052,0.796884,-0.099755,-1.928297,-0.268779,2.033301,-1.795087,-0.401985,1.974325,0.346780,0.331682,0.099848,-0.265450,-0.035413,0.875110,0.678606,-0.365283
16.134061,1.050881,0.920480,-0.813854,-0.286776,1.362882,1.243785,-0.386590,0.671001,-0.192166,0.253598,0.039006,0.587855,0.794219,-0.099818,-1.927965,-0.268682,2.033025,-1.795122,-0.401110,1.975010,0.346410,0.332135,0.098737,-0.268492,-0.034693,0.877780,0.677685,-0.366604
16.135047,1.046008,0.914911,-0.812083,-0.286016,1.359784,1.245128,-0.387066,0.610121,-0.154905,0.192495,0.040440,0.584709,0.791570,-0.099902,-1.927637,-0.268587,2.032775,-1.795156,-0.400228,1.975689,0.346044,0.329359,0.097370,-0.263479,-0.034413,0.878516,0.680376,-0.366823
16.135980,1.049121,0.916878,-0.820912,-0.285984,1.361924,1.243719,-0.388128,0.549067,-0.115843,0.131096,0.042918,0.581728,0.788999,-0.100023,-1.927299,-0.268478,2.032509,-1.795193,-0.399333,1.976370,0.345680,0.331190,0.100208,-0.264603,-0.035207,0.881354,0.678940,-0.366055
16.137119,1.045873,0.912840,-0.825409,-0.286422,1.358920,1.246551,-0.388743,0.488907,-0.077279,0.070621,0.046066,0.578943,0.786501,-0.100170,-1.926975,-0.268381,2.032258,-1.795228,-0.398465,1.977049,0.345319,0.328939,0.099259,-0.260317,-0.035222,0.878688,0.680116,-0.364034
16.138007,1.045289,0.913822,-0.823697,-0.287245,1.356269,1.243695,-0.391323,0.429005,-0.039915,0.010647,0.049405,0.576318,0.784008,-0.100313,-1.926643,-0.268276,2.032002,-1.795263,-0.397573,1.977736,0.344961,0.330548,0.101580,-0.258912,-0.034980,0.882851,0.677786,-0.363294
16.138959,1.044212,0.912884,-0.828971,-0.287587,1.358443,1.245826,-0.390033,0.369442,-0.005031,-0.048350,0.051623,0.573813,0.781388,-0.100438,-1.926312,-0.268177,2.031742,-1.795295,-0.396679,1.978415,0.344612,0.329915,0.101046,-0.259701,-0.034178,0.884331,0.680247,-0.358177
16.140104,1.043351,0.914054,-0.823211,-0.288312,1.353478,1.247086,-0.390013,0.312658,0.025810,-0.103866,0.051885,0.571482,0.778654,-0.100560,-1.925984,-0.268074,2.031491,-1.795329,-0.395806,1.979084,0.344249,0.329811,0.101562,-0.257272,-0.033891,0.881765,0.677953,-0.360977
16.141004,1.044710,0.912515,-0.829357,-0.287056,1.352586,1.247196,-0.389727,0.261452,0.052036,-0.153387,0.050494,0.569397,0.776016,-0.100715,-1.925652,-0.267972,2.031225,-1.795361,-0.394902,1.979762,0.343885,0.330218,0.101274,-0.260929,-0.033422,0.887848,0.677324,-0.361459
16.141977,1.043840,0.913416,-0.836726,-0.287230,1.352264,1.247073,-0.391582,0.218998,0.072850,-0.194111,0.048370,0.567628,0.773801,-0.100928,-1.925331,-0.267869,2.030972,-1.795399,-0.394022,1.980431,0.343518,0.328774,0.102018,-0.257830,-0.034606,0.887786,0.676885,-0.362069
16.143074,1.042698,0.914515,-0.837176,-0.285939,1.349566,1.248480,-0.393328,0.183237,0.090581,-0.228379,0.046886,0.566086,0.772151,-0.101195,-1.925004,-0.267769,2.030726,-1.795433,-0.393130,1.981110,0.343169,0.328661,0.101657,-0.254515,-0.034485,0.887749,0.676918,-0.358550
16.144055,1.042543,0.917147,-0.842809,-0.287543,1.349982,1.251176,-0.391611,0.149391,0.108988,-0.261072,0.047067,0.564621,0.771048,-0.101503,-1.924671,-0.267669,2.030473,-1.795472,-0.392225,1.981787,0.342818,0.329040,0.101367,-0.255032,-0.035838,0.891075,0.675929,-0.355495
16.144962,1.038983,0.911858,-0.838590,-0.287496,1.349345,1.247680,-0.391706,0.116012,0.129757,-0.293715,0.049233,0.563184,0.770541,-0.101886,-1.924346,-0.267568,2.030226,-1.795503,-0.391343,1.982455,0.342453,0.328593,0.100142,-0.252580,-0.034340,0.890417,0.673216,-0.359175
16.146064,1.042215,0.910809,-0.846285,-0.287452,1.350991,1.247299,-0.390399,0.084116,0.151062,-0.324825,0.051730,0.561772,0.770517,-0.102375,-1.924013,-0.267461,2.029966,-1.795538,-0.390451,1.983141,0.342090,0.329522,0.102756,-0.254706,-0.034396,0.890120,0.676366,-0.359017
16.147041,1.037943,0.909771,-0.849589,-0.286902,1.353201,1.246811,-0.390513,0.056542,0.168594,-0.350922,0.052386,0.560420,0.770795,-0.102929,-1.923691,-0.267355,2.029718,-1.795573,-0.389556,1.983829,0.341722,0.327823,0.103450,-0.251600,-0.034597,0.889205,0.677106,-0.362032
16.147981,1.032845,0.907349,-0.845595,-0.286245,1.349728,1.246337,-0.389724,0.032660,0.182055,-0.372521,0.051181,0.559077,0.771265,-0.103494,-1.923359,-0.267251,2.029471,-1.795607,-0.388680,1.984504,0.341363,0.329388,0.104025,-0.250331,-0.035208,0.886803,0.677533,-0.361972
16.149049,1.030344,0.906159,-0.851978,-0.285695,1.356729,1.244045,-0.390272,0.009853,0.193190,-0.392273,0.048713,0.557644,0.771822,-0.104056,-1.923022,-0.267142,2.029213,-1.795644,-0.387786,1.985186,0.340992,0.331138,0.105194,-0.252482,-0.035813,0.889653,0.677761,-0.363656
16.150037,1.032463,0.904088,-0.854462,-0.287936,1.360245,1.245150,-0.388751,-0.012725,0.202207,-0.411029,0.045061,0.556074,0.772363,-0.104621,-1.922691,-0.267033,2.028970,-1.795683,-0.386927,1.985863,0.340627,0.332106,0.105902,-0.249973,-0.036412,0.883369,0.680385,-0.362865
16.150960,1.035978,0.900922,-0.856889,-0.287353,1.359124,1.246334,-0.388321,-0.035516,0.209004,-0.429159,0.039775,0.554383,0.772714,-0.105166,-1.922360,-0.266924,2.028722,-1.795713,-0.386046,1.986541,0.340258,0.330465,0.106953,-0.249156,-0.034315,0.879753,0.679216,-0.366124
16.151996,1.030515,0.901666,-0.856749,-0.288609,1.362852,1.248278,-0.388358,-0.054755,0.211276,-0.443118,0.032598,0.552734,0.772928,-0.105651,-1.922040,-0.266811,2.028477,-1.795748,-0.385176,1.987225,0.339888,0.328040,0.108405,-0.248151,-0.034915,0.880334,0.677702,-0.367027
16.152953,1.020791,0.903006,-0.849156,-0.287096,1.362305,1.249933,-0.386585,-0.067254,0.207759,-0.450191,0.024263,0.551256,0.773231,-0.106052,-1.921707,-0.266705,2.028228,-1.795781,-0.384305,1.987892,0.339526,0.330401,0.108131,-0.248787,-0.033771,0.876963,0.675995,-0.367233
16.153986,1.024074,0.903378,-0.852930,-0.286883,1.366501,1.247508,-0.387273,-0.076000,0.201243,-0.453488,0.015728,0.549936,0.773721,-0.106370,-1.921361,-0.266600,2.027969,-1.795817,-0.383420,1.988569,0.339146,0.334443,0.107475,-0.252768,-0.035326,0.877108,0.674185,-0.370894
16.154975,1.026071,0.902995,-0.854532,-0.287027,1.364409,1.248600,-0.387732,-0.082963,0.194660,-0.455300,0.008622,0.548807,0.774601,-0.106619,-1.921036,-0.266491,2.027720,-1.795852,-0.382561,1.989248,0.338775,0.332403,0.107369,-0.251377,-0.035620,0.873370,0.676809,-0.369716
16.156021,1.032746,0.903558,-0.856473,-0.286752,1.365878,1.243856,-0.388633,-0.086193,0.188480,-0.454276,0.004442,0.547982,0.776113,-0.106806,-1.920705,-0.266384,2.027469,-1.795885,-0.381683,1.989930,0.338409,0.330861,0.107592,-0.250948,-0.035564,0.875436,0.675632,-0.368993
16.157008,1.022644,0.903386,-0.855177,-0.286215,1.367120,1.242553,-0.388575,-0.081945,0.181340,-0.447204,0.003714,0.547631,0.778382,-0.106941,-1.920381,-0.266277,2.027219,-1.795922,-0.380813,1.990626,0.338044,0.327219,0.107419,-0.250549,-0.035901,0.874432,0.680542,-0.367472
16.158067,1.021902,0.900465,-0.855374,-0.287042,1.363888,1.240416,-0.390250,-0.070385,0.173212,-0.434233,0.006091,0.547844,0.781263,-0.107029,-1.920043,-0.266170,2.026967,-1.795960,-0.379944,1.991303,0.337682,0.331713,0.107545,-0.251559,-0.036410,0.873165,0.681783,-0.367810
16.158998,1.023954,0.902835,-0.857394,-0.286726,1.363759,1.237886,-0.391145,-0.057225,0.165139,-0.420023,0.009545,0.548518,0.784254,-0.107096,-1.919709,-0.266057,2.026714,-1.795996,-0.379058,1.991991,0.337322,0.331692,0.109068,-0.252035,-0.035688,0.876901,0.684136,-0.364759
16.160024,1.020774,0.901127,-0.856571,-0.289809,1.361666,1.238013,-0.390128,-0.031397,0.148021,-0.391322,0.014880,0.551068,0.789477,-0.107213,-1.919049,-0.265838,2.026208,-1.796060,-0.377309,1.993362,0.336592,0.331107,0.108720,-0.252060,-0.033110,0.878824,0.686297,-0.365412
16.161149,1.025297,0.899951,-0.855329,-0.288694,1.365146,1.240028,-0.391637,-0.031397,0.148021,-0.391322,0.014880,0.551068,0.789477,-0.107213,-1.919049,-0.265838,2.026208,-1.796060,-0.377309,1.993362,0.336592,0.331107,0.108720,-0.252060,-0.033110,0.878824,0.686297,-0.365412
16.162079,1.021715,0.896895,-0.858486,-0.287093,1.359549,1.242799,-0.392859,-0.015286,0.136573,-0.373332,0.015294,0.552930,0.791544,-0.107267,-1.918722,-0.265727,2.025949,-1.796098,-0.376426,1.994048,0.336230,0.328777,0.109470,-0.253414,-0.034371,0.876363,0.684750,-0.362778
16.162986,1.021128,0.895884,-0.858836,-0.288303,1.355513,1.241088,-0.393802,0.007006,0.121420,-0.349491,0.015662,0.555145,0.793623,-0.107331,-1.918394,-0.265611,2.025703,-1.796136,-0.375543,1.994723,0.335878,0.329875,0.110859,-0.252029,-0.035905,0.881375,0.681716,-0.360486
16.164059,1.023409,0.898228,-0.860793,-0.288683,1.358790,1.239471,-0.394047,0.033239,0.104471,-0.322331,0.017491,0.557475,0.795893,-0.107417,-1.918064,-0.265500,2.025451,-1.796168,-0.374652,1.995410,0.335525,0.329328,0.111233,-0.251945,-0.034729,0.884456,0.683062,-0.358712
16.164980,1.019026,0.893905,-0.860966,-0.287712,1.358028,1.239980,-0.394327,0.060606,0.087406,-0.294453,0.020011,0.559737,0.798161,-0.107522,-1.917742,-0.265391,2.025198,-1.796201,-0.373763,1.996105,0.335164,0.328024,0.110174,-0.251596,-0.034523,0.881672,0.684903,-0.358591
16.165992,1.023082,0.894063,-0.858052,-0.288018,1.354737,1.243050,-0.395124,0.088536,0.071073,-0.266498,0.023009,0.561889,0.800333,-0.107640,-1.917408,-0.265276,2.024946,-1.796237,-0.372890,1.996780,0.334809,0.329411,0.112213,-0.251639,-0.035494,0.881820,0.684088,-0.358151
16.167057,1.016598,0.895528,-0.858781,-0.288766,1.355455,1.242888,-0.394331,0.118740,0.054361,-0.236927,0.026847,0.563959,0.802494,-0.107766,-1.917082,-0.265165,2.024690,-1.796272,-0.371996,1.997456,0.334458,0.326929,0.112123,-0.253487,-0.035238,0.885109,0.681077,-0.356837
16.168065,1.021171,0.895620,-0.865590,-0.290967,1.356643,1.243268,-0.394529,0.152409,0.036613,-0.204524,0.031421,0.565983,0.804651,-0.107892,-1.916749,-0.265054,2.024437,-1.796306,-0.371120,1.998128,0.334093,0.329912,0.111483,-0.253717,-0.034628,0.884958,0.681603,-0.358778
16.168943,1.018425,0.895257,-0.864415,-0.292461,1.355948,1.246349,-0.393813,0.212024,0.006538,-0.146884,0.037157,0.569260,0.807437,-0.108231,-1.916096,-0.264830,2.023937,-1.796365,-0.369359,1.999478,0.333373,0.327657,0.111451,-0.251335,-0.031205,0.883428,0.677710,-0.360084
16.170063,1.022220,0.897076,-0.865020,-0.289605,1.360125,1.249748,-0.394676,0.212024,0.006538,-0.146884,0.037157,0.569260,0.807437,-0.108231,-1.916096,-0.264830,2.023937,-1.796365,-0.369359,1.999478,0.333373,0.327657,0.111451,-0.251335,-0.031205,0.883428,0.677710,-0.360084
16.171048,1.023493,0.894355,-0.866694,-0.290724,1.363922,1.250204,-0.394050,0.237152,-0.004775,-0.122514,0.038183,0.570415,0.808065,-0.108475,-1.915776,-0.264721,2.023684,-1.796405,-0.368486,2.000141,0.333018,0.325764,0.110719,-0.251834,-0.034172,0.880343,0.674929,-0.358785
16.172018,1.017009,0.887491,-0.866727,-0.288855,1.364892,1.250844,-0.392889,0.264565,-0.014067,-0.096974,0.041456,0.571447,0.808888,-0.108740,-1.915450,-0.264607,2.023433,-1.796435,-0.367606,2.000818,0.332653,0.324625,0.112042,-0.251338,-0.033176,0.876399,0.674460,-0.360253
16.173049,1.014201,0.885119,-0.864057,-0.291226,1.367828,1.253794,-0.392453,0.294826,-0.023565,-0.069384,0.046291,0.572413,0.809923,-0.108998,-1.915117,-0.264484,2.023179,-1.796473,-0.366737,2.001484,0.332283,0.327259,0.115319,-0.251593,-0.035033,0.875298,0.673788,-0.362728
16.174044,1.014443,0.881288,-0.866082,-0.289729,1.368082,1.254926,-0.390594,0.325125,-0.035913,-0.041270,0.049575,0.573264,0.810800,-0.109232,-1.914790,-0.264367,2.022922,-1.796502,-0.365874,2.002155,0.331921,0.328287,0.116446,-0.253377,-0.032865,0.872781,0.671012,-0.363868
16.174952,1.019724,0.879966,-0.874614,-0.291082,1.369371,1.255010,-0.392155,0.354877,-0.052547,-0.012618,0.049700,0.574034,0.811335,-0.109425,-1.914462,-0.264244,2.022670,-1.796540,-0.364994,2.002830,0.331543,0.327653,0.118228,-0.252719,-0.034375,0.872497,0.669915,-0.367762
16.176068,1.017874,0.881303,-0.870039,-0.292352,1.365911,1.255488,-0.391766,0.384288,-0.072379,0.016362,0.047534,0.574771,0.811535,-0.109567,-1.914143,-0.264125,2.022430,-1.796569,-0.364134,2.003508,0.331185,0.324293,0.118660,-0.248638,-0.033118,0.870570,0.669483,-0.364657
16.177055,1.015490,0.883063,-0.869434,-0.293166,1.368044,1.256200,-0.391646,0.412891,-0.093274,0.044697,0.043845,0.575467,0.811348,-0.109641,-1.913814,-0.264009,2.022172,-1.796601,-0.363248,2.004174,0.330815,0.325169,0.118074,-0.251713,-0.032110,0.875046,0.669582,-0.365868
16.178138,1.015756,0.883376,-0.867199,-0.293542,1.370004,1.257553,-0.391035,0.440347,-0.113648,0.071960,0.038445,0.576103,0.810703,-0.109656,-1.913492,-0.263892,2.021918,-1.796632,-0.362389,2.004831,0.330446,0.325905,0.117097,-0.252311,-0.031445,0.872943,0.668961,-0.366278
16.179068,1.016871,0.885718,-0.862316,-0.294331,1.367771,1.255971,-0.391093,0.466628,-0.132142,0.098003,0.031944,0.576699,0.809700,-0.109644,-1.913165,-0.263776,2.021661,-1.796663,-0.361512,2.005497,0.330079,0.325583,0.117007,-0.254057,-0.031292,0.871742,0.668037,-0.367855
16.180105,1.013587,0.882014,-0.865207,-0.292003,1.368643,1.256335,-0.390182,0.494615,-0.149139,0.125292,0.025417,0.577373,0.808600,-0.109623,-1.912841,-0.263661,2.021397,-1.796695,-0.360633,2.006170,0.329712,0.324341,0.115682,-0.256512,-0.030589,0.873384,0.669406,-0.367810
16.181132,1.015064,0.879716,-0.867237,-0.292235,1.367811,1.256350,-0.389454,0.558238,-0.179139,0.185151,0.016834,0.579150,0.807010,-0.109616,-1.912191,-0.263418,2.020887,-1.796763,-0.358881,2.007503,0.328961,0.324578,0.118542,-0.254957,-0.032904,0.873975,0.669467,-0.371559
16.182135,1.014047,0.881884,-0.866833,-0.293044,1.364253,1.256403,-0.390334,0.558238,-0.179139,0.185151,0.016834,0.579150,0.807010,-0.109616,-1.912191,-0.263418,2.020887,-1.796763,-0.358881,2.007503,0.328961,0.324578,0.118542,-0.254957,-0.032904,0.873975,0.669467,-0.371559
16.183008,1.011899,0.876173,-0.869001,-0.292743,1.359927,1.255220,-0.390831,0.588966,-0.191186,0.213227,0.015303,0.580144,0.806572,-0.109655,-1.911871,-0.263303,2.020631,-1.796795,-0.358005,2.008177,0.328591,0.324715,0.117396,-0.255514,-0.032244,0.877615,0.669468,-0.369963
16.183963,1.009408,0.877340,-0.866735,-0.290576,1.359032,1.254874,-0.388715,0.616835,-0.201252,0.238461,0.014328,0.581105,0.806202,-0.109736,-1.911544,-0.263179,2.020380,-1.796828,-0.357116,2.008847,0.328228,0.324889,0.119970,-0.254390,-0.032541,0.880720,0.670212,-0.368985
16.185085,1.008508,0.873897,-0.865311,-0.292200,1.359869,1.254276,-0.391098,0.641139,-0.209445,0.260232,0.013943,0.581983,0.805912,-0.109877,-1.911214,-0.263058,2.020121,-1.796868,-0.356226,2.009525,0.327847,0.325478,0.119171,-0.255703,-0.034639,0.881090,0.670393,-0.373343
16.186085,1.008942,0.878856,-0.864443,-0.291378,1.358593,1.252970,-0.390547,0.663522,-0.216506,0.279968,0.014663,0.582853,0.805821,-0.110061,-1.910889,-0.262934,2.019863,-1.796898,-0.355348,2.010192,0.327484,0.325898,0.120924,-0.257153,-0.033268,0.881331,0.671583,-0.368915
16.187067,1.008266,0.876982,-0.860939,-0.293251,1.353578,1.250327,-0.389440,0.685960,-0.223220,0.299565,0.016160,0.583815,0.805916,-0.110229,-1.910561,-0.262821,2.019601,-1.796933,-0.354455,2.010872,0.327115,0.325198,0.118387,-0.257851,-0.034163,0.882479,0.672905,-0.370272
16.188082,1.006864,0.875573,-0.863389,-0.291257,1.353383,1.249012,-0.389714,0.709647,-0.229435,0.320098,0.018230,0.584931,0.806166,-0.110348,-1.910234,-0.262698,2.019335,-1.796962,-0.353550,2.011559,0.326739,0.325009,0.119193,-0.259778,-0.032473,0.887118,0.675457,-0.372636
16.189053,1.007490,0.872969,-0.861943,-0.292718,1.351962,1.246308,-0.391000,0.734729,-0.235670,0.341832,0.020425,0.586169,0.806525,-0.110419,-1.909911,-0.262577,2.019080,-1.797002,-0.352672,2.012233,0.326372,0.325340,0.119800,-0.258921,-0.034464,0.887400,0.676864,-0.372293
16.189963,1.009175,0.871312,-0.860884,-0.293281,1.350365,1.242659,-0.392760,0.760487,-0.242815,0.364301,0.022308,0.587417,0.806942,-0.110431,-1.909588,-0.262452,2.018818,-1.797035,-0.351775,2.012921,0.326008,0.324495,0.120892,-0.259838,-0.033052,0.888405,0.679428,-0.369869
16.191065,1.011570,0.871892,-0.860781,-0.291869,1.352246,1.245995,-0.392393,0.788324,-0.252838,0.389119,0.022886,0.588599,0.807316,-0.110356,-1.909269,-0.262327,2.018556,-1.797066,-0.350896,2.013603,0.325648,0.322968,0.121431,-0.260331,-0.032556,0.889206,0.682717,-0.366422
16.192085,1.010022,0.867214,-0.855718,-0.294594,1.356000,1.245775,-0.394696,0.820965,-0.266767,0.418699,0.022650,0.589678,0.807760,-0.110186,-1.908948,-0.262205,2.018294,-1.797104,-0.350005,2.014284,0.325275,0.321723,0.121138,-0.260998,-0.034085,0.888084,0.679734,-0.367554
16.192953,1.006789,0.868709,-0.856815,-0.291661,1.357717,1.245724,-0.393282,0.860253,-0.285070,0.454597,0.022523,0.590643,0.808480,-0.109946,-1.908628,-0.262076,2.018021,-1.797131,-0.349119,2.014973,0.324926,0.322195,0.123315,-0.263768,-0.031582,0.884410,0.680028,-0.363204
16.194132,1.009220,0.866015,-0.858322,-0.290311,1.359467,1.248262,-0.392920,0.904616,-0.307618,0.495574,0.022042,0.591428,0.809412,-0.109681,-1.908305,-0.261957,2.017761,-1.797173,-0.348252,2.015648,0.324553,0.322945,0.122269,-0.263029,-0.034362,0.881668,0.679573,-0.366066
16.195081,1.005265,0.865441,-0.858516,-0.290753,1.365959,1.248939,-0.395168,0.949857,-0.330496,0.537069,0.023405,0.591930,0.810685,-0.109453,-1.907984,-0.261833,2.017493,-1.797211,-0.347369,2.016328,0.324189,0.321925,0.123729,-0.263089,-0.035835,0.881477,0.677761,-0.367292
16.195969,1.004004,0.867642,-0.854945,-0.290648,1.365216,1.248532,-0.394774,0.993128,-0.351107,0.575966,0.028151,0.592119,0.812427,-0.109287,-1.907661,-0.261708,2.017229,-1.797246,-0.346517,2.017009,0.323830,0.323331,0.123767,-0.263063,-0.035394,0.874748,0.676893,-0.362890
16.197074,0.997440,0.867174,-0.853772,-0.288946,1.364667,1.248559,-0.395342,1.032275,-0.368729,0.610571,0.035045,0.592030,0.814466,-0.109181,-1.907336,-0.261589,2.016963,-1.797280,-0.345640,2.017676,0.323468,0.323119,0.122406,-0.264713,-0.035485,0.874591,0.676940,-0.363768
16.198073,0.993953,0.868752,-0.855736,-0.290407,1.368944,1.247367,-0.393678,1.065187,-0.381840,0.638991,0.043589,0.591706,0.816690,-0.109156,-1.907004,-0.261464,2.016693,-1.797322,-0.344758,2.018354,0.323106,0.326273,0.122630,-0.265822,-0.037205,0.876053,0.677370,-0.363018
16.198955,0.991032,0.867848,-0.852033,-0.291511,1.369116,1.247312,-0.393685,1.087929,-0.388775,0.657753,0.052969,0.591107,0.818881,-0.109231,-1.906678,-0.261344,2.016432,-1.797356,-0.343902,2.019030,0.322730,0.327530,0.121723,-0.265101,-0.035794,0.871942,0.678600,-0.366556
16.200036,0.990443,0.868353,-0.856764,-0.287947,1.370861,1.248439,-0.392828,1.098309,-0.389928,0.665388,0.060884,0.590250,0.820675,-0.109384,-1.906348,-0.261223,2.016160,-1.797389,-0.343026,2.019708,0.322362,0.328070,0.121917,-0.266727,-0.034708,0.870802,0.678183,-0.366511
16.201035,0.988517,0.865512,-0.857761,-0.290464,1.370293,1.247636,-0.391393,1.098739,-0.386646,0.664045,0.067476,0.589319,0.822125,-0.109563,-1.906017,-0.261103,2.015894,-1.797434,-0.342163,2.020389,0.321992,0.328128,0.121654,-0.264826,-0.038213,0.869921,0.677384,-0.368578
16.201949,0.986359,0.865419,-0.853808,-0.288638,1.365757,1.249003,-0.392238,1.090936,-0.379428,0.654918,0.074211,0.588469,0.823407,-0.109731,-1.905689,-0.260978,2.015632,-1.797464,-0.341292,2.021064,0.321619,0.328606,0.122927,-0.264615,-0.035811,0.870586,0.678240,-0.371634
16.203019,0.986339,0.868222,-0.859206,-0.292246,1.367222,1.246234,-0.390488,1.077247,-0.370842,0.640504,0.080227,0.587824,0.824455,-0.109867,-1.905361,-0.260855,2.015361,-1.797506,-0.340407,2.021747,0.321251,0.328903,0.122703,-0.266482,-0.037508,0.874340,0.676488,-0.369954
16.204029,0.987429,0.869491,-0.853505,-0.292133,1.362795,1.245714,-0.389876,1.059517,-0.362347,0.622789,0.084443,0.587473,0.825148,-0.109959,-1.905036,-0.260736,2.015099,-1.797534,-0.339535,2.022424,0.320868,0.328706,0.121290,-0.264251,-0.034141,0.873511,0.679621,-0.373768
16.205009,0.990480,0.870290,-0.856264,-0.290528,1.358409,1.242786,-0.391006,1.038586,-0.353847,0.602615,0.085986,0.587422,0.825298,-0.109997,-1.904706,-0.260617,2.014828,-1.797570,-0.338648,2.023110,0.320494,0.327685,0.120575,-0.267355,-0.034341,0.878005,0.680136,-0.375165
16.206027,0.988037,0.867916,-0.860449,-0.289961,1.357627,1.244496,-0.389103,1.019159,-0.346429,0.583955,0.086078,0.587688,0.825098,-0.109964,-1.904381,-0.260496,2.014563,-1.797609,-0.337754,2.023801,0.320119,0.325641,0.120034,-0.266104,-0.035890,0.882063,0.682949,-0.373009
16.207031,0.987904,0.868343,-0.859430,-0.289627,1.354626,1.245605,-0.388080,1.002600,-0.339470,0.567413,0.087252,0.588172,0.824865,-0.109876,-1.904056,-0.260371,2.014304,-1.797649,-0.336872,2.024470,0.319738,0.326504,0.121096,-0.264370,-0.036422,0.882944,0.681345,-0.377058
16.207982,0.986950,0.870150,-0.856159,-0.290492,1.349908,1.242743,-0.387784,0.985828,-0.331815,0.550094,0.090000,0.588677,0.824616,-0.109763,-1.903731,-0.260252,2.014037,-1.797686,-0.335978,2.025147,0.319352,0.326123,0.120776,-0.265131,-0.036757,0.885845,0.680279,-0.379221
16.208988,0.984139,0.872050,-0.861797,-0.289207,1.350958,1.246748,-0.388792,0.969248,-0.324169,0.532684,0.093699,0.589131,0.824353,-0.109641,-1.903408,-0.260133,2.013767,-1.797720,-0.335085,2.025827,0.318963,0.326020,0.119707,-0.266779,-0.035930,0.890020,0.682994,-0.379833
16.210042,0.987926,0.868853,-0.866628,-0.291291,1.347602,1.245774,-0.388829,0.952045,-0.315416,0.514483,0.098275,0.589485,0.824105,-0.109518,-1.903078,-0.260017,2.013512,-1.797761,-0.334194,2.026507,0.318593,0.326946,0.118715,-0.264295,-0.037172,0.888846,0.678960,-0.377996
16.211083,0.984272,0.872253,-0.868779,-0.294438,1.344559,1.246364,-0.389491,0.930776,-0.303812,0.492383,0.103537,0.589630,0.823838,-0.109398,-1.902755,-0.259893,2.013253,-1.797792,-0.333282,2.027192,0.318212,0.324791,0.120251,-0.262378,-0.035268,0.892398,0.680183,-0.378180
16.212072,0.980503,0.873847,-0.872288,-0.294465,1.347863,1.243184,-0.388938,0.903638,-0.290601,0.465435,0.106765,0.589425,0.823243,-0.109294,-1.902429,-0.259776,2.012995,-1.797819,-0.332385,2.027873,0.317832,0.326334,0.118511,-0.261771,-0.032398,0.895616,0.679749,-0.377065
16.213005,0.981148,0.872310,-0.872721,-0.294514,1.345395,1.243982,-0.388553,0.867333,-0.274972,0.431036,0.105613,0.588684,0.821972,-0.109232,-1.902099,-0.259662,2.012736,-1.797851,-0.331497,2.028566,0.317456,0.327686,0.117667,-0.260290,-0.032521,0.892065,0.682855,-0.378347
16.214027,0.981623,0.870718,-0.875096,-0.293289,1.351193,1.238600,-0.390090,0.821326,-0.255582,0.388393,0.101014,0.587352,0.820189,-0.109225,-1.901777,-0.259544,2.012477,-1.797883,-0.330608,2.029254,0.317074,0.326689,0.118282,-0.260159,-0.032546,0.893892,0.681700,-0.379145
16.214973,0.985482,0.871710,-0.876638,-0.293761,1.350143,1.232693,-0.390591,0.771811,-0.235045,0.342902,0.095014,0.585592,0.818415,-0.109255,-1.901449,-0.259426,2.012224,-1.797918,-0.329706,2.029941,0.316706,0.326049,0.119028,-0.259417,-0.033854,0.887982,0.687214,-0.376273
16.216012,0.981603,0.872294,-0.878795,-0.290970,1.351698,1.230525,-0.390651,0.725213,-0.216143,0.300249,0.089044,0.583586,0.816991,-0.109306,-1.901127,-0.259309,2.011963,-1.797952,-0.328823,2.030645,0.316329,0.323508,0.118370,-0.258754,-0.033427,0.888589,0.692762,-0.375367
16.217192,0.981401,0.869311,-0.885155,-0.294284,1.362260,1.230014,-0.390732,0.683455,-0.198476,0.261777,0.084629,0.581414,0.816063,-0.109386,-1.900800,-0.259191,2.011709,-1.797993,-0.327948,2.031341,0.315953,0.325161,0.118052,-0.258174,-0.036198,0.887398,0.694974,-0.375492
16.218016,0.981497,0.871165,-0.882846,-0.290999,1.356630,1.229549,-0.391469,0.643350,-0.180581,0.224581,0.081774,0.579042,0.815467,-0.109499,-1.900476,-0.259069,2.011455,-1.798019,-0.327081,2.032041,0.315582,0.325440,0.119680,-0.255964,-0.033273,0.878468,0.696099,-0.375824
16.219010,0.982763,0.873002,-0.891641,-0.293777,1.356344,1.229189,-0.390412,0.603488,-0.162808,0.187698,0.079656,0.576527,0.814970,-0.109637,-1.900152,-0.258952,2.011194,-1.798059,-0.326188,2.032746,0.315208,0.324334,0.118413,-0.256826,-0.036392,0.882529,0.695688,-0.374214
16.220043,0.979934,0.874930,-0.889522,-0.295439,1.359621,1.235741,-0.389716,0.564812,-0.144312,0.151623,0.079460,0.574005,0.814600,-0.109803,-1.899832,-0.258836,2.010950,-1.798089,-0.325311,2.033439,0.314831,0.323289,0.117433,-0.252854,-0.033745,0.882761,0.695970,-0.376524
16.221016,0.977598,0.875514,-0.888493,-0.296604,1.356592,1.231238,-0.390811,0.525626,-0.123666,0.114764,0.080725,0.571523,0.814182,-0.109993,-1.899503,-0.258723,2.010694,-1.798119,-0.324432,2.034124,0.314449,0.324349,0.116494,-0.254419,-0.032302,0.879742,0.689465,-0.378108
16.222112,0.979503,0.876481,-0.897248,-0.297702,1.356409,1.233031,-0.389924,0.485894,-0.102179,0.077739,0.081309,0.569170,0.813511,-0.110191,-1.899181,-0.258606,2.010438,-1.798150,-0.323552,2.034818,0.314072,0.325012,0.116106,-0.255181,-0.031284,0.882580,0.693895,-0.376000
16.223035,0.975227,0.871097,-0.895313,-0.297243,1.355105,1.232622,-0.391206,0.404878,-0.059967,0.004226,0.077311,0.565045,0.811081,-0.110610,-1.898529,-0.258366,2.009941,-1.798212,-0.321775,2.036206,0.313323,0.325359,0.118151,-0.252703,-0.030977,0.884025,0.692395,-0.375589
16.224021,0.971482,0.864659,-0.896875,-0.295264,1.353299,1.233697,-0.390763,0.404878,-0.059967,0.004226,0.077311,0.565045,0.811081,-0.110610,-1.898529,-0.258366,2.009941,-1.798212,-0.321775,2.036206,0.313323,0.325359,0.118151,-0.252703,-0.030977,0.884025,0.692395,-0.375589
16.225096,0.973544,0.866945,-0.904207,-0.299864,1.355260,1.235744,-0.390304,0.365274,-0.042880,-0.030533,0.072920,0.563319,0.809452,-0.110816,-1.898199,-0.258238,2.009692,-1.798251,-0.320878,2.036883,0.312945,0.326678,0.121152,-0.252285,-0.032923,0.885546,0.691284,-0.376653
16.226096,0.974527,0.862723,-0.903257,-0.301063,1.351479,1.237381,-0.391418,0.327715,-0.031123,-0.062367,0.066737,0.561837,0.807556,-0.111017,-1.897874,-0.258121,2.009448,-1.798272,-0.320000,2.037568,0.312564,0.325434,0.119997,-0.249339,-0.028732,0.884224,0.689514,-0.377846
16.226972,0.973909,0.862009,-0.909272,-0.304368,1.351324,1.243178,-0.390383,0.292082,-0.024815,-0.091092,0.057194,0.560569,0.805099,-0.111196,-1.897553,-0.257995,2.009198,-1.798300,-0.319121,2.038258,0.312192,0.324548,0.121967,-0.250268,-0.027807,0.888057,0.687827,-0.375769
16.228011,0.968415,0.861286,-0.906855,-0.303901,1.351637,1.243982,-0.392346,0.260219,-0.025042,-0.114826,0.043243,0.559498,0.801987,-0.111330,-1.897231,-0.257875,2.008958,-1.798320,-0.318235,2.038931,0.311813,0.324023,0.122028,-0.247332,-0.024779,0.887010,0.681531,-0.377831
16.229001,0.968518,0.859040,-0.908519,-0.304455,1.348441,1.244814,-0.392057,0.231043,-0.030185,-0.134932,0.025585,0.558557,0.798352,-0.111433,-1.896896,-0.257752,2.008706,-1.798348,-0.317335,2.039610,0.311443,0.326373,0.122306,-0.249109,-0.025551,0.886836,0.680963,-0.374107
16.230019,0.967581,0.857816,-0.907483,-0.303306,1.347704,1.242034,-0.392854,0.203774,-0.037971,-0.152825,0.006093,0.557708,0.794487,-0.111517,-1.896571,-0.257628,2.008463,-1.798373,-0.316450,2.040283,0.311063,0.325814,0.123270,-0.248719,-0.025285,0.889912,0.680137,-0.374866
16.231048,0.964995,0.859299,-0.909285,-0.303570,1.347376,1.242827,-0.393213,0.181028,-0.048279,-0.166720,-0.013219,0.556976,0.790777,-0.111574,-1.896244,-0.257505,2.008211,-1.798403,-0.315552,2.040975,0.310698,0.325882,0.123757,-0.249711,-0.026654,0.890609,0.682971,-0.373494
16.232069,0.966184,0.861440,-0.918732,-0.305100,1.344940,1.240748,-0.393022,0.163544,-0.059770,-0.176473,-0.030601,0.556386,0.787487,-0.111600,-1.895914,-0.257381,2.007962,-1.798431,-0.314667,2.041658,0.310325,0.326777,0.122886,-0.249319,-0.026637,0.891130,0.682253,-0.373017
16.232957,0.961960,0.860687,-0.916404,-0.305393,1.343688,1.241015,-0.393005,0.146485,-0.068188,-0.186945,-0.045381,0.555837,0.784494,-0.111620,-1.895594,-0.257262,2.007727,-1.798453,-0.313768,2.042338,0.309955,0.325849,0.121750,-0.245224,-0.025480,0.893574,0.684458,-0.373637
16.234006,0.960166,0.858835,-0.923181,-0.306196,1.346876,1.244967,-0.392748,0.124973,-0.070535,-0.202677,-0.058199,0.555181,0.781440,-0.111647,-1.895262,-0.257141,2.007479,-1.798478,-0.312868,2.043021,0.309574,0.327073,0.121870,-0.246498,-0.025396,0.893596,0.683695,-0.373627
16.234992,0.958106,0.860935,-0.920904,-0.306231,1.345241,1.246969,-0.392904,0.098566,-0.067547,-0.223814,-0.069764,0.554369,0.778163,-0.111681,-1.894936,-0.257016,2.007239,-1.798502,-0.311975,2.043690,0.309199,0.327669,0.122704,-0.243773,-0.024979,0.890677,0.679990,-0.374405
16.235982,0.959816,0.863132,-0.923973,-0.306779,1.349638,1.248480,-0.393244,0.068548,-0.060423,-0.249050,-0.079874,0.553412,0.774770,-0.111747,-1.894604,-0.256898,2.006991,-1.798524,-0.311087,2.044366,0.308830,0.328123,0.121528,-0.245344,-0.025298,0.892143,0.677984,-0.374258
16.237015,0.954768,0.858143,-0.925756,-0.307105,1.350881,1.247144,-0.391492,0.038182,-0.049633,-0.275635,-0.087262,0.552384,0.771570,-0.111873,-1.894279,-0.256780,2.006748,-1.798547,-0.310201,2.045047,0.308456,0.326768,0.120336,-0.244249,-0.025108,0.887535,0.676438,-0.373737
16.238004,0.951059,0.854648,-0.924049,-0.307153,1.352992,1.250611,-0.392998,0.009723,-0.036579,-0.301407,-0.092046,0.551317,0.768689,-0.112086,-1.893951,-0.256649,2.006507,-1.798572,-0.309327,2.045724,0.308072,0.328967,0.122679,-0.244009,-0.025094,0.886663,0.677970,-0.377474
16.239108,0.950009,0.853227,-0.926934,-0.306730,1.359012,1.249974,-0.391417,-0.016611,-0.024554,-0.325446,-0.096362,0.550161,0.766012,-0.112384,-1.893616,-0.256524,2.006257,-1.798597,-0.308443,2.046398,0.307701,0.330209,0.124237,-0.245249,-0.025341,0.884397,0.674455,-0.374569
16.240064,0.947682,0.850423,-0.926859,-0.308280,1.357524,1.247562,-0.392066,-0.058268,-0.011764,-0.362784,-0.106246,0.547688,0.761487,-0.113059,-1.892952,-0.256272,2.005768,-1.798648,-0.306698,2.047751,0.306937,0.331035,0.126066,-0.245015,-0.024858,0.880569,0.677875,-0.376841
16.240977,0.948186,0.850845,-0.926683,-0.308091,1.358935,1.246337,-0.392025,-0.058268,-0.011764,-0.362784,-0.106246,0.547688,0.761487,-0.113059,-1.892952,-0.256272,2.005768,-1.798648,-0.306698,2.047751,0.306937,0.331035,0.126066,-0.245015,-0.024858,0.880569,0.677875,-0.376841
16.241956,0.944615,0.850689,-0.926011,-0.308522,1.364417,1.246850,-0.392175,-0.072027,-0.011900,-0.374386,-0.112521,0.546435,0.759528,-0.113388,-1.892622,-0.256145,2.005522,-1.798674,-0.305818,2.048437,0.306553,0.329966,0.125537,-0.245262,-0.025262,0.878352,0.678705,-0.376927
16.243072,0.946659,0.849912,-0.928543,-0.308803,1.364528,1.245114,-0.392100,-0.079878,-0.015415,-0.380387,-0.118888,0.545283,0.757849,-0.113707,-1.892294,-0.256021,2.005277,-1.798698,-0.304944,2.049102,0.306172,0.331215,0.125439,-0.246003,-0.025122,0.872693,0.678188,-0.376740
16.244084,0.948217,0.849967,-0.925884,-0.306849,1.362076,1.243413,-0.393603,-0.077618,-0.027729,-0.376560,-0.127508,0.543691,0.755783,-0.114300,-1.891639,-0.255770,2.004780,-1.798755,-0.303187,2.050476,0.305425,0.328887,0.125622,-0.247391,-0.027371,0.876261,0.682115,-0.374431
16.245116,0.952936,0.851819,-0.930738,-0.307963,1.365810,1.245865,-0.393368,-0.077618,-0.027729,-0.376560,-0.127508,0.543691,0.755783,-0.114300,-1.891639,-0.255770,2.004780,-1.798755,-0.303187,2.050476,0.305425,0.328887,0.125622,-0.247391,-0.027371,0.876261,0.682115,-0.374431
16.246049,0.947351,0.853655,-0.929253,-0.307952,1.364481,1.241525,-0.392453,-0.063102,-0.036025,-0.363594,-0.126452,0.543510,0.755847,-0.114576,-1.891318,-0.255649,2.004538,-1.798780,-0.302334,2.051152,0.305051,0.326225,0.124606,-0.245540,-0.026565,0.873015,0.679786,-0.375164
16.247034,0.945349,0.853483,-0.927999,-0.306194,1.359915,1.240001,-0.394428,-0.041380,-0.043205,-0.345294,-0.120936,0.543817,0.756664,-0.114838,-1.890983,-0.255528,2.004293,-1.798807,-0.301455,2.051845,0.304668,0.328270,0.123480,-0.246554,-0.026779,0.873791,0.683846,-0.377038
16.248028,0.942052,0.853961,-0.930271,-0.307328,1.360664,1.239476,-0.395300,-0.017919,-0.046725,-0.326573,-0.111927,0.544561,0.757893,-0.115070,-1.890658,-0.255404,2.004042,-1.798841,-0.300575,2.052530,0.304295,0.328759,0.123409,-0.247541,-0.028637,0.878256,0.685267,-0.373189
16.249080,0.944080,0.851720,-0.930318,-0.306856,1.358853,1.242201,-0.395982,0.003808,-0.045716,-0.310364,-0.100176,0.545696,0.759288,-0.115255,-1.890326,-0.255283,2.003798,-1.798865,-0.299696,2.053220,0.303930,0.329858,0.123045,-0.246861,-0.027778,0.877410,0.685710,-0.371671
16.250065,0.940591,0.847648,-0.928192,-0.308375,1.358374,1.238266,-0.395256,0.043542,-0.038124,-0.282086,-0.073913,0.548877,0.762065,-0.115541,-1.889666,-0.255030,2.003300,-1.798919,-0.297925,2.054590,0.303182,0.329709,0.125897,-0.248898,-0.027274,0.879905,0.687067,-0.372209
16.250949,0.943198,0.844668,-0.922790,-0.306392,1.351774,1.236992,-0.394210,0.043542,-0.038124,-0.282086,-0.073913,0.548877,0.762065,-0.115541,-1.889666,-0.255030,2.003300,-1.798919,-0.297925,2.054590,0.303182,0.329709,0.125897,-0.248898,-0.027274,0.879905,0.687067,-0.372209
16.252084,0.939592,0.849983,-0.935016,-0.306066,1.349749,1.238794,-0.395238,0.069883,-0.040934,-0.261013,-0.062890,0.550804,0.763383,-0.115694,-1.889341,-0.254900,2.003043,-1.798952,-0.297032,2.055278,0.302810,0.327534,0.127008,-0.251543,-0.029301,0.885399,0.687797,-0.374297
16.253065,0.937125,0.848940,-0.928607,-0.306242,1.351668,1.239931,-0.392839,0.100853,-0.047612,-0.235344,-0.052161,0.552772,0.764871,-0.115867,-1.889013,-0.254782,2.002803,-1.798983,-0.296145,2.055959,0.302441,0.329355,0.124405,-0.246353,-0.029894,0.888501,0.686526,-0.372621
16.253982,0.933108,0.846004,-0.931778,-0.306302,1.348498,1.239763,-0.394089,0.148606,-0.049430,-0.198622,-0.026406,0.556058,0.768425,-0.116303,-1.888341,-0.254528,2.002301,-1.799043,-0.294357,2.057335,0.301689,0.331084,0.125918,-0.248460,-0.029935,0.888560,0.685077,-0.375082
16.255101,0.933857,0.844830,-0.931545,-0.306758,1.346453,1.241463,-0.393440,0.148606,-0.049430,-0.198622,-0.026406,0.556058,0.768425,-0.116303,-1.888341,-0.254528,2.002301,-1.799043,-0.294357,2.057335,0.301689,0.331084,0.125918,-0.248460,-0.029935,0.888560,0.685077,-0.375082
16.256074,0.933594,0.843604,-0.927627,-0.307150,1.349457,1.244769,-0.391766,0.165359,-0.047318,-0.186810,-0.013986,0.557247,0.770185,-0.116579,-1.888013,-0.254401,2.002052,-1.799071,-0.293464,2.058013,0.301305,0.330624,0.126462,-0.249435,-0.029816,0.891522,0.683882,-0.376760
16.257018,0.930968,0.842150,-0.927496,-0.307116,1.348198,1.243338,-0.391515,0.182017,-0.047101,-0.174616,-0.002920,0.558159,0.771954,-0.116889,-1.887682,-0.254275,2.001794,-1.799100,-0.292580,2.058694,0.300923,0.330147,0.126864,-0.251641,-0.029596,0.888163,0.680448,-0.380225
16.258006,0.933243,0.844150,-0.928861,-0.306414,1.346187,1.243003,-0.390755,0.202784,-0.050868,-0.158041,0.006869,0.558900,0.773903,-0.117207,-1.887355,-0.254146,2.001540,-1.799131,-0.291696,2.059376,0.300531,0.330811,0.127305,-0.251855,-0.029749,0.888927,0.681694,-0.380710
16.258951,0.935624,0.843737,-0.929691,-0.305272,1.349317,1.242491,-0.390841,0.226945,-0.057151,-0.137971,0.016031,0.559449,0.776075,-0.117488,-1.887028,-0.254023,2.001289,-1.799163,-0.290801,2.060051,0.300153,0.329138,0.126127,-0.251541,-0.030580,0.890685,0.682012,-0.382384
16.260009,0.936285,0.841555,-0.930606,-0.304928,1.349389,1.243900,-0.389103,0.254163,-0.063428,-0.115383,0.026521,0.559817,0.778683,-0.117692,-1.886701,-0.253897,2.001038,-1.799197,-0.289921,2.060737,0.299769,0.327283,0.126091,-0.251332,-0.031758,0.887004,0.682273,-0.382237
16.261011,0.935572,0.840580,-0.923171,-0.305028,1.355914,1.243590,-0.389291,0.285888,-0.069471,-0.089294,0.039564,0.560085,0.781953,-0.117833,-1.886376,-0.253766,2.000787,-1.799230,-0.289039,2.061406,0.299369,0.326722,0.127038,-0.251484,-0.032276,0.887450,0.681164,-0.385924
16.262082,0.929971,0.838598,-0.925687,-0.304723,1.357086,1.240964,-0.391416,0.324278,-0.077690,-0.057324,0.054244,0.560359,0.785864,-0.117938,-1.886048,-0.253638,2.000521,-1.799261,-0.288162,2.062091,0.298987,0.326614,0.127320,-0.255470,-0.032315,0.880905,0.681481,-0.385657
16.263019,0.929908,0.838958,-0.922951,-0.305232,1.354034,1.245908,-0.390883,0.368579,-0.089479,-0.019494,0.068605,0.560670,0.790132,-0.117987,-1.885714,-0.253508,2.000266,-1.799296,-0.287283,2.062788,0.298611,0.329138,0.128178,-0.254765,-0.032769,0.880422,0.684333,-0.381661
16.264042,0.929605,0.841764,-0.924327,-0.304568,1.359014,1.242500,-0.391187,0.413485,-0.103009,0.019694,0.081281,0.560930,0.794409,-0.117982,-1.885393,-0.253382,2.000007,-1.799328,-0.286403,2.063457,0.298220,0.328516,0.127730,-0.256253,-0.032324,0.882940,0.679126,-0.382781
16.265007,0.928297,0.839508,-0.926554,-0.303897,1.354646,1.242380,-0.390348,0.456214,-0.115608,0.057432,0.092862,0.561142,0.798638,-0.117975,-1.885062,-0.253256,1.999751,-1.799362,-0.285525,2.064145,0.297842,0.328237,0.126171,-0.255960,-0.033106,0.878103,0.682677,-0.382359
16.266007,0.930040,0.839647,-0.924491,-0.303975,1.356352,1.242742,-0.390967,0.495372,-0.124903,0.091951,0.104544,0.561319,0.802806,-0.118013,-1.884736,-0.253127,1.999495,-1.799397,-0.284650,2.064823,0.297452,0.328318,0.127055,-0.255067,-0.033811,0.882293,0.682641,-0.384111
16.267018,0.923907,0.837651,-0.925418,-0.304482,1.358689,1.243816,-0.391961,0.530939,-0.131042,0.123143,0.116486,0.561439,0.806838,-0.118106,-1.884411,-0.253001,1.999238,-1.799431,-0.283770,2.065508,0.297075,0.326986,0.126797,-0.256450,-0.033814,0.880515,0.682253,-0.383011
16.267962,0.922496,0.834160,-0.920370,-0.304342,1.353568,1.241332,-0.391776,0.564027,-0.135784,0.152348,0.127814,0.561526,0.810654,-0.118237,-1.884076,-0.252870,1.998980,-1.799465,-0.282887,2.066193,0.296695,0.329565,0.127588,-0.256329,-0.033387,0.878236,0.681201,-0.381187
16.269081,0.922780,0.830583,-0.917278,-0.304395,1.355273,1.240744,-0.392571,0.594192,-0.140834,0.179698,0.136811,0.561574,0.814062,-0.118399,-1.883752,-0.252738,1.998716,-1.799499,-0.282006,2.066871,0.296317,0.329619,0.129016,-0.258942,-0.033584,0.882924,0.683511,-0.381650
16.269984,0.921811,0.829483,-0.918552,-0.303680,1.353139,1.241593,-0.391525,0.660854,-0.165816,0.244123,0.144671,0.561845,0.819729,-0.118781,-1.883094,-0.252473,1.998187,-1.799569,-0.280241,2.068235,0.295549,0.329048,0.130858,-0.260372,-0.034382,0.883442,0.683301,-0.382479
16.271032,0.925009,0.831315,-0.914374,-0.304000,1.349110,1.241225,-0.392021,0.660854,-0.165816,0.244123,0.144671,0.561845,0.819729,-0.118781,-1.883094,-0.252473,1.998187,-1.799569,-0.280241,2.068235,0.295549,0.329048,0.130858,-0.260372,-0.034382,0.883442,0.683301,-0.382479
16.271978,0.919780,0.828425,-0.914949,-0.303940,1.346037,1.238942,-0.391632,0.700978,-0.185681,0.283835,0.146005,0.562248,0.822453,-0.118971,-1.882771,-0.252345,1.997919,-1.799603,-0.279341,2.068921,0.295172,0.327174,0.129787,-0.262855,-0.034192,0.887720,0.683861,-0.381706
16.273072,0.917347,0.826374,-0.910069,-0.303511,1.344052,1.237812,-0.392926,0.744385,-0.207651,0.326767,0.147096,0.562824,0.825241,-0.119117,-1.882439,-0.252210,1.997657,-1.799638,-0.278439,2.069618,0.294788,0.329114,0.130900,-0.262629,-0.034259,0.890059,0.685846,-0.382546
16.274018,0.914138,0.827689,-0.904972,-0.301014,1.340815,1.238772,-0.393166,0.787708,-0.230808,0.369970,0.147044,0.563431,0.827860,-0.119196,-1.882110,-0.252074,1.997386,-1.799674,-0.277546,2.070306,0.294407,0.330149,0.131753,-0.265591,-0.034835,0.892735,0.687313,-0.380232
16.275012,0.915829,0.826015,-0.905591,-0.301789,1.342113,1.233391,-0.393467,0.830099,-0.254345,0.412452,0.146691,0.564010,0.830387,-0.119207,-1.881776,-0.251946,1.997110,-1.799715,-0.276642,2.070996,0.294031,0.331018,0.130801,-0.268045,-0.037200,0.895244,0.686058,-0.379849
16.276066,0.918816,0.825215,-0.901854,-0.300776,1.336595,1.232137,-0.393356,0.872687,-0.277113,0.454783,0.147824,0.564585,0.833031,-0.119160,-1.881452,-0.251814,1.996841,-1.799750,-0.275755,2.071699,0.293649,0.329695,0.131400,-0.267885,-0.036471,0.893784,0.691358,-0.379383
16.276941,0.910153,0.823171,-0.909035,-0.301605,1.338519,1.234176,-0.392251,0.917197,-0.299894,0.498596,0.150225,0.565166,0.835685,-0.119064,-1.881126,-0.251684,1.996566,-1.799787,-0.274845,2.072388,0.293271,0.327925,0.131639,-0.270073,-0.037558,0.899545,0.692752,-0.379870
16.278053,0.905068,0.817312,-0.903037,-0.303016,1.338787,1.235772,-0.393282,0.960678,-0.321848,0.541310,0.152889,0.565629,0.838091,-0.118936,-1.880789,-0.251550,1.996305,-1.799823,-0.273950,2.073079,0.292887,0.331286,0.132222,-0.266278,-0.036645,0.896265,0.690101,-0.382022
16.278973,0.904237,0.814559,-0.906797,-0.303939,1.337815,1.235847,-0.394769,0.994553,-0.340744,0.575548,0.153308,0.565758,0.839804,-0.118805,-1.880455,-0.251408,1.996032,-1.799857,-0.273041,2.073755,0.292508,0.333664,0.134956,-0.269873,-0.035415,0.896724,0.689017,-0.380267
16.279971,0.904997,0.815273,-0.907562,-0.301045,1.338151,1.233822,-0.394949,1.017171,-0.358712,0.600603,0.148616,0.565495,0.840526,-0.118677,-1.880122,-0.251273,1.995768,-1.799889,-0.272153,2.074448,0.292138,0.333225,0.135923,-0.267911,-0.034561,0.896898,0.688555,-0.377341
16.281013,0.908445,0.813713,-0.905444,-0.302388,1.341247,1.237133,-0.396079,1.031506,-0.375930,0.618731,0.140453,0.564926,0.840531,-0.118578,-1.879789,-0.251137,1.995497,-1.799931,-0.271251,2.075146,0.291758,0.332292,0.135242,-0.267707,-0.037365,0.896312,0.690494,-0.377159
16.282071,0.901411,0.810183,-0.911011,-0.301985,1.344859,1.236524,-0.395195,1.042253,-0.390918,0.633043,0.132926,0.564233,0.840396,-0.118540,-1.879463,-0.250999,1.995228,-1.799966,-0.270375,2.075826,0.291384,0.330248,0.135773,-0.269109,-0.036106,0.893595,0.687319,-0.375128
16.283077,0.900173,0.807569,-0.906982,-0.303981,1.344071,1.240296,-0.396445,1.051575,-0.404153,0.645305,0.126710,0.563490,0.840216,-0.118567,-1.879124,-0.250858,1.994964,-1.800003,-0.269486,2.076512,0.291007,0.333405,0.137261,-0.266731,-0.036574,0.890390,0.688175,-0.377200
16.284102,0.903719,0.810302,-0.914666,-0.303266,1.352920,1.239373,-0.395644,1.055730,-0.415651,0.652591,0.119668,0.562578,0.839573,-0.118648,-1.878791,-0.250716,1.994686,-1.800035,-0.268603,2.077182,0.290633,0.333480,0.138210,-0.268897,-0.034706,0.891235,0.684456,-0.374846
16.285098,0.904407,0.807358,-0.916256,-0.305638,1.350704,1.244788,-0.395886,1.054225,-0.424978,0.654493,0.111515,0.561485,0.838380,-0.118754,-1.878464,-0.250585,1.994430,-1.800072,-0.267736,2.077874,0.290256,0.331300,0.136605,-0.265433,-0.035477,0.882635,0.685470,-0.376696
16.286001,0.902001,0.808314,-0.913931,-0.304623,1.354984,1.241948,-0.396728,1.048469,-0.430932,0.651852,0.103627,0.560284,0.836858,-0.118857,-1.878132,-0.250446,1.994164,-1.800100,-0.266842,2.078547,0.289878,0.330416,0.137767,-0.264873,-0.033318,0.884774,0.680025,-0.376345
16.287028,0.896200,0.807413,-0.916284,-0.305714,1.355517,1.243152,-0.395404,1.039712,-0.433746,0.645708,0.096264,0.559049,0.835130,-0.118932,-1.877802,-0.250309,1.993899,-1.800138,-0.265980,2.079221,0.289508,0.330798,0.136833,-0.265946,-0.034257,0.879740,0.682591,-0.374676
16.288026,0.896698,0.802614,-0.916205,-0.303234,1.353776,1.246977,-0.398220,1.027183,-0.433091,0.635432,0.089180,0.557823,0.833199,-0.118962,-1.877465,-0.250171,1.993635,-1.800168,-0.265102,2.079907,0.289122,0.333219,0.137004,-0.265103,-0.033366,0.879507,0.681440,-0.377546
16.288958,0.897705,0.804186,-0.929143,-0.304742,1.359053,1.245816,-0.396350,0.985669,-0.419368,0.597715,0.078300,0.555647,0.829194,-0.118800,-1.876807,-0.249891,1.993121,-1.800243,-0.263353,2.081261,0.288368,0.331204,0.137823,-0.259042,-0.034276,0.875398,0.678571,-0.375880
16.290187,0.897608,0.803446,-0.929826,-0.305796,1.354991,1.246909,-0.397278,0.985669,-0.419368,0.597715,0.078300,0.555647,0.829194,-0.118800,-1.876807,-0.249891,1.993121,-1.800243,-0.263353,2.081261,0.288368,0.331204,0.137823,-0.259042,-0.034276,0.875398,0.678571,-0.375880
16.291046,0.895148,0.801158,-0.926973,-0.308253,1.353318,1.246341,-0.396948,0.953694,-0.404346,0.567273,0.075155,0.554884,0.827051,-0.118593,-1.876472,-0.249751,1.992860,-1.800276,-0.262456,2.081944,0.287997,0.331492,0.138169,-0.259825,-0.033531,0.881410,0.678391,-0.374544
16.292009,0.894091,0.803368,-0.933296,-0.309258,1.354164,1.248414,-0.395875,0.915366,-0.386003,0.530785,0.070847,0.554431,0.824352,-0.118332,-1.876141,-0.249608,1.992598,-1.800302,-0.261580,2.082618,0.287617,0.331727,0.138746,-0.261055,-0.031205,0.881827,0.678432,-0.375140
16.292999,0.891753,0.796324,-0.930536,-0.308853,1.348330,1.248049,-0.396460,0.874009,-0.367229,0.491921,0.063772,0.554372,0.820949,-0.118042,-1.875810,-0.249473,1.992346,-1.800329,-0.260703,2.083295,0.287240,0.331601,0.137277,-0.258115,-0.030438,0.880656,0.676215,-0.377407
16.294036,0.894728,0.798646,-0.934006,-0.310329,1.345581,1.246219,-0.396432,0.830277,-0.348210,0.451307,0.054411,0.554722,0.816953,-0.117743,-1.875473,-0.249325,1.992084,-1.800363,-0.259814,2.083971,0.286863,0.332159,0.140394,-0.259780,-0.030954,0.886369,0.676597,-0.376352
16.295085,0.896003,0.798201,-0.934957,-0.310685,1.342323,1.247854,-0.396804,0.787937,-0.331266,0.412399,0.043458,0.555456,0.812601,-0.117446,-1.875149,-0.249189,1.991829,-1.800390,-0.258917,2.084646,0.286487,0.330335,0.138936,-0.258501,-0.029739,0.889234,0.678641,-0.376655
16.296083,0.898249,0.793509,-0.940350,-0.309591,1.339685,1.247728,-0.395313,0.750286,-0.317073,0.377955,0.031851,0.556493,0.808160,-0.117169,-1.874819,-0.249047,1.991571,-1.800419,-0.258017,2.085325,0.286110,0.329372,0.138874,-0.258518,-0.029646,0.892729,0.677186,-0.376151
16.297007,0.893646,0.792376,-0.942678,-0.309966,1.338602,1.243789,-0.395341,0.718547,-0.304933,0.348616,0.021256,0.557725,0.803985,-0.116929,-1.874494,-0.248902,1.991318,-1.800454,-0.257123,2.085988,0.285721,0.327794,0.140833,-0.256171,-0.030818,0.895187,0.677431,-0.379283
16.298014,0.892701,0.794883,-0.941867,-0.309856,1.334467,1.244699,-0.395498,0.691072,-0.294354,0.322713,0.012276,0.559001,0.800223,-0.116710,-1.874161,-0.248761,1.991068,-1.800483,-0.256217,2.086676,0.285347,0.329326,0.140924,-0.255180,-0.030555,0.895320,0.681064,-0.379247
16.299024,0.886945,0.794852,-0.947473,-0.309973,1.334188,1.245896,-0.397515,0.663952,-0.283050,0.296606,0.004792,0.560164,0.796819,-0.116465,-1.873830,-0.248626,1.990810,-1.800514,-0.255307,2.087362,0.284962,0.329286,0.139374,-0.255949,-0.030841,0.899231,0.680107,-0.379075
16.300102,0.889708,0.796268,-0.946162,-0.309686,1.334171,1.243653,-0.396800,0.633372,-0.267682,0.266558,-0.000672,0.561082,0.793816,-0.116177,-1.873498,-0.248486,1.990563,-1.800545,-0.254412,2.088042,0.284588,0.331701,0.139072,-0.253604,-0.030892,0.899412,0.678959,-0.375199
16.301082,0.892114,0.794988,-0.950287,-0.311220,1.332919,1.241515,-0.396374,0.597744,-0.246686,0.230978,-0.003581,0.561665,0.791293,-0.115882,-1.873170,-0.248351,1.990306,-1.800577,-0.253503,2.088728,0.284211,0.330059,0.138176,-0.254885,-0.031381,0.899812,0.681535,-0.376982
16.302040,0.884116,0.797421,-0.952679,-0.311866,1.332861,1.238001,-0.397098,0.561524,-0.222859,0.194200,-0.004291,0.561902,0.789275,-0.115618,-1.872849,-0.248211,1.990054,-1.800604,-0.252612,2.089409,0.283831,0.328389,0.138450,-0.253114,-0.030067,0.900783,0.683589,-0.377946
16.303108,0.884703,0.794155,-0.954121,-0.310790,1.338424,1.237351,-0.396593,0.525207,-0.197734,0.157095,-0.004407,0.561653,0.787536,-0.115391,-1.872511,-0.248079,1.989805,-1.800633,-0.251709,2.090108,0.283459,0.331694,0.136913,-0.252213,-0.029602,0.900209,0.686842,-0.376589
16.304055,0.880884,0.795928,-0.956662,-0.311686,1.340625,1.233806,-0.396147,0.484853,-0.170250,0.116274,-0.004817,0.560767,0.785902,-0.115196,-1.872179,-0.247938,1.989552,-1.800666,-0.250819,2.090801,0.283079,0.331070,0.138310,-0.252108,-0.030876,0.895100,0.687681,-0.377894
16.305046,0.882020,0.795102,-0.957156,-0.310886,1.343981,1.232852,-0.394308,0.441170,-0.141253,0.072474,-0.005060,0.559302,0.784456,-0.115048,-1.871848,-0.247803,1.989305,-1.800697,-0.249938,2.091490,0.282701,0.332291,0.137034,-0.251099,-0.030074,0.892433,0.690990,-0.378856
16.306033,0.881224,0.792801,-0.959675,-0.311376,1.346325,1.235257,-0.394721,0.396382,-0.111865,0.027748,-0.004655,0.557418,0.783260,-0.114956,-1.871517,-0.247666,1.989053,-1.800729,-0.249050,2.092185,0.282309,0.331159,0.137138,-0.251226,-0.031013,0.888908,0.691805,-0.382650
16.307127,0.880909,0.794945,-0.959541,-0.311080,1.348063,1.233952,-0.394855,0.353808,-0.083908,-0.014887,-0.002963,0.555339,0.782459,-0.114905,-1.871187,-0.247529,1.988804,-1.800758,-0.248179,2.092879,0.281926,0.331013,0.137966,-0.250338,-0.030698,0.886543,0.689236,-0.381901
16.308066,0.883385,0.794827,-0.962206,-0.310848,1.349995,1.232963,-0.394370,0.316152,-0.059122,-0.052924,0.000414,0.553283,0.782166,-0.114853,-1.870854,-0.247394,1.988552,-1.800792,-0.247291,2.093567,0.281545,0.330962,0.136712,-0.251141,-0.031178,0.885558,0.690929,-0.381945
16.309053,0.880155,0.793713,-0.972210,-0.311914,1.345721,1.233865,-0.393635,0.284475,-0.037399,-0.085537,0.005992,0.551450,0.782362,-0.114766,-1.870526,-0.247259,1.988304,-1.800823,-0.246403,2.094267,0.281157,0.329009,0.136418,-0.250013,-0.031516,0.882981,0.691553,-0.382946
16.310085,0.879538,0.796476,-0.971501,-0.313813,1.345130,1.235277,-0.391601,0.255871,-0.017116,-0.115540,0.013493,0.549896,0.782812,-0.114646,-1.870197,-0.247120,1.988070,-1.800854,-0.245518,2.094950,0.280765,0.330119,0.136631,-0.245544,-0.030597,0.887150,0.690573,-0.384507
16.311033,0.881541,0.792425,-0.969717,-0.314472,1.346283,1.233891,-0.392299,0.224103,0.003950,-0.148500,0.020967,0.548500,0.783078,-0.114529,-1.869866,-0.246988,1.987820,-1.800881,-0.244622,2.095636,0.280373,0.330006,0.135028,-0.246487,-0.028975,0.887822,0.689263,-0.388760
16.312017,0.876601,0.792128,-0.966823,-0.314874,1.339108,1.235094,-0.393424,0.191618,0.023359,-0.181735,0.026633,0.547287,0.782970,-0.114405,-1.869538,-0.246847,1.987569,-1.800909,-0.243728,2.096330,0.279985,0.328328,0.136659,-0.247597,-0.028493,0.886042,0.690389,-0.387343
16.313023,0.875588,0.791057,-0.970251,-0.313524,1.339747,1.238997,-0.393614,0.165567,0.035989,-0.208173,0.029630,0.546325,0.782546,-0.114235,-1.869208,-0.246713,1.987317,-1.800938,-0.242832,2.097011,0.279605,0.330273,0.136486,-0.249397,-0.028291,0.893000,0.689102,-0.385212
16.314030,0.872202,0.790340,-0.966643,-0.314997,1.339411,1.240545,-0.394239,0.146239,0.041903,-0.227613,0.030826,0.545534,0.782029,-0.114016,-1.868875,-0.246575,1.987073,-1.800972,-0.241937,2.097694,0.279219,0.330238,0.136716,-0.248159,-0.029744,0.892178,0.685192,-0.384989
16.315013,0.872378,0.786505,-0.966504,-0.314338,1.337214,1.238839,-0.395152,0.131436,0.043510,-0.242374,0.031647,0.544834,0.781710,-0.113754,-1.868545,-0.246437,1.986816,-1.801001,-0.241041,2.098367,0.278836,0.331463,0.136761,-0.250350,-0.028475,0.892405,0.683748,-0.383885
16.315963,0.875145,0.781366,-0.968676,-0.315594,1.334341,1.240171,-0.395333,0.122234,0.039919,-0.251217,0.031688,0.544207,0.781672,-0.113444,-1.868214,-0.246298,1.986566,-1.801031,-0.240151,2.099059,0.278460,0.330785,0.138334,-0.250757,-0.029326,0.894366,0.685353,-0.382194
16.317317,0.873673,0.785988,-0.974374,-0.316238,1.337911,1.242347,-0.396095,0.121605,0.028235,-0.250980,0.029929,0.543640,0.781902,-0.113098,-1.867888,-0.246153,1.986317,-1.801058,-0.239249,2.099749,0.278083,0.328761,0.140433,-0.249911,-0.028254,0.896575,0.683735,-0.381930
16.318105,0.868326,0.786254,-0.968555,-0.314543,1.334433,1.236316,-0.396043,0.127957,0.009617,-0.243204,0.026232,0.543083,0.782369,-0.112752,-1.867557,-0.246018,1.986072,-1.801087,-0.238362,2.100430,0.277699,0.330237,0.138271,-0.248744,-0.028149,0.896012,0.683020,-0.381130
16.319014,0.862593,0.787310,-0.966370,-0.315201,1.336000,1.234835,-0.397616,0.135324,-0.009849,-0.234106,0.021948,0.542489,0.783058,-0.112450,-1.867218,-0.245883,1.985816,-1.801121,-0.237456,2.101128,0.277324,0.331565,0.137585,-0.251311,-0.029745,0.897385,0.688146,-0.381060
16.320056,0.862129,0.787923,-0.967984,-0.315213,1.330637,1.237167,-0.397079,0.140835,-0.026341,-0.226845,0.018269,0.541880,0.783936,-0.112225,-1.866886,-0.245747,1.985560,-1.801150,-0.236569,2.101822,0.276953,0.333594,0.136631,-0.252427,-0.029197,0.894894,0.689139,-0.377919
16.321020,0.862401,0.786073,-0.965631,-0.314308,1.334610,1.236606,-0.397359,0.143754,-0.038994,-0.222091,0.015216,0.541287,0.784920,-0.112095,-1.866552,-0.245613,1.985311,-1.801179,-0.235660,2.102501,0.276576,0.333394,0.136118,-0.252178,-0.029444,0.900407,0.686966,-0.379276
16.322091,0.857832,0.782133,-0.967634,-0.314718,1.334962,1.238222,-0.397459,0.146118,-0.048633,-0.218041,0.013433,0.540788,0.786127,-0.112068,-1.866219,-0.245475,1.985054,-1.801211,-0.234759,2.103189,0.276198,0.332586,0.136678,-0.253575,-0.030443,0.895806,0.687369,-0.378799
16.322994,0.859517,0.776512,-0.967586,-0.315582,1.333561,1.235494,-0.397029,0.151016,-0.057823,-0.211739,0.013019,0.540473,0.787609,-0.112130,-1.865883,-0.245329,1.984802,-1.801241,-0.233866,2.103867,0.275815,0.334569,0.138344,-0.253191,-0.030283,0.895991,0.686053,-0.378864
16.324030,0.856050,0.776207,-0.963311,-0.314873,1.333681,1.241676,-0.395606,0.158976,-0.069639,-0.202072,0.011922,0.540305,0.789070,-0.112270,-1.865551,-0.245185,1.984549,-1.801268,-0.232966,2.104563,0.275439,0.332827,0.140633,-0.253264,-0.029580,0.896320,0.688328,-0.379738
16.325093,0.855116,0.772857,-0.963820,-0.316421,1.334986,1.235969,-0.397315,0.172110,-0.086673,-0.186723,0.009103,0.540258,0.790433,-0.112476,-1.865215,-0.245045,1.984286,-1.801300,-0.232076,2.105240,0.275052,0.334139,0.140464,-0.255813,-0.030473,0.896403,0.682237,-0.382793
16.326099,0.854726,0.768553,-0.963397,-0.317149,1.337975,1.237240,-0.397819,0.191529,-0.109043,-0.164727,0.004870,0.540326,0.791789,-0.112719,-1.864884,-0.244901,1.984031,-1.801326,-0.231183,2.105931,0.274672,0.334295,0.141846,-0.256101,-0.029231,0.895512,0.688269,-0.379571
16.326991,0.851047,0.767070,-0.962123,-0.316797,1.338493,1.236269,-0.397564,0.215860,-0.136683,-0.137087,-0.001959,0.540403,0.792953,-0.112958,-1.864550,-0.244756,1.983770,-1.801354,-0.230287,2.106618,0.274300,0.333955,0.143598,-0.256618,-0.028747,0.892378,0.686919,-0.378781
16.328099,0.855750,0.763065,-0.964455,-0.314820,1.340826,1.233666,-0.398769,0.243645,-0.169019,-0.105081,-0.011675,0.540378,0.793919,-0.113171,-1.864218,-0.244612,1.983506,-1.801385,-0.229411,2.107301,0.273919,0.334896,0.143782,-0.257143,-0.029163,0.890967,0.687460,-0.379273
16.329089,0.852775,0.762458,-0.959059,-0.315543,1.343863,1.230873,-0.398701,0.274328,-0.203879,-0.069890,-0.021894,0.540217,0.795095,-0.113368,-1.863886,-0.244464,1.983250,-1.801420,-0.228523,2.107996,0.273547,0.332365,0.145506,-0.256681,-0.031328,0.889493,0.690455,-0.377205
16.330095,0.850266,0.766211,-0.964378,-0.314300,1.345644,1.227543,-0.399404,0.309706,-0.240598,-0.030446,-0.030545,0.539931,0.796821,-0.113552,-1.863550,-0.244318,1.982985,-1.801449,-0.227634,2.108699,0.273167,0.333271,0.145358,-0.259607,-0.030780,0.886256,0.693070,-0.377505
16.331026,0.843328,0.767701,-0.960277,-0.313243,1.345770,1.230192,-0.399801,0.346801,-0.275854,0.010057,-0.036835,0.539473,0.799079,-0.113735,-1.863218,-0.244176,1.982733,-1.801483,-0.226764,2.109396,0.272796,0.334009,0.143098,-0.257308,-0.032125,0.884630,0.696341,-0.376281
16.331981,0.842336,0.767950,-0.954543,-0.312868,1.347821,1.224275,-0.400541,0.377049,-0.302250,0.042917,-0.039250,0.538786,0.801791,-0.113954,-1.862877,-0.244037,1.982466,-1.801518,-0.225882,2.110095,0.272411,0.336628,0.141937,-0.259378,-0.033186,0.883879,0.693243,-0.375509
16.332955,0.842811,0.772654,-0.955121,-0.315264,1.355606,1.223292,-0.401553,0.398715,-0.317788,0.066226,-0.036950,0.537979,0.804917,-0.114227,-1.862544,-0.243896,1.982195,-1.801553,-0.225002,2.110798,0.272040,0.336402,0.141411,-0.262266,-0.033575,0.881405,0.698935,-0.374140
16.334180,0.841578,0.773262,-0.956072,-0.312112,1.349823,1.224613,-0.401207,0.416075,-0.325606,0.084389,-0.031408,0.537320,0.808147,-0.114522,-1.862208,-0.243763,1.981934,-1.801581,-0.224142,2.111504,0.271674,0.335483,0.138740,-0.262137,-0.031368,0.873539,0.699620,-0.372276
16.335000,0.837961,0.770917,-0.956245,-0.312829,1.350802,1.225287,-0.403369,0.430200,-0.326251,0.098431,-0.023082,0.537055,0.811263,-0.114802,-1.861865,-0.243625,1.981668,-1.801623,-0.223245,2.112209,0.271297,0.336242,0.138428,-0.262662,-0.034676,0.881272,0.699067,-0.373540
16.336037,0.832564,0.771122,-0.956245,-0.314185,1.346630,1.223561,-0.402823,0.439917,-0.319546,0.107048,-0.011218,0.537308,0.814282,-0.115048,-1.861530,-0.243483,1.981411,-1.801656,-0.222378,2.112895,0.270940,0.336859,0.139007,-0.262285,-0.033862,0.878736,0.697622,-0.369105
16.337022,0.829317,0.770341,-0.953394,-0.313490,1.346968,1.223983,-0.402611,0.443100,-0.307197,0.108868,0.002001,0.538084,0.816865,-0.115252,-1.861187,-0.243346,1.981148,-1.801686,-0.221483,2.113600,0.270565,0.339036,0.138631,-0.262675,-0.032706,0.883140,0.699393,-0.370491
16.337947,0.830638,0.762561,-0.953536,-0.313734,1.341241,1.228115,-0.404293,0.438371,-0.290968,0.103380,0.013725,0.539345,0.818602,-0.115432,-1.860847,-0.243208,1.980878,-1.801721,-0.220608,2.114304,0.270189,0.339974,0.138686,-0.264234,-0.033487,0.882659,0.698750,-0.371052
16.339023,0.829222,0.763970,-0.950331,-0.313955,1.338315,1.228886,-0.403977,0.430354,-0.274867,0.095216,0.023436,0.541058,0.819571,-0.115605,-1.860508,-0.243061,1.980615,-1.801752,-0.219706,2.114989,0.269828,0.338419,0.142077,-0.264153,-0.033312,0.887564,0.694257,-0.367753
16.339973,0.832101,0.759144,-0.954817,-0.313539,1.337846,1.233070,-0.404022,0.426002,-0.263875,0.091061,0.031159,0.543130,0.819974,-0.115771,-1.860165,-0.242921,1.980344,-1.801786,-0.218809,2.115679,0.269457,0.338746,0.141092,-0.266202,-0.033260,0.890957,0.693790,-0.368743
16.341029,0.830258,0.760428,-0.950711,-0.314893,1.336958,1.234226,-0.403798,0.428027,-0.258915,0.093278,0.037518,0.545395,0.819966,-0.115940,-1.859834,-0.242773,1.980084,-1.801822,-0.217921,2.116357,0.269084,0.336596,0.143016,-0.264048,-0.033667,0.890866,0.689386,-0.368745
16.342116,0.825533,0.762593,-0.952652,-0.316536,1.335516,1.236098,-0.405043,0.436416,-0.258967,0.101599,0.043085,0.547690,0.819697,-0.116121,-1.859495,-0.242632,1.979813,-1.801853,-0.217021,2.117047,0.268708,0.337119,0.142071,-0.266496,-0.032520,0.892050,0.688443,-0.369460
16.343004,0.825841,0.762026,-0.954147,-0.315995,1.333884,1.232162,-0.403678,0.447755,-0.261504,0.112884,0.046994,0.549827,0.819106,-0.116314,-1.859147,-0.242492,1.979547,-1.801880,-0.216121,2.117737,0.268349,0.339078,0.140749,-0.266015,-0.031194,0.894057,0.686871,-0.367325
16.344010,0.824713,0.761626,-0.950440,-0.317454,1.337237,1.233356,-0.403671,0.456313,-0.262383,0.121706,0.048589,0.551610,0.818046,-0.116524,-1.858814,-0.242352,1.979285,-1.801915,-0.215231,2.118423,0.267979,0.337956,0.140550,-0.265154,-0.031725,0.894582,0.690373,-0.370107
16.345081,0.827421,0.760357,-0.951012,-0.317218,1.334743,1.234755,-0.405783,0.462158,-0.261052,0.127955,0.048093,0.553001,0.816559,-0.116749,-1.858473,-0.242212,1.979010,-1.801944,-0.214338,2.119112,0.267608,0.337915,0.140409,-0.267175,-0.030461,0.891105,0.689112,-0.370297
16.346078,0.825008,0.761750,-0.947832,-0.316584,1.334536,1.235585,-0.405934,0.470442,-0.260318,0.136401,0.045893,0.554067,0.814874,-0.116953,-1.858141,-0.242070,1.978742,-1.801974,-0.213451,2.119790,0.267249,0.336275,0.140773,-0.267308,-0.030952,0.894213,0.688029,-0.366391
16.347053,0.825040,0.759894,-0.953539,-0.315737,1.340440,1.234637,-0.405675,0.484464,-0.261297,0.149874,0.043349,0.554853,0.813300,-0.117123,-1.857802,-0.241936,1.978471,-1.802008,-0.212554,2.120477,0.266886,0.336872,0.139784,-0.269064,-0.031685,0.894174,0.687159,-0.366341
16.348113,0.822468,0.759367,-0.949911,-0.316286,1.340620,1.237807,-0.405448,0.502645,-0.261955,0.166469,0.042186,0.555380,0.811996,-0.117292,-1.857464,-0.241792,1.978207,-1.802041,-0.211668,2.121175,0.266518,0.336152,0.140305,-0.266338,-0.032614,0.887928,0.687921,-0.367027
16.349047,0.825727,0.755055,-0.949086,-0.316237,1.343180,1.239664,-0.406635,0.521851,-0.260617,0.183190,0.042747,0.555658,0.810896,-0.117490,-1.857129,-0.241650,1.977940,-1.802072,-0.210787,2.121851,0.266150,0.337104,0.140268,-0.268613,-0.032258,0.888324,0.685000,-0.367787
16.349960,0.829066,0.752234,-0.952498,-0.316391,1.345770,1.235030,-0.406465,0.544128,-0.259776,0.202317,0.044254,0.555776,0.809957,-0.117704,-1.856796,-0.241506,1.977670,-1.802105,-0.209903,2.122533,0.265792,0.334670,0.141966,-0.268953,-0.032366,0.885093,0.682872,-0.365512
16.351024,0.822531,0.751672,-0.945547,-0.315858,1.345286,1.236141,-0.407380,0.573838,-0.263399,0.228249,0.045869,0.555888,0.809172,-0.117901,-1.856471,-0.241362,1.977402,-1.802138,-0.209041,2.123229,0.265423,0.332261,0.142861,-0.267132,-0.032246,0.881921,0.687134,-0.365929
16.352101,0.819565,0.749680,-0.942282,-0.314448,1.346225,1.237438,-0.408598,0.610632,-0.272119,0.260774,0.047023,0.556103,0.808434,-0.118076,-1.856129,-0.241222,1.977124,-1.802169,-0.208151,2.123907,0.265064,0.335150,0.142866,-0.270966,-0.032998,0.882893,0.686260,-0.364428
16.352993,0.814165,0.750117,-0.946917,-0.315804,1.342033,1.240013,-0.407811,0.651719,-0.284340,0.297304,0.048050,0.556478,0.807765,-0.118244,-1.855788,-0.241077,1.976846,-1.802207,-0.207264,2.124593,0.264709,0.336245,0.143574,-0.272927,-0.034481,0.882547,0.685249,-0.362367
16.354109,0.815049,0.748824,-0.945505,-0.317437,1.343727,1.239974,-0.408962,0.691513,-0.296688,0.332605,0.049395,0.556933,0.807168,-0.118435,-1.855452,-0.240934,1.976582,-1.802237,-0.206382,2.125260,0.264338,0.337998,0.142802,-0.270433,-0.033200,0.885787,0.682297,-0.363987
16.354997,0.818919,0.742010,-0.945088,-0.317554,1.342592,1.241898,-0.408118,0.723513,-0.306015,0.360886,0.049873,0.557277,0.806358,-0.118676,-1.855115,-0.240792,1.976309,-1.802267,-0.205498,2.125949,0.263986,0.337349,0.143249,-0.271713,-0.031854,0.885031,0.682802,-0.362111
16.356073,0.809934,0.742595,-0.943942,-0.318000,1.340263,1.246986,-0.408763,0.751121,-0.315627,0.385764,0.048145,0.557465,0.805241,-0.118965,-1.854784,-0.240641,1.976036,-1.802299,-0.204617,2.126634,0.263617,0.334489,0.146058,-0.271664,-0.031770,0.885172,0.680372,-0.363844
16.356994,0.805884,0.744919,-0.947113,-0.315895,1.341445,1.239915,-0.407564,0.778812,-0.328897,0.411467,0.044388,0.557509,0.804045,-0.119299,-1.854439,-0.240498,1.975763,-1.802330,-0.203725,2.127300,0.263259,0.338630,0.145445,-0.272648,-0.031548,0.888075,0.675673,-0.362894
16.357962,0.804651,0.739484,-0.942092,-0.315657,1.337937,1.238668,-0.406908,0.799868,-0.340365,0.431090,0.040304,0.557322,0.802960,-0.119681,-1.854096,-0.240358,1.975495,-1.802368,-0.202836,2.127994,0.262885,0.339679,0.143820,-0.270966,-0.033599,0.886044,0.682456,-0.365373
16.359002,0.809369,0.743737,-0.951017,-0.316869,1.337427,1.234713,-0.407470,0.810416,-0.346015,0.440442,0.037590,0.556909,0.802092,-0.120110,-1.853761,-0.240206,1.975213,-1.802403,-0.201948,2.128675,0.262508,0.339611,0.146047,-0.273439,-0.033849,0.889235,0.683525,-0.366787
16.360117,0.808696,0.743577,-0.944549,-0.316788,1.334964,1.233204,-0.406522,0.814375,-0.347954,0.443164,0.036297,0.556334,0.801443,-0.120552,-1.853427,-0.240071,1.974953,-1.802435,-0.201054,2.129373,0.262142,0.336810,0.143639,-0.269351,-0.032799,0.889927,0.687573,-0.365918
16.361047,0.807690,0.745704,-0.949040,-0.318020,1.332929,1.231533,-0.406990,0.814869,-0.347182,0.442107,0.036246,0.555621,0.800956,-0.120958,-1.853088,-0.239928,1.974673,-1.802469,-0.200144,2.130067,0.261773,0.336962,0.143515,-0.273103,-0.033085,0.893118,0.689461,-0.368233
16.361968,0.807891,0.743573,-0.950993,-0.317263,1.331074,1.231744,-0.405759,0.813413,-0.343839,0.438659,0.037343,0.554814,0.800557,-0.121310,-1.852754,-0.239788,1.974408,-1.802500,-0.199255,2.130755,0.261403,0.336673,0.141996,-0.270800,-0.031935,0.894424,0.690801,-0.367342
16.363081,0.811404,0.746498,-0.947889,-0.316344,1.329453,1.236725,-0.405422,0.808656,-0.337229,0.431606,0.039470,0.553934,0.800149,-0.121616,-1.852418,-0.239643,1.974137,-1.802533,-0.198350,2.131448,0.261029,0.335719,0.142578,-0.269729,-0.032754,0.895327,0.690181,-0.369886
16.364114,0.809572,0.747156,-0.955779,-0.316914,1.330331,1.235611,-0.405459,0.802373,-0.327387,0.422283,0.044285,0.553083,0.800009,-0.121882,-1.852091,-0.239505,1.973860,-1.802570,-0.197454,2.132128,0.260653,0.333874,0.140920,-0.271788,-0.033804,0.897787,0.685637,-0.370904
16.364956,0.806897,0.748253,-0.955541,-0.317560,1.327246,1.233554,-0.405609,0.796698,-0.314213,0.412361,0.053402,0.552390,0.800460,-0.122091,-1.851758,-0.239366,1.973600,-1.802602,-0.196557,2.132821,0.260283,0.334381,0.140307,-0.268195,-0.033384,0.896990,0.686873,-0.371070
16.366076,0.808391,0.746580,-0.961941,-0.315451,1.329410,1.233141,-0.407158,0.786452,-0.295344,0.397261,0.065453,0.551816,0.801256,-0.122253,-1.851423,-0.239227,1.973331,-1.802633,-0.195647,2.133521,0.259908,0.334603,0.139210,-0.267996,-0.032733,0.898400,0.688179,-0.370675
16.366989,0.811950,0.744460,-0.959905,-0.314756,1.321360,1.231593,-0.406777,0.768395,-0.270092,0.374280,0.079047,0.551318,0.802168,-0.122388,-1.851091,-0.239084,1.973074,-1.802671,-0.194757,2.134207,0.259549,0.333732,0.139848,-0.265508,-0.034978,0.897148,0.689053,-0.367990
16.368078,0.807801,0.745737,-0.965210,-0.318418,1.325276,1.232346,-0.407949,0.747048,-0.241508,0.347672,0.094725,0.550934,0.803348,-0.122506,-1.850761,-0.238944,1.972803,-1.802706,-0.193841,2.134899,0.259175,0.331134,0.140439,-0.266439,-0.035632,0.904147,0.690184,-0.368820
16.369110,0.806669,0.743510,-0.972327,-0.319210,1.329280,1.233545,-0.407483,0.725726,-0.213092,0.321100,0.110755,0.550578,0.804581,-0.122633,-1.850430,-0.238803,1.972540,-1.802732,-0.192955,2.135589,0.258806,0.333039,0.139551,-0.264312,-0.032295,0.900845,0.689727,-0.366794
16.370085,0.801730,0.741908,-0.971638,-0.321534,1.330628,1.238807,-0.407184,0.699063,-0.184292,0.290516,0.123203,0.550021,0.805238,-0.122794,-1.850095,-0.238662,1.972287,-1.802762,-0.192062,2.136273,0.258440,0.333141,0.140371,-0.261231,-0.031758,0.896986,0.688646,-0.368021
16.370966,0.801352,0.739872,-0.975733,-0.319442,1.334170,1.237864,-0.407485,0.662518,-0.154189,0.252230,0.129979,0.549106,0.805063,-0.122995,-1.849758,-0.238520,1.972023,-1.802786,-0.191165,2.136950,0.258070,0.334950,0.140761,-0.261777,-0.029709,0.895256,0.683264,-0.368768
16.372121,0.804154,0.737443,-0.980599,-0.318409,1.337303,1.239318,-0.409296,0.618119,-0.123712,0.208014,0.131960,0.547839,0.804359,-0.123231,-1.849428,-0.238374,1.971772,-1.802822,-0.190291,2.137639,0.257700,0.334194,0.141197,-0.259703,-0.031773,0.890689,0.683737,-0.368144
16.373071,0.801045,0.735988,-0.979329,-0.319728,1.339043,1.237777,-0.409803,0.570352,-0.093376,0.161276,0.132451,0.546347,0.803714,-0.123481,-1.849096,-0.238231,1.971518,-1.802857,-0.189406,2.138319,0.257344,0.332788,0.142243,-0.258167,-0.033006,0.888883,0.682914,-0.365008
16.373980,0.802828,0.735744,-0.984932,-0.318466,1.339626,1.239374,-0.409398,0.523657,-0.064716,0.115772,0.133115,0.544756,0.803454,-0.123722,-1.848757,-0.238086,1.971254,-1.802885,-0.188514,2.139009,0.256988,0.333589,0.142498,-0.258911,-0.031840,0.886577,0.684225,-0.364180
16.375132,0.802489,0.738842,-0.987752,-0.319187,1.340741,1.234905,-0.410204,0.479738,-0.038558,0.073170,0.133646,0.543115,0.803573,-0.123941,-1.848432,-0.237944,1.971007,-1.802921,-0.187642,2.139681,0.256624,0.331913,0.142124,-0.256210,-0.033086,0.885277,0.682281,-0.365074
16.376135,0.804497,0.733449,-0.990311,-0.318507,1.343766,1.234600,-0.411576,0.437389,-0.012660,0.032057,0.134824,0.541488,0.804072,-0.124144,-1.848101,-0.237807,1.970754,-1.802951,-0.186754,2.140377,0.256259,0.332100,0.140450,-0.255717,-0.032671,0.885421,0.687355,-0.363908
16.377018,0.806298,0.736377,-0.990422,-0.317600,1.344368,1.235506,-0.410792,0.396674,0.013444,-0.007575,0.136688,0.539966,0.804823,-0.124304,-1.847776,-0.237659,1.970498,-1.802985,-0.185886,2.141057,0.255901,0.330650,0.142746,-0.254787,-0.033459,0.882500,0.687635,-0.361400
16.378067,0.809853,0.735677,-0.995614,-0.319176,1.340845,1.233567,-0.410616,0.361325,0.037540,-0.042253,0.139546,0.538728,0.805865,-0.124369,-1.847448,-0.237522,1.970247,-1.803020,-0.185001,2.141747,0.255540,0.328866,0.140780,-0.254742,-0.034331,0.880827,0.686186,-0.363042
16.379049,0.807955,0.735210,-0.996922,-0.319235,1.340336,1.234301,-0.409837,0.333753,0.059168,-0.069936,0.144182,0.537964,0.807286,-0.124340,-1.847123,-0.237380,1.969997,-1.803051,-0.184109,2.142440,0.255170,0.326812,0.140845,-0.252720,-0.032935,0.884717,0.688294,-0.363661
16.380113,0.800330,0.733677,-0.995464,-0.319998,1.340540,1.234396,-0.411279,0.312235,0.078737,-0.091989,0.149359,0.537725,0.808806,-0.124257,-1.846799,-0.237239,1.969749,-1.803084,-0.183233,2.143125,0.254801,0.327282,0.140694,-0.252454,-0.032969,0.885060,0.687441,-0.365398
16.381059,0.800021,0.732347,-0.999704,-0.320701,1.335210,1.235380,-0.410101,0.292703,0.096708,-0.111688,0.153173,0.537991,0.810064,-0.124142,-1.846462,-0.237099,1.969493,-1.803116,-0.182343,2.143820,0.254443,0.330766,0.141199,-0.253759,-0.032396,0.885307,0.687536,-0.362820
16.381964,0.797815,0.730463,-0.999529,-0.322571,1.332107,1.234636,-0.408705,0.246109,0.129757,-0.154963,0.151662,0.539722,0.810835,-0.123936,-1.845804,-0.236819,1.968990,-1.803173,-0.180553,2.145193,0.253702,0.330482,0.141926,-0.252006,-0.030112,0.892138,0.686632,-0.368154
16.383080,0.797966,0.726733,-1.001972,-0.321689,1.331356,1.234667,-0.408447,0.246109,0.129757,-0.154963,0.151662,0.539722,0.810835,-0.123936,-1.845804,-0.236819,1.968990,-1.803173,-0.180553,2.145193,0.253702,0.330482,0.141926,-0.252006,-0.030112,0.892138,0.686632,-0.368154
16.384107,0.792455,0.720754,-1.004577,-0.320429,1.329674,1.232690,-0.407544,0.196534,0.150644,-0.195978,0.136203,0.542247,0.809220,-0.123970,-1.845139,-0.236521,1.968491,-1.803240,-0.178757,2.146574,0.252948,0.332607,0.146081,-0.250801,-0.032626,0.895451,0.689078,-0.371042
16.384977,0.789137,0.719338,-1.002140,-0.320549,1.324883,1.230296,-0.408267,0.172986,0.154533,-0.213817,0.125489,0.543539,0.808115,-0.124059,-1.844805,-0.236375,1.968235,-1.803272,-0.177847,2.147267,0.252583,0.333256,0.146165,-0.251947,-0.032517,0.898801,0.690867,-0.369556
16.386040,0.789243,0.717511,-1.004098,-0.319472,1.321546,1.226184,-0.408083,0.150917,0.154585,-0.229552,0.113903,0.544778,0.807059,-0.124163,-1.844472,-0.236228,1.967981,-1.803307,-0.176945,2.147977,0.252210,0.332863,0.146744,-0.251528,-0.033710,0.902473,0.695097,-0.370230
16.387081,0.792910,0.717549,-1.009431,-0.319844,1.319552,1.224505,-0.407149,0.150917,0.154585,-0.229552,0.113903,0.544778,0.807059,-0.124163,-1.844472,-0.236228,1.967981,-1.803307,-0.176945,2.147977,0.252210,0.332863,0.146744,-0.251528,-0.033710,0.902473,0.695097,-0.370230
16.388202,0.790416,0.719033,-1.012820,-0.321196,1.323704,1.226793,-0.408101,0.132033,0.151739,-0.242107,0.102841,0.545934,0.806211,-0.124271,-1.844147,-0.236084,1.967737,-1.803341,-0.176033,2.148673,0.251836,0.330710,0.146370,-0.249480,-0.033455,0.904483,0.696831,-0.372362
16.389115,0.789032,0.718885,-1.008335,-0.322275,1.319029,1.220919,-0.406823,0.115063,0.148351,-0.253146,0.093089,0.546913,0.805581,-0.124385,-1.843811,-0.235938,1.967490,-1.803371,-0.175130,2.149372,0.251465,0.331831,0.145375,-0.248656,-0.032383,0.901099,0.694900,-0.370811
16.390088,0.787795,0.718229,-1.007740,-0.320942,1.321471,1.223270,-0.406990,0.084659,0.142527,-0.272675,0.074979,0.547902,0.804247,-0.124609,-1.843152,-0.235647,1.966978,-1.803438,-0.173322,2.150775,0.250715,0.331736,0.144807,-0.251509,-0.032762,0.901837,0.697709,-0.373205
16.390946,0.783395,0.718515,-1.007547,-0.322141,1.324499,1.224616,-0.405384,0.084659,0.142527,-0.272675,0.074979,0.547902,0.804247,-0.124609,-1.843152,-0.235647,1.966978,-1.803438,-0.173322,2.150775,0.250715,0.331736,0.144807,-0.251509,-0.032762,0.901837,0.697709,-0.373205
16.392004,0.785043,0.713531,-1.006873,-0.320900,1.328393,1.224705,-0.406393,0.068952,0.134143,-0.279942,0.062317,0.547423,0.803330,-0.124855,-1.842487,-0.235351,1.966475,-1.803500,-0.171546,2.152160,0.249963,0.331748,0.146179,-0.252452,-0.033044,0.893997,0.695828,-0.374581
16.393037,0.783835,0.709861,-1.004576,-0.320234,1.330169,1.223597,-0.405195,0.070853,0.125212,-0.274947,0.058963,0.546794,0.803463,-0.125010,-1.842152,-0.235199,1.966215,-1.803535,-0.170656,2.152864,0.249581,0.331912,0.147559,-0.254020,-0.033800,0.892422,0.696949,-0.377219
16.394068,0.784828,0.707800,-1.006194,-0.319779,1.331889,1.223283,-0.406216,0.082987,0.109698,-0.260511,0.057572,0.546127,0.804098,-0.125169,-1.841825,-0.235049,1.965960,-1.803569,-0.169776,2.153560,0.249207,0.331048,0.148164,-0.253647,-0.034376,0.890974,0.697302,-0.375363
16.394974,0.782694,0.710616,-1.005483,-0.321147,1.333373,1.223548,-0.406667,0.082987,0.109698,-0.260511,0.057572,0.546127,0.804098,-0.125169,-1.841825,-0.235049,1.965960,-1.803569,-0.169776,2.153560,0.249207,0.331048,0.148164,-0.253647,-0.034376,0.890974,0.697302,-0.375363
16.396000,0.777513,0.708855,-1.002354,-0.321637,1.330173,1.224809,-0.406246,0.102271,0.089873,-0.239528,0.057900,0.545550,0.805068,-0.125315,-1.841495,-0.234909,1.965706,-1.803598,-0.168887,2.154257,0.248838,0.331292,0.146256,-0.254058,-0.033091,0.888554,0.696545,-0.374511
16.397072,0.780085,0.709227,-1.005760,-0.323955,1.330941,1.226551,-0.406772,0.123737,0.069102,-0.216572,0.058996,0.545089,0.806020,-0.125462,-1.841155,-0.234759,1.965445,-1.803631,-0.167985,2.154953,0.248459,0.333365,0.146731,-0.256007,-0.032761,0.891801,0.695300,-0.375574
16.398077,0.780364,0.708705,-1.005950,-0.325281,1.329529,1.230289,-0.407405,0.144444,0.048406,-0.194132,0.059230,0.544694,0.806551,-0.125621,-1.840829,-0.234612,1.965191,-1.803658,-0.167105,2.155641,0.248081,0.331833,0.146198,-0.254896,-0.030740,0.891637,0.693815,-0.374789
16.398994,0.779974,0.705564,-1.001447,-0.323898,1.332901,1.230153,-0.407962,0.164178,0.027496,-0.172298,0.057575,0.544329,0.806450,-0.125787,-1.840497,-0.234466,1.964936,-1.803685,-0.166206,2.156325,0.247704,0.331188,0.146058,-0.255182,-0.029675,0.892904,0.690059,-0.373690
16.400074,0.778881,0.703332,-1.002805,-0.324052,1.329329,1.229035,-0.407720,0.185909,0.005207,-0.148526,0.054770,0.544033,0.805889,-0.125946,-1.840168,-0.234316,1.964669,-1.803719,-0.165329,2.157017,0.247336,0.330611,0.147059,-0.257388,-0.031096,0.888773,0.689834,-0.372640
16.400941,0.771995,0.699906,-0.997757,-0.326526,1.326974,1.229158,-0.408521,0.212803,-0.019994,-0.120132,0.052086,0.543849,0.805151,-0.126074,-1.839837,-0.234168,1.964415,-1.803751,-0.164429,2.157702,0.246967,0.330917,0.147839,-0.257327,-0.031135,0.892913,0.691276,-0.373476
16.401940,0.772070,0.697323,-0.995668,-0.326407,1.329659,1.229431,-0.409244,0.243114,-0.048649,-0.088404,0.048099,0.543704,0.804084,-0.126148,-1.839496,-0.234018,1.964151,-1.803776,-0.163525,2.158395,0.246590,0.333286,0.148914,-0.259661,-0.028837,0.893824,0.690518,-0.371793
16.403035,0.772441,0.699776,-0.998774,-0.326047,1.328485,1.230069,-0.409814,0.274803,-0.081438,-0.054680,0.040519,0.543529,0.802428,-0.126139,-1.839167,-0.233866,1.963888,-1.803806,-0.162642,2.159078,0.246225,0.332723,0.149711,-0.260960,-0.029169,0.891061,0.690241,-0.370561
16.404025,0.771681,0.696997,-0.998266,-0.327090,1.324155,1.233371,-0.410702,0.307522,-0.116777,-0.019675,0.030694,0.543350,0.800369,-0.126032,-1.838832,-0.233723,1.963628,-1.803839,-0.161744,2.159767,0.245860,0.332308,0.148209,-0.259995,-0.029719,0.892918,0.689947,-0.369799
16.405060,0.770058,0.701856,-0.995856,-0.328686,1.324985,1.234580,-0.410451,0.368865,-0.182758,0.045083,0.012157,0.542923,0.795891,-0.125581,-1.838168,-0.233431,1.963100,-1.803891,-0.159946,2.161132,0.245117,0.332531,0.146345,-0.262061,-0.027645,0.896220,0.685522,-0.368955
16.406065,0.768083,0.701361,-0.997116,-0.328309,1.323469,1.237317,-0.410462,0.394546,-0.209759,0.071842,0.004168,0.542597,0.793614,-0.125310,-1.837832,-0.233284,1.962837,-1.803923,-0.159041,2.161811,0.244751,0.332967,0.146203,-0.261693,-0.028169,0.897544,0.682806,-0.369148
16.406951,0.766929,0.703220,-0.995269,-0.328496,1.323959,1.232349,-0.409750,0.394546,-0.209759,0.071842,0.004168,0.542597,0.793614,-0.125310,-1.837832,-0.233284,1.962837,-1.803923,-0.159041,2.161811,0.244751,0.332967,0.146203,-0.261693,-0.028169,0.897544,0.682806,-0.369148
16.407938,0.764087,0.703507,-0.993309,-0.329074,1.320918,1.232318,-0.410998,0.415051,-0.230421,0.092851,-0.002007,0.542194,0.791501,-0.125040,-1.837504,-0.233141,1.962571,-1.803950,-0.158155,2.162498,0.244375,0.332654,0.144717,-0.262459,-0.028137,0.895957,0.687354,-0.370563
16.408982,0.766247,0.702927,-0.993428,-0.327691,1.321399,1.234430,-0.409881,0.444276,-0.255312,0.121190,-0.008921,0.541338,0.787881,-0.124496,-1.836834,-0.232851,1.962040,-1.804007,-0.156342,2.163875,0.243633,0.331960,0.144113,-0.263939,-0.029420,0.898247,0.685246,-0.370741
16.409940,0.761727,0.703041,-0.990894,-0.328372,1.324145,1.231875,-0.408159,0.457535,-0.262474,0.132790,-0.008640,0.541032,0.786644,-0.124235,-1.836500,-0.232707,1.961775,-1.804036,-0.155456,2.164559,0.243254,0.333562,0.143595,-0.265305,-0.028887,0.895039,0.687662,-0.374282
16.411042,0.761025,0.700808,-0.990331,-0.329237,1.322669,1.234153,-0.408360,0.457535,-0.262474,0.132790,-0.008640,0.541032,0.786644,-0.124235,-1.836500,-0.232707,1.961775,-1.804036,-0.155456,2.164559,0.243254,0.333562,0.143595,-0.265305,-0.028887,0.895039,0.687662,-0.374282
16.412039,0.758016,0.692455,-0.989790,-0.331141,1.321681,1.232554,-0.407444,0.470602,-0.267990,0.143820,-0.006875,0.540812,0.785685,-0.123992,-1.836165,-0.232561,1.961505,-1.804062,-0.154555,2.165247,0.242874,0.333677,0.144453,-0.266105,-0.028392,0.897250,0.685726,-0.374173
16.413039,0.760159,0.693696,-0.991426,-0.331332,1.325564,1.232452,-0.405987,0.483799,-0.275686,0.155606,-0.006877,0.540551,0.784620,-0.123752,-1.835832,-0.232410,1.961236,-1.804085,-0.153666,2.165948,0.242490,0.334648,0.148167,-0.266550,-0.026827,0.898096,0.687228,-0.376156
16.413950,0.760197,0.692118,-0.987482,-0.329962,1.326628,1.226774,-0.405928,0.498205,-0.288769,0.169792,-0.010750,0.540151,0.783250,-0.123496,-1.835504,-0.232267,1.960973,-1.804113,-0.152776,2.166631,0.242108,0.333060,0.147124,-0.265984,-0.026895,0.894055,0.687312,-0.379225
16.415030,0.755292,0.690015,-0.989707,-0.330400,1.325175,1.224990,-0.403719,0.515484,-0.306131,0.187314,-0.016586,0.539640,0.781870,-0.123207,-1.835171,-0.232119,1.960699,-1.804143,-0.151882,2.167335,0.241723,0.332210,0.147361,-0.267811,-0.028362,0.892088,0.692546,-0.379301
16.416117,0.758350,0.693493,-0.988409,-0.330609,1.333696,1.224166,-0.404067,0.535392,-0.325294,0.207209,-0.022142,0.538994,0.780756,-0.122902,-1.834835,-0.231970,1.960434,-1.804172,-0.150995,2.168028,0.241331,0.334388,0.148070,-0.267178,-0.028194,0.894202,0.694554,-0.384002
16.417076,0.758627,0.692339,-0.988235,-0.330265,1.333952,1.223915,-0.403286,0.554752,-0.343541,0.226269,-0.026852,0.538132,0.779926,-0.122613,-1.834504,-0.231829,1.960162,-1.804200,-0.150123,2.168728,0.240952,0.332599,0.146067,-0.268286,-0.028295,0.886425,0.695616,-0.383559
16.417971,0.751971,0.690422,-0.983177,-0.328385,1.334622,1.222657,-0.403650,0.573823,-0.359059,0.244333,-0.029242,0.537084,0.779571,-0.122340,-1.834178,-0.231681,1.959889,-1.804230,-0.149246,2.169430,0.240560,0.331874,0.146172,-0.268368,-0.028799,0.885892,0.695566,-0.385176
16.418938,0.752625,0.693464,-0.979743,-0.328830,1.339254,1.221567,-0.403286,0.615271,-0.381783,0.280702,-0.022622,0.534697,0.780934,-0.121881,-1.833505,-0.231395,1.959341,-1.804293,-0.147492,2.170831,0.239789,0.333234,0.144632,-0.272411,-0.030401,0.879387,0.697136,-0.385205
16.420016,0.753053,0.693782,-0.977195,-0.327980,1.340437,1.221892,-0.403277,0.639161,-0.389166,0.300485,-0.012946,0.533647,0.782716,-0.121687,-1.833175,-0.231250,1.959061,-1.804326,-0.146621,2.171525,0.239403,0.332788,0.144190,-0.274013,-0.031447,0.879010,0.697047,-0.385474
16.421121,0.752210,0.693159,-0.980793,-0.328194,1.348488,1.220022,-0.404979,0.639161,-0.389166,0.300485,-0.012946,0.533647,0.782716,-0.121687,-1.833175,-0.231250,1.959061,-1.804326,-0.146621,2.171525,0.239403,0.332788,0.144190,-0.274013,-0.031447,0.879010,0.697047,-0.385474
16.421974,0.747438,0.697241,-0.981871,-0.329487,1.339908,1.217502,-0.403854,0.665362,-0.394016,0.321725,0.000602,0.532985,0.785113,-0.121479,-1.832840,-0.231106,1.958791,-1.804357,-0.145752,2.172230,0.239027,0.333008,0.144252,-0.272716,-0.031471,0.871918,0.699226,-0.382382
16.422939,0.746142,0.697313,-0.978630,-0.330260,1.338168,1.217626,-0.404524,0.687505,-0.393897,0.338821,0.016169,0.532820,0.787689,-0.121243,-1.832502,-0.230968,1.958519,-1.804384,-0.144854,2.172938,0.238637,0.334302,0.141669,-0.271835,-0.030284,0.879172,0.700986,-0.384555
16.423984,0.745030,0.697507,-0.980971,-0.331023,1.340558,1.221164,-0.404704,0.700312,-0.386721,0.347212,0.031572,0.533183,0.789968,-0.120981,-1.832172,-0.230828,1.958245,-1.804414,-0.143975,2.173633,0.238261,0.334306,0.141258,-0.273481,-0.029668,0.880542,0.700619,-0.383288
16.424991,0.743470,0.696084,-0.977169,-0.331947,1.334164,1.223572,-0.405518,0.705163,-0.374169,0.348490,0.045787,0.534117,0.791760,-0.120703,-1.831837,-0.230689,1.957973,-1.804444,-0.143092,2.174321,0.237874,0.334462,0.140895,-0.272590,-0.029128,0.878476,0.697201,-0.383142
16.426080,0.749382,0.693670,-0.975024,-0.332902,1.332889,1.226233,-0.405099,0.708011,-0.347259,0.346486,0.069079,0.537470,0.793914,-0.120186,-1.831176,-0.230405,1.957416,-1.804501,-0.141316,2.175698,0.237113,0.331567,0.142206,-0.276062,-0.027779,0.886852,0.692455,-0.382830
16.426988,0.750113,0.690250,-0.969826,-0.332957,1.331986,1.229765,-0.405731,0.708011,-0.347259,0.346486,0.069079,0.537470,0.793914,-0.120186,-1.831176,-0.230405,1.957416,-1.804501,-0.141316,2.175698,0.237113,0.331567,0.142206,-0.276062,-0.027779,0.886852,0.692455,-0.382830
16.428009,0.752197,0.689160,-0.970644,-0.331969,1.329451,1.228020,-0.405253,0.722380,-0.344258,0.358843,0.077868,0.539629,0.794651,-0.119971,-1.830847,-0.230258,1.957132,-1.804528,-0.140422,2.176387,0.236732,0.330400,0.143370,-0.278359,-0.027905,0.886773,0.688482,-0.381535
16.428943,0.752958,0.684182,-0.971701,-0.331612,1.328892,1.226902,-0.404812,0.752150,-0.352022,0.386210,0.085900,0.541966,0.795613,-0.119789,-1.830523,-0.230113,1.956856,-1.804559,-0.139527,2.177074,0.236351,0.329006,0.143521,-0.278105,-0.029066,0.889363,0.690340,-0.382702
16.429985,0.747704,0.686809,-0.961259,-0.331269,1.328264,1.225833,-0.405739,0.793854,-0.368206,0.424980,0.093932,0.544323,0.796947,-0.119629,-1.830198,-0.229967,1.956578,-1.804591,-0.138635,2.177768,0.235966,0.327955,0.145526,-0.277425,-0.029504,0.889193,0.691106,-0.383604
16.431092,0.750005,0.687033,-0.965058,-0.332940,1.327643,1.225317,-0.405515,0.843275,-0.390355,0.471102,0.101787,0.546551,0.798617,-0.119491,-1.829867,-0.229825,1.956281,-1.804622,-0.137736,2.178466,0.235585,0.330243,0.143861,-0.282709,-0.030043,0.890007,0.692258,-0.381944
16.432002,0.743319,0.690608,-0.964170,-0.333306,1.325689,1.225739,-0.405014,0.896545,-0.415625,0.521009,0.108859,0.548584,0.800489,-0.119397,-1.829539,-0.229683,1.956007,-1.804649,-0.136847,2.179150,0.235205,0.328937,0.143538,-0.281225,-0.028712,0.891473,0.693192,-0.382750
16.433071,0.741472,0.689703,-0.968545,-0.333883,1.323580,1.227896,-0.406582,0.946203,-0.438860,0.567707,0.114531,0.550336,0.802332,-0.119380,-1.829200,-0.229545,1.955723,-1.804677,-0.135946,2.179845,0.234816,0.331396,0.141285,-0.281385,-0.028505,0.892401,0.692306,-0.383718
16.434042,0.737045,0.690183,-0.967849,-0.332858,1.323074,1.231052,-0.406443,0.983288,-0.454291,0.602655,0.118796,0.551676,0.803988,-0.119441,-1.828871,-0.229401,1.955449,-1.804706,-0.135058,2.180528,0.234437,0.332048,0.141465,-0.279548,-0.028206,0.895060,0.690414,-0.380819
16.435011,0.732711,0.686884,-0.964066,-0.330514,1.328782,1.228839,-0.406603,1.003773,-0.459304,0.621845,0.122569,0.552487,0.805559,-0.119572,-1.828535,-0.229264,1.955166,-1.804736,-0.134161,2.181216,0.234060,0.333596,0.140868,-0.279839,-0.029399,0.895103,0.687089,-0.381245
16.435970,0.734012,0.686125,-0.968998,-0.331375,1.328236,1.227152,-0.404725,1.010291,-0.455158,0.627494,0.127595,0.552793,0.807360,-0.119788,-1.828195,-0.229119,1.954878,-1.804774,-0.133273,2.181912,0.233678,0.335027,0.142090,-0.281596,-0.031720,0.888966,0.689141,-0.381014
16.437072,0.726097,0.680811,-0.968573,-0.331721,1.328811,1.227102,-0.406604,1.007613,-0.444964,0.624102,0.134572,0.552692,0.809507,-0.120098,-1.827865,-0.228979,1.954605,-1.804802,-0.132394,2.182600,0.233287,0.333704,0.142058,-0.279087,-0.031004,0.889222,0.690619,-0.384852
16.438016,0.728027,0.677989,-0.971288,-0.331262,1.333230,1.227139,-0.407544,0.996781,-0.431471,0.613206,0.141470,0.552221,0.811660,-0.120483,-1.827520,-0.228829,1.954325,-1.804833,-0.131502,2.183294,0.232909,0.337385,0.144409,-0.279738,-0.030933,0.889422,0.691005,-0.381354
16.438926,0.721034,0.677939,-0.969567,-0.332283,1.333769,1.226554,-0.407506,0.978005,-0.417092,0.595529,0.146371,0.551467,0.813512,-0.120899,-1.827191,-0.228681,1.954047,-1.804863,-0.130621,2.183975,0.232530,0.335672,0.145289,-0.278241,-0.031530,0.884433,0.690732,-0.379553
16.440058,0.725718,0.677414,-0.976233,-0.333055,1.330641,1.225900,-0.409450,0.953028,-0.402903,0.572663,0.149358,0.550610,0.815039,-0.121316,-1.826848,-0.228539,1.953765,-1.804891,-0.129748,2.184668,0.232153,0.338243,0.144804,-0.278849,-0.030645,0.883201,0.690887,-0.379664
16.441036,0.730372,0.676576,-0.971429,-0.334859,1.333150,1.228108,-0.407688,0.922149,-0.388098,0.544684,0.150647,0.549746,0.816215,-0.121757,-1.826514,-0.228395,1.953493,-1.804919,-0.128850,2.185368,0.231782,0.335752,0.144857,-0.276081,-0.030207,0.887358,0.691984,-0.376151
16.441958,0.726778,0.673534,-0.969817,-0.333406,1.328604,1.224439,-0.408560,0.890348,-0.374689,0.516127,0.150441,0.548899,0.817137,-0.122249,-1.826187,-0.228250,1.953211,-1.804945,-0.127980,2.186052,0.231400,0.332881,0.144841,-0.278498,-0.028665,0.884677,0.689640,-0.379856
16.443058,0.729692,0.673127,-0.974165,-0.333711,1.328783,1.223740,-0.407758,0.865800,-0.366727,0.494514,0.149417,0.548089,0.818075,-0.122787,-1.825849,-0.228105,1.952929,-1.804976,-0.127081,2.186752,0.231024,0.333847,0.145859,-0.279043,-0.030235,0.888408,0.692936,-0.378099
16.444016,0.725069,0.671028,-0.971023,-0.333201,1.326902,1.217083,-0.408596,0.849054,-0.364046,0.480152,0.148478,0.547253,0.819207,-0.123358,-1.825522,-0.227959,1.952654,-1.805005,-0.126196,2.187459,0.230633,0.332238,0.145770,-0.277305,-0.030215,0.889013,0.693870,-0.380014
16.445041,0.724382,0.672385,-0.976112,-0.334097,1.328690,1.215656,-0.407654,0.836147,-0.364063,0.469221,0.147894,0.546271,0.820497,-0.123962,-1.825186,-0.227812,1.952374,-1.805038,-0.125304,2.188166,0.230262,0.333862,0.146344,-0.278817,-0.030812,0.890405,0.700255,-0.378420
16.446128,0.725130,0.675731,-0.980020,-0.333416,1.331126,1.212563,-0.406566,0.822719,-0.364213,0.457716,0.146998,0.545062,0.821727,-0.124590,-1.824849,-0.227670,1.952099,-1.805067,-0.124413,2.188873,0.229876,0.333680,0.145305,-0.276439,-0.030113,0.888684,0.701584,-0.380515
16.447023,0.720199,0.670499,-0.982358,-0.336150,1.324296,1.212289,-0.407936,0.803642,-0.360055,0.440548,0.146293,0.543664,0.822791,-0.125242,-1.824517,-0.227529,1.951833,-1.805101,-0.123531,2.189577,0.229484,0.333073,0.143384,-0.275013,-0.030985,0.886996,0.704920,-0.382945
16.447985,0.718828,0.669785,-0.987263,-0.336304,1.321068,1.216431,-0.407284,0.775769,-0.349409,0.414749,0.145542,0.542134,0.823517,-0.125913,-1.824179,-0.227378,1.951562,-1.805125,-0.122630,2.190282,0.229113,0.334595,0.145427,-0.273648,-0.028443,0.892752,0.704589,-0.380165
16.448991,0.713290,0.669165,-0.984285,-0.335966,1.322947,1.213093,-0.407036,0.737813,-0.333850,0.379713,0.142651,0.540454,0.823595,-0.126582,-1.823845,-0.227233,1.951291,-1.805154,-0.121724,2.190983,0.228725,0.334587,0.145308,-0.271230,-0.028503,0.895354,0.700137,-0.381573
16.450102,0.713273,0.674311,-0.993164,-0.335535,1.320470,1.217364,-0.405901,0.690451,-0.314225,0.336150,0.137700,0.538720,0.823084,-0.127241,-1.823506,-0.227090,1.951014,-1.805185,-0.120839,2.191698,0.228345,0.336784,0.145242,-0.272866,-0.029014,0.893420,0.703373,-0.382221
16.451045,0.710862,0.673683,-0.991705,-0.337000,1.316678,1.216226,-0.405741,0.634318,-0.288446,0.284037,0.133088,0.537124,0.822315,-0.127909,-1.823167,-0.226952,1.950754,-1.805217,-0.119930,2.192386,0.227953,0.336533,0.142459,-0.269051,-0.029675,0.896626,0.699447,-0.384804
16.451963,0.712176,0.669010,-0.994906,-0.337384,1.318682,1.217545,-0.406603,0.569440,-0.254297,0.222880,0.130364,0.535778,0.821473,-0.128598,-1.822829,-0.226809,1.950480,-1.805243,-0.119033,2.193077,0.227567,0.336953,0.142351,-0.269748,-0.028411,0.899734,0.700345,-0.385137
16.453076,0.714283,0.666367,-0.998304,-0.337458,1.317035,1.218233,-0.406892,0.500844,-0.215622,0.157702,0.128477,0.534702,0.820459,-0.129255,-1.822495,-0.226664,1.950220,-1.805269,-0.118140,2.193772,0.227190,0.335443,0.144191,-0.268147,-0.028245,0.896818,0.698588,-0.383422
16.454074,0.707513,0.666865,-0.999332,-0.337522,1.317782,1.217521,-0.408478,0.436046,-0.178981,0.096092,0.126149,0.533906,0.819171,-0.129828,-1.822158,-0.226516,1.949955,-1.805299,-0.117228,2.194473,0.226807,0.334196,0.145207,-0.267073,-0.028471,0.899181,0.698262,-0.383189
16.455081,0.709887,0.665494,-1.002338,-0.340516,1.316789,1.220745,-0.408003,0.376581,-0.145838,0.039578,0.123318,0.533378,0.817570,-0.130318,-1.821820,-0.226374,1.949691,-1.805329,-0.116336,2.195163,0.226437,0.337002,0.144577,-0.266808,-0.028588,0.898250,0.698923,-0.380176
16.455997,0.708694,0.661116,-1.001142,-0.340492,1.314699,1.223120,-0.409727,0.319777,-0.114820,-0.014170,0.119113,0.533015,0.815468,-0.130746,-1.821488,-0.226228,1.949428,-1.805348,-0.115434,2.195857,0.226052,0.335272,0.144861,-0.265582,-0.026001,0.899099,0.695618,-0.381315
16.456946,0.711586,0.664907,-1.007775,-0.342617,1.321682,1.223696,-0.410338,0.267391,-0.087757,-0.063157,0.112334,0.532676,0.812741,-0.131138,-1.821157,-0.226079,1.949159,-1.805375,-0.114540,2.196533,0.225675,0.335081,0.146500,-0.266098,-0.026242,0.900311,0.692942,-0.377848
16.458046,0.715892,0.663697,-1.006869,-0.343969,1.319833,1.226929,-0.410777,0.222000,-0.065708,-0.105073,0.103379,0.532272,0.809529,-0.131524,-1.820826,-0.225941,1.948904,-1.805394,-0.113654,2.197229,0.225306,0.332913,0.144166,-0.262918,-0.024505,0.892721,0.692085,-0.376759
16.459044,0.709334,0.665845,-1.012285,-0.342119,1.324625,1.227671,-0.411471,0.184329,-0.047248,-0.139679,0.093406,0.531762,0.806086,-0.131928,-1.820497,-0.225794,1.948641,-1.805417,-0.112753,2.197919,0.224929,0.330612,0.144508,-0.264020,-0.023600,0.895338,0.689200,-0.376222
16.459969,0.710527,0.659421,-1.015426,-0.343757,1.328260,1.225200,-0.410321,0.153384,-0.030244,-0.168384,0.083966,0.531115,0.802771,-0.132373,-1.820161,-0.225652,1.948386,-1.805446,-0.111880,2.198600,0.224560,0.333366,0.143037,-0.261626,-0.025686,0.890515,0.688473,-0.375018
16.461019,0.706076,0.656600,-1.017866,-0.342710,1.333598,1.224106,-0.411962,0.124254,-0.011957,-0.195967,0.075855,0.530301,0.799791,-0.132874,-1.819831,-0.225501,1.948127,-1.805466,-0.111001,2.199296,0.224176,0.331965,0.145721,-0.260122,-0.024358,0.886222,0.690584,-0.377367
16.462070,0.708609,0.657358,-1.020531,-0.343232,1.332580,1.224225,-0.410218,0.094952,0.006434,-0.223803,0.067675,0.529306,0.797002,-0.133407,-1.819499,-0.225351,1.947867,-1.805494,-0.110139,2.199990,0.223802,0.333860,0.146714,-0.259375,-0.025721,0.881495,0.691793,-0.374295
16.462946,0.710149,0.656271,-1.025163,-0.343799,1.332567,1.224037,-0.410105,0.066484,0.023514,-0.250746,0.059153,0.528198,0.794384,-0.133936,-1.819169,-0.225208,1.947612,-1.805518,-0.109250,2.200677,0.223418,0.332237,0.146003,-0.258564,-0.025551,0.882928,0.691844,-0.378074
16.463985,0.703741,0.655241,-1.027280,-0.345604,1.335907,1.225349,-0.409979,0.040060,0.039941,-0.275924,0.051405,0.527126,0.792044,-0.134449,-1.818837,-0.225062,1.947359,-1.805542,-0.108367,2.201369,0.223040,0.330507,0.145967,-0.256197,-0.025195,0.881785,0.691462,-0.378217
16.465012,0.703577,0.651862,-1.027816,-0.342869,1.338197,1.226048,-0.408417,0.014476,0.056487,-0.300381,0.043963,0.526198,0.789812,-0.134928,-1.818503,-0.224914,1.947106,-1.805561,-0.107501,2.202052,0.222657,0.333339,0.146100,-0.255657,-0.023860,0.878900,0.690289,-0.378678
16.465940,0.704530,0.648676,-1.028754,-0.343783,1.337050,1.227884,-0.408371,-0.036358,0.089547,-0.348943,0.031086,0.525403,0.785421,-0.135700,-1.817840,-0.224616,1.946595,-1.805617,-0.105744,2.203435,0.221887,0.331700,0.148418,-0.255478,-0.026120,0.877404,0.687443,-0.382081
16.466987,0.708569,0.648163,-1.034836,-0.345744,1.334687,1.227424,-0.406890,-0.036358,0.089547,-0.348943,0.031086,0.525403,0.785421,-0.135700,-1.817840,-0.224616,1.946595,-1.805617,-0.105744,2.203435,0.221887,0.331700,0.148418,-0.255478,-0.026120,0.877404,0.687443,-0.382081
16.468032,0.705174,0.649601,-1.033713,-0.348280,1.335042,1.228449,-0.407131,-0.053781,0.101350,-0.365749,0.027124,0.525907,0.783390,-0.135983,-1.817517,-0.224468,1.946349,-1.805638,-0.104862,2.204116,0.221499,0.329406,0.148286,-0.253038,-0.024581,0.880184,0.688134,-0.385278
16.469014,0.700287,0.643178,-1.032284,-0.347952,1.330444,1.226006,-0.407039,-0.065897,0.109293,-0.377186,0.022585,0.527063,0.781118,-0.136181,-1.817182,-0.224323,1.946093,-1.805658,-0.103975,2.204803,0.221115,0.330735,0.147216,-0.254124,-0.022504,0.880106,0.687246,-0.384969
16.469935,0.702324,0.638163,-1.036930,-0.346696,1.324463,1.223949,-0.406759,-0.075268,0.113796,-0.385253,0.015636,0.528765,0.778399,-0.136296,-1.816850,-0.224166,1.945833,-1.805683,-0.103095,2.205488,0.220720,0.332593,0.149881,-0.255074,-0.023160,0.884587,0.689626,-0.385226
16.471023,0.698787,0.637753,-1.035528,-0.350255,1.326375,1.224292,-0.406308,-0.081887,0.113460,-0.389792,0.006364,0.530812,0.775363,-0.136360,-1.816522,-0.224010,1.945584,-1.805707,-0.102194,2.206179,0.220336,0.330784,0.151746,-0.252886,-0.024661,0.889664,0.691297,-0.385795
16.472047,0.698612,0.633289,-1.037310,-0.349159,1.322241,1.222483,-0.406605,-0.085340,0.107645,-0.390488,-0.004681,0.532966,0.772175,-0.136403,-1.816186,-0.223859,1.945326,-1.805724,-0.101296,2.206874,0.219947,0.332313,0.151562,-0.254236,-0.021649,0.888274,0.691217,-0.386965
16.472990,0.698904,0.629295,-1.036767,-0.349242,1.319072,1.221585,-0.406690,-0.086296,0.096840,-0.387918,-0.017980,0.534974,0.768834,-0.136450,-1.815857,-0.223700,1.945075,-1.805750,-0.100405,2.207567,0.219565,0.331975,0.153270,-0.253813,-0.023089,0.892560,0.693079,-0.386543
16.474028,0.698816,0.627862,-1.035818,-0.347971,1.321530,1.219650,-0.406776,-0.083337,0.080832,-0.380983,-0.032567,0.536654,0.765543,-0.136529,-1.815526,-0.223544,1.944819,-1.805776,-0.099499,2.208269,0.219180,0.331105,0.154653,-0.254244,-0.023216,0.894943,0.693609,-0.386412
16.475015,0.701080,0.627351,-1.035511,-0.348283,1.317551,1.216489,-0.407858,-0.073653,0.059542,-0.367572,-0.046149,0.537979,0.762665,-0.136639,-1.815200,-0.223388,1.944562,-1.805803,-0.098619,2.208962,0.218789,0.330836,0.154868,-0.255188,-0.024792,0.892766,0.695648,-0.386417
16.476005,0.696263,0.629151,-1.032649,-0.349080,1.314361,1.217131,-0.408061,-0.055772,0.034213,-0.346827,-0.056870,0.539027,0.760424,-0.136754,-1.814871,-0.223233,1.944306,-1.805828,-0.097710,2.209668,0.218408,0.329150,0.154585,-0.255628,-0.024763,0.896390,0.698620,-0.384362
16.477192,0.695795,0.628035,-1.036688,-0.350164,1.317874,1.217064,-0.408490,-0.031153,0.007292,-0.320407,-0.064320,0.539839,0.758803,-0.136859,-1.814535,-0.223082,1.944044,-1.805851,-0.096797,2.210370,0.218024,0.330985,0.153183,-0.257316,-0.024299,0.899148,0.697777,-0.384094
16.477972,0.694053,0.628799,-1.035019,-0.351969,1.312838,1.215431,-0.407965,-0.004931,-0.017865,-0.293091,-0.069518,0.540379,0.757612,-0.136965,-1.814206,-0.222928,1.943795,-1.805875,-0.095914,2.211064,0.217637,0.331350,0.153488,-0.256330,-0.023710,0.897190,0.698554,-0.383671
16.479033,0.695340,0.626169,-1.032446,-0.348355,1.321967,1.214127,-0.409013,0.018516,-0.039174,-0.268760,-0.073990,0.540586,0.756620,-0.137087,-1.813874,-0.222780,1.943536,-1.805895,-0.095004,2.211767,0.217255,0.330929,0.152355,-0.256733,-0.022104,0.900033,0.699159,-0.384509
16.480067,0.698351,0.621594,-1.035996,-0.349807,1.320801,1.219478,-0.408697,0.041039,-0.057188,-0.245790,-0.077157,0.540502,0.755920,-0.137215,-1.813548,-0.222625,1.943272,-1.805929,-0.094135,2.212474,0.216875,0.330037,0.153242,-0.258494,-0.025934,0.891424,0.700568,-0.382644
16.481054,0.694099,0.618914,-1.034302,-0.348619,1.321946,1.218093,-0.407566,0.068084,-0.074466,-0.219397,-0.076739,0.540260,0.755880,-0.137339,-1.813221,-0.222468,1.943017,-1.805953,-0.093241,2.213158,0.216494,0.328171,0.155045,-0.257161,-0.024793,0.892846,0.695279,-0.383510
16.482131,0.697451,0.616637,-1.031275,-0.349146,1.327880,1.220922,-0.408692,0.100841,-0.093088,-0.188244,-0.072906,0.539930,0.756489,-0.137472,-1.812889,-0.222311,1.942757,-1.805982,-0.092347,2.213858,0.216104,0.329747,0.155798,-0.258286,-0.026183,0.891408,0.696562,-0.385879
16.482999,0.696475,0.614090,-1.038588,-0.351690,1.327242,1.219211,-0.409082,0.138838,-0.114028,-0.152411,-0.066799,0.539589,0.757549,-0.137619,-1.812568,-0.222151,1.942490,-1.806007,-0.091462,2.214541,0.215721,0.327911,0.156453,-0.260276,-0.026014,0.886047,0.694002,-0.383853
16.484041,0.697146,0.617383,-1.035486,-0.352059,1.323593,1.220556,-0.408076,0.181029,-0.137605,-0.112533,-0.059998,0.539280,0.758792,-0.137774,-1.812241,-0.221994,1.942242,-1.806026,-0.090588,2.215241,0.215342,0.327493,0.157000,-0.256549,-0.023786,0.885628,0.695102,-0.383023
16.485029,0.697683,0.620256,-1.041115,-0.351256,1.323271,1.222777,-0.409509,0.222489,-0.161477,-0.072994,-0.054474,0.538964,0.759899,-0.137964,-1.811914,-0.221842,1.941978,-1.806050,-0.089684,2.215935,0.214953,0.326831,0.154892,-0.258550,-0.023805,0.889445,0.693834,-0.385251
16.486003,0.696523,0.618452,-1.039560,-0.352645,1.322929,1.222483,-0.409503,0.259282,-0.181109,-0.038073,-0.048880,0.538670,0.761051,-0.138218,-1.811591,-0.221695,1.941728,-1.806076,-0.088805,2.216613,0.214577,0.326092,0.153016,-0.256075,-0.024879,0.889629,0.691576,-0.382487
16.487071,0.696360,0.621761,-1.035949,-0.352665,1.323295,1.224772,-0.410136,0.289655,-0.193777,-0.009968,-0.041508,0.538395,0.762524,-0.138531,-1.811266,-0.221539,1.941468,-1.806099,-0.087910,2.217311,0.214194,0.326154,0.153373,-0.257089,-0.023814,0.889575,0.691693,-0.382624
16.488066,0.697859,0.617936,-1.039624,-0.352393,1.323768,1.222476,-0.410631,0.315067,-0.201054,0.012873,-0.033063,0.538056,0.764321,-0.138854,-1.810944,-0.221390,1.941202,-1.806124,-0.087028,2.217995,0.213810,0.326057,0.151331,-0.259365,-0.024158,0.889781,0.689644,-0.381600
16.488968,0.695334,0.617663,-1.036012,-0.352475,1.320702,1.220971,-0.410724,0.338815,-0.205595,0.033736,-0.023941,0.537607,0.766488,-0.139141,-1.810621,-0.221235,1.940950,-1.806150,-0.086140,2.218690,0.213434,0.324855,0.152736,-0.257860,-0.024716,0.889173,0.691888,-0.380773
16.489955,0.695923,0.617563,-1.036138,-0.349853,1.324286,1.218571,-0.411984,0.362154,-0.209368,0.053994,-0.014582,0.537029,0.768967,-0.139371,-1.810291,-0.221081,1.940683,-1.806175,-0.085234,2.219391,0.213056,0.325297,0.152209,-0.259581,-0.024832,0.891134,0.692860,-0.380590
16.491007,0.691006,0.612458,-1.034847,-0.349631,1.316774,1.219177,-0.411938,0.385815,-0.213155,0.074305,-0.004616,0.536373,0.771736,-0.139531,-1.809970,-0.220929,1.940427,-1.806208,-0.084359,2.220086,0.212687,0.324547,0.151753,-0.259796,-0.027578,0.887421,0.695143,-0.378224
16.492181,0.696454,0.612760,-1.034314,-0.352747,1.319127,1.217950,-0.413558,0.409806,-0.217027,0.094523,0.006942,0.535699,0.774844,-0.139624,-1.809640,-0.220771,1.940162,-1.806236,-0.083449,2.220779,0.212308,0.326706,0.153843,-0.260866,-0.028074,0.895198,0.694651,-0.378589
16.493123,0.699526,0.613050,-1.033551,-0.354091,1.321647,1.218385,-0.413054,0.434660,-0.223643,0.115788,0.017960,0.534926,0.777902,-0.139667,-1.809318,-0.220617,1.939898,-1.806257,-0.082567,2.221482,0.211939,0.324128,0.153384,-0.261969,-0.025483,0.894255,0.696485,-0.375808
16.493998,0.697171,0.611694,-1.027997,-0.351341,1.315464,1.221476,-0.412109,0.463483,-0.236211,0.141718,0.025664,0.533998,0.780433,-0.139684,-1.809002,-0.220468,1.939635,-1.806278,-0.081675,2.222172,0.211557,0.322063,0.152703,-0.262409,-0.024490,0.891076,0.695741,-0.376903
16.495143,0.694879,0.615264,-1.027641,-0.353250,1.318504,1.222755,-0.412368,0.498870,-0.254633,0.174401,0.031377,0.532998,0.782619,-0.139727,-1.808680,-0.220315,1.939363,-1.806312,-0.080763,2.222864,0.211178,0.322418,0.152726,-0.264930,-0.027246,0.895915,0.692050,-0.378747
16.496001,0.696687,0.614067,-1.021749,-0.352443,1.316957,1.220873,-0.413090,0.538795,-0.275497,0.211231,0.037883,0.532019,0.784921,-0.139837,-1.808356,-0.220166,1.939097,-1.806334,-0.079877,2.223548,0.210800,0.323647,0.150659,-0.265812,-0.025799,0.894019,0.691377,-0.378614
16.497021,0.695374,0.613393,-1.020476,-0.352446,1.317193,1.215221,-0.413266,0.580542,-0.296236,0.249505,0.045629,0.531124,0.787467,-0.140007,-1.808039,-0.220018,1.938824,-1.806361,-0.078980,2.224249,0.210430,0.321876,0.150643,-0.268433,-0.026770,0.894155,0.692588,-0.377114
16.497967,0.698500,0.612319,-1.021903,-0.352410,1.316362,1.213543,-0.413614,0.625099,-0.317667,0.290321,0.054045,0.530366,0.790212,-0.140209,-1.807714,-0.219864,1.938550,-1.806389,-0.078075,2.224960,0.210054,0.322175,0.150493,-0.269250,-0.026998,0.893833,0.698188,-0.376979
16.499046,0.689749,0.610147,-1.016860,-0.355127,1.315108,1.210475,-0.414555,0.672135,-0.340286,0.333527,0.062551,0.529753,0.793064,-0.140429,-1.807400,-0.219715,1.938287,-1.806419,-0.077185,2.225654,0.209680,0.320088,0.150503,-0.268590,-0.027187,0.894095,0.699532,-0.376363
16.499998,0.691793,0.607981,-1.017330,-0.352708,1.317231,1.207782,-0.413475,0.717971,-0.363669,0.376139,0.069053,0.529219,0.795682,-0.140658,-1.807067,-0.219561,1.938011,-1.806439,-0.076290,2.226361,0.209308,0.324259,0.151187,-0.271524,-0.024929,0.895897,0.702792,-0.374790
16.501131,0.685540,0.606237,-1.014720,-0.353768,1.318644,1.212860,-0.413558,0.759548,-0.387669,0.415729,0.071881,0.528673,0.797759,-0.140886,-1.806751,-0.219404,1.937737,-1.806472,-0.075408,2.227063,0.208925,0.322670,0.151656,-0.271223,-0.027468,0.893285,0.705156,-0.377048
16.502025,0.690057,0.606438,-1.018780,-0.355024,1.318954,1.210970,-0.414599,0.796011,-0.411279,0.451212,0.072555,0.528102,0.799461,-0.141117,-1.806417,-0.219252,1.937459,-1.806498,-0.074510,2.227764,0.208549,0.325754,0.152213,-0.273083,-0.026771,0.892865,0.700432,-0.377255
16.503005,0.687732,0.601020,-1.014727,-0.355380,1.322578,1.211979,-0.414060,0.826570,-0.433118,0.481548,0.072318,0.527454,0.800963,-0.141347,-1.806097,-0.219102,1.937192,-1.806522,-0.073619,2.228476,0.208178,0.322679,0.151494,-0.270856,-0.025743,0.891498,0.701774,-0.375162
16.504066,0.683431,0.597091,-1.008100,-0.353514,1.327387,1.210809,-0.415537,0.852608,-0.453949,0.508040,0.070823,0.526613,0.802213,-0.141563,-1.805773,-0.218945,1.936915,-1.806549,-0.072743,2.229171,0.207801,0.323385,0.153654,-0.272948,-0.025641,0.887712,0.700576,-0.376406
16.505033,0.686500,0.595498,-1.014654,-0.352943,1.330535,1.210531,-0.414915,0.878820,-0.476987,0.535112,0.068350,0.525554,0.803299,-0.141753,-1.805444,-0.218787,1.936629,-1.806581,-0.071862,2.229878,0.207431,0.325260,0.155140,-0.276476,-0.027713,0.883410,0.701866,-0.373708
16.506000,0.683530,0.596214,-1.004058,-0.352658,1.329916,1.208225,-0.415337,0.906803,-0.502573,0.563948,0.066490,0.524349,0.804507,-0.141891,-1.805128,-0.218629,1.936360,-1.806612,-0.071003,2.230574,0.207053,0.323236,0.155313,-0.273199,-0.028405,0.880189,0.701914,-0.375099
16.507155,0.690088,0.594098,-1.009876,-0.353464,1.335630,1.207207,-0.415398,0.935855,-0.528383,0.593365,0.066804,0.523124,0.806059,-0.141965,-1.804800,-0.218478,1.936070,-1.806642,-0.070118,2.231278,0.206682,0.324161,0.154417,-0.278411,-0.028829,0.880485,0.703972,-0.374367
16.507977,0.686538,0.591259,-1.001042,-0.351502,1.333874,1.210722,-0.415882,0.967709,-0.554392,0.624854,0.069190,0.522038,0.807881,-0.141969,-1.804483,-0.218322,1.935795,-1.806671,-0.069244,2.231990,0.206303,0.321020,0.155159,-0.276071,-0.028357,0.876140,0.705435,-0.374675
16.509017,0.685775,0.595594,-1.001928,-0.352890,1.335947,1.211731,-0.416899,1.004533,-0.581700,0.660421,0.073622,0.521243,0.809903,-0.141907,-1.804160,-0.218165,1.935512,-1.806707,-0.068358,2.232683,0.205933,0.321807,0.155798,-0.279951,-0.030233,0.876313,0.701068,-0.373588
16.509951,0.687592,0.595427,-1.001690,-0.355507,1.334052,1.213844,-0.415670,1.044970,-0.608671,0.698616,0.080819,0.520901,0.812134,-0.141788,-1.803838,-0.218018,1.935232,-1.806735,-0.067492,2.233382,0.205566,0.321912,0.153217,-0.279671,-0.029086,0.874710,0.700154,-0.371819
16.510938,0.684880,0.598309,-0.993036,-0.354826,1.329887,1.212965,-0.417795,1.084030,-0.631797,0.734920,0.089623,0.521119,0.814249,-0.141630,-1.803524,-0.217865,1.934950,-1.806757,-0.066631,2.234080,0.205183,0.320446,0.152733,-0.279589,-0.026768,0.876236,0.697656,-0.374351
16.512081,0.684690,0.594465,-1.000367,-0.356750,1.331325,1.216103,-0.415986,1.120064,-0.650297,0.768135,0.098196,0.521936,0.815842,-0.141450,-1.803199,-0.217720,1.934661,-1.806786,-0.065738,2.234775,0.204823,0.321331,0.150858,-0.283864,-0.027673,0.880174,0.698442,-0.370248
16.512964,0.682697,0.590947,-0.995156,-0.357433,1.327095,1.215890,-0.415248,1.152823,-0.664679,0.798238,0.105754,0.523341,0.816743,-0.141266,-1.802874,-0.217564,1.934383,-1.806809,-0.064851,2.235467,0.204441,0.321475,0.152462,-0.280699,-0.026202,0.879873,0.695794,-0.374330
16.513969,0.676057,0.591700,-0.997805,-0.358858,1.326317,1.217564,-0.415319,1.179982,-0.675888,0.823527,0.110658,0.525196,0.816717,-0.141097,-1.802554,-0.217407,1.934092,-1.806837,-0.063972,2.236150,0.204061,0.321671,0.153508,-0.282880,-0.025671,0.883110,0.695542,-0.375737
16.515140,0.677218,0.584784,-0.995701,-0.358873,1.329838,1.221380,-0.413936,1.199102,-0.684362,0.842120,0.111371,0.527309,0.815584,-0.140936,-1.802224,-0.217259,1.933817,-1.806858,-0.063085,2.236840,0.203687,0.324536,0.152677,-0.281652,-0.024627,0.883828,0.693824,-0.375768
16.516172,0.675932,0.586997,-1.001284,-0.359014,1.325125,1.225865,-0.415190,1.208819,-0.689810,0.852783,0.107885,0.529531,0.813483,-0.140772,-1.801900,-0.217097,1.933527,-1.806884,-0.062197,2.237532,0.203300,0.324079,0.155795,-0.283254,-0.025064,0.881688,0.690630,-0.378981
16.516985,0.669915,0.580104,-0.999124,-0.358615,1.321883,1.223708,-0.413604,1.210741,-0.692770,0.856684,0.101781,0.531765,0.810860,-0.140598,-1.801577,-0.216946,1.933252,-1.806911,-0.061313,2.238205,0.202930,0.324427,0.154207,-0.280643,-0.025199,0.886715,0.686322,-0.376665
16.518079,0.672582,0.584808,-0.995549,-0.360079,1.325172,1.220988,-0.414806,1.204454,-0.692078,0.852953,0.094731,0.533911,0.808109,-0.140413,-1.801245,-0.216784,1.932969,-1.806937,-0.060415,2.238899,0.202544,0.326271,0.156838,-0.281140,-0.025710,0.888086,0.687699,-0.379708
16.519056,0.667841,0.585984,-1.003202,-0.361539,1.321133,1.220592,-0.412548,1.191390,-0.688216,0.842859,0.086846,0.535901,0.805319,-0.140219,-1.800920,-0.216635,1.932681,-1.806959,-0.059537,2.239588,0.202169,0.324784,0.154100,-0.283214,-0.024705,0.885601,0.690774,-0.377584
16.520003,0.664405,0.585327,-1.000816,-0.362036,1.316018,1.219104,-0.413364,1.172244,-0.680488,0.826962,0.077855,0.537713,0.802443,-0.140017,-1.800593,-0.216485,1.932406,-1.806981,-0.058638,2.240280,0.201781,0.326641,0.153041,-0.279366,-0.023596,0.889296,0.690987,-0.382250
16.521073,0.665321,0.587818,-1.003903,-0.361180,1.319949,1.217443,-0.415570,1.142078,-0.665414,0.800446,0.067437,0.539256,0.799355,-0.139816,-1.800263,-0.216332,1.932125,-1.807005,-0.057729,2.240975,0.201401,0.327664,0.152804,-0.280476,-0.023384,0.893658,0.692187,-0.380619
16.522056,0.666543,0.590815,-1.003011,-0.364347,1.318578,1.220555,-0.415406,1.100977,-0.642651,0.763129,0.056533,0.540428,0.796099,-0.139612,-1.799942,-0.216182,1.931853,-1.807031,-0.056854,2.241665,0.201030,0.327023,0.151172,-0.279301,-0.024601,0.890300,0.694096,-0.376487
16.523060,0.669770,0.587267,-1.002628,-0.364465,1.322491,1.223657,-0.416991,1.053604,-0.613519,0.719041,0.046863,0.541199,0.792869,-0.139402,-1.799616,-0.216037,1.931570,-1.807047,-0.055953,2.242352,0.200650,0.325891,0.149242,-0.279726,-0.021898,0.891350,0.690828,-0.376985
16.524012,0.663175,0.586988,-1.007097,-0.362436,1.321804,1.223173,-0.417085,1.006131,-0.581729,0.674130,0.038577,0.541544,0.789773,-0.139190,-1.799297,-0.215885,1.931288,-1.807068,-0.055079,2.243034,0.200279,0.323919,0.150560,-0.279962,-0.022212,0.887477,0.687746,-0.373980
16.524990,0.665668,0.585141,-1.003623,-0.364763,1.324778,1.221284,-0.417907,0.961302,-0.549765,0.631025,0.032419,0.541496,0.787088,-0.138984,-1.798966,-0.215737,1.931015,-1.807097,-0.054193,2.243717,0.199906,0.326573,0.150179,-0.277676,-0.024432,0.887716,0.688056,-0.373922
16.526056,0.665345,0.584785,-1.010269,-0.362734,1.330219,1.219739,-0.417540,0.917183,-0.517243,0.587889,0.028852,0.541174,0.785024,-0.138801,-1.798642,-0.215586,1.930731,-1.807116,-0.053305,2.244415,0.199531,0.324780,0.150606,-0.279387,-0.022487,0.884427,0.689775,-0.372399
16.527057,0.662436,0.582850,-1.009248,-0.364975,1.325343,1.212600,-0.419507,0.874461,-0.485353,0.545596,0.027184,0.540763,0.783597,-0.138625,-1.798319,-0.215435,1.930465,-1.807145,-0.052435,2.245108,0.199156,0.324767,0.150383,-0.276465,-0.024833,0.879647,0.691527,-0.373443
16.528186,0.661868,0.582470,-1.014335,-0.365490,1.325285,1.208471,-0.419281,0.832241,-0.454344,0.503534,0.026618,0.540389,0.782688,-0.138444,-1.797990,-0.215285,1.930186,-1.807164,-0.051543,2.245817,0.198798,0.325737,0.150899,-0.277083,-0.022992,0.884491,0.698560,-0.369705
16.528984,0.657885,0.580493,-1.011845,-0.364547,1.324663,1.207985,-0.418695,0.787458,-0.424161,0.459382,0.024761,0.539993,0.781788,-0.138285,-1.797660,-0.215135,1.929914,-1.807188,-0.050648,2.246532,0.198427,0.325955,0.150785,-0.275103,-0.022936,0.885494,0.702990,-0.370610
16.529947,0.653319,0.582641,-1.016254,-0.365049,1.321915,1.208736,-0.420098,0.739274,-0.394878,0.412548,0.020956,0.539492,0.780623,-0.138205,-1.797335,-0.214985,1.929639,-1.807213,-0.049770,2.247229,0.198057,0.326814,0.151046,-0.275798,-0.024018,0.884328,0.702510,-0.371638
16.530960,0.658015,0.582091,-1.016601,-0.367336,1.323046,1.208585,-0.419821,0.686415,-0.364280,0.361386,0.017242,0.538853,0.779398,-0.138231,-1.797002,-0.214840,1.929368,-1.807236,-0.048877,2.247931,0.197692,0.328433,0.149496,-0.273608,-0.023805,0.886643,0.701476,-0.368950
16.531998,0.659230,0.583540,-1.020767,-0.366556,1.325339,1.208885,-0.419380,0.628673,-0.331172,0.305512,0.014307,0.538005,0.778192,-0.138356,-1.796684,-0.214689,1.929094,-1.807255,-0.047999,2.248629,0.197318,0.325734,0.149321,-0.273627,-0.021969,0.885613,0.701598,-0.369735
16.533008,0.657221,0.581372,-1.024440,-0.368908,1.324820,1.209639,-0.417847,0.570411,-0.297378,0.248950,0.012364,0.536954,0.777067,-0.138571,-1.796359,-0.214543,1.928827,-1.807281,-0.047118,2.249335,0.196953,0.324819,0.148216,-0.271868,-0.023087,0.883625,0.701306,-0.370897
16.534011,0.649734,0.577828,-1.021776,-0.366156,1.324348,1.206668,-0.419277,0.513524,-0.263685,0.193358,0.011734,0.535798,0.776156,-0.138853,-1.796027,-0.214392,1.928560,-1.807299,-0.046222,2.250043,0.196571,0.325351,0.148853,-0.270270,-0.021198,0.884080,0.700424,-0.374149
16.535140,0.655460,0.575273,-1.029610,-0.366682,1.322467,1.203032,-0.419761,0.398965,-0.198311,0.081224,0.012330,0.533590,0.774910,-0.139494,-1.795375,-0.214087,1.928027,-1.807354,-0.044447,2.251460,0.195834,0.325740,0.151092,-0.268556,-0.024034,0.887457,0.707298,-0.370901
16.536049,0.655825,0.575697,-1.029714,-0.369471,1.316068,1.205093,-0.420085,0.398965,-0.198311,0.081224,0.012330,0.533590,0.774910,-0.139494,-1.795375,-0.214087,1.928027,-1.807354,-0.044447,2.251460,0.195834,0.325740,0.151092,-0.268556,-0.024034,0.887457,0.707298,-0.370901
16.536966,0.654887,0.574702,-1.038755,-0.370173,1.316459,1.206777,-0.420532,0.344791,-0.170019,0.028388,0.012959,0.532653,0.774377,-0.139801,-1.795053,-0.213939,1.927758,-1.807372,-0.043548,2.252155,0.195462,0.324858,0.150304,-0.268417,-0.021608,0.892887,0.704727,-0.370287
16.538120,0.651511,0.577500,-1.037029,-0.371344,1.311261,1.211548,-0.418332,0.292903,-0.144734,-0.021852,0.012266,0.531790,0.773577,-0.140111,-1.794727,-0.213791,1.927505,-1.807395,-0.042653,2.252851,0.195097,0.324584,0.150257,-0.263944,-0.021217,0.891535,0.702619,-0.369466
16.539045,0.652474,0.576046,-1.041407,-0.371356,1.313359,1.211074,-0.420019,0.239280,-0.118899,-0.073534,0.010532,0.530974,0.772520,-0.140470,-1.794393,-0.213646,1.927237,-1.807413,-0.041739,2.253546,0.194715,0.326277,0.148640,-0.265598,-0.020654,0.897822,0.698381,-0.374324
16.539965,0.653036,0.575843,-1.046061,-0.369751,1.312535,1.215356,-0.420404,0.183484,-0.090819,-0.127317,0.008846,0.530177,0.771393,-0.140875,-1.794074,-0.213497,1.926979,-1.807436,-0.040854,2.254243,0.194348,0.325128,0.148829,-0.263430,-0.020922,0.894912,0.698501,-0.370948
16.540954,0.653646,0.577278,-1.043058,-0.372593,1.311521,1.212264,-0.421423,0.127854,-0.060464,-0.181313,0.009103,0.529434,0.770560,-0.141278,-1.793750,-0.213350,1.926723,-1.807462,-0.039954,2.254934,0.193982,0.324136,0.148388,-0.261173,-0.022759,0.894853,0.693787,-0.370282
16.542026,0.652820,0.573892,-1.047654,-0.371210,1.312677,1.212491,-0.421352,0.075407,-0.028778,-0.232824,0.012172,0.528815,0.770255,-0.141659,-1.793429,-0.213204,1.926456,-1.807477,-0.039067,2.255639,0.193613,0.323401,0.147237,-0.262897,-0.020397,0.895702,0.696772,-0.368414
16.543049,0.650660,0.570510,-1.049450,-0.372671,1.310037,1.211184,-0.423099,0.029344,0.001473,-0.278416,0.016333,0.528317,0.770292,-0.142034,-1.793102,-0.213055,1.926201,-1.807503,-0.038171,2.256330,0.193247,0.323609,0.148593,-0.261158,-0.022161,0.894992,0.696757,-0.368909
16.544109,0.648444,0.572953,-1.055325,-0.373974,1.311788,1.211073,-0.425631,-0.010330,0.028347,-0.317614,0.019821,0.527918,0.770474,-0.142398,-1.792773,-0.212902,1.925938,-1.807522,-0.037263,2.257033,0.192879,0.324279,0.149814,-0.260609,-0.021142,0.897578,0.698036,-0.365613
16.544997,0.647602,0.571236,-1.057658,-0.373271,1.312575,1.209639,-0.425117,-0.047623,0.052914,-0.353870,0.021161,0.527564,0.770628,-0.142727,-1.792451,-0.212756,1.925686,-1.807541,-0.036375,2.257723,0.192528,0.325189,0.148230,-0.258249,-0.020363,0.896234,0.698341,-0.360908
16.545956,0.644996,0.569687,-1.055770,-0.373328,1.311657,1.208936,-0.425046,-0.086699,0.078252,-0.391219,0.020271,0.527207,0.770711,-0.143035,-1.792127,-0.212609,1.925430,-1.807564,-0.035481,2.258427,0.192166,0.324774,0.148519,-0.257066,-0.021325,0.894302,0.699188,-0.362032
16.547068,0.645389,0.565900,-1.059833,-0.372323,1.317990,1.214173,-0.424959,-0.126176,0.104569,-0.428757,0.018562,0.526803,0.770870,-0.143383,-1.791798,-0.212457,1.925168,-1.807585,-0.034584,2.259134,0.191807,0.325448,0.148754,-0.258158,-0.021624,0.894713,0.699566,-0.362334
16.548116,0.645223,0.564356,-1.062907,-0.372971,1.323988,1.211654,-0.425541,-0.161654,0.129334,-0.462561,0.017342,0.526276,0.771308,-0.143817,-1.791473,-0.212303,1.924917,-1.807611,-0.033711,2.259818,0.191445,0.325195,0.150296,-0.256891,-0.023029,0.889369,0.694725,-0.362923
16.548998,0.645145,0.564459,-1.060238,-0.374379,1.325872,1.208018,-0.426557,-0.191433,0.151246,-0.491092,0.017500,0.525577,0.772175,-0.144351,-1.791147,-0.212153,1.924661,-1.807633,-0.032835,2.260522,0.191084,0.324986,0.150651,-0.255862,-0.022773,0.883818,0.697379,-0.362058
16.550080,0.641980,0.562992,-1.062678,-0.375381,1.327866,1.209255,-0.426501,-0.214990,0.169487,-0.513605,0.018189,0.524709,0.773256,-0.144954,-1.790830,-0.212003,1.924398,-1.807652,-0.031971,2.261221,0.190727,0.324255,0.149969,-0.257076,-0.021691,0.881067,0.700432,-0.360059
16.551078,0.638394,0.559449,-1.062153,-0.374065,1.330946,1.210704,-0.427111,-0.232457,0.183588,-0.529924,0.017759,0.523716,0.774207,-0.145583,-1.790500,-0.211852,1.924144,-1.807673,-0.031090,2.261923,0.190366,0.325639,0.150344,-0.256483,-0.021183,0.879802,0.699373,-0.360562
16.552008,0.637387,0.556836,-1.066997,-0.374050,1.327788,1.209368,-0.426075,-0.245966,0.194469,-0.542129,0.016246,0.522720,0.775042,-0.146217,-1.790167,-0.211697,1.923884,-1.807697,-0.030212,2.262615,0.190000,0.326882,0.151597,-0.257048,-0.022824,0.876694,0.697847,-0.359536
16.553099,0.637464,0.558289,-1.067508,-0.374205,1.327401,1.205653,-0.427347,-0.257670,0.203386,-0.552527,0.014986,0.521862,0.776019,-0.146833,-1.789844,-0.211544,1.923636,-1.807722,-0.029338,2.263311,0.189646,0.326705,0.152298,-0.254800,-0.023070,0.879344,0.698836,-0.361778
16.554011,0.635320,0.557015,-1.061875,-0.374448,1.329393,1.206099,-0.426090,-0.268915,0.211572,-0.562569,0.014649,0.521244,0.777250,-0.147394,-1.789516,-0.211394,1.923376,-1.807746,-0.028453,2.264026,0.189292,0.326512,0.151210,-0.255181,-0.023323,0.880463,0.702755,-0.359605
16.555005,0.631810,0.554844,-1.059033,-0.372880,1.326989,1.198864,-0.426762,-0.277957,0.218835,-0.570682,0.015344,0.520976,0.778734,-0.147880,-1.789194,-0.211241,1.923111,-1.807770,-0.027590,2.264740,0.188920,0.326871,0.151245,-0.257951,-0.023325,0.877819,0.701709,-0.362201
16.556119,0.631474,0.554805,-1.060221,-0.373184,1.323119,1.195847,-0.428743,-0.280795,0.223076,-0.573051,0.017228,0.521152,0.780441,-0.148290,-1.788863,-0.211092,1.922849,-1.807798,-0.026702,2.265452,0.188562,0.328091,0.151866,-0.259612,-0.025135,0.880131,0.708814,-0.361051
16.557063,0.634723,0.552728,-1.062893,-0.374526,1.323612,1.193616,-0.428946,-0.276849,0.223591,-0.569046,0.020186,0.521795,0.782189,-0.148621,-1.788529,-0.210941,1.922587,-1.807823,-0.025803,2.266171,0.188213,0.328099,0.151549,-0.259660,-0.025243,0.884831,0.712039,-0.357538
16.558008,0.635417,0.548600,-1.058464,-0.374600,1.320271,1.193381,-0.429896,-0.267648,0.220821,-0.559935,0.023473,0.522854,0.783705,-0.148879,-1.788210,-0.210787,1.922335,-1.807846,-0.024932,2.266885,0.187856,0.325885,0.152006,-0.258512,-0.024188,0.883876,0.713833,-0.357314
16.559074,0.633763,0.548436,-1.063420,-0.375324,1.317666,1.193698,-0.429848,-0.251226,0.212782,-0.543572,0.026168,0.524213,0.784799,-0.149097,-1.787887,-0.210630,1.922070,-1.807871,-0.024036,2.267597,0.187507,0.324938,0.153465,-0.260814,-0.024358,0.886595,0.713644,-0.355585
16.559942,0.632901,0.543962,-1.058167,-0.375129,1.312462,1.191837,-0.429648,-0.226827,0.198558,-0.519196,0.028057,0.525742,0.785456,-0.149311,-1.787560,-0.210475,1.921814,-1.807895,-0.023147,2.268319,0.187152,0.325532,0.153087,-0.258854,-0.024017,0.889688,0.713352,-0.356065
16.561052,0.636472,0.544352,-1.058684,-0.373083,1.313818,1.196466,-0.430501,-0.197416,0.179991,-0.489765,0.029259,0.527304,0.785734,-0.149550,-1.787236,-0.210319,1.921552,-1.807920,-0.022249,2.269034,0.186796,0.325067,0.154627,-0.261346,-0.024416,0.893553,0.714491,-0.356494
16.562012,0.637790,0.544631,-1.060167,-0.374041,1.314835,1.190295,-0.431720,-0.161664,0.157420,-0.454488,0.031474,0.528831,0.785970,-0.149827,-1.786914,-0.210167,1.921287,-1.807951,-0.021349,2.269742,0.186442,0.323237,0.154069,-0.261687,-0.026727,0.892909,0.710097,-0.355212
16.562968,0.635904,0.541136,-1.062156,-0.373805,1.307042,1.191041,-0.432387,-0.118332,0.132226,-0.412842,0.037057,0.530376,0.786573,-0.150131,-1.786597,-0.210013,1.921023,-1.807974,-0.020461,2.270460,0.186092,0.322097,0.153362,-0.261048,-0.026059,0.891450,0.715991,-0.352972
16.564002,0.635136,0.538751,-1.062427,-0.374959,1.306596,1.194823,-0.430430,-0.071714,0.107045,-0.368880,0.045245,0.531949,0.787404,-0.150457,-1.786270,-0.209856,1.920768,-1.808002,-0.019548,2.271171,0.185746,0.322441,0.154523,-0.260249,-0.026497,0.898598,0.714820,-0.351867
16.564958,0.632313,0.543199,-1.060880,-0.375675,1.302542,1.196919,-0.432261,-0.026039,0.082568,-0.326148,0.053879,0.533462,0.788156,-0.150832,-1.785948,-0.209700,1.920506,-1.808027,-0.018641,2.271881,0.185381,0.322527,0.155212,-0.260510,-0.025664,0.898996,0.710977,-0.356106
16.566035,0.635751,0.543637,-1.062540,-0.377204,1.305466,1.200749,-0.431040,0.016014,0.060145,-0.287029,0.062214,0.534840,0.788766,-0.151257,-1.785626,-0.209549,1.920243,-1.808051,-0.017737,2.272577,0.185032,0.323381,0.152422,-0.261402,-0.025255,0.902452,0.708633,-0.352570
16.567036,0.632790,0.539909,-1.060636,-0.378994,1.305989,1.200961,-0.430182,0.053054,0.042086,-0.252968,0.070525,0.536000,0.789251,-0.151695,-1.785304,-0.209401,1.919982,-1.808073,-0.016839,2.273282,0.184678,0.321501,0.151885,-0.261104,-0.024160,0.899956,0.704968,-0.355464
16.568110,0.633911,0.536195,-1.062174,-0.379449,1.311082,1.205358,-0.429280,0.086484,0.027089,-0.222340,0.077867,0.536793,0.789440,-0.152121,-1.784984,-0.209246,1.919714,-1.808093,-0.015949,2.273978,0.184319,0.322628,0.153244,-0.262285,-0.022788,0.899354,0.704710,-0.357407
16.569013,0.631118,0.532142,-1.061316,-0.378835,1.316119,1.203162,-0.429418,0.118562,0.011329,-0.192401,0.082401,0.537080,0.789096,-0.152549,-1.784663,-0.209091,1.919454,-1.808117,-0.015062,2.274676,0.183955,0.321904,0.154671,-0.262046,-0.022744,0.894790,0.700476,-0.359554
16.569969,0.632595,0.534529,-1.062639,-0.378425,1.318540,1.202784,-0.429607,0.150522,-0.007148,-0.161901,0.084212,0.536879,0.788290,-0.152974,-1.784339,-0.208932,1.919190,-1.808142,-0.014177,2.275381,0.183597,0.322547,0.155994,-0.262395,-0.023576,0.888825,0.702196,-0.359336
16.571085,0.635074,0.538154,-1.061900,-0.379858,1.318320,1.206952,-0.428602,0.182058,-0.027060,-0.131622,0.085144,0.536393,0.787279,-0.153358,-1.784022,-0.208782,1.918931,-1.808167,-0.013303,2.276080,0.183243,0.321293,0.154242,-0.261884,-0.024259,0.886102,0.702276,-0.359143
16.572102,0.632767,0.538206,-1.057274,-0.381082,1.319610,1.207774,-0.430689,0.212568,-0.045377,-0.102800,0.087269,0.535884,0.786358,-0.153675,-1.783701,-0.208637,1.918665,-1.808187,-0.012415,2.276776,0.182877,0.320059,0.152175,-0.262890,-0.023322,0.887299,0.698455,-0.361582
16.572967,0.633658,0.541800,-1.057854,-0.382289,1.317851,1.206359,-0.427803,0.243031,-0.061346,-0.074684,0.090902,0.535490,0.785637,-0.153917,-1.783382,-0.208485,1.918394,-1.808206,-0.011541,2.277478,0.182525,0.320921,0.151699,-0.265437,-0.022573,0.886185,0.697614,-0.357639
16.574130,0.637266,0.539198,-1.055737,-0.384478,1.316352,1.205342,-0.427630,0.273609,-0.075489,-0.046821,0.094851,0.535251,0.784972,-0.154092,-1.783065,-0.208341,1.918134,-1.808225,-0.010645,2.278174,0.182156,0.319637,0.149310,-0.264950,-0.021675,0.886610,0.698409,-0.363477
16.575113,0.638626,0.540414,-1.051699,-0.384833,1.315526,1.209729,-0.429382,0.304916,-0.089219,-0.018257,0.097593,0.535107,0.784111,-0.154218,-1.782747,-0.208190,1.917863,-1.808245,-0.009749,2.278881,0.181785,0.318036,0.150388,-0.266753,-0.020068,0.889397,0.699950,-0.364238
16.576004,0.638418,0.540382,-1.054127,-0.385520,1.319361,1.204913,-0.430082,0.341014,-0.106296,0.015151,0.098199,0.534903,0.782914,-0.154291,-1.782434,-0.208043,1.917591,-1.808266,-0.008864,2.279564,0.181427,0.316995,0.149304,-0.268869,-0.020114,0.889996,0.695423,-0.360904
16.577032,0.636546,0.537565,-1.050402,-0.386604,1.318906,1.204991,-0.430202,0.382641,-0.127123,0.053973,0.097477,0.534571,0.781481,-0.154299,-1.782117,-0.207895,1.917328,-1.808285,-0.007983,2.280267,0.181073,0.316375,0.148736,-0.267501,-0.019766,0.885124,0.699753,-0.359601
16.578049,0.634957,0.537138,-1.050193,-0.386873,1.316909,1.207270,-0.430184,0.425919,-0.149670,0.094508,0.095581,0.534119,0.779753,-0.154269,-1.781799,-0.207745,1.917052,-1.808304,-0.007086,2.280970,0.180713,0.317067,0.149734,-0.269596,-0.019157,0.885700,0.699621,-0.359652
16.579047,0.639463,0.540245,-1.046297,-0.388036,1.316712,1.211818,-0.431961,0.468503,-0.173767,0.134733,0.091943,0.533558,0.777630,-0.154235,-1.781484,-0.207601,1.916782,-1.808324,-0.006201,2.281658,0.180354,0.317594,0.149563,-0.269924,-0.019331,0.887799,0.697349,-0.359958
16.579980,0.636638,0.539199,-1.041181,-0.390523,1.314529,1.209268,-0.431505,0.510952,-0.198940,0.174924,0.087887,0.532958,0.775392,-0.154202,-1.781173,-0.207457,1.916504,-1.808342,-0.005311,2.282341,0.180006,0.315020,0.147598,-0.271958,-0.018630,0.887854,0.692764,-0.356645
16.581000,0.633472,0.539380,-1.041535,-0.391547,1.314270,1.207853,-0.431659,0.555692,-0.225518,0.217276,0.084042,0.532352,0.773246,-0.154153,-1.780858,-0.207310,1.916222,-1.808356,-0.004409,2.283036,0.179643,0.315917,0.147627,-0.274327,-0.016631,0.889237,0.695028,-0.357711
16.582036,0.636601,0.543416,-1.039000,-0.391028,1.311303,1.209721,-0.434882,0.601150,-0.253571,0.260767,0.078574,0.531691,0.771036,-0.154085,-1.780539,-0.207166,1.915949,-1.808372,-0.003526,2.283740,0.179287,0.317194,0.147157,-0.274334,-0.016169,0.889627,0.696385,-0.357678
16.583010,0.634551,0.543221,-1.040234,-0.391611,1.311462,1.203671,-0.434444,0.643578,-0.280387,0.301748,0.071931,0.530976,0.768923,-0.154013,-1.780226,-0.207026,1.915669,-1.808393,-0.002625,2.284438,0.178944,0.315423,0.144823,-0.275798,-0.017128,0.892722,0.694537,-0.351530
16.584028,0.637279,0.542995,-1.038007,-0.391734,1.313127,1.201400,-0.434810,0.681994,-0.303267,0.338693,0.066630,0.530241,0.767290,-0.153965,-1.779911,-0.206883,1.915397,-1.808409,-0.001740,2.285140,0.178593,0.316058,0.144521,-0.275221,-0.017020,0.892235,0.700438,-0.352704
16.584998,0.631225,0.542094,-1.035815,-0.391746,1.308684,1.199832,-0.435276,0.716611,-0.322187,0.371707,0.063103,0.529480,0.766108,-0.153972,-1.779598,-0.206739,1.915116,-1.808426,-0.000845,2.285848,0.178240,0.314430,0.144271,-0.276459,-0.017409,0.890557,0.702588,-0.352248
16.586069,0.633624,0.543061,-1.030605,-0.391044,1.315540,1.198276,-0.436121,0.748002,-0.338440,0.401486,0.060895,0.528676,0.765230,-0.154036,-1.779280,-0.206594,1.914833,-1.808444,0.000046,2.286564,0.177887,0.317041,0.144276,-0.277463,-0.017852,0.894679,0.703816,-0.351528
16.587054,0.638665,0.543851,-1.032788,-0.393117,1.314640,1.198742,-0.434711,0.777219,-0.352892,0.429021,0.060405,0.527858,0.764656,-0.154154,-1.778965,-0.206454,1.914547,-1.808464,0.000922,2.287265,0.177546,0.315715,0.143534,-0.280309,-0.019043,0.888368,0.705553,-0.350261
16.587961,0.636807,0.545675,-1.027816,-0.395031,1.312136,1.197712,-0.435321,0.807679,-0.367069,0.457443,0.062215,0.527120,0.764371,-0.154322,-1.778656,-0.206309,1.914266,-1.808479,0.001821,2.287973,0.177185,0.312882,0.142717,-0.279180,-0.017484,0.889017,0.704843,-0.353328
16.589065,0.642886,0.544799,-1.024844,-0.395801,1.315336,1.203277,-0.435372,0.841108,-0.382057,0.488518,0.065263,0.526495,0.764149,-0.154523,-1.778343,-0.206169,1.913982,-1.808493,0.002707,2.288678,0.176834,0.313218,0.141329,-0.281382,-0.016044,0.890641,0.705366,-0.352179
16.590056,0.637124,0.539510,-1.015900,-0.395929,1.315594,1.198577,-0.435125,0.878690,-0.399049,0.523537,0.068374,0.525919,0.763867,-0.154734,-1.778038,-0.206028,1.913694,-1.808509,0.003591,2.289374,0.176479,0.310299,0.141558,-0.283187,-0.015898,0.888267,0.700084,-0.352522
16.591049,0.638081,0.534100,-1.011636,-0.396899,1.320586,1.197130,-0.435699,0.924390,-0.421515,0.566422,0.071261,0.525290,0.763579,-0.154952,-1.777726,-0.205879,1.913397,-1.808526,0.004469,2.290093,0.176124,0.312922,0.143757,-0.287500,-0.016279,0.887965,0.704624,-0.353259
16.592102,0.639077,0.531841,-1.011305,-0.397295,1.322105,1.200486,-0.436129,0.980125,-0.453214,0.619547,0.072391,0.524474,0.763114,-0.155178,-1.777412,-0.205730,1.913104,-1.808538,0.005349,2.290794,0.175777,0.312071,0.145997,-0.289484,-0.015899,0.882856,0.705896,-0.352367
16.593046,0.636369,0.532232,-1.012289,-0.395753,1.325032,1.199260,-0.435338,1.044601,-0.494746,0.681965,0.070986,0.523368,0.762418,-0.155402,-1.777097,-0.205582,1.912811,-1.808554,0.006231,2.291497,0.175424,0.311430,0.146742,-0.289712,-0.016087,0.881814,0.702584,-0.351863
16.594017,0.634142,0.533440,-1.009691,-0.396566,1.328593,1.200874,-0.433903,1.111759,-0.540657,0.747344,0.069165,0.522016,0.761843,-0.155645,-1.776786,-0.205435,1.912523,-1.808575,0.007094,2.292193,0.175064,0.312335,0.146036,-0.288979,-0.017976,0.878535,0.703535,-0.353605
16.594970,0.633876,0.534822,-1.010600,-0.397308,1.329004,1.200298,-0.434693,1.173091,-0.582970,0.806864,0.069447,0.520574,0.761706,-0.155950,-1.776469,-0.205293,1.912231,-1.808590,0.007968,2.292896,0.174698,0.312995,0.145016,-0.290110,-0.017669,0.874761,0.701647,-0.356651
16.596011,0.628781,0.532841,-1.006665,-0.398662,1.331013,1.203194,-0.434499,1.223684,-0.617149,0.855622,0.072290,0.519168,0.761998,-0.156319,-1.776157,-0.205149,1.911939,-1.808607,0.008846,2.293606,0.174342,0.312664,0.143862,-0.289390,-0.017372,0.873986,0.701883,-0.355196
16.597037,0.629332,0.530930,-1.005931,-0.400121,1.332002,1.201499,-0.433622,1.261886,-0.642515,0.892309,0.076421,0.517882,0.762504,-0.156715,-1.775840,-0.205001,1.911645,-1.808621,0.009705,2.294295,0.173985,0.315030,0.144491,-0.291413,-0.016626,0.872531,0.699086,-0.355918
16.598007,0.621204,0.536449,-1.009694,-0.399486,1.336284,1.201084,-0.433012,1.288812,-0.661500,0.918519,0.079787,0.516797,0.762924,-0.157107,-1.775522,-0.204854,1.911351,-1.808634,0.010575,2.294996,0.173622,0.314460,0.145049,-0.291733,-0.015771,0.871868,0.700815,-0.357951
16.599085,0.620672,0.534386,-1.010608,-0.402562,1.331055,1.205011,-0.434358,1.302351,-0.672979,0.932285,0.081934,0.516131,0.763167,-0.157471,-1.775203,-0.204716,1.911060,-1.808652,0.011432,2.295687,0.173258,0.318084,0.141891,-0.289656,-0.016883,0.867516,0.701036,-0.359333
16.599959,0.621712,0.532345,-1.009413,-0.400895,1.328402,1.202808,-0.434247,1.296538,-0.672273,0.927652,0.083468,0.516126,0.763356,-0.157771,-1.774882,-0.204574,1.910770,-1.808661,0.012315,2.296384,0.172908,0.318188,0.142687,-0.289422,-0.014526,0.873495,0.697297,-0.357010
16.601063,0.619563,0.529468,-1.008752,-0.401803,1.325827,1.201275,-0.432130,1.274732,-0.661921,0.907871,0.084317,0.516804,0.763568,-0.157970,-1.774565,-0.204430,1.910479,-1.808680,0.013198,2.297087,0.172552,0.316867,0.143144,-0.289511,-0.016574,0.874950,0.698908,-0.357293
16.601975,0.616206,0.527725,-1.007528,-0.404484,1.324061,1.200120,-0.433128,1.214590,-0.635107,0.853197,0.084080,0.519818,0.764069,-0.158087,-1.773923,-0.204142,1.909899,-1.808703,0.014963,2.298497,0.171820,0.318908,0.144692,-0.290379,-0.014203,0.879360,0.701377,-0.359960
16.602958,0.617607,0.525630,-1.002855,-0.404586,1.317350,1.201454,-0.433077,1.214590,-0.635107,0.853197,0.084080,0.519818,0.764069,-0.158087,-1.773923,-0.204142,1.909899,-1.808703,0.014963,2.298497,0.171820,0.318908,0.144692,-0.290379,-0.014203,0.879360,0.701377,-0.359960
16.604000,0.621994,0.526530,-1.005367,-0.404186,1.318272,1.198008,-0.432779,1.182611,-0.625036,0.825083,0.080083,0.521702,0.763893,-0.158049,-1.773611,-0.203995,1.909600,-1.808718,0.015848,2.299200,0.171456,0.317846,0.145294,-0.292501,-0.014665,0.885925,0.699825,-0.360270
16.604966,0.623346,0.525409,-1.006705,-0.405953,1.320405,1.197400,-0.432636,1.155334,-0.619794,0.801893,0.074692,0.523509,0.763540,-0.157997,-1.773298,-0.203854,1.909316,-1.808735,0.016730,2.299904,0.171097,0.315476,0.144517,-0.291360,-0.015597,0.885269,0.703362,-0.361179
16.605981,0.620626,0.528167,-1.006706,-0.404992,1.316287,1.200954,-0.433846,1.134282,-0.618323,0.784527,0.070018,0.525121,0.763215,-0.157968,-1.772981,-0.203709,1.909026,-1.808748,0.017618,2.300608,0.170733,0.314352,0.144637,-0.290526,-0.014371,0.882731,0.703664,-0.361624
16.607001,0.620789,0.526767,-1.005527,-0.406430,1.319006,1.199188,-0.433606,1.115756,-0.617121,0.769136,0.067044,0.526523,0.763073,-0.157974,-1.772667,-0.203567,1.908739,-1.808766,0.018521,2.301298,0.170372,0.315464,0.142891,-0.290550,-0.015830,0.886809,0.700082,-0.359430
16.607999,0.621087,0.530455,-1.011430,-0.407070,1.315907,1.199822,-0.432272,1.096155,-0.613100,0.752057,0.066660,0.527754,0.763364,-0.158037,-1.772351,-0.203421,1.908446,-1.808779,0.019394,2.302002,0.170015,0.315106,0.143226,-0.291114,-0.014984,0.884261,0.701850,-0.360217
16.608962,0.615601,0.532097,-1.012672,-0.408509,1.314978,1.194568,-0.433668,1.072977,-0.604598,0.730925,0.068596,0.528839,0.764128,-0.158162,-1.772036,-0.203285,1.908161,-1.808794,0.020295,2.302709,0.169647,0.314625,0.141049,-0.288121,-0.014895,0.887184,0.701034,-0.363106
16.610000,0.615413,0.536172,-1.009296,-0.410265,1.311334,1.195163,-0.433792,1.040805,-0.588333,0.700655,0.071786,0.529814,0.765254,-0.158335,-1.771715,-0.203147,1.907876,-1.808806,0.021179,2.303421,0.169293,0.316871,0.139867,-0.287387,-0.014044,0.887713,0.706015,-0.360454
16.611062,0.613291,0.535169,-1.017270,-0.408896,1.311958,1.188900,-0.434942,0.996867,-0.562726,0.658813,0.074872,0.530638,0.766561,-0.158527,-1.771396,-0.203011,1.907583,-1.808815,0.022076,2.304128,0.168931,0.316703,0.137578,-0.289129,-0.012997,0.891544,0.705363,-0.360525
16.612067,0.608919,0.531430,-1.021475,-0.408627,1.316771,1.188173,-0.435611,0.942980,-0.528943,0.607275,0.077587,0.531219,0.767959,-0.158726,-1.771081,-0.202871,1.907306,-1.808834,0.022957,2.304843,0.168574,0.317656,0.137842,-0.285389,-0.014909,0.891404,0.711751,-0.358550
16.613007,0.610106,0.525794,-1.016211,-0.410236,1.318700,1.190364,-0.436840,0.878345,-0.487244,0.545249,0.080753,0.531539,0.769466,-0.158921,-1.770757,-0.202730,1.907028,-1.808850,0.023839,2.305557,0.168223,0.319441,0.139376,-0.283406,-0.015682,0.886566,0.712252,-0.357501
16.614104,0.615468,0.524759,-1.018673,-0.409422,1.319425,1.187101,-0.435307,0.807168,-0.442510,0.477065,0.083868,0.531564,0.770965,-0.159091,-1.770439,-0.202584,1.906739,-1.808863,0.024722,2.306272,0.167871,0.318245,0.141693,-0.285815,-0.014596,0.884092,0.709581,-0.355198
16.615022,0.615202,0.526951,-1.026135,-0.412532,1.323128,1.186807,-0.435155,0.741834,-0.403720,0.414841,0.086423,0.531268,0.772337,-0.159231,-1.770128,-0.202440,1.906459,-1.808884,0.025615,2.306985,0.167512,0.315615,0.141927,-0.284942,-0.015926,0.884112,0.713119,-0.358723
16.615999,0.612618,0.531176,-1.028539,-0.413154,1.323306,1.188874,-0.437722,0.686184,-0.372353,0.362069,0.088780,0.530788,0.773534,-0.159336,-1.769812,-0.202303,1.906185,-1.808892,0.026478,2.307703,0.167152,0.315140,0.140403,-0.281032,-0.013409,0.879805,0.712824,-0.359092
16.616985,0.613236,0.530780,-1.027664,-0.415736,1.318237,1.190108,-0.438177,0.631965,-0.341572,0.310571,0.091038,0.530363,0.774547,-0.159381,-1.769497,-0.202168,1.905907,-1.808904,0.027363,2.308407,0.166803,0.316042,0.137966,-0.279851,-0.013393,0.879397,0.710502,-0.354144
16.617953,0.614865,0.529706,-1.030734,-0.416488,1.318719,1.185877,-0.438485,0.574577,-0.307493,0.255840,0.093127,0.530087,0.775439,-0.159369,-1.769182,-0.202032,1.905630,-1.808913,0.028244,2.309115,0.166447,0.315347,0.137869,-0.280352,-0.011471,0.884388,0.709068,-0.353502
16.618992,0.618206,0.526860,-1.028666,-0.417167,1.319957,1.186406,-0.438091,0.517623,-0.273024,0.201534,0.094226,0.529838,0.776135,-0.159348,-1.768866,-0.201894,1.905355,-1.808925,0.029127,2.309839,0.166096,0.314086,0.138037,-0.278799,-0.011315,0.883524,0.712967,-0.353106
16.619978,0.616226,0.526443,-1.034870,-0.417769,1.320049,1.191626,-0.436600,0.467190,-0.242981,0.153665,0.093929,0.529460,0.776552,-0.159353,-1.768560,-0.201752,1.905076,-1.808937,0.030001,2.310544,0.165737,0.312318,0.139158,-0.280063,-0.011309,0.882681,0.712413,-0.354210
16.621063,0.617637,0.525591,-1.039250,-0.417655,1.320903,1.192114,-0.435840,0.425859,-0.219015,0.114585,0.093347,0.528906,0.776863,-0.159404,-1.768242,-0.201615,1.904803,-1.808947,0.030885,2.311249,0.165378,0.312933,0.139019,-0.277022,-0.011357,0.882423,0.706948,-0.357427
16.622030,0.614535,0.524593,-1.041446,-0.419575,1.321543,1.193809,-0.435257,0.389230,-0.197765,0.079785,0.094041,0.528244,0.777317,-0.159507,-1.767936,-0.201473,1.904529,-1.808960,0.031759,2.311958,0.165015,0.312285,0.139200,-0.275260,-0.012128,0.882369,0.706696,-0.359300
16.622986,0.622404,0.520321,-1.047261,-0.420846,1.322484,1.191348,-0.435790,0.352524,-0.176081,0.044620,0.096298,0.527555,0.777892,-0.159629,-1.767620,-0.201334,1.904259,-1.808969,0.032642,2.312657,0.164656,0.313396,0.139311,-0.274221,-0.010854,0.881396,0.704747,-0.360642
16.624012,0.613949,0.520115,-1.045777,-0.424317,1.317153,1.194109,-0.432876,0.316401,-0.155385,0.010059,0.098608,0.526867,0.778260,-0.159752,-1.767313,-0.201189,1.903993,-1.808978,0.033529,2.313370,0.164294,0.309038,0.141007,-0.271382,-0.010241,0.879984,0.706884,-0.359704
16.624972,0.614614,0.520602,-1.045409,-0.424510,1.316759,1.193242,-0.433822,0.282575,-0.138341,-0.021767,0.098599,0.526168,0.778001,-0.159910,-1.766997,-0.201046,1.903716,-1.808980,0.034416,2.314059,0.163915,0.313097,0.140740,-0.272341,-0.007618,0.885541,0.704136,-0.365803
16.625996,0.614169,0.522538,-1.046107,-0.425474,1.315581,1.199188,-0.433415,0.249663,-0.124610,-0.051911,0.094841,0.525479,0.776868,-0.160116,-1.766685,-0.200907,1.903447,-1.808990,0.035307,2.314761,0.163558,0.312291,0.140108,-0.272558,-0.008089,0.885407,0.704751,-0.364012
16.627188,0.614361,0.521989,-1.055777,-0.428721,1.314899,1.204705,-0.433191,0.217643,-0.112224,-0.080811,0.089193,0.524912,0.775148,-0.160318,-1.766371,-0.200769,1.903173,-1.809000,0.036204,2.315453,0.163187,0.312291,0.138840,-0.272418,-0.007812,0.886623,0.698775,-0.365085
16.628012,0.613834,0.518708,-1.055543,-0.429625,1.313161,1.202171,-0.432503,0.185108,-0.098710,-0.110257,0.083519,0.524580,0.773269,-0.160488,-1.766059,-0.200626,1.902914,-1.809001,0.037090,2.316135,0.162822,0.312572,0.139008,-0.268513,-0.005588,0.888943,0.694059,-0.366065
16.628965,0.610911,0.517423,-1.055337,-0.431444,1.312009,1.200160,-0.430238,0.149118,-0.083163,-0.142908,0.076914,0.524473,0.771289,-0.160628,-1.765745,-0.200483,1.902647,-1.809006,0.037983,2.316836,0.162451,0.311904,0.140033,-0.268269,-0.005327,0.888967,0.695817,-0.367340
16.630015,0.611258,0.516254,-1.062500,-0.432474,1.312758,1.199388,-0.432293,0.111596,-0.068092,-0.176650,0.068109,0.524519,0.769071,-0.160735,-1.765435,-0.200342,1.902376,-1.809009,0.038867,2.317532,0.162066,0.312957,0.140249,-0.268380,-0.004299,0.889670,0.697552,-0.371956
16.631138,0.612100,0.514743,-1.061588,-0.434607,1.313497,1.202956,-0.432917,0.073493,-0.054447,-0.210508,0.056758,0.524702,0.766524,-0.160799,-1.765120,-0.200201,1.902118,-1.809014,0.039759,2.318232,0.161706,0.312622,0.140546,-0.265262,-0.004087,0.889224,0.698411,-0.368082
16.631967,0.609413,0.510321,-1.056071,-0.434971,1.313648,1.200416,-0.433708,0.034748,-0.041913,-0.244672,0.043351,0.524994,0.763669,-0.160796,-1.764806,-0.200057,1.901849,-1.809017,0.040658,2.318926,0.161342,0.312312,0.141074,-0.266362,-0.002905,0.889368,0.695236,-0.367286
16.633008,0.607272,0.510815,-1.062560,-0.434810,1.315759,1.203157,-0.433461,0.000570,-0.033686,-0.274204,0.028460,0.525276,0.760515,-0.160726,-1.764496,-0.199912,1.901579,-1.809019,0.041537,2.319618,0.160986,0.312805,0.142658,-0.268732,-0.003256,0.887700,0.697061,-0.365658
16.633943,0.606709,0.512241,-1.060374,-0.437147,1.315982,1.206782,-0.433586,-0.026668,-0.030715,-0.297056,0.013396,0.525459,0.757206,-0.160643,-1.764179,-0.199770,1.901315,-1.809023,0.042425,2.320310,0.160614,0.313675,0.142080,-0.265826,-0.004254,0.885864,0.694383,-0.366431
16.635086,0.611295,0.513515,-1.061492,-0.441450,1.322054,1.206107,-0.433256,-0.051177,-0.028640,-0.317750,0.000065,0.525564,0.754100,-0.160617,-1.763869,-0.199632,1.901046,-1.809024,0.043303,2.320998,0.160248,0.313460,0.140950,-0.266924,-0.002730,0.885094,0.690444,-0.366276
16.635989,0.609520,0.508751,-1.057562,-0.439917,1.322627,1.205185,-0.433632,-0.073255,-0.026415,-0.336497,-0.012200,0.525526,0.751253,-0.160656,-1.763561,-0.199495,1.900782,-1.809017,0.044174,2.321687,0.159883,0.311399,0.140194,-0.267083,0.000390,0.880313,0.691708,-0.367400
16.636945,0.602586,0.509561,-1.055379,-0.440438,1.328960,1.199852,-0.437081,-0.088088,-0.027470,-0.348365,-0.024782,0.525212,0.748589,-0.160720,-1.763247,-0.199346,1.900508,-1.809024,0.045056,2.322387,0.159512,0.311654,0.142023,-0.268868,-0.001838,0.878896,0.692119,-0.366659
16.637984,0.605098,0.506452,-1.056168,-0.438623,1.329164,1.197459,-0.435222,-0.094638,-0.032502,-0.352449,-0.036807,0.524647,0.746333,-0.160786,-1.762930,-0.199206,1.900242,-1.809026,0.045910,2.323090,0.159160,0.314654,0.141181,-0.270018,-0.002123,0.872377,0.697193,-0.359892
16.639052,0.602245,0.509861,-1.059263,-0.439838,1.330122,1.190604,-0.436417,-0.095743,-0.039144,-0.351686,-0.046655,0.523964,0.744750,-0.160861,-1.762617,-0.199062,1.899971,-1.809035,0.046783,2.323793,0.158788,0.313182,0.142419,-0.269917,-0.004672,0.872647,0.699586,-0.363968
16.640014,0.606855,0.508466,-1.062160,-0.441900,1.332125,1.186689,-0.437438,-0.094255,-0.044804,-0.349000,-0.053273,0.523270,0.743892,-0.160968,-1.762301,-0.198924,1.899702,-1.809037,0.047661,2.324516,0.158430,0.314541,0.140455,-0.268772,-0.004351,0.872290,0.706521,-0.361871
16.640949,0.603732,0.509740,-1.057651,-0.442298,1.334219,1.188282,-0.436849,-0.093212,-0.047534,-0.347138,-0.057674,0.522608,0.743414,-0.161086,-1.761992,-0.198786,1.899440,-1.809039,0.048521,2.325228,0.158074,0.311812,0.140792,-0.267468,-0.003096,0.870127,0.710065,-0.360016
16.642065,0.602149,0.509783,-1.064762,-0.441697,1.334693,1.186869,-0.436423,-0.091908,-0.048129,-0.345177,-0.061194,0.522015,0.742947,-0.161182,-1.761675,-0.198647,1.899165,-1.809043,0.049389,2.325939,0.157707,0.312838,0.139731,-0.269652,-0.003450,0.867573,0.707976,-0.361326
16.643047,0.596891,0.505800,-1.059531,-0.443864,1.334825,1.186736,-0.435189,-0.090567,-0.045953,-0.343587,-0.062853,0.521633,0.742540,-0.161250,-1.761363,-0.198506,1.898903,-1.809051,0.050265,2.326641,0.157339,0.313739,0.139514,-0.266707,-0.004879,0.868188,0.709780,-0.362571
16.643962,0.601748,0.509175,-1.057858,-0.444063,1.333446,1.185694,-0.437088,-0.092464,-0.039692,-0.345500,-0.062614,0.521633,0.742155,-0.161305,-1.761043,-0.198363,1.898631,-1.809052,0.051122,2.327355,0.156969,0.315925,0.141112,-0.269476,-0.003552,0.868102,0.709624,-0.365218
16.645044,0.599575,0.509370,-1.063842,-0.445087,1.330985,1.183135,-0.435974,-0.094475,-0.032448,-0.347622,-0.061604,0.522102,0.741619,-0.161340,-1.760733,-0.198228,1.898359,-1.809056,0.051996,2.328073,0.156613,0.312892,0.138986,-0.270143,-0.004099,0.868791,0.710108,-0.361462
16.645945,0.596042,0.506853,-1.059378,-0.447693,1.326837,1.181221,-0.437401,-0.093808,-0.025086,-0.347441,-0.059307,0.523135,0.741033,-0.161327,-1.760421,-0.198089,1.898096,-1.809061,0.052864,2.328782,0.156242,0.314019,0.138689,-0.267667,-0.003939,0.872117,0.712864,-0.364082
16.647044,0.600810,0.504220,-1.067995,-0.447920,1.324402,1.181517,-0.437381,-0.093538,-0.016349,-0.347716,-0.056718,0.524746,0.740300,-0.161256,-1.760102,-0.197951,1.897822,-1.809058,0.053749,2.329498,0.155888,0.315070,0.139496,-0.269729,-0.002188,0.875337,0.714157,-0.361265
16.648022,0.599660,0.500008,-1.062590,-0.450060,1.320561,1.187662,-0.437435,-0.094371,-0.007995,-0.348632,-0.055759,0.526780,0.739175,-0.161126,-1.759798,-0.197806,1.897560,-1.809061,0.054624,2.330206,0.155522,0.312799,0.140552,-0.265977,-0.002916,0.878677,0.714091,-0.361711
16.648996,0.601586,0.501214,-1.065351,-0.450913,1.318403,1.186097,-0.437853,-0.093021,-0.003052,-0.347003,-0.056156,0.529019,0.737755,-0.160949,-1.759484,-0.197664,1.897287,-1.809058,0.055521,2.330908,0.155163,0.313006,0.142255,-0.268811,-0.001714,0.882157,0.707677,-0.361805
16.650099,0.601450,0.499209,-1.065085,-0.449623,1.314267,1.189348,-0.437025,-0.086200,-0.003559,-0.339796,-0.057192,0.531222,0.736184,-0.160753,-1.759171,-0.197525,1.897022,-1.809058,0.056411,2.331620,0.154801,0.311644,0.141257,-0.267535,-0.001746,0.883963,0.709028,-0.361143
16.651092,0.603876,0.501309,-1.061713,-0.452044,1.319421,1.190792,-0.438858,-0.073848,-0.008184,-0.327393,-0.057174,0.533245,0.734706,-0.160603,-1.758864,-0.197381,1.896752,-1.809066,0.057304,2.332317,0.154433,0.311855,0.142023,-0.268215,-0.003863,0.888898,0.706067,-0.363200
16.652093,0.604412,0.497791,-1.059436,-0.454577,1.313906,1.191345,-0.438452,-0.056033,-0.015248,-0.310394,-0.054198,0.535066,0.733636,-0.160545,-1.758557,-0.197243,1.896477,-1.809065,0.058183,2.333020,0.154079,0.310362,0.140621,-0.270005,-0.002327,0.883575,0.704476,-0.359724
16.653094,0.603915,0.503035,-1.062344,-0.456518,1.308739,1.191649,-0.440077,-0.030662,-0.026364,-0.286584,-0.049534,0.536633,0.732884,-0.160544,-1.758249,-0.197096,1.896203,-1.809062,0.059076,2.333726,0.153715,0.309871,0.141979,-0.271267,-0.000776,0.889070,0.703796,-0.360797
16.654084,0.605726,0.503232,-1.061322,-0.456087,1.310764,1.190927,-0.439452,0.000132,-0.041185,-0.257508,-0.045606,0.537896,0.732217,-0.160582,-1.757939,-0.196962,1.895939,-1.809059,0.059984,2.334422,0.153363,0.309860,0.139049,-0.270040,0.000182,0.893947,0.703410,-0.357776
16.654946,0.600888,0.501150,-1.058317,-0.458218,1.306908,1.194301,-0.438720,0.031009,-0.055243,-0.228441,-0.041932,0.538893,0.731815,-0.160681,-1.757629,-0.196824,1.895669,-1.809061,0.060878,2.335131,0.153003,0.308646,0.138634,-0.270710,-0.001110,0.891626,0.703941,-0.359288
16.656012,0.601230,0.497771,-1.061919,-0.458791,1.308851,1.189582,-0.437519,0.060328,-0.066672,-0.201173,-0.037366,0.539615,0.731942,-0.160869,-1.757320,-0.196682,1.895398,-1.809059,0.061773,2.335820,0.152636,0.310361,0.139136,-0.271907,0.000227,0.894151,0.699914,-0.360725
16.657010,0.608770,0.492787,-1.066457,-0.459196,1.314003,1.189654,-0.437328,0.087402,-0.076782,-0.175958,-0.033141,0.539928,0.732486,-0.161155,-1.757008,-0.196539,1.895128,-1.809060,0.062667,2.336534,0.152271,0.310120,0.140537,-0.270485,-0.000163,0.892608,0.704798,-0.363466
16.657991,0.606458,0.495370,-1.063622,-0.458776,1.316674,1.190555,-0.438404,0.140284,-0.100714,-0.126012,-0.026577,0.538935,0.734442,-0.161943,-1.756406,-0.196257,1.894588,-1.809064,0.064422,2.337943,0.151549,0.307121,0.140966,-0.269944,-0.001872,0.884613,0.703404,-0.362072
16.659113,0.608516,0.494952,-1.068050,-0.457301,1.323214,1.188774,-0.437063,0.140284,-0.100714,-0.126012,-0.026577,0.538935,0.734442,-0.161943,-1.756406,-0.196257,1.894588,-1.809064,0.064422,2.337943,0.151549,0.307121,0.140966,-0.269944,-0.001872,0.884613,0.703404,-0.362072
16.660125,0.609189,0.497353,-1.063514,-0.459870,1.321410,1.190130,-0.438435,0.168530,-0.112935,-0.100072,-0.019799,0.537892,0.736295,-0.162380,-1.756101,-0.196115,1.894321,-1.809072,0.065298,2.338650,0.151180,0.306294,0.140980,-0.268324,-0.004193,0.879161,0.705569,-0.365208
16.660983,0.603924,0.500422,-1.060710,-0.462849,1.321663,1.190901,-0.436711,0.196234,-0.122100,-0.075724,-0.008857,0.536784,0.738828,-0.162815,-1.755798,-0.195975,1.894044,-1.809070,0.066172,2.339342,0.150816,0.305819,0.139434,-0.270764,-0.002542,0.881191,0.704162,-0.362645
16.662031,0.607352,0.499257,-1.059293,-0.461364,1.320421,1.193394,-0.436779,0.222749,-0.128435,-0.053082,0.003673,0.535683,0.741562,-0.163226,-1.755487,-0.195841,1.893774,-1.809067,0.067052,2.340048,0.150444,0.307707,0.137429,-0.271843,-0.000416,0.879639,0.702663,-0.366098
16.663050,0.607127,0.499112,-1.056869,-0.463916,1.317664,1.189629,-0.436292,0.247537,-0.132170,-0.032271,0.016165,0.534637,0.744274,-0.163586,-1.755181,-0.195700,1.893499,-1.809073,0.067946,2.340753,0.150081,0.305907,0.137740,-0.272828,-0.002738,0.881188,0.700219,-0.366233
16.664026,0.605994,0.497382,-1.061301,-0.464053,1.318781,1.186831,-0.437525,0.273561,-0.135558,-0.010452,0.028986,0.533633,0.747033,-0.163879,-1.754880,-0.195561,1.893222,-1.809068,0.068823,2.341457,0.149713,0.305945,0.137497,-0.274208,-0.001182,0.884151,0.703996,-0.367452
16.665014,0.607201,0.498137,-1.053630,-0.464537,1.316650,1.185367,-0.438546,0.300919,-0.140178,0.012778,0.040855,0.532581,0.749652,-0.164113,-1.754570,-0.195421,1.892952,-1.809070,0.069710,2.342173,0.149354,0.306168,0.138000,-0.272051,-0.001916,0.882709,0.706477,-0.365148
16.665988,0.606069,0.496705,-1.053019,-0.464073,1.318220,1.181499,-0.437613,0.328161,-0.145992,0.036188,0.051103,0.531462,0.752066,-0.164326,-1.754269,-0.195284,1.892666,-1.809071,0.070592,2.342891,0.148991,0.305358,0.137280,-0.275878,-0.002282,0.884738,0.707661,-0.363312
16.667192,0.607928,0.497023,-1.052546,-0.466351,1.312401,1.182002,-0.439915,0.358184,-0.154429,0.062418,0.060771,0.530295,0.754423,-0.164554,-1.753964,-0.195144,1.892392,-1.809077,0.071476,2.343598,0.148621,0.305644,0.137627,-0.276195,-0.003491,0.882855,0.711296,-0.365366
16.668102,0.609579,0.495967,-1.048323,-0.468587,1.314389,1.178127,-0.439087,0.391876,-0.166332,0.092432,0.069874,0.529048,0.756699,-0.164812,-1.753660,-0.195009,1.892114,-1.809076,0.072389,2.344317,0.148264,0.305210,0.137450,-0.277215,-0.002312,0.890215,0.711371,-0.361291
16.668997,0.610790,0.496379,-1.048738,-0.468661,1.312001,1.177972,-0.439352,0.429205,-0.182807,0.126570,0.076813,0.527611,0.758622,-0.165082,-1.753360,-0.194869,1.891834,-1.809073,0.073263,2.345035,0.147896,0.303924,0.137519,-0.279076,-0.000949,0.887389,0.714690,-0.363052
16.670071,0.614109,0.495014,-1.044919,-0.469535,1.311935,1.174709,-0.440313,0.471054,-0.204594,0.165733,0.081014,0.525885,0.760064,-0.165359,-1.753057,-0.194732,1.891551,-1.809078,0.074157,2.345757,0.147538,0.302780,0.136857,-0.278513,-0.001603,0.888748,0.714140,-0.362566
16.671100,0.617436,0.497011,-1.049653,-0.470348,1.313856,1.171427,-0.441736,0.517605,-0.230894,0.209718,0.083904,0.523849,0.761190,-0.165665,-1.752761,-0.194595,1.891266,-1.809081,0.075056,2.346482,0.147176,0.301277,0.137335,-0.280688,-0.001616,0.889252,0.717483,-0.360982
16.671993,0.617034,0.495669,-1.042404,-0.469632,1.311538,1.174670,-0.442514,0.568244,-0.260575,0.257628,0.086592,0.521538,0.762099,-0.166022,-1.752464,-0.194463,1.890993,-1.809081,0.075930,2.347204,0.146827,0.299597,0.136104,-0.278517,-0.001722,0.887618,0.720640,-0.358455
16.672951,0.619580,0.495663,-1.038523,-0.471718,1.315231,1.173950,-0.442389,0.621256,-0.291583,0.307467,0.090415,0.519081,0.762977,-0.166436,-1.752162,-0.194325,1.890700,-1.809087,0.076827,2.347919,0.146471,0.299274,0.136325,-0.281737,-0.003119,0.888853,0.716692,-0.356979
16.673964,0.617280,0.496969,-1.038466,-0.472378,1.311384,1.173807,-0.442524,0.677998,-0.324180,0.360352,0.096434,0.516642,0.764006,-0.166890,-1.751870,-0.194190,1.890412,-1.809087,0.077701,2.348628,0.146109,0.297797,0.135982,-0.283484,-0.001864,0.884795,0.717120,-0.357405
16.675032,0.618626,0.496363,-1.035032,-0.474629,1.311762,1.175084,-0.442917,0.737909,-0.358431,0.415994,0.103802,0.514372,0.765087,-0.167342,-1.751572,-0.194059,1.890130,-1.809090,0.078596,2.349349,0.145756,0.298895,0.135108,-0.283569,-0.002065,0.888674,0.717074,-0.357411
16.676099,0.619192,0.498900,-1.039112,-0.475830,1.313720,1.176142,-0.441482,0.796459,-0.392144,0.470331,0.111157,0.512412,0.766052,-0.167750,-1.751273,-0.193924,1.889837,-1.809087,0.079493,2.350068,0.145399,0.298307,0.135222,-0.285437,-0.000834,0.888667,0.715842,-0.356984
16.676959,0.617000,0.496061,-1.034279,-0.478422,1.310072,1.177426,-0.442066,0.850215,-0.423447,0.520179,0.117755,0.510873,0.766790,-0.168087,-1.750976,-0.193792,1.889560,-1.809088,0.080375,2.350774,0.145040,0.298150,0.133781,-0.283669,-0.000590,0.887259,0.714914,-0.360237
16.677976,0.617317,0.496696,-1.037378,-0.478986,1.312168,1.178066,-0.441729,0.896504,-0.451017,0.563105,0.122880,0.509754,0.767147,-0.168372,-1.750676,-0.193658,1.889271,-1.809083,0.081272,2.351480,0.144678,0.298622,0.134763,-0.285596,0.001124,0.889536,0.712899,-0.359015
16.678984,0.620642,0.493785,-1.028231,-0.480278,1.314367,1.182238,-0.441583,0.934394,-0.474994,0.598382,0.125835,0.508885,0.766950,-0.168643,-1.750381,-0.193526,1.888987,-1.809084,0.082162,2.352184,0.144315,0.298432,0.134197,-0.284076,0.000755,0.887442,0.712211,-0.359961
16.679996,0.615690,0.491389,-1.027305,-0.480989,1.321167,1.185040,-0.439492,0.967832,-0.497748,0.629661,0.127355,0.508051,0.766253,-0.168929,-1.750085,-0.193389,1.888690,-1.809082,0.083035,2.352884,0.143954,0.296689,0.135379,-0.288594,0.001102,0.885380,0.707930,-0.360496
16.681049,0.616913,0.492494,-1.032011,-0.482394,1.323078,1.190371,-0.439994,1.002594,-0.522813,0.662345,0.128442,0.507090,0.765217,-0.169256,-1.749780,-0.193252,1.888399,-1.809081,0.083906,2.353584,0.143578,0.299042,0.136281,-0.288979,0.000869,0.878709,0.705076,-0.364906
16.681993,0.618125,0.493665,-1.025878,-0.482905,1.327431,1.190553,-0.438493,1.035739,-0.548356,0.693555,0.129564,0.505995,0.764056,-0.169634,-1.749484,-0.193117,1.888118,-1.809077,0.084775,2.354273,0.143218,0.298486,0.135487,-0.286831,0.001241,0.877430,0.699899,-0.364170
16.683071,0.620644,0.493523,-1.030124,-0.484508,1.329323,1.191572,-0.437054,1.062991,-0.570413,0.718900,0.131726,0.504872,0.763113,-0.170050,-1.749187,-0.192985,1.887822,-1.809075,0.085640,2.354978,0.142840,0.297581,0.134575,-0.289614,0.000844,0.872692,0.699399,-0.367281
16.683999,0.617598,0.489952,-1.018403,-0.485281,1.329381,1.186321,-0.438008,1.086262,-0.589058,0.740050,0.135404,0.503790,0.762590,-0.170488,-1.748895,-0.192850,1.887536,-1.809072,0.086503,2.355677,0.142457,0.296538,0.134475,-0.287697,0.001418,0.871684,0.698587,-0.370430
16.685088,0.620410,0.489716,-1.029621,-0.484232,1.332716,1.185354,-0.437781,1.108651,-0.607091,0.760323,0.139175,0.502738,0.762308,-0.170911,-1.748594,-0.192712,1.887235,-1.809071,0.087389,2.356384,0.142092,0.297676,0.135861,-0.293180,0.001304,0.870923,0.703448,-0.368565
16.685983,0.620818,0.493383,-1.022360,-0.488595,1.327673,1.186221,-0.437775,1.131045,-0.626093,0.780829,0.142140,0.501759,0.762055,-0.171267,-1.748300,-0.192577,1.886954,-1.809075,0.088246,2.357091,0.141718,0.296477,0.135800,-0.287819,-0.000646,0.868578,0.704596,-0.369374
16.687035,0.624169,0.494837,-1.028846,-0.488235,1.336925,1.187178,-0.438396,1.150131,-0.643404,0.798272,0.144451,0.501001,0.761736,-0.171544,-1.748004,-0.192447,1.886656,-1.809067,0.089128,2.357784,0.141347,0.295828,0.133577,-0.291016,0.002765,0.872739,0.703205,-0.369393
16.688078,0.621642,0.495358,-1.024986,-0.490558,1.326885,1.190037,-0.438439,1.163793,-0.656473,0.810519,0.145896,0.500629,0.761167,-0.171724,-1.747710,-0.192317,1.886374,-1.809069,0.089977,2.358484,0.140981,0.294246,0.132702,-0.287913,0.001454,0.864116,0.702356,-0.368437
16.688965,0.619570,0.495229,-1.021984,-0.491424,1.326513,1.189720,-0.438203,1.171226,-0.664042,0.816637,0.146909,0.500779,0.760270,-0.171772,-1.747411,-0.192184,1.886077,-1.809065,0.090870,2.359186,0.140610,0.295559,0.132248,-0.289900,0.002766,0.874589,0.699534,-0.368625
16.690006,0.625153,0.493332,-1.025782,-0.492491,1.328218,1.191606,-0.437586,1.172383,-0.666643,0.816692,0.147154,0.501458,0.758933,-0.171678,-1.747115,-0.192053,1.885787,-1.809063,0.091736,2.359882,0.140237,0.296098,0.131922,-0.290941,0.002776,0.873989,0.699330,-0.369090
16.691070,0.623137,0.491172,-1.022447,-0.493840,1.324142,1.191020,-0.438963,1.169711,-0.666579,0.813238,0.146245,0.502626,0.757102,-0.171461,-1.746825,-0.191919,1.885501,-1.809059,0.092610,2.360577,0.139866,0.293389,0.132657,-0.289138,0.002810,0.872687,0.697513,-0.370592
16.692090,0.617366,0.488320,-1.028604,-0.495684,1.320540,1.188332,-0.439510,1.165954,-0.666269,0.809000,0.144254,0.504231,0.754854,-0.171138,-1.746533,-0.191783,1.885202,-1.809057,0.093486,2.361268,0.139505,0.294607,0.133526,-0.290885,0.003158,0.877415,0.698333,-0.368135
16.692961,0.619942,0.487590,-1.022510,-0.493370,1.317275,1.191062,-0.438855,1.158496,-0.665897,0.801853,0.139495,0.506133,0.752098,-0.170737,-1.746230,-0.191646,1.884921,-1.809051,0.094373,2.361979,0.139141,0.297397,0.134681,-0.287863,0.003941,0.881110,0.700946,-0.367309
16.694049,0.620052,0.485708,-1.028972,-0.494514,1.314030,1.186646,-0.438505,1.144132,-0.663811,0.788680,0.132176,0.508207,0.749053,-0.170308,-1.745935,-0.191512,1.884623,-1.809056,0.095265,2.362678,0.138770,0.295530,0.134585,-0.290371,0.000920,0.883096,0.697528,-0.368615
16.695027,0.619899,0.485458,-1.027244,-0.496072,1.312350,1.185855,-0.437880,1.125896,-0.660165,0.771827,0.125225,0.510335,0.746253,-0.169890,-1.745641,-0.191374,1.884347,-1.809054,0.096153,2.363383,0.138401,0.295734,0.135331,-0.287489,0.001064,0.887041,0.702246,-0.369658
16.695984,0.616561,0.485975,-1.028094,-0.494346,1.312360,1.181130,-0.438809,1.104717,-0.655232,0.752196,0.118748,0.512337,0.743766,-0.169499,-1.745346,-0.191243,1.884056,-1.809052,0.097047,2.364092,0.138031,0.295645,0.135171,-0.288241,0.001701,0.888363,0.702741,-0.371066
16.697114,0.621022,0.492159,-1.032889,-0.496187,1.311615,1.180742,-0.438294,1.078846,-0.647824,0.728204,0.112143,0.514084,0.741541,-0.169127,-1.745049,-0.191108,1.883766,-1.809057,0.097926,2.364801,0.137660,0.297070,0.134565,-0.287581,-0.000820,0.887955,0.707168,-0.369297
16.697988,0.616097,0.493337,-1.035563,-0.496323,1.315120,1.176446,-0.439293,1.046365,-0.634744,0.697583,0.107012,0.515592,0.739829,-0.168796,-1.744755,-0.190985,1.883483,-1.809054,0.098825,2.365514,0.137280,0.295181,0.131483,-0.285638,-0.000021,0.889664,0.707861,-0.370728
16.699014,0.617426,0.495397,-1.037929,-0.497332,1.310813,1.175452,-0.439021,1.003811,-0.612125,0.656742,0.104058,0.516940,0.738742,-0.168529,-1.744451,-0.190855,1.883201,-1.809056,0.099715,2.366239,0.136916,0.297054,0.130527,-0.283911,-0.000650,0.884878,0.711414,-0.368703
16.700096,0.617264,0.494476,-1.036831,-0.499393,1.309794,1.176862,-0.439657,0.949280,-0.578749,0.603937,0.102668,0.518165,0.738175,-0.168315,-1.744160,-0.190726,1.882925,-1.809056,0.100606,2.366947,0.136548,0.296412,0.129308,-0.282927,-0.000561,0.889388,0.712326,-0.369522
16.701113,0.619609,0.494248,-1.039202,-0.498491,1.317963,1.175810,-0.439397,0.886460,-0.538110,0.543025,0.101623,0.519185,0.737902,-0.168135,-1.743861,-0.190597,1.882641,-1.809054,0.101505,2.367665,0.136180,0.296657,0.129681,-0.283776,0.000488,0.890906,0.711016,-0.368571
16.702014,0.618068,0.491675,-1.039454,-0.499746,1.315572,1.173921,-0.439845,0.822122,-0.495517,0.480738,0.100421,0.519945,0.737781,-0.167962,-1.743569,-0.190467,1.882359,-1.809058,0.102370,2.368383,0.135807,0.295482,0.129590,-0.282664,-0.001274,0.882926,0.711941,-0.369316
16.703116,0.620757,0.490176,-1.042438,-0.498834,1.314791,1.173045,-0.440347,0.760368,-0.454068,0.421057,0.099590,0.520509,0.737814,-0.167773,-1.743274,-0.190337,1.882081,-1.809058,0.103259,2.369096,0.135443,0.295842,0.130527,-0.282283,-0.000802,0.884440,0.713240,-0.368457
16.704134,0.620419,0.488754,-1.043335,-0.502014,1.318300,1.174211,-0.440036,0.703074,-0.415670,0.365876,0.099195,0.520942,0.737948,-0.167568,-1.742980,-0.190205,1.881800,-1.809062,0.104157,2.369816,0.135073,0.294760,0.131164,-0.281183,-0.002632,0.885937,0.714306,-0.367819
16.704963,0.617620,0.485301,-1.045254,-0.502064,1.315437,1.174700,-0.442300,0.651243,-0.381724,0.316303,0.098605,0.521294,0.738041,-0.167360,-1.742686,-0.190073,1.881519,-1.809058,0.105036,2.370516,0.134700,0.294932,0.131649,-0.280839,-0.000437,0.882535,0.713075,-0.368665
16.706052,0.617853,0.486686,-1.048908,-0.503302,1.313620,1.176186,-0.441411,0.603666,-0.352446,0.271467,0.096465,0.521581,0.737873,-0.167163,-1.742389,-0.189939,1.881245,-1.809061,0.105916,2.371230,0.134347,0.295639,0.132882,-0.279411,-0.001091,0.883936,0.711698,-0.364060
16.707077,0.615258,0.486345,-1.045463,-0.504073,1.315519,1.181412,-0.441784,0.557301,-0.326055,0.228502,0.092586,0.521807,0.737424,-0.166998,-1.742091,-0.189810,1.880971,-1.809059,0.106809,2.371947,0.133978,0.295694,0.132066,-0.278015,-0.000860,0.886415,0.710364,-0.366252
16.707987,0.611760,0.483063,-1.047144,-0.506833,1.312786,1.179804,-0.440909,0.510922,-0.300551,0.185934,0.088232,0.521962,0.736906,-0.166911,-1.741794,-0.189676,1.880693,-1.809060,0.107680,2.372639,0.133619,0.296983,0.132010,-0.279935,-0.001015,0.884772,0.705139,-0.365759
16.709074,0.613220,0.481316,-1.047594,-0.506434,1.315257,1.181019,-0.440952,0.465184,-0.276376,0.144469,0.083019,0.521962,0.736339,-0.166930,-1.741492,-0.189542,1.880414,-1.809054,0.108574,2.373350,0.133251,0.298258,0.133264,-0.278831,0.000809,0.886593,0.706268,-0.367581
16.710083,0.610344,0.480320,-1.051151,-0.505241,1.311901,1.180595,-0.441374,0.420910,-0.255120,0.105174,0.075775,0.521717,0.735639,-0.167054,-1.741197,-0.189408,1.880131,-1.809056,0.109453,2.374051,0.132881,0.297730,0.133975,-0.278936,-0.000561,0.884865,0.705274,-0.367821
16.710990,0.609429,0.477078,-1.052126,-0.506887,1.308127,1.178201,-0.440741,0.378646,-0.236397,0.068213,0.068166,0.521252,0.735141,-0.167279,-1.740895,-0.189276,1.879861,-1.809059,0.110345,2.374758,0.132517,0.299042,0.134228,-0.277340,-0.002589,0.888212,0.705592,-0.367203
16.712107,0.610514,0.478991,-1.054526,-0.507433,1.312197,1.176079,-0.443310,0.337466,-0.218786,0.032299,0.061746,0.520633,0.735156,-0.167599,-1.740593,-0.189138,1.879585,-1.809059,0.111247,2.375471,0.132147,0.299000,0.135411,-0.276651,-0.001750,0.890933,0.707437,-0.368523
16.712943,0.604166,0.479469,-1.053314,-0.509088,1.303696,1.174608,-0.442178,0.297063,-0.202278,-0.002789,0.055653,0.519878,0.735571,-0.167978,-1.740295,-0.189004,1.879312,-1.809062,0.112126,2.376179,0.131793,0.298732,0.134320,-0.275994,-0.002137,0.887841,0.709889,-0.363780
16.713964,0.604365,0.474611,-1.052789,-0.509459,1.304081,1.176138,-0.442839,0.256454,-0.185824,-0.037938,0.049133,0.519005,0.736227,-0.168381,-1.739989,-0.188872,1.879035,-1.809061,0.113032,2.376894,0.131416,0.301153,0.133617,-0.276137,-0.001252,0.894738,0.710469,-0.366007
16.714936,0.601247,0.476296,-1.049556,-0.511477,1.304562,1.172069,-0.443634,0.215183,-0.169379,-0.073495,0.041634,0.517980,0.736969,-0.168797,-1.739690,-0.188731,1.878755,-1.809065,0.113934,2.377607,0.131053,0.300970,0.135743,-0.276533,-0.001719,0.894235,0.708816,-0.364904
16.716030,0.604653,0.479029,-1.051635,-0.511526,1.305959,1.172502,-0.442201,0.176425,-0.155765,-0.106279,0.032597,0.516754,0.737579,-0.169192,-1.739383,-0.188601,1.878474,-1.809063,0.114821,2.378318,0.130697,0.302212,0.134606,-0.278105,-0.000613,0.893418,0.712645,-0.363515
16.717021,0.606030,0.474028,-1.052059,-0.512276,1.301818,1.171692,-0.443747,0.142247,-0.145270,-0.134498,0.022663,0.515408,0.737977,-0.169545,-1.739082,-0.188471,1.878198,-1.809066,0.115721,2.379033,0.130323,0.300648,0.133132,-0.277466,-0.001493,0.892637,0.712361,-0.366764
16.717982,0.601352,0.474385,-1.049216,-0.513297,1.301678,1.171750,-0.442501,0.114200,-0.137534,-0.157032,0.013433,0.514064,0.738282,-0.169859,-1.738787,-0.188330,1.877926,-1.809069,0.116618,2.379740,0.129960,0.299848,0.135298,-0.277381,-0.001577,0.896571,0.712993,-0.363818
16.718941,0.595185,0.472114,-1.049757,-0.513645,1.301577,1.172703,-0.444301,0.093499,-0.133862,-0.172726,0.005137,0.512790,0.738507,-0.170124,-1.738481,-0.188196,1.877644,-1.809069,0.117517,2.380451,0.129589,0.301873,0.134769,-0.278720,-0.001417,0.896134,0.712588,-0.366486
16.719998,0.593822,0.468281,-1.041640,-0.515901,1.301611,1.169924,-0.443816,0.076263,-0.132490,-0.185186,-0.002781,0.511711,0.738671,-0.170336,-1.738168,-0.188057,1.877366,-1.809071,0.118418,2.381168,0.129228,0.304516,0.135529,-0.278371,-0.001891,0.895652,0.711245,-0.362989
16.720942,0.591354,0.470901,-1.047798,-0.517116,1.296280,1.168216,-0.442628,0.060541,-0.133068,-0.196055,-0.011303,0.510876,0.738727,-0.170483,-1.737863,-0.187917,1.877076,-1.809069,0.119313,2.381884,0.128865,0.305171,0.137184,-0.282602,-0.000621,0.895966,0.714095,-0.364321
16.721958,0.590804,0.469713,-1.045685,-0.516953,1.297316,1.167228,-0.443307,0.032834,-0.140550,-0.213133,-0.033545,0.509579,0.738157,-0.170628,-1.737247,-0.187645,1.876517,-1.809071,0.121126,2.383316,0.128124,0.306057,0.135809,-0.280532,-0.001313,0.899354,0.716203,-0.365632
16.723054,0.592200,0.465054,-1.046398,-0.517338,1.301817,1.163940,-0.443024,0.032834,-0.140550,-0.213133,-0.033545,0.509579,0.738157,-0.170628,-1.737247,-0.187645,1.876517,-1.809071,0.121126,2.383316,0.128124,0.306057,0.135809,-0.280532,-0.001313,0.899354,0.716203,-0.365632
16.724082,0.584715,0.462002,-1.051159,-0.518563,1.303804,1.164544,-0.443315,0.018673,-0.143727,-0.222140,-0.044600,0.508900,0.737942,-0.170659,-1.736943,-0.187504,1.876240,-1.809073,0.122010,2.384046,0.127757,0.305492,0.137920,-0.280588,-0.001870,0.895626,0.719617,-0.366588
16.724991,0.587349,0.462948,-1.045398,-0.519047,1.307064,1.161163,-0.443486,0.005340,-0.147784,-0.230570,-0.055092,0.507970,0.737859,-0.170685,-1.736625,-0.187362,1.875962,-1.809073,0.122897,2.384773,0.127386,0.309006,0.139114,-0.278366,-0.001566,0.893829,0.718817,-0.366228
16.725995,0.583792,0.466300,-1.047055,-0.517992,1.312931,1.161196,-0.444270,-0.009774,-0.151385,-0.240852,-0.065431,0.506712,0.737899,-0.170711,-1.736322,-0.187225,1.875679,-1.809075,0.123773,2.385504,0.127020,0.307147,0.138190,-0.281003,-0.001858,0.889773,0.721565,-0.365944
16.726982,0.581588,0.463431,-1.048488,-0.517241,1.314528,1.161418,-0.443943,-0.025202,-0.153058,-0.252081,-0.073644,0.505188,0.738298,-0.170701,-1.736010,-0.187094,1.875399,-1.809080,0.124648,2.386224,0.126663,0.308679,0.136265,-0.280199,-0.003700,0.883964,0.721289,-0.364617
16.727978,0.582726,0.469826,-1.050349,-0.518784,1.314314,1.161606,-0.442442,-0.041869,-0.149850,-0.265841,-0.076989,0.503618,0.739435,-0.170638,-1.735699,-0.186955,1.875115,-1.809090,0.125516,2.386935,0.126293,0.309449,0.137376,-0.279460,-0.005109,0.882412,0.720835,-0.365468
16.729047,0.581658,0.469697,-1.046982,-0.521251,1.315620,1.157838,-0.442282,-0.062292,-0.139534,-0.284777,-0.074799,0.502240,0.741421,-0.170542,-1.735388,-0.186829,1.874842,-1.809093,0.126399,2.387653,0.125923,0.308579,0.133948,-0.278647,-0.004384,0.882570,0.720414,-0.368680
16.729973,0.584590,0.476254,-1.045805,-0.521658,1.315124,1.157939,-0.441598,-0.085331,-0.123105,-0.307386,-0.069044,0.501191,0.743922,-0.170406,-1.735076,-0.186693,1.874558,-1.809093,0.127283,2.388386,0.125552,0.309073,0.133850,-0.280601,-0.002868,0.881814,0.724203,-0.369278
16.730962,0.585853,0.474082,-1.048658,-0.521741,1.317363,1.158632,-0.441934,-0.107322,-0.103195,-0.329655,-0.061756,0.500529,0.746514,-0.170201,-1.734775,-0.186569,1.874277,-1.809097,0.128158,2.389103,0.125182,0.307169,0.130278,-0.280967,-0.003215,0.881703,0.723539,-0.370723
16.732052,0.584406,0.469819,-1.041292,-0.521962,1.315120,1.161187,-0.442104,-0.125300,-0.081109,-0.348818,-0.052302,0.500356,0.749143,-0.169921,-1.734468,-0.186439,1.874000,-1.809101,0.129040,2.389828,0.124813,0.306283,0.131166,-0.279576,-0.003927,0.879315,0.722540,-0.370210
16.732993,0.586960,0.468642,-1.046660,-0.523726,1.314822,1.161855,-0.442070,-0.135852,-0.060091,-0.361593,-0.040174,0.500692,0.751716,-0.169575,-1.734161,-0.186301,1.873708,-1.809107,0.129932,2.390545,0.124439,0.307110,0.133115,-0.283530,-0.004557,0.882272,0.720126,-0.370202
16.733957,0.585161,0.465225,-1.044588,-0.524812,1.313243,1.162967,-0.440744,-0.135713,-0.044815,-0.364393,-0.026748,0.501444,0.753840,-0.169166,-1.733858,-0.186169,1.873434,-1.809107,0.130809,2.391257,0.124071,0.305420,0.133356,-0.280708,-0.003614,0.882048,0.719047,-0.370375
16.735078,0.587460,0.465203,-1.051458,-0.528167,1.310760,1.167068,-0.439702,-0.126600,-0.035843,-0.358426,-0.013664,0.502610,0.755155,-0.168713,-1.733552,-0.186030,1.873152,-1.809110,0.131700,2.391972,0.123689,0.305998,0.134696,-0.281690,-0.003350,0.883201,0.717589,-0.373139
16.736087,0.588422,0.465711,-1.046757,-0.529325,1.303274,1.170425,-0.439644,-0.112911,-0.031472,-0.347554,-0.002558,0.504199,0.755414,-0.168246,-1.733251,-0.185896,1.872880,-1.809107,0.132585,2.392671,0.123307,0.305099,0.134576,-0.278777,-0.001061,0.886723,0.713855,-0.375570
16.737011,0.582798,0.464868,-1.046548,-0.530260,1.304271,1.173337,-0.440894,-0.096910,-0.030290,-0.333916,0.005770,0.506115,0.754586,-0.167772,-1.732945,-0.185765,1.872596,-1.809106,0.133495,2.393375,0.122936,0.304434,0.134092,-0.281214,-0.000854,0.894018,0.710407,-0.375868
16.738034,0.581962,0.464864,-1.049063,-0.531074,1.298271,1.178175,-0.440974,-0.078992,-0.031038,-0.318208,0.012146,0.508217,0.752973,-0.167289,-1.732633,-0.185631,1.872315,-1.809106,0.134388,2.394083,0.122562,0.306722,0.134141,-0.281082,-0.000747,0.892111,0.707026,-0.373393
16.739030,0.583177,0.465848,-1.048126,-0.533069,1.293995,1.176054,-0.443245,-0.062614,-0.030767,-0.304073,0.017894,0.510416,0.751092,-0.166819,-1.732329,-0.185501,1.872038,-1.809106,0.135295,2.394774,0.122194,0.307005,0.133943,-0.279985,-0.000856,0.898126,0.702215,-0.373496
16.740056,0.582106,0.466275,-1.049303,-0.534086,1.298352,1.175515,-0.443195,-0.050236,-0.027602,-0.294038,0.023516,0.512572,0.749297,-0.166370,-1.732023,-0.185367,1.871755,-1.809102,0.136212,2.395483,0.121831,0.306154,0.133172,-0.280472,0.000159,0.901964,0.704224,-0.369123
16.740959,0.580831,0.462669,-1.047700,-0.534820,1.289935,1.174955,-0.442434,-0.032739,-0.016034,-0.281369,0.032736,0.516121,0.746088,-0.165529,-1.731409,-0.185100,1.871195,-1.809104,0.138020,2.396888,0.121088,0.306632,0.134145,-0.280553,0.000207,0.904935,0.704760,-0.371061
16.742055,0.580162,0.467671,-1.053098,-0.535652,1.292542,1.171956,-0.444323,-0.032739,-0.016034,-0.281369,0.032736,0.516121,0.746088,-0.165529,-1.731409,-0.185100,1.871195,-1.809104,0.138020,2.396888,0.121088,0.306632,0.134145,-0.280553,0.000207,0.904935,0.704760,-0.371061
16.743092,0.580561,0.468592,-1.043487,-0.536636,1.290185,1.174852,-0.443772,-0.027337,-0.008679,-0.278270,0.036107,0.517402,0.744654,-0.165174,-1.731101,-0.184973,1.870920,-1.809105,0.138927,2.397604,0.120726,0.307069,0.131553,-0.278276,0.000064,0.902800,0.707984,-0.367623
16.743942,0.585805,0.471229,-1.045823,-0.538476,1.288055,1.175770,-0.444768,-0.024572,0.000973,-0.277939,0.039674,0.518338,0.743403,-0.164868,-1.730796,-0.184843,1.870630,-1.809105,0.139828,2.398297,0.120354,0.306782,0.130936,-0.283210,0.000119,0.905320,0.705111,-0.369021
16.745022,0.588345,0.468323,-1.045762,-0.539883,1.296709,1.177162,-0.444418,-0.018832,0.010443,-0.275181,0.044400,0.518821,0.742345,-0.164631,-1.730497,-0.184720,1.870350,-1.809102,0.140739,2.399003,0.119991,0.303476,0.129256,-0.281520,0.001117,0.905783,0.703446,-0.366965
16.745964,0.585145,0.470217,-1.040605,-0.541264,1.296784,1.175824,-0.444777,-0.005889,0.016771,-0.265899,0.050260,0.518792,0.741436,-0.164475,-1.730201,-0.184587,1.870066,-1.809102,0.141617,2.399711,0.119623,0.302410,0.130584,-0.281851,0.001543,0.897769,0.702226,-0.368030
16.746976,0.591478,0.468026,-1.041163,-0.540829,1.299875,1.173967,-0.445117,0.013897,0.018994,-0.250217,0.056311,0.518311,0.740585,-0.164375,-1.729896,-0.184461,1.869779,-1.809100,0.142513,2.400411,0.119262,0.303628,0.129359,-0.284222,0.002024,0.897082,0.703246,-0.367428
16.748008,0.587195,0.467795,-1.034191,-0.541431,1.300733,1.171441,-0.444535,0.040754,0.016451,-0.227848,0.062334,0.517470,0.739784,-0.164293,-1.729599,-0.184329,1.869496,-1.809104,0.143408,2.401121,0.118895,0.300349,0.130236,-0.283980,0.000762,0.893918,0.704988,-0.366976
16.749020,0.592457,0.470306,-1.038848,-0.540944,1.300002,1.168639,-0.443747,0.076191,0.008166,-0.197415,0.068942,0.516386,0.739144,-0.164204,-1.729294,-0.184199,1.869207,-1.809105,0.144293,2.401825,0.118523,0.302446,0.130162,-0.287563,0.000458,0.893304,0.707521,-0.368398
16.750049,0.592784,0.464239,-1.037197,-0.544198,1.296569,1.164084,-0.445006,0.118543,-0.004488,-0.160588,0.076696,0.515207,0.738825,-0.164099,-1.728998,-0.184073,1.868924,-1.809107,0.145194,2.402541,0.118153,0.299716,0.128735,-0.285235,-0.000905,0.893939,0.710170,-0.370193
16.751006,0.585262,0.467889,-1.034582,-0.542248,1.296821,1.161019,-0.445254,0.164524,-0.020038,-0.120306,0.084597,0.513950,0.738728,-0.163976,-1.728702,-0.183937,1.868632,-1.809102,0.146102,2.403269,0.117786,0.299586,0.131555,-0.286109,0.001331,0.897366,0.714580,-0.367886
16.751994,0.593012,0.465708,-1.037007,-0.542812,1.298095,1.160405,-0.444657,0.210621,-0.037845,-0.079527,0.090678,0.512533,0.738541,-0.163851,-1.728393,-0.183815,1.868348,-1.809108,0.146985,2.403986,0.117414,0.302977,0.129494,-0.287275,-0.001380,0.896659,0.717240,-0.367523
16.753056,0.587808,0.465295,-1.033578,-0.544728,1.297864,1.159682,-0.445551,0.253505,-0.054915,-0.041717,0.096187,0.510992,0.738379,-0.163760,-1.728098,-0.183681,1.868063,-1.809108,0.147882,2.404709,0.117045,0.298906,0.130317,-0.285992,-0.001687,0.895089,0.717535,-0.368913
16.753936,0.588351,0.464116,-1.033192,-0.543291,1.297147,1.158981,-0.445176,0.293700,-0.070797,-0.006551,0.102175,0.509344,0.738302,-0.163719,-1.727794,-0.183548,1.867768,-1.809108,0.148776,2.405421,0.116680,0.301591,0.130341,-0.287820,-0.000723,0.895738,0.718334,-0.367410
16.754989,0.587368,0.467395,-1.023602,-0.543900,1.296659,1.162101,-0.444659,0.331432,-0.086183,0.026412,0.108021,0.507586,0.738179,-0.163722,-1.727493,-0.183419,1.867483,-1.809116,0.149669,2.406141,0.116311,0.300714,0.130554,-0.287582,-0.002788,0.895247,0.718309,-0.368181
16.756082,0.589840,0.467196,-1.030193,-0.546153,1.300653,1.163504,-0.443623,0.368269,-0.100957,0.058442,0.115235,0.505780,0.738224,-0.163775,-1.727186,-0.183293,1.867181,-1.809119,0.150577,2.406860,0.115933,0.301173,0.128789,-0.292401,-0.003050,0.895938,0.715154,-0.369474
16.757017,0.588101,0.462544,-1.028418,-0.548595,1.295186,1.163365,-0.446826,0.405903,-0.115184,0.091068,0.124546,0.504010,0.738600,-0.163873,-1.726890,-0.183165,1.866898,-1.809117,0.151462,2.407568,0.115564,0.300147,0.128829,-0.289368,-0.001803,0.892653,0.713989,-0.371908
16.757995,0.588900,0.460736,-1.026571,-0.549612,1.294385,1.162157,-0.447570,0.441595,-0.128878,0.122252,0.133344,0.502294,0.739060,-0.163986,-1.726588,-0.183032,1.866607,-1.809114,0.152370,2.408288,0.115207,0.300634,0.130831,-0.289988,-0.000268,0.897345,0.713647,-0.365554
16.759076,0.592442,0.461560,-1.023637,-0.548880,1.296228,1.164120,-0.447322,0.474974,-0.144382,0.152269,0.138754,0.500511,0.739233,-0.164083,-1.726293,-0.182900,1.866313,-1.809115,0.153274,2.409000,0.114846,0.300074,0.131438,-0.290736,-0.000143,0.897665,0.714595,-0.364308
16.760009,0.593605,0.459495,-1.014260,-0.551158,1.291879,1.163233,-0.448308,0.509796,-0.163743,0.184520,0.141636,0.498594,0.739152,-0.164174,-1.725997,-0.182771,1.866018,-1.809121,0.154160,2.409713,0.114477,0.298468,0.130906,-0.292357,-0.001722,0.896448,0.712746,-0.365158
16.761027,0.595262,0.456570,-1.018459,-0.551093,1.295861,1.163325,-0.447928,0.551803,-0.188931,0.224049,0.144154,0.496523,0.738954,-0.164279,-1.725699,-0.182637,1.865712,-1.809118,0.155073,2.410428,0.114122,0.297545,0.131592,-0.296586,-0.000315,0.899917,0.713185,-0.363303
16.762074,0.594620,0.461070,-1.012308,-0.552375,1.293753,1.168217,-0.448091,0.603611,-0.221642,0.273377,0.146274,0.494269,0.738485,-0.164398,-1.725409,-0.182501,1.865424,-1.809121,0.155953,2.411131,0.113758,0.296748,0.132786,-0.294439,-0.001261,0.896008,0.713029,-0.364337
16.763079,0.599568,0.461453,-1.012076,-0.556275,1.296466,1.169134,-0.449237,0.660698,-0.258510,0.327964,0.148495,0.491992,0.737857,-0.164522,-1.725111,-0.182376,1.865117,-1.809121,0.156858,2.411837,0.113396,0.297122,0.130392,-0.297462,-0.000908,0.898331,0.708140,-0.364306
16.763967,0.595447,0.463816,-1.004709,-0.555579,1.295003,1.171566,-0.450545,0.719028,-0.295743,0.383744,0.151052,0.489880,0.737217,-0.164625,-1.724821,-0.182248,1.864817,-1.809113,0.157744,2.412547,0.113036,0.294617,0.130024,-0.297383,0.001924,0.895551,0.707111,-0.362236
16.765000,0.595931,0.462869,-1.004641,-0.557746,1.293083,1.169109,-0.451871,0.777528,-0.332259,0.439781,0.153253,0.487993,0.736568,-0.164690,-1.724523,-0.182123,1.864513,-1.809116,0.158646,2.413244,0.112684,0.296210,0.128519,-0.300477,0.000435,0.895824,0.704113,-0.359691
16.766019,0.595341,0.460375,-0.999406,-0.559159,1.293363,1.170342,-0.449709,0.834067,-0.366634,0.493994,0.155296,0.486325,0.736067,-0.164748,-1.724225,-0.181991,1.864211,-1.809111,0.159550,2.413955,0.112332,0.295940,0.128811,-0.300391,0.001575,0.897811,0.706583,-0.357362
16.767156,0.591025,0.457994,-1.003128,-0.559020,1.298169,1.168492,-0.451709,0.887692,-0.399503,0.545693,0.156178,0.484707,0.735685,-0.164851,-1.723929,-0.181859,1.863906,-1.809108,0.160439,2.414650,0.111958,0.296216,0.129839,-0.302847,0.002000,0.897576,0.705309,-0.361967
16.768055,0.589513,0.453015,-1.002003,-0.559613,1.301051,1.166189,-0.450438,0.936725,-0.431514,0.593519,0.154852,0.482984,0.735391,-0.165032,-1.723626,-0.181728,1.863603,-1.809110,0.161330,2.415361,0.111610,0.298685,0.130970,-0.301194,0.000865,0.893815,0.707583,-0.358394
16.769028,0.592055,0.455403,-1.002978,-0.559697,1.304363,1.169655,-0.450669,0.976663,-0.460841,0.633163,0.151565,0.481132,0.735309,-0.165295,-1.723329,-0.181591,1.863299,-1.809110,0.162218,2.416080,0.111247,0.298965,0.133024,-0.301200,0.000653,0.889964,0.709245,-0.361053
16.770069,0.590249,0.457677,-0.995335,-0.561217,1.307674,1.168913,-0.451182,1.006630,-0.486565,0.663531,0.147544,0.479153,0.735578,-0.165645,-1.723034,-0.181463,1.863003,-1.809112,0.163090,2.416777,0.110891,0.297498,0.131560,-0.300472,-0.000105,0.886486,0.705520,-0.360766
16.771055,0.588809,0.456727,-0.998435,-0.560282,1.309908,1.169258,-0.450745,1.029678,-0.508515,0.687062,0.144655,0.477099,0.736328,-0.166074,-1.722733,-0.181335,1.862690,-1.809110,0.163970,2.417484,0.110528,0.298413,0.130282,-0.304146,0.000445,0.883540,0.706325,-0.360026
16.771986,0.589964,0.457336,-0.993992,-0.561621,1.310862,1.167886,-0.452488,1.047050,-0.526087,0.704674,0.143801,0.475082,0.737548,-0.166567,-1.722436,-0.181204,1.862387,-1.809115,0.164837,2.418185,0.110161,0.298961,0.130513,-0.302267,-0.001267,0.881298,0.705791,-0.361098
16.773036,0.592021,0.461567,-0.995953,-0.561677,1.312546,1.169033,-0.451883,1.058561,-0.539073,0.716120,0.145181,0.473231,0.739166,-0.167097,-1.722140,-0.181075,1.862080,-1.809116,0.165717,2.418895,0.109813,0.298038,0.129890,-0.304017,-0.000745,0.879741,0.706726,-0.357736
16.774021,0.596166,0.461536,-0.991959,-0.562750,1.314835,1.167954,-0.453958,1.065258,-0.547638,0.722344,0.149000,0.471691,0.741131,-0.167603,-1.721843,-0.180951,1.861777,-1.809118,0.166598,2.419604,0.109453,0.297073,0.127676,-0.302964,-0.001594,0.878480,0.705604,-0.359312
16.774937,0.597362,0.463351,-0.994043,-0.562958,1.313617,1.163692,-0.453282,1.069572,-0.552470,0.725624,0.155552,0.470602,0.743441,-0.168030,-1.721553,-0.180822,1.861474,-1.809120,0.167464,2.420310,0.109107,0.294916,0.127474,-0.304716,-0.001359,0.876185,0.706497,-0.355368
16.775979,0.599485,0.460610,-0.991777,-0.564210,1.308009,1.163665,-0.453324,1.074018,-0.555248,0.728493,0.164392,0.470062,0.745996,-0.168346,-1.721261,-0.180699,1.861175,-1.809122,0.168351,2.421031,0.108740,0.293991,0.126302,-0.303175,-0.001930,0.876612,0.710209,-0.356839
16.776950,0.599586,0.461422,-0.989908,-0.563694,1.307218,1.157442,-0.453999,1.079274,-0.557583,0.731905,0.174130,0.470081,0.748602,-0.168540,-1.720972,-0.180570,1.860865,-1.809122,0.169230,2.421743,0.108384,0.293061,0.127537,-0.304173,-0.001606,0.882646,0.710185,-0.357063
16.778024,0.598183,0.457208,-0.994156,-0.566210,1.305608,1.153675,-0.455793,1.086114,-0.561300,0.736881,0.183559,0.470568,0.751065,-0.168602,-1.720677,-0.180446,1.860561,-1.809128,0.170120,2.422472,0.108031,0.292825,0.126921,-0.304782,-0.002878,0.883019,0.716068,-0.355916
16.779103,0.602410,0.459381,-0.998723,-0.567350,1.301284,1.152435,-0.456523,1.092868,-0.566795,0.742190,0.191117,0.471463,0.753110,-0.168527,-1.720380,-0.180312,1.860263,-1.809126,0.171021,2.423204,0.107684,0.293690,0.128876,-0.302713,-0.001347,0.885082,0.719819,-0.352717
16.779997,0.602811,0.457383,-0.994014,-0.569575,1.297922,1.150274,-0.453756,1.094498,-0.572203,0.743401,0.195004,0.472717,0.754481,-0.168359,-1.720093,-0.180185,1.859970,-1.809128,0.171910,2.423925,0.107335,0.291837,0.127683,-0.300605,-0.001152,0.890029,0.721119,-0.351687
16.780980,0.597130,0.457789,-0.993527,-0.569328,1.296582,1.150756,-0.455392,1.090737,-0.577296,0.740314,0.194842,0.474138,0.755105,-0.168187,-1.719800,-0.180057,1.859665,-1.809127,0.172808,2.424653,0.106973,0.291218,0.128357,-0.302389,0.000246,0.892245,0.722574,-0.357338
16.782024,0.598569,0.456128,-0.986755,-0.569082,1.296516,1.151954,-0.453728,1.083457,-0.582549,0.734547,0.191397,0.475539,0.755092,-0.168087,-1.719504,-0.179930,1.859363,-1.809131,0.173696,2.425385,0.106624,0.293931,0.127926,-0.302352,-0.000804,0.893337,0.721694,-0.354226
16.783016,0.599092,0.459302,-0.997477,-0.571558,1.294880,1.154147,-0.453248,1.073640,-0.587529,0.726661,0.186774,0.476836,0.754790,-0.168072,-1.719212,-0.179803,1.859056,-1.809134,0.174597,2.426100,0.106265,0.293281,0.128633,-0.305647,-0.001928,0.893561,0.720476,-0.357934
16.783985,0.595400,0.455932,-0.995941,-0.571470,1.292634,1.149398,-0.452711,1.061044,-0.590739,0.716016,0.182958,0.478006,0.754585,-0.168137,-1.718917,-0.179681,1.858766,-1.809132,0.175504,2.426819,0.105903,0.292917,0.126886,-0.300108,-0.000357,0.894863,0.718013,-0.359082
16.785057,0.592718,0.462733,-0.997441,-0.572503,1.292432,1.148271,-0.452508,1.040477,-0.588590,0.697578,0.179708,0.479121,0.754639,-0.168294,-1.718623,-0.179548,1.858464,-1.809136,0.176394,2.427541,0.105536,0.294594,0.128298,-0.300627,-0.001247,0.896732,0.722464,-0.360306
16.786051,0.593540,0.459463,-0.996627,-0.574479,1.292407,1.151114,-0.452372,1.008009,-0.578330,0.667565,0.176622,0.480293,0.754972,-0.168542,-1.718321,-0.179432,1.858171,-1.809137,0.177300,2.428268,0.105176,0.296016,0.124883,-0.300006,-0.001155,0.897291,0.723586,-0.361063
16.787102,0.592805,0.462602,-0.996362,-0.575988,1.285666,1.150901,-0.451372,0.964983,-0.560130,0.627224,0.173816,0.481585,0.755516,-0.168846,-1.718025,-0.179303,1.857871,-1.809136,0.178206,2.428992,0.104812,0.295472,0.126348,-0.300214,-0.000103,0.896977,0.720418,-0.361540
16.788068,0.598431,0.464723,-0.999551,-0.575625,1.288740,1.154378,-0.451582,0.915985,-0.537187,0.581145,0.170754,0.482920,0.756036,-0.169143,-1.717729,-0.179180,1.857574,-1.809134,0.179113,2.429703,0.104439,0.295924,0.124674,-0.300372,0.000410,0.903966,0.720702,-0.363828
16.788993,0.595914,0.461017,-0.999783,-0.578633,1.290776,1.154216,-0.449417,0.865364,-0.511576,0.533361,0.168417,0.484203,0.756457,-0.169393,-1.717440,-0.179060,1.857277,-1.809138,0.180009,2.430414,0.104080,0.292953,0.123467,-0.298497,-0.000747,0.900319,0.716865,-0.363560
16.789976,0.600790,0.462487,-1.003267,-0.581410,1.289951,1.159865,-0.449696,0.815340,-0.484204,0.485821,0.167834,0.485407,0.756746,-0.169588,-1.717149,-0.178932,1.856980,-1.809133,0.180896,2.431123,0.103703,0.293951,0.125047,-0.297993,0.001340,0.897554,0.716590,-0.367976
16.791130,0.604606,0.462372,-1.000038,-0.580929,1.292840,1.161645,-0.450844,0.766995,-0.457562,0.440011,0.167027,0.486473,0.756545,-0.169724,-1.716861,-0.178811,1.856691,-1.809128,0.181793,2.431826,0.103340,0.291418,0.124146,-0.296119,0.003103,0.898079,0.710693,-0.367563
16.792141,0.598817,0.462637,-0.997786,-0.583790,1.295641,1.162875,-0.450835,0.723602,-0.434127,0.399130,0.165618,0.487342,0.755787,-0.169797,-1.716568,-0.178684,1.856390,-1.809128,0.182693,2.432536,0.102973,0.289994,0.124232,-0.298103,0.001558,0.896315,0.709418,-0.365717
16.792988,0.598363,0.463377,-0.997874,-0.584779,1.293679,1.166544,-0.452718,0.688109,-0.415228,0.365776,0.164547,0.488028,0.754668,-0.169820,-1.716272,-0.178561,1.856092,-1.809122,0.183573,2.433232,0.102610,0.292871,0.123969,-0.299098,0.003393,0.893603,0.708149,-0.365997
16.794089,0.602286,0.461231,-1.001120,-0.587150,1.291073,1.165276,-0.452575,0.657068,-0.399166,0.336808,0.162900,0.488634,0.753318,-0.169808,-1.715980,-0.178440,1.855794,-1.809118,0.184472,2.433936,0.102253,0.292492,0.123268,-0.298352,0.003504,0.894042,0.703686,-0.362181
16.795069,0.597561,0.462883,-1.006550,-0.587872,1.289872,1.163184,-0.452877,0.627552,-0.384600,0.309567,0.159881,0.489178,0.751868,-0.169791,-1.715694,-0.178312,1.855495,-1.809111,0.185362,2.434649,0.101885,0.290892,0.124293,-0.296896,0.004713,0.897463,0.705239,-0.362883
16.796019,0.596760,0.460671,-1.005267,-0.588717,1.289311,1.162438,-0.451941,0.596869,-0.370360,0.281555,0.154885,0.489604,0.750329,-0.169830,-1.715398,-0.178193,1.855211,-1.809107,0.186259,2.435353,0.101522,0.293126,0.123326,-0.294109,0.004441,0.898287,0.707123,-0.362458
16.797053,0.597425,0.462567,-1.006654,-0.587697,1.293213,1.164443,-0.452576,0.560516,-0.353739,0.248432,0.147780,0.489903,0.748705,-0.169971,-1.715104,-0.178069,1.854915,-1.809101,0.187167,2.436064,0.101158,0.293251,0.124226,-0.294471,0.004285,0.898110,0.707473,-0.364486
16.798018,0.596540,0.464721,-1.003165,-0.589135,1.291125,1.162506,-0.455248,0.519638,-0.334551,0.210917,0.140325,0.490023,0.747178,-0.170203,-1.714814,-0.177946,1.854624,-1.809102,0.188050,2.436757,0.100794,0.293013,0.123166,-0.293814,0.002346,0.894432,0.705521,-0.363458
16.799010,0.595195,0.463191,-1.004827,-0.587538,1.292124,1.162374,-0.454380,0.478201,-0.313749,0.172367,0.134622,0.489912,0.745924,-0.170483,-1.714518,-0.177827,1.854327,-1.809098,0.188951,2.437466,0.100444,0.293239,0.121950,-0.295310,0.002838,0.896046,0.707184,-0.358290
16.800101,0.596921,0.461816,-1.010265,-0.591112,1.294255,1.164953,-0.454275,0.438269,-0.291933,0.134630,0.131384,0.489590,0.744936,-0.170800,-1.714219,-0.177702,1.854034,-1.809102,0.189852,2.438180,0.100085,0.293760,0.122558,-0.294323,0.000406,0.894734,0.707075,-0.360320
16.801055,0.595516,0.463121,-1.009480,-0.591432,1.290333,1.163519,-0.454758,0.399396,-0.269799,0.097468,0.129777,0.489160,0.744100,-0.171146,-1.713931,-0.177580,1.853748,-1.809094,0.190737,2.438878,0.099727,0.293198,0.123237,-0.291888,0.002857,0.893344,0.704752,-0.360911
16.801955,0.595200,0.465000,-1.008688,-0.591241,1.285941,1.161558,-0.454640,0.359955,-0.247734,0.059729,0.127729,0.488728,0.743198,-0.171479,-1.713634,-0.177459,1.853455,-1.809092,0.191641,2.439585,0.099367,0.293644,0.122383,-0.292048,0.002243,0.896654,0.705876,-0.360089
16.803075,0.596028,0.459368,-1.010487,-0.591146,1.286930,1.159407,-0.455748,0.320304,-0.225626,0.021819,0.124867,0.488368,0.742184,-0.171758,-1.713342,-0.177340,1.853163,-1.809092,0.192541,2.440288,0.099006,0.293397,0.121223,-0.292008,0.001225,0.899972,0.707311,-0.360399
16.804089,0.599113,0.459540,-1.010442,-0.593908,1.283734,1.160413,-0.455457,0.283006,-0.204679,-0.013901,0.122119,0.488119,0.741155,-0.171953,-1.713049,-0.177211,1.852876,-1.809093,0.193444,2.441004,0.098656,0.293337,0.124015,-0.291482,0.000152,0.899749,0.709752,-0.358635
16.804995,0.606052,0.459026,-1.013798,-0.594125,1.281716,1.155655,-0.456149,0.251671,-0.188545,-0.043635,0.118568,0.487892,0.739968,-0.172053,-1.712757,-0.177088,1.852582,-1.809087,0.194363,2.441712,0.098294,0.291782,0.123779,-0.291458,0.001877,0.902715,0.708613,-0.359492
16.806134,0.603453,0.455945,-1.015965,-0.595408,1.284424,1.152291,-0.455845,0.229446,-0.179705,-0.064119,0.113140,0.487553,0.738448,-0.172087,-1.712476,-0.176963,1.852301,-1.809087,0.195261,2.442427,0.097933,0.288056,0.123751,-0.289471,0.001250,0.903688,0.712842,-0.358158
16.807109,0.600250,0.455967,-1.011412,-0.595684,1.281417,1.152472,-0.455951,0.216055,-0.177677,-0.075652,0.105635,0.487031,0.736551,-0.172101,-1.712184,-0.176837,1.852013,-1.809085,0.196164,2.443155,0.097572,0.289837,0.125306,-0.288842,0.001469,0.901943,0.716488,-0.359253
16.808006,0.600891,0.456570,-1.012884,-0.595604,1.282352,1.148334,-0.455742,0.207869,-0.180407,-0.081696,0.095765,0.486344,0.734285,-0.172141,-1.711891,-0.176711,1.851717,-1.809085,0.197065,2.443871,0.097214,0.291293,0.125074,-0.290925,0.000850,0.904554,0.715957,-0.359228
16.809139,0.599692,0.452314,-1.008845,-0.597411,1.282119,1.146742,-0.453759,0.202319,-0.185362,-0.084901,0.084422,0.485546,0.731812,-0.172245,-1.711600,-0.176590,1.851434,-1.809086,0.197968,2.444599,0.096855,0.290547,0.124517,-0.289817,-0.000021,0.902426,0.719440,-0.359716
16.810018,0.596239,0.454551,-1.009880,-0.597179,1.286415,1.147853,-0.454696,0.199849,-0.192211,-0.084898,0.072215,0.484580,0.729156,-0.172434,-1.711303,-0.176459,1.851137,-1.809085,0.198879,2.445326,0.096481,0.291525,0.126600,-0.292187,0.000767,0.903544,0.721289,-0.364124
16.810963,0.597075,0.455947,-1.017682,-0.599276,1.290189,1.147659,-0.453620,0.200089,-0.200981,-0.081888,0.058917,0.483378,0.726279,-0.172705,-1.711010,-0.176335,1.850851,-1.809088,0.199763,2.446039,0.096119,0.292775,0.125135,-0.291203,-0.000223,0.898071,0.719456,-0.362213
16.812099,0.594624,0.452587,-1.019639,-0.599237,1.291355,1.148544,-0.452214,0.196635,-0.206394,-0.082268,0.045551,0.482128,0.723530,-0.173047,-1.710719,-0.176212,1.850568,-1.809084,0.200653,2.446759,0.095747,0.292103,0.124229,-0.287105,0.000949,0.893708,0.719210,-0.364495
16.812985,0.588465,0.454044,-1.015513,-0.599592,1.292785,1.144279,-0.454165,0.183287,-0.203829,-0.092208,0.032721,0.481033,0.721210,-0.173465,-1.710422,-0.176083,1.850281,-1.809087,0.201552,2.447487,0.095371,0.293722,0.125904,-0.286594,-0.000063,0.893596,0.718609,-0.367716
16.813999,0.581498,0.451880,-1.013820,-0.598391,1.297773,1.148742,-0.453044,0.160386,-0.194072,-0.111347,0.020275,0.480101,0.719341,-0.173926,-1.710120,-0.175963,1.849993,-1.809089,0.202431,2.448224,0.095017,0.296240,0.124893,-0.288244,-0.000464,0.891135,0.722114,-0.363810
16.814972,0.587723,0.450634,-1.017745,-0.598954,1.299278,1.143323,-0.453363,0.129835,-0.178188,-0.137953,0.008987,0.479357,0.718025,-0.174371,-1.709814,-0.175835,1.849701,-1.809096,0.203310,2.448929,0.094645,0.299558,0.125812,-0.289045,-0.002409,0.886249,0.717487,-0.366325
16.816076,0.586319,0.451563,-1.010071,-0.600981,1.299692,1.144473,-0.451303,0.094711,-0.157864,-0.169203,0.000061,0.478853,0.717339,-0.174780,-1.709525,-0.175709,1.849417,-1.809099,0.204183,2.449648,0.094276,0.296285,0.126216,-0.286976,-0.002649,0.884603,0.722670,-0.365808
16.817060,0.583955,0.455366,-1.016608,-0.602632,1.300101,1.148399,-0.452962,0.062280,-0.138120,-0.197960,-0.006992,0.478501,0.716911,-0.175141,-1.709222,-0.175585,1.849120,-1.809099,0.205070,2.450366,0.093900,0.297206,0.125727,-0.291075,-0.001604,0.885050,0.721668,-0.370322
16.818074,0.584411,0.455859,-1.017638,-0.602850,1.297398,1.150156,-0.452047,0.034628,-0.120370,-0.222019,-0.013518,0.478312,0.716388,-0.175421,-1.708921,-0.175466,1.848835,-1.809098,0.205957,2.451086,0.093540,0.298176,0.123687,-0.287675,-0.000857,0.884408,0.717414,-0.367134
16.819061,0.586618,0.450889,-1.011800,-0.602704,1.302390,1.151550,-0.452936,0.005844,-0.100086,-0.247235,-0.019221,0.478523,0.715939,-0.175628,-1.708627,-0.175345,1.848554,-1.809101,0.206842,2.451790,0.093165,0.297908,0.123359,-0.287283,-0.001518,0.887209,0.715604,-0.369214
16.819997,0.587348,0.449918,-1.012268,-0.604531,1.295549,1.149424,-0.451681,-0.021816,-0.078742,-0.271658,-0.023007,0.479173,0.715713,-0.175795,-1.708331,-0.175213,1.848258,-1.809106,0.207721,2.452507,0.092800,0.296652,0.125603,-0.290047,-0.002424,0.882027,0.713946,-0.367594
16.821138,0.588596,0.448124,-1.008090,-0.605188,1.295257,1.150855,-0.452097,-0.039631,-0.063371,-0.286726,-0.025287,0.480073,0.715527,-0.175929,-1.708040,-0.175085,1.847968,-1.809106,0.208608,2.453221,0.092423,0.296041,0.125786,-0.289494,-0.001421,0.888341,0.715653,-0.370202
16.822022,0.588863,0.443427,-1.012416,-0.605198,1.294265,1.147154,-0.452804,-0.044616,-0.057186,-0.289243,-0.027566,0.481109,0.715178,-0.176017,-1.707745,-0.174957,1.847672,-1.809110,0.209501,2.453933,0.092057,0.295815,0.126667,-0.291968,-0.001726,0.889689,0.714588,-0.369785
16.823073,0.587748,0.442667,-1.010401,-0.606400,1.289745,1.144876,-0.452231,-0.038014,-0.060067,-0.280327,-0.030379,0.482264,0.714681,-0.176044,-1.707449,-0.174824,1.847385,-1.809114,0.210396,2.454660,0.091693,0.295179,0.128618,-0.289331,-0.002412,0.889482,0.717584,-0.368386
16.824082,0.588783,0.444830,-1.017261,-0.608350,1.285242,1.147391,-0.453452,-0.023645,-0.070112,-0.263655,-0.033919,0.483541,0.714082,-0.176004,-1.707152,-0.174695,1.847097,-1.809116,0.211291,2.455380,0.091317,0.295822,0.128833,-0.290505,-0.002095,0.894344,0.719836,-0.369818
16.825011,0.581065,0.440132,-1.012994,-0.608220,1.280841,1.144354,-0.453415,-0.007765,-0.082997,-0.245266,-0.038594,0.484931,0.713410,-0.175915,-1.706857,-0.174571,1.846815,-1.809116,0.212200,2.456102,0.090959,0.295244,0.127596,-0.287094,-0.001047,0.898624,0.717067,-0.367594
16.826028,0.582560,0.437824,-1.012305,-0.609680,1.277151,1.143099,-0.454574,0.003376,-0.094207,-0.231264,-0.044456,0.486384,0.712744,-0.175819,-1.706556,-0.174436,1.846518,-1.809122,0.213098,2.456831,0.090586,0.298732,0.129595,-0.288889,-0.001899,0.902201,0.719582,-0.367753
16.827011,0.583452,0.441353,-1.012177,-0.609178,1.276108,1.141891,-0.454212,0.009333,-0.104096,-0.222002,-0.051758,0.487696,0.711981,-0.175738,-1.706258,-0.174306,1.846230,-1.809123,0.214017,2.457549,0.090228,0.297881,0.130532,-0.289230,-0.001327,0.905647,0.720676,-0.365683
16.827945,0.577787,0.439888,-1.015372,-0.609495,1.276195,1.143512,-0.455231,0.013718,-0.114338,-0.214147,-0.059549,0.488668,0.711122,-0.175653,-1.705958,-0.174180,1.845938,-1.809127,0.214931,2.458277,0.089859,0.297241,0.128536,-0.289150,-0.002638,0.906162,0.721536,-0.366608
16.829008,0.578329,0.439738,-1.018820,-0.610237,1.271688,1.141615,-0.455505,0.014759,-0.121605,-0.209962,-0.065451,0.489389,0.710558,-0.175559,-1.705659,-0.174051,1.845655,-1.809131,0.215829,2.458982,0.089496,0.299733,0.129002,-0.287326,-0.003061,0.905287,0.719475,-0.364650
16.829951,0.578460,0.441974,-1.010724,-0.613283,1.272292,1.139467,-0.455989,0.007342,-0.122059,-0.214604,-0.068682,0.490069,0.710578,-0.175461,-1.705358,-0.173924,1.845372,-1.809134,0.216754,2.459714,0.089135,0.299505,0.128958,-0.285847,-0.003190,0.909959,0.721371,-0.364455
16.831073,0.573540,0.442349,-1.014413,-0.613182,1.267051,1.140161,-0.456874,-0.006497,-0.117546,-0.225849,-0.070702,0.490707,0.710980,-0.175338,-1.705061,-0.173797,1.845075,-1.809131,0.217669,2.460445,0.088770,0.299128,0.127562,-0.289599,-0.001059,0.908424,0.722987,-0.363598
16.831991,0.577283,0.438336,-1.009893,-0.614915,1.263775,1.132677,-0.456399,-0.022413,-0.110955,-0.239251,-0.072910,0.491201,0.711527,-0.175180,-1.704752,-0.173672,1.844791,-1.809137,0.218585,2.461164,0.088411,0.301785,0.127386,-0.288125,-0.002067,0.914455,0.722553,-0.362266
16.833008,0.583287,0.435445,-1.012583,-0.614527,1.270092,1.131834,-0.457729,-0.038312,-0.104198,-0.252613,-0.075860,0.491424,0.712134,-0.175013,-1.704455,-0.173539,1.844496,-1.809135,0.219505,2.461907,0.088043,0.299468,0.129039,-0.290017,-0.001169,0.916551,0.729402,-0.363303
16.833971,0.581323,0.433132,-1.010888,-0.613516,1.272860,1.133070,-0.456268,-0.047196,-0.102620,-0.259087,-0.079490,0.491099,0.712606,-0.174845,-1.704166,-0.173405,1.844208,-1.809140,0.220393,2.462631,0.087686,0.296509,0.130226,-0.288650,-0.002397,0.910220,0.730000,-0.360887
16.835077,0.585278,0.431306,-1.013075,-0.615123,1.275419,1.129751,-0.455991,-0.044380,-0.108699,-0.254600,-0.081713,0.490124,0.713103,-0.174677,-1.703865,-0.173274,1.843917,-1.809146,0.221296,2.463364,0.087320,0.297240,0.131099,-0.289321,-0.004130,0.906907,0.728280,-0.364009
16.835988,0.583076,0.426190,-1.007418,-0.617576,1.277958,1.128961,-0.455521,-0.031739,-0.120463,-0.241390,-0.080929,0.488621,0.713877,-0.174543,-1.703569,-0.173142,1.843629,-1.809148,0.222204,2.464107,0.086949,0.295512,0.131899,-0.288533,-0.003458,0.905005,0.731716,-0.364907
16.836956,0.585497,0.434072,-1.004091,-0.619354,1.277781,1.128187,-0.454616,-0.010161,-0.138404,-0.219905,-0.079234,0.486607,0.714564,-0.174453,-1.703274,-0.173004,1.843338,-1.809146,0.223089,2.464834,0.086587,0.296249,0.134026,-0.291010,-0.001854,0.901614,0.731837,-0.365926
16.838014,0.587702,0.433200,-1.006097,-0.619450,1.279287,1.130225,-0.454838,0.020028,-0.162468,-0.190032,-0.078785,0.484143,0.714797,-0.174382,-1.702980,-0.172883,1.843042,-1.809145,0.223993,2.465571,0.086213,0.294839,0.129865,-0.292429,-0.000997,0.901303,0.732154,-0.367869
16.838953,0.583619,0.428708,-1.002650,-0.620597,1.275030,1.129412,-0.452638,0.055923,-0.188173,-0.154934,-0.078325,0.481492,0.714827,-0.174337,-1.702689,-0.172751,1.842749,-1.809148,0.224885,2.466290,0.085839,0.293896,0.130174,-0.291496,-0.001778,0.900164,0.730103,-0.367676
16.839962,0.584231,0.432055,-1.007316,-0.620242,1.273692,1.127063,-0.454238,0.094363,-0.212617,-0.117930,-0.076595,0.478852,0.714955,-0.174345,-1.702392,-0.172617,1.842455,-1.809151,0.225793,2.467021,0.085462,0.295651,0.132081,-0.292918,-0.001399,0.903647,0.730397,-0.372189
16.841068,0.587809,0.432599,-1.005116,-0.620158,1.277190,1.131004,-0.453169,0.131655,-0.234242,-0.082478,-0.073783,0.476331,0.715244,-0.174393,-1.702096,-0.172490,1.842168,-1.809156,0.226706,2.467764,0.085094,0.295255,0.130191,-0.290545,-0.002566,0.904697,0.732438,-0.369130
16.842035,0.588602,0.429096,-1.006437,-0.622299,1.275957,1.128722,-0.452273,0.165102,-0.250089,-0.051483,-0.068358,0.474067,0.715930,-0.174445,-1.701806,-0.172361,1.841875,-1.809161,0.227600,2.468481,0.084714,0.293801,0.129859,-0.291956,-0.003538,0.901950,0.728663,-0.371655
16.842960,0.586863,0.425211,-1.001706,-0.623900,1.271248,1.128140,-0.451357,0.197042,-0.261320,-0.022796,-0.059684,0.472034,0.716956,-0.174499,-1.701513,-0.172228,1.841585,-1.809159,0.228508,2.469213,0.084339,0.293229,0.131325,-0.291085,-0.002278,0.902636,0.730558,-0.373560
16.843991,0.585995,0.422852,-0.999186,-0.625309,1.275538,1.135300,-0.450552,0.230749,-0.272576,0.007385,-0.050671,0.470026,0.717648,-0.174562,-1.701221,-0.172092,1.841287,-1.809160,0.229413,2.469945,0.083959,0.293806,0.132866,-0.293073,-0.001505,0.906463,0.730518,-0.375422
16.844946,0.588442,0.418277,-1.004202,-0.626472,1.274372,1.138026,-0.451881,0.267897,-0.287068,0.041153,-0.043565,0.467898,0.717509,-0.174617,-1.700925,-0.171959,1.840990,-1.809161,0.230308,2.470650,0.083580,0.294254,0.133822,-0.294272,-0.001007,0.902207,0.723273,-0.377237
16.845998,0.593921,0.422178,-0.997528,-0.627770,1.274393,1.141595,-0.450992,0.307829,-0.304882,0.077798,-0.038066,0.465679,0.716616,-0.174650,-1.700634,-0.171820,1.840700,-1.809162,0.231219,2.471364,0.083205,0.292817,0.135731,-0.291509,-0.000675,0.902703,0.720206,-0.374636
16.846945,0.596081,0.422067,-1.001765,-0.630490,1.274871,1.142808,-0.451854,0.350591,-0.325220,0.117049,-0.032916,0.463447,0.715237,-0.174654,-1.700351,-0.171689,1.840395,-1.809164,0.232129,2.472066,0.082824,0.290297,0.133572,-0.294845,-0.000295,0.902828,0.716727,-0.376696
16.847994,0.592213,0.422416,-0.990721,-0.631244,1.273684,1.145385,-0.452410,0.397361,-0.347247,0.159796,-0.027373,0.461268,0.713587,-0.174619,-1.700064,-0.171557,1.840111,-1.809159,0.233018,2.472784,0.082456,0.289066,0.133317,-0.292498,0.001472,0.901777,0.715101,-0.375047
16.849043,0.600648,0.421770,-0.997524,-0.630075,1.274800,1.142763,-0.451646,0.446549,-0.369574,0.204527,-0.021984,0.459255,0.711819,-0.174535,-1.699767,-0.171424,1.839801,-1.809159,0.233931,2.473497,0.082081,0.291083,0.132944,-0.297951,0.001269,0.903077,0.712525,-0.374200
16.850145,0.601380,0.417617,-0.992234,-0.628951,1.271533,1.142264,-0.452336,0.497672,-0.391811,0.250631,-0.016030,0.457490,0.710185,-0.174413,-1.699490,-0.171289,1.839515,-1.809164,0.234829,2.474207,0.081699,0.287117,0.133055,-0.294617,-0.000744,0.902187,0.715236,-0.375981
16.851000,0.603823,0.419070,-0.993986,-0.633274,1.273673,1.144789,-0.453832,0.552565,-0.414884,0.299507,-0.007257,0.455943,0.708963,-0.174254,-1.699204,-0.171150,1.839209,-1.809171,0.235742,2.474922,0.081330,0.287157,0.134956,-0.297410,-0.002703,0.906050,0.715933,-0.374944
16.851962,0.600856,0.419361,-0.988414,-0.633397,1.272336,1.147001,-0.453706,0.611087,-0.439752,0.351160,0.003785,0.454490,0.708044,-0.174060,-1.698924,-0.171018,1.838916,-1.809163,0.236631,2.475625,0.080962,0.285518,0.133757,-0.295899,0.000704,0.902461,0.712643,-0.371886
16.852947,0.601923,0.419384,-0.989422,-0.635561,1.274992,1.145502,-0.454330,0.669198,-0.464742,0.402125,0.014565,0.453088,0.707156,-0.173878,-1.698633,-0.170886,1.838615,-1.809163,0.237537,2.476331,0.080593,0.286865,0.133320,-0.298396,-0.000076,0.903246,0.710142,-0.372309
16.854018,0.604682,0.417422,-0.984030,-0.635099,1.276998,1.145938,-0.453880,0.722767,-0.487220,0.448581,0.024016,0.451751,0.706216,-0.173766,-1.698348,-0.170753,1.838317,-1.809159,0.238440,2.477050,0.080224,0.286299,0.133023,-0.297651,0.001128,0.900189,0.711393,-0.371217
16.855073,0.607273,0.416586,-0.981100,-0.635691,1.282325,1.150135,-0.454570,0.772346,-0.507652,0.491121,0.032190,0.450356,0.705187,-0.173731,-1.698068,-0.170616,1.838014,-1.809162,0.239341,2.477758,0.079852,0.285249,0.133800,-0.300408,-0.000274,0.898601,0.711074,-0.372448
16.856096,0.608970,0.413552,-0.987202,-0.635118,1.286141,1.145196,-0.453686,0.822700,-0.528968,0.534219,0.040281,0.448729,0.704172,-0.173752,-1.697784,-0.170481,1.837708,-1.809162,0.240219,2.478458,0.079482,0.284190,0.133997,-0.301785,-0.000607,0.893732,0.706956,-0.371331
16.856943,0.603502,0.409440,-0.983291,-0.633497,1.285800,1.145520,-0.453162,0.874317,-0.551379,0.578200,0.049524,0.446918,0.703443,-0.173808,-1.697504,-0.170342,1.837413,-1.809167,0.241090,2.479180,0.079101,0.283527,0.135219,-0.298640,-0.002016,0.890215,0.711834,-0.373317
16.858031,0.609245,0.411987,-0.987103,-0.634263,1.289299,1.146584,-0.455145,0.921798,-0.571960,0.617871,0.060322,0.445152,0.703289,-0.173878,-1.697215,-0.170204,1.837115,-1.809174,0.241979,2.479887,0.078730,0.285746,0.136761,-0.299963,-0.004231,0.889140,0.710681,-0.374288
16.859036,0.604778,0.411075,-0.982677,-0.635132,1.288430,1.142452,-0.453525,0.961865,-0.588522,0.650025,0.073307,0.443606,0.704002,-0.173942,-1.696935,-0.170072,1.836822,-1.809178,0.242862,2.480604,0.078363,0.283222,0.135320,-0.298224,-0.004330,0.886360,0.709765,-0.370627
16.859972,0.606495,0.411958,-0.988696,-0.634801,1.289994,1.136972,-0.454734,0.993936,-0.600182,0.674227,0.087928,0.442359,0.705571,-0.173995,-1.696648,-0.169934,1.836520,-1.809183,0.243743,2.481317,0.077981,0.285535,0.135476,-0.300290,-0.004255,0.887294,0.713779,-0.374096
16.861074,0.611870,0.411184,-0.989286,-0.637337,1.289793,1.134563,-0.454918,1.016234,-0.605973,0.689105,0.102524,0.441469,0.707695,-0.174040,-1.696365,-0.169803,1.836228,-1.809191,0.244628,2.482049,0.077620,0.284475,0.134701,-0.296917,-0.005251,0.885069,0.718702,-0.371740
16.861991,0.613470,0.410401,-0.991068,-0.636918,1.290125,1.133727,-0.454147,1.028320,-0.605976,0.694476,0.115870,0.440942,0.710031,-0.174080,-1.696088,-0.169667,1.835928,-1.809192,0.245503,2.482786,0.077243,0.282266,0.134943,-0.296823,-0.003658,0.886251,0.721178,-0.371732
16.862977,0.612859,0.411175,-0.989136,-0.635723,1.293776,1.131343,-0.453119,1.033863,-0.602873,0.693998,0.127408,0.440693,0.712262,-0.174132,-1.695809,-0.169534,1.835639,-1.809199,0.246385,2.483501,0.076872,0.281293,0.134949,-0.295577,-0.004764,0.885140,0.721450,-0.373342
16.863992,0.615809,0.411601,-0.991304,-0.638692,1.293455,1.130387,-0.454733,1.035603,-0.597797,0.690051,0.138642,0.440788,0.714406,-0.174204,-1.695524,-0.169400,1.835341,-1.809210,0.247267,2.484232,0.076491,0.281602,0.134269,-0.296361,-0.006597,0.881306,0.723500,-0.375530
16.864979,0.620410,0.413628,-0.987656,-0.637638,1.289067,1.136011,-0.455038,1.033792,-0.590225,0.682684,0.150613,0.441399,0.716494,-0.174252,-1.695249,-0.169265,1.835046,-1.809210,0.248146,2.484954,0.076121,0.280321,0.133785,-0.295183,-0.004504,0.881804,0.724263,-0.372469
16.865996,0.620734,0.416079,-0.986325,-0.638867,1.283507,1.132319,-0.454857,1.030766,-0.581464,0.674201,0.163174,0.442566,0.718427,-0.174230,-1.694974,-0.169135,1.834749,-1.809221,0.249043,2.485667,0.075755,0.278124,0.132530,-0.296844,-0.006208,0.885937,0.718329,-0.372071
16.867145,0.624565,0.417948,-0.991835,-0.642018,1.284218,1.130559,-0.455480,1.030095,-0.572984,0.667876,0.177354,0.444263,0.720313,-0.174143,-1.694697,-0.169007,1.834449,-1.809226,0.249952,2.486398,0.075380,0.278170,0.131120,-0.297371,-0.005765,0.891364,0.721897,-0.372647
16.868026,0.623732,0.415830,-0.990665,-0.645538,1.278073,1.135176,-0.456625,1.030191,-0.564033,0.662417,0.191895,0.446461,0.722015,-0.173994,-1.694425,-0.168878,1.834161,-1.809225,0.250837,2.487118,0.075017,0.276953,0.130179,-0.295051,-0.003655,0.891859,0.724020,-0.371857
16.868989,0.627101,0.409740,-0.994202,-0.643794,1.273015,1.135185,-0.456204,1.026843,-0.553958,0.654535,0.203061,0.448999,0.723145,-0.173782,-1.694146,-0.168747,1.833864,-1.809222,0.251746,2.487831,0.074651,0.277080,0.130852,-0.295111,-0.000989,0.896696,0.718653,-0.369561
16.870133,0.629262,0.409725,-0.992495,-0.645663,1.274363,1.139366,-0.454889,1.020462,-0.544971,0.644985,0.209728,0.451543,0.723633,-0.173545,-1.693877,-0.168609,1.833573,-1.809231,0.252641,2.488538,0.074278,0.275473,0.133541,-0.293114,-0.003441,0.901265,0.718395,-0.370554
16.871037,0.629212,0.411913,-0.994486,-0.645727,1.277643,1.138357,-0.456066,1.014724,-0.539875,0.636992,0.213924,0.453763,0.723745,-0.173336,-1.693602,-0.168475,1.833279,-1.809230,0.253545,2.489248,0.073904,0.275058,0.133451,-0.294375,-0.002599,0.900881,0.714595,-0.373622
16.872041,0.628507,0.411781,-0.992592,-0.645837,1.270776,1.143275,-0.454192,1.009938,-0.537708,0.630430,0.217465,0.455571,0.723771,-0.173187,-1.693327,-0.168346,1.832987,-1.809236,0.254446,2.489970,0.073534,0.274911,0.131996,-0.292945,-0.003230,0.896505,0.715014,-0.371254
16.873028,0.635853,0.415843,-0.998714,-0.648591,1.272172,1.142226,-0.455494,1.002880,-0.534740,0.621829,0.221675,0.457096,0.724045,-0.173120,-1.693053,-0.168214,1.832692,-1.809240,0.255352,2.490665,0.073156,0.275450,0.131830,-0.293801,-0.003921,0.903253,0.709979,-0.375227
16.873942,0.625736,0.419338,-0.997097,-0.647296,1.270802,1.144355,-0.454369,0.991959,-0.528947,0.609453,0.227064,0.458424,0.724757,-0.173131,-1.692784,-0.168089,1.832408,-1.809239,0.256252,2.491375,0.072786,0.271920,0.129599,-0.290670,-0.002069,0.901453,0.710868,-0.372733
16.875059,0.627116,0.419106,-0.998015,-0.651099,1.269915,1.145330,-0.455373,0.973299,-0.516925,0.589463,0.233419,0.459735,0.726043,-0.173193,-1.692503,-0.167965,1.832114,-1.809246,0.257151,2.492080,0.072401,0.276850,0.127581,-0.291098,-0.004056,0.901888,0.708211,-0.375019
16.876060,0.633035,0.421601,-0.996712,-0.650636,1.268281,1.144809,-0.454451,0.941848,-0.495435,0.557103,0.239933,0.461241,0.728015,-0.173296,-1.692226,-0.167838,1.831826,-1.809242,0.258062,2.492784,0.072032,0.276644,0.127688,-0.290996,-0.001316,0.903500,0.707601,-0.373369
16.876978,0.631974,0.420195,-0.996962,-0.651471,1.269400,1.143155,-0.454123,0.901897,-0.468315,0.516880,0.245214,0.462772,0.730445,-0.173425,-1.691953,-0.167713,1.831533,-1.809245,0.258977,2.493491,0.071651,0.273837,0.126257,-0.291558,-0.002654,0.904771,0.707986,-0.375397
16.878013,0.633654,0.422814,-1.005760,-0.652677,1.269974,1.142805,-0.454636,0.861634,-0.441045,0.476708,0.249570,0.464051,0.733138,-0.173572,-1.691678,-0.167584,1.831244,-1.809247,0.259868,2.494196,0.071266,0.274275,0.126657,-0.291086,-0.002573,0.902782,0.709168,-0.376038
16.878948,0.635903,0.418803,-0.998116,-0.653974,1.274052,1.144744,-0.454270,0.820376,-0.413301,0.435821,0.253355,0.465100,0.736069,-0.173748,-1.691406,-0.167461,1.830964,-1.809248,0.260774,2.494910,0.070894,0.273740,0.125239,-0.286824,-0.002281,0.902276,0.709462,-0.375241
16.880005,0.638006,0.420924,-1.003580,-0.654710,1.274526,1.141237,-0.454592,0.777125,-0.385172,0.393337,0.255949,0.465964,0.739085,-0.173957,-1.691135,-0.167330,1.830666,-1.809248,0.261672,2.495616,0.070511,0.272578,0.126945,-0.290345,-0.001820,0.897390,0.707091,-0.376023
16.881128,0.641304,0.421919,-1.003970,-0.656037,1.273514,1.142822,-0.453313,0.736980,-0.360656,0.354325,0.257027,0.466527,0.741900,-0.174178,-1.690867,-0.167207,1.830387,-1.809250,0.262561,2.496324,0.070143,0.271968,0.125794,-0.287818,-0.002002,0.897372,0.710734,-0.375664
16.882027,0.643104,0.418301,-1.004797,-0.657189,1.276678,1.145524,-0.453543,0.700962,-0.340239,0.319806,0.256755,0.466789,0.744360,-0.174422,-1.690597,-0.167083,1.830096,-1.809252,0.263463,2.497032,0.069749,0.270955,0.125307,-0.287992,-0.001649,0.899253,0.709444,-0.378557
16.882966,0.636668,0.420812,-0.998865,-0.659663,1.272465,1.144708,-0.454258,0.668722,-0.323511,0.289390,0.255471,0.466788,0.746466,-0.174695,-1.690330,-0.166953,1.829809,-1.809252,0.264360,2.497731,0.069377,0.269958,0.126772,-0.287192,-0.001297,0.894957,0.706202,-0.378080
16.884087,0.641492,0.424323,-1.008256,-0.659920,1.272217,1.145030,-0.455902,0.640480,-0.311201,0.263454,0.252448,0.466516,0.748156,-0.174947,-1.690051,-0.166831,1.829516,-1.809251,0.265257,2.498437,0.069008,0.273116,0.125282,-0.289885,0.000305,0.898536,0.706661,-0.376737
16.885098,0.644235,0.420665,-1.005306,-0.662341,1.270879,1.142379,-0.456404,0.611724,-0.299778,0.237674,0.247335,0.466097,0.749548,-0.175150,-1.689781,-0.166708,1.829239,-1.809251,0.266161,2.499155,0.068638,0.271295,0.123549,-0.285621,-0.000467,0.899574,0.706618,-0.373829
16.885989,0.637454,0.418019,-1.002765,-0.663430,1.269374,1.138301,-0.457527,0.580761,-0.287267,0.210264,0.240737,0.465586,0.750849,-0.175323,-1.689514,-0.166577,1.828954,-1.809248,0.267058,2.499866,0.068271,0.270215,0.125188,-0.287188,0.000994,0.900835,0.709161,-0.373070
16.887009,0.637597,0.417846,-1.008257,-0.663887,1.268789,1.133220,-0.457664,0.551209,-0.277289,0.185011,0.231498,0.464823,0.751880,-0.175481,-1.689235,-0.166450,1.828663,-1.809246,0.267963,2.500584,0.067903,0.273373,0.126166,-0.288008,0.001231,0.901114,0.712583,-0.370830
16.888019,0.637381,0.411291,-1.007939,-0.664690,1.268588,1.127195,-0.456917,0.521784,-0.270085,0.160934,0.218581,0.463789,0.752533,-0.175636,-1.688964,-0.166323,1.828381,-1.809247,0.268857,2.501303,0.067529,0.273554,0.126078,-0.285319,0.000762,0.901726,0.717542,-0.370787
16.889012,0.635861,0.412032,-1.011835,-0.664601,1.267423,1.130437,-0.457369,0.490169,-0.264193,0.135700,0.202491,0.462571,0.752852,-0.175811,-1.688688,-0.166190,1.828096,-1.809247,0.269759,2.502040,0.067157,0.273833,0.129135,-0.285543,0.000657,0.901779,0.723284,-0.372504
16.890081,0.633361,0.412291,-1.013647,-0.664270,1.267752,1.125409,-0.456011,0.457573,-0.260203,0.110209,0.184433,0.461219,0.752881,-0.176014,-1.688410,-0.166064,1.827813,-1.809248,0.270671,2.502766,0.066786,0.274699,0.128544,-0.283572,-0.000294,0.902562,0.719650,-0.371754
16.890983,0.632422,0.411769,-1.014678,-0.667264,1.262434,1.124540,-0.456326,0.421881,-0.255000,0.081796,0.166870,0.459965,0.752929,-0.176236,-1.688134,-0.165934,1.827532,-1.809252,0.271573,2.503494,0.066409,0.276332,0.128284,-0.282959,-0.001501,0.902613,0.724770,-0.374787
16.892069,0.633504,0.415885,-1.010697,-0.669425,1.263008,1.128016,-0.455008,0.380727,-0.245777,0.047914,0.150452,0.459005,0.753019,-0.176487,-1.687856,-0.165808,1.827251,-1.809249,0.272486,2.504224,0.066034,0.276569,0.128235,-0.282141,0.000628,0.906762,0.724904,-0.374128
16.893104,0.632019,0.415251,-1.013786,-0.670061,1.263245,1.128077,-0.453623,0.336527,-0.233912,0.011126,0.133773,0.458306,0.752851,-0.176771,-1.687581,-0.165685,1.826962,-1.809244,0.273400,2.504948,0.065649,0.276473,0.126129,-0.284408,0.001670,0.906557,0.721487,-0.377079
16.894079,0.636361,0.418476,-1.008755,-0.670190,1.261309,1.127018,-0.453047,0.292275,-0.220501,-0.025733,0.116976,0.457872,0.752463,-0.177088,-1.687301,-0.165557,1.826685,-1.809243,0.274300,2.505660,0.065268,0.277446,0.126312,-0.283034,0.001347,0.906425,0.721426,-0.380058
16.894984,0.633203,0.411760,-1.006057,-0.671911,1.258697,1.127314,-0.451818,0.250817,-0.206261,-0.060311,0.101770,0.457721,0.752096,-0.177438,-1.687027,-0.165434,1.826392,-1.809243,0.275213,2.506390,0.064881,0.275325,0.124510,-0.285408,0.000587,0.907816,0.722100,-0.381277
16.896087,0.633959,0.411121,-1.007154,-0.673023,1.262495,1.130021,-0.451796,0.217621,-0.194939,-0.087456,0.088703,0.457645,0.751682,-0.177804,-1.686748,-0.165299,1.826102,-1.809241,0.276118,2.507105,0.064489,0.276722,0.127499,-0.286354,0.001462,0.909341,0.721202,-0.383693
16.897078,0.636983,0.407069,-1.005463,-0.674493,1.262765,1.127737,-0.450457,0.194847,-0.189862,-0.104756,0.076424,0.457427,0.750954,-0.178174,-1.686471,-0.165170,1.825821,-1.809239,0.277019,2.507820,0.064108,0.276817,0.127722,-0.286191,0.001520,0.906184,0.718703,-0.384039
16.898034,0.634352,0.409122,-1.007148,-0.676704,1.266563,1.130688,-0.451158,0.181728,-0.191859,-0.112677,0.063955,0.456959,0.749718,-0.178558,-1.686197,-0.165036,1.825533,-1.809235,0.277930,2.508544,0.063709,0.275427,0.129471,-0.286978,0.002004,0.905541,0.720740,-0.386803
16.899043,0.629218,0.406025,-0.998239,-0.677451,1.270804,1.137124,-0.451199,0.176413,-0.199812,-0.112926,0.050837,0.456212,0.747822,-0.178954,-1.685921,-0.164912,1.825251,-1.809229,0.278818,2.509247,0.063330,0.276757,0.128204,-0.285994,0.003206,0.901229,0.717428,-0.385445
16.899995,0.628874,0.405266,-0.999354,-0.678270,1.272952,1.141036,-0.451566,0.174600,-0.210514,-0.109761,0.037066,0.455290,0.745365,-0.179326,-1.685635,-0.164779,1.824954,-1.809227,0.279707,2.509948,0.062936,0.279392,0.129528,-0.290389,0.002979,0.896968,0.710879,-0.385489
16.900991,0.629459,0.406485,-1.000858,-0.679443,1.276385,1.141948,-0.449742,0.174577,-0.222345,-0.105083,0.023704,0.454291,0.742670,-0.179655,-1.685357,-0.164648,1.824662,-1.809224,0.280588,2.510640,0.062551,0.279501,0.129593,-0.289519,0.002889,0.894395,0.706737,-0.384803
16.902096,0.629907,0.409244,-0.999763,-0.680324,1.280725,1.142188,-0.450692,0.174592,-0.233424,-0.100814,0.011813,0.453368,0.740077,-0.179970,-1.685077,-0.164522,1.824374,-1.809222,0.281478,2.511351,0.062162,0.279286,0.128789,-0.288715,0.003104,0.890811,0.705664,-0.388606
16.902987,0.626316,0.414314,-0.995976,-0.679921,1.278397,1.142104,-0.451366,0.171933,-0.240799,-0.099745,0.001882,0.452701,0.737845,-0.180276,-1.684796,-0.164397,1.824084,-1.809219,0.282361,2.512064,0.061775,0.279500,0.127381,-0.289574,0.002902,0.887354,0.705676,-0.386954
16.904004,0.623509,0.411036,-1.003248,-0.681810,1.280610,1.138091,-0.450884,0.165500,-0.242165,-0.103157,-0.005332,0.452403,0.736194,-0.180521,-1.684514,-0.164278,1.823792,-1.809220,0.283245,2.512763,0.061388,0.281008,0.124589,-0.291014,0.001714,0.888722,0.705207,-0.385547
16.904984,0.619047,0.406785,-1.000497,-0.680926,1.279618,1.139778,-0.452121,0.152053,-0.235106,-0.114162,-0.010154,0.452620,0.735163,-0.180681,-1.684227,-0.164149,1.823510,-1.809216,0.284132,2.513477,0.061002,0.282478,0.126083,-0.287410,0.002608,0.886544,0.709137,-0.386696
16.905999,0.617841,0.406209,-0.995611,-0.681729,1.280831,1.140704,-0.451793,0.128980,-0.220177,-0.134873,-0.014515,0.453396,0.734475,-0.180764,-1.683939,-0.164016,1.823215,-1.809220,0.285013,2.514185,0.060621,0.284656,0.127929,-0.288644,0.000911,0.887385,0.707154,-0.384305
16.907067,0.621382,0.411443,-1.000627,-0.683107,1.283971,1.138861,-0.452040,0.100771,-0.202111,-0.160747,-0.018953,0.454553,0.733883,-0.180757,-1.683652,-0.163889,1.822921,-1.809218,0.285903,2.514887,0.060242,0.285308,0.128029,-0.291045,0.000779,0.886176,0.706182,-0.385174
16.908071,0.618174,0.409650,-0.996396,-0.682025,1.281383,1.139667,-0.451576,0.072497,-0.183643,-0.186968,-0.022973,0.456001,0.733250,-0.180664,-1.683367,-0.163770,1.822636,-1.809216,0.286788,2.515600,0.059850,0.283784,0.125374,-0.288710,0.001136,0.883557,0.708146,-0.384890
16.908975,0.617942,0.412432,-0.997479,-0.682964,1.279188,1.137442,-0.452284,0.044842,-0.163873,-0.213066,-0.025906,0.457842,0.732529,-0.180516,-1.683081,-0.163641,1.822343,-1.809220,0.287677,2.516300,0.059464,0.285458,0.126096,-0.290787,-0.000786,0.886136,0.707218,-0.385969
16.910068,0.615349,0.413487,-0.992184,-0.683726,1.276195,1.139866,-0.452731,0.018259,-0.142561,-0.238721,-0.027012,0.460144,0.731736,-0.180315,-1.682798,-0.163518,1.822056,-1.809217,0.288575,2.517016,0.059087,0.285281,0.124419,-0.289855,-0.000697,0.887289,0.708870,-0.384534
16.911085,0.623896,0.411274,-0.995707,-0.684754,1.269292,1.136586,-0.452360,-0.026409,-0.099526,-0.282854,-0.025783,0.465849,0.729516,-0.179760,-1.682234,-0.163271,1.821470,-1.809219,0.290376,2.518427,0.058313,0.282779,0.124872,-0.290916,-0.000767,0.897783,0.709910,-0.384837
16.912024,0.625137,0.411324,-0.996137,-0.685310,1.266622,1.136946,-0.452539,-0.026409,-0.099526,-0.282854,-0.025783,0.465849,0.729516,-0.179760,-1.682234,-0.163271,1.821470,-1.809219,0.290376,2.518427,0.058313,0.282779,0.124872,-0.290916,-0.000767,0.897783,0.709910,-0.384837
16.912978,0.624034,0.407349,-0.996814,-0.688008,1.259805,1.140675,-0.453510,-0.036348,-0.084708,-0.292909,-0.025088,0.468734,0.727766,-0.179416,-1.681951,-0.163146,1.821179,-1.809219,0.291287,2.519137,0.057931,0.282051,0.124582,-0.290428,-0.001068,0.899549,0.709087,-0.384511
16.914044,0.623621,0.403637,-0.995577,-0.686404,1.256673,1.135529,-0.452781,-0.037257,-0.076172,-0.293985,-0.025474,0.471353,0.725644,-0.179013,-1.681670,-0.163016,1.820889,-1.809215,0.292194,2.519836,0.057548,0.282530,0.126300,-0.289868,0.000687,0.905721,0.705038,-0.382618
16.914975,0.620017,0.404506,-0.997333,-0.685836,1.256490,1.131659,-0.454693,-0.031321,-0.073874,-0.288054,-0.027928,0.473534,0.723259,-0.178558,-1.681383,-0.162886,1.820599,-1.809222,0.293115,2.520554,0.057165,0.282974,0.128026,-0.290650,-0.001739,0.908983,0.710323,-0.384363
16.916175,0.622719,0.405938,-0.998884,-0.687001,1.257707,1.130629,-0.453848,-0.021122,-0.076150,-0.277763,-0.031448,0.475240,0.720861,-0.178075,-1.681094,-0.162761,1.820308,-1.809227,0.294030,2.521286,0.056792,0.284544,0.127304,-0.289451,-0.003038,0.908164,0.713596,-0.380550
16.917170,0.621332,0.407766,-0.991364,-0.687518,1.253201,1.125884,-0.455980,-0.011507,-0.078531,-0.268035,-0.034601,0.476623,0.718754,-0.177600,-1.680814,-0.162633,1.820024,-1.809230,0.294935,2.522000,0.056408,0.283956,0.126653,-0.289377,-0.002868,0.908460,0.715234,-0.382775
16.918029,0.614814,0.412501,-1.000793,-0.687641,1.249952,1.122661,-0.455144,-0.002595,-0.080097,-0.258985,-0.037457,0.477668,0.716881,-0.177157,-1.680527,-0.162512,1.819724,-1.809234,0.295864,2.522727,0.056036,0.284649,0.125618,-0.292967,-0.003157,0.912453,0.719712,-0.378623
16.918957,0.615446,0.412212,-0.996492,-0.688907,1.251125,1.123154,-0.456491,0.002823,-0.078254,-0.253380,-0.040140,0.478447,0.715216,-0.176764,-1.680238,-0.162394,1.819442,-1.809238,0.296785,2.523447,0.055648,0.287434,0.122958,-0.287711,-0.003712,0.914019,0.722109,-0.380237
16.919970,0.615332,0.410535,-0.993639,-0.690309,1.254491,1.127517,-0.456580,-0.003081,-0.067250,-0.258897,-0.042352,0.479202,0.713959,-0.176443,-1.679953,-0.162272,1.819151,-1.809240,0.297688,2.524167,0.055278,0.286871,0.122901,-0.289618,-0.003219,0.911948,0.721059,-0.377578
16.920948,0.616978,0.409209,-0.991286,-0.690069,1.253533,1.123873,-0.456835,-0.016759,-0.050135,-0.271942,-0.044221,0.479812,0.713038,-0.176171,-1.679665,-0.162146,1.818860,-1.809242,0.298600,2.524885,0.054898,0.286974,0.123586,-0.291001,-0.002686,0.908345,0.716493,-0.377599
16.921956,0.614493,0.407722,-0.988892,-0.692205,1.256763,1.123482,-0.456871,-0.028531,-0.034450,-0.282959,-0.045785,0.479971,0.712256,-0.175929,-1.679383,-0.162021,1.818566,-1.809248,0.299497,2.525605,0.054526,0.286145,0.124051,-0.291986,-0.003688,0.908976,0.719899,-0.377233
16.922975,0.614485,0.403702,-0.989284,-0.691752,1.261462,1.123022,-0.456347,-0.034224,-0.023795,-0.287781,-0.047355,0.479569,0.711460,-0.175738,-1.679091,-0.161894,1.818270,-1.809248,0.300396,2.526329,0.054147,0.287378,0.124617,-0.293079,-0.002441,0.905582,0.720036,-0.377340
16.924044,0.617896,0.401932,-0.992435,-0.690643,1.261192,1.123630,-0.456955,-0.033990,-0.018960,-0.286423,-0.049617,0.478715,0.710547,-0.175619,-1.678806,-0.161763,1.817976,-1.809255,0.301283,2.527058,0.053763,0.287481,0.126431,-0.292823,-0.003653,0.900965,0.720296,-0.378568
16.924957,0.624809,0.404408,-0.991041,-0.692564,1.259680,1.125372,-0.456488,-0.028741,-0.019336,-0.280038,-0.051193,0.477611,0.709700,-0.175579,-1.678522,-0.161636,1.817689,-1.809264,0.302186,2.527767,0.053390,0.286040,0.127201,-0.291441,-0.005532,0.901644,0.719795,-0.377623
16.925945,0.620457,0.399781,-0.985483,-0.694690,1.257934,1.128140,-0.457653,-0.017213,-0.024426,-0.267864,-0.049879,0.476342,0.709082,-0.175593,-1.678243,-0.161512,1.817396,-1.809266,0.303096,2.528486,0.053007,0.282374,0.125672,-0.291758,-0.004357,0.902088,0.717459,-0.378576
16.926967,0.624937,0.400980,-0.985787,-0.698541,1.258023,1.132150,-0.456439,0.002704,-0.035283,-0.247771,-0.046454,0.474850,0.708436,-0.175629,-1.677958,-0.161377,1.817094,-1.809268,0.304010,2.529188,0.052633,0.284597,0.127719,-0.294314,-0.003060,0.903383,0.714512,-0.376371
16.928059,0.622705,0.399403,-0.978695,-0.700653,1.257573,1.131883,-0.456437,0.030705,-0.053050,-0.219519,-0.044004,0.473058,0.707362,-0.175684,-1.677679,-0.161252,1.816804,-1.809262,0.304908,2.529890,0.052254,0.282497,0.126965,-0.294142,-0.000271,0.903296,0.710464,-0.379044
16.929042,0.625393,0.403784,-0.983724,-0.700547,1.256268,1.131737,-0.456718,0.065602,-0.077715,-0.183892,-0.044884,0.470893,0.705663,-0.175772,-1.677389,-0.161123,1.816499,-1.809260,0.305824,2.530600,0.051878,0.283941,0.127673,-0.297797,0.000783,0.904192,0.710980,-0.379348
16.930082,0.625352,0.398035,-0.979421,-0.698786,1.257070,1.135385,-0.456047,0.104545,-0.106249,-0.143881,-0.048522,0.468392,0.703612,-0.175896,-1.677113,-0.161001,1.816211,-1.809262,0.306717,2.531304,0.051501,0.282655,0.125302,-0.295120,-0.000183,0.905212,0.710924,-0.378913
16.930956,0.627101,0.397530,-0.976462,-0.700587,1.259296,1.131976,-0.457558,0.144088,-0.134282,-0.103612,-0.051209,0.465690,0.702002,-0.176047,-1.676829,-0.160867,1.815913,-1.809269,0.307624,2.532005,0.051119,0.282873,0.128004,-0.297289,-0.002721,0.904464,0.707285,-0.380488
16.932042,0.623709,0.397356,-0.978771,-0.701401,1.255892,1.132013,-0.457729,0.186042,-0.162529,-0.061749,-0.050613,0.462782,0.701263,-0.176187,-1.676552,-0.160739,1.815609,-1.809269,0.308517,2.532710,0.050744,0.281686,0.127864,-0.298100,-0.001675,0.900969,0.710107,-0.377384
16.932965,0.621543,0.392928,-0.974125,-0.701424,1.255762,1.130713,-0.458462,0.229637,-0.191260,-0.018755,-0.048001,0.459698,0.701230,-0.176286,-1.676267,-0.160612,1.815315,-1.809271,0.309427,2.533425,0.050367,0.283746,0.127868,-0.297104,-0.001801,0.904889,0.710197,-0.377382
16.934137,0.626366,0.396766,-0.978596,-0.703381,1.257283,1.133665,-0.456903,0.270161,-0.218037,0.021105,-0.044768,0.456575,0.701727,-0.176352,-1.675978,-0.160478,1.815012,-1.809274,0.310337,2.534144,0.049996,0.284542,0.129729,-0.298975,-0.002558,0.903987,0.710963,-0.375960
16.935067,0.624342,0.396007,-0.976182,-0.703311,1.255602,1.130198,-0.457946,0.306650,-0.242271,0.056926,-0.040996,0.453501,0.702643,-0.176410,-1.675699,-0.160352,1.814721,-1.809274,0.311234,2.534841,0.049612,0.282805,0.127821,-0.297213,-0.001631,0.903816,0.708594,-0.379557
16.935969,0.619638,0.391465,-0.976078,-0.705724,1.255058,1.127476,-0.458755,0.338537,-0.262642,0.088010,-0.036380,0.450605,0.703881,-0.176477,-1.675416,-0.160222,1.814418,-1.809279,0.312144,2.535557,0.049236,0.283654,0.127899,-0.297982,-0.002447,0.904578,0.711623,-0.377465
16.937064,0.620842,0.390423,-0.969528,-0.707313,1.256505,1.132957,-0.459215,0.364164,-0.278469,0.112869,-0.032004,0.447985,0.705173,-0.176548,-1.675130,-0.160088,1.814118,-1.809275,0.313041,2.536280,0.048859,0.285707,0.129789,-0.297514,-0.000919,0.904076,0.713689,-0.375855
16.938048,0.624911,0.388074,-0.966161,-0.706566,1.255462,1.131237,-0.458773,0.385157,-0.292478,0.133475,-0.029859,0.445587,0.706124,-0.176616,-1.674845,-0.159961,1.813814,-1.809275,0.313944,2.536977,0.048487,0.285448,0.130227,-0.300910,-0.000325,0.903216,0.708429,-0.375290
16.938954,0.626425,0.384467,-0.965259,-0.709383,1.256232,1.131256,-0.459260,0.408832,-0.309399,0.156890,-0.029207,0.443237,0.706640,-0.176682,-1.674565,-0.159826,1.813510,-1.809280,0.314859,2.537693,0.048108,0.283429,0.131102,-0.302283,-0.001867,0.903771,0.709947,-0.376321
16.940101,0.628194,0.384506,-0.964188,-0.710060,1.256287,1.129690,-0.458622,0.441310,-0.332632,0.188885,-0.028675,0.440800,0.706761,-0.176753,-1.674285,-0.159688,1.813210,-1.809277,0.315756,2.538398,0.047730,0.282459,0.132467,-0.302220,0.000092,0.901982,0.709386,-0.375332
16.941090,0.631771,0.380436,-0.962411,-0.709760,1.255974,1.128494,-0.457670,0.481889,-0.361876,0.228853,-0.028972,0.438258,0.706479,-0.176839,-1.674002,-0.159558,1.812903,-1.809278,0.316658,2.539118,0.047352,0.282143,0.132398,-0.302996,-0.000270,0.903016,0.711350,-0.377043
16.941939,0.635760,0.380971,-0.958580,-0.711194,1.258546,1.124050,-0.458134,0.528933,-0.395643,0.275026,-0.029751,0.435560,0.705984,-0.176942,-1.673728,-0.159418,1.812599,-1.809280,0.317568,2.539835,0.046968,0.280477,0.134097,-0.303609,-0.001414,0.902905,0.712277,-0.379069
16.943035,0.634347,0.375451,-0.957016,-0.710992,1.260451,1.121856,-0.457799,0.583549,-0.433860,0.328194,-0.029830,0.432579,0.705464,-0.177052,-1.673456,-0.159288,1.812295,-1.809280,0.318453,2.540554,0.046594,0.278142,0.133373,-0.304785,-0.000727,0.898910,0.715908,-0.378033
16.943938,0.632642,0.370471,-0.950342,-0.710608,1.264246,1.120600,-0.458215,0.645542,-0.476281,0.388123,-0.029288,0.429217,0.704926,-0.177155,-1.673171,-0.159150,1.811985,-1.809283,0.319352,2.541281,0.046212,0.279249,0.135967,-0.305585,-0.001869,0.897677,0.718206,-0.379030
16.945016,0.631748,0.374550,-0.954441,-0.712049,1.269195,1.117977,-0.457130,0.712867,-0.522359,0.452851,-0.028244,0.425451,0.704406,-0.177256,-1.672894,-0.159006,1.811668,-1.809287,0.320228,2.542001,0.045831,0.279895,0.137929,-0.308228,-0.002969,0.893033,0.718818,-0.378165
16.945960,0.635585,0.371172,-0.949142,-0.710381,1.266798,1.116271,-0.457122,0.780240,-0.568601,0.517239,-0.026451,0.421496,0.704035,-0.177370,-1.672610,-0.158875,1.811368,-1.809288,0.321111,2.542728,0.045447,0.280659,0.135722,-0.306207,-0.002466,0.888738,0.721513,-0.380638
16.946977,0.635290,0.376854,-0.948359,-0.711550,1.269115,1.120132,-0.456631,0.842391,-0.610127,0.575993,-0.023093,0.417680,0.703953,-0.177504,-1.672332,-0.158735,1.811054,-1.809298,0.322011,2.543459,0.045064,0.278642,0.137018,-0.308364,-0.004772,0.890494,0.722684,-0.380678
16.948078,0.632724,0.376304,-0.952423,-0.711504,1.271564,1.119661,-0.456691,0.899515,-0.645469,0.628937,-0.016482,0.414165,0.704316,-0.177633,-1.672054,-0.158605,1.810748,-1.809302,0.322887,2.544165,0.044675,0.278982,0.133938,-0.308533,-0.004409,0.888313,0.718693,-0.381818
16.948966,0.633368,0.374834,-0.945288,-0.710574,1.268287,1.119082,-0.458026,0.947481,-0.670854,0.671889,-0.005964,0.411263,0.705359,-0.177730,-1.671770,-0.158472,1.810443,-1.809308,0.323768,2.544888,0.044295,0.280681,0.134112,-0.306575,-0.005304,0.886750,0.719378,-0.382011
16.949963,0.628621,0.374932,-0.946108,-0.713596,1.274446,1.118176,-0.457776,0.982731,-0.684233,0.701479,0.008089,0.409249,0.707156,-0.177772,-1.671495,-0.158336,1.810125,-1.809318,0.324654,2.545603,0.043919,0.280101,0.134399,-0.309413,-0.006817,0.888999,0.719288,-0.379291
16.951069,0.629936,0.371069,-0.946630,-0.713027,1.265924,1.118242,-0.459284,1.007880,-0.688787,0.720645,0.024113,0.408148,0.709374,-0.177742,-1.671207,-0.158205,1.809821,-1.809319,0.325548,2.546328,0.043540,0.282498,0.134103,-0.308717,-0.004619,0.882580,0.719933,-0.379980
16.952006,0.629580,0.370923,-0.946836,-0.713865,1.265016,1.117561,-0.459887,1.023327,-0.686687,0.730365,0.039505,0.407993,0.711542,-0.177627,-1.670922,-0.158064,1.809510,-1.809329,0.326447,2.547055,0.043166,0.282205,0.135840,-0.308514,-0.005984,0.891998,0.720020,-0.377287
16.952996,0.632639,0.367262,-0.945341,-0.717509,1.264907,1.121114,-0.459625,1.030400,-0.679946,0.732113,0.053635,0.408718,0.713367,-0.177436,-1.670643,-0.157928,1.809205,-1.809333,0.327330,2.547765,0.042793,0.282282,0.135510,-0.307951,-0.005878,0.892225,0.720280,-0.376174
16.953979,0.634101,0.372452,-0.942643,-0.719511,1.261321,1.125795,-0.462147,1.032821,-0.671739,0.729653,0.065910,0.410148,0.714487,-0.177192,-1.670364,-0.157786,1.808895,-1.809334,0.328228,2.548472,0.042415,0.280812,0.136978,-0.308366,-0.003091,0.892051,0.716490,-0.376857
16.954944,0.639004,0.373715,-0.941778,-0.720212,1.256251,1.129673,-0.461620,1.033820,-0.664517,0.726377,0.074907,0.412078,0.714565,-0.176893,-1.670087,-0.157658,1.808584,-1.809335,0.329122,2.549181,0.042051,0.280155,0.134108,-0.309344,-0.001973,0.895381,0.711569,-0.371947
16.955951,0.641174,0.367780,-0.945359,-0.721169,1.254345,1.134484,-0.461243,1.035380,-0.657986,0.723906,0.081800,0.414302,0.713794,-0.176557,-1.669814,-0.157529,1.808277,-1.809338,0.330032,2.549869,0.041676,0.277744,0.133238,-0.309379,-0.002084,0.899846,0.707514,-0.373177
16.957060,0.640252,0.363440,-0.944513,-0.722298,1.252436,1.137576,-0.461545,1.038803,-0.652176,0.723042,0.088634,0.416598,0.712622,-0.176249,-1.669537,-0.157387,1.807972,-1.809340,0.330938,2.550569,0.041301,0.276831,0.135885,-0.307351,-0.001973,0.901511,0.702618,-0.374114
16.957972,0.642380,0.365035,-0.942936,-0.720508,1.252037,1.138016,-0.462403,1.044261,-0.648954,0.723969,0.095376,0.418749,0.711331,-0.176005,-1.669258,-0.157244,1.807662,-1.809343,0.331847,2.551263,0.040925,0.277799,0.137816,-0.307865,-0.001784,0.904098,0.699922,-0.373851
16.958944,0.647250,0.365128,-0.944742,-0.721950,1.248069,1.135553,-0.461321,1.059189,-0.649165,0.728816,0.111660,0.422234,0.709770,-0.175632,-1.668712,-0.156976,1.807054,-1.809353,0.333669,2.552668,0.040177,0.274222,0.136242,-0.306871,-0.003591,0.906814,0.701274,-0.374488
16.960067,0.649528,0.367893,-0.946191,-0.722812,1.245619,1.135788,-0.460785,1.059189,-0.649165,0.728816,0.111660,0.422234,0.709770,-0.175632,-1.668712,-0.156976,1.807054,-1.809353,0.333669,2.552668,0.040177,0.274222,0.136242,-0.306871,-0.003591,0.906814,0.701274,-0.374488
16.961059,0.650376,0.370329,-0.948506,-0.721980,1.250025,1.136268,-0.461263,1.067553,-0.649431,0.731445,0.122560,0.423529,0.709821,-0.175486,-1.668440,-0.156844,1.806751,-1.809355,0.334578,2.553361,0.039807,0.273716,0.134765,-0.306353,-0.003705,0.910038,0.701451,-0.375947
16.962025,0.647306,0.372691,-0.946820,-0.724347,1.243529,1.137057,-0.461046,1.072312,-0.646060,0.730141,0.134898,0.424688,0.710445,-0.175349,-1.668167,-0.156714,1.806448,-1.809364,0.335483,2.554059,0.039435,0.273449,0.133306,-0.304935,-0.005228,0.905235,0.700831,-0.375144
16.963008,0.651332,0.375214,-0.949133,-0.725368,1.244389,1.137522,-0.461264,1.068695,-0.635386,0.720252,0.148679,0.425909,0.711726,-0.175218,-1.667892,-0.156583,1.806141,-1.809364,0.336407,2.554746,0.039053,0.275038,0.131837,-0.305422,-0.003688,0.911089,0.699872,-0.375679
16.963966,0.650559,0.373658,-0.950461,-0.726030,1.248207,1.138938,-0.460644,1.054879,-0.616708,0.700349,0.162311,0.427193,0.713420,-0.175137,-1.667620,-0.156456,1.805844,-1.809366,0.337310,2.555445,0.038683,0.273122,0.130364,-0.304034,-0.003524,0.909768,0.699237,-0.375399
16.964947,0.650337,0.372762,-0.950155,-0.725551,1.248568,1.141253,-0.461165,1.032180,-0.591594,0.671936,0.174878,0.428468,0.715309,-0.175133,-1.667345,-0.156325,1.805541,-1.809372,0.338211,2.556145,0.038306,0.273544,0.130868,-0.303012,-0.003599,0.905330,0.697525,-0.376751
16.965978,0.650690,0.373291,-0.950475,-0.725965,1.250890,1.139197,-0.460312,1.002647,-0.562152,0.636960,0.186855,0.429722,0.717401,-0.175211,-1.667072,-0.156191,1.805243,-1.809379,0.339108,2.556833,0.037932,0.273766,0.131019,-0.302953,-0.004795,0.904663,0.695092,-0.375832
16.966997,0.650935,0.375865,-0.953256,-0.726086,1.252739,1.136477,-0.461258,0.968502,-0.530343,0.597515,0.198891,0.430966,0.719737,-0.175367,-1.666796,-0.156062,1.804940,-1.809385,0.340012,2.557534,0.037550,0.273845,0.130569,-0.302667,-0.005173,0.902350,0.697208,-0.377765
16.968004,0.654482,0.378872,-0.953581,-0.728812,1.251374,1.137245,-0.462050,0.930190,-0.496377,0.554059,0.211111,0.432275,0.722337,-0.175553,-1.666526,-0.155936,1.804639,-1.809390,0.340900,2.558230,0.037174,0.274003,0.129128,-0.301143,-0.005855,0.900584,0.699928,-0.376035
16.969047,0.654456,0.379920,-0.950424,-0.731239,1.250448,1.134294,-0.462546,0.887258,-0.459774,0.506350,0.222770,0.433717,0.725160,-0.175717,-1.666256,-0.155813,1.804344,-1.809389,0.341807,2.558927,0.036805,0.272447,0.127488,-0.300889,-0.004027,0.901768,0.699064,-0.374664
16.970035,0.654261,0.377876,-0.949003,-0.731045,1.246573,1.132912,-0.464198,0.842511,-0.422920,0.457534,0.231848,0.435145,0.727907,-0.175842,-1.665980,-0.155688,1.804040,-1.809389,0.342719,2.559636,0.036432,0.272766,0.126861,-0.302392,-0.002554,0.902733,0.702061,-0.373933
16.970958,0.655185,0.378126,-0.948991,-0.729778,1.245187,1.130708,-0.465180,0.800372,-0.389819,0.412201,0.236871,0.436256,0.730268,-0.175931,-1.665708,-0.155556,1.803739,-1.809396,0.343620,2.560339,0.036069,0.273022,0.127634,-0.302865,-0.003493,0.906316,0.703247,-0.370807
16.972082,0.660998,0.378265,-0.953603,-0.730550,1.249346,1.129547,-0.465353,0.763325,-0.362234,0.372485,0.239481,0.436819,0.732373,-0.175989,-1.665435,-0.155431,1.803436,-1.809405,0.344532,2.561053,0.035706,0.272467,0.127236,-0.302381,-0.005375,0.906669,0.704950,-0.368950
16.973072,0.660347,0.380128,-0.954285,-0.731503,1.248101,1.126612,-0.465531,0.731496,-0.339425,0.338062,0.242332,0.436802,0.734513,-0.176051,-1.665173,-0.155305,1.803137,-1.809411,0.345422,2.561770,0.035333,0.270278,0.127152,-0.300296,-0.005476,0.903450,0.706403,-0.369011
16.974002,0.662777,0.383964,-0.953218,-0.731740,1.249869,1.125697,-0.466795,0.702962,-0.319637,0.306990,0.245968,0.436297,0.736702,-0.176150,-1.664902,-0.155181,1.802843,-1.809414,0.346331,2.562477,0.034968,0.270802,0.126038,-0.299832,-0.005336,0.904354,0.709161,-0.368849
16.975023,0.662519,0.382965,-0.953227,-0.732964,1.250278,1.127910,-0.466682,0.675348,-0.300674,0.277024,0.250112,0.435458,0.738849,-0.176265,-1.664633,-0.155063,1.802544,-1.809421,0.347237,2.563190,0.034606,0.269554,0.123938,-0.299956,-0.005765,0.901660,0.709578,-0.366407
16.976017,0.664497,0.383732,-0.954364,-0.734483,1.245161,1.127815,-0.467469,0.648036,-0.281541,0.247570,0.254960,0.434471,0.740943,-0.176371,-1.664366,-0.154936,1.802240,-1.809425,0.348130,2.563888,0.034235,0.270017,0.124299,-0.299797,-0.005361,0.901328,0.707328,-0.366886
16.976969,0.663964,0.387532,-0.953389,-0.735168,1.246536,1.130530,-0.468241,0.621346,-0.263072,0.219110,0.259837,0.433487,0.742883,-0.176475,-1.664097,-0.154815,1.801946,-1.809428,0.349052,2.564598,0.033875,0.269232,0.123788,-0.299090,-0.004680,0.906017,0.707250,-0.365521
16.978133,0.663996,0.385069,-0.960017,-0.736544,1.243846,1.131020,-0.468737,0.594640,-0.245066,0.191128,0.264206,0.432660,0.744618,-0.176575,-1.663825,-0.154698,1.801644,-1.809432,0.349958,2.565305,0.033513,0.269531,0.121732,-0.299207,-0.004771,0.903873,0.704157,-0.364119
16.978999,0.669800,0.387651,-0.957735,-0.737448,1.238780,1.133407,-0.468209,0.565202,-0.225515,0.160943,0.268147,0.432185,0.746258,-0.176682,-1.663555,-0.154571,1.801355,-1.809433,0.350866,2.566008,0.033152,0.270293,0.123024,-0.296368,-0.004396,0.907784,0.704244,-0.363638
16.979962,0.668897,0.389179,-0.959826,-0.741710,1.245768,1.131915,-0.468004,0.532943,-0.204722,0.128514,0.271529,0.432090,0.747784,-0.176840,-1.663295,-0.154453,1.801056,-1.809435,0.351789,2.566708,0.032786,0.267226,0.121445,-0.296920,-0.004233,0.911236,0.701169,-0.364701
16.981071,0.669330,0.385812,-0.955488,-0.744934,1.237869,1.134910,-0.468551,0.500652,-0.184667,0.096774,0.273288,0.432251,0.748911,-0.177066,-1.663027,-0.154334,1.800762,-1.809431,0.352676,2.567400,0.032419,0.267835,0.120546,-0.295611,-0.000908,0.903730,0.702491,-0.365249
16.981982,0.671920,0.384876,-0.959905,-0.744010,1.241433,1.135594,-0.469309,0.469847,-0.167599,0.067776,0.270278,0.432509,0.749116,-0.177346,-1.662759,-0.154212,1.800463,-1.809425,0.353611,2.568095,0.032057,0.268224,0.122271,-0.298021,0.001168,0.912190,0.699821,-0.364550
16.982999,0.670356,0.385775,-0.959397,-0.746423,1.241302,1.139773,-0.468817,0.442842,-0.156187,0.043895,0.261728,0.432633,0.748280,-0.177684,-1.662492,-0.154089,1.800171,-1.809430,0.354516,2.568800,0.031695,0.266862,0.122463,-0.295364,-0.000508,0.907449,0.698652,-0.363101
16.984064,0.674108,0.386887,-0.961128,-0.746116,1.239779,1.142121,-0.470471,0.419007,-0.149006,0.023943,0.250486,0.432585,0.746953,-0.178103,-1.662225,-0.153967,1.799877,-1.809426,0.355417,2.569477,0.031325,0.267969,0.121900,-0.295595,0.000912,0.907559,0.694541,-0.364335
16.985051,0.676069,0.387682,-0.961737,-0.749206,1.241973,1.142838,-0.469660,0.395862,-0.142947,0.005042,0.238857,0.432430,0.745685,-0.178607,-1.661960,-0.153848,1.799584,-1.809426,0.356337,2.570173,0.030971,0.266574,0.121338,-0.294846,-0.000369,0.909266,0.692393,-0.361352
16.985948,0.671458,0.385410,-0.960131,-0.749374,1.245201,1.143635,-0.471466,0.373862,-0.137451,-0.012584,0.227695,0.432090,0.744718,-0.179178,-1.661698,-0.153729,1.799291,-1.809420,0.357230,2.570872,0.030603,0.265871,0.120831,-0.294391,0.001711,0.906773,0.691533,-0.363199
16.986990,0.670261,0.384926,-0.962888,-0.749781,1.246906,1.138400,-0.472063,0.352692,-0.132497,-0.029174,0.216345,0.431514,0.744066,-0.179786,-1.661427,-0.153607,1.798999,-1.809419,0.358125,2.571558,0.030253,0.268043,0.121708,-0.294770,0.001030,0.902462,0.690281,-0.359637
16.988010,0.672451,0.383951,-0.961833,-0.752265,1.249991,1.137042,-0.471320,0.329753,-0.126937,-0.047158,0.204286,0.430773,0.743760,-0.180392,-1.661154,-0.153485,1.798708,-1.809420,0.359031,2.572264,0.029896,0.268962,0.121867,-0.293441,0.000498,0.900889,0.695614,-0.358783
16.989021,0.676440,0.388617,-0.967354,-0.752043,1.250290,1.135325,-0.471988,0.304422,-0.120763,-0.067045,0.191035,0.429904,0.743672,-0.180991,-1.660888,-0.153360,1.798415,-1.809415,0.359931,2.572955,0.029526,0.268185,0.122222,-0.293959,0.001981,0.897755,0.696959,-0.360527
16.990062,0.676596,0.389916,-0.965551,-0.752873,1.255637,1.134135,-0.472697,0.278074,-0.114374,-0.087549,0.176578,0.428898,0.743621,-0.181587,-1.660626,-0.153245,1.798126,-1.809417,0.360815,2.573659,0.029164,0.266523,0.119829,-0.291149,0.000868,0.897535,0.698592,-0.359405
16.990972,0.677514,0.389860,-0.968221,-0.752769,1.255414,1.133196,-0.472542,0.250468,-0.105869,-0.109313,0.162726,0.427880,0.743718,-0.182160,-1.660360,-0.153128,1.797831,-1.809416,0.361701,2.574362,0.028813,0.266871,0.119177,-0.292092,0.000731,0.892425,0.699815,-0.358324
16.991951,0.674203,0.389154,-0.967548,-0.753223,1.254594,1.133006,-0.472096,0.221596,-0.094401,-0.132616,0.150803,0.427025,0.743984,-0.182690,-1.660093,-0.153010,1.797548,-1.809417,0.362585,2.575061,0.028459,0.266340,0.119020,-0.290447,-0.000172,0.891861,0.700280,-0.358756
16.993071,0.671317,0.387492,-0.963972,-0.755227,1.254517,1.136579,-0.472630,0.191404,-0.080413,-0.157522,0.140977,0.426521,0.744316,-0.183193,-1.659819,-0.152890,1.797253,-1.809419,0.363478,2.575765,0.028093,0.268122,0.119238,-0.290610,-0.000558,0.892368,0.700245,-0.359829
16.993972,0.675052,0.387556,-0.964535,-0.755596,1.254297,1.131276,-0.471561,0.159835,-0.065095,-0.183849,0.132233,0.426521,0.744534,-0.183662,-1.659548,-0.152767,1.796953,-1.809417,0.364366,2.576455,0.027736,0.270177,0.120091,-0.292648,0.000404,0.893419,0.697083,-0.359191
16.994965,0.668998,0.387606,-0.963027,-0.756615,1.248819,1.127822,-0.469323,0.129727,-0.051454,-0.208499,0.123102,0.427059,0.744366,-0.184055,-1.659280,-0.152649,1.796665,-1.809419,0.365260,2.577168,0.027373,0.268169,0.119830,-0.291953,-0.000012,0.892598,0.701871,-0.361412
16.996116,0.671756,0.388150,-0.965598,-0.760558,1.248084,1.125791,-0.470052,0.102647,-0.040710,-0.229816,0.112929,0.428171,0.743713,-0.184387,-1.659000,-0.152531,1.796370,-1.809419,0.366180,2.577885,0.026995,0.271325,0.119725,-0.292570,0.000115,0.897676,0.705071,-0.366063
16.997004,0.669590,0.391058,-0.961684,-0.760356,1.241042,1.120270,-0.469187,0.076346,-0.031794,-0.249752,0.100121,0.429889,0.742530,-0.184694,-1.658732,-0.152412,1.796083,-1.809411,0.367076,2.578596,0.026636,0.270669,0.119554,-0.291754,0.002860,0.899535,0.707536,-0.365041
16.997949,0.661542,0.383972,-0.960492,-0.759408,1.234855,1.114879,-0.469159,0.050020,-0.024250,-0.268929,0.083379,0.432067,0.740778,-0.184973,-1.658457,-0.152299,1.795785,-1.809412,0.367993,2.579318,0.026263,0.271527,0.117918,-0.293195,0.001852,0.905248,0.712380,-0.366793
16.998999,0.665233,0.378389,-0.963962,-0.762150,1.235563,1.109849,-0.467424,0.024310,-0.018117,-0.286960,0.064002,0.434446,0.738651,-0.185230,-1.658178,-0.152171,1.795490,-1.809418,0.368903,2.580044,0.025891,0.275501,0.121231,-0.293465,0.000173,0.910638,0.717280,-0.366925
17.000018,0.667080,0.381762,-0.961908,-0.762316,1.226728,1.107848,-0.467265,0.000058,-0.015403,-0.302997,0.042457,0.436705,0.736162,-0.185493,-1.657905,-0.152041,1.795201,-1.809413,0.369819,2.580778,0.025516,0.273952,0.123856,-0.291829,0.001879,0.909949,0.722204,-0.370688
17.000960,0.661889,0.379607,-0.959108,-0.763105,1.227284,1.102106,-0.466461,-0.019753,-0.018821,-0.314078,0.018468,0.438479,0.733116,-0.185774,-1.657627,-0.151921,1.794903,-1.809414,0.370759,2.581511,0.025141,0.273227,0.122045,-0.292792,0.001139,0.918429,0.723945,-0.371181
17.002114,0.659730,0.385394,-0.959441,-0.760662,1.230709,1.104878,-0.466804,-0.033777,-0.027536,-0.319302,-0.006528,0.439600,0.729622,-0.186045,-1.657348,-0.151798,1.794610,-1.809413,0.371666,2.582244,0.024764,0.275763,0.122928,-0.293894,0.001046,0.916983,0.729175,-0.372867
17.003003,0.660815,0.386140,-0.962974,-0.761586,1.221973,1.106286,-0.467928,-0.045832,-0.036608,-0.323023,-0.029623,0.440297,0.726205,-0.186292,-1.657066,-0.151684,1.794315,-1.809420,0.372581,2.582967,0.024390,0.277436,0.120179,-0.294119,-0.002288,0.914544,0.726711,-0.372598
17.003967,0.657381,0.388035,-0.956268,-0.762627,1.219629,1.104097,-0.467081,-0.061214,-0.039939,-0.331121,-0.047205,0.441012,0.723618,-0.186523,-1.656792,-0.151563,1.794022,-1.809422,0.373513,2.583700,0.024025,0.276656,0.119561,-0.291852,-0.002106,0.921876,0.724544,-0.370356
17.005183,0.659472,0.388905,-0.960582,-0.763218,1.220394,1.103843,-0.469399,-0.080603,-0.036417,-0.344336,-0.058904,0.441899,0.722010,-0.186738,-1.656509,-0.151449,1.793721,-1.809425,0.374441,2.584423,0.023655,0.278329,0.118520,-0.294939,-0.001839,0.923356,0.726379,-0.372225
17.006018,0.657853,0.384877,-0.956608,-0.765213,1.217322,1.102566,-0.470251,-0.101459,-0.028739,-0.359745,-0.066874,0.442832,0.720966,-0.186939,-1.656230,-0.151332,1.793430,-1.809430,0.375371,2.585159,0.023291,0.278110,0.118317,-0.293394,-0.002253,0.923978,0.727181,-0.368109
17.007004,0.656121,0.385277,-0.961268,-0.767583,1.222419,1.105260,-0.470328,-0.121346,-0.019966,-0.374601,-0.073015,0.443637,0.720046,-0.187128,-1.655953,-0.151207,1.793131,-1.809428,0.376291,2.585883,0.022926,0.278491,0.119965,-0.294678,-0.001041,0.925193,0.727528,-0.366365
17.008058,0.657716,0.377664,-0.953656,-0.767991,1.220555,1.111707,-0.469404,-0.139961,-0.012087,-0.388215,-0.079599,0.444229,0.718815,-0.187331,-1.655670,-0.151086,1.792846,-1.809426,0.377210,2.586599,0.022562,0.279378,0.119606,-0.292257,0.000390,0.919519,0.724538,-0.366425
17.009069,0.661394,0.380353,-0.950079,-0.768583,1.226758,1.112497,-0.471616,-0.155809,-0.007348,-0.398975,-0.087510,0.444492,0.717045,-0.187589,-1.655391,-0.150956,1.792542,-1.809428,0.378138,2.587314,0.022187,0.278857,0.123293,-0.296076,-0.000119,0.921440,0.718074,-0.368556
17.010117,0.664675,0.378389,-0.948062,-0.770262,1.231813,1.116743,-0.471827,-0.161138,-0.011013,-0.399571,-0.095290,0.444087,0.714683,-0.187903,-1.655119,-0.150837,1.792245,-1.809428,0.379032,2.588023,0.021834,0.277234,0.121822,-0.297735,-0.000435,0.915106,0.717227,-0.364350
17.011039,0.664738,0.380911,-0.948766,-0.770468,1.231328,1.115158,-0.470990,-0.151131,-0.025199,-0.385579,-0.101414,0.442911,0.711843,-0.188240,-1.654845,-0.150712,1.791943,-1.809426,0.379933,2.588735,0.021470,0.275928,0.122726,-0.298691,0.000266,0.910263,0.712958,-0.364265
17.012062,0.667868,0.382499,-0.947353,-0.770878,1.227371,1.115487,-0.472559,-0.129287,-0.046496,-0.360530,-0.105476,0.441275,0.708791,-0.188574,-1.654571,-0.150594,1.791644,-1.809428,0.380835,2.589443,0.021098,0.275813,0.121259,-0.297879,-0.000330,0.909876,0.714122,-0.366012
17.013002,0.669571,0.383615,-0.945395,-0.772887,1.225139,1.117239,-0.473672,-0.101230,-0.070079,-0.330077,-0.107053,0.439525,0.705838,-0.188895,-1.654298,-0.150477,1.791349,-1.809430,0.381756,2.590157,0.020742,0.274493,0.120425,-0.298559,-0.000800,0.913661,0.713681,-0.363118
17.013978,0.669843,0.381157,-0.944257,-0.774499,1.224772,1.117549,-0.473047,-0.069410,-0.093605,-0.296663,-0.106205,0.437753,0.703125,-0.189181,-1.654024,-0.150356,1.791048,-1.809428,0.382678,2.590870,0.020386,0.273602,0.119680,-0.299135,0.000333,0.914921,0.711478,-0.361051
17.014956,0.672078,0.381118,-0.942351,-0.774928,1.223898,1.119757,-0.471249,-0.034372,-0.117417,-0.260525,-0.104535,0.435876,0.700530,-0.189439,-1.653754,-0.150233,1.790750,-1.809426,0.383587,2.591570,0.020026,0.273609,0.120743,-0.299449,0.001017,0.914755,0.710978,-0.362528
17.015967,0.669657,0.379574,-0.947297,-0.775832,1.223388,1.117614,-0.471177,0.003323,-0.142094,-0.221960,-0.103167,0.433805,0.697970,-0.189709,-1.653484,-0.150113,1.790449,-1.809426,0.384511,2.592277,0.019653,0.272622,0.120621,-0.300139,0.000551,0.915000,0.708508,-0.366293
17.017044,0.667069,0.378187,-0.942442,-0.776535,1.226393,1.120006,-0.472495,0.040735,-0.165940,-0.183832,-0.101943,0.431564,0.695584,-0.190026,-1.653211,-0.149990,1.790153,-1.809424,0.385413,2.592999,0.019285,0.274074,0.121273,-0.297528,0.000496,0.915369,0.710497,-0.366624
17.018027,0.671678,0.376223,-0.948792,-0.778474,1.230596,1.117011,-0.472146,0.072971,-0.186031,-0.150904,-0.101023,0.429286,0.693508,-0.190373,-1.652931,-0.149869,1.789851,-1.809424,0.386324,2.593699,0.018928,0.275731,0.121947,-0.300068,0.000224,0.912701,0.708272,-0.364333
17.018963,0.674416,0.374784,-0.942801,-0.777914,1.227441,1.115668,-0.471862,0.099179,-0.202359,-0.123902,-0.101100,0.427062,0.691630,-0.190709,-1.652659,-0.149744,1.789560,-1.809421,0.387231,2.594414,0.018561,0.273525,0.122741,-0.296703,0.001202,0.908046,0.711044,-0.365242
17.020087,0.675300,0.374955,-0.941736,-0.779968,1.226739,1.115902,-0.471472,0.123406,-0.217722,-0.098882,-0.102235,0.424862,0.689690,-0.191015,-1.652389,-0.149620,1.789258,-1.809424,0.388141,2.595120,0.018191,0.272157,0.123224,-0.299324,-0.000141,0.910407,0.711968,-0.365896
17.021015,0.676200,0.377489,-0.940165,-0.779983,1.227446,1.117288,-0.470639,0.151062,-0.235408,-0.070697,-0.103862,0.422575,0.687455,-0.191288,-1.652114,-0.149500,1.788956,-1.809420,0.389057,2.595834,0.017826,0.272312,0.123185,-0.300051,0.000828,0.911818,0.712032,-0.367100
17.021953,0.673202,0.377975,-0.938286,-0.782053,1.224111,1.119077,-0.472056,0.182538,-0.254997,-0.039073,-0.105483,0.420260,0.684929,-0.191522,-1.651846,-0.149381,1.788652,-1.809424,0.389971,2.596544,0.017452,0.271847,0.121722,-0.300361,0.000064,0.910097,0.710166,-0.368829
17.023041,0.676387,0.378222,-0.942544,-0.781940,1.227447,1.119184,-0.471465,0.213447,-0.272809,-0.008355,-0.106719,0.418151,0.682358,-0.191713,-1.651570,-0.149263,1.788353,-1.809421,0.390882,2.597244,0.017093,0.273288,0.121322,-0.300915,0.001231,0.912613,0.708017,-0.366086
17.024038,0.674884,0.378856,-0.934616,-0.782768,1.223989,1.120986,-0.471426,0.239720,-0.286059,0.017489,-0.107476,0.416415,0.680029,-0.191871,-1.651299,-0.149142,1.788056,-1.809422,0.391791,2.597954,0.016721,0.272177,0.121208,-0.298919,0.000152,0.909704,0.708117,-0.367644
17.025041,0.676422,0.372904,-0.933808,-0.784748,1.226562,1.112432,-0.471045,0.261370,-0.294869,0.038395,-0.107293,0.415020,0.678179,-0.192016,-1.651027,-0.149021,1.787743,-1.809424,0.392702,2.598652,0.016349,0.273128,0.120759,-0.302583,0.000125,0.912879,0.706191,-0.367890
17.025978,0.674145,0.369216,-0.928125,-0.783831,1.229142,1.110719,-0.471398,0.283400,-0.303725,0.059464,-0.107212,0.413676,0.676591,-0.192154,-1.650752,-0.148894,1.787442,-1.809422,0.393610,2.599385,0.015983,0.272509,0.123582,-0.302769,0.001161,0.909977,0.714552,-0.368870
17.027012,0.682040,0.367449,-0.928473,-0.784577,1.230234,1.109525,-0.471755,0.310624,-0.317977,0.085869,-0.109221,0.412092,0.674802,-0.192267,-1.650474,-0.148765,1.787131,-1.809426,0.394519,2.600105,0.015615,0.273569,0.125116,-0.305104,-0.000521,0.906540,0.715703,-0.368245
17.027954,0.682381,0.363704,-0.922669,-0.785183,1.229810,1.108485,-0.470661,0.345965,-0.339979,0.120425,-0.112533,0.410126,0.672764,-0.192329,-1.650212,-0.148636,1.786829,-1.809426,0.395417,2.600820,0.015250,0.270009,0.125828,-0.304806,-0.000689,0.905583,0.716839,-0.367804
17.029110,0.678611,0.365187,-0.925582,-0.784666,1.232933,1.109783,-0.472211,0.392111,-0.370905,0.165520,-0.115751,0.407659,0.670518,-0.192325,-1.649940,-0.148507,1.786518,-1.809428,0.396327,2.601541,0.014873,0.269865,0.127411,-0.307225,-0.000890,0.905194,0.717398,-0.370089
17.029955,0.680779,0.367599,-0.921151,-0.785860,1.235151,1.107294,-0.471828,0.445327,-0.407641,0.217345,-0.118212,0.404827,0.668228,-0.192282,-1.649665,-0.148381,1.786212,-1.809434,0.397217,2.602255,0.014502,0.272471,0.126675,-0.306008,-0.002327,0.903316,0.716533,-0.367391
17.031009,0.682495,0.364708,-0.918094,-0.786383,1.238452,1.108394,-0.472317,0.496512,-0.442644,0.266807,-0.119004,0.402005,0.666279,-0.192237,-1.649397,-0.148259,1.785903,-1.809434,0.398115,2.602980,0.014135,0.271046,0.125127,-0.307428,-0.001877,0.899534,0.718151,-0.368136
17.031982,0.679437,0.359634,-0.917571,-0.788971,1.240849,1.107242,-0.472165,0.544059,-0.473903,0.312310,-0.118037,0.399266,0.664699,-0.192191,-1.649125,-0.148128,1.785591,-1.809438,0.399009,2.603699,0.013765,0.270574,0.126438,-0.308811,-0.002222,0.896564,0.717025,-0.367428
17.032947,0.681498,0.361015,-0.922700,-0.788770,1.242754,1.106466,-0.473106,0.590260,-0.504229,0.356445,-0.116980,0.396513,0.663194,-0.192141,-1.648853,-0.147996,1.785285,-1.809436,0.399888,2.604412,0.013395,0.272222,0.128700,-0.308711,-0.000535,0.893938,0.717898,-0.367891
17.033971,0.681235,0.362034,-0.916826,-0.788563,1.246033,1.111178,-0.472371,0.631571,-0.532511,0.396048,-0.117349,0.393937,0.661710,-0.192095,-1.648583,-0.147870,1.784982,-1.809439,0.400779,2.605134,0.013032,0.271269,0.127756,-0.305780,-0.001549,0.891614,0.718289,-0.366151
17.035108,0.682239,0.365045,-0.917644,-0.788831,1.242675,1.110316,-0.472291,0.664498,-0.555093,0.427337,-0.117419,0.391838,0.660613,-0.192062,-1.648315,-0.147743,1.784665,-1.809445,0.401655,2.605850,0.012660,0.271724,0.127089,-0.308458,-0.002546,0.888573,0.713417,-0.367883
17.036059,0.684520,0.358996,-0.912407,-0.790983,1.241800,1.112123,-0.472958,0.690083,-0.570701,0.450822,-0.114594,0.390355,0.660182,-0.192058,-1.648043,-0.147621,1.784359,-1.809451,0.402556,2.606558,0.012285,0.271882,0.125624,-0.308238,-0.003156,0.892983,0.714740,-0.368433
17.037036,0.686404,0.358896,-0.914392,-0.792775,1.246802,1.111439,-0.472545,0.712362,-0.582306,0.470560,-0.109305,0.389399,0.660130,-0.192077,-1.647774,-0.147488,1.784044,-1.809452,0.403454,2.607267,0.011923,0.270788,0.128367,-0.310338,-0.001826,0.893202,0.712536,-0.367224
17.038051,0.692716,0.355250,-0.912033,-0.793155,1.240846,1.113379,-0.473659,0.735743,-0.594777,0.491361,-0.104002,0.388836,0.659925,-0.192072,-1.647508,-0.147359,1.783733,-1.809452,0.404325,2.607975,0.011554,0.270041,0.128140,-0.308926,-0.000915,0.888022,0.712994,-0.368230
17.039020,0.697425,0.359404,-0.907055,-0.793130,1.235689,1.115311,-0.473781,0.762673,-0.610710,0.515810,-0.099661,0.388653,0.659356,-0.191982,-1.647247,-0.147227,1.783422,-1.809456,0.405236,2.608678,0.011194,0.267243,0.129757,-0.309860,-0.001370,0.893911,0.710964,-0.366234
17.039955,0.688579,0.357822,-0.901673,-0.795091,1.232715,1.116178,-0.473491,0.797014,-0.631767,0.547336,-0.094542,0.388736,0.658543,-0.191778,-1.646986,-0.147103,1.783106,-1.809459,0.406148,2.609389,0.010827,0.265101,0.127441,-0.311872,-0.002206,0.898448,0.708724,-0.366160
17.041019,0.691530,0.354283,-0.895498,-0.797265,1.230530,1.120804,-0.474789,0.838184,-0.656432,0.585150,-0.087648,0.389050,0.657687,-0.191466,-1.646712,-0.146974,1.782791,-1.809459,0.407045,2.610088,0.010465,0.269531,0.127959,-0.313988,-0.001064,0.900646,0.707503,-0.366867
17.042004,0.700326,0.352292,-0.899095,-0.796414,1.228640,1.117612,-0.474725,0.881728,-0.682609,0.625296,-0.080925,0.389591,0.656791,-0.191041,-1.646444,-0.146840,1.782468,-1.809456,0.407958,2.610788,0.010106,0.268471,0.129550,-0.316837,0.000081,0.903064,0.702998,-0.364587
17.042946,0.701243,0.346577,-0.898664,-0.796986,1.221985,1.116647,-0.474817,0.929353,-0.712527,0.669674,-0.075109,0.390037,0.655816,-0.190520,-1.646188,-0.146705,1.782155,-1.809458,0.408858,2.611488,0.009738,0.264369,0.130230,-0.314590,-0.001638,0.904607,0.706091,-0.364915
17.044049,0.697317,0.344358,-0.894546,-0.797074,1.222861,1.115949,-0.475748,0.983017,-0.747494,0.719968,-0.068810,0.390047,0.654939,-0.189975,-1.645923,-0.146569,1.781841,-1.809461,0.409778,2.612197,0.009376,0.264030,0.132734,-0.314284,-0.001850,0.910392,0.706636,-0.364855
17.044933,0.696365,0.342796,-0.892732,-0.798740,1.225923,1.113710,-0.475140,1.039683,-0.785920,0.773132,-0.061939,0.389542,0.654317,-0.189465,-1.645650,-0.146435,1.781519,-1.809465,0.410695,2.612914,0.009014,0.266553,0.133684,-0.316266,-0.002652,0.909967,0.707545,-0.363377
17.045961,0.693481,0.346059,-0.894126,-0.798248,1.221406,1.113676,-0.475410,1.094209,-0.824601,0.824285,-0.055567,0.388698,0.653993,-0.189018,-1.645383,-0.146299,1.781205,-1.809466,0.411591,2.613618,0.008648,0.266856,0.134007,-0.316409,-0.001760,0.905680,0.709184,-0.364635
17.047034,0.689969,0.350501,-0.893358,-0.797981,1.217290,1.109918,-0.473281,1.139973,-0.858071,0.866982,-0.049895,0.387894,0.654106,-0.188675,-1.645113,-0.146171,1.780890,-1.809472,0.412515,2.614331,0.008280,0.268625,0.132199,-0.315429,-0.003049,0.910089,0.709127,-0.364332
17.048065,0.690613,0.350160,-0.889410,-0.800724,1.217553,1.114054,-0.473305,1.169508,-0.879162,0.893660,-0.043456,0.387554,0.654977,-0.188482,-1.644840,-0.146047,1.780571,-1.809478,0.413430,2.615044,0.007900,0.270809,0.129909,-0.315658,-0.004132,0.914485,0.713036,-0.368913
17.049063,0.690087,0.349878,-0.889446,-0.801378,1.218688,1.114042,-0.472012,1.181154,-0.885592,0.902594,-0.035778,0.387795,0.656581,-0.188437,-1.644567,-0.145920,1.780251,-1.809477,0.414345,2.615749,0.007533,0.270752,0.129961,-0.317328,-0.002313,0.914089,0.708805,-0.369080
17.050139,0.691045,0.346248,-0.888943,-0.804263,1.215741,1.113500,-0.471925,1.179818,-0.881401,0.898820,-0.028119,0.388396,0.658509,-0.188518,-1.644294,-0.145791,1.779936,-1.809480,0.415269,2.616460,0.007144,0.271190,0.129875,-0.316921,-0.002504,0.912477,0.708678,-0.371803
17.051037,0.689820,0.345501,-0.886471,-0.802941,1.218938,1.114243,-0.469305,1.170211,-0.871244,0.887264,-0.021977,0.389099,0.660415,-0.188709,-1.644023,-0.145655,1.779622,-1.809480,0.416185,2.617161,0.006781,0.271182,0.131517,-0.317085,-0.000581,0.915777,0.709422,-0.372305
17.051963,0.687470,0.339920,-0.889437,-0.802292,1.219910,1.111144,-0.469894,1.155896,-0.858553,0.871511,-0.017800,0.389676,0.662251,-0.188978,-1.643750,-0.145526,1.779303,-1.809488,0.417089,2.617873,0.006394,0.271621,0.131522,-0.317558,-0.002559,0.911356,0.708061,-0.377548
17.053119,0.691151,0.339465,-0.891441,-0.800871,1.224492,1.109517,-0.469758,1.137926,-0.844027,0.852273,-0.013728,0.390090,0.664463,-0.189293,-1.643478,-0.145386,1.778989,-1.809494,0.418005,2.618594,0.006015,0.272742,0.133897,-0.315449,-0.003895,0.909385,0.710661,-0.376337
17.054002,0.694393,0.338799,-0.892859,-0.800582,1.221125,1.104802,-0.468187,1.115653,-0.826999,0.828554,-0.007522,0.390465,0.667530,-0.189618,-1.643208,-0.145252,1.778677,-1.809504,0.418900,2.619310,0.005635,0.271627,0.134035,-0.314665,-0.006141,0.906005,0.712718,-0.377043
17.054976,0.696125,0.336887,-0.893871,-0.803179,1.219570,1.103836,-0.469096,1.090875,-0.808106,0.801846,0.002151,0.390823,0.671542,-0.189919,-1.642939,-0.145118,1.778366,-1.809512,0.419809,2.620039,0.005253,0.269821,0.133936,-0.313232,-0.007024,0.908100,0.716690,-0.380163
17.056085,0.697441,0.343883,-0.897745,-0.804946,1.220995,1.102481,-0.469335,1.065903,-0.788913,0.774501,0.014250,0.391072,0.676141,-0.190186,-1.642673,-0.144982,1.778053,-1.809512,0.420707,2.620754,0.004874,0.269148,0.134560,-0.312308,-0.005266,0.909227,0.717320,-0.378409
17.056971,0.700954,0.345884,-0.893127,-0.805036,1.220087,1.102997,-0.469567,1.038607,-0.768294,0.744833,0.025938,0.391257,0.680871,-0.190433,-1.642403,-0.144858,1.777749,-1.809515,0.421619,2.621475,0.004500,0.269086,0.131014,-0.310497,-0.004449,0.908420,0.718891,-0.378305
17.057953,0.698354,0.342169,-0.894067,-0.807264,1.218537,1.107991,-0.469660,1.006683,-0.743404,0.710564,0.036661,0.391452,0.685593,-0.190682,-1.642136,-0.144731,1.777434,-1.809521,0.422536,2.622195,0.004122,0.267168,0.129690,-0.312090,-0.005012,0.907940,0.717651,-0.377808
17.058962,0.700003,0.347887,-0.893760,-0.805282,1.223490,1.107428,-0.469974,0.972642,-0.715540,0.674017,0.046929,0.391509,0.690247,-0.190953,-1.641867,-0.144595,1.777129,-1.809522,0.423436,2.622898,0.003748,0.268665,0.131258,-0.311287,-0.003625,0.909141,0.712418,-0.377774
17.059971,0.702276,0.347610,-0.898455,-0.803600,1.223374,1.106459,-0.470362,0.937059,-0.685441,0.635684,0.057332,0.391410,0.694976,-0.191269,-1.641598,-0.144475,1.776815,-1.809535,0.424334,2.623615,0.003371,0.268079,0.128263,-0.311130,-0.006263,0.904023,0.712861,-0.377325
17.060977,0.705504,0.344176,-0.903631,-0.804107,1.226087,1.103289,-0.470076,0.897835,-0.650286,0.593067,0.070654,0.391401,0.700256,-0.191629,-1.641335,-0.144348,1.776509,-1.809548,0.425231,2.624328,0.002996,0.267265,0.128247,-0.308532,-0.008534,0.904092,0.713685,-0.376732
17.061990,0.707244,0.340632,-0.903440,-0.804829,1.220473,1.107580,-0.471083,0.854865,-0.609843,0.545940,0.088180,0.391679,0.706161,-0.192009,-1.641073,-0.144214,1.776211,-1.809557,0.426135,2.625050,0.002621,0.265980,0.129717,-0.305801,-0.008709,0.901147,0.716657,-0.377503
17.062936,0.704110,0.340370,-0.905141,-0.808212,1.218905,1.107679,-0.471973,0.811117,-0.568297,0.497659,0.107783,0.392231,0.712143,-0.192389,-1.640804,-0.144081,1.775905,-1.809567,0.427056,2.625760,0.002246,0.265398,0.131243,-0.305711,-0.008648,0.906556,0.712184,-0.375660
17.063947,0.705014,0.342028,-0.907819,-0.808842,1.219133,1.109868,-0.471982,0.768566,-0.529047,0.450732,0.126185,0.393006,0.717531,-0.192755,-1.640536,-0.143950,1.775604,-1.809569,0.427958,2.626461,0.001874,0.267038,0.131048,-0.304470,-0.006042,0.907370,0.711790,-0.373980
17.064961,0.705962,0.340058,-0.907277,-0.810370,1.216220,1.117619,-0.474711,0.724068,-0.490615,0.402529,0.140807,0.394150,0.721955,-0.193084,-1.640272,-0.143823,1.775302,-1.809576,0.428868,2.627165,0.001502,0.266895,0.130033,-0.302958,-0.006200,0.906920,0.709492,-0.374184
17.066040,0.709846,0.344816,-0.912454,-0.811202,1.213999,1.121785,-0.472666,0.676239,-0.451505,0.351681,0.151857,0.395732,0.725470,-0.193357,-1.640008,-0.143690,1.774999,-1.809579,0.429772,2.627859,0.001142,0.266757,0.130798,-0.303062,-0.005487,0.909739,0.701665,-0.368926
17.067004,0.710813,0.343055,-0.913058,-0.811911,1.216598,1.123470,-0.472283,0.626874,-0.411930,0.299635,0.161076,0.397639,0.728367,-0.193594,-1.639745,-0.143568,1.774704,-1.809584,0.430692,2.628541,0.000769,0.265365,0.128368,-0.300596,-0.005518,0.912236,0.697863,-0.373427
17.068091,0.715254,0.343403,-0.907692,-0.812511,1.220493,1.123113,-0.472800,0.576522,-0.371230,0.246641,0.169744,0.399777,0.730948,-0.193835,-1.639478,-0.143439,1.774403,-1.809591,0.431601,2.629239,0.000391,0.265019,0.129010,-0.299993,-0.005515,0.908967,0.695953,-0.374260
17.068956,0.718573,0.343879,-0.908926,-0.813924,1.219827,1.127516,-0.473403,0.529576,-0.332299,0.196932,0.178150,0.401871,0.733191,-0.194064,-1.639217,-0.143309,1.774093,-1.809599,0.432497,2.629930,0.000015,0.263408,0.128712,-0.302709,-0.005725,0.905667,0.696638,-0.373526
17.069951,0.719145,0.341602,-0.914830,-0.813990,1.218943,1.127325,-0.473385,0.492526,-0.299840,0.156973,0.186119,0.403566,0.734932,-0.194249,-1.638959,-0.143182,1.773796,-1.809600,0.433407,2.630612,-0.000351,0.261642,0.128107,-0.301439,-0.005051,0.904861,0.691621,-0.372295
17.071014,0.720465,0.343436,-0.911313,-0.815606,1.220243,1.127776,-0.473394,0.464034,-0.273221,0.125525,0.193654,0.404855,0.736358,-0.194417,-1.638700,-0.143051,1.773503,-1.809606,0.434318,2.631303,-0.000726,0.261706,0.129018,-0.298347,-0.005755,0.905405,0.691794,-0.372514
17.072007,0.719632,0.346806,-0.909805,-0.816275,1.224951,1.127730,-0.474854,0.439404,-0.249820,0.098079,0.200368,0.405876,0.737680,-0.194611,-1.638437,-0.142927,1.773201,-1.809608,0.435213,2.631987,-0.001097,0.261563,0.128007,-0.300170,-0.005029,0.904481,0.691584,-0.372792
17.073083,0.724601,0.348941,-0.908630,-0.818167,1.226482,1.129560,-0.473738,0.417147,-0.228500,0.073289,0.205680,0.406672,0.738896,-0.194831,-1.638173,-0.142804,1.772899,-1.809614,0.436109,2.632682,-0.001463,0.262251,0.126162,-0.300674,-0.005128,0.899500,0.691516,-0.370036
17.074073,0.724460,0.350044,-0.907337,-0.816157,1.229256,1.129551,-0.472940,0.397086,-0.208515,0.051023,0.209428,0.407288,0.739990,-0.195066,-1.637920,-0.142681,1.772594,-1.809616,0.436992,2.633360,-0.001841,0.260417,0.125063,-0.301276,-0.004143,0.898642,0.690008,-0.372610
17.074957,0.723144,0.350966,-0.909139,-0.816933,1.231479,1.129804,-0.474906,0.380137,-0.190028,0.032007,0.212689,0.407733,0.741036,-0.195314,-1.637658,-0.142558,1.772294,-1.809629,0.437885,2.634052,-0.002214,0.260789,0.124365,-0.301705,-0.006773,0.895625,0.689931,-0.374365
17.076096,0.723880,0.354454,-0.907884,-0.817743,1.235707,1.130745,-0.475592,0.364654,-0.171677,0.014333,0.217246,0.408136,0.742259,-0.195572,-1.637395,-0.142435,1.771993,-1.809635,0.438778,2.634748,-0.002579,0.261345,0.123607,-0.300196,-0.006630,0.892237,0.689108,-0.370394
17.077064,0.719822,0.352931,-0.910104,-0.818551,1.234913,1.130594,-0.474930,0.346485,-0.150843,-0.006071,0.223219,0.408729,0.743755,-0.195846,-1.637133,-0.142316,1.771692,-1.809641,0.439653,2.635434,-0.002941,0.261779,0.121939,-0.301127,-0.006691,0.889285,0.688717,-0.369511
17.077947,0.720306,0.352224,-0.908937,-0.820668,1.234575,1.128723,-0.475091,0.322888,-0.126435,-0.031616,0.229373,0.409655,0.745402,-0.196160,-1.636865,-0.142193,1.771394,-1.809648,0.440543,2.636125,-0.003315,0.263950,0.122541,-0.299712,-0.006590,0.889723,0.688686,-0.370984
17.078988,0.719790,0.352339,-0.912377,-0.821184,1.237199,1.125356,-0.477237,0.293041,-0.099378,-0.062717,0.233929,0.410981,0.746978,-0.196504,-1.636603,-0.142070,1.771091,-1.809651,0.441419,2.636810,-0.003688,0.263592,0.122594,-0.299688,-0.005206,0.889045,0.690073,-0.370629
17.079949,0.719129,0.354418,-0.904283,-0.822764,1.235834,1.124135,-0.475743,0.258127,-0.071627,-0.097925,0.235357,0.412712,0.748285,-0.196816,-1.636337,-0.141948,1.770799,-1.809658,0.442306,2.637513,-0.004046,0.264260,0.122455,-0.298015,-0.005471,0.886686,0.693503,-0.366610
17.080942,0.720841,0.351582,-0.911937,-0.824833,1.230259,1.118571,-0.476246,0.221141,-0.045125,-0.134333,0.233519,0.414821,0.749281,-0.197039,-1.636069,-0.141830,1.770488,-1.809662,0.443204,2.638213,-0.004416,0.264689,0.121274,-0.301660,-0.004653,0.887559,0.694430,-0.369798
17.081973,0.718859,0.353343,-0.912005,-0.822784,1.226050,1.115582,-0.476086,0.185415,-0.022178,-0.168648,0.228089,0.417235,0.749829,-0.197168,-1.635807,-0.141702,1.770201,-1.809664,0.444098,2.638917,-0.004785,0.264112,0.122508,-0.297709,-0.003437,0.892971,0.699880,-0.368939
17.082948,0.718649,0.355278,-0.906517,-0.824956,1.226813,1.115068,-0.475215,0.150342,-0.002410,-0.201577,0.219696,0.419961,0.749982,-0.197230,-1.635536,-0.141585,1.769904,-1.809675,0.445004,2.639629,-0.005156,0.265437,0.121576,-0.297666,-0.006175,0.897172,0.702789,-0.369515
17.083951,0.721773,0.357171,-0.909078,-0.826291,1.221899,1.111998,-0.475630,0.115331,0.015697,-0.234090,0.210635,0.422961,0.749971,-0.197253,-1.635272,-0.141468,1.769598,-1.809679,0.445890,2.640341,-0.005531,0.265734,0.120500,-0.300089,-0.004749,0.896062,0.702990,-0.371401
17.085056,0.724364,0.361702,-0.911704,-0.829575,1.217620,1.110072,-0.476072,0.082979,0.031262,-0.263675,0.201411,0.426023,0.749651,-0.197237,-1.635008,-0.141352,1.769305,-1.809682,0.446798,2.641047,-0.005895,0.264448,0.119504,-0.298691,-0.004258,0.900774,0.705958,-0.370771
17.086036,0.726005,0.365560,-0.916376,-0.828638,1.218271,1.112920,-0.475676,0.053336,0.044563,-0.290046,0.190837,0.428988,0.748732,-0.197192,-1.634741,-0.141236,1.769009,-1.809680,0.447718,2.641761,-0.006269,0.263774,0.117312,-0.297593,-0.002001,0.905578,0.708107,-0.370240
17.086942,0.723733,0.363567,-0.913827,-0.830024,1.212299,1.114046,-0.473534,0.022679,0.059197,-0.316997,0.179383,0.431920,0.747382,-0.197160,-1.634482,-0.141124,1.768716,-1.809686,0.448628,2.642457,-0.006645,0.263235,0.115349,-0.295083,-0.003715,0.904382,0.705045,-0.371183
17.088065,0.727307,0.362035,-0.915923,-0.829648,1.210706,1.111853,-0.474532,-0.011164,0.077502,-0.347118,0.169117,0.434900,0.746077,-0.197157,-1.634215,-0.141008,1.768422,-1.809688,0.449543,2.643159,-0.007027,0.264314,0.116192,-0.295952,-0.003093,0.909226,0.703428,-0.375489
17.089054,0.728314,0.362365,-0.917962,-0.834973,1.210656,1.113018,-0.474416,-0.044787,0.096349,-0.377217,0.160728,0.437748,0.744893,-0.197165,-1.633952,-0.140891,1.768126,-1.809697,0.450465,2.643876,-0.007401,0.263220,0.117040,-0.295171,-0.004284,0.911442,0.705948,-0.373817
17.089929,0.726277,0.364561,-0.914622,-0.834886,1.203157,1.115354,-0.475604,-0.074720,0.111836,-0.403535,0.152319,0.440282,0.743486,-0.197144,-1.633693,-0.140774,1.767835,-1.809687,0.451368,2.644574,-0.007774,0.263045,0.116784,-0.294034,-0.000043,0.911143,0.704610,-0.374231
17.090971,0.726926,0.362820,-0.910951,-0.835887,1.204667,1.114999,-0.475801,-0.101524,0.123762,-0.426252,0.141729,0.442551,0.741625,-0.197066,-1.633426,-0.140663,1.767537,-1.809689,0.452301,2.645274,-0.008146,0.263891,0.115513,-0.295138,-0.000909,0.917063,0.701634,-0.371805
17.091982,0.724166,0.363665,-0.909618,-0.838326,1.197175,1.115892,-0.477181,-0.124163,0.132051,-0.444498,0.129635,0.444532,0.739377,-0.196927,-1.633162,-0.140545,1.767234,-1.809690,0.453210,2.645966,-0.008519,0.263991,0.116379,-0.296908,-0.000820,0.915546,0.702133,-0.371685
17.093095,0.731653,0.366017,-0.911302,-0.840201,1.198058,1.120028,-0.477552,-0.140499,0.135435,-0.456286,0.116762,0.446059,0.736741,-0.196755,-1.632893,-0.140432,1.766937,-1.809687,0.454144,2.646665,-0.008881,0.265657,0.115940,-0.297449,0.000640,0.922672,0.701169,-0.369147
17.094067,0.727957,0.360062,-0.907128,-0.842495,1.201801,1.120263,-0.476408,-0.150742,0.134108,-0.461713,0.102673,0.446983,0.733731,-0.196610,-1.632634,-0.140320,1.766641,-1.809681,0.455071,2.647362,-0.009248,0.262597,0.114892,-0.296846,0.001379,0.922230,0.697377,-0.368818
17.094968,0.723785,0.360510,-0.902192,-0.838996,1.206400,1.120434,-0.478353,-0.154037,0.127431,-0.459930,0.087223,0.447134,0.730456,-0.196549,-1.632366,-0.140196,1.766342,-1.809675,0.455989,2.648051,-0.009623,0.264642,0.117718,-0.298685,0.002655,0.917812,0.697017,-0.371262
17.096101,0.723128,0.359324,-0.900041,-0.842709,1.209629,1.119316,-0.478306,-0.149966,0.114890,-0.450768,0.071574,0.446452,0.727186,-0.196602,-1.632097,-0.140081,1.766037,-1.809685,0.456884,2.648749,-0.009988,0.266612,0.117284,-0.300573,-0.001487,0.912181,0.696344,-0.367356
17.097016,0.724834,0.361847,-0.904550,-0.841505,1.210593,1.122412,-0.478361,-0.140712,0.098528,-0.436652,0.057520,0.445085,0.724289,-0.196775,-1.631829,-0.139962,1.765728,-1.809679,0.457795,2.649452,-0.010356,0.267623,0.117978,-0.301806,0.001123,0.909836,0.697895,-0.367919
17.098016,0.720812,0.361531,-0.895321,-0.843992,1.208065,1.117663,-0.478518,-0.129973,0.081455,-0.421193,0.045143,0.443326,0.721947,-0.197073,-1.631560,-0.139849,1.765435,-1.809684,0.458689,2.650138,-0.010721,0.266695,0.116556,-0.299120,-0.000825,0.907979,0.694376,-0.367874
17.099072,0.727695,0.363399,-0.894200,-0.845183,1.209436,1.115877,-0.479163,-0.120203,0.065875,-0.406773,0.034196,0.441433,0.720213,-0.197490,-1.631286,-0.139730,1.765123,-1.809681,0.459606,2.650844,-0.011091,0.268901,0.116632,-0.303476,0.000711,0.910165,0.699066,-0.367755
17.100125,0.729975,0.362201,-0.897132,-0.848390,1.206836,1.115823,-0.478411,-0.107940,0.049426,-0.389800,0.023532,0.439307,0.718659,-0.197988,-1.631027,-0.139613,1.764819,-1.809681,0.460505,2.651537,-0.011458,0.265947,0.115698,-0.303951,0.000941,0.909049,0.700984,-0.366756
17.100996,0.727737,0.363695,-0.889074,-0.848138,1.203590,1.115445,-0.476594,-0.089623,0.029165,-0.366517,0.011498,0.436767,0.716791,-0.198535,-1.630762,-0.139496,1.764520,-1.809673,0.461422,2.652240,-0.011827,0.265287,0.116312,-0.302484,0.003029,0.911784,0.701112,-0.368573
17.102079,0.727780,0.361559,-0.887204,-0.849480,1.208033,1.114693,-0.476584,-0.066104,0.005474,-0.337794,-0.002174,0.433821,0.714540,-0.199136,-1.630496,-0.139382,1.764207,-1.809674,0.462346,2.652943,-0.012208,0.266240,0.115344,-0.305781,0.001994,0.913435,0.700829,-0.372159
17.102993,0.725392,0.359280,-0.889253,-0.849960,1.206973,1.113071,-0.476342,-0.037986,-0.021075,-0.304454,-0.016592,0.430506,0.711959,-0.199778,-1.630227,-0.139265,1.763901,-1.809673,0.463245,2.653642,-0.012579,0.266726,0.116467,-0.306719,0.002331,0.909474,0.701828,-0.372474
17.104079,0.732303,0.358322,-0.886505,-0.849098,1.206762,1.116578,-0.474899,-0.007541,-0.049250,-0.268857,-0.031175,0.426961,0.709125,-0.200425,-1.629954,-0.139146,1.763599,-1.809672,0.464154,2.654352,-0.012953,0.267812,0.117394,-0.305157,0.001966,0.909510,0.702932,-0.372996
17.104981,0.733556,0.355768,-0.885303,-0.850645,1.208739,1.112042,-0.473616,0.023630,-0.078086,-0.232787,-0.044678,0.423322,0.706264,-0.201069,-1.629698,-0.139026,1.763285,-1.809676,0.465060,2.655041,-0.013337,0.264999,0.117879,-0.306515,0.000196,0.910226,0.699692,-0.376190
17.105988,0.733198,0.353418,-0.881305,-0.851465,1.207262,1.108386,-0.473378,0.059024,-0.109617,-0.193076,-0.055558,0.419538,0.703495,-0.201702,-1.629433,-0.138906,1.762981,-1.809674,0.465963,2.655751,-0.013719,0.264323,0.118926,-0.306524,0.000909,0.907104,0.703734,-0.378733
17.107000,0.730103,0.352982,-0.880028,-0.852757,1.207507,1.106384,-0.472300,0.100641,-0.145765,-0.147580,-0.064997,0.415595,0.700613,-0.202283,-1.629163,-0.138781,1.762667,-1.809674,0.466883,2.656470,-0.014100,0.264763,0.119951,-0.308221,0.000810,0.908284,0.707191,-0.379349
17.108100,0.729741,0.349772,-0.886960,-0.852177,1.204062,1.101794,-0.472685,0.145582,-0.185208,-0.098830,-0.074905,0.411652,0.697559,-0.202777,-1.628896,-0.138660,1.762360,-1.809674,0.467783,2.657181,-0.014481,0.266615,0.120054,-0.308618,0.001195,0.907923,0.709049,-0.381693
17.109089,0.727280,0.350232,-0.884332,-0.852488,1.201491,1.097400,-0.472622,0.187104,-0.223420,-0.053383,-0.085607,0.408010,0.694681,-0.203218,-1.628626,-0.138535,1.762058,-1.809677,0.468705,2.657905,-0.014864,0.267345,0.121646,-0.305248,-0.000340,0.911857,0.713821,-0.381200
17.110002,0.728039,0.346835,-0.881313,-0.854421,1.206005,1.093159,-0.473039,0.219257,-0.256108,-0.017210,-0.096344,0.404880,0.692342,-0.203669,-1.628356,-0.138416,1.761746,-1.809678,0.469616,2.658628,-0.015250,0.268758,0.121285,-0.306237,-0.000880,0.913992,0.717914,-0.381445
17.111152,0.730711,0.348178,-0.876833,-0.854588,1.203126,1.091646,-0.473236,0.242976,-0.283816,0.010626,-0.107277,0.402133,0.690415,-0.204135,-1.628089,-0.138291,1.761438,-1.809676,0.470520,2.659358,-0.015629,0.268302,0.122718,-0.307163,0.000197,0.908391,0.721506,-0.380614
17.112006,0.731037,0.350031,-0.879229,-0.854299,1.205652,1.085589,-0.473487,0.264452,-0.310744,0.036317,-0.119018,0.399438,0.688494,-0.204581,-1.627820,-0.138171,1.761122,-1.809678,0.471444,2.660093,-0.016013,0.267717,0.122125,-0.309557,-0.000652,0.912242,0.723298,-0.380619
17.113072,0.728617,0.351826,-0.876660,-0.855356,1.209654,1.086181,-0.472769,0.286565,-0.337710,0.062481,-0.130338,0.396685,0.686537,-0.204990,-1.627554,-0.138051,1.760821,-1.809682,0.472340,2.660822,-0.016387,0.267321,0.120893,-0.307616,-0.001613,0.908175,0.728510,-0.380041
17.114023,0.725126,0.349908,-0.870547,-0.854417,1.210909,1.089080,-0.473278,0.305322,-0.360499,0.084888,-0.139864,0.394156,0.684804,-0.205368,-1.627282,-0.137933,1.760506,-1.809682,0.473240,2.661553,-0.016775,0.268964,0.119999,-0.308795,-0.001499,0.904548,0.727830,-0.381730
17.114969,0.726126,0.349788,-0.866954,-0.856676,1.209016,1.087041,-0.472584,0.318237,-0.376966,0.100919,-0.146883,0.392074,0.683502,-0.205716,-1.627011,-0.137809,1.760188,-1.809687,0.474137,2.662284,-0.017155,0.270739,0.120759,-0.311303,-0.003191,0.902707,0.724410,-0.380758
17.116072,0.733319,0.352031,-0.868920,-0.856155,1.211526,1.087995,-0.474713,0.328483,-0.389757,0.113760,-0.151322,0.390330,0.682555,-0.206025,-1.626738,-0.137692,1.759876,-1.809685,0.475044,2.663005,-0.017545,0.270217,0.120665,-0.312572,-0.001803,0.903876,0.726046,-0.382195
17.117070,0.734290,0.346627,-0.862055,-0.859324,1.214295,1.088680,-0.474624,0.340148,-0.401861,0.127593,-0.153614,0.388733,0.681696,-0.206281,-1.626475,-0.137572,1.759568,-1.809691,0.475945,2.663730,-0.017911,0.267241,0.119569,-0.311632,-0.003211,0.902020,0.725227,-0.378265
17.118043,0.730472,0.346020,-0.861697,-0.858915,1.217523,1.093830,-0.475165,0.357416,-0.416409,0.146609,-0.154374,0.387081,0.680633,-0.206462,-1.626209,-0.137442,1.759246,-1.809688,0.476832,2.664447,-0.018291,0.267045,0.122076,-0.314648,-0.000976,0.899145,0.724322,-0.378635
17.118957,0.731726,0.342066,-0.859798,-0.859082,1.216108,1.093652,-0.475332,0.381521,-0.435380,0.172160,-0.154833,0.385293,0.679192,-0.206567,-1.625934,-0.137319,1.758936,-1.809692,0.477723,2.665155,-0.018664,0.269043,0.122178,-0.314397,-0.002209,0.895552,0.718858,-0.377678
17.119992,0.731625,0.341775,-0.862340,-0.860113,1.219849,1.093996,-0.474661,0.408695,-0.456587,0.200462,-0.154646,0.383533,0.677616,-0.206625,-1.625665,-0.137191,1.758621,-1.809697,0.478621,2.665881,-0.019041,0.268315,0.123848,-0.314704,-0.002732,0.896066,0.718468,-0.377370
17.120928,0.735137,0.341959,-0.857496,-0.860376,1.222474,1.098512,-0.474839,0.435424,-0.477438,0.227946,-0.153060,0.381951,0.676120,-0.206664,-1.625397,-0.137065,1.758314,-1.809700,0.479502,2.666593,-0.019419,0.268740,0.123856,-0.313264,-0.002574,0.892583,0.718086,-0.378955
17.122072,0.740725,0.340297,-0.850974,-0.861966,1.224521,1.098153,-0.475661,0.460600,-0.496701,0.253475,-0.149946,0.380636,0.674713,-0.206706,-1.625131,-0.136941,1.757992,-1.809704,0.480388,2.667302,-0.019800,0.267007,0.123518,-0.315055,-0.003067,0.889327,0.713105,-0.378620
17.122972,0.735835,0.338170,-0.848874,-0.862592,1.220234,1.098443,-0.476291,0.489353,-0.517261,0.281986,-0.145018,0.379445,0.673157,-0.206727,-1.624871,-0.136814,1.757666,-1.809706,0.481278,2.668005,-0.020179,0.265038,0.124358,-0.318321,-0.002448,0.888462,0.713979,-0.377367
17.124007,0.735907,0.342636,-0.845649,-0.864588,1.221287,1.103060,-0.476878,0.526411,-0.542681,0.318262,-0.139171,0.378238,0.671055,-0.206688,-1.624599,-0.136688,1.757350,-1.809708,0.482167,2.668717,-0.020551,0.267376,0.125116,-0.318629,-0.002582,0.891815,0.713083,-0.376125
17.125011,0.739143,0.340445,-0.845548,-0.865199,1.219733,1.102583,-0.475776,0.566610,-0.569409,0.357400,-0.133389,0.377349,0.668515,-0.206581,-1.624330,-0.136569,1.757028,-1.809707,0.483056,2.669422,-0.020925,0.267661,0.122799,-0.319921,-0.001547,0.890932,0.708432,-0.375190
17.126106,0.739513,0.341884,-0.841669,-0.865970,1.215508,1.103230,-0.477366,0.604672,-0.593051,0.394215,-0.127681,0.377114,0.665885,-0.206404,-1.624069,-0.136440,1.756711,-1.809706,0.483944,2.670123,-0.021304,0.266366,0.123723,-0.319581,-0.001861,0.892448,0.708860,-0.377592
17.126976,0.737361,0.338800,-0.835941,-0.867829,1.214599,1.099554,-0.477624,0.641136,-0.613752,0.429204,-0.121710,0.377491,0.663272,-0.206131,-1.623801,-0.136320,1.756384,-1.809710,0.484856,2.670835,-0.021675,0.266766,0.123011,-0.321359,-0.002001,0.897222,0.708414,-0.374709
17.128012,0.740535,0.337163,-0.832050,-0.870444,1.209394,1.104003,-0.478807,0.677679,-0.633211,0.464160,-0.116096,0.378270,0.660528,-0.205728,-1.623534,-0.136195,1.756057,-1.809708,0.485741,2.671558,-0.022052,0.267644,0.124228,-0.323265,-0.000947,0.896875,0.711343,-0.374163
17.128972,0.737610,0.332716,-0.834371,-0.871281,1.211920,1.100666,-0.479203,0.716600,-0.654159,0.501653,-0.112624,0.379159,0.657308,-0.205195,-1.623268,-0.136070,1.755731,-1.809705,0.486655,2.672252,-0.022415,0.266424,0.124927,-0.324840,0.000648,0.902100,0.706898,-0.372061
17.129955,0.737761,0.328784,-0.833151,-0.870814,1.205147,1.099089,-0.479152,0.757840,-0.677691,0.541818,-0.112316,0.379966,0.653489,-0.204588,-1.622994,-0.135941,1.755411,-1.809703,0.487562,2.672964,-0.022788,0.267948,0.126889,-0.323073,0.000560,0.898858,0.709959,-0.371398
17.131117,0.737022,0.328302,-0.826712,-0.871462,1.205797,1.100668,-0.480852,0.797596,-0.701757,0.580817,-0.114387,0.380685,0.649308,-0.203984,-1.622729,-0.135807,1.755090,-1.809705,0.488468,2.673670,-0.023157,0.268077,0.128556,-0.323213,-0.000764,0.905313,0.711307,-0.371684
17.131961,0.736153,0.326978,-0.826375,-0.872688,1.208021,1.101533,-0.479521,0.835514,-0.725873,0.617992,-0.116961,0.381181,0.645012,-0.203418,-1.622455,-0.135680,1.754756,-1.809705,0.489380,2.674382,-0.023518,0.269180,0.128809,-0.326426,-0.001157,0.905703,0.710184,-0.368750
17.133014,0.735479,0.328661,-0.822205,-0.873704,1.202150,1.102203,-0.479389,0.872406,-0.749897,0.653953,-0.118909,0.381404,0.640781,-0.202898,-1.622189,-0.135551,1.754430,-1.809705,0.490285,2.675088,-0.023897,0.269324,0.129047,-0.325528,-0.000684,0.901809,0.708531,-0.371366
17.134042,0.737410,0.332637,-0.824848,-0.873945,1.197942,1.101512,-0.480940,0.905866,-0.771515,0.686350,-0.120215,0.381575,0.636832,-0.202428,-1.621915,-0.135426,1.754101,-1.809707,0.491202,2.675791,-0.024267,0.270026,0.128106,-0.327288,-0.000571,0.907866,0.707961,-0.371892
17.135060,0.738290,0.331063,-0.820074,-0.875108,1.195932,1.102624,-0.479197,0.933065,-0.787623,0.712293,-0.120372,0.381878,0.633465,-0.202003,-1.621644,-0.135304,1.753777,-1.809710,0.492124,2.676504,-0.024633,0.269340,0.126016,-0.325553,-0.001199,0.911868,0.708597,-0.369012
17.136021,0.738727,0.330327,-0.823042,-0.876873,1.195218,1.095052,-0.481138,0.953286,-0.796854,0.730924,-0.118666,0.382308,0.630938,-0.201638,-1.621378,-0.135177,1.753443,-1.809710,0.493028,2.677203,-0.025014,0.269236,0.126656,-0.327438,-0.000940,0.913771,0.707432,-0.372741
17.136944,0.739410,0.327269,-0.811554,-0.877781,1.197613,1.092131,-0.480467,0.967926,-0.800925,0.743799,-0.116196,0.382693,0.629121,-0.201348,-1.621109,-0.135051,1.753122,-1.809707,0.493945,2.677929,-0.025371,0.269110,0.126794,-0.325345,-0.000113,0.913742,0.714670,-0.368965
17.138064,0.734414,0.322889,-0.809458,-0.876678,1.199849,1.094726,-0.481002,0.980617,-0.803733,0.754828,-0.115031,0.382742,0.627547,-0.201121,-1.620839,-0.134921,1.752780,-1.809706,0.494861,2.678652,-0.025747,0.268712,0.128000,-0.330209,-0.000056,0.910262,0.716976,-0.370402
17.139122,0.735445,0.322411,-0.809457,-0.875733,1.201754,1.092579,-0.479613,0.996205,-0.809535,0.768773,-0.115098,0.382164,0.625999,-0.200952,-1.620565,-0.134786,1.752450,-1.809714,0.495758,2.679359,-0.026110,0.271829,0.130082,-0.331084,-0.002000,0.908929,0.714672,-0.369731
17.140017,0.737224,0.324568,-0.803478,-0.875225,1.207367,1.090910,-0.479452,1.013769,-0.817774,0.784400,-0.114031,0.381039,0.624845,-0.200863,-1.620291,-0.134658,1.752120,-1.809719,0.496669,2.680084,-0.026489,0.271652,0.130167,-0.330725,-0.003782,0.907217,0.716846,-0.372800
17.141014,0.738673,0.324193,-0.800602,-0.878515,1.202944,1.090332,-0.480806,1.030646,-0.825487,0.798749,-0.109569,0.379663,0.624410,-0.200831,-1.620023,-0.134533,1.751781,-1.809729,0.497554,2.680796,-0.026866,0.270625,0.128768,-0.332731,-0.004859,0.900568,0.717893,-0.373086
17.142017,0.737481,0.328222,-0.799125,-0.878314,1.199928,1.092128,-0.480608,1.048062,-0.832771,0.813110,-0.102244,0.378144,0.624432,-0.200777,-1.619752,-0.134406,1.751448,-1.809726,0.498466,2.681519,-0.027230,0.270102,0.128780,-0.333567,-0.002497,0.904750,0.718206,-0.370562
17.142948,0.738188,0.327445,-0.796690,-0.880024,1.200630,1.092452,-0.481359,1.064968,-0.838986,0.826797,-0.094063,0.376565,0.624611,-0.200682,-1.619477,-0.134284,1.751112,-1.809733,0.499384,2.682236,-0.027606,0.270871,0.126624,-0.333687,-0.003481,0.907387,0.716185,-0.371166
17.144085,0.736861,0.332310,-0.797539,-0.881376,1.200352,1.093806,-0.482025,1.077923,-0.841466,0.836473,-0.085438,0.375059,0.625022,-0.200587,-1.619208,-0.134156,1.750782,-1.809733,0.500278,2.682943,-0.027966,0.270500,0.126738,-0.334127,-0.002589,0.905887,0.715444,-0.369759
17.144988,0.729720,0.325067,-0.789587,-0.881684,1.200202,1.100024,-0.480121,1.083922,-0.837895,0.839167,-0.076637,0.373713,0.625780,-0.200521,-1.618935,-0.134038,1.750450,-1.809734,0.501189,2.683659,-0.028338,0.271825,0.124374,-0.333591,-0.002238,0.907079,0.714438,-0.368848
17.146045,0.736016,0.326511,-0.797541,-0.878218,1.203648,1.099206,-0.480387,1.081310,-0.827684,0.833297,-0.068173,0.372537,0.626982,-0.200518,-1.618654,-0.133903,1.750105,-1.809737,0.502086,2.684365,-0.028716,0.275168,0.127644,-0.336552,-0.002676,0.906180,0.707619,-0.372701
17.147103,0.733712,0.324614,-0.793564,-0.880086,1.203208,1.101408,-0.480199,1.071475,-0.812233,0.819926,-0.058047,0.371477,0.628931,-0.200599,-1.618381,-0.133778,1.749784,-1.809752,0.502979,2.685067,-0.029086,0.272342,0.126787,-0.332262,-0.006778,0.903077,0.708632,-0.372419
17.148020,0.737123,0.321377,-0.793380,-0.880331,1.206535,1.101770,-0.481726,1.056228,-0.792404,0.800515,-0.043827,0.370558,0.631843,-0.200746,-1.618103,-0.133649,1.749447,-1.809756,0.503895,2.685773,-0.029466,0.273849,0.127620,-0.333871,-0.005722,0.903697,0.706489,-0.373054
17.149061,0.740153,0.319175,-0.795097,-0.882104,1.198772,1.105041,-0.480990,1.038416,-0.770729,0.778137,-0.026717,0.369776,0.635371,-0.200927,-1.617835,-0.133516,1.749111,-1.809764,0.504782,2.686473,-0.029832,0.272070,0.128874,-0.333046,-0.006135,0.899519,0.705695,-0.370038
17.150060,0.738256,0.323816,-0.793986,-0.882685,1.198303,1.105878,-0.481531,1.022169,-0.751311,0.757242,-0.009019,0.369022,0.639006,-0.201130,-1.617564,-0.133384,1.748786,-1.809765,0.505698,2.687168,-0.030206,0.270898,0.129775,-0.331837,-0.005267,0.907379,0.702486,-0.371800
17.151064,0.737403,0.323524,-0.800113,-0.881982,1.200414,1.107630,-0.482731,1.006980,-0.733682,0.737457,0.008297,0.368368,0.642619,-0.201352,-1.617293,-0.133263,1.748452,-1.809771,0.506615,2.687868,-0.030574,0.272072,0.127295,-0.331812,-0.005451,0.907389,0.701558,-0.370891
17.151980,0.741080,0.321017,-0.795227,-0.883281,1.195131,1.114199,-0.480800,0.986414,-0.712098,0.712378,0.025576,0.368172,0.646535,-0.201571,-1.617018,-0.133137,1.748135,-1.809782,0.507508,2.688556,-0.030935,0.272659,0.127291,-0.328331,-0.006812,0.905148,0.699776,-0.368718
17.153050,0.745092,0.324077,-0.800245,-0.884564,1.197464,1.111467,-0.479367,0.958707,-0.684789,0.680126,0.043685,0.368528,0.651074,-0.201778,-1.616748,-0.133007,1.747800,-1.809785,0.508429,2.689242,-0.031313,0.270724,0.128218,-0.329940,-0.006233,0.909345,0.692788,-0.372659
17.154049,0.745366,0.320860,-0.795383,-0.884518,1.196081,1.110090,-0.479553,0.929077,-0.655639,0.645930,0.062100,0.369113,0.656106,-0.201992,-1.616487,-0.132883,1.747477,-1.809790,0.509323,2.689933,-0.031694,0.269290,0.126605,-0.327162,-0.005807,0.907420,0.695850,-0.375786
17.154941,0.750339,0.320890,-0.799594,-0.884591,1.194913,1.107049,-0.480267,0.900950,-0.627170,0.613374,0.079634,0.369698,0.661356,-0.202207,-1.616218,-0.132754,1.747151,-1.809799,0.510235,2.690637,-0.032069,0.269386,0.128033,-0.329140,-0.006559,0.908496,0.697075,-0.375553
17.156121,0.745589,0.316925,-0.801194,-0.883984,1.198262,1.108788,-0.479492,0.876771,-0.601339,0.584899,0.096017,0.370123,0.666605,-0.202406,-1.615951,-0.132628,1.746831,-1.809806,0.511150,2.691349,-0.032444,0.266760,0.127667,-0.326200,-0.007120,0.908342,0.699504,-0.374105
17.157009,0.746597,0.319359,-0.804891,-0.886898,1.196963,1.104659,-0.480161,0.855354,-0.577669,0.559271,0.111751,0.370412,0.671865,-0.202592,-1.615680,-0.132493,1.746509,-1.809816,0.512045,2.692036,-0.032819,0.270010,0.129627,-0.325588,-0.008549,0.906401,0.698433,-0.376162
17.158076,0.750613,0.317077,-0.810007,-0.886772,1.201962,1.105768,-0.478921,0.830500,-0.552385,0.530594,0.126060,0.370838,0.677156,-0.202798,-1.615410,-0.132369,1.746192,-1.809819,0.512951,2.692748,-0.033195,0.269302,0.128078,-0.322946,-0.006329,0.906474,0.701972,-0.374776
17.159126,0.751279,0.319590,-0.811641,-0.887591,1.204494,1.109991,-0.477955,0.798601,-0.523222,0.495622,0.137516,0.371554,0.682281,-0.203049,-1.615144,-0.132236,1.745875,-1.809826,0.513840,2.693441,-0.033580,0.267782,0.129072,-0.320234,-0.007280,0.901914,0.701027,-0.377541
17.160005,0.749796,0.319881,-0.816757,-0.886312,1.204309,1.108181,-0.477854,0.759971,-0.489889,0.454523,0.146933,0.372590,0.687275,-0.203355,-1.614877,-0.132112,1.745561,-1.809833,0.514743,2.694138,-0.033968,0.267889,0.127699,-0.319251,-0.007233,0.899610,0.696880,-0.379674
17.161084,0.748761,0.320132,-0.811388,-0.888022,1.208450,1.109313,-0.479164,0.713637,-0.450759,0.405936,0.156386,0.374039,0.692480,-0.203704,-1.614606,-0.131986,1.745251,-1.809844,0.515640,2.694839,-0.034346,0.268409,0.127233,-0.315947,-0.009065,0.898559,0.698130,-0.379811
17.162042,0.745721,0.318408,-0.814340,-0.887152,1.209959,1.105474,-0.481394,0.659596,-0.405449,0.349693,0.166508,0.375889,0.698004,-0.204052,-1.614338,-0.131858,1.744925,-1.809853,0.516521,2.695531,-0.034716,0.269445,0.127006,-0.318458,-0.008083,0.895072,0.697240,-0.377494
17.162940,0.749706,0.316270,-0.811357,-0.885943,1.211244,1.101625,-0.480758,0.601161,-0.356908,0.289234,0.176389,0.377977,0.703652,-0.204366,-1.614065,-0.131731,1.744618,-1.809865,0.517413,2.696246,-0.035082,0.271014,0.127632,-0.316534,-0.009561,0.893081,0.700758,-0.373154
17.164025,0.751905,0.316569,-0.818182,-0.887529,1.213000,1.098855,-0.482249,0.542774,-0.308828,0.229050,0.186158,0.380102,0.709338,-0.204644,-1.613802,-0.131601,1.744299,-1.809879,0.518306,2.696958,-0.035462,0.268928,0.128343,-0.317284,-0.011255,0.890755,0.704005,-0.374463
17.164970,0.749032,0.318239,-0.818810,-0.887102,1.213907,1.095071,-0.482474,0.436452,-0.222025,0.119679,0.205715,0.384096,0.720448,-0.205074,-1.613261,-0.131350,1.743681,-1.809899,0.520071,2.698383,-0.036196,0.269822,0.127041,-0.313065,-0.011436,0.888303,0.710313,-0.371477
17.166098,0.749882,0.315108,-0.823865,-0.888404,1.212468,1.098408,-0.481388,0.436452,-0.222025,0.119679,0.205715,0.384096,0.720448,-0.205074,-1.613261,-0.131350,1.743681,-1.809899,0.520071,2.698383,-0.036196,0.269822,0.127041,-0.313065,-0.011436,0.888303,0.710313,-0.371477
17.167082,0.753228,0.312891,-0.825543,-0.887947,1.216549,1.092442,-0.484090,0.381953,-0.178902,0.064129,0.214035,0.386462,0.725943,-0.205210,-1.612994,-0.131216,1.743374,-1.809909,0.520957,2.699085,-0.036574,0.270071,0.128526,-0.310682,-0.010902,0.890834,0.707316,-0.374054
17.168085,0.758019,0.318764,-0.828088,-0.888168,1.210197,1.089314,-0.483962,0.326146,-0.136460,0.007644,0.221045,0.389241,0.731334,-0.205274,-1.612729,-0.131086,1.743067,-1.809923,0.521842,2.699811,-0.036929,0.268606,0.129373,-0.309547,-0.011913,0.886490,0.713041,-0.368799
17.169091,0.756041,0.322292,-0.829271,-0.889875,1.208921,1.090278,-0.484773,0.272684,-0.096932,-0.046277,0.227277,0.392353,0.736327,-0.205249,-1.612469,-0.130964,1.742764,-1.809936,0.522748,2.700538,-0.037300,0.266548,0.126276,-0.308054,-0.012286,0.892706,0.715880,-0.369308
17.170040,0.757946,0.320882,-0.833710,-0.891407,1.208237,1.092024,-0.484596,0.221073,-0.058353,-0.098315,0.233273,0.395872,0.740791,-0.205164,-1.612199,-0.130840,1.742460,-1.809945,0.523640,2.701249,-0.037659,0.267810,0.124379,-0.307261,-0.011259,0.893858,0.714724,-0.367917
17.171039,0.756375,0.319183,-0.827729,-0.890972,1.199702,1.092418,-0.485010,0.167860,-0.017929,-0.151877,0.238208,0.399969,0.744692,-0.205062,-1.611931,-0.130714,1.742160,-1.809954,0.524539,2.701957,-0.038032,0.266904,0.124867,-0.304658,-0.010374,0.893888,0.712603,-0.368385
17.172014,0.756167,0.316875,-0.831214,-0.891585,1.199393,1.095689,-0.483583,0.114880,0.022151,-0.205117,0.241620,0.404464,0.747896,-0.204953,-1.611664,-0.130586,1.741846,-1.809965,0.525447,2.702662,-0.038399,0.267946,0.125507,-0.307350,-0.011474,0.902202,0.712082,-0.367747
17.173063,0.760579,0.312769,-0.828458,-0.893747,1.194306,1.098956,-0.482390,0.066836,0.057856,-0.253464,0.244286,0.408943,0.750355,-0.204830,-1.611394,-0.130458,1.741548,-1.809977,0.526350,2.703370,-0.038770,0.268180,0.126428,-0.305312,-0.011442,0.901970,0.708521,-0.370787
17.174058,0.757901,0.313153,-0.832534,-0.894790,1.190371,1.095463,-0.484163,0.027004,0.086018,-0.293574,0.246122,0.413086,0.752045,-0.204698,-1.611129,-0.130327,1.741238,-1.809984,0.527271,2.704078,-0.039152,0.266396,0.128319,-0.306583,-0.010048,0.907120,0.705298,-0.373399
17.174953,0.757240,0.313263,-0.834700,-0.895047,1.189698,1.095476,-0.482746,-0.003518,0.105046,-0.324072,0.245811,0.416726,0.752841,-0.204562,-1.610863,-0.130199,1.740940,-1.809991,0.528186,2.704785,-0.039516,0.268009,0.127902,-0.304333,-0.009728,0.910637,0.708690,-0.370003
17.176011,0.759196,0.315485,-0.832668,-0.894966,1.184595,1.097471,-0.483859,-0.030195,0.119119,-0.350248,0.242983,0.420054,0.752911,-0.204434,-1.610591,-0.130073,1.740642,-1.810001,0.529101,2.705492,-0.039893,0.268160,0.127531,-0.302738,-0.010053,0.909997,0.708056,-0.372887
17.177024,0.758877,0.315784,-0.837821,-0.896849,1.181793,1.100656,-0.483742,-0.057228,0.132517,-0.376514,0.239202,0.423245,0.752568,-0.204305,-1.610326,-0.129950,1.740334,-1.810013,0.530029,2.706200,-0.040262,0.267644,0.126343,-0.303697,-0.010814,0.915173,0.706130,-0.370908
17.178052,0.763940,0.316706,-0.829696,-0.899827,1.183585,1.103561,-0.483936,-0.084609,0.146240,-0.403113,0.235806,0.426262,0.751935,-0.204159,-1.610055,-0.129825,1.740041,-1.810020,0.530947,2.706885,-0.040638,0.268071,0.126049,-0.301029,-0.009647,0.917677,0.702964,-0.371358
17.179165,0.765850,0.327935,-0.836718,-0.902152,1.180947,1.108453,-0.484397,-0.110294,0.158786,-0.427892,0.231822,0.428957,0.750802,-0.203988,-1.609790,-0.129701,1.739731,-1.810022,0.531868,2.707582,-0.041003,0.265875,0.125471,-0.304949,-0.007541,0.915670,0.700083,-0.371224
17.180013,0.763652,0.324456,-0.830456,-0.903051,1.181483,1.111889,-0.484733,-0.132601,0.169655,-0.449009,0.226047,0.431201,0.749019,-0.203784,-1.609525,-0.129589,1.739435,-1.810023,0.532779,2.708266,-0.041375,0.265604,0.119952,-0.301618,-0.006213,0.919032,0.695624,-0.370672
17.180991,0.766948,0.324206,-0.834245,-0.906030,1.185084,1.110735,-0.486545,-0.154987,0.182500,-0.469951,0.218867,0.433104,0.747000,-0.203561,-1.609256,-0.129467,1.739126,-1.810029,0.533694,2.708955,-0.041741,0.266422,0.121430,-0.303995,-0.005951,0.916749,0.691531,-0.369954
17.182130,0.771372,0.318121,-0.838257,-0.904887,1.189178,1.110007,-0.487161,-0.177539,0.196486,-0.490710,0.209980,0.434624,0.744926,-0.203345,-1.608994,-0.129347,1.738830,-1.810029,0.534605,2.709648,-0.042101,0.264987,0.121402,-0.301843,-0.003826,0.912617,0.692580,-0.366499
17.182948,0.768348,0.316508,-0.832608,-0.905577,1.188240,1.108413,-0.488520,-0.196612,0.207252,-0.507545,0.198965,0.435580,0.742691,-0.203154,-1.608730,-0.129218,1.738536,-1.810040,0.535504,2.710340,-0.042463,0.263548,0.124445,-0.300200,-0.005777,0.909566,0.693817,-0.365754
17.183995,0.774046,0.315523,-0.830756,-0.906751,1.191214,1.107681,-0.488735,-0.209137,0.211793,-0.517637,0.187146,0.435852,0.740356,-0.203011,-1.608464,-0.129094,1.738228,-1.810045,0.536413,2.711037,-0.042820,0.264711,0.124827,-0.302165,-0.005675,0.908613,0.694569,-0.362954
17.184997,0.776757,0.319556,-0.833727,-0.906727,1.190503,1.106023,-0.489369,-0.211581,0.207646,-0.517644,0.175364,0.435321,0.737795,-0.202926,-1.608208,-0.128969,1.737921,-1.810049,0.537302,2.711724,-0.043185,0.262374,0.125224,-0.302972,-0.005348,0.905944,0.695465,-0.362845
17.186040,0.781675,0.323462,-0.834584,-0.910924,1.191284,1.105735,-0.488805,-0.203628,0.195643,-0.507295,0.164147,0.434046,0.734910,-0.202902,-1.607949,-0.128851,1.737625,-1.810057,0.538215,2.712423,-0.043542,0.261391,0.123092,-0.301332,-0.006113,0.906363,0.697034,-0.361816
17.187163,0.775654,0.323453,-0.832635,-0.912149,1.190612,1.110266,-0.489713,-0.189845,0.180428,-0.491097,0.153457,0.432324,0.731760,-0.202952,-1.607694,-0.128731,1.737326,-1.810054,0.539130,2.713131,-0.043908,0.259464,0.121102,-0.300886,-0.002883,0.905595,0.697328,-0.363248
17.188025,0.773088,0.322534,-0.831534,-0.910893,1.189646,1.108514,-0.490646,-0.175813,0.166207,-0.474371,0.141606,0.430440,0.728347,-0.203103,-1.607428,-0.128610,1.737025,-1.810056,0.540027,2.713812,-0.044271,0.263224,0.121170,-0.302103,-0.002643,0.907196,0.693261,-0.361835
17.188985,0.781211,0.320737,-0.825356,-0.911087,1.193787,1.106427,-0.490140,-0.165600,0.155457,-0.461227,0.128890,0.428562,0.724953,-0.203372,-1.607163,-0.128491,1.736722,-1.810065,0.540936,2.714512,-0.044623,0.264272,0.121348,-0.301941,-0.004483,0.906625,0.694388,-0.359997
17.190107,0.778984,0.319503,-0.829469,-0.913101,1.192577,1.104145,-0.490853,-0.155524,0.145616,-0.448374,0.117747,0.426539,0.721762,-0.203731,-1.606911,-0.128366,1.736410,-1.810071,0.541824,2.715210,-0.044992,0.260449,0.122039,-0.304602,-0.005009,0.901999,0.696220,-0.361171
17.191074,0.777975,0.319882,-0.824464,-0.913307,1.191315,1.100426,-0.491467,-0.138860,0.131543,-0.429156,0.108465,0.424120,0.718562,-0.204125,-1.606646,-0.128244,1.736114,-1.810074,0.542735,2.715918,-0.045346,0.262320,0.122680,-0.302780,-0.003910,0.904030,0.698857,-0.360183
17.192031,0.778446,0.316476,-0.827512,-0.914339,1.190673,1.094391,-0.491770,-0.094497,0.094179,-0.379414,0.089938,0.418741,0.712169,-0.204861,-1.606120,-0.127993,1.735505,-1.810083,0.544545,2.717342,-0.046057,0.262902,0.123767,-0.303021,-0.004212,0.904734,0.707963,-0.358732
17.193071,0.774662,0.314513,-0.824130,-0.915110,1.189941,1.092135,-0.492007,-0.094497,0.094179,-0.379414,0.089938,0.418741,0.712169,-0.204861,-1.606120,-0.127993,1.735505,-1.810083,0.544545,2.717342,-0.046057,0.262902,0.123767,-0.303021,-0.004212,0.904734,0.707963,-0.358732
17.194041,0.775310,0.315632,-0.821157,-0.917073,1.191059,1.091648,-0.492158,-0.071402,0.073051,-0.353243,0.079386,0.416049,0.709008,-0.205172,-1.605851,-0.127869,1.735195,-1.810088,0.545458,2.718063,-0.046422,0.265192,0.124634,-0.304577,-0.004256,0.905490,0.710120,-0.358543
17.194966,0.778624,0.315133,-0.815928,-0.920389,1.186721,1.085058,-0.493617,-0.049219,0.050817,-0.327560,0.067399,0.413399,0.705782,-0.205475,-1.605589,-0.127747,1.734886,-1.810088,0.546368,2.718783,-0.046782,0.265044,0.123886,-0.305667,-0.003164,0.903766,0.710229,-0.358423
17.196092,0.778431,0.317020,-0.821307,-0.920580,1.191186,1.083794,-0.494032,-0.025279,0.025800,-0.299588,0.053019,0.410605,0.702120,-0.205786,-1.605325,-0.127623,1.734576,-1.810083,0.547272,2.719507,-0.047128,0.263410,0.123891,-0.307733,-0.000784,0.907260,0.716325,-0.355644
17.196980,0.780603,0.317105,-0.814434,-0.920115,1.192047,1.084817,-0.494603,0.001305,-0.002279,-0.268386,0.035614,0.407579,0.697734,-0.206117,-1.605059,-0.127500,1.734273,-1.810087,0.548173,2.720232,-0.047484,0.264224,0.122971,-0.305202,-0.001551,0.903608,0.717797,-0.355297
17.198006,0.784997,0.315800,-0.810419,-0.922166,1.189043,1.086216,-0.494366,0.027627,-0.030250,-0.237253,0.017600,0.404526,0.692999,-0.206498,-1.604800,-0.127378,1.733957,-1.810090,0.549064,2.720939,-0.047839,0.263071,0.122645,-0.307931,-0.002742,0.901662,0.716131,-0.354216
17.199032,0.782590,0.312608,-0.806384,-0.924484,1.195822,1.084978,-0.493979,0.057021,-0.059576,-0.203394,0.001621,0.401378,0.688138,-0.206935,-1.604539,-0.127253,1.733648,-1.810089,0.549973,2.721652,-0.048191,0.261293,0.123180,-0.309731,-0.001627,0.904640,0.714652,-0.355017
17.199981,0.784313,0.312228,-0.807801,-0.922723,1.193089,1.087471,-0.495258,0.094263,-0.094311,-0.162027,-0.013179,0.397974,0.682907,-0.207391,-1.604278,-0.127125,1.733334,-1.810086,0.550866,2.722377,-0.048548,0.262944,0.124615,-0.311478,-0.000306,0.897860,0.715768,-0.356084
17.201156,0.792277,0.311768,-0.808672,-0.925468,1.197120,1.089938,-0.495666,0.136709,-0.133187,-0.115671,-0.027285,0.394554,0.677485,-0.207823,-1.604016,-0.126998,1.733028,-1.810092,0.551765,2.723082,-0.048894,0.262185,0.124534,-0.310308,-0.002811,0.900037,0.712882,-0.353695
17.202017,0.792113,0.312312,-0.806316,-0.926131,1.192982,1.088323,-0.496104,0.181188,-0.173400,-0.067696,-0.038975,0.391343,0.672358,-0.208217,-1.603758,-0.126875,1.732717,-1.810089,0.552660,2.723794,-0.049250,0.259147,0.124857,-0.310165,-0.001159,0.897340,0.710962,-0.353445
17.202982,0.790267,0.306967,-0.807113,-0.928930,1.196518,1.089412,-0.497754,0.227365,-0.214292,-0.018468,-0.048281,0.388308,0.667564,-0.208582,-1.603502,-0.126750,1.732404,-1.810090,0.553573,2.724496,-0.049602,0.259167,0.124233,-0.310531,-0.001285,0.899963,0.711915,-0.352592
17.203989,0.795903,0.300987,-0.805431,-0.928922,1.202347,1.091187,-0.496434,0.316725,-0.295453,0.076616,-0.066888,0.382644,0.658427,-0.209229,-1.602982,-0.126483,1.731784,-1.810086,0.555338,2.725919,-0.050301,0.257822,0.129357,-0.310273,-0.000375,0.890213,0.708553,-0.352477
17.204971,0.796203,0.301235,-0.802868,-0.931032,1.204041,1.092319,-0.496924,0.316725,-0.295453,0.076616,-0.066888,0.382644,0.658427,-0.209229,-1.602982,-0.126483,1.731784,-1.810086,0.555338,2.725919,-0.050301,0.257822,0.129357,-0.310273,-0.000375,0.890213,0.708553,-0.352477
17.205972,0.797294,0.305646,-0.796246,-0.930591,1.208454,1.094321,-0.495110,0.408967,-0.384265,0.174229,-0.087286,0.376687,0.649709,-0.209870,-1.602469,-0.126233,1.731153,-1.810088,0.557089,2.727326,-0.051011,0.257840,0.126623,-0.314097,-0.000454,0.884040,0.705087,-0.355611
17.207019,0.796043,0.306864,-0.793455,-0.933541,1.209066,1.095649,-0.493414,0.408967,-0.384265,0.174229,-0.087286,0.376687,0.649709,-0.209870,-1.602469,-0.126233,1.731153,-1.810088,0.557089,2.727326,-0.051011,0.257840,0.126623,-0.314097,-0.000454,0.884040,0.705087,-0.355611
17.208154,0.799528,0.307490,-0.797809,-0.932680,1.214291,1.099112,-0.493673,0.454367,-0.426992,0.221825,-0.096122,0.373784,0.645910,-0.210228,-1.602211,-0.126109,1.730836,-1.810082,0.557965,2.728031,-0.051381,0.258996,0.125939,-0.315241,0.001441,0.883917,0.703822,-0.359274
17.209054,0.801599,0.309304,-0.794736,-0.935229,1.209627,1.093280,-0.493555,0.494445,-0.464061,0.263789,-0.103663,0.371342,0.642847,-0.210632,-1.601953,-0.125984,1.730528,-1.810087,0.558842,2.728722,-0.051740,0.258067,0.125645,-0.313217,-0.000352,0.879861,0.700840,-0.359183
17.209965,0.801142,0.306895,-0.789555,-0.935466,1.208084,1.088850,-0.492644,0.554682,-0.518999,0.327392,-0.115610,0.368358,0.639110,-0.211482,-1.601442,-0.125732,1.729892,-1.810084,0.560612,2.730146,-0.052466,0.257399,0.125343,-0.315932,0.000732,0.884343,0.710039,-0.361389
17.210996,0.801861,0.305867,-0.790940,-0.936097,1.211819,1.088655,-0.489845,0.554682,-0.518999,0.327392,-0.115610,0.368358,0.639110,-0.211482,-1.601442,-0.125732,1.729892,-1.810084,0.560612,2.730146,-0.052466,0.257399,0.125343,-0.315932,0.000732,0.884343,0.710039,-0.361389
17.212197,0.798359,0.305739,-0.794374,-0.937097,1.207843,1.086223,-0.490626,0.580765,-0.542237,0.355293,-0.121942,0.367602,0.637737,-0.211891,-1.601183,-0.125606,1.729580,-1.810084,0.561490,2.730861,-0.052842,0.257482,0.125717,-0.314991,0.000435,0.880845,0.710114,-0.367247
17.213087,0.796312,0.306228,-0.791429,-0.936969,1.204426,1.085904,-0.489870,0.601531,-0.561504,0.377993,-0.128465,0.367572,0.636676,-0.212283,-1.600921,-0.125478,1.729266,-1.810083,0.562396,2.731582,-0.053205,0.260267,0.125837,-0.313608,0.000337,0.886407,0.713163,-0.366173
17.214023,0.796394,0.304826,-0.787022,-0.938753,1.201857,1.085064,-0.488889,0.611706,-0.573111,0.390233,-0.134861,0.368534,0.636020,-0.212608,-1.600658,-0.125353,1.728951,-1.810084,0.563284,2.732294,-0.053573,0.261199,0.125278,-0.314364,-0.000594,0.888738,0.712821,-0.367729
17.215083,0.794419,0.303779,-0.786725,-0.940349,1.203707,1.087028,-0.489902,0.612993,-0.578169,0.393638,-0.140831,0.370327,0.635546,-0.212839,-1.600395,-0.125225,1.728631,-1.810083,0.564182,2.733013,-0.053951,0.261218,0.125704,-0.315928,0.000352,0.890555,0.713183,-0.369751
17.216009,0.795825,0.301652,-0.782298,-0.941538,1.198701,1.084788,-0.491281,0.609748,-0.580217,0.392625,-0.147133,0.372641,0.634892,-0.212969,-1.600133,-0.125096,1.728315,-1.810082,0.565063,2.733714,-0.054319,0.262745,0.126093,-0.315890,0.000949,0.889181,0.711324,-0.367987
17.217106,0.799717,0.298308,-0.788645,-0.942088,1.192419,1.082474,-0.491392,0.604653,-0.581808,0.389983,-0.154638,0.375224,0.633884,-0.212969,-1.599872,-0.124969,1.727997,-1.810081,0.565969,2.734429,-0.054678,0.262088,0.126871,-0.317465,0.001285,0.893315,0.713103,-0.365336
17.218019,0.793430,0.298801,-0.779450,-0.940791,1.188789,1.084485,-0.490601,0.600836,-0.585597,0.388732,-0.163164,0.377749,0.632559,-0.212834,-1.599611,-0.124837,1.727685,-1.810081,0.566884,2.735155,-0.055044,0.260790,0.128428,-0.314250,0.000832,0.900130,0.715554,-0.365515
17.219131,0.794828,0.299009,-0.781399,-0.942566,1.192279,1.074972,-0.493306,0.599085,-0.591932,0.389310,-0.171070,0.380006,0.631372,-0.212624,-1.599345,-0.124709,1.727364,-1.810087,0.567803,2.735865,-0.055410,0.263941,0.127841,-0.318180,-0.001170,0.902552,0.712964,-0.367176
17.220054,0.794153,0.296864,-0.773638,-0.943263,1.187214,1.068041,-0.492304,0.597673,-0.598820,0.389805,-0.177266,0.381995,0.630790,-0.212377,-1.599079,-0.124584,1.727048,-1.810087,0.568697,2.736609,-0.055760,0.263858,0.127721,-0.317160,-0.000364,0.899845,0.722689,-0.362159
17.221117,0.793986,0.298345,-0.780225,-0.944220,1.185373,1.063278,-0.493708,0.597334,-0.606748,0.391222,-0.183293,0.383608,0.630608,-0.212091,-1.598815,-0.124453,1.726722,-1.810087,0.569596,2.737344,-0.056134,0.264223,0.128467,-0.320323,-0.000502,0.904100,0.728952,-0.364283
17.222047,0.792263,0.300088,-0.774955,-0.943880,1.182941,1.059360,-0.493947,0.598288,-0.616085,0.394020,-0.190513,0.384763,0.630548,-0.211829,-1.598550,-0.124327,1.726414,-1.810089,0.570510,2.738091,-0.056492,0.264801,0.127610,-0.316896,-0.000462,0.906123,0.733564,-0.361776
17.223025,0.791065,0.297062,-0.767825,-0.943211,1.184662,1.058350,-0.496001,0.596352,-0.623133,0.393908,-0.198209,0.385643,0.630762,-0.211675,-1.598279,-0.124199,1.726087,-1.810091,0.571427,2.738837,-0.056853,0.265634,0.126453,-0.318848,-0.001600,0.907569,0.736798,-0.361429
17.224114,0.796597,0.299820,-0.771200,-0.943046,1.187094,1.060865,-0.495037,0.592186,-0.627514,0.391208,-0.204618,0.386188,0.631258,-0.211649,-1.598014,-0.124066,1.725766,-1.810099,0.572323,2.739575,-0.057204,0.266421,0.127698,-0.321902,-0.002981,0.905446,0.737352,-0.357518
17.225014,0.795351,0.296455,-0.767092,-0.943872,1.185358,1.062098,-0.494208,0.590266,-0.631890,0.390080,-0.207751,0.386166,0.631931,-0.211743,-1.597756,-0.123942,1.725451,-1.810105,0.573241,2.740311,-0.057566,0.264294,0.126250,-0.320104,-0.003977,0.903406,0.734846,-0.359884
17.226070,0.794342,0.297500,-0.761070,-0.944220,1.191541,1.059162,-0.495217,0.591144,-0.636316,0.390974,-0.206685,0.385637,0.632833,-0.211985,-1.597490,-0.123808,1.725125,-1.810109,0.574127,2.741048,-0.057936,0.264868,0.127560,-0.321354,-0.003848,0.904228,0.732884,-0.361565
17.226970,0.791772,0.295969,-0.765084,-0.946060,1.193259,1.062347,-0.494741,0.595278,-0.641334,0.394464,-0.202376,0.384711,0.633820,-0.212339,-1.597221,-0.123684,1.724798,-1.810113,0.575019,2.741778,-0.058288,0.265787,0.126940,-0.324062,-0.004355,0.898341,0.735803,-0.359871
17.227969,0.792623,0.294116,-0.758339,-0.944055,1.189992,1.064142,-0.496006,0.600425,-0.645666,0.398586,-0.196536,0.383678,0.634791,-0.212697,-1.596951,-0.123555,1.724479,-1.810114,0.575920,2.742504,-0.058653,0.266946,0.127364,-0.321243,-0.003306,0.895556,0.731875,-0.360898
17.229153,0.795728,0.288016,-0.765078,-0.947639,1.189550,1.065279,-0.496438,0.603449,-0.647094,0.400297,-0.189236,0.382818,0.635942,-0.213007,-1.596685,-0.123424,1.724147,-1.810125,0.576813,2.743227,-0.059014,0.266771,0.128052,-0.324106,-0.005971,0.898730,0.729850,-0.358561
17.230004,0.792385,0.288741,-0.759975,-0.949571,1.188991,1.066237,-0.496470,0.606798,-0.647969,0.402052,-0.180261,0.381960,0.637178,-0.213270,-1.596419,-0.123287,1.723835,-1.810124,0.577719,2.743955,-0.059372,0.266106,0.131055,-0.320969,-0.003428,0.900505,0.729199,-0.358267
17.230938,0.796618,0.286684,-0.753272,-0.952433,1.189030,1.068218,-0.495750,0.611254,-0.650104,0.405046,-0.172047,0.380950,0.638035,-0.213522,-1.596147,-0.123156,1.723507,-1.810124,0.578626,2.744688,-0.059731,0.267487,0.130229,-0.322549,-0.002290,0.899457,0.727314,-0.358193
17.231955,0.797695,0.289749,-0.756044,-0.951443,1.190664,1.073679,-0.494754,0.617825,-0.654474,0.410621,-0.166982,0.379622,0.638022,-0.213793,-1.595886,-0.123022,1.723180,-1.810121,0.579512,2.745398,-0.060097,0.265423,0.130904,-0.325178,-0.000325,0.898773,0.724888,-0.359749
17.233007,0.802204,0.290012,-0.754095,-0.949370,1.192433,1.077596,-0.495053,0.628981,-0.661722,0.421015,-0.164092,0.377783,0.637086,-0.214079,-1.595621,-0.122899,1.722859,-1.810129,0.580411,2.746102,-0.060461,0.265234,0.129230,-0.323369,-0.002098,0.897079,0.719332,-0.361993
17.234105,0.803485,0.287209,-0.752906,-0.951153,1.195541,1.083704,-0.493838,0.642647,-0.668448,0.433432,-0.158956,0.375591,0.635975,-0.214364,-1.595364,-0.122769,1.722531,-1.810138,0.581297,2.746800,-0.060827,0.263516,0.128956,-0.324026,-0.004910,0.895697,0.715546,-0.361669
17.234968,0.803833,0.287442,-0.747065,-0.951674,1.193541,1.084615,-0.494686,0.658287,-0.673458,0.446787,-0.148488,0.373198,0.635318,-0.214633,-1.595097,-0.122636,1.722209,-1.810141,0.582206,2.747505,-0.061195,0.263485,0.130243,-0.324504,-0.004010,0.893146,0.709684,-0.364495
17.236012,0.805616,0.285753,-0.744891,-0.953104,1.192897,1.080630,-0.495017,0.677629,-0.678929,0.462975,-0.134027,0.370648,0.635131,-0.214870,-1.594834,-0.122509,1.721876,-1.810147,0.583099,2.748219,-0.061559,0.263140,0.129730,-0.326389,-0.004138,0.893834,0.708061,-0.362741
17.237073,0.809129,0.284430,-0.748081,-0.955291,1.188505,1.082202,-0.495236,0.701534,-0.686390,0.483326,-0.118199,0.368005,0.635172,-0.215053,-1.594577,-0.122377,1.721549,-1.810149,0.583983,2.748930,-0.061917,0.262763,0.130402,-0.327108,-0.003589,0.894821,0.712108,-0.362408
17.237953,0.804968,0.279763,-0.744345,-0.956212,1.189143,1.082617,-0.494514,0.729243,-0.696133,0.507551,-0.103429,0.365360,0.635134,-0.215168,-1.594317,-0.122244,1.721224,-1.810149,0.584896,2.749641,-0.062285,0.261554,0.130876,-0.325203,-0.002351,0.899451,0.710552,-0.362274
17.239074,0.803357,0.274696,-0.740249,-0.957768,1.186100,1.083733,-0.494016,0.757630,-0.706940,0.532797,-0.091437,0.362870,0.634907,-0.215242,-1.594052,-0.122107,1.720895,-1.810151,0.585782,2.750342,-0.062654,0.263518,0.132751,-0.326162,-0.002190,0.897616,0.709535,-0.363734
17.240111,0.803338,0.274257,-0.737499,-0.958344,1.188185,1.083366,-0.493815,0.785405,-0.718990,0.557802,-0.082967,0.360543,0.634399,-0.215301,-1.593781,-0.121967,1.720566,-1.810153,0.586692,2.751050,-0.063012,0.264947,0.135116,-0.328106,-0.001601,0.901478,0.708761,-0.365172
17.240940,0.806053,0.275062,-0.733224,-0.957783,1.190292,1.083890,-0.492673,0.813576,-0.733516,0.583518,-0.077973,0.358254,0.633458,-0.215341,-1.593514,-0.121833,1.720235,-1.810155,0.587595,2.751769,-0.063382,0.265321,0.135078,-0.329031,-0.001919,0.899424,0.709072,-0.365823
17.242049,0.803034,0.279058,-0.736173,-0.958761,1.190391,1.088959,-0.493556,0.842455,-0.749652,0.610037,-0.074689,0.355994,0.632181,-0.215354,-1.593255,-0.121699,1.719898,-1.810160,0.588481,2.752470,-0.063759,0.263699,0.134173,-0.329963,-0.003111,0.895726,0.707713,-0.368000
17.242948,0.797229,0.278348,-0.730773,-0.958107,1.190227,1.085280,-0.494190,0.868098,-0.762748,0.633100,-0.070706,0.354059,0.631025,-0.215348,-1.592982,-0.121573,1.719575,-1.810164,0.589382,2.753173,-0.064121,0.265802,0.132127,-0.328369,-0.003036,0.896414,0.702928,-0.366609
17.243952,0.794878,0.275814,-0.728683,-0.956955,1.190129,1.086813,-0.493672,0.885363,-0.759934,0.644260,-0.057376,0.352591,0.630795,-0.215313,-1.592441,-0.121303,1.718910,-1.810179,0.591170,2.754580,-0.064845,0.269955,0.133083,-0.330657,-0.006216,0.895520,0.704452,-0.366691
17.245092,0.797290,0.272911,-0.731498,-0.960934,1.190618,1.087376,-0.494885,0.885363,-0.759934,0.644260,-0.057376,0.352591,0.630795,-0.215313,-1.592441,-0.121303,1.718910,-1.810179,0.591170,2.754580,-0.064845,0.269955,0.133083,-0.330657,-0.006216,0.895520,0.704452,-0.366691
17.246098,0.795902,0.271247,-0.729932,-0.961355,1.192881,1.084498,-0.493917,0.878637,-0.746867,0.634228,-0.048634,0.352873,0.631778,-0.215312,-1.592169,-0.121167,1.718583,-1.810176,0.592071,2.755288,-0.065215,0.269404,0.134424,-0.329206,-0.003284,0.896046,0.704319,-0.364662
17.246980,0.795248,0.270818,-0.732850,-0.962801,1.194140,1.080654,-0.495666,0.865687,-0.730982,0.618337,-0.041775,0.353501,0.633134,-0.215345,-1.591898,-0.121030,1.718250,-1.810182,0.592952,2.755990,-0.065583,0.270342,0.134942,-0.329442,-0.003675,0.893798,0.707127,-0.366848
17.248027,0.798244,0.269199,-0.733668,-0.960888,1.197374,1.079180,-0.496037,0.846723,-0.712902,0.597004,-0.038249,0.354396,0.634734,-0.215392,-1.591628,-0.120897,1.717927,-1.810184,0.593836,2.756711,-0.065940,0.270465,0.134733,-0.327092,-0.002965,0.891444,0.710258,-0.363341
17.249058,0.799916,0.268041,-0.733288,-0.959314,1.203750,1.080574,-0.496268,0.821526,-0.691825,0.569754,-0.036674,0.355544,0.636731,-0.215446,-1.591357,-0.120760,1.717602,-1.810197,0.594726,2.757429,-0.066302,0.269324,0.135299,-0.326367,-0.005535,0.888511,0.711688,-0.362937
17.250082,0.801980,0.265757,-0.734623,-0.960356,1.206200,1.075319,-0.498161,0.793181,-0.668910,0.539076,-0.033543,0.356792,0.639344,-0.215535,-1.591092,-0.120621,1.717278,-1.810208,0.595590,2.758135,-0.066659,0.268877,0.135591,-0.326208,-0.007765,0.882537,0.710250,-0.362775
17.251101,0.804230,0.269832,-0.730718,-0.960816,1.209946,1.076423,-0.497184,0.765148,-0.646163,0.508106,-0.026924,0.358013,0.642518,-0.215672,-1.590824,-0.120483,1.716954,-1.810214,0.596465,2.758861,-0.067012,0.268161,0.136439,-0.325138,-0.007488,0.880368,0.715402,-0.359257
17.252086,0.806683,0.272586,-0.737037,-0.960554,1.210417,1.078576,-0.498858,0.739068,-0.624636,0.478675,-0.017995,0.359227,0.645835,-0.215831,-1.590561,-0.120353,1.716622,-1.810222,0.597329,2.759565,-0.067381,0.267401,0.134180,-0.326606,-0.007756,0.876929,0.714180,-0.361496
17.253000,0.810590,0.271010,-0.736716,-0.959786,1.205446,1.078896,-0.497550,0.713295,-0.602083,0.449237,-0.007081,0.360683,0.649211,-0.215993,-1.590298,-0.120224,1.716307,-1.810231,0.598208,2.760275,-0.067732,0.266415,0.132568,-0.322982,-0.008703,0.876368,0.711786,-0.358339
17.254066,0.810828,0.270618,-0.740426,-0.961959,1.207239,1.080195,-0.498292,0.685380,-0.575837,0.417232,0.006962,0.362635,0.652903,-0.216131,-1.590037,-0.120089,1.715983,-1.810244,0.599102,2.760991,-0.068096,0.264478,0.132971,-0.322407,-0.009998,0.880475,0.710918,-0.361087
17.255010,0.806637,0.267773,-0.742715,-0.963427,1.205257,1.080017,-0.497682,0.655972,-0.546830,0.383381,0.023637,0.365109,0.656848,-0.216216,-1.589772,-0.119955,1.715672,-1.810249,0.599986,2.761700,-0.068451,0.264891,0.132981,-0.320446,-0.008633,0.879157,0.709727,-0.359931
17.255964,0.810872,0.268186,-0.740572,-0.965300,1.202780,1.081633,-0.499355,0.623090,-0.514996,0.346180,0.040028,0.368262,0.660807,-0.216246,-1.589500,-0.119820,1.715355,-1.810256,0.600861,2.762414,-0.068818,0.267005,0.134058,-0.318728,-0.007863,0.880724,0.709497,-0.361286
17.257117,0.816968,0.268265,-0.744163,-0.965548,1.200857,1.080371,-0.499713,0.585644,-0.480556,0.304992,0.053622,0.372150,0.664504,-0.216229,-1.589240,-0.119688,1.715034,-1.810261,0.601738,2.763127,-0.069172,0.265022,0.133520,-0.319231,-0.006710,0.882826,0.707483,-0.358078
17.258030,0.815545,0.265445,-0.747355,-0.965571,1.198860,1.085241,-0.497656,0.548931,-0.447102,0.265137,0.064288,0.376397,0.667550,-0.216147,-1.588980,-0.119556,1.714721,-1.810271,0.602631,2.763830,-0.069526,0.262830,0.133445,-0.317596,-0.007290,0.885954,0.709280,-0.357903
17.258947,0.813970,0.260889,-0.747287,-0.966099,1.195927,1.089575,-0.498792,0.515608,-0.416061,0.229012,0.073549,0.380712,0.669909,-0.216015,-1.588714,-0.119419,1.714410,-1.810281,0.603528,2.764525,-0.069896,0.263529,0.134440,-0.315379,-0.007846,0.886990,0.703903,-0.362110
17.260090,0.819915,0.258535,-0.750311,-0.967019,1.198268,1.093282,-0.496728,0.483421,-0.386176,0.194151,0.082751,0.385062,0.671945,-0.215862,-1.588451,-0.119276,1.714095,-1.810289,0.604416,2.765212,-0.070253,0.264334,0.136233,-0.314781,-0.007957,0.889121,0.699209,-0.359880
17.261093,0.819118,0.259155,-0.746956,-0.968202,1.187351,1.095604,-0.494580,0.452762,-0.358432,0.160854,0.092162,0.389294,0.673867,-0.215684,-1.588192,-0.119138,1.713785,-1.810298,0.605307,2.765904,-0.070625,0.262168,0.137264,-0.313447,-0.007843,0.887879,0.696038,-0.364503
17.261991,0.820120,0.261847,-0.746644,-0.968084,1.183942,1.094954,-0.494822,0.426692,-0.335062,0.132179,0.101486,0.393153,0.675664,-0.215493,-1.587930,-0.119003,1.713467,-1.810304,0.606232,2.766601,-0.071004,0.262923,0.136663,-0.314763,-0.007416,0.898486,0.693651,-0.368961
17.263002,0.821750,0.262916,-0.750203,-0.968237,1.182182,1.095720,-0.494129,0.405653,-0.315427,0.108594,0.110658,0.396544,0.677450,-0.215303,-1.587666,-0.118871,1.713156,-1.810314,0.607130,2.767290,-0.071368,0.262343,0.134918,-0.314237,-0.008121,0.900730,0.693863,-0.368473
17.264066,0.823529,0.260210,-0.752041,-0.970431,1.177501,1.090490,-0.493987,0.386430,-0.295971,0.086854,0.120300,0.399613,0.679584,-0.215091,-1.587403,-0.118738,1.712846,-1.810322,0.608041,2.767985,-0.071741,0.261867,0.134140,-0.312175,-0.008698,0.902253,0.693051,-0.370079
17.265011,0.827873,0.260046,-0.757522,-0.972264,1.172422,1.088726,-0.492587,0.366411,-0.274899,0.064503,0.129748,0.402483,0.682161,-0.214841,-1.587145,-0.118599,1.712535,-1.810327,0.608965,2.768685,-0.072114,0.261560,0.135267,-0.311158,-0.007325,0.907089,0.698495,-0.370640
17.266004,0.826611,0.264997,-0.752862,-0.972177,1.172962,1.090056,-0.492175,0.345773,-0.253606,0.042102,0.136500,0.405069,0.684787,-0.214578,-1.586889,-0.118466,1.712237,-1.810333,0.609880,2.769387,-0.072492,0.259558,0.134995,-0.308048,-0.006209,0.911318,0.699875,-0.373535
17.266984,0.828790,0.261758,-0.754171,-0.971967,1.176043,1.088813,-0.491813,0.324468,-0.232047,0.019666,0.139964,0.407260,0.687271,-0.214351,-1.586625,-0.118339,1.711923,-1.810340,0.610793,2.770090,-0.072866,0.260485,0.132298,-0.310061,-0.007035,0.910330,0.698363,-0.374506
17.268087,0.832668,0.260717,-0.760401,-0.972169,1.176299,1.090204,-0.491181,0.302778,-0.209512,-0.002836,0.142042,0.408944,0.689727,-0.214179,-1.586368,-0.118201,1.711619,-1.810349,0.611686,2.770786,-0.073241,0.259683,0.133617,-0.309077,-0.007903,0.906910,0.699466,-0.375371
17.269033,0.830610,0.256970,-0.759793,-0.971901,1.181126,1.088578,-0.491627,0.281572,-0.186893,-0.024774,0.144307,0.410031,0.692210,-0.214079,-1.586112,-0.118067,1.711317,-1.810358,0.612598,2.771491,-0.073625,0.258475,0.133985,-0.306077,-0.008490,0.907266,0.698330,-0.376948
17.270014,0.835776,0.254017,-0.760526,-0.972207,1.181664,1.090971,-0.492108,0.260151,-0.164632,-0.046928,0.147292,0.410597,0.694758,-0.214088,-1.585853,-0.117927,1.711011,-1.810370,0.613480,2.772187,-0.074002,0.259698,0.135457,-0.305975,-0.009316,0.901890,0.699677,-0.376111
17.271030,0.834387,0.255624,-0.757211,-0.972018,1.186703,1.087080,-0.493149,0.239866,-0.144496,-0.067999,0.151078,0.410682,0.697297,-0.214196,-1.585600,-0.117790,1.710712,-1.810379,0.614381,2.772887,-0.074374,0.257424,0.136591,-0.305360,-0.009675,0.901005,0.697057,-0.375303
17.272036,0.836540,0.251890,-0.757715,-0.972908,1.182351,1.085691,-0.493391,0.223869,-0.128851,-0.084861,0.155731,0.410283,0.699686,-0.214342,-1.585338,-0.117659,1.710402,-1.810390,0.615278,2.773600,-0.074746,0.258519,0.135547,-0.306788,-0.010535,0.895887,0.700891,-0.373421
17.272954,0.835613,0.248573,-0.761126,-0.974529,1.181237,1.084468,-0.492470,0.213125,-0.118159,-0.096430,0.160817,0.409477,0.701824,-0.214485,-1.585084,-0.117518,1.710100,-1.810398,0.616177,2.774295,-0.075120,0.257856,0.137093,-0.306334,-0.010337,0.900191,0.702200,-0.373142
17.274062,0.835426,0.245224,-0.762974,-0.975002,1.181848,1.083167,-0.492992,0.206407,-0.112212,-0.103641,0.164892,0.408338,0.703659,-0.214627,-1.584822,-0.117380,1.709799,-1.810406,0.617082,2.775006,-0.075497,0.258363,0.138319,-0.304132,-0.009359,0.900282,0.702908,-0.375031
17.274970,0.834581,0.245278,-0.763214,-0.975464,1.181188,1.079682,-0.494883,0.200525,-0.109622,-0.109441,0.166634,0.406983,0.705327,-0.214766,-1.584565,-0.117237,1.709496,-1.810417,0.617988,2.775717,-0.075870,0.259200,0.139761,-0.303375,-0.009629,0.900356,0.704486,-0.374326
17.275981,0.840128,0.243463,-0.771048,-0.976614,1.180986,1.076449,-0.494217,0.192761,-0.108387,-0.116522,0.166014,0.405488,0.707052,-0.214903,-1.584304,-0.117102,1.709197,-1.810429,0.618879,2.776430,-0.076238,0.259620,0.139298,-0.302767,-0.009704,0.900084,0.707422,-0.370560
17.277089,0.839034,0.246045,-0.761457,-0.976283,1.182578,1.073746,-0.493380,0.181863,-0.106907,-0.126194,0.163551,0.403869,0.708967,-0.215089,-1.584047,-0.116959,1.708904,-1.810435,0.619782,2.777147,-0.076610,0.257230,0.139847,-0.298754,-0.009309,0.900146,0.710486,-0.372148
17.278076,0.838887,0.241682,-0.762149,-0.976433,1.186567,1.068023,-0.495327,0.169599,-0.105487,-0.136847,0.159959,0.402048,0.710996,-0.215359,-1.583788,-0.116821,1.708588,-1.810448,0.620668,2.777859,-0.076989,0.258538,0.138363,-0.303630,-0.010351,0.899421,0.713448,-0.374168
17.279083,0.840455,0.242768,-0.766721,-0.977747,1.184951,1.067746,-0.494541,0.160532,-0.106674,-0.144155,0.156076,0.399863,0.712854,-0.215662,-1.583527,-0.116680,1.708289,-1.810459,0.621560,2.778591,-0.077349,0.258875,0.140208,-0.303011,-0.010810,0.895156,0.718841,-0.370428
17.279975,0.837429,0.246340,-0.766068,-0.978704,1.182415,1.071228,-0.494865,0.154529,-0.110460,-0.148284,0.151919,0.397451,0.714370,-0.215947,-1.583271,-0.116543,1.707990,-1.810470,0.622465,2.779314,-0.077724,0.258493,0.139329,-0.300557,-0.010139,0.896635,0.718847,-0.372241
17.280981,0.841084,0.249970,-0.765360,-0.980503,1.184438,1.070444,-0.494615,0.145642,-0.112194,-0.155120,0.147412,0.395279,0.715742,-0.216233,-1.583008,-0.116410,1.707695,-1.810479,0.623353,2.780018,-0.078093,0.259956,0.137122,-0.300413,-0.009783,0.898140,0.714753,-0.371587
17.282108,0.840811,0.247548,-0.763935,-0.980514,1.185489,1.075269,-0.495700,0.130280,-0.108126,-0.168260,0.142739,0.393647,0.717138,-0.216536,-1.582750,-0.116281,1.707394,-1.810486,0.624249,2.780736,-0.078471,0.258471,0.135108,-0.300596,-0.008713,0.895960,0.715390,-0.372269
17.283033,0.842521,0.242530,-0.760920,-0.981290,1.183134,1.072454,-0.496554,0.111209,-0.099855,-0.185050,0.138123,0.392446,0.718430,-0.216845,-1.582490,-0.116144,1.707089,-1.810497,0.625140,2.781436,-0.078841,0.259411,0.136204,-0.301507,-0.009473,0.895933,0.710922,-0.370482
17.284039,0.845159,0.242214,-0.757929,-0.982281,1.184032,1.074353,-0.495501,0.094820,-0.092996,-0.199266,0.133913,0.391296,0.719358,-0.217148,-1.582234,-0.116004,1.706786,-1.810506,0.626040,2.782158,-0.079204,0.258663,0.138278,-0.302540,-0.009318,0.897436,0.713256,-0.368871
17.284957,0.849659,0.243056,-0.760824,-0.981023,1.186141,1.073652,-0.496947,0.087381,-0.093215,-0.204655,0.129847,0.389795,0.719567,-0.217432,-1.581976,-0.115866,1.706477,-1.810514,0.626941,2.782870,-0.079577,0.257717,0.138105,-0.303769,-0.009040,0.896345,0.711160,-0.371210
17.286090,0.849666,0.240650,-0.754834,-0.984336,1.187681,1.076230,-0.496397,0.090174,-0.101117,-0.200017,0.126537,0.387878,0.719024,-0.217715,-1.581726,-0.115729,1.706183,-1.810527,0.627823,2.783573,-0.079938,0.255637,0.137255,-0.301901,-0.010819,0.893464,0.711419,-0.368354
17.286971,0.853046,0.240927,-0.756511,-0.986658,1.185918,1.081749,-0.495841,0.101336,-0.114842,-0.187272,0.124345,0.385696,0.717811,-0.218006,-1.581467,-0.115587,1.705872,-1.810530,0.628718,2.784275,-0.080310,0.256470,0.138288,-0.305083,-0.008428,0.892965,0.709243,-0.369909
17.287942,0.850288,0.242682,-0.749411,-0.986332,1.189768,1.085191,-0.498056,0.119607,-0.133999,-0.167390,0.121108,0.383371,0.715709,-0.218292,-1.581219,-0.115450,1.705569,-1.810535,0.629605,2.784974,-0.080686,0.254814,0.137663,-0.303571,-0.006774,0.893618,0.703095,-0.370986
17.289022,0.854667,0.242457,-0.749003,-0.989661,1.189837,1.088665,-0.498849,0.142108,-0.156359,-0.143114,0.116067,0.381113,0.712831,-0.218555,-1.580958,-0.115317,1.705259,-1.810545,0.630488,2.785659,-0.081046,0.256449,0.136479,-0.306763,-0.007787,0.889428,0.699541,-0.366689
17.290036,0.857270,0.247995,-0.746604,-0.992014,1.190640,1.090276,-0.499984,0.166693,-0.179670,-0.116662,0.109967,0.379062,0.709476,-0.218774,-1.580704,-0.115178,1.704950,-1.810546,0.631387,2.786354,-0.081408,0.254910,0.136380,-0.306917,-0.005374,0.889904,0.696314,-0.365490
17.291086,0.856453,0.246558,-0.746376,-0.994363,1.192440,1.089565,-0.499223,0.192638,-0.203085,-0.088604,0.101862,0.377246,0.705703,-0.218950,-1.580453,-0.115050,1.704638,-1.810548,0.632268,2.787041,-0.081772,0.254114,0.133396,-0.307846,-0.003883,0.889192,0.694747,-0.363455
17.292055,0.857700,0.242924,-0.739613,-0.993371,1.194043,1.088046,-0.500262,0.217504,-0.224618,-0.061185,0.090464,0.375739,0.701606,-0.219101,-1.580196,-0.114918,1.704332,-1.810549,0.633155,2.787742,-0.082138,0.255080,0.133959,-0.307853,-0.002473,0.887742,0.695568,-0.365311
17.293041,0.855096,0.243026,-0.738057,-0.994205,1.199007,1.087572,-0.500186,0.241808,-0.245087,-0.033953,0.076178,0.374387,0.697266,-0.219235,-1.579944,-0.114778,1.704013,-1.810556,0.634044,2.788443,-0.082497,0.254771,0.135409,-0.310754,-0.004193,0.885769,0.696851,-0.363380
17.294143,0.857669,0.238673,-0.734044,-0.996143,1.202172,1.090364,-0.498998,0.268316,-0.266953,-0.004384,0.060915,0.372912,0.692761,-0.219341,-1.579685,-0.114645,1.703706,-1.810561,0.634912,2.789142,-0.082853,0.256396,0.135054,-0.311189,-0.004102,0.880773,0.697157,-0.363781
17.295060,0.860321,0.237287,-0.734929,-0.996483,1.203627,1.090374,-0.499432,0.297266,-0.290759,0.027723,0.045445,0.371240,0.688171,-0.219415,-1.579429,-0.114505,1.703387,-1.810563,0.635787,2.789830,-0.083224,0.255814,0.137040,-0.313151,-0.003122,0.878565,0.694718,-0.366539
17.296139,0.861218,0.240408,-0.733524,-0.996123,1.205122,1.090019,-0.499700,0.329364,-0.317631,0.063079,0.029679,0.369344,0.683458,-0.219478,-1.579177,-0.114366,1.703073,-1.810566,0.636655,2.790516,-0.083594,0.254631,0.137277,-0.312040,-0.003548,0.876498,0.694363,-0.365694
17.297043,0.861164,0.238945,-0.733328,-0.997542,1.203844,1.087211,-0.499495,0.363227,-0.346044,0.100085,0.015007,0.367383,0.678825,-0.219538,-1.578920,-0.114237,1.702762,-1.810572,0.637533,2.791215,-0.083953,0.254839,0.135586,-0.312706,-0.004746,0.875722,0.694948,-0.365533
17.298128,0.856204,0.241603,-0.725872,-0.996810,1.201558,1.087168,-0.498750,0.394884,-0.372122,0.134645,0.002520,0.365698,0.674529,-0.219577,-1.578662,-0.114101,1.702448,-1.810574,0.638414,2.791923,-0.084318,0.254889,0.135913,-0.312116,-0.004079,0.876146,0.697223,-0.365999
17.299136,0.860583,0.241073,-0.730203,-0.998465,1.201726,1.083834,-0.498704,0.422196,-0.393977,0.164637,-0.007887,0.364512,0.670600,-0.219585,-1.578399,-0.113968,1.702130,-1.810581,0.639289,2.792618,-0.084686,0.257997,0.134414,-0.315780,-0.005627,0.879249,0.697515,-0.367850
17.300000,0.856766,0.240541,-0.726075,-1.002304,1.198456,1.082173,-0.498346,0.444255,-0.410805,0.189177,-0.016309,0.363973,0.667035,-0.219572,-1.578147,-0.113833,1.701819,-1.810584,0.640166,2.793327,-0.085054,0.256215,0.134418,-0.313258,-0.004800,0.879139,0.700748,-0.368141
17.301087,0.857398,0.239661,-0.725942,-1.003970,1.196182,1.082117,-0.497445,0.460187,-0.422614,0.207685,-0.024787,0.364222,0.663638,-0.219544,-1.577887,-0.113698,1.701495,-1.810579,0.641048,2.794024,-0.085424,0.258022,0.134216,-0.314427,-0.001849,0.881205,0.701741,-0.368825
17.301969,0.856837,0.233150,-0.722469,-1.005382,1.193321,1.078549,-0.499189,0.469859,-0.430454,0.220392,-0.036273,0.365292,0.660142,-0.219505,-1.577625,-0.113565,1.701184,-1.810579,0.641942,2.794734,-0.085795,0.258309,0.134516,-0.314466,-0.001178,0.884113,0.701978,-0.370980
17.302950,0.855976,0.229239,-0.724671,-1.006855,1.189406,1.074256,-0.500083,0.476322,-0.437516,0.230385,-0.051301,0.366939,0.656458,-0.219454,-1.577364,-0.113422,1.700868,-1.810578,0.642838,2.795451,-0.086159,0.258499,0.137256,-0.315421,-0.000588,0.885756,0.704876,-0.367453
17.304087,0.853983,0.225162,-0.719316,-1.008344,1.189169,1.071020,-0.500290,0.483154,-0.447494,0.241181,-0.069341,0.368847,0.652536,-0.219377,-1.577105,-0.113279,1.700560,-1.810578,0.643726,2.796166,-0.086519,0.259214,0.138800,-0.313950,0.000007,0.889430,0.708903,-0.365885
17.304999,0.857091,0.226186,-0.720557,-1.008931,1.181940,1.068570,-0.499767,0.491317,-0.461780,0.253722,-0.090128,0.370827,0.648355,-0.219281,-1.576839,-0.113135,1.700235,-1.810577,0.644626,2.796888,-0.086886,0.260967,0.140623,-0.316652,0.000443,0.890646,0.712453,-0.365924
17.305999,0.852870,0.229450,-0.715217,-1.010136,1.180127,1.063258,-0.501507,0.501302,-0.480251,0.268326,-0.112579,0.372687,0.643985,-0.219204,-1.576584,-0.112998,1.699916,-1.810577,0.645537,2.797612,-0.087263,0.259467,0.139657,-0.315285,0.000197,0.896828,0.714278,-0.366999
17.307044,0.853334,0.228542,-0.714187,-1.010873,1.180294,1.062069,-0.501456,0.511361,-0.499996,0.283034,-0.135031,0.374361,0.639630,-0.219161,-1.576318,-0.112867,1.699597,-1.810577,0.646431,2.798334,-0.087618,0.261876,0.137779,-0.317573,0.000497,0.898455,0.719380,-0.363730
17.308078,0.860085,0.230201,-0.715079,-1.011235,1.177439,1.064248,-0.500731,0.518393,-0.517345,0.294693,-0.156550,0.375949,0.635458,-0.219132,-1.576054,-0.112726,1.699278,-1.810577,0.647338,2.799059,-0.087987,0.262073,0.137959,-0.317819,0.000298,0.898385,0.720456,-0.364142
17.309013,0.853964,0.228477,-0.708811,-1.012602,1.172542,1.063846,-0.503279,0.522838,-0.531915,0.303565,-0.175867,0.377400,0.631582,-0.219127,-1.575800,-0.112591,1.698959,-1.810578,0.648231,2.799771,-0.088361,0.259193,0.136875,-0.317064,-0.000273,0.901429,0.718200,-0.365838
17.310069,0.850831,0.231642,-0.704188,-1.012676,1.176273,1.062493,-0.504229,0.526648,-0.544773,0.311349,-0.191848,0.378539,0.628092,-0.219156,-1.575530,-0.112455,1.698636,-1.810578,0.649147,2.800491,-0.088711,0.262302,0.137366,-0.319541,0.000261,0.905402,0.718125,-0.360842
17.311037,0.852574,0.230033,-0.705141,-1.014228,1.175284,1.064431,-0.503188,0.528880,-0.555107,0.317078,-0.204830,0.379371,0.625020,-0.219212,-1.575259,-0.112322,1.698307,-1.810579,0.650049,2.801219,-0.089069,0.264250,0.135574,-0.321505,-0.000589,0.901848,0.719445,-0.359307
17.311989,0.849854,0.225534,-0.706681,-1.015590,1.174209,1.066532,-0.501500,0.527390,-0.561089,0.318701,-0.215257,0.380024,0.622440,-0.219335,-1.574999,-0.112184,1.697993,-1.810578,0.650947,2.801924,-0.089430,0.263581,0.136033,-0.320546,0.000061,0.902414,0.717201,-0.361608
17.313066,0.847527,0.223130,-0.703155,-1.015102,1.178134,1.068313,-0.501505,0.521258,-0.562593,0.315443,-0.223799,0.380564,0.620390,-0.219593,-1.574731,-0.112045,1.697678,-1.810576,0.651854,2.802632,-0.089803,0.265031,0.137908,-0.319246,0.000519,0.902791,0.714745,-0.365096
17.313988,0.849795,0.226347,-0.698779,-1.016655,1.179054,1.068523,-0.501000,0.510536,-0.560685,0.307390,-0.230833,0.381001,0.618898,-0.219992,-1.574463,-0.111904,1.697351,-1.810579,0.652737,2.803333,-0.090172,0.266702,0.138842,-0.320785,-0.000875,0.899469,0.713172,-0.365383
17.314977,0.851819,0.227760,-0.700150,-1.018147,1.183865,1.072826,-0.498629,0.497636,-0.556820,0.296829,-0.235880,0.381274,0.617892,-0.220464,-1.574196,-0.111773,1.697028,-1.810578,0.653635,2.804046,-0.090537,0.265526,0.136864,-0.322245,-0.000177,0.897693,0.712468,-0.366483
17.316028,0.852990,0.223803,-0.703044,-1.018314,1.179432,1.072676,-0.499243,0.484569,-0.551305,0.285784,-0.239102,0.381417,0.617238,-0.220966,-1.573932,-0.111639,1.696707,-1.810576,0.654533,2.804753,-0.090920,0.264763,0.135880,-0.321056,0.000378,0.892557,0.707925,-0.371382
17.316971,0.852973,0.224583,-0.698449,-1.018365,1.178176,1.073052,-0.498727,0.470672,-0.543431,0.273629,-0.240799,0.381565,0.616989,-0.221500,-1.573669,-0.111497,1.696395,-1.810578,0.655428,2.805451,-0.091286,0.264655,0.137580,-0.319461,-0.000374,0.897383,0.708240,-0.370393
17.317952,0.855165,0.221987,-0.701303,-1.020041,1.180669,1.073268,-0.497120,0.456868,-0.534320,0.261155,-0.240541,0.381598,0.617186,-0.222037,-1.573401,-0.111364,1.696069,-1.810579,0.656327,2.806155,-0.091661,0.264714,0.136828,-0.321098,-0.001133,0.897893,0.707486,-0.371525
17.319119,0.861210,0.226528,-0.697252,-1.019562,1.179535,1.073750,-0.495498,0.445029,-0.525560,0.250220,-0.238450,0.381310,0.617747,-0.222563,-1.573143,-0.111225,1.695752,-1.810578,0.657212,2.806866,-0.092048,0.263894,0.137776,-0.319182,-0.000370,0.895147,0.707021,-0.374854
17.320063,0.862721,0.225650,-0.692474,-1.020214,1.180257,1.073606,-0.494410,0.436873,-0.518143,0.242593,-0.234826,0.380534,0.618591,-0.223099,-1.572884,-0.111095,1.695430,-1.810582,0.658114,2.807562,-0.092436,0.261784,0.135477,-0.321367,-0.001833,0.897570,0.707141,-0.378503
17.320967,0.855918,0.218330,-0.694959,-1.019870,1.182227,1.071679,-0.494130,0.436327,-0.514059,0.242028,-0.229063,0.378974,0.619586,-0.223629,-1.572619,-0.110959,1.695103,-1.810583,0.659010,2.808273,-0.092821,0.261131,0.135562,-0.323054,-0.001978,0.896152,0.706881,-0.380705
17.322124,0.866148,0.215910,-0.693025,-1.019912,1.184209,1.074153,-0.494284,0.443097,-0.513565,0.248174,-0.221391,0.376643,0.620720,-0.224116,-1.572352,-0.110814,1.694784,-1.810589,0.659889,2.808979,-0.093207,0.264488,0.138723,-0.321032,-0.003013,0.893326,0.708283,-0.381215
17.323086,0.867155,0.216102,-0.697897,-1.020278,1.183830,1.068431,-0.494799,0.454966,-0.516645,0.258920,-0.212321,0.373756,0.622058,-0.224541,-1.572097,-0.110674,1.694461,-1.810595,0.660785,2.809689,-0.093586,0.260242,0.139780,-0.322112,-0.003878,0.892571,0.706250,-0.381324
17.323984,0.857401,0.219252,-0.685977,-1.022621,1.181317,1.065169,-0.493987,0.473041,-0.524358,0.275392,-0.201669,0.370395,0.623469,-0.224902,-1.571840,-0.110536,1.694146,-1.810601,0.661685,2.810410,-0.093968,0.260009,0.139287,-0.319135,-0.004230,0.892411,0.711651,-0.380367
17.324953,0.855437,0.216122,-0.685022,-1.023043,1.178347,1.065471,-0.493264,0.493351,-0.533106,0.293863,-0.190960,0.366967,0.624752,-0.225216,-1.571567,-0.110404,1.693816,-1.810599,0.662574,2.811123,-0.094347,0.264769,0.137315,-0.324280,-0.002730,0.893954,0.714285,-0.382002
17.325953,0.854953,0.213735,-0.690202,-1.022810,1.178039,1.065729,-0.493864,0.510667,-0.538875,0.309483,-0.182409,0.363900,0.625711,-0.225515,-1.571298,-0.110262,1.693493,-1.810601,0.663478,2.811838,-0.094736,0.265839,0.138499,-0.324140,-0.003148,0.896414,0.713627,-0.383514
17.326987,0.855354,0.212870,-0.690635,-1.022653,1.174757,1.065923,-0.494423,0.522652,-0.540476,0.319978,-0.175628,0.361359,0.626485,-0.225818,-1.571034,-0.110120,1.693175,-1.810607,0.664385,2.812542,-0.095118,0.266353,0.139324,-0.321121,-0.004143,0.896414,0.713238,-0.382435
17.328001,0.853971,0.210163,-0.687875,-1.026407,1.172999,1.063702,-0.494482,0.527070,-0.536678,0.322947,-0.168628,0.359441,0.627518,-0.226121,-1.570768,-0.109983,1.692855,-1.810614,0.665282,2.813261,-0.095497,0.266536,0.139480,-0.320629,-0.005073,0.899856,0.712961,-0.381534
17.329084,0.855197,0.208204,-0.684293,-1.024669,1.176380,1.063041,-0.494309,0.525352,-0.528950,0.319889,-0.161718,0.358017,0.628797,-0.226433,-1.570497,-0.109838,1.692530,-1.810609,0.666187,2.813986,-0.095883,0.267490,0.140462,-0.321575,-0.002317,0.901463,0.714998,-0.381575
17.329990,0.850551,0.205150,-0.679389,-1.025428,1.174039,1.055686,-0.495293,0.522519,-0.521522,0.315961,-0.156257,0.356782,0.630044,-0.226759,-1.570232,-0.109695,1.692207,-1.810619,0.667073,2.814698,-0.096264,0.267428,0.141160,-0.323198,-0.004833,0.898698,0.715808,-0.382217
17.330970,0.854367,0.201611,-0.681657,-1.025765,1.172650,1.050147,-0.495780,0.522847,-0.517607,0.315310,-0.151498,0.355484,0.631282,-0.227058,-1.569959,-0.109553,1.691878,-1.810623,0.667978,2.815434,-0.096639,0.269621,0.142197,-0.324797,-0.004780,0.899996,0.722511,-0.380238
17.331976,0.856752,0.200295,-0.684368,-1.027578,1.173048,1.049053,-0.495222,0.527667,-0.518422,0.319241,-0.147095,0.354005,0.632546,-0.227288,-1.569695,-0.109405,1.691556,-1.810630,0.668870,2.816162,-0.097018,0.267900,0.143503,-0.323112,-0.005168,0.901082,0.727679,-0.379399
17.333164,0.857062,0.195661,-0.683109,-1.028800,1.175855,1.042924,-0.496347,0.535999,-0.523614,0.326854,-0.143683,0.352356,0.633830,-0.227450,-1.569429,-0.109263,1.691241,-1.810632,0.669786,2.816904,-0.097396,0.266996,0.143793,-0.321422,-0.004188,0.900353,0.728392,-0.380709
17.334085,0.858280,0.195944,-0.679317,-1.029932,1.177939,1.041366,-0.495562,0.546543,-0.532495,0.336869,-0.141953,0.350575,0.635077,-0.227566,-1.569158,-0.109112,1.690915,-1.810638,0.670683,2.817653,-0.097775,0.267712,0.145894,-0.322214,-0.003906,0.899015,0.734944,-0.378903
17.335007,0.859963,0.194708,-0.673571,-1.029817,1.180758,1.041128,-0.496810,0.559763,-0.545421,0.349744,-0.142490,0.348593,0.636001,-0.227664,-1.568893,-0.108966,1.690592,-1.810644,0.671563,2.818387,-0.098154,0.267086,0.145204,-0.323388,-0.003454,0.896206,0.735813,-0.380530
17.336022,0.861794,0.194850,-0.675419,-1.029678,1.183501,1.045934,-0.496757,0.577482,-0.562793,0.367103,-0.144286,0.346305,0.636398,-0.227767,-1.568626,-0.108820,1.690262,-1.810651,0.672449,2.819126,-0.098527,0.266220,0.145312,-0.325460,-0.004263,0.892630,0.735374,-0.378047
17.336973,0.859840,0.196479,-0.671694,-1.028971,1.188208,1.048016,-0.498103,0.599343,-0.583105,0.388214,-0.144899,0.343781,0.636477,-0.227884,-1.568364,-0.108677,1.689938,-1.810659,0.673341,2.819850,-0.098911,0.265680,0.144864,-0.324075,-0.005114,0.889896,0.730324,-0.378340
17.338082,0.858117,0.195244,-0.668400,-1.027922,1.188265,1.047221,-0.498596,0.620716,-0.601866,0.408098,-0.141963,0.341393,0.636793,-0.227999,-1.568095,-0.108537,1.689611,-1.810671,0.674214,2.820572,-0.099279,0.266722,0.143634,-0.325296,-0.006414,0.884799,0.727832,-0.375740
17.338969,0.858828,0.197047,-0.662975,-1.030067,1.184095,1.051041,-0.497490,0.637943,-0.615577,0.422942,-0.134168,0.339476,0.637721,-0.228089,-1.567820,-0.108393,1.689281,-1.810681,0.675099,2.821307,-0.099655,0.268119,0.144015,-0.326766,-0.008210,0.885697,0.728787,-0.375128
17.339993,0.859767,0.192989,-0.663166,-1.028761,1.187006,1.048648,-0.498749,0.651931,-0.624724,0.433814,-0.122078,0.338049,0.639111,-0.228162,-1.567556,-0.108251,1.688948,-1.810687,0.675982,2.822019,-0.100041,0.267641,0.142576,-0.328519,-0.006704,0.888860,0.724270,-0.377306
17.341068,0.861389,0.192792,-0.662027,-1.029596,1.188222,1.050120,-0.500664,0.664943,-0.631268,0.443294,-0.107272,0.337015,0.640577,-0.228195,-1.567286,-0.108102,1.688623,-1.810701,0.676868,2.822747,-0.100406,0.267476,0.144224,-0.327995,-0.008637,0.886039,0.726552,-0.374998
17.341957,0.860681,0.191453,-0.663976,-1.031450,1.185359,1.054031,-0.500975,0.678020,-0.636522,0.452574,-0.090492,0.336311,0.641832,-0.228128,-1.567020,-0.107959,1.688293,-1.810709,0.677757,2.823470,-0.100773,0.267183,0.144011,-0.328282,-0.008560,0.885396,0.725100,-0.371485
17.342961,0.853858,0.193645,-0.662450,-1.032446,1.184541,1.060891,-0.500758,0.689328,-0.639636,0.459970,-0.072849,0.336055,0.642730,-0.227955,-1.566752,-0.107812,1.687971,-1.810715,0.678641,2.824177,-0.101136,0.267409,0.144111,-0.326466,-0.007351,0.887262,0.720554,-0.370927
17.344104,0.856142,0.187248,-0.657455,-1.031257,1.183439,1.063203,-0.502096,0.692905,-0.636400,0.459739,-0.055920,0.336657,0.643421,-0.227744,-1.566472,-0.107673,1.687640,-1.810721,0.679532,2.824878,-0.101510,0.270962,0.142671,-0.326705,-0.007116,0.887998,0.713574,-0.371560
17.344998,0.857851,0.192143,-0.655579,-1.033355,1.180888,1.064971,-0.502268,0.687471,-0.625994,0.450592,-0.039501,0.338218,0.644099,-0.227521,-1.566204,-0.107521,1.687304,-1.810734,0.680420,2.825581,-0.101876,0.270505,0.145612,-0.329099,-0.009057,0.890278,0.711763,-0.369305
17.345956,0.860703,0.192297,-0.663256,-1.033936,1.175161,1.067612,-0.501841,0.679795,-0.613362,0.439211,-0.022913,0.340318,0.644601,-0.227233,-1.565935,-0.107385,1.686976,-1.810740,0.681317,2.826290,-0.102246,0.269510,0.142667,-0.329133,-0.007578,0.891711,0.709395,-0.368999
17.347013,0.862355,0.188764,-0.662559,-1.034252,1.172888,1.064587,-0.502357,0.670712,-0.598439,0.426546,-0.006742,0.342871,0.644986,-0.226874,-1.565667,-0.107243,1.686658,-1.810749,0.682228,2.826998,-0.102616,0.268178,0.142188,-0.324702,-0.007679,0.896793,0.706423,-0.369988
17.347982,0.860913,0.186045,-0.663375,-1.035705,1.174025,1.063750,-0.503539,0.657450,-0.579048,0.409863,0.008488,0.345939,0.645524,-0.226491,-1.565402,-0.107095,1.686335,-1.810759,0.683124,2.827706,-0.102976,0.267829,0.143605,-0.324828,-0.008073,0.899365,0.709584,-0.369263
17.348972,0.863348,0.182610,-0.660542,-1.037889,1.164015,1.065133,-0.503352,0.641931,-0.557522,0.391073,0.021974,0.349292,0.646103,-0.226098,-1.565132,-0.106949,1.686011,-1.810766,0.684026,2.828415,-0.103341,0.268669,0.144509,-0.323825,-0.007320,0.897684,0.710102,-0.367051
17.350016,0.863318,0.183946,-0.663076,-1.036759,1.162694,1.063478,-0.502708,0.627390,-0.537273,0.373565,0.032075,0.352639,0.646401,-0.225706,-1.564869,-0.106803,1.685682,-1.810771,0.684942,2.829132,-0.103715,0.267702,0.145789,-0.324696,-0.005904,0.907349,0.708449,-0.367608
17.350952,0.867744,0.189230,-0.662625,-1.037497,1.160907,1.063559,-0.503796,0.615704,-0.519856,0.359219,0.038754,0.355734,0.646305,-0.225348,-1.564601,-0.106660,1.685365,-1.810782,0.685856,2.829840,-0.104083,0.268117,0.144778,-0.323168,-0.007730,0.908631,0.710162,-0.369185
17.351983,0.871192,0.186480,-0.667378,-1.037979,1.155312,1.062377,-0.504229,0.604800,-0.502405,0.345691,0.044049,0.358630,0.646047,-0.225039,-1.564338,-0.106522,1.685041,-1.810790,0.686780,2.830550,-0.104448,0.265959,0.141717,-0.322712,-0.007628,0.909406,0.709622,-0.367078
17.353078,0.869210,0.187043,-0.666296,-1.037784,1.152766,1.065996,-0.503443,0.592543,-0.482257,0.330661,0.049232,0.361448,0.645756,-0.224770,-1.564078,-0.106376,1.684723,-1.810800,0.687714,2.831256,-0.104810,0.264688,0.142751,-0.320028,-0.007849,0.914766,0.710810,-0.366507
17.353965,0.871042,0.188480,-0.662464,-1.037083,1.151773,1.065880,-0.504549,0.578573,-0.459613,0.313718,0.054646,0.364126,0.645463,-0.224559,-1.563808,-0.106238,1.684405,-1.810809,0.688632,2.831958,-0.105187,0.266253,0.142261,-0.320521,-0.008819,0.917737,0.707405,-0.368430
17.355144,0.871566,0.183875,-0.661912,-1.038583,1.155286,1.068892,-0.504330,0.563193,-0.434955,0.295052,0.061278,0.366525,0.645327,-0.224424,-1.563547,-0.106097,1.684084,-1.810820,0.689549,2.832670,-0.105555,0.265237,0.141031,-0.321623,-0.010072,0.917323,0.706909,-0.366187
17.356020,0.872149,0.174218,-0.673158,-1.038810,1.157026,1.070262,-0.504825,0.549121,-0.410567,0.277431,0.069286,0.368408,0.645338,-0.224347,-1.563278,-0.105950,1.683764,-1.810828,0.690451,2.833370,-0.105919,0.265846,0.143175,-0.322077,-0.009418,0.915144,0.704505,-0.367175
17.357017,0.876947,0.174943,-0.668504,-1.038905,1.156840,1.066605,-0.504750,0.536351,-0.388472,0.261164,0.077254,0.369752,0.645600,-0.224331,-1.563013,-0.105796,1.683459,-1.810839,0.691364,2.834081,-0.106285,0.265382,0.147345,-0.315711,-0.009736,0.911954,0.702451,-0.366169
17.357988,0.874469,0.172276,-0.671273,-1.038680,1.158943,1.059498,-0.504832,0.523545,-0.369302,0.245083,0.084387,0.370620,0.646338,-0.224388,-1.562756,-0.105649,1.683135,-1.810849,0.692266,2.834788,-0.106656,0.263330,0.146495,-0.317643,-0.010288,0.911927,0.706004,-0.366515
17.359021,0.875661,0.174345,-0.667915,-1.038556,1.162947,1.053897,-0.504547,0.512139,-0.353675,0.230632,0.090716,0.370918,0.647438,-0.224497,-1.562488,-0.105503,1.682827,-1.810862,0.693172,2.835518,-0.107021,0.264736,0.147386,-0.315841,-0.011088,0.909266,0.712734,-0.366512
17.360020,0.881173,0.171266,-0.672927,-1.038384,1.163664,1.052765,-0.504359,0.491224,-0.328041,0.204645,0.101016,0.370161,0.650012,-0.224790,-1.561964,-0.105210,1.682200,-1.810888,0.694974,2.836962,-0.107759,0.262092,0.147095,-0.314427,-0.012591,0.904419,0.719058,-0.367913
17.361073,0.880933,0.172236,-0.672106,-1.038850,1.163486,1.051404,-0.506392,0.491224,-0.328041,0.204645,0.101016,0.370161,0.650012,-0.224790,-1.561964,-0.105210,1.682200,-1.810888,0.694974,2.836962,-0.107759,0.262092,0.147095,-0.314427,-0.012591,0.904419,0.719058,-0.367913
17.362007,0.880769,0.178566,-0.673361,-1.038818,1.165279,1.052168,-0.505697,0.469703,-0.304592,0.179080,0.112030,0.368113,0.652569,-0.225223,-1.561439,-0.104930,1.681571,-1.810915,0.696783,2.838397,-0.108493,0.262876,0.142681,-0.313463,-0.013302,0.902166,0.719151,-0.365634
17.362968,0.884621,0.179051,-0.671898,-1.039928,1.165529,1.056596,-0.505494,0.469703,-0.304592,0.179080,0.112030,0.368113,0.652569,-0.225223,-1.561439,-0.104930,1.681571,-1.810915,0.696783,2.838397,-0.108493,0.262876,0.142681,-0.313463,-0.013302,0.902166,0.719151,-0.365634
17.363944,0.887890,0.176216,-0.675807,-1.040246,1.165884,1.054448,-0.505987,0.451663,-0.286387,0.159267,0.119043,0.367221,0.654154,-0.225555,-1.561178,-0.104790,1.681262,-1.810926,0.697680,2.839112,-0.108856,0.261119,0.142070,-0.313782,-0.012797,0.901406,0.714331,-0.366189
17.364989,0.887786,0.169575,-0.675238,-1.042057,1.163495,1.050581,-0.505597,0.430369,-0.264754,0.136352,0.127049,0.366484,0.655930,-0.225950,-1.560919,-0.104646,1.680954,-1.810941,0.698585,2.839834,-0.109223,0.259756,0.143076,-0.311440,-0.012994,0.900582,0.716203,-0.365354
17.365971,0.889092,0.168164,-0.676452,-1.040264,1.163557,1.051906,-0.504531,0.410428,-0.244760,0.115114,0.134592,0.365712,0.657495,-0.226376,-1.560657,-0.104492,1.680645,-1.810952,0.699479,2.840553,-0.109592,0.260293,0.145962,-0.311611,-0.011847,0.903248,0.720051,-0.366424
17.366985,0.891753,0.165671,-0.677469,-1.042125,1.166726,1.054098,-0.503627,0.394600,-0.229821,0.098386,0.141024,0.364767,0.658598,-0.226826,-1.560398,-0.104348,1.680335,-1.810971,0.700385,2.841274,-0.109964,0.259916,0.146229,-0.310618,-0.014103,0.902739,0.718363,-0.368726
17.368064,0.898176,0.162985,-0.684160,-1.043369,1.165428,1.057613,-0.505344,0.382985,-0.220038,0.086125,0.147446,0.363665,0.659359,-0.227289,-1.560145,-0.104198,1.680025,-1.810981,0.701274,2.841988,-0.110341,0.259052,0.147035,-0.309862,-0.012882,0.899570,0.716034,-0.370723
17.368952,0.896005,0.165136,-0.676747,-1.044930,1.163900,1.061029,-0.502646,0.374516,-0.214529,0.077245,0.153817,0.362470,0.659836,-0.227737,-1.559893,-0.104050,1.679728,-1.810993,0.702176,2.842688,-0.110700,0.256528,0.148039,-0.306615,-0.012345,0.901380,0.712721,-0.367607
17.370019,0.901470,0.162502,-0.673300,-1.046527,1.165874,1.067393,-0.503081,0.368768,-0.212738,0.071351,0.159280,0.361168,0.659943,-0.228171,-1.559631,-0.103905,1.679412,-1.811001,0.703089,2.843393,-0.111084,0.257572,0.146388,-0.309620,-0.011393,0.901578,0.708701,-0.373037
17.371015,0.900969,0.160440,-0.671039,-1.044581,1.167125,1.068276,-0.503301,0.368008,-0.215633,0.070651,0.163470,0.359620,0.659572,-0.228604,-1.559382,-0.103755,1.679098,-1.811008,0.703977,2.844081,-0.111454,0.255509,0.147354,-0.311205,-0.010581,0.900077,0.702546,-0.372411
17.371957,0.904222,0.160403,-0.678658,-1.047193,1.166184,1.067239,-0.502776,0.388762,-0.240076,0.091643,0.171724,0.355297,0.658001,-0.229410,-1.558869,-0.103460,1.678486,-1.811033,0.705785,2.845490,-0.112204,0.254673,0.147429,-0.307746,-0.011064,0.898753,0.702251,-0.373284
17.372974,0.907816,0.166812,-0.675678,-1.045844,1.167799,1.065806,-0.502075,0.388762,-0.240076,0.091643,0.171724,0.355297,0.658001,-0.229410,-1.558869,-0.103460,1.678486,-1.811033,0.705785,2.845490,-0.112204,0.254673,0.147429,-0.307746,-0.011064,0.898753,0.702251,-0.373284
17.374033,0.906642,0.166830,-0.674289,-1.049713,1.168899,1.066273,-0.502424,0.400219,-0.253462,0.103346,0.176427,0.353177,0.657638,-0.229809,-1.558621,-0.103322,1.678176,-1.811050,0.706671,2.846193,-0.112580,0.253421,0.143892,-0.309044,-0.012962,0.897195,0.703633,-0.374888
17.374977,0.907754,0.167303,-0.671189,-1.049270,1.168806,1.064164,-0.503944,0.407462,-0.262694,0.111109,0.180470,0.351517,0.657754,-0.230211,-1.558364,-0.103179,1.677866,-1.811055,0.707573,2.846895,-0.112956,0.254604,0.143622,-0.309625,-0.009878,0.896398,0.703266,-0.374437
17.375982,0.910619,0.164571,-0.672045,-1.051995,1.169301,1.062193,-0.504547,0.411217,-0.268454,0.115897,0.182181,0.350352,0.658088,-0.230582,-1.558112,-0.103038,1.677553,-1.811068,0.708463,2.847599,-0.113320,0.254278,0.142941,-0.310655,-0.010911,0.895894,0.705034,-0.371496
17.377025,0.908744,0.163850,-0.674029,-1.053123,1.169636,1.064121,-0.504745,0.413938,-0.273383,0.120269,0.180653,0.349527,0.658301,-0.230900,-1.557859,-0.102894,1.677246,-1.811072,0.709354,2.848315,-0.113690,0.253268,0.143941,-0.309951,-0.008960,0.895323,0.706819,-0.370514
17.378045,0.909660,0.163861,-0.670708,-1.053814,1.175152,1.058408,-0.506388,0.415909,-0.278617,0.124501,0.175499,0.348963,0.658229,-0.231196,-1.557601,-0.102748,1.676935,-1.811079,0.710255,2.849026,-0.114065,0.254734,0.143928,-0.308784,-0.008607,0.895142,0.704855,-0.370368
17.379072,0.912411,0.158224,-0.675994,-1.053742,1.173871,1.058732,-0.505463,0.415012,-0.283022,0.126410,0.166821,0.348744,0.657898,-0.231503,-1.557347,-0.102604,1.676626,-1.811087,0.711131,2.849737,-0.114421,0.254750,0.143555,-0.310252,-0.008659,0.889793,0.710552,-0.367338
17.380079,0.908946,0.159515,-0.671967,-1.055358,1.176667,1.059852,-0.507348,0.412103,-0.287325,0.126627,0.155964,0.348760,0.657290,-0.231814,-1.557093,-0.102453,1.676324,-1.811096,0.712020,2.850449,-0.114794,0.253854,0.145953,-0.307447,-0.009455,0.891276,0.710096,-0.369468
17.381068,0.909125,0.162185,-0.671130,-1.056662,1.180366,1.058618,-0.507342,0.407760,-0.292264,0.125525,0.144172,0.348900,0.656509,-0.232114,-1.556837,-0.102309,1.676009,-1.811102,0.712895,2.851154,-0.115152,0.256030,0.144890,-0.309166,-0.008574,0.888541,0.708858,-0.365891
17.382000,0.907936,0.158729,-0.672161,-1.055646,1.180981,1.056652,-0.508118,0.399666,-0.295649,0.120773,0.131516,0.349298,0.655767,-0.232404,-1.556578,-0.102170,1.675701,-1.811109,0.713775,2.851867,-0.115518,0.256230,0.143200,-0.309256,-0.008013,0.884735,0.709884,-0.366136
17.383041,0.909576,0.158819,-0.673221,-1.058087,1.182268,1.053620,-0.508483,0.386284,-0.295678,0.110808,0.118474,0.350047,0.655252,-0.232690,-1.556317,-0.102023,1.675392,-1.811121,0.714659,2.852590,-0.115878,0.256924,0.144441,-0.308202,-0.009603,0.883500,0.711330,-0.364685
17.384049,0.913689,0.159247,-0.671447,-1.059595,1.183541,1.051820,-0.508353,0.368116,-0.292908,0.096092,0.105777,0.351100,0.655093,-0.232959,-1.556065,-0.101878,1.675089,-1.811125,0.715532,2.853303,-0.116237,0.256657,0.144027,-0.307600,-0.007966,0.882637,0.714355,-0.364272
17.384978,0.913769,0.160380,-0.673468,-1.059760,1.184261,1.044945,-0.507487,0.347903,-0.289569,0.079501,0.092529,0.352366,0.655136,-0.233190,-1.555812,-0.101736,1.674780,-1.811129,0.716412,2.854027,-0.116607,0.255038,0.143452,-0.308231,-0.007276,0.881420,0.715923,-0.364748
17.386193,0.915073,0.161707,-0.667454,-1.059904,1.187981,1.039721,-0.507702,0.327983,-0.286967,0.063395,0.078256,0.353808,0.655269,-0.233367,-1.555557,-0.101594,1.674473,-1.811139,0.717299,2.854763,-0.116977,0.255168,0.142415,-0.306691,-0.007726,0.880000,0.722228,-0.366569
17.386982,0.911763,0.160016,-0.666742,-1.060560,1.180509,1.038706,-0.508629,0.309252,-0.285064,0.048478,0.063828,0.355453,0.655497,-0.233463,-1.555300,-0.101454,1.674159,-1.811150,0.718168,2.855495,-0.117341,0.255635,0.141701,-0.310124,-0.008429,0.878262,0.728023,-0.366699
17.388041,0.907335,0.162837,-0.667630,-1.062934,1.179800,1.033912,-0.508571,0.293046,-0.284573,0.035916,0.050109,0.357260,0.655764,-0.233441,-1.555039,-0.101310,1.673849,-1.811156,0.719060,2.856233,-0.117705,0.256891,0.141880,-0.309421,-0.008322,0.883831,0.727779,-0.364689
17.389034,0.911299,0.162159,-0.667494,-1.065615,1.180989,1.031952,-0.508722,0.275925,-0.283162,0.022333,0.036731,0.359446,0.656125,-0.233315,-1.554775,-0.101170,1.673540,-1.811159,0.719941,2.856964,-0.118077,0.259603,0.140182,-0.308886,-0.006822,0.884990,0.732572,-0.365111
17.389964,0.910562,0.158944,-0.664480,-1.066715,1.173816,1.034977,-0.508501,0.253573,-0.277818,0.003681,0.021857,0.362343,0.656424,-0.233119,-1.554518,-0.101032,1.673235,-1.811160,0.720833,2.857706,-0.118436,0.257930,0.140206,-0.308688,-0.005016,0.883589,0.734109,-0.365031
17.391055,0.909914,0.160669,-0.664519,-1.068580,1.169718,1.038432,-0.509987,0.229536,-0.271468,-0.016394,0.004711,0.365758,0.656241,-0.232845,-1.554257,-0.100887,1.672925,-1.811164,0.721735,2.858440,-0.118800,0.258405,0.141329,-0.309656,-0.004668,0.889999,0.730433,-0.365580
17.392075,0.910083,0.159705,-0.665748,-1.070233,1.170451,1.036142,-0.509301,0.207693,-0.267087,-0.034174,-0.013543,0.369340,0.655527,-0.232514,-1.553997,-0.100747,1.672621,-1.811166,0.722628,2.859153,-0.119161,0.259376,0.140211,-0.309705,-0.003737,0.894736,0.727162,-0.362960
17.392977,0.905279,0.155564,-0.663286,-1.071804,1.165274,1.035454,-0.509484,0.186683,-0.263214,-0.051140,-0.032086,0.373049,0.654531,-0.232183,-1.553734,-0.100607,1.672312,-1.811168,0.723540,2.859897,-0.119526,0.259654,0.140390,-0.308855,-0.002955,0.893797,0.729216,-0.364620
17.394052,0.905323,0.151034,-0.666618,-1.071611,1.161560,1.037100,-0.510088,0.164972,-0.258697,-0.068827,-0.051201,0.376867,0.653335,-0.231895,-1.553470,-0.100463,1.671995,-1.811170,0.724430,2.860622,-0.119890,0.262028,0.141949,-0.309383,-0.002165,0.898056,0.729224,-0.364288
17.394941,0.909853,0.149987,-0.666103,-1.072545,1.159790,1.035323,-0.510641,0.142924,-0.254387,-0.086953,-0.070366,0.380593,0.651992,-0.231670,-1.553204,-0.100319,1.671695,-1.811175,0.725340,2.861352,-0.120250,0.262506,0.143921,-0.307769,-0.003219,0.902128,0.727585,-0.363433
17.396033,0.904237,0.148977,-0.661882,-1.073545,1.160931,1.036103,-0.513096,0.122865,-0.252011,-0.103406,-0.087886,0.383918,0.650526,-0.231512,-1.552946,-0.100176,1.671387,-1.811176,0.726246,2.862084,-0.120609,0.260192,0.143897,-0.307379,-0.003049,0.902613,0.728629,-0.362377
17.397051,0.907082,0.153814,-0.660321,-1.075536,1.161416,1.043818,-0.512375,0.107183,-0.252662,-0.115902,-0.103119,0.386630,0.648720,-0.231392,-1.552677,-0.100031,1.671075,-1.811179,0.727140,2.862803,-0.120955,0.263602,0.144128,-0.309501,-0.002961,0.902120,0.727986,-0.357876
17.398006,0.912276,0.156385,-0.662853,-1.078741,1.156558,1.044782,-0.513389,0.094682,-0.254478,-0.125582,-0.116484,0.388816,0.646497,-0.231288,-1.552415,-0.099898,1.670763,-1.811180,0.728045,2.863514,-0.121318,0.262501,0.141440,-0.309994,-0.001869,0.901528,0.720096,-0.359635
17.399018,0.911748,0.155463,-0.663729,-1.078677,1.157110,1.047014,-0.514650,0.083271,-0.254745,-0.134410,-0.128722,0.390640,0.643929,-0.231210,-1.552159,-0.099762,1.670453,-1.811173,0.728949,2.864236,-0.121676,0.260127,0.139810,-0.308246,0.000317,0.905791,0.718768,-0.357736
17.400093,0.913008,0.155818,-0.662611,-1.078568,1.163795,1.047217,-0.515356,0.072058,-0.252360,-0.143213,-0.140367,0.392134,0.641085,-0.231154,-1.551896,-0.099627,1.670149,-1.811176,0.729857,2.864942,-0.122028,0.260760,0.140009,-0.307633,-0.000607,0.905007,0.716431,-0.355496
17.401046,0.914401,0.155096,-0.658799,-1.080568,1.159012,1.049928,-0.516589,0.060643,-0.247268,-0.152562,-0.150380,0.393302,0.638246,-0.231095,-1.551632,-0.099490,1.669837,-1.811181,0.730757,2.865664,-0.122378,0.260669,0.139617,-0.308131,-0.001585,0.898723,0.716324,-0.354496
17.402090,0.919081,0.153940,-0.654149,-1.080624,1.162431,1.046962,-0.515817,0.051092,-0.241312,-0.160512,-0.158017,0.394038,0.635564,-0.231028,-1.551374,-0.099350,1.669523,-1.811180,0.731659,2.866359,-0.122731,0.260168,0.139582,-0.309526,-0.000437,0.902975,0.713312,-0.352198
17.402985,0.915392,0.154022,-0.650557,-1.082924,1.163073,1.047932,-0.518334,0.049003,-0.239102,-0.161378,-0.163833,0.394011,0.632775,-0.230960,-1.551120,-0.099211,1.669209,-1.811184,0.732556,2.867077,-0.123088,0.258368,0.139888,-0.311664,-0.001253,0.899691,0.716300,-0.354106
17.403971,0.917490,0.150545,-0.651299,-1.083290,1.166850,1.050333,-0.517491,0.057430,-0.243358,-0.151962,-0.168678,0.393063,0.629638,-0.230875,-1.550858,-0.099072,1.668893,-1.811181,0.733455,2.867794,-0.123426,0.260196,0.139365,-0.312714,0.000182,0.897945,0.714644,-0.349148
17.405071,0.922138,0.145089,-0.650133,-1.085021,1.163236,1.051758,-0.517769,0.072951,-0.252191,-0.135557,-0.173379,0.391461,0.626314,-0.230785,-1.550599,-0.098931,1.668585,-1.811184,0.734335,2.868500,-0.123779,0.259419,0.140736,-0.311997,-0.000278,0.894002,0.712023,-0.351143
17.405999,0.923282,0.152854,-0.648455,-1.086571,1.164654,1.047190,-0.517654,0.094412,-0.265944,-0.113293,-0.177973,0.389278,0.622932,-0.230756,-1.550344,-0.098785,1.668270,-1.811183,0.735241,2.869208,-0.124133,0.257837,0.143197,-0.312571,0.000441,0.898314,0.710865,-0.350988
17.406979,0.921149,0.154796,-0.639492,-1.083633,1.166342,1.047500,-0.518313,0.122206,-0.285200,-0.084729,-0.182649,0.386464,0.619374,-0.230826,-1.550089,-0.098654,1.667953,-1.811181,0.736139,2.869930,-0.124487,0.257418,0.138915,-0.312769,0.001106,0.896009,0.714957,-0.351363
17.408084,0.922263,0.153350,-0.638791,-1.085446,1.168665,1.047340,-0.518072,0.152680,-0.305623,-0.053643,-0.186342,0.383229,0.615816,-0.230981,-1.549825,-0.098521,1.667631,-1.811190,0.737024,2.870648,-0.124832,0.258719,0.137685,-0.316767,-0.002530,0.894091,0.714297,-0.350289
17.408973,0.924778,0.155813,-0.643468,-1.084389,1.166822,1.046019,-0.518368,0.183895,-0.324889,-0.022223,-0.186916,0.379682,0.612553,-0.231217,-1.549563,-0.098383,1.667311,-1.811193,0.737920,2.871367,-0.125187,0.258831,0.138238,-0.317024,-0.001616,0.892525,0.714673,-0.351221
17.409949,0.919639,0.156943,-0.642081,-1.085522,1.166855,1.044519,-0.520399,0.213414,-0.341843,0.007131,-0.184119,0.376000,0.609790,-0.231552,-1.549310,-0.098247,1.667006,-1.811199,0.738804,2.872077,-0.125535,0.257588,0.136549,-0.314028,-0.003349,0.893380,0.715374,-0.350711
17.411045,0.920715,0.152485,-0.641798,-1.085335,1.171901,1.045806,-0.519327,0.234730,-0.352023,0.028017,-0.178468,0.372639,0.607919,-0.231969,-1.549043,-0.098114,1.666691,-1.811201,0.739700,2.872806,-0.125875,0.260364,0.135692,-0.314299,-0.003021,0.892953,0.716501,-0.346889
17.412043,0.919685,0.155277,-0.636727,-1.086885,1.163787,1.038505,-0.520077,0.244958,-0.353998,0.037606,-0.170709,0.369903,0.607172,-0.232424,-1.548784,-0.097972,1.666371,-1.811206,0.740574,2.873518,-0.126231,0.260482,0.137707,-0.314352,-0.004099,0.888759,0.715401,-0.349510
17.412997,0.915075,0.149511,-0.636521,-1.086883,1.163951,1.033471,-0.521393,0.248211,-0.351741,0.040133,-0.162068,0.367669,0.607269,-0.232891,-1.548520,-0.097839,1.666055,-1.811207,0.741484,2.874255,-0.126577,0.261280,0.136005,-0.316519,-0.003410,0.896673,0.722443,-0.348255
17.414043,0.915941,0.148409,-0.640911,-1.088357,1.165087,1.033003,-0.521082,0.248464,-0.348690,0.039760,-0.153928,0.365728,0.607750,-0.233330,-1.548249,-0.097694,1.665736,-1.811212,0.742386,2.874998,-0.126917,0.263644,0.138471,-0.316025,-0.004177,0.895777,0.726894,-0.345848
17.414975,0.914651,0.144145,-0.636393,-1.090694,1.162676,1.030025,-0.521758,0.244783,-0.344901,0.035672,-0.147206,0.364162,0.608510,-0.233717,-1.547985,-0.097552,1.665427,-1.811212,0.743271,2.875723,-0.127263,0.263644,0.138689,-0.313675,-0.003616,0.894993,0.727251,-0.346871
17.416025,0.919747,0.144123,-0.634263,-1.090700,1.165996,1.026931,-0.521855,0.230066,-0.340089,0.021154,-0.141276,0.362021,0.610090,-0.234380,-1.547465,-0.097271,1.664790,-1.811219,0.745069,2.877207,-0.127956,0.262326,0.140100,-0.316155,-0.002908,0.893507,0.732553,-0.345862
17.417137,0.923935,0.147129,-0.630808,-1.091014,1.165827,1.027107,-0.523407,0.230066,-0.340089,0.021154,-0.141276,0.362021,0.610090,-0.234380,-1.547465,-0.097271,1.664790,-1.811219,0.745069,2.877207,-0.127956,0.262326,0.140100,-0.316155,-0.002908,0.893507,0.732553,-0.345862
17.418080,0.924076,0.147506,-0.627037,-1.094708,1.165711,1.028103,-0.521038,0.230167,-0.345728,0.021650,-0.141015,0.360808,0.610089,-0.234643,-1.547205,-0.097139,1.664474,-1.811224,0.745958,2.877937,-0.128288,0.260954,0.138475,-0.317905,-0.003478,0.894603,0.732521,-0.343261
17.419098,0.926425,0.148653,-0.630698,-1.096001,1.164421,1.027457,-0.522823,0.238525,-0.357152,0.030355,-0.141206,0.359366,0.609364,-0.234855,-1.546942,-0.096999,1.664153,-1.811222,0.746857,2.878666,-0.128646,0.261007,0.137878,-0.319153,-0.000652,0.894012,0.730989,-0.348223
17.419982,0.927558,0.147240,-0.626134,-1.096401,1.161688,1.029130,-0.522537,0.251480,-0.371127,0.043756,-0.143202,0.357964,0.607964,-0.235044,-1.546686,-0.096864,1.663837,-1.811222,0.747747,2.879392,-0.128991,0.260269,0.137045,-0.316967,-0.000301,0.895365,0.731466,-0.344894
17.420991,0.928285,0.150673,-0.624822,-1.097605,1.166449,1.033284,-0.520561,0.265526,-0.384792,0.058276,-0.146724,0.356725,0.606153,-0.235237,-1.546424,-0.096727,1.663521,-1.811224,0.748646,2.880120,-0.129334,0.259615,0.137290,-0.318520,-0.000676,0.896877,0.729010,-0.345613
17.421963,0.925335,0.145846,-0.624221,-1.097153,1.167325,1.033399,-0.518935,0.280145,-0.397164,0.073130,-0.150029,0.355527,0.604245,-0.235475,-1.546167,-0.096593,1.663201,-1.811224,0.749537,2.880846,-0.129696,0.259663,0.135294,-0.318768,-0.000358,0.892022,0.724613,-0.349844
17.423053,0.931566,0.138406,-0.619624,-1.099304,1.171032,1.034505,-0.519035,0.293531,-0.406606,0.086375,-0.151977,0.354391,0.602559,-0.235817,-1.545901,-0.096450,1.662886,-1.811229,0.750422,2.881560,-0.130055,0.261318,0.137332,-0.318603,-0.001589,0.890876,0.724224,-0.353275
17.424052,0.927427,0.137463,-0.617891,-1.097601,1.175809,1.036701,-0.519404,0.308550,-0.416348,0.100866,-0.152518,0.353059,0.600966,-0.236252,-1.545645,-0.096305,1.662560,-1.811227,0.751304,2.882284,-0.130416,0.258852,0.140781,-0.320735,-0.000461,0.887919,0.723231,-0.353425
17.425007,0.928127,0.136709,-0.623083,-1.099363,1.176597,1.037536,-0.516577,0.355789,-0.449006,0.145888,-0.148893,0.348979,0.597555,-0.237183,-1.545122,-0.096025,1.661921,-1.811234,0.753053,2.883710,-0.131134,0.261067,0.140837,-0.317966,-0.001992,0.882057,0.719635,-0.358796
17.426102,0.930660,0.132723,-0.619655,-1.099324,1.178571,1.039963,-0.516188,0.355789,-0.449006,0.145888,-0.148893,0.348979,0.597555,-0.237183,-1.545122,-0.096025,1.661921,-1.811234,0.753053,2.883710,-0.131134,0.261067,0.140837,-0.317966,-0.001992,0.882057,0.719635,-0.358796
17.427037,0.924000,0.135727,-0.611925,-1.100995,1.177484,1.038932,-0.515805,0.377814,-0.463715,0.166326,-0.144273,0.347048,0.596474,-0.237683,-1.544862,-0.095878,1.661596,-1.811239,0.753938,2.884431,-0.131501,0.260458,0.142542,-0.319565,-0.002925,0.880859,0.717351,-0.359890
17.428003,0.929760,0.134180,-0.609367,-1.101913,1.176224,1.041357,-0.514588,0.398600,-0.476828,0.185322,-0.138754,0.345325,0.595713,-0.238152,-1.544593,-0.095740,1.661269,-1.811241,0.754813,2.885145,-0.131866,0.263841,0.140604,-0.322717,-0.002021,0.881442,0.717951,-0.360759
17.429203,0.928891,0.132396,-0.612175,-1.104230,1.176642,1.037382,-0.515093,0.420061,-0.489154,0.204957,-0.133286,0.343771,0.595029,-0.238509,-1.544338,-0.095600,1.660942,-1.811241,0.755695,2.885858,-0.132234,0.261175,0.141007,-0.323346,-0.001990,0.882379,0.715171,-0.363354
17.430069,0.931541,0.132278,-0.610945,-1.104685,1.176031,1.036607,-0.514873,0.443056,-0.501435,0.226335,-0.128897,0.342420,0.594268,-0.238732,-1.544076,-0.095456,1.660616,-1.811240,0.756572,2.886588,-0.132600,0.262654,0.141768,-0.322107,-0.000776,0.883737,0.719747,-0.362859
17.431008,0.932142,0.129851,-0.606978,-1.103439,1.170224,1.037137,-0.516166,0.466013,-0.513039,0.248039,-0.126410,0.341448,0.593434,-0.238830,-1.543819,-0.095317,1.660298,-1.811242,0.757472,2.887298,-0.132963,0.261204,0.141305,-0.321873,-0.001062,0.882946,0.719760,-0.363307
17.431964,0.931722,0.124249,-0.606705,-1.105481,1.169045,1.034908,-0.515517,0.489056,-0.524051,0.269989,-0.124511,0.340855,0.592696,-0.238793,-1.543555,-0.095174,1.659972,-1.811248,0.758365,2.888018,-0.133318,0.260998,0.142066,-0.323168,-0.003019,0.888132,0.718738,-0.360842
17.433010,0.937683,0.126201,-0.601790,-1.106114,1.168404,1.032857,-0.517144,0.514822,-0.536916,0.294545,-0.121594,0.340431,0.592121,-0.238611,-1.543296,-0.095022,1.659649,-1.811248,0.759246,2.888731,-0.133687,0.261408,0.144340,-0.322669,-0.001821,0.888866,0.720628,-0.362303
17.434054,0.938019,0.126278,-0.601534,-1.110140,1.161212,1.029671,-0.516034,0.545223,-0.553804,0.323660,-0.118415,0.340065,0.591436,-0.238310,-1.543041,-0.094881,1.659320,-1.811249,0.760141,2.889461,-0.134040,0.258952,0.143034,-0.324786,-0.002122,0.889755,0.722579,-0.359345
17.434961,0.936104,0.125289,-0.602194,-1.109166,1.160027,1.030704,-0.515318,0.580886,-0.575082,0.358140,-0.116773,0.339723,0.590229,-0.237926,-1.542785,-0.094737,1.658993,-1.811242,0.761055,2.890199,-0.134405,0.259340,0.142666,-0.324524,0.000816,0.897051,0.725616,-0.361905
17.435987,0.942395,0.124473,-0.594586,-1.111761,1.154748,1.031793,-0.517733,0.617186,-0.597242,0.393460,-0.117635,0.339596,0.588547,-0.237511,-1.542523,-0.094594,1.658675,-1.811246,0.761943,2.890913,-0.134772,0.260301,0.142655,-0.323469,-0.000929,0.897256,0.723965,-0.363378
17.437067,0.938073,0.123417,-0.596565,-1.111846,1.150838,1.030750,-0.518093,0.651951,-0.618825,0.427316,-0.120016,0.339689,0.586635,-0.237096,-1.542269,-0.094452,1.658341,-1.811242,0.762857,2.891635,-0.135125,0.257620,0.142736,-0.326820,0.000690,0.902466,0.722751,-0.358794
17.438059,0.935924,0.119148,-0.594375,-1.111140,1.148431,1.031876,-0.518006,0.687213,-0.641467,0.461629,-0.122981,0.339760,0.584599,-0.236683,-1.542008,-0.094307,1.658017,-1.811242,0.763768,2.892360,-0.135480,0.260427,0.142964,-0.325581,-0.000217,0.906755,0.723880,-0.358501
17.438955,0.938865,0.118433,-0.594253,-1.112417,1.145903,1.022307,-0.517296,0.719459,-0.662931,0.492790,-0.125432,0.339892,0.583024,-0.236290,-1.541742,-0.094160,1.657692,-1.811248,0.764685,2.893089,-0.135838,0.261726,0.144664,-0.326179,-0.001692,0.908684,0.722414,-0.358914
17.440043,0.938266,0.115298,-0.592686,-1.112640,1.141477,1.015848,-0.519481,0.746250,-0.681684,0.518283,-0.126481,0.340139,0.582371,-0.235923,-1.541482,-0.094016,1.657364,-1.811249,0.765605,2.893837,-0.136209,0.260205,0.144471,-0.325354,-0.001191,0.909891,0.731265,-0.360360
17.441036,0.936398,0.112944,-0.595062,-1.112010,1.143366,1.012767,-0.519486,0.769805,-0.699355,0.540490,-0.127048,0.340316,0.582411,-0.235564,-1.541223,-0.093866,1.657042,-1.811251,0.766525,2.894578,-0.136550,0.261174,0.145707,-0.326001,-0.001915,0.914714,0.737699,-0.356390
17.441971,0.940120,0.112972,-0.593761,-1.112054,1.138831,1.007875,-0.517710,0.789791,-0.715692,0.559176,-0.127336,0.340343,0.583081,-0.235222,-1.540956,-0.093718,1.656722,-1.811257,0.767440,2.895332,-0.136906,0.262335,0.146426,-0.324343,-0.003306,0.912333,0.740284,-0.356661
17.443097,0.937367,0.112292,-0.593959,-1.113393,1.142709,1.008542,-0.518824,0.804514,-0.729134,0.572574,-0.126307,0.340185,0.584496,-0.234936,-1.540700,-0.093571,1.656395,-1.811261,0.768354,2.896078,-0.137277,0.260612,0.145887,-0.324285,-0.003989,0.916011,0.744542,-0.360329
17.444089,0.941179,0.110950,-0.595198,-1.116209,1.147172,1.009779,-0.518087,0.813633,-0.738858,0.580340,-0.123834,0.339785,0.586483,-0.234734,-1.540432,-0.093426,1.656072,-1.811263,0.769265,2.896828,-0.137635,0.262703,0.145990,-0.324156,-0.003600,0.912859,0.743932,-0.358497
17.444962,0.943348,0.112067,-0.589427,-1.113706,1.147011,1.013045,-0.517562,0.816233,-0.744080,0.581725,-0.121495,0.339264,0.588756,-0.234612,-1.540173,-0.093278,1.655749,-1.811260,0.770175,2.897575,-0.137993,0.261076,0.146220,-0.323039,-0.001739,0.907996,0.742259,-0.360233
17.446080,0.941909,0.112814,-0.591300,-1.114633,1.150124,1.013291,-0.516862,0.814319,-0.745858,0.578665,-0.119315,0.338603,0.591145,-0.234579,-1.539915,-0.093135,1.655427,-1.811272,0.771070,2.898297,-0.138351,0.259911,0.145092,-0.325065,-0.004791,0.906919,0.738208,-0.361306
17.447008,0.948154,0.112794,-0.592113,-1.111031,1.151725,1.014299,-0.517496,0.810406,-0.744960,0.573340,-0.114886,0.337709,0.593777,-0.234643,-1.539650,-0.092991,1.655105,-1.811277,0.771970,2.899036,-0.138718,0.261343,0.144491,-0.324062,-0.004731,0.904621,0.738140,-0.363117
17.447988,0.947595,0.108265,-0.587724,-1.113384,1.150422,1.018847,-0.517878,0.803642,-0.739897,0.564644,-0.105941,0.336709,0.596968,-0.234782,-1.539398,-0.092845,1.654779,-1.811294,0.772873,2.899780,-0.139080,0.258357,0.143987,-0.322914,-0.008818,0.902157,0.736455,-0.361927
17.448986,0.947115,0.101857,-0.590370,-1.114272,1.151489,1.015548,-0.516914,0.796605,-0.732573,0.555013,-0.091497,0.335522,0.600687,-0.234945,-1.539134,-0.092697,1.654453,-1.811299,0.773774,2.900499,-0.139438,0.258897,0.145807,-0.324568,-0.007166,0.903096,0.731568,-0.361374
17.450004,0.947404,0.101269,-0.591690,-1.115244,1.151007,1.018917,-0.518443,0.792856,-0.726957,0.548253,-0.073950,0.334005,0.604391,-0.235132,-1.538874,-0.092542,1.654132,-1.811305,0.774672,2.901239,-0.139812,0.259460,0.148488,-0.322767,-0.007049,0.901791,0.734588,-0.363504
17.451006,0.951862,0.101425,-0.593317,-1.117519,1.152691,1.024484,-0.517711,0.790656,-0.722978,0.543006,-0.056370,0.332309,0.607642,-0.235378,-1.538615,-0.092395,1.653811,-1.811313,0.775579,2.901952,-0.140167,0.259725,0.148344,-0.321739,-0.006801,0.902174,0.731038,-0.360681
17.452114,0.953865,0.101074,-0.593126,-1.118043,1.159035,1.027884,-0.518389,0.786729,-0.717995,0.536140,-0.039853,0.330666,0.610369,-0.235693,-1.538360,-0.092250,1.653495,-1.811316,0.776468,2.902665,-0.140529,0.257871,0.147866,-0.320553,-0.005353,0.900393,0.725271,-0.362421
17.453041,0.959534,0.102357,-0.589030,-1.116269,1.154305,1.032950,-0.517686,0.780248,-0.710735,0.526861,-0.024823,0.329214,0.612575,-0.236052,-1.538108,-0.092102,1.653172,-1.811323,0.777359,2.903381,-0.140888,0.257690,0.147743,-0.320564,-0.005668,0.894844,0.722136,-0.361454
17.453960,0.960886,0.098302,-0.584273,-1.116715,1.154827,1.036539,-0.518866,0.773914,-0.702420,0.517647,-0.009651,0.327830,0.614339,-0.236421,-1.537856,-0.091958,1.652851,-1.811336,0.778256,2.904084,-0.141259,0.255014,0.146606,-0.321943,-0.007988,0.898843,0.716620,-0.362954
17.455017,0.962702,0.099065,-0.588211,-1.118201,1.154003,1.041031,-0.518177,0.773478,-0.696829,0.513916,0.008155,0.326136,0.615735,-0.236763,-1.537601,-0.091809,1.652523,-1.811347,0.779152,2.904793,-0.141612,0.254477,0.148088,-0.323525,-0.008088,0.897394,0.712552,-0.360683
17.456013,0.966887,0.095454,-0.588449,-1.120241,1.155393,1.036766,-0.517981,0.779928,-0.695128,0.516689,0.028317,0.324106,0.616924,-0.237045,-1.537349,-0.091662,1.652205,-1.811353,0.780044,2.905489,-0.141981,0.254203,0.147333,-0.321314,-0.007399,0.898617,0.708209,-0.362393
17.456983,0.971753,0.093025,-0.585634,-1.120643,1.153207,1.036051,-0.518619,0.789053,-0.694942,0.522116,0.048188,0.322060,0.618074,-0.237265,-1.537100,-0.091515,1.651886,-1.811357,0.780941,2.906204,-0.142344,0.252542,0.148730,-0.320787,-0.006155,0.896978,0.712335,-0.362987
17.458070,0.970971,0.089533,-0.583864,-1.122814,1.156074,1.037519,-0.518625,0.801786,-0.697630,0.531389,0.065614,0.319923,0.618942,-0.237425,-1.536852,-0.091366,1.651560,-1.811365,0.781847,2.906919,-0.142705,0.250478,0.149441,-0.321607,-0.006453,0.898667,0.712694,-0.361875
17.458968,0.971050,0.086054,-0.583986,-1.122692,1.158172,1.037779,-0.518491,0.821070,-0.705929,0.547484,0.079778,0.317457,0.619272,-0.237514,-1.536598,-0.091212,1.651240,-1.811368,0.782728,2.907623,-0.143064,0.251615,0.150797,-0.322365,-0.005178,0.896510,0.711434,-0.362261
17.459965,0.971947,0.088063,-0.589070,-1.120407,1.158682,1.036380,-0.519829,0.844380,-0.718470,0.567871,0.090504,0.314809,0.619195,-0.237541,-1.536347,-0.091060,1.650921,-1.811375,0.783621,2.908328,-0.143425,0.251651,0.151909,-0.321523,-0.005974,0.893365,0.710620,-0.362586
17.460958,0.976875,0.090909,-0.589309,-1.120338,1.158192,1.036451,-0.519399,0.864910,-0.730014,0.585593,0.099702,0.312383,0.619213,-0.237542,-1.536096,-0.090912,1.650604,-1.811390,0.784507,2.909049,-0.143787,0.251640,0.150428,-0.318570,-0.008815,0.892787,0.711791,-0.360104
17.461961,0.977673,0.095727,-0.587997,-1.121413,1.161609,1.040692,-0.519839,0.876751,-0.734940,0.594484,0.110408,0.310513,0.619811,-0.237561,-1.535851,-0.090769,1.650289,-1.811400,0.785404,2.909755,-0.144145,0.249641,0.148609,-0.318079,-0.009517,0.893055,0.711537,-0.361230
17.463025,0.979474,0.093438,-0.586928,-1.121434,1.162671,1.041524,-0.520029,0.878433,-0.730955,0.593071,0.123154,0.309350,0.620981,-0.237604,-1.535601,-0.090629,1.649967,-1.811410,0.786295,2.910454,-0.144507,0.249734,0.145850,-0.318310,-0.009100,0.889504,0.707162,-0.360563
17.464105,0.982263,0.097519,-0.588214,-1.121320,1.163227,1.043126,-0.521309,0.871231,-0.718851,0.582785,0.136752,0.308926,0.622500,-0.237660,-1.535353,-0.090479,1.649646,-1.811420,0.787181,2.911150,-0.144871,0.249531,0.146654,-0.318625,-0.009803,0.888967,0.706543,-0.360512
17.464981,0.976723,0.092034,-0.588924,-1.124172,1.161591,1.046242,-0.521701,0.857317,-0.700760,0.565845,0.150761,0.309138,0.624276,-0.237734,-1.535105,-0.090341,1.649333,-1.811432,0.788069,2.911855,-0.145220,0.248886,0.144367,-0.317898,-0.010605,0.889033,0.705122,-0.358343
17.465972,0.980885,0.091471,-0.591763,-1.125337,1.168505,1.042072,-0.522350,0.836335,-0.677299,0.541975,0.164132,0.309987,0.626441,-0.237832,-1.534850,-0.090192,1.649016,-1.811435,0.788965,2.912557,-0.145578,0.251654,0.146536,-0.316732,-0.008444,0.889417,0.701356,-0.357607
17.467009,0.982461,0.091032,-0.593044,-1.124365,1.167377,1.038625,-0.523303,0.807018,-0.649027,0.510185,0.174203,0.311584,0.629053,-0.237954,-1.534602,-0.090047,1.648708,-1.811444,0.789828,2.913264,-0.145931,0.249980,0.146368,-0.314991,-0.007995,0.882505,0.705413,-0.356555
17.468045,0.984275,0.089254,-0.585547,-1.126105,1.168680,1.034551,-0.523782,0.771507,-0.618206,0.472736,0.180255,0.313779,0.631977,-0.238090,-1.534351,-0.089900,1.648394,-1.811456,0.790718,2.913984,-0.146288,0.249783,0.146210,-0.314143,-0.009627,0.883939,0.708780,-0.354952
17.469080,0.984442,0.091459,-0.591398,-1.124580,1.173920,1.034916,-0.523423,0.735756,-0.589130,0.435478,0.183349,0.316088,0.634867,-0.238218,-1.534103,-0.089751,1.648069,-1.811462,0.791590,2.914700,-0.146641,0.249477,0.146701,-0.317576,-0.008653,0.883007,0.712800,-0.354326
17.470080,0.989526,0.090307,-0.593712,-1.125799,1.175698,1.032509,-0.523662,0.703141,-0.564211,0.401715,0.184323,0.318216,0.637480,-0.238313,-1.533852,-0.089610,1.647764,-1.811475,0.792458,2.915410,-0.147002,0.249959,0.145269,-0.314452,-0.010819,0.878142,0.712364,-0.355347
17.470974,0.991743,0.094217,-0.591039,-1.125057,1.175713,1.033117,-0.523534,0.670332,-0.540720,0.368030,0.184439,0.320360,0.640036,-0.238381,-1.533606,-0.089465,1.647452,-1.811485,0.793339,2.916132,-0.147356,0.247894,0.145450,-0.312991,-0.010245,0.876383,0.714554,-0.355115
17.471991,0.993061,0.099127,-0.588878,-1.128441,1.176038,1.037957,-0.524026,0.636311,-0.517482,0.333317,0.184576,0.322624,0.642571,-0.238436,-1.533361,-0.089326,1.647142,-1.811499,0.794203,2.916841,-0.147710,0.246953,0.142995,-0.313673,-0.011486,0.875590,0.713316,-0.355455
17.473085,0.994407,0.102977,-0.589389,-1.128483,1.178353,1.036024,-0.524270,0.602212,-0.494434,0.298721,0.184456,0.325041,0.644944,-0.238460,-1.533115,-0.089192,1.646826,-1.811501,0.795082,2.917550,-0.148058,0.246867,0.140296,-0.314438,-0.008925,0.875429,0.708348,-0.354774
17.473974,0.992527,0.103191,-0.585143,-1.126534,1.178581,1.035554,-0.523037,0.566325,-0.469391,0.262653,0.182969,0.327870,0.647163,-0.238434,-1.532869,-0.089057,1.646510,-1.811512,0.795945,2.918258,-0.148416,0.247017,0.138207,-0.314118,-0.009642,0.874084,0.710575,-0.354689
17.474964,0.992459,0.102324,-0.590448,-1.129481,1.172923,1.033588,-0.522786,0.527943,-0.441399,0.224306,0.180916,0.331247,0.649335,-0.238365,-1.532619,-0.088923,1.646194,-1.811527,0.796824,2.918974,-0.148775,0.248035,0.137696,-0.315499,-0.012049,0.872881,0.710362,-0.357232
17.476098,0.990399,0.099768,-0.592144,-1.131196,1.173753,1.035201,-0.521807,0.487270,-0.410976,0.183767,0.179413,0.335166,0.651534,-0.238261,-1.532368,-0.088785,1.645883,-1.811533,0.797716,2.919694,-0.149132,0.248468,0.137797,-0.312452,-0.009805,0.878393,0.712078,-0.357944
17.477029,0.990237,0.101968,-0.591020,-1.134243,1.171181,1.034952,-0.521654,0.442762,-0.378210,0.139739,0.176548,0.339735,0.653612,-0.238119,-1.532117,-0.088643,1.645577,-1.811540,0.798590,2.920394,-0.149495,0.250427,0.138897,-0.311836,-0.008975,0.878749,0.710880,-0.360366
17.477987,0.990198,0.100623,-0.589614,-1.136231,1.166000,1.040133,-0.519840,0.393828,-0.343490,0.091907,0.170021,0.345044,0.655265,-0.237955,-1.531866,-0.088509,1.645264,-1.811541,0.799480,2.921107,-0.149862,0.250693,0.137408,-0.311825,-0.006724,0.880618,0.710666,-0.360745
17.479099,0.991139,0.098824,-0.585601,-1.134339,1.161743,1.047473,-0.519509,0.342869,-0.308548,0.042732,0.158984,0.350939,0.656177,-0.237787,-1.531615,-0.088371,1.644948,-1.811544,0.800367,2.921803,-0.150237,0.251010,0.137723,-0.312008,-0.005546,0.885381,0.705173,-0.364507
17.480019,0.995017,0.100551,-0.584653,-1.139149,1.160841,1.047976,-0.519313,0.295023,-0.277065,-0.002956,0.145690,0.356902,0.656385,-0.237603,-1.531363,-0.088234,1.644634,-1.811558,0.801267,2.922487,-0.150602,0.251357,0.138467,-0.314068,-0.008138,0.890417,0.698269,-0.365543
17.480989,0.990727,0.100999,-0.593860,-1.138245,1.157162,1.049301,-0.516765,0.255563,-0.252785,-0.040144,0.132527,0.362380,0.656034,-0.237392,-1.531115,-0.088101,1.644319,-1.811552,0.802166,2.923180,-0.150973,0.249602,0.137217,-0.313881,-0.004244,0.890366,0.697429,-0.365986
17.482051,0.992903,0.101522,-0.595727,-1.140848,1.153044,1.048870,-0.516663,0.220926,-0.232678,-0.072262,0.118857,0.367502,0.655439,-0.237202,-1.530859,-0.087966,1.644019,-1.811559,0.803062,2.923869,-0.151357,0.252070,0.136665,-0.308936,-0.005897,0.893643,0.695932,-0.371214
17.483088,0.990637,0.104323,-0.597053,-1.143089,1.151937,1.047705,-0.515727,0.182092,-0.209755,-0.108267,0.104546,0.372698,0.655295,-0.237089,-1.530608,-0.087830,1.643715,-1.811559,0.803969,2.924572,-0.151727,0.251619,0.136197,-0.308025,-0.004232,0.898045,0.696511,-0.371669
17.483963,0.997156,0.100863,-0.590549,-1.143888,1.150579,1.043478,-0.516468,0.136351,-0.181784,-0.150815,0.089079,0.378005,0.655821,-0.237045,-1.530352,-0.087698,1.643407,-1.811558,0.804878,2.925274,-0.152108,0.253277,0.134582,-0.307208,-0.002946,0.899138,0.697713,-0.373770
17.485070,0.998921,0.102575,-0.596217,-1.146738,1.150335,1.043848,-0.516126,0.089909,-0.153265,-0.193635,0.071428,0.382986,0.656531,-0.237039,-1.530110,-0.087558,1.643094,-1.811561,0.805774,2.925974,-0.152476,0.250082,0.135827,-0.309730,-0.002889,0.899226,0.701340,-0.372242
17.486089,0.997255,0.103934,-0.596909,-1.147123,1.147169,1.046737,-0.515800,0.051030,-0.130499,-0.228519,0.051595,0.387091,0.656875,-0.237059,-1.529858,-0.087426,1.642791,-1.811559,0.806684,2.926674,-0.152851,0.250037,0.134839,-0.306988,-0.001051,0.900111,0.701264,-0.373305
17.487060,1.005606,0.101182,-0.597034,-1.148072,1.147148,1.043478,-0.517278,0.018056,-0.112164,-0.257232,0.030077,0.390366,0.657005,-0.237129,-1.529605,-0.087292,1.642481,-1.811562,0.807583,2.927368,-0.153227,0.251367,0.133914,-0.306419,-0.001553,0.903265,0.698353,-0.374157
17.488089,1.008335,0.101300,-0.595356,-1.148178,1.150467,1.040152,-0.516735,-0.011259,-0.096414,-0.282224,0.008414,0.392869,0.657184,-0.237275,-1.529363,-0.087155,1.642179,-1.811562,0.808487,2.928075,-0.153596,0.247598,0.134966,-0.306055,-0.001474,0.902757,0.701400,-0.371315
17.489065,1.002107,0.096870,-0.593001,-1.148419,1.151426,1.039483,-0.517348,-0.031188,-0.087557,-0.297931,-0.011999,0.394229,0.657055,-0.237476,-1.529117,-0.087021,1.641870,-1.811565,0.809388,2.928797,-0.153969,0.246868,0.134654,-0.306709,-0.002219,0.899434,0.704609,-0.372673
17.489961,1.004165,0.097639,-0.590628,-1.149928,1.149974,1.037792,-0.517441,-0.040404,-0.086772,-0.303117,-0.030556,0.394432,0.656467,-0.237716,-1.528862,-0.086881,1.641563,-1.811569,0.810277,2.929499,-0.154334,0.250333,0.136511,-0.307540,-0.002765,0.898196,0.705031,-0.371596
17.491016,1.010209,0.095655,-0.591732,-1.151426,1.154016,1.035517,-0.518568,-0.042601,-0.091575,-0.301478,-0.047358,0.393816,0.655579,-0.237998,-1.528613,-0.086748,1.641251,-1.811569,0.811179,2.930208,-0.154708,0.249371,0.135700,-0.308037,-0.002052,0.898518,0.706142,-0.371423
17.492012,1.004878,0.097299,-0.594236,-1.151228,1.155150,1.034642,-0.519868,-0.038386,-0.101431,-0.293479,-0.063262,0.392582,0.654319,-0.238314,-1.528371,-0.086609,1.640941,-1.811569,0.812059,2.930910,-0.155074,0.247073,0.136451,-0.307352,-0.001508,0.894907,0.708527,-0.369451
17.492934,1.003433,0.091969,-0.592374,-1.153325,1.153145,1.034018,-0.518128,-0.030334,-0.114062,-0.281629,-0.078504,0.391022,0.652884,-0.238653,-1.528113,-0.086478,1.640641,-1.811575,0.812953,2.931622,-0.155433,0.250140,0.135369,-0.305897,-0.002478,0.893612,0.709185,-0.367078
17.494059,1.006794,0.090496,-0.598917,-1.154070,1.153490,1.027295,-0.519684,-0.024587,-0.124961,-0.272074,-0.092934,0.389537,0.651846,-0.239044,-1.527860,-0.086337,1.640333,-1.811574,0.813856,2.932345,-0.155815,0.250985,0.137602,-0.306300,-0.001226,0.894723,0.709243,-0.370634
17.494967,1.004021,0.088339,-0.592127,-1.155917,1.150713,1.023153,-0.520097,-0.022546,-0.133726,-0.266157,-0.107148,0.388164,0.651369,-0.239501,-1.527613,-0.086196,1.640032,-1.811575,0.814757,2.933067,-0.156171,0.250209,0.138130,-0.303230,-0.001480,0.895252,0.716307,-0.367916
17.496111,1.005560,0.087349,-0.593414,-1.153094,1.156392,1.019524,-0.520460,-0.021851,-0.142433,-0.261480,-0.121863,0.386678,0.651197,-0.239993,-1.527359,-0.086056,1.639722,-1.811573,0.815651,2.933800,-0.156539,0.251706,0.138744,-0.306065,-0.000488,0.897087,0.719727,-0.367157
17.497083,1.001762,0.087575,-0.591820,-1.155420,1.154139,1.015134,-0.520086,-0.019874,-0.152683,-0.255611,-0.136007,0.384806,0.651162,-0.240499,-1.527106,-0.085915,1.639416,-1.811583,0.816542,2.934540,-0.156910,0.251847,0.139060,-0.305620,-0.004147,0.892496,0.723603,-0.366868
17.497993,1.001590,0.087858,-0.593122,-1.155634,1.155826,1.013290,-0.520402,-0.016899,-0.163707,-0.249112,-0.147779,0.382514,0.651322,-0.241050,-1.526846,-0.085778,1.639110,-1.811584,0.817428,2.935267,-0.157282,0.254004,0.138596,-0.306081,-0.002643,0.894493,0.727604,-0.367767
17.498953,1.003036,0.088890,-0.588161,-1.156545,1.157865,1.015079,-0.520317,-0.016578,-0.172383,-0.245603,-0.157630,0.380134,0.651669,-0.241670,-1.526591,-0.085641,1.638808,-1.811588,0.818318,2.936003,-0.157651,0.254148,0.138028,-0.304895,-0.003167,0.891860,0.728728,-0.367167
17.500068,1.001943,0.092156,-0.583960,-1.158181,1.155753,1.016111,-0.521025,-0.019695,-0.177773,-0.245809,-0.166146,0.377900,0.652072,-0.242308,-1.526339,-0.085505,1.638495,-1.811590,0.819197,2.936733,-0.158017,0.253712,0.137155,-0.306928,-0.003056,0.889471,0.726453,-0.367489
17.501070,1.004461,0.093215,-0.578737,-1.159118,1.153413,1.015089,-0.522365,-0.023407,-0.181448,-0.246934,-0.173221,0.375797,0.652332,-0.242895,-1.526080,-0.085374,1.638184,-1.811593,0.820093,2.937453,-0.158380,0.255024,0.135432,-0.309104,-0.002365,0.892480,0.725675,-0.366474
17.501977,1.009062,0.091800,-0.583708,-1.159090,1.151514,1.014316,-0.522191,-0.024443,-0.185352,-0.245638,-0.179264,0.373717,0.652188,-0.243397,-1.525827,-0.085241,1.637867,-1.811594,0.820999,2.938180,-0.158739,0.254166,0.134650,-0.311334,-0.002320,0.894563,0.726451,-0.364019
17.503151,1.007867,0.089010,-0.584436,-1.160369,1.154584,1.017471,-0.523628,-0.020613,-0.191085,-0.239715,-0.183893,0.371563,0.651566,-0.243802,-1.525580,-0.085104,1.637567,-1.811598,0.821905,2.938899,-0.159104,0.252028,0.134932,-0.308295,-0.003075,0.895368,0.726616,-0.364458
17.504169,1.008241,0.090458,-0.577015,-1.163547,1.151554,1.017278,-0.523977,-0.013424,-0.198193,-0.230755,-0.186452,0.369448,0.650725,-0.244115,-1.525321,-0.084967,1.637257,-1.811601,0.822792,2.939623,-0.159465,0.253609,0.136261,-0.308254,-0.002774,0.893722,0.723888,-0.362074
17.505035,1.005969,0.086015,-0.574691,-1.164286,1.151045,1.019886,-0.524281,-0.004290,-0.206299,-0.220110,-0.188143,0.367506,0.649649,-0.244359,-1.525070,-0.084833,1.636938,-1.811596,0.823679,2.940338,-0.159826,0.253910,0.135259,-0.311640,-0.000609,0.896875,0.723982,-0.361652
17.506125,1.009433,0.086026,-0.578483,-1.165607,1.153381,1.021195,-0.525208,0.008519,-0.216992,-0.205856,-0.190807,0.365673,0.647945,-0.244556,-1.524812,-0.084691,1.636628,-1.811597,0.824575,2.941056,-0.160182,0.254952,0.136967,-0.312021,-0.000658,0.896012,0.720577,-0.361071
17.507018,1.011228,0.084919,-0.576972,-1.165104,1.153787,1.026061,-0.526559,0.024175,-0.229954,-0.188761,-0.194446,0.363995,0.645581,-0.244712,-1.524559,-0.084555,1.636320,-1.811598,0.825470,2.941778,-0.160538,0.253934,0.136767,-0.310125,-0.000298,0.894297,0.719419,-0.359607
17.507988,1.008625,0.085654,-0.571565,-1.168763,1.151543,1.026296,-0.526333,0.039938,-0.243036,-0.171719,-0.197588,0.362596,0.642839,-0.244848,-1.524310,-0.084418,1.636011,-1.811602,0.826356,2.942474,-0.160895,0.253136,0.136863,-0.310241,-0.001507,0.892882,0.713983,-0.356959
17.509075,1.011594,0.086069,-0.572885,-1.168800,1.153289,1.034110,-0.524996,0.055285,-0.255394,-0.155352,-0.199880,0.361470,0.639786,-0.244996,-1.524053,-0.084284,1.635694,-1.811597,0.827253,2.943186,-0.161247,0.254722,0.136171,-0.312476,0.001195,0.894716,0.713498,-0.357660
17.510087,1.018128,0.088383,-0.569844,-1.169740,1.158483,1.036372,-0.525777,0.069888,-0.266438,-0.139893,-0.202290,0.360590,0.636459,-0.245175,-1.523802,-0.084147,1.635383,-1.811600,0.828155,2.943885,-0.161615,0.253968,0.135774,-0.311763,0.000277,0.893479,0.705863,-0.360707
17.510970,1.014962,0.087395,-0.566848,-1.169420,1.158759,1.037545,-0.524857,0.084331,-0.276049,-0.124829,-0.204159,0.359839,0.633158,-0.245364,-1.523555,-0.084015,1.635070,-1.811601,0.829030,2.944581,-0.161967,0.251210,0.134380,-0.313007,0.000328,0.888393,0.703618,-0.359387
17.512080,1.015179,0.081748,-0.561115,-1.170862,1.161872,1.034092,-0.525718,0.100354,-0.284997,-0.108603,-0.204227,0.359023,0.630157,-0.245531,-1.523298,-0.083879,1.634752,-1.811603,0.829914,2.945282,-0.162333,0.252800,0.134436,-0.313699,-0.000739,0.887074,0.701856,-0.361273
17.513041,1.019635,0.079637,-0.561964,-1.170846,1.166238,1.033692,-0.524632,0.119571,-0.295002,-0.089622,-0.202775,0.357990,0.627431,-0.245667,-1.523044,-0.083735,1.634424,-1.811604,0.830790,2.945991,-0.162693,0.253472,0.137040,-0.316440,-0.000278,0.884954,0.705656,-0.359937
17.513981,1.020335,0.078395,-0.560108,-1.174301,1.164987,1.031717,-0.525506,0.144959,-0.309442,-0.064784,-0.200727,0.356557,0.624686,-0.245754,-1.522795,-0.083598,1.634113,-1.811607,0.831666,2.946699,-0.163055,0.251549,0.137703,-0.315537,-0.001080,0.880249,0.705696,-0.362305
17.515044,1.018050,0.081620,-0.556744,-1.171753,1.165126,1.031156,-0.525168,0.176923,-0.329140,-0.033421,-0.199354,0.354760,0.621665,-0.245785,-1.522549,-0.083459,1.633797,-1.811601,0.832555,2.947413,-0.163417,0.251519,0.137913,-0.315892,0.001398,0.880935,0.707250,-0.360640
17.515975,1.019018,0.084660,-0.555189,-1.172505,1.169066,1.032079,-0.524831,0.211472,-0.350617,0.000600,-0.198958,0.352879,0.618425,-0.245770,-1.522291,-0.083326,1.633481,-1.811611,0.833425,2.948113,-0.163782,0.253255,0.136104,-0.317422,-0.001922,0.881436,0.707952,-0.361663
17.517090,1.024996,0.085970,-0.554797,-1.172030,1.167123,1.035656,-0.524023,0.243572,-0.368866,0.032052,-0.197559,0.351222,0.615347,-0.245721,-1.522037,-0.083196,1.633164,-1.811612,0.834298,2.948822,-0.164143,0.252919,0.134266,-0.317563,-0.001951,0.876903,0.706566,-0.362452
17.518202,1.022466,0.086435,-0.560156,-1.172728,1.168703,1.032417,-0.523776,0.271444,-0.381715,0.058977,-0.193478,0.349946,0.612717,-0.245659,-1.521794,-0.083064,1.632843,-1.811618,0.835180,2.949515,-0.164514,0.250843,0.133521,-0.317720,-0.003306,0.879905,0.703369,-0.364462
17.518983,1.025148,0.081578,-0.559159,-1.173923,1.163282,1.027414,-0.525322,0.294134,-0.388597,0.080384,-0.186554,0.349189,0.610679,-0.245608,-1.521537,-0.082932,1.632536,-1.811621,0.836061,2.950232,-0.164873,0.252911,0.133189,-0.315127,-0.003535,0.879251,0.706921,-0.365368
17.520057,1.022767,0.077641,-0.557118,-1.175985,1.160236,1.024329,-0.525489,0.309892,-0.389159,0.094636,-0.178099,0.349153,0.609239,-0.245553,-1.521289,-0.082792,1.632219,-1.811623,0.836953,2.950959,-0.165232,0.251253,0.135001,-0.314505,-0.002984,0.882658,0.710766,-0.362107
17.521006,1.023244,0.075671,-0.559057,-1.176993,1.158096,1.018264,-0.525250,0.322139,-0.387415,0.105360,-0.170553,0.349725,0.607978,-0.245461,-1.521034,-0.082649,1.631903,-1.811624,0.837838,2.951672,-0.165590,0.253129,0.136692,-0.315421,-0.001857,0.886301,0.713961,-0.362172
17.522117,1.022073,0.075088,-0.560079,-1.176174,1.153424,1.016512,-0.526507,0.334081,-0.386813,0.115964,-0.165696,0.350768,0.606538,-0.245342,-1.520781,-0.082509,1.631592,-1.811624,0.838738,2.952402,-0.165956,0.253114,0.137246,-0.313937,-0.001726,0.887762,0.719550,-0.362779
17.523043,1.024580,0.071064,-0.560741,-1.180138,1.150534,1.013680,-0.526383,0.344037,-0.386247,0.124825,-0.163026,0.352321,0.605020,-0.245210,-1.520525,-0.082371,1.631276,-1.811630,0.839630,2.953122,-0.166313,0.254487,0.137363,-0.313434,-0.003411,0.893327,0.721490,-0.360670
17.524044,1.024332,0.069803,-0.554974,-1.181504,1.147190,1.013673,-0.527317,0.351251,-0.385250,0.131141,-0.161881,0.354257,0.603463,-0.245048,-1.520272,-0.082230,1.630966,-1.811626,0.840531,2.953856,-0.166677,0.253369,0.138938,-0.312537,-0.000342,0.895318,0.723709,-0.361034
17.525085,1.029409,0.069854,-0.554964,-1.180397,1.145533,1.012057,-0.526400,0.358928,-0.386627,0.138190,-0.163680,0.356273,0.601494,-0.244855,-1.520016,-0.082090,1.630644,-1.811625,0.841446,2.954588,-0.167036,0.253891,0.139204,-0.315019,0.000068,0.898317,0.723393,-0.359387
17.526005,1.027870,0.068360,-0.545343,-1.181060,1.139013,1.010553,-0.528553,0.371157,-0.393138,0.149946,-0.167722,0.357988,0.598931,-0.244645,-1.519769,-0.081952,1.630332,-1.811631,0.842351,2.955311,-0.167401,0.251965,0.138901,-0.314808,-0.001850,0.900058,0.724949,-0.361539
17.527023,1.033695,0.068603,-0.543264,-1.182584,1.139317,1.010026,-0.527508,0.421015,-0.427486,0.198351,-0.173316,0.359098,0.592400,-0.244050,-1.519271,-0.081673,1.629685,-1.811635,0.844185,2.956777,-0.168114,0.250540,0.138763,-0.319511,-0.001293,0.904956,0.726098,-0.359718
17.528065,1.035214,0.073656,-0.543503,-1.183777,1.133826,1.009312,-0.526097,0.421015,-0.427486,0.198351,-0.173316,0.359098,0.592400,-0.244050,-1.519271,-0.081673,1.629685,-1.811635,0.844185,2.956777,-0.168114,0.250540,0.138763,-0.319511,-0.001293,0.904956,0.726098,-0.359718
17.529083,1.039435,0.071697,-0.545478,-1.184302,1.133469,1.009106,-0.526258,0.458905,-0.454330,0.235309,-0.174947,0.358437,0.588570,-0.243682,-1.519018,-0.081543,1.629368,-1.811636,0.845102,2.957499,-0.168477,0.250368,0.136047,-0.319148,-0.001028,0.910503,0.726746,-0.362842
17.530021,1.034298,0.069389,-0.534420,-1.185980,1.126917,1.010556,-0.524488,0.498365,-0.481320,0.273764,-0.176126,0.357430,0.584827,-0.243353,-1.518768,-0.081403,1.629052,-1.811637,0.846021,2.958231,-0.168846,0.248762,0.136744,-0.317836,-0.001409,0.910559,0.726718,-0.362713
17.530949,1.031038,0.063842,-0.536572,-1.186185,1.127027,1.009635,-0.524115,0.537609,-0.507314,0.311860,-0.176837,0.356077,0.581312,-0.243090,-1.518514,-0.081262,1.628719,-1.811637,0.846936,2.958946,-0.169216,0.251565,0.137459,-0.322631,-0.000557,0.916266,0.724796,-0.366380
17.531995,1.038533,0.062587,-0.535677,-1.185172,1.132579,1.012070,-0.521914,0.576855,-0.533380,0.349854,-0.177534,0.354191,0.577968,-0.242931,-1.518258,-0.081120,1.628407,-1.811640,0.847850,2.959672,-0.169581,0.253313,0.139780,-0.320909,-0.001136,0.915112,0.725181,-0.367192
17.532976,1.039839,0.064346,-0.536834,-1.184159,1.136240,1.014364,-0.521457,0.614808,-0.559110,0.386468,-0.177364,0.351712,0.574920,-0.242918,-1.518014,-0.080978,1.628082,-1.811645,0.848760,2.960392,-0.169963,0.250212,0.140082,-0.321054,-0.002991,0.909604,0.722674,-0.371855
17.534036,1.037270,0.061098,-0.533129,-1.183267,1.137302,1.021574,-0.520817,0.651013,-0.583526,0.421052,-0.174058,0.348639,0.572381,-0.243052,-1.517763,-0.080842,1.627767,-1.811653,0.849649,2.961100,-0.170331,0.249964,0.138859,-0.320030,-0.004695,0.905700,0.720150,-0.372904
17.535089,1.037830,0.057445,-0.531539,-1.183669,1.142231,1.020561,-0.518633,0.683573,-0.604374,0.451471,-0.165911,0.345143,0.570683,-0.243322,-1.517506,-0.080700,1.627441,-1.811662,0.850554,2.961806,-0.170715,0.251850,0.140224,-0.321625,-0.006330,0.904940,0.712994,-0.374428
17.536064,1.041465,0.057194,-0.529567,-1.182673,1.143580,1.023400,-0.518359,0.711864,-0.621458,0.477076,-0.153024,0.341415,0.569958,-0.243717,-1.517255,-0.080554,1.627117,-1.811667,0.851436,2.962513,-0.171105,0.252177,0.141702,-0.322111,-0.006734,0.900408,0.714156,-0.379027
17.536992,1.040582,0.057383,-0.528760,-1.184284,1.141868,1.022606,-0.517256,0.738440,-0.637027,0.500585,-0.136530,0.337506,0.569977,-0.244176,-1.517006,-0.080415,1.626796,-1.811680,0.852337,2.963219,-0.171483,0.250716,0.141436,-0.322578,-0.008319,0.898645,0.711026,-0.379653
17.538068,1.046918,0.056516,-0.531882,-1.186866,1.140875,1.022898,-0.516244,0.764034,-0.651268,0.522946,-0.117701,0.333531,0.570575,-0.244634,-1.516752,-0.080273,1.626471,-1.811684,0.853247,2.963936,-0.171875,0.251344,0.140881,-0.322241,-0.007413,0.899443,0.711346,-0.381863
17.539042,1.046137,0.057626,-0.524211,-1.187414,1.139274,1.023258,-0.517733,0.787124,-0.662785,0.542961,-0.099145,0.329707,0.571592,-0.245075,-1.516510,-0.080131,1.626155,-1.811688,0.854144,2.964639,-0.172259,0.248964,0.141052,-0.320549,-0.005708,0.900943,0.711236,-0.384149
17.539969,1.048960,0.047989,-0.523298,-1.186328,1.142494,1.021436,-0.516723,0.808533,-0.672101,0.561663,-0.083203,0.326046,0.572740,-0.245466,-1.516258,-0.079992,1.625823,-1.811695,0.855049,2.965352,-0.172635,0.249717,0.140117,-0.323774,-0.005899,0.902043,0.710575,-0.381246
17.541043,1.049314,0.046555,-0.521818,-1.187016,1.138953,1.024847,-0.516269,0.832617,-0.682894,0.583313,-0.069381,0.322226,0.573814,-0.245769,-1.516015,-0.079839,1.625497,-1.811706,0.855936,2.966071,-0.173027,0.248580,0.144389,-0.323456,-0.007575,0.898065,0.711900,-0.383300
17.542066,1.047165,0.044531,-0.510866,-1.186537,1.140154,1.020197,-0.518080,0.862476,-0.698656,0.610800,-0.056002,0.317963,0.574831,-0.245999,-1.515763,-0.079694,1.625174,-1.811713,0.856845,2.966768,-0.173410,0.249106,0.144756,-0.324000,-0.007658,0.902027,0.708654,-0.384464
17.542963,1.050508,0.041861,-0.511148,-1.186293,1.145240,1.018686,-0.517190,0.898498,-0.720042,0.644367,-0.042413,0.313166,0.575787,-0.246168,-1.515508,-0.079547,1.624832,-1.811725,0.857751,2.967491,-0.173787,0.250658,0.145366,-0.328899,-0.008798,0.900710,0.713224,-0.381000
17.544095,1.051188,0.037168,-0.510847,-1.189316,1.144564,1.018787,-0.518254,0.940658,-0.746627,0.683936,-0.028661,0.307858,0.576515,-0.246275,-1.515264,-0.079397,1.624502,-1.811736,0.858630,2.968198,-0.174175,0.249139,0.146103,-0.327812,-0.009571,0.894672,0.714130,-0.382783
17.544982,1.047341,0.035932,-0.505965,-1.188091,1.142852,1.018329,-0.516953,0.986759,-0.777012,0.727464,-0.015839,0.302276,0.576941,-0.246367,-1.515011,-0.079246,1.624176,-1.811740,0.859536,2.968914,-0.174551,0.249690,0.148167,-0.327926,-0.007446,0.896317,0.714354,-0.381008
17.545961,1.047520,0.036846,-0.502821,-1.189642,1.143989,1.018979,-0.518234,1.032693,-0.808597,0.771037,-0.005169,0.296749,0.577179,-0.246519,-1.514758,-0.079099,1.623842,-1.811755,0.860441,2.969632,-0.174941,0.251653,0.148184,-0.329402,-0.009163,0.896762,0.714128,-0.383578
17.547074,1.044899,0.039408,-0.504441,-1.189742,1.142539,1.015607,-0.518674,1.074671,-0.838173,0.810877,0.003725,0.291541,0.577511,-0.246756,-1.514504,-0.078956,1.623512,-1.811761,0.861325,2.970344,-0.175314,0.251883,0.147299,-0.330354,-0.008310,0.895376,0.713206,-0.381116
17.548103,1.040649,0.034317,-0.507660,-1.188285,1.144741,1.013973,-0.517410,1.107843,-0.861221,0.842184,0.011142,0.287016,0.578286,-0.247070,-1.514246,-0.078814,1.623182,-1.811772,0.862233,2.971072,-0.175696,0.253963,0.145792,-0.329364,-0.008985,0.897575,0.716811,-0.380589
17.549008,1.039342,0.032137,-0.506588,-1.188016,1.141638,1.007878,-0.517296,1.126072,-0.873016,0.858814,0.017786,0.283570,0.580000,-0.247479,-1.513986,-0.078662,1.622853,-1.811788,0.863118,2.971787,-0.176085,0.256530,0.147930,-0.327313,-0.010998,0.895517,0.718338,-0.383313
17.550084,1.034703,0.030567,-0.504239,-1.189833,1.143753,1.001786,-0.518602,1.127399,-0.872883,0.858654,0.025071,0.281302,0.582991,-0.247973,-1.513726,-0.078514,1.622523,-1.811800,0.864020,2.972522,-0.176462,0.257172,0.148428,-0.326991,-0.011769,0.897602,0.723764,-0.383523
17.551088,1.036126,0.027526,-0.503233,-1.189486,1.146711,1.003115,-0.518205,1.115032,-0.863812,0.844951,0.032291,0.280071,0.586959,-0.248490,-1.513461,-0.078363,1.622195,-1.811809,0.864920,2.973266,-0.176842,0.260049,0.148844,-0.327916,-0.010700,0.895911,0.729805,-0.381169
17.551937,1.035060,0.022533,-0.505862,-1.190269,1.144021,0.997418,-0.519289,1.093130,-0.849193,0.822034,0.037879,0.279740,0.591440,-0.248981,-1.513204,-0.078212,1.621872,-1.811822,0.865804,2.973992,-0.177219,0.259687,0.149897,-0.327966,-0.011664,0.892930,0.728147,-0.382164
17.553132,1.036505,0.022176,-0.508533,-1.191491,1.147824,1.000793,-0.521166,1.065488,-0.832380,0.793683,0.041876,0.280116,0.596196,-0.249420,-1.512941,-0.078057,1.621548,-1.811832,0.866700,2.974739,-0.177597,0.260010,0.151671,-0.325640,-0.011385,0.894168,0.732900,-0.379876
17.554008,1.037841,0.021210,-0.507554,-1.190638,1.151187,0.999769,-0.520916,1.033078,-0.814477,0.760796,0.044416,0.281101,0.601121,-0.249780,-1.512684,-0.077905,1.621222,-1.811842,0.867582,2.975460,-0.177971,0.260328,0.151603,-0.324491,-0.011015,0.892014,0.730013,-0.376614
17.554955,1.041077,0.027177,-0.503321,-1.191556,1.150215,1.001515,-0.522657,0.995655,-0.794950,0.723038,0.045881,0.282703,0.606217,-0.250042,-1.512425,-0.077755,1.620902,-1.811857,0.868467,2.976194,-0.178344,0.259567,0.151454,-0.324132,-0.012314,0.887484,0.730251,-0.377128
17.556043,1.047810,0.025861,-0.501551,-1.191640,1.150593,1.002589,-0.522281,0.955412,-0.774142,0.682518,0.047333,0.284789,0.611401,-0.250208,-1.512166,-0.077613,1.620573,-1.811869,0.869361,2.976922,-0.178714,0.258112,0.147998,-0.325563,-0.011951,0.887889,0.727982,-0.373714
17.556968,1.041954,0.025054,-0.499400,-1.191006,1.154938,1.003410,-0.524997,0.917268,-0.754349,0.644107,0.049280,0.287002,0.616362,-0.250289,-1.511918,-0.077462,1.620244,-1.811884,0.870239,2.977642,-0.179088,0.255510,0.148334,-0.326209,-0.012496,0.888296,0.727053,-0.374834
17.557962,1.047016,0.023901,-0.502595,-1.191750,1.154940,1.007469,-0.525695,0.883974,-0.737404,0.610471,0.052130,0.289077,0.620947,-0.250284,-1.511651,-0.077314,1.619920,-1.811899,0.871116,2.978370,-0.179449,0.258492,0.148194,-0.326549,-0.013601,0.883255,0.725645,-0.369440
17.559002,1.052193,0.026103,-0.503558,-1.191794,1.156933,1.008498,-0.526253,0.852500,-0.721467,0.578530,0.056185,0.291130,0.625356,-0.250218,-1.511400,-0.077163,1.619598,-1.811912,0.872005,2.979088,-0.179817,0.256334,0.148287,-0.324452,-0.013423,0.883150,0.721311,-0.368279
17.559958,1.051815,0.029692,-0.501366,-1.192824,1.157131,1.010728,-0.526877,0.820935,-0.705095,0.546426,0.061357,0.293229,0.629596,-0.250139,-1.511149,-0.077021,1.619282,-1.811926,0.872875,2.979798,-0.180178,0.254320,0.146843,-0.323749,-0.013999,0.881587,0.720313,-0.367461
17.561022,1.050553,0.035264,-0.501124,-1.192675,1.159610,1.014216,-0.527057,0.789398,-0.687656,0.514369,0.067198,0.295375,0.633419,-0.250083,-1.510890,-0.076877,1.618958,-1.811939,0.873756,2.980509,-0.180545,0.254734,0.144594,-0.324232,-0.013498,0.881003,0.717712,-0.366344
17.562070,1.060479,0.032296,-0.503697,-1.192638,1.167473,1.017139,-0.526939,0.754657,-0.665629,0.479181,0.073111,0.297875,0.636813,-0.250061,-1.510633,-0.076740,1.618633,-1.811957,0.874621,2.981207,-0.180914,0.255965,0.141578,-0.324086,-0.014210,0.879207,0.714381,-0.366297
17.562960,1.053444,0.031649,-0.505270,-1.192178,1.155161,1.022186,-0.525897,0.715939,-0.638088,0.440031,0.079292,0.300957,0.639825,-0.250050,-1.510387,-0.076596,1.618317,-1.811972,0.875492,2.981913,-0.181279,0.251621,0.142776,-0.322566,-0.014829,0.871803,0.711517,-0.366835
17.563948,1.053165,0.038840,-0.503939,-1.193852,1.153733,1.025930,-0.527232,0.675737,-0.607785,0.399245,0.086684,0.304604,0.642491,-0.250024,-1.510127,-0.076454,1.617997,-1.811988,0.876400,2.982613,-0.181653,0.255165,0.142560,-0.320978,-0.015694,0.883040,0.705876,-0.368926
17.565003,1.052383,0.037857,-0.505956,-1.195124,1.153408,1.031607,-0.528034,0.631149,-0.572849,0.353855,0.095408,0.309033,0.645139,-0.249970,-1.509870,-0.076322,1.617681,-1.812000,0.877278,2.983304,-0.182011,0.255609,0.138660,-0.321252,-0.014610,0.884277,0.702048,-0.366432
17.566006,1.054931,0.034500,-0.507933,-1.197275,1.149616,1.028115,-0.529021,0.578690,-0.530159,0.300538,0.104034,0.314542,0.648009,-0.249849,-1.509609,-0.076183,1.617364,-1.812013,0.878171,2.983997,-0.182377,0.256513,0.138937,-0.320024,-0.013982,0.884947,0.696513,-0.365142
17.567003,1.051719,0.030400,-0.505861,-1.199765,1.142971,1.028361,-0.528255,0.521181,-0.482499,0.242365,0.110642,0.320992,0.650927,-0.249632,-1.509359,-0.076039,1.617046,-1.812023,0.879074,2.984695,-0.182739,0.255685,0.140242,-0.318649,-0.012487,0.888555,0.700010,-0.363396
17.568107,1.053722,0.028711,-0.511325,-1.202652,1.143538,1.026882,-0.527833,0.464628,-0.435875,0.185563,0.113258,0.327859,0.653434,-0.249349,-1.509095,-0.075895,1.616727,-1.812032,0.879974,2.985394,-0.183106,0.257602,0.141895,-0.319274,-0.010690,0.894994,0.699611,-0.365164
17.568992,1.054800,0.028784,-0.509927,-1.201782,1.139267,1.027099,-0.528125,0.412176,-0.393707,0.133421,0.110126,0.334729,0.655208,-0.249055,-1.508837,-0.075752,1.616415,-1.812036,0.880869,2.986102,-0.183474,0.257296,0.142486,-0.316539,-0.008696,0.895115,0.701382,-0.366377
17.569966,1.054702,0.029025,-0.507330,-1.201290,1.137783,1.027688,-0.528542,0.363670,-0.356020,0.085702,0.101689,0.341372,0.656308,-0.248767,-1.508586,-0.075612,1.616102,-1.812049,0.881768,2.986790,-0.183841,0.256792,0.141938,-0.316531,-0.010082,0.898205,0.700631,-0.365791
17.571052,1.055290,0.032851,-0.506813,-1.202006,1.137202,1.027628,-0.528115,0.320188,-0.323029,0.043108,0.091150,0.347432,0.656930,-0.248480,-1.508326,-0.075472,1.615783,-1.812062,0.882677,2.987492,-0.184205,0.257099,0.141434,-0.317340,-0.011145,0.899151,0.699815,-0.365130
17.572060,1.055188,0.032961,-0.503794,-1.202934,1.134445,1.030878,-0.528650,0.282030,-0.294188,0.005627,0.081046,0.352680,0.657225,-0.248222,-1.508072,-0.075335,1.615461,-1.812073,0.883566,2.988195,-0.184576,0.257507,0.139310,-0.317430,-0.011141,0.900390,0.700108,-0.366335
17.572959,1.055931,0.034053,-0.505235,-1.199372,1.137236,1.030692,-0.530117,0.247757,-0.267963,-0.028179,0.071640,0.357152,0.657265,-0.248017,-1.507815,-0.075199,1.615142,-1.812083,0.884478,2.988883,-0.184938,0.257965,0.138993,-0.318563,-0.010882,0.902898,0.696820,-0.365481
17.574062,1.057978,0.038136,-0.503462,-1.200731,1.132659,1.031200,-0.528832,0.216273,-0.243582,-0.059431,0.064193,0.360881,0.657290,-0.247862,-1.507556,-0.075064,1.614825,-1.812104,0.885383,2.989581,-0.185299,0.257574,0.138012,-0.317089,-0.014793,0.898892,0.696521,-0.362587
17.574949,1.061675,0.035865,-0.503556,-1.203965,1.132057,1.030419,-0.528704,0.186272,-0.219970,-0.089512,0.060704,0.363889,0.657625,-0.247752,-1.507302,-0.074931,1.614505,-1.812115,0.886302,2.990272,-0.185666,0.257318,0.135835,-0.317919,-0.014111,0.904071,0.696382,-0.365595
17.575969,1.056172,0.033721,-0.502897,-1.203848,1.135236,1.027392,-0.528780,0.158589,-0.197862,-0.117340,0.059285,0.366171,0.658093,-0.247693,-1.507049,-0.074795,1.614192,-1.812122,0.887199,2.990973,-0.186036,0.255486,0.136548,-0.317142,-0.011488,0.903447,0.696588,-0.365827
17.577014,1.057159,0.028440,-0.499035,-1.203865,1.136024,1.025238,-0.529762,0.134079,-0.178860,-0.141739,0.056434,0.367817,0.658419,-0.247686,-1.506787,-0.074655,1.613872,-1.812135,0.888099,2.991681,-0.186405,0.258665,0.137310,-0.317125,-0.012250,0.900207,0.699576,-0.365910
17.577978,1.064641,0.029438,-0.503148,-1.203023,1.138791,1.023357,-0.528986,0.112797,-0.164186,-0.162628,0.051771,0.368872,0.658632,-0.247735,-1.506527,-0.074512,1.613555,-1.812149,0.888992,2.992383,-0.186763,0.258635,0.139644,-0.318835,-0.012854,0.899701,0.701777,-0.364243
17.579023,1.058754,0.030739,-0.505069,-1.205341,1.143877,1.022731,-0.528222,0.097632,-0.156522,-0.177227,0.047008,0.369105,0.658683,-0.247846,-1.506276,-0.074376,1.613245,-1.812164,0.889887,2.993094,-0.187131,0.255181,0.138766,-0.316304,-0.014212,0.896441,0.703331,-0.365969
17.580021,1.059120,0.033030,-0.503884,-1.206185,1.143616,1.020151,-0.529995,0.085827,-0.153299,-0.188318,0.042701,0.368772,0.658720,-0.248030,-1.506015,-0.074238,1.612932,-1.812173,0.890761,2.993798,-0.187504,0.258660,0.137852,-0.315166,-0.012595,0.891784,0.703999,-0.367756
17.581080,1.061545,0.031805,-0.504020,-1.206880,1.144934,1.019254,-0.528940,0.069354,-0.147660,-0.203806,0.037460,0.368590,0.659009,-0.248278,-1.505754,-0.074107,1.612620,-1.812184,0.891656,2.994511,-0.187860,0.258773,0.136461,-0.315445,-0.012400,0.891922,0.706405,-0.364405
17.582043,1.062772,0.037155,-0.503239,-1.210642,1.142729,1.018632,-0.528818,0.047545,-0.138608,-0.224318,0.030766,0.368713,0.659413,-0.248558,-1.505494,-0.073969,1.612305,-1.812195,0.892552,2.995224,-0.188231,0.258086,0.136847,-0.315209,-0.012392,0.890942,0.707342,-0.366860
17.583075,1.064490,0.036560,-0.499032,-1.208987,1.141171,1.019726,-0.527178,0.023732,-0.128179,-0.246477,0.022287,0.368967,0.659609,-0.248865,-1.505240,-0.073841,1.611995,-1.812199,0.893438,2.995928,-0.188593,0.257751,0.133889,-0.315171,-0.009377,0.892780,0.707672,-0.367247
17.584016,1.068079,0.035854,-0.507207,-1.208991,1.145819,1.018150,-0.526655,0.000322,-0.117491,-0.267859,0.011963,0.369151,0.659437,-0.249216,-1.504981,-0.073707,1.611675,-1.812216,0.894339,2.996630,-0.188972,0.257352,0.133986,-0.316980,-0.011597,0.894393,0.706569,-0.370772
17.585006,1.070427,0.035420,-0.502138,-1.208964,1.141667,1.016870,-0.528127,-0.021053,-0.107572,-0.287082,0.002276,0.369015,0.659092,-0.249631,-1.504731,-0.073571,1.611369,-1.812231,0.895214,2.997338,-0.189349,0.255793,0.133964,-0.312363,-0.012079,0.889206,0.707775,-0.371860
17.586095,1.068663,0.033358,-0.507264,-1.211743,1.145293,1.020752,-0.526281,-0.039821,-0.099071,-0.303775,-0.004750,0.368422,0.658746,-0.250095,-1.504478,-0.073438,1.611055,-1.812244,0.896111,2.998053,-0.189713,0.255013,0.133897,-0.314575,-0.012679,0.893178,0.708811,-0.369075
17.587047,1.074143,0.033648,-0.502355,-1.211074,1.147318,1.020773,-0.527326,-0.055609,-0.092584,-0.317520,-0.009762,0.367357,0.658265,-0.250586,-1.504216,-0.073300,1.610748,-1.812252,0.897004,2.998759,-0.190096,0.256541,0.134737,-0.312014,-0.010682,0.890131,0.705105,-0.373127
17.588025,1.072910,0.036112,-0.499423,-1.212114,1.144328,1.023442,-0.525688,-0.068295,-0.088496,-0.328146,-0.013973,0.365933,0.657482,-0.251092,-1.503968,-0.073165,1.610433,-1.812267,0.897884,2.999455,-0.190461,0.254074,0.134227,-0.313985,-0.011884,0.887683,0.704833,-0.371112
17.589018,1.077241,0.037490,-0.504285,-1.213231,1.141923,1.028157,-0.525448,-0.075704,-0.088015,-0.333554,-0.017227,0.364109,0.656189,-0.251581,-1.503711,-0.073036,1.610117,-1.812278,0.898779,3.000153,-0.190841,0.255019,0.132742,-0.314980,-0.011426,0.890376,0.701952,-0.374556
17.590003,1.082519,0.038078,-0.506703,-1.214823,1.144083,1.029922,-0.526802,-0.078768,-0.089773,-0.334710,-0.019267,0.362013,0.654453,-0.252029,-1.503463,-0.072904,1.609805,-1.812288,0.899668,3.000847,-0.191221,0.253279,0.131803,-0.312167,-0.010963,0.892608,0.697117,-0.375151
17.590969,1.080255,0.037356,-0.495171,-1.215356,1.140776,1.033181,-0.526387,-0.081180,-0.090799,-0.335264,-0.020738,0.360020,0.652596,-0.252417,-1.503214,-0.072774,1.609503,-1.812298,0.900557,3.001529,-0.191591,0.251051,0.131270,-0.310704,-0.010024,0.890175,0.695313,-0.372580
17.592090,1.075513,0.034146,-0.497679,-1.216858,1.143290,1.030471,-0.528692,-0.080733,-0.092836,-0.333055,-0.022323,0.358133,0.650602,-0.252713,-1.502958,-0.072642,1.609175,-1.812310,0.901464,3.002220,-0.191969,0.252487,0.131334,-0.315906,-0.010099,0.892952,0.691846,-0.373549
17.592975,1.078625,0.039018,-0.493636,-1.216872,1.139313,1.032676,-0.528424,-0.074962,-0.098261,-0.325628,-0.024689,0.356273,0.648411,-0.252897,-1.502698,-0.072506,1.608861,-1.812319,0.902348,3.002916,-0.192331,0.255631,0.132819,-0.314641,-0.009372,0.891423,0.695038,-0.369317
17.593939,1.081477,0.038215,-0.491603,-1.220484,1.136826,1.027312,-0.529125,-0.066850,-0.105134,-0.315847,-0.028180,0.354646,0.646292,-0.252988,-1.502446,-0.072384,1.608544,-1.812329,0.903249,3.003608,-0.192702,0.254065,0.130054,-0.315906,-0.009938,0.894212,0.692240,-0.369898
17.594937,1.077014,0.035869,-0.486393,-1.222149,1.139909,1.026554,-0.529853,-0.056831,-0.112654,-0.303977,-0.033455,0.353281,0.644234,-0.253010,-1.502197,-0.072252,1.608224,-1.812331,0.904154,3.004315,-0.193068,0.252979,0.130193,-0.316376,-0.007103,0.896107,0.697379,-0.368626
17.595966,1.080688,0.030159,-0.486313,-1.223936,1.135913,1.025915,-0.529281,-0.042522,-0.122747,-0.287461,-0.042569,0.352045,0.641844,-0.252957,-1.501937,-0.072118,1.607907,-1.812338,0.905040,3.005005,-0.193437,0.255573,0.131095,-0.318603,-0.006209,0.892893,0.698036,-0.367367
17.596986,1.080549,0.032854,-0.483738,-1.223125,1.139405,1.023990,-0.530581,-0.022590,-0.137577,-0.264944,-0.056440,0.350770,0.638943,-0.252838,-1.501684,-0.071981,1.607592,-1.812342,0.905943,3.005711,-0.193804,0.254221,0.133692,-0.318350,-0.005254,0.896977,0.698648,-0.368790
17.598016,1.082392,0.034615,-0.481873,-1.226161,1.145119,1.022537,-0.529439,0.003496,-0.158163,-0.236091,-0.073300,0.349207,0.635639,-0.252696,-1.501429,-0.071851,1.607267,-1.812353,0.906827,3.006408,-0.194167,0.254775,0.132108,-0.319229,-0.006747,0.893541,0.700576,-0.366408
17.599040,1.082175,0.035582,-0.479131,-1.223592,1.145095,1.021427,-0.530802,0.032844,-0.181634,-0.203904,-0.091769,0.347451,0.632132,-0.252568,-1.501178,-0.071723,1.606948,-1.812354,0.907709,3.007117,-0.194535,0.254392,0.131072,-0.319856,-0.004580,0.888046,0.701990,-0.368996
17.599980,1.080217,0.034720,-0.482884,-1.225233,1.148399,1.024541,-0.531890,0.062110,-0.204625,-0.171799,-0.110921,0.345703,0.628592,-0.252464,-1.500920,-0.071593,1.606622,-1.812368,0.908599,3.007827,-0.194897,0.254948,0.130400,-0.320811,-0.007785,0.888225,0.703023,-0.366484
17.601020,1.081795,0.032111,-0.477603,-1.224449,1.149244,1.020715,-0.531506,0.087685,-0.224332,-0.143641,-0.128642,0.344114,0.625447,-0.252387,-1.500663,-0.071462,1.606311,-1.812372,0.909471,3.008523,-0.195256,0.256095,0.130513,-0.318377,-0.006851,0.884431,0.699536,-0.364449
17.602152,1.081322,0.031264,-0.479068,-1.225544,1.150433,1.016904,-0.530572,0.107584,-0.239760,-0.121564,-0.143896,0.342820,0.623012,-0.252352,-1.500408,-0.071328,1.605984,-1.812384,0.910354,3.009234,-0.195624,0.255831,0.131613,-0.320694,-0.008323,0.883925,0.703419,-0.365514
17.602995,1.078921,0.031154,-0.474641,-1.226218,1.150527,1.011447,-0.530256,0.124853,-0.253681,-0.102492,-0.156926,0.341701,0.621098,-0.252357,-1.500151,-0.071195,1.605660,-1.812389,0.911229,3.009940,-0.195996,0.256907,0.131939,-0.319908,-0.008093,0.883944,0.707632,-0.367802
17.604079,1.082553,0.030453,-0.475260,-1.228751,1.148971,1.009770,-0.531862,0.140758,-0.267035,-0.085035,-0.168558,0.340738,0.619540,-0.252402,-1.499889,-0.071064,1.605339,-1.812395,0.912109,3.010665,-0.196369,0.257879,0.131548,-0.321179,-0.008050,0.882456,0.712194,-0.368335
17.605034,1.084720,0.028406,-0.475677,-1.229080,1.148964,1.005783,-0.531765,0.155256,-0.279576,-0.069009,-0.180333,0.340019,0.618229,-0.252482,-1.499634,-0.070930,1.605016,-1.812396,0.913004,3.011386,-0.196729,0.256729,0.131741,-0.320673,-0.006452,0.884624,0.713951,-0.365463
17.606123,1.085301,0.020080,-0.478493,-1.229136,1.154108,1.002208,-0.531258,0.170084,-0.292681,-0.052517,-0.193099,0.339489,0.617008,-0.252580,-1.499382,-0.070798,1.604698,-1.812403,0.913880,3.012107,-0.197099,0.255921,0.132459,-0.319901,-0.006835,0.884237,0.717536,-0.365808
17.606999,1.084846,0.020008,-0.473922,-1.229627,1.148343,1.000631,-0.531131,0.186500,-0.308092,-0.034366,-0.206170,0.339089,0.615867,-0.252686,-1.499122,-0.070656,1.604384,-1.812412,0.914775,3.012837,-0.197463,0.256287,0.136395,-0.318446,-0.007555,0.879679,0.721186,-0.367198
17.607971,1.085288,0.021158,-0.473730,-1.230352,1.144562,0.996726,-0.532016,0.205332,-0.327256,-0.013917,-0.218273,0.338805,0.614839,-0.252777,-1.498868,-0.070519,1.604061,-1.812419,0.915659,3.013569,-0.197833,0.256482,0.135923,-0.319873,-0.007676,0.884396,0.721925,-0.367429
17.609118,1.092772,0.027462,-0.475202,-1.234053,1.143964,0.995061,-0.531948,0.225980,-0.349204,0.008174,-0.228781,0.338735,0.613877,-0.252804,-1.498610,-0.070388,1.603745,-1.812427,0.916544,3.014294,-0.198190,0.256523,0.135066,-0.319475,-0.007633,0.887865,0.725483,-0.365838
17.610006,1.093392,0.027490,-0.473058,-1.234445,1.139415,0.998959,-0.533745,0.246028,-0.370566,0.029662,-0.238743,0.339166,0.612809,-0.252710,-1.498361,-0.070261,1.603427,-1.812428,0.917442,3.015027,-0.198558,0.253729,0.131892,-0.318841,-0.004928,0.889547,0.727422,-0.366444
17.610959,1.091599,0.025714,-0.471484,-1.236373,1.131025,0.998122,-0.534955,0.263832,-0.388816,0.049003,-0.249502,0.340290,0.611515,-0.252471,-1.498110,-0.070127,1.603106,-1.812434,0.918347,3.015741,-0.198921,0.253509,0.131487,-0.319110,-0.005224,0.892878,0.722815,-0.362845
17.612042,1.093060,0.024726,-0.474308,-1.238143,1.128624,0.997489,-0.535372,0.279174,-0.403746,0.065843,-0.260579,0.341975,0.610140,-0.252107,-1.497855,-0.069994,1.602790,-1.812436,0.919257,3.016470,-0.199272,0.254642,0.132058,-0.319357,-0.004098,0.900585,0.723224,-0.360628
17.612986,1.097670,0.019983,-0.469796,-1.238922,1.124534,0.995233,-0.537043,0.291411,-0.415586,0.079499,-0.271610,0.344014,0.608820,-0.251674,-1.497598,-0.069859,1.602473,-1.812436,0.920165,3.017200,-0.199631,0.254563,0.132374,-0.317818,-0.003298,0.903373,0.723911,-0.360185
17.613988,1.097505,0.015819,-0.467957,-1.240172,1.125530,0.998196,-0.537806,0.303075,-0.426840,0.092522,-0.282656,0.346020,0.607354,-0.251226,-1.497350,-0.069718,1.602154,-1.812440,0.921077,3.017923,-0.199978,0.252525,0.134329,-0.319500,-0.003296,0.906644,0.725700,-0.357011
17.614965,1.098392,0.012493,-0.470869,-1.239081,1.122224,1.000345,-0.536820,0.320211,-0.442684,0.110871,-0.293182,0.347424,0.605369,-0.250788,-1.497097,-0.069578,1.601834,-1.812442,0.921986,3.018640,-0.200332,0.253059,0.136064,-0.319993,-0.002903,0.905328,0.722483,-0.355764
17.616014,1.100390,0.011485,-0.466173,-1.240605,1.120207,1.001717,-0.536831,0.343111,-0.463776,0.134682,-0.301904,0.348085,0.602961,-0.250391,-1.496845,-0.069436,1.601516,-1.812450,0.922892,3.019346,-0.200694,0.252965,0.137321,-0.318030,-0.004688,0.908210,0.720104,-0.357957
17.617003,1.099431,0.012089,-0.469114,-1.239975,1.119984,1.006910,-0.539206,0.368788,-0.487648,0.160828,-0.307466,0.348136,0.600388,-0.250049,-1.496592,-0.069296,1.601195,-1.812452,0.923813,3.020063,-0.201047,0.252542,0.137541,-0.320159,-0.004048,0.910223,0.718731,-0.358262
17.618015,1.099415,0.016101,-0.465285,-1.243280,1.113060,1.011111,-0.538946,0.394837,-0.511727,0.186894,-0.309574,0.347752,0.597764,-0.249758,-1.496337,-0.069160,1.600880,-1.812461,0.924734,3.020775,-0.201395,0.253399,0.136914,-0.318238,-0.005381,0.909904,0.713269,-0.353724
17.619007,1.100101,0.019068,-0.462363,-1.243097,1.116217,1.014432,-0.538526,0.416262,-0.531168,0.207998,-0.309008,0.347284,0.595346,-0.249547,-1.496083,-0.069029,1.600560,-1.812458,0.925656,3.021466,-0.201749,0.253847,0.134674,-0.319807,-0.003008,0.916585,0.709079,-0.354577
17.619999,1.100252,0.012551,-0.461371,-1.240815,1.117563,1.016895,-0.540648,0.430445,-0.542743,0.221687,-0.307217,0.346883,0.593213,-0.249460,-1.495828,-0.068899,1.600236,-1.812463,0.926565,3.022168,-0.202108,0.253868,0.132958,-0.320762,-0.004013,0.912953,0.705608,-0.355645
17.621052,1.104245,0.008926,-0.458865,-1.243780,1.122694,1.016849,-0.540754,0.439566,-0.547879,0.230063,-0.303375,0.346305,0.591474,-0.249481,-1.495577,-0.068757,1.599912,-1.812475,0.927478,3.022873,-0.202453,0.254215,0.135884,-0.320753,-0.006911,0.911217,0.702984,-0.351628
17.622032,1.108709,0.008942,-0.455107,-1.241697,1.122293,1.015882,-0.539532,0.448929,-0.551812,0.238317,-0.296476,0.345141,0.590155,-0.249573,-1.495327,-0.068617,1.599591,-1.812475,0.928373,3.023567,-0.202802,0.252832,0.137408,-0.321763,-0.004866,0.906374,0.703202,-0.351826
17.623015,1.109264,0.005422,-0.450259,-1.243307,1.125337,1.014976,-0.538702,0.464756,-0.559929,0.252783,-0.287596,0.343058,0.588877,-0.249735,-1.495077,-0.068481,1.599266,-1.812487,0.929279,3.024273,-0.203161,0.250982,0.137056,-0.323087,-0.007576,0.906371,0.703949,-0.354499
17.623971,1.110388,0.001958,-0.451343,-1.242331,1.128380,1.017861,-0.541007,0.490568,-0.574706,0.277052,-0.277108,0.339893,0.587312,-0.249958,-1.494828,-0.068342,1.598938,-1.812493,0.930162,3.024973,-0.203522,0.251142,0.138470,-0.324933,-0.006692,0.903108,0.704675,-0.356350
17.624985,1.108344,0.003415,-0.451704,-1.242829,1.129998,1.016671,-0.541176,0.525127,-0.595545,0.309931,-0.265230,0.335793,0.585456,-0.250193,-1.494578,-0.068200,1.598618,-1.812504,0.931061,3.025675,-0.203864,0.250880,0.139775,-0.323796,-0.008276,0.899480,0.701451,-0.351911
17.626182,1.115073,0.005263,-0.451988,-1.243414,1.127771,1.018187,-0.541021,0.561644,-0.617611,0.344659,-0.252099,0.331286,0.583666,-0.250425,-1.494328,-0.068063,1.598293,-1.812513,0.931967,3.026379,-0.204216,0.252414,0.138733,-0.323174,-0.008479,0.897741,0.702607,-0.351908
17.627076,1.113224,0.008538,-0.447332,-1.242664,1.128246,1.016644,-0.542643,0.594189,-0.635873,0.375333,-0.237840,0.326836,0.582181,-0.250689,-1.494082,-0.067929,1.597974,-1.812521,0.932861,3.027070,-0.204566,0.250202,0.137792,-0.323300,-0.008781,0.901600,0.701821,-0.352829
17.628032,1.113045,0.007029,-0.440064,-1.242598,1.133382,1.016934,-0.542957,0.622256,-0.649093,0.401469,-0.222555,0.322516,0.580930,-0.250995,-1.493827,-0.067796,1.597643,-1.812533,0.933763,3.027777,-0.204909,0.251187,0.135744,-0.324726,-0.010051,0.899914,0.702797,-0.349666
17.629115,1.115180,0.004657,-0.443737,-1.242770,1.128412,1.016105,-0.542719,0.647338,-0.657996,0.424538,-0.206052,0.318299,0.579880,-0.251312,-1.493579,-0.067657,1.597309,-1.812544,0.934642,3.028472,-0.205258,0.251591,0.136134,-0.327633,-0.010710,0.894350,0.702231,-0.349272
17.630092,1.111662,-0.001141,-0.440396,-1.242915,1.128734,1.011641,-0.541727,0.671123,-0.664499,0.446214,-0.188472,0.314152,0.579057,-0.251632,-1.493326,-0.067519,1.596988,-1.812555,0.935551,3.029180,-0.205604,0.251231,0.137114,-0.325601,-0.011246,0.899860,0.703266,-0.350190
17.630976,1.107932,-0.003754,-0.434855,-1.243911,1.131244,1.011787,-0.543016,0.694066,-0.670373,0.466948,-0.170164,0.310014,0.578525,-0.251985,-1.493069,-0.067373,1.596657,-1.812567,0.936457,3.029903,-0.205960,0.253301,0.139582,-0.326660,-0.011701,0.899008,0.707418,-0.352400
17.632014,1.108197,-0.010504,-0.433441,-1.245128,1.130082,1.006261,-0.543638,0.715957,-0.676696,0.486580,-0.152161,0.305896,0.578279,-0.252380,-1.492812,-0.067230,1.596327,-1.812578,0.937336,3.030608,-0.206308,0.255131,0.140327,-0.328493,-0.011239,0.895452,0.706609,-0.349859
17.633039,1.110495,-0.013797,-0.433733,-1.245743,1.132591,1.004192,-0.542118,0.737978,-0.685181,0.506452,-0.135997,0.301781,0.578120,-0.252795,-1.492554,-0.067082,1.595996,-1.812586,0.938241,3.031333,-0.206650,0.255481,0.143336,-0.328764,-0.010749,0.896744,0.712096,-0.349003
17.634046,1.107900,-0.013148,-0.431473,-1.244370,1.131848,1.003024,-0.543177,0.761966,-0.697868,0.528561,-0.122544,0.297586,0.577770,-0.253235,-1.492304,-0.066936,1.595668,-1.812598,0.939122,3.032044,-0.207007,0.254858,0.144581,-0.328173,-0.010792,0.894396,0.714052,-0.352372
17.635006,1.105090,-0.010921,-0.426561,-1.244062,1.131103,1.002362,-0.541314,0.786678,-0.713638,0.551616,-0.110886,0.293391,0.577307,-0.253716,-1.492041,-0.066794,1.595338,-1.812613,0.940019,3.032767,-0.207352,0.256502,0.143872,-0.328796,-0.012720,0.895050,0.714991,-0.350506
17.636044,1.110172,-0.013060,-0.429006,-1.243879,1.133349,1.000520,-0.541767,0.807674,-0.727973,0.570999,-0.099093,0.289478,0.577156,-0.254233,-1.491778,-0.066652,1.595000,-1.812629,0.940921,3.033488,-0.207714,0.258072,0.142338,-0.330485,-0.013504,0.895214,0.715247,-0.354449
17.637073,1.109697,-0.013206,-0.424174,-1.244881,1.127354,0.999070,-0.540092,0.822842,-0.738415,0.584592,-0.086293,0.286063,0.577495,-0.254741,-1.491528,-0.066506,1.594672,-1.812645,0.941820,3.034208,-0.208060,0.256085,0.143054,-0.328841,-0.014240,0.893084,0.717034,-0.353852
17.638014,1.108502,-0.019122,-0.418963,-1.246327,1.133158,1.000416,-0.539716,0.834219,-0.746428,0.594555,-0.072934,0.283123,0.578107,-0.255192,-1.491269,-0.066364,1.594337,-1.812661,0.942718,3.034934,-0.208433,0.256794,0.142791,-0.330782,-0.013772,0.899228,0.718333,-0.357475
17.638966,1.111360,-0.019627,-0.412876,-1.247951,1.131796,1.000234,-0.539028,0.845493,-0.755148,0.604654,-0.060449,0.280529,0.578611,-0.255575,-1.491013,-0.066213,1.593999,-1.812674,0.943604,3.035655,-0.208796,0.257566,0.145223,-0.332547,-0.012855,0.892704,0.716478,-0.358322
17.639960,1.110839,-0.018356,-0.417781,-1.247672,1.134046,0.997979,-0.538458,0.860631,-0.767929,0.618906,-0.050591,0.278179,0.578633,-0.255876,-1.490756,-0.066070,1.593664,-1.812684,0.944492,3.036359,-0.209155,0.256325,0.145000,-0.334821,-0.011862,0.893623,0.716345,-0.359862
17.641062,1.118422,-0.022513,-0.416530,-1.247073,1.134512,1.004010,-0.538339,0.878538,-0.783491,0.636257,-0.043818,0.276185,0.578165,-0.256076,-1.490496,-0.065927,1.593334,-1.812698,0.945381,3.037082,-0.209520,0.256917,0.143959,-0.331756,-0.012708,0.891200,0.718351,-0.361203
17.642053,1.121273,-0.022606,-0.407828,-1.248543,1.138718,1.006866,-0.536069,0.894925,-0.798110,0.652304,-0.038434,0.274673,0.577627,-0.256186,-1.490250,-0.065775,1.592997,-1.812713,0.946263,3.037776,-0.209888,0.253946,0.145719,-0.332138,-0.013947,0.891636,0.712589,-0.361805
17.643047,1.119384,-0.023082,-0.404296,-1.247046,1.142432,1.012480,-0.534020,0.913343,-0.814544,0.670375,-0.032905,0.273297,0.577024,-0.256225,-1.489996,-0.065630,1.592657,-1.812726,0.947145,3.038480,-0.210260,0.252912,0.145324,-0.335818,-0.013044,0.887270,0.709586,-0.366557
17.644091,1.116985,-0.030670,-0.400626,-1.247691,1.141445,1.012589,-0.533667,0.937548,-0.835318,0.694082,-0.027007,0.271813,0.576194,-0.256221,-1.489743,-0.065486,1.592319,-1.812744,0.948030,3.039178,-0.210639,0.254285,0.145168,-0.336901,-0.015029,0.883442,0.703824,-0.370799
17.645018,1.116772,-0.026390,-0.404588,-1.246412,1.145078,1.017627,-0.534921,0.964932,-0.858604,0.720756,-0.020294,0.270333,0.575380,-0.256195,-1.489483,-0.065329,1.591982,-1.812760,0.948910,3.039876,-0.211014,0.255968,0.148503,-0.338268,-0.014926,0.884862,0.703855,-0.371720
17.645966,1.117140,-0.024622,-0.402966,-1.248408,1.145136,1.016352,-0.534251,0.989993,-0.880588,0.744907,-0.012377,0.269107,0.575032,-0.256145,-1.489222,-0.065191,1.591650,-1.812781,0.949786,3.040566,-0.211383,0.256140,0.145880,-0.335417,-0.016571,0.880569,0.698416,-0.369251
17.646989,1.117749,-0.025558,-0.402324,-1.249610,1.145194,1.016803,-0.532843,1.005054,-0.894453,0.759020,-0.003912,0.268600,0.575592,-0.256083,-1.488970,-0.065046,1.591312,-1.812793,0.950659,3.041257,-0.211758,0.256197,0.144541,-0.335438,-0.015105,0.880152,0.699485,-0.370717
17.648018,1.120371,-0.028808,-0.402891,-1.248781,1.143447,1.018190,-0.535833,1.007862,-0.897453,0.761100,0.003066,0.269013,0.576957,-0.256033,-1.488711,-0.064901,1.590977,-1.812807,0.951543,3.041950,-0.212133,0.256326,0.144645,-0.335239,-0.014492,0.880252,0.699047,-0.373761
17.648979,1.118841,-0.033317,-0.401881,-1.248564,1.145693,1.018928,-0.535099,1.002645,-0.892978,0.755432,0.007869,0.270046,0.578793,-0.255986,-1.488455,-0.064751,1.590645,-1.812827,0.952433,3.042653,-0.212491,0.255491,0.145854,-0.334481,-0.015802,0.882174,0.697645,-0.367986
17.650152,1.119906,-0.034841,-0.404622,-1.248266,1.152787,1.019977,-0.534598,0.993786,-0.885186,0.746209,0.012070,0.271313,0.581036,-0.255911,-1.488198,-0.064601,1.590315,-1.812845,0.953300,3.043341,-0.212858,0.256511,0.147595,-0.334310,-0.016447,0.879664,0.696718,-0.369664
17.651043,1.113061,-0.033297,-0.403214,-1.248318,1.141634,1.020306,-0.534961,0.982441,-0.875624,0.734418,0.016678,0.272816,0.583715,-0.255809,-1.487938,-0.064453,1.589981,-1.812864,0.954173,3.044038,-0.213235,0.256897,0.148136,-0.332932,-0.017337,0.874110,0.696284,-0.371121
17.652083,1.112564,-0.030194,-0.403584,-1.249701,1.141392,1.023662,-0.537254,0.965379,-0.861714,0.716779,0.021902,0.274925,0.586959,-0.255687,-1.487672,-0.064308,1.589647,-1.812882,0.955067,3.044730,-0.213611,0.260245,0.146791,-0.332673,-0.017651,0.884313,0.695446,-0.370361
17.653063,1.114234,-0.034804,-0.402247,-1.251813,1.138060,1.019325,-0.537624,0.938149,-0.839309,0.688927,0.027383,0.278006,0.590904,-0.255535,-1.487410,-0.064170,1.589318,-1.812899,0.955954,3.045424,-0.213965,0.260915,0.144966,-0.332089,-0.016810,0.884736,0.692157,-0.366063
17.653945,1.111535,-0.031322,-0.404822,-1.253804,1.133032,1.017703,-0.536743,0.902224,-0.809299,0.652578,0.031490,0.282089,0.595225,-0.255313,-1.487148,-0.064017,1.588986,-1.812909,0.956855,3.046130,-0.214327,0.260304,0.146783,-0.332129,-0.015331,0.887706,0.696343,-0.365553
17.655056,1.113115,-0.032895,-0.411018,-1.254044,1.127725,1.017930,-0.537732,0.861631,-0.775111,0.612033,0.032149,0.287027,0.599381,-0.255027,-1.486887,-0.063876,1.588658,-1.812919,0.957750,3.046820,-0.214695,0.261594,0.144487,-0.329899,-0.013889,0.891547,0.697406,-0.367344
17.656085,1.111060,-0.032952,-0.409251,-1.256641,1.124392,1.017439,-0.537197,0.814784,-0.735773,0.565767,0.029032,0.292803,0.603429,-0.254741,-1.486625,-0.063732,1.588340,-1.812933,0.958660,3.047525,-0.215059,0.261485,0.145055,-0.326773,-0.014338,0.897540,0.697479,-0.365735
17.657075,1.108833,-0.035487,-0.413823,-1.256328,1.123570,1.015031,-0.537530,0.760782,-0.691112,0.512772,0.022960,0.299197,0.607618,-0.254491,-1.486363,-0.063585,1.588012,-1.812942,0.959568,3.048225,-0.215428,0.262933,0.144677,-0.327265,-0.012425,0.900814,0.697986,-0.367079
17.658093,1.117168,-0.039221,-0.416968,-1.255811,1.124788,1.010892,-0.536644,0.701301,-0.643175,0.454653,0.014317,0.305872,0.612004,-0.254284,-1.486096,-0.063439,1.587694,-1.812956,0.960466,3.048927,-0.215793,0.264264,0.145527,-0.324513,-0.013334,0.901335,0.700250,-0.366592
17.659087,1.115002,-0.037743,-0.414549,-1.256538,1.120225,1.011473,-0.535927,0.639536,-0.595255,0.394477,0.004590,0.312427,0.616621,-0.254150,-1.485839,-0.063289,1.587375,-1.812972,0.961371,3.049643,-0.216168,0.260484,0.146959,-0.322599,-0.014381,0.899989,0.704271,-0.368592
17.660063,1.113780,-0.037503,-0.416272,-1.258821,1.118155,1.004527,-0.536804,0.581121,-0.552126,0.337689,-0.004445,0.318338,0.621362,-0.254114,-1.485577,-0.063145,1.587046,-1.812985,0.962275,3.050339,-0.216542,0.261908,0.145786,-0.323284,-0.014220,0.904305,0.703535,-0.370190
17.661051,1.115488,-0.035034,-0.413795,-1.256624,1.119814,0.999647,-0.537467,0.526861,-0.514085,0.285052,-0.013405,0.323524,0.626149,-0.254159,-1.485312,-0.063002,1.586731,-1.812996,0.963188,3.051063,-0.216904,0.262696,0.145257,-0.321950,-0.012558,0.905802,0.710200,-0.368593
17.662040,1.112191,-0.038502,-0.417499,-1.258208,1.116214,1.000991,-0.536362,0.474745,-0.478956,0.234578,-0.023021,0.328124,0.630936,-0.254250,-1.485053,-0.062860,1.586406,-1.813016,0.964101,3.051791,-0.217272,0.262137,0.143635,-0.322684,-0.015204,0.903670,0.714737,-0.367451
17.663028,1.114899,-0.037121,-0.412940,-1.258852,1.114703,0.998261,-0.535412,0.374445,-0.415462,0.137486,-0.040420,0.335392,0.640862,-0.254659,-1.484521,-0.062571,1.585767,-1.813043,0.965921,3.053222,-0.218019,0.262876,0.143846,-0.322211,-0.014079,0.907988,0.715601,-0.371915
17.664026,1.122207,-0.036525,-0.417213,-1.258707,1.119670,0.995359,-0.536858,0.374445,-0.415462,0.137486,-0.040420,0.335392,0.640862,-0.254659,-1.484521,-0.062571,1.585767,-1.813043,0.965921,3.053222,-0.218019,0.262876,0.143846,-0.322211,-0.014079,0.907988,0.715601,-0.371915
17.664967,1.120271,-0.034318,-0.418645,-1.256916,1.120888,0.995249,-0.536879,0.329487,-0.389673,0.094261,-0.048213,0.337774,0.645762,-0.254997,-1.484269,-0.062429,1.585451,-1.813060,0.966804,3.053943,-0.218385,0.259630,0.143190,-0.319653,-0.014736,0.902906,0.718264,-0.369179
17.666032,1.124454,-0.034123,-0.417321,-1.256964,1.125956,0.999951,-0.535640,0.288924,-0.367752,0.055453,-0.054305,0.339306,0.650481,-0.255399,-1.484007,-0.062292,1.585137,-1.813080,0.967712,3.054663,-0.218754,0.260745,0.141684,-0.318390,-0.016905,0.900912,0.717873,-0.369266
17.666995,1.122524,-0.037157,-0.412864,-1.255366,1.124716,0.998986,-0.537295,0.249624,-0.346837,0.017670,-0.057021,0.340293,0.655305,-0.255883,-1.483747,-0.062149,1.584819,-1.813098,0.968607,3.055376,-0.219133,0.259190,0.141304,-0.318887,-0.017360,0.896231,0.713208,-0.372033
17.668014,1.122577,-0.032447,-0.413446,-1.257978,1.127192,1.000703,-0.537867,0.213717,-0.328567,-0.017162,-0.055471,0.340738,0.660158,-0.256410,-1.483488,-0.062002,1.584500,-1.813121,0.969496,3.056082,-0.219499,0.260398,0.142353,-0.320594,-0.019300,0.897109,0.713932,-0.368815
17.669009,1.124566,-0.032777,-0.414727,-1.258806,1.126895,1.009924,-0.537648,0.182547,-0.313870,-0.047665,-0.050528,0.340717,0.664753,-0.256909,-1.483228,-0.061868,1.584182,-1.813135,0.970387,3.056796,-0.219861,0.260767,0.139709,-0.319938,-0.017241,0.894644,0.712072,-0.367950
17.670030,1.126751,-0.036194,-0.417828,-1.258649,1.123888,1.010079,-0.536455,0.152243,-0.299239,-0.077471,-0.044523,0.340681,0.669032,-0.257372,-1.482971,-0.061727,1.583862,-1.813151,0.971291,3.057491,-0.220232,0.260115,0.139544,-0.318851,-0.016950,0.894672,0.702673,-0.368584
17.671015,1.124902,-0.038218,-0.413649,-1.259371,1.126490,1.016240,-0.537671,0.121319,-0.283707,-0.108013,-0.038057,0.340737,0.673039,-0.257821,-1.482710,-0.061585,1.583551,-1.813169,0.972184,3.058189,-0.220605,0.259421,0.140918,-0.317060,-0.017606,0.897758,0.702600,-0.371206
17.671986,1.131163,-0.035829,-0.412975,-1.258749,1.127878,1.015765,-0.538069,0.092197,-0.269813,-0.136986,-0.030429,0.340568,0.676639,-0.258254,-1.482446,-0.061442,1.583230,-1.813186,0.973076,3.058876,-0.220974,0.260593,0.141528,-0.318693,-0.017356,0.894840,0.696288,-0.368899
17.673063,1.134539,-0.037882,-0.413215,-1.257104,1.127709,1.025128,-0.537853,0.067865,-0.259640,-0.161410,-0.021561,0.339912,0.679553,-0.258660,-1.482193,-0.061304,1.582911,-1.813206,0.973958,3.059569,-0.221344,0.257746,0.139946,-0.318493,-0.018367,0.893174,0.696639,-0.368264
17.673979,1.136152,-0.032345,-0.414289,-1.259633,1.129843,1.022387,-0.538842,0.050875,-0.254496,-0.178752,-0.010342,0.338524,0.681691,-0.259047,-1.481939,-0.061163,1.582597,-1.813232,0.974859,3.060244,-0.221712,0.256740,0.140741,-0.318283,-0.020391,0.893830,0.687540,-0.369039
17.674947,1.140027,-0.033740,-0.413516,-1.259536,1.131237,1.025511,-0.538684,0.039827,-0.252737,-0.190350,0.003391,0.336482,0.683200,-0.259426,-1.481687,-0.061030,1.582279,-1.813248,0.975751,3.060939,-0.222079,0.256081,0.137564,-0.317052,-0.018254,0.890799,0.689974,-0.367103
17.675979,1.140880,-0.036205,-0.408692,-1.260554,1.130564,1.028493,-0.539359,0.031199,-0.250921,-0.199469,0.017203,0.334207,0.684117,-0.259786,-1.481435,-0.060892,1.581963,-1.813268,0.976629,3.061614,-0.222443,0.254457,0.137923,-0.316960,-0.018770,0.889145,0.686706,-0.367604
17.676956,1.148596,-0.037906,-0.409986,-1.260247,1.125750,1.029820,-0.538447,0.026753,-0.250484,-0.204235,0.029775,0.331761,0.684370,-0.260103,-1.481178,-0.060754,1.581639,-1.813288,0.977524,3.062296,-0.222804,0.254535,0.138888,-0.319036,-0.018196,0.889960,0.683857,-0.366523
17.678023,1.153410,-0.037538,-0.408551,-1.263930,1.126725,1.030579,-0.540780,0.031520,-0.255998,-0.199652,0.041558,0.328882,0.683916,-0.260351,-1.480938,-0.060614,1.581323,-1.813309,0.978417,3.062963,-0.223178,0.251126,0.139356,-0.317899,-0.018894,0.894472,0.682536,-0.368518
17.678958,1.149051,-0.036198,-0.406618,-1.264009,1.124485,1.028624,-0.541144,0.048022,-0.269559,-0.183141,0.051906,0.325513,0.682651,-0.260506,-1.480689,-0.060477,1.581005,-1.813320,0.979309,3.063649,-0.223535,0.249446,0.138942,-0.318460,-0.015877,0.893906,0.682036,-0.364146
17.679975,1.153046,-0.035068,-0.407116,-1.266908,1.127246,1.033141,-0.541723,0.073008,-0.288300,-0.157857,0.058881,0.322038,0.680593,-0.260567,-1.480433,-0.060341,1.580683,-1.813338,0.980216,3.064345,-0.223898,0.251818,0.137887,-0.318766,-0.016249,0.895330,0.683668,-0.363570
17.681009,1.153714,-0.038312,-0.411442,-1.265299,1.121633,1.031667,-0.542652,0.099511,-0.306462,-0.130742,0.061405,0.319040,0.678038,-0.260560,-1.480187,-0.060204,1.580368,-1.813349,0.981101,3.065015,-0.224254,0.250349,0.137037,-0.318199,-0.013981,0.892616,0.679230,-0.362685
17.681999,1.151366,-0.036300,-0.407740,-1.266851,1.125564,1.028925,-0.542477,0.123269,-0.321073,-0.106128,0.060369,0.316770,0.675307,-0.260520,-1.479937,-0.060064,1.580058,-1.813368,0.982014,3.065698,-0.224612,0.250598,0.138380,-0.315822,-0.016099,0.898265,0.680891,-0.361116
17.683068,1.153545,-0.037056,-0.412142,-1.266315,1.125362,1.029495,-0.543650,0.142401,-0.331281,-0.086028,0.057480,0.315195,0.672566,-0.260481,-1.479684,-0.059930,1.579735,-1.813381,0.982892,3.066379,-0.224976,0.252175,0.137057,-0.317226,-0.015091,0.894166,0.683613,-0.361691
17.683980,1.150618,-0.038553,-0.406203,-1.268509,1.121548,1.032097,-0.543464,0.155160,-0.335870,-0.072256,0.053401,0.314353,0.669886,-0.260451,-1.479431,-0.059794,1.579425,-1.813398,0.983794,3.067064,-0.225330,0.251728,0.137248,-0.314916,-0.016207,0.894798,0.683275,-0.359692
17.685089,1.156844,-0.037330,-0.409760,-1.267590,1.125573,1.031431,-0.544942,0.161902,-0.335470,-0.064468,0.048189,0.314160,0.667311,-0.260407,-1.479175,-0.059656,1.579102,-1.813408,0.984703,3.067742,-0.225693,0.253277,0.137553,-0.317164,-0.014568,0.897553,0.680305,-0.360164
17.685976,1.152477,-0.037703,-0.404856,-1.270539,1.124896,1.029805,-0.543475,0.165362,-0.332637,-0.059950,0.042083,0.314316,0.664827,-0.260343,-1.478928,-0.059520,1.578786,-1.813428,0.985584,3.068416,-0.226043,0.250997,0.136773,-0.315344,-0.016055,0.894413,0.681508,-0.357634
17.686952,1.154056,-0.039993,-0.403628,-1.268459,1.126867,1.031578,-0.544664,0.167115,-0.328619,-0.057094,0.034756,0.314645,0.662405,-0.260279,-1.478671,-0.059384,1.578469,-1.813434,0.986476,3.069105,-0.226408,0.253205,0.136523,-0.317060,-0.013715,0.893992,0.682629,-0.360646
17.688076,1.155668,-0.037928,-0.402967,-1.270386,1.131261,1.027682,-0.544362,0.167771,-0.324201,-0.055254,0.026101,0.315047,0.660143,-0.260224,-1.478420,-0.059244,1.578153,-1.813455,0.987369,3.069795,-0.226765,0.252759,0.137297,-0.317196,-0.016234,0.891651,0.680677,-0.358421
17.689048,1.158274,-0.038503,-0.407894,-1.269724,1.133409,1.025034,-0.542545,0.168461,-0.320688,-0.053266,0.016994,0.315353,0.658167,-0.260169,-1.478167,-0.059110,1.577839,-1.813466,0.988242,3.070480,-0.227125,0.252804,0.136139,-0.317593,-0.015017,0.888402,0.685120,-0.359500
17.689970,1.161312,-0.041049,-0.405697,-1.268485,1.133025,1.021842,-0.541926,0.168117,-0.317258,-0.052086,0.007609,0.315636,0.656516,-0.260123,-1.477916,-0.058973,1.577529,-1.813484,0.989125,3.071174,-0.227496,0.251840,0.136085,-0.314701,-0.016136,0.885981,0.687568,-0.363304
17.691095,1.162747,-0.038273,-0.406257,-1.272350,1.136492,1.021555,-0.540552,0.166367,-0.313801,-0.052155,-0.001201,0.315914,0.655207,-0.260085,-1.477669,-0.058834,1.577209,-1.813503,0.990000,3.071869,-0.227867,0.250528,0.136938,-0.315146,-0.017772,0.885740,0.690363,-0.364577
17.692012,1.168932,-0.037810,-0.404482,-1.274570,1.134799,1.017409,-0.540309,0.165154,-0.311916,-0.051659,-0.009262,0.316122,0.654081,-0.260035,-1.477418,-0.058703,1.576897,-1.813511,0.990885,3.072563,-0.228248,0.250703,0.135453,-0.314963,-0.014688,0.883298,0.691070,-0.367705
17.693010,1.173584,-0.035931,-0.403431,-1.274149,1.132637,1.015954,-0.538379,0.165775,-0.312009,-0.049149,-0.019485,0.316436,0.652700,-0.259969,-1.477178,-0.058569,1.576579,-1.813521,0.991773,3.073268,-0.228614,0.247865,0.134839,-0.315169,-0.013068,0.884199,0.694763,-0.368231
17.694116,1.168532,-0.038367,-0.400453,-1.275356,1.137789,1.019104,-0.536772,0.170841,-0.315373,-0.041955,-0.032820,0.316842,0.650653,-0.259885,-1.476933,-0.058435,1.576268,-1.813537,0.992657,3.073960,-0.228995,0.246060,0.133628,-0.315365,-0.014026,0.886307,0.696121,-0.372273
17.695031,1.170334,-0.035939,-0.400859,-1.277266,1.132909,1.018586,-0.537702,0.180746,-0.322231,-0.029889,-0.047332,0.317348,0.648034,-0.259773,-1.476677,-0.058300,1.575950,-1.813549,0.993536,3.074659,-0.229376,0.249397,0.134716,-0.316834,-0.013507,0.882028,0.693266,-0.375812
17.695989,1.172738,-0.038649,-0.401985,-1.279337,1.127569,1.016350,-0.535283,0.191207,-0.329540,-0.017332,-0.062230,0.318339,0.645244,-0.259606,-1.476429,-0.058167,1.575634,-1.813557,0.994420,3.075343,-0.229752,0.248637,0.133099,-0.315933,-0.012222,0.886199,0.693452,-0.373925
17.697054,1.170521,-0.040156,-0.404934,-1.279710,1.124000,1.016922,-0.533840,0.199853,-0.335447,-0.006558,-0.078027,0.320073,0.642339,-0.259362,-1.476181,-0.058032,1.575322,-1.813565,0.995326,3.076048,-0.230136,0.247763,0.134138,-0.314906,-0.010823,0.890917,0.695395,-0.378898
17.698038,1.176797,-0.040668,-0.398130,-1.283216,1.118917,1.021091,-0.534171,0.206114,-0.339752,0.001897,-0.094440,0.322546,0.639280,-0.259060,-1.475926,-0.057894,1.575011,-1.813576,0.996233,3.076751,-0.230525,0.249521,0.134662,-0.313323,-0.011181,0.894765,0.694939,-0.381992
17.698953,1.175483,-0.044027,-0.398556,-1.286592,1.113476,1.021129,-0.534616,0.211684,-0.343948,0.009669,-0.110951,0.325516,0.635976,-0.258719,-1.475685,-0.057759,1.574691,-1.813578,0.997150,3.077428,-0.230905,0.246842,0.134596,-0.316299,-0.008482,0.899336,0.690692,-0.381421
17.700093,1.176924,-0.045437,-0.397505,-1.287968,1.109947,1.025087,-0.534462,0.221644,-0.351764,0.021873,-0.128792,0.328537,0.631994,-0.258332,-1.475434,-0.057623,1.574379,-1.813578,0.998052,3.078119,-0.231287,0.247684,0.135878,-0.315430,-0.005930,0.903804,0.690294,-0.380530
17.701028,1.179082,-0.042165,-0.398478,-1.289154,1.108313,1.030526,-0.534462,0.236922,-0.364014,0.039463,-0.148916,0.331354,0.627223,-0.257903,-1.475188,-0.057485,1.574060,-1.813583,0.998966,3.078805,-0.231672,0.247949,0.136448,-0.316030,-0.005486,0.908211,0.686851,-0.381222
17.701958,1.179035,-0.044320,-0.391046,-1.288448,1.105955,1.031489,-0.532369,0.253914,-0.377693,0.058719,-0.170031,0.333938,0.622142,-0.257483,-1.474941,-0.057357,1.573748,-1.813587,0.999872,3.079471,-0.232053,0.247121,0.134497,-0.314976,-0.005039,0.908967,0.681215,-0.381254
17.703062,1.180731,-0.044935,-0.388778,-1.290983,1.101363,1.031275,-0.533667,0.271270,-0.391079,0.078109,-0.189922,0.336200,0.617232,-0.257115,-1.474689,-0.057221,1.573423,-1.813595,1.000792,3.080149,-0.232445,0.247350,0.135202,-0.318016,-0.006408,0.910307,0.680037,-0.385470
17.704077,1.178874,-0.041567,-0.392584,-1.292195,1.098706,1.033548,-0.534256,0.291974,-0.406216,0.100491,-0.207406,0.337858,0.612561,-0.256772,-1.474442,-0.057084,1.573101,-1.813597,1.001707,3.080825,-0.232824,0.247351,0.135340,-0.319029,-0.004796,0.915496,0.680728,-0.383142
17.704964,1.178725,-0.042266,-0.391287,-1.293196,1.094924,1.034456,-0.534538,0.314392,-0.421650,0.124301,-0.223231,0.338983,0.608270,-0.256430,-1.474192,-0.056954,1.572792,-1.813601,1.002632,3.081506,-0.233205,0.248794,0.133428,-0.316854,-0.004415,0.917800,0.678496,-0.382153
17.706098,1.183529,-0.044038,-0.389659,-1.296231,1.096793,1.031345,-0.536481,0.331284,-0.431510,0.142405,-0.238098,0.339991,0.604881,-0.256136,-1.473942,-0.056821,1.572472,-1.813605,1.003563,3.082190,-0.233585,0.248930,0.133377,-0.316715,-0.004133,0.920066,0.677120,-0.381560
17.707084,1.181976,-0.041844,-0.388936,-1.296341,1.099431,1.030576,-0.537026,0.342889,-0.436133,0.155098,-0.252726,0.340806,0.602363,-0.255932,-1.473699,-0.056687,1.572152,-1.813602,1.004478,3.082869,-0.233952,0.247504,0.134178,-0.317568,-0.002163,0.918984,0.680849,-0.378072
17.707982,1.179837,-0.046080,-0.385934,-1.296334,1.101266,1.029594,-0.536221,0.353238,-0.438781,0.166480,-0.268192,0.341118,0.600277,-0.255839,-1.473447,-0.056553,1.571836,-1.813606,1.005390,3.083555,-0.234330,0.248689,0.132771,-0.317495,-0.002894,0.915868,0.681503,-0.377147
17.709069,1.180099,-0.051946,-0.386873,-1.293965,1.106515,1.027619,-0.534566,0.361858,-0.439280,0.176015,-0.283775,0.340862,0.598655,-0.255908,-1.473197,-0.056414,1.571514,-1.813610,1.006288,3.084234,-0.234713,0.249861,0.134452,-0.318206,-0.003618,0.912949,0.682084,-0.378750
17.710069,1.180859,-0.055655,-0.387887,-1.293845,1.112170,1.024964,-0.534652,0.369142,-0.439036,0.183897,-0.296910,0.339909,0.597710,-0.256181,-1.472943,-0.056274,1.571199,-1.813621,1.007192,3.084920,-0.235099,0.250445,0.137161,-0.317660,-0.006711,0.908211,0.684412,-0.382359
17.711191,1.182927,-0.054640,-0.382300,-1.295481,1.113188,1.023856,-0.537689,0.376841,-0.440709,0.191744,-0.305311,0.338164,0.597481,-0.256620,-1.472691,-0.056132,1.570880,-1.813630,1.008093,3.085614,-0.235483,0.250487,0.138632,-0.316738,-0.007507,0.902324,0.686987,-0.382287
17.712050,1.182373,-0.050838,-0.379096,-1.295062,1.111784,1.026247,-0.537477,0.386274,-0.445413,0.200985,-0.309492,0.335768,0.597692,-0.257128,-1.472445,-0.055995,1.570556,-1.813636,1.008982,3.086301,-0.235854,0.250374,0.137959,-0.319511,-0.006725,0.902339,0.688555,-0.376548
17.713042,1.183121,-0.051766,-0.379175,-1.297676,1.111696,1.026033,-0.537345,0.398027,-0.452477,0.212387,-0.311115,0.332961,0.598016,-0.257649,-1.472194,-0.055864,1.570235,-1.813644,1.009885,3.086992,-0.236230,0.250605,0.135613,-0.320172,-0.007732,0.902265,0.685486,-0.376969
17.714015,1.178332,-0.056301,-0.376350,-1.298160,1.111972,1.024110,-0.539112,0.409510,-0.458947,0.223490,-0.311186,0.330106,0.598483,-0.258189,-1.471945,-0.055727,1.569915,-1.813645,1.010782,3.087672,-0.236608,0.250667,0.135779,-0.319669,-0.005963,0.902104,0.685715,-0.377382
17.714957,1.180840,-0.057372,-0.372307,-1.297675,1.109311,1.021273,-0.539159,0.418121,-0.463183,0.231808,-0.311038,0.327465,0.599180,-0.258744,-1.471685,-0.055586,1.569595,-1.813654,1.011699,3.088369,-0.236971,0.253339,0.137671,-0.320579,-0.006168,0.901204,0.687449,-0.373985
17.716029,1.181347,-0.055337,-0.377208,-1.298866,1.114891,1.019336,-0.538144,0.425201,-0.467080,0.238697,-0.310621,0.324855,0.600106,-0.259289,-1.471434,-0.055446,1.569268,-1.813662,1.012601,3.089073,-0.237345,0.252288,0.137771,-0.321908,-0.007324,0.903164,0.689925,-0.374007
17.717044,1.180781,-0.063919,-0.372515,-1.298846,1.114203,1.012113,-0.538844,0.431136,-0.470864,0.244524,-0.309077,0.322150,0.601400,-0.259822,-1.471182,-0.055308,1.568950,-1.813669,1.013476,3.089765,-0.237721,0.252725,0.136511,-0.319258,-0.006914,0.898179,0.692093,-0.376348
17.718044,1.184301,-0.065931,-0.371816,-1.298522,1.115959,1.008969,-0.541387,0.434982,-0.473792,0.248355,-0.306624,0.319443,0.603161,-0.260356,-1.470927,-0.055159,1.568630,-1.813679,1.014381,3.090479,-0.238095,0.253466,0.140422,-0.321272,-0.007616,0.898795,0.699234,-0.375116
17.718983,1.182009,-0.070992,-0.375896,-1.298422,1.117429,1.011010,-0.543072,0.441143,-0.480017,0.254499,-0.302994,0.316443,0.605109,-0.260859,-1.470680,-0.055017,1.568309,-1.813690,1.015280,3.091195,-0.238459,0.252168,0.141025,-0.321171,-0.008598,0.896817,0.702129,-0.370214
17.720004,1.180713,-0.066578,-0.368642,-1.300499,1.116236,1.004540,-0.542760,0.451006,-0.491149,0.264194,-0.297171,0.313026,0.607239,-0.261304,-1.470421,-0.054871,1.567996,-1.813700,1.016163,3.091893,-0.238815,0.253484,0.143067,-0.318555,-0.009289,0.894779,0.699687,-0.367006
17.721011,1.179485,-0.067877,-0.372232,-1.301327,1.119047,1.003546,-0.543692,0.459952,-0.503139,0.272824,-0.289639,0.309596,0.609740,-0.261735,-1.470165,-0.054735,1.567666,-1.813708,1.017066,3.092611,-0.239184,0.254578,0.140548,-0.321769,-0.007933,0.895944,0.706113,-0.367904
17.722178,1.176300,-0.064465,-0.372875,-1.300019,1.118660,1.004407,-0.544163,0.464623,-0.512026,0.277204,-0.282419,0.306580,0.612408,-0.262201,-1.469907,-0.054593,1.567349,-1.813716,1.017947,3.093314,-0.239549,0.255580,0.140863,-0.319557,-0.007826,0.893137,0.706957,-0.366240
17.723056,1.179707,-0.065425,-0.369375,-1.300487,1.117186,1.004366,-0.543766,0.460552,-0.513450,0.272890,-0.275515,0.304343,0.615357,-0.262715,-1.469642,-0.054457,1.567034,-1.813729,1.018847,3.094025,-0.239909,0.258038,0.139056,-0.319462,-0.009912,0.894831,0.706590,-0.365824
17.723997,1.179996,-0.067861,-0.372885,-1.300597,1.116786,1.003016,-0.542355,0.446739,-0.506224,0.258724,-0.267109,0.302912,0.618739,-0.263263,-1.469391,-0.054317,1.566712,-1.813739,1.019748,3.094731,-0.240279,0.256316,0.139053,-0.320353,-0.009973,0.895003,0.705986,-0.366619
17.724974,1.182814,-0.067240,-0.368396,-1.302611,1.116487,1.005820,-0.543664,0.428139,-0.494082,0.239604,-0.256741,0.302031,0.622208,-0.263839,-1.469132,-0.054174,1.566402,-1.813751,1.020654,3.095432,-0.240652,0.256331,0.139811,-0.318058,-0.010415,0.894610,0.706997,-0.369547
17.726070,1.183325,-0.068818,-0.366796,-1.301173,1.120175,1.012307,-0.543632,0.408912,-0.480362,0.219721,-0.245477,0.301548,0.625356,-0.264427,-1.468876,-0.054036,1.566079,-1.813758,1.021540,3.096133,-0.241011,0.255210,0.139134,-0.319809,-0.009097,0.894636,0.703939,-0.367072
17.727127,1.180176,-0.074341,-0.372047,-1.303117,1.118754,1.015189,-0.544311,0.392287,-0.467477,0.202268,-0.233768,0.301303,0.627969,-0.264969,-1.468620,-0.053894,1.565754,-1.813775,1.022415,3.096817,-0.241381,0.255690,0.139702,-0.320442,-0.011159,0.891804,0.697801,-0.367519
17.727997,1.181547,-0.077973,-0.369456,-1.302892,1.121421,1.015239,-0.543651,0.377828,-0.455683,0.186709,-0.221043,0.301311,0.630242,-0.265452,-1.468357,-0.053750,1.565445,-1.813783,1.023314,3.097507,-0.241748,0.257775,0.142156,-0.317688,-0.009941,0.893575,0.695136,-0.366447
17.729015,1.183853,-0.077392,-0.360727,-1.304113,1.120616,1.018443,-0.543888,0.363134,-0.444070,0.170644,-0.207704,0.301726,0.632357,-0.265901,-1.468099,-0.053604,1.565124,-1.813797,1.024206,3.098206,-0.242116,0.256972,0.143373,-0.318128,-0.010633,0.889590,0.694477,-0.367776
17.730145,1.184469,-0.077553,-0.361862,-1.303996,1.124440,1.022579,-0.544181,0.352440,-0.435680,0.158358,-0.194659,0.302275,0.633929,-0.266292,-1.467844,-0.053461,1.564796,-1.813806,1.025090,3.098886,-0.242486,0.256278,0.142711,-0.322070,-0.010106,0.890554,0.691334,-0.367511
17.731053,1.184209,-0.080896,-0.356894,-1.303440,1.123492,1.023247,-0.543947,0.350172,-0.432951,0.154315,-0.182205,0.302628,0.634636,-0.266582,-1.467586,-0.053322,1.564478,-1.813818,1.025973,3.099564,-0.242849,0.256794,0.142630,-0.321501,-0.010976,0.887797,0.687743,-0.367363
17.731968,1.187831,-0.085012,-0.356787,-1.302231,1.125343,1.025242,-0.544543,0.355155,-0.434652,0.157368,-0.169843,0.302760,0.634651,-0.266791,-1.467332,-0.053175,1.564149,-1.813832,1.026854,3.100247,-0.243221,0.257001,0.143765,-0.323161,-0.012027,0.887947,0.686717,-0.367870
17.732978,1.182422,-0.081706,-0.350632,-1.302322,1.127235,1.028725,-0.545212,0.367349,-0.441121,0.167410,-0.156411,0.302504,0.634161,-0.266952,-1.467079,-0.053028,1.563828,-1.813849,1.027738,3.100920,-0.243581,0.255297,0.145285,-0.322467,-0.013652,0.885265,0.684417,-0.366752
17.734009,1.183703,-0.083746,-0.348181,-1.302133,1.130917,1.030760,-0.545085,0.385560,-0.451428,0.183217,-0.141409,0.301796,0.633400,-0.267058,-1.466814,-0.052890,1.563497,-1.813865,1.028620,3.101596,-0.243945,0.258366,0.143280,-0.325049,-0.014085,0.883444,0.680996,-0.365649
17.735058,1.187754,-0.078805,-0.344461,-1.302844,1.131385,1.030390,-0.545189,0.405471,-0.461690,0.200585,-0.125530,0.300899,0.632675,-0.267123,-1.466559,-0.052742,1.563168,-1.813880,1.029500,3.102262,-0.244310,0.258189,0.143934,-0.325832,-0.014835,0.880015,0.679202,-0.366186
17.736116,1.182393,-0.080292,-0.342352,-1.303901,1.133050,1.031675,-0.544950,0.426181,-0.470649,0.218765,-0.109898,0.299969,0.631927,-0.267178,-1.466302,-0.052610,1.562842,-1.813893,1.030377,3.102945,-0.244677,0.256696,0.141244,-0.327370,-0.014749,0.880026,0.679788,-0.366262
17.736938,1.178744,-0.082653,-0.341095,-1.302540,1.131375,1.032966,-0.545274,0.447050,-0.477470,0.237228,-0.095842,0.299184,0.631012,-0.267223,-1.466039,-0.052466,1.562511,-1.813906,1.031255,3.103624,-0.245049,0.259924,0.141705,-0.328059,-0.014335,0.878881,0.678740,-0.367031
17.738074,1.179520,-0.083870,-0.344712,-1.299257,1.132128,1.032563,-0.545102,0.463901,-0.479686,0.251799,-0.083636,0.298884,0.630183,-0.267251,-1.465774,-0.052325,1.562186,-1.813925,1.032126,3.104294,-0.245411,0.261385,0.142286,-0.327580,-0.016008,0.879077,0.676783,-0.366292
17.739075,1.174631,-0.081295,-0.340966,-1.301547,1.130774,1.031570,-0.547216,0.473384,-0.476135,0.258961,-0.070703,0.299231,0.629889,-0.267265,-1.465509,-0.052180,1.561861,-1.813950,1.033010,3.104972,-0.245782,0.261735,0.142667,-0.325744,-0.019735,0.879482,0.677797,-0.367069
17.739982,1.170730,-0.081667,-0.337562,-1.304412,1.126454,1.034051,-0.545331,0.473842,-0.466098,0.256976,-0.055445,0.300366,0.630278,-0.267239,-1.465243,-0.052039,1.561528,-1.813964,1.033887,3.105644,-0.246138,0.264468,0.141011,-0.327065,-0.017963,0.880877,0.678850,-0.363046
17.741044,1.174673,-0.084062,-0.334688,-1.304964,1.121786,1.034029,-0.545959,0.464588,-0.448823,0.245388,-0.040972,0.302615,0.631097,-0.267131,-1.464971,-0.051899,1.561202,-1.813976,1.034782,3.106317,-0.246507,0.266276,0.140736,-0.327954,-0.015612,0.884241,0.676006,-0.366934
17.742033,1.171934,-0.088365,-0.336690,-1.306389,1.118301,1.031152,-0.545368,0.449829,-0.427776,0.228644,-0.030261,0.305916,0.631930,-0.266923,-1.464711,-0.051756,1.560869,-1.813991,1.035685,3.106995,-0.246873,0.264823,0.141643,-0.329029,-0.015684,0.889237,0.676336,-0.365945
17.742954,1.176101,-0.092280,-0.333249,-1.307947,1.118393,1.028855,-0.544483,0.435686,-0.408640,0.212894,-0.023213,0.309792,0.632534,-0.266591,-1.464440,-0.051610,1.560546,-1.814004,1.036574,3.107670,-0.247239,0.266393,0.143369,-0.327501,-0.014840,0.892505,0.679234,-0.367342
17.744007,1.179218,-0.098553,-0.334836,-1.308077,1.108792,1.028826,-0.542651,0.425552,-0.394953,0.201531,-0.019688,0.313851,0.632852,-0.266130,-1.464178,-0.051464,1.560214,-1.814015,1.037471,3.108358,-0.247612,0.264315,0.144806,-0.328406,-0.013845,0.891490,0.681158,-0.369166
17.745000,1.177754,-0.097075,-0.327578,-1.309634,1.108812,1.024123,-0.541181,0.423749,-0.390731,0.198816,-0.019208,0.317565,0.632836,-0.265601,-1.463917,-0.051311,1.559885,-1.814031,1.038393,3.109038,-0.247999,0.263266,0.147527,-0.327244,-0.014290,0.901240,0.681397,-0.373066
17.745969,1.175710,-0.101273,-0.320524,-1.309640,1.111069,1.018523,-0.541941,0.432931,-0.398053,0.207256,-0.020739,0.320435,0.632477,-0.265093,-1.463651,-0.051168,1.559554,-1.814042,1.039286,3.109730,-0.248377,0.264263,0.146351,-0.330334,-0.013351,0.900921,0.686055,-0.376148
17.747091,1.177798,-0.097042,-0.326726,-1.308615,1.107209,1.018756,-0.539257,0.452478,-0.415581,0.226158,-0.024418,0.322346,0.631674,-0.264631,-1.463381,-0.051015,1.559216,-1.814058,1.040187,3.110439,-0.248752,0.265387,0.147938,-0.333105,-0.013862,0.898151,0.691374,-0.374705
17.747955,1.177615,-0.093131,-0.326167,-1.310137,1.101343,1.015808,-0.536642,0.478137,-0.439258,0.251239,-0.029453,0.323457,0.630601,-0.264241,-1.463117,-0.050875,1.558893,-1.814077,1.041089,3.111127,-0.249146,0.265044,0.145596,-0.329910,-0.015444,0.902930,0.691556,-0.380445
17.748964,1.172450,-0.088902,-0.319077,-1.309375,1.102651,1.013536,-0.535437,0.500678,-0.460989,0.273252,-0.034432,0.324195,0.629841,-0.264008,-1.462852,-0.050736,1.558563,-1.814090,1.042007,3.111824,-0.249541,0.264938,0.143126,-0.329195,-0.014381,0.907208,0.693876,-0.385535
17.750042,1.175331,-0.084069,-0.319534,-1.310734,1.102907,1.013904,-0.535504,0.513867,-0.474604,0.285983,-0.039492,0.324902,0.629609,-0.263957,-1.462579,-0.050599,1.558223,-1.814109,1.042915,3.112525,-0.249936,0.267766,0.140714,-0.332140,-0.015609,0.905626,0.696063,-0.388028
17.751021,1.179722,-0.086857,-0.319631,-1.308487,1.105268,1.016964,-0.534626,0.516917,-0.478516,0.288712,-0.045070,0.325636,0.629756,-0.264046,-1.462313,-0.050465,1.557896,-1.814123,1.043821,3.113215,-0.250325,0.266811,0.138124,-0.331646,-0.014861,0.905817,0.695948,-0.388120
17.752003,1.171888,-0.088573,-0.319489,-1.309010,1.106934,1.018596,-0.532828,0.512507,-0.474879,0.284180,-0.050298,0.326170,0.630171,-0.264257,-1.462050,-0.050321,1.557566,-1.814145,1.044722,3.113908,-0.250722,0.264839,0.139130,-0.330972,-0.017518,0.903018,0.692703,-0.389944
17.753085,1.172821,-0.095313,-0.315771,-1.306490,1.111274,1.018511,-0.534424,0.502909,-0.466720,0.274534,-0.053445,0.326305,0.630988,-0.264603,-1.461775,-0.050177,1.557234,-1.814162,1.045610,3.114587,-0.251129,0.268908,0.139566,-0.330411,-0.017437,0.901113,0.691026,-0.393570
17.753961,1.173780,-0.090929,-0.315577,-1.306444,1.114953,1.022427,-0.533250,0.489215,-0.456449,0.260662,-0.053342,0.326029,0.632331,-0.265041,-1.461502,-0.050030,1.556900,-1.814187,1.046502,3.115284,-0.251509,0.268866,0.142651,-0.331989,-0.020360,0.897349,0.691378,-0.390605
17.754948,1.174534,-0.096474,-0.313929,-1.309003,1.112098,1.026566,-0.533234,0.474562,-0.447072,0.245628,-0.049334,0.325326,0.634050,-0.265467,-1.461239,-0.049896,1.556569,-1.814209,1.047399,3.115971,-0.251910,0.268242,0.139953,-0.331074,-0.020653,0.892392,0.686877,-0.392863
17.756007,1.176800,-0.101092,-0.304822,-1.308097,1.114751,1.025592,-0.533709,0.460703,-0.439530,0.231335,-0.042783,0.324392,0.635905,-0.265827,-1.460970,-0.049748,1.556240,-1.814223,1.048288,3.116640,-0.252300,0.268053,0.142322,-0.331339,-0.018613,0.895103,0.682760,-0.392968
17.756997,1.181501,-0.096433,-0.302778,-1.308809,1.115323,1.030026,-0.534401,0.458377,-0.447960,0.228415,-0.028642,0.320904,0.637809,-0.266244,-1.460443,-0.049465,1.555557,-1.814266,1.050065,3.117988,-0.253086,0.265312,0.141593,-0.335712,-0.019649,0.892099,0.679595,-0.390905
17.757978,1.184916,-0.094671,-0.307625,-1.308230,1.113635,1.033401,-0.535944,0.472936,-0.464804,0.242883,-0.021029,0.318056,0.637554,-0.266331,-1.460183,-0.049329,1.555233,-1.814288,1.050958,3.118659,-0.253469,0.263878,0.140402,-0.332718,-0.020596,0.893502,0.676215,-0.387913
17.759076,1.188125,-0.097524,-0.306872,-1.308719,1.109737,1.035599,-0.534218,0.472936,-0.464804,0.242883,-0.021029,0.318056,0.637554,-0.266331,-1.460183,-0.049329,1.555233,-1.814288,1.050958,3.118659,-0.253469,0.263878,0.140402,-0.332718,-0.020596,0.893502,0.676215,-0.387913
17.760031,1.186694,-0.094951,-0.299881,-1.307983,1.117042,1.035888,-0.536463,0.508695,-0.502252,0.278758,-0.002972,0.311011,0.636841,-0.266608,-1.459655,-0.049048,1.554559,-1.814334,1.052737,3.119993,-0.254246,0.263772,0.139896,-0.335571,-0.021593,0.890259,0.674157,-0.387190
17.761104,1.189543,-0.098465,-0.301566,-1.308465,1.118332,1.038779,-0.535254,0.508695,-0.502252,0.278758,-0.002972,0.311011,0.636841,-0.266608,-1.459655,-0.049048,1.554559,-1.814334,1.052737,3.119993,-0.254246,0.263772,0.139896,-0.335571,-0.021593,0.890259,0.674157,-0.387190
17.762059,1.192533,-0.098309,-0.300485,-1.307433,1.116725,1.042711,-0.534081,0.528929,-0.522157,0.299032,0.006923,0.306803,0.636620,-0.266822,-1.459393,-0.048906,1.554226,-1.814356,1.053632,3.120662,-0.254643,0.262897,0.141411,-0.334359,-0.021547,0.889522,0.671617,-0.389886
17.763063,1.191344,-0.098240,-0.299889,-1.307842,1.118671,1.041026,-0.535573,0.549748,-0.542511,0.319855,0.017278,0.302280,0.636699,-0.267097,-1.459138,-0.048764,1.553891,-1.814381,1.054517,3.121321,-0.255043,0.261633,0.140889,-0.334155,-0.022859,0.890702,0.667624,-0.392227
17.763993,1.188708,-0.097016,-0.299674,-1.308371,1.116236,1.041319,-0.536129,0.569526,-0.562299,0.339541,0.028390,0.297615,0.637236,-0.267441,-1.458873,-0.048624,1.553560,-1.814402,1.055400,3.121996,-0.255427,0.262540,0.140517,-0.333910,-0.022836,0.888714,0.669424,-0.389334
17.764978,1.189802,-0.096960,-0.302105,-1.308853,1.117576,1.040635,-0.537410,0.584095,-0.578036,0.353943,0.039297,0.293241,0.638298,-0.267824,-1.458608,-0.048489,1.553225,-1.814423,1.056301,3.122673,-0.255815,0.263892,0.139522,-0.333168,-0.022637,0.890356,0.668850,-0.388245
17.765939,1.190688,-0.095092,-0.299833,-1.310062,1.113893,1.042261,-0.537268,0.589098,-0.586260,0.358830,0.048707,0.289643,0.639942,-0.268209,-1.458346,-0.048349,1.552893,-1.814444,1.057184,3.123340,-0.256192,0.263594,0.139124,-0.331318,-0.022538,0.888812,0.669575,-0.385810
17.766981,1.191554,-0.093840,-0.299926,-1.310118,1.113038,1.038012,-0.538378,0.584058,-0.586552,0.353822,0.055803,0.287032,0.642061,-0.268576,-1.458080,-0.048214,1.552561,-1.814466,1.058084,3.124006,-0.256582,0.263283,0.137847,-0.331781,-0.021681,0.891996,0.667864,-0.386169
17.768022,1.192903,-0.092934,-0.301059,-1.310063,1.117051,1.038349,-0.539387,0.571615,-0.580734,0.341602,0.060146,0.285348,0.644356,-0.268894,-1.457822,-0.048079,1.552230,-1.814488,1.058988,3.124688,-0.256964,0.263352,0.136993,-0.331310,-0.022047,0.892943,0.672339,-0.384142
17.768971,1.200901,-0.094024,-0.300398,-1.310343,1.111834,1.038807,-0.539324,0.553516,-0.570069,0.323913,0.062027,0.284536,0.646651,-0.269112,-1.457558,-0.047944,1.551903,-1.814510,1.059864,3.125353,-0.257339,0.263107,0.136309,-0.330374,-0.022512,0.889278,0.672230,-0.382370
17.770098,1.196107,-0.095988,-0.299397,-1.312453,1.114111,1.034413,-0.540286,0.533083,-0.557392,0.304028,0.062232,0.284416,0.648851,-0.269215,-1.457304,-0.047805,1.551573,-1.814533,1.060770,3.126027,-0.257724,0.259292,0.136469,-0.329985,-0.022520,0.893864,0.671600,-0.382562
17.771050,1.196573,-0.099486,-0.295042,-1.313086,1.114836,1.032375,-0.542896,0.514787,-0.546619,0.286397,0.060553,0.284706,0.650763,-0.269223,-1.457038,-0.047665,1.551240,-1.814551,1.061654,3.126700,-0.258103,0.262460,0.137279,-0.330348,-0.020984,0.892596,0.676622,-0.380993
17.772003,1.198192,-0.100367,-0.296945,-1.315872,1.112959,1.029102,-0.542656,0.499902,-0.539270,0.272329,0.055686,0.285342,0.652288,-0.269139,-1.456775,-0.047523,1.550907,-1.814570,1.062547,3.127383,-0.258470,0.262333,0.138593,-0.331792,-0.020771,0.891312,0.678427,-0.375862
17.772953,1.200616,-0.101489,-0.301834,-1.315605,1.112996,1.029474,-0.543585,0.488926,-0.536030,0.262402,0.046597,0.286287,0.653410,-0.268974,-1.456516,-0.047383,1.550581,-1.814584,1.063450,3.128078,-0.258842,0.261704,0.138621,-0.330157,-0.018488,0.892566,0.681441,-0.376505
17.774081,1.207540,-0.105166,-0.297345,-1.316986,1.115921,1.022525,-0.543762,0.479915,-0.535361,0.254746,0.033269,0.287560,0.654371,-0.268778,-1.456258,-0.047244,1.550264,-1.814604,1.064335,3.128760,-0.259207,0.260682,0.138782,-0.327136,-0.019165,0.892017,0.680832,-0.374756
17.775055,1.205820,-0.104172,-0.303589,-1.318025,1.120729,1.020632,-0.543218,0.473317,-0.537559,0.249744,0.016852,0.288935,0.655261,-0.268568,-1.456003,-0.047101,1.549930,-1.814621,1.065225,3.129462,-0.259581,0.258030,0.140421,-0.329272,-0.018388,0.890089,0.688260,-0.374809
17.775958,1.204125,-0.105430,-0.298738,-1.314307,1.121732,1.015669,-0.544845,0.471294,-0.544054,0.249455,-0.002100,0.290130,0.655871,-0.268341,-1.455744,-0.046963,1.549607,-1.814638,1.066091,3.130151,-0.259960,0.259185,0.139541,-0.325554,-0.017824,0.885157,0.689948,-0.376024
17.777024,1.209029,-0.108012,-0.302823,-1.317839,1.124223,1.011090,-0.545045,0.469321,-0.550955,0.249235,-0.022003,0.291253,0.656510,-0.268122,-1.455482,-0.046826,1.549278,-1.814668,1.066979,3.130859,-0.260327,0.260012,0.139738,-0.327168,-0.021681,0.883245,0.694384,-0.372768
17.778019,1.211678,-0.106029,-0.305993,-1.315810,1.125546,1.008568,-0.545449,0.465497,-0.556703,0.247121,-0.040826,0.292263,0.657358,-0.267928,-1.455227,-0.046683,1.548959,-1.814681,1.067859,3.131570,-0.260699,0.258155,0.140743,-0.324895,-0.018736,0.881326,0.699061,-0.372699
17.778996,1.210627,-0.106168,-0.306423,-1.315991,1.127831,1.006939,-0.545712,0.452487,-0.564025,0.237569,-0.075199,0.294135,0.659100,-0.267647,-1.454713,-0.046408,1.548318,-1.814726,1.069609,3.132981,-0.261446,0.258033,0.139140,-0.322151,-0.021298,0.877541,0.702774,-0.371670
17.780028,1.209640,-0.104839,-0.302834,-1.316623,1.124531,1.013055,-0.546005,0.452487,-0.564025,0.237569,-0.075199,0.294135,0.659100,-0.267647,-1.454713,-0.046408,1.548318,-1.814726,1.069609,3.132981,-0.261446,0.258033,0.139140,-0.322151,-0.021298,0.877541,0.702774,-0.371670
17.780940,1.213098,-0.102666,-0.300454,-1.316707,1.123493,1.011125,-0.546154,0.439072,-0.561616,0.225690,-0.089183,0.295453,0.660180,-0.267536,-1.454456,-0.046269,1.547989,-1.814747,1.070499,3.133675,-0.261815,0.259003,0.138185,-0.323546,-0.021101,0.881080,0.696646,-0.371339
17.781959,1.218150,-0.100277,-0.301021,-1.319328,1.125338,1.015892,-0.544542,0.422641,-0.555939,0.210656,-0.100906,0.297120,0.661259,-0.267395,-1.454202,-0.046137,1.547667,-1.814768,1.071375,3.134369,-0.262181,0.257352,0.136722,-0.323978,-0.021338,0.881352,0.698221,-0.371105
17.783008,1.218737,-0.098909,-0.295201,-1.319323,1.123447,1.015217,-0.546044,0.406574,-0.548958,0.195960,-0.111411,0.299167,0.661976,-0.267189,-1.453949,-0.046004,1.547344,-1.814783,1.072255,3.135061,-0.262565,0.255304,0.135295,-0.323290,-0.019245,0.879631,0.693402,-0.374533
17.783997,1.218485,-0.100382,-0.297111,-1.320046,1.117085,1.019187,-0.546662,0.393360,-0.542142,0.184141,-0.122061,0.301688,0.662043,-0.266878,-1.453697,-0.045869,1.547014,-1.814802,1.073134,3.135753,-0.262934,0.255633,0.134392,-0.325852,-0.019772,0.882006,0.694274,-0.371746
17.784976,1.219523,-0.104955,-0.295538,-1.320425,1.116017,1.016153,-0.547235,0.383876,-0.536471,0.175992,-0.132448,0.304636,0.661456,-0.266431,-1.453439,-0.045736,1.546695,-1.814821,1.074036,3.136434,-0.263300,0.256083,0.134865,-0.324413,-0.019490,0.888078,0.690217,-0.370721
17.786001,1.220241,-0.104496,-0.293273,-1.324091,1.111732,1.018964,-0.547826,0.377867,-0.532834,0.171160,-0.141528,0.307885,0.660323,-0.265856,-1.453183,-0.045596,1.546372,-1.814840,1.074933,3.137133,-0.263666,0.255870,0.136796,-0.324678,-0.019545,0.888727,0.693131,-0.369748
17.787020,1.223840,-0.104003,-0.298981,-1.325307,1.109403,1.024685,-0.546436,0.376232,-0.532674,0.170609,-0.150178,0.311312,0.658472,-0.265185,-1.452926,-0.045461,1.546050,-1.814849,1.075829,3.137807,-0.264029,0.255974,0.136292,-0.325449,-0.016538,0.893106,0.690414,-0.368830
17.787978,1.224337,-0.101189,-0.299163,-1.326805,1.101951,1.029048,-0.546654,0.377394,-0.534658,0.172924,-0.160211,0.314960,0.655865,-0.264477,-1.452671,-0.045327,1.545734,-1.814863,1.076737,3.138487,-0.264406,0.254621,0.135797,-0.322247,-0.015951,0.895289,0.684749,-0.371847
17.788997,1.222980,-0.104121,-0.304280,-1.327206,1.101928,1.032963,-0.546935,0.376202,-0.534444,0.172980,-0.171746,0.318942,0.652918,-0.263806,-1.452418,-0.045195,1.545410,-1.814875,1.077638,3.139148,-0.264782,0.254658,0.134073,-0.321570,-0.015017,0.902201,0.680354,-0.371479
17.789976,1.219667,-0.101303,-0.296537,-1.326595,1.101856,1.035654,-0.547136,0.368173,-0.528595,0.166188,-0.183717,0.323242,0.650127,-0.263237,-1.452161,-0.045059,1.545099,-1.814891,1.078547,3.139824,-0.265154,0.255793,0.135292,-0.318737,-0.015161,0.902031,0.676560,-0.371135
17.791028,1.224578,-0.101886,-0.299616,-1.327801,1.096545,1.039113,-0.548096,0.351931,-0.516324,0.151032,-0.194833,0.327748,0.647851,-0.262785,-1.451899,-0.044929,1.544770,-1.814907,1.079462,3.140499,-0.265525,0.257686,0.133601,-0.322063,-0.016281,0.901548,0.673833,-0.370887
17.792070,1.225863,-0.097054,-0.298215,-1.327633,1.091512,1.035154,-0.547618,0.330591,-0.499891,0.130563,-0.204106,0.332159,0.646142,-0.262422,-1.451649,-0.044795,1.544457,-1.814922,1.080374,3.141161,-0.265890,0.255826,0.133704,-0.320307,-0.015642,0.907046,0.670702,-0.369254
17.793089,1.228609,-0.095943,-0.300284,-1.329811,1.091364,1.036585,-0.547226,0.307924,-0.481661,0.108600,-0.211473,0.336125,0.644827,-0.262121,-1.451393,-0.044671,1.544133,-1.814940,1.081301,3.141843,-0.266264,0.255729,0.131158,-0.320705,-0.016350,0.911970,0.674903,-0.370485
17.793971,1.226737,-0.100140,-0.296414,-1.328753,1.091943,1.036713,-0.545854,0.284715,-0.461518,0.086015,-0.217799,0.339533,0.643735,-0.261876,-1.451142,-0.044540,1.543814,-1.814949,1.082204,3.142509,-0.266637,0.254868,0.130413,-0.319306,-0.014853,0.912002,0.673596,-0.371480
17.795055,1.229111,-0.101000,-0.296305,-1.330117,1.096039,1.039132,-0.544652,0.261834,-0.440336,0.063709,-0.223794,0.342277,0.642788,-0.261717,-1.450885,-0.044406,1.543494,-1.814967,1.083115,3.143178,-0.267013,0.255782,0.132103,-0.320442,-0.016301,0.910045,0.673063,-0.374215
17.796037,1.232088,-0.104051,-0.290328,-1.330488,1.099557,1.037219,-0.543664,0.241942,-0.421320,0.044329,-0.229146,0.344104,0.641955,-0.261689,-1.450629,-0.044274,1.543177,-1.814978,1.084024,3.143851,-0.267395,0.255254,0.132382,-0.320376,-0.015636,0.906368,0.671031,-0.376904
17.796971,1.227043,-0.104102,-0.289695,-1.328456,1.101769,1.037381,-0.544083,0.228923,-0.408153,0.031830,-0.234036,0.344808,0.640996,-0.261819,-1.450381,-0.044136,1.542847,-1.814993,1.084910,3.144518,-0.267780,0.254169,0.133575,-0.322781,-0.015790,0.902624,0.672997,-0.378978
17.797991,1.232427,-0.103106,-0.288505,-1.327258,1.109502,1.039166,-0.542675,0.223971,-0.401996,0.027418,-0.238064,0.344394,0.639802,-0.262093,-1.450119,-0.044007,1.542527,-1.815017,1.085809,3.145193,-0.268156,0.256814,0.133282,-0.322429,-0.018118,0.899640,0.672583,-0.378170
17.799089,1.231552,-0.099330,-0.290802,-1.326851,1.106070,1.038528,-0.543581,0.222560,-0.397829,0.026772,-0.236773,0.341569,0.638039,-0.262893,-1.449611,-0.043750,1.541891,-1.815059,1.087588,3.146535,-0.268930,0.255770,0.130622,-0.321464,-0.020616,0.896240,0.672060,-0.379615
17.800085,1.231962,-0.096091,-0.282667,-1.326745,1.105878,1.037917,-0.542828,0.222560,-0.397829,0.026772,-0.236773,0.341569,0.638039,-0.262893,-1.449611,-0.043750,1.541891,-1.815059,1.087588,3.146535,-0.268930,0.255770,0.130622,-0.321464,-0.020616,0.896240,0.672060,-0.379615
17.801042,1.235006,-0.095860,-0.285039,-1.331050,1.110169,1.037304,-0.542198,0.220080,-0.393626,0.024555,-0.230771,0.339776,0.637695,-0.263324,-1.449353,-0.043624,1.541559,-1.815080,1.088489,3.147217,-0.269313,0.255901,0.128821,-0.324992,-0.021108,0.896137,0.672651,-0.381289
17.801991,1.226841,-0.101105,-0.284744,-1.331572,1.105537,1.036577,-0.542919,0.216776,-0.387176,0.021589,-0.224046,0.337952,0.637324,-0.263735,-1.449104,-0.043497,1.541237,-1.815090,1.089366,3.147884,-0.269702,0.254681,0.128476,-0.323165,-0.017371,0.891449,0.673174,-0.382589
17.802943,1.226902,-0.104511,-0.289027,-1.330959,1.107668,1.030716,-0.543393,0.211744,-0.378222,0.017098,-0.220017,0.336361,0.636808,-0.264150,-1.448838,-0.043362,1.540916,-1.815107,1.090272,3.148562,-0.270082,0.258910,0.130764,-0.322718,-0.017341,0.895448,0.673715,-0.381191
17.804090,1.231288,-0.110926,-0.284045,-1.329600,1.109660,1.029448,-0.543037,0.201502,-0.365611,0.007516,-0.218497,0.335069,0.636496,-0.264620,-1.448582,-0.043228,1.540600,-1.815128,1.091166,3.149253,-0.270460,0.259057,0.132120,-0.320007,-0.018317,0.892679,0.679378,-0.380330
17.805025,1.229342,-0.110304,-0.280742,-1.329988,1.113869,1.025810,-0.544183,0.189703,-0.353429,-0.003718,-0.216728,0.333589,0.636380,-0.265156,-1.448325,-0.043084,1.540274,-1.815152,1.092063,3.149933,-0.270841,0.257720,0.135152,-0.322553,-0.020150,0.891818,0.681221,-0.381456
17.806024,1.232106,-0.111797,-0.280017,-1.328132,1.111872,1.025151,-0.543913,0.184447,-0.348158,-0.008656,-0.213091,0.331365,0.636041,-0.265711,-1.448064,-0.042949,1.539950,-1.815174,1.092939,3.150628,-0.271216,0.258815,0.134427,-0.323497,-0.020061,0.887028,0.684530,-0.379194
17.807125,1.233503,-0.112305,-0.282629,-1.329363,1.115207,1.025042,-0.545019,0.187370,-0.350434,-0.005684,-0.207223,0.328372,0.635351,-0.266238,-1.447808,-0.042814,1.539625,-1.815201,1.093820,3.151304,-0.271601,0.257795,0.134895,-0.323364,-0.022202,0.889072,0.685189,-0.379897
17.808085,1.231903,-0.108967,-0.280214,-1.328454,1.111882,1.025939,-0.545061,0.195505,-0.357508,0.002248,-0.198970,0.324903,0.634468,-0.266715,-1.447547,-0.042679,1.539306,-1.815218,1.094698,3.151995,-0.271972,0.257786,0.134999,-0.321982,-0.021515,0.886591,0.685655,-0.378016
17.809028,1.234893,-0.110918,-0.279193,-1.330751,1.112815,1.027922,-0.546999,0.204531,-0.365596,0.010871,-0.188927,0.321370,0.633610,-0.267134,-1.447286,-0.042549,1.538982,-1.815243,1.095600,3.152684,-0.272352,0.258776,0.133028,-0.322590,-0.022715,0.889387,0.684533,-0.378039
17.810044,1.236262,-0.110550,-0.280688,-1.331915,1.111347,1.025131,-0.547194,0.211786,-0.372018,0.017656,-0.178423,0.318111,0.632875,-0.267499,-1.447033,-0.042414,1.538664,-1.815261,1.096481,3.153363,-0.272715,0.257481,0.133673,-0.322508,-0.020817,0.887895,0.682329,-0.374253
17.810941,1.242863,-0.110589,-0.278759,-1.331547,1.109667,1.025730,-0.546861,0.218146,-0.377227,0.023660,-0.169469,0.315254,0.632111,-0.267834,-1.446775,-0.042283,1.538346,-1.815281,1.097369,3.154052,-0.273090,0.257218,0.133253,-0.321398,-0.020106,0.889445,0.685189,-0.374099
17.812105,1.245411,-0.110124,-0.280470,-1.332037,1.112042,1.023712,-0.547293,0.225664,-0.382652,0.031006,-0.162965,0.312751,0.631112,-0.268167,-1.446530,-0.042150,1.538020,-1.815302,1.098254,3.154740,-0.273467,0.254054,0.132882,-0.321534,-0.020773,0.890154,0.684094,-0.374765
17.813007,1.247258,-0.117359,-0.277510,-1.331477,1.109823,1.026304,-0.546073,0.236620,-0.389849,0.041910,-0.158089,0.310448,0.629747,-0.268517,-1.446277,-0.042020,1.537702,-1.815324,1.099146,3.155425,-0.273839,0.253792,0.132644,-0.320825,-0.020815,0.889074,0.686802,-0.374349
17.813989,1.253652,-0.113760,-0.275845,-1.333442,1.110494,1.027395,-0.546078,0.252740,-0.400692,0.057987,-0.153856,0.308191,0.627962,-0.268877,-1.446026,-0.041878,1.537380,-1.815347,1.100042,3.156100,-0.274220,0.252965,0.135792,-0.321536,-0.021652,0.890290,0.683796,-0.376805
17.815002,1.252681,-0.115498,-0.278545,-1.334134,1.114378,1.031170,-0.546631,0.276185,-0.417421,0.081339,-0.150032,0.305827,0.625614,-0.269201,-1.445781,-0.041748,1.537056,-1.815363,1.100940,3.156774,-0.274593,0.250206,0.133685,-0.321832,-0.020144,0.889245,0.682694,-0.376921
17.816021,1.252897,-0.113116,-0.273187,-1.335020,1.114326,1.037291,-0.548084,0.304816,-0.437947,0.109903,-0.147761,0.303597,0.622706,-0.269447,-1.445528,-0.041613,1.536742,-1.815382,1.101809,3.157445,-0.274973,0.251195,0.134311,-0.320159,-0.019938,0.885560,0.679010,-0.375980
17.816981,1.258082,-0.115288,-0.281386,-1.337102,1.113378,1.040764,-0.547742,0.332619,-0.457268,0.137708,-0.147725,0.301933,0.619644,-0.269619,-1.445278,-0.041481,1.536416,-1.815400,1.102700,3.158112,-0.275342,0.251598,0.132877,-0.322442,-0.019544,0.885688,0.673034,-0.373285
17.818057,1.255625,-0.115943,-0.280429,-1.335253,1.116530,1.045045,-0.549030,0.356209,-0.472844,0.161363,-0.149948,0.301000,0.616831,-0.269732,-1.445031,-0.041348,1.536108,-1.815413,1.103579,3.158769,-0.275720,0.249328,0.133676,-0.317851,-0.017997,0.886295,0.669567,-0.374100
17.819041,1.260253,-0.116459,-0.280146,-1.336804,1.116513,1.046636,-0.548814,0.373073,-0.483169,0.178302,-0.153690,0.300811,0.614691,-0.269811,-1.444776,-0.041213,1.535789,-1.815438,1.104456,3.159432,-0.276086,0.251264,0.133806,-0.318224,-0.020253,0.883808,0.665710,-0.371834
17.819994,1.256125,-0.121416,-0.281317,-1.335316,1.119466,1.048170,-0.549267,0.382937,-0.488393,0.188105,-0.157451,0.301178,0.613524,-0.269881,-1.444531,-0.041079,1.535470,-1.815455,1.105335,3.160090,-0.276460,0.249372,0.133767,-0.317900,-0.019149,0.883705,0.664223,-0.372444
17.821057,1.258534,-0.120554,-0.278749,-1.336370,1.121448,1.044606,-0.550295,0.387935,-0.490437,0.192804,-0.160508,0.301798,0.613373,-0.269952,-1.444274,-0.040939,1.535158,-1.815479,1.106211,3.160754,-0.276825,0.251685,0.135863,-0.316814,-0.020949,0.880339,0.662601,-0.371657
17.822044,1.253533,-0.121205,-0.277815,-1.336013,1.123276,1.043538,-0.550884,0.389255,-0.490537,0.193564,-0.162625,0.302456,0.614201,-0.270033,-1.444027,-0.040805,1.534838,-1.815496,1.107090,3.161428,-0.277193,0.251158,0.135211,-0.317912,-0.020426,0.878938,0.666523,-0.369899
17.823151,1.252160,-0.123429,-0.282083,-1.337140,1.127729,1.041893,-0.551742,0.387250,-0.488546,0.190832,-0.164260,0.303094,0.615799,-0.270143,-1.443767,-0.040672,1.534522,-1.815518,1.107956,3.162092,-0.277560,0.253981,0.135267,-0.317942,-0.021161,0.877125,0.667619,-0.368912
17.824075,1.257957,-0.122425,-0.279220,-1.338470,1.125081,1.044098,-0.553054,0.379352,-0.482224,0.182171,-0.166177,0.303948,0.618118,-0.270312,-1.443507,-0.040534,1.534210,-1.815538,1.108828,3.162771,-0.277925,0.255357,0.136210,-0.315831,-0.020543,0.873663,0.669728,-0.367589
17.824995,1.253807,-0.125357,-0.279940,-1.339439,1.125967,1.038345,-0.553399,0.365320,-0.471411,0.167459,-0.169101,0.305181,0.621025,-0.270508,-1.443259,-0.040399,1.533891,-1.815556,1.109697,3.163424,-0.278285,0.252639,0.135304,-0.316621,-0.019600,0.875803,0.667338,-0.365057
17.825978,1.258856,-0.120458,-0.277971,-1.339271,1.127972,1.036940,-0.554896,0.349220,-0.458994,0.150848,-0.173754,0.306722,0.624069,-0.270669,-1.442999,-0.040263,1.533579,-1.815575,1.110569,3.164109,-0.278645,0.254821,0.136384,-0.315634,-0.019025,0.874243,0.672821,-0.364487
17.827073,1.260553,-0.116630,-0.277895,-1.337984,1.124370,1.037804,-0.554353,0.332594,-0.445684,0.133906,-0.180125,0.308691,0.626949,-0.270751,-1.442751,-0.040134,1.533260,-1.815596,1.111446,3.164789,-0.278995,0.252671,0.133657,-0.316163,-0.019588,0.872106,0.674131,-0.361714
17.828006,1.254045,-0.118667,-0.280406,-1.341361,1.118731,1.037551,-0.555916,0.315627,-0.430669,0.116761,-0.186661,0.311208,0.629591,-0.270730,-1.442498,-0.040005,1.532940,-1.815620,1.112325,3.165459,-0.279360,0.252598,0.131660,-0.316100,-0.021284,0.876618,0.673709,-0.363215
17.829013,1.254159,-0.121384,-0.277812,-1.343376,1.117045,1.038921,-0.556791,0.296033,-0.411897,0.097044,-0.192337,0.314438,0.632196,-0.270618,-1.442236,-0.039872,1.532631,-1.815634,1.113220,3.166136,-0.279713,0.255967,0.132363,-0.314311,-0.018378,0.881517,0.673719,-0.360195
17.830023,1.261780,-0.122250,-0.280231,-1.345062,1.114627,1.033593,-0.557513,0.271279,-0.388277,0.072263,-0.198792,0.318620,0.634954,-0.270435,-1.441980,-0.039735,1.532313,-1.815649,1.114108,3.166816,-0.280071,0.256280,0.133416,-0.315256,-0.016918,0.883138,0.672375,-0.358714
17.830978,1.257871,-0.126016,-0.273183,-1.346465,1.110058,1.031733,-0.556728,0.246042,-0.364060,0.047177,-0.207524,0.323482,0.637595,-0.270188,-1.441729,-0.039601,1.532004,-1.815663,1.114996,3.167502,-0.280422,0.252909,0.133582,-0.313756,-0.015823,0.885560,0.677785,-0.357560
17.831995,1.258465,-0.131320,-0.274284,-1.347575,1.105826,1.025426,-0.558125,0.219656,-0.334708,0.021502,-0.231116,0.332736,0.641169,-0.269568,-1.441212,-0.039321,1.531366,-1.815692,1.116803,3.168878,-0.281140,0.255210,0.137415,-0.315820,-0.014405,0.893646,0.685777,-0.356749
17.833018,1.256303,-0.134011,-0.270646,-1.345617,1.104408,1.024106,-0.557342,0.219656,-0.334708,0.021502,-0.231116,0.332736,0.641169,-0.269568,-1.441212,-0.039321,1.531366,-1.815692,1.116803,3.168878,-0.281140,0.255210,0.137415,-0.315820,-0.014405,0.893646,0.685777,-0.356749
17.834041,1.250389,-0.135378,-0.276169,-1.346300,1.107636,1.020424,-0.558645,0.221795,-0.333627,0.023927,-0.243469,0.336184,0.642180,-0.269241,-1.440949,-0.039183,1.531048,-1.815713,1.117696,3.169570,-0.281494,0.256688,0.138447,-0.317343,-0.016816,0.895104,0.687078,-0.358657
17.835076,1.254848,-0.134100,-0.274863,-1.347406,1.100546,1.019282,-0.556821,0.228084,-0.337640,0.030258,-0.253452,0.338811,0.643307,-0.268936,-1.440686,-0.039043,1.530738,-1.815729,1.118591,3.170273,-0.281850,0.260036,0.138818,-0.314306,-0.016638,0.891870,0.690748,-0.356296
17.836087,1.250147,-0.130002,-0.269381,-1.348628,1.100427,1.018220,-0.558686,0.231109,-0.340608,0.033145,-0.261223,0.341045,0.644980,-0.268707,-1.440427,-0.038906,1.530426,-1.815745,1.119492,3.170963,-0.282214,0.258222,0.137901,-0.314786,-0.016078,0.899152,0.691959,-0.360285
17.836991,1.251178,-0.128886,-0.264940,-1.346449,1.102742,1.017453,-0.560506,0.230154,-0.340667,0.031992,-0.268247,0.342980,0.646988,-0.268585,-1.440159,-0.038774,1.530104,-1.815759,1.120396,3.171665,-0.282564,0.260904,0.135602,-0.317136,-0.015425,0.899051,0.692946,-0.356771
17.838103,1.255080,-0.133478,-0.268699,-1.346045,1.102517,1.021998,-0.559721,0.226995,-0.337904,0.028585,-0.274681,0.344518,0.649037,-0.268552,-1.439902,-0.038641,1.529780,-1.815782,1.121284,3.172352,-0.282912,0.260388,0.134666,-0.318550,-0.017917,0.895779,0.693283,-0.353254
17.839086,1.259353,-0.133170,-0.263035,-1.344763,1.103028,1.022472,-0.559726,0.223849,-0.334289,0.025053,-0.278619,0.345397,0.651103,-0.268609,-1.439643,-0.038500,1.529466,-1.815800,1.122188,3.173039,-0.283267,0.259164,0.136784,-0.316658,-0.018879,0.896777,0.689117,-0.355318
17.840088,1.258457,-0.139824,-0.261973,-1.343258,1.106907,1.021350,-0.559579,0.225261,-0.334346,0.025839,-0.278202,0.345176,0.653109,-0.268791,-1.439386,-0.038363,1.529142,-1.815822,1.123091,3.173732,-0.283625,0.257333,0.136273,-0.319003,-0.020509,0.895863,0.688547,-0.355502
17.841010,1.261123,-0.143718,-0.259859,-1.343163,1.108691,1.021952,-0.559570,0.235465,-0.341864,0.035146,-0.272751,0.343577,0.654819,-0.269078,-1.439128,-0.038215,1.528826,-1.815846,1.123970,3.174419,-0.283979,0.258183,0.139190,-0.319145,-0.022365,0.891969,0.689659,-0.356063
17.841938,1.264787,-0.143692,-0.263639,-1.343555,1.110334,1.023251,-0.560208,0.255879,-0.358519,0.054412,-0.262465,0.340652,0.656067,-0.269397,-1.438871,-0.038073,1.528506,-1.815869,1.124865,3.175106,-0.284340,0.256921,0.140650,-0.319511,-0.022727,0.889358,0.688685,-0.356172
17.843006,1.264555,-0.143122,-0.259922,-1.342284,1.110191,1.026484,-0.560518,0.284164,-0.382502,0.081393,-0.248864,0.336826,0.656812,-0.269687,-1.438620,-0.037934,1.528189,-1.815891,1.125755,3.175779,-0.284697,0.255284,0.140191,-0.316959,-0.022631,0.886975,0.687141,-0.355010
17.843986,1.264060,-0.144848,-0.261198,-1.344166,1.110839,1.027934,-0.562040,0.315598,-0.409296,0.111410,-0.233185,0.332633,0.657137,-0.269934,-1.438362,-0.037798,1.527868,-1.815918,1.126633,3.176455,-0.285046,0.256024,0.139697,-0.318654,-0.024241,0.887762,0.684207,-0.354791
17.844984,1.270493,-0.144679,-0.256651,-1.342983,1.111745,1.035346,-0.560106,0.346185,-0.435196,0.140448,-0.216147,0.328436,0.657137,-0.270143,-1.438103,-0.037656,1.527552,-1.815936,1.127523,3.177138,-0.285394,0.256545,0.140171,-0.317547,-0.022781,0.886810,0.682684,-0.351972
17.846083,1.275762,-0.142642,-0.256510,-1.342627,1.109457,1.040294,-0.561694,0.375693,-0.459837,0.168335,-0.198633,0.324307,0.656742,-0.270317,-1.437859,-0.037514,1.527226,-1.815963,1.128402,3.177796,-0.285756,0.253808,0.139707,-0.319347,-0.024232,0.885884,0.675345,-0.356129
17.846957,1.268605,-0.142482,-0.247895,-1.341070,1.110174,1.043460,-0.559297,0.407368,-0.485507,0.198315,-0.180123,0.319927,0.655842,-0.270473,-1.437611,-0.037380,1.526911,-1.815989,1.129294,3.178460,-0.286109,0.252009,0.138541,-0.319375,-0.024960,0.888954,0.670940,-0.353315
17.847948,1.269193,-0.147910,-0.247145,-1.338344,1.114283,1.045949,-0.557148,0.441461,-0.512113,0.230550,-0.159592,0.315068,0.654579,-0.270644,-1.437352,-0.037242,1.526580,-1.816021,1.130184,3.179125,-0.286477,0.255555,0.137971,-0.322733,-0.026554,0.886975,0.667369,-0.358171
17.849059,1.272779,-0.145224,-0.244935,-1.338621,1.113498,1.049338,-0.556575,0.475337,-0.538137,0.262346,-0.136084,0.309759,0.653341,-0.270870,-1.437096,-0.037097,1.526259,-1.816056,1.131054,3.179781,-0.286846,0.255572,0.140301,-0.322597,-0.029344,0.882855,0.665009,-0.362652
17.850062,1.275379,-0.148336,-0.244029,-1.337996,1.114723,1.049505,-0.556863,0.508730,-0.564170,0.293499,-0.109079,0.303989,0.652370,-0.271150,-1.436839,-0.036961,1.525934,-1.816084,1.131944,3.180440,-0.287217,0.254532,0.138769,-0.323608,-0.029377,0.884571,0.662209,-0.364145
17.850943,1.278070,-0.146898,-0.241987,-1.337360,1.115300,1.047293,-0.555627,0.542661,-0.591005,0.325235,-0.079885,0.297827,0.651590,-0.271433,-1.436592,-0.036818,1.525608,-1.816115,1.132833,3.181095,-0.287582,0.253730,0.139981,-0.323565,-0.030163,0.883244,0.662238,-0.363764
17.852023,1.279344,-0.148997,-0.240366,-1.337796,1.114683,1.048471,-0.554018,0.577653,-0.618789,0.358232,-0.050224,0.291471,0.650807,-0.271667,-1.436340,-0.036682,1.525285,-1.816148,1.133702,3.181761,-0.287953,0.252405,0.138773,-0.323726,-0.030800,0.881722,0.664080,-0.366259
17.853018,1.277704,-0.146714,-0.236969,-1.338466,1.111253,1.049388,-0.552645,0.613451,-0.647129,0.392269,-0.021459,0.285192,0.649870,-0.271829,-1.436090,-0.036540,1.524957,-1.816178,1.134593,3.182426,-0.288330,0.252515,0.139581,-0.324293,-0.030611,0.882953,0.663302,-0.369786
17.853937,1.277195,-0.143988,-0.233368,-1.337422,1.111791,1.049118,-0.552756,0.648509,-0.674696,0.425787,0.004992,0.279305,0.648750,-0.271914,-1.435836,-0.036402,1.524630,-1.816208,1.135478,3.183081,-0.288704,0.253735,0.138092,-0.325472,-0.030125,0.886299,0.662525,-0.372694
17.855009,1.281804,-0.143587,-0.236898,-1.337402,1.111067,1.049257,-0.551710,0.679887,-0.698820,0.455863,0.028312,0.274140,0.647556,-0.271906,-1.435577,-0.036270,1.524301,-1.816242,1.136362,3.183740,-0.289078,0.254043,0.136371,-0.326466,-0.031193,0.884959,0.662609,-0.372483
17.856013,1.282914,-0.143897,-0.238217,-1.338239,1.111644,1.050203,-0.551072,0.705318,-0.717422,0.480266,0.048646,0.269898,0.646421,-0.271806,-1.435329,-0.036135,1.523980,-1.816275,1.137246,3.184397,-0.289463,0.252451,0.135987,-0.324479,-0.031365,0.886296,0.662916,-0.374857
17.856989,1.278277,-0.146172,-0.232765,-1.338474,1.110519,1.050224,-0.552142,0.723855,-0.730122,0.498040,0.065918,0.266703,0.645469,-0.271669,-1.435076,-0.036000,1.523660,-1.816306,1.138136,3.185061,-0.289842,0.252343,0.135868,-0.323409,-0.030690,0.885624,0.662082,-0.376286
17.858004,1.278400,-0.146161,-0.234096,-1.338532,1.109780,1.049805,-0.551827,0.735533,-0.737589,0.509145,0.079507,0.264627,0.644783,-0.271520,-1.434814,-0.035860,1.523327,-1.816338,1.139029,3.185725,-0.290216,0.254912,0.136640,-0.325511,-0.030583,0.886409,0.662078,-0.374251
17.858952,1.284562,-0.151480,-0.233784,-1.337655,1.109285,1.046514,-0.552625,0.740916,-0.740847,0.514084,0.089305,0.263610,0.644441,-0.271332,-1.434560,-0.035724,1.523007,-1.816371,1.139913,3.186386,-0.290587,0.255294,0.136341,-0.324443,-0.030656,0.887239,0.662695,-0.375122
17.859982,1.286187,-0.148557,-0.236131,-1.339298,1.106416,1.044132,-0.552648,0.744833,-0.746243,0.517580,0.100184,0.263524,0.644461,-0.270834,-1.434063,-0.035448,1.522362,-1.816430,1.141705,3.187746,-0.291336,0.252260,0.136850,-0.322440,-0.030229,0.890092,0.668318,-0.373787
17.861129,1.286196,-0.152425,-0.230976,-1.339815,1.110977,1.039602,-0.552828,0.744833,-0.746243,0.517580,0.100184,0.263524,0.644461,-0.270834,-1.434063,-0.035448,1.522362,-1.816430,1.141705,3.187746,-0.291336,0.252260,0.136850,-0.322440,-0.030229,0.890092,0.668318,-0.373787
17.862056,1.293432,-0.152240,-0.232902,-1.339087,1.110959,1.038203,-0.554440,0.747975,-0.751843,0.520837,0.100490,0.263937,0.644426,-0.270555,-1.433806,-0.035308,1.522035,-1.816462,1.142583,3.188424,-0.291709,0.253151,0.138672,-0.325050,-0.030002,0.886770,0.673497,-0.373856
17.863011,1.290101,-0.152309,-0.230135,-1.337913,1.111426,1.035454,-0.554895,0.754178,-0.760851,0.527369,0.096713,0.264386,0.644048,-0.270284,-1.433561,-0.035172,1.521714,-1.816495,1.143470,3.189103,-0.292078,0.249745,0.138163,-0.323352,-0.030784,0.886096,0.674571,-0.370673
17.864061,1.297593,-0.149401,-0.227641,-1.336226,1.116014,1.035455,-0.554669,0.763652,-0.773461,0.537331,0.090394,0.264630,0.643351,-0.270082,-1.433308,-0.035034,1.521385,-1.816527,1.144344,3.189781,-0.292442,0.251733,0.137811,-0.324073,-0.032052,0.885276,0.677175,-0.369930
17.865004,1.302881,-0.149426,-0.225033,-1.337505,1.122171,1.032947,-0.555437,0.787579,-0.803894,0.562478,0.075994,0.264120,0.641546,-0.270013,-1.432825,-0.034766,1.520736,-1.816592,1.146087,3.191150,-0.293181,0.246387,0.135819,-0.325642,-0.032670,0.874576,0.679621,-0.369222
17.866102,1.307746,-0.149365,-0.228655,-1.335826,1.121845,1.033442,-0.555608,0.787579,-0.803894,0.562478,0.075994,0.264120,0.641546,-0.270013,-1.432825,-0.034766,1.520736,-1.816592,1.146087,3.191150,-0.293181,0.246387,0.135819,-0.325642,-0.032670,0.874576,0.679621,-0.369222
17.867020,1.303744,-0.147872,-0.223363,-1.336328,1.120565,1.032999,-0.554027,0.804911,-0.822889,0.580576,0.067691,0.263399,0.640195,-0.270065,-1.432582,-0.034629,1.520420,-1.816630,1.146972,3.191826,-0.293546,0.244836,0.135606,-0.323762,-0.034466,0.875776,0.679538,-0.369267
17.868049,1.308070,-0.144731,-0.219987,-1.339102,1.120293,1.033588,-0.554904,0.822790,-0.842048,0.599252,0.059127,0.262715,0.638760,-0.270160,-1.432327,-0.034495,1.520090,-1.816662,1.147842,3.192512,-0.293924,0.246993,0.134474,-0.325628,-0.034002,0.876422,0.679617,-0.372490
17.868957,1.309939,-0.143921,-0.221412,-1.338566,1.120663,1.033521,-0.555388,0.838330,-0.858590,0.615601,0.049461,0.262461,0.637303,-0.270250,-1.432087,-0.034366,1.519757,-1.816688,1.148706,3.193186,-0.294293,0.245469,0.132712,-0.326825,-0.031507,0.877107,0.679191,-0.370932
17.870060,1.315301,-0.144168,-0.232263,-1.341029,1.121839,1.036162,-0.555702,0.851003,-0.871339,0.629195,0.037089,0.262948,0.635631,-0.270254,-1.431842,-0.034236,1.519440,-1.816718,1.149586,3.193866,-0.294659,0.244742,0.131971,-0.325379,-0.032178,0.875897,0.678893,-0.370029
17.870974,1.310586,-0.147207,-0.228786,-1.340811,1.119055,1.038693,-0.555372,0.857426,-0.877853,0.636710,0.022191,0.264505,0.633898,-0.270165,-1.431603,-0.034103,1.519130,-1.816744,1.150470,3.194547,-0.295027,0.242987,0.131979,-0.319966,-0.030072,0.875595,0.676662,-0.369778
17.871946,1.307936,-0.150335,-0.225580,-1.340413,1.117375,1.039974,-0.555761,0.853462,-0.875823,0.633928,0.005524,0.267386,0.632424,-0.270025,-1.431354,-0.033968,1.518810,-1.816775,1.151342,3.195212,-0.295396,0.245563,0.133110,-0.321051,-0.030393,0.877717,0.673873,-0.370504
17.873128,1.310712,-0.150433,-0.227800,-1.343185,1.117015,1.043680,-0.555452,0.840458,-0.867321,0.621969,-0.011179,0.271366,0.631246,-0.269850,-1.431103,-0.033833,1.518484,-1.816804,1.152245,3.195881,-0.295765,0.247220,0.134351,-0.322069,-0.030962,0.878903,0.672572,-0.369862
17.874004,1.313547,-0.149469,-0.231890,-1.343526,1.109273,1.045574,-0.555480,0.822110,-0.855723,0.604486,-0.026935,0.276133,0.630171,-0.269628,-1.430860,-0.033700,1.518160,-1.816828,1.153114,3.196536,-0.296139,0.246981,0.134365,-0.321085,-0.028667,0.880966,0.669750,-0.370981
17.875017,1.308025,-0.143175,-0.230308,-1.345609,1.106996,1.048074,-0.555358,0.799365,-0.841472,0.582590,-0.042539,0.281604,0.629116,-0.269378,-1.430615,-0.033571,1.517850,-1.816857,1.154015,3.197198,-0.296511,0.245640,0.133496,-0.318288,-0.028438,0.887454,0.667478,-0.370890
17.876020,1.314090,-0.145746,-0.230556,-1.346175,1.103268,1.051873,-0.556244,0.769086,-0.821148,0.553222,-0.058726,0.287807,0.628321,-0.269138,-1.430357,-0.033446,1.517528,-1.816881,1.154917,3.197860,-0.296885,0.248852,0.130176,-0.318714,-0.026682,0.889572,0.665148,-0.371339
17.877085,1.317523,-0.144665,-0.226950,-1.349226,1.098613,1.053932,-0.556150,0.730151,-0.793062,0.515231,-0.075921,0.294606,0.628008,-0.268912,-1.430118,-0.033312,1.517206,-1.816908,1.155811,3.198505,-0.297250,0.246365,0.131235,-0.318141,-0.026390,0.893196,0.661570,-0.369766
17.878061,1.314804,-0.147367,-0.230395,-1.348790,1.094955,1.055557,-0.557076,0.689782,-0.762973,0.475826,-0.094351,0.301378,0.627959,-0.268673,-1.429874,-0.033183,1.516886,-1.816925,1.156725,3.199162,-0.297623,0.245413,0.130561,-0.319759,-0.023858,0.898091,0.659947,-0.370267
17.879028,1.319542,-0.144040,-0.226876,-1.349784,1.093266,1.054400,-0.556732,0.653127,-0.735497,0.440150,-0.113861,0.307617,0.628107,-0.268414,-1.429626,-0.033050,1.516572,-1.816951,1.157640,3.199825,-0.297988,0.247193,0.131632,-0.317562,-0.024585,0.901162,0.658335,-0.368564
17.879935,1.321553,-0.141259,-0.229769,-1.350670,1.090395,1.051378,-0.556167,0.619174,-0.710231,0.407160,-0.133591,0.313191,0.628721,-0.268168,-1.429383,-0.032927,1.516253,-1.816975,1.158536,3.200480,-0.298359,0.245218,0.129745,-0.318834,-0.023884,0.902370,0.659547,-0.369412
17.881048,1.324455,-0.141548,-0.232575,-1.351187,1.091507,1.053220,-0.556664,0.587521,-0.686276,0.376509,-0.153427,0.318080,0.629747,-0.267982,-1.429139,-0.032804,1.515940,-1.816997,1.159449,3.201154,-0.298730,0.244424,0.128099,-0.316692,-0.023298,0.904081,0.662246,-0.370578
17.881954,1.322437,-0.137039,-0.228545,-1.351607,1.086094,1.055592,-0.556534,0.556577,-0.661932,0.346671,-0.173713,0.322408,0.631079,-0.267878,-1.428898,-0.032674,1.515625,-1.817019,1.160349,3.201810,-0.299103,0.243936,0.128182,-0.315327,-0.023255,0.903738,0.660989,-0.369939
17.883025,1.322845,-0.137235,-0.224557,-1.350797,1.091061,1.054811,-0.555775,0.524210,-0.635736,0.315442,-0.193888,0.326223,0.632782,-0.267879,-1.428647,-0.032554,1.515310,-1.817041,1.161266,3.202469,-0.299473,0.245081,0.125676,-0.316678,-0.023129,0.907998,0.658350,-0.370246
17.884105,1.329075,-0.137413,-0.232261,-1.351560,1.096229,1.055149,-0.557091,0.491081,-0.608180,0.283388,-0.213057,0.329385,0.634775,-0.268005,-1.428404,-0.032430,1.514989,-1.817066,1.162169,3.203137,-0.299851,0.245653,0.125739,-0.318486,-0.024303,0.903327,0.659546,-0.372058
17.885016,1.327497,-0.135083,-0.231672,-1.350385,1.098544,1.049555,-0.557385,0.458738,-0.580769,0.252041,-0.230677,0.331820,0.636929,-0.268215,-1.428164,-0.032306,1.514684,-1.817088,1.163056,3.203792,-0.300212,0.243355,0.125777,-0.314605,-0.023983,0.898785,0.659682,-0.369747
17.885945,1.322984,-0.137866,-0.233633,-1.349124,1.099754,1.048713,-0.557583,0.425975,-0.552850,0.220202,-0.246721,0.333715,0.639276,-0.268432,-1.427915,-0.032186,1.514370,-1.817115,1.163951,3.204470,-0.300580,0.244334,0.124378,-0.314270,-0.025357,0.895542,0.664990,-0.369229
17.887144,1.326107,-0.137515,-0.233196,-1.351367,1.099479,1.044477,-0.557463,0.389495,-0.522048,0.184512,-0.260454,0.335308,0.642042,-0.268640,-1.427665,-0.032060,1.514058,-1.817143,1.164832,3.205128,-0.300951,0.246826,0.125519,-0.312711,-0.026768,0.893703,0.665635,-0.368907
17.888051,1.321754,-0.141434,-0.232799,-1.350116,1.103053,1.039217,-0.559890,0.349155,-0.488697,0.144807,-0.271648,0.336664,0.645253,-0.268851,-1.427418,-0.031937,1.513748,-1.817164,1.165729,3.205811,-0.301323,0.246409,0.125456,-0.313329,-0.025076,0.895592,0.670726,-0.369678
17.888977,1.324167,-0.139467,-0.237874,-1.349142,1.100205,1.038689,-0.561436,0.308434,-0.455741,0.104641,-0.281301,0.337700,0.648567,-0.269034,-1.427162,-0.031806,1.513435,-1.817193,1.166617,3.206498,-0.301674,0.248677,0.127066,-0.312859,-0.026479,0.891046,0.675573,-0.364880
17.890105,1.327426,-0.140388,-0.241439,-1.350039,1.102383,1.037575,-0.559777,0.267855,-0.423805,0.064564,-0.288913,0.338352,0.651951,-0.269182,-1.426917,-0.031681,1.513131,-1.817223,1.167504,3.207172,-0.302036,0.247694,0.125794,-0.309809,-0.027581,0.893229,0.675793,-0.361908
17.891037,1.324685,-0.135407,-0.236511,-1.351527,1.103853,1.035608,-0.561915,0.225838,-0.391632,0.022982,-0.293627,0.338618,0.655624,-0.269372,-1.426669,-0.031553,1.512826,-1.817249,1.168394,3.207854,-0.302405,0.246994,0.126244,-0.308239,-0.027060,0.892040,0.677449,-0.365707
17.891953,1.323685,-0.138848,-0.238569,-1.350056,1.109460,1.030360,-0.562396,0.182991,-0.358837,-0.019491,-0.296879,0.338573,0.659490,-0.269643,-1.426420,-0.031435,1.512510,-1.817273,1.169273,3.208538,-0.302757,0.248610,0.123542,-0.310123,-0.025820,0.889962,0.679122,-0.361502
17.893013,1.320857,-0.139174,-0.238005,-1.351795,1.105125,1.027809,-0.562889,0.140061,-0.325208,-0.062102,-0.300082,0.338358,0.663414,-0.269957,-1.426169,-0.031306,1.512209,-1.817304,1.170150,3.209239,-0.303114,0.249255,0.124976,-0.308572,-0.027406,0.883591,0.683946,-0.360680
17.894020,1.323061,-0.141618,-0.240026,-1.349730,1.109507,1.019588,-0.562431,0.097386,-0.291395,-0.104502,-0.302988,0.338032,0.667418,-0.270301,-1.425913,-0.031180,1.511899,-1.817328,1.171053,3.209938,-0.303474,0.251278,0.125030,-0.308775,-0.026026,0.888328,0.686615,-0.360031
17.895023,1.324804,-0.138284,-0.237873,-1.348551,1.109747,1.018117,-0.562571,0.056376,-0.259212,-0.145269,-0.304885,0.337532,0.671412,-0.270678,-1.425666,-0.031051,1.511589,-1.817360,1.171922,3.210641,-0.303833,0.250667,0.126059,-0.307467,-0.028261,0.884014,0.694790,-0.361213
17.895992,1.327450,-0.137826,-0.237611,-1.351478,1.108325,1.017461,-0.565151,0.019477,-0.230603,-0.181980,-0.304390,0.336726,0.675131,-0.271050,-1.425416,-0.030929,1.511281,-1.817393,1.172810,3.211340,-0.304193,0.250257,0.124240,-0.308302,-0.029556,0.883754,0.696105,-0.361157
17.897044,1.332404,-0.138389,-0.244311,-1.352148,1.107703,1.023800,-0.564062,-0.011416,-0.206400,-0.212687,-0.301686,0.335641,0.678229,-0.271370,-1.425172,-0.030806,1.510973,-1.817413,1.173700,3.212042,-0.304543,0.249351,0.123840,-0.308041,-0.026988,0.884815,0.696506,-0.356173
17.898075,1.326933,-0.135146,-0.232518,-1.352347,1.108552,1.024228,-0.563463,-0.057404,-0.168628,-0.258085,-0.296845,0.333543,0.682191,-0.271942,-1.424668,-0.030562,1.510356,-1.817468,1.175470,3.213406,-0.305267,0.250806,0.122338,-0.310346,-0.026697,0.885175,0.690064,-0.360201
17.899021,1.331605,-0.141176,-0.230371,-1.352612,1.108261,1.026651,-0.563143,-0.057404,-0.168628,-0.258085,-0.296845,0.333543,0.682191,-0.271942,-1.424668,-0.030562,1.510356,-1.817468,1.175470,3.213406,-0.305267,0.250806,0.122338,-0.310346,-0.026697,0.885175,0.690064,-0.360201
17.899965,1.330710,-0.140276,-0.233956,-1.350863,1.105668,1.033019,-0.561855,-0.070423,-0.156803,-0.270886,-0.294916,0.332473,0.682974,-0.272251,-1.424427,-0.030433,1.510041,-1.817496,1.176349,3.214086,-0.305632,0.248790,0.125117,-0.310825,-0.026615,0.885015,0.687414,-0.360961
17.901022,1.329709,-0.142070,-0.233473,-1.349252,1.107899,1.034347,-0.561744,-0.073787,-0.152901,-0.274162,-0.291726,0.331075,0.682947,-0.272554,-1.424176,-0.030311,1.509738,-1.817528,1.177241,3.214760,-0.305994,0.249511,0.124426,-0.308593,-0.028459,0.887001,0.680818,-0.363688
17.902061,1.329756,-0.145275,-0.231716,-1.347761,1.109218,1.036757,-0.558608,-0.072947,-0.153497,-0.273430,-0.285101,0.329515,0.682690,-0.272856,-1.423925,-0.030183,1.509429,-1.817561,1.178128,3.215441,-0.306360,0.250663,0.125203,-0.308762,-0.030242,0.885159,0.679786,-0.364192
17.902971,1.326936,-0.145853,-0.228608,-1.350129,1.109747,1.037323,-0.558921,-0.071194,-0.156284,-0.272094,-0.273841,0.327965,0.682468,-0.273164,-1.423672,-0.030051,1.509122,-1.817595,1.179017,3.216108,-0.306740,0.251188,0.126617,-0.309507,-0.031847,0.884091,0.677615,-0.370742
17.903986,1.330564,-0.143980,-0.228989,-1.350515,1.109447,1.043816,-0.559594,-0.067590,-0.161782,-0.269189,-0.259445,0.326558,0.682080,-0.273450,-1.423415,-0.029929,1.508811,-1.817621,1.179892,3.216782,-0.307110,0.252661,0.126642,-0.310444,-0.029653,0.882806,0.676738,-0.370086
17.905062,1.332470,-0.140908,-0.232708,-1.351620,1.111329,1.045302,-0.558417,-0.062769,-0.168509,-0.265149,-0.245333,0.325599,0.681361,-0.273637,-1.423168,-0.029804,1.508501,-1.817650,1.180763,3.217434,-0.307479,0.251370,0.125550,-0.309979,-0.029506,0.883343,0.670434,-0.368960
17.906002,1.329489,-0.138178,-0.229993,-1.350981,1.112609,1.047344,-0.557341,-0.059382,-0.173215,-0.262502,-0.233705,0.325334,0.680407,-0.273690,-1.422916,-0.029684,1.508196,-1.817676,1.181643,3.218099,-0.307856,0.251121,0.124004,-0.308124,-0.028726,0.882100,0.669412,-0.371644
17.906955,1.325767,-0.142200,-0.224188,-1.346154,1.110184,1.049383,-0.555985,-0.061141,-0.172046,-0.264999,-0.225121,0.325930,0.679469,-0.273673,-1.422660,-0.029565,1.507884,-1.817706,1.182530,3.218764,-0.308239,0.252797,0.122466,-0.308981,-0.029512,0.880210,0.667214,-0.373835
17.908081,1.333679,-0.142700,-0.223860,-1.347069,1.114160,1.052810,-0.555794,-0.073875,-0.158756,-0.279680,-0.206454,0.327813,0.678482,-0.273634,-1.422157,-0.029310,1.507258,-1.817781,1.184278,3.220074,-0.309003,0.251804,0.124459,-0.311625,-0.033499,0.879445,0.662386,-0.377335
17.908998,1.336865,-0.146084,-0.222147,-1.348389,1.119723,1.053497,-0.555953,-0.073875,-0.158756,-0.279680,-0.206454,0.327813,0.678482,-0.273634,-1.422157,-0.029310,1.507258,-1.817781,1.184278,3.220074,-0.309003,0.251804,0.124459,-0.311625,-0.033499,0.879445,0.662386,-0.377335
17.909945,1.337337,-0.145852,-0.224400,-1.348527,1.118568,1.052519,-0.553500,-0.071558,-0.158348,-0.278519,-0.194239,0.327856,0.678064,-0.273610,-1.421910,-0.029181,1.506945,-1.817811,1.185147,3.220739,-0.309387,0.250440,0.125837,-0.311854,-0.032287,0.873227,0.661479,-0.377006
17.911052,1.338601,-0.146537,-0.224287,-1.347813,1.123232,1.055101,-0.553055,-0.060350,-0.164214,-0.268401,-0.183647,0.327362,0.677295,-0.273623,-1.421659,-0.029059,1.506638,-1.817841,1.186011,3.221400,-0.309774,0.250479,0.125507,-0.310268,-0.032276,0.874134,0.662387,-0.382005
17.912035,1.340563,-0.140148,-0.223018,-1.347344,1.123310,1.054182,-0.555457,-0.044684,-0.172749,-0.253805,-0.175163,0.326638,0.676321,-0.273687,-1.421407,-0.028931,1.506328,-1.817876,1.186878,3.222066,-0.310161,0.250640,0.125790,-0.310397,-0.033161,0.870483,0.660300,-0.383157
17.913150,1.341383,-0.139843,-0.229153,-1.348473,1.127138,1.054424,-0.554025,-0.028614,-0.180260,-0.238854,-0.168043,0.325955,0.675280,-0.273730,-1.421161,-0.028812,1.506015,-1.817909,1.187752,3.222722,-0.310535,0.250098,0.122447,-0.310639,-0.033722,0.870349,0.661342,-0.378446
17.914059,1.335550,-0.137644,-0.225822,-1.345897,1.124747,1.052202,-0.553977,-0.016352,-0.182627,-0.227708,-0.162456,0.325730,0.674210,-0.273702,-1.420908,-0.028692,1.505715,-1.817938,1.188612,3.223386,-0.310917,0.250519,0.122372,-0.307741,-0.032889,0.867694,0.661667,-0.381724
17.914973,1.337255,-0.139367,-0.221158,-1.348150,1.123211,1.054848,-0.554508,-0.012572,-0.176263,-0.225015,-0.158157,0.326357,0.673271,-0.273631,-1.420652,-0.028572,1.505403,-1.817979,1.189490,3.224059,-0.311301,0.253524,0.121040,-0.308815,-0.035338,0.869348,0.663587,-0.381776
17.915979,1.340916,-0.135295,-0.225153,-1.346883,1.120067,1.053438,-0.555315,-0.016195,-0.162639,-0.229722,-0.154272,0.327810,0.672422,-0.273520,-1.420400,-0.028447,1.505090,-1.818008,1.190347,3.224709,-0.311676,0.252770,0.121631,-0.310514,-0.033183,0.870343,0.660735,-0.380732
17.917113,1.340809,-0.135814,-0.227778,-1.348308,1.119165,1.052438,-0.555932,-0.022218,-0.145962,-0.236744,-0.150905,0.329913,0.671379,-0.273334,-1.420152,-0.028333,1.504785,-1.818044,1.191234,3.225373,-0.312052,0.251439,0.119546,-0.308252,-0.034528,0.873484,0.662320,-0.379291
17.918016,1.337837,-0.139000,-0.221100,-1.350370,1.113677,1.051558,-0.554045,-0.030099,-0.126850,-0.245460,-0.148143,0.332719,0.670163,-0.273080,-1.419901,-0.028211,1.504478,-1.818075,1.192107,3.226034,-0.312430,0.252418,0.119878,-0.307145,-0.033353,0.875616,0.663993,-0.378453
17.918967,1.335875,-0.142469,-0.217012,-1.351695,1.113410,1.048186,-0.555894,-0.039239,-0.106323,-0.255303,-0.146721,0.336209,0.668863,-0.272787,-1.419643,-0.028087,1.504166,-1.818100,1.192999,3.226703,-0.312816,0.253937,0.121201,-0.309855,-0.031494,0.880147,0.664542,-0.382241
17.920083,1.342541,-0.147313,-0.223274,-1.352483,1.112769,1.047466,-0.555974,-0.044592,-0.089163,-0.261225,-0.148069,0.340048,0.667318,-0.272444,-1.419386,-0.027961,1.503852,-1.818129,1.193883,3.227381,-0.313190,0.255110,0.122691,-0.311370,-0.030336,0.879877,0.667762,-0.378564
17.921049,1.342286,-0.149786,-0.219191,-1.354416,1.105663,1.044307,-0.554593,-0.042482,-0.079336,-0.259459,-0.152399,0.343850,0.665447,-0.272016,-1.419140,-0.027832,1.503550,-1.818159,1.194769,3.228047,-0.313565,0.252647,0.125062,-0.308385,-0.029842,0.881493,0.669030,-0.378811
17.921952,1.342833,-0.147913,-0.218905,-1.353617,1.102626,1.044038,-0.555817,-0.031578,-0.078835,-0.248678,-0.159183,0.347266,0.663267,-0.271524,-1.418884,-0.027706,1.503234,-1.818183,1.195673,3.228731,-0.313952,0.253068,0.126057,-0.309978,-0.028203,0.888101,0.672058,-0.381668
17.923072,1.345241,-0.148181,-0.219229,-1.354197,1.102208,1.042263,-0.556234,-0.012783,-0.086848,-0.229894,-0.167784,0.350020,0.660857,-0.271042,-1.418635,-0.027582,1.502925,-1.818216,1.196560,3.229404,-0.314332,0.252924,0.124822,-0.309473,-0.029058,0.890167,0.671948,-0.379157
17.924102,1.349568,-0.147601,-0.218863,-1.353258,1.102240,1.039719,-0.555810,0.010221,-0.099807,-0.206840,-0.177207,0.352056,0.658454,-0.270615,-1.418381,-0.027458,1.502617,-1.818242,1.197461,3.230085,-0.314705,0.252542,0.124978,-0.309448,-0.028835,0.891415,0.674245,-0.378724
17.925044,1.348986,-0.144730,-0.212690,-1.353568,1.097844,1.037593,-0.556572,0.035587,-0.115773,-0.181379,-0.186550,0.353324,0.656120,-0.270249,-1.418133,-0.027332,1.502310,-1.818276,1.198360,3.230775,-0.315089,0.250944,0.124541,-0.309464,-0.029910,0.891436,0.676868,-0.379777
17.926109,1.342813,-0.143820,-0.214818,-1.351785,1.100520,1.040330,-0.556533,0.063944,-0.134513,-0.152961,-0.195374,0.353679,0.653666,-0.269955,-1.417881,-0.027210,1.501990,-1.818305,1.199254,3.231455,-0.315458,0.251494,0.122891,-0.311959,-0.029754,0.895212,0.678762,-0.378327
17.927041,1.343223,-0.141276,-0.214953,-1.352027,1.100660,1.038741,-0.556744,0.091564,-0.152532,-0.125439,-0.203174,0.353253,0.651262,-0.269767,-1.417617,-0.027088,1.501680,-1.818340,1.200146,3.232128,-0.315838,0.255117,0.122397,-0.310778,-0.031682,0.892921,0.676298,-0.378688
17.928008,1.348267,-0.145855,-0.216576,-1.351655,1.103937,1.038797,-0.559027,0.110727,-0.163794,-0.106542,-0.209509,0.352501,0.649416,-0.269717,-1.417366,-0.026969,1.501372,-1.818373,1.201044,3.232811,-0.316220,0.255080,0.120930,-0.310198,-0.031462,0.892009,0.677637,-0.378290
17.929048,1.346152,-0.147576,-0.218416,-1.351299,1.105594,1.042902,-0.559098,0.120808,-0.167986,-0.096785,-0.214751,0.351613,0.648107,-0.269775,-1.417116,-0.026840,1.501067,-1.818405,1.201920,3.233481,-0.316585,0.252882,0.123004,-0.309023,-0.031945,0.888446,0.677507,-0.373839
17.930056,1.344634,-0.155176,-0.209205,-1.347525,1.108794,1.045410,-0.560386,0.126287,-0.169325,-0.091669,-0.219033,0.350489,0.647083,-0.269916,-1.416855,-0.026714,1.500760,-1.818438,1.202808,3.234156,-0.316962,0.254441,0.123724,-0.307972,-0.032446,0.887076,0.673570,-0.373978
17.930971,1.350755,-0.155705,-0.213021,-1.347837,1.113212,1.048183,-0.560181,0.131295,-0.172337,-0.087201,-0.220550,0.348903,0.646328,-0.270136,-1.416601,-0.026578,1.500437,-1.818483,1.203698,3.234816,-0.317332,0.255622,0.127260,-0.312194,-0.036092,0.883814,0.671236,-0.371583
17.932055,1.353261,-0.153058,-0.211693,-1.346750,1.111729,1.050650,-0.562540,0.141287,-0.182028,-0.077990,-0.217528,0.346590,0.645649,-0.270377,-1.416352,-0.026452,1.500133,-1.818517,1.204565,3.235484,-0.317701,0.252698,0.127202,-0.309704,-0.035748,0.878758,0.668189,-0.372077
17.932965,1.352715,-0.155861,-0.207962,-1.349791,1.109176,1.057043,-0.562891,0.157146,-0.198175,-0.063028,-0.210769,0.343721,0.644837,-0.270580,-1.416100,-0.026328,1.499821,-1.818555,1.205449,3.236151,-0.318063,0.252193,0.125818,-0.310350,-0.036899,0.880998,0.666165,-0.367676
17.933945,1.351085,-0.154159,-0.207284,-1.346080,1.112289,1.058747,-0.561357,0.176664,-0.217604,-0.044398,-0.202633,0.340612,0.643846,-0.270743,-1.415849,-0.026198,1.499509,-1.818584,1.206325,3.236799,-0.318429,0.252607,0.126898,-0.311584,-0.033953,0.882782,0.659563,-0.367070
17.935097,1.360391,-0.155846,-0.205610,-1.346672,1.112358,1.061322,-0.563517,0.197856,-0.238194,-0.024059,-0.194353,0.337380,0.642856,-0.270914,-1.415592,-0.026075,1.499194,-1.818629,1.207205,3.237453,-0.318803,0.253731,0.125865,-0.311488,-0.037542,0.879449,0.657996,-0.370325
17.935970,1.361149,-0.159630,-0.198984,-1.346944,1.113458,1.061222,-0.562591,0.220481,-0.259584,-0.002242,-0.184979,0.333832,0.642053,-0.271135,-1.415353,-0.025946,1.498878,-1.818664,1.208077,3.238100,-0.319165,0.250147,0.126712,-0.312477,-0.037096,0.880826,0.656249,-0.366411
17.936960,1.361677,-0.159946,-0.199467,-1.345685,1.114518,1.060984,-0.561646,0.250262,-0.286119,0.026799,-0.174523,0.329501,0.641162,-0.271409,-1.415103,-0.025818,1.498561,-1.818700,1.208955,3.238760,-0.319534,0.249811,0.128239,-0.314983,-0.036754,0.878589,0.655976,-0.368307
17.938090,1.363117,-0.160826,-0.197672,-1.345917,1.117096,1.057586,-0.562535,0.289948,-0.319910,0.065759,-0.163972,0.324238,0.640036,-0.271751,-1.414850,-0.025689,1.498247,-1.818740,1.209840,3.239425,-0.319909,0.249932,0.128154,-0.314319,-0.037970,0.877388,0.656278,-0.370356
17.939077,1.362993,-0.158245,-0.195467,-1.345580,1.114911,1.055175,-0.563278,0.335252,-0.357414,0.110301,-0.153548,0.318309,0.638880,-0.272157,-1.414603,-0.025558,1.497933,-1.818779,1.210722,3.240083,-0.320274,0.250159,0.128529,-0.315326,-0.037803,0.875928,0.660389,-0.368974
17.939974,1.362701,-0.163577,-0.191612,-1.343040,1.115885,1.053930,-0.562362,0.382000,-0.394758,0.156320,-0.143891,0.312053,0.637706,-0.272586,-1.414350,-0.025434,1.497616,-1.818818,1.211595,3.240753,-0.320640,0.250597,0.127052,-0.315997,-0.038112,0.878096,0.662803,-0.367675
17.941036,1.365002,-0.163857,-0.185794,-1.341854,1.117269,1.052750,-0.560619,0.428713,-0.430742,0.202378,-0.134644,0.305638,0.636465,-0.273020,-1.414099,-0.025299,1.497297,-1.818864,1.212469,3.241424,-0.321015,0.250837,0.129330,-0.317157,-0.040361,0.876228,0.663675,-0.369541
17.942022,1.359477,-0.166462,-0.186485,-1.342807,1.114957,1.050831,-0.561903,0.477574,-0.467886,0.250583,-0.124200,0.298988,0.635095,-0.273454,-1.413849,-0.025168,1.496974,-1.818908,1.213336,3.242084,-0.321392,0.250340,0.129297,-0.319832,-0.041447,0.875525,0.665248,-0.373315
17.943062,1.367719,-0.164103,-0.192384,-1.342901,1.113068,1.048324,-0.562645,0.528502,-0.506572,0.300815,-0.112766,0.292315,0.633567,-0.273867,-1.413588,-0.025035,1.496655,-1.818947,1.214222,3.242754,-0.321759,0.253419,0.130335,-0.318991,-0.040418,0.877668,0.667184,-0.370866
17.944095,1.360992,-0.169944,-0.186653,-1.343182,1.111281,1.052252,-0.561843,0.575704,-0.542152,0.347368,-0.102306,0.286263,0.632070,-0.274245,-1.413346,-0.024909,1.496340,-1.818987,1.215095,3.243424,-0.322123,0.249917,0.129006,-0.315793,-0.040317,0.879979,0.669932,-0.369683
17.944995,1.356467,-0.168535,-0.180912,-1.343912,1.113336,1.048771,-0.562015,0.616064,-0.572374,0.387163,-0.093911,0.281227,0.630799,-0.274593,-1.413083,-0.024772,1.496019,-1.819028,1.215982,3.244090,-0.322496,0.253760,0.131699,-0.318390,-0.039972,0.881969,0.666168,-0.371550
17.946012,1.359436,-0.173041,-0.179664,-1.343645,1.109217,1.047691,-0.563259,0.649937,-0.597966,0.420520,-0.088214,0.277368,0.629876,-0.274922,-1.412826,-0.024643,1.495694,-1.819067,1.216868,3.244770,-0.322871,0.256033,0.130603,-0.320429,-0.039135,0.878915,0.669322,-0.371191
17.947156,1.366799,-0.171531,-0.179669,-1.345313,1.110391,1.042552,-0.564774,0.678872,-0.620271,0.449069,-0.085848,0.274722,0.629260,-0.275200,-1.412572,-0.024507,1.495377,-1.819106,1.217748,3.245440,-0.323233,0.254991,0.132616,-0.320705,-0.039395,0.883252,0.670520,-0.368937
17.948050,1.365805,-0.176280,-0.175061,-1.344124,1.110748,1.042887,-0.563977,0.707475,-0.642828,0.477508,-0.087030,0.272989,0.628656,-0.275359,-1.412322,-0.024378,1.495053,-1.819142,1.218635,3.246132,-0.323597,0.252238,0.131817,-0.320722,-0.037860,0.883226,0.676234,-0.366364
17.949057,1.365576,-0.178081,-0.171134,-1.342123,1.106936,1.038069,-0.565292,0.739763,-0.668740,0.509803,-0.091788,0.271849,0.627860,-0.275392,-1.412070,-0.024241,1.494727,-1.819184,1.219507,3.246803,-0.323971,0.252836,0.133764,-0.322185,-0.038882,0.881995,0.675468,-0.368000
17.950119,1.368616,-0.181218,-0.164537,-1.343602,1.110717,1.033314,-0.566069,0.776738,-0.699393,0.546800,-0.098330,0.270939,0.627035,-0.275358,-1.411814,-0.024107,1.494403,-1.819228,1.220400,3.247491,-0.324329,0.253365,0.134381,-0.323704,-0.040757,0.885789,0.680335,-0.365586
17.950996,1.372884,-0.180372,-0.165385,-1.344432,1.112484,1.031768,-0.566122,0.819827,-0.736330,0.589853,-0.105272,0.269832,0.626196,-0.275296,-1.411560,-0.023966,1.494072,-1.819263,1.221285,3.248192,-0.324694,0.252440,0.135687,-0.326668,-0.039354,0.882419,0.685222,-0.364357
17.951988,1.370621,-0.180473,-0.163191,-1.342531,1.113490,1.029025,-0.563121,0.869741,-0.779450,0.639769,-0.114346,0.268486,0.625135,-0.275232,-1.411315,-0.023833,1.493754,-1.819300,1.222152,3.248881,-0.325053,0.250391,0.134812,-0.325379,-0.038435,0.879705,0.686188,-0.364297
17.952952,1.367189,-0.181470,-0.160616,-1.340897,1.115867,1.025967,-0.562477,0.921661,-0.824368,0.691744,-0.126419,0.267172,0.624040,-0.275248,-1.411058,-0.023701,1.493424,-1.819344,1.223033,3.249578,-0.325440,0.251899,0.134617,-0.325917,-0.040201,0.878623,0.688820,-0.370475
17.954004,1.365684,-0.180918,-0.156466,-1.340038,1.121364,1.025521,-0.561302,0.968604,-0.865732,0.738639,-0.139546,0.266020,0.623323,-0.275400,-1.410802,-0.023566,1.493096,-1.819388,1.223892,3.250271,-0.325816,0.253878,0.134782,-0.326572,-0.041647,0.876116,0.691671,-0.371823
17.955011,1.367398,-0.182400,-0.157241,-1.338881,1.121799,1.030603,-0.561644,1.006893,-0.900841,0.776683,-0.152041,0.265066,0.623126,-0.275639,-1.410542,-0.023433,1.492769,-1.819431,1.224758,3.250971,-0.326189,0.255143,0.134308,-0.328320,-0.042410,0.871188,0.692196,-0.374455
17.956013,1.365703,-0.178521,-0.151200,-1.336517,1.124498,1.026740,-0.558524,1.036011,-0.929356,0.805412,-0.163233,0.264375,0.623430,-0.275895,-1.410288,-0.023297,1.492447,-1.819476,1.225634,3.251657,-0.326570,0.254692,0.134763,-0.327483,-0.043406,0.870884,0.687060,-0.373900
17.957009,1.363726,-0.178011,-0.157318,-1.337704,1.123748,1.027129,-0.556670,1.056596,-0.951623,0.825511,-0.172126,0.263978,0.624173,-0.276160,-1.410031,-0.023165,1.492108,-1.819525,1.226490,3.252346,-0.326952,0.255938,0.132557,-0.329897,-0.045505,0.868416,0.690976,-0.380358
17.958115,1.363764,-0.180799,-0.156129,-1.336265,1.123542,1.027977,-0.557867,1.066625,-0.965279,0.834986,-0.178745,0.264171,0.625268,-0.276432,-1.409770,-0.023034,1.491788,-1.819565,1.227363,3.253037,-0.327343,0.257244,0.132072,-0.326336,-0.044224,0.869228,0.690475,-0.384145
17.959018,1.359285,-0.180401,-0.155890,-1.335690,1.124408,1.032716,-0.555078,1.063425,-0.968186,0.831211,-0.183903,0.265320,0.626717,-0.276666,-1.409513,-0.022896,1.491458,-1.819613,1.228241,3.253733,-0.327724,0.257953,0.133307,-0.326785,-0.045531,0.870375,0.689973,-0.382020
17.960041,1.357613,-0.183077,-0.150484,-1.335682,1.119713,1.035879,-0.552023,1.047910,-0.961868,0.815136,-0.187210,0.267478,0.628510,-0.276831,-1.409246,-0.022765,1.491138,-1.819657,1.229104,3.254400,-0.328126,0.260125,0.132718,-0.326142,-0.045865,0.868795,0.684882,-0.387573
17.961066,1.358335,-0.181295,-0.145757,-1.338246,1.120486,1.037910,-0.552132,1.023157,-0.949118,0.789826,-0.188271,0.270558,0.630519,-0.276962,-1.408979,-0.022627,1.490808,-1.819702,1.229987,3.255075,-0.328531,0.261279,0.133783,-0.328403,-0.045708,0.873716,0.681870,-0.393783
17.962045,1.358062,-0.181856,-0.148923,-1.338378,1.118713,1.041077,-0.553191,0.994856,-0.933946,0.761030,-0.188568,0.274391,0.632301,-0.277041,-1.408720,-0.022494,1.490472,-1.819741,1.230851,3.255744,-0.328928,0.261346,0.132640,-0.330231,-0.043120,0.873266,0.680032,-0.393630
17.962936,1.365903,-0.179076,-0.149051,-1.338808,1.112663,1.045670,-0.552137,0.966151,-0.918008,0.732033,-0.190374,0.278975,0.633520,-0.277001,-1.408457,-0.022360,1.490147,-1.819782,1.231736,3.256424,-0.329312,0.261709,0.132635,-0.328051,-0.042905,0.874808,0.676779,-0.391597
17.963982,1.360482,-0.180840,-0.146836,-1.338227,1.105591,1.047428,-0.551633,0.936531,-0.900502,0.702399,-0.194095,0.284288,0.634211,-0.276847,-1.408209,-0.022232,1.489820,-1.819825,1.232632,3.257087,-0.329719,0.257845,0.130879,-0.327128,-0.042254,0.879775,0.671837,-0.393608
17.964957,1.357405,-0.180723,-0.138525,-1.340066,1.104960,1.051552,-0.551576,0.907044,-0.882257,0.673091,-0.198428,0.289929,0.634422,-0.276651,-1.407940,-0.022099,1.489494,-1.819868,1.233527,3.257752,-0.330109,0.261013,0.131582,-0.327906,-0.042757,0.887117,0.670401,-0.394797
17.966077,1.364084,-0.180124,-0.138860,-1.341020,1.103819,1.057026,-0.552970,0.878786,-0.864385,0.645100,-0.202791,0.295504,0.634234,-0.276447,-1.407672,-0.021970,1.489155,-1.819905,1.234417,3.258416,-0.330505,0.262689,0.131266,-0.331355,-0.040892,0.887349,0.666257,-0.394949
17.967112,1.367228,-0.178632,-0.149140,-1.340100,1.097977,1.055707,-0.551472,0.853963,-0.848542,0.620666,-0.208186,0.300771,0.633668,-0.276236,-1.407420,-0.021838,1.488822,-1.819941,1.235306,3.259063,-0.330899,0.260151,0.130875,-0.330972,-0.040077,0.889463,0.661476,-0.392434
17.968143,1.365646,-0.181322,-0.144267,-1.337502,1.097523,1.054621,-0.550940,0.831971,-0.834179,0.599258,-0.214712,0.305607,0.632916,-0.276061,-1.407163,-0.021711,1.488508,-1.819983,1.236218,3.259725,-0.331298,0.259091,0.129986,-0.325558,-0.040944,0.895319,0.663122,-0.395624
17.968947,1.360168,-0.177626,-0.142706,-1.338500,1.094580,1.055237,-0.553176,0.808983,-0.818908,0.576918,-0.220151,0.309863,0.632382,-0.275999,-1.406896,-0.021576,1.488176,-1.820032,1.237122,3.260396,-0.331697,0.260262,0.131106,-0.327596,-0.043327,0.895739,0.664392,-0.396792
17.970018,1.361038,-0.179051,-0.141866,-1.336385,1.095804,1.056583,-0.552652,0.783180,-0.801558,0.551641,-0.223331,0.313445,0.632257,-0.276049,-1.406631,-0.021452,1.487852,-1.820071,1.238017,3.261050,-0.332080,0.262611,0.128804,-0.327213,-0.042084,0.896824,0.663118,-0.392079
17.971005,1.365601,-0.174231,-0.145585,-1.337494,1.091155,1.053509,-0.551540,0.752970,-0.780592,0.521867,-0.225033,0.316493,0.632627,-0.276187,-1.406369,-0.021323,1.487526,-1.820119,1.238920,3.261709,-0.332478,0.262706,0.129432,-0.327386,-0.044032,0.895959,0.662200,-0.393386
17.971977,1.362524,-0.173647,-0.143707,-1.337126,1.094289,1.054741,-0.551852,0.718448,-0.755818,0.487852,-0.225983,0.319043,0.633398,-0.276437,-1.406114,-0.021201,1.487203,-1.820162,1.239817,3.262373,-0.332882,0.260756,0.126837,-0.324997,-0.042758,0.900376,0.665371,-0.395655
17.973027,1.364147,-0.172039,-0.145982,-1.334300,1.101015,1.057190,-0.551991,0.680123,-0.727043,0.450164,-0.227489,0.321145,0.634365,-0.276808,-1.405846,-0.021076,1.486877,-1.820207,1.240709,3.263037,-0.333272,0.262477,0.126360,-0.325376,-0.042936,0.896782,0.664084,-0.395070
17.974032,1.369548,-0.177093,-0.143286,-1.331452,1.104169,1.058563,-0.552949,0.637050,-0.693525,0.407786,-0.229750,0.322932,0.635646,-0.277264,-1.405584,-0.020953,1.486557,-1.820258,1.241598,3.263706,-0.333668,0.262130,0.125481,-0.323962,-0.045507,0.890368,0.661912,-0.394971
17.974942,1.371300,-0.178345,-0.145386,-1.328773,1.104205,1.053991,-0.552756,0.592850,-0.659295,0.364281,-0.230305,0.324160,0.637359,-0.277749,-1.405331,-0.020821,1.486229,-1.820310,1.242487,3.264360,-0.334056,0.259846,0.127798,-0.324833,-0.048006,0.887188,0.660736,-0.393169
17.976089,1.371618,-0.178688,-0.142972,-1.327170,1.109936,1.050827,-0.553968,0.554655,-0.631188,0.326750,-0.226678,0.324354,0.639324,-0.278224,-1.405071,-0.020695,1.485915,-1.820365,1.243365,3.265037,-0.334450,0.259000,0.128104,-0.323097,-0.050190,0.886405,0.665020,-0.393521
17.976965,1.370399,-0.175362,-0.147005,-1.327464,1.109411,1.046764,-0.555654,0.524806,-0.611176,0.297486,-0.218446,0.323462,0.641396,-0.278664,-1.404812,-0.020567,1.485586,-1.820418,1.244243,3.265723,-0.334836,0.259718,0.128265,-0.324298,-0.051560,0.881940,0.668759,-0.391449
17.977946,1.376780,-0.176067,-0.153752,-1.327199,1.104574,1.040343,-0.555024,0.499290,-0.595111,0.272529,-0.207652,0.321990,0.643597,-0.279063,-1.404551,-0.020448,1.485273,-1.820466,1.245114,3.266398,-0.335216,0.260216,0.126327,-0.321484,-0.050866,0.881492,0.672351,-0.388008
17.979051,1.379523,-0.175560,-0.155092,-1.327859,1.108120,1.036989,-0.556995,0.472838,-0.577814,0.246772,-0.197108,0.320457,0.645898,-0.279458,-1.404296,-0.020322,1.484964,-1.820518,1.246010,3.267087,-0.335608,0.257327,0.126498,-0.317739,-0.050789,0.886041,0.678681,-0.389389
17.980000,1.375091,-0.175643,-0.154490,-1.324736,1.111397,1.035020,-0.558466,0.444967,-0.558447,0.219777,-0.188660,0.318936,0.648005,-0.279868,-1.404042,-0.020196,1.484649,-1.820568,1.246878,3.267768,-0.335987,0.256741,0.126195,-0.317091,-0.049909,0.883459,0.682441,-0.385733
17.981103,1.380036,-0.175469,-0.155886,-1.323242,1.114973,1.035940,-0.559146,0.416660,-0.537897,0.192370,-0.182492,0.317317,0.649762,-0.280283,-1.403778,-0.020071,1.484336,-1.820627,1.247755,3.268459,-0.336362,0.259107,0.126009,-0.316888,-0.052512,0.879743,0.684130,-0.382887
17.982039,1.384836,-0.173396,-0.160877,-1.322858,1.115461,1.032138,-0.560315,0.387522,-0.516495,0.164003,-0.176933,0.315512,0.651352,-0.280714,-1.403528,-0.019947,1.484022,-1.820684,1.248637,3.269144,-0.336742,0.257397,0.125902,-0.316186,-0.053628,0.877065,0.683588,-0.381871
17.983004,1.383711,-0.168036,-0.162305,-1.320647,1.116783,1.032739,-0.561613,0.358695,-0.495411,0.135813,-0.171143,0.313491,0.652789,-0.281163,-1.403275,-0.019821,1.483715,-1.820735,1.249501,3.269833,-0.337114,0.255197,0.124599,-0.313172,-0.053619,0.876182,0.687130,-0.379602
17.983964,1.381056,-0.164619,-0.161291,-1.317831,1.122034,1.034505,-0.562351,0.328651,-0.472881,0.106305,-0.165664,0.311526,0.654073,-0.281616,-1.403018,-0.019706,1.483406,-1.820794,1.250379,3.270523,-0.337486,0.256041,0.121801,-0.312072,-0.055304,0.874558,0.686287,-0.377131
17.985088,1.390432,-0.167182,-0.169221,-1.317160,1.117869,1.035485,-0.563023,0.292794,-0.444867,0.070862,-0.160040,0.310036,0.655494,-0.282067,-1.402760,-0.019589,1.483091,-1.820856,1.251236,3.271204,-0.337861,0.257588,0.119985,-0.312085,-0.057509,0.869141,0.684351,-0.375771
17.986077,1.385744,-0.167163,-0.164299,-1.317434,1.116922,1.034837,-0.562117,0.251254,-0.412071,0.029607,-0.153242,0.309103,0.657167,-0.282513,-1.402514,-0.019466,1.482791,-1.820913,1.252119,3.271887,-0.338230,0.253778,0.121326,-0.308326,-0.057808,0.874466,0.683888,-0.374837
17.987016,1.388018,-0.161331,-0.161178,-1.318623,1.119750,1.036578,-0.564269,0.209310,-0.379626,-0.012147,-0.145584,0.308508,0.658783,-0.282946,-1.402250,-0.019346,1.482474,-1.820968,1.253006,3.272576,-0.338610,0.256439,0.121174,-0.310412,-0.057099,0.875191,0.684455,-0.376810
17.988096,1.391809,-0.164234,-0.163924,-1.317548,1.118243,1.039896,-0.563762,0.170347,-0.349679,-0.050950,-0.139634,0.308319,0.659958,-0.283345,-1.401998,-0.019234,1.482157,-1.821021,1.253868,3.273255,-0.338969,0.255492,0.118139,-0.311368,-0.055476,0.871956,0.682458,-0.372580
17.988992,1.391284,-0.167785,-0.165526,-1.318677,1.116007,1.040536,-0.563858,0.135719,-0.322456,-0.085368,-0.137381,0.308659,0.660510,-0.283690,-1.401745,-0.019112,1.481851,-1.821077,1.254747,3.273928,-0.339345,0.254282,0.119608,-0.309990,-0.056188,0.874220,0.679507,-0.373955
17.989961,1.395260,-0.164899,-0.162210,-1.315846,1.118582,1.043943,-0.565046,0.106684,-0.299913,-0.114127,-0.138405,0.309345,0.660489,-0.283992,-1.401495,-0.018987,1.481544,-1.821130,1.255632,3.274606,-0.339718,0.254653,0.121086,-0.308566,-0.054590,0.875480,0.678485,-0.373755
17.991077,1.393397,-0.162365,-0.157806,-1.312903,1.120374,1.049846,-0.565316,0.083862,-0.283434,-0.136630,-0.141650,0.310204,0.659995,-0.284245,-1.401245,-0.018872,1.481234,-1.821192,1.256492,3.275267,-0.340082,0.252995,0.119530,-0.309845,-0.056833,0.872789,0.675052,-0.371526
17.992081,1.403329,-0.162903,-0.155196,-1.314339,1.121121,1.053113,-0.566133,0.067546,-0.272967,-0.152651,-0.144937,0.311078,0.659226,-0.284423,-1.400986,-0.018754,1.480921,-1.821254,1.257366,3.275934,-0.340453,0.254708,0.118337,-0.312105,-0.059296,0.872079,0.669697,-0.371388
17.993095,1.403391,-0.160082,-0.160286,-1.315066,1.119253,1.054940,-0.566526,0.059744,-0.269563,-0.160232,-0.147082,0.311816,0.658288,-0.284506,-1.400746,-0.018634,1.480604,-1.821309,1.258231,3.276586,-0.340822,0.250280,0.118521,-0.313029,-0.057423,0.871513,0.666651,-0.369947
17.994083,1.402142,-0.160255,-0.160879,-1.314037,1.119350,1.054612,-0.566077,0.061075,-0.272960,-0.158705,-0.150211,0.312594,0.657148,-0.284489,-1.400494,-0.018519,1.480299,-1.821362,1.259109,3.277253,-0.341187,0.250767,0.117059,-0.310245,-0.056325,0.873545,0.664981,-0.369409
17.995068,1.401254,-0.161900,-0.157759,-1.315836,1.121433,1.055370,-0.568094,0.065047,-0.277618,-0.154552,-0.155949,0.313820,0.656174,-0.284413,-1.400243,-0.018402,1.479988,-1.821420,1.259989,3.277924,-0.341557,0.251799,0.117073,-0.309613,-0.056882,0.873305,0.665346,-0.370494
17.995980,1.400389,-0.161532,-0.156289,-1.315574,1.122412,1.051868,-0.567264,0.066932,-0.279921,-0.152557,-0.164600,0.315603,0.655704,-0.284313,-1.399986,-0.018283,1.479679,-1.821469,1.260849,3.278585,-0.341920,0.252565,0.117789,-0.310853,-0.054760,0.871268,0.664638,-0.366607
17.997269,1.401730,-0.160188,-0.158300,-1.313450,1.127768,1.052828,-0.567942,0.067920,-0.280704,-0.151522,-0.176990,0.317782,0.655594,-0.284202,-1.399732,-0.018166,1.479368,-1.821523,1.261716,3.279256,-0.342289,0.253096,0.117409,-0.310951,-0.054570,0.869638,0.667887,-0.368373
17.998076,1.401692,-0.164778,-0.164607,-1.312934,1.132139,1.052285,-0.567208,0.067921,-0.279812,-0.151494,-0.192350,0.320153,0.655716,-0.284105,-1.399478,-0.018050,1.479054,-1.821585,1.262570,3.279920,-0.342657,0.253829,0.117062,-0.310579,-0.056391,0.867071,0.668185,-0.367681
17.999024,1.402066,-0.163721,-0.157322,-1.310474,1.133189,1.056447,-0.566605,0.064343,-0.275966,-0.155084,-0.208416,0.322574,0.656246,-0.284039,-1.399222,-0.017929,1.478756,-1.821640,1.263425,3.280589,-0.343024,0.253557,0.119004,-0.306567,-0.056298,0.861205,0.668010,-0.369052
18.000047,1.403090,-0.158597,-0.163962,-1.308904,1.135087,1.051816,-0.569337,0.056962,-0.269934,-0.162568,-0.223495,0.324924,0.657332,-0.283996,-1.398968,-0.017812,1.478437,-1.821702,1.264283,3.281248,-0.343397,0.253600,0.118319,-0.309697,-0.058162,0.859960,0.663728,-0.370350
18.001005,1.404085,-0.161463,-0.157760,-1.307479,1.137828,1.051069,-0.568905,0.046643,-0.262038,-0.173069,-0.236399,0.327120,0.658925,-0.283954,-1.398714,-0.017700,1.478144,-1.821763,1.265132,3.281919,-0.343749,0.253577,0.115750,-0.306291,-0.059164,0.858567,0.668613,-0.365127
18.002047,1.404686,-0.161882,-0.155342,-1.309137,1.135343,1.049392,-0.568800,0.033502,-0.251503,-0.186417,-0.246775,0.329248,0.660877,-0.283903,-1.398460,-0.017582,1.477830,-1.821825,1.265989,3.282591,-0.344119,0.253345,0.117087,-0.308958,-0.059970,0.855662,0.669209,-0.366175
18.002970,1.407050,-0.159616,-0.155320,-1.307382,1.132764,1.047517,-0.568256,0.022274,-0.241910,-0.197842,-0.255550,0.331271,0.662808,-0.283847,-1.398210,-0.017464,1.477515,-1.821877,1.266843,3.283263,-0.344493,0.253644,0.117265,-0.309928,-0.057973,0.858833,0.671127,-0.366629
18.003975,1.408849,-0.159524,-0.159158,-1.310591,1.136000,1.043544,-0.567715,0.016667,-0.235996,-0.203561,-0.263840,0.333188,0.664427,-0.283782,-1.397958,-0.017352,1.477207,-1.821939,1.267707,3.283938,-0.344861,0.252621,0.116005,-0.309381,-0.059122,0.860875,0.672723,-0.367795
18.005050,1.413435,-0.157481,-0.160006,-1.310151,1.131339,1.041830,-0.567954,0.014403,-0.231372,-0.205758,-0.272950,0.335368,0.665719,-0.283696,-1.397703,-0.017236,1.476904,-1.821986,1.268566,3.284633,-0.345234,0.252136,0.115915,-0.307238,-0.055646,0.857835,0.676660,-0.369067
18.006042,1.411471,-0.159647,-0.159958,-1.309383,1.128804,1.042178,-0.565932,0.013138,-0.225626,-0.206773,-0.284605,0.338200,0.666664,-0.283564,-1.397456,-0.017123,1.476595,-1.822043,1.269430,3.285317,-0.345601,0.250580,0.114960,-0.306798,-0.055706,0.863385,0.678647,-0.368906
18.006993,1.412831,-0.160421,-0.157789,-1.309501,1.129458,1.033208,-0.565371,0.012797,-0.219024,-0.206774,-0.298012,0.341584,0.667362,-0.283371,-1.397199,-0.017006,1.476291,-1.822100,1.270304,3.286002,-0.345986,0.251931,0.115986,-0.306554,-0.056005,0.865876,0.678224,-0.373113
18.007940,1.415115,-0.159200,-0.158379,-1.310630,1.126954,1.029283,-0.564482,0.014438,-0.213170,-0.204796,-0.311307,0.345231,0.667938,-0.283113,-1.396949,-0.016887,1.475982,-1.822156,1.271173,3.286709,-0.346366,0.251523,0.116210,-0.307197,-0.055403,0.864866,0.686937,-0.374279
18.008951,1.411121,-0.165411,-0.162566,-1.313335,1.122015,1.026567,-0.563320,0.019563,-0.209002,-0.199359,-0.324905,0.349070,0.668218,-0.282772,-1.396699,-0.016774,1.475680,-1.822205,1.272037,3.287401,-0.346743,0.250642,0.115497,-0.306497,-0.053936,0.867077,0.690532,-0.376139
18.010007,1.402616,-0.167400,-0.159004,-1.313015,1.121326,1.023566,-0.564275,0.027040,-0.205611,-0.191644,-0.340252,0.353188,0.668213,-0.282358,-1.396438,-0.016648,1.475378,-1.822252,1.272924,3.288109,-0.347127,0.253039,0.118476,-0.304214,-0.051013,0.872066,0.693127,-0.378629
18.011059,1.411537,-0.165963,-0.164662,-1.313777,1.117373,1.018532,-0.562180,0.032684,-0.200946,-0.185949,-0.357710,0.357644,0.668308,-0.281917,-1.396171,-0.016525,1.475068,-1.822304,1.273788,3.288803,-0.347506,0.257755,0.119379,-0.305922,-0.051067,0.873363,0.696287,-0.376925
18.012039,1.408169,-0.166476,-0.162811,-1.313362,1.118592,1.018178,-0.560416,0.034976,-0.194345,-0.183807,-0.376353,0.362243,0.668594,-0.281496,-1.395923,-0.016407,1.474775,-1.822353,1.274680,3.289534,-0.347893,0.253877,0.118638,-0.303122,-0.050059,0.877674,0.701260,-0.381388
18.012953,1.404236,-0.167757,-0.161811,-1.312603,1.114240,1.020465,-0.562085,0.035613,-0.186645,-0.183427,-0.395320,0.366681,0.668794,-0.281128,-1.395666,-0.016288,1.474471,-1.822405,1.275565,3.290232,-0.348287,0.255916,0.118782,-0.303778,-0.050134,0.876166,0.701386,-0.384976
18.014075,1.405773,-0.165869,-0.162135,-1.310735,1.113400,1.019771,-0.561832,0.034471,-0.177945,-0.184930,-0.413467,0.370762,0.668892,-0.280827,-1.395401,-0.016167,1.474169,-1.822457,1.276441,3.290921,-0.348661,0.257864,0.119185,-0.303770,-0.050476,0.879842,0.698671,-0.381600
18.014983,1.407657,-0.166342,-0.166038,-1.308577,1.116532,1.022449,-0.562273,0.030499,-0.168053,-0.189403,-0.428901,0.374271,0.669028,-0.280594,-1.395139,-0.016051,1.473861,-1.822512,1.277330,3.291620,-0.349050,0.257810,0.118333,-0.303749,-0.052043,0.881643,0.699799,-0.382471
18.015963,1.411612,-0.167518,-0.165864,-1.305799,1.112188,1.028254,-0.563547,0.023581,-0.157181,-0.196882,-0.439927,0.377008,0.669227,-0.280429,-1.394887,-0.015933,1.473563,-1.822569,1.278199,3.292305,-0.349431,0.256965,0.118381,-0.301301,-0.053650,0.877742,0.696685,-0.381567
18.017019,1.415986,-0.170525,-0.163835,-1.304285,1.115757,1.031819,-0.562793,0.014877,-0.146776,-0.206131,-0.445028,0.378755,0.669580,-0.280328,-1.394633,-0.015813,1.473266,-1.822628,1.279087,3.292989,-0.349804,0.255322,0.118838,-0.301191,-0.055895,0.881900,0.690757,-0.379150
18.018063,1.416684,-0.169000,-0.156250,-1.303318,1.119688,1.034052,-0.563705,0.009499,-0.141460,-0.212085,-0.443153,0.379125,0.670047,-0.280296,-1.394380,-0.015689,1.472961,-1.822688,1.279965,3.293669,-0.350197,0.253742,0.120269,-0.302164,-0.056932,0.878771,0.687462,-0.380898
18.019054,1.422295,-0.176819,-0.158103,-1.300407,1.121814,1.034868,-0.563142,0.013545,-0.145593,-0.208692,-0.435338,0.377980,0.670315,-0.280332,-1.394128,-0.015570,1.472644,-1.822746,1.280831,3.294341,-0.350565,0.254004,0.119455,-0.305743,-0.057447,0.875354,0.685477,-0.379315
18.020039,1.428434,-0.178574,-0.163124,-1.300719,1.122894,1.040854,-0.563678,0.030439,-0.161416,-0.192479,-0.422916,0.375418,0.670121,-0.280416,-1.393880,-0.015441,1.472345,-1.822807,1.281700,3.295024,-0.350949,0.251621,0.123183,-0.304567,-0.059790,0.873263,0.684631,-0.380594
18.021015,1.429864,-0.176955,-0.161163,-1.297720,1.125627,1.041317,-0.565274,0.059949,-0.189373,-0.163632,-0.406324,0.371612,0.669502,-0.280543,-1.393639,-0.015315,1.472048,-1.822864,1.282577,3.295701,-0.351327,0.249054,0.123824,-0.301842,-0.058982,0.872086,0.678559,-0.379632
18.021956,1.423844,-0.172953,-0.156916,-1.297066,1.125814,1.045382,-0.564505,0.097446,-0.225606,-0.126818,-0.386668,0.367042,0.668620,-0.280699,-1.393390,-0.015196,1.471746,-1.822931,1.283431,3.296370,-0.351697,0.248748,0.122880,-0.302574,-0.061285,0.869382,0.678132,-0.376577
18.023073,1.429438,-0.172639,-0.157093,-1.296842,1.127589,1.050364,-0.567094,0.135807,-0.262904,-0.089240,-0.365181,0.362292,0.667608,-0.280867,-1.393131,-0.015080,1.471439,-1.822993,1.284299,3.297042,-0.352079,0.251936,0.120729,-0.304231,-0.061270,0.868797,0.673846,-0.378203
18.024012,1.438077,-0.174847,-0.156758,-1.294766,1.129019,1.053907,-0.564834,0.169893,-0.295789,-0.055977,-0.343348,0.357747,0.666579,-0.281061,-1.392887,-0.014958,1.471134,-1.823054,1.285155,3.297695,-0.352441,0.250015,0.120617,-0.304281,-0.061028,0.868294,0.669513,-0.373386
18.025051,1.434503,-0.179453,-0.159508,-1.291309,1.130739,1.052111,-0.564365,0.202318,-0.325968,-0.024308,-0.321998,0.353255,0.665447,-0.281291,-1.392646,-0.014834,1.470831,-1.823120,1.286019,3.298351,-0.352831,0.246028,0.121489,-0.304020,-0.062386,0.866463,0.665881,-0.378011
18.026122,1.435223,-0.183200,-0.162953,-1.289002,1.133504,1.053889,-0.566126,0.236754,-0.357287,0.009399,-0.299665,0.348387,0.664248,-0.281554,-1.392396,-0.014705,1.470528,-1.823191,1.286888,3.299022,-0.353213,0.248471,0.123654,-0.302541,-0.065102,0.865193,0.667960,-0.379124
18.027089,1.438004,-0.186549,-0.159553,-1.286901,1.135901,1.054718,-0.566088,0.269909,-0.388719,0.041740,-0.274330,0.343038,0.663427,-0.281849,-1.392146,-0.014578,1.470232,-1.823260,1.287741,3.299681,-0.353582,0.248795,0.125420,-0.300929,-0.066709,0.863313,0.666580,-0.375875
18.027986,1.437095,-0.189350,-0.159725,-1.287154,1.137632,1.052115,-0.566190,0.300330,-0.419871,0.071218,-0.245588,0.337241,0.663187,-0.282175,-1.391898,-0.014447,1.469927,-1.823330,1.288600,3.300347,-0.353961,0.247760,0.126808,-0.302303,-0.067994,0.860822,0.665716,-0.376089
18.029075,1.438005,-0.190719,-0.153225,-1.285272,1.140950,1.052057,-0.566329,0.330724,-0.452311,0.100575,-0.215288,0.331108,0.663242,-0.282528,-1.391652,-0.014316,1.469624,-1.823395,1.289449,3.301007,-0.354338,0.248375,0.127837,-0.301613,-0.066959,0.858484,0.668056,-0.375873
18.029981,1.435907,-0.192785,-0.157682,-1.282199,1.139082,1.051770,-0.566472,0.362722,-0.486268,0.131523,-0.185998,0.324921,0.663196,-0.282905,-1.391400,-0.014188,1.469313,-1.823467,1.290307,3.301673,-0.354713,0.248655,0.128434,-0.304891,-0.068129,0.856159,0.668557,-0.375922
18.030962,1.436736,-0.186513,-0.154179,-1.282107,1.135944,1.056763,-0.566819,0.395401,-0.520612,0.163175,-0.158016,0.318918,0.662932,-0.283290,-1.391149,-0.014056,1.469016,-1.823544,1.291169,3.302346,-0.355086,0.249830,0.129091,-0.302134,-0.070190,0.857410,0.668508,-0.375656
18.031995,1.439763,-0.187158,-0.155990,-1.278853,1.138471,1.059320,-0.568063,0.423859,-0.551050,0.190674,-0.130963,0.313444,0.662678,-0.283665,-1.390899,-0.013936,1.468714,-1.823614,1.292032,3.302995,-0.355457,0.249790,0.125783,-0.303662,-0.069466,0.860569,0.663587,-0.375116
18.033036,1.438566,-0.189368,-0.152478,-1.276676,1.136103,1.058737,-0.569487,0.444946,-0.574067,0.210929,-0.105460,0.308839,0.662585,-0.284002,-1.390649,-0.013812,1.468412,-1.823691,1.292893,3.303651,-0.355827,0.248838,0.126027,-0.302634,-0.071826,0.858455,0.661345,-0.372860
18.034090,1.446979,-0.191133,-0.146687,-1.275424,1.135398,1.057842,-0.571289,0.460640,-0.591301,0.225913,-0.080879,0.305021,0.662680,-0.284273,-1.390401,-0.013682,1.468101,-1.823767,1.293750,3.304310,-0.356195,0.250075,0.126970,-0.304234,-0.073098,0.861456,0.662262,-0.370277
18.035143,1.445555,-0.199866,-0.148397,-1.274720,1.139058,1.058389,-0.571884,0.477928,-0.608747,0.242565,-0.056600,0.301571,0.662726,-0.284440,-1.390160,-0.013555,1.467790,-1.823842,1.294621,3.304983,-0.356551,0.246575,0.127734,-0.307009,-0.073511,0.862706,0.663437,-0.367009
18.036078,1.444971,-0.200526,-0.148393,-1.273576,1.132915,1.053480,-0.573494,0.504272,-0.632698,0.268331,-0.033482,0.298201,0.662425,-0.284481,-1.389909,-0.013417,1.467485,-1.823913,1.295487,3.305651,-0.356917,0.247961,0.131878,-0.306051,-0.073436,0.859592,0.663171,-0.366141
18.037013,1.442521,-0.198190,-0.147248,-1.275748,1.135806,1.049051,-0.574198,0.538305,-0.662912,0.301802,-0.012520,0.295062,0.661955,-0.284441,-1.389660,-0.013283,1.467176,-1.823988,1.296354,3.306323,-0.357272,0.248491,0.131807,-0.305550,-0.073628,0.865380,0.667928,-0.363046
18.038047,1.441604,-0.202013,-0.147043,-1.275052,1.135302,1.047671,-0.574721,0.572715,-0.692799,0.335649,0.004033,0.292676,0.661487,-0.284375,-1.389405,-0.013156,1.466871,-1.824052,1.297212,3.307008,-0.357629,0.249899,0.130352,-0.305665,-0.070745,0.862041,0.672063,-0.361792
18.039134,1.445755,-0.202537,-0.140627,-1.274600,1.133008,1.046490,-0.575383,0.602221,-0.716780,0.364649,0.013378,0.291539,0.660984,-0.284312,-1.389156,-0.013019,1.466565,-1.824124,1.298084,3.307690,-0.357991,0.250937,0.132037,-0.305621,-0.070685,0.862954,0.673556,-0.361035
18.040080,1.444468,-0.203063,-0.137920,-1.274471,1.136790,1.043872,-0.576037,0.628837,-0.736635,0.390858,0.015718,0.291415,0.660258,-0.284270,-1.388908,-0.012887,1.466254,-1.824195,1.298946,3.308362,-0.358346,0.249616,0.132149,-0.308845,-0.070404,0.866213,0.675154,-0.360110
18.040968,1.438498,-0.201343,-0.136858,-1.271939,1.137880,1.043903,-0.577210,0.657778,-0.756725,0.419483,0.012396,0.291732,0.658959,-0.284239,-1.388653,-0.012757,1.465941,-1.824264,1.299806,3.309047,-0.358704,0.250492,0.132103,-0.309646,-0.069722,0.862070,0.677537,-0.358949
18.041969,1.440143,-0.202086,-0.139428,-1.270358,1.140316,1.046880,-0.577564,0.686105,-0.774737,0.447569,0.004382,0.292435,0.657209,-0.284207,-1.388398,-0.012629,1.465627,-1.824340,1.300655,3.309719,-0.359057,0.253500,0.130889,-0.309441,-0.071266,0.860323,0.677081,-0.356664
18.043026,1.441110,-0.205546,-0.137094,-1.266704,1.143653,1.047543,-0.578758,0.706185,-0.785336,0.467507,-0.006219,0.293634,0.655595,-0.284198,-1.388143,-0.012500,1.465325,-1.824413,1.301510,3.310393,-0.359410,0.253048,0.131058,-0.307929,-0.071974,0.858127,0.674124,-0.356236
18.044101,1.439543,-0.204927,-0.130575,-1.267425,1.150935,1.047756,-0.578260,0.717280,-0.789141,0.478559,-0.016540,0.295014,0.654419,-0.284250,-1.387892,-0.012364,1.465013,-1.824492,1.302368,3.311070,-0.359765,0.253204,0.132574,-0.308989,-0.074706,0.855504,0.673753,-0.354183
18.044984,1.435286,-0.208647,-0.132769,-1.266790,1.151214,1.046328,-0.578063,0.724548,-0.790710,0.485804,-0.025299,0.296198,0.653484,-0.284372,-1.387634,-0.012231,1.464698,-1.824561,1.303198,3.311743,-0.360120,0.254618,0.132086,-0.312156,-0.073265,0.849333,0.673902,-0.355591
18.045973,1.441776,-0.211392,-0.128607,-1.265974,1.148226,1.050257,-0.577217,0.729689,-0.790983,0.490912,-0.033948,0.297342,0.652571,-0.284556,-1.387371,-0.012094,1.464389,-1.824634,1.304052,3.312424,-0.360474,0.256652,0.133501,-0.310320,-0.072970,0.848337,0.674867,-0.356041
18.047090,1.442122,-0.209114,-0.131321,-1.264180,1.150403,1.049406,-0.578123,0.733341,-0.790702,0.494554,-0.043156,0.298574,0.651564,-0.284800,-1.387124,-0.011957,1.464067,-1.824707,1.304904,3.313085,-0.360839,0.253814,0.134543,-0.311948,-0.072914,0.851540,0.670969,-0.357942
18.048008,1.438425,-0.207712,-0.126418,-1.263782,1.149132,1.051654,-0.579613,0.738364,-0.792369,0.499593,-0.051769,0.299708,0.650256,-0.285076,-1.386867,-0.011828,1.463761,-1.824780,1.305754,3.313756,-0.361187,0.254450,0.133322,-0.310709,-0.073972,0.850641,0.672417,-0.356575
18.048983,1.441846,-0.208741,-0.124964,-1.264804,1.149386,1.056378,-0.579161,0.742723,-0.793739,0.503991,-0.059303,0.300887,0.648644,-0.285334,-1.386604,-0.011695,1.463443,-1.824853,1.306614,3.314423,-0.361537,0.256322,0.132258,-0.312519,-0.073431,0.851399,0.669886,-0.353717
18.050112,1.451255,-0.205634,-0.121631,-1.264655,1.148476,1.059702,-0.580896,0.744202,-0.792403,0.505572,-0.066764,0.302437,0.646838,-0.285549,-1.386354,-0.011560,1.463126,-1.824921,1.307462,3.315083,-0.361891,0.254950,0.132463,-0.312753,-0.071652,0.851231,0.665166,-0.354876
18.051023,1.446618,-0.206994,-0.123267,-1.264063,1.145354,1.060405,-0.580284,0.747344,-0.791341,0.508927,-0.075474,0.304362,0.644669,-0.285706,-1.386108,-0.011433,1.462810,-1.824991,1.308322,3.315731,-0.362240,0.251172,0.130869,-0.314497,-0.071163,0.853490,0.662589,-0.351855
18.052011,1.443585,-0.203201,-0.118330,-1.263768,1.144243,1.063090,-0.580500,0.754704,-0.792296,0.516587,-0.085499,0.306578,0.642125,-0.285804,-1.385854,-0.011303,1.462496,-1.825063,1.309177,3.316379,-0.362596,0.253649,0.131225,-0.312989,-0.070850,0.856077,0.661750,-0.353225
18.052967,1.449833,-0.205678,-0.122047,-1.265794,1.137505,1.065900,-0.579214,0.763464,-0.786546,0.525882,-0.108514,0.312730,0.637777,-0.285976,-1.385345,-0.011048,1.461871,-1.825195,1.310921,3.317695,-0.363315,0.252597,0.130106,-0.312733,-0.067674,0.863617,0.656287,-0.355757
18.054027,1.448426,-0.209138,-0.117280,-1.265815,1.135310,1.065234,-0.579813,0.763464,-0.786546,0.525882,-0.108514,0.312730,0.637777,-0.285976,-1.385345,-0.011048,1.461871,-1.825195,1.310921,3.317695,-0.363315,0.252597,0.130106,-0.312733,-0.067674,0.863617,0.656287,-0.355757
18.055025,1.448741,-0.208003,-0.114773,-1.266148,1.134612,1.065740,-0.580054,0.765179,-0.780730,0.527824,-0.122773,0.316592,0.636289,-0.286086,-1.385092,-0.010913,1.461550,-1.825262,1.311801,3.318349,-0.363660,0.253967,0.131639,-0.314924,-0.067033,0.866292,0.657409,-0.354920
18.056130,1.446229,-0.207810,-0.114025,-1.265698,1.126106,1.064123,-0.578163,0.775617,-0.775313,0.538566,-0.157023,0.324494,0.634155,-0.286253,-1.384574,-0.010653,1.460918,-1.825394,1.313562,3.319684,-0.364386,0.256133,0.130647,-0.316142,-0.065879,0.876439,0.659124,-0.358886
18.057025,1.443662,-0.207670,-0.116936,-1.266410,1.125399,1.066442,-0.578810,0.775617,-0.775313,0.538566,-0.157023,0.324494,0.634155,-0.286253,-1.384574,-0.010653,1.460918,-1.825394,1.313562,3.319684,-0.364386,0.256133,0.130647,-0.316142,-0.065879,0.876439,0.659124,-0.358886
18.058005,1.443492,-0.205353,-0.114614,-1.265798,1.125239,1.060049,-0.578550,0.778337,-0.771164,0.541304,-0.176185,0.328400,0.633739,-0.286346,-1.384315,-0.010527,1.460613,-1.825456,1.314436,3.320331,-0.364735,0.257386,0.130253,-0.314047,-0.064478,0.876175,0.656533,-0.357638
18.059058,1.442919,-0.207410,-0.115281,-1.265185,1.121679,1.060465,-0.575495,0.773421,-0.761407,0.536368,-0.197007,0.332469,0.633986,-0.286464,-1.384054,-0.010401,1.460293,-1.825519,1.315318,3.321005,-0.365096,0.257724,0.128880,-0.314755,-0.064464,0.876139,0.662982,-0.358373
18.060059,1.445832,-0.205447,-0.110453,-1.262263,1.120433,1.057438,-0.574896,0.761522,-0.746426,0.524509,-0.219387,0.336644,0.634711,-0.286625,-1.383795,-0.010268,1.459979,-1.825583,1.316201,3.321663,-0.365473,0.258546,0.129745,-0.314229,-0.064499,0.880174,0.662861,-0.364794
18.061049,1.443911,-0.204771,-0.106345,-1.261876,1.120376,1.055030,-0.575325,0.747098,-0.730186,0.510216,-0.241424,0.340454,0.635679,-0.286861,-1.383539,-0.010144,1.459664,-1.825653,1.317088,3.322339,-0.365842,0.257447,0.128586,-0.316310,-0.066676,0.881314,0.665962,-0.366142
18.062055,1.444758,-0.200565,-0.110539,-1.260150,1.122222,1.051675,-0.573728,0.734745,-0.716349,0.498067,-0.261550,0.343472,0.636658,-0.287141,-1.383279,-0.010015,1.459341,-1.825718,1.317972,3.323013,-0.366208,0.258738,0.128030,-0.317859,-0.066366,0.881229,0.668364,-0.365454
18.063054,1.446071,-0.205330,-0.111551,-1.260331,1.122893,1.051524,-0.572363,0.723422,-0.703495,0.487015,-0.280028,0.345798,0.637630,-0.287437,-1.383020,-0.009892,1.459032,-1.825786,1.318844,3.323683,-0.366582,0.258658,0.125778,-0.315452,-0.067378,0.879486,0.671826,-0.368879
18.063981,1.441452,-0.208316,-0.106018,-1.256321,1.125958,1.050941,-0.569395,0.709446,-0.688700,0.473363,-0.297517,0.347717,0.638822,-0.287793,-1.382757,-0.009762,1.458720,-1.825851,1.319723,3.324358,-0.366962,0.258302,0.127975,-0.314629,-0.066518,0.878819,0.671980,-0.371756
18.065113,1.441550,-0.210340,-0.105797,-1.257479,1.130935,1.045337,-0.570926,0.694177,-0.674248,0.458369,-0.313124,0.349091,0.640431,-0.288248,-1.382494,-0.009630,1.458397,-1.825925,1.320579,3.325028,-0.367353,0.260680,0.129110,-0.316718,-0.069628,0.875314,0.672340,-0.377707
18.065993,1.443163,-0.213364,-0.106891,-1.252817,1.135139,1.043813,-0.570673,0.680531,-0.663383,0.444865,-0.325884,0.349720,0.642501,-0.288768,-1.382229,-0.009502,1.458083,-1.825988,1.321447,3.325720,-0.367722,0.261351,0.130089,-0.316910,-0.067937,0.871609,0.678481,-0.374978
18.067018,1.437254,-0.211856,-0.112924,-1.250208,1.133422,1.039828,-0.569205,0.669406,-0.656902,0.433765,-0.335796,0.349653,0.644944,-0.289282,-1.381967,-0.009368,1.457768,-1.826066,1.322311,3.326411,-0.368104,0.260427,0.131176,-0.315567,-0.071573,0.866488,0.679404,-0.375461
18.068096,1.432876,-0.207630,-0.110072,-1.249351,1.137028,1.039319,-0.570150,0.656638,-0.651926,0.420901,-0.341333,0.349019,0.647987,-0.289810,-1.381699,-0.009239,1.457457,-1.826142,1.323170,3.327099,-0.368486,0.263745,0.130216,-0.312301,-0.073276,0.868703,0.683487,-0.378609
18.069072,1.439259,-0.205759,-0.110745,-1.250057,1.141926,1.033513,-0.569714,0.633866,-0.641475,0.397908,-0.341948,0.348173,0.651980,-0.290417,-1.381427,-0.009114,1.457143,-1.826216,1.324033,3.327788,-0.368864,0.266390,0.128035,-0.313697,-0.073315,0.865896,0.684244,-0.376966
18.070092,1.439988,-0.202042,-0.113086,-1.247180,1.138043,1.034392,-0.571878,0.600179,-0.622900,0.363972,-0.340608,0.347478,0.656558,-0.291083,-1.381171,-0.008989,1.456831,-1.826283,1.324894,3.328488,-0.369247,0.263447,0.126905,-0.312930,-0.071852,0.860940,0.689885,-0.377965
18.071076,1.441364,-0.204105,-0.110863,-1.248826,1.142547,1.036975,-0.569519,0.560845,-0.598884,0.324474,-0.339445,0.346902,0.661052,-0.291763,-1.380909,-0.008869,1.456527,-1.826362,1.325756,3.329172,-0.369611,0.263484,0.124961,-0.311586,-0.073794,0.865272,0.689012,-0.373839
18.072130,1.439579,-0.202942,-0.109721,-1.245637,1.146502,1.039684,-0.569644,0.519302,-0.572191,0.282828,-0.338469,0.346261,0.665223,-0.292468,-1.380644,-0.008740,1.456211,-1.826429,1.326613,3.329857,-0.369996,0.263021,0.125783,-0.312288,-0.071401,0.860760,0.686325,-0.378755
18.072950,1.440539,-0.205510,-0.107937,-1.243134,1.144526,1.037870,-0.572470,0.478073,-0.545482,0.241452,-0.337583,0.345514,0.669077,-0.293205,-1.380379,-0.008613,1.455892,-1.826507,1.327462,3.330531,-0.370375,0.264388,0.125073,-0.312623,-0.073716,0.857592,0.683884,-0.378702
18.074012,1.447402,-0.206032,-0.106696,-1.240986,1.141919,1.042185,-0.572714,0.439056,-0.521160,0.202240,-0.335115,0.344520,0.672671,-0.293930,-1.380117,-0.008485,1.455584,-1.826584,1.328320,3.331222,-0.370739,0.263579,0.125932,-0.312616,-0.075093,0.858236,0.684944,-0.372908
18.074978,1.451481,-0.204638,-0.113307,-1.240417,1.145216,1.044942,-0.572790,0.406255,-0.503172,0.169317,-0.328745,0.342904,0.675881,-0.294596,-1.379863,-0.008359,1.455270,-1.826665,1.329198,3.331903,-0.371115,0.260748,0.126094,-0.313104,-0.076250,0.861432,0.680841,-0.372752
18.076005,1.448984,-0.203400,-0.105867,-1.239269,1.146092,1.045450,-0.573915,0.382039,-0.493276,0.145166,-0.318446,0.340640,0.678570,-0.295191,-1.379605,-0.008234,1.454971,-1.826740,1.330043,3.332575,-0.371489,0.258956,0.125168,-0.309473,-0.075883,0.858115,0.678013,-0.372720
18.077061,1.457690,-0.202588,-0.111278,-1.238887,1.144669,1.048084,-0.575075,0.363512,-0.488204,0.126913,-0.306076,0.338160,0.680745,-0.295708,-1.379340,-0.008113,1.454653,-1.826816,1.330903,3.333251,-0.371857,0.260611,0.124478,-0.312953,-0.076136,0.857690,0.677677,-0.370700
18.078017,1.459548,-0.205151,-0.119709,-1.237341,1.142656,1.051330,-0.575338,0.349576,-0.486015,0.113432,-0.293378,0.335731,0.682224,-0.296126,-1.379092,-0.007990,1.454348,-1.826893,1.331762,3.333917,-0.372221,0.256875,0.124004,-0.310133,-0.075620,0.859831,0.675342,-0.368688
18.078963,1.454648,-0.204845,-0.116142,-1.233539,1.144735,1.055613,-0.573977,0.326329,-0.483866,0.091321,-0.267430,0.331507,0.683485,-0.296706,-1.378572,-0.007742,1.453742,-1.827056,1.333491,3.335247,-0.372964,0.258797,0.124694,-0.306965,-0.078796,0.859157,0.667594,-0.371145
18.080014,1.456781,-0.205253,-0.117524,-1.232387,1.144966,1.056113,-0.573021,0.326329,-0.483866,0.091321,-0.267430,0.331507,0.683485,-0.296706,-1.378572,-0.007742,1.453742,-1.827056,1.333491,3.335247,-0.372964,0.258797,0.124694,-0.306965,-0.078796,0.859157,0.667594,-0.371145
18.080958,1.459696,-0.204301,-0.114249,-1.230724,1.144824,1.059285,-0.574491,0.310042,-0.479550,0.075393,-0.252058,0.329891,0.683872,-0.296912,-1.378317,-0.007617,1.453441,-1.827136,1.334345,3.335903,-0.373338,0.258266,0.124803,-0.306229,-0.078972,0.859660,0.667502,-0.373314
18.082098,1.461608,-0.199760,-0.117254,-1.227978,1.145556,1.065055,-0.574380,0.293066,-0.474215,0.058589,-0.235570,0.328622,0.683925,-0.297031,-1.378062,-0.007494,1.453132,-1.827216,1.335206,3.336562,-0.373702,0.257000,0.124104,-0.307406,-0.079548,0.859475,0.664205,-0.370445
18.083023,1.458378,-0.196700,-0.119670,-1.226800,1.145344,1.068432,-0.574220,0.277640,-0.468596,0.043196,-0.218955,0.327776,0.683571,-0.297036,-1.377807,-0.007377,1.452828,-1.827301,1.336061,3.337205,-0.374077,0.256937,0.121931,-0.306117,-0.081298,0.860233,0.659228,-0.371112
18.084048,1.461109,-0.197457,-0.120274,-1.223539,1.144306,1.067545,-0.572652,0.259422,-0.458640,0.024884,-0.202719,0.327683,0.683257,-0.296969,-1.377545,-0.007262,1.452527,-1.827383,1.336923,3.337850,-0.374449,0.258623,0.120266,-0.304457,-0.081342,0.859943,0.655779,-0.371491
18.085208,1.467391,-0.196251,-0.120828,-1.222797,1.145952,1.069132,-0.574092,0.234769,-0.441539,0.000042,-0.187256,0.328522,0.683381,-0.296875,-1.377288,-0.007141,1.452227,-1.827471,1.337790,3.338509,-0.374829,0.257686,0.120575,-0.304067,-0.083438,0.861339,0.656949,-0.374850
18.086002,1.468441,-0.196584,-0.121602,-1.222045,1.147092,1.067860,-0.574234,0.208241,-0.421292,-0.026687,-0.172637,0.329911,0.683797,-0.296730,-1.377039,-0.007021,1.451922,-1.827553,1.338646,3.339157,-0.375199,0.255557,0.120078,-0.304094,-0.083234,0.861318,0.656203,-0.372377
18.087018,1.474159,-0.196349,-0.121312,-1.218407,1.145702,1.068630,-0.572380,0.185348,-0.402241,-0.049708,-0.160191,0.331518,0.684189,-0.296513,-1.376784,-0.006905,1.451622,-1.827634,1.339503,3.339819,-0.375568,0.254729,0.119909,-0.302815,-0.082752,0.858564,0.656766,-0.371962
18.088017,1.476367,-0.193510,-0.118142,-1.214207,1.150544,1.069590,-0.575004,0.168200,-0.386265,-0.066897,-0.150711,0.333119,0.684401,-0.296268,-1.376539,-0.006788,1.451317,-1.827725,1.340366,3.340474,-0.375952,0.252423,0.119742,-0.302776,-0.085160,0.860298,0.656211,-0.375877
18.089016,1.476615,-0.192548,-0.120286,-1.213879,1.155718,1.071753,-0.574284,0.158603,-0.375426,-0.076527,-0.142356,0.334270,0.684344,-0.296021,-1.376287,-0.006674,1.451010,-1.827820,1.341217,3.341123,-0.376308,0.251759,0.118277,-0.304106,-0.087990,0.855665,0.655438,-0.370788
18.090019,1.483583,-0.190353,-0.122118,-1.210903,1.155734,1.072627,-0.574974,0.155130,-0.368820,-0.080090,-0.134423,0.334948,0.684084,-0.295766,-1.376033,-0.006555,1.450709,-1.827903,1.342053,3.341777,-0.376690,0.252051,0.117706,-0.302808,-0.087193,0.850913,0.653430,-0.372440
18.091018,1.482545,-0.187708,-0.117185,-1.210262,1.159096,1.069427,-0.573100,0.154114,-0.363540,-0.081230,-0.128125,0.335504,0.683801,-0.295540,-1.375791,-0.006442,1.450408,-1.827997,1.342886,3.342425,-0.377056,0.249100,0.116590,-0.301705,-0.088826,0.851440,0.652783,-0.371248
18.091997,1.480139,-0.184219,-0.111835,-1.208231,1.163793,1.067036,-0.573417,0.155253,-0.359075,-0.080274,-0.124158,0.336074,0.683451,-0.295366,-1.375536,-0.006332,1.450103,-1.828081,1.343734,3.343090,-0.377431,0.250050,0.115279,-0.303954,-0.088337,0.848352,0.656120,-0.375217
18.093058,1.483739,-0.182144,-0.122503,-1.206763,1.160881,1.064886,-0.575109,0.158924,-0.354942,-0.076898,-0.123281,0.336843,0.682883,-0.295205,-1.375286,-0.006221,1.449792,-1.828170,1.344577,3.343763,-0.377805,0.251634,0.113501,-0.306238,-0.089119,0.843810,0.658465,-0.374683
18.093968,1.481100,-0.182757,-0.122697,-1.204938,1.160007,1.059347,-0.575532,0.161300,-0.347990,-0.074861,-0.125626,0.338131,0.682271,-0.295006,-1.375036,-0.006110,1.449500,-1.828259,1.345423,3.344423,-0.378168,0.250484,0.112553,-0.300957,-0.089416,0.847678,0.661000,-0.371594
18.094949,1.478341,-0.186152,-0.126807,-1.204027,1.162926,1.053130,-0.573956,0.156991,-0.334981,-0.079484,-0.130129,0.340123,0.681977,-0.294763,-1.374779,-0.005997,1.449198,-1.828350,1.346273,3.345099,-0.378537,0.251877,0.112727,-0.300384,-0.089890,0.848011,0.666227,-0.370818
18.096092,1.479133,-0.181378,-0.125794,-1.203909,1.161626,1.053305,-0.576946,0.144171,-0.315768,-0.092641,-0.136102,0.342897,0.682101,-0.294495,-1.374523,-0.005879,1.448903,-1.828440,1.347106,3.345773,-0.378921,0.253579,0.114339,-0.298129,-0.089505,0.845359,0.672425,-0.374118
18.097002,1.479856,-0.186229,-0.125418,-1.202081,1.160243,1.053199,-0.577311,0.123822,-0.291592,-0.113356,-0.143918,0.346530,0.682497,-0.294184,-1.374265,-0.005773,1.448604,-1.828527,1.347961,3.346446,-0.379277,0.254030,0.112165,-0.298985,-0.088574,0.848212,0.672832,-0.368542
18.097961,1.484056,-0.181908,-0.127845,-1.203267,1.156611,1.051748,-0.576839,0.099633,-0.265386,-0.137893,-0.153544,0.350886,0.682964,-0.293782,-1.374009,-0.005653,1.448304,-1.828617,1.348821,3.347126,-0.379642,0.253737,0.114405,-0.298667,-0.089064,0.848976,0.672572,-0.367922
18.098981,1.475997,-0.180957,-0.125694,-1.201830,1.157347,1.050916,-0.576478,0.076259,-0.240927,-0.161582,-0.164673,0.355756,0.683317,-0.293293,-1.373762,-0.005546,1.448005,-1.828700,1.349674,3.347799,-0.380007,0.251965,0.112200,-0.297127,-0.086717,0.852537,0.673926,-0.369029
18.099986,1.479465,-0.182286,-0.127942,-1.203703,1.151026,1.049991,-0.577892,0.053107,-0.217170,-0.185039,-0.177936,0.361269,0.683526,-0.292764,-1.373497,-0.005436,1.447707,-1.828789,1.350527,3.348484,-0.380382,0.256397,0.111783,-0.298130,-0.086983,0.852201,0.674814,-0.369955
18.101070,1.491823,-0.181467,-0.129860,-1.204342,1.146457,1.051950,-0.578942,0.027930,-0.192053,-0.210527,-0.193731,0.367499,0.683661,-0.292220,-1.373245,-0.005322,1.447411,-1.828867,1.351405,3.349169,-0.380743,0.255056,0.112433,-0.296868,-0.084101,0.858646,0.675745,-0.367332
18.101982,1.487696,-0.183378,-0.127111,-1.201883,1.142719,1.049562,-0.577433,0.005625,-0.169430,-0.233090,-0.212327,0.374019,0.683431,-0.291654,-1.373002,-0.005213,1.447118,-1.828947,1.352269,3.349839,-0.381102,0.249672,0.112144,-0.296108,-0.082536,0.864105,0.674177,-0.365619
18.103014,1.490431,-0.183472,-0.123785,-1.201615,1.143390,1.051138,-0.580222,-0.007190,-0.154519,-0.246130,-0.232723,0.380130,0.682472,-0.291084,-1.372745,-0.005098,1.446819,-1.829034,1.353149,3.350522,-0.381477,0.251877,0.112947,-0.297025,-0.083755,0.867027,0.676230,-0.368707
18.104095,1.494336,-0.185022,-0.123478,-1.199209,1.142769,1.052510,-0.580533,-0.009546,-0.148535,-0.248793,-0.252743,0.385302,0.680781,-0.290538,-1.372495,-0.004983,1.446515,-1.829116,1.354009,3.351189,-0.381827,0.251047,0.112989,-0.298571,-0.082966,0.866793,0.674839,-0.363373
18.104998,1.496859,-0.183430,-0.130612,-1.196451,1.141243,1.055300,-0.580542,0.014305,-0.162346,-0.225833,-0.286154,0.391679,0.675586,-0.289531,-1.372003,-0.004759,1.445928,-1.829290,1.355762,3.352529,-0.382556,0.248777,0.112923,-0.294838,-0.085791,0.868873,0.670742,-0.363195
18.105973,1.499674,-0.182868,-0.125494,-1.193469,1.142458,1.058560,-0.580055,0.014305,-0.162346,-0.225833,-0.286154,0.391679,0.675586,-0.289531,-1.372003,-0.004759,1.445928,-1.829290,1.355762,3.352529,-0.382556,0.248777,0.112923,-0.294838,-0.085791,0.868873,0.670742,-0.363195
18.106973,1.499563,-0.178109,-0.117403,-1.190912,1.141896,1.061344,-0.580217,0.032675,-0.176469,-0.207951,-0.296567,0.392816,0.672693,-0.289153,-1.371754,-0.004646,1.445632,-1.829380,1.356636,3.353181,-0.382922,0.247753,0.112591,-0.297234,-0.087489,0.867466,0.667554,-0.364345
18.107972,1.502272,-0.180030,-0.124728,-1.189088,1.142446,1.066983,-0.580483,0.079347,-0.213159,-0.162393,-0.303093,0.391121,0.666705,-0.288708,-1.371259,-0.004426,1.445034,-1.829561,1.358369,3.354485,-0.383652,0.247424,0.111213,-0.297203,-0.089310,0.867727,0.659459,-0.363899
18.109003,1.502995,-0.181460,-0.121659,-1.190745,1.150395,1.070179,-0.579770,0.079347,-0.213159,-0.162393,-0.303093,0.391121,0.666705,-0.288708,-1.371259,-0.004426,1.445034,-1.829561,1.358369,3.354485,-0.383652,0.247424,0.111213,-0.297203,-0.089310,0.867727,0.659459,-0.363899
18.110020,1.502943,-0.182824,-0.119796,-1.186039,1.145885,1.072632,-0.578484,0.104174,-0.232201,-0.138126,-0.301937,0.388956,0.664068,-0.288624,-1.371008,-0.004315,1.444733,-1.829643,1.359213,3.355139,-0.384015,0.247621,0.111958,-0.298699,-0.086585,0.860334,0.656583,-0.365621
18.111069,1.503195,-0.176767,-0.119797,-1.186761,1.150223,1.070792,-0.577407,0.128863,-0.251021,-0.114024,-0.300198,0.386429,0.661926,-0.288653,-1.370762,-0.004201,1.444432,-1.829741,1.360088,3.355798,-0.384388,0.248212,0.112637,-0.299483,-0.089912,0.865166,0.654346,-0.368416
18.112003,1.501727,-0.179056,-0.121332,-1.185118,1.153489,1.075046,-0.576045,0.153142,-0.268973,-0.090393,-0.297559,0.383633,0.660278,-0.288785,-1.370512,-0.004095,1.444135,-1.829826,1.360934,3.356454,-0.384758,0.248713,0.109701,-0.299501,-0.088051,0.861494,0.656581,-0.370836
18.113028,1.504082,-0.179919,-0.120656,-1.182633,1.155330,1.072149,-0.577175,0.173087,-0.281984,-0.071105,-0.295154,0.381018,0.659207,-0.288978,-1.370260,-0.003983,1.443839,-1.829916,1.361792,3.357105,-0.385140,0.249651,0.110778,-0.298355,-0.088410,0.857866,0.652181,-0.373601
18.113947,1.499397,-0.182376,-0.119499,-1.181187,1.153500,1.071304,-0.574267,0.187596,-0.289469,-0.057213,-0.293389,0.378769,0.658775,-0.289188,-1.370014,-0.003871,1.443536,-1.830010,1.362635,3.357757,-0.385514,0.249046,0.111232,-0.298579,-0.089564,0.856627,0.655434,-0.371512
18.115060,1.503512,-0.179823,-0.117300,-1.179145,1.158351,1.071515,-0.573493,0.198895,-0.294240,-0.046506,-0.290902,0.376573,0.658874,-0.289419,-1.369755,-0.003758,1.443240,-1.830099,1.363496,3.358420,-0.385897,0.251485,0.112333,-0.298736,-0.089695,0.857959,0.656036,-0.377412
18.116010,1.502682,-0.185790,-0.118480,-1.176704,1.156801,1.071368,-0.574826,0.208681,-0.297854,-0.037310,-0.287312,0.374230,0.659311,-0.289685,-1.369508,-0.003648,1.442932,-1.830191,1.364348,3.359083,-0.386280,0.250273,0.111206,-0.299959,-0.090555,0.854321,0.656400,-0.379255
18.116956,1.508375,-0.190920,-0.116926,-1.175362,1.159494,1.069236,-0.571982,0.233895,-0.311619,-0.013266,-0.275253,0.368218,0.660551,-0.290267,-1.369010,-0.003407,1.442332,-1.830379,1.366047,3.360398,-0.387050,0.248412,0.116430,-0.299411,-0.091520,0.852870,0.658559,-0.382408
18.117995,1.504520,-0.189238,-0.117086,-1.175171,1.160948,1.065390,-0.570167,0.233895,-0.311619,-0.013266,-0.275253,0.368218,0.660551,-0.290267,-1.369010,-0.003407,1.442332,-1.830379,1.366047,3.360398,-0.387050,0.248412,0.116430,-0.299411,-0.091520,0.852870,0.658559,-0.382408
18.119065,1.506071,-0.189860,-0.112508,-1.173606,1.162287,1.063708,-0.570880,0.254883,-0.327427,0.007131,-0.267297,0.364334,0.660986,-0.290618,-1.368757,-0.003292,1.442031,-1.830470,1.366902,3.361074,-0.387442,0.250935,0.115562,-0.299255,-0.090447,0.852015,0.662619,-0.386190
18.120003,1.508970,-0.186061,-0.114330,-1.169291,1.162023,1.060598,-0.570955,0.279171,-0.346220,0.030849,-0.260448,0.360343,0.661161,-0.291004,-1.368505,-0.003178,1.441722,-1.830563,1.367748,3.361739,-0.387830,0.250815,0.115935,-0.301516,-0.090764,0.851634,0.664673,-0.384953
18.120975,1.514624,-0.188721,-0.115912,-1.168218,1.160579,1.061419,-0.571247,0.304680,-0.365628,0.055855,-0.254353,0.356406,0.661092,-0.291376,-1.368256,-0.003069,1.441424,-1.830661,1.368603,3.362409,-0.388215,0.249608,0.113957,-0.300202,-0.093593,0.851594,0.667604,-0.384842
18.122083,1.511287,-0.189624,-0.113346,-1.165588,1.164653,1.058276,-0.570007,0.330740,-0.385172,0.081500,-0.247362,0.352486,0.660873,-0.291716,-1.368015,-0.002950,1.441124,-1.830754,1.369448,3.363069,-0.388603,0.247235,0.115192,-0.299136,-0.093278,0.853151,0.666762,-0.384327
18.123072,1.513050,-0.191831,-0.111413,-1.164462,1.160223,1.059728,-0.572039,0.357060,-0.405148,0.107409,-0.239040,0.348648,0.660682,-0.292040,-1.367761,-0.002833,1.440825,-1.830851,1.370298,3.363749,-0.388993,0.249722,0.115705,-0.300641,-0.094599,0.850277,0.670398,-0.387133
18.123982,1.511375,-0.196181,-0.113422,-1.164888,1.161354,1.052936,-0.571632,0.410396,-0.448257,0.159638,-0.219833,0.341677,0.661157,-0.292581,-1.367261,-0.002589,1.440224,-1.831035,1.372010,3.365110,-0.389754,0.250237,0.118614,-0.299847,-0.092587,0.853168,0.675373,-0.384003
18.125042,1.508705,-0.199652,-0.111824,-1.163612,1.160047,1.051077,-0.570661,0.435728,-0.470536,0.184313,-0.211560,0.339030,0.662048,-0.292756,-1.367004,-0.002466,1.439921,-1.831130,1.372875,3.365799,-0.390152,0.252155,0.120274,-0.300647,-0.092548,0.855172,0.677392,-0.386138
18.125949,1.505658,-0.202144,-0.112538,-1.161680,1.156335,1.043577,-0.572648,0.457709,-0.491807,0.205612,-0.204600,0.337144,0.663474,-0.292881,-1.366748,-0.002342,1.439620,-1.831226,1.373730,3.366496,-0.390524,0.253732,0.121240,-0.299767,-0.093008,0.858321,0.684468,-0.382131
18.126935,1.506256,-0.200201,-0.111694,-1.162109,1.156518,1.039559,-0.571775,0.457709,-0.491807,0.205612,-0.204600,0.337144,0.663474,-0.292881,-1.366748,-0.002342,1.439620,-1.831226,1.373730,3.366496,-0.390524,0.253732,0.121240,-0.299767,-0.093008,0.858321,0.684468,-0.382131
18.127989,1.505647,-0.201657,-0.111689,-1.162042,1.154000,1.036752,-0.573173,0.474719,-0.510345,0.221956,-0.198919,0.336060,0.665324,-0.292955,-1.366491,-0.002225,1.439323,-1.831313,1.374586,3.367192,-0.390908,0.253750,0.120160,-0.300002,-0.091344,0.858216,0.688316,-0.384052
18.129002,1.507533,-0.199729,-0.115033,-1.159376,1.156542,1.036190,-0.572878,0.486453,-0.524671,0.233087,-0.196006,0.335905,0.667272,-0.292971,-1.366234,-0.002102,1.439024,-1.831402,1.375459,3.367896,-0.391285,0.254610,0.120839,-0.300014,-0.090238,0.861311,0.691202,-0.381470
18.130029,1.504033,-0.199810,-0.112035,-1.156994,1.153150,1.041774,-0.572774,0.492658,-0.534170,0.238783,-0.195984,0.336637,0.669131,-0.292947,-1.365983,-0.001982,1.438726,-1.831495,1.376308,3.368582,-0.391667,0.254140,0.119765,-0.298206,-0.091604,0.859121,0.691765,-0.382258
18.131090,1.499106,-0.201591,-0.106588,-1.156484,1.156589,1.041617,-0.573722,0.492032,-0.538304,0.237714,-0.196748,0.337978,0.671016,-0.292927,-1.365718,-0.001863,1.438427,-1.831588,1.377179,3.369266,-0.392052,0.256283,0.119758,-0.299653,-0.092685,0.862894,0.686217,-0.382643
18.131997,1.502207,-0.202459,-0.108214,-1.153044,1.157314,1.044527,-0.572486,0.485212,-0.538113,0.230441,-0.196810,0.339569,0.673020,-0.292919,-1.365456,-0.001740,1.438116,-1.831679,1.378039,3.369951,-0.392430,0.259285,0.120602,-0.302284,-0.091950,0.860114,0.686664,-0.380987
18.133022,1.503787,-0.205333,-0.109476,-1.150329,1.158813,1.043955,-0.572605,0.474894,-0.535930,0.219686,-0.195934,0.341107,0.675041,-0.292939,-1.365198,-0.001620,1.437820,-1.831776,1.378892,3.370633,-0.392819,0.257728,0.120796,-0.300974,-0.093902,0.858860,0.683337,-0.383465
18.134072,1.502432,-0.210249,-0.105272,-1.147285,1.163528,1.049997,-0.572567,0.463670,-0.534081,0.208161,-0.193080,0.342231,0.676961,-0.293034,-1.364938,-0.001493,1.437521,-1.831874,1.379748,3.371323,-0.393201,0.257367,0.122082,-0.300270,-0.095205,0.857815,0.684002,-0.383389
18.135048,1.501634,-0.213136,-0.103095,-1.145088,1.168115,1.048588,-0.573691,0.454476,-0.535507,0.198793,-0.186900,0.342554,0.678704,-0.293206,-1.364678,-0.001365,1.437214,-1.831974,1.380589,3.371983,-0.393580,0.258577,0.124419,-0.302299,-0.096787,0.853891,0.678232,-0.383708
18.136005,1.504711,-0.213750,-0.105048,-1.143862,1.165573,1.053555,-0.574485,0.450157,-0.542729,0.194338,-0.177233,0.341951,0.680144,-0.293420,-1.364416,-0.001237,1.436911,-1.832072,1.381434,3.372664,-0.393956,0.259195,0.125621,-0.303067,-0.097500,0.849428,0.679615,-0.381565
18.137133,1.508901,-0.212217,-0.102539,-1.142357,1.168564,1.054949,-0.573981,0.450926,-0.555174,0.195020,-0.165264,0.340638,0.681122,-0.293657,-1.364163,-0.001112,1.436609,-1.832168,1.382294,3.373330,-0.394335,0.257906,0.125693,-0.301723,-0.097282,0.851852,0.674509,-0.380073
18.138021,1.502752,-0.207822,-0.104385,-1.137959,1.171601,1.058598,-0.574749,0.456073,-0.570738,0.200165,-0.152713,0.338947,0.681457,-0.293917,-1.363909,-0.000990,1.436306,-1.832265,1.383135,3.373994,-0.394718,0.256658,0.124961,-0.303215,-0.097485,0.850325,0.673781,-0.381464
18.138936,1.502317,-0.203124,-0.100666,-1.134331,1.167859,1.062626,-0.576169,0.461939,-0.585013,0.206057,-0.140255,0.337310,0.681214,-0.294179,-1.363641,-0.000870,1.436004,-1.832370,1.383980,3.374652,-0.395096,0.259633,0.122492,-0.301676,-0.100200,0.846628,0.669785,-0.379871
18.140103,1.503638,-0.200644,-0.102033,-1.133017,1.167096,1.068593,-0.577497,0.461033,-0.591179,0.205158,-0.126980,0.336201,0.680818,-0.294406,-1.363383,-0.000755,1.435696,-1.832476,1.384827,3.375302,-0.395469,0.259888,0.119972,-0.302995,-0.102103,0.850006,0.665600,-0.377057
18.141091,1.501881,-0.203486,-0.096247,-1.128984,1.165264,1.072766,-0.577723,0.451060,-0.586857,0.195176,-0.112385,0.335828,0.680504,-0.294574,-1.363121,-0.000636,1.435395,-1.832576,1.385689,3.375956,-0.395835,0.260117,0.118878,-0.302669,-0.102034,0.852411,0.660476,-0.374898
18.141972,1.497096,-0.205636,-0.094348,-1.130347,1.166226,1.071909,-0.579709,0.436238,-0.575676,0.180322,-0.096452,0.336075,0.680293,-0.294679,-1.362859,-0.000513,1.435085,-1.832687,1.386551,3.376609,-0.396209,0.261274,0.120174,-0.305240,-0.104328,0.854303,0.656435,-0.374624
18.142976,1.506065,-0.208729,-0.101210,-1.130462,1.159866,1.073831,-0.579303,0.421105,-0.562067,0.165149,-0.079931,0.336836,0.680199,-0.294717,-1.362590,-0.000388,1.434781,-1.832783,1.387396,3.377262,-0.396569,0.263485,0.120913,-0.305531,-0.101397,0.852603,0.657026,-0.370648
18.144080,1.501895,-0.211433,-0.101058,-1.128832,1.160016,1.070969,-0.579153,0.407996,-0.548046,0.152079,-0.065745,0.338276,0.680117,-0.294688,-1.362334,-0.000263,1.434482,-1.832882,1.388269,3.377918,-0.396940,0.259335,0.122308,-0.301902,-0.099844,0.859138,0.655252,-0.371706
18.145008,1.496681,-0.211178,-0.094542,-1.129898,1.154832,1.073221,-0.579663,0.397849,-0.534747,0.142106,-0.055461,0.340426,0.679918,-0.294582,-1.362068,-0.000135,1.434178,-1.832983,1.389119,3.378575,-0.397317,0.262122,0.123594,-0.302142,-0.100050,0.860143,0.658741,-0.372344
18.145982,1.500005,-0.210598,-0.094713,-1.126525,1.152116,1.070970,-0.579756,0.390075,-0.522084,0.134574,-0.049121,0.343210,0.679517,-0.294399,-1.361798,-0.000013,1.433873,-1.833075,1.390000,3.379233,-0.397687,0.264685,0.123219,-0.304928,-0.097588,0.864711,0.656281,-0.371382
18.146971,1.499651,-0.211640,-0.095194,-1.124634,1.143838,1.073146,-0.579542,0.384581,-0.509689,0.129327,-0.046729,0.346492,0.678741,-0.294148,-1.361536,0.000109,1.433568,-1.833178,1.390878,3.379900,-0.398058,0.263202,0.122774,-0.304486,-0.099419,0.867194,0.658561,-0.371348
18.147978,1.501171,-0.211023,-0.092902,-1.125623,1.141224,1.072108,-0.579765,0.382195,-0.498602,0.127227,-0.046397,0.349806,0.677470,-0.293852,-1.361274,0.000231,1.433263,-1.833281,1.391760,3.380550,-0.398427,0.263679,0.123149,-0.303953,-0.099723,0.875401,0.656486,-0.371963
18.148969,1.503086,-0.212434,-0.092959,-1.121673,1.142687,1.073144,-0.579805,0.388048,-0.482867,0.133788,-0.050041,0.355345,0.673402,-0.293285,-1.360747,0.000475,1.432656,-1.833479,1.393534,3.381874,-0.399174,0.262526,0.123291,-0.304621,-0.099753,0.876276,0.656727,-0.371787
18.150036,1.501420,-0.213726,-0.096878,-1.118868,1.137247,1.072016,-0.578347,0.388048,-0.482867,0.133788,-0.050041,0.355345,0.673402,-0.293285,-1.360747,0.000475,1.432656,-1.833479,1.393534,3.381874,-0.399174,0.262526,0.123291,-0.304621,-0.099753,0.876276,0.656727,-0.371787
18.151021,1.506841,-0.214616,-0.095575,-1.117713,1.137248,1.067694,-0.578898,0.395759,-0.478709,0.141828,-0.053032,0.357249,0.670931,-0.293064,-1.360480,0.000599,1.432360,-1.833583,1.394420,3.382528,-0.399551,0.263861,0.123877,-0.302738,-0.101008,0.882315,0.658320,-0.375014
18.151992,1.501534,-0.219850,-0.089786,-1.115922,1.138583,1.066356,-0.578080,0.404649,-0.476575,0.150997,-0.054798,0.358332,0.668569,-0.292909,-1.360220,0.000722,1.432054,-1.833684,1.395307,3.383202,-0.399924,0.261393,0.124150,-0.303099,-0.100604,0.882042,0.662660,-0.374024
18.153084,1.501641,-0.218561,-0.091861,-1.114340,1.137832,1.063838,-0.579412,0.417528,-0.478543,0.164017,-0.056142,0.358523,0.666233,-0.292819,-1.359950,0.000855,1.431743,-1.833785,1.396181,3.383861,-0.400303,0.264214,0.126483,-0.305599,-0.100856,0.880483,0.663983,-0.375797
18.153973,1.506070,-0.221334,-0.093500,-1.111998,1.137723,1.059898,-0.579587,0.434943,-0.485189,0.181390,-0.057739,0.357879,0.663972,-0.292801,-1.359683,0.000978,1.431444,-1.833886,1.397068,3.384536,-0.400672,0.264710,0.125800,-0.304672,-0.101018,0.882007,0.666939,-0.373447
18.154960,1.507054,-0.225954,-0.095076,-1.109025,1.140718,1.057128,-0.579843,0.454081,-0.494437,0.200410,-0.059641,0.356517,0.661902,-0.292849,-1.359427,0.001105,1.431141,-1.833988,1.397952,3.385221,-0.401048,0.262473,0.126860,-0.303245,-0.101704,0.881064,0.670409,-0.373099
18.155969,1.498698,-0.224436,-0.091989,-1.106679,1.146404,1.057739,-0.579883,0.474806,-0.506663,0.221013,-0.061210,0.354411,0.659959,-0.292967,-1.359164,0.001238,1.430845,-1.834093,1.398818,3.385892,-0.401420,0.262254,0.128902,-0.302279,-0.103064,0.878071,0.673185,-0.372752
18.156987,1.499245,-0.224542,-0.088566,-1.103330,1.147396,1.056516,-0.579146,0.494982,-0.520839,0.241019,-0.061754,0.351716,0.658256,-0.293179,-1.358888,0.001362,1.430539,-1.834198,1.399687,3.386571,-0.401791,0.266652,0.127968,-0.303624,-0.103802,0.872532,0.672591,-0.372879
18.158028,1.501453,-0.224988,-0.088109,-1.101491,1.149710,1.054397,-0.580511,0.510466,-0.533456,0.256248,-0.061143,0.348752,0.656982,-0.293480,-1.358624,0.001490,1.430230,-1.834306,1.400550,3.387242,-0.402172,0.266685,0.127855,-0.305109,-0.105474,0.871910,0.673968,-0.374547
18.159082,1.497862,-0.220716,-0.088350,-1.099285,1.149364,1.051947,-0.581442,0.522491,-0.544857,0.267948,-0.059237,0.345548,0.655963,-0.293830,-1.358358,0.001617,1.429927,-1.834411,1.401416,3.387926,-0.402538,0.265975,0.127945,-0.305245,-0.105727,0.870081,0.676256,-0.372057
18.160109,1.497147,-0.222939,-0.088461,-1.100653,1.148877,1.049996,-0.580225,0.531721,-0.554766,0.276852,-0.056464,0.342165,0.654981,-0.294202,-1.358089,0.001740,1.429619,-1.834519,1.402295,3.388616,-0.402905,0.268210,0.125718,-0.305021,-0.106282,0.870933,0.678878,-0.370500
18.160994,1.499684,-0.223432,-0.082876,-1.097462,1.149021,1.048978,-0.580514,0.535119,-0.559898,0.279992,-0.054496,0.338907,0.653988,-0.294635,-1.357815,0.001869,1.429318,-1.834617,1.403159,3.389295,-0.403279,0.268817,0.126685,-0.304863,-0.103454,0.871804,0.680951,-0.373196
18.162015,1.500042,-0.226334,-0.081490,-1.095979,1.149666,1.048587,-0.581291,0.535148,-0.561914,0.279874,-0.054525,0.335751,0.652746,-0.295143,-1.357547,0.001994,1.429007,-1.834725,1.404027,3.389973,-0.403650,0.267374,0.126598,-0.306972,-0.104916,0.870748,0.681512,-0.372584
18.163009,1.499287,-0.226821,-0.079241,-1.092078,1.151396,1.054419,-0.580127,0.546038,-0.575524,0.290895,-0.055349,0.328325,0.648644,-0.296211,-1.357014,0.002253,1.428388,-1.834941,1.405761,3.391316,-0.404397,0.268154,0.127874,-0.308225,-0.106941,0.868744,0.676191,-0.373773
18.164017,1.499138,-0.227260,-0.077078,-1.088834,1.148347,1.056664,-0.576258,0.546038,-0.575524,0.290895,-0.055349,0.328325,0.648644,-0.296211,-1.357014,0.002253,1.428388,-1.834941,1.405761,3.391316,-0.404397,0.268154,0.127874,-0.308225,-0.106941,0.868744,0.676191,-0.373773
18.164998,1.494058,-0.230360,-0.073919,-1.088228,1.150311,1.060794,-0.576915,0.556901,-0.588976,0.302004,-0.051977,0.323741,0.646176,-0.296798,-1.356742,0.002384,1.428074,-1.835053,1.406642,3.391988,-0.404790,0.268446,0.127871,-0.308977,-0.108399,0.871885,0.674075,-0.381679
18.165952,1.499421,-0.228430,-0.079000,-1.087669,1.153283,1.064768,-0.578076,0.568787,-0.605321,0.314174,-0.044848,0.318663,0.643752,-0.297437,-1.356470,0.002516,1.427760,-1.835157,1.407498,3.392649,-0.405163,0.271129,0.129149,-0.310144,-0.107355,0.869931,0.669969,-0.380426
18.167002,1.503388,-0.225316,-0.077812,-1.086759,1.149544,1.068682,-0.574305,0.578866,-0.621694,0.324592,-0.036291,0.313615,0.641506,-0.298067,-1.356206,0.002639,1.427462,-1.835261,1.408368,3.393308,-0.405540,0.268523,0.127959,-0.307244,-0.106289,0.866638,0.665948,-0.378182
18.168097,1.501133,-0.222136,-0.076126,-1.085848,1.149881,1.070715,-0.573890,0.585526,-0.635261,0.331706,-0.028978,0.309132,0.639461,-0.298668,-1.355943,0.002761,1.427150,-1.835367,1.409250,3.393976,-0.405946,0.267029,0.126340,-0.307719,-0.105608,0.870870,0.662325,-0.385957
18.168961,1.496143,-0.223423,-0.073185,-1.087510,1.150003,1.070310,-0.572542,0.588901,-0.644530,0.335583,-0.024036,0.305420,0.637568,-0.299261,-1.355672,0.002881,1.426843,-1.835471,1.410115,3.394626,-0.406333,0.268714,0.124770,-0.308619,-0.105011,0.871466,0.660890,-0.387003
18.170088,1.503724,-0.225465,-0.077950,-1.085532,1.150642,1.071193,-0.572296,0.587786,-0.647721,0.334903,-0.022668,0.302724,0.635883,-0.299818,-1.355394,0.003006,1.426528,-1.835564,1.410988,3.395289,-0.406729,0.270860,0.125081,-0.309259,-0.101862,0.870191,0.660863,-0.389577
18.171062,1.506574,-0.222141,-0.076476,-1.084051,1.145436,1.073997,-0.569772,0.582509,-0.645403,0.329976,-0.025629,0.301151,0.634472,-0.300289,-1.355133,0.003135,1.426221,-1.835667,1.411852,3.395940,-0.407125,0.267788,0.126061,-0.307018,-0.102429,0.870851,0.660687,-0.390353
18.172093,1.504827,-0.220711,-0.073993,-1.084036,1.148072,1.069737,-0.568226,0.576463,-0.641079,0.324220,-0.031253,0.300364,0.633342,-0.300682,-1.354869,0.003255,1.425916,-1.835768,1.412741,3.396595,-0.407532,0.266577,0.124233,-0.307453,-0.102359,0.875774,0.657916,-0.395450
18.172988,1.503551,-0.224916,-0.070810,-1.082897,1.146415,1.068754,-0.570162,0.571306,-0.635843,0.319261,-0.038450,0.300169,0.632462,-0.301030,-1.354600,0.003377,1.425605,-1.835867,1.413615,3.397266,-0.407939,0.267811,0.123438,-0.308478,-0.100915,0.873379,0.662432,-0.398616
18.174136,1.506173,-0.222611,-0.072483,-1.083306,1.146546,1.067854,-0.569723,0.567438,-0.629849,0.315427,-0.047625,0.300604,0.631749,-0.301293,-1.354329,0.003506,1.425296,-1.835965,1.414487,3.397920,-0.408324,0.268285,0.125212,-0.309428,-0.100537,0.874228,0.663120,-0.394635
18.175043,1.507396,-0.222949,-0.075021,-1.083734,1.144517,1.067780,-0.567783,0.565666,-0.624449,0.313515,-0.058784,0.301596,0.631172,-0.301419,-1.354062,0.003626,1.424986,-1.836058,1.415368,3.398589,-0.408727,0.267716,0.124124,-0.308776,-0.098903,0.875373,0.664707,-0.395872
18.176020,1.505738,-0.220457,-0.071962,-1.083424,1.146436,1.066303,-0.569015,0.564399,-0.618595,0.311999,-0.072515,0.303189,0.630802,-0.301441,-1.353798,0.003751,1.424678,-1.836152,1.416238,3.399243,-0.409135,0.267069,0.124014,-0.306895,-0.097046,0.876676,0.664550,-0.399662
18.177103,1.510206,-0.217538,-0.071778,-1.083242,1.146579,1.064514,-0.569269,0.560949,-0.609920,0.308252,-0.089683,0.305491,0.630728,-0.301382,-1.353525,0.003869,1.424373,-1.836244,1.417113,3.399916,-0.409523,0.268024,0.122648,-0.308123,-0.096038,0.874563,0.666004,-0.397220
18.177978,1.513219,-0.219635,-0.076253,-1.082189,1.145125,1.065662,-0.568007,0.555261,-0.597895,0.302278,-0.110411,0.308394,0.630863,-0.301229,-1.353261,0.003986,1.424062,-1.836336,1.417997,3.400594,-0.409924,0.266328,0.121231,-0.308177,-0.094978,0.875138,0.668168,-0.396943
18.178985,1.510025,-0.219145,-0.075555,-1.079014,1.145981,1.062774,-0.568034,0.548642,-0.583666,0.295482,-0.133817,0.311615,0.631111,-0.301022,-1.353002,0.004109,1.423759,-1.836430,1.418877,3.401258,-0.410323,0.264739,0.121982,-0.305262,-0.094587,0.875474,0.666573,-0.399363
18.180009,1.512295,-0.217803,-0.072698,-1.077819,1.152366,1.062304,-0.570904,0.540287,-0.568056,0.287098,-0.157466,0.314791,0.631649,-0.300822,-1.352731,0.004227,1.423455,-1.836528,1.419744,3.401937,-0.410726,0.266595,0.121663,-0.305429,-0.096328,0.874794,0.669553,-0.399355
18.181005,1.511014,-0.217539,-0.083280,-1.077668,1.151688,1.055875,-0.569745,0.529620,-0.551524,0.276488,-0.179200,0.317663,0.632580,-0.300623,-1.352469,0.004344,1.423146,-1.836624,1.420605,3.402607,-0.411111,0.265831,0.120941,-0.306662,-0.096137,0.868755,0.670170,-0.393736
18.182049,1.513481,-0.214395,-0.081346,-1.076250,1.152567,1.055694,-0.567649,0.515327,-0.532850,0.262323,-0.199251,0.320352,0.633908,-0.300428,-1.352199,0.004462,1.422859,-1.836715,1.421464,3.403299,-0.411509,0.266695,0.120727,-0.301269,-0.094986,0.869668,0.676579,-0.396209
18.183129,1.512798,-0.215271,-0.085520,-1.074150,1.156588,1.051557,-0.568250,0.494250,-0.509277,0.241467,-0.218513,0.323168,0.635731,-0.300319,-1.351931,0.004578,1.422555,-1.836811,1.422337,3.403981,-0.411919,0.265839,0.119143,-0.302211,-0.095066,0.869223,0.676880,-0.400524
18.184080,1.506310,-0.217250,-0.083669,-1.073364,1.155119,1.046911,-0.569842,0.466941,-0.481227,0.214400,-0.236547,0.326175,0.638048,-0.300303,-1.351665,0.004698,1.422256,-1.836908,1.423193,3.404659,-0.412321,0.266734,0.119601,-0.300200,-0.095804,0.866117,0.681405,-0.399471
18.185133,1.510526,-0.216634,-0.089658,-1.073918,1.152811,1.046665,-0.569945,0.434813,-0.450524,0.182445,-0.252430,0.329356,0.640862,-0.300280,-1.351390,0.004821,1.421957,-1.837004,1.424064,3.405356,-0.412707,0.269980,0.120393,-0.300811,-0.095137,0.867272,0.685762,-0.396313
18.186176,1.515030,-0.212111,-0.093580,-1.071627,1.154384,1.045578,-0.569670,0.398140,-0.418055,0.145896,-0.266356,0.332822,0.644174,-0.300199,-1.351128,0.004940,1.421664,-1.837092,1.424944,3.406056,-0.413107,0.268317,0.120053,-0.297857,-0.093408,0.870059,0.686071,-0.396302
18.187021,1.509761,-0.213054,-0.092445,-1.070591,1.155072,1.043088,-0.571177,0.358065,-0.384340,0.105969,-0.278971,0.336724,0.647856,-0.300052,-1.350863,0.005056,1.421370,-1.837187,1.425801,3.406740,-0.413501,0.266489,0.117770,-0.295946,-0.094389,0.869050,0.687334,-0.397027
18.188076,1.512357,-0.211783,-0.093890,-1.069571,1.149421,1.042883,-0.572221,0.315097,-0.349250,0.063187,-0.290096,0.341188,0.651760,-0.299804,-1.350588,0.005172,1.421074,-1.837279,1.426670,3.407440,-0.413889,0.268785,0.118001,-0.295863,-0.093961,0.867082,0.689082,-0.393838
18.189031,1.516037,-0.208514,-0.093821,-1.069066,1.144559,1.045851,-0.571912,0.270268,-0.313727,0.018578,-0.299297,0.346233,0.655728,-0.299410,-1.350323,0.005288,1.420780,-1.837372,1.427547,3.408126,-0.414281,0.267922,0.117373,-0.295202,-0.093714,0.873325,0.689477,-0.391957
18.190002,1.514733,-0.212467,-0.091239,-1.070812,1.141548,1.045997,-0.573641,0.226761,-0.280154,-0.024644,-0.306445,0.351711,0.659522,-0.298863,-1.350057,0.005398,1.420488,-1.837462,1.428436,3.408809,-0.414673,0.266180,0.115674,-0.295007,-0.092914,0.877675,0.686282,-0.392633
18.191011,1.518867,-0.214815,-0.092771,-1.067737,1.138045,1.045294,-0.575713,0.188683,-0.251285,-0.062362,-0.312477,0.357441,0.662900,-0.298180,-1.349791,0.005519,1.420188,-1.837546,1.429330,3.409498,-0.415058,0.267019,0.117533,-0.296031,-0.090021,0.880264,0.686003,-0.389222
18.192028,1.523766,-0.219069,-0.094925,-1.070165,1.132025,1.045739,-0.575385,0.159747,-0.230547,-0.090860,-0.317661,0.363043,0.665700,-0.297384,-1.349528,0.005641,1.419895,-1.837641,1.430213,3.410177,-0.415432,0.265257,0.118588,-0.295173,-0.091765,0.883817,0.686771,-0.385264
18.193024,1.523914,-0.221957,-0.097302,-1.067294,1.128973,1.050252,-0.577247,0.142893,-0.221146,-0.107180,-0.321148,0.367953,0.667808,-0.296524,-1.349267,0.005766,1.419604,-1.837723,1.431113,3.410867,-0.415819,0.263188,0.120574,-0.294069,-0.088227,0.889804,0.686333,-0.386120
18.194066,1.521214,-0.222575,-0.094261,-1.067796,1.131866,1.053258,-0.576472,0.138074,-0.223630,-0.111364,-0.322682,0.371812,0.669257,-0.295677,-1.349006,0.005892,1.419314,-1.837817,1.432004,3.411529,-0.416198,0.263450,0.121835,-0.292802,-0.089802,0.892670,0.681882,-0.382504
18.195004,1.524953,-0.222864,-0.096318,-1.065422,1.129080,1.056834,-0.576856,0.141350,-0.235211,-0.107379,-0.322050,0.374573,0.670264,-0.294898,-1.348737,0.006011,1.419020,-1.837900,1.432899,3.412204,-0.416580,0.265186,0.122091,-0.294387,-0.088204,0.889937,0.679106,-0.384322
18.196002,1.522074,-0.215495,-0.101536,-1.060985,1.126293,1.064989,-0.577380,0.149044,-0.252448,-0.098927,-0.319479,0.376343,0.670901,-0.294211,-1.348473,0.006134,1.418731,-1.837992,1.433800,3.412874,-0.416963,0.263352,0.122007,-0.293062,-0.089246,0.892005,0.675335,-0.383570
18.197039,1.525997,-0.213414,-0.101802,-1.056066,1.130161,1.069026,-0.576393,0.155291,-0.270068,-0.091800,-0.314052,0.377213,0.671398,-0.293647,-1.348209,0.006246,1.418442,-1.838090,1.434692,3.413524,-0.417344,0.265113,0.118276,-0.290385,-0.092263,0.894649,0.667321,-0.382665
18.197943,1.529457,-0.210963,-0.095900,-1.054811,1.128968,1.075893,-0.579013,0.152877,-0.282054,-0.093129,-0.303317,0.377239,0.672197,-0.293237,-1.347949,0.006359,1.418155,-1.838191,1.435581,3.414185,-0.417731,0.263573,0.117294,-0.290378,-0.095685,0.890953,0.663607,-0.384859
18.199107,1.526796,-0.211404,-0.101159,-1.050471,1.130592,1.080478,-0.579884,0.144496,-0.289626,-0.100292,-0.286761,0.376336,0.673199,-0.292944,-1.347692,0.006473,1.417857,-1.838288,1.436484,3.414836,-0.418104,0.261880,0.115893,-0.292855,-0.095413,0.891101,0.656494,-0.379565
18.200019,1.529419,-0.216140,-0.105828,-1.048227,1.132228,1.084141,-0.578761,0.135298,-0.296237,-0.108242,-0.265342,0.374449,0.674256,-0.292716,-1.347425,0.006591,1.417573,-1.838390,1.437367,3.415481,-0.418475,0.264074,0.116277,-0.290760,-0.098381,0.890882,0.652838,-0.378325
18.201011,1.531310,-0.219479,-0.098288,-1.046510,1.133431,1.082217,-0.580077,0.123825,-0.301767,-0.118460,-0.239074,0.371711,0.675762,-0.292588,-1.347162,0.006714,1.417290,-1.838491,1.438255,3.416128,-0.418861,0.262724,0.118398,-0.288132,-0.099002,0.888354,0.649017,-0.380588
18.201980,1.532058,-0.221263,-0.102464,-1.045780,1.136234,1.080522,-0.579519,0.113375,-0.309510,-0.127716,-0.208692,0.368184,0.677740,-0.292568,-1.346902,0.006838,1.416990,-1.838591,1.439134,3.416774,-0.419235,0.262091,0.119903,-0.291750,-0.099199,0.887094,0.651188,-0.378073
18.203062,1.532138,-0.220757,-0.101982,-1.044133,1.135507,1.079164,-0.579756,0.110427,-0.323636,-0.129643,-0.176688,0.363980,0.679693,-0.292591,-1.346641,0.006958,1.416707,-1.838689,1.440016,3.417432,-0.419616,0.261936,0.120637,-0.289521,-0.098448,0.883970,0.652892,-0.379322
18.203979,1.538221,-0.223462,-0.105112,-1.040222,1.137150,1.081186,-0.580229,0.113962,-0.342239,-0.125296,-0.145405,0.359472,0.681377,-0.292631,-1.346378,0.007078,1.416414,-1.838789,1.440908,3.418092,-0.419996,0.262488,0.120378,-0.289965,-0.098690,0.885333,0.654715,-0.379127
18.205050,1.538369,-0.223886,-0.095381,-1.037756,1.137614,1.080762,-0.581794,0.121590,-0.363239,-0.117020,-0.114995,0.354794,0.682742,-0.292684,-1.346125,0.007202,1.416133,-1.838893,1.441778,3.418735,-0.420370,0.259547,0.121479,-0.288144,-0.100944,0.883028,0.652551,-0.378214
18.206050,1.534623,-0.216891,-0.095932,-1.036600,1.136396,1.078993,-0.582059,0.136156,-0.389166,-0.101936,-0.084139,0.349658,0.683592,-0.292705,-1.345864,0.007322,1.415830,-1.838996,1.442665,3.419385,-0.420739,0.259786,0.121551,-0.292807,-0.101847,0.882286,0.652915,-0.375054
18.206950,1.542379,-0.218950,-0.091986,-1.033241,1.132372,1.079004,-0.579333,0.157443,-0.418817,-0.080254,-0.053514,0.344097,0.683759,-0.292673,-1.345600,0.007434,1.415538,-1.839099,1.443535,3.420030,-0.421110,0.261509,0.117841,-0.291947,-0.101332,0.882333,0.654053,-0.374244
18.207979,1.540815,-0.217750,-0.091988,-1.029215,1.134439,1.079584,-0.579814,0.181757,-0.447843,-0.055596,-0.024628,0.338361,0.683290,-0.292641,-1.345349,0.007553,1.415246,-1.839206,1.444425,3.420683,-0.421495,0.257282,0.118534,-0.293125,-0.102903,0.884253,0.653008,-0.379281
18.209100,1.535965,-0.219810,-0.092074,-1.027844,1.133315,1.075803,-0.581455,0.209422,-0.476861,-0.027578,0.003381,0.332326,0.682376,-0.292637,-1.345087,0.007670,1.414951,-1.839316,1.445311,3.421336,-0.421872,0.258076,0.117715,-0.292638,-0.105129,0.881020,0.651831,-0.377962
18.210101,1.535413,-0.223069,-0.091986,-1.028268,1.130811,1.073334,-0.581427,0.237617,-0.504806,0.000929,0.031485,0.326033,0.681455,-0.292640,-1.344824,0.007793,1.414663,-1.839422,1.446184,3.421993,-0.422246,0.260735,0.118586,-0.292484,-0.104872,0.881894,0.655338,-0.374487
18.210966,1.532529,-0.227071,-0.090153,-1.025545,1.131164,1.069884,-0.581208,0.261677,-0.528610,0.025197,0.058229,0.319871,0.680896,-0.292655,-1.344560,0.007917,1.414371,-1.839522,1.447072,3.422659,-0.422618,0.260845,0.119903,-0.292002,-0.102845,0.883056,0.657027,-0.374273
18.212082,1.528787,-0.227413,-0.088454,-1.024241,1.126418,1.067161,-0.581448,0.281975,-0.548973,0.045561,0.081981,0.314114,0.680754,-0.292701,-1.344298,0.008041,1.414077,-1.839629,1.447941,3.423321,-0.422993,0.261760,0.121417,-0.291970,-0.103752,0.880484,0.659300,-0.374232
18.213028,1.524013,-0.225048,-0.085842,-1.022514,1.125233,1.063642,-0.580984,0.299225,-0.566959,0.062748,0.102939,0.308854,0.681024,-0.292780,-1.344030,0.008165,1.413786,-1.839729,1.448837,3.423992,-0.423363,0.263779,0.121391,-0.292660,-0.103552,0.884739,0.661604,-0.373586
18.213957,1.522243,-0.225266,-0.091233,-1.021089,1.123693,1.060053,-0.578733,0.311611,-0.580852,0.074990,0.121353,0.304246,0.681641,-0.292886,-1.343758,0.008283,1.413489,-1.839833,1.449727,3.424666,-0.423738,0.265764,0.119875,-0.293226,-0.103583,0.884101,0.664136,-0.374143
18.215057,1.519038,-0.227203,-0.084728,-1.022969,1.119179,1.058484,-0.576798,0.315308,-0.586889,0.078506,0.136631,0.300677,0.682578,-0.293017,-1.343494,0.008401,1.413201,-1.839933,1.450617,3.425339,-0.424122,0.266259,0.119663,-0.289803,-0.103374,0.883728,0.666687,-0.378242
18.215995,1.517315,-0.224655,-0.079369,-1.020562,1.121855,1.053365,-0.576703,0.309733,-0.584294,0.072709,0.147642,0.298463,0.683747,-0.293159,-1.343221,0.008523,1.412906,-1.840024,1.451507,3.426015,-0.424512,0.267920,0.120458,-0.292853,-0.100192,0.887664,0.667735,-0.381849
18.217157,1.519086,-0.227050,-0.081771,-1.020840,1.116169,1.051063,-0.576110,0.300231,-0.576645,0.062894,0.153194,0.297613,0.684759,-0.293267,-1.342955,0.008640,1.412608,-1.840128,1.452389,3.426696,-0.424897,0.268406,0.118851,-0.294743,-0.100908,0.883142,0.671828,-0.381566
18.218077,1.516757,-0.231384,-0.075153,-1.019057,1.113942,1.048740,-0.575180,0.291447,-0.567156,0.053714,0.153515,0.297957,0.685266,-0.293297,-1.342687,0.008764,1.412321,-1.840223,1.453281,3.427367,-0.425279,0.267797,0.119944,-0.293529,-0.099282,0.888760,0.673836,-0.382610
18.218995,1.516334,-0.231225,-0.076206,-1.018504,1.110577,1.050695,-0.573814,0.286441,-0.559219,0.048285,0.150100,0.299140,0.685155,-0.293240,-1.342415,0.008888,1.412020,-1.840323,1.454171,3.428047,-0.425665,0.268485,0.121700,-0.296001,-0.099443,0.888943,0.675041,-0.384015
18.219989,1.527058,-0.231655,-0.075361,-1.018038,1.105935,1.050556,-0.572571,0.286956,-0.555445,0.048404,0.144367,0.300814,0.684475,-0.293129,-1.342152,0.009007,1.411726,-1.840417,1.455061,3.428705,-0.426062,0.268293,0.121235,-0.294658,-0.098488,0.890342,0.672061,-0.386256
18.221098,1.525358,-0.230078,-0.072822,-1.017310,1.104886,1.054010,-0.572179,0.293695,-0.556377,0.054816,0.136641,0.302738,0.683209,-0.293000,-1.341898,0.009129,1.411436,-1.840511,1.455961,3.429379,-0.426452,0.262827,0.121154,-0.294566,-0.097527,0.893478,0.671388,-0.388353
18.222039,1.522004,-0.234096,-0.070331,-1.016815,1.105614,1.059819,-0.572303,0.308380,-0.562657,0.069204,0.126670,0.304614,0.681191,-0.292855,-1.341635,0.009247,1.411138,-1.840607,1.456861,3.430047,-0.426842,0.263929,0.120230,-0.295582,-0.096861,0.893840,0.667474,-0.388869
18.223023,1.526612,-0.238163,-0.070456,-1.013830,1.103403,1.061210,-0.571288,0.328642,-0.572673,0.089138,0.114560,0.306318,0.678649,-0.292734,-1.341365,0.009373,1.410843,-1.840698,1.457740,3.430694,-0.427231,0.265215,0.121846,-0.296087,-0.095953,0.891382,0.660790,-0.388169
18.224085,1.522048,-0.239171,-0.068240,-1.011407,1.105569,1.064841,-0.571656,0.351834,-0.585865,0.111971,0.101653,0.307658,0.675999,-0.292698,-1.341105,0.009498,1.410550,-1.840799,1.458633,3.431354,-0.427628,0.262713,0.123519,-0.295427,-0.097356,0.892092,0.658664,-0.389795
18.225080,1.522310,-0.237054,-0.070147,-1.010148,1.110998,1.065328,-0.572094,0.377538,-0.603255,0.137326,0.090251,0.308272,0.673460,-0.292750,-1.340835,0.009622,1.410252,-1.840898,1.459507,3.431997,-0.428016,0.265008,0.123761,-0.296136,-0.098258,0.889148,0.654585,-0.388733
18.226159,1.526619,-0.236804,-0.071939,-1.009002,1.110865,1.070406,-0.572427,0.401314,-0.621080,0.160775,0.080789,0.308327,0.671285,-0.292857,-1.340574,0.009738,1.409962,-1.840994,1.460378,3.432654,-0.428397,0.264722,0.122449,-0.294651,-0.098024,0.882456,0.653398,-0.387507
18.227086,1.521049,-0.237063,-0.075533,-1.008789,1.111184,1.067153,-0.569642,0.419015,-0.634645,0.178165,0.071769,0.308354,0.669652,-0.292994,-1.340314,0.009860,1.409672,-1.841093,1.461264,3.433297,-0.428778,0.262681,0.122134,-0.293494,-0.097682,0.881918,0.647899,-0.386597
18.228059,1.520988,-0.234692,-0.072145,-1.008544,1.106969,1.068777,-0.572202,0.428533,-0.641295,0.187363,0.061893,0.308785,0.668661,-0.293157,-1.340048,0.009982,1.409383,-1.841187,1.462132,3.433955,-0.429183,0.265116,0.121879,-0.290974,-0.096404,0.879871,0.650278,-0.391701
18.229026,1.520469,-0.234399,-0.071720,-1.009221,1.105030,1.066919,-0.572443,0.427774,-0.638656,0.186224,0.050139,0.309996,0.668339,-0.293329,-1.339782,0.010100,1.409089,-1.841279,1.463019,3.434591,-0.429556,0.264863,0.120399,-0.292083,-0.095257,0.882585,0.647936,-0.386132
18.229968,1.515071,-0.235637,-0.070336,-1.007691,1.105570,1.068595,-0.572213,0.418798,-0.627329,0.176783,0.035531,0.312186,0.668473,-0.293445,-1.339518,0.010219,1.408798,-1.841369,1.463907,3.435241,-0.429943,0.264868,0.119952,-0.291670,-0.093189,0.882902,0.649052,-0.385294
18.230975,1.514548,-0.237446,-0.071019,-1.008143,1.101011,1.065420,-0.572253,0.404312,-0.609328,0.161771,0.017975,0.315443,0.668975,-0.293484,-1.339250,0.010341,1.408510,-1.841463,1.464781,3.435875,-0.430323,0.267213,0.120222,-0.291711,-0.093262,0.880691,0.646579,-0.385353
18.232121,1.515554,-0.237836,-0.073345,-1.006066,1.097805,1.065005,-0.571421,0.384928,-0.586136,0.141830,-0.001566,0.319767,0.669943,-0.293464,-1.338978,0.010463,1.408218,-1.841551,1.465671,3.436525,-0.430708,0.267230,0.120827,-0.290859,-0.091523,0.883981,0.649153,-0.384919
18.232957,1.509611,-0.242247,-0.068115,-1.007573,1.096494,1.065364,-0.571737,0.362486,-0.560152,0.118837,-0.021705,0.324918,0.671310,-0.293384,-1.338713,0.010585,1.407931,-1.841646,1.466558,3.437166,-0.431090,0.266997,0.120893,-0.289664,-0.092293,0.886938,0.649400,-0.386427
18.233988,1.516027,-0.240811,-0.070246,-1.008630,1.091191,1.066478,-0.569850,0.339473,-0.533996,0.095311,-0.041663,0.330658,0.672979,-0.293217,-1.338440,0.010711,1.407639,-1.841728,1.467446,3.437813,-0.431476,0.269237,0.122575,-0.291294,-0.089480,0.885617,0.647836,-0.385214
18.234964,1.516209,-0.243220,-0.066598,-1.008465,1.085019,1.062878,-0.571408,0.318818,-0.509846,0.074175,-0.062605,0.336926,0.674819,-0.292948,-1.338181,0.010831,1.407352,-1.841809,1.468348,3.438458,-0.431875,0.265971,0.121589,-0.289833,-0.087323,0.889714,0.646180,-0.388656
18.235985,1.513773,-0.245102,-0.065409,-1.009824,1.081374,1.059483,-0.572096,0.304363,-0.490000,0.059238,-0.085612,0.343484,0.676529,-0.292593,-1.337915,0.010953,1.407060,-1.841894,1.469245,3.439105,-0.432251,0.265659,0.122484,-0.291089,-0.086277,0.894269,0.649098,-0.385117
18.237040,1.514282,-0.245681,-0.062622,-1.009106,1.077085,1.060346,-0.571327,0.298202,-0.475992,0.052503,-0.110472,0.349936,0.677878,-0.292180,-1.337645,0.011077,1.406766,-1.841971,1.470147,3.439763,-0.432633,0.266741,0.123127,-0.291189,-0.083886,0.896553,0.651838,-0.383439
18.237975,1.514212,-0.244731,-0.063133,-1.009266,1.073181,1.058063,-0.571780,0.299429,-0.467419,0.052991,-0.136809,0.356013,0.678885,-0.291758,-1.337379,0.011203,1.406472,-1.842056,1.471048,3.440411,-0.433023,0.266460,0.123125,-0.292205,-0.083472,0.899775,0.650456,-0.384693
18.239085,1.512772,-0.247527,-0.060299,-1.006737,1.071342,1.055091,-0.570739,0.305984,-0.462768,0.058649,-0.163931,0.361516,0.679681,-0.291383,-1.337114,0.011322,1.406186,-1.842134,1.471959,3.441065,-0.433401,0.266127,0.122303,-0.291286,-0.082188,0.901596,0.651861,-0.383356
18.240050,1.506474,-0.248055,-0.052397,-1.005865,1.069847,1.051639,-0.572123,0.315988,-0.460889,0.067598,-0.190457,0.366216,0.680389,-0.291080,-1.336848,0.011448,1.405888,-1.842221,1.472867,3.441733,-0.433788,0.267021,0.123500,-0.292461,-0.083568,0.902702,0.654421,-0.385234
18.241016,1.508468,-0.247203,-0.055756,-1.004709,1.070393,1.051384,-0.573376,0.329072,-0.462155,0.079433,-0.214559,0.369851,0.681093,-0.290843,-1.336571,0.011574,1.405589,-1.842305,1.473762,3.442393,-0.434159,0.269764,0.123361,-0.295711,-0.083219,0.902492,0.657028,-0.382071
18.241944,1.503757,-0.253295,-0.056789,-1.003694,1.065734,1.042607,-0.573103,0.343993,-0.465602,0.092960,-0.235766,0.372443,0.681932,-0.290679,-1.336303,0.011694,1.405297,-1.842387,1.474667,3.443057,-0.434538,0.268423,0.122612,-0.293356,-0.083193,0.900150,0.656385,-0.379193
18.243002,1.501557,-0.251975,-0.058314,-1.001435,1.068154,1.038359,-0.575328,0.357400,-0.468819,0.104963,-0.254265,0.374177,0.683134,-0.290635,-1.336031,0.011825,1.405003,-1.842470,1.475561,3.443728,-0.434918,0.270357,0.125204,-0.292084,-0.082994,0.902910,0.664219,-0.379346
18.244039,1.495210,-0.256432,-0.053658,-0.999984,1.073813,1.032726,-0.576963,0.368946,-0.468653,0.113958,-0.281080,0.375290,0.687009,-0.290970,-1.335473,0.012078,1.404416,-1.842640,1.477345,3.445094,-0.435645,0.274260,0.126164,-0.292888,-0.084361,0.892662,0.672640,-0.371155
18.245055,1.495165,-0.261035,-0.058731,-1.000963,1.073510,1.030391,-0.575936,0.368946,-0.468653,0.113958,-0.281080,0.375290,0.687009,-0.290970,-1.335473,0.012078,1.404416,-1.842640,1.477345,3.445094,-0.435645,0.274260,0.126164,-0.292888,-0.084361,0.892662,0.672640,-0.371155
18.246002,1.494890,-0.261603,-0.052050,-0.998480,1.072306,1.025892,-0.576487,0.362429,-0.461984,0.105353,-0.297207,0.374234,0.692243,-0.291807,-1.334925,0.012340,1.403832,-1.842806,1.479123,3.446450,-0.436389,0.273731,0.127873,-0.292537,-0.083510,0.891221,0.677661,-0.371470
18.247047,1.491984,-0.259362,-0.051514,-0.996053,1.075681,1.024217,-0.576785,0.362429,-0.461984,0.105353,-0.297207,0.374234,0.692243,-0.291807,-1.334925,0.012340,1.403832,-1.842806,1.479123,3.446450,-0.436389,0.273731,0.127873,-0.292537,-0.083510,0.891221,0.677661,-0.371470
18.247991,1.488958,-0.263244,-0.052741,-0.992600,1.076162,1.026678,-0.579280,0.358926,-0.460418,0.100960,-0.302117,0.372916,0.694669,-0.292361,-1.334651,0.012464,1.403537,-1.842895,1.480004,3.447135,-0.436761,0.275055,0.126466,-0.292354,-0.084650,0.886855,0.678575,-0.370629
18.249071,1.495864,-0.263192,-0.048244,-0.990365,1.073752,1.028169,-0.578522,0.354221,-0.458949,0.095489,-0.303281,0.371030,0.696865,-0.292922,-1.334374,0.012595,1.403253,-1.842985,1.480878,3.447805,-0.437110,0.276084,0.127962,-0.291134,-0.086749,0.884763,0.675100,-0.365312
18.249978,1.496102,-0.262793,-0.045832,-0.989153,1.073438,1.029136,-0.578943,0.349115,-0.459059,0.089784,-0.299129,0.368409,0.698884,-0.293481,-1.334104,0.012722,1.402954,-1.843074,1.481769,3.448477,-0.437479,0.272603,0.127656,-0.293051,-0.087713,0.886428,0.673074,-0.366696
18.251125,1.495410,-0.265532,-0.041222,-0.986804,1.073598,1.028870,-0.580506,0.349587,-0.464793,0.089792,-0.289892,0.364842,0.700345,-0.294041,-1.333833,0.012850,1.402658,-1.843163,1.482637,3.449142,-0.437845,0.272005,0.126979,-0.293387,-0.087541,0.884851,0.671046,-0.365435
18.252090,1.498855,-0.268961,-0.043566,-0.985343,1.074999,1.033944,-0.579988,0.358104,-0.476985,0.097908,-0.276973,0.360378,0.700952,-0.294582,-1.333559,0.012980,1.402363,-1.843254,1.483525,3.449816,-0.438197,0.272528,0.128135,-0.295593,-0.088665,0.884461,0.670993,-0.362237
18.253067,1.502960,-0.271926,-0.042740,-0.982989,1.071077,1.034761,-0.579051,0.374147,-0.495445,0.113582,-0.260918,0.355126,0.700728,-0.295097,-1.333294,0.013112,1.402072,-1.843344,1.484410,3.450476,-0.438559,0.270511,0.129391,-0.293762,-0.088759,0.881446,0.665018,-0.363005
18.253961,1.503011,-0.268741,-0.037896,-0.981149,1.071616,1.036997,-0.578738,0.397322,-0.520443,0.136439,-0.241901,0.349176,0.699764,-0.295602,-1.333030,0.013249,1.401780,-1.843435,1.485287,3.451124,-0.438923,0.268230,0.130368,-0.293594,-0.089739,0.884007,0.663507,-0.364583
18.255019,1.498678,-0.271648,-0.035994,-0.980912,1.075822,1.038880,-0.581099,0.427033,-0.550882,0.165859,-0.220579,0.342679,0.698001,-0.296096,-1.332763,0.013371,1.401483,-1.843528,1.486168,3.451780,-0.439290,0.267710,0.128323,-0.295135,-0.090082,0.881327,0.660203,-0.364784
18.256013,1.498839,-0.275281,-0.038215,-0.977102,1.071828,1.043308,-0.582248,0.460177,-0.582880,0.198662,-0.198889,0.336117,0.695475,-0.296540,-1.332490,0.013503,1.401182,-1.843617,1.487030,3.452425,-0.439644,0.269829,0.129456,-0.295623,-0.089021,0.876445,0.657878,-0.359847
18.257060,1.495325,-0.273586,-0.033760,-0.974911,1.068351,1.043552,-0.580762,0.492068,-0.613042,0.230144,-0.177593,0.329919,0.692574,-0.296908,-1.332221,0.013634,1.400891,-1.843713,1.487911,3.453069,-0.439995,0.269488,0.130862,-0.293965,-0.091388,0.879187,0.652769,-0.357344
18.258058,1.497311,-0.274168,-0.033192,-0.971708,1.071368,1.043701,-0.583212,0.519991,-0.640394,0.257661,-0.155095,0.324070,0.689659,-0.297213,-1.331946,0.013759,1.400592,-1.843808,1.488804,3.453717,-0.440362,0.271117,0.129708,-0.295760,-0.092162,0.881615,0.652061,-0.360136
18.258959,1.494793,-0.270520,-0.034601,-0.972416,1.067006,1.047283,-0.582538,0.543698,-0.664311,0.281047,-0.130817,0.318579,0.686756,-0.297441,-1.331678,0.013890,1.400299,-1.843905,1.489665,3.454362,-0.440705,0.269896,0.129596,-0.295479,-0.093863,0.877424,0.651262,-0.354964
18.259990,1.494727,-0.273795,-0.035796,-0.971410,1.065012,1.047360,-0.581092,0.562053,-0.682505,0.299222,-0.106601,0.313795,0.683899,-0.297562,-1.331405,0.014012,1.400007,-1.843992,1.490551,3.455002,-0.441064,0.270608,0.127336,-0.293937,-0.091778,0.879777,0.646714,-0.356003
18.260951,1.491528,-0.278337,-0.032263,-0.970430,1.065729,1.045811,-0.579911,0.572432,-0.692023,0.309566,-0.085043,0.310146,0.681284,-0.297612,-1.331138,0.014143,1.399713,-1.844084,1.491424,3.455639,-0.441432,0.270538,0.128636,-0.292891,-0.091449,0.880788,0.646182,-0.358657
18.262011,1.481718,-0.281620,-0.026989,-0.971418,1.064578,1.046169,-0.580455,0.576438,-0.694661,0.313594,-0.067025,0.307653,0.678936,-0.297642,-1.330862,0.014276,1.399418,-1.844174,1.492301,3.456285,-0.441795,0.271739,0.130429,-0.294004,-0.091054,0.878506,0.646975,-0.360699
18.263011,1.484449,-0.279829,-0.027953,-0.970359,1.065915,1.047782,-0.581491,0.577332,-0.694007,0.314424,-0.052766,0.306182,0.676754,-0.297649,-1.330576,0.014412,1.399116,-1.844260,1.493186,3.456933,-0.442151,0.276442,0.131675,-0.296194,-0.088864,0.878812,0.646134,-0.359405
18.264025,1.489144,-0.281384,-0.028030,-0.969795,1.063281,1.049343,-0.578695,0.570992,-0.683666,0.307783,-0.038722,0.306405,0.672754,-0.297588,-1.330038,0.014671,1.398524,-1.844436,1.494935,3.458205,-0.442871,0.272271,0.130782,-0.294538,-0.087933,0.877774,0.641815,-0.362488
18.265089,1.486283,-0.280337,-0.026240,-0.967805,1.062222,1.048627,-0.578621,0.570992,-0.683666,0.307783,-0.038722,0.306405,0.672754,-0.297588,-1.330038,0.014671,1.398524,-1.844436,1.494935,3.458205,-0.442871,0.272271,0.130782,-0.294538,-0.087933,0.877774,0.641815,-0.362488
18.266135,1.488483,-0.280209,-0.024518,-0.966395,1.064359,1.047129,-0.577408,0.567606,-0.676652,0.304325,-0.038043,0.307663,0.670726,-0.297596,-1.329765,0.014801,1.398228,-1.844526,1.495820,3.458852,-0.443233,0.273674,0.129928,-0.295071,-0.088647,0.877986,0.642113,-0.362395
18.267023,1.492202,-0.281295,-0.025773,-0.966536,1.061269,1.049237,-0.575574,0.565252,-0.669584,0.301941,-0.039926,0.309243,0.668631,-0.297632,-1.329495,0.014928,1.397935,-1.844616,1.496688,3.459496,-0.443597,0.272463,0.129556,-0.295528,-0.088759,0.875005,0.643131,-0.364619
18.267997,1.491614,-0.283320,-0.020080,-0.963668,1.061494,1.047159,-0.575563,0.564797,-0.663131,0.301477,-0.044168,0.310932,0.666467,-0.297668,-1.329226,0.015058,1.397642,-1.844701,1.497563,3.460137,-0.443980,0.270044,0.129581,-0.294016,-0.087305,0.876073,0.640003,-0.367815
18.269087,1.492537,-0.280166,-0.018402,-0.960743,1.066448,1.043521,-0.573299,0.568510,-0.659499,0.305148,-0.050490,0.312444,0.664258,-0.297722,-1.328957,0.015190,1.397341,-1.844793,1.498427,3.460777,-0.444351,0.270073,0.130141,-0.296186,-0.088801,0.874505,0.641431,-0.367470
18.270050,1.494108,-0.278712,-0.021816,-0.958490,1.065067,1.041463,-0.572354,0.577291,-0.659856,0.313807,-0.057396,0.313502,0.662012,-0.297821,-1.328689,0.015316,1.397045,-1.844884,1.499292,3.461431,-0.444728,0.269679,0.128305,-0.296704,-0.090436,0.869069,0.644685,-0.371824
18.270980,1.492983,-0.279650,-0.021465,-0.959079,1.066349,1.041615,-0.571181,0.587973,-0.661578,0.324286,-0.063822,0.314120,0.659821,-0.297972,-1.328424,0.015444,1.396755,-1.844975,1.500161,3.462086,-0.445106,0.268601,0.127165,-0.294358,-0.091286,0.869060,0.645900,-0.373313
18.272081,1.494153,-0.281775,-0.026549,-0.956939,1.067351,1.036985,-0.567958,0.595857,-0.660930,0.331898,-0.070418,0.314608,0.657932,-0.298160,-1.328153,0.015572,1.396465,-1.845059,1.501020,3.462726,-0.445486,0.268731,0.127197,-0.293850,-0.089432,0.866165,0.644891,-0.375239
18.273055,1.493548,-0.280123,-0.024815,-0.956585,1.067429,1.034257,-0.566822,0.598627,-0.656645,0.334333,-0.078212,0.315318,0.656524,-0.298382,-1.327883,0.015700,1.396180,-1.845151,1.501886,3.463382,-0.445875,0.268224,0.128010,-0.291145,-0.090312,0.864801,0.649189,-0.381475
18.273989,1.492847,-0.276144,-0.026547,-0.957593,1.066693,1.030355,-0.565456,0.595760,-0.648788,0.331069,-0.087289,0.316451,0.655568,-0.298625,-1.327615,0.015825,1.395885,-1.845239,1.502740,3.464033,-0.446265,0.268257,0.126798,-0.291409,-0.089333,0.863522,0.651136,-0.383294
18.275087,1.496380,-0.275803,-0.029410,-0.957414,1.065377,1.028689,-0.566119,0.586624,-0.635913,0.321472,-0.098835,0.318348,0.654893,-0.298828,-1.327345,0.015944,1.395602,-1.845322,1.503606,3.464698,-0.446655,0.268171,0.124463,-0.289906,-0.087087,0.862621,0.654069,-0.385573
18.276061,1.497071,-0.271693,-0.034260,-0.955745,1.062087,1.025498,-0.566298,0.570716,-0.616388,0.305060,-0.114577,0.321411,0.654337,-0.298924,-1.327080,0.016067,1.395315,-1.845407,1.504474,3.465362,-0.447039,0.266522,0.124105,-0.288304,-0.086146,0.863536,0.655281,-0.383971
18.277042,1.490731,-0.274508,-0.031660,-0.957331,1.055244,1.022874,-0.565299,0.547964,-0.590261,0.281809,-0.133900,0.325703,0.653837,-0.298870,-1.326816,0.016186,1.395034,-1.845494,1.505340,3.466018,-0.447417,0.265958,0.121743,-0.285393,-0.086550,0.865513,0.657695,-0.383258
18.278092,1.495767,-0.271305,-0.030965,-0.956689,1.052353,1.022946,-0.567064,0.517845,-0.557898,0.251190,-0.155385,0.331115,0.653400,-0.298664,-1.326541,0.016309,1.394748,-1.845574,1.506225,3.466683,-0.447806,0.268824,0.122847,-0.286221,-0.083820,0.870922,0.659488,-0.384881
18.278983,1.500550,-0.272130,-0.030079,-0.957981,1.049207,1.023013,-0.566207,0.483055,-0.521920,0.215877,-0.178576,0.337407,0.652905,-0.298318,-1.326281,0.016426,1.394461,-1.845655,1.507105,3.467349,-0.448183,0.266295,0.121034,-0.286251,-0.083411,0.872881,0.658787,-0.381031
18.279976,1.505829,-0.272357,-0.031520,-0.958769,1.045470,1.023933,-0.565492,0.450386,-0.487351,0.182724,-0.203565,0.344189,0.652035,-0.297838,-1.326023,0.016545,1.394180,-1.845730,1.507974,3.467996,-0.448564,0.263489,0.121075,-0.285979,-0.081024,0.874033,0.657710,-0.382325
18.281040,1.506806,-0.276794,-0.032516,-0.957533,1.040216,1.027259,-0.567009,0.425662,-0.458352,0.157598,-0.230814,0.351106,0.650530,-0.297279,-1.325765,0.016665,1.393897,-1.845808,1.508860,3.468651,-0.448951,0.260747,0.120908,-0.284809,-0.079205,0.876396,0.656059,-0.383377
18.282046,1.506000,-0.273498,-0.032901,-0.957121,1.042188,1.030965,-0.566871,0.410893,-0.437440,0.142421,-0.259382,0.357678,0.648478,-0.296732,-1.325505,0.016790,1.393613,-1.845888,1.509735,3.469295,-0.449329,0.260369,0.122880,-0.284076,-0.079404,0.880925,0.652288,-0.380044
18.282971,1.512937,-0.277993,-0.034437,-0.956461,1.041894,1.032421,-0.567295,0.403462,-0.423935,0.134492,-0.287263,0.363466,0.646281,-0.296269,-1.325242,0.016904,1.393334,-1.845965,1.510611,3.469940,-0.449706,0.260663,0.121003,-0.283537,-0.078790,0.877693,0.647950,-0.380037
18.284113,1.517317,-0.273575,-0.033777,-0.954711,1.038099,1.034549,-0.567777,0.400680,-0.415905,0.131122,-0.313845,0.368396,0.644196,-0.295909,-1.324995,0.017031,1.393056,-1.846041,1.511498,3.470585,-0.450079,0.256978,0.122836,-0.282180,-0.078387,0.876089,0.645636,-0.378775
18.285052,1.514612,-0.269295,-0.032587,-0.953104,1.038189,1.037319,-0.567274,0.403972,-0.414061,0.133756,-0.338637,0.372328,0.642116,-0.295651,-1.324741,0.017146,1.392775,-1.846120,1.512388,3.471220,-0.450456,0.255207,0.120543,-0.282558,-0.079197,0.879635,0.643384,-0.377655
18.285967,1.513081,-0.258882,-0.033164,-0.951761,1.041003,1.042238,-0.567543,0.411832,-0.416353,0.140900,-0.360839,0.375177,0.640004,-0.295502,-1.324483,0.017257,1.392493,-1.846201,1.513257,3.471859,-0.450835,0.256322,0.118160,-0.282566,-0.079641,0.877867,0.639799,-0.378270
18.287029,1.517343,-0.259654,-0.036664,-0.949111,1.036874,1.044592,-0.567077,0.415943,-0.414593,0.144295,-0.381079,0.377404,0.638174,-0.295442,-1.324228,0.017360,1.392210,-1.846281,1.514115,3.472482,-0.451213,0.256780,0.112750,-0.281598,-0.079827,0.873330,0.634074,-0.377287
18.288055,1.519642,-0.260041,-0.037852,-0.948253,1.037449,1.047754,-0.566392,0.410335,-0.403312,0.138072,-0.399642,0.379386,0.636942,-0.295446,-1.323978,0.017472,1.391936,-1.846364,1.515002,3.473109,-0.451590,0.254822,0.113092,-0.279721,-0.081371,0.876666,0.631422,-0.377982
18.288939,1.516906,-0.262376,-0.030699,-0.945917,1.037409,1.045960,-0.567573,0.397486,-0.385756,0.124745,-0.415090,0.380887,0.636372,-0.295523,-1.323729,0.017584,1.391660,-1.846443,1.515880,3.473739,-0.451973,0.253791,0.113131,-0.278881,-0.081159,0.874974,0.627778,-0.379036
18.290133,1.517475,-0.258626,-0.038212,-0.945226,1.042453,1.048323,-0.567574,0.383736,-0.368365,0.110566,-0.426408,0.381570,0.636355,-0.295667,-1.323470,0.017699,1.391377,-1.846526,1.516741,3.474367,-0.452341,0.254739,0.113955,-0.281731,-0.082236,0.873065,0.628706,-0.376208
18.291014,1.519258,-0.261035,-0.037946,-0.943093,1.040783,1.045900,-0.566073,0.370854,-0.352836,0.097267,-0.433892,0.381480,0.636897,-0.295846,-1.323215,0.017806,1.391102,-1.846607,1.517606,3.474994,-0.452718,0.254980,0.112156,-0.278180,-0.081972,0.868327,0.626403,-0.376138
18.291995,1.517353,-0.265150,-0.035293,-0.943258,1.041630,1.044746,-0.565885,0.356053,-0.336998,0.082172,-0.438229,0.380904,0.638130,-0.296042,-1.322968,0.017921,1.390824,-1.846690,1.518468,3.475613,-0.453103,0.253774,0.113032,-0.277631,-0.082844,0.868047,0.627995,-0.378665
18.292998,1.513236,-0.261030,-0.031768,-0.943098,1.043385,1.042965,-0.566127,0.328519,-0.311705,0.054295,-0.439915,0.378567,0.642092,-0.296419,-1.322450,0.018148,1.390260,-1.846848,1.520193,3.476887,-0.453856,0.256573,0.112585,-0.279879,-0.080667,0.863106,0.629690,-0.377853
18.293982,1.512551,-0.265191,-0.034029,-0.941853,1.045080,1.043239,-0.566584,0.316587,-0.302112,0.042191,-0.440056,0.377154,0.644550,-0.296581,-1.322195,0.018268,1.389982,-1.846929,1.521038,3.477508,-0.454231,0.256809,0.114411,-0.278322,-0.080795,0.860358,0.628849,-0.376598
18.294941,1.515524,-0.263757,-0.036170,-0.938861,1.042659,1.038511,-0.566475,0.316587,-0.302112,0.042191,-0.440056,0.377154,0.644550,-0.296581,-1.322195,0.018268,1.389982,-1.846929,1.521038,3.477508,-0.454231,0.256809,0.114411,-0.278322,-0.080795,0.860358,0.628849,-0.376598
18.296093,1.520569,-0.259984,-0.037774,-0.936392,1.044253,1.036319,-0.566687,0.304036,-0.293626,0.029644,-0.439325,0.375536,0.647307,-0.296757,-1.321942,0.018377,1.389706,-1.847015,1.521904,3.478146,-0.454606,0.255162,0.113472,-0.276798,-0.082539,0.861377,0.632894,-0.376462
18.297027,1.513303,-0.264055,-0.032575,-0.935147,1.045526,1.035309,-0.566961,0.291744,-0.287043,0.017610,-0.436171,0.373408,0.650129,-0.296945,-1.321696,0.018487,1.389431,-1.847103,1.522771,3.478789,-0.454983,0.253159,0.111598,-0.276136,-0.083827,0.859762,0.634927,-0.375886
18.297941,1.514765,-0.267985,-0.032543,-0.932933,1.041665,1.035938,-0.568014,0.280750,-0.282681,0.007015,-0.430374,0.370679,0.652835,-0.297124,-1.321432,0.018604,1.389152,-1.847187,1.523616,3.479423,-0.455353,0.256489,0.113361,-0.278203,-0.083822,0.857051,0.635133,-0.374961
18.299035,1.518874,-0.268018,-0.038962,-0.930091,1.043390,1.030524,-0.565689,0.272438,-0.282547,-0.000856,-0.421910,0.367306,0.655540,-0.297282,-1.321178,0.018722,1.388877,-1.847274,1.524479,3.480054,-0.455718,0.255430,0.114972,-0.277611,-0.084708,0.859212,0.633654,-0.372456
18.300007,1.516131,-0.267883,-0.034077,-0.928778,1.045370,1.027727,-0.566639,0.267459,-0.288154,-0.005318,-0.410241,0.363255,0.658378,-0.297431,-1.320930,0.018837,1.388605,-1.847363,1.525324,3.480690,-0.456108,0.253685,0.114866,-0.274375,-0.086326,0.857225,0.638844,-0.376908
18.300945,1.515581,-0.266733,-0.033192,-0.928348,1.041753,1.026139,-0.567734,0.264741,-0.297994,-0.007467,-0.395862,0.358799,0.661339,-0.297578,-1.320672,0.018950,1.388328,-1.847448,1.526174,3.481334,-0.456474,0.254924,0.114569,-0.276439,-0.086381,0.854049,0.640890,-0.374626
18.302074,1.517679,-0.267404,-0.034842,-0.926205,1.042937,1.026669,-0.568027,0.263445,-0.309745,-0.008240,-0.380821,0.354424,0.664390,-0.297695,-1.320420,0.019062,1.388054,-1.847533,1.527036,3.481980,-0.456843,0.254987,0.113731,-0.276364,-0.085554,0.856158,0.641612,-0.372065
18.303005,1.520418,-0.266523,-0.035413,-0.925959,1.041526,1.021271,-0.568576,0.263068,-0.322070,-0.008147,-0.366628,0.350484,0.667618,-0.297766,-1.320166,0.019178,1.387781,-1.847620,1.527884,3.482612,-0.457210,0.254285,0.114003,-0.275626,-0.086548,0.854958,0.640921,-0.371364
18.303994,1.513468,-0.265436,-0.033300,-0.925277,1.038420,1.019975,-0.568506,0.263595,-0.334659,-0.007156,-0.353847,0.347216,0.671060,-0.297795,-1.319915,0.019287,1.387506,-1.847703,1.528742,3.483268,-0.457576,0.252704,0.113326,-0.274823,-0.085557,0.854809,0.645445,-0.369896
18.304996,1.513116,-0.267905,-0.032689,-0.925557,1.040586,1.019010,-0.569081,0.263797,-0.345945,-0.006500,-0.343480,0.344885,0.674682,-0.297791,-1.319656,0.019399,1.387229,-1.847788,1.529608,3.483909,-0.457948,0.256110,0.112593,-0.275508,-0.085020,0.856724,0.646049,-0.369727
18.306008,1.512975,-0.269298,-0.032145,-0.922533,1.039584,1.015170,-0.568468,0.261126,-0.353761,-0.008747,-0.336568,0.343732,0.678598,-0.297761,-1.319400,0.019514,1.386956,-1.847869,1.530448,3.484559,-0.458307,0.255937,0.113537,-0.275262,-0.083537,0.852969,0.646005,-0.368165
18.307031,1.515441,-0.270421,-0.031068,-0.920253,1.033679,1.013068,-0.569792,0.256224,-0.359236,-0.013190,-0.332860,0.343757,0.682833,-0.297679,-1.319142,0.019628,1.386681,-1.847958,1.531302,3.485216,-0.458678,0.255524,0.113868,-0.274819,-0.085185,0.851943,0.648639,-0.368875
18.308066,1.511033,-0.268069,-0.032797,-0.919393,1.033041,1.012941,-0.570076,0.252292,-0.365684,-0.016509,-0.330302,0.344571,0.687150,-0.297533,-1.318892,0.019743,1.386410,-1.848049,1.532158,3.485864,-0.459036,0.253929,0.114072,-0.274729,-0.086019,0.855904,0.649574,-0.365714
18.309043,1.509301,-0.266331,-0.021559,-0.918035,1.031160,1.018741,-0.570762,0.249196,-0.373162,-0.018799,-0.327564,0.345873,0.691365,-0.297332,-1.318629,0.019851,1.386139,-1.848133,1.533013,3.486515,-0.459398,0.255676,0.112608,-0.273239,-0.085589,0.854569,0.648540,-0.364685
18.309987,1.512059,-0.269665,-0.024435,-0.917027,1.028827,1.017082,-0.571494,0.244995,-0.379323,-0.022059,-0.325354,0.347670,0.695446,-0.297078,-1.318375,0.019959,1.385850,-1.848218,1.533869,3.487142,-0.459758,0.256011,0.111421,-0.277948,-0.085608,0.854172,0.641532,-0.362776
18.311055,1.506663,-0.269669,-0.026120,-0.913319,1.028471,1.018457,-0.571792,0.242277,-0.385654,-0.023729,-0.324158,0.349774,0.699251,-0.296755,-1.318122,0.020075,1.385580,-1.848303,1.534716,3.487784,-0.460111,0.254016,0.112668,-0.275614,-0.085267,0.854082,0.641935,-0.360783
18.312048,1.505575,-0.268753,-0.019475,-0.912176,1.030499,1.020646,-0.571325,0.241018,-0.392998,-0.023786,-0.322863,0.351842,0.702786,-0.296386,-1.317861,0.020187,1.385305,-1.848395,1.535573,3.488428,-0.460472,0.256379,0.112371,-0.274204,-0.087562,0.852706,0.639525,-0.359752
18.313046,1.506616,-0.272982,-0.016000,-0.909419,1.029199,1.025555,-0.570953,0.237629,-0.399173,-0.025821,-0.320226,0.353690,0.706208,-0.296029,-1.317606,0.020299,1.385022,-1.848484,1.536401,3.489058,-0.460830,0.256412,0.111553,-0.276715,-0.087256,0.848737,0.636201,-0.360197
18.314065,1.500868,-0.270880,-0.015807,-0.908002,1.030578,1.026290,-0.571208,0.234983,-0.406170,-0.027048,-0.315876,0.355097,0.709383,-0.295698,-1.317349,0.020415,1.384745,-1.848574,1.537252,3.489682,-0.461190,0.255375,0.113303,-0.277664,-0.088589,0.847966,0.630188,-0.360435
18.314960,1.498835,-0.271475,-0.011239,-0.905413,1.033390,1.030311,-0.570914,0.235353,-0.415827,-0.025256,-0.309497,0.355909,0.712189,-0.295413,-1.317089,0.020525,1.384468,-1.848661,1.538095,3.490307,-0.461554,0.257803,0.111920,-0.277022,-0.088614,0.844665,0.628474,-0.359409
18.315952,1.500550,-0.269095,-0.009173,-0.902882,1.032480,1.031196,-0.570138,0.235171,-0.425049,-0.024033,-0.301318,0.356325,0.714676,-0.295212,-1.316830,0.020637,1.384188,-1.848752,1.538914,3.490917,-0.461908,0.258003,0.111781,-0.278259,-0.089692,0.839391,0.623147,-0.359430
18.317119,1.495087,-0.266257,-0.006462,-0.901764,1.033270,1.037050,-0.569261,0.233848,-0.432544,-0.023996,-0.291595,0.356517,0.716744,-0.295081,-1.316573,0.020745,1.383908,-1.848847,1.539757,3.491537,-0.462271,0.256611,0.110271,-0.278456,-0.090647,0.838270,0.621227,-0.360464
18.318104,1.497605,-0.265556,-0.010074,-0.898230,1.029387,1.039116,-0.569256,0.231740,-0.437779,-0.024807,-0.280528,0.356619,0.718306,-0.294984,-1.316311,0.020851,1.383624,-1.848938,1.540580,3.492139,-0.462638,0.259253,0.108748,-0.279385,-0.090401,0.836721,0.614837,-0.361848
18.319032,1.494434,-0.267850,-0.006806,-0.898260,1.029836,1.040482,-0.566675,0.226043,-0.438473,-0.029213,-0.268065,0.356824,0.719501,-0.294891,-1.316057,0.020959,1.383354,-1.849034,1.541423,3.492742,-0.462993,0.257446,0.108090,-0.276830,-0.092373,0.838527,0.611821,-0.361339
18.320075,1.496078,-0.265792,-0.005961,-0.896514,1.028235,1.044122,-0.565604,0.216323,-0.434876,-0.037599,-0.253899,0.357213,0.720405,-0.294786,-1.315798,0.021069,1.383074,-1.849123,1.542263,3.493352,-0.463371,0.258348,0.108858,-0.277507,-0.090843,0.835579,0.609282,-0.365905
18.321062,1.493229,-0.267960,-0.001103,-0.894326,1.021967,1.047242,-0.565213,0.205148,-0.428955,-0.047460,-0.239034,0.357949,0.720948,-0.294648,-1.315544,0.021174,1.382799,-1.849216,1.543092,3.493946,-0.463740,0.257163,0.107588,-0.277289,-0.091110,0.835618,0.604845,-0.367520
18.321956,1.492407,-0.268724,-0.000439,-0.895102,1.019947,1.049190,-0.563681,0.195273,-0.422846,-0.056104,-0.223813,0.359064,0.721142,-0.294451,-1.315283,0.021283,1.382516,-1.849311,1.543940,3.494546,-0.464114,0.258018,0.108365,-0.278854,-0.091730,0.839764,0.600768,-0.367714
18.323099,1.492021,-0.269161,-0.002452,-0.891962,1.015973,1.049789,-0.562084,0.188456,-0.418305,-0.061799,-0.208262,0.360495,0.721069,-0.294203,-1.315027,0.021392,1.382238,-1.849397,1.544772,3.495133,-0.464489,0.257664,0.108331,-0.278114,-0.089499,0.839160,0.597698,-0.370136
18.324089,1.491700,-0.269328,0.000076,-0.891849,1.012012,1.048614,-0.560055,0.183745,-0.414803,-0.065479,-0.193180,0.362323,0.720830,-0.293940,-1.314770,0.021501,1.381966,-1.849493,1.545623,3.495731,-0.464864,0.257732,0.108376,-0.276755,-0.091203,0.841987,0.596590,-0.372901
18.325001,1.492019,-0.271359,-0.000581,-0.888733,1.006243,1.051855,-0.559859,0.179767,-0.411453,-0.068463,-0.178645,0.364472,0.720482,-0.293689,-1.314510,0.021609,1.381686,-1.849582,1.546474,3.496335,-0.465251,0.257321,0.108158,-0.277208,-0.089862,0.843779,0.596798,-0.376345
18.326039,1.492199,-0.273289,-0.000678,-0.888654,1.005520,1.051657,-0.555627,0.177132,-0.409015,-0.070093,-0.164504,0.366693,0.720059,-0.293448,-1.314258,0.021720,1.381410,-1.849678,1.547318,3.496917,-0.465628,0.256497,0.108756,-0.275890,-0.091370,0.846965,0.592460,-0.376042
18.327004,1.490479,-0.273291,-0.000967,-0.885905,0.996367,1.048409,-0.556780,0.176451,-0.408523,-0.069735,-0.150832,0.368790,0.719696,-0.293209,-1.314002,0.021830,1.381139,-1.849762,1.548168,3.497508,-0.466026,0.256022,0.109434,-0.275243,-0.090132,0.845804,0.591920,-0.383968
18.327977,1.487608,-0.274351,-0.000805,-0.883170,0.994423,1.046980,-0.555250,0.177103,-0.409692,-0.068045,-0.137998,0.370647,0.719481,-0.292997,-1.313748,0.021939,1.380864,-1.849856,1.549032,3.498115,-0.466407,0.256333,0.109090,-0.274264,-0.091364,0.852579,0.594136,-0.380934
18.329024,1.490835,-0.276735,0.002068,-0.882790,0.996581,1.045432,-0.556386,0.177190,-0.411093,-0.066944,-0.125682,0.372095,0.719470,-0.292828,-1.313488,0.022046,1.380592,-1.849951,1.549880,3.498708,-0.466791,0.257170,0.109308,-0.273576,-0.092517,0.852217,0.594595,-0.383420
18.330041,1.488473,-0.275428,-0.007006,-0.880948,0.989235,1.043423,-0.555966,0.177404,-0.413108,-0.065766,-0.114138,0.373103,0.719653,-0.292676,-1.313234,0.022157,1.380316,-1.850041,1.550730,3.499307,-0.467168,0.255190,0.110215,-0.274383,-0.091462,0.848231,0.595347,-0.380566
18.331035,1.484939,-0.269276,0.002924,-0.878401,0.987778,1.038412,-0.554889,0.177926,-0.415297,-0.064351,-0.104862,0.373884,0.720016,-0.292520,-1.312979,0.022266,1.380052,-1.850132,1.551597,3.499901,-0.467546,0.255968,0.109258,-0.269225,-0.091864,0.853523,0.596516,-0.380877
18.332066,1.483079,-0.273047,0.001946,-0.875021,0.989464,1.033855,-0.555909,0.174700,-0.413480,-0.066742,-0.098422,0.374632,0.720593,-0.292394,-1.312719,0.022365,1.379773,-1.850226,1.552443,3.500511,-0.467933,0.257196,0.105964,-0.273474,-0.092873,0.852835,0.600553,-0.382423
18.333103,1.480262,-0.276105,0.000788,-0.875308,0.986634,1.034197,-0.555656,0.167828,-0.406785,-0.072892,-0.094179,0.375309,0.721203,-0.292303,-1.312461,0.022476,1.379503,-1.850322,1.553292,3.501131,-0.468313,0.257686,0.107597,-0.272324,-0.094705,0.849244,0.604145,-0.379789
18.334137,1.486114,-0.279878,-0.000987,-0.873169,0.985541,1.029887,-0.557539,0.159747,-0.398019,-0.080357,-0.091379,0.375758,0.721802,-0.292226,-1.312202,0.022585,1.379238,-1.850410,1.554132,3.501730,-0.468693,0.258666,0.108839,-0.271212,-0.092998,0.850361,0.602928,-0.379770
18.335031,1.485886,-0.280433,-0.000753,-0.872078,0.989258,1.026074,-0.555925,0.152626,-0.390237,-0.086908,-0.090005,0.375839,0.722432,-0.292192,-1.311951,0.022698,1.378969,-1.850505,1.554981,3.502342,-0.469065,0.255362,0.110415,-0.269743,-0.093642,0.849583,0.606378,-0.375441
18.336030,1.478906,-0.286700,0.001779,-0.869696,0.991604,1.021152,-0.556027,0.150110,-0.386255,-0.088940,-0.090313,0.375438,0.722872,-0.292244,-1.311698,0.022807,1.378700,-1.850596,1.555805,3.502952,-0.469452,0.254773,0.110259,-0.268915,-0.093164,0.843305,0.608913,-0.378026
18.336966,1.479478,-0.287782,-0.001335,-0.868954,0.995775,1.017615,-0.557157,0.152421,-0.386194,-0.086325,-0.092152,0.374544,0.723047,-0.292395,-1.311436,0.022923,1.378431,-1.850691,1.556638,3.503579,-0.469824,0.257740,0.113022,-0.269527,-0.093996,0.839046,0.612754,-0.377234
18.338093,1.482266,-0.295074,0.001141,-0.868127,0.997079,1.014771,-0.555922,0.156725,-0.388390,-0.081898,-0.095095,0.373221,0.723094,-0.292617,-1.311184,0.023036,1.378168,-1.850784,1.557465,3.504205,-0.470195,0.256812,0.113113,-0.267180,-0.093185,0.832597,0.615024,-0.374342
18.339086,1.475313,-0.290633,0.005108,-0.865738,0.994389,1.008731,-0.554481,0.163631,-0.393470,-0.075057,-0.099124,0.371527,0.722954,-0.292883,-1.310930,0.023160,1.377899,-1.850876,1.558284,3.504820,-0.470572,0.255283,0.116434,-0.268099,-0.092604,0.830369,0.617191,-0.376410
18.339996,1.472239,-0.292075,0.011646,-0.864643,0.995294,1.007243,-0.556554,0.175241,-0.402624,-0.063792,-0.103817,0.369391,0.722357,-0.293193,-1.310667,0.023267,1.377627,-1.850970,1.559115,3.505453,-0.470957,0.258213,0.113859,-0.269354,-0.093466,0.831145,0.622117,-0.378684
18.341001,1.477326,-0.290131,0.008861,-0.862464,0.995364,1.008317,-0.556425,0.189546,-0.413251,-0.050129,-0.108544,0.366805,0.721111,-0.293529,-1.310407,0.023382,1.377349,-1.851063,1.559939,3.506070,-0.471326,0.258966,0.114139,-0.271624,-0.092977,0.827790,0.622287,-0.373837
18.341955,1.479967,-0.290542,0.010670,-0.860469,0.992361,1.007460,-0.556848,0.205084,-0.423414,-0.035415,-0.113183,0.363869,0.719119,-0.293866,-1.310155,0.023492,1.377083,-1.851156,1.560755,3.506691,-0.471698,0.255954,0.112838,-0.269565,-0.093639,0.826029,0.620151,-0.373595
18.342983,1.474360,-0.291997,0.021728,-0.859750,0.993410,1.010550,-0.555569,0.222778,-0.433737,-0.018588,-0.117185,0.360559,0.716313,-0.294210,-1.309906,0.023605,1.376813,-1.851253,1.561583,3.507314,-0.472069,0.254120,0.112645,-0.269691,-0.093996,0.826887,0.619840,-0.372145
18.344092,1.473698,-0.292489,0.018858,-0.857482,0.997531,1.012685,-0.557137,0.244533,-0.445795,0.002265,-0.120104,0.356798,0.712654,-0.294589,-1.309648,0.023720,1.376528,-1.851345,1.562399,3.507916,-0.472443,0.256529,0.113024,-0.274475,-0.093226,0.824246,0.615853,-0.374204
18.345089,1.473317,-0.292784,0.023178,-0.857244,0.994669,1.015994,-0.557117,0.270188,-0.459886,0.026944,-0.122076,0.352726,0.708358,-0.295008,-1.309391,0.023834,1.376258,-1.851442,1.563213,3.508529,-0.472807,0.256620,0.113012,-0.272571,-0.093987,0.819066,0.613011,-0.370590
18.346019,1.475813,-0.294635,0.021070,-0.852938,0.993254,1.016051,-0.556427,0.296486,-0.473904,0.052271,-0.123457,0.348662,0.703836,-0.295453,-1.309136,0.023946,1.375982,-1.851534,1.564039,3.509134,-0.473184,0.256331,0.112798,-0.273993,-0.092721,0.820127,0.608720,-0.370088
18.347030,1.471399,-0.295291,0.023352,-0.852606,0.994496,1.015395,-0.557659,0.322483,-0.487533,0.077412,-0.123835,0.344715,0.699338,-0.295912,-1.308884,0.024058,1.375715,-1.851635,1.564852,3.509732,-0.473553,0.254447,0.113323,-0.272087,-0.095302,0.819360,0.607599,-0.370875
18.348027,1.470461,-0.293578,0.030080,-0.851980,0.991631,1.018037,-0.559208,0.347551,-0.500802,0.101756,-0.122432,0.340909,0.695000,-0.296368,-1.308623,0.024173,1.375439,-1.851728,1.565668,3.510337,-0.473921,0.256171,0.113277,-0.272527,-0.094104,0.816419,0.607338,-0.367845
18.349052,1.471507,-0.295706,0.032604,-0.850661,0.992584,1.017544,-0.559618,0.370622,-0.512248,0.124115,-0.120547,0.337503,0.690862,-0.296768,-1.308369,0.024286,1.375157,-1.851821,1.566478,3.510928,-0.474279,0.256151,0.112041,-0.275078,-0.093218,0.817620,0.603779,-0.364245
18.350151,1.472390,-0.294781,0.030769,-0.851661,0.989620,1.020458,-0.560431,0.393877,-0.522494,0.146588,-0.119964,0.334684,0.686813,-0.297051,-1.308115,0.024400,1.374884,-1.851911,1.567290,3.511534,-0.474633,0.255226,0.112789,-0.275652,-0.093107,0.815072,0.603408,-0.362987
18.351047,1.464677,-0.288343,0.039064,-0.848474,0.986402,1.021011,-0.559407,0.418671,-0.532328,0.170522,-0.121730,0.332584,0.682817,-0.297213,-1.307865,0.024512,1.374610,-1.851999,1.568117,3.512127,-0.474992,0.254623,0.112063,-0.274236,-0.090759,0.816863,0.599844,-0.360947
18.352040,1.463511,-0.292596,0.038659,-0.846887,0.985806,1.021621,-0.560659,0.458764,-0.538376,0.208527,-0.133929,0.331080,0.675564,-0.297341,-1.307343,0.024732,1.374056,-1.852187,1.569760,3.513309,-0.475702,0.257697,0.110241,-0.276365,-0.092406,0.816324,0.596658,-0.359407
18.353067,1.468481,-0.295478,0.038157,-0.846417,0.987155,1.023281,-0.559914,0.458764,-0.538376,0.208527,-0.133929,0.331080,0.675564,-0.297341,-1.307343,0.024732,1.374056,-1.852187,1.569760,3.513309,-0.475702,0.257697,0.110241,-0.276365,-0.092406,0.816324,0.596658,-0.359407
18.354058,1.473319,-0.296771,0.039964,-0.843415,0.982640,1.024237,-0.560501,0.472444,-0.534937,0.221071,-0.142381,0.331363,0.672644,-0.297314,-1.307096,0.024843,1.373781,-1.852276,1.570552,3.513891,-0.476067,0.254871,0.111361,-0.275445,-0.091472,0.813632,0.594245,-0.360436
18.354965,1.466551,-0.301462,0.049810,-0.843558,0.985381,1.020390,-0.560506,0.488329,-0.533820,0.235774,-0.151459,0.331955,0.670202,-0.297229,-1.306848,0.024955,1.373507,-1.852371,1.571369,3.514479,-0.476421,0.252036,0.111653,-0.275599,-0.092929,0.816382,0.592415,-0.358749
18.356057,1.462591,-0.304686,0.048858,-0.843981,0.985929,1.020674,-0.559532,0.511128,-0.538909,0.257230,-0.160667,0.332597,0.668091,-0.297097,-1.306592,0.025073,1.373217,-1.852459,1.572176,3.515078,-0.476778,0.254754,0.113505,-0.279404,-0.091300,0.811312,0.595139,-0.358171
18.357049,1.463412,-0.303641,0.050541,-0.844002,0.980825,1.018349,-0.560994,0.569831,-0.561470,0.312571,-0.184191,0.334846,0.665085,-0.296785,-1.306075,0.025305,1.372662,-1.852627,1.573796,3.516267,-0.477488,0.255465,0.113856,-0.278401,-0.088326,0.813114,0.595603,-0.356272
18.358000,1.465769,-0.304576,0.055701,-0.842562,0.981916,1.017053,-0.558185,0.569831,-0.561470,0.312571,-0.184191,0.334846,0.665085,-0.296785,-1.306075,0.025305,1.372662,-1.852627,1.573796,3.516267,-0.477488,0.255465,0.113856,-0.278401,-0.088326,0.813114,0.595603,-0.356272
18.358980,1.461267,-0.305897,0.053090,-0.840098,0.984552,1.011242,-0.558296,0.599890,-0.573227,0.340803,-0.200189,0.336670,0.664194,-0.296687,-1.305826,0.025419,1.372376,-1.852715,1.574604,3.516857,-0.477860,0.253747,0.113912,-0.279994,-0.088344,0.809979,0.595888,-0.361378
18.359970,1.462287,-0.305931,0.059338,-0.839278,0.982122,1.010417,-0.557975,0.630208,-0.584603,0.369298,-0.217878,0.338709,0.663461,-0.296644,-1.305567,0.025534,1.372105,-1.852803,1.575400,3.517468,-0.478223,0.255467,0.114184,-0.277906,-0.089408,0.805656,0.600700,-0.360563
18.361075,1.467928,-0.307808,0.061481,-0.837991,0.986925,1.008461,-0.558164,0.658353,-0.594169,0.395688,-0.235715,0.340773,0.662827,-0.296630,-1.305311,0.025647,1.371819,-1.852888,1.576209,3.518074,-0.478583,0.254417,0.113822,-0.280166,-0.088890,0.806396,0.600489,-0.360697
18.362055,1.464456,-0.307069,0.061491,-0.838638,0.989396,1.008711,-0.558450,0.687091,-0.603890,0.422749,-0.253123,0.342616,0.662042,-0.296619,-1.305067,0.025764,1.371535,-1.852977,1.576992,3.518672,-0.478936,0.251507,0.114466,-0.280631,-0.088850,0.800778,0.601824,-0.359932
18.362963,1.457218,-0.308321,0.058410,-0.836814,0.986730,1.001211,-0.557973,0.718718,-0.615060,0.452787,-0.270745,0.344246,0.660968,-0.296610,-1.304811,0.025875,1.371259,-1.853058,1.577800,3.519273,-0.479294,0.252744,0.113736,-0.279824,-0.086927,0.796527,0.600564,-0.358840
18.364150,1.459611,-0.308663,0.057208,-0.834894,0.989410,0.998110,-0.558647,0.746114,-0.622367,0.478727,-0.289042,0.345952,0.659937,-0.296628,-1.304552,0.025990,1.370986,-1.853144,1.578590,3.519893,-0.479655,0.255612,0.113897,-0.277304,-0.087376,0.797163,0.606848,-0.359215
18.364973,1.453808,-0.310746,0.055324,-0.834653,0.989161,0.994154,-0.557954,0.762499,-0.621490,0.493822,-0.306654,0.347751,0.659270,-0.296700,-1.304297,0.026103,1.370713,-1.853231,1.579373,3.520501,-0.480010,0.254393,0.113888,-0.276483,-0.088057,0.794238,0.609439,-0.357539
18.365966,1.451487,-0.313907,0.050558,-0.833918,0.986037,0.991206,-0.556356,0.767386,-0.612760,0.497563,-0.322371,0.349577,0.659068,-0.296829,-1.304035,0.026219,1.370443,-1.853315,1.580162,3.521119,-0.480369,0.256308,0.114373,-0.274394,-0.086851,0.791873,0.611880,-0.358282
18.366996,1.451293,-0.312747,0.055440,-0.833487,0.984745,0.984566,-0.557482,0.760189,-0.596389,0.489307,-0.336246,0.351551,0.659492,-0.297025,-1.303780,0.026338,1.370176,-1.853401,1.580964,3.521730,-0.480737,0.256956,0.115515,-0.271327,-0.086253,0.793379,0.613813,-0.360951
18.368095,1.445078,-0.314227,0.054540,-0.834364,0.988149,0.982360,-0.558849,0.742609,-0.573853,0.470663,-0.348462,0.353721,0.660495,-0.297265,-1.303523,0.026452,1.369900,-1.853483,1.581748,3.522360,-0.481088,0.256627,0.114577,-0.273143,-0.085451,0.793430,0.619468,-0.358206
18.369018,1.447215,-0.315251,0.054827,-0.832308,0.981143,0.977944,-0.558849,0.718921,-0.547523,0.445803,-0.360079,0.356239,0.661793,-0.297478,-1.303258,0.026568,1.369631,-1.853565,1.582535,3.522988,-0.481439,0.259432,0.115041,-0.272241,-0.083380,0.789155,0.620800,-0.355093
18.369946,1.447164,-0.309980,0.054533,-0.832505,0.977982,0.976362,-0.558090,0.691157,-0.518831,0.416813,-0.371691,0.359272,0.663314,-0.297622,-1.303005,0.026684,1.369364,-1.853649,1.583326,3.523615,-0.481790,0.257670,0.115075,-0.271545,-0.084115,0.794261,0.623938,-0.354577
18.371006,1.452819,-0.309390,0.050056,-0.831249,0.976658,0.969868,-0.556871,0.661013,-0.489020,0.385526,-0.382858,0.362769,0.665003,-0.297699,-1.302748,0.026789,1.369095,-1.853730,1.584127,3.524241,-0.482148,0.257010,0.112074,-0.270541,-0.082617,0.795333,0.624215,-0.355544
18.372122,1.449212,-0.310621,0.052094,-0.830987,0.975084,0.968902,-0.556508,0.629566,-0.457786,0.353095,-0.394118,0.366803,0.666684,-0.297723,-1.302503,0.026901,1.368830,-1.853814,1.584917,3.524874,-0.482514,0.253965,0.111519,-0.267810,-0.082642,0.795540,0.629798,-0.357521
18.372952,1.452497,-0.314302,0.048526,-0.832243,0.970419,0.968001,-0.555158,0.597832,-0.425796,0.320544,-0.405764,0.371372,0.668226,-0.297688,-1.302242,0.027013,1.368562,-1.853893,1.585715,3.525505,-0.482871,0.255566,0.111914,-0.268500,-0.081782,0.796292,0.629906,-0.357845
18.373966,1.455204,-0.315867,0.052426,-0.829383,0.965618,0.971453,-0.551285,0.567578,-0.395522,0.289619,-0.417869,0.376304,0.669604,-0.297594,-1.301993,0.027132,1.368301,-1.853969,1.586524,3.526138,-0.483234,0.253042,0.113161,-0.265681,-0.079298,0.798210,0.629223,-0.359888
18.374969,1.454752,-0.317160,0.054098,-0.828789,0.965046,0.969991,-0.551333,0.524942,-0.354694,0.245944,-0.441028,0.385607,0.671638,-0.297417,-1.301496,0.027364,1.367768,-1.854132,1.588123,3.527369,-0.483981,0.251192,0.113811,-0.267257,-0.080309,0.800493,0.625248,-0.366408
18.376028,1.451639,-0.319573,0.051954,-0.826042,0.964823,0.972793,-0.550473,0.524942,-0.354694,0.245944,-0.441028,0.385607,0.671638,-0.297417,-1.301496,0.027364,1.367768,-1.854132,1.588123,3.527369,-0.483981,0.251192,0.113811,-0.267257,-0.080309,0.800493,0.625248,-0.366408
18.377059,1.458361,-0.320746,0.045825,-0.823011,0.963806,0.975475,-0.547586,0.514581,-0.346857,0.235198,-0.449738,0.389169,0.672243,-0.297352,-1.301242,0.027480,1.367505,-1.854216,1.588933,3.527988,-0.484353,0.252452,0.114688,-0.265716,-0.081822,0.799409,0.621527,-0.367649
18.377989,1.457277,-0.319836,0.045829,-0.820815,0.961975,0.982223,-0.544910,0.506338,-0.344299,0.226771,-0.455136,0.391833,0.672853,-0.297314,-1.300998,0.027592,1.367253,-1.854299,1.589728,3.528589,-0.484736,0.248779,0.114950,-0.262240,-0.083591,0.799090,0.617994,-0.372896
18.378963,1.457173,-0.324766,0.051002,-0.816039,0.963267,0.983549,-0.543331,0.497818,-0.345249,0.218336,-0.456310,0.393537,0.673626,-0.297346,-1.300747,0.027706,1.366993,-1.854384,1.590532,3.529181,-0.485124,0.248754,0.114050,-0.261523,-0.084408,0.798852,0.610137,-0.377559
18.380008,1.459312,-0.321491,0.045622,-0.814426,0.961814,0.988099,-0.544535,0.490086,-0.350141,0.210916,-0.452707,0.394219,0.674540,-0.297422,-1.300500,0.027826,1.366725,-1.854479,1.591319,3.529775,-0.485508,0.248350,0.116071,-0.263418,-0.087622,0.795905,0.607906,-0.380074
18.381004,1.460838,-0.320900,0.043741,-0.810705,0.961143,0.989665,-0.542158,0.484685,-0.359713,0.206005,-0.443903,0.393829,0.675490,-0.297479,-1.300254,0.027936,1.366474,-1.854566,1.592116,3.530369,-0.485884,0.247028,0.114121,-0.260336,-0.087890,0.796123,0.602559,-0.377082
18.381972,1.460114,-0.324535,0.047262,-0.809694,0.961228,0.996895,-0.541559,0.478984,-0.370543,0.201011,-0.430833,0.392601,0.676445,-0.297512,-1.300015,0.028049,1.366220,-1.854659,1.592911,3.530964,-0.486277,0.245978,0.113479,-0.258910,-0.090108,0.795224,0.600115,-0.381266
18.383020,1.455862,-0.323918,0.041026,-0.807140,0.960251,0.995426,-0.542030,0.472045,-0.380882,0.194976,-0.414589,0.390752,0.677411,-0.297570,-1.299765,0.028165,1.365961,-1.854747,1.593699,3.531536,-0.486660,0.245850,0.114891,-0.260056,-0.089675,0.793450,0.591985,-0.381804
18.384040,1.457305,-0.323395,0.039791,-0.802134,0.962736,0.999910,-0.541416,0.463738,-0.390499,0.187663,-0.396020,0.388410,0.678451,-0.297664,-1.299512,0.028277,1.365710,-1.854838,1.594494,3.532129,-0.487039,0.247662,0.114266,-0.256558,-0.090809,0.793208,0.592779,-0.380301
18.384946,1.461516,-0.328208,0.038578,-0.803168,0.964186,1.002018,-0.540015,0.449987,-0.396243,0.174996,-0.375024,0.385668,0.679703,-0.297798,-1.299270,0.028387,1.365456,-1.854939,1.595269,3.532703,-0.487427,0.246645,0.113699,-0.255529,-0.094157,0.789480,0.587524,-0.380955
18.386076,1.462557,-0.329382,0.040622,-0.801127,0.964959,1.005350,-0.538799,0.432063,-0.398825,0.158248,-0.351727,0.382544,0.681104,-0.297979,-1.299031,0.028508,1.365205,-1.855025,1.596053,3.533284,-0.487812,0.244003,0.115589,-0.254220,-0.091644,0.786010,0.584373,-0.383080
18.386976,1.458009,-0.330518,0.038907,-0.799786,0.967876,1.003969,-0.540443,0.416755,-0.402775,0.144052,-0.328087,0.379126,0.682378,-0.298185,-1.298792,0.028625,1.364948,-1.855119,1.596836,3.533862,-0.488201,0.243549,0.115884,-0.255068,-0.092267,0.784666,0.580587,-0.385010
18.387988,1.459691,-0.325577,0.037100,-0.797655,0.968024,1.004881,-0.541521,0.405587,-0.408818,0.133838,-0.305361,0.375543,0.683390,-0.298380,-1.298543,0.028742,1.364700,-1.855210,1.597600,3.534437,-0.488579,0.245185,0.115941,-0.253515,-0.092077,0.779857,0.580966,-0.380991
18.389064,1.465497,-0.321690,0.034732,-0.795257,0.967512,1.007035,-0.539790,0.393861,-0.412749,0.122977,-0.284107,0.372000,0.684145,-0.298557,-1.298302,0.028850,1.364450,-1.855305,1.598375,3.535020,-0.488947,0.244046,0.113157,-0.252203,-0.092660,0.778480,0.579242,-0.378321
18.390055,1.465223,-0.322507,0.037444,-0.792854,0.970766,1.009109,-0.540635,0.378757,-0.411232,0.108747,-0.264799,0.368594,0.684550,-0.298741,-1.298068,0.028959,1.364199,-1.855401,1.599140,3.535584,-0.489336,0.241098,0.110985,-0.250750,-0.093518,0.778248,0.576571,-0.381290
18.390969,1.462225,-0.326962,0.039781,-0.788918,0.970008,1.007785,-0.540662,0.362444,-0.405655,0.093301,-0.247044,0.365172,0.684504,-0.298945,-1.297826,0.029069,1.363950,-1.855497,1.599912,3.536158,-0.489707,0.240923,0.111081,-0.251671,-0.094330,0.773587,0.573701,-0.378992
18.392093,1.464667,-0.327313,0.035732,-0.786043,0.971882,1.006928,-0.540080,0.348341,-0.400374,0.079998,-0.229290,0.361416,0.684105,-0.299140,-1.297581,0.029186,1.363697,-1.855599,1.600685,3.536734,-0.490083,0.241860,0.112837,-0.252135,-0.096493,0.772510,0.574046,-0.378303
18.393030,1.469488,-0.327267,0.036837,-0.785371,0.973940,1.004172,-0.540204,0.337444,-0.398436,0.069889,-0.209641,0.357057,0.683560,-0.299330,-1.297344,0.029300,1.363450,-1.855701,1.601455,3.537302,-0.490460,0.240674,0.112749,-0.249993,-0.097728,0.770138,0.574497,-0.379026
18.394002,1.467432,-0.331380,0.041715,-0.783241,0.975765,1.002204,-0.539862,0.330017,-0.400168,0.063259,-0.188719,0.352274,0.682910,-0.299535,-1.297111,0.029410,1.363202,-1.855796,1.602214,3.537883,-0.490840,0.237869,0.112335,-0.249986,-0.096750,0.766479,0.576286,-0.378120
18.394994,1.465341,-0.332570,0.038324,-0.781263,0.975104,1.001613,-0.541538,0.328899,-0.406670,0.062828,-0.168738,0.347456,0.682026,-0.299744,-1.296873,0.029526,1.362947,-1.855893,1.602978,3.538465,-0.491220,0.238592,0.113994,-0.251873,-0.097263,0.763255,0.577353,-0.378199
18.395972,1.465783,-0.329347,0.033695,-0.779854,0.973160,0.997610,-0.540903,0.334055,-0.418231,0.068539,-0.150290,0.342860,0.681024,-0.299916,-1.296634,0.029639,1.362705,-1.855990,1.603734,3.539034,-0.491580,0.239332,0.114214,-0.249766,-0.097648,0.762736,0.577169,-0.374298
18.397011,1.469327,-0.328081,0.040231,-0.778467,0.973789,0.997771,-0.541795,0.338893,-0.430012,0.073902,-0.133629,0.338852,0.680208,-0.300032,-1.296394,0.029745,1.362463,-1.856085,1.604498,3.539618,-0.491955,0.238751,0.112282,-0.247040,-0.097453,0.763331,0.580318,-0.375027
18.398034,1.462849,-0.328032,0.033837,-0.776367,0.971119,0.997312,-0.543105,0.340568,-0.438393,0.076046,-0.120042,0.335805,0.679553,-0.300082,-1.296163,0.029854,1.362207,-1.856183,1.605250,3.540187,-0.492326,0.236887,0.111388,-0.249950,-0.097242,0.761821,0.579479,-0.372699
18.398958,1.462734,-0.329414,0.036396,-0.775743,0.968209,0.997131,-0.543635,0.339681,-0.443081,0.075491,-0.110088,0.333838,0.679048,-0.300040,-1.295918,0.029965,1.361970,-1.856282,1.606022,3.540766,-0.492686,0.239878,0.111058,-0.246459,-0.097715,0.763362,0.579207,-0.369588
18.399960,1.464806,-0.330845,0.030223,-0.771705,0.969140,0.994704,-0.545449,0.333234,-0.442658,0.069278,-0.103390,0.332952,0.679000,-0.299905,-1.295681,0.030076,1.361721,-1.856379,1.606795,3.541347,-0.493054,0.239449,0.111340,-0.247161,-0.096667,0.764470,0.578368,-0.367937
18.401077,1.464262,-0.334505,0.034502,-0.770912,0.968284,0.994898,-0.545424,0.321114,-0.438046,0.057372,-0.099101,0.332996,0.679514,-0.299692,-1.295444,0.030190,1.361488,-1.856481,1.607548,3.541923,-0.493408,0.238149,0.111692,-0.243791,-0.099012,0.762400,0.580043,-0.363803
18.402066,1.458196,-0.333751,0.034545,-0.770756,0.966851,0.992537,-0.546708,0.307225,-0.433121,0.043711,-0.095886,0.333680,0.680468,-0.299422,-1.295204,0.030303,1.361236,-1.856578,1.608315,3.542506,-0.493771,0.238437,0.113294,-0.245817,-0.098242,0.762773,0.579314,-0.363484
18.402952,1.463646,-0.329361,0.032357,-0.766947,0.965882,0.992847,-0.547448,0.293721,-0.429599,0.030417,-0.094033,0.334935,0.681767,-0.299128,-1.294961,0.030413,1.360989,-1.856672,1.609085,3.543085,-0.494128,0.241140,0.112561,-0.245381,-0.096833,0.762846,0.580865,-0.360386
18.403957,1.467289,-0.328991,0.033317,-0.766551,0.961882,0.991134,-0.547838,0.279009,-0.425085,0.015942,-0.094600,0.336879,0.683345,-0.298826,-1.294729,0.030518,1.360745,-1.856774,1.609840,3.543669,-0.494477,0.237860,0.109970,-0.243608,-0.098881,0.761938,0.579389,-0.358350
18.404981,1.461930,-0.323961,0.030367,-0.764460,0.961525,0.989384,-0.547549,0.263711,-0.418729,0.000952,-0.097462,0.339398,0.684989,-0.298511,-1.294493,0.030628,1.360506,-1.856869,1.610609,3.544255,-0.494834,0.235823,0.109490,-0.243806,-0.097683,0.764725,0.580295,-0.357090
18.406050,1.461880,-0.323430,0.034168,-0.763221,0.961951,0.987762,-0.547842,0.248232,-0.409932,-0.014216,-0.102694,0.342343,0.686490,-0.298204,-1.294253,0.030731,1.360270,-1.856967,1.611360,3.544839,-0.495187,0.238077,0.106656,-0.241870,-0.098102,0.763515,0.581005,-0.357112
18.407055,1.461702,-0.324331,0.035092,-0.761774,0.961044,0.989439,-0.549289,0.229287,-0.395785,-0.032935,-0.110562,0.345700,0.687819,-0.297935,-1.294014,0.030833,1.360027,-1.857064,1.612123,3.545427,-0.495541,0.237554,0.106088,-0.243198,-0.097680,0.761230,0.581457,-0.355897
18.408079,1.467137,-0.324910,0.036945,-0.760718,0.960698,0.991101,-0.549785,0.208451,-0.377867,-0.053685,-0.120672,0.349251,0.688870,-0.297700,-1.293781,0.030940,1.359786,-1.857159,1.612886,3.546000,-0.495893,0.237046,0.106115,-0.242935,-0.097466,0.759962,0.578529,-0.352319
18.408973,1.462873,-0.329943,0.041159,-0.757027,0.960778,0.988909,-0.549614,0.191247,-0.361231,-0.070952,-0.132303,0.352615,0.689474,-0.297493,-1.293554,0.031045,1.359544,-1.857254,1.613637,3.546573,-0.496236,0.233822,0.106006,-0.243184,-0.096871,0.758333,0.575689,-0.350738
18.410025,1.458822,-0.333168,0.040123,-0.755077,0.961921,0.990081,-0.550056,0.182108,-0.350488,-0.080298,-0.143850,0.355396,0.689535,-0.297330,-1.293314,0.031156,1.359298,-1.857355,1.614390,3.547155,-0.496587,0.235087,0.107966,-0.244281,-0.098706,0.755551,0.576404,-0.350355
18.410950,1.463910,-0.328641,0.040168,-0.754515,0.963583,0.991662,-0.550724,0.180589,-0.347251,-0.082133,-0.152884,0.357313,0.689223,-0.297223,-1.293077,0.031268,1.359055,-1.857454,1.615131,3.547715,-0.496930,0.236576,0.109124,-0.243114,-0.098900,0.752696,0.574163,-0.348869
18.411992,1.456902,-0.326368,0.041060,-0.753495,0.960643,0.993804,-0.550553,0.182715,-0.348530,-0.080378,-0.159360,0.358553,0.688743,-0.297156,-1.292847,0.031369,1.358819,-1.857548,1.615876,3.548283,-0.497273,0.233252,0.106394,-0.242310,-0.097768,0.748575,0.571211,-0.346843
18.412976,1.456170,-0.327274,0.040089,-0.751246,0.960975,0.993101,-0.550555,0.184563,-0.349062,-0.078944,-0.165492,0.359590,0.688112,-0.297122,-1.292610,0.031472,1.358578,-1.857644,1.616633,3.548845,-0.497623,0.236257,0.104917,-0.242122,-0.097128,0.749640,0.567997,-0.346581
18.413955,1.458505,-0.325947,0.048417,-0.750406,0.960769,0.997899,-0.549804,0.182038,-0.344879,-0.081901,-0.171819,0.360651,0.687429,-0.297138,-1.292373,0.031577,1.358341,-1.857742,1.617365,3.549401,-0.497972,0.235906,0.104956,-0.240915,-0.097639,0.747271,0.567560,-0.345911
18.414951,1.456059,-0.327374,0.046569,-0.746718,0.960052,0.999040,-0.551795,0.177238,-0.337779,-0.087153,-0.177725,0.361666,0.686638,-0.297194,-1.292140,0.031678,1.358092,-1.857838,1.618108,3.549952,-0.498325,0.234076,0.103896,-0.244268,-0.096783,0.745354,0.561564,-0.346746
18.416032,1.454331,-0.329134,0.046106,-0.745553,0.962014,1.005533,-0.550473,0.175461,-0.331974,-0.089374,-0.182531,0.362496,0.685631,-0.297247,-1.291908,0.031785,1.357851,-1.857942,1.618843,3.550496,-0.498655,0.234720,0.104186,-0.242551,-0.098617,0.744118,0.559396,-0.342129
18.417003,1.449687,-0.330145,0.046769,-0.742214,0.956186,1.006413,-0.549803,0.175608,-0.327913,-0.089532,-0.185103,0.363134,0.684715,-0.297278,-1.291670,0.031892,1.357612,-1.858039,1.619583,3.551038,-0.499001,0.235096,0.104702,-0.241804,-0.098084,0.740590,0.551987,-0.344261
18.417978,1.447777,-0.330071,0.049236,-0.741729,0.955249,1.008549,-0.550313,0.174100,-0.324273,-0.091125,-0.184673,0.363664,0.684296,-0.297293,-1.291433,0.031998,1.357369,-1.858143,1.620337,3.551588,-0.499354,0.236711,0.104748,-0.241336,-0.099548,0.744201,0.550006,-0.344899
18.419030,1.446675,-0.332069,0.047111,-0.740338,0.957611,1.009409,-0.549313,0.169814,-0.320368,-0.095324,-0.181438,0.364165,0.684493,-0.297259,-1.291194,0.032103,1.357129,-1.858240,1.621070,3.552123,-0.499684,0.236927,0.104273,-0.241805,-0.098269,0.743037,0.546798,-0.343262
18.419965,1.447940,-0.330214,0.044125,-0.738941,0.952610,1.009537,-0.549814,0.163250,-0.315828,-0.101681,-0.177123,0.364944,0.685257,-0.297124,-1.290957,0.032207,1.356893,-1.858339,1.621804,3.552664,-0.500028,0.236940,0.104927,-0.240165,-0.097963,0.738997,0.545033,-0.344702
18.421030,1.445534,-0.327471,0.048630,-0.735884,0.951789,1.009359,-0.549985,0.154281,-0.309873,-0.110326,-0.173518,0.366378,0.686577,-0.296872,-1.290725,0.032307,1.356655,-1.858437,1.622545,3.553200,-0.500370,0.235556,0.103570,-0.237844,-0.097568,0.741722,0.543755,-0.342995
18.421948,1.441313,-0.330203,0.049565,-0.735966,0.944705,1.007634,-0.550489,0.142762,-0.301708,-0.121445,-0.171059,0.368568,0.688394,-0.296523,-1.290487,0.032405,1.356415,-1.858538,1.623288,3.553741,-0.500709,0.236254,0.101918,-0.239556,-0.098867,0.740837,0.543047,-0.342096
18.423054,1.442577,-0.331884,0.049854,-0.733123,0.943491,1.007988,-0.550345,0.129938,-0.291971,-0.133871,-0.169820,0.371417,0.690600,-0.296108,-1.290245,0.032512,1.356175,-1.858633,1.624045,3.554282,-0.501046,0.237488,0.102807,-0.239121,-0.097048,0.745377,0.543564,-0.340418
18.424110,1.443382,-0.329548,0.050001,-0.731046,0.940979,1.008129,-0.549518,0.117600,-0.282889,-0.145821,-0.169806,0.374728,0.693161,-0.295664,-1.290013,0.032617,1.355934,-1.858735,1.624781,3.554819,-0.501384,0.236466,0.103317,-0.238765,-0.098159,0.745169,0.542417,-0.340192
18.424966,1.448725,-0.337283,0.049660,-0.726387,0.935964,1.011899,-0.548579,0.107414,-0.276498,-0.155554,-0.170604,0.378261,0.696047,-0.295235,-1.289778,0.032713,1.355701,-1.858834,1.625531,3.555359,-0.501723,0.235568,0.101875,-0.238339,-0.098491,0.745910,0.541369,-0.341291
18.426100,1.446149,-0.336328,0.052355,-0.726614,0.936717,1.008889,-0.547276,0.102203,-0.275955,-0.160168,-0.170752,0.381615,0.699255,-0.294861,-1.289554,0.032824,1.355465,-1.858942,1.626290,3.555890,-0.502071,0.232050,0.105179,-0.237174,-0.101117,0.747977,0.536258,-0.342415
18.427009,1.446649,-0.335002,0.050019,-0.724621,0.930153,1.006911,-0.546790,0.105081,-0.284767,-0.156572,-0.169268,0.384448,0.702788,-0.294558,-1.289318,0.032925,1.355225,-1.859036,1.627026,3.556431,-0.502414,0.233047,0.104403,-0.238125,-0.099299,0.745966,0.538604,-0.344502
18.428024,1.445345,-0.336133,0.054421,-0.723323,0.927919,1.005886,-0.545759,0.113908,-0.300192,-0.147021,-0.167886,0.386937,0.706532,-0.294310,-1.289087,0.033027,1.354993,-1.859134,1.627783,3.556976,-0.502758,0.231996,0.103287,-0.236109,-0.099504,0.749931,0.539299,-0.344758
18.429062,1.446709,-0.336483,0.058794,-0.720038,0.930219,1.002174,-0.544608,0.124886,-0.317772,-0.135372,-0.168168,0.389291,0.710352,-0.294095,-1.288855,0.033130,1.354750,-1.859233,1.628529,3.557511,-0.503112,0.232099,0.103492,-0.237635,-0.099050,0.750165,0.539352,-0.346172
18.430013,1.449383,-0.333928,0.055158,-0.717425,0.925030,0.999411,-0.544577,0.139227,-0.338010,-0.120431,-0.169833,0.391447,0.714069,-0.293904,-1.288627,0.033232,1.354511,-1.859336,1.629274,3.558060,-0.503462,0.230939,0.103312,-0.239203,-0.100523,0.745992,0.542091,-0.347849
18.430956,1.445702,-0.337200,0.060288,-0.715012,0.923935,0.996793,-0.543573,0.157885,-0.361291,-0.101207,-0.172058,0.393314,0.717504,-0.293729,-1.288404,0.033331,1.354279,-1.859438,1.630034,3.558607,-0.503809,0.229006,0.101644,-0.236621,-0.101266,0.748797,0.543656,-0.347209
18.431987,1.446764,-0.334793,0.057148,-0.712595,0.921800,0.997521,-0.542989,0.178668,-0.385973,-0.079850,-0.173897,0.394768,0.720624,-0.293565,-1.288170,0.033437,1.354042,-1.859540,1.630774,3.559147,-0.504155,0.230136,0.102828,-0.238431,-0.101803,0.747561,0.545116,-0.348556
18.433053,1.445353,-0.339309,0.056808,-0.709408,0.923306,0.995973,-0.541239,0.199293,-0.410687,-0.058652,-0.174709,0.395696,0.723519,-0.293450,-1.287941,0.033535,1.353810,-1.859643,1.631523,3.559692,-0.504506,0.229096,0.101302,-0.236272,-0.102394,0.747792,0.543365,-0.349080
18.434047,1.442866,-0.342149,0.060160,-0.707657,0.924717,0.996557,-0.540112,0.217459,-0.434220,-0.039872,-0.173820,0.396014,0.726392,-0.293446,-1.287714,0.033641,1.353574,-1.859750,1.632251,3.560234,-0.504866,0.229435,0.103225,-0.235593,-0.103680,0.744748,0.544037,-0.351956
18.435020,1.442252,-0.344516,0.062690,-0.705160,0.925975,0.992613,-0.541167,0.233078,-0.457362,-0.023595,-0.170537,0.395595,0.729438,-0.293582,-1.287481,0.033746,1.353336,-1.859852,1.632992,3.560781,-0.505220,0.230055,0.104218,-0.236585,-0.103570,0.741303,0.542341,-0.353519
18.436065,1.441910,-0.345012,0.061425,-0.701427,0.930582,0.991876,-0.541437,0.248634,-0.482098,-0.007396,-0.164975,0.394358,0.732646,-0.293832,-1.287255,0.033850,1.353097,-1.859958,1.633730,3.561339,-0.505568,0.229785,0.104965,-0.237088,-0.104140,0.737934,0.545137,-0.350698
18.437009,1.433322,-0.347041,0.060157,-0.697942,0.929493,0.985116,-0.541564,0.264977,-0.508412,0.009584,-0.157323,0.392328,0.735906,-0.294162,-1.287026,0.033955,1.352864,-1.860069,1.634448,3.561884,-0.505914,0.229493,0.104832,-0.235908,-0.105867,0.731771,0.544878,-0.349569
18.438033,1.428900,-0.342023,0.062465,-0.695615,0.931625,0.981390,-0.541541,0.278203,-0.533214,0.023514,-0.146929,0.389574,0.739272,-0.294562,-1.286786,0.034060,1.352631,-1.860178,1.635176,3.562450,-0.506269,0.233016,0.105390,-0.234523,-0.107310,0.730746,0.550386,-0.348600
18.439028,1.428918,-0.345381,0.061205,-0.694428,0.938427,0.979616,-0.542171,0.282227,-0.551245,0.028321,-0.133875,0.386283,0.742772,-0.295019,-1.286549,0.034157,1.352395,-1.860287,1.635886,3.563004,-0.506614,0.234607,0.102559,-0.235081,-0.107623,0.727026,0.553020,-0.348033
18.440001,1.430463,-0.345313,0.058366,-0.691092,0.938464,0.975296,-0.543161,0.275838,-0.559904,0.022742,-0.120126,0.382842,0.746181,-0.295484,-1.286314,0.034264,1.352165,-1.860393,1.636595,3.563560,-0.506954,0.233940,0.103831,-0.233834,-0.106889,0.718467,0.553633,-0.346141
18.441039,1.427248,-0.342267,0.061305,-0.687876,0.938562,0.975748,-0.542023,0.262694,-0.561323,0.010408,-0.107156,0.379515,0.749218,-0.295908,-1.286083,0.034367,1.351936,-1.860506,1.637312,3.564124,-0.507289,0.232527,0.103369,-0.231763,-0.108131,0.716596,0.556741,-0.343538
18.442075,1.428686,-0.344643,0.063124,-0.687029,0.937285,0.976739,-0.542843,0.245519,-0.557669,-0.005973,-0.094519,0.376264,0.751665,-0.296284,-1.285848,0.034464,1.351701,-1.860620,1.638023,3.564675,-0.507634,0.233612,0.101544,-0.232690,-0.109240,0.715012,0.555235,-0.345250
18.442967,1.430660,-0.343455,0.064276,-0.683080,0.939025,0.981178,-0.544611,0.226903,-0.550702,-0.023887,-0.081922,0.373014,0.753384,-0.296636,-1.285616,0.034568,1.351469,-1.860725,1.638737,3.565227,-0.507972,0.232355,0.102385,-0.233056,-0.108184,0.714771,0.553212,-0.342993
18.443980,1.427714,-0.349447,0.063833,-0.680457,0.935092,0.981083,-0.544305,0.211054,-0.543777,-0.039137,-0.069522,0.369743,0.754375,-0.296961,-1.285391,0.034669,1.351234,-1.860838,1.639445,3.565771,-0.508309,0.230613,0.101322,-0.232742,-0.109988,0.710734,0.547438,-0.338753
18.444973,1.427466,-0.349885,0.063448,-0.676898,0.933824,0.981677,-0.543610,0.199972,-0.539612,-0.049643,-0.056295,0.366360,0.754852,-0.297268,-1.285155,0.034777,1.351006,-1.860952,1.640153,3.566311,-0.508643,0.231507,0.103912,-0.231968,-0.110506,0.713137,0.546582,-0.338823
18.445933,1.428408,-0.355008,0.065962,-0.675636,0.938182,0.982768,-0.542007,0.192870,-0.539253,-0.056154,-0.040757,0.362748,0.755083,-0.297594,-1.284921,0.034880,1.350775,-1.861066,1.640867,3.566860,-0.508983,0.230989,0.103710,-0.231157,-0.111938,0.712616,0.544875,-0.339602
18.447008,1.424082,-0.355712,0.073381,-0.672592,0.934719,0.984354,-0.543625,0.190225,-0.543364,-0.058285,-0.023184,0.359040,0.755126,-0.297956,-1.284694,0.034993,1.350542,-1.861178,1.641559,3.567394,-0.509333,0.229886,0.105753,-0.231711,-0.111088,0.706467,0.542694,-0.342139
18.447991,1.430213,-0.358013,0.069822,-0.669167,0.934580,0.985927,-0.542676,0.194693,-0.553307,-0.053522,-0.004911,0.355459,0.754871,-0.298325,-1.284459,0.035097,1.350303,-1.861292,1.642275,3.567932,-0.509660,0.231615,0.105749,-0.234917,-0.112072,0.708674,0.540253,-0.338333
18.449046,1.431876,-0.357911,0.072664,-0.668097,0.930919,0.988188,-0.541916,0.207586,-0.569760,-0.040544,0.013911,0.351985,0.754222,-0.298653,-1.284239,0.035205,1.350074,-1.861407,1.642986,3.568464,-0.510000,0.228021,0.106442,-0.232464,-0.113338,0.706994,0.537657,-0.339655
18.450060,1.428948,-0.354692,0.077234,-0.667088,0.933011,0.991399,-0.543646,0.228633,-0.591972,-0.019559,0.033020,0.348585,0.753086,-0.298930,-1.284012,0.035311,1.349844,-1.861518,1.643693,3.568986,-0.510340,0.226798,0.106003,-0.233438,-0.112374,0.709323,0.534587,-0.340595
18.451043,1.426192,-0.352436,0.077438,-0.662913,0.929950,0.994585,-0.543524,0.256234,-0.616994,0.007743,0.050260,0.345506,0.751359,-0.299169,-1.283781,0.035408,1.349605,-1.861628,1.644392,3.569512,-0.510673,0.227728,0.104066,-0.235065,-0.111381,0.705676,0.530449,-0.336513
18.451998,1.425137,-0.354061,0.078407,-0.662719,0.929906,0.996713,-0.543732,0.285330,-0.639573,0.036275,0.064283,0.342993,0.749120,-0.299387,-1.283554,0.035508,1.349370,-1.861745,1.645091,3.570026,-0.511011,0.228539,0.102572,-0.234459,-0.113384,0.707114,0.526353,-0.336173
18.453129,1.427882,-0.357960,0.077564,-0.659592,0.932143,0.995995,-0.543780,0.311059,-0.656272,0.061292,0.075582,0.341020,0.746573,-0.299611,-1.283324,0.035610,1.349140,-1.861851,1.645797,3.570545,-0.511341,0.228393,0.102986,-0.234251,-0.111587,0.705241,0.523229,-0.335140
18.454080,1.424109,-0.357947,0.076552,-0.659425,0.929933,0.996346,-0.543022,0.334010,-0.668536,0.083442,0.084565,0.339463,0.743752,-0.299848,-1.283097,0.035719,1.348905,-1.861967,1.646503,3.571068,-0.511676,0.226767,0.104608,-0.233463,-0.112652,0.702049,0.523343,-0.334551
18.455123,1.423482,-0.357734,0.076691,-0.657191,0.928700,0.998361,-0.543661,0.355607,-0.678280,0.104136,0.091423,0.338260,0.740592,-0.300101,-1.282871,0.035822,1.348675,-1.862076,1.647212,3.571579,-0.512012,0.228045,0.104151,-0.232251,-0.110760,0.702358,0.522010,-0.335446
18.456019,1.421194,-0.360988,0.081964,-0.658687,0.926739,1.000900,-0.543372,0.373657,-0.683944,0.121151,0.096016,0.337491,0.737136,-0.300375,-1.282641,0.035926,1.348443,-1.862186,1.647909,3.572094,-0.512341,0.227881,0.103671,-0.231806,-0.110999,0.702258,0.519192,-0.333602
18.457207,1.423895,-0.364108,0.081198,-0.657249,0.925665,1.005452,-0.545218,0.388351,-0.685485,0.134631,0.097742,0.337270,0.733427,-0.300636,-1.282416,0.036033,1.348205,-1.862287,1.648612,3.572598,-0.512676,0.228290,0.104791,-0.233552,-0.107608,0.702034,0.515602,-0.333525
18.458092,1.416958,-0.364365,0.082237,-0.655698,0.921828,1.006790,-0.546869,0.403839,-0.686464,0.148697,0.096222,0.337606,0.729500,-0.300833,-1.282192,0.036141,1.347975,-1.862392,1.649311,3.573102,-0.512995,0.226836,0.106068,-0.232961,-0.107273,0.702555,0.510630,-0.329402
18.459060,1.419618,-0.365977,0.084675,-0.655932,0.921780,1.007029,-0.546589,0.420461,-0.688225,0.163776,0.092444,0.338369,0.725574,-0.300933,-1.281956,0.036245,1.347740,-1.862499,1.650017,3.573605,-0.513315,0.229457,0.105676,-0.232576,-0.106802,0.704136,0.508255,-0.325479
18.460043,1.422197,-0.369116,0.083203,-0.654372,0.922211,1.007427,-0.548204,0.435788,-0.689240,0.177531,0.087156,0.339469,0.721847,-0.300945,-1.281736,0.036353,1.347503,-1.862599,1.650711,3.574104,-0.513636,0.227561,0.106014,-0.233051,-0.104746,0.702448,0.507171,-0.325516
18.460997,1.421218,-0.370408,0.090006,-0.651856,0.920288,1.004438,-0.548665,0.451520,-0.690362,0.191672,0.080023,0.340867,0.718286,-0.300881,-1.281514,0.036460,1.347273,-1.862703,1.651413,3.574606,-0.513951,0.225765,0.107134,-0.231667,-0.104438,0.700313,0.505934,-0.321718
18.462086,1.421308,-0.370421,0.089641,-0.652678,0.918095,1.005564,-0.550543,0.471108,-0.694401,0.209645,0.071920,0.342288,0.714829,-0.300735,-1.281292,0.036567,1.347033,-1.862811,1.652118,3.575119,-0.514269,0.225696,0.107292,-0.234305,-0.104975,0.700368,0.507985,-0.320258
18.463005,1.423401,-0.374003,0.097517,-0.650576,0.917484,1.004912,-0.550698,0.495359,-0.701889,0.232218,0.063520,0.343462,0.711455,-0.300523,-1.281067,0.036676,1.346801,-1.862907,1.652828,3.575619,-0.514573,0.225339,0.106917,-0.233667,-0.102491,0.701374,0.506225,-0.316071
18.464006,1.422320,-0.376172,0.099509,-0.649534,0.920404,1.002004,-0.550084,0.524842,-0.712879,0.259904,0.054356,0.344287,0.708142,-0.300295,-1.280847,0.036786,1.346559,-1.863011,1.653516,3.576123,-0.514887,0.223650,0.108182,-0.236721,-0.102672,0.700052,0.505895,-0.315225
18.464962,1.426151,-0.376755,0.098271,-0.649508,0.918460,0.998285,-0.551674,0.561505,-0.729124,0.294661,0.044616,0.344648,0.704814,-0.300110,-1.280625,0.036896,1.346323,-1.863113,1.654195,3.576631,-0.515205,0.223740,0.108789,-0.237033,-0.101889,0.695737,0.507991,-0.315940
18.465979,1.422691,-0.374520,0.100029,-0.648901,0.921304,0.996494,-0.551725,0.604024,-0.749623,0.335210,0.034052,0.344606,0.701401,-0.300010,-1.280409,0.037002,1.346092,-1.863209,1.654889,3.577148,-0.515511,0.221312,0.108607,-0.235702,-0.100185,0.695958,0.510727,-0.312206
18.467027,1.419699,-0.376409,0.097951,-0.646578,0.922171,0.995864,-0.551559,0.647227,-0.769583,0.376370,0.021358,0.344451,0.697912,-0.299998,-1.280188,0.037106,1.345858,-1.863306,1.655578,3.577664,-0.515821,0.222655,0.107092,-0.235987,-0.099096,0.691682,0.511651,-0.311649
18.468126,1.422922,-0.376146,0.100938,-0.645728,0.924890,0.993106,-0.551286,0.684746,-0.784075,0.411780,0.006485,0.344410,0.694550,-0.300077,-1.279961,0.037215,1.345629,-1.863404,1.656262,3.578170,-0.516133,0.223723,0.107633,-0.234458,-0.099715,0.689669,0.511549,-0.311519
18.468983,1.423588,-0.379246,0.099413,-0.644156,0.922760,0.992885,-0.552595,0.714185,-0.792097,0.439076,-0.009320,0.344487,0.691488,-0.300242,-1.279740,0.037319,1.345390,-1.863503,1.656943,3.578689,-0.516442,0.221841,0.107177,-0.235485,-0.098869,0.686073,0.513639,-0.311650
18.469986,1.425222,-0.380449,0.101543,-0.642761,0.924528,0.988519,-0.553044,0.738678,-0.796458,0.461379,-0.025247,0.344583,0.688663,-0.300458,-1.279525,0.037428,1.345156,-1.863602,1.657624,3.579197,-0.516747,0.220806,0.108154,-0.233753,-0.098584,0.686062,0.512675,-0.308418
18.471065,1.422575,-0.384578,0.104260,-0.642084,0.924203,0.987083,-0.552073,0.761148,-0.799766,0.481615,-0.040670,0.344633,0.686051,-0.300678,-1.279305,0.037534,1.344924,-1.863700,1.658305,3.579724,-0.517047,0.219553,0.108324,-0.234222,-0.098256,0.682890,0.516137,-0.307085
18.472082,1.421052,-0.386193,0.100515,-0.641726,0.919701,0.982355,-0.551431,0.783582,-0.803890,0.501740,-0.055041,0.344666,0.683672,-0.300882,-1.279080,0.037647,1.344687,-1.863795,1.658993,3.580246,-0.517359,0.220558,0.109957,-0.235084,-0.097316,0.682195,0.516800,-0.308615
18.473128,1.412280,-0.386511,0.101010,-0.642388,0.918822,0.977317,-0.552619,0.805307,-0.808704,0.521046,-0.068176,0.344824,0.681614,-0.301085,-1.278860,0.037758,1.344456,-1.863887,1.659676,3.580768,-0.517665,0.220908,0.110286,-0.232606,-0.096071,0.685412,0.520673,-0.309423
18.474002,1.411224,-0.388048,0.101170,-0.642020,0.918111,0.973932,-0.552096,0.820759,-0.809971,0.534005,-0.080644,0.345409,0.680040,-0.301306,-1.278628,0.037865,1.344227,-1.863974,1.660360,3.581300,-0.517971,0.224844,0.110039,-0.232397,-0.093961,0.685079,0.524831,-0.306564
18.474957,1.412576,-0.384369,0.098208,-0.642759,0.913691,0.971850,-0.552959,0.825552,-0.803661,0.536308,-0.093642,0.346821,0.678977,-0.301537,-1.278406,0.037975,1.343996,-1.864063,1.661051,3.581835,-0.518278,0.224578,0.110230,-0.231592,-0.092737,0.683592,0.526913,-0.307068
18.476015,1.408670,-0.384661,0.095359,-0.640718,0.910107,0.970970,-0.551918,0.820188,-0.789055,0.528534,-0.108195,0.349306,0.678260,-0.301740,-1.278185,0.038076,1.343773,-1.864145,1.661732,3.582364,-0.518576,0.223329,0.107967,-0.229497,-0.090620,0.686422,0.527923,-0.304833
18.477011,1.410337,-0.386959,0.097175,-0.642876,0.905614,0.968644,-0.553365,0.804947,-0.765749,0.511034,-0.124194,0.352813,0.677770,-0.301894,-1.277956,0.038185,1.343547,-1.864235,1.662431,3.582899,-0.518882,0.224880,0.107724,-0.227647,-0.091165,0.688731,0.527915,-0.306518
18.477947,1.406786,-0.389772,0.100510,-0.643342,0.903688,0.967137,-0.552329,0.781364,-0.735416,0.485359,-0.140793,0.357052,0.677432,-0.301993,-1.277736,0.038297,1.343314,-1.864315,1.663123,3.583429,-0.519177,0.223568,0.108382,-0.227949,-0.087661,0.691705,0.529276,-0.303135
18.478949,1.407758,-0.393339,0.103420,-0.641837,0.900549,0.963582,-0.552183,0.755567,-0.702990,0.457535,-0.158378,0.361745,0.676972,-0.302037,-1.277510,0.038408,1.343086,-1.864397,1.663820,3.583962,-0.519481,0.224705,0.109245,-0.228907,-0.085838,0.691700,0.529640,-0.304739
18.480010,1.410831,-0.395659,0.098340,-0.641911,0.898039,0.965069,-0.552803,0.733584,-0.673543,0.433543,-0.176676,0.366496,0.676112,-0.302037,-1.277290,0.038521,1.342853,-1.864483,1.664516,3.584503,-0.519783,0.223754,0.110527,-0.229736,-0.085920,0.693310,0.532183,-0.304554
18.480950,1.414645,-0.397901,0.097015,-0.641435,0.896116,0.968500,-0.553244,0.718109,-0.650270,0.416211,-0.194080,0.370800,0.674765,-0.302000,-1.277072,0.038632,1.342635,-1.864563,1.665205,3.585021,-0.520078,0.221926,0.111242,-0.226847,-0.084560,0.694676,0.529887,-0.302906
18.482052,1.413947,-0.395133,0.098416,-0.638829,0.895994,0.970368,-0.553526,0.708792,-0.633575,0.405315,-0.210079,0.374429,0.673060,-0.301955,-1.276853,0.038745,1.342415,-1.864644,1.665903,3.585540,-0.520379,0.219445,0.111806,-0.225597,-0.083669,0.694691,0.525393,-0.301521
18.483032,1.415397,-0.397502,0.096462,-0.636440,0.893384,0.973815,-0.552475,0.704024,-0.622093,0.399228,-0.224490,0.377351,0.671191,-0.301957,-1.276635,0.038850,1.342188,-1.864732,1.666587,3.586054,-0.520680,0.219620,0.110076,-0.225974,-0.084859,0.693931,0.522896,-0.300580
18.484041,1.415571,-0.395408,0.095377,-0.636881,0.890364,0.976896,-0.551503,0.701552,-0.614068,0.395663,-0.236078,0.379489,0.669350,-0.302040,-1.276418,0.038959,1.341970,-1.864818,1.667292,3.586569,-0.520988,0.218427,0.110800,-0.224498,-0.085785,0.694812,0.518506,-0.302208
18.485194,1.416534,-0.393332,0.096836,-0.636951,0.895473,0.978472,-0.551834,0.698895,-0.607632,0.392133,-0.244419,0.380897,0.667755,-0.302220,-1.276201,0.039066,1.341751,-1.864899,1.667999,3.587077,-0.521292,0.217952,0.109306,-0.223508,-0.084005,0.696228,0.514607,-0.303686
18.485990,1.416650,-0.393786,0.092715,-0.635434,0.890514,0.979989,-0.549244,0.694448,-0.600065,0.386938,-0.251621,0.381997,0.666480,-0.302481,-1.275986,0.039172,1.341524,-1.864978,1.668678,3.587580,-0.521596,0.217421,0.107973,-0.224033,-0.082742,0.690501,0.512579,-0.302642
18.486955,1.419648,-0.396668,0.088861,-0.633899,0.887772,0.981417,-0.547330,0.687068,-0.589111,0.378873,-0.259359,0.383160,0.665522,-0.302808,-1.275772,0.039277,1.341312,-1.865060,1.669373,3.588084,-0.521909,0.216541,0.107622,-0.221119,-0.082807,0.692897,0.509786,-0.307220
18.487990,1.417776,-0.399083,0.086679,-0.632318,0.886880,0.983590,-0.547084,0.675936,-0.574990,0.367208,-0.266536,0.384299,0.664959,-0.303199,-1.275564,0.039387,1.341096,-1.865143,1.670075,3.588579,-0.522224,0.214651,0.108575,-0.218692,-0.082944,0.693828,0.507523,-0.310490
18.488979,1.418462,-0.399670,0.085533,-0.630151,0.887773,0.985206,-0.546761,0.661286,-0.559562,0.352275,-0.271297,0.385161,0.664869,-0.303621,-1.275348,0.039495,1.340886,-1.865226,1.670762,3.589080,-0.522533,0.215280,0.109362,-0.217338,-0.083169,0.693446,0.504624,-0.310487
18.489972,1.418826,-0.401599,0.084600,-0.630799,0.885353,0.987807,-0.545329,0.643594,-0.544017,0.334591,-0.272648,0.385619,0.665266,-0.304030,-1.275135,0.039604,1.340669,-1.865310,1.671447,3.589580,-0.522847,0.214535,0.109169,-0.216312,-0.083925,0.691031,0.502195,-0.310612
18.490954,1.421216,-0.401108,0.081817,-0.628473,0.886168,0.991209,-0.543377,0.623871,-0.528747,0.315137,-0.270981,0.385685,0.666048,-0.304436,-1.274923,0.039715,1.340453,-1.865387,1.672134,3.590069,-0.523159,0.213999,0.109649,-0.215402,-0.082010,0.691991,0.498849,-0.312992
18.492001,1.424776,-0.406217,0.082343,-0.626880,0.890240,0.992818,-0.541668,0.603494,-0.514008,0.295235,-0.267396,0.385412,0.667096,-0.304872,-1.274715,0.039821,1.340244,-1.865475,1.672822,3.590557,-0.523485,0.212447,0.108959,-0.213623,-0.082872,0.689580,0.494675,-0.316330
18.492978,1.422794,-0.406384,0.080296,-0.626770,0.892352,0.997077,-0.541694,0.584910,-0.501572,0.277309,-0.261953,0.384726,0.668323,-0.305336,-1.274511,0.039939,1.340033,-1.865559,1.673506,3.591046,-0.523812,0.210504,0.111009,-0.213642,-0.083079,0.684296,0.492468,-0.319217
18.493972,1.418172,-0.410570,0.080386,-0.623823,0.893583,0.995795,-0.540356,0.570273,-0.493295,0.263431,-0.254791,0.383590,0.669696,-0.305792,-1.274297,0.040049,1.339825,-1.865639,1.674176,3.591522,-0.524129,0.211103,0.110576,-0.212230,-0.081853,0.680795,0.487479,-0.318593
18.494964,1.421470,-0.409318,0.074077,-0.624849,0.895034,0.996002,-0.539696,0.557138,-0.487667,0.251078,-0.246200,0.382033,0.671362,-0.306229,-1.274080,0.040166,1.339613,-1.865725,1.674855,3.592015,-0.524454,0.212997,0.112128,-0.211890,-0.083387,0.678165,0.488056,-0.320734
18.496056,1.417307,-0.409948,0.072225,-0.622278,0.899531,0.998190,-0.538941,0.541722,-0.481931,0.236479,-0.236382,0.380093,0.673416,-0.306662,-1.273875,0.040275,1.339409,-1.865803,1.675520,3.592493,-0.524780,0.211034,0.111007,-0.208411,-0.081058,0.675433,0.487158,-0.321474
18.496952,1.415483,-0.411314,0.074700,-0.619962,0.898326,0.997760,-0.539970,0.521153,-0.473172,0.216788,-0.226457,0.377970,0.675874,-0.307105,-1.273659,0.040386,1.339206,-1.865888,1.676182,3.592973,-0.525106,0.212945,0.110919,-0.207444,-0.082308,0.670196,0.484482,-0.322497
18.497949,1.415167,-0.413854,0.071082,-0.619189,0.899550,0.998946,-0.539814,0.494581,-0.460692,0.191188,-0.216080,0.375648,0.678790,-0.307569,-1.273447,0.040499,1.338998,-1.865974,1.676850,3.593457,-0.525427,0.213271,0.111009,-0.208137,-0.083096,0.669621,0.484010,-0.319783
18.498995,1.415862,-0.415174,0.068532,-0.618263,0.899285,0.998165,-0.538534,0.464366,-0.446829,0.162061,-0.204130,0.372934,0.682138,-0.308050,-1.273234,0.040614,1.338799,-1.866054,1.677514,3.593932,-0.525744,0.213053,0.111745,-0.206075,-0.082548,0.667133,0.482160,-0.319598
18.499973,1.417315,-0.416058,0.066285,-0.614903,0.904376,0.996122,-0.539853,0.432443,-0.433077,0.131359,-0.190963,0.369894,0.685865,-0.308546,-1.273022,0.040727,1.338597,-1.866135,1.678172,3.594418,-0.526072,0.212443,0.111937,-0.204651,-0.082169,0.666501,0.482354,-0.321647
18.501036,1.417297,-0.418516,0.068906,-0.614287,0.902372,0.996581,-0.540498,0.399957,-0.420072,0.100272,-0.176820,0.366668,0.689886,-0.309036,-1.272815,0.040840,1.338397,-1.866223,1.678808,3.594902,-0.526386,0.211377,0.111842,-0.203247,-0.084043,0.660286,0.483664,-0.318427
18.502071,1.423001,-0.419219,0.061216,-0.613628,0.901744,0.994621,-0.538814,0.369506,-0.409565,0.071400,-0.161405,0.363313,0.694034,-0.309474,-1.272604,0.040954,1.338188,-1.866306,1.679471,3.595382,-0.526699,0.211197,0.112616,-0.204385,-0.083296,0.661483,0.482648,-0.316690
18.502953,1.419553,-0.420737,0.059559,-0.610502,0.903875,0.993474,-0.539698,0.343576,-0.403034,0.047159,-0.145345,0.359969,0.698112,-0.309852,-1.272400,0.041067,1.337999,-1.866389,1.680138,3.595871,-0.527025,0.208134,0.112473,-0.200456,-0.082602,0.661032,0.483987,-0.319573
18.503988,1.421850,-0.422649,0.059362,-0.609855,0.901494,0.990690,-0.539558,0.320668,-0.399089,0.026004,-0.129311,0.356878,0.702036,-0.310169,-1.272192,0.041182,1.337801,-1.866478,1.680787,3.596353,-0.527337,0.209336,0.112607,-0.199191,-0.084153,0.657157,0.484177,-0.317163
18.505072,1.419377,-0.424562,0.059070,-0.610856,0.899714,0.987514,-0.541502,0.298781,-0.396358,0.005872,-0.113093,0.354155,0.705783,-0.310412,-1.271986,0.041296,1.337604,-1.866560,1.681447,3.596844,-0.527651,0.207958,0.113065,-0.198985,-0.083457,0.658588,0.486319,-0.316977
18.506056,1.420723,-0.425489,0.057901,-0.607318,0.896233,0.989951,-0.540792,0.279080,-0.395206,-0.012219,-0.097653,0.351868,0.709202,-0.310597,-1.271777,0.041410,1.337406,-1.866640,1.682113,3.597332,-0.527957,0.208824,0.113470,-0.198549,-0.081126,0.658888,0.488648,-0.312501
18.506955,1.420032,-0.426928,0.056265,-0.605027,0.897885,0.987761,-0.542242,0.262057,-0.395592,-0.027825,-0.083878,0.350024,0.712289,-0.310745,-1.271573,0.041522,1.337213,-1.866726,1.682771,3.597810,-0.528267,0.207449,0.113268,-0.197385,-0.083147,0.660139,0.484997,-0.313280
18.507949,1.418607,-0.429357,0.060112,-0.604416,0.893062,0.987756,-0.541958,0.246775,-0.397350,-0.041745,-0.070649,0.348445,0.715285,-0.310846,-1.271366,0.041634,1.337017,-1.866812,1.683423,3.598300,-0.528572,0.206936,0.113272,-0.195821,-0.083828,0.655872,0.485860,-0.309616
18.508957,1.416554,-0.431335,0.059237,-0.601637,0.891587,0.982629,-0.542666,0.233549,-0.400860,-0.053599,-0.057495,0.347011,0.718377,-0.310881,-1.271160,0.041749,1.336817,-1.866892,1.684076,3.598785,-0.528880,0.206977,0.113800,-0.197142,-0.083014,0.658626,0.484669,-0.309535
18.510059,1.420205,-0.433449,0.057262,-0.601433,0.889740,0.976298,-0.542177,0.223553,-0.406809,-0.062248,-0.044703,0.345636,0.721649,-0.310882,-1.270952,0.041865,1.336625,-1.866976,1.684738,3.599284,-0.529188,0.207325,0.114105,-0.196169,-0.084296,0.657895,0.488611,-0.307429
18.511081,1.420514,-0.437814,0.056219,-0.599880,0.889268,0.975560,-0.542133,0.217269,-0.415282,-0.067218,-0.032501,0.344287,0.725077,-0.310880,-1.270754,0.041981,1.336433,-1.867057,1.685401,3.599792,-0.529498,0.205071,0.114536,-0.194829,-0.083109,0.657976,0.493826,-0.307800
18.511996,1.412548,-0.431711,0.054083,-0.600534,0.883753,0.970505,-0.540563,0.215622,-0.426642,-0.067624,-0.021693,0.343104,0.728581,-0.310862,-1.270550,0.042102,1.336242,-1.867139,1.686049,3.600280,-0.529800,0.204327,0.115983,-0.193838,-0.083231,0.656466,0.493363,-0.307238
18.512965,1.406193,-0.433129,0.053398,-0.599065,0.882568,0.969211,-0.541170,0.215135,-0.437560,-0.067014,-0.013641,0.342432,0.732213,-0.310819,-1.270334,0.042207,1.336055,-1.867216,1.686716,3.600784,-0.530115,0.207400,0.112255,-0.192150,-0.081174,0.659392,0.497029,-0.309656
18.514035,1.407781,-0.429706,0.052467,-0.599906,0.880375,0.963787,-0.539867,0.207022,-0.440261,-0.074194,-0.009803,0.342712,0.736097,-0.310775,-1.270122,0.042320,1.335865,-1.867297,1.687369,3.601280,-0.530422,0.209774,0.112313,-0.191255,-0.081222,0.658291,0.496998,-0.307706
18.514989,1.407485,-0.430821,0.053545,-0.597955,0.877833,0.960386,-0.540338,0.188305,-0.431822,-0.092120,-0.010886,0.344151,0.740147,-0.310736,-1.269914,0.042425,1.335677,-1.867371,1.688032,3.601794,-0.530734,0.208377,0.110062,-0.190441,-0.079136,0.658586,0.501244,-0.309696
18.516011,1.406574,-0.431239,0.054660,-0.596814,0.874770,0.960102,-0.540766,0.163717,-0.415364,-0.116053,-0.016804,0.346656,0.743980,-0.310670,-1.269710,0.042536,1.335487,-1.867450,1.688691,3.602307,-0.531040,0.207802,0.109980,-0.190401,-0.079706,0.658740,0.503210,-0.308024
18.517081,1.405472,-0.437679,0.054950,-0.595959,0.876609,0.957381,-0.540020,0.138815,-0.395693,-0.140403,-0.026033,0.349836,0.747320,-0.310530,-1.269501,0.042644,1.335300,-1.867530,1.689351,3.602804,-0.531342,0.207588,0.109600,-0.190535,-0.079433,0.659726,0.502262,-0.306528
18.518066,1.405688,-0.441626,0.056402,-0.594337,0.878152,0.959935,-0.539786,0.117624,-0.377674,-0.161113,-0.036603,0.353242,0.750122,-0.310304,-1.269293,0.042760,1.335109,-1.867609,1.690006,3.603311,-0.531651,0.207573,0.112193,-0.190291,-0.078945,0.656012,0.503834,-0.307401
18.518967,1.400671,-0.445082,0.056874,-0.594711,0.873771,0.960347,-0.539508,0.103433,-0.365737,-0.174895,-0.047152,0.356570,0.752398,-0.310018,-1.269090,0.042877,1.334916,-1.867687,1.690647,3.603801,-0.531961,0.206793,0.113434,-0.190450,-0.079210,0.652409,0.499998,-0.307163
18.520025,1.400026,-0.447335,0.053384,-0.593315,0.873139,0.962821,-0.538270,0.096718,-0.361524,-0.181247,-0.056936,0.359647,0.754245,-0.309708,-1.268878,0.042993,1.334728,-1.867759,1.691305,3.604298,-0.532267,0.208404,0.114404,-0.190027,-0.077537,0.654232,0.498197,-0.306997
18.521028,1.400906,-0.447439,0.057885,-0.589950,0.874463,0.965620,-0.540094,0.093799,-0.362697,-0.183793,-0.065882,0.362407,0.755850,-0.309428,-1.268669,0.043108,1.334542,-1.867836,1.691960,3.604792,-0.532582,0.208095,0.114878,-0.187915,-0.077667,0.652954,0.494585,-0.308820
18.521949,1.400004,-0.450426,0.054643,-0.588777,0.875873,0.966019,-0.538286,0.093793,-0.376671,-0.182843,-0.077837,0.366420,0.758693,-0.308975,-1.268257,0.043336,1.334166,-1.867997,1.693243,3.605755,-0.533188,0.206627,0.115030,-0.187461,-0.079304,0.645853,0.488982,-0.307443
18.523027,1.399358,-0.446467,0.055574,-0.588400,0.873661,0.969986,-0.539237,0.093793,-0.376671,-0.182843,-0.077837,0.366420,0.758693,-0.308975,-1.268257,0.043336,1.334166,-1.867997,1.693243,3.605755,-0.533188,0.206627,0.115030,-0.187461,-0.079304,0.645853,0.488982,-0.307443
18.524064,1.398347,-0.447100,0.055763,-0.588583,0.874712,0.970654,-0.538592,0.095810,-0.387319,-0.180252,-0.080512,0.367660,0.759933,-0.308791,-1.268055,0.043444,1.333979,-1.868074,1.693890,3.606232,-0.533489,0.206465,0.112465,-0.187625,-0.078396,0.646400,0.483998,-0.304880
18.524953,1.397488,-0.448021,0.062630,-0.585919,0.875206,0.971901,-0.538344,0.096091,-0.395912,-0.179437,-0.083122,0.368665,0.761027,-0.308652,-1.267848,0.043554,1.333792,-1.868147,1.694524,3.606706,-0.533793,0.206357,0.112206,-0.187319,-0.076970,0.643553,0.482326,-0.305560
18.526056,1.397584,-0.444855,0.055765,-0.586589,0.880153,0.977152,-0.538716,0.096262,-0.402810,-0.178833,-0.086180,0.369454,0.761832,-0.308557,-1.267642,0.043668,1.333598,-1.868227,1.695161,3.607181,-0.534096,0.205909,0.111917,-0.190034,-0.078205,0.640611,0.479770,-0.305327
18.526963,1.396235,-0.445339,0.062864,-0.583945,0.875238,0.980777,-0.538797,0.097105,-0.408481,-0.177617,-0.089462,0.370066,0.762294,-0.308492,-1.267439,0.043775,1.333419,-1.868301,1.695790,3.607634,-0.534397,0.205414,0.109796,-0.186348,-0.076306,0.634200,0.473689,-0.303980
18.527988,1.392873,-0.449579,0.061764,-0.582472,0.874322,0.982986,-0.538751,0.096421,-0.411138,-0.177927,-0.093035,0.370649,0.762492,-0.308438,-1.267233,0.043881,1.333226,-1.868381,1.696422,3.608089,-0.534697,0.205253,0.109412,-0.189267,-0.077526,0.636889,0.468930,-0.303125
18.528960,1.391285,-0.447696,0.063036,-0.582861,0.873181,0.985873,-0.538909,0.095017,-0.412706,-0.178918,-0.095168,0.370976,0.762464,-0.308395,-1.267025,0.043995,1.333039,-1.868460,1.697058,3.608547,-0.534998,0.206293,0.110896,-0.188253,-0.077608,0.635936,0.465777,-0.302584
18.529941,1.393664,-0.449914,0.064228,-0.579658,0.870544,0.987391,-0.540155,0.091589,-0.416962,-0.181354,-0.092732,0.370714,0.761744,-0.308340,-1.266612,0.044212,1.332661,-1.868615,1.698320,3.609449,-0.535586,0.204433,0.109805,-0.188439,-0.077722,0.635729,0.459368,-0.298483
18.530993,1.391685,-0.448276,0.063819,-0.578960,0.867712,0.993229,-0.542101,0.091589,-0.416962,-0.181354,-0.092732,0.370714,0.761744,-0.308340,-1.266612,0.044212,1.332661,-1.868615,1.698320,3.609449,-0.535586,0.204433,0.109805,-0.188439,-0.077722,0.635729,0.459368,-0.298483
18.532025,1.389672,-0.447653,0.065019,-0.579592,0.863881,0.996848,-0.541280,0.091061,-0.420433,-0.181229,-0.088185,0.370289,0.760947,-0.308255,-1.266409,0.044319,1.332472,-1.868692,1.698947,3.609895,-0.535874,0.204902,0.108420,-0.187824,-0.077090,0.636931,0.452648,-0.294007
18.533024,1.388021,-0.448357,0.065187,-0.578119,0.860282,0.998728,-0.541779,0.090248,-0.423566,-0.181251,-0.082029,0.369868,0.759936,-0.308128,-1.266202,0.044423,1.332288,-1.868763,1.699591,3.610327,-0.536169,0.205277,0.107578,-0.188059,-0.075258,0.638885,0.448253,-0.295096
18.533957,1.388837,-0.444762,0.067331,-0.578522,0.859966,1.001424,-0.542521,0.087547,-0.424410,-0.183099,-0.075870,0.369754,0.758751,-0.308019,-1.265999,0.044533,1.332099,-1.868842,1.700237,3.610768,-0.536463,0.205459,0.107310,-0.187650,-0.075380,0.640433,0.445491,-0.293453
18.535001,1.385389,-0.445741,0.072017,-0.578269,0.855797,1.003474,-0.542024,0.083444,-0.422591,-0.186360,-0.070724,0.370113,0.757355,-0.307930,-1.265795,0.044634,1.331908,-1.868912,1.700869,3.611199,-0.536743,0.204272,0.104925,-0.188094,-0.073755,0.638505,0.441820,-0.291357
18.536037,1.386220,-0.447611,0.072267,-0.576323,0.853145,1.005233,-0.542424,0.079644,-0.418321,-0.189409,-0.067882,0.371080,0.755734,-0.307820,-1.265587,0.044738,1.331715,-1.868983,1.701506,3.611636,-0.537036,0.205402,0.104922,-0.190000,-0.072852,0.640954,0.438978,-0.291788
18.537145,1.382133,-0.452933,0.067381,-0.576582,0.851126,1.006958,-0.543244,0.078462,-0.413802,-0.189933,-0.067035,0.372502,0.754010,-0.307665,-1.265386,0.044843,1.331524,-1.869058,1.702150,3.612063,-0.537325,0.204412,0.105316,-0.189644,-0.073533,0.641724,0.436469,-0.290385
18.538052,1.379464,-0.449016,0.069833,-0.576833,0.850583,1.008172,-0.544855,0.079551,-0.410858,-0.188216,-0.066650,0.374084,0.752517,-0.307472,-1.265174,0.044954,1.331342,-1.869126,1.702788,3.612496,-0.537608,0.205936,0.107440,-0.186973,-0.072190,0.642254,0.434079,-0.288220
18.539101,1.376137,-0.452344,0.076811,-0.576060,0.848031,1.006097,-0.544272,0.079326,-0.407509,-0.187884,-0.067171,0.375858,0.751546,-0.307268,-1.264964,0.045054,1.331153,-1.869195,1.703426,3.612924,-0.537883,0.206371,0.104863,-0.187569,-0.070751,0.640395,0.431880,-0.284384
18.540090,1.382624,-0.451964,0.071999,-0.575644,0.845487,1.005394,-0.544009,0.077716,-0.402523,-0.189128,-0.070030,0.377928,0.750967,-0.307077,-1.264756,0.045161,1.330955,-1.869267,1.704063,3.613351,-0.538165,0.207439,0.106002,-0.190578,-0.070363,0.641226,0.433252,-0.285050
18.541092,1.376681,-0.452794,0.073861,-0.573562,0.846575,1.004886,-0.545307,0.079082,-0.398585,-0.187596,-0.075303,0.380149,0.750427,-0.306909,-1.264560,0.045265,1.330775,-1.869334,1.704710,3.613785,-0.538450,0.203572,0.105233,-0.187712,-0.069657,0.641662,0.433060,-0.284977
18.542109,1.373144,-0.451301,0.073629,-0.571618,0.839906,1.005074,-0.545326,0.084173,-0.396585,-0.182483,-0.082302,0.382408,0.749802,-0.306753,-1.264352,0.045371,1.330587,-1.869405,1.705355,3.614220,-0.538727,0.205912,0.105079,-0.188198,-0.070566,0.638514,0.432701,-0.281796
18.543052,1.373506,-0.448757,0.074059,-0.571543,0.835136,1.006613,-0.544038,0.088840,-0.394187,-0.177893,-0.089713,0.384640,0.749220,-0.306597,-1.264142,0.045469,1.330400,-1.869475,1.706000,3.614647,-0.539006,0.206970,0.103852,-0.187645,-0.071364,0.643298,0.431718,-0.281231
18.544058,1.374869,-0.449215,0.073296,-0.570432,0.832867,1.006129,-0.544927,0.089925,-0.389286,-0.176916,-0.096736,0.386781,0.748737,-0.306457,-1.263938,0.045568,1.330212,-1.869541,1.706658,3.615068,-0.539292,0.206020,0.102046,-0.187286,-0.070307,0.645631,0.429287,-0.283212
18.544966,1.376418,-0.445330,0.078040,-0.569821,0.836470,1.005680,-0.545964,0.088155,-0.381811,-0.178782,-0.104021,0.388878,0.748224,-0.306306,-1.263735,0.045669,1.330025,-1.869612,1.707304,3.615491,-0.539568,0.204716,0.101781,-0.186439,-0.070251,0.645846,0.429008,-0.280845
18.546127,1.377968,-0.449157,0.076276,-0.569567,0.830901,1.006006,-0.547149,0.086826,-0.373331,-0.180251,-0.112577,0.391027,0.747456,-0.306082,-1.263534,0.045762,1.329834,-1.869682,1.707938,3.615920,-0.539841,0.203154,0.099326,-0.188162,-0.069649,0.639854,0.428458,-0.278179
18.547008,1.378098,-0.453366,0.072108,-0.567801,0.828364,1.005729,-0.545392,0.089325,-0.365978,-0.178027,-0.122873,0.393232,0.746289,-0.305775,-1.263337,0.045865,1.329646,-1.869747,1.708595,3.616347,-0.540114,0.202106,0.100845,-0.187058,-0.068925,0.644072,0.427589,-0.275359
18.548047,1.380082,-0.454659,0.076421,-0.568650,0.827334,1.006862,-0.547130,0.096231,-0.362139,-0.171461,-0.133415,0.395179,0.744916,-0.305453,-1.263138,0.045971,1.329471,-1.869814,1.709236,3.616768,-0.540396,0.201253,0.102295,-0.184424,-0.069557,0.644048,0.426882,-0.278291
18.549220,1.379999,-0.459324,0.079489,-0.567202,0.831479,1.005560,-0.545823,0.107478,-0.363703,-0.160548,-0.142774,0.396550,0.743606,-0.305159,-1.262939,0.046071,1.329280,-1.869878,1.709880,3.617195,-0.540663,0.199729,0.102447,-0.186179,-0.067677,0.643212,0.424985,-0.274254
18.550036,1.383532,-0.459428,0.075342,-0.566462,0.825118,1.003425,-0.543162,0.126031,-0.372885,-0.142409,-0.151157,0.397257,0.742384,-0.304893,-1.262742,0.046179,1.329091,-1.869944,1.710501,3.617617,-0.540945,0.199530,0.104323,-0.187535,-0.068156,0.637995,0.425829,-0.276450
18.550967,1.384154,-0.459895,0.071668,-0.564040,0.826287,1.001105,-0.544627,0.152915,-0.390354,-0.116014,-0.158295,0.397200,0.741218,-0.304706,-1.262550,0.046281,1.328913,-1.870011,1.711146,3.618046,-0.541232,0.196901,0.103690,-0.184735,-0.067700,0.641590,0.426811,-0.281103
18.552021,1.381211,-0.457176,0.080214,-0.562878,0.829866,0.998032,-0.543864,0.183614,-0.412598,-0.085756,-0.163426,0.396282,0.740141,-0.304635,-1.262356,0.046384,1.328735,-1.870081,1.711783,3.618483,-0.541504,0.195955,0.103336,-0.182418,-0.068942,0.638088,0.428138,-0.277522
18.553081,1.382789,-0.461297,0.078379,-0.563987,0.832174,0.996016,-0.542058,0.214169,-0.435669,-0.055611,-0.166409,0.394553,0.739104,-0.304650,-1.262158,0.046482,1.328541,-1.870150,1.712399,3.618913,-0.541781,0.196964,0.101521,-0.186306,-0.068990,0.632987,0.430478,-0.278568
18.554071,1.383860,-0.455783,0.077553,-0.560785,0.829226,0.996993,-0.538731,0.245097,-0.458599,-0.025224,-0.168336,0.392242,0.737937,-0.304758,-1.261963,0.046589,1.328359,-1.870211,1.713022,3.619350,-0.542070,0.195730,0.103064,-0.185041,-0.066933,0.629138,0.431708,-0.281632
18.555001,1.381830,-0.455446,0.076406,-0.560867,0.835006,0.994947,-0.539661,0.276087,-0.480606,0.005085,-0.169905,0.389503,0.736610,-0.305008,-1.261772,0.046682,1.328178,-1.870284,1.713653,3.619782,-0.542373,0.194679,0.099826,-0.184212,-0.068932,0.630194,0.429832,-0.287651
18.556099,1.381694,-0.457173,0.073315,-0.560315,0.837754,0.989987,-0.539421,0.303274,-0.498470,0.031575,-0.170849,0.386402,0.735230,-0.305386,-1.261576,0.046780,1.327998,-1.870346,1.714253,3.620209,-0.542652,0.195036,0.099154,-0.183134,-0.067803,0.622429,0.430966,-0.285108
18.557090,1.381330,-0.459368,0.070031,-0.557862,0.840425,0.988166,-0.536602,0.323661,-0.509678,0.051288,-0.171743,0.383171,0.733816,-0.305819,-1.261381,0.046883,1.327818,-1.870414,1.714862,3.620653,-0.542938,0.194733,0.099565,-0.181372,-0.067283,0.618473,0.435209,-0.285077
18.557957,1.382925,-0.461856,0.071078,-0.558609,0.841626,0.985542,-0.535487,0.336870,-0.514891,0.063914,-0.172331,0.379933,0.732375,-0.306281,-1.261190,0.046986,1.327642,-1.870486,1.715459,3.621087,-0.543241,0.194403,0.100113,-0.179381,-0.068541,0.614199,0.436116,-0.290103
18.558993,1.374935,-0.462572,0.074957,-0.558665,0.844700,0.982855,-0.536585,0.345172,-0.516833,0.071749,-0.171730,0.376667,0.730910,-0.306781,-1.261000,0.047087,1.327463,-1.870548,1.716060,3.621528,-0.543535,0.192879,0.100747,-0.179317,-0.066712,0.610827,0.437614,-0.291602
18.560068,1.378564,-0.465385,0.073269,-0.558266,0.844821,0.982457,-0.534526,0.351452,-0.517415,0.077555,-0.170792,0.373556,0.729367,-0.307294,-1.260802,0.047185,1.327278,-1.870612,1.716664,3.621976,-0.543822,0.196404,0.100639,-0.180899,-0.065660,0.606273,0.439424,-0.288791
18.561081,1.381304,-0.468369,0.071156,-0.556563,0.844720,0.982732,-0.533644,0.356870,-0.517229,0.082459,-0.170380,0.370833,0.727724,-0.307799,-1.260614,0.047289,1.327100,-1.870676,1.717259,3.622411,-0.544118,0.194210,0.101552,-0.179806,-0.065096,0.604978,0.439062,-0.292383
18.561997,1.372932,-0.468424,0.074757,-0.555211,0.841806,0.980925,-0.533434,0.363601,-0.518625,0.088733,-0.169727,0.368473,0.725985,-0.308294,-1.260424,0.047392,1.326924,-1.870743,1.717864,3.622849,-0.544416,0.192394,0.102513,-0.178435,-0.065706,0.603496,0.437915,-0.293491
18.562974,1.374034,-0.466070,0.077676,-0.555289,0.841789,0.979379,-0.533084,0.372065,-0.522719,0.096813,-0.167576,0.366335,0.724190,-0.308753,-1.260224,0.047493,1.326740,-1.870812,1.718459,3.623288,-0.544711,0.195874,0.101953,-0.179680,-0.065889,0.604527,0.438703,-0.293227
18.564031,1.376787,-0.465851,0.075519,-0.553798,0.838555,0.979358,-0.533853,0.380059,-0.527124,0.104399,-0.164258,0.364487,0.722309,-0.309153,-1.260031,0.047588,1.326558,-1.870874,1.719064,3.623727,-0.545007,0.194726,0.100305,-0.180692,-0.064792,0.602783,0.439317,-0.293287
18.565034,1.382093,-0.466082,0.070450,-0.552918,0.841205,0.983862,-0.533349,0.387799,-0.530414,0.111685,-0.161175,0.363074,0.720195,-0.309483,-1.259844,0.047687,1.326380,-1.870942,1.719676,3.624168,-0.545296,0.193001,0.099753,-0.179335,-0.065206,0.604595,0.438525,-0.291158
18.565971,1.372791,-0.467375,0.074723,-0.550033,0.841946,0.984468,-0.533548,0.396051,-0.532860,0.119519,-0.158838,0.362083,0.717915,-0.309724,-1.259657,0.047786,1.326212,-1.871007,1.720264,3.624591,-0.545584,0.189895,0.099377,-0.176554,-0.065057,0.600430,0.433184,-0.291594
18.567056,1.376401,-0.464213,0.077661,-0.550085,0.840697,0.984010,-0.532375,0.403107,-0.534126,0.126239,-0.156767,0.361409,0.715798,-0.309879,-1.259455,0.047888,1.326030,-1.871076,1.720856,3.625021,-0.545873,0.193881,0.099463,-0.178221,-0.066770,0.597915,0.431668,-0.290548
18.568058,1.382017,-0.465654,0.075246,-0.547963,0.841366,0.988123,-0.534077,0.407973,-0.533720,0.130823,-0.154761,0.360962,0.713953,-0.309991,-1.259269,0.047981,1.325849,-1.871140,1.721454,3.625444,-0.546170,0.191729,0.097494,-0.179438,-0.065712,0.598001,0.431493,-0.292335
18.569045,1.378837,-0.467018,0.073179,-0.546480,0.845261,0.988661,-0.534890,0.413648,-0.533102,0.136252,-0.153546,0.360700,0.712187,-0.310086,-1.259089,0.048079,1.325677,-1.871209,1.722050,3.625864,-0.546446,0.188552,0.097752,-0.177926,-0.066716,0.595772,0.426558,-0.288326
18.570079,1.371879,-0.462541,0.078478,-0.544758,0.845130,0.989924,-0.533695,0.421348,-0.533571,0.143773,-0.153258,0.360568,0.710525,-0.310149,-1.258895,0.048178,1.325503,-1.871275,1.722639,3.626287,-0.546727,0.189642,0.097933,-0.176562,-0.067110,0.590302,0.425237,-0.286136
18.570973,1.376015,-0.465178,0.083691,-0.542432,0.841869,0.994735,-0.533464,0.426812,-0.532465,0.149088,-0.153744,0.360603,0.709153,-0.310211,-1.258698,0.048271,1.325319,-1.871343,1.723218,3.626705,-0.547015,0.192636,0.095267,-0.178881,-0.067748,0.589256,0.423265,-0.287990
18.571944,1.376660,-0.468347,0.083338,-0.541301,0.841722,0.998697,-0.534125,0.429726,-0.529262,0.151814,-0.154688,0.360752,0.708019,-0.310323,-1.258512,0.048368,1.325136,-1.871413,1.723819,3.627116,-0.547304,0.189886,0.096086,-0.180872,-0.068855,0.590467,0.417503,-0.287773
18.573114,1.371424,-0.463806,0.081790,-0.541452,0.843584,0.999111,-0.536660,0.435966,-0.529142,0.157840,-0.154980,0.360757,0.706986,-0.310471,-1.258324,0.048466,1.324957,-1.871481,1.724413,3.627521,-0.547590,0.189075,0.097173,-0.180250,-0.068842,0.588939,0.412815,-0.285828
18.574021,1.370651,-0.464446,0.084672,-0.540162,0.841813,1.001491,-0.534992,0.444838,-0.531811,0.166479,-0.155080,0.360715,0.706060,-0.310611,-1.258131,0.048552,1.324781,-1.871544,1.724993,3.627926,-0.547854,0.191514,0.094645,-0.179453,-0.067771,0.586429,0.412054,-0.280312
18.574946,1.374354,-0.462191,0.083169,-0.538381,0.836137,1.004259,-0.533720,0.450466,-0.531617,0.171820,-0.156638,0.360998,0.705264,-0.310752,-1.257940,0.048648,1.324600,-1.871611,1.725582,3.628333,-0.548143,0.191212,0.094469,-0.180351,-0.067913,0.586334,0.408788,-0.283077
18.576095,1.377034,-0.460282,0.084460,-0.538885,0.840230,1.006163,-0.535765,0.452733,-0.527867,0.173774,-0.159571,0.361610,0.704534,-0.310929,-1.257758,0.048738,1.324423,-1.871681,1.726178,3.628728,-0.548436,0.188821,0.092885,-0.179096,-0.068500,0.590172,0.405258,-0.284957
18.577082,1.373324,-0.463407,0.087305,-0.538784,0.838860,1.008108,-0.536331,0.454705,-0.522306,0.175417,-0.163694,0.362462,0.703761,-0.311110,-1.257573,0.048827,1.324244,-1.871745,1.726760,3.629127,-0.548707,0.187332,0.091671,-0.179662,-0.067032,0.585243,0.402974,-0.280355
18.577942,1.368293,-0.465090,0.085370,-0.538107,0.834629,1.007768,-0.534840,0.458420,-0.515932,0.178667,-0.169901,0.363675,0.702937,-0.311226,-1.257384,0.048920,1.324063,-1.871808,1.727351,3.629530,-0.548982,0.188724,0.092818,-0.180668,-0.066137,0.585106,0.400331,-0.278696
18.579113,1.371108,-0.467876,0.083646,-0.536866,0.831923,1.008559,-0.533154,0.462718,-0.509078,0.182350,-0.177746,0.365213,0.702264,-0.311289,-1.257188,0.049012,1.323887,-1.871875,1.727937,3.629918,-0.549264,0.190448,0.093148,-0.179092,-0.065653,0.587292,0.399861,-0.281067
18.579987,1.370858,-0.466570,0.092367,-0.537480,0.834108,1.010274,-0.534993,0.465237,-0.501759,0.184228,-0.185463,0.366794,0.701888,-0.311363,-1.257001,0.049107,1.323711,-1.871941,1.728530,3.630314,-0.549554,0.188871,0.094222,-0.178208,-0.065919,0.589235,0.398726,-0.283933
18.581021,1.368754,-0.468151,0.095248,-0.537292,0.832114,1.007111,-0.535667,0.469014,-0.496231,0.187312,-0.192535,0.368244,0.701640,-0.311442,-1.256814,0.049197,1.323520,-1.872002,1.729104,3.630701,-0.549827,0.188328,0.093075,-0.181880,-0.064256,0.585108,0.396202,-0.279578
18.581981,1.369122,-0.469420,0.094069,-0.537881,0.830292,1.007049,-0.533319,0.478883,-0.494583,0.196274,-0.200085,0.369649,0.701231,-0.311495,-1.256625,0.049289,1.323336,-1.872064,1.729691,3.631103,-0.550097,0.188989,0.093497,-0.182922,-0.063506,0.585845,0.398804,-0.277747
18.582959,1.365106,-0.470528,0.089166,-0.536208,0.829559,1.008472,-0.535308,0.494798,-0.496191,0.211053,-0.208758,0.371078,0.700581,-0.311555,-1.256438,0.049385,1.323157,-1.872123,1.730278,3.631502,-0.550390,0.188271,0.093647,-0.181865,-0.061987,0.586026,0.398114,-0.281865
18.584113,1.363537,-0.472149,0.088017,-0.535585,0.832047,1.008430,-0.535524,0.511490,-0.498033,0.226543,-0.217977,0.372452,0.699945,-0.311654,-1.256245,0.049480,1.322981,-1.872186,1.730850,3.631891,-0.550655,0.189752,0.093739,-0.179028,-0.062677,0.585337,0.396045,-0.277282
18.585116,1.360304,-0.472159,0.089670,-0.536351,0.830277,1.006383,-0.535835,0.522762,-0.496831,0.236716,-0.226587,0.373645,0.699697,-0.311767,-1.256053,0.049572,1.322805,-1.872246,1.731430,3.632283,-0.550932,0.190296,0.094248,-0.178422,-0.062431,0.582122,0.395765,-0.276417
18.585948,1.358380,-0.474494,0.088867,-0.535984,0.834305,1.004449,-0.535919,0.527086,-0.491694,0.240059,-0.234469,0.374636,0.699894,-0.311901,-1.255863,0.049665,1.322622,-1.872304,1.732015,3.632677,-0.551207,0.191445,0.093820,-0.178846,-0.060770,0.582497,0.397218,-0.275249
18.587065,1.361005,-0.474634,0.089574,-0.533350,0.837748,1.005338,-0.536246,0.526033,-0.483044,0.238067,-0.242686,0.375523,0.700338,-0.312069,-1.255671,0.049758,1.322449,-1.872363,1.732574,3.633078,-0.551477,0.191594,0.094466,-0.177829,-0.060172,0.576497,0.398188,-0.274468
18.588062,1.356053,-0.476821,0.093418,-0.533893,0.839824,1.004228,-0.537324,0.522106,-0.472644,0.233214,-0.251099,0.376279,0.700877,-0.312236,-1.255485,0.049854,1.322267,-1.872427,1.733136,3.633477,-0.551752,0.190032,0.094152,-0.177999,-0.061854,0.572371,0.396832,-0.273328
18.589020,1.355238,-0.479871,0.093784,-0.532192,0.840505,1.002585,-0.537258,0.518481,-0.463139,0.228615,-0.258814,0.376816,0.701447,-0.312365,-1.255290,0.049951,1.322082,-1.872486,1.733706,3.633872,-0.552011,0.192002,0.094785,-0.179486,-0.060378,0.569007,0.397327,-0.270671
18.590080,1.357907,-0.480037,0.093461,-0.532070,0.843957,1.003185,-0.538430,0.516734,-0.456109,0.225816,-0.265537,0.377142,0.702065,-0.312458,-1.255098,0.050047,1.321904,-1.872548,1.734266,3.634277,-0.552283,0.191803,0.095821,-0.179218,-0.061100,0.566969,0.398212,-0.270271
18.590978,1.357812,-0.479906,0.094094,-0.529872,0.846420,1.001975,-0.539155,0.517577,-0.452461,0.225592,-0.271170,0.377276,0.702745,-0.312536,-1.254913,0.050142,1.321724,-1.872607,1.734824,3.634674,-0.552543,0.190151,0.095488,-0.178790,-0.060354,0.562588,0.397059,-0.267450
18.591956,1.355695,-0.477020,0.096408,-0.529344,0.844625,0.997367,-0.539256,0.521336,-0.452060,0.228291,-0.275875,0.377278,0.703454,-0.312598,-1.254724,0.050236,1.321547,-1.872671,1.735369,3.635068,-0.552802,0.189553,0.094924,-0.178581,-0.061488,0.558648,0.397482,-0.265469
18.593078,1.353751,-0.479278,0.099412,-0.529792,0.844919,0.994483,-0.539139,0.526651,-0.452956,0.232491,-0.279870,0.377230,0.704111,-0.312653,-1.254530,0.050327,1.321367,-1.872731,1.735929,3.635483,-0.553066,0.190054,0.093053,-0.179321,-0.061064,0.559199,0.401344,-0.264766
18.593957,1.354998,-0.482596,0.100118,-0.527924,0.844016,0.992334,-0.540216,0.532369,-0.453434,0.236977,-0.283708,0.377237,0.704602,-0.312730,-1.254337,0.050423,1.321184,-1.872789,1.736482,3.635882,-0.553331,0.190737,0.093834,-0.180626,-0.059788,0.558311,0.403776,-0.264569
18.594960,1.351617,-0.481156,0.097154,-0.528949,0.843894,0.990579,-0.541217,0.539870,-0.455066,0.243188,-0.287421,0.377295,0.704919,-0.312818,-1.254151,0.050520,1.321006,-1.872849,1.737039,3.636293,-0.553586,0.189440,0.094945,-0.180402,-0.060697,0.557529,0.404977,-0.261860
18.595951,1.347534,-0.480100,0.100709,-0.528115,0.839725,0.990624,-0.540665,0.548464,-0.458285,0.250557,-0.290777,0.377414,0.705221,-0.312887,-1.253958,0.050614,1.320830,-1.872906,1.737596,3.636705,-0.553840,0.190644,0.093771,-0.178576,-0.058794,0.556499,0.406005,-0.259400
18.597014,1.351329,-0.481140,0.101248,-0.528354,0.840848,0.988984,-0.539624,0.553670,-0.459376,0.254604,-0.294629,0.377793,0.705699,-0.312932,-1.253761,0.050706,1.320649,-1.872964,1.738155,3.637106,-0.554096,0.192106,0.092821,-0.179968,-0.058761,0.559497,0.405264,-0.260060
18.598007,1.348093,-0.482210,0.103285,-0.529684,0.838547,0.986397,-0.540150,0.555361,-0.457585,0.255130,-0.299490,0.378534,0.706364,-0.312958,-1.253573,0.050799,1.320469,-1.873018,1.738712,3.637516,-0.554360,0.189824,0.092983,-0.179964,-0.057751,0.557445,0.406317,-0.261683
18.598958,1.348367,-0.488768,0.104230,-0.528035,0.842113,0.982694,-0.540321,0.557356,-0.455240,0.255874,-0.305915,0.379709,0.707065,-0.312947,-1.253380,0.050893,1.320285,-1.873071,1.739276,3.637927,-0.554619,0.190952,0.093071,-0.180541,-0.055660,0.558517,0.408177,-0.260115
18.599989,1.344941,-0.491131,0.104944,-0.527752,0.837813,0.979314,-0.539678,0.562039,-0.454498,0.259206,-0.313964,0.381350,0.707755,-0.312878,-1.253189,0.050993,1.320106,-1.873129,1.739819,3.638347,-0.554877,0.190210,0.095838,-0.180555,-0.056423,0.553654,0.411024,-0.259272
18.601063,1.345061,-0.487852,0.102965,-0.527594,0.836693,0.977839,-0.539457,0.570504,-0.457706,0.266296,-0.322018,0.383245,0.708531,-0.312749,-1.252993,0.051092,1.319925,-1.873182,1.740381,3.638772,-0.555140,0.191450,0.096538,-0.180570,-0.055957,0.556966,0.413651,-0.260098
18.601942,1.346669,-0.491872,0.099383,-0.527433,0.834600,0.976145,-0.538727,0.580438,-0.463186,0.274919,-0.329447,0.385288,0.709474,-0.312575,-1.252804,0.051184,1.319746,-1.873237,1.740938,3.639189,-0.555402,0.191037,0.094505,-0.179329,-0.055345,0.557224,0.414480,-0.260079
18.602956,1.342488,-0.495971,0.100686,-0.527170,0.833724,0.971708,-0.538999,0.588434,-0.467247,0.281736,-0.337058,0.387588,0.710624,-0.312363,-1.252617,0.051281,1.319576,-1.873290,1.741500,3.639606,-0.555663,0.189567,0.096002,-0.177059,-0.054680,0.557574,0.415198,-0.260992
18.604089,1.337099,-0.495910,0.100349,-0.527707,0.832278,0.969476,-0.538511,0.594338,-0.470005,0.286640,-0.344864,0.390104,0.711999,-0.312120,-1.252425,0.051380,1.319398,-1.873344,1.742060,3.640034,-0.555923,0.191199,0.097562,-0.177399,-0.054171,0.557323,0.418864,-0.259950
18.604973,1.335670,-0.496028,0.102187,-0.526690,0.829683,0.966380,-0.538094,0.597685,-0.471565,0.289120,-0.352652,0.392723,0.713584,-0.311870,-1.252226,0.051476,1.319225,-1.873395,1.742612,3.640455,-0.556182,0.193562,0.097147,-0.177161,-0.052976,0.558260,0.420527,-0.260535
18.605922,1.341944,-0.498400,0.092310,-0.525427,0.828056,0.963670,-0.537120,0.592397,-0.465241,0.282492,-0.368772,0.398053,0.716952,-0.311474,-1.251851,0.051676,1.318884,-1.873500,1.743730,3.641311,-0.556705,0.189270,0.097048,-0.171664,-0.053541,0.557851,0.423678,-0.261957
18.607053,1.336904,-0.503293,0.098072,-0.525097,0.825899,0.963644,-0.536007,0.592397,-0.465241,0.282492,-0.368772,0.398053,0.716952,-0.311474,-1.251851,0.051676,1.318884,-1.873500,1.743730,3.641311,-0.556705,0.189270,0.097048,-0.171664,-0.053541,0.557851,0.423678,-0.261957
18.607984,1.336047,-0.503333,0.099336,-0.523765,0.826451,0.961960,-0.537286,0.586380,-0.459537,0.276134,-0.375819,0.400480,0.718565,-0.311317,-1.251656,0.051779,1.318706,-1.873550,1.744282,3.641736,-0.556971,0.191098,0.098888,-0.174070,-0.053131,0.558359,0.422575,-0.263536
18.608980,1.331221,-0.504691,0.094926,-0.523128,0.821498,0.960001,-0.536120,0.581645,-0.455676,0.271176,-0.381238,0.402599,0.720106,-0.311160,-1.251468,0.051876,1.318531,-1.873603,1.744833,3.642160,-0.557227,0.190553,0.098225,-0.173871,-0.053584,0.555440,0.422918,-0.260243
18.609982,1.331941,-0.505545,0.091336,-0.523099,0.818549,0.959632,-0.536645,0.576910,-0.452559,0.266300,-0.384983,0.404469,0.721551,-0.311008,-1.251271,0.051976,1.318367,-1.873654,1.745391,3.642587,-0.557490,0.192033,0.098247,-0.171053,-0.053395,0.558264,0.423593,-0.261935
18.611012,1.329635,-0.507914,0.090524,-0.520917,0.822198,0.957970,-0.536673,0.567489,-0.446608,0.256901,-0.387366,0.406180,0.722958,-0.310894,-1.251080,0.052073,1.318200,-1.873707,1.745960,3.643009,-0.557749,0.190759,0.098056,-0.168650,-0.052553,0.558925,0.422695,-0.260180
18.612026,1.328197,-0.509610,0.095244,-0.522716,0.821223,0.959924,-0.536806,0.552127,-0.437032,0.241757,-0.388557,0.407758,0.724341,-0.310806,-1.250891,0.052173,1.318031,-1.873763,1.746499,3.643425,-0.558009,0.191110,0.098607,-0.167664,-0.053839,0.553337,0.423186,-0.259469
18.613031,1.327578,-0.511763,0.084872,-0.522494,0.817526,0.964630,-0.536684,0.533933,-0.426001,0.223932,-0.388970,0.409264,0.725628,-0.310723,-1.250701,0.052272,1.317861,-1.873809,1.747055,3.643840,-0.558263,0.190964,0.098817,-0.169416,-0.051316,0.552255,0.420000,-0.258553
18.614076,1.329149,-0.513979,0.091844,-0.520454,0.813770,0.964949,-0.537425,0.514265,-0.414415,0.204768,-0.389645,0.410812,0.726916,-0.310670,-1.250513,0.052372,1.317707,-1.873860,1.747616,3.644252,-0.558522,0.190432,0.099234,-0.163706,-0.050741,0.553800,0.414079,-0.258132
18.615051,1.324467,-0.517672,0.091559,-0.518704,0.814969,0.965750,-0.537987,0.474408,-0.395560,0.166411,-0.387898,0.412931,0.729866,-0.310696,-1.250133,0.052577,1.317369,-1.873968,1.748716,3.645066,-0.559028,0.190291,0.100833,-0.165857,-0.052779,0.552203,0.410697,-0.254224
18.615972,1.325561,-0.522317,0.087794,-0.517489,0.812424,0.966448,-0.535856,0.474408,-0.395560,0.166411,-0.387898,0.412931,0.729866,-0.310696,-1.250133,0.052577,1.317369,-1.873968,1.748716,3.645066,-0.559028,0.190291,0.100833,-0.165857,-0.052779,0.552203,0.410697,-0.254224
18.616958,1.325604,-0.518563,0.090504,-0.516658,0.814655,0.965795,-0.536529,0.458691,-0.393493,0.151696,-0.382049,0.412782,0.731390,-0.310775,-1.249951,0.052686,1.317209,-1.874023,1.749258,3.645469,-0.559290,0.188827,0.102358,-0.163314,-0.053044,0.552504,0.408757,-0.257828
18.618064,1.321315,-0.517456,0.093548,-0.513939,0.815818,0.968469,-0.538876,0.444565,-0.395180,0.138765,-0.373099,0.411844,0.732863,-0.310927,-1.249764,0.052780,1.317044,-1.874075,1.749799,3.645874,-0.559541,0.187947,0.099848,-0.164088,-0.053036,0.548180,0.408254,-0.255780
18.618936,1.322656,-0.517626,0.091597,-0.514736,0.815907,0.972307,-0.536918,0.431384,-0.397886,0.126857,-0.362478,0.410337,0.734060,-0.311122,-1.249571,0.052878,1.316876,-1.874134,1.750343,3.646274,-0.559781,0.189358,0.098732,-0.165143,-0.054809,0.545372,0.404562,-0.250496
18.619952,1.320574,-0.521605,0.087702,-0.513321,0.815927,0.975799,-0.536489,0.417787,-0.399326,0.114551,-0.351198,0.408428,0.734958,-0.311367,-1.249388,0.052977,1.316716,-1.874184,1.750879,3.646661,-0.560034,0.187691,0.098111,-0.163427,-0.053129,0.542895,0.399506,-0.253801
18.620945,1.323468,-0.519364,0.087552,-0.509838,0.819499,0.978004,-0.536408,0.402387,-0.398831,0.100494,-0.340076,0.406249,0.735735,-0.311714,-1.249201,0.053078,1.316560,-1.874241,1.751422,3.647043,-0.560287,0.187928,0.099460,-0.161017,-0.053631,0.540925,0.395021,-0.253986
18.621951,1.317890,-0.522909,0.089822,-0.506927,0.822744,0.979094,-0.536035,0.384747,-0.397010,0.084320,-0.328538,0.403752,0.736510,-0.312149,-1.249018,0.053173,1.316402,-1.874301,1.751954,3.647428,-0.560540,0.185664,0.097704,-0.160443,-0.056087,0.535383,0.391791,-0.253494
18.623011,1.319029,-0.524692,0.086832,-0.505325,0.818781,0.981359,-0.535339,0.366079,-0.395291,0.067261,-0.314894,0.400782,0.737241,-0.312620,-1.248826,0.053274,1.316243,-1.874362,1.752476,3.647811,-0.560792,0.187598,0.098843,-0.161081,-0.057952,0.530354,0.389701,-0.253602
18.623987,1.319757,-0.528221,0.082892,-0.505879,0.820683,0.983415,-0.534159,0.347438,-0.395064,0.050382,-0.297949,0.397251,0.737907,-0.313117,-1.248640,0.053373,1.316087,-1.874421,1.753004,3.648191,-0.561051,0.186261,0.099108,-0.159160,-0.058559,0.532733,0.386499,-0.254353
18.624955,1.319111,-0.526374,0.085041,-0.504052,0.823817,0.987068,-0.533850,0.329070,-0.396634,0.033930,-0.278370,0.393293,0.738529,-0.313643,-1.248460,0.053477,1.315935,-1.874476,1.753517,3.648562,-0.561312,0.185105,0.100168,-0.156725,-0.057050,0.528971,0.383466,-0.256031
18.625978,1.318134,-0.527811,0.080967,-0.504137,0.829481,0.991150,-0.532507,0.311431,-0.399039,0.018268,-0.258395,0.389311,0.739063,-0.314162,-1.248275,0.053572,1.315779,-1.874537,1.754028,3.648930,-0.561563,0.184582,0.098602,-0.157296,-0.057848,0.524016,0.378821,-0.255981
18.627062,1.320530,-0.526842,0.084566,-0.504500,0.828610,0.993025,-0.529731,0.294150,-0.400399,0.002891,-0.239951,0.385739,0.739520,-0.314649,-1.248092,0.053670,1.315629,-1.874594,1.754534,3.649301,-0.561827,0.184317,0.098713,-0.154855,-0.056795,0.516763,0.373822,-0.258007
18.628005,1.320383,-0.531257,0.080422,-0.502364,0.830542,0.993304,-0.529830,0.277760,-0.399791,-0.011819,-0.224624,0.382889,0.739865,-0.315122,-1.247912,0.053766,1.315473,-1.874649,1.755042,3.649663,-0.562106,0.182470,0.097652,-0.156333,-0.055563,0.516315,0.371179,-0.262864
18.629005,1.318697,-0.532466,0.081308,-0.500681,0.831481,0.995567,-0.528322,0.264888,-0.398896,-0.023323,-0.212543,0.380706,0.739930,-0.315579,-1.247731,0.053867,1.315324,-1.874709,1.755549,3.650028,-0.562364,0.181702,0.099193,-0.153738,-0.056660,0.512503,0.369928,-0.261919
18.630002,1.316628,-0.536512,0.076062,-0.497481,0.831044,0.995242,-0.527095,0.255972,-0.399411,-0.031105,-0.201844,0.378859,0.739710,-0.315981,-1.247551,0.053967,1.315168,-1.874770,1.756048,3.650390,-0.562633,0.181804,0.099126,-0.153730,-0.057281,0.509997,0.366752,-0.264254
18.630951,1.316534,-0.535956,0.078729,-0.496777,0.830384,0.995849,-0.524634,0.248638,-0.401358,-0.037393,-0.190293,0.377040,0.739380,-0.316315,-1.247366,0.054069,1.315024,-1.874834,1.756551,3.650757,-0.562902,0.182026,0.100476,-0.150734,-0.059375,0.508820,0.366175,-0.265991
18.631999,1.318167,-0.540305,0.075296,-0.496627,0.832701,0.997754,-0.524894,0.241421,-0.404352,-0.043593,-0.176763,0.375087,0.739028,-0.316602,-1.247188,0.054167,1.314869,-1.874892,1.757061,3.651122,-0.563183,0.181254,0.099511,-0.151568,-0.059049,0.507618,0.364582,-0.270158
18.633116,1.322669,-0.541251,0.070490,-0.495651,0.831300,1.000894,-0.522980,0.235775,-0.408727,-0.048345,-0.162356,0.373101,0.738609,-0.316841,-1.247010,0.054272,1.314724,-1.874949,1.757555,3.651474,-0.563449,0.179768,0.101027,-0.149537,-0.058251,0.503908,0.361893,-0.268903
18.634089,1.319104,-0.539476,0.069456,-0.494363,0.828224,1.002218,-0.519518,0.233409,-0.415201,-0.049986,-0.148648,0.371241,0.738132,-0.317039,-1.246838,0.054371,1.314584,-1.875007,1.758063,3.651825,-0.563729,0.177013,0.100901,-0.147006,-0.058302,0.504085,0.358066,-0.272060
18.634967,1.316507,-0.538997,0.069410,-0.493970,0.828590,1.001243,-0.519884,0.232711,-0.422360,-0.050091,-0.136127,0.369567,0.737667,-0.317233,-1.246659,0.054468,1.314442,-1.875068,1.758573,3.652174,-0.564022,0.178053,0.099355,-0.146144,-0.058527,0.505391,0.355908,-0.278197
18.636004,1.319018,-0.541015,0.069486,-0.492952,0.830313,1.002527,-0.520311,0.230013,-0.426684,-0.052361,-0.125329,0.368186,0.737243,-0.317422,-1.246479,0.054564,1.314297,-1.875124,1.759065,3.652528,-0.564294,0.178424,0.098449,-0.145611,-0.057930,0.503068,0.355899,-0.276619
18.636961,1.326998,-0.537715,0.060997,-0.492357,0.827955,1.000278,-0.518608,0.225132,-0.427555,-0.057017,-0.116957,0.367221,0.736839,-0.317545,-1.246305,0.054664,1.314152,-1.875183,1.759559,3.652883,-0.564570,0.176521,0.098842,-0.145359,-0.057977,0.499930,0.353788,-0.275036
18.638043,1.318689,-0.541145,0.065080,-0.487726,0.826969,1.000324,-0.518640,0.220763,-0.426680,-0.061348,-0.111455,0.366751,0.736371,-0.317599,-1.246145,0.054758,1.314019,-1.875240,1.760055,3.653239,-0.564856,0.171920,0.096556,-0.140805,-0.057574,0.500642,0.355158,-0.277693
18.639074,1.317476,-0.540788,0.068043,-0.490306,0.827491,0.999604,-0.518308,0.216792,-0.424636,-0.065390,-0.107562,0.366635,0.735860,-0.317627,-1.245964,0.054859,1.313875,-1.875307,1.760557,3.653590,-0.565130,0.175507,0.097677,-0.142683,-0.061082,0.500285,0.354372,-0.276891
18.639987,1.317281,-0.543206,0.065610,-0.489413,0.824212,1.000841,-0.519282,0.212547,-0.422323,-0.069797,-0.103826,0.366696,0.735448,-0.317639,-1.245792,0.054955,1.313730,-1.875358,1.761055,3.653948,-0.565407,0.175473,0.096889,-0.143851,-0.057637,0.498287,0.354267,-0.276830
18.640957,1.323054,-0.544377,0.061344,-0.491842,0.824006,0.999027,-0.517256,0.208996,-0.420477,-0.073659,-0.101583,0.367094,0.735181,-0.317618,-1.245620,0.055052,1.313592,-1.875415,1.761550,3.654288,-0.565671,0.174775,0.097436,-0.142219,-0.057562,0.499764,0.352136,-0.274129
18.642036,1.325810,-0.544654,0.064447,-0.489755,0.823008,0.997856,-0.518626,0.207096,-0.419337,-0.076039,-0.102676,0.368014,0.735029,-0.317573,-1.245455,0.055150,1.313455,-1.875463,1.762046,3.654643,-0.565963,0.171251,0.097368,-0.139780,-0.054356,0.498288,0.353085,-0.277430
18.643000,1.322326,-0.543111,0.062861,-0.489130,0.820672,0.995060,-0.518156,0.209439,-0.420385,-0.074424,-0.107657,0.369427,0.734830,-0.317512,-1.245291,0.055248,1.313311,-1.875522,1.762549,3.654991,-0.566227,0.169440,0.096917,-0.141140,-0.055518,0.497948,0.353546,-0.273959
18.644047,1.322152,-0.544881,0.058574,-0.487700,0.818271,0.992799,-0.517168,0.216840,-0.424028,-0.068051,-0.115492,0.371121,0.734450,-0.317417,-1.245119,0.055340,1.313175,-1.875579,1.763047,3.655352,-0.566499,0.170497,0.095561,-0.140041,-0.055163,0.498607,0.355421,-0.274196
18.645145,1.321018,-0.546764,0.057580,-0.487019,0.815997,0.991725,-0.518389,0.224702,-0.427581,-0.061396,-0.124478,0.372874,0.734008,-0.317299,-1.244951,0.055436,1.313043,-1.875636,1.763552,3.655714,-0.566777,0.170028,0.095879,-0.137750,-0.055667,0.499527,0.356842,-0.275451
18.646000,1.323041,-0.543161,0.059924,-0.484689,0.813832,0.992143,-0.517821,0.229430,-0.429635,-0.057913,-0.133258,0.374518,0.733689,-0.317174,-1.244780,0.055532,1.312908,-1.875691,1.764048,3.656069,-0.567046,0.170099,0.096261,-0.137183,-0.055457,0.500593,0.357177,-0.272290
18.646980,1.325165,-0.543781,0.057758,-0.484683,0.810427,0.991922,-0.517901,0.231999,-0.431274,-0.056581,-0.140904,0.375918,0.733522,-0.317032,-1.244615,0.055620,1.312769,-1.875751,1.764553,3.656426,-0.567316,0.168281,0.093840,-0.137884,-0.056714,0.500613,0.355691,-0.272693
18.648009,1.321004,-0.539331,0.055232,-0.485598,0.812338,0.990186,-0.517515,0.234727,-0.433256,-0.055086,-0.147429,0.377084,0.733412,-0.316879,-1.244453,0.055715,1.312634,-1.875805,1.765052,3.656776,-0.567586,0.166664,0.093563,-0.136530,-0.055800,0.502397,0.355073,-0.271800
18.648964,1.318936,-0.545701,0.057431,-0.485731,0.808898,0.985622,-0.517796,0.236203,-0.433200,-0.054884,-0.154317,0.378300,0.733349,-0.316728,-1.244283,0.055799,1.312504,-1.875855,1.765560,3.657139,-0.567854,0.168182,0.090861,-0.135129,-0.054114,0.498864,0.355961,-0.271881
18.649967,1.321381,-0.543605,0.061225,-0.482642,0.807506,0.981740,-0.518392,0.233983,-0.428732,-0.058502,-0.163041,0.379855,0.733376,-0.316589,-1.244112,0.055896,1.312365,-1.875907,1.766066,3.657508,-0.568122,0.168494,0.093463,-0.135915,-0.053118,0.500551,0.359560,-0.270582
18.650997,1.322816,-0.543729,0.059150,-0.483896,0.806197,0.977809,-0.516914,0.232016,-0.423658,-0.061981,-0.172310,0.381529,0.733372,-0.316448,-1.243950,0.055986,1.312225,-1.875967,1.766558,3.657875,-0.568384,0.166712,0.091829,-0.137532,-0.055224,0.500429,0.362513,-0.268701
18.652075,1.327135,-0.540826,0.056388,-0.482315,0.804835,0.975767,-0.518317,0.234975,-0.421545,-0.060550,-0.180712,0.383049,0.733107,-0.316303,-1.243786,0.056077,1.312092,-1.876014,1.767057,3.658251,-0.568658,0.165483,0.091374,-0.136310,-0.053205,0.500267,0.365506,-0.270980
18.653007,1.322971,-0.543938,0.057944,-0.482307,0.805290,0.975580,-0.517448,0.242410,-0.421033,-0.054611,-0.188916,0.384485,0.732460,-0.316152,-1.243629,0.056165,1.311960,-1.876071,1.767559,3.658617,-0.568920,0.162950,0.089441,-0.134834,-0.053891,0.500283,0.366716,-0.267458
18.654067,1.322395,-0.544395,0.057117,-0.483371,0.806433,0.974538,-0.516463,0.252239,-0.420651,-0.046238,-0.197184,0.385874,0.731506,-0.315986,-1.243463,0.056256,1.311826,-1.876123,1.768053,3.658984,-0.569186,0.164382,0.090432,-0.135321,-0.053027,0.498049,0.365870,-0.268517
18.655082,1.321839,-0.544319,0.055997,-0.482713,0.804245,0.973739,-0.517910,0.262837,-0.420099,-0.037105,-0.205661,0.387264,0.730429,-0.315839,-1.243297,0.056345,1.311693,-1.876172,1.768548,3.659352,-0.569460,0.164161,0.090161,-0.134774,-0.051200,0.495572,0.366067,-0.269780
18.656032,1.324735,-0.545531,0.053544,-0.481387,0.803481,0.971074,-0.518008,0.272789,-0.418722,-0.028657,-0.214956,0.388725,0.729320,-0.315737,-1.243135,0.056434,1.311560,-1.876225,1.769040,3.659714,-0.569721,0.163914,0.089608,-0.134024,-0.051019,0.496333,0.365986,-0.266164
18.657002,1.322056,-0.544076,0.054363,-0.480081,0.800644,0.967209,-0.518231,0.281676,-0.416628,-0.021217,-0.224405,0.390084,0.728172,-0.315670,-1.242976,0.056522,1.311432,-1.876278,1.769542,3.660089,-0.569981,0.161877,0.089672,-0.132583,-0.051470,0.495298,0.367634,-0.265298
18.657959,1.321923,-0.542069,0.051560,-0.479796,0.802759,0.964580,-0.518523,0.289688,-0.414464,-0.014479,-0.232624,0.391063,0.726968,-0.315635,-1.242814,0.056610,1.311299,-1.876331,1.770037,3.660467,-0.570246,0.162673,0.088403,-0.132762,-0.051906,0.496526,0.370481,-0.264146
18.658972,1.318853,-0.542583,0.049386,-0.477497,0.803938,0.963036,-0.518797,0.295262,-0.410696,-0.009994,-0.239412,0.391615,0.725713,-0.315641,-1.242653,0.056695,1.311174,-1.876382,1.770518,3.660843,-0.570500,0.162136,0.086900,-0.131164,-0.051357,0.492817,0.372063,-0.262889
18.660062,1.318885,-0.541280,0.050122,-0.477269,0.804672,0.962698,-0.520681,0.295636,-0.403077,-0.010512,-0.245028,0.391855,0.724491,-0.315689,-1.242487,0.056783,1.311046,-1.876437,1.771005,3.661221,-0.570759,0.163116,0.086666,-0.129956,-0.052769,0.490236,0.372626,-0.261677
18.661026,1.320638,-0.543113,0.043288,-0.476337,0.806692,0.961358,-0.519602,0.290109,-0.391634,-0.016697,-0.249168,0.391829,0.723388,-0.315777,-1.242327,0.056866,1.310913,-1.876490,1.771484,3.661589,-0.571008,0.162703,0.085596,-0.130262,-0.052149,0.488433,0.372136,-0.257279
18.662015,1.326756,-0.540397,0.043323,-0.474688,0.808357,0.960011,-0.520574,0.280058,-0.377735,-0.027178,-0.252026,0.391614,0.722401,-0.315901,-1.242168,0.056953,1.310792,-1.876543,1.771962,3.661961,-0.571268,0.161263,0.086015,-0.126696,-0.052228,0.484913,0.372486,-0.258808
18.662990,1.322924,-0.541868,0.049778,-0.473461,0.808936,0.960651,-0.521475,0.268059,-0.363206,-0.039414,-0.253984,0.391324,0.721399,-0.316043,-1.242019,0.057031,1.310665,-1.876596,1.772440,3.662335,-0.571519,0.157790,0.084226,-0.126593,-0.053010,0.481846,0.372852,-0.256177
18.664110,1.327149,-0.540122,0.048791,-0.470896,0.810237,0.962321,-0.523370,0.258780,-0.351209,-0.048838,-0.254842,0.390981,0.720162,-0.316132,-1.241858,0.057115,1.310528,-1.876649,1.772913,3.662706,-0.571769,0.159193,0.084505,-0.129574,-0.053360,0.479874,0.371211,-0.253734
18.664994,1.326428,-0.540593,0.046654,-0.471610,0.807788,0.962945,-0.523672,0.255802,-0.344650,-0.051909,-0.253853,0.390519,0.718635,-0.316101,-1.241705,0.057196,1.310404,-1.876706,1.773388,3.663070,-0.572008,0.156780,0.083259,-0.129104,-0.055033,0.477640,0.368781,-0.249373
18.665974,1.326124,-0.539914,0.047542,-0.470645,0.811080,0.963706,-0.524084,0.258369,-0.343289,-0.049355,-0.250855,0.389933,0.716941,-0.315967,-1.241551,0.057278,1.310278,-1.876753,1.773860,3.663433,-0.572252,0.156556,0.082997,-0.127748,-0.053508,0.478418,0.367115,-0.248146
18.667080,1.330919,-0.540103,0.048593,-0.471816,0.812890,0.966757,-0.526255,0.263552,-0.344668,-0.044155,-0.247022,0.389382,0.715224,-0.315787,-1.241396,0.057358,1.310151,-1.876807,1.774325,3.663796,-0.572495,0.156223,0.082223,-0.128043,-0.053613,0.473764,0.365431,-0.246707
18.668114,1.327242,-0.541333,0.047189,-0.471082,0.812324,0.969411,-0.526035,0.271333,-0.348091,-0.036456,-0.243925,0.389059,0.713502,-0.315577,-1.241245,0.057440,1.310022,-1.876855,1.774794,3.664151,-0.572727,0.153550,0.081939,-0.128564,-0.051715,0.471064,0.361639,-0.241804
18.668955,1.326567,-0.543495,0.044909,-0.470506,0.808693,0.968861,-0.526155,0.282572,-0.354010,-0.025466,-0.242427,0.389025,0.711779,-0.315347,-1.241089,0.057522,1.309895,-1.876907,1.775259,3.664499,-0.572963,0.155006,0.082141,-0.127767,-0.051641,0.470523,0.358221,-0.241726
18.670087,1.321861,-0.542589,0.049325,-0.469573,0.809476,0.972314,-0.527755,0.294263,-0.361381,-0.014085,-0.241754,0.389116,0.710203,-0.315156,-1.240933,0.057606,1.309775,-1.876957,1.775734,3.664855,-0.573201,0.154641,0.082677,-0.126343,-0.051353,0.472305,0.357740,-0.240828
18.671099,1.320582,-0.540659,0.049200,-0.468354,0.809294,0.975249,-0.527380,0.303728,-0.369176,-0.004894,-0.240690,0.389124,0.708867,-0.315029,-1.240771,0.057684,1.309643,-1.877009,1.776201,3.665204,-0.573431,0.156673,0.081879,-0.128583,-0.051519,0.470674,0.353605,-0.237094
18.671988,1.325280,-0.538825,0.045577,-0.468188,0.805795,0.980348,-0.526670,0.310276,-0.376519,0.001450,-0.238890,0.389037,0.707778,-0.314952,-1.240612,0.057761,1.309515,-1.877063,1.776666,3.665544,-0.573668,0.156807,0.080543,-0.128365,-0.051856,0.469665,0.349923,-0.237303
18.673063,1.324483,-0.535792,0.047622,-0.466198,0.803865,0.983297,-0.527074,0.313602,-0.382185,0.004713,-0.236726,0.389003,0.706936,-0.314921,-1.240460,0.057838,1.309392,-1.877114,1.777146,3.665879,-0.573907,0.153852,0.079181,-0.126302,-0.051161,0.471426,0.343930,-0.238096
18.674044,1.318335,-0.535296,0.046688,-0.466474,0.804822,0.985912,-0.527380,0.314505,-0.385817,0.005745,-0.234501,0.389097,0.706313,-0.314917,-1.240307,0.057912,1.309261,-1.877168,1.777611,3.666209,-0.574141,0.153957,0.077353,-0.127278,-0.052307,0.472370,0.340399,-0.236723
18.674985,1.317809,-0.537814,0.046845,-0.466392,0.801513,0.988369,-0.528402,0.312200,-0.386435,0.003763,-0.232238,0.389369,0.705951,-0.314896,-1.240145,0.057988,1.309138,-1.877217,1.778082,3.666539,-0.574371,0.156493,0.076736,-0.126672,-0.051244,0.470017,0.337062,-0.235551
18.676103,1.315321,-0.537360,0.047907,-0.468281,0.803572,0.989730,-0.528780,0.305144,-0.383256,-0.002790,-0.230333,0.389962,0.705963,-0.314835,-1.239990,0.058068,1.309011,-1.877268,1.778560,3.666865,-0.574599,0.156193,0.077562,-0.126545,-0.050494,0.471803,0.333848,-0.232924
18.676986,1.317264,-0.540337,0.051828,-0.465141,0.800994,0.991280,-0.530243,0.295032,-0.377648,-0.012305,-0.229842,0.391051,0.706339,-0.314721,-1.239831,0.058144,1.308885,-1.877311,1.779022,3.667188,-0.574827,0.157109,0.077016,-0.127121,-0.048007,0.468892,0.331993,-0.231674
18.677981,1.317895,-0.537748,0.054684,-0.462275,0.796643,0.991508,-0.529312,0.286312,-0.372830,-0.020414,-0.230966,0.392629,0.706951,-0.314539,-1.239676,0.058223,1.308751,-1.877367,1.779495,3.667515,-0.575051,0.155496,0.078056,-0.128712,-0.050213,0.469788,0.329601,-0.228152
18.679046,1.315330,-0.542058,0.054879,-0.463713,0.794324,0.992064,-0.529897,0.283856,-0.373124,-0.022179,-0.231300,0.394280,0.707661,-0.314285,-1.239523,0.058295,1.308619,-1.877424,1.779965,3.667841,-0.575282,0.154756,0.076407,-0.129944,-0.052124,0.472852,0.328707,-0.229501
18.679975,1.309459,-0.542749,0.052909,-0.462974,0.793193,0.993934,-0.530383,0.288884,-0.379890,-0.016328,-0.229370,0.395712,0.708413,-0.313980,-1.239366,0.058375,1.308489,-1.877469,1.780443,3.668168,-0.575504,0.155669,0.078222,-0.129943,-0.050002,0.474012,0.327547,-0.227798
18.680969,1.310861,-0.540155,0.053225,-0.460394,0.790796,0.998596,-0.530494,0.297196,-0.390258,-0.007106,-0.226379,0.397067,0.709349,-0.313660,-1.239202,0.058451,1.308362,-1.877518,1.780917,3.668488,-0.575730,0.157951,0.078132,-0.128719,-0.049956,0.473559,0.324931,-0.226265
18.682011,1.312920,-0.538288,0.053569,-0.460313,0.789631,1.000277,-0.530410,0.303566,-0.400572,0.000294,-0.222912,0.398417,0.710639,-0.313358,-1.239046,0.058525,1.308234,-1.877573,1.781392,3.668797,-0.575952,0.156748,0.076481,-0.128734,-0.051631,0.474610,0.319653,-0.225523
18.682996,1.311908,-0.533683,0.055716,-0.458485,0.788182,1.001906,-0.529558,0.307441,-0.409548,0.005317,-0.219063,0.399708,0.712195,-0.313087,-1.238893,0.058595,1.308106,-1.877621,1.781868,3.669111,-0.576180,0.155342,0.075275,-0.128821,-0.050972,0.474562,0.317449,-0.225164
18.684005,1.308469,-0.536374,0.055270,-0.457653,0.786842,1.001275,-0.529915,0.310629,-0.416882,0.009640,-0.215766,0.400968,0.713784,-0.312844,-1.238739,0.058663,1.307974,-1.877674,1.782342,3.669415,-0.576410,0.155403,0.072678,-0.129687,-0.051964,0.474632,0.315256,-0.226320
18.685003,1.305300,-0.531813,0.053351,-0.458040,0.784919,1.003033,-0.530616,0.312799,-0.421878,0.012864,-0.213304,0.402181,0.715319,-0.312612,-1.238580,0.058738,1.307847,-1.877726,1.782816,3.669730,-0.576631,0.156647,0.073701,-0.129325,-0.051944,0.474676,0.315309,-0.225067
18.685984,1.302541,-0.533285,0.054694,-0.455134,0.781740,1.001808,-0.529589,0.311316,-0.423152,0.012371,-0.211812,0.403365,0.716912,-0.312366,-1.238420,0.058805,1.307720,-1.877773,1.783298,3.670042,-0.576853,0.157711,0.071133,-0.128223,-0.050836,0.475191,0.312930,-0.223132
18.687204,1.305851,-0.533553,0.055000,-0.454262,0.780952,1.003471,-0.530505,0.292972,-0.413595,-0.004066,-0.210177,0.405464,0.720635,-0.311873,-1.238110,0.058948,1.307459,-1.877882,1.784255,3.670662,-0.577296,0.156773,0.071505,-0.128994,-0.052913,0.477088,0.311591,-0.222380
18.688025,1.309826,-0.532749,0.053526,-0.458387,0.777158,1.003277,-0.531260,0.292972,-0.413595,-0.004066,-0.210177,0.405464,0.720635,-0.311873,-1.238110,0.058948,1.307459,-1.877882,1.784255,3.670662,-0.577296,0.156773,0.071505,-0.128994,-0.052913,0.477088,0.311591,-0.222380
18.689006,1.310076,-0.532021,0.053910,-0.454258,0.774908,1.006929,-0.531643,0.284440,-0.409618,-0.011759,-0.209451,0.406275,0.722568,-0.311624,-1.237961,0.059017,1.307334,-1.877919,1.784739,3.670977,-0.577517,0.154152,0.070713,-0.127888,-0.048167,0.478865,0.310956,-0.220285
18.689989,1.306212,-0.531803,0.053497,-0.454308,0.773285,1.007447,-0.531465,0.280726,-0.408195,-0.014888,-0.211016,0.407254,0.724353,-0.311380,-1.237807,0.059084,1.307207,-1.877977,1.785222,3.671273,-0.577735,0.153581,0.070076,-0.127932,-0.051404,0.479624,0.306748,-0.219016
18.691088,1.310441,-0.530693,0.053808,-0.453414,0.770752,1.007178,-0.530647,0.279902,-0.408909,-0.015272,-0.213314,0.408279,0.726118,-0.311176,-1.237648,0.059153,1.307080,-1.878025,1.785704,3.671574,-0.577957,0.155009,0.069677,-0.127555,-0.050569,0.479774,0.305707,-0.218850
18.692125,1.311962,-0.529946,0.049014,-0.452140,0.771454,1.004407,-0.531982,0.280032,-0.411088,-0.014757,-0.215086,0.409219,0.727934,-0.311042,-1.237499,0.059220,1.306949,-1.878076,1.786183,3.671876,-0.578180,0.152610,0.068910,-0.127670,-0.050679,0.481280,0.305577,-0.220010
18.692953,1.316155,-0.529635,0.049169,-0.451109,0.770934,1.005838,-0.531081,0.281372,-0.414490,-0.013077,-0.216483,0.410046,0.729684,-0.310967,-1.237350,0.059285,1.306830,-1.878127,1.786658,3.672189,-0.578388,0.151534,0.068317,-0.125269,-0.051165,0.479330,0.307819,-0.216844
18.693959,1.316337,-0.531016,0.048092,-0.452281,0.772139,1.004285,-0.532347,0.284203,-0.419069,-0.009941,-0.217412,0.410688,0.731313,-0.310911,-1.237207,0.059353,1.306703,-1.878179,1.787136,3.672496,-0.578610,0.148875,0.067807,-0.124993,-0.051283,0.477900,0.305561,-0.218103
18.694966,1.313385,-0.532152,0.048822,-0.452036,0.771050,1.004188,-0.530918,0.289582,-0.425287,-0.004411,-0.218529,0.411133,0.732824,-0.310879,-1.237060,0.059423,1.306583,-1.878224,1.787606,3.672805,-0.578816,0.148447,0.068208,-0.124409,-0.049427,0.475419,0.306580,-0.215068
18.696034,1.313446,-0.531602,0.048839,-0.450269,0.772172,1.003749,-0.531796,0.297515,-0.433086,0.003396,-0.220771,0.411382,0.734246,-0.310918,-1.236907,0.059493,1.306459,-1.878271,1.788083,3.673113,-0.579040,0.149528,0.068480,-0.124692,-0.048977,0.475200,0.306097,-0.217451
18.697090,1.314280,-0.533339,0.048375,-0.448983,0.776246,1.005591,-0.532311,0.306266,-0.441775,0.011795,-0.223705,0.411269,0.735637,-0.311063,-1.236759,0.059560,1.306333,-1.878321,1.788552,3.673418,-0.579256,0.149202,0.067975,-0.124675,-0.049985,0.473015,0.306080,-0.215174
18.698087,1.315884,-0.529648,0.044444,-0.446837,0.778676,1.004886,-0.531623,0.315446,-0.451783,0.020529,-0.226101,0.410577,0.737046,-0.311306,-1.236611,0.059627,1.306211,-1.878374,1.789009,3.673720,-0.579463,0.148494,0.068629,-0.124447,-0.050447,0.467941,0.303752,-0.213707
18.699038,1.317721,-0.530195,0.049076,-0.444225,0.779227,1.002651,-0.531434,0.324415,-0.462701,0.029063,-0.227398,0.409287,0.738526,-0.311637,-1.236465,0.059690,1.306093,-1.878426,1.789469,3.674025,-0.579679,0.147337,0.066541,-0.122427,-0.051749,0.464335,0.303925,-0.214607
18.700104,1.314631,-0.528780,0.048516,-0.442890,0.783569,0.999831,-0.531980,0.333148,-0.473887,0.037423,-0.227116,0.407400,0.739994,-0.312039,-1.236321,0.059757,1.305963,-1.878482,1.789923,3.674331,-0.579890,0.146033,0.066540,-0.124553,-0.053411,0.462500,0.305552,-0.214478
18.701027,1.310634,-0.531212,0.047247,-0.441308,0.785762,1.000025,-0.530928,0.343201,-0.485985,0.047148,-0.224731,0.404920,0.741287,-0.312473,-1.236171,0.059819,1.305841,-1.878535,1.790372,3.674645,-0.580103,0.147295,0.065666,-0.124265,-0.053907,0.457269,0.307858,-0.212906
18.701967,1.312509,-0.528175,0.048259,-0.442180,0.788689,0.997036,-0.530518,0.352544,-0.497736,0.056262,-0.220360,0.402048,0.742501,-0.312927,-1.236021,0.059885,1.305720,-1.878592,1.790822,3.674956,-0.580320,0.148795,0.066606,-0.123457,-0.054501,0.453750,0.306943,-0.214509
18.703075,1.314289,-0.527104,0.043782,-0.441177,0.791920,0.994495,-0.529914,0.358804,-0.507126,0.062418,-0.215234,0.399163,0.743777,-0.313400,-1.235875,0.059945,1.305596,-1.878640,1.791262,3.675264,-0.580533,0.147401,0.064847,-0.123798,-0.052843,0.449620,0.309315,-0.214810
18.704085,1.311215,-0.529170,0.047264,-0.442118,0.795462,0.992136,-0.529735,0.362671,-0.513020,0.066184,-0.211390,0.396684,0.745006,-0.313875,-1.235730,0.060010,1.305478,-1.878692,1.791698,3.675585,-0.580751,0.146329,0.064150,-0.121653,-0.053062,0.445814,0.311348,-0.215552
18.704941,1.311334,-0.529413,0.052217,-0.441603,0.796957,0.992319,-0.527784,0.365056,-0.515322,0.068338,-0.209895,0.394833,0.746102,-0.314319,-1.235582,0.060075,1.305350,-1.878741,1.792122,3.675900,-0.580964,0.147535,0.064962,-0.123299,-0.051334,0.441470,0.313104,-0.215419
18.706069,1.311049,-0.532046,0.046184,-0.439904,0.798220,0.989070,-0.526447,0.368850,-0.516557,0.071687,-0.210842,0.393649,0.747055,-0.314703,-1.235437,0.060138,1.305223,-1.878791,1.792558,3.676213,-0.581189,0.146706,0.064703,-0.125241,-0.050959,0.438004,0.311848,-0.218660
18.707065,1.310820,-0.533238,0.046676,-0.437571,0.797807,0.985974,-0.526017,0.375867,-0.518991,0.078160,-0.213334,0.393025,0.747889,-0.315022,-1.235293,0.060206,1.305107,-1.878845,1.792986,3.676532,-0.581413,0.146265,0.065660,-0.121910,-0.051731,0.435188,0.314136,-0.220621
18.707953,1.306773,-0.532406,0.049037,-0.437926,0.802390,0.981327,-0.525565,0.383974,-0.522762,0.085886,-0.215208,0.392633,0.748701,-0.315266,-1.235148,0.060273,1.304986,-1.878901,1.793411,3.676850,-0.581630,0.145646,0.065824,-0.121730,-0.053037,0.433772,0.316134,-0.220768
18.709079,1.304079,-0.533645,0.045406,-0.437673,0.803076,0.978776,-0.525381,0.391550,-0.527019,0.093284,-0.215736,0.392296,0.749484,-0.315429,-1.234997,0.060336,1.304861,-1.878951,1.793828,3.677178,-0.581854,0.146778,0.064990,-0.122312,-0.051713,0.427107,0.319545,-0.220930
18.710064,1.304597,-0.536634,0.044054,-0.435959,0.800281,0.975331,-0.524291,0.396700,-0.529372,0.098367,-0.216377,0.392152,0.750247,-0.315549,-1.234851,0.060403,1.304744,-1.879001,1.794244,3.677503,-0.582072,0.147516,0.065266,-0.120187,-0.051133,0.425019,0.321046,-0.220619
18.710995,1.296489,-0.539938,0.050220,-0.436848,0.803709,0.972178,-0.523803,0.397688,-0.528913,0.099423,-0.217330,0.392098,0.751130,-0.315687,-1.234706,0.060469,1.304626,-1.879053,1.794667,3.677831,-0.582297,0.146500,0.066357,-0.119089,-0.051906,0.425991,0.323327,-0.222084
18.712040,1.294403,-0.538623,0.052670,-0.434675,0.804157,0.970398,-0.523390,0.396241,-0.527972,0.098145,-0.217831,0.391861,0.752224,-0.315890,-1.234552,0.060539,1.304498,-1.879101,1.795080,3.678163,-0.582521,0.149691,0.067533,-0.121613,-0.050125,0.420624,0.325242,-0.222316
18.712959,1.291464,-0.539595,0.048742,-0.433825,0.802337,0.970010,-0.522111,0.394481,-0.527982,0.096575,-0.218185,0.391457,0.753534,-0.316173,-1.234401,0.060603,1.304375,-1.879157,1.795489,3.678489,-0.582740,0.149945,0.066497,-0.122385,-0.051301,0.418632,0.325902,-0.222446
18.714019,1.290261,-0.538948,0.048509,-0.430735,0.804868,0.965643,-0.522859,0.391386,-0.527843,0.093808,-0.218321,0.390942,0.755114,-0.316528,-1.234246,0.060669,1.304261,-1.879209,1.795907,3.678813,-0.582969,0.150488,0.066556,-0.119946,-0.051195,0.418509,0.325079,-0.224264
18.715126,1.288827,-0.537629,0.051018,-0.429522,0.806424,0.961832,-0.521432,0.384479,-0.525911,0.087538,-0.217438,0.390313,0.757010,-0.316940,-1.234097,0.060733,1.304142,-1.879266,1.796319,3.679147,-0.583191,0.150368,0.065883,-0.119487,-0.053246,0.414377,0.328347,-0.222024
18.715975,1.284990,-0.537534,0.051966,-0.429715,0.802952,0.959471,-0.521140,0.374196,-0.522064,0.078183,-0.215118,0.389660,0.759043,-0.317364,-1.233945,0.060795,1.304021,-1.879318,1.796723,3.679484,-0.583415,0.150384,0.064902,-0.120409,-0.053533,0.411467,0.331028,-0.224219
18.716997,1.283665,-0.539355,0.050006,-0.428081,0.800358,0.956501,-0.520544,0.362543,-0.516626,0.067584,-0.212169,0.389205,0.760964,-0.317755,-1.233790,0.060858,1.303899,-1.879369,1.797139,3.679826,-0.583638,0.151319,0.064439,-0.120264,-0.052370,0.412872,0.332007,-0.224035
18.717990,1.283643,-0.539717,0.052106,-0.427370,0.802427,0.954138,-0.521411,0.349717,-0.509553,0.055834,-0.209379,0.389106,0.762728,-0.318074,-1.233640,0.060924,1.303781,-1.879424,1.797552,3.680164,-0.583865,0.151202,0.064964,-0.118877,-0.053014,0.413793,0.333788,-0.224503
18.718976,1.284478,-0.538611,0.056438,-0.424213,0.799499,0.952432,-0.523156,0.336637,-0.502068,0.043825,-0.206647,0.389372,0.764330,-0.318279,-1.233490,0.060987,1.303660,-1.879477,1.797957,3.680501,-0.584080,0.150409,0.064775,-0.119489,-0.052756,0.410020,0.334931,-0.222052
18.719999,1.282587,-0.541557,0.053604,-0.424712,0.799612,0.953764,-0.522691,0.326949,-0.496773,0.035147,-0.203616,0.389922,0.765632,-0.318340,-1.233343,0.061048,1.303535,-1.879537,1.798372,3.680840,-0.584292,0.149231,0.063865,-0.121157,-0.054798,0.411233,0.335394,-0.217868
18.720997,1.286181,-0.540322,0.055811,-0.422599,0.798616,0.953001,-0.523003,0.322656,-0.495277,0.031804,-0.199895,0.390637,0.766591,-0.318290,-1.233194,0.061115,1.303421,-1.879585,1.798777,3.681166,-0.584509,0.149433,0.064959,-0.119359,-0.053419,0.409508,0.332907,-0.218150
18.722009,1.277483,-0.541629,0.054517,-0.421646,0.796876,0.952708,-0.524382,0.323221,-0.497534,0.033281,-0.195780,0.391489,0.767274,-0.318188,-1.233051,0.061178,1.303302,-1.879641,1.799186,3.681498,-0.584723,0.146909,0.063956,-0.120054,-0.054525,0.408826,0.332514,-0.216829
18.723101,1.278846,-0.544002,0.060345,-0.420986,0.794724,0.952728,-0.523476,0.326513,-0.502126,0.037466,-0.191449,0.392388,0.767715,-0.318063,-1.232896,0.061243,1.303186,-1.879696,1.799588,3.681822,-0.584927,0.150479,0.064234,-0.119018,-0.054464,0.408999,0.331677,-0.213410
18.723985,1.275654,-0.543303,0.058603,-0.418467,0.796636,0.953060,-0.524106,0.330498,-0.508090,0.042354,-0.186668,0.393147,0.767993,-0.317944,-1.232748,0.061308,1.303061,-1.879748,1.800001,3.682154,-0.585143,0.149088,0.065070,-0.121557,-0.054202,0.409667,0.330553,-0.214593
18.724985,1.276294,-0.542331,0.059199,-0.416967,0.797736,0.952203,-0.524901,0.336008,-0.516279,0.048779,-0.181344,0.393612,0.768162,-0.317858,-1.232597,0.061372,1.302943,-1.879808,1.800402,3.682481,-0.585353,0.149780,0.064292,-0.120114,-0.055576,0.405824,0.328969,-0.212615
18.726098,1.272673,-0.542033,0.062316,-0.416043,0.799465,0.954256,-0.525493,0.342215,-0.525584,0.055934,-0.175519,0.393735,0.768251,-0.317791,-1.232449,0.061433,1.302823,-1.879864,1.800795,3.682805,-0.585557,0.148687,0.063458,-0.119988,-0.056017,0.403217,0.328708,-0.210381
18.727052,1.274892,-0.543465,0.062121,-0.413420,0.798075,0.957070,-0.524713,0.347806,-0.534192,0.062467,-0.169763,0.393596,0.768257,-0.317726,-1.232296,0.061496,1.302701,-1.879922,1.801195,3.683127,-0.585762,0.149810,0.062991,-0.121211,-0.055885,0.400173,0.325600,-0.208575
18.727947,1.270491,-0.541156,0.064115,-0.411163,0.798249,0.960337,-0.525838,0.353939,-0.542856,0.069489,-0.164077,0.393214,0.768182,-0.317660,-1.232154,0.061560,1.302578,-1.879982,1.801588,3.683440,-0.585976,0.147934,0.063324,-0.120584,-0.057390,0.399961,0.321673,-0.209473
18.729076,1.268686,-0.540492,0.070488,-0.410744,0.799054,0.961516,-0.525936,0.360822,-0.552301,0.077248,-0.157456,0.392483,0.768107,-0.317584,-1.232002,0.061617,1.302459,-1.880041,1.801984,3.683751,-0.586174,0.149251,0.061811,-0.121062,-0.058495,0.397973,0.317264,-0.206547
18.729984,1.268344,-0.541512,0.066138,-0.409033,0.797345,0.960560,-0.524822,0.368108,-0.561802,0.085350,-0.149956,0.391497,0.768006,-0.317475,-1.231852,0.061679,1.302331,-1.880096,1.802381,3.684062,-0.586379,0.149482,0.061195,-0.123861,-0.057931,0.395916,0.315157,-0.205749
18.730957,1.267322,-0.541491,0.071504,-0.406222,0.793424,0.962836,-0.525853,0.376099,-0.570814,0.094011,-0.142453,0.390508,0.767731,-0.317332,-1.231702,0.061741,1.302213,-1.880155,1.802777,3.684371,-0.586590,0.148763,0.061324,-0.121119,-0.058506,0.395874,0.315017,-0.207315
18.731990,1.265935,-0.538511,0.069517,-0.407688,0.793327,0.965959,-0.526070,0.384930,-0.579894,0.103416,-0.134392,0.389548,0.767192,-0.317170,-1.231553,0.061800,1.302086,-1.880217,1.803182,3.684679,-0.586791,0.148476,0.060980,-0.123313,-0.060138,0.398116,0.311649,-0.204572
18.732983,1.262059,-0.539334,0.074271,-0.407521,0.790930,0.967706,-0.525166,0.394265,-0.588661,0.113214,-0.125884,0.388717,0.766373,-0.316991,-1.231405,0.061855,1.301966,-1.880272,1.803581,3.684975,-0.586993,0.148445,0.059220,-0.121879,-0.057647,0.396683,0.307584,-0.203529
18.734042,1.261135,-0.536975,0.071735,-0.407364,0.788040,0.969773,-0.524930,0.402816,-0.594890,0.121972,-0.119180,0.388403,0.765294,-0.316813,-1.231254,0.061913,1.301840,-1.880328,1.803975,3.685275,-0.587200,0.149590,0.059345,-0.123771,-0.056780,0.397561,0.304859,-0.204702
18.735077,1.260780,-0.540366,0.073156,-0.405431,0.786973,0.972867,-0.524532,0.409303,-0.597192,0.128360,-0.115537,0.388789,0.763995,-0.316671,-1.231103,0.061966,1.301721,-1.880384,1.804375,3.685572,-0.587407,0.149306,0.057921,-0.122093,-0.055917,0.399014,0.301868,-0.204515
18.736001,1.254916,-0.539497,0.075791,-0.405262,0.785848,0.978866,-0.524221,0.413688,-0.596425,0.132430,-0.114095,0.389699,0.762545,-0.316577,-1.230955,0.062030,1.301597,-1.880443,1.804769,3.685859,-0.587611,0.148753,0.059286,-0.122372,-0.056778,0.398612,0.297884,-0.204678
18.736988,1.256198,-0.540398,0.076796,-0.404429,0.782549,0.980418,-0.523921,0.416685,-0.594541,0.135012,-0.113518,0.390883,0.761101,-0.316525,-1.230800,0.062087,1.301474,-1.880497,1.805168,3.686134,-0.587814,0.150787,0.058512,-0.123142,-0.055929,0.397982,0.290953,-0.204647
18.738066,1.254820,-0.540633,0.078424,-0.403245,0.783093,0.983628,-0.523199,0.418878,-0.592513,0.136728,-0.113499,0.392217,0.759762,-0.316530,-1.230654,0.062144,1.301346,-1.880553,1.805573,3.686414,-0.588022,0.149362,0.058664,-0.123098,-0.055720,0.399626,0.288567,-0.204588
18.739047,1.253967,-0.543173,0.079853,-0.401330,0.782488,0.983196,-0.522845,0.421715,-0.591258,0.139025,-0.114113,0.393576,0.758464,-0.316605,-1.230506,0.062204,1.301224,-1.880609,1.805966,3.686690,-0.588224,0.149379,0.058483,-0.123531,-0.055881,0.397727,0.284565,-0.205418
18.739984,1.254628,-0.541155,0.081876,-0.398867,0.782298,0.986465,-0.521909,0.426897,-0.592330,0.143612,-0.114777,0.394752,0.757151,-0.316719,-1.230357,0.062266,1.301099,-1.880669,1.806360,3.686972,-0.588430,0.149009,0.059403,-0.123718,-0.056665,0.396766,0.284134,-0.205465
18.741117,1.251056,-0.544212,0.086021,-0.398805,0.780015,0.987045,-0.522231,0.435204,-0.596589,0.151270,-0.114654,0.395549,0.755824,-0.316833,-1.230211,0.062319,1.300972,-1.880732,1.806748,3.687245,-0.588641,0.147863,0.058103,-0.124153,-0.057930,0.395331,0.279954,-0.206668
18.742095,1.245578,-0.542675,0.084314,-0.398856,0.780842,0.988131,-0.521812,0.447122,-0.604253,0.162440,-0.113519,0.395867,0.754493,-0.316925,-1.230059,0.062380,1.300842,-1.880785,1.807147,3.687520,-0.588845,0.149001,0.059374,-0.125816,-0.057031,0.396385,0.278671,-0.205382
18.743045,1.248151,-0.541033,0.088436,-0.395985,0.782050,0.989916,-0.523440,0.460166,-0.613193,0.174625,-0.112418,0.395815,0.753227,-0.316986,-1.229905,0.062438,1.300719,-1.880838,1.807538,3.687792,-0.589056,0.150892,0.058271,-0.124436,-0.056008,0.393969,0.276742,-0.205560
18.743981,1.246269,-0.538053,0.089217,-0.394545,0.781067,0.991940,-0.522639,0.471072,-0.620322,0.184629,-0.112392,0.395593,0.752043,-0.317014,-1.229760,0.062492,1.300592,-1.880900,1.807920,3.688058,-0.589249,0.148786,0.057168,-0.125956,-0.057706,0.391226,0.274126,-0.201658
18.744993,1.243553,-0.539374,0.086169,-0.393418,0.783330,0.993657,-0.522309,0.480265,-0.625131,0.192934,-0.113228,0.395267,0.750846,-0.317017,-1.229611,0.062544,1.300467,-1.880958,1.808308,3.688324,-0.589452,0.148909,0.055415,-0.125767,-0.058046,0.390612,0.271261,-0.202658
18.746042,1.242177,-0.541282,0.087106,-0.392518,0.783989,0.995027,-0.523422,0.486578,-0.626727,0.198415,-0.114583,0.394891,0.749674,-0.317020,-1.229462,0.062601,1.300346,-1.881016,1.808685,3.688589,-0.589657,0.149504,0.055810,-0.123776,-0.058087,0.386993,0.268782,-0.202663
18.747083,1.243237,-0.538012,0.087229,-0.390868,0.782318,0.997006,-0.522809,0.487806,-0.624425,0.198871,-0.116326,0.394546,0.748673,-0.317034,-1.229311,0.062658,1.300222,-1.881072,1.809069,3.688850,-0.589853,0.149437,0.056497,-0.123835,-0.057960,0.385041,0.266701,-0.199808
18.748005,1.246423,-0.538924,0.085195,-0.392446,0.783640,0.995732,-0.523503,0.485253,-0.619607,0.195535,-0.118162,0.394226,0.747796,-0.317053,-1.229168,0.062708,1.300100,-1.881131,1.809454,3.689113,-0.590055,0.148235,0.054643,-0.123474,-0.058523,0.385392,0.263988,-0.200442
18.748973,1.245556,-0.539035,0.093221,-0.391732,0.784428,0.994149,-0.524922,0.481344,-0.613007,0.190690,-0.120848,0.394034,0.746842,-0.317074,-1.229027,0.062759,1.299981,-1.881182,1.809831,3.689377,-0.590248,0.145873,0.054864,-0.121937,-0.055960,0.382495,0.264457,-0.198413
18.750052,1.244074,-0.536183,0.090430,-0.391243,0.783392,0.993732,-0.525584,0.480148,-0.606354,0.188171,-0.125784,0.394150,0.745584,-0.317071,-1.228880,0.062810,1.299852,-1.881237,1.810209,3.689646,-0.590437,0.145547,0.054687,-0.125419,-0.055697,0.380271,0.265216,-0.194976
18.751053,1.244322,-0.536988,0.087006,-0.391633,0.784628,0.993177,-0.525216,0.483815,-0.600782,0.190016,-0.133076,0.394560,0.743929,-0.317019,-1.228737,0.062859,1.299731,-1.881291,1.810589,3.689906,-0.590628,0.145669,0.053072,-0.123606,-0.055215,0.380126,0.264937,-0.193090
18.752020,1.244415,-0.535893,0.089724,-0.390553,0.785909,0.994035,-0.526663,0.488407,-0.593692,0.192416,-0.142332,0.395195,0.742024,-0.316936,-1.228592,0.062913,1.299616,-1.881341,1.810959,3.690169,-0.590822,0.144816,0.053235,-0.121516,-0.053915,0.377578,0.264730,-0.193245
18.753038,1.240450,-0.534874,0.089904,-0.389475,0.788509,0.994754,-0.526916,0.491319,-0.583804,0.192882,-0.153314,0.396009,0.740028,-0.316855,-1.228449,0.062962,1.299492,-1.881395,1.811328,3.690429,-0.591004,0.144034,0.052472,-0.122385,-0.054004,0.374941,0.263084,-0.189755
18.753948,1.248304,-0.532347,0.094610,-0.387399,0.788386,0.996238,-0.527430,0.492885,-0.572005,0.191814,-0.165264,0.396864,0.738024,-0.316800,-1.228301,0.063014,1.299370,-1.881452,1.811689,3.690687,-0.591193,0.145286,0.051745,-0.122021,-0.054040,0.371175,0.261642,-0.188691
18.754980,1.242652,-0.533189,0.092989,-0.387970,0.790029,0.996309,-0.527712,0.495206,-0.560051,0.191385,-0.177178,0.397564,0.735999,-0.316795,-1.228168,0.063060,1.299245,-1.881507,1.812057,3.690944,-0.591376,0.140630,0.050274,-0.123799,-0.055085,0.369837,0.259349,-0.187088
18.756025,1.237160,-0.533910,0.096049,-0.387153,0.792618,0.995714,-0.529227,0.501204,-0.550055,0.194561,-0.188590,0.397985,0.733897,-0.316856,-1.228023,0.063111,1.299125,-1.881557,1.812422,3.691200,-0.591559,0.142827,0.050502,-0.122553,-0.053607,0.367023,0.258597,-0.185973
18.757021,1.232927,-0.532246,0.096301,-0.386822,0.792258,0.994416,-0.528590,0.508316,-0.540830,0.198825,-0.199680,0.398178,0.731880,-0.316992,-1.227873,0.063160,1.299002,-1.881609,1.812779,3.691453,-0.591733,0.144841,0.050679,-0.123677,-0.053503,0.363375,0.258525,-0.182404
18.758089,1.236858,-0.530693,0.098011,-0.386037,0.794666,0.993252,-0.530240,0.512291,-0.529997,0.199978,-0.210520,0.398230,0.730117,-0.317206,-1.227722,0.063205,1.298879,-1.881659,1.813136,3.691713,-0.591918,0.146145,0.049685,-0.123316,-0.052935,0.362593,0.259080,-0.183156
18.759050,1.232118,-0.528908,0.095567,-0.383804,0.796596,0.994101,-0.529579,0.513394,-0.517326,0.198295,-0.221302,0.398241,0.728500,-0.317469,-1.227584,0.063252,1.298753,-1.881713,1.813487,3.691975,-0.592088,0.143567,0.048763,-0.123735,-0.052757,0.359229,0.259541,-0.179313
18.760039,1.236765,-0.526680,0.092073,-0.385313,0.796180,0.993820,-0.529762,0.512792,-0.503241,0.195031,-0.231945,0.398330,0.726904,-0.317748,-1.227434,0.063298,1.298634,-1.881770,1.813836,3.692233,-0.592267,0.145152,0.047699,-0.122027,-0.053940,0.356136,0.257901,-0.180134
18.761086,1.234508,-0.530025,0.093306,-0.383550,0.793768,0.994335,-0.530792,0.509058,-0.486575,0.188868,-0.242594,0.398669,0.725339,-0.318024,-1.227300,0.063341,1.298518,-1.881817,1.814190,3.692491,-0.592441,0.142171,0.046455,-0.119868,-0.051581,0.355419,0.257453,-0.179224
18.762101,1.233272,-0.530441,0.094333,-0.384406,0.794272,0.994692,-0.531310,0.502968,-0.468113,0.180580,-0.253565,0.399355,0.723804,-0.318264,-1.227156,0.063394,1.298399,-1.881871,1.814547,3.692742,-0.592614,0.142668,0.047931,-0.120139,-0.052385,0.356813,0.256273,-0.176640
18.762990,1.233340,-0.528684,0.096386,-0.383133,0.794407,0.995293,-0.533358,0.497701,-0.451369,0.173342,-0.264133,0.400294,0.722332,-0.318423,-1.227011,0.063440,1.298280,-1.881919,1.814899,3.693000,-0.592783,0.142570,0.047969,-0.120231,-0.050666,0.355204,0.255194,-0.175115
18.763978,1.232549,-0.529898,0.093812,-0.382847,0.791742,0.997020,-0.532466,0.494935,-0.437828,0.168836,-0.274175,0.401530,0.720946,-0.318463,-1.226871,0.063484,1.298159,-1.881968,1.815251,3.693249,-0.592944,0.141752,0.046893,-0.120703,-0.051054,0.353688,0.253820,-0.170496
18.764940,1.231017,-0.527164,0.093905,-0.384007,0.791699,0.994703,-0.532954,0.494609,-0.427138,0.167016,-0.283760,0.403123,0.719681,-0.318378,-1.226730,0.063532,1.298046,-1.882016,1.815617,3.693496,-0.593114,0.141465,0.047325,-0.119028,-0.050491,0.355115,0.251400,-0.171832
18.765950,1.231018,-0.531781,0.095921,-0.382600,0.787745,0.993384,-0.532296,0.494780,-0.417667,0.165905,-0.293194,0.405106,0.718623,-0.318198,-1.226588,0.063575,1.297926,-1.882060,1.815972,3.693751,-0.593280,0.141500,0.045799,-0.118612,-0.048558,0.353899,0.253008,-0.170333
18.767006,1.226992,-0.528483,0.096577,-0.382637,0.786082,0.991295,-0.531766,0.495355,-0.409156,0.165296,-0.302824,0.407455,0.717744,-0.317954,-1.226451,0.063628,1.297803,-1.882110,1.816337,3.694003,-0.593451,0.140880,0.047912,-0.119163,-0.049110,0.356681,0.253629,-0.171163
18.767982,1.227253,-0.532643,0.095765,-0.382318,0.785649,0.989798,-0.533066,0.497576,-0.403081,0.166416,-0.311722,0.409905,0.716998,-0.317671,-1.226307,0.063671,1.297685,-1.882157,1.816691,3.694262,-0.593622,0.142248,0.046111,-0.119126,-0.048251,0.357330,0.255029,-0.171720
18.769017,1.227299,-0.530984,0.095379,-0.381449,0.782291,0.989360,-0.532577,0.500621,-0.399090,0.168478,-0.319524,0.412293,0.716394,-0.317371,-1.226167,0.063723,1.297568,-1.882205,1.817047,3.694521,-0.593785,0.141407,0.047992,-0.118291,-0.047728,0.356541,0.255755,-0.168602
18.769985,1.224414,-0.532682,0.098173,-0.380574,0.780914,0.987111,-0.533716,0.504291,-0.397218,0.171317,-0.326170,0.414539,0.715950,-0.317071,-1.226026,0.063768,1.297453,-1.882252,1.817405,3.694776,-0.593952,0.140737,0.046997,-0.117755,-0.047781,0.358849,0.255498,-0.169124
18.771086,1.227651,-0.532916,0.096324,-0.380686,0.780101,0.987938,-0.533442,0.509130,-0.398053,0.175505,-0.331137,0.416496,0.715641,-0.316797,-1.225881,0.063816,1.297332,-1.882299,1.817764,3.695035,-0.594114,0.141446,0.047664,-0.118683,-0.047831,0.358945,0.256997,-0.166336
18.772039,1.221116,-0.533015,0.095320,-0.379020,0.783197,0.987402,-0.533969,0.515743,-0.401849,0.181610,-0.334428,0.418100,0.715403,-0.316568,-1.225747,0.063863,1.297216,-1.882344,1.818123,3.695286,-0.594282,0.139301,0.047648,-0.117450,-0.046970,0.358825,0.255528,-0.166429
18.772947,1.220700,-0.532478,0.097283,-0.377380,0.779938,0.987395,-0.533625,0.522703,-0.407427,0.188170,-0.336432,0.419419,0.715279,-0.316387,-1.225601,0.063910,1.297101,-1.882392,1.818470,3.695541,-0.594442,0.141830,0.047500,-0.116527,-0.047779,0.354514,0.255320,-0.164888
18.774006,1.219019,-0.533096,0.094150,-0.376980,0.777391,0.987980,-0.532861,0.526683,-0.412471,0.191904,-0.336824,0.420476,0.715390,-0.316254,-1.225462,0.063956,1.296983,-1.882441,1.818831,3.695796,-0.594605,0.141259,0.047034,-0.117014,-0.048541,0.356414,0.254529,-0.165095
18.775016,1.220533,-0.535790,0.094316,-0.377748,0.777568,0.986602,-0.535510,0.526736,-0.416424,0.191928,-0.335028,0.421180,0.715795,-0.316163,-1.225321,0.064004,1.296872,-1.882489,1.819188,3.696043,-0.594774,0.141490,0.047185,-0.115158,-0.048105,0.357943,0.253320,-0.166140
18.775960,1.219408,-0.533336,0.094752,-0.376498,0.774454,0.983580,-0.534265,0.524083,-0.419981,0.189431,-0.331648,0.421578,0.716504,-0.316082,-1.225184,0.064054,1.296758,-1.882532,1.819547,3.696299,-0.594924,0.140096,0.048335,-0.114898,-0.046603,0.356593,0.253999,-0.160350
18.777075,1.221209,-0.534711,0.095838,-0.375097,0.774366,0.981032,-0.535044,0.520813,-0.423888,0.186424,-0.327752,0.421839,0.717410,-0.315980,-1.225046,0.064100,1.296645,-1.882580,1.819903,3.696558,-0.595091,0.139968,0.046900,-0.114711,-0.047000,0.358451,0.256250,-0.162415
18.778048,1.220330,-0.533576,0.090152,-0.377100,0.771947,0.980359,-0.534916,0.518794,-0.428710,0.184784,-0.323292,0.421999,0.718315,-0.315859,-1.224909,0.064149,1.296532,-1.882629,1.820261,3.696822,-0.595248,0.138547,0.047462,-0.115018,-0.047573,0.357619,0.258115,-0.160383
18.779127,1.219511,-0.535979,0.087420,-0.374521,0.772763,0.979328,-0.536070,0.517713,-0.433787,0.184212,-0.318570,0.422118,0.719148,-0.315734,-1.224773,0.064193,1.296429,-1.882668,1.820625,3.697087,-0.595409,0.138350,0.046731,-0.111876,-0.044894,0.358770,0.257972,-0.160183
18.780050,1.220495,-0.534857,0.089492,-0.374051,0.771130,0.978221,-0.534757,0.514381,-0.436966,0.181500,-0.314264,0.422318,0.720031,-0.315625,-1.224635,0.064242,1.296321,-1.882721,1.820975,3.697344,-0.595558,0.138198,0.047785,-0.110314,-0.046587,0.357024,0.258341,-0.157441
18.781038,1.217495,-0.535972,0.089008,-0.374043,0.766902,0.978411,-0.534462,0.508123,-0.438491,0.175966,-0.309558,0.422522,0.721023,-0.315548,-1.224498,0.064288,1.296212,-1.882766,1.821331,3.697606,-0.595721,0.136988,0.047015,-0.110986,-0.046229,0.357345,0.258624,-0.159622
18.782060,1.217913,-0.535808,0.082719,-0.373270,0.769352,0.977961,-0.534876,0.501089,-0.439979,0.169679,-0.303957,0.422644,0.722048,-0.315524,-1.224360,0.064336,1.296102,-1.882809,1.821697,3.697861,-0.595886,0.137851,0.047396,-0.110402,-0.045502,0.360327,0.257695,-0.159704
18.783101,1.220306,-0.534260,0.083190,-0.372527,0.766320,0.979694,-0.534060,0.492021,-0.440455,0.161398,-0.297877,0.422727,0.723159,-0.315564,-1.224224,0.064382,1.296002,-1.882854,1.822048,3.698118,-0.596040,0.137030,0.047159,-0.107053,-0.045530,0.356771,0.257438,-0.158426
18.784133,1.221427,-0.536071,0.086907,-0.371186,0.763133,0.978719,-0.535108,0.479392,-0.438703,0.149693,-0.291598,0.422836,0.724433,-0.315646,-1.224091,0.064427,1.295894,-1.882898,1.822411,3.698369,-0.596203,0.135280,0.046245,-0.107078,-0.045528,0.358737,0.255026,-0.159608
18.785000,1.217807,-0.536256,0.086425,-0.371213,0.762465,0.975419,-0.534065,0.467056,-0.437227,0.138392,-0.284771,0.422882,0.725769,-0.315742,-1.223959,0.064475,1.295783,-1.882945,1.822769,3.698622,-0.596353,0.134197,0.046986,-0.108653,-0.046062,0.360829,0.255346,-0.157055
18.786078,1.217347,-0.537370,0.082100,-0.370526,0.761860,0.972213,-0.536054,0.458750,-0.438811,0.131175,-0.276938,0.422746,0.727035,-0.315846,-1.223821,0.064523,1.295676,-1.882988,1.823132,3.698887,-0.596521,0.135250,0.046837,-0.107967,-0.045263,0.359937,0.257781,-0.158659
18.787061,1.218006,-0.536281,0.081331,-0.370695,0.760702,0.970296,-0.535330,0.452153,-0.441765,0.125750,-0.268549,0.422519,0.728206,-0.315967,-1.223688,0.064571,1.295577,-1.883034,1.823497,3.699155,-0.596668,0.134958,0.047248,-0.105679,-0.045180,0.359497,0.260258,-0.154224
18.787973,1.218677,-0.537397,0.078023,-0.369398,0.757870,0.969357,-0.534690,0.444258,-0.443551,0.119120,-0.260396,0.422327,0.729273,-0.316109,-1.223555,0.064615,1.295475,-1.883078,1.823853,3.699417,-0.596824,0.134022,0.046549,-0.105073,-0.044261,0.359464,0.261387,-0.155271
18.789074,1.218617,-0.536082,0.079276,-0.367904,0.757897,0.968894,-0.535430,0.435010,-0.443785,0.111170,-0.252755,0.422146,0.730206,-0.316277,-1.223422,0.064662,1.295376,-1.883123,1.824217,3.699679,-0.596982,0.133013,0.046912,-0.103132,-0.044777,0.360870,0.261486,-0.156078
18.790016,1.218260,-0.535580,0.076826,-0.368042,0.757661,0.969282,-0.535186,0.425279,-0.443291,0.102754,-0.244954,0.421824,0.731024,-0.316481,-1.223290,0.064707,1.295272,-1.883167,1.824573,3.699935,-0.597132,0.132590,0.046136,-0.103642,-0.045548,0.359913,0.261301,-0.154159
18.790950,1.215433,-0.537905,0.071781,-0.367570,0.756572,0.969603,-0.535439,0.415541,-0.442290,0.094340,-0.236781,0.421339,0.731753,-0.316712,-1.223160,0.064753,1.295172,-1.883210,1.824930,3.700194,-0.597286,0.132154,0.045699,-0.102142,-0.044641,0.358858,0.260118,-0.154213
18.792071,1.211231,-0.537424,0.069964,-0.366541,0.757669,0.970674,-0.535418,0.403989,-0.439489,0.084138,-0.228843,0.420801,0.732517,-0.316970,-1.223027,0.064802,1.295078,-1.883254,1.825288,3.700455,-0.597437,0.132935,0.046655,-0.099413,-0.044351,0.358622,0.258990,-0.153257
18.793046,1.214504,-0.536260,0.072434,-0.365238,0.757486,0.968840,-0.535149,0.387205,-0.433309,0.068811,-0.221041,0.420217,0.733541,-0.317251,-1.222889,0.064847,1.294981,-1.883300,1.825641,3.700706,-0.597589,0.134526,0.046294,-0.098487,-0.044636,0.356689,0.257314,-0.152891
18.794085,1.210580,-0.538912,0.069168,-0.365386,0.760287,0.968186,-0.535576,0.366066,-0.424384,0.049206,-0.212956,0.419536,0.734789,-0.317538,-1.222761,0.064893,1.294881,-1.883344,1.825994,3.700966,-0.597743,0.132298,0.045549,-0.099514,-0.045177,0.355705,0.258412,-0.152990
18.795065,1.209746,-0.537481,0.070891,-0.364652,0.757683,0.969051,-0.535486,0.344741,-0.415049,0.029371,-0.204699,0.418750,0.736015,-0.317819,-1.222626,0.064944,1.294786,-1.883388,1.826337,3.701217,-0.597891,0.133728,0.046684,-0.097759,-0.044279,0.351946,0.258390,-0.151710
18.796000,1.208304,-0.537729,0.067918,-0.363776,0.760071,0.967837,-0.536044,0.324352,-0.406040,0.010380,-0.196648,0.417867,0.737131,-0.318094,-1.222495,0.064987,1.294686,-1.883434,1.826691,3.701469,-0.598041,0.133555,0.045809,-0.098423,-0.044237,0.353435,0.256793,-0.151469
18.796957,1.211434,-0.541218,0.067870,-0.364267,0.759944,0.969159,-0.535331,0.304410,-0.396938,-0.008219,-0.188928,0.416868,0.738108,-0.318357,-1.222361,0.065034,1.294593,-1.883477,1.827036,3.701730,-0.598190,0.133617,0.045749,-0.096737,-0.044369,0.349801,0.257221,-0.149906
18.798030,1.211508,-0.541729,0.064867,-0.362715,0.761866,0.970728,-0.535789,0.286394,-0.388925,-0.024921,-0.181650,0.415756,0.738902,-0.318583,-1.222236,0.065085,1.294497,-1.883518,1.827378,3.701980,-0.598342,0.131501,0.047270,-0.096533,-0.043177,0.348839,0.255153,-0.150917
18.798968,1.212278,-0.540619,0.065193,-0.362048,0.764432,0.973075,-0.536437,0.272774,-0.384422,-0.037264,-0.174777,0.414516,0.739532,-0.318760,-1.222105,0.065132,1.294405,-1.883564,1.827720,3.702229,-0.598491,0.130998,0.047363,-0.094988,-0.043952,0.346071,0.252960,-0.149568
18.800001,1.206871,-0.541814,0.065813,-0.360887,0.764969,0.975038,-0.534950,0.263669,-0.383665,-0.045159,-0.168122,0.413156,0.740045,-0.318874,-1.221978,0.065178,1.294310,-1.883610,1.828060,3.702470,-0.598638,0.130034,0.046626,-0.094964,-0.043808,0.342359,0.249923,-0.147845
18.801125,1.208324,-0.541359,0.065593,-0.360881,0.766296,0.976418,-0.535898,0.257143,-0.385072,-0.050576,-0.161603,0.411756,0.740521,-0.318938,-1.221843,0.065224,1.294216,-1.883653,1.828394,3.702712,-0.598794,0.132194,0.047077,-0.095189,-0.044266,0.340999,0.247349,-0.150414
18.802122,1.211779,-0.541219,0.065854,-0.358882,0.766988,0.980672,-0.535626,0.248797,-0.392256,-0.056944,-0.148778,0.409004,0.741585,-0.318985,-1.221588,0.065318,1.294026,-1.883743,1.829061,3.703187,-0.599086,0.128792,0.046480,-0.095047,-0.044771,0.337415,0.240563,-0.148238
18.802950,1.214393,-0.540395,0.060024,-0.358155,0.768916,0.982407,-0.535959,0.248797,-0.392256,-0.056944,-0.148778,0.409004,0.741585,-0.318985,-1.221588,0.065318,1.294026,-1.883743,1.829061,3.703187,-0.599086,0.128792,0.046480,-0.095047,-0.044771,0.337415,0.240563,-0.148238
18.804003,1.212140,-0.540393,0.060075,-0.356793,0.767836,0.982521,-0.535024,0.249513,-0.399352,-0.055316,-0.142394,0.407667,0.742125,-0.318963,-1.221465,0.065362,1.293943,-1.883787,1.829388,3.703421,-0.599229,0.126841,0.045857,-0.091935,-0.044687,0.334207,0.238126,-0.147131
18.805034,1.208420,-0.542251,0.061999,-0.356428,0.770286,0.982748,-0.533852,0.251604,-0.407216,-0.052340,-0.135971,0.406399,0.742687,-0.318932,-1.221336,0.065410,1.293852,-1.883831,1.829723,3.703655,-0.599381,0.127521,0.045705,-0.091955,-0.045324,0.334505,0.237483,-0.148604
18.806041,1.209258,-0.546528,0.056823,-0.355700,0.770787,0.983162,-0.534998,0.253127,-0.414579,-0.050022,-0.129508,0.405207,0.743266,-0.318932,-1.221203,0.065458,1.293759,-1.883876,1.830045,3.703885,-0.599536,0.128578,0.046367,-0.092594,-0.044840,0.330647,0.236409,-0.150388
18.807051,1.212102,-0.543231,0.055037,-0.354832,0.774814,0.985248,-0.533223,0.253998,-0.422010,-0.048462,-0.123105,0.404063,0.743875,-0.318987,-1.221077,0.065510,1.293676,-1.883921,1.830370,3.704116,-0.599681,0.127250,0.048137,-0.089591,-0.044707,0.328333,0.234956,-0.147454
18.807989,1.210232,-0.546034,0.053484,-0.352653,0.775461,0.988129,-0.532234,0.254146,-0.429421,-0.047692,-0.117421,0.403031,0.744497,-0.319112,-1.220957,0.065550,1.293588,-1.883967,1.830683,3.704342,-0.599841,0.125004,0.046208,-0.088276,-0.044672,0.322565,0.231845,-0.150406
18.809070,1.210072,-0.545449,0.055247,-0.351777,0.777669,0.990568,-0.531383,0.253365,-0.435975,-0.047900,-0.112835,0.402167,0.745089,-0.319314,-1.220831,0.065599,1.293504,-1.884015,1.830995,3.704562,-0.599992,0.125032,0.047278,-0.087066,-0.045914,0.320157,0.227965,-0.151746
18.810017,1.209486,-0.546218,0.051879,-0.349986,0.778784,0.992750,-0.531277,0.252126,-0.442145,-0.048579,-0.108747,0.401366,0.745681,-0.319574,-1.220711,0.065644,1.293416,-1.884058,1.831306,3.704780,-0.600150,0.124332,0.046688,-0.087579,-0.045958,0.316360,0.224594,-0.152794
18.811006,1.210362,-0.547894,0.050235,-0.348277,0.779103,0.995347,-0.529446,0.250814,-0.448337,-0.049291,-0.104782,0.400552,0.746291,-0.319861,-1.220590,0.065692,1.293335,-1.884107,1.831611,3.704993,-0.600301,0.123767,0.046735,-0.085473,-0.046780,0.313540,0.221470,-0.152374
18.811999,1.211175,-0.550722,0.047118,-0.346650,0.779595,0.996022,-0.527959,0.248911,-0.454363,-0.050478,-0.100609,0.399679,0.746958,-0.320165,-1.220469,0.065740,1.293253,-1.884156,1.831922,3.705201,-0.600463,0.122488,0.047240,-0.084281,-0.047498,0.311512,0.217961,-0.155405
18.813086,1.208996,-0.546375,0.044904,-0.346180,0.783377,0.998591,-0.527968,0.246759,-0.461205,-0.051756,-0.095467,0.398635,0.747727,-0.320479,-1.220350,0.065789,1.293174,-1.884204,1.832229,3.705412,-0.600623,0.121272,0.048304,-0.082376,-0.048190,0.309353,0.216384,-0.157717
18.814050,1.212960,-0.545426,0.045904,-0.346572,0.783439,1.003079,-0.525820,0.243444,-0.467768,-0.054106,-0.089794,0.397494,0.748573,-0.320781,-1.220229,0.065830,1.293095,-1.884249,1.832518,3.705617,-0.600777,0.121597,0.045859,-0.080995,-0.047780,0.304191,0.212941,-0.157032
18.815035,1.213091,-0.546800,0.048911,-0.342707,0.787602,1.003434,-0.525939,0.237860,-0.471143,-0.058807,-0.085731,0.396592,0.749400,-0.321072,-1.220117,0.065877,1.293014,-1.884295,1.832818,3.705815,-0.600947,0.118832,0.045068,-0.081132,-0.046481,0.302519,0.207583,-0.160675
18.816039,1.212993,-0.542405,0.045296,-0.342633,0.787982,1.004962,-0.524343,0.233745,-0.473080,-0.062275,-0.083851,0.396018,0.750073,-0.321355,-1.220001,0.065923,1.292930,-1.884351,1.833106,3.706018,-0.601107,0.118012,0.045459,-0.082241,-0.049255,0.296828,0.206392,-0.159734
18.817033,1.210075,-0.545619,0.042565,-0.342275,0.789275,1.005758,-0.523332,0.233096,-0.475455,-0.062515,-0.082944,0.395610,0.750541,-0.321622,-1.219886,0.065961,1.292853,-1.884396,1.833395,3.706214,-0.601274,0.117304,0.043011,-0.080095,-0.048402,0.295019,0.204024,-0.162277
18.818014,1.211575,-0.545376,0.045096,-0.342621,0.787400,1.005078,-0.524192,0.231966,-0.475551,-0.063456,-0.083102,0.395370,0.750919,-0.321891,-1.219769,0.066010,1.292778,-1.884441,1.833681,3.706414,-0.601443,0.117993,0.044314,-0.078441,-0.047883,0.292260,0.202381,-0.163595
18.819073,1.210463,-0.544859,0.047283,-0.340398,0.790700,1.004090,-0.523795,0.229079,-0.472912,-0.066413,-0.084796,0.395303,0.751319,-0.322162,-1.219656,0.066054,1.292697,-1.884484,1.833966,3.706615,-0.601599,0.116469,0.043874,-0.079361,-0.046707,0.292698,0.202213,-0.161198
18.820007,1.208854,-0.544416,0.044325,-0.339545,0.789388,1.005333,-0.522282,0.227855,-0.470189,-0.068025,-0.087712,0.395338,0.751652,-0.322387,-1.219537,0.066097,1.292616,-1.884535,1.834247,3.706818,-0.601764,0.116268,0.043353,-0.080130,-0.047944,0.288042,0.202356,-0.161343
18.820951,1.208556,-0.542602,0.043496,-0.338586,0.788408,1.006399,-0.521880,0.228835,-0.467944,-0.067669,-0.091017,0.395435,0.751869,-0.322549,-1.219423,0.066140,1.292542,-1.884582,1.834530,3.707014,-0.601932,0.116291,0.042844,-0.078319,-0.047866,0.287885,0.200239,-0.163701
18.822043,1.209974,-0.542569,0.044228,-0.337285,0.786285,1.007087,-0.520413,0.228957,-0.464389,-0.068240,-0.094178,0.395592,0.752030,-0.322656,-1.219308,0.066180,1.292468,-1.884630,1.834815,3.707207,-0.602099,0.115640,0.041672,-0.077597,-0.047856,0.287338,0.198344,-0.163799
18.822943,1.208253,-0.543053,0.044927,-0.337843,0.785115,1.009110,-0.520731,0.227715,-0.459200,-0.070206,-0.097067,0.395792,0.752070,-0.322694,-1.219199,0.066221,1.292390,-1.884679,1.835102,3.707401,-0.602270,0.114284,0.041439,-0.077713,-0.048217,0.288155,0.196871,-0.166053
18.823977,1.208130,-0.545533,0.042784,-0.337496,0.786087,1.012552,-0.518287,0.228251,-0.449605,-0.071444,-0.102806,0.396338,0.751571,-0.322536,-1.218971,0.066307,1.292240,-1.884771,1.835669,3.707772,-0.602610,0.113680,0.042366,-0.076364,-0.046169,0.285382,0.189828,-0.168930
18.825052,1.204887,-0.543576,0.044369,-0.336408,0.787527,1.013657,-0.519263,0.228251,-0.449605,-0.071444,-0.102806,0.396338,0.751571,-0.322536,-1.218971,0.066307,1.292240,-1.884771,1.835669,3.707772,-0.602610,0.113680,0.042366,-0.076364,-0.046169,0.285382,0.189828,-0.168930
18.825975,1.207231,-0.545224,0.042394,-0.335713,0.785615,1.014490,-0.518114,0.229762,-0.445755,-0.070997,-0.106550,0.396840,0.751289,-0.322378,-1.218855,0.066344,1.292162,-1.884818,1.835942,3.707957,-0.602774,0.114596,0.041176,-0.076890,-0.046368,0.282729,0.188010,-0.166236
18.826970,1.207886,-0.546147,0.043151,-0.335016,0.783627,1.013694,-0.517180,0.234529,-0.439736,-0.068545,-0.114752,0.398253,0.750951,-0.321939,-1.218635,0.066424,1.292016,-1.884909,1.836512,3.708329,-0.603115,0.111623,0.041971,-0.075708,-0.045954,0.283663,0.186424,-0.169047
18.828000,1.204442,-0.545066,0.042150,-0.334078,0.782658,1.013369,-0.515505,0.234529,-0.439736,-0.068545,-0.114752,0.398253,0.750951,-0.321939,-1.218635,0.066424,1.292016,-1.884909,1.836512,3.708329,-0.603115,0.111623,0.041971,-0.075708,-0.045954,0.283663,0.186424,-0.169047
18.829094,1.205406,-0.548181,0.036696,-0.333898,0.782977,1.012353,-0.515938,0.240082,-0.439300,-0.064224,-0.118432,0.399010,0.750800,-0.321694,-1.218520,0.066463,1.291944,-1.884957,1.836792,3.708510,-0.603289,0.112631,0.041202,-0.074962,-0.045957,0.283280,0.186018,-0.171698
18.830025,1.201562,-0.545594,0.038964,-0.334125,0.783162,1.009904,-0.516020,0.245176,-0.438785,-0.060359,-0.121822,0.399805,0.750712,-0.321466,-1.218410,0.066508,1.291879,-1.885001,1.837074,3.708695,-0.603456,0.111477,0.042508,-0.072112,-0.045308,0.281678,0.186309,-0.170104
18.831092,1.201952,-0.545924,0.040153,-0.331279,0.780839,1.008565,-0.515190,0.247776,-0.436469,-0.058993,-0.125635,0.400763,0.750729,-0.321261,-1.218296,0.066545,1.291806,-1.885043,1.837354,3.708884,-0.603626,0.112633,0.040965,-0.072972,-0.044245,0.280005,0.187962,-0.169248
18.831995,1.201009,-0.547500,0.037002,-0.331695,0.781410,1.009281,-0.515781,0.248614,-0.432218,-0.059436,-0.130004,0.401908,0.750738,-0.321083,-1.218185,0.066584,1.291733,-1.885093,1.837634,3.709077,-0.603800,0.111750,0.040931,-0.073342,-0.046158,0.281061,0.188502,-0.170214
18.832980,1.197696,-0.545348,0.035971,-0.332121,0.780794,1.009783,-0.516396,0.249249,-0.427487,-0.060048,-0.133968,0.403082,0.750703,-0.320947,-1.218072,0.066626,1.291666,-1.885135,1.837913,3.709264,-0.603964,0.111437,0.041433,-0.071499,-0.044886,0.278946,0.186953,-0.168334
18.834022,1.197595,-0.545384,0.035318,-0.329340,0.780007,1.007933,-0.516973,0.248523,-0.421592,-0.061968,-0.138054,0.404334,0.750747,-0.320856,-1.217960,0.066665,1.291596,-1.885176,1.838186,3.709442,-0.604126,0.112371,0.040114,-0.070751,-0.043659,0.278234,0.185730,-0.166438
18.835118,1.194586,-0.545958,0.035071,-0.329658,0.779324,1.006882,-0.517149,0.244587,-0.412868,-0.067087,-0.142791,0.405721,0.750929,-0.320785,-1.217849,0.066701,1.291529,-1.885224,1.838462,3.709632,-0.604286,0.111725,0.039959,-0.070264,-0.045535,0.277742,0.186823,-0.164628
18.835998,1.194422,-0.542892,0.032195,-0.329050,0.777272,1.006679,-0.516794,0.238099,-0.402270,-0.074720,-0.147134,0.407063,0.751196,-0.320707,-1.217737,0.066742,1.291460,-1.885264,1.838739,3.709821,-0.604449,0.112571,0.040022,-0.069986,-0.044461,0.277203,0.187115,-0.163614
18.836975,1.193337,-0.541749,0.031903,-0.329342,0.778009,1.005717,-0.517936,0.229246,-0.389928,-0.084679,-0.151116,0.408313,0.751481,-0.320618,-1.217626,0.066776,1.291396,-1.885308,1.839015,3.710005,-0.604610,0.111851,0.038265,-0.068307,-0.044205,0.277743,0.186507,-0.163676
18.837991,1.192369,-0.545026,0.034205,-0.328123,0.775382,1.005381,-0.517491,0.217396,-0.374446,-0.097654,-0.155834,0.409595,0.751694,-0.320522,-1.217514,0.066814,1.291326,-1.885349,1.839289,3.710193,-0.604766,0.111668,0.037484,-0.067936,-0.043120,0.275624,0.186692,-0.160722
18.838994,1.191678,-0.543006,0.032358,-0.328239,0.775685,1.007078,-0.518486,0.204794,-0.357582,-0.111449,-0.161241,0.410873,0.751760,-0.320416,-1.217406,0.066855,1.291256,-1.885392,1.839567,3.710376,-0.604928,0.111481,0.038892,-0.068879,-0.043527,0.276940,0.186274,-0.160979
18.840011,1.188289,-0.540963,0.030400,-0.328700,0.772402,1.008224,-0.518856,0.194371,-0.342558,-0.123110,-0.166419,0.411984,0.751693,-0.320310,-1.217296,0.066891,1.291192,-1.885433,1.839841,3.710556,-0.605077,0.111124,0.037670,-0.067785,-0.042625,0.275286,0.183824,-0.158348
18.841032,1.191970,-0.544209,0.030169,-0.326641,0.772644,1.005672,-0.518168,0.184433,-0.328123,-0.134292,-0.171689,0.412969,0.751592,-0.320229,-1.217183,0.066926,1.291125,-1.885472,1.840123,3.710737,-0.605230,0.112109,0.036468,-0.066631,-0.041423,0.277220,0.181952,-0.156991
18.842016,1.191555,-0.545779,0.029597,-0.326211,0.771977,1.005150,-0.518021,0.173908,-0.313537,-0.146017,-0.177037,0.413820,0.751506,-0.320194,-1.217078,0.066968,1.291061,-1.885517,1.840390,3.710924,-0.605385,0.109612,0.037861,-0.066373,-0.042635,0.275717,0.183773,-0.157750
18.842996,1.188456,-0.547391,0.031082,-0.325825,0.770998,1.003639,-0.517415,0.166559,-0.302668,-0.154464,-0.180996,0.414343,0.751396,-0.320198,-1.216969,0.067006,1.290996,-1.885559,1.840660,3.711108,-0.605539,0.109148,0.038416,-0.065918,-0.042246,0.275077,0.183513,-0.157402
18.843995,1.188784,-0.544375,0.027638,-0.324560,0.766683,1.000816,-0.518665,0.164327,-0.297611,-0.157691,-0.182973,0.414522,0.751278,-0.320215,-1.216861,0.067045,1.290927,-1.885600,1.840933,3.711291,-0.605699,0.110015,0.038990,-0.066444,-0.041861,0.274718,0.184276,-0.157966
18.844986,1.188926,-0.543788,0.029585,-0.325182,0.762207,0.999870,-0.518446,0.164963,-0.296364,-0.157967,-0.183269,0.414460,0.751182,-0.320221,-1.216753,0.067081,1.290866,-1.885644,1.841213,3.711482,-0.605844,0.109157,0.037271,-0.064578,-0.042285,0.277677,0.186316,-0.154833
18.846006,1.187151,-0.541678,0.031710,-0.326515,0.760895,1.000239,-0.517741,0.166458,-0.296308,-0.157362,-0.182527,0.414256,0.751030,-0.320196,-1.216644,0.067117,1.290800,-1.885682,1.841501,3.711670,-0.605997,0.108400,0.036796,-0.065395,-0.040926,0.280676,0.186456,-0.154669
18.847076,1.184721,-0.542518,0.027788,-0.323667,0.759066,0.999427,-0.519618,0.169395,-0.296400,-0.155445,-0.182384,0.414149,0.750736,-0.320127,-1.216536,0.067150,1.290735,-1.885716,1.841785,3.711854,-0.606153,0.108626,0.035572,-0.066295,-0.038971,0.280551,0.185324,-0.155449
18.847984,1.187544,-0.541862,0.027939,-0.323103,0.756305,0.996736,-0.519654,0.172933,-0.295888,-0.153044,-0.183422,0.414280,0.750380,-0.320002,-1.216425,0.067186,1.290676,-1.885762,1.842066,3.712038,-0.606296,0.109182,0.035832,-0.064253,-0.040983,0.281095,0.185413,-0.151053
18.849031,1.190268,-0.541180,0.025539,-0.320117,0.752497,0.997150,-0.521443,0.175446,-0.294822,-0.151562,-0.184144,0.414478,0.750073,-0.319819,-1.216322,0.067220,1.290611,-1.885803,1.842352,3.712225,-0.606448,0.107074,0.035314,-0.064136,-0.040738,0.282278,0.187318,-0.150398
18.850141,1.190149,-0.541179,0.023474,-0.322282,0.754547,0.995575,-0.520671,0.178629,-0.295070,-0.149182,-0.183157,0.414510,0.749773,-0.319591,-1.216220,0.067254,1.290555,-1.885848,1.842636,3.712406,-0.606585,0.105138,0.034810,-0.062884,-0.042867,0.284744,0.186149,-0.146218
18.851039,1.188059,-0.543604,0.022709,-0.321940,0.752228,0.995131,-0.520468,0.183689,-0.297196,-0.144755,-0.180817,0.414397,0.749469,-0.319340,-1.216117,0.067287,1.290495,-1.885883,1.842911,3.712597,-0.606733,0.104659,0.034686,-0.061815,-0.040051,0.281446,0.186985,-0.147203
18.852019,1.189910,-0.542213,0.024246,-0.320777,0.750836,0.995615,-0.520080,0.189657,-0.300010,-0.139425,-0.179037,0.414413,0.749250,-0.319100,-1.216012,0.067325,1.290434,-1.885922,1.843194,3.712781,-0.606882,0.105014,0.035672,-0.061261,-0.039655,0.282250,0.186623,-0.146988
18.853044,1.193195,-0.542761,0.018261,-0.319817,0.748919,0.995073,-0.519070,0.196757,-0.303794,-0.133053,-0.178440,0.414633,0.749176,-0.318886,-1.215912,0.067357,1.290372,-1.885962,1.843479,3.712963,-0.607029,0.103475,0.034809,-0.061901,-0.040069,0.282164,0.185381,-0.147164
18.854039,1.193202,-0.541212,0.019003,-0.320290,0.747629,0.994348,-0.519073,0.205909,-0.309486,-0.124659,-0.178259,0.414908,0.749239,-0.318696,-1.215816,0.067390,1.290320,-1.886003,1.843762,3.713148,-0.607179,0.101319,0.034935,-0.058877,-0.040261,0.282710,0.185176,-0.148577
18.855090,1.194233,-0.542584,0.015420,-0.318748,0.746217,0.991933,-0.519369,0.216538,-0.316403,-0.114797,-0.178597,0.415208,0.749409,-0.318515,-1.215718,0.067424,1.290263,-1.886040,1.844041,3.713331,-0.607325,0.100766,0.033983,-0.059205,-0.039095,0.282603,0.185153,-0.147953
18.856078,1.191113,-0.541644,0.015375,-0.317710,0.745382,0.990145,-0.519306,0.227743,-0.323657,-0.104407,-0.179748,0.415537,0.749647,-0.318329,-1.215621,0.067459,1.290211,-1.886082,1.844325,3.713522,-0.607474,0.099732,0.034517,-0.057414,-0.039858,0.282670,0.186802,-0.146738
18.856960,1.194425,-0.538648,0.016512,-0.317111,0.744819,0.988216,-0.519063,0.238228,-0.330753,-0.094747,-0.181011,0.415785,0.749955,-0.318150,-1.215518,0.067491,1.290155,-1.886122,1.844607,3.713712,-0.607619,0.100698,0.033884,-0.057340,-0.040132,0.282071,0.187789,-0.146277
18.858080,1.193359,-0.538965,0.012232,-0.316602,0.743278,0.987483,-0.518426,0.247500,-0.337024,-0.086281,-0.182099,0.415901,0.750285,-0.318001,-1.215424,0.067522,1.290097,-1.886159,1.844886,3.713903,-0.607763,0.098421,0.032223,-0.057756,-0.040005,0.281086,0.188879,-0.146175
18.859073,1.194780,-0.538894,0.016318,-0.316253,0.745433,0.986830,-0.518139,0.256117,-0.341967,-0.078459,-0.183534,0.415947,0.750577,-0.317885,-1.215327,0.067554,1.290048,-1.886199,1.845171,3.714095,-0.607912,0.098512,0.032283,-0.055690,-0.039793,0.281373,0.188838,-0.146845
18.859986,1.194052,-0.539258,0.013930,-0.315060,0.745024,0.982735,-0.516914,0.264793,-0.346149,-0.070567,-0.185504,0.415964,0.750890,-0.317784,-1.215232,0.067586,1.289986,-1.886239,1.845439,3.714282,-0.608053,0.097267,0.032099,-0.057643,-0.039391,0.277900,0.188709,-0.146827
18.861078,1.192193,-0.539905,0.011653,-0.313430,0.745348,0.982991,-0.516977,0.275294,-0.351125,-0.060885,-0.187828,0.415985,0.751216,-0.317678,-1.215136,0.067618,1.289933,-1.886278,1.845712,3.714478,-0.608205,0.097048,0.032118,-0.056344,-0.039850,0.276890,0.191979,-0.148676
18.862058,1.190897,-0.539366,0.012125,-0.313500,0.743576,0.981398,-0.516542,0.286623,-0.356911,-0.050347,-0.189601,0.415940,0.751567,-0.317560,-1.215038,0.067649,1.289881,-1.886319,1.845986,3.714668,-0.608354,0.097487,0.032327,-0.055256,-0.040717,0.275366,0.190922,-0.147909
18.863139,1.186933,-0.537794,0.010301,-0.314034,0.742728,0.980680,-0.515440,0.296151,-0.362390,-0.041466,-0.190115,0.415750,0.752034,-0.317434,-1.214939,0.067680,1.289826,-1.886357,1.846264,3.714863,-0.608502,0.097558,0.031911,-0.055444,-0.039906,0.275764,0.191702,-0.148180
18.864035,1.189714,-0.539770,0.009174,-0.313235,0.742558,0.979072,-0.516166,0.302256,-0.365905,-0.035854,-0.190231,0.415507,0.752608,-0.317314,-1.214838,0.067710,1.289773,-1.886394,1.846535,3.715058,-0.608655,0.099011,0.031020,-0.054550,-0.038704,0.275415,0.191613,-0.149767
18.864997,1.189759,-0.537889,0.010255,-0.312532,0.742938,0.978758,-0.515355,0.304602,-0.366648,-0.033847,-0.190892,0.415300,0.753249,-0.317208,-1.214744,0.067746,1.289720,-1.886434,1.846803,3.715253,-0.608796,0.097017,0.031810,-0.053899,-0.038747,0.274167,0.192370,-0.147699
18.865996,1.189628,-0.541047,0.005468,-0.313292,0.743629,0.977799,-0.515921,0.306118,-0.366663,-0.032522,-0.191953,0.415064,0.753902,-0.317102,-1.214647,0.067775,1.289664,-1.886472,1.847072,3.715444,-0.608945,0.096442,0.030736,-0.054372,-0.038732,0.272450,0.191863,-0.148741
18.866985,1.185860,-0.541906,0.005574,-0.312114,0.743743,0.974348,-0.514361,0.308733,-0.367316,-0.030009,-0.193386,0.414772,0.754582,-0.316986,-1.214553,0.067808,1.289616,-1.886508,1.847342,3.715636,-0.609089,0.095994,0.032183,-0.051981,-0.037312,0.270469,0.192024,-0.146987
18.867984,1.186181,-0.541154,0.009366,-0.313049,0.745594,0.970057,-0.514112,0.311145,-0.368271,-0.027638,-0.195097,0.414416,0.755402,-0.316869,-1.214453,0.067841,1.289564,-1.886546,1.847606,3.715833,-0.609241,0.097316,0.032444,-0.052047,-0.037797,0.269112,0.194657,-0.149524
18.869051,1.186347,-0.540395,0.002937,-0.311169,0.746893,0.966224,-0.515500,0.313715,-0.369731,-0.025120,-0.197020,0.413999,0.756293,-0.316751,-1.214357,0.067872,1.289507,-1.886578,1.847870,3.716039,-0.609389,0.096605,0.031920,-0.053891,-0.036264,0.266021,0.198072,-0.149390
18.870097,1.189260,-0.543313,0.003374,-0.311402,0.747352,0.963135,-0.514937,0.317474,-0.371452,-0.021485,-0.199520,0.413604,0.757070,-0.316610,-1.214264,0.067902,1.289462,-1.886617,1.848128,3.716242,-0.609527,0.096061,0.031440,-0.050734,-0.037471,0.263660,0.201048,-0.146011
18.871084,1.188904,-0.539188,0.000731,-0.310041,0.745986,0.962521,-0.515366,0.322293,-0.373470,-0.016800,-0.202235,0.413206,0.757689,-0.316431,-1.214174,0.067937,1.289411,-1.886652,1.848386,3.716449,-0.609673,0.094169,0.032748,-0.051019,-0.036577,0.262106,0.203254,-0.146576
18.872059,1.184430,-0.541509,0.003051,-0.308937,0.743676,0.962509,-0.514185,0.328653,-0.376449,-0.010577,-0.204738,0.412762,0.758162,-0.316228,-1.214082,0.067963,1.289362,-1.886692,1.848649,3.716654,-0.609817,0.093870,0.030577,-0.049700,-0.037190,0.262245,0.202955,-0.145106
18.873035,1.186052,-0.540053,0.001746,-0.309404,0.744407,0.961188,-0.515055,0.335252,-0.379673,-0.004095,-0.206525,0.412217,0.758589,-0.316024,-1.213984,0.067998,1.289309,-1.886729,1.848919,3.716853,-0.609966,0.095552,0.031582,-0.050842,-0.037610,0.263243,0.202107,-0.146886
18.873945,1.185726,-0.541831,0.001707,-0.308678,0.743944,0.958962,-0.514991,0.341037,-0.382885,0.001631,-0.207233,0.411537,0.759107,-0.315830,-1.213893,0.068027,1.289259,-1.886762,1.849172,3.717055,-0.610110,0.094224,0.030727,-0.050177,-0.036538,0.261339,0.202566,-0.144513
18.875059,1.187077,-0.541626,0.001751,-0.309114,0.747418,0.956648,-0.513653,0.347303,-0.386841,0.007838,-0.207522,0.410837,0.759703,-0.315640,-1.213799,0.068058,1.289208,-1.886799,1.849424,3.717259,-0.610254,0.093834,0.031478,-0.050106,-0.036568,0.260570,0.203894,-0.144070
18.876032,1.181870,-0.541755,0.003204,-0.307552,0.746676,0.954412,-0.514324,0.355653,-0.392347,0.016055,-0.208058,0.410257,0.760297,-0.315452,-1.213709,0.068086,1.289156,-1.886830,1.849674,3.717469,-0.610402,0.092758,0.031288,-0.050192,-0.035609,0.256135,0.205334,-0.146161
18.877005,1.184094,-0.539153,0.000081,-0.307165,0.748919,0.954420,-0.513422,0.366055,-0.399364,0.026262,-0.208918,0.409860,0.760848,-0.315271,-1.213609,0.068118,1.289103,-1.886867,1.849932,3.717677,-0.610542,0.094807,0.031203,-0.050887,-0.036514,0.255718,0.206661,-0.144202
18.878066,1.186432,-0.544334,0.000280,-0.308099,0.751779,0.955529,-0.513244,0.376012,-0.406146,0.036105,-0.209785,0.409604,0.761375,-0.315099,-1.213519,0.068146,1.289058,-1.886901,1.850176,3.717876,-0.610689,0.093175,0.029790,-0.049357,-0.036258,0.252373,0.205770,-0.145433
18.879058,1.186777,-0.542188,-0.003909,-0.309518,0.751641,0.953310,-0.513702,0.385612,-0.412848,0.045749,-0.210979,0.409505,0.761927,-0.314936,-1.213430,0.068183,1.289008,-1.886932,1.850417,3.718079,-0.610833,0.091600,0.032229,-0.049525,-0.034799,0.248596,0.203802,-0.145180
18.879995,1.183598,-0.544975,-0.001280,-0.305800,0.750723,0.952073,-0.513934,0.396769,-0.420833,0.057021,-0.213659,0.409663,0.762527,-0.314773,-1.213340,0.068210,1.288964,-1.886962,1.850662,3.718280,-0.610972,0.090972,0.031029,-0.047489,-0.032859,0.247714,0.205194,-0.143679
18.881001,1.180857,-0.545551,-0.001719,-0.309614,0.752338,0.950488,-0.514401,0.408476,-0.429797,0.068924,-0.217307,0.409916,0.763193,-0.314601,-1.213246,0.068245,1.288914,-1.887005,1.850906,3.718485,-0.611112,0.092026,0.032258,-0.048815,-0.035770,0.247524,0.205513,-0.142644
18.881993,1.177121,-0.543691,-0.004674,-0.306698,0.751821,0.949249,-0.514299,0.419527,-0.439599,0.080287,-0.220654,0.410014,0.763975,-0.314425,-1.213150,0.068276,1.288867,-1.887028,1.851143,3.718694,-0.611248,0.092874,0.032399,-0.048624,-0.031536,0.244942,0.206201,-0.141145
18.883059,1.175288,-0.543755,-0.003894,-0.306585,0.753913,0.948432,-0.515191,0.427587,-0.448254,0.088735,-0.224165,0.410000,0.764944,-0.314272,-1.213055,0.068305,1.288821,-1.887068,1.851385,3.718899,-0.611388,0.094215,0.031345,-0.047201,-0.033761,0.244460,0.206551,-0.140784
18.884102,1.177431,-0.542809,-0.006291,-0.304471,0.754604,0.946920,-0.515387,0.429642,-0.453332,0.091329,-0.227466,0.409865,0.766165,-0.314165,-1.212958,0.068335,1.288774,-1.887100,1.851622,3.719107,-0.611520,0.094622,0.031287,-0.047693,-0.033304,0.241480,0.206483,-0.138436
18.885049,1.175087,-0.542586,-0.006591,-0.304967,0.754453,0.946060,-0.514749,0.426797,-0.455727,0.089253,-0.229412,0.409533,0.767593,-0.314097,-1.212868,0.068364,1.288729,-1.887139,1.851859,3.719315,-0.611657,0.093101,0.030706,-0.046578,-0.034715,0.239905,0.207119,-0.137489
18.885960,1.176165,-0.539455,-0.006655,-0.306260,0.754775,0.946075,-0.515316,0.421432,-0.456800,0.084846,-0.229834,0.409065,0.769086,-0.314068,-1.212773,0.068394,1.288681,-1.887172,1.852092,3.719518,-0.611796,0.093741,0.030470,-0.046447,-0.033611,0.239067,0.207080,-0.138214
18.887063,1.172623,-0.540260,-0.008120,-0.303685,0.754104,0.946551,-0.514184,0.414607,-0.456153,0.078995,-0.230028,0.408703,0.770485,-0.314076,-1.212681,0.068419,1.288635,-1.887200,1.852324,3.719721,-0.611930,0.092649,0.028804,-0.046426,-0.031817,0.237706,0.206154,-0.136501
18.888066,1.171173,-0.541360,-0.005918,-0.304207,0.756267,0.945624,-0.515475,0.406542,-0.453280,0.071805,-0.230755,0.408594,0.771733,-0.314112,-1.212584,0.068449,1.288589,-1.887237,1.852557,3.719921,-0.612072,0.093970,0.029140,-0.045806,-0.033754,0.237625,0.204855,-0.138212
18.888952,1.173254,-0.541533,-0.006066,-0.304499,0.758341,0.946165,-0.515075,0.397532,-0.449521,0.063666,-0.230722,0.408599,0.772911,-0.314150,-1.212490,0.068478,1.288541,-1.887268,1.852787,3.720127,-0.612200,0.094172,0.029583,-0.046963,-0.032683,0.234550,0.204911,-0.135054
18.890046,1.167222,-0.544797,-0.006764,-0.303129,0.756116,0.946660,-0.515345,0.390178,-0.447157,0.057178,-0.229904,0.408751,0.774003,-0.314160,-1.212403,0.068508,1.288494,-1.887297,1.853011,3.720329,-0.612337,0.092617,0.029511,-0.046853,-0.031858,0.231481,0.203451,-0.135326
18.891013,1.167716,-0.540975,-0.011069,-0.303988,0.755774,0.946994,-0.515234,0.385826,-0.447508,0.053701,-0.228453,0.409069,0.775022,-0.314143,-1.212302,0.068539,1.288446,-1.887330,1.853244,3.720525,-0.612468,0.095149,0.031051,-0.046601,-0.032678,0.232968,0.202161,-0.134231
18.892051,1.168307,-0.541325,-0.004347,-0.303943,0.752123,0.947158,-0.514766,0.381210,-0.448968,0.050086,-0.225780,0.409417,0.776098,-0.314124,-1.212207,0.068563,1.288406,-1.887357,1.853476,3.720724,-0.612603,0.094323,0.029042,-0.044542,-0.031352,0.232341,0.200969,-0.133905
18.893027,1.167990,-0.539362,-0.008590,-0.303914,0.752541,0.947067,-0.514890,0.375789,-0.450089,0.045724,-0.222638,0.409806,0.777133,-0.314100,-1.212115,0.068592,1.288351,-1.887388,1.853718,3.720921,-0.612738,0.093574,0.029145,-0.047938,-0.030877,0.235063,0.199987,-0.134290
18.893965,1.167324,-0.542529,-0.008448,-0.303454,0.749365,0.946321,-0.514270,0.372648,-0.451918,0.043578,-0.219728,0.410248,0.777936,-0.314044,-1.212023,0.068618,1.288309,-1.887416,1.853947,3.721118,-0.612868,0.093235,0.028074,-0.045861,-0.030449,0.233701,0.199236,-0.133492
18.895061,1.168096,-0.538464,-0.010118,-0.303721,0.749009,0.947304,-0.514950,0.371718,-0.454800,0.043631,-0.216715,0.410656,0.778523,-0.313942,-1.211931,0.068650,1.288262,-1.887448,1.854187,3.721318,-0.613004,0.093046,0.029521,-0.045962,-0.030323,0.235832,0.199112,-0.134190
18.895983,1.168615,-0.537341,-0.010717,-0.302119,0.748294,0.949154,-0.514725,0.371812,-0.458361,0.044754,-0.213341,0.410964,0.778960,-0.313813,-1.211841,0.068673,1.288218,-1.887476,1.854417,3.721511,-0.613135,0.092257,0.027442,-0.045267,-0.029597,0.235410,0.197334,-0.132262
18.897022,1.167909,-0.539859,-0.009769,-0.302874,0.746409,0.950272,-0.514669,0.372196,-0.461604,0.046202,-0.209769,0.411194,0.779257,-0.313683,-1.211750,0.068699,1.288173,-1.887509,1.854655,3.721703,-0.613266,0.091471,0.026799,-0.044998,-0.030613,0.235049,0.194646,-0.132189
18.898052,1.168065,-0.535242,-0.012901,-0.303419,0.745599,0.951134,-0.515212,0.373128,-0.464916,0.048253,-0.205732,0.411334,0.779469,-0.313573,-1.211661,0.068732,1.288126,-1.887536,1.854894,3.721892,-0.613398,0.091407,0.027938,-0.045554,-0.029406,0.236023,0.192762,-0.131752
18.898992,1.165927,-0.537749,-0.011035,-0.303553,0.746220,0.952707,-0.514778,0.374745,-0.468589,0.051035,-0.201591,0.411456,0.779631,-0.313484,-1.211570,0.068752,1.288085,-1.887562,1.855133,3.722078,-0.613523,0.090872,0.025592,-0.044101,-0.028450,0.235887,0.191145,-0.130138
18.900028,1.162518,-0.539463,-0.015003,-0.303308,0.744003,0.954265,-0.516322,0.375641,-0.471075,0.053108,-0.198347,0.411751,0.779750,-0.313411,-1.211476,0.068782,1.288038,-1.887589,1.855363,3.722263,-0.613657,0.091410,0.026745,-0.045069,-0.027877,0.234284,0.188781,-0.130474
18.901004,1.167605,-0.536196,-0.015568,-0.303284,0.742718,0.954369,-0.516687,0.374753,-0.472590,0.053471,-0.195557,0.412210,0.779965,-0.313353,-1.211383,0.068810,1.287999,-1.887617,1.855598,3.722441,-0.613776,0.092645,0.027510,-0.043223,-0.027659,0.235643,0.186516,-0.126853
18.902051,1.166872,-0.538489,-0.015588,-0.301143,0.738205,0.956738,-0.516206,0.371790,-0.473716,0.051905,-0.192535,0.412748,0.780335,-0.313293,-1.211298,0.068833,1.287956,-1.887644,1.855836,3.722624,-0.613901,0.089644,0.025815,-0.043043,-0.027238,0.235916,0.185663,-0.125631
18.902989,1.166044,-0.536942,-0.015127,-0.302744,0.736613,0.959306,-0.517530,0.368885,-0.475755,0.050534,-0.188592,0.413240,0.780736,-0.313218,-1.211210,0.068861,1.287912,-1.887675,1.856082,3.722804,-0.614030,0.089640,0.026903,-0.043151,-0.028863,0.239480,0.182559,-0.126077
18.904058,1.165512,-0.535150,-0.018182,-0.302452,0.736182,0.960738,-0.517323,0.367918,-0.480324,0.051217,-0.182938,0.413532,0.781143,-0.313111,-1.211120,0.068885,1.287870,-1.887697,1.856320,3.722974,-0.614143,0.089550,0.026046,-0.043455,-0.026883,0.239982,0.179290,-0.122927
18.904962,1.164284,-0.538069,-0.015019,-0.303498,0.733466,0.961615,-0.517948,0.367423,-0.485693,0.052409,-0.176613,0.413775,0.781572,-0.312961,-1.211031,0.068907,1.287833,-1.887723,1.856560,3.723147,-0.614266,0.089414,0.025143,-0.042120,-0.026794,0.239514,0.177205,-0.122860
18.906058,1.164890,-0.538373,-0.016619,-0.303159,0.732784,0.964639,-0.518304,0.366600,-0.490507,0.053202,-0.170816,0.414140,0.781965,-0.312780,-1.210943,0.068935,1.287786,-1.887746,1.856801,3.723316,-0.614385,0.089314,0.026416,-0.043507,-0.025305,0.240547,0.175367,-0.120992
18.907015,1.160886,-0.534244,-0.016150,-0.303111,0.731262,0.963988,-0.517714,0.367282,-0.496405,0.055373,-0.165606,0.414586,0.782289,-0.312592,-1.210858,0.068961,1.287747,-1.887770,1.857042,3.723479,-0.614501,0.088225,0.026347,-0.042461,-0.025196,0.239251,0.171211,-0.119596
18.907996,1.156274,-0.536544,-0.016143,-0.300785,0.729420,0.965396,-0.517985,0.368711,-0.502492,0.058166,-0.161166,0.415104,0.782531,-0.312427,-1.210767,0.068981,1.287705,-1.887793,1.857279,3.723650,-0.614621,0.089381,0.024105,-0.042410,-0.024782,0.238803,0.170762,-0.120117
18.909003,1.154335,-0.535175,-0.014092,-0.301743,0.729744,0.966634,-0.517348,0.367253,-0.505919,0.058030,-0.156943,0.415610,0.782711,-0.312311,-1.210672,0.069007,1.287664,-1.887824,1.857520,3.723813,-0.614737,0.090778,0.025060,-0.042141,-0.026485,0.238648,0.168239,-0.118888
18.910119,1.157938,-0.534640,-0.017117,-0.302179,0.727493,0.969524,-0.518314,0.361995,-0.506681,0.054128,-0.151957,0.415978,0.782895,-0.312250,-1.210581,0.069028,1.287619,-1.887846,1.857751,3.723977,-0.614857,0.090864,0.024197,-0.042868,-0.025079,0.236401,0.165898,-0.119492
18.910996,1.151551,-0.532408,-0.014282,-0.300768,0.725143,0.970670,-0.518784,0.355150,-0.505864,0.048579,-0.147034,0.416334,0.783042,-0.312215,-1.210500,0.069050,1.287582,-1.887867,1.857990,3.724127,-0.614971,0.088316,0.023762,-0.041133,-0.024251,0.236755,0.161959,-0.116843
18.911968,1.150479,-0.537357,-0.011986,-0.301714,0.719947,0.972589,-0.519298,0.347885,-0.503531,0.042452,-0.142912,0.416777,0.783093,-0.312170,-1.210405,0.069066,1.287537,-1.887895,1.858228,3.724282,-0.615080,0.090618,0.022517,-0.042244,-0.025098,0.237081,0.159802,-0.115293
18.913008,1.148959,-0.532709,-0.013388,-0.302372,0.718143,0.973393,-0.519866,0.340834,-0.500879,0.036402,-0.138687,0.417161,0.783078,-0.312088,-1.210314,0.069096,1.287492,-1.887917,1.858475,3.724434,-0.615191,0.090262,0.024763,-0.043067,-0.023719,0.240238,0.156847,-0.113620
18.914088,1.149010,-0.530309,-0.012205,-0.301275,0.717119,0.976192,-0.518762,0.335267,-0.499205,0.031701,-0.134352,0.417448,0.782980,-0.311958,-1.210226,0.069114,1.287455,-1.887936,1.858712,3.724580,-0.615301,0.090202,0.022262,-0.042132,-0.022706,0.240069,0.155056,-0.111828
18.915010,1.149517,-0.531370,-0.010609,-0.301251,0.714133,0.976486,-0.519225,0.330412,-0.496753,0.027563,-0.130917,0.417804,0.782717,-0.311775,-1.210139,0.069130,1.287411,-1.887961,1.858954,3.724723,-0.615415,0.089371,0.020973,-0.042458,-0.023334,0.239113,0.151249,-0.113388
18.916012,1.143713,-0.529104,-0.013621,-0.300894,0.711994,0.978371,-0.518594,0.326861,-0.493419,0.024582,-0.128320,0.418285,0.782237,-0.311538,-1.210052,0.069151,1.287368,-1.887982,1.859195,3.724868,-0.615525,0.088285,0.021355,-0.042942,-0.022937,0.240091,0.150002,-0.111805
18.917024,1.145162,-0.529124,-0.011288,-0.301539,0.710198,0.981192,-0.519202,0.324475,-0.489833,0.022682,-0.125964,0.418832,0.781609,-0.311261,-1.209958,0.069170,1.287330,-1.888006,1.859435,3.725007,-0.615636,0.090311,0.020065,-0.041187,-0.022822,0.240226,0.147148,-0.112435
18.918012,1.142130,-0.531426,-0.013196,-0.301178,0.707515,0.981161,-0.518971,0.320722,-0.484589,0.019410,-0.123980,0.419485,0.780968,-0.310976,-1.209872,0.069189,1.287287,-1.888025,1.859675,3.725143,-0.615742,0.088750,0.019951,-0.042087,-0.021806,0.240046,0.143382,-0.110559
18.919014,1.144162,-0.526945,-0.011971,-0.301085,0.705659,0.981976,-0.518907,0.312898,-0.473767,0.012540,-0.121099,0.421057,0.779856,-0.310459,-1.209698,0.069225,1.287206,-1.888068,1.860159,3.725414,-0.615960,0.087613,0.018576,-0.041222,-0.021441,0.240561,0.140757,-0.109879
18.920024,1.139589,-0.527623,-0.011190,-0.302018,0.701883,0.983835,-0.519302,0.312898,-0.473767,0.012540,-0.121099,0.421057,0.779856,-0.310459,-1.209698,0.069225,1.287206,-1.888068,1.860159,3.725414,-0.615960,0.087613,0.018576,-0.041222,-0.021441,0.240561,0.140757,-0.109879
18.921020,1.142205,-0.526032,-0.013971,-0.301599,0.699313,0.985553,-0.519484,0.310121,-0.468743,0.010105,-0.120482,0.421973,0.779272,-0.310260,-1.209606,0.069244,1.287164,-1.888086,1.860403,3.725547,-0.616066,0.089065,0.018808,-0.041336,-0.020175,0.242333,0.137973,-0.108446
18.922052,1.138447,-0.524507,-0.010889,-0.302609,0.696206,0.984752,-0.520123,0.307496,-0.463254,0.007655,-0.120850,0.422988,0.778656,-0.310124,-1.209524,0.069260,1.287129,-1.888104,1.860648,3.725671,-0.616171,0.086965,0.017894,-0.039721,-0.020281,0.242853,0.135393,-0.107461
18.923065,1.139779,-0.526382,-0.010114,-0.302898,0.691465,0.986966,-0.520019,0.304767,-0.457253,0.004935,-0.122176,0.424056,0.778014,-0.310070,-1.209433,0.069276,1.287085,-1.888119,1.860896,3.725806,-0.616274,0.088008,0.017030,-0.041002,-0.019007,0.243914,0.135286,-0.105550
18.923943,1.138384,-0.521715,-0.010535,-0.302265,0.688970,0.987593,-0.520717,0.303478,-0.451882,0.003429,-0.124476,0.425138,0.777294,-0.310097,-1.209349,0.069296,1.287046,-1.888135,1.861149,3.725933,-0.616380,0.086550,0.017836,-0.041134,-0.018438,0.246559,0.132163,-0.105137
18.924987,1.138603,-0.520980,-0.010361,-0.301443,0.684507,0.987359,-0.520514,0.304635,-0.448205,0.004151,-0.127336,0.426167,0.776492,-0.310176,-1.209264,0.069306,1.287007,-1.888154,1.861398,3.726060,-0.616477,0.086432,0.015421,-0.040650,-0.018718,0.246904,0.130686,-0.103159
18.925981,1.135033,-0.522650,-0.010605,-0.303194,0.681869,0.989288,-0.520029,0.306873,-0.445134,0.005816,-0.130135,0.427097,0.775581,-0.310279,-1.209182,0.069320,1.286966,-1.888174,1.861653,3.726188,-0.616580,0.085568,0.014999,-0.040488,-0.019173,0.249266,0.130037,-0.102952
18.926949,1.132386,-0.518928,-0.008817,-0.304307,0.677742,0.989761,-0.520812,0.309055,-0.442147,0.007325,-0.132592,0.427921,0.774586,-0.310397,-1.209092,0.069337,1.286927,-1.888186,1.861906,3.726310,-0.616683,0.086520,0.015731,-0.040118,-0.017200,0.249767,0.127238,-0.103310
18.928077,1.133445,-0.515888,-0.008452,-0.306268,0.674647,0.991140,-0.520232,0.310333,-0.438710,0.007785,-0.135559,0.428763,0.773587,-0.310532,-1.209002,0.069346,1.286885,-1.888198,1.862163,3.726434,-0.616777,0.086985,0.013818,-0.040730,-0.015910,0.251736,0.125921,-0.101143
18.928971,1.134446,-0.516364,-0.007898,-0.305882,0.673968,0.991793,-0.521461,0.310190,-0.433041,0.006576,-0.140715,0.429858,0.772530,-0.310689,-1.208920,0.069357,1.286844,-1.888208,1.862421,3.726550,-0.616881,0.085713,0.012271,-0.040674,-0.013825,0.252706,0.123701,-0.101679
18.929993,1.125938,-0.514806,-0.007314,-0.305143,0.670403,0.992294,-0.521162,0.310424,-0.425546,0.005443,-0.148671,0.431300,0.771316,-0.310864,-1.208838,0.069370,1.286805,-1.888220,1.862669,3.726667,-0.616970,0.084424,0.012451,-0.040684,-0.014017,0.251249,0.122247,-0.098644
18.931088,1.125190,-0.515956,-0.003753,-0.303990,0.669090,0.993742,-0.521837,0.311025,-0.417384,0.004487,-0.157884,0.432889,0.770011,-0.311052,-1.208743,0.069379,1.286762,-1.888237,1.862925,3.726785,-0.617069,0.087824,0.011645,-0.040690,-0.014461,0.252705,0.120918,-0.098668
18.931983,1.124682,-0.515356,-0.000173,-0.306250,0.664635,0.994435,-0.521117,0.310077,-0.409014,0.001991,-0.165976,0.434282,0.768757,-0.311257,-1.208658,0.069392,1.286717,-1.888252,1.863176,3.726897,-0.617161,0.087387,0.012164,-0.042185,-0.015374,0.251938,0.118663,-0.096703
18.932936,1.127738,-0.511493,-0.003513,-0.307819,0.661096,0.996483,-0.521299,0.310191,-0.402838,0.000597,-0.172228,0.435326,0.767533,-0.311479,-1.208573,0.069403,1.286671,-1.888260,1.863437,3.727013,-0.617261,0.086825,0.011811,-0.043631,-0.012988,0.254179,0.117175,-0.097584
18.934032,1.119244,-0.511944,-0.002140,-0.309339,0.661836,0.997037,-0.522413,0.314303,-0.399510,0.003099,-0.178424,0.436181,0.766191,-0.311728,-1.208494,0.069409,1.286634,-1.888267,1.863695,3.727123,-0.617356,0.084546,0.009877,-0.041688,-0.011345,0.255524,0.114342,-0.096627
18.935037,1.120019,-0.510954,-0.000745,-0.307638,0.659648,0.997048,-0.521353,0.319658,-0.395700,0.006647,-0.186500,0.437076,0.764743,-0.312019,-1.208401,0.069418,1.286590,-1.888275,1.863940,3.727229,-0.617444,0.087977,0.010103,-0.042125,-0.009758,0.252746,0.113037,-0.093801
18.935989,1.118262,-0.510069,-0.001100,-0.308357,0.661122,0.997918,-0.522187,0.323251,-0.389807,0.008314,-0.195947,0.437945,0.763320,-0.312361,-1.208316,0.069427,1.286547,-1.888289,1.864190,3.727339,-0.617541,0.086752,0.009581,-0.042532,-0.011242,0.252879,0.112251,-0.095367
18.937098,1.117104,-0.511168,-0.001282,-0.308901,0.660954,0.997916,-0.521244,0.325771,-0.383232,0.008931,-0.205091,0.438568,0.761947,-0.312742,-1.208229,0.069435,1.286505,-1.888298,1.864430,3.727443,-0.617631,0.086816,0.009130,-0.042057,-0.010375,0.249361,0.110635,-0.093105
18.937948,1.115715,-0.509378,0.000941,-0.308730,0.661279,0.998694,-0.521978,0.328236,-0.376946,0.009557,-0.213518,0.438927,0.760620,-0.313135,-1.208142,0.069444,1.286463,-1.888307,1.864675,3.727550,-0.617725,0.086607,0.009683,-0.041716,-0.009746,0.247551,0.109876,-0.094423
18.939003,1.114507,-0.509850,0.006756,-0.309925,0.661178,1.000629,-0.521569,0.331278,-0.371463,0.010791,-0.221311,0.439092,0.759328,-0.313521,-1.208056,0.069452,1.286419,-1.888317,1.864917,3.727656,-0.617813,0.086464,0.008750,-0.042497,-0.009760,0.245151,0.108351,-0.092393
18.940047,1.112146,-0.507240,0.001588,-0.308864,0.661840,1.001748,-0.521471,0.337207,-0.368204,0.014885,-0.228464,0.439123,0.757989,-0.313874,-1.207971,0.069459,1.286368,-1.888323,1.865153,3.727753,-0.617905,0.086280,0.009007,-0.045052,-0.008531,0.243335,0.105698,-0.092645
18.941005,1.111544,-0.502006,0.002954,-0.308742,0.662149,1.003327,-0.522370,0.346107,-0.367144,0.021951,-0.234961,0.439067,0.756606,-0.314181,-1.207881,0.069464,1.286331,-1.888333,1.865386,3.727853,-0.617997,0.086630,0.007719,-0.042197,-0.009469,0.240766,0.103863,-0.092253
18.941963,1.110200,-0.503322,0.003804,-0.310103,0.660583,1.003972,-0.521890,0.353486,-0.364804,0.027635,-0.240619,0.438946,0.755256,-0.314439,-1.207797,0.069464,1.286286,-1.888341,1.865621,3.727948,-0.618083,0.086134,0.005167,-0.042595,-0.009484,0.238499,0.101597,-0.089890
18.943115,1.111824,-0.505310,0.002800,-0.310943,0.658919,1.004206,-0.521934,0.357555,-0.359286,0.030174,-0.245802,0.438822,0.753935,-0.314658,-1.207713,0.069472,1.286244,-1.888348,1.865852,3.728045,-0.618173,0.086019,0.005849,-0.042721,-0.008043,0.238173,0.100265,-0.090318
18.943989,1.109290,-0.505289,0.002176,-0.311626,0.662284,1.003400,-0.522280,0.361216,-0.353227,0.032424,-0.250783,0.438666,0.752644,-0.314862,-1.207633,0.069482,1.286203,-1.888353,1.866090,3.728145,-0.618260,0.084493,0.006832,-0.041979,-0.007205,0.237929,0.099302,-0.089634
18.944986,1.109983,-0.502968,0.002402,-0.313718,0.662808,1.002575,-0.522349,0.366265,-0.348968,0.036172,-0.255500,0.438417,0.751438,-0.315063,-1.207549,0.069487,1.286162,-1.888358,1.866312,3.728241,-0.618346,0.084975,0.006819,-0.041372,-0.006506,0.232657,0.099441,-0.088414
18.946075,1.108368,-0.499747,0.003588,-0.311525,0.663233,1.004466,-0.520920,0.372034,-0.345639,0.040664,-0.260855,0.438230,0.750299,-0.315263,-1.207469,0.069491,1.286119,-1.888360,1.866538,3.728339,-0.618433,0.083880,0.005696,-0.041201,-0.004446,0.230319,0.099556,-0.087725
18.947087,1.106754,-0.503292,0.004870,-0.312940,0.664253,1.004391,-0.521368,0.377594,-0.341696,0.044901,-0.267327,0.438213,0.749169,-0.315473,-1.207386,0.069492,1.286076,-1.888373,1.866764,3.728435,-0.618530,0.083945,0.004156,-0.041529,-0.006491,0.228084,0.096937,-0.089999
18.948021,1.107828,-0.501124,0.005241,-0.312889,0.663752,1.004355,-0.522337,0.383094,-0.337933,0.049104,-0.273606,0.438203,0.748099,-0.315700,-1.207302,0.069502,1.286033,-1.888375,1.866980,3.728530,-0.618616,0.083983,0.005940,-0.041886,-0.005081,0.225318,0.096337,-0.088512
18.949027,1.107234,-0.499861,0.003596,-0.313985,0.665208,1.003542,-0.521529,0.389862,-0.336364,0.054653,-0.278888,0.438085,0.747133,-0.315933,-1.207222,0.069504,1.285989,-1.888381,1.867200,3.728624,-0.618698,0.082686,0.004883,-0.041744,-0.005105,0.224019,0.095702,-0.086045
18.950019,1.107574,-0.498874,0.005792,-0.313170,0.666089,1.003601,-0.521739,0.397913,-0.336666,0.061558,-0.283675,0.437934,0.746214,-0.316172,-1.207143,0.069507,1.285950,-1.888383,1.867412,3.728717,-0.618785,0.082267,0.004303,-0.040668,-0.004046,0.220835,0.095847,-0.087138
18.951050,1.106685,-0.496719,0.008412,-0.312708,0.667277,1.004638,-0.521566,0.406337,-0.337627,0.068897,-0.288276,0.437834,0.745298,-0.316423,-1.207064,0.069511,1.285908,-1.888389,1.867621,3.728810,-0.618869,0.081368,0.003859,-0.041508,-0.004830,0.218274,0.095102,-0.086157
18.952113,1.104695,-0.495494,0.007835,-0.313161,0.666775,1.005170,-0.520117,0.415883,-0.339826,0.077436,-0.292121,0.437744,0.744373,-0.316671,-1.206984,0.069512,1.285863,-1.888395,1.867829,3.728902,-0.618956,0.081093,0.002851,-0.042513,-0.005266,0.215437,0.093381,-0.085951
18.952980,1.102127,-0.499255,0.007596,-0.313111,0.667204,1.006551,-0.521160,0.426294,-0.343138,0.086971,-0.294793,0.437625,0.743466,-0.316912,-1.206904,0.069513,1.285824,-1.888398,1.868037,3.728992,-0.619046,0.081373,0.002319,-0.041978,-0.004826,0.214315,0.092192,-0.088293
18.953949,1.105411,-0.498466,0.005632,-0.314156,0.665558,1.006758,-0.518958,0.435748,-0.347054,0.095791,-0.296086,0.437430,0.742704,-0.317163,-1.206820,0.069520,1.285784,-1.888402,1.868241,3.729077,-0.619126,0.081854,0.004217,-0.041569,-0.004884,0.212186,0.090184,-0.085659
18.955071,1.104228,-0.497959,0.006808,-0.315065,0.668679,1.008116,-0.519631,0.444201,-0.352598,0.103939,-0.295799,0.437073,0.742177,-0.317447,-1.206747,0.069521,1.285745,-1.888405,1.868450,3.729162,-0.619223,0.079525,0.003871,-0.040337,-0.003854,0.212170,0.089365,-0.089538
18.956090,1.100108,-0.498815,0.006329,-0.310810,0.671712,1.008798,-0.519390,0.452903,-0.360064,0.112594,-0.294844,0.436636,0.741803,-0.317775,-1.206668,0.069523,1.285703,-1.888405,1.868649,3.729244,-0.619306,0.079453,0.003705,-0.040690,-0.003064,0.207469,0.087375,-0.087570
18.956965,1.098279,-0.495674,0.009236,-0.311270,0.671631,1.009320,-0.518270,0.461197,-0.368807,0.121110,-0.292811,0.436103,0.741587,-0.318137,-1.206585,0.069527,1.285664,-1.888420,1.868843,3.729327,-0.619392,0.080761,0.004175,-0.040194,-0.007118,0.202919,0.086082,-0.087515
18.958097,1.097515,-0.496826,0.005825,-0.314859,0.672896,1.009709,-0.518215,0.467258,-0.378145,0.127791,-0.287808,0.435272,0.741622,-0.318530,-1.206503,0.069526,1.285619,-1.888425,1.869037,3.729406,-0.619484,0.080882,0.002676,-0.041331,-0.006582,0.201450,0.084980,-0.089224
18.959071,1.097819,-0.495153,0.009274,-0.313324,0.675288,1.009133,-0.516808,0.470558,-0.386322,0.131971,-0.281310,0.434335,0.741874,-0.318968,-1.206421,0.069530,1.285583,-1.888420,1.869228,3.729489,-0.619571,0.080533,0.003325,-0.039414,-0.003181,0.198734,0.083959,-0.088730
18.959972,1.093234,-0.493156,0.008202,-0.314128,0.676514,1.011063,-0.517119,0.472346,-0.392521,0.134643,-0.275967,0.433611,0.742246,-0.319454,-1.206345,0.069532,1.285539,-1.888427,1.869415,3.729573,-0.619672,0.079681,0.002533,-0.040857,-0.004703,0.194859,0.083927,-0.090964
18.960984,1.091952,-0.492068,0.011203,-0.315113,0.678635,1.011099,-0.516328,0.473391,-0.396886,0.136491,-0.271850,0.433082,0.742683,-0.319980,-1.206260,0.069531,1.285502,-1.888430,1.869600,3.729652,-0.619759,0.081186,0.001624,-0.040063,-0.003902,0.192171,0.081396,-0.089778
18.961946,1.088773,-0.491737,0.014115,-0.315146,0.684070,1.011359,-0.515998,0.472864,-0.398533,0.136630,-0.268951,0.432726,0.743166,-0.320539,-1.206178,0.069531,1.285458,-1.888432,1.869780,3.729730,-0.619852,0.081057,0.001171,-0.041279,-0.002982,0.188656,0.080791,-0.090799
18.962969,1.088822,-0.492388,0.012922,-0.312749,0.687296,1.011487,-0.515165,0.471791,-0.397928,0.135993,-0.267717,0.432606,0.743617,-0.321127,-1.206096,0.069533,1.285413,-1.888435,1.869945,3.729807,-0.619942,0.081881,0.001072,-0.042410,-0.002975,0.181941,0.079954,-0.090887
18.964069,1.087348,-0.491458,0.013334,-0.315037,0.690575,1.011872,-0.514026,0.471932,-0.397194,0.136426,-0.266957,0.432599,0.743994,-0.321724,-1.206015,0.069535,1.285373,-1.888444,1.870112,3.729884,-0.620037,0.081110,0.001467,-0.041552,-0.005287,0.177488,0.079241,-0.091972
18.964958,1.084240,-0.490768,0.010699,-0.314161,0.690836,1.013340,-0.514071,0.473374,-0.397395,0.138189,-0.265501,0.432569,0.744317,-0.322307,-1.205935,0.069536,1.285333,-1.888443,1.870277,3.729961,-0.620133,0.081140,0.001082,-0.041528,-0.003091,0.173008,0.078258,-0.093647
18.966038,1.081327,-0.492840,0.009196,-0.314204,0.693872,1.013489,-0.513254,0.474395,-0.397278,0.139626,-0.263835,0.432587,0.744629,-0.322861,-1.205850,0.069536,1.285294,-1.888450,1.870444,3.730031,-0.620225,0.081889,0.000813,-0.039929,-0.003913,0.171479,0.076256,-0.092981
18.967130,1.077113,-0.493142,0.016901,-0.314510,0.694730,1.014719,-0.512328,0.472216,-0.395511,0.138059,-0.261715,0.432613,0.745078,-0.323370,-1.205766,0.069540,1.285256,-1.888456,1.870600,3.730108,-0.620320,0.082575,0.001912,-0.038966,-0.003841,0.167296,0.075534,-0.094025
18.968064,1.080760,-0.494360,0.014961,-0.313772,0.693479,1.015243,-0.511395,0.467726,-0.393656,0.134397,-0.258364,0.432547,0.745732,-0.323827,-1.205679,0.069542,1.285205,-1.888460,1.870760,3.730179,-0.620419,0.083901,0.002130,-0.042507,-0.003542,0.165313,0.073736,-0.095258
18.969001,1.077776,-0.493106,0.014829,-0.314179,0.695805,1.015401,-0.510471,0.465603,-0.395199,0.133236,-0.253418,0.432331,0.746484,-0.324226,-1.205603,0.069546,1.285169,-1.888464,1.870925,3.730250,-0.620519,0.081333,0.002776,-0.041257,-0.004285,0.165319,0.072681,-0.096535
18.970023,1.077000,-0.490990,0.014742,-0.314030,0.696945,1.016397,-0.510964,0.467658,-0.401247,0.136383,-0.246750,0.431932,0.747240,-0.324560,-1.205519,0.069547,1.285125,-1.888466,1.871080,3.730322,-0.620622,0.082065,0.002210,-0.040890,-0.003920,0.161795,0.071988,-0.097775
18.971104,1.072942,-0.490988,0.014474,-0.313022,0.699573,1.016799,-0.509380,0.471348,-0.409157,0.141275,-0.239187,0.431484,0.747986,-0.324821,-1.205439,0.069547,1.285086,-1.888471,1.871230,3.730389,-0.620713,0.081717,0.001233,-0.040607,-0.004049,0.159586,0.070459,-0.096184
18.972106,1.072483,-0.491929,0.018309,-0.314800,0.699909,1.016773,-0.508800,0.473790,-0.416331,0.145008,-0.231216,0.431078,0.748769,-0.325023,-1.205353,0.069548,1.285046,-1.888477,1.871376,3.730456,-0.620822,0.082979,0.001329,-0.040234,-0.005039,0.155929,0.069533,-0.098736
18.972992,1.073628,-0.496473,0.012584,-0.315001,0.701304,1.016928,-0.508314,0.475000,-0.422913,0.147556,-0.222923,0.430708,0.749622,-0.325198,-1.205273,0.069550,1.285000,-1.888476,1.871528,3.730524,-0.620921,0.082456,0.001863,-0.041849,-0.003348,0.154517,0.069038,-0.099268
18.973960,1.069959,-0.495882,0.016818,-0.314526,0.704292,1.016691,-0.508762,0.477394,-0.431067,0.151245,-0.214813,0.430357,0.750545,-0.325356,-1.205193,0.069559,1.284967,-1.888480,1.871671,3.730594,-0.621021,0.081119,0.004126,-0.038745,-0.003165,0.152043,0.068354,-0.099656
18.975108,1.070253,-0.493273,0.019479,-0.315397,0.705449,1.016701,-0.509001,0.481823,-0.442179,0.156913,-0.206760,0.429925,0.751575,-0.325492,-1.205109,0.069562,1.284922,-1.888484,1.871813,3.730662,-0.621116,0.082186,0.003853,-0.040591,-0.003650,0.148023,0.068071,-0.098161
18.976022,1.062082,-0.495115,0.019755,-0.313935,0.707826,1.017526,-0.507600,0.488368,-0.455631,0.164567,-0.198934,0.429405,0.752622,-0.325596,-1.205030,0.069563,1.284879,-1.888486,1.871951,3.730726,-0.621212,0.081331,0.002626,-0.041645,-0.002845,0.145978,0.067543,-0.097066
18.976966,1.062276,-0.493476,0.018599,-0.315520,0.708527,1.017616,-0.507700,0.495852,-0.469707,0.172997,-0.191572,0.428823,0.753630,-0.325680,-1.204939,0.069568,1.284839,-1.888493,1.872086,3.730792,-0.621316,0.084578,0.003587,-0.041501,-0.004249,0.142611,0.066205,-0.099297
18.978064,1.061801,-0.494543,0.018965,-0.313942,0.709713,1.017519,-0.506178,0.500833,-0.482328,0.178883,-0.184352,0.428142,0.754726,-0.325781,-1.204857,0.069569,1.284799,-1.888491,1.872224,3.730857,-0.621412,0.083671,0.002819,-0.040645,-0.002781,0.140938,0.065619,-0.098487
18.979052,1.055496,-0.491091,0.020026,-0.315846,0.712454,1.017423,-0.505783,0.502756,-0.493078,0.181736,-0.177288,0.427376,0.755907,-0.325906,-1.204773,0.069573,1.284759,-1.888497,1.872355,3.730922,-0.621516,0.083157,0.003424,-0.040608,-0.004345,0.138892,0.065202,-0.100920
18.979949,1.054707,-0.490303,0.017397,-0.314191,0.713128,1.017539,-0.505033,0.502117,-0.501740,0.182036,-0.170692,0.426598,0.757078,-0.326043,-1.204682,0.069570,1.284718,-1.888497,1.872482,3.730984,-0.621618,0.085465,0.001795,-0.040873,-0.002528,0.135272,0.064808,-0.101073
18.981016,1.056397,-0.489300,0.024903,-0.314589,0.716641,1.018588,-0.504366,0.496755,-0.506067,0.177630,-0.165100,0.425923,0.758204,-0.326197,-1.204598,0.069573,1.284680,-1.888506,1.872608,3.731046,-0.621720,0.085028,0.001457,-0.039288,-0.004090,0.133726,0.064213,-0.101989
18.981961,1.055050,-0.487781,0.021974,-0.315021,0.716548,1.017446,-0.504498,0.488797,-0.507269,0.170650,-0.160291,0.425360,0.759203,-0.326368,-1.204516,0.069573,1.284632,-1.888507,1.872729,3.731105,-0.621825,0.083427,0.001051,-0.042749,-0.003741,0.129419,0.062674,-0.102681
18.982973,1.053532,-0.488137,0.023458,-0.315668,0.716607,1.018352,-0.503222,0.483488,-0.508727,0.166262,-0.156178,0.424945,0.759943,-0.326553,-1.204433,0.069573,1.284595,-1.888511,1.872857,3.731171,-0.621922,0.083339,0.000364,-0.041002,-0.003328,0.128655,0.063328,-0.101815
18.984096,1.050997,-0.487481,0.021635,-0.316896,0.717536,1.018144,-0.503672,0.481023,-0.510439,0.164629,-0.153139,0.424768,0.760450,-0.326766,-1.204351,0.069574,1.284553,-1.888512,1.872983,3.731226,-0.622031,0.083348,0.000630,-0.041491,-0.002744,0.127758,0.061955,-0.103751
18.985005,1.048717,-0.489265,0.023739,-0.316015,0.715585,1.018393,-0.503735,0.479264,-0.511327,0.163635,-0.151313,0.424871,0.760870,-0.327007,-1.204265,0.069577,1.284514,-1.888510,1.873107,3.731288,-0.622132,0.083845,0.000366,-0.040350,-0.001682,0.126040,0.061667,-0.102180
18.985974,1.044717,-0.485438,0.021198,-0.315385,0.714595,1.017224,-0.503789,0.477329,-0.511571,0.162437,-0.150211,0.425181,0.761333,-0.327254,-1.204181,0.069579,1.284471,-1.888512,1.873233,3.731351,-0.622235,0.084174,0.001317,-0.041110,-0.002623,0.127132,0.060926,-0.101460
18.987092,1.043283,-0.487375,0.022022,-0.317037,0.713737,1.017876,-0.503709,0.473860,-0.511089,0.159772,-0.148442,0.425468,0.761898,-0.327499,-1.204092,0.069576,1.284435,-1.888516,1.873359,3.731414,-0.622336,0.085341,-0.000498,-0.039598,-0.003252,0.127258,0.061618,-0.100750
18.988017,1.043373,-0.484159,0.022974,-0.318428,0.715368,1.018488,-0.502651,0.467161,-0.508633,0.153962,-0.145738,0.425652,0.762538,-0.327747,-1.204007,0.069580,1.284394,-1.888516,1.873486,3.731473,-0.622437,0.085281,0.000550,-0.039791,-0.001708,0.127306,0.060462,-0.100278
18.989011,1.040765,-0.486392,0.025370,-0.318823,0.715248,1.018883,-0.502908,0.458666,-0.504282,0.146269,-0.143589,0.425916,0.763145,-0.327992,-1.203925,0.069575,1.284351,-1.888513,1.873606,3.731527,-0.622539,0.084455,-0.000941,-0.039955,-0.000485,0.124832,0.059415,-0.101813
18.989994,1.041429,-0.486540,0.025164,-0.318847,0.715303,1.019764,-0.502009,0.451543,-0.499573,0.139695,-0.143113,0.426407,0.763602,-0.328222,-1.203838,0.069577,1.284309,-1.888513,1.873726,3.731583,-0.622633,0.084952,0.000270,-0.040879,-0.000193,0.124176,0.058570,-0.100689
18.990951,1.036758,-0.487856,0.027863,-0.319698,0.716536,1.020432,-0.502366,0.447936,-0.496656,0.136381,-0.143687,0.427024,0.763902,-0.328426,-1.203756,0.069577,1.284269,-1.888513,1.873845,3.731638,-0.622736,0.083843,0.000415,-0.040504,-0.000270,0.123333,0.057236,-0.101897
18.992090,1.037152,-0.485020,0.027066,-0.320421,0.715323,1.020077,-0.501729,0.448491,-0.496927,0.137030,-0.144418,0.427638,0.764120,-0.328609,-1.203667,0.069580,1.284225,-1.888511,1.873962,3.731695,-0.622832,0.085356,0.001123,-0.041563,0.000449,0.121314,0.056117,-0.100573
18.992971,1.031823,-0.485847,0.024476,-0.320303,0.716346,1.019432,-0.502071,0.451937,-0.499357,0.140402,-0.145450,0.428285,0.764286,-0.328781,-1.203584,0.069577,1.284185,-1.888509,1.874085,3.731751,-0.622937,0.084397,-0.000177,-0.040925,0.001004,0.121793,0.056012,-0.101213
18.994019,1.029840,-0.485108,0.021681,-0.319512,0.716912,1.019017,-0.501984,0.455014,-0.501316,0.143343,-0.146977,0.428997,0.764430,-0.328968,-1.203495,0.069577,1.284148,-1.888509,1.874203,3.731806,-0.623036,0.086226,0.000331,-0.039365,0.000788,0.119936,0.056225,-0.099930
18.995069,1.029898,-0.486314,0.024005,-0.321764,0.717244,1.017908,-0.501892,0.453444,-0.500428,0.141783,-0.148242,0.429683,0.764672,-0.329194,-1.203408,0.069577,1.284114,-1.888511,1.874317,3.731864,-0.623132,0.086397,0.000054,-0.037798,-0.000075,0.118664,0.056169,-0.099513
18.996114,1.027780,-0.483158,0.022909,-0.322051,0.716912,1.017129,-0.502108,0.447230,-0.497056,0.135768,-0.149013,0.430333,0.765032,-0.329459,-1.203325,0.069578,1.284073,-1.888507,1.874434,3.731920,-0.623232,0.085591,0.000736,-0.038734,0.001997,0.117601,0.056821,-0.099079
18.997064,1.029919,-0.484250,0.024319,-0.321837,0.715940,1.018035,-0.501464,0.439575,-0.492536,0.128326,-0.150418,0.431119,0.765368,-0.329741,-1.203237,0.069573,1.284034,-1.888505,1.874550,3.731978,-0.623329,0.085849,-0.000709,-0.037940,0.002120,0.117209,0.057128,-0.098038
18.998036,1.028461,-0.484114,0.025303,-0.322207,0.716473,1.018823,-0.502523,0.428632,-0.485005,0.117641,-0.154972,0.433111,0.765701,-0.330230,-1.203072,0.069574,1.283956,-1.888501,1.874781,3.732083,-0.623519,0.083962,-0.000060,-0.038637,0.001982,0.116120,0.054563,-0.096035
18.999038,1.024553,-0.483801,0.023074,-0.321174,0.718740,1.019105,-0.503761,0.428632,-0.485005,0.117641,-0.154972,0.433111,0.765701,-0.330230,-1.203072,0.069574,1.283956,-1.888501,1.874781,3.732083,-0.623519,0.083962,-0.000060,-0.038637,0.001982,0.116120,0.054563,-0.096035
18.999960,1.027328,-0.483891,0.024514,-0.321853,0.719357,1.017609,-0.504030,0.427266,-0.484606,0.116366,-0.156562,0.434100,0.765834,-0.330373,-1.202984,0.069574,1.283921,-1.888503,1.874890,3.732137,-0.623606,0.085105,-0.000128,-0.037312,0.000879,0.113156,0.053841,-0.092997
19.001010,1.027711,-0.483760,0.022478,-0.322548,0.719377,1.016281,-0.504813,0.426484,-0.485435,0.115711,-0.157263,0.435030,0.766058,-0.330431,-1.202905,0.069574,1.283881,-1.888501,1.874999,3.732191,-0.623692,0.082940,-0.000001,-0.037774,0.001425,0.111847,0.054923,-0.091943
19.002007,1.028656,-0.480891,0.021391,-0.323577,0.719760,1.015380,-0.503441,0.427797,-0.488058,0.117107,-0.157673,0.435952,0.766262,-0.330425,-1.202824,0.069574,1.283848,-1.888501,1.875110,3.732249,-0.623779,0.082025,0.000027,-0.036588,0.002017,0.111159,0.055777,-0.089801
19.003068,1.021973,-0.482196,0.021865,-0.320282,0.718229,1.015067,-0.504668,0.431555,-0.491711,0.120768,-0.158938,0.436974,0.766330,-0.330381,-1.202745,0.069572,1.283813,-1.888496,1.875218,3.732305,-0.623875,0.080829,-0.001306,-0.035854,0.002827,0.110105,0.056218,-0.092001
19.004010,1.019843,-0.481189,0.021015,-0.322189,0.719841,1.014749,-0.504302,0.435040,-0.494710,0.124004,-0.160395,0.437979,0.766319,-0.330313,-1.202657,0.069574,1.283778,-1.888502,1.875330,3.732359,-0.623957,0.083396,-0.000565,-0.035910,-0.000478,0.110969,0.056075,-0.088946
19.005030,1.020020,-0.479994,0.019794,-0.321587,0.719959,1.013534,-0.504710,0.435220,-0.496322,0.123954,-0.160315,0.438710,0.766412,-0.330223,-1.202574,0.069572,1.283745,-1.888496,1.875432,3.732417,-0.624046,0.083653,-0.000979,-0.035300,0.001240,0.108694,0.055938,-0.089158
19.006003,1.015483,-0.480765,0.023926,-0.320693,0.719033,1.013126,-0.505330,0.431290,-0.495802,0.119829,-0.159292,0.439248,0.766644,-0.330127,-1.202494,0.069569,1.283713,-1.888495,1.875540,3.732475,-0.624131,0.082586,-0.001535,-0.034293,0.000556,0.107318,0.056405,-0.087660
19.007057,1.015669,-0.479100,0.021527,-0.321454,0.717321,1.011269,-0.504296,0.425023,-0.493821,0.113349,-0.157919,0.439679,0.766931,-0.330036,-1.202406,0.069570,1.283673,-1.888497,1.875645,3.732530,-0.624214,0.083682,-0.001214,-0.035764,-0.000307,0.106675,0.055924,-0.085706
19.007982,1.010957,-0.483481,0.026362,-0.320851,0.717299,1.010455,-0.504336,0.418090,-0.491540,0.106187,-0.155950,0.439959,0.767207,-0.329968,-1.202326,0.069565,1.283644,-1.888495,1.875752,3.732589,-0.624303,0.082443,-0.002054,-0.034032,0.000421,0.106756,0.056849,-0.087040
19.009009,1.004707,-0.483368,0.028037,-0.321398,0.718486,1.010663,-0.503745,0.411861,-0.489973,0.099699,-0.153598,0.440113,0.767422,-0.329945,-1.202242,0.069570,1.283603,-1.888497,1.875852,3.732643,-0.624388,0.083678,0.000050,-0.035849,-0.000157,0.105257,0.056808,-0.086240
19.010067,1.003969,-0.483135,0.028323,-0.321352,0.717945,1.010115,-0.503464,0.407338,-0.490516,0.094907,-0.150710,0.440163,0.767623,-0.329955,-1.202152,0.069568,1.283568,-1.888495,1.875949,3.732695,-0.624474,0.085585,-0.000068,-0.036103,0.000354,0.102527,0.055698,-0.086691
19.011020,1.004530,-0.484098,0.026752,-0.321035,0.719448,1.009145,-0.503829,0.403694,-0.492501,0.091050,-0.147653,0.440228,0.767866,-0.329990,-1.202069,0.069568,1.283534,-1.888495,1.876050,3.732750,-0.624559,0.084774,-0.000241,-0.035675,0.000298,0.101497,0.055330,-0.086494
19.011999,1.001541,-0.483598,0.030462,-0.321153,0.719732,1.007050,-0.504245,0.400766,-0.495092,0.088009,-0.144942,0.440417,0.768111,-0.330030,-1.201988,0.069569,1.283501,-1.888494,1.876141,3.732804,-0.624643,0.083373,0.000186,-0.034353,-0.000034,0.098547,0.055446,-0.085043
19.013051,0.995575,-0.483370,0.030378,-0.322502,0.717507,1.005170,-0.505520,0.399905,-0.498746,0.087080,-0.142674,0.440760,0.768272,-0.330031,-1.201904,0.069567,1.283463,-1.888496,1.876236,3.732861,-0.624723,0.083725,-0.000104,-0.035629,0.000119,0.096799,0.056658,-0.083512
19.014058,0.990844,-0.485593,0.036794,-0.320108,0.718257,1.003628,-0.504746,0.400545,-0.502390,0.087578,-0.141358,0.441310,0.768293,-0.329977,-1.201815,0.069566,1.283430,-1.888493,1.876334,3.732920,-0.624795,0.085505,-0.000269,-0.035016,0.001401,0.097493,0.057590,-0.080246
19.015017,0.988209,-0.482721,0.035193,-0.321743,0.718934,1.002567,-0.506246,0.401439,-0.505385,0.088247,-0.140593,0.441951,0.768199,-0.329887,-1.201726,0.069569,1.283389,-1.888499,1.876421,3.732978,-0.624876,0.086645,0.000755,-0.037624,-0.000893,0.095301,0.058214,-0.081118
19.016008,0.986665,-0.481739,0.035596,-0.321545,0.720200,1.002786,-0.504897,0.402623,-0.508206,0.089186,-0.139556,0.442530,0.768004,-0.329789,-1.201638,0.069566,1.283357,-1.888495,1.876508,3.733037,-0.624948,0.086759,-0.000716,-0.036251,0.000685,0.093226,0.058370,-0.077413
19.016947,0.982667,-0.484857,0.034616,-0.319206,0.720877,1.000405,-0.505730,0.402964,-0.509093,0.089251,-0.139234,0.443173,0.767691,-0.329708,-1.201553,0.069564,1.283322,-1.888495,1.876594,3.733090,-0.625033,0.086357,-0.001233,-0.035898,0.000466,0.090561,0.057263,-0.079442
19.018040,0.981523,-0.483779,0.037650,-0.320485,0.721210,0.999277,-0.505129,0.401420,-0.507566,0.087456,-0.139387,0.443835,0.767336,-0.329657,-1.201464,0.069568,1.283289,-1.888502,1.876676,3.733151,-0.625107,0.087155,0.000247,-0.034868,-0.001719,0.088557,0.058777,-0.077070
19.018954,0.978486,-0.484231,0.035210,-0.322865,0.721923,0.998492,-0.504662,0.399082,-0.505699,0.084983,-0.138580,0.444307,0.767007,-0.329630,-1.201380,0.069566,1.283252,-1.888500,1.876761,3.733210,-0.625189,0.086544,-0.000351,-0.035798,-0.000453,0.086779,0.058919,-0.077548
19.019962,0.979742,-0.483905,0.037510,-0.320420,0.722778,0.997630,-0.505072,0.396915,-0.503491,0.082680,-0.138183,0.444773,0.766671,-0.329629,-1.201293,0.069566,1.283221,-1.888494,1.876838,3.733271,-0.625269,0.086891,-0.000169,-0.034050,0.001789,0.084802,0.058826,-0.077803
19.021102,0.975532,-0.485451,0.038148,-0.321010,0.721489,0.995937,-0.504643,0.395423,-0.500574,0.080946,-0.139384,0.445416,0.766315,-0.329649,-1.201209,0.069566,1.283186,-1.888501,1.876916,3.733329,-0.625341,0.085089,-0.000394,-0.034652,-0.000536,0.082621,0.058768,-0.076284
19.022094,0.975264,-0.485495,0.037191,-0.321726,0.721462,0.994711,-0.505163,0.395940,-0.498670,0.081161,-0.140805,0.446073,0.765936,-0.329661,-1.201122,0.069568,1.283153,-1.888500,1.876999,3.733392,-0.625421,0.086007,0.000299,-0.034398,0.000047,0.082477,0.059451,-0.076397
19.022940,0.972396,-0.485022,0.037856,-0.323149,0.722860,0.993083,-0.505461,0.398488,-0.498376,0.083366,-0.141836,0.446662,0.765529,-0.329645,-1.201039,0.069568,1.283121,-1.888499,1.877075,3.733455,-0.625493,0.084983,0.000257,-0.033387,0.000722,0.081189,0.059738,-0.074665
19.023974,0.967515,-0.485583,0.038249,-0.321430,0.721815,0.991161,-0.504787,0.401781,-0.498324,0.086209,-0.143600,0.447340,0.765064,-0.329583,-1.200954,0.069568,1.283086,-1.888493,1.877149,3.733518,-0.625564,0.085284,-0.000030,-0.033182,0.002005,0.078577,0.060513,-0.073459
19.025004,0.965874,-0.484440,0.037813,-0.319701,0.721288,0.990294,-0.504244,0.404246,-0.497296,0.088122,-0.146301,0.448153,0.764515,-0.329477,-1.200865,0.069569,1.283053,-1.888496,1.877226,3.733580,-0.625638,0.086508,0.000175,-0.032828,0.000329,0.078318,0.061485,-0.074127
19.026114,0.963923,-0.484893,0.040057,-0.321346,0.722746,0.987597,-0.504064,0.404107,-0.495079,0.087490,-0.148113,0.448847,0.763929,-0.329358,-1.200779,0.069568,1.283021,-1.888500,1.877304,3.733638,-0.625715,0.086126,-0.000443,-0.032076,-0.001299,0.077502,0.061411,-0.074506
19.026990,0.962885,-0.485220,0.042197,-0.320774,0.723120,0.988165,-0.504460,0.401771,-0.492214,0.084757,-0.148306,0.449308,0.763296,-0.329245,-1.200695,0.069568,1.282986,-1.888494,1.877371,3.733705,-0.625789,0.085930,-0.000272,-0.032631,0.000232,0.074744,0.063098,-0.074127
19.027959,0.959419,-0.487384,0.043032,-0.321500,0.721323,0.986323,-0.503542,0.399996,-0.489926,0.082514,-0.148069,0.449689,0.762568,-0.329143,-1.200611,0.069568,1.282952,-1.888498,1.877440,3.733766,-0.625858,0.085315,-0.000159,-0.033160,-0.000278,0.073225,0.061645,-0.072709
19.029021,0.961793,-0.487536,0.044570,-0.320964,0.722148,0.985419,-0.504363,0.400776,-0.489727,0.082691,-0.147807,0.450022,0.761799,-0.329069,-1.200524,0.069571,1.282921,-1.888496,1.877515,3.733831,-0.625935,0.085868,0.000835,-0.033061,0.000418,0.073764,0.062570,-0.073885
19.030012,0.955717,-0.487408,0.046128,-0.321655,0.721957,0.985512,-0.504909,0.405232,-0.492854,0.086434,-0.147261,0.450227,0.761046,-0.329038,-1.200446,0.069571,1.282888,-1.888496,1.877580,3.733892,-0.626002,0.083554,0.000841,-0.033273,-0.000133,0.071684,0.062504,-0.071528
19.030945,0.954117,-0.485468,0.045410,-0.323270,0.721518,0.983557,-0.504098,0.413531,-0.499260,0.093904,-0.146582,0.450304,0.760331,-0.329048,-1.200357,0.069571,1.282855,-1.888496,1.877648,3.733952,-0.626070,0.085420,0.000719,-0.033521,0.000551,0.070661,0.061482,-0.069783
19.032048,0.951342,-0.484183,0.047238,-0.322585,0.721142,0.982531,-0.504874,0.422655,-0.505988,0.102061,-0.146800,0.450412,0.759711,-0.329119,-1.200275,0.069567,1.282826,-1.888492,1.877716,3.734015,-0.626147,0.085079,-0.000267,-0.032658,0.002073,0.069921,0.062555,-0.070762
19.033047,0.949696,-0.482523,0.048902,-0.324702,0.721285,0.979653,-0.503928,0.429725,-0.510035,0.108022,-0.148850,0.450700,0.759172,-0.329256,-1.200190,0.069567,1.282792,-1.888493,1.877780,3.734078,-0.626209,0.085291,-0.000967,-0.033021,0.001402,0.069057,0.062572,-0.068501
19.034056,0.942584,-0.485404,0.049702,-0.323294,0.722179,0.978154,-0.504154,0.434742,-0.510756,0.111797,-0.152970,0.451208,0.758617,-0.329444,-1.200106,0.069563,1.282760,-1.888486,1.877842,3.734149,-0.626281,0.084946,-0.001811,-0.033323,0.003363,0.067748,0.064479,-0.069749
19.035144,0.942995,-0.484983,0.048931,-0.322169,0.724073,0.975964,-0.503257,0.437795,-0.508618,0.113525,-0.158773,0.451885,0.758025,-0.329676,-1.200015,0.069567,1.282728,-1.888488,1.877902,3.734212,-0.626349,0.087298,-0.000449,-0.033189,0.001969,0.065698,0.065015,-0.068611
19.036051,0.943935,-0.482248,0.050580,-0.322468,0.725414,0.975824,-0.502765,0.438340,-0.504998,0.112854,-0.164417,0.452506,0.757492,-0.329945,-1.199933,0.069567,1.282699,-1.888488,1.877957,3.734283,-0.626422,0.085910,-0.000740,-0.032287,0.000850,0.062652,0.066173,-0.069711
19.037035,0.938845,-0.484678,0.047711,-0.322074,0.725178,0.973674,-0.503847,0.437781,-0.501232,0.111280,-0.168991,0.452995,0.756982,-0.330218,-1.199853,0.069563,1.282666,-1.888489,1.878011,3.734346,-0.626493,0.084340,-0.002120,-0.032597,0.001183,0.060277,0.065408,-0.070051
19.037997,0.937062,-0.486826,0.046227,-0.320695,0.726553,0.972137,-0.502354,0.436953,-0.497307,0.109582,-0.172978,0.453460,0.756443,-0.330457,-1.199764,0.069564,1.282641,-1.888488,1.878068,3.734417,-0.626555,0.085697,-0.000957,-0.030689,0.000750,0.059424,0.066598,-0.067225
19.039048,0.935851,-0.486446,0.047483,-0.321121,0.724813,0.970941,-0.502877,0.434056,-0.493167,0.106031,-0.175606,0.453821,0.756022,-0.330644,-1.199678,0.069568,1.282613,-1.888492,1.878121,3.734484,-0.626629,0.085403,0.000015,-0.029473,-0.000558,0.056984,0.067184,-0.069590
19.039997,0.935266,-0.482679,0.049459,-0.322408,0.724733,0.969243,-0.502544,0.429133,-0.489811,0.100720,-0.176080,0.453988,0.755784,-0.330785,-1.199597,0.069567,1.282583,-1.888492,1.878181,3.734551,-0.626695,0.084875,-0.000235,-0.029608,-0.000121,0.057587,0.067380,-0.067832
19.041063,0.936301,-0.484253,0.046630,-0.322050,0.725524,0.968042,-0.501802,0.424316,-0.487197,0.095616,-0.175778,0.454139,0.755554,-0.330883,-1.199515,0.069560,1.282552,-1.888488,1.878235,3.734621,-0.626763,0.084036,-0.002098,-0.030088,0.001075,0.056595,0.068133,-0.067876
19.042007,0.936051,-0.483922,0.049175,-0.320170,0.725145,0.967012,-0.502620,0.420913,-0.484398,0.091870,-0.176446,0.454491,0.755145,-0.330946,-1.199437,0.069561,1.282527,-1.888488,1.878284,3.734691,-0.626834,0.082418,-0.001363,-0.028195,0.000697,0.054725,0.068306,-0.068668
19.043051,0.934110,-0.484703,0.047754,-0.320882,0.727582,0.965918,-0.501644,0.420044,-0.482582,0.090653,-0.177448,0.454947,0.754545,-0.330968,-1.199358,0.069559,1.282497,-1.888492,1.878336,3.734758,-0.626896,0.081459,-0.001565,-0.028989,-0.001109,0.054078,0.068401,-0.066386
19.044006,0.931535,-0.487815,0.047696,-0.320398,0.727233,0.964997,-0.502005,0.422299,-0.483133,0.092658,-0.177583,0.455337,0.753829,-0.330942,-1.199276,0.069559,1.282473,-1.888490,1.878378,3.734827,-0.626967,0.081301,-0.001228,-0.027816,-0.000419,0.050626,0.068494,-0.067681
19.044997,0.930120,-0.487505,0.046363,-0.321859,0.727734,0.963200,-0.501339,0.426531,-0.485837,0.096782,-0.176837,0.455652,0.753134,-0.330880,-1.199196,0.069562,1.282448,-1.888492,1.878426,3.734897,-0.627032,0.081489,0.000241,-0.027363,-0.000875,0.050007,0.068455,-0.066303
19.045951,0.928780,-0.483673,0.045868,-0.322449,0.730403,0.961478,-0.501248,0.434751,-0.493171,0.105049,-0.175609,0.456368,0.752162,-0.330683,-1.199035,0.069557,1.282399,-1.888487,1.878506,3.735037,-0.627165,0.080648,-0.001910,-0.025576,0.001070,0.044946,0.070045,-0.066538
19.047071,0.928864,-0.488107,0.045037,-0.320315,0.730240,0.960181,-0.501945,0.434751,-0.493171,0.105049,-0.175609,0.456368,0.752162,-0.330683,-1.199035,0.069557,1.282399,-1.888487,1.878506,3.735037,-0.627165,0.080648,-0.001910,-0.025576,0.001070,0.044946,0.070045,-0.066538
19.047955,0.925557,-0.487141,0.042922,-0.323350,0.732136,0.960223,-0.501521,0.436481,-0.494166,0.106792,-0.176953,0.457027,0.751808,-0.330561,-1.198958,0.069561,1.282377,-1.888493,1.878548,3.735107,-0.627226,0.079509,0.000239,-0.024727,-0.000949,0.044110,0.070286,-0.064447
19.049064,0.924866,-0.489646,0.043128,-0.322010,0.731556,0.959115,-0.501303,0.436985,-0.494422,0.107339,-0.178726,0.457749,0.751605,-0.330437,-1.198878,0.069559,1.282358,-1.888485,1.878583,3.735174,-0.627291,0.080086,-0.000297,-0.023305,0.001950,0.041361,0.069336,-0.064717
19.050035,0.924842,-0.486011,0.043891,-0.321868,0.732576,0.957985,-0.501067,0.435892,-0.494031,0.106288,-0.181198,0.458540,0.751609,-0.330345,-1.198802,0.069562,1.282335,-1.888489,1.878622,3.735244,-0.627354,0.079343,0.000864,-0.022982,0.000649,0.040976,0.069408,-0.064463
19.051039,0.926522,-0.485452,0.040458,-0.320165,0.733178,0.957521,-0.501016,0.433948,-0.493359,0.104389,-0.184039,0.459348,0.751741,-0.330305,-1.198727,0.069557,1.282312,-1.888489,1.878655,3.735315,-0.627420,0.078305,-0.000969,-0.022950,0.000525,0.039076,0.069566,-0.064292
19.052005,0.925740,-0.484517,0.040162,-0.319582,0.733522,0.955889,-0.500821,0.431912,-0.492510,0.102450,-0.186435,0.460087,0.751875,-0.330305,-1.198653,0.069556,1.282296,-1.888493,1.878690,3.735383,-0.627483,0.076425,-0.001282,-0.020871,-0.001108,0.037583,0.069048,-0.063750
19.053102,0.920009,-0.487436,0.037310,-0.320775,0.733278,0.953184,-0.499662,0.429312,-0.491050,0.100062,-0.187752,0.460714,0.751986,-0.330335,-1.198580,0.069554,1.282276,-1.888495,1.878725,3.735457,-0.627544,0.075803,-0.001784,-0.020356,-0.001632,0.036370,0.069706,-0.063523
19.053991,0.918202,-0.487938,0.039080,-0.319051,0.732383,0.953889,-0.499712,0.424678,-0.488528,0.095761,-0.187849,0.461233,0.752150,-0.330400,-1.198501,0.069555,1.282260,-1.888493,1.878759,3.735532,-0.627612,0.077583,-0.000387,-0.018565,-0.000476,0.035683,0.071354,-0.065162
19.054992,0.917385,-0.490316,0.037686,-0.322341,0.733204,0.952030,-0.500088,0.416585,-0.484876,0.088134,-0.186707,0.461641,0.752484,-0.330500,-1.198426,0.069555,1.282239,-1.888499,1.878797,3.735602,-0.627676,0.077434,-0.000199,-0.019096,-0.002096,0.035719,0.069693,-0.064436
19.056025,0.920396,-0.485597,0.038070,-0.321729,0.733955,0.950701,-0.499403,0.406545,-0.481501,0.078687,-0.184636,0.461951,0.753000,-0.330604,-1.198350,0.069559,1.282223,-1.888491,1.878826,3.735674,-0.627736,0.076781,0.000897,-0.018036,0.001052,0.034046,0.070582,-0.063045
19.057034,0.920012,-0.486763,0.038930,-0.322360,0.734001,0.948510,-0.499836,0.397311,-0.478760,0.070033,-0.183549,0.462402,0.753513,-0.330692,-1.198279,0.069552,1.282204,-1.888495,1.878857,3.735748,-0.627802,0.074255,-0.001470,-0.017861,0.000483,0.032426,0.070878,-0.063772
19.058129,0.917894,-0.488083,0.035824,-0.321515,0.733916,0.947507,-0.499029,0.390976,-0.476370,0.064149,-0.184534,0.463129,0.753796,-0.330763,-1.198208,0.069552,1.282186,-1.888493,1.878886,3.735824,-0.627862,0.073455,-0.000916,-0.017926,0.001082,0.031550,0.072057,-0.062253
19.059119,0.919587,-0.488655,0.036059,-0.322161,0.733698,0.945428,-0.500102,0.387632,-0.474821,0.061189,-0.186630,0.463972,0.753854,-0.330820,-1.198133,0.069553,1.282174,-1.888495,1.878916,3.735892,-0.627928,0.073459,-0.000334,-0.016051,0.000272,0.030744,0.072021,-0.063202
19.060001,0.913522,-0.487807,0.033723,-0.321115,0.733622,0.945300,-0.499617,0.386106,-0.474555,0.060096,-0.188664,0.464733,0.753803,-0.330870,-1.198064,0.069555,1.282159,-1.888493,1.878944,3.735967,-0.627982,0.071625,-0.000123,-0.015861,0.000880,0.030141,0.073104,-0.060414
19.061212,0.912973,-0.489880,0.033172,-0.319592,0.733075,0.943700,-0.498601,0.384719,-0.474838,0.059234,-0.190100,0.465310,0.753718,-0.330918,-1.197987,0.069555,1.282145,-1.888496,1.878973,3.736039,-0.628045,0.073634,-0.000604,-0.014380,-0.000109,0.029449,0.072287,-0.060822
19.061979,0.911087,-0.488947,0.033756,-0.318322,0.734073,0.942668,-0.499288,0.374202,-0.474240,0.050449,-0.186695,0.465282,0.753892,-0.331066,-1.197843,0.069553,1.282117,-1.888507,1.879027,3.736186,-0.628167,0.072816,-0.000131,-0.013794,-0.002660,0.027372,0.072930,-0.060201
19.063006,0.909681,-0.487509,0.032271,-0.322241,0.733123,0.942277,-0.498161,0.374202,-0.474240,0.050449,-0.186695,0.465282,0.753892,-0.331066,-1.197843,0.069553,1.282117,-1.888507,1.879027,3.736186,-0.628167,0.072816,-0.000131,-0.013794,-0.002660,0.027372,0.072930,-0.060201
19.064062,0.906608,-0.488329,0.033589,-0.321275,0.735007,0.940357,-0.498916,0.366320,-0.473700,0.043726,-0.182002,0.464783,0.754110,-0.331140,-1.197772,0.069551,1.282107,-1.888498,1.879052,3.736255,-0.628233,0.072508,-0.000884,-0.012765,0.001084,0.027527,0.072320,-0.061824
19.064986,0.905567,-0.493346,0.035826,-0.321785,0.732961,0.940174,-0.499219,0.357112,-0.471013,0.035634,-0.178584,0.464484,0.754312,-0.331190,-1.197698,0.069551,1.282093,-1.888499,1.879074,3.736329,-0.628289,0.073010,-0.000525,-0.013121,0.000099,0.024826,0.073219,-0.059642
19.066138,0.898101,-0.489729,0.037322,-0.321691,0.733587,0.939118,-0.500197,0.348934,-0.468423,0.028515,-0.176254,0.464399,0.754513,-0.331183,-1.197627,0.069557,1.282077,-1.888497,1.879104,3.736397,-0.628345,0.072534,0.001883,-0.013918,0.000573,0.026105,0.072455,-0.058461
19.067024,0.897988,-0.491070,0.034619,-0.321453,0.732096,0.939256,-0.500323,0.343234,-0.468083,0.023898,-0.173774,0.464363,0.754761,-0.331105,-1.197547,0.069553,1.282065,-1.888497,1.879129,3.736469,-0.628393,0.075164,0.000017,-0.014342,0.000467,0.024582,0.072440,-0.055853
19.068092,0.898608,-0.490562,0.034495,-0.319200,0.732418,0.938977,-0.499968,0.337221,-0.467730,0.019057,-0.171083,0.464363,0.755086,-0.330971,-1.197474,0.069554,1.282055,-1.888495,1.879152,3.736538,-0.628448,0.074183,0.000639,-0.012728,0.000181,0.025379,0.071378,-0.055055
19.069051,0.896277,-0.488127,0.037090,-0.320269,0.734021,0.937883,-0.501354,0.329975,-0.466839,0.013180,-0.167397,0.464273,0.755497,-0.330800,-1.197404,0.069554,1.282042,-1.888501,1.879173,3.736608,-0.628503,0.072866,0.000315,-0.012357,-0.001960,0.024251,0.070636,-0.055137
19.070053,0.895776,-0.490325,0.033512,-0.321864,0.733392,0.936825,-0.500821,0.323514,-0.466544,0.008270,-0.162366,0.464041,0.755923,-0.330600,-1.197330,0.069552,1.282027,-1.888501,1.879189,3.736681,-0.628547,0.073021,-0.000942,-0.013350,-0.000861,0.021951,0.070763,-0.051783
19.071027,0.892362,-0.491055,0.034757,-0.321178,0.732360,0.935046,-0.501332,0.318498,-0.466056,0.004811,-0.157673,0.463901,0.756295,-0.330394,-1.197260,0.069554,1.282021,-1.888496,1.879212,3.736751,-0.628600,0.072277,0.000098,-0.011310,0.000615,0.021827,0.070838,-0.052284
19.072036,0.891601,-0.493638,0.035403,-0.321403,0.732501,0.933946,-0.501346,0.314405,-0.465069,0.002190,-0.154233,0.463934,0.756672,-0.330229,-1.197186,0.069556,1.282009,-1.888497,1.879233,3.736825,-0.628645,0.072961,0.000380,-0.011671,-0.000066,0.022127,0.071629,-0.050683
19.073050,0.892043,-0.489873,0.031370,-0.322854,0.732674,0.933752,-0.501366,0.311820,-0.465125,0.001007,-0.151134,0.463951,0.757119,-0.330142,-1.197115,0.069560,1.281999,-1.888497,1.879248,3.736897,-0.628693,0.072325,0.001578,-0.011720,0.000160,0.021273,0.071722,-0.050080
19.074060,0.888157,-0.489716,0.029957,-0.320401,0.733191,0.932583,-0.501521,0.310966,-0.466260,0.001432,-0.148555,0.463942,0.757616,-0.330148,-1.197046,0.069556,1.281993,-1.888493,1.879264,3.736966,-0.628743,0.071126,-0.000349,-0.009464,0.001525,0.020391,0.070923,-0.049447
19.075003,0.887046,-0.490948,0.031708,-0.320802,0.732636,0.931361,-0.501108,0.308896,-0.465621,0.000510,-0.147015,0.463999,0.758150,-0.330247,-1.196973,0.069556,1.281985,-1.888499,1.879279,3.737037,-0.628792,0.072064,-0.000467,-0.008526,-0.000835,0.019172,0.071106,-0.048542
19.075997,0.885469,-0.492954,0.032220,-0.321914,0.733404,0.930370,-0.501481,0.304083,-0.462748,-0.003194,-0.145299,0.463996,0.758730,-0.330414,-1.196904,0.069558,1.281973,-1.888497,1.879297,3.737110,-0.628842,0.071634,0.000077,-0.009135,-0.000454,0.019039,0.071359,-0.048815
19.077131,0.880244,-0.491016,0.031219,-0.321416,0.734366,0.930962,-0.501148,0.299272,-0.460328,-0.006950,-0.142977,0.463894,0.759304,-0.330614,-1.196832,0.069562,1.281963,-1.888495,1.879313,3.737179,-0.628888,0.071417,0.000981,-0.009116,0.000619,0.017561,0.071372,-0.047480
19.078018,0.881566,-0.494095,0.029662,-0.321703,0.732312,0.929969,-0.501443,0.295110,-0.458749,-0.010139,-0.140855,0.463827,0.759868,-0.330809,-1.196754,0.069559,1.281957,-1.888497,1.879327,3.737244,-0.628938,0.072945,-0.000034,-0.008371,0.000144,0.015839,0.069737,-0.047519
19.078958,0.881219,-0.491706,0.028740,-0.318485,0.732810,0.929652,-0.502020,0.289926,-0.457040,-0.014330,-0.138921,0.463811,0.760511,-0.330968,-1.196687,0.069564,1.281952,-1.888497,1.879349,3.737314,-0.628982,0.071315,0.001419,-0.007399,0.000434,0.017222,0.069826,-0.046396
19.080037,0.881546,-0.492039,0.028909,-0.321243,0.731934,0.926706,-0.501471,0.284458,-0.456378,-0.018671,-0.135937,0.463673,0.761271,-0.331059,-1.196616,0.069561,1.281946,-1.888507,1.879363,3.737385,-0.629025,0.070499,0.000170,-0.006738,-0.002583,0.016053,0.069184,-0.044699
19.081022,0.878458,-0.495177,0.029068,-0.319836,0.731634,0.926396,-0.501282,0.280164,-0.457453,-0.021751,-0.131517,0.463369,0.762059,-0.331077,-1.196547,0.069562,1.281939,-1.888500,1.879379,3.737458,-0.629071,0.069352,0.000284,-0.006589,0.000050,0.016190,0.071106,-0.045215
19.082103,0.874550,-0.494406,0.030817,-0.322337,0.731479,0.926332,-0.501973,0.278047,-0.460394,-0.022723,-0.126622,0.463035,0.762809,-0.331046,-1.196475,0.069566,1.281933,-1.888505,1.879393,3.737527,-0.629114,0.069903,0.001758,-0.006446,-0.001267,0.015805,0.070422,-0.045033
19.083138,0.878177,-0.492628,0.031475,-0.322148,0.730433,0.925423,-0.501593,0.277974,-0.465350,-0.021779,-0.121864,0.462734,0.763593,-0.330987,-1.196403,0.069566,1.281925,-1.888498,1.879407,3.737594,-0.629152,0.070838,0.001288,-0.007072,0.001092,0.015237,0.069471,-0.043059
19.084010,0.874592,-0.494222,0.030497,-0.321403,0.729913,0.924515,-0.502062,0.279902,-0.471391,-0.019021,-0.118362,0.462581,0.764384,-0.330904,-1.196341,0.069565,1.281916,-1.888500,1.879423,3.737663,-0.629195,0.068080,0.000358,-0.007142,0.000912,0.015566,0.069393,-0.043267
19.085015,0.873745,-0.494130,0.027910,-0.321461,0.730243,0.923731,-0.501485,0.284545,-0.478376,-0.013735,-0.116257,0.462546,0.765079,-0.330804,-1.196269,0.069567,1.281912,-1.888500,1.879438,3.737731,-0.629234,0.068919,0.001097,-0.006467,0.000171,0.015459,0.069403,-0.041818
19.086004,0.871686,-0.491614,0.028883,-0.321858,0.731167,0.923732,-0.501917,0.290068,-0.485933,-0.007609,-0.114298,0.462410,0.765739,-0.330698,-1.196203,0.069567,1.281911,-1.888500,1.879451,3.737797,-0.629278,0.068391,0.000985,-0.005001,0.000237,0.014441,0.069221,-0.042425
19.087053,0.869122,-0.491860,0.031323,-0.321355,0.731613,0.922627,-0.502525,0.293916,-0.492273,-0.003141,-0.112507,0.462151,0.766414,-0.330590,-1.196134,0.069565,1.281905,-1.888498,1.879459,3.737866,-0.629315,0.068452,-0.000317,-0.005294,0.000583,0.012897,0.068247,-0.041008
19.087976,0.868072,-0.489546,0.027379,-0.321502,0.731682,0.921554,-0.502174,0.295989,-0.496563,-0.000475,-0.111403,0.461853,0.767053,-0.330466,-1.196066,0.069565,1.281898,-1.888499,1.879468,3.737933,-0.629351,0.068761,-0.000240,-0.006282,0.000093,0.011791,0.068365,-0.039237
19.089003,0.866071,-0.494024,0.031444,-0.321180,0.732456,0.920826,-0.502121,0.296317,-0.498640,0.000424,-0.110881,0.461533,0.767617,-0.330322,-1.195998,0.069559,1.281898,-1.888499,1.879479,3.738001,-0.629391,0.068327,-0.001396,-0.004143,0.000246,0.011119,0.068511,-0.039441
19.090002,0.862624,-0.490375,0.031010,-0.321712,0.730069,0.920489,-0.501947,0.295366,-0.499380,0.000027,-0.110480,0.461172,0.768116,-0.330179,-1.195930,0.069566,1.281889,-1.888500,1.879485,3.738069,-0.629427,0.068364,0.000735,-0.005955,-0.000078,0.009719,0.068248,-0.038994
19.090997,0.862438,-0.491074,0.028282,-0.321098,0.731013,0.919589,-0.502629,0.294802,-0.500582,-0.000017,-0.109782,0.460755,0.768558,-0.330041,-1.195857,0.069562,1.281886,-1.888499,1.879501,3.738139,-0.629465,0.069066,-0.001142,-0.005531,0.000446,0.011430,0.067598,-0.038804
19.091975,0.857391,-0.488124,0.027694,-0.321228,0.730355,0.919920,-0.502097,0.293655,-0.501340,-0.000645,-0.108909,0.460341,0.768940,-0.329898,-1.195790,0.069564,1.281882,-1.888501,1.879507,3.738206,-0.629496,0.068192,-0.000848,-0.003967,-0.000135,0.009851,0.067543,-0.036912
19.093007,0.857300,-0.492139,0.028088,-0.321167,0.729276,0.918989,-0.502115,0.289156,-0.499415,-0.004542,-0.108019,0.460006,0.769296,-0.329754,-1.195716,0.069559,1.281878,-1.888500,1.879517,3.738270,-0.629535,0.069714,-0.002337,-0.003493,-0.000039,0.009902,0.066266,-0.037464
19.093952,0.856396,-0.492626,0.030165,-0.321319,0.727681,0.918948,-0.502526,0.281072,-0.495020,-0.011902,-0.106887,0.459766,0.769672,-0.329626,-1.195650,0.069563,1.281875,-1.888501,1.879530,3.738336,-0.629571,0.068790,-0.000401,-0.003502,-0.000065,0.010293,0.066230,-0.036873
19.095047,0.855037,-0.493928,0.027865,-0.320311,0.726890,0.917666,-0.502205,0.273292,-0.491714,-0.018847,-0.105000,0.459548,0.770069,-0.329517,-1.195582,0.069563,1.281869,-1.888500,1.879540,3.738401,-0.629603,0.068292,-0.000230,-0.004350,0.000046,0.011273,0.065342,-0.035547
19.096027,0.855692,-0.490440,0.028753,-0.321043,0.727314,0.916678,-0.503616,0.268779,-0.492129,-0.022431,-0.101781,0.459262,0.770482,-0.329417,-1.195517,0.069565,1.281870,-1.888501,1.879550,3.738467,-0.629639,0.068022,0.000341,-0.003023,-0.000941,0.011361,0.065621,-0.035634
19.097002,0.855008,-0.490758,0.028499,-0.322384,0.726147,0.915241,-0.503175,0.266954,-0.495168,-0.023293,-0.097516,0.458957,0.770880,-0.329326,-1.195452,0.069561,1.281867,-1.888501,1.879556,3.738537,-0.629663,0.066822,-0.001419,-0.003360,-0.000196,0.010540,0.065851,-0.032446
19.098001,0.852298,-0.492194,0.027004,-0.323238,0.726715,0.914614,-0.504287,0.267511,-0.498880,-0.021925,-0.093808,0.458857,0.771151,-0.329243,-1.195384,0.069559,1.281865,-1.888496,1.879569,3.738604,-0.629697,0.066354,-0.001215,-0.003198,0.001029,0.011593,0.066892,-0.033233
19.098980,0.852468,-0.493184,0.028119,-0.321582,0.726317,0.914108,-0.505473,0.270036,-0.502362,-0.018842,-0.091878,0.459097,0.771278,-0.329165,-1.195315,0.069560,1.281863,-1.888494,1.879578,3.738672,-0.629723,0.066894,-0.000510,-0.002430,0.001816,0.010921,0.067103,-0.030872
19.100136,0.847392,-0.490078,0.026467,-0.321130,0.724740,0.913276,-0.505291,0.273972,-0.506368,-0.014482,-0.090963,0.459531,0.771355,-0.329073,-1.195252,0.069561,1.281860,-1.888496,1.879589,3.738741,-0.629746,0.066041,-0.000022,-0.002964,0.000183,0.011217,0.067192,-0.028406
19.101019,0.847164,-0.488658,0.024811,-0.322522,0.726898,0.913509,-0.506874,0.278038,-0.510903,-0.009952,-0.089478,0.459887,0.771419,-0.328959,-1.195181,0.069557,1.281859,-1.888496,1.879604,3.738810,-0.629775,0.067742,-0.001553,-0.002112,-0.000241,0.012659,0.067616,-0.028681
19.101980,0.847901,-0.491440,0.023093,-0.323011,0.726570,0.914543,-0.506915,0.278921,-0.512995,-0.008499,-0.087691,0.460149,0.771449,-0.328839,-1.195116,0.069553,1.281859,-1.888491,1.879609,3.738872,-0.629792,0.067055,-0.002205,-0.001278,0.001037,0.010414,0.066999,-0.025414
19.102975,0.845168,-0.491048,0.023911,-0.320540,0.727684,0.915018,-0.507860,0.276355,-0.511826,-0.010433,-0.086980,0.460480,0.771427,-0.328711,-1.195050,0.069557,1.281860,-1.888488,1.879619,3.738936,-0.629816,0.065887,-0.000835,-0.000430,0.001451,0.010661,0.065575,-0.025265
19.103988,0.845647,-0.491340,0.021342,-0.323096,0.727984,0.915441,-0.507029,0.272969,-0.510286,-0.013094,-0.086637,0.460772,0.771397,-0.328577,-1.194981,0.069553,1.281858,-1.888493,1.879626,3.738999,-0.629836,0.066449,-0.001003,-0.000827,-0.000917,0.009470,0.064727,-0.023277
19.104993,0.847428,-0.491530,0.020980,-0.322673,0.729065,0.915247,-0.507791,0.269642,-0.509682,-0.015540,-0.085789,0.460917,0.771391,-0.328457,-1.194919,0.069553,1.281861,-1.888488,1.879635,3.739062,-0.629864,0.065448,-0.000847,0.000433,0.001549,0.009083,0.063925,-0.024866
19.105944,0.843572,-0.491868,0.017591,-0.321869,0.730517,0.914914,-0.508091,0.267200,-0.509842,-0.017028,-0.085527,0.461090,0.771357,-0.328357,-1.194860,0.069553,1.281861,-1.888488,1.879641,3.739127,-0.629883,0.063840,-0.000755,0.000603,0.001097,0.007932,0.063737,-0.023233
19.106977,0.842911,-0.490862,0.015074,-0.321356,0.730796,0.915942,-0.507814,0.265630,-0.510597,-0.017604,-0.086002,0.461347,0.771286,-0.328258,-1.194791,0.069551,1.281867,-1.888488,1.879645,3.739193,-0.629904,0.064977,-0.000567,0.002239,0.000290,0.006439,0.063676,-0.022558
19.108029,0.842562,-0.490168,0.018505,-0.321972,0.730042,0.915308,-0.508172,0.262034,-0.510481,-0.020078,-0.086203,0.461583,0.771286,-0.328166,-1.194728,0.069549,1.281871,-1.888490,1.879652,3.739252,-0.629928,0.064530,-0.001051,0.003442,-0.000170,0.006105,0.062280,-0.023029
19.108978,0.843036,-0.491538,0.016823,-0.322269,0.731416,0.915732,-0.508431,0.256101,-0.509003,-0.024783,-0.086080,0.461792,0.771345,-0.328101,-1.194665,0.069547,1.281868,-1.888488,1.879661,3.739317,-0.629945,0.063951,-0.001371,0.001737,0.000406,0.006774,0.062535,-0.022230
19.110020,0.842209,-0.493139,0.018772,-0.320297,0.731232,0.915576,-0.508895,0.251257,-0.507958,-0.028413,-0.086210,0.462023,0.771342,-0.328058,-1.194605,0.069547,1.281870,-1.888486,1.879663,3.739377,-0.629967,0.062981,-0.000675,0.002581,0.000658,0.005360,0.061742,-0.021623
19.111011,0.842023,-0.491827,0.016197,-0.322760,0.732320,0.916860,-0.509289,0.249946,-0.509625,-0.028488,-0.086065,0.462182,0.771258,-0.328026,-1.194542,0.069549,1.281870,-1.888492,1.879667,3.739439,-0.629983,0.062651,0.000103,0.001588,-0.001200,0.005519,0.061535,-0.020627
19.111962,0.839527,-0.491405,0.017409,-0.321622,0.732306,0.916948,-0.509811,0.252194,-0.514423,-0.024920,-0.085296,0.462217,0.771134,-0.327989,-1.194484,0.069547,1.281874,-1.888486,1.879669,3.739494,-0.630001,0.062039,-0.000543,0.002851,0.001169,0.004397,0.059907,-0.019773
19.112957,0.840603,-0.492017,0.017889,-0.320717,0.733351,0.916773,-0.510692,0.255947,-0.520102,-0.019809,-0.085013,0.462281,0.770993,-0.327935,-1.194420,0.069547,1.281874,-1.888488,1.879674,3.739552,-0.630018,0.062532,-0.000750,0.002227,0.000039,0.004371,0.059480,-0.018657
19.113985,0.838898,-0.488750,0.019382,-0.322317,0.732988,0.916912,-0.510775,0.260408,-0.526022,-0.013943,-0.084990,0.462340,0.770830,-0.327858,-1.194361,0.069547,1.281876,-1.888490,1.879676,3.739611,-0.630031,0.061272,-0.000438,0.001969,-0.000813,0.003303,0.059304,-0.016835
19.115023,0.836471,-0.486926,0.017677,-0.320648,0.734597,0.917747,-0.512096,0.266368,-0.532540,-0.006551,-0.084974,0.462343,0.770558,-0.327748,-1.194298,0.069541,1.281876,-1.888486,1.879682,3.739668,-0.630048,0.061384,-0.002019,0.001214,0.000718,0.003622,0.058822,-0.016617
19.115988,0.834596,-0.490020,0.018440,-0.322825,0.734915,0.916757,-0.511925,0.272068,-0.537436,0.000546,-0.085820,0.462395,0.770127,-0.327607,-1.194237,0.069538,1.281878,-1.888490,1.879680,3.739725,-0.630057,0.061870,-0.002888,0.002053,-0.000889,0.002011,0.057635,-0.013915
19.116951,0.836925,-0.488326,0.020047,-0.321466,0.734358,0.917877,-0.510482,0.275398,-0.539465,0.005266,-0.087586,0.462503,0.769610,-0.327448,-1.194175,0.069540,1.281877,-1.888484,1.879680,3.739787,-0.630073,0.062061,-0.001341,0.001678,0.001189,0.001703,0.058275,-0.014223
19.117999,0.836094,-0.491763,0.021868,-0.321986,0.736077,0.918304,-0.512841,0.278339,-0.540784,0.009592,-0.090012,0.462627,0.769027,-0.327297,-1.194119,0.069534,1.281877,-1.888488,1.879685,3.739841,-0.630094,0.060195,-0.002145,0.000873,-0.000118,0.002219,0.056811,-0.017049
19.119053,0.835913,-0.488701,0.021842,-0.322066,0.735083,0.918426,-0.512004,0.284707,-0.544618,0.017333,-0.092478,0.462684,0.768344,-0.327141,-1.194059,0.069537,1.281876,-1.888486,1.879683,3.739899,-0.630095,0.059906,-0.000435,-0.000034,0.000376,0.000498,0.056039,-0.012253
19.120013,0.834943,-0.487541,0.021169,-0.321604,0.734709,0.919955,-0.513713,0.295576,-0.551942,0.029567,-0.094663,0.462645,0.767576,-0.326952,-1.194000,0.069531,1.281877,-1.888484,1.879685,3.739955,-0.630113,0.059294,-0.001928,-0.000018,0.000402,0.001500,0.055588,-0.013918
19.120943,0.832186,-0.486426,0.021321,-0.321123,0.735063,0.919658,-0.513458,0.308415,-0.560405,0.043774,-0.096865,0.462556,0.766729,-0.326734,-1.193942,0.069528,1.281877,-1.888485,1.879689,3.740007,-0.630115,0.059084,-0.002464,0.000320,-0.000031,0.001825,0.053729,-0.010442
19.122066,0.831137,-0.486888,0.021618,-0.322235,0.736560,0.919770,-0.513953,0.319884,-0.567386,0.056679,-0.098925,0.462402,0.765844,-0.326501,-1.193880,0.069524,1.281877,-1.888487,1.879690,3.740061,-0.630127,0.059726,-0.002965,0.000239,-0.000459,0.001460,0.053722,-0.010943
19.123037,0.831474,-0.486182,0.021272,-0.322148,0.736624,0.921116,-0.514844,0.328505,-0.571928,0.066810,-0.100932,0.462219,0.764951,-0.326262,-1.193821,0.069521,1.281877,-1.888484,1.879688,3.740113,-0.630134,0.059539,-0.002698,0.000090,0.000580,-0.000030,0.053294,-0.009911
19.124010,0.831551,-0.488176,0.020998,-0.320665,0.734546,0.920903,-0.514684,0.334952,-0.574375,0.074784,-0.103462,0.462117,0.764036,-0.326016,-1.193763,0.069517,1.281877,-1.888483,1.879689,3.740162,-0.630139,0.058665,-0.003009,0.000266,0.000466,-0.000088,0.051640,-0.008098
19.125153,0.830055,-0.489306,0.021698,-0.322622,0.734277,0.921451,-0.516406,0.340816,-0.576426,0.082198,-0.105831,0.462004,0.763103,-0.325758,-1.193706,0.069516,1.281879,-1.888489,1.879694,3.740214,-0.630149,0.057947,-0.001985,0.000377,-0.000892,0.001956,0.051556,-0.008400
19.126017,0.826900,-0.488488,0.017357,-0.321670,0.735398,0.922413,-0.516256,0.347497,-0.579949,0.090447,-0.107093,0.461707,0.762169,-0.325491,-1.193647,0.069513,1.281876,-1.888484,1.879694,3.740264,-0.630149,0.057996,-0.001387,0.000064,0.000976,0.002204,0.050704,-0.004920
19.126918,0.824056,-0.488923,0.022774,-0.322040,0.735121,0.921665,-0.516595,0.353460,-0.583855,0.097917,-0.107735,0.461279,0.761282,-0.325231,-1.193587,0.069510,1.281881,-1.888484,1.879693,3.740311,-0.630155,0.058851,-0.001773,0.002193,0.000001,0.001081,0.049456,-0.005232
19.128001,0.820239,-0.489526,0.020628,-0.321161,0.735967,0.922641,-0.516350,0.356332,-0.586109,0.102184,-0.108079,0.460798,0.760476,-0.325004,-1.193527,0.069508,1.281874,-1.888482,1.879696,3.740360,-0.630160,0.059556,-0.001520,-0.000477,0.000336,0.001348,0.049926,-0.004525
19.129097,0.822477,-0.486358,0.022262,-0.323608,0.734490,0.920973,-0.515415,0.356495,-0.586909,0.103586,-0.107802,0.460243,0.759745,-0.324834,-1.193462,0.069507,1.281877,-1.888485,1.879693,3.740407,-0.630166,0.060686,-0.001203,0.000593,-0.000485,0.000521,0.048651,-0.005003
19.130011,0.817130,-0.486478,0.025740,-0.322596,0.735955,0.921689,-0.516838,0.354901,-0.586061,0.102964,-0.107647,0.459713,0.759027,-0.324732,-1.193407,0.069500,1.281874,-1.888481,1.879696,3.740460,-0.630176,0.058876,-0.002727,-0.000206,0.001902,0.001990,0.050025,-0.006845
19.131093,0.818409,-0.487040,0.023522,-0.323958,0.736680,0.921762,-0.516385,0.352159,-0.578837,0.100883,-0.111753,0.459285,0.757189,-0.324584,-1.193283,0.069496,1.281868,-1.888477,1.879693,3.740552,-0.630183,0.059436,-0.002316,-0.000740,0.002153,-0.000191,0.048667,-0.004867
19.131964,0.813948,-0.487275,0.021464,-0.323411,0.736196,0.922558,-0.516712,0.352159,-0.578837,0.100883,-0.111753,0.459285,0.757189,-0.324584,-1.193283,0.069496,1.281868,-1.888477,1.879693,3.740552,-0.630183,0.059436,-0.002316,-0.000740,0.002153,-0.000191,0.048667,-0.004867
19.133003,0.813360,-0.485442,0.025290,-0.323467,0.738113,0.924092,-0.516041,0.350823,-0.573201,0.099381,-0.115517,0.459341,0.756166,-0.324460,-1.193221,0.069493,1.281870,-1.888477,1.879695,3.740597,-0.630187,0.060942,-0.002171,0.000266,0.001583,0.000282,0.047594,-0.004183
19.134160,0.812821,-0.486904,0.024647,-0.322962,0.737716,0.925003,-0.516097,0.347889,-0.565862,0.096094,-0.119745,0.459496,0.755172,-0.324288,-1.193162,0.069489,1.281864,-1.888475,1.879691,3.740640,-0.630195,0.060508,-0.003038,-0.001607,0.001601,-0.001619,0.045797,-0.005514
19.135032,0.812064,-0.486091,0.026428,-0.323008,0.737299,0.923568,-0.517063,0.345131,-0.558212,0.092818,-0.123895,0.459697,0.754182,-0.324045,-1.193103,0.069487,1.281864,-1.888475,1.879691,3.740685,-0.630199,0.060073,-0.002277,-0.001260,0.001090,-0.001200,0.044622,-0.005372
19.136021,0.812142,-0.483932,0.025550,-0.322312,0.736641,0.923119,-0.516603,0.344767,-0.552079,0.091794,-0.127501,0.459875,0.753136,-0.323707,-1.193044,0.069484,1.281861,-1.888473,1.879694,3.740728,-0.630197,0.059749,-0.002657,-0.002132,0.001090,-0.000815,0.045824,-0.003430
19.136982,0.811177,-0.485569,0.026773,-0.322258,0.736619,0.923931,-0.517624,0.347038,-0.547428,0.093281,-0.130420,0.459991,0.751938,-0.323279,-1.192986,0.069479,1.281862,-1.888475,1.879694,3.740773,-0.630205,0.059011,-0.003681,-0.001686,0.000421,-0.000157,0.045989,-0.004344
19.138073,0.811014,-0.484574,0.025730,-0.322193,0.737044,0.924254,-0.516959,0.351592,-0.543827,0.096972,-0.132648,0.460027,0.750553,-0.322787,-1.192927,0.069480,1.281858,-1.888475,1.879693,3.740814,-0.630204,0.058783,-0.002850,-0.002263,0.000385,-0.000126,0.044921,-0.002276
19.139026,0.811259,-0.485827,0.022558,-0.323042,0.737023,0.924050,-0.516717,0.358270,-0.541598,0.102795,-0.134180,0.459970,0.749053,-0.322249,-1.192869,0.069477,1.281859,-1.888475,1.879694,3.740858,-0.630210,0.058170,-0.003327,-0.001748,0.000315,-0.000569,0.044340,-0.003619
19.139987,0.809165,-0.489158,0.022619,-0.323985,0.737327,0.924320,-0.516728,0.366026,-0.540193,0.109773,-0.135532,0.459895,0.747516,-0.321700,-1.192814,0.069474,1.281862,-1.888472,1.879693,3.740902,-0.630211,0.057379,-0.002659,-0.000179,0.001114,-0.000529,0.044282,-0.004087
19.140949,0.804435,-0.488077,0.024980,-0.323802,0.735617,0.924782,-0.516318,0.373821,-0.539297,0.116873,-0.137260,0.459880,0.746035,-0.321178,-1.192756,0.069477,1.281861,-1.888468,1.879692,3.740942,-0.630214,0.057748,-0.001014,-0.000219,0.001959,-0.000829,0.043770,-0.004048
19.142071,0.806880,-0.488201,0.024098,-0.323000,0.735904,0.926653,-0.517471,0.381238,-0.539239,0.123668,-0.139338,0.459907,0.744698,-0.320704,-1.192694,0.069476,1.281859,-1.888468,1.879696,3.740981,-0.630222,0.059379,-0.001564,-0.001384,0.001764,0.000863,0.043071,-0.004844
19.142970,0.803586,-0.488655,0.020336,-0.322679,0.737033,0.926952,-0.516371,0.388126,-0.539986,0.130071,-0.141231,0.459879,0.743522,-0.320277,-1.192641,0.069473,1.281861,-1.888468,1.879694,3.741019,-0.630222,0.057484,-0.001467,-0.000951,0.000956,0.000579,0.040959,-0.002510
19.143990,0.803862,-0.485889,0.020888,-0.323202,0.736460,0.928200,-0.516409,0.393823,-0.541142,0.135547,-0.142390,0.459733,0.742536,-0.319889,-1.192580,0.069472,1.281865,-1.888468,1.879694,3.741059,-0.630229,0.058434,-0.001223,0.000890,0.000639,-0.000567,0.040436,-0.004727
19.145021,0.801005,-0.483586,0.017007,-0.321978,0.736139,0.928166,-0.516888,0.396420,-0.541007,0.138247,-0.143139,0.459532,0.741752,-0.319538,-1.192526,0.069467,1.281866,-1.888466,1.879697,3.741094,-0.630236,0.057622,-0.002566,0.000590,0.001117,0.000001,0.038967,-0.004598
19.146000,0.803957,-0.487671,0.020183,-0.323022,0.736308,0.928574,-0.517016,0.394043,-0.537240,0.136281,-0.144147,0.459353,0.741096,-0.319204,-1.192468,0.069461,1.281871,-1.888469,1.879698,3.741132,-0.630238,0.058374,-0.003644,0.002484,-0.000049,0.000310,0.038785,-0.003624
19.146967,0.800436,-0.485358,0.019533,-0.323798,0.736028,0.929191,-0.517203,0.388128,-0.530772,0.131050,-0.145319,0.459163,0.740484,-0.318851,-1.192416,0.069464,1.281868,-1.888467,1.879696,3.741166,-0.630240,0.056244,-0.001600,0.000907,0.000961,0.000149,0.038170,-0.003365
19.147981,0.799363,-0.485774,0.019290,-0.322936,0.735698,0.930145,-0.516991,0.382885,-0.524853,0.126638,-0.146900,0.458984,0.739836,-0.318462,-1.192358,0.069461,1.281871,-1.888465,1.879698,3.741201,-0.630242,0.057341,-0.002752,0.001213,0.001690,0.000419,0.037342,-0.002982
19.149044,0.800603,-0.484252,0.018350,-0.321904,0.735689,0.931249,-0.518157,0.378617,-0.519555,0.123290,-0.149230,0.458854,0.739145,-0.318047,-1.192302,0.069459,1.281873,-1.888467,1.879698,3.741234,-0.630248,0.057193,-0.002501,0.001305,0.000854,0.000749,0.036188,-0.003392
19.150079,0.798968,-0.487985,0.020017,-0.322107,0.735868,0.931681,-0.517477,0.374083,-0.514293,0.119839,-0.151483,0.458670,0.738448,-0.317607,-1.192249,0.069454,1.281875,-1.888469,1.879699,3.741263,-0.630247,0.055930,-0.003215,0.001755,-0.000131,0.000737,0.034904,-0.001036
19.150948,0.799342,-0.485939,0.019020,-0.322934,0.735267,0.932143,-0.517880,0.370787,-0.510782,0.117802,-0.152725,0.458319,0.737772,-0.317138,-1.192193,0.069457,1.281873,-1.888469,1.879699,3.741295,-0.630250,0.056091,-0.001356,0.000930,0.000085,0.000564,0.034287,-0.002421
19.152002,0.796897,-0.486636,0.018417,-0.321338,0.736015,0.930902,-0.517228,0.370048,-0.510120,0.118418,-0.153197,0.457836,0.737154,-0.316666,-1.192140,0.069452,1.281875,-1.888467,1.879701,3.741323,-0.630252,0.055249,-0.002354,0.001420,0.000868,0.001149,0.033658,-0.001586
19.152992,0.795096,-0.487692,0.018767,-0.321615,0.735865,0.931691,-0.517325,0.370815,-0.511145,0.120608,-0.153370,0.457284,0.736609,-0.316225,-1.192081,0.069451,1.281877,-1.888471,1.879700,3.741358,-0.630256,0.055778,-0.001982,0.001694,-0.000658,0.000403,0.034705,-0.002895
19.154113,0.791044,-0.491961,0.021088,-0.321959,0.735209,0.932281,-0.517197,0.371368,-0.512816,0.122696,-0.152787,0.456607,0.736184,-0.315841,-1.192025,0.069449,1.281877,-1.888471,1.879699,3.741387,-0.630258,0.056013,-0.001424,0.001515,-0.000364,0.000570,0.033721,-0.002676
19.154994,0.786956,-0.486055,0.019337,-0.322548,0.735638,0.932191,-0.516386,0.371912,-0.516110,0.124891,-0.151070,0.455755,0.735976,-0.315534,-1.191966,0.069452,1.281875,-1.888471,1.879704,3.741416,-0.630262,0.057343,0.000693,0.000370,-0.000019,0.001183,0.032964,-0.002921
19.156093,0.787581,-0.485946,0.022545,-0.321866,0.736833,0.931828,-0.517370,0.371171,-0.519802,0.125883,-0.148964,0.454836,0.736010,-0.315307,-1.191907,0.069445,1.281877,-1.888469,1.879702,3.741449,-0.630269,0.058671,-0.002230,0.001240,0.000529,0.000758,0.032860,-0.004532
19.157030,0.783932,-0.485737,0.023918,-0.323340,0.735255,0.933477,-0.517038,0.367092,-0.520604,0.123563,-0.147690,0.454044,0.736127,-0.315136,-1.191851,0.069443,1.281875,-1.888471,1.879698,3.741480,-0.630268,0.057662,-0.002226,-0.000364,-0.000122,-0.000408,0.033038,-0.002528
19.158018,0.784686,-0.487200,0.023702,-0.320220,0.736345,0.934916,-0.517721,0.361481,-0.518800,0.119655,-0.147745,0.453455,0.736150,-0.314972,-1.191790,0.069440,1.281875,-1.888467,1.879700,3.741507,-0.630274,0.058784,-0.002300,-0.001045,0.001280,0.001178,0.031209,-0.003199
19.159034,0.783515,-0.485529,0.019692,-0.321896,0.736717,0.934631,-0.517651,0.356593,-0.516899,0.116448,-0.148162,0.452929,0.736091,-0.314796,-1.191735,0.069438,1.281874,-1.888474,1.879700,3.741535,-0.630272,0.057717,-0.001532,-0.000912,-0.001699,0.000069,0.029605,-0.001819
19.159993,0.782523,-0.485312,0.021982,-0.321265,0.735589,0.934225,-0.517350,0.351993,-0.515526,0.113608,-0.147801,0.452325,0.736007,-0.314605,-1.191675,0.069433,1.281879,-1.888472,1.879700,3.741562,-0.630275,0.057595,-0.002322,0.001045,-0.000026,-0.000295,0.029743,-0.001959
19.161118,0.781574,-0.483438,0.021877,-0.321443,0.736686,0.935638,-0.517526,0.346528,-0.513369,0.109922,-0.147191,0.451717,0.735841,-0.314410,-1.191619,0.069431,1.281876,-1.888474,1.879702,3.741594,-0.630281,0.057416,-0.002403,-0.000087,-0.000630,0.000825,0.029959,-0.002542
19.161975,0.781077,-0.484222,0.019206,-0.321735,0.736599,0.935083,-0.516667,0.340610,-0.509980,0.105681,-0.146961,0.451178,0.735516,-0.314226,-1.191562,0.069426,1.281877,-1.888474,1.879703,3.741618,-0.630281,0.057206,-0.003296,-0.000042,-0.000444,-0.000303,0.028384,-0.002181
19.163015,0.779394,-0.483475,0.023871,-0.321367,0.736123,0.935606,-0.517207,0.334512,-0.505412,0.101114,-0.147236,0.450732,0.735048,-0.314070,-1.191504,0.069425,1.281880,-1.888474,1.879705,3.741647,-0.630287,0.056758,-0.002875,0.001279,-0.000151,-0.000231,0.028784,-0.003894
19.164052,0.778041,-0.484637,0.024548,-0.321246,0.737318,0.936466,-0.517210,0.328675,-0.500182,0.096626,-0.147977,0.450371,0.734475,-0.313947,-1.191447,0.069422,1.281875,-1.888476,1.879706,3.741675,-0.630288,0.056929,-0.003218,-0.001037,-0.000483,0.000246,0.028083,-0.002785
19.164995,0.772316,-0.486829,0.025172,-0.321627,0.736716,0.937279,-0.516528,0.325256,-0.496249,0.094323,-0.148654,0.450015,0.733811,-0.313846,-1.191390,0.069421,1.281875,-1.888477,1.879703,3.741700,-0.630292,0.056910,-0.002610,-0.001358,-0.000590,-0.000936,0.027072,-0.002774
19.166008,0.777549,-0.486054,0.023277,-0.321618,0.736780,0.936327,-0.517116,0.324282,-0.494490,0.094274,-0.148793,0.449613,0.733181,-0.313761,-1.191327,0.069421,1.281872,-1.888475,1.879704,3.741723,-0.630297,0.059038,-0.001520,-0.001630,-0.000240,-0.000324,0.026117,-0.004129
19.166997,0.773744,-0.482069,0.024711,-0.321207,0.737228,0.938334,-0.516962,0.324717,-0.494700,0.095537,-0.148360,0.449165,0.732666,-0.313676,-1.191277,0.069419,1.281873,-1.888475,1.879701,3.741751,-0.630299,0.055766,-0.001893,-0.000685,-0.000265,-0.000371,0.026923,-0.002923
19.168006,0.771768,-0.484943,0.024525,-0.321544,0.737609,0.937389,-0.516802,0.326406,-0.495796,0.097980,-0.147895,0.448756,0.732166,-0.313557,-1.191217,0.069412,1.281874,-1.888476,1.879701,3.741771,-0.630302,0.056999,-0.003821,-0.001422,-0.000641,-0.000819,0.024766,-0.003232
19.169093,0.766546,-0.486928,0.024348,-0.321776,0.736040,0.939688,-0.517012,0.328132,-0.495680,0.101088,-0.147466,0.448149,0.731194,-0.313187,-1.191096,0.069414,1.281872,-1.888477,1.879705,3.741817,-0.630309,0.059157,-0.001386,-0.001208,-0.000056,0.000350,0.023131,-0.003098
19.170067,0.769432,-0.483180,0.022635,-0.322836,0.736228,0.939646,-0.517299,0.328132,-0.495680,0.101088,-0.147466,0.448149,0.731194,-0.313187,-1.191096,0.069414,1.281872,-1.888477,1.879705,3.741817,-0.630309,0.059157,-0.001386,-0.001208,-0.000056,0.000350,0.023131,-0.003098
19.170979,0.765017,-0.485597,0.023443,-0.321167,0.736250,0.940560,-0.517977,0.326019,-0.494343,0.099728,-0.147263,0.447862,0.730875,-0.312953,-1.191044,0.069408,1.281874,-1.888473,1.879705,3.741838,-0.630310,0.057041,-0.003208,-0.000368,0.000925,0.000142,0.023070,-0.002518
19.172015,0.764354,-0.486402,0.021083,-0.321593,0.736413,0.941274,-0.517422,0.321838,-0.491532,0.096342,-0.147460,0.447620,0.730575,-0.312684,-1.190982,0.069409,1.281870,-1.888476,1.879704,3.741857,-0.630309,0.058546,-0.001982,-0.000745,-0.000689,0.000129,0.022036,-0.001157
19.173089,0.768067,-0.485527,0.022071,-0.321288,0.736130,0.941618,-0.517635,0.315962,-0.488238,0.091376,-0.147060,0.447292,0.730298,-0.312396,-1.190923,0.069408,1.281874,-1.888475,1.879704,3.741876,-0.630314,0.058147,-0.001583,0.000409,-0.000290,-0.000037,0.021207,-0.002274
19.174000,0.765139,-0.488529,0.017192,-0.321081,0.736704,0.942588,-0.517475,0.310066,-0.485935,0.086518,-0.145718,0.446839,0.730013,-0.312113,-1.190871,0.069404,1.281872,-1.888474,1.879705,3.741896,-0.630317,0.055646,-0.001978,-0.000082,-0.000603,0.000243,0.020746,-0.001818
19.174961,0.764021,-0.488761,0.023976,-0.319603,0.735599,0.943473,-0.515628,0.305870,-0.485522,0.083436,-0.143716,0.446300,0.729661,-0.311843,-1.190811,0.069407,1.281879,-1.888476,1.879704,3.741914,-0.630320,0.056419,-0.000492,0.002299,-0.000766,-0.000325,0.019664,-0.002135
19.175994,0.760880,-0.488965,0.020950,-0.321195,0.734021,0.945227,-0.517555,0.303611,-0.487849,0.082382,-0.140353,0.445583,0.729331,-0.311583,-1.190753,0.069406,1.281870,-1.888480,1.879706,3.741928,-0.630332,0.056282,-0.000378,-0.001042,-0.002164,0.000773,0.018695,-0.005817
19.176989,0.760959,-0.492122,0.021989,-0.321297,0.734411,0.944374,-0.516100,0.303587,-0.493221,0.083646,-0.135456,0.444661,0.729091,-0.311318,-1.190694,0.069406,1.281873,-1.888478,1.879709,3.741941,-0.630325,0.057149,-0.000272,0.000483,-0.000592,0.002322,0.016857,-0.001915
19.177980,0.753573,-0.490006,0.020916,-0.321784,0.736257,0.944977,-0.517188,0.305091,-0.500629,0.086501,-0.130076,0.443666,0.728994,-0.311035,-1.190638,0.069411,1.281873,-1.888478,1.879710,3.741960,-0.630335,0.056428,0.001257,-0.000054,-0.000505,0.001909,0.017621,-0.004850
19.179058,0.760525,-0.489781,0.021074,-0.321067,0.736444,0.944515,-0.517785,0.305173,-0.514333,0.089482,-0.121102,0.442006,0.729318,-0.310439,-1.190526,0.069407,1.281875,-1.888480,1.879705,3.741992,-0.630328,0.055265,0.000115,0.000387,-0.000692,-0.000073,0.017283,-0.001467
19.180038,0.758276,-0.493453,0.021234,-0.322554,0.735898,0.944835,-0.516627,0.305173,-0.514333,0.089482,-0.121102,0.442006,0.729318,-0.310439,-1.190526,0.069407,1.281875,-1.888480,1.879705,3.741992,-0.630328,0.055265,0.000115,0.000387,-0.000692,-0.000073,0.017283,-0.001467
19.180966,0.753047,-0.490018,0.019107,-0.322457,0.735239,0.944822,-0.517417,0.305843,-0.520879,0.091626,-0.118055,0.441458,0.729531,-0.310128,-1.190469,0.069411,1.281875,-1.888476,1.879708,3.742009,-0.630337,0.055749,0.001926,0.000307,0.000722,0.000444,0.016853,-0.003784
19.182083,0.752039,-0.488510,0.018130,-0.321316,0.735962,0.944698,-0.517641,0.307896,-0.527961,0.095096,-0.116045,0.441071,0.729717,-0.309847,-1.190409,0.069407,1.281879,-1.888476,1.879710,3.742026,-0.630336,0.057657,0.000218,0.001331,0.000610,0.001087,0.016765,-0.002167
19.183001,0.749944,-0.490960,0.021393,-0.321297,0.735255,0.944880,-0.517301,0.305962,-0.531486,0.094600,-0.114966,0.440815,0.729911,-0.309616,-1.190352,0.069405,1.281882,-1.888478,1.879710,3.742044,-0.630336,0.057462,-0.000506,0.001784,-0.000488,0.000355,0.016787,-0.001730
19.183989,0.750744,-0.491137,0.018469,-0.321046,0.735027,0.946695,-0.517644,0.299715,-0.531380,0.089901,-0.113958,0.440568,0.730061,-0.309434,-1.190296,0.069409,1.281878,-1.888479,1.879711,3.742057,-0.630342,0.057834,0.000697,0.000175,-0.000478,0.001060,0.016519,-0.002399
19.185012,0.750412,-0.491477,0.019419,-0.319369,0.735745,0.947407,-0.517653,0.292652,-0.530983,0.084527,-0.112282,0.440206,0.730143,-0.309288,-1.190241,0.069409,1.281882,-1.888479,1.879712,3.742068,-0.630342,0.056760,0.000774,0.001620,-0.000736,0.001275,0.014623,-0.001697
19.185977,0.748261,-0.491142,0.018757,-0.321421,0.735903,0.947647,-0.518053,0.286446,-0.532075,0.080188,-0.109398,0.439643,0.730174,-0.309157,-1.190185,0.069409,1.281882,-1.888483,1.879711,3.742082,-0.630344,0.056268,0.000945,0.001126,-0.002339,0.000556,0.013841,-0.001679
19.186954,0.743317,-0.491602,0.019916,-0.321241,0.736689,0.949080,-0.517259,0.281280,-0.534534,0.077006,-0.105561,0.438922,0.730147,-0.309021,-1.190128,0.069409,1.281884,-1.888479,1.879711,3.742094,-0.630345,0.056665,0.000774,0.001443,-0.000331,0.000402,0.013535,-0.000867
19.188104,0.747422,-0.490065,0.021650,-0.321772,0.736059,0.948327,-0.517732,0.275870,-0.536705,0.073548,-0.102157,0.438244,0.730092,-0.308877,-1.190066,0.069409,1.281884,-1.888479,1.879710,3.742102,-0.630352,0.058408,0.001009,0.000855,-0.000540,-0.000374,0.012038,-0.002451
19.189092,0.748054,-0.489104,0.022463,-0.319583,0.736043,0.948205,-0.518453,0.270474,-0.538166,0.069987,-0.099966,0.437721,0.730008,-0.308710,-1.190016,0.069407,1.281882,-1.888477,1.879711,3.742117,-0.630351,0.055711,0.000255,0.000002,-0.000061,0.000254,0.012727,-0.001485
19.190158,0.742924,-0.490245,0.021633,-0.321032,0.734910,0.948920,-0.517632,0.268406,-0.540788,0.069618,-0.098504,0.437286,0.729759,-0.308478,-1.189966,0.069406,1.281881,-1.888484,1.879712,3.742127,-0.630348,0.054806,-0.000219,-0.000384,-0.002092,0.000255,0.012778,-0.000050
19.191082,0.744550,-0.490055,0.021892,-0.322570,0.734764,0.949463,-0.517588,0.269631,-0.544859,0.072487,-0.096949,0.436821,0.729356,-0.308184,-1.189904,0.069409,1.281881,-1.888481,1.879713,3.742137,-0.630353,0.056663,0.000336,0.000038,-0.000688,0.001391,0.011995,-0.001704
19.192063,0.744683,-0.486641,0.021681,-0.320975,0.734282,0.949597,-0.517936,0.271529,-0.548830,0.076015,-0.095891,0.436398,0.728946,-0.307878,-1.189853,0.069409,1.281883,-1.888477,1.879714,3.742148,-0.630355,0.055206,0.000234,-0.000116,0.000755,0.001517,0.011386,-0.001769
19.193148,0.743880,-0.486230,0.020388,-0.319585,0.734496,0.950153,-0.517782,0.273723,-0.551877,0.079799,-0.096186,0.436127,0.728509,-0.307576,-1.189799,0.069406,1.281883,-1.888479,1.879715,3.742159,-0.630356,0.054496,-0.001462,-0.000014,-0.000824,0.001994,0.011195,-0.001060
19.194004,0.743289,-0.488785,0.021396,-0.321752,0.733774,0.950402,-0.517497,0.275575,-0.553566,0.083280,-0.096793,0.435884,0.728000,-0.307266,-1.189747,0.069405,1.281883,-1.888482,1.879715,3.742168,-0.630358,0.054271,-0.001633,0.000640,-0.002132,0.001778,0.010580,-0.001368
19.195014,0.746206,-0.487828,0.022629,-0.321060,0.733748,0.950230,-0.516205,0.276759,-0.554454,0.086156,-0.096917,0.435576,0.727455,-0.306960,-1.189695,0.069408,1.281883,-1.888479,1.879716,3.742178,-0.630358,0.053945,-0.000381,0.000129,-0.000018,0.002493,0.010274,-0.001940
19.196031,0.744061,-0.489294,0.021560,-0.321689,0.735786,0.949980,-0.517073,0.279909,-0.556653,0.090919,-0.097169,0.435281,0.726822,-0.306683,-1.189647,0.069407,1.281881,-1.888481,1.879716,3.742189,-0.630365,0.051898,-0.000862,-0.000470,-0.000678,0.002512,0.010385,-0.004518
19.196987,0.741600,-0.489540,0.018591,-0.321257,0.735651,0.951150,-0.517396,0.286740,-0.561256,0.099197,-0.097887,0.435056,0.726007,-0.306439,-1.189596,0.069409,1.281881,-1.888479,1.879712,3.742197,-0.630363,0.052381,-0.000140,0.000075,-0.000084,0.000493,0.010585,-0.002744
19.198029,0.743318,-0.486288,0.025336,-0.323738,0.735741,0.951696,-0.516707,0.294397,-0.566707,0.108183,-0.098841,0.434894,0.725093,-0.306207,-1.189543,0.069409,1.281886,-1.888480,1.879714,3.742204,-0.630363,0.052978,-0.000023,0.001508,-0.000492,0.000636,0.009361,-0.002112
19.198975,0.739353,-0.488787,0.021390,-0.322011,0.735790,0.953112,-0.517557,0.301296,-0.571379,0.116226,-0.100682,0.434895,0.724111,-0.305971,-1.189493,0.069403,1.281877,-1.888475,1.879714,3.742210,-0.630369,0.051499,-0.001600,-0.001803,0.001876,0.000536,0.008787,-0.003486
19.200006,0.736236,-0.491656,0.022395,-0.321334,0.735443,0.952857,-0.517851,0.308662,-0.575306,0.124441,-0.103993,0.435135,0.723000,-0.305714,-1.189439,0.069406,1.281883,-1.888478,1.879715,3.742215,-0.630369,0.052855,-0.000360,0.000157,0.000192,0.000478,0.007331,-0.001756
19.201046,0.740432,-0.488787,0.021936,-0.321943,0.735507,0.953400,-0.517978,0.314918,-0.579131,0.131429,-0.106894,0.435346,0.721946,-0.305425,-1.189383,0.069411,1.281881,-1.888480,1.879716,3.742221,-0.630368,0.053744,0.001026,-0.000351,-0.000422,0.000821,0.007567,-0.001181
19.202041,0.737642,-0.489687,0.022101,-0.320419,0.735330,0.952738,-0.517762,0.319733,-0.583662,0.136971,-0.108124,0.435333,0.721035,-0.305099,-1.189336,0.069407,1.281881,-1.888479,1.879717,3.742225,-0.630369,0.051046,-0.000394,-0.000117,0.000174,0.000743,0.006989,-0.000925
19.202950,0.738209,-0.488801,0.026082,-0.321822,0.736850,0.954883,-0.517740,0.324895,-0.589043,0.142766,-0.108225,0.435165,0.720131,-0.304749,-1.189282,0.069407,1.281881,-1.888481,1.879717,3.742230,-0.630371,0.051830,0.000074,-0.000203,-0.001325,0.000921,0.007634,-0.001357
19.204094,0.736392,-0.491484,0.024278,-0.322683,0.735624,0.954457,-0.518134,0.331431,-0.595325,0.149752,-0.107558,0.434911,0.719190,-0.304398,-1.189233,0.069406,1.281876,-1.888481,1.879714,3.742231,-0.630371,0.050931,-0.000359,-0.002148,0.000094,-0.000578,0.005456,-0.001400
19.204936,0.734269,-0.491052,0.025415,-0.322386,0.735652,0.953709,-0.517039,0.340369,-0.602857,0.158868,-0.107069,0.434713,0.718246,-0.304068,-1.189180,0.069408,1.281876,-1.888477,1.879714,3.742239,-0.630369,0.051227,0.000972,-0.001214,0.000866,0.000670,0.005857,-0.000612
19.205971,0.733505,-0.490966,0.025332,-0.322013,0.735261,0.952791,-0.517825,0.350788,-0.611110,0.169203,-0.107185,0.434612,0.717343,-0.303787,-1.189127,0.069407,1.281873,-1.888476,1.879715,3.742248,-0.630375,0.051648,0.000747,-0.001767,0.000544,0.000622,0.006557,-0.002807
19.207019,0.732197,-0.490363,0.026793,-0.321483,0.737278,0.952602,-0.517339,0.360990,-0.619124,0.179154,-0.107341,0.434520,0.716464,-0.303562,-1.189077,0.069407,1.281873,-1.888479,1.879716,3.742255,-0.630372,0.051421,0.000707,-0.001717,0.000219,0.001003,0.007433,-0.001207
19.208043,0.734924,-0.491935,0.025863,-0.321715,0.736591,0.951425,-0.518229,0.370606,-0.626445,0.188407,-0.107170,0.434398,0.715545,-0.303364,-1.189025,0.069406,1.281869,-1.888479,1.879712,3.742261,-0.630379,0.051455,0.000424,-0.002411,-0.000296,-0.000993,0.007580,-0.002179
19.208962,0.729005,-0.490657,0.023490,-0.321961,0.736963,0.951575,-0.518297,0.380721,-0.633722,0.198062,-0.106614,0.434255,0.714529,-0.303154,-1.188980,0.069407,1.281868,-1.888479,1.879714,3.742271,-0.630376,0.049535,0.001206,-0.001917,-0.000051,-0.000301,0.008708,-0.000382
19.210072,0.731680,-0.486893,0.024469,-0.323506,0.735393,0.951827,-0.517762,0.390562,-0.640410,0.207356,-0.105957,0.434134,0.713427,-0.302921,-1.188923,0.069406,1.281869,-1.888480,1.879712,3.742277,-0.630376,0.051853,0.000556,-0.000739,0.000197,-0.000661,0.008510,-0.000261
19.210964,0.730711,-0.490604,0.025365,-0.323462,0.736708,0.951801,-0.518994,0.397094,-0.643471,0.213195,-0.106321,0.434180,0.712256,-0.302688,-1.188877,0.069403,1.281867,-1.888476,1.879718,3.742283,-0.630379,0.049915,-0.001299,-0.001222,0.001662,0.000865,0.008220,-0.001331
19.211979,0.729433,-0.489570,0.025666,-0.323349,0.734766,0.952648,-0.518302,0.401578,-0.642948,0.216697,-0.108623,0.434507,0.710962,-0.302460,-1.188825,0.069407,1.281865,-1.888473,1.879716,3.742289,-0.630377,0.049801,0.000547,-0.001644,0.001549,-0.000459,0.008213,0.001158
19.213069,0.725672,-0.490230,0.023800,-0.323244,0.734226,0.952965,-0.518014,0.406992,-0.641898,0.220823,-0.112048,0.434986,0.709601,-0.302237,-1.188776,0.069405,1.281863,-1.888473,1.879720,3.742295,-0.630381,0.049848,0.000026,-0.001770,0.001418,0.001475,0.007322,-0.000249
19.213996,0.722527,-0.489036,0.022431,-0.322972,0.735572,0.952556,-0.518674,0.412090,-0.640619,0.224458,-0.115406,0.435429,0.708323,-0.302047,-1.188721,0.069407,1.281865,-1.888472,1.879721,3.742299,-0.630383,0.051080,0.000344,-0.000848,0.001307,0.001992,0.006981,-0.000806
19.214989,0.721872,-0.489318,0.024787,-0.322804,0.736190,0.953547,-0.517994,0.413336,-0.637008,0.224204,-0.118270,0.435764,0.707238,-0.301899,-1.188667,0.069407,1.281865,-1.888472,1.879715,3.742311,-0.630383,0.052003,-0.000262,-0.000164,0.001032,0.000689,0.007329,0.000531
19.215984,0.720738,-0.491194,0.023310,-0.322498,0.735607,0.953101,-0.518321,0.410011,-0.630524,0.219394,-0.120613,0.436013,0.706348,-0.301781,-1.188616,0.069407,1.281862,-1.888472,1.879717,3.742316,-0.630388,0.051703,-0.000114,-0.001327,0.000864,0.000057,0.006293,-0.000837
19.217017,0.722791,-0.491450,0.023227,-0.322633,0.735342,0.953096,-0.517965,0.404922,-0.623328,0.212832,-0.122247,0.436176,0.705602,-0.301678,-1.188563,0.069409,1.281864,-1.888475,1.879718,3.742324,-0.630387,0.051636,0.000811,-0.000593,0.000610,0.000645,0.006706,-0.000166
19.218098,0.718952,-0.488730,0.022234,-0.323347,0.736066,0.953235,-0.518615,0.400798,-0.617757,0.207264,-0.122922,0.436209,0.704950,-0.301573,-1.188517,0.069411,1.281863,-1.888473,1.879719,3.742331,-0.630389,0.050051,0.000907,-0.000540,0.000713,0.000896,0.006666,-0.000883
19.219005,0.717952,-0.489378,0.023680,-0.322576,0.736073,0.952549,-0.518012,0.397780,-0.613267,0.202809,-0.123358,0.436208,0.704315,-0.301451,-1.188463,0.069409,1.281862,-1.888471,1.879716,3.742340,-0.630386,0.051349,-0.000449,-0.000037,0.001389,0.000185,0.006471,0.000425
19.219996,0.718762,-0.487863,0.022148,-0.321336,0.735949,0.953390,-0.517644,0.394199,-0.607832,0.197801,-0.124316,0.436298,0.703660,-0.301308,-1.188413,0.069408,1.281859,-1.888471,1.879718,3.742347,-0.630391,0.051229,-0.000090,-0.000732,0.000607,0.000170,0.007122,-0.000787
19.221080,0.717591,-0.491489,0.018247,-0.323186,0.735274,0.953309,-0.519070,0.390092,-0.601702,0.192404,-0.125151,0.436405,0.702978,-0.301145,-1.188364,0.069406,1.281860,-1.888475,1.879717,3.742351,-0.630395,0.050237,-0.000832,0.000034,-0.000554,0.000302,0.006240,-0.001501
19.222019,0.718097,-0.489833,0.022234,-0.322378,0.735542,0.951915,-0.518202,0.385810,-0.595793,0.187089,-0.125405,0.436449,0.702322,-0.300956,-1.188314,0.069409,1.281866,-1.888470,1.879719,3.742356,-0.630387,0.050231,0.000966,0.001930,0.001200,0.000968,0.006300,0.001354
19.222966,0.716709,-0.490979,0.019329,-0.321156,0.736347,0.953232,-0.518067,0.380037,-0.587625,0.179873,-0.125493,0.436445,0.701061,-0.300551,-1.188220,0.069410,1.281866,-1.888475,1.879716,3.742372,-0.630392,0.049537,0.000684,0.001385,-0.000742,-0.000088,0.006268,-0.000661
19.224097,0.713819,-0.489167,0.020230,-0.321248,0.736281,0.952864,-0.517446,0.380037,-0.587625,0.179873,-0.125493,0.436445,0.701061,-0.300551,-1.188220,0.069410,1.281866,-1.888475,1.879716,3.742372,-0.630392,0.049537,0.000684,0.001385,-0.000742,-0.000088,0.006268,-0.000661
19.225031,0.719096,-0.487017,0.018074,-0.322372,0.737274,0.953355,-0.518079,0.378482,-0.585497,0.177935,-0.124468,0.436321,0.700435,-0.300389,-1.188167,0.069409,1.281866,-1.888474,1.879718,3.742381,-0.630394,0.050357,-0.000217,0.000916,-0.000639,-0.000036,0.006602,-0.001905
19.225949,0.719467,-0.487995,0.020588,-0.322487,0.735715,0.954059,-0.518046,0.376286,-0.582708,0.175545,-0.123548,0.436247,0.699783,-0.300275,-1.188127,0.069405,1.281870,-1.888472,1.879714,3.742385,-0.630391,0.047203,-0.001255,0.001963,0.000445,-0.000998,0.006074,-0.000629
19.227057,0.717668,-0.489303,0.021193,-0.320263,0.735780,0.955221,-0.517295,0.376099,-0.579905,0.175192,-0.124097,0.436393,0.698964,-0.300208,-1.188083,0.069407,1.281870,-1.888472,1.879719,3.742390,-0.630393,0.046504,-0.000772,0.000682,0.000549,0.000532,0.005341,-0.000698
19.228068,0.716611,-0.490672,0.016233,-0.322276,0.737122,0.953806,-0.518120,0.380206,-0.579621,0.179143,-0.125080,0.436587,0.698022,-0.300185,-1.188034,0.069409,1.281869,-1.888478,1.879721,3.742394,-0.630398,0.046830,-0.000137,0.000402,-0.001550,0.000427,0.004151,-0.002193
19.228948,0.716840,-0.486526,0.019164,-0.322892,0.736818,0.953529,-0.517842,0.386619,-0.582000,0.185518,-0.125152,0.436627,0.697137,-0.300193,-1.187988,0.069411,1.281874,-1.888473,1.879719,3.742403,-0.630395,0.046810,0.000524,0.002843,0.000375,-0.000900,0.005534,-0.000524
19.230100,0.715584,-0.487534,0.021962,-0.320609,0.735591,0.952318,-0.517886,0.392238,-0.584146,0.191143,-0.125640,0.436689,0.696313,-0.300209,-1.187943,0.069405,1.281873,-1.888471,1.879719,3.742408,-0.630396,0.046149,-0.001511,0.001346,0.000922,-0.000579,0.005774,-0.001098
19.231021,0.712433,-0.485170,0.023828,-0.322120,0.736363,0.952419,-0.517842,0.397641,-0.585307,0.196453,-0.127114,0.436847,0.695392,-0.300214,-1.187896,0.069405,1.281871,-1.888477,1.879724,3.742415,-0.630399,0.046220,-0.000982,-0.000029,-0.001246,0.000607,0.006948,-0.000994
19.232071,0.709917,-0.487359,0.021136,-0.321794,0.734509,0.952531,-0.517871,0.404073,-0.586517,0.202680,-0.128547,0.436959,0.694320,-0.300201,-1.187847,0.069401,1.281870,-1.888474,1.879723,3.742420,-0.630399,0.047210,-0.002131,-0.000935,0.000225,-0.000181,0.006805,-0.001083
19.233001,0.710807,-0.489958,0.026599,-0.321306,0.735771,0.952147,-0.518261,0.409648,-0.586796,0.207991,-0.130018,0.437032,0.693193,-0.300174,-1.187797,0.069403,1.281873,-1.888473,1.879727,3.742426,-0.630401,0.047870,-0.001031,0.000392,-0.000124,0.001666,0.006659,-0.001015
19.234029,0.708134,-0.490533,0.024455,-0.321343,0.733903,0.953048,-0.517720,0.414585,-0.587363,0.212701,-0.131095,0.436990,0.692115,-0.300123,-1.187753,0.069405,1.281868,-1.888475,1.879724,3.742433,-0.630400,0.046879,0.000241,-0.002312,-0.000580,0.000402,0.007005,-0.000232
19.235123,0.708180,-0.487637,0.023978,-0.321158,0.734810,0.954924,-0.518023,0.421639,-0.591200,0.219624,-0.130871,0.436704,0.691099,-0.300038,-1.187703,0.069405,1.281870,-1.888477,1.879725,3.742438,-0.630405,0.047633,0.000516,-0.001228,-0.000489,0.002285,0.006062,-0.001312
19.236119,0.705205,-0.487576,0.022385,-0.323694,0.733618,0.955325,-0.517825,0.429277,-0.596812,0.227261,-0.129650,0.436236,0.690166,-0.299934,-1.187657,0.069403,1.281870,-1.888477,1.879722,3.742437,-0.630401,0.047046,-0.000925,-0.000997,-0.000671,0.001384,0.004181,-0.000704
19.236998,0.704887,-0.489026,0.020938,-0.321985,0.737245,0.955614,-0.517084,0.433967,-0.600278,0.232032,-0.128983,0.435822,0.689332,-0.299829,-1.187607,0.069402,1.281872,-1.888471,1.879726,3.742441,-0.630403,0.047949,-0.000921,-0.000221,0.001743,0.002552,0.003768,-0.001103
19.237955,0.705321,-0.487141,0.022272,-0.323235,0.736056,0.955058,-0.518180,0.434401,-0.600119,0.232568,-0.129846,0.435619,0.688615,-0.299739,-1.187561,0.069402,1.281874,-1.888476,1.879718,3.742445,-0.630408,0.047544,-0.000189,0.000471,0.000126,-0.001044,0.003458,-0.002577
19.239012,0.704288,-0.487368,0.025945,-0.322361,0.735989,0.955691,-0.517662,0.431869,-0.597483,0.230149,-0.131779,0.435599,0.687983,-0.299659,-1.187520,0.069398,1.281871,-1.888475,1.879720,3.742451,-0.630404,0.046821,-0.001098,-0.000164,0.001363,0.000179,0.003985,-0.000366
19.240006,0.702903,-0.490477,0.022431,-0.322499,0.736536,0.954547,-0.518130,0.429581,-0.594249,0.227895,-0.134393,0.435718,0.687295,-0.299574,-1.187473,0.069397,1.281866,-1.888475,1.879722,3.742455,-0.630407,0.046780,-0.000966,-0.001959,0.000482,0.000211,0.003317,-0.001421
19.241042,0.702256,-0.488259,0.024384,-0.322628,0.736891,0.954159,-0.518235,0.429297,-0.592135,0.227561,-0.136907,0.435858,0.686521,-0.299487,-1.187427,0.069401,1.281870,-1.888475,1.879723,3.742461,-0.630405,0.046922,0.000556,-0.000210,0.000618,-0.000352,0.004445,-0.000471
19.241965,0.703500,-0.486546,0.023286,-0.323523,0.736912,0.953899,-0.517295,0.430229,-0.591274,0.228404,-0.138775,0.435947,0.685711,-0.299402,-1.187379,0.069397,1.281868,-1.888475,1.879723,3.742466,-0.630406,0.046674,-0.000537,-0.001188,0.000742,-0.000700,0.004797,-0.000266
19.242966,0.699132,-0.487723,0.022411,-0.323996,0.736491,0.953075,-0.518478,0.431782,-0.590197,0.229737,-0.140881,0.436116,0.684780,-0.299319,-1.187335,0.069395,1.281870,-1.888472,1.879721,3.742470,-0.630411,0.045515,-0.001365,-0.000649,0.001593,-0.000701,0.005031,-0.002144
19.244016,0.699435,-0.486214,0.019984,-0.321239,0.736368,0.953517,-0.517826,0.432988,-0.587395,0.230514,-0.144069,0.436471,0.683697,-0.299231,-1.187286,0.069395,1.281870,-1.888471,1.879723,3.742475,-0.630407,0.047134,-0.000760,-0.000221,0.002019,-0.000299,0.005828,0.000247
19.245100,0.695944,-0.487063,0.020298,-0.322105,0.734436,0.953653,-0.517641,0.431517,-0.582143,0.228521,-0.147323,0.436844,0.682590,-0.299142,-1.187238,0.069391,1.281872,-1.888476,1.879723,3.742478,-0.630410,0.046387,-0.001483,0.000976,-0.000633,-0.000170,0.005354,-0.001084
19.245972,0.696633,-0.487514,0.022274,-0.322422,0.736221,0.953727,-0.518214,0.426137,-0.574702,0.222675,-0.148978,0.436990,0.681583,-0.299074,-1.187191,0.069391,1.281874,-1.888474,1.879727,3.742481,-0.630411,0.047581,-0.001045,0.000788,0.000225,0.001731,0.005207,-0.001437
19.246975,0.695086,-0.488444,0.024187,-0.322224,0.736729,0.952817,-0.518036,0.418574,-0.566351,0.214645,-0.149216,0.436918,0.680688,-0.299029,-1.187146,0.069390,1.281873,-1.888474,1.879722,3.742487,-0.630409,0.046676,-0.000812,-0.000193,0.000536,-0.000038,0.005097,-0.000285
19.248106,0.694648,-0.490957,0.023511,-0.322387,0.735434,0.953428,-0.518340,0.412488,-0.559295,0.207973,-0.148920,0.436766,0.679826,-0.298993,-1.187098,0.069390,1.281869,-1.888474,1.879720,3.742493,-0.630412,0.046891,-0.000337,-0.001100,0.000334,-0.000515,0.005978,-0.000644
19.248989,0.689164,-0.488087,0.020832,-0.322429,0.733987,0.954532,-0.517020,0.410008,-0.555334,0.204800,-0.148047,0.436545,0.678973,-0.298964,-1.187052,0.069393,1.281868,-1.888474,1.879724,3.742497,-0.630410,0.046552,0.000892,-0.000742,0.000500,0.000760,0.005332,-0.000038
19.249970,0.689843,-0.487979,0.022394,-0.322255,0.735062,0.953373,-0.518175,0.408450,-0.552959,0.202554,-0.146513,0.436219,0.678232,-0.298965,-1.186999,0.069391,1.281870,-1.888474,1.879728,3.742499,-0.630418,0.048682,-0.000548,0.000585,0.000541,0.002169,0.004209,-0.002674
19.251039,0.691067,-0.490940,0.020205,-0.322175,0.735152,0.953171,-0.517792,0.403917,-0.548856,0.197416,-0.144771,0.435835,0.677634,-0.298994,-1.186953,0.069389,1.281868,-1.888474,1.879722,3.742506,-0.630414,0.047757,-0.000570,-0.000191,0.000364,0.001129,0.005346,-0.000331
19.252081,0.685320,-0.490144,0.021482,-0.320703,0.735071,0.952871,-0.517410,0.397903,-0.543812,0.190879,-0.142951,0.435424,0.677085,-0.299013,-1.186908,0.069392,1.281871,-1.888474,1.879726,3.742511,-0.630418,0.046608,0.000892,0.000876,0.000286,0.001008,0.005509,-0.001114
19.253024,0.685382,-0.491219,0.021740,-0.323155,0.735510,0.953569,-0.518658,0.392292,-0.539900,0.184848,-0.140317,0.434906,0.676580,-0.298997,-1.186853,0.069392,1.281872,-1.888478,1.879724,3.742516,-0.630421,0.048853,0.000481,0.000216,-0.001104,0.001107,0.005780,-0.001866
19.253990,0.686028,-0.488168,0.023112,-0.321334,0.734601,0.952964,-0.517623,0.386206,-0.536569,0.178429,-0.136987,0.434312,0.676168,-0.298939,-1.186807,0.069394,1.281870,-1.888471,1.879722,3.742517,-0.630414,0.048236,0.001002,0.000110,0.001214,0.000683,0.005066,0.000637
19.254960,0.684907,-0.491871,0.021204,-0.321538,0.735616,0.953280,-0.518748,0.380593,-0.533422,0.172477,-0.134108,0.433809,0.675773,-0.298841,-1.186759,0.069390,1.281868,-1.888475,1.879724,3.742525,-0.630422,0.047340,-0.000501,-0.000551,-0.000566,0.001592,0.005641,-0.001448
19.256017,0.682855,-0.489314,0.019747,-0.322539,0.736538,0.955121,-0.518251,0.376776,-0.531189,0.168346,-0.131503,0.433378,0.675333,-0.298714,-1.186711,0.069394,1.281870,-1.888475,1.879723,3.742528,-0.630414,0.047336,0.001341,0.000396,-0.000347,0.000569,0.005292,0.000812
19.257088,0.680357,-0.486720,0.021171,-0.323045,0.736069,0.954272,-0.517999,0.373484,-0.529422,0.164843,-0.129080,0.433014,0.674960,-0.298575,-1.186663,0.069393,1.281874,-1.888472,1.879722,3.742529,-0.630418,0.047793,0.000038,0.001075,0.000611,-0.000344,0.003435,-0.000198
19.258077,0.678583,-0.487662,0.018844,-0.320057,0.735843,0.954571,-0.518389,0.368141,-0.525395,0.159341,-0.128167,0.432899,0.674707,-0.298457,-1.186616,0.069390,1.281872,-1.888471,1.879725,3.742537,-0.630419,0.048470,-0.001220,0.000362,0.001069,0.000109,0.004259,-0.000692
19.258966,0.681039,-0.489913,0.022633,-0.322271,0.736122,0.954197,-0.517645,0.359362,-0.517896,0.150488,-0.128332,0.432956,0.674556,-0.298384,-1.186567,0.069390,1.281874,-1.888478,1.879726,3.742539,-0.630418,0.048766,-0.000732,0.001524,-0.001764,0.000322,0.003940,0.000096
19.260048,0.678087,-0.490420,0.021276,-0.321043,0.736591,0.954376,-0.517361,0.343371,-0.505091,0.134737,-0.127043,0.432809,0.674475,-0.298333,-1.186473,0.069395,1.281872,-1.888476,1.879724,3.742548,-0.630425,0.047898,0.000585,0.000331,-0.000809,-0.000419,0.004080,-0.001946
19.261058,0.680039,-0.492002,0.020578,-0.322070,0.737368,0.954904,-0.517912,0.343371,-0.505091,0.134737,-0.127043,0.432809,0.674475,-0.298333,-1.186473,0.069395,1.281872,-1.888476,1.879724,3.742548,-0.630425,0.047898,0.000585,0.000331,-0.000809,-0.000419,0.004080,-0.001946
19.262113,0.678376,-0.492759,0.021100,-0.323321,0.736982,0.953449,-0.518098,0.341323,-0.505158,0.133090,-0.125188,0.432501,0.674551,-0.298239,-1.186381,0.069398,1.281872,-1.888471,1.879725,3.742562,-0.630425,0.046643,0.001725,0.000408,0.001352,-0.000809,0.004937,-0.000460
19.263184,0.677457,-0.492398,0.021562,-0.321670,0.736811,0.955206,-0.519006,0.341323,-0.505158,0.133090,-0.125188,0.432501,0.674551,-0.298239,-1.186381,0.069398,1.281872,-1.888471,1.879725,3.742562,-0.630425,0.046643,0.001725,0.000408,0.001352,-0.000809,0.004937,-0.000460
19.264013,0.677619,-0.494864,0.021588,-0.323594,0.736390,0.954862,-0.518368,0.344718,-0.509012,0.136688,-0.125148,0.432441,0.674604,-0.298128,-1.186336,0.069398,1.281874,-1.888474,1.879728,3.742562,-0.630420,0.046553,0.001538,0.000149,-0.000234,-0.000671,0.003152,0.001348
19.264993,0.677599,-0.490047,0.021963,-0.321864,0.737319,0.953944,-0.518622,0.350226,-0.514970,0.142462,-0.125238,0.432363,0.674682,-0.297981,-1.186292,0.069401,1.281873,-1.888469,1.879728,3.742566,-0.630425,0.045948,0.002740,0.000158,0.001588,-0.000242,0.003491,0.000059
19.266007,0.677196,-0.491460,0.021426,-0.320761,0.737025,0.953300,-0.518090,0.357426,-0.522223,0.149974,-0.125636,0.432283,0.674742,-0.297821,-1.186248,0.069396,1.281871,-1.888472,1.879725,3.742570,-0.630423,0.045421,0.000361,-0.000007,-0.000091,-0.001155,0.004388,0.000580
19.266996,0.672922,-0.492384,0.022096,-0.322412,0.736363,0.952578,-0.517951,0.365005,-0.529188,0.157927,-0.125956,0.432164,0.674702,-0.297658,-1.186203,0.069398,1.281872,-1.888476,1.879725,3.742577,-0.630425,0.045085,0.001077,0.000249,-0.001095,-0.000846,0.004991,-0.000492
19.268074,0.675232,-0.492053,0.020946,-0.321235,0.737298,0.952701,-0.518163,0.371652,-0.535323,0.165051,-0.125631,0.431935,0.674599,-0.297507,-1.186151,0.069399,1.281868,-1.888472,1.879726,3.742582,-0.630427,0.046625,0.001517,-0.000047,0.000490,-0.000195,0.005686,-0.000752
19.269054,0.673564,-0.490889,0.020226,-0.322690,0.736175,0.953131,-0.517415,0.376899,-0.540607,0.170857,-0.125070,0.431652,0.674488,-0.297369,-1.186109,0.069399,1.281870,-1.888476,1.879724,3.742584,-0.630428,0.044935,0.001346,0.000518,-0.000622,-0.001122,0.005541,-0.000319
19.269984,0.671941,-0.488642,0.023302,-0.321281,0.735791,0.953168,-0.518287,0.380836,-0.544747,0.175399,-0.124792,0.431399,0.674360,-0.297227,-1.186065,0.069399,1.281874,-1.888472,1.879728,3.742588,-0.630432,0.045249,0.000767,0.000831,0.000765,-0.000019,0.005084,-0.001816
19.271067,0.673686,-0.489217,0.020354,-0.321128,0.736246,0.952555,-0.517745,0.383334,-0.547073,0.178492,-0.125120,0.431226,0.674181,-0.297071,-1.186017,0.069395,1.281868,-1.888477,1.879727,3.742593,-0.630428,0.045484,-0.000321,-0.000661,-0.000567,0.000364,0.005019,-0.000056
19.272105,0.672430,-0.488560,0.020361,-0.319559,0.734960,0.952226,-0.518092,0.384738,-0.547774,0.180491,-0.125640,0.431084,0.673914,-0.296898,-1.185976,0.069397,1.281874,-1.888477,1.879726,3.742598,-0.630431,0.044104,-0.000039,0.000776,-0.000691,-0.000085,0.005606,-0.001157
19.272982,0.674921,-0.489827,0.020166,-0.320563,0.737052,0.953145,-0.518709,0.385428,-0.547826,0.181864,-0.125372,0.430831,0.673561,-0.296715,-1.185930,0.069396,1.281874,-1.888479,1.879728,3.742603,-0.630431,0.044204,-0.000359,0.000752,-0.002226,0.001198,0.005908,-0.000448
19.274097,0.673684,-0.490447,0.020890,-0.321218,0.736503,0.954097,-0.517625,0.386196,-0.548329,0.183425,-0.123975,0.430417,0.673151,-0.296527,-1.185892,0.069398,1.281874,-1.888477,1.879723,3.742603,-0.630428,0.042480,0.000261,0.000852,-0.001247,-0.000881,0.004972,0.000780
19.275027,0.670305,-0.490483,0.019228,-0.320049,0.737118,0.954004,-0.518112,0.388870,-0.550483,0.186888,-0.122352,0.429983,0.672714,-0.296339,-1.185849,0.069398,1.281874,-1.888477,1.879726,3.742609,-0.630433,0.042604,0.000568,0.000489,-0.000613,-0.000335,0.003987,-0.001401
19.276088,0.672511,-0.492465,0.018347,-0.322037,0.737477,0.953439,-0.517912,0.392528,-0.553787,0.191311,-0.120934,0.429610,0.672351,-0.296176,-1.185804,0.069396,1.281876,-1.888480,1.879726,3.742611,-0.630431,0.043764,0.000603,0.001305,-0.001709,-0.000962,0.004078,-0.000403
19.277099,0.673286,-0.489658,0.019333,-0.321416,0.737755,0.952718,-0.518036,0.395161,-0.557130,0.194751,-0.119619,0.429284,0.672135,-0.296058,-1.185766,0.069398,1.281876,-1.888475,1.879725,3.742618,-0.630432,0.042180,0.001583,0.001740,0.000186,-0.001311,0.004604,-0.000813
19.278009,0.671406,-0.493175,0.019078,-0.320760,0.738458,0.952348,-0.518185,0.397851,-0.560577,0.198235,-0.119168,0.429095,0.671969,-0.296001,-1.185726,0.069394,1.281876,-1.888477,1.879725,3.742622,-0.630432,0.041311,0.000200,0.001237,-0.000419,-0.001588,0.005303,-0.000561
19.279093,0.670161,-0.491112,0.020721,-0.319777,0.736494,0.952756,-0.517200,0.401811,-0.564667,0.202968,-0.119382,0.429014,0.671761,-0.296011,-1.185683,0.069398,1.281878,-1.888477,1.879723,3.742624,-0.630431,0.041748,0.001945,0.001349,-0.001073,-0.002272,0.005656,-0.000265
19.279983,0.673988,-0.489901,0.022045,-0.320581,0.737203,0.952867,-0.517783,0.406559,-0.569935,0.208586,-0.118831,0.428846,0.671560,-0.296094,-1.185642,0.069396,1.281876,-1.888480,1.879730,3.742627,-0.630436,0.041875,0.000907,0.000539,-0.001976,-0.000353,0.005226,-0.002236
19.280993,0.669746,-0.491436,0.020704,-0.320662,0.735272,0.953433,-0.517626,0.412619,-0.576418,0.215618,-0.117374,0.428562,0.671331,-0.296235,-1.185608,0.069394,1.281874,-1.888479,1.879725,3.742632,-0.630435,0.039539,0.000330,-0.000095,-0.001194,-0.001036,0.005088,-0.001045
19.282102,0.670769,-0.487243,0.019202,-0.321602,0.735363,0.952425,-0.516900,0.420355,-0.583579,0.224366,-0.115880,0.428263,0.671023,-0.296394,-1.185563,0.069396,1.281877,-1.888478,1.879729,3.742635,-0.630439,0.041156,0.001087,0.000549,-0.001134,0.000882,0.004500,-0.001358
19.283044,0.671566,-0.490334,0.018451,-0.321227,0.735549,0.952020,-0.518183,0.426921,-0.589164,0.231988,-0.115058,0.428035,0.670687,-0.296547,-1.185526,0.069390,1.281880,-1.888476,1.879730,3.742640,-0.630443,0.040178,-0.000968,0.001270,-0.000232,0.000762,0.005491,-0.002804
19.284005,0.670632,-0.491700,0.019731,-0.321958,0.735968,0.952937,-0.518160,0.430640,-0.591657,0.236798,-0.115381,0.427949,0.670307,-0.296669,-1.185489,0.069393,1.281882,-1.888478,1.879731,3.742644,-0.630437,0.039327,0.000576,0.001619,-0.000579,0.000557,0.005866,-0.000222
19.285142,0.670378,-0.489850,0.023292,-0.322636,0.736846,0.953513,-0.518353,0.433553,-0.593288,0.240821,-0.116421,0.427952,0.669911,-0.296739,-1.185451,0.069396,1.281882,-1.888476,1.879730,3.742646,-0.630439,0.039350,0.001221,0.000969,0.000119,0.000150,0.004927,-0.000288
19.286068,0.668859,-0.489246,0.019292,-0.322028,0.736690,0.953558,-0.517934,0.437891,-0.596045,0.246236,-0.118089,0.428041,0.669535,-0.296774,-1.185411,0.069394,1.281878,-1.888474,1.879728,3.742649,-0.630437,0.038997,0.000302,-0.000777,0.000754,-0.000710,0.004332,0.000098
19.286988,0.668532,-0.488386,0.021884,-0.320921,0.736833,0.953972,-0.517904,0.442950,-0.598860,0.252342,-0.120720,0.428292,0.669170,-0.296804,-1.185371,0.069392,1.281884,-1.888476,1.879728,3.742654,-0.630439,0.039276,0.000031,0.001192,0.000177,-0.000552,0.004265,-0.000743
19.288095,0.665572,-0.488751,0.020126,-0.322636,0.736196,0.954910,-0.518120,0.446278,-0.600263,0.256820,-0.123481,0.428618,0.668859,-0.296845,-1.185334,0.069389,1.281882,-1.888480,1.879727,3.742656,-0.630439,0.038993,-0.000371,-0.000115,-0.000843,-0.000682,0.003834,-0.000800
19.289013,0.665105,-0.489316,0.019182,-0.321948,0.735951,0.954088,-0.517478,0.446878,-0.599938,0.258723,-0.125835,0.428952,0.668647,-0.296900,-1.185292,0.069391,1.281886,-1.888476,1.879726,3.742659,-0.630440,0.039983,-0.000201,0.000738,0.000806,-0.000028,0.002874,-0.000356
19.289988,0.666788,-0.488906,0.020582,-0.323200,0.737286,0.954544,-0.518143,0.444049,-0.597535,0.257314,-0.128118,0.429329,0.668571,-0.296975,-1.185254,0.069393,1.281887,-1.888478,1.879729,3.742665,-0.630444,0.039743,0.000058,0.001198,0.000138,0.000183,0.003678,-0.001644
19.291058,0.665989,-0.488509,0.018752,-0.322244,0.736847,0.954674,-0.518543,0.438870,-0.593788,0.253623,-0.130578,0.429768,0.668578,-0.297062,-1.185217,0.069391,1.281885,-1.888474,1.879727,3.742665,-0.630444,0.038452,-0.000134,0.000505,0.001323,-0.001143,0.003210,-0.000288
19.292057,0.665080,-0.486098,0.023260,-0.323612,0.735038,0.954155,-0.518145,0.433541,-0.589923,0.249791,-0.133355,0.430288,0.668575,-0.297127,-1.185179,0.069391,1.281887,-1.888476,1.879726,3.742669,-0.630442,0.038403,-0.000327,0.001414,0.000389,-0.000681,0.003059,0.000502
19.293158,0.661138,-0.487108,0.018651,-0.322615,0.736486,0.955002,-0.517988,0.428595,-0.585875,0.246309,-0.136515,0.430888,0.668502,-0.297161,-1.185140,0.069389,1.281883,-1.888472,1.879730,3.742673,-0.630444,0.038399,-0.001520,-0.000821,0.001686,0.001102,0.003559,-0.000304
19.294131,0.664854,-0.488245,0.021449,-0.322169,0.735627,0.955188,-0.518446,0.422770,-0.580612,0.241925,-0.140038,0.431554,0.668375,-0.297183,-1.185098,0.069391,1.281889,-1.888474,1.879725,3.742674,-0.630445,0.039879,-0.001023,0.001455,0.000717,-0.000331,0.002690,-0.000608
19.295052,0.661810,-0.489557,0.021577,-0.321965,0.736198,0.955229,-0.518614,0.415406,-0.574637,0.236079,-0.143077,0.432160,0.668306,-0.297198,-1.185068,0.069390,1.281887,-1.888476,1.879728,3.742678,-0.630443,0.037616,-0.000436,0.000043,0.000319,0.000522,0.002487,0.000311
19.295995,0.660232,-0.490144,0.024387,-0.322982,0.736252,0.953800,-0.518333,0.409130,-0.570772,0.231420,-0.144642,0.432558,0.668316,-0.297199,-1.185026,0.069391,1.281887,-1.888476,1.879727,3.742681,-0.630441,0.038672,0.000200,-0.000009,0.000117,-0.000055,0.002428,0.000634
19.297006,0.661855,-0.489190,0.024065,-0.321328,0.735631,0.954291,-0.518041,0.405426,-0.570023,0.229349,-0.144965,0.432777,0.668363,-0.297204,-1.184987,0.069391,1.281883,-1.888475,1.879728,3.742688,-0.630443,0.038988,0.000489,-0.001384,0.001107,-0.000114,0.003833,0.000070
19.297980,0.661077,-0.489704,0.021300,-0.319512,0.736184,0.953288,-0.518065,0.404215,-0.571826,0.229746,-0.144471,0.432881,0.668387,-0.297234,-1.184952,0.069391,1.281883,-1.888477,1.879730,3.742689,-0.630446,0.037741,0.000010,-0.001208,-0.000516,0.000497,0.003318,-0.000502
19.298997,0.657919,-0.488066,0.024501,-0.319102,0.736577,0.952829,-0.517848,0.404702,-0.575680,0.231907,-0.142321,0.432753,0.668371,-0.297281,-1.184914,0.069391,1.281887,-1.888483,1.879728,3.742696,-0.630448,0.037679,0.000277,0.000144,-0.002199,-0.000052,0.004295,-0.000438
19.300110,0.656281,-0.487991,0.023944,-0.321760,0.737102,0.953395,-0.518320,0.404655,-0.580196,0.233656,-0.137751,0.432304,0.668352,-0.297317,-1.184872,0.069389,1.281883,-1.888485,1.879727,3.742698,-0.630451,0.038774,-0.000532,-0.001443,-0.002539,-0.000427,0.004735,-0.000867
19.301113,0.656396,-0.488427,0.022684,-0.321182,0.736741,0.953196,-0.517870,0.402835,-0.583400,0.233585,-0.132353,0.431769,0.668326,-0.297324,-1.184833,0.069389,1.281883,-1.888479,1.879727,3.742700,-0.630448,0.039115,-0.000561,-0.001146,0.000017,-0.000960,0.004145,0.000081
19.301965,0.657040,-0.490261,0.025063,-0.319611,0.736156,0.953046,-0.518554,0.399050,-0.584104,0.231322,-0.128239,0.431429,0.668295,-0.297300,-1.184796,0.069389,1.281886,-1.888477,1.879728,3.742705,-0.630452,0.038600,-0.000340,-0.000538,-0.000644,-0.000597,0.004325,-0.000823
19.303005,0.655768,-0.489003,0.022431,-0.320702,0.736682,0.954425,-0.519163,0.394991,-0.584166,0.228563,-0.124774,0.431174,0.668263,-0.297243,-1.184760,0.069391,1.281880,-1.888483,1.879731,3.742710,-0.630449,0.037849,0.000563,-0.001682,-0.002095,-0.000035,0.004444,0.000556
19.304027,0.654315,-0.493260,0.024195,-0.321102,0.736757,0.954231,-0.518199,0.392238,-0.585456,0.226913,-0.120788,0.430829,0.668232,-0.297134,-1.184721,0.069389,1.281882,-1.888479,1.879730,3.742709,-0.630446,0.038026,-0.000061,-0.000361,-0.001071,-0.000565,0.003051,0.001762
19.305042,0.652072,-0.488028,0.024595,-0.321258,0.736618,0.954128,-0.518677,0.390327,-0.587633,0.225857,-0.116790,0.430458,0.668253,-0.296978,-1.184684,0.069397,1.281879,-1.888478,1.879729,3.742714,-0.630450,0.038308,0.002004,-0.001225,-0.000691,-0.000628,0.003233,-0.000182
19.306067,0.650955,-0.489357,0.022546,-0.320003,0.735632,0.953659,-0.517926,0.388608,-0.589791,0.224689,-0.113484,0.430155,0.668319,-0.296800,-1.184645,0.069390,1.281876,-1.888479,1.879729,3.742718,-0.630448,0.038969,-0.000576,-0.001390,-0.000530,-0.000487,0.003310,0.000796
19.307036,0.652024,-0.489190,0.023498,-0.322314,0.736579,0.953960,-0.517494,0.385267,-0.589905,0.221622,-0.110888,0.429924,0.668366,-0.296632,-1.184605,0.069393,1.281878,-1.888483,1.879732,3.742724,-0.630451,0.039036,0.000082,-0.000373,-0.001690,0.000477,0.003749,-0.000720
19.307994,0.647790,-0.488828,0.024528,-0.323553,0.737255,0.954657,-0.518304,0.379983,-0.587554,0.216359,-0.109010,0.429759,0.668362,-0.296509,-1.184569,0.069393,1.281876,-1.888477,1.879730,3.742725,-0.630455,0.038057,-0.000007,-0.000842,0.000514,-0.000467,0.003430,-0.001561
19.309022,0.649567,-0.489753,0.025796,-0.321050,0.737657,0.953277,-0.517676,0.374381,-0.583453,0.210407,-0.109100,0.429826,0.668280,-0.296444,-1.184526,0.069393,1.281874,-1.888475,1.879728,3.742727,-0.630451,0.039687,-0.000189,-0.001332,0.001688,-0.001125,0.002722,0.000065
19.309948,0.649886,-0.488997,0.023072,-0.320529,0.736185,0.953785,-0.518217,0.369487,-0.578471,0.204797,-0.111041,0.430131,0.668118,-0.296421,-1.184491,0.069395,1.281870,-1.888479,1.879727,3.742733,-0.630455,0.038347,0.000254,-0.001924,-0.000757,-0.001509,0.004086,-0.001201
19.310987,0.648319,-0.488557,0.023333,-0.320898,0.735692,0.954113,-0.517921,0.366329,-0.574603,0.200765,-0.112480,0.430368,0.667889,-0.296424,-1.184454,0.069393,1.281872,-1.888480,1.879729,3.742733,-0.630453,0.037757,-0.000114,-0.000560,-0.001218,-0.000041,0.003560,-0.000104
19.312097,0.646962,-0.490071,0.021493,-0.321443,0.735994,0.953425,-0.517584,0.364171,-0.571759,0.197686,-0.112526,0.430414,0.667633,-0.296441,-1.184414,0.069393,1.281869,-1.888481,1.879730,3.742737,-0.630455,0.038065,-0.000328,-0.000675,-0.000828,0.000435,0.003206,-0.000707
19.312974,0.648974,-0.490137,0.024151,-0.321361,0.736767,0.954429,-0.518691,0.361457,-0.568644,0.193977,-0.111936,0.430360,0.667416,-0.296466,-1.184374,0.069393,1.281871,-1.888479,1.879731,3.742742,-0.630458,0.038262,0.000433,0.000237,-0.000319,0.000109,0.003874,-0.001370
19.314073,0.651994,-0.490752,0.022151,-0.321302,0.734886,0.953928,-0.518032,0.359246,-0.565973,0.190657,-0.111279,0.430282,0.667238,-0.296475,-1.184339,0.069393,1.281869,-1.888479,1.879730,3.742744,-0.630452,0.036827,0.000465,-0.001092,-0.000417,-0.000653,0.002845,0.000851
19.314985,0.648612,-0.489407,0.024603,-0.322440,0.735866,0.954267,-0.517659,0.360647,-0.565830,0.190807,-0.110620,0.430170,0.667016,-0.296439,-1.184308,0.069395,1.281871,-1.888481,1.879736,3.742748,-0.630454,0.034929,0.000757,-0.000090,-0.000439,0.001193,0.003332,-0.000495
19.315965,0.645150,-0.488951,0.022543,-0.322526,0.735553,0.955295,-0.517818,0.366340,-0.568283,0.195057,-0.110276,0.430040,0.666683,-0.296370,-1.184271,0.069393,1.281869,-1.888477,1.879731,3.742750,-0.630458,0.036209,0.000096,-0.001317,0.000626,0.000236,0.002977,-0.001220
19.316939,0.649571,-0.488786,0.021024,-0.321823,0.734282,0.955149,-0.517230,0.372757,-0.570408,0.199855,-0.110924,0.429992,0.666301,-0.296293,-1.184231,0.069393,1.281873,-1.888475,1.879731,3.742752,-0.630454,0.037465,-0.000127,-0.000312,0.000644,0.000559,0.001932,-0.000905
19.318070,0.647949,-0.488187,0.021276,-0.321351,0.735594,0.954517,-0.517901,0.377134,-0.570519,0.202563,-0.112307,0.430010,0.665956,-0.296218,-1.184202,0.069393,1.281874,-1.888476,1.879737,3.742756,-0.630458,0.034863,-0.000208,0.000438,-0.000027,0.001786,0.002062,-0.002080
19.318967,0.644063,-0.489322,0.022903,-0.320612,0.735378,0.954807,-0.517288,0.380340,-0.569663,0.204151,-0.113543,0.429989,0.665621,-0.296146,-1.184166,0.069393,1.281875,-1.888478,1.879733,3.742760,-0.630458,0.035276,-0.000510,0.000283,-0.000445,0.000485,0.002677,-0.000716
19.319979,0.647742,-0.490150,0.021055,-0.321448,0.735889,0.955632,-0.517959,0.382777,-0.568615,0.205090,-0.113938,0.429846,0.665300,-0.296074,-1.184126,0.069393,1.281872,-1.888479,1.879732,3.742762,-0.630461,0.036755,0.000066,-0.000493,-0.001169,0.000726,0.002364,-0.001955
19.321056,0.647727,-0.486728,0.020548,-0.321469,0.737484,0.955640,-0.518235,0.384548,-0.568029,0.205572,-0.113303,0.429553,0.665066,-0.296001,-1.184097,0.069394,1.281873,-1.888477,1.879735,3.742763,-0.630458,0.034527,0.000458,0.000429,-0.000366,0.000179,0.001526,-0.000599
19.321954,0.647424,-0.487182,0.022905,-0.322586,0.735670,0.955514,-0.517572,0.386548,-0.567900,0.206488,-0.112645,0.429258,0.664873,-0.295918,-1.184065,0.069391,1.281875,-1.888477,1.879730,3.742767,-0.630456,0.034166,-0.001229,0.000657,-0.000369,-0.001374,0.001505,-0.000061
19.322952,0.648798,-0.491875,0.019482,-0.320260,0.736031,0.955837,-0.517316,0.389015,-0.567107,0.207977,-0.113209,0.429142,0.664605,-0.295838,-1.184031,0.069393,1.281873,-1.888475,1.879734,3.742771,-0.630460,0.033914,-0.001009,-0.000515,0.000710,0.000426,0.001610,-0.001390
19.324088,0.645996,-0.487104,0.020461,-0.320620,0.735863,0.955816,-0.516943,0.392894,-0.567164,0.211005,-0.114176,0.429080,0.664282,-0.295773,-1.184001,0.069399,1.281877,-1.888480,1.879732,3.742772,-0.630461,0.032856,0.001285,0.001175,-0.001511,0.000068,0.001274,-0.001891
19.324970,0.646272,-0.487736,0.019331,-0.321985,0.736364,0.955974,-0.517950,0.397543,-0.569137,0.215058,-0.113876,0.428838,0.664020,-0.295715,-1.183966,0.069392,1.281877,-1.888479,1.879735,3.742773,-0.630461,0.033853,-0.001059,0.000665,-0.001161,0.000209,0.001290,-0.002638
19.325941,0.648840,-0.490849,0.018938,-0.323433,0.737912,0.955441,-0.517401,0.400400,-0.570294,0.217518,-0.113130,0.428539,0.663808,-0.295662,-1.183934,0.069391,1.281877,-1.888476,1.879736,3.742776,-0.630458,0.033318,-0.000709,0.001238,0.000158,-0.000306,0.001117,-0.000608
19.327076,0.645432,-0.492471,0.020857,-0.322618,0.736100,0.955477,-0.516973,0.402288,-0.570225,0.219039,-0.113758,0.428433,0.663582,-0.295613,-1.183904,0.069395,1.281881,-1.888472,1.879731,3.742780,-0.630461,0.031671,0.000812,0.001390,0.001510,-0.001812,0.001630,-0.001725
19.328093,0.646303,-0.486566,0.023702,-0.322206,0.736865,0.955563,-0.517188,0.405983,-0.571688,0.222359,-0.115652,0.428490,0.663351,-0.295567,-1.183869,0.069397,1.281879,-1.888474,1.879735,3.742782,-0.630464,0.032980,0.001593,0.000439,0.000722,-0.000012,0.001575,-0.002566
19.328939,0.644421,-0.485940,0.022487,-0.322100,0.736825,0.955108,-0.517319,0.411632,-0.574928,0.227674,-0.117846,0.428571,0.663088,-0.295521,-1.183839,0.069389,1.281877,-1.888477,1.879732,3.742786,-0.630464,0.032161,-0.001305,-0.000960,0.000367,-0.000770,0.001467,-0.002125
19.329993,0.642446,-0.487825,0.021698,-0.322657,0.737525,0.953731,-0.517156,0.417294,-0.577282,0.233073,-0.120335,0.428689,0.662692,-0.295463,-1.183805,0.069387,1.281879,-1.888477,1.879731,3.742790,-0.630465,0.032712,-0.001566,-0.000357,0.000271,-0.000714,0.001905,-0.001861
19.330991,0.646052,-0.487147,0.023376,-0.323328,0.736601,0.954183,-0.517400,0.420730,-0.577052,0.236371,-0.123235,0.428872,0.662189,-0.295388,-1.183772,0.069389,1.281879,-1.888475,1.879731,3.742797,-0.630466,0.033298,-0.000635,0.000032,0.000779,-0.001421,0.003250,-0.002186
19.331942,0.645218,-0.489672,0.021869,-0.322702,0.735768,0.955025,-0.517745,0.422638,-0.575431,0.238291,-0.126501,0.429111,0.661626,-0.295286,-1.183744,0.069387,1.281877,-1.888472,1.879734,3.742798,-0.630466,0.031132,-0.000962,-0.000796,0.001398,-0.000506,0.002771,-0.001691
19.333042,0.642069,-0.487119,0.022077,-0.322613,0.736859,0.954555,-0.518753,0.425836,-0.574889,0.241642,-0.129877,0.429363,0.660998,-0.295132,-1.183713,0.069389,1.281879,-1.888474,1.879735,3.742800,-0.630466,0.031207,0.000292,-0.000050,0.000808,0.000316,0.001911,-0.001002
19.334029,0.642164,-0.486825,0.024594,-0.322331,0.737884,0.954650,-0.518332,0.429429,-0.575405,0.245580,-0.132679,0.429536,0.660397,-0.294925,-1.183678,0.069385,1.281878,-1.888474,1.879732,3.742802,-0.630460,0.032370,-0.000964,-0.000156,0.000724,-0.000763,0.002382,0.001002
19.335170,0.640932,-0.486427,0.020065,-0.322269,0.736871,0.953579,-0.518714,0.431322,-0.575154,0.247992,-0.134891,0.429661,0.659852,-0.294682,-1.183648,0.069384,1.281876,-1.888474,1.879729,3.742805,-0.630463,0.031943,-0.001080,-0.001403,0.000440,-0.001762,0.002265,0.000147
19.336067,0.639624,-0.487238,0.023601,-0.322472,0.737065,0.953918,-0.518692,0.431028,-0.573299,0.248346,-0.136712,0.429784,0.659328,-0.294433,-1.183614,0.069381,1.281884,-1.888475,1.879731,3.742811,-0.630462,0.032162,-0.001254,0.000804,0.000383,-0.000748,0.003312,0.000921
19.337009,0.639557,-0.488154,0.022486,-0.321762,0.737446,0.954944,-0.517988,0.424057,-0.565894,0.242957,-0.138828,0.429873,0.658418,-0.294021,-1.183551,0.069383,1.281881,-1.888474,1.879733,3.742813,-0.630466,0.032083,-0.000398,-0.000387,-0.000149,-0.001363,0.001914,-0.000538
19.338123,0.641523,-0.487938,0.022895,-0.320491,0.737303,0.954575,-0.518909,0.424057,-0.565894,0.242957,-0.138828,0.429873,0.658418,-0.294021,-1.183551,0.069383,1.281881,-1.888474,1.879733,3.742813,-0.630466,0.032083,-0.000398,-0.000387,-0.000149,-0.001363,0.001914,-0.000538
19.338966,0.639678,-0.489318,0.022248,-0.321049,0.735773,0.953826,-0.518078,0.420766,-0.563629,0.240573,-0.138255,0.429686,0.658054,-0.293875,-1.183522,0.069379,1.281881,-1.888476,1.879732,3.742817,-0.630462,0.030749,-0.000469,-0.000593,-0.001381,-0.001203,0.002272,0.001323
19.339970,0.640105,-0.490482,0.024436,-0.320752,0.736614,0.954293,-0.518067,0.419199,-0.565979,0.240990,-0.132552,0.428625,0.657356,-0.293655,-1.183461,0.069379,1.281880,-1.888475,1.879732,3.742821,-0.630467,0.030725,0.000807,-0.001359,-0.001131,-0.000525,0.002521,-0.000360
19.341046,0.636888,-0.488042,0.021816,-0.321710,0.735603,0.954023,-0.517530,0.419199,-0.565979,0.240990,-0.132552,0.428625,0.657356,-0.293655,-1.183461,0.069379,1.281880,-1.888475,1.879732,3.742821,-0.630467,0.030725,0.000807,-0.001359,-0.001131,-0.000525,0.002521,-0.000360
19.342028,0.636243,-0.487516,0.023377,-0.322062,0.736031,0.953051,-0.517674,0.420124,-0.569293,0.242863,-0.128819,0.427963,0.657009,-0.293586,-1.183426,0.069375,1.281881,-1.888472,1.879733,3.742823,-0.630470,0.031930,-0.000381,-0.000046,-0.000217,0.000496,0.002790,-0.001432
19.342965,0.636417,-0.487755,0.022095,-0.321728,0.735412,0.953264,-0.518514,0.418915,-0.570332,0.242511,-0.126116,0.427462,0.656655,-0.293545,-1.183395,0.069374,1.281881,-1.888472,1.879733,3.742829,-0.630470,0.031877,-0.000625,-0.000840,0.000128,0.000054,0.003730,-0.001128
19.344056,0.632978,-0.487790,0.020331,-0.322799,0.734730,0.954565,-0.517788,0.415136,-0.568316,0.239476,-0.124856,0.427182,0.656255,-0.293507,-1.183366,0.069374,1.281881,-1.888474,1.879733,3.742832,-0.630467,0.031430,-0.000499,-0.000190,-0.000163,0.000683,0.003487,0.000554
19.345041,0.634932,-0.487128,0.021039,-0.323290,0.735246,0.954015,-0.518314,0.408823,-0.563746,0.233829,-0.124705,0.427070,0.655872,-0.293462,-1.183330,0.069374,1.281883,-1.888472,1.879736,3.742831,-0.630470,0.032738,-0.000476,0.000667,0.000870,0.001343,0.002180,-0.000918
19.345982,0.635882,-0.484879,0.022984,-0.321519,0.735391,0.954445,-0.517639,0.399560,-0.556445,0.225146,-0.125873,0.427141,0.655567,-0.293417,-1.183301,0.069372,1.281883,-1.888471,1.879736,3.742835,-0.630467,0.031389,-0.000797,0.000300,0.001313,0.000808,0.002729,0.000148
19.347092,0.633949,-0.488639,0.024558,-0.320835,0.735978,0.954011,-0.518561,0.390011,-0.547932,0.216013,-0.128136,0.427362,0.655238,-0.293362,-1.183271,0.069370,1.281881,-1.888474,1.879737,3.742837,-0.630471,0.030554,-0.001902,-0.000654,-0.000387,0.000659,0.002277,-0.001211
19.347981,0.634462,-0.488515,0.024426,-0.322008,0.736479,0.954364,-0.518208,0.383277,-0.541048,0.209535,-0.129909,0.427508,0.654828,-0.293283,-1.183239,0.069374,1.281880,-1.888477,1.879736,3.742840,-0.630467,0.031149,-0.000037,-0.001418,-0.001007,0.000083,0.002699,0.000645
19.349001,0.633357,-0.486332,0.024303,-0.322303,0.737223,0.954334,-0.517969,0.380468,-0.537689,0.206846,-0.130372,0.427458,0.654401,-0.293179,-1.183208,0.069373,1.281877,-1.888473,1.879733,3.742845,-0.630469,0.030518,-0.000111,-0.001317,0.000098,-0.000393,0.002311,-0.000077
19.350037,0.631109,-0.486605,0.020639,-0.323798,0.736915,0.954158,-0.517967,0.380509,-0.536576,0.206808,-0.130716,0.427379,0.653965,-0.293069,-1.183176,0.069371,1.281877,-1.888473,1.879734,3.742847,-0.630470,0.030695,-0.001186,-0.001252,0.000373,-0.001146,0.002332,-0.000546
19.350988,0.632008,-0.486005,0.021497,-0.320856,0.736842,0.953480,-0.517344,0.379894,-0.534152,0.205884,-0.132407,0.427476,0.653523,-0.292964,-1.183145,0.069371,1.281881,-1.888469,1.879734,3.742849,-0.630471,0.031446,-0.001035,0.000549,0.001790,-0.000826,0.002496,-0.000545
19.351963,0.631896,-0.490009,0.022594,-0.321951,0.736801,0.952538,-0.517375,0.376178,-0.528982,0.201721,-0.135037,0.427692,0.653119,-0.292864,-1.183117,0.069370,1.281881,-1.888476,1.879734,3.742852,-0.630475,0.030651,-0.001331,0.000096,-0.001017,-0.000759,0.003162,-0.001784
19.352976,0.627264,-0.489105,0.024322,-0.321511,0.737680,0.953319,-0.518042,0.371665,-0.523951,0.196702,-0.136789,0.427784,0.652743,-0.292757,-1.183087,0.069374,1.281877,-1.888474,1.879735,3.742856,-0.630475,0.030352,0.000653,-0.000407,0.000073,-0.000726,0.004081,-0.001710
19.353985,0.627711,-0.490388,0.023679,-0.323307,0.736526,0.953724,-0.517553,0.368824,-0.521544,0.193253,-0.137105,0.427690,0.652395,-0.292624,-1.183052,0.069372,1.281875,-1.888476,1.879731,3.742858,-0.630469,0.032268,0.000201,-0.001245,-0.000338,-0.001577,0.003270,-0.000389
19.355043,0.629590,-0.489996,0.024399,-0.322884,0.735755,0.954223,-0.518575,0.366864,-0.520849,0.190554,-0.136914,0.427554,0.652120,-0.292472,-1.183023,0.069374,1.281875,-1.888472,1.879729,3.742857,-0.630474,0.031664,0.000830,-0.000908,0.001386,-0.000386,0.002875,-0.001369
19.356051,0.626484,-0.490991,0.021893,-0.321772,0.735424,0.954358,-0.518306,0.366098,-0.521382,0.188923,-0.137103,0.427498,0.651898,-0.292318,-1.182995,0.069374,1.281875,-1.888472,1.879733,3.742861,-0.630470,0.030382,0.000626,-0.001274,0.000941,0.000345,0.002354,0.000691
19.357037,0.626457,-0.489040,0.025541,-0.322989,0.736406,0.953317,-0.517913,0.366656,-0.523299,0.188567,-0.137237,0.427450,0.651722,-0.292175,-1.182961,0.069375,1.281879,-1.888477,1.879735,3.742862,-0.630471,0.031557,0.001109,-0.000053,-0.000074,0.000649,0.002213,0.000127
19.357953,0.626799,-0.489171,0.022290,-0.320768,0.737183,0.952529,-0.518248,0.367256,-0.527319,0.187280,-0.136349,0.427262,0.651416,-0.292024,-1.182902,0.069374,1.281877,-1.888475,1.879732,3.742872,-0.630471,0.030670,0.000216,-0.000229,-0.001136,-0.001094,0.003992,0.000023
19.359068,0.624755,-0.488625,0.023307,-0.321748,0.737257,0.953671,-0.517477,0.367256,-0.527319,0.187280,-0.136349,0.427262,0.651416,-0.292024,-1.182902,0.069374,1.281877,-1.888475,1.879732,3.742872,-0.630471,0.030670,0.000216,-0.000229,-0.001136,-0.001094,0.003992,0.000023
19.360098,0.627252,-0.490063,0.026042,-0.320454,0.736638,0.953867,-0.517887,0.366639,-0.528283,0.185712,-0.135304,0.427157,0.651211,-0.292034,-1.182870,0.069374,1.281876,-1.888472,1.879730,3.742870,-0.630475,0.031324,-0.000060,-0.000743,-0.000180,-0.001136,0.002844,-0.001521
19.360977,0.626471,-0.493483,0.027221,-0.323108,0.736044,0.952978,-0.517759,0.366324,-0.529500,0.184463,-0.133563,0.427011,0.651017,-0.292087,-1.182844,0.069376,1.281872,-1.888476,1.879732,3.742872,-0.630473,0.029737,0.000642,-0.002070,-0.001404,-0.000532,0.002647,-0.000687
19.362075,0.625139,-0.490289,0.023812,-0.322239,0.736037,0.953531,-0.518171,0.370335,-0.534027,0.187461,-0.131453,0.426831,0.650802,-0.292148,-1.182812,0.069380,1.281869,-1.888471,1.879734,3.742877,-0.630475,0.029768,0.002313,-0.002623,0.001152,0.000039,0.003517,-0.000945
19.363037,0.622741,-0.490725,0.025320,-0.321594,0.737047,0.952633,-0.518296,0.378295,-0.541405,0.194273,-0.129883,0.426703,0.650579,-0.292197,-1.182781,0.069376,1.281873,-1.888472,1.879736,3.742878,-0.630477,0.030057,0.000726,-0.000941,0.000292,0.000023,0.002941,-0.000104
19.364016,0.625006,-0.489652,0.023582,-0.323285,0.735783,0.954084,-0.518124,0.385469,-0.547866,0.200250,-0.129041,0.426652,0.650408,-0.292230,-1.182747,0.069377,1.281868,-1.888474,1.879732,3.742883,-0.630475,0.030859,0.000949,-0.001658,-0.000301,-0.000960,0.003821,0.000133
19.365078,0.625795,-0.490782,0.024913,-0.321415,0.735600,0.953586,-0.518798,0.390201,-0.551973,0.203801,-0.128841,0.426669,0.650289,-0.292245,-1.182721,0.069375,1.281869,-1.888471,1.879735,3.742883,-0.630475,0.029390,0.000429,-0.000789,0.001320,0.000297,0.002349,-0.000217
19.366090,0.621840,-0.490365,0.020597,-0.321655,0.735480,0.952825,-0.518407,0.394391,-0.555008,0.206812,-0.129339,0.426748,0.650176,-0.292239,-1.182694,0.069377,1.281865,-1.888474,1.879735,3.742887,-0.630475,0.028674,0.000984,-0.001420,-0.000492,0.000476,0.002841,0.001146
19.366985,0.621030,-0.490455,0.024700,-0.322280,0.735566,0.952416,-0.518603,0.397780,-0.557481,0.209094,-0.129552,0.426747,0.650094,-0.292220,-1.182659,0.069379,1.281871,-1.888474,1.879736,3.742891,-0.630479,0.030258,0.000743,0.000698,-0.000232,0.000579,0.003582,0.000361
19.368093,0.621064,-0.492665,0.025115,-0.320497,0.735755,0.951709,-0.518835,0.398296,-0.558194,0.208618,-0.129306,0.426653,0.650080,-0.292207,-1.182630,0.069378,1.281867,-1.888473,1.879734,3.742893,-0.630478,0.030294,0.000803,-0.001352,0.000358,0.000512,0.003974,0.000759
19.368978,0.624354,-0.487454,0.025482,-0.322396,0.735175,0.951883,-0.518146,0.397879,-0.558580,0.207294,-0.128594,0.426491,0.650086,-0.292195,-1.182600,0.069382,1.281865,-1.888477,1.879733,3.742897,-0.630476,0.029924,0.001871,-0.001515,-0.001355,0.000337,0.004663,0.001218
19.369966,0.623871,-0.492307,0.025823,-0.323075,0.734609,0.950986,-0.518441,0.399557,-0.560330,0.208103,-0.127487,0.426293,0.649990,-0.292180,-1.182577,0.069375,1.281864,-1.888474,1.879734,3.742899,-0.630479,0.027986,-0.000681,-0.001690,0.000515,0.000911,0.004468,-0.000166
19.371101,0.623193,-0.488133,0.024246,-0.322458,0.735435,0.951922,-0.518618,0.404439,-0.563019,0.212017,-0.127398,0.426251,0.649689,-0.292169,-1.182549,0.069381,1.281864,-1.888472,1.879736,3.742903,-0.630477,0.027910,0.001712,-0.001859,0.001139,0.001455,0.005354,0.000434
19.372005,0.623651,-0.489572,0.023250,-0.322429,0.735863,0.952868,-0.518470,0.411770,-0.566201,0.218245,-0.128705,0.426399,0.649229,-0.292164,-1.182521,0.069378,1.281865,-1.888474,1.879736,3.742903,-0.630476,0.027913,-0.000381,-0.001067,0.000562,0.000623,0.004397,0.000784
19.373050,0.623006,-0.491896,0.024740,-0.322561,0.735637,0.952655,-0.518679,0.418796,-0.568446,0.224129,-0.130756,0.426652,0.648744,-0.292175,-1.182495,0.069378,1.281866,-1.888474,1.879735,3.742904,-0.630478,0.027363,0.000365,-0.000592,0.000540,0.000207,0.003444,0.000487
19.374002,0.621631,-0.488282,0.025903,-0.323164,0.735316,0.952969,-0.518135,0.425239,-0.570282,0.229447,-0.132896,0.426917,0.648329,-0.292213,-1.182467,0.069380,1.281863,-1.888474,1.879735,3.742907,-0.630477,0.027354,0.001511,-0.001305,0.000673,0.000439,0.003649,0.000909
19.375023,0.621472,-0.490623,0.020174,-0.321104,0.735035,0.952233,-0.518485,0.432122,-0.572752,0.235221,-0.134971,0.427163,0.647978,-0.292274,-1.182439,0.069376,1.281860,-1.888472,1.879735,3.742911,-0.630479,0.027711,-0.000277,-0.001857,0.001231,0.000762,0.003308,-0.000187
19.375977,0.620521,-0.490257,0.022654,-0.321593,0.735437,0.951660,-0.518439,0.437424,-0.574303,0.239531,-0.136754,0.427355,0.647687,-0.292353,-1.182411,0.069378,1.281868,-1.888477,1.879737,3.742912,-0.630478,0.027452,0.000897,0.000950,-0.000752,0.001017,0.004046,0.000528
19.377036,0.621224,-0.489108,0.020156,-0.320962,0.734863,0.951594,-0.517570,0.439372,-0.574453,0.240768,-0.137225,0.427358,0.647508,-0.292453,-1.182383,0.069378,1.281867,-1.888475,1.879735,3.742916,-0.630474,0.027595,0.000698,-0.000317,-0.000273,0.000631,0.004595,0.000413
19.378032,0.620889,-0.487131,0.021575,-0.322700,0.735772,0.953215,-0.518325,0.438741,-0.573698,0.239690,-0.136384,0.427183,0.647405,-0.292596,-1.182359,0.069376,1.281869,-1.888476,1.879737,3.742918,-0.630480,0.026945,0.000145,0.000932,-0.000884,0.001198,0.004643,-0.001318
19.378981,0.621653,-0.488015,0.020849,-0.321886,0.735674,0.953648,-0.517960,0.436217,-0.571307,0.236849,-0.135549,0.427022,0.647307,-0.292792,-1.182334,0.069376,1.281867,-1.888472,1.879736,3.742917,-0.630480,0.026810,-0.000840,0.000224,0.000780,0.000285,0.003012,0.000225
19.380094,0.620453,-0.489887,0.020587,-0.321495,0.735993,0.953525,-0.519338,0.432703,-0.567165,0.233027,-0.135785,0.427018,0.647203,-0.293010,-1.182308,0.069379,1.281867,-1.888474,1.879736,3.742920,-0.630485,0.026115,-0.000427,0.000602,-0.000010,0.000385,0.002572,-0.000509
19.380989,0.618503,-0.486719,0.020551,-0.322404,0.737740,0.953252,-0.517681,0.429506,-0.563027,0.229538,-0.136447,0.427066,0.647149,-0.293216,-1.182281,0.069382,1.281868,-1.888476,1.879736,3.742925,-0.630475,0.026398,0.000483,0.000713,-0.000354,0.000063,0.002674,0.002240
19.381974,0.620498,-0.486148,0.020700,-0.322019,0.736258,0.952562,-0.518339,0.426121,-0.559106,0.225907,-0.137066,0.427106,0.647179,-0.293402,-1.182254,0.069378,1.281869,-1.888474,1.879732,3.742926,-0.630485,0.027054,-0.001084,0.000724,0.000524,-0.001660,0.002940,-0.001094
19.382963,0.617908,-0.484122,0.022258,-0.321545,0.736044,0.953850,-0.518271,0.421689,-0.553889,0.221242,-0.138413,0.427263,0.647207,-0.293577,-1.182232,0.069376,1.281867,-1.888476,1.879737,3.742930,-0.630482,0.025781,-0.001332,0.000673,0.000170,-0.000194,0.003608,0.000259
19.384063,0.618187,-0.488994,0.020003,-0.322210,0.736028,0.953646,-0.518569,0.416721,-0.547351,0.216080,-0.140368,0.427523,0.647161,-0.293729,-1.182204,0.069372,1.281864,-1.888478,1.879735,3.742927,-0.630482,0.026752,-0.002304,-0.000084,-0.000252,0.000029,0.002322,0.000109
19.385022,0.615686,-0.487575,0.017252,-0.321185,0.737075,0.953794,-0.518212,0.411717,-0.540780,0.211004,-0.142129,0.427769,0.647122,-0.293851,-1.182180,0.069378,1.281868,-1.888475,1.879736,3.742934,-0.630482,0.026319,0.000099,0.001018,0.000345,0.000035,0.002500,0.000710
19.386075,0.617829,-0.488712,0.021901,-0.321443,0.737951,0.954025,-0.518012,0.405749,-0.534868,0.205198,-0.143068,0.427916,0.647246,-0.293958,-1.182152,0.069376,1.281870,-1.888479,1.879735,3.742935,-0.630483,0.027240,-0.000619,0.002368,-0.000611,-0.001012,0.002343,-0.000012
19.387087,0.616207,-0.487617,0.021433,-0.321426,0.737237,0.953843,-0.517902,0.399074,-0.530026,0.198951,-0.142967,0.427950,0.647536,-0.294053,-1.182128,0.069376,1.281866,-1.888477,1.879733,3.742937,-0.630485,0.025863,-0.000039,0.000059,-0.000370,-0.001871,0.002097,-0.000402
19.388001,0.616983,-0.486034,0.019371,-0.322187,0.736553,0.954207,-0.518680,0.394487,-0.527467,0.194970,-0.142210,0.427931,0.647853,-0.294115,-1.182101,0.069376,1.281868,-1.888477,1.879733,3.742939,-0.630485,0.026366,-0.000591,0.000295,-0.000395,-0.001141,0.002269,-0.000621
19.389019,0.615012,-0.487396,0.017846,-0.321722,0.735285,0.954139,-0.517580,0.391673,-0.526115,0.192898,-0.141570,0.427946,0.648118,-0.294130,-1.182077,0.069375,1.281870,-1.888475,1.879736,3.742940,-0.630481,0.025681,-0.001383,0.001305,0.000313,-0.000481,0.001898,0.000939
19.390123,0.616644,-0.485782,0.019538,-0.321340,0.735995,0.954469,-0.517913,0.387784,-0.523728,0.189903,-0.141393,0.428020,0.648369,-0.294108,-1.182050,0.069377,1.281874,-1.888475,1.879737,3.742943,-0.630487,0.026353,-0.000712,0.002023,-0.000169,0.000783,0.001952,-0.001276
19.391113,0.616320,-0.488051,0.019783,-0.319585,0.735987,0.954250,-0.517684,0.382588,-0.520550,0.185727,-0.141173,0.428076,0.648647,-0.294073,-1.182026,0.069374,1.281873,-1.888474,1.879738,3.742943,-0.630484,0.025232,-0.001497,0.001176,-0.000552,0.000045,0.001615,-0.000594
19.392038,0.613666,-0.490052,0.019983,-0.320414,0.735780,0.953047,-0.517505,0.378291,-0.518598,0.182530,-0.139944,0.427992,0.648936,-0.294025,-1.182000,0.069374,1.281872,-1.888478,1.879735,3.742946,-0.630488,0.025098,-0.000345,0.001063,-0.002235,0.000083,0.001819,-0.001047
19.393020,0.614578,-0.486118,0.022373,-0.320997,0.734659,0.952464,-0.518578,0.376162,-0.519576,0.181570,-0.136889,0.427658,0.649273,-0.293961,-1.181971,0.069376,1.281874,-1.888478,1.879738,3.742952,-0.630489,0.026084,0.000641,0.000945,-0.001370,0.000260,0.002997,-0.001399
19.394047,0.613049,-0.490156,0.021726,-0.322546,0.735335,0.953579,-0.517725,0.375786,-0.522651,0.182331,-0.132927,0.427183,0.649616,-0.293864,-1.181947,0.069370,1.281870,-1.888477,1.879739,3.742956,-0.630484,0.025320,-0.001287,-0.000219,-0.000815,0.001383,0.003550,0.000752
19.395028,0.612492,-0.489728,0.024777,-0.319967,0.736567,0.953278,-0.518474,0.377098,-0.526331,0.184608,-0.129912,0.426803,0.649867,-0.293715,-1.181920,0.069376,1.281872,-1.888473,1.879736,3.742958,-0.630487,0.025770,0.000701,0.000105,0.000646,0.000718,0.002410,-0.000979
19.396112,0.610858,-0.491027,0.020046,-0.320614,0.736242,0.953158,-0.517785,0.380565,-0.531345,0.188906,-0.127734,0.426519,0.650074,-0.293504,-1.181893,0.069374,1.281868,-1.888481,1.879733,3.742957,-0.630485,0.025729,0.000481,-0.001395,-0.001799,-0.000487,0.002728,0.000541
19.397000,0.610701,-0.490397,0.020177,-0.321895,0.735100,0.952592,-0.517889,0.385018,-0.537908,0.194231,-0.124997,0.426177,0.650326,-0.293241,-1.181866,0.069374,1.281872,-1.888479,1.879736,3.742960,-0.630488,0.026222,0.001138,0.000959,-0.001162,-0.000175,0.002829,-0.000852
19.397989,0.612430,-0.491884,0.022213,-0.321286,0.736432,0.953174,-0.518156,0.387602,-0.543802,0.197794,-0.121980,0.425825,0.650646,-0.292961,-1.181840,0.069376,1.281874,-1.888476,1.879737,3.742963,-0.630488,0.025986,0.000795,0.000849,0.000068,0.000959,0.003381,-0.000629
19.399025,0.611142,-0.489355,0.019965,-0.319383,0.736172,0.952940,-0.517233,0.388938,-0.548732,0.200126,-0.119673,0.425582,0.650964,-0.292686,-1.181819,0.069378,1.281873,-1.888479,1.879734,3.742964,-0.630487,0.024851,0.001523,-0.000163,-0.000510,-0.000367,0.002780,-0.000098
19.400046,0.611005,-0.488371,0.019969,-0.320538,0.734994,0.952636,-0.518082,0.390778,-0.553865,0.202969,-0.117420,0.425367,0.651227,-0.292422,-1.181794,0.069375,1.281875,-1.888483,1.879734,3.742968,-0.630492,0.025211,0.000283,0.000959,-0.002317,-0.000089,0.003000,-0.001946
19.400949,0.610482,-0.489709,0.023026,-0.322085,0.735296,0.953163,-0.517849,0.391340,-0.557746,0.204585,-0.114661,0.425102,0.651438,-0.292174,-1.181770,0.069374,1.281874,-1.888483,1.879739,3.742971,-0.630489,0.024991,-0.000195,0.000950,-0.001126,0.001045,0.003287,-0.000224
19.402049,0.605938,-0.491872,0.021391,-0.321220,0.734677,0.953346,-0.518688,0.390686,-0.559638,0.204891,-0.112553,0.424918,0.651557,-0.291923,-1.181745,0.069374,1.281872,-1.888479,1.879737,3.742970,-0.630490,0.024947,0.000481,-0.000564,0.000322,0.000757,0.002759,-0.000707
19.402968,0.605529,-0.488032,0.022899,-0.322596,0.733641,0.953279,-0.518119,0.390111,-0.560857,0.205064,-0.111541,0.424849,0.651637,-0.291662,-1.181715,0.069377,1.281875,-1.888480,1.879739,3.742973,-0.630487,0.026884,0.001532,0.000232,-0.000533,0.001360,0.002560,0.000977
19.403987,0.605123,-0.487257,0.022870,-0.322988,0.733763,0.952414,-0.518048,0.387945,-0.560807,0.203479,-0.111179,0.424821,0.651774,-0.291403,-1.181690,0.069374,1.281873,-1.888479,1.879741,3.742974,-0.630489,0.026767,-0.000375,-0.000502,0.000820,0.002384,0.002623,-0.000179
19.404997,0.607788,-0.487821,0.019865,-0.323352,0.733571,0.951604,-0.518407,0.383231,-0.557736,0.199179,-0.112206,0.424928,0.651880,-0.291166,-1.181664,0.069374,1.281871,-1.888477,1.879740,3.742978,-0.630491,0.026665,-0.000748,-0.000458,0.001164,0.002257,0.003475,-0.000301
19.406028,0.605624,-0.489011,0.021718,-0.323035,0.734287,0.951557,-0.518666,0.377047,-0.551824,0.193274,-0.115075,0.425234,0.651850,-0.290955,-1.181642,0.069374,1.281872,-1.888477,1.879741,3.742982,-0.630486,0.025053,-0.000466,0.001038,0.001526,0.002443,0.004259,0.000403
19.406953,0.604747,-0.487040,0.019493,-0.323161,0.733652,0.952301,-0.517618,0.370783,-0.544972,0.187248,-0.118953,0.425630,0.651714,-0.290779,-1.181615,0.069375,1.281872,-1.888475,1.879740,3.742983,-0.630483,0.025832,0.000118,0.000091,0.001163,0.001733,0.004290,0.000909
19.408070,0.605947,-0.487324,0.020099,-0.320787,0.735058,0.953516,-0.518145,0.364378,-0.537947,0.181099,-0.122981,0.426019,0.651559,-0.290671,-1.181590,0.069376,1.281874,-1.888475,1.879739,3.742985,-0.630488,0.025962,-0.000887,0.001196,0.001283,0.002390,0.003524,-0.001196
19.408977,0.606353,-0.487135,0.019146,-0.320045,0.733109,0.953564,-0.517621,0.356972,-0.530605,0.174051,-0.126232,0.426299,0.651463,-0.290657,-1.181567,0.069378,1.281875,-1.888479,1.879738,3.742988,-0.630485,0.025075,-0.000762,0.000878,-0.001008,0.000972,0.002289,-0.000120
19.409939,0.605021,-0.485833,0.021904,-0.320504,0.734415,0.952896,-0.517251,0.349488,-0.524324,0.167112,-0.127292,0.426288,0.651448,-0.290721,-1.181543,0.069378,1.281876,-1.888481,1.879741,3.742991,-0.630491,0.024592,-0.000862,0.001340,-0.001688,0.002917,0.002236,-0.001165
19.411036,0.607096,-0.484153,0.021372,-0.321365,0.734149,0.953299,-0.517772,0.343146,-0.519923,0.161439,-0.126051,0.425968,0.651460,-0.290837,-1.181518,0.069376,1.281872,-1.888479,1.879739,3.742994,-0.630496,0.024966,-0.001493,-0.000011,-0.001269,0.001608,0.002893,-0.001885
19.411991,0.604050,-0.486134,0.020899,-0.322970,0.733785,0.953317,-0.517632,0.338623,-0.516528,0.157504,-0.124278,0.425590,0.651387,-0.290966,-1.181497,0.069374,1.281874,-1.888478,1.879736,3.742994,-0.630494,0.023660,-0.002308,0.000254,-0.000421,0.001912,0.002477,-0.000834
19.413042,0.606199,-0.488599,0.022006,-0.322569,0.735105,0.952332,-0.518249,0.335762,-0.513176,0.155007,-0.123710,0.425396,0.651206,-0.291066,-1.181469,0.069376,1.281876,-1.888475,1.879739,3.742998,-0.630494,0.024871,-0.001329,0.000463,0.001099,0.002248,0.002442,-0.001123
19.414008,0.608090,-0.485802,0.021910,-0.320658,0.734056,0.952253,-0.517871,0.334705,-0.510648,0.154088,-0.124623,0.425414,0.650983,-0.291119,-1.181448,0.069380,1.281875,-1.888477,1.879736,3.743003,-0.630491,0.023519,-0.000137,-0.000078,0.000731,0.000944,0.003407,0.000115
19.414954,0.605837,-0.487956,0.022598,-0.323649,0.734906,0.952868,-0.518002,0.337041,-0.510934,0.156424,-0.125754,0.425472,0.650697,-0.291123,-1.181428,0.069377,1.281875,-1.888483,1.879740,3.743004,-0.630493,0.022328,-0.001521,-0.000025,-0.001042,0.001978,0.003469,-0.000654
19.416041,0.604323,-0.487004,0.021273,-0.322148,0.735902,0.952955,-0.518287,0.342651,-0.513820,0.161956,-0.126683,0.425511,0.650314,-0.291095,-1.181403,0.069377,1.281875,-1.888476,1.879737,3.743003,-0.630493,0.023179,-0.000420,-0.000373,0.001816,0.001140,0.002853,-0.000382
19.416999,0.603802,-0.487787,0.018519,-0.321699,0.735777,0.953075,-0.518107,0.349043,-0.517326,0.168194,-0.128179,0.425638,0.649928,-0.291056,-1.181379,0.069375,1.281877,-1.888477,1.879737,3.743005,-0.630491,0.023641,-0.000885,0.000273,0.000313,0.000143,0.002761,0.000183
19.418019,0.604384,-0.486507,0.021606,-0.322128,0.736217,0.952661,-0.517993,0.353118,-0.519806,0.172167,-0.129668,0.425785,0.649678,-0.291022,-1.181356,0.069376,1.281879,-1.888479,1.879740,3.743008,-0.630491,0.023628,-0.000503,0.001632,-0.000089,0.000250,0.002625,-0.000185
19.418987,0.604745,-0.488128,0.020654,-0.321356,0.735675,0.952820,-0.517900,0.354905,-0.522134,0.174038,-0.130795,0.425843,0.649528,-0.291011,-1.181314,0.069376,1.281875,-1.888477,1.879739,3.743010,-0.630494,0.022650,-0.000322,0.000606,-0.000473,0.000361,0.002866,-0.000588
19.420091,0.606389,-0.487512,0.020530,-0.320360,0.735878,0.953622,-0.518843,0.354905,-0.522134,0.174038,-0.130795,0.425843,0.649528,-0.291011,-1.181314,0.069376,1.281875,-1.888477,1.879739,3.743010,-0.630494,0.022650,-0.000322,0.000606,-0.000473,0.000361,0.002866,-0.000588
19.421152,0.605527,-0.487588,0.021616,-0.321167,0.734371,0.952492,-0.518341,0.356671,-0.524798,0.175953,-0.129967,0.425663,0.649496,-0.291025,-1.181294,0.069376,1.281875,-1.888479,1.879738,3.743011,-0.630491,0.021576,-0.000644,0.000665,-0.001434,0.000165,0.002049,0.001310
19.421939,0.606512,-0.488754,0.021506,-0.320481,0.733339,0.953719,-0.517884,0.359923,-0.529229,0.179455,-0.127851,0.425289,0.649459,-0.291040,-1.181272,0.069374,1.281872,-1.888478,1.879739,3.743017,-0.630495,0.021757,-0.000585,0.000142,-0.000640,0.001671,0.003162,0.000293
19.423049,0.604188,-0.484629,0.021455,-0.321715,0.734542,0.953370,-0.518483,0.364885,-0.535290,0.184722,-0.124930,0.424774,0.649385,-0.291059,-1.181252,0.069375,1.281874,-1.888477,1.879743,3.743018,-0.630498,0.021015,-0.000011,0.000185,-0.001348,0.002668,0.001908,-0.000612
19.424043,0.606165,-0.488091,0.021655,-0.323103,0.734076,0.953066,-0.517248,0.370304,-0.541541,0.190469,-0.121976,0.424223,0.649279,-0.291084,-1.181228,0.069370,1.281874,-1.888475,1.879740,3.743021,-0.630495,0.021908,-0.002033,0.000205,-0.000153,0.001466,0.002251,0.000594
19.424969,0.603663,-0.487666,0.019027,-0.321501,0.735082,0.953500,-0.518518,0.374891,-0.546009,0.195315,-0.120521,0.423853,0.649112,-0.291115,-1.181210,0.069374,1.281875,-1.888472,1.879740,3.743024,-0.630501,0.020677,-0.000310,0.000097,0.001181,0.001948,0.002538,-0.001887
19.426043,0.602085,-0.486952,0.020025,-0.321826,0.734756,0.953659,-0.518910,0.378567,-0.549027,0.199185,-0.120663,0.423681,0.648924,-0.291154,-1.181186,0.069373,1.281877,-1.888476,1.879736,3.743025,-0.630496,0.021670,-0.000529,0.001399,-0.000360,0.000966,0.002094,0.000684
19.426963,0.603351,-0.486743,0.018273,-0.321554,0.735263,0.953841,-0.517791,0.379680,-0.550438,0.200567,-0.121106,0.423552,0.648816,-0.291189,-1.181162,0.069371,1.281877,-1.888477,1.879736,3.743027,-0.630493,0.022164,-0.000864,0.000887,-0.000005,0.001308,0.001921,0.001439
19.427950,0.604660,-0.488193,0.020929,-0.321329,0.735375,0.954009,-0.517819,0.377402,-0.549575,0.198664,-0.121482,0.423436,0.648788,-0.291237,-1.181142,0.069370,1.281880,-1.888477,1.879738,3.743028,-0.630499,0.021276,-0.000959,0.001732,-0.000266,0.000772,0.001737,-0.000807
19.429142,0.605408,-0.489395,0.019772,-0.321913,0.734729,0.953503,-0.517436,0.374342,-0.548183,0.196025,-0.121710,0.423329,0.648771,-0.291312,-1.181125,0.069372,1.281875,-1.888478,1.879736,3.743028,-0.630498,0.020412,-0.000244,0.000443,-0.000484,0.000687,0.001567,-0.000732
19.429957,0.606117,-0.486536,0.021533,-0.321688,0.735033,0.953186,-0.517377,0.373707,-0.548816,0.195802,-0.121566,0.423190,0.648718,-0.291393,-1.181105,0.069374,1.281876,-1.888475,1.879738,3.743032,-0.630501,0.019809,0.000332,0.001029,0.000055,0.001316,0.002056,-0.001494
19.431015,0.604255,-0.487516,0.020672,-0.323584,0.735168,0.953206,-0.518518,0.376271,-0.551656,0.198704,-0.121409,0.423055,0.648568,-0.291446,-1.181088,0.069370,1.281876,-1.888477,1.879738,3.743036,-0.630505,0.019250,-0.001072,0.000140,-0.000151,0.001002,0.002345,-0.001590
19.431987,0.606532,-0.487880,0.021398,-0.323571,0.735031,0.952727,-0.517591,0.380546,-0.554716,0.203163,-0.122202,0.423064,0.648282,-0.291440,-1.181068,0.069370,1.281878,-1.888472,1.879735,3.743037,-0.630497,0.019949,-0.000563,0.000553,0.001667,0.000906,0.002318,0.000687
19.432960,0.605118,-0.488099,0.022107,-0.322441,0.735817,0.953893,-0.519008,0.385618,-0.557106,0.208234,-0.124645,0.423317,0.647882,-0.291366,-1.181051,0.069372,1.281877,-1.888471,1.879735,3.743038,-0.630502,0.018585,-0.000410,0.000197,0.001590,0.001040,0.002794,-0.001189
19.434100,0.606690,-0.490226,0.019589,-0.320802,0.734117,0.954226,-0.518248,0.391889,-0.559810,0.214399,-0.127957,0.423715,0.647427,-0.291237,-1.181030,0.069371,1.281875,-1.888472,1.879736,3.743038,-0.630496,0.019057,-0.000284,-0.000130,0.000491,0.000238,0.001614,0.001669
19.434943,0.604556,-0.489642,0.021580,-0.321248,0.736631,0.952874,-0.518525,0.398978,-0.564007,0.221473,-0.130084,0.423977,0.647036,-0.291062,-1.181015,0.069372,1.281878,-1.888477,1.879740,3.743040,-0.630500,0.018076,0.000775,0.001103,-0.001049,0.001923,0.001276,0.000121
19.435960,0.605574,-0.486553,0.021476,-0.321020,0.736313,0.952592,-0.518034,0.405906,-0.569883,0.228592,-0.129927,0.423954,0.646785,-0.290868,-1.180993,0.069372,1.281876,-1.888477,1.879737,3.743046,-0.630498,0.018895,0.000471,0.000108,-0.000564,-0.000605,0.002609,0.000687
19.436980,0.605743,-0.488744,0.020348,-0.321713,0.736642,0.953174,-0.517907,0.411932,-0.575756,0.234933,-0.128561,0.423820,0.646575,-0.290693,-1.180975,0.069368,1.281876,-1.888475,1.879735,3.743048,-0.630502,0.018165,-0.001041,0.000170,-0.000848,-0.000236,0.002868,-0.000296
19.438062,0.605288,-0.486266,0.022743,-0.322012,0.736542,0.953690,-0.518927,0.416580,-0.580051,0.239941,-0.127296,0.423769,0.646313,-0.290567,-1.180956,0.069372,1.281878,-1.888475,1.879735,3.743049,-0.630502,0.017854,0.000031,0.000718,-0.000158,-0.000576,0.002275,-0.000540
19.439046,0.602687,-0.490363,0.022524,-0.320354,0.736410,0.953718,-0.518565,0.420262,-0.582843,0.243969,-0.126758,0.423863,0.646010,-0.290482,-1.180938,0.069367,1.281876,-1.888473,1.879737,3.743052,-0.630499,0.017867,-0.001169,-0.000476,0.000096,-0.000485,0.001740,0.001509
19.439999,0.605525,-0.489741,0.021345,-0.323000,0.736626,0.952874,-0.518747,0.423409,-0.585045,0.247439,-0.126436,0.424007,0.645719,-0.290401,-1.180917,0.069372,1.281876,-1.888478,1.879738,3.743052,-0.630502,0.018926,0.000853,-0.000353,-0.001457,-0.000370,0.001715,0.000769
19.441018,0.604072,-0.486522,0.021486,-0.321305,0.736332,0.953797,-0.518862,0.426380,-0.587740,0.250720,-0.125750,0.424102,0.645490,-0.290306,-1.180900,0.069372,1.281878,-1.888471,1.879738,3.743057,-0.630501,0.017275,0.000520,0.000220,0.001046,-0.000585,0.002541,0.001142
19.442098,0.603562,-0.488541,0.023417,-0.322767,0.734266,0.954754,-0.517309,0.428911,-0.589984,0.253468,-0.125591,0.424266,0.645262,-0.290204,-1.180880,0.069368,1.281878,-1.888474,1.879737,3.743057,-0.630500,0.017788,-0.001057,0.000143,-0.000599,-0.000279,0.001598,0.001366
19.443068,0.604038,-0.485832,0.021789,-0.322850,0.736191,0.954151,-0.518632,0.430387,-0.590645,0.255015,-0.126238,0.424529,0.645008,-0.290112,-1.180863,0.069370,1.281876,-1.888471,1.879742,3.743057,-0.630508,0.017827,-0.000046,-0.000810,0.000800,0.001758,0.000642,-0.001742
19.444012,0.601468,-0.489993,0.021995,-0.320882,0.735483,0.953785,-0.518305,0.431045,-0.589877,0.255555,-0.127737,0.424878,0.644751,-0.290031,-1.180846,0.069366,1.281878,-1.888471,1.879736,3.743061,-0.630502,0.017377,-0.001378,-0.000000,0.000869,-0.000153,0.001237,0.000937
19.445028,0.599649,-0.489737,0.023423,-0.322170,0.735476,0.953709,-0.518454,0.430598,-0.588015,0.254813,-0.129546,0.425242,0.644526,-0.289932,-1.180824,0.069372,1.281878,-1.888477,1.879739,3.743063,-0.630503,0.018422,0.000670,-0.000112,-0.000971,0.000558,0.001584,0.000255
19.446022,0.598384,-0.485095,0.025546,-0.321144,0.736221,0.953166,-0.518595,0.428867,-0.586304,0.252699,-0.130235,0.425437,0.644424,-0.289813,-1.180805,0.069372,1.281876,-1.888473,1.879739,3.743066,-0.630503,0.019098,0.000521,-0.000811,0.000261,0.000559,0.001643,0.000559
19.446990,0.599209,-0.490206,0.022254,-0.320177,0.736468,0.953347,-0.518504,0.425876,-0.584213,0.249217,-0.130197,0.425532,0.644399,-0.289688,-1.180786,0.069366,1.281873,-1.888477,1.879739,3.743071,-0.630501,0.019499,-0.001757,-0.001833,-0.000695,-0.000194,0.002159,0.000836
19.447995,0.597838,-0.488814,0.025287,-0.321640,0.734753,0.953666,-0.518417,0.421476,-0.580964,0.244263,-0.129645,0.425581,0.644384,-0.289569,-1.180769,0.069372,1.281876,-1.888479,1.879737,3.743073,-0.630502,0.018870,0.000782,-0.000203,-0.001604,-0.000421,0.001958,0.000651
19.449041,0.597125,-0.488702,0.024623,-0.323192,0.736155,0.953244,-0.517156,0.416773,-0.578185,0.239022,-0.128050,0.425497,0.644418,-0.289472,-1.180750,0.069370,1.281873,-1.888475,1.879742,3.743073,-0.630503,0.019336,0.000074,-0.001708,-0.000210,0.001267,0.001640,0.000483
19.450105,0.597339,-0.488462,0.023523,-0.321742,0.736579,0.952700,-0.517865,0.412688,-0.575866,0.234313,-0.126821,0.425447,0.644452,-0.289415,-1.180730,0.069370,1.281873,-1.888471,1.879740,3.743076,-0.630508,0.019459,0.000025,-0.001358,0.001233,-0.000142,0.002050,-0.002042
19.451002,0.598605,-0.489512,0.025193,-0.319855,0.735186,0.953355,-0.518307,0.408691,-0.572691,0.229552,-0.127061,0.425579,0.644418,-0.289402,-1.180711,0.069370,1.281873,-1.888475,1.879739,3.743080,-0.630506,0.019116,-0.000098,-0.000805,-0.000154,-0.000549,0.002570,-0.000595
19.452008,0.597718,-0.492568,0.020985,-0.321813,0.735477,0.953605,-0.517631,0.405222,-0.569815,0.225323,-0.127138,0.425666,0.644334,-0.289404,-1.180694,0.069369,1.281869,-1.888479,1.879740,3.743080,-0.630505,0.018269,0.000451,-0.001608,-0.001947,0.000847,0.001903,0.000280
19.453025,0.597045,-0.491888,0.020181,-0.321439,0.735672,0.953880,-0.518489,0.403205,-0.569064,0.222670,-0.125683,0.425502,0.644285,-0.289399,-1.180676,0.069372,1.281875,-1.888475,1.879740,3.743080,-0.630509,0.018513,0.001950,0.000453,-0.000050,0.000547,0.001659,-0.001078
19.454009,0.596929,-0.490942,0.025196,-0.322333,0.734682,0.953103,-0.518114,0.401137,-0.569499,0.220069,-0.123495,0.425193,0.644386,-0.289398,-1.180657,0.069372,1.281875,-1.888476,1.879738,3.743084,-0.630504,0.018618,0.001593,0.000834,-0.000408,0.000368,0.001360,0.000650
19.454991,0.594199,-0.491327,0.024318,-0.322094,0.735956,0.953440,-0.518695,0.398799,-0.569938,0.217164,-0.121650,0.424902,0.644581,-0.289407,-1.180640,0.069372,1.281869,-1.888474,1.879740,3.743087,-0.630506,0.018464,0.001120,-0.001629,0.000453,0.001346,0.002126,-0.000118
19.456095,0.598736,-0.490884,0.021638,-0.322251,0.735468,0.953792,-0.517891,0.397660,-0.570430,0.215305,-0.120612,0.424711,0.644731,-0.289439,-1.180619,0.069374,1.281869,-1.888474,1.879737,3.743089,-0.630503,0.019591,0.001295,-0.001159,0.000203,0.000081,0.001765,0.001052
19.456981,0.595295,-0.491418,0.025275,-0.323521,0.734428,0.952617,-0.517598,0.397319,-0.570609,0.214115,-0.120370,0.424642,0.644821,-0.289519,-1.180605,0.069374,1.281871,-1.888474,1.879738,3.743092,-0.630507,0.017122,0.001069,0.000170,0.000364,0.000579,0.001398,-0.000569
19.457982,0.596823,-0.489023,0.023060,-0.321791,0.735804,0.952940,-0.518475,0.397902,-0.570527,0.213699,-0.121038,0.424713,0.644836,-0.289656,-1.180584,0.069375,1.281866,-1.888471,1.879741,3.743096,-0.630509,0.018632,0.001320,-0.001628,0.001552,0.001594,0.002564,-0.001136
19.459078,0.594819,-0.485344,0.024299,-0.321858,0.734340,0.951974,-0.517798,0.399457,-0.570054,0.214061,-0.122585,0.424911,0.644755,-0.289828,-1.180569,0.069374,1.281867,-1.888474,1.879737,3.743098,-0.630506,0.017660,0.000129,-0.000493,-0.000114,0.000232,0.002212,0.000628
19.460114,0.595358,-0.491526,0.020799,-0.322143,0.734612,0.952816,-0.518138,0.399980,-0.567484,0.213266,-0.124487,0.425170,0.644582,-0.290004,-1.180549,0.069368,1.281866,-1.888474,1.879740,3.743105,-0.630511,0.018437,-0.001648,-0.001128,-0.000030,0.001694,0.003154,-0.000738
19.460961,0.596894,-0.490932,0.022933,-0.322637,0.735212,0.951967,-0.519364,0.396658,-0.558047,0.207202,-0.127678,0.425592,0.644246,-0.290272,-1.180517,0.069375,1.281867,-1.888474,1.879740,3.743109,-0.630508,0.017000,0.001072,-0.000458,0.000753,0.000809,0.003136,0.002425
19.462095,0.593802,-0.489231,0.024568,-0.322458,0.735770,0.952172,-0.519053,0.396658,-0.558047,0.207202,-0.127678,0.425592,0.644246,-0.290272,-1.180517,0.069375,1.281867,-1.888474,1.879740,3.743109,-0.630508,0.017000,0.001072,-0.000458,0.000753,0.000809,0.003136,0.002425
19.463030,0.594394,-0.491862,0.020173,-0.323590,0.736105,0.952084,-0.518754,0.396693,-0.555275,0.205776,-0.128987,0.425740,0.644126,-0.290303,-1.180497,0.069374,1.281863,-1.888474,1.879739,3.743108,-0.630510,0.018327,0.000237,-0.001222,0.000568,0.000258,0.002923,0.001780
19.464011,0.593274,-0.489665,0.023285,-0.320891,0.734386,0.950970,-0.517976,0.397036,-0.552672,0.204592,-0.130716,0.425955,0.644017,-0.290277,-1.180480,0.069377,1.281868,-1.888471,1.879738,3.743111,-0.630510,0.017812,0.001532,0.000941,0.001619,-0.000067,0.002996,0.001181
19.464996,0.590827,-0.490562,0.021289,-0.321988,0.733913,0.950788,-0.518673,0.396268,-0.549778,0.202351,-0.132207,0.426145,0.643983,-0.290231,-1.180461,0.069375,1.281863,-1.888476,1.879740,3.743116,-0.630514,0.018154,0.000430,-0.000585,-0.000981,0.001658,0.004090,-0.000371
19.465968,0.594128,-0.492211,0.020460,-0.321641,0.735251,0.950862,-0.518857,0.394046,-0.546716,0.198812,-0.132373,0.426141,0.644016,-0.290183,-1.180440,0.069377,1.281866,-1.888474,1.879742,3.743118,-0.630511,0.019136,0.000874,0.000393,0.000110,0.002095,0.004249,0.001044
19.466976,0.593148,-0.489291,0.022898,-0.322041,0.735312,0.951551,-0.517641,0.390634,-0.543689,0.194251,-0.131404,0.425956,0.644121,-0.290134,-1.180426,0.069381,1.281867,-1.888476,1.879740,3.743121,-0.630508,0.017280,0.001657,0.000796,-0.000208,0.000755,0.004159,0.001390
19.468112,0.591454,-0.491013,0.020924,-0.322462,0.736077,0.952439,-0.518364,0.387965,-0.541561,0.190521,-0.130205,0.425728,0.644256,-0.290097,-1.180407,0.069379,1.281863,-1.888476,1.879740,3.743124,-0.630514,0.017564,0.000194,-0.000391,0.000199,0.000707,0.003447,-0.001050
19.469006,0.592580,-0.489436,0.022683,-0.322397,0.735342,0.951711,-0.518112,0.386304,-0.539812,0.187826,-0.129509,0.425577,0.644402,-0.290087,-1.180388,0.069382,1.281864,-1.888474,1.879739,3.743125,-0.630511,0.018191,0.001045,0.000601,0.000577,-0.000050,0.002546,0.000423
19.469965,0.591635,-0.488564,0.020700,-0.321586,0.735417,0.951397,-0.518378,0.384730,-0.537725,0.185244,-0.129557,0.425543,0.644589,-0.290101,-1.180371,0.069380,1.281862,-1.888474,1.879740,3.743131,-0.630512,0.017414,0.000264,-0.000269,0.000508,0.000684,0.003259,-0.000093
19.471029,0.591309,-0.488791,0.022059,-0.322957,0.736899,0.951835,-0.518429,0.383159,-0.535231,0.182709,-0.130006,0.425569,0.644772,-0.290131,-1.180352,0.069379,1.281864,-1.888478,1.879740,3.743133,-0.630511,0.017669,-0.000161,0.000716,-0.000214,0.000602,0.003555,0.000443
19.472061,0.589153,-0.488404,0.023203,-0.319371,0.736512,0.951786,-0.518260,0.381131,-0.531886,0.179757,-0.130829,0.425656,0.644924,-0.290176,-1.180337,0.069379,1.281862,-1.888473,1.879738,3.743133,-0.630511,0.017646,-0.000042,0.000046,0.001048,-0.000872,0.003106,0.000543
19.472958,0.590478,-0.489775,0.022328,-0.322596,0.736050,0.952551,-0.518062,0.378748,-0.528284,0.176517,-0.131389,0.425741,0.645080,-0.290237,-1.180317,0.069378,1.281860,-1.888483,1.879740,3.743137,-0.630512,0.018491,-0.000220,-0.000504,-0.002356,-0.000482,0.003139,0.000203
19.474087,0.590564,-0.490173,0.024770,-0.321973,0.736363,0.951420,-0.518180,0.376688,-0.525581,0.173721,-0.130838,0.425710,0.645271,-0.290306,-1.180302,0.069379,1.281860,-1.888475,1.879740,3.743139,-0.630514,0.017630,0.000456,-0.000053,0.000758,-0.000026,0.002354,-0.000186
19.474979,0.590338,-0.488453,0.022356,-0.320412,0.735310,0.951233,-0.518916,0.376522,-0.524575,0.172844,-0.130157,0.425668,0.645465,-0.290379,-1.180286,0.069381,1.281858,-1.888477,1.879739,3.743145,-0.630513,0.017399,0.000626,-0.001264,0.000138,-0.000332,0.003467,0.000054
19.475993,0.588140,-0.489741,0.024398,-0.322483,0.735283,0.951444,-0.518930,0.378708,-0.525333,0.174321,-0.129505,0.425616,0.645612,-0.290455,-1.180270,0.069378,1.281860,-1.888479,1.879740,3.743147,-0.630513,0.017320,-0.000207,-0.000056,-0.001387,0.000719,0.003636,0.001537
19.477012,0.588360,-0.489525,0.023088,-0.321856,0.736268,0.951535,-0.517465,0.381428,-0.526654,0.176407,-0.128391,0.425476,0.645736,-0.290530,-1.180248,0.069378,1.281859,-1.888475,1.879741,3.743147,-0.630513,0.018170,0.000449,-0.001097,0.000621,0.000728,0.003418,0.001552
19.478008,0.590767,-0.488734,0.022360,-0.320810,0.736248,0.951483,-0.518726,0.383814,-0.527691,0.178207,-0.127592,0.425357,0.645880,-0.290602,-1.180231,0.069378,1.281860,-1.888477,1.879740,3.743151,-0.630521,0.017848,0.000337,-0.000428,0.000017,-0.000251,0.003303,-0.001377
19.479000,0.590307,-0.487288,0.023341,-0.321929,0.735869,0.952825,-0.517863,0.386107,-0.528612,0.179992,-0.127036,0.425264,0.646036,-0.290657,-1.180219,0.069377,1.281859,-1.888479,1.879740,3.743156,-0.630515,0.016486,-0.000053,-0.000060,-0.000974,-0.000229,0.003330,0.001176
19.480025,0.591938,-0.488508,0.021692,-0.321510,0.735409,0.951903,-0.517953,0.388717,-0.529475,0.182181,-0.126462,0.425170,0.646162,-0.290671,-1.180202,0.069375,1.281857,-1.888475,1.879742,3.743154,-0.630519,0.016520,-0.000755,-0.000536,0.000075,0.000139,0.001985,-0.000577
19.480972,0.589722,-0.489434,0.019615,-0.321133,0.737851,0.951437,-0.518440,0.392015,-0.530218,0.185081,-0.126304,0.425112,0.646244,-0.290644,-1.180189,0.069377,1.281861,-1.888477,1.879743,3.743158,-0.630519,0.015542,-0.000152,0.000256,-0.000332,0.000592,0.002903,-0.000377
19.481983,0.590010,-0.489166,0.021890,-0.321634,0.736560,0.951337,-0.518018,0.395186,-0.530871,0.187895,-0.126254,0.425036,0.646349,-0.290573,-1.180172,0.069379,1.281864,-1.888476,1.879738,3.743160,-0.630517,0.016464,0.000284,0.001264,-0.000714,-0.001834,0.003353,0.000595
19.483039,0.589898,-0.488550,0.020201,-0.321586,0.736514,0.950677,-0.518924,0.397333,-0.531330,0.189728,-0.125949,0.424913,0.646535,-0.290459,-1.180156,0.069380,1.281862,-1.888476,1.879740,3.743165,-0.630519,0.016118,0.000136,0.000127,-0.000206,-0.000528,0.003423,-0.000258
19.483991,0.589973,-0.491124,0.021981,-0.322729,0.735131,0.951584,-0.518433,0.398893,-0.531548,0.190949,-0.125694,0.424792,0.646750,-0.290309,-1.180140,0.069376,1.281862,-1.888476,1.879740,3.743167,-0.630515,0.015989,-0.000130,0.000990,-0.000261,-0.000495,0.004071,0.001562
19.485063,0.590566,-0.487324,0.019745,-0.322794,0.735871,0.952223,-0.517738,0.400812,-0.532066,0.192463,-0.125763,0.424686,0.646954,-0.290143,-1.180125,0.069379,1.281861,-1.888474,1.879746,3.743170,-0.630517,0.015769,0.001135,0.000091,0.000851,0.000847,0.003131,0.000563
19.486151,0.587900,-0.487989,0.022031,-0.322211,0.735993,0.951374,-0.517982,0.403334,-0.532878,0.194506,-0.126580,0.424638,0.647144,-0.289998,-1.180112,0.069375,1.281864,-1.888474,1.879744,3.743171,-0.630519,0.015306,-0.000749,0.001198,0.000906,0.000099,0.002493,-0.000826
19.487145,0.589289,-0.490722,0.019670,-0.323008,0.736201,0.951429,-0.517205,0.405113,-0.532511,0.195772,-0.128300,0.424670,0.647299,-0.289900,-1.180093,0.069377,1.281860,-1.888476,1.879744,3.743178,-0.630519,0.016433,-0.000414,0.000081,0.000359,-0.000010,0.003311,-0.000317
19.488047,0.588518,-0.490501,0.020121,-0.323138,0.736827,0.952701,-0.518188,0.405783,-0.531233,0.195997,-0.130302,0.424704,0.647441,-0.289843,-1.180078,0.069381,1.281863,-1.888474,1.879741,3.743180,-0.630521,0.015538,0.000913,0.001242,0.001127,-0.000196,0.003234,-0.001883
19.488972,0.595280,-0.486787,0.020997,-0.321715,0.735857,0.952069,-0.518026,0.406296,-0.530610,0.196228,-0.132270,0.424711,0.647631,-0.289818,-1.180061,0.069382,1.281862,-1.888474,1.879739,3.743180,-0.630516,0.015728,0.000780,0.001022,0.001250,-0.000802,0.001955,0.000098
19.489966,0.591812,-0.487797,0.020157,-0.322196,0.735725,0.952289,-0.518293,0.408211,-0.531315,0.198057,-0.134144,0.424712,0.647796,-0.289821,-1.180053,0.069376,1.281861,-1.888476,1.879740,3.743184,-0.630520,0.012218,-0.001027,0.000588,-0.000145,0.000170,0.002580,-0.000235
19.491043,0.591436,-0.489177,0.021009,-0.321843,0.735518,0.952570,-0.518232,0.412647,-0.533375,0.202604,-0.135640,0.424680,0.647808,-0.289837,-1.180035,0.069376,1.281863,-1.888477,1.879740,3.743186,-0.630520,0.013782,-0.000491,0.000997,0.000366,0.000295,0.002340,0.000311
19.492026,0.594209,-0.487798,0.020594,-0.321442,0.735986,0.953184,-0.517860,0.418100,-0.536227,0.208394,-0.136503,0.424574,0.647750,-0.289849,-1.180019,0.069379,1.281863,-1.888477,1.879741,3.743189,-0.630520,0.013768,0.000157,0.000560,0.000011,0.000495,0.002042,0.000182
19.493049,0.590785,-0.486373,0.021658,-0.321505,0.735976,0.953464,-0.519021,0.423917,-0.540011,0.214780,-0.136540,0.424370,0.647710,-0.289851,-1.180011,0.069378,1.281863,-1.888479,1.879742,3.743192,-0.630523,0.012262,-0.000528,0.000769,-0.000348,0.000013,0.001403,-0.000557
19.493993,0.589771,-0.485755,0.022567,-0.320149,0.736355,0.952941,-0.518174,0.429847,-0.544103,0.221452,-0.135996,0.424106,0.647675,-0.289841,-1.179994,0.069375,1.281863,-1.888477,1.879744,3.743194,-0.630517,0.013806,-0.001215,0.000236,-0.000321,0.000003,0.001118,0.001771
19.494959,0.587097,-0.487666,0.023518,-0.320807,0.736118,0.952887,-0.518219,0.434028,-0.546870,0.226502,-0.134937,0.423794,0.647668,-0.289824,-1.179979,0.069374,1.281863,-1.888480,1.879741,3.743197,-0.630522,0.014121,-0.001497,-0.000216,-0.001607,-0.000350,0.001627,0.000058
19.496021,0.586239,-0.487650,0.020380,-0.321354,0.736102,0.951450,-0.518456,0.435778,-0.548277,0.229252,-0.132967,0.423382,0.647729,-0.289802,-1.179962,0.069377,1.281863,-1.888479,1.879741,3.743198,-0.630522,0.015257,-0.000570,-0.000695,-0.000959,-0.000108,0.001669,0.000166
19.496961,0.587180,-0.487754,0.020154,-0.321971,0.735502,0.951540,-0.518288,0.434733,-0.548444,0.229328,-0.130438,0.422905,0.647895,-0.289772,-1.179946,0.069377,1.281867,-1.888477,1.879740,3.743202,-0.630521,0.015487,-0.000592,0.000843,-0.000463,-0.000084,0.003098,0.000639
19.498036,0.588562,-0.488427,0.021925,-0.321675,0.736344,0.953217,-0.518042,0.430377,-0.546718,0.226161,-0.128293,0.422469,0.648151,-0.289739,-1.179934,0.069376,1.281867,-1.888477,1.879743,3.743203,-0.630522,0.014862,-0.000527,0.000939,0.000139,0.000490,0.002986,0.000297
19.498974,0.587853,-0.491608,0.020985,-0.320760,0.736138,0.953389,-0.517323,0.424973,-0.544342,0.221902,-0.126884,0.422124,0.648449,-0.289707,-1.179920,0.069375,1.281865,-1.888476,1.879740,3.743203,-0.630523,0.014006,-0.000166,0.000073,-0.000171,-0.000329,0.001295,-0.000189
19.500008,0.586436,-0.491123,0.019792,-0.321684,0.734943,0.951973,-0.518216,0.421626,-0.544114,0.219599,-0.125343,0.421778,0.648823,-0.289676,-1.179904,0.069377,1.281865,-1.888480,1.879740,3.743206,-0.630527,0.014183,0.001412,0.000554,-0.000997,-0.000113,0.001118,-0.001622
19.501098,0.585593,-0.492719,0.023569,-0.321305,0.737483,0.951187,-0.518831,0.420103,-0.546555,0.219041,-0.122895,0.421328,0.649328,-0.289641,-1.179889,0.069375,1.281867,-1.888479,1.879743,3.743212,-0.630523,0.014704,0.001176,0.001133,-0.000082,0.001064,0.002514,0.000181
19.501946,0.583671,-0.490913,0.022557,-0.321598,0.735455,0.952101,-0.518025,0.419500,-0.550542,0.219271,-0.119974,0.420825,0.649898,-0.289584,-1.179873,0.069378,1.281863,-1.888479,1.879737,3.743217,-0.630521,0.014931,0.001946,-0.000731,-0.000468,-0.001460,0.003266,0.001398
19.503075,0.587087,-0.490124,0.021730,-0.322576,0.735687,0.951435,-0.518641,0.419869,-0.555329,0.220286,-0.117079,0.420348,0.650435,-0.289500,-1.179857,0.069376,1.281865,-1.888477,1.879743,3.743218,-0.630527,0.015711,0.001042,-0.000226,-0.000220,0.000561,0.002328,-0.000220
19.504116,0.586199,-0.490867,0.022298,-0.320906,0.735665,0.952265,-0.518088,0.420361,-0.559409,0.221236,-0.114888,0.419980,0.650867,-0.289402,-1.179847,0.069375,1.281865,-1.888475,1.879742,3.743223,-0.630520,0.013859,0.000676,0.000182,0.000709,0.000313,0.002983,0.001012
19.504932,0.585909,-0.489750,0.022471,-0.321233,0.737052,0.950645,-0.518878,0.421150,-0.562488,0.222303,-0.113586,0.419727,0.651149,-0.289298,-1.179832,0.069377,1.281865,-1.888477,1.879742,3.743222,-0.630524,0.014145,0.001022,-0.000107,-0.000935,0.000336,0.002139,-0.000098
19.506081,0.586872,-0.488110,0.024701,-0.321856,0.737683,0.951010,-0.518563,0.422611,-0.565314,0.223910,-0.112354,0.419496,0.651306,-0.289199,-1.179817,0.069375,1.281863,-1.888477,1.879740,3.743228,-0.630524,0.014103,0.000477,-0.000173,-0.000592,-0.001043,0.003752,0.001504
19.507060,0.586902,-0.489910,0.023428,-0.322588,0.736476,0.951919,-0.518591,0.424749,-0.567483,0.226043,-0.111547,0.419363,0.651305,-0.289105,-1.179804,0.069375,1.281863,-1.888475,1.879737,3.743227,-0.630525,0.013455,-0.000345,-0.001292,-0.000007,-0.001641,0.003370,0.000860
19.508014,0.584898,-0.492600,0.020208,-0.321370,0.737128,0.951548,-0.518408,0.428239,-0.569018,0.229325,-0.112062,0.419453,0.651138,-0.289022,-1.179792,0.069377,1.281863,-1.888473,1.879740,3.743228,-0.630525,0.013306,0.000547,-0.000636,0.000662,-0.000438,0.002448,0.000921
19.509002,0.582484,-0.487878,0.024776,-0.322422,0.736549,0.951332,-0.518169,0.431903,-0.570503,0.232669,-0.113153,0.419645,0.650992,-0.288970,-1.179777,0.069382,1.281869,-1.888476,1.879738,3.743233,-0.630524,0.014137,0.001843,0.000913,-0.000485,-0.001093,0.002802,0.000547
19.509994,0.585078,-0.486914,0.020843,-0.322783,0.737491,0.952530,-0.518426,0.433413,-0.571099,0.233823,-0.114062,0.419834,0.650971,-0.288967,-1.179761,0.069376,1.281862,-1.888474,1.879739,3.743238,-0.630526,0.015151,-0.000486,-0.001325,0.000544,-0.000509,0.002991,0.000077
19.510994,0.583023,-0.488522,0.021943,-0.322243,0.736443,0.952284,-0.518388,0.431957,-0.568785,0.231912,-0.115815,0.420178,0.650956,-0.289014,-1.179750,0.069376,1.281865,-1.888474,1.879737,3.743237,-0.630525,0.013695,-0.000943,0.000647,0.000898,-0.001451,0.001780,0.000596
19.512085,0.585495,-0.487588,0.021456,-0.322471,0.736567,0.952949,-0.518075,0.427898,-0.563469,0.227333,-0.118725,0.420725,0.650919,-0.289103,-1.179733,0.069377,1.281863,-1.888476,1.879740,3.743241,-0.630525,0.014551,-0.000149,0.000095,0.000392,-0.000414,0.002018,0.000514
19.512971,0.584523,-0.488613,0.021370,-0.323033,0.737903,0.952946,-0.517560,0.422678,-0.557221,0.221638,-0.121795,0.421319,0.650910,-0.289224,-1.179722,0.069376,1.281864,-1.888476,1.879740,3.743242,-0.630525,0.013160,-0.000610,0.000325,0.000627,-0.000549,0.001341,-0.000118
19.514108,0.582957,-0.488735,0.026142,-0.323815,0.737146,0.951872,-0.517612,0.417977,-0.551464,0.216529,-0.124860,0.421925,0.650921,-0.289371,-1.179708,0.069377,1.281866,-1.888474,1.879738,3.743245,-0.630527,0.013489,-0.000103,0.000342,0.001149,-0.001874,0.001333,-0.001147
19.515025,0.584007,-0.489022,0.020379,-0.321726,0.736171,0.950959,-0.518398,0.415067,-0.546968,0.213249,-0.128334,0.422600,0.650919,-0.289532,-1.179693,0.069377,1.281859,-1.888472,1.879740,3.743249,-0.630529,0.014097,-0.000049,-0.001984,0.001884,-0.001112,0.002392,-0.001021
19.516011,0.582808,-0.487540,0.020592,-0.323045,0.735407,0.952237,-0.517150,0.413857,-0.544083,0.211801,-0.131615,0.423235,0.650894,-0.289683,-1.179680,0.069378,1.281867,-1.888478,1.879741,3.743252,-0.630523,0.013405,0.000087,0.000862,-0.000086,-0.000152,0.003285,0.000545
19.517051,0.585030,-0.485402,0.022749,-0.322694,0.735896,0.951868,-0.517718,0.411696,-0.541411,0.209694,-0.133836,0.423686,0.650909,-0.289817,-1.179667,0.069374,1.281869,-1.888473,1.879741,3.743251,-0.630530,0.013855,-0.000619,0.000703,0.001136,0.000609,0.001992,-0.001965
19.518148,0.583755,-0.489882,0.023231,-0.322254,0.735802,0.951232,-0.517686,0.407879,-0.537673,0.206144,-0.135622,0.424045,0.650952,-0.289943,-1.179658,0.069370,1.281865,-1.888473,1.879740,3.743256,-0.630527,0.012625,-0.001639,-0.000342,0.000758,0.000123,0.002347,-0.000807
19.519137,0.582157,-0.488417,0.020826,-0.323298,0.736794,0.951013,-0.517370,0.405143,-0.534526,0.203754,-0.137190,0.424347,0.650951,-0.290055,-1.179643,0.069375,1.281865,-1.888475,1.879741,3.743261,-0.630528,0.013102,0.000571,-0.000573,0.000363,0.000209,0.002955,-0.000878
19.520001,0.584964,-0.489066,0.023731,-0.321827,0.737217,0.950834,-0.518040,0.403841,-0.533091,0.202868,-0.138134,0.424536,0.650960,-0.290158,-1.179628,0.069374,1.281867,-1.888472,1.879740,3.743265,-0.630530,0.013721,-0.000169,0.000616,0.001370,-0.000777,0.003147,-0.001507
19.521116,0.585350,-0.489964,0.023951,-0.321317,0.736485,0.950932,-0.517426,0.403109,-0.532716,0.202603,-0.138689,0.424654,0.650990,-0.290268,-1.179617,0.069375,1.281864,-1.888477,1.879738,3.743266,-0.630527,0.012156,0.000145,-0.000818,-0.000022,-0.001179,0.003316,-0.000159
19.522070,0.582029,-0.488346,0.023203,-0.320620,0.736881,0.951165,-0.518231,0.405079,-0.534850,0.205071,-0.138298,0.424641,0.650972,-0.290377,-1.179605,0.069377,1.281863,-1.888477,1.879741,3.743267,-0.630532,0.011832,0.000570,-0.000911,-0.000506,-0.000467,0.003213,-0.001395
19.522978,0.583437,-0.488330,0.020618,-0.322050,0.737261,0.950628,-0.517830,0.409305,-0.539456,0.209857,-0.136313,0.424411,0.650937,-0.290474,-1.179588,0.069374,1.281862,-1.888477,1.879740,3.743268,-0.630528,0.013313,-0.000214,-0.000513,-0.001209,-0.000866,0.002972,0.000229
19.524101,0.583990,-0.490498,0.024137,-0.322061,0.737387,0.950648,-0.517657,0.411890,-0.543241,0.213072,-0.133564,0.424077,0.650952,-0.290563,-1.179577,0.069374,1.281865,-1.888475,1.879741,3.743272,-0.630529,0.012452,-0.000208,0.000748,0.000187,-0.001255,0.003489,-0.000595
19.525019,0.580272,-0.485481,0.022332,-0.321136,0.736749,0.951885,-0.518730,0.413056,-0.545761,0.214855,-0.131293,0.423807,0.650976,-0.290655,-1.179566,0.069379,1.281860,-1.888473,1.879741,3.743275,-0.630532,0.012047,0.000821,-0.000976,0.000142,-0.001372,0.003448,-0.000921
19.525947,0.582244,-0.488727,0.019163,-0.321188,0.735699,0.951325,-0.517891,0.413709,-0.547459,0.216090,-0.129651,0.423626,0.650962,-0.290734,-1.179550,0.069372,1.281861,-1.888475,1.879741,3.743276,-0.630526,0.013732,-0.001639,-0.000066,-0.000755,-0.000727,0.002191,0.001226
19.527047,0.582602,-0.487434,0.019627,-0.321729,0.737303,0.951236,-0.518074,0.411158,-0.546530,0.214189,-0.128136,0.423451,0.650959,-0.290804,-1.179540,0.069375,1.281867,-1.888477,1.879745,3.743281,-0.630530,0.012606,-0.000015,0.001459,-0.000644,0.000282,0.002741,-0.000475
19.528044,0.581139,-0.488081,0.023368,-0.321293,0.737583,0.950549,-0.517493,0.405392,-0.543264,0.209127,-0.126711,0.423254,0.650987,-0.290893,-1.179530,0.069374,1.281867,-1.888475,1.879741,3.743282,-0.630530,0.012307,-0.000662,0.001202,-0.000136,-0.001303,0.002821,-0.000091
19.528964,0.581998,-0.490458,0.019939,-0.321825,0.736385,0.950952,-0.518569,0.399457,-0.539617,0.203788,-0.125703,0.423096,0.650972,-0.291003,-1.179516,0.069372,1.281862,-1.888476,1.879739,3.743285,-0.630533,0.012882,-0.000311,-0.000619,-0.000551,-0.001555,0.003493,-0.001257
19.530049,0.583890,-0.490834,0.016266,-0.321611,0.736201,0.950413,-0.517960,0.395168,-0.537070,0.199943,-0.124889,0.422957,0.650903,-0.291117,-1.179503,0.069376,1.281866,-1.888475,1.879740,3.743286,-0.630528,0.012290,0.000842,0.001083,-0.000057,-0.000355,0.003071,0.000908
19.531034,0.582877,-0.488518,0.020308,-0.321010,0.735247,0.951409,-0.518010,0.391993,-0.535998,0.197140,-0.123866,0.422759,0.650870,-0.291235,-1.179495,0.069376,1.281870,-1.888477,1.879740,3.743291,-0.630531,0.011233,0.001018,0.002875,-0.000226,-0.000181,0.003593,-0.000331
19.532023,0.583406,-0.488967,0.021002,-0.323166,0.737124,0.950028,-0.518258,0.389166,-0.535693,0.194620,-0.122542,0.422481,0.650877,-0.291368,-1.179481,0.069372,1.281865,-1.888477,1.879746,3.743291,-0.630532,0.011588,-0.000102,0.000865,-0.000824,0.000726,0.002584,-0.000213
19.533008,0.583457,-0.486353,0.020010,-0.323836,0.735945,0.950988,-0.518317,0.387783,-0.535768,0.193347,-0.121668,0.422236,0.650814,-0.291509,-1.179470,0.069374,1.281865,-1.888473,1.879740,3.743296,-0.630529,0.011191,0.000114,0.000543,0.001254,-0.001119,0.003958,0.000276
19.534033,0.582551,-0.489397,0.024663,-0.321583,0.736063,0.951096,-0.517662,0.388115,-0.535136,0.193456,-0.122879,0.422258,0.650597,-0.291645,-1.179458,0.069370,1.281867,-1.888471,1.879741,3.743296,-0.630531,0.011024,-0.001162,0.001025,0.001863,0.000074,0.002973,0.000396
19.534943,0.580995,-0.487524,0.020587,-0.323299,0.736193,0.949904,-0.517614,0.390063,-0.534113,0.194910,-0.125680,0.422481,0.650264,-0.291777,-1.179448,0.069374,1.281863,-1.888476,1.879741,3.743298,-0.630535,0.011358,0.000343,-0.001282,-0.000284,-0.000054,0.002862,-0.000910
19.536001,0.581000,-0.489719,0.024512,-0.322074,0.736956,0.951342,-0.517733,0.393338,-0.533880,0.197587,-0.128316,0.422665,0.649897,-0.291899,-1.179435,0.069372,1.281868,-1.888471,1.879741,3.743302,-0.630536,0.011980,-0.000594,0.000731,0.001333,-0.000183,0.004041,-0.000989
19.536977,0.582329,-0.490438,0.024928,-0.322103,0.735895,0.951711,-0.517846,0.396527,-0.533909,0.200157,-0.130556,0.422785,0.649542,-0.291995,-1.179423,0.069374,1.281864,-1.888472,1.879739,3.743302,-0.630536,0.011828,0.000500,-0.001224,0.000123,-0.000930,0.002580,-0.000749
19.538104,0.580150,-0.490597,0.024796,-0.320440,0.735678,0.952078,-0.516627,0.401049,-0.535736,0.204097,-0.131973,0.422788,0.649218,-0.292052,-1.179413,0.069376,1.281864,-1.888472,1.879742,3.743303,-0.630533,0.011033,0.000826,-0.001415,0.000164,0.000118,0.002214,-0.000536
19.539068,0.582172,-0.487285,0.022904,-0.320977,0.734677,0.952271,-0.517950,0.407872,-0.540749,0.210484,-0.131617,0.422551,0.648956,-0.292078,-1.179399,0.069374,1.281865,-1.888476,1.879742,3.743305,-0.630540,0.011971,0.000920,-0.001350,-0.001421,0.000323,0.001838,-0.002972
19.540076,0.580873,-0.488496,0.021896,-0.323600,0.734300,0.952493,-0.516998,0.414300,-0.546658,0.216729,-0.129530,0.422094,0.648765,-0.292087,-1.179390,0.069370,1.281865,-1.888476,1.879740,3.743307,-0.630533,0.010840,-0.000703,-0.000399,-0.000863,0.001353,0.001631,-0.000303
19.540954,0.581343,-0.489183,0.020568,-0.321102,0.735524,0.952213,-0.517532,0.418084,-0.550383,0.220516,-0.127599,0.421679,0.648599,-0.292083,-1.179378,0.069372,1.281867,-1.888471,1.879744,3.743306,-0.630538,0.011361,-0.000094,0.000081,0.001644,0.001685,0.001416,-0.002231
19.542143,0.578184,-0.489532,0.025660,-0.322123,0.736429,0.952699,-0.518058,0.418791,-0.551231,0.221321,-0.126941,0.421461,0.648465,-0.292073,-1.179367,0.069371,1.281868,-1.888477,1.879741,3.743313,-0.630537,0.010988,0.000250,0.000726,-0.000758,0.000479,0.001655,-0.001140
19.543063,0.578171,-0.488251,0.027177,-0.321944,0.736264,0.952934,-0.517577,0.417659,-0.550969,0.220374,-0.126496,0.421318,0.648402,-0.292046,-1.179353,0.069375,1.281863,-1.888473,1.879740,3.743316,-0.630533,0.012413,0.000380,-0.001783,0.000212,-0.000416,0.001148,-0.000104
19.543979,0.579101,-0.489551,0.023085,-0.320841,0.736513,0.952749,-0.517857,0.416737,-0.550944,0.219660,-0.126061,0.421234,0.648362,-0.291997,-1.179342,0.069372,1.281861,-1.888473,1.879741,3.743318,-0.630536,0.012276,-0.000233,-0.002502,0.000010,-0.000252,0.000902,-0.001072
19.545022,0.580191,-0.490483,0.022679,-0.320120,0.736108,0.952528,-0.517628,0.416288,-0.551193,0.219471,-0.125631,0.421190,0.648312,-0.291952,-1.179332,0.069374,1.281866,-1.888477,1.879740,3.743320,-0.630535,0.011682,0.000408,-0.000496,-0.001003,-0.000497,0.001080,-0.000504
19.546012,0.578187,-0.490131,0.021808,-0.321440,0.735833,0.951716,-0.518085,0.415414,-0.551898,0.219029,-0.124184,0.421015,0.648290,-0.291922,-1.179323,0.069374,1.281867,-1.888479,1.879743,3.743320,-0.630536,0.011032,0.000867,-0.000319,-0.001672,-0.000110,0.001300,-0.000967
19.547022,0.577066,-0.488715,0.021757,-0.320961,0.736291,0.951408,-0.517937,0.413670,-0.552891,0.217849,-0.121712,0.420684,0.648307,-0.291910,-1.179310,0.069374,1.281867,-1.888476,1.879743,3.743325,-0.630534,0.011885,0.000690,0.000116,-0.000388,0.000163,0.002091,-0.000048
19.548017,0.577544,-0.487484,0.022308,-0.322610,0.735688,0.952019,-0.517651,0.409870,-0.552435,0.214614,-0.119333,0.420348,0.648333,-0.291924,-1.179298,0.069372,1.281867,-1.888476,1.879741,3.743327,-0.630535,0.012296,0.000003,0.000136,-0.000887,-0.000280,0.002382,-0.000353
19.549012,0.578406,-0.487889,0.023987,-0.321932,0.736382,0.951519,-0.518516,0.403526,-0.549168,0.208741,-0.118066,0.420148,0.648319,-0.291972,-1.179287,0.069370,1.281867,-1.888472,1.879744,3.743326,-0.630537,0.011926,-0.000590,-0.000134,0.000688,0.000304,0.001764,-0.000919
19.549972,0.578929,-0.486764,0.024373,-0.319729,0.736416,0.952277,-0.517916,0.396687,-0.543977,0.202198,-0.118436,0.420155,0.648199,-0.292047,-1.179277,0.069372,1.281863,-1.888475,1.879741,3.743329,-0.630532,0.011368,-0.000400,-0.000938,0.000041,-0.000373,0.002255,0.000818
19.551004,0.578553,-0.488933,0.021572,-0.320464,0.735457,0.951844,-0.518499,0.391683,-0.539081,0.197373,-0.119294,0.420228,0.647946,-0.292131,-1.179267,0.069370,1.281863,-1.888479,1.879744,3.743331,-0.630535,0.010985,-0.000950,-0.001119,-0.002066,-0.000433,0.001476,-0.000403
19.551986,0.580547,-0.487126,0.021452,-0.322361,0.734222,0.951303,-0.517037,0.388409,-0.535599,0.194311,-0.119009,0.420149,0.647622,-0.292234,-1.179254,0.069374,1.281869,-1.888477,1.879744,3.743334,-0.630532,0.011032,0.000107,0.000228,-0.001351,0.000536,0.001899,0.000775
19.552996,0.573773,-0.486898,0.023281,-0.320898,0.734794,0.951231,-0.517856,0.385801,-0.532792,0.191897,-0.118286,0.419984,0.647258,-0.292379,-1.179246,0.069372,1.281867,-1.888473,1.879743,3.743337,-0.630538,0.009920,-0.000792,0.000292,0.000449,0.001778,0.002428,-0.002166
19.554116,0.576269,-0.486418,0.020321,-0.321670,0.734083,0.951575,-0.517876,0.382554,-0.529051,0.188708,-0.118331,0.419891,0.646840,-0.292567,-1.179226,0.069372,1.281867,-1.888476,1.879740,3.743338,-0.630535,0.013115,-0.000898,-0.000626,-0.000959,0.001219,0.002488,-0.000491
19.555079,0.577600,-0.488275,0.021140,-0.320421,0.735209,0.952749,-0.517925,0.376606,-0.523114,0.182742,-0.118810,0.419857,0.646448,-0.292774,-1.179218,0.069372,1.281867,-1.888474,1.879745,3.743339,-0.630536,0.011720,-0.001140,0.000872,-0.000211,0.001890,0.002133,-0.000464
19.556006,0.579730,-0.489559,0.023880,-0.321068,0.734794,0.951257,-0.518457,0.368775,-0.516181,0.174906,-0.119101,0.419815,0.646156,-0.292973,-1.179208,0.069374,1.281867,-1.888478,1.879742,3.743338,-0.630536,0.010940,-0.000224,0.000449,-0.001383,0.000779,0.000959,-0.000367
19.557046,0.578050,-0.492436,0.022623,-0.321716,0.735063,0.952164,-0.518716,0.363580,-0.511926,0.169697,-0.118726,0.419692,0.645929,-0.293141,-1.179199,0.069376,1.281865,-1.888477,1.879745,3.743345,-0.630535,0.009771,0.000390,-0.000903,-0.000754,0.001185,0.002433,0.000701
19.558041,0.575969,-0.492111,0.022307,-0.323453,0.735090,0.951818,-0.518956,0.363884,-0.512650,0.169916,-0.117761,0.419474,0.645736,-0.293269,-1.179187,0.069378,1.281867,-1.888476,1.879743,3.743344,-0.630535,0.010479,0.001807,-0.000279,-0.000117,0.000926,0.001507,0.001214
19.558966,0.579111,-0.490189,0.020860,-0.323767,0.735130,0.951419,-0.517898,0.367538,-0.516696,0.173373,-0.117172,0.419275,0.645653,-0.293381,-1.179175,0.069378,1.281865,-1.888472,1.879744,3.743349,-0.630533,0.011380,0.001626,-0.000112,0.001533,0.000893,0.001839,0.001687
19.560069,0.576817,-0.489856,0.022603,-0.321427,0.735240,0.951178,-0.517323,0.371430,-0.520791,0.176931,-0.118206,0.419265,0.645664,-0.293504,-1.179169,0.069375,1.281867,-1.888471,1.879742,3.743352,-0.630539,0.009714,0.000702,0.000593,0.001789,0.000869,0.002219,-0.000429
19.560974,0.576813,-0.492247,0.023299,-0.322569,0.734691,0.952045,-0.518714,0.374722,-0.523644,0.179822,-0.120465,0.419407,0.645657,-0.293638,-1.179156,0.069374,1.281864,-1.888476,1.879742,3.743354,-0.630541,0.010728,0.000550,-0.000249,-0.000441,0.000757,0.002445,-0.001562
19.561976,0.578719,-0.491365,0.022231,-0.323895,0.733569,0.951219,-0.518052,0.377781,-0.526335,0.182556,-0.122249,0.419481,0.645645,-0.293753,-1.179146,0.069376,1.281863,-1.888474,1.879744,3.743354,-0.630537,0.010602,0.001734,-0.000584,0.000692,0.001298,0.001568,0.001242
19.563082,0.579413,-0.489050,0.018962,-0.321851,0.735084,0.951725,-0.518197,0.381593,-0.529815,0.186114,-0.123711,0.419501,0.645646,-0.293824,-1.179139,0.069376,1.281865,-1.888471,1.879746,3.743358,-0.630540,0.009550,0.001284,-0.000064,0.001926,0.002407,0.002387,-0.000112
19.564096,0.575490,-0.488064,0.021470,-0.322663,0.735754,0.951098,-0.518078,0.385344,-0.532823,0.189663,-0.125591,0.419571,0.645612,-0.293861,-1.179131,0.069374,1.281869,-1.888474,1.879740,3.743359,-0.630538,0.009117,0.000142,0.001528,-0.000058,0.000928,0.001861,0.000188
19.564952,0.581046,-0.489791,0.022732,-0.322320,0.736933,0.951395,-0.517661,0.386287,-0.533091,0.190503,-0.127578,0.419695,0.645550,-0.293868,-1.179116,0.069372,1.281865,-1.888472,1.879742,3.743363,-0.630538,0.010921,-0.000320,0.000293,0.000732,0.000245,0.002477,-0.000054
19.566034,0.576008,-0.489200,0.023598,-0.320794,0.737592,0.951721,-0.518117,0.385663,-0.531504,0.189819,-0.129629,0.419907,0.645434,-0.293856,-1.179114,0.069374,1.281865,-1.888475,1.879741,3.743363,-0.630539,0.008068,0.000534,-0.000325,0.000431,-0.000935,0.002169,-0.000892
19.567060,0.576549,-0.486507,0.021667,-0.320454,0.737065,0.951951,-0.517616,0.386682,-0.530934,0.190793,-0.131204,0.420127,0.645253,-0.293831,-1.179099,0.069374,1.281865,-1.888477,1.879741,3.743364,-0.630538,0.010462,0.000227,-0.000757,-0.001039,-0.001588,0.001840,0.000035
19.568025,0.576902,-0.489440,0.024093,-0.321553,0.735783,0.952181,-0.518383,0.387358,-0.530504,0.191542,-0.131448,0.420219,0.645099,-0.293792,-1.179089,0.069370,1.281867,-1.888477,1.879743,3.743366,-0.630542,0.010044,-0.001085,0.000194,-0.001372,-0.001073,0.001596,-0.000972
19.569006,0.578548,-0.488761,0.022304,-0.322559,0.736812,0.952016,-0.518457,0.386236,-0.529013,0.190609,-0.130700,0.420182,0.645009,-0.293744,-1.179081,0.069374,1.281865,-1.888475,1.879745,3.743367,-0.630539,0.009771,0.000364,-0.001013,-0.000317,0.000198,0.001360,0.000578
19.570005,0.575426,-0.488600,0.020375,-0.321690,0.735758,0.951801,-0.517853,0.385786,-0.527953,0.190319,-0.130099,0.420125,0.644946,-0.293688,-1.179073,0.069374,1.281865,-1.888472,1.879741,3.743371,-0.630539,0.008852,0.000007,-0.000101,0.000633,-0.000810,0.001508,0.000712
19.570957,0.577996,-0.487872,0.019638,-0.323226,0.736391,0.951608,-0.519068,0.385370,-0.526786,0.189990,-0.130228,0.420128,0.644928,-0.293637,-1.179061,0.069374,1.281867,-1.888474,1.879745,3.743373,-0.630542,0.010283,-0.000071,0.000846,-0.000206,0.000219,0.001711,-0.000497
19.572008,0.576968,-0.490195,0.021417,-0.320804,0.737277,0.951954,-0.517835,0.382598,-0.523750,0.187270,-0.131126,0.420200,0.644981,-0.293604,-1.179054,0.069371,1.281867,-1.888471,1.879743,3.743373,-0.630536,0.008891,-0.000412,0.001202,0.001259,-0.000406,0.001902,0.001942
19.573013,0.578852,-0.485475,0.019934,-0.321378,0.736893,0.951752,-0.518015,0.378786,-0.520052,0.183476,-0.132330,0.420283,0.645081,-0.293588,-1.179044,0.069376,1.281866,-1.888474,1.879740,3.743376,-0.630542,0.009299,0.000706,0.000319,-0.001108,-0.001263,0.001530,-0.000550
19.573948,0.576426,-0.489686,0.023304,-0.320925,0.736148,0.950612,-0.517807,0.375592,-0.517081,0.180270,-0.132941,0.420277,0.645183,-0.293595,-1.179038,0.069371,1.281867,-1.888474,1.879742,3.743380,-0.630541,0.008276,-0.001629,0.001055,-0.000505,-0.000888,0.001717,-0.000164
19.575052,0.576537,-0.488868,0.022314,-0.321423,0.737972,0.951187,-0.517885,0.373277,-0.514702,0.177866,-0.132879,0.420183,0.645230,-0.293615,-1.179027,0.069375,1.281864,-1.888476,1.879744,3.743386,-0.630542,0.009377,0.000474,-0.000608,-0.000925,-0.000155,0.002829,-0.000582
19.575943,0.576315,-0.489283,0.021831,-0.321764,0.737457,0.951552,-0.518347,0.372638,-0.513787,0.177018,-0.132277,0.420020,0.645236,-0.293622,-1.179018,0.069373,1.281865,-1.888477,1.879740,3.743387,-0.630542,0.009196,0.000065,-0.000108,-0.000407,-0.001967,0.002232,-0.000424
19.577022,0.577677,-0.488909,0.022144,-0.321438,0.736918,0.950259,-0.517578,0.373213,-0.514128,0.177265,-0.131552,0.419858,0.645257,-0.293599,-1.179008,0.069377,1.281866,-1.888475,1.879741,3.743387,-0.630540,0.009195,0.000235,0.000125,-0.000104,-0.001442,0.001866,0.000503
19.577965,0.578003,-0.489577,0.023026,-0.323809,0.736275,0.951834,-0.518375,0.374358,-0.514872,0.177972,-0.131138,0.419744,0.645276,-0.293547,-1.179001,0.069376,1.281864,-1.888476,1.879743,3.743393,-0.630545,0.008415,0.000056,-0.000015,-0.000405,-0.000926,0.003140,-0.001042
19.579007,0.578638,-0.488508,0.022270,-0.320856,0.735556,0.951608,-0.517648,0.376998,-0.516288,0.180027,-0.131485,0.419711,0.645231,-0.293462,-1.178993,0.069378,1.281862,-1.888471,1.879744,3.743392,-0.630542,0.008169,0.000373,-0.000435,0.001852,-0.000285,0.001545,0.000572
19.580050,0.578353,-0.486807,0.021016,-0.322813,0.735364,0.950256,-0.517613,0.381432,-0.518512,0.183740,-0.132607,0.419749,0.645119,-0.293339,-1.178986,0.069376,1.281863,-1.888478,1.879744,3.743395,-0.630545,0.007764,-0.000151,-0.000063,-0.000964,0.000432,0.001767,-0.000900
19.580999,0.575646,-0.490422,0.024298,-0.321809,0.736719,0.951237,-0.517975,0.386025,-0.520485,0.187549,-0.133756,0.419768,0.644952,-0.293198,-1.178977,0.069374,1.281867,-1.888473,1.879744,3.743401,-0.630544,0.007803,-0.000978,0.000523,0.000911,0.000619,0.003100,-0.000960
19.581996,0.578215,-0.487911,0.023902,-0.323606,0.737045,0.950574,-0.517989,0.389797,-0.521621,0.190465,-0.134878,0.419779,0.644752,-0.293054,-1.178964,0.069377,1.281862,-1.888475,1.879740,3.743401,-0.630544,0.009014,0.000816,-0.001080,-0.000083,-0.000710,0.002096,-0.000230
19.583087,0.578194,-0.487237,0.022177,-0.321798,0.735041,0.950756,-0.517732,0.393998,-0.523046,0.193706,-0.136296,0.419842,0.644554,-0.292901,-1.178958,0.069375,1.281861,-1.888471,1.879739,3.743405,-0.630545,0.007633,-0.000448,-0.000857,0.001644,-0.001016,0.002749,-0.000202
19.583950,0.578255,-0.489533,0.020257,-0.321764,0.734815,0.950456,-0.518175,0.398767,-0.524467,0.197439,-0.138222,0.419986,0.644324,-0.292745,-1.178951,0.069374,1.281863,-1.888474,1.879744,3.743406,-0.630545,0.007573,-0.000755,-0.000012,-0.000107,0.000958,0.002552,-0.000723
19.584961,0.576138,-0.486687,0.020657,-0.321979,0.735095,0.950750,-0.518384,0.402504,-0.525274,0.200193,-0.139712,0.420056,0.644109,-0.292590,-1.178944,0.069377,1.281865,-1.888474,1.879745,3.743410,-0.630545,0.007458,0.000366,0.000920,-0.000125,0.001163,0.002834,0.000178
19.586144,0.578341,-0.487486,0.020579,-0.321157,0.735535,0.950666,-0.518779,0.403766,-0.525123,0.200599,-0.140153,0.419962,0.643997,-0.292415,-1.178936,0.069374,1.281866,-1.888475,1.879744,3.743410,-0.630544,0.008422,-0.001041,0.000707,0.000096,0.000883,0.002532,0.000588
19.587088,0.575900,-0.488658,0.023252,-0.321597,0.733974,0.950413,-0.518063,0.402436,-0.523396,0.198477,-0.140060,0.419802,0.643970,-0.292205,-1.178931,0.069374,1.281864,-1.888475,1.879741,3.743413,-0.630544,0.007240,-0.000623,0.000768,-0.000722,0.000471,0.002604,0.001383
19.587960,0.575366,-0.487875,0.019523,-0.320706,0.735102,0.950087,-0.518826,0.400588,-0.521565,0.195855,-0.139340,0.419583,0.643990,-0.291970,-1.178920,0.069375,1.281860,-1.888475,1.879744,3.743416,-0.630547,0.008359,-0.000056,-0.000532,-0.000282,0.002021,0.002841,-0.000062
19.589062,0.573600,-0.486947,0.023356,-0.321731,0.732959,0.950639,-0.517947,0.394955,-0.518234,0.188907,-0.135724,0.418921,0.644256,-0.291515,-1.178902,0.069372,1.281859,-1.888474,1.879748,3.743420,-0.630545,0.009282,-0.000877,-0.000579,-0.000147,0.003006,0.002583,-0.000305
19.589982,0.574573,-0.489653,0.022779,-0.320420,0.734689,0.950775,-0.517876,0.394955,-0.518234,0.188907,-0.135724,0.418921,0.644256,-0.291515,-1.178902,0.069372,1.281859,-1.888474,1.879748,3.743420,-0.630545,0.009282,-0.000877,-0.000579,-0.000147,0.003006,0.002583,-0.000305
19.590970,0.575566,-0.490037,0.021528,-0.321839,0.735520,0.950497,-0.518061,0.390836,-0.516074,0.184288,-0.133370,0.418524,0.644479,-0.291337,-1.178895,0.069375,1.281861,-1.888478,1.879743,3.743423,-0.630544,0.008700,0.000449,-0.000293,-0.001395,0.001283,0.002428,-0.000434
19.592170,0.573445,-0.490601,0.021222,-0.322470,0.734569,0.950498,-0.517208,0.388370,-0.515673,0.181422,-0.130666,0.418081,0.644750,-0.291204,-1.178888,0.069377,1.281865,-1.888474,1.879742,3.743426,-0.630543,0.008118,0.000604,0.000290,-0.000037,0.000469,0.002694,-0.000065
19.593041,0.575545,-0.491037,0.023647,-0.322261,0.734100,0.948628,-0.517987,0.387197,-0.516525,0.179877,-0.128427,0.417709,0.645078,-0.291126,-1.178877,0.069378,1.281865,-1.888472,1.879744,3.743428,-0.630547,0.009064,0.000883,0.000430,0.000537,0.001422,0.002682,-0.001774
19.594000,0.576667,-0.491240,0.019962,-0.320940,0.735375,0.948880,-0.517500,0.387210,-0.518124,0.179464,-0.127152,0.417463,0.645414,-0.291102,-1.178872,0.069379,1.281862,-1.888472,1.879746,3.743433,-0.630544,0.007930,0.001080,-0.000752,0.000320,0.001870,0.004539,-0.000195
19.594978,0.572884,-0.488438,0.023851,-0.321104,0.734585,0.948831,-0.517921,0.389352,-0.521281,0.181153,-0.126085,0.417241,0.645692,-0.291107,-1.178867,0.069380,1.281865,-1.888476,1.879743,3.743436,-0.630547,0.007315,0.001176,0.001077,-0.000918,0.000599,0.004248,-0.001182
19.596104,0.573405,-0.489872,0.023457,-0.321921,0.735082,0.948742,-0.518377,0.392116,-0.524896,0.183496,-0.124630,0.416986,0.645914,-0.291120,-1.178857,0.069377,1.281861,-1.888476,1.879745,3.743438,-0.630546,0.009108,-0.000210,-0.000855,-0.000740,0.001395,0.004290,-0.000324
19.596973,0.577844,-0.489804,0.017283,-0.321439,0.735115,0.949619,-0.517865,0.393876,-0.527287,0.184837,-0.123264,0.416778,0.646086,-0.291128,-1.178848,0.069379,1.281863,-1.888474,1.879744,3.743440,-0.630544,0.008728,0.000505,-0.000659,0.000040,0.000892,0.004362,0.000579
19.597940,0.576050,-0.488663,0.018275,-0.320593,0.735135,0.949220,-0.517411,0.394883,-0.528624,0.185408,-0.122546,0.416692,0.646229,-0.291126,-1.178844,0.069378,1.281869,-1.888477,1.879746,3.743440,-0.630546,0.006800,0.000623,0.001879,-0.000178,0.000515,0.003366,-0.000145
19.599032,0.582663,-0.488370,0.013962,-0.319883,0.734645,0.948966,-0.516638,0.395053,-0.529290,0.185166,-0.122312,0.416711,0.646412,-0.291124,-1.178830,0.069378,1.281864,-1.888477,1.879741,3.743442,-0.630546,0.008675,0.000475,-0.000104,-0.000335,-0.000464,0.003430,-0.000103
19.600173,0.583707,-0.484297,0.012418,-0.318877,0.731904,0.948475,-0.516218,0.395304,-0.530036,0.185040,-0.122286,0.416806,0.646639,-0.291119,-1.178828,0.069378,1.281865,-1.888475,1.879739,3.743447,-0.630546,0.006553,0.000812,0.000355,-0.000334,-0.001074,0.003277,-0.000586
19.601172,0.585837,-0.486309,0.007514,-0.316124,0.731702,0.948215,-0.516328,0.397090,-0.531504,0.186467,-0.122465,0.416970,0.646836,-0.291098,-1.178820,0.069374,1.281863,-1.888475,1.879744,3.743450,-0.630546,0.007262,-0.000693,-0.000653,-0.000566,0.000447,0.003361,-0.000307
19.601997,0.585539,-0.483387,0.005337,-0.317596,0.730683,0.948068,-0.515184,0.399701,-0.533425,0.188810,-0.122100,0.417080,0.646991,-0.291060,-1.178813,0.069377,1.281863,-1.888482,1.879742,3.743452,-0.630543,0.007255,0.000742,0.000252,-0.002459,-0.000386,0.003262,0.000887
19.603163,0.590935,-0.481585,0.001097,-0.317027,0.727856,0.948312,-0.515484,0.401218,-0.535094,0.190243,-0.120670,0.417052,0.647182,-0.291019,-1.178803,0.069375,1.281863,-1.888477,1.879742,3.743456,-0.630548,0.008238,-0.000360,0.000045,-0.000507,-0.000213,0.003102,-0.000603
19.604177,0.593124,-0.481859,-0.000528,-0.316628,0.727548,0.946915,-0.513944,0.400785,-0.535117,0.189849,-0.119546,0.417055,0.647395,-0.290990,-1.178800,0.069376,1.281865,-1.888476,1.879747,3.743458,-0.630544,0.006810,-0.000746,0.000328,-0.000297,0.001377,0.002439,0.001149
19.605005,0.593614,-0.480870,-0.004205,-0.317999,0.727180,0.946576,-0.513853,0.399972,-0.533897,0.189093,-0.119635,0.417186,0.647564,-0.290964,-1.178794,0.069376,1.281863,-1.888476,1.879746,3.743461,-0.630548,0.006812,-0.000162,-0.000434,0.000004,0.000624,0.003485,-0.000964
19.606050,0.598995,-0.482002,-0.006273,-0.316160,0.725880,0.947495,-0.513816,0.399955,-0.532369,0.189081,-0.121181,0.417472,0.647688,-0.290930,-1.178786,0.069374,1.281865,-1.888472,1.879743,3.743463,-0.630547,0.007423,-0.000277,0.000097,0.001871,0.000161,0.003516,-0.000313
19.607044,0.599615,-0.480063,-0.010669,-0.315693,0.725820,0.946506,-0.513130,0.401050,-0.531078,0.190105,-0.124241,0.417920,0.647811,-0.290875,-1.178783,0.069377,1.281864,-1.888474,1.879744,3.743463,-0.630546,0.005867,0.000727,-0.000501,0.000777,0.000379,0.002228,0.000630
19.608003,0.600825,-0.478015,-0.015020,-0.312729,0.723876,0.947407,-0.512361,0.403862,-0.531207,0.192848,-0.127743,0.418390,0.647972,-0.290788,-1.178775,0.069377,1.281864,-1.888472,1.879743,3.743468,-0.630546,0.006619,0.000181,0.000156,0.000962,-0.000592,0.002860,0.000216
19.609011,0.602991,-0.477607,-0.017121,-0.313299,0.723333,0.946723,-0.511912,0.406025,-0.531590,0.195072,-0.130416,0.418740,0.648212,-0.290678,-1.178766,0.069377,1.281865,-1.888478,1.879743,3.743469,-0.630549,0.007005,-0.000421,0.000817,-0.001213,0.000383,0.001607,-0.000376
19.609949,0.607132,-0.476555,-0.018763,-0.312283,0.722733,0.946629,-0.512283,0.405325,-0.530795,0.194624,-0.131641,0.418904,0.648550,-0.290558,-1.178760,0.069379,1.281865,-1.888475,1.879742,3.743471,-0.630548,0.006988,-0.000199,0.000282,0.000010,-0.000130,0.001945,-0.000290
19.610947,0.608764,-0.471961,-0.022212,-0.312169,0.721250,0.945323,-0.511595,0.403756,-0.529842,0.193382,-0.132005,0.418966,0.648898,-0.290430,-1.178755,0.069378,1.281863,-1.888476,1.879744,3.743472,-0.630544,0.005928,-0.000298,-0.000343,-0.000339,-0.000515,0.001703,0.001369
19.612005,0.611788,-0.474423,-0.025415,-0.312528,0.719173,0.945867,-0.510299,0.402987,-0.528884,0.192884,-0.132570,0.419083,0.649129,-0.290305,-1.178747,0.069372,1.281863,-1.888477,1.879743,3.743478,-0.630544,0.006165,-0.002103,-0.000171,0.000256,-0.000052,0.002645,0.000944
19.613010,0.613324,-0.472168,-0.028387,-0.310417,0.717424,0.945381,-0.510356,0.402632,-0.527066,0.192697,-0.134062,0.419341,0.649204,-0.290211,-1.178742,0.069375,1.281863,-1.888473,1.879746,3.743477,-0.630547,0.005792,-0.000414,-0.000227,0.001266,0.000911,0.001720,-0.000612
19.614046,0.614759,-0.471285,-0.033193,-0.310453,0.716746,0.945706,-0.508737,0.402794,-0.525225,0.192956,-0.136088,0.419655,0.649202,-0.290157,-1.178735,0.069374,1.281863,-1.888476,1.879747,3.743479,-0.630545,0.006098,-0.001102,-0.000312,-0.000092,0.001603,0.001863,0.000501
19.615169,0.616387,-0.472566,-0.036253,-0.309690,0.715213,0.944304,-0.509962,0.402514,-0.523417,0.192776,-0.137769,0.419884,0.649215,-0.290140,-1.178729,0.069374,1.281864,-1.888475,1.879746,3.743478,-0.630550,0.006487,-0.001081,0.000458,0.000636,0.001213,0.001178,-0.001741
19.615994,0.618767,-0.471921,-0.036470,-0.309483,0.714001,0.944397,-0.508519,0.400577,-0.521013,0.190943,-0.139030,0.420010,0.649300,-0.290157,-1.178722,0.069376,1.281864,-1.888474,1.879747,3.743483,-0.630543,0.006879,0.000039,0.000222,0.000644,0.001575,0.002182,0.001835
19.616921,0.618901,-0.471506,-0.038398,-0.307423,0.713132,0.944809,-0.508404,0.398522,-0.519382,0.188941,-0.139889,0.420020,0.649442,-0.290194,-1.178716,0.069374,1.281861,-1.888472,1.879748,3.743484,-0.630547,0.006545,0.000085,-0.000926,0.000962,0.001926,0.001781,-0.000285
19.617992,0.623762,-0.472116,-0.045170,-0.307736,0.712870,0.944242,-0.507925,0.398126,-0.519859,0.188537,-0.139930,0.419851,0.649601,-0.290238,-1.178707,0.069374,1.281859,-1.888476,1.879747,3.743484,-0.630549,0.007440,0.000291,-0.001380,-0.000379,0.001846,0.001049,0.000425
19.619015,0.624200,-0.472688,-0.046175,-0.306327,0.711303,0.943818,-0.507029,0.399016,-0.522270,0.189427,-0.138885,0.419479,0.649795,-0.290277,-1.178702,0.069374,1.281863,-1.888474,1.879747,3.743487,-0.630546,0.006156,0.001068,0.000306,0.000658,0.000992,0.001235,0.000494
19.620007,0.630868,-0.472548,-0.053027,-0.305266,0.711991,0.942835,-0.507371,0.400733,-0.526332,0.191181,-0.136999,0.418957,0.650041,-0.290306,-1.178691,0.069376,1.281859,-1.888476,1.879748,3.743489,-0.630551,0.007000,0.001789,-0.000774,-0.000016,0.001498,0.001295,-0.000289
19.621047,0.631438,-0.469619,-0.054853,-0.307477,0.710149,0.942906,-0.506348,0.403796,-0.532395,0.194317,-0.134256,0.418299,0.650305,-0.290322,-1.178690,0.069377,1.281863,-1.888478,1.879744,3.743493,-0.630547,0.004747,0.002133,0.001084,-0.000342,-0.000201,0.001921,0.001372
19.622035,0.630416,-0.467410,-0.054622,-0.305015,0.708363,0.941695,-0.505513,0.408005,-0.539237,0.198526,-0.131787,0.417679,0.650502,-0.290318,-1.178681,0.069375,1.281860,-1.888472,1.879746,3.743494,-0.630549,0.005577,0.001134,0.000371,0.002486,0.000574,0.001474,0.000323
19.623113,0.632381,-0.464730,-0.059908,-0.304775,0.707519,0.941666,-0.505069,0.411945,-0.544296,0.202233,-0.131108,0.417316,0.650549,-0.290298,-1.178672,0.069375,1.281856,-1.888476,1.879747,3.743497,-0.630551,0.007117,0.000467,-0.001244,0.000757,0.001329,0.002341,-0.000373
19.623956,0.635572,-0.464369,-0.062251,-0.303966,0.708044,0.940650,-0.505288,0.413759,-0.546035,0.203614,-0.131708,0.417142,0.650449,-0.290269,-1.178665,0.069374,1.281858,-1.888474,1.879745,3.743496,-0.630551,0.007271,-0.000381,-0.000282,0.001243,0.001063,0.001995,-0.000201
19.624970,0.637924,-0.464681,-0.065695,-0.302356,0.704553,0.939759,-0.504529,0.412798,-0.544292,0.202107,-0.132988,0.417094,0.650237,-0.290228,-1.178661,0.069375,1.281858,-1.888474,1.879744,3.743502,-0.630545,0.006573,-0.000200,-0.000439,0.001013,-0.000331,0.002689,0.001047
19.626028,0.634222,-0.460618,-0.068584,-0.301454,0.705918,0.940340,-0.503346,0.410684,-0.540959,0.199368,-0.134300,0.417091,0.649928,-0.290181,-1.178654,0.069377,1.281858,-1.888476,1.879748,3.743505,-0.630549,0.006484,0.000385,-0.000299,0.000142,0.002103,0.003214,0.000515
19.627030,0.643405,-0.462053,-0.070307,-0.300789,0.703636,0.939693,-0.503337,0.406902,-0.536514,0.194958,-0.134746,0.417006,0.649586,-0.290148,-1.178639,0.069374,1.281858,-1.888477,1.879740,3.743504,-0.630554,0.009390,-0.001162,-0.000513,-0.000008,-0.000328,0.002259,-0.000804
19.628107,0.645784,-0.462282,-0.075858,-0.298068,0.703530,0.940464,-0.502225,0.401239,-0.530800,0.188711,-0.134454,0.416867,0.649242,-0.290123,-1.178640,0.069375,1.281855,-1.888475,1.879745,3.743507,-0.630551,0.005889,0.000003,-0.001199,-0.000012,0.000908,0.002554,0.000167
19.629068,0.647690,-0.460415,-0.080686,-0.300138,0.702666,0.940010,-0.502078,0.397716,-0.527222,0.184695,-0.132991,0.416612,0.648872,-0.290062,-1.178633,0.069377,1.281857,-1.888480,1.879742,3.743505,-0.630554,0.005887,0.000560,-0.000110,-0.001881,-0.000097,0.001414,-0.001015
19.630056,0.646833,-0.458880,-0.082390,-0.300145,0.702340,0.939221,-0.501446,0.396696,-0.526416,0.183275,-0.130411,0.416242,0.648537,-0.289947,-1.178627,0.069376,1.281860,-1.888475,1.879742,3.743507,-0.630553,0.005956,0.000055,0.000761,0.000761,-0.000219,0.001536,-0.000360
19.630954,0.649021,-0.454538,-0.086094,-0.297253,0.700229,0.937727,-0.501534,0.394916,-0.524831,0.181023,-0.128849,0.416043,0.648263,-0.289780,-1.178617,0.069375,1.281859,-1.888472,1.879742,3.743508,-0.630554,0.007406,-0.000271,0.000067,0.001383,-0.000920,0.001983,-0.000665
19.632041,0.650648,-0.457833,-0.088685,-0.298324,0.700577,0.938258,-0.501473,0.390433,-0.520189,0.175940,-0.128924,0.416088,0.647989,-0.289559,-1.178610,0.069372,1.281861,-1.888478,1.879745,3.743512,-0.630550,0.007246,-0.002020,0.000502,-0.000780,0.000247,0.003149,0.000383
19.632974,0.655440,-0.455078,-0.091242,-0.297438,0.698923,0.938193,-0.500059,0.383438,-0.513111,0.168324,-0.129487,0.416216,0.647703,-0.289288,-1.178602,0.069376,1.281859,-1.888474,1.879742,3.743513,-0.630548,0.007580,0.000097,0.000115,0.000998,-0.001215,0.002220,0.001314
19.633998,0.656195,-0.454943,-0.096745,-0.296750,0.697170,0.938581,-0.500366,0.376716,-0.506140,0.160952,-0.130445,0.416414,0.647427,-0.288985,-1.178600,0.069374,1.281859,-1.888475,1.879745,3.743511,-0.630552,0.006201,-0.000875,-0.000059,0.000743,-0.000536,0.001979,-0.000615
19.635121,0.660420,-0.453360,-0.101197,-0.294484,0.696083,0.939301,-0.499203,0.366117,-0.494819,0.149028,-0.132882,0.416837,0.646991,-0.288392,-1.178587,0.069374,1.281861,-1.888476,1.879745,3.743513,-0.630551,0.006014,-0.000780,0.001539,-0.000688,0.000075,0.000113,-0.000229
19.636022,0.661117,-0.454347,-0.101257,-0.293230,0.696177,0.938449,-0.499144,0.366117,-0.494819,0.149028,-0.132882,0.416837,0.646991,-0.288392,-1.178587,0.069374,1.281861,-1.888476,1.879745,3.743513,-0.630551,0.006014,-0.000780,0.001539,-0.000688,0.000075,0.000113,-0.000229
19.636957,0.660774,-0.451164,-0.105001,-0.295772,0.695051,0.938645,-0.498755,0.361102,-0.490838,0.143479,-0.132410,0.416761,0.646918,-0.288134,-1.178580,0.069375,1.281858,-1.888480,1.879742,3.743516,-0.630549,0.006634,0.000101,0.000174,-0.001217,-0.000937,0.000656,0.000544
19.637992,0.669075,-0.451392,-0.107526,-0.292328,0.694358,0.937518,-0.497970,0.356868,-0.488064,0.138700,-0.131285,0.416564,0.646897,-0.287917,-1.178571,0.069372,1.281858,-1.888471,1.879744,3.743517,-0.630548,0.007763,-0.001055,0.000604,0.001795,-0.000782,0.000118,0.000669
19.638994,0.671675,-0.452033,-0.108956,-0.291972,0.691791,0.936639,-0.497413,0.353655,-0.485543,0.134815,-0.130971,0.416453,0.646827,-0.287757,-1.178570,0.069374,1.281858,-1.888476,1.879741,3.743517,-0.630549,0.004749,-0.000495,0.000242,-0.000865,-0.001142,0.000901,0.000104
19.640016,0.671380,-0.452102,-0.112901,-0.291318,0.692321,0.936744,-0.496633,0.354787,-0.485989,0.135194,-0.130448,0.416290,0.646603,-0.287655,-1.178564,0.069374,1.281856,-1.888476,1.879746,3.743522,-0.630549,0.004548,0.000262,-0.000594,-0.000500,0.000360,0.001405,-0.000026
19.641039,0.673580,-0.454005,-0.118458,-0.290409,0.690371,0.936535,-0.496584,0.361087,-0.490818,0.140724,-0.128818,0.415952,0.646268,-0.287609,-1.178554,0.069376,1.281856,-1.888476,1.879741,3.743523,-0.630551,0.005753,0.000723,-0.000208,-0.000449,-0.001213,0.000931,-0.000588
19.642094,0.675888,-0.452405,-0.119734,-0.290087,0.688041,0.936423,-0.495909,0.368953,-0.498071,0.147886,-0.126248,0.415473,0.646000,-0.287620,-1.178547,0.069380,1.281858,-1.888476,1.879745,3.743523,-0.630550,0.005725,0.002086,0.000957,-0.000651,-0.000329,0.000788,0.000325
19.642938,0.678680,-0.445563,-0.124892,-0.290254,0.688553,0.936027,-0.495349,0.376406,-0.506634,0.154766,-0.122784,0.414853,0.645884,-0.287676,-1.178542,0.069380,1.281854,-1.888474,1.879747,3.743524,-0.630551,0.005720,0.001730,-0.000030,-0.000279,0.000889,0.000535,-0.000003
19.644092,0.677249,-0.445241,-0.125368,-0.288636,0.686657,0.934893,-0.495102,0.382323,-0.513983,0.160149,-0.119756,0.414272,0.645803,-0.287762,-1.178539,0.069373,1.281857,-1.888472,1.879745,3.743527,-0.630553,0.005246,-0.001257,0.001214,0.000427,-0.000501,0.000626,-0.000293
19.645078,0.681308,-0.444536,-0.125603,-0.288935,0.685849,0.934914,-0.494186,0.384505,-0.516570,0.161717,-0.118475,0.413936,0.645628,-0.287853,-1.178529,0.069374,1.281853,-1.888474,1.879748,3.743529,-0.630551,0.007186,-0.000893,-0.000332,-0.000363,0.000189,0.001353,0.000342
19.646058,0.684514,-0.444710,-0.133240,-0.286148,0.684858,0.935451,-0.494708,0.384174,-0.515402,0.160636,-0.118600,0.413799,0.645333,-0.287920,-1.178525,0.069374,1.281849,-1.888474,1.879746,3.743533,-0.630554,0.006198,-0.000811,-0.001708,0.000632,-0.000009,0.000960,-0.000532
19.647053,0.684809,-0.443265,-0.135634,-0.286523,0.683732,0.934196,-0.493700,0.384142,-0.513689,0.159771,-0.119057,0.413688,0.644957,-0.287941,-1.178520,0.069375,1.281851,-1.888478,1.879745,3.743530,-0.630548,0.005662,-0.000309,0.000594,-0.001394,-0.000029,0.000098,0.001475
19.647952,0.685503,-0.444258,-0.137850,-0.286808,0.681877,0.933434,-0.493251,0.383590,-0.511904,0.158434,-0.118903,0.413460,0.644599,-0.287922,-1.178510,0.069374,1.281850,-1.888476,1.879746,3.743533,-0.630551,0.006543,-0.000581,0.000217,-0.000350,0.000061,0.001012,0.000410
19.648990,0.687936,-0.445164,-0.139553,-0.286530,0.682848,0.933514,-0.492655,0.381457,-0.509420,0.155546,-0.118501,0.413160,0.644287,-0.287892,-1.178503,0.069376,1.281850,-1.888474,1.879747,3.743537,-0.630551,0.007135,0.000297,-0.000077,0.000512,0.000984,0.001436,0.000400
19.649979,0.690157,-0.441730,-0.141819,-0.285501,0.681663,0.932766,-0.492413,0.379328,-0.507295,0.152601,-0.118607,0.412900,0.644004,-0.287862,-1.178496,0.069378,1.281848,-1.888472,1.879743,3.743535,-0.630552,0.007017,0.001178,-0.000826,0.000898,-0.001045,0.001001,0.000223
19.650964,0.690078,-0.440837,-0.142776,-0.284797,0.678404,0.933067,-0.491933,0.378831,-0.506519,0.151198,-0.119326,0.412731,0.643722,-0.287817,-1.178489,0.069374,1.281845,-1.888472,1.879743,3.743536,-0.630551,0.006954,-0.000083,-0.001206,0.000547,-0.000869,0.001411,0.000704
19.651993,0.691476,-0.441292,-0.149396,-0.283081,0.678518,0.931504,-0.491151,0.379639,-0.506321,0.151034,-0.120463,0.412634,0.643385,-0.287754,-1.178480,0.069372,1.281843,-1.888472,1.879748,3.743537,-0.630550,0.008024,-0.000052,-0.002247,0.000529,0.001339,0.000752,0.000697
19.653070,0.695717,-0.437009,-0.146631,-0.283830,0.678382,0.932005,-0.490542,0.379984,-0.505855,0.150454,-0.121232,0.412476,0.643036,-0.287689,-1.178471,0.069374,1.281846,-1.888474,1.879743,3.743542,-0.630551,0.008387,0.000613,-0.000553,-0.000432,0.000179,0.001949,0.000138
19.653970,0.698681,-0.438073,-0.151553,-0.282012,0.676917,0.930957,-0.489599,0.379872,-0.505024,0.149463,-0.121693,0.412275,0.642662,-0.287630,-1.178466,0.069372,1.281838,-1.888471,1.879741,3.743542,-0.630552,0.007418,-0.001053,-0.003574,0.000995,-0.000774,0.001058,-0.000022
19.654983,0.699880,-0.440866,-0.156460,-0.281311,0.676357,0.929954,-0.489297,0.381883,-0.504671,0.150528,-0.122665,0.412167,0.642151,-0.287562,-1.178457,0.069374,1.281837,-1.888475,1.879742,3.743544,-0.630555,0.006864,-0.000123,-0.002475,-0.000128,-0.000238,0.001800,-0.001026
19.656000,0.703690,-0.433975,-0.157761,-0.279911,0.674793,0.930089,-0.489016,0.386458,-0.506148,0.154176,-0.123373,0.412041,0.641571,-0.287459,-1.178448,0.069377,1.281837,-1.888473,1.879742,3.743547,-0.630555,0.007324,0.001686,-0.001597,-0.000151,-0.000735,0.002437,-0.000628
19.656904,0.705002,-0.435663,-0.160710,-0.279483,0.674961,0.930185,-0.489050,0.391842,-0.509019,0.158766,-0.123117,0.411791,0.641009,-0.287292,-1.178443,0.069372,1.281834,-1.888475,1.879744,3.743548,-0.630554,0.006508,-0.001295,-0.002519,-0.000813,-0.000236,0.001934,-0.000202
19.657961,0.706779,-0.436751,-0.164447,-0.278781,0.674528,0.929786,-0.488135,0.397244,-0.511670,0.163446,-0.122500,0.411500,0.640416,-0.287041,-1.178436,0.069376,1.281833,-1.888475,1.879743,3.743548,-0.630551,0.006809,-0.000061,-0.002436,-0.000609,-0.001341,0.001526,0.000744
19.659080,0.707734,-0.433560,-0.164580,-0.279925,0.671856,0.928808,-0.486922,0.402698,-0.514334,0.168189,-0.121690,0.411190,0.639853,-0.286722,-1.178427,0.069378,1.281830,-1.888474,1.879740,3.743549,-0.630553,0.007021,0.000922,-0.002188,-0.000581,-0.001975,0.001560,-0.000067
19.660085,0.709793,-0.433375,-0.171785,-0.278637,0.672273,0.928769,-0.487769,0.408362,-0.517348,0.173065,-0.121214,0.410923,0.639354,-0.286368,-1.178418,0.069376,1.281825,-1.888470,1.879745,3.743553,-0.630557,0.007717,-0.000182,-0.003830,0.001256,-0.000485,0.002135,-0.001391
19.660951,0.711689,-0.431845,-0.171649,-0.276157,0.669794,0.929282,-0.486794,0.413204,-0.519165,0.176984,-0.122081,0.410826,0.638862,-0.285986,-1.178409,0.069378,1.281828,-1.888472,1.879744,3.743555,-0.630550,0.007723,0.000155,-0.001797,0.000675,-0.001965,0.001808,0.001297
19.661962,0.713805,-0.430292,-0.176054,-0.275640,0.669123,0.928233,-0.486643,0.416014,-0.519349,0.178852,-0.123395,0.410769,0.638421,-0.285577,-1.178402,0.069377,1.281822,-1.888476,1.879748,3.743552,-0.630551,0.007676,-0.000218,-0.003179,-0.001113,-0.000387,0.001006,0.000160
19.662960,0.711877,-0.431762,-0.180584,-0.277335,0.667101,0.928374,-0.485922,0.417228,-0.518901,0.179218,-0.123623,0.410545,0.638060,-0.285167,-1.178395,0.069375,1.281821,-1.888476,1.879746,3.743557,-0.630549,0.007684,-0.000526,-0.002526,-0.000906,-0.000762,0.001697,0.000854
19.664002,0.715845,-0.429917,-0.182695,-0.274846,0.666607,0.928167,-0.485220,0.416156,-0.517187,0.177354,-0.123374,0.410232,0.637812,-0.284801,-1.178382,0.069377,1.281819,-1.888471,1.879747,3.743557,-0.630550,0.009657,0.000638,-0.001805,0.001368,0.000224,0.001201,0.000376
19.664992,0.717696,-0.430174,-0.181802,-0.274243,0.664443,0.926579,-0.483945,0.411987,-0.513637,0.172406,-0.123534,0.409951,0.637731,-0.284514,-1.178374,0.069375,1.281816,-1.888474,1.879743,3.743557,-0.630551,0.008743,0.000182,-0.002355,-0.000344,-0.000336,0.001051,-0.000006
19.665965,0.721352,-0.431197,-0.188456,-0.273614,0.664728,0.927759,-0.484342,0.407732,-0.510504,0.167382,-0.123414,0.409618,0.637724,-0.284302,-1.178365,0.069377,1.281809,-1.888474,1.879747,3.743562,-0.630556,0.008845,0.000732,-0.004279,-0.000242,0.000783,0.002282,-0.001581
19.666953,0.722777,-0.429984,-0.190458,-0.273673,0.664139,0.926876,-0.483615,0.406398,-0.510091,0.165283,-0.122456,0.409161,0.637707,-0.284139,-1.178359,0.069378,1.281810,-1.888474,1.879744,3.743561,-0.630550,0.008054,0.001655,-0.002444,-0.000197,-0.000501,0.000743,0.000174
19.668119,0.722535,-0.429738,-0.197219,-0.273238,0.661237,0.926113,-0.482553,0.407464,-0.512049,0.165570,-0.121168,0.408664,0.637723,-0.284012,-1.178351,0.069378,1.281805,-1.888472,1.879742,3.743562,-0.630551,0.008375,0.001471,-0.002952,0.000504,-0.000910,0.001304,-0.000336
19.668999,0.725999,-0.426818,-0.195366,-0.270787,0.660629,0.925684,-0.482325,0.408236,-0.514139,0.165522,-0.120250,0.408219,0.637814,-0.283932,-1.178338,0.069378,1.281805,-1.888471,1.879743,3.743561,-0.630554,0.009681,0.001866,-0.001377,0.000831,0.000793,0.001668,-0.001316
19.669941,0.728340,-0.425355,-0.197475,-0.272028,0.659741,0.925108,-0.481999,0.407315,-0.515161,0.163750,-0.119435,0.407770,0.637955,-0.283889,-1.178330,0.069377,1.281797,-1.888474,1.879744,3.743562,-0.630554,0.008839,0.000799,-0.003625,-0.000937,0.000462,0.001786,-0.000900
19.671072,0.728460,-0.424426,-0.202352,-0.270803,0.657843,0.925182,-0.481565,0.406877,-0.515930,0.162378,-0.118612,0.407310,0.638017,-0.283838,-1.178320,0.069377,1.281792,-1.888468,1.879743,3.743567,-0.630552,0.008637,0.000490,-0.003960,0.000850,0.000392,0.002005,-0.000641
19.672078,0.730979,-0.423274,-0.201263,-0.268654,0.658491,0.925450,-0.481001,0.407475,-0.516168,0.161902,-0.118603,0.406967,0.637947,-0.283755,-1.178307,0.069376,1.281790,-1.888470,1.879748,3.743566,-0.630552,0.009719,0.000531,-0.003251,0.000420,0.001071,0.001544,-0.000407
19.672950,0.731972,-0.420519,-0.206011,-0.269849,0.656950,0.924362,-0.480371,0.407971,-0.515652,0.161261,-0.118999,0.406693,0.637825,-0.283643,-1.178298,0.069378,1.281780,-1.888474,1.879746,3.743567,-0.630553,0.009494,0.000378,-0.005279,-0.000943,-0.000620,0.000920,-0.000553
19.673967,0.733518,-0.419724,-0.208522,-0.268009,0.655606,0.924012,-0.480968,0.408570,-0.514697,0.160697,-0.119438,0.406448,0.637657,-0.283503,-1.178287,0.069374,1.281778,-1.888472,1.879748,3.743571,-0.630554,0.009860,-0.000583,-0.004213,0.000833,0.000023,0.001700,-0.000958
19.674960,0.736607,-0.420166,-0.212022,-0.267291,0.656084,0.923370,-0.479610,0.408191,-0.512091,0.159124,-0.120565,0.406313,0.637420,-0.283335,-1.178277,0.069376,1.281772,-1.888474,1.879747,3.743573,-0.630549,0.010126,-0.000543,-0.004487,-0.000269,0.000327,0.001681,0.001232
19.676008,0.732293,-0.419642,-0.212609,-0.266597,0.655006,0.924245,-0.479925,0.406586,-0.508241,0.156334,-0.121907,0.406219,0.637148,-0.283146,-1.178268,0.069376,1.281767,-1.888474,1.879741,3.743575,-0.630554,0.009609,0.000115,-0.004233,-0.000284,-0.001142,0.001969,-0.000535
19.676987,0.739554,-0.417462,-0.212565,-0.265497,0.652386,0.923821,-0.479000,0.404112,-0.504373,0.152705,-0.122734,0.406105,0.636932,-0.282953,-1.178251,0.069377,1.281759,-1.888474,1.879741,3.743572,-0.630550,0.012792,0.000307,-0.005492,-0.000248,-0.001132,0.000739,0.001135
19.677958,0.738474,-0.418304,-0.217503,-0.265933,0.652710,0.922933,-0.477966,0.401621,-0.501193,0.149072,-0.122933,0.405970,0.636797,-0.282768,-1.178245,0.069375,1.281749,-1.888474,1.879746,3.743574,-0.630551,0.010147,-0.000336,-0.006929,-0.000680,0.000440,0.000824,0.000223
19.679024,0.741469,-0.415920,-0.219470,-0.265620,0.649378,0.922644,-0.478242,0.401127,-0.499652,0.147437,-0.122827,0.405831,0.636663,-0.282596,-1.178229,0.069378,1.281742,-1.888474,1.879744,3.743577,-0.630554,0.011646,0.000489,-0.005871,0.000435,-0.000895,0.001368,-0.000889
19.680026,0.743219,-0.413577,-0.222302,-0.264410,0.649257,0.922655,-0.477218,0.401880,-0.498884,0.147074,-0.123183,0.405751,0.636516,-0.282440,-1.178218,0.069376,1.281735,-1.888472,1.879745,3.743578,-0.630551,0.011216,-0.000235,-0.006482,0.000815,0.001353,0.001278,0.000715
19.681032,0.745318,-0.414684,-0.222532,-0.262464,0.648094,0.921936,-0.476437,0.402520,-0.497552,0.146647,-0.124318,0.405751,0.636341,-0.282288,-1.178205,0.069375,1.281729,-1.888472,1.879746,3.743577,-0.630553,0.011334,-0.000944,-0.006566,0.000296,0.000396,0.000924,-0.000372
19.681959,0.747913,-0.413689,-0.223666,-0.262262,0.647408,0.921033,-0.476262,0.403855,-0.496450,0.146972,-0.125388,0.405722,0.636107,-0.282133,-1.178193,0.069377,1.281721,-1.888477,1.879746,3.743579,-0.630555,0.011295,0.000044,-0.007932,-0.000855,0.000529,0.001288,-0.000938
19.682942,0.746667,-0.413014,-0.224733,-0.262775,0.644609,0.920775,-0.476246,0.407886,-0.497704,0.150011,-0.125425,0.405534,0.635806,-0.281954,-1.178183,0.069377,1.281710,-1.888473,1.879746,3.743580,-0.630554,0.010929,-0.000057,-0.008680,-0.000483,0.000250,0.001867,-0.000375
19.683959,0.748689,-0.411618,-0.231550,-0.261911,0.645283,0.920276,-0.475499,0.414979,-0.501416,0.156039,-0.124932,0.405230,0.635433,-0.281727,-1.178166,0.069377,1.281698,-1.888470,1.879748,3.743582,-0.630552,0.012494,0.000040,-0.009544,0.000648,0.002029,0.001773,0.000547
19.684963,0.749861,-0.411184,-0.228807,-0.259712,0.645091,0.919539,-0.474601,0.422043,-0.504997,0.161941,-0.124924,0.404937,0.635061,-0.281462,-1.178155,0.069377,1.281694,-1.888470,1.879743,3.743581,-0.630553,0.012493,-0.000214,-0.007649,0.000477,0.000319,0.001929,0.000034
19.685967,0.750816,-0.410951,-0.235154,-0.260998,0.643439,0.919684,-0.475264,0.427367,-0.507423,0.166062,-0.125134,0.404663,0.634743,-0.281174,-1.178141,0.069377,1.281679,-1.888475,1.879743,3.743581,-0.630555,0.012889,0.000015,-0.010454,-0.000911,-0.000517,0.002322,-0.000778
19.686959,0.751905,-0.409499,-0.236613,-0.259568,0.642879,0.920601,-0.474157,0.431810,-0.509559,0.169285,-0.125142,0.404388,0.634479,-0.280866,-1.178126,0.069378,1.281673,-1.888470,1.879744,3.743585,-0.630549,0.013383,0.000320,-0.008732,0.000981,0.000099,0.001799,0.001534
19.687977,0.749551,-0.408616,-0.237135,-0.259700,0.641694,0.919662,-0.473957,0.434598,-0.510792,0.170840,-0.125475,0.404174,0.634327,-0.280553,-1.178113,0.069378,1.281662,-1.888472,1.879743,3.743584,-0.630551,0.013809,0.000025,-0.009455,0.000261,-0.000364,0.000541,0.000263
19.689058,0.754103,-0.406797,-0.241519,-0.257060,0.640109,0.919333,-0.472849,0.434654,-0.510259,0.169662,-0.126381,0.404043,0.634325,-0.280272,-1.178094,0.069378,1.281651,-1.888471,1.879743,3.743586,-0.630549,0.015941,0.000033,-0.010651,0.001072,-0.000225,0.001132,0.000865
19.689968,0.754922,-0.404231,-0.242892,-0.256803,0.639187,0.918066,-0.472822,0.432256,-0.508244,0.166069,-0.127303,0.403916,0.634437,-0.280049,-1.178084,0.069376,1.281643,-1.888474,1.879744,3.743587,-0.630551,0.014748,-0.000379,-0.010037,-0.000751,0.000229,0.001077,-0.000303
19.691009,0.756279,-0.404133,-0.245102,-0.255961,0.638693,0.918667,-0.471483,0.428166,-0.505180,0.160868,-0.127608,0.403701,0.634560,-0.279892,-1.178069,0.069374,1.281632,-1.888472,1.879743,3.743590,-0.630551,0.015212,-0.001238,-0.010651,-0.000405,0.000211,0.002025,0.000548
19.692062,0.760786,-0.401082,-0.248271,-0.255564,0.637236,0.918690,-0.471030,0.423256,-0.501314,0.154892,-0.127440,0.403422,0.634616,-0.279794,-1.178054,0.069376,1.281620,-1.888474,1.879743,3.743591,-0.630555,0.015538,-0.000839,-0.011031,-0.000495,-0.000371,0.001040,-0.001122
19.693103,0.763099,-0.402754,-0.252178,-0.253384,0.636224,0.918878,-0.470903,0.418547,-0.497070,0.149108,-0.127367,0.403168,0.634597,-0.279740,-1.178040,0.069372,1.281608,-1.888472,1.879744,3.743591,-0.630554,0.014305,-0.001874,-0.010948,-0.000197,-0.000009,0.000658,-0.000986
19.694051,0.762975,-0.403847,-0.253931,-0.253609,0.633992,0.918092,-0.469561,0.415141,-0.493493,0.144650,-0.127159,0.402904,0.634527,-0.279707,-1.178025,0.069374,1.281598,-1.888476,1.879743,3.743591,-0.630552,0.014176,-0.000577,-0.010494,-0.001575,-0.000071,0.000115,-0.000229
19.695034,0.765650,-0.401996,-0.255862,-0.253045,0.633728,0.918144,-0.470235,0.413426,-0.492017,0.141962,-0.125925,0.402484,0.634495,-0.279676,-1.178008,0.069376,1.281585,-1.888474,1.879746,3.743593,-0.630558,0.015127,0.000358,-0.010958,-0.000712,0.001160,0.000569,-0.001988
19.696036,0.764877,-0.400674,-0.257508,-0.252977,0.632071,0.917510,-0.469034,0.413340,-0.492900,0.140942,-0.123840,0.401916,0.634533,-0.279639,-1.177994,0.069376,1.281575,-1.888474,1.879744,3.743594,-0.630551,0.014730,-0.000148,-0.011402,-0.000601,0.000409,0.000161,0.000332
19.696975,0.765182,-0.400179,-0.259018,-0.250668,0.632272,0.916528,-0.468482,0.414282,-0.494731,0.140900,-0.121980,0.401359,0.634571,-0.279590,-1.177974,0.069376,1.281562,-1.888472,1.879745,3.743595,-0.630554,0.016040,-0.000373,-0.011999,-0.000020,0.001034,0.000457,-0.001117
19.698023,0.769164,-0.400260,-0.262132,-0.251197,0.630269,0.916417,-0.468828,0.415002,-0.496296,0.140595,-0.120374,0.400835,0.634591,-0.279534,-1.177956,0.069377,1.281549,-1.888476,1.879745,3.743596,-0.630555,0.016735,-0.000205,-0.012557,-0.001606,-0.000157,0.001111,-0.001286
19.698983,0.773007,-0.397511,-0.266350,-0.251731,0.629432,0.915702,-0.467739,0.415657,-0.498024,0.140223,-0.118542,0.400286,0.634599,-0.279455,-1.177941,0.069379,1.281537,-1.888476,1.879745,3.743596,-0.630551,0.016167,0.000366,-0.012941,-0.000184,0.000734,0.000959,0.000394
19.699968,0.775755,-0.399294,-0.273511,-0.249821,0.626849,0.915878,-0.467876,0.417559,-0.500246,0.141009,-0.117504,0.399846,0.634539,-0.279339,-1.177925,0.069375,1.281524,-1.888470,1.879746,3.743597,-0.630553,0.016235,-0.000317,-0.013363,0.001231,0.000430,0.001618,-0.000970
19.701067,0.778403,-0.397569,-0.278989,-0.249429,0.626243,0.916030,-0.466941,0.420290,-0.502392,0.142491,-0.117911,0.399589,0.634406,-0.279199,-1.177907,0.069379,1.281513,-1.888472,1.879749,3.743597,-0.630549,0.016884,0.001238,-0.012397,0.000382,0.001850,0.001382,0.000174
19.702045,0.784567,-0.395518,-0.281471,-0.246758,0.626692,0.916112,-0.466466,0.422006,-0.504210,0.142930,-0.118771,0.399366,0.634319,-0.279066,-1.177887,0.069379,1.281500,-1.888469,1.879747,3.743599,-0.630551,0.017811,0.001116,-0.012589,0.001122,0.001174,0.001152,-0.000748
19.702982,0.784963,-0.392615,-0.288778,-0.246861,0.625431,0.916245,-0.465768,0.422825,-0.506036,0.142488,-0.119417,0.399105,0.634298,-0.278962,-1.177872,0.069377,1.281483,-1.888473,1.879742,3.743600,-0.630550,0.016751,0.000782,-0.013898,-0.000433,-0.000376,0.001010,-0.000839
19.704176,0.791870,-0.392085,-0.294119,-0.245400,0.623513,0.916129,-0.465326,0.423028,-0.507368,0.141450,-0.119883,0.398848,0.634278,-0.278881,-1.177850,0.069375,1.281472,-1.888472,1.879744,3.743602,-0.630555,0.018431,0.000002,-0.012711,0.000661,-0.000204,0.000816,-0.001403
19.705180,0.795717,-0.388635,-0.300263,-0.243741,0.622350,0.916721,-0.465455,0.421300,-0.506840,0.138519,-0.120600,0.398673,0.634266,-0.278795,-1.177835,0.069377,1.281457,-1.888474,1.879744,3.743602,-0.630556,0.017490,0.000554,-0.013226,0.000499,0.000324,0.000862,-0.001231
19.705969,0.798742,-0.390989,-0.303689,-0.244353,0.621262,0.916000,-0.465093,0.418028,-0.504703,0.134078,-0.121523,0.398581,0.634246,-0.278659,-1.177819,0.069373,1.281445,-1.888474,1.879744,3.743601,-0.630554,0.017654,-0.000448,-0.012802,-0.000082,0.000303,0.000215,-0.000095
19.706967,0.802143,-0.390254,-0.309146,-0.241938,0.619790,0.916758,-0.464167,0.414468,-0.502032,0.129351,-0.122478,0.398530,0.634205,-0.278447,-1.177800,0.069377,1.281430,-1.888472,1.879747,3.743603,-0.630554,0.017709,0.001257,-0.013126,0.001345,0.000451,0.000896,-0.000141
19.708089,0.807564,-0.385670,-0.312979,-0.240881,0.619956,0.916288,-0.464801,0.411623,-0.500221,0.125330,-0.123266,0.398460,0.634185,-0.278163,-1.177782,0.069378,1.281418,-1.888476,1.879748,3.743602,-0.630557,0.018050,0.001545,-0.013050,0.000061,0.000750,0.000070,-0.001119
19.709069,0.810313,-0.385409,-0.316700,-0.239472,0.617794,0.916467,-0.463711,0.410043,-0.499772,0.122573,-0.123469,0.398304,0.634175,-0.277808,-1.177764,0.069375,1.281403,-1.888474,1.879743,3.743604,-0.630552,0.017669,0.000054,-0.014106,0.000163,-0.000696,0.000475,0.001139
19.710037,0.811372,-0.383735,-0.321491,-0.238693,0.616649,0.916166,-0.464079,0.409859,-0.499962,0.121162,-0.123236,0.398093,0.634090,-0.277386,-1.177745,0.069377,1.281386,-1.888475,1.879743,3.743605,-0.630555,0.018299,0.000596,-0.014781,-0.000178,0.000342,0.000229,-0.000207
19.711052,0.813186,-0.384658,-0.326974,-0.238148,0.615823,0.916155,-0.462703,0.410369,-0.500251,0.120400,-0.122629,0.397833,0.633954,-0.276925,-1.177724,0.069375,1.281370,-1.888475,1.879745,3.743605,-0.630551,0.019717,0.000438,-0.014903,0.000081,0.000334,0.000478,0.001385
19.711945,0.819965,-0.381047,-0.332800,-0.237048,0.615715,0.916763,-0.463031,0.409643,-0.499833,0.118437,-0.121688,0.397528,0.633877,-0.276465,-1.177702,0.069379,1.281357,-1.888474,1.879744,3.743606,-0.630555,0.020838,0.001574,-0.014835,0.000592,-0.000019,0.000424,-0.000496
19.712997,0.822236,-0.380211,-0.336583,-0.236190,0.614093,0.915444,-0.462551,0.407148,-0.498348,0.114780,-0.120850,0.397243,0.633893,-0.276029,-1.177686,0.069377,1.281345,-1.888474,1.879742,3.743606,-0.630551,0.019256,0.000386,-0.014276,0.000443,-0.000937,-0.000241,0.000958
19.713993,0.826950,-0.379193,-0.341869,-0.234764,0.612566,0.914818,-0.462095,0.403927,-0.495967,0.110430,-0.120513,0.397045,0.633912,-0.275623,-1.177664,0.069377,1.281328,-1.888472,1.879743,3.743610,-0.630551,0.020269,0.000710,-0.015139,0.000661,-0.000537,0.001017,0.000898
19.714949,0.828139,-0.376995,-0.346658,-0.232501,0.611946,0.914922,-0.461921,0.400994,-0.493320,0.106340,-0.120528,0.396909,0.633854,-0.275262,-1.177644,0.069379,1.281312,-1.888472,1.879743,3.743611,-0.630551,0.019921,0.000862,-0.015086,0.000290,-0.000179,0.001568,0.000857
19.715997,0.830856,-0.375376,-0.347166,-0.231797,0.610547,0.915790,-0.460758,0.398083,-0.490748,0.102280,-0.120121,0.396727,0.633733,-0.274971,-1.177620,0.069377,1.281296,-1.888474,1.879743,3.743612,-0.630550,0.021224,0.000435,-0.015175,-0.000912,-0.000683,0.001401,0.001345
19.716974,0.838641,-0.371096,-0.351392,-0.230667,0.609502,0.915334,-0.460145,0.394844,-0.488193,0.097945,-0.118836,0.396444,0.633589,-0.274766,-1.177596,0.069377,1.281275,-1.888474,1.879745,3.743611,-0.630553,0.021948,0.000359,-0.017631,-0.000484,-0.000514,0.000470,-0.000072
19.718020,0.840094,-0.372760,-0.356831,-0.229567,0.607700,0.915241,-0.459745,0.393372,-0.486347,0.095363,-0.117315,0.396144,0.633341,-0.274633,-1.177579,0.069373,1.281255,-1.888474,1.879746,3.743613,-0.630554,0.020042,-0.001073,-0.017990,-0.000577,-0.000629,0.000875,-0.000430
19.718957,0.843980,-0.372686,-0.364010,-0.227487,0.608171,0.915707,-0.458828,0.395158,-0.485813,0.095984,-0.116094,0.395880,0.632922,-0.274542,-1.177555,0.069377,1.281237,-1.888474,1.879747,3.743615,-0.630554,0.021433,0.000467,-0.017985,-0.000561,-0.000042,0.000889,-0.000311
19.719941,0.846218,-0.371093,-0.368991,-0.226596,0.606428,0.915734,-0.459780,0.398481,-0.486698,0.098197,-0.114426,0.395538,0.632484,-0.274461,-1.177536,0.069378,1.281222,-1.888476,1.879743,3.743612,-0.630558,0.021363,0.001048,-0.016829,-0.001611,-0.001589,0.000383,-0.001321
19.721022,0.851466,-0.367175,-0.372730,-0.228678,0.604980,0.914601,-0.458406,0.400882,-0.488357,0.099634,-0.111654,0.395040,0.632186,-0.274359,-1.177512,0.069380,1.281205,-1.888478,1.879743,3.743613,-0.630551,0.022201,0.000904,-0.016902,-0.001397,-0.000978,0.000298,0.001455
19.722114,0.855506,-0.367799,-0.379240,-0.226281,0.603370,0.915035,-0.458685,0.401699,-0.489037,0.099469,-0.109399,0.394609,0.631961,-0.274215,-1.177490,0.069377,1.281184,-1.888470,1.879745,3.743616,-0.630555,0.021756,-0.000278,-0.017816,0.001679,-0.000809,0.001367,-0.000381
19.723055,0.859221,-0.362025,-0.380778,-0.226113,0.602237,0.914456,-0.457807,0.401955,-0.488026,0.098538,-0.109463,0.394472,0.631683,-0.274038,-1.177466,0.069380,1.281167,-1.888472,1.879747,3.743616,-0.630551,0.021928,0.000770,-0.017393,0.000438,-0.000497,0.000854,0.001150
19.724000,0.860138,-0.362249,-0.384348,-0.224913,0.601658,0.913637,-0.458085,0.402397,-0.485852,0.097603,-0.111452,0.394567,0.631319,-0.273841,-1.177445,0.069375,1.281143,-1.888469,1.879744,3.743616,-0.630551,0.021946,-0.001434,-0.018994,0.001237,-0.000434,0.001390,0.000190
19.725027,0.864727,-0.361030,-0.387424,-0.221423,0.600035,0.914543,-0.456979,0.402976,-0.482393,0.096643,-0.114822,0.394830,0.630830,-0.273635,-1.177418,0.069377,1.281121,-1.888469,1.879743,3.743620,-0.630549,0.023326,-0.000664,-0.019576,0.001031,-0.000948,0.002134,0.001586
19.726021,0.868652,-0.358398,-0.392769,-0.223284,0.597593,0.914292,-0.456130,0.404023,-0.478841,0.096084,-0.118197,0.395096,0.630265,-0.273433,-1.177395,0.069377,1.281099,-1.888477,1.879743,3.743617,-0.630550,0.023067,-0.000570,-0.020655,-0.001201,-0.000511,0.001170,0.000248
19.726952,0.871578,-0.358079,-0.396445,-0.220591,0.597390,0.914829,-0.456053,0.406168,-0.476527,0.096649,-0.120578,0.395232,0.629689,-0.273261,-1.177373,0.069375,1.281079,-1.888470,1.879746,3.743617,-0.630553,0.023089,-0.001182,-0.020514,0.001608,0.000741,0.001381,-0.000567
19.727988,0.874026,-0.355526,-0.401853,-0.218293,0.595842,0.914721,-0.455384,0.409120,-0.474844,0.098020,-0.122803,0.395338,0.629110,-0.273137,-1.177348,0.069377,1.281054,-1.888472,1.879744,3.743616,-0.630551,0.023447,-0.000713,-0.021001,-0.000089,-0.000140,0.000784,0.000103
19.728933,0.874874,-0.357100,-0.404614,-0.217071,0.594872,0.914446,-0.455195,0.411686,-0.473470,0.099096,-0.124245,0.395319,0.628602,-0.273058,-1.177321,0.069374,1.281033,-1.888474,1.879746,3.743621,-0.630552,0.024252,-0.001247,-0.020935,-0.001226,0.000189,0.000813,-0.000339
19.730044,0.879265,-0.356555,-0.411192,-0.217216,0.592259,0.914115,-0.454022,0.412821,-0.472671,0.098960,-0.123610,0.394996,0.628242,-0.273015,-1.177294,0.069377,1.281008,-1.888474,1.879746,3.743621,-0.630551,0.025653,0.000174,-0.021916,-0.001438,0.000059,0.001036,0.000115
19.730972,0.884452,-0.355168,-0.411073,-0.216561,0.591489,0.915794,-0.454067,0.412677,-0.472922,0.097761,-0.121222,0.394394,0.628048,-0.273008,-1.177269,0.069379,1.280987,-1.888472,1.879748,3.743623,-0.630555,0.025662,0.000636,-0.021472,-0.000153,0.001372,0.001292,-0.001262
19.731957,0.886362,-0.348272,-0.414556,-0.213579,0.591104,0.915582,-0.453526,0.413393,-0.475063,0.097521,-0.118442,0.393699,0.627940,-0.273020,-1.177247,0.069380,1.280957,-1.888471,1.879746,3.743618,-0.630554,0.024897,0.000571,-0.023788,0.000167,0.001056,-0.000428,-0.000345
19.732983,0.887508,-0.354364,-0.423297,-0.214213,0.589545,0.914618,-0.453131,0.416467,-0.478666,0.099632,-0.116034,0.393061,0.627780,-0.273014,-1.177219,0.069372,1.280931,-1.888477,1.879746,3.743619,-0.630554,0.025861,-0.002132,-0.024478,-0.001655,0.000290,-0.000260,-0.000575
19.734040,0.892318,-0.351193,-0.429782,-0.212837,0.588223,0.913731,-0.453085,0.419537,-0.481872,0.101790,-0.113710,0.392463,0.627595,-0.272972,-1.177190,0.069381,1.280914,-1.888472,1.879747,3.743620,-0.630555,0.027270,0.001580,-0.022752,-0.000012,0.000657,0.000645,-0.000464
19.735038,0.897102,-0.347383,-0.431407,-0.212116,0.588552,0.912948,-0.452171,0.419937,-0.483994,0.101411,-0.111340,0.391846,0.627535,-0.272895,-1.177164,0.069379,1.280891,-1.888472,1.879749,3.743625,-0.630553,0.026936,0.000699,-0.022205,-0.000275,0.000722,0.001445,0.000366
19.735967,0.901059,-0.346013,-0.437185,-0.211229,0.587099,0.912665,-0.452499,0.418234,-0.484892,0.098987,-0.109569,0.391281,0.627517,-0.272778,-1.177138,0.069377,1.280864,-1.888472,1.879745,3.743627,-0.630553,0.026494,-0.000494,-0.023885,0.000058,-0.000750,0.002159,-0.000605
19.737038,0.903013,-0.344356,-0.440020,-0.209333,0.585206,0.913786,-0.451068,0.416256,-0.484343,0.096205,-0.109117,0.390895,0.627346,-0.272615,-1.177112,0.069376,1.280840,-1.888471,1.879745,3.743628,-0.630551,0.026309,-0.000506,-0.023289,0.000154,-0.000363,0.002377,0.000877
19.738094,0.907646,-0.343687,-0.442801,-0.210185,0.584241,0.913699,-0.451334,0.414464,-0.482798,0.093515,-0.109578,0.390640,0.627030,-0.272404,-1.177080,0.069375,1.280813,-1.888473,1.879747,3.743627,-0.630556,0.027391,-0.000595,-0.024561,-0.000568,0.000270,0.001190,-0.001064
19.738949,0.912657,-0.343361,-0.448969,-0.207586,0.582611,0.914080,-0.451043,0.413530,-0.481288,0.091605,-0.110536,0.390444,0.626641,-0.272155,-1.177055,0.069374,1.280785,-1.888467,1.879746,3.743627,-0.630553,0.027153,-0.000175,-0.025797,0.001299,0.000003,0.001229,0.000412
19.740006,0.911982,-0.341878,-0.453920,-0.207262,0.582743,0.913726,-0.449979,0.414950,-0.481178,0.091974,-0.111960,0.390281,0.626205,-0.271870,-1.177030,0.069375,1.280762,-1.888471,1.879749,3.743626,-0.630551,0.026285,0.000238,-0.024802,-0.000331,0.000613,0.000800,0.000557
19.741002,0.917389,-0.343488,-0.455257,-0.206131,0.580238,0.914084,-0.449953,0.417285,-0.482096,0.093264,-0.113202,0.390064,0.625809,-0.271575,-1.176996,0.069375,1.280736,-1.888469,1.879744,3.743627,-0.630554,0.028644,0.000220,-0.024987,0.000445,-0.000719,0.001097,-0.000653
19.741968,0.918701,-0.337128,-0.461789,-0.203075,0.578696,0.913330,-0.449032,0.419372,-0.483717,0.094337,-0.113923,0.389766,0.625530,-0.271301,-1.176969,0.069377,1.280706,-1.888469,1.879746,3.743627,-0.630552,0.027844,0.001702,-0.026761,0.000367,0.000627,0.000671,0.000180
19.743052,0.923328,-0.339217,-0.463511,-0.203751,0.578332,0.912338,-0.448340,0.421599,-0.486270,0.095592,-0.113729,0.389340,0.625323,-0.271054,-1.176939,0.069371,1.280683,-1.888475,1.879748,3.743631,-0.630554,0.029032,-0.000776,-0.025897,-0.001543,0.001012,0.001358,-0.000828
19.743960,0.925350,-0.338637,-0.468476,-0.204237,0.578081,0.912709,-0.448889,0.423242,-0.488647,0.096319,-0.112565,0.388775,0.625096,-0.270832,-1.176910,0.069377,1.280651,-1.888471,1.879746,3.743632,-0.630557,0.028813,0.000991,-0.027719,0.000239,0.000114,0.002285,-0.001248
19.744963,0.928149,-0.336072,-0.473556,-0.203569,0.576280,0.912399,-0.447913,0.425363,-0.491090,0.097456,-0.111804,0.388253,0.624797,-0.270612,-1.176879,0.069378,1.280624,-1.888467,1.879744,3.743630,-0.630552,0.029496,0.001307,-0.027438,0.001597,-0.000669,0.001861,0.000646
19.746046,0.933305,-0.332174,-0.477584,-0.199345,0.573569,0.912618,-0.448378,0.427855,-0.493218,0.098824,-0.112714,0.387943,0.624456,-0.270383,-1.176847,0.069376,1.280597,-1.888466,1.879744,3.743633,-0.630555,0.029996,0.000732,-0.027387,0.001945,-0.000025,0.002107,-0.000447
19.746966,0.934143,-0.333784,-0.478605,-0.200237,0.572522,0.913100,-0.446983,0.428975,-0.493730,0.098776,-0.114483,0.387736,0.624091,-0.270149,-1.176819,0.069373,1.280569,-1.888473,1.879746,3.743633,-0.630551,0.029528,-0.000448,-0.028073,-0.000980,0.001416,0.001820,0.001444
19.747981,0.938999,-0.331785,-0.482424,-0.198790,0.571722,0.912870,-0.447194,0.429588,-0.493768,0.098256,-0.115515,0.387412,0.623691,-0.269918,-1.176788,0.069376,1.280535,-1.888469,1.879746,3.743632,-0.630555,0.030833,0.000994,-0.029740,0.000848,0.001375,0.001289,-0.000565
19.749041,0.941890,-0.329646,-0.487812,-0.199413,0.571756,0.912480,-0.446141,0.431696,-0.495032,0.099223,-0.115922,0.386993,0.623266,-0.269692,-1.176756,0.069375,1.280504,-1.888471,1.879747,3.743634,-0.630551,0.030311,0.000684,-0.030282,0.000510,0.000973,0.001460,0.000760
19.750028,0.943185,-0.329186,-0.492516,-0.196871,0.570828,0.912861,-0.446788,0.435512,-0.497080,0.101837,-0.116913,0.386661,0.622790,-0.269478,-1.176724,0.069373,1.280474,-1.888467,1.879746,3.743635,-0.630554,0.030891,0.000370,-0.030196,0.002190,-0.000291,0.001781,-0.000432
19.750973,0.946023,-0.329359,-0.494413,-0.195152,0.569612,0.913048,-0.446000,0.438954,-0.498209,0.104057,-0.118889,0.386485,0.622289,-0.269273,-1.176690,0.069375,1.280445,-1.888469,1.879745,3.743632,-0.630552,0.032079,0.000809,-0.030259,0.000710,-0.000496,0.001355,0.001747
19.752012,0.947537,-0.328904,-0.499466,-0.194643,0.568685,0.912848,-0.445066,0.441061,-0.498878,0.105064,-0.120452,0.386279,0.621874,-0.269064,-1.176658,0.069377,1.280411,-1.888471,1.879743,3.743632,-0.630553,0.032407,0.001526,-0.031563,0.000039,-0.000363,0.001116,0.000972
19.753003,0.951402,-0.325754,-0.503953,-0.194179,0.566663,0.912725,-0.444992,0.442546,-0.500507,0.105645,-0.120521,0.385895,0.621604,-0.268846,-1.176623,0.069379,1.280377,-1.888469,1.879744,3.743635,-0.630555,0.033599,0.001986,-0.031525,0.000610,-0.000657,0.001246,0.000017
19.753966,0.952832,-0.322114,-0.506052,-0.193000,0.566115,0.912084,-0.444225,0.442991,-0.502247,0.105319,-0.119907,0.385429,0.621450,-0.268627,-1.176588,0.069377,1.280346,-1.888467,1.879745,3.743635,-0.630553,0.033487,0.001108,-0.031678,0.001147,0.000206,0.001311,0.000743
19.755066,0.958000,-0.320308,-0.511262,-0.192043,0.563581,0.912945,-0.444013,0.441612,-0.502173,0.103189,-0.119786,0.385038,0.621310,-0.268408,-1.176551,0.069374,1.280309,-1.888467,1.879745,3.743636,-0.630557,0.034522,-0.000010,-0.032898,0.000992,-0.000379,0.001896,0.000052
19.756011,0.958326,-0.319470,-0.512857,-0.191360,0.564050,0.911788,-0.443319,0.438717,-0.499648,0.099479,-0.120579,0.384777,0.621106,-0.268184,-1.176519,0.069373,1.280275,-1.888466,1.879749,3.743635,-0.630554,0.034022,-0.000137,-0.032952,0.001197,0.000850,0.000966,0.000593
19.756917,0.962257,-0.321076,-0.514251,-0.191011,0.562127,0.912330,-0.442985,0.435231,-0.495498,0.095093,-0.122181,0.384621,0.620848,-0.267941,-1.176480,0.069375,1.280238,-1.888464,1.879745,3.743639,-0.630555,0.035556,0.000082,-0.034370,0.001475,-0.000711,0.002062,0.000022
19.758038,0.961341,-0.318852,-0.518706,-0.187382,0.561287,0.912665,-0.443595,0.433126,-0.491884,0.091995,-0.124337,0.384523,0.620567,-0.267671,-1.176443,0.069378,1.280198,-1.888462,1.879746,3.743637,-0.630553,0.035193,0.001480,-0.035736,0.002051,0.000163,0.001465,0.000146
19.759021,0.964489,-0.314030,-0.523324,-0.187151,0.560104,0.913211,-0.442121,0.433183,-0.490609,0.091065,-0.125942,0.384327,0.620341,-0.267368,-1.176401,0.069381,1.280162,-1.888468,1.879746,3.743636,-0.630549,0.037717,0.001099,-0.036200,-0.000278,-0.000318,0.001072,0.002346
19.759960,0.967276,-0.315239,-0.522840,-0.186532,0.558847,0.915060,-0.441735,0.432312,-0.489788,0.089358,-0.126163,0.383937,0.620244,-0.267051,-1.176362,0.069378,1.280124,-1.888466,1.879746,3.743637,-0.630553,0.037875,-0.000610,-0.036185,0.000519,-0.000277,0.000465,0.000232
19.761087,0.969897,-0.313445,-0.525188,-0.184609,0.557847,0.914444,-0.441713,0.429671,-0.487912,0.085988,-0.125820,0.383477,0.620243,-0.266760,-1.176323,0.069380,1.280078,-1.888464,1.879746,3.743634,-0.630551,0.038138,0.000646,-0.038528,0.000854,-0.000113,-0.001431,0.000292
19.761961,0.971936,-0.309236,-0.529257,-0.183780,0.557780,0.913715,-0.440790,0.428719,-0.487335,0.084338,-0.125297,0.382993,0.620290,-0.266501,-1.176281,0.069380,1.280035,-1.888464,1.879746,3.743635,-0.630549,0.038883,0.000513,-0.039985,0.000121,-0.000432,-0.000858,0.001235
19.762970,0.972036,-0.311903,-0.533747,-0.183230,0.555190,0.912889,-0.440756,0.429991,-0.488263,0.084973,-0.124534,0.382484,0.620333,-0.266270,-1.176240,0.069376,1.279996,-1.888466,1.879743,3.743639,-0.630552,0.039357,-0.000952,-0.039907,0.000275,-0.001359,-0.000205,0.000140
19.764018,0.975829,-0.306805,-0.536307,-0.182429,0.553936,0.913099,-0.439895,0.430902,-0.488568,0.085330,-0.123926,0.382011,0.620365,-0.266092,-1.176194,0.069381,1.279956,-1.888464,1.879744,3.743641,-0.630550,0.041055,0.001052,-0.040016,0.000760,0.000069,0.000555,0.000968
19.764958,0.976701,-0.305001,-0.538454,-0.179943,0.551595,0.912157,-0.440091,0.430362,-0.487713,0.084286,-0.123717,0.381597,0.620407,-0.265991,-1.176153,0.069376,1.279911,-1.888464,1.879742,3.743641,-0.630554,0.041025,-0.000747,-0.041144,0.001075,0.000104,0.000272,0.000162
19.766001,0.978665,-0.303745,-0.539730,-0.179959,0.551179,0.913107,-0.439412,0.428690,-0.485531,0.082111,-0.123809,0.381230,0.620389,-0.265960,-1.176108,0.069375,1.279865,-1.888466,1.879747,3.743644,-0.630552,0.042199,-0.000977,-0.042146,-0.000386,0.001315,0.001158,0.001386
19.767045,0.979921,-0.305104,-0.538717,-0.179193,0.550778,0.913080,-0.438134,0.426629,-0.482377,0.079527,-0.123808,0.380861,0.620261,-0.265972,-1.176063,0.069377,1.279818,-1.888463,1.879745,3.743642,-0.630550,0.043029,-0.000905,-0.043866,0.000699,0.000516,0.000139,0.000911
19.768094,0.982225,-0.302180,-0.541663,-0.176671,0.549711,0.912667,-0.438352,0.426647,-0.480360,0.078916,-0.123873,0.380526,0.620038,-0.266008,-1.176015,0.069380,1.279766,-1.888463,1.879744,3.743646,-0.630555,0.044200,0.000478,-0.046689,0.001043,-0.000294,0.000097,-0.000723
19.768966,0.980764,-0.299640,-0.545546,-0.177139,0.547439,0.913697,-0.437307,0.430850,-0.481417,0.082343,-0.123816,0.380211,0.619733,-0.266040,-1.175969,0.069378,1.279719,-1.888466,1.879743,3.743644,-0.630552,0.044871,-0.000259,-0.047565,-0.000322,-0.000434,0.000463,0.000650
19.770055,0.984846,-0.298301,-0.546533,-0.175855,0.546799,0.913910,-0.437563,0.436730,-0.483739,0.087387,-0.123388,0.379882,0.619388,-0.266051,-1.175917,0.069376,1.279671,-1.888461,1.879747,3.743643,-0.630556,0.046968,-0.000901,-0.047484,0.000996,0.000793,-0.000621,-0.000691
19.771040,0.982009,-0.296437,-0.550533,-0.173980,0.546249,0.914042,-0.436151,0.441382,-0.484683,0.091177,-0.123314,0.379628,0.619048,-0.266040,-1.175870,0.069377,1.279619,-1.888461,1.879746,3.743646,-0.630550,0.046811,-0.000826,-0.049432,0.000854,0.000151,-0.000906,0.000778
19.771973,0.985672,-0.295677,-0.551705,-0.173595,0.543585,0.913448,-0.436969,0.444321,-0.483990,0.093257,-0.123601,0.379443,0.618747,-0.266001,-1.175814,0.069377,1.279568,-1.888463,1.879744,3.743645,-0.630557,0.049816,-0.001079,-0.049557,0.000064,-0.000424,-0.001090,-0.001193
19.773007,0.985502,-0.294434,-0.555533,-0.171011,0.542328,0.913678,-0.436143,0.445013,-0.481793,0.093157,-0.123668,0.379234,0.618519,-0.265920,-1.175762,0.069379,1.279514,-1.888461,1.879748,3.743646,-0.630552,0.049446,-0.000834,-0.050947,0.000643,0.001135,-0.000548,0.001281
19.773998,0.987598,-0.295473,-0.553710,-0.171246,0.540869,0.912763,-0.435656,0.444055,-0.478930,0.091516,-0.123077,0.378911,0.618362,-0.265792,-1.175706,0.069380,1.279459,-1.888465,1.879747,3.743646,-0.630555,0.051230,-0.000751,-0.051267,-0.000766,0.001179,-0.000845,0.000513
19.774960,0.989053,-0.290743,-0.556049,-0.170017,0.540350,0.911877,-0.435262,0.443415,-0.477240,0.090306,-0.121457,0.378400,0.618256,-0.265630,-1.175654,0.069381,1.279398,-1.888461,1.879749,3.743649,-0.630554,0.051787,0.000446,-0.054249,0.000451,0.001469,0.000009,0.000405
19.775971,0.988509,-0.292146,-0.560822,-0.168835,0.539820,0.911678,-0.433911,0.445100,-0.477604,0.091446,-0.119495,0.377787,0.618105,-0.265443,-1.175600,0.069377,1.279341,-1.888462,1.879748,3.743648,-0.630552,0.052594,-0.001235,-0.055065,0.000267,0.000863,0.000845,0.000454
19.776957,0.988665,-0.290216,-0.561324,-0.167963,0.538161,0.911457,-0.434080,0.447917,-0.478524,0.093730,-0.117866,0.377178,0.617874,-0.265248,-1.175541,0.069380,1.279285,-1.888461,1.879746,3.743648,-0.630557,0.054469,0.000165,-0.054827,0.000124,0.000239,0.000979,-0.001364
19.778027,0.991789,-0.289783,-0.563404,-0.166241,0.536484,0.911854,-0.433093,0.449330,-0.478712,0.094709,-0.116291,0.376553,0.617666,-0.265059,-1.175483,0.069380,1.279225,-1.888460,1.879746,3.743650,-0.630554,0.055918,-0.000137,-0.056634,0.000300,0.000749,0.001136,-0.000148
19.779003,0.994745,-0.289455,-0.567552,-0.165921,0.535755,0.912044,-0.433624,0.450041,-0.479016,0.095089,-0.114440,0.375874,0.617503,-0.264861,-1.175425,0.069380,1.279164,-1.888460,1.879747,3.743650,-0.630557,0.056079,0.000393,-0.057857,-0.000284,0.001170,0.000671,-0.001198
19.779982,0.994574,-0.288487,-0.567505,-0.164184,0.534744,0.910878,-0.432535,0.451911,-0.480756,0.096690,-0.112256,0.375133,0.617367,-0.264640,-1.175368,0.069382,1.279107,-1.888458,1.879747,3.743650,-0.630551,0.056122,0.000882,-0.057812,0.000393,0.000752,0.000429,0.000724
19.780958,0.997526,-0.285759,-0.570897,-0.163823,0.534996,0.911251,-0.432115,0.455458,-0.484293,0.099975,-0.109882,0.374352,0.617265,-0.264391,-1.175306,0.069383,1.279042,-1.888460,1.879748,3.743654,-0.630555,0.057709,0.001051,-0.059813,-0.000276,0.000617,0.001526,-0.000617
19.782025,0.995776,-0.284345,-0.575679,-0.161309,0.532765,0.911776,-0.431994,0.460173,-0.488810,0.104376,-0.107655,0.373596,0.617163,-0.264114,-1.175248,0.069382,1.278982,-1.888458,1.879746,3.743653,-0.630556,0.057735,0.000373,-0.060114,0.000373,-0.000771,0.001090,-0.000587
19.782974,0.999253,-0.281753,-0.576918,-0.161903,0.530726,0.911943,-0.431224,0.463714,-0.492376,0.107578,-0.105698,0.372897,0.617087,-0.263812,-1.175183,0.069382,1.278921,-1.888462,1.879746,3.743652,-0.630554,0.060266,0.000411,-0.059975,-0.000932,0.000247,0.000512,0.000101
19.783974,0.999490,-0.282098,-0.581957,-0.160306,0.530684,0.911279,-0.431935,0.463828,-0.493417,0.107382,-0.103979,0.372239,0.617090,-0.263498,-1.175124,0.069380,1.278855,-1.888458,1.879747,3.743651,-0.630554,0.059948,-0.000216,-0.061237,0.000609,0.001162,0.000300,-0.000621
19.784975,1.000489,-0.278796,-0.584329,-0.158405,0.530075,0.911009,-0.430766,0.460976,-0.492081,0.104229,-0.102919,0.371671,0.617145,-0.263184,-1.175059,0.069382,1.278793,-1.888460,1.879746,3.743653,-0.630550,0.061337,0.000642,-0.060761,0.000101,0.000024,0.000903,0.001688
19.785984,1.005671,-0.277406,-0.585728,-0.158163,0.529562,0.911074,-0.431050,0.455275,-0.488676,0.098283,-0.102291,0.371184,0.617256,-0.262876,-1.174996,0.069380,1.278729,-1.888462,1.879745,3.743656,-0.630553,0.062346,-0.000315,-0.061620,-0.000687,-0.000512,0.001092,0.000199
19.787118,1.007473,-0.278334,-0.587662,-0.156005,0.528687,0.910952,-0.429676,0.447925,-0.483891,0.090751,-0.101833,0.370763,0.617368,-0.262582,-1.174937,0.069380,1.278662,-1.888460,1.879742,3.743655,-0.630551,0.061309,-0.000303,-0.062948,0.000112,-0.001150,0.000974,0.001667
19.788140,1.010107,-0.275760,-0.587935,-0.155105,0.525773,0.911466,-0.429153,0.442774,-0.480325,0.085386,-0.101571,0.370411,0.617389,-0.262299,-1.174873,0.069383,1.278595,-1.888462,1.879743,3.743656,-0.630555,0.062236,0.000916,-0.064354,-0.000805,-0.001609,0.001030,-0.000106
19.788932,1.006337,-0.274826,-0.588706,-0.155075,0.525398,0.910684,-0.429347,0.442233,-0.480296,0.084550,-0.100872,0.370028,0.617320,-0.262027,-1.174811,0.069382,1.278524,-1.888462,1.879747,3.743654,-0.630554,0.062480,0.000338,-0.066233,-0.000605,0.000093,0.000460,-0.000248
19.789991,1.011099,-0.271679,-0.597220,-0.154305,0.523796,0.910813,-0.427604,0.445092,-0.482848,0.087014,-0.099863,0.369612,0.617191,-0.261774,-1.174740,0.069382,1.278453,-1.888458,1.879745,3.743659,-0.630550,0.065344,0.000424,-0.067207,0.000122,-0.000448,0.001186,0.000832
19.790990,1.010466,-0.271629,-0.593834,-0.152146,0.523105,0.911603,-0.426757,0.447240,-0.484471,0.088692,-0.099507,0.369277,0.617061,-0.261563,-1.174677,0.069380,1.278392,-1.888456,1.879747,3.743657,-0.630557,0.064564,-0.000406,-0.065143,0.000425,-0.000095,0.000996,-0.001737
19.792009,1.011107,-0.267680,-0.598669,-0.152427,0.521641,0.910183,-0.427579,0.447020,-0.483972,0.087983,-0.099801,0.369014,0.616976,-0.261403,-1.174607,0.069382,1.278316,-1.888457,1.879743,3.743656,-0.630559,0.066332,0.000253,-0.068788,-0.000660,-0.000538,0.000153,-0.002536
19.792976,1.012294,-0.265704,-0.600262,-0.151257,0.520740,0.910063,-0.427335,0.445600,-0.482196,0.086017,-0.100397,0.368777,0.616911,-0.261245,-1.174537,0.069378,1.278247,-1.888456,1.879744,3.743658,-0.630550,0.067473,-0.000992,-0.068344,0.000710,-0.000262,0.001524,-0.000003
19.793955,1.014177,-0.267828,-0.604585,-0.149013,0.520344,0.911365,-0.426608,0.442350,-0.478007,0.082105,-0.101931,0.368657,0.616801,-0.261058,-1.174466,0.069376,1.278172,-1.888456,1.879743,3.743657,-0.630553,0.068226,-0.001281,-0.069376,0.000566,-0.000492,0.001581,0.000342
19.795121,1.016152,-0.266583,-0.603358,-0.148471,0.518361,0.908932,-0.426165,0.437319,-0.471964,0.076355,-0.103905,0.368592,0.616684,-0.260855,-1.174396,0.069380,1.278105,-1.888458,1.879744,3.743657,-0.630554,0.068653,0.000432,-0.069136,-0.000592,-0.001250,0.000210,-0.000261
19.796062,1.014452,-0.262018,-0.607979,-0.146510,0.517581,0.909555,-0.425837,0.433226,-0.467417,0.071557,-0.104919,0.368398,0.616608,-0.260652,-1.174325,0.069382,1.278023,-1.888456,1.879744,3.743662,-0.630553,0.069460,0.000579,-0.072065,0.000077,-0.000616,0.002581,-0.000127
19.796992,1.017131,-0.261954,-0.607245,-0.147322,0.516303,0.911138,-0.424466,0.430569,-0.464462,0.068219,-0.104982,0.368080,0.616494,-0.260460,-1.174248,0.069378,1.277953,-1.888459,1.879745,3.743663,-0.630551,0.071540,-0.001026,-0.071518,-0.000846,-0.000953,0.001872,0.000034
19.797942,1.020402,-0.259146,-0.608792,-0.145720,0.514148,0.910629,-0.424935,0.427537,-0.460824,0.064565,-0.105014,0.367774,0.616314,-0.260307,-1.174176,0.069380,1.277876,-1.888455,1.879744,3.743658,-0.630555,0.071421,-0.000417,-0.073582,0.000891,-0.000738,0.000254,-0.001900
19.798975,1.023272,-0.261560,-0.612776,-0.144457,0.514286,0.910535,-0.424586,0.425801,-0.457151,0.062224,-0.105849,0.367583,0.616047,-0.260201,-1.174104,0.069378,1.277797,-1.888456,1.879746,3.743662,-0.630553,0.071353,-0.001069,-0.074860,0.000481,0.000159,0.000701,-0.000043
19.800189,1.025891,-0.258703,-0.622583,-0.141778,0.513208,0.909962,-0.422978,0.428135,-0.455809,0.063935,-0.107301,0.367470,0.615669,-0.260127,-1.174028,0.069383,1.277720,-1.888454,1.879744,3.743663,-0.630551,0.072368,0.001121,-0.076077,0.000849,-0.001670,0.000710,0.000368
19.800972,1.029605,-0.255853,-0.622145,-0.141164,0.510412,0.909305,-0.423487,0.433213,-0.457126,0.068464,-0.108483,0.367339,0.615292,-0.260087,-1.173950,0.069383,1.277646,-1.888456,1.879742,3.743666,-0.630557,0.074063,0.000868,-0.075116,0.000163,-0.002551,0.001177,-0.001523
19.802009,1.031498,-0.252753,-0.627141,-0.137861,0.510269,0.909689,-0.422308,0.438462,-0.459396,0.073283,-0.109220,0.367175,0.614946,-0.260082,-1.173877,0.069382,1.277562,-1.888454,1.879745,3.743667,-0.630552,0.073840,0.000231,-0.077498,0.000800,-0.001036,0.001775,0.000368
19.802967,1.030418,-0.251268,-0.631357,-0.137912,0.507876,0.909994,-0.422173,0.443731,-0.461632,0.078184,-0.109651,0.366979,0.614534,-0.260091,-1.173796,0.069380,1.277483,-1.888458,1.879742,3.743666,-0.630557,0.075297,-0.000273,-0.078175,-0.000747,-0.002593,0.001306,-0.000870
19.804015,1.033904,-0.250085,-0.639085,-0.135442,0.505022,0.909591,-0.420611,0.447698,-0.462705,0.081838,-0.109781,0.366745,0.614104,-0.260102,-1.173713,0.069380,1.277403,-1.888455,1.879746,3.743666,-0.630553,0.077955,-0.000063,-0.078943,0.000797,-0.001773,0.000929,-0.000090
19.804951,1.038820,-0.248569,-0.642082,-0.134191,0.503457,0.910049,-0.420810,0.447620,-0.461092,0.081571,-0.109768,0.366473,0.613799,-0.260113,-1.173631,0.069382,1.277325,-1.888454,1.879747,3.743667,-0.630557,0.078611,0.000362,-0.078318,-0.000005,-0.000644,0.001257,-0.002083
19.806004,1.043587,-0.244626,-0.650536,-0.132386,0.503676,0.909951,-0.420030,0.444165,-0.457694,0.078104,-0.109413,0.366109,0.613639,-0.260118,-1.173555,0.069383,1.277244,-1.888454,1.879745,3.743666,-0.630555,0.078257,0.000504,-0.079616,0.000255,-0.000590,0.000726,-0.000634
19.807019,1.047672,-0.242981,-0.655057,-0.131603,0.501363,0.910072,-0.419815,0.439523,-0.453682,0.073565,-0.108905,0.365698,0.613539,-0.260096,-1.173475,0.069382,1.277166,-1.888453,1.879741,3.743666,-0.630555,0.078334,-0.000418,-0.078649,0.000150,-0.002517,0.000750,-0.001061
19.808091,1.049578,-0.241262,-0.656244,-0.128456,0.498162,0.910177,-0.418802,0.434187,-0.448565,0.068314,-0.109080,0.365397,0.613434,-0.260039,-1.173393,0.069382,1.277086,-1.888453,1.879743,3.743666,-0.630553,0.078594,-0.000228,-0.079498,0.001003,-0.001855,0.000552,-0.000383
19.808932,1.053007,-0.243827,-0.664270,-0.127131,0.497624,0.911065,-0.418174,0.429422,-0.443316,0.063532,-0.109719,0.365177,0.613302,-0.259955,-1.173309,0.069383,1.276998,-1.888457,1.879746,3.743665,-0.630552,0.080121,-0.000049,-0.082154,-0.000325,-0.000428,0.000373,-0.001257
19.810004,1.055572,-0.237874,-0.669199,-0.126117,0.495323,0.909354,-0.418426,0.426709,-0.440371,0.060787,-0.109397,0.364816,0.613220,-0.259871,-1.173229,0.069389,1.276922,-1.888457,1.879744,3.743664,-0.630553,0.080156,0.002012,-0.080553,-0.000269,-0.001257,-0.000577,-0.001584
19.811038,1.059080,-0.235402,-0.674174,-0.126070,0.493862,0.910010,-0.418184,0.424669,-0.439318,0.058800,-0.107949,0.364294,0.613264,-0.259802,-1.173146,0.069386,1.276837,-1.888455,1.879744,3.743667,-0.630553,0.081353,0.000092,-0.081385,0.000421,-0.000694,0.001061,0.000108
19.812037,1.060972,-0.237454,-0.676291,-0.122044,0.492485,0.910303,-0.416657,0.421259,-0.437079,0.055435,-0.107229,0.363872,0.613341,-0.259747,-1.173063,0.069386,1.276753,-1.888451,1.879745,3.743666,-0.630550,0.081951,-0.000101,-0.082026,0.001967,-0.000943,0.000310,0.000733
19.812975,1.068866,-0.229776,-0.682918,-0.120337,0.490281,0.911589,-0.416545,0.417319,-0.434048,0.051502,-0.107449,0.363575,0.613406,-0.259708,-1.172976,0.069393,1.276666,-1.888455,1.879746,3.743666,-0.630554,0.083209,0.001844,-0.083923,-0.000385,-0.001205,-0.000054,-0.001242
19.814043,1.072791,-0.232284,-0.685649,-0.119685,0.487939,0.910217,-0.415435,0.414808,-0.432657,0.049065,-0.106950,0.363177,0.613481,-0.259700,-1.172897,0.069386,1.276583,-1.888455,1.879747,3.743664,-0.630552,0.081319,-0.001037,-0.083345,-0.000550,-0.000532,-0.001406,-0.000420
19.814960,1.073496,-0.227943,-0.691149,-0.118780,0.486432,0.910561,-0.415232,0.418139,-0.435707,0.052560,-0.105046,0.362170,0.613379,-0.259768,-1.172727,0.069390,1.276409,-1.888453,1.879747,3.743666,-0.630553,0.083428,-0.000026,-0.085078,0.001053,0.000061,-0.000527,-0.000879
19.816047,1.078562,-0.227329,-0.697174,-0.116072,0.484501,0.909105,-0.414254,0.418139,-0.435707,0.052560,-0.105046,0.362170,0.613379,-0.259768,-1.172727,0.069390,1.276409,-1.888453,1.879747,3.743666,-0.630553,0.083428,-0.000026,-0.085078,0.001053,0.000061,-0.000527,-0.000879
19.817061,1.085000,-0.224257,-0.705461,-0.113006,0.481627,0.910019,-0.413498,0.421621,-0.438275,0.056071,-0.104860,0.361679,0.613242,-0.259830,-1.172644,0.069394,1.276324,-1.888456,1.879746,3.743670,-0.630555,0.083403,0.000711,-0.085410,0.000182,0.000233,0.000841,-0.001652
19.817979,1.087373,-0.222738,-0.709812,-0.113892,0.479582,0.910094,-0.413732,0.424143,-0.440610,0.058719,-0.104148,0.361064,0.613099,-0.259895,-1.172563,0.069393,1.276243,-1.888459,1.879748,3.743671,-0.630555,0.082484,0.000179,-0.084327,-0.001189,0.001438,-0.000178,-0.002054
19.819022,1.092566,-0.222491,-0.713700,-0.111934,0.478614,0.910053,-0.412331,0.425556,-0.442735,0.060353,-0.102667,0.360296,0.612968,-0.259938,-1.172478,0.069395,1.276157,-1.888455,1.879749,3.743670,-0.630551,0.083274,0.000313,-0.084808,0.001126,0.001968,-0.000309,-0.000581
19.820046,1.097054,-0.219090,-0.720353,-0.109770,0.477173,0.909912,-0.412180,0.426646,-0.444696,0.061603,-0.101639,0.359552,0.612842,-0.259941,-1.172396,0.069397,1.276066,-1.888455,1.879745,3.743668,-0.630556,0.083056,0.001199,-0.085954,0.000846,0.001265,-0.000330,-0.002253
19.820952,1.101237,-0.218858,-0.719906,-0.108472,0.475918,0.909446,-0.411874,0.428823,-0.447531,0.063836,-0.101193,0.358885,0.612698,-0.259906,-1.172313,0.069395,1.275982,-1.888455,1.879745,3.743670,-0.630554,0.083139,0.000512,-0.085707,0.000338,0.001032,-0.000278,-0.001421
19.821959,1.104121,-0.214945,-0.728614,-0.107804,0.475625,0.909397,-0.411958,0.433230,-0.452128,0.068221,-0.100764,0.358252,0.612487,-0.259831,-1.172229,0.069397,1.275889,-1.888454,1.879747,3.743673,-0.630553,0.082979,0.001284,-0.088459,0.000500,0.000794,0.000107,-0.001054
19.822939,1.109841,-0.211590,-0.733247,-0.105316,0.473902,0.908784,-0.411140,0.440091,-0.458231,0.074960,-0.100720,0.357723,0.612173,-0.259714,-1.172144,0.069395,1.275806,-1.888452,1.879744,3.743672,-0.630552,0.083783,0.000325,-0.087095,0.001425,-0.000539,0.000082,0.000218
19.823999,1.111088,-0.211582,-0.739250,-0.102217,0.471597,0.909459,-0.409812,0.446925,-0.463445,0.081596,-0.101680,0.357406,0.611766,-0.259573,-1.172063,0.069393,1.275717,-1.888453,1.879744,3.743675,-0.630550,0.083109,-0.000359,-0.087655,0.000523,-0.000409,0.000613,-0.000373
19.824985,1.118697,-0.209010,-0.743455,-0.101072,0.470248,0.908921,-0.409673,0.451849,-0.466985,0.086372,-0.102642,0.357164,0.611334,-0.259432,-1.171975,0.069395,1.275630,-1.888456,1.879745,3.743671,-0.630556,0.084886,0.000676,-0.087843,-0.000788,0.000165,-0.000130,-0.001856
19.826000,1.119857,-0.208139,-0.752009,-0.097744,0.469351,0.908948,-0.408634,0.455586,-0.470480,0.090115,-0.102299,0.356790,0.610952,-0.259289,-1.171894,0.069395,1.275542,-1.888456,1.879746,3.743672,-0.630555,0.083276,0.000350,-0.088631,-0.000313,-0.000112,0.000340,-0.001041
19.826973,1.123097,-0.204556,-0.753278,-0.100189,0.466929,0.909467,-0.409269,0.458527,-0.474477,0.093243,-0.100474,0.356244,0.610645,-0.259124,-1.171806,0.069397,1.275459,-1.888460,1.879745,3.743671,-0.630558,0.084960,0.000904,-0.087398,-0.001916,-0.000868,0.000234,-0.002016
19.828001,1.126658,-0.201142,-0.755107,-0.096814,0.464566,0.909537,-0.407812,0.459607,-0.477618,0.094599,-0.098286,0.355664,0.610422,-0.258928,-1.171720,0.069395,1.275367,-1.888450,1.879744,3.743671,-0.630550,0.085443,0.000081,-0.089597,0.001919,-0.000013,-0.000362,0.000321
19.828944,1.130112,-0.200484,-0.760578,-0.096797,0.462459,0.908806,-0.407751,0.459882,-0.479162,0.095004,-0.097594,0.355280,0.610187,-0.258701,-1.171633,0.069393,1.275272,-1.888455,1.879745,3.743671,-0.630556,0.085947,-0.000587,-0.091651,0.000273,0.000656,-0.000504,-0.001492
19.830024,1.131842,-0.198228,-0.765722,-0.094677,0.461633,0.907646,-0.407991,0.461315,-0.480057,0.096338,-0.098496,0.355085,0.609845,-0.258449,-1.171546,0.069396,1.275180,-1.888452,1.879745,3.743674,-0.630557,0.086235,0.000002,-0.091562,0.001742,0.001220,0.000152,-0.000550
19.831008,1.136501,-0.198025,-0.770203,-0.091350,0.459441,0.908073,-0.407119,0.463167,-0.480443,0.097939,-0.100355,0.354982,0.609434,-0.258174,-1.171455,0.069394,1.275088,-1.888452,1.879745,3.743675,-0.630552,0.087784,-0.000049,-0.092204,0.001358,0.000268,0.001225,0.001093
19.831952,1.132584,-0.194690,-0.776692,-0.089885,0.458164,0.907570,-0.406962,0.464550,-0.480684,0.099048,-0.102068,0.354826,0.609035,-0.257872,-1.171368,0.069396,1.274991,-1.888456,1.879746,3.743673,-0.630552,0.087582,0.000811,-0.092745,-0.000300,0.000861,0.000720,0.000404
19.833066,1.138894,-0.193876,-0.781224,-0.089507,0.455325,0.908498,-0.406228,0.463493,-0.480452,0.097853,-0.102135,0.354422,0.608767,-0.257554,-1.171268,0.069396,1.274898,-1.888456,1.879744,3.743675,-0.630552,0.091442,0.000060,-0.092140,-0.000216,0.000610,0.001155,0.001134
19.833984,1.139212,-0.189887,-0.782386,-0.086501,0.454386,0.907061,-0.405999,0.457479,-0.477814,0.091841,-0.101013,0.353833,0.608704,-0.257241,-1.171180,0.069396,1.274802,-1.888452,1.879748,3.743672,-0.630550,0.090790,0.000761,-0.093196,0.001141,0.001596,0.000148,0.000864
19.834987,1.145575,-0.189126,-0.786800,-0.083538,0.453031,0.907315,-0.405114,0.448373,-0.473255,0.082791,-0.099654,0.353188,0.608761,-0.256957,-1.171083,0.069394,1.274700,-1.888456,1.879749,3.743679,-0.630551,0.092471,-0.000316,-0.095078,-0.000321,0.001020,0.001497,0.001419
19.836006,1.147016,-0.185626,-0.789569,-0.084707,0.452118,0.907309,-0.404363,0.439720,-0.469078,0.074286,-0.097438,0.352406,0.608797,-0.256714,-1.170994,0.069396,1.274605,-1.888460,1.879746,3.743677,-0.630549,0.091440,0.000289,-0.095729,-0.001562,0.000769,0.001161,0.000725
19.837132,1.148887,-0.182882,-0.795740,-0.083462,0.449726,0.907616,-0.404853,0.433480,-0.466315,0.068267,-0.094608,0.351552,0.608739,-0.256527,-1.170897,0.069393,1.274505,-1.888454,1.879745,3.743677,-0.630551,0.092886,-0.000444,-0.097223,0.001164,0.000020,0.001096,0.000345
19.838021,1.152511,-0.180149,-0.800197,-0.080710,0.448800,0.907443,-0.402743,0.428794,-0.463226,0.063725,-0.093291,0.350935,0.608574,-0.256404,-1.170800,0.069393,1.274405,-1.888452,1.879746,3.743676,-0.630547,0.094431,-0.000700,-0.097431,0.001680,0.000581,0.000708,0.002568
19.839027,1.153995,-0.178317,-0.804425,-0.077399,0.447221,0.908169,-0.402807,0.423299,-0.458011,0.058305,-0.093880,0.350609,0.608360,-0.256342,-1.170707,0.069392,1.274309,-1.888454,1.879746,3.743677,-0.630557,0.094368,-0.001170,-0.097607,0.000395,0.000045,0.000815,-0.000699
19.840070,1.156550,-0.177556,-0.810785,-0.078042,0.444173,0.908559,-0.402526,0.416271,-0.451368,0.051450,-0.094417,0.350312,0.608166,-0.256314,-1.170608,0.069392,1.274208,-1.888458,1.879745,3.743676,-0.630555,0.095714,-0.001089,-0.098313,-0.001196,-0.000014,0.000010,0.000567
19.840959,1.163558,-0.177495,-0.813741,-0.075263,0.443359,0.906970,-0.401230,0.407537,-0.444123,0.043066,-0.093963,0.349901,0.608076,-0.256285,-1.170508,0.069392,1.274110,-1.888452,1.879748,3.743675,-0.630552,0.096610,-0.000441,-0.098123,0.001042,0.001321,-0.000448,0.001122
19.842029,1.164600,-0.175315,-0.819450,-0.072942,0.441234,0.906811,-0.401636,0.398902,-0.437752,0.034870,-0.093021,0.349409,0.608077,-0.256232,-1.170415,0.069394,1.274008,-1.888454,1.879747,3.743677,-0.630557,0.094840,0.000393,-0.098986,-0.000298,0.000676,0.001080,-0.000500
19.843010,1.166065,-0.172814,-0.826032,-0.073586,0.439090,0.907330,-0.400571,0.392901,-0.434282,0.029316,-0.091217,0.348784,0.608077,-0.256137,-1.170315,0.069394,1.273908,-1.888457,1.879747,3.743678,-0.630552,0.096626,0.000352,-0.099203,-0.000802,0.001064,0.001140,0.001495
19.843952,1.169885,-0.170903,-0.827902,-0.071279,0.438182,0.907182,-0.399741,0.387475,-0.432032,0.024315,-0.088821,0.348068,0.608087,-0.255997,-1.170215,0.069393,1.273810,-1.888453,1.879750,3.743675,-0.630552,0.097864,0.000068,-0.098651,0.001371,0.001578,0.000560,0.000409
19.845048,1.172774,-0.168462,-0.832903,-0.069745,0.436350,0.905625,-0.398983,0.380453,-0.428571,0.017611,-0.087211,0.347446,0.608122,-0.255824,-1.170117,0.069393,1.273705,-1.888455,1.879747,3.743677,-0.630553,0.097807,0.000045,-0.100247,0.000620,0.000966,0.000634,-0.000216
19.845960,1.173233,-0.167866,-0.834967,-0.067952,0.433919,0.905290,-0.398871,0.373345,-0.424582,0.010646,-0.086476,0.346942,0.608119,-0.255624,-1.170014,0.069393,1.273602,-1.888454,1.879747,3.743679,-0.630555,0.098691,-0.000094,-0.100882,0.000838,0.001014,0.002108,-0.000522
19.846950,1.173180,-0.160890,-0.835915,-0.065193,0.434201,0.906581,-0.398456,0.367077,-0.421032,0.004354,-0.085929,0.346460,0.608057,-0.255405,-1.169910,0.069395,1.273496,-1.888452,1.879750,3.743680,-0.630553,0.100171,0.000491,-0.102238,0.000476,0.001929,0.002361,0.000252
19.848017,1.176258,-0.161450,-0.843601,-0.064408,0.432835,0.906064,-0.397302,0.360701,-0.417306,-0.002149,-0.085110,0.345929,0.607971,-0.255186,-1.169805,0.069390,1.273387,-1.888456,1.879746,3.743676,-0.630550,0.102156,-0.001982,-0.104421,-0.000599,0.000041,0.001003,0.000486
19.849028,1.177241,-0.163754,-0.844545,-0.063170,0.430965,0.906175,-0.397731,0.352670,-0.411949,-0.010347,-0.084143,0.345386,0.607910,-0.254986,-1.169700,0.069392,1.273286,-1.888452,1.879747,3.743679,-0.630554,0.102799,-0.000635,-0.103609,0.000269,-0.000327,0.001441,-0.000658
19.849966,1.178093,-0.160416,-0.847066,-0.061334,0.428816,0.906578,-0.396906,0.343686,-0.406279,-0.019536,-0.083146,0.344840,0.607962,-0.254810,-1.169593,0.069397,1.273175,-1.888451,1.879748,3.743681,-0.630551,0.104304,0.001458,-0.105873,0.000649,-0.000111,0.001239,0.001323
19.850982,1.180346,-0.158146,-0.850390,-0.059439,0.427048,0.906689,-0.396622,0.336013,-0.402995,-0.027459,-0.081744,0.344207,0.608172,-0.254636,-1.169484,0.069395,1.273066,-1.888451,1.879749,3.743676,-0.630553,0.105602,0.000707,-0.107052,0.000320,0.000495,0.000792,0.000679
19.852056,1.183559,-0.154436,-0.851252,-0.057797,0.427520,0.905724,-0.395725,0.329745,-0.401834,-0.033969,-0.079820,0.343448,0.608483,-0.254447,-1.169375,0.069398,1.272957,-1.888453,1.879749,3.743675,-0.630553,0.106454,0.000555,-0.108144,0.000115,0.000600,0.000614,0.001231
19.853031,1.184578,-0.154179,-0.858683,-0.056313,0.423933,0.905574,-0.394904,0.324938,-0.401763,-0.039011,-0.077812,0.342637,0.608780,-0.254227,-1.169269,0.069394,1.272840,-1.888452,1.879742,3.743679,-0.630554,0.107057,-0.000206,-0.110619,0.000216,-0.001581,0.001482,0.000604
19.854034,1.188981,-0.151792,-0.861469,-0.055523,0.422590,0.906747,-0.395266,0.321555,-0.402210,-0.042654,-0.076092,0.341857,0.608999,-0.253955,-1.169157,0.069396,1.272733,-1.888452,1.879747,3.743681,-0.630554,0.108371,0.000627,-0.109479,0.000314,0.000409,0.001541,0.000029
19.855021,1.185727,-0.148777,-0.864181,-0.052801,0.420092,0.905702,-0.393934,0.318362,-0.402540,-0.046105,-0.074775,0.341140,0.609188,-0.253620,-1.169051,0.069396,1.272620,-1.888451,1.879747,3.743678,-0.630550,0.108130,0.000414,-0.110760,0.001114,0.000093,0.000297,0.001854
19.856003,1.190652,-0.147551,-0.868160,-0.052103,0.420256,0.905345,-0.394598,0.314308,-0.402093,-0.050388,-0.073796,0.340472,0.609393,-0.253237,-1.168931,0.069394,1.272503,-1.888452,1.879749,3.743680,-0.630555,0.111556,-0.000102,-0.111956,0.000017,0.000967,0.001280,0.000254
19.857075,1.192636,-0.145219,-0.873723,-0.050788,0.418944,0.905433,-0.393702,0.308623,-0.400212,-0.056271,-0.072941,0.339825,0.609611,-0.252827,-1.168820,0.069394,1.272389,-1.888451,1.879745,3.743682,-0.630550,0.110896,0.000260,-0.112513,0.000887,-0.000781,0.001548,0.002672
19.857992,1.195741,-0.145184,-0.877117,-0.048738,0.416920,0.906796,-0.393344,0.301923,-0.397088,-0.063170,-0.072623,0.339270,0.609816,-0.252401,-1.168706,0.069394,1.272276,-1.888449,1.879742,3.743682,-0.630550,0.112026,0.000152,-0.112669,0.001255,-0.001174,0.001371,0.002025
19.858985,1.198344,-0.139983,-0.879206,-0.046697,0.413843,0.907191,-0.392728,0.295214,-0.393642,-0.070054,-0.072878,0.338834,0.610019,-0.251983,-1.168591,0.069397,1.272162,-1.888448,1.879744,3.743682,-0.630550,0.112059,0.001007,-0.113277,0.000665,-0.000661,-0.000073,0.002320
19.859980,1.202424,-0.139554,-0.886315,-0.045597,0.414000,0.907696,-0.391793,0.289337,-0.390847,-0.076004,-0.072913,0.338409,0.610222,-0.251596,-1.168476,0.069393,1.272044,-1.888449,1.879747,3.743682,-0.630552,0.112592,-0.000592,-0.114789,0.000273,0.000768,-0.000532,0.002173
19.861090,1.205611,-0.136464,-0.889853,-0.044368,0.411575,0.906839,-0.391612,0.284524,-0.388497,-0.080788,-0.072701,0.337985,0.610374,-0.251254,-1.168365,0.069398,1.271930,-1.888448,1.879742,3.743681,-0.630555,0.112440,0.000150,-0.113821,0.000751,-0.000996,-0.001103,0.001394
19.862011,1.206322,-0.136606,-0.896402,-0.041052,0.409593,0.907205,-0.390100,0.280357,-0.385977,-0.084881,-0.072879,0.337650,0.610452,-0.250969,-1.168251,0.069394,1.271811,-1.888446,1.879746,3.743682,-0.630550,0.113085,-0.000270,-0.115096,0.001279,-0.000396,-0.000324,0.002243
19.863060,1.210485,-0.132397,-0.895861,-0.040273,0.406947,0.905497,-0.389344,0.276058,-0.383321,-0.089058,-0.073044,0.337332,0.610502,-0.250746,-1.168135,0.069396,1.271697,-1.888449,1.879748,3.743682,-0.630552,0.114323,0.000705,-0.114108,-0.000481,0.000057,-0.000766,0.000205
19.864094,1.215957,-0.133889,-0.900011,-0.039073,0.406847,0.906353,-0.389427,0.271609,-0.381058,-0.093335,-0.072300,0.336871,0.610518,-0.250573,-1.168018,0.069392,1.271572,-1.888447,1.879748,3.743686,-0.630556,0.114227,-0.000337,-0.117114,0.000424,0.000993,0.000860,-0.000131
19.864973,1.214627,-0.126915,-0.900246,-0.036909,0.405891,0.905951,-0.388083,0.270374,-0.381046,-0.094517,-0.071167,0.336302,0.610378,-0.250415,-1.167905,0.069397,1.271454,-1.888446,1.879747,3.743683,-0.630551,0.113473,0.001392,-0.117737,0.000854,-0.000603,-0.000081,0.001160
19.866005,1.219031,-0.126427,-0.906737,-0.036246,0.404481,0.906398,-0.388165,0.273828,-0.383693,-0.091229,-0.070404,0.335731,0.610033,-0.250246,-1.167787,0.069392,1.271330,-1.888445,1.879747,3.743683,-0.630555,0.115597,-0.001204,-0.119658,0.000095,-0.001072,0.000268,-0.000579
19.867003,1.218566,-0.124051,-0.905603,-0.033799,0.401506,0.906024,-0.387400,0.278876,-0.386309,-0.086499,-0.070388,0.335245,0.609533,-0.250070,-1.167672,0.069393,1.271212,-1.888443,1.879743,3.743682,-0.630552,0.115336,-0.000417,-0.119107,0.001062,-0.001307,-0.000258,0.000724
19.867962,1.222950,-0.126102,-0.909595,-0.032502,0.400266,0.905645,-0.387113,0.283892,-0.387990,-0.081887,-0.071058,0.334844,0.608944,-0.249897,-1.167551,0.069392,1.271084,-1.888444,1.879747,3.743682,-0.630552,0.117374,-0.000609,-0.122166,0.000254,0.000008,0.000051,0.000271
19.869066,1.222255,-0.124314,-0.913263,-0.031824,0.397860,0.905057,-0.386430,0.290328,-0.391023,-0.075892,-0.071446,0.334379,0.608327,-0.249732,-1.167435,0.069395,1.270959,-1.888444,1.879745,3.743682,-0.630552,0.116874,0.001340,-0.122478,0.000520,-0.000312,0.000359,0.000753
19.869983,1.228339,-0.118631,-0.918860,-0.029014,0.396598,0.905763,-0.384915,0.298686,-0.396701,-0.067973,-0.071209,0.333796,0.607746,-0.249600,-1.167311,0.069397,1.270834,-1.888440,1.879747,3.743684,-0.630551,0.119332,0.001498,-0.123569,0.001547,0.000283,0.000851,0.000581
19.870936,1.225082,-0.118457,-0.920463,-0.028984,0.396760,0.905300,-0.385213,0.306711,-0.402942,-0.060368,-0.070905,0.333191,0.607223,-0.249522,-1.167196,0.069394,1.270712,-1.888442,1.879746,3.743682,-0.630558,0.117842,-0.000420,-0.122950,0.000243,0.000047,0.000077,-0.001440
19.872067,1.225153,-0.115431,-0.920917,-0.027443,0.393489,0.904369,-0.384169,0.312005,-0.406996,-0.055512,-0.071072,0.332682,0.606746,-0.249481,-1.167069,0.069394,1.270585,-1.888438,1.879743,3.743685,-0.630553,0.121075,0.000458,-0.124461,0.001675,-0.001654,0.000465,0.000215
19.872940,1.224727,-0.112655,-0.925389,-0.024878,0.391559,0.904619,-0.383431,0.313909,-0.408086,-0.054139,-0.072213,0.332359,0.606334,-0.249436,-1.166940,0.069394,1.270454,-1.888437,1.879747,3.743683,-0.630554,0.123154,0.000054,-0.127196,0.001952,-0.000236,0.001327,-0.000661
19.873952,1.226985,-0.113230,-0.923627,-0.023906,0.390959,0.905277,-0.384095,0.312126,-0.406193,-0.056510,-0.073999,0.332145,0.605993,-0.249362,-1.166813,0.069392,1.270326,-1.888439,1.879747,3.743682,-0.630554,0.124660,-0.000451,-0.126884,0.000828,0.000252,0.001006,-0.001179
19.875048,1.226318,-0.109073,-0.928164,-0.022230,0.389361,0.904348,-0.383182,0.307818,-0.402677,-0.061350,-0.075492,0.331892,0.605734,-0.249237,-1.166687,0.069395,1.270191,-1.888437,1.879745,3.743681,-0.630549,0.125288,0.000809,-0.130231,0.001453,-0.000794,0.000275,0.001263
19.876000,1.226040,-0.106882,-0.928210,-0.020598,0.386604,0.903655,-0.382931,0.303329,-0.399360,-0.066315,-0.076642,0.331598,0.605542,-0.249060,-1.166556,0.069393,1.270058,-1.888436,1.879745,3.743686,-0.630550,0.127621,-0.000186,-0.130724,0.001544,-0.000977,0.001109,0.000608
19.877075,1.229104,-0.104460,-0.932463,-0.018867,0.383907,0.903968,-0.381808,0.298243,-0.395469,-0.071836,-0.077817,0.331308,0.605367,-0.248868,-1.166423,0.069393,1.269920,-1.888436,1.879747,3.743688,-0.630549,0.129239,-0.000333,-0.132869,0.001451,0.000226,0.001718,0.001151
19.878032,1.228313,-0.105467,-0.934114,-0.015866,0.382341,0.904042,-0.381853,0.292157,-0.390498,-0.078299,-0.078913,0.330989,0.605161,-0.248696,-1.166289,0.069394,1.269788,-1.888434,1.879747,3.743688,-0.630552,0.129566,-0.000488,-0.133436,0.001412,0.001162,0.001313,0.000075
19.878978,1.229200,-0.102089,-0.936262,-0.015470,0.381732,0.903938,-0.381044,0.286225,-0.386057,-0.084492,-0.079044,0.330513,0.604952,-0.248552,-1.166154,0.069396,1.269649,-1.888437,1.879746,3.743688,-0.630549,0.131462,0.000949,-0.134788,0.000019,0.001162,0.001169,0.001221
19.879998,1.228843,-0.099006,-0.936750,-0.013786,0.378287,0.904570,-0.379988,0.280726,-0.383052,-0.090112,-0.077662,0.329822,0.604802,-0.248435,-1.166019,0.069394,1.269510,-1.888433,1.879744,3.743687,-0.630552,0.132456,0.000202,-0.135819,0.001090,0.000234,0.001209,0.000632
19.881041,1.228986,-0.096132,-0.940319,-0.011645,0.377422,0.904510,-0.380143,0.275354,-0.380415,-0.095557,-0.075750,0.329064,0.604675,-0.248355,-1.165883,0.069391,1.269366,-1.888431,1.879746,3.743687,-0.630554,0.134305,-0.000304,-0.137938,0.000996,0.002021,0.000493,-0.000365
19.881992,1.228124,-0.095376,-0.945977,-0.011078,0.376675,0.904645,-0.379242,0.269312,-0.376752,-0.101656,-0.073982,0.328329,0.604543,-0.248313,-1.165743,0.069391,1.269225,-1.888430,1.879747,3.743687,-0.630550,0.135942,-0.000706,-0.138621,0.000517,0.001146,0.000483,0.001093
19.883048,1.226762,-0.093095,-0.945999,-0.011031,0.374395,0.904301,-0.378676,0.260674,-0.370856,-0.110274,-0.072434,0.327629,0.604476,-0.248298,-1.165601,0.069391,1.269087,-1.888427,1.879744,3.743688,-0.630552,0.137740,-0.000136,-0.137935,0.001440,0.000373,0.000271,0.000317
19.884113,1.228005,-0.091978,-0.951849,-0.007829,0.373950,0.905072,-0.377964,0.248206,-0.361824,-0.122689,-0.071973,0.327083,0.604527,-0.248302,-1.165455,0.069393,1.268939,-1.888423,1.879747,3.743689,-0.630551,0.140105,-0.000260,-0.140404,0.003012,0.000909,0.000536,0.000341
19.885110,1.228001,-0.088522,-0.951437,-0.007629,0.372211,0.905677,-0.377358,0.232687,-0.350276,-0.138156,-0.072837,0.326723,0.604683,-0.248316,-1.165312,0.069395,1.268801,-1.888424,1.879746,3.743687,-0.630552,0.141196,0.000208,-0.140044,0.001543,-0.000386,-0.000311,0.000080
19.885983,1.229014,-0.088498,-0.950936,-0.004921,0.371541,0.904049,-0.377444,0.215481,-0.337442,-0.155281,-0.074395,0.326468,0.604927,-0.248322,-1.165166,0.069393,1.268653,-1.888420,1.879749,3.743685,-0.630553,0.142687,-0.000525,-0.142492,0.002869,-0.000293,-0.000979,-0.000035
19.887046,1.227852,-0.085408,-0.951834,-0.002751,0.369009,0.903397,-0.376116,0.199408,-0.325197,-0.171301,-0.076285,0.326261,0.605174,-0.248296,-1.165020,0.069395,1.268504,-1.888421,1.879748,3.743690,-0.630550,0.143242,0.000315,-0.144442,0.001578,-0.001050,0.000573,0.001090
19.888065,1.229422,-0.084933,-0.955371,-0.001533,0.366557,0.904130,-0.376400,0.187059,-0.315624,-0.183630,-0.077619,0.325962,0.605325,-0.248221,-1.164868,0.069396,1.268354,-1.888422,1.879749,3.743691,-0.630554,0.145465,-0.000195,-0.146450,0.001176,-0.000250,0.001130,-0.000416
19.889038,1.230336,-0.081500,-0.954493,-0.000061,0.364775,0.903536,-0.375215,0.178141,-0.308919,-0.192522,-0.077765,0.325466,0.605389,-0.248100,-1.164720,0.069396,1.268204,-1.888420,1.879751,3.743689,-0.630550,0.146187,0.000578,-0.146940,0.001564,0.000524,0.000324,0.001281
19.890098,1.230636,-0.082307,-0.958385,0.000853,0.362779,0.903708,-0.374178,0.172303,-0.304621,-0.198363,-0.077173,0.324816,0.605378,-0.247938,-1.164569,0.069394,1.268052,-1.888419,1.879751,3.743693,-0.630555,0.147072,-0.000163,-0.149466,0.001649,0.000709,0.000837,-0.000037
19.890979,1.231547,-0.077971,-0.957908,0.002367,0.362385,0.903700,-0.374128,0.169869,-0.302712,-0.200860,-0.076381,0.324075,0.605276,-0.247744,-1.164416,0.069397,1.267898,-1.888413,1.879752,3.743689,-0.630555,0.148528,0.001265,-0.149895,0.002309,0.000967,0.000597,-0.000951
19.891968,1.231134,-0.074158,-0.961977,0.004204,0.362855,0.903122,-0.373495,0.170181,-0.302634,-0.200676,-0.075780,0.323303,0.605091,-0.247524,-1.164268,0.069395,1.267741,-1.888411,1.879748,3.743688,-0.630551,0.149133,-0.000038,-0.151785,0.002181,-0.000051,0.000551,-0.000085
19.893030,1.232281,-0.075975,-0.963667,0.005283,0.360673,0.902870,-0.372920,0.171278,-0.302285,-0.199767,-0.075845,0.322606,0.604804,-0.247272,-1.164115,0.069393,1.267589,-1.888411,1.879742,3.743690,-0.630552,0.150725,-0.000941,-0.151866,0.001935,-0.002090,0.001049,-0.000280
19.894037,1.234516,-0.073272,-0.968811,0.006667,0.358442,0.904584,-0.371467,0.171639,-0.300548,-0.199612,-0.076610,0.322038,0.604451,-0.247000,-1.163963,0.069399,1.267430,-1.888407,1.879745,3.743689,-0.630553,0.151763,0.000979,-0.153376,0.002479,-0.001644,0.001222,-0.000265
19.894965,1.236538,-0.071600,-0.970121,0.011380,0.357228,0.903985,-0.371727,0.171724,-0.298788,-0.199705,-0.077645,0.321543,0.604145,-0.246729,-1.163810,0.069399,1.267277,-1.888404,1.879747,3.743688,-0.630556,0.152059,0.000599,-0.152977,0.002655,-0.001079,-0.000578,-0.002077
19.896001,1.239899,-0.070608,-0.973349,0.011306,0.357213,0.902513,-0.371246,0.172081,-0.298163,-0.199386,-0.077823,0.320944,0.603939,-0.246465,-1.163656,0.069401,1.267123,-1.888410,1.879747,3.743690,-0.630553,0.152210,0.000658,-0.154204,-0.000424,-0.001389,-0.000037,-0.000521
19.896998,1.242811,-0.067197,-0.974411,0.011957,0.354609,0.902147,-0.370224,0.173855,-0.299648,-0.197461,-0.076178,0.320102,0.603765,-0.246182,-1.163504,0.069402,1.266966,-1.888404,1.879744,3.743692,-0.630553,0.152056,0.001181,-0.154837,0.001225,-0.003047,0.001352,-0.000367
19.898085,1.244510,-0.064088,-0.978856,0.014249,0.351770,0.902032,-0.370742,0.178902,-0.303418,-0.192252,-0.074096,0.319204,0.603473,-0.245866,-1.163351,0.069401,1.266807,-1.888399,1.879746,3.743693,-0.630557,0.151992,0.000453,-0.156404,0.002070,-0.002068,0.001632,-0.001314
19.899020,1.250892,-0.062503,-0.980419,0.017428,0.350902,0.902082,-0.369316,0.187048,-0.308116,-0.184068,-0.073093,0.318440,0.602979,-0.245520,-1.163197,0.069401,1.266646,-1.888398,1.879748,3.743693,-0.630550,0.153248,0.000105,-0.157100,0.001735,-0.001230,0.001654,0.001004
19.900003,1.251322,-0.060571,-0.981492,0.017487,0.347890,0.903057,-0.369009,0.198059,-0.313812,-0.173107,-0.072575,0.317708,0.602303,-0.245155,-1.163045,0.069403,1.266481,-1.888401,1.879747,3.743694,-0.630552,0.152143,0.000499,-0.159217,0.000651,-0.002329,0.001511,-0.000653
19.900963,1.253220,-0.058314,-0.990706,0.018687,0.343487,0.902054,-0.368420,0.213610,-0.322178,-0.157708,-0.072063,0.316950,0.601477,-0.244793,-1.162885,0.069405,1.266315,-1.888394,1.879749,3.743692,-0.630550,0.154178,0.000769,-0.161803,0.002604,-0.001379,0.000446,0.000038
19.902014,1.257207,-0.054627,-0.992770,0.022047,0.342048,0.902366,-0.367454,0.231840,-0.331934,-0.139747,-0.072368,0.316267,0.600592,-0.244464,-1.162727,0.069403,1.266156,-1.888391,1.879752,3.743694,-0.630550,0.155375,0.000887,-0.160232,0.003412,0.000988,0.001371,0.000111
19.903036,1.256271,-0.051537,-1.000044,0.022854,0.340290,0.902643,-0.366918,0.248693,-0.340407,-0.123190,-0.073593,0.315658,0.599744,-0.244190,-1.162570,0.069403,1.265988,-1.888389,1.879749,3.743693,-0.630552,0.155915,0.000392,-0.162692,0.002260,0.000218,0.000953,-0.000445
19.903999,1.258210,-0.051675,-1.003612,0.026372,0.336272,0.902365,-0.366128,0.262123,-0.346275,-0.110034,-0.075249,0.315072,0.598975,-0.243973,-1.162408,0.069403,1.265824,-1.888383,1.879747,3.743692,-0.630551,0.158763,0.000163,-0.162373,0.003568,-0.000148,0.000587,-0.000171
19.905003,1.259320,-0.044824,-1.003838,0.027675,0.335460,0.902501,-0.365109,0.270512,-0.348969,-0.101880,-0.076844,0.314458,0.598380,-0.243806,-1.162244,0.069408,1.265658,-1.888386,1.879753,3.743691,-0.630553,0.159865,0.001418,-0.163617,0.002188,0.001818,0.000786,-0.000491
19.906062,1.264286,-0.044887,-1.011221,0.029239,0.333919,0.902820,-0.365240,0.274741,-0.349411,-0.097851,-0.077823,0.313746,0.597957,-0.243671,-1.162078,0.069405,1.265485,-1.888381,1.879750,3.743691,-0.630554,0.161545,-0.000713,-0.166678,0.002983,0.000519,0.000553,-0.001211
19.907003,1.262496,-0.042100,-1.011926,0.033116,0.329981,0.902073,-0.363836,0.277249,-0.348418,-0.095571,-0.078882,0.313055,0.597597,-0.243538,-1.161916,0.069409,1.265318,-1.888376,1.879748,3.743691,-0.630550,0.161566,0.000659,-0.166456,0.003603,-0.000142,0.000135,0.000448
19.907997,1.265633,-0.040693,-1.019943,0.035605,0.328902,0.902212,-0.364123,0.278994,-0.346987,-0.094022,-0.079837,0.312356,0.597309,-0.243388,-1.161745,0.069409,1.265144,-1.888377,1.879751,3.743693,-0.630555,0.164402,0.000456,-0.168933,0.001773,0.001816,0.000797,-0.001140
19.909138,1.267227,-0.039020,-1.020064,0.035416,0.327460,0.902355,-0.362844,0.279219,-0.345937,-0.093785,-0.079089,0.311430,0.597164,-0.243224,-1.161577,0.069411,1.264976,-1.888376,1.879748,3.743695,-0.630550,0.164977,0.001013,-0.168047,0.001440,0.000809,0.000546,0.000751
19.910010,1.268387,-0.031125,-1.020915,0.037479,0.324899,0.902843,-0.362709,0.278149,-0.345415,-0.094668,-0.077115,0.310363,0.597160,-0.243042,-1.161406,0.069413,1.264797,-1.888367,1.879746,3.743695,-0.630553,0.166944,0.001616,-0.171816,0.003931,-0.000118,0.000297,-0.000330
19.911001,1.270124,-0.031452,-1.024289,0.041125,0.324252,0.902443,-0.361763,0.277677,-0.344984,-0.095002,-0.076164,0.309483,0.597155,-0.242847,-1.161234,0.069406,1.264621,-1.888364,1.879747,3.743692,-0.630551,0.167972,-0.001155,-0.173795,0.003665,0.000616,-0.000256,0.000554
19.912036,1.273154,-0.026987,-1.028395,0.041237,0.322119,0.902586,-0.360721,0.278241,-0.343965,-0.094387,-0.076525,0.308827,0.597035,-0.242640,-1.161062,0.069410,1.264441,-1.888367,1.879746,3.743691,-0.630552,0.169212,0.000264,-0.175092,0.002227,-0.000830,0.000063,-0.000051
19.912934,1.268450,-0.026805,-1.030636,0.043571,0.318921,0.901936,-0.360562,0.279619,-0.342820,-0.092976,-0.077366,0.308270,0.596831,-0.242427,-1.160891,0.069408,1.264259,-1.888359,1.879748,3.743690,-0.630553,0.169999,-0.000629,-0.176230,0.004204,-0.000876,-0.000176,-0.000775
19.914004,1.271392,-0.026756,-1.034314,0.046454,0.316502,0.901138,-0.360279,0.280454,-0.341032,-0.092135,-0.078877,0.307816,0.596632,-0.242217,-1.160708,0.069412,1.264080,-1.888357,1.879750,3.743695,-0.630552,0.173964,0.000404,-0.177637,0.003757,0.000429,0.000370,0.000093
19.914944,1.275545,-0.023021,-1.036266,0.047541,0.314873,0.902934,-0.359026,0.279349,-0.338856,-0.093166,-0.080119,0.307301,0.596557,-0.242012,-1.160531,0.069414,1.263897,-1.888355,1.879749,3.743696,-0.630550,0.174844,0.001727,-0.179170,0.003172,0.000597,0.001064,0.000924
19.916087,1.277287,-0.017413,-1.041804,0.049696,0.312149,0.901769,-0.358100,0.278405,-0.338503,-0.093903,-0.080221,0.306584,0.596607,-0.241813,-1.160355,0.069413,1.263715,-1.888349,1.879749,3.743692,-0.630553,0.174608,0.001051,-0.180895,0.003990,0.000249,-0.000817,-0.000361
19.917061,1.277745,-0.016828,-1.041495,0.051461,0.310855,0.900577,-0.357959,0.279064,-0.339496,-0.093026,-0.080312,0.305818,0.596657,-0.241624,-1.160176,0.069412,1.263532,-1.888345,1.879750,3.743696,-0.630554,0.176421,-0.000272,-0.181872,0.004231,0.000573,0.000248,-0.000702
19.917944,1.278582,-0.014247,-1.040949,0.054822,0.309759,0.901055,-0.357173,0.280572,-0.340118,-0.091415,-0.081261,0.305120,0.596616,-0.241430,-1.159995,0.069414,1.263340,-1.888341,1.879749,3.743697,-0.630552,0.178123,0.000681,-0.184806,0.004484,-0.000183,0.001342,0.000297
19.918998,1.286395,-0.015980,-1.046236,0.057518,0.306953,0.901619,-0.356222,0.284180,-0.341709,-0.087811,-0.082350,0.304397,0.596455,-0.241209,-1.159811,0.069412,1.263149,-1.888340,1.879747,3.743698,-0.630553,0.179202,0.000535,-0.187370,0.002996,-0.000918,0.000764,-0.000129
19.919995,1.284948,-0.008786,-1.051593,0.059671,0.304545,0.901398,-0.356267,0.292844,-0.347632,-0.079127,-0.082046,0.303459,0.596208,-0.240956,-1.159637,0.069419,1.262957,-1.888338,1.879748,3.743696,-0.630554,0.177620,0.002690,-0.187881,0.002564,-0.000326,0.000110,-0.000646
19.920985,1.288515,-0.008970,-1.058452,0.061367,0.303330,0.901463,-0.355200,0.305934,-0.357858,-0.065899,-0.079938,0.302256,0.595938,-0.240674,-1.159449,0.069414,1.262767,-1.888337,1.879749,3.743697,-0.630550,0.180330,0.000390,-0.188113,0.002565,-0.000021,0.000242,0.000753
19.922117,1.292353,-0.006933,-1.062485,0.062385,0.300634,0.902130,-0.354254,0.318289,-0.367921,-0.053275,-0.077109,0.300947,0.595720,-0.240385,-1.159266,0.069418,1.262579,-1.888334,1.879746,3.743699,-0.630552,0.180498,0.001743,-0.187562,0.002947,-0.000866,0.000074,-0.000099
19.922987,1.294477,-0.003563,-1.063046,0.065740,0.299625,0.902810,-0.353831,0.328073,-0.376136,-0.043142,-0.074629,0.299696,0.595603,-0.240114,-1.159084,0.069420,1.262384,-1.888326,1.879745,3.743694,-0.630552,0.181169,0.002143,-0.189111,0.004223,-0.000527,-0.000678,-0.000503
19.924039,1.295256,-0.000534,-1.064762,0.067917,0.296944,0.900450,-0.353184,0.337687,-0.384070,-0.033192,-0.072752,0.298562,0.595542,-0.239868,-1.158902,0.069420,1.262190,-1.888327,1.879746,3.743694,-0.630551,0.181575,0.001564,-0.191038,0.002746,-0.001362,-0.001438,-0.000205
19.925008,1.297702,0.001503,-1.066183,0.068811,0.294196,0.901063,-0.352964,0.348589,-0.392410,-0.022025,-0.070935,0.297489,0.595433,-0.239642,-1.158716,0.069420,1.261994,-1.888322,1.879747,3.743699,-0.630550,0.183400,0.001404,-0.193297,0.002765,-0.000892,0.000826,-0.000125
19.925944,1.299626,0.006685,-1.070832,0.071343,0.292357,0.901527,-0.351012,0.361230,-0.401173,-0.009233,-0.069198,0.296465,0.595188,-0.239443,-1.158530,0.069422,1.261792,-1.888317,1.879748,3.743698,-0.630549,0.184014,0.001613,-0.195206,0.003861,-0.000179,0.000098,0.000706
19.927011,1.299943,0.009942,-1.076259,0.074487,0.289086,0.901635,-0.351749,0.374896,-0.409443,0.004473,-0.068253,0.295570,0.594790,-0.239291,-1.158342,0.069420,1.261599,-1.888315,1.879748,3.743698,-0.630556,0.184740,0.000226,-0.195407,0.003313,-0.000313,-0.000446,-0.001980
19.928077,1.299668,0.010871,-1.072115,0.074231,0.287450,0.900963,-0.350514,0.386355,-0.415035,0.015977,-0.067879,0.294773,0.594320,-0.239187,-1.158152,0.069420,1.261400,-1.888314,1.879749,3.743697,-0.630550,0.186803,-0.000022,-0.195852,0.002453,0.000714,-0.000645,0.000926
19.928962,1.303916,0.014445,-1.076788,0.077776,0.285976,0.901012,-0.349409,0.394777,-0.417822,0.024432,-0.067871,0.294039,0.593842,-0.239107,-1.157959,0.069424,1.261190,-1.888305,1.879748,3.743698,-0.630553,0.189117,0.000852,-0.200996,0.004849,0.000110,-0.000068,-0.000178
19.929967,1.305949,0.012845,-1.079742,0.080243,0.283329,0.901531,-0.349263,0.403422,-0.420250,0.032996,-0.068615,0.293417,0.593310,-0.239029,-1.157772,0.069424,1.260987,-1.888305,1.879748,3.743698,-0.630556,0.188455,0.000180,-0.200778,0.003207,-0.000279,-0.000206,-0.001216
19.930941,1.306800,0.014232,-1.085525,0.081536,0.281945,0.900802,-0.348619,0.413960,-0.424516,0.043476,-0.069094,0.292776,0.592752,-0.238930,-1.157580,0.069430,1.260780,-1.888300,1.879748,3.743696,-0.630553,0.189380,0.002224,-0.202059,0.002814,0.000265,-0.000813,-0.000178
19.931947,1.306680,0.019921,-1.085580,0.083841,0.280505,0.901224,-0.348965,0.425466,-0.431527,0.055121,-0.068205,0.291953,0.592310,-0.238784,-1.157383,0.069434,1.260580,-1.888296,1.879747,3.743698,-0.630552,0.190697,0.002712,-0.201819,0.003566,-0.000391,-0.000171,-0.000204
19.933036,1.307579,0.024097,-1.086502,0.085928,0.277685,0.900513,-0.347353,0.435747,-0.439390,0.065689,-0.066690,0.291063,0.592020,-0.238588,-1.157188,0.069432,1.260370,-1.888293,1.879744,3.743695,-0.630549,0.192658,0.001173,-0.204521,0.003370,-0.001039,-0.000684,0.001814
19.933986,1.308828,0.027090,-1.089240,0.089587,0.275611,0.900929,-0.347106,0.443637,-0.445586,0.073883,-0.065623,0.290280,0.591771,-0.238348,-1.156988,0.069430,1.260157,-1.888290,1.879748,3.743699,-0.630553,0.194387,0.000511,-0.207176,0.003568,-0.000531,-0.000085,-0.000007
19.935099,1.312320,0.028975,-1.091708,0.089006,0.274610,0.900577,-0.346444,0.449532,-0.449769,0.080096,-0.064823,0.289578,0.591491,-0.238086,-1.156794,0.069430,1.259946,-1.888292,1.879749,3.743696,-0.630551,0.195434,0.000237,-0.208196,0.002024,-0.000463,-0.000582,0.000761
19.936010,1.308400,0.028619,-1.092016,0.092357,0.273166,0.901016,-0.344602,0.454414,-0.452731,0.085336,-0.064268,0.288941,0.591189,-0.237821,-1.156594,0.069432,1.259727,-1.888282,1.879746,3.743697,-0.630550,0.195971,0.000705,-0.210135,0.004823,-0.001784,-0.000325,0.000887
19.937019,1.308852,0.031722,-1.094247,0.094088,0.269254,0.901001,-0.344814,0.459380,-0.455607,0.090626,-0.064459,0.288437,0.590925,-0.237574,-1.156386,0.069436,1.259512,-1.888282,1.879744,3.743696,-0.630556,0.199297,0.002006,-0.212128,0.003410,-0.002226,-0.000855,-0.001606
19.937949,1.310035,0.032364,-1.095709,0.096117,0.267424,0.899419,-0.344569,0.463722,-0.459020,0.095290,-0.064541,0.287929,0.590815,-0.237348,-1.156184,0.069437,1.259293,-1.888277,1.879748,3.743695,-0.630553,0.200877,0.001731,-0.213640,0.003773,-0.000447,-0.000924,0.000168
19.939031,1.309578,0.039344,-1.096249,0.098180,0.265240,0.899836,-0.344111,0.466962,-0.463075,0.098916,-0.063768,0.287277,0.590857,-0.237123,-1.155981,0.069441,1.259079,-1.888271,1.879749,3.743699,-0.630552,0.201760,0.002569,-0.215170,0.003633,-0.000597,0.000565,0.000881
19.940082,1.307527,0.041888,-1.097858,0.100253,0.262746,0.900096,-0.343369,0.469576,-0.467176,0.101949,-0.062656,0.286542,0.590929,-0.236880,-1.155769,0.069437,1.258853,-1.888267,1.879749,3.743696,-0.630551,0.204016,0.000483,-0.217823,0.003838,-0.000689,0.000045,0.001381
19.940953,1.311960,0.042644,-1.092202,0.102580,0.262488,0.901301,-0.342968,0.470420,-0.469309,0.103216,-0.061960,0.285847,0.590975,-0.236610,-1.155556,0.069437,1.258627,-1.888264,1.879749,3.743697,-0.630554,0.206916,0.000581,-0.219763,0.003969,-0.000396,-0.000315,0.001279
19.942059,1.313934,0.046588,-1.097496,0.104906,0.259114,0.900038,-0.342044,0.471581,-0.470827,0.104790,-0.061626,0.285196,0.590984,-0.236286,-1.155350,0.069441,1.258394,-1.888260,1.879746,3.743696,-0.630553,0.205863,0.001277,-0.224360,0.003446,-0.001953,-0.001604,0.001618
19.943021,1.311226,0.050470,-1.095095,0.105610,0.257844,0.899961,-0.340693,0.477826,-0.475448,0.111410,-0.061095,0.284508,0.590882,-0.235893,-1.155143,0.069440,1.258169,-1.888256,1.879747,3.743700,-0.630552,0.207065,0.000728,-0.224723,0.003438,-0.000888,-0.000441,0.001209
19.943968,1.308655,0.050606,-1.096334,0.109041,0.254315,0.899936,-0.340417,0.488230,-0.482042,0.122106,-0.060833,0.283833,0.590625,-0.235455,-1.154924,0.069436,1.257931,-1.888249,1.879748,3.743702,-0.630556,0.209863,0.000063,-0.228095,0.004667,-0.001664,-0.000475,-0.000230
19.945041,1.319781,0.050314,-1.100543,0.109105,0.253107,0.899269,-0.339622,0.499201,-0.488220,0.133300,-0.060972,0.283182,0.590296,-0.235002,-1.154702,0.069439,1.257700,-1.888249,1.879750,3.743703,-0.630553,0.212470,0.001189,-0.229605,0.003267,-0.000125,-0.000544,0.000468
19.946031,1.316159,0.054776,-1.103070,0.112138,0.250506,0.899256,-0.339619,0.511737,-0.495816,0.146057,-0.060850,0.282455,0.589950,-0.234539,-1.154500,0.069443,1.257467,-1.888239,1.879747,3.743703,-0.630552,0.208940,0.002665,-0.230282,0.005348,-0.001159,0.000029,0.000272
19.947048,1.310561,0.058006,-1.101068,0.113426,0.249462,0.898615,-0.339516,0.527655,-0.506264,0.162191,-0.060726,0.281690,0.589542,-0.234081,-1.154279,0.069442,1.257234,-1.888237,1.879749,3.743702,-0.630548,0.212339,0.001699,-0.231367,0.004387,-0.000645,-0.000051,0.001563
19.948012,1.313479,0.060661,-1.100611,0.115925,0.245893,0.900035,-0.337734,0.542908,-0.516220,0.177672,-0.060946,0.280964,0.589113,-0.233669,-1.154054,0.069442,1.256990,-1.888230,1.879744,3.743704,-0.630546,0.216728,0.001395,-0.234759,0.005154,-0.001705,0.000493,0.002680
19.948993,1.309575,0.060775,-1.098208,0.119342,0.243819,0.898612,-0.336990,0.554599,-0.523452,0.189631,-0.061380,0.280289,0.588722,-0.233344,-1.153836,0.069442,1.256747,-1.888225,1.879749,3.743699,-0.630551,0.216666,0.001307,-0.237072,0.004638,-0.000181,-0.001009,0.000365
19.950001,1.307712,0.064879,-1.096875,0.119038,0.240928,0.899396,-0.336073,0.565118,-0.530290,0.200491,-0.061012,0.279531,0.588355,-0.233125,-1.153607,0.069445,1.256501,-1.888225,1.879749,3.743701,-0.630551,0.220036,0.002479,-0.240430,0.003341,-0.000179,0.000341,0.000183
19.951065,1.307625,0.065358,-1.102546,0.122838,0.239623,0.899122,-0.335845,0.575575,-0.538012,0.211372,-0.059378,0.278611,0.588017,-0.233003,-1.153381,0.069444,1.256248,-1.888214,1.879751,3.743701,-0.630553,0.222487,0.001722,-0.243297,0.005602,0.000580,-0.000558,-0.000324
19.952080,1.307891,0.070069,-1.100603,0.121859,0.237328,0.898177,-0.334066,0.584211,-0.545105,0.220480,-0.057328,0.277624,0.587762,-0.232955,-1.153152,0.069450,1.256004,-1.888213,1.879747,3.743701,-0.630551,0.224261,0.002797,-0.243040,0.004071,-0.000329,-0.000369,0.000620
19.953103,1.305892,0.073994,-1.097613,0.123639,0.236496,0.897725,-0.333448,0.589803,-0.550249,0.226547,-0.055729,0.276685,0.587603,-0.232956,-1.152920,0.069448,1.255751,-1.888202,1.879749,3.743702,-0.630554,0.225619,0.001737,-0.246285,0.007024,-0.000168,0.000480,-0.001630
19.954069,1.304609,0.078065,-1.093602,0.127794,0.234456,0.899101,-0.333248,0.593815,-0.552879,0.230854,-0.056238,0.276030,0.587385,-0.232978,-1.152690,0.069449,1.255492,-1.888194,1.879746,3.743703,-0.630553,0.228177,0.001089,-0.249999,0.007263,-0.001475,0.000827,-0.001504
19.955052,1.303907,0.080362,-1.089919,0.129637,0.232320,0.898522,-0.332554,0.598315,-0.553775,0.235426,-0.058796,0.275665,0.586999,-0.232986,-1.152455,0.069447,1.255231,-1.888194,1.879744,3.743701,-0.630549,0.230055,0.000312,-0.253903,0.005184,-0.001434,-0.000642,-0.000646
19.955959,1.301315,0.081255,-1.093316,0.132553,0.229362,0.898411,-0.332225,0.605158,-0.555254,0.242249,-0.061334,0.275324,0.586467,-0.232956,-1.152222,0.069447,1.254965,-1.888188,1.879744,3.743701,-0.630553,0.231748,0.000433,-0.257660,0.005368,-0.001360,-0.000139,-0.000741
19.957107,1.302615,0.083422,-1.097179,0.133940,0.227146,0.898140,-0.330806,0.614133,-0.558375,0.251232,-0.062581,0.274830,0.585882,-0.232888,-1.151982,0.069449,1.254705,-1.888186,1.879747,3.743701,-0.630552,0.233994,0.001136,-0.257511,0.004362,-0.000328,-0.000116,-0.000207
19.958063,1.296268,0.086719,-1.094736,0.135350,0.223848,0.897249,-0.331268,0.621927,-0.561897,0.259179,-0.062223,0.274121,0.585412,-0.232793,-1.151742,0.069451,1.254442,-1.888179,1.879747,3.743702,-0.630555,0.235286,0.001498,-0.258409,0.005318,-0.000533,0.000046,-0.001550
19.959004,1.298280,0.089930,-1.092076,0.137129,0.222510,0.898465,-0.330281,0.625854,-0.563849,0.263382,-0.061079,0.273277,0.585122,-0.232681,-1.151495,0.069451,1.254175,-1.888173,1.879750,3.743706,-0.630550,0.239552,0.001068,-0.261413,0.005847,0.000741,0.000830,0.000645
19.960108,1.298305,0.095655,-1.096003,0.140247,0.221235,0.897022,-0.329762,0.626529,-0.563697,0.264360,-0.060184,0.272405,0.584931,-0.232559,-1.151252,0.069451,1.253907,-1.888165,1.879751,3.743703,-0.630553,0.239550,0.000670,-0.264428,0.005928,0.000084,-0.000471,-0.000115
19.961165,1.301189,0.097096,-1.091788,0.140977,0.218919,0.897620,-0.329759,0.625785,-0.561818,0.263936,-0.059877,0.271555,0.584718,-0.232439,-1.151010,0.069447,1.253638,-1.888161,1.879747,3.743704,-0.630554,0.241302,-0.000742,-0.264949,0.005106,-0.000927,0.000887,0.000308
19.961954,1.299718,0.098280,-1.087535,0.144877,0.216132,0.897377,-0.328164,0.625489,-0.558887,0.263962,-0.060420,0.270793,0.584374,-0.232313,-1.150766,0.069449,1.253360,-1.888151,1.879745,3.743702,-0.630549,0.241363,-0.000106,-0.269255,0.006457,-0.000798,0.000182,0.001676
19.962962,1.297977,0.101509,-1.090686,0.144850,0.213330,0.897909,-0.329016,0.629895,-0.558290,0.268597,-0.061276,0.270063,0.583838,-0.232164,-1.150517,0.069451,1.253084,-1.888152,1.879748,3.743703,-0.630554,0.242444,0.000287,-0.272152,0.004274,0.000306,0.000356,-0.000495
19.964000,1.294127,0.103759,-1.089311,0.148734,0.212793,0.897263,-0.327585,0.639629,-0.561358,0.278463,-0.061591,0.269249,0.583180,-0.231981,-1.150272,0.069449,1.252806,-1.888141,1.879749,3.743702,-0.630547,0.244633,-0.000024,-0.272466,0.006257,0.000987,-0.000271,0.002556
19.965012,1.298382,0.108367,-1.095368,0.148906,0.207910,0.897833,-0.327173,0.649788,-0.564971,0.288736,-0.061499,0.268387,0.582557,-0.231764,-1.150015,0.069451,1.252529,-1.888140,1.879744,3.743704,-0.630550,0.247848,0.000169,-0.275242,0.004576,-0.000634,0.000282,0.001019
19.966067,1.297652,0.112292,-1.094490,0.151025,0.206283,0.897715,-0.325953,0.657004,-0.566618,0.296114,-0.061394,0.267545,0.582038,-0.231525,-1.149772,0.069449,1.252255,-1.888128,1.879751,3.743704,-0.630550,0.247030,-0.000822,-0.274153,0.006359,0.002102,-0.000394,0.001543
19.966975,1.290675,0.110258,-1.086568,0.153735,0.204460,0.897502,-0.324808,0.660719,-0.565035,0.299996,-0.062190,0.266830,0.581557,-0.231282,-1.149519,0.069447,1.251972,-1.888121,1.879749,3.743704,-0.630550,0.248827,-0.001405,-0.276719,0.006354,0.001502,-0.000367,0.000469
19.968008,1.291059,0.109944,-1.090277,0.155267,0.201538,0.898203,-0.324896,0.662931,-0.561925,0.302313,-0.063615,0.266199,0.581088,-0.231041,-1.149256,0.069453,1.251681,-1.888117,1.879749,3.743706,-0.630554,0.253008,0.000734,-0.281937,0.005503,0.001424,-0.000251,-0.000615
19.968997,1.291205,0.114359,-1.094147,0.157253,0.199754,0.897579,-0.323677,0.666109,-0.561173,0.305636,-0.063884,0.265399,0.580751,-0.230789,-1.149003,0.069457,1.251395,-1.888108,1.879751,3.743703,-0.630548,0.254099,0.002159,-0.281971,0.006028,0.002157,-0.001034,0.000914
19.970000,1.291807,0.114405,-1.094628,0.161187,0.198099,0.896640,-0.323725,0.669080,-0.562651,0.308886,-0.062791,0.264368,0.580641,-0.230528,-1.148746,0.069455,1.251113,-1.888103,1.879751,3.743707,-0.630550,0.255102,0.001215,-0.281789,0.006065,0.001852,-0.000513,-0.000246
19.970950,1.285000,0.118416,-1.085744,0.160440,0.196579,0.896142,-0.322666,0.669993,-0.564452,0.310202,-0.060529,0.263126,0.580718,-0.230273,-1.148487,0.069461,1.250827,-1.888102,1.879749,3.743708,-0.630548,0.255916,0.002435,-0.283347,0.004273,0.001421,0.000327,0.001182
19.972033,1.289843,0.123843,-1.087967,0.161957,0.193684,0.895647,-0.321924,0.670407,-0.566926,0.311010,-0.057300,0.261734,0.580850,-0.230035,-1.148219,0.069459,1.250524,-1.888089,1.879749,3.743709,-0.630549,0.260148,0.001649,-0.289146,0.006832,0.000952,0.000731,0.000291
19.973025,1.284265,0.126915,-1.087471,0.164161,0.192646,0.896804,-0.321642,0.672671,-0.569557,0.313418,-0.055194,0.260507,0.580821,-0.229835,-1.147960,0.069455,1.250232,-1.888082,1.879750,3.743709,-0.630548,0.259117,0.000369,-0.290104,0.007490,0.001573,0.001125,0.000229
19.973933,1.283780,0.127990,-1.088117,0.164901,0.192080,0.896137,-0.320534,0.676009,-0.570340,0.316644,-0.055537,0.259633,0.580552,-0.229680,-1.147694,0.069454,1.249933,-1.888074,1.879746,3.743708,-0.630546,0.262944,0.000125,-0.291936,0.007237,0.000545,-0.000136,0.000967
19.975010,1.286645,0.130318,-1.088184,0.168507,0.188490,0.894783,-0.319965,0.677580,-0.568061,0.318048,-0.057772,0.259051,0.580194,-0.229570,-1.147427,0.069458,1.249635,-1.888065,1.879746,3.743709,-0.630549,0.263777,0.000714,-0.292743,0.008259,-0.000790,0.000462,-0.000065
19.976060,1.282651,0.133121,-1.090556,0.169941,0.188120,0.895336,-0.318530,0.677882,-0.564244,0.318209,-0.060850,0.258618,0.579808,-0.229498,-1.147159,0.069461,1.249339,-1.888060,1.879747,3.743711,-0.630546,0.263655,0.000900,-0.294768,0.006852,0.000555,0.001713,0.000208
19.976938,1.279792,0.135247,-1.086944,0.171629,0.185771,0.895453,-0.318213,0.678086,-0.560551,0.318337,-0.063615,0.258173,0.579373,-0.229444,-1.146886,0.069463,1.249041,-1.888050,1.879744,3.743710,-0.630551,0.266830,0.000815,-0.295453,0.007502,-0.001287,0.001049,-0.001286
19.977979,1.281152,0.140263,-1.084572,0.172573,0.182529,0.895771,-0.318020,0.673862,-0.551047,0.314214,-0.068207,0.257239,0.578540,-0.229345,-1.146341,0.069462,1.248430,-1.888030,1.879750,3.743708,-0.630548,0.269097,-0.000291,-0.301124,0.008575,0.000247,0.000448,0.000222
19.978985,1.278008,0.141510,-1.085164,0.176246,0.180780,0.895330,-0.317546,0.671867,-0.546076,0.312288,-0.070697,0.256780,0.578040,-0.229255,-1.146065,0.069465,1.248121,-1.888027,1.879747,3.743709,-0.630549,0.271610,0.000352,-0.302326,0.006983,-0.000100,0.000801,0.000592
19.980025,1.278721,0.147017,-1.089247,0.178477,0.177318,0.896348,-0.317076,0.671867,-0.546076,0.312288,-0.070697,0.256780,0.578040,-0.229255,-1.146065,0.069465,1.248121,-1.888027,1.879747,3.743709,-0.630549,0.271610,0.000352,-0.302326,0.006983,-0.000100,0.000801,0.000592
19.981059,1.283109,0.149506,-1.095320,0.177541,0.175144,0.896374,-0.315964,0.668269,-0.540509,0.308931,-0.072345,0.256168,0.577556,-0.229146,-1.145788,0.069462,1.247820,-1.888020,1.879750,3.743707,-0.630548,0.272289,-0.001048,-0.302068,0.006862,0.001162,-0.000314,0.001010
19.981990,1.275609,0.151388,-1.093001,0.180444,0.174414,0.896438,-0.315916,0.660507,-0.532295,0.301592,-0.073902,0.255489,0.577152,-0.229033,-1.145519,0.069460,1.247521,-1.888005,1.879751,3.743707,-0.630550,0.271211,-0.000927,-0.300813,0.009720,0.001144,-0.000425,0.000135
19.983022,1.274732,0.153813,-1.092488,0.181743,0.171726,0.896052,-0.315221,0.647942,-0.520444,0.289485,-0.076853,0.254949,0.576858,-0.228926,-1.145235,0.069461,1.247215,-1.887999,1.879746,3.743707,-0.630546,0.275529,-0.000685,-0.303181,0.008670,-0.000047,-0.000576,0.001266
19.984014,1.273668,0.155683,-1.089265,0.184303,0.169990,0.896132,-0.313457,0.630750,-0.505911,0.272749,-0.080596,0.254492,0.576747,-0.228828,-1.144953,0.069463,1.246907,-1.887989,1.879749,3.743707,-0.630546,0.276897,-0.000598,-0.305102,0.009379,0.000469,-0.000280,0.001211
19.985027,1.271497,0.160405,-1.098349,0.185206,0.168427,0.895041,-0.313426,0.611590,-0.491189,0.253995,-0.084131,0.254003,0.576780,-0.228751,-1.144673,0.069466,1.246590,-1.887981,1.879747,3.743707,-0.630553,0.278244,-0.000290,-0.308080,0.008785,0.000133,-0.000457,-0.001008
19.986010,1.272792,0.161054,-1.096331,0.188352,0.164974,0.894699,-0.312553,0.590765,-0.476367,0.233512,-0.087440,0.253493,0.576911,-0.228707,-1.144388,0.069462,1.246290,-1.887970,1.879746,3.743709,-0.630547,0.280179,-0.001316,-0.305143,0.009834,-0.000427,0.000539,0.000271
19.987017,1.276282,0.165353,-1.096679,0.188736,0.162026,0.894955,-0.312486,0.565850,-0.459730,0.208988,-0.090538,0.252959,0.577158,-0.228694,-1.144109,0.069463,1.245978,-1.887964,1.879748,3.743708,-0.630548,0.280306,-0.000378,-0.307569,0.008669,0.000962,0.000791,-0.000203
19.988061,1.269999,0.164645,-1.100856,0.191630,0.161820,0.895264,-0.311754,0.540280,-0.443531,0.183843,-0.093200,0.252328,0.577422,-0.228703,-1.143827,0.069460,1.245667,-1.887951,1.879752,3.743707,-0.630546,0.279406,-0.001212,-0.308890,0.010182,0.001749,0.000440,0.000989
19.989110,1.271815,0.169876,-1.097333,0.192714,0.159548,0.895855,-0.310394,0.516545,-0.429425,0.160516,-0.095476,0.251586,0.577687,-0.228739,-1.143534,0.069465,1.245359,-1.887943,1.879748,3.743707,-0.630546,0.283473,0.000442,-0.308520,0.009351,-0.000225,0.000035,0.000881
19.990039,1.269313,0.170138,-1.102339,0.195363,0.159242,0.895194,-0.309831,0.492973,-0.416480,0.137390,-0.097361,0.250761,0.578065,-0.228818,-1.143250,0.069462,1.245038,-1.887931,1.879748,3.743707,-0.630548,0.283542,-0.000818,-0.311923,0.010297,-0.000137,-0.000660,-0.000469
19.990969,1.269577,0.173797,-1.105200,0.199542,0.157232,0.895006,-0.308693,0.469723,-0.404460,0.114650,-0.098922,0.249894,0.578538,-0.228940,-1.142960,0.069464,1.244732,-1.887924,1.879745,3.743709,-0.630546,0.285238,0.000243,-0.310532,0.009475,-0.001765,-0.000081,-0.000368
19.992121,1.266930,0.175800,-1.107036,0.200209,0.153895,0.893659,-0.309170,0.445565,-0.392814,0.091205,-0.099214,0.248883,0.579105,-0.229091,-1.142676,0.069462,1.244424,-1.887920,1.879747,3.743709,-0.630550,0.285597,-0.000390,-0.310246,0.007220,-0.001716,0.000016,-0.001423
19.992969,1.265793,0.181684,-1.113081,0.202909,0.153152,0.892650,-0.308087,0.418848,-0.380682,0.065482,-0.097392,0.247629,0.579766,-0.229257,-1.142378,0.069462,1.244109,-1.887909,1.879748,3.743713,-0.630544,0.288227,0.000098,-0.311561,0.008826,-0.000800,0.001245,0.001052
19.993970,1.263306,0.178550,-1.105964,0.203064,0.150250,0.893236,-0.308311,0.388248,-0.365959,0.036030,-0.094503,0.246288,0.580435,-0.229437,-1.142086,0.069455,1.243804,-1.887902,1.879743,3.743715,-0.630546,0.288846,-0.001688,-0.309255,0.007770,-0.001804,0.002162,-0.000029
19.995031,1.260991,0.182596,-1.114111,0.206038,0.148595,0.893499,-0.306387,0.354929,-0.348713,0.003855,-0.091478,0.245010,0.581053,-0.229646,-1.141793,0.069460,1.243481,-1.887888,1.879744,3.743714,-0.630542,0.290790,0.001153,-0.314212,0.009506,-0.000990,0.001471,0.001740
19.996023,1.262029,0.188070,-1.118911,0.207827,0.145241,0.893106,-0.304837,0.322405,-0.331932,-0.027613,-0.088320,0.243808,0.581654,-0.229907,-1.141494,0.069459,1.243175,-1.887881,1.879741,3.743711,-0.630546,0.292831,0.000459,-0.311910,0.008636,-0.001551,0.001131,-0.000742
19.997038,1.258522,0.188154,-1.117545,0.209840,0.142649,0.894642,-0.305232,0.288550,-0.314030,-0.060422,-0.085121,0.242702,0.582297,-0.230240,-1.141205,0.069456,1.242862,-1.887871,1.879742,3.743713,-0.630552,0.293010,-0.000967,-0.310928,0.008788,-0.000276,0.001426,-0.002511
19.998019,1.263297,0.188285,-1.118784,0.210398,0.141175,0.895137,-0.303480,0.251476,-0.293124,-0.096399,-0.082070,0.241711,0.582979,-0.230617,-1.140905,0.069459,1.242541,-1.887863,1.879745,3.743709,-0.630550,0.295462,0.000276,-0.313060,0.008772,0.000155,-0.000200,-0.000364
19.999122,1.260829,0.194329,-1.117911,0.213597,0.138281,0.896125,-0.303647,0.216122,-0.273020,-0.130715,-0.079247,0.240821,0.583680,-0.230970,-1.140610,0.069465,1.242228,-1.887849,1.879741,3.743709,-0.630554,0.293974,0.001511,-0.314215,0.010228,-0.000579,-0.000781,-0.002528
19.999990,1.262091,0.200914,-1.118232,0.215510,0.136687,0.896785,-0.303202,0.187539,-0.257103,-0.158477,-0.077087,0.240070,0.584330,-0.231251,-1.140309,0.069463,1.241902,-1.887841,1.879744,3.743707,-0.630550,0.297356,0.000227,-0.317822,0.009835,-0.000530,-0.001884,-0.000481
20.001100,1.260878,0.199011,-1.128465,0.218850,0.133103,0.895992,-0.302545,0.165754,-0.244083,-0.179734,-0.076184,0.239533,0.584817,-0.231426,-1.140009,0.069457,1.241582,-1.887831,1.879742,3.743707,-0.630549,0.297601,-0.001631,-0.319358,0.010070,-0.001154,-0.002631,-0.000063
20.002041,1.264988,0.203071,-1.128873,0.220863,0.130156,0.895208,-0.301843,0.147313,-0.231703,-0.197808,-0.076156,0.239139,0.585201,-0.231494,-1.139702,0.069463,1.241266,-1.887823,1.879744,3.743710,-0.630548,0.300297,0.001050,-0.317528,0.009577,-0.000429,-0.001964,0.000312
20.003033,1.266121,0.209066,-1.134464,0.223101,0.128629,0.894455,-0.300802,0.130035,-0.220273,-0.214651,-0.075807,0.238680,0.585627,-0.231475,-1.139406,0.069463,1.240939,-1.887814,1.879747,3.743711,-0.630550,0.299529,0.000473,-0.319456,0.009914,0.000080,-0.001294,0.000352
20.004071,1.262125,0.211513,-1.131599,0.225786,0.124250,0.894142,-0.300588,0.114367,-0.209803,-0.229796,-0.075316,0.238158,0.586010,-0.231368,-1.139102,0.069461,1.240624,-1.887802,1.879745,3.743713,-0.630552,0.300485,-0.000941,-0.319204,0.010108,-0.000944,-0.000662,-0.000211
20.004962,1.262798,0.211132,-1.134992,0.228408,0.124414,0.893741,-0.299675,0.100038,-0.198955,-0.243592,-0.075335,0.237665,0.586232,-0.231171,-1.138795,0.069461,1.240292,-1.887792,1.879745,3.743713,-0.630549,0.304199,-0.000508,-0.323341,0.010009,0.000808,-0.000464,0.000954
20.006071,1.268676,0.213790,-1.146539,0.232496,0.122409,0.894098,-0.298986,0.087173,-0.188813,-0.255869,-0.075059,0.237094,0.586362,-0.230888,-1.138488,0.069465,1.239966,-1.887782,1.879741,3.743713,-0.630550,0.304758,0.001056,-0.323393,0.009574,-0.001650,-0.000160,0.000477
20.006998,1.263269,0.217098,-1.153073,0.234550,0.118832,0.893651,-0.298257,0.075981,-0.181205,-0.266275,-0.073283,0.236315,0.586532,-0.230541,-1.138179,0.069466,1.239649,-1.887777,1.879739,3.743711,-0.630549,0.303854,0.001448,-0.320896,0.008408,-0.002458,-0.000637,0.000796
20.007953,1.264567,0.219361,-1.154111,0.236820,0.117717,0.893286,-0.296572,0.062388,-0.174005,-0.278747,-0.069609,0.235304,0.586896,-0.230167,-1.137868,0.069468,1.239329,-1.887768,1.879742,3.743712,-0.630548,0.307674,0.001227,-0.319728,0.008681,-0.001269,-0.000289,0.000749
20.009049,1.264840,0.221193,-1.155151,0.238471,0.113878,0.893721,-0.296387,0.042828,-0.164330,-0.296867,-0.064629,0.234150,0.587509,-0.229808,-1.137558,0.069470,1.239007,-1.887758,1.879740,3.743713,-0.630553,0.308226,0.001590,-0.321485,0.008786,-0.002607,-0.000040,-0.001158
20.010040,1.269356,0.224281,-1.160065,0.241115,0.110553,0.893924,-0.295489,0.020687,-0.153750,-0.317490,-0.059281,0.232982,0.588252,-0.229463,-1.137247,0.069474,1.238677,-1.887746,1.879740,3.743713,-0.630550,0.310047,0.002359,-0.324031,0.009852,-0.001557,-0.000599,0.000167
20.010967,1.270399,0.226040,-1.163326,0.241793,0.109998,0.893834,-0.295116,0.001072,-0.145258,-0.335733,-0.054163,0.231864,0.588976,-0.229102,-1.136936,0.069477,1.238350,-1.887739,1.879743,3.743710,-0.630551,0.309163,0.002342,-0.323961,0.009717,-0.000807,-0.000894,-0.000129
20.012093,1.274665,0.229000,-1.170004,0.245937,0.104313,0.893717,-0.294168,-0.014196,-0.139597,-0.349880,-0.049883,0.230869,0.589604,-0.228714,-1.136619,0.069481,1.238026,-1.887724,1.879739,3.743710,-0.630549,0.309660,0.002885,-0.324378,0.011234,-0.002620,-0.000904,0.000546
20.013027,1.274696,0.231331,-1.170446,0.249058,0.101452,0.893202,-0.293271,-0.025305,-0.136561,-0.360115,-0.046587,0.230005,0.590137,-0.228306,-1.136312,0.069484,1.237699,-1.887718,1.879746,3.743710,-0.630549,0.309676,0.003135,-0.324321,0.009991,0.000152,-0.000910,0.000364
20.013973,1.276476,0.232495,-1.164968,0.250285,0.098974,0.893568,-0.293544,-0.032691,-0.136597,-0.366755,-0.042989,0.229060,0.590606,-0.227891,-1.135996,0.069488,1.237374,-1.887711,1.879745,3.743711,-0.630550,0.310713,0.003398,-0.326190,0.009260,0.000607,-0.000498,-0.000001
20.015030,1.277852,0.234932,-1.169082,0.253173,0.095803,0.892712,-0.291708,-0.033748,-0.141731,-0.367225,-0.038361,0.227907,0.590949,-0.227473,-1.135685,0.069493,1.237033,-1.887699,1.879744,3.743710,-0.630544,0.310992,0.004263,-0.330930,0.010362,0.000660,-0.000969,0.001991
20.016008,1.281095,0.239619,-1.175579,0.255342,0.094521,0.892991,-0.291570,-0.025286,-0.153691,-0.358472,-0.033281,0.226616,0.591092,-0.227065,-1.135368,0.069497,1.236698,-1.887689,1.879746,3.743710,-0.630548,0.311988,0.004661,-0.331569,0.010120,0.001102,-0.000216,-0.000092
20.016951,1.279100,0.242505,-1.179193,0.258613,0.091961,0.891623,-0.290572,-0.009947,-0.170121,-0.343105,-0.028352,0.225276,0.591073,-0.226709,-1.135052,0.069499,1.236370,-1.887678,1.879743,3.743709,-0.630542,0.311630,0.003824,-0.330626,0.010358,-0.000112,-0.000609,0.001138
20.018039,1.279246,0.245380,-1.174850,0.260541,0.089860,0.891139,-0.289582,0.006241,-0.186389,-0.327029,-0.023855,0.223943,0.591002,-0.226441,-1.134739,0.069501,1.236037,-1.887670,1.879745,3.743713,-0.630545,0.313783,0.003850,-0.330875,0.009467,0.000026,0.000648,0.000575
20.018973,1.281660,0.248410,-1.176461,0.264601,0.087896,0.890867,-0.288073,0.021475,-0.201113,-0.311990,-0.019692,0.222625,0.590902,-0.226269,-1.134417,0.069505,1.235687,-1.887659,1.879741,3.743713,-0.630544,0.315477,0.004084,-0.335863,0.010256,-0.000641,0.000998,0.000255
20.019958,1.276733,0.253300,-1.177861,0.267175,0.085023,0.890704,-0.288125,0.039033,-0.216521,-0.294734,-0.015532,0.221296,0.590670,-0.226182,-1.134097,0.069508,1.235352,-1.887653,1.879742,3.743713,-0.630550,0.315258,0.004006,-0.336973,0.008588,-0.001078,0.001165,-0.001322
20.021057,1.278506,0.258224,-1.184530,0.268590,0.083109,0.890814,-0.286715,0.058934,-0.232686,-0.275173,-0.010853,0.219899,0.590286,-0.226146,-1.133773,0.069509,1.235010,-1.887645,1.879742,3.743714,-0.630547,0.318971,0.003096,-0.338472,0.008534,-0.000722,0.001214,0.000308
20.021969,1.279447,0.260274,-1.186770,0.272191,0.080743,0.892752,-0.286286,0.076101,-0.245650,-0.258297,-0.006298,0.218546,0.589842,-0.226139,-1.133451,0.069510,1.234674,-1.887632,1.879738,3.743715,-0.630548,0.319887,0.002362,-0.338129,0.009814,-0.001605,0.000975,-0.000854
20.023026,1.279836,0.265313,-1.188555,0.272830,0.078224,0.892687,-0.284514,0.088025,-0.253399,-0.246607,-0.002736,0.217399,0.589421,-0.226156,-1.133133,0.069515,1.234333,-1.887627,1.879738,3.743713,-0.630548,0.320325,0.002733,-0.338755,0.008571,-0.001570,-0.001068,-0.000303
20.024081,1.283993,0.264237,-1.187388,0.274420,0.074817,0.891381,-0.285446,0.096141,-0.257172,-0.238719,-0.000236,0.216506,0.589052,-0.226191,-1.132806,0.069516,1.233983,-1.887615,1.879735,3.743712,-0.630551,0.321696,0.001854,-0.340441,0.010551,-0.001735,-0.001093,-0.002244
20.025084,1.282395,0.267903,-1.188537,0.279013,0.071856,0.891469,-0.284091,0.104823,-0.259899,-0.230445,0.000592,0.215950,0.588640,-0.226212,-1.132482,0.069525,1.233635,-1.887600,1.879736,3.743717,-0.630543,0.321178,0.003986,-0.343625,0.011488,-0.001033,0.000079,0.001256
20.025937,1.287138,0.269485,-1.185031,0.280695,0.069232,0.890361,-0.283916,0.118515,-0.265630,-0.217382,0.000487,0.215610,0.588116,-0.226180,-1.132158,0.069530,1.233284,-1.887596,1.879736,3.743716,-0.630548,0.323321,0.003648,-0.345234,0.009512,-0.000647,-0.000130,0.000052
20.027051,1.287779,0.273444,-1.185351,0.282818,0.066260,0.891154,-0.282696,0.138907,-0.276705,-0.197711,0.001161,0.215235,0.587453,-0.226092,-1.131837,0.069536,1.232933,-1.887586,1.879737,3.743716,-0.630545,0.321472,0.004141,-0.348251,0.009942,-0.000224,0.000898,0.001017
20.028094,1.293468,0.273995,-1.187594,0.285171,0.063677,0.891674,-0.281882,0.167366,-0.293726,-0.170071,0.002467,0.214812,0.586576,-0.225970,-1.131515,0.069539,1.232576,-1.887573,1.879737,3.743713,-0.630548,0.323095,0.003871,-0.350926,0.010554,-0.000113,-0.000017,0.000273
20.029012,1.292440,0.275273,-1.188642,0.287760,0.060857,0.890877,-0.281578,0.203876,-0.316402,-0.134498,0.003585,0.214416,0.585522,-0.225841,-1.131194,0.069548,1.232219,-1.887562,1.879734,3.743712,-0.630549,0.321776,0.005160,-0.352178,0.010770,-0.000183,-0.000648,0.000250
20.030066,1.296439,0.276493,-1.192877,0.290634,0.057941,0.890674,-0.280277,0.246379,-0.344083,-0.092974,0.004702,0.213988,0.584426,-0.225720,-1.130862,0.069556,1.231864,-1.887552,1.879737,3.743715,-0.630546,0.323086,0.005869,-0.353274,0.010448,0.000256,0.000049,0.001044
20.030982,1.292181,0.280714,-1.192769,0.292266,0.055671,0.890484,-0.280063,0.291713,-0.375519,-0.048567,0.006468,0.213403,0.583398,-0.225602,-1.130543,0.069566,1.231504,-1.887542,1.879739,3.743716,-0.630548,0.322706,0.006798,-0.353573,0.010228,0.000443,0.000123,0.000044
20.032020,1.292142,0.285125,-1.192051,0.295310,0.053843,0.891499,-0.278746,0.335676,-0.407737,-0.005447,0.008748,0.212655,0.582512,-0.225482,-1.130210,0.069570,1.231148,-1.887530,1.879742,3.743717,-0.630545,0.325622,0.006071,-0.355236,0.010824,0.000333,0.000206,0.001023
20.033020,1.287230,0.287150,-1.186444,0.297070,0.052537,0.889688,-0.278451,0.374699,-0.437143,0.032758,0.010717,0.211853,0.581783,-0.225372,-1.129880,0.069575,1.230785,-1.887520,1.879739,3.743713,-0.630547,0.327042,0.005448,-0.357881,0.010353,-0.000479,-0.000912,-0.000038
20.034015,1.286577,0.292237,-1.193131,0.300114,0.050559,0.889411,-0.277840,0.408456,-0.462604,0.065643,0.011913,0.211080,0.581160,-0.225280,-1.129544,0.069581,1.230407,-1.887509,1.879735,3.743717,-0.630544,0.330677,0.005955,-0.362585,0.011075,-0.001707,0.000794,0.000911
20.035073,1.282799,0.292974,-1.192165,0.302717,0.046948,0.888950,-0.276496,0.436427,-0.483462,0.092736,0.012246,0.210388,0.580600,-0.225200,-1.129204,0.069584,1.230051,-1.887500,1.879734,3.743716,-0.630545,0.332061,0.004929,-0.361264,0.010534,-0.002263,0.000947,0.001204
20.036069,1.285863,0.297189,-1.192730,0.303664,0.044050,0.888651,-0.276892,0.455768,-0.498135,0.111359,0.012157,0.209743,0.580166,-0.225128,-1.128865,0.069593,1.229682,-1.887490,1.879736,3.743714,-0.630547,0.335381,0.006151,-0.364133,0.010573,-0.001372,0.001307,0.000128
20.036990,1.281870,0.298006,-1.189658,0.307134,0.042436,0.888624,-0.274594,0.467547,-0.507633,0.122604,0.011831,0.209115,0.579859,-0.225052,-1.128529,0.069596,1.229311,-1.887476,1.879735,3.743716,-0.630542,0.334941,0.005556,-0.365769,0.012023,-0.001029,0.001486,0.002456
20.038068,1.284295,0.303334,-1.190155,0.309119,0.038694,0.888543,-0.274929,0.475892,-0.514540,0.130498,0.011107,0.208536,0.579581,-0.224954,-1.128187,0.069605,1.228942,-1.887467,1.879733,3.743716,-0.630549,0.337635,0.006512,-0.368783,0.010839,-0.001766,0.001404,-0.000760
20.039016,1.286891,0.304443,-1.195252,0.312065,0.037421,0.889962,-0.272747,0.483279,-0.520529,0.137487,0.010442,0.207962,0.579284,-0.224840,-1.127849,0.069609,1.228564,-1.887453,1.879736,3.743716,-0.630542,0.337935,0.005487,-0.370888,0.011475,-0.000803,0.001370,0.001587
20.040020,1.289349,0.310346,-1.189163,0.314508,0.032990,0.890508,-0.272916,0.490425,-0.525950,0.144262,0.010028,0.207372,0.578974,-0.224725,-1.127508,0.069617,1.228196,-1.887444,1.879732,3.743713,-0.630550,0.337457,0.006353,-0.369965,0.010899,-0.001946,-0.000149,-0.001346
20.040974,1.287001,0.313075,-1.189218,0.316153,0.030846,0.891098,-0.272227,0.498942,-0.531544,0.152358,0.009834,0.206768,0.578637,-0.224611,-1.127171,0.069619,1.227811,-1.887432,1.879737,3.743712,-0.630544,0.337384,0.004942,-0.374870,0.010926,-0.000107,-0.000795,0.000550
20.042122,1.284724,0.315108,-1.188278,0.318928,0.027057,0.890206,-0.271178,0.510959,-0.538019,0.163794,0.009545,0.206178,0.578196,-0.224484,-1.126824,0.069626,1.227428,-1.887419,1.879736,3.743714,-0.630544,0.339363,0.005012,-0.376316,0.011569,-0.000425,-0.001499,0.000612
20.043012,1.281595,0.320625,-1.190109,0.319531,0.025407,0.889957,-0.270557,0.525373,-0.544602,0.177447,0.008873,0.205612,0.577689,-0.224351,-1.126474,0.069634,1.227042,-1.887408,1.879738,3.743717,-0.630544,0.342264,0.005719,-0.379522,0.011680,0.000407,-0.000739,0.000264
20.044039,1.278483,0.325108,-1.191304,0.323877,0.023501,0.889231,-0.269841,0.538522,-0.549045,0.189704,0.007479,0.205088,0.577216,-0.224229,-1.126130,0.069634,1.226659,-1.887390,1.879737,3.743717,-0.630543,0.344292,0.004343,-0.379666,0.013089,-0.000225,-0.000596,0.000384
20.045022,1.278141,0.327219,-1.190641,0.326113,0.019885,0.889189,-0.269118,0.546144,-0.547964,0.196379,0.004970,0.204659,0.576803,-0.224134,-1.125776,0.069637,1.226279,-1.887383,1.879734,3.743718,-0.630544,0.346939,0.003692,-0.381095,0.011345,-0.000933,0.000016,0.000524
20.045963,1.278187,0.332490,-1.189554,0.328935,0.018485,0.887984,-0.267816,0.547128,-0.541058,0.196474,0.002287,0.204213,0.576463,-0.224069,-1.125428,0.069642,1.225889,-1.887371,1.879737,3.743720,-0.630544,0.348010,0.004136,-0.383047,0.011522,0.000155,-0.000067,0.000581
20.047017,1.281347,0.334573,-1.187182,0.331233,0.014062,0.887736,-0.267295,0.544652,-0.530977,0.193182,0.000210,0.203658,0.576119,-0.224022,-1.125075,0.069643,1.225499,-1.887359,1.879735,3.743722,-0.630547,0.348630,0.002965,-0.384940,0.010982,-0.000867,0.001037,-0.000585
20.047965,1.279735,0.335705,-1.190276,0.333895,0.014503,0.889263,-0.267776,0.543484,-0.520654,0.191168,-0.001444,0.203020,0.575588,-0.223963,-1.124721,0.069649,1.225106,-1.887348,1.879737,3.743722,-0.630547,0.348246,0.003532,-0.388155,0.011307,0.000859,0.001155,0.000001
20.049186,1.283385,0.339878,-1.194855,0.336708,0.011192,0.888776,-0.265440,0.546690,-0.512783,0.193462,-0.002569,0.202278,0.574850,-0.223858,-1.124369,0.069655,1.224718,-1.887336,1.879728,3.743719,-0.630541,0.349766,0.004391,-0.387993,0.010937,-0.001966,-0.000475,0.002407
20.050012,1.282789,0.342354,-1.186893,0.338430,0.008428,0.888418,-0.265404,0.552806,-0.507401,0.198662,-0.003040,0.201447,0.574071,-0.223712,-1.124019,0.069658,1.224326,-1.887323,1.879726,3.743720,-0.630547,0.350054,0.004186,-0.388824,0.011164,-0.001740,-0.000108,-0.000427
20.051067,1.288737,0.345817,-1.185869,0.339223,0.006359,0.889024,-0.263985,0.561905,-0.504392,0.206779,-0.003215,0.200626,0.573249,-0.223545,-1.123665,0.069662,1.223927,-1.887311,1.879727,3.743722,-0.630544,0.350381,0.004207,-0.393345,0.011397,-0.001105,0.000149,0.000792
20.052085,1.290765,0.346943,-1.189753,0.342694,0.002930,0.888846,-0.263969,0.578710,-0.505889,0.222304,-0.004080,0.199981,0.572189,-0.223348,-1.123323,0.069666,1.223525,-1.887294,1.879726,3.743721,-0.630547,0.348760,0.004097,-0.395756,0.013101,-0.001739,-0.000579,-0.000446
20.053009,1.291219,0.349362,-1.188361,0.343066,0.001169,0.888584,-0.262858,0.605154,-0.512986,0.247108,-0.006135,0.199593,0.570840,-0.223109,-1.122972,0.069674,1.223135,-1.887283,1.879727,3.743719,-0.630543,0.348821,0.005056,-0.395623,0.012131,-0.000923,-0.000494,0.001090
20.054047,1.291455,0.352723,-1.188233,0.347119,-0.001286,0.887936,-0.261687,0.638279,-0.524514,0.278349,-0.008980,0.199386,0.569338,-0.222839,-1.122623,0.069679,1.222732,-1.887265,1.879724,3.743720,-0.630544,0.349202,0.005232,-0.397415,0.013887,-0.001522,-0.000339,0.000262
20.055036,1.290955,0.354292,-1.189683,0.349776,-0.004092,0.888365,-0.261735,0.674903,-0.538671,0.312933,-0.012363,0.199296,0.567779,-0.222561,-1.122268,0.069684,1.222326,-1.887257,1.879726,3.743719,-0.630546,0.350210,0.005133,-0.399250,0.012433,-0.001739,0.000204,-0.000484
20.055986,1.285273,0.360253,-1.196683,0.351937,-0.006477,0.887178,-0.259826,0.712377,-0.554237,0.348373,-0.015392,0.199173,0.566254,-0.222287,-1.121910,0.069692,1.221926,-1.887246,1.879727,3.743718,-0.630542,0.351289,0.005819,-0.400047,0.012229,-0.001481,-0.000341,0.001132
20.057091,1.282850,0.361919,-1.194670,0.354193,-0.009407,0.887826,-0.259557,0.744366,-0.567438,0.378563,-0.017515,0.198914,0.564938,-0.222035,-1.121552,0.069694,1.221531,-1.887233,1.879726,3.743722,-0.630548,0.354781,0.004293,-0.397858,0.012362,-0.001522,0.000735,-0.001253
20.058079,1.276542,0.365803,-1.198085,0.356816,-0.013595,0.888554,-0.258566,0.764310,-0.573551,0.397071,-0.019336,0.198582,0.563976,-0.221822,-1.121188,0.069702,1.221127,-1.887220,1.879728,3.743721,-0.630545,0.357347,0.005142,-0.401148,0.012815,-0.001449,-0.000046,-0.000075
20.058990,1.280899,0.365461,-1.200303,0.358749,-0.015981,0.887837,-0.258188,0.771006,-0.572024,0.402733,-0.020926,0.198167,0.563437,-0.221639,-1.120824,0.069706,1.220726,-1.887207,1.879730,3.743719,-0.630547,0.361262,0.004699,-0.400916,0.012571,0.000197,-0.000870,-0.000558
20.060109,1.275528,0.370229,-1.205484,0.361587,-0.019335,0.888036,-0.257523,0.766466,-0.564947,0.397584,-0.021831,0.197574,0.563325,-0.221465,-1.120466,0.069717,1.220320,-1.887192,1.879728,3.743722,-0.630545,0.359451,0.006190,-0.400757,0.012784,0.000251,-0.000261,0.000085
20.060996,1.277941,0.372813,-1.202449,0.364124,-0.021046,0.887029,-0.256049,0.753100,-0.554288,0.383972,-0.021907,0.196773,0.563571,-0.221290,-1.120091,0.069722,1.219922,-1.887177,1.879728,3.743721,-0.630544,0.363501,0.005496,-0.400553,0.012630,0.000735,-0.000583,0.000457
20.061970,1.278198,0.377092,-1.196694,0.365150,-0.024094,0.886215,-0.256223,0.732993,-0.541053,0.363848,-0.021327,0.195810,0.564055,-0.221115,-1.119733,0.069727,1.219513,-1.887165,1.879730,3.743718,-0.630548,0.362545,0.005544,-0.402870,0.012231,0.000145,0.000355,-0.001139
20.063044,1.277653,0.375980,-1.199103,0.367400,-0.027507,0.886715,-0.255140,0.697385,-0.519175,0.327920,-0.021099,0.193868,0.564729,-0.220710,-1.118995,0.069744,1.218691,-1.887135,1.879732,3.743721,-0.630545,0.364473,0.007018,-0.407768,0.013842,0.001339,0.000410,0.000174
20.064032,1.279875,0.381295,-1.205868,0.369380,-0.029721,0.887909,-0.254660,0.697385,-0.519175,0.327920,-0.021099,0.193868,0.564729,-0.220710,-1.118995,0.069744,1.218691,-1.887135,1.879732,3.743721,-0.630545,0.364473,0.007018,-0.407768,0.013842,0.001339,0.000410,0.000174
20.064963,1.277490,0.381226,-1.198754,0.373238,-0.031495,0.887269,-0.254273,0.686430,-0.513841,0.316535,-0.022067,0.192951,0.564907,-0.220489,-1.118634,0.069748,1.218286,-1.887120,1.879732,3.743717,-0.630544,0.364125,0.005843,-0.405826,0.014194,0.001011,-0.000872,0.000728
20.066003,1.273773,0.385057,-1.200754,0.374919,-0.032783,0.886867,-0.252437,0.676920,-0.510985,0.306572,-0.023050,0.191958,0.565155,-0.220280,-1.118265,0.069758,1.217872,-1.887110,1.879732,3.743717,-0.630542,0.365737,0.007249,-0.410440,0.012636,0.000385,-0.000320,0.001371
20.067016,1.273170,0.389777,-1.205408,0.377580,-0.035468,0.887443,-0.253133,0.668949,-0.511006,0.298174,-0.023216,0.190790,0.565471,-0.220093,-1.117895,0.069763,1.217460,-1.887096,1.879728,3.743720,-0.630547,0.368553,0.006893,-0.411107,0.013470,-0.000963,-0.000051,-0.000718
20.067988,1.273520,0.394288,-1.210697,0.379186,-0.038560,0.887602,-0.251836,0.659032,-0.511041,0.287943,-0.022970,0.189519,0.565890,-0.219945,-1.117523,0.069769,1.217046,-1.887083,1.879730,3.743718,-0.630539,0.369627,0.006067,-0.410274,0.013251,-0.000876,-0.000736,0.002241
20.069102,1.273240,0.399278,-1.212074,0.382340,-0.041205,0.887679,-0.250347,0.642172,-0.506493,0.270959,-0.023391,0.188286,0.566444,-0.219846,-1.117149,0.069772,1.216645,-1.887067,1.879730,3.743718,-0.630542,0.369997,0.005300,-0.409041,0.013946,-0.000281,-0.000999,0.001104
20.070070,1.269247,0.403561,-1.213969,0.383237,-0.042586,0.887988,-0.249854,0.617305,-0.495776,0.246137,-0.024943,0.187153,0.567098,-0.219800,-1.116776,0.069776,1.216230,-1.887055,1.879733,3.743717,-0.630544,0.371451,0.004520,-0.410535,0.013520,-0.000527,-0.001192,-0.000163
20.070998,1.275132,0.408444,-1.211020,0.388094,-0.045210,0.888126,-0.249675,0.585207,-0.478802,0.214187,-0.027954,0.186184,0.567814,-0.219807,-1.116396,0.069779,1.215823,-1.887037,1.879728,3.743717,-0.630543,0.373909,0.003873,-0.410888,0.014854,-0.001595,-0.001610,0.000343
20.072088,1.277600,0.413879,-1.217302,0.390137,-0.047461,0.887402,-0.249110,0.549155,-0.457490,0.178325,-0.032161,0.185361,0.568499,-0.219838,-1.116030,0.069782,1.215406,-1.887029,1.879728,3.743716,-0.630542,0.371332,0.002859,-0.413310,0.012309,-0.001329,-0.001842,0.001405
20.073001,1.279579,0.414306,-1.215888,0.394321,-0.050213,0.886583,-0.247817,0.514375,-0.435221,0.143683,-0.036622,0.184573,0.568972,-0.219848,-1.115653,0.069782,1.214994,-1.887014,1.879726,3.743719,-0.630540,0.371251,0.001856,-0.412164,0.012924,-0.001865,-0.001248,0.001928
20.073955,1.277915,0.417398,-1.214646,0.394431,-0.051861,0.886849,-0.246607,0.483592,-0.414311,0.112920,-0.040415,0.183702,0.569180,-0.219825,-1.115278,0.069788,1.214581,-1.887007,1.879725,3.743719,-0.630543,0.370492,0.003041,-0.413796,0.011038,-0.001445,-0.000526,0.000732
20.074968,1.278836,0.420757,-1.222630,0.399110,-0.054982,0.886705,-0.246331,0.458547,-0.396839,0.087746,-0.043107,0.182696,0.569184,-0.219790,-1.114906,0.069791,1.214164,-1.886988,1.879724,3.743717,-0.630544,0.371818,0.002948,-0.415516,0.013125,-0.002241,-0.000898,-0.000220
20.075978,1.278402,0.425608,-1.222251,0.400831,-0.058887,0.886315,-0.245091,0.437846,-0.382138,0.066806,-0.044945,0.181606,0.569094,-0.219767,-1.114529,0.069795,1.213759,-1.886982,1.879725,3.743718,-0.630544,0.372077,0.002820,-0.413111,0.011036,-0.001714,-0.000865,0.000792
20.077055,1.275178,0.430298,-1.225381,0.402703,-0.061195,0.885476,-0.245145,0.394898,-0.350100,0.023344,-0.046473,0.179241,0.568967,-0.219764,-1.113775,0.069799,1.212927,-1.886954,1.879725,3.743723,-0.630540,0.375691,0.001300,-0.415122,0.012484,-0.000865,0.000107,0.001604
20.078030,1.271796,0.429873,-1.228137,0.405242,-0.063112,0.885822,-0.243306,0.394898,-0.350100,0.023344,-0.046473,0.179241,0.568967,-0.219764,-1.113775,0.069799,1.212927,-1.886954,1.879725,3.743723,-0.630540,0.375691,0.001300,-0.415122,0.012484,-0.000865,0.000107,0.001604
20.079000,1.267922,0.435317,-1.233763,0.409906,-0.066401,0.884986,-0.242143,0.336949,-0.304616,-0.034862,-0.047543,0.176979,0.569293,-0.219772,-1.113011,0.069801,1.212103,-1.886936,1.879724,3.743724,-0.630547,0.380239,0.001825,-0.413479,0.010153,-0.000631,0.000380,-0.001426
20.080023,1.266761,0.437369,-1.238712,0.411773,-0.068262,0.884709,-0.241796,0.336949,-0.304616,-0.034862,-0.047543,0.176979,0.569293,-0.219772,-1.113011,0.069801,1.212103,-1.886936,1.879724,3.743724,-0.630547,0.380239,0.001825,-0.413479,0.010153,-0.000631,0.000380,-0.001426
20.081019,1.263665,0.442233,-1.236695,0.413259,-0.071880,0.883985,-0.240876,0.296846,-0.275517,-0.074471,-0.045733,0.175642,0.569906,-0.219779,-1.112626,0.069803,1.211697,-1.886923,1.879721,3.743724,-0.630547,0.381484,0.002414,-0.412682,0.010785,-0.001380,0.000539,-0.000538
20.081981,1.259876,0.442621,-1.236196,0.416095,-0.073942,0.883823,-0.241264,0.250391,-0.242210,-0.120074,-0.043018,0.174276,0.570723,-0.219762,-1.112236,0.069801,1.211278,-1.886910,1.879721,3.743727,-0.630545,0.383523,0.001559,-0.415069,0.011719,-0.000307,0.001138,-0.000875
20.082978,1.264251,0.445617,-1.240533,0.417946,-0.077516,0.883812,-0.239221,0.202430,-0.207209,-0.167033,-0.040413,0.173029,0.571589,-0.219698,-1.111852,0.069804,1.210861,-1.886900,1.879717,3.743726,-0.630540,0.385794,0.002869,-0.416465,0.011260,-0.000687,0.001197,0.001375
20.084100,1.267391,0.452974,-1.245214,0.420331,-0.080407,0.883982,-0.239205,0.157220,-0.173758,-0.211140,-0.037772,0.171883,0.572431,-0.219579,-1.111469,0.069809,1.210449,-1.886888,1.879719,3.743725,-0.630546,0.384146,0.002877,-0.415718,0.011861,0.000330,0.001101,-0.001209
20.085109,1.271563,0.451510,-1.243955,0.424037,-0.082249,0.883666,-0.238934,0.117220,-0.142794,-0.250044,-0.035767,0.170912,0.573125,-0.219404,-1.111089,0.069806,1.210036,-1.886876,1.879717,3.743725,-0.630542,0.383849,0.000994,-0.415601,0.012259,0.000344,0.000807,0.000502
20.086036,1.266748,0.455552,-1.245044,0.424807,-0.083993,0.885128,-0.237911,0.085228,-0.115513,-0.281139,-0.034744,0.170137,0.573534,-0.219151,-1.110707,0.069815,1.209611,-1.886870,1.879715,3.743726,-0.630541,0.382395,0.003253,-0.417619,0.011150,-0.000392,0.001012,0.001489
20.087001,1.269975,0.457892,-1.245021,0.429477,-0.086698,0.884492,-0.237614,0.063544,-0.094473,-0.302216,-0.033978,0.169439,0.573699,-0.218823,-1.110313,0.069817,1.209197,-1.886855,1.879713,3.743724,-0.630542,0.384908,0.002640,-0.418012,0.012575,-0.000998,-0.000560,0.000847
20.088074,1.268495,0.457267,-1.246782,0.432791,-0.089025,0.884943,-0.235792,0.050639,-0.079316,-0.314764,-0.033061,0.168758,0.573721,-0.218449,-1.109934,0.069821,1.208773,-1.886849,1.879713,3.743725,-0.630538,0.383721,0.002955,-0.419119,0.010359,-0.000767,-0.000014,0.001730
20.089001,1.266954,0.459484,-1.252080,0.433910,-0.093672,0.884613,-0.235753,0.045627,-0.067887,-0.319279,-0.025906,0.166783,0.573707,-0.217658,-1.109155,0.069835,1.207943,-1.886828,1.879716,3.743722,-0.630541,0.386271,0.005151,-0.418408,0.010914,0.001065,-0.000339,0.001081
20.089971,1.267837,0.463218,-1.247562,0.436251,-0.095264,0.884806,-0.235313,0.045627,-0.067887,-0.319279,-0.025906,0.166783,0.573707,-0.217658,-1.109155,0.069835,1.207943,-1.886828,1.879716,3.743722,-0.630541,0.386271,0.005151,-0.418408,0.010914,0.001065,-0.000339,0.001081
20.090973,1.259863,0.467324,-1.249554,0.438220,-0.097964,0.884808,-0.233812,0.048650,-0.068907,-0.316040,-0.020327,0.165523,0.573824,-0.217273,-1.108767,0.069839,1.207514,-1.886818,1.879712,3.743722,-0.630538,0.386189,0.004759,-0.421771,0.010980,0.000183,-0.000647,0.001666
20.091989,1.261987,0.468234,-1.248038,0.441905,-0.099390,0.884534,-0.233359,0.053162,-0.071114,-0.311455,-0.015363,0.164323,0.573932,-0.216905,-1.108362,0.069841,1.207094,-1.886805,1.879712,3.743723,-0.630541,0.390552,0.004257,-0.422121,0.011435,0.000318,-0.000762,0.000185
20.093034,1.260692,0.469769,-1.251538,0.445241,-0.100991,0.884177,-0.231978,0.061657,-0.076531,-0.302827,-0.006484,0.162035,0.574222,-0.216276,-1.107576,0.069857,1.206246,-1.886789,1.879707,3.743723,-0.630542,0.391354,0.006121,-0.424132,0.009662,-0.001902,-0.000356,-0.000327
20.094115,1.266758,0.473178,-1.248083,0.448870,-0.105717,0.884507,-0.231837,0.061657,-0.076531,-0.302827,-0.006484,0.162035,0.574222,-0.216276,-1.107576,0.069857,1.206246,-1.886789,1.879707,3.743723,-0.630542,0.391354,0.006121,-0.424132,0.009662,-0.001902,-0.000356,-0.000327
20.095039,1.260694,0.473360,-1.249530,0.448762,-0.108084,0.884725,-0.230645,0.069701,-0.084285,-0.294465,-0.000620,0.160667,0.574372,-0.215992,-1.107193,0.069863,1.205810,-1.886782,1.879710,3.743723,-0.630539,0.389298,0.006038,-0.427591,0.008807,0.000046,-0.000812,0.001059
20.095993,1.262507,0.475229,-1.246301,0.453349,-0.110364,0.884508,-0.229845,0.083408,-0.097249,-0.280352,0.005906,0.159133,0.574432,-0.215715,-1.106793,0.069872,1.205375,-1.886766,1.879712,3.743722,-0.630540,0.392376,0.007307,-0.427521,0.011097,-0.000002,-0.001120,0.000068
20.097051,1.258937,0.479908,-1.248607,0.455036,-0.112759,0.885232,-0.229335,0.101719,-0.114554,-0.261610,0.012375,0.157500,0.574454,-0.215458,-1.106398,0.069882,1.204942,-1.886761,1.879709,3.743724,-0.630541,0.391628,0.007758,-0.430073,0.008962,-0.000141,-0.001019,-0.000065
20.097998,1.256847,0.479345,-1.245801,0.455773,-0.114424,0.884652,-0.227500,0.122525,-0.134678,-0.240323,0.018908,0.155768,0.574482,-0.215229,-1.106003,0.069885,1.204506,-1.886750,1.879708,3.743722,-0.630539,0.394197,0.007043,-0.430441,0.009920,-0.000450,-0.001855,0.000536
20.099204,1.258780,0.484675,-1.253686,0.459785,-0.118543,0.884314,-0.226961,0.143638,-0.155350,-0.218733,0.024617,0.154097,0.574532,-0.215032,-1.105601,0.069896,1.204063,-1.886736,1.879706,3.743723,-0.630545,0.395640,0.008810,-0.433019,0.011643,-0.001361,-0.001382,-0.001616
20.100042,1.258154,0.486533,-1.249602,0.464725,-0.121736,0.885326,-0.225996,0.163437,-0.175063,-0.198518,0.028490,0.152656,0.574635,-0.214856,-1.105201,0.069902,1.203631,-1.886727,1.879707,3.743723,-0.630544,0.397296,0.008310,-0.433028,0.011349,-0.000893,-0.001201,-0.000561
20.101072,1.254229,0.491739,-1.250575,0.466508,-0.125652,0.884739,-0.225723,0.181555,-0.194138,-0.179946,0.031684,0.151301,0.574793,-0.214658,-1.104805,0.069910,1.203187,-1.886723,1.879708,3.743718,-0.630545,0.398013,0.008866,-0.436146,0.009049,-0.000254,-0.002304,-0.001037
20.102091,1.253799,0.495075,-1.253603,0.469734,-0.127437,0.883775,-0.224858,0.198097,-0.213012,-0.162838,0.035536,0.149848,0.574985,-0.214397,-1.104397,0.069917,1.202748,-1.886709,1.879708,3.743721,-0.630542,0.401448,0.008101,-0.438209,0.010369,0.000539,-0.001846,0.000222
20.103058,1.252057,0.496020,-1.254444,0.472374,-0.130672,0.883433,-0.223842,0.211495,-0.229847,-0.148818,0.039374,0.148387,0.575191,-0.214069,-1.103996,0.069926,1.202304,-1.886699,1.879704,3.743724,-0.630541,0.403098,0.008247,-0.439100,0.010232,-0.000740,-0.001028,0.000258
20.104029,1.253720,0.503277,-1.254433,0.475822,-0.134299,0.884020,-0.223318,0.220406,-0.243563,-0.139241,0.042604,0.147019,0.575434,-0.213699,-1.103589,0.069938,1.201857,-1.886689,1.879703,3.743722,-0.630543,0.405042,0.009449,-0.440674,0.010543,-0.000419,-0.000804,-0.000084
20.105065,1.256539,0.505195,-1.256928,0.478783,-0.138279,0.883237,-0.222602,0.226181,-0.255190,-0.132726,0.045372,0.145733,0.575703,-0.213307,-1.103182,0.069942,1.201412,-1.886681,1.879705,3.743720,-0.630540,0.405287,0.007565,-0.442728,0.010092,0.000246,-0.001512,0.000564
20.106019,1.255886,0.507339,-1.258037,0.481856,-0.140122,0.882178,-0.221650,0.231204,-0.265586,-0.126939,0.047542,0.144524,0.575895,-0.212906,-1.102781,0.069952,1.200964,-1.886672,1.879707,3.743721,-0.630539,0.405434,0.008461,-0.443959,0.010313,0.001065,-0.000855,0.000934
20.107032,1.255802,0.510352,-1.257885,0.484514,-0.143153,0.882951,-0.220828,0.237482,-0.276209,-0.119954,0.049353,0.143331,0.575978,-0.212522,-1.102368,0.069961,1.200517,-1.886662,1.879707,3.743722,-0.630537,0.406685,0.009061,-0.445299,0.010146,0.000004,0.000075,0.000682
20.107994,1.257777,0.516726,-1.262965,0.489135,-0.147209,0.882027,-0.219219,0.245574,-0.288037,-0.111255,0.051115,0.142099,0.576002,-0.212183,-1.101964,0.069971,1.200062,-1.886648,1.879707,3.743721,-0.630536,0.408121,0.009336,-0.447614,0.010499,-0.000027,-0.000836,0.000809
20.109031,1.256386,0.521412,-1.261411,0.490420,-0.148697,0.882551,-0.218718,0.254236,-0.300035,-0.102039,0.052989,0.140796,0.575983,-0.211908,-1.101555,0.069975,1.199612,-1.886642,1.879710,3.743723,-0.630540,0.408138,0.007888,-0.446964,0.008882,0.001090,-0.000032,-0.000728
20.110001,1.258998,0.523751,-1.260031,0.494144,-0.152324,0.880304,-0.217150,0.261634,-0.309866,-0.094137,0.054523,0.139472,0.575874,-0.211708,-1.101140,0.069983,1.199157,-1.886629,1.879705,3.743724,-0.630537,0.410250,0.007403,-0.450201,0.010708,-0.000548,-0.000708,0.000095
20.111050,1.262682,0.525723,-1.259941,0.496965,-0.156849,0.880232,-0.216191,0.269347,-0.317623,-0.086130,0.054889,0.138250,0.575587,-0.211576,-1.100734,0.069991,1.198695,-1.886620,1.879707,3.743728,-0.630542,0.410019,0.007963,-0.452716,0.009948,0.000145,0.001417,-0.001352
20.112008,1.260927,0.527365,-1.256075,0.499387,-0.158994,0.878593,-0.215792,0.282096,-0.326953,-0.073360,0.054591,0.137061,0.575036,-0.211488,-1.100328,0.070002,1.198238,-1.886610,1.879710,3.743729,-0.630541,0.409759,0.008825,-0.455248,0.010339,0.001465,0.001331,-0.001430
20.112954,1.262905,0.531737,-1.257424,0.500742,-0.161805,0.877881,-0.215736,0.303117,-0.340872,-0.052527,0.054404,0.135786,0.574204,-0.211410,-1.099909,0.070014,1.197775,-1.886598,1.879706,3.743730,-0.630537,0.411530,0.009655,-0.458913,0.010791,0.000715,0.002857,-0.000556
20.113947,1.264125,0.538673,-1.254502,0.505911,-0.164311,0.878506,-0.215244,0.331928,-0.358690,-0.024123,0.053735,0.134499,0.573099,-0.211328,-1.099505,0.070022,1.197309,-1.886582,1.879707,3.743732,-0.630536,0.411495,0.009132,-0.459815,0.012181,0.000657,0.003425,0.000987
20.114992,1.260938,0.539633,-1.257378,0.510200,-0.166494,0.879988,-0.213471,0.366109,-0.377602,0.009392,0.051981,0.133296,0.571699,-0.211241,-1.099090,0.070026,1.196844,-1.886576,1.879704,3.743730,-0.630534,0.412027,0.007469,-0.463268,0.010088,0.000181,0.002674,0.001721
20.115986,1.269536,0.544434,-1.257514,0.510692,-0.167931,0.879730,-0.212592,0.402472,-0.395916,0.044960,0.050434,0.132050,0.570121,-0.211152,-1.098674,0.070036,1.196376,-1.886570,1.879700,3.743727,-0.630540,0.415091,0.008854,-0.464126,0.009107,-0.000772,0.001065,-0.000001
20.117046,1.265507,0.546578,-1.258341,0.515667,-0.171779,0.880214,-0.211579,0.439457,-0.413451,0.081096,0.049567,0.130767,0.568519,-0.211065,-1.098266,0.070045,1.195900,-1.886553,1.879694,3.743730,-0.630536,0.411943,0.008188,-0.465906,0.011514,-0.002296,0.001192,-0.000022
20.118101,1.267068,0.552085,-1.260107,0.517990,-0.174418,0.879907,-0.210555,0.477904,-0.430458,0.118501,0.048365,0.129636,0.566889,-0.210977,-1.097842,0.070056,1.195430,-1.886545,1.879694,3.743730,-0.630536,0.415463,0.008983,-0.467912,0.009793,-0.001638,0.000568,-0.000197
20.119020,1.262709,0.554171,-1.254904,0.521202,-0.177495,0.879382,-0.209876,0.515929,-0.446033,0.155265,0.047060,0.128652,0.565291,-0.210890,-1.097428,0.070062,1.194954,-1.886534,1.879692,3.743728,-0.630539,0.416186,0.008130,-0.469331,0.010684,-0.002192,0.000761,-0.000389
20.119966,1.260452,0.557097,-1.254405,0.523098,-0.181283,0.879363,-0.208568,0.551410,-0.459086,0.189331,0.045860,0.127795,0.563770,-0.210812,-1.097005,0.070072,1.194478,-1.886524,1.879690,3.743730,-0.630537,0.418957,0.008699,-0.473229,0.010248,-0.001875,0.001157,-0.000148
20.120994,1.261304,0.561106,-1.256431,0.525957,-0.184900,0.880013,-0.208574,0.614087,-0.478484,0.249016,0.043226,0.126435,0.560995,-0.210661,-1.096159,0.070085,1.193515,-1.886497,1.879692,3.743729,-0.630537,0.421647,0.008772,-0.475882,0.011348,-0.000473,0.000265,0.000713
20.122018,1.264057,0.564825,-1.255737,0.528628,-0.187756,0.879330,-0.207300,0.640828,-0.484782,0.274330,0.041112,0.125914,0.559769,-0.210557,-1.095734,0.070093,1.193032,-1.886485,1.879688,3.743730,-0.630540,0.421453,0.008733,-0.478233,0.011749,-0.000694,0.000830,-0.000062
20.122941,1.258959,0.563536,-1.253471,0.530539,-0.190572,0.878814,-0.207420,0.640828,-0.484782,0.274330,0.041112,0.125914,0.559769,-0.210557,-1.095734,0.070093,1.193032,-1.886485,1.879688,3.743730,-0.630540,0.421453,0.008733,-0.478233,0.011749,-0.000694,0.000830,-0.000062
20.124006,1.262645,0.567778,-1.253131,0.535534,-0.193582,0.878532,-0.205428,0.666531,-0.490650,0.298663,0.038358,0.125453,0.558623,-0.210409,-1.095309,0.070107,1.192544,-1.886468,1.879689,3.743730,-0.630534,0.424616,0.010963,-0.480527,0.012488,-0.000680,0.001226,0.001796
20.124977,1.261656,0.570613,-1.257544,0.539190,-0.197059,0.878694,-0.204892,0.692426,-0.498362,0.323310,0.035955,0.124890,0.557599,-0.210214,-1.094881,0.070117,1.192061,-1.886461,1.879685,3.743730,-0.630540,0.424159,0.010697,-0.482991,0.010803,-0.000867,0.001369,-0.000343
20.125976,1.259129,0.573960,-1.259153,0.541626,-0.199689,0.878763,-0.204733,0.717904,-0.508367,0.347771,0.035153,0.124040,0.556716,-0.209980,-1.094455,0.070126,1.191578,-1.886451,1.879685,3.743726,-0.630538,0.425535,0.011003,-0.482337,0.010110,-0.000331,0.001097,0.000301
20.127001,1.253917,0.579264,-1.264593,0.542770,-0.202739,0.879890,-0.202952,0.739163,-0.518093,0.368310,0.036013,0.122880,0.556038,-0.209708,-1.094018,0.070138,1.191089,-1.886438,1.879684,3.743728,-0.630535,0.427708,0.011051,-0.483271,0.010664,-0.000719,0.000894,0.001723
20.128030,1.256822,0.584918,-1.265517,0.546508,-0.206073,0.879701,-0.202809,0.750526,-0.522782,0.379215,0.036821,0.121650,0.555676,-0.209427,-1.093577,0.070145,1.190608,-1.886423,1.879682,3.743725,-0.630539,0.431347,0.010227,-0.482547,0.012540,-0.000759,-0.000360,-0.000064
20.128955,1.259021,0.586514,-1.262018,0.548126,-0.207002,0.880357,-0.201789,0.749109,-0.519015,0.377538,0.035804,0.120615,0.555620,-0.209168,-1.093146,0.070154,1.190118,-1.886412,1.879679,3.743726,-0.630535,0.431018,0.009221,-0.484055,0.011883,-0.000510,-0.000294,0.001463
20.130037,1.256616,0.589744,-1.267462,0.552656,-0.210770,0.879101,-0.200565,0.740151,-0.509615,0.368405,0.032720,0.119855,0.555676,-0.208924,-1.092713,0.070165,1.189622,-1.886396,1.879672,3.743722,-0.630535,0.430410,0.010042,-0.486900,0.012959,-0.002343,-0.001052,0.001021
20.131024,1.256084,0.592530,-1.265452,0.553613,-0.215320,0.878822,-0.200281,0.729541,-0.499303,0.357639,0.028535,0.119294,0.555741,-0.208694,-1.092269,0.070177,1.189138,-1.886385,1.879672,3.743724,-0.630536,0.432983,0.010316,-0.486560,0.011684,-0.001833,0.000069,0.000466
20.131999,1.258944,0.595175,-1.269397,0.556438,-0.219357,0.877475,-0.198927,0.717149,-0.489099,0.345186,0.024219,0.118812,0.555875,-0.208502,-1.091835,0.070188,1.188642,-1.886366,1.879675,3.743725,-0.630531,0.434096,0.010639,-0.489134,0.013568,-0.000293,0.000208,0.001621
20.132958,1.257499,0.601209,-1.270364,0.559382,-0.221028,0.877551,-0.198034,0.703530,-0.479408,0.331632,0.019704,0.118370,0.556052,-0.208359,-1.091401,0.070200,1.188157,-1.886354,1.879678,3.743727,-0.630535,0.433447,0.011006,-0.488732,0.013631,0.000755,0.001430,0.000612
20.133975,1.254730,0.606055,-1.276642,0.562517,-0.224786,0.877973,-0.196640,0.689257,-0.470025,0.317554,0.014778,0.117961,0.556197,-0.208265,-1.090968,0.070205,1.187663,-1.886340,1.879675,3.743727,-0.630535,0.434887,0.009706,-0.489618,0.013505,-0.000484,0.001216,0.000511
20.134995,1.252403,0.609192,-1.281135,0.565253,-0.227037,0.877927,-0.195514,0.670671,-0.457917,0.299336,0.009589,0.117570,0.556355,-0.208215,-1.090527,0.070214,1.187174,-1.886326,1.879679,3.743725,-0.630537,0.437251,0.009091,-0.488324,0.013374,0.000171,0.000675,-0.000503
20.136104,1.250286,0.610255,-1.283342,0.567600,-0.230172,0.879046,-0.194950,0.643164,-0.440099,0.272424,0.004403,0.117170,0.556674,-0.208206,-1.090079,0.070223,1.186691,-1.886314,1.879676,3.743727,-0.630538,0.439321,0.009331,-0.488036,0.013709,-0.000654,0.000582,-0.000965
20.137011,1.251572,0.616461,-1.290639,0.570692,-0.233019,0.878558,-0.193356,0.606352,-0.417217,0.236409,-0.000413,0.116702,0.557288,-0.208220,-1.089638,0.070237,1.186195,-1.886299,1.879673,3.743725,-0.630534,0.441919,0.010728,-0.489427,0.014657,-0.000843,-0.000681,-0.000158
20.138159,1.248458,0.621263,-1.296265,0.573445,-0.236720,0.878302,-0.193586,0.562297,-0.390938,0.193264,-0.004754,0.116143,0.558213,-0.208246,-1.089195,0.070243,1.185714,-1.886285,1.879672,3.743726,-0.630536,0.441512,0.009223,-0.486855,0.014219,-0.000740,-0.000298,-0.001777
20.139061,1.253907,0.620263,-1.288829,0.576829,-0.238580,0.877407,-0.192455,0.510703,-0.360140,0.142651,-0.008902,0.115537,0.559373,-0.208287,-1.088750,0.070250,1.185224,-1.886270,1.879672,3.743726,-0.630531,0.444827,0.008899,-0.486925,0.014894,-0.000520,-0.000188,0.000711
20.140001,1.255445,0.623965,-1.293302,0.580861,-0.242454,0.877716,-0.191669,0.456513,-0.327910,0.089432,-0.012542,0.114855,0.560617,-0.208320,-1.088309,0.070264,1.184722,-1.886258,1.879668,3.743727,-0.630533,0.442299,0.010956,-0.491512,0.014166,-0.001365,0.000589,0.000000
20.140935,1.261666,0.628180,-1.291643,0.583503,-0.243600,0.876829,-0.191253,0.410282,-0.302244,0.044066,-0.014239,0.113910,0.561742,-0.208308,-1.087862,0.070273,1.184237,-1.886245,1.879672,3.743726,-0.630533,0.441975,0.010730,-0.490539,0.012908,-0.000365,0.000157,0.000074
20.142106,1.263026,0.635659,-1.300802,0.585948,-0.246965,0.876578,-0.190594,0.376726,-0.285972,0.011239,-0.013542,0.112638,0.562592,-0.208232,-1.087430,0.070283,1.183741,-1.886232,1.879668,3.743728,-0.630535,0.439414,0.010257,-0.492548,0.013031,-0.002037,0.000922,0.000891
20.143043,1.259808,0.637912,-1.303562,0.590172,-0.249411,0.876580,-0.188829,0.354102,-0.275712,-0.010856,-0.012226,0.111273,0.563063,-0.208101,-1.086984,0.070287,1.183257,-1.886217,1.879667,3.743727,-0.630532,0.440628,0.008653,-0.491033,0.014093,-0.002193,0.001021,0.001607
20.143963,1.255801,0.642230,-1.305658,0.592358,-0.252358,0.877512,-0.187806,0.335968,-0.266056,-0.028593,-0.011522,0.109998,0.563261,-0.207949,-1.086533,0.070296,1.182765,-1.886207,1.879665,3.743727,-0.630535,0.442598,0.009189,-0.490872,0.012684,-0.002574,0.000897,-0.000300
20.145005,1.256174,0.643164,-1.312642,0.595124,-0.255277,0.877322,-0.187854,0.315736,-0.253614,-0.048351,-0.010796,0.108759,0.563462,-0.207806,-1.086083,0.070304,1.182269,-1.886192,1.879664,3.743723,-0.630537,0.444870,0.008657,-0.490877,0.013193,-0.002407,-0.000137,-0.000717
20.146029,1.256704,0.646491,-1.314082,0.599254,-0.259112,0.876920,-0.186487,0.290762,-0.237645,-0.072648,-0.009714,0.107534,0.563865,-0.207678,-1.085638,0.070318,1.181788,-1.886179,1.879660,3.743725,-0.630532,0.445731,0.009988,-0.489512,0.013527,-0.002602,-0.000083,0.001202
20.146989,1.251093,0.652185,-1.312153,0.602332,-0.260023,0.877254,-0.185173,0.261875,-0.219561,-0.100619,-0.007952,0.106295,0.564527,-0.207545,-1.085194,0.070330,1.181294,-1.886169,1.879658,3.743727,-0.630533,0.446437,0.010087,-0.490666,0.012526,-0.001844,0.000181,0.000231
20.148083,1.256779,0.653368,-1.316172,0.604619,-0.264654,0.877305,-0.185305,0.231377,-0.200932,-0.130065,-0.005050,0.105021,0.565362,-0.207398,-1.084737,0.070337,1.180790,-1.886156,1.879649,3.743728,-0.630536,0.449700,0.008944,-0.492897,0.012306,-0.003783,-0.000289,-0.000708
20.149041,1.254899,0.652412,-1.313583,0.607143,-0.268535,0.876944,-0.183460,0.201782,-0.182580,-0.158647,-0.001529,0.103848,0.566241,-0.207228,-1.084288,0.070349,1.180300,-1.886140,1.879648,3.743728,-0.630530,0.448161,0.010296,-0.493306,0.013239,-0.002432,-0.000478,0.001478
20.150043,1.260894,0.657505,-1.316122,0.611785,-0.272983,0.876911,-0.183570,0.177835,-0.168122,-0.181694,0.002374,0.102812,0.567086,-0.207024,-1.083843,0.070365,1.179800,-1.886127,1.879649,3.743728,-0.630535,0.449673,0.012374,-0.495894,0.013550,-0.001466,-0.000235,-0.000561
20.151050,1.263323,0.663598,-1.318174,0.613968,-0.273364,0.876018,-0.182207,0.163592,-0.161217,-0.195128,0.007392,0.101742,0.567823,-0.206784,-1.083394,0.070375,1.179306,-1.886118,1.879651,3.743728,-0.630532,0.447426,0.011563,-0.496292,0.011966,-0.000075,-0.000334,0.001437
20.152000,1.262298,0.665817,-1.315877,0.615732,-0.278440,0.875232,-0.182155,0.159283,-0.160813,-0.198769,0.013221,0.100608,0.568291,-0.206513,-1.082949,0.070382,1.178805,-1.886105,1.879644,3.743729,-0.630531,0.447085,0.010312,-0.496907,0.012811,-0.002713,0.000434,0.000436
20.152940,1.256803,0.665426,-1.312102,0.618167,-0.280004,0.876297,-0.181082,0.163096,-0.163653,-0.194581,0.018155,0.099592,0.568359,-0.206236,-1.082497,0.070396,1.178297,-1.886089,1.879647,3.743730,-0.630527,0.448033,0.010843,-0.499197,0.013783,-0.000504,0.001088,0.002002
20.154108,1.255359,0.670054,-1.316480,0.623845,-0.282827,0.876020,-0.178950,0.173522,-0.169138,-0.184119,0.021748,0.098703,0.568126,-0.205982,-1.082035,0.070411,1.177791,-1.886074,1.879643,3.743728,-0.630528,0.451048,0.012626,-0.502168,0.014073,-0.001780,-0.000102,0.001479
20.154993,1.250966,0.672785,-1.322329,0.627305,-0.285063,0.875850,-0.179013,0.187484,-0.177396,-0.170254,0.025485,0.097721,0.567852,-0.205790,-1.081580,0.070423,1.177285,-1.886066,1.879638,3.743728,-0.630532,0.453495,0.012341,-0.502760,0.012030,-0.002453,0.000040,-0.000744
20.156017,1.247432,0.678684,-1.321012,0.629799,-0.288403,0.876298,-0.177153,0.198188,-0.185362,-0.159437,0.030955,0.096445,0.567774,-0.205688,-1.081117,0.070436,1.176792,-1.886056,1.879635,3.743728,-0.630527,0.455581,0.012482,-0.500619,0.011238,-0.002868,0.000096,0.000949
20.156950,1.246416,0.680923,-1.318661,0.632581,-0.290712,0.876768,-0.176875,0.199965,-0.188965,-0.157185,0.038027,0.094903,0.567981,-0.205685,-1.080657,0.070446,1.176281,-1.886040,1.879635,3.743725,-0.630532,0.458121,0.011319,-0.502973,0.011752,-0.002620,-0.000470,-0.001001
20.157935,1.247595,0.687470,-1.318257,0.633979,-0.294082,0.876250,-0.175453,0.185634,-0.183626,-0.170151,0.051630,0.091812,0.568731,-0.205919,-1.079737,0.070465,1.175261,-1.886011,1.879630,3.743726,-0.630534,0.458789,0.010291,-0.506685,0.013200,-0.002715,-0.000665,-0.001031
20.159141,1.253276,0.687208,-1.320339,0.638128,-0.298349,0.875345,-0.174777,0.185634,-0.183626,-0.170151,0.051630,0.091812,0.568731,-0.205919,-1.079737,0.070465,1.175261,-1.886011,1.879630,3.743726,-0.630534,0.458789,0.010291,-0.506685,0.013200,-0.002715,-0.000665,-0.001031
20.160079,1.248657,0.691815,-1.321604,0.640911,-0.301445,0.874857,-0.174226,0.180170,-0.179741,-0.175159,0.056171,0.090542,0.568881,-0.206084,-1.079283,0.070484,1.174748,-1.886000,1.879627,3.743727,-0.630532,0.457905,0.012498,-0.508648,0.012721,-0.002073,0.000084,-0.000266
20.161020,1.248705,0.693598,-1.321855,0.643841,-0.302659,0.874581,-0.173068,0.179816,-0.178685,-0.175278,0.059965,0.089336,0.568824,-0.206223,-1.078815,0.070497,1.174233,-1.885987,1.879627,3.743728,-0.630532,0.460409,0.011773,-0.508957,0.012717,-0.001823,0.000442,0.000271
20.162081,1.247791,0.695408,-1.320639,0.645361,-0.307260,0.875059,-0.173373,0.181878,-0.179645,-0.173110,0.063803,0.088103,0.568680,-0.206320,-1.078349,0.070512,1.173725,-1.885974,1.879619,3.743729,-0.630535,0.460560,0.012480,-0.509887,0.012570,-0.003397,0.000590,-0.000406
20.163043,1.241988,0.699590,-1.324901,0.647771,-0.309357,0.874567,-0.172497,0.185328,-0.182105,-0.169655,0.067475,0.086890,0.568510,-0.206364,-1.077887,0.070527,1.173208,-1.885957,1.879619,3.743727,-0.630528,0.462014,0.013387,-0.512365,0.014157,-0.001983,-0.000022,0.002061
20.163981,1.242397,0.701949,-1.323424,0.649983,-0.312450,0.874787,-0.171236,0.188688,-0.185056,-0.166371,0.070344,0.085769,0.568386,-0.206358,-1.077416,0.070539,1.172700,-1.885944,1.879617,3.743728,-0.630527,0.465210,0.012932,-0.511422,0.014595,-0.002810,0.000352,0.001960
20.165074,1.247754,0.705870,-1.324009,0.654337,-0.315662,0.874902,-0.169579,0.188292,-0.185731,-0.166841,0.071917,0.084796,0.568381,-0.206333,-1.076955,0.070554,1.172182,-1.885929,1.879617,3.743727,-0.630530,0.465213,0.013342,-0.513097,0.015093,-0.002549,0.000009,0.001081
20.166011,1.254082,0.707210,-1.325855,0.655790,-0.318173,0.873695,-0.169831,0.186732,-0.185695,-0.168481,0.072634,0.083893,0.568404,-0.206299,-1.076492,0.070568,1.171660,-1.885918,1.879615,3.743726,-0.630534,0.463685,0.013264,-0.514850,0.014062,-0.002635,-0.000239,-0.000311
20.166943,1.252076,0.710831,-1.323649,0.660676,-0.320502,0.874223,-0.168860,0.190668,-0.189133,-0.164758,0.072999,0.082957,0.568263,-0.206236,-1.076030,0.070584,1.171148,-1.885901,1.879613,3.743728,-0.630528,0.460740,0.014164,-0.514882,0.015316,-0.002950,0.000851,0.001838
20.168090,1.256388,0.715729,-1.328234,0.662396,-0.323952,0.874530,-0.167429,0.202961,-0.197872,-0.152903,0.073404,0.081924,0.567881,-0.206124,-1.075567,0.070599,1.170626,-1.885890,1.879610,3.743726,-0.630527,0.461962,0.013911,-0.516831,0.013200,-0.003425,0.000197,0.001502
20.169007,1.256156,0.714404,-1.324018,0.663891,-0.327079,0.873618,-0.167218,0.221692,-0.210441,-0.134857,0.074091,0.080784,0.567318,-0.205974,-1.075104,0.070613,1.170113,-1.885873,1.879604,3.743726,-0.630529,0.461285,0.013443,-0.517080,0.014872,-0.003382,-0.000251,0.000643
20.169944,1.247274,0.716445,-1.322449,0.665897,-0.329742,0.872897,-0.165536,0.245749,-0.225551,-0.111840,0.074255,0.079647,0.566635,-0.205801,-1.074645,0.070633,1.169585,-1.885857,1.879603,3.743729,-0.630525,0.461556,0.015617,-0.519844,0.016009,-0.003024,0.000537,0.001827
20.171051,1.247570,0.722121,-1.328284,0.670007,-0.332618,0.872599,-0.164774,0.274224,-0.243053,-0.084814,0.073517,0.078542,0.565944,-0.205620,-1.074172,0.070648,1.169057,-1.885840,1.879601,3.743730,-0.630529,0.466130,0.016151,-0.521408,0.016664,-0.003191,0.001127,0.000089
20.172086,1.248983,0.723822,-1.326468,0.672029,-0.333981,0.872581,-0.163722,0.301256,-0.259537,-0.059437,0.072346,0.077409,0.565393,-0.205454,-1.073701,0.070660,1.168539,-1.885828,1.879597,3.743732,-0.630528,0.467103,0.015238,-0.520667,0.015888,-0.003632,0.001270,0.000517
20.173020,1.251222,0.729851,-1.324238,0.673975,-0.337820,0.872255,-0.163038,0.323554,-0.272276,-0.038810,0.070849,0.076270,0.564970,-0.205298,-1.073236,0.070679,1.168010,-1.885810,1.879586,3.743734,-0.630531,0.467182,0.016120,-0.523118,0.016866,-0.005314,0.001138,0.000223
20.174114,1.252767,0.733151,-1.328973,0.678712,-0.341009,0.872254,-0.162512,0.345092,-0.282690,-0.018994,0.068381,0.075257,0.564466,-0.205114,-1.072768,0.070690,1.167486,-1.885791,1.879586,3.743735,-0.630531,0.466180,0.014691,-0.525039,0.017540,-0.004279,0.001342,0.000493
20.175034,1.253369,0.735319,-1.320884,0.679516,-0.342477,0.873447,-0.160627,0.368564,-0.291787,0.002689,0.064854,0.074409,0.563713,-0.204880,-1.072296,0.070706,1.166958,-1.885780,1.879581,3.743738,-0.630526,0.466495,0.014920,-0.524633,0.016116,-0.004366,0.001184,0.001337
20.176018,1.259562,0.736964,-1.321127,0.682748,-0.346290,0.874046,-0.160617,0.394920,-0.300728,0.027241,0.061012,0.073668,0.562701,-0.204614,-1.071834,0.070722,1.166415,-1.885759,1.879573,3.743734,-0.630530,0.466304,0.015376,-0.529195,0.017858,-0.005624,-0.000115,-0.000837
20.176984,1.258586,0.737623,-1.318763,0.686385,-0.349383,0.873990,-0.159746,0.428531,-0.312990,0.058919,0.057012,0.073051,0.561408,-0.204329,-1.071373,0.070741,1.165887,-1.885744,1.879569,3.743731,-0.630525,0.463704,0.016171,-0.530179,0.017489,-0.004734,-0.000819,0.000878
20.178040,1.254812,0.740350,-1.311875,0.688196,-0.350979,0.871752,-0.158233,0.471990,-0.331511,0.100259,0.053774,0.072434,0.559877,-0.204027,-1.070915,0.070761,1.165347,-1.885730,1.879564,3.743731,-0.630525,0.464677,0.017418,-0.532229,0.016678,-0.004525,-0.000879,0.000808
20.179012,1.252622,0.744716,-1.309009,0.689724,-0.354671,0.872700,-0.158369,0.523309,-0.356199,0.149280,0.052253,0.071684,0.558217,-0.203733,-1.070439,0.070781,1.164795,-1.885708,1.879555,3.743737,-0.630526,0.467374,0.017783,-0.537102,0.017831,-0.006057,0.001208,-0.000381
20.179981,1.248508,0.742010,-1.311046,0.692183,-0.358032,0.872439,-0.157200,0.579225,-0.384103,0.202628,0.051319,0.070944,0.556432,-0.203476,-1.069966,0.070797,1.164254,-1.885686,1.879552,3.743734,-0.630522,0.468756,0.017232,-0.539413,0.018988,-0.005260,0.000126,0.001606
20.181140,1.251462,0.746623,-1.310624,0.694902,-0.360081,0.872141,-0.156691,0.634958,-0.412113,0.255630,0.050194,0.070256,0.554654,-0.203277,-1.069491,0.070823,1.163711,-1.885667,1.879547,3.743734,-0.630525,0.471092,0.020119,-0.539209,0.019242,-0.004795,0.000275,0.000945
20.182013,1.245630,0.753248,-1.305026,0.697635,-0.362404,0.871650,-0.155093,0.686749,-0.439273,0.304800,0.049412,0.069483,0.553087,-0.203147,-1.069018,0.070840,1.163167,-1.885646,1.879534,3.743733,-0.630523,0.471052,0.019750,-0.541740,0.019828,-0.006152,0.000430,0.001960
20.183040,1.244581,0.751372,-1.304689,0.700922,-0.364420,0.872584,-0.154677,0.733496,-0.464046,0.349110,0.048549,0.068660,0.551661,-0.203085,-1.068543,0.070855,1.162614,-1.885627,1.879529,3.743734,-0.630524,0.473655,0.017882,-0.544530,0.019497,-0.006407,0.000806,0.000268
20.183988,1.243316,0.755118,-1.303652,0.703498,-0.368074,0.872788,-0.153720,0.774310,-0.485160,0.387687,0.047549,0.067776,0.550317,-0.203085,-1.068065,0.070881,1.162059,-1.885609,1.879520,3.743732,-0.630523,0.474752,0.020478,-0.545834,0.019154,-0.007423,-0.000260,0.001251
20.184984,1.239858,0.759451,-1.306180,0.706292,-0.370638,0.871474,-0.152315,0.809115,-0.504136,0.420578,0.047526,0.066641,0.549189,-0.203125,-1.067586,0.070900,1.161514,-1.885589,1.879517,3.743729,-0.630524,0.475476,0.020120,-0.547011,0.019227,-0.006601,-0.000562,0.000985
20.186095,1.241920,0.759945,-1.309216,0.708683,-0.371136,0.870461,-0.152105,0.836421,-0.520164,0.446348,0.048512,0.065208,0.548313,-0.203191,-1.067107,0.070919,1.160967,-1.885571,1.879510,3.743732,-0.630525,0.477600,0.019601,-0.546747,0.019280,-0.007001,0.000621,-0.000086
20.187095,1.239438,0.763223,-1.305894,0.709392,-0.375028,0.870655,-0.150841,0.854083,-0.531114,0.462774,0.049771,0.063560,0.547662,-0.203274,-1.066626,0.070942,1.160422,-1.885547,1.879496,3.743735,-0.630521,0.477609,0.021181,-0.547138,0.019982,-0.009752,0.001473,0.001442
20.188022,1.236497,0.770290,-1.312255,0.711795,-0.376363,0.870838,-0.149897,0.863991,-0.537936,0.471576,0.050437,0.061830,0.547196,-0.203357,-1.066147,0.070964,1.159866,-1.885520,1.879487,3.743735,-0.630522,0.479272,0.021135,-0.549747,0.021924,-0.008765,0.001138,0.000642
20.189067,1.236294,0.770142,-1.313182,0.714250,-0.378901,0.870737,-0.148819,0.865970,-0.539216,0.472532,0.049181,0.060234,0.546849,-0.203445,-1.065661,0.070979,1.159321,-1.885499,1.879474,3.743733,-0.630522,0.480618,0.019144,-0.547019,0.022047,-0.010141,0.000845,0.000379
20.190018,1.238052,0.776922,-1.313310,0.716002,-0.382065,0.869937,-0.148255,0.856893,-0.532319,0.462667,0.045740,0.058867,0.546652,-0.203549,-1.065176,0.071004,1.158764,-1.885475,1.879464,3.743733,-0.630523,0.481319,0.020912,-0.547846,0.022455,-0.010660,0.000815,0.000051
20.190981,1.235897,0.776260,-1.317652,0.719647,-0.384494,0.871123,-0.147325,0.838861,-0.519023,0.444146,0.040749,0.057685,0.546569,-0.203656,-1.064700,0.071019,1.158219,-1.885450,1.879455,3.743735,-0.630522,0.480574,0.019094,-0.548468,0.023234,-0.010280,0.001491,0.000591
20.191985,1.240614,0.779319,-1.322132,0.722113,-0.387352,0.870894,-0.145925,0.815194,-0.501968,0.420341,0.035040,0.056578,0.546544,-0.203754,-1.064215,0.071042,1.157681,-1.885428,1.879443,3.743730,-0.630522,0.481778,0.020980,-0.547136,0.022221,-0.010662,0.000191,0.000406
20.192929,1.240341,0.783991,-1.324942,0.724054,-0.390078,0.871561,-0.145870,0.787008,-0.483369,0.392495,0.030151,0.055326,0.546667,-0.203840,-1.063732,0.071064,1.157137,-1.885407,1.879432,3.743733,-0.630526,0.479767,0.021061,-0.546002,0.022559,-0.010738,0.000287,-0.000634
20.194036,1.237801,0.787812,-1.325254,0.727905,-0.392366,0.871713,-0.144514,0.755711,-0.464177,0.361913,0.026320,0.053885,0.546933,-0.203903,-1.063254,0.071083,1.156588,-1.885384,1.879421,3.743733,-0.630521,0.480000,0.020256,-0.545189,0.023176,-0.010761,-0.000508,0.000913
20.195062,1.236114,0.792661,-1.333311,0.730856,-0.395116,0.870667,-0.142741,0.721578,-0.443349,0.328675,0.022971,0.052349,0.547274,-0.203930,-1.062768,0.071102,1.156042,-1.885363,1.879404,3.743732,-0.630522,0.482270,0.020200,-0.546919,0.022437,-0.011670,-0.000790,0.000115
20.196016,1.237839,0.794918,-1.335788,0.731873,-0.398223,0.870110,-0.142126,0.682532,-0.419378,0.290726,0.020481,0.050720,0.547726,-0.203935,-1.062286,0.071121,1.155500,-1.885339,1.879392,3.743731,-0.630524,0.483630,0.019470,-0.544144,0.022296,-0.011906,0.000142,-0.001640
20.197026,1.236282,0.799125,-1.335475,0.735180,-0.400010,0.869348,-0.141940,0.636926,-0.390946,0.246472,0.018662,0.049058,0.548312,-0.203933,-1.061806,0.071142,1.154954,-1.885312,1.879383,3.743732,-0.630521,0.482857,0.019889,-0.543618,0.023778,-0.011590,0.000567,-0.001195
20.198006,1.230618,0.802782,-1.341138,0.738175,-0.403297,0.868813,-0.140528,0.587567,-0.359347,0.198610,0.016877,0.047456,0.548953,-0.203912,-1.061315,0.071159,1.154413,-1.885289,1.879366,3.743734,-0.630516,0.483984,0.019458,-0.544982,0.023227,-0.012710,0.001187,0.000185
20.199039,1.235436,0.804789,-1.341454,0.741125,-0.408193,0.868402,-0.139328,0.535851,-0.325599,0.148518,0.015435,0.045884,0.549627,-0.203873,-1.060826,0.071179,1.153869,-1.885266,1.879355,3.743734,-0.630516,0.487339,0.019342,-0.543467,0.023100,-0.012444,0.001588,-0.000874
20.200141,1.239150,0.809148,-1.351778,0.746251,-0.411408,0.868300,-0.138348,0.481982,-0.290525,0.096515,0.015030,0.044233,0.550361,-0.203849,-1.060337,0.071200,1.153323,-1.885241,1.879346,3.743735,-0.630517,0.486373,0.020333,-0.545863,0.023529,-0.011047,0.001843,-0.001240
20.200958,1.231801,0.809329,-1.354730,0.747266,-0.413260,0.868577,-0.137888,0.430003,-0.257456,0.046670,0.016344,0.042370,0.551098,-0.203855,-1.059854,0.071219,1.152783,-1.885220,1.879333,3.743735,-0.630518,0.486570,0.020303,-0.543861,0.022113,-0.011570,0.001781,-0.001034
20.202018,1.235033,0.813689,-1.358161,0.750926,-0.416529,0.868378,-0.136258,0.379565,-0.226798,-0.001326,0.019686,0.040250,0.551914,-0.203888,-1.059357,0.071244,1.152238,-1.885194,1.879318,3.743734,-0.630517,0.490125,0.021699,-0.543024,0.023649,-0.012428,0.001387,-0.000355
20.203010,1.234200,0.816286,-1.365154,0.755495,-0.419060,0.868297,-0.135518,0.328246,-0.196965,-0.049951,0.024392,0.037997,0.552922,-0.203943,-1.058859,0.071266,1.151694,-1.885171,1.879307,3.743734,-0.630521,0.490043,0.021540,-0.544124,0.023499,-0.012741,0.001436,-0.001544
20.203996,1.232233,0.819829,-1.371856,0.756698,-0.421699,0.869280,-0.134703,0.277246,-0.168398,-0.098130,0.030293,0.035689,0.554075,-0.203997,-1.058366,0.071289,1.151153,-1.885151,1.879293,3.743734,-0.630521,0.491612,0.022122,-0.542818,0.022231,-0.013544,0.001372,-0.001064
20.205103,1.231333,0.823852,-1.371239,0.761968,-0.425731,0.868527,-0.133510,0.225568,-0.140307,-0.146895,0.037330,0.033389,0.555385,-0.204016,-1.057866,0.071312,1.150618,-1.885121,1.879279,3.743732,-0.630521,0.493617,0.022210,-0.541709,0.024147,-0.014207,0.000250,-0.000768
20.205997,1.227918,0.824441,-1.371123,0.762193,-0.428513,0.868619,-0.133113,0.172498,-0.111802,-0.197039,0.044852,0.031214,0.556857,-0.203975,-1.057362,0.071335,1.150062,-1.885102,1.879268,3.743733,-0.630523,0.495893,0.022319,-0.545121,0.022630,-0.013921,0.000850,-0.000985
20.207178,1.233717,0.828593,-1.377250,0.764930,-0.433956,0.868169,-0.131446,0.121415,-0.084883,-0.245312,0.052585,0.029184,0.558387,-0.203848,-1.056866,0.071362,1.149511,-1.885072,1.879255,3.743733,-0.630520,0.498009,0.023646,-0.546408,0.025150,-0.014132,0.000619,-0.000027
20.207992,1.230720,0.831981,-1.378082,0.770447,-0.436731,0.868660,-0.132278,0.075934,-0.061489,-0.288223,0.059524,0.027360,0.559860,-0.203623,-1.056366,0.071386,1.148967,-1.885043,1.879245,3.743733,-0.630523,0.497483,0.023832,-0.547182,0.026262,-0.012698,0.000903,-0.001059
20.208972,1.227270,0.833215,-1.379344,0.773349,-0.440014,0.868773,-0.130485,0.037151,-0.042211,-0.324639,0.065667,0.025640,0.561199,-0.203306,-1.055867,0.071411,1.148418,-1.885025,1.879231,3.743732,-0.630516,0.498801,0.023604,-0.547308,0.023375,-0.012639,0.000294,0.002212
20.210016,1.228523,0.840172,-1.383539,0.776623,-0.442505,0.868711,-0.130533,-0.027506,-0.015154,-0.384527,0.081505,0.021376,0.563737,-0.202521,-1.054850,0.071460,1.147317,-1.884977,1.879199,3.743731,-0.630511,0.502103,0.023293,-0.549166,0.023871,-0.013629,-0.000041,0.002652
20.211217,1.231873,0.839084,-1.393117,0.779588,-0.444944,0.868691,-0.128649,-0.027506,-0.015154,-0.384527,0.081505,0.021376,0.563737,-0.202521,-1.054850,0.071460,1.147317,-1.884977,1.879199,3.743731,-0.630511,0.502103,0.023293,-0.549166,0.023871,-0.013629,-0.000041,0.002652
20.211978,1.228821,0.844269,-1.388835,0.782238,-0.446228,0.868125,-0.127079,-0.056152,-0.004734,-0.410876,0.089935,0.018906,0.564994,-0.202145,-1.054348,0.071492,1.146768,-1.884951,1.879180,3.743732,-0.630514,0.502941,0.026096,-0.548321,0.024893,-0.015201,-0.000201,0.001213
20.213003,1.230360,0.846737,-1.393926,0.787030,-0.448963,0.868559,-0.126521,-0.081791,0.003558,-0.434356,0.097638,0.016347,0.566248,-0.201826,-1.053838,0.071516,1.146218,-1.884926,1.879158,3.743732,-0.630515,0.503763,0.024830,-0.550580,0.024567,-0.016350,0.000260,-0.000436
20.214067,1.229335,0.850042,-1.390865,0.789237,-0.449817,0.868119,-0.124918,-0.103341,0.009197,-0.453924,0.104884,0.013688,0.567429,-0.201572,-1.053337,0.071543,1.145666,-1.884907,1.879142,3.743730,-0.630513,0.504262,0.025510,-0.550389,0.023240,-0.017023,-0.000324,0.000471
20.215060,1.231092,0.847669,-1.394964,0.794578,-0.452723,0.867559,-0.124718,-0.119695,0.011666,-0.468488,0.111988,0.010945,0.568487,-0.201360,-1.052827,0.071569,1.145100,-1.884880,1.879116,3.743733,-0.630516,0.506245,0.025855,-0.554524,0.024512,-0.019654,-0.000044,-0.000661
20.216102,1.237684,0.853222,-1.399229,0.798851,-0.454068,0.867117,-0.122952,-0.128564,0.008505,-0.475729,0.119595,0.008113,0.569453,-0.201163,-1.052314,0.071604,1.144550,-1.884862,1.879098,3.743733,-0.630512,0.506263,0.028799,-0.554558,0.022507,-0.020010,0.000369,0.000893
20.217024,1.231345,0.854469,-1.400125,0.801486,-0.459233,0.867343,-0.122574,-0.128371,-0.002593,-0.473981,0.129052,0.005075,0.570336,-0.200959,-1.051816,0.071631,1.143993,-1.884841,1.879072,3.743734,-0.630516,0.504373,0.027921,-0.554886,0.021752,-0.022063,0.000653,-0.000615
20.217968,1.231035,0.858093,-1.401968,0.804612,-0.460973,0.868124,-0.121753,-0.121135,-0.019809,-0.465228,0.140346,0.001861,0.571106,-0.200745,-1.051300,0.071661,1.143438,-1.884819,1.879058,3.743736,-0.630514,0.507967,0.028951,-0.555892,0.022135,-0.019936,0.000277,0.000453
20.219103,1.227984,0.858952,-1.406897,0.807167,-0.465211,0.867995,-0.119803,-0.111495,-0.039034,-0.454151,0.152374,-0.001384,0.571815,-0.200529,-1.050793,0.071692,1.142877,-1.884797,1.879035,3.743734,-0.630513,0.508733,0.028804,-0.556530,0.022095,-0.021290,-0.000637,0.000645
20.219965,1.229303,0.861194,-1.402496,0.809323,-0.467704,0.867574,-0.119885,-0.103048,-0.057545,-0.444409,0.164277,-0.004527,0.572564,-0.200321,-1.050272,0.071727,1.142315,-1.884769,1.879012,3.743733,-0.630516,0.512109,0.030428,-0.557289,0.023257,-0.020776,-0.000659,-0.001041
20.220970,1.226498,0.862872,-1.402299,0.813378,-0.471988,0.867328,-0.118657,-0.095236,-0.075350,-0.435551,0.175285,-0.007432,0.573339,-0.200126,-1.049758,0.071760,1.141753,-1.884744,1.878993,3.743733,-0.630510,0.511373,0.030773,-0.560348,0.023804,-0.021109,-0.000356,0.000824
20.222033,1.234110,0.864692,-1.400482,0.814030,-0.476683,0.866768,-0.118408,-0.084502,-0.094545,-0.424081,0.185396,-0.010087,0.574022,-0.199928,-1.049245,0.071794,1.141185,-1.884723,1.878973,3.743733,-0.630512,0.513789,0.031706,-0.562436,0.023093,-0.020116,-0.000257,0.000317
20.223027,1.240148,0.865163,-1.403053,0.818112,-0.480771,0.866721,-0.117419,-0.066761,-0.117439,-0.406015,0.194573,-0.012515,0.574483,-0.199708,-1.048737,0.071827,1.140619,-1.884691,1.878955,3.743733,-0.630507,0.511410,0.032709,-0.565909,0.025784,-0.018952,0.000151,0.001902
20.224005,1.237238,0.869874,-1.400754,0.820449,-0.486112,0.866521,-0.116055,-0.037009,-0.146783,-0.376561,0.202316,-0.014708,0.574585,-0.199454,-1.048225,0.071863,1.140047,-1.884669,1.878938,3.743733,-0.630509,0.509327,0.034198,-0.566467,0.024966,-0.018169,0.000048,0.001859
20.225040,1.235996,0.874293,-1.395325,0.822361,-0.488212,0.865984,-0.115672,0.005056,-0.182651,-0.335477,0.208884,-0.016792,0.574317,-0.199180,-1.047712,0.071894,1.139465,-1.884642,1.878925,3.743733,-0.630510,0.511616,0.033572,-0.569249,0.025753,-0.016110,0.000103,0.001044
20.225974,1.237536,0.875396,-1.398084,0.826680,-0.490711,0.865365,-0.113922,0.054984,-0.221039,-0.287188,0.213805,-0.018819,0.573710,-0.198905,-1.047194,0.071926,1.138890,-1.884613,1.878908,3.743735,-0.630507,0.513381,0.033216,-0.574170,0.027119,-0.017484,0.000483,0.002312
20.226932,1.233142,0.882021,-1.395147,0.827534,-0.491886,0.864754,-0.112802,0.109742,-0.259207,-0.234659,0.216638,-0.020832,0.572781,-0.198631,-1.046686,0.071965,1.138310,-1.884591,1.878886,3.743737,-0.630510,0.513144,0.034239,-0.573990,0.025845,-0.018021,0.000958,0.000622
20.227994,1.237110,0.882408,-1.388394,0.830846,-0.495363,0.864075,-0.111620,0.165533,-0.294829,-0.181504,0.217588,-0.022916,0.571604,-0.198365,-1.046162,0.071996,1.137723,-1.884560,1.878862,3.743741,-0.630511,0.515897,0.032611,-0.576850,0.027946,-0.019962,0.001400,0.000274
20.228931,1.241900,0.884411,-1.385933,0.834396,-0.497526,0.865208,-0.110462,0.221736,-0.326949,-0.128302,0.216104,-0.025003,0.570137,-0.198095,-1.045645,0.072033,1.137135,-1.884531,1.878841,3.743742,-0.630512,0.515231,0.034307,-0.582543,0.028015,-0.019966,0.001920,-0.000003
20.229948,1.246150,0.888100,-1.385131,0.838479,-0.500400,0.865237,-0.109831,0.284328,-0.360356,-0.069095,0.213077,-0.027177,0.568291,-0.197786,-1.045139,0.072068,1.136541,-1.884505,1.878816,3.743737,-0.630512,0.513413,0.034908,-0.584842,0.027418,-0.020837,0.000664,-0.000490
20.231050,1.249039,0.890124,-1.380718,0.841451,-0.503567,0.865199,-0.108474,0.356689,-0.398813,-0.000406,0.210306,-0.029608,0.566096,-0.197421,-1.044628,0.072102,1.135953,-1.884480,1.878792,3.743738,-0.630512,0.512398,0.034847,-0.587118,0.026642,-0.021267,0.000494,0.000250
20.232017,1.248720,0.890755,-1.378733,0.843540,-0.505853,0.863782,-0.108223,0.438016,-0.442209,0.077046,0.208435,-0.032287,0.563612,-0.196994,-1.044118,0.072141,1.135350,-1.884451,1.878767,3.743738,-0.630510,0.512687,0.035768,-0.591789,0.027227,-0.021702,0.000370,-0.000328
20.232949,1.238472,0.897522,-1.378235,0.846259,-0.508670,0.864149,-0.106402,0.526899,-0.489903,0.161852,0.207289,-0.035110,0.560909,-0.196495,-1.043598,0.072180,1.134747,-1.884420,1.878744,3.743744,-0.630507,0.513503,0.037080,-0.594018,0.028119,-0.022569,0.001627,0.001070
20.234056,1.240595,0.897993,-1.377750,0.847731,-0.512680,0.864264,-0.105870,0.615852,-0.536969,0.246672,0.206188,-0.037908,0.558152,-0.195948,-1.043068,0.072213,1.134153,-1.884389,1.878720,3.743745,-0.630509,0.518939,0.035300,-0.595314,0.028228,-0.022755,0.001101,-0.000774
20.234972,1.239901,0.904829,-1.383837,0.850434,-0.513781,0.864326,-0.105176,0.695597,-0.576949,0.322448,0.204246,-0.040501,0.555527,-0.195413,-1.042549,0.072252,1.133547,-1.884355,1.878696,3.743744,-0.630505,0.519474,0.037023,-0.598017,0.030203,-0.022368,0.000835,0.000344
20.235952,1.240759,0.909430,-1.376316,0.851869,-0.517563,0.863617,-0.103399,0.762815,-0.607329,0.385982,0.200636,-0.042730,0.553100,-0.194933,-1.042025,0.072282,1.132958,-1.884325,1.878669,3.743744,-0.630503,0.520045,0.035196,-0.595907,0.030280,-0.024218,0.000640,0.000734
20.237025,1.245402,0.907738,-1.381841,0.853988,-0.520139,0.864671,-0.103324,0.817854,-0.627224,0.437623,0.194536,-0.044437,0.550762,-0.194522,-1.041509,0.072315,1.132346,-1.884289,1.878647,3.743745,-0.630508,0.520405,0.034634,-0.601013,0.031758,-0.023614,0.001209,-0.000900
20.237975,1.249888,0.911465,-1.382507,0.857954,-0.525576,0.864913,-0.101792,0.909591,-0.650257,0.523114,0.176741,-0.046499,0.546132,-0.193826,-1.040468,0.072396,1.131141,-1.884221,1.878603,3.743741,-0.630507,0.517716,0.037043,-0.601188,0.031791,-0.022209,-0.000370,-0.000157
20.239014,1.250395,0.915176,-1.383399,0.859328,-0.529838,0.864465,-0.100764,0.909591,-0.650257,0.523114,0.176741,-0.046499,0.546132,-0.193826,-1.040468,0.072396,1.131141,-1.884221,1.878603,3.743741,-0.630507,0.517716,0.037043,-0.601188,0.031791,-0.022209,-0.000370,-0.000157
20.239994,1.245926,0.913828,-1.381082,0.860051,-0.531486,0.863762,-0.099938,0.951831,-0.660658,0.562490,0.168095,-0.047387,0.543943,-0.193495,-1.039951,0.072432,1.130534,-1.884181,1.878582,3.743740,-0.630508,0.518672,0.037001,-0.602587,0.033491,-0.021380,-0.000061,-0.000164
20.241038,1.241378,0.919761,-1.389116,0.861088,-0.535950,0.863370,-0.099491,0.990809,-0.670043,0.598640,0.159547,-0.048303,0.541865,-0.193161,-1.039422,0.072476,1.129918,-1.884141,1.878556,3.743741,-0.630507,0.521549,0.039304,-0.604965,0.035558,-0.022919,0.000498,0.000100
20.242004,1.245582,0.922175,-1.392169,0.862985,-0.538830,0.863309,-0.098528,1.021570,-0.675334,0.626623,0.149984,-0.049176,0.540059,-0.192825,-1.038889,0.072513,1.129323,-1.884098,1.878536,3.743742,-0.630504,0.524868,0.038117,-0.602947,0.037516,-0.021871,0.000730,0.001247
20.242999,1.245737,0.930374,-1.396003,0.866615,-0.540641,0.863620,-0.097581,1.038590,-0.672411,0.641093,0.138538,-0.049980,0.538607,-0.192509,-1.038372,0.072553,1.128716,-1.884058,1.878511,3.743741,-0.630504,0.523377,0.038542,-0.602629,0.038346,-0.022132,0.000651,0.001198
20.243982,1.239887,0.932883,-1.391802,0.868164,-0.544094,0.862991,-0.096944,1.041882,-0.660481,0.642151,0.125303,-0.050800,0.537405,-0.192237,-1.037846,0.072583,1.128118,-1.884021,1.878484,3.743740,-0.630501,0.524091,0.036204,-0.602290,0.037628,-0.023534,0.000200,0.001245
20.245017,1.246148,0.936897,-1.396960,0.871771,-0.547488,0.863613,-0.094724,1.033418,-0.640438,0.631747,0.110979,-0.051752,0.536341,-0.192017,-1.037317,0.072623,1.127506,-1.883979,1.878462,3.743741,-0.630500,0.527688,0.036631,-0.605709,0.038880,-0.023277,0.000691,0.001893
20.246023,1.247989,0.938593,-1.402870,0.873693,-0.551457,0.864407,-0.094665,0.993814,-0.587180,0.588990,0.082891,-0.054554,0.534587,-0.191760,-1.036264,0.072699,1.126298,-1.883902,1.878407,3.743737,-0.630499,0.525484,0.037292,-0.603568,0.039331,-0.022487,-0.001017,0.001339
20.246976,1.244154,0.941692,-1.401405,0.874391,-0.551487,0.863902,-0.093948,0.993814,-0.587180,0.588990,0.082891,-0.054554,0.534587,-0.191760,-1.036264,0.072699,1.126298,-1.883902,1.878407,3.743737,-0.630499,0.525484,0.037292,-0.603568,0.039331,-0.022487,-0.001017,0.001339
20.248008,1.240462,0.944236,-1.405112,0.877144,-0.554531,0.862463,-0.092198,0.967493,-0.558857,0.561480,0.070218,-0.056456,0.534001,-0.191710,-1.035735,0.072738,1.125688,-1.883855,1.878374,3.743737,-0.630498,0.527865,0.037341,-0.605377,0.041188,-0.025493,-0.000638,0.001750
20.248960,1.233787,0.948046,-1.411993,0.879253,-0.557673,0.861784,-0.091575,0.936249,-0.529017,0.529252,0.057880,-0.058439,0.533689,-0.191711,-1.035198,0.072776,1.125088,-1.883813,1.878345,3.743739,-0.630500,0.530608,0.037853,-0.605372,0.041364,-0.025736,0.000651,0.000263
20.250046,1.235253,0.953659,-1.416495,0.881727,-0.559628,0.861951,-0.090483,0.895861,-0.495315,0.488224,0.046275,-0.060419,0.533742,-0.191776,-1.034663,0.072813,1.124489,-1.883770,1.878318,3.743740,-0.630496,0.534306,0.037553,-0.603087,0.041886,-0.025648,0.001180,0.000886
20.251069,1.235582,0.958764,-1.424363,0.884702,-0.564717,0.861901,-0.089929,0.842352,-0.455091,0.434641,0.035599,-0.062316,0.534205,-0.191899,-1.034124,0.072847,1.123883,-1.883725,1.878287,3.743738,-0.630498,0.534804,0.036687,-0.603124,0.042502,-0.027189,0.000856,0.000828
20.252004,1.230454,0.963598,-1.425781,0.887227,-0.567451,0.861513,-0.089135,0.776970,-0.408112,0.369783,0.025521,-0.064006,0.534957,-0.192050,-1.033581,0.072881,1.123290,-1.883683,1.878264,3.743741,-0.630496,0.535402,0.035949,-0.601048,0.042461,-0.025411,0.000740,0.001722
20.252965,1.229392,0.964858,-1.429636,0.887921,-0.570219,0.861101,-0.088519,0.701878,-0.355262,0.295792,0.016290,-0.065500,0.535897,-0.192199,-1.033042,0.072915,1.122687,-1.883641,1.878236,3.743741,-0.630496,0.538176,0.035157,-0.601340,0.042501,-0.025683,0.000998,0.001956
20.254108,1.233465,0.965822,-1.436269,0.891271,-0.574474,0.861954,-0.087023,0.619171,-0.297953,0.214710,0.007996,-0.066831,0.536991,-0.192334,-1.032498,0.072955,1.122092,-1.883594,1.878209,3.743743,-0.630494,0.538993,0.036138,-0.600702,0.044388,-0.026000,0.001260,0.002604
20.255033,1.228896,0.970426,-1.433389,0.894504,-0.577984,0.861591,-0.084709,0.533948,-0.240365,0.131495,0.000798,-0.068067,0.538232,-0.192456,-1.031955,0.072995,1.121492,-1.883550,1.878183,3.743739,-0.630495,0.538562,0.037665,-0.600233,0.044377,-0.025475,0.000253,0.001838
20.255994,1.228237,0.971394,-1.438489,0.895907,-0.580938,0.861825,-0.084496,0.451574,-0.187087,0.051404,-0.004210,-0.069415,0.539593,-0.192575,-1.031414,0.073030,1.120887,-1.883507,1.878159,3.743738,-0.630501,0.540957,0.036920,-0.602558,0.043655,-0.024947,0.000499,-0.000976
20.257106,1.229652,0.975198,-1.444808,0.899022,-0.583668,0.862265,-0.083023,0.374060,-0.139407,-0.023620,-0.006448,-0.071004,0.541028,-0.192698,-1.030868,0.073071,1.120290,-1.883460,1.878129,3.743738,-0.630495,0.541559,0.038050,-0.601260,0.044821,-0.025055,0.000120,0.000496
20.257999,1.230074,0.975174,-1.442205,0.901463,-0.586698,0.861596,-0.083093,0.300927,-0.096524,-0.094108,-0.006418,-0.072809,0.542556,-0.192820,-1.030327,0.073110,1.119691,-1.883414,1.878101,3.743737,-0.630495,0.542267,0.038075,-0.600678,0.044859,-0.025941,-0.000478,-0.000294
20.259016,1.229609,0.977973,-1.447070,0.902032,-0.590195,0.860979,-0.081777,0.233824,-0.059353,-0.158447,-0.004242,-0.074856,0.544159,-0.192938,-1.029782,0.073152,1.119082,-1.883371,1.878078,3.743738,-0.630488,0.541864,0.039539,-0.602546,0.044822,-0.025794,0.000063,0.001593
20.259946,1.227777,0.984184,-1.449744,0.904023,-0.590593,0.860610,-0.080117,0.175865,-0.029455,-0.213619,-0.000211,-0.077173,0.545730,-0.193060,-1.029234,0.073191,1.118485,-1.883320,1.878055,3.743738,-0.630491,0.542763,0.039858,-0.601867,0.046956,-0.025617,0.000532,0.000937
20.261120,1.229089,0.984284,-1.458886,0.908473,-0.594096,0.860898,-0.079312,0.125591,-0.003882,-0.261211,0.003945,-0.079574,0.547177,-0.193216,-1.028690,0.073227,1.117885,-1.883272,1.878023,3.743740,-0.630494,0.543779,0.038319,-0.601498,0.047374,-0.028175,0.000754,-0.000557
20.261960,1.223982,0.986505,-1.462071,0.910735,-0.595460,0.860503,-0.078365,0.079027,0.020868,-0.305136,0.007760,-0.081984,0.548524,-0.193420,-1.028140,0.073271,1.117291,-1.883228,1.877993,3.743740,-0.630491,0.544860,0.040326,-0.600090,0.046362,-0.028448,0.000288,0.000136
20.263121,1.228910,0.989023,-1.468619,0.915047,-0.596603,0.859997,-0.077092,0.033317,0.044773,-0.348013,0.013027,-0.084602,0.549951,-0.193656,-1.027594,0.073311,1.116693,-1.883180,1.877962,3.743741,-0.630490,0.546855,0.040535,-0.598706,0.046195,-0.029710,0.000563,-0.000126
20.264000,1.219811,0.989085,-1.463050,0.918252,-0.598241,0.859376,-0.075881,-0.012225,0.067171,-0.390479,0.020842,-0.087499,0.551522,-0.193905,-1.027046,0.073355,1.116091,-1.883136,1.877928,3.743741,-0.630492,0.546048,0.041267,-0.598412,0.045276,-0.032295,0.000897,-0.000393
20.264960,1.218160,0.990096,-1.463880,0.919799,-0.601829,0.859847,-0.075100,-0.054852,0.086055,-0.429899,0.031749,-0.090631,0.553149,-0.194137,-1.026484,0.073401,1.115485,-1.883093,1.877892,3.743744,-0.630496,0.550151,0.042599,-0.601685,0.044405,-0.033355,0.001377,-0.001081
20.266069,1.228008,0.992003,-1.462832,0.921505,-0.604037,0.860974,-0.074645,-0.091899,0.099275,-0.463633,0.046003,-0.093940,0.554795,-0.194315,-1.025936,0.073447,1.114878,-1.883044,1.877862,3.743742,-0.630494,0.551200,0.043619,-0.602401,0.045393,-0.032806,0.000768,-0.000762
20.267166,1.224645,0.992763,-1.471886,0.924704,-0.608405,0.860406,-0.073097,-0.118608,0.104877,-0.487047,0.062098,-0.097173,0.556327,-0.194398,-1.025393,0.073495,1.114275,-1.882995,1.877825,3.743740,-0.630491,0.547599,0.044490,-0.605456,0.046766,-0.034118,-0.000518,0.000496
20.268086,1.223803,0.994447,-1.473119,0.928263,-0.609606,0.861037,-0.072310,-0.131511,0.101778,-0.496801,0.078497,-0.100114,0.557629,-0.194373,-1.024842,0.073544,1.113673,-1.882948,1.877795,3.743742,-0.630493,0.550543,0.045912,-0.603288,0.046645,-0.033257,-0.000100,-0.000466
20.269006,1.222654,0.990483,-1.470441,0.931043,-0.613920,0.860579,-0.071740,-0.136000,0.092690,-0.498147,0.095563,-0.102828,0.558848,-0.194262,-1.024289,0.073593,1.113064,-1.882903,1.877756,3.743740,-0.630492,0.550844,0.046465,-0.603463,0.045534,-0.034908,-0.000867,-0.000232
20.270057,1.217372,0.993844,-1.468518,0.933796,-0.616689,0.859797,-0.070803,-0.135200,0.077959,-0.494159,0.114663,-0.105552,0.560121,-0.194074,-1.023730,0.073647,1.112458,-1.882858,1.877725,3.743741,-0.630490,0.551262,0.049820,-0.605641,0.045223,-0.033467,-0.000541,0.000424
20.271034,1.215350,0.991283,-1.463524,0.933786,-0.619829,0.859310,-0.069789,-0.127419,0.055641,-0.483341,0.136363,-0.108447,0.561435,-0.193819,-1.023172,0.073695,1.111842,-1.882812,1.877689,3.743739,-0.630488,0.554719,0.049807,-0.608447,0.045414,-0.034026,0.000105,0.000593
20.271997,1.217597,0.992041,-1.460682,0.937774,-0.623293,0.860292,-0.068285,-0.112555,0.026731,-0.465836,0.159163,-0.111400,0.562723,-0.193524,-1.022614,0.073752,1.111229,-1.882761,1.877657,3.743740,-0.630488,0.555961,0.052557,-0.612180,0.047956,-0.033975,0.000441,0.000477
20.273070,1.219887,0.991006,-1.455985,0.939490,-0.626584,0.860780,-0.067951,-0.088481,-0.009136,-0.439690,0.181629,-0.114314,0.563908,-0.193209,-1.022058,0.073807,1.110603,-1.882717,1.877622,3.743736,-0.630491,0.554993,0.053588,-0.614540,0.046574,-0.033513,-0.000672,-0.000645
20.274010,1.220265,0.990369,-1.450999,0.941701,-0.630782,0.860756,-0.067541,-0.051558,-0.054324,-0.401293,0.203847,-0.117314,0.564934,-0.192864,-1.021507,0.073867,1.109970,-1.882664,1.877588,3.743735,-0.630487,0.554883,0.055724,-0.618734,0.047752,-0.033641,-0.001302,0.000798
20.274987,1.223776,0.993029,-1.452704,0.945003,-0.632684,0.858446,-0.065884,0.000278,-0.109951,-0.348560,0.225675,-0.120509,0.565769,-0.192466,-1.020953,0.073926,1.109347,-1.882617,1.877558,3.743734,-0.630485,0.554722,0.057358,-0.622003,0.048018,-0.032407,-0.001408,0.001802
20.276097,1.221813,0.996099,-1.457182,0.947295,-0.634443,0.858481,-0.065957,0.065317,-0.174089,-0.283157,0.246652,-0.123946,0.566364,-0.192019,-1.020406,0.073982,1.108720,-1.882571,1.877521,3.743741,-0.630488,0.553340,0.057463,-0.622176,0.047347,-0.033571,0.000740,0.000389
20.277061,1.226309,0.998126,-1.451203,0.949827,-0.635714,0.857444,-0.063741,0.136126,-0.240442,-0.212437,0.265983,-0.127561,0.566715,-0.191556,-1.019843,0.074042,1.108091,-1.882520,1.877483,3.743742,-0.630481,0.555501,0.057613,-0.622133,0.048102,-0.035316,0.000520,0.002715
20.277967,1.224071,0.996012,-1.446627,0.952730,-0.638448,0.858456,-0.063146,0.207149,-0.303878,-0.141973,0.282537,-0.131167,0.566808,-0.191112,-1.019289,0.074099,1.107461,-1.882470,1.877447,3.743745,-0.630485,0.553420,0.058003,-0.626076,0.048071,-0.037058,0.001408,0.000140
20.278996,1.225527,0.996533,-1.438794,0.955176,-0.641959,0.858356,-0.062070,0.280367,-0.365757,-0.069872,0.296603,-0.134730,0.566582,-0.190709,-1.018737,0.074164,1.106822,-1.882422,1.877410,3.743741,-0.630481,0.554402,0.060268,-0.628646,0.047494,-0.037100,0.000267,0.000740
20.279958,1.230557,0.998662,-1.438704,0.958599,-0.645748,0.856823,-0.061235,0.359138,-0.429827,0.007248,0.309615,-0.138355,0.566078,-0.190347,-1.018181,0.074228,1.106186,-1.882374,1.877375,3.743743,-0.630481,0.554304,0.061458,-0.633994,0.047846,-0.036823,0.000219,0.000592
20.280966,1.233100,1.000290,-1.435993,0.960979,-0.648246,0.856294,-0.060225,0.444914,-0.497367,0.090929,0.322195,-0.142032,0.565277,-0.190013,-1.017639,0.074291,1.105543,-1.882328,1.877339,3.743743,-0.630481,0.552111,0.061717,-0.634730,0.047009,-0.036030,0.001627,0.000811
20.282018,1.230649,1.003976,-1.440068,0.960652,-0.649110,0.855682,-0.058517,0.536788,-0.566785,0.180367,0.334110,-0.145639,0.564091,-0.189694,-1.017088,0.074357,1.104897,-1.882279,1.877299,3.743746,-0.630484,0.551406,0.062296,-0.637205,0.047347,-0.036664,0.001980,0.000769
20.283093,1.226009,1.002862,-1.444418,0.963462,-0.651857,0.855154,-0.057851,0.629415,-0.632972,0.270311,0.343662,-0.148853,0.562566,-0.189390,-1.016525,0.074418,1.104266,-1.882222,1.877255,3.743750,-0.630485,0.553394,0.061992,-0.636804,0.050378,-0.039054,0.002415,-0.000592
20.283985,1.225484,1.007468,-1.440498,0.964002,-0.655138,0.856336,-0.057070,0.713392,-0.689239,0.351535,0.349142,-0.151362,0.560959,-0.189111,-1.015967,0.074487,1.103627,-1.882171,1.877214,3.743752,-0.630483,0.556677,0.064080,-0.636405,0.050444,-0.039639,0.002776,0.000191
20.285021,1.231991,1.004903,-1.450103,0.964871,-0.659383,0.858205,-0.055406,0.782928,-0.732706,0.418447,0.350734,-0.153174,0.559481,-0.188849,-1.015407,0.074550,1.102991,-1.882118,1.877179,3.743750,-0.630483,0.556536,0.062921,-0.638592,0.052060,-0.039104,0.001456,0.000369
20.286111,1.231652,1.009598,-1.448817,0.968976,-0.661319,0.858224,-0.055426,0.839670,-0.764838,0.472715,0.348700,-0.154373,0.558142,-0.188586,-1.014863,0.074619,1.102356,-1.882061,1.877141,3.743745,-0.630487,0.554099,0.065658,-0.635223,0.053813,-0.038094,-0.000537,-0.000933
20.287023,1.225677,1.009300,-1.442914,0.971683,-0.664496,0.857842,-0.054567,0.886542,-0.788472,0.517196,0.343865,-0.155141,0.556966,-0.188301,-1.014303,0.074682,1.101708,-1.882011,1.877099,3.743747,-0.630480,0.555336,0.064880,-0.637728,0.052668,-0.039579,-0.000714,0.001253
20.288009,1.228668,1.009198,-1.446558,0.974262,-0.668029,0.856931,-0.053959,0.925413,-0.806157,0.553726,0.338283,-0.155801,0.555949,-0.187975,-1.013738,0.074751,1.101054,-1.881961,1.877060,3.743748,-0.630480,0.558042,0.066198,-0.640843,0.052263,-0.039176,-0.000464,0.001295
20.289081,1.232346,1.011620,-1.450581,0.974256,-0.670494,0.856655,-0.052984,0.958055,-0.820412,0.584147,0.333805,-0.156656,0.555057,-0.187616,-1.013187,0.074822,1.100421,-1.881907,1.877021,3.743748,-0.630480,0.556925,0.067540,-0.640044,0.052192,-0.038688,0.000308,0.002017
20.290070,1.226966,1.015838,-1.457209,0.976871,-0.673195,0.856867,-0.052159,0.985779,-0.832251,0.609787,0.330151,-0.157760,0.554238,-0.187246,-1.012631,0.074892,1.099782,-1.881846,1.876978,3.743748,-0.630478,0.556033,0.067805,-0.639794,0.054884,-0.039555,0.000425,0.002152
20.290983,1.219571,1.019571,-1.462482,0.976175,-0.677062,0.857263,-0.051286,1.005703,-0.838245,0.627694,0.325354,-0.158917,0.553471,-0.186891,-1.012064,0.074956,1.099150,-1.881791,1.876939,3.743749,-0.630478,0.558991,0.067058,-0.637554,0.054706,-0.039912,0.000060,0.002436
20.292083,1.219786,1.021895,-1.463050,0.977407,-0.680796,0.857163,-0.048913,1.009139,-0.831695,0.629237,0.318024,-0.159974,0.552906,-0.186601,-1.011499,0.075022,1.098517,-1.881727,1.876901,3.743748,-0.630475,0.562416,0.066377,-0.635351,0.057400,-0.038840,-0.000466,0.002464
20.293001,1.211254,1.026165,-1.465489,0.978939,-0.681975,0.857959,-0.048828,0.992167,-0.809570,0.610492,0.307259,-0.160824,0.552620,-0.186422,-1.010931,0.075089,1.097881,-1.881664,1.876865,3.743748,-0.630480,0.563285,0.066811,-0.637135,0.058882,-0.038592,-0.000521,-0.000138
20.294012,1.216635,1.026136,-1.469530,0.981177,-0.686686,0.857877,-0.046783,0.957795,-0.773941,0.574395,0.293062,-0.161454,0.552551,-0.186352,-1.010363,0.075155,1.097245,-1.881604,1.876817,3.743745,-0.630474,0.567299,0.065864,-0.636326,0.059412,-0.040162,-0.001444,0.001510
20.295002,1.213806,1.029556,-1.475693,0.983624,-0.688546,0.857855,-0.046545,0.909580,-0.728417,0.524586,0.276852,-0.162011,0.552681,-0.186355,-1.009801,0.075225,1.096608,-1.881543,1.876784,3.743745,-0.630479,0.565001,0.067251,-0.635536,0.059590,-0.038617,-0.001497,-0.000622
20.296004,1.212500,1.035727,-1.479976,0.984576,-0.691633,0.857688,-0.045686,0.851861,-0.677552,0.465512,0.260487,-0.162710,0.552998,-0.186401,-1.009226,0.075291,1.095981,-1.881483,1.876741,3.743745,-0.630473,0.566591,0.066879,-0.633617,0.059512,-0.039816,-0.001619,0.000852
20.297120,1.209210,1.035396,-1.482046,0.984963,-0.694086,0.857712,-0.044337,0.785799,-0.621975,0.398327,0.244276,-0.163552,0.553452,-0.186473,-1.008663,0.075352,1.095348,-1.881418,1.876701,3.743745,-0.630472,0.567614,0.065216,-0.632694,0.060862,-0.039817,-0.001596,0.001082
20.298038,1.202960,1.037975,-1.487651,0.985062,-0.699024,0.856480,-0.043686,0.630893,-0.494843,0.241411,0.208498,-0.165026,0.554671,-0.186692,-1.007508,0.075491,1.094092,-1.881279,1.876624,3.743745,-0.630471,0.572883,0.066806,-0.631481,0.064888,-0.038645,-0.000665,0.000892
20.299019,1.199565,1.039531,-1.492578,0.985650,-0.699385,0.856716,-0.042107,0.630893,-0.494843,0.241411,0.208498,-0.165026,0.554671,-0.186692,-1.007508,0.075491,1.094092,-1.881279,1.876624,3.743745,-0.630471,0.572883,0.066806,-0.631481,0.064888,-0.038645,-0.000665,0.000892
20.300097,1.204362,1.042050,-1.500051,0.989133,-0.702105,0.856710,-0.043118,0.542109,-0.424169,0.151809,0.188468,-0.165623,0.555563,-0.186844,-1.006928,0.075560,1.093462,-1.881208,1.876576,3.743745,-0.630475,0.574272,0.067248,-0.629695,0.066394,-0.041046,-0.001038,-0.000773
20.301067,1.202667,1.046783,-1.498435,0.990765,-0.703656,0.855605,-0.041095,0.446809,-0.349896,0.055988,0.167693,-0.166226,0.556656,-0.187011,-1.006353,0.075627,1.092845,-1.881146,1.876535,3.743745,-0.630464,0.572252,0.067404,-0.627580,0.065575,-0.041415,-0.001164,0.002903
20.301996,1.199427,1.046560,-1.497948,0.990726,-0.705429,0.856561,-0.040649,0.351066,-0.275714,-0.040070,0.147364,-0.166975,0.557762,-0.187172,-1.005782,0.075691,1.092212,-1.881078,1.876489,3.743748,-0.630469,0.572861,0.066266,-0.628960,0.066098,-0.042571,-0.000188,0.000294
20.302996,1.195234,1.046185,-1.502795,0.992925,-0.707468,0.856656,-0.040002,0.260473,-0.204161,-0.131024,0.127600,-0.167850,0.558679,-0.187328,-1.005203,0.075761,1.091592,-1.881007,1.876441,3.743746,-0.630467,0.573842,0.067475,-0.629546,0.068061,-0.043344,-0.001271,0.000843
20.304023,1.193134,1.049871,-1.506680,0.993168,-0.708654,0.856133,-0.038711,0.176665,-0.136858,-0.215293,0.108687,-0.168834,0.559485,-0.187478,-1.004618,0.075834,1.090965,-1.880938,1.876394,3.743748,-0.630465,0.575720,0.068858,-0.627954,0.068077,-0.044091,-0.001492,0.001064
20.305019,1.184178,1.051969,-1.503726,0.995493,-0.710293,0.854699,-0.038544,0.097512,-0.073303,-0.294909,0.091131,-0.169914,0.560346,-0.187626,-1.004041,0.075902,1.090335,-1.880863,1.876346,3.743750,-0.630467,0.576812,0.068307,-0.627072,0.070036,-0.045780,-0.001106,0.000045
20.306081,1.183088,1.055876,-1.510640,0.996056,-0.713359,0.854317,-0.036601,0.021082,-0.011323,-0.371767,0.074573,-0.170948,0.561247,-0.187782,-1.003448,0.075971,1.089710,-1.880793,1.876300,3.743753,-0.630462,0.580956,0.068493,-0.629426,0.069863,-0.046924,0.000197,0.001231
20.306959,1.178586,1.055437,-1.509387,0.998635,-0.715863,0.853732,-0.037317,-0.053569,0.050667,-0.446717,0.058772,-0.171822,0.562103,-0.187951,-1.002868,0.076040,1.089084,-1.880718,1.876251,3.743752,-0.630469,0.581728,0.067902,-0.627313,0.071660,-0.046813,0.000444,-0.001042
20.307931,1.181330,1.053133,-1.505764,0.999988,-0.719748,0.853831,-0.035947,-0.126481,0.112558,-0.519660,0.044173,-0.172548,0.562874,-0.188114,-1.002283,0.076113,1.088451,-1.880649,1.876202,3.743754,-0.630462,0.582910,0.069082,-0.627722,0.070799,-0.046677,0.000909,0.001753
20.308976,1.182482,1.054088,-1.505623,1.000630,-0.720567,0.852913,-0.035874,-0.191957,0.168955,-0.584872,0.032442,-0.173326,0.563509,-0.188220,-1.001697,0.076189,1.087820,-1.880576,1.876159,3.743754,-0.630464,0.581077,0.071341,-0.630131,0.071475,-0.045525,0.000682,0.000460
20.310019,1.176553,1.054484,-1.504385,1.003955,-0.723277,0.853017,-0.033619,-0.241141,0.213143,-0.633696,0.024310,-0.174249,0.563882,-0.188238,-1.001122,0.076262,1.087184,-1.880500,1.876104,3.743756,-0.630457,0.580706,0.072141,-0.631319,0.073096,-0.047597,0.001469,0.001910
20.311075,1.176992,1.053084,-1.511458,1.008780,-0.726181,0.853233,-0.033279,-0.272170,0.244225,-0.664391,0.019235,-0.175243,0.563949,-0.188182,-1.000532,0.076337,1.086558,-1.880431,1.876057,3.743756,-0.630464,0.583715,0.073204,-0.633177,0.072127,-0.047794,0.001224,-0.001024
20.312092,1.168704,1.056388,-1.505839,1.008858,-0.726560,0.854023,-0.033063,-0.290333,0.263939,-0.682010,0.018693,-0.176516,0.563913,-0.188075,-0.999951,0.076416,1.085926,-1.880366,1.876005,3.743755,-0.630461,0.583658,0.075147,-0.630860,0.069834,-0.047813,0.000879,-0.000069
20.313056,1.164877,1.055523,-1.501888,1.009770,-0.728534,0.854550,-0.031506,-0.301111,0.274767,-0.691862,0.023420,-0.178183,0.563964,-0.187921,-0.999354,0.076490,1.085282,-1.880291,1.875951,3.743753,-0.630458,0.587584,0.074687,-0.634542,0.071944,-0.050237,-0.000033,0.001041
20.314068,1.168169,1.055641,-1.501673,1.011681,-0.731461,0.854392,-0.031491,-0.306246,0.279921,-0.695814,0.030831,-0.179904,0.564077,-0.187724,-0.998760,0.076568,1.084644,-1.880216,1.875900,3.743752,-0.630461,0.588881,0.076192,-0.636927,0.072982,-0.050869,-0.000668,-0.000618
20.315029,1.173791,1.057165,-1.494505,1.015101,-0.734397,0.853835,-0.030845,-0.303397,0.279274,-0.691649,0.038997,-0.181466,0.564150,-0.187483,-0.998182,0.076646,1.084002,-1.880144,1.875847,3.743752,-0.630457,0.587141,0.077285,-0.637790,0.073248,-0.050702,-0.000630,0.000909
20.315967,1.169925,1.051784,-1.494523,1.015109,-0.735078,0.853815,-0.029520,-0.286809,0.269270,-0.673790,0.048113,-0.183001,0.563981,-0.187183,-0.997601,0.076723,1.083359,-1.880075,1.875795,3.743753,-0.630457,0.583868,0.077578,-0.641745,0.071893,-0.050382,-0.000193,0.001070
20.317083,1.165318,1.052930,-1.489957,1.019803,-0.738434,0.853631,-0.028874,-0.252656,0.246993,-0.638647,0.058684,-0.184669,0.563466,-0.186833,-0.997018,0.076813,1.082710,-1.879997,1.875741,3.743752,-0.630457,0.585215,0.081171,-0.641768,0.073684,-0.052233,-0.000291,-0.000161
20.318100,1.164628,1.054201,-1.487821,1.021326,-0.743304,0.853996,-0.029065,-0.204872,0.213126,-0.590144,0.071350,-0.186608,0.562831,-0.186457,-0.996424,0.076898,1.082054,-1.879927,1.875691,3.743751,-0.630456,0.587980,0.081856,-0.645569,0.071621,-0.051998,-0.000240,0.000261
20.318992,1.160544,1.052526,-1.480461,1.021598,-0.745219,0.854008,-0.027909,-0.149349,0.170798,-0.534075,0.086506,-0.188931,0.562233,-0.186056,-0.995830,0.076981,1.081406,-1.879856,1.875641,3.743750,-0.630449,0.588075,0.082323,-0.647367,0.072363,-0.049919,-0.000732,0.002184
20.320008,1.162068,1.053329,-1.470411,1.023797,-0.745994,0.853913,-0.027747,-0.088351,0.122783,-0.472744,0.102975,-0.191554,0.561634,-0.185628,-0.995243,0.077069,1.080746,-1.879779,1.875586,3.743749,-0.630451,0.589139,0.083960,-0.650621,0.073724,-0.050390,-0.000842,0.001212
20.321069,1.166897,1.047951,-1.476342,1.025856,-0.749321,0.854399,-0.026060,-0.020077,0.069349,-0.404461,0.119123,-0.194276,0.560933,-0.185174,-0.994656,0.077155,1.080076,-1.879705,1.875528,3.743749,-0.630448,0.588205,0.084614,-0.656148,0.073682,-0.052363,-0.000874,0.002444
20.322092,1.175593,1.047134,-1.470908,1.027475,-0.750942,0.853218,-0.025943,0.058034,0.008612,-0.326617,0.134930,-0.197069,0.560114,-0.184685,-0.994071,0.077253,1.079426,-1.879632,1.875478,3.743747,-0.630451,0.585962,0.088362,-0.654199,0.073978,-0.051970,-0.001488,0.000671
20.323165,1.170982,1.046046,-1.462440,1.030669,-0.752163,0.852671,-0.025781,0.147208,-0.061348,-0.237942,0.151078,-0.200020,0.559245,-0.184161,-0.993498,0.077348,1.078759,-1.879556,1.875419,3.743751,-0.630445,0.581665,0.089723,-0.657546,0.074519,-0.053111,-0.000442,0.002006
20.324076,1.161911,1.043268,-1.458748,1.032657,-0.754290,0.852099,-0.023603,0.248860,-0.141048,-0.137223,0.167688,-0.203150,0.558261,-0.183597,-0.992906,0.077443,1.078089,-1.879485,1.875364,3.743750,-0.630440,0.584223,0.091342,-0.662752,0.073767,-0.054837,-0.000031,0.003300
20.324951,1.168654,1.039113,-1.449775,1.033396,-0.755028,0.852429,-0.023721,0.358026,-0.227324,-0.029366,0.185287,-0.206514,0.557258,-0.183023,-0.992319,0.077543,1.077418,-1.879411,1.875309,3.743752,-0.630448,0.587910,0.093420,-0.664147,0.073551,-0.055122,0.000417,0.000320
20.325980,1.168981,1.037336,-1.447383,1.034838,-0.758412,0.852869,-0.022497,0.469318,-0.317393,0.080493,0.204290,-0.210147,0.556401,-0.182471,-0.991740,0.077647,1.076738,-1.879334,1.875251,3.743752,-0.630442,0.583449,0.096069,-0.667826,0.074378,-0.056663,-0.000030,0.001913
20.326960,1.164095,1.039775,-1.441564,1.037530,-0.759956,0.850511,-0.022349,0.585116,-0.412013,0.194716,0.223977,-0.213946,0.555597,-0.181925,-0.991152,0.077750,1.076067,-1.879257,1.875196,3.743753,-0.630443,0.583251,0.097844,-0.669572,0.075076,-0.056061,-0.000608,0.001013
20.327981,1.161359,1.033462,-1.441365,1.038488,-0.763437,0.849957,-0.020874,0.703631,-0.508305,0.311502,0.243435,-0.217787,0.554738,-0.181382,-0.990568,0.077849,1.075386,-1.879184,1.875136,3.743758,-0.630438,0.585360,0.097440,-0.672538,0.074421,-0.057128,0.001631,0.002214
20.329116,1.166890,1.036004,-1.442892,1.039908,-0.766780,0.848671,-0.020261,0.817842,-0.601134,0.424029,0.262527,-0.221643,0.553875,-0.180859,-0.989980,0.077958,1.074715,-1.879105,1.875081,3.743756,-0.630439,0.586590,0.101439,-0.673116,0.075552,-0.056403,0.002047,0.000798
20.330005,1.157626,1.031646,-1.437522,1.039855,-0.768524,0.847743,-0.020503,0.924372,-0.688426,0.528996,0.281050,-0.225498,0.553069,-0.180368,-0.989402,0.078060,1.074038,-1.879025,1.875024,3.743760,-0.630437,0.584561,0.101251,-0.673748,0.076623,-0.056203,0.003176,0.001316
20.330989,1.149448,1.031421,-1.440484,1.042027,-0.770817,0.848960,-0.019330,1.021901,-0.768275,0.624949,0.297921,-0.229233,0.552275,-0.179898,-0.988803,0.078172,1.073353,-1.878945,1.874968,3.743763,-0.630432,0.588104,0.103959,-0.675675,0.078210,-0.056806,0.003971,0.003148
20.332020,1.146368,1.027984,-1.439036,1.044272,-0.774832,0.849306,-0.018558,1.105162,-0.837473,0.706705,0.312988,-0.232821,0.551632,-0.179463,-0.988202,0.078280,1.072683,-1.878867,1.874910,3.743760,-0.630432,0.591654,0.104790,-0.674364,0.077974,-0.057135,0.002628,0.002277
20.332964,1.142983,1.027147,-1.447695,1.043862,-0.776496,0.849657,-0.017497,1.168605,-0.894326,0.769016,0.327639,-0.236418,0.551389,-0.179099,-0.987611,0.078394,1.072002,-1.878789,1.874856,3.743761,-0.630431,0.593082,0.107290,-0.675583,0.077845,-0.055922,0.002158,0.002310
20.334062,1.138900,1.030309,-1.447272,1.044016,-0.779023,0.850336,-0.017328,1.210776,-0.938744,0.810587,0.342420,-0.240091,0.551623,-0.178807,-0.987013,0.078506,1.071342,-1.878705,1.874800,3.743762,-0.630434,0.593996,0.108297,-0.671197,0.079931,-0.056795,0.001684,0.001633
20.335065,1.134031,1.029419,-1.446175,1.044464,-0.782409,0.850926,-0.016548,1.230687,-0.968189,0.830345,0.355297,-0.243578,0.552253,-0.178567,-0.986407,0.078612,1.070664,-1.878619,1.874742,3.743760,-0.630428,0.596241,0.107696,-0.672530,0.081976,-0.057259,0.000873,0.002968
20.336109,1.133473,1.031686,-1.456459,1.046280,-0.785174,0.850159,-0.015984,1.229926,-0.981169,0.829662,0.364126,-0.246616,0.553094,-0.178348,-0.985812,0.078724,1.069983,-1.878533,1.874686,3.743758,-0.630429,0.598336,0.108894,-0.673304,0.083365,-0.056571,0.000173,0.002925
20.336977,1.128115,1.033531,-1.452811,1.045765,-0.788281,0.850244,-0.016134,1.210933,-0.979012,0.810884,0.368983,-0.249258,0.554041,-0.178130,-0.985208,0.078831,1.069328,-1.878449,1.874626,3.743763,-0.630423,0.598433,0.108627,-0.669003,0.083569,-0.056620,0.000795,0.003371
20.338081,1.118801,1.037022,-1.460404,1.044943,-0.791562,0.850988,-0.014677,1.174466,-0.962170,0.774715,0.370314,-0.251621,0.555003,-0.177912,-0.984609,0.078941,1.068655,-1.878359,1.874572,3.743763,-0.630415,0.599829,0.108179,-0.670088,0.085315,-0.055790,0.000593,0.004974
20.338943,1.116261,1.035210,-1.458398,1.044161,-0.794315,0.851322,-0.014312,1.120277,-0.929361,0.720750,0.367227,-0.253652,0.555922,-0.177725,-0.983994,0.079047,1.067984,-1.878267,1.874514,3.743759,-0.630413,0.604636,0.107435,-0.667452,0.088230,-0.055541,-0.000271,0.003709
20.339939,1.120346,1.034875,-1.460014,1.045832,-0.797242,0.851261,-0.013523,1.048537,-0.880557,0.649083,0.358953,-0.255310,0.556870,-0.177613,-0.983386,0.079158,1.067321,-1.878173,1.874460,3.743756,-0.630406,0.604418,0.108814,-0.667754,0.090085,-0.055049,-0.000692,0.004284
20.341056,1.118560,1.042952,-1.470054,1.045190,-0.799616,0.850170,-0.012741,0.967177,-0.822541,0.567621,0.346849,-0.256844,0.557822,-0.177563,-0.982791,0.079271,1.066650,-1.878083,1.874407,3.743755,-0.630403,0.601966,0.109686,-0.667230,0.090106,-0.054845,-0.000746,0.004208
20.341983,1.113887,1.042358,-1.469099,1.048867,-0.802906,0.849861,-0.013190,0.882954,-0.759683,0.483093,0.331725,-0.258417,0.558607,-0.177538,-0.982180,0.079371,1.066001,-1.877986,1.874352,3.743757,-0.630398,0.603151,0.106710,-0.663763,0.092777,-0.055564,0.000207,0.004327
20.342949,1.106481,1.047352,-1.483301,1.048998,-0.804538,0.849145,-0.011921,0.794241,-0.690104,0.393982,0.313764,-0.260067,0.559164,-0.177522,-0.981580,0.079482,1.065339,-1.877898,1.874298,3.743757,-0.630386,0.604572,0.107631,-0.664102,0.090542,-0.054742,0.000389,0.006612
20.344101,1.108679,1.051737,-1.493567,1.051574,-0.805610,0.848307,-0.012797,0.696521,-0.612592,0.296068,0.294848,-0.262004,0.559667,-0.177518,-0.980965,0.079585,1.064691,-1.877804,1.874241,3.743759,-0.630381,0.607481,0.105879,-0.657255,0.091943,-0.055703,0.000979,0.005496
20.344983,1.106185,1.054480,-1.498298,1.050778,-0.806678,0.849448,-0.011998,0.584600,-0.524521,0.184340,0.275552,-0.264199,0.560272,-0.177537,-0.980352,0.079684,1.064051,-1.877713,1.874178,3.743761,-0.630366,0.606805,0.104880,-0.654126,0.091635,-0.057773,0.001664,0.008990
20.345965,1.105013,1.058300,-1.498211,1.053659,-0.808093,0.849061,-0.011179,0.459893,-0.425735,0.060089,0.255012,-0.266383,0.560927,-0.177572,-0.979746,0.079788,1.063405,-1.877613,1.874117,3.743757,-0.630358,0.606771,0.104092,-0.651408,0.093491,-0.058955,0.000417,0.008668
20.347094,1.100947,1.059842,-1.498066,1.054200,-0.811860,0.849957,-0.010817,0.330165,-0.320805,-0.069173,0.233300,-0.268373,0.561504,-0.177617,-0.979137,0.079887,1.062760,-1.877521,1.874057,3.743758,-0.630347,0.606711,0.103024,-0.651974,0.092172,-0.060148,0.000691,0.008485
20.348010,1.104174,1.061059,-1.503536,1.053376,-0.815408,0.849713,-0.010469,0.203374,-0.215478,-0.195683,0.211506,-0.270134,0.561919,-0.177659,-0.978527,0.079991,1.062105,-1.877422,1.873998,3.743757,-0.630335,0.609115,0.103350,-0.653661,0.093675,-0.059445,-0.000358,0.009449
20.349004,1.107826,1.060445,-1.505411,1.053960,-0.818132,0.850402,-0.011010,0.085442,-0.114288,-0.313629,0.190051,-0.271610,0.562149,-0.177681,-0.977921,0.080096,1.061453,-1.877318,1.873944,3.743761,-0.630325,0.606400,0.103375,-0.650743,0.095573,-0.058338,-0.000236,0.010105
20.350091,1.104012,1.062640,-1.506461,1.054670,-0.820386,0.847449,-0.009859,-0.018745,-0.020719,-0.418168,0.168664,-0.272726,0.562166,-0.177669,-0.977312,0.080202,1.060811,-1.877219,1.873886,3.743759,-0.630308,0.604016,0.104471,-0.650456,0.096467,-0.058289,-0.001049,0.012658
20.351021,1.094459,1.064064,-1.507709,1.055330,-0.820879,0.847599,-0.008524,-0.105878,0.062534,-0.506007,0.147761,-0.273527,0.561919,-0.177615,-0.976707,0.080305,1.060156,-1.877119,1.873824,3.743766,-0.630299,0.606080,0.104378,-0.651189,0.097562,-0.058960,0.001761,0.011943
20.351969,1.091921,1.062057,-1.502077,1.054896,-0.823547,0.847032,-0.008863,-0.179525,0.137309,-0.580644,0.127784,-0.274045,0.561455,-0.177541,-0.976088,0.080411,1.059503,-1.877020,1.873762,3.743767,-0.630290,0.609766,0.104319,-0.650509,0.098145,-0.060891,0.001459,0.010647
20.353059,1.095646,1.060091,-1.504329,1.053681,-0.825526,0.848639,-0.007529,-0.243523,0.205326,-0.645819,0.109142,-0.274324,0.560870,-0.177439,-0.975470,0.080520,1.058849,-1.876918,1.873700,3.743768,-0.630276,0.610015,0.105994,-0.653457,0.099808,-0.060676,0.001909,0.012750
20.354002,1.095546,1.061608,-1.499090,1.052100,-0.829591,0.848579,-0.007487,-0.293767,0.263062,-0.697458,0.091953,-0.274413,0.560168,-0.177257,-0.974867,0.080631,1.058188,-1.876807,1.873637,3.743764,-0.630267,0.608303,0.107901,-0.653510,0.102617,-0.061630,0.000167,0.011677
20.354950,1.093992,1.057915,-1.493286,1.053082,-0.830447,0.848016,-0.005375,-0.324835,0.307593,-0.730232,0.075240,-0.274259,0.559255,-0.176969,-0.974261,0.080736,1.057532,-1.876697,1.873580,3.743764,-0.630251,0.607488,0.107815,-0.656187,0.105221,-0.060038,0.000131,0.012991
20.355991,1.097544,1.059383,-1.497806,1.054053,-0.831108,0.846367,-0.005024,-0.334285,0.337821,-0.741707,0.058837,-0.273952,0.558048,-0.176581,-0.973662,0.080852,1.056865,-1.876592,1.873513,3.743765,-0.630247,0.607514,0.110252,-0.659037,0.105363,-0.061636,0.000571,0.010155
20.356941,1.092818,1.058208,-1.497526,1.053766,-0.830449,0.846707,-0.004965,-0.323053,0.353236,-0.732666,0.044258,-0.273789,0.556565,-0.176107,-0.973057,0.080965,1.056205,-1.876484,1.873444,3.743772,-0.630232,0.605531,0.110292,-0.657539,0.105842,-0.063684,0.002064,0.011020
20.358010,1.087812,1.056661,-1.498342,1.054551,-0.832161,0.847306,-0.003602,-0.297177,0.357157,-0.708967,0.032153,-0.273895,0.554898,-0.175549,-0.972443,0.081080,1.055553,-1.876371,1.873371,3.743773,-0.630216,0.607009,0.111482,-0.657834,0.107130,-0.066723,0.001579,0.012292
20.358988,1.085102,1.054459,-1.493429,1.054949,-0.833173,0.846699,-0.002162,-0.264594,0.353949,-0.678396,0.022574,-0.274280,0.553253,-0.174936,-0.971834,0.081196,1.054885,-1.876261,1.873299,3.743769,-0.630206,0.609468,0.113070,-0.658379,0.107844,-0.067756,0.000866,0.011132
20.359946,1.093459,1.054415,-1.489811,1.056938,-0.835092,0.848240,-0.001774,-0.229335,0.344579,-0.644865,0.016235,-0.275048,0.551807,-0.174320,-0.971222,0.081314,1.054224,-1.876151,1.873227,3.743771,-0.630198,0.610099,0.114783,-0.661115,0.108606,-0.069209,0.001354,0.009707
20.361003,1.096278,1.052197,-1.483051,1.056609,-0.836981,0.848533,-0.002236,-0.131760,0.294698,-0.550270,0.015312,-0.278066,0.548917,-0.173004,-0.970028,0.081555,1.052872,-1.875930,1.873083,3.743764,-0.630169,0.603836,0.117187,-0.666988,0.109480,-0.070527,-0.000702,0.012850
20.362138,1.098736,1.049867,-1.475335,1.058543,-0.837044,0.848000,-0.000602,-0.131760,0.294698,-0.550270,0.015312,-0.278066,0.548917,-0.173004,-0.970028,0.081555,1.052872,-1.875930,1.873083,3.743764,-0.630169,0.603836,0.117187,-0.666988,0.109480,-0.070527,-0.000702,0.012850
20.363018,1.089476,1.047636,-1.476926,1.057538,-0.839713,0.847796,0.000109,-0.056450,0.247328,-0.476696,0.020274,-0.280255,0.547118,-0.172203,-0.969424,0.081678,1.052196,-1.875821,1.873004,3.743765,-0.630159,0.603069,0.119224,-0.672259,0.109307,-0.073390,-0.000307,0.011236
20.364004,1.091771,1.045382,-1.475294,1.058834,-0.838114,0.847449,0.000029,0.033915,0.186451,-0.388226,0.028371,-0.282823,0.545223,-0.171315,-0.968816,0.081805,1.051524,-1.875706,1.872930,3.743763,-0.630147,0.606429,0.120642,-0.670712,0.111001,-0.072819,-0.000203,0.011124
20.364960,1.095249,1.046598,-1.474961,1.060427,-0.839248,0.846991,0.000825,0.127997,0.118854,-0.295848,0.039017,-0.285710,0.543544,-0.170370,-0.968213,0.081932,1.050856,-1.875596,1.872844,3.743764,-0.630129,0.604675,0.122283,-0.671790,0.110861,-0.076810,0.000014,0.012729
20.366062,1.099887,1.044817,-1.464852,1.061460,-0.840238,0.847666,0.001673,0.220801,0.048443,-0.204406,0.051580,-0.288853,0.542116,-0.169370,-0.967621,0.082054,1.050176,-1.875486,1.872765,3.743764,-0.630119,0.602325,0.122172,-0.671798,0.110342,-0.077975,0.000354,0.012540
20.367109,1.106483,1.039701,-1.455249,1.063389,-0.843091,0.848159,0.002175,0.315866,-0.025434,-0.110557,0.065488,-0.292181,0.540719,-0.168318,-0.967024,0.082182,1.049481,-1.875375,1.872681,3.743764,-0.630106,0.600326,0.123817,-0.677819,0.110932,-0.079741,-0.000467,0.012473
20.368007,1.104111,1.038263,-1.447952,1.064734,-0.844020,0.848579,0.002703,0.544310,-0.203926,0.114682,0.098635,-0.299658,0.537470,-0.166039,-0.965837,0.082450,1.048098,-1.875159,1.872516,3.743760,-0.630078,0.597191,0.127903,-0.685945,0.110037,-0.080648,-0.001596,0.013273
20.368970,1.103512,1.030063,-1.441697,1.065380,-0.843460,0.847043,0.002856,0.678429,-0.311192,0.246876,0.119269,-0.304009,0.535797,-0.164827,-0.965239,0.082592,1.047400,-1.875049,1.872425,3.743763,-0.630062,0.596847,0.132314,-0.688772,0.110478,-0.083456,-0.000179,0.014381
20.370090,1.094759,1.028410,-1.449201,1.067332,-0.842928,0.846080,0.004256,0.678429,-0.311192,0.246876,0.119269,-0.304009,0.535797,-0.164827,-0.965239,0.082592,1.047400,-1.875049,1.872425,3.743763,-0.630062,0.596847,0.132314,-0.688772,0.110478,-0.083456,-0.000179,0.014381
20.371037,1.090212,1.029018,-1.443760,1.067769,-0.841521,0.846187,0.005279,0.813035,-0.424104,0.379823,0.142764,-0.308730,0.534511,-0.163620,-0.964627,0.082731,1.046720,-1.874940,1.872333,3.743765,-0.630055,0.601532,0.133771,-0.686192,0.110259,-0.086714,0.000626,0.013235
20.372003,1.083821,1.026528,-1.448365,1.067515,-0.843284,0.846282,0.007019,0.933758,-0.532790,0.499551,0.167851,-0.313579,0.533881,-0.162487,-0.964025,0.082865,1.046024,-1.874825,1.872233,3.743765,-0.630045,0.602981,0.133798,-0.688547,0.110744,-0.090214,0.000389,0.012600
20.373023,1.078995,1.023847,-1.445809,1.068056,-0.842956,0.846859,0.007948,1.032187,-0.629131,0.597774,0.192256,-0.318209,0.533911,-0.161465,-0.963411,0.083002,1.045346,-1.874710,1.872138,3.743765,-0.630036,0.605377,0.135412,-0.686158,0.112005,-0.090620,0.000172,0.010544
20.373950,1.076892,1.018227,-1.441092,1.068591,-0.841727,0.846864,0.008579,1.105971,-0.710474,0.672174,0.214736,-0.322454,0.534588,-0.160547,-0.962806,0.083144,1.044652,-1.874597,1.872037,3.743762,-0.630025,0.607451,0.137165,-0.687700,0.112702,-0.093279,-0.000518,0.010217
20.375016,1.074835,1.020887,-1.445484,1.070912,-0.841894,0.846621,0.009869,1.158806,-0.779683,0.726355,0.235521,-0.326351,0.535880,-0.159686,-0.962197,0.083291,1.043954,-1.874483,1.871931,3.743761,-0.630013,0.607463,0.140134,-0.689449,0.113029,-0.096475,-0.000623,0.010323
20.376105,1.068353,1.020830,-1.446407,1.071281,-0.842550,0.846144,0.009672,1.216712,-0.889281,0.788565,0.273092,-0.333265,0.539723,-0.157937,-0.960969,0.083571,1.042583,-1.874256,1.871724,3.743763,-0.629991,0.611649,0.139903,-0.688389,0.113273,-0.100597,-0.000182,0.011355
20.377067,1.064585,1.020382,-1.459113,1.073420,-0.842077,0.847357,0.010604,1.216712,-0.889281,0.788565,0.273092,-0.333265,0.539723,-0.157937,-0.960969,0.083571,1.042583,-1.874256,1.871724,3.743763,-0.629991,0.611649,0.139903,-0.688389,0.113273,-0.100597,-0.000182,0.011355
20.377937,1.060547,1.019052,-1.458969,1.074845,-0.841945,0.846790,0.011043,1.188484,-0.940194,0.767273,0.303699,-0.339002,0.545088,-0.156090,-0.959745,0.083855,1.041235,-1.874037,1.871508,3.743760,-0.629970,0.613274,0.141174,-0.681275,0.111557,-0.105012,-0.001039,0.011307
20.379079,1.061090,1.023214,-1.462886,1.074627,-0.843652,0.847010,0.013138,1.188484,-0.940194,0.767273,0.303699,-0.339002,0.545088,-0.156090,-0.959745,0.083855,1.041235,-1.874037,1.871508,3.743760,-0.629970,0.613274,0.141174,-0.681275,0.111557,-0.105012,-0.001039,0.011307
20.379997,1.062967,1.019867,-1.466949,1.075285,-0.844450,0.847391,0.013291,1.140433,-0.942467,0.723769,0.316972,-0.341683,0.548281,-0.155196,-0.959128,0.083995,1.040548,-1.873918,1.871401,3.743762,-0.629964,0.613359,0.139763,-0.680651,0.113368,-0.105945,-0.001419,0.008809
20.380975,1.059268,1.024756,-1.466785,1.074516,-0.845839,0.846876,0.014010,1.078807,-0.932544,0.666885,0.327371,-0.344172,0.551443,-0.154354,-0.958513,0.084139,1.039882,-1.873804,1.871291,3.743757,-0.629953,0.611244,0.141631,-0.678300,0.113515,-0.107043,-0.001888,0.009895
20.382030,1.052341,1.024119,-1.472982,1.077645,-0.846066,0.847302,0.014461,1.009433,-0.913020,0.602084,0.334057,-0.346454,0.554396,-0.153563,-0.957904,0.084276,1.039204,-1.873687,1.871183,3.743759,-0.629941,0.612456,0.139527,-0.678467,0.115290,-0.107760,-0.001494,0.009890
20.383022,1.049018,1.022293,-1.478192,1.078377,-0.845553,0.846495,0.015802,0.932461,-0.883654,0.529350,0.337030,-0.348593,0.557125,-0.152833,-0.957277,0.084420,1.038527,-1.873579,1.871069,3.743758,-0.629931,0.615584,0.140329,-0.676063,0.113638,-0.109848,-0.002057,0.010563
20.384028,1.040230,1.025863,-1.482425,1.079136,-0.845872,0.845161,0.016995,0.845083,-0.844963,0.446010,0.338108,-0.350856,0.559853,-0.152199,-0.956655,0.084562,1.037863,-1.873462,1.870952,3.743760,-0.629925,0.616488,0.141597,-0.673801,0.113967,-0.112426,-0.001375,0.009349
20.385115,1.036614,1.029590,-1.491596,1.079643,-0.847189,0.845351,0.017794,0.745855,-0.797783,0.350782,0.338411,-0.353383,0.562717,-0.151688,-0.956032,0.084699,1.037193,-1.873346,1.870835,3.743763,-0.629921,0.620259,0.140220,-0.672083,0.114333,-0.114207,-0.000176,0.008486
20.385959,1.028296,1.031643,-1.488870,1.079109,-0.847437,0.846455,0.019481,0.632764,-0.739195,0.241686,0.336659,-0.355971,0.565642,-0.151301,-0.955404,0.084834,1.036539,-1.873230,1.870719,3.743762,-0.629914,0.621888,0.138992,-0.668753,0.115266,-0.115262,-0.000514,0.008528
20.386947,1.031155,1.035754,-1.496199,1.081688,-0.848846,0.845847,0.020192,0.506264,-0.667518,0.119086,0.331423,-0.358357,0.568532,-0.151010,-0.954781,0.084971,1.035870,-1.873112,1.870596,3.743758,-0.629910,0.624312,0.138070,-0.669201,0.116240,-0.116536,-0.001708,0.006403
20.388037,1.034181,1.036570,-1.505712,1.082830,-0.850082,0.844679,0.020865,0.371884,-0.585431,-0.011672,0.322653,-0.360403,0.571238,-0.150770,-0.954159,0.085106,1.035206,-1.872998,1.870478,3.743759,-0.629903,0.622072,0.136427,-0.665808,0.114754,-0.117162,-0.001209,0.006483
20.389046,1.027483,1.040656,-1.503291,1.083251,-0.853646,0.843447,0.022045,0.236153,-0.497434,-0.144213,0.311533,-0.362114,0.573611,-0.150524,-0.953535,0.085242,1.034558,-1.872883,1.870357,3.743759,-0.629896,0.620481,0.136668,-0.662414,0.115106,-0.118272,-0.000171,0.006776
20.390042,1.017013,1.039096,-1.504720,1.084279,-0.855847,0.843196,0.022183,0.103823,-0.407091,-0.273974,0.298792,-0.363476,0.575570,-0.150242,-0.952911,0.085372,1.033890,-1.872766,1.870243,3.743763,-0.629893,0.623237,0.135133,-0.664115,0.115794,-0.116832,0.000906,0.005931
20.391157,1.018426,1.040755,-1.502966,1.085546,-0.859546,0.842626,0.024578,-0.023621,-0.316467,-0.399519,0.285062,-0.364511,0.577176,-0.149924,-0.952274,0.085507,1.033236,-1.872650,1.870124,3.743764,-0.629883,0.627603,0.136372,-0.663880,0.115840,-0.116706,0.001019,0.007155
20.392017,1.026642,1.040945,-1.507180,1.083880,-0.858573,0.843754,0.024409,-0.144159,-0.229027,-0.518642,0.271740,-0.365376,0.578545,-0.149584,-0.951654,0.085642,1.032566,-1.872534,1.870007,3.743766,-0.629886,0.626978,0.136213,-0.666092,0.116119,-0.115457,0.001442,0.004031
20.393013,1.026749,1.044231,-1.505511,1.085794,-0.857018,0.843393,0.024885,-0.250320,-0.149486,-0.623901,0.258666,-0.366045,0.579547,-0.149212,-0.951039,0.085779,1.031902,-1.872411,1.869883,3.743763,-0.629876,0.621282,0.136259,-0.663177,0.118207,-0.118033,0.000208,0.005691
20.394022,1.024360,1.049199,-1.501016,1.086841,-0.858331,0.842603,0.027140,-0.335350,-0.080116,-0.708776,0.244352,-0.366316,0.579960,-0.148780,-0.950413,0.085911,1.031241,-1.872297,1.869755,3.743763,-0.629868,0.620520,0.135084,-0.664463,0.117384,-0.121557,0.000460,0.006216
20.395006,1.027720,1.042338,-1.502934,1.087888,-0.859536,0.842084,0.027354,-0.398344,-0.020055,-0.772505,0.228497,-0.366147,0.579679,-0.148296,-0.949794,0.086041,1.030568,-1.872178,1.869630,3.743764,-0.629873,0.621156,0.133112,-0.667106,0.117397,-0.122262,0.001119,0.003229
20.396102,1.027846,1.043934,-1.500826,1.087829,-0.860743,0.841368,0.028592,-0.439717,0.029588,-0.815461,0.212630,-0.365789,0.578785,-0.147781,-0.949177,0.086185,1.029910,-1.872062,1.869505,3.743767,-0.629868,0.618712,0.136918,-0.666473,0.117392,-0.123012,0.001498,0.004324
20.396997,1.014892,1.042481,-1.493516,1.086299,-0.859895,0.841053,0.029415,-0.458831,0.064913,-0.836910,0.198687,-0.365588,0.577512,-0.147224,-0.948552,0.086319,1.029239,-1.871938,1.869377,3.743768,-0.629867,0.618611,0.136737,-0.668681,0.118738,-0.124094,0.002075,0.003496
20.397946,1.016707,1.042901,-1.493467,1.087049,-0.861267,0.841537,0.030294,-0.458986,0.087002,-0.840100,0.186445,-0.365560,0.576020,-0.146615,-0.947923,0.086458,1.028555,-1.871811,1.869246,3.743771,-0.629863,0.623680,0.137662,-0.671651,0.120716,-0.126569,0.002256,0.003206
20.398962,1.023691,1.042364,-1.494128,1.087531,-0.862382,0.842850,0.030933,-0.446470,0.100125,-0.831045,0.175024,-0.365597,0.574424,-0.145963,-0.947304,0.086596,1.027891,-1.871691,1.869115,3.743772,-0.629861,0.621714,0.137750,-0.671620,0.120761,-0.126957,0.001636,0.002883
20.399966,1.026341,1.042005,-1.493751,1.086390,-0.862252,0.842979,0.030088,-0.422478,0.104755,-0.810573,0.164729,-0.365748,0.572706,-0.145263,-0.946700,0.086736,1.027212,-1.871568,1.868983,3.743771,-0.629858,0.617846,0.138437,-0.671667,0.121267,-0.127840,0.000197,0.003153
20.401034,1.030168,1.042788,-1.490658,1.088306,-0.864193,0.842532,0.031318,-0.384674,0.099833,-0.776279,0.155412,-0.365988,0.570746,-0.144491,-0.946083,0.086879,1.026535,-1.871441,1.868848,3.743771,-0.629847,0.615957,0.138975,-0.672141,0.123270,-0.129903,-0.000045,0.006360
20.402093,1.023603,1.040612,-1.488267,1.087151,-0.863529,0.843110,0.032826,-0.332122,0.085377,-0.727378,0.146723,-0.366227,0.568455,-0.143641,-0.945468,0.087016,1.025863,-1.871320,1.868716,3.743772,-0.629845,0.613911,0.139146,-0.674602,0.122573,-0.130106,0.000269,0.005479
20.402972,1.023636,1.036450,-1.481108,1.087095,-0.864474,0.842223,0.033559,-0.267062,0.062293,-0.666202,0.139120,-0.366445,0.565883,-0.142741,-0.944853,0.087161,1.025178,-1.871189,1.868579,3.743770,-0.629844,0.617046,0.140700,-0.676443,0.124721,-0.132874,-0.000441,0.004069
20.404008,1.033185,1.032627,-1.475426,1.086445,-0.865265,0.843196,0.034621,-0.193164,0.031225,-0.596380,0.133230,-0.366634,0.563233,-0.141819,-0.944240,0.087309,1.024499,-1.871063,1.868444,3.743772,-0.629840,0.615596,0.142832,-0.679250,0.125147,-0.133425,0.000341,0.003941
20.405007,1.031211,1.026226,-1.462963,1.084789,-0.868494,0.843454,0.034394,-0.107396,-0.010997,-0.514988,0.129623,-0.366807,0.560530,-0.140865,-0.943644,0.087461,1.023803,-1.870932,1.868306,3.743768,-0.629836,0.610667,0.145058,-0.682438,0.126694,-0.134639,-0.000756,0.003375
20.406008,1.031296,1.024651,-1.457315,1.084054,-0.872623,0.844116,0.036290,-0.002573,-0.069398,-0.415070,0.128486,-0.366984,0.557683,-0.139861,-0.943030,0.087619,1.023098,-1.870796,1.868176,3.743766,-0.629829,0.611118,0.148440,-0.688603,0.128984,-0.133336,-0.001122,0.005349
20.407015,1.037951,1.021626,-1.454231,1.083535,-0.875635,0.843136,0.036559,0.121788,-0.144431,-0.296092,0.129500,-0.367189,0.554757,-0.138820,-0.942418,0.087773,1.022402,-1.870664,1.868045,3.743763,-0.629830,0.610518,0.149432,-0.691434,0.130422,-0.131149,-0.001894,0.003044
20.408087,1.041020,1.019263,-1.448813,1.084524,-0.878464,0.842049,0.036999,0.260688,-0.232067,-0.162789,0.132032,-0.367462,0.551819,-0.137760,-0.941824,0.087929,1.021706,-1.870530,1.867917,3.743764,-0.629826,0.606874,0.151160,-0.693055,0.131633,-0.130158,-0.001028,0.004064
20.408991,1.038573,1.017308,-1.443282,1.083851,-0.880780,0.841234,0.037541,0.410425,-0.328974,-0.018729,0.135846,-0.367912,0.548845,-0.136665,-0.941218,0.088085,1.021010,-1.870399,1.867789,3.743766,-0.629820,0.605363,0.152685,-0.696419,0.131656,-0.129539,-0.000088,0.004788
20.410002,1.028016,1.010872,-1.437091,1.082872,-0.881603,0.841921,0.038257,0.720567,-0.536099,0.280146,0.147948,-0.369852,0.543074,-0.134428,-0.939999,0.088409,1.019590,-1.870122,1.867527,3.743767,-0.629810,0.610300,0.156971,-0.701284,0.134106,-0.130038,-0.000221,0.005147
20.411080,1.033197,1.008443,-1.438710,1.082391,-0.882352,0.842565,0.039791,0.720567,-0.536099,0.280146,0.147948,-0.369852,0.543074,-0.134428,-0.939999,0.088409,1.019590,-1.870122,1.867527,3.743767,-0.629810,0.610300,0.156971,-0.701284,0.134106,-0.130038,-0.000221,0.005147
20.412024,1.035732,1.009951,-1.432341,1.081246,-0.883820,0.842985,0.040036,0.864529,-0.637592,0.419043,0.156129,-0.371370,0.540811,-0.133389,-0.939391,0.088570,1.018890,-1.869985,1.867394,3.743766,-0.629807,0.607652,0.158469,-0.701080,0.135481,-0.131485,-0.000995,0.003701
20.412975,1.026789,1.005824,-1.430157,1.079547,-0.885542,0.842029,0.040937,0.997633,-0.733883,0.547582,0.164218,-0.373033,0.538981,-0.132430,-0.938791,0.088729,1.018176,-1.869843,1.867261,3.743765,-0.629801,0.605604,0.157736,-0.703635,0.136889,-0.131744,-0.001524,0.004647
20.414001,1.015559,0.999514,-1.430967,1.077337,-0.887285,0.840554,0.042070,1.119387,-0.821556,0.665190,0.170508,-0.374602,0.537376,-0.131543,-0.938175,0.088895,1.017474,-1.869699,1.867126,3.743767,-0.629798,0.609184,0.159798,-0.704254,0.138836,-0.131772,-0.000683,0.004270
20.414949,1.016230,0.994330,-1.430270,1.077031,-0.889046,0.840090,0.042592,1.222653,-0.897124,0.765032,0.175156,-0.376046,0.536215,-0.130742,-0.937548,0.089064,1.016767,-1.869551,1.866993,3.743771,-0.629795,0.614256,0.163065,-0.703953,0.141486,-0.132038,0.000645,0.003556
20.416039,1.016648,0.997410,-1.436855,1.077466,-0.890555,0.839383,0.042644,1.302346,-0.960335,0.842369,0.179576,-0.377478,0.535770,-0.130026,-0.936940,0.089237,1.016058,-1.869408,1.866860,3.743772,-0.629790,0.613000,0.165534,-0.703735,0.142009,-0.132035,0.000972,0.003947
20.417199,1.009474,0.996400,-1.431946,1.077380,-0.892730,0.841459,0.044149,1.359761,-1.011918,0.898459,0.184500,-0.378929,0.535887,-0.129357,-0.936324,0.089399,1.015366,-1.869264,1.866727,3.743776,-0.629778,0.612818,0.164260,-0.701264,0.142346,-0.132760,0.001524,0.005471
20.418057,1.002006,0.990451,-1.427478,1.076153,-0.895088,0.841343,0.045631,1.395939,-1.049952,0.934073,0.189361,-0.380256,0.536288,-0.128722,-0.935706,0.089569,1.014652,-1.869118,1.866590,3.743773,-0.629776,0.616901,0.165151,-0.704933,0.143436,-0.132988,-0.000706,0.004193
20.419053,1.012469,0.991144,-1.437456,1.076480,-0.898278,0.841470,0.045915,1.412874,-1.075406,0.951026,0.194317,-0.381428,0.536929,-0.128139,-0.935083,0.089747,1.013937,-1.868971,1.866456,3.743773,-0.629777,0.618969,0.167781,-0.705751,0.144482,-0.132074,-0.000675,0.002539
20.420022,1.011410,0.990828,-1.444957,1.074942,-0.899904,0.841223,0.045827,1.415010,-1.091936,0.953749,0.200128,-0.382557,0.537773,-0.127600,-0.934473,0.089912,1.013251,-1.868827,1.866326,3.743769,-0.629770,0.613094,0.167486,-0.700817,0.144546,-0.130835,-0.000906,0.003490
20.421071,0.999226,0.989250,-1.448887,1.076184,-0.899556,0.841417,0.046002,1.404371,-1.099165,0.944204,0.205969,-0.383600,0.538667,-0.127071,-0.933863,0.090082,1.012557,-1.868676,1.866193,3.743765,-0.629762,0.612936,0.167609,-0.696874,0.146250,-0.131046,-0.000753,0.005116
20.422145,0.987477,0.989665,-1.450043,1.073731,-0.901579,0.838877,0.047345,1.376692,-1.093556,0.918118,0.211121,-0.384510,0.539730,-0.126554,-0.933231,0.090250,1.011873,-1.868532,1.866056,3.743766,-0.629754,0.618625,0.168560,-0.695512,0.145607,-0.133471,-0.001086,0.006330
20.423020,0.988568,0.986243,-1.460421,1.071795,-0.903895,0.839447,0.048204,1.325456,-1.071863,0.869099,0.215649,-0.385327,0.541235,-0.126083,-0.932603,0.090420,1.011177,-1.868377,1.865922,3.743771,-0.629751,0.624248,0.168523,-0.695599,0.148538,-0.133577,0.001315,0.005247
20.423976,0.989079,0.988858,-1.462508,1.070910,-0.905137,0.839829,0.048182,1.249701,-1.033207,0.796176,0.218646,-0.385993,0.543205,-0.125684,-0.931980,0.090593,1.010498,-1.868223,1.865793,3.743767,-0.629746,0.622098,0.169990,-0.689540,0.150152,-0.132824,0.000629,0.004852
20.425152,0.989654,0.991380,-1.468835,1.071007,-0.907109,0.839635,0.049739,1.155481,-0.980230,0.705194,0.219125,-0.386474,0.545440,-0.125348,-0.931354,0.090758,1.009817,-1.868072,1.865658,3.743768,-0.629735,0.620830,0.168648,-0.688389,0.151119,-0.133352,0.000123,0.006329
20.426036,0.980003,0.992272,-1.472757,1.069237,-0.910164,0.838586,0.050050,1.050759,-0.916020,0.603743,0.216521,-0.386770,0.547634,-0.125065,-0.930736,0.090927,1.009129,-1.867917,1.865526,3.743767,-0.629731,0.621123,0.167796,-0.686821,0.151888,-0.133900,0.000182,0.004964
20.427014,0.977255,0.990288,-1.477509,1.070604,-0.913554,0.838288,0.051231,0.938171,-0.841166,0.494278,0.210660,-0.386906,0.549637,-0.124864,-0.930105,0.091091,1.008457,-1.867760,1.865400,3.743771,-0.629723,0.624405,0.167209,-0.684200,0.153317,-0.132444,0.001105,0.005679
20.428015,0.970989,0.994400,-1.484859,1.070447,-0.911868,0.837905,0.051257,0.816750,-0.757020,0.376031,0.203096,-0.387135,0.551552,-0.124765,-0.929483,0.091261,1.007779,-1.867611,1.865273,3.743774,-0.629720,0.624925,0.168203,-0.681887,0.152156,-0.130971,0.001258,0.004779
20.428927,0.963011,0.991419,-1.486577,1.069403,-0.914530,0.838335,0.051953,0.686488,-0.665859,0.249199,0.195793,-0.387691,0.553467,-0.124762,-0.928846,0.091424,1.007105,-1.867458,1.865134,3.743776,-0.629708,0.627222,0.166236,-0.678503,0.152520,-0.134574,0.001507,0.006232
20.430011,0.961253,0.994281,-1.491538,1.069135,-0.916113,0.838951,0.054412,0.547604,-0.568374,0.114028,0.189100,-0.388471,0.555407,-0.124852,-0.928205,0.091592,1.006439,-1.867304,1.865005,3.743774,-0.629703,0.629712,0.167623,-0.677320,0.153422,-0.133558,0.000963,0.006198
20.431014,0.965932,0.993505,-1.492284,1.067308,-0.916293,0.839587,0.053561,0.402809,-0.466593,-0.026847,0.182829,-0.389284,0.557370,-0.125035,-0.927576,0.091759,1.005763,-1.867149,1.864870,3.743773,-0.629708,0.630387,0.166413,-0.675805,0.154182,-0.134167,0.000220,0.002918
20.431991,0.968542,0.989007,-1.492419,1.067462,-0.920324,0.838625,0.054992,0.259935,-0.364548,-0.165910,0.176152,-0.389899,0.559182,-0.125259,-0.926953,0.091929,1.005082,-1.866990,1.864731,3.743771,-0.629696,0.627344,0.166853,-0.675684,0.156093,-0.135879,-0.000532,0.006165
20.433075,0.969096,0.988482,-1.496366,1.066786,-0.923801,0.837973,0.055618,0.130542,-0.269368,-0.292012,0.168963,-0.390232,0.560626,-0.125427,-0.926324,0.092098,1.004413,-1.866833,1.864601,3.743772,-0.629692,0.625124,0.169103,-0.675782,0.155965,-0.133693,0.000320,0.004735
20.433981,0.958897,0.983315,-1.489791,1.065179,-0.925096,0.837396,0.056669,0.022023,-0.187827,-0.397934,0.162896,-0.390489,0.561667,-0.125501,-0.925702,0.092270,1.003741,-1.866671,1.864473,3.743773,-0.629687,0.624763,0.169528,-0.674823,0.156963,-0.132483,0.000829,0.005136
20.434972,0.954057,0.985888,-1.493374,1.065908,-0.927572,0.837848,0.058706,-0.066328,-0.121142,-0.484339,0.158878,-0.390793,0.562427,-0.125491,-0.925064,0.092445,1.003069,-1.866509,1.864340,3.743774,-0.629683,0.628392,0.171907,-0.677672,0.158197,-0.132819,0.001283,0.004384
20.436108,0.959752,0.988747,-1.497142,1.064698,-0.931656,0.839215,0.057545,-0.139777,-0.066628,-0.556257,0.157026,-0.391147,0.563078,-0.125414,-0.924439,0.092615,1.002394,-1.866353,1.864208,3.743774,-0.629684,0.630027,0.170598,-0.676046,0.157553,-0.132251,0.000696,0.001809
20.436984,0.961829,0.983898,-1.495365,1.063477,-0.933421,0.838438,0.058622,-0.203206,-0.019243,-0.618377,0.156264,-0.391436,0.563595,-0.125262,-0.923813,0.092782,1.001716,-1.866188,1.864082,3.743771,-0.629669,0.627339,0.169506,-0.675559,0.159252,-0.130592,-0.000803,0.005872
20.438019,0.966112,0.981436,-1.492999,1.061042,-0.935372,0.838311,0.059818,-0.286498,0.052995,-0.700479,0.153400,-0.391434,0.563617,-0.124663,-0.922574,0.093132,1.000364,-1.865861,1.863819,3.743771,-0.629664,0.622259,0.172939,-0.677441,0.162472,-0.130497,-0.000122,0.004169
20.439055,0.966310,0.980697,-1.490602,1.060776,-0.937544,0.836894,0.060764,-0.286498,0.052995,-0.700479,0.153400,-0.391434,0.563617,-0.124663,-0.922574,0.093132,1.000364,-1.865861,1.863819,3.743771,-0.629664,0.622259,0.172939,-0.677441,0.162472,-0.130497,-0.000122,0.004169
20.440106,0.965015,0.975039,-1.493063,1.061356,-0.938839,0.835991,0.061237,-0.295631,0.070878,-0.710240,0.151077,-0.391138,0.563002,-0.124224,-0.921952,0.093307,0.999691,-1.865698,1.863690,3.743775,-0.629659,0.621752,0.173353,-0.679248,0.162847,-0.130414,0.001155,0.003844
20.441026,0.964836,0.971026,-1.493982,1.060680,-0.939562,0.836116,0.061098,-0.284435,0.076038,-0.700382,0.149285,-0.390764,0.562054,-0.123702,-0.921337,0.093491,0.999013,-1.865536,1.863557,3.743778,-0.629654,0.622162,0.176170,-0.678668,0.162452,-0.131216,0.001903,0.004492
20.442011,0.961222,0.970024,-1.494667,1.055032,-0.941174,0.836500,0.063267,-0.258966,0.068878,-0.676468,0.150349,-0.390592,0.561045,-0.123093,-0.920714,0.093672,0.998333,-1.865371,1.863425,3.743781,-0.629645,0.621003,0.177891,-0.677756,0.162741,-0.132171,0.001639,0.006148
20.442992,0.966349,0.966534,-1.493680,1.054440,-0.944859,0.835809,0.063612,-0.224968,0.053025,-0.644007,0.153328,-0.390461,0.560095,-0.122418,-0.920086,0.093849,0.997660,-1.865189,1.863292,3.743783,-0.629648,0.621986,0.178294,-0.677600,0.167906,-0.132437,0.001116,0.003276
20.444011,0.976494,0.963044,-1.488471,1.055245,-0.947448,0.837661,0.064552,-0.184973,0.032987,-0.605583,0.155214,-0.389958,0.559078,-0.121719,-0.919481,0.094031,0.996977,-1.865022,1.863167,3.743783,-0.629642,0.618768,0.179890,-0.678134,0.168248,-0.130673,0.001694,0.004095
20.445025,0.980090,0.962416,-1.483331,1.054400,-0.950525,0.837328,0.065166,-0.133412,0.005481,-0.555754,0.156591,-0.389201,0.557779,-0.120982,-0.918877,0.094218,0.996297,-1.864855,1.863039,3.743778,-0.629638,0.613354,0.181511,-0.681140,0.167379,-0.130139,-0.000280,0.003746
20.446040,0.977389,0.957034,-1.476954,1.051848,-0.956745,0.837024,0.065896,-0.062245,-0.035205,-0.486777,0.159522,-0.388520,0.555997,-0.120166,-0.918265,0.094400,0.995605,-1.864685,1.862914,3.743779,-0.629631,0.611127,0.181714,-0.683900,0.168096,-0.129110,-0.000059,0.004042
20.446998,0.970083,0.955845,-1.478905,1.051785,-0.958979,0.837783,0.067171,0.028693,-0.088864,-0.398748,0.164109,-0.387988,0.553714,-0.119272,-0.917656,0.094590,0.994905,-1.864509,1.862796,3.743780,-0.629625,0.612089,0.184250,-0.687212,0.170365,-0.124990,0.000113,0.004104
20.448025,0.968313,0.954066,-1.474145,1.049643,-0.961363,0.838659,0.067213,0.129801,-0.150532,-0.301034,0.170300,-0.387647,0.551247,-0.118350,-0.917036,0.094776,0.994225,-1.864341,1.862673,3.743776,-0.629623,0.614818,0.184571,-0.686053,0.170104,-0.124686,-0.000754,0.002993
20.449045,0.969340,0.954129,-1.475587,1.048532,-0.965230,0.839788,0.068935,0.229124,-0.213531,-0.205111,0.177919,-0.387487,0.548949,-0.117457,-0.916426,0.094963,0.993525,-1.864165,1.862551,3.743774,-0.629614,0.615334,0.185351,-0.688682,0.172030,-0.124428,-0.001744,0.004466
20.449993,0.970860,0.950262,-1.468691,1.044692,-0.966904,0.838689,0.069668,0.321513,-0.273416,-0.115950,0.185711,-0.387364,0.546895,-0.116620,-0.915813,0.095150,0.992826,-1.863991,1.862431,3.743771,-0.629612,0.614366,0.185167,-0.688093,0.172911,-0.122672,-0.002987,0.002538
20.451099,0.973729,0.953046,-1.459207,1.045270,-0.970113,0.838291,0.070206,0.408403,-0.329374,-0.032221,0.192082,-0.387123,0.544974,-0.115848,-0.915199,0.095340,0.992133,-1.863809,1.862305,3.743771,-0.629607,0.612671,0.186809,-0.691204,0.176097,-0.122852,-0.001984,0.002515
20.452015,0.975729,0.948850,-1.459424,1.042417,-0.972930,0.838032,0.071458,0.495587,-0.383386,0.051563,0.195989,-0.386685,0.542928,-0.115120,-0.914598,0.095524,0.991423,-1.863633,1.862183,3.743773,-0.629601,0.611533,0.185459,-0.696721,0.175553,-0.122012,-0.001743,0.003109
20.453005,0.972325,0.947087,-1.452704,1.041858,-0.977093,0.836477,0.070708,0.587115,-0.437313,0.139252,0.197547,-0.386113,0.540574,-0.114414,-0.913993,0.095715,0.990734,-1.863448,1.862063,3.743774,-0.629599,0.609487,0.187196,-0.695956,0.177549,-0.120983,-0.001602,0.001979
20.453992,0.972675,0.940314,-1.454269,1.040692,-0.979232,0.835769,0.071927,0.771762,-0.545565,0.315758,0.198736,-0.385373,0.535605,-0.113078,-0.912777,0.096106,0.989321,-1.863091,1.861831,3.743776,-0.629585,0.609856,0.190878,-0.698159,0.178368,-0.118813,0.000407,0.003999
20.454990,0.963909,0.938704,-1.447767,1.038097,-0.981814,0.836839,0.072424,0.771762,-0.545565,0.315758,0.198736,-0.385373,0.535605,-0.113078,-0.912777,0.096106,0.989321,-1.863091,1.861831,3.743776,-0.629585,0.609856,0.190878,-0.698159,0.178368,-0.118813,0.000407,0.003999
20.456031,0.964841,0.939845,-1.448938,1.034777,-0.985778,0.836439,0.073373,0.856288,-0.600034,0.396624,0.201421,-0.385561,0.533553,-0.112471,-0.912155,0.096296,0.988619,-1.862907,1.861714,3.743772,-0.629581,0.613592,0.191432,-0.701381,0.180422,-0.118310,-0.000781,0.004527
20.456982,0.970592,0.936863,-1.450102,1.033519,-0.991013,0.836500,0.072986,0.929862,-0.650348,0.467001,0.204208,-0.385859,0.531957,-0.111907,-0.911546,0.096487,0.987913,-1.862717,1.861602,3.743772,-0.629579,0.612847,0.190720,-0.701019,0.183252,-0.116607,-0.000500,0.004200
20.457985,0.973933,0.939093,-1.451870,1.036138,-0.991038,0.837155,0.074139,0.992034,-0.693153,0.526422,0.205103,-0.386001,0.530638,-0.111350,-0.910941,0.096682,0.987224,-1.862533,1.861497,3.743770,-0.629569,0.609133,0.191848,-0.700133,0.183756,-0.113409,-0.000670,0.006411
20.458986,0.956472,0.936392,-1.449835,1.032541,-0.992654,0.836536,0.074731,1.045469,-0.729830,0.577592,0.205222,-0.386164,0.529454,-0.110760,-0.910344,0.096868,0.986523,-1.862358,1.861380,3.743770,-0.629569,0.607126,0.190556,-0.699254,0.180800,-0.115532,-0.001457,0.005606
20.459970,0.948603,0.933482,-1.450006,1.034646,-0.996259,0.834500,0.075643,1.086672,-0.759169,0.617112,0.206138,-0.386491,0.528515,-0.110147,-0.909710,0.097062,0.985815,-1.862170,1.861267,3.743771,-0.629562,0.615152,0.191675,-0.700185,0.183829,-0.116035,-0.000957,0.005932
20.460958,0.948928,0.933685,-1.453548,1.032443,-1.001357,0.835207,0.077046,1.107016,-0.777889,0.636648,0.208865,-0.387020,0.528134,-0.109547,-0.909082,0.097254,0.985124,-1.861991,1.861158,3.743778,-0.629558,0.618176,0.192857,-0.700037,0.181181,-0.114528,0.000928,0.005584
20.461948,0.951054,0.933579,-1.460736,1.031487,-1.004212,0.836424,0.077227,1.104194,-0.786390,0.634213,0.214655,-0.387899,0.528387,-0.108982,-0.908471,0.097447,0.984426,-1.861807,1.861051,3.743776,-0.629556,0.617344,0.192470,-0.698153,0.182853,-0.111564,0.000084,0.004269
20.462997,0.949150,0.935280,-1.465739,1.028621,-1.007115,0.836102,0.078422,1.081816,-0.785274,0.613374,0.222483,-0.389023,0.529059,-0.108463,-0.907856,0.097642,0.983732,-1.861620,1.860944,3.743771,-0.629548,0.615611,0.192227,-0.694512,0.183151,-0.110889,-0.001230,0.005408
20.464072,0.949760,0.932577,-1.471569,1.028903,-1.013138,0.835472,0.079976,1.042621,-0.773030,0.576598,0.229683,-0.390054,0.529966,-0.108004,-0.907236,0.097830,0.983045,-1.861431,1.860837,3.743770,-0.629546,0.616273,0.191295,-0.692582,0.185585,-0.110333,-0.001019,0.004593
20.464952,0.942969,0.931351,-1.475144,1.026459,-1.015926,0.834634,0.079885,0.988762,-0.749798,0.525781,0.235136,-0.390857,0.531031,-0.107627,-0.906625,0.098025,0.982356,-1.861246,1.860736,3.743769,-0.629547,0.615917,0.192549,-0.690406,0.185016,-0.106774,-0.000513,0.003120
20.466001,0.937462,0.934233,-1.472166,1.027848,-1.018249,0.834088,0.081032,0.922201,-0.718215,0.462746,0.239778,-0.391600,0.532294,-0.107340,-0.905999,0.098214,0.981682,-1.861061,1.860633,3.743770,-0.629540,0.617797,0.192697,-0.687890,0.186445,-0.105853,0.000213,0.004648
20.467061,0.930923,0.938773,-1.477257,1.026988,-1.021933,0.833205,0.082048,0.844097,-0.679635,0.388509,0.244387,-0.392425,0.533749,-0.107125,-0.905379,0.098401,0.980986,-1.860879,1.860527,3.743773,-0.629541,0.620235,0.191168,-0.689870,0.184733,-0.105895,0.000607,0.003933
20.467959,0.934650,0.936074,-1.476473,1.025542,-1.024197,0.832817,0.083610,0.754850,-0.632688,0.303359,0.248653,-0.393313,0.535234,-0.106983,-0.904748,0.098585,0.980300,-1.860692,1.860427,3.743774,-0.629537,0.623134,0.188873,-0.687948,0.185237,-0.104655,0.001351,0.003509
20.469007,0.934673,0.939986,-1.482164,1.025246,-1.026832,0.834732,0.083946,0.657325,-0.577732,0.210098,0.251821,-0.394214,0.536581,-0.106919,-0.904129,0.098775,0.979617,-1.860509,1.860325,3.743774,-0.629537,0.619874,0.189837,-0.687684,0.185780,-0.104302,0.001625,0.001738
20.470073,0.938338,0.938885,-1.487542,1.026776,-1.027748,0.835329,0.083973,0.558224,-0.518653,0.115273,0.253328,-0.395115,0.537688,-0.106901,-0.903513,0.098958,0.978935,-1.860325,1.860219,3.743766,-0.629533,0.619617,0.187820,-0.685412,0.185716,-0.104026,-0.000398,0.002676
20.471027,0.928868,0.940229,-1.489791,1.027761,-1.028024,0.834312,0.085903,0.461507,-0.458579,0.022791,0.253569,-0.396078,0.538601,-0.106892,-0.902894,0.099146,0.978262,-1.860146,1.860112,3.743765,-0.629527,0.617571,0.188339,-0.683594,0.184030,-0.105529,-0.001109,0.004232
20.472008,0.921104,0.942001,-1.490313,1.025977,-1.028355,0.833502,0.086527,0.366290,-0.399062,-0.068081,0.254150,-0.397246,0.539522,-0.106896,-0.902272,0.099332,0.977581,-1.859964,1.860001,3.743767,-0.629529,0.621379,0.187397,-0.682301,0.182377,-0.107257,-0.000203,0.001793
20.473001,0.922918,0.944642,-1.494273,1.026307,-1.028251,0.832934,0.087687,0.268485,-0.338497,-0.161316,0.255443,-0.398563,0.540612,-0.106952,-0.901639,0.099518,0.976897,-1.859779,1.859891,3.743768,-0.629526,0.624323,0.186314,-0.682063,0.183560,-0.109023,0.000474,0.002057
20.474048,0.919428,0.940494,-1.499883,1.027050,-1.031585,0.833419,0.088110,0.166818,-0.274309,-0.258351,0.255681,-0.399690,0.541797,-0.107069,-0.901014,0.099698,0.976225,-1.859599,1.859775,3.743771,-0.629525,0.622605,0.184884,-0.680330,0.182741,-0.111210,0.000898,0.001236
20.475033,0.922230,0.944824,-1.499330,1.028982,-1.032658,0.833258,0.088989,0.064514,-0.208906,-0.356029,0.254900,-0.400536,0.543026,-0.107226,-0.900392,0.099887,0.975550,-1.859418,1.859666,3.743771,-0.629521,0.624030,0.186881,-0.678194,0.181730,-0.110162,0.000270,0.001988
20.475986,0.921404,0.943159,-1.495322,1.028944,-1.034616,0.833936,0.089950,-0.034553,-0.147082,-0.450343,0.255035,-0.401282,0.544335,-0.107403,-0.899772,0.100067,0.974875,-1.859245,1.859552,3.743769,-0.629518,0.621834,0.184554,-0.678651,0.179453,-0.111181,0.000328,0.001712
20.477026,0.926604,0.941973,-1.500921,1.028688,-1.034853,0.832718,0.090064,-0.123933,-0.092573,-0.535003,0.256737,-0.401964,0.545553,-0.107575,-0.899150,0.100251,0.974191,-1.859067,1.859438,3.743765,-0.629517,0.621267,0.185178,-0.680441,0.178938,-0.111179,-0.000451,0.001235
20.478028,0.920688,0.940900,-1.497184,1.028198,-1.035991,0.832182,0.090611,-0.197576,-0.048273,-0.604237,0.259568,-0.402513,0.546559,-0.107716,-0.898540,0.100438,0.973515,-1.858887,1.859320,3.743770,-0.629513,0.618390,0.185681,-0.678216,0.178906,-0.113179,0.000625,0.002597
20.479008,0.915389,0.935627,-1.497499,1.028429,-1.034937,0.831678,0.092476,-0.254491,-0.014782,-0.657214,0.262920,-0.402861,0.547406,-0.107805,-0.897911,0.100623,0.972835,-1.858708,1.859200,3.743770,-0.629508,0.620651,0.186066,-0.680360,0.178993,-0.114092,0.001030,0.003002
20.479999,0.919118,0.931032,-1.497008,1.027677,-1.034818,0.831662,0.093397,-0.297575,0.008519,-0.696746,0.267052,-0.403037,0.548255,-0.107853,-0.897292,0.100819,0.972152,-1.858529,1.859075,3.743774,-0.629512,0.622514,0.188399,-0.680206,0.178283,-0.117111,0.001388,0.000756
20.480947,0.925466,0.928143,-1.490048,1.026294,-1.034931,0.832593,0.093192,-0.328139,0.020136,-0.723886,0.273082,-0.403171,0.549278,-0.107859,-0.896677,0.101014,0.971465,-1.858353,1.858953,3.743775,-0.629513,0.619950,0.190397,-0.680515,0.178652,-0.119231,0.001266,0.000450
20.481947,0.928818,0.925405,-1.482205,1.026172,-1.034507,0.832162,0.093393,-0.340401,0.016780,-0.733013,0.280783,-0.403251,0.550330,-0.107772,-0.896065,0.101205,0.970780,-1.858172,1.858827,3.743775,-0.629508,0.615862,0.191501,-0.683750,0.179382,-0.120947,0.000211,0.002306
20.482982,0.930026,0.920249,-1.482911,1.027213,-1.034797,0.831434,0.095186,-0.325780,-0.004313,-0.716052,0.289027,-0.403183,0.551049,-0.107535,-0.895459,0.101403,0.970081,-1.857992,1.858695,3.743773,-0.629503,0.613725,0.192571,-0.687676,0.179058,-0.123316,0.000544,0.003402
20.484028,0.927554,0.917560,-1.482842,1.027332,-1.035537,0.831357,0.095818,-0.283037,-0.043489,-0.671847,0.298211,-0.403081,0.551317,-0.107150,-0.894845,0.101602,0.969400,-1.857819,1.858562,3.743775,-0.629505,0.612781,0.194911,-0.687783,0.177875,-0.125059,0.001128,0.001373
20.485034,0.919611,0.916831,-1.483588,1.028863,-1.034165,0.829117,0.096228,-0.220362,-0.097457,-0.608154,0.309732,-0.403190,0.551348,-0.106672,-0.894238,0.101804,0.968712,-1.857642,1.858430,3.743776,-0.629501,0.613861,0.195983,-0.688333,0.177571,-0.126404,0.001065,0.001713
20.486034,0.915522,0.913495,-1.485106,1.027678,-1.032370,0.830280,0.097397,-0.150702,-0.158884,-0.537440,0.324063,-0.403619,0.551392,-0.106156,-0.893611,0.102001,0.968017,-1.857469,1.858296,3.743779,-0.629497,0.617156,0.196052,-0.688037,0.175799,-0.129730,0.003181,0.002413
20.487025,0.914769,0.906716,-1.484544,1.028141,-1.034467,0.831139,0.097940,-0.029786,-0.278481,-0.413152,0.359117,-0.405141,0.552174,-0.105186,-0.892377,0.102410,0.966640,-1.857115,1.858016,3.743774,-0.629495,0.618247,0.200347,-0.687741,0.175764,-0.133088,0.000911,0.002015
20.488011,0.916244,0.898765,-1.476798,1.026394,-1.034761,0.831303,0.099081,-0.029786,-0.278481,-0.413152,0.359117,-0.405141,0.552174,-0.105186,-0.892377,0.102410,0.966640,-1.857115,1.858016,3.743774,-0.629495,0.618247,0.200347,-0.687741,0.175764,-0.133088,0.000911,0.002015
20.488976,0.919875,0.892325,-1.469830,1.023577,-1.035361,0.830652,0.099579,0.023070,-0.339831,-0.357956,0.380276,-0.406300,0.553097,-0.104757,-0.891764,0.102622,0.965946,-1.856935,1.857879,3.743773,-0.629494,0.616836,0.203824,-0.691582,0.177042,-0.134656,0.000637,0.001222
20.489998,0.917805,0.884625,-1.467686,1.022377,-1.035431,0.830301,0.099611,0.083389,-0.410096,-0.295516,0.403539,-0.407733,0.554176,-0.104320,-0.891161,0.102836,0.965242,-1.856751,1.857740,3.743771,-0.629491,0.614328,0.206463,-0.694699,0.179197,-0.135802,0.001191,0.001700
20.491060,0.911095,0.882371,-1.461413,1.021433,-1.036801,0.828768,0.101154,0.156528,-0.490945,-0.220978,0.427414,-0.409263,0.555237,-0.103846,-0.890543,0.103057,0.964537,-1.856569,1.857599,3.743771,-0.629486,0.614914,0.209785,-0.695866,0.179981,-0.137663,0.001411,0.003181
20.492099,0.911329,0.879835,-1.464250,1.020169,-1.039550,0.829772,0.100697,0.238137,-0.578907,-0.138633,0.451307,-0.410829,0.556309,-0.103345,-0.889915,0.103267,0.963837,-1.856389,1.857459,3.743775,-0.629488,0.617963,0.210560,-0.699529,0.180736,-0.138346,0.002797,0.001696
20.493056,0.913151,0.877197,-1.458186,1.018129,-1.038257,0.830396,0.101899,0.320063,-0.667186,-0.056389,0.474377,-0.412385,0.557398,-0.102848,-0.889309,0.103483,0.963137,-1.856205,1.857321,3.743775,-0.629480,0.617589,0.211390,-0.698365,0.181613,-0.137585,0.001637,0.004202
20.493966,0.917566,0.872051,-1.454367,1.015876,-1.037752,0.831696,0.103229,0.398284,-0.750528,0.021730,0.495079,-0.413830,0.558409,-0.102381,-0.888691,0.103699,0.962423,-1.856021,1.857174,3.743773,-0.629480,0.615757,0.212099,-0.700898,0.182959,-0.140568,0.000909,0.003225
20.495100,0.921321,0.869218,-1.452644,1.015923,-1.038841,0.831654,0.104016,0.476137,-0.828759,0.098743,0.512081,-0.415056,0.559181,-0.101965,-0.888080,0.103915,0.961723,-1.855833,1.857029,3.743772,-0.629480,0.612374,0.213964,-0.702012,0.184237,-0.142573,-0.000500,0.001951
20.496094,0.924141,0.865297,-1.449733,1.014293,-1.039080,0.830556,0.103992,0.558060,-0.904106,0.178893,0.525332,-0.416095,0.559610,-0.101599,-0.887479,0.104136,0.961010,-1.855649,1.856884,3.743773,-0.629478,0.610997,0.215071,-0.703820,0.184146,-0.143719,-0.000598,0.002110
20.497031,0.924084,0.865703,-1.448240,1.012029,-1.037495,0.828371,0.105275,0.644789,-0.977437,0.262974,0.535558,-0.417099,0.559675,-0.101257,-0.886871,0.104353,0.960308,-1.855463,1.856736,3.743774,-0.629472,0.609036,0.216488,-0.705188,0.185203,-0.145248,0.000381,0.003663
20.498064,0.912780,0.864637,-1.446086,1.012938,-1.037400,0.827685,0.106659,0.733974,-1.045964,0.348626,0.542103,-0.418025,0.559310,-0.100934,-0.886268,0.104569,0.959600,-1.855276,1.856581,3.743779,-0.629474,0.608195,0.215606,-0.705281,0.186623,-0.148350,0.002435,0.002507
20.498990,0.909696,0.865774,-1.450350,1.009385,-1.034719,0.827439,0.106974,0.885092,-1.143331,0.491389,0.542051,-0.419108,0.557628,-0.100473,-0.885020,0.104999,0.958194,-1.854901,1.856265,3.743784,-0.629468,0.613725,0.214459,-0.703754,0.187881,-0.154363,0.003073,0.002096
20.500105,0.911745,0.865539,-1.458498,1.008632,-1.034377,0.829348,0.107904,0.885092,-1.143331,0.491389,0.542051,-0.419108,0.557628,-0.100473,-0.885020,0.104999,0.958194,-1.854901,1.856265,3.743784,-0.629468,0.613725,0.214459,-0.703754,0.187881,-0.154363,0.003073,0.002096
20.500974,0.911584,0.862739,-1.454673,1.007837,-1.035348,0.829561,0.109335,0.929410,-1.160810,0.531894,0.534366,-0.418812,0.556683,-0.100359,-0.884415,0.105213,0.957496,-1.854714,1.856102,3.743778,-0.629465,0.613000,0.214320,-0.700638,0.188456,-0.156695,0.001036,0.001915
20.501988,0.905159,0.856368,-1.454153,1.006450,-1.037487,0.829875,0.108598,0.962672,-1.143369,0.558372,0.506931,-0.416279,0.554924,-0.100253,-0.883186,0.105656,0.956094,-1.854337,1.855788,3.743781,-0.629459,0.614366,0.217520,-0.701801,0.188888,-0.156547,0.000274,0.003405
20.503108,0.901871,0.856590,-1.456068,1.009482,-1.040208,0.830630,0.110479,0.962672,-1.143369,0.558372,0.506931,-0.416279,0.554924,-0.100253,-0.883186,0.105656,0.956094,-1.854337,1.855788,3.743781,-0.629459,0.614366,0.217520,-0.701801,0.188888,-0.156547,0.000274,0.003405
20.504018,0.895111,0.858429,-1.460042,1.005806,-1.041119,0.830554,0.109381,0.960695,-1.122648,0.553518,0.493779,-0.414778,0.554386,-0.100191,-0.882567,0.105876,0.955388,-1.854154,1.855634,3.743778,-0.629463,0.616175,0.217057,-0.701759,0.185794,-0.155944,-0.000608,0.001316
20.504966,0.891977,0.853546,-1.462592,1.004383,-1.042547,0.830299,0.110765,0.944085,-1.094787,0.534713,0.483026,-0.413345,0.554185,-0.100097,-0.881942,0.106086,0.954700,-1.853962,1.855474,3.743779,-0.629454,0.618234,0.215480,-0.699125,0.188459,-0.156403,-0.000641,0.004920
20.506060,0.892321,0.855029,-1.462552,1.002451,-1.044343,0.830230,0.111695,0.910323,-1.056052,0.499393,0.472582,-0.411724,0.554234,-0.099975,-0.881325,0.106305,0.954007,-1.853771,1.855315,3.743780,-0.629454,0.618814,0.217287,-0.697481,0.188946,-0.156474,-0.000509,0.003549
20.507009,0.893341,0.858282,-1.463794,1.001264,-1.043475,0.831030,0.111935,0.862934,-1.007842,0.450845,0.461137,-0.409803,0.554413,-0.099829,-0.880705,0.106522,0.953313,-1.853578,1.855158,3.743779,-0.629453,0.618621,0.216176,-0.698367,0.190506,-0.156677,-0.000575,0.003369
20.507993,0.894497,0.857402,-1.467417,0.999561,-1.045847,0.830300,0.112985,0.750551,-0.888572,0.335803,0.430248,-0.404841,0.554075,-0.099471,-0.879482,0.106943,0.951915,-1.853188,1.854840,3.743775,-0.629443,0.615966,0.213950,-0.695328,0.191525,-0.158276,-0.000853,0.003691
20.509033,0.895565,0.854952,-1.470673,0.999339,-1.047227,0.830683,0.113336,0.750551,-0.888572,0.335803,0.430248,-0.404841,0.554075,-0.099471,-0.879482,0.106943,0.951915,-1.853188,1.854840,3.743775,-0.629443,0.615966,0.213950,-0.695328,0.191525,-0.158276,-0.000853,0.003691
20.510034,0.888223,0.852906,-1.469793,0.998497,-1.047524,0.828902,0.113638,0.691465,-0.820835,0.274930,0.410927,-0.402172,0.553439,-0.099307,-0.878863,0.107158,0.951228,-1.853000,1.854679,3.743771,-0.629436,0.615071,0.214757,-0.694192,0.191267,-0.158692,-0.001354,0.004562
20.510967,0.879108,0.858423,-1.475130,0.997266,-1.044992,0.828582,0.115282,0.631980,-0.753131,0.213505,0.391812,-0.399992,0.552764,-0.099199,-0.878241,0.107376,0.950533,-1.852807,1.854515,3.743775,-0.629429,0.618109,0.215231,-0.694694,0.191377,-0.160025,0.000302,0.005456
20.512084,0.884461,0.860034,-1.480360,0.997047,-1.048345,0.827859,0.116015,0.566981,-0.683395,0.146731,0.373404,-0.398419,0.552217,-0.099194,-0.877614,0.107581,0.949844,-1.852617,1.854344,3.743775,-0.629429,0.621486,0.211908,-0.691547,0.191676,-0.163914,0.000487,0.003568
20.512991,0.889485,0.861475,-1.486305,0.992523,-1.046472,0.828352,0.117906,0.491217,-0.606250,0.069611,0.354320,-0.397244,0.551742,-0.099320,-0.876999,0.107789,0.949168,-1.852425,1.854181,3.743777,-0.629425,0.618944,0.210935,-0.690199,0.191626,-0.162524,0.001064,0.003809
20.513995,0.892135,0.861878,-1.489355,0.993378,-1.046904,0.828920,0.117262,0.408936,-0.521935,-0.013841,0.332939,-0.396223,0.551109,-0.099548,-0.876393,0.107996,0.948484,-1.852222,1.854012,3.743776,-0.629426,0.615308,0.209603,-0.686592,0.194831,-0.165702,0.000450,0.001385
20.515042,0.890640,0.863262,-1.491817,0.990455,-1.046320,0.828877,0.118688,0.327357,-0.434109,-0.096812,0.308486,-0.395166,0.550171,-0.099831,-0.875779,0.108202,0.947807,-1.852035,1.853843,3.743773,-0.629415,0.613454,0.209011,-0.685391,0.193340,-0.166829,-0.000221,0.004216
20.516082,0.887963,0.861351,-1.494903,0.991902,-1.047143,0.828040,0.119385,0.249684,-0.346035,-0.176200,0.281929,-0.394045,0.548972,-0.100133,-0.875169,0.108407,0.947123,-1.851834,1.853668,3.743775,-0.629414,0.614012,0.208024,-0.684736,0.195534,-0.169095,-0.000315,0.002915
20.516978,0.889200,0.859484,-1.496646,0.988398,-1.044946,0.828259,0.119394,0.175669,-0.260340,-0.252053,0.255271,-0.392939,0.547683,-0.100422,-0.874554,0.108615,0.946436,-1.851643,1.853498,3.743776,-0.629409,0.615039,0.208648,-0.683653,0.193507,-0.169940,0.000391,0.003105
20.518061,0.895227,0.861572,-1.496037,0.987833,-1.046362,0.828787,0.120748,0.105290,-0.180145,-0.324113,0.230539,-0.391920,0.546485,-0.100660,-0.873939,0.108820,0.945765,-1.851444,1.853318,3.743776,-0.629401,0.613084,0.208974,-0.682238,0.195749,-0.173285,0.000054,0.004430
20.519051,0.896445,0.863048,-1.497907,0.986842,-1.048220,0.828223,0.120503,0.043008,-0.108240,-0.388034,0.207721,-0.390839,0.545315,-0.100806,-0.873339,0.109023,0.945076,-1.851246,1.853145,3.743772,-0.629397,0.610210,0.207715,-0.683381,0.195745,-0.173641,-0.000589,0.003336
20.519992,0.900309,0.863825,-1.488146,0.984527,-1.046559,0.827899,0.120563,-0.006449,-0.045358,-0.439360,0.185903,-0.389539,0.543944,-0.100849,-0.872729,0.109227,0.944403,-1.851052,1.852975,3.743774,-0.629386,0.609023,0.206584,-0.682638,0.195931,-0.173295,-0.000150,0.005320
20.521004,0.907114,0.862746,-1.493107,0.984326,-1.046746,0.828182,0.121154,-0.039705,0.008197,-0.474902,0.164577,-0.387984,0.542176,-0.100775,-0.872135,0.109433,0.943705,-1.850854,1.852791,3.743774,-0.629377,0.606334,0.205666,-0.687088,0.197149,-0.176225,0.000050,0.006592
20.521994,0.904073,0.858070,-1.492718,0.981655,-1.043682,0.828397,0.121314,-0.052888,0.050795,-0.490990,0.143474,-0.386166,0.539911,-0.100585,-0.871537,0.109642,0.943019,-1.850659,1.852612,3.743774,-0.629368,0.602609,0.205803,-0.684792,0.196576,-0.177526,-0.000363,0.006909
20.522937,0.897960,0.855715,-1.484477,0.981897,-1.041389,0.826319,0.122813,-0.047662,0.081225,-0.489139,0.123565,-0.384233,0.537393,-0.100326,-0.870925,0.109853,0.942340,-1.850456,1.852423,3.743773,-0.629357,0.603558,0.207673,-0.685164,0.198251,-0.181953,-0.000696,0.008066
20.524109,0.892106,0.851898,-1.484869,0.980380,-1.040596,0.826233,0.122735,-0.029683,0.099379,-0.474660,0.106450,-0.382411,0.535013,-0.100055,-0.870318,0.110064,0.941642,-1.850264,1.852228,3.743776,-0.629353,0.605749,0.208261,-0.688847,0.197031,-0.185370,0.001268,0.006460
20.525049,0.894502,0.848229,-1.489596,0.978907,-1.038237,0.826206,0.123749,-0.004015,0.105705,-0.452260,0.093602,-0.380905,0.533014,-0.099797,-0.869704,0.110277,0.940946,-1.850063,1.852035,3.743776,-0.629340,0.609273,0.210047,-0.690093,0.198310,-0.188035,0.001188,0.008388
20.525985,0.896900,0.845133,-1.489218,0.978911,-1.036977,0.827404,0.123261,0.052440,0.089497,-0.400080,0.081680,-0.379025,0.530712,-0.099336,-0.868499,0.110707,0.939573,-1.849667,1.851635,3.743772,-0.629318,0.605100,0.212146,-0.687153,0.197542,-0.193773,-0.000200,0.010113
20.527030,0.896102,0.845969,-1.482105,0.979311,-1.034519,0.828194,0.123611,0.052440,0.089497,-0.400080,0.081680,-0.379025,0.530712,-0.099336,-0.868499,0.110707,0.939573,-1.849667,1.851635,3.743772,-0.629318,0.605100,0.212146,-0.687153,0.197542,-0.193773,-0.000200,0.010113
20.527985,0.892398,0.840825,-1.487064,0.981374,-1.033246,0.827723,0.125031,0.083732,0.067850,-0.369599,0.082422,-0.378690,0.530238,-0.099092,-0.867895,0.110916,0.938879,-1.849474,1.851429,3.743770,-0.629303,0.605363,0.211359,-0.691187,0.196568,-0.197587,-0.001106,0.010935
20.529074,0.896666,0.833585,-1.487187,0.981107,-1.031513,0.827357,0.124925,0.117635,0.037716,-0.335591,0.088305,-0.378851,0.530053,-0.098821,-0.867294,0.111135,0.938191,-1.849287,1.851221,3.743771,-0.629295,0.606490,0.213309,-0.688388,0.193687,-0.199875,-0.000750,0.009495
20.529928,0.888466,0.832889,-1.482189,0.977805,-1.030907,0.827242,0.125830,0.151255,-0.001678,-0.300714,0.101139,-0.379732,0.530316,-0.098541,-0.866691,0.111359,0.937495,-1.849096,1.851010,3.743774,-0.629277,0.604479,0.216500,-0.689141,0.193636,-0.203063,-0.000538,0.011329
20.531119,0.894104,0.830451,-1.479734,0.978201,-1.031912,0.829178,0.126766,0.184388,-0.050055,-0.265412,0.120071,-0.381230,0.531040,-0.098264,-0.866075,0.111573,0.936807,-1.848896,1.850799,3.743774,-0.629267,0.607029,0.216009,-0.690541,0.195480,-0.204320,-0.000533,0.010755
20.532003,0.897346,0.827828,-1.475743,0.976857,-1.031577,0.829931,0.127053,0.218167,-0.103793,-0.229138,0.141701,-0.382926,0.531997,-0.097989,-0.865480,0.111793,0.936106,-1.848702,1.850591,3.743768,-0.629255,0.605116,0.217072,-0.693368,0.195017,-0.205113,-0.002603,0.010661
20.532934,0.899808,0.823361,-1.470126,0.973654,-1.029520,0.829209,0.128132,0.304342,-0.226313,-0.138816,0.186467,-0.386211,0.533755,-0.097335,-0.864288,0.112233,0.934707,-1.848306,1.850162,3.743763,-0.629231,0.600285,0.219090,-0.696581,0.197149,-0.209156,-0.002798,0.010592
20.534102,0.900179,0.823661,-1.468750,0.975922,-1.030399,0.827992,0.127526,0.361693,-0.294574,-0.080373,0.207400,-0.387567,0.534305,-0.096878,-0.863683,0.112458,0.933998,-1.848114,1.849951,3.743765,-0.629211,0.600790,0.218637,-0.698554,0.194755,-0.209944,-0.001736,0.013545
20.535033,0.894536,0.820853,-1.463172,0.972050,-1.028920,0.826884,0.127531,0.361693,-0.294574,-0.080373,0.207400,-0.387567,0.534305,-0.096878,-0.863683,0.112458,0.933998,-1.848114,1.849951,3.743765,-0.629211,0.600790,0.218637,-0.698554,0.194755,-0.209944,-0.001736,0.013545
20.535951,0.890128,0.820074,-1.457511,0.971670,-1.026501,0.826049,0.128609,0.423756,-0.363407,-0.017790,0.226855,-0.388735,0.534651,-0.096316,-0.863076,0.112679,0.933298,-1.847912,1.849733,3.743767,-0.629194,0.602650,0.219331,-0.700748,0.197457,-0.212293,-0.000759,0.014868
20.537006,0.895605,0.815298,-1.459156,0.971001,-1.024314,0.826105,0.129548,0.484668,-0.428254,0.043215,0.243814,-0.389645,0.534864,-0.095698,-0.862474,0.112899,0.932591,-1.847717,1.849508,3.743773,-0.629181,0.603866,0.218975,-0.702783,0.196683,-0.215468,-0.000074,0.014040
20.537995,0.895001,0.819252,-1.454051,0.971502,-1.023652,0.826738,0.129807,0.542368,-0.488113,0.100711,0.258158,-0.390324,0.534993,-0.095080,-0.861876,0.113123,0.931895,-1.847523,1.849282,3.743774,-0.629166,0.601079,0.220879,-0.702438,0.196795,-0.218835,-0.000277,0.013719
20.539072,0.899088,0.815716,-1.449694,0.969773,-1.020953,0.828141,0.130835,0.597660,-0.543771,0.155545,0.270443,-0.390876,0.534993,-0.094487,-0.861284,0.113338,0.931186,-1.847329,1.849058,3.743768,-0.629151,0.601011,0.218320,-0.704789,0.195456,-0.220463,-0.001008,0.014658
20.540100,0.897497,0.814570,-1.453760,0.968284,-1.022626,0.826767,0.131460,0.652355,-0.594822,0.209354,0.280101,-0.391222,0.534749,-0.093930,-0.860688,0.113561,0.930466,-1.847129,1.848825,3.743764,-0.629138,0.599103,0.219681,-0.707355,0.196608,-0.224359,-0.002524,0.014180
20.541024,0.892019,0.815737,-1.448847,0.967276,-1.020865,0.824433,0.132482,0.706546,-0.640951,0.262164,0.286526,-0.391266,0.534325,-0.093426,-0.860082,0.113780,0.929766,-1.846934,1.848601,3.743766,-0.629122,0.599637,0.219736,-0.705499,0.197397,-0.223755,-0.001263,0.014444
20.541947,0.885195,0.813775,-1.454297,0.967631,-1.019703,0.823822,0.131743,0.755047,-0.679227,0.309069,0.289438,-0.390952,0.533863,-0.092983,-0.859483,0.113999,0.929053,-1.846737,1.848369,3.743774,-0.629110,0.601470,0.218425,-0.707173,0.197262,-0.226239,0.000913,0.013749
20.543119,0.879817,0.811635,-1.453027,0.968012,-1.019830,0.823398,0.133978,0.789976,-0.705401,0.342707,0.289389,-0.390293,0.533487,-0.092584,-0.858872,0.114220,0.928351,-1.846543,1.848135,3.743774,-0.629084,0.603820,0.218675,-0.703717,0.195824,-0.228065,0.001394,0.016568
20.544089,0.883590,0.806186,-1.449169,0.963704,-1.019216,0.824180,0.133660,0.806553,-0.724626,0.359279,0.287246,-0.388391,0.533772,-0.091881,-0.857659,0.114666,0.926935,-1.846146,1.847672,3.743775,-0.629057,0.604556,0.221562,-0.707299,0.198590,-0.230901,0.000752,0.015886
20.545042,0.888465,0.806885,-1.445837,0.965664,-1.020597,0.826024,0.135173,0.804579,-0.728746,0.357875,0.285347,-0.386987,0.534238,-0.091523,-0.857059,0.114886,0.926234,-1.845956,1.847446,3.743768,-0.629046,0.601379,0.220514,-0.708536,0.195708,-0.230337,-0.001180,0.014232
20.546046,0.891509,0.802771,-1.453991,0.963102,-1.022097,0.825472,0.135301,0.804579,-0.728746,0.357875,0.285347,-0.386987,0.534238,-0.091523,-0.857059,0.114886,0.926234,-1.845956,1.847446,3.743768,-0.629046,0.601379,0.220514,-0.708536,0.195708,-0.230337,-0.001180,0.014232
20.547034,0.885816,0.798279,-1.453321,0.962867,-1.021893,0.824445,0.134603,0.806067,-0.740137,0.360235,0.280910,-0.383462,0.535221,-0.090556,-0.855860,0.115336,0.924821,-1.845561,1.846982,3.743769,-0.629002,0.601897,0.223570,-0.704519,0.196770,-0.230917,0.000171,0.018281
20.547939,0.879969,0.796481,-1.453971,0.960635,-1.022906,0.822165,0.136000,0.806067,-0.740137,0.360235,0.280910,-0.383462,0.535221,-0.090556,-0.855860,0.115336,0.924821,-1.845561,1.846982,3.743769,-0.629002,0.601897,0.223570,-0.704519,0.196770,-0.230917,0.000171,0.018281
20.549078,0.878588,0.792427,-1.467777,0.959153,-1.024571,0.823439,0.136823,0.781131,-0.743576,0.337379,0.279466,-0.379948,0.537398,-0.089298,-0.854645,0.115789,0.923433,-1.845159,1.846519,3.743773,-0.628975,0.604792,0.225286,-0.697701,0.198789,-0.230250,0.000876,0.016819
20.550048,0.883787,0.794643,-1.464537,0.956396,-1.023981,0.823350,0.136657,0.748185,-0.734862,0.306443,0.278494,-0.378245,0.539060,-0.088661,-0.854050,0.116008,0.922738,-1.844954,1.846283,3.743774,-0.628952,0.601587,0.223517,-0.699184,0.200411,-0.231663,0.000851,0.018558
20.550937,0.885591,0.790092,-1.465851,0.952978,-1.024605,0.824506,0.138547,0.748185,-0.734862,0.306443,0.278494,-0.378245,0.539060,-0.088661,-0.854050,0.116008,0.922738,-1.844954,1.846283,3.743774,-0.628952,0.601587,0.223517,-0.699184,0.200411,-0.231663,0.000851,0.018558
20.552104,0.890739,0.791443,-1.465964,0.953222,-1.026171,0.823929,0.138935,0.709266,-0.719414,0.269479,0.274811,-0.376413,0.540718,-0.088031,-0.853460,0.116236,0.922041,-1.844748,1.846050,3.743770,-0.628944,0.599659,0.224936,-0.697595,0.202331,-0.231589,-0.000405,0.016059
20.552975,0.889553,0.792383,-1.467622,0.951734,-1.027787,0.821779,0.140024,0.672691,-0.700685,0.234199,0.268182,-0.374545,0.542096,-0.087417,-0.852862,0.116459,0.921339,-1.844546,1.845821,3.743773,-0.628926,0.597830,0.223966,-0.698918,0.201751,-0.231541,0.000027,0.017027
20.554000,0.886402,0.785894,-1.473680,0.949189,-1.025336,0.821576,0.139644,0.640644,-0.679846,0.202674,0.259752,-0.372910,0.543029,-0.086820,-0.852261,0.116677,0.920650,-1.844344,1.845590,3.743777,-0.628914,0.597137,0.222686,-0.697094,0.201792,-0.230435,0.002061,0.016110
20.554924,0.881988,0.786671,-1.472123,0.947918,-1.024777,0.821523,0.141937,0.609354,-0.655736,0.171410,0.250552,-0.371686,0.543579,-0.086247,-0.851667,0.116908,0.919961,-1.844139,1.845349,3.743778,-0.628891,0.598559,0.225308,-0.694380,0.203399,-0.233870,0.002110,0.018374
20.556022,0.885192,0.786293,-1.479540,0.944567,-1.025343,0.821600,0.142743,0.573533,-0.627941,0.135603,0.241592,-0.370932,0.544054,-0.085735,-0.851060,0.117133,0.919261,-1.843936,1.845114,3.743779,-0.628884,0.599762,0.224105,-0.694542,0.203385,-0.235063,0.002037,0.015112
20.557028,0.886722,0.787486,-1.479797,0.941208,-1.023439,0.823639,0.143103,0.531598,-0.595258,0.093816,0.232445,-0.370491,0.544496,-0.085313,-0.850458,0.117357,0.918580,-1.843724,1.844876,3.743781,-0.628867,0.598359,0.223882,-0.691836,0.205935,-0.235697,0.001811,0.015143
20.558009,0.889909,0.783056,-1.486247,0.937781,-1.024969,0.824693,0.143967,0.485449,-0.555913,0.047732,0.221042,-0.369985,0.544740,-0.084949,-0.849869,0.117578,0.917890,-1.843511,1.844638,3.743776,-0.628849,0.597358,0.222701,-0.691881,0.208089,-0.238518,-0.000340,0.015891
20.559103,0.891003,0.785749,-1.487952,0.936685,-1.024776,0.823292,0.144199,0.438428,-0.510885,0.000472,0.206294,-0.369139,0.544745,-0.084596,-0.849274,0.117803,0.917214,-1.843297,1.844399,3.743775,-0.628833,0.595272,0.224272,-0.688730,0.210181,-0.237758,-0.001504,0.015584
20.560101,0.886564,0.781669,-1.488611,0.933086,-1.024096,0.822293,0.145527,0.392653,-0.462606,-0.045926,0.189063,-0.367939,0.544551,-0.084235,-0.848684,0.118022,0.916526,-1.843085,1.844157,3.743777,-0.628812,0.595091,0.222533,-0.688820,0.210409,-0.239121,-0.000224,0.016720
20.561029,0.878239,0.780829,-1.489415,0.932062,-1.025112,0.822077,0.145914,0.348130,-0.412153,-0.091448,0.170429,-0.366383,0.544168,-0.083860,-0.848082,0.118248,0.915830,-1.842865,1.843914,3.743779,-0.628797,0.596881,0.223951,-0.688510,0.212631,-0.240621,0.000631,0.015502
20.561974,0.883116,0.776447,-1.493090,0.927985,-1.027465,0.823279,0.146732,0.252736,-0.307903,-0.188473,0.134447,-0.362371,0.543482,-0.083054,-0.846885,0.118697,0.914469,-1.842437,1.843439,3.743779,-0.628762,0.596909,0.225045,-0.685614,0.214725,-0.238581,-0.000607,0.015820
20.563073,0.885602,0.777516,-1.497415,0.923454,-1.030257,0.823077,0.147426,0.252736,-0.307903,-0.188473,0.134447,-0.362371,0.543482,-0.083054,-0.846885,0.118697,0.914469,-1.842437,1.843439,3.743779,-0.628762,0.596909,0.225045,-0.685614,0.214725,-0.238581,-0.000607,0.015820
20.564089,0.885902,0.774337,-1.488628,0.921145,-1.031369,0.824170,0.147565,0.203750,-0.256921,-0.237758,0.117380,-0.359885,0.543263,-0.082605,-0.846288,0.118917,0.913794,-1.842214,1.843206,3.743777,-0.628746,0.595976,0.224123,-0.684576,0.218185,-0.237034,-0.000518,0.016046
20.565009,0.881986,0.769850,-1.495293,0.917581,-1.031241,0.824005,0.149306,0.161381,-0.208562,-0.280636,0.098716,-0.356883,0.542884,-0.082110,-0.845696,0.119143,0.913097,-1.841992,1.842970,3.743771,-0.628725,0.595622,0.225123,-0.689173,0.219094,-0.236887,-0.001713,0.017244
20.565931,0.886168,0.768012,-1.497687,0.915579,-1.032923,0.823054,0.149001,0.101851,-0.128283,-0.341736,0.059753,-0.350023,0.541997,-0.081018,-0.844502,0.119597,0.911736,-1.841549,1.842494,3.743773,-0.628693,0.593647,0.226635,-0.683695,0.221163,-0.236575,-0.000817,0.017065
20.566947,0.877728,0.762410,-1.492010,0.914793,-1.032646,0.822498,0.149600,0.101851,-0.128283,-0.341736,0.059753,-0.350023,0.541997,-0.081018,-0.844502,0.119597,0.911736,-1.841549,1.842494,3.743773,-0.628693,0.593647,0.226635,-0.683695,0.221163,-0.236575,-0.000817,0.017065
20.568036,0.877639,0.759899,-1.494089,0.913363,-1.032088,0.821768,0.150282,0.079651,-0.097706,-0.364530,0.042457,-0.346710,0.541808,-0.080427,-0.843902,0.119832,0.911041,-1.841329,1.842251,3.743773,-0.628674,0.597628,0.228736,-0.686755,0.220626,-0.237754,-0.000392,0.017321
20.568933,0.877162,0.755317,-1.487028,0.909236,-1.032820,0.821420,0.151644,0.049969,-0.064651,-0.394370,0.019948,-0.341592,0.542265,-0.079168,-0.842713,0.120295,0.909663,-1.840878,1.841772,3.743772,-0.628642,0.597079,0.230832,-0.689357,0.223096,-0.239243,0.000440,0.016120
20.569943,0.886331,0.758409,-1.488998,0.909736,-1.030430,0.820703,0.152372,0.048343,-0.062048,-0.395909,0.012773,-0.339570,0.542530,-0.078518,-0.842128,0.120521,0.908969,-1.840660,1.841519,3.743773,-0.628627,0.592287,0.228635,-0.688476,0.221235,-0.242435,0.001030,0.016160
20.571062,0.884621,0.754118,-1.494263,0.906742,-1.033133,0.821308,0.152651,0.048343,-0.062048,-0.395909,0.012773,-0.339570,0.542530,-0.078518,-0.842128,0.120521,0.908969,-1.840660,1.841519,3.743773,-0.628627,0.592287,0.228635,-0.688476,0.221235,-0.242435,0.001030,0.016160
20.571995,0.879197,0.748104,-1.498246,0.904389,-1.033652,0.820201,0.154061,0.057244,-0.065695,-0.387097,0.006574,-0.337688,0.542505,-0.077837,-0.841526,0.120753,0.908290,-1.840434,1.841278,3.743771,-0.628608,0.593585,0.230344,-0.687070,0.223187,-0.240925,0.000284,0.017242
20.572933,0.877880,0.748635,-1.495514,0.902824,-1.035644,0.819148,0.154316,0.076850,-0.081452,-0.366437,-0.000038,-0.334602,0.542800,-0.076438,-0.840336,0.121221,0.906913,-1.839985,1.840800,3.743782,-0.628576,0.595358,0.231309,-0.685617,0.223568,-0.239725,0.002159,0.016635
20.574124,0.883122,0.746314,-1.496060,0.901108,-1.037680,0.819888,0.154759,0.076850,-0.081452,-0.366437,-0.000038,-0.334602,0.542800,-0.076438,-0.840336,0.121221,0.906913,-1.839985,1.840800,3.743782,-0.628576,0.595358,0.231309,-0.685617,0.223568,-0.239725,0.002159,0.016635
20.574982,0.883150,0.742572,-1.490511,0.900513,-1.036018,0.819953,0.155926,0.082827,-0.091390,-0.359153,0.000324,-0.333441,0.543135,-0.075738,-0.839742,0.121455,0.906230,-1.839757,1.840560,3.743780,-0.628558,0.593669,0.232152,-0.687145,0.224451,-0.239185,0.001266,0.017494
20.576024,0.884860,0.741769,-1.478824,0.898120,-1.037712,0.821241,0.155990,0.093517,-0.105548,-0.347153,0.003227,-0.332486,0.543247,-0.075019,-0.839155,0.121689,0.905535,-1.839533,1.840319,3.743779,-0.628543,0.592448,0.232982,-0.688767,0.222987,-0.241255,0.001104,0.016389
20.577096,0.890096,0.734253,-1.486366,0.892266,-1.038893,0.820991,0.157457,0.152167,-0.158772,-0.287461,0.017162,-0.331051,0.542307,-0.073456,-0.837986,0.122162,0.904147,-1.839071,1.839834,3.743776,-0.628510,0.589284,0.235866,-0.691865,0.228410,-0.240402,-0.000171,0.016415
20.577990,0.891455,0.730637,-1.479457,0.888249,-1.039364,0.820607,0.157221,0.152167,-0.158772,-0.287461,0.017162,-0.331051,0.542307,-0.073456,-0.837986,0.122162,0.904147,-1.839071,1.839834,3.743776,-0.628510,0.589284,0.235866,-0.691865,0.228410,-0.240402,-0.000171,0.016415
20.579012,0.882177,0.728055,-1.477797,0.887117,-1.037824,0.820977,0.158123,0.201915,-0.196977,-0.238541,0.024885,-0.330241,0.541379,-0.072623,-0.837399,0.122403,0.903441,-1.838840,1.839589,3.743778,-0.628486,0.587634,0.236605,-0.694390,0.230326,-0.240389,0.000088,0.018189
20.580062,0.880251,0.726687,-1.475835,0.884596,-1.037190,0.820752,0.159455,0.259101,-0.239455,-0.182940,0.032216,-0.329413,0.540386,-0.071786,-0.836794,0.122640,0.902744,-1.838610,1.839343,3.743775,-0.628470,0.592007,0.237160,-0.695402,0.229893,-0.242827,-0.000399,0.017858
20.580997,0.884799,0.728584,-1.461697,0.881773,-1.035738,0.821025,0.159788,0.315077,-0.282045,-0.128768,0.040113,-0.328789,0.539508,-0.070986,-0.836204,0.122878,0.902041,-1.838376,1.839094,3.743776,-0.628454,0.592988,0.237158,-0.696757,0.230877,-0.244385,-0.000305,0.016721
20.582085,0.886587,0.720876,-1.453903,0.880677,-1.034243,0.821107,0.160325,0.369468,-0.322424,-0.076461,0.047784,-0.328382,0.538572,-0.070239,-0.835617,0.123107,0.901333,-1.838145,1.838843,3.743776,-0.628432,0.589980,0.235379,-0.703213,0.231799,-0.246378,-0.000699,0.017412
20.583019,0.889218,0.715731,-1.443723,0.877965,-1.034114,0.821276,0.160512,0.432203,-0.364464,-0.016657,0.054642,-0.328258,0.537218,-0.069510,-0.835034,0.123352,0.900613,-1.837914,1.838586,3.743775,-0.628414,0.589502,0.238598,-0.707578,0.231575,-0.248856,-0.000907,0.017926
20.583998,0.891083,0.713795,-1.445360,0.877378,-1.033553,0.819696,0.161639,0.510301,-0.415498,0.057647,0.062719,-0.328756,0.535493,-0.068774,-0.834451,0.123596,0.899889,-1.837680,1.838336,3.743772,-0.628392,0.587514,0.240148,-0.711804,0.232289,-0.249505,-0.001175,0.018892
20.585037,0.881952,0.714198,-1.447869,0.876450,-1.028760,0.818111,0.161731,0.602150,-0.477220,0.145212,0.073469,-0.330060,0.533593,-0.068039,-0.833863,0.123834,0.899185,-1.837453,1.838085,3.743773,-0.628377,0.586178,0.240276,-0.710686,0.231225,-0.250752,0.000291,0.018053
20.585947,0.877191,0.713678,-1.451843,0.876415,-1.028916,0.818935,0.162527,0.695060,-0.541754,0.234036,0.086517,-0.331994,0.531729,-0.067340,-0.833266,0.124074,0.898475,-1.837223,1.837816,3.743775,-0.628353,0.590693,0.239327,-0.709632,0.230677,-0.256294,0.001737,0.019379
20.587012,0.873905,0.711294,-1.454728,0.871797,-1.025831,0.818910,0.163287,0.771501,-0.598356,0.307515,0.101361,-0.334281,0.530231,-0.066722,-0.832670,0.124313,0.897775,-1.837000,1.837559,3.743774,-0.628334,0.592062,0.238610,-0.706843,0.228877,-0.256478,0.000780,0.019086
20.588049,0.878423,0.711521,-1.447357,0.871882,-1.025365,0.818756,0.163335,0.822008,-0.640982,0.356622,0.117027,-0.336603,0.529326,-0.066217,-0.832081,0.124549,0.897065,-1.836761,1.837291,3.743775,-0.628312,0.593875,0.239184,-0.705838,0.231944,-0.260391,0.000676,0.019104
20.589009,0.880014,0.705974,-1.446921,0.871451,-1.023665,0.819197,0.164467,0.850962,-0.670481,0.385291,0.131845,-0.338596,0.528891,-0.065800,-0.831489,0.124788,0.896342,-1.836532,1.837028,3.743776,-0.628291,0.591501,0.238333,-0.709583,0.230349,-0.261581,0.000697,0.020518
20.589957,0.880129,0.703197,-1.442368,0.871025,-1.020412,0.820047,0.165184,0.888269,-0.718655,0.423371,0.162951,-0.341909,0.528468,-0.064914,-0.830315,0.125270,0.894921,-1.836079,1.836484,3.743771,-0.628252,0.589533,0.240667,-0.710997,0.227733,-0.267338,-0.000813,0.019562
20.591004,0.885463,0.698509,-1.449934,0.869287,-1.021124,0.818786,0.165091,0.905570,-0.746961,0.441701,0.182305,-0.343596,0.528498,-0.064329,-0.829727,0.125518,0.894214,-1.835854,1.836219,3.743774,-0.628230,0.586901,0.242216,-0.707445,0.228158,-0.267351,0.000318,0.021272
20.591974,0.881575,0.698767,-1.447688,0.867938,-1.023128,0.818628,0.166330,0.905570,-0.746961,0.441701,0.182305,-0.343596,0.528498,-0.064329,-0.829727,0.125518,0.894214,-1.835854,1.836219,3.743774,-0.628230,0.586901,0.242216,-0.707445,0.228158,-0.267351,0.000318,0.021272
20.592928,0.876139,0.698292,-1.452941,0.869824,-1.024373,0.819203,0.166821,0.920005,-0.776661,0.457555,0.203464,-0.345277,0.528694,-0.063635,-0.829131,0.125756,0.893512,-1.835627,1.835953,3.743775,-0.628209,0.588320,0.241207,-0.708330,0.227827,-0.265828,0.000338,0.020165
20.593994,0.879597,0.697972,-1.454398,0.868693,-1.024243,0.819231,0.168439,0.925087,-0.803144,0.464649,0.226071,-0.347022,0.529082,-0.062882,-0.828542,0.125998,0.892807,-1.835408,1.835683,3.743773,-0.628186,0.590456,0.240527,-0.705201,0.224347,-0.265002,-0.000350,0.020561
20.594923,0.885757,0.701727,-1.452291,0.865146,-1.023799,0.821376,0.168653,0.915780,-0.823273,0.458203,0.250427,-0.348987,0.529715,-0.062125,-0.827956,0.126234,0.892108,-1.835188,1.835417,3.743772,-0.628172,0.588887,0.240054,-0.705050,0.224384,-0.265968,-0.000497,0.018873
20.596094,0.889686,0.699201,-1.456566,0.865031,-1.020701,0.820477,0.169445,0.896689,-0.835651,0.442210,0.273713,-0.350962,0.530348,-0.061386,-0.827382,0.126468,0.891398,-1.834959,1.835143,3.743764,-0.628147,0.585206,0.237266,-0.705359,0.226039,-0.266690,-0.002732,0.019789
20.596930,0.882562,0.697123,-1.455668,0.867467,-1.019137,0.819589,0.171019,0.875736,-0.839971,0.423683,0.292266,-0.352638,0.530678,-0.060679,-0.826797,0.126708,0.890690,-1.834735,1.834865,3.743766,-0.628130,0.584202,0.238107,-0.704535,0.225306,-0.270862,-0.001960,0.019914
20.597920,0.875277,0.695513,-1.463516,0.865368,-1.014524,0.818582,0.170949,0.853442,-0.839041,0.403279,0.307706,-0.354325,0.530846,-0.060033,-0.826204,0.126944,0.889996,-1.834524,1.834584,3.743766,-0.628116,0.586346,0.238038,-0.703672,0.221018,-0.272316,-0.001179,0.017966
20.598973,0.869113,0.695062,-1.460744,0.866130,-1.011738,0.818167,0.173075,0.774563,-0.820387,0.329466,0.339262,-0.359027,0.532161,-0.059085,-0.825011,0.127418,0.888606,-1.834088,1.834011,3.743769,-0.628084,0.592628,0.237598,-0.701597,0.219846,-0.280654,-0.000036,0.016834
20.600031,0.874981,0.696465,-1.472085,0.863304,-1.007463,0.818097,0.174111,0.774563,-0.820387,0.329466,0.339262,-0.359027,0.532161,-0.059085,-0.825011,0.127418,0.888606,-1.834088,1.834011,3.743769,-0.628084,0.592628,0.237598,-0.701597,0.219846,-0.280654,-0.000036,0.016834
20.600959,0.869227,0.690643,-1.475356,0.865710,-1.006730,0.818265,0.174883,0.711595,-0.798060,0.270070,0.353535,-0.361676,0.533460,-0.058827,-0.824432,0.127655,0.887915,-1.833860,1.833717,3.743770,-0.628068,0.589881,0.236236,-0.696437,0.221344,-0.285453,-0.000104,0.016333
20.601960,0.874711,0.696357,-1.479781,0.865702,-1.001934,0.818446,0.176053,0.636056,-0.767653,0.198733,0.365598,-0.364294,0.535080,-0.058671,-0.823836,0.127898,0.887222,-1.833650,1.833429,3.743768,-0.628053,0.591951,0.238182,-0.694297,0.217445,-0.286293,-0.000381,0.016148
20.603021,0.875547,0.690619,-1.483081,0.867032,-0.998560,0.818459,0.176204,0.550598,-0.731938,0.118160,0.376776,-0.366977,0.536986,-0.058550,-0.823247,0.128124,0.886539,-1.833439,1.833127,3.743768,-0.628040,0.588887,0.234630,-0.692274,0.216319,-0.291372,-0.000686,0.015275
20.603953,0.869825,0.688257,-1.484285,0.867759,-0.991764,0.818653,0.177340,0.460993,-0.693297,0.033716,0.387279,-0.369616,0.538963,-0.058395,-0.822662,0.128365,0.885848,-1.833229,1.832822,3.743769,-0.628019,0.588675,0.236852,-0.691233,0.214047,-0.295149,-0.000834,0.016531
20.604945,0.868387,0.686832,-1.486095,0.867865,-0.987331,0.817019,0.177334,0.371319,-0.655557,-0.050692,0.398134,-0.372169,0.541033,-0.058169,-0.822066,0.128604,0.885157,-1.833021,1.832509,3.743767,-0.628005,0.590738,0.237078,-0.690152,0.211964,-0.301877,-0.001135,0.015602
20.606109,0.873300,0.684330,-1.486405,0.866200,-0.984038,0.816217,0.177459,0.281693,-0.620558,-0.134815,0.410387,-0.374621,0.543314,-0.057870,-0.821470,0.128841,0.884476,-1.832813,1.832191,3.743771,-0.627983,0.591015,0.237003,-0.689398,0.210718,-0.306345,0.000370,0.017064
20.607120,0.877184,0.685325,-1.492114,0.865518,-0.980236,0.816226,0.179708,0.195562,-0.588100,-0.215566,0.422571,-0.376738,0.545624,-0.057516,-0.820887,0.129079,0.883785,-1.832599,1.831871,3.743773,-0.627962,0.589451,0.237808,-0.690726,0.211785,-0.310226,0.001007,0.018505
20.608003,0.874786,0.682831,-1.491439,0.864147,-0.978013,0.816482,0.179499,0.118771,-0.558080,-0.287683,0.432313,-0.378260,0.547686,-0.057142,-0.820302,0.129310,0.883105,-1.832391,1.831548,3.743770,-0.627954,0.587341,0.236606,-0.688149,0.211381,-0.314093,0.000881,0.015472
20.609019,0.876472,0.679218,-1.491990,0.865825,-0.977327,0.815260,0.180385,0.052047,-0.528550,-0.350622,0.438285,-0.379100,0.549387,-0.056777,-0.819721,0.129548,0.882421,-1.832177,1.831224,3.743771,-0.627932,0.587584,0.236846,-0.687702,0.211064,-0.315927,0.000503,0.017198
20.610015,0.872206,0.679465,-1.494011,0.863123,-0.972100,0.815275,0.180623,-0.005612,-0.500368,-0.405209,0.442087,-0.379593,0.550813,-0.056409,-0.819134,0.129788,0.881729,-1.831975,1.830903,3.743774,-0.627919,0.586577,0.237880,-0.687642,0.208453,-0.316709,0.001596,0.016901
20.611108,0.871424,0.677973,-1.489959,0.865018,-0.966639,0.813494,0.182205,-0.055123,-0.474798,-0.452229,0.445379,-0.380037,0.552064,-0.056026,-0.818535,0.130018,0.881050,-1.831761,1.830565,3.743775,-0.627898,0.588320,0.237038,-0.686820,0.209934,-0.321842,0.001442,0.017875
20.612007,0.865865,0.680960,-1.491775,0.862995,-0.962976,0.813376,0.182986,-0.098214,-0.449990,-0.493445,0.447785,-0.380332,0.553114,-0.055626,-0.817951,0.130256,0.880356,-1.831558,1.830224,3.743782,-0.627887,0.589107,0.237191,-0.689725,0.207368,-0.327467,0.003064,0.016307
20.612997,0.868936,0.681550,-1.492633,0.861784,-0.963189,0.814363,0.183177,-0.136581,-0.423393,-0.530537,0.448797,-0.380300,0.553835,-0.055199,-0.817356,0.130487,0.879675,-1.831350,1.829891,3.743782,-0.627870,0.590864,0.234768,-0.688125,0.207920,-0.330699,0.003053,0.016064
20.613998,0.872383,0.678730,-1.489603,0.860182,-0.960677,0.815967,0.184656,-0.172740,-0.391141,-0.565977,0.447255,-0.379723,0.554073,-0.054740,-0.816776,0.130717,0.878984,-1.831143,1.829558,3.743782,-0.627850,0.589050,0.233769,-0.687722,0.208000,-0.330349,0.001927,0.017126
20.615047,0.868271,0.676108,-1.497112,0.857028,-0.957839,0.815416,0.184838,-0.203941,-0.354052,-0.597139,0.442629,-0.378542,0.553738,-0.054253,-0.816191,0.130956,0.878285,-1.830933,1.829217,3.743781,-0.627838,0.587101,0.234403,-0.689254,0.208462,-0.332745,0.000202,0.015619
20.616011,0.869166,0.677167,-1.492945,0.858553,-0.958347,0.814639,0.187507,-0.227572,-0.315796,-0.621335,0.435607,-0.376849,0.552971,-0.053750,-0.815596,0.131191,0.877611,-1.830720,1.828874,3.743783,-0.627818,0.589183,0.235060,-0.686161,0.210590,-0.335574,0.000628,0.016802
20.616960,0.867427,0.670870,-1.495229,0.857823,-0.957257,0.814205,0.186679,-0.246952,-0.276722,-0.641524,0.427260,-0.374778,0.551966,-0.053242,-0.815013,0.131424,0.876919,-1.830514,1.828538,3.743785,-0.627812,0.588247,0.233711,-0.688067,0.207813,-0.334809,0.001277,0.012860
20.618064,0.864024,0.663789,-1.488276,0.854553,-0.955744,0.815096,0.188294,-0.262749,-0.239552,-0.658150,0.420325,-0.372720,0.550779,-0.052712,-0.814423,0.131663,0.876241,-1.830311,1.828206,3.743786,-0.627788,0.588486,0.235983,-0.686713,0.207375,-0.335689,0.001585,0.015938
20.618996,0.871188,0.663787,-1.489630,0.852383,-0.954289,0.815291,0.188925,-0.272542,-0.210162,-0.668734,0.417239,-0.370983,0.549595,-0.052131,-0.813835,0.131907,0.875539,-1.830094,1.827862,3.743785,-0.627778,0.590647,0.238888,-0.691078,0.209746,-0.337370,0.000547,0.014303
20.620009,0.882759,0.663893,-1.482702,0.851726,-0.955055,0.816111,0.189919,-0.272836,-0.191237,-0.670056,0.417181,-0.369430,0.548463,-0.051494,-0.813259,0.132146,0.874840,-1.829881,1.827522,3.743786,-0.627763,0.586416,0.237917,-0.689773,0.210409,-0.338453,0.000238,0.014421
20.621122,0.883654,0.663985,-1.476023,0.850192,-0.953998,0.815483,0.189798,-0.257023,-0.182082,-0.656243,0.417563,-0.367791,0.546974,-0.050777,-0.812684,0.132380,0.874142,-1.829669,1.827183,3.743781,-0.627749,0.580597,0.237157,-0.693399,0.209916,-0.337586,-0.000688,0.013918
20.622016,0.885942,0.661869,-1.473677,0.849570,-0.953842,0.814942,0.191240,-0.218627,-0.182356,-0.621509,0.416682,-0.365970,0.544711,-0.049940,-0.812105,0.132617,0.873431,-1.829459,1.826840,3.743781,-0.627730,0.580813,0.236570,-0.697543,0.210746,-0.338853,-0.000180,0.015805
20.622970,0.885211,0.663484,-1.468545,0.846213,-0.955264,0.814927,0.190368,-0.159145,-0.190693,-0.567329,0.414241,-0.364031,0.541673,-0.048993,-0.811529,0.132855,0.872727,-1.829254,1.826503,3.743780,-0.627720,0.578802,0.236627,-0.697723,0.209892,-0.338539,0.000251,0.014207
20.624062,0.884285,0.660724,-1.467111,0.848643,-0.956260,0.814933,0.192648,-0.086010,-0.203253,-0.500717,0.409965,-0.362074,0.538058,-0.047985,-0.810945,0.133084,0.872028,-1.829039,1.826165,3.743779,-0.627699,0.578660,0.235020,-0.699920,0.211825,-0.336834,0.000151,0.017370
20.625060,0.889241,0.656413,-1.461018,0.846331,-0.950822,0.814526,0.193018,-0.006471,-0.217215,-0.428440,0.404276,-0.360312,0.534112,-0.046972,-0.810368,0.133323,0.871323,-1.828834,1.825829,3.743778,-0.627691,0.579619,0.235822,-0.701311,0.208667,-0.336049,0.000013,0.014385
20.626029,0.897904,0.654692,-1.464969,0.843895,-0.948908,0.815489,0.193511,0.076521,-0.234843,-0.352946,0.399285,-0.359082,0.530139,-0.045992,-0.809793,0.133559,0.870620,-1.828623,1.825479,3.743779,-0.627675,0.576988,0.237212,-0.704311,0.209842,-0.341296,0.000295,0.015139
20.627005,0.907174,0.652344,-1.456627,0.843621,-0.948625,0.815404,0.195008,0.164719,-0.258482,-0.272456,0.394824,-0.358328,0.526265,-0.045052,-0.809237,0.133798,0.869917,-1.828410,1.825131,3.743775,-0.627656,0.572540,0.237194,-0.701962,0.210924,-0.342853,-0.000778,0.015550
20.628012,0.904699,0.651179,-1.449544,0.843921,-0.945510,0.815339,0.194800,0.261124,-0.288183,-0.184292,0.389257,-0.357796,0.522409,-0.044153,-0.808675,0.134038,0.869195,-1.828203,1.824787,3.743773,-0.627645,0.567778,0.237508,-0.705719,0.209988,-0.342859,-0.000795,0.013984
20.629015,0.900218,0.647899,-1.447431,0.842715,-0.943487,0.814613,0.196843,0.367861,-0.325151,-0.086460,0.383144,-0.357466,0.518508,-0.043299,-0.808097,0.134273,0.868482,-1.827996,1.824436,3.743772,-0.627627,0.568977,0.237356,-0.709137,0.208618,-0.345771,-0.000846,0.015899
20.629980,0.906603,0.650998,-1.447125,0.841284,-0.943265,0.813450,0.196373,0.479276,-0.367865,0.015907,0.377715,-0.357268,0.514769,-0.042503,-0.807528,0.134514,0.867767,-1.827787,1.824080,3.743775,-0.627617,0.571214,0.238185,-0.710000,0.208734,-0.347500,-0.000257,0.013255
20.631073,0.907184,0.648801,-1.448947,0.839920,-0.944726,0.813517,0.198038,0.586365,-0.410766,0.114427,0.372312,-0.356896,0.511338,-0.041770,-0.806965,0.134745,0.867068,-1.827579,1.823734,3.743776,-0.627597,0.567756,0.235828,-0.709833,0.208929,-0.347385,0.000782,0.015637
20.632110,0.904897,0.644204,-1.439993,0.838500,-0.941318,0.814366,0.198023,0.685002,-0.448854,0.205050,0.365139,-0.356008,0.508106,-0.041084,-0.806401,0.134983,0.866353,-1.827368,1.823389,3.743776,-0.627587,0.568154,0.236363,-0.709510,0.209467,-0.346024,0.000569,0.013898
20.632946,0.909891,0.642279,-1.442303,0.837072,-0.940355,0.814337,0.199694,0.774271,-0.482508,0.286933,0.356350,-0.354512,0.505160,-0.040419,-0.805829,0.135226,0.865626,-1.827155,1.823041,3.743771,-0.627569,0.569482,0.237892,-0.713998,0.209806,-0.349379,-0.000389,0.015468
20.634053,0.918748,0.637314,-1.447187,0.837967,-0.944757,0.814648,0.200323,0.855620,-0.515084,0.361619,0.347130,-0.352448,0.502660,-0.039746,-0.805266,0.135464,0.864923,-1.826951,1.822694,3.743771,-0.627560,0.565857,0.237720,-0.711342,0.209574,-0.349563,-0.000459,0.013329
20.634960,0.910294,0.636567,-1.443947,0.835077,-0.942793,0.813986,0.199947,0.930615,-0.549068,0.430706,0.338848,-0.350031,0.500635,-0.039038,-0.804715,0.135707,0.864213,-1.826744,1.822353,3.743771,-0.627544,0.562325,0.239587,-0.709665,0.208004,-0.345310,-0.000906,0.013719
20.636048,0.911337,0.631739,-1.450705,0.835737,-0.946048,0.814749,0.201290,0.997268,-0.584555,0.492322,0.332668,-0.347535,0.499167,-0.038278,-0.804141,0.135948,0.863492,-1.826533,1.822007,3.743771,-0.627524,0.565893,0.238922,-0.710260,0.209376,-0.346835,-0.000349,0.015793
20.637058,0.908264,0.630150,-1.449624,0.833061,-0.947157,0.815160,0.201896,1.049417,-0.618432,0.540581,0.328715,-0.345034,0.498428,-0.037494,-0.803579,0.136192,0.862792,-1.826328,1.821665,3.743770,-0.627511,0.565984,0.240681,-0.707569,0.207987,-0.343661,-0.001257,0.014685
20.638060,0.909371,0.626892,-1.455225,0.828979,-0.949675,0.814275,0.203165,1.082830,-0.648850,0.571538,0.327170,-0.342615,0.498560,-0.036744,-0.803007,0.136433,0.862079,-1.826114,1.821325,3.743766,-0.627496,0.567520,0.240652,-0.708046,0.209489,-0.342465,-0.001767,0.014962
20.638944,0.915176,0.620013,-1.451565,0.827952,-0.948138,0.815472,0.204060,1.097722,-0.674182,0.585312,0.326507,-0.340198,0.499480,-0.036074,-0.802440,0.136675,0.861386,-1.825896,1.820985,3.743768,-0.627483,0.566948,0.241463,-0.705300,0.212242,-0.339792,-0.001007,0.013887
20.639997,0.914582,0.624293,-1.458137,0.826790,-0.949692,0.813669,0.204772,1.099240,-0.695593,0.586629,0.325252,-0.337730,0.500987,-0.035490,-0.801887,0.136924,0.860678,-1.825686,1.820644,3.743764,-0.627471,0.563374,0.243754,-0.706077,0.211611,-0.340841,-0.002306,0.013405
20.640985,0.906801,0.624355,-1.457569,0.827121,-0.950048,0.812209,0.206296,1.092844,-0.715227,0.580527,0.323509,-0.335366,0.502851,-0.034977,-0.801319,0.137162,0.859973,-1.825472,1.820311,3.743766,-0.627456,0.564053,0.240888,-0.703125,0.211757,-0.339359,-0.000619,0.013533
20.641942,0.906743,0.623414,-1.465568,0.824666,-0.947811,0.813745,0.205758,1.074670,-0.728059,0.563134,0.320833,-0.333164,0.504861,-0.034542,-0.800740,0.137399,0.859276,-1.825265,1.819971,3.743768,-0.627447,0.567724,0.240074,-0.703358,0.210278,-0.338838,0.000701,0.011939
20.643050,0.908054,0.623779,-1.467019,0.824806,-0.945577,0.813050,0.207189,1.038121,-0.729147,0.528210,0.317120,-0.331164,0.507041,-0.034196,-0.800176,0.137638,0.858580,-1.825050,1.819628,3.743765,-0.627427,0.567448,0.239666,-0.698978,0.211307,-0.340781,-0.000968,0.014436
20.644071,0.908823,0.621971,-1.468817,0.823079,-0.945265,0.813192,0.208380,0.983277,-0.718524,0.475972,0.312368,-0.329359,0.509446,-0.033920,-0.799608,0.137872,0.857884,-1.824843,1.819280,3.743766,-0.627416,0.567495,0.238958,-0.699243,0.210476,-0.343159,-0.000392,0.013181
20.644950,0.908917,0.618880,-1.475439,0.820973,-0.947593,0.813828,0.208023,0.915813,-0.699113,0.411928,0.306687,-0.327748,0.511967,-0.033699,-0.799045,0.138113,0.857183,-1.824631,1.818935,3.743766,-0.627405,0.567291,0.239100,-0.698477,0.211102,-0.343319,-0.000669,0.012318
20.645965,0.909216,0.616277,-1.479920,0.818797,-0.945016,0.812912,0.208721,0.840277,-0.674368,0.340566,0.300808,-0.326437,0.514586,-0.033509,-0.798478,0.138356,0.856493,-1.824419,1.818602,3.743763,-0.627388,0.566398,0.239545,-0.694220,0.211517,-0.340496,-0.001403,0.014333
20.646966,0.909357,0.615856,-1.489324,0.817750,-0.943661,0.810941,0.208430,0.757723,-0.646050,0.262985,0.295256,-0.325456,0.517410,-0.033323,-0.797907,0.138596,0.855814,-1.824207,1.818251,3.743764,-0.627375,0.566288,0.240069,-0.692360,0.212556,-0.342927,-0.000607,0.014414
20.647934,0.900660,0.618481,-1.490072,0.816534,-0.943761,0.809511,0.210041,0.668081,-0.614033,0.179019,0.289995,-0.324640,0.520436,-0.033129,-0.797342,0.138838,0.855133,-1.823992,1.817909,3.743770,-0.627357,0.566239,0.239428,-0.687848,0.212326,-0.344110,0.001220,0.016469
20.648963,0.907272,0.618066,-1.491865,0.816425,-0.942970,0.809465,0.211227,0.568902,-0.575375,0.086140,0.284655,-0.323747,0.523539,-0.032940,-0.796762,0.139071,0.854455,-1.823781,1.817561,3.743774,-0.627348,0.570235,0.237308,-0.687490,0.212226,-0.343668,0.002500,0.014650
20.649952,0.904287,0.617460,-1.489108,0.814384,-0.940848,0.810230,0.211414,0.461577,-0.529156,-0.014468,0.279164,-0.322650,0.526488,-0.032754,-0.796203,0.139307,0.853768,-1.823570,1.817219,3.743774,-0.627335,0.567132,0.236836,-0.686978,0.211270,-0.344409,0.002401,0.013807
20.651000,0.908531,0.619252,-1.493936,0.814971,-0.940019,0.811321,0.213085,0.354793,-0.479720,-0.114552,0.273816,-0.321315,0.529048,-0.032527,-0.795628,0.139544,0.853076,-1.823354,1.816872,3.743773,-0.627318,0.568487,0.236333,-0.688362,0.211976,-0.346295,0.001509,0.014894
20.652011,0.905861,0.618377,-1.498225,0.813991,-0.941735,0.811159,0.214121,0.254840,-0.430598,-0.208020,0.268803,-0.319695,0.531140,-0.032236,-0.795061,0.139774,0.852402,-1.823146,1.816524,3.743770,-0.627306,0.566642,0.234839,-0.686618,0.210445,-0.347051,0.000302,0.013072
20.653009,0.907347,0.615853,-1.499795,0.813482,-0.938782,0.810410,0.215310,0.161490,-0.382263,-0.294896,0.264667,-0.317849,0.532838,-0.031909,-0.794494,0.140008,0.851719,-1.822936,1.816181,3.743769,-0.627295,0.568073,0.234568,-0.684742,0.210337,-0.345170,0.000356,0.012510
20.653942,0.899394,0.612647,-1.502332,0.809708,-0.939803,0.809248,0.215971,0.073270,-0.335749,-0.376417,0.262357,-0.315936,0.534297,-0.031571,-0.793924,0.140246,0.851034,-1.822729,1.815830,3.743773,-0.627285,0.567232,0.235047,-0.684117,0.209737,-0.347913,0.000966,0.011610
20.655041,0.893023,0.610330,-1.505132,0.808301,-0.935151,0.808103,0.215749,-0.094243,-0.250387,-0.529552,0.262882,-0.311948,0.537179,-0.030861,-0.792764,0.140720,0.849674,-1.822299,1.815121,3.743780,-0.627256,0.574317,0.236323,-0.682161,0.212497,-0.351099,0.002979,0.013746
20.656058,0.904083,0.603744,-1.502047,0.807348,-0.934169,0.809853,0.218511,-0.094243,-0.250387,-0.529552,0.262882,-0.311948,0.537179,-0.030861,-0.792764,0.140720,0.849674,-1.822299,1.815121,3.743780,-0.627256,0.574317,0.236323,-0.682161,0.212497,-0.351099,0.002979,0.013746
20.656943,0.902037,0.604248,-1.494634,0.805126,-0.932307,0.810255,0.216680,-0.174128,-0.213326,-0.601730,0.264960,-0.309805,0.538817,-0.030462,-0.792203,0.140961,0.848991,-1.822090,1.814772,3.743779,-0.627257,0.568870,0.238849,-0.684065,0.212392,-0.351861,0.001081,0.009716
20.658013,0.904464,0.600279,-1.489836,0.804615,-0.930032,0.811415,0.218501,-0.237576,-0.188039,-0.658039,0.268372,-0.307695,0.540300,-0.029980,-0.791637,0.141197,0.848298,-1.821875,1.814414,3.743778,-0.627233,0.569169,0.237558,-0.686877,0.212893,-0.353034,0.000587,0.014723
20.659008,0.906133,0.597836,-1.488448,0.805710,-0.932195,0.812176,0.218463,-0.277566,-0.176353,-0.692159,0.272205,-0.305624,0.541344,-0.029370,-0.791072,0.141440,0.847600,-1.821661,1.814058,3.743773,-0.627227,0.568420,0.238866,-0.689872,0.212405,-0.355247,-0.000682,0.012617
20.659992,0.909644,0.593045,-1.490841,0.805608,-0.925951,0.810608,0.220264,-0.294429,-0.178593,-0.704398,0.277141,-0.303798,0.541969,-0.028645,-0.790500,0.141678,0.846898,-1.821455,1.813705,3.743769,-0.627210,0.567481,0.239282,-0.690458,0.210228,-0.352753,-0.001542,0.014179
20.661052,0.897400,0.590985,-1.492940,0.805618,-0.922358,0.810357,0.219715,-0.291647,-0.195093,-0.697853,0.284882,-0.302532,0.542348,-0.027839,-0.789943,0.141924,0.846215,-1.821248,1.813332,3.743773,-0.627201,0.565705,0.240777,-0.689299,0.209191,-0.358552,-0.000099,0.012007
20.662038,0.902872,0.585791,-1.495186,0.803773,-0.918002,0.809910,0.220792,-0.279018,-0.221450,-0.681648,0.295634,-0.301813,0.542765,-0.026987,-0.789357,0.142166,0.845533,-1.821042,1.812968,3.743771,-0.627180,0.572071,0.241082,-0.688948,0.208356,-0.361940,0.000020,0.014686
20.662956,0.902126,0.579134,-1.486844,0.800502,-0.910211,0.810032,0.221503,-0.266865,-0.251721,-0.665508,0.308289,-0.301418,0.543496,-0.026128,-0.788799,0.142413,0.844845,-1.820833,1.812591,3.743773,-0.627164,0.569240,0.242763,-0.687827,0.209018,-0.365743,0.000337,0.013937
20.663955,0.904245,0.575007,-1.486474,0.800173,-0.908809,0.809576,0.222219,-0.253421,-0.285342,-0.648009,0.320882,-0.301072,0.544510,-0.025290,-0.788229,0.142663,0.844142,-1.820615,1.812212,3.743773,-0.627151,0.569031,0.244992,-0.691311,0.210642,-0.372761,0.000094,0.013869
20.664944,0.910257,0.565866,-1.481715,0.799785,-0.902674,0.809522,0.222613,-0.231580,-0.324894,-0.622743,0.332035,-0.300591,0.545635,-0.024474,-0.787659,0.142912,0.843454,-1.820408,1.811833,3.743772,-0.627137,0.567911,0.246121,-0.691578,0.209849,-0.373567,0.000439,0.013906
20.665955,0.918024,0.564860,-1.478577,0.798603,-0.902102,0.810376,0.222744,-0.197308,-0.373533,-0.585946,0.342594,-0.300112,0.546811,-0.023654,-0.787106,0.143169,0.842754,-1.820200,1.811439,3.743772,-0.627120,0.564963,0.249682,-0.693869,0.209098,-0.379038,0.000366,0.014567
20.667039,0.914368,0.560481,-1.476324,0.800556,-0.896587,0.809129,0.223161,-0.146016,-0.433968,-0.533415,0.353301,-0.299788,0.547920,-0.022791,-0.786549,0.143420,0.842058,-1.819990,1.811066,3.743769,-0.627103,0.561249,0.249226,-0.695554,0.209171,-0.379122,-0.000611,0.015784
20.668047,0.915238,0.558567,-1.473267,0.799274,-0.895857,0.808496,0.224376,-0.078548,-0.503859,-0.466193,0.363886,-0.299592,0.548833,-0.021873,-0.785988,0.143671,0.841353,-1.819789,1.810666,3.743773,-0.627085,0.563761,0.250665,-0.697310,0.206569,-0.384221,0.000500,0.016527
20.668932,0.918101,0.554425,-1.466781,0.794131,-0.894170,0.809191,0.224422,-0.002861,-0.578029,-0.391763,0.374657,-0.299520,0.549588,-0.020931,-0.785426,0.143923,0.840642,-1.819580,1.810279,3.743774,-0.627071,0.563404,0.250663,-0.698748,0.206788,-0.384318,0.000998,0.015562
20.669964,0.925261,0.549831,-1.460095,0.792930,-0.890937,0.808830,0.225651,0.077168,-0.651699,-0.313922,0.383920,-0.299373,0.550124,-0.020016,-0.784865,0.144175,0.839943,-1.819364,1.809892,3.743772,-0.627052,0.561231,0.251553,-0.701036,0.210203,-0.385026,0.000192,0.016766
20.671017,0.932635,0.542381,-1.456070,0.791655,-0.890342,0.808796,0.227274,0.165433,-0.723376,-0.229328,0.389011,-0.298892,0.550246,-0.019153,-0.784316,0.144433,0.839230,-1.819152,1.809493,3.743774,-0.627037,0.558059,0.252898,-0.704478,0.210310,-0.387649,0.000420,0.015799
20.671946,0.936944,0.536699,-1.449436,0.786857,-0.887905,0.807913,0.227620,0.267453,-0.796889,-0.132735,0.390660,-0.298230,0.549901,-0.018344,-0.783767,0.144695,0.838512,-1.818944,1.809106,3.743774,-0.627026,0.554923,0.255663,-0.706685,0.210672,-0.387774,0.000320,0.014108
20.673047,0.935681,0.535312,-1.451944,0.786029,-0.886573,0.806781,0.228962,0.385449,-0.875553,-0.021961,0.390395,-0.297616,0.549149,-0.017580,-0.783213,0.144954,0.837804,-1.818723,1.808712,3.743774,-0.627010,0.552444,0.257315,-0.709310,0.213803,-0.389314,0.001094,0.014792
20.674035,0.929530,0.532433,-1.444856,0.786146,-0.886306,0.807616,0.229761,0.513624,-0.955686,0.097403,0.387881,-0.296962,0.548069,-0.016853,-0.782662,0.145211,0.837091,-1.818507,1.808315,3.743780,-0.626999,0.553975,0.257176,-0.708687,0.213690,-0.390263,0.002055,0.013729
20.674952,0.934615,0.533994,-1.445615,0.781680,-0.887391,0.808034,0.231080,0.639166,-1.030566,0.213413,0.384033,-0.296258,0.546845,-0.016172,-0.782100,0.145470,0.836375,-1.818296,1.807929,3.743781,-0.626987,0.557027,0.257556,-0.711960,0.212344,-0.389878,0.001074,0.013596
20.675992,0.935161,0.531122,-1.445434,0.777158,-0.884918,0.807438,0.231269,0.753378,-1.094909,0.318024,0.379474,-0.295494,0.545531,-0.015543,-0.781556,0.145725,0.835659,-1.818076,1.807540,3.743781,-0.626975,0.554122,0.255594,-0.710629,0.215116,-0.387874,0.000544,0.012298
20.677047,0.932986,0.535307,-1.439570,0.773198,-0.887008,0.808353,0.232406,0.854294,-1.143538,0.409160,0.371515,-0.294306,0.543946,-0.014950,-0.781000,0.145984,0.834940,-1.817848,1.807151,3.743781,-0.626962,0.554260,0.256103,-0.710822,0.218219,-0.389888,0.001020,0.013477
20.677983,0.937772,0.531301,-1.444352,0.772400,-0.888406,0.807772,0.232939,0.941410,-1.172528,0.486094,0.357278,-0.292343,0.541942,-0.014376,-0.780438,0.146231,0.834225,-1.817623,1.806767,3.743780,-0.626952,0.555790,0.253194,-0.714049,0.220872,-0.387353,-0.000037,0.012759
20.678999,0.930450,0.529575,-1.442859,0.767426,-0.884775,0.808290,0.232557,1.014546,-1.182010,0.548712,0.337145,-0.289776,0.539512,-0.013818,-0.779891,0.146486,0.833516,-1.817404,1.806383,3.743780,-0.626938,0.553141,0.254106,-0.710929,0.220005,-0.385164,0.000442,0.013071
20.680015,0.927336,0.527045,-1.443015,0.763493,-0.884659,0.808530,0.233660,1.071993,-1.175324,0.595760,0.313834,-0.287055,0.536900,-0.013275,-0.779326,0.146737,0.832811,-1.817176,1.805996,3.743777,-0.626920,0.556981,0.254046,-0.711768,0.223490,-0.388284,-0.000195,0.015333
20.680951,0.936512,0.522659,-1.436747,0.761497,-0.886607,0.809561,0.234512,1.110419,-1.154152,0.624357,0.288501,-0.284299,0.534448,-0.012768,-0.778773,0.146995,0.832096,-1.816943,1.805610,3.743779,-0.626908,0.558771,0.254325,-0.711615,0.225771,-0.387821,-0.000571,0.014601
20.681991,0.937281,0.525351,-1.443335,0.760340,-0.885866,0.809857,0.234989,1.134258,-1.123280,0.638832,0.262193,-0.281665,0.532212,-0.012321,-0.778226,0.147252,0.831374,-1.816715,1.805235,3.743775,-0.626895,0.553919,0.255372,-0.713971,0.225907,-0.385149,-0.001703,0.014277
20.682935,0.940059,0.527952,-1.445129,0.756040,-0.887722,0.809707,0.235847,1.151849,-1.089179,0.647188,0.236851,-0.279459,0.530028,-0.011925,-0.777669,0.147499,0.830672,-1.816492,1.804846,3.743776,-0.626881,0.553947,0.253179,-0.710902,0.225753,-0.385423,-0.002125,0.014860
20.683940,0.940232,0.534990,-1.449859,0.752605,-0.889662,0.809210,0.236157,1.161921,-1.049192,0.648120,0.211741,-0.277549,0.527750,-0.011579,-0.777127,0.147743,0.829961,-1.816258,1.804464,3.743774,-0.626867,0.552457,0.250901,-0.709411,0.228124,-0.382792,-0.002079,0.014521
20.684992,0.932760,0.538757,-1.451344,0.752283,-0.891199,0.808419,0.237648,1.159201,-0.995271,0.636266,0.183531,-0.275463,0.525205,-0.011290,-0.776572,0.147981,0.829250,-1.816027,1.804093,3.743775,-0.626851,0.552546,0.246585,-0.706925,0.229915,-0.380423,-0.001706,0.015379
20.685976,0.930370,0.540169,-1.451386,0.749067,-0.892715,0.808373,0.237683,1.138535,-0.921888,0.606590,0.150603,-0.272950,0.522342,-0.011071,-0.776003,0.148218,0.828550,-1.815799,1.803720,3.743776,-0.626838,0.556632,0.244061,-0.706621,0.228817,-0.378583,-0.001049,0.013928
20.687021,0.935641,0.544974,-1.454073,0.747002,-0.894469,0.808243,0.237169,1.096392,-0.829882,0.556119,0.114639,-0.270153,0.519362,-0.010920,-0.775449,0.148458,0.827841,-1.815566,1.803350,3.743776,-0.626818,0.557838,0.242514,-0.706348,0.230296,-0.376581,-0.001133,0.015306
20.688054,0.937924,0.545698,-1.453008,0.744143,-0.895889,0.809981,0.239053,1.036865,-0.724084,0.489012,0.076803,-0.267201,0.516334,-0.010803,-0.774893,0.148690,0.827147,-1.815335,1.802976,3.743774,-0.626793,0.555585,0.239479,-0.705418,0.230855,-0.374483,-0.001123,0.017841
20.688960,0.940473,0.547458,-1.452303,0.743217,-0.894463,0.809640,0.239246,0.968723,-0.609878,0.413606,0.037042,-0.264096,0.513157,-0.010701,-0.774343,0.148926,0.826440,-1.815100,1.802605,3.743767,-0.626780,0.554867,0.238438,-0.706149,0.232095,-0.372726,-0.002966,0.015550
20.689976,0.943094,0.544482,-1.462895,0.740429,-0.897750,0.807936,0.240862,0.899346,-0.493518,0.337088,-0.003552,-0.260946,0.509863,-0.010608,-0.773791,0.149161,0.825729,-1.814869,1.802233,3.743768,-0.626761,0.553118,0.236607,-0.705551,0.230976,-0.373411,-0.002724,0.016501
20.691046,0.940597,0.548346,-1.465603,0.739183,-0.898137,0.806843,0.239832,0.830536,-0.380053,0.261564,-0.042831,-0.257954,0.506670,-0.010516,-0.773237,0.149397,0.825045,-1.814638,1.801865,3.743769,-0.626749,0.552047,0.237391,-0.700515,0.232196,-0.369715,-0.001137,0.014745
20.692032,0.935931,0.551453,-1.464275,0.737548,-0.897536,0.806751,0.240921,0.758424,-0.270609,0.183719,-0.079341,-0.255237,0.503845,-0.010417,-0.772682,0.149624,0.824344,-1.814406,1.801493,3.743770,-0.626720,0.553938,0.234907,-0.699754,0.232013,-0.369126,-0.000190,0.018373
20.692943,0.935528,0.553360,-1.466884,0.735724,-0.897880,0.806872,0.242190,0.679206,-0.162944,0.100036,-0.113246,-0.252672,0.501467,-0.010305,-0.772121,0.149850,0.823652,-1.814170,1.801125,3.743772,-0.626703,0.556234,0.232696,-0.700407,0.231824,-0.369271,-0.000241,0.017590
20.694065,0.940881,0.551711,-1.471439,0.734579,-0.898881,0.806876,0.241965,0.592556,-0.055464,0.010212,-0.145120,-0.250070,0.499466,-0.010184,-0.771570,0.150076,0.822958,-1.813942,1.800758,3.743768,-0.626690,0.555980,0.230910,-0.698373,0.231711,-0.368212,-0.000455,0.016384
20.695059,0.945135,0.552759,-1.469385,0.734359,-0.898806,0.807473,0.242934,0.501753,0.049362,-0.082535,-0.174539,-0.247456,0.497822,-0.010042,-0.771013,0.150313,0.822260,-1.813709,1.800391,3.743768,-0.626668,0.554220,0.231234,-0.697130,0.231608,-0.367190,-0.000600,0.018489
20.695942,0.943115,0.551639,-1.471389,0.733395,-0.897651,0.806244,0.243205,0.414095,0.145636,-0.171198,-0.200176,-0.245070,0.496493,-0.009843,-0.770458,0.150539,0.821567,-1.813482,1.800027,3.743765,-0.626650,0.552178,0.230045,-0.698198,0.230224,-0.366880,-0.001308,0.017968
20.696974,0.944215,0.549276,-1.471243,0.732696,-0.894161,0.805369,0.243926,0.334655,0.229373,-0.250917,-0.220770,-0.243154,0.495426,-0.009578,-0.769910,0.150768,0.820869,-1.813253,1.799653,3.743767,-0.626629,0.552635,0.229687,-0.696193,0.229128,-0.367180,-0.000181,0.018704
20.698062,0.944572,0.545110,-1.470317,0.731241,-0.895050,0.804960,0.245455,0.262962,0.299657,-0.322001,-0.235423,-0.241847,0.494682,-0.009265,-0.769355,0.151000,0.820179,-1.813029,1.799280,3.743769,-0.626614,0.552424,0.230231,-0.696664,0.228458,-0.370325,0.000545,0.018769
20.698989,0.942459,0.543547,-1.473485,0.728935,-0.891672,0.804736,0.245213,0.199636,0.354388,-0.383681,-0.243381,-0.241261,0.494358,-0.008923,-0.768807,0.151233,0.819477,-1.812798,1.798912,3.743770,-0.626602,0.553055,0.231770,-0.697828,0.228620,-0.369262,0.000813,0.017306
20.700099,0.946269,0.539061,-1.467883,0.729291,-0.889172,0.804812,0.246619,0.144643,0.392979,-0.435899,-0.244736,-0.241388,0.494532,-0.008559,-0.768251,0.151467,0.818781,-1.812566,1.798536,3.743768,-0.626578,0.553741,0.231652,-0.695622,0.228944,-0.371935,0.000927,0.019144
20.700954,0.943174,0.536491,-1.468808,0.727702,-0.888355,0.803632,0.247597,0.097956,0.416042,-0.478720,-0.239969,-0.242118,0.495204,-0.008176,-0.767694,0.151701,0.818083,-1.812344,1.798153,3.743770,-0.626565,0.552669,0.233398,-0.699419,0.227550,-0.374220,0.000700,0.017940
20.701951,0.943714,0.536344,-1.469529,0.728171,-0.885117,0.804305,0.247227,0.062027,0.422395,-0.509869,-0.228794,-0.243456,0.496267,-0.007789,-0.767144,0.151935,0.817386,-1.812116,1.797776,3.743774,-0.626551,0.553435,0.233630,-0.697707,0.227002,-0.374032,0.001760,0.017239
20.703121,0.953132,0.535919,-1.471345,0.728783,-0.885768,0.804266,0.248826,0.034353,0.414622,-0.531733,-0.211480,-0.245330,0.497618,-0.007405,-0.766590,0.152169,0.816683,-1.811896,1.797396,3.743771,-0.626528,0.553282,0.232949,-0.697278,0.225109,-0.376745,0.000962,0.019438
20.704062,0.949817,0.534755,-1.467575,0.726811,-0.884360,0.803954,0.248267,0.013363,0.396429,-0.546011,-0.189115,-0.247587,0.499065,-0.007007,-0.766040,0.152399,0.815988,-1.811673,1.797018,3.743771,-0.626513,0.549874,0.232824,-0.697846,0.223702,-0.376095,0.000867,0.017924
20.704979,0.945290,0.532336,-1.457885,0.725279,-0.882063,0.803021,0.249533,0.001861,0.369155,-0.550471,-0.163032,-0.250118,0.500372,-0.006579,-0.765489,0.152632,0.815282,-1.811449,1.796636,3.743771,-0.626489,0.551362,0.232560,-0.699152,0.223963,-0.376769,0.001060,0.020422
20.706079,0.953166,0.528798,-1.462406,0.724231,-0.881272,0.803502,0.250447,-0.000076,0.334825,-0.545346,-0.134791,-0.252751,0.501446,-0.006129,-0.764934,0.152865,0.814578,-1.811229,1.796259,3.743773,-0.626474,0.553194,0.232879,-0.703273,0.223767,-0.378294,0.001873,0.019194
20.707048,0.956040,0.519295,-1.457104,0.722097,-0.878316,0.805304,0.250223,0.007351,0.293967,-0.530870,-0.105166,-0.255371,0.502311,-0.005667,-0.764393,0.153099,0.813875,-1.811006,1.795877,3.743774,-0.626458,0.550176,0.234115,-0.701732,0.223753,-0.378834,0.001234,0.018988
20.707957,0.948879,0.512703,-1.455696,0.722372,-0.876396,0.804594,0.251362,0.026567,0.243063,-0.504641,-0.073579,-0.258058,0.503140,-0.005166,-0.763845,0.153347,0.813160,-1.810780,1.795491,3.743768,-0.626437,0.548757,0.237925,-0.703960,0.224231,-0.381111,-0.000666,0.020850
20.708973,0.952348,0.506912,-1.452375,0.720464,-0.876332,0.804470,0.251939,0.056905,0.177787,-0.466989,-0.037959,-0.261044,0.504300,-0.004599,-0.763287,0.153589,0.812460,-1.810560,1.795108,3.743769,-0.626418,0.551864,0.240178,-0.703862,0.222165,-0.382147,-0.000049,0.019854
20.709952,0.951369,0.505139,-1.457513,0.720096,-0.873666,0.805749,0.252570,0.093615,0.097971,-0.422208,0.003167,-0.264494,0.506036,-0.003985,-0.762743,0.153835,0.811749,-1.810338,1.794721,3.743770,-0.626398,0.550447,0.242218,-0.705528,0.222719,-0.381640,-0.000066,0.020183
20.710976,0.947814,0.497850,-1.453674,0.723160,-0.872300,0.804682,0.253522,0.132438,0.008302,-0.374585,0.048404,-0.268260,0.508285,-0.003345,-0.762187,0.154076,0.811054,-1.810120,1.794333,3.743770,-0.626378,0.550926,0.242229,-0.702780,0.221633,-0.383641,-0.001475,0.020336
20.711963,0.947035,0.495510,-1.448105,0.722001,-0.869472,0.804766,0.253751,0.168242,-0.086908,-0.329153,0.097223,-0.272314,0.511009,-0.002688,-0.761638,0.154326,0.810341,-1.809912,1.793946,3.743770,-0.626358,0.553090,0.245016,-0.704773,0.217532,-0.384461,-0.000517,0.019908
20.712980,0.948872,0.491711,-1.443142,0.721653,-0.866198,0.804371,0.255079,0.199233,-0.187089,-0.287674,0.150536,-0.276842,0.514159,-0.002015,-0.761083,0.154575,0.809623,-1.809694,1.793560,3.743771,-0.626333,0.553505,0.245209,-0.707224,0.217329,-0.386659,-0.000740,0.020868
20.714021,0.952681,0.486645,-1.437375,0.721900,-0.866512,0.805385,0.255459,0.229468,-0.290717,-0.246813,0.206247,-0.281710,0.517431,-0.001333,-0.760527,0.154822,0.808915,-1.809483,1.793163,3.743770,-0.626315,0.552807,0.246257,-0.709728,0.216556,-0.389278,-0.000463,0.019669
20.714957,0.957069,0.484577,-1.437759,0.721718,-0.861429,0.805237,0.255897,0.264486,-0.396823,-0.201803,0.261907,-0.286805,0.520546,-0.000656,-0.759985,0.155075,0.808193,-1.809269,1.792771,3.743764,-0.626292,0.551450,0.247918,-0.712684,0.215228,-0.388411,-0.001581,0.020427
20.716001,0.950515,0.477662,-1.439560,0.720141,-0.857368,0.804552,0.256940,0.307337,-0.505182,-0.150005,0.316550,-0.292241,0.523407,0.000004,-0.759437,0.155327,0.807480,-1.809059,1.792372,3.743763,-0.626270,0.549028,0.247843,-0.711730,0.214000,-0.392599,-0.001533,0.020885
20.716948,0.945682,0.468833,-1.435211,0.719679,-0.853605,0.802327,0.256719,0.353007,-0.611632,-0.096351,0.368914,-0.297965,0.526154,0.000608,-0.758881,0.155583,0.806776,-1.808845,1.791965,3.743764,-0.626250,0.552779,0.250411,-0.711138,0.214502,-0.395984,-0.000981,0.020304
20.718024,0.956358,0.466540,-1.435159,0.721197,-0.848220,0.801611,0.257290,0.392848,-0.713607,-0.048897,0.419235,-0.304002,0.529167,0.001123,-0.758323,0.155844,0.806056,-1.808630,1.791564,3.743773,-0.626227,0.554909,0.253660,-0.712632,0.213473,-0.398818,0.001091,0.022118
20.719015,0.965283,0.465945,-1.431264,0.720593,-0.845078,0.803755,0.257554,0.426941,-0.813066,-0.007482,0.468590,-0.310495,0.532490,0.001567,-0.757775,0.156098,0.805346,-1.808420,1.791150,3.743774,-0.626204,0.550234,0.253962,-0.713149,0.211085,-0.403590,0.001648,0.022512
20.720145,0.965863,0.461544,-1.427926,0.720548,-0.843051,0.804054,0.259326,0.464016,-0.910505,0.035657,0.515532,-0.317246,0.535616,0.001978,-0.757240,0.156351,0.804624,-1.808214,1.790737,3.743771,-0.626179,0.546081,0.253264,-0.714749,0.210610,-0.405808,-0.000627,0.023399
20.720968,0.976178,0.464484,-1.425005,0.720445,-0.839005,0.803671,0.258674,0.509718,-1.004001,0.085318,0.557690,-0.323871,0.538168,0.002359,-0.756693,0.156611,0.803896,-1.808008,1.790330,3.743771,-0.626162,0.546946,0.254703,-0.717167,0.210104,-0.407444,-0.001049,0.021484
20.722011,0.968823,0.465150,-1.429484,0.720112,-0.836874,0.804019,0.259274,0.564305,-1.090672,0.141488,0.593604,-0.330066,0.539984,0.002723,-0.756158,0.156857,0.803187,-1.807804,1.789914,3.743773,-0.626132,0.540888,0.251933,-0.716986,0.208484,-0.410014,-0.000777,0.023967
20.723111,0.970008,0.466597,-1.428539,0.720153,-0.837233,0.802662,0.260312,0.621885,-1.163712,0.198433,0.621654,-0.335468,0.540963,0.003090,-0.755608,0.157106,0.802476,-1.807597,1.789499,3.743771,-0.626110,0.545152,0.250787,-0.714945,0.207910,-0.411386,-0.001250,0.024249
20.724139,0.969559,0.464460,-1.432811,0.719133,-0.835131,0.803339,0.260433,0.671030,-1.215879,0.245495,0.641253,-0.339832,0.541291,0.003450,-0.755061,0.157349,0.801767,-1.807395,1.789095,3.743774,-0.626086,0.545427,0.249418,-0.716157,0.207290,-0.410549,-0.000033,0.023746
20.724996,0.969987,0.466577,-1.436738,0.713966,-0.834462,0.802500,0.261308,0.705764,-1.245750,0.277357,0.653148,-0.343131,0.541223,0.003789,-0.754518,0.157600,0.801054,-1.807187,1.788678,3.743775,-0.626057,0.546123,0.249625,-0.714058,0.207330,-0.411854,-0.000859,0.024975
20.726059,0.972947,0.463936,-1.437191,0.714667,-0.830995,0.801264,0.261195,0.724495,-1.252601,0.292607,0.656580,-0.345165,0.540881,0.004112,-0.753973,0.157842,0.800345,-1.806970,1.788271,3.743779,-0.626033,0.545167,0.247408,-0.710746,0.210649,-0.411231,-0.000138,0.024418
20.727048,0.977379,0.463649,-1.437540,0.714338,-0.828994,0.800477,0.261676,0.727981,-1.236201,0.291889,0.650404,-0.345712,0.540242,0.004441,-0.753427,0.158090,0.799635,-1.806766,1.787851,3.743781,-0.626002,0.544340,0.247979,-0.710946,0.209134,-0.413992,0.000959,0.026164
20.728004,0.974961,0.460650,-1.437303,0.711066,-0.831722,0.801722,0.263230,0.722478,-1.202892,0.281269,0.636680,-0.345008,0.539233,0.004828,-0.752890,0.158334,0.798921,-1.806562,1.787432,3.743781,-0.625975,0.542387,0.247221,-0.710492,0.208397,-0.415011,0.001617,0.026590
20.729022,0.971728,0.464278,-1.435905,0.711692,-0.832301,0.801317,0.262610,0.713059,-1.159313,0.265779,0.617919,-0.343364,0.537904,0.005296,-0.752342,0.158585,0.798218,-1.806348,1.787032,3.743777,-0.625952,0.543545,0.247706,-0.710189,0.210274,-0.411354,0.000255,0.024826
20.729943,0.975823,0.462694,-1.433870,0.713116,-0.832683,0.801584,0.263448,0.698997,-1.106928,0.244888,0.595004,-0.340942,0.536375,0.005829,-0.751800,0.158821,0.797505,-1.806145,1.786623,3.743779,-0.625920,0.545570,0.245136,-0.710869,0.208709,-0.410020,0.000537,0.027534
20.730954,0.981404,0.467781,-1.433758,0.712163,-0.834564,0.803650,0.264197,0.679907,-1.047436,0.218500,0.569722,-0.338091,0.534667,0.006418,-0.751258,0.159063,0.796790,-1.805943,1.786223,3.743778,-0.625892,0.543236,0.244945,-0.711032,0.205995,-0.408641,0.000158,0.027124
20.732123,0.983982,0.468869,-1.440720,0.712453,-0.837428,0.803651,0.263815,0.660225,-0.984069,0.190966,0.543509,-0.335164,0.532653,0.007039,-0.750717,0.159297,0.796085,-1.805738,1.785822,3.743769,-0.625864,0.540807,0.241664,-0.711098,0.205989,-0.406038,-0.002002,0.027059
20.732999,0.987541,0.469798,-1.442378,0.709161,-0.832091,0.802650,0.265444,0.641563,-0.916596,0.163817,0.515793,-0.332289,0.530284,0.007646,-0.750181,0.159535,0.795378,-1.805531,1.785422,3.743766,-0.625829,0.541044,0.240699,-0.708905,0.205262,-0.402977,-0.002108,0.029489
20.734025,0.993278,0.470976,-1.451739,0.709930,-0.835818,0.801648,0.266316,0.620842,-0.842948,0.134222,0.485531,-0.329450,0.527703,0.008181,-0.749645,0.159772,0.794669,-1.805322,1.785013,3.743768,-0.625805,0.538755,0.239202,-0.706911,0.206960,-0.407146,-0.001218,0.027429
20.734968,0.990075,0.471538,-1.447197,0.709788,-0.837072,0.801221,0.266626,0.596030,-0.762733,0.100331,0.452411,-0.326629,0.525045,0.008593,-0.749107,0.160005,0.793979,-1.805119,1.784618,3.743767,-0.625777,0.536402,0.237942,-0.702530,0.205276,-0.402736,-0.000336,0.027153
20.736068,0.989624,0.475333,-1.450632,0.708515,-0.835631,0.801276,0.266688,0.566165,-0.678248,0.061478,0.418341,-0.324085,0.522434,0.008888,-0.748572,0.160238,0.793269,-1.804917,1.784217,3.743767,-0.625745,0.538023,0.236816,-0.704244,0.204226,-0.400565,-0.000033,0.027855
20.737055,0.997818,0.477981,-1.452401,0.706193,-0.837509,0.799705,0.267635,0.530239,-0.591355,0.016975,0.384988,-0.321942,0.519979,0.009116,-0.748029,0.160465,0.792574,-1.804710,1.783821,3.743769,-0.625713,0.539199,0.234454,-0.703378,0.204819,-0.401659,-0.000242,0.029286
20.737965,1.001259,0.479818,-1.453042,0.705819,-0.842534,0.800501,0.269173,0.489412,-0.501027,-0.032132,0.351058,-0.319818,0.517568,0.009328,-0.747506,0.160693,0.791874,-1.804501,1.783425,3.743772,-0.625685,0.535474,0.232438,-0.702369,0.205965,-0.399006,0.001202,0.028769
20.739178,1.010045,0.479317,-1.456530,0.702547,-0.845856,0.801269,0.268143,0.448219,-0.408340,-0.081601,0.315825,-0.317466,0.514981,0.009557,-0.746977,0.160919,0.791171,-1.804293,1.783050,3.743771,-0.625660,0.533598,0.230686,-0.701236,0.204867,-0.393155,0.000277,0.026964
20.740081,1.012140,0.481819,-1.458301,0.701783,-0.847088,0.801466,0.269361,0.411485,-0.317567,-0.126745,0.280343,-0.314938,0.512183,0.009845,-0.746446,0.161147,0.790477,-1.804080,1.782667,3.743770,-0.625621,0.531065,0.230740,-0.701355,0.207782,-0.389986,-0.000637,0.030779
20.740954,1.006952,0.481842,-1.457710,0.699969,-0.852322,0.802369,0.270780,0.381303,-0.231642,-0.165492,0.245237,-0.312210,0.509259,0.010231,-0.745922,0.161370,0.789779,-1.803872,1.782281,3.743770,-0.625592,0.529868,0.228658,-0.699637,0.207022,-0.387846,-0.000939,0.029554
20.741932,1.008739,0.482022,-1.461898,0.697538,-0.853495,0.800960,0.270843,0.354047,-0.150430,-0.201006,0.211531,-0.309315,0.506363,0.010685,-0.745385,0.161592,0.789089,-1.803667,1.781918,3.743770,-0.625570,0.531972,0.227798,-0.698976,0.207296,-0.381788,-0.001961,0.027956
20.743049,1.017482,0.481685,-1.461088,0.696049,-0.857530,0.800816,0.271716,0.323648,-0.072972,-0.238552,0.180518,-0.306365,0.503716,0.011158,-0.744860,0.161817,0.788394,-1.803456,1.781543,3.743774,-0.625540,0.531397,0.227031,-0.696726,0.208474,-0.380095,-0.000672,0.029226
20.744021,1.023633,0.482655,-1.458422,0.694572,-0.857152,0.800502,0.271811,0.291411,-0.000648,-0.276683,0.152253,-0.303408,0.501325,0.011648,-0.744337,0.162045,0.787690,-1.803246,1.781178,3.743771,-0.625511,0.528304,0.226782,-0.698085,0.209262,-0.376030,-0.000662,0.029056
20.745034,1.026479,0.475097,-1.457087,0.693744,-0.856782,0.800229,0.273596,0.266198,0.062688,-0.307158,0.126226,-0.300510,0.498940,0.012167,-0.743813,0.162264,0.786998,-1.803038,1.780804,3.743772,-0.625479,0.525540,0.225666,-0.699261,0.209521,-0.375873,-0.000477,0.030237
20.745998,1.027814,0.475943,-1.460475,0.692483,-0.857798,0.801953,0.273630,0.254642,0.111795,-0.323652,0.103317,-0.297863,0.496522,0.012711,-0.743293,0.162498,0.786294,-1.802829,1.780427,3.743772,-0.625458,0.524782,0.228782,-0.699969,0.209268,-0.375777,-0.000330,0.028091
20.746979,1.031603,0.472308,-1.462150,0.692452,-0.858309,0.800383,0.273097,0.255041,0.143589,-0.327386,0.085324,-0.295676,0.494379,0.013265,-0.742767,0.162727,0.785597,-1.802621,1.780055,3.743767,-0.625427,0.524348,0.227549,-0.697957,0.209273,-0.374171,-0.002163,0.029406
20.748016,1.026033,0.471569,-1.463627,0.693021,-0.861131,0.800122,0.274159,0.261438,0.160132,-0.323784,0.072643,-0.293988,0.492737,0.013834,-0.742250,0.162954,0.784905,-1.802417,1.779688,3.743766,-0.625389,0.522898,0.228699,-0.697056,0.208214,-0.373196,-0.000677,0.031829
20.749045,1.019343,0.470501,-1.459629,0.691534,-0.861690,0.799910,0.273584,0.267920,0.164203,-0.318300,0.065705,-0.292900,0.491707,0.014404,-0.741714,0.163185,0.784206,-1.802211,1.779327,3.743766,-0.625359,0.526333,0.228431,-0.696626,0.206712,-0.370119,-0.000561,0.031136
20.749948,1.018755,0.467646,-1.458372,0.693685,-0.857450,0.800650,0.274665,0.268089,0.159052,-0.316836,0.064670,-0.292449,0.491412,0.014921,-0.741174,0.163410,0.783510,-1.802004,1.778959,3.743768,-0.625320,0.530190,0.228391,-0.698922,0.207252,-0.369254,-0.000486,0.033732
20.751047,1.024817,0.464451,-1.457731,0.693436,-0.858792,0.800504,0.274726,0.259345,0.147069,-0.321842,0.068976,-0.292522,0.491878,0.015354,-0.740647,0.163642,0.782811,-1.801806,1.778578,3.743767,-0.625287,0.530246,0.228908,-0.698703,0.203813,-0.372676,-0.001344,0.032780
20.752026,1.024411,0.456598,-1.457531,0.695372,-0.854276,0.799295,0.275801,0.246254,0.126147,-0.329062,0.078773,-0.293116,0.493012,0.015715,-0.740119,0.163877,0.782106,-1.801605,1.778214,3.743765,-0.625251,0.528327,0.229967,-0.699787,0.203541,-0.371220,-0.001314,0.034214
20.752937,1.018835,0.449553,-1.455681,0.693039,-0.851072,0.798908,0.276215,0.235175,0.091903,-0.332568,0.094793,-0.294325,0.494746,0.016021,-0.739586,0.164114,0.781409,-1.801410,1.777832,3.743765,-0.625217,0.528797,0.233100,-0.699714,0.200689,-0.375162,-0.000214,0.033395
20.753945,1.015648,0.447657,-1.455638,0.695129,-0.850067,0.799179,0.276539,0.226843,0.041806,-0.331692,0.117752,-0.296137,0.497225,0.016275,-0.739054,0.164356,0.780704,-1.801206,1.777446,3.743766,-0.625182,0.531409,0.235597,-0.699824,0.201718,-0.377463,0.000043,0.033831
20.755115,1.018552,0.441292,-1.460758,0.695481,-0.852425,0.798611,0.277394,0.216847,-0.021287,-0.330750,0.146903,-0.298289,0.500560,0.016486,-0.738515,0.164590,0.780006,-1.801014,1.777070,3.743764,-0.625148,0.533371,0.235796,-0.699914,0.198901,-0.377969,-0.000350,0.034587
20.756122,1.019705,0.436318,-1.455606,0.696157,-0.851482,0.799362,0.276888,0.202047,-0.093493,-0.332888,0.181311,-0.300575,0.504669,0.016688,-0.737986,0.164834,0.779305,-1.800817,1.776697,3.743767,-0.625112,0.533501,0.238497,-0.698735,0.198371,-0.375670,0.000066,0.034509
20.756964,1.017496,0.431908,-1.446537,0.695283,-0.850685,0.799594,0.276733,0.184864,-0.174798,-0.336012,0.220706,-0.302987,0.509394,0.016942,-0.737449,0.165077,0.778591,-1.800621,1.776318,3.743763,-0.625072,0.533312,0.240134,-0.701228,0.196906,-0.376132,-0.000799,0.036924
20.758019,1.016586,0.429346,-1.446465,0.697211,-0.851527,0.799751,0.278345,0.171830,-0.265886,-0.334410,0.263903,-0.305482,0.514451,0.017311,-0.736911,0.165315,0.777888,-1.800426,1.775944,3.743760,-0.625031,0.533678,0.241216,-0.704394,0.196387,-0.375924,-0.001117,0.038344
20.759010,1.019934,0.424430,-1.449287,0.699163,-0.851671,0.799089,0.279054,0.165824,-0.364625,-0.325785,0.309447,-0.307987,0.519578,0.017802,-0.736376,0.165560,0.777183,-1.800235,1.775570,3.743759,-0.625000,0.534882,0.241741,-0.704779,0.193939,-0.374775,-0.001398,0.036571
20.760004,1.010935,0.426331,-1.445074,0.695673,-0.848670,0.799289,0.278569,0.164056,-0.468086,-0.312905,0.357233,-0.310622,0.524706,0.018374,-0.735840,0.165803,0.776488,-1.800051,1.775201,3.743761,-0.624964,0.533481,0.243340,-0.703324,0.191427,-0.374178,-0.000865,0.036542
20.761222,1.016725,0.424034,-1.447859,0.697537,-0.850257,0.797425,0.279963,0.161485,-0.570300,-0.300888,0.405379,-0.313282,0.529761,0.018994,-0.735299,0.166045,0.775777,-1.799851,1.774818,3.743760,-0.624920,0.538298,0.241510,-0.705259,0.194026,-0.376615,-0.001192,0.038875
20.762068,1.016896,0.417078,-1.442483,0.695800,-0.847144,0.797316,0.282031,0.154356,-0.663139,-0.293936,0.449860,-0.315596,0.534547,0.019610,-0.734761,0.166290,0.775062,-1.799660,1.774447,3.743763,-0.624887,0.537155,0.242261,-0.705476,0.192271,-0.375256,0.000526,0.037776
20.763071,1.017580,0.416385,-1.434568,0.694195,-0.845685,0.797001,0.282628,0.145646,-0.747026,-0.289508,0.490020,-0.317679,0.538954,0.020160,-0.734219,0.166538,0.774357,-1.799468,1.774064,3.743763,-0.624858,0.536312,0.244527,-0.706800,0.192696,-0.377327,0.000515,0.034797
20.764095,1.020789,0.415375,-1.435761,0.695473,-0.843288,0.796755,0.281592,0.142243,-0.826298,-0.281259,0.526251,-0.319748,0.542921,0.020631,-0.733688,0.166782,0.773637,-1.799274,1.773683,3.743763,-0.624822,0.536422,0.243993,-0.710555,0.193543,-0.378238,0.000705,0.035022
20.764946,1.016033,0.409925,-1.427515,0.694655,-0.839052,0.795923,0.282930,0.147117,-0.900311,-0.266689,0.557459,-0.321768,0.546307,0.021061,-0.733151,0.167026,0.772922,-1.799089,1.773300,3.743763,-0.624776,0.535302,0.243690,-0.709922,0.191784,-0.380149,0.000820,0.038506
20.766067,1.012673,0.410560,-1.428551,0.696455,-0.837177,0.795232,0.283419,0.158734,-0.968466,-0.247244,0.584249,-0.323848,0.549133,0.021461,-0.732605,0.167273,0.772211,-1.798899,1.772912,3.743766,-0.624741,0.536935,0.245237,-0.712679,0.191351,-0.383286,0.001533,0.036937
20.766972,1.013695,0.409065,-1.421430,0.696824,-0.835401,0.797185,0.283579,0.172642,-1.030924,-0.226857,0.608362,-0.326154,0.551590,0.021805,-0.732064,0.167517,0.771496,-1.798711,1.772520,3.743771,-0.624705,0.539749,0.244279,-0.712960,0.189384,-0.384889,0.002054,0.037546
20.767992,1.021369,0.406278,-1.419491,0.696692,-0.834028,0.797677,0.283921,0.185226,-1.086347,-0.208800,0.630611,-0.328740,0.553738,0.022096,-0.731524,0.167759,0.770783,-1.798526,1.772132,3.743768,-0.624665,0.538857,0.244006,-0.715559,0.188101,-0.385722,-0.000019,0.038448
20.769011,1.026266,0.401271,-1.415549,0.696957,-0.833642,0.797759,0.284241,0.200284,-1.135870,-0.189636,0.650930,-0.331601,0.555447,0.022374,-0.730998,0.168007,0.770060,-1.798340,1.771745,3.743769,-0.624626,0.535609,0.244540,-0.716386,0.187733,-0.386547,-0.000628,0.039162
20.770004,1.026688,0.400346,-1.406917,0.694626,-0.831899,0.797216,0.285622,0.225073,-1.183746,-0.162681,0.669561,-0.334765,0.556628,0.022682,-0.730466,0.168257,0.769330,-1.798153,1.771360,3.743769,-0.624582,0.533713,0.246161,-0.718156,0.186929,-0.386394,-0.000838,0.039900
20.770994,1.027859,0.396624,-1.401869,0.695505,-0.829199,0.797156,0.285273,0.263338,-1.232068,-0.124535,0.686280,-0.338120,0.557247,0.023033,-0.729927,0.168501,0.768606,-1.797963,1.770968,3.743770,-0.624545,0.533791,0.245731,-0.722126,0.188585,-0.387467,-0.000417,0.038485
20.772102,1.026727,0.396257,-1.405717,0.690739,-0.828485,0.795338,0.285839,0.314901,-1.279566,-0.075460,0.700157,-0.341373,0.557275,0.023435,-0.729395,0.168750,0.767875,-1.797778,1.770571,3.743769,-0.624499,0.533536,0.246660,-0.724152,0.187064,-0.389430,-0.000480,0.040543
20.772996,1.027019,0.392509,-1.403633,0.690277,-0.828633,0.795082,0.287407,0.373842,-1.322145,-0.020888,0.710037,-0.344149,0.556815,0.023893,-0.728858,0.168993,0.767162,-1.797574,1.770181,3.743773,-0.624459,0.535205,0.246214,-0.722936,0.191319,-0.389842,0.001193,0.040926
20.773987,1.028472,0.397067,-1.395707,0.687881,-0.829523,0.796058,0.287182,0.431373,-1.354332,0.031102,0.714460,-0.346066,0.556038,0.024388,-0.728329,0.169243,0.766435,-1.797387,1.769791,3.743779,-0.624423,0.534752,0.246939,-0.722753,0.190703,-0.388691,0.001289,0.038987
20.775114,1.034691,0.396839,-1.403378,0.688861,-0.831638,0.795588,0.289169,0.484890,-1.373366,0.078034,0.712619,-0.346966,0.554886,0.024911,-0.727793,0.169483,0.765698,-1.797191,1.769414,3.743778,-0.624378,0.534325,0.243791,-0.726217,0.192273,-0.387256,0.000181,0.040803
20.776018,1.042697,0.397435,-1.399850,0.687887,-0.833856,0.797091,0.289105,0.535478,-1.377931,0.120828,0.704171,-0.346852,0.553142,0.025473,-0.727263,0.169724,0.764988,-1.797003,1.769031,3.743778,-0.624343,0.532493,0.243373,-0.723241,0.191122,-0.384978,0.000523,0.038366
20.777008,1.043803,0.401237,-1.397443,0.686460,-0.834794,0.795990,0.289125,0.583903,-1.369275,0.160287,0.690182,-0.345960,0.550739,0.026076,-0.726746,0.169965,0.764259,-1.796811,1.768656,3.743775,-0.624301,0.528396,0.242042,-0.723871,0.191022,-0.381949,-0.001091,0.039743
20.777943,1.041286,0.400466,-1.397779,0.683015,-0.835512,0.795863,0.290881,0.632403,-1.349155,0.198401,0.671293,-0.344524,0.547617,0.026726,-0.726215,0.170199,0.763525,-1.796621,1.768281,3.743779,-0.624259,0.528225,0.239377,-0.724566,0.191734,-0.380505,-0.000110,0.041046
20.779061,1.051445,0.398149,-1.399714,0.682694,-0.838365,0.797063,0.290235,0.678681,-1.315518,0.232874,0.646453,-0.342500,0.543810,0.027394,-0.725692,0.170435,0.762806,-1.796423,1.767905,3.743780,-0.624224,0.529574,0.238877,-0.723590,0.194075,-0.379070,-0.000116,0.038786
20.780034,1.058261,0.401044,-1.397623,0.678243,-0.839925,0.797361,0.290834,0.719655,-1.269916,0.261131,0.616394,-0.340050,0.539626,0.028027,-0.725172,0.170675,0.762077,-1.796227,1.767538,3.743776,-0.624175,0.525795,0.239483,-0.723259,0.194019,-0.376183,-0.001447,0.041637
20.781046,1.060698,0.399511,-1.395022,0.675623,-0.839982,0.797130,0.291061,0.759513,-1.217232,0.287271,0.582002,-0.337464,0.535195,0.028609,-0.724651,0.170907,0.761356,-1.796025,1.767165,3.743775,-0.624132,0.522737,0.237238,-0.723810,0.197417,-0.374065,-0.001848,0.041724
20.782032,1.057693,0.398859,-1.396994,0.671768,-0.839729,0.795961,0.291845,0.802546,-1.158783,0.315129,0.542174,-0.334739,0.530455,0.029122,-0.724135,0.171143,0.760625,-1.795822,1.766790,3.743771,-0.624088,0.522232,0.237291,-0.724832,0.199093,-0.373572,-0.001715,0.042645
20.783018,1.062763,0.402386,-1.396683,0.672170,-0.839596,0.795653,0.292409,0.845414,-1.094295,0.341742,0.496886,-0.331821,0.525603,0.029534,-0.723608,0.171379,0.759899,-1.795616,1.766411,3.743771,-0.624046,0.524125,0.236817,-0.723371,0.201826,-0.373255,-0.000658,0.042402
20.784003,1.069170,0.404595,-1.399770,0.671891,-0.839420,0.794692,0.292060,0.881751,-1.023229,0.361585,0.447530,-0.328757,0.520874,0.029830,-0.723089,0.171607,0.759183,-1.795417,1.766043,3.743770,-0.624001,0.522012,0.234335,-0.723209,0.200432,-0.372919,-0.000475,0.042603
20.784980,1.066322,0.405398,-1.400093,0.670049,-0.839715,0.795319,0.293122,0.910134,-0.945847,0.373606,0.395737,-0.325660,0.516210,0.030033,-0.722577,0.171836,0.758461,-1.795216,1.765672,3.743772,-0.623952,0.519352,0.232527,-0.721241,0.199734,-0.372599,0.000357,0.044623
20.785995,1.066799,0.406311,-1.403169,0.669120,-0.841551,0.796508,0.294473,0.930003,-0.863352,0.377520,0.343112,-0.322608,0.511618,0.030172,-0.722051,0.172062,0.757750,-1.795015,1.765305,3.743771,-0.623908,0.521129,0.231444,-0.720745,0.200559,-0.371815,-0.000404,0.043785
20.786968,1.070815,0.409584,-1.403144,0.666800,-0.841620,0.796857,0.294489,0.937402,-0.776433,0.370000,0.290926,-0.319578,0.507367,0.030254,-0.721534,0.172289,0.757030,-1.794813,1.764940,3.743767,-0.623867,0.521568,0.230363,-0.719071,0.200576,-0.369614,-0.001700,0.042462
20.787945,1.074734,0.410155,-1.407440,0.667454,-0.843779,0.795136,0.295263,0.931052,-0.685427,0.350087,0.239468,-0.316462,0.503591,0.030320,-0.721015,0.172515,0.756306,-1.794610,1.764575,3.743764,-0.623821,0.519915,0.228015,-0.718557,0.201801,-0.369088,-0.002143,0.043757
20.788982,1.077133,0.412061,-1.408293,0.663791,-0.847171,0.795760,0.295685,0.913839,-0.591310,0.320567,0.188696,-0.313168,0.500184,0.030433,-0.720497,0.172736,0.755598,-1.794413,1.764217,3.743766,-0.623778,0.518372,0.227112,-0.716088,0.200197,-0.366509,-0.000534,0.043514
20.789983,1.075205,0.411838,-1.408058,0.662933,-0.848359,0.795431,0.296011,0.888363,-0.495941,0.284004,0.139132,-0.309720,0.497079,0.030625,-0.719984,0.172960,0.754882,-1.794205,1.763855,3.743763,-0.623730,0.518064,0.225607,-0.715777,0.202939,-0.362873,-0.001293,0.044066
20.791017,1.072538,0.414071,-1.409286,0.662464,-0.850217,0.794624,0.296869,0.855763,-0.400612,0.241490,0.090843,-0.306111,0.494341,0.030888,-0.719457,0.173181,0.754176,-1.794004,1.763499,3.743763,-0.623683,0.519527,0.225152,-0.715818,0.202832,-0.361406,-0.001081,0.044756
20.791975,1.078457,0.415089,-1.410966,0.661880,-0.851229,0.793666,0.295750,0.814925,-0.306423,0.192161,0.044670,-0.302395,0.492090,0.031199,-0.718937,0.173402,0.753459,-1.793801,1.763146,3.743766,-0.623641,0.521643,0.223507,-0.715269,0.202433,-0.359383,-0.000419,0.044437
20.792962,1.086625,0.413240,-1.411777,0.659769,-0.854151,0.794639,0.296704,0.765596,-0.214502,0.136061,0.001794,-0.298697,0.490313,0.031548,-0.718419,0.173623,0.752746,-1.793599,1.762793,3.743765,-0.623586,0.518922,0.222325,-0.713883,0.201883,-0.357967,0.000429,0.047956
20.793953,1.083220,0.412394,-1.412467,0.658550,-0.858130,0.794563,0.296409,0.714080,-0.128027,0.079095,-0.037521,-0.295147,0.488829,0.031944,-0.717904,0.173845,0.752041,-1.793395,1.762441,3.743764,-0.623542,0.515345,0.222652,-0.713295,0.202954,-0.354727,-0.000681,0.047336
20.795080,1.092510,0.415010,-1.419595,0.656886,-0.860165,0.794493,0.298203,0.665714,-0.050943,0.026274,-0.072753,-0.291936,0.487628,0.032368,-0.717389,0.174065,0.751328,-1.793190,1.762099,3.743763,-0.623487,0.517658,0.222475,-0.712707,0.203103,-0.350544,-0.000709,0.049245
20.796123,1.091992,0.415028,-1.426861,0.656053,-0.860875,0.794476,0.298386,0.619070,0.017402,-0.023684,-0.104003,-0.289094,0.486792,0.032773,-0.716877,0.174286,0.750617,-1.792985,1.761754,3.743763,-0.623442,0.514457,0.220827,-0.710033,0.204229,-0.348760,-0.000781,0.047153
20.796943,1.084389,0.414801,-1.419986,0.651556,-0.861351,0.794219,0.298776,0.570876,0.080736,-0.073892,-0.132386,-0.286470,0.486308,0.033126,-0.716352,0.174501,0.749921,-1.792780,1.761399,3.743763,-0.623391,0.515544,0.220410,-0.706785,0.204169,-0.347909,-0.000898,0.048206
20.798021,1.084589,0.416507,-1.424422,0.651902,-0.860508,0.792384,0.299912,0.517614,0.141954,-0.127631,-0.158692,-0.283917,0.486223,0.033428,-0.715834,0.174719,0.749208,-1.792568,1.761062,3.743764,-0.623341,0.518717,0.219605,-0.708600,0.206789,-0.346733,-0.000744,0.048469
20.799018,1.086720,0.418379,-1.422071,0.651481,-0.859898,0.791347,0.299977,0.457587,0.202643,-0.186466,-0.183330,-0.281345,0.486518,0.033688,-0.715308,0.174933,0.748512,-1.792367,1.760718,3.743767,-0.623295,0.519603,0.218400,-0.707031,0.205769,-0.347671,0.000953,0.047646
20.799967,1.087429,0.413391,-1.421793,0.651880,-0.856114,0.792600,0.300311,0.393114,0.262478,-0.248248,-0.205902,-0.278820,0.486985,0.033920,-0.714793,0.175148,0.747801,-1.792161,1.760363,3.743772,-0.623242,0.519110,0.216948,-0.708062,0.205143,-0.347975,0.001830,0.048848
20.801000,1.087997,0.410344,-1.422769,0.652533,-0.860060,0.792116,0.300792,0.329438,0.317002,-0.307945,-0.224455,-0.276621,0.487517,0.034154,-0.714272,0.175372,0.747088,-1.791963,1.760009,3.743771,-0.623191,0.518951,0.218750,-0.707576,0.203649,-0.351335,0.000439,0.049415
20.801985,1.086374,0.410672,-1.419951,0.651329,-0.856441,0.790859,0.301709,0.270571,0.358830,-0.361460,-0.235607,-0.275195,0.488303,0.034405,-0.713747,0.175593,0.746387,-1.791763,1.759669,3.743770,-0.623140,0.519386,0.219749,-0.707338,0.202227,-0.347290,0.000818,0.049824
20.802967,1.077667,0.405562,-1.415837,0.649704,-0.856009,0.792197,0.302972,0.217363,0.385254,-0.407926,-0.237899,-0.274736,0.489427,0.034668,-0.713227,0.175811,0.745670,-1.791559,1.759313,3.743774,-0.623092,0.520651,0.218991,-0.708419,0.202360,-0.350625,0.001938,0.049290
20.804079,1.079631,0.403996,-1.414300,0.648416,-0.856485,0.792156,0.303639,0.168360,0.398770,-0.448943,-0.232688,-0.275006,0.490858,0.034929,-0.712692,0.176034,0.744962,-1.791356,1.758962,3.743771,-0.623049,0.525279,0.220930,-0.710215,0.202942,-0.350720,0.000466,0.048082
20.804967,1.081691,0.398986,-1.412092,0.645973,-0.856014,0.792680,0.304289,0.122344,0.400635,-0.485719,-0.221117,-0.275783,0.492668,0.035191,-0.712170,0.176255,0.744247,-1.791152,1.758614,3.743771,-0.623000,0.525541,0.221348,-0.711728,0.203645,-0.350384,0.000381,0.048265
20.805970,1.083561,0.401955,-1.400537,0.646249,-0.854792,0.793686,0.304001,0.082250,0.390607,-0.515674,-0.204410,-0.276935,0.494765,0.035497,-0.711646,0.176483,0.743528,-1.790946,1.758268,3.743770,-0.622953,0.524240,0.222960,-0.711624,0.204588,-0.350291,-0.000252,0.048126
20.807046,1.080359,0.397897,-1.406034,0.648072,-0.855007,0.792974,0.304641,0.054220,0.369234,-0.533559,-0.184474,-0.278333,0.496806,0.035899,-0.711120,0.176700,0.742811,-1.790748,1.757907,3.743768,-0.622899,0.523801,0.220917,-0.717256,0.203432,-0.351180,-0.001374,0.050036
20.807959,1.077471,0.395090,-1.406790,0.648610,-0.856615,0.793227,0.305716,0.039037,0.338111,-0.538879,-0.161664,-0.280036,0.498605,0.036410,-0.710594,0.176926,0.742097,-1.790550,1.757555,3.743769,-0.622850,0.526421,0.222486,-0.714881,0.201025,-0.350939,-0.000788,0.050183
20.809008,1.079366,0.391907,-1.406481,0.648822,-0.855507,0.793966,0.305368,0.027579,0.298708,-0.539757,-0.133871,-0.282341,0.500449,0.036983,-0.710062,0.177155,0.741379,-1.790357,1.757213,3.743768,-0.622804,0.527676,0.223025,-0.713553,0.199418,-0.348876,-0.001155,0.049233
20.809979,1.075535,0.387502,-1.401560,0.649859,-0.853624,0.793615,0.306160,0.013250,0.251818,-0.542172,-0.100005,-0.285419,0.502618,0.037581,-0.709539,0.177379,0.740665,-1.790162,1.756862,3.743767,-0.622748,0.527554,0.224101,-0.713953,0.198615,-0.349921,-0.002025,0.051337
20.811001,1.080379,0.382524,-1.396711,0.647456,-0.854166,0.793936,0.307987,-0.002568,0.196908,-0.545106,-0.060645,-0.289244,0.505128,0.038182,-0.709004,0.177611,0.739942,-1.789969,1.756508,3.743769,-0.622698,0.529663,0.225533,-0.715882,0.196699,-0.351428,-0.001793,0.051006
20.812071,1.092157,0.383563,-1.394635,0.647618,-0.852661,0.793313,0.308023,-0.014991,0.132352,-0.544349,-0.016927,-0.293740,0.507899,0.038745,-0.708478,0.177838,0.739224,-1.789771,1.756159,3.743764,-0.622654,0.527836,0.227419,-0.718274,0.198360,-0.350704,-0.002222,0.048717
20.812962,1.092794,0.381367,-1.384772,0.646535,-0.852335,0.792900,0.309180,-0.015302,0.058574,-0.532509,0.027864,-0.298649,0.510576,0.039264,-0.707968,0.178063,0.738501,-1.789576,1.755805,3.743764,-0.622601,0.523054,0.226385,-0.719580,0.197638,-0.352179,-0.001718,0.050103
20.813965,1.087770,0.378577,-1.383681,0.647599,-0.850911,0.790942,0.310139,0.003696,-0.021347,-0.503736,0.070019,-0.303663,0.512696,0.039772,-0.707445,0.178290,0.737767,-1.789384,1.755455,3.743761,-0.622555,0.522545,0.226604,-0.723200,0.197583,-0.351891,-0.001403,0.048936
20.815055,1.093472,0.377076,-1.379658,0.647707,-0.851472,0.791198,0.310544,0.038927,-0.104305,-0.461078,0.108835,-0.308758,0.514241,0.040266,-0.706910,0.178516,0.737048,-1.789192,1.755097,3.743766,-0.622505,0.525483,0.227372,-0.723491,0.195787,-0.353025,0.000413,0.048355
20.815948,1.101018,0.375903,-1.379306,0.648915,-0.847702,0.791299,0.310967,0.082403,-0.188379,-0.411669,0.145493,-0.314087,0.515499,0.040727,-0.706392,0.178745,0.736318,-1.788998,1.754742,3.743764,-0.622455,0.523778,0.227624,-0.725907,0.195273,-0.352448,0.000012,0.049022
20.816941,1.107351,0.372094,-1.372749,0.651615,-0.844292,0.790657,0.310911,0.132660,-0.272767,-0.356831,0.180217,-0.319725,0.516517,0.041172,-0.705877,0.178970,0.735601,-1.788810,1.754379,3.743764,-0.622406,0.519852,0.227359,-0.724924,0.193013,-0.355530,-0.000195,0.049339
20.817928,1.111415,0.370122,-1.367182,0.648856,-0.843225,0.791282,0.312125,0.192729,-0.358933,-0.293827,0.213632,-0.325773,0.517226,0.041623,-0.705370,0.179203,0.734865,-1.788626,1.754014,3.743767,-0.622353,0.517359,0.228532,-0.727732,0.189733,-0.358533,0.000308,0.050762
20.818941,1.117579,0.369460,-1.369960,0.649050,-0.837754,0.789893,0.312013,0.265061,-0.448501,-0.220508,0.246208,-0.332247,0.517618,0.042080,-0.704854,0.179434,0.734121,-1.788427,1.753650,3.743763,-0.622306,0.515849,0.228778,-0.729862,0.191594,-0.359149,-0.000430,0.049627
20.820085,1.122152,0.366379,-1.365428,0.649550,-0.835617,0.788779,0.312789,0.347936,-0.537964,-0.138779,0.275828,-0.338739,0.517687,0.042530,-0.704344,0.179662,0.733400,-1.788239,1.753278,3.743768,-0.622250,0.513513,0.228457,-0.728273,0.190793,-0.364247,0.000825,0.051201
20.821005,1.121843,0.366109,-1.361583,0.647752,-0.834316,0.787382,0.312374,0.436867,-0.623312,-0.052913,0.301132,-0.344882,0.517471,0.042977,-0.703834,0.179897,0.732659,-1.788049,1.752903,3.743769,-0.622198,0.512895,0.229570,-0.731277,0.190191,-0.366334,0.001787,0.051170
20.821982,1.120120,0.363342,-1.355416,0.646831,-0.834170,0.787592,0.313503,0.528735,-0.703261,0.034259,0.322387,-0.350581,0.517007,0.043431,-0.703318,0.180122,0.731932,-1.787859,1.752534,3.743774,-0.622142,0.513106,0.228888,-0.732163,0.191001,-0.366931,0.003045,0.053198
20.823046,1.117946,0.357932,-1.359149,0.644846,-0.834390,0.789113,0.315403,0.619520,-0.775599,0.119067,0.339511,-0.355741,0.516328,0.043884,-0.702810,0.180353,0.731191,-1.787668,1.752165,3.743772,-0.622092,0.514521,0.229532,-0.734567,0.191137,-0.366558,0.002706,0.052199
20.824109,1.123081,0.357402,-1.356006,0.643537,-0.833423,0.790121,0.315067,0.702867,-0.839590,0.195960,0.353557,-0.360385,0.515711,0.044297,-0.702289,0.180590,0.730456,-1.787471,1.751798,3.743771,-0.622047,0.516577,0.231607,-0.732751,0.192528,-0.366138,0.001049,0.049830
20.824918,1.122199,0.357401,-1.355251,0.644072,-0.833278,0.790016,0.316205,0.774725,-0.895805,0.261492,0.365577,-0.364575,0.515437,0.044655,-0.701772,0.180820,0.729727,-1.787277,1.751427,3.743770,-0.621989,0.514991,0.231282,-0.734525,0.193303,-0.366864,-0.000080,0.051937
20.825975,1.121633,0.359236,-1.355792,0.641578,-0.830742,0.790477,0.317138,0.835604,-0.943218,0.316081,0.375471,-0.368342,0.515395,0.044978,-0.701262,0.181050,0.728994,-1.787089,1.751061,3.743770,-0.621941,0.514818,0.230197,-0.732848,0.191384,-0.365971,-0.000069,0.050667
20.826987,1.123316,0.353525,-1.357982,0.639097,-0.828415,0.790084,0.317532,0.883914,-0.978123,0.358096,0.382556,-0.371634,0.515378,0.045262,-0.700742,0.181276,0.728258,-1.786893,1.750691,3.743770,-0.621892,0.516051,0.228748,-0.732627,0.193309,-0.368292,-0.000667,0.050228
20.827995,1.133140,0.354279,-1.361597,0.638152,-0.834156,0.790952,0.319078,0.917262,-0.998070,0.385241,0.385861,-0.374280,0.515382,0.045507,-0.700223,0.181510,0.727532,-1.786692,1.750316,3.743774,-0.621837,0.515834,0.230917,-0.731289,0.194885,-0.370153,-0.000415,0.050773
20.829012,1.138527,0.353190,-1.361919,0.634989,-0.834573,0.791013,0.318803,0.938540,-1.005958,0.400242,0.385839,-0.376383,0.515429,0.045729,-0.699722,0.181739,0.726803,-1.786494,1.749964,3.743770,-0.621792,0.511717,0.229852,-0.729174,0.194980,-0.364103,-0.001400,0.049014
20.829979,1.141606,0.349898,-1.362817,0.631518,-0.836089,0.790153,0.318502,0.953622,-1.004606,0.408449,0.382788,-0.378140,0.515343,0.045938,-0.699214,0.181967,0.726078,-1.786292,1.749605,3.743771,-0.621737,0.509848,0.229770,-0.728847,0.197277,-0.363459,-0.001585,0.050935
20.831077,1.147190,0.356990,-1.360438,0.630371,-0.839143,0.790251,0.319539,0.966352,-0.994827,0.413280,0.375892,-0.379540,0.514991,0.046140,-0.698712,0.182201,0.725351,-1.786090,1.749244,3.743771,-0.621682,0.508856,0.230620,-0.727779,0.199648,-0.361479,-0.000836,0.052791
20.832100,1.140809,0.358890,-1.370405,0.627652,-0.840656,0.790548,0.319728,0.977937,-0.975570,0.415730,0.364075,-0.380504,0.514250,0.046320,-0.698206,0.182420,0.724614,-1.785888,1.748893,3.743770,-0.621632,0.507448,0.226671,-0.729358,0.200208,-0.358486,-0.001072,0.052166
20.832961,1.139403,0.360338,-1.368575,0.627555,-0.840785,0.789250,0.320043,0.982953,-0.941069,0.410695,0.345972,-0.380860,0.513029,0.046432,-0.697686,0.182639,0.723905,-1.785682,1.748539,3.743770,-0.621577,0.511392,0.225227,-0.724377,0.201970,-0.356776,-0.001496,0.053147
20.833950,1.141272,0.361375,-1.371639,0.623443,-0.840848,0.788701,0.320846,0.970680,-0.887189,0.388663,0.322322,-0.380597,0.511573,0.046434,-0.697176,0.182862,0.723183,-1.785482,1.748182,3.743773,-0.621522,0.511792,0.223606,-0.723886,0.200565,-0.355892,-0.000312,0.053606
20.835081,1.141861,0.367251,-1.370414,0.625264,-0.844317,0.789650,0.321842,0.939065,-0.815949,0.348185,0.294739,-0.379878,0.510035,0.046321,-0.696664,0.183082,0.722471,-1.785276,1.747830,3.743774,-0.621472,0.511417,0.222505,-0.722085,0.203626,-0.355534,0.000105,0.053301
20.836082,1.151756,0.367688,-1.381722,0.618818,-0.844510,0.790518,0.321877,0.893140,-0.730483,0.294084,0.263643,-0.378796,0.508321,0.046120,-0.696156,0.183294,0.721743,-1.785077,1.747481,3.743768,-0.621420,0.512715,0.219345,-0.723475,0.201367,-0.352233,-0.000970,0.052823
20.837004,1.158491,0.364888,-1.382297,0.618935,-0.845419,0.789703,0.322214,0.837010,-0.632405,0.230261,0.228670,-0.377317,0.506382,0.045868,-0.695655,0.183511,0.721030,-1.784858,1.747132,3.743764,-0.621365,0.508494,0.218608,-0.717577,0.206523,-0.351845,-0.001937,0.054077
20.838049,1.153160,0.367045,-1.382602,0.617417,-0.846014,0.788254,0.323807,0.776324,-0.526064,0.162038,0.189995,-0.375426,0.504298,0.045610,-0.695150,0.183729,0.720319,-1.784656,1.746787,3.743767,-0.621307,0.505339,0.219319,-0.716542,0.205055,-0.350473,-0.001238,0.054569
20.838980,1.145427,0.366506,-1.385345,0.612972,-0.846513,0.786956,0.323523,0.714937,-0.418395,0.093345,0.150413,-0.373400,0.502263,0.045375,-0.694638,0.183943,0.719600,-1.784447,1.746439,3.743768,-0.621258,0.509023,0.217804,-0.716524,0.205659,-0.349819,0.000082,0.052758
20.840099,1.148978,0.364632,-1.381651,0.612675,-0.848295,0.786435,0.325089,0.647868,-0.310051,0.020019,0.111687,-0.371263,0.500509,0.045158,-0.694115,0.184159,0.718897,-1.784234,1.746094,3.743771,-0.621202,0.512933,0.217424,-0.714509,0.208615,-0.348901,0.001242,0.054558
20.840980,1.153975,0.366485,-1.386125,0.613506,-0.848024,0.786900,0.323884,0.572144,-0.201186,-0.060304,0.074275,-0.368869,0.499167,0.044966,-0.693607,0.184377,0.718178,-1.784023,1.745751,3.743774,-0.621154,0.512616,0.218074,-0.717139,0.208159,-0.347323,0.001599,0.052908
20.841992,1.151333,0.364106,-1.382293,0.610436,-0.852409,0.787677,0.323357,0.494262,-0.097636,-0.141240,0.040355,-0.366447,0.498128,0.044840,-0.693101,0.184588,0.717467,-1.783819,1.745405,3.743772,-0.621094,0.509994,0.216408,-0.713696,0.205833,-0.347019,0.001027,0.056472
20.843060,1.156596,0.367061,-1.388760,0.613587,-0.855239,0.788050,0.325483,0.419261,-0.003057,-0.217932,0.011403,-0.364207,0.497269,0.044809,-0.692579,0.184804,0.716758,-1.783609,1.745068,3.743772,-0.621031,0.511967,0.217129,-0.715639,0.207839,-0.342520,0.000120,0.058806
20.844105,1.160338,0.368174,-1.393219,0.612600,-0.856475,0.787723,0.325528,0.347664,0.081685,-0.289787,-0.011956,-0.362260,0.496590,0.044849,-0.692077,0.185013,0.716049,-1.783412,1.744732,3.743773,-0.620980,0.510541,0.215327,-0.712809,0.204049,-0.339837,-0.000385,0.055926
20.844935,1.152899,0.367482,-1.389567,0.612608,-0.859056,0.787681,0.324714,0.278491,0.157346,-0.357714,-0.029282,-0.360676,0.496029,0.044942,-0.691568,0.185226,0.715339,-1.783203,1.744394,3.743775,-0.620920,0.509654,0.214386,-0.710823,0.204128,-0.338637,-0.000195,0.057233
20.845994,1.149931,0.365439,-1.391484,0.610940,-0.861158,0.788368,0.325961,0.209768,0.225735,-0.423648,-0.040843,-0.359405,0.495552,0.045102,-0.691044,0.185434,0.714631,-1.783004,1.744067,3.743773,-0.620856,0.512761,0.213949,-0.711132,0.202552,-0.335469,-0.000246,0.059885
20.846948,1.156758,0.361906,-1.387940,0.608945,-0.861296,0.787527,0.326477,0.138759,0.287050,-0.490032,-0.046602,-0.358434,0.495327,0.045308,-0.690529,0.185651,0.713920,-1.782799,1.743735,3.743771,-0.620800,0.515247,0.214571,-0.710518,0.203424,-0.333513,-0.001060,0.058744
20.847981,1.160689,0.362317,-1.390394,0.607252,-0.865019,0.786959,0.327364,0.068292,0.338995,-0.554209,-0.047053,-0.357740,0.495434,0.045521,-0.690022,0.185865,0.713213,-1.782594,1.743410,3.743770,-0.620740,0.512173,0.215743,-0.711815,0.204204,-0.333249,-0.000320,0.058937
20.849050,1.164540,0.361673,-1.389805,0.609553,-0.868152,0.785528,0.326102,0.006954,0.379263,-0.608536,-0.044009,-0.357226,0.495652,0.045755,-0.689519,0.186079,0.712502,-1.782387,1.743087,3.743775,-0.620680,0.511198,0.215091,-0.710698,0.204932,-0.329633,0.000088,0.058493
20.850023,1.158612,0.362605,-1.386419,0.608440,-0.870541,0.785321,0.327091,-0.041373,0.407732,-0.649671,-0.038274,-0.356956,0.495754,0.046046,-0.689007,0.186296,0.711785,-1.782189,1.742770,3.743777,-0.620612,0.510386,0.215027,-0.711370,0.202010,-0.326821,0.001384,0.062419
20.850957,1.155698,0.361347,-1.387582,0.611258,-0.869948,0.786987,0.328589,-0.078919,0.425497,-0.679715,-0.029330,-0.357103,0.495693,0.046389,-0.688482,0.186508,0.711076,-1.781991,1.742449,3.743779,-0.620552,0.513698,0.214020,-0.712711,0.202164,-0.324394,0.001446,0.061641
20.852104,1.168145,0.356891,-1.383732,0.611016,-0.871667,0.788037,0.328187,-0.111853,0.434649,-0.704250,-0.016655,-0.357710,0.495632,0.046721,-0.687972,0.186721,0.710365,-1.781799,1.742123,3.743774,-0.620497,0.515353,0.214033,-0.711402,0.198329,-0.324797,-0.000328,0.059837
20.853005,1.173389,0.354382,-1.383246,0.611860,-0.872763,0.787501,0.329137,-0.139981,0.432821,-0.722940,0.000694,-0.358878,0.495735,0.047023,-0.687465,0.186939,0.709650,-1.781603,1.741805,3.743771,-0.620431,0.510780,0.216042,-0.714404,0.198363,-0.323623,-0.001495,0.062168
20.854002,1.173531,0.352081,-1.369733,0.612180,-0.874506,0.789048,0.329697,-0.153452,0.414163,-0.726882,0.022887,-0.360736,0.495906,0.047355,-0.686964,0.187158,0.708937,-1.781410,1.741485,3.743768,-0.620371,0.508279,0.216520,-0.713599,0.196374,-0.322260,-0.001039,0.061372
20.854985,1.174764,0.348511,-1.376275,0.613896,-0.871635,0.788954,0.331317,-0.146307,0.376868,-0.710938,0.049077,-0.363240,0.496005,0.047755,-0.686455,0.187378,0.708197,-1.781217,1.741167,3.743763,-0.620309,0.508904,0.217091,-0.719912,0.195289,-0.320591,-0.002702,0.061538
20.855941,1.170738,0.344061,-1.370299,0.615125,-0.870970,0.788109,0.331096,-0.121565,0.322703,-0.678016,0.078814,-0.366256,0.496159,0.048224,-0.685942,0.187596,0.707493,-1.781030,1.740843,3.743762,-0.620252,0.508784,0.218299,-0.716325,0.192906,-0.323470,-0.002705,0.059543
20.857068,1.172330,0.339733,-1.373806,0.616215,-0.872317,0.787290,0.330971,-0.088494,0.254583,-0.636524,0.112436,-0.369670,0.496724,0.048760,-0.685429,0.187818,0.706769,-1.780843,1.740518,3.743763,-0.620185,0.511159,0.219840,-0.718698,0.190894,-0.323973,-0.001980,0.061213
20.858057,1.163930,0.340155,-1.373598,0.616687,-0.877525,0.785963,0.332464,-0.055000,0.174699,-0.593639,0.150384,-0.373467,0.497989,0.049369,-0.684915,0.188045,0.706045,-1.780656,1.740197,3.743764,-0.620119,0.511827,0.221613,-0.717676,0.189698,-0.323077,-0.001308,0.062922
20.859049,1.164127,0.334434,-1.377584,0.618258,-0.876855,0.785947,0.331673,-0.027867,0.087581,-0.555746,0.191693,-0.377548,0.500031,0.050022,-0.684394,0.188264,0.705335,-1.780469,1.739890,3.743761,-0.620061,0.516528,0.220798,-0.717550,0.188591,-0.317981,-0.000083,0.061177
20.859949,1.167891,0.333860,-1.371273,0.618710,-0.875211,0.785718,0.331764,-0.014548,-0.000974,-0.529904,0.235062,-0.381760,0.502875,0.050669,-0.683876,0.188492,0.704615,-1.780286,1.739576,3.743760,-0.619992,0.516910,0.223004,-0.715210,0.186459,-0.318796,-0.000194,0.064041
20.861023,1.164643,0.324458,-1.367643,0.618967,-0.876703,0.785785,0.332188,-0.013186,-0.089815,-0.514775,0.279491,-0.386022,0.506381,0.051305,-0.683359,0.188713,0.703898,-1.780104,1.739255,3.743758,-0.619924,0.514910,0.222475,-0.717357,0.185143,-0.320171,-0.000063,0.064940
20.862031,1.169361,0.322028,-1.365966,0.621471,-0.876720,0.785647,0.332367,-0.014849,-0.181711,-0.502602,0.324225,-0.390341,0.510318,0.051936,-0.682840,0.188950,0.703168,-1.779919,1.738933,3.743757,-0.619858,0.517646,0.226589,-0.719417,0.184619,-0.318938,-0.000262,0.065461
20.862933,1.172170,0.317638,-1.353036,0.619630,-0.877029,0.785550,0.332180,-0.014093,-0.280578,-0.488487,0.370137,-0.394915,0.514666,0.052543,-0.682328,0.189182,0.702442,-1.779740,1.738614,3.743758,-0.619789,0.515942,0.227078,-0.719980,0.181715,-0.319030,-0.000253,0.066371
20.864072,1.174475,0.314627,-1.353355,0.618693,-0.880335,0.785527,0.330976,-0.004930,-0.387551,-0.467285,0.416823,-0.399793,0.519203,0.053130,-0.681811,0.189411,0.701714,-1.779558,1.738298,3.743758,-0.619718,0.514454,0.228393,-0.725309,0.182737,-0.318488,-0.000268,0.067843
20.865022,1.177051,0.314192,-1.343774,0.616542,-0.884441,0.784644,0.332421,0.018457,-0.499862,-0.434377,0.461408,-0.404719,0.523550,0.053720,-0.681299,0.189646,0.700986,-1.779373,1.737985,3.743756,-0.619637,0.514912,0.229435,-0.725918,0.183650,-0.315748,-0.000378,0.071688
20.865965,1.179867,0.314752,-1.340050,0.618255,-0.886109,0.784202,0.332299,0.105137,-0.718947,-0.337977,0.533883,-0.413830,0.530753,0.054837,-0.680276,0.190099,0.699520,-1.779010,1.737374,3.743759,-0.619495,0.512772,0.227828,-0.730849,0.182693,-0.310042,0.000695,0.071338
20.867115,1.187370,0.311682,-1.341835,0.618368,-0.888015,0.783733,0.332016,0.163869,-0.817960,-0.278908,0.560790,-0.418126,0.533286,0.055347,-0.679769,0.190334,0.698787,-1.778828,1.737068,3.743760,-0.619419,0.510734,0.228945,-0.730787,0.182703,-0.308835,0.001016,0.073358
20.868055,1.195725,0.307841,-1.347182,0.621027,-0.886860,0.783580,0.332213,0.163869,-0.817960,-0.278908,0.560790,-0.418126,0.533286,0.055347,-0.679769,0.190334,0.698787,-1.778828,1.737068,3.743760,-0.619419,0.510734,0.228945,-0.730787,0.182703,-0.308835,0.001016,0.073358
20.868937,1.192943,0.315721,-1.341601,0.619015,-0.887042,0.783896,0.331183,0.228063,-0.910756,-0.216523,0.584209,-0.422646,0.535309,0.055833,-0.679264,0.190565,0.698069,-1.778657,1.736757,3.743762,-0.619343,0.506859,0.230043,-0.727338,0.179576,-0.309962,0.001040,0.074080
20.870058,1.194811,0.310971,-1.339136,0.620726,-0.887891,0.782285,0.331054,0.292610,-0.994094,-0.155535,0.604212,-0.427311,0.536889,0.056283,-0.678756,0.190783,0.697335,-1.778474,1.736448,3.743762,-0.619259,0.508185,0.225252,-0.728763,0.180647,-0.309553,0.000610,0.077174
20.871038,1.202331,0.309173,-1.331842,0.620215,-0.889872,0.782439,0.331145,0.352855,-1.061441,-0.100533,0.618844,-0.431730,0.537907,0.056686,-0.678247,0.191015,0.696606,-1.778299,1.736143,3.743765,-0.619181,0.508753,0.227229,-0.730658,0.179072,-0.309305,0.002081,0.078817
20.871992,1.206883,0.314015,-1.323733,0.618515,-0.890875,0.782886,0.330097,0.411837,-1.116588,-0.048482,0.629522,-0.436016,0.538403,0.057051,-0.677749,0.191241,0.695866,-1.778119,1.735834,3.743766,-0.619100,0.505637,0.227427,-0.733645,0.179085,-0.307412,0.001778,0.079800
20.873061,1.207349,0.315019,-1.325816,0.617798,-0.895101,0.782754,0.331093,0.477569,-1.163727,0.007989,0.636563,-0.440222,0.538227,0.057416,-0.677248,0.191462,0.695118,-1.777936,1.735531,3.743767,-0.619012,0.503836,0.224292,-0.736725,0.180095,-0.306503,0.001204,0.083020
20.874043,1.203624,0.318249,-1.321711,0.618501,-0.895217,0.782031,0.331130,0.550357,-1.198381,0.068858,0.637355,-0.443954,0.537154,0.057791,-0.676739,0.191682,0.694391,-1.777755,1.735233,3.743768,-0.618932,0.504777,0.223378,-0.735879,0.180633,-0.302743,0.001203,0.082300
20.875027,1.202173,0.318546,-1.320725,0.618971,-0.896189,0.781921,0.331167,0.621086,-1.216463,0.126032,0.631863,-0.447049,0.535365,0.058140,-0.676230,0.191897,0.693650,-1.777577,1.734929,3.743771,-0.618844,0.507206,0.221202,-0.737288,0.179443,-0.302834,0.001791,0.083388
20.876108,1.207655,0.326249,-1.318369,0.620228,-0.896106,0.781339,0.330259,0.681168,-1.217737,0.172251,0.622152,-0.449634,0.533167,0.058452,-0.675720,0.192119,0.692905,-1.777401,1.734632,3.743773,-0.618760,0.508490,0.220439,-0.737075,0.178582,-0.302090,0.001763,0.084482
20.877022,1.209465,0.326790,-1.317494,0.620945,-0.898119,0.782946,0.330065,0.728817,-1.202844,0.206216,0.609125,-0.451810,0.530589,0.058738,-0.675212,0.192327,0.692171,-1.777225,1.734328,3.743777,-0.618667,0.506950,0.216296,-0.738522,0.177298,-0.302664,0.002186,0.087592
20.877945,1.214665,0.325263,-1.312672,0.620624,-0.895218,0.783760,0.329124,0.766873,-1.172697,0.230613,0.592630,-0.453636,0.527484,0.059010,-0.674712,0.192539,0.691428,-1.777052,1.734028,3.743774,-0.618578,0.506263,0.215403,-0.737691,0.175960,-0.300603,0.000467,0.089003
20.879114,1.224355,0.326943,-1.316886,0.621815,-0.893400,0.785187,0.328081,0.799518,-1.132615,0.249565,0.573931,-0.455323,0.523961,0.059276,-0.674213,0.192751,0.690694,-1.776878,1.733716,3.743772,-0.618480,0.503922,0.215542,-0.739048,0.175708,-0.303445,-0.000446,0.091918
20.880111,1.225581,0.330643,-1.315400,0.619772,-0.894072,0.785469,0.329086,0.831719,-1.089427,0.267883,0.554408,-0.457027,0.520237,0.059558,-0.673722,0.192963,0.689952,-1.776703,1.733403,3.743767,-0.618379,0.501117,0.214566,-0.737799,0.174857,-0.305940,-0.001995,0.095384
20.881009,1.224155,0.332700,-1.312853,0.618992,-0.893839,0.783759,0.328231,0.864543,-1.043600,0.286409,0.533075,-0.458566,0.516385,0.059853,-0.673222,0.193174,0.689207,-1.776522,1.733104,3.743764,-0.618283,0.501298,0.212237,-0.737970,0.176438,-0.305493,-0.002370,0.094469
20.882072,1.222716,0.336285,-1.312259,0.618744,-0.894348,0.783226,0.328250,0.894030,-0.990976,0.301279,0.507872,-0.459611,0.512429,0.060119,-0.672713,0.193376,0.688469,-1.776350,1.732796,3.743766,-0.618180,0.502007,0.210641,-0.737925,0.176571,-0.305584,-0.000767,0.097172
20.882968,1.223189,0.334542,-1.306496,0.619412,-0.895038,0.782899,0.328161,0.915299,-0.928955,0.308103,0.478159,-0.459987,0.508447,0.060324,-0.672209,0.193581,0.687728,-1.776174,1.732492,3.743767,-0.618077,0.503913,0.208584,-0.738247,0.176717,-0.305492,-0.000382,0.098330
20.883982,1.232828,0.336728,-1.314983,0.619026,-0.894159,0.782686,0.327193,0.926592,-0.860042,0.305800,0.445648,-0.459834,0.504602,0.060451,-0.671709,0.193788,0.686992,-1.775999,1.732191,3.743765,-0.617976,0.503741,0.208849,-0.739811,0.175331,-0.304710,-0.000156,0.099470
20.885013,1.234187,0.337463,-1.307969,0.620726,-0.896042,0.782497,0.328323,0.930155,-0.789370,0.296995,0.412539,-0.459429,0.501032,0.060503,-0.671221,0.193995,0.686262,-1.775823,1.731884,3.743765,-0.617865,0.499900,0.207358,-0.735250,0.175422,-0.305840,-0.000071,0.102526
20.885998,1.240357,0.336883,-1.312359,0.618888,-0.893009,0.781961,0.327262,0.929125,-0.720076,0.284762,0.379853,-0.458948,0.497756,0.060486,-0.670719,0.194200,0.685513,-1.775650,1.731582,3.743763,-0.617765,0.500244,0.206670,-0.738486,0.173557,-0.304276,0.000002,0.101398
20.887061,1.242959,0.338480,-1.306689,0.622072,-0.890873,0.781367,0.327876,0.926429,-0.654299,0.271776,0.348005,-0.458464,0.494770,0.060411,-0.670221,0.194404,0.684789,-1.775474,1.731265,3.743762,-0.617651,0.497835,0.206547,-0.735803,0.175040,-0.307395,0.000424,0.104609
20.887992,1.248774,0.337294,-1.308367,0.622986,-0.891351,0.781780,0.327451,0.924074,-0.593692,0.259935,0.317243,-0.457936,0.492084,0.060313,-0.669726,0.194608,0.684047,-1.775308,1.730953,3.743765,-0.617544,0.497837,0.205492,-0.738703,0.171947,-0.309865,0.000866,0.104545
20.889015,1.256176,0.335046,-1.309834,0.621935,-0.893891,0.781197,0.325956,0.923325,-0.540333,0.250643,0.288872,-0.457428,0.489687,0.060240,-0.669234,0.194815,0.683308,-1.775141,1.730649,3.743765,-0.617435,0.495330,0.205536,-0.736754,0.170666,-0.309356,0.000331,0.106398
20.890155,1.257365,0.334455,-1.314688,0.623401,-0.897237,0.780751,0.326989,0.925184,-0.496430,0.245039,0.264135,-0.457044,0.487638,0.060239,-0.668751,0.195021,0.682581,-1.774965,1.730346,3.743764,-0.617316,0.492765,0.206313,-0.735876,0.171499,-0.307098,0.000797,0.110492
20.891135,1.262379,0.334561,-1.317681,0.621814,-0.898486,0.780011,0.325666,0.927832,-0.462073,0.241565,0.243272,-0.456762,0.486069,0.060319,-0.668253,0.195227,0.681844,-1.774795,1.730048,3.743765,-0.617207,0.493979,0.206489,-0.734154,0.170360,-0.304491,0.001094,0.109682
20.892005,1.258460,0.332844,-1.318009,0.621599,-0.899541,0.779685,0.325203,0.926656,-0.434525,0.236032,0.225861,-0.456452,0.485049,0.060454,-0.667759,0.195431,0.681123,-1.774622,1.729749,3.743768,-0.617085,0.492155,0.206009,-0.732216,0.171622,-0.303458,0.001698,0.113379
20.893049,1.250855,0.329331,-1.317621,0.620040,-0.900262,0.781379,0.325546,0.917708,-0.409751,0.224712,0.210636,-0.455897,0.484536,0.060627,-0.667262,0.195640,0.680393,-1.774453,1.729449,3.743770,-0.616966,0.494093,0.206161,-0.730582,0.171121,-0.302234,0.001902,0.115137
20.894060,1.250814,0.329238,-1.319844,0.622076,-0.900844,0.781658,0.325074,0.896032,-0.385850,0.203207,0.197537,-0.455031,0.484663,0.060801,-0.666754,0.195852,0.679659,-1.774279,1.729154,3.743768,-0.616849,0.498923,0.207552,-0.730738,0.172589,-0.301976,0.000067,0.115563
20.895044,1.252753,0.325242,-1.322954,0.622814,-0.898992,0.781672,0.326477,0.857618,-0.363182,0.168187,0.187698,-0.453974,0.485636,0.060922,-0.666248,0.196056,0.678939,-1.774111,1.728850,3.743769,-0.616726,0.499692,0.207222,-0.729451,0.170419,-0.301649,-0.000332,0.117571
20.896099,1.256968,0.323820,-1.319847,0.622776,-0.901341,0.782445,0.325195,0.804260,-0.343728,0.121467,0.182393,-0.452939,0.487405,0.060976,-0.665751,0.196267,0.678214,-1.773943,1.728544,3.743769,-0.616612,0.499426,0.208741,-0.727434,0.169473,-0.303671,-0.000467,0.115773
20.897105,1.253378,0.319345,-1.328653,0.624032,-0.904934,0.782964,0.326805,0.743255,-0.330610,0.069590,0.182116,-0.452097,0.489731,0.061003,-0.665251,0.196477,0.677492,-1.773772,1.728251,3.743767,-0.616484,0.498483,0.209108,-0.729212,0.169525,-0.301791,-0.001364,0.119491
20.897955,1.247799,0.316104,-1.323994,0.622798,-0.905673,0.782330,0.326663,0.678895,-0.325613,0.016314,0.187001,-0.451550,0.492497,0.061038,-0.664750,0.196692,0.676772,-1.773605,1.727956,3.743764,-0.616370,0.501119,0.210858,-0.724530,0.168137,-0.298512,-0.001987,0.117287
20.899080,1.249747,0.311966,-1.330396,0.621212,-0.908853,0.781169,0.324974,0.607609,-0.328039,-0.041619,0.197610,-0.451363,0.495833,0.061069,-0.664242,0.196908,0.676041,-1.773435,1.727658,3.743764,-0.616250,0.503589,0.211637,-0.725269,0.168614,-0.297585,-0.001448,0.118420
20.900110,1.247947,0.312649,-1.330677,0.622851,-0.910292,0.780747,0.325348,0.528236,-0.336018,-0.105542,0.212871,-0.451411,0.499742,0.061106,-0.663731,0.197124,0.675326,-1.773260,1.727371,3.743765,-0.616113,0.504102,0.213444,-0.722880,0.170389,-0.295191,-0.000427,0.123004
20.901017,1.245349,0.306122,-1.323942,0.622491,-0.912053,0.779820,0.324294,0.443283,-0.347205,-0.173611,0.230797,-0.451536,0.504015,0.061168,-0.663225,0.197338,0.674601,-1.773096,1.727078,3.743766,-0.615987,0.505928,0.212647,-0.722703,0.168766,-0.294191,-0.000146,0.123277
20.902155,1.246919,0.307610,-1.324955,0.620922,-0.913348,0.779983,0.325485,0.356398,-0.361633,-0.242680,0.251080,-0.451856,0.508445,0.061237,-0.662713,0.197561,0.673879,-1.772928,1.726794,3.743766,-0.615855,0.507239,0.215143,-0.725030,0.168647,-0.292537,0.000669,0.126269
20.903065,1.248082,0.301934,-1.318513,0.620638,-0.911462,0.780535,0.324379,0.273236,-0.380187,-0.307842,0.273013,-0.452455,0.512818,0.061307,-0.662206,0.197772,0.673153,-1.772751,1.726505,3.743766,-0.615729,0.508094,0.214178,-0.725331,0.170398,-0.292074,0.000353,0.125080
20.904118,1.250411,0.295865,-1.323686,0.621797,-0.912528,0.779670,0.324923,0.198882,-0.401783,-0.364893,0.294469,-0.453168,0.516923,0.061376,-0.661698,0.197995,0.672420,-1.772582,1.726212,3.743766,-0.615596,0.507569,0.216257,-0.727408,0.170148,-0.294019,-0.000312,0.128187
20.905025,1.242441,0.298445,-1.317911,0.621689,-0.912309,0.779810,0.326121,0.136331,-0.429053,-0.411137,0.316103,-0.454101,0.520797,0.061437,-0.661184,0.198218,0.671706,-1.772416,1.725914,3.743769,-0.615466,0.507392,0.218792,-0.725028,0.169068,-0.293376,0.000413,0.128156
20.905942,1.232088,0.292822,-1.321276,0.622392,-0.917710,0.779494,0.326057,0.082344,-0.462318,-0.449489,0.339223,-0.455354,0.524577,0.061466,-0.660669,0.198431,0.670976,-1.772248,1.725620,3.743768,-0.615340,0.511394,0.216779,-0.726802,0.168690,-0.293632,0.000158,0.126625
20.907101,1.240640,0.290868,-1.323016,0.622023,-0.919837,0.780493,0.326946,0.026912,-0.495730,-0.489171,0.363483,-0.456741,0.528373,0.061453,-0.660143,0.198657,0.670249,-1.772086,1.725347,3.743767,-0.615213,0.516494,0.218818,-0.724036,0.167640,-0.288431,0.000368,0.127667
20.908042,1.240755,0.287588,-1.320243,0.620390,-0.924065,0.781314,0.325770,-0.035034,-0.527658,-0.534752,0.389183,-0.458233,0.532331,0.061427,-0.659628,0.198878,0.669530,-1.771916,1.725062,3.743765,-0.615087,0.513828,0.219534,-0.724281,0.168459,-0.287275,-0.000774,0.127138
20.908953,1.235133,0.285304,-1.322045,0.622968,-0.926853,0.780934,0.326803,-0.096530,-0.559960,-0.580175,0.415253,-0.459782,0.536305,0.061448,-0.659117,0.199101,0.668798,-1.771741,1.724782,3.743762,-0.614951,0.514053,0.220436,-0.724775,0.169554,-0.283278,-0.001690,0.130419
20.910161,1.238586,0.287625,-1.322981,0.623246,-0.929477,0.779602,0.326092,-0.153665,-0.593055,-0.622078,0.441022,-0.461376,0.540180,0.061533,-0.658596,0.199322,0.668085,-1.771581,1.724509,3.743762,-0.614821,0.516824,0.220812,-0.722936,0.166632,-0.280746,-0.001412,0.129179
20.911052,1.234904,0.283776,-1.315923,0.621046,-0.928529,0.778673,0.325565,-0.209697,-0.624973,-0.663440,0.466830,-0.463075,0.543956,0.061660,-0.658082,0.199538,0.667358,-1.771413,1.724232,3.743764,-0.614686,0.517101,0.219540,-0.723881,0.167044,-0.279294,-0.000235,0.131941
20.912011,1.233413,0.283884,-1.312659,0.618598,-0.930414,0.778160,0.326084,-0.262988,-0.652772,-0.703220,0.490684,-0.464679,0.547407,0.061840,-0.657557,0.199764,0.666622,-1.771240,1.723953,3.743766,-0.614546,0.518699,0.220616,-0.726068,0.168563,-0.280389,0.000569,0.133786
20.913033,1.242786,0.282937,-1.312018,0.619620,-0.934166,0.779037,0.325688,-0.309457,-0.674787,-0.738197,0.509884,-0.465896,0.550325,0.062077,-0.657033,0.199980,0.665902,-1.771065,1.723678,3.743765,-0.614413,0.519665,0.219933,-0.727084,0.170548,-0.278849,0.000964,0.133660
20.914036,1.252130,0.285487,-1.301402,0.620225,-0.936542,0.779179,0.325723,-0.345447,-0.691076,-0.765251,0.523286,-0.466682,0.552571,0.062353,-0.656529,0.200204,0.665170,-1.770897,1.723406,3.743763,-0.614271,0.515821,0.219847,-0.727180,0.169434,-0.275694,-0.000046,0.135464
20.915040,1.263083,0.284772,-1.304309,0.621833,-0.941164,0.779529,0.326289,-0.362155,-0.704641,-0.776580,0.531167,-0.467314,0.553863,0.062678,-0.656024,0.200415,0.664437,-1.770731,1.723134,3.743763,-0.614133,0.511901,0.218102,-0.732148,0.168743,-0.273879,-0.000306,0.136361
20.916083,1.256145,0.287344,-1.297915,0.621521,-0.941874,0.778497,0.325548,-0.351193,-0.718910,-0.764810,0.534375,-0.468139,0.553956,0.063067,-0.655529,0.200636,0.663702,-1.770567,1.722870,3.743762,-0.613993,0.507290,0.217897,-0.730228,0.167082,-0.269865,-0.000773,0.136189
20.916974,1.249914,0.286397,-1.292200,0.621731,-0.944803,0.778537,0.326001,-0.316916,-0.733041,-0.733914,0.533790,-0.469256,0.553004,0.063499,-0.655004,0.200850,0.662957,-1.770397,1.722604,3.743764,-0.613852,0.511630,0.216182,-0.733270,0.167388,-0.269942,0.000129,0.138726
20.917967,1.257881,0.290234,-1.288584,0.620633,-0.947153,0.778986,0.324799,-0.272801,-0.743076,-0.695846,0.530097,-0.470536,0.551446,0.063929,-0.654482,0.201063,0.662223,-1.770235,1.722341,3.743763,-0.613714,0.514516,0.215959,-0.734767,0.166731,-0.267251,-0.000027,0.138603
20.919130,1.272536,0.293588,-1.286481,0.619822,-0.947764,0.779174,0.325020,-0.225939,-0.746333,-0.656793,0.523107,-0.471850,0.549496,0.064331,-0.653982,0.201270,0.661482,-1.770064,1.722078,3.743764,-0.613563,0.511211,0.213582,-0.736012,0.167601,-0.265519,-0.000609,0.141949
20.920149,1.279801,0.292010,-1.280415,0.618598,-0.946753,0.778417,0.324882,-0.170838,-0.741330,-0.612008,0.510411,-0.473006,0.546875,0.064710,-0.653482,0.201483,0.660733,-1.769896,1.721815,3.743764,-0.613419,0.505757,0.211770,-0.737822,0.168884,-0.266095,-0.000943,0.142682
20.920971,1.285187,0.293294,-1.270415,0.617263,-0.945037,0.778034,0.324630,-0.098484,-0.729383,-0.553555,0.490107,-0.473857,0.543307,0.065085,-0.652991,0.201694,0.659994,-1.769722,1.721547,3.743765,-0.613273,0.503173,0.212146,-0.740542,0.169905,-0.267754,-0.000310,0.143930
20.922080,1.294828,0.290542,-1.269800,0.617584,-0.947077,0.776446,0.324848,-0.005068,-0.714390,-0.477808,0.462991,-0.474440,0.538841,0.065480,-0.652497,0.201901,0.659244,-1.769550,1.721280,3.743766,-0.613124,0.500130,0.210703,-0.743441,0.170297,-0.269487,-0.000033,0.145092
20.922945,1.303704,0.292022,-1.258588,0.616193,-0.945789,0.776977,0.325037,0.108462,-0.699962,-0.385249,0.431232,-0.474905,0.533666,0.065911,-0.652005,0.202112,0.658506,-1.769380,1.721005,3.743771,-0.612979,0.496935,0.211870,-0.744167,0.170206,-0.268282,0.001395,0.145765
20.923945,1.304737,0.292692,-1.252046,0.618395,-0.948870,0.777622,0.326599,0.240869,-0.689308,-0.276649,0.397006,-0.475431,0.527949,0.066397,-0.651523,0.202321,0.657747,-1.769207,1.720732,3.743770,-0.612828,0.492577,0.210389,-0.747946,0.170803,-0.269687,0.000743,0.146100
20.925007,1.311011,0.296776,-1.243444,0.617367,-0.950944,0.777767,0.326949,0.389614,-0.683369,-0.154056,0.361842,-0.476082,0.521803,0.066952,-0.651027,0.202528,0.656985,-1.769044,1.720468,3.743769,-0.612689,0.492944,0.209646,-0.750435,0.168543,-0.267180,-0.000025,0.143916
20.926001,1.317464,0.297214,-1.252191,0.618238,-0.953869,0.778674,0.325014,0.548521,-0.680276,-0.022773,0.326706,-0.476798,0.515346,0.067562,-0.650540,0.202728,0.656230,-1.768873,1.720209,3.743768,-0.612541,0.491146,0.207388,-0.754598,0.169629,-0.265989,-0.000291,0.144272
20.926998,1.319632,0.301255,-1.253337,0.618728,-0.955753,0.778536,0.325571,0.708918,-0.676128,0.109632,0.291442,-0.477404,0.508752,0.068205,-0.650061,0.202934,0.655484,-1.768707,1.719948,3.743766,-0.612386,0.488911,0.206761,-0.749509,0.168601,-0.263686,-0.001320,0.149080
20.928089,1.320871,0.303824,-1.252225,0.619571,-0.955079,0.778476,0.326039,0.858672,-0.666403,0.232467,0.256129,-0.477795,0.502339,0.068838,-0.649573,0.203132,0.654743,-1.768543,1.719689,3.743766,-0.612238,0.488760,0.204410,-0.748444,0.168047,-0.262471,-0.001290,0.148848
20.929022,1.316120,0.307147,-1.247664,0.618536,-0.953808,0.777014,0.326404,0.988364,-0.647755,0.337332,0.221014,-0.477934,0.496351,0.069399,-0.649086,0.203331,0.653985,-1.768375,1.719419,3.743766,-0.612089,0.489719,0.203007,-0.749065,0.167407,-0.264027,-0.001372,0.148981
20.930018,1.325030,0.299936,-1.253324,0.619354,-0.951911,0.778350,0.326278,1.094294,-0.618154,0.420855,0.185525,-0.477685,0.490842,0.069854,-0.648587,0.203529,0.653226,-1.768205,1.719150,3.743771,-0.611943,0.492461,0.200887,-0.750056,0.168018,-0.265654,-0.000040,0.149090
20.931021,1.333657,0.301809,-1.250185,0.619744,-0.954038,0.778934,0.325562,1.176394,-0.580926,0.483326,0.150707,-0.477113,0.485994,0.070197,-0.648103,0.203735,0.652489,-1.768043,1.718879,3.743765,-0.611792,0.488891,0.204136,-0.746683,0.167164,-0.268094,-0.001492,0.150270
20.932142,1.337209,0.307800,-1.247279,0.619695,-0.955105,0.779013,0.327720,1.241332,-0.545064,0.531244,0.119251,-0.476598,0.481989,0.070466,-0.647628,0.203935,0.651736,-1.767875,1.718609,3.743762,-0.611633,0.485692,0.202826,-0.747677,0.166635,-0.266499,-0.002175,0.152604
20.933020,1.331583,0.311637,-1.241489,0.621626,-0.956662,0.778181,0.327269,1.297376,-0.512613,0.571752,0.090524,-0.476181,0.478562,0.070690,-0.647145,0.204126,0.650991,-1.767706,1.718344,3.743759,-0.611490,0.485753,0.199849,-0.749587,0.166982,-0.266446,-0.002374,0.149373
20.934029,1.330245,0.312118,-1.241050,0.622722,-0.957991,0.777867,0.327365,1.344758,-0.477840,0.604450,0.062062,-0.475568,0.475360,0.070866,-0.646658,0.204318,0.650237,-1.767548,1.718079,3.743759,-0.611333,0.488714,0.197441,-0.750795,0.164645,-0.265091,-0.001641,0.151037
20.935028,1.338347,0.315424,-1.246387,0.624820,-0.960263,0.777958,0.326306,1.377443,-0.438442,0.624005,0.034595,-0.474774,0.472460,0.071001,-0.646166,0.204515,0.649483,-1.767386,1.717818,3.743758,-0.611182,0.490314,0.196943,-0.750402,0.163586,-0.264449,-0.001448,0.151768
20.935966,1.336522,0.315991,-1.244253,0.625377,-0.962340,0.777144,0.327227,1.392287,-0.396011,0.628005,0.009908,-0.473999,0.470050,0.071106,-0.645680,0.204707,0.648749,-1.767231,1.717562,3.743756,-0.611021,0.487167,0.195040,-0.747272,0.161646,-0.262862,-0.001659,0.154791
20.937003,1.343170,0.315972,-1.242921,0.625041,-0.962245,0.776438,0.328198,1.390400,-0.352124,0.617674,-0.011370,-0.473406,0.468164,0.071169,-0.645193,0.204899,0.648001,-1.767069,1.717303,3.743758,-0.610867,0.488644,0.194404,-0.747250,0.160854,-0.261251,-0.000962,0.153721
20.938002,1.346824,0.315519,-1.248438,0.623562,-0.962826,0.776365,0.327285,1.375412,-0.308806,0.596363,-0.029296,-0.473101,0.466771,0.071158,-0.644709,0.205095,0.647247,-1.766908,1.717043,3.743757,-0.610713,0.486513,0.194215,-0.747571,0.161358,-0.262149,-0.000382,0.152747
20.939005,1.353127,0.316659,-1.255788,0.624840,-0.961038,0.777130,0.327805,1.351810,-0.267722,0.568092,-0.044870,-0.473014,0.465834,0.071071,-0.644220,0.205287,0.646518,-1.766741,1.716779,3.743757,-0.610554,0.485625,0.194205,-0.744406,0.162739,-0.262174,-0.000441,0.155496
20.940089,1.353981,0.318007,-1.261540,0.624489,-0.959408,0.776906,0.328777,1.319622,-0.228313,0.532897,-0.059035,-0.472976,0.465408,0.070930,-0.643747,0.205480,0.645782,-1.766582,1.716512,3.743754,-0.610399,0.483590,0.193389,-0.740297,0.161514,-0.264581,-0.001323,0.155338
20.940996,1.352081,0.319954,-1.260224,0.627274,-0.960102,0.775471,0.328829,1.275554,-0.188748,0.487824,-0.072021,-0.472815,0.465583,0.070746,-0.643257,0.205669,0.645057,-1.766419,1.716243,3.743754,-0.610245,0.484665,0.192691,-0.737820,0.162159,-0.267061,-0.001222,0.154423
20.941999,1.350111,0.322900,-1.260868,0.625729,-0.961129,0.774985,0.330147,1.145222,-0.104894,0.362387,-0.092487,-0.471990,0.467515,0.070324,-0.642277,0.206045,0.643581,-1.766101,1.715713,3.743763,-0.609936,0.487823,0.189674,-0.736473,0.160729,-0.266230,0.000410,0.153353
20.943060,1.348752,0.324004,-1.263533,0.627772,-0.964133,0.774957,0.328606,1.145222,-0.104894,0.362387,-0.092487,-0.471990,0.467515,0.070324,-0.642277,0.206045,0.643581,-1.766101,1.715713,3.743763,-0.609936,0.487823,0.189674,-0.736473,0.160729,-0.266230,0.000410,0.153353
20.944019,1.345459,0.323744,-1.264994,0.627668,-0.964123,0.774738,0.330612,1.059811,-0.058694,0.282982,-0.099893,-0.471338,0.468963,0.070118,-0.641779,0.206230,0.642856,-1.765945,1.715452,3.743763,-0.609769,0.489728,0.189098,-0.735329,0.159013,-0.264065,0.000300,0.157444
20.944957,1.344197,0.323069,-1.265515,0.628204,-0.962284,0.774158,0.330564,0.852623,0.036258,0.095689,-0.105947,-0.470171,0.472854,0.069669,-0.640790,0.206606,0.641403,-1.765630,1.714915,3.743766,-0.609467,0.493005,0.188987,-0.732809,0.158404,-0.266769,0.000853,0.155183
20.946071,1.340493,0.320697,-1.272317,0.629416,-0.958019,0.773283,0.331023,0.852623,0.036258,0.095689,-0.105947,-0.470171,0.472854,0.069669,-0.640790,0.206606,0.641403,-1.765630,1.714915,3.743766,-0.609467,0.493005,0.188987,-0.732809,0.158404,-0.266769,0.000853,0.155183
20.947032,1.337707,0.314548,-1.276341,0.629382,-0.956622,0.774420,0.331723,0.733969,0.080174,-0.008943,-0.103088,-0.469908,0.475455,0.069378,-0.640289,0.206801,0.640677,-1.765474,1.714634,3.743769,-0.609312,0.496427,0.190152,-0.730003,0.157779,-0.271884,0.001568,0.155336
20.947960,1.339014,0.314588,-1.274128,0.628749,-0.952604,0.774719,0.334045,0.604901,0.117560,-0.120829,-0.094647,-0.470006,0.478769,0.069017,-0.639785,0.207001,0.639949,-1.765315,1.714361,3.743768,-0.609156,0.498287,0.192830,-0.727325,0.157728,-0.273644,0.000301,0.154770
20.948990,1.340417,0.312211,-1.269058,0.632173,-0.949031,0.774669,0.333795,0.469043,0.145621,-0.236704,-0.080389,-0.470477,0.482823,0.068568,-0.639283,0.207191,0.639224,-1.765157,1.714074,3.743768,-0.609009,0.497884,0.192410,-0.727541,0.158177,-0.277845,-0.000106,0.150922
20.949953,1.341221,0.308798,-1.269764,0.628820,-0.947964,0.774875,0.333555,0.336943,0.163044,-0.347506,-0.061562,-0.471230,0.487207,0.068075,-0.638787,0.207387,0.638488,-1.765008,1.713779,3.743768,-0.608853,0.498234,0.193402,-0.729889,0.155142,-0.281821,-0.000181,0.152422
20.951005,1.345136,0.306895,-1.274641,0.629509,-0.948893,0.774460,0.333500,0.217399,0.168783,-0.445669,-0.039149,-0.472193,0.491573,0.067629,-0.638285,0.207586,0.637755,-1.764846,1.713493,3.743767,-0.608698,0.498333,0.194713,-0.728778,0.158408,-0.283140,-0.000504,0.153748
20.951957,1.333209,0.307243,-1.272911,0.629492,-0.947004,0.774175,0.334515,0.112223,0.164636,-0.529912,-0.014892,-0.473181,0.495814,0.067284,-0.637791,0.207782,0.637040,-1.764687,1.713208,3.743767,-0.608539,0.497588,0.195481,-0.726565,0.157972,-0.282775,-0.000214,0.154827
20.952948,1.328944,0.304789,-1.273090,0.631673,-0.945377,0.772396,0.334488,0.015935,0.155368,-0.605460,0.009905,-0.474021,0.499947,0.067040,-0.637274,0.207977,0.636309,-1.764529,1.712921,3.743769,-0.608389,0.503872,0.194916,-0.726666,0.157896,-0.284917,-0.000064,0.153622
20.953999,1.329856,0.301203,-1.270215,0.634152,-0.945983,0.771695,0.334960,-0.176526,0.131257,-0.754237,0.064386,-0.475471,0.508255,0.066765,-0.636251,0.208372,0.634860,-1.764229,1.712340,3.743776,-0.608069,0.507080,0.197450,-0.727751,0.153927,-0.286766,0.002128,0.154580
20.955070,1.338961,0.296064,-1.274537,0.634619,-0.943949,0.771433,0.335355,-0.265345,0.108598,-0.820554,0.097534,-0.476750,0.512344,0.066712,-0.635752,0.208578,0.634132,-1.764078,1.712046,3.743776,-0.607911,0.503772,0.199771,-0.725794,0.154032,-0.289377,0.002250,0.154796
20.956102,1.347254,0.293150,-1.270661,0.635216,-0.940867,0.772699,0.336847,-0.265345,0.108598,-0.820554,0.097534,-0.476750,0.512344,0.066712,-0.635752,0.208578,0.634132,-1.764078,1.712046,3.743776,-0.607911,0.503772,0.199771,-0.725794,0.154032,-0.289377,0.002250,0.154796
20.956952,1.344975,0.291916,-1.271979,0.635689,-0.936991,0.771945,0.338500,-0.336068,0.073800,-0.870009,0.133943,-0.478580,0.516146,0.066710,-0.635251,0.208782,0.633407,-1.763926,1.711743,3.743773,-0.607765,0.500619,0.200904,-0.727722,0.153794,-0.292803,0.000861,0.152777
20.958071,1.341239,0.289092,-1.266814,0.636316,-0.937569,0.772906,0.337567,-0.384585,0.029158,-0.899597,0.171048,-0.480685,0.519475,0.066748,-0.634751,0.208984,0.632680,-1.763775,1.711441,3.743774,-0.607621,0.501574,0.200843,-0.725426,0.152986,-0.296431,0.001521,0.150189
20.959051,1.345275,0.285300,-1.270942,0.637262,-0.936636,0.771628,0.338012,-0.416962,-0.020015,-0.915240,0.207225,-0.482739,0.522371,0.066820,-0.634236,0.209186,0.631951,-1.763624,1.711144,3.743772,-0.607462,0.504879,0.202157,-0.728693,0.153087,-0.296491,0.000415,0.153178
20.959959,1.348241,0.283578,-1.265108,0.636285,-0.941030,0.773241,0.338376,-0.439399,-0.071506,-0.922571,0.242470,-0.484660,0.525000,0.066954,-0.633740,0.209392,0.631225,-1.763473,1.710845,3.743775,-0.607306,0.503509,0.203612,-0.726079,0.152318,-0.297633,0.001575,0.153134
20.960982,1.359275,0.282688,-1.259124,0.638291,-0.940928,0.773051,0.337554,-0.452145,-0.125048,-0.921860,0.276591,-0.486488,0.527361,0.067180,-0.633240,0.209599,0.630492,-1.763318,1.710563,3.743771,-0.607152,0.502192,0.203853,-0.727847,0.153103,-0.293331,-0.000153,0.153170
20.961993,1.356967,0.284112,-1.258674,0.637912,-0.944774,0.772394,0.338187,-0.448654,-0.180562,-0.907616,0.308378,-0.488271,0.529181,0.067528,-0.632747,0.209800,0.629761,-1.763171,1.710269,3.743774,-0.606992,0.497670,0.203994,-0.730655,0.151532,-0.293878,-0.000091,0.155766
20.962981,1.356669,0.277539,-1.261378,0.637805,-0.946512,0.771970,0.338796,-0.424823,-0.236378,-0.876621,0.336525,-0.490009,0.530194,0.068011,-0.632246,0.210002,0.629028,-1.763017,1.709982,3.743774,-0.606834,0.499743,0.202942,-0.730527,0.152159,-0.290410,0.000445,0.155377
20.964106,1.359742,0.278893,-1.264548,0.639205,-0.945292,0.772005,0.339169,-0.389125,-0.289156,-0.836527,0.361005,-0.491661,0.530606,0.068578,-0.631742,0.210211,0.628311,-1.762864,1.709697,3.743770,-0.606681,0.500536,0.205807,-0.728842,0.152441,-0.289066,0.000765,0.155055
20.964996,1.352701,0.276393,-1.256421,0.638013,-0.943155,0.772265,0.339989,-0.352038,-0.337735,-0.796526,0.383014,-0.493289,0.530860,0.069163,-0.631245,0.210415,0.627583,-1.762710,1.709397,3.743770,-0.606524,0.500661,0.204962,-0.727954,0.151699,-0.290982,0.000585,0.155405
20.965934,1.361000,0.275905,-1.258410,0.637372,-0.943197,0.773048,0.339342,-0.318391,-0.380359,-0.761006,0.402414,-0.494791,0.531122,0.069709,-0.630738,0.210624,0.626840,-1.762553,1.709107,3.743769,-0.606371,0.504173,0.205560,-0.730602,0.152594,-0.293122,0.000219,0.154497
20.967023,1.370512,0.271086,-1.257331,0.636788,-0.946123,0.773637,0.339283,-0.288081,-0.415027,-0.730154,0.417781,-0.495931,0.531333,0.070175,-0.630239,0.210828,0.626118,-1.762401,1.708808,3.743770,-0.606209,0.500329,0.205289,-0.728755,0.153217,-0.293132,-0.000690,0.156603
20.967988,1.371539,0.274984,-1.254357,0.636360,-0.951237,0.774037,0.338355,-0.254786,-0.443993,-0.698529,0.428569,-0.496723,0.531368,0.070570,-0.629751,0.211040,0.625382,-1.762244,1.708521,3.743766,-0.606046,0.497123,0.207429,-0.729624,0.154281,-0.290856,-0.001395,0.157723
20.968938,1.370938,0.273851,-1.242913,0.635989,-0.952925,0.773146,0.338535,-0.213001,-0.469325,-0.661393,0.434721,-0.497315,0.531078,0.070934,-0.629254,0.211245,0.624642,-1.762090,1.708246,3.743764,-0.605880,0.497230,0.204979,-0.730315,0.154733,-0.286114,-0.001898,0.160399
20.970072,1.375567,0.278092,-1.243441,0.636004,-0.954220,0.771811,0.339083,-0.162598,-0.489098,-0.618840,0.435686,-0.497761,0.530302,0.071278,-0.628759,0.211447,0.623902,-1.761934,1.707965,3.743763,-0.605719,0.498043,0.205102,-0.735163,0.155053,-0.284741,-0.001109,0.160821
20.971023,1.385537,0.278623,-1.241594,0.634386,-0.958045,0.771872,0.338674,-0.104625,-0.501051,-0.571858,0.430925,-0.498056,0.528918,0.071603,-0.628265,0.211648,0.623164,-1.761775,1.707685,3.743768,-0.605560,0.497480,0.202901,-0.735496,0.155630,-0.284355,0.000062,0.160816
20.971987,1.387505,0.278103,-1.230867,0.631866,-0.958589,0.771479,0.339062,-0.039272,-0.503194,-0.520614,0.419541,-0.498137,0.526820,0.071917,-0.627776,0.211848,0.622436,-1.761615,1.707411,3.743766,-0.605393,0.493052,0.202212,-0.735664,0.157122,-0.280857,-0.000119,0.162431
20.972955,1.393614,0.275647,-1.224239,0.629693,-0.959401,0.771247,0.339264,0.036241,-0.495884,-0.462640,0.400861,-0.498000,0.523945,0.072226,-0.627278,0.212053,0.621686,-1.761451,1.707127,3.743764,-0.605228,0.492677,0.202010,-0.740148,0.159458,-0.280650,0.000171,0.162453
20.973937,1.404871,0.275593,-1.221723,0.626936,-0.960811,0.771071,0.339917,0.125527,-0.483036,-0.394495,0.375611,-0.497737,0.520396,0.072502,-0.626798,0.212258,0.620935,-1.761286,1.706851,3.743763,-0.605067,0.490407,0.202790,-0.742545,0.161424,-0.280237,0.000287,0.162884
20.975014,1.412792,0.276538,-1.223521,0.629574,-0.962029,0.770252,0.339983,0.230311,-0.468113,-0.314313,0.344793,-0.497371,0.516323,0.072709,-0.626320,0.212458,0.620198,-1.761115,1.706576,3.743761,-0.604906,0.485688,0.202440,-0.743167,0.163888,-0.279269,0.000350,0.162425
20.976094,1.412292,0.283206,-1.216570,0.629000,-0.965226,0.768250,0.338504,0.348719,-0.452701,-0.223413,0.310006,-0.496953,0.511860,0.072856,-0.625849,0.212658,0.619453,-1.760957,1.706297,3.743763,-0.604743,0.483410,0.201792,-0.742350,0.161594,-0.278779,0.001027,0.163297
20.977002,1.413832,0.285772,-1.211788,0.626787,-0.971838,0.769022,0.341073,0.473220,-0.434918,-0.128260,0.273119,-0.496491,0.507098,0.072982,-0.625355,0.212849,0.618707,-1.760790,1.706028,3.743766,-0.604570,0.485108,0.198376,-0.745964,0.162384,-0.276390,0.002892,0.167241
20.978012,1.416964,0.284850,-1.207714,0.626352,-0.978277,0.770706,0.341025,0.595728,-0.409296,-0.036084,0.233814,-0.495709,0.502001,0.073100,-0.624877,0.213044,0.617953,-1.760622,1.705769,3.743766,-0.604417,0.484739,0.196648,-0.746888,0.164101,-0.270106,0.001979,0.162792
20.979050,1.419666,0.288207,-1.204748,0.624648,-0.981989,0.770664,0.340546,0.712184,-0.375000,0.049803,0.192479,-0.494505,0.496703,0.073212,-0.624392,0.213243,0.617196,-1.760454,1.705520,3.743764,-0.604250,0.484212,0.196830,-0.748307,0.164414,-0.264471,0.000169,0.163815
20.980044,1.421686,0.288368,-1.205380,0.623526,-0.987565,0.769626,0.341468,0.821217,-0.335721,0.128842,0.151046,-0.493052,0.491482,0.073361,-0.623907,0.213430,0.616447,-1.760286,1.705263,3.743764,-0.604077,0.484085,0.195032,-0.749512,0.166122,-0.261608,0.000100,0.165674
20.981019,1.426515,0.287740,-1.200943,0.623099,-0.992765,0.768433,0.341392,0.920529,-0.292293,0.199431,0.110124,-0.491386,0.486472,0.073553,-0.623429,0.213624,0.615697,-1.760117,1.705016,3.743768,-0.603915,0.484089,0.194687,-0.748498,0.167053,-0.256775,0.000999,0.164666
20.982065,1.424342,0.290645,-1.199668,0.621764,-0.993935,0.770052,0.341835,1.008837,-0.246654,0.260817,0.070892,-0.489696,0.481746,0.073737,-0.622947,0.213820,0.614939,-1.759951,1.704776,3.743771,-0.603745,0.482489,0.194680,-0.749813,0.167280,-0.252357,0.002054,0.165646
20.983076,1.428229,0.293091,-1.196254,0.621901,-0.997420,0.770928,0.341347,1.086230,-0.201321,0.313390,0.034556,-0.488182,0.477360,0.073871,-0.622465,0.214005,0.614194,-1.759778,1.704520,3.743767,-0.603578,0.484936,0.193150,-0.750277,0.168518,-0.252083,0.000303,0.165681
20.983935,1.433573,0.291202,-1.187709,0.619768,-0.999691,0.772264,0.342491,1.151288,-0.155308,0.355973,0.000680,-0.486728,0.473338,0.073945,-0.621979,0.214194,0.613439,-1.759608,1.704282,3.743766,-0.603409,0.483987,0.191758,-0.751409,0.168230,-0.249489,-0.000687,0.167538
20.985036,1.447535,0.295154,-1.187069,0.622046,-1.005783,0.772463,0.343426,1.207916,-0.110183,0.392127,-0.030931,-0.485280,0.469620,0.073966,-0.621498,0.214385,0.612686,-1.759438,1.704037,3.743763,-0.603246,0.481363,0.192205,-0.753860,0.169623,-0.247576,-0.002119,0.165873
20.986043,1.448241,0.293590,-1.189257,0.621167,-1.010006,0.771944,0.343903,1.265850,-0.070737,0.430653,-0.059709,-0.484011,0.466011,0.073951,-0.621038,0.214571,0.611931,-1.759273,1.703804,3.743760,-0.603080,0.476303,0.190245,-0.754317,0.167630,-0.242708,-0.002425,0.165030
20.986945,1.436451,0.295257,-1.181875,0.622739,-1.015671,0.771553,0.345132,1.382991,-0.014035,0.513101,-0.104530,-0.482640,0.459319,0.073881,-0.620060,0.214948,0.610421,-1.758946,1.703346,3.743757,-0.602755,0.483187,0.189626,-0.754821,0.166493,-0.234465,-0.001727,0.163217
20.988065,1.436284,0.297111,-1.189139,0.619956,-1.018756,0.769424,0.345238,1.382991,-0.014035,0.513101,-0.104530,-0.482640,0.459319,0.073881,-0.620060,0.214948,0.610421,-1.758946,1.703346,3.743757,-0.602755,0.483187,0.189626,-0.754821,0.166493,-0.234465,-0.001727,0.163217
20.989105,1.436924,0.297687,-1.194417,0.619954,-1.020711,0.770058,0.346044,1.418135,0.008824,0.536078,-0.118868,-0.482467,0.456969,0.073776,-0.619575,0.215133,0.609673,-1.758771,1.703120,3.743762,-0.602591,0.485009,0.188797,-0.751545,0.169475,-0.232803,0.000247,0.164085
20.990139,1.446925,0.298830,-1.194940,0.619591,-1.024442,0.770779,0.346696,1.425605,0.035189,0.536229,-0.130061,-0.482172,0.455486,0.073583,-0.619086,0.215320,0.608934,-1.758604,1.702896,3.743762,-0.602431,0.485873,0.188422,-0.748760,0.169484,-0.232003,-0.000544,0.163404
20.991012,1.447208,0.295795,-1.191817,0.619840,-1.025550,0.770460,0.346849,1.408950,0.065470,0.516708,-0.139554,-0.481602,0.454747,0.073324,-0.618615,0.215508,0.608181,-1.758433,1.702671,3.743761,-0.602267,0.482190,0.187730,-0.748144,0.169762,-0.229380,-0.001387,0.163023
20.992002,1.451460,0.291421,-1.188333,0.621017,-1.027308,0.770147,0.347869,1.379290,0.094473,0.487467,-0.146720,-0.480995,0.454533,0.073059,-0.618129,0.215700,0.607427,-1.758263,1.702447,3.743762,-0.602103,0.482182,0.188767,-0.747982,0.168811,-0.228890,-0.001171,0.163400
20.993050,1.442705,0.294432,-1.185034,0.621661,-1.027932,0.769336,0.348440,1.345675,0.114221,0.456837,-0.149005,-0.480764,0.454822,0.072826,-0.617650,0.215895,0.606681,-1.758098,1.702220,3.743762,-0.601942,0.481009,0.190672,-0.749087,0.167521,-0.228089,-0.000987,0.162212
20.994040,1.444712,0.293067,-1.184491,0.623804,-1.028508,0.768827,0.349274,1.309673,0.121261,0.426393,-0.144655,-0.481079,0.455670,0.072636,-0.617155,0.216080,0.605924,-1.757931,1.701992,3.743763,-0.601778,0.486640,0.189073,-0.750440,0.166941,-0.228615,-0.000306,0.162025
20.995002,1.451230,0.291382,-1.186946,0.625917,-1.029437,0.769301,0.350836,1.267148,0.119181,0.392368,-0.134288,-0.481723,0.457022,0.072491,-0.616667,0.216270,0.605184,-1.757770,1.701761,3.743765,-0.601619,0.486438,0.189546,-0.750107,0.164763,-0.228953,0.000067,0.161221
20.996026,1.451685,0.292259,-1.183387,0.626302,-1.033212,0.768920,0.348950,1.218204,0.108807,0.354872,-0.117875,-0.482648,0.458794,0.072388,-0.616192,0.216461,0.604439,-1.757611,1.701535,3.743763,-0.601462,0.483991,0.190084,-0.747984,0.162569,-0.228899,-0.000527,0.158921
20.997064,1.445253,0.285118,-1.188442,0.627532,-1.033897,0.769466,0.349855,1.167337,0.089367,0.317759,-0.095701,-0.483922,0.460838,0.072329,-0.615702,0.216651,0.603682,-1.757450,1.701317,3.743764,-0.601287,0.484861,0.189478,-0.749307,0.162331,-0.226251,-0.000270,0.163630
20.997936,1.445456,0.281918,-1.189558,0.626153,-1.036652,0.768890,0.348370,1.112991,0.061596,0.279520,-0.068195,-0.485577,0.463251,0.072300,-0.615201,0.216848,0.602949,-1.757292,1.701088,3.743762,-0.601120,0.489149,0.192870,-0.746637,0.161319,-0.226688,-0.000946,0.162679
20.999012,1.436079,0.279152,-1.191847,0.628641,-1.035187,0.768313,0.348730,1.049035,0.025204,0.234825,-0.034746,-0.487721,0.466409,0.072266,-0.614716,0.217046,0.602207,-1.757129,1.700863,3.743761,-0.600950,0.488820,0.193794,-0.744139,0.162086,-0.224353,-0.000452,0.166196
20.999957,1.431404,0.274070,-1.190118,0.630757,-1.031604,0.767411,0.350003,0.971020,-0.017875,0.179585,0.004146,-0.490329,0.470449,0.072201,-0.614210,0.217243,0.601464,-1.756975,1.700635,3.743765,-0.600784,0.493713,0.194708,-0.741771,0.159645,-0.226503,0.000001,0.165847
21.001067,1.427525,0.274227,-1.190854,0.631472,-1.033008,0.768485,0.349762,0.876183,-0.066020,0.111166,0.048483,-0.493352,0.475350,0.072080,-0.613712,0.217440,0.600733,-1.756821,1.700400,3.743768,-0.600623,0.495518,0.196564,-0.740625,0.157132,-0.230315,0.000803,0.163581
21.002127,1.426321,0.266653,-1.190727,0.633433,-1.031979,0.769820,0.349697,0.765826,-0.118553,0.030450,0.097916,-0.496675,0.480970,0.071901,-0.613208,0.217635,0.599991,-1.756667,1.700175,3.743765,-0.600454,0.497830,0.196075,-0.739286,0.156621,-0.229627,-0.000382,0.164530
21.003123,1.423685,0.268033,-1.187174,0.632429,-1.033041,0.771514,0.348395,0.645091,-0.174953,-0.058398,0.151006,-0.500115,0.487100,0.071708,-0.612708,0.217839,0.599262,-1.756519,1.699942,3.743762,-0.600288,0.498545,0.199317,-0.738173,0.154812,-0.231224,-0.001801,0.165050
21.004001,1.414474,0.268131,-1.184318,0.635332,-1.032785,0.769479,0.348874,0.520300,-0.235214,-0.150186,0.206178,-0.503505,0.493574,0.071550,-0.612206,0.218036,0.598521,-1.756363,1.699708,3.743755,-0.600116,0.499612,0.197974,-0.738192,0.155588,-0.230506,-0.003548,0.167985
21.005062,1.407977,0.262979,-1.178842,0.639166,-1.033520,0.768245,0.347757,0.394451,-0.294539,-0.242941,0.260562,-0.506528,0.500077,0.071441,-0.611692,0.218232,0.597783,-1.756220,1.699479,3.743759,-0.599949,0.503152,0.197125,-0.737028,0.152281,-0.230862,-0.001582,0.167202
21.006038,1.402128,0.261560,-1.179854,0.640193,-1.033940,0.767805,0.347350,0.266671,-0.351205,-0.337654,0.314374,-0.509262,0.506466,0.071373,-0.611175,0.218434,0.597049,-1.756078,1.699249,3.743760,-0.599773,0.506342,0.199178,-0.738561,0.148766,-0.230698,-0.000465,0.169824
21.007026,1.399568,0.259893,-1.174344,0.641874,-1.034553,0.767680,0.347061,0.136896,-0.408882,-0.434162,0.369998,-0.512118,0.512854,0.071340,-0.610664,0.218634,0.596317,-1.755935,1.699016,3.743761,-0.599598,0.508767,0.199185,-0.736205,0.147742,-0.230602,-0.000126,0.170899
21.008040,1.405788,0.254048,-1.171047,0.643652,-1.034927,0.768805,0.345881,0.006927,-0.467208,-0.531081,0.426532,-0.515164,0.519193,0.071321,-0.610150,0.218832,0.595587,-1.755794,1.698787,3.743758,-0.599425,0.509583,0.199388,-0.737290,0.146143,-0.230380,-0.000083,0.171771
21.008951,1.409659,0.255683,-1.169401,0.643077,-1.036190,0.767686,0.346936,-0.115091,-0.527379,-0.621556,0.482490,-0.518484,0.525293,0.071316,-0.609652,0.219039,0.594847,-1.755655,1.698553,3.743755,-0.599241,0.506321,0.201641,-0.737307,0.144566,-0.230418,-0.001296,0.174427
21.009944,1.404248,0.256216,-1.170491,0.644454,-1.033222,0.767502,0.345112,-0.218461,-0.591062,-0.696585,0.536133,-0.522129,0.530894,0.071332,-0.609150,0.219238,0.594110,-1.755510,1.698327,3.743759,-0.599075,0.503633,0.200000,-0.735771,0.144861,-0.229361,-0.000264,0.172516
21.011089,1.403055,0.255689,-1.170240,0.646700,-1.032859,0.767321,0.343933,-0.303036,-0.651814,-0.756807,0.583698,-0.525653,0.535741,0.071360,-0.608634,0.219434,0.593385,-1.755372,1.698092,3.743759,-0.598890,0.505955,0.199133,-0.733616,0.143656,-0.232719,-0.000182,0.176474
21.012111,1.401913,0.253396,-1.166668,0.649650,-1.035703,0.767688,0.343028,-0.377115,-0.703216,-0.809994,0.623389,-0.528625,0.539895,0.071405,-0.608125,0.219634,0.592650,-1.755232,1.697855,3.743760,-0.598703,0.507050,0.199029,-0.733116,0.142053,-0.233793,-0.000115,0.179215
21.012967,1.400617,0.250625,-1.158523,0.649061,-1.035623,0.767517,0.341219,-0.444489,-0.746730,-0.859326,0.656992,-0.531130,0.543588,0.071480,-0.607614,0.219838,0.591924,-1.755101,1.697628,3.743758,-0.598518,0.507398,0.199539,-0.733503,0.139524,-0.231416,-0.000574,0.181300
21.014075,1.400959,0.252244,-1.152919,0.651867,-1.036369,0.766916,0.340981,-0.502048,-0.786820,-0.901749,0.686395,-0.533427,0.546911,0.071588,-0.607114,0.220037,0.591187,-1.754964,1.697399,3.743758,-0.598323,0.506984,0.200043,-0.734852,0.139837,-0.231557,-0.000478,0.185011
21.015063,1.402312,0.249346,-1.155931,0.652340,-1.036617,0.766282,0.340214,-0.545401,-0.824775,-0.933360,0.711364,-0.535547,0.549769,0.071726,-0.606603,0.220236,0.590444,-1.754829,1.697170,3.743760,-0.598137,0.507106,0.198786,-0.736671,0.137652,-0.231523,0.000013,0.185825
21.015988,1.404161,0.245060,-1.152476,0.652212,-1.034993,0.765731,0.339578,-0.574353,-0.859291,-0.954007,0.731304,-0.537427,0.552087,0.071873,-0.606094,0.220434,0.589725,-1.754693,1.696943,3.743761,-0.597946,0.506029,0.199620,-0.733546,0.137399,-0.231688,0.000550,0.187591
21.017060,1.399881,0.245117,-1.146977,0.655253,-1.034386,0.766347,0.339181,-0.591527,-0.890582,-0.965885,0.746560,-0.539072,0.554003,0.071995,-0.605597,0.220636,0.588993,-1.754556,1.696704,3.743762,-0.597753,0.504479,0.200970,-0.733116,0.137485,-0.233455,0.001008,0.189010
21.018066,1.398058,0.244117,-1.142035,0.659197,-1.036119,0.765941,0.338566,-0.598574,-0.920008,-0.970371,0.757958,-0.540551,0.555672,0.072058,-0.605082,0.220835,0.588251,-1.754428,1.696467,3.743759,-0.597563,0.506689,0.200421,-0.734642,0.135092,-0.234595,0.000294,0.190114
21.019019,1.409897,0.244494,-1.135120,0.658874,-1.037797,0.767201,0.337942,-0.597989,-0.948383,-0.969514,0.767298,-0.542070,0.557168,0.072049,-0.604573,0.221035,0.587521,-1.754302,1.696235,3.743760,-0.597364,0.507300,0.200304,-0.735542,0.131658,-0.233248,0.000611,0.191557
21.019994,1.419654,0.241013,-1.128488,0.659781,-1.038038,0.766967,0.336518,-0.586866,-0.976110,-0.960725,0.775180,-0.543796,0.558339,0.071995,-0.604086,0.221233,0.586774,-1.754168,1.696005,3.743758,-0.597172,0.500984,0.199416,-0.736849,0.132139,-0.231854,-0.000741,0.192989
21.021011,1.425155,0.241426,-1.120829,0.657214,-1.038451,0.767151,0.337403,-0.553773,-1.004145,-0.934189,0.779911,-0.545724,0.558817,0.071951,-0.603598,0.221431,0.586038,-1.754037,1.695776,3.743757,-0.596970,0.495893,0.200521,-0.738296,0.131481,-0.231985,-0.000579,0.196019
21.022045,1.425057,0.238947,-1.112958,0.657580,-1.039342,0.765812,0.336399,-0.491170,-1.032384,-0.883542,0.779444,-0.547721,0.558391,0.071950,-0.603116,0.221629,0.585288,-1.753897,1.695545,3.743756,-0.596777,0.493279,0.199714,-0.740400,0.134292,-0.232023,-0.000857,0.194446
21.023075,1.422005,0.242253,-1.108119,0.657071,-1.039268,0.763420,0.334642,-0.401931,-1.057919,-0.811487,0.772330,-0.549589,0.557100,0.071989,-0.602620,0.221832,0.584535,-1.753764,1.695311,3.743761,-0.596575,0.493380,0.200355,-0.742697,0.134320,-0.231585,0.000368,0.196719
21.024002,1.425510,0.241833,-1.102075,0.660176,-1.036551,0.763035,0.335069,-0.296481,-1.076449,-0.727141,0.758446,-0.551235,0.555089,0.072056,-0.602120,0.222022,0.583796,-1.753628,1.695079,3.743768,-0.596368,0.494881,0.198203,-0.743590,0.135175,-0.232151,0.002631,0.200448
21.024939,1.434510,0.247662,-1.092105,0.659566,-1.035943,0.762905,0.333247,-0.185405,-1.084629,-0.639532,0.738883,-0.552723,0.552446,0.072114,-0.601636,0.222217,0.583047,-1.753502,1.694836,3.743772,-0.596167,0.492648,0.197722,-0.744245,0.132254,-0.234979,0.002889,0.199673
21.026050,1.445945,0.245576,-1.085879,0.658085,-1.033125,0.764115,0.333766,-0.069526,-1.081565,-0.549172,0.714265,-0.554175,0.548994,0.072133,-0.601155,0.222404,0.582302,-1.753369,1.694603,3.743773,-0.595953,0.487763,0.194191,-0.747010,0.132991,-0.235777,0.002922,0.203441
21.027034,1.456201,0.248769,-1.079775,0.660388,-1.032892,0.764903,0.334209,0.058566,-1.067566,-0.449574,0.683304,-0.555516,0.544436,0.072114,-0.600686,0.222599,0.581546,-1.753230,1.694356,3.743770,-0.595750,0.482846,0.194896,-0.748975,0.135032,-0.239159,0.001611,0.202657
21.027976,1.460511,0.249394,-1.073955,0.660297,-1.031369,0.764549,0.333209,0.204155,-1.045484,-0.335932,0.646025,-0.556714,0.538764,0.072069,-0.600217,0.222788,0.580789,-1.753101,1.694114,3.743769,-0.595549,0.477781,0.192738,-0.749970,0.133051,-0.239619,0.000740,0.201950
21.029064,1.464447,0.252727,-1.065011,0.663625,-1.029998,0.764501,0.333666,0.365042,-1.018184,-0.209789,0.604677,-0.557877,0.532186,0.072009,-0.599746,0.222976,0.580042,-1.752968,1.693870,3.743771,-0.595346,0.475458,0.191843,-0.750638,0.133279,-0.241274,0.001004,0.204109
21.029976,1.465072,0.250796,-1.056616,0.661505,-1.034022,0.763468,0.332895,0.534537,-0.986426,-0.076680,0.561504,-0.559014,0.524934,0.071941,-0.599279,0.223161,0.579280,-1.752842,1.693625,3.743773,-0.595145,0.474189,0.189857,-0.753766,0.130693,-0.243146,0.000933,0.203450
21.031052,1.470426,0.251079,-1.052592,0.660632,-1.036523,0.765278,0.332826,0.706462,-0.951687,0.058346,0.518590,-0.560107,0.517270,0.071874,-0.598808,0.223352,0.578517,-1.752705,1.693397,3.743775,-0.594935,0.473512,0.190163,-0.755306,0.132763,-0.239261,0.001881,0.205089
21.032015,1.474336,0.251972,-1.049938,0.660465,-1.038628,0.765642,0.332021,0.876056,-0.915346,0.191463,0.476769,-0.561060,0.509491,0.071803,-0.598345,0.223539,0.577764,-1.752567,1.693164,3.743771,-0.594727,0.471494,0.189668,-0.755962,0.134098,-0.237371,-0.000034,0.205456
21.032993,1.480074,0.251238,-1.049811,0.659661,-1.038138,0.765743,0.330711,1.039016,-0.877304,0.319201,0.435835,-0.561736,0.501860,0.071719,-0.597879,0.223723,0.577003,-1.752433,1.692931,3.743770,-0.594517,0.469513,0.188705,-0.755023,0.134403,-0.235545,-0.000468,0.207201
21.034021,1.475927,0.252492,-1.046611,0.661172,-1.036617,0.764163,0.330682,1.191202,-0.836860,0.438190,0.395686,-0.562076,0.494550,0.071632,-0.597414,0.223908,0.576257,-1.752297,1.692694,3.743773,-0.594300,0.466725,0.188592,-0.753112,0.135382,-0.236351,-0.000675,0.209941
21.035155,1.470295,0.252061,-1.043338,0.662103,-1.036184,0.765335,0.328960,1.327108,-0.793584,0.543839,0.356833,-0.562054,0.487733,0.071546,-0.596945,0.224092,0.575499,-1.752165,1.692452,3.743776,-0.594090,0.469167,0.187562,-0.752974,0.134274,-0.238246,0.000805,0.210161
21.036018,1.470248,0.253118,-1.041842,0.659745,-1.034321,0.765710,0.328659,1.438674,-0.747427,0.629412,0.320723,-0.561673,0.481662,0.071428,-0.596467,0.224280,0.574736,-1.752032,1.692209,3.743771,-0.593870,0.472819,0.187528,-0.753570,0.134138,-0.239321,-0.000469,0.213893
21.037024,1.473412,0.252410,-1.039542,0.660412,-1.033744,0.767006,0.327190,1.520715,-0.697633,0.690543,0.287536,-0.560790,0.476509,0.071259,-0.595994,0.224463,0.573991,-1.751890,1.691962,3.743769,-0.593653,0.472118,0.186313,-0.751521,0.136118,-0.241067,-0.000907,0.214458
21.038204,1.479139,0.254775,-1.032221,0.663152,-1.037028,0.767906,0.326729,1.575738,-0.643610,0.729317,0.255829,-0.559188,0.472204,0.071049,-0.595533,0.224649,0.573238,-1.751755,1.691716,3.743764,-0.593427,0.470824,0.186223,-0.750842,0.135712,-0.241906,-0.002279,0.217522
21.039109,1.477997,0.256572,-1.031848,0.661209,-1.038302,0.766395,0.326948,1.612819,-0.588855,0.753612,0.225868,-0.557061,0.468554,0.070833,-0.595069,0.224831,0.572486,-1.751625,1.691484,3.743760,-0.593206,0.469210,0.184922,-0.753946,0.133990,-0.239472,-0.003258,0.218722
21.040004,1.472615,0.254034,-1.025167,0.662148,-1.042434,0.765846,0.325272,1.639282,-0.535550,0.769668,0.197911,-0.554658,0.465325,0.070635,-0.594603,0.225012,0.571737,-1.751486,1.691248,3.743761,-0.592984,0.469450,0.183444,-0.751550,0.135780,-0.238299,-0.001815,0.218286
21.041007,1.465470,0.255430,-1.029497,0.663574,-1.043604,0.765477,0.324224,1.653671,-0.482706,0.776059,0.171676,-0.552051,0.462505,0.070450,-0.594124,0.225199,0.570979,-1.751351,1.691023,3.743760,-0.592760,0.471592,0.184062,-0.752217,0.134727,-0.234326,-0.001355,0.221671
21.042034,1.467873,0.255165,-1.028053,0.665892,-1.043162,0.765547,0.323295,1.648549,-0.431108,0.766538,0.148935,-0.549489,0.460396,0.070260,-0.593640,0.225379,0.570244,-1.751221,1.690795,3.743760,-0.592530,0.475168,0.182962,-0.748358,0.133697,-0.233629,-0.001082,0.223841
21.043099,1.469689,0.255510,-1.026330,0.665563,-1.042268,0.764165,0.322701,1.618472,-0.381420,0.736662,0.131243,-0.547182,0.459217,0.070031,-0.593171,0.225561,0.569499,-1.751093,1.690557,3.743759,-0.592298,0.474246,0.182726,-0.747512,0.131884,-0.234496,-0.001249,0.225792
21.043994,1.470927,0.248989,-1.024206,0.668286,-1.041959,0.764503,0.322459,1.567920,-0.334283,0.690371,0.117938,-0.545147,0.458820,0.069742,-0.592697,0.225747,0.568747,-1.750961,1.690319,3.743763,-0.592070,0.473814,0.182204,-0.746963,0.132812,-0.235903,0.000026,0.227129
21.045013,1.467567,0.249461,-1.028549,0.670777,-1.041856,0.764421,0.320372,1.505801,-0.293722,0.635511,0.109018,-0.543493,0.459056,0.069407,-0.592232,0.225936,0.568010,-1.750837,1.690081,3.743760,-0.591838,0.472783,0.184805,-0.745567,0.130202,-0.236250,-0.000397,0.227568
21.046159,1.464657,0.246999,-1.033552,0.672500,-1.040688,0.764089,0.319553,1.434276,-0.264683,0.574210,0.106659,-0.542460,0.460079,0.069055,-0.591750,0.226121,0.567272,-1.750711,1.689844,3.743757,-0.591601,0.474611,0.184111,-0.741786,0.128258,-0.236752,-0.000389,0.231849
21.046991,1.459420,0.244096,-1.031189,0.672504,-1.040941,0.762945,0.318009,1.348144,-0.246223,0.501870,0.111536,-0.541935,0.462072,0.068687,-0.591266,0.226308,0.566545,-1.750587,1.689599,3.743757,-0.591361,0.476887,0.185134,-0.738759,0.127578,-0.238590,-0.000161,0.233650
21.048006,1.455782,0.245260,-1.026491,0.675230,-1.043385,0.763275,0.316788,1.125148,-0.229545,0.316912,0.137662,-0.541134,0.468853,0.067876,-0.590297,0.226682,0.565068,-1.750339,1.689129,3.743759,-0.590874,0.480378,0.184755,-0.737798,0.125349,-0.236170,0.000460,0.239085
21.048965,1.447508,0.244064,-1.021223,0.676364,-1.044071,0.764040,0.317555,1.125148,-0.229545,0.316912,0.137662,-0.541134,0.468853,0.067876,-0.590297,0.226682,0.565068,-1.750339,1.689129,3.743759,-0.590874,0.480378,0.184755,-0.737798,0.125349,-0.236170,0.000460,0.239085
21.049986,1.446786,0.244552,-1.026375,0.675929,-1.046595,0.763274,0.316734,0.996706,-0.228063,0.211246,0.156314,-0.540631,0.473113,0.067465,-0.589809,0.226868,0.564336,-1.750216,1.688892,3.743758,-0.590635,0.484240,0.184815,-0.738514,0.124646,-0.235733,-0.000390,0.237512
21.051038,1.446522,0.240464,-1.026933,0.677272,-1.047008,0.762663,0.317574,0.860444,-0.227715,0.099632,0.176569,-0.539949,0.477662,0.067050,-0.589321,0.227053,0.563611,-1.750087,1.688660,3.743759,-0.590395,0.484611,0.184149,-0.734473,0.125580,-0.233643,0.000286,0.239249
21.052070,1.435906,0.239517,-1.032581,0.681395,-1.045182,0.761885,0.317496,0.718172,-0.226769,-0.016494,0.196844,-0.539045,0.482399,0.066604,-0.588827,0.227239,0.562892,-1.749967,1.688428,3.743761,-0.590158,0.484906,0.185836,-0.733114,0.125027,-0.233790,0.000787,0.237638
21.053042,1.434381,0.237020,-1.035797,0.682411,-1.043684,0.761979,0.316721,0.569543,-0.227250,-0.137278,0.218419,-0.538175,0.487418,0.066108,-0.588328,0.227427,0.562169,-1.749851,1.688189,3.743762,-0.589918,0.490245,0.185863,-0.728966,0.121707,-0.236040,0.001459,0.237886
21.054072,1.430457,0.233056,-1.041271,0.683868,-1.044744,0.761895,0.318531,0.410066,-0.230232,-0.266439,0.243233,-0.537533,0.492904,0.065574,-0.587832,0.227616,0.561445,-1.749731,1.687946,3.743762,-0.589679,0.490630,0.186562,-0.725616,0.121241,-0.237743,0.001266,0.239462
21.055074,1.437441,0.231620,-1.035906,0.687235,-1.043792,0.762489,0.317436,0.239904,-0.235837,-0.403903,0.271376,-0.537109,0.498872,0.065020,-0.587331,0.227808,0.560735,-1.749612,1.687710,3.743762,-0.589442,0.492556,0.188069,-0.721710,0.120538,-0.237095,0.001254,0.235874
21.055963,1.436217,0.227986,-1.028669,0.688564,-1.044292,0.762668,0.316932,0.068577,-0.246870,-0.541572,0.302638,-0.536999,0.505098,0.064485,-0.586851,0.227997,0.560006,-1.749499,1.687465,3.743762,-0.589199,0.489045,0.188263,-0.722865,0.117936,-0.238338,0.000565,0.238152
21.057116,1.436400,0.230499,-1.029190,0.690758,-1.045476,0.761858,0.317181,-0.088224,-0.267359,-0.666047,0.336703,-0.537392,0.511145,0.064028,-0.586358,0.228186,0.559287,-1.749385,1.687232,3.743761,-0.588961,0.488921,0.189389,-0.724201,0.116996,-0.237901,0.000311,0.239084
21.058030,1.428953,0.231079,-1.028149,0.692968,-1.045497,0.761146,0.317562,-0.222018,-0.296638,-0.770341,0.371940,-0.538206,0.516655,0.063656,-0.585869,0.228372,0.558562,-1.749271,1.686994,3.743762,-0.588720,0.489636,0.187909,-0.723460,0.116109,-0.237467,0.001012,0.238762
21.059026,1.419925,0.228571,-1.028162,0.693985,-1.046715,0.761644,0.318651,-0.337768,-0.327774,-0.859274,0.405895,-0.539069,0.521496,0.063327,-0.585368,0.228559,0.557842,-1.749159,1.686755,3.743766,-0.588487,0.492664,0.186993,-0.721868,0.114405,-0.237539,0.001620,0.237976
21.060011,1.420656,0.229929,-1.022866,0.695585,-1.048624,0.762079,0.319481,-0.445884,-0.355333,-0.942134,0.437689,-0.539735,0.525831,0.062990,-0.584861,0.228747,0.557132,-1.749047,1.686522,3.743766,-0.588252,0.496863,0.187763,-0.720449,0.114209,-0.236688,0.001011,0.235839
21.060943,1.428781,0.227663,-1.024171,0.696752,-1.050554,0.763082,0.320701,-0.550654,-0.378316,-1.022665,0.467271,-0.540179,0.529818,0.062611,-0.584364,0.228933,0.556408,-1.748937,1.686291,3.743765,-0.588018,0.496200,0.186577,-0.721482,0.113403,-0.235136,0.000494,0.234235
21.061937,1.434764,0.226919,-1.023905,0.699386,-1.050855,0.763731,0.321152,-0.644857,-0.397988,-1.094680,0.493786,-0.540491,0.533258,0.062192,-0.583878,0.229122,0.555687,-1.748825,1.686064,3.743762,-0.587796,0.491654,0.187091,-0.718796,0.112814,-0.233459,-0.000589,0.231825
21.062989,1.435929,0.227494,-1.012520,0.703058,-1.051418,0.762726,0.321671,-0.719249,-0.417447,-1.150203,0.517087,-0.540867,0.535972,0.061749,-0.583399,0.229309,0.554976,-1.748716,1.685832,3.743760,-0.587566,0.488686,0.186976,-0.717510,0.111046,-0.233558,-0.001313,0.231014
21.064018,1.441020,0.225629,-1.012166,0.703243,-1.051436,0.761936,0.322914,-0.768248,-0.439752,-1.184436,0.538019,-0.541506,0.537897,0.061326,-0.582909,0.229496,0.554242,-1.748614,1.685600,3.743762,-0.587337,0.488329,0.186284,-0.721977,0.108590,-0.233536,-0.000400,0.230113
21.064964,1.439928,0.225083,-1.007021,0.706228,-1.056032,0.762331,0.323950,-0.789057,-0.465943,-1.195111,0.556787,-0.542433,0.538967,0.060965,-0.582423,0.229683,0.553529,-1.748504,1.685366,3.743762,-0.587116,0.485894,0.186804,-0.720893,0.109411,-0.233969,0.000285,0.227757
21.066050,1.442421,0.222050,-1.003340,0.705598,-1.056666,0.762325,0.324275,-0.784523,-0.495400,-1.184848,0.573333,-0.543541,0.539295,0.060695,-0.581939,0.229869,0.552805,-1.748402,1.685145,3.743761,-0.586891,0.486124,0.186501,-0.721559,0.107259,-0.229686,-0.000200,0.225731
21.067003,1.446346,0.226397,-0.993811,0.705960,-1.058519,0.762281,0.323429,-0.760426,-0.527546,-1.158691,0.588095,-0.544771,0.539132,0.060528,-0.581455,0.230061,0.552074,-1.748290,1.684914,3.743761,-0.586669,0.485346,0.187645,-0.722385,0.109044,-0.229733,-0.000293,0.225296
21.067987,1.450479,0.223824,-0.991153,0.706841,-1.062525,0.761766,0.323655,-0.718349,-0.559546,-1.118238,0.599409,-0.545898,0.538474,0.060475,-0.580974,0.230240,0.551351,-1.748178,1.684693,3.743761,-0.586440,0.483118,0.184968,-0.725300,0.109325,-0.228238,-0.000337,0.227045
21.069065,1.453871,0.225931,-0.995062,0.709304,-1.065396,0.761894,0.323768,-0.657538,-0.587703,-1.063104,0.605095,-0.546742,0.537127,0.060534,-0.580503,0.230426,0.550624,-1.748069,1.684475,3.743762,-0.586216,0.481088,0.185791,-0.724903,0.109266,-0.224704,0.000085,0.226661
21.070058,1.456292,0.224021,-0.991718,0.711770,-1.066606,0.761565,0.324295,-0.582961,-0.611434,-0.997535,0.606042,-0.547496,0.535214,0.060667,-0.580028,0.230606,0.549917,-1.747964,1.684257,3.743762,-0.585987,0.479935,0.184458,-0.722139,0.108050,-0.222587,-0.000151,0.226598
21.070942,1.452444,0.224810,-0.987881,0.714272,-1.066981,0.761932,0.325530,-0.502970,-0.631504,-0.928614,0.604506,-0.548464,0.533045,0.060819,-0.579555,0.230792,0.549189,-1.747860,1.684039,3.743762,-0.585761,0.478796,0.184946,-0.722208,0.106561,-0.221908,0.000085,0.225623
21.071990,1.456416,0.225605,-0.983643,0.715247,-1.070987,0.762712,0.324336,-0.423530,-0.649229,-0.861425,0.602577,-0.549861,0.530858,0.060940,-0.579071,0.230975,0.548462,-1.747756,1.683819,3.743762,-0.585543,0.480055,0.183906,-0.721705,0.104656,-0.221738,-0.000372,0.223151
21.072984,1.463809,0.225193,-0.977296,0.714230,-1.073092,0.764452,0.325601,-0.347677,-0.664647,-0.798597,0.600902,-0.551684,0.528743,0.061001,-0.578595,0.231155,0.547741,-1.747652,1.683607,3.743761,-0.585313,0.478398,0.183201,-0.722677,0.104867,-0.218422,-0.001246,0.225716
21.073979,1.469890,0.228575,-0.968731,0.714161,-1.075902,0.764792,0.323899,-0.271436,-0.676937,-0.736832,0.597815,-0.553711,0.526556,0.061027,-0.578132,0.231337,0.547009,-1.747541,1.683395,3.743755,-0.585092,0.474874,0.182974,-0.724180,0.106726,-0.216922,-0.003050,0.223244
21.075061,1.476283,0.231188,-0.963836,0.714542,-1.081909,0.763758,0.322660,-0.186270,-0.685078,-0.668991,0.590528,-0.555629,0.524017,0.061078,-0.577667,0.231513,0.546284,-1.747434,1.683189,3.743751,-0.584858,0.472016,0.180910,-0.726874,0.107697,-0.214739,-0.003446,0.226766
21.076019,1.471390,0.235058,-0.954455,0.715222,-1.082614,0.761455,0.323647,-0.087534,-0.686702,-0.591327,0.576924,-0.557219,0.520879,0.061192,-0.577207,0.231689,0.545550,-1.747325,1.682987,3.743751,-0.584624,0.469563,0.179399,-0.728244,0.108482,-0.209623,-0.002500,0.229379
21.076943,1.472449,0.238944,-0.952691,0.715480,-1.083320,0.760799,0.321589,0.021446,-0.679160,-0.506793,0.556632,-0.558433,0.517107,0.061341,-0.576734,0.231865,0.544810,-1.747217,1.682782,3.743755,-0.584405,0.471927,0.177041,-0.730902,0.108560,-0.209520,-0.000303,0.227442
21.078063,1.479667,0.239198,-0.946651,0.716373,-1.085530,0.759955,0.321369,0.131233,-0.659186,-0.423393,0.529946,-0.559190,0.512850,0.061457,-0.576261,0.232034,0.544087,-1.747107,1.682575,3.743757,-0.584163,0.471038,0.174694,-0.729674,0.108908,-0.209246,0.000240,0.231578
21.079050,1.492539,0.241082,-0.941496,0.717040,-1.086417,0.760643,0.321302,0.236956,-0.626897,-0.344949,0.497753,-0.559554,0.508256,0.061499,-0.575802,0.232209,0.543349,-1.746996,1.682368,3.743758,-0.583927,0.468380,0.174470,-0.731881,0.109272,-0.207993,0.000971,0.232156
21.080003,1.503943,0.239997,-0.937845,0.717719,-1.084700,0.760560,0.321067,0.344566,-0.587985,-0.265766,0.461705,-0.559872,0.503338,0.061445,-0.575350,0.232380,0.542607,-1.746889,1.682163,3.743758,-0.583695,0.462196,0.173199,-0.732583,0.109488,-0.207744,0.000180,0.232345
21.081060,1.506779,0.240530,-0.936506,0.717402,-1.083109,0.759784,0.321623,0.462815,-0.548536,-0.177846,0.423165,-0.560449,0.498050,0.061302,-0.574899,0.232553,0.541880,-1.746778,1.681947,3.743758,-0.583458,0.456603,0.173365,-0.732496,0.109485,-0.209914,0.000176,0.232823
21.081978,1.505635,0.240459,-0.926135,0.720061,-1.082902,0.759387,0.321211,0.591927,-0.511331,-0.080750,0.383166,-0.561320,0.492545,0.061084,-0.574449,0.232726,0.541146,-1.746663,1.681729,3.743758,-0.583230,0.455950,0.172872,-0.731901,0.110763,-0.212203,0.000861,0.231839
21.082966,1.506286,0.243965,-0.920890,0.721269,-1.083162,0.759791,0.321756,0.724164,-0.476875,0.019067,0.343282,-0.562392,0.487126,0.060801,-0.573990,0.232896,0.540411,-1.746560,1.681514,3.743760,-0.582994,0.456336,0.172489,-0.734864,0.108804,-0.212732,0.001155,0.232653
21.084017,1.509497,0.242706,-0.915714,0.722032,-1.086810,0.759206,0.322039,0.852427,-0.444782,0.115775,0.305202,-0.563569,0.481962,0.060464,-0.573544,0.233064,0.539675,-1.746452,1.681303,3.743760,-0.582762,0.456371,0.170452,-0.735696,0.108492,-0.213034,0.000650,0.231606
21.085011,1.512347,0.240851,-0.901050,0.722384,-1.086875,0.759775,0.322110,0.973089,-0.413993,0.206488,0.269489,-0.564702,0.477097,0.060099,-0.573090,0.233236,0.538932,-1.746343,1.681102,3.743763,-0.582534,0.455393,0.170885,-0.736872,0.108791,-0.210199,0.001129,0.231182
21.085980,1.515984,0.242212,-0.899539,0.722874,-1.087804,0.759336,0.322786,1.088719,-0.386861,0.293738,0.236770,-0.565797,0.472551,0.059757,-0.572637,0.233408,0.538189,-1.746232,1.680889,3.743764,-0.582301,0.454282,0.171515,-0.742435,0.109250,-0.210741,0.000452,0.231110
21.087076,1.511784,0.243640,-0.903225,0.724482,-1.088593,0.758094,0.321458,1.203709,-0.365784,0.381612,0.207293,-0.566882,0.468292,0.059493,-0.572189,0.233577,0.537448,-1.746121,1.680679,3.743764,-0.582071,0.452686,0.170496,-0.741163,0.109488,-0.210328,0.000808,0.229792
21.088043,1.512279,0.243386,-0.904681,0.726896,-1.086675,0.756935,0.321309,1.310920,-0.346707,0.464054,0.180242,-0.567729,0.464393,0.059309,-0.571727,0.233744,0.536727,-1.746015,1.680471,3.743767,-0.581829,0.455633,0.169707,-0.738473,0.109169,-0.210436,0.001939,0.232615
21.088959,1.502694,0.238986,-0.899799,0.726618,-1.083952,0.757687,0.321772,1.396716,-0.325044,0.529410,0.155878,-0.568184,0.461095,0.059161,-0.571274,0.233913,0.535991,-1.745910,1.680254,3.743772,-0.581596,0.455516,0.169514,-0.735825,0.107601,-0.212830,0.002976,0.232923
21.090128,1.510735,0.236622,-0.900089,0.726371,-1.086124,0.758759,0.321566,1.453838,-0.301515,0.571639,0.135776,-0.568293,0.458668,0.058997,-0.570805,0.234089,0.535249,-1.745797,1.680034,3.743771,-0.581364,0.460027,0.171240,-0.735938,0.108406,-0.215852,0.002126,0.231972
21.091085,1.517557,0.235470,-0.899483,0.727875,-1.084023,0.760074,0.322635,1.484358,-0.279834,0.592716,0.120757,-0.568123,0.457253,0.058797,-0.570350,0.234262,0.534517,-1.745684,1.679819,3.743770,-0.581130,0.457234,0.172409,-0.735353,0.110048,-0.214656,0.000946,0.232633
21.091965,1.518151,0.235591,-0.891526,0.728538,-1.085469,0.760981,0.322039,1.498550,-0.262960,0.601463,0.110097,-0.567732,0.456651,0.058582,-0.569906,0.234432,0.533782,-1.745574,1.679596,3.743767,-0.580902,0.454033,0.172618,-0.733667,0.109231,-0.217165,-0.000448,0.230511
21.093075,1.516000,0.230578,-0.889442,0.726326,-1.085741,0.758965,0.322106,1.506431,-0.251350,0.606258,0.102768,-0.567190,0.456488,0.058388,-0.569453,0.234605,0.533037,-1.745465,1.679382,3.743765,-0.580669,0.453419,0.172027,-0.735016,0.109046,-0.215925,-0.001419,0.231684
21.093981,1.503623,0.234572,-0.886601,0.727688,-1.086717,0.758451,0.321192,1.511142,-0.243995,0.609472,0.097919,-0.566516,0.456582,0.058236,-0.568997,0.234784,0.532307,-1.745345,1.679161,3.743769,-0.580438,0.455474,0.174365,-0.735224,0.112301,-0.216479,0.000499,0.231723
21.094978,1.504028,0.231545,-0.890568,0.727837,-1.089998,0.758996,0.320554,1.506222,-0.237188,0.605246,0.094548,-0.565581,0.456967,0.058108,-0.568527,0.234953,0.531573,-1.745235,1.678947,3.743770,-0.580203,0.461303,0.171896,-0.734306,0.111413,-0.215810,0.000910,0.233536
21.095996,1.501826,0.231685,-0.882246,0.729359,-1.088859,0.759121,0.320023,1.481234,-0.225935,0.584442,0.092230,-0.564332,0.457729,0.057965,-0.568063,0.235129,0.530855,-1.745123,1.678734,3.743769,-0.579966,0.461248,0.173096,-0.730803,0.112091,-0.213079,0.000265,0.234855
21.096974,1.506090,0.232646,-0.885030,0.729520,-1.086326,0.760202,0.319488,1.436033,-0.210754,0.547033,0.091620,-0.563032,0.458847,0.057781,-0.567603,0.235300,0.530115,-1.745013,1.678515,3.743768,-0.579723,0.462734,0.172749,-0.733421,0.111477,-0.214840,0.000053,0.235962
21.098028,1.508854,0.229634,-0.883677,0.731569,-1.084913,0.760253,0.318913,1.378553,-0.193457,0.499915,0.092315,-0.561844,0.460113,0.057553,-0.567142,0.235472,0.529385,-1.744900,1.678297,3.743766,-0.579488,0.460690,0.171923,-0.730190,0.112043,-0.217861,-0.001116,0.237069
21.099081,1.509405,0.227122,-0.887531,0.732908,-1.081948,0.759733,0.317844,1.315182,-0.174850,0.448595,0.093572,-0.560792,0.461366,0.057284,-0.566682,0.235644,0.528667,-1.744791,1.678070,3.743765,-0.579248,0.459484,0.173112,-0.729304,0.110828,-0.219649,-0.001242,0.238195
21.100008,1.505618,0.224762,-0.885967,0.733222,-1.078228,0.759575,0.315983,1.248357,-0.158487,0.395345,0.096788,-0.560075,0.462710,0.056978,-0.566226,0.235821,0.527946,-1.744679,1.677841,3.743766,-0.579001,0.458681,0.173755,-0.724786,0.109885,-0.222619,-0.000796,0.240081
21.100995,1.494396,0.223868,-0.882704,0.735396,-1.078144,0.758777,0.315676,1.175979,-0.146010,0.338354,0.103142,-0.559712,0.464323,0.056644,-0.565762,0.235995,0.527234,-1.744568,1.677607,3.743765,-0.578753,0.459368,0.174165,-0.722407,0.109605,-0.226024,-0.000702,0.243464
21.102059,1.494702,0.217436,-0.879432,0.735566,-1.076193,0.758384,0.315525,1.093060,-0.135854,0.273140,0.112725,-0.559499,0.466332,0.056273,-0.565295,0.236168,0.526514,-1.744466,1.677383,3.743769,-0.578505,0.464039,0.173934,-0.721123,0.107847,-0.225975,0.000008,0.243736
21.102947,1.499301,0.217361,-0.875178,0.735186,-1.074594,0.758462,0.314199,0.997982,-0.128864,0.198322,0.126256,-0.559385,0.468827,0.055864,-0.564831,0.236352,0.525791,-1.744357,1.677150,3.743767,-0.578263,0.463258,0.176496,-0.720259,0.108180,-0.227933,0.000334,0.243801
21.103981,1.497512,0.213030,-0.870969,0.734676,-1.073227,0.758051,0.313526,0.899171,-0.127336,0.121096,0.143078,-0.559373,0.471631,0.055473,-0.564375,0.236525,0.525084,-1.744247,1.676917,3.743768,-0.578009,0.459615,0.175694,-0.719037,0.108509,-0.229129,0.000178,0.246072
21.105071,1.497523,0.211916,-0.870486,0.735001,-1.073350,0.757692,0.312436,0.807138,-0.130524,0.050146,0.160601,-0.559339,0.474375,0.055157,-0.563914,0.236707,0.524366,-1.744137,1.676680,3.743766,-0.577757,0.459871,0.177169,-0.718522,0.109393,-0.230369,0.000534,0.247110
21.106060,1.486821,0.209988,-0.873468,0.735808,-1.069948,0.757229,0.311299,0.724318,-0.136638,-0.012734,0.177288,-0.559218,0.476931,0.054915,-0.563451,0.236884,0.523666,-1.744027,1.676452,3.743767,-0.577505,0.459414,0.177148,-0.716656,0.109606,-0.230317,0.000809,0.249045
21.106981,1.478518,0.206508,-0.873284,0.735466,-1.064843,0.757638,0.309194,0.643655,-0.142852,-0.073779,0.192926,-0.558984,0.479450,0.054712,-0.562980,0.237063,0.522959,-1.743921,1.676204,3.743770,-0.577249,0.463795,0.177376,-0.712388,0.109123,-0.233424,0.001182,0.250978
21.108001,1.473009,0.201560,-0.881164,0.738472,-1.060882,0.758800,0.309191,0.552883,-0.145643,-0.143611,0.207776,-0.558531,0.482247,0.054501,-0.562504,0.237248,0.522251,-1.743809,1.675962,3.743770,-0.576989,0.466531,0.178226,-0.709319,0.109472,-0.238130,0.000702,0.254801
21.109019,1.470478,0.198199,-0.876134,0.739335,-1.055770,0.759122,0.308831,0.443787,-0.145614,-0.229125,0.223462,-0.557921,0.485682,0.054229,-0.562032,0.237431,0.521565,-1.743705,1.675715,3.743766,-0.576736,0.468398,0.179967,-0.703024,0.106929,-0.241822,-0.000518,0.254455
21.110026,1.470724,0.195291,-0.870490,0.737642,-1.052818,0.759396,0.307944,0.317472,-0.146858,-0.329183,0.242127,-0.557432,0.489895,0.053868,-0.561564,0.237618,0.520860,-1.743599,1.675459,3.743766,-0.576476,0.468812,0.180855,-0.703041,0.106511,-0.246602,-0.000907,0.254845
21.111087,1.473712,0.192093,-0.875180,0.740732,-1.050127,0.759250,0.308560,0.185664,-0.151434,-0.433962,0.262782,-0.557143,0.494560,0.053441,-0.561097,0.237803,0.520153,-1.743487,1.675205,3.743763,-0.576216,0.467791,0.181516,-0.703209,0.108467,-0.249183,-0.001234,0.256282
21.112027,1.465742,0.192953,-0.867939,0.740427,-1.045931,0.757939,0.307067,0.060605,-0.159470,-0.533375,0.283342,-0.557034,0.499246,0.052973,-0.560638,0.237986,0.519471,-1.743386,1.674948,3.743761,-0.575963,0.465751,0.182446,-0.698775,0.106003,-0.251605,-0.001146,0.254743
21.112998,1.458007,0.187863,-0.866223,0.740365,-1.042775,0.757624,0.307482,-0.054798,-0.169581,-0.625284,0.303163,-0.557128,0.503741,0.052472,-0.560161,0.238166,0.518771,-1.743279,1.674681,3.743761,-0.575701,0.468469,0.181177,-0.699488,0.106493,-0.255186,0.000112,0.257371
21.114066,1.458746,0.187327,-0.866580,0.742742,-1.041334,0.756965,0.306417,-0.163540,-0.178518,-0.712581,0.321354,-0.557286,0.507986,0.051932,-0.559681,0.238351,0.518083,-1.743173,1.674418,3.743762,-0.575448,0.471128,0.182916,-0.697691,0.106854,-0.257815,0.000337,0.256161
21.115013,1.460456,0.187522,-0.861746,0.743876,-1.041812,0.758083,0.305836,-0.268171,-0.185870,-0.797469,0.338134,-0.557533,0.512058,0.051353,-0.559209,0.238532,0.517392,-1.743073,1.674154,3.743765,-0.575185,0.470066,0.182514,-0.695394,0.105157,-0.258923,0.000912,0.258004
21.116076,1.463350,0.183925,-0.857200,0.747135,-1.040958,0.757538,0.304655,-0.365624,-0.192394,-0.877228,0.353933,-0.558070,0.515836,0.050771,-0.558753,0.238713,0.516690,-1.742972,1.673896,3.743760,-0.574924,0.468164,0.181588,-0.694894,0.104366,-0.257904,-0.000266,0.258765
21.117066,1.465164,0.183062,-0.850797,0.746727,-1.035957,0.758163,0.303981,-0.448369,-0.199912,-0.945326,0.369076,-0.559139,0.519086,0.050237,-0.558288,0.238899,0.516002,-1.742875,1.673637,3.743760,-0.574657,0.466129,0.182695,-0.695062,0.101875,-0.258485,0.000219,0.260804
21.118057,1.463438,0.185991,-0.848872,0.747252,-1.033506,0.758374,0.303615,-0.509849,-0.211433,-0.996055,0.384014,-0.560844,0.521732,0.049786,-0.557831,0.239083,0.515308,-1.742771,1.673364,3.743762,-0.574392,0.464388,0.182323,-0.695683,0.102712,-0.262953,-0.000495,0.261766
21.118941,1.460144,0.186532,-0.841343,0.751290,-1.031033,0.757697,0.301627,-0.549693,-0.223335,-1.029426,0.396271,-0.562712,0.523677,0.049417,-0.557366,0.239260,0.514624,-1.742669,1.673097,3.743761,-0.574127,0.464321,0.180135,-0.694150,0.102602,-0.264859,-0.000769,0.262115
21.120002,1.460047,0.185521,-0.847037,0.749753,-1.032568,0.758043,0.300636,-0.573489,-0.229792,-1.050591,0.403873,-0.564272,0.524867,0.049126,-0.556903,0.239439,0.513929,-1.742577,1.672826,3.743762,-0.573854,0.464562,0.178988,-0.694711,0.098891,-0.266543,-0.000152,0.265640
21.121023,1.461044,0.183741,-0.839923,0.749881,-1.030744,0.758495,0.301519,-0.588433,-0.229614,-1.065667,0.407655,-0.565433,0.525464,0.048901,-0.556438,0.239619,0.513240,-1.742469,1.672566,3.743761,-0.573584,0.464006,0.178865,-0.689688,0.100997,-0.264681,-0.000578,0.267254
21.122026,1.457195,0.187293,-0.829979,0.751060,-1.032461,0.758831,0.300156,-0.601478,-0.211546,-1.085528,0.403356,-0.566150,0.525523,0.048486,-0.555518,0.239971,0.511850,-1.742268,1.672034,3.743758,-0.573048,0.463891,0.176616,-0.693329,0.100743,-0.263855,-0.001490,0.267472
21.123091,1.467327,0.187264,-0.826787,0.751557,-1.032592,0.758653,0.299371,-0.601478,-0.211546,-1.085528,0.403356,-0.566150,0.525523,0.048486,-0.555518,0.239971,0.511850,-1.742268,1.672034,3.743758,-0.573048,0.463891,0.176616,-0.693329,0.100743,-0.263855,-0.001490,0.267472
21.124015,1.469492,0.184831,-0.820045,0.753925,-1.033662,0.758427,0.297602,-0.591899,-0.194611,-1.083570,0.394067,-0.565754,0.524740,0.048304,-0.555070,0.240149,0.511152,-1.742168,1.671772,3.743757,-0.572771,0.458383,0.176039,-0.692690,0.100947,-0.263445,-0.001378,0.268660
21.124970,1.470939,0.184118,-0.816124,0.754758,-1.035025,0.758564,0.297259,-0.518421,-0.161307,-1.035481,0.366911,-0.565073,0.521360,0.048072,-0.554171,0.240501,0.509774,-1.741976,1.671260,3.743756,-0.572223,0.454633,0.176071,-0.692351,0.098598,-0.259961,-0.001421,0.271976
21.126095,1.466336,0.184856,-0.816819,0.754398,-1.031888,0.758192,0.296430,-0.518421,-0.161307,-1.035481,0.366911,-0.565073,0.521360,0.048072,-0.554171,0.240501,0.509774,-1.741976,1.671260,3.743756,-0.572223,0.454633,0.176071,-0.692351,0.098598,-0.259961,-0.001421,0.271976
21.127049,1.471136,0.180176,-0.809269,0.754272,-1.033180,0.757916,0.294356,-0.462686,-0.149393,-0.995832,0.352586,-0.565167,0.519302,0.047970,-0.553709,0.240674,0.509094,-1.741875,1.670989,3.743757,-0.571950,0.456709,0.175232,-0.690357,0.099834,-0.262881,-0.001130,0.273331
21.128024,1.479526,0.183351,-0.805331,0.755119,-1.033185,0.758285,0.294360,-0.404713,-0.137961,-0.954641,0.337279,-0.565222,0.517337,0.047845,-0.553264,0.240852,0.508394,-1.741771,1.670734,3.743757,-0.571663,0.453391,0.176818,-0.691286,0.100243,-0.261065,-0.000923,0.277012
21.129006,1.486587,0.181019,-0.793086,0.754973,-1.035662,0.758039,0.293148,-0.340871,-0.128420,-0.908617,0.320923,-0.565266,0.515385,0.047726,-0.552823,0.241024,0.507702,-1.741672,1.670477,3.743755,-0.571388,0.448453,0.174519,-0.690574,0.099844,-0.260624,-0.001357,0.276534
21.130103,1.486422,0.183564,-0.791682,0.757445,-1.033852,0.756784,0.293048,-0.262010,-0.121535,-0.849900,0.302831,-0.565413,0.513087,0.047638,-0.552385,0.241198,0.507008,-1.741572,1.670222,3.743756,-0.571104,0.444275,0.175038,-0.694103,0.100466,-0.257709,-0.001180,0.278524
21.131163,1.486098,0.179752,-0.782069,0.759214,-1.033587,0.754705,0.291291,-0.165999,-0.117155,-0.776656,0.283079,-0.565717,0.510301,0.047589,-0.551944,0.241367,0.506314,-1.741475,1.669958,3.743758,-0.570827,0.444257,0.173283,-0.692780,0.098842,-0.259308,-0.000003,0.278352
21.132002,1.481772,0.178922,-0.772962,0.759677,-1.035172,0.755500,0.291224,-0.060205,-0.115672,-0.694994,0.263646,-0.566239,0.507231,0.047570,-0.551501,0.241542,0.505622,-1.741381,1.669698,3.743762,-0.570537,0.444071,0.174631,-0.695449,0.097908,-0.259253,0.001980,0.281468
21.132976,1.481909,0.175823,-0.768767,0.758816,-1.035913,0.756617,0.292276,0.048107,-0.118927,-0.610799,0.247035,-0.567106,0.504161,0.047554,-0.551061,0.241715,0.504917,-1.741282,1.669443,3.743762,-0.570257,0.444895,0.174149,-0.696397,0.097535,-0.256922,0.001097,0.281026
21.134018,1.488958,0.177862,-0.761016,0.758100,-1.037308,0.756506,0.291892,0.153944,-0.127208,-0.528109,0.234051,-0.568338,0.501311,0.047490,-0.550618,0.241891,0.504218,-1.741181,1.669191,3.743761,-0.569985,0.444070,0.174985,-0.695722,0.098825,-0.255788,-0.000083,0.278484
21.135094,1.499171,0.176480,-0.751513,0.758248,-1.036990,0.755955,0.291570,0.256636,-0.137563,-0.447475,0.222830,-0.569739,0.498634,0.047367,-0.550185,0.242059,0.503522,-1.741080,1.668939,3.743764,-0.569703,0.440199,0.173424,-0.697303,0.100158,-0.254131,-0.000052,0.278875
21.136007,1.503682,0.175064,-0.745250,0.761095,-1.036312,0.755980,0.291992,0.364528,-0.147756,-0.361807,0.210694,-0.571158,0.495727,0.047244,-0.549766,0.242232,0.502817,-1.740979,1.668683,3.743763,-0.569424,0.435099,0.173583,-0.699827,0.100707,-0.254244,0.000429,0.279144
21.136971,1.499336,0.176315,-0.736860,0.760465,-1.035753,0.756398,0.292456,0.485215,-0.159803,-0.264435,0.197868,-0.572740,0.492349,0.047182,-0.549339,0.242403,0.502124,-1.740886,1.668430,3.743763,-0.569150,0.432016,0.173544,-0.699904,0.098261,-0.254379,0.000337,0.277817
21.138052,1.503168,0.172533,-0.730287,0.760015,-1.034888,0.754425,0.293478,0.614679,-0.174645,-0.158625,0.186063,-0.574564,0.488647,0.047194,-0.548908,0.242576,0.501416,-1.740786,1.668174,3.743763,-0.568873,0.433590,0.172208,-0.701199,0.099330,-0.254477,-0.000153,0.276445
21.138979,1.508963,0.173637,-0.727378,0.761963,-1.037657,0.754411,0.293730,0.744400,-0.189726,-0.051720,0.175205,-0.576378,0.484831,0.047261,-0.548480,0.242754,0.500709,-1.740682,1.667921,3.743770,-0.568604,0.431566,0.173540,-0.702258,0.100440,-0.255168,0.001722,0.274061
21.139984,1.516340,0.170923,-0.717305,0.761368,-1.035330,0.755261,0.294385,0.871602,-0.204922,0.053947,0.165448,-0.578093,0.480969,0.047367,-0.548055,0.242920,0.500015,-1.740588,1.667672,3.743770,-0.568334,0.427903,0.172291,-0.700726,0.098906,-0.251881,0.001649,0.273131
21.141083,1.517224,0.171833,-0.711921,0.761400,-1.034878,0.756282,0.294895,0.998689,-0.221611,0.160480,0.157275,-0.579779,0.476993,0.047526,-0.547641,0.243095,0.499305,-1.740484,1.667413,3.743768,-0.568065,0.423949,0.173008,-0.703104,0.099964,-0.253851,0.000730,0.271427
21.142107,1.519429,0.177480,-0.707111,0.762699,-1.036894,0.755234,0.295347,1.127719,-0.239489,0.269532,0.149831,-0.581272,0.472863,0.047742,-0.547218,0.243266,0.498593,-1.740382,1.667157,3.743766,-0.567799,0.423619,0.172049,-0.703591,0.100687,-0.254116,-0.000356,0.270106
21.143094,1.519129,0.176269,-0.698304,0.764411,-1.038517,0.755893,0.297087,1.254459,-0.253635,0.377214,0.141089,-0.582203,0.468525,0.047989,-0.546801,0.243429,0.497895,-1.740284,1.666909,3.743767,-0.567531,0.422309,0.168715,-0.703546,0.099986,-0.251819,0.000632,0.268839
21.144096,1.517295,0.170092,-0.698510,0.766578,-1.039862,0.754951,0.296240,1.373262,-0.259869,0.478538,0.130311,-0.582456,0.463920,0.048233,-0.546380,0.243595,0.497181,-1.740187,1.666665,3.743766,-0.567274,0.422040,0.168766,-0.705115,0.098822,-0.249909,-0.000104,0.264986
21.144998,1.506116,0.170109,-0.694362,0.766668,-1.039628,0.755594,0.297584,1.479740,-0.263768,0.570184,0.121136,-0.582488,0.459426,0.048455,-0.545951,0.243771,0.496489,-1.740090,1.666420,3.743766,-0.567010,0.422527,0.171195,-0.702468,0.097262,-0.248293,0.000778,0.266367
21.146122,1.505082,0.167521,-0.694011,0.767850,-1.038685,0.756530,0.297911,1.564553,-0.271403,0.644657,0.117599,-0.582652,0.455698,0.048611,-0.545518,0.243940,0.495792,-1.739993,1.666172,3.743766,-0.566754,0.427184,0.170426,-0.701415,0.097472,-0.248021,0.000054,0.263232
21.147047,1.503405,0.172123,-0.689628,0.767399,-1.037900,0.758072,0.299185,1.618769,-0.281430,0.694282,0.119665,-0.582729,0.453078,0.048656,-0.545086,0.244114,0.495088,-1.739897,1.665927,3.743765,-0.566499,0.427747,0.171244,-0.699650,0.097260,-0.248975,-0.000955,0.262355
21.148100,1.505246,0.164750,-0.690148,0.769442,-1.038886,0.759099,0.299203,1.642832,-0.289281,0.719002,0.124329,-0.582296,0.451417,0.048607,-0.544653,0.244277,0.494395,-1.739797,1.665675,3.743758,-0.566241,0.427718,0.168277,-0.698891,0.098023,-0.249241,-0.002527,0.259393
21.149009,1.505591,0.166096,-0.687031,0.772308,-1.043276,0.758005,0.299774,1.643033,-0.293811,0.723879,0.129709,-0.581227,0.450504,0.048508,-0.544230,0.244455,0.493697,-1.739701,1.665430,3.743755,-0.565984,0.426645,0.171390,-0.696320,0.096727,-0.248081,-0.003605,0.259079
21.150030,1.499085,0.163638,-0.680680,0.772915,-1.044798,0.756378,0.301256,1.625737,-0.300559,0.714449,0.137851,-0.579965,0.450376,0.048397,-0.543800,0.244619,0.493012,-1.739613,1.665199,3.743755,-0.565733,0.425581,0.170000,-0.694942,0.094386,-0.243318,-0.002554,0.257548
21.150957,1.489610,0.159660,-0.678197,0.772173,-1.043868,0.756487,0.299899,1.595038,-0.312456,0.694127,0.150173,-0.578873,0.450956,0.048294,-0.543366,0.244793,0.492312,-1.739518,1.664960,3.743756,-0.565483,0.428454,0.170627,-0.695645,0.094494,-0.241656,-0.001003,0.254269
21.152076,1.496044,0.161555,-0.675721,0.772612,-1.047639,0.756498,0.300875,1.549626,-0.327982,0.661508,0.165816,-0.577844,0.452229,0.048207,-0.542924,0.244968,0.491615,-1.739419,1.664719,3.743753,-0.565224,0.432247,0.171844,-0.693872,0.095582,-0.242215,-0.001177,0.256648
21.152996,1.497013,0.156723,-0.675710,0.773621,-1.049418,0.757093,0.301704,1.489703,-0.344928,0.616514,0.182913,-0.576658,0.454172,0.048130,-0.542497,0.245133,0.490932,-1.739323,1.664488,3.743753,-0.564973,0.429086,0.170489,-0.693401,0.096079,-0.238522,-0.001267,0.254417
21.154051,1.500181,0.155690,-0.676654,0.773873,-1.053427,0.755336,0.300445,1.422624,-0.362358,0.565244,0.199817,-0.575346,0.456517,0.048041,-0.542073,0.245309,0.490244,-1.739228,1.664257,3.743750,-0.564722,0.427834,0.172140,-0.690450,0.095471,-0.236449,-0.001915,0.252388
21.155092,1.500763,0.151992,-0.680705,0.775042,-1.053432,0.754303,0.302483,1.353858,-0.382140,0.512364,0.216867,-0.574194,0.459155,0.047922,-0.541646,0.245479,0.489567,-1.739132,1.664031,3.743752,-0.564466,0.426077,0.172099,-0.687973,0.096002,-0.232451,-0.000224,0.254655
21.156137,1.489081,0.150832,-0.681992,0.776554,-1.052878,0.754401,0.301657,1.283341,-0.404869,0.457775,0.234553,-0.573374,0.462098,0.047758,-0.541223,0.245657,0.488890,-1.739036,1.663801,3.743755,-0.564223,0.425595,0.173321,-0.683833,0.095546,-0.232451,0.000709,0.250256
21.156962,1.483418,0.145926,-0.681353,0.776054,-1.053051,0.753485,0.302953,1.204486,-0.429094,0.395831,0.253389,-0.572835,0.465499,0.047531,-0.540781,0.245834,0.488212,-1.738941,1.663573,3.743755,-0.563969,0.431100,0.173253,-0.681116,0.094800,-0.233007,0.000526,0.251675
21.158119,1.484883,0.142280,-0.686428,0.776230,-1.054433,0.754622,0.303765,1.108375,-0.453137,0.318989,0.274068,-0.572429,0.469594,0.047232,-0.540343,0.246010,0.487551,-1.738845,1.663340,3.743758,-0.563725,0.432504,0.174794,-0.678283,0.095403,-0.232287,0.001379,0.248629
21.159026,1.487128,0.142701,-0.687542,0.774540,-1.054454,0.754334,0.304049,0.994815,-0.477221,0.227163,0.296590,-0.572094,0.474414,0.046871,-0.539917,0.246188,0.486883,-1.738747,1.663109,3.743755,-0.563479,0.432067,0.176122,-0.674414,0.096261,-0.231102,0.000157,0.246832
21.159999,1.483041,0.138661,-0.688028,0.776762,-1.055941,0.754329,0.305524,0.870913,-0.499948,0.126195,0.318917,-0.571664,0.479680,0.046466,-0.539491,0.246365,0.486215,-1.738648,1.662881,3.743756,-0.563237,0.430063,0.175067,-0.671106,0.098224,-0.230775,0.000386,0.245929
21.161041,1.490551,0.139804,-0.685569,0.775893,-1.055459,0.754286,0.305551,0.742942,-0.518759,0.021135,0.339057,-0.570987,0.485045,0.046033,-0.539054,0.246544,0.485556,-1.738553,1.662658,3.743756,-0.563000,0.431462,0.176347,-0.668583,0.096516,-0.229158,0.000319,0.242677
21.162041,1.488862,0.135610,-0.686176,0.779639,-1.055333,0.755301,0.305663,0.617317,-0.533993,-0.082597,0.356834,-0.570165,0.490244,0.045598,-0.538637,0.246720,0.484891,-1.738452,1.662425,3.743756,-0.562756,0.427538,0.175127,-0.667889,0.098034,-0.229605,0.000288,0.242399
21.163015,1.485663,0.134308,-0.686524,0.780531,-1.053652,0.754780,0.305704,0.501428,-0.547323,-0.178644,0.372542,-0.569386,0.495060,0.045205,-0.538208,0.246896,0.484239,-1.738365,1.662193,3.743755,-0.562515,0.427961,0.176568,-0.665540,0.095073,-0.229574,-0.000803,0.241899
21.164024,1.481129,0.131612,-0.686014,0.779849,-1.055141,0.754755,0.305768,0.395115,-0.561281,-0.266925,0.388056,-0.568903,0.499592,0.044865,-0.537779,0.247073,0.483580,-1.738270,1.661959,3.743757,-0.562274,0.428989,0.176468,-0.663090,0.094763,-0.231046,-0.000349,0.241523
21.164980,1.484209,0.126887,-0.690514,0.779876,-1.057380,0.755470,0.306823,0.292761,-0.575310,-0.352130,0.403993,-0.568699,0.504009,0.044525,-0.537342,0.247254,0.482920,-1.738170,1.661736,3.743758,-0.562040,0.430753,0.177102,-0.661272,0.096002,-0.229497,-0.000405,0.241157
21.165960,1.485610,0.121141,-0.684696,0.782423,-1.058193,0.754901,0.305581,0.192107,-0.587908,-0.436164,0.419417,-0.568617,0.508367,0.044135,-0.536912,0.247437,0.482277,-1.738073,1.661513,3.743757,-0.561805,0.428487,0.178644,-0.656821,0.096432,-0.227094,-0.001188,0.238746
21.167117,1.488362,0.119198,-0.684793,0.780949,-1.057007,0.753629,0.306644,0.097163,-0.603135,-0.515325,0.435630,-0.568884,0.512726,0.043704,-0.536487,0.247623,0.481616,-1.737983,1.661288,3.743757,-0.561557,0.427292,0.180687,-0.657525,0.094556,-0.226174,-0.000677,0.240960
21.168103,1.490133,0.119018,-0.690845,0.781406,-1.056538,0.752333,0.306997,0.014899,-0.624437,-0.583493,0.453324,-0.569635,0.516978,0.043276,-0.536060,0.247804,0.480972,-1.737882,1.661062,3.743759,-0.561325,0.426227,0.181126,-0.656428,0.097007,-0.227637,0.000504,0.238660
21.169021,1.486688,0.115022,-0.688957,0.783607,-1.054335,0.752009,0.306203,-0.053989,-0.646864,-0.640382,0.469554,-0.570404,0.520869,0.042865,-0.535641,0.247982,0.480328,-1.737786,1.660832,3.743763,-0.561091,0.424928,0.180477,-0.651344,0.097105,-0.227944,0.001708,0.237711
21.170014,1.484001,0.116893,-0.688002,0.785179,-1.053626,0.752615,0.304520,-0.115293,-0.665115,-0.691232,0.482664,-0.570813,0.524327,0.042489,-0.535210,0.248168,0.479677,-1.737695,1.660602,3.743766,-0.560852,0.425805,0.181566,-0.649822,0.095366,-0.229854,0.001942,0.239000
21.170939,1.483277,0.114630,-0.685958,0.783168,-1.055488,0.753893,0.304884,-0.173835,-0.678376,-0.740182,0.493734,-0.570873,0.527410,0.042180,-0.534777,0.248345,0.479036,-1.737602,1.660370,3.743766,-0.560604,0.426612,0.179898,-0.648362,0.094481,-0.230386,0.001256,0.242075
21.172114,1.488805,0.109921,-0.684129,0.783412,-1.055227,0.754532,0.305287,-0.230739,-0.684296,-0.788309,0.502020,-0.570452,0.530035,0.041934,-0.534356,0.248526,0.478389,-1.737500,1.660147,3.743762,-0.560367,0.426246,0.180199,-0.646977,0.096772,-0.228280,-0.000076,0.240997
21.173011,1.488342,0.109061,-0.682268,0.784780,-1.056148,0.754145,0.303714,-0.281925,-0.683358,-0.832118,0.506558,-0.569498,0.532157,0.041727,-0.533936,0.248713,0.477741,-1.737399,1.659922,3.743762,-0.560129,0.423938,0.182006,-0.646927,0.097505,-0.228871,-0.000792,0.240051
21.174012,1.492666,0.108144,-0.678828,0.784517,-1.058061,0.754759,0.302697,-0.321986,-0.680167,-0.866742,0.508563,-0.568295,0.533828,0.041580,-0.533520,0.248893,0.477102,-1.737304,1.659696,3.743763,-0.559878,0.423394,0.181539,-0.645366,0.096457,-0.227624,-0.000464,0.242849
21.175016,1.494441,0.107458,-0.680224,0.784134,-1.059697,0.753277,0.301464,-0.348938,-0.676045,-0.890411,0.508858,-0.567086,0.534992,0.041523,-0.533102,0.249074,0.476456,-1.737204,1.659477,3.743761,-0.559631,0.420892,0.181252,-0.645152,0.097251,-0.225693,-0.001145,0.244573
21.176001,1.496370,0.104211,-0.679866,0.783546,-1.061357,0.752489,0.299259,-0.362602,-0.669027,-0.903075,0.506671,-0.565892,0.535530,0.041542,-0.532684,0.249251,0.475823,-1.737106,1.659255,3.743764,-0.559379,0.419710,0.180906,-0.642653,0.098210,-0.224022,0.000267,0.246726
21.177005,1.493793,0.101613,-0.670090,0.782884,-1.059071,0.752430,0.297961,-0.365331,-0.657941,-0.906788,0.501603,-0.564707,0.535468,0.041605,-0.532273,0.249437,0.475184,-1.737006,1.659035,3.743768,-0.559117,0.418427,0.181719,-0.640867,0.099261,-0.222298,0.000956,0.250787
21.177944,1.495371,0.099746,-0.673539,0.783865,-1.060363,0.753143,0.297994,-0.358938,-0.644233,-0.903032,0.494353,-0.563592,0.534942,0.041676,-0.531853,0.249619,0.474532,-1.736904,1.658810,3.743767,-0.558860,0.419407,0.182263,-0.643794,0.100423,-0.224558,0.000938,0.253030
21.178986,1.501159,0.101022,-0.670850,0.782967,-1.063590,0.753738,0.297642,-0.344593,-0.629957,-0.892650,0.486067,-0.562618,0.534096,0.041709,-0.531436,0.249800,0.473903,-1.736804,1.658591,3.743766,-0.558609,0.418002,0.182369,-0.639893,0.099752,-0.223076,0.000160,0.252581
21.179984,1.504076,0.100863,-0.665275,0.782388,-1.063509,0.753703,0.295024,-0.324229,-0.614418,-0.877279,0.476999,-0.561810,0.532954,0.041676,-0.531033,0.249981,0.473263,-1.736700,1.658375,3.743766,-0.558356,0.415137,0.181027,-0.639627,0.101198,-0.219943,-0.000508,0.253001
21.180956,1.510508,0.097059,-0.661628,0.782688,-1.063668,0.753070,0.294359,-0.295507,-0.594987,-0.855117,0.465607,-0.561090,0.531299,0.041611,-0.530622,0.250159,0.472626,-1.736594,1.658157,3.743766,-0.558087,0.413436,0.180408,-0.640556,0.102157,-0.220045,-0.000536,0.257895
21.182067,1.515858,0.094007,-0.661877,0.785078,-1.064308,0.753162,0.294783,-0.253947,-0.572711,-0.822356,0.451592,-0.560500,0.529001,0.041566,-0.530226,0.250344,0.471984,-1.736491,1.657937,3.743769,-0.557819,0.410011,0.181492,-0.640296,0.102204,-0.219790,0.000011,0.258784
21.183062,1.515620,0.092414,-0.660578,0.783710,-1.062235,0.752978,0.293190,-0.198303,-0.553603,-0.777604,0.437831,-0.560365,0.526249,0.041546,-0.529822,0.250528,0.471344,-1.736392,1.657720,3.743769,-0.557567,0.407711,0.182396,-0.638907,0.100659,-0.219394,-0.000164,0.257672
21.184077,1.511601,0.092563,-0.655812,0.781892,-1.063670,0.752613,0.293755,-0.132950,-0.540751,-0.724397,0.426457,-0.560786,0.523331,0.041542,-0.529416,0.250711,0.470712,-1.736288,1.657492,3.743771,-0.557302,0.407642,0.182414,-0.637737,0.102469,-0.221373,-0.000060,0.260524
21.184941,1.510435,0.092710,-0.651463,0.782425,-1.065362,0.752170,0.291725,-0.066056,-0.529775,-0.669938,0.415811,-0.561313,0.520387,0.041534,-0.529008,0.250889,0.470071,-1.736179,1.657270,3.743768,-0.557044,0.409530,0.181639,-0.638323,0.104624,-0.219887,0.000249,0.259018
21.186023,1.515702,0.093138,-0.651954,0.781450,-1.064079,0.751957,0.291813,-0.003880,-0.515179,-0.619814,0.403666,-0.561544,0.517393,0.041487,-0.528600,0.251069,0.469441,-1.736076,1.657059,3.743767,-0.556774,0.409255,0.180635,-0.637930,0.104108,-0.217958,0.000640,0.262646
21.187016,1.513924,0.087731,-0.649875,0.783840,-1.063468,0.753619,0.292556,0.052283,-0.494829,-0.575176,0.389252,-0.561412,0.514273,0.041395,-0.528203,0.251245,0.468806,-1.735967,1.656838,3.743762,-0.556513,0.406903,0.179856,-0.636316,0.105646,-0.219424,0.000801,0.262131
21.187982,1.519148,0.089911,-0.643981,0.781908,-1.062331,0.752384,0.292937,0.102779,-0.471559,-0.535525,0.373871,-0.561109,0.511187,0.041250,-0.527794,0.251430,0.468169,-1.735866,1.656620,3.743760,-0.556257,0.407573,0.181784,-0.635462,0.103686,-0.220006,-0.000935,0.260294
21.189077,1.523721,0.086762,-0.646775,0.783074,-1.062594,0.751418,0.292893,0.149104,-0.449625,-0.499326,0.359311,-0.560886,0.508343,0.041039,-0.527394,0.251605,0.467534,-1.735756,1.656398,3.743762,-0.556001,0.404660,0.179938,-0.636407,0.105839,-0.221022,0.000247,0.259180
21.190002,1.520897,0.084732,-0.642740,0.783393,-1.061290,0.752441,0.291614,0.194882,-0.428877,-0.463592,0.344841,-0.560741,0.505627,0.040776,-0.526999,0.251786,0.466903,-1.735652,1.656179,3.743763,-0.555740,0.402774,0.180935,-0.633746,0.105346,-0.220944,0.001126,0.258989
21.191015,1.526989,0.083361,-0.644382,0.782560,-1.059521,0.752195,0.291541,0.239369,-0.410009,-0.428993,0.330897,-0.560760,0.503102,0.040487,-0.526590,0.251970,0.466268,-1.735548,1.655958,3.743759,-0.555478,0.403645,0.181059,-0.633519,0.105219,-0.222053,0.000040,0.261162
21.191987,1.528651,0.079948,-0.642338,0.782435,-1.059217,0.752709,0.292547,0.279561,-0.394154,-0.398063,0.318429,-0.561017,0.500952,0.040201,-0.526199,0.252149,0.465644,-1.735438,1.655731,3.743758,-0.555217,0.400617,0.181046,-0.631051,0.106376,-0.223760,0.000232,0.260937
21.193013,1.533499,0.080251,-0.635536,0.781367,-1.058070,0.753117,0.291056,0.315967,-0.380926,-0.370454,0.306931,-0.561426,0.499169,0.039929,-0.525797,0.252334,0.465012,-1.735329,1.655504,3.743757,-0.554964,0.399544,0.181927,-0.630134,0.106708,-0.223899,-0.000352,0.258561
21.194068,1.536969,0.075199,-0.628539,0.783823,-1.055280,0.753115,0.290495,0.352246,-0.370455,-0.343090,0.295822,-0.561954,0.497637,0.039691,-0.525400,0.252511,0.464380,-1.735217,1.655280,3.743757,-0.554700,0.397146,0.181100,-0.631921,0.108097,-0.225037,-0.000831,0.261247
21.195028,1.544892,0.075273,-0.622434,0.784080,-1.056426,0.752708,0.289047,0.448551,-0.367185,-0.268004,0.277351,-0.564001,0.494746,0.039444,-0.524621,0.252879,0.463104,-1.735004,1.654825,3.743757,-0.554163,0.391533,0.182046,-0.634814,0.106137,-0.226486,-0.000558,0.264502
21.195998,1.541924,0.070576,-0.623278,0.784898,-1.056141,0.751304,0.290052,0.448551,-0.367185,-0.268004,0.277351,-0.564001,0.494746,0.039444,-0.524621,0.252879,0.463104,-1.735004,1.654825,3.743757,-0.554163,0.391533,0.182046,-0.634814,0.106137,-0.226486,-0.000558,0.264502
21.196961,1.540367,0.073829,-0.616326,0.783401,-1.055352,0.752647,0.289078,0.512782,-0.378475,-0.216269,0.272661,-0.565899,0.493276,0.039423,-0.524222,0.253064,0.462480,-1.734902,1.654597,3.743760,-0.553905,0.392829,0.183586,-0.632484,0.105676,-0.226613,0.000769,0.262081
21.197979,1.540363,0.073764,-0.614870,0.784313,-1.056377,0.752290,0.288286,0.577829,-0.393664,-0.163547,0.270375,-0.568099,0.491888,0.039404,-0.523827,0.253243,0.461839,-1.734790,1.654366,3.743758,-0.553637,0.393388,0.181155,-0.633887,0.107330,-0.227191,-0.000661,0.263661
21.199012,1.536757,0.072255,-0.609768,0.783127,-1.056410,0.752077,0.288574,0.636722,-0.405449,-0.116044,0.267922,-0.570107,0.490512,0.039343,-0.523431,0.253421,0.461216,-1.734685,1.654146,3.743759,-0.553375,0.393083,0.180422,-0.632620,0.106654,-0.226010,-0.000359,0.264826
21.200043,1.533063,0.069748,-0.602459,0.781648,-1.053297,0.752408,0.285423,0.686551,-0.410465,-0.076319,0.264227,-0.571700,0.489088,0.039207,-0.523034,0.253604,0.460584,-1.734578,1.653923,3.743759,-0.553113,0.393978,0.180162,-0.632337,0.107717,-0.225522,-0.000202,0.263665
21.201039,1.536860,0.069348,-0.595709,0.785377,-1.052269,0.751733,0.286694,0.725760,-0.409580,-0.045584,0.259680,-0.572829,0.487729,0.039002,-0.522637,0.253786,0.459944,-1.734466,1.653692,3.743758,-0.552834,0.394884,0.180402,-0.633059,0.108939,-0.228114,-0.000589,0.269405
21.201962,1.537409,0.067313,-0.593040,0.781396,-1.050867,0.751102,0.284642,0.757592,-0.405812,-0.020869,0.255419,-0.573644,0.486452,0.038774,-0.522245,0.253963,0.459313,-1.734368,1.653462,3.743760,-0.552566,0.391944,0.179597,-0.633421,0.105164,-0.228523,0.000034,0.266171
21.203031,1.542767,0.061214,-0.586960,0.782051,-1.051601,0.750642,0.283112,0.787465,-0.401565,0.002541,0.252338,-0.574366,0.485127,0.038547,-0.521858,0.254145,0.458684,-1.734253,1.653230,3.743763,-0.552293,0.390477,0.179481,-0.631425,0.108623,-0.229177,0.000596,0.269685
21.204058,1.535071,0.063402,-0.582056,0.779225,-1.049492,0.750779,0.280289,0.819470,-0.398353,0.028072,0.250189,-0.575069,0.483701,0.038332,-0.521473,0.254333,0.458050,-1.734147,1.653003,3.743764,-0.552016,0.387136,0.181508,-0.631788,0.107914,-0.227988,0.000993,0.272134
21.204943,1.530041,0.059645,-0.570000,0.781127,-1.048320,0.751136,0.280524,0.853905,-0.396733,0.055866,0.248595,-0.575751,0.482215,0.038137,-0.521083,0.254510,0.457423,-1.734030,1.652771,3.743765,-0.551728,0.390175,0.179410,-0.631417,0.110380,-0.229552,0.000786,0.277135
21.206009,1.527956,0.060608,-0.566267,0.779555,-1.051311,0.752492,0.281150,0.885972,-0.394266,0.081694,0.246980,-0.576270,0.480718,0.037944,-0.520687,0.254692,0.456779,-1.733928,1.652545,3.743763,-0.551454,0.391209,0.180139,-0.633811,0.108073,-0.229965,0.000391,0.275926
21.206944,1.526250,0.059047,-0.555267,0.778465,-1.049137,0.751961,0.278383,0.912796,-0.390478,0.103173,0.245788,-0.576672,0.479282,0.037714,-0.520294,0.254868,0.456153,-1.733816,1.652323,3.743763,-0.551184,0.391495,0.178731,-0.633024,0.109516,-0.226537,-0.001028,0.274088
21.207942,1.526906,0.059052,-0.553110,0.780890,-1.050749,0.752911,0.278655,0.935784,-0.384563,0.121509,0.244331,-0.576989,0.477843,0.037451,-0.519906,0.255047,0.455511,-1.733705,1.652093,3.743765,-0.550891,0.391159,0.178429,-0.635138,0.110136,-0.228056,-0.000540,0.278955
21.209057,1.525456,0.058031,-0.554869,0.782299,-1.053267,0.751820,0.278494,0.957011,-0.375945,0.138477,0.242002,-0.577244,0.476301,0.037186,-0.519521,0.255223,0.454878,-1.733603,1.651872,3.743761,-0.550618,0.389915,0.177441,-0.633163,0.107581,-0.225901,-0.001536,0.277730
21.209974,1.520482,0.055685,-0.545280,0.781167,-1.051760,0.751609,0.277893,0.974177,-0.366601,0.152308,0.240745,-0.577662,0.474771,0.036903,-0.519126,0.255396,0.454244,-1.733498,1.651653,3.743764,-0.550339,0.390063,0.177142,-0.629782,0.106296,-0.223084,-0.000502,0.277472
21.210941,1.513577,0.054430,-0.541891,0.781580,-1.051343,0.751999,0.278378,0.983085,-0.357435,0.159477,0.241736,-0.578270,0.473431,0.036590,-0.518737,0.255575,0.453615,-1.733389,1.651427,3.743763,-0.550062,0.391303,0.177206,-0.631288,0.106998,-0.223938,-0.000340,0.278006
21.212090,1.517244,0.052021,-0.542435,0.779542,-1.053181,0.752444,0.277475,0.982188,-0.348240,0.158595,0.244490,-0.578850,0.472379,0.036259,-0.518338,0.255751,0.452996,-1.733284,1.651207,3.743761,-0.549791,0.393562,0.176819,-0.629958,0.106320,-0.223792,-0.000778,0.276386
21.213009,1.513230,0.049384,-0.536181,0.780315,-1.052365,0.752142,0.277344,0.971006,-0.338233,0.149162,0.247986,-0.579156,0.471672,0.035909,-0.517957,0.255929,0.452374,-1.733171,1.650987,3.743759,-0.549507,0.391382,0.177188,-0.627486,0.108380,-0.221694,-0.001275,0.277624
21.213947,1.516663,0.051121,-0.533725,0.780438,-1.053047,0.751630,0.278262,0.951863,-0.327823,0.133070,0.251514,-0.579094,0.471297,0.035552,-0.517564,0.256109,0.451744,-1.733067,1.650765,3.743760,-0.549234,0.392118,0.177394,-0.627295,0.107263,-0.221885,-0.001018,0.277213
21.215093,1.522487,0.045838,-0.534067,0.781832,-1.054454,0.751499,0.278137,0.928883,-0.317291,0.113745,0.254692,-0.578681,0.471089,0.035211,-0.517178,0.256279,0.451124,-1.732963,1.650543,3.743760,-0.548962,0.389224,0.175522,-0.625369,0.106861,-0.220568,-0.000555,0.274712
21.215956,1.527992,0.046138,-0.524068,0.780785,-1.055438,0.751856,0.278875,0.906800,-0.307539,0.095172,0.257735,-0.578058,0.470859,0.034916,-0.516801,0.256461,0.450505,-1.732861,1.650327,3.743762,-0.548689,0.386042,0.177318,-0.623023,0.105699,-0.218950,-0.000497,0.274430
21.217033,1.524429,0.045132,-0.521003,0.779092,-1.057218,0.752803,0.278644,0.892978,-0.301756,0.083642,0.261349,-0.577516,0.470474,0.034681,-0.516425,0.256631,0.449885,-1.732754,1.650114,3.743761,-0.548423,0.381976,0.176073,-0.624587,0.106242,-0.217317,-0.000901,0.272278
21.218054,1.524700,0.047782,-0.522029,0.779604,-1.057167,0.752721,0.279775,0.891448,-0.298877,0.082372,0.264238,-0.577076,0.469774,0.034488,-0.516041,0.256807,0.449262,-1.732643,1.649900,3.743760,-0.548151,0.383214,0.175697,-0.623562,0.107827,-0.215227,-0.001907,0.272180
21.219051,1.529035,0.042903,-0.518495,0.779832,-1.058577,0.753579,0.280343,0.895520,-0.293099,0.085407,0.264268,-0.576481,0.468766,0.034291,-0.515660,0.256978,0.448644,-1.732537,1.649688,3.743760,-0.547890,0.382280,0.173460,-0.620302,0.107162,-0.214922,-0.001869,0.269332
21.220004,1.526210,0.040123,-0.519846,0.781314,-1.059629,0.753097,0.280397,0.898854,-0.283102,0.087453,0.261884,-0.575780,0.467604,0.034056,-0.515284,0.257153,0.448030,-1.732431,1.649479,3.743756,-0.547623,0.379283,0.174957,-0.619298,0.106740,-0.213104,-0.002766,0.267605
21.221045,1.519720,0.040143,-0.513376,0.781483,-1.056538,0.751813,0.280801,0.900243,-0.274565,0.087901,0.260422,-0.575447,0.466572,0.033769,-0.514904,0.257332,0.447422,-1.732330,1.649267,3.743755,-0.547360,0.379717,0.175274,-0.615674,0.105048,-0.211567,-0.002316,0.266903
21.221995,1.524350,0.039989,-0.514551,0.779846,-1.056857,0.751044,0.280074,0.894858,-0.270286,0.082929,0.262239,-0.575703,0.465949,0.033415,-0.514518,0.257506,0.446803,-1.732225,1.649052,3.743758,-0.547097,0.382219,0.174343,-0.616298,0.104840,-0.214327,-0.001099,0.265531
21.223017,1.526379,0.036931,-0.511920,0.780438,-1.058862,0.750882,0.280869,0.880001,-0.266375,0.070106,0.265712,-0.576226,0.465656,0.033002,-0.514149,0.257673,0.446200,-1.732117,1.648842,3.743758,-0.546831,0.378947,0.173487,-0.612792,0.106129,-0.213495,-0.000382,0.266390
21.224090,1.528145,0.035414,-0.512704,0.780081,-1.058192,0.749917,0.280734,0.859782,-0.260885,0.052752,0.269069,-0.576813,0.465488,0.032566,-0.513776,0.257851,0.445592,-1.732010,1.648633,3.743756,-0.546575,0.377271,0.174054,-0.611533,0.105362,-0.211127,-0.000268,0.264227
21.225042,1.523214,0.037785,-0.512464,0.780786,-1.057705,0.749521,0.279976,0.838232,-0.256154,0.034336,0.272920,-0.577577,0.465417,0.032155,-0.513400,0.258023,0.444996,-1.731904,1.648420,3.743759,-0.546312,0.375870,0.173957,-0.608898,0.105715,-0.211526,0.000626,0.263972
21.225987,1.522752,0.033460,-0.513428,0.781982,-1.058582,0.748878,0.281220,0.813342,-0.251182,0.013076,0.277179,-0.578396,0.465458,0.031796,-0.513027,0.258191,0.444392,-1.731800,1.648210,3.743761,-0.546045,0.377420,0.171809,-0.606133,0.104754,-0.211531,0.000955,0.264876
21.227062,1.521592,0.032978,-0.515133,0.780300,-1.057260,0.749811,0.279466,0.779830,-0.244090,-0.015561,0.281905,-0.579088,0.465683,0.031488,-0.512651,0.258367,0.443791,-1.731698,1.648002,3.743761,-0.545793,0.376632,0.172967,-0.602782,0.103346,-0.210177,0.001549,0.261785
21.228069,1.518981,0.031922,-0.512263,0.783503,-1.057716,0.749701,0.280191,0.735816,-0.236491,-0.053037,0.287942,-0.579618,0.466246,0.031237,-0.512271,0.258537,0.443202,-1.731590,1.647792,3.743758,-0.545521,0.376652,0.172366,-0.599797,0.104993,-0.211253,0.000559,0.264777
21.229020,1.523374,0.028654,-0.510656,0.782795,-1.061592,0.750009,0.280258,0.682410,-0.229313,-0.098349,0.295201,-0.579875,0.467189,0.031058,-0.511897,0.258709,0.442606,-1.731492,1.647584,3.743760,-0.545261,0.377218,0.171979,-0.598721,0.101762,-0.210425,0.000620,0.262708
21.230055,1.524658,0.025697,-0.506396,0.783821,-1.064528,0.750638,0.279258,0.624220,-0.224881,-0.147464,0.304346,-0.579993,0.468430,0.030947,-0.511527,0.258880,0.442018,-1.731390,1.647385,3.743758,-0.544999,0.374082,0.172639,-0.596825,0.102313,-0.206148,0.000265,0.261990
21.230988,1.520794,0.024833,-0.507426,0.780664,-1.062916,0.750584,0.278822,0.569287,-0.227062,-0.193395,0.316114,-0.580289,0.469856,0.030888,-0.511160,0.259057,0.441419,-1.731289,1.647187,3.743756,-0.544734,0.372899,0.173175,-0.596532,0.101282,-0.203009,-0.000413,0.263439
21.231981,1.518350,0.021889,-0.502618,0.782771,-1.063892,0.750414,0.278814,0.519920,-0.234736,-0.234258,0.328956,-0.580678,0.471394,0.030866,-0.510780,0.259228,0.440830,-1.731179,1.646984,3.743755,-0.544473,0.373768,0.172600,-0.593197,0.104024,-0.204220,-0.000395,0.263693
21.233062,1.516953,0.019360,-0.509982,0.780526,-1.066641,0.749902,0.281843,0.472108,-0.243897,-0.273615,0.340832,-0.580842,0.473051,0.030846,-0.510404,0.259402,0.440243,-1.731082,1.646781,3.743756,-0.544213,0.374158,0.173120,-0.593154,0.101884,-0.202889,-0.000282,0.263129
21.234055,1.510119,0.017010,-0.505565,0.780805,-1.065193,0.750197,0.280072,0.421664,-0.253409,-0.314997,0.351631,-0.580704,0.474919,0.030781,-0.510032,0.259576,0.439664,-1.730974,1.646586,3.743758,-0.543965,0.374413,0.173512,-0.587424,0.104132,-0.200020,0.000163,0.256530
21.234987,1.516158,0.015333,-0.503268,0.780222,-1.065323,0.749938,0.279889,0.363888,-0.262128,-0.362388,0.361251,-0.580186,0.477117,0.030647,-0.509652,0.259754,0.439074,-1.730872,1.646383,3.743756,-0.543704,0.376984,0.173676,-0.587173,0.103728,-0.201176,-0.000181,0.259590
21.236110,1.514726,0.013259,-0.504345,0.779963,-1.066095,0.750136,0.279890,0.300566,-0.269135,-0.414335,0.368988,-0.579268,0.479555,0.030482,-0.509290,0.259926,0.438498,-1.730765,1.646183,3.743756,-0.543445,0.373022,0.173500,-0.585668,0.103936,-0.200617,0.000033,0.259330
21.237034,1.519268,0.010588,-0.505679,0.779418,-1.066230,0.749518,0.281171,0.239063,-0.274906,-0.464689,0.374391,-0.578082,0.481988,0.030319,-0.508917,0.260099,0.437915,-1.730660,1.645983,3.743756,-0.543192,0.373472,0.173734,-0.583274,0.104322,-0.199754,-0.000228,0.258842
21.237986,1.523399,0.001232,-0.501233,0.781437,-1.066352,0.749153,0.282076,0.182303,-0.279525,-0.511079,0.377328,-0.576695,0.484312,0.030145,-0.508550,0.260273,0.437348,-1.730556,1.645785,3.743756,-0.542937,0.370206,0.174037,-0.580039,0.104557,-0.199222,0.000350,0.255667
21.239044,1.517373,0.004872,-0.504981,0.781464,-1.066025,0.749723,0.281514,0.134174,-0.288109,-0.550005,0.380181,-0.575478,0.486596,0.029961,-0.508193,0.260458,0.436770,-1.730457,1.645583,3.743758,-0.542689,0.367394,0.177607,-0.579725,0.102384,-0.198702,0.000646,0.253323
21.240069,1.519244,-0.001043,-0.507840,0.779995,-1.064096,0.748702,0.281777,0.095253,-0.304449,-0.580751,0.385386,-0.574728,0.488951,0.029772,-0.507816,0.260631,0.436196,-1.730353,1.645385,3.743760,-0.542438,0.369864,0.174842,-0.575781,0.102376,-0.198864,0.000002,0.253970
21.240996,1.515932,-0.009079,-0.498941,0.777746,-1.064604,0.747910,0.282105,0.057444,-0.322584,-0.610402,0.391360,-0.574030,0.491391,0.029555,-0.507447,0.260811,0.435636,-1.730243,1.645181,3.743759,-0.542186,0.368270,0.176846,-0.572342,0.103630,-0.200516,0.000992,0.252904
21.242094,1.516083,-0.010324,-0.504391,0.780022,-1.066772,0.748633,0.281673,0.019065,-0.341055,-0.640470,0.397118,-0.573148,0.493955,0.029290,-0.507078,0.260996,0.435057,-1.730132,1.644978,3.743760,-0.541937,0.368973,0.179701,-0.574156,0.105415,-0.199537,0.001722,0.251688
21.243020,1.510801,-0.013571,-0.499578,0.780364,-1.066979,0.748128,0.283150,-0.016953,-0.363968,-0.668272,0.404232,-0.572328,0.496724,0.028986,-0.506708,0.261172,0.434500,-1.730033,1.644786,3.743759,-0.541684,0.368528,0.179423,-0.569722,0.103319,-0.197309,0.000931,0.252075
21.244087,1.512055,-0.014608,-0.497222,0.781424,-1.069580,0.748171,0.282099,-0.053255,-0.390688,-0.695962,0.413680,-0.571708,0.499677,0.028644,-0.506339,0.261356,0.433930,-1.729930,1.644588,3.743759,-0.541441,0.370204,0.179900,-0.569584,0.102703,-0.196721,0.001399,0.248541
21.245113,1.508703,-0.013114,-0.495893,0.782465,-1.069194,0.749872,0.281409,-0.090674,-0.418730,-0.724298,0.425223,-0.571317,0.502652,0.028275,-0.505969,0.261535,0.433358,-1.729829,1.644399,3.743760,-0.541191,0.369081,0.179473,-0.568788,0.101731,-0.194032,0.001289,0.250202
21.246060,1.509382,-0.014521,-0.494480,0.781506,-1.066830,0.748467,0.281713,-0.127232,-0.444474,-0.751836,0.437310,-0.571084,0.505399,0.027916,-0.505597,0.261707,0.432797,-1.729730,1.644205,3.743758,-0.540938,0.370123,0.177813,-0.567430,0.100716,-0.194256,-0.000469,0.251043
21.247010,1.509102,-0.022190,-0.488615,0.780426,-1.063835,0.748773,0.279575,-0.162792,-0.462893,-0.778809,0.447472,-0.570760,0.507721,0.027603,-0.505235,0.261885,0.432233,-1.729626,1.644004,3.743763,-0.540688,0.368934,0.177459,-0.565710,0.101440,-0.196240,0.000884,0.249863
21.248052,1.504447,-0.017781,-0.488218,0.780355,-1.065309,0.748969,0.279581,-0.194627,-0.474396,-0.803034,0.454771,-0.570270,0.509614,0.027370,-0.504868,0.262068,0.431671,-1.729522,1.643799,3.743761,-0.540424,0.368210,0.180202,-0.566278,0.102277,-0.198820,0.000523,0.253577
21.249054,1.508747,-0.023139,-0.488436,0.780163,-1.062292,0.748900,0.278670,-0.220912,-0.480978,-0.823002,0.459255,-0.569651,0.511152,0.027211,-0.504497,0.262240,0.431111,-1.729417,1.643608,3.743760,-0.540169,0.369982,0.177058,-0.564510,0.102270,-0.197164,0.000276,0.252998
21.250070,1.509857,-0.025740,-0.481540,0.779410,-1.061919,0.750101,0.277411,-0.243860,-0.480553,-0.840781,0.460114,-0.568802,0.512311,0.027059,-0.504132,0.262423,0.430547,-1.729316,1.643404,3.743761,-0.539917,0.367134,0.178722,-0.562233,0.102389,-0.199895,0.000291,0.254300
21.251027,1.516578,-0.025660,-0.481089,0.781424,-1.060545,0.750241,0.275651,-0.260751,-0.475285,-0.854068,0.457801,-0.567860,0.513109,0.026882,-0.503764,0.262600,0.429984,-1.729213,1.643203,3.743759,-0.539653,0.365954,0.179035,-0.563626,0.103086,-0.199966,-0.000968,0.256246
21.252010,1.515076,-0.028452,-0.475243,0.781840,-1.057586,0.750101,0.275235,-0.265381,-0.469025,-0.857508,0.453341,-0.567087,0.513507,0.026704,-0.503411,0.262777,0.429428,-1.729114,1.643002,3.743758,-0.539383,0.361883,0.177952,-0.561532,0.100924,-0.200978,-0.001143,0.259150
21.253065,1.519334,-0.028102,-0.471852,0.782199,-1.056675,0.749599,0.274305,-0.256020,-0.462601,-0.849588,0.447374,-0.566597,0.513427,0.026542,-0.503049,0.262955,0.428860,-1.729015,1.642798,3.743758,-0.539124,0.361985,0.178333,-0.562189,0.100452,-0.203588,-0.001052,0.259382
21.253970,1.516859,-0.029884,-0.473192,0.783591,-1.053162,0.749858,0.271391,-0.234060,-0.455891,-0.831447,0.440160,-0.566359,0.512879,0.026394,-0.502696,0.263129,0.428302,-1.728914,1.642592,3.743758,-0.538860,0.359525,0.177251,-0.562021,0.100175,-0.204224,-0.000603,0.260691
21.255030,1.522130,-0.033641,-0.472325,0.780740,-1.054169,0.749926,0.271113,-0.203684,-0.447491,-0.806631,0.431500,-0.566244,0.511936,0.026262,-0.502336,0.263305,0.427750,-1.728819,1.642378,3.743758,-0.538586,0.359831,0.177067,-0.558852,0.098620,-0.207158,-0.000919,0.265888
21.256039,1.520959,-0.034205,-0.469327,0.783265,-1.054819,0.749366,0.271169,-0.170375,-0.436870,-0.779779,0.421434,-0.566105,0.510806,0.026130,-0.501984,0.263481,0.427201,-1.728714,1.642176,3.743758,-0.538313,0.356871,0.178042,-0.557576,0.101503,-0.205907,-0.001041,0.265800
21.256998,1.515994,-0.036675,-0.470111,0.784261,-1.053704,0.749872,0.269463,-0.135584,-0.425112,-0.752125,0.410225,-0.565898,0.509620,0.025972,-0.501631,0.263657,0.426643,-1.728619,1.641971,3.743762,-0.538048,0.357005,0.177337,-0.557018,0.099013,-0.204931,-0.000552,0.265098
21.257940,1.524367,-0.036006,-0.465531,0.785039,-1.052759,0.750116,0.267573,-0.103132,-0.413533,-0.726762,0.399419,-0.565716,0.508505,0.025810,-0.501267,0.263838,0.426091,-1.728524,1.641769,3.743759,-0.537777,0.358706,0.177499,-0.554386,0.098008,-0.205684,-0.001102,0.267913
21.259024,1.523813,-0.035584,-0.468021,0.785280,-1.051716,0.750206,0.265643,-0.075513,-0.402290,-0.705680,0.389884,-0.565588,0.507509,0.025702,-0.500920,0.264009,0.425543,-1.728426,1.641561,3.743758,-0.537502,0.353788,0.176167,-0.554445,0.097118,-0.206152,-0.001385,0.271041
21.260020,1.533587,-0.037317,-0.463141,0.785463,-1.052331,0.749410,0.265989,-0.048711,-0.389226,-0.685651,0.380061,-0.565391,0.506409,0.025676,-0.500567,0.264181,0.424992,-1.728331,1.641351,3.743757,-0.537222,0.353907,0.175117,-0.551543,0.097141,-0.206944,-0.001526,0.274296
21.261056,1.533376,-0.040911,-0.459833,0.788089,-1.050403,0.748695,0.265350,-0.018717,-0.372884,-0.663444,0.368589,-0.565057,0.505018,0.025704,-0.500227,0.264355,0.424446,-1.728234,1.641147,3.743759,-0.536953,0.348586,0.175039,-0.552029,0.096988,-0.205972,-0.000786,0.272949
21.262057,1.538457,-0.039773,-0.460386,0.786677,-1.050923,0.748312,0.263712,0.019178,-0.357080,-0.634900,0.356786,-0.564871,0.503333,0.025759,-0.499884,0.264532,0.423894,-1.728145,1.640937,3.743759,-0.536674,0.348475,0.175894,-0.551808,0.094639,-0.207595,-0.000126,0.273618
21.263003,1.537644,-0.043976,-0.456610,0.786881,-1.047687,0.748785,0.264165,0.065375,-0.344467,-0.599469,0.346013,-0.565029,0.501449,0.025841,-0.499544,0.264704,0.423344,-1.728046,1.640729,3.743760,-0.536396,0.345552,0.174372,-0.549502,0.096082,-0.206675,0.000195,0.276274
21.263968,1.539668,-0.048358,-0.452573,0.785421,-1.047918,0.747874,0.262026,0.116090,-0.332967,-0.560407,0.335401,-0.565346,0.499450,0.025938,-0.499198,0.264880,0.422799,-1.727950,1.640515,3.743761,-0.536125,0.345349,0.175452,-0.549223,0.095788,-0.209427,-0.000344,0.274690
21.265091,1.549507,-0.045580,-0.449406,0.785763,-1.047490,0.747850,0.262772,0.169608,-0.323650,-0.519070,0.325172,-0.565757,0.497496,0.026036,-0.498860,0.265058,0.422248,-1.727848,1.640309,3.743759,-0.535835,0.343860,0.176601,-0.549057,0.097097,-0.208746,0.000542,0.278313
21.265991,1.548516,-0.047519,-0.448777,0.786507,-1.048668,0.747310,0.261578,0.228660,-0.317152,-0.473078,0.315109,-0.566265,0.495527,0.026150,-0.498529,0.265229,0.421696,-1.727753,1.640095,3.743759,-0.535564,0.339107,0.174398,-0.549172,0.097102,-0.208962,0.000497,0.276207
21.266993,1.551236,-0.046731,-0.439094,0.786084,-1.047512,0.748266,0.260070,0.295320,-0.310404,-0.420780,0.303842,-0.566804,0.493284,0.026288,-0.498193,0.265402,0.421160,-1.727658,1.639891,3.743762,-0.535282,0.338970,0.174331,-0.547166,0.096193,-0.207261,0.000972,0.277932
21.268088,1.553279,-0.050376,-0.437408,0.786321,-1.049641,0.747855,0.259517,0.367234,-0.302039,-0.364121,0.291457,-0.567374,0.490746,0.026446,-0.497859,0.265573,0.420601,-1.727559,1.639679,3.743760,-0.534998,0.337301,0.173011,-0.549943,0.096608,-0.208031,-0.000040,0.280289
21.269058,1.560339,-0.052211,-0.436452,0.788436,-1.048540,0.748175,0.257855,0.443704,-0.293230,-0.303535,0.278635,-0.568024,0.487991,0.026612,-0.497525,0.265747,0.420058,-1.727463,1.639478,3.743763,-0.534719,0.336353,0.174010,-0.549263,0.096646,-0.205736,0.000312,0.280779
21.270082,1.564770,-0.050457,-0.435375,0.788637,-1.047084,0.747859,0.258581,0.524429,-0.287607,-0.239000,0.267225,-0.568946,0.485180,0.026774,-0.497202,0.265921,0.419512,-1.727371,1.639270,3.743761,-0.534430,0.332524,0.173930,-0.547634,0.094601,-0.206440,-0.000058,0.283426
21.271020,1.560871,-0.053019,-0.432903,0.787228,-1.045852,0.747973,0.258775,0.608065,-0.286081,-0.171589,0.258051,-0.570173,0.482366,0.026923,-0.496875,0.266089,0.418964,-1.727278,1.639062,3.743763,-0.534155,0.330201,0.172172,-0.546301,0.094608,-0.207566,0.000200,0.281309
21.272010,1.560014,-0.054132,-0.427024,0.789690,-1.045430,0.748522,0.258083,0.690504,-0.284592,-0.105024,0.249331,-0.571328,0.479514,0.027037,-0.496542,0.266262,0.418424,-1.727180,1.638849,3.743760,-0.533876,0.331685,0.172470,-0.545355,0.095870,-0.208261,0.000051,0.280255
21.273029,1.563443,-0.054894,-0.428229,0.789087,-1.043509,0.747555,0.257381,0.765567,-0.282016,-0.044522,0.240871,-0.572190,0.476809,0.027116,-0.496211,0.266435,0.417873,-1.727089,1.638639,3.743756,-0.533594,0.331801,0.172060,-0.546244,0.093532,-0.208270,-0.000536,0.280996
21.274077,1.567461,-0.052815,-0.424741,0.790736,-1.045662,0.748435,0.257405,0.831174,-0.279899,0.008322,0.233715,-0.572804,0.474386,0.027199,-0.495884,0.266604,0.417336,-1.726994,1.638427,3.743757,-0.533312,0.329931,0.171561,-0.543855,0.094301,-0.209824,0.000387,0.281751
21.274986,1.570268,-0.058073,-0.421352,0.790624,-1.043299,0.747857,0.257483,0.889010,-0.276998,0.054838,0.227061,-0.573118,0.472124,0.027314,-0.495561,0.266770,0.416789,-1.726904,1.638224,3.743756,-0.533027,0.327943,0.169703,-0.543856,0.092934,-0.207395,-0.000561,0.281047
21.275937,1.573823,-0.060179,-0.416319,0.791468,-1.043654,0.749021,0.258204,0.942451,-0.273775,0.097790,0.220636,-0.573224,0.469932,0.027466,-0.495240,0.266947,0.416243,-1.726810,1.638015,3.743758,-0.532749,0.326069,0.171280,-0.543178,0.092940,-0.209255,-0.000031,0.280202
21.276989,1.572757,-0.061935,-0.411960,0.792555,-1.043360,0.747622,0.255796,0.995156,-0.274831,0.140422,0.215959,-0.573425,0.467912,0.027653,-0.494920,0.267119,0.415703,-1.726721,1.637802,3.743756,-0.532473,0.323979,0.171333,-0.543584,0.092201,-0.208371,-0.001250,0.278093
21.277985,1.575491,-0.066213,-0.409664,0.795066,-1.040775,0.747488,0.255774,1.048186,-0.282774,0.183725,0.214031,-0.573950,0.466138,0.027887,-0.494596,0.267292,0.415155,-1.726631,1.637591,3.743758,-0.532178,0.324568,0.171321,-0.544017,0.091441,-0.208361,0.000106,0.282288
21.278981,1.574662,-0.068480,-0.405497,0.795194,-1.039946,0.747181,0.256400,1.099561,-0.298628,0.226085,0.215822,-0.574990,0.464679,0.028174,-0.494273,0.267466,0.414618,-1.726548,1.637378,3.743755,-0.531900,0.323008,0.172514,-0.543276,0.089258,-0.210531,0.000195,0.281641
21.279996,1.575764,-0.070831,-0.405656,0.796416,-1.039603,0.747487,0.256818,1.147167,-0.323570,0.265796,0.222269,-0.576676,0.463664,0.028472,-0.493953,0.267639,0.414075,-1.726459,1.637165,3.743754,-0.531621,0.323300,0.172684,-0.543425,0.089370,-0.210922,0.000454,0.279731
21.281013,1.571685,-0.071385,-0.404019,0.797866,-1.036521,0.746076,0.256384,1.188584,-0.355807,0.300752,0.232658,-0.578908,0.463147,0.028722,-0.493629,0.267812,0.413533,-1.726374,1.636957,3.743753,-0.531349,0.322623,0.172942,-0.541478,0.088484,-0.210913,0.000096,0.278287
21.281982,1.571460,-0.074063,-0.405506,0.799941,-1.031256,0.746606,0.256225,1.219329,-0.391444,0.327056,0.245660,-0.581455,0.463120,0.028910,-0.493301,0.267982,0.413001,-1.726289,1.636742,3.743757,-0.531066,0.324536,0.172318,-0.540593,0.087395,-0.213599,0.001443,0.278521
21.283084,1.571433,-0.074048,-0.400364,0.798800,-1.029533,0.746569,0.258431,1.234597,-0.427398,0.340619,0.260588,-0.584091,0.463581,0.029038,-0.492980,0.268157,0.412466,-1.726205,1.636509,3.743755,-0.530787,0.324376,0.172658,-0.537866,0.085583,-0.218209,0.000854,0.278176
21.284037,1.575827,-0.072378,-0.399830,0.801273,-1.025990,0.746539,0.257901,1.234453,-0.461167,0.341364,0.276145,-0.586563,0.464448,0.029088,-0.492653,0.268328,0.411921,-1.726117,1.636289,3.743756,-0.530525,0.324560,0.171837,-0.538984,0.087254,-0.219588,0.000832,0.273187
21.284973,1.578133,-0.078364,-0.400341,0.803261,-1.024691,0.747067,0.257205,1.224806,-0.489133,0.333978,0.289789,-0.588622,0.465394,0.029068,-0.492338,0.268494,0.411393,-1.726036,1.636059,3.743757,-0.530251,0.322102,0.170085,-0.537267,0.085050,-0.222466,0.000806,0.273655
21.286065,1.575575,-0.077470,-0.397360,0.804225,-1.020642,0.747816,0.258106,1.210933,-0.512122,0.322906,0.301816,-0.590397,0.466252,0.029021,-0.492018,0.268672,0.410860,-1.725955,1.635837,3.743757,-0.529976,0.320603,0.172039,-0.534910,0.083334,-0.223122,0.000223,0.274391
21.286976,1.572510,-0.077766,-0.399586,0.804611,-1.016388,0.747485,0.258801,1.193617,-0.534401,0.309023,0.314637,-0.592176,0.467184,0.028959,-0.491692,0.268840,0.410330,-1.725874,1.635598,3.743756,-0.529710,0.322063,0.170776,-0.535074,0.083001,-0.226671,-0.000581,0.272009
21.287989,1.571807,-0.081853,-0.402831,0.805561,-1.015716,0.747490,0.259264,1.169242,-0.553823,0.289186,0.327589,-0.593738,0.468245,0.028873,-0.491369,0.269009,0.409805,-1.725790,1.635360,3.743756,-0.529440,0.323092,0.169931,-0.531810,0.082741,-0.230106,-0.000288,0.269969
21.289044,1.574246,-0.078885,-0.401668,0.807450,-1.013569,0.747324,0.258094,1.132705,-0.567574,0.258975,0.339757,-0.594836,0.469498,0.028772,-0.491042,0.269186,0.409278,-1.725708,1.635131,3.743758,-0.529179,0.323284,0.171025,-0.528512,0.082221,-0.230176,-0.000360,0.268483
21.289956,1.575146,-0.082223,-0.398497,0.809183,-1.012183,0.746848,0.258813,1.084100,-0.576308,0.218467,0.351477,-0.595563,0.470949,0.028685,-0.490719,0.269350,0.408755,-1.725631,1.634896,3.743760,-0.528905,0.322090,0.168733,-0.527685,0.080961,-0.231795,-0.000263,0.270258
21.290934,1.571488,-0.081825,-0.399646,0.809725,-1.011166,0.748315,0.258692,0.973017,-0.582070,0.125340,0.373396,-0.596558,0.473637,0.028577,-0.490080,0.269684,0.407711,-1.725474,1.634428,3.743756,-0.528376,0.322857,0.168341,-0.524821,0.079400,-0.232731,-0.001344,0.267814
21.292087,1.577150,-0.077366,-0.401466,0.811144,-1.009680,0.747342,0.259147,0.973017,-0.582070,0.125340,0.373396,-0.596558,0.473637,0.028577,-0.490080,0.269684,0.407711,-1.725474,1.634428,3.743756,-0.528376,0.322857,0.168341,-0.524821,0.079400,-0.232731,-0.001344,0.267814
21.292965,1.581755,-0.082490,-0.400853,0.814261,-1.007987,0.748347,0.259810,0.913243,-0.577691,0.074970,0.382423,-0.596753,0.474731,0.028529,-0.489766,0.269845,0.407191,-1.725397,1.634191,3.743757,-0.528108,0.320502,0.165469,-0.522969,0.078842,-0.233820,-0.000418,0.266367
21.293933,1.581090,-0.080936,-0.403079,0.815052,-1.004607,0.747707,0.258203,0.854072,-0.566563,0.024853,0.388765,-0.596662,0.475470,0.028488,-0.489451,0.270014,0.406672,-1.725327,1.633954,3.743755,-0.527847,0.317677,0.167051,-0.521079,0.076081,-0.234638,-0.001479,0.264403
21.294998,1.579240,-0.084891,-0.402057,0.815232,-1.002128,0.747522,0.258276,0.799012,-0.553519,-0.021868,0.394310,-0.596588,0.475967,0.028453,-0.489131,0.270173,0.406165,-1.725255,1.633706,3.743757,-0.527576,0.317799,0.165420,-0.518313,0.075873,-0.237208,-0.000884,0.267035
21.295985,1.581702,-0.083725,-0.413532,0.817611,-1.000591,0.747254,0.257651,0.745392,-0.539879,-0.067382,0.399391,-0.596478,0.476418,0.028397,-0.488814,0.270341,0.405649,-1.725178,1.633463,3.743759,-0.527309,0.318887,0.166614,-0.517548,0.076379,-0.239068,-0.000773,0.266292
21.296998,1.582928,-0.080519,-0.411285,0.819882,-0.996493,0.748142,0.258674,0.687947,-0.524836,-0.116098,0.403596,-0.596125,0.476994,0.028293,-0.488499,0.270504,0.405156,-1.725109,1.633220,3.743758,-0.527043,0.317521,0.165171,-0.510361,0.074632,-0.239851,-0.000549,0.266956
21.298080,1.582673,-0.083023,-0.408854,0.822697,-0.995166,0.748746,0.258250,0.623596,-0.506156,-0.170669,0.406276,-0.595348,0.477677,0.028150,-0.488184,0.270660,0.404646,-1.725042,1.632973,3.743754,-0.526783,0.316898,0.162836,-0.510084,0.073142,-0.243231,-0.001481,0.264315
21.298996,1.580299,-0.080392,-0.408552,0.825964,-0.994681,0.746479,0.258031,0.555770,-0.483272,-0.228273,0.407058,-0.594096,0.478309,0.028021,-0.487864,0.270824,0.404135,-1.724976,1.632732,3.743752,-0.526521,0.316809,0.163248,-0.509613,0.071051,-0.243771,-0.002121,0.264561
21.299959,1.585492,-0.083553,-0.405107,0.827781,-0.996140,0.747364,0.257904,0.488251,-0.459371,-0.285601,0.407457,-0.592590,0.478860,0.027948,-0.487547,0.270979,0.403638,-1.724915,1.632491,3.743758,-0.526257,0.316702,0.160815,-0.506885,0.067980,-0.242966,0.000110,0.264169
21.301066,1.589042,-0.084105,-0.408598,0.831682,-0.997867,0.746670,0.256593,0.423718,-0.436955,-0.340283,0.408832,-0.591080,0.479283,0.027956,-0.487244,0.271140,0.403133,-1.724852,1.632250,3.743754,-0.525993,0.313077,0.161297,-0.505836,0.066398,-0.240280,-0.000818,0.263605
21.302143,1.589408,-0.084082,-0.404875,0.830536,-0.996307,0.746040,0.257753,0.367047,-0.419742,-0.388090,0.412541,-0.589893,0.479573,0.028064,-0.486937,0.271297,0.402637,-1.724796,1.632021,3.743755,-0.525724,0.310667,0.160598,-0.501857,0.063125,-0.237630,-0.000154,0.265459
21.302933,1.585638,-0.089395,-0.402910,0.829183,-0.994356,0.746336,0.257615,0.319988,-0.408340,-0.427589,0.418319,-0.589068,0.479734,0.028249,-0.486633,0.271452,0.402141,-1.724729,1.631780,3.743755,-0.525465,0.309808,0.159623,-0.501459,0.064640,-0.238154,0.000435,0.262324
21.303994,1.585648,-0.088481,-0.404858,0.830905,-0.993902,0.746370,0.256883,0.280679,-0.399567,-0.460576,0.423615,-0.588225,0.479785,0.028432,-0.486321,0.271616,0.401646,-1.724660,1.631539,3.743755,-0.525204,0.310133,0.161003,-0.499156,0.065781,-0.238675,0.000106,0.261782
21.304986,1.590705,-0.092633,-0.399415,0.832084,-0.989949,0.747345,0.256348,0.245060,-0.392145,-0.490555,0.427288,-0.587131,0.479898,0.028549,-0.486012,0.271768,0.401160,-1.724598,1.631306,3.743753,-0.524942,0.309326,0.159579,-0.495942,0.064446,-0.238103,0.000047,0.262480
21.306043,1.589632,-0.096535,-0.402943,0.832209,-0.990784,0.746440,0.256738,0.212938,-0.386951,-0.517646,0.429864,-0.585890,0.480136,0.028596,-0.485715,0.271931,0.400662,-1.724535,1.631061,3.743751,-0.524677,0.305935,0.160557,-0.496087,0.063561,-0.240871,-0.000964,0.262738
21.307090,1.583066,-0.095579,-0.397857,0.833681,-0.988561,0.746193,0.258612,0.187581,-0.386871,-0.538997,0.432486,-0.584730,0.480539,0.028578,-0.485408,0.272095,0.400174,-1.724474,1.630831,3.743754,-0.524420,0.305708,0.161412,-0.492004,0.063876,-0.238994,-0.000092,0.261179
21.307999,1.578613,-0.094971,-0.392608,0.833552,-0.988692,0.745672,0.258215,0.165283,-0.391719,-0.557671,0.435602,-0.583634,0.481207,0.028466,-0.485094,0.272251,0.399686,-1.724413,1.630591,3.743755,-0.524174,0.308131,0.159916,-0.492281,0.062820,-0.240149,0.000106,0.256680
21.308995,1.589659,-0.099948,-0.395004,0.835280,-0.990093,0.745741,0.257896,0.140635,-0.396294,-0.578281,0.437749,-0.582324,0.482010,0.028269,-0.484786,0.272406,0.399196,-1.724350,1.630356,3.743758,-0.523916,0.309144,0.158515,-0.492102,0.063077,-0.238767,0.000580,0.256716
21.310043,1.587520,-0.100992,-0.394795,0.836979,-0.988724,0.746208,0.259284,0.116641,-0.399443,-0.598261,0.438406,-0.580864,0.482738,0.028057,-0.484494,0.272568,0.398719,-1.724292,1.630126,3.743756,-0.523660,0.302778,0.159929,-0.488523,0.061743,-0.236289,0.000477,0.256583
21.311022,1.582481,-0.104602,-0.394936,0.835461,-0.989061,0.745230,0.260215,0.098756,-0.405438,-0.612854,0.439380,-0.579690,0.483389,0.027863,-0.484192,0.272727,0.398234,-1.724235,1.629890,3.743755,-0.523412,0.303164,0.159391,-0.486382,0.060557,-0.236629,-0.000022,0.253045
21.311980,1.582157,-0.105981,-0.391184,0.835014,-0.990014,0.745672,0.260470,0.083702,-0.414859,-0.624783,0.441412,-0.578842,0.484115,0.027662,-0.483884,0.272890,0.397751,-1.724170,1.629660,3.743754,-0.523170,0.304687,0.160071,-0.483827,0.062322,-0.235186,0.000943,0.250472
21.313065,1.583978,-0.106848,-0.393803,0.839053,-0.988234,0.745974,0.259427,0.066289,-0.424702,-0.638503,0.443258,-0.578008,0.484982,0.027442,-0.483583,0.273050,0.397273,-1.724105,1.629430,3.743756,-0.522924,0.303842,0.159639,-0.483228,0.062910,-0.233118,0.000435,0.249235
21.313998,1.588635,-0.108382,-0.391391,0.838768,-0.988680,0.745637,0.259925,0.047194,-0.434105,-0.653450,0.444639,-0.577110,0.485914,0.027220,-0.483285,0.273208,0.396797,-1.724052,1.629195,3.743754,-0.522670,0.302327,0.159078,-0.479864,0.059519,-0.233929,0.000108,0.250602
21.315005,1.586212,-0.114793,-0.386059,0.837988,-0.988574,0.746717,0.260036,0.029725,-0.443803,-0.666843,0.446255,-0.576254,0.486797,0.027007,-0.482989,0.273368,0.396319,-1.723992,1.628968,3.743756,-0.522426,0.298998,0.158705,-0.478513,0.060088,-0.232346,0.000412,0.248837
21.316096,1.587902,-0.118345,-0.384025,0.837302,-0.988150,0.746892,0.259220,0.018343,-0.455371,-0.675002,0.448215,-0.575488,0.487595,0.026807,-0.482692,0.273531,0.395844,-1.723928,1.628736,3.743755,-0.522180,0.299449,0.160824,-0.478907,0.061151,-0.231387,-0.000713,0.247892
21.317065,1.596766,-0.118063,-0.385165,0.837027,-0.991122,0.746784,0.260028,0.015238,-0.471237,-0.676071,0.450698,-0.574799,0.488439,0.026637,-0.482395,0.273697,0.395366,-1.723863,1.628505,3.743755,-0.521929,0.298014,0.161505,-0.477876,0.062257,-0.230854,-0.000916,0.248814
21.317949,1.591664,-0.123852,-0.377747,0.836576,-0.991012,0.746532,0.259443,0.021806,-0.489975,-0.669011,0.452616,-0.574070,0.489249,0.026513,-0.482110,0.273857,0.394900,-1.723801,1.628289,3.743755,-0.521688,0.292784,0.160235,-0.474977,0.062762,-0.226891,-0.000845,0.246448
21.319061,1.593332,-0.127054,-0.372189,0.836480,-0.990805,0.745560,0.259411,0.039163,-0.508697,-0.653081,0.452697,-0.573229,0.489818,0.026426,-0.481817,0.274024,0.394419,-1.723737,1.628063,3.743755,-0.521440,0.294310,0.161899,-0.475954,0.063293,-0.225867,-0.000618,0.246878
21.319995,1.593445,-0.132927,-0.371428,0.837488,-0.992849,0.745725,0.258070,0.065712,-0.528592,-0.629538,0.451862,-0.572384,0.490210,0.026379,-0.481526,0.274191,0.393937,-1.723673,1.627840,3.743755,-0.521196,0.293008,0.162418,-0.476712,0.063837,-0.225223,0.000316,0.246235
21.320936,1.591306,-0.133516,-0.372365,0.837704,-0.994058,0.745580,0.257719,0.099342,-0.552441,-0.599947,0.451885,-0.571742,0.490585,0.026384,-0.481232,0.274357,0.393473,-1.723612,1.627620,3.743755,-0.520944,0.291995,0.164150,-0.474660,0.063038,-0.222115,0.000112,0.248173
21.321981,1.592133,-0.135390,-0.368923,0.839325,-0.995178,0.745093,0.257731,0.134767,-0.580367,-0.568638,0.453834,-0.571408,0.491095,0.026443,-0.480942,0.274521,0.393005,-1.723549,1.627403,3.743755,-0.520695,0.292173,0.163232,-0.471767,0.063026,-0.219908,0.000226,0.248097
21.322989,1.588937,-0.135809,-0.367404,0.839737,-0.994773,0.745595,0.255889,0.166233,-0.608797,-0.540543,0.457091,-0.571259,0.491735,0.026541,-0.480653,0.274684,0.392538,-1.723490,1.627186,3.743755,-0.520455,0.291154,0.163107,-0.471454,0.061852,-0.217925,0.000680,0.247370
21.323983,1.584198,-0.139107,-0.366111,0.840889,-0.994734,0.745661,0.255288,0.191998,-0.634167,-0.517309,0.460446,-0.571121,0.492379,0.026662,-0.480364,0.274844,0.392069,-1.723429,1.626974,3.743755,-0.520199,0.292062,0.162225,-0.469979,0.061794,-0.217471,0.000128,0.250320
21.324954,1.582619,-0.140690,-0.364709,0.841279,-0.997064,0.746273,0.253714,0.209049,-0.654823,-0.501546,0.463457,-0.570800,0.493066,0.026776,-0.480066,0.275009,0.391600,-1.723370,1.626764,3.743755,-0.519949,0.293590,0.162734,-0.468371,0.061013,-0.216639,0.000031,0.250752
21.325941,1.584225,-0.142861,-0.362027,0.842502,-0.999616,0.746975,0.253159,0.214381,-0.670952,-0.495725,0.466463,-0.570202,0.493922,0.026856,-0.479770,0.275171,0.391142,-1.723311,1.626557,3.743754,-0.519689,0.293483,0.162397,-0.466867,0.060974,-0.213416,-0.000613,0.253126
21.326977,1.585524,-0.146455,-0.358461,0.842630,-0.999532,0.745860,0.251982,0.210634,-0.683700,-0.497621,0.469732,-0.569418,0.494920,0.026891,-0.479484,0.275334,0.390674,-1.723253,1.626354,3.743752,-0.519431,0.291948,0.162354,-0.465946,0.060128,-0.210057,-0.001341,0.253432
21.327984,1.584322,-0.149295,-0.355083,0.842630,-1.003318,0.745144,0.250789,0.204408,-0.694797,-0.501750,0.473291,-0.568613,0.495928,0.026886,-0.479195,0.275500,0.390215,-1.723193,1.626148,3.743754,-0.519175,0.290670,0.163025,-0.465743,0.060447,-0.209393,-0.000254,0.255036
21.328968,1.582483,-0.151325,-0.352952,0.843814,-1.003955,0.745917,0.250155,0.200643,-0.705949,-0.504008,0.477081,-0.567895,0.496857,0.026834,-0.478906,0.275663,0.389751,-1.723134,1.625950,3.743756,-0.518915,0.290588,0.163333,-0.465272,0.060832,-0.204838,0.000408,0.256636
21.330017,1.582593,-0.152718,-0.352355,0.842918,-1.005877,0.745532,0.249186,0.199341,-0.717431,-0.504394,0.481021,-0.567276,0.497703,0.026724,-0.478617,0.275825,0.389287,-1.723075,1.625752,3.743755,-0.518656,0.290741,0.163221,-0.464100,0.060010,-0.203479,-0.000406,0.257107
21.331084,1.583714,-0.152650,-0.351595,0.843479,-1.007254,0.745284,0.249965,0.198139,-0.727723,-0.504934,0.484510,-0.566630,0.498472,0.026555,-0.478325,0.275985,0.388828,-1.723013,1.625559,3.743755,-0.518393,0.290047,0.162878,-0.462433,0.061321,-0.200911,-0.000046,0.258264
21.331965,1.584554,-0.152877,-0.348580,0.845216,-1.009571,0.744299,0.248338,0.196074,-0.733629,-0.506595,0.485874,-0.565726,0.499059,0.026340,-0.478040,0.276144,0.388368,-1.722951,1.625363,3.743755,-0.518140,0.289000,0.161821,-0.460921,0.061188,-0.198901,0.000162,0.255929
21.332991,1.589928,-0.153003,-0.343858,0.846591,-1.012295,0.746265,0.247721,0.194124,-0.733141,-0.508637,0.484236,-0.564501,0.499298,0.026106,-0.477756,0.276305,0.387906,-1.722894,1.625178,3.743756,-0.517879,0.287581,0.160737,-0.459880,0.059659,-0.195823,0.001115,0.258408
21.334108,1.590563,-0.155784,-0.343477,0.845780,-1.014857,0.746754,0.246423,0.196363,-0.727332,-0.507575,0.480212,-0.563166,0.499051,0.025905,-0.477479,0.276460,0.387451,-1.722836,1.624995,3.743750,-0.517617,0.284377,0.159803,-0.460264,0.058733,-0.192540,-0.000884,0.258835
21.335014,1.586014,-0.156262,-0.338478,0.847288,-1.018785,0.746675,0.245432,0.206889,-0.718460,-0.499919,0.474385,-0.561907,0.498334,0.025770,-0.477195,0.276621,0.386993,-1.722773,1.624810,3.743751,-0.517356,0.283741,0.160199,-0.458729,0.060073,-0.189515,-0.001401,0.260685
21.336083,1.589484,-0.159500,-0.336036,0.845464,-1.018702,0.746058,0.245737,0.223215,-0.707941,-0.487673,0.467335,-0.560758,0.497363,0.025689,-0.476909,0.276776,0.386541,-1.722718,1.624637,3.743752,-0.517087,0.285084,0.159324,-0.458896,0.058849,-0.184964,-0.001353,0.261813
21.337019,1.593780,-0.157559,-0.335500,0.846624,-1.019564,0.745641,0.244433,0.241816,-0.696334,-0.473662,0.459456,-0.559691,0.496301,0.025633,-0.476631,0.276938,0.386086,-1.722651,1.624456,3.743753,-0.516829,0.282918,0.159913,-0.458272,0.061039,-0.184601,-0.000775,0.260417
21.338052,1.593926,-0.155229,-0.336875,0.846616,-1.019598,0.745791,0.244321,0.264113,-0.682505,-0.456704,0.449722,-0.558594,0.495070,0.025584,-0.476355,0.277094,0.385632,-1.722594,1.624279,3.743754,-0.516566,0.280018,0.157823,-0.456249,0.060158,-0.183119,-0.000399,0.262240
21.339028,1.594537,-0.158978,-0.337367,0.848476,-1.020152,0.744486,0.242929,0.289680,-0.662329,-0.437340,0.436295,-0.557248,0.493487,0.025528,-0.476076,0.277245,0.385188,-1.722532,1.624099,3.743754,-0.516304,0.279463,0.155715,-0.453727,0.060542,-0.182579,-0.000592,0.261653
21.340062,1.595008,-0.158142,-0.335120,0.849936,-1.020020,0.745283,0.243864,0.313938,-0.634704,-0.419396,0.419513,-0.555616,0.491612,0.025444,-0.475803,0.277406,0.384740,-1.722474,1.623918,3.743756,-0.516036,0.278549,0.156506,-0.451422,0.059044,-0.181421,0.000680,0.263639
21.340995,1.592489,-0.160496,-0.336980,0.850298,-1.019909,0.745576,0.244387,0.334345,-0.604092,-0.404741,0.402139,-0.553953,0.489689,0.025324,-0.475526,0.277556,0.384294,-1.722419,1.623741,3.743755,-0.515780,0.277828,0.155122,-0.450715,0.058128,-0.181075,-0.000166,0.260959
21.341979,1.591991,-0.162087,-0.339822,0.849450,-1.020654,0.745449,0.242441,0.349410,-0.573275,-0.394438,0.385841,-0.552383,0.487891,0.025165,-0.475252,0.277712,0.383850,-1.722361,1.623561,3.743755,-0.515522,0.278375,0.155231,-0.447599,0.058057,-0.180541,-0.000487,0.259127
21.343154,1.592396,-0.164398,-0.336887,0.850129,-1.020094,0.745353,0.240737,0.355343,-0.542240,-0.391603,0.370720,-0.550790,0.486397,0.024960,-0.474972,0.277867,0.383410,-1.722298,1.623388,3.743756,-0.515255,0.277963,0.154977,-0.444220,0.059178,-0.179273,-0.000400,0.262247
21.344056,1.588058,-0.168605,-0.330700,0.850279,-1.018764,0.745058,0.240182,0.351756,-0.511498,-0.396576,0.356638,-0.549107,0.485285,0.024733,-0.474693,0.278023,0.382966,-1.722238,1.623210,3.743755,-0.514985,0.277630,0.155253,-0.444384,0.059178,-0.179524,-0.000337,0.264867
21.345023,1.590326,-0.170152,-0.334055,0.852740,-1.019787,0.743554,0.238714,0.343166,-0.483899,-0.405498,0.344304,-0.547461,0.484528,0.024508,-0.474415,0.278180,0.382519,-1.722179,1.623030,3.743755,-0.514716,0.278957,0.156230,-0.445171,0.059229,-0.180180,-0.000077,0.265106
21.346117,1.591233,-0.172696,-0.328389,0.850819,-1.020131,0.743418,0.238556,0.332276,-0.462833,-0.415898,0.335358,-0.546107,0.484130,0.024288,-0.474141,0.278336,0.382082,-1.722124,1.622856,3.743758,-0.514447,0.277164,0.155927,-0.441487,0.057181,-0.178594,0.001387,0.267230
21.346993,1.593430,-0.176211,-0.325378,0.851412,-1.021009,0.744448,0.236971,0.321207,-0.448399,-0.426015,0.329908,-0.545162,0.483967,0.024076,-0.473868,0.278491,0.381641,-1.722059,1.622680,3.743758,-0.514181,0.276449,0.156261,-0.442790,0.059560,-0.177856,0.001473,0.266732
21.348006,1.592892,-0.177260,-0.318815,0.851918,-1.022693,0.744950,0.235855,0.315025,-0.439555,-0.431789,0.326572,-0.544616,0.483858,0.023890,-0.473597,0.278650,0.381202,-1.722001,1.622509,3.743755,-0.513909,0.274489,0.156851,-0.441976,0.059118,-0.176350,0.000418,0.269064
21.349036,1.593563,-0.174768,-0.321294,0.854058,-1.021257,0.745011,0.235526,0.317678,-0.436376,-0.430018,0.324828,-0.544535,0.483711,0.023745,-0.473322,0.278805,0.380759,-1.721943,1.622340,3.743754,-0.513633,0.274250,0.156346,-0.443395,0.059036,-0.174227,-0.000109,0.270439
21.349971,1.591823,-0.179696,-0.320093,0.854439,-1.021377,0.745763,0.233917,0.327695,-0.435993,-0.422101,0.323918,-0.544839,0.483427,0.023625,-0.473049,0.278957,0.380325,-1.721888,1.622162,3.743755,-0.513361,0.273467,0.154131,-0.440394,0.057436,-0.175193,-0.000206,0.270253
21.351048,1.593867,-0.179407,-0.315857,0.856281,-1.021505,0.745128,0.234254,0.339193,-0.435213,-0.413086,0.323298,-0.545322,0.483045,0.023490,-0.472776,0.279117,0.379886,-1.721832,1.621992,3.743755,-0.513086,0.273633,0.155483,-0.438913,0.057405,-0.174516,-0.001002,0.272635
21.352096,1.594176,-0.181480,-0.314417,0.856197,-1.022222,0.744732,0.231495,0.349572,-0.435242,-0.405105,0.323861,-0.545981,0.482715,0.023315,-0.472507,0.279269,0.379449,-1.721779,1.621819,3.743755,-0.512818,0.272332,0.154398,-0.439455,0.056216,-0.173991,-0.000389,0.271123
21.352978,1.590899,-0.180483,-0.309790,0.860082,-1.021026,0.745847,0.231682,0.360977,-0.436731,-0.396421,0.325639,-0.546838,0.482386,0.023113,-0.472236,0.279423,0.379008,-1.721720,1.621647,3.743756,-0.512535,0.271812,0.154472,-0.438417,0.056788,-0.172850,-0.000037,0.275836
21.353957,1.587633,-0.179690,-0.307073,0.859844,-1.021347,0.746197,0.230796,0.373190,-0.438790,-0.387261,0.328408,-0.547846,0.481995,0.022918,-0.471961,0.279572,0.378571,-1.721674,1.621475,3.743754,-0.512259,0.272576,0.152911,-0.438494,0.053353,-0.173440,-0.001189,0.274520
21.355089,1.591238,-0.180256,-0.302014,0.859301,-1.022372,0.745035,0.230127,0.382903,-0.439600,-0.380370,0.332001,-0.548883,0.481549,0.022750,-0.471689,0.279721,0.378130,-1.721618,1.621305,3.743751,-0.511979,0.273635,0.151538,-0.437877,0.054059,-0.172613,-0.001551,0.275442
21.356100,1.591822,-0.182573,-0.299403,0.859494,-1.023382,0.744625,0.230406,0.390460,-0.435971,-0.375585,0.334515,-0.549694,0.480926,0.022624,-0.471419,0.279872,0.377686,-1.721560,1.621138,3.743755,-0.511703,0.271674,0.150974,-0.438926,0.055245,-0.171320,-0.000433,0.275960
21.356984,1.592634,-0.185782,-0.296213,0.860238,-1.024418,0.743796,0.229605,0.400865,-0.427723,-0.368778,0.334572,-0.550223,0.479996,0.022548,-0.471147,0.280022,0.377251,-1.721505,1.620969,3.743755,-0.511432,0.270912,0.151183,-0.438432,0.055555,-0.169873,-0.000071,0.274552
21.358106,1.597369,-0.188157,-0.293804,0.861748,-1.021780,0.745070,0.231350,0.416610,-0.418621,-0.357651,0.333410,-0.550705,0.478842,0.022523,-0.470882,0.280175,0.376813,-1.721451,1.620804,3.743756,-0.511151,0.269745,0.151696,-0.437757,0.055104,-0.168284,0.000727,0.275276
21.359071,1.598789,-0.189838,-0.288638,0.861928,-1.022655,0.745039,0.232238,0.438464,-0.413060,-0.341296,0.333047,-0.551406,0.477626,0.022538,-0.470618,0.280325,0.376382,-1.721399,1.620629,3.743754,-0.510892,0.267280,0.152015,-0.437601,0.054362,-0.170605,-0.000594,0.270982
21.359992,1.598091,-0.186283,-0.285079,0.862639,-1.023239,0.745006,0.231861,0.468650,-0.413030,-0.317778,0.334152,-0.552419,0.476396,0.022571,-0.470357,0.280479,0.375941,-1.721344,1.620461,3.743753,-0.510629,0.266092,0.151816,-0.438175,0.054612,-0.169208,-0.000580,0.268414
21.361015,1.598820,-0.185932,-0.285991,0.861993,-1.023537,0.744958,0.231170,0.506676,-0.414990,-0.287706,0.335122,-0.553550,0.475027,0.022607,-0.470090,0.280621,0.375503,-1.721292,1.620299,3.743754,-0.510363,0.265778,0.149072,-0.437807,0.054293,-0.168145,-0.000585,0.268363
21.362014,1.600540,-0.188709,-0.283644,0.865572,-1.025170,0.745423,0.231977,0.547746,-0.411781,-0.255406,0.333055,-0.554387,0.473355,0.022651,-0.469824,0.280766,0.375077,-1.721236,1.620134,3.743754,-0.510086,0.265026,0.148027,-0.435686,0.055456,-0.167471,-0.000573,0.268903
21.362942,1.602770,-0.184976,-0.284340,0.867207,-1.026947,0.745116,0.234578,0.587612,-0.402671,-0.224416,0.328103,-0.554883,0.471489,0.022705,-0.469567,0.280915,0.374644,-1.721190,1.619972,3.743752,-0.509824,0.263821,0.148482,-0.435070,0.052532,-0.165441,-0.001069,0.266467
21.364084,1.606452,-0.191074,-0.279834,0.868296,-1.027722,0.744201,0.234261,0.624993,-0.391518,-0.195588,0.322794,-0.555352,0.469599,0.022741,-0.469308,0.281055,0.374213,-1.721141,1.619813,3.743753,-0.509577,0.262145,0.145687,-0.432683,0.051423,-0.163224,-0.000792,0.260474
21.364963,1.604668,-0.186073,-0.274098,0.869268,-1.027319,0.744915,0.234836,0.661377,-0.380647,-0.167616,0.318339,-0.555991,0.467710,0.022755,-0.469052,0.281206,0.373783,-1.721091,1.619653,3.743755,-0.509319,0.260363,0.147927,-0.433679,0.051204,-0.162276,0.000079,0.260423
21.365979,1.607988,-0.184102,-0.269493,0.868304,-1.027260,0.744509,0.235191,0.699674,-0.371258,-0.138069,0.314623,-0.556812,0.465796,0.022791,-0.468792,0.281343,0.373348,-1.721043,1.619488,3.743754,-0.509065,0.260568,0.144456,-0.434297,0.050661,-0.162129,-0.000678,0.258461
21.367053,1.613549,-0.186699,-0.270824,0.871682,-1.028249,0.743838,0.235543,0.741254,-0.358252,-0.105993,0.308614,-0.557426,0.463609,0.022879,-0.468536,0.281480,0.372919,-1.720990,1.619328,3.743756,-0.508811,0.258599,0.142695,-0.434905,0.052191,-0.161853,-0.000310,0.256995
21.368020,1.614597,-0.183964,-0.267163,0.871258,-1.026712,0.743764,0.237657,0.787054,-0.339018,-0.070680,0.298740,-0.557647,0.461010,0.023021,-0.468286,0.281626,0.372488,-1.720946,1.619168,3.743758,-0.508556,0.255760,0.143164,-0.432668,0.049649,-0.160579,0.000315,0.255545
21.368945,1.616784,-0.186248,-0.270248,0.874831,-1.025817,0.743322,0.236418,0.886868,-0.293279,0.006523,0.273650,-0.557563,0.455213,0.023402,-0.467781,0.281904,0.371634,-1.720851,1.618842,3.743759,-0.508065,0.253298,0.141187,-0.429115,0.047648,-0.162124,0.000754,0.252342
21.370047,1.617604,-0.189775,-0.268893,0.877581,-1.026830,0.742844,0.238078,0.886868,-0.293279,0.006523,0.273650,-0.557563,0.455213,0.023402,-0.467781,0.281904,0.371634,-1.720851,1.618842,3.743759,-0.508065,0.253298,0.141187,-0.429115,0.047648,-0.162124,0.000754,0.252342
21.370988,1.617841,-0.187025,-0.266371,0.877253,-1.026796,0.743447,0.237065,0.932870,-0.272987,0.042118,0.262771,-0.557556,0.452512,0.023603,-0.467530,0.282047,0.371205,-1.720810,1.618685,3.743758,-0.507827,0.252907,0.142157,-0.428408,0.045891,-0.160890,0.001202,0.248289
21.371944,1.616010,-0.189839,-0.268848,0.876472,-1.026800,0.744517,0.237806,0.972922,-0.259157,0.073173,0.255890,-0.557837,0.450241,0.023787,-0.467280,0.282178,0.370782,-1.720762,1.618528,3.743756,-0.507575,0.252369,0.139962,-0.427778,0.046808,-0.160522,0.000564,0.249601
21.373058,1.614299,-0.190354,-0.272917,0.879748,-1.026761,0.743817,0.238827,1.005075,-0.247126,0.097818,0.250296,-0.558036,0.448336,0.023923,-0.467030,0.282318,0.370361,-1.720711,1.618369,3.743753,-0.507327,0.252919,0.140519,-0.424704,0.048094,-0.160117,-0.000528,0.247335
21.373970,1.619626,-0.190803,-0.266629,0.880650,-1.026410,0.744384,0.238005,1.023850,-0.234807,0.111422,0.245119,-0.557950,0.446940,0.023981,-0.466773,0.282459,0.369942,-1.720671,1.618212,3.743753,-0.507093,0.253751,0.140010,-0.421423,0.045809,-0.159971,0.000151,0.244633
21.374977,1.621646,-0.191148,-0.265463,0.882411,-1.026021,0.744619,0.238174,1.029751,-0.224055,0.114483,0.241568,-0.557794,0.446091,0.023984,-0.466527,0.282593,0.369521,-1.720625,1.618051,3.743752,-0.506846,0.250596,0.139381,-0.422643,0.045466,-0.159844,-0.000456,0.245553
21.376069,1.620125,-0.187091,-0.265338,0.883079,-1.025203,0.744609,0.237803,1.032081,-0.215860,0.114706,0.239495,-0.557810,0.445509,0.023998,-0.466284,0.282732,0.369097,-1.720583,1.617889,3.743753,-0.506602,0.249462,0.138733,-0.421529,0.044507,-0.159865,-0.000728,0.244475
21.377063,1.626067,-0.190286,-0.266831,0.884846,-1.024087,0.744296,0.237723,1.034262,-0.207334,0.114811,0.237225,-0.557898,0.444951,0.024048,-0.466031,0.282864,0.368674,-1.720538,1.617730,3.743753,-0.506357,0.250201,0.136017,-0.420219,0.044736,-0.160455,-0.000755,0.244525
21.377965,1.630634,-0.190231,-0.260126,0.887411,-1.022955,0.745320,0.238333,1.034269,-0.195397,0.113051,0.233478,-0.557862,0.444326,0.024133,-0.465792,0.283002,0.368262,-1.720496,1.617569,3.743754,-0.506111,0.247056,0.136822,-0.417890,0.043765,-0.161195,-0.000479,0.243946
21.379090,1.629165,-0.191887,-0.260645,0.888110,-1.024044,0.745283,0.237397,1.036245,-0.183567,0.113036,0.229591,-0.557950,0.443634,0.024265,-0.465555,0.283136,0.367839,-1.720458,1.617409,3.743751,-0.505875,0.244407,0.135921,-0.419258,0.041894,-0.161844,-0.001534,0.241995
21.380003,1.633924,-0.189785,-0.264229,0.890511,-1.022131,0.745041,0.237474,1.044080,-0.175984,0.118151,0.227266,-0.558442,0.442920,0.024446,-0.465307,0.283271,0.367427,-1.720414,1.617253,3.743752,-0.505626,0.245287,0.136078,-0.417845,0.042176,-0.160569,-0.001532,0.243188
21.380978,1.635929,-0.191462,-0.261310,0.890740,-1.020916,0.745310,0.236411,1.053807,-0.171621,0.125042,0.226420,-0.559229,0.442261,0.024648,-0.465072,0.283403,0.367017,-1.720377,1.617088,3.743753,-0.505383,0.242553,0.134195,-0.414209,0.040522,-0.161986,-0.001324,0.242270
21.381957,1.630698,-0.194111,-0.261115,0.893302,-1.019449,0.745535,0.235303,1.062198,-0.167996,0.130881,0.226141,-0.560116,0.441648,0.024838,-0.464830,0.283536,0.366601,-1.720334,1.616925,3.743752,-0.505140,0.241349,0.134270,-0.414012,0.041035,-0.162775,-0.001628,0.243698
21.382976,1.637871,-0.192639,-0.260376,0.894327,-1.016756,0.745663,0.237082,1.067422,-0.166088,0.134198,0.226916,-0.561094,0.441193,0.024998,-0.464586,0.283671,0.366197,-1.720298,1.616757,3.743751,-0.504888,0.243751,0.134798,-0.412565,0.039368,-0.163778,-0.001883,0.245150
21.384029,1.636865,-0.194242,-0.264028,0.895710,-1.015785,0.744032,0.236053,1.067316,-0.167383,0.133335,0.229610,-0.562187,0.441038,0.025095,-0.464353,0.283801,0.365785,-1.720260,1.616587,3.743751,-0.504656,0.240112,0.133328,-0.411454,0.039273,-0.166052,-0.002047,0.240866
21.385076,1.634424,-0.196134,-0.262264,0.898514,-1.015253,0.744211,0.237137,1.062593,-0.170147,0.128808,0.233275,-0.563258,0.441071,0.025105,-0.464110,0.283934,0.365387,-1.720220,1.616420,3.743756,-0.504412,0.240627,0.133436,-0.408404,0.038829,-0.166644,-0.000462,0.242269
21.385991,1.636279,-0.197466,-0.259740,0.900356,-1.016060,0.744152,0.237139,1.051230,-0.174526,0.118953,0.238221,-0.564289,0.441321,0.025032,-0.463869,0.284069,0.364981,-1.720186,1.616252,3.743753,-0.504177,0.241847,0.133636,-0.407992,0.037086,-0.166785,-0.000680,0.239386
21.386943,1.634549,-0.200543,-0.262752,0.900243,-1.013712,0.744961,0.237663,1.032247,-0.183263,0.103119,0.246134,-0.565487,0.441904,0.024910,-0.463630,0.284204,0.364571,-1.720153,1.616091,3.743753,-0.503942,0.240538,0.133450,-0.407432,0.036101,-0.165493,-0.000651,0.238692
21.388075,1.637682,-0.197358,-0.262697,0.900934,-1.012479,0.744739,0.239219,1.007494,-0.197174,0.082867,0.257060,-0.566907,0.442828,0.024769,-0.463385,0.284337,0.364175,-1.720113,1.615921,3.743750,-0.503705,0.241087,0.134191,-0.404373,0.036983,-0.167349,-0.001482,0.236929
21.389070,1.641108,-0.198218,-0.261833,0.902641,-1.011441,0.744685,0.237882,0.977032,-0.212542,0.058055,0.268583,-0.568225,0.443999,0.024615,-0.463149,0.284466,0.363773,-1.720074,1.615750,3.743753,-0.503475,0.239775,0.131972,-0.403439,0.037397,-0.168272,-0.001312,0.233163
21.389962,1.638572,-0.201634,-0.263048,0.903399,-1.012036,0.743429,0.237506,0.943968,-0.224407,0.031055,0.277779,-0.569138,0.445114,0.024465,-0.462915,0.284596,0.363376,-1.720041,1.615582,3.743750,-0.503233,0.237979,0.131693,-0.402476,0.036689,-0.168862,-0.001277,0.235178
21.391082,1.639688,-0.203506,-0.265280,0.905685,-1.011148,0.743563,0.237718,0.910965,-0.233381,0.004149,0.284815,-0.569743,0.446101,0.024325,-0.462678,0.284730,0.362981,-1.720004,1.615415,3.743752,-0.503000,0.238882,0.132550,-0.400136,0.036642,-0.167679,-0.000048,0.235204
21.392022,1.637150,-0.206467,-0.269608,0.905507,-1.008668,0.743164,0.237460,0.875518,-0.243477,-0.024535,0.292010,-0.570274,0.447223,0.024159,-0.462441,0.284864,0.362581,-1.719969,1.615244,3.743751,-0.502771,0.238541,0.132807,-0.398023,0.035533,-0.168269,-0.000236,0.234137
21.392962,1.634226,-0.207172,-0.265566,0.907060,-1.010773,0.742808,0.238910,0.833866,-0.256272,-0.058048,0.300465,-0.570723,0.448703,0.023930,-0.462199,0.284999,0.362196,-1.719931,1.615069,3.743752,-0.502538,0.239506,0.133466,-0.394404,0.036501,-0.170176,0.000132,0.233965
21.394023,1.635289,-0.210951,-0.264660,0.906305,-1.009953,0.742800,0.237284,0.784115,-0.270775,-0.097991,0.309799,-0.570924,0.450580,0.023634,-0.461958,0.285132,0.361799,-1.719896,1.614906,3.743751,-0.502313,0.240656,0.132988,-0.394893,0.035792,-0.167567,0.000458,0.230372
21.394970,1.639822,-0.211503,-0.270007,0.908228,-1.008704,0.742696,0.237461,0.729499,-0.286273,-0.141697,0.319325,-0.570842,0.452724,0.023319,-0.461716,0.285271,0.361405,-1.719854,1.614736,3.743752,-0.502077,0.240119,0.134116,-0.394204,0.037485,-0.168024,0.000420,0.233012
21.395979,1.636565,-0.213649,-0.268565,0.907723,-1.009357,0.741633,0.237594,0.675149,-0.302587,-0.184909,0.328383,-0.570508,0.454988,0.023046,-0.461486,0.285403,0.361025,-1.719820,1.614564,3.743753,-0.501849,0.237666,0.133581,-0.390150,0.036429,-0.168741,0.000487,0.231949
21.396954,1.641842,-0.216658,-0.270509,0.908911,-1.008388,0.743176,0.236016,0.622336,-0.318365,-0.226629,0.336337,-0.569892,0.457267,0.022837,-0.461242,0.285539,0.360636,-1.719779,1.614398,3.743758,-0.501623,0.239178,0.133882,-0.389660,0.037772,-0.167660,0.001496,0.231034
21.397993,1.647300,-0.218439,-0.267328,0.909143,-1.006709,0.742560,0.237213,0.571790,-0.333306,-0.266267,0.343112,-0.569052,0.459513,0.022700,-0.461008,0.285672,0.360257,-1.719740,1.614225,3.743754,-0.501385,0.236365,0.134608,-0.387417,0.037392,-0.168122,-0.000085,0.233517
21.399010,1.640158,-0.221415,-0.267715,0.909565,-1.007863,0.742789,0.236504,0.529045,-0.348932,-0.299203,0.348968,-0.568189,0.461633,0.022641,-0.460782,0.285805,0.359872,-1.719699,1.614051,3.743753,-0.501157,0.233454,0.134666,-0.387536,0.037880,-0.169198,0.000526,0.230344
21.399981,1.644214,-0.224159,-0.267623,0.909604,-1.004079,0.742759,0.235646,0.496113,-0.365480,-0.323790,0.354058,-0.567424,0.463564,0.022639,-0.460541,0.285942,0.359488,-1.719662,1.613889,3.743753,-0.500927,0.235984,0.135063,-0.384934,0.037831,-0.167182,0.000271,0.230913
21.401021,1.640958,-0.226523,-0.257134,0.909830,-1.003690,0.742337,0.234359,0.467806,-0.382093,-0.344393,0.358722,-0.566739,0.465424,0.022676,-0.460311,0.286076,0.359114,-1.719621,1.613713,3.743754,-0.500695,0.232863,0.135353,-0.382619,0.038025,-0.169999,0.000282,0.231737
21.402093,1.637581,-0.228959,-0.258315,0.908862,-1.002521,0.743432,0.232766,0.444444,-0.398550,-0.360850,0.362969,-0.566149,0.467183,0.022755,-0.460076,0.286211,0.358723,-1.719582,1.613543,3.743757,-0.500456,0.233559,0.135474,-0.385499,0.038148,-0.169465,0.000671,0.233400
21.403062,1.635614,-0.230448,-0.254232,0.907844,-1.000730,0.742184,0.232002,0.427575,-0.414207,-0.371985,0.366353,-0.565605,0.468758,0.022868,-0.459839,0.286344,0.358353,-1.719538,1.613371,3.743753,-0.500219,0.234309,0.135671,-0.382764,0.039418,-0.169752,-0.000436,0.235684
21.403943,1.627071,-0.232708,-0.253463,0.907462,-1.001451,0.742402,0.230719,0.412965,-0.426559,-0.381434,0.367932,-0.564859,0.470192,0.022981,-0.459608,0.286479,0.357971,-1.719496,1.613198,3.743754,-0.499982,0.234226,0.135313,-0.382366,0.040630,-0.170569,0.000812,0.236282
21.405078,1.627773,-0.239045,-0.254388,0.908836,-1.002408,0.742082,0.231041,0.395258,-0.433102,-0.393765,0.367028,-0.563692,0.471535,0.023072,-0.459365,0.286615,0.357593,-1.719452,1.613032,3.743755,-0.499743,0.237174,0.135292,-0.380121,0.041038,-0.168843,0.000561,0.237930
21.406061,1.623874,-0.239336,-0.251368,0.906517,-1.001676,0.741575,0.230594,0.369998,-0.436411,-0.412563,0.365720,-0.562283,0.472995,0.023139,-0.459131,0.286757,0.357224,-1.719413,1.612870,3.743755,-0.499512,0.235985,0.137395,-0.377716,0.040125,-0.167141,0.000863,0.236368
21.406980,1.618663,-0.240453,-0.250051,0.905616,-1.002691,0.743111,0.231134,0.337366,-0.439934,-0.437528,0.365851,-0.560886,0.474680,0.023180,-0.458896,0.286891,0.356849,-1.719365,1.612703,3.743758,-0.499273,0.236883,0.136428,-0.376902,0.042548,-0.166975,0.001340,0.236357
21.408093,1.617463,-0.246802,-0.255109,0.905382,-1.005439,0.743573,0.230252,0.298702,-0.440253,-0.467720,0.365412,-0.559292,0.476406,0.023197,-0.458653,0.287025,0.356476,-1.719321,1.612542,3.743754,-0.499045,0.238203,0.135881,-0.375083,0.043546,-0.165044,-0.000210,0.234376
21.409083,1.614811,-0.244028,-0.248872,0.906233,-1.005143,0.743129,0.229132,0.252259,-0.436001,-0.504700,0.363798,-0.557425,0.478214,0.023203,-0.458416,0.287165,0.356114,-1.719275,1.612385,3.743754,-0.498806,0.237919,0.138001,-0.370621,0.044053,-0.161580,-0.000683,0.235253
21.409946,1.615329,-0.250989,-0.252482,0.904982,-1.004542,0.743910,0.230220,0.198748,-0.429620,-0.547855,0.362440,-0.555534,0.480179,0.023236,-0.458178,0.287297,0.355739,-1.719233,1.612226,3.743755,-0.498567,0.238154,0.135523,-0.371464,0.043404,-0.161080,-0.000251,0.236575
21.411041,1.613067,-0.250950,-0.247553,0.904580,-1.005065,0.744216,0.228050,0.142556,-0.421410,-0.593571,0.361295,-0.553727,0.482128,0.023313,-0.457943,0.287439,0.355385,-1.719186,1.612066,3.743753,-0.498341,0.236585,0.137817,-0.367252,0.044635,-0.160743,-0.001049,0.233479
21.412047,1.615081,-0.248090,-0.244292,0.905679,-1.005523,0.744522,0.228326,0.087438,-0.412451,-0.638704,0.360212,-0.552046,0.484009,0.023422,-0.457707,0.287573,0.355017,-1.719138,1.611905,3.743751,-0.498094,0.236843,0.136745,-0.367736,0.045245,-0.159455,-0.001360,0.236934
21.412953,1.611441,-0.251207,-0.245917,0.904693,-1.005487,0.742142,0.228589,0.037645,-0.400888,-0.679869,0.357894,-0.550454,0.485599,0.023564,-0.457476,0.287703,0.354650,-1.719095,1.611750,3.743751,-0.497865,0.234819,0.134278,-0.367160,0.044342,-0.158220,-0.001678,0.235452
21.414077,1.611335,-0.252402,-0.244007,0.903822,-1.006469,0.742146,0.228292,-0.004872,-0.383272,-0.715642,0.352828,-0.548863,0.486629,0.023731,-0.457243,0.287837,0.354296,-1.719048,1.611593,3.743755,-0.497632,0.235477,0.134751,-0.364055,0.045347,-0.157392,0.000684,0.234025
21.414997,1.614530,-0.254901,-0.244811,0.903381,-1.005608,0.741219,0.227173,-0.042665,-0.360110,-0.748100,0.345273,-0.547261,0.487191,0.023911,-0.457008,0.287970,0.353936,-1.718998,1.611438,3.743752,-0.497398,0.234686,0.134355,-0.363177,0.046434,-0.155723,0.000654,0.233736
21.415988,1.610171,-0.255075,-0.245637,0.905194,-1.004791,0.740970,0.226665,-0.075415,-0.333490,-0.776874,0.335735,-0.545719,0.487399,0.024124,-0.456778,0.288104,0.353579,-1.718952,1.611283,3.743756,-0.497159,0.231945,0.134490,-0.360485,0.046895,-0.155764,0.001555,0.235065
21.417051,1.613491,-0.259671,-0.246783,0.905498,-1.004869,0.741851,0.226992,-0.103036,-0.305322,-0.801735,0.325143,-0.544347,0.487344,0.024377,-0.456544,0.288237,0.353230,-1.718909,1.611128,3.743757,-0.496923,0.233119,0.133517,-0.358065,0.045263,-0.155798,0.001770,0.235158
21.418038,1.612547,-0.260802,-0.245528,0.905672,-1.003393,0.741574,0.227137,-0.128365,-0.278514,-0.824788,0.315471,-0.543280,0.487236,0.024649,-0.456317,0.288375,0.352878,-1.718864,1.610979,3.743754,-0.496692,0.230581,0.134756,-0.355586,0.045226,-0.155042,0.000876,0.233599
21.418977,1.614744,-0.260835,-0.246367,0.905341,-1.003804,0.741821,0.225631,-0.150921,-0.256080,-0.845459,0.308048,-0.542619,0.487225,0.024926,-0.456086,0.288506,0.352532,-1.718819,1.610819,3.743753,-0.496460,0.230046,0.134265,-0.354237,0.045208,-0.155694,0.001152,0.232421
21.420081,1.607482,-0.261729,-0.241657,0.905523,-1.003530,0.742919,0.226107,-0.168956,-0.236788,-0.862343,0.301894,-0.542220,0.487221,0.025212,-0.455864,0.288637,0.352185,-1.718773,1.610666,3.743755,-0.496220,0.227935,0.133209,-0.351703,0.045596,-0.154467,0.000871,0.234539
21.421067,1.609908,-0.265999,-0.235983,0.905570,-1.005447,0.742281,0.224642,-0.183597,-0.217193,-0.876484,0.295395,-0.541817,0.487121,0.025499,-0.455630,0.288766,0.351836,-1.718726,1.610514,3.743753,-0.495994,0.230765,0.132712,-0.352313,0.045661,-0.154083,-0.000242,0.232680
21.421943,1.607244,-0.268095,-0.237613,0.905319,-1.005889,0.742945,0.225202,-0.194667,-0.198184,-0.887644,0.288895,-0.541429,0.486969,0.025773,-0.455408,0.288900,0.351480,-1.718681,1.610366,3.743754,-0.495754,0.228586,0.133779,-0.353043,0.045761,-0.151421,0.000390,0.234725
21.423010,1.611504,-0.270796,-0.233059,0.904120,-1.006326,0.742342,0.222464,-0.200157,-0.183118,-0.893970,0.283734,-0.541277,0.486843,0.026046,-0.455178,0.289034,0.351130,-1.718632,1.610220,3.743753,-0.495527,0.228737,0.133689,-0.349906,0.045938,-0.150212,-0.000295,0.232688
21.424000,1.612702,-0.275052,-0.231097,0.906141,-1.004905,0.742783,0.222870,-0.199159,-0.172417,-0.894651,0.279792,-0.541404,0.486736,0.026340,-0.454959,0.289167,0.350781,-1.718582,1.610070,3.743755,-0.495280,0.225844,0.134021,-0.350368,0.047284,-0.149105,0.000289,0.237278
21.425029,1.612358,-0.274303,-0.227013,0.904302,-1.004136,0.742632,0.223140,-0.188649,-0.166936,-0.887102,0.277043,-0.541894,0.486593,0.026669,-0.454739,0.289306,0.350433,-1.718541,1.609917,3.743753,-0.495047,0.224379,0.135022,-0.349321,0.045465,-0.149775,-0.000168,0.235507
21.426091,1.611037,-0.276644,-0.224023,0.906018,-1.005091,0.742822,0.221759,-0.167052,-0.166779,-0.869982,0.275459,-0.542766,0.486365,0.027017,-0.454517,0.289436,0.350082,-1.718489,1.609768,3.743754,-0.494820,0.223709,0.133615,-0.349416,0.047385,-0.149844,-0.000036,0.234095
21.427006,1.606700,-0.278675,-0.225642,0.906395,-1.003125,0.743662,0.222254,-0.136914,-0.168423,-0.845527,0.273697,-0.543793,0.485967,0.027383,-0.454297,0.289571,0.349735,-1.718445,1.609623,3.743755,-0.494579,0.223620,0.133765,-0.349074,0.045902,-0.148245,-0.000251,0.235962
21.427986,1.602020,-0.281464,-0.226473,0.907910,-1.003409,0.743618,0.222658,-0.104209,-0.170776,-0.818695,0.272104,-0.544881,0.485507,0.027772,-0.454073,0.289703,0.349391,-1.718399,1.609466,3.743754,-0.494351,0.224736,0.133677,-0.346118,0.045570,-0.149377,-0.001108,0.234056
21.429049,1.603165,-0.280578,-0.223288,0.907958,-1.003595,0.743735,0.221636,-0.078067,-0.174852,-0.796954,0.272365,-0.546003,0.485294,0.028157,-0.453841,0.289838,0.349056,-1.718357,1.609321,3.743754,-0.494123,0.226040,0.133988,-0.343830,0.044262,-0.148384,-0.001073,0.232371
21.429972,1.602516,-0.283933,-0.221723,0.907770,-1.003213,0.743869,0.222151,-0.061795,-0.179760,-0.783108,0.274552,-0.547057,0.485365,0.028533,-0.453622,0.289969,0.348710,-1.718312,1.609173,3.743753,-0.493886,0.224689,0.132529,-0.343620,0.044464,-0.147545,-0.001205,0.233531
21.430977,1.597547,-0.286331,-0.217226,0.908153,-1.005122,0.743916,0.220086,-0.050771,-0.183700,-0.773512,0.277279,-0.547942,0.485489,0.028941,-0.453399,0.290105,0.348368,-1.718264,1.609028,3.743753,-0.493657,0.223981,0.133094,-0.342306,0.044655,-0.147191,-0.001355,0.231588
21.431996,1.598431,-0.286078,-0.215661,0.906263,-1.007404,0.743051,0.219837,-0.041699,-0.187327,-0.765484,0.280324,-0.548675,0.485612,0.029401,-0.453170,0.290238,0.348026,-1.718219,1.608889,3.743751,-0.493418,0.225529,0.133233,-0.342676,0.044447,-0.144651,-0.001410,0.234848
21.433092,1.599943,-0.290302,-0.212903,0.906205,-1.007751,0.743699,0.219406,-0.033915,-0.190425,-0.758518,0.283349,-0.549256,0.485708,0.029906,-0.452949,0.290367,0.347686,-1.718167,1.608753,3.743754,-0.493188,0.224210,0.132098,-0.341588,0.046371,-0.141796,-0.000568,0.234424
21.434041,1.604386,-0.290663,-0.213766,0.905956,-1.008477,0.742714,0.218078,-0.024533,-0.191448,-0.750334,0.285019,-0.549635,0.485633,0.030438,-0.452729,0.290502,0.347349,-1.718120,1.608614,3.743753,-0.492950,0.222755,0.133209,-0.341339,0.046664,-0.140921,-0.001246,0.234376
21.435039,1.608719,-0.291495,-0.208566,0.907092,-1.009588,0.741912,0.219396,-0.009755,-0.191474,-0.737752,0.285313,-0.549914,0.485326,0.031006,-0.452516,0.290633,0.347015,-1.718073,1.608477,3.743753,-0.492712,0.219648,0.132311,-0.338950,0.046954,-0.139553,-0.000261,0.236131
21.436030,1.605478,-0.291476,-0.204441,0.906406,-1.009273,0.741155,0.218244,0.014114,-0.191040,-0.717693,0.284438,-0.550225,0.484641,0.031621,-0.452305,0.290764,0.346674,-1.718029,1.608345,3.743757,-0.492486,0.216722,0.131702,-0.339670,0.046005,-0.137891,0.000498,0.232572
21.437015,1.611024,-0.290193,-0.208181,0.906822,-1.011173,0.740617,0.218742,0.048653,-0.189066,-0.688933,0.282091,-0.550602,0.483420,0.032273,-0.452085,0.290892,0.346335,-1.717980,1.608208,3.743756,-0.492254,0.217490,0.130686,-0.339833,0.046769,-0.137624,0.001241,0.234032
21.438072,1.616327,-0.291180,-0.205713,0.906376,-1.011869,0.741503,0.218088,0.090178,-0.182981,-0.654650,0.277477,-0.550906,0.481654,0.032935,-0.451880,0.291018,0.346006,-1.717933,1.608076,3.743754,-0.492024,0.213967,0.129054,-0.336132,0.046442,-0.135145,0.001770,0.232116
21.438985,1.613685,-0.296691,-0.205577,0.906536,-1.011222,0.740673,0.218594,0.136482,-0.170948,-0.616806,0.269868,-0.551048,0.479377,0.033591,-0.451676,0.291147,0.345675,-1.717886,1.607946,3.743753,-0.491792,0.210744,0.128587,-0.335741,0.047072,-0.133979,0.000857,0.232554
21.440067,1.610561,-0.297320,-0.202800,0.907559,-1.011779,0.741226,0.220107,0.186996,-0.156425,-0.575797,0.260717,-0.551181,0.476832,0.034234,-0.451466,0.291279,0.345344,-1.717840,1.607816,3.743757,-0.491566,0.211202,0.130276,-0.333832,0.046945,-0.134037,0.001666,0.230649
21.441084,1.613283,-0.297366,-0.202380,0.907686,-1.013726,0.741177,0.220317,0.236169,-0.144720,-0.535970,0.252950,-0.551491,0.474455,0.034823,-0.451251,0.291404,0.345008,-1.717795,1.607686,3.743755,-0.491347,0.212111,0.129643,-0.333568,0.046175,-0.133010,0.001093,0.226765
21.442069,1.611299,-0.299465,-0.205477,0.907975,-1.015436,0.741131,0.221043,0.279809,-0.136350,-0.500703,0.247435,-0.551994,0.472381,0.035322,-0.451043,0.291529,0.344681,-1.717749,1.607562,3.743753,-0.491124,0.210025,0.128712,-0.332066,0.046229,-0.130597,0.001140,0.225512
21.442990,1.611737,-0.299348,-0.204741,0.908011,-1.015943,0.742496,0.220728,0.316598,-0.129184,-0.471125,0.243421,-0.552599,0.470545,0.035731,-0.450836,0.291658,0.344358,-1.717704,1.607440,3.743756,-0.490906,0.210299,0.128762,-0.328781,0.046086,-0.128435,0.001151,0.223213
21.444091,1.610912,-0.297474,-0.200088,0.908933,-1.016264,0.742453,0.221497,0.344049,-0.121967,-0.449305,0.240486,-0.553206,0.468994,0.036050,-0.450627,0.291784,0.344033,-1.717657,1.607317,3.743753,-0.490686,0.209196,0.127673,-0.327283,0.046072,-0.127418,-0.000227,0.223016
21.444996,1.609170,-0.298445,-0.196164,0.909577,-1.017287,0.742927,0.222662,0.363299,-0.112495,-0.434396,0.237472,-0.553671,0.467614,0.036295,-0.450420,0.291909,0.343707,-1.717613,1.607192,3.743753,-0.490469,0.209093,0.125830,-0.328139,0.045474,-0.126704,-0.000190,0.220625
21.445950,1.614028,-0.301449,-0.195349,0.910234,-1.019721,0.743802,0.223227,0.378428,-0.099328,-0.423063,0.233450,-0.553915,0.466193,0.036491,-0.450212,0.292032,0.343379,-1.717571,1.607074,3.743752,-0.490256,0.209063,0.125335,-0.328137,0.044931,-0.125188,-0.000674,0.217468
21.447018,1.615270,-0.301327,-0.193785,0.911563,-1.021986,0.742647,0.223782,0.393255,-0.085450,-0.411972,0.229520,-0.554115,0.464737,0.036669,-0.450012,0.292157,0.343057,-1.717528,1.606956,3.743751,-0.490046,0.205896,0.125860,-0.326753,0.044447,-0.122304,-0.001570,0.215543
21.448031,1.612608,-0.299769,-0.191673,0.913902,-1.024004,0.742397,0.224137,0.411376,-0.074833,-0.397979,0.227245,-0.554536,0.463309,0.036863,-0.449812,0.292281,0.342733,-1.717488,1.606840,3.743757,-0.489838,0.204791,0.124883,-0.325995,0.043468,-0.119706,-0.000446,0.213637
21.449078,1.616245,-0.304867,-0.187619,0.912721,-1.025246,0.743607,0.224821,0.432246,-0.067299,-0.381537,0.226962,-0.555207,0.461849,0.037084,-0.449605,0.292400,0.342409,-1.717450,1.606729,3.743757,-0.489632,0.205454,0.123212,-0.325381,0.041470,-0.117364,-0.000223,0.212145
21.450163,1.614627,-0.302729,-0.189715,0.913624,-1.027592,0.742734,0.226168,0.454733,-0.062591,-0.363590,0.228684,-0.556065,0.460362,0.037335,-0.449405,0.292528,0.342086,-1.717403,1.606616,3.743753,-0.489429,0.203063,0.124822,-0.325835,0.042857,-0.115815,-0.001441,0.209994
21.451045,1.612850,-0.302261,-0.187714,0.912225,-1.030151,0.742433,0.226616,0.479195,-0.061214,-0.343829,0.231990,-0.557031,0.458930,0.037615,-0.449204,0.292647,0.341765,-1.717359,1.606508,3.743756,-0.489230,0.203411,0.122875,-0.323289,0.042237,-0.113212,-0.000584,0.206527
21.452017,1.611430,-0.299450,-0.184881,0.913052,-1.030686,0.742059,0.228276,0.501966,-0.058972,-0.325421,0.234793,-0.557812,0.457510,0.037899,-0.448999,0.292767,0.341446,-1.717313,1.606403,3.743757,-0.489032,0.203395,0.121684,-0.322404,0.043648,-0.110288,-0.000314,0.204889
21.453006,1.612245,-0.305932,-0.187498,0.912869,-1.032059,0.742592,0.228267,0.519995,-0.050328,-0.311099,0.234567,-0.558114,0.455937,0.038157,-0.448797,0.292883,0.341126,-1.717271,1.606296,3.743758,-0.488843,0.203407,0.119405,-0.322111,0.043010,-0.109450,0.000038,0.200823
21.453943,1.611548,-0.306893,-0.186912,0.913887,-1.032749,0.743908,0.229185,0.533316,-0.036511,-0.300794,0.231701,-0.558021,0.454275,0.038390,-0.448596,0.293009,0.340811,-1.717227,1.606193,3.743755,-0.488649,0.202337,0.121720,-0.319170,0.043394,-0.107802,-0.000504,0.200130
21.455012,1.607135,-0.310384,-0.184673,0.915630,-1.035276,0.744043,0.229735,0.541714,-0.024488,-0.294419,0.229297,-0.557900,0.452889,0.038606,-0.448395,0.293127,0.340496,-1.717187,1.606089,3.743752,-0.488457,0.201940,0.121253,-0.317752,0.042559,-0.106806,-0.001824,0.197542
21.456004,1.610364,-0.308839,-0.181959,0.916391,-1.034308,0.744482,0.231112,0.544515,-0.019362,-0.292331,0.229934,-0.558048,0.452048,0.038795,-0.448189,0.293250,0.340179,-1.717149,1.605990,3.743752,-0.488265,0.203589,0.122122,-0.317415,0.041220,-0.104100,-0.001969,0.195716
21.457008,1.614246,-0.312761,-0.183979,0.915408,-1.033710,0.744158,0.231509,0.543153,-0.021605,-0.293316,0.234007,-0.558571,0.451701,0.038948,-0.447993,0.293366,0.339861,-1.717108,1.605884,3.743751,-0.488081,0.201343,0.120461,-0.317132,0.040740,-0.104813,-0.002419,0.192247
21.458056,1.611337,-0.311737,-0.183838,0.917444,-1.036195,0.743901,0.231533,0.542603,-0.028617,-0.293448,0.239580,-0.559329,0.451589,0.039077,-0.447802,0.293491,0.339556,-1.717064,1.605780,3.743751,-0.487894,0.198885,0.121493,-0.314631,0.041934,-0.105140,-0.002104,0.190759
21.458964,1.608850,-0.314603,-0.179766,0.916662,-1.038021,0.743660,0.233384,0.544266,-0.038142,-0.291777,0.245142,-0.560137,0.451585,0.039205,-0.447601,0.293608,0.339243,-1.717028,1.605685,3.743751,-0.487707,0.199830,0.120119,-0.313254,0.040309,-0.102485,-0.001866,0.190006
21.459979,1.611902,-0.316435,-0.172674,0.917840,-1.039232,0.742268,0.232756,0.545125,-0.049163,-0.290888,0.250627,-0.560912,0.451707,0.039336,-0.447400,0.293728,0.338932,-1.716984,1.605593,3.743752,-0.487530,0.200261,0.120623,-0.313560,0.041199,-0.100452,-0.001651,0.185589
21.461053,1.611478,-0.314687,-0.166834,0.917503,-1.039444,0.742817,0.232760,0.547643,-0.062332,-0.288725,0.256143,-0.561712,0.451871,0.039486,-0.447207,0.293850,0.338613,-1.716946,1.605496,3.743753,-0.487342,0.198194,0.120619,-0.315526,0.040338,-0.099064,-0.000271,0.186180
21.462036,1.614473,-0.317983,-0.169243,0.919993,-1.040826,0.741030,0.234845,0.558633,-0.077228,-0.279669,0.260783,-0.562555,0.451842,0.039681,-0.447008,0.293969,0.338292,-1.716906,1.605399,3.743748,-0.487162,0.197937,0.118876,-0.316943,0.041071,-0.098724,-0.000828,0.185475
21.462956,1.613081,-0.316296,-0.169923,0.921086,-1.042193,0.741701,0.234660,0.579276,-0.092206,-0.262788,0.263810,-0.563351,0.451511,0.039907,-0.446818,0.294090,0.337986,-1.716871,1.605307,3.743749,-0.486991,0.195885,0.119635,-0.314178,0.038934,-0.097163,0.000956,0.180613
21.464070,1.613092,-0.319980,-0.167563,0.921607,-1.043719,0.741620,0.234721,0.604107,-0.107573,-0.242534,0.266301,-0.564117,0.451055,0.040134,-0.446620,0.294204,0.337675,-1.716835,1.605215,3.743748,-0.486814,0.195867,0.117888,-0.312125,0.038141,-0.095590,0.000250,0.180354
21.465005,1.612155,-0.316744,-0.160006,0.922735,-1.045920,0.741621,0.234778,0.627872,-0.123403,-0.223215,0.268956,-0.564856,0.450659,0.040373,-0.446424,0.294325,0.337366,-1.716796,1.605122,3.743750,-0.486636,0.195479,0.118915,-0.312058,0.038072,-0.094001,0.000311,0.179554
21.465958,1.611592,-0.319765,-0.156435,0.923484,-1.046197,0.740486,0.237100,0.650933,-0.138920,-0.204567,0.271295,-0.565554,0.450304,0.040633,-0.446231,0.294437,0.337049,-1.716760,1.605034,3.743749,-0.486460,0.195284,0.116425,-0.314097,0.037241,-0.091635,0.000297,0.178767
21.467018,1.609331,-0.321902,-0.161701,0.926626,-1.044938,0.739975,0.236564,0.676243,-0.153040,-0.184179,0.272617,-0.566217,0.449821,0.040907,-0.446036,0.294554,0.336731,-1.716722,1.604944,3.743752,-0.486300,0.194918,0.117073,-0.314139,0.036790,-0.091217,0.001408,0.173472
21.468028,1.610020,-0.323541,-0.160020,0.926450,-1.045979,0.740202,0.235779,0.700870,-0.167615,-0.164312,0.274226,-0.566932,0.449353,0.041184,-0.445837,0.294670,0.336428,-1.716692,1.604850,3.743751,-0.486124,0.195556,0.117321,-0.310141,0.034228,-0.092371,0.001902,0.173934
21.468987,1.608909,-0.325111,-0.154192,0.926632,-1.045701,0.740352,0.236920,0.718756,-0.185182,-0.149797,0.277935,-0.567762,0.449216,0.041471,-0.445646,0.294787,0.336118,-1.716657,1.604758,3.743750,-0.485950,0.194685,0.117275,-0.309512,0.034835,-0.091168,0.001654,0.174847
21.470028,1.611162,-0.328899,-0.152265,0.927466,-1.046563,0.741015,0.236620,0.730918,-0.204893,-0.139860,0.282942,-0.568612,0.449398,0.041770,-0.445452,0.294902,0.335804,-1.716621,1.604666,3.743752,-0.485784,0.194623,0.117202,-0.310775,0.034987,-0.091280,0.001479,0.171897
21.471013,1.609075,-0.327734,-0.151025,0.927737,-1.045657,0.740164,0.238155,0.742974,-0.226838,-0.129924,0.288441,-0.569495,0.449770,0.042065,-0.445261,0.295024,0.335499,-1.716587,1.604578,3.743751,-0.485611,0.193043,0.118202,-0.310348,0.034623,-0.090329,0.000798,0.171869
21.471934,1.610062,-0.329096,-0.149374,0.929419,-1.046776,0.741059,0.237771,0.756794,-0.250750,-0.118476,0.294139,-0.570421,0.450254,0.042342,-0.445068,0.295138,0.335191,-1.716552,1.604488,3.743754,-0.485450,0.193539,0.116756,-0.309419,0.034760,-0.091120,0.001623,0.168154
21.473114,1.609618,-0.328136,-0.147157,0.929382,-1.046093,0.741243,0.239200,0.770682,-0.273708,-0.107022,0.299115,-0.571263,0.450734,0.042605,-0.444875,0.295255,0.334887,-1.716521,1.604401,3.743753,-0.485283,0.192338,0.116543,-0.308617,0.033455,-0.089824,0.000703,0.168323
21.473992,1.615832,-0.331159,-0.147402,0.929307,-1.048182,0.742191,0.240285,0.783973,-0.293473,-0.096194,0.302699,-0.571938,0.451115,0.042860,-0.444684,0.295368,0.334580,-1.716485,1.604309,3.743751,-0.485122,0.192381,0.115342,-0.308631,0.034132,-0.090518,0.000518,0.164826
21.474999,1.614884,-0.329879,-0.149325,0.931178,-1.047347,0.740802,0.240959,0.798723,-0.309426,-0.084330,0.304330,-0.572425,0.451347,0.043092,-0.444503,0.295486,0.334275,-1.716452,1.604225,3.743749,-0.484967,0.188622,0.115926,-0.306752,0.034508,-0.088232,-0.000440,0.162070
21.476099,1.616319,-0.331368,-0.148769,0.931658,-1.047192,0.740134,0.241527,0.815835,-0.322038,-0.070657,0.304179,-0.572793,0.451430,0.043286,-0.444317,0.295597,0.333977,-1.716422,1.604134,3.743752,-0.484810,0.188684,0.114475,-0.304420,0.033140,-0.088967,0.000934,0.160138
21.476960,1.612553,-0.333951,-0.143875,0.932096,-1.047671,0.740001,0.241747,0.832524,-0.331343,-0.057440,0.302865,-0.573082,0.451395,0.043439,-0.444131,0.295712,0.333676,-1.716388,1.604041,3.743755,-0.484656,0.187669,0.114456,-0.303500,0.033232,-0.089043,0.001561,0.158427
21.478112,1.617904,-0.334256,-0.150379,0.933219,-1.046120,0.740414,0.243062,0.846994,-0.338506,-0.046098,0.301137,-0.573329,0.451319,0.043563,-0.443940,0.295825,0.333373,-1.716356,1.603954,3.743757,-0.484500,0.188817,0.114857,-0.304214,0.033097,-0.088352,0.001661,0.157399
21.478928,1.622992,-0.334918,-0.147395,0.936795,-1.046157,0.741272,0.243092,0.858804,-0.345430,-0.036928,0.299744,-0.573597,0.451307,0.043667,-0.443763,0.295940,0.333079,-1.716326,1.603859,3.743755,-0.484352,0.186020,0.114243,-0.299912,0.032692,-0.089866,0.001232,0.154194
21.479998,1.624276,-0.331493,-0.148969,0.936832,-1.045255,0.740920,0.244323,0.869580,-0.353166,-0.028575,0.299284,-0.574009,0.451344,0.043759,-0.443585,0.296053,0.332778,-1.716303,1.603771,3.743751,-0.484200,0.182783,0.113657,-0.299621,0.029540,-0.089562,0.000377,0.153583
21.481020,1.622885,-0.333011,-0.145500,0.935923,-1.043826,0.742123,0.244814,0.882800,-0.360654,-0.018251,0.299388,-0.574631,0.451246,0.043853,-0.443406,0.296158,0.332489,-1.716272,1.603678,3.743751,-0.484054,0.181913,0.111248,-0.297689,0.030138,-0.090374,0.000724,0.150550
21.481956,1.625732,-0.333907,-0.148893,0.936397,-1.042005,0.741775,0.244946,0.897999,-0.363488,-0.006521,0.297600,-0.575126,0.450865,0.043950,-0.443224,0.296269,0.332190,-1.716239,1.603581,3.743750,-0.483909,0.182250,0.111250,-0.298092,0.031546,-0.091625,-0.000506,0.149037
21.483061,1.631358,-0.332929,-0.148869,0.939638,-1.042082,0.740828,0.245104,0.912714,-0.360253,0.004569,0.292574,-0.575199,0.450291,0.044055,-0.443048,0.296378,0.331902,-1.716209,1.603484,3.743751,-0.483765,0.180354,0.110894,-0.294964,0.031491,-0.093204,-0.000163,0.148240
21.484091,1.628092,-0.340421,-0.147142,0.942186,-1.040868,0.740914,0.245932,0.927099,-0.353504,0.015279,0.285506,-0.574981,0.449602,0.044178,-0.442878,0.296486,0.331608,-1.716186,1.603390,3.743754,-0.483622,0.177446,0.109698,-0.293887,0.029059,-0.093029,0.000753,0.147385
21.485002,1.622757,-0.340925,-0.144504,0.941279,-1.040456,0.740305,0.245737,0.942027,-0.349762,0.026585,0.280068,-0.574949,0.448961,0.044311,-0.442697,0.296603,0.331314,-1.716163,1.603294,3.743750,-0.483483,0.178778,0.112635,-0.293483,0.027236,-0.094088,0.000660,0.145198
21.486049,1.624496,-0.339452,-0.145416,0.943396,-1.040679,0.740912,0.246510,0.954209,-0.355440,0.036075,0.279577,-0.575388,0.448738,0.044429,-0.442509,0.296711,0.331025,-1.716133,1.603196,3.743752,-0.483336,0.180815,0.112051,-0.293327,0.028591,-0.094217,0.001245,0.145049
21.487014,1.624421,-0.337734,-0.145661,0.945129,-1.040665,0.740823,0.245906,0.959726,-0.367586,0.040480,0.282572,-0.576001,0.448959,0.044512,-0.442333,0.296817,0.330735,-1.716109,1.603105,3.743749,-0.483197,0.179655,0.110598,-0.291669,0.027176,-0.093889,0.000626,0.142969
21.488154,1.621927,-0.342038,-0.143423,0.946408,-1.040212,0.740588,0.246859,0.958591,-0.379686,0.039590,0.286147,-0.576474,0.449335,0.044560,-0.442153,0.296924,0.330447,-1.716085,1.603012,3.743752,-0.483053,0.179252,0.108977,-0.290205,0.026082,-0.093725,0.000691,0.143659
21.488988,1.620733,-0.341137,-0.143245,0.945697,-1.039548,0.742116,0.246514,0.951779,-0.390828,0.034168,0.289991,-0.576832,0.449792,0.044578,-0.441971,0.297034,0.330156,-1.716059,1.602916,3.743752,-0.482915,0.180358,0.110449,-0.290350,0.025616,-0.094102,0.000906,0.141209
21.489994,1.621232,-0.341984,-0.141611,0.947721,-1.039469,0.742317,0.247634,0.939558,-0.402552,0.024451,0.294393,-0.577113,0.450433,0.044563,-0.441792,0.297141,0.329867,-1.716030,1.602820,3.743749,-0.482775,0.180272,0.109140,-0.288777,0.026674,-0.094448,-0.000635,0.141394
21.490999,1.622697,-0.343385,-0.142878,0.951010,-1.039291,0.742439,0.247462,0.923010,-0.413773,0.011241,0.298330,-0.577207,0.451221,0.044534,-0.441612,0.297247,0.329583,-1.716008,1.602722,3.743748,-0.482642,0.179634,0.108846,-0.288403,0.025361,-0.094319,-0.000840,0.138626
21.491993,1.622113,-0.346259,-0.138581,0.951210,-1.039643,0.742002,0.246515,0.904455,-0.425468,-0.003508,0.302398,-0.577260,0.452097,0.044535,-0.441436,0.297357,0.329300,-1.715991,1.602627,3.743749,-0.482504,0.178572,0.108779,-0.286562,0.022910,-0.094332,-0.000982,0.138479
21.493050,1.624149,-0.346264,-0.135315,0.951835,-1.040779,0.741982,0.246575,0.886422,-0.441259,-0.017591,0.308504,-0.577576,0.453106,0.044614,-0.441255,0.297467,0.329009,-1.715965,1.602531,3.743748,-0.482365,0.178469,0.109439,-0.287415,0.023336,-0.093777,-0.000549,0.139868
21.494013,1.619145,-0.344936,-0.132876,0.952849,-1.038885,0.741322,0.245993,0.872527,-0.461574,-0.028102,0.316319,-0.578193,0.454178,0.044790,-0.441082,0.297574,0.328723,-1.715942,1.602437,3.743748,-0.482226,0.177233,0.108717,-0.287934,0.023481,-0.092517,-0.000553,0.139207
21.494936,1.617683,-0.349363,-0.135433,0.953585,-1.037672,0.740962,0.246471,0.863704,-0.482588,-0.034456,0.323707,-0.578871,0.455129,0.045049,-0.440898,0.297678,0.328434,-1.715920,1.602338,3.743748,-0.482086,0.179270,0.107307,-0.287786,0.023138,-0.094192,0.000093,0.139859
21.495938,1.616598,-0.350778,-0.137475,0.956003,-1.036794,0.741081,0.245559,0.854658,-0.501733,-0.041071,0.329851,-0.579376,0.456000,0.045352,-0.440716,0.297787,0.328156,-1.715898,1.602241,3.743750,-0.481949,0.179434,0.108751,-0.285174,0.023021,-0.095143,0.000421,0.138368
21.496950,1.617996,-0.351360,-0.134641,0.956823,-1.034552,0.741618,0.245205,0.839755,-0.521483,-0.052466,0.336454,-0.579764,0.457082,0.045659,-0.440538,0.297894,0.327878,-1.715879,1.602141,3.743748,-0.481806,0.179621,0.108692,-0.283011,0.021394,-0.095799,0.000292,0.139680
21.497990,1.611237,-0.355369,-0.134764,0.954924,-1.033013,0.741299,0.244844,0.819143,-0.543464,-0.068485,0.344478,-0.580147,0.458458,0.045947,-0.440360,0.298001,0.327592,-1.715859,1.602041,3.743748,-0.481666,0.178560,0.108250,-0.283242,0.021364,-0.097836,-0.000263,0.139852
21.498964,1.609132,-0.357210,-0.131374,0.957446,-1.034726,0.741528,0.244301,0.794647,-0.565953,-0.087728,0.352648,-0.580392,0.460051,0.046201,-0.440172,0.298112,0.327316,-1.715832,1.601942,3.743748,-0.481525,0.181241,0.109392,-0.281727,0.023743,-0.099019,0.000053,0.139971
21.500066,1.609687,-0.359493,-0.130190,0.957772,-1.032649,0.741269,0.244452,0.765080,-0.588524,-0.111151,0.360590,-0.580429,0.461907,0.046404,-0.439993,0.298221,0.327035,-1.715814,1.601850,3.743747,-0.481384,0.180902,0.109240,-0.281017,0.021425,-0.096654,-0.000180,0.140317
21.500937,1.604868,-0.361462,-0.128588,0.958144,-1.030642,0.741194,0.242609,0.731981,-0.612492,-0.137388,0.369325,-0.580481,0.463987,0.046567,-0.439817,0.298331,0.326761,-1.715794,1.601749,3.743748,-0.481248,0.179378,0.109329,-0.279402,0.021405,-0.098100,0.000079,0.139256
21.501999,1.605340,-0.361830,-0.127372,0.957945,-1.030305,0.741094,0.241541,0.697911,-0.637343,-0.164376,0.378719,-0.580617,0.466157,0.046717,-0.439637,0.298440,0.326486,-1.715775,1.601649,3.743747,-0.481100,0.180355,0.109215,-0.277762,0.021166,-0.099365,0.000157,0.142228
21.503003,1.600807,-0.360948,-0.123793,0.960740,-1.030361,0.740234,0.240390,0.662773,-0.660217,-0.192349,0.387372,-0.580662,0.468298,0.046873,-0.439460,0.298550,0.326212,-1.715752,1.601549,3.743747,-0.480956,0.178818,0.108325,-0.276143,0.021550,-0.099022,0.000258,0.143578
21.504020,1.607868,-0.366283,-0.123751,0.960328,-1.030363,0.741060,0.238478,0.627213,-0.678262,-0.220857,0.394247,-0.580550,0.470226,0.047052,-0.439279,0.298654,0.325940,-1.715739,1.601451,3.743748,-0.480810,0.179740,0.106887,-0.275669,0.019103,-0.098290,0.001120,0.145114
21.505049,1.601086,-0.361500,-0.115321,0.959955,-1.027009,0.741481,0.237425,0.594566,-0.692606,-0.247069,0.400015,-0.580496,0.471854,0.047283,-0.439113,0.298765,0.325672,-1.715719,1.601354,3.743747,-0.480655,0.174987,0.108491,-0.273466,0.019762,-0.097627,0.000283,0.148146
21.506040,1.605053,-0.365297,-0.119537,0.962292,-1.026286,0.740126,0.236428,0.569291,-0.703339,-0.267336,0.404059,-0.580517,0.473106,0.047585,-0.438932,0.298865,0.325390,-1.715696,1.601250,3.743747,-0.480504,0.177091,0.105112,-0.275356,0.020315,-0.100289,-0.000135,0.149441
21.507040,1.605868,-0.366534,-0.120903,0.962688,-1.024568,0.740457,0.236525,0.551210,-0.707295,-0.281925,0.404723,-0.580368,0.473873,0.047946,-0.438766,0.298972,0.325130,-1.715684,1.601148,3.743752,-0.480352,0.173861,0.106004,-0.271040,0.018327,-0.100275,0.001211,0.150641
21.508082,1.605529,-0.370230,-0.118428,0.963720,-1.022123,0.740966,0.235690,0.537206,-0.706325,-0.293316,0.403428,-0.580134,0.474305,0.048329,-0.438597,0.299077,0.324867,-1.715665,1.601044,3.743750,-0.480203,0.172247,0.105593,-0.268205,0.018199,-0.101268,0.000875,0.149647
21.509069,1.602653,-0.369587,-0.116110,0.965795,-1.021888,0.741209,0.235489,0.525916,-0.704481,-0.302536,0.402187,-0.580001,0.474642,0.048701,-0.438427,0.299184,0.324603,-1.715650,1.600937,3.743750,-0.480054,0.171208,0.106424,-0.267335,0.017522,-0.102965,0.000364,0.150548
21.509992,1.604388,-0.371741,-0.115661,0.965541,-1.021204,0.741600,0.234967,0.508531,-0.702364,-0.316705,0.402533,-0.580223,0.475333,0.049355,-0.438092,0.299393,0.324077,-1.715621,1.600735,3.743749,-0.479751,0.169282,0.105134,-0.264279,0.016322,-0.102436,-0.000262,0.150425
21.511074,1.610461,-0.372761,-0.112003,0.966948,-1.019788,0.741148,0.233949,0.508531,-0.702364,-0.316705,0.402533,-0.580223,0.475333,0.049355,-0.438092,0.299393,0.324077,-1.715621,1.600735,3.743749,-0.479751,0.169282,0.105134,-0.264279,0.016322,-0.102436,-0.000262,0.150425
21.512075,1.604545,-0.376749,-0.111200,0.966489,-1.019702,0.741141,0.234427,0.510000,-0.699119,-0.315172,0.404166,-0.581085,0.475520,0.049925,-0.437765,0.299602,0.323556,-1.715589,1.600527,3.743750,-0.479450,0.166987,0.105642,-0.262330,0.016058,-0.102490,0.000197,0.149899
21.513051,1.601126,-0.377273,-0.114417,0.968128,-1.019115,0.740400,0.233610,0.510000,-0.699119,-0.315172,0.404166,-0.581085,0.475520,0.049925,-0.437765,0.299602,0.323556,-1.715589,1.600527,3.743750,-0.479450,0.166987,0.105642,-0.262330,0.016058,-0.102490,0.000197,0.149899
21.513948,1.601148,-0.376123,-0.115574,0.967533,-1.018972,0.741431,0.234351,0.515122,-0.698239,-0.310658,0.405877,-0.581703,0.475553,0.050194,-0.437595,0.299705,0.323307,-1.715577,1.600427,3.743751,-0.479297,0.167428,0.104898,-0.258672,0.014792,-0.102379,0.000935,0.150766
21.515006,1.601143,-0.377097,-0.113471,0.967556,-1.016625,0.741125,0.233656,0.512524,-0.694773,-0.312489,0.407698,-0.582131,0.475717,0.050427,-0.437432,0.299804,0.323057,-1.715560,1.600324,3.743751,-0.479151,0.166168,0.103344,-0.255994,0.015604,-0.101767,-0.000108,0.148505
21.515985,1.601622,-0.381383,-0.118105,0.969551,-1.017652,0.741559,0.232577,0.502818,-0.684509,-0.320354,0.407431,-0.582125,0.475824,0.050629,-0.437270,0.299907,0.322804,-1.715544,1.600219,3.743755,-0.479003,0.165067,0.102865,-0.255077,0.015925,-0.103411,0.000183,0.149137
21.517087,1.597349,-0.381704,-0.112457,0.970231,-1.017449,0.741230,0.233449,0.489068,-0.669178,-0.331711,0.405510,-0.581819,0.475864,0.050832,-0.437107,0.300014,0.322564,-1.715533,1.600119,3.743753,-0.478852,0.163659,0.103981,-0.250817,0.014313,-0.101655,-0.000245,0.150519
21.518079,1.594938,-0.382345,-0.114196,0.970691,-1.012977,0.742122,0.232409,0.471953,-0.653883,-0.345821,0.404548,-0.581570,0.475999,0.051040,-0.436942,0.300115,0.322311,-1.715519,1.600021,3.743756,-0.478710,0.164722,0.103178,-0.251748,0.014080,-0.101223,0.000077,0.147966
21.518957,1.598406,-0.384455,-0.117712,0.970796,-1.011711,0.741777,0.233115,0.451124,-0.638753,-0.362933,0.404649,-0.581378,0.476219,0.051224,-0.436779,0.300217,0.322065,-1.715505,1.599913,3.743754,-0.478562,0.164753,0.102520,-0.248868,0.013985,-0.104962,-0.000818,0.149311
21.520066,1.595314,-0.382893,-0.113821,0.970102,-1.011484,0.740590,0.233160,0.426400,-0.621628,-0.383276,0.404439,-0.581030,0.476457,0.051377,-0.436625,0.300316,0.321829,-1.715492,1.599810,3.743755,-0.478417,0.161845,0.102601,-0.245137,0.014163,-0.105439,-0.000465,0.147122
21.521054,1.594644,-0.383081,-0.115237,0.974145,-1.010819,0.740948,0.233397,0.399787,-0.600806,-0.405379,0.402618,-0.580424,0.476571,0.051505,-0.436460,0.300413,0.321582,-1.715473,1.599709,3.743754,-0.478274,0.162342,0.100910,-0.245256,0.015182,-0.104983,0.000735,0.146268
21.521952,1.597122,-0.386702,-0.115504,0.972285,-1.011977,0.740187,0.233283,0.373048,-0.575218,-0.427918,0.398836,-0.579621,0.476392,0.051618,-0.436300,0.300510,0.321347,-1.715469,1.599602,3.743755,-0.478131,0.161540,0.100097,-0.242680,0.011679,-0.104886,0.000358,0.145035
21.523139,1.591019,-0.384933,-0.113722,0.973727,-1.009784,0.741487,0.234194,0.322414,-0.519913,-0.471301,0.390870,-0.578409,0.475436,0.051799,-0.435981,0.300706,0.320871,-1.715437,1.599395,3.743751,-0.477850,0.161223,0.099161,-0.239813,0.012782,-0.104505,-0.000167,0.141923
21.524099,1.593416,-0.385913,-0.113143,0.974352,-1.008598,0.741104,0.235073,0.322414,-0.519913,-0.471301,0.390870,-0.578409,0.475436,0.051799,-0.435981,0.300706,0.320871,-1.715437,1.599395,3.743751,-0.477850,0.161223,0.099161,-0.239813,0.012782,-0.104505,-0.000167,0.141923
21.524984,1.597714,-0.387617,-0.111462,0.974297,-1.008243,0.741297,0.234737,0.298113,-0.490547,-0.492415,0.386290,-0.577991,0.474786,0.051874,-0.435825,0.300804,0.320638,-1.715426,1.599288,3.743752,-0.477713,0.158870,0.098733,-0.238244,0.012561,-0.104912,0.000229,0.139442
21.525969,1.597208,-0.388219,-0.110265,0.976269,-1.005873,0.740921,0.234756,0.277979,-0.460158,-0.510215,0.380879,-0.577736,0.473957,0.051970,-0.435677,0.300902,0.320401,-1.715411,1.599184,3.743754,-0.477579,0.155645,0.098620,-0.237121,0.012889,-0.104491,0.000013,0.139439
21.526961,1.600910,-0.387711,-0.115329,0.976782,-1.005919,0.741208,0.234313,0.266914,-0.431019,-0.520583,0.375157,-0.577815,0.472898,0.052107,-0.435522,0.300998,0.320170,-1.715405,1.599073,3.743756,-0.477442,0.154859,0.098002,-0.235922,0.011421,-0.106076,0.000384,0.138665
21.527962,1.601878,-0.391309,-0.114143,0.978309,-1.004300,0.742573,0.234306,0.263597,-0.403506,-0.524583,0.369530,-0.578217,0.471645,0.052279,-0.435378,0.301091,0.319946,-1.715393,1.598969,3.743754,-0.477305,0.152053,0.096872,-0.231650,0.011321,-0.105263,0.000102,0.138829
21.528997,1.601391,-0.392319,-0.111809,0.978746,-1.002429,0.742596,0.235113,0.265075,-0.378172,-0.524639,0.364547,-0.578890,0.470319,0.052485,-0.435230,0.301192,0.319717,-1.715384,1.598861,3.743752,-0.477168,0.150613,0.097728,-0.230520,0.010269,-0.106130,-0.001259,0.138104
21.530075,1.601120,-0.392061,-0.115385,0.978614,-1.001546,0.741923,0.233905,0.270875,-0.357567,-0.521048,0.361306,-0.579862,0.469081,0.052727,-0.435081,0.301286,0.319491,-1.715374,1.598751,3.743752,-0.477038,0.149899,0.097346,-0.230004,0.010321,-0.107218,-0.001267,0.135763
21.531023,1.601109,-0.396192,-0.114165,0.979725,-0.998459,0.742177,0.234032,0.279222,-0.340664,-0.515247,0.359226,-0.580932,0.467944,0.053001,-0.434936,0.301380,0.319270,-1.715361,1.598647,3.743754,-0.476899,0.149162,0.096339,-0.226609,0.010883,-0.107389,-0.000599,0.137465
21.532011,1.601848,-0.397585,-0.119711,0.979405,-0.996408,0.741683,0.234526,0.286800,-0.325542,-0.509930,0.357448,-0.581874,0.466921,0.053297,-0.434791,0.301479,0.319047,-1.715351,1.598534,3.743752,-0.476767,0.148178,0.097472,-0.225496,0.010184,-0.109651,-0.000850,0.136482
21.532943,1.604515,-0.397676,-0.117297,0.980473,-0.994781,0.741970,0.235063,0.291525,-0.313547,-0.506679,0.356577,-0.582683,0.466152,0.053588,-0.434649,0.301576,0.318836,-1.715338,1.598420,3.743751,-0.476635,0.146904,0.097236,-0.221143,0.010877,-0.110862,-0.000344,0.134776
21.533978,1.603091,-0.395989,-0.117196,0.980889,-0.995244,0.741259,0.235711,0.293549,-0.304015,-0.505427,0.356169,-0.583323,0.465608,0.053846,-0.434511,0.301673,0.318614,-1.715328,1.598309,3.743754,-0.476507,0.144646,0.096331,-0.220649,0.010208,-0.111655,-0.000655,0.133017
21.535023,1.604403,-0.400197,-0.119866,0.981593,-0.993132,0.741587,0.234277,0.295272,-0.293636,-0.504424,0.354657,-0.583734,0.465031,0.054063,-0.434366,0.301765,0.318400,-1.715319,1.598199,3.743755,-0.476382,0.144477,0.094633,-0.219145,0.010292,-0.110396,0.000060,0.131028
21.536030,1.604113,-0.401818,-0.121886,0.981535,-0.990248,0.741300,0.235121,0.296958,-0.281465,-0.503547,0.351721,-0.583968,0.464342,0.054244,-0.434227,0.301862,0.318190,-1.715310,1.598082,3.743753,-0.476243,0.142975,0.095856,-0.216315,0.010092,-0.111676,-0.000270,0.133193
21.536931,1.604098,-0.402696,-0.117162,0.983744,-0.987743,0.742306,0.234135,0.296653,-0.270123,-0.504338,0.348550,-0.584159,0.463751,0.054385,-0.434087,0.301956,0.317980,-1.715299,1.597962,3.743755,-0.476116,0.142253,0.095776,-0.213784,0.010577,-0.113686,0.000013,0.130763
21.538105,1.605024,-0.404369,-0.118553,0.982289,-0.985787,0.741681,0.233676,0.294896,-0.261539,-0.506306,0.345986,-0.584418,0.463359,0.054489,-0.433949,0.302050,0.317767,-1.715293,1.597842,3.743751,-0.475981,0.141322,0.095302,-0.214515,0.008834,-0.115259,-0.000979,0.132067
21.539092,1.605072,-0.404898,-0.115801,0.985129,-0.984067,0.741729,0.233549,0.294471,-0.255277,-0.507192,0.343721,-0.584779,0.463068,0.054584,-0.433809,0.302148,0.317559,-1.715280,1.597720,3.743752,-0.475848,0.140119,0.095259,-0.212457,0.010813,-0.116349,-0.000345,0.132229
21.539973,1.602167,-0.409601,-0.114289,0.985524,-0.980824,0.741201,0.232040,0.296976,-0.250378,-0.505691,0.341244,-0.585227,0.462784,0.054697,-0.433670,0.302242,0.317349,-1.715276,1.597602,3.743750,-0.475717,0.139226,0.094629,-0.212309,0.008519,-0.117191,-0.000390,0.131771
21.541047,1.600825,-0.411737,-0.113396,0.985022,-0.975612,0.741507,0.232550,0.301884,-0.248508,-0.502098,0.339755,-0.585907,0.462572,0.054831,-0.433532,0.302341,0.317139,-1.715268,1.597475,3.743750,-0.475576,0.139738,0.096019,-0.211410,0.008573,-0.119453,0.000144,0.134089
21.542034,1.605196,-0.415696,-0.115884,0.987159,-0.973307,0.741999,0.232119,0.307133,-0.251689,-0.497951,0.340328,-0.586859,0.462600,0.054981,-0.433390,0.302438,0.316928,-1.715259,1.597345,3.743749,-0.475449,0.139564,0.096179,-0.210385,0.009599,-0.123707,-0.000164,0.132324
21.542969,1.607691,-0.415076,-0.114210,0.987658,-0.969026,0.740911,0.232962,0.312083,-0.260255,-0.493717,0.342924,-0.588010,0.462945,0.055138,-0.433259,0.302538,0.316727,-1.715252,1.597216,3.743750,-0.475316,0.136569,0.097210,-0.207687,0.007946,-0.125002,-0.000662,0.132491
21.544048,1.603700,-0.416280,-0.111873,0.988936,-0.967169,0.741022,0.231629,0.319531,-0.273735,-0.487110,0.347419,-0.589405,0.463485,0.055319,-0.433131,0.302632,0.316522,-1.715244,1.597080,3.743753,-0.475192,0.134539,0.095975,-0.207008,0.007918,-0.128226,0.000424,0.130113
21.545037,1.601596,-0.418313,-0.114397,0.988969,-0.964164,0.741099,0.230295,0.330750,-0.288893,-0.477234,0.352571,-0.590924,0.463979,0.055539,-0.432993,0.302726,0.316318,-1.715236,1.596951,3.743751,-0.475058,0.135775,0.095725,-0.206804,0.007203,-0.129105,0.000313,0.132086
21.545964,1.599321,-0.422549,-0.108367,0.989242,-0.962804,0.741771,0.231012,0.341511,-0.302970,-0.467664,0.357557,-0.592341,0.464416,0.055783,-0.432858,0.302823,0.316119,-1.715226,1.596815,3.743753,-0.474919,0.135998,0.095819,-0.204103,0.007622,-0.131064,0.000223,0.134018
21.547091,1.600711,-0.422458,-0.109262,0.988421,-0.959498,0.741296,0.229481,0.348492,-0.316791,-0.461079,0.362904,-0.593598,0.464968,0.056017,-0.432722,0.302923,0.315906,-1.715218,1.596681,3.743750,-0.474795,0.136242,0.096972,-0.205531,0.007795,-0.131346,-0.000437,0.131876
21.548017,1.602257,-0.424761,-0.108439,0.989995,-0.957307,0.740326,0.229167,0.353937,-0.330816,-0.455633,0.368346,-0.594691,0.465624,0.056233,-0.432589,0.303016,0.315710,-1.715209,1.596541,3.743753,-0.474655,0.134835,0.096066,-0.203806,0.009183,-0.133626,0.000032,0.134216
21.548973,1.599992,-0.427122,-0.104655,0.989786,-0.955950,0.741600,0.228282,0.360806,-0.343309,-0.449005,0.372758,-0.595562,0.466206,0.056457,-0.432460,0.303114,0.315508,-1.715203,1.596404,3.743755,-0.474521,0.133261,0.096284,-0.202720,0.008078,-0.134720,0.000998,0.134114
21.550066,1.600730,-0.427259,-0.111777,0.991120,-0.951720,0.741134,0.227267,0.370422,-0.354537,-0.440167,0.376384,-0.596290,0.466651,0.056696,-0.432326,0.303212,0.315303,-1.715194,1.596270,3.743752,-0.474385,0.133564,0.096521,-0.203109,0.008752,-0.135022,-0.000282,0.135175
21.550997,1.597168,-0.424612,-0.105881,0.991649,-0.951068,0.741365,0.228038,0.380512,-0.364832,-0.431019,0.379697,-0.596903,0.467044,0.056941,-0.432196,0.303306,0.315115,-1.715186,1.596127,3.743755,-0.474251,0.132503,0.095718,-0.198328,0.007966,-0.138179,0.000183,0.136469
21.551990,1.596734,-0.427491,-0.108893,0.993507,-0.950944,0.741012,0.226737,0.386995,-0.370631,-0.425049,0.381524,-0.597223,0.467323,0.057177,-0.432060,0.303395,0.314912,-1.715180,1.595991,3.743751,-0.474120,0.133419,0.093536,-0.199827,0.007931,-0.137721,-0.000031,0.134195
21.553014,1.596162,-0.428505,-0.113001,0.993751,-0.949514,0.741662,0.226054,0.388890,-0.370131,-0.423104,0.381428,-0.597269,0.467378,0.057392,-0.431929,0.303490,0.314722,-1.715178,1.595850,3.743753,-0.473980,0.132847,0.094108,-0.196973,0.006700,-0.136737,0.000315,0.136099
21.554224,1.593004,-0.428301,-0.111933,0.993859,-0.948023,0.742888,0.224840,0.385034,-0.366112,-0.426015,0.380907,-0.597271,0.467366,0.057587,-0.431799,0.303583,0.314535,-1.715170,1.595712,3.743751,-0.473842,0.132389,0.093741,-0.193684,0.007004,-0.137114,-0.000332,0.136714
21.554946,1.592378,-0.429127,-0.108349,0.995628,-0.945801,0.743093,0.224128,0.373484,-0.359481,-0.435381,0.380204,-0.597224,0.467453,0.057739,-0.431664,0.303674,0.314340,-1.715163,1.595572,3.743749,-0.473703,0.133328,0.092834,-0.193104,0.007544,-0.137580,-0.001554,0.138373
21.555970,1.592646,-0.429608,-0.109409,0.994306,-0.944816,0.742853,0.224733,0.356198,-0.349606,-0.449652,0.378603,-0.597050,0.467596,0.057829,-0.431534,0.303764,0.314149,-1.715159,1.595429,3.743750,-0.473562,0.132644,0.092347,-0.193328,0.006171,-0.138595,-0.001752,0.139089
21.557051,1.593586,-0.430045,-0.110166,0.996867,-0.943788,0.743095,0.223310,0.337683,-0.337014,-0.465093,0.375847,-0.596771,0.467672,0.057863,-0.431404,0.303856,0.313960,-1.715146,1.595292,3.743751,-0.473429,0.131774,0.091734,-0.191528,0.007917,-0.138518,-0.001516,0.137130
21.558087,1.589702,-0.434216,-0.109451,0.996705,-0.943223,0.742598,0.222859,0.320432,-0.322000,-0.479667,0.371672,-0.596365,0.467605,0.057861,-0.431277,0.303944,0.313774,-1.715144,1.595156,3.743749,-0.473284,0.130639,0.091160,-0.189983,0.006014,-0.138517,-0.001750,0.139241
21.558982,1.588698,-0.434098,-0.112572,0.996461,-0.940217,0.742493,0.222226,0.303980,-0.307317,-0.493693,0.367413,-0.595947,0.467516,0.057852,-0.431144,0.304039,0.313587,-1.715136,1.595017,3.743753,-0.473143,0.131845,0.092373,-0.189129,0.006725,-0.138002,-0.001268,0.139370
21.559957,1.589320,-0.437296,-0.108457,0.997859,-0.938249,0.741998,0.222473,0.285653,-0.294991,-0.509297,0.363982,-0.595518,0.467580,0.057843,-0.431010,0.304130,0.313404,-1.715127,1.594873,3.743754,-0.473004,0.131445,0.091423,-0.186246,0.007365,-0.139871,-0.001172,0.139918
21.560931,1.593904,-0.436677,-0.112463,0.997391,-0.937358,0.740380,0.223305,0.265452,-0.284638,-0.526480,0.360875,-0.594975,0.467775,0.057842,-0.430881,0.304222,0.313217,-1.715122,1.594729,3.743753,-0.472865,0.130361,0.092177,-0.187063,0.006520,-0.140687,-0.000670,0.138669
21.561964,1.592828,-0.439353,-0.111284,0.998032,-0.936474,0.741326,0.221860,0.248138,-0.276216,-0.541319,0.357689,-0.594389,0.467916,0.057872,-0.430761,0.304310,0.313041,-1.715114,1.594589,3.743754,-0.472734,0.127390,0.091031,-0.183869,0.007485,-0.140470,0.000954,0.136294
21.563074,1.595145,-0.439904,-0.111558,0.999533,-0.935846,0.741774,0.222925,0.236429,-0.268729,-0.551626,0.353715,-0.593766,0.467864,0.057959,-0.430633,0.304403,0.312859,-1.715108,1.594448,3.743754,-0.472593,0.127240,0.091524,-0.183327,0.007395,-0.140263,-0.000013,0.138475
21.564167,1.595923,-0.444019,-0.110777,0.999794,-0.934855,0.743359,0.222118,0.230070,-0.262565,-0.557622,0.349294,-0.593152,0.467675,0.058112,-0.430511,0.304494,0.312676,-1.715103,1.594308,3.743751,-0.472463,0.125502,0.090969,-0.182084,0.006540,-0.139831,-0.000437,0.135569
21.565016,1.597509,-0.439319,-0.111803,0.999860,-0.935652,0.741934,0.222940,0.229371,-0.260162,-0.558946,0.345754,-0.592717,0.467490,0.058323,-0.430390,0.304589,0.312497,-1.715095,1.594169,3.743747,-0.472326,0.124535,0.092167,-0.181413,0.006840,-0.139769,-0.002013,0.136473
21.566005,1.597119,-0.442827,-0.109537,1.002109,-0.934195,0.741954,0.222921,0.234169,-0.259938,-0.555742,0.342412,-0.592398,0.467266,0.058587,-0.430269,0.304671,0.312322,-1.715088,1.594032,3.743751,-0.472197,0.122965,0.089001,-0.179633,0.007192,-0.137846,-0.000584,0.134123
21.567009,1.595348,-0.443897,-0.109896,0.999772,-0.932829,0.742535,0.223436,0.243400,-0.258083,-0.548993,0.337874,-0.592051,0.466819,0.058895,-0.430149,0.304764,0.312141,-1.715084,1.593894,3.743748,-0.472065,0.122533,0.089915,-0.179590,0.005530,-0.138248,-0.000601,0.133470
21.567953,1.595631,-0.446544,-0.113682,1.000845,-0.931116,0.740886,0.224461,0.255225,-0.254969,-0.540186,0.332492,-0.591659,0.466222,0.059220,-0.430027,0.304853,0.311964,-1.715071,1.593757,3.743749,-0.471938,0.122766,0.089621,-0.178267,0.008289,-0.138551,-0.001188,0.131737
21.569046,1.597259,-0.445470,-0.114286,1.001215,-0.931325,0.741521,0.225709,0.266064,-0.251478,-0.532192,0.326461,-0.591091,0.465675,0.059526,-0.429909,0.304944,0.311799,-1.715066,1.593620,3.743752,-0.471816,0.121952,0.090083,-0.175307,0.007698,-0.139181,0.000462,0.129015
21.569958,1.597951,-0.444680,-0.110076,1.002464,-0.931103,0.740221,0.225501,0.273716,-0.247201,-0.526771,0.319777,-0.590260,0.465207,0.059797,-0.429791,0.305031,0.311630,-1.715058,1.593483,3.743750,-0.471698,0.120590,0.088759,-0.174073,0.007911,-0.137919,-0.000183,0.125840
21.570939,1.595575,-0.444683,-0.112351,1.004315,-0.931798,0.740571,0.227069,0.280977,-0.241115,-0.521631,0.312242,-0.589236,0.464622,0.060066,-0.429673,0.305116,0.311453,-1.715053,1.593350,3.743753,-0.471573,0.119557,0.087560,-0.174989,0.007171,-0.137102,0.001118,0.125617
21.572002,1.596395,-0.448772,-0.109957,1.002725,-0.933567,0.740386,0.226023,0.289914,-0.232707,-0.515047,0.304038,-0.588127,0.463769,0.060370,-0.429553,0.305201,0.311287,-1.715048,1.593215,3.743753,-0.471456,0.120108,0.086786,-0.172792,0.005867,-0.135349,0.000752,0.121799
21.573028,1.595789,-0.448952,-0.109100,1.004627,-0.933577,0.740554,0.226363,0.299247,-0.224287,-0.507923,0.296476,-0.587071,0.462792,0.060706,-0.429434,0.305294,0.311112,-1.715037,1.593088,3.743753,-0.471331,0.119116,0.087991,-0.172972,0.007946,-0.132620,0.000940,0.123248
21.573938,1.591722,-0.448759,-0.107456,1.003401,-0.934910,0.740636,0.226401,0.309755,-0.218746,-0.499517,0.290493,-0.586202,0.461852,0.061059,-0.429314,0.305380,0.310943,-1.715032,1.592957,3.743751,-0.471216,0.118803,0.087289,-0.172382,0.006595,-0.131641,0.000782,0.121892
21.575048,1.592211,-0.453757,-0.110222,1.004252,-0.934548,0.739607,0.227054,0.321230,-0.215573,-0.490009,0.285749,-0.585503,0.460958,0.061401,-0.429193,0.305464,0.310771,-1.715023,1.592832,3.743752,-0.471098,0.120132,0.086403,-0.172041,0.008263,-0.129317,0.000698,0.121183
21.575955,1.592977,-0.455904,-0.109779,1.003577,-0.935531,0.740084,0.228281,0.330703,-0.213958,-0.481810,0.281937,-0.584886,0.460180,0.061692,-0.429075,0.305553,0.310607,-1.715017,1.592706,3.743753,-0.470983,0.119336,0.088125,-0.169766,0.008015,-0.128778,0.001730,0.119200
21.576957,1.593669,-0.458435,-0.108377,1.005643,-0.932299,0.740673,0.228653,0.337734,-0.216708,-0.475194,0.280110,-0.584466,0.459683,0.061910,-0.428960,0.305643,0.310439,-1.715004,1.592581,3.743753,-0.470871,0.118303,0.088333,-0.168889,0.009036,-0.126817,0.001241,0.116119
21.578015,1.591118,-0.459798,-0.110824,1.006989,-0.932049,0.740986,0.229179,0.344924,-0.225972,-0.468058,0.281005,-0.584382,0.459515,0.062061,-0.428845,0.305734,0.310270,-1.714999,1.592450,3.743750,-0.470759,0.117387,0.088755,-0.168552,0.007518,-0.129088,0.000669,0.114762
21.579017,1.592518,-0.458311,-0.111338,1.006727,-0.933124,0.742003,0.229354,0.352533,-0.242004,-0.460258,0.284984,-0.584659,0.459680,0.062174,-0.428725,0.305820,0.310109,-1.714994,1.592325,3.743749,-0.470650,0.118085,0.088649,-0.166426,0.006792,-0.128376,0.000365,0.113078
21.579973,1.589723,-0.460637,-0.113317,1.006508,-0.931722,0.742327,0.230123,0.358077,-0.261735,-0.453985,0.291018,-0.585115,0.460110,0.062277,-0.428614,0.305907,0.309945,-1.714986,1.592198,3.743748,-0.470539,0.116829,0.087100,-0.165202,0.007555,-0.126330,-0.000652,0.112107
21.581034,1.584774,-0.458606,-0.110907,1.007751,-0.933670,0.741718,0.231117,0.360143,-0.280102,-0.450657,0.296623,-0.585424,0.460649,0.062393,-0.428494,0.305995,0.309786,-1.714977,1.592074,3.743747,-0.470438,0.117578,0.087453,-0.163246,0.008222,-0.126812,-0.000964,0.109974
21.581971,1.586135,-0.461709,-0.112604,1.008026,-0.933979,0.742953,0.231424,0.356791,-0.294502,-0.452018,0.300633,-0.585391,0.461231,0.062532,-0.428372,0.306078,0.309622,-1.714971,1.591956,3.743748,-0.470336,0.119453,0.085678,-0.163561,0.007555,-0.123976,-0.000355,0.107381
21.582969,1.593537,-0.466153,-0.110371,1.009032,-0.934677,0.741945,0.232134,0.347476,-0.304974,-0.458506,0.303326,-0.585045,0.461831,0.062702,-0.428256,0.306165,0.309463,-1.714963,1.591831,3.743746,-0.470235,0.118099,0.086438,-0.161703,0.007742,-0.122715,-0.001594,0.106204
21.584043,1.589923,-0.465389,-0.107646,1.010263,-0.935438,0.741639,0.231015,0.338865,-0.316133,-0.464516,0.306324,-0.584752,0.462451,0.062924,-0.428149,0.306256,0.309303,-1.714959,1.591713,3.743748,-0.470135,0.113877,0.087826,-0.161910,0.007317,-0.121147,-0.000576,0.104193
21.585037,1.587924,-0.467909,-0.108040,1.011153,-0.932854,0.741402,0.231923,0.338753,-0.332281,-0.463579,0.311038,-0.584897,0.463036,0.063221,-0.428030,0.306339,0.309140,-1.714951,1.591597,3.743748,-0.470027,0.115181,0.086680,-0.162387,0.006639,-0.119550,-0.000278,0.105835
21.585966,1.583055,-0.466483,-0.106919,1.011478,-0.933770,0.740600,0.232845,0.345497,-0.352265,-0.457107,0.317232,-0.585448,0.463568,0.063576,-0.427914,0.306426,0.308981,-1.714944,1.591474,3.743747,-0.469927,0.115572,0.087161,-0.161243,0.006273,-0.121243,-0.000036,0.103399
21.587080,1.587954,-0.470188,-0.110245,1.012145,-0.930825,0.740884,0.233365,0.355704,-0.391437,-0.447457,0.330036,-0.586675,0.464674,0.064237,-0.427685,0.306598,0.308665,-1.714930,1.591232,3.743747,-0.469734,0.114412,0.086739,-0.158366,0.006358,-0.121483,0.000479,0.099376
21.588067,1.586923,-0.471725,-0.110266,1.014048,-0.930037,0.740162,0.233909,0.355704,-0.391437,-0.447457,0.330036,-0.586675,0.464674,0.064237,-0.427685,0.306598,0.308665,-1.714930,1.591232,3.743747,-0.469734,0.114412,0.086739,-0.158366,0.006358,-0.121483,0.000479,0.099376
21.589046,1.584658,-0.472231,-0.109346,1.013625,-0.930005,0.739964,0.233817,0.357768,-0.409900,-0.445488,0.336227,-0.587235,0.465295,0.064503,-0.427569,0.306684,0.308511,-1.714927,1.591112,3.743749,-0.469640,0.114357,0.086711,-0.157496,0.005057,-0.121359,0.001197,0.097731
21.589971,1.583496,-0.477104,-0.106975,1.014180,-0.930749,0.739747,0.234381,0.359046,-0.429053,-0.444395,0.342982,-0.587856,0.465993,0.064738,-0.427456,0.306768,0.308356,-1.714919,1.590992,3.743749,-0.469544,0.114923,0.086184,-0.157067,0.005971,-0.120485,0.001395,0.097362
21.590953,1.584790,-0.474635,-0.106357,1.014307,-0.930676,0.741112,0.234300,0.359399,-0.448636,-0.444282,0.350159,-0.588526,0.466760,0.064960,-0.427341,0.306857,0.308198,-1.714913,1.590876,3.743752,-0.469457,0.114867,0.087795,-0.157281,0.005918,-0.118858,0.001593,0.095704
21.592051,1.584803,-0.479149,-0.108524,1.014975,-0.930069,0.742095,0.234398,0.360855,-0.468666,-0.443452,0.357507,-0.589278,0.467552,0.065200,-0.427228,0.306938,0.308045,-1.714907,1.590760,3.743747,-0.469364,0.113637,0.085800,-0.156714,0.006313,-0.118075,0.000241,0.095327
21.592970,1.583109,-0.477123,-0.106520,1.016041,-0.931838,0.742697,0.236273,0.364601,-0.487690,-0.440940,0.364258,-0.590059,0.468303,0.065481,-0.427117,0.307026,0.307894,-1.714900,1.590645,3.743746,-0.469269,0.113190,0.087306,-0.154894,0.006241,-0.117873,-0.000734,0.094542
21.594014,1.583431,-0.476395,-0.106310,1.016640,-0.933164,0.741568,0.235966,0.369382,-0.505330,-0.437723,0.370499,-0.590865,0.469060,0.065786,-0.427004,0.307105,0.307739,-1.714895,1.590537,3.743747,-0.469187,0.113417,0.085530,-0.154965,0.005676,-0.115281,-0.001336,0.090261
21.594917,1.585270,-0.476554,-0.105954,1.017635,-0.933284,0.742036,0.237541,0.374530,-0.519523,-0.434341,0.375738,-0.591659,0.469696,0.066086,-0.426893,0.307188,0.307588,-1.714888,1.590422,3.743748,-0.469093,0.112756,0.084438,-0.154292,0.005637,-0.113137,-0.000198,0.090353
21.595967,1.587059,-0.474801,-0.106078,1.016663,-0.932821,0.741714,0.236329,0.381350,-0.527795,-0.429765,0.378994,-0.592372,0.469985,0.066383,-0.426785,0.307268,0.307436,-1.714885,1.590314,3.743747,-0.469014,0.111257,0.083773,-0.153533,0.005189,-0.112225,-0.000676,0.086681
21.596960,1.585214,-0.476886,-0.104944,1.018061,-0.932395,0.741884,0.235889,0.391761,-0.529023,-0.422487,0.379422,-0.592923,0.469808,0.066691,-0.426678,0.307347,0.307286,-1.714875,1.590203,3.743747,-0.468919,0.109918,0.082206,-0.152716,0.006670,-0.111911,-0.000347,0.088588
21.597989,1.586671,-0.471467,-0.105839,1.018560,-0.932334,0.741305,0.235874,0.405832,-0.522930,-0.412522,0.376555,-0.593216,0.469176,0.067020,-0.426568,0.307430,0.307132,-1.714871,1.590095,3.743748,-0.468830,0.110330,0.082507,-0.152421,0.005827,-0.111557,-0.000526,0.088913
21.599035,1.585858,-0.473462,-0.105008,1.017276,-0.930855,0.741507,0.235571,0.421610,-0.509648,-0.401468,0.370667,-0.593213,0.468136,0.067364,-0.426462,0.307504,0.306983,-1.714866,1.589984,3.743751,-0.468746,0.108812,0.079031,-0.150794,0.005741,-0.110665,0.000048,0.088337
21.600030,1.588238,-0.473808,-0.099393,1.018743,-0.932473,0.740309,0.236216,0.456205,-0.457617,-0.377850,0.348039,-0.591996,0.464667,0.068013,-0.426258,0.307660,0.306691,-1.714856,1.589766,3.743753,-0.468573,0.105230,0.078249,-0.150109,0.005579,-0.107998,0.001079,0.086125
21.601045,1.581404,-0.479988,-0.100833,1.018710,-0.931394,0.741285,0.235558,0.456205,-0.457617,-0.377850,0.348039,-0.591996,0.464667,0.068013,-0.426258,0.307660,0.306691,-1.714856,1.589766,3.743753,-0.468573,0.105230,0.078249,-0.150109,0.005579,-0.107998,0.001079,0.086125
21.601965,1.579169,-0.476151,-0.095702,1.019717,-0.931885,0.740722,0.235323,0.477674,-0.428734,-0.362704,0.335650,-0.591355,0.462591,0.068302,-0.426146,0.307745,0.306550,-1.714850,1.589659,3.743749,-0.468484,0.107170,0.080287,-0.147438,0.005630,-0.107876,0.000123,0.086701
21.603019,1.580471,-0.474145,-0.095863,1.018624,-0.931817,0.741969,0.236084,0.497095,-0.404757,-0.348991,0.326204,-0.591001,0.460740,0.068570,-0.426039,0.307817,0.306400,-1.714849,1.589558,3.743751,-0.468397,0.106830,0.077415,-0.148051,0.004708,-0.106209,0.000705,0.086448
21.603975,1.576040,-0.478692,-0.092910,1.018379,-0.930496,0.740316,0.234401,0.526962,-0.354198,-0.328884,0.307685,-0.590024,0.457090,0.069052,-0.425833,0.307967,0.306113,-1.714834,1.589351,3.743748,-0.468225,0.105588,0.076822,-0.145567,0.005970,-0.105231,0.001177,0.086822
21.605072,1.573209,-0.476170,-0.090875,1.019326,-0.932199,0.740350,0.235797,0.537545,-0.326942,-0.322479,0.297704,-0.589250,0.455289,0.069289,-0.425728,0.308038,0.305970,-1.714831,1.589254,3.743747,-0.468149,0.105556,0.074613,-0.144636,0.005075,-0.102347,0.001152,0.083224
21.606038,1.570623,-0.478300,-0.082799,1.019789,-0.933454,0.741162,0.235188,0.537545,-0.326942,-0.322479,0.297704,-0.589250,0.455289,0.069289,-0.425728,0.308038,0.305970,-1.714831,1.589254,3.743747,-0.468149,0.105556,0.074613,-0.144636,0.005075,-0.102347,0.001152,0.083224
21.607135,1.571003,-0.479481,-0.082435,1.018640,-0.933365,0.742503,0.235252,0.545557,-0.300866,-0.318140,0.288566,-0.588450,0.453571,0.069521,-0.425625,0.308114,0.305820,-1.714829,1.589160,3.743747,-0.468063,0.105439,0.074745,-0.146697,0.004719,-0.100004,0.000350,0.083752
21.608014,1.566847,-0.482888,-0.083114,1.020204,-0.934568,0.741948,0.235897,0.554561,-0.277394,-0.312897,0.280526,-0.587737,0.451941,0.069748,-0.425525,0.308188,0.305679,-1.714821,1.589064,3.743745,-0.467981,0.103854,0.074384,-0.144919,0.005826,-0.098974,-0.000966,0.082840
21.608971,1.564471,-0.484268,-0.079780,1.019705,-0.935992,0.742225,0.236470,0.563863,-0.258790,-0.307212,0.274386,-0.587173,0.450583,0.069956,-0.425420,0.308267,0.305539,-1.714819,1.588973,3.743747,-0.467905,0.104538,0.075103,-0.142713,0.004309,-0.096709,-0.000391,0.080883
21.609990,1.560052,-0.482439,-0.077990,1.019669,-0.934822,0.742446,0.237400,0.569658,-0.247126,-0.304087,0.271483,-0.586837,0.449683,0.070110,-0.425315,0.308341,0.305398,-1.714812,1.588882,3.743747,-0.467827,0.104304,0.074852,-0.142508,0.004790,-0.094216,-0.000654,0.079038
21.611021,1.559281,-0.483636,-0.074492,1.020120,-0.934975,0.741179,0.236520,0.570638,-0.240287,-0.304674,0.270883,-0.586597,0.449156,0.070191,-0.425210,0.308409,0.305259,-1.714807,1.588785,3.743747,-0.467755,0.105080,0.073045,-0.141512,0.004832,-0.094280,-0.000857,0.076474
21.612088,1.557506,-0.484179,-0.075003,1.021752,-0.933076,0.740624,0.235458,0.567631,-0.233768,-0.308457,0.270276,-0.586206,0.448750,0.070222,-0.425109,0.308480,0.305117,-1.714804,1.588695,3.743750,-0.467673,0.104059,0.072760,-0.141353,0.004438,-0.093055,0.000426,0.077530
21.612980,1.555151,-0.483457,-0.071614,1.019879,-0.934273,0.740650,0.235468,0.562348,-0.227180,-0.314018,0.269512,-0.585709,0.448344,0.070262,-0.425006,0.308550,0.304984,-1.714802,1.588600,3.743751,-0.467592,0.103535,0.072129,-0.139247,0.002911,-0.093850,0.000987,0.078903
21.613967,1.555192,-0.483702,-0.067071,1.020545,-0.935328,0.740293,0.234696,0.555653,-0.220237,-0.320656,0.268416,-0.585122,0.447893,0.070338,-0.424902,0.308619,0.304847,-1.714793,1.588514,3.743747,-0.467519,0.103326,0.070892,-0.139131,0.004716,-0.091616,0.000992,0.078212
21.615037,1.550567,-0.486574,-0.065135,1.021850,-0.935939,0.739911,0.235544,0.549944,-0.210804,-0.326533,0.265559,-0.584361,0.447272,0.070450,-0.424803,0.308687,0.304709,-1.714789,1.588430,3.743751,-0.467440,0.101928,0.070150,-0.139546,0.004064,-0.089568,0.001348,0.079058
21.616045,1.549149,-0.486006,-0.068427,1.021680,-0.936532,0.740996,0.234666,0.547511,-0.200807,-0.329712,0.261801,-0.583613,0.446499,0.070610,-0.424698,0.308758,0.304572,-1.714790,1.588342,3.743752,-0.467370,0.102830,0.070688,-0.138630,0.002909,-0.087915,0.001746,0.076615
21.617105,1.542781,-0.488847,-0.060333,1.021998,-0.937462,0.741228,0.235129,0.544995,-0.193195,-0.332763,0.259082,-0.583032,0.445807,0.070819,-0.424598,0.308824,0.304443,-1.714787,1.588261,3.743747,-0.467289,0.102142,0.069545,-0.135207,0.003149,-0.086348,0.000690,0.077681
21.618237,1.541953,-0.490867,-0.057236,1.023055,-0.936143,0.741265,0.235158,0.538898,-0.188146,-0.338487,0.257730,-0.582548,0.445356,0.071064,-0.424490,0.308894,0.304303,-1.714783,1.588177,3.743750,-0.467218,0.103885,0.070083,-0.137411,0.002891,-0.084409,0.000468,0.076014
21.619064,1.540832,-0.486130,-0.059269,1.023080,-0.937739,0.741291,0.235031,0.531182,-0.187446,-0.345169,0.258409,-0.582251,0.445188,0.071330,-0.424389,0.308965,0.304166,-1.714782,1.588088,3.743748,-0.467146,0.102864,0.070182,-0.137051,0.001946,-0.084674,0.000468,0.075224
21.620067,1.541003,-0.491218,-0.061074,1.021755,-0.939297,0.741715,0.235674,0.523948,-0.189518,-0.351108,0.260360,-0.582091,0.445150,0.071610,-0.424288,0.309026,0.304038,-1.714780,1.588014,3.743746,-0.467072,0.102075,0.067003,-0.134298,0.002007,-0.082184,0.000466,0.074851
21.621062,1.538101,-0.489885,-0.056469,1.024448,-0.940031,0.741573,0.234862,0.516065,-0.189639,-0.357437,0.261348,-0.581785,0.445079,0.071889,-0.424192,0.309100,0.303911,-1.714774,1.587936,3.743743,-0.467003,0.100655,0.068661,-0.131660,0.003316,-0.079685,0.000073,0.072871
21.622009,1.533330,-0.487172,-0.057628,1.021893,-0.938932,0.740997,0.235772,0.507502,-0.189050,-0.364241,0.261884,-0.581396,0.445045,0.072155,-0.424090,0.309163,0.303777,-1.714778,1.587861,3.743746,-0.466928,0.100732,0.067155,-0.132174,0.000822,-0.078051,0.000221,0.073825
21.623010,1.536370,-0.486803,-0.056198,1.024317,-0.941888,0.740993,0.235371,0.497885,-0.186794,-0.371921,0.261697,-0.580855,0.444980,0.072409,-0.423985,0.309223,0.303654,-1.714771,1.587788,3.743749,-0.466863,0.101702,0.065024,-0.129901,0.003385,-0.078283,0.000801,0.071329
21.624009,1.533982,-0.491343,-0.052036,1.024395,-0.941427,0.742316,0.236068,0.486642,-0.178264,-0.381126,0.258702,-0.579883,0.444664,0.072651,-0.423893,0.309285,0.303529,-1.714775,1.587722,3.743748,-0.466792,0.098872,0.064048,-0.128910,0.001158,-0.074467,0.000828,0.071470
21.625012,1.531385,-0.492780,-0.053555,1.023685,-0.940557,0.742262,0.237232,0.477620,-0.167226,-0.388561,0.254575,-0.578798,0.444150,0.072898,-0.423794,0.309354,0.303400,-1.714775,1.587649,3.743746,-0.466728,0.098737,0.065463,-0.129252,0.001227,-0.074076,-0.000483,0.069398
21.626093,1.527502,-0.489963,-0.045689,1.025035,-0.942374,0.741531,0.236570,0.472424,-0.160242,-0.392650,0.252135,-0.577967,0.443740,0.073149,-0.423696,0.309420,0.303277,-1.714772,1.587576,3.743746,-0.466668,0.098691,0.065330,-0.126776,0.002009,-0.074057,-0.000395,0.066418
21.627073,1.527912,-0.492168,-0.049260,1.024492,-0.944256,0.740652,0.236978,0.469110,-0.156666,-0.394988,0.251041,-0.577285,0.443473,0.073398,-0.423595,0.309479,0.303144,-1.714774,1.587510,3.743750,-0.466601,0.099244,0.063132,-0.128937,0.000827,-0.071387,0.000339,0.067075
21.628019,1.525199,-0.494769,-0.050659,1.025492,-0.944082,0.741614,0.236788,0.467567,-0.153544,-0.395758,0.250196,-0.576656,0.443149,0.073649,-0.423500,0.309540,0.303028,-1.714772,1.587448,3.743751,-0.466539,0.097702,0.063472,-0.125487,0.001469,-0.068730,0.001227,0.065595
21.628943,1.523308,-0.493281,-0.048760,1.024513,-0.944215,0.741762,0.237379,0.465900,-0.152124,-0.396480,0.250359,-0.576163,0.442871,0.073875,-0.423403,0.309606,0.302908,-1.714773,1.587380,3.743750,-0.466473,0.097755,0.063936,-0.123162,0.000606,-0.068094,0.000271,0.065342
21.629937,1.522812,-0.491650,-0.041449,1.025866,-0.945434,0.742226,0.237156,0.461452,-0.153270,-0.399366,0.251935,-0.575800,0.442802,0.074039,-0.423306,0.309665,0.302786,-1.714769,1.587319,3.743748,-0.466412,0.097368,0.062422,-0.122476,0.001630,-0.067193,0.000160,0.063530
21.631038,1.523224,-0.494503,-0.040042,1.026999,-0.947868,0.741350,0.237142,0.457163,-0.153884,-0.402185,0.253206,-0.575420,0.442729,0.074146,-0.423213,0.309721,0.302659,-1.714771,1.587256,3.743747,-0.466352,0.096328,0.060872,-0.124423,0.000437,-0.065183,-0.000283,0.063352
21.632129,1.517420,-0.497444,-0.040699,1.026326,-0.948705,0.742529,0.237681,0.458929,-0.154091,-0.400120,0.254089,-0.575162,0.442434,0.074229,-0.423120,0.309783,0.302537,-1.714772,1.587201,3.743748,-0.466291,0.094810,0.061523,-0.123405,-0.000504,-0.062010,0.000619,0.062687
21.632993,1.519096,-0.496443,-0.037983,1.026227,-0.950233,0.742405,0.237959,0.465998,-0.158139,-0.393607,0.256720,-0.575267,0.442110,0.074303,-0.423020,0.309846,0.302419,-1.714771,1.587144,3.743747,-0.466234,0.096364,0.062188,-0.121418,0.000289,-0.060445,-0.000551,0.060933
21.634089,1.513183,-0.498999,-0.039390,1.026552,-0.950705,0.742222,0.238306,0.474051,-0.166582,-0.386163,0.261291,-0.575641,0.441955,0.074372,-0.422930,0.309904,0.302298,-1.714771,1.587093,3.743748,-0.466175,0.094258,0.060920,-0.121161,0.000500,-0.058262,-0.000406,0.059801
21.635000,1.510724,-0.499330,-0.035626,1.026104,-0.952646,0.742529,0.239140,0.481183,-0.177111,-0.379460,0.266656,-0.576098,0.441946,0.074451,-0.422830,0.309967,0.302183,-1.714771,1.587040,3.743746,-0.466121,0.095870,0.061411,-0.118823,0.000317,-0.057098,-0.000191,0.058447
21.635994,1.509583,-0.493817,-0.038952,1.025822,-0.954029,0.741965,0.239565,0.484951,-0.188951,-0.375553,0.272616,-0.576550,0.442131,0.074552,-0.422733,0.310026,0.302065,-1.714769,1.586990,3.743745,-0.466068,0.095763,0.060800,-0.119121,0.000845,-0.054495,-0.000482,0.056192
21.637017,1.506616,-0.500017,-0.035112,1.024807,-0.955449,0.741682,0.240254,0.484142,-0.197850,-0.375620,0.277262,-0.576751,0.442358,0.074675,-0.422640,0.310077,0.301957,-1.714767,1.586943,3.743747,-0.466016,0.095046,0.057356,-0.115922,0.001216,-0.052484,0.000100,0.054743
21.637976,1.507960,-0.496075,-0.034407,1.025504,-0.956968,0.742555,0.239139,0.479471,-0.200160,-0.379220,0.278717,-0.576509,0.442431,0.074820,-0.422545,0.310141,0.301842,-1.714763,1.586898,3.743750,-0.465969,0.095215,0.059696,-0.116289,0.002283,-0.050452,0.000376,0.052760
21.638936,1.505052,-0.500408,-0.033163,1.025716,-0.957561,0.743035,0.240318,0.473762,-0.198603,-0.383945,0.277893,-0.576001,0.442385,0.074991,-0.422456,0.310193,0.301729,-1.714761,1.586854,3.743748,-0.465915,0.093301,0.056998,-0.115063,0.001646,-0.048340,-0.000475,0.054422
21.640060,1.508021,-0.502150,-0.031848,1.027029,-0.959160,0.742758,0.241014,0.469812,-0.195892,-0.387408,0.275985,-0.575457,0.442257,0.075187,-0.422362,0.310257,0.301615,-1.714760,1.586809,3.743746,-0.465870,0.093478,0.058392,-0.114123,0.001561,-0.047161,-0.000925,0.051452
21.641020,1.506883,-0.501369,-0.032112,1.026530,-0.961065,0.742610,0.240820,0.469052,-0.196147,-0.388276,0.275030,-0.575165,0.442175,0.075375,-0.422276,0.310316,0.301505,-1.714763,1.586770,3.743747,-0.465821,0.090748,0.058484,-0.113221,0.000442,-0.044979,-0.000623,0.049424
21.641969,1.500861,-0.500669,-0.029721,1.025411,-0.960247,0.741786,0.241629,0.473116,-0.201681,-0.385119,0.276129,-0.575319,0.442172,0.075535,-0.422190,0.310370,0.301399,-1.714759,1.586732,3.743745,-0.465772,0.090135,0.057382,-0.111604,0.000997,-0.042536,-0.000449,0.049249
21.643074,1.498759,-0.501383,-0.028465,1.026372,-0.962975,0.742357,0.241487,0.479450,-0.207933,-0.380190,0.277185,-0.575610,0.442110,0.075659,-0.422094,0.310423,0.301287,-1.714754,1.586688,3.743746,-0.465732,0.091856,0.056349,-0.111270,0.002139,-0.042791,0.000394,0.047068
21.644062,1.499422,-0.503967,-0.029419,1.025883,-0.962910,0.742551,0.242249,0.483426,-0.211244,-0.377388,0.276656,-0.575708,0.441975,0.075737,-0.422004,0.310478,0.301179,-1.714756,1.586657,3.743746,-0.465688,0.091626,0.055997,-0.110369,0.001336,-0.039546,-0.000171,0.046749
21.644962,1.500927,-0.503378,-0.028270,1.026640,-0.964441,0.743553,0.241771,0.484380,-0.213345,-0.377171,0.275473,-0.575683,0.441884,0.075787,-0.421917,0.310534,0.301075,-1.714754,1.586619,3.743749,-0.465647,0.090072,0.056565,-0.108430,0.001929,-0.039094,-0.000362,0.044646
21.646037,1.499036,-0.508329,-0.025215,1.026696,-0.964923,0.742349,0.242285,0.485047,-0.216613,-0.377219,0.274568,-0.575696,0.441895,0.075843,-0.421833,0.310587,0.300969,-1.714755,1.586589,3.743745,-0.465603,0.088145,0.055572,-0.107552,0.001311,-0.037107,-0.001334,0.045090
21.647026,1.494228,-0.506997,-0.023010,1.025583,-0.967435,0.742488,0.243342,0.488537,-0.223048,-0.374932,0.274724,-0.575883,0.442011,0.075928,-0.421746,0.310648,0.300860,-1.714753,1.586554,3.743748,-0.465564,0.087889,0.057288,-0.107547,0.001358,-0.036113,-0.000103,0.043452
21.648046,1.495250,-0.508197,-0.023485,1.025878,-0.967771,0.740846,0.243028,0.494616,-0.233656,-0.370432,0.276416,-0.576258,0.442271,0.076028,-0.421655,0.310700,0.300753,-1.714749,1.586528,3.743745,-0.465529,0.089036,0.055916,-0.107163,0.002512,-0.033164,-0.000224,0.040791
21.648991,1.494234,-0.508435,-0.022345,1.026410,-0.968477,0.741008,0.243175,0.500902,-0.245471,-0.365701,0.278351,-0.576608,0.442599,0.076122,-0.421571,0.310754,0.300655,-1.714748,1.586500,3.743748,-0.465488,0.087326,0.055837,-0.105515,0.002323,-0.032404,0.001436,0.040871
21.650137,1.495890,-0.509020,-0.022994,1.026402,-0.969462,0.741754,0.243884,0.507103,-0.256341,-0.361001,0.279715,-0.576847,0.442880,0.076217,-0.421488,0.310810,0.300553,-1.714748,1.586469,3.743746,-0.465452,0.086679,0.055228,-0.104674,0.001910,-0.031240,0.001287,0.040046
21.651007,1.490019,-0.509076,-0.023613,1.026189,-0.970062,0.740864,0.244383,0.514277,-0.266274,-0.355466,0.280624,-0.577019,0.443090,0.076317,-0.421406,0.310863,0.300454,-1.714746,1.586442,3.743746,-0.465419,0.084657,0.054830,-0.102913,0.002023,-0.029799,0.000555,0.038021
21.652018,1.490714,-0.507303,-0.022051,1.026580,-0.969928,0.742228,0.244343,0.520704,-0.274372,-0.350536,0.280799,-0.577048,0.443264,0.076405,-0.421317,0.310916,0.300356,-1.714743,1.586415,3.743748,-0.465386,0.086417,0.054165,-0.101245,0.002286,-0.028793,0.001466,0.036547
21.653010,1.485972,-0.504920,-0.020899,1.027445,-0.971853,0.741265,0.244887,0.523398,-0.278631,-0.348699,0.279536,-0.576767,0.443403,0.076473,-0.421235,0.310967,0.300258,-1.714742,1.586387,3.743745,-0.465352,0.084879,0.052611,-0.100651,0.002002,-0.028496,0.000114,0.036094
21.653983,1.484224,-0.508720,-0.017468,1.026631,-0.973509,0.740759,0.246129,0.522251,-0.276628,-0.350116,0.275968,-0.576075,0.443391,0.076528,-0.421145,0.311016,0.300161,-1.714741,1.586368,3.743747,-0.465320,0.086034,0.050779,-0.099853,0.001258,-0.026195,0.001109,0.034470
21.654991,1.483378,-0.510056,-0.015570,1.027199,-0.974187,0.741462,0.246864,0.518415,-0.269193,-0.353801,0.270592,-0.575081,0.443202,0.076571,-0.421060,0.311070,0.300060,-1.714739,1.586349,3.743750,-0.465294,0.085705,0.052008,-0.100160,0.002151,-0.024201,0.001611,0.031475
21.656049,1.479155,-0.514653,-0.015749,1.027192,-0.973195,0.741611,0.246076,0.514477,-0.261413,-0.357433,0.265415,-0.574117,0.442990,0.076613,-0.420976,0.311122,0.299962,-1.714736,1.586326,3.743747,-0.465270,0.084948,0.051985,-0.099715,0.001646,-0.023143,0.000931,0.029515
21.657020,1.477527,-0.516326,-0.014569,1.026447,-0.974556,0.742258,0.247318,0.511546,-0.258420,-0.359884,0.262541,-0.573465,0.442991,0.076683,-0.420889,0.311179,0.299866,-1.714733,1.586299,3.743747,-0.465239,0.085851,0.053557,-0.098243,0.001730,-0.023707,0.000806,0.030568
21.658060,1.474673,-0.514221,-0.011590,1.027350,-0.974851,0.742783,0.247229,0.507631,-0.262646,-0.362686,0.263005,-0.573180,0.443419,0.076780,-0.420802,0.311233,0.299769,-1.714730,1.586278,3.743747,-0.465217,0.085447,0.053684,-0.097464,0.002540,-0.021962,0.000173,0.027567
21.658964,1.472778,-0.517101,-0.012346,1.026180,-0.974838,0.742887,0.248849,0.502688,-0.271757,-0.365987,0.265638,-0.573108,0.444179,0.076872,-0.420715,0.311279,0.299671,-1.714731,1.586258,3.743747,-0.465190,0.085658,0.052015,-0.097573,0.001775,-0.021316,-0.000331,0.027244
21.660004,1.470958,-0.514082,-0.009656,1.027741,-0.976090,0.743640,0.248597,0.497425,-0.281699,-0.369366,0.268609,-0.573032,0.445045,0.076925,-0.420633,0.311332,0.299577,-1.714726,1.586240,3.743747,-0.465175,0.085460,0.052790,-0.095857,0.002968,-0.021002,-0.000420,0.023548
21.661041,1.468096,-0.513080,-0.009722,1.027285,-0.975937,0.743173,0.248875,0.491825,-0.290364,-0.372928,0.271048,-0.572830,0.445901,0.076930,-0.420548,0.311379,0.299479,-1.714727,1.586222,3.743748,-0.465151,0.085168,0.050639,-0.095829,0.001553,-0.019399,-0.001164,0.023574
21.662040,1.464866,-0.512453,-0.003762,1.028423,-0.976354,0.741931,0.250595,0.485940,-0.294859,-0.376756,0.271909,-0.572381,0.446576,0.076903,-0.420463,0.311427,0.299389,-1.714722,1.586205,3.743747,-0.465131,0.085415,0.049511,-0.094483,0.002047,-0.019228,-0.000659,0.022513
21.663019,1.466218,-0.513171,-0.005565,1.028056,-0.976213,0.742729,0.249840,0.480201,-0.293208,-0.380583,0.270487,-0.571598,0.446916,0.076845,-0.420378,0.311474,0.299290,-1.714724,1.586190,3.743750,-0.465121,0.085839,0.048584,-0.096098,0.001080,-0.018498,0.000590,0.018599
21.664086,1.462634,-0.518449,-0.004106,1.027073,-0.978718,0.743233,0.249923,0.476569,-0.286766,-0.382793,0.267295,-0.570557,0.446905,0.076771,-0.420296,0.311523,0.299200,-1.714724,1.586173,3.743748,-0.465098,0.083995,0.048319,-0.093873,0.001580,-0.018319,-0.000197,0.019675
21.665035,1.465576,-0.518555,-0.004943,1.029132,-0.980944,0.743080,0.250720,0.475754,-0.279694,-0.382733,0.263889,-0.569449,0.446771,0.076701,-0.420212,0.311577,0.299107,-1.714719,1.586165,3.743746,-0.465079,0.084614,0.050277,-0.093279,0.002606,-0.015534,-0.000670,0.018986
21.666033,1.462797,-0.520711,-0.002809,1.027491,-0.980680,0.742698,0.249886,0.477487,-0.277337,-0.380502,0.262632,-0.568604,0.446805,0.076629,-0.420135,0.311624,0.299019,-1.714722,1.586159,3.743747,-0.465066,0.082026,0.049685,-0.091583,0.000720,-0.013103,-0.000496,0.016947
21.667029,1.461527,-0.518019,-0.004734,1.028206,-0.982483,0.742816,0.250448,0.482748,-0.281270,-0.375319,0.264336,-0.568222,0.447019,0.076554,-0.420052,0.311673,0.298928,-1.714716,1.586145,3.743750,-0.465044,0.082285,0.050133,-0.091369,0.002381,-0.013089,-0.000113,0.018157
21.668001,1.459581,-0.515573,-0.005166,1.028255,-0.982877,0.743186,0.250023,0.490232,-0.287806,-0.368467,0.267227,-0.568094,0.447276,0.076477,-0.419973,0.311716,0.298842,-1.714715,1.586137,3.743748,-0.465035,0.081786,0.048191,-0.089146,0.001758,-0.011025,-0.000210,0.016569
21.668974,1.460043,-0.518904,-0.006288,1.028183,-0.983201,0.743903,0.250336,0.496376,-0.290966,-0.363123,0.268811,-0.567867,0.447398,0.076387,-0.419890,0.311760,0.298755,-1.714714,1.586129,3.743747,-0.465017,0.081601,0.046400,-0.087692,0.001823,-0.010407,-0.000556,0.016978
21.669991,1.459123,-0.519464,-0.003725,1.028655,-0.985305,0.742821,0.250950,0.499739,-0.288867,-0.360535,0.268374,-0.567437,0.447347,0.076274,-0.419814,0.311809,0.298673,-1.714712,1.586120,3.743745,-0.465004,0.080287,0.047448,-0.085933,0.001967,-0.009842,-0.001248,0.015891
21.671146,1.458342,-0.517064,-0.002795,1.027152,-0.984915,0.742230,0.250984,0.502245,-0.285496,-0.358957,0.267502,-0.567036,0.447264,0.076131,-0.419735,0.311855,0.298586,-1.714713,1.586117,3.743746,-0.464994,0.079636,0.047114,-0.085983,0.001650,-0.007534,-0.000134,0.014210
21.672000,1.456128,-0.521072,-0.000642,1.027979,-0.984463,0.742361,0.251316,0.506518,-0.281384,-0.356212,0.266150,-0.566726,0.447079,0.075959,-0.419657,0.311896,0.298502,-1.714707,1.586108,3.743749,-0.464984,0.078891,0.045343,-0.085183,0.003173,-0.007667,0.000455,0.013649
21.672970,1.453676,-0.523150,0.002713,1.026990,-0.985597,0.742907,0.251352,0.513329,-0.275117,-0.351733,0.263409,-0.566387,0.446709,0.075772,-0.419577,0.311947,0.298416,-1.714706,1.586103,3.743745,-0.464972,0.078903,0.046726,-0.085051,0.002419,-0.007935,0.000354,0.012588
21.674033,1.452454,-0.521364,0.001593,1.027758,-0.985834,0.741533,0.250805,0.522553,-0.270610,-0.345477,0.260972,-0.566164,0.446373,0.075588,-0.419496,0.311995,0.298330,-1.714701,1.586099,3.743745,-0.464958,0.078993,0.047134,-0.085504,0.003440,-0.006597,-0.000180,0.012074
21.675010,1.450969,-0.522898,0.002625,1.028345,-0.987638,0.740247,0.251602,0.533386,-0.269455,-0.337994,0.259680,-0.566117,0.446177,0.075419,-0.419421,0.312037,0.298251,-1.714698,1.586094,3.743748,-0.464944,0.078513,0.045663,-0.083749,0.002739,-0.006148,0.001216,0.012696
21.676039,1.447929,-0.520849,0.006628,1.027472,-0.986097,0.741598,0.251331,0.544081,-0.269441,-0.330710,0.258975,-0.566149,0.446012,0.075259,-0.419343,0.312083,0.298170,-1.714698,1.586092,3.743751,-0.464940,0.078150,0.045834,-0.083100,0.002265,-0.004150,0.002504,0.010665
21.677015,1.447530,-0.526175,0.004573,1.029064,-0.988100,0.741639,0.252146,0.554180,-0.268934,-0.323998,0.258279,-0.566158,0.445787,0.075095,-0.419264,0.312123,0.298084,-1.714691,1.586085,3.743746,-0.464928,0.078555,0.044266,-0.083869,0.003139,-0.005485,0.001171,0.010767
21.678058,1.450546,-0.523723,0.006074,1.027282,-0.988698,0.741544,0.251918,0.563802,-0.268782,-0.317681,0.257844,-0.566122,0.445587,0.074916,-0.419189,0.312174,0.298007,-1.714693,1.586087,3.743746,-0.464922,0.077679,0.046307,-0.081682,0.001706,-0.003317,0.001160,0.008701
21.679048,1.449507,-0.523023,0.006010,1.029548,-0.988919,0.741981,0.251685,0.574151,-0.271170,-0.310686,0.258522,-0.566155,0.445509,0.074719,-0.419118,0.312216,0.297925,-1.714687,1.586086,3.743748,-0.464914,0.075129,0.044483,-0.081251,0.003511,-0.002556,0.001264,0.008724
21.679988,1.447098,-0.522268,0.005243,1.026932,-0.990720,0.743172,0.253591,0.587606,-0.273745,-0.301191,0.259085,-0.566184,0.445381,0.074514,-0.419046,0.312257,0.297848,-1.714690,1.586084,3.743747,-0.464902,0.074634,0.043592,-0.080078,0.001402,-0.002165,0.000848,0.008745
21.680964,1.443866,-0.527238,0.010696,1.027998,-0.989530,0.742418,0.253286,0.602665,-0.272846,-0.290567,0.258036,-0.566010,0.445099,0.074289,-0.418971,0.312298,0.297773,-1.714681,1.586087,3.743745,-0.464906,0.074782,0.042673,-0.078589,0.003980,-0.000226,-0.000324,0.004530
21.682057,1.441415,-0.527799,0.010459,1.027995,-0.990323,0.742445,0.252526,0.616782,-0.269528,-0.280829,0.255832,-0.565621,0.444824,0.074033,-0.418895,0.312347,0.297690,-1.714680,1.586082,3.743750,-0.464900,0.075322,0.044552,-0.080143,0.002975,-0.001234,0.000439,0.004765
21.682960,1.441524,-0.525770,0.008777,1.026742,-0.990611,0.741991,0.253471,0.629795,-0.268590,-0.271887,0.254661,-0.565260,0.444754,0.073772,-0.418820,0.312391,0.297613,-1.714677,1.586083,3.743748,-0.464892,0.075465,0.044223,-0.078844,0.003067,-0.000267,0.000433,0.005825
21.684017,1.440342,-0.528282,0.012975,1.029540,-0.989386,0.742261,0.252877,0.640721,-0.269477,-0.264525,0.254405,-0.564918,0.444848,0.073516,-0.418748,0.312430,0.297540,-1.714670,1.586087,3.743749,-0.464895,0.074379,0.042681,-0.076936,0.004301,0.000123,0.000903,0.003550
21.685013,1.438280,-0.527326,0.013851,1.030246,-0.989387,0.742733,0.253194,0.649985,-0.269506,-0.258487,0.253890,-0.564511,0.444938,0.073260,-0.418675,0.312474,0.297460,-1.714673,1.586086,3.743748,-0.464889,0.073914,0.043382,-0.077883,0.001672,-0.000934,0.000654,0.004315
21.686037,1.436552,-0.526614,0.012472,1.029830,-0.989594,0.743110,0.252166,0.659643,-0.271082,-0.251979,0.254599,-0.564282,0.445035,0.073022,-0.418601,0.312516,0.297384,-1.714672,1.586086,3.743746,-0.464886,0.073902,0.042330,-0.077178,0.001088,-0.000765,0.000206,0.003253
21.686939,1.434810,-0.525754,0.014505,1.030056,-0.990617,0.742425,0.252542,0.668715,-0.273566,-0.245781,0.256496,-0.564204,0.445146,0.072802,-0.418529,0.312556,0.297313,-1.714669,1.586085,3.743749,-0.464880,0.073718,0.041439,-0.075416,0.001576,-0.000386,-0.000168,0.004899
21.688030,1.434154,-0.525911,0.013680,1.030065,-0.989989,0.744313,0.253546,0.675340,-0.273271,-0.241515,0.257778,-0.564024,0.445185,0.072575,-0.418457,0.312594,0.297240,-1.714665,1.586087,3.743749,-0.464879,0.073571,0.040505,-0.075383,0.001389,0.000773,0.000543,0.003755
21.688989,1.433276,-0.528987,0.011352,1.029969,-0.988981,0.743789,0.253276,0.679789,-0.269055,-0.238981,0.257751,-0.563662,0.445106,0.072305,-0.418384,0.312634,0.297169,-1.714662,1.586085,3.743745,-0.464884,0.072837,0.040053,-0.073871,0.001453,0.000318,-0.001328,0.001311
21.690059,1.433832,-0.529050,0.014027,1.031119,-0.987572,0.743680,0.253133,0.681960,-0.262844,-0.238196,0.257109,-0.563164,0.445041,0.071979,-0.418314,0.312677,0.297102,-1.714659,1.586085,3.743746,-0.464882,0.072268,0.041036,-0.071702,0.001599,-0.000541,-0.000766,0.001485
21.690956,1.433047,-0.532099,0.010941,1.030299,-0.987213,0.743686,0.252464,0.682532,-0.257872,-0.238498,0.257192,-0.562659,0.445129,0.071624,-0.418246,0.312717,0.297028,-1.714660,1.586079,3.743747,-0.464880,0.070988,0.040519,-0.071952,0.000605,-0.001720,-0.000651,0.001331
21.691978,1.431689,-0.530639,0.012214,1.030555,-0.988278,0.744053,0.252438,0.683310,-0.255965,-0.238356,0.258716,-0.562239,0.445380,0.071269,-0.418177,0.312762,0.296964,-1.714655,1.586078,3.743750,-0.464880,0.070407,0.041469,-0.069415,0.001455,-0.001915,-0.000656,0.002319
21.692990,1.428447,-0.529478,0.015424,1.030080,-0.987790,0.743881,0.252874,0.683902,-0.256464,-0.238128,0.261292,-0.561840,0.445771,0.070920,-0.418108,0.312800,0.296896,-1.714656,1.586080,3.743749,-0.464878,0.070083,0.040210,-0.069043,0.001333,-0.000694,-0.001003,0.001937
21.693937,1.427704,-0.529992,0.012555,1.029706,-0.988057,0.743217,0.251997,0.683875,-0.255917,-0.238306,0.263358,-0.561286,0.446148,0.070571,-0.418036,0.312836,0.296826,-1.714653,1.586082,3.743749,-0.464881,0.070677,0.039150,-0.069608,0.001896,-0.001059,-0.000806,0.000660
21.695008,1.422322,-0.531972,0.008282,1.029011,-0.988006,0.743197,0.252054,0.682942,-0.251218,-0.239243,0.263523,-0.560429,0.446361,0.070226,-0.417967,0.312875,0.296762,-1.714651,1.586081,3.743748,-0.464877,0.070059,0.038902,-0.067182,0.002340,-0.000620,-0.000115,0.002045
21.695987,1.426972,-0.532807,0.013685,1.029746,-0.987342,0.744003,0.252358,0.676936,-0.242620,-0.244358,0.262096,-0.559216,0.446538,0.069885,-0.417893,0.312915,0.296703,-1.714646,1.586081,3.743747,-0.464876,0.071696,0.039356,-0.064101,0.003070,-0.000506,-0.000076,0.001479
21.697024,1.421805,-0.534010,0.011504,1.029387,-0.987584,0.742710,0.251193,0.665510,-0.232860,-0.253895,0.260326,-0.557783,0.446823,0.069542,-0.417832,0.312954,0.296633,-1.714646,1.586080,3.743747,-0.464878,0.068418,0.039249,-0.065801,0.002447,-0.001003,-0.000872,0.000480
21.697996,1.425385,-0.534844,0.012547,1.030675,-0.986615,0.742749,0.251596,0.654207,-0.224503,-0.263283,0.259079,-0.556385,0.447158,0.069204,-0.417758,0.312993,0.296574,-1.714642,1.586080,3.743750,-0.464872,0.069987,0.039335,-0.063750,0.002862,-0.000592,0.000438,0.002400
21.699046,1.421999,-0.536731,0.015734,1.028989,-0.986297,0.742264,0.251405,0.644932,-0.218643,-0.270924,0.258899,-0.555169,0.447497,0.068873,-0.417698,0.313031,0.296513,-1.714643,1.586079,3.743751,-0.464875,0.067085,0.039179,-0.063109,0.001595,-0.001316,0.000405,0.001136
21.699999,1.419489,-0.532552,0.017792,1.028918,-0.985965,0.741901,0.251819,0.639167,-0.215653,-0.275601,0.259879,-0.554198,0.447796,0.068543,-0.417630,0.313072,0.296450,-1.714638,1.586081,3.743751,-0.464875,0.067221,0.039408,-0.063001,0.003001,-0.001196,0.000924,0.000977
21.700960,1.416972,-0.537459,0.014945,1.029667,-0.986017,0.742244,0.251083,0.637747,-0.212264,-0.276755,0.260275,-0.553300,0.447892,0.068205,-0.417564,0.313102,0.296389,-1.714634,1.586081,3.743750,-0.464877,0.066977,0.036710,-0.062438,0.002768,-0.001112,0.001316,-0.000360
21.702111,1.417615,-0.536741,0.016908,1.027913,-0.985325,0.743481,0.250985,0.637136,-0.205979,-0.277316,0.259308,-0.552337,0.447780,0.067858,-0.417498,0.313144,0.296335,-1.714634,1.586084,3.743748,-0.464875,0.066736,0.038499,-0.059472,0.001837,-0.000676,0.001007,0.000621
21.703048,1.416605,-0.535986,0.016050,1.029538,-0.987060,0.743596,0.251621,0.635128,-0.199233,-0.278980,0.258281,-0.551427,0.447686,0.067521,-0.417437,0.313179,0.296280,-1.714630,1.586082,3.743746,-0.464875,0.064823,0.037430,-0.058769,0.003292,-0.000858,-0.000196,0.000195
21.703991,1.413553,-0.537630,0.016835,1.027881,-0.985731,0.742324,0.250846,0.633009,-0.192190,-0.280742,0.257102,-0.550592,0.447624,0.067197,-0.417375,0.313213,0.296225,-1.714632,1.586086,3.743747,-0.464877,0.063910,0.036438,-0.056831,0.001524,0.001260,-0.000276,-0.001580
21.705009,1.409269,-0.536038,0.020814,1.027500,-0.984945,0.741893,0.250905,0.630838,-0.183704,-0.282628,0.255419,-0.549794,0.447511,0.066872,-0.417311,0.313249,0.296173,-1.714626,1.586081,3.743750,-0.464876,0.063990,0.036626,-0.055745,0.002890,0.000352,0.001019,-0.000505
21.705930,1.408300,-0.539050,0.022749,1.028201,-0.983859,0.742607,0.250373,0.627246,-0.172973,-0.285784,0.252796,-0.548914,0.447312,0.066538,-0.417246,0.313281,0.296115,-1.714623,1.586081,3.743751,-0.464876,0.064605,0.035201,-0.056136,0.002999,0.000010,0.001461,-0.001179
21.707015,1.404130,-0.540246,0.021320,1.027040,-0.982936,0.742163,0.249647,0.622948,-0.160374,-0.289579,0.249194,-0.547916,0.447013,0.066193,-0.417185,0.313319,0.296059,-1.714623,1.586079,3.743751,-0.464872,0.063671,0.036070,-0.055589,0.002108,-0.000658,0.000763,-0.000602
21.707982,1.403126,-0.538604,0.022567,1.028234,-0.983683,0.743409,0.250162,0.617939,-0.149063,-0.293866,0.246046,-0.546923,0.446768,0.065827,-0.417120,0.313355,0.296011,-1.714620,1.586078,3.743752,-0.464871,0.064200,0.035979,-0.053296,0.003015,-0.001105,0.001245,0.000275
21.709067,1.400075,-0.539199,0.022821,1.027824,-0.982301,0.742816,0.248671,0.610498,-0.139466,-0.300051,0.243660,-0.545918,0.446663,0.065433,-0.417058,0.313388,0.295960,-1.714622,1.586084,3.743747,-0.464876,0.063228,0.034542,-0.052454,0.001652,0.000013,0.000037,-0.001273
21.710011,1.398792,-0.538871,0.027009,1.025869,-0.982830,0.742923,0.249236,0.600544,-0.129828,-0.308320,0.241457,-0.544862,0.446612,0.065026,-0.416995,0.313421,0.295910,-1.714619,1.586079,3.743747,-0.464870,0.063217,0.034203,-0.050990,0.001803,-0.000869,0.000680,0.001153
21.710947,1.395424,-0.541433,0.028267,1.026516,-0.981743,0.742819,0.249079,0.590143,-0.118809,-0.317090,0.238514,-0.543707,0.446500,0.064636,-0.416935,0.313452,0.295858,-1.714612,1.586083,3.743746,-0.464873,0.062438,0.033461,-0.051623,0.003430,0.000043,0.000600,-0.000504
21.712008,1.393831,-0.543163,0.027768,1.027077,-0.981911,0.744297,0.247878,0.581692,-0.106775,-0.324402,0.234464,-0.542452,0.446295,0.064269,-0.416871,0.313487,0.295807,-1.714613,1.586079,3.743747,-0.464875,0.062681,0.034122,-0.050774,0.002608,-0.000618,0.000723,-0.000666
21.713034,1.389909,-0.541360,0.029385,1.025368,-0.981214,0.744792,0.248114,0.574998,-0.097506,-0.330217,0.231216,-0.541315,0.446181,0.063935,-0.416809,0.313521,0.295761,-1.714614,1.586080,3.743746,-0.464870,0.061942,0.034339,-0.049007,0.001883,0.000003,-0.000731,0.001178
21.713944,1.389439,-0.543480,0.029598,1.027066,-0.980055,0.744545,0.247579,0.568129,-0.091600,-0.336026,0.229319,-0.540319,0.446266,0.063634,-0.416747,0.313553,0.295714,-1.714608,1.586079,3.743746,-0.464872,0.062414,0.032806,-0.048337,0.003275,-0.000252,-0.001187,0.000145
21.715030,1.390823,-0.546454,0.031427,1.025722,-0.980897,0.744836,0.248091,0.560632,-0.086680,-0.342247,0.227680,-0.539328,0.446463,0.063349,-0.416685,0.313588,0.295667,-1.714611,1.586078,3.743747,-0.464870,0.061561,0.033368,-0.047464,0.001535,-0.001205,-0.000924,0.000981
21.716000,1.389397,-0.543895,0.032404,1.027342,-0.979683,0.745033,0.247346,0.555318,-0.085147,-0.346499,0.227278,-0.538516,0.446774,0.063073,-0.416625,0.313624,0.295618,-1.714605,1.586079,3.743747,-0.464872,0.060142,0.034429,-0.047799,0.002755,-0.000361,-0.001221,-0.000051
21.717006,1.385783,-0.545554,0.032091,1.027225,-0.980149,0.743797,0.247824,0.555602,-0.088807,-0.345939,0.228743,-0.538035,0.447159,0.062806,-0.416565,0.313652,0.295569,-1.714606,1.586076,3.743747,-0.464868,0.060149,0.032788,-0.047696,0.001137,-0.001563,-0.001420,0.001445
21.718007,1.382516,-0.545798,0.029595,1.027601,-0.981696,0.744431,0.248467,0.560012,-0.095560,-0.341806,0.231441,-0.537776,0.447526,0.062534,-0.416502,0.313685,0.295525,-1.714602,1.586077,3.743751,-0.464869,0.061209,0.033238,-0.047009,0.001163,-0.001089,-0.000191,0.000468
21.719079,1.381755,-0.543008,0.030482,1.026458,-0.981410,0.743964,0.248246,0.563221,-0.104449,-0.338444,0.235502,-0.537631,0.447963,0.062214,-0.416438,0.313716,0.295484,-1.714602,1.586081,3.743747,-0.464872,0.062081,0.032984,-0.045257,0.000790,0.000422,-0.000823,-0.000808
21.720018,1.381160,-0.546987,0.027182,1.026410,-0.979802,0.743067,0.248016,0.562188,-0.112977,-0.338461,0.239860,-0.537416,0.448465,0.061827,-0.416379,0.313745,0.295438,-1.714598,1.586080,3.743748,-0.464871,0.061738,0.031228,-0.045166,0.001840,0.000130,-0.000348,-0.000353
21.720956,1.378678,-0.549086,0.026680,1.025164,-0.981177,0.742692,0.248032,0.557806,-0.118644,-0.341285,0.242997,-0.536965,0.448926,0.061392,-0.416318,0.313781,0.295399,-1.714597,1.586076,3.743748,-0.464870,0.061305,0.032817,-0.043029,0.001858,-0.001445,0.000554,0.000105
21.722052,1.378118,-0.549284,0.026489,1.024904,-0.981046,0.743101,0.247899,0.550806,-0.124215,-0.346303,0.245817,-0.536375,0.449479,0.060927,-0.416256,0.313815,0.295358,-1.714592,1.586079,3.743750,-0.464872,0.061807,0.033447,-0.042303,0.003008,-0.000077,0.000909,0.000074
21.722941,1.379855,-0.549105,0.025730,1.025122,-0.980254,0.742746,0.247948,0.541769,-0.131860,-0.353052,0.249110,-0.535755,0.450223,0.060440,-0.416195,0.313849,0.295317,-1.714589,1.586079,3.743750,-0.464871,0.061342,0.033126,-0.041706,0.003188,-0.000222,0.000492,0.000340
21.723993,1.380968,-0.549751,0.027314,1.026635,-0.980320,0.743909,0.247546,0.533415,-0.140342,-0.359420,0.252201,-0.535122,0.451015,0.059952,-0.416139,0.313880,0.295278,-1.714588,1.586078,3.743750,-0.464872,0.059796,0.032666,-0.040858,0.002942,-0.001011,0.000854,0.000245
21.725060,1.378399,-0.552560,0.029139,1.024864,-0.981117,0.743228,0.247482,0.529672,-0.149597,-0.362242,0.255195,-0.534610,0.451717,0.059490,-0.416082,0.313912,0.295236,-1.714590,1.586078,3.743747,-0.464869,0.058561,0.032607,-0.041160,0.001450,-0.000937,-0.000307,0.001046
21.726054,1.377540,-0.549265,0.030346,1.025094,-0.980729,0.744146,0.248277,0.532754,-0.161370,-0.359663,0.258973,-0.534392,0.452337,0.059067,-0.416023,0.313948,0.295192,-1.714585,1.586079,3.743748,-0.464869,0.059157,0.033593,-0.041552,0.003140,-0.000141,0.000389,0.001165
21.726949,1.378237,-0.549388,0.024866,1.024808,-0.979943,0.743610,0.246698,0.541658,-0.174406,-0.352501,0.262833,-0.534361,0.452853,0.058663,-0.415967,0.313976,0.295151,-1.714583,1.586080,3.743746,-0.464875,0.058902,0.031571,-0.041658,0.002831,-0.000549,-0.000534,-0.000417
21.728061,1.375621,-0.550602,0.024784,1.026179,-0.981383,0.743682,0.247865,0.553236,-0.184293,-0.343386,0.264917,-0.534220,0.453151,0.058273,-0.415911,0.314007,0.295120,-1.714578,1.586076,3.743748,-0.464868,0.057873,0.031278,-0.038510,0.003009,-0.001302,0.000005,0.002758
21.729051,1.379153,-0.549185,0.023903,1.024241,-0.981021,0.743082,0.247385,0.563467,-0.190622,-0.335535,0.265619,-0.533917,0.453308,0.057905,-0.415851,0.314040,0.295084,-1.714579,1.586078,3.743746,-0.464872,0.058479,0.031504,-0.038064,0.001640,0.000144,-0.000061,0.000389
21.729948,1.380906,-0.549222,0.020576,1.025918,-0.981113,0.742702,0.247389,0.571840,-0.194927,-0.329277,0.265805,-0.533542,0.453400,0.057550,-0.415801,0.314067,0.295049,-1.714570,1.586078,3.743748,-0.464871,0.056078,0.030448,-0.037202,0.003391,-0.000234,0.000536,0.001374
21.731010,1.377431,-0.550447,0.020453,1.024987,-0.981212,0.742997,0.247424,0.581286,-0.196408,-0.322238,0.264790,-0.533091,0.453304,0.057211,-0.415749,0.314097,0.295018,-1.714571,1.586079,3.743750,-0.464870,0.054592,0.030124,-0.035153,0.001704,-0.000153,0.000901,0.001354
21.732025,1.377557,-0.551739,0.018846,1.026225,-0.981735,0.743280,0.246716,0.591412,-0.195936,-0.314674,0.263034,-0.532622,0.453054,0.056900,-0.415692,0.314128,0.294984,-1.714566,1.586079,3.743751,-0.464870,0.055670,0.030370,-0.034694,0.002552,-0.000053,0.000594,0.001282
21.732951,1.374549,-0.551124,0.016900,1.025022,-0.980815,0.744290,0.247365,0.599441,-0.196306,-0.308691,0.262053,-0.532261,0.452864,0.056626,-0.415638,0.314159,0.294953,-1.714565,1.586081,3.743748,-0.464867,0.054941,0.030637,-0.033511,0.001264,0.000459,0.000327,0.002702
21.733978,1.375269,-0.551799,0.018617,1.024876,-0.979470,0.744581,0.247716,0.603521,-0.198331,-0.305726,0.262255,-0.532020,0.452857,0.056386,-0.415580,0.314189,0.294925,-1.714561,1.586078,3.743745,-0.464868,0.055764,0.029958,-0.032201,0.002407,-0.000451,-0.000675,0.001381
21.735002,1.372898,-0.550403,0.015557,1.024747,-0.981441,0.744442,0.247506,0.603742,-0.200300,-0.305752,0.262562,-0.531740,0.453002,0.056145,-0.415529,0.314219,0.294890,-1.714559,1.586074,3.743746,-0.464871,0.054771,0.029944,-0.032667,0.002479,-0.001755,-0.000962,0.000696
21.736054,1.373023,-0.553002,0.014096,1.024767,-0.982407,0.744402,0.248162,0.601562,-0.200577,-0.307623,0.261993,-0.531307,0.453199,0.055877,-0.415473,0.314247,0.294863,-1.714556,1.586078,3.743750,-0.464869,0.055306,0.028901,-0.030787,0.002533,0.000210,-0.000841,0.001121
21.737002,1.375750,-0.553844,0.013098,1.024598,-0.981325,0.744645,0.247520,0.596710,-0.199541,-0.311518,0.260972,-0.530771,0.453439,0.055575,-0.415421,0.314279,0.294835,-1.714552,1.586081,3.743748,-0.464872,0.054606,0.029836,-0.029725,0.002435,0.001128,-0.000790,-0.000197
21.737982,1.375420,-0.557985,0.009521,1.022969,-0.981445,0.744124,0.248664,0.590794,-0.199667,-0.316033,0.260617,-0.530312,0.453769,0.055251,-0.415371,0.314311,0.294808,-1.714549,1.586077,3.743748,-0.464869,0.052632,0.029871,-0.028912,0.002532,0.000069,-0.001040,0.001099
21.739195,1.376116,-0.556314,0.010322,1.022909,-0.981228,0.743737,0.247732,0.586740,-0.203305,-0.318738,0.261526,-0.530038,0.454233,0.054922,-0.415319,0.314346,0.294788,-1.714542,1.586076,3.743749,-0.464874,0.052189,0.031532,-0.026860,0.004005,0.000216,-0.000516,-0.001204
21.740021,1.375354,-0.557301,0.009562,1.023919,-0.981263,0.744136,0.247700,0.585054,-0.210222,-0.319279,0.263241,-0.529875,0.454826,0.054598,-0.415270,0.314372,0.294761,-1.714539,1.586075,3.743748,-0.464872,0.051239,0.030356,-0.026960,0.003973,0.000005,-0.000123,0.000696
21.740972,1.373323,-0.554929,0.005866,1.021396,-0.982248,0.743424,0.247936,0.586105,-0.218577,-0.317444,0.265118,-0.529752,0.455423,0.054303,-0.415219,0.314403,0.294738,-1.714538,1.586075,3.743747,-0.464872,0.051013,0.030487,-0.026299,0.002919,0.000043,-0.000525,0.000738
21.742006,1.373064,-0.558467,0.006701,1.023580,-0.981419,0.744180,0.246754,0.588056,-0.225268,-0.314843,0.266113,-0.529508,0.455908,0.054050,-0.415165,0.314430,0.294718,-1.714528,1.586077,3.743747,-0.464871,0.051395,0.028969,-0.024195,0.005244,0.001015,0.000200,0.000258
21.743021,1.373016,-0.558855,0.004945,1.021885,-0.981521,0.744530,0.247780,0.588200,-0.228938,-0.313729,0.265823,-0.529040,0.456294,0.053835,-0.415115,0.314461,0.294694,-1.714528,1.586075,3.743746,-0.464865,0.050915,0.030392,-0.024351,0.003018,0.000184,-0.000566,0.002627
21.743999,1.372103,-0.557817,0.002570,1.023175,-0.982131,0.744989,0.247963,0.587325,-0.232865,-0.313340,0.265854,-0.528553,0.456720,0.053656,-0.415066,0.314489,0.294675,-1.714520,1.586074,3.743749,-0.464868,0.050345,0.030230,-0.023226,0.004562,0.000310,-0.000930,0.000545
21.744993,1.369284,-0.558992,0.004924,1.022538,-0.982521,0.744545,0.246879,0.586016,-0.237846,-0.313186,0.266624,-0.528111,0.457224,0.053505,-0.415017,0.314518,0.294655,-1.714521,1.586074,3.743748,-0.464872,0.050217,0.029360,-0.021804,0.003254,0.000926,-0.001381,0.000212
21.746015,1.370446,-0.561789,-0.002815,1.021543,-0.982523,0.743256,0.247933,0.583540,-0.242311,-0.313922,0.267619,-0.527641,0.457740,0.053383,-0.414964,0.314547,0.294633,-1.714515,1.586075,3.743748,-0.464865,0.051006,0.029614,-0.022733,0.003780,0.001305,-0.000933,0.002375
21.747035,1.367397,-0.563979,-0.000539,1.021559,-0.981256,0.742916,0.247416,0.579169,-0.247130,-0.316087,0.269196,-0.527159,0.458305,0.053284,-0.414917,0.314577,0.294622,-1.714509,1.586075,3.743751,-0.464872,0.049844,0.030655,-0.018681,0.004634,0.001296,0.000350,0.000252
21.747984,1.368538,-0.564043,-0.005028,1.022009,-0.981661,0.742733,0.248407,0.571875,-0.254161,-0.320445,0.271949,-0.526686,0.459037,0.053186,-0.414866,0.314610,0.294601,-1.714506,1.586075,3.743751,-0.464866,0.050767,0.031355,-0.019624,0.004525,0.000024,0.000680,0.001297
21.748933,1.366274,-0.560769,-0.005076,1.021914,-0.982892,0.741870,0.247982,0.562073,-0.264385,-0.326621,0.276321,-0.526278,0.459953,0.053085,-0.414819,0.314637,0.294589,-1.714502,1.586075,3.743751,-0.464871,0.049620,0.031049,-0.017202,0.003991,0.000438,0.000860,-0.000697
21.750062,1.365054,-0.564747,-0.005965,1.023579,-0.981561,0.743473,0.247786,0.550520,-0.274775,-0.334106,0.281159,-0.525865,0.460859,0.052981,-0.414769,0.314662,0.294573,-1.714497,1.586077,3.743753,-0.464869,0.050167,0.029097,-0.017001,0.003963,0.001663,0.001720,0.000174
21.751017,1.365560,-0.564418,-0.009718,1.021618,-0.982136,0.743367,0.247205,0.537471,-0.283486,-0.342787,0.285898,-0.525449,0.461641,0.052881,-0.414720,0.314694,0.294559,-1.714497,1.586074,3.743747,-0.464870,0.050188,0.030738,-0.016385,0.002281,0.000332,0.000130,0.000565
21.752029,1.360720,-0.566732,-0.010568,1.023792,-0.981863,0.742952,0.247490,0.523506,-0.292824,-0.352181,0.291474,-0.525163,0.462439,0.052797,-0.414672,0.314723,0.294549,-1.714488,1.586075,3.743746,-0.464866,0.049349,0.030209,-0.014382,0.004051,0.000920,0.000259,0.001717
21.753065,1.363524,-0.564441,-0.013751,1.021720,-0.982029,0.741869,0.246864,0.507732,-0.303821,-0.363056,0.298205,-0.525018,0.463372,0.052713,-0.414617,0.314754,0.294536,-1.714489,1.586075,3.743746,-0.464865,0.051128,0.030998,-0.013817,0.001876,0.000637,0.000673,0.001125
21.754089,1.362847,-0.567008,-0.013792,1.019879,-0.982117,0.742962,0.247108,0.489450,-0.315117,-0.376075,0.305500,-0.524934,0.464379,0.052597,-0.414572,0.314781,0.294525,-1.714481,1.586075,3.743750,-0.464864,0.049149,0.029511,-0.012081,0.003793,0.000808,0.001742,0.002391
21.754990,1.363088,-0.567026,-0.015643,1.019238,-0.981639,0.743895,0.247469,0.471456,-0.323571,-0.389139,0.311209,-0.524701,0.465262,0.052432,-0.414524,0.314813,0.294513,-1.714473,1.586074,3.743748,-0.464865,0.048931,0.030430,-0.011927,0.005430,0.000902,0.000634,0.001892
21.755991,1.361508,-0.565592,-0.017168,1.018262,-0.980092,0.744438,0.248587,0.456634,-0.328204,-0.399996,0.314040,-0.524196,0.465964,0.052211,-0.414479,0.314842,0.294503,-1.714466,1.586073,3.743746,-0.464868,0.048264,0.030082,-0.010873,0.005908,0.000427,-0.000283,0.001177
21.756963,1.364231,-0.563018,-0.021009,1.019888,-0.981214,0.743667,0.247647,0.444780,-0.328834,-0.408793,0.313851,-0.523376,0.466509,0.051944,-0.414430,0.314866,0.294495,-1.714458,1.586069,3.743746,-0.464871,0.048475,0.029064,-0.010021,0.006688,-0.001088,-0.000822,-0.001061
21.758062,1.361902,-0.564578,-0.020552,1.019763,-0.979856,0.742912,0.248494,0.434904,-0.323521,-0.416354,0.310297,-0.522202,0.466785,0.051660,-0.414388,0.314890,0.294490,-1.714458,1.586076,3.743747,-0.464870,0.046591,0.027488,-0.008030,0.005021,-0.000007,-0.000045,0.000855
21.759019,1.363626,-0.564521,-0.022856,1.018366,-0.980518,0.743535,0.248605,0.426978,-0.313155,-0.422624,0.304535,-0.520856,0.466741,0.051397,-0.414341,0.314920,0.294480,-1.714453,1.586072,3.743748,-0.464874,0.047222,0.027925,-0.008154,0.005060,-0.001352,0.000704,-0.000856
21.759989,1.363349,-0.564593,-0.022889,1.019605,-0.981445,0.743044,0.247334,0.421520,-0.300502,-0.427062,0.297936,-0.519505,0.466468,0.051185,-0.414297,0.314947,0.294477,-1.714444,1.586071,3.743746,-0.464872,0.045809,0.027569,-0.006950,0.006241,-0.000656,0.000080,-0.001072
21.761239,1.363776,-0.563385,-0.024171,1.018270,-0.981846,0.744239,0.248034,0.419504,-0.287374,-0.428799,0.291141,-0.518241,0.466035,0.051050,-0.414254,0.314974,0.294471,-1.714440,1.586074,3.743746,-0.464867,0.045440,0.027282,-0.006873,0.004876,0.000244,0.000583,0.001476
21.761989,1.365625,-0.567782,-0.025220,1.017953,-0.981324,0.743758,0.247064,0.421566,-0.274319,-0.427298,0.284483,-0.517142,0.465449,0.051003,-0.414212,0.314997,0.294469,-1.714431,1.586077,3.743744,-0.464870,0.044718,0.026397,-0.006202,0.006035,0.000608,-0.000618,0.000049
21.762975,1.366213,-0.568773,-0.028610,1.018677,-0.980996,0.743429,0.247369,0.428155,-0.262530,-0.422169,0.278269,-0.516256,0.464799,0.051029,-0.414174,0.315031,0.294464,-1.714425,1.586075,3.743747,-0.464863,0.043332,0.028216,-0.005624,0.006191,0.000098,-0.000135,0.001996
21.764052,1.366459,-0.568441,-0.031732,1.018007,-0.980787,0.743078,0.247884,0.439245,-0.255786,-0.413317,0.274079,-0.515755,0.464290,0.051104,-0.414134,0.315060,0.294467,-1.714421,1.586073,3.743747,-0.464865,0.042559,0.028344,-0.003954,0.005354,-0.000212,0.000191,0.001369
21.764975,1.366820,-0.568081,-0.030374,1.019334,-0.981645,0.744205,0.247348,0.452532,-0.254936,-0.402575,0.272629,-0.515662,0.464010,0.051178,-0.414093,0.315087,0.294467,-1.714412,1.586072,3.743750,-0.464869,0.041950,0.027850,-0.002395,0.005832,-0.000410,0.000523,0.000351
21.766011,1.365882,-0.569306,-0.032352,1.015958,-0.980822,0.743372,0.248010,0.466517,-0.257305,-0.391246,0.272984,-0.515836,0.463855,0.051222,-0.414054,0.315113,0.294463,-1.714410,1.586074,3.743748,-0.464864,0.041301,0.027356,-0.003046,0.004427,0.000435,-0.000605,0.001423
21.767025,1.369131,-0.571309,-0.033150,1.017686,-0.980808,0.743463,0.248469,0.481626,-0.260658,-0.379025,0.273908,-0.516137,0.463709,0.051225,-0.414012,0.315141,0.294463,-1.714398,1.586072,3.743749,-0.464869,0.041276,0.027635,-0.002038,0.007559,-0.000380,0.000238,0.000094
21.767997,1.366425,-0.567711,-0.034788,1.017100,-0.981167,0.741873,0.248037,0.498508,-0.264528,-0.365339,0.274698,-0.516472,0.463544,0.051174,-0.413977,0.315170,0.294463,-1.714395,1.586073,3.743745,-0.464872,0.039208,0.028295,-0.001645,0.005722,-0.000394,0.000162,-0.000807
21.769114,1.364038,-0.569625,-0.033127,1.016467,-0.981813,0.743329,0.248041,0.517064,-0.268639,-0.350203,0.275449,-0.516854,0.463308,0.051083,-0.413937,0.315193,0.294465,-1.714387,1.586074,3.743750,-0.464869,0.040104,0.026189,-0.000843,0.006126,-0.000039,0.001741,0.000063
21.770002,1.362761,-0.565941,-0.036373,1.017195,-0.981059,0.742810,0.247875,0.534946,-0.270531,-0.335561,0.275490,-0.517171,0.462936,0.050978,-0.413895,0.315220,0.294463,-1.714378,1.586076,3.743748,-0.464870,0.040795,0.026854,-0.001668,0.006563,0.000586,0.000268,0.000052
21.771001,1.362805,-0.569978,-0.035325,1.015784,-0.980301,0.742598,0.248306,0.549506,-0.268459,-0.323588,0.274211,-0.517303,0.462448,0.050874,-0.413854,0.315243,0.294466,-1.714374,1.586073,3.743750,-0.464866,0.040943,0.024708,-0.000063,0.005712,-0.000150,0.000793,0.000368
21.771949,1.364120,-0.572203,-0.036174,1.016067,-0.981922,0.743142,0.248029,0.560299,-0.262826,-0.314594,0.271809,-0.517259,0.461881,0.050772,-0.413814,0.315272,0.294464,-1.714363,1.586070,3.743750,-0.464867,0.040434,0.026419,-0.000583,0.006896,-0.000886,0.001002,-0.000500
21.773064,1.359157,-0.570915,-0.037146,1.016499,-0.980380,0.743511,0.248168,0.570110,-0.257903,-0.306170,0.269815,-0.517256,0.461370,0.050668,-0.413778,0.315300,0.294468,-1.714357,1.586074,3.743748,-0.464865,0.039336,0.027190,-0.000192,0.006444,0.000728,0.000463,0.000062
21.773949,1.359927,-0.568515,-0.034924,1.015449,-0.980862,0.743584,0.248625,0.579618,-0.256943,-0.297646,0.269698,-0.517469,0.461061,0.050560,-0.413733,0.315325,0.294471,-1.714354,1.586070,3.743747,-0.464868,0.041310,0.026229,0.000255,0.005933,-0.000815,0.000101,-0.000216
21.775115,1.361804,-0.569494,-0.037780,1.013689,-0.981472,0.744221,0.248076,0.586980,-0.256318,-0.290601,0.270057,-0.517675,0.460831,0.050449,-0.413696,0.315346,0.294467,-1.714347,1.586071,3.743746,-0.464869,0.040445,0.024768,-0.000825,0.006838,-0.000320,0.000038,-0.001131
21.775989,1.361771,-0.570893,-0.040705,1.015562,-0.980585,0.744093,0.248179,0.594134,-0.251645,-0.283589,0.268439,-0.517616,0.460443,0.050358,-0.413660,0.315371,0.294473,-1.714337,1.586074,3.743745,-0.464868,0.039076,0.024978,0.000562,0.008355,0.000268,-0.000599,-0.000015
21.776936,1.360823,-0.567310,-0.041531,1.014648,-0.979360,0.743894,0.247735,0.602347,-0.244273,-0.275549,0.265258,-0.517380,0.459944,0.050301,-0.413623,0.315397,0.294477,-1.714334,1.586071,3.743744,-0.464869,0.038655,0.025366,0.001972,0.006377,-0.000611,-0.000459,-0.000233
21.778078,1.359406,-0.568616,-0.040854,1.014295,-0.981130,0.744504,0.248423,0.609622,-0.235942,-0.268068,0.261817,-0.517074,0.459448,0.050266,-0.413584,0.315417,0.294480,-1.714327,1.586069,3.743747,-0.464865,0.038665,0.023305,0.002343,0.007149,-0.001816,-0.000274,0.000651
21.778946,1.356292,-0.567525,-0.043072,1.015212,-0.981465,0.744146,0.248387,0.614972,-0.224866,-0.262038,0.257475,-0.516584,0.458881,0.050240,-0.413544,0.315444,0.294480,-1.714318,1.586074,3.743746,-0.464868,0.038899,0.023664,0.001994,0.007285,-0.000063,-0.000887,-0.000734
21.779994,1.355696,-0.568871,-0.043112,1.014288,-0.981557,0.744794,0.247793,0.617398,-0.211648,-0.258267,0.252666,-0.515954,0.458279,0.050211,-0.413503,0.315465,0.294484,-1.714315,1.586074,3.743748,-0.464868,0.039966,0.022855,0.003069,0.006277,0.000258,-0.000533,-0.000652
21.780935,1.352212,-0.567336,-0.042759,1.013585,-0.980854,0.743745,0.248083,0.615351,-0.198567,-0.257933,0.248704,-0.515332,0.457769,0.050183,-0.413463,0.315488,0.294486,-1.714306,1.586074,3.743746,-0.464865,0.039780,0.023262,0.003052,0.007008,0.000348,-0.001179,0.000535
21.782007,1.355767,-0.570221,-0.041214,1.013329,-0.980163,0.742853,0.247702,0.609067,-0.185691,-0.260843,0.245357,-0.514698,0.457360,0.050156,-0.413420,0.315510,0.294489,-1.714297,1.586070,3.743749,-0.464867,0.041014,0.022217,0.002843,0.007502,-0.000323,-0.000132,-0.000052
21.783062,1.355474,-0.568064,-0.040400,1.012817,-0.981276,0.744235,0.248635,0.601789,-0.173318,-0.264332,0.242212,-0.514063,0.456960,0.050124,-0.413385,0.315536,0.294489,-1.714290,1.586069,3.743750,-0.464864,0.038784,0.023363,0.002063,0.007583,-0.001005,0.000754,0.000711
21.784007,1.351829,-0.565285,-0.044257,1.013896,-0.981208,0.743714,0.247621,0.598789,-0.162829,-0.264084,0.239417,-0.513557,0.456469,0.050091,-0.413347,0.315557,0.294489,-1.714282,1.586069,3.743746,-0.464868,0.038490,0.022014,0.001654,0.007897,0.000120,-0.000629,-0.001167
21.785025,1.350504,-0.569009,-0.039818,1.013955,-0.981666,0.743972,0.247927,0.599244,-0.152284,-0.260872,0.236346,-0.513103,0.455832,0.050046,-0.413303,0.315574,0.294496,-1.714279,1.586072,3.743750,-0.464864,0.039801,0.020419,0.003529,0.006742,0.000017,-0.000111,0.000886
21.786049,1.348117,-0.571264,-0.043971,1.012765,-0.980643,0.743320,0.248994,0.598685,-0.141270,-0.258344,0.233487,-0.512674,0.455142,0.049977,-0.413262,0.315599,0.294492,-1.714274,1.586071,3.743747,-0.464866,0.039960,0.022012,0.001312,0.006555,0.000488,-0.000359,0.000257
21.787038,1.349541,-0.568176,-0.042883,1.014773,-0.980516,0.742790,0.248117,0.596250,-0.134468,-0.257036,0.232899,-0.512482,0.454641,0.049871,-0.413219,0.315622,0.294500,-1.714264,1.586069,3.743748,-0.464869,0.040650,0.022848,0.003336,0.007522,-0.000533,0.000294,-0.001880
21.788003,1.345412,-0.570391,-0.039680,1.013288,-0.981721,0.743965,0.248191,0.591911,-0.132952,-0.256956,0.234912,-0.512561,0.454379,0.049724,-0.413182,0.315640,0.294499,-1.714261,1.586069,3.743751,-0.464865,0.039468,0.021065,0.002779,0.005418,-0.000650,0.000808,-0.000105
21.789076,1.341173,-0.568006,-0.041066,1.013022,-0.979928,0.743827,0.247890,0.587148,-0.134509,-0.257025,0.238549,-0.512852,0.454201,0.049562,-0.413138,0.315665,0.294497,-1.714251,1.586072,3.743746,-0.464865,0.041039,0.021897,0.001185,0.006700,0.000536,-0.000357,-0.000271
21.790052,1.341857,-0.568211,-0.037330,1.012936,-0.979529,0.744142,0.248061,0.581551,-0.137070,-0.257658,0.242615,-0.513194,0.454068,0.049387,-0.413091,0.315683,0.294500,-1.714245,1.586070,3.743749,-0.464864,0.042588,0.020467,0.001866,0.006799,-0.001264,-0.000219,0.000334
21.790961,1.337650,-0.567680,-0.039449,1.011920,-0.980332,0.744069,0.248650,0.574027,-0.138114,-0.259803,0.245705,-0.513372,0.453937,0.049189,-0.413051,0.315705,0.294497,-1.714238,1.586067,3.743747,-0.464865,0.041746,0.020323,0.000017,0.006730,-0.001618,-0.000530,-0.000015
21.792006,1.335033,-0.566624,-0.040558,1.011654,-0.979588,0.742846,0.247707,0.565968,-0.136738,-0.262361,0.247231,-0.513336,0.453733,0.048965,-0.413005,0.315725,0.294499,-1.714230,1.586068,3.743748,-0.464868,0.043315,0.019814,0.001078,0.007553,-0.000819,-0.000456,-0.001186
21.793046,1.337231,-0.567209,-0.037815,1.013371,-0.980031,0.742487,0.248069,0.555291,-0.132280,-0.267069,0.246989,-0.513013,0.453482,0.048717,-0.412960,0.315742,0.294501,-1.714222,1.586067,3.743751,-0.464864,0.044078,0.019077,0.001597,0.007614,-0.001560,0.000759,0.000712
21.794084,1.332922,-0.567182,-0.039902,1.011808,-0.979698,0.742576,0.248221,0.542283,-0.125673,-0.273686,0.245674,-0.512513,0.453166,0.048468,-0.412920,0.315763,0.294500,-1.714219,1.586067,3.743750,-0.464865,0.042483,0.019131,0.000225,0.005818,-0.001112,0.001113,-0.000031
21.795036,1.332044,-0.568797,-0.038859,1.010102,-0.980929,0.743394,0.247568,0.530386,-0.119643,-0.279375,0.244570,-0.512080,0.452778,0.048228,-0.412872,0.315781,0.294502,-1.714211,1.586066,3.743749,-0.464867,0.044083,0.018886,0.001270,0.007209,-0.001437,0.001028,-0.000325
21.796017,1.330250,-0.568703,-0.037324,1.011497,-0.980379,0.744118,0.248572,0.518946,-0.114551,-0.284755,0.243458,-0.511659,0.452414,0.047989,-0.412828,0.315804,0.294502,-1.714201,1.586068,3.743749,-0.464863,0.043986,0.019426,0.000728,0.008670,-0.000215,0.000200,0.000980
21.797045,1.331205,-0.570802,-0.038865,1.010935,-0.980606,0.743511,0.247824,0.508042,-0.111045,-0.289796,0.242318,-0.511231,0.452155,0.047751,-0.412782,0.315823,0.294501,-1.714198,1.586066,3.743745,-0.464868,0.044330,0.019153,-0.000028,0.007185,-0.000761,-0.000500,-0.001040
21.798033,1.330219,-0.568716,-0.035378,1.011057,-0.980714,0.744560,0.247904,0.499592,-0.111468,-0.292853,0.242398,-0.510977,0.452045,0.047523,-0.412740,0.315844,0.294503,-1.714192,1.586065,3.743749,-0.464865,0.043336,0.019960,0.000733,0.007620,-0.000519,0.000097,0.000477
21.799084,1.326287,-0.566926,-0.037217,1.011472,-0.979694,0.743155,0.248485,0.495290,-0.115989,-0.292553,0.243864,-0.510950,0.452036,0.047319,-0.412696,0.315859,0.294499,-1.714184,1.586067,3.743746,-0.464865,0.043309,0.018712,-0.000990,0.007304,-0.000425,-0.000950,0.000300
21.800017,1.325269,-0.570766,-0.035549,1.012743,-0.982362,0.744190,0.247471,0.494615,-0.121224,-0.289473,0.245387,-0.510984,0.451968,0.047137,-0.412646,0.315876,0.294501,-1.714177,1.586063,3.743748,-0.464868,0.044694,0.017620,-0.000069,0.006722,-0.001418,0.000467,-0.000856
21.801006,1.323418,-0.569382,-0.035937,1.009629,-0.981010,0.744810,0.247714,0.494548,-0.127039,-0.286085,0.247524,-0.511088,0.451885,0.046967,-0.412602,0.315898,0.294499,-1.714174,1.586069,3.743746,-0.464864,0.044655,0.019296,-0.000896,0.005371,0.001226,-0.000580,0.001185
21.801999,1.319735,-0.570211,-0.034640,1.009945,-0.980440,0.744257,0.247334,0.494364,-0.135697,-0.282933,0.251236,-0.511367,0.451950,0.046813,-0.412555,0.315916,0.294499,-1.714161,1.586064,3.743745,-0.464863,0.045030,0.018370,-0.000692,0.008211,-0.000118,-0.001191,0.000671
21.803028,1.320958,-0.566890,-0.034275,1.009671,-0.982521,0.744413,0.247675,0.493848,-0.144787,-0.280321,0.254786,-0.511591,0.452134,0.046662,-0.412505,0.315934,0.294498,-1.714156,1.586064,3.743748,-0.464862,0.046280,0.018570,-0.001327,0.007735,-0.000679,-0.000643,0.001440
21.804024,1.321290,-0.570304,-0.033586,1.010095,-0.981847,0.745165,0.247279,0.493094,-0.151218,-0.278286,0.256739,-0.511603,0.452278,0.046501,-0.412463,0.315949,0.294498,-1.714149,1.586068,3.743747,-0.464865,0.045131,0.016713,-0.001505,0.007844,0.001383,-0.000798,0.000756
21.804991,1.316018,-0.573574,-0.032337,1.008659,-0.981488,0.743831,0.247491,0.494969,-0.155537,-0.274498,0.257569,-0.511566,0.452285,0.046326,-0.412418,0.315970,0.294496,-1.714143,1.586067,3.743748,-0.464864,0.044439,0.018207,-0.001830,0.007283,0.000694,-0.001565,0.001556
21.805980,1.312312,-0.573771,-0.033071,1.008313,-0.980475,0.743422,0.248373,0.500272,-0.162227,-0.268169,0.259307,-0.511722,0.452336,0.046136,-0.412366,0.315992,0.294494,-1.714134,1.586066,3.743749,-0.464864,0.046474,0.019575,-0.002436,0.008511,0.000346,-0.000215,0.001124
21.807006,1.311856,-0.570522,-0.031030,1.009802,-0.980198,0.743161,0.247546,0.505178,-0.173889,-0.262276,0.263207,-0.512081,0.452653,0.045920,-0.412315,0.316009,0.294493,-1.714125,1.586067,3.743750,-0.464868,0.047708,0.019458,-0.002042,0.008633,-0.000679,0.000178,-0.000640
21.807975,1.306398,-0.570709,-0.033748,1.008645,-0.980740,0.743152,0.248064,0.507423,-0.187598,-0.258679,0.268324,-0.512482,0.453126,0.045692,-0.412268,0.316021,0.294489,-1.714121,1.586064,3.743746,-0.464865,0.047348,0.017661,-0.003028,0.007039,-0.000916,0.000461,0.001034
21.809006,1.306250,-0.575594,-0.037605,1.007443,-0.980269,0.742870,0.248274,0.506541,-0.199381,-0.257817,0.273346,-0.512790,0.453552,0.045477,-0.412213,0.316038,0.294490,-1.714112,1.586067,3.743748,-0.464864,0.049447,0.017570,-0.001665,0.007999,-0.000398,0.000460,-0.000029
21.810064,1.304997,-0.575286,-0.035861,1.007754,-0.981269,0.742833,0.247501,0.499873,-0.209486,-0.261814,0.278396,-0.512949,0.454066,0.045273,-0.412166,0.316062,0.294494,-1.714101,1.586064,3.743749,-0.464868,0.048928,0.019750,0.000223,0.008945,-0.000846,0.000736,-0.000428
21.811155,1.306101,-0.573840,-0.036960,1.008539,-0.978866,0.742877,0.247734,0.487976,-0.221576,-0.270103,0.284767,-0.513114,0.454874,0.045096,-0.412117,0.316081,0.294491,-1.714094,1.586068,3.743746,-0.464864,0.048980,0.019343,-0.000638,0.008439,0.000120,0.000787,0.001122
21.812137,1.305012,-0.570718,-0.035698,1.007345,-0.980307,0.742281,0.247669,0.475589,-0.235900,-0.278832,0.292436,-0.513408,0.455828,0.044972,-0.412071,0.316096,0.294492,-1.714088,1.586063,3.743749,-0.464867,0.047860,0.018431,-0.000090,0.007515,-0.002261,0.000725,0.000648
21.813037,1.302165,-0.574025,-0.038185,1.004941,-0.980605,0.742379,0.247411,0.466344,-0.248085,-0.285213,0.299371,-0.513689,0.456590,0.044900,-0.412023,0.316107,0.294490,-1.714076,1.586067,3.743747,-0.464864,0.047840,0.016727,-0.000709,0.008421,-0.000822,0.001340,0.000772
21.814061,1.301787,-0.573560,-0.038929,1.004728,-0.980316,0.742766,0.247715,0.460237,-0.254828,-0.289389,0.303696,-0.513739,0.457020,0.044861,-0.411974,0.316129,0.294494,-1.714062,1.586068,3.743746,-0.464859,0.048682,0.018155,0.000506,0.010513,-0.000550,0.001241,0.001270
21.815024,1.301876,-0.572456,-0.035489,1.005558,-0.982155,0.742349,0.247467,0.455004,-0.257354,-0.293171,0.305584,-0.513527,0.457290,0.044813,-0.411927,0.316146,0.294496,-1.714051,1.586066,3.743747,-0.464862,0.048292,0.017705,0.000849,0.010445,-0.000824,0.000844,0.000664
21.816011,1.299174,-0.574423,-0.038805,1.003905,-0.981257,0.742260,0.247812,0.451788,-0.257829,-0.295548,0.306092,-0.513231,0.457451,0.044722,-0.411881,0.316160,0.294492,-1.714046,1.586070,3.743746,-0.464860,0.047698,0.016976,-0.000849,0.009474,0.001003,0.001276,0.001163
21.817030,1.297828,-0.574255,-0.040509,1.005163,-0.981428,0.742457,0.246906,0.452209,-0.257499,-0.295119,0.305982,-0.513014,0.457474,0.044576,-0.411832,0.316179,0.294495,-1.714033,1.586066,3.743746,-0.464862,0.048478,0.017741,0.000812,0.010845,0.000119,0.001362,0.000471
21.818020,1.297180,-0.574707,-0.038478,1.004721,-0.980488,0.743774,0.248022,0.453040,-0.257852,-0.294385,0.306141,-0.512902,0.457520,0.044380,-0.411784,0.316196,0.294498,-1.714027,1.586067,3.743747,-0.464858,0.048562,0.017450,0.001619,0.009412,0.000286,0.001158,0.002291
21.819011,1.299190,-0.573212,-0.038643,1.003059,-0.980659,0.742556,0.247522,0.452666,-0.260152,-0.294548,0.307391,-0.512938,0.457695,0.044156,-0.411736,0.316212,0.294496,-1.714016,1.586067,3.743747,-0.464866,0.048304,0.017484,0.000609,0.009612,-0.000665,-0.000173,0.000049
21.820015,1.297613,-0.573602,-0.039660,1.004723,-0.980692,0.743006,0.247499,0.454469,-0.263237,-0.292859,0.308814,-0.513074,0.457850,0.043930,-0.411693,0.316226,0.294496,-1.714003,1.586064,3.743749,-0.464863,0.046770,0.016561,0.000703,0.010967,-0.000452,0.001060,0.001069
21.821036,1.295371,-0.567966,-0.040839,1.004878,-0.979866,0.742734,0.247192,0.460555,-0.265280,-0.287630,0.309261,-0.513220,0.457830,0.043732,-0.411644,0.316243,0.294499,-1.713999,1.586064,3.743747,-0.464866,0.046997,0.016555,0.001172,0.009186,-0.000427,0.000604,0.001119
21.821950,1.297439,-0.570319,-0.038284,1.003137,-0.981731,0.743049,0.246836,0.468210,-0.264529,-0.281074,0.308538,-0.513312,0.457588,0.043583,-0.411595,0.316252,0.294504,-1.713993,1.586060,3.743749,-0.464862,0.047535,0.013602,0.001712,0.008884,-0.001220,0.000875,0.001723
21.823224,1.292605,-0.569119,-0.039813,1.004047,-0.979526,0.743954,0.248136,0.476373,-0.258611,-0.274137,0.305702,-0.513220,0.457027,0.043489,-0.411554,0.316268,0.294502,-1.713980,1.586065,3.743748,-0.464860,0.045984,0.014632,0.000433,0.010342,0.000626,0.000557,0.002427
21.823987,1.290419,-0.570392,-0.041452,1.001887,-0.978390,0.743927,0.247363,0.486011,-0.249043,-0.266001,0.301041,-0.512980,0.456220,0.043427,-0.411502,0.316279,0.294504,-1.713973,1.586062,3.743745,-0.464867,0.047813,0.013875,0.001194,0.009228,-0.001588,-0.000337,-0.000178
21.825023,1.290230,-0.572796,-0.039532,1.002873,-0.978589,0.743710,0.247575,0.493399,-0.238230,-0.259600,0.295673,-0.512583,0.455444,0.043358,-0.411453,0.316295,0.294507,-1.713957,1.586057,3.743747,-0.464861,0.048300,0.014337,0.001975,0.011055,-0.002665,-0.000310,0.001387
21.825977,1.285614,-0.573944,-0.039652,1.003019,-0.979313,0.743186,0.248492,0.496671,-0.228534,-0.256364,0.290609,-0.512068,0.454901,0.043279,-0.411407,0.316314,0.294508,-1.713952,1.586058,3.743746,-0.464863,0.047836,0.015317,0.000991,0.009911,-0.002459,-0.000086,0.000949
21.827019,1.284538,-0.572726,-0.041154,1.004883,-0.980095,0.743403,0.247477,0.497609,-0.224377,-0.254693,0.287950,-0.511728,0.454706,0.043192,-0.411354,0.316329,0.294508,-1.713942,1.586059,3.743749,-0.464865,0.049525,0.015707,0.001059,0.009524,-0.001745,0.000422,-0.000893
21.828034,1.285194,-0.568454,-0.042392,1.003165,-0.979504,0.744917,0.248060,0.495231,-0.227270,-0.255320,0.289009,-0.511730,0.454879,0.043096,-0.411306,0.316343,0.294510,-1.713938,1.586061,3.743749,-0.464862,0.049471,0.014914,0.001791,0.007546,-0.000980,0.000198,0.001165
21.829087,1.284013,-0.566998,-0.041127,1.003503,-0.979926,0.744144,0.247696,0.489214,-0.232560,-0.258695,0.291868,-0.511871,0.455202,0.043010,-0.411260,0.316352,0.294514,-1.713924,1.586059,3.743744,-0.464865,0.048580,0.012661,0.002361,0.008972,-0.001563,-0.001299,-0.000019
21.829956,1.282807,-0.568028,-0.040668,1.002248,-0.980142,0.744858,0.248125,0.482099,-0.233426,-0.263075,0.292909,-0.511782,0.455341,0.042951,-0.411212,0.316362,0.294513,-1.713918,1.586060,3.743746,-0.464862,0.048605,0.011823,0.001730,0.008460,-0.001146,-0.000516,0.000716
21.831018,1.279810,-0.569606,-0.037307,1.002506,-0.979688,0.744807,0.248218,0.476207,-0.228734,-0.266676,0.291152,-0.511384,0.455205,0.042925,-0.411164,0.316374,0.294513,-1.713904,1.586060,3.743747,-0.464864,0.048633,0.012200,0.001501,0.009409,-0.000932,-0.001247,-0.000150
21.832047,1.280824,-0.568424,-0.040237,1.001629,-0.980243,0.743822,0.247209,0.472711,-0.222737,-0.268394,0.288315,-0.510884,0.454962,0.042927,-0.411112,0.316389,0.294510,-1.713897,1.586058,3.743748,-0.464865,0.049518,0.012819,-0.000148,0.008970,-0.001370,-0.001194,-0.000327
21.832983,1.275546,-0.570335,-0.037857,1.002356,-0.981550,0.742499,0.247603,0.471865,-0.218245,-0.267889,0.285660,-0.510416,0.454733,0.042955,-0.411067,0.316398,0.294514,-1.713887,1.586060,3.743746,-0.464859,0.048448,0.012107,0.001301,0.009617,-0.000828,-0.000192,0.001691
21.833971,1.274347,-0.567013,-0.037977,1.001738,-0.980525,0.743519,0.248350,0.472253,-0.215856,-0.266267,0.283818,-0.510034,0.454537,0.043002,-0.411012,0.316414,0.294512,-1.713881,1.586063,3.743748,-0.464859,0.050455,0.012887,0.000106,0.008735,0.000456,0.001122,0.000874
21.835079,1.276963,-0.569271,-0.039368,0.999550,-0.980707,0.742293,0.248085,0.471815,-0.215113,-0.265217,0.283033,-0.509738,0.454375,0.043042,-0.410962,0.316422,0.294510,-1.713872,1.586060,3.743746,-0.464861,0.050439,0.011106,0.000195,0.009133,-0.000562,0.000092,-0.000618
21.836089,1.272911,-0.570442,-0.035039,1.000181,-0.979461,0.743496,0.247768,0.471381,-0.213682,-0.264180,0.281997,-0.509392,0.454156,0.043057,-0.410917,0.316437,0.294514,-1.713856,1.586059,3.743749,-0.464860,0.048569,0.012082,0.000856,0.010961,-0.000351,0.001322,-0.000074
21.836956,1.268612,-0.572314,-0.036418,1.000537,-0.981198,0.742350,0.248817,0.473793,-0.212245,-0.260888,0.280461,-0.509007,0.453880,0.043055,-0.410862,0.316450,0.294510,-1.713848,1.586054,3.743746,-0.464859,0.049970,0.012500,-0.001292,0.010100,-0.001570,0.000113,0.000557
21.838097,1.269635,-0.570600,-0.036545,0.998749,-0.980488,0.741975,0.248407,0.478025,-0.214851,-0.256039,0.280635,-0.508812,0.453750,0.043032,-0.410808,0.316465,0.294510,-1.713840,1.586060,3.743749,-0.464865,0.051481,0.013259,-0.000578,0.009560,0.000145,0.001264,-0.001543
21.839093,1.269332,-0.570750,-0.037175,0.998799,-0.980172,0.742705,0.247995,0.481205,-0.221531,-0.251934,0.283005,-0.508812,0.453816,0.042992,-0.410762,0.316476,0.294512,-1.713826,1.586057,3.743749,-0.464865,0.050380,0.012253,-0.000541,0.011035,-0.000567,0.001632,-0.000693
21.840002,1.266407,-0.571670,-0.035146,0.997616,-0.980554,0.743468,0.247855,0.484127,-0.228535,-0.248075,0.285600,-0.508801,0.453901,0.042984,-0.410712,0.316489,0.294513,-1.713816,1.586057,3.743746,-0.464863,0.049945,0.012183,-0.000229,0.010719,-0.000871,0.000907,0.000121
21.841046,1.266240,-0.573443,-0.038847,0.998671,-0.981459,0.742666,0.247792,0.488141,-0.234661,-0.243455,0.287639,-0.508724,0.453962,0.043044,-0.410658,0.316501,0.294509,-1.713802,1.586059,3.743745,-0.464862,0.050774,0.012496,-0.001212,0.011585,-0.000504,0.000150,0.000392
21.842009,1.264856,-0.571945,-0.037456,0.997280,-0.981115,0.742743,0.247096,0.492287,-0.242128,-0.238805,0.290336,-0.508721,0.454135,0.043166,-0.410610,0.316517,0.294513,-1.713795,1.586060,3.743747,-0.464864,0.050260,0.013200,0.000619,0.010353,0.000389,0.000956,0.000524
21.843004,1.260016,-0.571203,-0.035981,0.998225,-0.981592,0.741830,0.248055,0.497675,-0.261319,-0.232230,0.298695,-0.509048,0.454808,0.043529,-0.410500,0.316537,0.294509,-1.713773,1.586059,3.743748,-0.464864,0.052082,0.011825,-0.000794,0.010262,0.000531,0.001791,-0.000021
21.844002,1.259618,-0.569489,-0.034295,0.998281,-0.981500,0.742070,0.247875,0.497675,-0.261319,-0.232230,0.298695,-0.509048,0.454808,0.043529,-0.410500,0.316537,0.294509,-1.713773,1.586059,3.743748,-0.464864,0.052082,0.011825,-0.000794,0.010262,0.000531,0.001791,-0.000021
21.844966,1.256558,-0.571739,-0.037301,0.999157,-0.981511,0.743055,0.247607,0.498717,-0.268920,-0.230616,0.302809,-0.509201,0.455072,0.043748,-0.410448,0.316545,0.294505,-1.713763,1.586060,3.743747,-0.464864,0.051629,0.010868,-0.001595,0.009970,0.000428,0.001543,0.000360
21.845977,1.255387,-0.567704,-0.037610,0.995194,-0.981725,0.742129,0.248343,0.498563,-0.275706,-0.230093,0.307400,-0.509426,0.455303,0.043995,-0.410394,0.316559,0.294509,-1.713756,1.586062,3.743745,-0.464860,0.052526,0.011852,-0.000112,0.008929,0.000418,0.000561,0.000881
21.847058,1.256909,-0.566341,-0.034445,0.997183,-0.981351,0.742721,0.247138,0.495719,-0.280655,-0.231872,0.311690,-0.509596,0.455543,0.044257,-0.410342,0.316564,0.294511,-1.713737,1.586062,3.743748,-0.464864,0.052484,0.009733,0.000004,0.012465,0.000633,0.001489,-0.000593
21.848005,1.256443,-0.566006,-0.037677,0.997755,-0.980524,0.742482,0.248357,0.492329,-0.279294,-0.234385,0.312947,-0.509436,0.455546,0.044517,-0.410295,0.316572,0.294507,-1.713730,1.586061,3.743748,-0.464859,0.051136,0.008970,-0.001548,0.010272,0.000266,0.000881,0.001836
21.848994,1.256835,-0.566814,-0.037119,0.997221,-0.980225,0.742007,0.247991,0.492452,-0.272402,-0.234327,0.311562,-0.509095,0.455197,0.044778,-0.410243,0.316580,0.294511,-1.713723,1.586057,3.743749,-0.464867,0.050765,0.008717,0.000053,0.009536,-0.000533,0.001127,-0.000619
21.850127,1.254447,-0.566217,-0.035968,0.995439,-0.981640,0.742729,0.247079,0.496266,-0.264328,-0.231428,0.309856,-0.508839,0.454670,0.045035,-0.410194,0.316590,0.294511,-1.713712,1.586060,3.743750,-0.464864,0.049975,0.009011,-0.000245,0.009803,-0.000855,0.001594,0.000132
21.851102,1.251750,-0.569597,-0.035672,0.996384,-0.980148,0.743135,0.247952,0.503245,-0.256487,-0.226127,0.308156,-0.508672,0.454077,0.045287,-0.410143,0.316595,0.294509,-1.713697,1.586066,3.743748,-0.464858,0.050571,0.008638,-0.000798,0.011258,0.000520,0.000873,0.001943
21.851999,1.251892,-0.567153,-0.035689,0.995231,-0.980616,0.743847,0.247044,0.512269,-0.250647,-0.219293,0.307024,-0.508628,0.453562,0.045521,-0.410089,0.316608,0.294510,-1.713690,1.586062,3.743748,-0.464861,0.051274,0.010195,-0.000959,0.010101,-0.000964,0.000471,0.000175
21.853025,1.249898,-0.569097,-0.038258,0.993284,-0.981711,0.745762,0.248166,0.521823,-0.248766,-0.212049,0.307470,-0.508795,0.453253,0.045707,-0.410038,0.316613,0.294511,-1.713676,1.586062,3.743746,-0.464856,0.050578,0.008877,-0.000954,0.010942,-0.000470,-0.000233,0.002006
21.853997,1.249913,-0.568843,-0.037239,0.993652,-0.981797,0.744726,0.247498,0.530959,-0.249032,-0.205200,0.308500,-0.509040,0.453121,0.045816,-0.409988,0.316627,0.294515,-1.713660,1.586064,3.743742,-0.464861,0.050980,0.009712,0.000298,0.012513,0.000607,-0.002134,-0.000257
21.854984,1.251316,-0.569556,-0.038958,0.993413,-0.980294,0.744461,0.247867,0.538850,-0.250112,-0.199442,0.309299,-0.509257,0.453168,0.045830,-0.409938,0.316636,0.294515,-1.713651,1.586061,3.743744,-0.464857,0.050366,0.009465,-0.000234,0.011922,0.000716,-0.001084,0.001098
21.856098,1.250011,-0.568478,-0.037633,0.995310,-0.980340,0.744189,0.247859,0.546880,-0.252960,-0.193573,0.310406,-0.509557,0.453360,0.045761,-0.409891,0.316646,0.294515,-1.713638,1.586057,3.743745,-0.464859,0.049095,0.009699,0.000634,0.011843,-0.000769,-0.000830,0.000346
21.856999,1.244310,-0.567885,-0.036381,0.992593,-0.981436,0.743223,0.247904,0.556698,-0.258302,-0.186193,0.312500,-0.510056,0.453598,0.045626,-0.409843,0.316654,0.294513,-1.713631,1.586058,3.743744,-0.464859,0.049175,0.009060,-0.000016,0.009767,-0.000712,-0.000554,0.000369
21.857955,1.244695,-0.564135,-0.036226,0.992536,-0.979787,0.743676,0.248728,0.566837,-0.264927,-0.178507,0.315361,-0.510692,0.453813,0.045428,-0.409787,0.316660,0.294513,-1.713615,1.586062,3.743746,-0.464859,0.051377,0.008698,-0.000644,0.012138,0.000355,0.000410,0.000278
21.859124,1.242268,-0.565455,-0.040580,0.991890,-0.980924,0.744730,0.248022,0.575037,-0.268100,-0.172461,0.316656,-0.511123,0.453871,0.045175,-0.409738,0.316663,0.294514,-1.713604,1.586057,3.743745,-0.464864,0.050564,0.006771,-0.000724,0.011907,-0.001269,-0.000050,-0.001367
21.860061,1.240495,-0.562103,-0.038513,0.991486,-0.980332,0.744149,0.247770,0.579870,-0.265049,-0.169261,0.315022,-0.511132,0.453756,0.044889,-0.409685,0.316671,0.294518,-1.713592,1.586058,3.743744,-0.464860,0.051164,0.007357,0.001431,0.012261,-0.000120,-0.001106,0.000064
21.861028,1.238524,-0.561358,-0.036924,0.993390,-0.982535,0.744262,0.248363,0.580023,-0.256631,-0.169928,0.311062,-0.510755,0.453582,0.044603,-0.409633,0.316672,0.294517,-1.713580,1.586056,3.743746,-0.464859,0.051418,0.005652,0.000372,0.012374,-0.000703,-0.000521,0.000552
21.862229,1.239502,-0.561656,-0.037924,0.991736,-0.981778,0.743605,0.247683,0.576864,-0.244112,-0.173277,0.305689,-0.510154,0.453311,0.044332,-0.409581,0.316677,0.294516,-1.713573,1.586060,3.743748,-0.464862,0.051779,0.005224,-0.000404,0.010274,0.001481,-0.000654,-0.000639
21.862991,1.241682,-0.562085,-0.039520,0.990468,-0.980841,0.745148,0.248238,0.573501,-0.230046,-0.176630,0.300273,-0.509583,0.452897,0.044080,-0.409532,0.316683,0.294518,-1.713557,1.586059,3.743746,-0.464859,0.050697,0.005305,0.000085,0.011597,0.000708,0.000024,0.000736
21.864013,1.236015,-0.564839,-0.041426,0.990908,-0.980317,0.745477,0.247516,0.572488,-0.216298,-0.177838,0.295057,-0.509086,0.452396,0.043855,-0.409488,0.316691,0.294520,-1.713544,1.586057,3.743745,-0.464862,0.049066,0.005433,0.000859,0.012551,-0.000209,-0.001537,-0.000388
21.865015,1.237386,-0.561652,-0.040554,0.992125,-0.981101,0.744232,0.247586,0.572794,-0.205009,-0.177691,0.290598,-0.508649,0.452017,0.043650,-0.409433,0.316702,0.294523,-1.713532,1.586057,3.743744,-0.464858,0.051277,0.006682,0.001780,0.011801,-0.000734,-0.001849,0.001066
21.866012,1.237419,-0.561552,-0.044439,0.991373,-0.979855,0.744255,0.248574,0.571222,-0.198516,-0.178694,0.288541,-0.508392,0.451923,0.043456,-0.409386,0.316705,0.294523,-1.713523,1.586061,3.743749,-0.464857,0.050002,0.005030,0.001328,0.010361,0.000025,-0.000616,0.000907
21.867099,1.235156,-0.563330,-0.040939,0.988272,-0.981357,0.744414,0.248032,0.568084,-0.195150,-0.180653,0.288525,-0.508316,0.451941,0.043254,-0.409339,0.316710,0.294531,-1.713511,1.586056,3.743749,-0.464862,0.049416,0.004928,0.003199,0.010851,-0.001189,-0.000652,-0.001069
21.868063,1.236009,-0.563822,-0.037856,0.989294,-0.980595,0.744305,0.248315,0.564905,-0.192636,-0.182491,0.288948,-0.508254,0.451946,0.043033,-0.409287,0.316718,0.294528,-1.713494,1.586058,3.743749,-0.464860,0.049943,0.005731,0.001450,0.013561,0.000317,-0.000814,0.000038
21.869118,1.238806,-0.564114,-0.039826,0.988290,-0.979729,0.744234,0.247600,0.564623,-0.191882,-0.181849,0.289458,-0.508207,0.451946,0.042814,-0.409241,0.316724,0.294524,-1.713484,1.586058,3.743746,-0.464861,0.048952,0.005895,-0.000046,0.012244,-0.000465,-0.000685,-0.000539
21.870057,1.234856,-0.560902,-0.043860,0.987552,-0.980561,0.743786,0.247793,0.571101,-0.194624,-0.175504,0.290714,-0.508350,0.451897,0.042623,-0.409198,0.316731,0.294526,-1.713470,1.586057,3.743749,-0.464859,0.047018,0.005966,0.000938,0.012949,-0.001324,-0.000626,0.000903
21.871033,1.231658,-0.559007,-0.042690,0.988924,-0.980428,0.743512,0.248679,0.581922,-0.198469,-0.165471,0.291976,-0.508559,0.451752,0.042455,-0.409145,0.316733,0.294533,-1.713456,1.586061,3.743747,-0.464860,0.048392,0.004314,0.002888,0.013339,-0.000515,-0.000166,0.000500
21.872029,1.232498,-0.561768,-0.042104,0.986315,-0.980477,0.742835,0.247636,0.589896,-0.198958,-0.157720,0.292058,-0.508562,0.451483,0.042284,-0.409095,0.316734,0.294533,-1.713446,1.586060,3.743748,-0.464864,0.049394,0.003366,0.002275,0.011719,-0.000643,0.000103,-0.001266
21.873028,1.232754,-0.561908,-0.039969,0.986856,-0.979699,0.743166,0.247725,0.593319,-0.196319,-0.153595,0.291427,-0.508394,0.451123,0.042118,-0.409050,0.316745,0.294535,-1.713428,1.586059,3.743747,-0.464860,0.048408,0.004637,0.001958,0.013919,-0.000585,0.000788,0.000840
21.874065,1.229277,-0.557256,-0.043752,0.987431,-0.980947,0.742961,0.247433,0.596751,-0.194143,-0.149280,0.291059,-0.508266,0.450740,0.041991,-0.409004,0.316751,0.294534,-1.713415,1.586056,3.743746,-0.464858,0.047735,0.004614,0.000891,0.013039,-0.001346,0.000452,0.000632
21.874973,1.225662,-0.558555,-0.043795,0.986092,-0.979638,0.743101,0.247494,0.600998,-0.192552,-0.144125,0.291056,-0.508224,0.450317,0.041904,-0.408953,0.316750,0.294541,-1.713404,1.586060,3.743750,-0.464858,0.048872,0.002277,0.002732,0.012200,-0.000117,0.000640,0.001224
21.876027,1.228848,-0.562010,-0.043539,0.984203,-0.980418,0.742723,0.247593,0.601027,-0.188533,-0.142312,0.290673,-0.508071,0.449848,0.041827,-0.408899,0.316755,0.294542,-1.713389,1.586055,3.743747,-0.464859,0.050035,0.002904,0.002723,0.013207,-0.001399,0.000514,0.001100
21.877048,1.224974,-0.562910,-0.043271,0.984384,-0.980637,0.742377,0.247784,0.596513,-0.183568,-0.144060,0.290130,-0.507777,0.449455,0.041739,-0.408854,0.316762,0.294545,-1.713371,1.586056,3.743746,-0.464860,0.047870,0.004549,0.002564,0.014652,-0.000606,0.000901,0.000903
21.878017,1.224695,-0.561699,-0.042951,0.984240,-0.980323,0.743103,0.247929,0.591699,-0.182450,-0.145775,0.290859,-0.507578,0.449266,0.041639,-0.408802,0.316766,0.294545,-1.713359,1.586056,3.743748,-0.464860,0.049218,0.004938,0.002420,0.014178,-0.000399,0.001235,0.000521
21.879068,1.224740,-0.562245,-0.045824,0.984021,-0.980087,0.743751,0.247514,0.587288,-0.186276,-0.146853,0.293497,-0.507577,0.449302,0.041529,-0.408753,0.316770,0.294548,-1.713345,1.586055,3.743746,-0.464861,0.048757,0.004281,0.002230,0.013978,-0.000710,0.000512,0.000236
21.879977,1.220422,-0.561394,-0.045310,0.983433,-0.980496,0.743776,0.248712,0.582620,-0.193215,-0.147910,0.297510,-0.507713,0.449513,0.041418,-0.408706,0.316775,0.294555,-1.713330,1.586055,3.743745,-0.464859,0.048161,0.004498,0.003597,0.013836,-0.000936,-0.000131,0.001067
21.881040,1.222233,-0.561808,-0.045766,0.982075,-0.980622,0.743810,0.248098,0.576429,-0.201619,-0.150061,0.302275,-0.507891,0.449881,0.041308,-0.408651,0.316777,0.294557,-1.713315,1.586055,3.743744,-0.464864,0.049689,0.004042,0.003302,0.014063,-0.000528,-0.000144,-0.001338
21.882018,1.218494,-0.562756,-0.046728,0.983659,-0.981082,0.744592,0.246719,0.568165,-0.209963,-0.153826,0.306988,-0.508007,0.450359,0.041207,-0.408606,0.316781,0.294558,-1.713297,1.586055,3.743745,-0.464861,0.048207,0.004216,0.003520,0.015010,-0.000405,-0.000183,-0.000087
21.883014,1.217962,-0.561979,-0.046483,0.980968,-0.981205,0.744493,0.248207,0.558903,-0.218827,-0.158322,0.311852,-0.508130,0.450938,0.041135,-0.408553,0.316785,0.294565,-1.713289,1.586056,3.743747,-0.464853,0.049470,0.004641,0.003922,0.013204,0.000051,-0.000986,0.002656
21.883965,1.216348,-0.562746,-0.046433,0.980711,-0.980076,0.743725,0.248126,0.548415,-0.229107,-0.163738,0.317406,-0.508330,0.451664,0.041080,-0.408505,0.316786,0.294568,-1.713268,1.586055,3.743747,-0.464861,0.049149,0.004229,0.003754,0.015425,0.000186,-0.000876,-0.000348
21.885019,1.210058,-0.561167,-0.044610,0.978691,-0.980603,0.743804,0.248337,0.537266,-0.239048,-0.169761,0.322527,-0.508465,0.452438,0.041017,-0.408456,0.316791,0.294573,-1.713253,1.586051,3.743748,-0.464859,0.049372,0.004563,0.003672,0.015308,-0.000923,-0.000109,-0.000160
21.886055,1.213576,-0.557274,-0.044452,0.979849,-0.980247,0.742539,0.247911,0.525287,-0.246583,-0.176693,0.326028,-0.508354,0.453153,0.040942,-0.408400,0.316793,0.294575,-1.713233,1.586056,3.743749,-0.464862,0.051860,0.003733,0.002728,0.016864,-0.000425,-0.000202,-0.000578
21.887011,1.208711,-0.561473,-0.043520,0.979114,-0.981297,0.743019,0.247759,0.512578,-0.248980,-0.184585,0.326864,-0.507890,0.453635,0.040867,-0.408354,0.316790,0.294576,-1.713222,1.586054,3.743751,-0.464859,0.049505,0.001809,0.002643,0.015408,-0.000774,0.001065,0.000273
21.888020,1.208028,-0.560322,-0.042747,0.978534,-0.979241,0.743919,0.248795,0.501519,-0.247142,-0.191459,0.325770,-0.507255,0.453801,0.040803,-0.408299,0.316798,0.294578,-1.713203,1.586056,3.743750,-0.464858,0.051316,0.003855,0.002155,0.015712,0.000275,0.000577,0.000570
21.889095,1.203307,-0.559481,-0.042203,0.977522,-0.980329,0.744914,0.247954,0.492346,-0.246023,-0.196897,0.325146,-0.506730,0.453890,0.040734,-0.408246,0.316799,0.294579,-1.713188,1.586051,3.743747,-0.464861,0.051007,0.003243,0.001752,0.015922,-0.001765,-0.000309,-0.001514
21.890087,1.203193,-0.560282,-0.043299,0.975595,-0.979366,0.742755,0.248338,0.483534,-0.246163,-0.202061,0.325187,-0.506271,0.454046,0.040657,-0.408192,0.316801,0.294580,-1.713169,1.586055,3.743744,-0.464859,0.052734,0.002796,0.001468,0.016490,-0.000682,-0.001290,0.000199
21.890916,1.198723,-0.557971,-0.044302,0.975614,-0.979697,0.742988,0.248529,0.473868,-0.245361,-0.207977,0.324781,-0.505709,0.454232,0.040592,-0.408139,0.316806,0.294583,-1.713150,1.586052,3.743749,-0.464861,0.052133,0.003148,0.001985,0.017972,-0.001635,0.000870,-0.000589
21.892012,1.196655,-0.559239,-0.041644,0.974805,-0.979694,0.744190,0.248287,0.462195,-0.242349,-0.215608,0.323342,-0.504942,0.454396,0.040544,-0.408081,0.316805,0.294586,-1.713134,1.586052,3.743747,-0.464861,0.053697,0.001986,0.002448,0.017542,-0.001291,0.000627,-0.000966
21.893012,1.195074,-0.558390,-0.040534,0.974584,-0.979543,0.743102,0.248164,0.448017,-0.237289,-0.225366,0.321188,-0.503998,0.454539,0.040520,-0.408026,0.316807,0.294585,-1.713115,1.586053,3.743745,-0.464863,0.054052,0.002614,0.001118,0.017906,-0.001310,-0.000576,-0.000465
21.893971,1.196076,-0.558284,-0.044696,0.974193,-0.979414,0.744222,0.247511,0.433508,-0.232272,-0.235444,0.319307,-0.503059,0.454695,0.040553,-0.407970,0.316808,0.294584,-1.713097,1.586055,3.743749,-0.464862,0.054170,0.002172,0.000582,0.017680,-0.001487,0.000512,-0.000225
21.895015,1.189588,-0.557671,-0.042371,0.973910,-0.980011,0.745415,0.248235,0.420762,-0.228401,-0.244145,0.318146,-0.502251,0.454843,0.040663,-0.407920,0.316811,0.294590,-1.713080,1.586056,3.743745,-0.464858,0.053057,0.002088,0.002618,0.017670,-0.001618,-0.000607,0.001075
21.896042,1.190184,-0.557896,-0.040946,0.971794,-0.981653,0.744191,0.247100,0.408300,-0.225551,-0.252737,0.317814,-0.501569,0.455049,0.040831,-0.407859,0.316812,0.294589,-1.713064,1.586055,3.743745,-0.464862,0.055611,0.001768,0.001435,0.017564,-0.001009,-0.001797,-0.000387
21.897035,1.185413,-0.555210,-0.038126,0.970996,-0.982199,0.744144,0.247436,0.395591,-0.223330,-0.261716,0.318023,-0.500974,0.455340,0.041031,-0.407806,0.316816,0.294588,-1.713042,1.586059,3.743745,-0.464855,0.054635,0.001835,0.000745,0.019175,0.000603,-0.000551,0.001893
21.897997,1.187436,-0.555859,-0.038301,0.972142,-0.982161,0.743959,0.248448,0.384949,-0.219861,-0.269277,0.317446,-0.500391,0.455542,0.041239,-0.407747,0.316813,0.294584,-1.713023,1.586058,3.743744,-0.464857,0.056338,0.000509,-0.000626,0.019508,0.001146,-0.000506,0.001201
21.898958,1.185410,-0.553333,-0.041291,0.971189,-0.982278,0.744382,0.247240,0.378196,-0.214604,-0.273898,0.315812,-0.499865,0.455538,0.041422,-0.407695,0.316813,0.294584,-1.713009,1.586057,3.743745,-0.464859,0.054677,0.000847,-0.000525,0.017994,0.001117,-0.000330,-0.000828
21.900146,1.186188,-0.552516,-0.041067,0.970420,-0.983050,0.744450,0.247945,0.375213,-0.208854,-0.275572,0.314081,-0.499515,0.455377,0.041564,-0.407640,0.316812,0.294588,-1.712988,1.586055,3.743744,-0.464854,0.055048,-0.000414,0.000938,0.018473,0.001253,-0.000749,0.001612
21.901052,1.184904,-0.554316,-0.040990,0.968918,-0.980337,0.744282,0.247720,0.374622,-0.201640,-0.275486,0.311878,-0.499256,0.455082,0.041666,-0.407587,0.316811,0.294588,-1.712967,1.586060,3.743745,-0.464857,0.054014,-0.000799,0.000810,0.018732,0.001986,-0.000822,0.000173
21.901992,1.181188,-0.555971,-0.040984,0.968967,-0.980936,0.743287,0.247916,0.376583,-0.192934,-0.273590,0.308802,-0.499012,0.454693,0.041732,-0.407533,0.316815,0.294588,-1.712944,1.586051,3.743745,-0.464857,0.054013,0.000061,0.000772,0.019696,-0.000675,-0.000653,0.000642
21.903117,1.180241,-0.554844,-0.037991,0.967483,-0.981406,0.743332,0.247868,0.380605,-0.186161,-0.270195,0.306148,-0.498871,0.454382,0.041759,-0.407477,0.316818,0.294590,-1.712927,1.586052,3.743748,-0.464858,0.055207,0.000858,0.000744,0.019215,-0.000057,0.000332,0.000246
21.903979,1.182205,-0.553208,-0.040638,0.968435,-0.980496,0.743031,0.247796,0.385498,-0.183270,-0.266169,0.304868,-0.498891,0.454236,0.041750,-0.407423,0.316816,0.294585,-1.712906,1.586058,3.743747,-0.464857,0.055020,0.000298,-0.000703,0.020213,0.000359,0.000284,0.000343
21.905010,1.177698,-0.552423,-0.040231,0.967866,-0.979411,0.743224,0.248817,0.392704,-0.182613,-0.260349,0.304251,-0.499048,0.454107,0.041721,-0.407373,0.316814,0.294586,-1.712889,1.586057,3.743748,-0.464858,0.053425,-0.000500,0.000632,0.018843,-0.000560,0.000580,0.000494
21.906015,1.176898,-0.553236,-0.040236,0.966772,-0.979923,0.743156,0.247682,0.401778,-0.182136,-0.253117,0.303654,-0.499272,0.453894,0.041692,-0.407315,0.316815,0.294587,-1.712870,1.586052,3.743749,-0.464865,0.055017,-0.000893,0.000398,0.018971,-0.001594,0.000377,-0.001544
21.906965,1.175695,-0.555329,-0.039763,0.965133,-0.979462,0.743224,0.248340,0.410043,-0.181471,-0.246624,0.303115,-0.499489,0.453674,0.041674,-0.407261,0.316815,0.294587,-1.712847,1.586055,3.743748,-0.464856,0.054747,-0.000483,0.000403,0.019511,-0.001097,0.000455,0.000733
21.908062,1.177931,-0.550287,-0.041811,0.964150,-0.978851,0.742179,0.247662,0.417447,-0.182078,-0.240863,0.302930,-0.499706,0.453564,0.041680,-0.407207,0.316819,0.294589,-1.712823,1.586054,3.743748,-0.464859,0.054704,0.000526,0.000144,0.020585,-0.001558,0.000385,-0.000605
21.908972,1.175372,-0.554066,-0.039696,0.964334,-0.980254,0.743151,0.247802,0.425797,-0.182746,-0.234436,0.302092,-0.499846,0.453487,0.041714,-0.407157,0.316814,0.294593,-1.712801,1.586051,3.743750,-0.464854,0.052972,-0.001971,0.001129,0.021027,-0.002139,0.001433,0.000758
21.909984,1.173403,-0.551503,-0.039103,0.963534,-0.981940,0.742402,0.248239,0.436302,-0.181551,-0.226464,0.299754,-0.499870,0.453307,0.041771,-0.407104,0.316819,0.294591,-1.712783,1.586051,3.743747,-0.464854,0.053642,-0.000106,0.000074,0.020389,-0.000720,0.000458,0.000463
21.911051,1.173776,-0.553063,-0.041606,0.963254,-0.981414,0.743576,0.247883,0.448644,-0.180865,-0.217103,0.297412,-0.499984,0.453105,0.041830,-0.407050,0.316816,0.294591,-1.712761,1.586058,3.743749,-0.464857,0.053977,-0.001374,-0.000216,0.020679,0.000906,0.001207,-0.000407
21.911976,1.172815,-0.550960,-0.039878,0.962599,-0.980996,0.742831,0.248459,0.461333,-0.181906,-0.207462,0.295943,-0.500281,0.452960,0.041869,-0.407000,0.316818,0.294593,-1.712740,1.586056,3.743746,-0.464854,0.053167,-0.000600,0.001026,0.020457,0.000370,0.000033,0.000311
21.913026,1.170062,-0.549821,-0.041319,0.962234,-0.980552,0.742604,0.248659,0.473776,-0.183965,-0.197986,0.295099,-0.500707,0.452859,0.041892,-0.406949,0.316813,0.294591,-1.712720,1.586055,3.743748,-0.464860,0.053044,-0.001608,0.000166,0.020636,-0.000032,0.000784,-0.000839
21.914119,1.170011,-0.554554,-0.044408,0.961214,-0.981484,0.742996,0.247504,0.485421,-0.185310,-0.189107,0.294185,-0.501137,0.452726,0.041901,-0.406893,0.316810,0.294595,-1.712700,1.586054,3.743747,-0.464859,0.053757,-0.002142,0.000855,0.020508,-0.000470,0.001014,-0.001234
21.914988,1.169835,-0.552971,-0.039472,0.960786,-0.980561,0.742667,0.248406,0.494125,-0.186791,-0.182480,0.293752,-0.501564,0.452662,0.041900,-0.406841,0.316815,0.294599,-1.712678,1.586053,3.743748,-0.464854,0.053150,0.000194,0.002361,0.021000,0.000494,0.000612,0.001082
21.916042,1.169526,-0.552025,-0.043290,0.957778,-0.981011,0.742613,0.247465,0.500916,-0.192165,-0.177141,0.295348,-0.502165,0.452831,0.041898,-0.406790,0.316814,0.294596,-1.712657,1.586049,3.743748,-0.464859,0.052623,-0.000613,-0.000104,0.020935,-0.000416,0.000948,-0.000743
21.916982,1.168320,-0.551888,-0.041623,0.959264,-0.983564,0.742976,0.247673,0.508995,-0.199374,-0.170594,0.297523,-0.502809,0.453060,0.041901,-0.406739,0.316812,0.294600,-1.712630,1.586051,3.743749,-0.464854,0.052165,-0.001060,0.001797,0.023313,0.000034,0.000990,0.001158
21.918055,1.166013,-0.554000,-0.042623,0.958417,-0.981289,0.743360,0.247360,0.518120,-0.204981,-0.163181,0.298661,-0.503312,0.453192,0.041908,-0.406687,0.316810,0.294599,-1.712612,1.586058,3.743747,-0.464855,0.052158,-0.001105,0.000942,0.021345,0.002538,0.000637,0.000722
21.919051,1.163593,-0.553915,-0.040615,0.959030,-0.981232,0.743531,0.248005,0.526720,-0.211323,-0.156102,0.300374,-0.503870,0.453352,0.041907,-0.406632,0.316812,0.294600,-1.712588,1.586052,3.743747,-0.464853,0.052657,-0.000059,0.001449,0.021636,0.000268,0.000252,0.001348
21.920007,1.162633,-0.550430,-0.040519,0.957305,-0.982356,0.744071,0.248411,0.533700,-0.221478,-0.150117,0.304412,-0.504652,0.453698,0.041877,-0.406576,0.316812,0.294599,-1.712569,1.586049,3.743748,-0.464856,0.053194,-0.000112,0.000436,0.020560,0.000263,0.000076,0.000052
21.921148,1.159517,-0.551899,-0.040723,0.954873,-0.981447,0.744188,0.247525,0.539015,-0.233262,-0.145324,0.309752,-0.505520,0.454135,0.041808,-0.406524,0.316808,0.294600,-1.712545,1.586053,3.743747,-0.464859,0.053034,-0.001825,0.000391,0.021727,0.001363,-0.000460,-0.000743
21.922048,1.159750,-0.552784,-0.040154,0.954290,-0.982853,0.744520,0.248089,0.542701,-0.241682,-0.141881,0.313682,-0.506153,0.454477,0.041715,-0.406465,0.316810,0.294600,-1.712519,1.586051,3.743747,-0.464855,0.053905,-0.001083,0.000488,0.023536,0.000450,-0.000572,0.001039
21.922964,1.156267,-0.553470,-0.041486,0.954181,-0.981753,0.743822,0.247611,0.544755,-0.246404,-0.139808,0.315516,-0.506470,0.454763,0.041625,-0.406413,0.316810,0.294599,-1.712494,1.586058,3.743746,-0.464858,0.053147,-0.000649,0.000216,0.023520,0.001816,-0.000902,-0.000105
21.924153,1.152350,-0.550104,-0.042246,0.952749,-0.981398,0.743510,0.248145,0.545407,-0.250827,-0.138791,0.316894,-0.506699,0.455133,0.041550,-0.406357,0.316810,0.294601,-1.712472,1.586056,3.743749,-0.464855,0.054229,-0.000309,0.000871,0.023080,0.000711,-0.000213,0.000859
21.925034,1.155256,-0.552031,-0.041867,0.951890,-0.980739,0.743483,0.248151,0.542183,-0.254475,-0.140844,0.318055,-0.506827,0.455589,0.041489,-0.406299,0.316805,0.294603,-1.712447,1.586052,3.743748,-0.464857,0.055491,-0.001948,0.001220,0.023927,0.000401,0.000105,-0.000220
21.926023,1.150428,-0.552158,-0.039508,0.951860,-0.980828,0.742619,0.247512,0.535002,-0.254928,-0.146131,0.317875,-0.506704,0.455998,0.041441,-0.406250,0.316805,0.294603,-1.712422,1.586051,3.743748,-0.464858,0.053417,-0.000958,0.001023,0.024188,-0.000253,0.000130,-0.000218
21.927021,1.149188,-0.551446,-0.042175,0.949259,-0.980708,0.741464,0.248021,0.527858,-0.254215,-0.151358,0.317048,-0.506490,0.456323,0.041423,-0.406190,0.316803,0.294600,-1.712399,1.586051,3.743749,-0.464854,0.055151,-0.000878,-0.000124,0.023653,-0.000152,0.000993,0.001057
21.927996,1.146510,-0.549672,-0.041771,0.949614,-0.980524,0.742492,0.247640,0.521058,-0.253552,-0.156232,0.316161,-0.506255,0.456596,0.041434,-0.406135,0.316804,0.294603,-1.712371,1.586050,3.743751,-0.464856,0.055092,-0.001256,0.001191,0.025600,-0.000266,0.002140,0.000025
21.929005,1.145699,-0.547992,-0.039725,0.948448,-0.979786,0.742434,0.247655,0.512335,-0.250397,-0.162679,0.314101,-0.505819,0.456781,0.041449,-0.406078,0.316801,0.294603,-1.712348,1.586051,3.743747,-0.464854,0.055758,-0.002109,0.000974,0.024680,-0.000458,0.001112,0.000796
21.930288,1.146643,-0.550045,-0.041426,0.949035,-0.980504,0.742856,0.248195,0.502279,-0.243230,-0.170280,0.310216,-0.505128,0.456808,0.041453,-0.406023,0.316795,0.294602,-1.712322,1.586049,3.743748,-0.464853,0.055488,-0.002880,-0.000040,0.025231,-0.001186,0.001178,0.000756
21.931016,1.144937,-0.553282,-0.042837,0.948154,-0.980654,0.742392,0.247526,0.493751,-0.233983,-0.176663,0.305384,-0.504364,0.456692,0.041438,-0.405971,0.316798,0.294604,-1.712299,1.586049,3.743749,-0.464856,0.054390,-0.001874,0.000799,0.024082,-0.000453,0.000743,-0.000322
21.931980,1.145424,-0.552370,-0.040279,0.946880,-0.981529,0.742359,0.248235,0.487808,-0.228358,-0.180806,0.302258,-0.503877,0.456676,0.041396,-0.405915,0.316801,0.294606,-1.712274,1.586049,3.743749,-0.464853,0.054583,-0.000279,0.001479,0.024372,-0.000309,0.001215,0.001026
21.933098,1.143171,-0.551367,-0.042448,0.947245,-0.979638,0.741196,0.247276,0.484748,-0.229508,-0.182410,0.302124,-0.503828,0.456906,0.041329,-0.405862,0.316799,0.294603,-1.712247,1.586051,3.743750,-0.464857,0.053689,-0.000733,0.000222,0.024995,0.000551,0.001242,-0.000403
21.934008,1.142437,-0.554210,-0.039196,0.945788,-0.981211,0.741974,0.248736,0.485085,-0.234718,-0.181203,0.303591,-0.504063,0.457230,0.041246,-0.405806,0.316795,0.294607,-1.712225,1.586045,3.743751,-0.464852,0.054166,-0.001190,0.001283,0.024096,-0.001306,0.002407,0.001526
21.934968,1.137740,-0.552522,-0.044216,0.945516,-0.982104,0.742242,0.248294,0.488082,-0.242301,-0.177863,0.305991,-0.504478,0.457572,0.041151,-0.405753,0.316799,0.294602,-1.712199,1.586049,3.743749,-0.464860,0.053885,0.000213,-0.000307,0.024930,0.000258,0.001624,-0.001407
21.936011,1.137442,-0.554355,-0.038942,0.944273,-0.981000,0.742003,0.247736,0.491177,-0.252420,-0.174482,0.309552,-0.505048,0.458037,0.041032,-0.405694,0.316796,0.294607,-1.712173,1.586052,3.743746,-0.464858,0.055546,-0.000618,0.002182,0.024573,0.001121,0.001378,-0.000498
21.936975,1.132432,-0.554100,-0.041337,0.943577,-0.981050,0.743432,0.248239,0.491915,-0.263864,-0.173116,0.313867,-0.505683,0.458672,0.040899,-0.405641,0.316797,0.294601,-1.712144,1.586047,3.743747,-0.464854,0.055030,0.000298,-0.000436,0.025145,0.000042,0.001614,0.000606
21.938012,1.135593,-0.556090,-0.040941,0.941200,-0.980732,0.742915,0.247937,0.490654,-0.275999,-0.173499,0.318517,-0.506327,0.459461,0.040763,-0.405578,0.316797,0.294603,-1.712120,1.586049,3.743746,-0.464857,0.056809,0.000163,0.000775,0.025252,0.000081,0.000176,-0.000407
21.939000,1.129292,-0.553100,-0.039073,0.940180,-0.980476,0.743591,0.248165,0.488339,-0.288541,-0.174867,0.323045,-0.506922,0.460388,0.040624,-0.405530,0.316799,0.294603,-1.712090,1.586046,3.743749,-0.464856,0.054610,0.001143,0.000563,0.026922,-0.000208,0.000694,0.000207
21.939997,1.130703,-0.554203,-0.041662,0.940975,-0.979354,0.742814,0.247811,0.486199,-0.299355,-0.176298,0.326162,-0.507329,0.461321,0.040492,-0.405468,0.316795,0.294601,-1.712063,1.586046,3.743746,-0.464856,0.057068,-0.000333,-0.000353,0.027269,-0.000463,0.000024,-0.000256
21.941049,1.131467,-0.555454,-0.043324,0.939011,-0.980437,0.743749,0.248123,0.483891,-0.306661,-0.178083,0.327418,-0.507476,0.462143,0.040378,-0.405416,0.316797,0.294603,-1.712039,1.586044,3.743749,-0.464854,0.055697,0.000221,0.000939,0.025898,-0.001576,0.000797,0.000454
21.942124,1.132332,-0.554853,-0.042598,0.938673,-0.979933,0.743932,0.248412,0.481283,-0.312345,-0.180219,0.328183,-0.507523,0.462904,0.040282,-0.405363,0.316797,0.294607,-1.712008,1.586051,3.743747,-0.464855,0.054687,0.000847,0.001718,0.027146,-0.000532,-0.000143,-0.000181
21.943013,1.131333,-0.554871,-0.041999,0.936302,-0.979243,0.744149,0.247662,0.480985,-0.318287,-0.180553,0.329192,-0.507626,0.463626,0.040194,-0.405311,0.316796,0.294608,-1.711983,1.586048,3.743746,-0.464858,0.053623,0.000543,0.001335,0.026863,-0.001022,-0.000313,-0.000747
21.944007,1.127490,-0.551046,-0.039357,0.935897,-0.979557,0.744958,0.248674,0.485059,-0.323405,-0.177505,0.329680,-0.507742,0.464212,0.040120,-0.405257,0.316798,0.294606,-1.711951,1.586045,3.743748,-0.464854,0.053479,0.000533,0.001059,0.028473,-0.001692,-0.000542,0.000760
21.945004,1.127925,-0.555552,-0.039727,0.935680,-0.981560,0.744425,0.247943,0.492946,-0.324617,-0.171646,0.328197,-0.507679,0.464540,0.040069,-0.405199,0.316794,0.294603,-1.711923,1.586046,3.743745,-0.464859,0.054722,-0.001353,-0.000244,0.028205,-0.001374,-0.001336,-0.001281
21.946085,1.128975,-0.552546,-0.042826,0.935246,-0.979297,0.744281,0.247992,0.503090,-0.322215,-0.164169,0.325261,-0.507484,0.464647,0.040042,-0.405147,0.316800,0.294604,-1.711898,1.586053,3.743746,-0.464857,0.053857,0.000872,-0.000050,0.027811,0.000577,-0.000799,0.000209
21.947084,1.126826,-0.551991,-0.041888,0.932588,-0.978544,0.743470,0.247555,0.514886,-0.320107,-0.155349,0.323069,-0.507432,0.464692,0.040055,-0.405097,0.316795,0.294608,-1.711869,1.586048,3.743747,-0.464858,0.052737,-0.000607,0.001464,0.027554,-0.001676,-0.000666,0.000098
21.947987,1.126464,-0.554748,-0.040936,0.931916,-0.979228,0.744104,0.247260,0.527207,-0.316759,-0.146121,0.320868,-0.507391,0.464632,0.040117,-0.405043,0.316795,0.294606,-1.711836,1.586045,3.743749,-0.464856,0.053171,-0.000867,0.001000,0.029433,-0.002392,0.000141,0.000977
21.949005,1.121583,-0.554071,-0.040914,0.930586,-0.980146,0.742542,0.247966,0.539587,-0.310779,-0.136907,0.317654,-0.507196,0.464442,0.040224,-0.404993,0.316798,0.294607,-1.711807,1.586047,3.743746,-0.464853,0.052749,0.000485,0.000507,0.029388,-0.001706,-0.000486,0.001551
21.950160,1.119987,-0.553062,-0.041559,0.928421,-0.980619,0.743120,0.246737,0.551288,-0.305205,-0.128174,0.314785,-0.506991,0.464282,0.040350,-0.404936,0.316798,0.294608,-1.711776,1.586047,3.743751,-0.464857,0.054530,0.000131,0.000495,0.029981,-0.000785,0.001067,0.000134
21.951034,1.122346,-0.554663,-0.040554,0.930501,-0.980397,0.742155,0.247252,0.559545,-0.299472,-0.122155,0.312175,-0.506734,0.464178,0.040459,-0.404881,0.316796,0.294610,-1.711742,1.586047,3.743748,-0.464850,0.054646,-0.000351,0.000797,0.031355,-0.000324,0.000486,0.002604
21.951994,1.119814,-0.554747,-0.039821,0.927687,-0.980282,0.743050,0.247270,0.565101,-0.293526,-0.118226,0.309891,-0.506480,0.464065,0.040540,-0.404832,0.316798,0.294610,-1.711719,1.586048,3.743751,-0.464853,0.052863,0.000438,0.000286,0.028674,-0.000561,0.001448,0.001549
21.952985,1.121082,-0.553603,-0.043849,0.927282,-0.980228,0.743543,0.246697,0.571660,-0.290530,-0.113273,0.309414,-0.506491,0.463945,0.040592,-0.404778,0.316798,0.294610,-1.711682,1.586048,3.743747,-0.464854,0.053501,0.000473,-0.000079,0.030653,-0.000669,0.000557,0.001527
21.954007,1.119385,-0.552857,-0.043004,0.924812,-0.980161,0.743630,0.247142,0.579218,-0.289666,-0.107369,0.310116,-0.506670,0.463829,0.040600,-0.404727,0.316796,0.294618,-1.711653,1.586046,3.743745,-0.464850,0.052235,-0.000081,0.001864,0.030328,-0.000708,0.000077,0.002671
21.954997,1.114947,-0.553156,-0.041276,0.925813,-0.980439,0.743266,0.247487,0.586017,-0.287441,-0.102128,0.310110,-0.506749,0.463675,0.040551,-0.404674,0.316796,0.294618,-1.711616,1.586045,3.743746,-0.464851,0.052466,-0.000452,0.001409,0.031936,-0.000765,-0.000009,0.001764
21.955953,1.115848,-0.553509,-0.039948,0.924433,-0.980193,0.742645,0.248275,0.594468,-0.279011,-0.095885,0.308403,-0.506608,0.463292,0.040267,-0.404566,0.316796,0.294617,-1.711557,1.586044,3.743749,-0.464858,0.052933,-0.000121,-0.000108,0.030890,-0.000726,0.000965,-0.000481
21.957059,1.117496,-0.555283,-0.041099,0.922928,-0.979857,0.742331,0.248076,0.599235,-0.277031,-0.092029,0.308560,-0.506687,0.463097,0.040084,-0.404518,0.316798,0.294618,-1.711524,1.586044,3.743749,-0.464856,0.051519,0.000749,0.000472,0.031602,-0.001056,0.001274,-0.000072
21.958067,1.114534,-0.555790,-0.043263,0.922783,-0.980543,0.742440,0.248429,0.605650,-0.278266,-0.086506,0.309791,-0.506931,0.462970,0.039940,-0.404465,0.316800,0.294622,-1.711495,1.586044,3.743749,-0.464857,0.052396,0.000971,0.001508,0.031029,-0.000367,0.001160,-0.000786
21.958988,1.114138,-0.551915,-0.045351,0.920334,-0.981237,0.742849,0.248001,0.605650,-0.278266,-0.086506,0.309791,-0.506931,0.462970,0.039940,-0.404465,0.316800,0.294622,-1.711495,1.586044,3.743749,-0.464857,0.052396,0.000971,0.001508,0.031029,-0.000367,0.001160,-0.000786
21.960014,1.114644,-0.555745,-0.048112,0.921320,-0.980724,0.742979,0.247036,0.609879,-0.280202,-0.082500,0.311170,-0.507152,0.462938,0.039841,-0.404415,0.316793,0.294625,-1.711459,1.586046,3.743748,-0.464856,0.051977,-0.000906,0.002521,0.032647,0.000312,0.000757,0.000084
21.961018,1.110901,-0.554160,-0.044309,0.921458,-0.980214,0.743463,0.247945,0.609958,-0.280362,-0.081721,0.311714,-0.507210,0.462962,0.039790,-0.404366,0.316798,0.294629,-1.711431,1.586044,3.743749,-0.464850,0.051130,0.000987,0.003855,0.030954,-0.000198,0.000627,0.001999
21.962017,1.111102,-0.555341,-0.044593,0.917953,-0.980875,0.742995,0.247498,0.606824,-0.282106,-0.083324,0.313275,-0.507342,0.463144,0.039794,-0.404311,0.316796,0.294627,-1.711401,1.586044,3.743749,-0.464856,0.052364,0.000194,0.001941,0.030101,-0.000700,0.000135,0.000167
21.962950,1.111422,-0.553220,-0.042736,0.916918,-0.979372,0.743725,0.247956,0.602529,-0.286328,-0.085635,0.316138,-0.507602,0.463459,0.039841,-0.404260,0.316798,0.294630,-1.711362,1.586045,3.743750,-0.464854,0.051636,0.000775,0.002069,0.032714,-0.000043,0.000606,0.001084
21.964034,1.110618,-0.555687,-0.045193,0.915222,-0.980413,0.744107,0.247666,0.600010,-0.289385,-0.086414,0.317806,-0.507731,0.463704,0.039915,-0.404210,0.316796,0.294629,-1.711329,1.586040,3.743747,-0.464856,0.050866,-0.000278,0.001140,0.032926,-0.001513,-0.000118,0.000156
21.964950,1.107891,-0.554204,-0.043101,0.915513,-0.979620,0.742807,0.247535,0.600542,-0.289992,-0.084660,0.317334,-0.507632,0.463812,0.040006,-0.404160,0.316800,0.294633,-1.711294,1.586041,3.743746,-0.464855,0.050678,0.000934,0.002339,0.033786,-0.000459,-0.000491,0.000745
21.965938,1.104767,-0.556104,-0.044667,0.913054,-0.980617,0.743597,0.248602,0.602371,-0.289794,-0.081721,0.315922,-0.507414,0.463870,0.040097,-0.404107,0.316798,0.294632,-1.711263,1.586041,3.743750,-0.464851,0.051410,0.000193,0.001282,0.032724,-0.001268,0.000805,0.000989
21.967059,1.101040,-0.557926,-0.047125,0.913033,-0.982106,0.743479,0.247503,0.602795,-0.289891,-0.079749,0.314619,-0.507141,0.463953,0.040170,-0.404052,0.316802,0.294637,-1.711226,1.586042,3.743747,-0.464857,0.052321,0.001114,0.002029,0.034323,-0.000270,0.000011,-0.001146
21.968006,1.098311,-0.556233,-0.045514,0.913096,-0.980881,0.744397,0.248028,0.598186,-0.291763,-0.081666,0.314481,-0.506853,0.464233,0.040208,-0.403995,0.316805,0.294640,-1.711192,1.586046,3.743746,-0.464853,0.053502,0.001993,0.003223,0.033519,0.001191,0.000143,0.001080
21.968971,1.098345,-0.554588,-0.044255,0.908808,-0.981733,0.744034,0.247164,0.586215,-0.296965,-0.089348,0.316718,-0.506650,0.464848,0.040213,-0.403939,0.316801,0.294641,-1.711161,1.586044,3.743747,-0.464854,0.054193,0.001176,0.002387,0.032707,-0.000048,-0.000788,0.000001
21.970078,1.093615,-0.554334,-0.042611,0.910016,-0.980294,0.745148,0.247824,0.569803,-0.302033,-0.100610,0.319501,-0.506391,0.465568,0.040190,-0.403888,0.316798,0.294640,-1.711118,1.586043,3.743749,-0.464849,0.053543,0.000381,0.001770,0.036005,0.000834,-0.000426,0.001737
21.970949,1.090812,-0.555225,-0.042784,0.907909,-0.980370,0.743479,0.248687,0.552811,-0.302832,-0.112525,0.320277,-0.505859,0.466127,0.040146,-0.403829,0.316798,0.294640,-1.711090,1.586043,3.743745,-0.464854,0.055225,0.000263,0.000942,0.034071,-0.000627,-0.001533,0.000407
21.971999,1.089002,-0.554718,-0.043973,0.908000,-0.981821,0.743310,0.247479,0.535159,-0.300512,-0.125113,0.319759,-0.505129,0.466567,0.040083,-0.403773,0.316800,0.294642,-1.711054,1.586042,3.743751,-0.464858,0.055942,0.000695,0.001024,0.035334,-0.000526,0.000131,-0.001309
21.972988,1.085143,-0.554063,-0.041728,0.905852,-0.981160,0.743123,0.247292,0.515735,-0.297330,-0.139186,0.319343,-0.504355,0.466979,0.040007,-0.403717,0.316800,0.294643,-1.711021,1.586046,3.743751,-0.464852,0.056173,0.000435,0.001612,0.034450,0.000900,0.000285,0.001125
21.974017,1.088276,-0.554421,-0.043589,0.905648,-0.981643,0.742895,0.247259,0.494751,-0.293337,-0.154583,0.319073,-0.503593,0.467332,0.039935,-0.403655,0.316800,0.294639,-1.710984,1.586042,3.743750,-0.464851,0.057370,0.000107,0.000514,0.035731,0.000257,0.000475,0.001477
21.974990,1.084954,-0.553142,-0.039092,0.904993,-0.980733,0.743870,0.247182,0.474552,-0.288336,-0.169424,0.318573,-0.502871,0.467563,0.039868,-0.403605,0.316800,0.294643,-1.710951,1.586045,3.743750,-0.464850,0.055169,0.000291,0.001417,0.035127,0.000720,0.000703,0.001532
21.975965,1.082866,-0.559169,-0.042183,0.903817,-0.981092,0.742794,0.248077,0.459024,-0.283205,-0.180582,0.317983,-0.502291,0.467622,0.039808,-0.403544,0.316798,0.294636,-1.710916,1.586041,3.743747,-0.464849,0.056134,-0.000336,-0.000773,0.034933,-0.000164,-0.000266,0.001688
21.977008,1.080316,-0.553777,-0.040411,0.902475,-0.980907,0.743280,0.247606,0.448658,-0.281178,-0.187612,0.318792,-0.502008,0.467670,0.039746,-0.403487,0.316805,0.294639,-1.710880,1.586042,3.743750,-0.464854,0.056487,0.002628,0.000766,0.035263,0.000198,0.000813,-0.000105
21.978016,1.078465,-0.555634,-0.039562,0.900216,-0.981291,0.744162,0.248453,0.440620,-0.283541,-0.192818,0.321634,-0.501994,0.467861,0.039678,-0.403429,0.316800,0.294637,-1.710844,1.586041,3.743748,-0.464853,0.057063,-0.000060,-0.000122,0.035723,0.000025,0.000327,0.000860
21.978964,1.077363,-0.555756,-0.039089,0.902352,-0.981433,0.744728,0.248305,0.433881,-0.285892,-0.197249,0.324304,-0.501943,0.468051,0.039620,-0.403370,0.316802,0.294636,-1.710804,1.586042,3.743746,-0.464857,0.057279,0.000881,-0.000521,0.037042,0.000399,-0.000551,-0.000841
21.979980,1.072394,-0.554162,-0.035975,0.898819,-0.980720,0.744337,0.247957,0.429238,-0.287874,-0.200296,0.326681,-0.501872,0.468214,0.039581,-0.403313,0.316803,0.294634,-1.710774,1.586043,3.743745,-0.464856,0.057143,0.000912,-0.000730,0.034150,0.000533,-0.001106,-0.000533
21.981051,1.072662,-0.555265,-0.039630,0.898023,-0.981880,0.744055,0.248485,0.426644,-0.291209,-0.201917,0.329846,-0.501935,0.468411,0.039570,-0.403251,0.316802,0.294629,-1.710731,1.586041,3.743745,-0.464853,0.058897,0.000127,-0.002245,0.036706,-0.000172,-0.000706,0.000157
21.981994,1.070250,-0.554655,-0.040004,0.897103,-0.981393,0.745267,0.247304,0.424865,-0.293430,-0.203189,0.332438,-0.501956,0.468573,0.039580,-0.403192,0.316803,0.294633,-1.710695,1.586044,3.743747,-0.464857,0.058029,0.000672,-0.000429,0.036606,0.000975,-0.000434,-0.000902
21.982948,1.068938,-0.554584,-0.041946,0.896344,-0.980806,0.744727,0.247445,0.422474,-0.294062,-0.205288,0.334094,-0.501875,0.468742,0.039607,-0.403131,0.316803,0.294633,-1.710659,1.586042,3.743746,-0.464850,0.058520,0.000358,-0.000265,0.036661,0.000493,-0.001657,0.001466
21.984088,1.066909,-0.554254,-0.041319,0.894479,-0.982487,0.744617,0.247232,0.418427,-0.293946,-0.209018,0.335421,-0.501734,0.468982,0.039642,-0.403072,0.316803,0.294635,-1.710623,1.586039,3.743745,-0.464851,0.058468,0.000325,0.000690,0.036548,-0.000065,-0.001093,0.001161
21.984999,1.067317,-0.551381,-0.041863,0.894197,-0.981769,0.742997,0.247534,0.412675,-0.292786,-0.214427,0.336336,-0.501509,0.469257,0.039661,-0.403015,0.316803,0.294635,-1.710583,1.586044,3.743744,-0.464849,0.058796,0.000159,0.000368,0.037471,0.001587,-0.000983,0.001587
21.985944,1.069038,-0.554709,-0.036423,0.892585,-0.980757,0.743949,0.247311,0.406892,-0.289184,-0.220212,0.336144,-0.501177,0.469416,0.039646,-0.402958,0.316800,0.294635,-1.710547,1.586043,3.743747,-0.464852,0.057897,-0.001245,0.000644,0.036873,0.000854,0.000633,0.000985
21.987093,1.063678,-0.554349,-0.040975,0.891101,-0.980671,0.743907,0.247569,0.406048,-0.283586,-0.222300,0.334730,-0.500855,0.469309,0.039610,-0.402902,0.316803,0.294629,-1.710509,1.586043,3.743746,-0.464850,0.056362,0.000405,-0.002031,0.037578,-0.000153,-0.000336,0.001434
21.988083,1.063396,-0.553385,-0.038194,0.890354,-0.981493,0.743623,0.248423,0.412061,-0.279098,-0.218964,0.333164,-0.500692,0.469050,0.039569,-0.402842,0.316803,0.294634,-1.710471,1.586042,3.743746,-0.464848,0.058348,0.000207,0.000228,0.038144,-0.000221,-0.000284,0.000899
21.988945,1.065663,-0.552075,-0.042769,0.890134,-0.980490,0.743179,0.247368,0.420284,-0.275933,-0.213877,0.331818,-0.500620,0.468800,0.039511,-0.402785,0.316802,0.294630,-1.710433,1.586043,3.743747,-0.464855,0.057788,-0.000258,-0.001151,0.037981,0.000601,-0.000002,-0.000791
21.990083,1.066521,-0.553682,-0.045959,0.890223,-0.980722,0.744208,0.248288,0.429155,-0.272428,-0.208290,0.330327,-0.500586,0.468490,0.039425,-0.402732,0.316800,0.294636,-1.710397,1.586043,3.743749,-0.464850,0.056009,-0.000891,0.001101,0.037332,-0.000420,0.000430,0.001335
21.991056,1.063933,-0.554640,-0.043896,0.886120,-0.980571,0.744830,0.248473,0.439174,-0.269405,-0.201750,0.329355,-0.500693,0.468127,0.039320,-0.402680,0.316802,0.294641,-1.710361,1.586043,3.743746,-0.464854,0.054961,-0.000097,0.002634,0.036388,-0.000183,-0.000596,-0.000529
21.992117,1.064563,-0.553321,-0.044706,0.885819,-0.981846,0.744191,0.247908,0.449463,-0.268447,-0.194952,0.329433,-0.500971,0.467873,0.039206,-0.402623,0.316803,0.294641,-1.710316,1.586045,3.743745,-0.464854,0.055582,0.000359,0.001573,0.039432,-0.000354,-0.001211,-0.000882
21.993008,1.059443,-0.553481,-0.042226,0.886099,-0.980809,0.744384,0.248019,0.460517,-0.268390,-0.187582,0.329354,-0.501282,0.467722,0.039115,-0.402572,0.316802,0.294643,-1.710280,1.586043,3.743749,-0.464851,0.054640,-0.000291,0.001970,0.038831,0.000957,-0.000581,0.000250
21.994009,1.055596,-0.553781,-0.041050,0.885223,-0.981609,0.743737,0.247482,0.472059,-0.268340,-0.179895,0.328890,-0.501608,0.467593,0.039073,-0.402513,0.316802,0.294641,-1.710244,1.586040,3.743747,-0.464852,0.056523,-0.000205,0.000740,0.037693,-0.000074,-0.000770,0.000022
21.995050,1.058010,-0.552240,-0.038830,0.884043,-0.980266,0.743865,0.248229,0.481739,-0.269687,-0.173668,0.329361,-0.502038,0.467537,0.039075,-0.402454,0.316802,0.294640,-1.710207,1.586044,3.743749,-0.464849,0.057728,-0.000054,0.000167,0.037682,0.000699,-0.000128,0.001096
21.995945,1.055213,-0.552531,-0.041206,0.882490,-0.981782,0.744441,0.247724,0.490163,-0.272241,-0.168320,0.330626,-0.502541,0.467506,0.039111,-0.402403,0.316800,0.294640,-1.710169,1.586039,3.743746,-0.464852,0.055878,-0.000809,-0.000950,0.037963,-0.000612,-0.000245,-0.000411
21.997040,1.054634,-0.552647,-0.039601,0.882058,-0.981227,0.744133,0.247448,0.499864,-0.274159,-0.161820,0.331364,-0.503000,0.467371,0.039170,-0.402344,0.316800,0.294643,-1.710129,1.586042,3.743747,-0.464850,0.056599,-0.000655,0.000232,0.038566,0.000901,-0.000831,0.000615
21.998007,1.052799,-0.552770,-0.039146,0.880671,-0.980267,0.744821,0.248142,0.510064,-0.275259,-0.154791,0.331402,-0.503383,0.467181,0.039239,-0.402289,0.316800,0.294641,-1.710091,1.586042,3.743748,-0.464849,0.056217,-0.000598,-0.000567,0.038074,0.000328,-0.000521,0.001156
21.999034,1.053680,-0.551640,-0.038961,0.878372,-0.980526,0.744930,0.247714,0.520167,-0.276619,-0.147668,0.331271,-0.503743,0.467007,0.039303,-0.402233,0.316798,0.294640,-1.710051,1.586040,3.743745,-0.464852,0.056465,-0.000515,-0.000781,0.038502,-0.000613,-0.001202,-0.000236
22.000143,1.050520,-0.554885,-0.038464,0.878388,-0.980003,0.745061,0.248527,0.531196,-0.277415,-0.139656,0.330288,-0.504013,0.466818,0.039350,-0.402180,0.316796,0.294642,-1.710010,1.586040,3.743745,-0.464849,0.055379,-0.001062,-0.000896,0.039829,-0.000341,-0.001306,0.000629
22.001050,1.048771,-0.552785,-0.039481,0.876036,-0.980661,0.743586,0.248164,0.543322,-0.277971,-0.130618,0.328463,-0.504188,0.466652,0.039386,-0.402122,0.316800,0.294641,-1.709971,1.586038,3.743746,-0.464853,0.056285,0.000537,-0.001132,0.038858,-0.000857,-0.001441,-0.001006
22.001945,1.047496,-0.554112,-0.040667,0.874360,-0.979822,0.744091,0.247710,0.554660,-0.279959,-0.121995,0.326877,-0.504344,0.466606,0.039417,-0.402066,0.316796,0.294641,-1.709928,1.586040,3.743750,-0.464853,0.056475,-0.000495,-0.000619,0.040199,-0.000210,0.000028,-0.000255
22.003044,1.046917,-0.554110,-0.041744,0.873009,-0.979845,0.744647,0.248641,0.562979,-0.281749,-0.115621,0.324909,-0.504352,0.466636,0.039443,-0.402010,0.316798,0.294641,-1.709887,1.586039,3.743746,-0.464849,0.056445,0.000162,-0.000026,0.040873,-0.001048,-0.000474,0.000636
22.004042,1.046985,-0.554714,-0.040095,0.875349,-0.979663,0.744824,0.247588,0.567882,-0.282320,-0.111859,0.321996,-0.504135,0.466729,0.039450,-0.401955,0.316798,0.294643,-1.709845,1.586039,3.743745,-0.464854,0.056067,0.000154,0.000491,0.041223,-0.001024,-0.001027,-0.001235
22.004962,1.044491,-0.552633,-0.040416,0.871182,-0.980030,0.744601,0.247599,0.571125,-0.284344,-0.109212,0.319777,-0.503939,0.466946,0.039434,-0.401900,0.316800,0.294641,-1.709813,1.586038,3.743746,-0.464849,0.055369,0.000438,-0.000326,0.038081,-0.001193,-0.001204,0.000892
22.006066,1.043844,-0.554432,-0.041343,0.871123,-0.982196,0.744792,0.248024,0.574613,-0.288357,-0.106149,0.318912,-0.503902,0.467219,0.039406,-0.401843,0.316798,0.294641,-1.709766,1.586038,3.743747,-0.464849,0.055947,-0.000595,-0.000156,0.041170,-0.000820,-0.000980,0.000851
22.007056,1.039923,-0.555940,-0.041303,0.868400,-0.981089,0.743562,0.247573,0.577953,-0.291766,-0.103129,0.318043,-0.503856,0.467450,0.039358,-0.401788,0.316800,0.294641,-1.709727,1.586042,3.743745,-0.464852,0.055601,0.000303,0.000311,0.040267,0.001325,-0.001166,0.000002
22.007936,1.038840,-0.553711,-0.041977,0.868011,-0.981795,0.744283,0.248039,0.579610,-0.295152,-0.101399,0.317343,-0.503787,0.467712,0.039278,-0.401729,0.316802,0.294641,-1.709681,1.586039,3.743747,-0.464849,0.056870,0.001032,0.000286,0.041911,0.000217,0.000069,0.000912
22.009060,1.038134,-0.552594,-0.039814,0.866699,-0.980926,0.743544,0.247737,0.578252,-0.298922,-0.102024,0.317086,-0.503687,0.468053,0.039174,-0.401673,0.316800,0.294641,-1.709641,1.586039,3.743747,-0.464852,0.056729,-0.000077,0.000626,0.041302,0.000941,-0.000676,-0.000030
22.010068,1.036284,-0.555584,-0.041047,0.864904,-0.981084,0.743290,0.248302,0.574941,-0.300507,-0.104239,0.316180,-0.503443,0.468322,0.039060,-0.401618,0.316798,0.294637,-1.709598,1.586035,3.743748,-0.464851,0.056414,-0.000609,-0.000422,0.041605,0.000096,0.000071,0.000587
22.010966,1.032580,-0.554197,-0.041600,0.865136,-0.981217,0.742841,0.248109,0.571938,-0.300098,-0.106213,0.314633,-0.503080,0.468471,0.038952,-0.401562,0.316802,0.294639,-1.709554,1.586036,3.743748,-0.464854,0.056670,0.000861,0.000190,0.042348,0.000251,0.000322,-0.000547
22.011970,1.029786,-0.553974,-0.040303,0.862530,-0.980851,0.743195,0.247261,0.568187,-0.300269,-0.108735,0.313764,-0.502711,0.468651,0.038869,-0.401502,0.316802,0.294641,-1.709514,1.586038,3.743748,-0.464853,0.057812,0.000146,0.000446,0.041121,0.000363,0.000775,-0.000150
22.013022,1.029250,-0.551042,-0.040186,0.862840,-0.981373,0.743529,0.248030,0.561547,-0.300883,-0.113599,0.313818,-0.502329,0.468900,0.038827,-0.401440,0.316802,0.294639,-1.709467,1.586038,3.743749,-0.464849,0.058464,0.000040,-0.000192,0.042639,-0.000010,0.000405,0.001542
22.013948,1.030198,-0.553554,-0.041927,0.861230,-0.981683,0.743546,0.247456,0.552844,-0.299375,-0.120268,0.313562,-0.501818,0.469079,0.038827,-0.401384,0.316798,0.294639,-1.709428,1.586039,3.743750,-0.464852,0.058047,-0.001395,-0.000247,0.041364,0.000510,0.000066,-0.000014
22.015059,1.027202,-0.553652,-0.042657,0.858233,-0.982137,0.744021,0.247620,0.544602,-0.295778,-0.126701,0.312935,-0.501248,0.469126,0.038850,-0.401329,0.316800,0.294641,-1.709384,1.586040,3.743749,-0.464849,0.056902,-0.000132,0.000607,0.041935,0.000809,0.000059,0.001148
22.016017,1.027533,-0.555022,-0.039498,0.857416,-0.981474,0.744015,0.247666,0.537697,-0.292081,-0.132145,0.312513,-0.500713,0.469144,0.038880,-0.401269,0.316800,0.294643,-1.709338,1.586040,3.743747,-0.464849,0.057710,-0.000095,0.000945,0.043844,0.001265,-0.000410,0.000805
22.017014,1.024209,-0.555034,-0.040210,0.854676,-0.979296,0.744244,0.247906,0.532732,-0.289253,-0.136111,0.312185,-0.500204,0.469199,0.038900,-0.401214,0.316802,0.294639,-1.709296,1.586037,3.743747,-0.464849,0.056859,0.000572,-0.000607,0.043629,0.000622,-0.000398,0.000714
22.017950,1.024290,-0.555583,-0.042496,0.853583,-0.980477,0.744152,0.248496,0.530934,-0.287604,-0.137581,0.311782,-0.499702,0.469272,0.038894,-0.401155,0.316801,0.294639,-1.709248,1.586034,3.743745,-0.464849,0.057829,0.000577,-0.000232,0.045226,-0.001537,-0.000618,0.000231
22.019093,1.022289,-0.552049,-0.043339,0.853069,-0.979263,0.744644,0.247526,0.530726,-0.286531,-0.137822,0.311032,-0.499117,0.469386,0.038848,-0.401101,0.316805,0.294641,-1.709201,1.586036,3.743746,-0.464852,0.057133,0.000811,0.000894,0.045180,-0.000342,-0.000529,-0.000942
22.020006,1.022474,-0.550938,-0.042798,0.851488,-0.980576,0.744739,0.248631,0.529632,-0.284273,-0.138881,0.309578,-0.498383,0.469513,0.038765,-0.401043,0.316800,0.294643,-1.709157,1.586034,3.743747,-0.464848,0.057446,-0.000918,0.001286,0.044649,-0.001564,-0.001031,0.001011
22.020973,1.023279,-0.552490,-0.045542,0.848943,-0.980192,0.744716,0.247941,0.527603,-0.278280,-0.140879,0.306667,-0.497461,0.469500,0.038661,-0.400988,0.316799,0.294643,-1.709112,1.586038,3.743747,-0.464853,0.056684,-0.001451,0.001009,0.045161,-0.000265,-0.001122,-0.001219
22.022095,1.021475,-0.550747,-0.045448,0.847245,-0.979870,0.743602,0.248513,0.526299,-0.268257,-0.142508,0.301961,-0.496371,0.469282,0.038546,-0.400936,0.316799,0.294647,-1.709064,1.586037,3.743747,-0.464850,0.055648,-0.000665,0.002351,0.046546,-0.000651,-0.001102,0.000184
22.023097,1.017563,-0.549809,-0.042885,0.847350,-0.980574,0.743243,0.248442,0.526343,-0.255525,-0.143270,0.295680,-0.495153,0.468909,0.038437,-0.400879,0.316799,0.294649,-1.709015,1.586038,3.743750,-0.464853,0.055884,-0.001548,0.002269,0.047060,-0.000990,0.000008,-0.000972
22.023986,1.015564,-0.554477,-0.039413,0.845863,-0.979976,0.741958,0.248162,0.526759,-0.240429,-0.143975,0.288214,-0.493843,0.468389,0.038350,-0.400820,0.316798,0.294647,-1.708971,1.586040,3.743748,-0.464854,0.057145,-0.001998,0.000996,0.045898,-0.000292,0.000370,-0.000815
22.025008,1.017041,-0.554252,-0.042073,0.844303,-0.979519,0.742317,0.247735,0.527836,-0.226829,-0.144210,0.281709,-0.492714,0.467822,0.038313,-0.400762,0.316803,0.294643,-1.708924,1.586039,3.743750,-0.464853,0.057434,0.000296,-0.000698,0.046270,-0.000897,0.001653,-0.000253
22.026017,1.015754,-0.553599,-0.042455,0.845331,-0.981008,0.743632,0.247575,0.531302,-0.219781,-0.142324,0.278257,-0.492046,0.467385,0.038351,-0.400709,0.316803,0.294647,-1.708877,1.586038,3.743749,-0.464851,0.056038,0.000159,0.000616,0.046688,-0.001343,0.001286,0.000593
22.027059,1.017010,-0.551563,-0.042563,0.841921,-0.979883,0.743630,0.248380,0.537206,-0.219619,-0.138234,0.278029,-0.491884,0.467126,0.038460,-0.400652,0.316803,0.294649,-1.708836,1.586041,3.743746,-0.464849,0.056020,-0.000170,0.000775,0.044648,0.000134,-0.000025,0.000903
22.028069,1.016077,-0.554510,-0.041878,0.841467,-0.980703,0.743580,0.247826,0.544913,-0.222834,-0.132600,0.279605,-0.492069,0.466935,0.038606,-0.400600,0.316802,0.294649,-1.708784,1.586036,3.743748,-0.464852,0.054751,-0.001174,0.000827,0.046855,-0.000964,-0.000021,-0.000716
22.029045,1.015712,-0.551756,-0.040093,0.839853,-0.980345,0.743024,0.247533,0.555251,-0.226750,-0.124884,0.281367,-0.492406,0.466712,0.038763,-0.400547,0.316805,0.294649,-1.708739,1.586039,3.743749,-0.464849,0.054590,0.000283,0.000481,0.046208,-0.000155,0.000024,0.000408
22.030004,1.017665,-0.554442,-0.043756,0.837464,-0.980749,0.743011,0.247741,0.568953,-0.231493,-0.114474,0.283204,-0.492869,0.466449,0.038923,-0.400493,0.316802,0.294649,-1.708691,1.586037,3.743750,-0.464847,0.054131,-0.001081,-0.000422,0.046670,-0.000507,0.000578,0.000979
22.031028,1.014053,-0.560109,-0.040610,0.836210,-0.980887,0.743022,0.247510,0.585829,-0.236449,-0.101511,0.284830,-0.493405,0.466120,0.039069,-0.400444,0.316805,0.294653,-1.708640,1.586040,3.743746,-0.464848,0.052553,0.000247,0.001386,0.047855,-0.000119,0.000608,0.000558
22.032125,1.014908,-0.555242,-0.044080,0.835046,-0.979748,0.743868,0.248008,0.604664,-0.244671,-0.086848,0.287489,-0.494110,0.465927,0.039194,-0.400388,0.316813,0.294650,-1.708592,1.586041,3.743747,-0.464849,0.053707,0.003002,-0.000181,0.047940,-0.000000,0.000594,0.001031
22.032943,1.014459,-0.557298,-0.043479,0.833374,-0.980824,0.744168,0.248030,0.623311,-0.258712,-0.072083,0.292529,-0.495074,0.466056,0.039304,-0.400337,0.316808,0.294656,-1.708542,1.586035,3.743745,-0.464852,0.052644,0.000578,0.001518,0.047898,-0.001091,-0.000249,0.000035
22.034037,1.014528,-0.555520,-0.044890,0.832771,-0.982475,0.743049,0.248113,0.640225,-0.274201,-0.058573,0.298237,-0.496064,0.466346,0.039404,-0.400286,0.316811,0.294655,-1.708493,1.586039,3.743745,-0.464852,0.052263,0.001601,0.001210,0.048407,-0.000031,-0.000543,-0.000000
22.035020,1.013866,-0.554040,-0.045078,0.831151,-0.982709,0.743131,0.248114,0.655411,-0.288603,-0.046372,0.303645,-0.496995,0.466647,0.039507,-0.400236,0.316809,0.294657,-1.708446,1.586042,3.743746,-0.464852,0.051626,0.000719,0.001901,0.047883,0.001596,0.000585,-0.000167
22.035952,1.012982,-0.553581,-0.044460,0.830184,-0.981016,0.743007,0.247476,0.668972,-0.300651,-0.035399,0.308409,-0.497876,0.466841,0.039626,-0.400184,0.316807,0.294659,-1.708397,1.586041,3.743750,-0.464852,0.051338,0.000002,0.001963,0.048318,0.001829,0.000468,-0.000167
22.037030,1.014340,-0.553346,-0.045554,0.828623,-0.982606,0.743667,0.247732,0.680848,-0.308383,-0.025737,0.311659,-0.498599,0.466820,0.039767,-0.400133,0.316807,0.294661,-1.708349,1.586036,3.743749,-0.464849,0.051173,-0.000223,0.001624,0.048128,0.000170,0.000598,0.001106
22.038043,1.011010,-0.552968,-0.044651,0.827148,-0.984057,0.742212,0.247820,0.691835,-0.312236,-0.016720,0.313406,-0.499147,0.466605,0.039920,-0.400087,0.316807,0.294664,-1.708299,1.586040,3.743746,-0.464850,0.049929,-0.000339,0.002149,0.048492,0.001747,-0.000049,0.000584
22.038987,1.010571,-0.553049,-0.043086,0.825882,-0.982844,0.741517,0.247274,0.702122,-0.313331,-0.008181,0.314085,-0.499579,0.466252,0.040056,-0.400033,0.316807,0.294664,-1.708250,1.586042,3.743750,-0.464850,0.050971,-0.000528,0.001681,0.048808,0.003175,0.001399,0.000411
22.039987,1.011938,-0.553196,-0.042892,0.824617,-0.981726,0.742994,0.247514,0.711183,-0.312473,-0.000507,0.314061,-0.499942,0.465790,0.040155,-0.399984,0.316807,0.294665,-1.708201,1.586039,3.743751,-0.464849,0.050592,-0.000486,0.000885,0.048883,0.001964,0.002083,0.001512
22.041114,1.004678,-0.553732,-0.043561,0.823634,-0.980745,0.742616,0.248276,0.720423,-0.310870,0.007503,0.313637,-0.500272,0.465236,0.040218,-0.399938,0.316807,0.294667,-1.708153,1.586037,3.743747,-0.464849,0.049340,-0.000412,0.000766,0.049013,0.000871,0.000606,0.001013
22.041992,1.007106,-0.555323,-0.045039,0.823229,-0.979654,0.742519,0.248374,0.728726,-0.309806,0.014999,0.313319,-0.500549,0.464728,0.040238,-0.399880,0.316807,0.294670,-1.708106,1.586034,3.743748,-0.464850,0.052318,-0.000142,0.001070,0.048844,-0.000077,0.000999,-0.000516
22.042982,1.007746,-0.552159,-0.046236,0.821991,-0.980534,0.742797,0.248202,0.732128,-0.311076,0.018844,0.314228,-0.500782,0.464462,0.040214,-0.399831,0.316809,0.294673,-1.708057,1.586032,3.743749,-0.464853,0.050476,0.000633,0.001776,0.048070,-0.001150,0.001086,-0.000686
22.043995,1.008673,-0.554309,-0.046837,0.822206,-0.978994,0.744170,0.247987,0.731559,-0.314856,0.019800,0.316448,-0.501015,0.464395,0.040189,-0.399782,0.316804,0.294677,-1.708007,1.586035,3.743748,-0.464854,0.049576,-0.000910,0.002335,0.048132,-0.000279,0.000808,-0.000335
22.045011,1.005073,-0.552876,-0.046339,0.819790,-0.979218,0.743057,0.248174,0.730244,-0.319946,0.020403,0.319245,-0.501269,0.464390,0.040211,-0.399735,0.316805,0.294680,-1.707964,1.586033,3.743745,-0.464852,0.048544,0.000176,0.002594,0.046851,-0.001830,-0.000558,0.000089
22.046067,1.004100,-0.551512,-0.047988,0.819140,-0.979231,0.743033,0.247145,0.728615,-0.326339,0.020968,0.322496,-0.501541,0.464455,0.040294,-0.399683,0.316804,0.294681,-1.707913,1.586031,3.743747,-0.464854,0.049741,-0.000536,0.002327,0.048075,-0.001566,0.000571,-0.000285
22.046985,1.001344,-0.549317,-0.048070,0.818661,-0.978771,0.742709,0.248308,0.724840,-0.331863,0.019920,0.325152,-0.501649,0.464542,0.040426,-0.399632,0.316802,0.294684,-1.707863,1.586031,3.743749,-0.464849,0.049599,-0.001197,0.003123,0.047511,-0.001557,0.000571,0.001780
22.047986,0.999763,-0.551877,-0.046569,0.817308,-0.979589,0.743130,0.247298,0.717057,-0.333615,0.015656,0.326133,-0.501426,0.464547,0.040585,-0.399580,0.316798,0.294687,-1.707816,1.586029,3.743751,-0.464854,0.050365,-0.002254,0.003118,0.046867,-0.002002,0.000888,-0.000572
22.049028,0.996538,-0.552475,-0.044519,0.814000,-0.980188,0.743968,0.247453,0.705529,-0.332578,0.008427,0.326059,-0.500954,0.464501,0.040755,-0.399528,0.316800,0.294689,-1.707768,1.586030,3.743750,-0.464848,0.050528,-0.000971,0.002343,0.047073,-0.001180,0.000462,0.001467
22.050036,0.996196,-0.553504,-0.046714,0.813559,-0.980856,0.743205,0.247751,0.692269,-0.331661,-0.000047,0.325773,-0.500368,0.464535,0.040930,-0.399474,0.316800,0.294688,-1.707716,1.586031,3.743746,-0.464849,0.051500,-0.000686,0.001323,0.049153,-0.000589,-0.000357,0.001140
22.051025,0.994444,-0.552344,-0.042656,0.812331,-0.979828,0.743971,0.247335,0.678457,-0.332225,-0.008782,0.325417,-0.499716,0.464735,0.041096,-0.399424,0.316799,0.294691,-1.707670,1.586032,3.743747,-0.464851,0.051050,-0.000152,0.002404,0.048466,0.000064,0.000418,0.000546
22.052015,0.990434,-0.554984,-0.045822,0.812078,-0.981374,0.743186,0.248434,0.665152,-0.334397,-0.016921,0.325169,-0.499066,0.465062,0.041238,-0.399371,0.316796,0.294688,-1.707622,1.586029,3.743748,-0.464849,0.051303,-0.000714,0.000382,0.048544,-0.000949,-0.000366,0.001388
22.052999,0.988963,-0.551246,-0.048752,0.811131,-0.982195,0.743240,0.248356,0.652360,-0.338961,-0.024433,0.325839,-0.498526,0.465507,0.041347,-0.399315,0.316800,0.294693,-1.707575,1.586032,3.743750,-0.464853,0.052641,0.000582,0.001944,0.047661,0.000598,0.000422,-0.000826
22.053969,0.985555,-0.552443,-0.047848,0.809599,-0.981572,0.743243,0.248186,0.636330,-0.345528,-0.034394,0.327976,-0.498095,0.466112,0.041415,-0.399263,0.316794,0.294700,-1.707527,1.586034,3.743748,-0.464852,0.052748,-0.001252,0.003324,0.047459,0.001389,0.000371,-0.000648
22.055021,0.984785,-0.552292,-0.045369,0.807943,-0.982476,0.742979,0.248083,0.614676,-0.351173,-0.048918,0.330602,-0.497624,0.466802,0.041456,-0.399209,0.316794,0.294701,-1.707476,1.586032,3.743749,-0.464848,0.053807,-0.000624,0.002839,0.047766,0.000767,0.000359,-0.000323
22.055990,0.981646,-0.551501,-0.048445,0.806099,-0.981393,0.742277,0.247599,0.590164,-0.354934,-0.065903,0.332894,-0.497074,0.467483,0.041494,-0.399156,0.316795,0.294700,-1.707426,1.586035,3.743750,-0.464850,0.053545,-0.000724,0.001597,0.048232,0.001664,0.000622,-0.000113
22.057010,0.978169,-0.553126,-0.046186,0.807100,-0.981566,0.742503,0.248614,0.565539,-0.356729,-0.083200,0.334394,-0.496444,0.468095,0.041531,-0.399099,0.316794,0.294707,-1.707375,1.586032,3.743750,-0.464848,0.054440,-0.001107,0.003081,0.048862,0.000583,0.001330,0.000856
22.058010,0.978215,-0.555794,-0.045890,0.805661,-0.981473,0.744381,0.248144,0.540052,-0.357223,-0.101423,0.335622,-0.495767,0.468678,0.041551,-0.399041,0.316796,0.294705,-1.707332,1.586031,3.743752,-0.464854,0.055491,-0.000305,0.001956,0.046798,0.000779,0.001083,-0.001182
22.058994,0.976103,-0.552867,-0.047757,0.802461,-0.980694,0.742942,0.248185,0.514609,-0.361182,-0.119674,0.339078,-0.495346,0.469412,0.041552,-0.398987,0.316800,0.294707,-1.707284,1.586034,3.743747,-0.464850,0.054802,0.000989,0.001787,0.047101,0.000653,-0.000784,-0.000226
22.059975,0.974527,-0.550924,-0.045371,0.800565,-0.979700,0.743436,0.248712,0.491396,-0.368860,-0.136208,0.344467,-0.495186,0.470289,0.041551,-0.398932,0.316796,0.294712,-1.707231,1.586032,3.743751,-0.464849,0.055209,-0.000458,0.002675,0.049047,-0.000106,0.000665,-0.000322
22.061041,0.972670,-0.553731,-0.050075,0.800332,-0.980348,0.741780,0.247972,0.470690,-0.373112,-0.151098,0.347904,-0.494827,0.471012,0.041541,-0.398876,0.316794,0.294709,-1.707180,1.586032,3.743750,-0.464852,0.055321,-0.001404,0.001496,0.049706,-0.001105,0.000157,-0.001376
22.062050,0.973523,-0.553304,-0.048170,0.800365,-0.980365,0.741968,0.248337,0.451712,-0.371861,-0.165045,0.348522,-0.494151,0.471481,0.041509,-0.398819,0.316798,0.294716,-1.707133,1.586034,3.743750,-0.464846,0.055567,-0.000023,0.003793,0.048797,-0.000455,0.001837,0.000107
22.062981,0.971648,-0.553148,-0.045451,0.796699,-0.980952,0.742270,0.247665,0.434057,-0.370242,-0.178180,0.349314,-0.493528,0.471872,0.041457,-0.398768,0.316797,0.294718,-1.707086,1.586031,3.743750,-0.464850,0.054510,-0.000235,0.002793,0.047638,-0.000415,0.001627,-0.000628
22.064088,0.969923,-0.554493,-0.047590,0.797201,-0.981064,0.743945,0.248205,0.420588,-0.370167,-0.188132,0.351104,-0.493130,0.472176,0.041403,-0.398710,0.316796,0.294716,-1.707032,1.586034,3.743749,-0.464847,0.054768,-0.000306,0.001446,0.050042,0.000148,0.001334,0.000724
22.064987,0.970631,-0.552871,-0.047003,0.795812,-0.982432,0.743157,0.247711,0.412613,-0.370910,-0.193870,0.353126,-0.492891,0.472387,0.041366,-0.398655,0.316798,0.294720,-1.706986,1.586034,3.743747,-0.464850,0.054976,0.000350,0.002490,0.048402,0.000248,-0.000346,-0.000371
22.066014,0.969446,-0.554586,-0.051050,0.793381,-0.982110,0.744298,0.248263,0.408377,-0.373210,-0.196762,0.355944,-0.492865,0.472605,0.041330,-0.398604,0.316795,0.294721,-1.706935,1.586038,3.743751,-0.464848,0.053990,-0.000437,0.002174,0.048568,0.001595,0.000441,0.000629
22.066999,0.969467,-0.555709,-0.048455,0.793010,-0.981296,0.744718,0.248259,0.406614,-0.376387,-0.197836,0.359286,-0.493027,0.472828,0.041278,-0.398548,0.316796,0.294727,-1.706884,1.586036,3.743748,-0.464851,0.053926,0.000421,0.004146,0.049793,0.001271,-0.000698,-0.000483
22.068009,0.966074,-0.550100,-0.048779,0.790269,-0.982415,0.745944,0.247000,0.406529,-0.380606,-0.197726,0.362876,-0.493327,0.473112,0.041217,-0.398496,0.316798,0.294726,-1.706838,1.586031,3.743747,-0.464853,0.053287,0.000958,0.002827,0.049039,0.000507,-0.001106,-0.000456
22.069008,0.969997,-0.553473,-0.047725,0.787849,-0.980629,0.745253,0.247232,0.408003,-0.383991,-0.196558,0.365719,-0.493632,0.473390,0.041164,-0.398439,0.316791,0.294729,-1.706784,1.586034,3.743745,-0.464844,0.054316,-0.001790,0.002975,0.050507,0.001616,-0.002329,0.002054
22.070013,0.966782,-0.552386,-0.052705,0.787063,-0.980826,0.744362,0.247617,0.412106,-0.382129,-0.193572,0.365441,-0.493670,0.473446,0.041123,-0.398393,0.316794,0.294730,-1.706729,1.586030,3.743748,-0.464846,0.051761,-0.000103,0.002432,0.051612,-0.000166,-0.001637,0.001566
22.070939,0.965622,-0.552594,-0.046168,0.783617,-0.981286,0.744060,0.247261,0.419073,-0.376073,-0.188515,0.362308,-0.493441,0.473311,0.041074,-0.398337,0.316792,0.294737,-1.706679,1.586030,3.743748,-0.464849,0.052738,-0.000643,0.004859,0.051173,0.000051,-0.000741,0.000806
22.072070,0.966483,-0.551383,-0.047448,0.783107,-0.981347,0.744658,0.247924,0.427248,-0.367641,-0.182678,0.357363,-0.493023,0.473069,0.041001,-0.398286,0.316795,0.294734,-1.706621,1.586032,3.743747,-0.464848,0.052684,-0.000571,0.001575,0.053258,0.000499,-0.000441,0.001530
22.073030,0.964683,-0.550978,-0.046217,0.781531,-0.982618,0.743136,0.247531,0.438065,-0.356541,-0.174940,0.350423,-0.492437,0.472639,0.040918,-0.398236,0.316794,0.294739,-1.706571,1.586033,3.743747,-0.464852,0.051651,-0.001163,0.002197,0.052524,0.000546,-0.001050,0.000198
22.073942,0.963619,-0.553979,-0.045224,0.780175,-0.981718,0.742672,0.248809,0.452823,-0.343537,-0.164229,0.342081,-0.491796,0.471985,0.040852,-0.398183,0.316794,0.294740,-1.706516,1.586033,3.743751,-0.464847,0.051925,-0.001360,0.001554,0.052807,0.001828,0.000473,0.000986
22.075068,0.962059,-0.551432,-0.046677,0.778184,-0.981502,0.743136,0.247963,0.470083,-0.331234,-0.151586,0.333981,-0.491266,0.471228,0.040811,-0.398130,0.316796,0.294741,-1.706464,1.586035,3.743751,-0.464853,0.051819,0.000131,0.001047,0.052906,0.000883,0.000924,-0.001581
22.076110,0.961525,-0.554711,-0.045730,0.775782,-0.981751,0.743908,0.248025,0.488103,-0.321397,-0.138303,0.327053,-0.490903,0.470503,0.040782,-0.398077,0.316793,0.294745,-1.706407,1.586033,3.743747,-0.464848,0.051968,-0.001131,0.001734,0.053548,0.000697,0.000473,0.000134
22.077016,0.961387,-0.554073,-0.047956,0.773290,-0.982559,0.741912,0.248074,0.505145,-0.313306,-0.125768,0.320913,-0.490606,0.469885,0.040762,-0.398026,0.316796,0.294745,-1.706350,1.586035,3.743747,-0.464847,0.051611,0.000495,0.001256,0.054584,0.000925,-0.000301,-0.000010
22.078021,0.958426,-0.552809,-0.046804,0.773316,-0.982753,0.742733,0.247389,0.520928,-0.307017,-0.114182,0.315386,-0.490345,0.469415,0.040754,-0.397976,0.316796,0.294749,-1.706290,1.586034,3.743751,-0.464849,0.051076,0.000156,0.002330,0.055621,0.001756,0.001702,-0.000100
22.079012,0.959280,-0.556380,-0.045403,0.771482,-0.983100,0.743011,0.247918,0.534705,-0.301848,-0.104150,0.310394,-0.490127,0.469037,0.040763,-0.397922,0.316794,0.294750,-1.706238,1.586035,3.743751,-0.464846,0.051934,-0.000458,0.001725,0.054324,0.001929,0.000852,0.001271
22.080031,0.954890,-0.555986,-0.044966,0.769947,-0.981376,0.743718,0.247722,0.546682,-0.298737,-0.095443,0.306784,-0.490089,0.468754,0.040803,-0.397873,0.316798,0.294750,-1.706181,1.586037,3.743751,-0.464849,0.050892,0.001307,0.001030,0.054807,0.002263,0.000578,0.000203
22.080999,0.957164,-0.553814,-0.046826,0.768594,-0.981031,0.741960,0.247692,0.557937,-0.300336,-0.087054,0.305697,-0.490367,0.468691,0.040881,-0.397817,0.316798,0.294750,-1.706126,1.586033,3.743747,-0.464849,0.052446,0.001090,0.000806,0.055016,0.000556,-0.000111,0.000609
22.081943,0.958410,-0.556617,-0.044766,0.767248,-0.980547,0.742837,0.247589,0.567742,-0.304355,-0.079607,0.306017,-0.490775,0.468773,0.040995,-0.397770,0.316796,0.294753,-1.706070,1.586032,3.743751,-0.464847,0.050704,0.000019,0.001711,0.055022,0.000235,0.001650,0.000656
22.082989,0.951173,-0.552629,-0.045273,0.765085,-0.981284,0.742981,0.248102,0.577967,-0.308444,-0.071653,0.306543,-0.491218,0.468815,0.041135,-0.397722,0.316800,0.294751,-1.706015,1.586032,3.743749,-0.464846,0.049513,0.001401,0.000696,0.055052,-0.000250,0.000757,0.000858
22.083995,0.949934,-0.555835,-0.047956,0.763164,-0.981222,0.742295,0.249086,0.589050,-0.311995,-0.062844,0.306901,-0.491656,0.468792,0.041277,-0.397663,0.316794,0.294751,-1.705957,1.586032,3.743747,-0.464848,0.052469,-0.000556,0.000958,0.055845,0.000492,0.000632,-0.000171
22.084983,0.946051,-0.554245,-0.047618,0.761711,-0.981868,0.742319,0.248135,0.595464,-0.312985,-0.057680,0.306449,-0.491871,0.468802,0.041386,-0.397611,0.316799,0.294755,-1.705902,1.586032,3.743747,-0.464853,0.052437,0.001020,0.002263,0.056437,0.000423,0.001327,-0.002128
22.085987,0.949098,-0.552932,-0.044387,0.759535,-0.980353,0.742628,0.248482,0.593804,-0.311765,-0.058879,0.305540,-0.491836,0.468957,0.041445,-0.397554,0.316798,0.294757,-1.705846,1.586032,3.743748,-0.464847,0.053708,0.000217,0.002057,0.056548,0.001078,0.001294,-0.000211
22.087045,0.945938,-0.554614,-0.047145,0.759012,-0.980568,0.743787,0.248556,0.587765,-0.308284,-0.063468,0.303824,-0.491618,0.469138,0.041475,-0.397507,0.316796,0.294753,-1.705788,1.586030,3.743750,-0.464848,0.051587,-0.000416,0.000469,0.057337,-0.000435,0.000964,-0.000926
22.088036,0.940515,-0.554449,-0.043699,0.759238,-0.981154,0.744813,0.247733,0.582349,-0.302647,-0.067448,0.300938,-0.491291,0.469212,0.041501,-0.397451,0.316798,0.294756,-1.705734,1.586029,3.743747,-0.464849,0.052526,0.000414,0.001845,0.056541,-0.000195,-0.000182,-0.001068
22.088964,0.942182,-0.554144,-0.045763,0.756153,-0.980726,0.744997,0.248255,0.576353,-0.298655,-0.071666,0.299047,-0.491078,0.469389,0.041532,-0.397391,0.316796,0.294752,-1.705681,1.586032,3.743745,-0.464845,0.054527,0.000349,0.000139,0.055045,0.000370,-0.001197,0.000580
22.090026,0.938956,-0.554415,-0.046526,0.754530,-0.980128,0.743212,0.247604,0.568108,-0.297757,-0.077405,0.299123,-0.491048,0.469788,0.041570,-0.397342,0.316795,0.294756,-1.705623,1.586029,3.743745,-0.464848,0.053064,0.000202,0.001155,0.056758,-0.000039,-0.001372,-0.000478
22.090981,0.937272,-0.554464,-0.044769,0.754174,-0.980737,0.743980,0.247593,0.558663,-0.297542,-0.083944,0.299535,-0.490999,0.470287,0.041604,-0.397287,0.316796,0.294758,-1.705567,1.586026,3.743748,-0.464844,0.054051,0.000335,0.001502,0.057030,-0.000609,0.000414,0.000833
22.091997,0.934956,-0.556242,-0.042994,0.751993,-0.980375,0.743341,0.248333,0.548136,-0.297269,-0.091282,0.299799,-0.490851,0.470809,0.041623,-0.397233,0.316796,0.294756,-1.705511,1.586026,3.743749,-0.464844,0.054236,0.000356,0.000635,0.056022,0.000007,-0.000383,0.000841
22.092936,0.937572,-0.553275,-0.043136,0.753474,-0.980458,0.744434,0.247938,0.537730,-0.298833,-0.098433,0.300857,-0.490732,0.471365,0.041611,-0.397179,0.316798,0.294756,-1.705452,1.586025,3.743748,-0.464848,0.054744,0.001234,-0.000249,0.056811,-0.000356,0.000277,-0.000637
22.093997,0.934683,-0.553490,-0.044417,0.752465,-0.981725,0.744771,0.247940,0.530246,-0.303125,-0.103149,0.303087,-0.490753,0.471902,0.041570,-0.397130,0.316795,0.294756,-1.705404,1.586024,3.743746,-0.464846,0.052828,-0.000246,-0.000174,0.054130,-0.000252,-0.000824,0.000169
22.095067,0.930347,-0.552958,-0.040258,0.751969,-0.979949,0.744373,0.248601,0.526662,-0.309334,-0.104720,0.306490,-0.490978,0.472345,0.041522,-0.397074,0.316796,0.294756,-1.705349,1.586030,3.743746,-0.464846,0.053625,-0.000126,0.000474,0.053865,0.000968,-0.001153,0.000157
22.096079,0.929933,-0.554826,-0.043500,0.751223,-0.979581,0.744168,0.248293,0.524782,-0.316745,-0.104979,0.311045,-0.491380,0.472730,0.041477,-0.397016,0.316795,0.294750,-1.705296,1.586026,3.743747,-0.464849,0.055099,-0.000391,-0.001556,0.053083,-0.000808,-0.000751,-0.001168
22.096955,0.927743,-0.555943,-0.043209,0.745559,-0.979349,0.744938,0.248302,0.522490,-0.325893,-0.105596,0.316948,-0.491915,0.473151,0.041445,-0.396961,0.316798,0.294753,-1.705245,1.586024,3.743748,-0.464848,0.054632,0.000524,0.000057,0.052608,-0.001139,-0.000558,-0.000535
22.097963,0.930529,-0.554353,-0.043826,0.745916,-0.979081,0.745594,0.247689,0.518900,-0.336368,-0.107290,0.323332,-0.492419,0.473680,0.041446,-0.396905,0.316800,0.294753,-1.705181,1.586027,3.743747,-0.464848,0.055062,0.001058,-0.000105,0.056774,-0.001400,-0.001333,-0.000559
22.099005,0.927593,-0.554053,-0.046840,0.744105,-0.980237,0.744839,0.248043,0.515371,-0.345457,-0.109076,0.327997,-0.492646,0.474237,0.041489,-0.396856,0.316799,0.294754,-1.705130,1.586026,3.743747,-0.464845,0.053054,0.000256,0.000200,0.055134,-0.001653,-0.001982,0.000667
22.100061,0.928855,-0.553089,-0.041140,0.742616,-0.979755,0.744579,0.247502,0.513100,-0.351620,-0.110053,0.330393,-0.492602,0.474693,0.041571,-0.396799,0.316797,0.294759,-1.705072,1.586027,3.743747,-0.464848,0.053872,0.000132,0.001656,0.055583,-0.000501,-0.001218,-0.000050
22.101139,0.922880,-0.552527,-0.046180,0.739977,-0.981115,0.744568,0.248115,0.512746,-0.354714,-0.109733,0.330931,-0.492382,0.474951,0.041673,-0.396748,0.316797,0.294752,-1.705019,1.586027,3.743747,-0.464846,0.052600,-0.000352,-0.001150,0.055777,-0.000992,-0.000963,0.001044
22.102003,0.920739,-0.550989,-0.046341,0.739164,-0.981128,0.745951,0.248015,0.514238,-0.353877,-0.108261,0.329274,-0.491940,0.474957,0.041772,-0.396689,0.316796,0.294757,-1.704960,1.586030,3.743750,-0.464846,0.054919,-0.000611,0.001357,0.057032,0.000356,-0.000973,-0.000206
22.102969,0.920013,-0.554200,-0.045661,0.738365,-0.981728,0.744654,0.248376,0.505359,-0.339854,-0.116099,0.320903,-0.490221,0.474771,0.041807,-0.396579,0.316800,0.294760,-1.704851,1.586031,3.743749,-0.464848,0.055009,0.000197,0.001039,0.055989,0.000954,-0.001038,-0.000716
22.103976,0.919633,-0.554329,-0.046344,0.736485,-0.981432,0.744229,0.248868,0.505359,-0.339854,-0.116099,0.320903,-0.490221,0.474771,0.041807,-0.396579,0.316800,0.294760,-1.704851,1.586031,3.743749,-0.464848,0.055009,0.000197,0.001039,0.055989,0.000954,-0.001038,-0.000716
22.104985,0.918732,-0.552969,-0.042674,0.736531,-0.981589,0.744423,0.247883,0.497030,-0.334174,-0.123516,0.317985,-0.489489,0.474827,0.041736,-0.396525,0.316802,0.294760,-1.704794,1.586030,3.743748,-0.464849,0.054550,0.000220,0.001388,0.056513,0.000656,-0.000613,-0.001696
22.106082,0.918722,-0.551010,-0.043073,0.734087,-0.980676,0.744947,0.248469,0.490898,-0.332022,-0.129308,0.316894,-0.489082,0.474933,0.041637,-0.396471,0.316800,0.294757,-1.704743,1.586030,3.743749,-0.464844,0.054355,-0.000443,-0.000436,0.055226,0.000818,-0.000822,0.000283
22.106975,0.917355,-0.553242,-0.040800,0.733439,-0.981180,0.745609,0.248798,0.489540,-0.330673,-0.131468,0.316230,-0.488889,0.474905,0.041536,-0.396420,0.316796,0.294757,-1.704685,1.586029,3.743747,-0.464847,0.053738,-0.001381,-0.000214,0.056302,-0.000099,-0.001337,-0.000910
22.108022,0.919020,-0.550634,-0.043574,0.731687,-0.981745,0.744928,0.248070,0.493631,-0.328869,-0.129437,0.315201,-0.488808,0.474715,0.041441,-0.396367,0.316798,0.294755,-1.704630,1.586029,3.743745,-0.464849,0.053793,-0.000269,-0.001345,0.055619,0.000420,-0.001990,-0.001553
22.109049,0.917850,-0.548635,-0.041219,0.729086,-0.980940,0.744120,0.248439,0.502522,-0.327390,-0.123638,0.314132,-0.488860,0.474440,0.041366,-0.396317,0.316794,0.294758,-1.704573,1.586031,3.743749,-0.464846,0.052353,-0.001547,0.000037,0.056019,0.000970,-0.001317,-0.000090
22.110051,0.917389,-0.553600,-0.043733,0.729177,-0.981971,0.743864,0.247301,0.515444,-0.323349,-0.114721,0.311615,-0.488871,0.473962,0.041331,-0.396264,0.316791,0.294754,-1.704517,1.586029,3.743749,-0.464848,0.052317,-0.002514,-0.001121,0.057277,0.000167,-0.000509,-0.000840
22.110954,0.917578,-0.554013,-0.043673,0.727123,-0.981532,0.743242,0.247826,0.531108,-0.316845,-0.103654,0.307631,-0.488811,0.473298,0.041337,-0.396213,0.316797,0.294757,-1.704465,1.586031,3.743750,-0.464841,0.051931,-0.000065,0.000120,0.055914,0.001201,-0.000264,0.001438
22.112118,0.920043,-0.551568,-0.046971,0.727798,-0.981236,0.742803,0.247997,0.547831,-0.314234,-0.091523,0.305296,-0.489008,0.472752,0.041372,-0.396163,0.316798,0.294756,-1.704409,1.586030,3.743751,-0.464845,0.051224,0.000111,0.000098,0.056655,0.000755,0.000357,0.000370
22.112978,0.918963,-0.552223,-0.045129,0.724331,-0.978900,0.743233,0.247523,0.565078,-0.316564,-0.078712,0.305306,-0.489541,0.472362,0.041420,-0.396116,0.316796,0.294761,-1.704357,1.586028,3.743750,-0.464847,0.049422,-0.001104,0.001697,0.054702,0.000477,0.000797,0.000041
22.114028,0.917511,-0.553442,-0.047059,0.724317,-0.978594,0.744056,0.248427,0.583185,-0.320017,-0.065113,0.305860,-0.490192,0.471959,0.041471,-0.396066,0.316796,0.294760,-1.704297,1.586026,3.743750,-0.464844,0.049382,-0.000762,0.000770,0.056768,-0.001853,0.000358,0.000993
22.114953,0.916097,-0.551469,-0.043594,0.722761,-0.978835,0.743024,0.248062,0.618076,-0.327852,-0.038846,0.306617,-0.491382,0.471352,0.041569,-0.395967,0.316794,0.294758,-1.704188,1.586028,3.743749,-0.464847,0.049621,-0.001126,0.000017,0.055705,-0.001913,0.000587,-0.000077
22.116021,0.917111,-0.553123,-0.043562,0.720312,-0.980034,0.742796,0.247429,0.618076,-0.327852,-0.038846,0.306617,-0.491382,0.471352,0.041569,-0.395967,0.316794,0.294758,-1.704188,1.586028,3.743749,-0.464847,0.049621,-0.001126,0.000017,0.055705,-0.001913,0.000587,-0.000077
22.117078,0.913846,-0.550051,-0.043689,0.720303,-0.980920,0.743276,0.248356,0.634969,-0.332025,-0.026022,0.306719,-0.491941,0.471131,0.041624,-0.395921,0.316795,0.294759,-1.704128,1.586026,3.743747,-0.464845,0.048551,-0.000297,0.000000,0.056717,-0.000690,0.000822,0.001185
22.118081,0.915177,-0.550940,-0.044749,0.718485,-0.979852,0.742651,0.247819,0.652386,-0.335051,-0.012681,0.305947,-0.492467,0.470857,0.041687,-0.395869,0.316791,0.294760,-1.704075,1.586029,3.743746,-0.464848,0.049585,-0.001809,0.000059,0.055423,0.000168,0.000340,-0.000688
22.118986,0.913966,-0.545605,-0.047825,0.717147,-0.981344,0.743776,0.248666,0.668240,-0.336146,-0.000511,0.304311,-0.492932,0.470537,0.041743,-0.395823,0.316793,0.294762,-1.704018,1.586027,3.743748,-0.464845,0.048347,-0.001365,0.000567,0.055908,-0.000905,0.000968,0.000403
22.119984,0.914173,-0.551912,-0.045216,0.716899,-0.981527,0.742849,0.247262,0.681043,-0.332909,0.009194,0.300826,-0.493178,0.470108,0.041785,-0.395774,0.316786,0.294768,-1.703963,1.586030,3.743747,-0.464848,0.048378,-0.003979,0.002045,0.055909,0.000588,-0.000174,-0.001303
22.121026,0.910708,-0.551333,-0.046945,0.714996,-0.981491,0.743340,0.247779,0.690834,-0.326246,0.016462,0.295916,-0.493258,0.469602,0.041812,-0.395729,0.316790,0.294765,-1.703911,1.586029,3.743748,-0.464843,0.047721,-0.000821,0.000747,0.054897,0.000764,0.000768,0.001529
22.122000,0.910397,-0.549525,-0.046769,0.716605,-0.981019,0.743245,0.248699,0.698276,-0.322617,0.022062,0.292524,-0.493525,0.469272,0.041825,-0.395678,0.316787,0.294767,-1.703854,1.586026,3.743748,-0.464844,0.048866,-0.001100,0.001613,0.055447,0.000757,0.000265,0.000458
22.123009,0.910141,-0.549053,-0.044901,0.713620,-0.981675,0.742420,0.247992,0.702234,-0.323898,0.025185,0.291735,-0.494062,0.469219,0.041801,-0.395631,0.316782,0.294768,-1.703806,1.586027,3.743748,-0.464851,0.048442,-0.001958,0.001497,0.052660,0.000275,0.000368,-0.001361
22.124024,0.907348,-0.551409,-0.046703,0.713485,-0.981758,0.742971,0.248354,0.703499,-0.326990,0.026403,0.292277,-0.494734,0.469266,0.041749,-0.395584,0.316780,0.294767,-1.703751,1.586026,3.743752,-0.464847,0.047998,-0.002165,0.000570,0.054370,0.000943,0.001177,0.000069
22.124987,0.909089,-0.550618,-0.046266,0.713745,-0.981121,0.743483,0.247912,0.703680,-0.331039,0.027002,0.293378,-0.495473,0.469343,0.041711,-0.395536,0.316782,0.294769,-1.703699,1.586024,3.743748,-0.464848,0.048836,-0.000992,0.001466,0.053228,0.001042,0.000636,-0.000673
22.126004,0.907261,-0.548916,-0.047459,0.712470,-0.980825,0.743204,0.247654,0.702424,-0.337991,0.026771,0.295875,-0.496346,0.469570,0.041708,-0.395490,0.316780,0.294769,-1.703651,1.586021,3.743750,-0.464846,0.047395,-0.001383,0.001232,0.051799,0.000430,0.000109,0.000221
22.127152,0.906405,-0.551544,-0.048046,0.712808,-0.980832,0.743747,0.248425,0.700335,-0.347279,0.026159,0.299602,-0.497337,0.469909,0.041735,-0.395444,0.316778,0.294772,-1.703598,1.586021,3.743752,-0.464845,0.047767,-0.002214,0.001806,0.051838,0.000133,0.000387,0.000728
22.127979,0.900890,-0.548722,-0.044303,0.713538,-0.980095,0.743650,0.247246,0.697111,-0.357472,0.024814,0.303862,-0.498340,0.470314,0.041776,-0.395395,0.316780,0.294772,-1.703550,1.586021,3.743748,-0.464850,0.047611,-0.000903,0.002094,0.050332,0.000145,-0.000142,-0.000814
22.129008,0.901982,-0.553483,-0.044668,0.710332,-0.980085,0.743129,0.247566,0.691516,-0.369778,0.021732,0.309467,-0.499412,0.470861,0.041819,-0.395341,0.316774,0.294768,-1.703506,1.586021,3.743748,-0.464841,0.049737,-0.002270,0.000243,0.048541,-0.000593,-0.000038,0.001550
22.129963,0.899667,-0.549608,-0.045845,0.707349,-0.979292,0.743245,0.248252,0.684133,-0.384570,0.017384,0.316413,-0.500553,0.471548,0.041874,-0.395296,0.316780,0.294768,-1.703452,1.586021,3.743751,-0.464844,0.048616,0.000086,0.000445,0.050490,-0.000594,0.000471,0.000887
22.130982,0.896361,-0.547971,-0.045159,0.708052,-0.978869,0.744304,0.248167,0.676262,-0.399131,0.012685,0.322432,-0.501492,0.472280,0.041924,-0.395243,0.316774,0.294771,-1.703396,1.586018,3.743751,-0.464847,0.049159,-0.001830,0.001012,0.052118,-0.001371,0.000343,-0.000479
22.131977,0.894315,-0.549234,-0.045510,0.707801,-0.978779,0.744443,0.248309,0.666778,-0.408121,0.006503,0.324755,-0.501862,0.472895,0.041945,-0.395189,0.316772,0.294769,-1.703351,1.586015,3.743748,-0.464844,0.050173,-0.002606,0.000677,0.050307,-0.001759,-0.000704,-0.000306
22.133051,0.890988,-0.547750,-0.043652,0.706351,-0.979059,0.744103,0.247891,0.653930,-0.411280,-0.002580,0.324008,-0.501706,0.473406,0.041933,-0.395139,0.316771,0.294771,-1.703304,1.586016,3.743747,-0.464843,0.050581,-0.001958,0.000838,0.049426,-0.001852,-0.000829,-0.000598
22.134043,0.888623,-0.546834,-0.043636,0.707472,-0.980240,0.743862,0.249033,0.637939,-0.411913,-0.014265,0.322138,-0.501266,0.473925,0.041882,-0.395087,0.316768,0.294769,-1.703252,1.586016,3.743750,-0.464840,0.051624,-0.002667,-0.000084,0.049647,-0.001575,-0.000501,0.000240
22.135026,0.882752,-0.548765,-0.042341,0.704641,-0.979931,0.744242,0.248836,0.619606,-0.410677,-0.027915,0.319648,-0.500637,0.474421,0.041794,-0.395034,0.316765,0.294768,-1.703208,1.586017,3.743750,-0.464848,0.052165,-0.003093,-0.000063,0.047446,-0.000395,-0.000261,-0.002047
22.136037,0.880580,-0.549944,-0.042313,0.704313,-0.981112,0.743905,0.247971,0.598481,-0.408586,-0.043879,0.317175,-0.499898,0.474944,0.041684,-0.394976,0.316767,0.294764,-1.703156,1.586014,3.743749,-0.464847,0.054432,-0.002136,-0.000671,0.049064,-0.000688,-0.000641,-0.001627
22.137001,0.881292,-0.551290,-0.046117,0.704516,-0.980030,0.744063,0.248753,0.573788,-0.407678,-0.062738,0.315380,-0.499098,0.475652,0.041577,-0.394921,0.316768,0.294763,-1.703109,1.586015,3.743748,-0.464841,0.054832,-0.001558,-0.000671,0.048250,0.000495,-0.000295,0.000091
22.137968,0.877617,-0.550294,-0.041464,0.701844,-0.980480,0.743892,0.248094,0.546557,-0.410354,-0.083615,0.315287,-0.498394,0.476639,0.041484,-0.394869,0.316768,0.294769,-1.703065,1.586013,3.743749,-0.464847,0.053842,-0.000887,0.001185,0.046972,-0.000583,-0.000458,-0.001484
22.138978,0.877239,-0.550901,-0.043832,0.701831,-0.981985,0.743111,0.247949,0.519393,-0.416593,-0.104485,0.316802,-0.497844,0.477831,0.041402,-0.394812,0.316764,0.294764,-1.703015,1.586014,3.743751,-0.464845,0.055019,-0.001348,-0.001123,0.048477,-0.000132,-0.000297,-0.000143
22.140037,0.877238,-0.552121,-0.044179,0.700806,-0.980792,0.742313,0.248149,0.494735,-0.423743,-0.123535,0.318414,-0.497335,0.479035,0.041329,-0.394759,0.316763,0.294766,-1.702969,1.586020,3.743751,-0.464844,0.054550,-0.001028,0.000068,0.047355,0.001321,0.000490,0.000131
22.141078,0.874142,-0.554188,-0.041666,0.698460,-0.980320,0.743468,0.247598,0.473727,-0.431556,-0.139874,0.320109,-0.496926,0.480163,0.041254,-0.394706,0.316763,0.294766,-1.702922,1.586017,3.743752,-0.464844,0.053913,-0.000413,0.000231,0.047272,0.000137,0.001283,-0.000275
22.142052,0.874076,-0.552641,-0.042114,0.700370,-0.979788,0.743034,0.248991,0.457197,-0.441261,-0.152820,0.322321,-0.496680,0.481266,0.041155,-0.394649,0.316765,0.294762,-1.702873,1.586016,3.743747,-0.464838,0.054794,0.000602,-0.000990,0.048450,-0.000320,0.000135,0.000819
22.143012,0.874945,-0.549641,-0.041785,0.700342,-0.980355,0.742887,0.248415,0.445633,-0.453094,-0.161966,0.325121,-0.496598,0.482373,0.041011,-0.394596,0.316761,0.294763,-1.702834,1.586016,3.743748,-0.464846,0.054183,-0.000139,-0.000769,0.045555,-0.000850,0.000581,-0.001975
22.144088,0.876578,-0.549035,-0.041819,0.699719,-0.980495,0.742862,0.248352,0.439423,-0.465303,-0.167020,0.328414,-0.496711,0.483335,0.040823,-0.394544,0.316758,0.294762,-1.702791,1.586017,3.743751,-0.464841,0.053119,-0.001617,-0.000921,0.044576,-0.000287,0.000709,-0.000802
22.144989,0.874818,-0.548681,-0.045312,0.698302,-0.979976,0.742505,0.247929,0.439985,-0.474693,-0.166918,0.331076,-0.496966,0.483919,0.040616,-0.394494,0.316758,0.294762,-1.702748,1.586017,3.743751,-0.464844,0.051695,-0.001907,-0.000904,0.044173,-0.000151,0.000732,-0.000675
22.146000,0.873371,-0.550997,-0.041698,0.696831,-0.982291,0.742991,0.246700,0.446379,-0.479627,-0.162483,0.332157,-0.497232,0.484105,0.040416,-0.394442,0.316755,0.294764,-1.702701,1.586016,3.743751,-0.464844,0.051967,-0.002044,0.000838,0.044480,-0.000661,0.001090,0.000177
22.146988,0.871888,-0.547735,-0.040947,0.697041,-0.980174,0.741911,0.247560,0.455626,-0.481353,-0.156099,0.331995,-0.497465,0.484091,0.040244,-0.394390,0.316756,0.294761,-1.702656,1.586020,3.743750,-0.464839,0.052060,-0.000888,-0.000971,0.044871,0.001637,0.000605,0.002633
22.147965,0.870216,-0.549340,-0.046306,0.693168,-0.979516,0.742007,0.246898,0.467259,-0.481341,-0.148058,0.331129,-0.497714,0.483974,0.040114,-0.394339,0.316750,0.294761,-1.702617,1.586017,3.743754,-0.464846,0.052189,-0.002477,-0.001330,0.043700,-0.000486,0.001677,0.000899
22.148986,0.866905,-0.550667,-0.042707,0.693024,-0.980819,0.742407,0.247435,0.479218,-0.477764,-0.140038,0.328649,-0.497792,0.483737,0.040011,-0.394286,0.316751,0.294769,-1.702566,1.586016,3.743751,-0.464842,0.052393,-0.001662,0.001287,0.046387,-0.001122,0.001583,0.002235
22.150051,0.869387,-0.550081,-0.042240,0.692862,-0.980938,0.742542,0.246221,0.487809,-0.470467,-0.135026,0.324273,-0.497538,0.483516,0.039918,-0.394231,0.316753,0.294766,-1.702522,1.586018,3.743750,-0.464844,0.053398,-0.001023,-0.000521,0.045431,0.000177,0.001188,0.001146
22.151010,0.866081,-0.550905,-0.043188,0.692705,-0.981490,0.744048,0.246918,0.494840,-0.463076,-0.131389,0.319662,-0.497213,0.483401,0.039843,-0.394184,0.316750,0.294766,-1.702481,1.586019,3.743750,-0.464839,0.051561,-0.001286,-0.000742,0.044626,0.000277,0.001057,0.003591
22.152036,0.868886,-0.548555,-0.044854,0.694771,-0.979917,0.743818,0.247705,0.503107,-0.458001,-0.126704,0.316189,-0.497096,0.483374,0.039795,-0.394130,0.316749,0.294768,-1.702440,1.586020,3.743749,-0.464842,0.052598,-0.000861,-0.000284,0.043787,0.000818,-0.000459,0.002172
22.152946,0.865820,-0.549475,-0.044303,0.693464,-0.980747,0.742528,0.246746,0.511806,-0.455782,-0.121530,0.314651,-0.497292,0.483454,0.039753,-0.394084,0.316745,0.294770,-1.702406,1.586015,3.743747,-0.464846,0.050613,-0.002000,0.000531,0.040884,-0.000721,-0.000199,0.000609
22.154012,0.869105,-0.551503,-0.046597,0.690924,-0.980661,0.742452,0.248290,0.520392,-0.455824,-0.116276,0.315232,-0.497818,0.483582,0.039699,-0.394030,0.316745,0.294770,-1.702363,1.586018,3.743751,-0.464839,0.051534,-0.001520,0.000245,0.041203,0.000096,0.001078,0.002533
22.155046,0.868292,-0.547883,-0.046271,0.691063,-0.980412,0.742588,0.247452,0.529482,-0.457435,-0.110461,0.317104,-0.498573,0.483718,0.039624,-0.393986,0.316745,0.294773,-1.702318,1.586017,3.743752,-0.464844,0.049332,-0.000501,0.001359,0.042660,0.000018,0.001137,-0.000583
22.156130,0.871490,-0.552678,-0.044964,0.689850,-0.979836,0.742976,0.248684,0.540191,-0.458784,-0.103282,0.318669,-0.499383,0.483795,0.039528,-0.393937,0.316741,0.294775,-1.702278,1.586018,3.743749,-0.464840,0.049171,-0.002288,0.001162,0.041546,-0.000241,0.001016,0.001124
22.157099,0.865102,-0.551684,-0.042561,0.689093,-0.980226,0.743660,0.248372,0.554647,-0.459336,-0.093075,0.319420,-0.500229,0.483744,0.039425,-0.393893,0.316746,0.294773,-1.702236,1.586016,3.743747,-0.464848,0.047021,0.000085,0.000525,0.041773,-0.000805,0.000636,-0.001348
22.158166,0.866971,-0.550481,-0.042740,0.688621,-0.979941,0.743450,0.247458,0.573375,-0.461921,-0.079330,0.320566,-0.501228,0.483695,0.039319,-0.393838,0.316744,0.294772,-1.702195,1.586017,3.743747,-0.464847,0.049602,-0.000416,-0.000660,0.041527,-0.000416,-0.000050,-0.000701
22.159031,0.863306,-0.551926,-0.045505,0.687766,-0.979831,0.742774,0.248273,0.593712,-0.466046,-0.064170,0.322113,-0.502287,0.483708,0.039236,-0.393792,0.316742,0.294774,-1.702153,1.586016,3.743749,-0.464843,0.048076,-0.000997,-0.000584,0.040992,-0.000692,0.000156,0.001125
22.160055,0.867172,-0.552379,-0.044692,0.686702,-0.980112,0.742665,0.247697,0.612398,-0.469471,-0.050235,0.323442,-0.503256,0.483749,0.039206,-0.393741,0.316742,0.294778,-1.702113,1.586015,3.743751,-0.464845,0.049316,-0.000257,0.000760,0.040881,-0.000790,0.000827,-0.000533
22.160984,0.861755,-0.549087,-0.044309,0.685947,-0.981846,0.742583,0.248407,0.628397,-0.472719,-0.038323,0.324873,-0.504156,0.483859,0.039236,-0.393698,0.316741,0.294776,-1.702071,1.586017,3.743752,-0.464839,0.046836,-0.000025,0.000355,0.040942,-0.000526,0.000923,0.000627
22.162100,0.862288,-0.551159,-0.042896,0.683877,-0.979260,0.742844,0.248341,0.642613,-0.474587,-0.027770,0.325810,-0.504965,0.483947,0.039317,-0.393645,0.316737,0.294777,-1.702031,1.586020,3.743754,-0.464844,0.048949,-0.001636,0.000165,0.040745,0.001191,0.000994,-0.000802
22.163006,0.859482,-0.553681,-0.045303,0.682822,-0.979163,0.742861,0.248303,0.654731,-0.472505,-0.018917,0.325034,-0.505530,0.483900,0.039422,-0.393599,0.316737,0.294775,-1.701988,1.586014,3.743754,-0.464845,0.048100,-0.000576,-0.000527,0.041782,-0.001380,0.000730,-0.000648
22.163997,0.859734,-0.555636,-0.045942,0.682421,-0.980375,0.743011,0.248433,0.663891,-0.468268,-0.012356,0.323104,-0.505839,0.483849,0.039543,-0.393549,0.316740,0.294778,-1.701946,1.586015,3.743752,-0.464843,0.048923,0.000648,0.000662,0.041829,-0.001459,0.000724,-0.000580
22.164938,0.857034,-0.551599,-0.045391,0.681115,-0.980130,0.742191,0.247869,0.669318,-0.466462,-0.008517,0.322158,-0.506097,0.484017,0.039677,-0.393503,0.316743,0.294778,-1.701907,1.586017,3.743752,-0.464844,0.048227,0.001592,0.000975,0.041276,-0.000256,0.000575,-0.000841
22.166023,0.857513,-0.552556,-0.041896,0.679192,-0.981755,0.741538,0.248533,0.670915,-0.466772,-0.007491,0.322374,-0.506347,0.484342,0.039807,-0.393451,0.316736,0.294777,-1.701865,1.586015,3.743750,-0.464840,0.048970,-0.000382,0.000700,0.041593,-0.000501,0.001414,0.000287
22.167025,0.851766,-0.552791,-0.043008,0.678873,-0.980484,0.743335,0.247839,0.671181,-0.464489,-0.007452,0.321484,-0.506412,0.484499,0.039916,-0.393404,0.316739,0.294773,-1.701821,1.586020,3.743753,-0.464848,0.048150,0.000087,-0.001013,0.042477,0.001097,0.002047,-0.001035
22.168035,0.853579,-0.551172,-0.042648,0.678561,-0.981600,0.743714,0.247828,0.671308,-0.458775,-0.007475,0.318937,-0.506282,0.484435,0.039998,-0.393349,0.316740,0.294773,-1.701782,1.586014,3.743751,-0.464843,0.050398,0.000198,-0.000433,0.041833,-0.000147,0.000239,0.000358
22.169021,0.852955,-0.551797,-0.042148,0.678016,-0.980792,0.744217,0.247887,0.669633,-0.451297,-0.008835,0.315787,-0.506056,0.484310,0.040066,-0.393304,0.316738,0.294773,-1.701741,1.586018,3.743749,-0.464842,0.048911,-0.000597,-0.000620,0.041164,0.000953,-0.000116,0.000364
22.170079,0.851826,-0.552295,-0.044477,0.677995,-0.980879,0.745047,0.247435,0.667371,-0.442729,-0.010538,0.312498,-0.505830,0.484124,0.040132,-0.393253,0.316735,0.294771,-1.701702,1.586017,3.743749,-0.464842,0.048630,-0.000248,-0.000849,0.040774,0.000140,-0.000619,0.000245
22.171065,0.847670,-0.554786,-0.042295,0.673783,-0.980638,0.743563,0.248072,0.665860,-0.434787,-0.011477,0.309847,-0.505715,0.483924,0.040198,-0.393205,0.316737,0.294775,-1.701663,1.586015,3.743749,-0.464838,0.048612,-0.000018,0.000283,0.039861,0.000251,-0.001451,0.001144
22.171966,0.847236,-0.553234,-0.043195,0.673498,-0.981745,0.743415,0.247210,0.663229,-0.428575,-0.013163,0.308099,-0.505661,0.483842,0.040247,-0.393151,0.316739,0.294775,-1.701615,1.586015,3.743751,-0.464843,0.050056,0.001208,-0.000831,0.042944,0.000015,0.000043,-0.000133
22.173005,0.844613,-0.552980,-0.043376,0.673354,-0.979349,0.743243,0.248092,0.658668,-0.422762,-0.016323,0.306061,-0.505487,0.483849,0.040259,-0.393099,0.316737,0.294776,-1.701576,1.586014,3.743751,-0.464838,0.049639,0.000436,-0.000374,0.042266,0.001137,0.000176,0.001603
22.174014,0.843096,-0.556018,-0.041709,0.674761,-0.980756,0.742689,0.247767,0.652128,-0.415787,-0.021050,0.303069,-0.505122,0.483852,0.040234,-0.393048,0.316739,0.294777,-1.701536,1.586009,3.743753,-0.464842,0.050346,0.000297,-0.000307,0.041459,-0.001239,0.000341,-0.000182
22.175029,0.841691,-0.554548,-0.041159,0.674392,-0.979617,0.742179,0.247538,0.643727,-0.410326,-0.027133,0.300935,-0.504782,0.483921,0.040177,-0.392997,0.316741,0.294774,-1.701502,1.586014,3.743754,-0.464841,0.050486,0.001811,-0.001109,0.039218,0.000152,0.000889,0.000486
22.175992,0.842114,-0.554702,-0.043010,0.672457,-0.978908,0.742748,0.248086,0.634825,-0.410285,-0.033306,0.301804,-0.504754,0.484138,0.040103,-0.392945,0.316741,0.294772,-1.701465,1.586010,3.743754,-0.464840,0.050568,0.001055,-0.001356,0.038701,-0.000966,0.001398,0.000940
22.176974,0.841038,-0.551499,-0.041932,0.672520,-0.980092,0.743773,0.248362,0.626569,-0.413661,-0.038717,0.304465,-0.504904,0.484388,0.040019,-0.392898,0.316741,0.294775,-1.701424,1.586006,3.743754,-0.464843,0.049776,0.001139,-0.000458,0.039678,-0.001630,0.000823,-0.000160
22.178072,0.839702,-0.554647,-0.042752,0.672071,-0.978768,0.742447,0.248257,0.619483,-0.415583,-0.043179,0.306193,-0.504904,0.484507,0.039929,-0.392846,0.316737,0.294774,-1.701386,1.586009,3.743750,-0.464846,0.049702,-0.000431,-0.000996,0.038680,-0.000462,-0.000184,-0.000693
22.178968,0.837843,-0.551441,-0.043676,0.670737,-0.980066,0.742965,0.247948,0.613767,-0.415122,-0.046640,0.306562,-0.504719,0.484468,0.039855,-0.392796,0.316740,0.294774,-1.701349,1.586006,3.743752,-0.464844,0.049775,0.001135,-0.000578,0.038253,-0.001779,0.001154,-0.000485
22.179996,0.835623,-0.551208,-0.045328,0.670634,-0.981009,0.743927,0.247476,0.608261,-0.413219,-0.050057,0.306107,-0.504387,0.484347,0.039814,-0.392745,0.316736,0.294774,-1.701309,1.586009,3.743750,-0.464842,0.050093,-0.000457,-0.000112,0.038636,-0.000488,0.000627,0.000128
22.181077,0.832121,-0.554002,-0.043493,0.669883,-0.980852,0.743792,0.248515,0.600751,-0.408299,-0.055335,0.304240,-0.503800,0.484163,0.039798,-0.392694,0.316736,0.294777,-1.701273,1.586009,3.743748,-0.464839,0.050585,-0.000559,0.000675,0.037845,0.000451,-0.000325,0.001066
22.181972,0.831933,-0.553737,-0.045088,0.669101,-0.982348,0.743735,0.248276,0.589898,-0.401613,-0.063566,0.301727,-0.503038,0.484039,0.039785,-0.392641,0.316740,0.294776,-1.701235,1.586009,3.743748,-0.464844,0.051706,0.000812,-0.000240,0.037696,0.000290,-0.000183,-0.001025
22.182969,0.829604,-0.551721,-0.042911,0.669864,-0.979589,0.744404,0.248243,0.576494,-0.397000,-0.073995,0.300258,-0.502321,0.484128,0.039763,-0.392589,0.316740,0.294778,-1.701197,1.586011,3.743752,-0.464844,0.051165,0.000664,0.000547,0.037562,0.001779,-0.000149,-0.000520
22.184000,0.830447,-0.551969,-0.046210,0.670047,-0.980714,0.743679,0.248167,0.562339,-0.394282,-0.085174,0.299699,-0.501677,0.484354,0.039743,-0.392537,0.316738,0.294774,-1.701162,1.586006,3.743750,-0.464842,0.051722,-0.000332,-0.000514,0.035958,-0.000974,-0.000812,-0.000467
22.185088,0.833356,-0.552134,-0.043972,0.666431,-0.978784,0.744178,0.248281,0.548631,-0.391941,-0.096163,0.299595,-0.501075,0.484575,0.039728,-0.392488,0.316738,0.294778,-1.701130,1.586011,3.743750,-0.464839,0.050697,-0.000196,0.001116,0.035004,0.000136,-0.000075,-0.000323
22.186051,0.830992,-0.554243,-0.043545,0.668288,-0.979015,0.744109,0.248695,0.538187,-0.389069,-0.104728,0.299105,-0.500477,0.484672,0.039707,-0.392443,0.316738,0.294776,-1.701087,1.586008,3.743748,-0.464839,0.048691,-0.000114,-0.000006,0.037618,-0.001792,-0.000575,-0.000556
22.186963,0.827221,-0.555086,-0.043271,0.667357,-0.979939,0.744514,0.247571,0.534524,-0.386350,-0.108034,0.297824,-0.499901,0.484613,0.039669,-0.392393,0.316742,0.294776,-1.701056,1.586008,3.743748,-0.464842,0.049300,0.000905,-0.000210,0.034972,-0.001535,-0.000500,-0.001377
22.188012,0.827074,-0.552820,-0.043182,0.663544,-0.980521,0.744049,0.248586,0.535692,-0.387261,-0.107517,0.297815,-0.499537,0.484598,0.039605,-0.392342,0.316744,0.294777,-1.701021,1.586009,3.743750,-0.464837,0.050571,0.001300,-0.000363,0.035104,-0.000620,-0.000923,0.000879
22.188939,0.828592,-0.552970,-0.042455,0.663717,-0.981247,0.744295,0.248443,0.537871,-0.390141,-0.106303,0.298573,-0.499242,0.484674,0.039503,-0.392294,0.316742,0.294778,-1.700978,1.586011,3.743751,-0.464842,0.050051,0.000172,-0.000412,0.037890,-0.000057,-0.000451,-0.001172
22.189937,0.828445,-0.555398,-0.045441,0.663571,-0.980011,0.744526,0.248782,0.541871,-0.389630,-0.103924,0.297113,-0.498696,0.484605,0.039359,-0.392247,0.316742,0.294776,-1.700943,1.586013,3.743750,-0.464841,0.048729,0.000259,-0.000756,0.036850,0.000647,-0.000700,-0.000869
22.190975,0.826974,-0.552584,-0.043160,0.662503,-0.981298,0.744275,0.248929,0.549095,-0.387207,-0.099160,0.294261,-0.498062,0.484387,0.039195,-0.392199,0.316746,0.294780,-1.700909,1.586010,3.743751,-0.464843,0.048236,0.001440,0.000709,0.036174,-0.000577,-0.000934,-0.001548
22.191979,0.830891,-0.552690,-0.047522,0.661537,-0.981286,0.744910,0.247891,0.558358,-0.385490,-0.092844,0.291723,-0.497530,0.484141,0.039040,-0.392152,0.316744,0.294778,-1.700873,1.586014,3.743752,-0.464845,0.048408,0.000030,-0.000437,0.036407,0.000696,-0.000689,-0.001828
22.192959,0.827595,-0.550704,-0.046402,0.663036,-0.980414,0.745306,0.248460,0.569257,-0.382350,-0.085374,0.288620,-0.497012,0.483787,0.038923,-0.392111,0.316744,0.294782,-1.700837,1.586014,3.743750,-0.464841,0.045926,0.000098,0.001726,0.036492,0.000671,-0.001320,0.000254
22.194008,0.826898,-0.555931,-0.047665,0.660975,-0.980067,0.744658,0.247858,0.581352,-0.376760,-0.077154,0.284705,-0.496502,0.483292,0.038868,-0.392060,0.316740,0.294782,-1.700808,1.586011,3.743749,-0.464844,0.047006,-0.000860,0.001140,0.034268,-0.000179,-0.001709,-0.000905
22.195069,0.826139,-0.555448,-0.046679,0.661602,-0.979348,0.745399,0.248549,0.592481,-0.371792,-0.069804,0.281728,-0.496136,0.482838,0.038866,-0.392014,0.316746,0.294782,-1.700769,1.586012,3.743751,-0.464840,0.046784,0.001720,0.001781,0.035434,-0.000529,-0.001062,0.000307
22.195983,0.828097,-0.553553,-0.045603,0.661258,-0.980015,0.744636,0.248571,0.601854,-0.371575,-0.063760,0.281431,-0.496048,0.482635,0.038905,-0.391967,0.316746,0.294782,-1.700739,1.586009,3.743748,-0.464844,0.046603,0.001450,0.001279,0.034076,-0.001227,-0.001799,-0.001086
22.196994,0.825110,-0.555619,-0.044553,0.660310,-0.979522,0.744273,0.247925,0.611630,-0.375754,-0.057212,0.283492,-0.496230,0.482598,0.038977,-0.391926,0.316744,0.294783,-1.700707,1.586008,3.743749,-0.464844,0.045123,0.000520,0.000734,0.033653,-0.000538,-0.001022,-0.001113
22.197975,0.826148,-0.550906,-0.045779,0.657537,-0.980369,0.745376,0.248159,0.623699,-0.381659,-0.048650,0.286631,-0.496580,0.482523,0.039097,-0.391879,0.316747,0.294781,-1.700671,1.586010,3.743748,-0.464841,0.046068,0.001528,0.000229,0.033742,-0.001056,-0.000661,0.000180
22.199020,0.824444,-0.554195,-0.047150,0.657672,-0.978893,0.743894,0.247140,0.637043,-0.385721,-0.038973,0.288840,-0.496835,0.482315,0.039263,-0.391836,0.316742,0.294783,-1.700633,1.586012,3.743747,-0.464841,0.045016,-0.000797,0.000831,0.035614,-0.000218,-0.001769,-0.000306
22.199986,0.824910,-0.553641,-0.044028,0.657845,-0.981674,0.743245,0.248151,0.649627,-0.384513,-0.029928,0.288232,-0.496733,0.481928,0.039458,-0.391790,0.316747,0.294785,-1.700601,1.586008,3.743748,-0.464837,0.045325,0.000822,0.001496,0.034677,-0.001673,-0.000271,0.001741
22.201020,0.819965,-0.553297,-0.043950,0.656743,-0.981908,0.743603,0.248208,0.661350,-0.381083,-0.021470,0.286395,-0.496483,0.481459,0.039668,-0.391747,0.316747,0.294783,-1.700568,1.586013,3.743751,-0.464842,0.044565,0.000526,-0.000066,0.033726,0.001095,0.000351,-0.000301
22.202031,0.820461,-0.555656,-0.043254,0.658003,-0.981610,0.743200,0.248006,0.672514,-0.378606,-0.013220,0.285123,-0.496339,0.480981,0.039868,-0.391699,0.316747,0.294783,-1.700534,1.586014,3.743748,-0.464843,0.046488,0.000355,-0.000090,0.034013,0.001294,0.000001,-0.000391
22.203080,0.821743,-0.553309,-0.044517,0.656460,-0.982351,0.742756,0.247956,0.681621,-0.378225,-0.006320,0.285168,-0.496368,0.480589,0.040056,-0.391654,0.316751,0.294783,-1.700505,1.586013,3.743751,-0.464843,0.045685,0.001503,-0.000441,0.032050,0.001005,0.000397,0.000015
22.204012,0.819884,-0.551645,-0.043801,0.655892,-0.981068,0.742455,0.247024,0.689188,-0.381017,-0.000295,0.287036,-0.496635,0.480324,0.040253,-0.391614,0.316749,0.294785,-1.700471,1.586014,3.743749,-0.464843,0.044556,0.000331,0.000174,0.032801,0.001748,0.000850,0.000112
22.204963,0.819804,-0.553204,-0.045344,0.655754,-0.980526,0.743866,0.247939,0.696559,-0.383242,0.005784,0.288695,-0.496928,0.479995,0.040466,-0.391569,0.316747,0.294784,-1.700439,1.586012,3.743752,-0.464837,0.044959,-0.000477,-0.000176,0.032593,0.000462,0.001131,0.001971
22.206062,0.817899,-0.553951,-0.043857,0.654187,-0.980325,0.743282,0.248091,0.702861,-0.382548,0.011118,0.288907,-0.497052,0.479560,0.040673,-0.391524,0.316749,0.294787,-1.700407,1.586011,3.743749,-0.464840,0.044448,0.000292,0.000564,0.031959,-0.000064,-0.000274,0.000114
22.206937,0.818236,-0.551235,-0.043656,0.654800,-0.981365,0.742844,0.247695,0.707435,-0.381339,0.015278,0.288680,-0.497076,0.479186,0.040833,-0.391479,0.316750,0.294786,-1.700374,1.586010,3.743749,-0.464841,0.044872,0.000659,-0.000183,0.032730,-0.000253,0.000326,-0.000171
22.207957,0.814000,-0.552054,-0.045630,0.653978,-0.981851,0.744286,0.248793,0.710947,-0.380012,0.018853,0.288134,-0.497026,0.478861,0.040929,-0.391437,0.316746,0.294787,-1.700345,1.586013,3.743752,-0.464838,0.044190,-0.000670,-0.000284,0.031423,0.000776,0.000745,0.000622
22.209069,0.815146,-0.554411,-0.043905,0.654011,-0.980037,0.744238,0.248035,0.712336,-0.377255,0.020979,0.287019,-0.496879,0.478522,0.040957,-0.391390,0.316746,0.294790,-1.700316,1.586013,3.743749,-0.464844,0.045764,-0.000241,0.000671,0.031542,0.001249,-0.000698,-0.001581
22.209981,0.813784,-0.554891,-0.049373,0.652501,-0.980051,0.744541,0.248446,0.710026,-0.375016,0.020464,0.286436,-0.496725,0.478323,0.040922,-0.391348,0.316749,0.294789,-1.700286,1.586009,3.743749,-0.464841,0.044656,0.000904,-0.000199,0.030793,-0.000549,-0.000632,-0.000042
22.210945,0.814308,-0.557567,-0.048360,0.653075,-0.982177,0.743684,0.248746,0.704378,-0.376016,0.017679,0.287432,-0.496654,0.478412,0.040854,-0.391302,0.316751,0.294796,-1.700251,1.586009,3.743749,-0.464843,0.044802,0.001111,0.002492,0.031463,-0.000510,-0.000941,-0.000878
22.212026,0.815587,-0.554702,-0.047433,0.650916,-0.979928,0.743028,0.248438,0.695467,-0.381448,0.012684,0.290529,-0.496717,0.478823,0.040774,-0.391259,0.316755,0.294796,-1.700224,1.586014,3.743752,-0.464845,0.044017,0.002416,0.001950,0.030222,0.001583,-0.000090,-0.001466
22.213004,0.810003,-0.552672,-0.049184,0.649972,-0.981413,0.742497,0.248367,0.686115,-0.390345,0.007655,0.295119,-0.496924,0.479380,0.040716,-0.391220,0.316753,0.294796,-1.700189,1.586009,3.743751,-0.464844,0.042906,0.000980,0.001486,0.031585,-0.000662,0.000572,-0.000840
22.214082,0.809822,-0.555860,-0.051166,0.649873,-0.980701,0.742086,0.247563,0.677474,-0.396710,0.003231,0.298203,-0.496947,0.479752,0.040718,-0.391171,0.316751,0.294799,-1.700157,1.586013,3.743752,-0.464845,0.045141,-0.000011,0.002340,0.031751,0.000828,0.001096,-0.000700
22.215014,0.810743,-0.557634,-0.048873,0.648924,-0.980368,0.742511,0.248353,0.665430,-0.398058,-0.004052,0.298980,-0.496598,0.479942,0.040784,-0.391129,0.316755,0.294803,-1.700127,1.586011,3.743753,-0.464840,0.044697,0.001565,0.003287,0.031123,0.000110,0.001497,0.000901
22.216095,0.804421,-0.557205,-0.048646,0.647996,-0.982050,0.742448,0.248618,0.650736,-0.399631,-0.013443,0.299977,-0.496189,0.480180,0.040907,-0.391088,0.316758,0.294804,-1.700095,1.586010,3.743750,-0.464841,0.043514,0.002283,0.002068,0.031098,-0.000083,0.000618,-0.000195
22.217080,0.803228,-0.556281,-0.051306,0.646351,-0.980316,0.741162,0.249256,0.636723,-0.404370,-0.022214,0.302363,-0.495936,0.480547,0.041057,-0.391037,0.316760,0.294805,-1.700065,1.586014,3.743750,-0.464839,0.045637,0.001786,0.001859,0.030861,0.001842,-0.000274,0.000322
22.217988,0.797777,-0.555108,-0.048788,0.645145,-0.980486,0.740894,0.249566,0.621554,-0.409415,-0.031998,0.304999,-0.495678,0.480993,0.041187,-0.390995,0.316760,0.294809,-1.700033,1.586010,3.743750,-0.464840,0.045283,0.001099,0.003065,0.031347,0.000351,0.000157,-0.000013
22.218978,0.798671,-0.557291,-0.048409,0.645388,-0.981384,0.738931,0.249710,0.603076,-0.410681,-0.044707,0.306091,-0.495149,0.481404,0.041261,-0.390944,0.316760,0.294808,-1.700001,1.586013,3.743748,-0.464840,0.047029,0.000303,0.001717,0.031404,0.000735,-0.000369,0.000245
22.220002,0.792971,-0.559282,-0.047392,0.644569,-0.979397,0.738793,0.251027,0.583266,-0.408496,-0.058745,0.305813,-0.494419,0.481702,0.041271,-0.390901,0.316763,0.294809,-1.699974,1.586016,3.743755,-0.464837,0.045612,0.001153,0.001444,0.030106,0.001849,0.000696,0.000906
22.220931,0.790831,-0.556133,-0.049720,0.642866,-0.980306,0.738706,0.251010,0.564748,-0.407623,-0.071818,0.306504,-0.493841,0.481989,0.041215,-0.390849,0.316765,0.294809,-1.699945,1.586011,3.743750,-0.464841,0.047434,0.001892,0.000841,0.029804,0.000127,-0.000056,-0.000750
22.222052,0.788159,-0.559635,-0.048053,0.640736,-0.979650,0.737950,0.252139,0.546288,-0.408511,-0.084918,0.308450,-0.493408,0.482349,0.041089,-0.390800,0.316760,0.294812,-1.699913,1.586013,3.743748,-0.464839,0.047500,0.000134,0.001908,0.030384,0.001266,-0.000779,0.000193
22.223001,0.789030,-0.555322,-0.044324,0.641533,-0.978504,0.735563,0.252405,0.526692,-0.407977,-0.099157,0.309923,-0.492871,0.482736,0.040900,-0.390749,0.316766,0.294812,-1.699880,1.586013,3.743748,-0.464843,0.047752,0.001599,0.000955,0.031274,0.000873,-0.001002,-0.000992
22.223941,0.787556,-0.555376,-0.046605,0.640502,-0.979350,0.735593,0.252069,0.509973,-0.405371,-0.111310,0.310244,-0.492242,0.482986,0.040684,-0.390706,0.316762,0.294810,-1.699853,1.586010,3.743752,-0.464842,0.046375,-0.000766,-0.000968,0.029421,-0.000025,0.000540,-0.000599
22.224957,0.783104,-0.561609,-0.045034,0.638794,-0.979107,0.734591,0.252988,0.500092,-0.399789,-0.118169,0.309081,-0.491590,0.482863,0.040486,-0.390659,0.316762,0.294811,-1.699823,1.586011,3.743749,-0.464836,0.046157,-0.000936,0.000111,0.029346,0.001059,-0.000325,0.000964
22.226011,0.780480,-0.557175,-0.044811,0.638387,-0.979001,0.733605,0.253072,0.495432,-0.393865,-0.120939,0.307717,-0.491025,0.482538,0.040314,-0.390607,0.316768,0.294807,-1.699792,1.586013,3.743748,-0.464841,0.047345,0.001906,-0.000737,0.029916,0.001035,-0.000200,0.000101
22.227075,0.778968,-0.559223,-0.046885,0.636715,-0.978092,0.732352,0.254345,0.492764,-0.391205,-0.122109,0.307711,-0.490639,0.482310,0.040150,-0.390559,0.316763,0.294809,-1.699763,1.586013,3.743751,-0.464840,0.047618,-0.000541,-0.000951,0.029192,0.001185,-0.000165,0.000960
22.228015,0.778396,-0.560046,-0.045142,0.636308,-0.978285,0.731892,0.254385,0.490424,-0.389229,-0.123146,0.307930,-0.490268,0.482111,0.039993,-0.390512,0.316763,0.294811,-1.699735,1.586012,3.743753,-0.464843,0.047347,0.000278,-0.000021,0.029762,0.000533,0.000144,-0.000576
22.228979,0.775537,-0.560333,-0.044015,0.636002,-0.976872,0.731175,0.254604,0.488827,-0.387094,-0.123832,0.307874,-0.489873,0.481900,0.039855,-0.390464,0.316764,0.294807,-1.699707,1.586013,3.743749,-0.464841,0.046661,0.000451,-0.000950,0.029104,0.000956,-0.000205,0.000264
22.230038,0.771699,-0.563450,-0.046035,0.635727,-0.975922,0.730048,0.255662,0.489887,-0.386958,-0.122614,0.308433,-0.489606,0.481720,0.039750,-0.390417,0.316765,0.294805,-1.699679,1.586012,3.743750,-0.464839,0.047116,0.000368,-0.001569,0.028350,-0.000232,-0.000344,0.000743
22.231031,0.770120,-0.563197,-0.047271,0.635188,-0.975310,0.728089,0.255351,0.492441,-0.390521,-0.120392,0.310632,-0.489549,0.481683,0.039670,-0.390366,0.316767,0.294803,-1.699653,1.586009,3.743749,-0.464842,0.047986,0.001673,-0.000608,0.027571,-0.000898,-0.000137,-0.000358
22.232005,0.767178,-0.562744,-0.048632,0.635042,-0.975842,0.727516,0.256740,0.493199,-0.398878,-0.119773,0.315263,-0.489702,0.481929,0.039591,-0.390320,0.316767,0.294803,-1.699626,1.586007,3.743752,-0.464837,0.047784,0.001303,-0.000070,0.027066,-0.001242,0.000932,0.001226
22.232959,0.768193,-0.559495,-0.048049,0.632767,-0.976461,0.727612,0.256957,0.490758,-0.410150,-0.121934,0.321614,-0.489958,0.482384,0.039495,-0.390272,0.316767,0.294804,-1.699601,1.586011,3.743752,-0.464842,0.048269,0.000854,0.000505,0.026202,-0.000502,0.000633,-0.000629
22.233984,0.763886,-0.562828,-0.049617,0.633637,-0.975523,0.727111,0.257725,0.486591,-0.419485,-0.125854,0.327207,-0.490103,0.482794,0.039373,-0.390228,0.316761,0.294801,-1.699570,1.586011,3.743749,-0.464841,0.046806,-0.000933,0.000162,0.027363,0.000342,-0.000288,-0.000127
22.234978,0.764868,-0.562788,-0.048359,0.632875,-0.976219,0.724989,0.258362,0.482660,-0.424704,-0.130009,0.330669,-0.490051,0.483048,0.039237,-0.390177,0.316763,0.294805,-1.699546,1.586011,3.743748,-0.464842,0.047939,0.000509,0.000828,0.025477,-0.000359,-0.000679,-0.000684
22.235992,0.763971,-0.564826,-0.047093,0.631355,-0.975305,0.723671,0.258245,0.479822,-0.429390,-0.133510,0.333672,-0.490031,0.483275,0.039112,-0.390133,0.316761,0.294803,-1.699520,1.586012,3.743749,-0.464843,0.046472,0.000270,0.000115,0.025238,0.000577,0.000577,-0.000995
22.237047,0.758285,-0.566068,-0.048676,0.629753,-0.974871,0.722236,0.258923,0.481017,-0.436117,-0.133817,0.337128,-0.490225,0.483468,0.039022,-0.390088,0.316763,0.294799,-1.699493,1.586008,3.743750,-0.464839,0.045956,0.001045,-0.000555,0.025696,-0.000068,0.000985,0.000213
22.238030,0.760577,-0.565835,-0.050113,0.631333,-0.976296,0.721512,0.259709,0.486330,-0.444512,-0.130814,0.340443,-0.490547,0.483615,0.038967,-0.390036,0.316763,0.294802,-1.699465,1.586010,3.743750,-0.464840,0.047749,0.001422,0.000130,0.026206,-0.000257,0.001494,-0.000139
22.238935,0.760614,-0.564231,-0.050464,0.631105,-0.974067,0.721045,0.259681,0.492281,-0.454492,-0.127248,0.343911,-0.490956,0.483811,0.038914,-0.389998,0.316763,0.294804,-1.699447,1.586014,3.743749,-0.464839,0.045679,0.001074,0.000736,0.023771,0.001379,0.001350,-0.000772
22.240089,0.762247,-0.563260,-0.052687,0.627783,-0.975053,0.719738,0.260862,0.499495,-0.465394,-0.122595,0.347775,-0.491530,0.483971,0.038857,-0.389955,0.316761,0.294806,-1.699427,1.586010,3.743751,-0.464838,0.044770,0.000084,0.000806,0.023155,-0.000624,0.001005,0.000165
22.240967,0.759079,-0.560895,-0.050582,0.627576,-0.975514,0.720656,0.260368,0.510241,-0.473405,-0.115185,0.350050,-0.492080,0.483882,0.038804,-0.389917,0.316760,0.294810,-1.699396,1.586011,3.743752,-0.464842,0.043001,-0.000641,0.001782,0.025308,0.000664,0.001300,-0.001090
22.242005,0.756699,-0.562106,-0.051653,0.627476,-0.976110,0.719273,0.262179,0.524637,-0.473925,-0.105157,0.348117,-0.492276,0.483391,0.038750,-0.389873,0.316754,0.294808,-1.699373,1.586012,3.743749,-0.464839,0.043701,-0.001960,0.000654,0.024578,0.001323,-0.000392,0.000759
22.243077,0.752856,-0.563109,-0.052243,0.626487,-0.975285,0.718678,0.261562,0.540625,-0.467267,-0.094160,0.342423,-0.492122,0.482577,0.038695,-0.389828,0.316753,0.294809,-1.699353,1.586013,3.743748,-0.464844,0.043906,-0.001570,0.001112,0.023755,0.002164,0.000103,-0.001889
22.244104,0.751355,-0.561202,-0.054525,0.624623,-0.974646,0.717845,0.262554,0.554684,-0.457553,-0.084795,0.335456,-0.491824,0.481704,0.038637,-0.389783,0.316754,0.294810,-1.699330,1.586013,3.743748,-0.464837,0.044839,-0.001319,0.001294,0.023771,0.001576,-0.000259,0.000397
22.244997,0.752928,-0.559563,-0.053931,0.625277,-0.975230,0.716999,0.262752,0.563945,-0.445862,-0.079235,0.327809,-0.491358,0.480926,0.038577,-0.389738,0.316748,0.294815,-1.699305,1.586012,3.743749,-0.464840,0.044605,-0.002452,0.002302,0.024637,0.001203,-0.000332,-0.000618
22.246091,0.750926,-0.559707,-0.054810,0.625812,-0.973437,0.716828,0.263321,0.569336,-0.430167,-0.076730,0.318465,-0.490628,0.480125,0.038515,-0.389700,0.316744,0.294815,-1.699284,1.586015,3.743750,-0.464839,0.042964,-0.003420,0.001913,0.023087,0.001984,-0.000276,-0.000144
22.247063,0.748542,-0.562299,-0.056514,0.624738,-0.972282,0.714509,0.263148,0.574056,-0.411420,-0.074636,0.308091,-0.489811,0.479198,0.038467,-0.389660,0.316740,0.294817,-1.699265,1.586012,3.743748,-0.464841,0.043028,-0.003542,0.002244,0.021649,0.000462,-0.001068,-0.000229
22.248015,0.749148,-0.563947,-0.055667,0.622803,-0.971906,0.713941,0.263519,0.577993,-0.393440,-0.072915,0.298710,-0.489122,0.478295,0.038448,-0.389615,0.316742,0.294821,-1.699242,1.586011,3.743750,-0.464839,0.043274,-0.002480,0.002970,0.021805,-0.000445,0.000408,0.001061
22.249006,0.745860,-0.568409,-0.052080,0.621792,-0.971645,0.712712,0.264273,0.580771,-0.379090,-0.071812,0.291297,-0.488611,0.477572,0.038452,-0.389576,0.316743,0.294821,-1.699216,1.586012,3.743751,-0.464836,0.042082,-0.001885,0.002454,0.022739,-0.000591,0.000115,0.001210
22.249989,0.744981,-0.566518,-0.052875,0.621970,-0.971112,0.711135,0.265168,0.585261,-0.370840,-0.068963,0.286273,-0.488359,0.477083,0.038462,-0.389532,0.316747,0.294819,-1.699194,1.586011,3.743753,-0.464838,0.042788,0.000087,0.000583,0.022803,-0.000604,0.000464,0.000654
22.251088,0.744518,-0.565446,-0.055721,0.623876,-0.971515,0.710117,0.263743,0.592950,-0.369837,-0.063099,0.284037,-0.488452,0.476813,0.038473,-0.389491,0.316743,0.294821,-1.699175,1.586011,3.743754,-0.464840,0.042300,-0.001070,0.000893,0.021744,-0.000902,0.001172,-0.000184
22.252028,0.741513,-0.567659,-0.052280,0.621720,-0.972041,0.710432,0.266273,0.601984,-0.373390,-0.055776,0.284166,-0.488845,0.476619,0.038500,-0.389449,0.316740,0.294825,-1.699160,1.586010,3.743751,-0.464830,0.041562,-0.001811,0.002181,0.019032,-0.000215,0.001232,0.003729
22.252988,0.736253,-0.563018,-0.053987,0.621290,-0.971253,0.710364,0.266042,0.610754,-0.379307,-0.048369,0.286260,-0.489489,0.476440,0.038535,-0.389405,0.316739,0.294822,-1.699137,1.586010,3.743750,-0.464840,0.042153,-0.000897,0.000390,0.020286,0.000539,0.000082,-0.000467
22.254060,0.737423,-0.568489,-0.056809,0.620071,-0.971197,0.709881,0.266469,0.617401,-0.384549,-0.042498,0.288745,-0.490130,0.476273,0.038545,-0.389360,0.316731,0.294824,-1.699118,1.586007,3.743750,-0.464837,0.043841,-0.003372,0.001160,0.019848,0.000002,-0.000690,0.000964
22.255134,0.736734,-0.565098,-0.055828,0.619267,-0.970939,0.708642,0.267476,0.617426,-0.385921,-0.041207,0.290727,-0.490640,0.476084,0.038519,-0.389280,0.316731,0.294829,-1.699077,1.586008,3.743749,-0.464839,0.041697,-0.002811,0.001825,0.020039,0.000200,-0.000843,0.000144
22.256002,0.731012,-0.567237,-0.055745,0.618555,-0.969354,0.705907,0.267517,0.617426,-0.385921,-0.041207,0.290727,-0.490640,0.476084,0.038519,-0.389280,0.316731,0.294829,-1.699077,1.586008,3.743749,-0.464839,0.041697,-0.002811,0.001825,0.020039,0.000200,-0.000843,0.000144
22.257100,0.729613,-0.568059,-0.056809,0.617012,-0.968958,0.706043,0.268501,0.614023,-0.383002,-0.043219,0.290133,-0.490568,0.475994,0.038517,-0.389232,0.316731,0.294828,-1.699058,1.586007,3.743754,-0.464837,0.043634,-0.001911,0.001726,0.019939,-0.001173,0.001116,0.000904
22.258042,0.727301,-0.570204,-0.056673,0.616528,-0.969518,0.705807,0.268539,0.607365,-0.377652,-0.047826,0.288447,-0.490241,0.475891,0.038533,-0.389188,0.316729,0.294830,-1.699037,1.586010,3.743752,-0.464839,0.043325,-0.001736,0.002146,0.020533,-0.001323,-0.000005,-0.000015
22.259075,0.728026,-0.571729,-0.057742,0.615159,-0.969096,0.704467,0.269313,0.597427,-0.372299,-0.054995,0.286655,-0.489782,0.475919,0.038569,-0.389145,0.316731,0.294830,-1.699018,1.586010,3.743751,-0.464837,0.043564,-0.000892,0.001986,0.020163,-0.000535,-0.000591,0.000827
22.260006,0.723488,-0.567961,-0.054355,0.615774,-0.969342,0.703745,0.269576,0.586679,-0.369067,-0.062722,0.285547,-0.489374,0.476118,0.038634,-0.389104,0.316733,0.294833,-1.698997,1.586008,3.743753,-0.464840,0.042255,-0.000391,0.002408,0.020617,-0.000696,-0.000162,0.000272
22.260960,0.722654,-0.571223,-0.057781,0.613573,-0.969971,0.703207,0.269526,0.577374,-0.366849,-0.069282,0.284660,-0.489048,0.476337,0.038731,-0.389058,0.316725,0.294829,-1.698981,1.586010,3.743752,-0.464838,0.043598,-0.002423,0.000657,0.019238,-0.000234,-0.000262,0.000638
22.262071,0.719125,-0.572053,-0.056525,0.615019,-0.970285,0.701373,0.271322,0.560894,-0.359143,-0.080967,0.281600,-0.488454,0.476515,0.038956,-0.388969,0.316725,0.294832,-1.698943,1.586012,3.743754,-0.464840,0.043827,-0.000824,0.001541,0.018219,0.001192,0.000292,-0.000885
22.263185,0.715884,-0.575479,-0.055669,0.612001,-0.970227,0.700602,0.271502,0.560894,-0.359143,-0.080967,0.281600,-0.488454,0.476515,0.038956,-0.388969,0.316725,0.294832,-1.698943,1.586012,3.743754,-0.464840,0.043827,-0.000824,0.001541,0.018219,0.001192,0.000292,-0.000885
22.264000,0.713769,-0.573233,-0.059286,0.611324,-0.969410,0.700371,0.271831,0.551826,-0.358816,-0.087422,0.282130,-0.488472,0.476735,0.039051,-0.388924,0.316728,0.294833,-1.698917,1.586011,3.743752,-0.464839,0.044428,0.000616,0.001012,0.020215,0.001406,0.000083,-0.000146
22.265063,0.716348,-0.572992,-0.060536,0.611134,-0.969915,0.699575,0.272011,0.541301,-0.360678,-0.094981,0.283676,-0.488600,0.477099,0.039153,-0.388879,0.316724,0.294837,-1.698898,1.586010,3.743750,-0.464839,0.044594,-0.000671,0.002722,0.020073,0.000785,-0.000397,-0.000027
22.266016,0.714130,-0.576487,-0.053943,0.611468,-0.970050,0.697904,0.272001,0.529263,-0.360626,-0.103870,0.284205,-0.488582,0.477461,0.039284,-0.388840,0.316723,0.294841,-1.698880,1.586009,3.743749,-0.464838,0.042354,-0.001020,0.003203,0.019406,0.001570,-0.000529,0.000638
22.267121,0.711846,-0.574527,-0.054778,0.609743,-0.967120,0.697372,0.273629,0.520631,-0.359762,-0.110155,0.284243,-0.488614,0.477693,0.039459,-0.388797,0.316729,0.294834,-1.698863,1.586010,3.743751,-0.464835,0.042568,0.000459,-0.000131,0.018268,0.001919,0.000299,0.001567
22.268085,0.712078,-0.576258,-0.057867,0.610558,-0.967541,0.696198,0.273285,0.519424,-0.360663,-0.110527,0.284789,-0.488894,0.477769,0.039677,-0.388754,0.316726,0.294836,-1.698842,1.586008,3.743751,-0.464840,0.042715,-0.000756,0.000201,0.019055,-0.000749,-0.000156,-0.000641
22.269080,0.708001,-0.578847,-0.059056,0.608616,-0.968109,0.695175,0.274018,0.523351,-0.361837,-0.106874,0.285233,-0.489262,0.477689,0.039915,-0.388713,0.316726,0.294841,-1.698827,1.586011,3.743753,-0.464834,0.041691,-0.000093,0.001619,0.017458,-0.000096,0.000169,0.000992
22.270112,0.708384,-0.577573,-0.054607,0.606999,-0.966978,0.694066,0.274561,0.528007,-0.363818,-0.102742,0.286159,-0.489678,0.477609,0.040148,-0.388669,0.316727,0.294843,-1.698808,1.586012,3.743754,-0.464835,0.042798,0.000960,0.002091,0.018571,0.000711,0.000307,0.000465
22.271148,0.704978,-0.580250,-0.057931,0.607142,-0.965295,0.692595,0.274888,0.532715,-0.366755,-0.098705,0.287402,-0.490108,0.477581,0.040347,-0.388629,0.316725,0.294838,-1.698787,1.586008,3.743753,-0.464836,0.041660,0.000102,-0.000191,0.019272,-0.000156,0.000510,0.000379
22.272072,0.702494,-0.577865,-0.059319,0.604764,-0.965633,0.692804,0.275434,0.539030,-0.369055,-0.093557,0.287882,-0.490435,0.477508,0.040496,-0.388587,0.316729,0.294844,-1.698771,1.586005,3.743752,-0.464833,0.042432,0.001178,0.001348,0.018288,-0.001560,0.001080,0.000716
22.273066,0.695542,-0.581599,-0.056064,0.605963,-0.966453,0.689761,0.276582,0.544197,-0.369569,-0.089548,0.287307,-0.490544,0.477431,0.040578,-0.388543,0.316725,0.294847,-1.698748,1.586007,3.743750,-0.464833,0.042748,-0.000208,0.001920,0.019765,-0.000999,0.000056,0.000507
22.274121,0.697813,-0.580062,-0.059745,0.604598,-0.967300,0.689707,0.277713,0.544583,-0.367918,-0.089618,0.285927,-0.490399,0.477422,0.040568,-0.388493,0.316730,0.294844,-1.698734,1.586011,3.743755,-0.464836,0.045222,0.001400,0.000224,0.017811,0.000026,0.002225,-0.000835
22.275124,0.697552,-0.580430,-0.057099,0.602640,-0.965507,0.688907,0.277653,0.540469,-0.366230,-0.093414,0.285075,-0.490223,0.477502,0.040468,-0.388456,0.316728,0.294850,-1.698714,1.586013,3.743752,-0.464838,0.043147,0.000392,0.001931,0.018279,0.001103,0.001337,-0.002071
22.276018,0.698892,-0.580492,-0.058511,0.604317,-0.964825,0.688433,0.277711,0.535835,-0.363679,-0.097733,0.283940,-0.490048,0.477527,0.040318,-0.388415,0.316728,0.294849,-1.698693,1.586008,3.743752,-0.464834,0.042366,0.000359,0.000509,0.019341,-0.000414,0.001261,-0.000979
22.277034,0.695331,-0.580457,-0.057368,0.603498,-0.964070,0.687461,0.279004,0.535455,-0.359074,-0.098789,0.281384,-0.489842,0.477338,0.040171,-0.388376,0.316727,0.294850,-1.698681,1.586007,3.743751,-0.464831,0.040843,0.000195,0.001150,0.016968,-0.000860,0.000951,-0.000248
22.277993,0.694955,-0.582277,-0.059368,0.601736,-0.964339,0.687267,0.278762,0.540049,-0.354156,-0.095947,0.278493,-0.489727,0.476966,0.040054,-0.388333,0.316729,0.294848,-1.698665,1.586007,3.743751,-0.464838,0.041696,-0.000078,0.000497,0.017030,-0.001374,0.001032,-0.001854
22.278976,0.694251,-0.580846,-0.057215,0.600505,-0.963907,0.685414,0.279317,0.547232,-0.349376,-0.091104,0.275635,-0.489666,0.476512,0.039970,-0.388292,0.316731,0.294852,-1.698647,1.586008,3.743750,-0.464836,0.040970,0.000595,0.001387,0.017972,-0.000870,0.000379,-0.000425
22.279978,0.694197,-0.584079,-0.056249,0.600539,-0.963544,0.685996,0.279135,0.556272,-0.343642,-0.084874,0.271959,-0.489534,0.475989,0.039928,-0.388254,0.316728,0.294850,-1.698628,1.586009,3.743754,-0.464835,0.040443,-0.000316,0.000227,0.018331,-0.001089,0.001354,-0.000610
22.281040,0.690438,-0.584782,-0.059528,0.600093,-0.964341,0.684739,0.279521,0.568985,-0.337394,-0.075731,0.267448,-0.489379,0.475365,0.039936,-0.388215,0.316733,0.294850,-1.698612,1.586011,3.743750,-0.464831,0.039576,0.001036,-0.000340,0.017496,-0.001228,-0.000109,0.000718
22.281996,0.689046,-0.583051,-0.060651,0.603612,-0.963953,0.683226,0.280610,0.584235,-0.333774,-0.064436,0.263815,-0.489390,0.474809,0.039986,-0.388172,0.316733,0.294855,-1.698596,1.586012,3.743751,-0.464830,0.040506,0.001129,0.001178,0.017134,-0.000166,0.000226,0.000949
22.282995,0.687851,-0.584739,-0.059826,0.599730,-0.963671,0.682984,0.280533,0.596954,-0.334229,-0.054986,0.262763,-0.489690,0.474471,0.040043,-0.388132,0.316733,0.294857,-1.698589,1.586010,3.743752,-0.464833,0.040299,0.000039,0.001620,0.013036,-0.000319,0.000896,-0.000313
22.284119,0.687299,-0.584269,-0.060009,0.599310,-0.962953,0.681987,0.282082,0.605474,-0.337253,-0.048750,0.264107,-0.490232,0.474273,0.040082,-0.388094,0.316733,0.294856,-1.698566,1.586010,3.743751,-0.464830,0.040010,0.000668,0.001125,0.016012,-0.000358,0.000251,0.000818
22.284987,0.687778,-0.584276,-0.063458,0.598179,-0.963439,0.681432,0.281326,0.612297,-0.340145,-0.043790,0.265677,-0.490779,0.474083,0.040102,-0.388056,0.316731,0.294856,-1.698551,1.586011,3.743751,-0.464836,0.039355,0.000192,0.001122,0.015583,-0.000823,0.000264,-0.001210
22.285987,0.688924,-0.585616,-0.063440,0.598144,-0.962991,0.680390,0.282856,0.618818,-0.340684,-0.039029,0.265800,-0.491137,0.473815,0.040116,-0.388019,0.316729,0.294862,-1.698534,1.586012,3.743751,-0.464830,0.038291,0.000020,0.002715,0.015982,-0.000119,0.000052,0.001159
22.286933,0.685426,-0.585320,-0.062502,0.596823,-0.964404,0.680152,0.282842,0.625666,-0.339168,-0.033941,0.264665,-0.491353,0.473463,0.040142,-0.387985,0.316731,0.294863,-1.698520,1.586010,3.743751,-0.464836,0.036883,0.000455,0.002595,0.015256,-0.000319,0.000212,-0.000962
22.287971,0.684980,-0.585992,-0.063694,0.596431,-0.963785,0.678907,0.283391,0.633693,-0.336901,-0.027805,0.262936,-0.491529,0.473052,0.040191,-0.387945,0.316730,0.294863,-1.698505,1.586013,3.743751,-0.464834,0.037764,0.000086,0.002038,0.015832,0.001309,-0.000387,0.000002
22.289091,0.683674,-0.585389,-0.065894,0.595663,-0.962385,0.678465,0.283701,0.642084,-0.333874,-0.021269,0.260717,-0.491662,0.472597,0.040279,-0.387909,0.316732,0.294867,-1.698491,1.586009,3.743751,-0.464834,0.037105,0.000167,0.002508,0.015477,0.000962,-0.000052,-0.000109
22.289997,0.681677,-0.586876,-0.060652,0.595866,-0.963446,0.677778,0.284251,0.649177,-0.329381,-0.015686,0.257806,-0.491683,0.472110,0.040414,-0.387873,0.316732,0.294872,-1.698476,1.586006,3.743751,-0.464833,0.036848,-0.000396,0.003465,0.015433,-0.000142,-0.000600,0.000351
22.290943,0.680990,-0.588861,-0.062322,0.595311,-0.962348,0.676520,0.285281,0.655327,-0.324118,-0.010730,0.254595,-0.491636,0.471602,0.040597,-0.387836,0.316732,0.294867,-1.698462,1.586009,3.743750,-0.464833,0.037018,0.000153,0.000792,0.014520,0.001133,-0.000702,0.000115
22.292085,0.675584,-0.590626,-0.062665,0.595272,-0.961385,0.674547,0.284638,0.662571,-0.321028,-0.004616,0.252428,-0.491710,0.471125,0.040826,-0.387800,0.316736,0.294873,-1.698449,1.586010,3.743751,-0.464836,0.036521,0.000886,0.001506,0.014369,0.000232,-0.000277,-0.001034
22.292983,0.676909,-0.590900,-0.064527,0.594308,-0.963392,0.674782,0.285432,0.669363,-0.322463,0.001530,0.252545,-0.491980,0.470812,0.041092,-0.387759,0.316739,0.294874,-1.698438,1.586004,3.743752,-0.464830,0.038269,0.001474,0.001557,0.013677,-0.000400,0.000685,0.001365
22.294009,0.674225,-0.590637,-0.066415,0.594933,-0.961176,0.673904,0.286497,0.672546,-0.328125,0.005164,0.255004,-0.492370,0.470738,0.041377,-0.387726,0.316739,0.294879,-1.698423,1.586011,3.743751,-0.464832,0.036788,0.001403,0.002366,0.013940,0.001782,-0.000351,0.000616
22.295163,0.670669,-0.591085,-0.065478,0.592704,-0.961294,0.673003,0.285946,0.671750,-0.336080,0.005886,0.258945,-0.492791,0.470841,0.041645,-0.387688,0.316738,0.294883,-1.698414,1.586007,3.743751,-0.464832,0.037256,0.001037,0.003165,0.012658,-0.000186,-0.000367,-0.000530
22.296071,0.670764,-0.592645,-0.066511,0.592316,-0.961939,0.671581,0.287502,0.666581,-0.343726,0.003234,0.263103,-0.493088,0.471041,0.041876,-0.387647,0.316739,0.294883,-1.698397,1.586008,3.743751,-0.464826,0.038054,0.000996,0.002594,0.014048,0.000225,-0.000483,0.001692
22.297007,0.666960,-0.591215,-0.067191,0.594261,-0.961418,0.669962,0.287873,0.657706,-0.349789,-0.002330,0.266560,-0.493173,0.471279,0.042057,-0.387611,0.316739,0.294887,-1.698384,1.586010,3.743752,-0.464831,0.037165,0.001579,0.002992,0.013719,0.001079,0.000136,-0.000572
22.298041,0.665204,-0.592259,-0.067631,0.595150,-0.960057,0.669512,0.288558,0.646351,-0.355176,-0.009775,0.269874,-0.493170,0.471510,0.042183,-0.387571,0.316736,0.294892,-1.698377,1.586006,3.743756,-0.464830,0.038208,0.000664,0.003190,0.011206,0.000810,0.000909,-0.000391
22.299039,0.665641,-0.590081,-0.066627,0.593904,-0.960701,0.668861,0.288722,0.631885,-0.361281,-0.019541,0.274434,-0.493241,0.471731,0.042273,-0.387534,0.316738,0.294897,-1.698369,1.586003,3.743752,-0.464834,0.038188,0.000940,0.003257,0.009713,-0.000284,0.000458,-0.000761
22.299976,0.663173,-0.594343,-0.070489,0.593429,-0.959756,0.668215,0.288348,0.615878,-0.367431,-0.030398,0.279929,-0.493367,0.471867,0.042366,-0.387498,0.316735,0.294899,-1.698356,1.586008,3.743754,-0.464830,0.037104,-0.000350,0.002642,0.010273,0.000575,0.000222,-0.000132
22.301079,0.664599,-0.597286,-0.067401,0.591454,-0.960686,0.666824,0.290241,0.600328,-0.372640,-0.040815,0.285257,-0.493441,0.471899,0.042485,-0.387461,0.316738,0.294906,-1.698348,1.586007,3.743752,-0.464825,0.037506,0.001556,0.004429,0.010159,-0.000154,0.000057,0.001508
22.301980,0.662036,-0.594779,-0.070503,0.591422,-0.959902,0.666135,0.289422,0.586314,-0.379724,-0.049858,0.291041,-0.493539,0.472001,0.042624,-0.387427,0.316742,0.294906,-1.698335,1.586010,3.743753,-0.464832,0.035901,0.002722,0.002764,0.011387,0.001035,0.000477,-0.001236
22.302978,0.659958,-0.596427,-0.073819,0.591841,-0.959426,0.665795,0.290853,0.575590,-0.389197,-0.056117,0.297048,-0.493678,0.472171,0.042771,-0.387390,0.316739,0.294913,-1.698327,1.586005,3.743752,-0.464824,0.036370,0.001281,0.004179,0.010860,0.000499,0.000373,0.001291
22.303998,0.658346,-0.592075,-0.073050,0.593501,-0.957958,0.664927,0.291222,0.565293,-0.397937,-0.062031,0.302247,-0.493695,0.472334,0.042913,-0.387353,0.316740,0.294921,-1.698319,1.586006,3.743751,-0.464828,0.036535,0.001886,0.005664,0.009826,0.000262,-0.000166,-0.000636
22.304972,0.657873,-0.594181,-0.073579,0.590351,-0.959728,0.663968,0.291950,0.551799,-0.404268,-0.070594,0.306717,-0.493532,0.472482,0.043030,-0.387315,0.316734,0.294924,-1.698314,1.586004,3.743751,-0.464828,0.036455,-0.000484,0.005131,0.007626,-0.000950,-0.000190,-0.000371
22.305941,0.657258,-0.593960,-0.072791,0.592374,-0.957896,0.662709,0.292375,0.536583,-0.406232,-0.080711,0.309585,-0.493145,0.472472,0.043127,-0.387282,0.316738,0.294931,-1.698299,1.586009,3.743751,-0.464828,0.035866,0.000330,0.005228,0.010070,0.001031,-0.000093,-0.000899
22.307077,0.655943,-0.597263,-0.073745,0.592678,-0.957490,0.663470,0.291724,0.522743,-0.404189,-0.089924,0.310445,-0.492579,0.472247,0.043225,-0.387247,0.316737,0.294935,-1.698297,1.586006,3.743752,-0.464826,0.035339,0.000005,0.004698,0.007546,-0.000572,0.000311,-0.000820
22.307977,0.650718,-0.597053,-0.074549,0.590841,-0.957083,0.661708,0.292556,0.511786,-0.402963,-0.096879,0.311502,-0.492134,0.471974,0.043341,-0.387213,0.316740,0.294942,-1.698291,1.586007,3.743750,-0.464821,0.035106,0.001374,0.005011,0.006650,-0.000698,-0.001459,0.001578
22.309042,0.652090,-0.595269,-0.076257,0.592476,-0.956271,0.660657,0.292737,0.501638,-0.405384,-0.103168,0.314166,-0.491926,0.471864,0.043465,-0.387172,0.316738,0.294948,-1.698278,1.586005,3.743751,-0.464824,0.036863,0.001067,0.005260,0.007843,-0.000869,-0.000466,0.000759
22.309996,0.653530,-0.597049,-0.078222,0.592229,-0.956588,0.659653,0.292647,0.489662,-0.408819,-0.111026,0.317197,-0.491755,0.471883,0.043573,-0.387139,0.316736,0.294957,-1.698275,1.586005,3.743749,-0.464821,0.035300,-0.000048,0.005925,0.005676,-0.001419,-0.000352,0.001426
22.310963,0.648533,-0.594991,-0.077304,0.591253,-0.956211,0.658982,0.293606,0.477451,-0.411563,-0.119248,0.319921,-0.491603,0.471866,0.043660,-0.387110,0.316738,0.294964,-1.698269,1.586006,3.743750,-0.464817,0.033817,0.000619,0.006742,0.005400,-0.000876,-0.000197,0.002512
22.311960,0.649303,-0.594487,-0.079856,0.589708,-0.956047,0.657353,0.293429,0.466543,-0.413273,-0.126646,0.322063,-0.491477,0.471748,0.043721,-0.387069,0.316735,0.294969,-1.698263,1.586005,3.743752,-0.464819,0.035450,-0.000607,0.006124,0.005838,-0.001018,-0.000391,0.001512
22.312989,0.650771,-0.595146,-0.081668,0.592670,-0.956262,0.656590,0.294974,0.455674,-0.410631,-0.134365,0.321800,-0.491116,0.471441,0.043740,-0.387040,0.316734,0.294978,-1.698252,1.586007,3.743752,-0.464815,0.034258,-0.001072,0.007225,0.006737,-0.000956,0.000368,0.002830
22.314014,0.648985,-0.595555,-0.083733,0.589496,-0.955839,0.655768,0.294892,0.445342,-0.403519,-0.141979,0.319161,-0.490546,0.470907,0.043726,-0.387011,0.316734,0.294987,-1.698255,1.586011,3.743753,-0.464822,0.032741,-0.000969,0.007934,0.003389,-0.000529,0.000210,0.000724
22.314996,0.647291,-0.596297,-0.080420,0.590377,-0.954263,0.655483,0.296078,0.436685,-0.395098,-0.148465,0.315830,-0.490010,0.470240,0.043687,-0.386978,0.316734,0.294998,-1.698245,1.586010,3.743752,-0.464819,0.032809,-0.000999,0.008747,0.005967,-0.000706,0.000134,0.001896
22.316028,0.645295,-0.595718,-0.082097,0.589972,-0.956417,0.653583,0.296276,0.429933,-0.386050,-0.153632,0.311825,-0.489479,0.469507,0.043625,-0.386944,0.316736,0.295002,-1.698243,1.586005,3.743751,-0.464820,0.032828,-0.000873,0.006934,0.004599,-0.002003,-0.000442,0.000447
22.316964,0.643974,-0.595871,-0.084408,0.589496,-0.956868,0.652442,0.297027,0.425545,-0.376629,-0.157049,0.307208,-0.488935,0.468721,0.043548,-0.386912,0.316734,0.295011,-1.698239,1.586011,3.743751,-0.464817,0.032977,-0.001533,0.007460,0.004574,0.000117,0.000180,0.001397
22.317999,0.644665,-0.598459,-0.089941,0.587552,-0.955984,0.649510,0.298525,0.422186,-0.366325,-0.159719,0.302109,-0.488377,0.467881,0.043458,-0.386880,0.316732,0.295021,-1.698234,1.586010,3.743751,-0.464816,0.032819,-0.001910,0.008190,0.004663,0.000327,-0.000168,0.001379
22.319083,0.645823,-0.599849,-0.088945,0.589167,-0.956265,0.648777,0.299068,0.417644,-0.354129,-0.163420,0.295991,-0.487681,0.467032,0.043346,-0.386852,0.316734,0.295034,-1.698224,1.586008,3.743754,-0.464819,0.031643,-0.001153,0.010470,0.006110,-0.000804,0.001129,0.000037
22.320097,0.641862,-0.603845,-0.088104,0.589285,-0.956488,0.648103,0.299383,0.412876,-0.341836,-0.167336,0.289429,-0.486901,0.466235,0.043218,-0.386825,0.316736,0.295041,-1.698225,1.586008,3.743752,-0.464818,0.030228,-0.001042,0.009498,0.004204,-0.000785,0.000136,0.000702
22.320962,0.642300,-0.604304,-0.089649,0.587944,-0.958853,0.646125,0.300876,0.410608,-0.334057,-0.169142,0.284710,-0.486359,0.465599,0.043099,-0.386790,0.316738,0.295050,-1.698222,1.586006,3.743748,-0.464816,0.031347,0.000425,0.008632,0.003741,-0.000795,-0.000769,0.001689
22.322009,0.639752,-0.603465,-0.090465,0.588295,-0.958459,0.644832,0.302086,0.411223,-0.333173,-0.168455,0.283077,-0.486217,0.465218,0.042997,-0.386762,0.316740,0.295059,-1.698214,1.586011,3.743753,-0.464817,0.030356,0.000178,0.009014,0.004684,0.001330,-0.000170,0.000065
22.322995,0.642616,-0.603159,-0.089362,0.588308,-0.957629,0.643629,0.302872,0.413541,-0.335754,-0.166340,0.282922,-0.486285,0.464962,0.042898,-0.386728,0.316737,0.295068,-1.698213,1.586010,3.743752,-0.464818,0.030755,-0.000743,0.008960,0.003990,0.000665,-0.000537,-0.000667
22.323951,0.638973,-0.604563,-0.091503,0.587615,-0.959198,0.642554,0.302961,0.418365,-0.337430,-0.162277,0.282249,-0.486355,0.464584,0.042806,-0.386705,0.316734,0.295076,-1.698211,1.586008,3.743750,-0.464816,0.028559,-0.001365,0.007979,0.003666,-0.000391,-0.000884,-0.000661
22.325076,0.638328,-0.607707,-0.092593,0.585809,-0.958643,0.640478,0.304804,0.426811,-0.336822,-0.155391,0.280393,-0.486357,0.464005,0.042742,-0.386673,0.316734,0.295085,-1.698207,1.586011,3.743750,-0.464812,0.029578,-0.001140,0.008637,0.004019,0.000929,-0.001317,0.000689
22.325953,0.638142,-0.607421,-0.094237,0.587913,-0.959372,0.638467,0.305067,0.436598,-0.334784,-0.147482,0.277659,-0.486267,0.463369,0.042706,-0.386646,0.316736,0.295094,-1.698198,1.586011,3.743752,-0.464815,0.029033,-0.000157,0.008691,0.005323,0.000082,-0.001027,-0.001218
22.326939,0.636413,-0.611126,-0.093910,0.586333,-0.958848,0.636844,0.305290,0.445893,-0.333030,-0.139961,0.274948,-0.486152,0.462789,0.042692,-0.386620,0.316734,0.295104,-1.698200,1.586009,3.743753,-0.464810,0.028401,-0.000743,0.009104,0.002999,0.000624,-0.000407,-0.000334
22.327994,0.636498,-0.611702,-0.095248,0.587164,-0.959368,0.635885,0.306613,0.454961,-0.333343,-0.132520,0.273371,-0.486164,0.462273,0.042706,-0.386593,0.316737,0.295112,-1.698194,1.586010,3.743752,-0.464806,0.028493,0.000599,0.008506,0.004191,-0.000165,-0.000342,0.000785
22.329006,0.632880,-0.609355,-0.094788,0.586313,-0.959049,0.634220,0.307295,0.464236,-0.336899,-0.124748,0.273435,-0.486371,0.461861,0.042737,-0.386567,0.316736,0.295122,-1.698193,1.586006,3.743752,-0.464808,0.027634,0.000340,0.008716,0.003029,0.000140,-0.001058,-0.000187
22.330051,0.631393,-0.614976,-0.094633,0.586518,-0.959962,0.632218,0.307778,0.473426,-0.341155,-0.116962,0.273956,-0.486622,0.461474,0.042759,-0.386536,0.316732,0.295129,-1.698188,1.586005,3.743753,-0.464804,0.028620,-0.001317,0.008050,0.003499,-0.000421,-0.000990,0.000063
22.331060,0.630589,-0.612051,-0.095180,0.587226,-0.960004,0.630526,0.308333,0.481548,-0.344151,-0.109995,0.274128,-0.486786,0.461049,0.042758,-0.386509,0.316738,0.295137,-1.698185,1.586009,3.743750,-0.464804,0.028537,0.000935,0.007531,0.002934,0.000209,-0.000623,0.000773
22.332010,0.629568,-0.613191,-0.098027,0.586741,-0.960662,0.629206,0.309345,0.488884,-0.347632,-0.103521,0.274800,-0.486968,0.460631,0.042734,-0.386482,0.316734,0.295145,-1.698184,1.586006,3.743751,-0.464802,0.028145,-0.001038,0.007374,0.001931,0.000016,-0.000533,0.001268
22.332974,0.628856,-0.615330,-0.099055,0.583867,-0.961884,0.627776,0.310787,0.495391,-0.350232,-0.097596,0.275479,-0.487130,0.460143,0.042688,-0.386456,0.316734,0.295153,-1.698181,1.586007,3.743749,-0.464802,0.027894,-0.000932,0.008395,0.002100,0.000437,-0.000706,0.000756
22.334096,0.623128,-0.615781,-0.100211,0.584804,-0.960706,0.625321,0.310229,0.500333,-0.349692,-0.092906,0.274727,-0.487095,0.459559,0.042610,-0.386429,0.316736,0.295162,-1.698172,1.586012,3.743748,-0.464808,0.027473,-0.000375,0.008473,0.004524,0.001381,-0.000794,-0.000572
22.335000,0.626383,-0.618399,-0.099482,0.586373,-0.961791,0.623765,0.312010,0.502346,-0.346117,-0.090574,0.272152,-0.486786,0.458975,0.042512,-0.386397,0.316735,0.295173,-1.698173,1.586010,3.743751,-0.464797,0.029452,-0.000713,0.008547,0.003273,-0.000084,-0.000119,0.002341
22.335946,0.623666,-0.618818,-0.100820,0.585267,-0.961695,0.620787,0.312067,0.501552,-0.342175,-0.090401,0.269348,-0.486413,0.458462,0.042424,-0.386375,0.316736,0.295179,-1.698175,1.586013,3.743749,-0.464801,0.027092,0.000129,0.007800,0.001488,0.000774,0.000011,0.000189
22.336946,0.624271,-0.618954,-0.101535,0.585183,-0.961566,0.620452,0.313140,0.501247,-0.340994,-0.089607,0.268013,-0.486276,0.458004,0.042362,-0.386345,0.316736,0.295188,-1.698171,1.586012,3.743753,-0.464798,0.027679,-0.000152,0.008059,0.002261,0.000447,0.001481,0.001610
22.337952,0.621602,-0.619993,-0.102323,0.584949,-0.962108,0.618711,0.314200,0.502797,-0.341141,-0.087165,0.267240,-0.486301,0.457502,0.042324,-0.386320,0.316736,0.295197,-1.698169,1.586010,3.743752,-0.464796,0.026601,-0.000597,0.007976,0.002030,0.000087,0.000213,0.001038
22.338995,0.620562,-0.622865,-0.101137,0.585344,-0.962987,0.617548,0.314641,0.505516,-0.340391,-0.083752,0.265882,-0.486313,0.456916,0.042303,-0.386292,0.316735,0.295206,-1.698166,1.586008,3.743754,-0.464797,0.027146,-0.000568,0.007924,0.001932,0.000412,0.000370,0.000532
22.340098,0.619897,-0.624310,-0.103483,0.586430,-0.962643,0.615112,0.316064,0.509213,-0.340094,-0.079501,0.264656,-0.486376,0.456330,0.042305,-0.386266,0.316736,0.295211,-1.698166,1.586010,3.743750,-0.464795,0.026853,0.000327,0.006907,0.001228,0.001015,-0.000097,0.001326
22.341018,0.618213,-0.624428,-0.101560,0.585914,-0.961707,0.614703,0.315395,0.514087,-0.343234,-0.074153,0.265165,-0.486675,0.455855,0.042349,-0.386240,0.316738,0.295222,-1.698167,1.586008,3.743753,-0.464797,0.026358,0.000457,0.007601,-0.000126,0.000404,0.000588,0.000234
22.341957,0.616654,-0.626801,-0.105905,0.585387,-0.961989,0.613557,0.316145,0.520280,-0.349985,-0.067593,0.267615,-0.487219,0.455487,0.042449,-0.386213,0.316735,0.295225,-1.698166,1.586004,3.743751,-0.464789,0.026442,0.000084,0.006273,0.000139,-0.000724,-0.000463,0.003050
22.343071,0.610897,-0.630194,-0.106539,0.583898,-0.962987,0.611514,0.318058,0.526563,-0.358177,-0.060899,0.270850,-0.487805,0.455205,0.042596,-0.386186,0.316736,0.295236,-1.698164,1.586005,3.743749,-0.464788,0.026466,0.000784,0.008037,0.000354,-0.000666,-0.000786,0.003018
22.344095,0.612353,-0.625207,-0.108239,0.583223,-0.964331,0.609842,0.318314,0.529119,-0.367279,-0.057180,0.274514,-0.488270,0.455135,0.042742,-0.386155,0.316742,0.295242,-1.698161,1.586006,3.743750,-0.464792,0.028469,0.001852,0.007886,0.001483,0.000048,-0.000506,0.000972
22.345006,0.610052,-0.630737,-0.108805,0.583780,-0.965737,0.608942,0.319786,0.525876,-0.374196,-0.058220,0.277119,-0.488412,0.455184,0.042859,-0.386133,0.316735,0.295251,-1.698159,1.586011,3.743752,-0.464787,0.026960,-0.001126,0.008302,0.001823,0.001095,-0.000466,0.002112
22.346028,0.610394,-0.629094,-0.109822,0.584149,-0.964204,0.606266,0.319135,0.519219,-0.376047,-0.062209,0.277321,-0.488200,0.455115,0.042953,-0.386105,0.316739,0.295259,-1.698158,1.586013,3.743750,-0.464789,0.027375,0.001180,0.008178,0.000996,0.002259,-0.000998,0.000606
22.346975,0.608115,-0.633031,-0.107412,0.583982,-0.964666,0.605214,0.320748,0.511779,-0.375900,-0.066937,0.276696,-0.487923,0.454960,0.043037,-0.386080,0.316735,0.295267,-1.698160,1.586008,3.743754,-0.464782,0.026406,-0.000149,0.008246,0.000385,0.000495,0.000053,0.003558
22.347991,0.606171,-0.631725,-0.108443,0.585012,-0.964497,0.605151,0.321602,0.505819,-0.376382,-0.070509,0.276456,-0.487749,0.454744,0.043123,-0.386053,0.316740,0.295272,-1.698160,1.586008,3.743752,-0.464785,0.026789,0.001302,0.006657,0.000296,0.000736,-0.000391,0.001816
22.348967,0.606829,-0.630031,-0.109646,0.583924,-0.963516,0.603129,0.322113,0.502418,-0.378340,-0.072028,0.277002,-0.487706,0.454481,0.043207,-0.386025,0.316737,0.295278,-1.698163,1.586007,3.743750,-0.464783,0.026953,0.000147,0.006774,-0.000937,0.000328,-0.001936,0.001738
22.350034,0.604481,-0.633122,-0.110078,0.584046,-0.964420,0.600099,0.323437,0.500871,-0.379232,-0.072140,0.277266,-0.487636,0.454099,0.043294,-0.386001,0.316734,0.295284,-1.698161,1.586005,3.743752,-0.464782,0.025872,-0.001169,0.006974,-0.000135,-0.000882,-0.001451,0.002281
22.350977,0.605434,-0.636164,-0.111547,0.582990,-0.963203,0.598327,0.323975,0.500820,-0.376053,-0.071223,0.275764,-0.487351,0.453467,0.043390,-0.385974,0.316736,0.295291,-1.698161,1.586007,3.743754,-0.464782,0.026231,-0.000166,0.006754,-0.000557,-0.000245,-0.000109,0.001327
22.351993,0.600458,-0.636254,-0.111527,0.583583,-0.964743,0.597025,0.325376,0.502393,-0.371717,-0.069056,0.273602,-0.486973,0.452701,0.043494,-0.385950,0.316739,0.295297,-1.698159,1.586005,3.743754,-0.464780,0.025015,0.000835,0.007104,0.000213,-0.001699,0.000158,0.001764
22.353080,0.603527,-0.640235,-0.112381,0.582590,-0.965035,0.596223,0.325659,0.504637,-0.369067,-0.066305,0.272030,-0.486632,0.451968,0.043605,-0.385921,0.316739,0.295305,-1.698161,1.586008,3.743751,-0.464781,0.026705,0.000347,0.006654,-0.000627,-0.000406,-0.000132,0.000576
22.353969,0.600537,-0.638496,-0.111735,0.582559,-0.964530,0.594233,0.326698,0.507052,-0.368952,-0.063357,0.271476,-0.486400,0.451348,0.043727,-0.385901,0.316745,0.295311,-1.698159,1.586012,3.743748,-0.464776,0.024386,0.001732,0.006644,0.000044,-0.000436,-0.001036,0.001752
22.354958,0.601327,-0.637163,-0.112336,0.582548,-0.965645,0.593218,0.328233,0.511294,-0.371147,-0.058924,0.271622,-0.486310,0.450814,0.043864,-0.385874,0.316742,0.295315,-1.698159,1.586007,3.743749,-0.464776,0.025174,0.000421,0.005970,-0.000174,-0.001122,-0.000444,0.001079
22.355965,0.598774,-0.641141,-0.110990,0.582570,-0.965880,0.591460,0.328254,0.517901,-0.371878,-0.052732,0.270739,-0.486196,0.450180,0.044012,-0.385853,0.316740,0.295320,-1.698161,1.586008,3.743748,-0.464779,0.024043,-0.000719,0.005898,-0.000393,-0.000243,-0.000997,-0.000407
22.356988,0.598123,-0.639024,-0.113691,0.582115,-0.966965,0.589392,0.329488,0.526546,-0.369925,-0.045081,0.268492,-0.486024,0.449385,0.044181,-0.385829,0.316743,0.295323,-1.698162,1.586010,3.743749,-0.464773,0.024569,0.000741,0.004837,-0.000655,-0.000288,-0.000829,0.001168
22.358002,0.595378,-0.642270,-0.114281,0.581678,-0.967556,0.588483,0.330434,0.536312,-0.367030,-0.036622,0.265827,-0.485885,0.448528,0.044386,-0.385806,0.316739,0.295331,-1.698163,1.586012,3.743750,-0.464774,0.024135,-0.000824,0.005768,-0.000460,0.000536,-0.000385,0.000319
22.359118,0.594554,-0.644386,-0.113751,0.582244,-0.966293,0.586475,0.329896,0.544717,-0.362828,-0.029355,0.262737,-0.485720,0.447657,0.044625,-0.385781,0.316741,0.295335,-1.698163,1.586012,3.743750,-0.464774,0.024743,0.000285,0.005664,-0.000293,0.000876,-0.001086,0.000056
22.359990,0.596831,-0.644011,-0.111769,0.581814,-0.969082,0.584894,0.331168,0.550859,-0.359244,-0.023929,0.260148,-0.485588,0.446887,0.044903,-0.385757,0.316744,0.295341,-1.698165,1.586004,3.743750,-0.464766,0.024331,0.000743,0.004953,-0.001119,-0.000602,-0.000838,0.002917
22.361045,0.596090,-0.641862,-0.113666,0.580603,-0.967504,0.583833,0.331402,0.558080,-0.358401,-0.017550,0.258885,-0.485633,0.446191,0.045226,-0.385738,0.316742,0.295343,-1.698165,1.586012,3.743750,-0.464767,0.022546,0.000122,0.003643,-0.000914,0.001927,-0.000635,0.001730
22.362027,0.591397,-0.643168,-0.116895,0.581532,-0.968507,0.582240,0.332450,0.569832,-0.356733,-0.007557,0.257000,-0.485698,0.445300,0.045573,-0.385717,0.316739,0.295349,-1.698163,1.586009,3.743750,-0.464762,0.022189,-0.001466,0.004191,-0.000030,0.000077,-0.001246,0.002954
22.362963,0.592305,-0.647704,-0.116717,0.580459,-0.968922,0.580301,0.332448,0.582451,-0.350264,0.002936,0.252854,-0.485491,0.444161,0.045907,-0.385689,0.316739,0.295357,-1.698167,1.586007,3.743750,-0.464761,0.023762,-0.001300,0.005387,-0.001152,0.000887,-0.001200,0.002408
22.363993,0.589528,-0.646259,-0.116281,0.580842,-0.967757,0.578875,0.333201,0.591072,-0.341808,0.010104,0.248189,-0.485089,0.443048,0.046206,-0.385669,0.316745,0.295361,-1.698165,1.586007,3.743751,-0.464755,0.022595,0.000437,0.004919,-0.000355,0.001059,-0.000745,0.003907
22.365014,0.591334,-0.647231,-0.118100,0.579494,-0.967129,0.576140,0.334978,0.596572,-0.335193,0.014815,0.244653,-0.484691,0.442102,0.046477,-0.385645,0.316743,0.295362,-1.698167,1.586008,3.743750,-0.464751,0.023236,-0.000816,0.004339,-0.000988,-0.000382,-0.000944,0.004016
22.366194,0.588877,-0.652244,-0.118656,0.579171,-0.968444,0.574599,0.335258,0.601034,-0.328718,0.018722,0.241178,-0.484196,0.441175,0.046709,-0.385627,0.316744,0.295368,-1.698165,1.586006,3.743751,-0.464755,0.021619,-0.000844,0.004854,0.000058,-0.001240,0.000180,0.002092
22.367090,0.589085,-0.651411,-0.116305,0.579524,-0.969053,0.573826,0.336848,0.605453,-0.322451,0.022653,0.237550,-0.483595,0.440242,0.046896,-0.385604,0.316748,0.295373,-1.698165,1.586008,3.743751,-0.464750,0.022038,0.001027,0.004673,0.000053,-0.000216,-0.000159,0.003435
22.368013,0.587240,-0.655457,-0.120266,0.579171,-0.970084,0.571540,0.336739,0.611014,-0.319641,0.027689,0.235211,-0.483113,0.439421,0.047060,-0.385584,0.316746,0.295374,-1.698167,1.586009,3.743750,-0.464751,0.021264,0.000149,0.003168,-0.000494,0.000160,-0.000797,0.001659
22.368971,0.585490,-0.653374,-0.123244,0.579734,-0.968162,0.569933,0.337600,0.617745,-0.321346,0.033886,0.234892,-0.482883,0.438750,0.047218,-0.385563,0.316750,0.295381,-1.698166,1.586013,3.743751,-0.464744,0.021508,0.001680,0.004791,-0.000420,0.000927,0.000035,0.003359
22.370095,0.583246,-0.656128,-0.122372,0.577603,-0.968621,0.568033,0.338684,0.622059,-0.326261,0.038279,0.236400,-0.482832,0.438258,0.047371,-0.385542,0.316744,0.295391,-1.698167,1.586006,3.743751,-0.464741,0.021688,0.000190,0.005840,-0.001219,-0.001198,0.000119,0.003143
22.371076,0.582595,-0.658443,-0.123451,0.578476,-0.969515,0.566956,0.338668,0.621161,-0.331154,0.038480,0.238322,-0.482724,0.437889,0.047519,-0.385520,0.316745,0.295393,-1.698163,1.586007,3.743751,-0.464742,0.022018,0.001001,0.004981,0.000538,-0.001000,0.000243,0.002775
22.371999,0.581979,-0.655831,-0.125054,0.578521,-0.970143,0.565871,0.339253,0.616527,-0.335568,0.035669,0.240083,-0.482516,0.437601,0.047681,-0.385498,0.316749,0.295398,-1.698165,1.586009,3.743751,-0.464731,0.021617,0.001619,0.005142,-0.000581,-0.000357,-0.000238,0.004353
22.373079,0.582044,-0.658284,-0.124331,0.577586,-0.968632,0.563220,0.339808,0.609874,-0.340121,0.031275,0.242015,-0.482316,0.437368,0.047878,-0.385477,0.316745,0.295404,-1.698167,1.586010,3.743750,-0.464727,0.021236,-0.000139,0.005572,-0.000824,0.000032,-0.000600,0.004629
22.373959,0.582941,-0.655374,-0.122379,0.577025,-0.970058,0.561416,0.340030,0.602709,-0.342522,0.026450,0.243100,-0.482050,0.437031,0.048107,-0.385459,0.316747,0.295405,-1.698165,1.586004,3.743750,-0.464721,0.020480,0.000541,0.004819,-0.000214,-0.001713,0.000351,0.005228
22.374980,0.577751,-0.660431,-0.122639,0.577409,-0.970586,0.560328,0.340974,0.598536,-0.340635,0.023950,0.241904,-0.481610,0.436389,0.048366,-0.385441,0.316743,0.295407,-1.698165,1.586005,3.743751,-0.464712,0.019403,-0.001343,0.003530,0.000106,-0.000487,0.000754,0.006157
22.376017,0.581297,-0.658680,-0.128434,0.575691,-0.969421,0.557791,0.341356,0.598426,-0.335294,0.024683,0.238746,-0.481051,0.435447,0.048643,-0.385416,0.316749,0.295410,-1.698167,1.586008,3.743750,-0.464707,0.021249,0.000633,0.003287,-0.000521,-0.000244,0.000222,0.005871
22.377007,0.579718,-0.661121,-0.125142,0.576394,-0.970670,0.556610,0.342921,0.599062,-0.328771,0.026064,0.234910,-0.480433,0.434423,0.048911,-0.385401,0.316744,0.295420,-1.698163,1.586004,3.743752,-0.464700,0.018774,-0.000742,0.005752,0.000845,-0.001642,0.001125,0.006750
22.378092,0.575682,-0.660056,-0.127753,0.576574,-0.971763,0.554888,0.342008,0.599770,-0.321147,0.027510,0.230368,-0.479725,0.433357,0.049151,-0.385382,0.316748,0.295419,-1.698165,1.586008,3.743752,-0.464697,0.018893,-0.000050,0.003736,-0.000098,-0.000661,0.000727,0.005170
22.379060,0.575195,-0.664449,-0.125067,0.575103,-0.973098,0.554335,0.342431,0.600655,-0.312846,0.029075,0.225581,-0.478999,0.432239,0.049368,-0.385359,0.316744,0.295427,-1.698167,1.586010,3.743752,-0.464680,0.020144,-0.001109,0.004619,-0.000513,0.000143,0.000739,0.008715
22.379976,0.573380,-0.666069,-0.126258,0.574382,-0.971520,0.552288,0.343303,0.600130,-0.305504,0.029527,0.221546,-0.478356,0.431190,0.049572,-0.385340,0.316748,0.295425,-1.698164,1.586012,3.743746,-0.464671,0.019682,0.000578,0.002953,0.000627,0.001224,-0.000216,0.009352
22.381011,0.573944,-0.670703,-0.129933,0.574969,-0.971822,0.550590,0.342872,0.599060,-0.301133,0.029654,0.218707,-0.477856,0.430327,0.049766,-0.385320,0.316748,0.295430,-1.698161,1.586007,3.743749,-0.464664,0.019929,0.000907,0.003204,0.001032,-0.000554,0.000381,0.009034
22.382054,0.571265,-0.664937,-0.129694,0.573911,-0.972956,0.548805,0.342957,0.597641,-0.302277,0.029725,0.218027,-0.477590,0.429782,0.049958,-0.385302,0.316755,0.295437,-1.698164,1.586004,3.743747,-0.464644,0.018938,0.002626,0.004616,0.000232,-0.000463,0.000452,0.011501
22.383008,0.568059,-0.665917,-0.128174,0.574397,-0.972167,0.547115,0.343814,0.594435,-0.306722,0.028484,0.218811,-0.477445,0.429478,0.050154,-0.385281,0.316748,0.295440,-1.698163,1.586007,3.743750,-0.464629,0.019549,-0.000755,0.004102,0.000985,0.000394,0.000569,0.012929
22.383974,0.572121,-0.667724,-0.129976,0.573143,-0.973358,0.546229,0.343994,0.588840,-0.307400,0.025195,0.218081,-0.477072,0.429078,0.050335,-0.385257,0.316749,0.295441,-1.698165,1.586002,3.743750,-0.464616,0.020423,-0.000732,0.002996,0.000279,-0.000601,0.000751,0.012673
22.384980,0.566187,-0.667218,-0.132629,0.572547,-0.974908,0.545049,0.344533,0.582887,-0.302919,0.021477,0.215065,-0.476419,0.428456,0.050496,-0.385244,0.316751,0.295445,-1.698163,1.586005,3.743748,-0.464599,0.017750,-0.000338,0.003545,0.001241,0.000341,0.000116,0.013805
22.385990,0.564537,-0.668456,-0.131043,0.572703,-0.972687,0.544704,0.344289,0.577541,-0.295547,0.018172,0.210548,-0.475596,0.427726,0.050643,-0.385219,0.316749,0.295452,-1.698161,1.586010,3.743747,-0.464581,0.019991,-0.001090,0.004460,0.001516,0.001600,-0.000286,0.014258
22.387049,0.563777,-0.669994,-0.131904,0.574849,-0.975012,0.542946,0.345492,0.569747,-0.285581,0.012790,0.204835,-0.474579,0.427016,0.050782,-0.385197,0.316749,0.295454,-1.698161,1.586005,3.743746,-0.464559,0.020057,-0.000977,0.003286,0.001080,-0.000861,-0.001545,0.016288
22.388004,0.560008,-0.674019,-0.134800,0.573537,-0.972477,0.542037,0.345378,0.559393,-0.275995,0.005348,0.199688,-0.473593,0.426434,0.050925,-0.385178,0.316751,0.295457,-1.698167,1.586011,3.743746,-0.464546,0.019720,-0.000772,0.003335,-0.001235,0.001191,-0.001443,0.015496
22.389011,0.560854,-0.675323,-0.132357,0.573136,-0.973319,0.539246,0.345297,0.547040,-0.271321,-0.003534,0.197483,-0.472934,0.426137,0.051083,-0.385155,0.316753,0.295464,-1.698165,1.586004,3.743746,-0.464527,0.020894,0.000734,0.004393,-0.000190,-0.001559,-0.002051,0.017203
22.390010,0.557957,-0.673846,-0.132698,0.573380,-0.975110,0.537684,0.345779,0.532755,-0.273058,-0.013777,0.198568,-0.472593,0.426201,0.051289,-0.385138,0.316754,0.295464,-1.698165,1.586003,3.743746,-0.464506,0.019764,0.000856,0.002814,-0.000070,-0.000925,-0.000839,0.018892
22.391065,0.560041,-0.678070,-0.132639,0.573162,-0.973889,0.535770,0.346225,0.519508,-0.278623,-0.023095,0.201357,-0.472437,0.426399,0.051579,-0.385116,0.316750,0.295469,-1.698165,1.586007,3.743746,-0.464485,0.020502,-0.000356,0.002601,-0.000590,0.000593,-0.000867,0.019428
22.391999,0.558079,-0.676376,-0.131401,0.572906,-0.974350,0.534926,0.346916,0.509684,-0.285944,-0.029636,0.204894,-0.472429,0.426531,0.051962,-0.385100,0.316755,0.295471,-1.698165,1.586005,3.743747,-0.464464,0.018753,0.001184,0.002197,-0.000652,-0.000901,-0.000624,0.020141
22.393091,0.556061,-0.678832,-0.135624,0.572926,-0.975936,0.532439,0.347056,0.504939,-0.294897,-0.032074,0.208921,-0.472575,0.426556,0.052436,-0.385079,0.316752,0.295472,-1.698165,1.586007,3.743746,-0.464442,0.019065,-0.000129,0.001253,-0.000648,-0.000671,-0.001257,0.020161
22.394130,0.556232,-0.680903,-0.135997,0.570702,-0.974806,0.530788,0.347536,0.502472,-0.312427,-0.031508,0.216349,-0.472988,0.426334,0.053577,-0.385041,0.316754,0.295482,-1.698161,1.586008,3.743748,-0.464395,0.018522,0.001041,0.002728,0.000907,-0.000763,-0.000496,0.022149
22.395177,0.554989,-0.683941,-0.136095,0.571931,-0.976174,0.529036,0.348534,0.502472,-0.312427,-0.031508,0.216349,-0.472988,0.426334,0.053577,-0.385041,0.316754,0.295482,-1.698161,1.586008,3.743748,-0.464395,0.018522,0.001041,0.002728,0.000907,-0.000763,-0.000496,0.022149
22.395985,0.554357,-0.682968,-0.138322,0.571415,-0.975990,0.527313,0.348224,0.501389,-0.321651,-0.031219,0.219840,-0.473228,0.426242,0.054166,-0.385022,0.316755,0.295483,-1.698165,1.586010,3.743749,-0.464373,0.018439,0.002010,0.002410,-0.000552,0.000346,-0.000403,0.021730
22.397105,0.551595,-0.685247,-0.137483,0.569152,-0.976349,0.524609,0.350093,0.500825,-0.332684,-0.030518,0.223964,-0.473615,0.426197,0.054728,-0.385005,0.316754,0.295488,-1.698166,1.586007,3.743749,-0.464348,0.018174,0.001114,0.003209,-0.000203,-0.000022,0.000044,0.023566
22.398008,0.553801,-0.684863,-0.138144,0.570065,-0.976229,0.523513,0.349645,0.499626,-0.343023,-0.030417,0.227635,-0.473979,0.426124,0.055238,-0.384986,0.316755,0.295488,-1.698163,1.586008,3.743748,-0.464331,0.018805,0.001677,0.002393,0.001702,0.000057,0.000991,0.021511
22.399001,0.553775,-0.687290,-0.141576,0.570663,-0.977797,0.522665,0.351055,0.498661,-0.350421,-0.030290,0.229509,-0.474156,0.425928,0.055691,-0.384971,0.316754,0.295491,-1.698164,1.586008,3.743748,-0.464299,0.017078,0.001033,0.002395,0.000526,-0.000288,0.000646,0.023771
22.399980,0.552955,-0.688471,-0.139068,0.572265,-0.977949,0.521578,0.351280,0.499520,-0.356436,-0.028797,0.230528,-0.474319,0.425629,0.056098,-0.384954,0.316755,0.295496,-1.698165,1.586009,3.743746,-0.464282,0.016437,0.001734,0.003735,-0.000298,0.001036,-0.000072,0.022434
22.401022,0.550311,-0.687499,-0.140574,0.569706,-0.978345,0.519854,0.351396,0.502324,-0.364509,-0.025734,0.232867,-0.474757,0.425356,0.056470,-0.384940,0.316757,0.295495,-1.698171,1.586008,3.743746,-0.464256,0.016224,0.001795,0.002142,-0.002041,0.000947,-0.000530,0.023467
22.401983,0.550122,-0.687561,-0.140920,0.569292,-0.979256,0.518408,0.352512,0.506475,-0.374202,-0.021609,0.236437,-0.475424,0.425109,0.056829,-0.384921,0.316753,0.295499,-1.698167,1.586008,3.743746,-0.464230,0.016837,0.000817,0.002510,0.000183,0.001087,-0.000444,0.024802
22.402954,0.547921,-0.687870,-0.139128,0.570946,-0.978603,0.516546,0.352450,0.510584,-0.380426,-0.017722,0.238488,-0.475929,0.424738,0.057190,-0.384906,0.316755,0.295503,-1.698165,1.586011,3.743746,-0.464208,0.016293,0.000346,0.002320,0.000273,0.001737,-0.000519,0.023998
22.403991,0.545835,-0.690548,-0.145456,0.568434,-0.979401,0.513623,0.353737,0.514337,-0.381748,-0.014353,0.238353,-0.476183,0.424182,0.057565,-0.384888,0.316754,0.295502,-1.698171,1.586007,3.743746,-0.464177,0.016736,0.000022,0.001095,-0.001523,0.000867,-0.000187,0.025574
22.405053,0.547354,-0.691347,-0.143951,0.569024,-0.979526,0.511796,0.354437,0.516192,-0.380360,-0.012627,0.237334,-0.476291,0.423554,0.057952,-0.384871,0.316755,0.295511,-1.698164,1.586010,3.743748,-0.464154,0.017080,0.000822,0.003847,0.000587,0.001400,0.001090,0.024543
22.406183,0.545346,-0.692481,-0.145455,0.569863,-0.978468,0.510154,0.354458,0.514496,-0.377618,-0.013831,0.235881,-0.476259,0.422959,0.058334,-0.384858,0.316755,0.295510,-1.698164,1.586008,3.743748,-0.464128,0.015654,0.000670,0.002711,-0.000324,0.001274,0.001227,0.024750
22.407011,0.545236,-0.692215,-0.143109,0.571637,-0.980433,0.510529,0.354425,0.511438,-0.375086,-0.016141,0.234578,-0.476217,0.422383,0.058719,-0.384840,0.316755,0.295513,-1.698168,1.586006,3.743747,-0.464098,0.015929,0.000662,0.003066,-0.001382,-0.000059,0.001084,0.026412
22.408024,0.543097,-0.691343,-0.144312,0.567408,-0.980132,0.508049,0.354978,0.509082,-0.374558,-0.017808,0.234604,-0.476367,0.421825,0.059126,-0.384827,0.316755,0.295510,-1.698174,1.586013,3.743743,-0.464067,0.015439,0.000102,0.001638,-0.003240,0.001662,-0.000591,0.027674
22.409014,0.543909,-0.693686,-0.145295,0.567416,-0.978495,0.506866,0.355601,0.508048,-0.373831,-0.018419,0.234805,-0.476593,0.421209,0.059556,-0.384810,0.316754,0.295512,-1.698164,1.586010,3.743745,-0.464039,0.015834,-0.000833,0.001892,0.000537,0.001118,0.000302,0.028070
22.410090,0.542439,-0.695424,-0.145430,0.567057,-0.977570,0.504777,0.355766,0.508278,-0.368766,-0.018187,0.232415,-0.476541,0.420429,0.060001,-0.384796,0.316754,0.295515,-1.698163,1.586007,3.743744,-0.464010,0.014784,-0.000150,0.002022,0.000205,-0.000747,-0.000084,0.028290
22.411046,0.539378,-0.697722,-0.146989,0.567301,-0.978986,0.502515,0.355418,0.511222,-0.353758,-0.015937,0.223009,-0.475795,0.418811,0.060948,-0.384762,0.316755,0.295518,-1.698165,1.586009,3.743747,-0.463945,0.015712,0.000812,0.002157,-0.000187,-0.000746,0.001047,0.031665
22.412021,0.537916,-0.696096,-0.148232,0.567420,-0.979041,0.500472,0.356536,0.509891,-0.348480,-0.016985,0.219229,-0.475419,0.418186,0.061439,-0.384746,0.316752,0.295522,-1.698167,1.586008,3.743748,-0.463917,0.015788,-0.000472,0.002401,-0.000526,-0.000929,0.001540,0.030849
22.413075,0.538436,-0.698471,-0.144351,0.566648,-0.978764,0.499119,0.356838,0.509891,-0.348480,-0.016985,0.219229,-0.475419,0.418186,0.061439,-0.384746,0.316752,0.295522,-1.698167,1.586008,3.743748,-0.463917,0.015788,-0.000472,0.002401,-0.000526,-0.000929,0.001540,0.030849
22.413969,0.535449,-0.698961,-0.148871,0.566334,-0.980492,0.498266,0.358029,0.507094,-0.343513,-0.019186,0.215865,-0.475069,0.417570,0.061920,-0.384732,0.316754,0.295517,-1.698165,1.586007,3.743748,-0.463883,0.014857,0.000173,0.000142,-0.000073,-0.001462,0.001218,0.031810
22.415035,0.534243,-0.699205,-0.146634,0.564415,-0.979598,0.496588,0.358143,0.505199,-0.338824,-0.020636,0.212649,-0.474766,0.416921,0.062387,-0.384714,0.316754,0.295523,-1.698165,1.586010,3.743747,-0.463855,0.015734,-0.000046,0.002075,-0.000005,0.000035,0.000658,0.030727
22.416023,0.533853,-0.700283,-0.145197,0.565088,-0.980863,0.495851,0.359053,0.502622,-0.333478,-0.022657,0.209041,-0.474412,0.416288,0.062829,-0.384698,0.316752,0.295520,-1.698163,1.586008,3.743745,-0.463820,0.015638,-0.000445,0.000609,0.001592,-0.001125,0.000667,0.032091
22.417053,0.530783,-0.703714,-0.146444,0.565772,-0.979457,0.494345,0.360157,0.500360,-0.326230,-0.024484,0.204235,-0.473940,0.415608,0.063243,-0.384684,0.316750,0.295518,-1.698165,1.586010,3.743744,-0.463788,0.015093,-0.000497,-0.000486,0.000605,-0.000158,-0.000425,0.031921
22.418032,0.532624,-0.705936,-0.149551,0.564393,-0.980557,0.492308,0.360061,0.500285,-0.319977,-0.024444,0.199744,-0.473577,0.414944,0.063634,-0.384667,0.316753,0.295518,-1.698166,1.586006,3.743744,-0.463759,0.015748,0.000438,-0.000345,-0.000489,-0.001909,-0.001059,0.031655
22.418971,0.529276,-0.704585,-0.151300,0.566019,-0.981423,0.489366,0.361638,0.501254,-0.318087,-0.023281,0.197422,-0.473500,0.414468,0.064013,-0.384657,0.316755,0.295520,-1.698163,1.586010,3.743744,-0.463722,0.014026,0.000805,0.000722,0.000446,-0.001163,-0.001052,0.033683
22.420020,0.527052,-0.707404,-0.150642,0.563220,-0.981420,0.487427,0.362018,0.501812,-0.319502,-0.022216,0.196969,-0.473645,0.414134,0.064405,-0.384642,0.316752,0.295524,-1.698169,1.586007,3.743746,-0.463692,0.014913,-0.000528,0.001102,-0.001462,-0.000593,-0.000067,0.032249
22.420972,0.524950,-0.709085,-0.150208,0.561620,-0.982323,0.484455,0.362259,0.500504,-0.321081,-0.022598,0.197120,-0.473827,0.413800,0.064828,-0.384626,0.316754,0.295523,-1.698163,1.586006,3.743747,-0.463654,0.015135,0.000112,0.000277,0.000811,-0.000951,-0.000329,0.033463
22.421972,0.522418,-0.710497,-0.154035,0.564327,-0.982673,0.483244,0.363138,0.497761,-0.321024,-0.024211,0.196459,-0.473845,0.413409,0.065294,-0.384611,0.316754,0.295521,-1.698161,1.586008,3.743748,-0.463617,0.015362,0.000255,-0.000370,0.001960,-0.000390,0.000667,0.034738
22.423050,0.522756,-0.709368,-0.154046,0.562662,-0.982148,0.481483,0.364143,0.493478,-0.320307,-0.027107,0.195367,-0.473732,0.413020,0.065801,-0.384594,0.316754,0.295525,-1.698167,1.586008,3.743745,-0.463581,0.015759,0.000231,0.001037,-0.001046,-0.000398,-0.000197,0.034824
22.424001,0.522357,-0.712419,-0.152271,0.563493,-0.983447,0.478526,0.365596,0.486666,-0.319580,-0.032018,0.194791,-0.473611,0.412670,0.066328,-0.384582,0.316750,0.295524,-1.698165,1.586007,3.743743,-0.463546,0.014713,-0.001087,0.000527,0.000167,-0.001288,-0.000665,0.034827
22.424970,0.522397,-0.714247,-0.156985,0.562136,-0.983845,0.476273,0.365246,0.480441,-0.317979,-0.036437,0.194203,-0.473506,0.412237,0.066868,-0.384571,0.316752,0.295521,-1.698169,1.586010,3.743745,-0.463515,0.014151,-0.000251,-0.000791,-0.000985,-0.000331,0.000317,0.033688
22.425948,0.523630,-0.716106,-0.155692,0.560904,-0.983127,0.475080,0.365612,0.477578,-0.316906,-0.038080,0.193929,-0.473528,0.411696,0.067428,-0.384559,0.316753,0.295527,-1.698166,1.586008,3.743745,-0.463472,0.013333,-0.000065,0.001071,-0.000085,-0.000255,0.000547,0.036194
22.426958,0.521704,-0.716523,-0.158066,0.561810,-0.985446,0.473061,0.365892,0.478291,-0.317127,-0.036822,0.193952,-0.473662,0.411102,0.068011,-0.384549,0.316754,0.295525,-1.698163,1.586005,3.743743,-0.463431,0.011940,0.000147,-0.000053,0.000682,-0.001291,-0.000296,0.037237
22.428008,0.518740,-0.718577,-0.159948,0.560482,-0.985614,0.470851,0.366037,0.482845,-0.317868,-0.032575,0.193703,-0.473832,0.410446,0.068614,-0.384536,0.316752,0.295526,-1.698167,1.586010,3.743743,-0.463391,0.012093,-0.000365,0.000663,-0.000559,0.000658,-0.000370,0.038538
22.428978,0.520450,-0.720217,-0.160820,0.561333,-0.984755,0.468286,0.367029,0.492794,-0.320222,-0.023886,0.193705,-0.474284,0.409206,0.069811,-0.384515,0.316752,0.295528,-1.698167,1.586008,3.743743,-0.463306,0.011103,0.000017,0.001045,-0.000918,-0.000739,0.000208,0.039950
22.429944,0.517759,-0.724777,-0.160910,0.560495,-0.984697,0.466250,0.367002,0.492794,-0.320222,-0.023886,0.193705,-0.474284,0.409206,0.069811,-0.384515,0.316752,0.295528,-1.698167,1.586008,3.743743,-0.463306,0.011103,0.000017,0.001045,-0.000918,-0.000739,0.000208,0.039950
22.431044,0.514568,-0.726072,-0.163643,0.559222,-0.985743,0.465121,0.368102,0.497228,-0.324271,-0.020113,0.195228,-0.474689,0.408753,0.070379,-0.384502,0.316755,0.295526,-1.698167,1.586005,3.743742,-0.463260,0.011659,0.001564,0.000648,-0.000464,-0.001098,0.000235,0.041772
22.432017,0.512298,-0.723700,-0.164595,0.560165,-0.985286,0.462011,0.367810,0.500768,-0.332392,-0.017065,0.198604,-0.475269,0.408546,0.070909,-0.384488,0.316755,0.295528,-1.698165,1.586010,3.743740,-0.463218,0.012351,0.001393,0.001481,0.000319,-0.000468,-0.000920,0.041586
22.433054,0.514382,-0.728557,-0.162364,0.558764,-0.986498,0.459743,0.368473,0.500256,-0.340997,-0.017391,0.202387,-0.475790,0.408511,0.071384,-0.384475,0.316750,0.295528,-1.698168,1.586008,3.743743,-0.463173,0.012681,-0.000453,0.001486,-0.000987,-0.001260,0.000165,0.043962
22.433989,0.515291,-0.728541,-0.167191,0.558413,-0.985306,0.457935,0.369423,0.497584,-0.347360,-0.019603,0.205396,-0.476180,0.408412,0.071828,-0.384469,0.316754,0.295524,-1.698165,1.586009,3.743744,-0.463129,0.010851,0.001211,-0.000093,-0.000044,-0.000392,0.000261,0.044514
22.435002,0.509972,-0.731151,-0.165916,0.557234,-0.987582,0.455506,0.369820,0.497671,-0.352852,-0.019655,0.207762,-0.476564,0.408165,0.072274,-0.384463,0.316752,0.295530,-1.698165,1.586004,3.743745,-0.463083,0.009706,0.000523,0.001843,-0.000092,-0.001883,0.000119,0.044294
22.436010,0.512343,-0.729559,-0.167522,0.558186,-0.986936,0.452809,0.371134,0.499829,-0.357589,-0.018123,0.209406,-0.476898,0.407820,0.072725,-0.384448,0.316754,0.295528,-1.698163,1.586008,3.743744,-0.463035,0.011538,0.001079,0.000714,0.000628,0.000032,0.000450,0.045346
22.437003,0.509793,-0.732578,-0.167985,0.556911,-0.988726,0.451456,0.371519,0.501914,-0.360306,-0.016810,0.210080,-0.477101,0.407360,0.073168,-0.384442,0.316750,0.295530,-1.698167,1.586006,3.743745,-0.462991,0.009568,-0.000421,0.001030,-0.000666,-0.000969,0.001049,0.044536
22.438055,0.510261,-0.733742,-0.170092,0.555198,-0.989092,0.449466,0.372292,0.504847,-0.360537,-0.015009,0.209732,-0.477206,0.406722,0.073586,-0.384431,0.316753,0.295530,-1.698165,1.586012,3.743744,-0.462941,0.010073,0.000347,0.000779,0.000180,0.000447,0.000326,0.045572
22.438973,0.509464,-0.731806,-0.169344,0.556475,-0.988561,0.447283,0.372553,0.508811,-0.358645,-0.012582,0.208279,-0.477214,0.405968,0.073960,-0.384423,0.316754,0.295530,-1.698161,1.586009,3.743744,-0.462894,0.009035,0.000148,0.001335,0.001371,0.000466,0.000133,0.045935
22.439950,0.508721,-0.735084,-0.170442,0.554889,-0.989951,0.445203,0.371466,0.513848,-0.353795,-0.009511,0.205177,-0.477065,0.405087,0.074289,-0.384414,0.316750,0.295528,-1.698165,1.586007,3.743742,-0.462843,0.008715,-0.001455,0.000533,-0.000218,-0.000377,0.000419,0.047055
22.441008,0.503807,-0.736414,-0.170408,0.555908,-0.990157,0.443969,0.371818,0.520507,-0.345541,-0.005324,0.200397,-0.476777,0.404012,0.074599,-0.384407,0.316751,0.295529,-1.698163,1.586008,3.743741,-0.462787,0.008344,-0.000519,0.000624,0.000955,0.000682,0.000473,0.050986
22.442004,0.506592,-0.740849,-0.172671,0.554524,-0.989392,0.440865,0.371817,0.527162,-0.336583,-0.001171,0.195389,-0.476487,0.402899,0.074910,-0.384394,0.316750,0.295529,-1.698166,1.586008,3.743739,-0.462734,0.009964,-0.000619,0.000099,-0.000467,0.000511,-0.000492,0.052158
22.443032,0.505251,-0.740933,-0.170215,0.554480,-0.990480,0.439163,0.372200,0.532299,-0.330470,0.001913,0.191880,-0.476351,0.401960,0.075220,-0.384391,0.316754,0.295529,-1.698163,1.586006,3.743743,-0.462676,0.007826,0.000842,0.000766,0.000469,-0.000584,0.000534,0.053928
22.444075,0.503941,-0.740401,-0.172921,0.554639,-0.991091,0.436972,0.372206,0.538374,-0.328658,0.005990,0.190233,-0.476449,0.401195,0.075545,-0.384384,0.316750,0.295526,-1.698163,1.586008,3.743741,-0.462620,0.007745,0.000163,-0.000948,0.000074,0.000152,0.000096,0.054985
22.444989,0.502612,-0.742323,-0.172050,0.553389,-0.991687,0.435283,0.371976,0.546914,-0.328845,0.012216,0.189362,-0.476697,0.400444,0.075899,-0.384376,0.316749,0.295529,-1.698165,1.586008,3.743742,-0.462558,0.007617,-0.000862,-0.000097,-0.000466,0.000399,0.000119,0.056816
22.445973,0.501287,-0.744067,-0.175958,0.552906,-0.991330,0.433426,0.372632,0.556175,-0.327989,0.019066,0.188136,-0.476936,0.399613,0.076278,-0.384370,0.316752,0.295525,-1.698163,1.586009,3.743742,-0.462493,0.007592,-0.000580,-0.000941,0.000371,0.000664,-0.000097,0.058852
22.447025,0.499166,-0.743184,-0.177728,0.552385,-0.991531,0.431349,0.372559,0.564266,-0.325674,0.024983,0.186287,-0.477084,0.398754,0.076657,-0.384363,0.316752,0.295527,-1.698163,1.586008,3.743741,-0.462430,0.007519,-0.000427,0.000546,0.000443,-0.000027,-0.000279,0.059234
22.447981,0.497191,-0.747420,-0.176717,0.552278,-0.992034,0.429234,0.373357,0.568731,-0.321318,0.027964,0.183596,-0.477046,0.397925,0.077001,-0.384355,0.316748,0.295529,-1.698163,1.586008,3.743742,-0.462363,0.007782,-0.001602,0.000894,0.000531,-0.000192,-0.000396,0.061237
22.449078,0.500701,-0.745944,-0.178556,0.553077,-0.992538,0.426921,0.374264,0.568736,-0.315127,0.027358,0.180308,-0.476832,0.397147,0.077290,-0.384347,0.316751,0.295527,-1.698163,1.586008,3.743742,-0.462301,0.008035,-0.000190,-0.000055,0.000242,-0.000016,-0.000267,0.061286
22.450065,0.501582,-0.746739,-0.179816,0.550333,-0.991475,0.425544,0.373897,0.567607,-0.309469,0.025960,0.177515,-0.476663,0.396393,0.077512,-0.384345,0.316747,0.295525,-1.698165,1.586009,3.743741,-0.462238,0.005496,-0.001708,0.000381,-0.000967,0.000101,-0.000233,0.061411
22.450986,0.499189,-0.750048,-0.180737,0.550742,-0.992402,0.423502,0.374009,0.569681,-0.302990,0.027212,0.174243,-0.476535,0.395482,0.077688,-0.384343,0.316747,0.295524,-1.698159,1.586006,3.743738,-0.462170,0.004382,-0.002022,0.000547,0.001271,-0.001287,-0.000902,0.063869
22.451983,0.496652,-0.753865,-0.183758,0.550897,-0.992710,0.421744,0.373421,0.575442,-0.294276,0.031425,0.169376,-0.476302,0.394392,0.077857,-0.384337,0.316748,0.295524,-1.698161,1.586007,3.743740,-0.462101,0.004912,-0.001028,0.000571,0.000497,-0.000665,-0.000781,0.065201
22.453054,0.496335,-0.755535,-0.179575,0.550039,-0.992836,0.419137,0.373423,0.581054,-0.287704,0.035650,0.165242,-0.476130,0.393435,0.078051,-0.384332,0.316751,0.295528,-1.698163,1.586007,3.743741,-0.462027,0.005446,0.000116,0.001571,-0.000023,-0.000709,-0.001106,0.068092
22.453968,0.492684,-0.758535,-0.180273,0.548818,-0.993070,0.416474,0.373044,0.585125,-0.286950,0.038888,0.163866,-0.476220,0.392787,0.078288,-0.384328,0.316750,0.295522,-1.698161,1.586007,3.743741,-0.461953,0.004836,0.000175,-0.000998,0.000361,-0.000955,-0.000721,0.069922
22.455026,0.495385,-0.756984,-0.184250,0.548805,-0.993798,0.413406,0.372787,0.589802,-0.291429,0.042868,0.164669,-0.476540,0.392344,0.078574,-0.384317,0.316750,0.295522,-1.698159,1.586007,3.743742,-0.461876,0.005938,0.001020,-0.001060,0.001168,-0.001035,0.000039,0.072205
22.456089,0.491644,-0.757703,-0.185669,0.548678,-0.993020,0.412305,0.373218,0.594939,-0.297955,0.047407,0.166111,-0.476917,0.391937,0.078897,-0.384319,0.316747,0.295526,-1.698159,1.586008,3.743742,-0.461796,0.003868,-0.000521,0.000394,0.000735,-0.000683,0.000908,0.074516
22.457008,0.494518,-0.759729,-0.185371,0.548422,-0.995729,0.410342,0.373166,0.598551,-0.302274,0.050763,0.166603,-0.477150,0.391419,0.079231,-0.384312,0.316747,0.295528,-1.698159,1.586005,3.743738,-0.461719,0.004973,-0.000921,0.000564,0.000426,-0.001811,-0.000194,0.075458
22.458004,0.490557,-0.761441,-0.182498,0.547069,-0.994689,0.408147,0.371779,0.600781,-0.303575,0.052972,0.165952,-0.477241,0.390768,0.079537,-0.384314,0.316747,0.295528,-1.698159,1.586010,3.743740,-0.461639,0.002922,-0.000574,-0.000030,0.000307,0.000569,-0.000149,0.077087
22.459111,0.491925,-0.767472,-0.186315,0.548398,-0.996329,0.406882,0.372637,0.604541,-0.303885,0.056397,0.164771,-0.477344,0.390023,0.079795,-0.384306,0.316746,0.295524,-1.698157,1.586006,3.743740,-0.461549,0.004169,-0.000427,-0.001912,0.001211,-0.000815,-0.000020,0.081520
22.459980,0.486283,-0.765914,-0.188229,0.547287,-0.997168,0.404083,0.371595,0.610862,-0.306921,0.062005,0.164605,-0.477662,0.389337,0.079996,-0.384306,0.316751,0.295527,-1.698161,1.586011,3.743736,-0.461468,0.002720,0.001742,-0.000527,-0.000506,0.000422,-0.001049,0.081653
22.460967,0.485649,-0.768204,-0.190529,0.546647,-0.996922,0.402589,0.372095,0.616056,-0.315186,0.066931,0.167065,-0.478298,0.388925,0.080129,-0.384297,0.316748,0.295528,-1.698161,1.586010,3.743739,-0.461376,0.004890,0.000329,-0.000008,0.000272,0.000960,-0.000052,0.085140
22.462083,0.485829,-0.769693,-0.189484,0.544918,-0.997500,0.401153,0.372856,0.615435,-0.325075,0.067252,0.170834,-0.478989,0.388752,0.080193,-0.384294,0.316748,0.295532,-1.698161,1.586009,3.743738,-0.461289,0.004483,0.000777,0.000628,0.000502,0.000376,-0.000627,0.085738
22.463042,0.484777,-0.772162,-0.193672,0.546319,-0.997052,0.398139,0.371546,0.609878,-0.333240,0.063524,0.173965,-0.479506,0.388674,0.080215,-0.384292,0.316749,0.295529,-1.698157,1.586008,3.743734,-0.461202,0.003625,0.000691,-0.000407,0.001689,0.000587,-0.001486,0.086097
22.463997,0.485446,-0.771795,-0.193296,0.545133,-0.998290,0.396033,0.372331,0.602782,-0.340349,0.058490,0.176446,-0.479916,0.388626,0.080249,-0.384290,0.316751,0.295531,-1.698161,1.586005,3.743737,-0.461102,0.003484,0.001212,0.001237,-0.000042,-0.000177,-0.000471,0.090272
22.464996,0.482096,-0.770267,-0.192888,0.545598,-0.998773,0.394484,0.370713,0.595068,-0.346963,0.052908,0.178766,-0.480296,0.388557,0.080340,-0.384289,0.316751,0.295530,-1.698159,1.586007,3.743736,-0.461012,0.002495,0.000320,0.000579,0.000734,0.000733,-0.000353,0.090208
22.465984,0.482620,-0.773879,-0.194672,0.545911,-0.998963,0.393333,0.371036,0.587644,-0.350492,0.047414,0.179861,-0.480544,0.388291,0.080498,-0.384282,0.316748,0.295530,-1.698162,1.586008,3.743734,-0.460904,0.003445,-0.001145,-0.000098,-0.000104,0.000855,-0.000876,0.095059
22.467010,0.482032,-0.775539,-0.195142,0.545344,-1.000296,0.389962,0.371198,0.580812,-0.350121,0.042228,0.179488,-0.480639,0.387803,0.080716,-0.384281,0.316750,0.295532,-1.698162,1.586008,3.743732,-0.460807,0.002487,-0.000056,0.000309,-0.000815,0.000701,-0.001774,0.095965
22.468095,0.480868,-0.776001,-0.198197,0.544676,-0.999549,0.387892,0.370982,0.575010,-0.349515,0.037840,0.179360,-0.480797,0.387259,0.080981,-0.384280,0.316748,0.295533,-1.698161,1.586011,3.743736,-0.460706,0.002083,0.000042,0.000041,-0.000672,0.001661,-0.000539,0.097293
22.469023,0.476996,-0.780445,-0.194795,0.544633,-0.999395,0.386080,0.371406,0.570356,-0.349555,0.034355,0.179688,-0.481053,0.386695,0.081293,-0.384277,0.316748,0.295534,-1.698161,1.586010,3.743737,-0.460603,0.001909,-0.000520,0.001041,-0.000453,0.000525,-0.000746,0.099492
22.469977,0.480564,-0.780562,-0.200261,0.544009,-0.998819,0.383943,0.370734,0.565686,-0.350091,0.030811,0.180284,-0.481348,0.386153,0.081653,-0.384269,0.316751,0.295530,-1.698163,1.586008,3.743737,-0.460502,0.003142,0.001002,-0.001083,-0.000755,0.000073,-0.000861,0.100078
22.471108,0.476760,-0.778960,-0.196699,0.543416,-0.999827,0.381614,0.370810,0.561218,-0.352687,0.027449,0.181722,-0.481734,0.385720,0.082053,-0.384272,0.316751,0.295534,-1.698163,1.586006,3.743734,-0.460391,0.000728,0.000351,0.001191,-0.000518,-0.000814,-0.000691,0.102906
22.472105,0.474593,-0.783293,-0.199889,0.543813,-1.001463,0.379432,0.369932,0.558085,-0.354623,0.025087,0.182632,-0.482068,0.385242,0.082483,-0.384268,0.316747,0.295530,-1.698163,1.586007,3.743733,-0.460285,0.001857,-0.001236,-0.001125,-0.000390,-0.000190,-0.000712,0.104584
22.473026,0.474937,-0.783072,-0.198804,0.543050,-1.000212,0.378090,0.370665,0.555501,-0.353755,0.023025,0.182252,-0.482248,0.384625,0.082918,-0.384267,0.316751,0.295533,-1.698165,1.586011,3.743734,-0.460169,0.002257,0.000191,0.000002,-0.001156,0.001071,-0.000605,0.107885
22.474066,0.470400,-0.783141,-0.201217,0.541988,-1.000352,0.376247,0.371009,0.552307,-0.352402,0.020442,0.181873,-0.482405,0.383997,0.083323,-0.384266,0.316751,0.295529,-1.698165,1.586007,3.743733,-0.460062,0.001449,-0.000611,-0.000959,-0.000760,-0.000489,-0.001181,0.107801
22.475041,0.472870,-0.786696,-0.203654,0.542615,-1.001874,0.373763,0.371620,0.547872,-0.349538,0.016823,0.180885,-0.482430,0.383360,0.083673,-0.384260,0.316749,0.295529,-1.698165,1.586007,3.743729,-0.459951,0.002970,-0.001309,-0.000232,-0.000122,-0.000694,-0.001475,0.108757
22.475964,0.470043,-0.786189,-0.203102,0.539727,-1.001135,0.370304,0.370026,0.541114,-0.344352,0.011299,0.178934,-0.482243,0.382721,0.083967,-0.384262,0.316751,0.295531,-1.698169,1.586010,3.743731,-0.459839,0.001079,-0.000248,0.000501,-0.001080,0.000475,-0.001024,0.109031
22.476987,0.471675,-0.789885,-0.205830,0.539455,-1.001173,0.368684,0.371008,0.533096,-0.338145,0.004793,0.176507,-0.481940,0.382090,0.084220,-0.384258,0.316749,0.295529,-1.698163,1.586008,3.743736,-0.459717,0.001852,-0.001168,-0.000208,0.001326,-0.000590,0.000498,0.113622
22.477974,0.467615,-0.790024,-0.206093,0.540027,-1.002122,0.365595,0.370462,0.525681,-0.330321,-0.001227,0.172836,-0.481468,0.381396,0.084430,-0.384261,0.316751,0.295531,-1.698163,1.586007,3.743732,-0.459604,0.000366,-0.000069,0.000664,0.001153,-0.000882,-0.000010,0.113200
22.479019,0.469299,-0.793296,-0.207592,0.538262,-1.001928,0.363191,0.371911,0.518665,-0.322165,-0.006898,0.168631,-0.480912,0.380699,0.084569,-0.384257,0.316749,0.295529,-1.698165,1.586008,3.743734,-0.459481,0.001716,-0.000711,0.000339,0.000218,-0.000273,0.001030,0.115804
22.480031,0.467349,-0.794084,-0.206759,0.539022,-1.002082,0.361809,0.371884,0.511642,-0.315366,-0.012504,0.165033,-0.480406,0.380058,0.084624,-0.384259,0.316753,0.295530,-1.698161,1.586006,3.743734,-0.459368,0.000165,0.000129,0.000579,0.001482,-0.000822,0.001249,0.114505
22.481045,0.466272,-0.793736,-0.209118,0.537981,-1.002752,0.359934,0.371392,0.506054,-0.310416,-0.016890,0.162162,-0.479994,0.379451,0.084615,-0.384258,0.316751,0.295527,-1.698163,1.586007,3.743730,-0.459248,0.000473,-0.000208,-0.000289,0.000326,-0.001021,0.000540,0.116132
22.481999,0.463748,-0.794392,-0.207804,0.539246,-1.002678,0.359081,0.370616,0.502227,-0.306447,-0.019833,0.159685,-0.479662,0.378833,0.084588,-0.384258,0.316751,0.295529,-1.698161,1.586007,3.743731,-0.459122,0.000327,-0.001120,0.000396,0.000925,-0.000702,0.000308,0.118650
22.483028,0.460887,-0.798976,-0.207823,0.535626,-1.003429,0.357258,0.369729,0.498577,-0.301520,-0.022657,0.157044,-0.479326,0.378158,0.084586,-0.384256,0.316751,0.295527,-1.698165,1.586008,3.743728,-0.458994,0.000934,-0.001481,-0.000708,-0.000661,-0.001123,-0.000815,0.121600
22.484058,0.465347,-0.801526,-0.208532,0.537734,-1.002337,0.354559,0.370475,0.494353,-0.296314,-0.025904,0.154409,-0.478977,0.377510,0.084618,-0.384253,0.316753,0.295523,-1.698157,1.586009,3.743727,-0.458861,0.001652,0.000049,-0.001136,0.002397,-0.000729,-0.001120,0.124905
22.485014,0.459131,-0.800124,-0.210216,0.536058,-1.004634,0.352394,0.369791,0.491622,-0.294028,-0.027754,0.152692,-0.478756,0.377010,0.084666,-0.384260,0.316753,0.295523,-1.698163,1.586005,3.743728,-0.458738,-0.001220,0.000567,-0.001260,-0.000053,-0.002155,-0.000560,0.124948
22.486110,0.460049,-0.805743,-0.211178,0.537192,-1.005893,0.350558,0.369994,0.491532,-0.295218,-0.027244,0.152236,-0.478745,0.376620,0.084717,-0.384253,0.316749,0.295522,-1.698159,1.586008,3.743730,-0.458602,0.001218,-0.000796,-0.000865,0.001181,-0.000186,-0.000396,0.127713
22.487098,0.460078,-0.807151,-0.211351,0.537868,-1.005309,0.348286,0.370127,0.491179,-0.298798,-0.026754,0.153093,-0.478913,0.376332,0.084759,-0.384257,0.316755,0.295522,-1.698163,1.586010,3.743726,-0.458471,0.000034,0.001181,-0.000909,-0.000344,0.000668,-0.000828,0.128956
22.488005,0.457670,-0.806730,-0.211237,0.536864,-1.005594,0.346622,0.370405,0.490621,-0.307652,-0.026125,0.156839,-0.479468,0.376248,0.084785,-0.384259,0.316755,0.295522,-1.698167,1.586008,3.743729,-0.458337,-0.000609,0.001139,-0.001296,-0.001318,-0.000252,-0.000617,0.130131
22.489040,0.457016,-0.808744,-0.210370,0.536875,-1.006760,0.344549,0.370916,0.491581,-0.321396,-0.023979,0.163266,-0.480410,0.376279,0.084798,-0.384257,0.316754,0.295520,-1.698166,1.586008,3.743727,-0.458203,-0.000017,0.000278,-0.001765,-0.000706,-0.000271,-0.000833,0.130850
22.490034,0.454742,-0.809707,-0.214086,0.534691,-1.005694,0.342611,0.371113,0.493820,-0.335582,-0.020677,0.170145,-0.481446,0.376242,0.084803,-0.384259,0.316752,0.295517,-1.698167,1.586012,3.743725,-0.458068,-0.000370,0.000567,-0.002649,-0.001121,0.000505,-0.000904,0.131358
22.491010,0.454958,-0.810081,-0.216957,0.534302,-1.007111,0.340623,0.370290,0.496223,-0.347845,-0.017195,0.176147,-0.482366,0.376093,0.084804,-0.384259,0.316751,0.295519,-1.698163,1.586008,3.743726,-0.457932,0.000111,0.000328,-0.001266,0.000579,-0.000889,-0.001038,0.132411
22.492011,0.453197,-0.812661,-0.216789,0.533572,-1.007779,0.337802,0.370903,0.496245,-0.355772,-0.015682,0.179973,-0.482933,0.375842,0.084793,-0.384261,0.316751,0.295520,-1.698163,1.586009,3.743726,-0.457790,-0.000640,-0.000198,-0.000321,0.000548,0.000200,-0.001079,0.135461
22.493063,0.452036,-0.814291,-0.217827,0.532766,-1.007692,0.334800,0.369053,0.493285,-0.358901,-0.016686,0.181422,-0.483129,0.375479,0.084769,-0.384261,0.316751,0.295519,-1.698161,1.586011,3.743726,-0.457655,-0.000419,0.000369,-0.000875,0.000820,0.000502,-0.000333,0.135669
22.494067,0.451595,-0.815260,-0.216289,0.533094,-1.006903,0.332966,0.370020,0.488850,-0.359382,-0.018948,0.181488,-0.483136,0.375020,0.084757,-0.384261,0.316751,0.295517,-1.698160,1.586010,3.743728,-0.457505,-0.000545,0.000420,-0.000826,0.001185,0.000053,0.000468,0.140924
22.495052,0.448247,-0.816013,-0.219138,0.533002,-1.007468,0.330701,0.369642,0.484809,-0.358594,-0.020911,0.180749,-0.483077,0.374454,0.084783,-0.384263,0.316751,0.295512,-1.698163,1.586008,3.743725,-0.457366,-0.000974,0.000172,-0.002030,0.000487,-0.001067,0.000220,0.140384
22.496098,0.446574,-0.817360,-0.221292,0.532447,-1.008901,0.328633,0.369716,0.481463,-0.356847,-0.022297,0.179578,-0.482992,0.373791,0.084844,-0.384261,0.316752,0.295514,-1.698163,1.586007,3.743726,-0.457218,0.000032,-0.000189,-0.001076,0.000182,-0.000821,0.000436,0.142544
22.497017,0.449570,-0.817608,-0.220725,0.532302,-1.009049,0.327272,0.369607,0.475905,-0.353900,-0.025431,0.178269,-0.482848,0.373117,0.084927,-0.384261,0.316752,0.295514,-1.698163,1.586009,3.743726,-0.457069,0.000161,-0.000274,-0.000504,0.000313,0.000237,0.000321,0.143883
22.497949,0.447970,-0.818544,-0.222130,0.531133,-1.009638,0.324866,0.369425,0.468702,-0.349579,-0.029867,0.176685,-0.482650,0.372420,0.085028,-0.384265,0.316751,0.295512,-1.698163,1.586009,3.743726,-0.456920,-0.001928,-0.000803,-0.001210,0.000078,0.000055,-0.000229,0.145345
22.499083,0.447276,-0.820478,-0.222921,0.532018,-1.009140,0.322510,0.369553,0.463949,-0.343547,-0.032348,0.174229,-0.482428,0.371577,0.085137,-0.384267,0.316751,0.295512,-1.698162,1.586010,3.743726,-0.456772,-0.001702,-0.001010,-0.000940,0.000857,0.000319,0.000248,0.146984
22.500099,0.446381,-0.821765,-0.225783,0.531587,-1.009979,0.320507,0.368893,0.462165,-0.336247,-0.032472,0.171043,-0.482206,0.370591,0.085241,-0.384269,0.316751,0.295510,-1.698165,1.586008,3.743725,-0.456618,-0.002090,-0.000865,-0.001066,-0.000449,-0.000559,0.000245,0.148377
22.501022,0.444027,-0.826210,-0.225510,0.530673,-1.010915,0.318481,0.367955,0.461604,-0.329483,-0.031599,0.168275,-0.482069,0.369586,0.085338,-0.384271,0.316751,0.295512,-1.698164,1.586008,3.743725,-0.456461,-0.002292,-0.000965,-0.000129,-0.000454,-0.000065,0.000134,0.151113
22.502053,0.441639,-0.828709,-0.222694,0.532885,-1.012435,0.315445,0.368040,0.460825,-0.325362,-0.030851,0.166952,-0.482099,0.368719,0.085429,-0.384272,0.316755,0.295510,-1.698161,1.586008,3.743721,-0.456299,-0.001724,0.000548,-0.000699,0.000032,0.000553,0.000265,0.154195
22.503029,0.443420,-0.824969,-0.226827,0.530464,-1.011447,0.313299,0.367442,0.459963,-0.327435,-0.029992,0.168749,-0.482504,0.368137,0.085508,-0.384272,0.316757,0.295504,-1.698169,1.586012,3.743725,-0.456143,-0.001218,0.001011,-0.002539,-0.002448,0.001685,0.001143,0.155440
22.504014,0.440357,-0.827205,-0.223249,0.529945,-1.011628,0.311625,0.368254,0.460349,-0.334077,-0.027983,0.173007,-0.483257,0.367693,0.085557,-0.384277,0.316750,0.295507,-1.698164,1.586010,3.743723,-0.455980,-0.002719,-0.001507,-0.000940,-0.000513,0.000358,0.001260,0.157949
22.505010,0.439499,-0.829743,-0.226940,0.529495,-1.011710,0.309521,0.368724,0.462681,-0.337795,-0.024556,0.175831,-0.483909,0.367060,0.085558,-0.384277,0.316749,0.295499,-1.698163,1.586010,3.743721,-0.455822,-0.001822,-0.001067,-0.003141,-0.000429,0.000211,0.000891,0.157636
22.505996,0.435765,-0.832142,-0.227221,0.527895,-1.011475,0.307097,0.369984,0.466470,-0.337504,-0.020167,0.176393,-0.484322,0.366248,0.085507,-0.384279,0.316751,0.295501,-1.698163,1.586010,3.743722,-0.455662,-0.002045,-0.000545,-0.001758,-0.000393,-0.000052,0.000924,0.158054
22.506970,0.434083,-0.835193,-0.229351,0.528838,-1.012672,0.305933,0.370136,0.469195,-0.336294,-0.016729,0.176191,-0.484589,0.365485,0.085400,-0.384279,0.316749,0.295497,-1.698159,1.586009,3.743722,-0.455507,-0.000821,-0.000046,-0.002052,0.000719,-0.000623,0.001295,0.156869
22.508102,0.433458,-0.836065,-0.231727,0.528125,-1.012348,0.303874,0.369294,0.468248,-0.336282,-0.016239,0.176393,-0.484777,0.364942,0.085241,-0.384280,0.316753,0.295496,-1.698164,1.586010,3.743721,-0.455351,-0.000632,0.000735,-0.001433,-0.000523,0.000244,0.000431,0.157912
22.508989,0.432085,-0.833917,-0.230663,0.528102,-1.014098,0.303416,0.369966,0.463193,-0.339046,-0.018978,0.178046,-0.485019,0.364692,0.085062,-0.384282,0.316752,0.295497,-1.698165,1.586008,3.743722,-0.455182,-0.001056,0.000337,-0.000794,-0.000248,-0.000464,0.000128,0.161208
22.509961,0.432080,-0.837743,-0.232912,0.526373,-1.013719,0.301626,0.371074,0.455650,-0.341928,-0.023759,0.180029,-0.485237,0.364568,0.084891,-0.384284,0.316749,0.295495,-1.698167,1.586011,3.743719,-0.455020,-0.000935,-0.001350,-0.001738,-0.000538,0.000970,-0.001250,0.160953
22.511138,0.429431,-0.837865,-0.229900,0.526711,-1.014365,0.298595,0.369886,0.447942,-0.341854,-0.028882,0.180687,-0.485292,0.364375,0.084732,-0.384287,0.316752,0.295494,-1.698162,1.586010,3.743720,-0.454864,-0.001543,-0.000161,-0.001055,0.000679,0.000242,-0.001474,0.160054
22.512142,0.429613,-0.840016,-0.232428,0.526083,-1.014520,0.296574,0.370969,0.442050,-0.339661,-0.032765,0.180104,-0.485233,0.364081,0.084599,-0.384288,0.316751,0.295488,-1.698163,1.586010,3.743717,-0.454692,-0.000985,-0.000955,-0.003072,-0.000131,0.000491,-0.000868,0.164142
22.513010,0.429163,-0.839592,-0.236216,0.525609,-1.014855,0.294649,0.370712,0.439297,-0.336655,-0.034292,0.178869,-0.485170,0.363668,0.084510,-0.384290,0.316751,0.295487,-1.698163,1.586009,3.743716,-0.454531,-0.001732,-0.000599,-0.002250,0.000092,0.000303,-0.000937,0.163292
22.513946,0.429513,-0.843671,-0.231289,0.523419,-1.015711,0.293230,0.371493,0.438657,-0.332519,-0.034302,0.176992,-0.485087,0.363143,0.084441,-0.384294,0.316749,0.295491,-1.698163,1.586008,3.743717,-0.454362,-0.002035,-0.001430,-0.000804,0.000207,0.000348,-0.000818,0.164888
22.515011,0.425345,-0.843232,-0.233600,0.524757,-1.016829,0.290829,0.371359,0.440407,-0.327180,-0.032615,0.174159,-0.484940,0.362529,0.084361,-0.384299,0.316753,0.295481,-1.698157,1.586010,3.743718,-0.454197,-0.002785,-0.000101,-0.003642,0.001892,0.000871,-0.001358,0.164522
22.516021,0.427162,-0.847035,-0.237312,0.524784,-1.016717,0.288142,0.371628,0.446103,-0.322080,-0.027914,0.170833,-0.484817,0.361845,0.084260,-0.384296,0.316749,0.295480,-1.698162,1.586011,3.743717,-0.454029,-0.001422,-0.001077,-0.002944,0.000202,0.001608,-0.001160,0.166268
22.516958,0.423585,-0.850784,-0.238394,0.523214,-1.016317,0.286065,0.371959,0.453375,-0.318960,-0.021992,0.168456,-0.484861,0.361186,0.084136,-0.384302,0.316751,0.295481,-1.698165,1.586010,3.743718,-0.453858,-0.003073,-0.000027,-0.001655,-0.000238,0.001097,-0.000844,0.167271
22.518003,0.420682,-0.852631,-0.238619,0.523262,-1.017412,0.283852,0.372600,0.459696,-0.319793,-0.016792,0.168244,-0.485155,0.360704,0.083991,-0.384302,0.316751,0.295477,-1.698160,1.586008,3.743713,-0.453686,-0.002069,0.000956,-0.001654,0.000705,0.000293,-0.001164,0.168169
22.519059,0.422981,-0.853563,-0.238319,0.523027,-1.017524,0.280693,0.372126,0.463998,-0.325258,-0.013157,0.170301,-0.485646,0.360501,0.083826,-0.384304,0.316751,0.295474,-1.698163,1.586010,3.743712,-0.453518,-0.001515,0.000887,-0.002154,0.000141,0.000923,-0.001637,0.168718
22.520106,0.418700,-0.854708,-0.241207,0.522825,-1.017709,0.278099,0.374632,0.467938,-0.333639,-0.009786,0.173787,-0.486277,0.360447,0.083654,-0.384308,0.316751,0.295469,-1.698162,1.586009,3.743714,-0.453341,-0.003552,0.000351,-0.002904,-0.000233,0.000565,-0.001206,0.171513
22.520952,0.418216,-0.854371,-0.239496,0.523215,-1.018065,0.275228,0.373510,0.473816,-0.342344,-0.004871,0.177539,-0.486977,0.360340,0.083488,-0.384307,0.316751,0.295468,-1.698161,1.586009,3.743713,-0.453177,-0.002308,-0.000067,-0.002081,-0.000618,0.000286,-0.001314,0.168302
22.522001,0.414515,-0.857851,-0.242014,0.521434,-1.018313,0.273417,0.374774,0.480436,-0.348981,0.000585,0.180701,-0.487620,0.360091,0.083343,-0.384311,0.316748,0.295463,-1.698163,1.586011,3.743714,-0.452997,-0.002766,-0.001003,-0.003419,-0.001439,0.000254,-0.000622,0.171923
22.522956,0.416416,-0.860944,-0.241022,0.520007,-1.018365,0.269807,0.376328,0.493257,-0.354593,0.011010,0.184050,-0.488513,0.359209,0.083119,-0.384316,0.316751,0.295455,-1.698159,1.586008,3.743717,-0.452662,-0.003562,0.000365,-0.003804,0.000593,-0.000317,-0.000385,0.169704
22.524026,0.411348,-0.862633,-0.242966,0.519535,-1.018858,0.267798,0.376837,0.493257,-0.354593,0.011010,0.184050,-0.488513,0.359209,0.083119,-0.384316,0.316751,0.295455,-1.698159,1.586008,3.743717,-0.452662,-0.003562,0.000365,-0.003804,0.000593,-0.000317,-0.000385,0.169704
22.524949,0.411542,-0.865672,-0.244460,0.519562,-1.018474,0.264979,0.377345,0.501265,-0.356029,0.017523,0.184349,-0.488790,0.358690,0.083018,-0.384313,0.316751,0.295452,-1.698159,1.586008,3.743714,-0.452491,-0.001959,0.000189,-0.003436,0.000466,-0.000295,-0.001136,0.170594
22.525966,0.411163,-0.864117,-0.245042,0.518875,-1.021141,0.262659,0.378741,0.509080,-0.357856,0.023960,0.184456,-0.489000,0.358204,0.082940,-0.384317,0.316753,0.295450,-1.698159,1.586006,3.743714,-0.452323,-0.002829,0.000816,-0.003243,-0.000075,-0.001075,-0.000687,0.171119
22.527026,0.408822,-0.867766,-0.245074,0.518194,-1.021123,0.259753,0.378717,0.516465,-0.359577,0.030118,0.184458,-0.489163,0.357709,0.082888,-0.384322,0.316749,0.295447,-1.698159,1.586010,3.743714,-0.452155,-0.003465,-0.000897,-0.003548,0.000058,0.001133,-0.000996,0.170081
22.528109,0.407142,-0.871117,-0.246582,0.518194,-1.022256,0.257254,0.381025,0.525121,-0.359422,0.037269,0.183542,-0.489253,0.357054,0.082867,-0.384323,0.316751,0.295442,-1.698159,1.586008,3.743711,-0.451974,-0.003194,-0.000072,-0.004126,0.000154,0.000633,-0.000804,0.171976
22.528987,0.401282,-0.870856,-0.247113,0.515585,-1.022063,0.254384,0.379577,0.534897,-0.359122,0.045311,0.182520,-0.489371,0.356321,0.082877,-0.384325,0.316752,0.295440,-1.698161,1.586010,3.743712,-0.451810,-0.003270,0.000556,-0.004015,-0.000407,0.001281,-0.001109,0.169257
22.530013,0.399500,-0.875495,-0.247945,0.518292,-1.022300,0.251867,0.380747,0.543230,-0.359363,0.052181,0.181725,-0.489481,0.355629,0.082899,-0.384322,0.316751,0.295435,-1.698156,1.586011,3.743712,-0.451629,-0.001114,-0.000400,-0.004237,0.001608,0.000678,-0.000497,0.173607
22.531050,0.397357,-0.874884,-0.249864,0.518416,-1.023707,0.249275,0.381677,0.547062,-0.359458,0.055414,0.181062,-0.489501,0.355039,0.082911,-0.384325,0.316754,0.295432,-1.698163,1.586010,3.743710,-0.451457,-0.001107,0.000925,-0.004415,-0.001528,0.000471,-0.000622,0.172995
22.531980,0.396464,-0.879830,-0.247783,0.516652,-1.021801,0.246447,0.381738,0.546131,-0.362018,0.054958,0.182377,-0.489678,0.354634,0.082899,-0.384326,0.316749,0.295426,-1.698164,1.586011,3.743709,-0.451286,-0.000925,-0.000326,-0.004030,-0.002193,0.001421,-0.000695,0.172944
22.532987,0.397883,-0.882001,-0.253324,0.515194,-1.021807,0.244168,0.382815,0.543011,-0.367608,0.052951,0.185858,-0.490096,0.354364,0.082865,-0.384328,0.316755,0.295418,-1.698163,1.586006,3.743708,-0.451110,-0.001263,0.001231,-0.005570,-0.000934,-0.000883,-0.000259,0.174364
22.534067,0.394286,-0.882188,-0.255246,0.515524,-1.022874,0.241674,0.383745,0.540934,-0.375160,0.051943,0.190004,-0.490591,0.354157,0.082827,-0.384332,0.316755,0.295421,-1.698161,1.586004,3.743709,-0.450940,-0.002805,0.001343,-0.003411,-0.000081,-0.001287,-0.000588,0.173928
22.535046,0.392251,-0.882407,-0.255568,0.513769,-1.024613,0.239443,0.385962,0.539620,-0.382929,0.051586,0.193738,-0.491008,0.353971,0.082792,-0.384333,0.316753,0.295418,-1.698163,1.586007,3.743706,-0.450764,-0.001912,0.000427,-0.003105,-0.000984,-0.000718,-0.000864,0.173963
22.536013,0.389409,-0.884044,-0.256126,0.514082,-1.023915,0.236673,0.386047,0.536783,-0.387416,0.049843,0.195878,-0.491185,0.353697,0.082750,-0.384334,0.316751,0.295412,-1.698159,1.586010,3.743708,-0.450598,-0.001742,-0.000360,-0.003486,0.000159,0.000562,-0.001167,0.171182
22.537024,0.384940,-0.890607,-0.255208,0.513535,-1.023811,0.235020,0.385466,0.532174,-0.386804,0.046409,0.195733,-0.491055,0.353252,0.082696,-0.384334,0.316751,0.295408,-1.698163,1.586007,3.743706,-0.450424,-0.001152,-0.000449,-0.003755,-0.000620,-0.000561,-0.000877,0.172681
22.538014,0.388973,-0.890363,-0.258742,0.512794,-1.024975,0.231995,0.386740,0.525967,-0.384908,0.041575,0.195091,-0.490820,0.352806,0.082652,-0.384332,0.316755,0.295400,-1.698162,1.586007,3.743704,-0.450240,0.000181,0.001850,-0.004755,-0.000648,-0.001100,-0.001833,0.175546
22.539253,0.386971,-0.891139,-0.258937,0.511882,-1.025523,0.228711,0.387000,0.519697,-0.386316,0.036779,0.195923,-0.490744,0.352535,0.082622,-0.384339,0.316753,0.295398,-1.698161,1.586010,3.743702,-0.450069,-0.002644,0.000787,-0.003556,-0.000460,-0.000394,-0.001334,0.174656
22.539988,0.381439,-0.891278,-0.258387,0.511588,-1.025410,0.225724,0.387860,0.516730,-0.388730,0.034639,0.196870,-0.490766,0.352229,0.082584,-0.384340,0.316751,0.295393,-1.698161,1.586008,3.743704,-0.449888,-0.002682,0.000028,-0.004176,-0.000233,-0.000388,-0.001262,0.176412
22.540968,0.382038,-0.895835,-0.260865,0.509751,-1.024312,0.223288,0.388048,0.516680,-0.387910,0.034689,0.196082,-0.490679,0.351670,0.082528,-0.384337,0.316749,0.295387,-1.698161,1.586010,3.743705,-0.449709,-0.000568,-0.000572,-0.004833,-0.000355,-0.000846,-0.000170,0.175717
22.541962,0.379346,-0.895434,-0.263936,0.510141,-1.025594,0.221251,0.388198,0.516539,-0.383729,0.034524,0.193626,-0.490404,0.350928,0.082460,-0.384342,0.316753,0.295382,-1.698159,1.586004,3.743704,-0.449528,-0.001700,0.000749,-0.004136,0.000902,-0.002336,-0.000264,0.176983
22.543063,0.376060,-0.899462,-0.263419,0.508223,-1.029045,0.217528,0.388585,0.514990,-0.377859,0.033139,0.190225,-0.489973,0.350149,0.082387,-0.384340,0.316749,0.295380,-1.698161,1.586006,3.743701,-0.449350,-0.001219,-0.000375,-0.003189,-0.000003,-0.001495,-0.000778,0.178360
22.543991,0.372250,-0.903243,-0.265298,0.509506,-1.027603,0.215027,0.387762,0.511237,-0.371110,0.029902,0.186456,-0.489460,0.349408,0.082293,-0.384341,0.316751,0.295375,-1.698157,1.586013,3.743700,-0.449170,-0.000524,0.000600,-0.004078,0.001239,0.001426,0.000124,0.179509
22.544965,0.374308,-0.904503,-0.265343,0.508627,-1.028294,0.212362,0.387090,0.504527,-0.366274,0.024316,0.183855,-0.489065,0.348829,0.082177,-0.384339,0.316754,0.295371,-1.698161,1.586007,3.743700,-0.448980,0.000564,0.001568,-0.003654,-0.000491,-0.000415,0.000227,0.182642
22.546023,0.368282,-0.904977,-0.268975,0.507226,-1.029487,0.209927,0.387498,0.496154,-0.366306,0.017561,0.183845,-0.488990,0.348496,0.082075,-0.384345,0.316753,0.295365,-1.698159,1.586010,3.743700,-0.448787,-0.001267,0.001282,-0.004174,-0.000172,-0.000166,0.000375,0.185549
22.546991,0.371972,-0.906303,-0.267722,0.508316,-1.028783,0.207418,0.387013,0.487307,-0.368695,0.010505,0.185096,-0.489106,0.348279,0.082007,-0.384341,0.316751,0.295363,-1.698157,1.586010,3.743699,-0.448598,0.000810,0.000539,-0.002976,0.000601,0.000555,0.000080,0.186496
22.547997,0.369617,-0.905829,-0.269443,0.507401,-1.029454,0.206087,0.388916,0.478422,-0.369913,0.003362,0.185867,-0.489222,0.348021,0.081971,-0.384346,0.316750,0.295356,-1.698161,1.586007,3.743698,-0.448401,-0.001855,0.000298,-0.004138,-0.000954,-0.000560,0.000105,0.189018
22.549034,0.366537,-0.908910,-0.272430,0.506847,-1.030131,0.203639,0.388154,0.472638,-0.368970,-0.001359,0.185640,-0.489339,0.347583,0.081967,-0.384347,0.316748,0.295352,-1.698161,1.586009,3.743696,-0.448216,-0.001516,-0.000871,-0.003839,-0.000574,-0.000345,-0.001160,0.186840
22.550004,0.364516,-0.909391,-0.273658,0.506587,-1.030599,0.201184,0.388594,0.469556,-0.365263,-0.004010,0.184141,-0.489395,0.346972,0.081982,-0.384346,0.316750,0.295349,-1.698161,1.586009,3.743695,-0.448022,-0.000889,-0.000315,-0.002940,-0.000596,-0.000127,-0.001372,0.190125
22.550997,0.362759,-0.914876,-0.269947,0.506094,-1.029778,0.197745,0.388905,0.465251,-0.359267,-0.007738,0.181783,-0.489329,0.346332,0.082001,-0.384347,0.316748,0.295345,-1.698163,1.586010,3.743694,-0.447829,-0.000706,-0.000989,-0.002891,-0.000831,-0.000101,-0.001410,0.190777
22.551985,0.362559,-0.916628,-0.275187,0.503311,-1.030496,0.194616,0.389776,0.460619,-0.353629,-0.011691,0.179709,-0.489276,0.345736,0.082010,-0.384348,0.316754,0.295335,-1.698163,1.586005,3.743696,-0.447635,-0.000685,0.000767,-0.005271,-0.000884,-0.001328,-0.000537,0.191767
22.553043,0.361104,-0.915997,-0.275264,0.505125,-1.031897,0.192835,0.389794,0.458421,-0.350679,-0.013534,0.178450,-0.489337,0.345206,0.081988,-0.384352,0.316754,0.295336,-1.698157,1.586008,3.743696,-0.447443,-0.001402,0.000694,-0.003219,0.001240,-0.001060,0.000040,0.191619
22.553969,0.358955,-0.918695,-0.277792,0.505427,-1.030180,0.191215,0.390490,0.458339,-0.348861,-0.013608,0.177165,-0.489429,0.344676,0.081924,-0.384353,0.316752,0.295332,-1.698163,1.586010,3.743693,-0.447244,-0.001579,-0.000607,-0.003813,-0.001065,-0.000145,-0.000904,0.193341
22.555091,0.356227,-0.919221,-0.276081,0.502428,-1.031472,0.187736,0.390536,0.458728,-0.347014,-0.013327,0.175996,-0.489565,0.344115,0.081835,-0.384353,0.316752,0.295330,-1.698167,1.586005,3.743690,-0.447053,-0.001301,-0.000123,-0.003093,-0.001759,-0.002252,-0.001656,0.193392
22.556072,0.352478,-0.922135,-0.276596,0.501931,-1.032550,0.184515,0.391629,0.458927,-0.344750,-0.013286,0.174880,-0.489697,0.343537,0.081749,-0.384353,0.316750,0.295323,-1.698162,1.586007,3.743691,-0.446856,-0.000909,-0.000910,-0.004575,0.000522,-0.001453,-0.001059,0.195221
22.556981,0.355740,-0.924465,-0.278687,0.501084,-1.031717,0.182228,0.390756,0.459076,-0.340144,-0.013469,0.172416,-0.489637,0.342875,0.081669,-0.384351,0.316752,0.295317,-1.698161,1.586010,3.743691,-0.446665,0.000101,-0.000386,-0.004848,0.000443,-0.000841,-0.000372,0.194604
22.557960,0.349249,-0.925814,-0.280366,0.501344,-1.033640,0.179643,0.391348,0.460257,-0.334159,-0.012943,0.168836,-0.489451,0.342131,0.081602,-0.384358,0.316752,0.295314,-1.698159,1.586005,3.743691,-0.446457,-0.002279,-0.000089,-0.004320,0.000746,-0.002043,-0.000432,0.197737
22.559060,0.350603,-0.928929,-0.281319,0.502090,-1.034246,0.176849,0.391855,0.462327,-0.328837,-0.011702,0.165294,-0.489288,0.341388,0.081560,-0.384352,0.316752,0.295310,-1.698161,1.586009,3.743688,-0.446256,0.000101,-0.000349,-0.004040,-0.000024,-0.000575,-0.000358,0.198072
22.560044,0.348745,-0.930548,-0.281516,0.500475,-1.032800,0.174695,0.393597,0.463446,-0.325734,-0.011139,0.163105,-0.489278,0.340739,0.081529,-0.384356,0.316752,0.295306,-1.698165,1.586012,3.743688,-0.446056,-0.001526,0.000175,-0.004204,-0.001289,-0.000495,-0.000401,0.198902
22.560944,0.347851,-0.934064,-0.282344,0.501291,-1.034798,0.171902,0.394294,0.464782,-0.325937,-0.010262,0.162858,-0.489512,0.340192,0.081492,-0.384358,0.316752,0.295301,-1.698163,1.586007,3.743687,-0.445858,-0.001409,0.000047,-0.004659,-0.000233,-0.002345,-0.000781,0.196959
22.562062,0.342421,-0.933746,-0.284266,0.500378,-1.034692,0.170747,0.394497,0.468230,-0.329517,-0.007544,0.164269,-0.489976,0.339710,0.081446,-0.384361,0.316754,0.295298,-1.698166,1.586007,3.743688,-0.445664,-0.001718,0.000939,-0.004753,-0.001512,-0.000719,-0.000310,0.196967
22.563028,0.339181,-0.937205,-0.286351,0.498876,-1.035382,0.166440,0.396168,0.471776,-0.335842,-0.004636,0.167249,-0.490624,0.339327,0.081390,-0.384358,0.316750,0.295294,-1.698165,1.586005,3.743685,-0.445463,0.000008,-0.000249,-0.004438,-0.001211,-0.001323,-0.002041,0.198455
22.563962,0.338634,-0.939104,-0.287533,0.497488,-1.036609,0.164772,0.396670,0.471278,-0.342202,-0.004979,0.170735,-0.491229,0.339063,0.081303,-0.384358,0.316754,0.295293,-1.698163,1.586006,3.743688,-0.445268,0.000783,0.000546,-0.003975,-0.000278,-0.001061,-0.000209,0.196620
22.565000,0.335761,-0.938767,-0.288356,0.498310,-1.036890,0.161506,0.397400,0.465702,-0.346998,-0.009460,0.173647,-0.491626,0.338894,0.081164,-0.384358,0.316754,0.295290,-1.698160,1.586007,3.743683,-0.445067,0.000238,0.000598,-0.003928,0.000513,-0.000251,-0.000948,0.197076
22.565943,0.334656,-0.937876,-0.291360,0.496325,-1.037715,0.159351,0.398407,0.457304,-0.349838,-0.016273,0.175600,-0.491848,0.338719,0.080987,-0.384358,0.316752,0.295285,-1.698163,1.586009,3.743683,-0.444872,0.000780,-0.000543,-0.004101,-0.000830,-0.000464,-0.000344,0.197325
22.567038,0.337464,-0.945429,-0.293541,0.496118,-1.037298,0.156685,0.398642,0.447054,-0.347939,-0.024729,0.175471,-0.491813,0.338361,0.080802,-0.384357,0.316746,0.295281,-1.698159,1.586009,3.743682,-0.444675,0.000492,-0.001812,-0.003133,0.000573,-0.000053,-0.000622,0.196778
22.568095,0.332083,-0.946906,-0.294403,0.494738,-1.037500,0.154063,0.400010,0.436868,-0.341978,-0.033257,0.173297,-0.491568,0.337821,0.080637,-0.384365,0.316753,0.295278,-1.698161,1.586006,3.743681,-0.444472,-0.001791,0.000886,-0.002687,0.000200,-0.000940,-0.000781,0.198146
22.569089,0.332548,-0.947951,-0.294834,0.496198,-1.037802,0.151794,0.399676,0.429026,-0.337597,-0.039810,0.171251,-0.491399,0.337331,0.080487,-0.384362,0.316753,0.295275,-1.698160,1.586006,3.743679,-0.444280,-0.000013,0.000599,-0.002878,0.000969,-0.001198,-0.000870,0.197151
22.569974,0.330781,-0.949133,-0.297906,0.495327,-1.037954,0.150327,0.399917,0.423090,-0.336569,-0.044650,0.170364,-0.491404,0.336971,0.080321,-0.384366,0.316753,0.295272,-1.698164,1.586007,3.743678,-0.444077,-0.001090,0.000175,-0.003245,-0.000957,-0.001344,-0.001161,0.199429
22.571067,0.328102,-0.952431,-0.298027,0.493873,-1.040054,0.148454,0.400665,0.418524,-0.337431,-0.048251,0.170407,-0.491558,0.336656,0.080136,-0.384368,0.316750,0.295271,-1.698162,1.586007,3.743675,-0.443873,-0.000935,-0.000028,-0.002231,-0.000599,-0.001587,-0.001964,0.200240
22.572095,0.327054,-0.953546,-0.301045,0.493106,-1.040843,0.145717,0.401261,0.414604,-0.339408,-0.051265,0.171032,-0.491806,0.336393,0.079925,-0.384369,0.316751,0.295268,-1.698160,1.586009,3.743672,-0.443663,-0.000534,0.000576,-0.002823,0.000199,0.000022,-0.002896,0.200520
22.572994,0.324334,-0.955401,-0.302254,0.495294,-1.040737,0.141655,0.402528,0.410565,-0.341730,-0.054405,0.171650,-0.492064,0.336202,0.079683,-0.384369,0.316751,0.295267,-1.698160,1.586012,3.743671,-0.443464,-0.000903,0.000153,-0.001929,0.000387,0.000317,-0.002794,0.201001
22.574006,0.326970,-0.957319,-0.304466,0.492055,-1.041220,0.138520,0.402064,0.405786,-0.344499,-0.058172,0.172648,-0.492392,0.336048,0.079422,-0.384368,0.316751,0.295263,-1.698167,1.586011,3.743674,-0.443263,-0.000329,0.000235,-0.001836,-0.002147,-0.000189,-0.001052,0.199807
22.574990,0.319794,-0.956456,-0.307085,0.491672,-1.042641,0.135543,0.402146,0.401055,-0.347864,-0.061890,0.174317,-0.492850,0.335843,0.079168,-0.384374,0.316751,0.295263,-1.698161,1.586007,3.743673,-0.443060,-0.002484,0.000236,-0.001356,0.000448,-0.000113,-0.000533,0.202383
22.576004,0.320553,-0.962524,-0.307885,0.490697,-1.043184,0.132824,0.401788,0.396503,-0.348709,-0.065581,0.174831,-0.493206,0.335446,0.078937,-0.384369,0.316747,0.295263,-1.698161,1.586010,3.743673,-0.442850,0.000239,-0.001095,-0.000647,0.000262,0.000858,-0.000091,0.203732
22.577064,0.319614,-0.962593,-0.306716,0.490526,-1.043049,0.130043,0.400166,0.389842,-0.346053,-0.071155,0.173674,-0.493332,0.334910,0.078735,-0.384373,0.316753,0.295262,-1.698161,1.586009,3.743670,-0.442640,-0.001006,0.000948,-0.000873,0.000683,0.000952,0.000022,0.206050
22.577996,0.315181,-0.965304,-0.308706,0.489855,-1.043149,0.127734,0.400957,0.383396,-0.343519,-0.076601,0.172381,-0.493448,0.334345,0.078580,-0.384374,0.316751,0.295255,-1.698163,1.586008,3.743669,-0.442422,-0.001440,-0.000030,-0.002044,0.000304,0.000347,0.000074,0.210993
22.578983,0.314784,-0.965742,-0.307459,0.489241,-1.042165,0.124970,0.400599,0.376728,-0.340551,-0.082444,0.170024,-0.493799,0.333089,0.078366,-0.384375,0.316751,0.295250,-1.698163,1.586005,3.743666,-0.441993,-0.000689,-0.000269,-0.002802,0.000546,-0.001371,0.000220,0.212989
22.579962,0.313261,-0.969954,-0.308397,0.490318,-1.043445,0.121857,0.399577,0.376728,-0.340551,-0.082444,0.170024,-0.493799,0.333089,0.078366,-0.384375,0.316751,0.295250,-1.698163,1.586005,3.743666,-0.441993,-0.000689,-0.000269,-0.002802,0.000546,-0.001371,0.000220,0.212989
22.581016,0.312614,-0.967913,-0.312046,0.488477,-1.042860,0.119039,0.399600,0.376128,-0.339947,-0.083087,0.169137,-0.494020,0.332395,0.078258,-0.384375,0.316752,0.295250,-1.698168,1.586006,3.743665,-0.441770,-0.000765,0.000914,-0.002923,-0.000977,-0.000511,0.000813,0.216502
22.582005,0.311202,-0.973516,-0.315384,0.488430,-1.044018,0.117448,0.397678,0.377943,-0.340417,-0.081691,0.168877,-0.494342,0.331632,0.078141,-0.384378,0.316750,0.295250,-1.698164,1.586005,3.743663,-0.441545,-0.001332,-0.001111,-0.001735,0.000213,-0.001575,0.000924,0.218066
22.582995,0.308352,-0.973095,-0.313648,0.485436,-1.045537,0.116071,0.397872,0.379847,-0.340086,-0.080244,0.168388,-0.494604,0.330812,0.078008,-0.384378,0.316754,0.295249,-1.698165,1.586008,3.743661,-0.441310,-0.001478,0.000746,-0.000666,-0.000268,-0.000862,-0.000036,0.223383
22.584037,0.309148,-0.973912,-0.317188,0.486234,-1.047107,0.112812,0.398333,0.380776,-0.338904,-0.079670,0.167336,-0.494739,0.330032,0.077857,-0.384378,0.316753,0.295244,-1.698160,1.586007,3.743658,-0.441082,-0.000900,-0.000413,-0.002115,0.002067,0.000227,-0.001198,0.224416
22.585062,0.304613,-0.976273,-0.317600,0.486115,-1.045132,0.112111,0.397061,0.381797,-0.335511,-0.079180,0.164853,-0.494691,0.329217,0.077682,-0.384385,0.316751,0.295245,-1.698161,1.586011,3.743658,-0.440849,-0.002142,-0.000965,-0.000981,0.000698,0.001295,-0.000611,0.225060
22.585983,0.304477,-0.979590,-0.316239,0.484981,-1.046808,0.109630,0.397026,0.383635,-0.324341,-0.078695,0.157804,-0.494320,0.327461,0.077365,-0.384384,0.316751,0.295240,-1.698161,1.586006,3.743651,-0.440374,-0.001500,0.000047,-0.002623,0.000897,0.000187,-0.002409,0.230450
22.587010,0.303395,-0.982654,-0.320810,0.484484,-1.046376,0.107620,0.396046,0.383635,-0.324341,-0.078695,0.157804,-0.494320,0.327461,0.077365,-0.384384,0.316751,0.295240,-1.698161,1.586006,3.743651,-0.440374,-0.001500,0.000047,-0.002623,0.000897,0.000187,-0.002409,0.230450
22.588005,0.300824,-0.979987,-0.321129,0.484257,-1.047387,0.105015,0.395533,0.385487,-0.322229,-0.077652,0.155750,-0.494259,0.326748,0.077254,-0.384386,0.316753,0.295242,-1.698161,1.586005,3.743647,-0.440134,-0.001820,0.000584,-0.000965,0.000820,-0.000720,-0.003034,0.233935
22.588990,0.298087,-0.986960,-0.322514,0.483634,-1.047327,0.102246,0.395619,0.387405,-0.321630,-0.076547,0.154349,-0.494230,0.326124,0.077166,-0.384387,0.316747,0.295239,-1.698161,1.586006,3.743647,-0.439892,-0.001382,-0.001654,-0.001408,0.000496,-0.000142,-0.002989,0.236372
22.590049,0.299350,-0.987629,-0.324109,0.482875,-1.047360,0.099939,0.395052,0.387689,-0.320676,-0.076816,0.153037,-0.494147,0.325529,0.077088,-0.384388,0.316753,0.295238,-1.698161,1.586005,3.743644,-0.439649,-0.000860,0.000883,-0.001308,0.000580,-0.000642,-0.002741,0.237581
22.591007,0.297490,-0.990015,-0.321206,0.483924,-1.048642,0.097736,0.395171,0.387258,-0.321902,-0.077633,0.152827,-0.494151,0.325037,0.077014,-0.384392,0.316751,0.295237,-1.698161,1.586005,3.743641,-0.439406,-0.002378,0.000209,-0.001158,0.000755,-0.001079,-0.003156,0.240299
22.591940,0.296552,-0.988535,-0.324464,0.483199,-1.048028,0.095625,0.393734,0.389420,-0.326689,-0.076296,0.154188,-0.494380,0.324592,0.076932,-0.384393,0.316752,0.295231,-1.698163,1.586007,3.743639,-0.439158,-0.002259,0.000488,-0.003146,-0.000796,-0.000232,-0.003409,0.241350
22.593102,0.295608,-0.994658,-0.326729,0.483815,-1.048792,0.093259,0.393762,0.395672,-0.333057,-0.071655,0.156408,-0.494816,0.324018,0.076848,-0.384396,0.316747,0.295231,-1.698163,1.586006,3.743635,-0.438899,-0.002571,-0.001089,-0.002060,-0.000557,-0.001263,-0.003678,0.245459
22.593968,0.291399,-0.996561,-0.326645,0.481840,-1.049555,0.089748,0.395066,0.403962,-0.340011,-0.065369,0.159254,-0.495396,0.323334,0.076779,-0.384400,0.316752,0.295230,-1.698166,1.586006,3.743630,-0.438645,-0.003061,0.000844,-0.001652,-0.001772,-0.001003,-0.004288,0.247155
22.595137,0.290663,-0.994737,-0.329438,0.480600,-1.050143,0.086572,0.395062,0.411992,-0.349584,-0.059198,0.163627,-0.496164,0.322725,0.076717,-0.384399,0.316753,0.295228,-1.698164,1.586009,3.743631,-0.438400,-0.001701,0.000952,-0.002206,-0.000299,-0.000655,-0.002998,0.245610
22.595982,0.292312,-0.996154,-0.331126,0.480709,-1.049591,0.085300,0.394767,0.418237,-0.358997,-0.054475,0.167977,-0.496891,0.322109,0.076653,-0.384401,0.316747,0.295227,-1.698160,1.586008,3.743628,-0.438150,-0.002339,-0.001018,-0.001517,0.000205,-0.000575,-0.002828,0.247455
22.597027,0.287561,-1.001869,-0.333534,0.480918,-1.051117,0.081290,0.393665,0.423321,-0.362636,-0.050913,0.169502,-0.497269,0.321215,0.076592,-0.384408,0.316746,0.295227,-1.698161,1.586005,3.743622,-0.437896,-0.003830,-0.001083,-0.001198,-0.000351,-0.001491,-0.003710,0.249055
22.598021,0.286346,-1.000359,-0.330026,0.477986,-1.052452,0.080752,0.393731,0.427854,-0.363123,-0.047937,0.169577,-0.497481,0.320133,0.076540,-0.384405,0.316751,0.295228,-1.698163,1.586008,3.743624,-0.437635,-0.002362,0.000743,-0.000651,-0.001100,-0.000438,-0.002384,0.252744
22.598967,0.284632,-1.002823,-0.335581,0.478165,-1.052528,0.077689,0.393723,0.431536,-0.363878,-0.045680,0.169757,-0.497704,0.319030,0.076488,-0.384408,0.316748,0.295221,-1.698157,1.586009,3.743614,-0.437380,-0.002605,-0.000946,-0.002957,0.001177,0.000444,-0.004388,0.253953
22.599958,0.282617,-1.005127,-0.335646,0.477682,-1.053548,0.074836,0.391695,0.434885,-0.362387,-0.043807,0.168504,-0.497760,0.317819,0.076417,-0.384411,0.316750,0.295224,-1.698159,1.586007,3.743613,-0.437118,-0.002531,-0.000615,-0.000762,0.000495,0.000116,-0.003731,0.255196
22.600995,0.280336,-1.008088,-0.338117,0.477765,-1.052979,0.073010,0.391443,0.436771,-0.358516,-0.043186,0.165897,-0.497632,0.316522,0.076315,-0.384411,0.316749,0.295223,-1.698160,1.586006,3.743608,-0.436852,-0.002371,-0.000383,-0.001361,0.000442,0.000707,-0.003407,0.260606
22.601948,0.279130,-1.010677,-0.341296,0.478189,-1.053373,0.071843,0.390156,0.436169,-0.355452,-0.044493,0.163759,-0.497508,0.315282,0.076188,-0.384412,0.316750,0.295224,-1.698160,1.586005,3.743603,-0.436584,-0.002126,0.000103,-0.000761,-0.000205,-0.000327,-0.004242,0.262491
22.602961,0.278551,-1.010837,-0.338802,0.476244,-1.053334,0.070757,0.390409,0.432747,-0.355664,-0.047907,0.163433,-0.497524,0.314220,0.076044,-0.384415,0.316751,0.295225,-1.698163,1.586005,3.743595,-0.436307,-0.002321,0.000476,0.000228,-0.001083,-0.000345,-0.005487,0.266262
22.603993,0.275152,-1.011921,-0.339546,0.476342,-1.054181,0.068370,0.390580,0.427922,-0.358727,-0.052325,0.164578,-0.497656,0.313304,0.075890,-0.384419,0.316750,0.295221,-1.698161,1.586005,3.743588,-0.436036,-0.002865,-0.000394,-0.001626,0.000278,-0.000838,-0.006975,0.267076
22.605003,0.274019,-1.013801,-0.342438,0.474906,-1.054747,0.064378,0.389098,0.424769,-0.361267,-0.055407,0.165216,-0.497731,0.312314,0.075733,-0.384418,0.316748,0.295219,-1.698163,1.586006,3.743580,-0.435764,-0.002058,-0.000803,-0.001850,-0.000367,-0.000448,-0.007188,0.268122
22.605997,0.271816,-1.015007,-0.342756,0.473693,-1.055576,0.061601,0.388468,0.423017,-0.361319,-0.057422,0.164493,-0.497653,0.311135,0.075578,-0.384421,0.316748,0.295220,-1.698161,1.586007,3.743577,-0.435483,-0.002343,-0.000814,-0.001035,0.000484,-0.000341,-0.005768,0.272421
22.606991,0.268589,-1.017052,-0.346972,0.474884,-1.056156,0.058905,0.388336,0.421198,-0.358287,-0.059556,0.162216,-0.497391,0.309744,0.075418,-0.384424,0.316746,0.295218,-1.698159,1.586006,3.743571,-0.435201,-0.002071,-0.001129,-0.001476,0.001103,0.000057,-0.005528,0.274921
22.608006,0.269819,-1.018344,-0.346421,0.472028,-1.055685,0.057434,0.387342,0.417778,-0.352822,-0.063026,0.158928,-0.496998,0.308197,0.075221,-0.384423,0.316745,0.295219,-1.698163,1.586005,3.743564,-0.434919,-0.001325,-0.001035,0.000016,-0.000573,0.000203,-0.005354,0.276431
22.609060,0.267085,-1.021754,-0.345649,0.472842,-1.058651,0.055391,0.386284,0.412327,-0.346090,-0.068145,0.155319,-0.496549,0.306574,0.074973,-0.384430,0.316745,0.295217,-1.698157,1.586005,3.743554,-0.434636,-0.002761,-0.001351,-0.000881,0.001626,-0.000728,-0.006458,0.279741
22.610039,0.261746,-1.023458,-0.348764,0.471841,-1.058750,0.053364,0.384491,0.408276,-0.339083,-0.072130,0.151371,-0.496132,0.304864,0.074697,-0.384431,0.316749,0.295213,-1.698161,1.586011,3.743548,-0.434346,-0.002279,-0.000679,-0.001867,0.000288,0.001742,-0.007093,0.283228
22.611024,0.265619,-1.025965,-0.348271,0.470954,-1.058213,0.049418,0.383964,0.405486,-0.333949,-0.075002,0.148172,-0.495903,0.303173,0.074403,-0.384428,0.316748,0.295214,-1.698159,1.586008,3.743540,-0.434045,-0.000481,-0.000747,-0.000912,0.000724,0.001406,-0.007542,0.287972
22.612058,0.263260,-1.026720,-0.349877,0.471350,-1.059207,0.047796,0.385705,0.402481,-0.331224,-0.077904,0.146123,-0.495869,0.301556,0.074091,-0.384436,0.316748,0.295209,-1.698159,1.586006,3.743534,-0.433750,-0.003218,-0.000425,-0.001731,0.001067,0.000445,-0.006084,0.290188
22.613085,0.263103,-1.030065,-0.354655,0.471331,-1.059248,0.045479,0.385459,0.402555,-0.330092,-0.078196,0.144561,-0.495999,0.299874,0.073770,-0.384437,0.316746,0.295209,-1.698161,1.586007,3.743523,-0.433464,-0.002892,-0.001010,-0.001549,0.000130,0.000983,-0.007083,0.287997
22.613968,0.260173,-1.033840,-0.352637,0.469362,-1.058441,0.043148,0.385456,0.405695,-0.330854,-0.075883,0.143903,-0.496330,0.298151,0.073455,-0.384440,0.316747,0.295212,-1.698163,1.586006,3.743514,-0.433167,-0.003678,-0.000314,0.000177,-0.000370,0.000574,-0.007357,0.289806
22.615056,0.255337,-1.036111,-0.353236,0.470117,-1.059007,0.039996,0.386436,0.409405,-0.334706,-0.072955,0.144796,-0.496842,0.296560,0.073163,-0.384441,0.316749,0.295208,-1.698159,1.586002,3.743506,-0.432876,-0.002953,0.000719,-0.001364,0.001046,-0.000593,-0.007250,0.290761
22.615965,0.257184,-1.036420,-0.357845,0.468193,-1.058785,0.038185,0.386823,0.412684,-0.342448,-0.070183,0.147415,-0.497480,0.295184,0.072897,-0.384440,0.316751,0.295205,-1.698163,1.586006,3.743500,-0.432586,-0.001484,0.000797,-0.001692,-0.000240,-0.000542,-0.006868,0.290238
22.617150,0.256571,-1.037084,-0.356829,0.467412,-1.059534,0.033870,0.387963,0.414283,-0.352071,-0.068625,0.150933,-0.498111,0.293953,0.072652,-0.384447,0.316749,0.295209,-1.698160,1.586004,3.743494,-0.432297,-0.003248,-0.000002,-0.000041,0.001063,-0.001198,-0.007614,0.290687
22.618058,0.255286,-1.039323,-0.361602,0.468375,-1.060805,0.030915,0.387891,0.416004,-0.358901,-0.067025,0.152964,-0.498522,0.292604,0.072419,-0.384452,0.316747,0.295205,-1.698160,1.586004,3.743486,-0.432006,-0.004139,-0.001026,-0.001435,0.000998,-0.001088,-0.006885,0.290558
22.619049,0.251144,-1.042935,-0.361243,0.465908,-1.061286,0.028412,0.388759,0.420197,-0.361179,-0.063597,0.152718,-0.498701,0.290960,0.072189,-0.384455,0.316746,0.295208,-1.698165,1.586006,3.743481,-0.431711,-0.004422,-0.000950,0.000249,-0.000473,-0.000318,-0.006697,0.292075
22.619956,0.249805,-1.046773,-0.363366,0.466722,-1.061897,0.024370,0.390873,0.425082,-0.361222,-0.059737,0.151631,-0.498787,0.289163,0.071944,-0.384456,0.316748,0.295206,-1.698160,1.586005,3.743473,-0.431417,-0.003383,-0.000312,-0.000681,0.001217,-0.000375,-0.007207,0.291925
22.621033,0.248423,-1.043350,-0.361185,0.465419,-1.062700,0.022309,0.391127,0.428828,-0.362102,-0.056851,0.151100,-0.498887,0.287428,0.071674,-0.384460,0.316750,0.295207,-1.698164,1.586004,3.743471,-0.431128,-0.003658,0.000529,-0.000316,-0.000172,-0.000248,-0.005926,0.289055
22.622112,0.245533,-1.049546,-0.364485,0.464491,-1.062818,0.019165,0.393757,0.432889,-0.363289,-0.053787,0.150850,-0.499004,0.285685,0.071396,-0.384463,0.316743,0.295202,-1.698160,1.586004,3.743462,-0.430839,-0.004080,-0.002385,-0.002180,0.000322,-0.000028,-0.007151,0.290443
22.623013,0.243309,-1.054412,-0.368497,0.465044,-1.063216,0.016267,0.393489,0.438800,-0.361785,-0.049387,0.149387,-0.498995,0.283775,0.071125,-0.384466,0.316746,0.295202,-1.698160,1.586003,3.743457,-0.430557,-0.003743,-0.000541,-0.001325,0.000487,-0.000494,-0.007289,0.287032
22.624023,0.239889,-1.054714,-0.368837,0.463070,-1.063921,0.013541,0.395007,0.444244,-0.361213,-0.045346,0.148433,-0.498993,0.281960,0.070853,-0.384469,0.316750,0.295205,-1.698163,1.586004,3.743452,-0.430263,-0.003558,0.000794,-0.000039,-0.000622,-0.000586,-0.007136,0.288966
22.625075,0.237244,-1.056077,-0.370632,0.462866,-1.063627,0.009094,0.396277,0.446230,-0.364988,-0.043934,0.149777,-0.499145,0.280476,0.070576,-0.384471,0.316748,0.295203,-1.698159,1.586005,3.743446,-0.429981,-0.002905,-0.000231,-0.000637,0.000589,-0.000434,-0.007484,0.287599
22.625983,0.238406,-1.060602,-0.373345,0.462464,-1.066049,0.005711,0.396099,0.444566,-0.369137,-0.045446,0.151502,-0.499229,0.279132,0.070291,-0.384472,0.316746,0.295203,-1.698161,1.586004,3.743442,-0.429694,-0.002693,-0.000749,-0.000527,0.000090,-0.001303,-0.006240,0.286864
22.626990,0.235215,-1.061402,-0.371976,0.460744,-1.066445,0.001903,0.396861,0.441073,-0.372278,-0.048451,0.152906,-0.499221,0.277770,0.070003,-0.384479,0.316748,0.295204,-1.698161,1.586008,3.743438,-0.429406,-0.004182,0.000453,0.000123,-0.000134,0.000615,-0.005630,0.288630
22.628093,0.230807,-1.066255,-0.376940,0.462787,-1.067304,-0.002074,0.397231,0.438638,-0.375986,-0.050580,0.154542,-0.499297,0.276351,0.069731,-0.384482,0.316748,0.295201,-1.698157,1.586007,3.743433,-0.429118,-0.003600,-0.000341,-0.001306,0.000807,0.000450,-0.004899,0.288763
22.629064,0.228667,-1.069818,-0.377406,0.460149,-1.067188,-0.004708,0.397371,0.436752,-0.381038,-0.052204,0.156931,-0.499538,0.274902,0.069497,-0.384482,0.316750,0.295204,-1.698165,1.586007,3.743430,-0.428822,-0.002569,0.000797,0.000324,-0.001847,0.000715,-0.004299,0.289935
22.629945,0.227457,-1.068924,-0.379134,0.461289,-1.067906,-0.006563,0.398304,0.432242,-0.389541,-0.055779,0.161424,-0.500032,0.273604,0.069325,-0.384485,0.316752,0.295202,-1.698160,1.586006,3.743425,-0.428530,-0.002514,0.001423,-0.000178,0.000047,0.000078,-0.004631,0.291207
22.631020,0.225263,-1.071538,-0.380683,0.459144,-1.066280,-0.010401,0.398284,0.425304,-0.400559,-0.061191,0.167368,-0.500686,0.272449,0.069211,-0.384488,0.316750,0.295203,-1.698162,1.586004,3.743416,-0.428240,-0.002819,-0.000052,0.000005,-0.001694,0.000344,-0.005442,0.290633
22.631956,0.222068,-1.072188,-0.378365,0.457683,-1.068227,-0.012208,0.399418,0.417772,-0.410020,-0.067137,0.172591,-0.501261,0.271237,0.069132,-0.384491,0.316748,0.295203,-1.698160,1.586002,3.743413,-0.427947,-0.002829,0.000045,-0.000038,-0.000321,-0.001865,-0.004877,0.292530
22.633003,0.222832,-1.076496,-0.383688,0.458824,-1.069563,-0.015322,0.399469,0.411104,-0.415094,-0.072573,0.175351,-0.501547,0.269829,0.069068,-0.384492,0.316747,0.295197,-1.698157,1.586003,3.743406,-0.427653,-0.002212,-0.000720,-0.001859,0.000431,-0.000403,-0.005929,0.291681
22.634054,0.218508,-1.079096,-0.383554,0.458069,-1.068447,-0.018059,0.399002,0.406622,-0.416736,-0.076388,0.175945,-0.501615,0.268243,0.069010,-0.384499,0.316749,0.295201,-1.698163,1.586007,3.743398,-0.427348,-0.003651,0.000209,-0.000001,-0.001327,0.000319,-0.005980,0.293317
22.634968,0.216113,-1.081506,-0.384524,0.457594,-1.069564,-0.021190,0.399396,0.403794,-0.419023,-0.078828,0.176721,-0.501759,0.266656,0.068947,-0.384501,0.316749,0.295199,-1.698163,1.586004,3.743393,-0.427048,-0.002570,0.000273,-0.000875,-0.001272,-0.001362,-0.006454,0.296006
22.635946,0.214750,-1.082730,-0.390762,0.456437,-1.069661,-0.024772,0.398785,0.401209,-0.423509,-0.080944,0.178620,-0.502043,0.265174,0.068865,-0.384504,0.316751,0.295197,-1.698164,1.586004,3.743388,-0.426748,-0.002320,0.000395,-0.001058,-0.001425,-0.000719,-0.006099,0.296556
22.637055,0.210629,-1.085770,-0.390509,0.456093,-1.069467,-0.027523,0.399930,0.397144,-0.428361,-0.084185,0.180815,-0.502317,0.263756,0.068753,-0.384507,0.316749,0.295201,-1.698165,1.586004,3.743385,-0.426435,-0.002650,-0.000119,0.001300,-0.000896,-0.001161,-0.005508,0.299282
22.637950,0.208966,-1.086927,-0.391026,0.453918,-1.071076,-0.030054,0.400332,0.389784,-0.431790,-0.090103,0.182539,-0.502454,0.262366,0.068618,-0.384508,0.316749,0.295198,-1.698166,1.586004,3.743377,-0.426138,-0.001749,0.000118,0.000329,-0.001319,-0.001966,-0.006136,0.298879
22.639107,0.207924,-1.090319,-0.393075,0.454286,-1.070562,-0.032587,0.400379,0.379953,-0.433098,-0.098072,0.183288,-0.502413,0.260951,0.068470,-0.384510,0.316748,0.295196,-1.698164,1.586005,3.743372,-0.425834,-0.001866,-0.000335,-0.000065,0.000204,-0.000832,-0.006325,0.299373
22.640038,0.204922,-1.092944,-0.393338,0.452936,-1.070843,-0.035205,0.400760,0.370408,-0.432419,-0.105847,0.182845,-0.502242,0.259445,0.068343,-0.384515,0.316748,0.295196,-1.698166,1.586001,3.743363,-0.425530,-0.002528,0.000020,0.000085,-0.000936,-0.001958,-0.007312,0.301317
22.640951,0.205764,-1.096858,-0.394503,0.454008,-1.072414,-0.039028,0.401238,0.362719,-0.431398,-0.112049,0.181954,-0.502064,0.257877,0.068270,-0.384516,0.316748,0.295196,-1.698164,1.586000,3.743358,-0.425227,-0.001993,0.000248,-0.000496,-0.000251,-0.002163,-0.007518,0.301941
22.641946,0.202017,-1.094159,-0.393028,0.452282,-1.072829,-0.041241,0.401317,0.358016,-0.432843,-0.115632,0.182063,-0.502073,0.256298,0.068256,-0.384521,0.316749,0.295195,-1.698168,1.586002,3.743351,-0.424920,-0.003350,0.001136,-0.000595,-0.001894,-0.001089,-0.006453,0.302307
22.642999,0.202423,-1.102888,-0.396331,0.451190,-1.073765,-0.044482,0.401787,0.357674,-0.436116,-0.115511,0.183040,-0.502302,0.254584,0.068272,-0.384523,0.316743,0.295191,-1.698166,1.586001,3.743340,-0.424617,-0.002500,-0.001338,-0.002058,-0.000887,-0.001218,-0.007256,0.303734
22.643988,0.199514,-1.103587,-0.399348,0.449509,-1.074006,-0.047241,0.400896,0.361779,-0.439189,-0.111702,0.183794,-0.502618,0.252656,0.068289,-0.384530,0.316751,0.295193,-1.698164,1.586002,3.743332,-0.424308,-0.003768,0.001766,-0.001207,-0.000573,-0.000856,-0.007203,0.304501
22.644943,0.195226,-1.103491,-0.401146,0.449744,-1.074815,-0.049890,0.402701,0.374204,-0.448577,-0.100390,0.185661,-0.503348,0.248802,0.068291,-0.384530,0.316749,0.295195,-1.698165,1.586006,3.743317,-0.423691,-0.002217,-0.000214,-0.000308,-0.000450,-0.000905,-0.007695,0.305618
22.646059,0.193750,-1.103030,-0.402600,0.447644,-1.075829,-0.052497,0.403272,0.374204,-0.448577,-0.100390,0.185661,-0.503348,0.248802,0.068291,-0.384530,0.316749,0.295195,-1.698165,1.586006,3.743317,-0.423691,-0.002217,-0.000214,-0.000308,-0.000450,-0.000905,-0.007695,0.305618
22.647003,0.193238,-1.107955,-0.403034,0.447811,-1.076460,-0.055676,0.404295,0.376000,-0.447834,-0.098469,0.184134,-0.503308,0.246751,0.068236,-0.384534,0.316745,0.295192,-1.698162,1.586006,3.743307,-0.423381,-0.002637,-0.001703,-0.000408,0.000818,-0.000499,-0.008468,0.306392
22.647969,0.187042,-1.112023,-0.403450,0.447461,-1.076696,-0.058296,0.403682,0.375773,-0.434200,-0.098163,0.175659,-0.502533,0.242202,0.068033,-0.384537,0.316749,0.295187,-1.698165,1.586006,3.743294,-0.422762,-0.001273,0.000549,-0.001375,-0.000256,-0.000674,-0.008466,0.308464
22.649018,0.188610,-1.114134,-0.404802,0.446088,-1.077025,-0.062065,0.402700,0.375773,-0.434200,-0.098163,0.175659,-0.502533,0.242202,0.068033,-0.384537,0.316749,0.295187,-1.698165,1.586006,3.743294,-0.422762,-0.001273,0.000549,-0.001375,-0.000256,-0.000674,-0.008466,0.308464
22.649938,0.185274,-1.115157,-0.407626,0.446352,-1.076496,-0.065836,0.403131,0.375290,-0.431217,-0.098168,0.173346,-0.502378,0.240111,0.067951,-0.384543,0.316749,0.295187,-1.698164,1.586006,3.743287,-0.422440,-0.003143,0.000372,-0.001490,0.000373,-0.000913,-0.007874,0.312085
22.650950,0.184292,-1.117197,-0.407405,0.444753,-1.078359,-0.069149,0.401658,0.375389,-0.430478,-0.097619,0.172095,-0.502369,0.238107,0.067904,-0.384544,0.316747,0.295188,-1.698164,1.586003,3.743278,-0.422130,-0.002421,-0.000171,-0.000792,-0.000549,-0.001921,-0.006881,0.312529
22.652095,0.180341,-1.119271,-0.410211,0.442456,-1.079115,-0.072615,0.400753,0.376175,-0.429580,-0.096526,0.170868,-0.502382,0.236055,0.067879,-0.384547,0.316747,0.295184,-1.698163,1.586003,3.743273,-0.421801,-0.002989,-0.000326,-0.001641,0.000351,-0.000575,-0.006658,0.317033
22.652978,0.179360,-1.122786,-0.411076,0.443399,-1.079283,-0.075395,0.401224,0.377285,-0.426509,-0.095280,0.168526,-0.502269,0.233894,0.067878,-0.384547,0.316745,0.295185,-1.698160,1.586003,3.743266,-0.421475,-0.002219,-0.000600,-0.001109,0.001771,-0.000458,-0.006680,0.320738
22.653968,0.173664,-1.125764,-0.414986,0.441088,-1.078620,-0.077876,0.400718,0.378088,-0.421508,-0.094398,0.165063,-0.502011,0.231683,0.067901,-0.384550,0.316747,0.295183,-1.698163,1.586002,3.743257,-0.421152,-0.002650,0.000116,-0.001333,0.000271,-0.000762,-0.006563,0.320941
22.655113,0.173954,-1.125180,-0.414271,0.439585,-1.079857,-0.081088,0.401776,0.376457,-0.417150,-0.095496,0.161937,-0.501719,0.229616,0.067939,-0.384549,0.316747,0.295185,-1.698157,1.586001,3.743247,-0.420821,-0.000855,0.000448,-0.000138,0.001790,-0.001963,-0.007076,0.323420
22.656012,0.171034,-1.131442,-0.418701,0.442724,-1.080026,-0.082620,0.401219,0.371464,-0.412031,-0.099377,0.158369,-0.501265,0.227680,0.067983,-0.384553,0.316743,0.295180,-1.698156,1.586001,3.743243,-0.420501,-0.002199,-0.001148,-0.001336,0.002449,-0.001329,-0.007367,0.323205
22.657051,0.167381,-1.131993,-0.420097,0.440229,-1.082011,-0.086788,0.400012,0.364859,-0.406505,-0.104616,0.154641,-0.500745,0.225824,0.068034,-0.384554,0.316748,0.295184,-1.698165,1.586001,3.743233,-0.420170,-0.001670,0.000912,0.000178,-0.001123,-0.001656,-0.008547,0.325540
22.658206,0.165017,-1.133527,-0.417553,0.440970,-1.083128,-0.089280,0.400280,0.356182,-0.405041,-0.111404,0.153475,-0.500505,0.224205,0.068109,-0.384555,0.316747,0.295182,-1.698160,1.586004,3.743228,-0.419838,-0.000942,-0.000037,0.000095,0.000583,-0.000241,-0.007525,0.329548
22.659043,0.164467,-1.138791,-0.421034,0.439714,-1.083592,-0.091464,0.399476,0.345796,-0.406456,-0.119485,0.154356,-0.500513,0.222727,0.068221,-0.384556,0.316745,0.295175,-1.698164,1.586002,3.743216,-0.419501,-0.000993,-0.000588,-0.002000,-0.000904,0.000253,-0.008539,0.330872
22.660024,0.163713,-1.138914,-0.422593,0.440214,-1.084391,-0.094533,0.400862,0.337084,-0.409736,-0.126137,0.156402,-0.500735,0.221243,0.068353,-0.384560,0.316748,0.295177,-1.698162,1.586001,3.743209,-0.419158,-0.001569,0.001052,-0.000884,-0.000236,0.000272,-0.008883,0.333464
22.661045,0.159116,-1.140971,-0.424688,0.436737,-1.086064,-0.097028,0.400539,0.331241,-0.416448,-0.130305,0.160115,-0.501237,0.219801,0.068472,-0.384563,0.316745,0.295175,-1.698164,1.586004,3.743201,-0.418829,-0.002206,-0.000016,-0.000835,-0.001396,0.000512,-0.008783,0.332086
22.662072,0.159508,-1.139758,-0.423258,0.438852,-1.085682,-0.100744,0.399638,0.326943,-0.423539,-0.133172,0.163904,-0.501788,0.218316,0.068555,-0.384563,0.316744,0.295176,-1.698158,1.586003,3.743191,-0.418488,-0.000984,-0.000160,-0.000576,0.001261,0.001647,-0.009375,0.334261
22.662932,0.157664,-1.144726,-0.425792,0.436511,-1.085807,-0.103277,0.399568,0.323796,-0.426551,-0.135203,0.165585,-0.502121,0.216601,0.068615,-0.384567,0.316740,0.295172,-1.698167,1.586002,3.743183,-0.418148,-0.002249,-0.001927,-0.002041,-0.001385,0.000694,-0.008763,0.337590
22.663979,0.155119,-1.147012,-0.427045,0.436603,-1.086628,-0.105090,0.399410,0.323602,-0.425380,-0.134929,0.165139,-0.502273,0.214570,0.068678,-0.384569,0.316745,0.295173,-1.698164,1.586000,3.743172,-0.417806,-0.002203,-0.000473,-0.001420,0.000327,0.000384,-0.008822,0.338746
22.665148,0.153419,-1.149739,-0.432197,0.433162,-1.087504,-0.108422,0.398707,0.326103,-0.423222,-0.132474,0.163976,-0.502377,0.212401,0.068738,-0.384569,0.316744,0.295171,-1.698166,1.586001,3.743159,-0.417462,-0.002060,-0.000550,-0.001574,-0.000470,0.000628,-0.010164,0.340623
22.666093,0.150965,-1.148510,-0.430176,0.433025,-1.086566,-0.111681,0.397661,0.328749,-0.420904,-0.129925,0.162315,-0.502377,0.210279,0.068789,-0.384573,0.316743,0.295174,-1.698160,1.586003,3.743150,-0.417113,-0.002410,-0.000544,0.000084,0.002043,0.000855,-0.010365,0.343925
22.666982,0.150152,-1.153016,-0.433964,0.432785,-1.087867,-0.113266,0.397226,0.330534,-0.415124,-0.128243,0.158465,-0.502052,0.208114,0.068842,-0.384575,0.316739,0.295168,-1.698160,1.586000,3.743140,-0.416761,-0.002169,-0.002228,-0.001607,0.001494,-0.000582,-0.009949,0.347251
22.668028,0.145228,-1.157004,-0.432953,0.433183,-1.088154,-0.115303,0.398205,0.332148,-0.405202,-0.126877,0.152254,-0.501411,0.205817,0.068910,-0.384579,0.316739,0.295171,-1.698160,1.586001,3.743127,-0.416402,-0.002668,-0.000981,-0.000400,0.001132,0.000243,-0.011040,0.349165
22.669010,0.142823,-1.157763,-0.434389,0.433096,-1.088605,-0.119685,0.399024,0.333312,-0.396628,-0.125835,0.146700,-0.500817,0.203619,0.068989,-0.384579,0.316742,0.295167,-1.698162,1.586002,3.743115,-0.416058,-0.001311,-0.000240,-0.001673,0.000043,-0.000056,-0.012154,0.348733
22.670035,0.141580,-1.158890,-0.438813,0.431619,-1.088718,-0.121836,0.397625,0.333029,-0.393046,-0.125760,0.143926,-0.500504,0.201681,0.069060,-0.384580,0.316740,0.295166,-1.698164,1.586003,3.743108,-0.415707,-0.001153,-0.001003,-0.001682,-0.000487,-0.000143,-0.010732,0.348444
22.671042,0.144248,-1.161407,-0.441166,0.429998,-1.089028,-0.125091,0.398232,0.330678,-0.391596,-0.127233,0.142718,-0.500335,0.199847,0.069126,-0.384583,0.316738,0.295168,-1.698162,1.586001,3.743096,-0.415348,-0.001595,-0.001609,-0.000257,0.000244,-0.000575,-0.011686,0.352719
22.672021,0.138357,-1.163826,-0.440790,0.431155,-1.089952,-0.128366,0.397223,0.327531,-0.388595,-0.129397,0.140883,-0.500090,0.197943,0.069190,-0.384592,0.316736,0.295168,-1.698160,1.586000,3.743085,-0.414991,-0.003925,-0.001491,0.000147,0.001110,-0.000794,-0.011453,0.352856
22.673021,0.135451,-1.168940,-0.440907,0.428319,-1.091090,-0.131408,0.397045,0.325769,-0.384439,-0.130527,0.138348,-0.499808,0.195931,0.069238,-0.384590,0.316736,0.295165,-1.698165,1.586000,3.743073,-0.414625,-0.002006,-0.001418,-0.000770,-0.000621,-0.000402,-0.011117,0.356184
22.674036,0.134496,-1.172126,-0.440052,0.427652,-1.091398,-0.133309,0.397515,0.324764,-0.382053,-0.131023,0.136662,-0.499640,0.193928,0.069264,-0.384591,0.316738,0.295163,-1.698161,1.586002,3.743062,-0.414265,-0.001624,-0.000037,-0.001442,0.001466,0.000180,-0.011092,0.357884
22.675005,0.134355,-1.170634,-0.442577,0.426542,-1.092298,-0.136106,0.396489,0.324929,-0.383448,-0.130443,0.136416,-0.499646,0.192037,0.069274,-0.384595,0.316739,0.295160,-1.698161,1.586001,3.743048,-0.413902,-0.002187,0.000350,-0.002613,0.001409,-0.000065,-0.012244,0.358323
22.676004,0.130207,-1.174468,-0.445284,0.426275,-1.092133,-0.139151,0.397598,0.328567,-0.386598,-0.126979,0.136330,-0.499733,0.190131,0.069294,-0.384600,0.316734,0.295160,-1.698162,1.586002,3.743037,-0.413530,-0.003096,-0.001479,-0.002068,0.001863,0.000308,-0.012355,0.361627
22.677023,0.127280,-1.178610,-0.448742,0.426963,-1.092877,-0.143639,0.397914,0.334316,-0.387862,-0.121853,0.135049,-0.499735,0.188079,0.069325,-0.384601,0.316735,0.295159,-1.698160,1.585999,3.743028,-0.413173,-0.002059,-0.000720,-0.001474,0.001394,-0.000377,-0.012329,0.360737
22.678021,0.128528,-1.178855,-0.449057,0.425101,-1.092887,-0.145586,0.397854,0.337762,-0.389028,-0.118560,0.134102,-0.499734,0.186043,0.069344,-0.384602,0.316737,0.295163,-1.698165,1.586001,3.743017,-0.412809,-0.001675,0.000147,-0.000555,0.000120,-0.000199,-0.010895,0.361515
22.679018,0.125734,-1.181947,-0.447645,0.424838,-1.092673,-0.147642,0.398073,0.338321,-0.392240,-0.117526,0.134709,-0.499864,0.184101,0.069351,-0.384609,0.316734,0.295161,-1.698162,1.586000,3.743005,-0.412449,-0.003308,-0.000883,-0.001158,0.001242,-0.000729,-0.011980,0.363000
22.680001,0.122685,-1.184400,-0.451313,0.424121,-1.094029,-0.150950,0.398729,0.340146,-0.395638,-0.115508,0.135456,-0.500039,0.182086,0.069359,-0.384610,0.316736,0.295155,-1.698163,1.586001,3.742990,-0.412080,-0.002944,-0.000502,-0.002561,0.000805,-0.001497,-0.012902,0.363872
22.681014,0.120275,-1.185590,-0.456251,0.423444,-1.095541,-0.154928,0.401190,0.344188,-0.398985,-0.111741,0.136023,-0.500226,0.180001,0.069361,-0.384611,0.316736,0.295157,-1.698160,1.586002,3.742980,-0.411719,-0.002459,-0.000421,-0.001464,0.000793,-0.000666,-0.012543,0.363858
22.681953,0.119764,-1.186549,-0.457508,0.422777,-1.095007,-0.158972,0.401057,0.346345,-0.402148,-0.109515,0.136762,-0.500398,0.177948,0.069337,-0.384614,0.316734,0.295160,-1.698160,1.586003,3.742970,-0.411357,-0.002305,-0.000992,0.000195,0.000751,0.000282,-0.011618,0.360290
22.683078,0.115237,-1.191372,-0.458181,0.422708,-1.095730,-0.161879,0.403214,0.344378,-0.402949,-0.110727,0.136897,-0.500449,0.175867,0.069292,-0.384619,0.316732,0.295160,-1.698160,1.585999,3.742961,-0.410993,-0.003004,-0.001583,0.000091,0.000763,-0.000735,-0.010411,0.361780
22.683987,0.113197,-1.192941,-0.455830,0.421589,-1.096577,-0.165915,0.404016,0.339685,-0.401823,-0.114262,0.136544,-0.500420,0.173735,0.069253,-0.384620,0.316734,0.295158,-1.698163,1.586001,3.742947,-0.410643,-0.001908,-0.000483,-0.000407,0.000141,-0.000632,-0.010900,0.359175
22.684982,0.114794,-1.195230,-0.457860,0.421130,-1.095863,-0.168096,0.403851,0.334432,-0.401596,-0.118266,0.136824,-0.500476,0.171627,0.069229,-0.384623,0.316733,0.295151,-1.698162,1.585999,3.742940,-0.410284,-0.001831,-0.000767,-0.002208,0.000616,-0.000259,-0.009601,0.358701
22.686118,0.110685,-1.202304,-0.464783,0.421304,-1.097177,-0.171387,0.404672,0.332108,-0.402771,-0.119889,0.137585,-0.500667,0.169480,0.069236,-0.384630,0.316732,0.295150,-1.698163,1.585997,3.742927,-0.409921,-0.003633,-0.000759,-0.001919,0.000384,-0.001506,-0.010431,0.360386
22.687008,0.107550,-1.201426,-0.463827,0.419229,-1.098510,-0.173977,0.406268,0.332795,-0.407146,-0.119010,0.139603,-0.501076,0.167392,0.069280,-0.384631,0.316737,0.295156,-1.698164,1.586000,3.742916,-0.409561,-0.002753,0.001419,0.000636,-0.000538,-0.000825,-0.010561,0.360471
22.687970,0.104245,-1.203727,-0.463595,0.420914,-1.098641,-0.177495,0.407914,0.332000,-0.416122,-0.119255,0.143837,-0.501712,0.165569,0.069316,-0.384632,0.316735,0.295152,-1.698160,1.586002,3.742903,-0.409204,-0.002130,-0.000072,-0.000508,0.000848,0.000009,-0.010634,0.358319
22.689084,0.101218,-1.206549,-0.466531,0.417375,-1.100163,-0.179763,0.410026,0.328560,-0.426448,-0.121706,0.148946,-0.502403,0.163869,0.069300,-0.384633,0.316733,0.295149,-1.698169,1.586002,3.742893,-0.408856,-0.001491,-0.000009,-0.001319,-0.001324,-0.000398,-0.010012,0.356331
22.689999,0.100578,-1.207226,-0.466289,0.418734,-1.100164,-0.182791,0.408812,0.323405,-0.435807,-0.125676,0.153840,-0.503042,0.162143,0.069223,-0.384634,0.316731,0.295150,-1.698164,1.586003,3.742880,-0.408500,-0.001154,0.000132,-0.000695,0.001368,0.000525,-0.011112,0.353795
22.691004,0.100035,-1.213255,-0.466800,0.416708,-1.100137,-0.184998,0.411794,0.317305,-0.443165,-0.130568,0.157813,-0.503563,0.160354,0.069106,-0.384638,0.316727,0.295145,-1.698170,1.585999,3.742872,-0.408138,-0.001784,-0.000552,-0.001477,-0.000530,0.000054,-0.010843,0.357397
22.692032,0.096951,-1.213332,-0.468871,0.416202,-1.100920,-0.187326,0.412763,0.313293,-0.449702,-0.133868,0.161191,-0.504066,0.158480,0.068962,-0.384641,0.316732,0.295143,-1.698166,1.586000,3.742860,-0.407797,-0.002551,0.001257,-0.001953,0.000739,-0.000524,-0.011671,0.352804
22.693008,0.094368,-1.214175,-0.470474,0.414752,-1.102346,-0.191955,0.412183,0.312982,-0.457251,-0.134160,0.164638,-0.504645,0.156581,0.068779,-0.384642,0.316730,0.295142,-1.698166,1.586001,3.742844,-0.407443,-0.002082,0.000096,-0.001685,0.000519,-0.000305,-0.012410,0.352369
22.694044,0.095828,-1.218505,-0.470332,0.415087,-1.101891,-0.194185,0.412571,0.314180,-0.462893,-0.133274,0.166917,-0.505126,0.154593,0.068573,-0.384644,0.316729,0.295141,-1.698162,1.586002,3.742835,-0.407087,-0.001806,-0.000613,-0.001619,0.001207,0.000590,-0.010704,0.354865
22.694995,0.092344,-1.219255,-0.473165,0.413204,-1.103804,-0.196629,0.413639,0.316830,-0.465369,-0.131284,0.167597,-0.505484,0.152432,0.068405,-0.384652,0.316731,0.295137,-1.698166,1.585997,3.742821,-0.406726,-0.003566,0.000339,-0.002438,0.000217,-0.000395,-0.011606,0.355529
22.695997,0.091903,-1.223396,-0.474491,0.413566,-1.104035,-0.199505,0.415502,0.322550,-0.466789,-0.126839,0.167550,-0.505844,0.150163,0.068293,-0.384654,0.316729,0.295136,-1.698160,1.586002,3.742807,-0.406370,-0.002799,-0.000388,-0.001718,0.001335,0.000972,-0.012004,0.354617
22.697057,0.087700,-1.225049,-0.476561,0.413514,-1.104676,-0.202111,0.416142,0.330027,-0.468047,-0.121020,0.167252,-0.506220,0.147898,0.068203,-0.384659,0.316731,0.295135,-1.698164,1.586000,3.742797,-0.406024,-0.003606,0.000509,-0.001814,0.000341,0.000667,-0.012146,0.352298
22.697980,0.085032,-1.225091,-0.478236,0.412526,-1.104456,-0.204923,0.416470,0.337286,-0.470606,-0.115401,0.167713,-0.506678,0.145755,0.068110,-0.384658,0.316729,0.295135,-1.698164,1.585999,3.742784,-0.405670,-0.002623,0.000113,-0.001580,-0.000326,0.000743,-0.012735,0.352596
22.699032,0.082454,-1.227281,-0.476570,0.412261,-1.104224,-0.208318,0.417824,0.342137,-0.473568,-0.111783,0.168833,-0.507141,0.143737,0.068010,-0.384659,0.316727,0.295132,-1.698163,1.585998,3.742775,-0.405314,-0.002270,-0.000915,-0.001419,-0.000006,0.000031,-0.012703,0.353103
22.700003,0.081287,-1.233089,-0.478872,0.411207,-1.104771,-0.212344,0.417804,0.344161,-0.473970,-0.110564,0.169176,-0.507414,0.141708,0.067881,-0.384662,0.316726,0.295126,-1.698163,1.585997,3.742761,-0.404970,-0.002076,-0.001032,-0.002989,-0.000475,-0.000761,-0.012460,0.351947
22.701019,0.076500,-1.233920,-0.479279,0.411953,-1.104585,-0.215727,0.419594,0.345753,-0.473570,-0.109683,0.169201,-0.507595,0.139659,0.067700,-0.384667,0.316730,0.295125,-1.698163,1.585996,3.742751,-0.404613,-0.002482,0.000715,-0.002547,-0.000085,-0.000725,-0.011358,0.353306
22.702082,0.077892,-1.237779,-0.485930,0.409492,-1.106672,-0.218565,0.418418,0.347247,-0.475872,-0.108673,0.170473,-0.507869,0.137701,0.067481,-0.384666,0.316728,0.295120,-1.698166,1.585995,3.742741,-0.404266,-0.001160,-0.000057,-0.003072,-0.001466,-0.001462,-0.011050,0.351145
22.703017,0.075761,-1.239589,-0.485352,0.410022,-1.106804,-0.221734,0.420332,0.346951,-0.480578,-0.108897,0.172986,-0.508201,0.135857,0.067265,-0.384673,0.316730,0.295124,-1.698161,1.586001,3.742728,-0.403909,-0.002944,0.000630,-0.000575,0.000151,0.000009,-0.011411,0.355107
22.703943,0.069946,-1.238893,-0.484659,0.409533,-1.108398,-0.225640,0.420600,0.345117,-0.486322,-0.110270,0.175937,-0.508529,0.134085,0.067072,-0.384676,0.316732,0.295120,-1.698164,1.585999,3.742717,-0.403559,-0.002821,0.000417,-0.001558,-0.000975,-0.000364,-0.011048,0.352429
22.705064,0.069748,-1.242293,-0.486943,0.407557,-1.110514,-0.228352,0.420007,0.342446,-0.491470,-0.112338,0.178676,-0.508830,0.132262,0.066887,-0.384674,0.316728,0.295115,-1.698166,1.585999,3.742710,-0.403208,-0.000913,-0.000977,-0.002553,-0.001063,0.000741,-0.009943,0.353117
22.706047,0.069107,-1.245928,-0.489388,0.407515,-1.108947,-0.230409,0.417565,0.338737,-0.493500,-0.115336,0.180150,-0.509021,0.130252,0.066718,-0.384679,0.316727,0.295114,-1.698163,1.586003,3.742696,-0.402843,-0.001979,-0.000556,-0.002236,0.000067,0.002216,-0.010619,0.356007
22.707030,0.065808,-1.247342,-0.489854,0.406691,-1.110354,-0.233514,0.416125,0.335257,-0.493329,-0.118210,0.180374,-0.509146,0.128112,0.066596,-0.384684,0.316729,0.295112,-1.698164,1.585997,3.742681,-0.402473,-0.002647,0.000102,-0.001743,-0.000545,0.000132,-0.011503,0.362195
22.707987,0.064374,-1.246165,-0.489645,0.407930,-1.109603,-0.235469,0.417085,0.332875,-0.493408,-0.120200,0.180298,-0.509307,0.125977,0.066512,-0.384685,0.316729,0.295109,-1.698165,1.585999,3.742672,-0.402100,-0.002017,-0.000345,-0.002230,-0.000393,0.001020,-0.011355,0.366311
22.709052,0.064160,-1.251286,-0.493196,0.403828,-1.110305,-0.238964,0.415523,0.331433,-0.492751,-0.121483,0.179804,-0.509468,0.123790,0.066415,-0.384689,0.316723,0.295104,-1.698170,1.585996,3.742660,-0.401729,-0.002292,-0.001993,-0.003007,-0.002178,-0.000246,-0.012288,0.365541
22.710038,0.063256,-1.252463,-0.490077,0.404948,-1.111551,-0.241703,0.414268,0.331676,-0.489467,-0.121532,0.177966,-0.509512,0.121453,0.066278,-0.384693,0.316726,0.295105,-1.698163,1.585996,3.742648,-0.401354,-0.003286,-0.000682,-0.002034,0.001057,-0.000107,-0.011986,0.370200
22.710945,0.059127,-1.255065,-0.492004,0.403030,-1.111981,-0.244612,0.414492,0.335697,-0.484418,-0.118645,0.174626,-0.509443,0.118986,0.066119,-0.384697,0.316723,0.295096,-1.698166,1.586000,3.742637,-0.400972,-0.003830,-0.001219,-0.004270,-0.000708,0.000570,-0.012226,0.373934
22.712003,0.055953,-1.255852,-0.495652,0.404652,-1.112433,-0.248243,0.414119,0.344208,-0.479283,-0.112168,0.170588,-0.509377,0.116431,0.065950,-0.384698,0.316724,0.295092,-1.698163,1.585998,3.742626,-0.400597,-0.002702,-0.000980,-0.003929,0.000526,0.000522,-0.012035,0.374496
22.713070,0.052898,-1.261250,-0.492711,0.401514,-1.112238,-0.252026,0.412343,0.352909,-0.474212,-0.105521,0.166643,-0.509317,0.113883,0.065752,-0.384701,0.316722,0.295092,-1.698168,1.585998,3.742615,-0.400217,-0.002214,-0.001808,-0.002904,-0.001728,0.000398,-0.011592,0.376699
22.713948,0.050864,-1.264476,-0.498906,0.402026,-1.113777,-0.254378,0.411472,0.358750,-0.469776,-0.101126,0.163402,-0.509255,0.111443,0.065540,-0.384705,0.316724,0.295083,-1.698163,1.585996,3.742605,-0.399821,-0.001789,-0.000356,-0.005111,0.000580,-0.000365,-0.011038,0.381685
22.714992,0.050400,-1.264725,-0.497310,0.402739,-1.113474,-0.258033,0.412471,0.362055,-0.468170,-0.098650,0.161579,-0.509272,0.109216,0.065352,-0.384707,0.316726,0.295086,-1.698165,1.585999,3.742592,-0.399433,-0.001692,0.000211,-0.002664,-0.000530,0.000694,-0.011319,0.384305
22.715977,0.045042,-1.267138,-0.501711,0.400163,-1.114195,-0.260122,0.413154,0.362997,-0.470415,-0.097914,0.161799,-0.509468,0.107221,0.065176,-0.384711,0.316722,0.295079,-1.698168,1.585997,3.742586,-0.399045,-0.002529,-0.000853,-0.004211,-0.001876,-0.000179,-0.010834,0.383647
22.717056,0.043101,-1.268593,-0.504305,0.399538,-1.115671,-0.263928,0.413406,0.361693,-0.473898,-0.098920,0.163079,-0.509739,0.105310,0.064974,-0.384711,0.316721,0.295077,-1.698165,1.585998,3.742571,-0.398659,-0.000984,-0.000884,-0.002784,-0.000112,-0.000038,-0.011944,0.383698
22.718067,0.042478,-1.272273,-0.502307,0.400141,-1.114763,-0.267445,0.412859,0.356420,-0.474900,-0.103207,0.163507,-0.509814,0.103403,0.064714,-0.384714,0.316719,0.295076,-1.698164,1.586000,3.742562,-0.398272,-0.001365,-0.001627,-0.002461,-0.000417,0.000730,-0.011934,0.385110
22.718965,0.042317,-1.275359,-0.504929,0.396348,-1.115748,-0.268558,0.413130,0.348961,-0.473546,-0.109321,0.163049,-0.509746,0.101448,0.064406,-0.384719,0.316718,0.295067,-1.698169,1.585996,3.742548,-0.397878,-0.002284,-0.001166,-0.004286,-0.001745,-0.000812,-0.011952,0.387877
22.719946,0.038488,-1.277178,-0.506598,0.396455,-1.116464,-0.272553,0.412775,0.344895,-0.471997,-0.112677,0.162203,-0.509714,0.099396,0.064065,-0.384724,0.316720,0.295065,-1.698162,1.585997,3.742532,-0.397491,-0.003282,-0.000882,-0.003738,0.001176,-0.000391,-0.013973,0.388641
22.721125,0.034719,-1.280703,-0.508218,0.395810,-1.117588,-0.276949,0.413880,0.345114,-0.469861,-0.112606,0.160246,-0.509626,0.097273,0.063681,-0.384725,0.316716,0.295061,-1.698164,1.585996,3.742523,-0.397094,-0.002582,-0.001296,-0.003756,0.000260,-0.000300,-0.013415,0.390917
22.722000,0.036529,-1.280594,-0.511072,0.394916,-1.118293,-0.280511,0.412215,0.346642,-0.466886,-0.111520,0.157474,-0.509455,0.095121,0.063292,-0.384726,0.316715,0.295056,-1.698164,1.585995,3.742511,-0.396697,-0.002179,-0.001147,-0.003953,-0.000070,0.000081,-0.013168,0.390870
22.723000,0.032331,-1.285252,-0.511778,0.394398,-1.118578,-0.283348,0.411480,0.348660,-0.462928,-0.110061,0.154301,-0.509260,0.092894,0.062967,-0.384735,0.316713,0.295055,-1.698165,1.585998,3.742499,-0.396295,-0.004114,-0.002394,-0.003291,0.000101,0.000201,-0.012659,0.395436
22.723994,0.028623,-1.287048,-0.512344,0.392439,-1.119503,-0.286362,0.413239,0.352200,-0.457557,-0.107430,0.150518,-0.509063,0.090534,0.062717,-0.384735,0.316713,0.295051,-1.698165,1.585997,3.742485,-0.395891,-0.003263,-0.001430,-0.003807,-0.000219,-0.000153,-0.013328,0.398477
22.724932,0.028100,-1.289630,-0.515347,0.392705,-1.119507,-0.289179,0.410880,0.356432,-0.451904,-0.104292,0.146583,-0.508888,0.088143,0.062506,-0.384736,0.316713,0.295047,-1.698161,1.585998,3.742472,-0.395500,-0.002656,-0.001915,-0.004384,0.000829,0.000131,-0.013795,0.396526
22.726081,0.024400,-1.295802,-0.521507,0.391946,-1.120785,-0.294137,0.409266,0.360182,-0.446326,-0.101588,0.142642,-0.508704,0.085788,0.062314,-0.384739,0.316710,0.295043,-1.698164,1.585996,3.742459,-0.395082,-0.003561,-0.001889,-0.003662,-0.000161,-0.000461,-0.014256,0.402652
22.726996,0.024084,-1.298918,-0.516691,0.390956,-1.121098,-0.296697,0.410616,0.361886,-0.442696,-0.100492,0.139823,-0.508609,0.083573,0.062142,-0.384740,0.316712,0.295045,-1.698164,1.585998,3.742447,-0.394658,-0.003143,-0.000396,-0.001631,-0.000339,0.000076,-0.013320,0.407852
22.727997,0.017613,-1.301240,-0.518470,0.390288,-1.119126,-0.300183,0.409731,0.361981,-0.444334,-0.100522,0.139687,-0.508795,0.081616,0.061974,-0.384747,0.316713,0.295034,-1.698164,1.585999,3.742432,-0.394254,-0.004085,-0.000132,-0.004784,-0.000103,-0.000213,-0.013962,0.406400
22.729125,0.017178,-1.302994,-0.521245,0.389363,-1.121419,-0.304258,0.409938,0.363270,-0.450923,-0.099400,0.141725,-0.509232,0.079833,0.061797,-0.384745,0.316712,0.295030,-1.698164,1.585992,3.742420,-0.393835,-0.002114,-0.000340,-0.004722,-0.000272,-0.002787,-0.013980,0.409744
22.729997,0.013411,-1.303698,-0.524737,0.388301,-1.121505,-0.306322,0.410733,0.364934,-0.458994,-0.097867,0.144373,-0.509695,0.078106,0.061601,-0.384751,0.316709,0.295026,-1.698166,1.585996,3.742408,-0.393417,-0.003287,-0.001000,-0.004309,-0.000242,-0.001214,-0.013865,0.411251
22.731036,0.013348,-1.310932,-0.522635,0.386926,-1.122789,-0.311604,0.410776,0.364710,-0.464709,-0.097882,0.146111,-0.509976,0.076349,0.061375,-0.384752,0.316705,0.295025,-1.698165,1.585994,3.742392,-0.393008,-0.002475,-0.001804,-0.003332,0.000054,-0.001684,-0.014838,0.410794
22.732045,0.012014,-1.311664,-0.530000,0.386928,-1.125044,-0.315764,0.410161,0.363598,-0.468226,-0.098653,0.146859,-0.510092,0.074560,0.061127,-0.384757,0.316710,0.295016,-1.698165,1.585991,3.742384,-0.392584,-0.003724,0.000350,-0.005245,0.000566,-0.001033,-0.013195,0.412354
22.733090,0.007169,-1.313958,-0.528717,0.385903,-1.125658,-0.319410,0.412003,0.363904,-0.472825,-0.098218,0.147980,-0.510262,0.072786,0.060879,-0.384762,0.316708,0.295019,-1.698166,1.585994,3.742373,-0.392170,-0.004270,-0.000688,-0.002458,-0.000248,0.000554,-0.012598,0.415175
22.734072,0.001728,-1.316816,-0.533977,0.383975,-1.127075,-0.323052,0.413550,0.364409,-0.477961,-0.097592,0.149585,-0.510495,0.070993,0.060641,-0.384763,0.316706,0.295011,-1.698166,1.585996,3.742358,-0.391759,-0.003142,-0.000952,-0.003998,-0.000084,0.000467,-0.012603,0.413138
22.734983,0.001926,-1.320431,-0.533940,0.383514,-1.127246,-0.326150,0.412439,0.361288,-0.481045,-0.099969,0.150726,-0.510583,0.069181,0.060409,-0.384763,0.316705,0.295013,-1.698165,1.585997,3.742348,-0.391346,-0.001668,-0.000869,-0.002249,0.000993,0.001253,-0.012413,0.411543
22.735997,-0.001227,-1.324569,-0.534843,0.381684,-1.127549,-0.329335,0.413519,0.353259,-0.482221,-0.106397,0.151280,-0.510467,0.067420,0.060181,-0.384770,0.316702,0.295008,-1.698165,1.585996,3.742334,-0.390919,-0.002870,-0.000288,-0.003059,0.000681,0.000842,-0.012490,0.415019
22.736947,-0.005029,-1.323055,-0.536255,0.382854,-1.128715,-0.331932,0.414213,0.343656,-0.483775,-0.114131,0.151867,-0.510290,0.065732,0.059969,-0.384773,0.316703,0.295005,-1.698161,1.585996,3.742323,-0.390512,-0.002527,0.000368,-0.003476,0.001585,0.000495,-0.012872,0.414439
22.737954,-0.003994,-1.327663,-0.536810,0.383153,-1.128529,-0.335848,0.413951,0.334553,-0.485730,-0.121522,0.152477,-0.510097,0.064058,0.059758,-0.384775,0.316697,0.295001,-1.698165,1.585998,3.742310,-0.390104,-0.001804,-0.001658,-0.003585,-0.000311,0.001038,-0.013601,0.414461
22.738983,-0.010010,-1.329506,-0.541416,0.381276,-1.128638,-0.339239,0.416156,0.326583,-0.487183,-0.128086,0.153216,-0.509944,0.062298,0.059528,-0.384782,0.316700,0.294996,-1.698168,1.585993,3.742298,-0.389681,-0.003539,-0.000749,-0.004163,-0.001349,0.000241,-0.013203,0.416538
22.739995,-0.012912,-1.333211,-0.544742,0.379893,-1.129755,-0.343224,0.416412,0.320163,-0.488927,-0.133444,0.154568,-0.509903,0.060452,0.059280,-0.384781,0.316698,0.294996,-1.698166,1.585992,3.742289,-0.389274,-0.001815,-0.001236,-0.002767,-0.000359,-0.000298,-0.013451,0.413743
22.741010,-0.015346,-1.334743,-0.543700,0.378174,-1.130861,-0.345731,0.416844,0.311517,-0.490056,-0.140668,0.155933,-0.509786,0.058617,0.059015,-0.384784,0.316699,0.294993,-1.698166,1.585994,3.742275,-0.388860,-0.001626,-0.000788,-0.001985,0.000177,0.000162,-0.012994,0.414853
22.741985,-0.017273,-1.337477,-0.543315,0.379665,-1.130481,-0.348341,0.417498,0.299541,-0.489176,-0.150694,0.156344,-0.509462,0.056789,0.058757,-0.384787,0.316695,0.294985,-1.698163,1.585996,3.742260,-0.388442,-0.001663,-0.001384,-0.003354,0.000967,0.000593,-0.014044,0.415562
22.743077,-0.016088,-1.340493,-0.548654,0.378680,-1.131412,-0.352321,0.416417,0.280987,-0.485975,-0.166369,0.155943,-0.508842,0.052901,0.058380,-0.384798,0.316691,0.294982,-1.698167,1.585993,3.742232,-0.387591,-0.003804,-0.001323,-0.002687,-0.001166,-0.000151,-0.014673,0.419660
22.743974,-0.019783,-1.343614,-0.548207,0.377460,-1.132770,-0.354339,0.418177,0.280987,-0.485975,-0.166369,0.155943,-0.508842,0.052901,0.058380,-0.384798,0.316691,0.294982,-1.698167,1.585993,3.742232,-0.387591,-0.003804,-0.001323,-0.002687,-0.001166,-0.000151,-0.014673,0.419660
22.744996,-0.020318,-1.348132,-0.552072,0.376211,-1.133328,-0.357574,0.419799,0.277829,-0.486951,-0.169063,0.156839,-0.508831,0.050877,0.058254,-0.384800,0.316692,0.294976,-1.698167,1.585997,3.742217,-0.387178,-0.003043,-0.001014,-0.003668,-0.000701,0.000600,-0.015786,0.417293
22.746022,-0.023175,-1.349558,-0.552197,0.375929,-1.132827,-0.361997,0.419505,0.277820,-0.490292,-0.169077,0.158490,-0.508989,0.048893,0.058113,-0.384804,0.316692,0.294974,-1.698165,1.585995,3.742200,-0.386769,-0.004048,-0.000156,-0.002621,-0.000351,0.000511,-0.016095,0.415694
22.747018,-0.023084,-1.349576,-0.551939,0.377028,-1.133600,-0.364980,0.420990,0.280172,-0.496016,-0.167052,0.160820,-0.509285,0.046965,0.057948,-0.384807,0.316689,0.294971,-1.698166,1.585991,3.742183,-0.386345,-0.003871,-0.000840,-0.003465,-0.000891,-0.000619,-0.015232,0.417905
22.748012,-0.025005,-1.352145,-0.558901,0.373596,-1.134995,-0.369123,0.422017,0.285815,-0.502100,-0.162279,0.163183,-0.509673,0.044916,0.057769,-0.384814,0.316684,0.294964,-1.698174,1.585992,3.742168,-0.385929,-0.005108,-0.002158,-0.004419,-0.002646,-0.000477,-0.015734,0.416422
22.749067,-0.027925,-1.355777,-0.555262,0.371728,-1.135235,-0.372322,0.422298,0.294580,-0.505359,-0.155008,0.164307,-0.510004,0.042599,0.057561,-0.384822,0.316683,0.294968,-1.698169,1.585993,3.742154,-0.385518,-0.005308,-0.002223,-0.001851,-0.000118,0.000272,-0.015055,0.415913
22.749944,-0.031617,-1.360132,-0.565106,0.371761,-1.137267,-0.376196,0.422797,0.304653,-0.503917,-0.146834,0.162859,-0.510059,0.040058,0.057324,-0.384825,0.316682,0.294958,-1.698165,1.585991,3.742138,-0.385097,-0.005148,-0.001853,-0.004556,0.000767,-0.000161,-0.015542,0.417059
22.750948,-0.029125,-1.359469,-0.561389,0.369999,-1.136633,-0.378897,0.422903,0.313307,-0.500089,-0.139911,0.159791,-0.509884,0.037512,0.057076,-0.384827,0.316685,0.294964,-1.698167,1.585995,3.742124,-0.384682,-0.004384,-0.000917,-0.000434,0.000014,0.001290,-0.014710,0.417197
22.752008,-0.032321,-1.362039,-0.565784,0.370525,-1.136733,-0.383117,0.425161,0.319221,-0.495732,-0.135233,0.156281,-0.509616,0.035066,0.056840,-0.384839,0.316679,0.294958,-1.698165,1.585994,3.742107,-0.384259,-0.006797,-0.002590,-0.003189,0.000908,0.000000,-0.015516,0.418518
22.753006,-0.036929,-1.364120,-0.568689,0.369848,-1.137389,-0.387260,0.423691,0.325839,-0.489233,-0.130080,0.151534,-0.509256,0.032541,0.056625,-0.384843,0.316676,0.294957,-1.698168,1.585992,3.742091,-0.383845,-0.006467,-0.002721,-0.001907,-0.000433,-0.000558,-0.014981,0.415698
22.754111,-0.036234,-1.371725,-0.568753,0.367685,-1.138432,-0.390522,0.423928,0.332255,-0.480601,-0.125187,0.145987,-0.508831,0.029929,0.056416,-0.384845,0.316673,0.294956,-1.698168,1.585993,3.742078,-0.383414,-0.005395,-0.003024,-0.001349,-0.000575,-0.000543,-0.014330,0.420180
22.755063,-0.037659,-1.369112,-0.570956,0.369229,-1.138440,-0.393545,0.422940,0.336384,-0.473185,-0.122136,0.141352,-0.508479,0.027430,0.056208,-0.384855,0.316677,0.294951,-1.698164,1.585993,3.742062,-0.382993,-0.007058,-0.000778,-0.002273,0.000576,-0.000206,-0.014940,0.421529
22.756086,-0.046228,-1.373381,-0.569200,0.366830,-1.139027,-0.395890,0.422959,0.341557,-0.469240,-0.118185,0.138311,-0.508351,0.025062,0.055993,-0.384863,0.316668,0.294950,-1.698172,1.585991,3.742047,-0.382556,-0.007440,-0.003332,-0.002003,-0.001614,-0.000794,-0.015230,0.424816
22.757013,-0.047797,-1.375990,-0.573267,0.364997,-1.140448,-0.399099,0.423024,0.347356,-0.466548,-0.113748,0.136074,-0.508344,0.022730,0.055767,-0.384862,0.316667,0.294943,-1.698169,1.585991,3.742028,-0.382127,-0.004434,-0.002565,-0.003743,-0.000096,-0.000863,-0.016440,0.426320
22.758004,-0.047700,-1.378164,-0.575227,0.366052,-1.141208,-0.403572,0.421560,0.349860,-0.463052,-0.112024,0.133684,-0.508236,0.020494,0.055535,-0.384868,0.316666,0.294944,-1.698169,1.585992,3.742013,-0.381696,-0.004782,-0.002537,-0.002531,0.000954,-0.000035,-0.016446,0.427429
22.758994,-0.050773,-1.381230,-0.576250,0.363687,-1.142406,-0.406592,0.421553,0.348828,-0.459343,-0.113133,0.131284,-0.508046,0.018388,0.055310,-0.384874,0.316663,0.294941,-1.698171,1.585991,3.742002,-0.381259,-0.006023,-0.002794,-0.002428,-0.000900,0.000088,-0.015439,0.431812
22.759961,-0.053944,-1.384131,-0.581545,0.362471,-1.141269,-0.409954,0.420323,0.346876,-0.456304,-0.114895,0.129383,-0.507913,0.016322,0.055115,-0.384880,0.316660,0.294939,-1.698169,1.585994,3.741982,-0.380816,-0.005659,-0.002591,-0.002782,0.000621,0.000632,-0.015858,0.433196
22.761092,-0.053127,-1.387168,-0.586226,0.361931,-1.140790,-0.413898,0.419111,0.343645,-0.453570,-0.117610,0.127610,-0.507760,0.014316,0.054947,-0.384884,0.316657,0.294940,-1.698167,1.585989,3.741967,-0.380371,-0.005251,-0.002441,-0.001006,0.000980,-0.001102,-0.015865,0.436994
22.762039,-0.057043,-1.392283,-0.582502,0.360942,-1.142378,-0.418086,0.420271,0.337221,-0.450588,-0.122875,0.125600,-0.507463,0.012437,0.054798,-0.384894,0.316654,0.294941,-1.698167,1.585986,3.741953,-0.379924,-0.006997,-0.002450,0.000299,0.000558,-0.002268,-0.015885,0.441256
22.762972,-0.059108,-1.394406,-0.586478,0.360841,-1.143492,-0.420275,0.419077,0.329929,-0.449324,-0.128792,0.124224,-0.507169,0.010668,0.054680,-0.384899,0.316655,0.294932,-1.698165,1.585985,3.741939,-0.379483,-0.006159,-0.001201,-0.002357,0.000716,-0.001262,-0.014993,0.440147
22.764013,-0.062191,-1.396372,-0.588107,0.361008,-1.144429,-0.422118,0.418633,0.324509,-0.452389,-0.133081,0.124689,-0.507092,0.008994,0.054606,-0.384905,0.316652,0.294933,-1.698166,1.585988,3.741921,-0.379036,-0.006242,-0.001414,-0.001184,0.000074,-0.000772,-0.016049,0.443775
22.765013,-0.065724,-1.396327,-0.589142,0.358447,-1.144883,-0.424669,0.417898,0.319664,-0.459499,-0.136794,0.127243,-0.507256,0.007442,0.054577,-0.384912,0.316649,0.294930,-1.698171,1.585987,3.741901,-0.378579,-0.005942,-0.001837,-0.001294,-0.000863,-0.000498,-0.017817,0.446159
22.765982,-0.066931,-1.399237,-0.586698,0.357681,-1.145806,-0.428822,0.416050,0.313712,-0.466636,-0.141429,0.130165,-0.507434,0.005940,0.054578,-0.384916,0.316644,0.294928,-1.698167,1.585987,3.741882,-0.378125,-0.005391,-0.003192,-0.001649,0.000806,-0.000689,-0.018723,0.449017
22.767007,-0.069344,-1.404465,-0.591130,0.357913,-1.147220,-0.432568,0.416482,0.308325,-0.469670,-0.145761,0.131072,-0.507384,0.004296,0.054592,-0.384923,0.316641,0.294921,-1.698167,1.585987,3.741865,-0.377663,-0.005951,-0.003023,-0.003680,0.000745,-0.000383,-0.017918,0.453987
22.768013,-0.069599,-1.402012,-0.597188,0.357333,-1.146964,-0.434977,0.416754,0.305876,-0.470735,-0.147739,0.130779,-0.507269,0.002496,0.054607,-0.384927,0.316642,0.294919,-1.698169,1.585989,3.741849,-0.377202,-0.005985,-0.001827,-0.002344,-0.000295,0.000355,-0.017749,0.454513
22.768986,-0.070045,-1.408757,-0.595908,0.354691,-1.148168,-0.437954,0.415050,0.304470,-0.471879,-0.148783,0.130713,-0.507237,0.000638,0.054601,-0.384935,0.316634,0.294924,-1.698169,1.585989,3.741828,-0.376749,-0.007047,-0.004384,-0.000269,-0.000540,-0.000563,-0.018825,0.455382
22.770019,-0.073977,-1.410829,-0.599544,0.355457,-1.148560,-0.441376,0.416511,0.303156,-0.471057,-0.149781,0.129846,-0.507144,-0.001309,0.054570,-0.384946,0.316637,0.294918,-1.698164,1.585991,3.741808,-0.376280,-0.007931,-0.002347,-0.001753,0.001174,0.000014,-0.019210,0.460065
22.771048,-0.075544,-1.414388,-0.600297,0.354478,-1.148257,-0.444178,0.416007,0.303466,-0.470098,-0.149496,0.128591,-0.507063,-0.003280,0.054521,-0.384951,0.316633,0.294917,-1.698167,1.585989,3.741790,-0.375821,-0.007199,-0.002713,-0.000835,-0.000416,-0.000249,-0.019369,0.458547
22.772004,-0.078843,-1.414581,-0.600264,0.354111,-1.151100,-0.446605,0.415077,0.304408,-0.471740,-0.148634,0.128457,-0.507147,-0.005151,0.054457,-0.384960,0.316629,0.294914,-1.698168,1.585986,3.741767,-0.375357,-0.007628,-0.002309,-0.001370,-0.000232,-0.001186,-0.020121,0.461030
22.772996,-0.080678,-1.417668,-0.607274,0.352825,-1.150783,-0.449601,0.415540,0.305544,-0.475011,-0.147558,0.129256,-0.507375,-0.006970,0.054394,-0.384965,0.316626,0.294911,-1.698171,1.585991,3.741746,-0.374883,-0.007117,-0.003510,-0.002215,-0.000618,0.001030,-0.020990,0.464062
22.773934,-0.085057,-1.422299,-0.604057,0.351117,-1.150972,-0.454403,0.417493,0.305780,-0.477547,-0.147239,0.130016,-0.507620,-0.008805,0.054323,-0.384974,0.316623,0.294916,-1.698169,1.585989,3.741726,-0.374413,-0.007361,-0.003287,0.000364,-0.000184,0.000061,-0.021418,0.464406
22.774939,-0.085991,-1.424021,-0.606457,0.352265,-1.151202,-0.457560,0.418901,0.303206,-0.479113,-0.149236,0.130529,-0.507797,-0.010603,0.054214,-0.384977,0.316623,0.294910,-1.698168,1.585988,3.741709,-0.373961,-0.006308,-0.002264,-0.002068,0.000711,-0.000338,-0.019849,0.461661
22.776010,-0.087081,-1.428980,-0.609124,0.349362,-1.152317,-0.460797,0.417495,0.299437,-0.481851,-0.152132,0.131582,-0.508008,-0.012352,0.054077,-0.384986,0.316618,0.294909,-1.698172,1.585987,3.741685,-0.373497,-0.007028,-0.002751,-0.001737,-0.001208,-0.000738,-0.020162,0.460218
22.776949,-0.087422,-1.426530,-0.610945,0.349725,-1.152333,-0.463607,0.417402,0.296716,-0.486986,-0.154041,0.133676,-0.508358,-0.014082,0.053964,-0.384995,0.316618,0.294908,-1.698166,1.585988,3.741664,-0.373028,-0.007731,-0.001739,-0.001359,0.000697,-0.000317,-0.020632,0.464637
22.777983,-0.092311,-1.429169,-0.611862,0.348107,-1.154184,-0.467219,0.420020,0.296004,-0.492127,-0.154309,0.135482,-0.508716,-0.015876,0.053903,-0.385005,0.316610,0.294907,-1.698169,1.585987,3.741641,-0.372560,-0.008642,-0.004200,-0.001289,-0.000403,-0.000897,-0.021045,0.465924
22.778992,-0.091936,-1.431959,-0.613161,0.347332,-1.154266,-0.471374,0.419798,0.296833,-0.492909,-0.153505,0.135097,-0.508858,-0.017896,0.053868,-0.385012,0.316607,0.294904,-1.698167,1.585988,3.741622,-0.372102,-0.007407,-0.004251,-0.001742,0.000325,0.000292,-0.021014,0.462120
22.779999,-0.096724,-1.435921,-0.613805,0.348966,-1.154690,-0.475314,0.420422,0.298534,-0.488768,-0.152201,0.132423,-0.508761,-0.020153,0.053828,-0.385023,0.316604,0.294903,-1.698166,1.585986,3.741602,-0.371642,-0.008770,-0.004213,-0.001993,0.000223,-0.000267,-0.020346,0.464006
22.780946,-0.096059,-1.438013,-0.616496,0.346552,-1.155721,-0.478697,0.420132,0.305329,-0.481717,-0.146885,0.128386,-0.508788,-0.024822,0.053762,-0.385039,0.316598,0.294901,-1.698169,1.585988,3.741561,-0.370712,-0.008993,-0.003814,-0.002056,-0.000516,-0.000078,-0.019774,0.465871
22.782030,-0.099827,-1.442213,-0.617385,0.345540,-1.155538,-0.482969,0.420430,0.305329,-0.481717,-0.146885,0.128386,-0.508788,-0.024822,0.053762,-0.385039,0.316598,0.294901,-1.698169,1.585988,3.741561,-0.370712,-0.008993,-0.003814,-0.002056,-0.000516,-0.000078,-0.019774,0.465871
22.782958,-0.101507,-1.444830,-0.618923,0.344063,-1.156322,-0.486705,0.423571,0.310067,-0.481739,-0.143046,0.128277,-0.509030,-0.027094,0.053694,-0.385044,0.316597,0.294897,-1.698169,1.585985,3.741541,-0.370244,-0.008400,-0.003192,-0.002555,-0.000422,-0.000937,-0.019253,0.466862
22.783990,-0.102340,-1.445440,-0.623993,0.341866,-1.156067,-0.489305,0.422122,0.315463,-0.483100,-0.138607,0.128470,-0.509286,-0.029338,0.053543,-0.385053,0.316594,0.294894,-1.698169,1.585988,3.741523,-0.369783,-0.008640,-0.003137,-0.002586,0.000272,-0.000767,-0.018729,0.461645
22.785025,-0.106853,-1.447403,-0.626154,0.342770,-1.157161,-0.492970,0.422057,0.320378,-0.483500,-0.134539,0.127765,-0.509389,-0.031619,0.053338,-0.385064,0.316588,0.294895,-1.698165,1.585983,3.741499,-0.369312,-0.009408,-0.004207,-0.000979,0.001532,-0.001647,-0.019697,0.466057
22.786018,-0.109396,-1.452703,-0.627772,0.341106,-1.157669,-0.495451,0.423594,0.322580,-0.479998,-0.132765,0.125035,-0.509175,-0.034008,0.053146,-0.385071,0.316583,0.294892,-1.698169,1.585982,3.741477,-0.368840,-0.008362,-0.004585,-0.000819,-0.000185,-0.001195,-0.019590,0.467583
22.787041,-0.113803,-1.456138,-0.628959,0.340457,-1.158610,-0.498276,0.422200,0.320312,-0.474657,-0.134646,0.121761,-0.508784,-0.036389,0.052979,-0.385081,0.316582,0.294892,-1.698169,1.585983,3.741453,-0.368383,-0.008248,-0.003276,-0.000901,0.000674,-0.001334,-0.020531,0.465825
22.788025,-0.109815,-1.459804,-0.627189,0.338928,-1.157338,-0.501125,0.422897,0.313883,-0.471652,-0.139785,0.119897,-0.508437,-0.038579,0.052840,-0.385086,0.316580,0.294889,-1.698169,1.585985,3.741430,-0.367901,-0.007265,-0.002965,-0.001206,0.000476,-0.001067,-0.021224,0.470019
22.789007,-0.115568,-1.458829,-0.633140,0.337114,-1.160157,-0.504331,0.423359,0.307694,-0.472672,-0.144565,0.119681,-0.508256,-0.040609,0.052768,-0.385103,0.316579,0.294883,-1.698167,1.585980,3.741409,-0.367424,-0.010348,-0.002477,-0.002921,0.001148,-0.002946,-0.021765,0.469822
22.789953,-0.118141,-1.459534,-0.633531,0.338969,-1.159921,-0.506518,0.424288,0.305503,-0.474955,-0.146045,0.119379,-0.508138,-0.042710,0.052755,-0.385109,0.316570,0.294886,-1.698165,1.585985,3.741383,-0.366958,-0.008602,-0.004238,-0.000833,0.002088,-0.000762,-0.021915,0.470181
22.791039,-0.123128,-1.463475,-0.632975,0.335901,-1.161516,-0.509372,0.426867,0.303494,-0.473836,-0.147475,0.117462,-0.507852,-0.045002,0.052737,-0.385118,0.316564,0.294885,-1.698172,1.585981,3.741357,-0.366486,-0.008420,-0.005113,-0.001510,-0.000408,-0.001596,-0.022968,0.469452
22.792018,-0.120111,-1.468146,-0.635967,0.337582,-1.161345,-0.512382,0.425907,0.298815,-0.468940,-0.151163,0.114418,-0.507403,-0.047426,0.052673,-0.385122,0.316561,0.294879,-1.698167,1.585983,3.741332,-0.366024,-0.007244,-0.004589,-0.002704,0.001672,-0.000696,-0.023848,0.465890
22.792948,-0.121993,-1.470365,-0.637679,0.334836,-1.163310,-0.516175,0.426365,0.294275,-0.464400,-0.154672,0.111913,-0.507024,-0.049839,0.052581,-0.385137,0.316560,0.294878,-1.698175,1.585981,3.741307,-0.365551,-0.009860,-0.003588,-0.002062,-0.000687,-0.001497,-0.024187,0.469121
22.794070,-0.126824,-1.474705,-0.638122,0.334051,-1.164163,-0.518544,0.427226,0.293143,-0.463714,-0.155236,0.111273,-0.506940,-0.052166,0.052493,-0.385146,0.316556,0.294877,-1.698168,1.585983,3.741283,-0.365078,-0.009967,-0.003738,-0.002042,0.001170,-0.000130,-0.023569,0.469259
22.795047,-0.125280,-1.477305,-0.639484,0.333525,-1.165398,-0.523162,0.427612,0.295250,-0.466494,-0.153042,0.112091,-0.507104,-0.054388,0.052408,-0.385151,0.316555,0.294873,-1.698168,1.585984,3.741256,-0.364615,-0.008899,-0.003093,-0.002792,0.000994,-0.000016,-0.025073,0.469275
22.796001,-0.131946,-1.479334,-0.643027,0.333188,-1.165145,-0.526405,0.428193,0.299752,-0.472093,-0.148814,0.113951,-0.507465,-0.056490,0.052318,-0.385166,0.316552,0.294870,-1.698168,1.585985,3.741233,-0.364142,-0.010764,-0.003113,-0.002954,0.000703,0.000590,-0.023782,0.469743
22.796999,-0.128572,-1.479368,-0.643619,0.334119,-1.166102,-0.528919,0.425817,0.305433,-0.479977,-0.143546,0.116869,-0.508022,-0.058503,0.052237,-0.385170,0.316546,0.294871,-1.698170,1.585983,3.741207,-0.363667,-0.008552,-0.003355,-0.002044,0.000286,-0.000274,-0.023813,0.469725
22.798009,-0.133894,-1.485068,-0.643019,0.330994,-1.166245,-0.532154,0.426273,0.316375,-0.495246,-0.133409,0.123704,-0.509411,-0.062621,0.052118,-0.385192,0.316541,0.294861,-1.698167,1.585982,3.741155,-0.362704,-0.009864,-0.003184,-0.003768,0.000781,-0.000443,-0.024936,0.476141
22.799030,-0.139192,-1.487388,-0.645806,0.331106,-1.167321,-0.535369,0.426775,0.316375,-0.495246,-0.133409,0.123704,-0.509411,-0.062621,0.052118,-0.385192,0.316541,0.294861,-1.698167,1.585982,3.741155,-0.362704,-0.009864,-0.003184,-0.003768,0.000781,-0.000443,-0.024936,0.476141
22.799988,-0.141684,-1.488064,-0.646526,0.331368,-1.167006,-0.537999,0.425840,0.322696,-0.502620,-0.127748,0.127072,-0.510149,-0.064744,0.051997,-0.385198,0.316536,0.294858,-1.698171,1.585983,3.741130,-0.362230,-0.008450,-0.003387,-0.003250,-0.000128,-0.000028,-0.025224,0.476507
22.801004,-0.141960,-1.492485,-0.654512,0.328132,-1.168546,-0.541003,0.425871,0.325225,-0.510023,-0.125154,0.130750,-0.510810,-0.066799,0.051811,-0.385205,0.316527,0.294853,-1.698173,1.585980,3.741102,-0.361740,-0.008342,-0.004284,-0.003706,-0.001136,-0.000939,-0.025863,0.479512
22.801999,-0.145059,-1.492980,-0.652295,0.327814,-1.169904,-0.545337,0.424299,0.322832,-0.515963,-0.126544,0.134168,-0.511303,-0.068831,0.051591,-0.385216,0.316526,0.294858,-1.698169,1.585983,3.741073,-0.361248,-0.009376,-0.003444,-0.000653,0.001198,-0.000061,-0.026318,0.480717
22.802968,-0.147245,-1.493390,-0.653886,0.329144,-1.170986,-0.547525,0.423262,0.316542,-0.519025,-0.131152,0.136170,-0.511539,-0.070899,0.051342,-0.385225,0.316520,0.294850,-1.698169,1.585983,3.741047,-0.360761,-0.008969,-0.004521,-0.002613,0.000660,0.000657,-0.025374,0.485130
22.804039,-0.150816,-1.498660,-0.655182,0.326823,-1.172118,-0.549840,0.422629,0.308881,-0.518612,-0.136958,0.136605,-0.511605,-0.073135,0.051069,-0.385236,0.316512,0.294848,-1.698175,1.585983,3.741014,-0.360262,-0.008972,-0.005560,-0.002652,-0.001356,0.001114,-0.026475,0.488296
22.805054,-0.151602,-1.503216,-0.658751,0.326988,-1.170084,-0.552007,0.421283,0.301230,-0.516362,-0.142781,0.136555,-0.511671,-0.075512,0.050784,-0.385243,0.316509,0.294845,-1.698172,1.585984,3.740983,-0.359761,-0.008465,-0.004353,-0.002935,0.000020,0.001549,-0.027809,0.490980
22.805995,-0.152854,-1.506939,-0.659155,0.326342,-1.171739,-0.554681,0.422167,0.293473,-0.516151,-0.148614,0.137500,-0.511851,-0.077760,0.050503,-0.385254,0.316507,0.294843,-1.698175,1.585978,3.740954,-0.359263,-0.009238,-0.003449,-0.002040,-0.000920,-0.001105,-0.029098,0.494938
22.806985,-0.155027,-1.507141,-0.659582,0.324500,-1.172270,-0.558352,0.420936,0.286571,-0.521501,-0.153590,0.140766,-0.512262,-0.079687,0.050224,-0.385264,0.316504,0.294838,-1.698176,1.585981,3.740924,-0.358763,-0.009682,-0.002857,-0.002640,-0.001041,-0.000044,-0.029609,0.494140
22.807948,-0.157759,-1.507978,-0.659036,0.323540,-1.172733,-0.561517,0.419305,0.282299,-0.531192,-0.156340,0.145617,-0.512858,-0.081409,0.049943,-0.385274,0.316496,0.294832,-1.698174,1.585984,3.740897,-0.358263,-0.009726,-0.004046,-0.003250,-0.000067,-0.000188,-0.029302,0.497810
22.808954,-0.156823,-1.512899,-0.663203,0.323224,-1.173900,-0.565688,0.418437,0.281499,-0.539644,-0.156379,0.149268,-0.513369,-0.083226,0.049675,-0.385283,0.316488,0.294826,-1.698173,1.585982,3.740866,-0.357750,-0.009479,-0.004858,-0.004328,0.000079,-0.000327,-0.029405,0.502107
22.809994,-0.162125,-1.515187,-0.665434,0.323012,-1.174054,-0.568124,0.417951,0.284224,-0.545229,-0.153688,0.151019,-0.513755,-0.085242,0.049439,-0.385294,0.316485,0.294826,-1.698175,1.585984,3.740838,-0.357232,-0.011106,-0.003739,-0.003132,-0.000401,0.000185,-0.028657,0.504979
22.811071,-0.166429,-1.514940,-0.666738,0.321732,-1.175731,-0.572921,0.418874,0.288656,-0.551077,-0.149615,0.152709,-0.514229,-0.087274,0.049225,-0.385301,0.316479,0.294824,-1.698178,1.585985,3.740807,-0.356726,-0.009655,-0.003977,-0.002947,-0.000997,-0.000352,-0.029772,0.507247
22.812104,-0.167903,-1.517457,-0.667876,0.319641,-1.175984,-0.576045,0.415618,0.290744,-0.556478,-0.147479,0.154528,-0.514744,-0.089243,0.049011,-0.385308,0.316472,0.294821,-1.698177,1.585985,3.740779,-0.356215,-0.008796,-0.005511,-0.003232,-0.000616,0.000648,-0.028643,0.506775
22.812939,-0.167321,-1.519593,-0.668707,0.318611,-1.176762,-0.579120,0.414872,0.289184,-0.557349,-0.148501,0.154590,-0.515050,-0.091309,0.048812,-0.385317,0.316464,0.294816,-1.698174,1.585982,3.740754,-0.355688,-0.009272,-0.005579,-0.003539,0.000549,0.000261,-0.029076,0.514568
22.814044,-0.174114,-1.523826,-0.673292,0.318407,-1.176741,-0.583622,0.414176,0.287106,-0.552991,-0.150184,0.151991,-0.515096,-0.093592,0.048662,-0.385330,0.316458,0.294810,-1.698173,1.585982,3.740723,-0.355162,-0.010478,-0.005594,-0.003808,0.000829,0.000504,-0.028802,0.516571
22.814968,-0.177187,-1.528280,-0.670972,0.317786,-1.178428,-0.585022,0.414389,0.284885,-0.546339,-0.152113,0.148034,-0.515019,-0.095987,0.048566,-0.385335,0.316455,0.294809,-1.698176,1.585979,3.740697,-0.354634,-0.008391,-0.004955,-0.002493,0.000181,-0.000202,-0.028090,0.519392
22.815963,-0.177818,-1.527255,-0.671916,0.317842,-1.177639,-0.588227,0.414286,0.272215,-0.540914,-0.162316,0.144537,-0.515225,-0.100335,0.048513,-0.385355,0.316443,0.294794,-1.698177,1.585979,3.740636,-0.353593,-0.008866,-0.005876,-0.004818,-0.000880,-0.000594,-0.030230,0.521326
22.817085,-0.178476,-1.533553,-0.675306,0.315653,-1.177969,-0.592414,0.413641,0.272215,-0.540914,-0.162316,0.144537,-0.515225,-0.100335,0.048513,-0.385355,0.316443,0.294794,-1.698177,1.585979,3.740636,-0.353593,-0.008866,-0.005876,-0.004818,-0.000880,-0.000594,-0.030230,0.521326
22.818080,-0.180819,-1.537332,-0.679086,0.314285,-1.179642,-0.596200,0.416012,0.267359,-0.541565,-0.165990,0.144571,-0.515557,-0.102473,0.048581,-0.385366,0.316443,0.294792,-1.698174,1.585976,3.740605,-0.353065,-0.010054,-0.004493,-0.004264,0.000154,-0.001055,-0.030431,0.524564
22.818955,-0.185803,-1.538314,-0.683536,0.312930,-1.180953,-0.599507,0.417048,0.265496,-0.543799,-0.167130,0.145040,-0.515964,-0.104630,0.048706,-0.385378,0.316438,0.294789,-1.698174,1.585979,3.740575,-0.352548,-0.010194,-0.004149,-0.003374,0.000534,-0.000127,-0.030521,0.521270
22.819942,-0.187323,-1.541887,-0.681424,0.313285,-1.180721,-0.603935,0.416936,0.262984,-0.546988,-0.168748,0.145777,-0.516324,-0.106701,0.048847,-0.385384,0.316433,0.294789,-1.698172,1.585981,3.740543,-0.352024,-0.008894,-0.005008,-0.002063,0.000991,0.000509,-0.030593,0.520275
22.820950,-0.188471,-1.545604,-0.684177,0.312294,-1.181910,-0.607175,0.418767,0.257375,-0.549244,-0.172902,0.146330,-0.516533,-0.108728,0.048981,-0.385396,0.316428,0.294780,-1.698176,1.585977,3.740514,-0.351502,-0.009461,-0.004738,-0.004077,-0.000234,-0.000432,-0.030006,0.521988
22.822035,-0.189054,-1.549141,-0.685188,0.309656,-1.181207,-0.610896,0.419124,0.251924,-0.552003,-0.176891,0.147428,-0.516747,-0.110780,0.049107,-0.385408,0.316423,0.294776,-1.698175,1.585976,3.740480,-0.350985,-0.010230,-0.004433,-0.003690,-0.000252,0.000041,-0.030688,0.519852
22.823026,-0.194767,-1.551168,-0.686319,0.308688,-1.183351,-0.615630,0.421351,0.250296,-0.556121,-0.177720,0.149023,-0.517026,-0.112888,0.049204,-0.385422,0.316418,0.294771,-1.698171,1.585974,3.740448,-0.350458,-0.011366,-0.004341,-0.004261,0.001254,-0.001464,-0.031194,0.520965
22.824017,-0.192737,-1.553850,-0.693213,0.309261,-1.183489,-0.619295,0.422010,0.252565,-0.559485,-0.175405,0.149743,-0.517210,-0.115099,0.049258,-0.385427,0.316413,0.294767,-1.698169,1.585977,3.740419,-0.349951,-0.009879,-0.004859,-0.004692,0.001193,-0.000052,-0.030317,0.518012
22.825006,-0.194940,-1.557726,-0.691407,0.308034,-1.184456,-0.622661,0.421951,0.256093,-0.560965,-0.172077,0.149493,-0.517273,-0.117420,0.049270,-0.385445,0.316406,0.294768,-1.698172,1.585975,3.740389,-0.349429,-0.012179,-0.005019,-0.002266,-0.000284,-0.000652,-0.030522,0.518203
22.826057,-0.200942,-1.560282,-0.696307,0.305324,-1.183963,-0.626763,0.422388,0.260508,-0.561963,-0.167976,0.149372,-0.517374,-0.119810,0.049274,-0.385457,0.316404,0.294761,-1.698174,1.585977,3.740358,-0.348909,-0.012359,-0.004637,-0.004161,0.000042,-0.000425,-0.031003,0.519817
22.826941,-0.203957,-1.564582,-0.696651,0.305335,-1.187096,-0.631274,0.422709,0.265537,-0.562469,-0.163345,0.149170,-0.517465,-0.122222,0.049295,-0.385464,0.316399,0.294762,-1.698168,1.585972,3.740326,-0.348385,-0.010803,-0.004985,-0.002794,0.001614,-0.001664,-0.030987,0.520620
22.828005,-0.203698,-1.562915,-0.697490,0.305422,-1.186116,-0.635488,0.423803,0.267573,-0.561570,-0.161119,0.148431,-0.517395,-0.124570,0.049308,-0.385474,0.316398,0.294757,-1.698172,1.585977,3.740298,-0.347857,-0.010488,-0.004224,-0.003511,0.000799,0.000798,-0.029905,0.521044
22.828980,-0.207424,-1.567840,-0.702650,0.302987,-1.188954,-0.640660,0.424727,0.267228,-0.559086,-0.160771,0.147389,-0.517233,-0.126928,0.049298,-0.385489,0.316384,0.294752,-1.698172,1.585971,3.740269,-0.347341,-0.012019,-0.006636,-0.004142,-0.000315,-0.000949,-0.029867,0.520614
22.829974,-0.212065,-1.570684,-0.703696,0.302213,-1.188297,-0.643845,0.425321,0.266955,-0.553346,-0.160383,0.145366,-0.516974,-0.129477,0.049267,-0.385501,0.316382,0.294753,-1.698168,1.585976,3.740244,-0.346812,-0.011427,-0.005669,-0.002570,0.001097,0.001160,-0.028509,0.520160
22.830974,-0.215377,-1.578173,-0.704765,0.300308,-1.190253,-0.648089,0.425252,0.264628,-0.544540,-0.161728,0.142313,-0.516551,-0.132125,0.049215,-0.385509,0.316374,0.294748,-1.698167,1.585972,3.740214,-0.346301,-0.010460,-0.005753,-0.003049,0.000850,-0.000227,-0.029213,0.520514
22.831942,-0.215375,-1.578052,-0.705156,0.302092,-1.188796,-0.651900,0.426401,0.258862,-0.536644,-0.165831,0.139787,-0.516102,-0.134627,0.049163,-0.385519,0.316372,0.294743,-1.698166,1.585974,3.740184,-0.345776,-0.010164,-0.003566,-0.003499,0.001779,0.000993,-0.028857,0.522169
22.832975,-0.219788,-1.578875,-0.711493,0.300492,-1.190634,-0.654775,0.426831,0.252459,-0.533176,-0.170296,0.139240,-0.515861,-0.136924,0.049142,-0.385534,0.316362,0.294736,-1.698172,1.585969,3.740155,-0.345251,-0.011421,-0.005101,-0.004235,-0.000835,-0.001166,-0.028823,0.521228
22.834062,-0.225532,-1.581634,-0.710095,0.297615,-1.191617,-0.659400,0.427443,0.246525,-0.531919,-0.174290,0.139994,-0.515782,-0.139190,0.049160,-0.385543,0.316355,0.294738,-1.698172,1.585969,3.740121,-0.344720,-0.010612,-0.006250,-0.002145,-0.000222,-0.000057,-0.029965,0.521979
22.834973,-0.227175,-1.584182,-0.712413,0.299975,-1.192192,-0.662451,0.426542,0.238223,-0.527361,-0.180327,0.139574,-0.515515,-0.141560,0.049189,-0.385552,0.316348,0.294729,-1.698168,1.585969,3.740093,-0.344199,-0.009218,-0.006521,-0.003916,0.001519,0.000108,-0.029593,0.522583
22.835962,-0.228651,-1.584620,-0.716945,0.299512,-1.193503,-0.664957,0.425212,0.227083,-0.519078,-0.188810,0.137644,-0.515013,-0.144027,0.049210,-0.385562,0.316341,0.294727,-1.698174,1.585969,3.740062,-0.343665,-0.009632,-0.006612,-0.003668,-0.001627,0.000007,-0.030076,0.525551
22.837001,-0.231418,-1.589955,-0.717000,0.298209,-1.193318,-0.668623,0.426604,0.214616,-0.510017,-0.198395,0.135984,-0.514555,-0.146548,0.049215,-0.385572,0.316331,0.294728,-1.698178,1.585971,3.740026,-0.343132,-0.010232,-0.007874,-0.002438,-0.002010,0.000570,-0.031398,0.529652
22.837995,-0.232497,-1.593479,-0.718963,0.295729,-1.194853,-0.672441,0.425912,0.201929,-0.501479,-0.208176,0.135187,-0.514247,-0.149081,0.049182,-0.385584,0.316325,0.294721,-1.698180,1.585969,3.739991,-0.342604,-0.010229,-0.006773,-0.003440,-0.001660,-0.000376,-0.031751,0.528447
22.839057,-0.234435,-1.596035,-0.719112,0.294563,-1.194196,-0.675307,0.425291,0.191459,-0.494704,-0.216179,0.134992,-0.514083,-0.151570,0.049121,-0.385596,0.316318,0.294717,-1.698176,1.585971,3.739958,-0.342072,-0.011008,-0.006531,-0.003445,-0.000229,0.000419,-0.031785,0.531319
22.840049,-0.236620,-1.597774,-0.723392,0.294836,-1.194044,-0.678989,0.426294,0.185742,-0.489800,-0.220373,0.134677,-0.514010,-0.154018,0.049083,-0.385609,0.316310,0.294713,-1.698176,1.585967,3.739923,-0.341529,-0.011444,-0.006865,-0.004443,-0.000110,-0.000999,-0.033050,0.534212
22.841034,-0.239929,-1.601832,-0.725789,0.294445,-1.196360,-0.683856,0.426912,0.184718,-0.485513,-0.220866,0.133672,-0.513947,-0.156458,0.049085,-0.385622,0.316300,0.294714,-1.698180,1.585965,3.739888,-0.340989,-0.011655,-0.007466,-0.003326,-0.001269,-0.001861,-0.033191,0.533583
22.841945,-0.242813,-1.604375,-0.727171,0.293529,-1.197390,-0.687495,0.425857,0.185401,-0.482355,-0.220067,0.132919,-0.513943,-0.158824,0.049102,-0.385633,0.316295,0.294709,-1.698182,1.585972,3.739857,-0.340448,-0.011310,-0.006945,-0.003112,-0.001788,-0.000317,-0.032141,0.533739
22.842992,-0.243534,-1.607298,-0.729542,0.291158,-1.197769,-0.690749,0.424150,0.185321,-0.481777,-0.219920,0.133584,-0.514117,-0.161032,0.049129,-0.385644,0.316288,0.294703,-1.698184,1.585969,3.739825,-0.339910,-0.011076,-0.007044,-0.003314,-0.001703,0.000050,-0.032036,0.537004
22.844018,-0.246456,-1.607605,-0.733149,0.288986,-1.198578,-0.694752,0.424586,0.184822,-0.483142,-0.220160,0.135077,-0.514433,-0.163105,0.049181,-0.385658,0.316280,0.294700,-1.698181,1.585969,3.739789,-0.339358,-0.012093,-0.007164,-0.003178,-0.000417,-0.000346,-0.032846,0.542000
22.845012,-0.247965,-1.609960,-0.732585,0.290731,-1.199030,-0.697849,0.424842,0.184667,-0.482697,-0.220300,0.135053,-0.514636,-0.165168,0.049238,-0.385669,0.316268,0.294700,-1.698179,1.585968,3.739755,-0.338819,-0.011996,-0.008531,-0.002442,0.000703,-0.000289,-0.032811,0.542619
22.846140,-0.251012,-1.616721,-0.734263,0.288290,-1.200297,-0.702364,0.423905,0.185112,-0.478320,-0.220198,0.132600,-0.514635,-0.167321,0.049253,-0.385682,0.316260,0.294693,-1.698185,1.585967,3.739720,-0.338273,-0.012560,-0.008833,-0.003705,-0.001899,-0.000567,-0.033566,0.543501
22.847014,-0.254494,-1.619388,-0.739534,0.286771,-1.199442,-0.706615,0.424142,0.187533,-0.473993,-0.218563,0.129949,-0.514726,-0.169462,0.049227,-0.385695,0.316255,0.294689,-1.698181,1.585968,3.739689,-0.337721,-0.012524,-0.007182,-0.003993,-0.000607,-0.000135,-0.033457,0.547262
22.848029,-0.256630,-1.622848,-0.736315,0.286212,-1.201079,-0.711126,0.424356,0.190755,-0.473475,-0.216210,0.128744,-0.515042,-0.171384,0.049179,-0.385706,0.316247,0.294690,-1.698179,1.585963,3.739659,-0.337170,-0.011932,-0.007167,-0.002258,0.000004,-0.001600,-0.032580,0.547696
22.849002,-0.259101,-1.625562,-0.739860,0.285373,-1.201198,-0.714545,0.424183,0.193013,-0.476407,-0.214599,0.128723,-0.515477,-0.173076,0.049104,-0.385719,0.316241,0.294681,-1.698181,1.585965,3.739625,-0.336623,-0.012216,-0.006983,-0.004862,-0.000402,-0.000719,-0.032008,0.548741
22.850004,-0.261647,-1.629829,-0.743149,0.282918,-1.201371,-0.718455,0.424080,0.196072,-0.482181,-0.212326,0.129720,-0.516056,-0.174676,0.049021,-0.385731,0.316232,0.294678,-1.698182,1.585967,3.739593,-0.336064,-0.012264,-0.007087,-0.004051,-0.000470,-0.001348,-0.032372,0.550361
22.851096,-0.266578,-1.631483,-0.744938,0.279717,-1.203362,-0.722438,0.423767,0.199702,-0.489891,-0.209630,0.131351,-0.516731,-0.176226,0.048951,-0.385743,0.316228,0.294675,-1.698179,1.585963,3.739559,-0.335500,-0.012314,-0.006499,-0.003416,0.000937,-0.001877,-0.032342,0.551915
22.852084,-0.268895,-1.636578,-0.744720,0.280094,-1.203042,-0.724756,0.423970,0.201413,-0.496533,-0.208666,0.131985,-0.517240,-0.177759,0.048890,-0.385752,0.316220,0.294670,-1.698172,1.585964,3.739524,-0.334942,-0.011332,-0.007339,-0.003608,0.002910,-0.000686,-0.032603,0.554251
22.853003,-0.271753,-1.637210,-0.743005,0.280127,-1.202327,-0.727092,0.423236,0.200888,-0.500813,-0.209710,0.130882,-0.517493,-0.179314,0.048823,-0.385765,0.316216,0.294662,-1.698175,1.585959,3.739486,-0.334380,-0.011483,-0.006311,-0.004666,0.001621,-0.001708,-0.034097,0.555136
22.854032,-0.274032,-1.641828,-0.748819,0.278563,-1.203694,-0.731226,0.422315,0.200521,-0.505245,-0.210625,0.129514,-0.517715,-0.180878,0.048750,-0.385776,0.316205,0.294650,-1.698175,1.585954,3.739449,-0.333814,-0.011274,-0.007357,-0.006350,0.000708,-0.003058,-0.035286,0.557666
22.855013,-0.273694,-1.644664,-0.748508,0.278132,-1.203870,-0.732980,0.423222,0.201285,-0.510993,-0.210461,0.128799,-0.518018,-0.182451,0.048684,-0.385788,0.316197,0.294649,-1.698173,1.585952,3.739415,-0.333251,-0.011505,-0.006581,-0.004476,0.001222,-0.002412,-0.035128,0.560967
22.856140,-0.278934,-1.647646,-0.750133,0.277590,-1.204067,-0.737664,0.424090,0.202947,-0.518135,-0.209353,0.128850,-0.518390,-0.184003,0.048622,-0.385804,0.316191,0.294641,-1.698175,1.585951,3.739372,-0.332691,-0.012937,-0.006667,-0.005591,0.000734,-0.002962,-0.037138,0.560407
22.857057,-0.281624,-1.649395,-0.753719,0.277926,-1.205593,-0.740314,0.424506,0.206569,-0.526938,-0.206440,0.129817,-0.518855,-0.185517,0.048556,-0.385813,0.316185,0.294634,-1.698176,1.585949,3.739337,-0.332137,-0.011843,-0.006906,-0.005875,0.000193,-0.003588,-0.036818,0.560519
22.858041,-0.283530,-1.651074,-0.753177,0.277398,-1.207070,-0.743725,0.426060,0.210292,-0.536487,-0.203268,0.131740,-0.519379,-0.186978,0.048482,-0.385825,0.316177,0.294632,-1.698178,1.585948,3.739297,-0.331564,-0.011710,-0.007406,-0.004996,-0.000987,-0.002716,-0.037679,0.560698
22.859029,-0.286870,-1.654131,-0.752964,0.276903,-1.207445,-0.747371,0.427065,0.212286,-0.545637,-0.201393,0.134524,-0.519947,-0.188397,0.048388,-0.385837,0.316166,0.294621,-1.698180,1.585950,3.739258,-0.331015,-0.012063,-0.008020,-0.006195,-0.001365,-0.001988,-0.038039,0.558915
22.860083,-0.290384,-1.657470,-0.754761,0.274123,-1.206314,-0.751993,0.429019,0.214517,-0.553837,-0.199293,0.137803,-0.520602,-0.189863,0.048275,-0.385847,0.316159,0.294613,-1.698180,1.585946,3.739223,-0.330463,-0.011714,-0.007977,-0.007228,-0.001832,-0.002309,-0.038207,0.558263
22.860976,-0.292896,-1.658639,-0.757417,0.273103,-1.208935,-0.753680,0.432362,0.218022,-0.560593,-0.196155,0.140841,-0.521287,-0.191426,0.048155,-0.385858,0.316151,0.294607,-1.698176,1.585937,3.739186,-0.329908,-0.011383,-0.007902,-0.007355,-0.000150,-0.004150,-0.037661,0.555914
22.861969,-0.293042,-1.662595,-0.762483,0.276088,-1.207467,-0.756570,0.431677,0.221359,-0.564218,-0.193179,0.142343,-0.521822,-0.193109,0.048009,-0.385870,0.316142,0.294600,-1.698174,1.585942,3.739144,-0.329362,-0.011298,-0.008646,-0.006881,-0.000059,-0.002196,-0.039384,0.550225
22.863041,-0.298650,-1.663209,-0.762588,0.273436,-1.207789,-0.760518,0.433551,0.222919,-0.565924,-0.191615,0.143199,-0.522324,-0.194839,0.047836,-0.385883,0.316137,0.294596,-1.698184,1.585935,3.739105,-0.328808,-0.012532,-0.008185,-0.005326,-0.003822,-0.004371,-0.040300,0.553040
22.863989,-0.299177,-1.665178,-0.767130,0.271646,-1.207032,-0.764584,0.432443,0.221826,-0.567981,-0.192101,0.145071,-0.523002,-0.196535,0.047671,-0.385892,0.316128,0.294585,-1.698181,1.585928,3.739067,-0.328255,-0.011175,-0.009500,-0.006293,-0.002209,-0.004755,-0.040485,0.550889
22.864950,-0.302884,-1.669389,-0.763778,0.270273,-1.208158,-0.769597,0.435255,0.217832,-0.567159,-0.195004,0.146100,-0.523608,-0.198333,0.047522,-0.385906,0.316117,0.294583,-1.698179,1.585918,3.739026,-0.327701,-0.012157,-0.009894,-0.004967,-0.001402,-0.006124,-0.040032,0.554359
22.866144,-0.306994,-1.672743,-0.768522,0.269233,-1.207598,-0.773473,0.436589,0.212886,-0.561654,-0.198870,0.144717,-0.523985,-0.200377,0.047380,-0.385917,0.316109,0.294572,-1.698181,1.585913,3.738990,-0.327159,-0.011569,-0.009221,-0.007548,-0.000934,-0.005641,-0.038718,0.549948
22.867035,-0.305189,-1.674987,-0.768866,0.270353,-1.203629,-0.778516,0.435278,0.208802,-0.554297,-0.202133,0.142010,-0.524331,-0.202625,0.047241,-0.385928,0.316099,0.294567,-1.698181,1.585905,3.738951,-0.326612,-0.011137,-0.009346,-0.006333,-0.001051,-0.007027,-0.039494,0.549428
22.868005,-0.308296,-1.681409,-0.768422,0.267829,-1.204330,-0.781444,0.437680,0.206037,-0.547373,-0.204305,0.139274,-0.524837,-0.205010,0.047136,-0.385947,0.316089,0.294558,-1.698187,1.585885,3.738915,-0.326055,-0.013155,-0.009537,-0.007003,-0.002910,-0.011487,-0.037848,0.553076
22.869060,-0.311934,-1.685085,-0.770947,0.266803,-1.202212,-0.784461,0.439356,0.207197,-0.543503,-0.203188,0.137676,-0.525715,-0.207488,0.047082,-0.385958,0.316083,0.294548,-1.698184,1.585877,3.738873,-0.325513,-0.012867,-0.007788,-0.008132,-0.001372,-0.011373,-0.038645,0.549520
22.869979,-0.313163,-1.685494,-0.771779,0.266649,-1.199419,-0.787367,0.438870,0.212805,-0.544995,-0.198318,0.137906,-0.527074,-0.209903,0.047030,-0.385971,0.316078,0.294541,-1.698186,1.585855,3.738831,-0.324974,-0.012445,-0.007586,-0.007871,-0.001356,-0.014085,-0.039677,0.547829
22.871105,-0.317519,-1.690429,-0.775948,0.266168,-1.197813,-0.791511,0.440371,0.220325,-0.550117,-0.191839,0.139224,-0.528817,-0.212190,0.046954,-0.385984,0.316065,0.294535,-1.698189,1.585830,3.738788,-0.324417,-0.013031,-0.008713,-0.008349,-0.002013,-0.017308,-0.040259,0.549918
22.872108,-0.319128,-1.694537,-0.778141,0.265747,-1.194888,-0.795090,0.438789,0.227547,-0.556220,-0.185617,0.140889,-0.530852,-0.214403,0.046855,-0.385995,0.316059,0.294530,-1.698192,1.585802,3.738750,-0.323866,-0.012361,-0.007956,-0.007377,-0.002563,-0.019462,-0.040474,0.548733
22.873006,-0.323635,-1.696629,-0.780406,0.263893,-1.191853,-0.795472,0.437504,0.232285,-0.564116,-0.181366,0.143676,-0.533232,-0.216460,0.046720,-0.386010,0.316051,0.294523,-1.698196,1.585770,3.738710,-0.323304,-0.012867,-0.007422,-0.007256,-0.003026,-0.022815,-0.040740,0.553317
22.874007,-0.324039,-1.700222,-0.779608,0.263456,-1.190523,-0.800004,0.436631,0.233187,-0.574005,-0.180191,0.147657,-0.535910,-0.218285,0.046554,-0.386021,0.316042,0.294517,-1.698196,1.585737,3.738661,-0.322740,-0.011785,-0.007710,-0.006985,-0.002032,-0.026187,-0.043756,0.556857
22.875001,-0.326735,-1.699927,-0.784776,0.262493,-1.188660,-0.804501,0.435445,0.231254,-0.584094,-0.181369,0.151717,-0.538737,-0.219946,0.046373,-0.386037,0.316034,0.294506,-1.698200,1.585701,3.738620,-0.322179,-0.012876,-0.007420,-0.008324,-0.002483,-0.027885,-0.043022,0.559955
22.876005,-0.329456,-1.702492,-0.785856,0.260493,-1.187217,-0.808941,0.435539,0.228620,-0.592173,-0.183257,0.154859,-0.541612,-0.221647,0.046192,-0.386051,0.316023,0.294503,-1.698203,1.585664,3.738577,-0.321607,-0.012811,-0.009045,-0.006712,-0.002424,-0.030119,-0.042326,0.563625
22.877007,-0.332068,-1.709795,-0.785804,0.258962,-1.185238,-0.811764,0.434057,0.225008,-0.594655,-0.186215,0.155624,-0.544287,-0.223596,0.046016,-0.386063,0.316014,0.294496,-1.698203,1.585628,3.738535,-0.321034,-0.012786,-0.009250,-0.007165,-0.001378,-0.031937,-0.041728,0.564733
22.878032,-0.330976,-1.709641,-0.787113,0.258114,-1.185851,-0.816233,0.434330,0.220819,-0.592581,-0.189888,0.154238,-0.546673,-0.225736,0.045847,-0.386075,0.316013,0.294488,-1.698204,1.585589,3.738488,-0.320461,-0.012810,-0.007158,-0.008143,-0.000808,-0.034271,-0.042720,0.569042
22.879054,-0.331588,-1.715020,-0.790554,0.255967,-1.186632,-0.819070,0.435305,0.223821,-0.587739,-0.188176,0.149872,-0.551080,-0.230328,0.045586,-0.386109,0.315994,0.294474,-1.698203,1.585522,3.738403,-0.319325,-0.015659,-0.007605,-0.007733,0.000165,-0.033693,-0.043252,0.569322
22.879972,-0.336885,-1.719306,-0.789559,0.255809,-1.185370,-0.822681,0.433714,0.223821,-0.587739,-0.188176,0.149872,-0.551080,-0.230328,0.045586,-0.386109,0.315994,0.294474,-1.698203,1.585522,3.738403,-0.319325,-0.015659,-0.007605,-0.007733,0.000165,-0.033693,-0.043252,0.569322
22.881025,-0.338314,-1.721463,-0.791917,0.255308,-1.187178,-0.825462,0.434479,0.232586,-0.587032,-0.181408,0.147949,-0.553205,-0.232760,0.045496,-0.386119,0.315989,0.294464,-1.698203,1.585483,3.738358,-0.318740,-0.014211,-0.006873,-0.009086,-0.000571,-0.035270,-0.043100,0.573517
22.882020,-0.339332,-1.720888,-0.797332,0.253134,-1.188093,-0.827573,0.433625,0.242907,-0.590368,-0.173201,0.148047,-0.555414,-0.235089,0.045445,-0.386135,0.315980,0.294455,-1.698206,1.585453,3.738311,-0.318161,-0.014880,-0.007389,-0.008891,-0.001034,-0.033911,-0.044349,0.573420
22.883011,-0.340980,-1.722318,-0.798270,0.251469,-1.188002,-0.831056,0.433764,0.252668,-0.594391,-0.165343,0.148940,-0.557562,-0.237410,0.045424,-0.386152,0.315969,0.294452,-1.698203,1.585417,3.738264,-0.317585,-0.015632,-0.009152,-0.007172,0.000114,-0.033379,-0.046014,0.576440
22.884005,-0.344913,-1.728502,-0.798361,0.249791,-1.188422,-0.833749,0.433546,0.260715,-0.592940,-0.159019,0.147592,-0.559326,-0.239933,0.045425,-0.386167,0.315958,0.294443,-1.698199,1.585383,3.738216,-0.316999,-0.016074,-0.009888,-0.007658,0.000719,-0.033867,-0.046276,0.577365
22.885044,-0.346999,-1.727606,-0.801233,0.247431,-1.188277,-0.835902,0.432068,0.267552,-0.585954,-0.153875,0.143579,-0.560688,-0.242665,0.045450,-0.386181,0.315955,0.294434,-1.698199,1.585348,3.738166,-0.316411,-0.015400,-0.008324,-0.008546,0.001425,-0.033831,-0.047342,0.579033
22.886060,-0.351324,-1.729357,-0.803735,0.247062,-1.188830,-0.838253,0.432588,0.273477,-0.575930,-0.149624,0.137725,-0.561769,-0.245471,0.045497,-0.386197,0.315943,0.294427,-1.698193,1.585315,3.738114,-0.315817,-0.015693,-0.010329,-0.008104,0.002645,-0.034418,-0.049117,0.583376
22.887009,-0.355794,-1.736258,-0.803693,0.247869,-1.189060,-0.841406,0.432733,0.276862,-0.561069,-0.147683,0.129291,-0.562493,-0.248334,0.045553,-0.386211,0.315930,0.294420,-1.698195,1.585281,3.738060,-0.315227,-0.014846,-0.010912,-0.007833,0.002045,-0.034278,-0.050586,0.583597
22.888009,-0.359579,-1.737814,-0.804131,0.246041,-1.189049,-0.844523,0.432280,0.275945,-0.544537,-0.149361,0.120374,-0.563125,-0.251067,0.045598,-0.386223,0.315926,0.294409,-1.698197,1.585246,3.738010,-0.314639,-0.013858,-0.008899,-0.008729,0.000359,-0.034400,-0.050988,0.584379
22.888981,-0.358845,-1.741303,-0.808486,0.246915,-1.188101,-0.847906,0.433836,0.270930,-0.533030,-0.154178,0.114455,-0.564104,-0.253414,0.045614,-0.386236,0.315916,0.294398,-1.698192,1.585210,3.737957,-0.314044,-0.013293,-0.009637,-0.009422,0.001102,-0.034793,-0.051633,0.586516
22.889992,-0.361770,-1.746182,-0.810311,0.245322,-1.187362,-0.851593,0.432985,0.263654,-0.527321,-0.160522,0.111780,-0.565493,-0.255423,0.045587,-0.386251,0.315907,0.294392,-1.698195,1.585171,3.737902,-0.313454,-0.014921,-0.009327,-0.008176,-0.000663,-0.036077,-0.051883,0.584503
22.891080,-0.364816,-1.747520,-0.809857,0.244833,-1.186685,-0.854387,0.433662,0.255855,-0.527325,-0.166932,0.112118,-0.567271,-0.257175,0.045549,-0.386267,0.315899,0.294385,-1.698194,1.585131,3.737850,-0.312863,-0.014743,-0.008400,-0.008243,-0.000062,-0.037160,-0.052006,0.587531
22.892109,-0.367092,-1.752533,-0.812784,0.242832,-1.185874,-0.858084,0.434124,0.248709,-0.532609,-0.172478,0.114951,-0.569324,-0.258735,0.045569,-0.386280,0.315887,0.294373,-1.698195,1.585089,3.737793,-0.312268,-0.014656,-0.009354,-0.009485,-0.000608,-0.038224,-0.053317,0.587684
22.893015,-0.369692,-1.753155,-0.811470,0.242903,-1.186817,-0.860116,0.433848,0.242959,-0.540680,-0.176674,0.118759,-0.571401,-0.260230,0.045660,-0.386295,0.315879,0.294364,-1.698195,1.585049,3.737739,-0.311684,-0.014852,-0.008381,-0.008975,0.000400,-0.039397,-0.053481,0.588130
22.894031,-0.372174,-1.755384,-0.814646,0.241182,-1.186287,-0.862062,0.434002,0.238992,-0.549993,-0.179274,0.122689,-0.573359,-0.261733,0.045794,-0.386309,0.315868,0.294352,-1.698197,1.585012,3.737681,-0.311088,-0.014716,-0.009404,-0.010454,-0.000516,-0.038742,-0.054800,0.589568
22.895077,-0.373907,-1.759052,-0.817195,0.240490,-1.186515,-0.865251,0.434074,0.236717,-0.558603,-0.180423,0.125960,-0.575111,-0.263315,0.045953,-0.386324,0.315856,0.294345,-1.698196,1.584969,3.737623,-0.310494,-0.014789,-0.009769,-0.009817,0.000192,-0.039607,-0.056655,0.590537
22.896129,-0.376982,-1.761217,-0.815253,0.239548,-1.186310,-0.867258,0.435448,0.235145,-0.565180,-0.181003,0.128050,-0.576589,-0.264976,0.046131,-0.386340,0.315848,0.294337,-1.698196,1.584931,3.737565,-0.309905,-0.015281,-0.009507,-0.009549,-0.000144,-0.039760,-0.057379,0.591810
22.897058,-0.379896,-1.764585,-0.815671,0.238404,-1.186737,-0.870340,0.435347,0.234591,-0.570496,-0.180777,0.129313,-0.577850,-0.266687,0.046318,-0.386355,0.315837,0.294323,-1.698195,1.584888,3.737502,-0.309319,-0.015100,-0.009985,-0.011481,-0.000234,-0.040326,-0.059286,0.590477
22.898024,-0.380596,-1.766010,-0.817848,0.236239,-1.188238,-0.873197,0.435456,0.236584,-0.575327,-0.178499,0.130066,-0.578997,-0.268474,0.046495,-0.386368,0.315827,0.294310,-1.698197,1.584846,3.737441,-0.308721,-0.014845,-0.009663,-0.012074,0.000045,-0.040157,-0.059614,0.591654
22.898987,-0.384451,-1.769713,-0.821720,0.237888,-1.188329,-0.877002,0.436695,0.241327,-0.579029,-0.174016,0.129903,-0.580052,-0.270381,0.046652,-0.386385,0.315815,0.294298,-1.698193,1.584810,3.737380,-0.308135,-0.015723,-0.010364,-0.011849,0.001194,-0.038998,-0.060335,0.592566
22.899995,-0.388036,-1.774494,-0.823930,0.236196,-1.186615,-0.879859,0.438087,0.246798,-0.581598,-0.168927,0.129178,-0.581110,-0.272384,0.046786,-0.386399,0.315807,0.294290,-1.698198,1.584768,3.737319,-0.307543,-0.015033,-0.009946,-0.010811,-0.001309,-0.039210,-0.060079,0.591165
22.901108,-0.392614,-1.775690,-0.824530,0.234010,-1.185556,-0.882430,0.437944,0.249356,-0.585891,-0.166042,0.129918,-0.582378,-0.274291,0.046901,-0.386412,0.315799,0.294280,-1.698199,1.584721,3.737254,-0.306966,-0.014562,-0.009070,-0.010648,-0.000560,-0.041218,-0.060957,0.589703
22.902056,-0.392771,-1.778677,-0.828615,0.234500,-1.183355,-0.886322,0.439631,0.247207,-0.591957,-0.166816,0.132021,-0.583789,-0.276009,0.046999,-0.386424,0.315786,0.294265,-1.698197,1.584677,3.737186,-0.306373,-0.013762,-0.010117,-0.011351,0.000512,-0.042662,-0.062522,0.591656
22.902942,-0.393379,-1.781912,-0.829547,0.232333,-1.183370,-0.888875,0.439987,0.241220,-0.596743,-0.170668,0.133669,-0.585112,-0.277660,0.047085,-0.386442,0.315777,0.294259,-1.698201,1.584629,3.737124,-0.305781,-0.014881,-0.010016,-0.010203,-0.000828,-0.045095,-0.062105,0.589286
22.904100,-0.399808,-1.785043,-0.830787,0.232908,-1.182602,-0.891529,0.440804,0.233829,-0.600149,-0.175647,0.134713,-0.586365,-0.279337,0.047168,-0.386460,0.315767,0.294248,-1.698198,1.584584,3.737062,-0.305197,-0.015665,-0.009695,-0.010557,0.000411,-0.045255,-0.062804,0.589452
22.905080,-0.402003,-1.787959,-0.832687,0.232123,-1.181680,-0.894847,0.442017,0.226404,-0.603670,-0.180644,0.135840,-0.587643,-0.281017,0.047266,-0.386470,0.315756,0.294236,-1.698200,1.584534,3.736993,-0.304605,-0.014002,-0.009865,-0.011001,-0.001271,-0.046398,-0.064469,0.589619
22.906030,-0.402781,-1.786606,-0.833318,0.231749,-1.182507,-0.896131,0.441163,0.217646,-0.608309,-0.186703,0.137877,-0.588981,-0.282631,0.047375,-0.386485,0.315746,0.294227,-1.698200,1.584486,3.736926,-0.304022,-0.014191,-0.009856,-0.010967,-0.001424,-0.047563,-0.064725,0.588374
22.907067,-0.402734,-1.790589,-0.834858,0.230902,-1.182391,-0.899595,0.440040,0.208090,-0.612471,-0.193451,0.140245,-0.590298,-0.284291,0.047499,-0.386501,0.315731,0.294215,-1.698201,1.584442,3.736855,-0.303420,-0.015013,-0.011888,-0.011507,-0.001936,-0.046983,-0.066909,0.591136
22.908084,-0.406332,-1.797558,-0.838395,0.229904,-1.184298,-0.901472,0.440793,0.201143,-0.613665,-0.198242,0.141539,-0.591516,-0.286216,0.047684,-0.386518,0.315721,0.294205,-1.698203,1.584393,3.736782,-0.302813,-0.016354,-0.011406,-0.011695,-0.002053,-0.047385,-0.067217,0.594694
22.909015,-0.409663,-1.794897,-0.837805,0.227750,-1.181852,-0.902896,0.438773,0.197945,-0.615096,-0.200071,0.143028,-0.592810,-0.288277,0.047953,-0.386533,0.315715,0.294195,-1.698203,1.584349,3.736707,-0.302220,-0.015861,-0.009475,-0.010863,-0.002044,-0.045765,-0.069052,0.594440
22.910060,-0.410953,-1.799847,-0.839105,0.227454,-1.181640,-0.905071,0.439424,0.196155,-0.618334,-0.200794,0.145256,-0.594167,-0.290270,0.048270,-0.386547,0.315698,0.294180,-1.698201,1.584295,3.736634,-0.301610,-0.015396,-0.012133,-0.011978,-0.000829,-0.048407,-0.070989,0.599446
22.911007,-0.415143,-1.802099,-0.844572,0.227414,-1.181311,-0.908145,0.437439,0.194877,-0.619493,-0.201254,0.146198,-0.595306,-0.292267,0.048591,-0.386562,0.315689,0.294167,-1.698203,1.584244,3.736560,-0.301012,-0.016108,-0.011186,-0.012262,-0.001526,-0.048856,-0.072630,0.599462
22.911995,-0.415287,-1.805347,-0.846862,0.223609,-1.180864,-0.912183,0.438591,0.193034,-0.619128,-0.202261,0.146363,-0.596263,-0.294201,0.048890,-0.386576,0.315676,0.294161,-1.698207,1.584194,3.736489,-0.300383,-0.015230,-0.011435,-0.010417,-0.002317,-0.049392,-0.072977,0.604374
22.913079,-0.420593,-1.807967,-0.845779,0.223073,-1.182601,-0.914967,0.437554,0.188152,-0.618362,-0.205788,0.146452,-0.597088,-0.295960,0.049141,-0.386595,0.315665,0.294150,-1.698201,1.584142,3.736417,-0.299781,-0.016397,-0.011261,-0.010200,0.000426,-0.050052,-0.072523,0.603156
22.914067,-0.423847,-1.812117,-0.849375,0.223712,-1.180027,-0.917200,0.436793,0.181168,-0.615599,-0.211199,0.145281,-0.597697,-0.297655,0.049307,-0.386607,0.315652,0.294134,-1.698203,1.584097,3.736341,-0.299165,-0.015167,-0.011526,-0.011700,-0.000076,-0.048640,-0.073722,0.606718
22.914950,-0.423665,-1.814040,-0.851357,0.219774,-1.178261,-0.918912,0.436641,0.172811,-0.612622,-0.217848,0.143866,-0.598284,-0.299268,0.049382,-0.386622,0.315641,0.294126,-1.698208,1.584039,3.736260,-0.298553,-0.014830,-0.010894,-0.010808,-0.001585,-0.051414,-0.075035,0.609338
22.915987,-0.423756,-1.816390,-0.852968,0.220221,-1.176952,-0.921442,0.435469,0.162655,-0.610874,-0.225996,0.143012,-0.598952,-0.300734,0.049396,-0.386639,0.315628,0.294116,-1.698202,1.583984,3.736182,-0.297937,-0.016023,-0.011205,-0.010630,0.001397,-0.053272,-0.076459,0.610342
22.916980,-0.428747,-1.820300,-0.855119,0.218151,-1.176012,-0.923933,0.435125,0.153529,-0.608376,-0.233433,0.141206,-0.599584,-0.302208,0.049388,-0.386659,0.315615,0.294104,-1.698206,1.583929,3.736099,-0.297318,-0.017365,-0.011646,-0.010843,-0.000075,-0.054848,-0.077905,0.614169
22.917982,-0.430407,-1.822028,-0.857125,0.218994,-1.175725,-0.927551,0.434481,0.147245,-0.604752,-0.238717,0.138229,-0.600189,-0.303795,0.049391,-0.386673,0.315603,0.294093,-1.698203,1.583872,3.736017,-0.296697,-0.016332,-0.011337,-0.010823,0.000830,-0.056041,-0.079467,0.616326
22.919074,-0.431221,-1.826678,-0.858584,0.218023,-1.173216,-0.931204,0.435158,0.142263,-0.601189,-0.243041,0.135167,-0.600854,-0.305462,0.049401,-0.386692,0.315588,0.294084,-1.698206,1.583818,3.735935,-0.296073,-0.016966,-0.012134,-0.010896,-0.001071,-0.056624,-0.079929,0.619135
22.920069,-0.436594,-1.827671,-0.860441,0.215496,-1.174976,-0.933815,0.436390,0.139010,-0.598837,-0.245981,0.132957,-0.601673,-0.307239,0.049417,-0.386711,0.315577,0.294072,-1.698208,1.583752,3.735852,-0.295449,-0.018162,-0.011651,-0.011329,-0.001250,-0.059415,-0.080784,0.619630
22.921009,-0.440613,-1.832157,-0.865295,0.213956,-1.173840,-0.935586,0.436619,0.138290,-0.597153,-0.246887,0.131274,-0.602579,-0.309168,0.049424,-0.386726,0.315561,0.294060,-1.698206,1.583698,3.735764,-0.294824,-0.016936,-0.012785,-0.011435,0.000134,-0.057903,-0.082202,0.618629
22.921937,-0.437428,-1.836398,-0.863540,0.212450,-1.174990,-0.937970,0.438871,0.136423,-0.593764,-0.248803,0.128880,-0.603288,-0.311161,0.049372,-0.386741,0.315550,0.294053,-1.698205,1.583640,3.735678,-0.294206,-0.016317,-0.012103,-0.010037,0.000573,-0.059273,-0.084226,0.619481
22.922941,-0.442283,-1.839767,-0.865854,0.212277,-1.174508,-0.939282,0.438681,0.133292,-0.589849,-0.251750,0.126076,-0.603811,-0.313100,0.049230,-0.386765,0.315539,0.294038,-1.698203,1.583584,3.735586,-0.293594,-0.019205,-0.011545,-0.011867,0.001002,-0.058320,-0.085531,0.616201
22.924015,-0.441003,-1.843843,-0.865631,0.209368,-1.172965,-0.943355,0.440355,0.133799,-0.588739,-0.251613,0.124110,-0.604417,-0.314973,0.049027,-0.386781,0.315527,0.294027,-1.698205,1.583522,3.735496,-0.292966,-0.018226,-0.011547,-0.011758,0.000085,-0.059036,-0.088287,0.618132
22.925058,-0.448164,-1.845251,-0.873382,0.209576,-1.173278,-0.945611,0.438031,0.139871,-0.590923,-0.246788,0.123104,-0.605174,-0.316817,0.048822,-0.386806,0.315516,0.294013,-1.698201,1.583457,3.735407,-0.292357,-0.020396,-0.011331,-0.012988,0.001729,-0.060848,-0.088566,0.616609
22.926040,-0.447334,-1.846207,-0.873625,0.209143,-1.172367,-0.947719,0.439825,0.148624,-0.594053,-0.239684,0.122134,-0.605902,-0.318656,0.048649,-0.386820,0.315502,0.294009,-1.698203,1.583398,3.735311,-0.291720,-0.018351,-0.012365,-0.010264,0.000378,-0.060800,-0.090526,0.622965
22.926945,-0.453216,-1.849768,-0.875202,0.206674,-1.175727,-0.949459,0.439289,0.155012,-0.595298,-0.234493,0.120643,-0.606445,-0.320481,0.048491,-0.386844,0.315485,0.293995,-1.698205,1.583338,3.735217,-0.291110,-0.020147,-0.013477,-0.011184,-0.000233,-0.061941,-0.092347,0.620778
22.928114,-0.457012,-1.851903,-0.880054,0.206566,-1.172445,-0.953082,0.439739,0.158127,-0.593479,-0.232014,0.118373,-0.606797,-0.322308,0.048330,-0.386861,0.315473,0.293985,-1.698201,1.583284,3.735122,-0.290479,-0.018481,-0.013177,-0.011341,0.001154,-0.058765,-0.094182,0.622990
22.929007,-0.453171,-1.854391,-0.879216,0.203580,-1.174985,-0.954825,0.439605,0.157152,-0.588753,-0.232898,0.115307,-0.606956,-0.324079,0.048173,-0.386879,0.315456,0.293977,-1.698203,1.583214,3.735026,-0.289850,-0.018335,-0.014048,-0.010197,-0.000016,-0.062395,-0.095323,0.624238
22.929951,-0.461604,-1.862901,-0.880937,0.203803,-1.175105,-0.958057,0.439997,0.153525,-0.581015,-0.235980,0.111122,-0.606912,-0.325823,0.048031,-0.386907,0.315442,0.293961,-1.698197,1.583163,3.734927,-0.289225,-0.021442,-0.014260,-0.011518,0.001870,-0.060032,-0.097078,0.625580
22.931012,-0.462350,-1.859881,-0.885879,0.204831,-1.175260,-0.962031,0.441234,0.151700,-0.573824,-0.237543,0.106946,-0.606899,-0.327520,0.047901,-0.386922,0.315437,0.293951,-1.698199,1.583100,3.734825,-0.288597,-0.018567,-0.011624,-0.011646,0.000605,-0.060097,-0.097548,0.626052
22.931976,-0.463754,-1.866029,-0.885891,0.201948,-1.175891,-0.963450,0.441293,0.149382,-0.571087,-0.239264,0.105176,-0.607154,-0.329025,0.047781,-0.386944,0.315414,0.293945,-1.698205,1.583038,3.734726,-0.287982,-0.019744,-0.014857,-0.010348,-0.001478,-0.060209,-0.097830,0.625347
22.932984,-0.466817,-1.867117,-0.890169,0.200608,-1.176145,-0.964346,0.442922,0.145158,-0.570572,-0.242348,0.105262,-0.607576,-0.330482,0.047685,-0.386965,0.315404,0.293932,-1.698201,1.582979,3.734617,-0.287353,-0.020389,-0.013369,-0.011354,0.000275,-0.059790,-0.100193,0.626595
22.934043,-0.470033,-1.872801,-0.890760,0.201198,-1.176983,-0.966119,0.443651,0.141062,-0.569945,-0.245277,0.105445,-0.607973,-0.331997,0.047615,-0.386985,0.315388,0.293924,-1.698201,1.582921,3.734512,-0.286731,-0.020294,-0.014494,-0.010301,0.000476,-0.059805,-0.103285,0.624849
22.935011,-0.473561,-1.876141,-0.893912,0.199132,-1.175265,-0.968332,0.443715,0.136670,-0.570329,-0.248367,0.106037,-0.608361,-0.333443,0.047554,-0.387005,0.315376,0.293910,-1.698205,1.582863,3.734401,-0.286109,-0.020221,-0.013411,-0.011122,-0.001221,-0.059271,-0.105690,0.625162
22.936027,-0.476126,-1.879929,-0.895725,0.196944,-1.175606,-0.969874,0.445028,0.131109,-0.574187,-0.252209,0.108392,-0.608870,-0.334696,0.047510,-0.387024,0.315362,0.293900,-1.698203,1.582797,3.734290,-0.285478,-0.019838,-0.013340,-0.010556,-0.000250,-0.061170,-0.107231,0.626384
22.936967,-0.477696,-1.876822,-0.897020,0.197915,-1.173884,-0.971534,0.443016,0.123997,-0.581177,-0.257129,0.111999,-0.609390,-0.335758,0.047468,-0.387045,0.315350,0.293889,-1.698201,1.582735,3.734177,-0.284866,-0.020002,-0.013151,-0.010740,0.000765,-0.061039,-0.109666,0.625353
22.937970,-0.483052,-1.882797,-0.897846,0.196157,-1.174480,-0.974542,0.443071,0.108064,-0.588529,-0.268478,0.115346,-0.609638,-0.338137,0.047336,-0.387085,0.315316,0.293865,-1.698204,1.582608,3.733946,-0.283588,-0.019295,-0.014836,-0.011706,-0.000555,-0.062517,-0.112492,0.631953
22.939011,-0.487111,-1.885489,-0.899779,0.195958,-1.174917,-0.976558,0.442432,0.098931,-0.588430,-0.275157,0.115455,-0.609461,-0.339510,0.047260,-0.387103,0.315300,0.293853,-1.698207,1.582546,3.733828,-0.282953,-0.018795,-0.015207,-0.011829,-0.001452,-0.062337,-0.114540,0.634867
22.940090,-0.485956,-1.888948,-0.904830,0.193874,-1.175102,-0.978725,0.442907,0.098931,-0.588430,-0.275157,0.115455,-0.609461,-0.339510,0.047260,-0.387103,0.315300,0.293853,-1.698207,1.582546,3.733828,-0.282953,-0.018795,-0.015207,-0.011829,-0.001452,-0.062337,-0.114540,0.634867
22.941066,-0.493040,-1.893493,-0.904264,0.194589,-1.176060,-0.980155,0.443151,0.088715,-0.588895,-0.282622,0.115936,-0.609283,-0.340845,0.047166,-0.387128,0.315286,0.293844,-1.698204,1.582484,3.733705,-0.282316,-0.020903,-0.015272,-0.010467,-0.000635,-0.062442,-0.116579,0.635670
22.941952,-0.493322,-1.892086,-0.910305,0.192686,-1.174514,-0.982047,0.442464,0.078310,-0.591195,-0.290125,0.117310,-0.609243,-0.342105,0.047032,-0.387142,0.315273,0.293830,-1.698207,1.582421,3.733579,-0.281674,-0.018782,-0.014604,-0.011768,-0.002375,-0.061665,-0.118861,0.636516
22.943007,-0.493780,-1.899733,-0.909345,0.193474,-1.174117,-0.982281,0.441567,0.066350,-0.595032,-0.298803,0.119654,-0.609374,-0.343292,0.046864,-0.387165,0.315251,0.293823,-1.698205,1.582356,3.733454,-0.281037,-0.019874,-0.016695,-0.009693,-0.001493,-0.063329,-0.120265,0.638900
22.944001,-0.497347,-1.898475,-0.911591,0.190093,-1.173044,-0.983569,0.441031,0.053702,-0.599441,-0.308008,0.122479,-0.609651,-0.344477,0.046717,-0.387188,0.315241,0.293808,-1.698212,1.582290,3.733319,-0.280383,-0.021129,-0.014629,-0.011280,-0.003302,-0.063943,-0.124075,0.642310
22.944985,-0.500939,-1.900534,-0.911754,0.188816,-1.173332,-0.984983,0.440818,0.043953,-0.604949,-0.314853,0.125571,-0.610096,-0.345708,0.046621,-0.387207,0.315220,0.293796,-1.698207,1.582222,3.733185,-0.279741,-0.020761,-0.016858,-0.011174,-0.001109,-0.065167,-0.126516,0.644780
22.946071,-0.502338,-1.905275,-0.913399,0.187323,-1.172786,-0.987083,0.440481,0.037294,-0.607280,-0.319362,0.126570,-0.610405,-0.347153,0.046555,-0.387226,0.315203,0.293781,-1.698209,1.582157,3.733053,-0.279087,-0.020381,-0.017393,-0.012097,-0.000901,-0.065049,-0.128813,0.646520
22.946952,-0.502067,-1.906199,-0.915506,0.185339,-1.171138,-0.988644,0.439887,0.033250,-0.604384,-0.321988,0.124431,-0.610446,-0.348896,0.046515,-0.387248,0.315187,0.293768,-1.698208,1.582089,3.732917,-0.278424,-0.021252,-0.016802,-0.012408,-0.000660,-0.065835,-0.130867,0.648890
22.947975,-0.506145,-1.916106,-0.915543,0.184994,-1.172069,-0.989401,0.438230,0.033411,-0.598532,-0.321357,0.120123,-0.610372,-0.350892,0.046516,-0.387273,0.315171,0.293757,-1.698206,1.582020,3.732781,-0.277759,-0.022565,-0.017756,-0.012270,0.000307,-0.067538,-0.132515,0.650940
22.949025,-0.510895,-1.917806,-0.917788,0.184851,-1.170988,-0.990078,0.439041,0.038453,-0.593606,-0.316817,0.115417,-0.610398,-0.352985,0.046542,-0.387292,0.315161,0.293740,-1.698208,1.581957,3.732639,-0.277098,-0.021985,-0.014506,-0.013276,-0.000462,-0.066808,-0.135607,0.655728
22.949991,-0.517835,-1.922051,-0.915385,0.182356,-1.169663,-0.990903,0.437755,0.046087,-0.595947,-0.310030,0.113783,-0.610872,-0.354831,0.046554,-0.387311,0.315144,0.293727,-1.698212,1.581887,3.732494,-0.276434,-0.021126,-0.015400,-0.013232,-0.001399,-0.068087,-0.138864,0.655602
22.951060,-0.516166,-1.923894,-0.921439,0.180546,-1.171334,-0.990903,0.437989,0.052550,-0.605485,-0.304027,0.115699,-0.611741,-0.356326,0.046546,-0.387328,0.315129,0.293708,-1.698210,1.581816,3.732340,-0.275771,-0.019058,-0.014851,-0.015380,0.000001,-0.069521,-0.141533,0.659425
22.952035,-0.521399,-1.925764,-0.921266,0.178893,-1.171568,-0.990567,0.435994,0.056698,-0.617281,-0.299858,0.118710,-0.612662,-0.357632,0.046548,-0.387354,0.315112,0.293698,-1.698208,1.581751,3.732184,-0.275097,-0.021415,-0.015676,-0.013464,0.000577,-0.068062,-0.145500,0.660507
22.952989,-0.522249,-1.928047,-0.920828,0.177916,-1.171598,-0.989815,0.435867,0.061781,-0.633523,-0.294518,0.120810,-0.613936,-0.360264,0.046620,-0.387394,0.315076,0.293663,-1.698206,1.581615,3.731861,-0.273768,-0.021091,-0.016678,-0.015676,0.000991,-0.068069,-0.153482,0.667157
22.954056,-0.527338,-1.935144,-0.922791,0.177366,-1.169397,-0.990940,0.437669,0.061781,-0.633523,-0.294518,0.120810,-0.613936,-0.360264,0.046620,-0.387394,0.315076,0.293663,-1.698206,1.581615,3.731861,-0.273768,-0.021091,-0.016678,-0.015676,0.000991,-0.068069,-0.153482,0.667157
22.954992,-0.526435,-1.932377,-0.927883,0.177553,-1.169803,-0.990772,0.437389,0.065059,-0.638797,-0.291423,0.120389,-0.614350,-0.361556,0.046683,-0.387413,0.315064,0.293647,-1.698208,1.581540,3.731700,-0.273117,-0.020089,-0.014897,-0.015757,0.000389,-0.070438,-0.156261,0.665184
22.955966,-0.532593,-1.936972,-0.928249,0.175074,-1.167005,-0.989843,0.439285,0.068114,-0.645211,-0.288469,0.120861,-0.614746,-0.362690,0.046745,-0.387439,0.315039,0.293634,-1.698212,1.581472,3.731535,-0.272450,-0.021820,-0.017735,-0.014161,-0.000754,-0.070118,-0.159732,0.666856
22.957012,-0.534919,-1.942432,-0.929205,0.174479,-1.167287,-0.987717,0.441349,0.068975,-0.649660,-0.287367,0.121084,-0.614937,-0.363786,0.046790,-0.387455,0.315021,0.293616,-1.698208,1.581397,3.731360,-0.271784,-0.020136,-0.016956,-0.014943,0.000587,-0.073012,-0.164075,0.664254
22.958073,-0.537358,-1.940548,-0.931266,0.173945,-1.167750,-0.988261,0.442913,0.067069,-0.652669,-0.288587,0.120973,-0.614893,-0.364800,0.046805,-0.387477,0.315008,0.293600,-1.698210,1.581327,3.731179,-0.271133,-0.020479,-0.015975,-0.015507,0.000038,-0.072872,-0.169916,0.661701
22.958982,-0.539664,-1.943913,-0.931474,0.173031,-1.166792,-0.985394,0.441314,0.063636,-0.656138,-0.291072,0.121273,-0.614766,-0.365717,0.046804,-0.387499,0.314984,0.293583,-1.698210,1.581256,3.730998,-0.270469,-0.020767,-0.018589,-0.015535,-0.000609,-0.072593,-0.173114,0.660175
22.960055,-0.541044,-1.943005,-0.934564,0.172376,-1.167242,-0.985758,0.442907,0.060227,-0.657593,-0.293664,0.120985,-0.614558,-0.366740,0.046824,-0.387520,0.314966,0.293564,-1.698212,1.581181,3.730807,-0.269793,-0.020883,-0.018318,-0.016294,-0.000663,-0.073576,-0.179024,0.664363
22.961108,-0.544644,-1.944650,-0.933498,0.171808,-1.168499,-0.987554,0.444072,0.057720,-0.655221,-0.295742,0.119238,-0.614226,-0.367947,0.046879,-0.387544,0.314941,0.293549,-1.698215,1.581110,3.730617,-0.269135,-0.021699,-0.020447,-0.015837,-0.001146,-0.073304,-0.182408,0.662782
22.961991,-0.545366,-1.949174,-0.937864,0.169407,-1.167492,-0.987440,0.445675,0.056875,-0.647763,-0.296726,0.115552,-0.613750,-0.369414,0.046949,-0.387565,0.314917,0.293528,-1.698219,1.581040,3.730424,-0.268469,-0.021395,-0.021242,-0.017383,-0.001655,-0.072220,-0.184253,0.662007
22.962985,-0.547957,-1.956535,-0.935032,0.168090,-1.168100,-0.986406,0.444320,0.057889,-0.636096,-0.296375,0.110278,-0.613165,-0.371123,0.047016,-0.387589,0.314898,0.293513,-1.698215,1.580964,3.730231,-0.267823,-0.022237,-0.020349,-0.016045,-0.000294,-0.073232,-0.187266,0.659732
22.964007,-0.552306,-1.958609,-0.939847,0.166199,-1.167102,-0.986039,0.444916,0.061397,-0.626023,-0.293949,0.105499,-0.612683,-0.372779,0.047096,-0.387611,0.314884,0.293490,-1.698217,1.580894,3.730027,-0.267149,-0.022327,-0.018293,-0.018406,-0.000057,-0.072742,-0.191635,0.663784
22.964989,-0.555530,-1.960050,-0.937742,0.165147,-1.167535,-0.984916,0.446294,0.067106,-0.622176,-0.289520,0.102941,-0.612461,-0.374122,0.047198,-0.387631,0.314864,0.293475,-1.698216,1.580819,3.729822,-0.266479,-0.021605,-0.018898,-0.016994,0.000662,-0.073864,-0.195444,0.663963
22.965977,-0.558992,-1.959723,-0.939261,0.164172,-1.168605,-0.982877,0.445495,0.072595,-0.622487,-0.285103,0.101769,-0.612334,-0.375194,0.047292,-0.387652,0.314839,0.293452,-1.698216,1.580747,3.729611,-0.265828,-0.021395,-0.019673,-0.018973,0.000626,-0.073519,-0.199805,0.662511
22.967015,-0.562134,-1.963247,-0.939934,0.164907,-1.167287,-0.979728,0.444308,0.077110,-0.622279,-0.281445,0.100076,-0.612092,-0.376229,0.047354,-0.387671,0.314815,0.293432,-1.698215,1.580676,3.729394,-0.265157,-0.021079,-0.021347,-0.019142,0.000465,-0.072558,-0.205068,0.665421
22.967966,-0.564713,-1.961660,-0.941423,0.163000,-1.168223,-0.976562,0.444493,0.080660,-0.620324,-0.278538,0.097678,-0.611765,-0.377310,0.047382,-0.387695,0.314792,0.293412,-1.698220,1.580597,3.729166,-0.264489,-0.020961,-0.021185,-0.019794,-0.001311,-0.073985,-0.211617,0.669289
22.968931,-0.567136,-1.965165,-0.940542,0.163577,-1.167761,-0.974644,0.446936,0.082698,-0.616784,-0.276784,0.094924,-0.611402,-0.378377,0.047382,-0.387715,0.314764,0.293390,-1.698219,1.580524,3.728937,-0.263815,-0.021015,-0.023393,-0.019921,-0.000475,-0.073092,-0.217756,0.669992
22.969936,-0.567259,-1.963712,-0.941345,0.162997,-1.166449,-0.973870,0.446235,0.084001,-0.610945,-0.275551,0.091478,-0.610984,-0.379427,0.047366,-0.387737,0.314742,0.293366,-1.698223,1.580450,3.728702,-0.263150,-0.021160,-0.023115,-0.021232,-0.002055,-0.073634,-0.222671,0.666263
22.971007,-0.575346,-1.973117,-0.941896,0.159909,-1.165279,-0.973397,0.446632,0.087005,-0.603071,-0.272842,0.087470,-0.610580,-0.380530,0.047359,-0.387762,0.314714,0.293345,-1.698227,1.580373,3.728470,-0.262476,-0.022486,-0.025353,-0.021769,-0.002489,-0.075027,-0.226642,0.669056
22.972039,-0.577502,-1.974442,-0.945331,0.160587,-1.164723,-0.975337,0.447103,0.092013,-0.594894,-0.268378,0.083462,-0.610215,-0.381627,0.047390,-0.387776,0.314698,0.293322,-1.698223,1.580296,3.728226,-0.261801,-0.020020,-0.022354,-0.022487,-0.000656,-0.076323,-0.230555,0.669827
22.972950,-0.579755,-1.974844,-0.943990,0.157550,-1.164987,-0.974054,0.445986,0.096202,-0.588202,-0.263463,0.079984,-0.609656,-0.383139,0.047572,-0.387819,0.314646,0.293274,-1.698226,1.580140,3.727750,-0.260446,-0.020575,-0.024447,-0.023186,-0.000386,-0.076669,-0.235929,0.673493
22.973997,-0.584314,-1.982182,-0.945630,0.156251,-1.164541,-0.971793,0.444179,0.096202,-0.588202,-0.263463,0.079984,-0.609656,-0.383139,0.047572,-0.387819,0.314646,0.293274,-1.698226,1.580140,3.727750,-0.260446,-0.020575,-0.024447,-0.023186,-0.000386,-0.076669,-0.235929,0.673493
22.975071,-0.588199,-1.983426,-0.946705,0.155729,-1.164564,-0.971436,0.444387,0.096091,-0.587009,-0.262593,0.078982,-0.609351,-0.383772,0.047707,-0.387837,0.314628,0.293251,-1.698225,1.580060,3.727493,-0.259755,-0.019818,-0.022435,-0.023321,-0.000306,-0.077206,-0.241458,0.678552
22.975991,-0.587822,-1.980871,-0.948937,0.153374,-1.163463,-0.968691,0.445033,0.092177,-0.591084,-0.263500,0.078793,-0.608932,-0.384586,0.047867,-0.387879,0.314570,0.293202,-1.698227,1.579902,3.726978,-0.258397,-0.020916,-0.026076,-0.023456,0.000414,-0.078379,-0.250595,0.679332
22.977011,-0.591416,-1.984361,-0.948285,0.152397,-1.164733,-0.969592,0.444749,0.092177,-0.591084,-0.263500,0.078793,-0.608932,-0.384586,0.047867,-0.387879,0.314570,0.293202,-1.698227,1.579902,3.726978,-0.258397,-0.020916,-0.026076,-0.023456,0.000414,-0.078379,-0.250595,0.679332
22.978057,-0.597490,-1.989560,-0.952710,0.151337,-1.163205,-0.965536,0.443782,0.090428,-0.587395,-0.263991,0.075486,-0.608437,-0.385287,0.047820,-0.387898,0.314547,0.293175,-1.698230,1.579827,3.726721,-0.257708,-0.020568,-0.025871,-0.024684,0.000296,-0.077196,-0.252789,0.681246
22.978953,-0.598361,-1.986508,-0.948100,0.150945,-1.162776,-0.964978,0.443760,0.088363,-0.580429,-0.264914,0.070416,-0.607766,-0.386178,0.047718,-0.387916,0.314523,0.293153,-1.698230,1.579747,3.726447,-0.257022,-0.019054,-0.024888,-0.023428,0.000209,-0.078826,-0.260040,0.684634
22.979974,-0.603719,-1.992341,-0.951168,0.149998,-1.162335,-0.964628,0.444018,0.084350,-0.573178,-0.267500,0.065308,-0.607032,-0.387034,0.047626,-0.387938,0.314492,0.293119,-1.698232,1.579670,3.726174,-0.256327,-0.019878,-0.027713,-0.026433,-0.000354,-0.079219,-0.263017,0.685458
22.981122,-0.607055,-1.993518,-0.951480,0.150785,-1.163563,-0.966718,0.442802,0.080231,-0.564856,-0.270268,0.059951,-0.606221,-0.387938,0.047580,-0.387954,0.314471,0.293094,-1.698235,1.579587,3.725902,-0.255641,-0.018692,-0.026351,-0.025780,-0.000487,-0.079691,-0.266412,0.686282
22.981980,-0.609069,-1.997566,-0.950848,0.147613,-1.161013,-0.965764,0.443743,0.075887,-0.557612,-0.273188,0.055767,-0.605519,-0.388840,0.047572,-0.387974,0.314441,0.293067,-1.698241,1.579513,3.725625,-0.254939,-0.018717,-0.027520,-0.026682,-0.002412,-0.078673,-0.267895,0.690532
22.983009,-0.609124,-2.000482,-0.954504,0.147158,-1.160418,-0.963916,0.443544,0.071527,-0.553158,-0.276002,0.053613,-0.605074,-0.389672,0.047574,-0.387994,0.314416,0.293039,-1.698237,1.579425,3.725343,-0.254244,-0.018904,-0.026741,-0.027680,-0.000269,-0.081090,-0.271100,0.689246
22.984115,-0.615442,-2.002060,-0.957296,0.145823,-1.159468,-0.965147,0.444084,0.069394,-0.551236,-0.276927,0.052620,-0.604851,-0.390400,0.047563,-0.388015,0.314391,0.293014,-1.698239,1.579343,3.725063,-0.253556,-0.020347,-0.026867,-0.026764,-0.000929,-0.081714,-0.275995,0.691038
22.985025,-0.619167,-2.007228,-0.955034,0.146603,-1.159719,-0.963869,0.445997,0.068117,-0.551071,-0.277135,0.052219,-0.604764,-0.390911,0.047521,-0.388033,0.314362,0.292988,-1.698240,1.579258,3.724780,-0.252863,-0.018800,-0.027742,-0.026372,-0.000800,-0.082746,-0.278098,0.691601
22.986035,-0.617644,-2.006529,-0.957670,0.143627,-1.158149,-0.963503,0.447146,0.064766,-0.553177,-0.278991,0.053140,-0.604844,-0.391111,0.047421,-0.388049,0.314337,0.292955,-1.698244,1.579176,3.724491,-0.252172,-0.018271,-0.026494,-0.028214,-0.002522,-0.082427,-0.281826,0.688615
22.987028,-0.624126,-2.009333,-0.957297,0.145789,-1.157183,-0.960387,0.449874,0.061036,-0.558172,-0.281098,0.055606,-0.605150,-0.391041,0.047259,-0.388074,0.314305,0.292927,-1.698242,1.579090,3.724201,-0.251490,-0.020449,-0.028324,-0.027742,-0.000668,-0.083996,-0.285068,0.687644
22.988058,-0.624280,-2.009321,-0.958339,0.143729,-1.156454,-0.960158,0.449450,0.059037,-0.563770,-0.281845,0.058367,-0.605563,-0.390832,0.047069,-0.388089,0.314278,0.292898,-1.698251,1.579001,3.723897,-0.250807,-0.018640,-0.028392,-0.028773,-0.003782,-0.084907,-0.290931,0.683394
22.988972,-0.631162,-2.018496,-0.961673,0.140346,-1.155291,-0.960329,0.450971,0.057991,-0.568617,-0.281928,0.061128,-0.606007,-0.390484,0.046881,-0.388112,0.314244,0.292870,-1.698252,1.578915,3.723598,-0.250121,-0.020041,-0.029880,-0.029131,-0.002808,-0.085634,-0.294053,0.685685
22.990024,-0.631995,-2.016604,-0.960171,0.139733,-1.156279,-0.964952,0.452759,0.056292,-0.573398,-0.282653,0.063918,-0.606423,-0.389859,0.046707,-0.388126,0.314224,0.292842,-1.698249,1.578824,3.723297,-0.249435,-0.017926,-0.026672,-0.028213,-0.000507,-0.086659,-0.296249,0.683515
22.991061,-0.635962,-2.026084,-0.962992,0.140358,-1.154355,-0.966505,0.452961,0.052669,-0.578671,-0.285041,0.066466,-0.606755,-0.388898,0.046537,-0.388148,0.314191,0.292809,-1.698249,1.578739,3.723008,-0.248752,-0.019027,-0.029186,-0.029846,-0.001076,-0.085686,-0.294668,0.681413
22.992007,-0.636672,-2.024610,-0.963524,0.139006,-1.153906,-0.968283,0.453568,0.048552,-0.586141,-0.287826,0.069858,-0.607247,-0.387701,0.046371,-0.388166,0.314169,0.292781,-1.698256,1.578646,3.722706,-0.248078,-0.018556,-0.026015,-0.029308,-0.002722,-0.087575,-0.296081,0.682490
22.993074,-0.641594,-2.027566,-0.964199,0.137082,-1.149717,-0.968525,0.454708,0.045357,-0.598355,-0.289722,0.075670,-0.608174,-0.386280,0.046211,-0.388187,0.314136,0.292752,-1.698258,1.578557,3.722404,-0.247393,-0.019535,-0.028126,-0.029827,-0.002335,-0.087910,-0.296812,0.682312
22.994033,-0.646568,-2.028433,-0.963536,0.135970,-1.151889,-0.968978,0.456325,0.043184,-0.611762,-0.290794,0.082064,-0.609297,-0.384766,0.046047,-0.388206,0.314110,0.292719,-1.698258,1.578456,3.722102,-0.246722,-0.018618,-0.028260,-0.030362,-0.001608,-0.092020,-0.299661,0.681606
22.995011,-0.644905,-2.028432,-0.965913,0.135201,-1.150486,-0.967161,0.456070,0.041039,-0.621308,-0.292068,0.086430,-0.610232,-0.383291,0.045867,-0.388221,0.314077,0.292686,-1.698259,1.578372,3.721794,-0.246045,-0.017552,-0.029189,-0.031444,-0.001547,-0.089747,-0.301745,0.679489
22.996020,-0.650191,-2.032982,-0.967295,0.135095,-1.149310,-0.968506,0.455508,0.039011,-0.625462,-0.293535,0.088068,-0.610893,-0.381881,0.045675,-0.388244,0.314045,0.292656,-1.698262,1.578278,3.721478,-0.245357,-0.019769,-0.030588,-0.031052,-0.001812,-0.091070,-0.306169,0.681200
22.996991,-0.654787,-2.031201,-0.966391,0.133961,-1.148774,-0.971085,0.454095,0.038313,-0.625203,-0.294190,0.087529,-0.611388,-0.380488,0.045499,-0.388258,0.314017,0.292625,-1.698266,1.578183,3.721174,-0.244672,-0.018606,-0.029792,-0.031191,-0.002732,-0.092140,-0.307583,0.683625
22.998047,-0.657479,-2.035407,-0.972862,0.130786,-1.147776,-0.977052,0.455011,0.037507,-0.622067,-0.295131,0.085838,-0.611798,-0.379020,0.045375,-0.388274,0.313982,0.292588,-1.698268,1.578090,3.720861,-0.243972,-0.017737,-0.032059,-0.032363,-0.002613,-0.092549,-0.307556,0.687550
22.999122,-0.659889,-2.039395,-0.972242,0.131247,-1.145978,-0.979785,0.452803,0.034125,-0.613933,-0.298384,0.082100,-0.611967,-0.377577,0.045281,-0.388293,0.313952,0.292561,-1.698263,1.577996,3.720565,-0.243293,-0.017940,-0.031489,-0.030029,-0.000715,-0.093503,-0.304615,0.687184
23.000062,-0.662181,-2.042439,-0.971902,0.127521,-1.142816,-0.982610,0.452513,0.027750,-0.601716,-0.304211,0.076527,-0.611922,-0.376178,0.045171,-0.388312,0.313922,0.292527,-1.698271,1.577897,3.720257,-0.242586,-0.018306,-0.031095,-0.031247,-0.002233,-0.095220,-0.304992,0.693135
23.000983,-0.665139,-2.045747,-0.971634,0.128709,-1.139251,-0.983911,0.451681,0.021437,-0.589365,-0.309990,0.070532,-0.611893,-0.374777,0.045039,-0.388331,0.313892,0.292493,-1.698268,1.577791,3.719951,-0.241884,-0.018508,-0.030924,-0.032124,0.000414,-0.098119,-0.304624,0.694625
23.002052,-0.667562,-2.049992,-0.973430,0.125691,-1.137062,-0.986907,0.451498,0.018153,-0.578750,-0.313259,0.064559,-0.611948,-0.373399,0.044890,-0.388347,0.313862,0.292460,-1.698274,1.577684,3.719644,-0.241190,-0.018360,-0.030584,-0.032961,-0.001688,-0.101397,-0.305708,0.697204
23.003041,-0.669249,-2.051811,-0.974695,0.126359,-1.136458,-0.985646,0.453871,0.018127,-0.571718,-0.313758,0.059502,-0.612133,-0.372001,0.044705,-0.388367,0.313833,0.292428,-1.698270,1.577577,3.719333,-0.240489,-0.018709,-0.030062,-0.032936,0.000066,-0.103401,-0.305733,0.699034
23.003997,-0.672316,-2.054055,-0.974528,0.125604,-1.135520,-0.988370,0.451957,0.025941,-0.570222,-0.308022,0.053813,-0.613058,-0.368987,0.044170,-0.388407,0.313770,0.292360,-1.698279,1.577363,3.718708,-0.239083,-0.019092,-0.030811,-0.033896,-0.001813,-0.104418,-0.309414,0.700302
23.005137,-0.678419,-2.058979,-0.975878,0.124892,-1.134946,-0.991180,0.452099,0.025941,-0.570222,-0.308022,0.053813,-0.613058,-0.368987,0.044170,-0.388407,0.313770,0.292360,-1.698279,1.577363,3.718708,-0.239083,-0.019092,-0.030811,-0.033896,-0.001813,-0.104418,-0.309414,0.700302
23.006129,-0.680662,-2.059386,-0.976808,0.123306,-1.133032,-0.995291,0.450932,0.031811,-0.575527,-0.303454,0.053904,-0.613918,-0.367336,0.043880,-0.388421,0.313740,0.292325,-1.698282,1.577257,3.718393,-0.238374,-0.017767,-0.030053,-0.034160,-0.002298,-0.104881,-0.309940,0.701709
23.007007,-0.684093,-2.066297,-0.977458,0.124209,-1.131598,-0.995284,0.450068,0.036297,-0.583836,-0.299947,0.055775,-0.614963,-0.365600,0.043590,-0.388438,0.313704,0.292288,-1.698283,1.577147,3.718090,-0.237671,-0.018116,-0.031247,-0.034431,-0.001783,-0.106539,-0.308534,0.705220
23.007997,-0.687729,-2.066381,-0.980731,0.122650,-1.130234,-0.995466,0.451231,0.038974,-0.595023,-0.297776,0.059375,-0.616176,-0.363786,0.043298,-0.388457,0.313680,0.292253,-1.698289,1.577038,3.717777,-0.236953,-0.017632,-0.029063,-0.034722,-0.003537,-0.107619,-0.310720,0.707578
23.009014,-0.687258,-2.070547,-0.982419,0.120747,-1.127636,-0.997883,0.447577,0.039018,-0.610883,-0.297490,0.065650,-0.617639,-0.361723,0.043030,-0.388472,0.313644,0.292221,-1.698290,1.576926,3.717461,-0.236243,-0.017282,-0.030436,-0.033875,-0.003038,-0.108690,-0.313169,0.706334
23.010004,-0.688928,-2.072328,-0.978784,0.119228,-1.126403,-1.000977,0.449816,0.036311,-0.629075,-0.299264,0.073232,-0.619165,-0.359418,0.042824,-0.388494,0.313616,0.292186,-1.698290,1.576811,3.717146,-0.235519,-0.018968,-0.029841,-0.033830,-0.002286,-0.111005,-0.313501,0.714910
23.010949,-0.698702,-2.072870,-0.981509,0.117636,-1.122605,-1.000330,0.448679,0.035523,-0.646355,-0.299472,0.079821,-0.620561,-0.357143,0.042695,-0.388515,0.313584,0.292144,-1.698290,1.576696,3.716833,-0.234807,-0.019528,-0.030387,-0.036348,-0.001857,-0.111901,-0.313053,0.711428
23.011986,-0.698563,-2.075274,-0.980723,0.118358,-1.121906,-1.001152,0.449890,0.037438,-0.660183,-0.297588,0.083986,-0.621630,-0.355066,0.042605,-0.388523,0.313551,0.292110,-1.698291,1.576571,3.716511,-0.234079,-0.016081,-0.031438,-0.035672,-0.001298,-0.115265,-0.316122,0.714632
23.012978,-0.701056,-2.079525,-0.981864,0.116422,-1.121573,-1.002353,0.449408,0.037417,-0.668831,-0.297390,0.085452,-0.622192,-0.353127,0.042514,-0.388545,0.313519,0.292070,-1.698296,1.576455,3.716186,-0.233379,-0.017670,-0.031734,-0.036835,-0.003083,-0.115645,-0.318087,0.713517
23.014116,-0.706670,-2.082912,-0.983676,0.115196,-1.120171,-1.005243,0.450934,0.036459,-0.675117,-0.297935,0.085815,-0.622483,-0.351265,0.042412,-0.388564,0.313490,0.292032,-1.698296,1.576337,3.715861,-0.232655,-0.017842,-0.031056,-0.036976,-0.002220,-0.115624,-0.319473,0.715585
23.015011,-0.711086,-2.084169,-0.980972,0.114308,-1.119717,-1.005361,0.453391,0.036025,-0.681913,-0.297949,0.086330,-0.622724,-0.349429,0.042303,-0.388578,0.313457,0.291995,-1.698298,1.576212,3.715543,-0.231952,-0.016752,-0.031047,-0.036976,-0.002217,-0.116748,-0.319872,0.714239
23.015977,-0.714102,-2.089647,-0.983257,0.113928,-1.116712,-1.006100,0.452753,0.034328,-0.689030,-0.298910,0.087034,-0.622890,-0.347577,0.042205,-0.388591,0.313424,0.291952,-1.698301,1.576097,3.715216,-0.231244,-0.015889,-0.031652,-0.038902,-0.002255,-0.116790,-0.321904,0.710042
23.017009,-0.714986,-2.091964,-0.985367,0.112114,-1.116350,-1.009369,0.452984,0.031239,-0.697147,-0.300881,0.088412,-0.623032,-0.345654,0.042152,-0.388609,0.313394,0.291914,-1.698304,1.575972,3.714892,-0.230533,-0.015883,-0.030397,-0.038495,-0.002961,-0.119424,-0.323886,0.712604
23.018062,-0.722263,-2.095811,-0.987161,0.108798,-1.114460,-1.009975,0.455099,0.027770,-0.707805,-0.302968,0.091136,-0.623254,-0.343617,0.042194,-0.388627,0.313362,0.291874,-1.698305,1.575853,3.714566,-0.229811,-0.017163,-0.030977,-0.038344,-0.002415,-0.119545,-0.323878,0.713778
23.019068,-0.724256,-2.097366,-0.988341,0.108819,-1.113377,-1.010642,0.454966,0.023788,-0.718884,-0.305381,0.093907,-0.623402,-0.341566,0.042346,-0.388638,0.313332,0.291833,-1.698302,1.575728,3.714229,-0.229098,-0.015334,-0.030830,-0.038356,-0.000481,-0.121181,-0.326628,0.711297
23.020042,-0.724033,-2.099143,-0.988850,0.107378,-1.113735,-1.009145,0.456308,0.011764,-0.732783,-0.313642,0.094702,-0.622887,-0.337837,0.042848,-0.388674,0.313264,0.291753,-1.698309,1.575489,3.713546,-0.227677,-0.017759,-0.032400,-0.039194,-0.001394,-0.121349,-0.333425,0.711916
23.021050,-0.731008,-2.101766,-0.987927,0.106022,-1.110589,-1.011469,0.458026,0.011764,-0.732783,-0.313642,0.094702,-0.622887,-0.337837,0.042848,-0.388674,0.313264,0.291753,-1.698309,1.575489,3.713546,-0.227677,-0.017759,-0.032400,-0.039194,-0.001394,-0.121349,-0.333425,0.711916
23.021997,-0.732912,-2.104869,-0.987368,0.105438,-1.107384,-1.009981,0.459439,0.008676,-0.734976,-0.315487,0.092528,-0.622389,-0.336462,0.043144,-0.388686,0.313230,0.291710,-1.698309,1.575360,3.713212,-0.226964,-0.015976,-0.032730,-0.040490,-0.001291,-0.124185,-0.334179,0.710059
23.022981,-0.738747,-2.105108,-0.989676,0.104347,-1.106827,-1.008938,0.459501,0.008062,-0.734799,-0.315304,0.089061,-0.621792,-0.335459,0.043448,-0.388704,0.313198,0.291666,-1.698312,1.575228,3.712865,-0.226262,-0.016607,-0.032712,-0.041506,-0.001839,-0.126958,-0.338421,0.708593
23.023997,-0.743010,-2.109803,-0.991297,0.104203,-1.107341,-1.008803,0.459108,0.008135,-0.732885,-0.314487,0.084834,-0.621101,-0.334711,0.043742,-0.388717,0.313160,0.291624,-1.698314,1.575099,3.712512,-0.225547,-0.015354,-0.034157,-0.041143,-0.001931,-0.127127,-0.342342,0.709970
23.025005,-0.744557,-2.112558,-0.991741,0.100407,-1.105661,-1.007390,0.458930,0.005780,-0.729689,-0.315559,0.080557,-0.620354,-0.334061,0.044016,-0.388731,0.313126,0.291582,-1.698320,1.574975,3.712162,-0.224834,-0.014963,-0.033461,-0.041186,-0.002928,-0.126310,-0.345527,0.712386
23.025992,-0.747798,-2.114864,-0.991288,0.101478,-1.104256,-1.004541,0.458408,0.000613,-0.726661,-0.318825,0.076854,-0.619642,-0.333419,0.044302,-0.388749,0.313092,0.291539,-1.698317,1.574845,3.711802,-0.224116,-0.015877,-0.033732,-0.041806,-0.000430,-0.127657,-0.349909,0.714299
23.026994,-0.747731,-2.117974,-0.992678,0.099387,-1.103390,-1.002821,0.458366,-0.004128,-0.724287,-0.321692,0.073391,-0.618990,-0.332816,0.044628,-0.388765,0.313055,0.291494,-1.698324,1.574715,3.711436,-0.223393,-0.015903,-0.034154,-0.042803,-0.002619,-0.128686,-0.355585,0.716798
23.028004,-0.753698,-2.122323,-0.995328,0.098893,-1.102266,-1.003673,0.458225,-0.005682,-0.723306,-0.321934,0.070435,-0.618482,-0.332263,0.045003,-0.388784,0.313019,0.291449,-1.698325,1.574587,3.711063,-0.222674,-0.017590,-0.034204,-0.042900,-0.001731,-0.129209,-0.360142,0.718405
23.028989,-0.757092,-2.123486,-0.994520,0.097627,-1.103417,-1.002475,0.458412,-0.004269,-0.725001,-0.319712,0.068723,-0.618183,-0.331684,0.045437,-0.388796,0.312987,0.291408,-1.698328,1.574455,3.710693,-0.221947,-0.016321,-0.033695,-0.042427,-0.002447,-0.129961,-0.362171,0.720228
23.029989,-0.761420,-2.127195,-0.996483,0.097718,-1.103346,-0.999395,0.457364,-0.002672,-0.735722,-0.316174,0.069892,-0.618025,-0.330193,0.046377,-0.388828,0.312915,0.291317,-1.698337,1.574205,3.709935,-0.220493,-0.015799,-0.034445,-0.043403,-0.003575,-0.128225,-0.372014,0.724883
23.031049,-0.765631,-2.129281,-0.994116,0.095535,-1.101692,-0.998879,0.457953,-0.002672,-0.735722,-0.316174,0.069892,-0.618025,-0.330193,0.046377,-0.388828,0.312915,0.291317,-1.698337,1.574205,3.709935,-0.220493,-0.015799,-0.034445,-0.043403,-0.003575,-0.128225,-0.372014,0.724883
23.032006,-0.767501,-2.128704,-0.994535,0.093680,-1.102997,-0.995202,0.458093,-0.003784,-0.743969,-0.315925,0.072672,-0.618126,-0.329207,0.046799,-0.388843,0.312878,0.291268,-1.698337,1.574071,3.709548,-0.219759,-0.015506,-0.035122,-0.045436,-0.002682,-0.129551,-0.375568,0.725407
23.033018,-0.771946,-2.131158,-0.998246,0.091457,-1.103195,-0.993739,0.456550,-0.004166,-0.750822,-0.315147,0.074843,-0.618147,-0.328214,0.047180,-0.388860,0.312838,0.291221,-1.698338,1.573948,3.709158,-0.219036,-0.016157,-0.036893,-0.045915,-0.002008,-0.127881,-0.381786,0.726447
23.034007,-0.775057,-2.134195,-0.993624,0.091065,-1.102044,-0.993743,0.456755,-0.003668,-0.751949,-0.313867,0.074008,-0.617846,-0.327382,0.047535,-0.388875,0.312801,0.291178,-1.698337,1.573816,3.708757,-0.218290,-0.015644,-0.037277,-0.044888,-0.001073,-0.127327,-0.385964,0.731040
23.034969,-0.779377,-2.132430,-0.995710,0.090392,-1.103211,-0.992323,0.456326,-0.003077,-0.747911,-0.312708,0.070411,-0.617262,-0.326699,0.047875,-0.388889,0.312763,0.291125,-1.698342,1.573687,3.708361,-0.217546,-0.015780,-0.037309,-0.047915,-0.001838,-0.128129,-0.388588,0.731970
23.036005,-0.779629,-2.133894,-1.000378,0.090530,-1.103826,-0.989372,0.457021,-0.001259,-0.740462,-0.310662,0.065115,-0.616542,-0.326211,0.048214,-0.388902,0.312720,0.291077,-1.698345,1.573563,3.707962,-0.216812,-0.015250,-0.039663,-0.047546,-0.002299,-0.126598,-0.392511,0.734136
23.037077,-0.785413,-2.139325,-1.000857,0.089405,-1.104773,-0.989859,0.457880,0.000715,-0.728818,-0.308603,0.058352,-0.615688,-0.325932,0.048552,-0.388923,0.312678,0.291035,-1.698350,1.573438,3.707552,-0.216081,-0.016828,-0.040517,-0.046074,-0.003622,-0.125709,-0.398276,0.734357
23.037979,-0.788337,-2.142382,-0.999389,0.087808,-1.104444,-0.986744,0.458092,0.000840,-0.715559,-0.308093,0.051734,-0.614849,-0.325675,0.048900,-0.388937,0.312640,0.290986,-1.698351,1.573312,3.707150,-0.215336,-0.015748,-0.039513,-0.046696,-0.003808,-0.124507,-0.400786,0.734375
23.038954,-0.794131,-2.147619,-1.003413,0.085716,-1.104852,-0.985079,0.459403,-0.000663,-0.705902,-0.308808,0.047433,-0.614270,-0.325249,0.049280,-0.388953,0.312600,0.290936,-1.698353,1.573187,3.706733,-0.214607,-0.015793,-0.039358,-0.048046,-0.003273,-0.124442,-0.406007,0.735008
23.040089,-0.795806,-2.148769,-1.002182,0.084259,-1.104830,-0.984382,0.459264,-0.004168,-0.702291,-0.310975,0.046007,-0.613979,-0.324550,0.049666,-0.388964,0.312562,0.290890,-1.698353,1.573066,3.706315,-0.213871,-0.014583,-0.038258,-0.046755,-0.002407,-0.123733,-0.410097,0.733714
23.041075,-0.797430,-2.152467,-1.001605,0.085601,-1.103559,-0.979984,0.459213,-0.010212,-0.703965,-0.315041,0.046681,-0.613867,-0.323627,0.050016,-0.388982,0.312518,0.290838,-1.698356,1.572946,3.705886,-0.213140,-0.015667,-0.039488,-0.048290,-0.002321,-0.123622,-0.413985,0.736099
23.041962,-0.802963,-2.149480,-1.001923,0.085066,-1.104174,-0.977389,0.460361,-0.017071,-0.719004,-0.318474,0.052533,-0.614328,-0.321678,0.050656,-0.389013,0.312433,0.290737,-1.698370,1.572695,3.705023,-0.211674,-0.015199,-0.041947,-0.049693,-0.005152,-0.123520,-0.425310,0.736244
23.043063,-0.805700,-2.156014,-1.004569,0.082541,-1.104715,-0.978414,0.459860,-0.017071,-0.719004,-0.318474,0.052533,-0.614328,-0.321678,0.050656,-0.389013,0.312433,0.290737,-1.698370,1.572695,3.705023,-0.211674,-0.015199,-0.041947,-0.049693,-0.005152,-0.123520,-0.425310,0.736244
23.044100,-0.808525,-2.154377,-1.007165,0.082745,-1.106261,-0.977499,0.461875,-0.018441,-0.727973,-0.318423,0.056410,-0.614726,-0.320629,0.050984,-0.389031,0.312395,0.290689,-1.698371,1.572574,3.704589,-0.210927,-0.015700,-0.040432,-0.049245,-0.003968,-0.122801,-0.427248,0.739149
23.044962,-0.811744,-2.156937,-1.011015,0.081141,-1.106800,-0.975877,0.460636,-0.020889,-0.735365,-0.319308,0.059765,-0.615031,-0.319462,0.051328,-0.389049,0.312348,0.290640,-1.698378,1.572454,3.704144,-0.210185,-0.016009,-0.042839,-0.048750,-0.005331,-0.121014,-0.430770,0.736662
23.046007,-0.814555,-2.161416,-1.010192,0.078573,-1.105956,-0.977354,0.462150,-0.025711,-0.740033,-0.322265,0.062241,-0.615187,-0.318174,0.051705,-0.389063,0.312305,0.290596,-1.698381,1.572334,3.703703,-0.209444,-0.015827,-0.042770,-0.047436,-0.004712,-0.120088,-0.434123,0.740022
23.046988,-0.815984,-2.159879,-1.011311,0.076859,-1.105128,-0.977474,0.463564,-0.033258,-0.742148,-0.327615,0.063647,-0.615147,-0.316743,0.052101,-0.389080,0.312265,0.290544,-1.698382,1.572211,3.703265,-0.208712,-0.016187,-0.042172,-0.048642,-0.003414,-0.120701,-0.435299,0.738615
23.047994,-0.819014,-2.164906,-1.011408,0.075626,-1.105623,-0.978223,0.464985,-0.040433,-0.741609,-0.332870,0.063160,-0.614866,-0.315294,0.052475,-0.389100,0.312216,0.290496,-1.698384,1.572087,3.702826,-0.207980,-0.017074,-0.044382,-0.048796,-0.002913,-0.121203,-0.437530,0.737177
23.048975,-0.822897,-2.165062,-1.015339,0.076135,-1.106380,-0.978988,0.465992,-0.044376,-0.737374,-0.335746,0.059984,-0.614346,-0.313999,0.052810,-0.389116,0.312174,0.290445,-1.698387,1.571967,3.702379,-0.207246,-0.017233,-0.043380,-0.049491,-0.002864,-0.120441,-0.439203,0.735824
23.049983,-0.828074,-2.167425,-1.012392,0.076209,-1.105279,-0.980721,0.464950,-0.046071,-0.731940,-0.336942,0.055736,-0.613802,-0.312757,0.053104,-0.389133,0.312126,0.290398,-1.698395,1.571848,3.701935,-0.206507,-0.016929,-0.044759,-0.048247,-0.004435,-0.119408,-0.440754,0.735181
23.051003,-0.827678,-2.167437,-1.013888,0.074261,-1.104414,-0.985540,0.465065,-0.048081,-0.727623,-0.338432,0.052340,-0.613434,-0.311468,0.053352,-0.389147,0.312080,0.290341,-1.698402,1.571724,3.701494,-0.205767,-0.016045,-0.045057,-0.050416,-0.005602,-0.120240,-0.441483,0.738780
23.052108,-0.833648,-2.170727,-1.015873,0.073076,-1.102418,-0.985446,0.466078,-0.049153,-0.723471,-0.339201,0.049532,-0.613256,-0.310355,0.053577,-0.389170,0.312032,0.290292,-1.698405,1.571602,3.701052,-0.205023,-0.017908,-0.046569,-0.050411,-0.004838,-0.120839,-0.439158,0.740037
23.053013,-0.834364,-2.173037,-1.017347,0.071134,-1.103838,-0.984285,0.464011,-0.047718,-0.717299,-0.338023,0.045888,-0.613115,-0.309649,0.053810,-0.389185,0.311986,0.290239,-1.698411,1.571476,3.700608,-0.204276,-0.016777,-0.046615,-0.050256,-0.004918,-0.122617,-0.442249,0.739873
23.053941,-0.838376,-2.176282,-1.019427,0.070283,-1.103457,-0.986263,0.464483,-0.045477,-0.709437,-0.336266,0.041272,-0.612915,-0.309193,0.054064,-0.389204,0.311939,0.290189,-1.698413,1.571359,3.700158,-0.203515,-0.017904,-0.046733,-0.050128,-0.004054,-0.120838,-0.445307,0.745000
23.055085,-0.841052,-2.180210,-1.021084,0.071070,-1.103533,-0.988093,0.463698,-0.043659,-0.702353,-0.334845,0.036699,-0.612740,-0.308727,0.054338,-0.389222,0.311893,0.290139,-1.698416,1.571239,3.699712,-0.202770,-0.017409,-0.046447,-0.049728,-0.004296,-0.120912,-0.445331,0.745110
23.056095,-0.841420,-2.183886,-1.017175,0.068139,-1.103931,-0.990457,0.461503,-0.042837,-0.699230,-0.334092,0.033980,-0.612810,-0.308093,0.054623,-0.389241,0.311846,0.290090,-1.698427,1.571120,3.699266,-0.202013,-0.017987,-0.046262,-0.049840,-0.006274,-0.120717,-0.446646,0.748719
23.056979,-0.844385,-2.182950,-1.020349,0.067724,-1.101670,-0.994344,0.462946,-0.040052,-0.702536,-0.331512,0.034301,-0.613338,-0.307302,0.054906,-0.389263,0.311802,0.290031,-1.698429,1.571001,3.698817,-0.201255,-0.019441,-0.045949,-0.052458,-0.004520,-0.120065,-0.446701,0.754544
23.058080,-0.847216,-2.185564,-1.022527,0.067015,-1.104207,-0.996984,0.462087,-0.031540,-0.709693,-0.324122,0.035962,-0.614203,-0.306618,0.055152,-0.389282,0.311753,0.289981,-1.698433,1.570875,3.698381,-0.200497,-0.019365,-0.047644,-0.051409,-0.005138,-0.121918,-0.444667,0.752438
23.059069,-0.851576,-2.189119,-1.023073,0.066052,-1.102831,-0.996966,0.461485,-0.019698,-0.716207,-0.313998,0.037134,-0.615134,-0.306227,0.055310,-0.389303,0.311704,0.289931,-1.698439,1.570762,3.697935,-0.199742,-0.019761,-0.047986,-0.051196,-0.005676,-0.119244,-0.444963,0.756035
23.059991,-0.855748,-2.187754,-1.023764,0.064830,-1.104780,-0.995003,0.459966,-0.008269,-0.722088,-0.304191,0.038320,-0.616105,-0.306007,0.055374,-0.389323,0.311659,0.289878,-1.698444,1.570639,3.697482,-0.198978,-0.019186,-0.047678,-0.051613,-0.005821,-0.120356,-0.447301,0.758523
23.061021,-0.859967,-2.191069,-1.026177,0.063273,-1.101674,-0.995755,0.460466,0.000643,-0.727715,-0.296433,0.039710,-0.617072,-0.305769,0.055367,-0.389341,0.311607,0.289824,-1.698450,1.570527,3.697032,-0.198214,-0.018607,-0.049641,-0.051850,-0.005617,-0.118113,-0.451267,0.762579
23.062006,-0.862040,-2.189484,-1.025608,0.062799,-1.101319,-0.999349,0.459969,0.004971,-0.730816,-0.292490,0.040128,-0.617823,-0.305465,0.055321,-0.389358,0.311559,0.289774,-1.698456,1.570402,3.696573,-0.197442,-0.018216,-0.049479,-0.051409,-0.005218,-0.120984,-0.452962,0.762985
23.062941,-0.865146,-2.190688,-1.028243,0.062293,-1.103076,-0.999191,0.459058,0.004887,-0.729639,-0.292247,0.038658,-0.618228,-0.305238,0.055271,-0.389378,0.311503,0.289718,-1.698464,1.570279,3.696117,-0.196666,-0.018802,-0.051628,-0.052340,-0.005791,-0.121006,-0.451606,0.765228
23.064087,-0.868554,-2.194406,-1.030176,0.061019,-1.103246,-0.999379,0.459195,0.002306,-0.723299,-0.294116,0.035078,-0.618311,-0.305333,0.055237,-0.389397,0.311448,0.289667,-1.698469,1.570163,3.695663,-0.195896,-0.018762,-0.052259,-0.051646,-0.006342,-0.118945,-0.453821,0.768092
23.065035,-0.870263,-2.194332,-1.027647,0.061851,-1.102485,-0.999023,0.461385,-0.002320,-0.713781,-0.297640,0.030534,-0.618220,-0.305712,0.055216,-0.389416,0.311398,0.289615,-1.698475,1.570043,3.695200,-0.195123,-0.018968,-0.052125,-0.051593,-0.006360,-0.118672,-0.456672,0.769752
23.065961,-0.873905,-2.196382,-1.026070,0.059291,-1.103945,-0.996513,0.460786,-0.007391,-0.704616,-0.301398,0.026630,-0.618143,-0.306241,0.055202,-0.389438,0.311343,0.289557,-1.698487,1.569924,3.694739,-0.194354,-0.019632,-0.053447,-0.053440,-0.008115,-0.119136,-0.459068,0.766417
23.067095,-0.877761,-2.202497,-1.030028,0.058321,-1.103240,-0.998066,0.462999,-0.009420,-0.696849,-0.302519,0.023584,-0.618142,-0.306973,0.055197,-0.389457,0.311287,0.289500,-1.698491,1.569812,3.694264,-0.193587,-0.019302,-0.053635,-0.054778,-0.006575,-0.117397,-0.463455,0.768683
23.068100,-0.880110,-2.204475,-1.030011,0.055230,-1.104472,-0.995963,0.464536,-0.008444,-0.691911,-0.300996,0.021672,-0.618203,-0.307824,0.055201,-0.389477,0.311238,0.289450,-1.698499,1.569694,3.693790,-0.192823,-0.019261,-0.052285,-0.053678,-0.006869,-0.118014,-0.464782,0.766140
23.068948,-0.882493,-2.203320,-1.032555,0.054998,-1.104436,-0.992724,0.463781,-0.006721,-0.691760,-0.298619,0.021450,-0.618310,-0.308634,0.055217,-0.389497,0.311185,0.289392,-1.698500,1.569580,3.693317,-0.192070,-0.019732,-0.052715,-0.054353,-0.004976,-0.116561,-0.469179,0.764484
23.070027,-0.885902,-2.203363,-1.031356,0.055207,-1.104654,-0.992021,0.464100,-0.005242,-0.693996,-0.296301,0.021573,-0.618303,-0.309452,0.055270,-0.389519,0.311128,0.289343,-1.698507,1.569466,3.692834,-0.191297,-0.019865,-0.054351,-0.053611,-0.005673,-0.116261,-0.473825,0.766671
23.071036,-0.889672,-2.200226,-1.033311,0.054209,-1.106607,-0.987306,0.466200,-0.004488,-0.694728,-0.294567,0.020578,-0.618041,-0.310433,0.055398,-0.389538,0.311069,0.289286,-1.698518,1.569352,3.692356,-0.190519,-0.019939,-0.055827,-0.054978,-0.006994,-0.115915,-0.477123,0.767655
23.071972,-0.891298,-2.206798,-1.033976,0.054683,-1.105154,-0.984403,0.466338,-0.004796,-0.690834,-0.293789,0.017617,-0.617445,-0.311718,0.055599,-0.389558,0.311005,0.289231,-1.698525,1.569244,3.691852,-0.189766,-0.019706,-0.058691,-0.054676,-0.007071,-0.113816,-0.483974,0.764849
23.073079,-0.892784,-2.204727,-1.033877,0.053414,-1.106026,-0.983197,0.468492,-0.006417,-0.683243,-0.294143,0.013342,-0.616584,-0.313208,0.055835,-0.389579,0.310951,0.289176,-1.698534,1.569127,3.691348,-0.189000,-0.020396,-0.056618,-0.054936,-0.008514,-0.115002,-0.488578,0.765659
23.074037,-0.896335,-2.209359,-1.034483,0.052572,-1.108021,-0.980118,0.468847,-0.007608,-0.676625,-0.294066,0.009776,-0.615732,-0.314698,0.056092,-0.389603,0.310886,0.289120,-1.698543,1.569012,3.690853,-0.188246,-0.021444,-0.059176,-0.055796,-0.008401,-0.114003,-0.492428,0.763175
23.075009,-0.901243,-2.212226,-1.038094,0.051559,-1.107152,-0.975115,0.469021,-0.006276,-0.672126,-0.291836,0.007191,-0.615014,-0.316163,0.056368,-0.389624,0.310831,0.289062,-1.698551,1.568903,3.690345,-0.187480,-0.021189,-0.058122,-0.056069,-0.008574,-0.111805,-0.497337,0.763645
23.075960,-0.902004,-2.210463,-1.035541,0.051641,-1.106156,-0.971315,0.468653,-0.004908,-0.671334,-0.289431,0.006254,-0.614504,-0.317364,0.056649,-0.389642,0.310775,0.289011,-1.698560,1.568791,3.689825,-0.186709,-0.020332,-0.058001,-0.054926,-0.008564,-0.112494,-0.504172,0.764497
23.076999,-0.907098,-2.211598,-1.037319,0.050125,-1.107300,-0.971339,0.468752,-0.005786,-0.674686,-0.288694,0.007165,-0.614198,-0.318150,0.056931,-0.389666,0.310711,0.288951,-1.698574,1.568683,3.689302,-0.185948,-0.021466,-0.060070,-0.056779,-0.009528,-0.113293,-0.509644,0.766380
23.078034,-0.911839,-2.213891,-1.038705,0.049654,-1.107793,-0.967190,0.470723,-0.010648,-0.679823,-0.289634,0.008030,-0.613643,-0.319574,0.057568,-0.389702,0.310585,0.288839,-1.698594,1.568464,3.688254,-0.184419,-0.019983,-0.061059,-0.056605,-0.009651,-0.111402,-0.518021,0.765208
23.079106,-0.913862,-2.210012,-1.037954,0.049159,-1.108192,-0.964946,0.469598,-0.010648,-0.679823,-0.289634,0.008030,-0.613643,-0.319574,0.057568,-0.389702,0.310585,0.288839,-1.698594,1.568464,3.688254,-0.184419,-0.019983,-0.061059,-0.056605,-0.009651,-0.111402,-0.518021,0.765208
23.079982,-0.916136,-2.214238,-1.041002,0.049745,-1.108859,-0.958088,0.470688,-0.016541,-0.678660,-0.292855,0.006913,-0.613260,-0.320426,0.057926,-0.389725,0.310514,0.288777,-1.698604,1.568354,3.687718,-0.183636,-0.020712,-0.064356,-0.057681,-0.010263,-0.110908,-0.522468,0.769105
23.080946,-0.917757,-2.214746,-1.041021,0.047551,-1.108191,-0.954118,0.469981,-0.023621,-0.674084,-0.296999,0.004529,-0.612811,-0.321434,0.058321,-0.389747,0.310455,0.288725,-1.698617,1.568246,3.687171,-0.182865,-0.020945,-0.063281,-0.056671,-0.011654,-0.109974,-0.530528,0.767641
23.081946,-0.923276,-2.215337,-1.042127,0.048394,-1.108818,-0.953431,0.470046,-0.031076,-0.669447,-0.301355,0.002301,-0.612425,-0.322408,0.058735,-0.389769,0.310389,0.288665,-1.698626,1.568136,3.686626,-0.182083,-0.021677,-0.064225,-0.057250,-0.010427,-0.110464,-0.536099,0.770209
23.082998,-0.923808,-2.216005,-1.041523,0.046512,-1.109746,-0.949731,0.469450,-0.038960,-0.665979,-0.305998,0.000651,-0.612080,-0.323295,0.059134,-0.389788,0.310323,0.288609,-1.698641,1.568028,3.686081,-0.181315,-0.020542,-0.065168,-0.057348,-0.012179,-0.109686,-0.538560,0.771393
23.084080,-0.930551,-2.219836,-1.041870,0.048098,-1.109360,-0.947938,0.469662,-0.046811,-0.662372,-0.310644,-0.000881,-0.611706,-0.324240,0.059501,-0.389812,0.310254,0.288550,-1.698652,1.567922,3.685532,-0.180532,-0.021985,-0.066149,-0.058360,-0.011349,-0.108680,-0.544338,0.774097
23.085023,-0.932109,-2.221411,-1.041140,0.046691,-1.110078,-0.942718,0.469374,-0.053595,-0.660179,-0.314443,-0.001422,-0.611430,-0.325195,0.059838,-0.389828,0.310188,0.288490,-1.698670,1.567812,3.684972,-0.179763,-0.020410,-0.065630,-0.058905,-0.013895,-0.108993,-0.548244,0.775348
23.085970,-0.931639,-2.224738,-1.041204,0.044018,-1.109672,-0.942859,0.468717,-0.059525,-0.662930,-0.317471,0.000858,-0.611469,-0.325922,0.060150,-0.389850,0.310121,0.288428,-1.698680,1.567707,3.684396,-0.178979,-0.021156,-0.065976,-0.059779,-0.013390,-0.108093,-0.554820,0.776936
23.087087,-0.940737,-2.224348,-1.043889,0.041992,-1.110326,-0.939970,0.468368,-0.062634,-0.671188,-0.318133,0.005658,-0.611854,-0.326356,0.060444,-0.389877,0.310055,0.288366,-1.698686,1.567599,3.683836,-0.178201,-0.022850,-0.065446,-0.060270,-0.011749,-0.108314,-0.556079,0.779318
23.088087,-0.940598,-2.225501,-1.044936,0.042574,-1.112788,-0.939386,0.468418,-0.062944,-0.681083,-0.316630,0.010428,-0.612296,-0.326541,0.060729,-0.389894,0.309986,0.288309,-1.698696,1.567498,3.683262,-0.177412,-0.020142,-0.067103,-0.059717,-0.010891,-0.107691,-0.561230,0.781774
23.088991,-0.943972,-2.225075,-1.047140,0.040319,-1.112004,-0.935646,0.468961,-0.069032,-0.693245,-0.318955,0.015469,-0.612624,-0.325791,0.061211,-0.389941,0.309843,0.288189,-1.698721,1.567296,3.682111,-0.175844,-0.021542,-0.068906,-0.059192,-0.011019,-0.105786,-0.568312,0.782664
23.090042,-0.947638,-2.228218,-1.047546,0.037645,-1.114223,-0.939138,0.468849,-0.069032,-0.693245,-0.318955,0.015469,-0.612624,-0.325791,0.061211,-0.389941,0.309843,0.288189,-1.698721,1.567296,3.682111,-0.175844,-0.021542,-0.068906,-0.059192,-0.011019,-0.105786,-0.568312,0.782664
23.091042,-0.948633,-2.223641,-1.048545,0.037356,-1.115554,-0.938942,0.469991,-0.074828,-0.693446,-0.322936,0.014856,-0.612443,-0.324728,0.061383,-0.389962,0.309776,0.288129,-1.698728,1.567195,3.681536,-0.175052,-0.021428,-0.068657,-0.059672,-0.009490,-0.103517,-0.566638,0.784364
23.092155,-0.956401,-2.232380,-1.048103,0.035853,-1.116892,-0.939990,0.471595,-0.081140,-0.687187,-0.327815,0.010628,-0.611903,-0.323340,0.061485,-0.389986,0.309699,0.288068,-1.698741,1.567095,3.680971,-0.174268,-0.022523,-0.072090,-0.059773,-0.010163,-0.102130,-0.568550,0.783316
23.093028,-0.954444,-2.228208,-1.051630,0.034704,-1.117029,-0.939466,0.473081,-0.087136,-0.675767,-0.332811,0.003621,-0.611154,-0.321654,0.061505,-0.390005,0.309636,0.288003,-1.698750,1.566997,3.680396,-0.173490,-0.020461,-0.069173,-0.060711,-0.009827,-0.100862,-0.569698,0.781890
23.094027,-0.960003,-2.236304,-1.051356,0.034243,-1.117703,-0.942033,0.472646,-0.093517,-0.663590,-0.338267,-0.004035,-0.610402,-0.319477,0.061452,-0.390034,0.309557,0.287945,-1.698759,1.566898,3.679818,-0.172712,-0.022774,-0.072147,-0.059394,-0.009570,-0.100559,-0.571191,0.779638
23.095010,-0.962228,-2.235294,-1.047888,0.034648,-1.116416,-0.944722,0.474057,-0.099931,-0.653287,-0.343773,-0.011174,-0.609765,-0.316785,0.061359,-0.390053,0.309494,0.287885,-1.698769,1.566800,3.679250,-0.171936,-0.021602,-0.069317,-0.060164,-0.010121,-0.099840,-0.570261,0.781843
23.095988,-0.966110,-2.238845,-1.053644,0.033593,-1.115133,-0.945390,0.477459,-0.104666,-0.648522,-0.347802,-0.015962,-0.609469,-0.313652,0.061271,-0.390075,0.309419,0.287819,-1.698783,1.566698,3.678685,-0.171141,-0.022075,-0.070978,-0.062424,-0.011438,-0.101043,-0.569167,0.780131
23.097055,-0.967862,-2.240944,-1.053187,0.030853,-1.115829,-0.946280,0.476208,-0.107522,-0.650209,-0.350134,-0.017764,-0.609528,-0.310191,0.061195,-0.390095,0.309350,0.287762,-1.698795,1.566591,3.678118,-0.170382,-0.021712,-0.070340,-0.060121,-0.011314,-0.102175,-0.570085,0.774553
23.098026,-0.972304,-2.241865,-1.052827,0.031871,-1.116223,-0.946094,0.478977,-0.110464,-0.655814,-0.352453,-0.017935,-0.609662,-0.306446,0.061124,-0.390121,0.309277,0.287699,-1.698800,1.566493,3.677544,-0.169605,-0.022541,-0.070603,-0.061054,-0.009762,-0.101482,-0.571173,0.778741
23.098988,-0.974025,-2.246912,-1.053674,0.028740,-1.118446,-0.950661,0.479156,-0.113363,-0.663834,-0.354724,-0.017416,-0.609755,-0.302469,0.061053,-0.390141,0.309204,0.287639,-1.698817,1.566393,3.676965,-0.168838,-0.021877,-0.071252,-0.061799,-0.011624,-0.101005,-0.572817,0.774324
23.100095,-0.976341,-2.246704,-1.057684,0.028675,-1.117514,-0.951258,0.482204,-0.114914,-0.674482,-0.355871,-0.016004,-0.609911,-0.298362,0.060951,-0.390163,0.309137,0.287577,-1.698823,1.566301,3.676401,-0.168058,-0.022566,-0.069861,-0.061909,-0.009524,-0.098746,-0.569702,0.775131
23.101020,-0.982498,-2.253094,-1.057824,0.027171,-1.118154,-0.952611,0.480570,-0.115184,-0.687550,-0.355935,-0.013753,-0.610178,-0.294194,0.060783,-0.390188,0.309062,0.287518,-1.698836,1.566201,3.675827,-0.167300,-0.023176,-0.071350,-0.060660,-0.010574,-0.099744,-0.571320,0.770816
23.101961,-0.985016,-2.253809,-1.057460,0.023932,-1.118256,-0.952625,0.480444,-0.116318,-0.702764,-0.356676,-0.010564,-0.610553,-0.289891,0.060542,-0.390206,0.308997,0.287457,-1.698845,1.566103,3.675259,-0.166514,-0.021588,-0.069224,-0.061105,-0.009990,-0.098974,-0.571243,0.775102
23.103093,-0.988884,-2.253144,-1.060697,0.023483,-1.118807,-0.955848,0.480530,-0.120013,-0.720759,-0.359481,-0.006225,-0.611039,-0.285328,0.060252,-0.390230,0.308925,0.287391,-1.698849,1.566008,3.674678,-0.165745,-0.021827,-0.069942,-0.061753,-0.007834,-0.098811,-0.572535,0.776387
23.104055,-0.992227,-2.257087,-1.062384,0.023057,-1.120317,-0.956624,0.481026,-0.125754,-0.737613,-0.364075,-0.002841,-0.611442,-0.280738,0.059948,-0.390252,0.308850,0.287333,-1.698859,1.565912,3.674098,-0.164958,-0.021742,-0.071699,-0.060936,-0.008582,-0.098356,-0.571550,0.778051
23.104987,-0.997826,-2.256591,-1.059319,0.022033,-1.121382,-0.953652,0.478693,-0.133826,-0.750532,-0.370760,-0.001203,-0.611712,-0.276405,0.059649,-0.390274,0.308780,0.287272,-1.698870,1.565817,3.673527,-0.164186,-0.021603,-0.070826,-0.060650,-0.009104,-0.096790,-0.572251,0.778190
23.105994,-0.999007,-2.256154,-1.060144,0.019821,-1.120722,-0.947243,0.479421,-0.144290,-0.761639,-0.379509,0.000189,-0.612042,-0.272379,0.059370,-0.390293,0.308707,0.287205,-1.698878,1.565726,3.672938,-0.163387,-0.020309,-0.072113,-0.062637,-0.009057,-0.095692,-0.576456,0.783813
23.106992,-1.000096,-2.262078,-1.059624,0.021710,-1.120515,-0.946594,0.479011,-0.155288,-0.769902,-0.388854,0.000576,-0.612366,-0.268767,0.059133,-0.390315,0.308632,0.287141,-1.698883,1.565628,3.672332,-0.162594,-0.021360,-0.073485,-0.062782,-0.007976,-0.096333,-0.584375,0.783556
23.108009,-1.003675,-2.260585,-1.057895,0.020274,-1.120342,-0.942347,0.477681,-0.163602,-0.776500,-0.396114,0.000193,-0.612752,-0.265619,0.058924,-0.390340,0.308563,0.287077,-1.698900,1.565537,3.671741,-0.161811,-0.022378,-0.071692,-0.063613,-0.010752,-0.096562,-0.586489,0.785659
23.108987,-1.004838,-2.263671,-1.060526,0.019865,-1.118423,-0.938626,0.478682,-0.166565,-0.786210,-0.398900,0.001473,-0.613525,-0.262886,0.058721,-0.390362,0.308487,0.287010,-1.698909,1.565439,3.671134,-0.161009,-0.022224,-0.073636,-0.065029,-0.010333,-0.096706,-0.592288,0.789606
23.110058,-1.006688,-2.264287,-1.061155,0.018022,-1.121201,-0.934033,0.477132,-0.164415,-0.798445,-0.397389,0.004273,-0.614626,-0.260556,0.058510,-0.390386,0.308415,0.286946,-1.698920,1.565338,3.670531,-0.160218,-0.023194,-0.073206,-0.064229,-0.010905,-0.098547,-0.597351,0.788694
23.111051,-1.007876,-2.268703,-1.064215,0.016161,-1.118281,-0.932853,0.478255,-0.158691,-0.811046,-0.392893,0.007500,-0.615864,-0.258527,0.058274,-0.390410,0.308339,0.286880,-1.698930,1.565249,3.669911,-0.159425,-0.023977,-0.074183,-0.064560,-0.010163,-0.095832,-0.603673,0.793388
23.111939,-1.012870,-2.271692,-1.059705,0.015360,-1.118498,-0.929324,0.476397,-0.150328,-0.823518,-0.386199,0.010712,-0.617159,-0.256681,0.058014,-0.390436,0.308270,0.286816,-1.698938,1.565144,3.669291,-0.158627,-0.024928,-0.073149,-0.063584,-0.009355,-0.098694,-0.606137,0.792266
23.112979,-1.015765,-2.274388,-1.058772,0.013398,-1.117969,-0.925420,0.475985,-0.139963,-0.837220,-0.377802,0.014301,-0.618510,-0.254895,0.057771,-0.390456,0.308197,0.286744,-1.698948,1.565049,3.668674,-0.157828,-0.023839,-0.072595,-0.066186,-0.009440,-0.098326,-0.610489,0.796747
23.113986,-1.016799,-2.276096,-1.061678,0.014178,-1.115978,-0.921199,0.477118,-0.127475,-0.854047,-0.367523,0.019032,-0.619958,-0.253052,0.057592,-0.390481,0.308125,0.286674,-1.698954,1.564952,3.668039,-0.157026,-0.024052,-0.072504,-0.067184,-0.008628,-0.098872,-0.615876,0.798913
23.114971,-1.022461,-2.272365,-1.062874,0.012091,-1.117164,-0.920651,0.476648,-0.113143,-0.873802,-0.355557,0.024926,-0.621462,-0.251080,0.057480,-0.390508,0.308051,0.286608,-1.698969,1.564848,3.667406,-0.156220,-0.025102,-0.072825,-0.066268,-0.010332,-0.100775,-0.621416,0.797827
23.115954,-1.026622,-2.273432,-1.062208,0.011982,-1.116268,-0.919213,0.476071,-0.099952,-0.892162,-0.344452,0.030495,-0.622770,-0.249080,0.057424,-0.390530,0.307970,0.286542,-1.698978,1.564754,3.666769,-0.155421,-0.023827,-0.075748,-0.066197,-0.009240,-0.099546,-0.623094,0.799931
23.116930,-1.027957,-2.274508,-1.058591,0.011567,-1.118150,-0.916438,0.477827,-0.091308,-0.902518,-0.337206,0.033164,-0.623543,-0.247339,0.057420,-0.390552,0.307894,0.286475,-1.698988,1.564653,3.666131,-0.154611,-0.023422,-0.076383,-0.067108,-0.010207,-0.100416,-0.625937,0.802360
23.118038,-1.031430,-2.273127,-1.060186,0.010849,-1.117172,-0.914184,0.479868,-0.085243,-0.904705,-0.332200,0.032945,-0.623894,-0.246013,0.057446,-0.390577,0.307814,0.286400,-1.699001,1.564556,3.665492,-0.153817,-0.024484,-0.077091,-0.069472,-0.010837,-0.098554,-0.630339,0.800314
23.119041,-1.036577,-2.277518,-1.062371,0.009569,-1.116044,-0.916446,0.479036,-0.077265,-0.900964,-0.325652,0.030752,-0.624098,-0.245157,0.057461,-0.390603,0.307732,0.286333,-1.699013,1.564455,3.664837,-0.153019,-0.024727,-0.079305,-0.069480,-0.011370,-0.099696,-0.634838,0.798356
23.119965,-1.037622,-2.281267,-1.060939,0.008271,-1.113667,-0.911940,0.481161,-0.068364,-0.891626,-0.318316,0.026754,-0.624162,-0.244736,0.057441,-0.390624,0.307654,0.286264,-1.699025,1.564352,3.664189,-0.152210,-0.023965,-0.078417,-0.069040,-0.011199,-0.100834,-0.634233,0.801656
23.121015,-1.043408,-2.283337,-1.061828,0.007973,-1.113734,-0.911046,0.481748,-0.060667,-0.880732,-0.311806,0.022613,-0.624188,-0.244508,0.057417,-0.390651,0.307579,0.286191,-1.699034,1.564242,3.663539,-0.151419,-0.025051,-0.077717,-0.070258,-0.010993,-0.103083,-0.640054,0.798611
23.122023,-1.043883,-2.284619,-1.066046,0.008067,-1.112662,-0.910887,0.483776,-0.053585,-0.872936,-0.305559,0.020149,-0.624354,-0.244221,0.057408,-0.390672,0.307500,0.286120,-1.699046,1.564139,3.662887,-0.150617,-0.024058,-0.078123,-0.070506,-0.011885,-0.103052,-0.642862,0.799306
23.123058,-1.048954,-2.287805,-1.065251,0.005259,-1.113511,-0.913196,0.483683,-0.048053,-0.868877,-0.300365,0.019914,-0.624695,-0.243789,0.057401,-0.390701,0.307421,0.286054,-1.699061,1.564035,3.662241,-0.149834,-0.025591,-0.078812,-0.069069,-0.013022,-0.104131,-0.644750,0.796924
23.124027,-1.056399,-2.288746,-1.068617,0.005220,-1.111783,-0.913181,0.485123,-0.044844,-0.867089,-0.296972,0.021339,-0.625153,-0.243299,0.057404,-0.390725,0.307340,0.285982,-1.699068,1.563933,3.661592,-0.149025,-0.024893,-0.078563,-0.070155,-0.011468,-0.103321,-0.644300,0.798887
23.125034,-1.057942,-2.292112,-1.069698,0.003989,-1.112818,-0.912396,0.485234,-0.045779,-0.865874,-0.296973,0.023467,-0.625597,-0.242787,0.057424,-0.390743,0.307259,0.285915,-1.699081,1.563823,3.660940,-0.148227,-0.022941,-0.079322,-0.069084,-0.012479,-0.104979,-0.645823,0.797432
23.126126,-1.059272,-2.291122,-1.072417,0.002188,-1.110025,-0.916367,0.487508,-0.053549,-0.864970,-0.302553,0.026265,-0.625964,-0.242122,0.057433,-0.390770,0.307180,0.285845,-1.699094,1.563724,3.660297,-0.147436,-0.023958,-0.078950,-0.069201,-0.012342,-0.103968,-0.648374,0.798908
23.127016,-1.063169,-2.289440,-1.071832,-0.000693,-1.109380,-0.916881,0.486063,-0.065597,-0.863236,-0.311655,0.028876,-0.626237,-0.241398,0.057423,-0.390798,0.307097,0.285779,-1.699105,1.563612,3.659651,-0.146643,-0.025220,-0.080936,-0.068648,-0.011809,-0.106813,-0.646572,0.796390
23.127984,-1.062489,-2.290820,-1.072706,-0.000082,-1.110042,-0.918337,0.485394,-0.078018,-0.854842,-0.321323,0.027884,-0.626134,-0.241011,0.057406,-0.390822,0.307010,0.285707,-1.699111,1.563505,3.659011,-0.145827,-0.024814,-0.082742,-0.069406,-0.010004,-0.107285,-0.647207,0.800356
23.128983,-1.068155,-2.291034,-1.076679,-0.001108,-1.109257,-0.918938,0.486888,-0.088330,-0.836802,-0.329666,0.021597,-0.625529,-0.241165,0.057399,-0.390854,0.306924,0.285637,-1.699127,1.563399,3.658369,-0.145027,-0.026804,-0.083191,-0.069554,-0.011608,-0.106550,-0.647288,0.803127
23.129976,-1.067390,-2.296385,-1.073931,-0.001051,-1.108607,-0.922778,0.485341,-0.096145,-0.812597,-0.336250,0.012034,-0.624668,-0.241678,0.057410,-0.390876,0.306838,0.285571,-1.699140,1.563290,3.657718,-0.144222,-0.025740,-0.084313,-0.068239,-0.011657,-0.107293,-0.648361,0.801671
23.131034,-1.072451,-2.296899,-1.078085,-0.002751,-1.107423,-0.926869,0.486729,-0.101890,-0.787731,-0.341212,0.002167,-0.623835,-0.242294,0.057438,-0.390908,0.306758,0.285497,-1.699155,1.563183,3.657080,-0.143413,-0.027829,-0.082895,-0.070220,-0.012761,-0.107898,-0.646195,0.806355
23.131992,-1.075571,-2.298057,-1.078181,-0.004207,-1.108680,-0.927911,0.484972,-0.104105,-0.766631,-0.343204,-0.005978,-0.623227,-0.242949,0.057489,-0.390933,0.306673,0.285432,-1.699166,1.563071,3.656442,-0.142606,-0.027166,-0.084032,-0.068889,-0.012260,-0.109065,-0.644176,0.805377
23.132961,-1.079351,-2.302103,-1.079475,-0.007742,-1.108596,-0.927794,0.484729,-0.104464,-0.748318,-0.343649,-0.012885,-0.622711,-0.243685,0.057557,-0.390959,0.306586,0.285361,-1.699176,1.562966,3.655803,-0.141779,-0.027278,-0.084560,-0.069427,-0.011886,-0.107726,-0.644667,0.810237
23.134031,-1.080625,-2.304804,-1.077776,-0.009310,-1.108319,-0.932457,0.484502,-0.105350,-0.730927,-0.344619,-0.019802,-0.622093,-0.244464,0.057636,-0.390986,0.306503,0.285293,-1.699182,1.562858,3.655149,-0.140967,-0.027077,-0.083716,-0.069385,-0.009556,-0.107750,-0.646274,0.812098
23.135076,-1.084582,-2.309318,-1.078272,-0.010629,-1.107521,-0.932365,0.482000,-0.105117,-0.715490,-0.344778,-0.027017,-0.621425,-0.245314,0.057723,-0.391016,0.306418,0.285218,-1.699190,1.562749,3.654501,-0.140146,-0.028308,-0.083767,-0.070926,-0.009291,-0.108044,-0.643652,0.814411
23.136094,-1.089570,-2.307926,-1.080877,-0.008536,-1.106795,-0.930721,0.484136,-0.101117,-0.704067,-0.341862,-0.033895,-0.620916,-0.246352,0.057828,-0.391044,0.306336,0.285145,-1.699201,1.562638,3.653858,-0.139305,-0.028136,-0.082874,-0.071335,-0.009192,-0.108820,-0.645754,0.821108
23.136951,-1.089050,-2.309782,-1.082751,-0.008548,-1.106023,-0.927330,0.483006,-0.095335,-0.698174,-0.337353,-0.038984,-0.620739,-0.247515,0.057955,-0.391071,0.306247,0.285075,-1.699219,1.562530,3.653196,-0.138496,-0.027421,-0.084823,-0.070691,-0.012304,-0.109522,-0.649120,0.818395
23.138056,-1.092720,-2.311367,-1.083396,-0.010299,-1.103526,-0.927819,0.485049,-0.091606,-0.697434,-0.334345,-0.041293,-0.620939,-0.248707,0.058087,-0.391104,0.306162,0.285007,-1.699233,1.562421,3.652524,-0.137663,-0.029087,-0.084799,-0.070194,-0.013110,-0.110088,-0.653261,0.821489
23.138953,-1.092604,-2.314874,-1.083955,-0.010763,-1.104784,-0.919762,0.485188,-0.089570,-0.700555,-0.332616,-0.041301,-0.621441,-0.250009,0.058213,-0.391134,0.306075,0.284934,-1.699244,1.562301,3.651866,-0.136850,-0.029167,-0.085457,-0.070646,-0.012643,-0.112556,-0.654961,0.819407
23.140018,-1.095319,-2.314459,-1.088357,-0.009702,-1.103818,-0.913523,0.485410,-0.087034,-0.707187,-0.330443,-0.039774,-0.622134,-0.251451,0.058316,-0.391168,0.305991,0.284864,-1.699257,1.562192,3.651183,-0.136028,-0.030694,-0.084706,-0.070848,-0.013125,-0.111099,-0.663991,0.820171
23.140995,-1.097070,-2.318303,-1.082861,-0.011360,-1.103527,-0.911075,0.486170,-0.083751,-0.718365,-0.327618,-0.036218,-0.623028,-0.252848,0.058380,-0.391200,0.305900,0.284798,-1.699277,1.562077,3.650506,-0.135210,-0.031143,-0.086243,-0.069409,-0.015217,-0.112038,-0.672098,0.821574
23.141995,-1.102663,-2.318019,-1.082761,-0.013640,-1.103410,-0.906555,0.484859,-0.079352,-0.734099,-0.323820,-0.030351,-0.624120,-0.254131,0.058423,-0.391234,0.305817,0.284718,-1.699290,1.561966,3.649815,-0.134382,-0.031883,-0.085513,-0.072687,-0.014567,-0.112229,-0.675806,0.821417
23.143005,-1.102684,-2.316133,-1.086197,-0.014186,-1.101879,-0.902503,0.485960,-0.071917,-0.752025,-0.317486,-0.023605,-0.625248,-0.255498,0.058470,-0.391263,0.305727,0.284645,-1.699303,1.561855,3.649120,-0.133542,-0.030791,-0.086853,-0.073305,-0.013379,-0.112263,-0.681749,0.825521
23.144056,-1.099295,-2.323880,-1.086255,-0.015919,-1.102404,-0.899083,0.485695,-0.062710,-0.766568,-0.309734,-0.018731,-0.626060,-0.257147,0.058520,-0.391300,0.305633,0.284576,-1.699319,1.561737,3.648422,-0.132729,-0.032459,-0.088950,-0.072234,-0.013863,-0.113682,-0.687243,0.824871
23.144965,-1.103092,-2.321459,-1.087606,-0.017070,-1.102024,-0.898882,0.485629,-0.051086,-0.776709,-0.300030,-0.016185,-0.626568,-0.259143,0.058592,-0.391343,0.305552,0.284503,-1.699335,1.561621,3.647711,-0.131891,-0.035836,-0.086438,-0.072898,-0.013221,-0.113064,-0.692253,0.827122
23.145960,-1.107725,-2.319367,-1.088891,-0.016740,-1.102772,-0.891025,0.485825,-0.033986,-0.786173,-0.285777,-0.014378,-0.627092,-0.261501,0.058710,-0.391376,0.305460,0.284431,-1.699347,1.561507,3.647016,-0.131053,-0.035378,-0.088643,-0.072691,-0.013053,-0.113248,-0.693313,0.828255
23.147007,-1.110809,-2.323636,-1.089178,-0.015666,-1.102595,-0.883505,0.488751,-0.015257,-0.792317,-0.270194,-0.013896,-0.627524,-0.264276,0.058845,-0.391411,0.305364,0.284358,-1.699364,1.561391,3.646294,-0.130228,-0.034701,-0.090773,-0.072643,-0.014368,-0.112364,-0.702462,0.829338
23.147951,-1.112998,-2.323488,-1.091598,-0.016799,-1.102068,-0.881015,0.487970,-0.000398,-0.794559,-0.257757,-0.013988,-0.627815,-0.267208,0.058940,-0.391445,0.305276,0.284283,-1.699383,1.561280,3.645564,-0.129408,-0.034929,-0.089912,-0.073149,-0.016449,-0.112520,-0.711443,0.825180
23.149029,-1.114918,-2.325875,-1.091216,-0.015842,-1.102758,-0.879495,0.488542,0.009416,-0.797644,-0.249236,-0.012067,-0.628200,-0.269881,0.058981,-0.391482,0.305182,0.284212,-1.699399,1.561166,3.644841,-0.128584,-0.035346,-0.091013,-0.072463,-0.016246,-0.112893,-0.714800,0.828043
23.149955,-1.115337,-2.325100,-1.096169,-0.019296,-1.104966,-0.876016,0.489832,0.015406,-0.802853,-0.243550,-0.007562,-0.628773,-0.272181,0.058983,-0.391519,0.305090,0.284135,-1.699420,1.561059,3.644113,-0.127749,-0.036176,-0.091143,-0.073341,-0.018209,-0.112242,-0.717959,0.828713
23.150965,-1.121561,-2.324057,-1.098344,-0.020329,-1.107161,-0.876055,0.487267,0.019304,-0.808204,-0.239347,-0.001674,-0.629485,-0.274086,0.058944,-0.391558,0.304996,0.284068,-1.699431,1.560953,3.643376,-0.126919,-0.037420,-0.092498,-0.071396,-0.015741,-0.109910,-0.722184,0.827233
23.152032,-1.125050,-2.331014,-1.100776,-0.020328,-1.104288,-0.879395,0.488542,0.019568,-0.808618,-0.238113,0.002787,-0.630055,-0.275496,0.058857,-0.391591,0.304897,0.283997,-1.699446,1.560849,3.642649,-0.126080,-0.035984,-0.094112,-0.070964,-0.015781,-0.107726,-0.723393,0.833943
23.152997,-1.126922,-2.333048,-1.105799,-0.024413,-1.104459,-0.880165,0.487166,0.013116,-0.803813,-0.242386,0.005667,-0.630446,-0.276171,0.058734,-0.391627,0.304808,0.283927,-1.699467,1.560731,3.641926,-0.125252,-0.036024,-0.091933,-0.070490,-0.016786,-0.110578,-0.721628,0.833123
23.153954,-1.128556,-2.331608,-1.099734,-0.024672,-1.102118,-0.879780,0.487160,-0.000259,-0.799036,-0.252161,0.009061,-0.630853,-0.275834,0.058577,-0.391664,0.304716,0.283862,-1.699475,1.560622,3.641210,-0.124394,-0.036660,-0.092011,-0.068610,-0.013809,-0.110277,-0.721970,0.837125
23.155035,-1.136376,-2.330716,-1.103835,-0.026792,-1.100966,-0.887497,0.486467,-0.016448,-0.793593,-0.264182,0.011587,-0.631148,-0.274624,0.058387,-0.391703,0.304619,0.283781,-1.699491,1.560507,3.640483,-0.123560,-0.037352,-0.093742,-0.072135,-0.014551,-0.112490,-0.723333,0.838367
23.156010,-1.139896,-2.331387,-1.107812,-0.027274,-1.102921,-0.887661,0.485659,-0.031970,-0.782187,-0.275828,0.010362,-0.631059,-0.273040,0.058163,-0.391734,0.304521,0.283713,-1.699504,1.560392,3.639765,-0.122712,-0.035287,-0.095456,-0.070812,-0.013609,-0.113601,-0.717261,0.841571
23.157102,-1.140669,-2.333965,-1.111341,-0.028394,-1.102449,-0.889766,0.487688,-0.050481,-0.761848,-0.290177,0.004506,-0.630400,-0.271331,0.057910,-0.391769,0.304421,0.283646,-1.699521,1.560283,3.639051,-0.121865,-0.035135,-0.096115,-0.069461,-0.014101,-0.111535,-0.718317,0.844472
23.158013,-1.143508,-2.327205,-1.110334,-0.029280,-1.103168,-0.890181,0.484430,-0.074517,-0.735136,-0.309251,-0.004441,-0.629290,-0.269417,0.057645,-0.391809,0.304326,0.283580,-1.699538,1.560170,3.638329,-0.121023,-0.036555,-0.096140,-0.068519,-0.014091,-0.112030,-0.717963,0.842242
23.159078,-1.150279,-2.334344,-1.110446,-0.029178,-1.100109,-0.890746,0.483722,-0.100616,-0.702807,-0.330276,-0.016270,-0.627845,-0.267455,0.057393,-0.391846,0.304217,0.283508,-1.699553,1.560060,3.637616,-0.120152,-0.036556,-0.100313,-0.069522,-0.014117,-0.111141,-0.718352,0.849738
23.160111,-1.150318,-2.338648,-1.114765,-0.032837,-1.100002,-0.891842,0.485218,-0.126586,-0.664778,-0.351510,-0.031048,-0.626097,-0.265611,0.057208,-0.391879,0.304124,0.283436,-1.699569,1.559941,3.636899,-0.119297,-0.034971,-0.097958,-0.070171,-0.015330,-0.114153,-0.719432,0.852808
23.160988,-1.150983,-2.344432,-1.114676,-0.031814,-1.099141,-0.892397,0.482770,-0.152428,-0.628542,-0.372712,-0.045574,-0.624331,-0.263573,0.057117,-0.391918,0.304030,0.283369,-1.699576,1.559829,3.636174,-0.118441,-0.036657,-0.097031,-0.068714,-0.012903,-0.114187,-0.719734,0.851304
23.162057,-1.150176,-2.350425,-1.118401,-0.034079,-1.100060,-0.898541,0.483229,-0.175938,-0.602510,-0.391834,-0.056552,-0.622906,-0.261047,0.057120,-0.391957,0.303937,0.283302,-1.699594,1.559712,3.635458,-0.117583,-0.037667,-0.094991,-0.069259,-0.014764,-0.114783,-0.719773,0.857047
23.163012,-1.159800,-2.350906,-1.119620,-0.036473,-1.096167,-0.895751,0.484118,-0.193227,-0.592202,-0.405593,-0.061552,-0.622198,-0.258063,0.057203,-0.391999,0.303848,0.283235,-1.699605,1.559601,3.634739,-0.116719,-0.039783,-0.093339,-0.068157,-0.013713,-0.113846,-0.715231,0.857754
23.164079,-1.161058,-2.353425,-1.117108,-0.036492,-1.096777,-0.894359,0.484286,-0.205748,-0.596212,-0.415294,-0.061178,-0.622075,-0.254738,0.057327,-0.392028,0.303752,0.283166,-1.699613,1.559477,3.634021,-0.115854,-0.036556,-0.094120,-0.068143,-0.012456,-0.117539,-0.719124,0.857089
23.164986,-1.162353,-2.356464,-1.122441,-0.037464,-1.097365,-0.894130,0.485812,-0.217732,-0.607901,-0.424616,-0.058406,-0.622033,-0.251175,0.057451,-0.392068,0.303656,0.283091,-1.699628,1.559363,3.633295,-0.115000,-0.037693,-0.094118,-0.070095,-0.013583,-0.116851,-0.722093,0.858477
23.165953,-1.163743,-2.356539,-1.125437,-0.038138,-1.094701,-0.890942,0.487329,-0.228670,-0.625108,-0.433156,-0.053870,-0.622052,-0.247540,0.057536,-0.392108,0.303565,0.283029,-1.699641,1.559248,3.632561,-0.114142,-0.038445,-0.093546,-0.067981,-0.013548,-0.116053,-0.722955,0.856312
23.167045,-1.167595,-2.353655,-1.119501,-0.040762,-1.092312,-0.885954,0.486858,-0.238456,-0.646703,-0.440838,-0.047701,-0.622228,-0.243993,0.057561,-0.392148,0.303468,0.282965,-1.699655,1.559122,3.631832,-0.113299,-0.039277,-0.094537,-0.067148,-0.013906,-0.118484,-0.727193,0.854548
23.168107,-1.172514,-2.358024,-1.123658,-0.040797,-1.090617,-0.884499,0.488279,-0.246520,-0.666445,-0.447432,-0.042887,-0.622310,-0.240779,0.057558,-0.392187,0.303365,0.282886,-1.699662,1.558999,3.631081,-0.112431,-0.039132,-0.097221,-0.070835,-0.012614,-0.120774,-0.733793,0.857308
23.169007,-1.170970,-2.357894,-1.127466,-0.041219,-1.089792,-0.879123,0.488471,-0.251363,-0.679692,-0.451828,-0.041729,-0.622115,-0.238026,0.057572,-0.392225,0.303272,0.282820,-1.699677,1.558874,3.630331,-0.111572,-0.038408,-0.096287,-0.069482,-0.013734,-0.122315,-0.736629,0.856089
23.170020,-1.171028,-2.357098,-1.128718,-0.042923,-1.088052,-0.877436,0.490043,-0.255195,-0.689087,-0.455624,-0.042409,-0.621827,-0.235456,0.057615,-0.392271,0.303171,0.282752,-1.699690,1.558749,3.629585,-0.110711,-0.040523,-0.097182,-0.068086,-0.014246,-0.122809,-0.742579,0.856599
23.171086,-1.176603,-2.364657,-1.129537,-0.044658,-1.086911,-0.876875,0.490344,-0.257978,-0.695705,-0.458678,-0.044049,-0.621576,-0.232974,0.057682,-0.392315,0.303070,0.282685,-1.699703,1.558621,3.628833,-0.109865,-0.042053,-0.098666,-0.068164,-0.013624,-0.124329,-0.745365,0.854909
23.172103,-1.178031,-2.370591,-1.131289,-0.044810,-1.086844,-0.876595,0.490503,-0.258092,-0.700022,-0.459635,-0.046573,-0.621399,-0.230635,0.057770,-0.392354,0.302980,0.282617,-1.699714,1.558492,3.628074,-0.109005,-0.040983,-0.096170,-0.068511,-0.013133,-0.125281,-0.747307,0.856010
23.172949,-1.176963,-2.367096,-1.132806,-0.048866,-1.085759,-0.871105,0.491152,-0.256351,-0.709495,-0.458884,-0.046395,-0.621648,-0.228225,0.057873,-0.392397,0.302888,0.282550,-1.699728,1.558369,3.627325,-0.108155,-0.041873,-0.094400,-0.068328,-0.014078,-0.125161,-0.748761,0.857178
23.174086,-1.187219,-2.375987,-1.137911,-0.048870,-1.081570,-0.866760,0.491271,-0.252274,-0.725835,-0.455977,-0.042842,-0.622414,-0.225822,0.057965,-0.392443,0.302787,0.282483,-1.699732,1.558243,3.626558,-0.107296,-0.043618,-0.096885,-0.068012,-0.011048,-0.125867,-0.754404,0.856484
23.175064,-1.186955,-2.377116,-1.134475,-0.049733,-1.078309,-0.868151,0.491865,-0.248661,-0.744379,-0.453365,-0.038358,-0.623364,-0.223504,0.058010,-0.392478,0.302697,0.282418,-1.699747,1.558105,3.625793,-0.106440,-0.040378,-0.093878,-0.066353,-0.012328,-0.129893,-0.760507,0.858303
23.175959,-1.183765,-2.371876,-1.135323,-0.050238,-1.076765,-0.863087,0.491395,-0.249697,-0.766879,-0.454320,-0.031817,-0.624524,-0.221057,0.058028,-0.392525,0.302604,0.282346,-1.699757,1.557966,3.625023,-0.105582,-0.042025,-0.094435,-0.068679,-0.012567,-0.132760,-0.759878,0.858361
23.176971,-1.186702,-2.374693,-1.139839,-0.049208,-1.072719,-0.860914,0.491749,-0.249862,-0.790781,-0.454286,-0.024346,-0.625940,-0.218892,0.058069,-0.392573,0.302498,0.282280,-1.699769,1.557826,3.624254,-0.104711,-0.044902,-0.097834,-0.068762,-0.013027,-0.133820,-0.765382,0.860128
23.177989,-1.190072,-2.374802,-1.138164,-0.051564,-1.069875,-0.865455,0.491232,-0.244363,-0.809390,-0.449525,-0.018916,-0.627413,-0.217418,0.058156,-0.392620,0.302400,0.282216,-1.699789,1.557682,3.623478,-0.103839,-0.044945,-0.097494,-0.067220,-0.015013,-0.137492,-0.768513,0.860780
23.179121,-1.192260,-2.378205,-1.142429,-0.052012,-1.069907,-0.867469,0.490134,-0.235938,-0.821921,-0.442329,-0.015393,-0.628814,-0.216480,0.058274,-0.392664,0.302300,0.282143,-1.699801,1.557537,3.622707,-0.102980,-0.044838,-0.098551,-0.068711,-0.013771,-0.139933,-0.764958,0.863284
23.180006,-1.191913,-2.384907,-1.144537,-0.055411,-1.068507,-0.868234,0.491202,-0.226483,-0.828937,-0.434270,-0.013409,-0.630051,-0.215990,0.058396,-0.392713,0.302203,0.282078,-1.699817,1.557395,3.621948,-0.102116,-0.045503,-0.098219,-0.067443,-0.014521,-0.139623,-0.764736,0.867473
23.181018,-1.197909,-2.388067,-1.145071,-0.059349,-1.067447,-0.870705,0.490345,-0.216171,-0.833974,-0.425453,-0.011633,-0.631221,-0.215740,0.058496,-0.392763,0.302112,0.282012,-1.699825,1.557250,3.621181,-0.101249,-0.046923,-0.095752,-0.066913,-0.012146,-0.140506,-0.764300,0.866063
23.181968,-1.205249,-2.384706,-1.144788,-0.059038,-1.064171,-0.873315,0.489206,-0.205524,-0.840877,-0.416302,-0.009152,-0.632375,-0.215455,0.058545,-0.392805,0.302017,0.281943,-1.699830,1.557110,3.620412,-0.100366,-0.045483,-0.095343,-0.067316,-0.009501,-0.141212,-0.762853,0.869151
23.183087,-1.202981,-2.390277,-1.143325,-0.061714,-1.060739,-0.875236,0.490012,-0.197870,-0.846144,-0.409693,-0.007835,-0.633219,-0.215210,0.058532,-0.392844,0.301913,0.281872,-1.699843,1.556959,3.619665,-0.099494,-0.043303,-0.097947,-0.068013,-0.010857,-0.143980,-0.761046,0.872499
23.184027,-1.206901,-2.387489,-1.147817,-0.060526,-1.057365,-0.876563,0.488402,-0.193317,-0.846054,-0.405758,-0.009128,-0.633630,-0.215289,0.058484,-0.392896,0.301819,0.281799,-1.699850,1.556805,3.618901,-0.098615,-0.046186,-0.096518,-0.069535,-0.009543,-0.147037,-0.760800,0.872713
23.185010,-1.206825,-2.388450,-1.148615,-0.059045,-1.055398,-0.878008,0.488997,-0.187964,-0.841533,-0.401195,-0.012633,-0.633795,-0.215863,0.058445,-0.392940,0.301715,0.281735,-1.699867,1.556650,3.618146,-0.097740,-0.045607,-0.098826,-0.067867,-0.011676,-0.149832,-0.760178,0.876981
23.185996,-1.206290,-2.382365,-1.148936,-0.059956,-1.053324,-0.876402,0.489653,-0.182234,-0.833580,-0.396273,-0.017101,-0.633905,-0.216922,0.058436,-0.392990,0.301615,0.281664,-1.699885,1.556497,3.617386,-0.096856,-0.047106,-0.099336,-0.068094,-0.014100,-0.151270,-0.759654,0.876933
23.187101,-1.209866,-2.389064,-1.151137,-0.061086,-1.052638,-0.876708,0.489514,-0.175407,-0.820289,-0.390492,-0.022715,-0.634004,-0.218577,0.058459,-0.393040,0.301505,0.281597,-1.699899,1.556340,3.616616,-0.095975,-0.048819,-0.103328,-0.068578,-0.014201,-0.152803,-0.762172,0.876832
23.187999,-1.215558,-2.391669,-1.152370,-0.062872,-1.052260,-0.880861,0.491241,-0.165415,-0.800385,-0.382287,-0.030358,-0.634023,-0.220844,0.058513,-0.393088,0.301409,0.281529,-1.699913,1.556183,3.615857,-0.095097,-0.048725,-0.101250,-0.068294,-0.014296,-0.153051,-0.763454,0.878920
23.188943,-1.216468,-2.396469,-1.153857,-0.066038,-1.052895,-0.879103,0.490940,-0.155256,-0.779174,-0.373975,-0.037872,-0.634051,-0.223325,0.058574,-0.393132,0.301312,0.281462,-1.699923,1.556032,3.615098,-0.094220,-0.047189,-0.100834,-0.068193,-0.013511,-0.152838,-0.759707,0.876221
23.190120,-1.221496,-2.396799,-1.157843,-0.067791,-1.049600,-0.877930,0.494282,-0.148199,-0.762110,-0.368062,-0.043172,-0.634168,-0.225693,0.058608,-0.393183,0.301216,0.281394,-1.699930,1.555884,3.614341,-0.093337,-0.048104,-0.099401,-0.068034,-0.011485,-0.151692,-0.762249,0.877868
23.191047,-1.220850,-2.399655,-1.156174,-0.068670,-1.047416,-0.879892,0.494682,-0.145252,-0.749052,-0.365399,-0.047053,-0.634214,-0.227884,0.058597,-0.393230,0.301112,0.281328,-1.699941,1.555725,3.613567,-0.092479,-0.047446,-0.100675,-0.066972,-0.011130,-0.154662,-0.765350,0.873342
23.191983,-1.220698,-2.397035,-1.157590,-0.069153,-1.046713,-0.874675,0.495020,-0.145484,-0.738149,-0.365293,-0.050725,-0.634055,-0.230070,0.058557,-0.393283,0.301014,0.281258,-1.699953,1.555564,3.612796,-0.091599,-0.049077,-0.100139,-0.068364,-0.011252,-0.156183,-0.763879,0.873513
23.193155,-1.225894,-2.396850,-1.158266,-0.069634,-1.045470,-0.869591,0.497103,-0.144572,-0.728087,-0.364249,-0.054829,-0.633757,-0.232625,0.058520,-0.393338,0.300907,0.281190,-1.699967,1.555407,3.612021,-0.090737,-0.050426,-0.102300,-0.068196,-0.011739,-0.156274,-0.769740,0.873886
23.194037,-1.224610,-2.400604,-1.161454,-0.069392,-1.041734,-0.870098,0.499125,-0.140975,-0.716417,-0.361087,-0.060194,-0.633321,-0.235703,0.058463,-0.393388,0.300800,0.281122,-1.699981,1.555251,3.611230,-0.089852,-0.049636,-0.103751,-0.068784,-0.012564,-0.157170,-0.776625,0.871780
23.194983,-1.229430,-2.400397,-1.158730,-0.069158,-1.039911,-0.862028,0.498787,-0.136793,-0.703610,-0.357483,-0.066035,-0.632803,-0.239162,0.058342,-0.393443,0.300701,0.281055,-1.699997,1.555086,3.610457,-0.088992,-0.051470,-0.102646,-0.067676,-0.013660,-0.160195,-0.776325,0.868518
23.195986,-1.230308,-2.400929,-1.164422,-0.072298,-1.041738,-0.859633,0.498299,-0.132539,-0.694136,-0.353676,-0.069902,-0.632452,-0.242798,0.058161,-0.393491,0.300594,0.280982,-1.700013,1.554926,3.609653,-0.088131,-0.050420,-0.103622,-0.069583,-0.014823,-0.161381,-0.784933,0.870341
23.197081,-1.229779,-2.405782,-1.167228,-0.070577,-1.041238,-0.859828,0.499477,-0.129251,-0.687964,-0.350510,-0.071803,-0.632237,-0.246451,0.057944,-0.393544,0.300490,0.280918,-1.700020,1.554772,3.608854,-0.087252,-0.051447,-0.104368,-0.067413,-0.012892,-0.159021,-0.788071,0.872621
23.198098,-1.235462,-2.405140,-1.165079,-0.074003,-1.039544,-0.856637,0.497559,-0.127759,-0.684568,-0.348695,-0.071987,-0.632157,-0.250028,0.057740,-0.393600,0.300387,0.280851,-1.700040,1.554615,3.608062,-0.086387,-0.053311,-0.103163,-0.066835,-0.015713,-0.159103,-0.789206,0.872028
23.199036,-1.237111,-2.407361,-1.164551,-0.074027,-1.039502,-0.851149,0.496979,-0.126821,-0.685557,-0.347192,-0.069684,-0.632375,-0.253538,0.057606,-0.393650,0.300281,0.280778,-1.700047,1.554452,3.607258,-0.085493,-0.051944,-0.104531,-0.068560,-0.013492,-0.160233,-0.793276,0.877233
23.200123,-1.239104,-2.402045,-1.168581,-0.074173,-1.040465,-0.847408,0.497927,-0.125508,-0.689173,-0.345303,-0.066111,-0.632761,-0.257025,0.057550,-0.393704,0.300177,0.280708,-1.700063,1.554292,3.606441,-0.084604,-0.052431,-0.104271,-0.069361,-0.014420,-0.159631,-0.799105,0.879306
23.201059,-1.239723,-2.406586,-1.167713,-0.076058,-1.038807,-0.841498,0.498299,-0.124253,-0.691660,-0.343460,-0.062977,-0.633124,-0.260540,0.057531,-0.393759,0.300063,0.280643,-1.700080,1.554137,3.605630,-0.083730,-0.053030,-0.108051,-0.068142,-0.015384,-0.158231,-0.804032,0.879110
23.202022,-1.241866,-2.406983,-1.168131,-0.075320,-1.039739,-0.839131,0.497718,-0.123261,-0.690433,-0.341883,-0.061269,-0.633378,-0.264092,0.057505,-0.393814,0.299959,0.280573,-1.700092,1.553974,3.604810,-0.082842,-0.054004,-0.106600,-0.069144,-0.014515,-0.159262,-0.810256,0.879312
23.202936,-1.244307,-2.409826,-1.172114,-0.076135,-1.039965,-0.836696,0.496546,-0.121067,-0.688419,-0.339261,-0.059858,-0.633670,-0.267435,0.057452,-0.393868,0.299850,0.280501,-1.700110,1.553819,3.603995,-0.081962,-0.054265,-0.107277,-0.069490,-0.016175,-0.157746,-0.813070,0.881597
23.204031,-1.245530,-2.410930,-1.175019,-0.078812,-1.041937,-0.836484,0.496456,-0.118338,-0.690203,-0.335961,-0.056371,-0.634228,-0.270181,0.057374,-0.393923,0.299743,0.280434,-1.700127,1.553667,3.603168,-0.081073,-0.054282,-0.106628,-0.068023,-0.016211,-0.156952,-0.815633,0.884781
23.205014,-1.252035,-2.419504,-1.172472,-0.083654,-1.041081,-0.840214,0.495817,-0.117690,-0.695771,-0.334152,-0.050653,-0.634984,-0.272040,0.057283,-0.393979,0.299635,0.280368,-1.700139,1.553517,3.602344,-0.080172,-0.055275,-0.107265,-0.067396,-0.014766,-0.154599,-0.816997,0.886598
23.206047,-1.251309,-2.420415,-1.175730,-0.084687,-1.039396,-0.844800,0.495307,-0.119190,-0.704267,-0.333998,-0.043944,-0.635737,-0.272836,0.057208,-0.394030,0.299538,0.280293,-1.700144,1.553359,3.601539,-0.079281,-0.053412,-0.103990,-0.069253,-0.011164,-0.154924,-0.813868,0.889037
23.207142,-1.253758,-2.424688,-1.177254,-0.086019,-1.040696,-0.847399,0.494175,-0.121149,-0.716337,-0.334129,-0.036899,-0.636380,-0.272559,0.057157,-0.394090,0.299432,0.280228,-1.700156,1.553203,3.600730,-0.078384,-0.055235,-0.104635,-0.068336,-0.011319,-0.156124,-0.810182,0.891423
23.208004,-1.256069,-2.423314,-1.176705,-0.088420,-1.039923,-0.849435,0.496819,-0.121855,-0.731851,-0.333158,-0.029593,-0.636930,-0.271408,0.057120,-0.394147,0.299328,0.280159,-1.700168,1.553051,3.599934,-0.077474,-0.055574,-0.103703,-0.068376,-0.011226,-0.154417,-0.808936,0.895322
23.209022,-1.260580,-2.423269,-1.179874,-0.087243,-1.041330,-0.851444,0.494836,-0.120615,-0.748537,-0.330644,-0.022828,-0.637351,-0.269659,0.057086,-0.394203,0.299219,0.280089,-1.700176,1.552900,3.599127,-0.076595,-0.055529,-0.105049,-0.069084,-0.009817,-0.154583,-0.806856,0.890569
23.210134,-1.260276,-2.423254,-1.184801,-0.088771,-1.039340,-0.853120,0.497112,-0.119359,-0.762646,-0.328337,-0.017931,-0.637499,-0.267558,0.057040,-0.394257,0.299110,0.280022,-1.700193,1.552752,3.598316,-0.075685,-0.054733,-0.106059,-0.068189,-0.012035,-0.152735,-0.805667,0.895880
23.211033,-1.265589,-2.419529,-1.186014,-0.089004,-1.039585,-0.853913,0.498388,-0.121056,-0.771818,-0.328772,-0.015255,-0.637311,-0.265238,0.056965,-0.394315,0.299000,0.279959,-1.700205,1.552595,3.597520,-0.074804,-0.056509,-0.107254,-0.066597,-0.011753,-0.154346,-0.805426,0.893063
23.211990,-1.266405,-2.419723,-1.185688,-0.088427,-1.039562,-0.856569,0.498178,-0.127336,-0.773374,-0.333420,-0.015753,-0.636640,-0.262813,0.056854,-0.394367,0.298885,0.279891,-1.700219,1.552444,3.596710,-0.073914,-0.055064,-0.109782,-0.066520,-0.012462,-0.153495,-0.804778,0.891276
23.213027,-1.268432,-2.420689,-1.185421,-0.093011,-1.039336,-0.858564,0.499030,-0.137897,-0.765591,-0.342112,-0.020055,-0.635408,-0.260431,0.056741,-0.394423,0.298771,0.279823,-1.700235,1.552291,3.595905,-0.073010,-0.055987,-0.110459,-0.067291,-0.013995,-0.152985,-0.802613,0.892706
23.214023,-1.271033,-2.425748,-1.189204,-0.092960,-1.038277,-0.860396,0.501263,-0.148989,-0.750155,-0.351739,-0.027808,-0.633708,-0.258233,0.056675,-0.394480,0.298658,0.279752,-1.700240,1.552144,3.595115,-0.072122,-0.056439,-0.110954,-0.068099,-0.010692,-0.152817,-0.801674,0.892409
23.214955,-1.274728,-2.424812,-1.187379,-0.094826,-1.038435,-0.860642,0.500644,-0.157978,-0.731015,-0.360050,-0.038143,-0.631616,-0.256199,0.056636,-0.394536,0.298552,0.279690,-1.700254,1.551990,3.594312,-0.071240,-0.056524,-0.109379,-0.066915,-0.011846,-0.153372,-0.800572,0.889167
23.215971,-1.276700,-2.426816,-1.188246,-0.095922,-1.039280,-0.858324,0.502592,-0.165939,-0.713221,-0.367789,-0.048858,-0.629312,-0.254197,0.056601,-0.394590,0.298438,0.279618,-1.700262,1.551838,3.593513,-0.070334,-0.055944,-0.110613,-0.068362,-0.011056,-0.152650,-0.800747,0.891309
23.216974,-1.274092,-2.427237,-1.190691,-0.096627,-1.040932,-0.854835,0.501391,-0.172897,-0.698334,-0.374927,-0.059144,-0.626925,-0.252331,0.056601,-0.394648,0.298326,0.279549,-1.700272,1.551689,3.592704,-0.069457,-0.056484,-0.110651,-0.068662,-0.011220,-0.151403,-0.804145,0.888933
23.218037,-1.279997,-2.426770,-1.192164,-0.095650,-1.041948,-0.850507,0.502707,-0.176368,-0.686664,-0.379382,-0.068998,-0.624610,-0.250803,0.056654,-0.394712,0.298213,0.279481,-1.700286,1.551541,3.591875,-0.068556,-0.059319,-0.111579,-0.068237,-0.011735,-0.149402,-0.808764,0.893006
23.219093,-1.282070,-2.428915,-1.192524,-0.095229,-1.040160,-0.843672,0.504302,-0.175555,-0.678990,-0.380417,-0.077677,-0.622590,-0.249643,0.056733,-0.394766,0.298096,0.279412,-1.700303,1.551394,3.591054,-0.067674,-0.058086,-0.113040,-0.068401,-0.013954,-0.148137,-0.814641,0.892331
23.220020,-1.285275,-2.430900,-1.194178,-0.097018,-1.039951,-0.841550,0.501262,-0.173171,-0.676298,-0.380156,-0.083890,-0.621030,-0.248602,0.056825,-0.394827,0.297982,0.279341,-1.700320,1.551242,3.590212,-0.066782,-0.058738,-0.113202,-0.069088,-0.015586,-0.149626,-0.822863,0.891059
23.221059,-1.283712,-2.433667,-1.199128,-0.097666,-1.042642,-0.838888,0.502480,-0.171075,-0.680192,-0.380013,-0.086641,-0.620011,-0.247325,0.056951,-0.394885,0.297868,0.279273,-1.700332,1.551093,3.589385,-0.065864,-0.058542,-0.113137,-0.068927,-0.014891,-0.149383,-0.825596,0.898367
23.222041,-1.286652,-2.433338,-1.199364,-0.097563,-1.041804,-0.839669,0.503645,-0.169196,-0.690991,-0.379877,-0.086021,-0.619522,-0.245625,0.057090,-0.394951,0.297755,0.279208,-1.700349,1.550954,3.588541,-0.064971,-0.060916,-0.112962,-0.067345,-0.015468,-0.146454,-0.829521,0.897688
23.222943,-1.293452,-2.437245,-1.195034,-0.102351,-1.038495,-0.837700,0.501868,-0.166619,-0.707666,-0.379020,-0.082356,-0.619550,-0.243553,0.057179,-0.395013,0.297639,0.279137,-1.700367,1.550806,3.587706,-0.064077,-0.060909,-0.114174,-0.067988,-0.016648,-0.146962,-0.829651,0.896879
23.223983,-1.295860,-2.437475,-1.197636,-0.103664,-1.041644,-0.836761,0.502102,-0.162771,-0.727405,-0.377046,-0.077186,-0.619855,-0.241299,0.057204,-0.395068,0.297528,0.279062,-1.700374,1.550650,3.586874,-0.063172,-0.058877,-0.113103,-0.070733,-0.013031,-0.149753,-0.832137,0.901562
23.225023,-1.298671,-2.440141,-1.201419,-0.104337,-1.043680,-0.836162,0.500353,-0.158297,-0.746945,-0.374517,-0.072839,-0.620055,-0.239020,0.057186,-0.395128,0.297414,0.278994,-1.700389,1.550510,3.586030,-0.062262,-0.059332,-0.114215,-0.070272,-0.012986,-0.146321,-0.834322,0.902826
23.226001,-1.300503,-2.434156,-1.196147,-0.104957,-1.043970,-0.832562,0.500106,-0.154679,-0.765391,-0.372572,-0.069595,-0.620101,-0.236834,0.057121,-0.395189,0.297299,0.278928,-1.700405,1.550371,3.585196,-0.061338,-0.059558,-0.114062,-0.069263,-0.013535,-0.144086,-0.836232,0.908079
23.227057,-1.308054,-2.436624,-1.197659,-0.104983,-1.041972,-0.834430,0.501177,-0.151175,-0.780947,-0.370584,-0.067649,-0.620089,-0.235000,0.057007,-0.395250,0.297170,0.278848,-1.700420,1.550228,3.584340,-0.060429,-0.060135,-0.117968,-0.072565,-0.014050,-0.143491,-0.840665,0.909993
23.227988,-1.303177,-2.434879,-1.204341,-0.104108,-1.044561,-0.837018,0.498581,-0.146305,-0.790128,-0.367367,-0.068226,-0.619962,-0.233800,0.056856,-0.395305,0.297054,0.278774,-1.700438,1.550083,3.583492,-0.059514,-0.058074,-0.117917,-0.072599,-0.015222,-0.145263,-0.840069,0.909656
23.228959,-1.310074,-2.437348,-1.204513,-0.105648,-1.045247,-0.840307,0.499532,-0.141643,-0.793661,-0.364069,-0.070295,-0.619780,-0.233221,0.056695,-0.395376,0.296932,0.278708,-1.700459,1.549945,3.582662,-0.058593,-0.061833,-0.119647,-0.069939,-0.017041,-0.142308,-0.838145,0.916068
23.229989,-1.310262,-2.440173,-1.202043,-0.108498,-1.044957,-0.843471,0.502205,-0.138504,-0.794268,-0.361657,-0.072094,-0.619683,-0.233167,0.056531,-0.395433,0.296814,0.278635,-1.700475,1.549806,3.581827,-0.057681,-0.059853,-0.119386,-0.070589,-0.016584,-0.141354,-0.835741,0.915503
23.230975,-1.316560,-2.441155,-1.204091,-0.109700,-1.046165,-0.845159,0.501303,-0.135453,-0.793792,-0.358980,-0.073352,-0.619634,-0.233639,0.056331,-0.395498,0.296694,0.278559,-1.700488,1.549663,3.580989,-0.056772,-0.061351,-0.119078,-0.072585,-0.014987,-0.141391,-0.833809,0.911845
23.231972,-1.312629,-2.444973,-1.204431,-0.111717,-1.049008,-0.843160,0.502839,-0.130801,-0.793342,-0.354693,-0.074521,-0.619473,-0.234641,0.056099,-0.395556,0.296575,0.278488,-1.700506,1.549529,3.580165,-0.055854,-0.059714,-0.119602,-0.072287,-0.014894,-0.139941,-0.833182,0.915172
23.233086,-1.316664,-2.443919,-1.210241,-0.112545,-1.049885,-0.849187,0.501584,-0.123778,-0.794267,-0.348179,-0.075492,-0.619170,-0.236053,0.055869,-0.395624,0.296459,0.278414,-1.700518,1.549396,3.579322,-0.054940,-0.063174,-0.118754,-0.072848,-0.014110,-0.136885,-0.836217,0.913582
23.234045,-1.321288,-2.445815,-1.202157,-0.110334,-1.052110,-0.850080,0.502493,-0.113660,-0.797205,-0.338896,-0.076169,-0.618812,-0.237749,0.055664,-0.395687,0.296333,0.278347,-1.700536,1.549259,3.578502,-0.054023,-0.062893,-0.120556,-0.070919,-0.014583,-0.135921,-0.831961,0.918276
23.235019,-1.319456,-2.446792,-1.207427,-0.110932,-1.050860,-0.850922,0.503654,-0.086070,-0.810575,-0.313608,-0.073607,-0.618696,-0.241678,0.055417,-0.395816,0.296091,0.278194,-1.700579,1.548994,3.576835,-0.052174,-0.064372,-0.120985,-0.073614,-0.018137,-0.134515,-0.832007,0.916735
23.236030,-1.325791,-2.445856,-1.212816,-0.112574,-1.052416,-0.857241,0.503469,-0.086070,-0.810575,-0.313608,-0.073607,-0.618696,-0.241678,0.055417,-0.395816,0.296091,0.278194,-1.700579,1.548994,3.576835,-0.052174,-0.064372,-0.120985,-0.073614,-0.018137,-0.134515,-0.832007,0.916735
23.237032,-1.328228,-2.448418,-1.210979,-0.113761,-1.052932,-0.857853,0.504482,-0.070994,-0.821468,-0.299481,-0.069457,-0.619119,-0.243639,0.055372,-0.395875,0.295968,0.278126,-1.700596,1.548864,3.576022,-0.051260,-0.062752,-0.122483,-0.071751,-0.017630,-0.132778,-0.826904,0.918735
23.238070,-1.331973,-2.452518,-1.213442,-0.116288,-1.052231,-0.856842,0.505464,-0.061540,-0.829930,-0.289870,-0.065927,-0.619422,-0.245555,0.055312,-0.395941,0.295848,0.278051,-1.700613,1.548737,3.575191,-0.050324,-0.063034,-0.122229,-0.073417,-0.017566,-0.132138,-0.827452,0.918156
23.239051,-1.332563,-2.452598,-1.215444,-0.115658,-1.056462,-0.857375,0.506482,-0.057721,-0.836953,-0.284838,-0.063166,-0.619555,-0.247412,0.055208,-0.396002,0.295728,0.277975,-1.700627,1.548604,3.574367,-0.049411,-0.062783,-0.121304,-0.072939,-0.016292,-0.132700,-0.829840,0.917938
23.240000,-1.338720,-2.448650,-1.215247,-0.117814,-1.057790,-0.854116,0.507212,-0.057923,-0.845421,-0.283031,-0.060251,-0.619614,-0.249214,0.055059,-0.396069,0.295604,0.277901,-1.700646,1.548488,3.573533,-0.048504,-0.063929,-0.122221,-0.072642,-0.018010,-0.128373,-0.830243,0.917374
23.240980,-1.341974,-2.451480,-1.214198,-0.117072,-1.059495,-0.849228,0.503989,-0.062172,-0.852697,-0.284568,-0.058111,-0.619491,-0.251243,0.054870,-0.396127,0.295474,0.277827,-1.700662,1.548367,3.572688,-0.047580,-0.062278,-0.125006,-0.073399,-0.016901,-0.126938,-0.834231,0.917150
23.241989,-1.341620,-2.448648,-1.218148,-0.117755,-1.061967,-0.848453,0.504465,-0.070934,-0.855280,-0.289930,-0.058105,-0.619019,-0.253704,0.054687,-0.396190,0.295350,0.277751,-1.700684,1.548243,3.571847,-0.046635,-0.062135,-0.124491,-0.074597,-0.018643,-0.125102,-0.840049,0.924999
23.242987,-1.341938,-2.453419,-1.220536,-0.115951,-1.064691,-0.844009,0.503711,-0.082918,-0.854239,-0.297978,-0.059481,-0.618318,-0.256639,0.054562,-0.396259,0.295222,0.277680,-1.700702,1.548121,3.570995,-0.045712,-0.063794,-0.126903,-0.073385,-0.019069,-0.122550,-0.841800,0.925528
23.243955,-1.345882,-2.456873,-1.218987,-0.118488,-1.066172,-0.840563,0.503282,-0.095561,-0.852804,-0.306466,-0.060232,-0.617704,-0.260094,0.054501,-0.396326,0.295098,0.277608,-1.700730,1.548006,3.570131,-0.044772,-0.065098,-0.125461,-0.072948,-0.021766,-0.119806,-0.847154,0.928487
23.245138,-1.350311,-2.459392,-1.219559,-0.120107,-1.066712,-0.838546,0.503773,-0.107009,-0.856753,-0.313716,-0.057510,-0.617534,-0.263891,0.054480,-0.396390,0.294974,0.277533,-1.700746,1.547891,3.569280,-0.043844,-0.064538,-0.124642,-0.074401,-0.020274,-0.118286,-0.851366,0.930664
23.245978,-1.351417,-2.459175,-1.221334,-0.122546,-1.068825,-0.834819,0.502761,-0.116568,-0.868163,-0.319127,-0.050890,-0.617801,-0.267882,0.054476,-0.396452,0.294850,0.277457,-1.700765,1.547776,3.568411,-0.042904,-0.064271,-0.124831,-0.075116,-0.020043,-0.117953,-0.855356,0.932063
23.246992,-1.352990,-2.466594,-1.221096,-0.125381,-1.070326,-0.827983,0.500938,-0.124744,-0.882544,-0.323257,-0.043017,-0.618125,-0.272130,0.054504,-0.396518,0.294724,0.277384,-1.700782,1.547665,3.567548,-0.041973,-0.064843,-0.125509,-0.074701,-0.018469,-0.115655,-0.858998,0.934743
23.247961,-1.356283,-2.465604,-1.217855,-0.125861,-1.073236,-0.823600,0.501157,-0.131170,-0.898148,-0.325897,-0.035286,-0.618329,-0.276503,0.054610,-0.396585,0.294604,0.277309,-1.700797,1.547552,3.566659,-0.041014,-0.065563,-0.122841,-0.075573,-0.016829,-0.114190,-0.866705,0.939848
23.249060,-1.359407,-2.462344,-1.223105,-0.125198,-1.074995,-0.823100,0.499929,-0.133707,-0.917117,-0.325288,-0.027145,-0.618539,-0.280694,0.054822,-0.396649,0.294478,0.277228,-1.700815,1.547447,3.565773,-0.040059,-0.065332,-0.124264,-0.077803,-0.017436,-0.111315,-0.871631,0.940589
23.250019,-1.363523,-2.460310,-1.221832,-0.122774,-1.077346,-0.820648,0.499813,-0.132899,-0.936189,-0.321978,-0.019332,-0.618736,-0.284614,0.055113,-0.396717,0.294345,0.277152,-1.700838,1.547340,3.564900,-0.039115,-0.065460,-0.127025,-0.076007,-0.019257,-0.109746,-0.873533,0.945014
23.251032,-1.370911,-2.464195,-1.226052,-0.124659,-1.078381,-0.822569,0.500195,-0.132731,-0.949383,-0.319367,-0.012929,-0.618796,-0.288203,0.055438,-0.396780,0.294215,0.277073,-1.700866,1.547239,3.564011,-0.038159,-0.064812,-0.128844,-0.077277,-0.022478,-0.107466,-0.876488,0.946381
23.252015,-1.372125,-2.461360,-1.223092,-0.130048,-1.079244,-0.825895,0.501776,-0.137450,-0.956841,-0.320898,-0.006775,-0.618769,-0.291060,0.055778,-0.396837,0.294088,0.276998,-1.700886,1.547136,3.563146,-0.037202,-0.062720,-0.127860,-0.075876,-0.021644,-0.106565,-0.875496,0.947052
23.252965,-1.375539,-2.467202,-1.224938,-0.133065,-1.080877,-0.831526,0.502596,-0.147988,-0.957312,-0.327414,-0.002293,-0.618430,-0.292954,0.056088,-0.396903,0.293954,0.276913,-1.700897,1.547037,3.562275,-0.036268,-0.063581,-0.130140,-0.077971,-0.017460,-0.105823,-0.872897,0.945239
23.253980,-1.379248,-2.469004,-1.228960,-0.134786,-1.082706,-0.834315,0.503302,-0.159882,-0.947211,-0.335459,-0.003104,-0.617458,-0.294111,0.056321,-0.396965,0.293830,0.276836,-1.700909,1.546935,3.561406,-0.035318,-0.063279,-0.128038,-0.077640,-0.015631,-0.104245,-0.867799,0.944754
23.255008,-1.386856,-2.469121,-1.224147,-0.137169,-1.081902,-0.836477,0.502508,-0.171320,-0.930038,-0.343530,-0.008392,-0.616007,-0.294548,0.056482,-0.397027,0.293702,0.276762,-1.700925,1.546836,3.560549,-0.034385,-0.062990,-0.128131,-0.076363,-0.015111,-0.102569,-0.866062,0.944890
23.255941,-1.392225,-2.467210,-1.225810,-0.138032,-1.084174,-0.841696,0.504815,-0.184113,-0.909493,-0.353087,-0.016317,-0.614245,-0.294199,0.056609,-0.397085,0.293573,0.276679,-1.700939,1.546732,3.559687,-0.033408,-0.060802,-0.129075,-0.079488,-0.013976,-0.103526,-0.864984,0.947947
23.256978,-1.392769,-2.463735,-1.227820,-0.137504,-1.086164,-0.840241,0.506460,-0.198948,-0.883867,-0.364763,-0.027494,-0.612064,-0.293359,0.056727,-0.397143,0.293437,0.276602,-1.700954,1.546638,3.558839,-0.032473,-0.059558,-0.130723,-0.079214,-0.014193,-0.101344,-0.860311,0.944381
23.258000,-1.395535,-2.465659,-1.224703,-0.136440,-1.087679,-0.841146,0.506244,-0.215935,-0.851056,-0.378662,-0.042323,-0.609409,-0.292404,0.056809,-0.397207,0.293297,0.276523,-1.700973,1.546548,3.557971,-0.031547,-0.060896,-0.133351,-0.078935,-0.015872,-0.099632,-0.862923,0.942797
23.259065,-1.398359,-2.467721,-1.230234,-0.138242,-1.089213,-0.846741,0.506043,-0.232041,-0.813416,-0.392204,-0.059106,-0.606569,-0.291518,0.056866,-0.397267,0.293165,0.276439,-1.700995,1.546451,3.557106,-0.030597,-0.061103,-0.133306,-0.081170,-0.017984,-0.098317,-0.863016,0.944780
23.260008,-1.398680,-2.478139,-1.233481,-0.139839,-1.090798,-0.848912,0.508319,-0.244580,-0.777029,-0.403001,-0.074858,-0.603970,-0.290644,0.056944,-0.397328,0.293029,0.276363,-1.701009,1.546359,3.556255,-0.029643,-0.061371,-0.133282,-0.079163,-0.017455,-0.097066,-0.858741,0.946906
23.261030,-1.401256,-2.482846,-1.233267,-0.143161,-1.094274,-0.848230,0.508350,-0.254831,-0.749562,-0.411909,-0.086374,-0.601935,-0.289490,0.057016,-0.397394,0.292908,0.276285,-1.701025,1.546268,3.555398,-0.028708,-0.062577,-0.128907,-0.078147,-0.016925,-0.095646,-0.857182,0.943462
23.262090,-1.406555,-2.486633,-1.235778,-0.146572,-1.094078,-0.849273,0.508528,-0.262751,-0.739079,-0.418758,-0.090849,-0.600772,-0.287708,0.057052,-0.397458,0.292782,0.276206,-1.701035,1.546182,3.554531,-0.027754,-0.062837,-0.127608,-0.078983,-0.014911,-0.092452,-0.858908,0.944949
23.262992,-1.405445,-2.484115,-1.233888,-0.147432,-1.094854,-0.844428,0.507362,-0.268316,-0.745517,-0.423665,-0.089337,-0.600387,-0.285283,0.057087,-0.397518,0.292656,0.276127,-1.701046,1.546089,3.553676,-0.026812,-0.061862,-0.126826,-0.078471,-0.012883,-0.092954,-0.859158,0.946335
23.263991,-1.409390,-2.486621,-1.236669,-0.147139,-1.097401,-0.838608,0.508493,-0.272126,-0.760876,-0.427438,-0.086057,-0.600317,-0.282563,0.057153,-0.397584,0.292522,0.276044,-1.701058,1.545998,3.552797,-0.025837,-0.063695,-0.128737,-0.079909,-0.013126,-0.092281,-0.864256,0.949476
23.265179,-1.412555,-2.483536,-1.237495,-0.147803,-1.097797,-0.836664,0.508840,-0.273410,-0.779649,-0.429634,-0.083180,-0.600368,-0.279801,0.057241,-0.397646,0.292392,0.275966,-1.701076,1.545914,3.551920,-0.024896,-0.063229,-0.128376,-0.079178,-0.014538,-0.090012,-0.870898,0.948604
23.266027,-1.412612,-2.483801,-1.236707,-0.145848,-1.097375,-0.833891,0.506144,-0.273734,-0.799195,-0.431593,-0.080902,-0.600520,-0.276961,0.057320,-0.397709,0.292253,0.275885,-1.701094,1.545824,3.551037,-0.023954,-0.063595,-0.131219,-0.079729,-0.015255,-0.090085,-0.874730,0.950342
23.266948,-1.413607,-2.484628,-1.239992,-0.147089,-1.099501,-0.834193,0.506066,-0.273526,-0.816692,-0.433649,-0.079559,-0.600759,-0.274107,0.057408,-0.397774,0.292120,0.275807,-1.701117,1.545733,3.550149,-0.022983,-0.064717,-0.131570,-0.080559,-0.018003,-0.090565,-0.877315,0.956305
23.267996,-1.415625,-2.487441,-1.238340,-0.150078,-1.098641,-0.835074,0.506982,-0.271182,-0.832514,-0.434312,-0.078302,-0.601235,-0.271321,0.057519,-0.397842,0.291988,0.275728,-1.701133,1.545643,3.549274,-0.022035,-0.065494,-0.131847,-0.079443,-0.017748,-0.088563,-0.877336,0.957410
23.269006,-1.419374,-2.494286,-1.236122,-0.152150,-1.098272,-0.832830,0.505891,-0.266062,-0.847512,-0.432912,-0.076858,-0.601977,-0.268641,0.057603,-0.397909,0.291859,0.275646,-1.701146,1.545554,3.548391,-0.021074,-0.066062,-0.131481,-0.081005,-0.016046,-0.089748,-0.877521,0.957169
23.270090,-1.420704,-2.495817,-1.237853,-0.154321,-1.098670,-0.833775,0.505505,-0.256735,-0.863496,-0.428139,-0.075246,-0.602943,-0.266126,0.057663,-0.397974,0.291735,0.275559,-1.701159,1.545463,3.547511,-0.020097,-0.065692,-0.129050,-0.082703,-0.015229,-0.090348,-0.880646,0.960729
23.271000,-1.418867,-2.493348,-1.242455,-0.155473,-1.099856,-0.829257,0.505983,-0.242614,-0.883791,-0.419291,-0.072449,-0.604177,-0.263794,0.057747,-0.398043,0.291605,0.275477,-1.701173,1.545374,3.546618,-0.019134,-0.066674,-0.129430,-0.082588,-0.014391,-0.090287,-0.880904,0.963279
23.272022,-1.423895,-2.493823,-1.239550,-0.155112,-1.100425,-0.826349,0.505636,-0.225120,-0.905243,-0.407518,-0.069812,-0.605455,-0.261861,0.057850,-0.398114,0.291471,0.275400,-1.701186,1.545290,3.545712,-0.018166,-0.068825,-0.131327,-0.080825,-0.014325,-0.089281,-0.885557,0.963156
23.273065,-1.423883,-2.493661,-1.238969,-0.153704,-1.101909,-0.830348,0.506690,-0.206176,-0.922744,-0.394499,-0.069077,-0.606527,-0.260501,0.057951,-0.398179,0.291338,0.275312,-1.701205,1.545202,3.544824,-0.017206,-0.067811,-0.132008,-0.082916,-0.015831,-0.089001,-0.889333,0.965347
23.273988,-1.426502,-2.495526,-1.242777,-0.154574,-1.103593,-0.833384,0.507730,-0.185815,-0.936633,-0.380171,-0.069010,-0.607555,-0.259769,0.058067,-0.398251,0.291204,0.275225,-1.701227,1.545118,3.543936,-0.016237,-0.069346,-0.133063,-0.083840,-0.018302,-0.087850,-0.886274,0.964759
23.274967,-1.426473,-2.497461,-1.246747,-0.155755,-1.104607,-0.835836,0.507923,-0.163904,-0.949006,-0.364224,-0.067650,-0.608811,-0.259733,0.058211,-0.398320,0.291071,0.275145,-1.701245,1.545034,3.543051,-0.015266,-0.069292,-0.132816,-0.082439,-0.018399,-0.086368,-0.883544,0.963593
23.276000,-1.433000,-2.506218,-1.241523,-0.160822,-1.102835,-0.838297,0.510166,-0.143270,-0.960654,-0.348855,-0.064323,-0.610340,-0.260303,0.058364,-0.398395,0.290940,0.275065,-1.701263,1.544949,3.542180,-0.014290,-0.070654,-0.132698,-0.081086,-0.018288,-0.085629,-0.881821,0.964413
23.276987,-1.434669,-2.506143,-1.242048,-0.161633,-1.103378,-0.840111,0.510345,-0.125025,-0.973448,-0.334913,-0.059060,-0.612100,-0.261294,0.058486,-0.398459,0.290818,0.274976,-1.701269,1.544859,3.541298,-0.013342,-0.068925,-0.129374,-0.084342,-0.014643,-0.087697,-0.880339,0.961462
23.277980,-1.434526,-2.510772,-1.246293,-0.163203,-1.104509,-0.840964,0.512691,-0.107366,-0.989118,-0.320877,-0.052402,-0.614033,-0.262624,0.058558,-0.398530,0.290686,0.274893,-1.701285,1.544770,3.540428,-0.012377,-0.069506,-0.130317,-0.084650,-0.015000,-0.087357,-0.879311,0.962417
23.279064,-1.437455,-2.508043,-1.248299,-0.162191,-1.103272,-0.844126,0.514040,-0.089786,-1.007089,-0.306345,-0.044931,-0.616080,-0.264245,0.058580,-0.398605,0.290559,0.274811,-1.701300,1.544686,3.539546,-0.011432,-0.070945,-0.128915,-0.083135,-0.014590,-0.086508,-0.879211,0.959068
23.279956,-1.443345,-2.504305,-1.245894,-0.161127,-1.100090,-0.847084,0.512985,-0.073711,-1.025436,-0.292584,-0.036979,-0.618192,-0.266067,0.058556,-0.398675,0.290423,0.274730,-1.701321,1.544595,3.538667,-0.010472,-0.071094,-0.131369,-0.082931,-0.016785,-0.088086,-0.877336,0.958188
23.280973,-1.447668,-2.504641,-1.246424,-0.161780,-1.103252,-0.852799,0.513366,-0.061484,-1.038796,-0.281741,-0.030108,-0.620143,-0.268169,0.058491,-0.398740,0.290284,0.274642,-1.701344,1.544497,3.537804,-0.009518,-0.069369,-0.133776,-0.084543,-0.018665,-0.091321,-0.874610,0.961161
23.281953,-1.447377,-2.508794,-1.252136,-0.164752,-1.102693,-0.854102,0.512325,-0.054935,-1.042286,-0.275477,-0.025848,-0.621703,-0.270736,0.058376,-0.398810,0.290149,0.274558,-1.701363,1.544419,3.536938,-0.008552,-0.068694,-0.134487,-0.084904,-0.019099,-0.088469,-0.869857,0.961799
23.282953,-1.447262,-2.508893,-1.253759,-0.164017,-1.103196,-0.852938,0.512956,-0.054362,-1.037199,-0.274000,-0.023935,-0.622880,-0.273740,0.058215,-0.398883,0.290017,0.274478,-1.701377,1.544329,3.536077,-0.007579,-0.070212,-0.133229,-0.082649,-0.017294,-0.089279,-0.869382,0.965112
23.283980,-1.455495,-2.507915,-1.252324,-0.166669,-1.102718,-0.856508,0.512435,-0.058173,-1.027927,-0.275959,-0.023224,-0.623821,-0.277035,0.058032,-0.398958,0.289879,0.274394,-1.701398,1.544240,3.535202,-0.006615,-0.071642,-0.134019,-0.082466,-0.019092,-0.089010,-0.871400,0.965164
23.285085,-1.455689,-2.510823,-1.254098,-0.168861,-1.105113,-0.855087,0.512736,-0.065181,-1.015327,-0.280466,-0.023746,-0.624510,-0.280672,0.057848,-0.399021,0.289740,0.274307,-1.701411,1.544149,3.534326,-0.005637,-0.069054,-0.135387,-0.083810,-0.017671,-0.089755,-0.868760,0.967656
23.286069,-1.460538,-2.505492,-1.253788,-0.167221,-1.105074,-0.850892,0.512823,-0.075226,-0.997532,-0.287502,-0.026821,-0.624743,-0.284816,0.057644,-0.399096,0.289605,0.274223,-1.701426,1.544066,3.533454,-0.004677,-0.070619,-0.135031,-0.083697,-0.016835,-0.087755,-0.871727,0.968954
23.287014,-1.463988,-2.505084,-1.252676,-0.166236,-1.108152,-0.849854,0.510395,-0.087377,-0.974094,-0.296309,-0.032849,-0.624465,-0.289512,0.057408,-0.399164,0.289463,0.274138,-1.701451,1.543977,3.532566,-0.003701,-0.069579,-0.138469,-0.084429,-0.019408,-0.088040,-0.876586,0.969990
23.288010,-1.467880,-2.505333,-1.256383,-0.164912,-1.109934,-0.849464,0.512177,-0.101532,-0.945218,-0.306754,-0.040872,-0.623804,-0.294757,0.057187,-0.399232,0.289322,0.274050,-1.701476,1.543897,3.531691,-0.002710,-0.069192,-0.139295,-0.085464,-0.021250,-0.085202,-0.878077,0.975838
23.289022,-1.467848,-2.503920,-1.260232,-0.167556,-1.110990,-0.845726,0.512517,-0.140472,-0.882640,-0.335974,-0.054244,-0.622293,-0.306499,0.056914,-0.399372,0.289036,0.273887,-1.701520,1.543730,3.529904,-0.000760,-0.070166,-0.141409,-0.082959,-0.021927,-0.082997,-0.883712,0.974184
23.289971,-1.472234,-2.505350,-1.250780,-0.168928,-1.111747,-0.842600,0.509094,-0.162575,-0.850010,-0.352723,-0.060142,-0.621445,-0.312895,0.056898,-0.399440,0.288894,0.273788,-1.701541,1.543647,3.529019,0.000230,-0.069292,-0.141329,-0.088098,-0.021516,-0.082490,-0.887287,0.982082
23.291039,-1.470714,-2.511006,-1.250481,-0.168473,-1.112676,-0.838449,0.509292,-0.162575,-0.850010,-0.352723,-0.060142,-0.621445,-0.312895,0.056898,-0.399440,0.288894,0.273788,-1.701541,1.543647,3.529019,0.000230,-0.069292,-0.141329,-0.088098,-0.021516,-0.082490,-0.887287,0.982082
23.291989,-1.470405,-2.513453,-1.255595,-0.172161,-1.113041,-0.834809,0.509387,-0.177102,-0.821002,-0.363185,-0.064988,-0.620833,-0.319621,0.057009,-0.399515,0.288759,0.273698,-1.701565,1.543565,3.528111,0.001221,-0.071602,-0.139510,-0.088845,-0.023053,-0.081952,-0.892491,0.983206
23.292984,-1.474484,-2.506709,-1.254250,-0.171401,-1.113728,-0.832431,0.511421,-0.180822,-0.802425,-0.364478,-0.066196,-0.620842,-0.326297,0.057197,-0.399589,0.288620,0.273615,-1.701579,1.543484,3.527197,0.002213,-0.073024,-0.138981,-0.086808,-0.020440,-0.081857,-0.896414,0.983988
23.294046,-1.479104,-2.507950,-1.257757,-0.170648,-1.112586,-0.829462,0.512627,-0.177803,-0.789903,-0.360110,-0.065917,-0.621165,-0.332646,0.057367,-0.399660,0.288466,0.273523,-1.701607,1.543403,3.526300,0.003186,-0.072362,-0.143013,-0.088018,-0.022116,-0.081485,-0.899435,0.981160
23.295038,-1.478091,-2.507887,-1.259896,-0.172268,-1.114458,-0.832128,0.511537,-0.174356,-0.775331,-0.355528,-0.066985,-0.621384,-0.338526,0.057483,-0.399730,0.288323,0.273439,-1.701633,1.543316,3.525388,0.004172,-0.071635,-0.143261,-0.086947,-0.023862,-0.082980,-0.903394,0.980350
23.295972,-1.477339,-2.508171,-1.261749,-0.171153,-1.113197,-0.831653,0.513694,-0.173926,-0.757829,-0.353567,-0.068971,-0.621479,-0.343675,0.057562,-0.399808,0.288176,0.273352,-1.701656,1.543236,3.524491,0.005167,-0.073478,-0.143989,-0.086453,-0.023203,-0.081411,-0.901313,0.983748
23.297041,-1.479894,-2.511693,-1.261434,-0.175360,-1.113866,-0.833905,0.513499,-0.172751,-0.721717,-0.349651,-0.072712,-0.621792,-0.351347,0.057638,-0.399962,0.287887,0.273178,-1.701702,1.543068,3.522686,0.007122,-0.075268,-0.143561,-0.086853,-0.022063,-0.082604,-0.900880,0.982404
23.298003,-1.483085,-2.512758,-1.265415,-0.178578,-1.112505,-0.841342,0.516399,-0.172751,-0.721717,-0.349651,-0.072712,-0.621792,-0.351347,0.057638,-0.399962,0.287887,0.273178,-1.701702,1.543068,3.522686,0.007122,-0.075268,-0.143561,-0.086853,-0.022063,-0.082604,-0.900880,0.982404
23.299017,-1.485847,-2.516562,-1.269840,-0.180970,-1.112770,-0.845365,0.517938,-0.169182,-0.704090,-0.345455,-0.075466,-0.621821,-0.353711,0.057630,-0.400037,0.287742,0.273093,-1.701718,1.542983,3.521809,0.008086,-0.074953,-0.143681,-0.085374,-0.019942,-0.084230,-0.893970,0.977687
23.300012,-1.487387,-2.513519,-1.270688,-0.181170,-1.114494,-0.846465,0.516726,-0.167693,-0.684869,-0.343221,-0.080571,-0.621365,-0.355048,0.057584,-0.400112,0.287602,0.273010,-1.701736,1.542899,3.520922,0.009064,-0.074978,-0.142595,-0.083809,-0.018688,-0.084260,-0.890819,0.975997
23.300987,-1.490387,-2.510726,-1.272760,-0.182873,-1.113858,-0.850464,0.517826,-0.170658,-0.664023,-0.344918,-0.087814,-0.620405,-0.355362,0.057521,-0.400188,0.287452,0.272924,-1.701758,1.542821,3.520038,0.010057,-0.075554,-0.144817,-0.083977,-0.019511,-0.082865,-0.890493,0.979680
23.301981,-1.490189,-2.511618,-1.273859,-0.181443,-1.113105,-0.855427,0.515657,-0.177350,-0.638598,-0.350049,-0.098192,-0.618947,-0.354920,0.057480,-0.400263,0.287300,0.272839,-1.701775,1.542736,3.519156,0.011026,-0.075359,-0.146794,-0.083497,-0.018898,-0.083780,-0.887091,0.978624
23.303113,-1.490491,-2.513742,-1.280947,-0.184182,-1.113285,-0.857362,0.516707,-0.186024,-0.607039,-0.357192,-0.112110,-0.617076,-0.354083,0.057499,-0.400343,0.287154,0.272757,-1.701801,1.542648,3.518274,0.012022,-0.076778,-0.147039,-0.083575,-0.021261,-0.084785,-0.882869,0.984214
23.304052,-1.492284,-2.516104,-1.286709,-0.183111,-1.115820,-0.862652,0.517791,-0.194914,-0.573482,-0.364762,-0.127548,-0.615078,-0.352957,0.057598,-0.400424,0.287006,0.272680,-1.701817,1.542562,3.517397,0.013017,-0.078222,-0.147006,-0.080907,-0.019835,-0.085024,-0.882592,0.983964
23.305013,-1.492656,-2.516673,-1.282244,-0.183338,-1.114649,-0.861996,0.515685,-0.217252,-0.519469,-0.384166,-0.153644,-0.611621,-0.349440,0.057838,-0.400584,0.286713,0.272521,-1.701868,1.542395,3.515642,0.014994,-0.079535,-0.146726,-0.081484,-0.022393,-0.084154,-0.878979,0.988035
23.306135,-1.496552,-2.519744,-1.281538,-0.189473,-1.114470,-0.864958,0.515369,-0.217252,-0.519469,-0.384166,-0.153644,-0.611621,-0.349440,0.057838,-0.400584,0.286713,0.272521,-1.701868,1.542395,3.515642,0.014994,-0.079535,-0.146726,-0.081484,-0.022393,-0.084154,-0.878979,0.988035
23.306999,-1.496161,-2.523428,-1.284162,-0.189860,-1.115724,-0.861439,0.513938,-0.225321,-0.503270,-0.391612,-0.162984,-0.610432,-0.347415,0.057911,-0.400663,0.286566,0.272437,-1.701876,1.542309,3.514768,0.015979,-0.079171,-0.146195,-0.082635,-0.017741,-0.084740,-0.877568,0.990533
23.307988,-1.499073,-2.525612,-1.284145,-0.191095,-1.114970,-0.854145,0.514257,-0.227517,-0.492625,-0.394513,-0.172304,-0.609354,-0.345526,0.057934,-0.400745,0.286425,0.272358,-1.701894,1.542227,3.513878,0.016982,-0.080360,-0.144787,-0.081742,-0.018299,-0.083632,-0.881043,0.993883
23.309118,-1.503281,-2.525509,-1.285271,-0.190812,-1.114057,-0.853493,0.513090,-0.226062,-0.490475,-0.394572,-0.180238,-0.608467,-0.343534,0.057909,-0.400826,0.286282,0.272274,-1.701911,1.542141,3.512985,0.017970,-0.080164,-0.144434,-0.082361,-0.018163,-0.084665,-0.889026,0.994407
23.309996,-1.502297,-2.525672,-1.283865,-0.189613,-1.114576,-0.848775,0.512606,-0.223881,-0.497871,-0.394082,-0.185431,-0.607870,-0.341210,0.057886,-0.400906,0.286132,0.272190,-1.701934,1.542053,3.512083,0.018981,-0.079673,-0.145506,-0.082622,-0.019642,-0.085984,-0.891077,0.998611
23.310961,-1.502348,-2.528927,-1.289146,-0.190762,-1.114262,-0.846578,0.512543,-0.221631,-0.512680,-0.393516,-0.187805,-0.607605,-0.338602,0.057920,-0.400990,0.285986,0.272105,-1.701960,1.541968,3.511172,0.019994,-0.081167,-0.145831,-0.083729,-0.021588,-0.085596,-0.895688,1.000065
23.312002,-1.507125,-2.528748,-1.284827,-0.191900,-1.117246,-0.850019,0.512436,-0.217920,-0.534962,-0.391629,-0.186587,-0.607814,-0.335712,0.057992,-0.401074,0.285843,0.272026,-1.701979,1.541878,3.510278,0.021001,-0.082316,-0.144865,-0.081676,-0.021432,-0.086114,-0.898360,1.001175
23.312995,-1.509502,-2.528877,-1.288097,-0.193966,-1.119185,-0.848553,0.512072,-0.212556,-0.563839,-0.388275,-0.181955,-0.608463,-0.332560,0.058046,-0.401154,0.285696,0.271936,-1.702000,1.541799,3.509380,0.021996,-0.081318,-0.145788,-0.084489,-0.021394,-0.083489,-0.895809,1.002834
23.314017,-1.512157,-2.524453,-1.284697,-0.196498,-1.118883,-0.846306,0.514489,-0.206209,-0.594638,-0.384138,-0.175996,-0.609305,-0.329442,0.058060,-0.401235,0.285547,0.271855,-1.702018,1.541719,3.508489,0.023009,-0.081417,-0.146393,-0.083448,-0.020416,-0.081889,-0.898001,1.004673
23.315058,-1.513528,-2.527512,-1.287033,-0.197853,-1.120260,-0.842537,0.514220,-0.199308,-0.620048,-0.379773,-0.172345,-0.609925,-0.326746,0.058025,-0.401317,0.285391,0.271764,-1.702035,1.541632,3.507573,0.023998,-0.081426,-0.149283,-0.085751,-0.019053,-0.082500,-0.900971,1.001144
23.315991,-1.513234,-2.524265,-1.284414,-0.197734,-1.119534,-0.839490,0.514124,-0.191174,-0.635739,-0.374710,-0.173434,-0.610055,-0.324703,0.057939,-0.401400,0.285245,0.271681,-1.702055,1.541554,3.506648,0.025010,-0.082118,-0.148537,-0.085237,-0.018816,-0.081507,-0.905527,1.003098
23.316956,-1.516539,-2.518070,-1.284144,-0.196182,-1.119857,-0.846354,0.513658,-0.180074,-0.643975,-0.367373,-0.178189,-0.609872,-0.323291,0.057840,-0.401487,0.285090,0.271589,-1.702076,1.541469,3.505740,0.026009,-0.083451,-0.150756,-0.087053,-0.019945,-0.082510,-0.909035,1.004341
23.318116,-1.520871,-2.520345,-1.288121,-0.196356,-1.122532,-0.853362,0.515042,-0.164568,-0.644477,-0.356450,-0.185914,-0.609544,-0.322671,0.057763,-0.401569,0.284930,0.271498,-1.702105,1.541390,3.504839,0.027039,-0.083183,-0.154540,-0.087785,-0.022447,-0.082576,-0.903013,1.006570
23.319107,-1.524173,-2.520840,-1.288712,-0.196431,-1.124758,-0.856879,0.515039,-0.146875,-0.635383,-0.343668,-0.196103,-0.609137,-0.323056,0.057707,-0.401652,0.284773,0.271411,-1.702130,1.541315,3.503958,0.028038,-0.082884,-0.154604,-0.086775,-0.023598,-0.080567,-0.898360,1.006272
23.319992,-1.526784,-2.522648,-1.287664,-0.199906,-1.127605,-0.860081,0.515760,-0.117900,-0.606385,-0.322421,-0.213391,-0.608984,-0.326138,0.057565,-0.401813,0.284461,0.271231,-1.702175,1.541167,3.502164,0.030051,-0.082644,-0.154756,-0.088169,-0.022089,-0.076324,-0.893231,1.007290
23.321053,-1.532143,-2.525243,-1.287785,-0.203315,-1.126547,-0.860623,0.516881,-0.117900,-0.606385,-0.322421,-0.213391,-0.608984,-0.326138,0.057565,-0.401813,0.284461,0.271231,-1.702175,1.541167,3.502164,0.030051,-0.082644,-0.154756,-0.088169,-0.022089,-0.076324,-0.893231,1.007290
23.322043,-1.531572,-2.525905,-1.289152,-0.203378,-1.129173,-0.858133,0.515322,-0.106255,-0.592363,-0.313544,-0.219702,-0.609263,-0.328646,0.057393,-0.401892,0.284305,0.271139,-1.702193,1.541085,3.501274,0.031066,-0.081627,-0.154451,-0.088868,-0.020040,-0.077910,-0.894360,1.006927
23.322960,-1.540041,-2.525619,-1.289790,-0.201196,-1.127287,-0.861411,0.514331,-0.095821,-0.580124,-0.305294,-0.225409,-0.609629,-0.331533,0.057138,-0.401980,0.284152,0.271050,-1.702216,1.541015,3.500365,0.032075,-0.083335,-0.154952,-0.088851,-0.021103,-0.075769,-0.897932,1.011609
23.323970,-1.541174,-2.521484,-1.294767,-0.202621,-1.127816,-0.865980,0.514407,-0.087994,-0.572276,-0.298766,-0.228860,-0.610252,-0.334375,0.056864,-0.402053,0.283992,0.270959,-1.702248,1.540932,3.499470,0.033099,-0.080443,-0.155653,-0.089056,-0.024083,-0.077999,-0.895244,1.014613
23.324964,-1.543549,-2.521204,-1.290493,-0.201566,-1.130566,-0.872112,0.515187,-0.087022,-0.567248,-0.297505,-0.229782,-0.611080,-0.336885,0.056614,-0.402136,0.283827,0.270873,-1.702272,1.540857,3.498595,0.034107,-0.081411,-0.158472,-0.087303,-0.023739,-0.077935,-0.892058,1.016065
23.326090,-1.547205,-2.523545,-1.291821,-0.203256,-1.130451,-0.879956,0.514275,-0.092025,-0.560111,-0.300948,-0.230340,-0.611929,-0.339244,0.056396,-0.402218,0.283666,0.270778,-1.702302,1.540788,3.497715,0.035131,-0.081690,-0.159343,-0.090090,-0.025766,-0.075701,-0.887165,1.015964
23.327050,-1.548779,-2.523621,-1.293146,-0.204464,-1.130193,-0.877602,0.512525,-0.096989,-0.551223,-0.304163,-0.230800,-0.612941,-0.341787,0.056241,-0.402299,0.283505,0.270686,-1.702327,1.540708,3.496853,0.036173,-0.081667,-0.159269,-0.090277,-0.025351,-0.076437,-0.881547,1.019965
23.327971,-1.552908,-2.526269,-1.291750,-0.205887,-1.132405,-0.879111,0.511418,-0.099912,-0.543175,-0.305483,-0.230693,-0.614149,-0.344594,0.056170,-0.402384,0.283343,0.270594,-1.702352,1.540629,3.495965,0.037199,-0.082242,-0.159869,-0.090199,-0.025152,-0.077090,-0.884970,1.024743
23.328989,-1.559684,-2.522761,-1.293208,-0.207340,-1.133190,-0.877874,0.510560,-0.101856,-0.537637,-0.305813,-0.230091,-0.615396,-0.347603,0.056157,-0.402462,0.283186,0.270500,-1.702378,1.540556,3.495073,0.038238,-0.081501,-0.159129,-0.091403,-0.024648,-0.075260,-0.884122,1.027942
23.330114,-1.564159,-2.522636,-1.290720,-0.205933,-1.131547,-0.873554,0.511043,-0.105476,-0.534169,-0.307409,-0.229595,-0.616450,-0.350815,0.056180,-0.402538,0.283019,0.270408,-1.702402,1.540483,3.494189,0.039264,-0.079717,-0.161659,-0.091351,-0.024328,-0.075012,-0.886786,1.031259
23.330962,-1.561727,-2.519078,-1.294552,-0.203968,-1.132256,-0.874090,0.510774,-0.113816,-0.529759,-0.312874,-0.230437,-0.617018,-0.354250,0.056234,-0.402616,0.282856,0.270310,-1.702435,1.540403,3.493283,0.040300,-0.079329,-0.162778,-0.093427,-0.026862,-0.077270,-0.893102,1.032428
23.332050,-1.567896,-2.514975,-1.293335,-0.201290,-1.136012,-0.873357,0.513488,-0.125604,-0.524338,-0.321118,-0.232040,-0.617140,-0.357988,0.056332,-0.402703,0.282687,0.270221,-1.702468,1.540326,3.492395,0.041344,-0.081635,-0.164818,-0.091899,-0.029447,-0.076809,-0.892746,1.033536
23.333047,-1.568185,-2.519967,-1.293684,-0.201837,-1.135015,-0.868629,0.515706,-0.138659,-0.518302,-0.330281,-0.233168,-0.617039,-0.362254,0.056474,-0.402779,0.282515,0.270124,-1.702509,1.540258,3.491489,0.042365,-0.080285,-0.167746,-0.093292,-0.032984,-0.073690,-0.895217,1.030069
23.333938,-1.570701,-2.523455,-1.289565,-0.203881,-1.133894,-0.864821,0.514392,-0.152201,-0.513617,-0.339664,-0.232315,-0.616969,-0.367034,0.056646,-0.402863,0.282352,0.270028,-1.702542,1.540181,3.490567,0.043391,-0.081629,-0.165941,-0.093719,-0.033275,-0.075186,-0.901007,1.027124
23.335047,-1.571057,-2.528820,-1.293344,-0.206123,-1.135061,-0.857872,0.516173,-0.163184,-0.516659,-0.346608,-0.227551,-0.617220,-0.372023,0.056873,-0.402944,0.282190,0.269927,-1.702573,1.540102,3.489662,0.044420,-0.081580,-0.164654,-0.096151,-0.031985,-0.076615,-0.905228,1.030688
23.336005,-1.571790,-2.528433,-1.293104,-0.206675,-1.135286,-0.854074,0.515833,-0.168984,-0.531750,-0.348885,-0.218466,-0.617888,-0.376895,0.057191,-0.403032,0.282031,0.269833,-1.702602,1.540028,3.488726,0.045450,-0.083109,-0.163046,-0.095054,-0.030907,-0.076060,-0.913892,1.029163
23.336959,-1.575052,-2.529455,-1.292822,-0.208404,-1.134610,-0.850076,0.517590,-0.169840,-0.558132,-0.346796,-0.206095,-0.618877,-0.381375,0.057601,-0.403116,0.281864,0.269736,-1.702633,1.539951,3.487784,0.046490,-0.084097,-0.163845,-0.095717,-0.031223,-0.076259,-0.918297,1.031084
23.338056,-1.576515,-2.528335,-1.289129,-0.207527,-1.137865,-0.847300,0.519259,-0.166951,-0.591140,-0.341510,-0.192566,-0.619976,-0.385286,0.058069,-0.403200,0.281699,0.269638,-1.702662,1.539872,3.486860,0.047505,-0.083800,-0.163915,-0.096357,-0.030385,-0.077323,-0.923024,1.028811
23.339014,-1.583018,-2.526366,-1.295356,-0.206053,-1.138934,-0.852768,0.516915,-0.160282,-0.626004,-0.333102,-0.179725,-0.621066,-0.388498,0.058559,-0.403286,0.281533,0.269535,-1.702698,1.539802,3.485924,0.048533,-0.084759,-0.165440,-0.098915,-0.032260,-0.074684,-0.927390,1.027509
23.339950,-1.581649,-2.526710,-1.298227,-0.205295,-1.137514,-0.855043,0.518839,-0.152031,-0.659294,-0.323383,-0.167897,-0.622192,-0.390859,0.059054,-0.403364,0.281364,0.269443,-1.702737,1.539726,3.485013,0.049584,-0.082911,-0.166980,-0.096336,-0.034414,-0.074062,-0.922671,1.033435
23.341087,-1.594308,-2.530267,-1.302813,-0.206767,-1.133233,-0.858679,0.520379,-0.147922,-0.688590,-0.317068,-0.156644,-0.623385,-0.392180,0.059532,-0.403451,0.281197,0.269349,-1.702776,1.539644,3.484094,0.050604,-0.084902,-0.167314,-0.095437,-0.035803,-0.075836,-0.921059,1.030664
23.342057,-1.594315,-2.533610,-1.303849,-0.212555,-1.131768,-0.862109,0.519970,-0.153272,-0.714010,-0.318565,-0.145442,-0.624553,-0.392149,0.059957,-0.403522,0.281033,0.269259,-1.702811,1.539553,3.483166,0.051636,-0.080467,-0.166618,-0.094064,-0.035376,-0.080637,-0.919330,1.029844
23.343009,-1.595561,-2.534596,-1.303615,-0.212768,-1.132465,-0.863378,0.519909,-0.171067,-0.735270,-0.330453,-0.135492,-0.625336,-0.390557,0.060331,-0.403608,0.280870,0.269165,-1.702833,1.539467,3.482264,0.052660,-0.081889,-0.165600,-0.094148,-0.030651,-0.082408,-0.916857,1.032024
23.344004,-1.598510,-2.529002,-1.302000,-0.212557,-1.132203,-0.868427,0.519814,-0.196117,-0.751400,-0.348590,-0.128965,-0.625500,-0.387717,0.060687,-0.403695,0.280704,0.269069,-1.702866,1.539381,3.481344,0.053699,-0.082573,-0.165688,-0.094795,-0.031285,-0.082008,-0.916346,1.033310
23.345009,-1.604102,-2.527333,-1.306811,-0.212272,-1.131634,-0.872383,0.520908,-0.220231,-0.760707,-0.366336,-0.126916,-0.625126,-0.384301,0.061031,-0.403776,0.280530,0.268969,-1.702899,1.539298,3.480442,0.054747,-0.082572,-0.169111,-0.096162,-0.032380,-0.082674,-0.912392,1.034885
23.346122,-1.604056,-2.529951,-1.310096,-0.212847,-1.132807,-0.873649,0.519537,-0.242778,-0.759113,-0.383318,-0.130130,-0.624155,-0.380827,0.061345,-0.403856,0.280353,0.268879,-1.702933,1.539213,3.479537,0.055771,-0.081297,-0.170515,-0.094411,-0.033535,-0.083634,-0.909621,1.034206
23.347027,-1.607551,-2.529251,-1.307429,-0.210239,-1.133765,-0.880786,0.518192,-0.266610,-0.747426,-0.401895,-0.137420,-0.622644,-0.377366,0.061625,-0.403941,0.280183,0.268787,-1.702969,1.539132,3.478623,0.056823,-0.083072,-0.170141,-0.093630,-0.033973,-0.083010,-0.910227,1.039027
23.347983,-1.605994,-2.531710,-1.313622,-0.214891,-1.132435,-0.879546,0.517462,-0.309937,-0.718943,-0.436359,-0.151440,-0.619914,-0.370894,0.062171,-0.404114,0.279840,0.268600,-1.703038,1.538959,3.476822,0.058917,-0.084640,-0.170157,-0.092891,-0.033353,-0.083975,-0.905772,1.045203
23.348998,-1.605146,-2.537668,-1.312447,-0.217663,-1.131666,-0.877291,0.517888,-0.309937,-0.718943,-0.436359,-0.151440,-0.619914,-0.370894,0.062171,-0.404114,0.279840,0.268600,-1.703038,1.538959,3.476822,0.058917,-0.084640,-0.170157,-0.092891,-0.033353,-0.083975,-0.905772,1.045203
23.349960,-1.607421,-2.539195,-1.316860,-0.217731,-1.131126,-0.878946,0.518263,-0.324131,-0.707951,-0.447787,-0.157268,-0.619054,-0.368138,0.062392,-0.404204,0.279675,0.268504,-1.703067,1.538872,3.475915,0.059972,-0.086490,-0.167919,-0.094146,-0.031612,-0.085117,-0.909269,1.045795
23.351004,-1.608370,-2.540755,-1.317326,-0.219257,-1.130110,-0.874824,0.519646,-0.331265,-0.703271,-0.453646,-0.162034,-0.618606,-0.365559,0.062533,-0.404290,0.279506,0.268415,-1.703101,1.538785,3.475007,0.061011,-0.086677,-0.167729,-0.092537,-0.032371,-0.085969,-0.908450,1.046276
23.352127,-1.607379,-2.539051,-1.321532,-0.219201,-1.130647,-0.874422,0.520963,-0.333425,-0.706156,-0.455676,-0.164771,-0.618621,-0.363063,0.062603,-0.404380,0.279338,0.268322,-1.703132,1.538692,3.474079,0.062060,-0.087717,-0.167753,-0.093052,-0.031818,-0.087351,-0.913926,1.045140
23.353010,-1.606224,-2.537462,-1.321762,-0.216920,-1.127999,-0.870430,0.521625,-0.331922,-0.713284,-0.455075,-0.166571,-0.618947,-0.360685,0.062636,-0.404476,0.279164,0.268230,-1.703170,1.538606,3.473161,0.063099,-0.089846,-0.169554,-0.091806,-0.032871,-0.087321,-0.916172,1.044646
23.354011,-1.602304,-2.533060,-1.326757,-0.218719,-1.128763,-0.866272,0.521762,-0.314856,-0.726519,-0.443634,-0.170985,-0.620320,-0.356597,0.062716,-0.404671,0.278816,0.268052,-1.703244,1.538420,3.471294,0.065202,-0.094715,-0.173462,-0.090372,-0.034715,-0.089664,-0.925535,1.045200
23.355043,-1.604254,-2.539821,-1.329799,-0.218966,-1.127423,-0.872107,0.522350,-0.314856,-0.726519,-0.443634,-0.170985,-0.620320,-0.356597,0.062716,-0.404671,0.278816,0.268052,-1.703244,1.538420,3.471294,0.065202,-0.094715,-0.173462,-0.090372,-0.034715,-0.089664,-0.925535,1.045200
23.355983,-1.603210,-2.540013,-1.332941,-0.221855,-1.125532,-0.869301,0.524484,-0.299104,-0.728026,-0.432668,-0.175021,-0.621240,-0.354865,0.062764,-0.404769,0.278649,0.267965,-1.703282,1.538323,3.470383,0.066238,-0.095084,-0.170806,-0.089634,-0.035311,-0.091329,-0.920922,1.045657
23.356949,-1.605618,-2.544480,-1.332846,-0.223615,-1.125625,-0.868204,0.526616,-0.281016,-0.729751,-0.420108,-0.178745,-0.622360,-0.353120,0.062757,-0.404870,0.278478,0.267878,-1.703311,1.538225,3.469452,0.067275,-0.096728,-0.171219,-0.088676,-0.033284,-0.093407,-0.924401,1.042468
23.358018,-1.604429,-2.546778,-1.333930,-0.223656,-1.127092,-0.868446,0.526214,-0.262162,-0.734431,-0.407152,-0.181397,-0.623630,-0.351227,0.062644,-0.404967,0.278310,0.267788,-1.703341,1.538129,3.468526,0.068317,-0.096731,-0.169547,-0.089360,-0.032418,-0.093528,-0.926279,1.039450
23.359004,-1.607165,-2.540638,-1.334693,-0.224507,-1.126042,-0.865434,0.526449,-0.219478,-0.757799,-0.377358,-0.181242,-0.626896,-0.347429,0.062285,-0.405169,0.277963,0.267610,-1.703412,1.537945,3.466644,0.070409,-0.098613,-0.172890,-0.089912,-0.033287,-0.093811,-0.931284,1.042958
23.359958,-1.605489,-2.537734,-1.335970,-0.222521,-1.124851,-0.870630,0.525275,-0.195860,-0.765728,-0.360728,-0.182234,-0.628580,-0.346310,0.062141,-0.405274,0.277782,0.267522,-1.703455,1.537843,3.465728,0.071453,-0.100569,-0.174729,-0.089894,-0.035869,-0.095166,-0.926781,1.046499
23.361013,-1.608163,-2.535013,-1.338334,-0.222667,-1.126224,-0.874372,0.523947,-0.195860,-0.765728,-0.360728,-0.182234,-0.628580,-0.346310,0.062141,-0.405274,0.277782,0.267522,-1.703455,1.537843,3.465728,0.071453,-0.100569,-0.174729,-0.089894,-0.035869,-0.095166,-0.926781,1.046499
23.361996,-1.606358,-2.534283,-1.341509,-0.220269,-1.124530,-0.874827,0.522447,-0.171812,-0.763679,-0.343846,-0.186187,-0.630118,-0.346204,0.062037,-0.405376,0.277605,0.267434,-1.703492,1.537751,3.464804,0.072512,-0.100597,-0.176801,-0.089510,-0.036582,-0.094146,-0.924449,1.050836
23.363084,-1.610913,-2.541096,-1.339120,-0.226748,-1.124587,-0.881858,0.523552,-0.148464,-0.752972,-0.327508,-0.191690,-0.631679,-0.347104,0.061978,-0.405483,0.277425,0.267347,-1.703537,1.537651,3.463891,0.073580,-0.102671,-0.177645,-0.088610,-0.039584,-0.096078,-0.925013,1.055071
23.364065,-1.607831,-2.543184,-1.342770,-0.228349,-1.123012,-0.881284,0.524748,-0.125597,-0.738295,-0.311359,-0.197054,-0.633415,-0.348823,0.061929,-0.405584,0.277253,0.267252,-1.703559,1.537554,3.462976,0.074626,-0.101838,-0.175074,-0.090612,-0.034313,-0.096377,-0.919579,1.054722
23.364978,-1.610608,-2.545256,-1.344871,-0.230393,-1.122221,-0.880923,0.523627,-0.101146,-0.724167,-0.293549,-0.202035,-0.635319,-0.351206,0.061828,-0.405694,0.277083,0.267167,-1.703592,1.537453,3.462049,0.075684,-0.104522,-0.174643,-0.089457,-0.033612,-0.098167,-0.921107,1.053581
23.366008,-1.614724,-2.544180,-1.343859,-0.229767,-1.119558,-0.882824,0.524665,-0.075478,-0.712703,-0.274331,-0.206773,-0.637293,-0.353960,0.061668,-0.405797,0.276909,0.267077,-1.703624,1.537353,3.461131,0.076757,-0.104120,-0.173980,-0.088949,-0.032334,-0.099076,-0.921964,1.056690
23.367145,-1.615909,-2.545620,-1.350793,-0.230271,-1.118687,-0.886331,0.522566,-0.052012,-0.704047,-0.256545,-0.210903,-0.639229,-0.356720,0.061491,-0.405898,0.276734,0.266984,-1.703661,1.537247,3.460212,0.077810,-0.103391,-0.175206,-0.090166,-0.033816,-0.101973,-0.921301,1.056134
23.367988,-1.617355,-2.536722,-1.347266,-0.227233,-1.119347,-0.892671,0.521906,-0.034038,-0.697042,-0.242945,-0.214156,-0.641016,-0.359264,0.061329,-0.406004,0.276556,0.266901,-1.703697,1.537142,3.459290,0.078890,-0.104359,-0.175404,-0.087673,-0.034349,-0.103180,-0.919731,1.062447
23.369004,-1.619060,-2.539407,-1.351419,-0.229139,-1.120243,-0.897067,0.522512,-0.021975,-0.688199,-0.233948,-0.217146,-0.642571,-0.361739,0.061190,-0.406108,0.276366,0.266806,-1.703742,1.537042,3.458392,0.079951,-0.104456,-0.179888,-0.089830,-0.037752,-0.102541,-0.913496,1.064195
23.369991,-1.620971,-2.539399,-1.351617,-0.231524,-1.119847,-0.896447,0.521753,-0.013883,-0.673538,-0.228009,-0.221046,-0.643829,-0.364553,0.061052,-0.406213,0.276190,0.266720,-1.703775,1.536942,3.457487,0.081018,-0.104862,-0.179115,-0.088471,-0.036712,-0.101901,-0.910380,1.064390
23.370991,-1.623318,-2.540223,-1.348745,-0.232908,-1.119023,-0.899485,0.524086,-0.008881,-0.653693,-0.224393,-0.226154,-0.644722,-0.367780,0.060898,-0.406320,0.276009,0.266629,-1.703808,1.536837,3.456586,0.082081,-0.105063,-0.179619,-0.089040,-0.035192,-0.102475,-0.912132,1.067210
23.371979,-1.624759,-2.538653,-1.353487,-0.232590,-1.119816,-0.896358,0.525215,-0.005431,-0.631044,-0.221805,-0.232605,-0.645173,-0.371435,0.060751,-0.406426,0.275826,0.266533,-1.703842,1.536734,3.455674,0.083142,-0.105082,-0.179703,-0.091096,-0.034686,-0.103500,-0.910157,1.063839
23.372975,-1.621236,-2.536447,-1.353928,-0.234107,-1.120182,-0.892198,0.527054,-0.002377,-0.607190,-0.219213,-0.240030,-0.645188,-0.375655,0.060637,-0.406534,0.275643,0.266448,-1.703879,1.536631,3.454751,0.084214,-0.105510,-0.180969,-0.089412,-0.035788,-0.102877,-0.914300,1.062848
23.374040,-1.624830,-2.533346,-1.354907,-0.234165,-1.120764,-0.891095,0.528389,0.000245,-0.582338,-0.216616,-0.248221,-0.644777,-0.380440,0.060593,-0.406649,0.275458,0.266357,-1.703913,1.536525,3.453825,0.085268,-0.108387,-0.182529,-0.089874,-0.035097,-0.102690,-0.919464,1.060523
23.375069,-1.629423,-2.535491,-1.356593,-0.234079,-1.123792,-0.891384,0.528705,0.003933,-0.554342,-0.212871,-0.258264,-0.643858,-0.385847,0.060622,-0.406756,0.275268,0.266267,-1.703951,1.536424,3.452898,0.086332,-0.107903,-0.184675,-0.090178,-0.035944,-0.102410,-0.921980,1.059571
23.375988,-1.628538,-2.538498,-1.357627,-0.232046,-1.123875,-0.894709,0.528660,0.006820,-0.523891,-0.209548,-0.269340,-0.642505,-0.391708,0.060689,-0.406860,0.275083,0.266177,-1.703989,1.536331,3.451983,0.087404,-0.106897,-0.184133,-0.090068,-0.036834,-0.099699,-0.922952,1.060435
23.376960,-1.626055,-2.543672,-1.363903,-0.235452,-1.124026,-0.889287,0.528533,0.003871,-0.486699,-0.208444,-0.277149,-0.640620,-0.403455,0.060926,-0.407086,0.274722,0.266006,-1.704066,1.536132,3.450116,0.089523,-0.110571,-0.180785,-0.087660,-0.036755,-0.099830,-0.926326,1.062893
23.378054,-1.628714,-2.549562,-1.362767,-0.236486,-1.121695,-0.882366,0.527871,0.003871,-0.486699,-0.208444,-0.277149,-0.640620,-0.403455,0.060926,-0.407086,0.274722,0.266006,-1.704066,1.536132,3.450116,0.089523,-0.110571,-0.180785,-0.087660,-0.036755,-0.099830,-0.926326,1.062893
23.379000,-1.630431,-2.550175,-1.360143,-0.239649,-1.120921,-0.879290,0.528912,0.001004,-0.491969,-0.208019,-0.269442,-0.640807,-0.408765,0.061124,-0.407196,0.274545,0.265914,-1.704102,1.536023,3.449173,0.090580,-0.110604,-0.178655,-0.089100,-0.036729,-0.102444,-0.934808,1.066138
23.379950,-1.630633,-2.548689,-1.365922,-0.240197,-1.119766,-0.874521,0.529960,-0.000857,-0.513250,-0.206280,-0.255509,-0.641700,-0.413357,0.061371,-0.407310,0.274368,0.265821,-1.704131,1.535917,3.448221,0.091648,-0.110716,-0.178795,-0.090961,-0.034428,-0.103312,-0.938338,1.065033
23.381174,-1.634260,-2.545952,-1.371914,-0.237645,-1.120130,-0.874794,0.529865,-0.001792,-0.542974,-0.203564,-0.239302,-0.642927,-0.417237,0.061625,-0.407424,0.274185,0.265735,-1.704167,1.535811,3.447276,0.092721,-0.111601,-0.179916,-0.088677,-0.034620,-0.104582,-0.943705,1.063970
23.382016,-1.638148,-2.538759,-1.371231,-0.237807,-1.121005,-0.877386,0.529720,-0.006671,-0.572782,-0.204182,-0.223628,-0.644119,-0.420185,0.061843,-0.407535,0.273997,0.265649,-1.704214,1.535707,3.446320,0.093788,-0.111478,-0.182333,-0.086809,-0.038150,-0.104672,-0.945705,1.066781
23.383069,-1.644187,-2.542839,-1.377473,-0.237497,-1.120825,-0.881968,0.526865,-0.020196,-0.595363,-0.212262,-0.210019,-0.645038,-0.422038,0.061990,-0.407641,0.273805,0.265559,-1.704251,1.535601,3.445379,0.094866,-0.110326,-0.185909,-0.087581,-0.038467,-0.103767,-0.942953,1.067453
23.383994,-1.639892,-2.542529,-1.374781,-0.240481,-1.121598,-0.890200,0.527233,-0.044774,-0.606999,-0.229899,-0.199220,-0.645533,-0.422737,0.062045,-0.407746,0.273622,0.265478,-1.704294,1.535496,3.444454,0.095943,-0.108653,-0.184456,-0.085304,-0.039537,-0.104207,-0.939744,1.074826
23.384954,-1.639875,-2.552188,-1.379275,-0.245377,-1.118642,-0.889056,0.525183,-0.108625,-0.613665,-0.277977,-0.181615,-0.646002,-0.421173,0.062034,-0.407976,0.273264,0.265304,-1.704353,1.535282,3.442582,0.098124,-0.112732,-0.180532,-0.085650,-0.033333,-0.106604,-0.933864,1.079997
23.386102,-1.642170,-2.553431,-1.380588,-0.249536,-1.118350,-0.890077,0.525596,-0.108625,-0.613665,-0.277977,-0.181615,-0.646002,-0.421173,0.062034,-0.407976,0.273264,0.265304,-1.704353,1.535282,3.442582,0.098124,-0.112732,-0.180532,-0.085650,-0.033333,-0.106604,-0.933864,1.079997
23.387095,-1.649983,-2.554580,-1.382148,-0.250376,-1.121598,-0.895891,0.528289,-0.134096,-0.618574,-0.296848,-0.174305,-0.646199,-0.419144,0.062037,-0.408090,0.273082,0.265218,-1.704378,1.535171,3.441652,0.099197,-0.113043,-0.180862,-0.085998,-0.030514,-0.107182,-0.934800,1.081266
23.387990,-1.650393,-2.548640,-1.384050,-0.249396,-1.123356,-0.901070,0.526636,-0.157447,-0.625239,-0.314195,-0.168641,-0.646129,-0.416115,0.062009,-0.408195,0.272902,0.265131,-1.704410,1.535073,3.440729,0.100268,-0.110301,-0.180803,-0.085917,-0.030612,-0.104140,-0.929918,1.077107
23.389073,-1.653722,-2.545589,-1.386500,-0.249259,-1.124085,-0.907008,0.527653,-0.183031,-0.629489,-0.333712,-0.165090,-0.645677,-0.412357,0.061942,-0.408306,0.272709,0.265047,-1.704445,1.534973,3.439823,0.101369,-0.111010,-0.183902,-0.085538,-0.032270,-0.102498,-0.925188,1.081098
23.390051,-1.654087,-2.541262,-1.389555,-0.250256,-1.123701,-0.911647,0.527132,-0.211726,-0.626374,-0.356227,-0.164461,-0.644823,-0.408425,0.061876,-0.408416,0.272517,0.264965,-1.704481,1.534873,3.438908,0.102448,-0.110696,-0.186026,-0.085234,-0.033343,-0.102115,-0.920884,1.080770
23.390980,-1.652865,-2.546328,-1.395266,-0.252343,-1.123630,-0.908229,0.527516,-0.242304,-0.611472,-0.380854,-0.168328,-0.643492,-0.404898,0.061805,-0.408528,0.272324,0.264884,-1.704514,1.534767,3.437994,0.103541,-0.111596,-0.188519,-0.084456,-0.033197,-0.102662,-0.917198,1.082940
23.392010,-1.649458,-2.546052,-1.395643,-0.256183,-1.125331,-0.909999,0.526415,-0.273804,-0.586794,-0.406795,-0.176286,-0.641762,-0.401927,0.061685,-0.408644,0.272141,0.264805,-1.704544,1.534658,3.437076,0.104619,-0.113119,-0.186234,-0.082278,-0.031942,-0.102781,-0.921288,1.083041
23.393005,-1.651598,-2.547685,-1.396991,-0.255670,-1.124402,-0.901629,0.526506,-0.302751,-0.559303,-0.431065,-0.186460,-0.639912,-0.399427,0.061505,-0.408765,0.271953,0.264723,-1.704568,1.534560,3.436148,0.105713,-0.115935,-0.186927,-0.082947,-0.029238,-0.101357,-0.920680,1.086673
23.394008,-1.653298,-2.551179,-1.403093,-0.257909,-1.125825,-0.898394,0.526196,-0.342532,-0.515469,-0.465595,-0.207321,-0.636768,-0.395287,0.061021,-0.408997,0.271583,0.264564,-1.704628,1.534357,3.434269,0.107892,-0.116145,-0.185283,-0.080803,-0.029426,-0.101296,-0.934193,1.089566
23.395055,-1.652094,-2.545147,-1.406340,-0.256525,-1.127037,-0.898384,0.527863,-0.360398,-0.505069,-0.481489,-0.214315,-0.635662,-0.392712,0.060723,-0.409118,0.271388,0.264488,-1.704664,1.534262,3.433328,0.108982,-0.117900,-0.188827,-0.080124,-0.031749,-0.100428,-0.935416,1.087703
23.395972,-1.652909,-2.544989,-1.407768,-0.253918,-1.129146,-0.899257,0.525944,-0.360398,-0.505069,-0.481489,-0.214315,-0.635662,-0.392712,0.060723,-0.409118,0.271388,0.264488,-1.704664,1.534262,3.433328,0.108982,-0.117900,-0.188827,-0.080124,-0.031749,-0.100428,-0.935416,1.087703
23.396972,-1.648803,-2.546016,-1.408033,-0.255547,-1.130403,-0.901464,0.525226,-0.378367,-0.499348,-0.497654,-0.218847,-0.634921,-0.389844,0.060395,-0.409237,0.271197,0.264407,-1.704704,1.534165,3.432402,0.110073,-0.118316,-0.189052,-0.080054,-0.034938,-0.098464,-0.934994,1.092373
23.397963,-1.651740,-2.551351,-1.415656,-0.257501,-1.133013,-0.899041,0.527291,-0.392396,-0.499278,-0.510602,-0.219671,-0.634858,-0.386998,0.060073,-0.409366,0.271010,0.264326,-1.704735,1.534066,3.431459,0.111200,-0.121315,-0.188983,-0.080726,-0.034200,-0.097465,-0.933696,1.094885
23.398995,-1.649566,-2.548704,-1.414234,-0.260816,-1.133618,-0.893877,0.526021,-0.400632,-0.508030,-0.518681,-0.215883,-0.635605,-0.384216,0.059744,-0.409486,0.270827,0.264255,-1.704768,1.533973,3.430508,0.112287,-0.120821,-0.186767,-0.077770,-0.033126,-0.095131,-0.936968,1.091896
23.400034,-1.648725,-2.551322,-1.413559,-0.264313,-1.135358,-0.893360,0.525262,-0.405320,-0.524808,-0.523835,-0.208903,-0.636886,-0.381367,0.059355,-0.409611,0.270633,0.264173,-1.704796,1.533879,3.429561,0.113381,-0.122983,-0.188583,-0.079364,-0.030850,-0.094884,-0.943267,1.095908
23.401027,-1.650470,-2.549511,-1.419855,-0.263321,-1.135563,-0.889731,0.522321,-0.404027,-0.544294,-0.524214,-0.202530,-0.638322,-0.378743,0.058904,-0.409738,0.270449,0.264089,-1.704820,1.533789,3.428604,0.114491,-0.124441,-0.187833,-0.080522,-0.028515,-0.093514,-0.944826,1.098800
23.401950,-1.650823,-2.549774,-1.418621,-0.262771,-1.135470,-0.891817,0.521184,-0.395829,-0.563577,-0.519058,-0.198411,-0.639764,-0.376544,0.058432,-0.409864,0.270257,0.264017,-1.704855,1.533696,3.427653,0.115612,-0.124498,-0.189128,-0.078215,-0.030372,-0.093619,-0.949307,1.105795
23.402980,-1.654144,-2.545815,-1.417019,-0.262078,-1.135790,-0.895781,0.518747,-0.385660,-0.583781,-0.512312,-0.194653,-0.641293,-0.374543,0.057986,-0.409990,0.270065,0.263933,-1.704889,1.533601,3.426703,0.116721,-0.125101,-0.189175,-0.079488,-0.031663,-0.093900,-0.947523,1.108762
23.404011,-1.653625,-2.545439,-1.418363,-0.261214,-1.136170,-0.898144,0.518919,-0.374654,-0.604558,-0.504769,-0.190085,-0.643010,-0.372833,0.057611,-0.410110,0.269871,0.263848,-1.704925,1.533506,3.425756,0.117846,-0.124529,-0.191622,-0.081088,-0.033228,-0.093895,-0.944634,1.114935
23.405011,-1.652857,-2.551522,-1.423479,-0.263066,-1.137025,-0.904183,0.520836,-0.361410,-0.623623,-0.495135,-0.184956,-0.644917,-0.371745,0.057313,-0.410238,0.269677,0.263765,-1.704962,1.533412,3.424823,0.118956,-0.125823,-0.192236,-0.081218,-0.034921,-0.093852,-0.943469,1.115869
23.406078,-1.650695,-2.556064,-1.424608,-0.265930,-1.138281,-0.902363,0.522363,-0.345830,-0.643243,-0.483108,-0.177960,-0.647120,-0.371318,0.057034,-0.410369,0.269495,0.263691,-1.704992,1.533319,3.423884,0.120066,-0.127105,-0.189670,-0.079514,-0.033998,-0.093288,-0.938331,1.113160
23.407055,-1.656672,-2.558816,-1.422332,-0.270217,-1.137905,-0.903882,0.523111,-0.327332,-0.669545,-0.468011,-0.167039,-0.649773,-0.371344,0.056727,-0.410501,0.269308,0.263609,-1.705021,1.533227,3.422949,0.121183,-0.129249,-0.188043,-0.079873,-0.032231,-0.092423,-0.941643,1.111625
23.408007,-1.656544,-2.559695,-1.423956,-0.271365,-1.139120,-0.905986,0.523987,-0.305437,-0.703710,-0.449492,-0.153072,-0.652699,-0.371622,0.056425,-0.410624,0.269123,0.263523,-1.705043,1.533133,3.422009,0.122287,-0.127163,-0.187083,-0.081711,-0.029039,-0.093088,-0.940866,1.111193
23.409051,-1.659971,-2.558838,-1.423887,-0.272550,-1.137873,-0.907126,0.526372,-0.281992,-0.741883,-0.429242,-0.138682,-0.655505,-0.372023,0.056192,-0.410753,0.268937,0.263443,-1.705070,1.533042,3.421070,0.123403,-0.128052,-0.186989,-0.081601,-0.028876,-0.092121,-0.939378,1.110308
23.409972,-1.662621,-2.558387,-1.428133,-0.270969,-1.139519,-0.913981,0.525337,-0.259251,-0.779780,-0.409245,-0.125604,-0.657939,-0.372496,0.056073,-0.410880,0.268746,0.263356,-1.705098,1.532944,3.420141,0.124499,-0.127382,-0.187939,-0.082440,-0.028765,-0.093701,-0.939544,1.106974
23.410975,-1.660990,-2.558180,-1.431731,-0.270282,-1.140870,-0.919462,0.527884,-0.240234,-0.814549,-0.392078,-0.114091,-0.659932,-0.372965,0.056085,-0.411006,0.268560,0.263279,-1.705134,1.532856,3.419216,0.125618,-0.126823,-0.188412,-0.080990,-0.031056,-0.092277,-0.933127,1.109787
23.412008,-1.661965,-2.558372,-1.432472,-0.273311,-1.139983,-0.920052,0.525340,-0.227465,-0.846090,-0.379838,-0.102790,-0.661646,-0.373427,0.056195,-0.411136,0.268368,0.263201,-1.705169,1.532765,3.418307,0.126743,-0.128579,-0.188912,-0.080030,-0.032565,-0.091260,-0.928808,1.105740
23.413024,-1.665904,-2.562058,-1.427536,-0.276490,-1.138324,-0.923332,0.526449,-0.219141,-0.873898,-0.371098,-0.091733,-0.663178,-0.374133,0.056355,-0.411267,0.268179,0.263119,-1.705197,1.532668,3.417375,0.127842,-0.129071,-0.189326,-0.080510,-0.030579,-0.092470,-0.929466,1.112325
23.414049,-1.669090,-2.563665,-1.434021,-0.279378,-1.137271,-0.918473,0.527681,-0.211500,-0.896354,-0.362871,-0.082988,-0.664372,-0.375424,0.056554,-0.411394,0.267996,0.263029,-1.705222,1.532568,3.416443,0.128952,-0.128073,-0.188009,-0.083714,-0.028496,-0.094395,-0.927247,1.111281
23.414969,-1.668319,-2.560939,-1.436732,-0.282103,-1.136991,-0.915063,0.527931,-0.204885,-0.913950,-0.355475,-0.077474,-0.665032,-0.377321,0.056787,-0.411522,0.267808,0.262953,-1.705246,1.532471,3.415510,0.130050,-0.127481,-0.187717,-0.081306,-0.026768,-0.095734,-0.933328,1.110167
23.416016,-1.670218,-2.556086,-1.439610,-0.281159,-1.137452,-0.911817,0.526687,-0.203840,-0.925260,-0.352767,-0.076191,-0.664868,-0.379592,0.057049,-0.411655,0.267616,0.262872,-1.705268,1.532376,3.414559,0.131165,-0.128556,-0.189280,-0.080614,-0.025049,-0.096189,-0.937054,1.110369
23.417058,-1.671478,-2.549860,-1.438930,-0.280172,-1.136572,-0.911100,0.527878,-0.210147,-0.925527,-0.356414,-0.080915,-0.663666,-0.382289,0.057358,-0.411783,0.267420,0.262794,-1.705299,1.532277,3.413605,0.132291,-0.128759,-0.192294,-0.080162,-0.027110,-0.096076,-0.941728,1.114463
23.418096,-1.673158,-2.556396,-1.441884,-0.279246,-1.138131,-0.913853,0.526724,-0.221818,-0.910833,-0.364898,-0.092147,-0.661501,-0.385722,0.057721,-0.411914,0.267216,0.262710,-1.705333,1.532180,3.412663,0.133395,-0.129346,-0.196005,-0.081492,-0.029174,-0.097390,-0.944146,1.113874
23.419010,-1.674572,-2.559708,-1.439042,-0.282451,-1.140749,-0.908960,0.527983,-0.235912,-0.885327,-0.375643,-0.106589,-0.658858,-0.389988,0.058129,-0.412042,0.267030,0.262630,-1.705368,1.532087,3.411711,0.134522,-0.129746,-0.193464,-0.081022,-0.031160,-0.096255,-0.942991,1.117950
23.419999,-1.677885,-2.567210,-1.439576,-0.285326,-1.141418,-0.904305,0.526842,-0.249385,-0.861501,-0.385777,-0.118187,-0.656509,-0.394784,0.058594,-0.412174,0.266841,0.262543,-1.705391,1.531996,3.410763,0.135644,-0.129888,-0.192212,-0.083158,-0.029033,-0.093931,-0.948726,1.116372
23.421042,-1.679717,-2.572821,-1.441711,-0.291166,-1.140353,-0.896208,0.526877,-0.260330,-0.848896,-0.393505,-0.123563,-0.654912,-0.399646,0.059137,-0.412305,0.266656,0.262457,-1.705417,1.531902,3.409787,0.136766,-0.129293,-0.189109,-0.083738,-0.027320,-0.093660,-0.954522,1.120152
23.422042,-1.679971,-2.571742,-1.443491,-0.291509,-1.138432,-0.891877,0.528325,-0.269542,-0.850594,-0.399470,-0.122846,-0.654056,-0.404043,0.059747,-0.412433,0.266474,0.262377,-1.705432,1.531803,3.408798,0.137901,-0.129638,-0.187161,-0.083682,-0.022998,-0.095140,-0.964100,1.121778
23.423027,-1.681854,-2.568426,-1.444088,-0.290326,-1.140022,-0.892604,0.526509,-0.278465,-0.863399,-0.405002,-0.118492,-0.653647,-0.407587,0.060356,-0.412566,0.266282,0.262293,-1.705460,1.531699,3.407825,0.139012,-0.130592,-0.188343,-0.083691,-0.023859,-0.097363,-0.969629,1.120407
23.424172,-1.684887,-2.570050,-1.449513,-0.286955,-1.140115,-0.896374,0.528691,-0.287162,-0.879897,-0.410328,-0.113152,-0.653464,-0.410241,0.060915,-0.412699,0.266086,0.262208,-1.705491,1.531608,3.406849,0.140147,-0.130682,-0.190531,-0.084249,-0.026099,-0.096140,-0.969956,1.125472
23.425049,-1.680053,-2.566790,-1.455871,-0.287664,-1.140771,-0.902176,0.527039,-0.296962,-0.896771,-0.416568,-0.106107,-0.653662,-0.411901,0.061443,-0.412829,0.265894,0.262129,-1.705532,1.531510,3.405893,0.141279,-0.130666,-0.190725,-0.082749,-0.030594,-0.096610,-0.968534,1.123381
23.425940,-1.688288,-2.570227,-1.455781,-0.291757,-1.142389,-0.908123,0.528448,-0.309287,-0.913619,-0.424886,-0.095859,-0.654431,-0.412416,0.061965,-0.412970,0.265697,0.262051,-1.705562,1.531414,3.404938,0.142403,-0.133767,-0.192558,-0.080305,-0.030713,-0.096157,-0.963163,1.127512
23.426986,-1.690543,-2.572359,-1.458851,-0.297710,-1.140592,-0.911313,0.531105,-0.324554,-0.927090,-0.435783,-0.084310,-0.655531,-0.411907,0.062455,-0.413095,0.265510,0.261971,-1.705584,1.531321,3.403983,0.143528,-0.130467,-0.191154,-0.081111,-0.027674,-0.094782,-0.957789,1.125476
23.428061,-1.692232,-2.576746,-1.459476,-0.302516,-1.139948,-0.912398,0.531204,-0.344344,-0.933580,-0.450782,-0.075060,-0.656414,-0.410505,0.062845,-0.413226,0.265318,0.261891,-1.705601,1.531221,3.403035,0.144627,-0.130599,-0.190844,-0.080593,-0.023196,-0.097008,-0.956350,1.122031
23.428973,-1.692174,-2.573656,-1.463267,-0.302935,-1.141571,-0.911267,0.533501,-0.367572,-0.931888,-0.469098,-0.070945,-0.656671,-0.408354,0.063105,-0.413358,0.265131,0.261808,-1.705618,1.531122,3.402070,0.145757,-0.131040,-0.189531,-0.081346,-0.019967,-0.098083,-0.957102,1.123816
23.429956,-1.693641,-2.571392,-1.470392,-0.304117,-1.140771,-0.914815,0.532620,-0.415186,-0.905284,-0.508045,-0.079713,-0.655198,-0.402534,0.063332,-0.413625,0.264740,0.261658,-1.705663,1.530929,3.400167,0.147997,-0.132196,-0.193060,-0.077666,-0.020761,-0.097859,-0.956637,1.123407
23.430948,-1.693247,-2.570655,-1.473491,-0.301664,-1.143629,-0.926102,0.534860,-0.415186,-0.905284,-0.508045,-0.079713,-0.655198,-0.402534,0.063332,-0.413625,0.264740,0.261658,-1.705663,1.530929,3.400167,0.147997,-0.132196,-0.193060,-0.077666,-0.020761,-0.097859,-0.956637,1.123407
23.432011,-1.697954,-2.573708,-1.472713,-0.302629,-1.144875,-0.929475,0.534363,-0.442143,-0.880176,-0.530790,-0.090284,-0.653714,-0.399178,0.063352,-0.413759,0.264545,0.261583,-1.705692,1.530841,3.399232,0.149118,-0.133442,-0.193964,-0.077125,-0.024348,-0.095399,-0.946682,1.120333
23.433036,-1.698573,-2.577753,-1.479128,-0.308601,-1.145121,-0.930989,0.534947,-0.469645,-0.853261,-0.554227,-0.100371,-0.652348,-0.395932,0.063367,-0.413891,0.264351,0.261502,-1.705719,1.530744,3.398302,0.150240,-0.132327,-0.193198,-0.078591,-0.024653,-0.094620,-0.945333,1.123277
23.434035,-1.700262,-2.580488,-1.480710,-0.311178,-1.147585,-0.927074,0.533477,-0.496216,-0.829613,-0.577033,-0.108186,-0.651317,-0.392908,0.063405,-0.414025,0.264160,0.261429,-1.705730,1.530648,3.397351,0.151373,-0.133161,-0.191854,-0.076424,-0.020237,-0.094784,-0.945377,1.123701
23.434968,-1.697000,-2.585255,-1.480469,-0.313352,-1.147289,-0.919176,0.533290,-0.522477,-0.809950,-0.599842,-0.115187,-0.650382,-0.390042,0.063453,-0.414156,0.263973,0.261355,-1.705746,1.530560,3.396389,0.152520,-0.133408,-0.191161,-0.076665,-0.019123,-0.092749,-0.950640,1.128084
23.436029,-1.697434,-2.589502,-1.482232,-0.317189,-1.147915,-0.917196,0.532670,-0.545701,-0.797066,-0.620425,-0.121199,-0.649611,-0.387270,0.063476,-0.414298,0.263785,0.261274,-1.705762,1.530465,3.395419,0.153643,-0.135859,-0.189227,-0.077599,-0.018253,-0.093369,-0.959351,1.129540
23.436924,-1.699270,-2.590919,-1.484526,-0.314879,-1.149680,-0.914567,0.531450,-0.560901,-0.795116,-0.634575,-0.124977,-0.649272,-0.384453,0.063441,-0.414437,0.263601,0.261198,-1.705776,1.530371,3.394445,0.154781,-0.136793,-0.187982,-0.077824,-0.016000,-0.093203,-0.962937,1.132604
23.438040,-1.702349,-2.592095,-1.486648,-0.313971,-1.151630,-0.918175,0.528859,-0.568032,-0.805615,-0.642197,-0.125451,-0.649491,-0.381289,0.063355,-0.414573,0.263413,0.261122,-1.705800,1.530282,3.393467,0.155932,-0.136627,-0.187640,-0.077461,-0.019413,-0.091730,-0.966028,1.135816
23.439079,-1.706344,-2.595465,-1.488106,-0.315968,-1.153187,-0.921768,0.529938,-0.571428,-0.828771,-0.646783,-0.120483,-0.650429,-0.377472,0.063273,-0.414710,0.263224,0.261044,-1.705825,1.530194,3.392515,0.157076,-0.136415,-0.188039,-0.077598,-0.021739,-0.090389,-0.964551,1.143157
23.440063,-1.704259,-2.596143,-1.491711,-0.319197,-1.154958,-0.920979,0.531238,-0.574346,-0.862367,-0.650970,-0.109527,-0.652095,-0.373043,0.063198,-0.414842,0.263038,0.260966,-1.705844,1.530107,3.391555,0.158224,-0.135608,-0.187140,-0.077911,-0.021155,-0.089351,-0.962541,1.142562
23.441025,-1.706862,-2.599811,-1.486617,-0.322475,-1.151719,-0.919527,0.532273,-0.577103,-0.901052,-0.655099,-0.095277,-0.654167,-0.368399,0.063049,-0.414982,0.262849,0.260890,-1.705859,1.530021,3.390594,0.159349,-0.137625,-0.187408,-0.077060,-0.019350,-0.088020,-0.964562,1.141358
23.442113,-1.711734,-2.604029,-1.488538,-0.328327,-1.150975,-0.912032,0.533344,-0.576492,-0.939692,-0.656617,-0.081297,-0.656270,-0.364111,0.062778,-0.415118,0.262667,0.260803,-1.705872,1.529923,3.389612,0.160493,-0.137242,-0.186173,-0.080429,-0.017506,-0.091616,-0.966938,1.140492
23.443009,-1.707394,-2.599949,-1.492896,-0.327946,-1.152485,-0.911189,0.534452,-0.570807,-0.975911,-0.654125,-0.070025,-0.658047,-0.360401,0.062434,-0.415251,0.262482,0.260724,-1.705875,1.529828,3.388626,0.161640,-0.136111,-0.185013,-0.080567,-0.013524,-0.092838,-0.976281,1.140293
23.444005,-1.710333,-2.597804,-1.490690,-0.328134,-1.155485,-0.916781,0.534823,-0.562303,-1.006904,-0.649472,-0.063071,-0.659175,-0.357147,0.062106,-0.415397,0.262287,0.260647,-1.705893,1.529740,3.387644,0.162771,-0.138962,-0.187358,-0.079155,-0.015163,-0.091611,-0.977491,1.138919
23.444998,-1.712617,-2.597701,-1.489507,-0.328550,-1.155455,-0.925061,0.536970,-0.551111,-1.028510,-0.642721,-0.060953,-0.659657,-0.354568,0.061876,-0.415536,0.262098,0.260563,-1.705910,1.529654,3.386672,0.163917,-0.138457,-0.189050,-0.081179,-0.016369,-0.089070,-0.973051,1.139587
23.446088,-1.710078,-2.601582,-1.496539,-0.330665,-1.159374,-0.933355,0.539589,-0.535416,-1.039356,-0.632237,-0.062570,-0.659752,-0.353076,0.061771,-0.415672,0.261908,0.260477,-1.705930,1.529561,3.385725,0.165042,-0.138340,-0.189700,-0.082624,-0.017297,-0.089521,-0.966088,1.136718
23.446978,-1.708811,-2.605188,-1.495163,-0.334726,-1.161891,-0.932140,0.538980,-0.514853,-1.042355,-0.617534,-0.065717,-0.659754,-0.352865,0.061752,-0.415817,0.261719,0.260400,-1.705945,1.529485,3.384770,0.166175,-0.140806,-0.188659,-0.080221,-0.016775,-0.086252,-0.959780,1.133485
23.448148,-1.711956,-2.609212,-1.496813,-0.338981,-1.160676,-0.929343,0.540659,-0.488862,-1.042480,-0.598037,-0.068397,-0.659958,-0.353935,0.061783,-0.415960,0.261537,0.260315,-1.705953,1.529405,3.383800,0.167326,-0.142090,-0.187259,-0.081623,-0.014114,-0.084134,-0.961551,1.135490
23.448931,-1.713138,-2.613579,-1.494647,-0.341333,-1.161404,-0.925917,0.538317,-0.457289,-1.042828,-0.573677,-0.070417,-0.660446,-0.356061,0.061843,-0.416101,0.261352,0.260234,-1.705960,1.529314,3.382836,0.168451,-0.141940,-0.186433,-0.082042,-0.011831,-0.086038,-0.966877,1.134623
23.450067,-1.712397,-2.610297,-1.495738,-0.343069,-1.160215,-0.929403,0.539730,-0.422432,-1.045757,-0.546436,-0.071646,-0.661185,-0.358727,0.061902,-0.416241,0.261174,0.260147,-1.705967,1.529232,3.381860,0.169599,-0.141755,-0.184381,-0.083580,-0.010743,-0.085506,-0.969963,1.139473
23.451046,-1.713683,-2.605538,-1.496761,-0.342728,-1.162741,-0.937790,0.536404,-0.385540,-1.051132,-0.517374,-0.072263,-0.662153,-0.361606,0.061954,-0.416389,0.260980,0.260060,-1.705977,1.529140,3.380901,0.170741,-0.143405,-0.187048,-0.084147,-0.010843,-0.087318,-0.968715,1.138839
23.452014,-1.719840,-2.600407,-1.502369,-0.341727,-1.164694,-0.944969,0.536745,-0.346438,-1.051627,-0.486467,-0.074917,-0.663146,-0.364888,0.062018,-0.416535,0.260783,0.259974,-1.705993,1.529062,3.379946,0.171910,-0.143611,-0.189914,-0.084462,-0.012610,-0.085270,-0.961465,1.146777
23.452982,-1.722619,-2.597735,-1.503671,-0.342838,-1.168097,-0.949187,0.536330,-0.310206,-1.039449,-0.458102,-0.081482,-0.663905,-0.368676,0.062085,-0.416671,0.260584,0.259895,-1.706012,1.528979,3.378999,0.173048,-0.141467,-0.192921,-0.082536,-0.014919,-0.083788,-0.955463,1.147276
23.453992,-1.718855,-2.598376,-1.504385,-0.345872,-1.168877,-0.951498,0.535968,-0.284723,-1.012107,-0.438914,-0.091600,-0.664266,-0.372820,0.062110,-0.416811,0.260385,0.259809,-1.706028,1.528904,3.378065,0.174184,-0.140995,-0.194666,-0.082721,-0.015173,-0.080911,-0.952515,1.149381
23.455074,-1.725379,-2.603935,-1.500091,-0.350051,-1.166585,-0.948627,0.536066,-0.268707,-0.971662,-0.427786,-0.104763,-0.664256,-0.377535,0.062069,-0.416961,0.260191,0.259725,-1.706038,1.528823,3.377109,0.175349,-0.143812,-0.194946,-0.083276,-0.013702,-0.080691,-0.951631,1.151509
23.456075,-1.724724,-2.601471,-1.505421,-0.352907,-1.168567,-0.940547,0.537416,-0.254665,-0.924836,-0.418308,-0.119869,-0.664051,-0.383112,0.061979,-0.417099,0.260001,0.259631,-1.706044,1.528731,3.376150,0.176513,-0.141744,-0.193015,-0.086388,-0.011348,-0.083536,-0.956462,1.153143
23.457048,-1.725366,-2.596634,-1.506723,-0.353338,-1.169824,-0.935103,0.537318,-0.241170,-0.877544,-0.409140,-0.135879,-0.663612,-0.389305,0.061839,-0.417245,0.259800,0.259550,-1.706051,1.528651,3.375162,0.177655,-0.143021,-0.194781,-0.084607,-0.010147,-0.082039,-0.965737,1.151853
23.457996,-1.722118,-2.590165,-1.506947,-0.348090,-1.172134,-0.936532,0.536573,-0.231000,-0.828661,-0.402611,-0.153660,-0.662675,-0.395762,0.061651,-0.417388,0.259597,0.259466,-1.706064,1.528573,3.374174,0.178815,-0.143580,-0.197615,-0.084824,-0.011200,-0.081305,-0.972110,1.153273
23.459066,-1.722423,-2.587018,-1.506510,-0.349147,-1.175588,-0.942818,0.537380,-0.223116,-0.776265,-0.397828,-0.172818,-0.661340,-0.402515,0.061473,-0.417538,0.259385,0.259380,-1.706094,1.528495,3.373216,0.179969,-0.145953,-0.201066,-0.085484,-0.017502,-0.079468,-0.971565,1.155849
23.460013,-1.718797,-2.584119,-1.508540,-0.348791,-1.177439,-0.943370,0.538514,-0.212715,-0.721524,-0.390658,-0.191132,-0.660055,-0.409946,0.061363,-0.417688,0.259178,0.259291,-1.706112,1.528426,3.372251,0.181132,-0.146851,-0.203265,-0.086677,-0.017917,-0.076738,-0.967018,1.155976
23.461023,-1.722839,-2.586811,-1.507048,-0.351938,-1.178173,-0.936369,0.539423,-0.196155,-0.664993,-0.378060,-0.208105,-0.659024,-0.418438,0.061309,-0.417840,0.258967,0.259203,-1.706134,1.528352,3.371274,0.182300,-0.149385,-0.204932,-0.086400,-0.019465,-0.075426,-0.967350,1.154706
23.462087,-1.722705,-2.589579,-1.501316,-0.357701,-1.179804,-0.926024,0.539015,-0.173902,-0.609441,-0.360471,-0.223409,-0.658267,-0.427821,0.061295,-0.417987,0.258763,0.259112,-1.706148,1.528279,3.370288,0.183450,-0.148262,-0.204052,-0.087988,-0.017786,-0.075322,-0.975654,1.154351
23.463008,-1.723212,-2.586400,-1.504220,-0.360809,-1.180188,-0.916585,0.539522,-0.147021,-0.559733,-0.338791,-0.236783,-0.657732,-0.437443,0.061330,-0.418137,0.258560,0.259012,-1.706155,1.528208,3.369274,0.184625,-0.149398,-0.203325,-0.091710,-0.013775,-0.074385,-0.987482,1.156882
23.463963,-1.721112,-2.584716,-1.505372,-0.359030,-1.183241,-0.921125,0.538359,-0.115763,-0.516021,-0.313292,-0.250346,-0.657159,-0.446616,0.061393,-0.418288,0.258351,0.258924,-1.706164,1.528134,3.368269,0.185773,-0.149779,-0.205115,-0.090908,-0.012154,-0.074505,-0.997390,1.156777
23.465022,-1.727763,-2.580408,-1.506817,-0.357211,-1.186782,-0.931330,0.538048,-0.082797,-0.476007,-0.286219,-0.265115,-0.656435,-0.454733,0.061424,-0.418444,0.258141,0.258832,-1.706187,1.528068,3.367277,0.186947,-0.151521,-0.206214,-0.091050,-0.015157,-0.072034,-0.993509,1.160171
23.465979,-1.730535,-2.575859,-1.511876,-0.357171,-1.189289,-0.938399,0.536355,-0.052042,-0.439796,-0.260735,-0.278713,-0.655863,-0.461433,0.061394,-0.418587,0.257928,0.258741,-1.706211,1.528002,3.366296,0.188123,-0.149271,-0.208913,-0.091260,-0.018329,-0.069237,-0.984860,1.162430
23.467188,-1.737678,-2.579779,-1.512874,-0.358445,-1.191110,-0.943750,0.536798,-0.029387,-0.405326,-0.241749,-0.289795,-0.655581,-0.466560,0.061273,-0.418737,0.257710,0.258657,-1.706231,1.527938,3.365332,0.189289,-0.148661,-0.211356,-0.089523,-0.019612,-0.067378,-0.978805,1.166922
23.468013,-1.738374,-2.582227,-1.513873,-0.364796,-1.190000,-0.940768,0.534597,-0.020174,-0.371550,-0.233779,-0.298156,-0.655520,-0.469971,0.061033,-0.418882,0.257504,0.258566,-1.706251,1.527871,3.364358,0.190464,-0.146565,-0.210406,-0.090259,-0.020048,-0.066504,-0.976192,1.168557
23.468945,-1.739118,-2.582568,-1.511139,-0.369123,-1.190119,-0.940672,0.534356,-0.024268,-0.342150,-0.236746,-0.303562,-0.655624,-0.471578,0.060678,-0.419028,0.257296,0.258477,-1.706258,1.527799,3.363383,0.191652,-0.146695,-0.209083,-0.090249,-0.014978,-0.068016,-0.979215,1.173187
23.469940,-1.741253,-2.582039,-1.514718,-0.370809,-1.193209,-0.940891,0.533426,-0.036323,-0.318065,-0.246338,-0.308457,-0.655617,-0.471586,0.060227,-0.419175,0.257084,0.258378,-1.706264,1.527731,3.362395,0.192818,-0.147050,-0.209102,-0.092225,-0.012222,-0.068454,-0.979952,1.174561
23.471045,-1.743705,-2.578173,-1.516875,-0.370304,-1.196008,-0.947125,0.532597,-0.051151,-0.297586,-0.258365,-0.315205,-0.655278,-0.470329,0.059697,-0.419320,0.256876,0.258290,-1.706279,1.527669,3.361406,0.194001,-0.146894,-0.209770,-0.091253,-0.012013,-0.066038,-0.980847,1.177683
23.471991,-1.748171,-2.573700,-1.518039,-0.368661,-1.196612,-0.957466,0.528824,-0.068379,-0.279286,-0.272551,-0.323598,-0.654641,-0.467953,0.059139,-0.419468,0.256658,0.258200,-1.706298,1.527606,3.360445,0.195197,-0.146851,-0.212320,-0.091202,-0.014085,-0.064083,-0.976612,1.181191
23.472977,-1.751208,-2.575596,-1.522501,-0.368405,-1.197437,-0.964725,0.529966,-0.089476,-0.260748,-0.290100,-0.332797,-0.653806,-0.464740,0.058654,-0.419613,0.256439,0.258107,-1.706320,1.527542,3.359496,0.196389,-0.145396,-0.214686,-0.091312,-0.016924,-0.064118,-0.967214,1.189693
23.473998,-1.751981,-2.579777,-1.526539,-0.371434,-1.198302,-0.966036,0.530110,-0.116199,-0.242653,-0.312349,-0.340822,-0.652939,-0.461050,0.058282,-0.419755,0.256227,0.258023,-1.706342,1.527479,3.358558,0.197580,-0.144811,-0.214033,-0.089930,-0.018432,-0.063979,-0.961332,1.188466
23.475151,-1.755340,-2.583975,-1.525589,-0.378222,-1.197359,-0.957677,0.532671,-0.149398,-0.230843,-0.339854,-0.344785,-0.652256,-0.457064,0.057967,-0.419902,0.256016,0.257935,-1.706357,1.527415,3.357589,0.198758,-0.145397,-0.212376,-0.088805,-0.016892,-0.063829,-0.961488,1.189613
23.476020,-1.753626,-2.590144,-1.519907,-0.380593,-1.199155,-0.946002,0.533826,-0.186549,-0.228997,-0.370565,-0.344860,-0.651698,-0.452934,0.057648,-0.420046,0.255809,0.257845,-1.706359,1.527345,3.356590,0.199944,-0.145063,-0.211148,-0.090428,-0.012099,-0.065632,-0.972117,1.186622
23.476984,-1.750463,-2.593959,-1.524823,-0.381499,-1.201020,-0.940787,0.533778,-0.220993,-0.239410,-0.399024,-0.342464,-0.651191,-0.448730,0.057309,-0.420196,0.255606,0.257745,-1.706368,1.527283,3.355589,0.201111,-0.146464,-0.208136,-0.093733,-0.011150,-0.064343,-0.983943,1.184870
23.478050,-1.754586,-2.595574,-1.526060,-0.382344,-1.201742,-0.940699,0.534221,-0.245989,-0.267964,-0.419484,-0.335569,-0.651110,-0.444271,0.057002,-0.420352,0.255404,0.257657,-1.706381,1.527221,3.354590,0.202304,-0.148760,-0.206627,-0.092006,-0.011697,-0.063147,-0.989930,1.186011
23.479042,-1.756801,-2.596149,-1.530519,-0.379953,-1.204235,-0.950923,0.536330,-0.262148,-0.316188,-0.432374,-0.322256,-0.651710,-0.439219,0.056798,-0.420499,0.255198,0.257565,-1.706395,1.527158,3.353590,0.203495,-0.147750,-0.206473,-0.092341,-0.012442,-0.063226,-0.991513,1.186753
23.479997,-1.750264,-2.594847,-1.531533,-0.380654,-1.206534,-0.953487,0.535845,-0.275363,-0.379238,-0.442669,-0.302582,-0.652931,-0.433464,0.056707,-0.420646,0.254992,0.257476,-1.706420,1.527098,3.352628,0.204663,-0.147535,-0.206606,-0.090912,-0.016086,-0.061435,-0.982419,1.183775
23.481129,-1.755619,-2.600390,-1.530823,-0.385649,-1.207710,-0.948748,0.538131,-0.286307,-0.451097,-0.450987,-0.277468,-0.654785,-0.427557,0.056704,-0.420806,0.254787,0.257387,-1.706438,1.527041,3.351645,0.205852,-0.151474,-0.207577,-0.091166,-0.016650,-0.059841,-0.980795,1.185770
23.482043,-1.753431,-2.599109,-1.531353,-0.391479,-1.206566,-0.942619,0.537086,-0.290950,-0.526042,-0.454103,-0.249828,-0.657139,-0.422192,0.056755,-0.420953,0.254585,0.257290,-1.706445,1.526984,3.350651,0.207044,-0.150010,-0.205651,-0.092527,-0.013506,-0.059610,-0.987658,1.183176
23.482982,-1.753635,-2.603682,-1.529618,-0.393809,-1.206968,-0.933511,0.537702,-0.288965,-0.597858,-0.452008,-0.224482,-0.659469,-0.417563,0.056817,-0.421106,0.254375,0.257195,-1.706446,1.526918,3.349640,0.208225,-0.151733,-0.206459,-0.092852,-0.009300,-0.061331,-0.994182,1.186081
23.483946,-1.751663,-2.598461,-1.529768,-0.394163,-1.206573,-0.935701,0.539479,-0.281106,-0.662381,-0.445477,-0.204877,-0.661351,-0.413594,0.056866,-0.421261,0.254176,0.257099,-1.706455,1.526860,3.348612,0.209414,-0.152279,-0.204495,-0.094364,-0.008513,-0.061587,-1.003795,1.185694
23.485032,-1.750819,-2.598114,-1.533868,-0.392215,-1.211338,-0.944508,0.538177,-0.266442,-0.719148,-0.433636,-0.190929,-0.662811,-0.410198,0.056889,-0.421419,0.253962,0.257003,-1.706468,1.526795,3.347620,0.210579,-0.153959,-0.207390,-0.094967,-0.009608,-0.062629,-1.002367,1.183245
23.486013,-1.758050,-2.594858,-1.530819,-0.390679,-1.213582,-0.955462,0.537881,-0.245194,-0.766734,-0.416532,-0.181194,-0.664043,-0.407490,0.056893,-0.421578,0.253756,0.256911,-1.706486,1.526743,3.346636,0.211780,-0.155371,-0.208236,-0.093870,-0.013114,-0.058734,-0.995275,1.187627
23.487018,-1.756854,-2.596489,-1.540080,-0.393553,-1.216887,-0.961997,0.537681,-0.220524,-0.804689,-0.396686,-0.173073,-0.665312,-0.405634,0.056918,-0.421723,0.253541,0.256810,-1.706508,1.526690,3.345675,0.212983,-0.152585,-0.210155,-0.096077,-0.015912,-0.057290,-0.985469,1.189269
23.488010,-1.751249,-2.598789,-1.539140,-0.398928,-1.217854,-0.959333,0.536388,-0.198250,-0.833460,-0.378890,-0.164748,-0.666701,-0.404662,0.056961,-0.421882,0.253332,0.256722,-1.706519,1.526638,3.344702,0.214189,-0.154006,-0.209727,-0.092251,-0.014569,-0.054801,-0.980248,1.190870
23.488988,-1.752688,-2.603455,-1.534095,-0.403211,-1.215230,-0.955190,0.537662,-0.179119,-0.852941,-0.363818,-0.157392,-0.668089,-0.404706,0.056992,-0.422046,0.253125,0.256627,-1.706522,1.526584,3.343707,0.215385,-0.157509,-0.208977,-0.093520,-0.010901,-0.054634,-0.984051,1.194647
23.490024,-1.754468,-2.606358,-1.532155,-0.407407,-1.217273,-0.954380,0.537528,-0.156219,-0.865724,-0.345734,-0.152515,-0.669472,-0.405943,0.056982,-0.422205,0.252920,0.256523,-1.706525,1.526519,3.342716,0.216586,-0.157466,-0.207027,-0.096676,-0.008318,-0.057943,-0.989181,1.193112
23.491009,-1.754065,-2.604109,-1.541796,-0.408115,-1.219174,-0.957361,0.536371,-0.125443,-0.875993,-0.321162,-0.149985,-0.670908,-0.408179,0.056903,-0.422363,0.252715,0.256422,-1.706527,1.526465,3.341719,0.217777,-0.157444,-0.206137,-0.098389,-0.005968,-0.056698,-0.991299,1.194862
23.492007,-1.752031,-2.599310,-1.542779,-0.404678,-1.220608,-0.969673,0.537888,-0.091615,-0.884361,-0.294116,-0.149281,-0.672326,-0.410812,0.056760,-0.422524,0.252503,0.256335,-1.706536,1.526408,3.340726,0.218991,-0.158358,-0.207605,-0.094342,-0.006874,-0.055537,-0.989291,1.198249
23.493163,-1.752979,-2.595801,-1.543734,-0.404592,-1.221252,-0.978641,0.537895,-0.061113,-0.887883,-0.269930,-0.149666,-0.673731,-0.413497,0.056569,-0.422689,0.252283,0.256239,-1.706556,1.526357,3.339778,0.220178,-0.160066,-0.210289,-0.094640,-0.011672,-0.054925,-0.978260,1.196400
23.494064,-1.758594,-2.590003,-1.542050,-0.408051,-1.221224,-0.983197,0.540257,-0.033744,-0.883742,-0.248406,-0.150261,-0.675336,-0.416583,0.056333,-0.422852,0.252067,0.256141,-1.706573,1.526298,3.338819,0.221388,-0.160722,-0.212810,-0.095201,-0.013442,-0.055249,-0.971760,1.198529
23.494991,-1.757767,-2.592087,-1.539726,-0.412001,-1.219270,-0.976565,0.541666,-0.008921,-0.866719,-0.229153,-0.153245,-0.676946,-0.420638,0.056035,-0.423006,0.251845,0.256042,-1.706580,1.526240,3.337865,0.222566,-0.158442,-0.215673,-0.096569,-0.011402,-0.055900,-0.967881,1.194432
23.496103,-1.758444,-2.591615,-1.541155,-0.415914,-1.219130,-0.968385,0.541929,0.011826,-0.833611,-0.213598,-0.161793,-0.678064,-0.425894,0.055653,-0.423169,0.251629,0.255940,-1.706585,1.526177,3.336872,0.223763,-0.159415,-0.214701,-0.098279,-0.009015,-0.058473,-0.975223,1.192406
23.497037,-1.759756,-2.587812,-1.540139,-0.416241,-1.219149,-0.960845,0.542324,0.029602,-0.788986,-0.200771,-0.175965,-0.678529,-0.432151,0.055227,-0.423329,0.251412,0.255839,-1.706588,1.526118,3.335854,0.224970,-0.160124,-0.215593,-0.098458,-0.007056,-0.059489,-0.985192,1.193761
23.497968,-1.761168,-2.583641,-1.537837,-0.416357,-1.219900,-0.959350,0.540301,0.044698,-0.737720,-0.190336,-0.194447,-0.678347,-0.438944,0.054808,-0.423488,0.251189,0.255738,-1.706597,1.526057,3.334853,0.226176,-0.160044,-0.217542,-0.099537,-0.008245,-0.060100,-0.993310,1.193740
23.499048,-1.764573,-2.580877,-1.538135,-0.416552,-1.223257,-0.964614,0.539517,0.056417,-0.681753,-0.182768,-0.215759,-0.677595,-0.445909,0.054422,-0.423650,0.250967,0.255632,-1.706609,1.525996,3.333851,0.227378,-0.159882,-0.219674,-0.101202,-0.009543,-0.059970,-0.995316,1.198609
23.499993,-1.764199,-2.580107,-1.539143,-0.416689,-1.225552,-0.968265,0.539085,0.064912,-0.622522,-0.177763,-0.238165,-0.676465,-0.452960,0.054096,-0.423806,0.250738,0.255529,-1.706622,1.525941,3.332875,0.228592,-0.159185,-0.221456,-0.101855,-0.010987,-0.057479,-0.991775,1.201782
23.501027,-1.762799,-2.587633,-1.538260,-0.417840,-1.225163,-0.962737,0.537544,0.070317,-0.562717,-0.174993,-0.259529,-0.675243,-0.460201,0.053812,-0.423969,0.250510,0.255427,-1.706636,1.525891,3.331884,0.229788,-0.159962,-0.221841,-0.101919,-0.012245,-0.055949,-0.988876,1.203521
23.502016,-1.760114,-2.586809,-1.536620,-0.423572,-1.225722,-0.949835,0.538585,0.074874,-0.511117,-0.172300,-0.275732,-0.674467,-0.467608,0.053527,-0.424132,0.250298,0.255323,-1.706650,1.525833,3.330862,0.231008,-0.161473,-0.218506,-0.103092,-0.012632,-0.057165,-0.995675,1.207950
23.502979,-1.759890,-2.590356,-1.534641,-0.425734,-1.224447,-0.938749,0.538409,0.083066,-0.475380,-0.165835,-0.284786,-0.674446,-0.474950,0.053189,-0.424299,0.250077,0.255214,-1.706652,1.525772,3.329829,0.232201,-0.163462,-0.219178,-0.104494,-0.008611,-0.057309,-1.009447,1.206977
23.504008,-1.767106,-2.588277,-1.536071,-0.427336,-1.225632,-0.937996,0.536586,0.097653,-0.454281,-0.153512,-0.289408,-0.674942,-0.481814,0.052750,-0.424465,0.249865,0.255102,-1.706657,1.525711,3.328785,0.233411,-0.164142,-0.217645,-0.105982,-0.008096,-0.059268,-1.021061,1.208289
23.504981,-1.766444,-2.588295,-1.539159,-0.426068,-1.224814,-0.947045,0.533958,0.114628,-0.444463,-0.138901,-0.291553,-0.675651,-0.487394,0.052252,-0.424620,0.249639,0.254997,-1.706666,1.525653,3.327767,0.234644,-0.161387,-0.219002,-0.105944,-0.008167,-0.058852,-1.022888,1.213218
23.505960,-1.769633,-2.582631,-1.542293,-0.424714,-1.223458,-0.961435,0.533499,0.126579,-0.442721,-0.128253,-0.291235,-0.676455,-0.490956,0.051802,-0.424784,0.249418,0.254895,-1.706680,1.525590,3.326763,0.235863,-0.162389,-0.219161,-0.105021,-0.010895,-0.060358,-1.014598,1.219449
23.507033,-1.774851,-2.586287,-1.545595,-0.428048,-1.223665,-0.968163,0.533910,0.130450,-0.444468,-0.124122,-0.288667,-0.677368,-0.492521,0.051446,-0.424943,0.249191,0.254794,-1.706699,1.525524,3.325771,0.237091,-0.161485,-0.222150,-0.104112,-0.013582,-0.062362,-1.001127,1.221283
23.508097,-1.774872,-2.590235,-1.546808,-0.433572,-1.224112,-0.965737,0.536465,0.124517,-0.445349,-0.128063,-0.284881,-0.678276,-0.492436,0.051125,-0.425100,0.248970,0.254690,-1.706706,1.525461,3.324789,0.238323,-0.159848,-0.220745,-0.103256,-0.011973,-0.062940,-0.996177,1.221958
23.509021,-1.779411,-2.594107,-1.547557,-0.439420,-1.221110,-0.960911,0.535206,0.108393,-0.445375,-0.140574,-0.281014,-0.678958,-0.490865,0.050760,-0.425266,0.248749,0.254586,-1.706706,1.525399,3.323779,0.239523,-0.160721,-0.219223,-0.103428,-0.008361,-0.063286,-1.000162,1.218394
23.509975,-1.781404,-2.591161,-1.545962,-0.442187,-1.218637,-0.958409,0.536649,0.084584,-0.446931,-0.159705,-0.278393,-0.679188,-0.487870,0.050347,-0.425420,0.248539,0.254480,-1.706703,1.525323,3.322755,0.240752,-0.159046,-0.217447,-0.103544,-0.004273,-0.066790,-1.005396,1.221605
23.511094,-1.784731,-2.590273,-1.543566,-0.442722,-1.218554,-0.969441,0.537791,0.054712,-0.448528,-0.184289,-0.279315,-0.678625,-0.483556,0.049943,-0.425578,0.248317,0.254372,-1.706704,1.525247,3.321749,0.241953,-0.158714,-0.219068,-0.104877,-0.003238,-0.069770,-1.008585,1.219589
23.512119,-1.786095,-2.587589,-1.544843,-0.440980,-1.220178,-0.979001,0.537746,-0.008607,-0.440496,-0.237626,-0.294279,-0.675092,-0.473096,0.049375,-0.425893,0.247870,0.254153,-1.706726,1.525110,3.319794,0.244405,-0.158319,-0.221742,-0.106881,-0.007880,-0.069671,-0.991315,1.220486
23.513069,-1.787106,-2.583442,-1.546511,-0.440565,-1.221778,-0.979750,0.538634,-0.008607,-0.440496,-0.237626,-0.294279,-0.675092,-0.473096,0.049375,-0.425893,0.247870,0.254153,-1.706726,1.525110,3.319794,0.244405,-0.158319,-0.221742,-0.106881,-0.007880,-0.069671,-0.991315,1.220486
23.513989,-1.787248,-2.588194,-1.548596,-0.443255,-1.219828,-0.978692,0.538626,-0.036768,-0.431691,-0.261621,-0.303891,-0.672855,-0.468162,0.049284,-0.426053,0.247640,0.254043,-1.706738,1.525044,3.318798,0.245602,-0.158440,-0.223824,-0.106533,-0.009714,-0.068680,-0.991395,1.219600
23.514919,-1.788327,-2.594298,-1.549347,-0.446809,-1.218459,-0.965887,0.538759,-0.063918,-0.422679,-0.284827,-0.312150,-0.670647,-0.463726,0.049290,-0.426213,0.247426,0.253935,-1.706743,1.524965,3.317794,0.246822,-0.158905,-0.221508,-0.105944,-0.008550,-0.071094,-0.992949,1.220268
23.516007,-1.786186,-2.597971,-1.546561,-0.451109,-1.218685,-0.959990,0.539500,-0.091312,-0.421132,-0.308204,-0.316573,-0.668675,-0.459470,0.049349,-0.426372,0.247213,0.253828,-1.706746,1.524890,3.316774,0.248027,-0.158935,-0.218599,-0.106061,-0.006604,-0.072952,-1.006330,1.220764
23.517001,-1.782244,-2.599081,-1.546900,-0.453123,-1.216989,-0.955774,0.537128,-0.116673,-0.433581,-0.329797,-0.315834,-0.667125,-0.455035,0.049434,-0.426540,0.247001,0.253717,-1.706745,1.524814,3.315737,0.249249,-0.161031,-0.217520,-0.108295,-0.004365,-0.073449,-1.013904,1.221126
23.518003,-1.787408,-2.597184,-1.547385,-0.453727,-1.217675,-0.959496,0.537650,-0.133279,-0.459083,-0.344047,-0.311522,-0.666101,-0.450525,0.049549,-0.426707,0.246787,0.253607,-1.706749,1.524730,3.314717,0.250490,-0.163853,-0.217515,-0.108812,-0.004242,-0.075752,-1.019503,1.227322
23.519090,-1.790386,-2.597176,-1.548818,-0.453327,-1.219931,-0.966382,0.537952,-0.139312,-0.492111,-0.349598,-0.305712,-0.665579,-0.446012,0.049678,-0.426868,0.246565,0.253496,-1.706755,1.524653,3.313698,0.251705,-0.162180,-0.218953,-0.109291,-0.005455,-0.075702,-1.017175,1.227778
23.520003,-1.792780,-2.598964,-1.552349,-0.453798,-1.219769,-0.964548,0.537303,-0.140656,-0.527290,-0.351517,-0.298935,-0.665505,-0.441353,0.049757,-0.427030,0.246345,0.253388,-1.706767,1.524581,3.312681,0.252938,-0.161885,-0.219719,-0.109499,-0.007707,-0.074271,-1.012398,1.229206
23.520973,-1.791191,-2.596825,-1.550886,-0.455440,-1.217743,-0.963522,0.537233,-0.143379,-0.563760,-0.354865,-0.289798,-0.665987,-0.436453,0.049758,-0.427189,0.246127,0.253282,-1.706777,1.524504,3.311672,0.254167,-0.161397,-0.219049,-0.108322,-0.008774,-0.074989,-1.015165,1.231442
23.521988,-1.788720,-2.600946,-1.552904,-0.459293,-1.215234,-0.954686,0.537892,-0.149037,-0.601671,-0.360921,-0.277869,-0.667073,-0.431483,0.049697,-0.427356,0.245904,0.253169,-1.706788,1.524420,3.310643,0.255408,-0.162992,-0.220500,-0.109704,-0.008766,-0.077581,-1.017354,1.232814
23.523009,-1.789130,-2.598091,-1.548350,-0.462251,-1.214216,-0.953046,0.535670,-0.153805,-0.639202,-0.366508,-0.265110,-0.668594,-0.426903,0.049565,-0.427524,0.245687,0.253061,-1.706790,1.524331,3.309589,0.256646,-0.165139,-0.218981,-0.109467,-0.006822,-0.080661,-1.027635,1.233029
23.524052,-1.795059,-2.596083,-1.548239,-0.461641,-1.214895,-0.953972,0.536449,-0.152709,-0.674284,-0.367486,-0.253998,-0.670270,-0.423049,0.049356,-0.427692,0.245459,0.252944,-1.706795,1.524250,3.308552,0.257879,-0.165834,-0.220903,-0.112465,-0.005762,-0.082304,-1.030711,1.239129
23.525091,-1.792171,-2.590721,-1.552614,-0.458761,-1.217508,-0.961770,0.534992,-0.145311,-0.703370,-0.363468,-0.246233,-0.671822,-0.419980,0.049096,-0.427853,0.245238,0.252833,-1.706809,1.524165,3.307516,0.259118,-0.163905,-0.222510,-0.113294,-0.008110,-0.082257,-1.031445,1.239234
23.526024,-1.795293,-2.591174,-1.551875,-0.457675,-1.220312,-0.974106,0.536177,-0.124889,-0.738841,-0.350871,-0.234708,-0.674783,-0.415832,0.048587,-0.428186,0.244775,0.252607,-1.706850,1.524014,3.305519,0.261601,-0.165464,-0.225568,-0.112805,-0.014969,-0.078128,-1.014143,1.242452
23.527011,-1.798308,-2.590805,-1.549534,-0.459977,-1.220862,-0.973378,0.535476,-0.124889,-0.738841,-0.350871,-0.234708,-0.674783,-0.415832,0.048587,-0.428186,0.244775,0.252607,-1.706850,1.524014,3.305519,0.261601,-0.165464,-0.225568,-0.112805,-0.014969,-0.078128,-1.014143,1.242452
23.528004,-1.795762,-2.593658,-1.551940,-0.462660,-1.220939,-0.973048,0.536365,-0.100939,-0.762176,-0.334416,-0.214274,-0.678943,-0.415107,0.048281,-0.428519,0.244323,0.252377,-1.706873,1.523852,3.303478,0.264080,-0.166953,-0.225093,-0.114054,-0.013267,-0.078741,-1.018075,1.244840
23.528992,-1.796899,-2.593027,-1.549660,-0.466501,-1.220870,-0.968370,0.537658,-0.100939,-0.762176,-0.334416,-0.214274,-0.678943,-0.415107,0.048281,-0.428519,0.244323,0.252377,-1.706873,1.523852,3.303478,0.264080,-0.166953,-0.225093,-0.114054,-0.013267,-0.078741,-1.018075,1.244840
23.529967,-1.796585,-2.597086,-1.548010,-0.469860,-1.220712,-0.967384,0.536572,-0.085364,-0.773849,-0.322789,-0.202120,-0.681337,-0.416084,0.048172,-0.428689,0.244098,0.252260,-1.706881,1.523771,3.302437,0.265322,-0.167166,-0.225823,-0.115836,-0.011166,-0.079417,-1.024036,1.243603
23.530981,-1.798684,-2.594626,-1.550347,-0.469450,-1.220969,-0.974313,0.535850,-0.065293,-0.785768,-0.307216,-0.190962,-0.683760,-0.417711,0.048073,-0.428858,0.243875,0.252140,-1.706889,1.523687,3.301416,0.266585,-0.168110,-0.224145,-0.117208,-0.009519,-0.080132,-1.026241,1.247010
23.531949,-1.798396,-2.587556,-1.554035,-0.468043,-1.221897,-0.979661,0.535600,-0.041262,-0.798908,-0.288131,-0.180738,-0.686245,-0.419635,0.048000,-0.429027,0.243643,0.252024,-1.706906,1.523606,3.300406,0.267826,-0.167922,-0.225796,-0.116703,-0.011553,-0.080505,-1.020853,1.249974
23.533122,-1.798439,-2.587227,-1.552145,-0.467227,-1.221228,-0.988025,0.534708,-0.017337,-0.810017,-0.268966,-0.171544,-0.688788,-0.421733,0.047936,-0.429199,0.243407,0.251911,-1.706926,1.523525,3.299393,0.269082,-0.168803,-0.229545,-0.115477,-0.014376,-0.080152,-1.016770,1.251634
23.533925,-1.797280,-2.586220,-1.552194,-0.467608,-1.221645,-0.981486,0.535662,0.005004,-0.814462,-0.251015,-0.164016,-0.691387,-0.424349,0.047841,-0.429373,0.243172,0.251788,-1.706947,1.523440,3.298401,0.270333,-0.170066,-0.230539,-0.117383,-0.016995,-0.081660,-1.011323,1.255948
23.535038,-1.800558,-2.585912,-1.549623,-0.470793,-1.218862,-0.976731,0.535663,0.028398,-0.814580,-0.231993,-0.156839,-0.694223,-0.427852,0.047677,-0.429547,0.242942,0.251672,-1.706966,1.523357,3.297371,0.271589,-0.170859,-0.230775,-0.117594,-0.017709,-0.081545,-1.017880,1.254089
23.535930,-1.798244,-2.583297,-1.551347,-0.475015,-1.215989,-0.967576,0.536501,0.053048,-0.813575,-0.211731,-0.149517,-0.697209,-0.432203,0.047401,-0.429716,0.242709,0.251549,-1.706982,1.523265,3.296337,0.272862,-0.170377,-0.231627,-0.119706,-0.016301,-0.085041,-1.024868,1.256159
23.536986,-1.799192,-2.588251,-1.549246,-0.473301,-1.216812,-0.966650,0.534628,0.077155,-0.808664,-0.191931,-0.145120,-0.699780,-0.437179,0.047032,-0.429893,0.242471,0.251429,-1.706992,1.523169,3.295282,0.274113,-0.171994,-0.232883,-0.119199,-0.013589,-0.088230,-1.034476,1.255161
23.538023,-1.799192,-2.589795,-1.554681,-0.474487,-1.217806,-0.973314,0.534974,0.100523,-0.800966,-0.172739,-0.143987,-0.701721,-0.442398,0.046678,-0.430065,0.242245,0.251306,-1.707016,1.523081,3.294234,0.275394,-0.172474,-0.230963,-0.120958,-0.016849,-0.088006,-1.037035,1.260603
23.539057,-1.802650,-2.588305,-1.551343,-0.474028,-1.214718,-0.971968,0.535050,0.123009,-0.799264,-0.153942,-0.141034,-0.703471,-0.447390,0.046439,-0.430241,0.242014,0.251191,-1.707034,1.522994,3.293220,0.276653,-0.173348,-0.230683,-0.118943,-0.017241,-0.087619,-1.032068,1.261469
23.540075,-1.797727,-2.588925,-1.552352,-0.475190,-1.216975,-0.971154,0.537922,0.142756,-0.806200,-0.136920,-0.133880,-0.705215,-0.452014,0.046321,-0.430411,0.241782,0.251064,-1.707057,1.522895,3.292177,0.277927,-0.172533,-0.231892,-0.121251,-0.019184,-0.091239,-1.035058,1.262838
23.540969,-1.793338,-2.591581,-1.553002,-0.478426,-1.214380,-0.963500,0.537194,0.160918,-0.818396,-0.120722,-0.123864,-0.706873,-0.456574,0.046270,-0.430591,0.241550,0.250943,-1.707077,1.522809,3.291123,0.279191,-0.175793,-0.231969,-0.121360,-0.019515,-0.089527,-1.037249,1.258497
23.542173,-1.792874,-2.594922,-1.553022,-0.482284,-1.212468,-0.957543,0.539035,0.209319,-0.855367,-0.076783,-0.100650,-0.709946,-0.466268,0.046285,-0.430954,0.241093,0.250694,-1.707105,1.522613,3.288984,0.281714,-0.179876,-0.230049,-0.122336,-0.015831,-0.095109,-1.053982,1.259638
23.542980,-1.792246,-2.591458,-1.553855,-0.482201,-1.210928,-0.954120,0.538430,0.209319,-0.855367,-0.076783,-0.100650,-0.709946,-0.466268,0.046285,-0.430954,0.241093,0.250694,-1.707105,1.522613,3.288984,0.281714,-0.179876,-0.230049,-0.122336,-0.015831,-0.095109,-1.053982,1.259638
23.544025,-1.791256,-2.590880,-1.556796,-0.482129,-1.210394,-0.958011,0.540393,0.269624,-0.897087,-0.021896,-0.083182,-0.711658,-0.473966,0.046425,-0.431323,0.240624,0.250450,-1.707148,1.522407,3.286877,0.284233,-0.181573,-0.232253,-0.121293,-0.018635,-0.097758,-1.054786,1.258687
23.545020,-1.799017,-2.597076,-1.558310,-0.481770,-1.212212,-0.967562,0.541023,0.293233,-0.916828,0.000208,-0.075060,-0.712015,-0.475633,0.046480,-0.431495,0.240404,0.250328,-1.707173,1.522314,3.285843,0.285499,-0.178449,-0.229593,-0.121122,-0.020345,-0.096413,-1.046510,1.258759
23.546095,-1.805077,-2.594759,-1.562381,-0.484079,-1.209812,-0.970281,0.538955,0.293233,-0.916828,0.000208,-0.075060,-0.712015,-0.475633,0.046480,-0.431495,0.240404,0.250328,-1.707173,1.522314,3.285843,0.285499,-0.178449,-0.229593,-0.121122,-0.020345,-0.096413,-1.046510,1.258759
23.547010,-1.803015,-2.595849,-1.563046,-0.488918,-1.209150,-0.975892,0.539782,0.303125,-0.939416,0.010880,-0.063828,-0.712260,-0.475167,0.046539,-0.431667,0.240168,0.250207,-1.707191,1.522207,3.284815,0.286763,-0.176449,-0.231333,-0.119820,-0.019685,-0.099321,-1.045834,1.264777
23.547993,-1.803508,-2.598594,-1.567828,-0.491118,-1.208307,-0.977099,0.539417,0.296537,-0.958993,0.007586,-0.052823,-0.712073,-0.472775,0.046609,-0.431851,0.239939,0.250085,-1.707201,1.522103,3.283775,0.288026,-0.177934,-0.230881,-0.119916,-0.016378,-0.100238,-1.040872,1.263858
23.548998,-1.807912,-2.594963,-1.567248,-0.494377,-1.206724,-0.984945,0.539039,0.278438,-0.971269,-0.005632,-0.045668,-0.711284,-0.469105,0.046650,-0.432030,0.239706,0.249970,-1.707214,1.522001,3.282741,0.289301,-0.178360,-0.229784,-0.118135,-0.015812,-0.101472,-1.040955,1.265808
23.549973,-1.811458,-2.591771,-1.569002,-0.494844,-1.206414,-0.987114,0.539818,0.252180,-0.975584,-0.026042,-0.043394,-0.709904,-0.464592,0.046620,-0.432206,0.239469,0.249846,-1.707227,1.521897,3.281708,0.290564,-0.176914,-0.231927,-0.119021,-0.014203,-0.103453,-1.034460,1.267947
23.550982,-1.813240,-2.594639,-1.571136,-0.494607,-1.205970,-0.990130,0.538896,0.217920,-0.967560,-0.053679,-0.047808,-0.707789,-0.459640,0.046487,-0.432378,0.239233,0.249730,-1.707244,1.521790,3.280673,0.291833,-0.175876,-0.233745,-0.118732,-0.015270,-0.104078,-1.033510,1.267523
23.552012,-1.814042,-2.593650,-1.573591,-0.494515,-1.208298,-0.992169,0.538543,0.176046,-0.948804,-0.088149,-0.057309,-0.705133,-0.454468,0.046261,-0.432553,0.239001,0.249611,-1.707263,1.521681,3.279652,0.293100,-0.175793,-0.232649,-0.118307,-0.017017,-0.104876,-1.032011,1.270797
23.552950,-1.815189,-2.592516,-1.573767,-0.496591,-1.204400,-0.986915,0.538290,0.128420,-0.927922,-0.127613,-0.066924,-0.702489,-0.449164,0.046018,-0.432732,0.238767,0.249493,-1.707284,1.521580,3.278618,0.294381,-0.176214,-0.233580,-0.117767,-0.018621,-0.102983,-1.031575,1.272955
23.554008,-1.816632,-2.597971,-1.579065,-0.498427,-1.204597,-0.985946,0.537381,0.077760,-0.908317,-0.169701,-0.074964,-0.700073,-0.444009,0.045824,-0.432906,0.238530,0.249376,-1.707302,1.521463,3.277564,0.295672,-0.176245,-0.234245,-0.118203,-0.017942,-0.107112,-1.037674,1.274297
23.555015,-1.815637,-2.600438,-1.577230,-0.499906,-1.204666,-0.977226,0.537687,0.025032,-0.891272,-0.213669,-0.081492,-0.697795,-0.439061,0.045706,-0.433083,0.238302,0.249262,-1.707318,1.521355,3.276522,0.296947,-0.176444,-0.232062,-0.116328,-0.017803,-0.107308,-1.040372,1.277808
23.556050,-1.817889,-2.603586,-1.578840,-0.503550,-1.203815,-0.977519,0.537768,-0.028289,-0.882350,-0.258269,-0.084492,-0.695787,-0.434099,0.045674,-0.433260,0.238072,0.249142,-1.707335,1.521246,3.275449,0.298233,-0.177717,-0.231228,-0.117903,-0.017892,-0.107596,-1.050346,1.278467
23.556934,-1.821249,-2.604755,-1.575560,-0.505438,-1.204249,-0.976028,0.538877,-0.124761,-0.895552,-0.339385,-0.079018,-0.693003,-0.423708,0.045785,-0.433612,0.237614,0.248899,-1.707363,1.521024,3.273339,0.300779,-0.176172,-0.229585,-0.119759,-0.015426,-0.108532,-1.053333,1.278160
23.558075,-1.823334,-2.607772,-1.581466,-0.505749,-1.202507,-0.976794,0.538985,-0.168374,-0.913834,-0.376284,-0.072406,-0.692174,-0.418142,0.045849,-0.433788,0.237389,0.248790,-1.707383,1.520906,3.272270,0.302068,-0.176315,-0.228943,-0.117788,-0.016899,-0.110753,-1.054797,1.280128
23.559050,-1.820692,-2.607116,-1.585201,-0.508042,-1.201460,-0.978165,0.540524,-0.168374,-0.913834,-0.376284,-0.072406,-0.692174,-0.418142,0.045849,-0.433788,0.237389,0.248790,-1.707383,1.520906,3.272270,0.302068,-0.176315,-0.228943,-0.117788,-0.016899,-0.110753,-1.054797,1.280128
23.559981,-1.817275,-2.607539,-1.583260,-0.507325,-1.200084,-0.973955,0.539331,-0.211286,-0.937488,-0.412672,-0.063484,-0.691740,-0.412332,0.045859,-0.433971,0.237159,0.248675,-1.707397,1.520791,3.271223,0.303332,-0.178259,-0.229578,-0.116549,-0.016172,-0.112032,-1.054504,1.278197
23.561048,-1.818821,-2.602247,-1.585384,-0.511071,-1.199218,-0.975182,0.542301,-0.250305,-0.963592,-0.445894,-0.053440,-0.691736,-0.406739,0.045765,-0.434156,0.236934,0.248556,-1.707419,1.520672,3.270153,0.304615,-0.180415,-0.229574,-0.118024,-0.018207,-0.113549,-1.059395,1.281458
23.562012,-1.817426,-2.601274,-1.586163,-0.513448,-1.196455,-0.972815,0.543111,-0.281038,-0.987050,-0.472389,-0.044756,-0.692067,-0.401945,0.045526,-0.434336,0.236694,0.248440,-1.707430,1.520554,3.269098,0.305893,-0.180530,-0.232714,-0.117734,-0.016240,-0.114767,-1.059873,1.277158
23.562939,-1.815345,-2.601540,-1.590992,-0.514126,-1.193540,-0.977617,0.541013,-0.303977,-0.999318,-0.492792,-0.041780,-0.692274,-0.398251,0.045153,-0.434520,0.236457,0.248322,-1.707445,1.520432,3.268026,0.307157,-0.181797,-0.233348,-0.117912,-0.015400,-0.117708,-1.063142,1.276695
23.564133,-1.819517,-2.602471,-1.594330,-0.514669,-1.192874,-0.984226,0.540680,-0.321034,-0.998422,-0.508710,-0.045469,-0.692163,-0.395562,0.044763,-0.434706,0.236226,0.248210,-1.707463,1.520305,3.266962,0.308457,-0.183277,-0.233341,-0.116031,-0.016129,-0.120673,-1.058899,1.281675
23.564946,-1.817109,-2.602422,-1.596938,-0.515822,-1.193248,-0.988031,0.543002,-0.335137,-0.989482,-0.522406,-0.052432,-0.691940,-0.393539,0.044480,-0.434887,0.235990,0.248097,-1.707485,1.520181,3.265929,0.309740,-0.182428,-0.233785,-0.115459,-0.017415,-0.121788,-1.055135,1.284833
23.566008,-1.815963,-2.606197,-1.602383,-0.518435,-1.190563,-0.992294,0.542343,-0.349369,-0.976792,-0.536269,-0.059570,-0.691785,-0.391946,0.044281,-0.435075,0.235758,0.247983,-1.707503,1.520062,3.264880,0.311022,-0.183730,-0.233562,-0.114453,-0.017409,-0.121370,-1.051194,1.280188
23.567007,-1.810470,-2.609821,-1.601166,-0.521477,-1.186700,-0.991109,0.539739,-0.363905,-0.963873,-0.550231,-0.065149,-0.691837,-0.390772,0.044092,-0.435260,0.235528,0.247876,-1.707517,1.519929,3.263845,0.312327,-0.185129,-0.232229,-0.112607,-0.016518,-0.124279,-1.048779,1.283158
23.567945,-1.809382,-2.611634,-1.602443,-0.523714,-1.183916,-0.994751,0.539678,-0.375071,-0.954436,-0.561027,-0.068456,-0.692250,-0.390163,0.043932,-0.435458,0.235300,0.247760,-1.707530,1.519793,3.262790,0.313625,-0.188393,-0.230805,-0.113898,-0.015124,-0.128225,-1.051249,1.289602
23.568998,-1.802809,-2.608339,-1.604384,-0.523555,-1.180908,-0.995552,0.541153,-0.377475,-0.950691,-0.564057,-0.069687,-0.693117,-0.390365,0.043830,-0.435649,0.235074,0.247647,-1.707543,1.519655,3.261738,0.314927,-0.189321,-0.230128,-0.113809,-0.014414,-0.130954,-1.048342,1.290463
23.570046,-1.811665,-2.610075,-1.603801,-0.524076,-1.178874,-1.002584,0.539576,-0.368625,-0.950649,-0.557304,-0.070006,-0.694361,-0.391640,0.043743,-0.435851,0.234835,0.247534,-1.707563,1.519514,3.260700,0.316205,-0.193238,-0.232229,-0.113635,-0.016185,-0.134070,-1.049322,1.289117
23.570938,-1.808226,-2.607201,-1.602451,-0.526418,-1.177719,-1.000030,0.540344,-0.351502,-0.951036,-0.543409,-0.070066,-0.695813,-0.394007,0.043650,-0.436035,0.234603,0.247415,-1.707581,1.519375,3.259655,0.317513,-0.189527,-0.231828,-0.114661,-0.017278,-0.136199,-1.043898,1.293808
23.572084,-1.808351,-2.602729,-1.604897,-0.525783,-1.173841,-0.996937,0.541853,-0.331863,-0.949934,-0.527288,-0.070104,-0.697249,-0.397244,0.043560,-0.436230,0.234366,0.247298,-1.707595,1.519233,3.258598,0.318811,-0.191533,-0.233241,-0.115763,-0.016330,-0.137200,-1.046951,1.292735
23.572962,-1.803360,-2.602646,-1.604977,-0.526121,-1.169127,-0.990988,0.541653,-0.311778,-0.943413,-0.510712,-0.072046,-0.698379,-0.401331,0.043467,-0.436426,0.234125,0.247184,-1.707619,1.519082,3.257545,0.320093,-0.192401,-0.236185,-0.115500,-0.018673,-0.141238,-1.052425,1.291921
23.573974,-1.807271,-2.599680,-1.604237,-0.527933,-1.166043,-0.987063,0.542638,-0.269117,-0.910543,-0.475112,-0.083269,-0.699295,-0.411836,0.043381,-0.436817,0.233648,0.246948,-1.707659,1.518775,3.255414,0.322689,-0.193653,-0.237889,-0.116887,-0.019230,-0.148663,-1.063828,1.292067
23.575077,-1.808786,-2.598116,-1.607305,-0.529040,-1.165278,-0.990900,0.543989,-0.269117,-0.910543,-0.475112,-0.083269,-0.699295,-0.411836,0.043381,-0.436817,0.233648,0.246948,-1.707659,1.518775,3.255414,0.322689,-0.193653,-0.237889,-0.116887,-0.019230,-0.148663,-1.063828,1.292067
23.576077,-1.807670,-2.600398,-1.610703,-0.529687,-1.163893,-0.987118,0.546506,-0.250727,-0.885466,-0.459620,-0.092029,-0.698869,-0.417727,0.043422,-0.437012,0.233404,0.246833,-1.707680,1.518624,3.254351,0.323962,-0.193735,-0.239194,-0.116214,-0.019785,-0.149465,-1.061890,1.291330
23.576944,-1.802175,-2.594442,-1.613283,-0.531837,-1.160679,-0.985879,0.542080,-0.238776,-0.856120,-0.449387,-0.101868,-0.697860,-0.423713,0.043510,-0.437208,0.233168,0.246720,-1.707700,1.518466,3.253264,0.325247,-0.194832,-0.238317,-0.115203,-0.020622,-0.150706,-1.066784,1.287524
23.578056,-1.801988,-2.596367,-1.609675,-0.530691,-1.155406,-0.980438,0.543064,-0.232060,-0.825317,-0.443310,-0.111702,-0.696512,-0.429772,0.043696,-0.437410,0.232919,0.246608,-1.707718,1.518301,3.252191,0.326543,-0.197654,-0.241067,-0.114338,-0.019730,-0.153529,-1.068116,1.296870
23.579083,-1.800373,-2.590565,-1.615167,-0.531754,-1.155331,-0.974369,0.543731,-0.225770,-0.793267,-0.437335,-0.122052,-0.694997,-0.436106,0.044019,-0.437613,0.232680,0.246486,-1.707747,1.518128,3.251098,0.327843,-0.198486,-0.240681,-0.116987,-0.022393,-0.158682,-1.075482,1.296726
23.579990,-1.804842,-2.587042,-1.613074,-0.531030,-1.151651,-0.969606,0.543791,-0.217443,-0.761361,-0.429372,-0.132295,-0.693495,-0.442552,0.044408,-0.437814,0.232428,0.246376,-1.707771,1.517966,3.250008,0.329144,-0.199842,-0.243811,-0.114986,-0.022740,-0.158558,-1.082793,1.296763
23.581005,-1.803838,-2.585886,-1.612721,-0.532595,-1.144366,-0.969841,0.541400,-0.211023,-0.728127,-0.422871,-0.142669,-0.691933,-0.448460,0.044752,-0.438010,0.232179,0.246257,-1.707800,1.517796,3.248911,0.330433,-0.197825,-0.245401,-0.116493,-0.024569,-0.161873,-1.087817,1.297297
23.582068,-1.809193,-2.583275,-1.618080,-0.534236,-1.140428,-0.978634,0.543630,-0.209505,-0.692094,-0.420473,-0.153795,-0.690208,-0.453223,0.045022,-0.438209,0.231932,0.246138,-1.707823,1.517612,3.247812,0.331751,-0.198889,-0.246191,-0.117317,-0.024406,-0.168807,-1.088632,1.303357
23.582990,-1.805265,-2.583387,-1.620309,-0.536134,-1.137680,-0.979538,0.544741,-0.213846,-0.652991,-0.423023,-0.166206,-0.688236,-0.456488,0.045217,-0.438404,0.231682,0.246026,-1.707849,1.517432,3.246757,0.333040,-0.196894,-0.247823,-0.115435,-0.024227,-0.172432,-1.081481,1.300457
23.584023,-1.810923,-2.580546,-1.622704,-0.537312,-1.134363,-0.985281,0.546072,-0.225642,-0.610280,-0.431926,-0.180578,-0.685906,-0.458116,0.045330,-0.438609,0.231435,0.245911,-1.707874,1.517256,3.245673,0.334348,-0.199089,-0.247680,-0.114838,-0.023543,-0.174724,-1.081118,1.298916
23.584980,-1.812606,-2.583128,-1.624024,-0.537474,-1.132805,-0.987482,0.544435,-0.244401,-0.565639,-0.446824,-0.196513,-0.683298,-0.458183,0.045386,-0.438800,0.231180,0.245799,-1.707897,1.517073,3.244592,0.335662,-0.196892,-0.249291,-0.114419,-0.023830,-0.177697,-1.076670,1.297609
23.585948,-1.812212,-2.576286,-1.629371,-0.538848,-1.133438,-0.993937,0.544221,-0.303572,-0.484669,-0.495319,-0.226278,-0.677870,-0.453896,0.045464,-0.439192,0.230676,0.245577,-1.707950,1.516713,3.242454,0.338284,-0.197097,-0.251411,-0.112350,-0.024810,-0.177735,-1.069759,1.303178
23.587093,-1.815907,-2.572336,-1.627200,-0.539604,-1.132124,-0.994695,0.545348,-0.303572,-0.484669,-0.495319,-0.226278,-0.677870,-0.453896,0.045464,-0.439192,0.230676,0.245577,-1.707950,1.516713,3.242454,0.338284,-0.197097,-0.251411,-0.112350,-0.024810,-0.177735,-1.069759,1.303178
23.588020,-1.814415,-2.565926,-1.636344,-0.537150,-1.128347,-0.994728,0.541520,-0.341850,-0.445831,-0.527155,-0.241285,-0.674973,-0.450226,0.045491,-0.439387,0.230417,0.245458,-1.707979,1.516533,3.241391,0.339579,-0.196184,-0.253854,-0.114385,-0.025609,-0.178910,-1.071357,1.303051
23.588964,-1.814518,-2.567617,-1.635203,-0.538398,-1.126915,-0.993413,0.542479,-0.384455,-0.402113,-0.562917,-0.258979,-0.671706,-0.446152,0.045536,-0.439588,0.230154,0.245351,-1.708014,1.516345,3.240314,0.340915,-0.197199,-0.256806,-0.110374,-0.029071,-0.182149,-1.071869,1.311377
23.590043,-1.815123,-2.568960,-1.635644,-0.540214,-1.128167,-0.989306,0.542783,-0.431588,-0.357035,-0.602737,-0.277239,-0.668183,-0.441764,0.045613,-0.439784,0.229901,0.245238,-1.708042,1.516158,3.239231,0.342258,-0.197510,-0.255844,-0.111571,-0.028948,-0.183040,-1.073851,1.310036
23.591012,-1.814318,-2.577152,-1.637197,-0.542464,-1.125894,-0.984776,0.543135,-0.479586,-0.318359,-0.643398,-0.292974,-0.664724,-0.437170,0.045650,-0.439983,0.229646,0.245124,-1.708072,1.515976,3.238152,0.343541,-0.197915,-0.255498,-0.112185,-0.028534,-0.181492,-1.079699,1.311226
23.591940,-1.811840,-2.582343,-1.639575,-0.544612,-1.125061,-0.977541,0.540933,-0.524001,-0.295226,-0.680980,-0.302977,-0.661737,-0.432348,0.045591,-0.440182,0.229405,0.245014,-1.708096,1.515792,3.237054,0.344858,-0.198714,-0.251508,-0.112066,-0.027608,-0.183335,-1.084968,1.311446
23.593079,-1.812927,-2.582478,-1.640771,-0.545775,-1.125937,-0.981036,0.540407,-0.562982,-0.296737,-0.713769,-0.303815,-0.659625,-0.426983,0.045462,-0.440384,0.229159,0.244902,-1.708120,1.515605,3.235959,0.346185,-0.200208,-0.248878,-0.111431,-0.026693,-0.183618,-1.092688,1.316531
23.593953,-1.811185,-2.587770,-1.641781,-0.544961,-1.124253,-0.978913,0.538970,-0.595649,-0.323936,-0.741033,-0.295206,-0.658544,-0.421012,0.045317,-0.440585,0.228909,0.244790,-1.708149,1.515426,3.234861,0.347497,-0.200516,-0.249407,-0.111825,-0.027089,-0.182565,-1.091136,1.319604
23.594953,-1.814007,-2.588421,-1.644101,-0.547102,-1.122858,-0.981902,0.539422,-0.621545,-0.372402,-0.762455,-0.278479,-0.658528,-0.414699,0.045194,-0.440785,0.228671,0.244680,-1.708181,1.515239,3.233756,0.348829,-0.201496,-0.246598,-0.111779,-0.028845,-0.183653,-1.093283,1.322744
23.596033,-1.817988,-2.588118,-1.641869,-0.547242,-1.121148,-0.978692,0.538969,-0.642029,-0.439317,-0.779226,-0.254095,-0.659597,-0.408180,0.045097,-0.440982,0.228423,0.244569,-1.708206,1.515050,3.232666,0.350162,-0.200572,-0.246459,-0.111334,-0.028044,-0.184584,-1.091286,1.322878
23.596968,-1.820649,-2.585382,-1.641439,-0.549695,-1.120335,-0.973482,0.538749,-0.660287,-0.517625,-0.794230,-0.224911,-0.661444,-0.401601,0.045015,-0.441178,0.228179,0.244451,-1.708238,1.514859,3.231556,0.351489,-0.199338,-0.247072,-0.113272,-0.029283,-0.185939,-1.096083,1.325416
23.597999,-1.822023,-2.584611,-1.642155,-0.548311,-1.119185,-0.970311,0.539051,-0.678465,-0.597083,-0.809523,-0.195538,-0.663587,-0.395213,0.044944,-0.441371,0.227926,0.244337,-1.708263,1.514671,3.230432,0.352828,-0.198372,-0.248331,-0.114017,-0.028019,-0.186192,-1.101638,1.326464
23.599021,-1.823822,-2.587710,-1.643172,-0.550083,-1.115798,-0.972785,0.537693,-0.697454,-0.670955,-0.825924,-0.168788,-0.665684,-0.389127,0.044893,-0.441571,0.227675,0.244222,-1.708300,1.514484,3.229330,0.354151,-0.198263,-0.248924,-0.114390,-0.030594,-0.186949,-1.105992,1.327164
23.600006,-1.821583,-2.584477,-1.646044,-0.550881,-1.117031,-0.979393,0.539836,-0.717153,-0.739063,-0.843179,-0.144093,-0.667675,-0.383289,0.044883,-0.441766,0.227431,0.244109,-1.708330,1.514288,3.228224,0.355494,-0.197961,-0.247626,-0.114618,-0.030065,-0.189869,-1.104568,1.331082
23.601062,-1.825207,-2.583418,-1.645208,-0.551761,-1.120627,-0.982431,0.539990,-0.735685,-0.801544,-0.859509,-0.121043,-0.669477,-0.377845,0.044923,-0.441968,0.227179,0.243997,-1.708363,1.514104,3.227151,0.356807,-0.199493,-0.249338,-0.113838,-0.030424,-0.188154,-1.098930,1.327773
23.602024,-1.819373,-2.586047,-1.646348,-0.554657,-1.119208,-0.988992,0.540415,-0.750945,-0.854439,-0.873091,-0.101141,-0.670860,-0.373224,0.045011,-0.442167,0.226926,0.243879,-1.708393,1.513930,3.226059,0.358142,-0.198310,-0.250126,-0.115026,-0.030884,-0.184312,-1.097384,1.328933
23.603008,-1.820571,-2.587771,-1.648889,-0.557096,-1.116634,-0.988820,0.539914,-0.759874,-0.896760,-0.881294,-0.084777,-0.671794,-0.369868,0.045195,-0.442373,0.226681,0.243764,-1.708419,1.513739,3.224969,0.359485,-0.201557,-0.248861,-0.115035,-0.029225,-0.185244,-1.091520,1.328852
23.604096,-1.822464,-2.588494,-1.648520,-0.558739,-1.117315,-0.994991,0.540394,-0.759736,-0.931376,-0.881731,-0.071358,-0.672361,-0.368031,0.045537,-0.442576,0.226435,0.243649,-1.708445,1.513547,3.223884,0.360807,-0.201317,-0.248131,-0.114390,-0.028088,-0.187314,-1.092703,1.330886
23.604978,-1.825853,-2.584263,-1.647474,-0.560104,-1.120358,-0.992350,0.540666,-0.752421,-0.960132,-0.876040,-0.060374,-0.672536,-0.367645,0.046017,-0.442773,0.226188,0.243531,-1.708474,1.513366,3.222792,0.362144,-0.201131,-0.248223,-0.115408,-0.027907,-0.186353,-1.088165,1.331525
23.605961,-1.827274,-2.580900,-1.647381,-0.561129,-1.119277,-0.993467,0.542476,-0.741770,-0.981544,-0.867594,-0.052095,-0.672272,-0.368578,0.046536,-0.442971,0.225934,0.243412,-1.708501,1.513192,3.221705,0.363478,-0.199578,-0.250066,-0.116300,-0.027618,-0.182804,-1.091033,1.331280
23.606972,-1.825435,-2.575263,-1.645491,-0.561483,-1.117113,-0.992474,0.542762,-0.730967,-0.991660,-0.859213,-0.047891,-0.671543,-0.370718,0.047005,-0.443169,0.225677,0.243291,-1.708528,1.513010,3.220610,0.364793,-0.199334,-0.251732,-0.116908,-0.027884,-0.183514,-1.090763,1.328671
23.607988,-1.819852,-2.573335,-1.648022,-0.559885,-1.115255,-0.990597,0.543517,-0.719885,-0.986844,-0.850821,-0.049299,-0.670404,-0.374114,0.047438,-0.443372,0.225419,0.243170,-1.708560,1.512825,3.219508,0.366130,-0.200732,-0.254643,-0.118478,-0.028740,-0.185279,-1.092825,1.329254
23.609116,-1.821339,-2.574370,-1.645385,-0.564262,-1.113380,-0.985902,0.545276,-0.704246,-0.967530,-0.838668,-0.055955,-0.669124,-0.378959,0.047892,-0.443584,0.225162,0.243053,-1.708597,1.512633,3.218415,0.367444,-0.203921,-0.255678,-0.117869,-0.031459,-0.186675,-1.095845,1.328980
23.610088,-1.819332,-2.567483,-1.646099,-0.564026,-1.110737,-0.982425,0.543311,-0.681026,-0.938633,-0.820068,-0.065809,-0.667996,-0.385108,0.048358,-0.443790,0.224909,0.242928,-1.708619,1.512442,3.217302,0.368774,-0.203913,-0.255638,-0.120023,-0.028714,-0.188256,-1.102438,1.327346
23.610977,-1.814877,-2.566329,-1.642596,-0.566382,-1.111947,-0.986339,0.542920,-0.650945,-0.901849,-0.795681,-0.078887,-0.666951,-0.392207,0.048816,-0.443998,0.224640,0.242806,-1.708651,1.512247,3.216203,0.370126,-0.205221,-0.258938,-0.120166,-0.030123,-0.190336,-1.106657,1.332150
23.611999,-1.813360,-2.568078,-1.645292,-0.566738,-1.112439,-0.984399,0.542393,-0.613904,-0.855835,-0.765462,-0.096209,-0.665854,-0.400224,0.049283,-0.444213,0.224378,0.242677,-1.708678,1.512064,3.215102,0.371453,-0.207430,-0.259117,-0.122216,-0.028847,-0.188535,-1.102785,1.333280
23.613016,-1.818045,-2.564117,-1.643101,-0.568973,-1.111860,-0.986430,0.540911,-0.568560,-0.805226,-0.728122,-0.115587,-0.664915,-0.409141,0.049777,-0.444425,0.224121,0.242558,-1.708708,1.511876,3.213983,0.372796,-0.208574,-0.258346,-0.121498,-0.029776,-0.187637,-1.105824,1.335515
23.613962,-1.811790,-2.561989,-1.638003,-0.569712,-1.112076,-0.979369,0.540004,-0.519047,-0.755183,-0.687093,-0.134352,-0.664224,-0.418540,0.050312,-0.444631,0.223856,0.242427,-1.708735,1.511688,3.212881,0.374134,-0.206648,-0.260366,-0.123129,-0.028877,-0.187793,-1.104841,1.339655
23.614980,-1.810670,-2.560626,-1.641256,-0.568367,-1.113261,-0.975993,0.542122,-0.468100,-0.705039,-0.644726,-0.152851,-0.663614,-0.428236,0.050878,-0.444849,0.223593,0.242293,-1.708764,1.511503,3.211745,0.375486,-0.209931,-0.261223,-0.126023,-0.029314,-0.187079,-1.112329,1.342097
23.616085,-1.806250,-2.553621,-1.641103,-0.570741,-1.114433,-0.972604,0.543370,-0.413460,-0.656649,-0.598973,-0.170236,-0.663175,-0.438118,0.051422,-0.445062,0.223324,0.242170,-1.708800,1.511319,3.210604,0.376832,-0.210844,-0.261861,-0.124968,-0.031798,-0.185497,-1.116540,1.338938
23.616988,-1.809237,-2.554441,-1.642244,-0.571871,-1.111700,-0.973369,0.542875,-0.355879,-0.610597,-0.550433,-0.185874,-0.662950,-0.447745,0.051881,-0.445282,0.223047,0.242041,-1.708829,1.511135,3.209482,0.378155,-0.213584,-0.265501,-0.125757,-0.030886,-0.184051,-1.121315,1.337861
23.617962,-1.804430,-2.552874,-1.642697,-0.573685,-1.113786,-0.974819,0.543759,-0.298852,-0.562976,-0.502255,-0.201761,-0.662680,-0.456588,0.052250,-0.445490,0.222785,0.241914,-1.708860,1.510944,3.208359,0.379502,-0.212124,-0.264707,-0.125494,-0.030831,-0.186181,-1.120206,1.338689
23.619093,-1.809064,-2.553909,-1.647505,-0.577839,-1.112534,-0.979376,0.546696,-0.197842,-0.468981,-0.416865,-0.232861,-0.661782,-0.469880,0.052827,-0.445922,0.222248,0.241664,-1.708915,1.510575,3.206144,0.382156,-0.213023,-0.265072,-0.124122,-0.027718,-0.184595,-1.115935,1.332513
23.620048,-1.811775,-2.555552,-1.644893,-0.581595,-1.115165,-0.982535,0.546031,-0.197842,-0.468981,-0.416865,-0.232861,-0.661782,-0.469880,0.052827,-0.445922,0.222248,0.241664,-1.708915,1.510575,3.206144,0.382156,-0.213023,-0.265072,-0.124122,-0.027718,-0.184595,-1.115935,1.332513
23.620979,-1.812797,-2.554927,-1.647941,-0.582994,-1.113737,-0.984312,0.545095,-0.133455,-0.384514,-0.362909,-0.262938,-0.659872,-0.475546,0.053032,-0.446340,0.221720,0.241412,-1.708963,1.510216,3.203936,0.384840,-0.211523,-0.264079,-0.124704,-0.025178,-0.182452,-1.111230,1.335907
23.622057,-1.815416,-2.551995,-1.651402,-0.586316,-1.112697,-0.991094,0.545868,-0.133455,-0.384514,-0.362909,-0.262938,-0.659872,-0.475546,0.053032,-0.446340,0.221720,0.241412,-1.708963,1.510216,3.203936,0.384840,-0.211523,-0.264079,-0.124704,-0.025178,-0.182452,-1.111230,1.335907
23.623003,-1.816515,-2.548128,-1.650662,-0.586417,-1.113701,-0.993760,0.542699,-0.117928,-0.308635,-0.350982,-0.294381,-0.656773,-0.474215,0.052843,-0.446762,0.221183,0.241162,-1.709010,1.509851,3.201745,0.387545,-0.210363,-0.267330,-0.124479,-0.024695,-0.181657,-1.103094,1.341593
23.624032,-1.817919,-2.547424,-1.646714,-0.587953,-1.113683,-0.998279,0.542882,-0.117928,-0.308635,-0.350982,-0.294381,-0.656773,-0.474215,0.052843,-0.446762,0.221183,0.241162,-1.709010,1.509851,3.201745,0.387545,-0.210363,-0.267330,-0.124479,-0.024695,-0.181657,-1.103094,1.341593
23.625056,-1.817932,-2.542882,-1.649119,-0.589003,-1.112320,-0.997506,0.540717,-0.124358,-0.268485,-0.357320,-0.312731,-0.654859,-0.472180,0.052630,-0.446972,0.220912,0.241028,-1.709033,1.509673,3.200643,0.388877,-0.210082,-0.267610,-0.126944,-0.024633,-0.181355,-1.099303,1.341767
23.625950,-1.812825,-2.544780,-1.646910,-0.590434,-1.116351,-0.993287,0.540126,-0.133510,-0.228425,-0.366033,-0.331982,-0.652978,-0.470027,0.052349,-0.447180,0.220644,0.240903,-1.709060,1.509487,3.199531,0.390231,-0.210501,-0.269861,-0.126290,-0.024979,-0.182301,-1.100770,1.346631
23.626948,-1.810024,-2.552413,-1.649604,-0.592677,-1.115614,-0.986725,0.537668,-0.141763,-0.190563,-0.373946,-0.351319,-0.651241,-0.468075,0.052031,-0.447400,0.220378,0.240772,-1.709086,1.509317,3.198422,0.391564,-0.212983,-0.268458,-0.127667,-0.024718,-0.177779,-1.104753,1.347597
23.627960,-1.818985,-2.553696,-1.641391,-0.593334,-1.116210,-0.979387,0.538140,-0.145020,-0.164733,-0.377384,-0.366538,-0.650028,-0.466259,0.051764,-0.447620,0.220123,0.240648,-1.709107,1.509142,3.197292,0.392929,-0.214570,-0.264658,-0.126834,-0.023949,-0.178208,-1.111694,1.352847
23.628951,-1.811710,-2.556347,-1.645598,-0.596765,-1.118124,-0.976705,0.539281,-0.143714,-0.161562,-0.376630,-0.372821,-0.649593,-0.464072,0.051621,-0.447820,0.219859,0.240507,-1.709133,1.508965,3.196168,0.394290,-0.210516,-0.264020,-0.131357,-0.024686,-0.177252,-1.119526,1.352232
23.630019,-1.813688,-2.558939,-1.647366,-0.595999,-1.120204,-0.977285,0.542299,-0.140290,-0.181747,-0.373832,-0.369783,-0.649759,-0.461218,0.051603,-0.448042,0.219595,0.240382,-1.709154,1.508794,3.195036,0.395629,-0.214396,-0.262591,-0.129694,-0.022708,-0.175006,-1.122444,1.350289
23.631047,-1.811015,-2.556883,-1.646501,-0.597437,-1.122938,-0.978303,0.541584,-0.134868,-0.221836,-0.369087,-0.358841,-0.650365,-0.457783,0.051666,-0.448253,0.219337,0.240253,-1.709184,1.508625,3.193906,0.396972,-0.213870,-0.261519,-0.129446,-0.024922,-0.172741,-1.122694,1.345007
23.631940,-1.805919,-2.555963,-1.648040,-0.597721,-1.120778,-0.972456,0.541688,-0.127657,-0.277720,-0.362547,-0.341102,-0.651401,-0.454011,0.051816,-0.448471,0.219071,0.240120,-1.709209,1.508458,3.192794,0.398318,-0.215535,-0.262567,-0.130377,-0.024915,-0.169774,-1.122335,1.347049
23.632984,-1.802702,-2.554396,-1.646918,-0.599730,-1.122183,-0.969833,0.542615,-0.117107,-0.342487,-0.352960,-0.319413,-0.652795,-0.450391,0.052074,-0.448695,0.218806,0.239990,-1.709238,1.508287,3.191654,0.399667,-0.217947,-0.262609,-0.129847,-0.025733,-0.171518,-1.127780,1.346565
23.633995,-1.806102,-2.551224,-1.642777,-0.598907,-1.123228,-0.968635,0.543925,-0.100656,-0.409950,-0.338251,-0.296985,-0.654407,-0.447345,0.052401,-0.448918,0.218543,0.239858,-1.709261,1.508117,3.190509,0.401021,-0.219855,-0.263477,-0.130967,-0.025236,-0.169849,-1.130970,1.345308
23.634998,-1.806846,-2.551695,-1.643973,-0.600432,-1.121961,-0.975206,0.545671,-0.077971,-0.475540,-0.318229,-0.275824,-0.656092,-0.445014,0.052726,-0.449137,0.218274,0.239721,-1.709291,1.507950,3.189383,0.402347,-0.218375,-0.264991,-0.133452,-0.027373,-0.168553,-1.132623,1.343203
23.635994,-1.807159,-2.549611,-1.644345,-0.601212,-1.122279,-0.978256,0.542929,-0.052101,-0.536574,-0.295509,-0.256441,-0.657692,-0.443262,0.053017,-0.449354,0.218012,0.239589,-1.709318,1.507779,3.188261,0.403685,-0.218270,-0.264695,-0.133286,-0.027176,-0.169545,-1.126407,1.340127
23.637044,-1.807441,-2.548358,-1.645683,-0.601385,-1.124396,-0.986544,0.542841,-0.026962,-0.592102,-0.273398,-0.238805,-0.659024,-0.441846,0.053314,-0.449574,0.217742,0.239455,-1.709346,1.507611,3.187151,0.405048,-0.218306,-0.265609,-0.133508,-0.027727,-0.168928,-1.123845,1.345988
23.637985,-1.811618,-2.549075,-1.642466,-0.602799,-1.128006,-0.989502,0.542889,-0.004409,-0.641156,-0.253475,-0.223031,-0.659978,-0.440717,0.053669,-0.449794,0.217474,0.239321,-1.709377,1.507450,3.186038,0.406405,-0.218518,-0.266274,-0.133362,-0.028906,-0.166663,-1.116336,1.346736
23.639075,-1.809267,-2.550935,-1.640906,-0.606594,-1.129427,-0.991334,0.542066,0.014750,-0.684676,-0.236437,-0.208238,-0.660635,-0.439924,0.054071,-0.450007,0.217213,0.239182,-1.709405,1.507295,3.184924,0.407738,-0.216537,-0.265681,-0.135237,-0.028692,-0.162806,-1.113462,1.346726
23.639978,-1.810592,-2.552575,-1.636573,-0.606779,-1.130506,-0.991147,0.541059,0.031926,-0.725084,-0.221077,-0.193764,-0.661161,-0.439592,0.054473,-0.450229,0.216947,0.239043,-1.709425,1.507136,3.183820,0.409076,-0.218180,-0.264952,-0.136559,-0.026556,-0.161348,-1.112822,1.349333
23.640969,-1.805940,-2.551597,-1.640263,-0.610085,-1.131599,-0.989277,0.540364,0.051007,-0.765345,-0.204000,-0.179203,-0.661798,-0.439946,0.054853,-0.450445,0.216688,0.238903,-1.709455,1.506982,3.182707,0.410435,-0.217476,-0.263819,-0.138887,-0.027487,-0.159993,-1.112785,1.351103
23.641935,-1.808420,-2.551477,-1.636051,-0.610241,-1.130858,-0.989547,0.540291,0.073542,-0.807061,-0.183819,-0.164254,-0.662724,-0.441087,0.055206,-0.450670,0.216423,0.238766,-1.709478,1.506826,3.181600,0.411800,-0.219957,-0.264218,-0.137373,-0.025590,-0.158741,-1.115120,1.352743
23.643036,-1.810257,-2.550872,-1.634841,-0.609674,-1.128147,-0.987304,0.539451,0.098120,-0.848550,-0.161783,-0.149783,-0.663894,-0.442985,0.055555,-0.450889,0.216155,0.238621,-1.709506,1.506666,3.180482,0.413147,-0.218802,-0.264057,-0.139732,-0.026720,-0.159248,-1.115016,1.353058
23.643963,-1.803518,-2.546245,-1.635835,-0.612207,-1.130235,-0.983348,0.538778,0.122587,-0.889308,-0.139742,-0.135405,-0.665268,-0.445529,0.055931,-0.451107,0.215891,0.238477,-1.709539,1.506500,3.179354,0.414508,-0.218416,-0.264612,-0.140836,-0.028689,-0.161872,-1.118390,1.355661
23.644968,-1.806119,-2.545252,-1.635578,-0.613526,-1.129865,-0.978603,0.537505,0.146430,-0.927252,-0.118160,-0.121554,-0.666717,-0.448738,0.056334,-0.451336,0.215621,0.238336,-1.709565,1.506344,3.178232,0.415855,-0.221713,-0.266578,-0.140506,-0.027339,-0.159469,-1.122248,1.356949
23.646090,-1.804542,-2.552453,-1.631854,-0.614542,-1.130646,-0.978641,0.536207,0.169783,-0.957071,-0.097040,-0.110968,-0.667925,-0.452714,0.056733,-0.451559,0.215355,0.238194,-1.709594,1.506186,3.177094,0.417220,-0.220557,-0.266982,-0.140978,-0.027344,-0.159703,-1.127354,1.359846
23.647047,-1.801192,-2.548850,-1.633143,-0.614856,-1.130067,-0.976187,0.535425,0.192363,-0.982079,-0.076571,-0.102134,-0.668957,-0.457233,0.057125,-0.451781,0.215096,0.238046,-1.709624,1.506027,3.175953,0.418598,-0.221900,-0.263723,-0.143363,-0.027860,-0.158897,-1.128442,1.363401
23.647946,-1.798416,-2.546050,-1.630083,-0.615936,-1.132111,-0.973256,0.537504,0.216317,-1.010057,-0.054732,-0.091158,-0.670173,-0.462129,0.057527,-0.452010,0.214827,0.237903,-1.709655,1.505871,3.174824,0.419950,-0.223552,-0.265304,-0.142917,-0.028706,-0.159270,-1.130981,1.365052
23.648954,-1.796366,-2.549126,-1.628415,-0.617643,-1.133725,-0.966607,0.538174,0.243413,-1.039107,-0.030052,-0.078788,-0.671549,-0.467531,0.057887,-0.452237,0.214560,0.237756,-1.709686,1.505718,3.173672,0.421309,-0.224776,-0.266294,-0.144528,-0.028681,-0.156925,-1.133415,1.360577
23.650096,-1.794139,-2.542932,-1.622330,-0.616237,-1.133194,-0.962771,0.538727,0.274113,-1.066247,-0.002228,-0.066612,-0.672990,-0.473400,0.058140,-0.452467,0.214298,0.237607,-1.709714,1.505565,3.172526,0.422683,-0.225918,-0.264709,-0.145615,-0.028305,-0.155209,-1.140440,1.359589
23.650978,-1.789436,-2.540064,-1.624100,-0.616693,-1.131658,-0.957361,0.537921,0.310142,-1.091957,0.030234,-0.054513,-0.674615,-0.479523,0.058288,-0.452698,0.214022,0.237449,-1.709752,1.505411,3.171363,0.424031,-0.227510,-0.268092,-0.149108,-0.031108,-0.155825,-1.145438,1.359682
23.652007,-1.792574,-2.542347,-1.627313,-0.617736,-1.131066,-0.959305,0.536221,0.352455,-1.112692,0.068131,-0.043830,-0.676417,-0.485686,0.058366,-0.452928,0.213755,0.237304,-1.709785,1.505252,3.170195,0.425403,-0.229618,-0.269028,-0.148231,-0.031594,-0.157017,-1.150139,1.360900
23.652990,-1.794804,-2.538740,-1.628433,-0.618611,-1.132721,-0.961828,0.534188,0.395480,-1.127050,0.106640,-0.034929,-0.678247,-0.491132,0.058404,-0.453157,0.213486,0.237159,-1.709818,1.505089,3.169063,0.426764,-0.228199,-0.267832,-0.146960,-0.031811,-0.157418,-1.148696,1.364817
23.653974,-1.797051,-2.537607,-1.631492,-0.622184,-1.133384,-0.963947,0.531844,0.429439,-1.136427,0.137303,-0.026872,-0.679952,-0.494872,0.058418,-0.453386,0.213216,0.237012,-1.709852,1.504935,3.167923,0.428144,-0.227143,-0.269479,-0.146647,-0.032073,-0.155582,-1.146344,1.369030
23.654971,-1.791826,-2.541542,-1.631955,-0.624424,-1.134287,-0.968441,0.532573,0.448181,-1.137734,0.154666,-0.021218,-0.681274,-0.496544,0.058381,-0.453608,0.212947,0.236868,-1.709877,1.504781,3.166798,0.429534,-0.226155,-0.269850,-0.145371,-0.029834,-0.154766,-1.144512,1.373835
23.656007,-1.803838,-2.538311,-1.631336,-0.628898,-1.133238,-0.969763,0.530664,0.453191,-1.130600,0.159885,-0.019105,-0.682182,-0.496365,0.058251,-0.453843,0.212680,0.236719,-1.709904,1.504631,3.165667,0.430889,-0.228825,-0.267749,-0.145396,-0.028959,-0.153763,-1.140332,1.372645
23.656981,-1.807135,-2.537373,-1.629965,-0.629039,-1.134256,-0.973774,0.530238,0.447185,-1.117237,0.155247,-0.020553,-0.682737,-0.494639,0.058037,-0.454055,0.212411,0.236573,-1.709925,1.504474,3.164526,0.432278,-0.223140,-0.269392,-0.146062,-0.026031,-0.154709,-1.139596,1.376928
23.657959,-1.804916,-2.532763,-1.631084,-0.628971,-1.135239,-0.975318,0.531509,0.426962,-1.095678,0.137968,-0.026683,-0.682706,-0.491463,0.057782,-0.454274,0.212141,0.236423,-1.709954,1.504323,3.163410,0.433647,-0.221684,-0.269623,-0.146929,-0.027155,-0.153528,-1.135818,1.377888
23.659047,-1.808759,-2.533351,-1.634260,-0.629956,-1.132035,-0.980759,0.534987,0.393470,-1.065912,0.109007,-0.036883,-0.682113,-0.487248,0.057505,-0.454499,0.211864,0.236277,-1.709986,1.504176,3.162276,0.435026,-0.222901,-0.271668,-0.146581,-0.028427,-0.152453,-1.134488,1.375434
23.660052,-1.810650,-2.531505,-1.633746,-0.632460,-1.133601,-0.982011,0.534793,0.351482,-1.030440,0.072653,-0.049400,-0.681131,-0.482580,0.057189,-0.454715,0.211594,0.236134,-1.710017,1.504016,3.161163,0.436394,-0.221463,-0.271482,-0.145483,-0.028860,-0.155624,-1.130108,1.369240
23.660956,-1.812435,-2.536714,-1.632145,-0.633623,-1.131105,-0.981145,0.532884,0.247479,-0.952127,-0.017410,-0.077476,-0.677773,-0.472918,0.056703,-0.455149,0.211058,0.235837,-1.710070,1.503708,3.158886,0.439140,-0.219852,-0.269268,-0.146866,-0.027711,-0.156150,-1.129747,1.373559
23.662072,-1.804250,-2.538438,-1.631447,-0.636011,-1.132417,-0.974146,0.534807,0.247479,-0.952127,-0.017410,-0.077476,-0.677773,-0.472918,0.056703,-0.455149,0.211058,0.235837,-1.710070,1.503708,3.158886,0.439140,-0.219852,-0.269268,-0.146866,-0.027711,-0.156150,-1.129747,1.373559
23.663009,-1.807375,-2.542961,-1.631557,-0.637259,-1.135514,-0.970083,0.535163,0.194746,-0.922188,-0.062982,-0.088368,-0.675767,-0.468333,0.056731,-0.455382,0.210792,0.235688,-1.710094,1.503556,3.157738,0.440493,-0.224387,-0.268693,-0.147694,-0.026971,-0.154847,-1.137907,1.370666
23.663957,-1.807405,-2.541941,-1.628165,-0.641431,-1.135873,-0.968047,0.535117,0.150569,-0.907247,-0.101033,-0.093865,-0.673996,-0.464068,0.056887,-0.455605,0.210529,0.235536,-1.710121,1.503411,3.156576,0.441860,-0.222755,-0.266172,-0.147716,-0.026942,-0.151602,-1.141652,1.369910
23.665019,-1.809350,-2.542437,-1.627894,-0.641250,-1.137054,-0.967515,0.534199,0.114383,-0.907013,-0.132146,-0.094305,-0.672485,-0.459862,0.057106,-0.455825,0.210263,0.235383,-1.710140,1.503262,3.155420,0.443241,-0.222819,-0.266458,-0.149516,-0.024173,-0.151111,-1.143506,1.369953
23.665945,-1.807287,-2.539134,-1.633420,-0.643491,-1.136898,-0.965089,0.536951,0.083922,-0.916100,-0.158402,-0.092190,-0.671118,-0.455598,0.057408,-0.456047,0.209996,0.235232,-1.710169,1.503114,3.154280,0.444607,-0.222202,-0.266300,-0.149984,-0.025831,-0.149933,-1.144780,1.372469
23.667057,-1.808197,-2.537598,-1.627109,-0.647035,-1.136867,-0.961568,0.536093,0.056316,-0.928628,-0.182373,-0.089607,-0.669833,-0.451271,0.057770,-0.456268,0.209730,0.235091,-1.710191,1.502964,3.153127,0.445967,-0.223229,-0.267639,-0.147369,-0.024885,-0.149897,-1.146905,1.366775
23.668098,-1.811076,-2.537025,-1.625509,-0.647738,-1.134698,-0.961470,0.535127,0.029989,-0.937929,-0.205582,-0.089498,-0.668488,-0.447047,0.058106,-0.456494,0.209459,0.234935,-1.710210,1.502814,3.151975,0.447353,-0.223228,-0.268611,-0.150973,-0.023084,-0.149987,-1.151493,1.369445
23.668986,-1.805151,-2.530594,-1.626188,-0.649406,-1.134862,-0.959579,0.534976,0.007357,-0.939838,-0.226036,-0.094119,-0.667061,-0.443285,0.058396,-0.456713,0.209190,0.234779,-1.710238,1.502656,3.150822,0.448717,-0.222109,-0.268886,-0.151992,-0.023808,-0.152066,-1.152067,1.371916
23.670125,-1.803545,-2.533645,-1.628791,-0.651996,-1.135431,-0.965989,0.533655,-0.010062,-0.933134,-0.242366,-0.103626,-0.665641,-0.440189,0.058656,-0.456942,0.208916,0.234628,-1.710259,1.502502,3.149660,0.450095,-0.224888,-0.271592,-0.151632,-0.023406,-0.151577,-1.153337,1.371800
23.671057,-1.802880,-2.535112,-1.622620,-0.651312,-1.134373,-0.970002,0.531870,-0.021091,-0.917070,-0.253451,-0.117966,-0.664267,-0.437921,0.058888,-0.457173,0.208648,0.234479,-1.710282,1.502351,3.148530,0.451464,-0.226152,-0.270346,-0.150850,-0.022528,-0.151101,-1.148221,1.375568
23.672052,-1.804805,-2.534821,-1.625491,-0.654329,-1.137867,-0.975206,0.529632,-0.023604,-0.897832,-0.257246,-0.133797,-0.663235,-0.436539,0.059116,-0.457403,0.208384,0.234320,-1.710309,1.502198,3.147395,0.452855,-0.226369,-0.269346,-0.153957,-0.024444,-0.151954,-1.144065,1.378944
23.673080,-1.803850,-2.539381,-1.626196,-0.654620,-1.140416,-0.974701,0.533070,-0.009714,-0.874262,-0.248042,-0.155760,-0.662938,-0.435941,0.059484,-0.457852,0.207849,0.234015,-1.710356,1.501917,3.145136,0.455609,-0.226258,-0.267046,-0.152575,-0.024048,-0.145899,-1.140319,1.377089
23.674067,-1.803290,-2.536859,-1.623609,-0.657086,-1.139289,-0.974659,0.534595,-0.009714,-0.874262,-0.248042,-0.155760,-0.662938,-0.435941,0.059484,-0.457852,0.207849,0.234015,-1.710356,1.501917,3.145136,0.455609,-0.226258,-0.267046,-0.152575,-0.024048,-0.145899,-1.140319,1.377089
23.675043,-1.802621,-2.533994,-1.619914,-0.659757,-1.136058,-0.973515,0.533463,-0.000658,-0.874831,-0.241235,-0.159001,-0.663592,-0.436382,0.059502,-0.458079,0.207580,0.233856,-1.710378,1.501766,3.143983,0.456987,-0.226633,-0.268183,-0.153980,-0.022999,-0.146936,-1.140489,1.374251
23.676041,-1.797715,-2.530989,-1.623330,-0.660074,-1.136610,-0.976015,0.534806,0.010535,-0.878705,-0.232379,-0.160092,-0.664457,-0.437608,0.059433,-0.458309,0.207306,0.233695,-1.710396,1.501607,3.142850,0.458383,-0.226982,-0.269350,-0.155885,-0.021830,-0.149968,-1.141815,1.376607
23.677066,-1.795586,-2.521767,-1.624112,-0.660062,-1.141072,-0.976971,0.536076,0.025103,-0.878296,-0.220525,-0.163177,-0.665136,-0.439922,0.059315,-0.458545,0.207034,0.233540,-1.710422,1.501456,3.141709,0.459741,-0.229467,-0.270694,-0.154310,-0.022915,-0.149277,-1.139565,1.374195
23.678050,-1.801638,-2.517643,-1.621462,-0.659354,-1.140777,-0.975869,0.534624,0.042496,-0.868464,-0.206245,-0.170074,-0.665442,-0.443447,0.059121,-0.458779,0.206751,0.233389,-1.710450,1.501318,3.140560,0.461114,-0.230632,-0.275114,-0.154197,-0.024307,-0.144835,-1.139056,1.372070
23.678977,-1.800159,-2.516050,-1.619469,-0.660031,-1.141298,-0.972463,0.533842,0.059011,-0.845026,-0.192849,-0.181600,-0.665260,-0.448054,0.058840,-0.459001,0.206469,0.233231,-1.710478,1.501173,3.139421,0.462481,-0.227699,-0.276828,-0.155640,-0.026295,-0.145111,-1.140373,1.375232
23.679986,-1.789894,-2.509504,-1.615029,-0.660515,-1.141482,-0.968485,0.532749,0.070492,-0.810834,-0.183889,-0.195824,-0.664686,-0.453255,0.058513,-0.459229,0.206192,0.233073,-1.710507,1.501028,3.138264,0.463862,-0.228374,-0.277159,-0.156624,-0.026759,-0.144431,-1.143479,1.376599
23.681017,-1.792472,-2.506875,-1.618019,-0.662561,-1.142694,-0.967788,0.531198,0.099836,-0.726032,-0.160303,-0.227953,-0.663577,-0.465821,0.057871,-0.459707,0.205617,0.232752,-1.710562,1.500742,3.135961,0.466621,-0.232274,-0.281184,-0.157607,-0.026960,-0.143027,-1.148889,1.382627
23.682088,-1.796477,-2.509231,-1.615846,-0.663418,-1.141668,-0.962855,0.532798,0.099836,-0.726032,-0.160303,-0.227953,-0.663577,-0.465821,0.057871,-0.459707,0.205617,0.232752,-1.710562,1.500742,3.135961,0.466621,-0.232274,-0.281184,-0.157607,-0.026960,-0.143027,-1.148889,1.382627
23.683029,-1.791686,-2.504706,-1.616263,-0.664845,-1.139966,-0.955682,0.533261,0.118500,-0.678812,-0.145015,-0.245542,-0.663201,-0.472865,0.057566,-0.459933,0.205340,0.232591,-1.710592,1.500596,3.134788,0.468010,-0.230606,-0.279981,-0.158967,-0.027535,-0.144123,-1.154481,1.379985
23.684007,-1.787977,-2.500858,-1.616555,-0.662993,-1.138735,-0.946384,0.533120,0.131956,-0.635297,-0.134144,-0.261094,-0.662977,-0.479438,0.057222,-0.460172,0.205052,0.232432,-1.710621,1.500448,3.133622,0.469380,-0.232863,-0.281738,-0.158741,-0.027292,-0.145671,-1.161401,1.379021
23.684946,-1.785333,-2.495614,-1.616914,-0.663235,-1.135532,-0.942135,0.530341,0.141492,-0.596871,-0.126487,-0.274129,-0.662978,-0.485379,0.056840,-0.460412,0.204768,0.232273,-1.710658,1.500300,3.132435,0.470770,-0.234615,-0.283287,-0.158679,-0.030237,-0.146789,-1.170589,1.379393
23.685944,-1.783956,-2.493992,-1.617412,-0.663022,-1.135251,-0.942400,0.528253,0.148528,-0.562516,-0.120756,-0.284838,-0.663213,-0.490540,0.056499,-0.460648,0.204476,0.232113,-1.710691,1.500145,3.131268,0.472177,-0.235776,-0.285322,-0.158479,-0.031058,-0.149787,-1.174487,1.384781
23.686981,-1.781812,-2.491570,-1.624229,-0.662701,-1.139022,-0.950359,0.531572,0.152965,-0.531591,-0.117009,-0.293273,-0.663613,-0.494637,0.056264,-0.460885,0.204187,0.231954,-1.710725,1.499998,3.130094,0.473562,-0.236448,-0.285752,-0.158355,-0.032440,-0.149967,-1.174269,1.389161
23.688043,-1.790477,-2.495720,-1.626546,-0.665898,-1.140767,-0.952766,0.532033,0.153541,-0.504911,-0.116348,-0.298638,-0.664142,-0.497395,0.056092,-0.461123,0.203901,0.231806,-1.710762,1.499864,3.128936,0.474937,-0.237627,-0.286757,-0.155241,-0.033944,-0.146276,-1.166694,1.382895
23.689055,-1.785840,-2.495453,-1.624822,-0.668588,-1.138850,-0.957138,0.529898,0.144855,-0.484935,-0.123497,-0.299387,-0.664743,-0.498325,0.055918,-0.461351,0.203620,0.231653,-1.710791,1.499723,3.127786,0.476303,-0.233534,-0.284561,-0.154427,-0.032124,-0.144628,-1.165033,1.382686
23.689965,-1.778221,-2.495218,-1.627525,-0.671725,-1.136056,-0.954507,0.532097,0.124232,-0.473627,-0.140816,-0.295498,-0.665334,-0.497192,0.055801,-0.461591,0.203336,0.231494,-1.710819,1.499574,3.126625,0.477705,-0.235920,-0.284454,-0.155449,-0.030790,-0.146510,-1.160901,1.387227
23.690964,-1.782231,-2.492256,-1.626485,-0.673894,-1.138145,-0.963327,0.535386,0.099669,-0.469922,-0.161418,-0.289425,-0.665930,-0.494634,0.055791,-0.461834,0.203052,0.231342,-1.710846,1.499420,3.125472,0.479087,-0.239417,-0.283985,-0.154099,-0.028820,-0.149047,-1.163184,1.382458
23.691980,-1.789395,-2.490478,-1.630892,-0.674113,-1.135336,-0.965309,0.535688,0.077550,-0.469739,-0.179884,-0.284343,-0.666429,-0.491323,0.055801,-0.462071,0.202764,0.231185,-1.710873,1.499278,3.124328,0.480445,-0.237358,-0.285126,-0.154784,-0.028016,-0.146901,-1.154523,1.376185
23.692970,-1.790972,-2.486242,-1.631761,-0.675256,-1.133308,-0.971715,0.533192,0.052061,-0.468966,-0.201354,-0.281634,-0.666554,-0.487174,0.055769,-0.462294,0.202478,0.231037,-1.710904,1.499124,3.123172,0.481825,-0.233971,-0.285724,-0.152834,-0.029084,-0.149636,-1.152930,1.375978
23.693961,-1.781611,-2.481900,-1.637040,-0.674993,-1.130452,-0.969991,0.533491,-0.033113,-0.454969,-0.274033,-0.284422,-0.665098,-0.476092,0.055798,-0.462777,0.201896,0.230739,-1.710968,1.498807,3.120878,0.484587,-0.237795,-0.289188,-0.150206,-0.030621,-0.154140,-1.148682,1.380746
23.695239,-1.787148,-2.484675,-1.637630,-0.675704,-1.127527,-0.970331,0.534964,-0.033113,-0.454969,-0.274033,-0.284422,-0.665098,-0.476092,0.055798,-0.462777,0.201896,0.230739,-1.710968,1.498807,3.120878,0.484587,-0.237795,-0.289188,-0.150206,-0.030621,-0.154140,-1.148682,1.380746
23.695935,-1.783118,-2.486225,-1.635368,-0.676533,-1.126969,-0.960285,0.529883,-0.084325,-0.441484,-0.317766,-0.289640,-0.663856,-0.470285,0.055882,-0.463008,0.201610,0.230587,-1.711001,1.498644,3.119710,0.485969,-0.235831,-0.288316,-0.150712,-0.031669,-0.157231,-1.150464,1.379628
23.696936,-1.782458,-2.487808,-1.639680,-0.678119,-1.125280,-0.954976,0.529111,-0.136309,-0.432801,-0.362064,-0.293048,-0.662708,-0.464482,0.055975,-0.463245,0.201327,0.230433,-1.711031,1.498486,3.118544,0.487362,-0.237011,-0.286289,-0.151407,-0.031492,-0.157155,-1.158551,1.388330
23.697994,-1.780352,-2.493468,-1.647616,-0.680388,-1.126612,-0.953753,0.530544,-0.187805,-0.436390,-0.405811,-0.291430,-0.661884,-0.458407,0.056076,-0.463480,0.201050,0.230289,-1.711059,1.498323,3.117361,0.488756,-0.237369,-0.285290,-0.149524,-0.031226,-0.158634,-1.163887,1.389997
23.699089,-1.786376,-2.496312,-1.648086,-0.681038,-1.122954,-0.954909,0.530738,-0.240321,-0.455195,-0.450317,-0.283601,-0.661413,-0.451689,0.056129,-0.463722,0.200772,0.230149,-1.711087,1.498167,3.116205,0.490152,-0.238533,-0.282392,-0.146012,-0.030403,-0.157200,-1.165691,1.387598
23.700045,-1.783587,-2.499026,-1.647896,-0.681449,-1.119153,-0.953362,0.530891,-0.297523,-0.490577,-0.498761,-0.268642,-0.661291,-0.443988,0.056107,-0.463954,0.200491,0.230003,-1.711117,1.498000,3.115034,0.491536,-0.235819,-0.281008,-0.146279,-0.031219,-0.160769,-1.165309,1.388016
23.700983,-1.783191,-2.498129,-1.652138,-0.682762,-1.120928,-0.948899,0.530752,-0.359084,-0.542227,-0.550845,-0.246304,-0.661577,-0.435456,0.056027,-0.464192,0.200218,0.229857,-1.711150,1.497829,3.113856,0.492929,-0.237126,-0.279337,-0.146564,-0.031931,-0.164210,-1.166640,1.387643
23.701997,-1.782381,-2.496648,-1.654237,-0.682437,-1.117238,-0.947318,0.530041,-0.421377,-0.606613,-0.603456,-0.218129,-0.662287,-0.426621,0.055875,-0.464430,0.199936,0.229714,-1.711179,1.497666,3.112685,0.494306,-0.237125,-0.279334,-0.144620,-0.031786,-0.162057,-1.170807,1.387824
23.702982,-1.779045,-2.486429,-1.650822,-0.684000,-1.115766,-0.945540,0.528094,-0.483210,-0.676986,-0.655671,-0.187100,-0.663256,-0.417871,0.055639,-0.464670,0.199658,0.229576,-1.711215,1.497492,3.111505,0.495701,-0.237543,-0.279889,-0.143974,-0.033279,-0.165495,-1.172527,1.389524
23.703944,-1.773386,-2.481360,-1.655047,-0.682891,-1.116139,-0.950197,0.527084,-0.541598,-0.741671,-0.705095,-0.158621,-0.664144,-0.409818,0.055366,-0.464908,0.199364,0.229425,-1.711246,1.497327,3.110339,0.497114,-0.239167,-0.284570,-0.145899,-0.032922,-0.166669,-1.174349,1.393466
23.704983,-1.774166,-2.482968,-1.658270,-0.687042,-1.117263,-0.953060,0.529856,-0.590052,-0.787945,-0.746291,-0.138647,-0.664640,-0.403335,0.055122,-0.465156,0.199072,0.229284,-1.711284,1.497163,3.109174,0.498500,-0.241780,-0.286559,-0.144014,-0.035058,-0.165997,-1.169509,1.395469
23.705968,-1.777029,-2.482199,-1.661781,-0.688430,-1.119033,-0.960885,0.528168,-0.627225,-0.813317,-0.778121,-0.128090,-0.664676,-0.398568,0.054907,-0.465395,0.198790,0.229144,-1.711310,1.497001,3.108007,0.499887,-0.241439,-0.285554,-0.142837,-0.032311,-0.164701,-1.167086,1.390287
23.707034,-1.772229,-2.481488,-1.663449,-0.692730,-1.117333,-0.964567,0.526772,-0.658511,-0.823161,-0.805189,-0.124374,-0.664266,-0.394920,0.054712,-0.465633,0.198503,0.229004,-1.711343,1.496839,3.106869,0.501280,-0.239946,-0.285566,-0.141393,-0.032117,-0.162687,-1.159419,1.393855
23.708010,-1.766512,-2.486000,-1.663384,-0.693944,-1.115273,-0.968811,0.527540,-0.687097,-0.820804,-0.830207,-0.126247,-0.663449,-0.392142,0.054557,-0.465881,0.198219,0.228863,-1.711367,1.496674,3.105718,0.502688,-0.242448,-0.285820,-0.141048,-0.029343,-0.164264,-1.156498,1.397159
23.708995,-1.762403,-2.480482,-1.668071,-0.694728,-1.114780,-0.964978,0.524771,-0.716566,-0.799708,-0.856599,-0.139735,-0.662042,-0.390655,0.054283,-0.466384,0.197647,0.228585,-1.711428,1.496340,3.103417,0.505491,-0.246913,-0.285568,-0.139365,-0.029827,-0.166220,-1.156360,1.401279
23.709938,-1.762710,-2.477052,-1.670558,-0.696075,-1.113159,-0.965443,0.523433,-0.717259,-0.785366,-0.857807,-0.148802,-0.661839,-0.392092,0.054107,-0.466626,0.197358,0.228450,-1.711459,1.496171,3.102255,0.506906,-0.246514,-0.286726,-0.138417,-0.029607,-0.167484,-1.155610,1.403693
23.711118,-1.758664,-2.475420,-1.666689,-0.695818,-1.111193,-0.960853,0.522466,-0.717259,-0.785366,-0.857807,-0.148802,-0.661839,-0.392092,0.054107,-0.466626,0.197358,0.228450,-1.711459,1.496171,3.102255,0.506906,-0.246514,-0.286726,-0.138417,-0.029607,-0.167484,-1.155610,1.403693
23.711987,-1.760889,-2.471282,-1.667539,-0.695434,-1.112042,-0.962772,0.525309,-0.712995,-0.765383,-0.855043,-0.160116,-0.661817,-0.394805,0.053886,-0.466880,0.197067,0.228302,-1.711493,1.495997,3.101100,0.508299,-0.248872,-0.287715,-0.141006,-0.031421,-0.169381,-1.161774,1.406870
23.712925,-1.760304,-2.472262,-1.664990,-0.695257,-1.109112,-0.961283,0.522774,-0.702839,-0.742038,-0.847457,-0.172005,-0.662079,-0.398750,0.053626,-0.467130,0.196774,0.228159,-1.711528,1.495831,3.099938,0.509697,-0.247202,-0.288969,-0.140605,-0.032695,-0.168060,-1.159004,1.400499
23.714072,-1.758323,-2.470921,-1.662284,-0.697455,-1.106634,-0.963019,0.520224,-0.689405,-0.718942,-0.837192,-0.182015,-0.662653,-0.403602,0.053408,-0.467374,0.196490,0.228015,-1.711565,1.495656,3.098764,0.511129,-0.247250,-0.287959,-0.142072,-0.033852,-0.170593,-1.160186,1.405356
23.714960,-1.759511,-2.470273,-1.667211,-0.698435,-1.109094,-0.957280,0.522888,-0.672884,-0.699314,-0.824273,-0.188769,-0.663501,-0.409210,0.053342,-0.467625,0.196199,0.227867,-1.711595,1.495482,3.097604,0.512544,-0.248511,-0.288713,-0.143982,-0.033200,-0.172934,-1.159673,1.411426
23.715958,-1.755283,-2.469839,-1.663782,-0.699911,-1.109723,-0.953955,0.525291,-0.653464,-0.683241,-0.808803,-0.192867,-0.664427,-0.415436,0.053411,-0.467869,0.195912,0.227732,-1.711629,1.495317,3.096423,0.513947,-0.247494,-0.288332,-0.141662,-0.033189,-0.170026,-1.164719,1.405480
23.717024,-1.756967,-2.466742,-1.660655,-0.702673,-1.108737,-0.947532,0.523704,-0.634522,-0.670931,-0.793694,-0.194479,-0.665244,-0.421838,0.053491,-0.468122,0.195620,0.227584,-1.711661,1.495148,3.095247,0.515348,-0.249438,-0.288138,-0.143656,-0.032921,-0.169119,-1.168068,1.400784
23.718013,-1.747686,-2.461942,-1.663121,-0.702631,-1.108418,-0.939639,0.523586,-0.614700,-0.661497,-0.777752,-0.194674,-0.665894,-0.428313,0.053577,-0.468370,0.195326,0.227432,-1.711692,1.494977,3.094054,0.516751,-0.248611,-0.289465,-0.145552,-0.031536,-0.169894,-1.174871,1.404444
23.719005,-1.748553,-2.460326,-1.662231,-0.701248,-1.113591,-0.936800,0.526610,-0.591214,-0.650350,-0.758584,-0.196324,-0.666238,-0.434887,0.053750,-0.468630,0.195030,0.227290,-1.711729,1.494808,3.092842,0.518157,-0.252983,-0.291368,-0.144573,-0.032682,-0.169890,-1.182479,1.404611
23.719986,-1.748253,-2.452089,-1.660212,-0.702118,-1.116358,-0.939425,0.526442,-0.563799,-0.636800,-0.735938,-0.199258,-0.666341,-0.441197,0.053983,-0.468881,0.194734,0.227141,-1.711768,1.494655,3.091661,0.519533,-0.252286,-0.291659,-0.145248,-0.035103,-0.164519,-1.185174,1.398602
23.720991,-1.752939,-2.449963,-1.658634,-0.703526,-1.116456,-0.942138,0.524706,-0.534423,-0.621146,-0.711570,-0.202227,-0.666363,-0.446739,0.054202,-0.469137,0.194434,0.226990,-1.711804,1.494502,3.090478,0.520936,-0.252151,-0.295243,-0.146436,-0.035310,-0.161611,-1.182313,1.398926
23.721996,-1.751465,-2.456746,-1.664496,-0.709366,-1.117523,-0.944611,0.524511,-0.506612,-0.598841,-0.688712,-0.207098,-0.666189,-0.451188,0.054418,-0.469378,0.194136,0.226843,-1.711837,1.494341,3.089296,0.522354,-0.249729,-0.295793,-0.147484,-0.035101,-0.161329,-1.179587,1.402435
23.722998,-1.750845,-2.454529,-1.663908,-0.711164,-1.117766,-0.944797,0.524623,-0.484646,-0.571323,-0.671118,-0.214185,-0.665764,-0.454067,0.054681,-0.469631,0.193849,0.226704,-1.711859,1.494184,3.088134,0.523748,-0.250307,-0.292015,-0.144871,-0.030686,-0.160088,-1.177236,1.402896
23.723981,-1.752504,-2.449343,-1.657255,-0.713390,-1.116347,-0.943521,0.525012,-0.470531,-0.545383,-0.660473,-0.221845,-0.665246,-0.455003,0.054955,-0.469880,0.193557,0.226557,-1.711888,1.494024,3.086957,0.525151,-0.250471,-0.292758,-0.145459,-0.030212,-0.159651,-1.177073,1.402712
23.725048,-1.756420,-2.446380,-1.661152,-0.713074,-1.117066,-0.947936,0.524078,-0.461088,-0.520503,-0.654108,-0.231228,-0.664727,-0.454386,0.055153,-0.470126,0.193256,0.226403,-1.711916,1.493860,3.085794,0.526537,-0.249449,-0.294775,-0.148947,-0.029277,-0.160809,-1.178311,1.401933
23.726157,-1.757220,-2.441726,-1.664998,-0.713486,-1.116059,-0.950105,0.525344,-0.455067,-0.492543,-0.651006,-0.244029,-0.664154,-0.452679,0.055234,-0.470374,0.192954,0.226259,-1.711950,1.493705,3.084628,0.527948,-0.247523,-0.295921,-0.147365,-0.030915,-0.160006,-1.174375,1.404215
23.727049,-1.756018,-2.432901,-1.659609,-0.711368,-1.112815,-0.954624,0.521833,-0.457237,-0.460414,-0.655223,-0.259648,-0.663427,-0.449870,0.055219,-0.470621,0.192654,0.226114,-1.711982,1.493543,3.083454,0.529358,-0.247317,-0.298066,-0.145945,-0.031925,-0.160959,-1.173005,1.402263
23.727946,-1.758835,-2.433484,-1.657351,-0.713340,-1.112842,-0.949365,0.520420,-0.468028,-0.422817,-0.667031,-0.277761,-0.662502,-0.446351,0.055174,-0.470871,0.192343,0.225960,-1.712024,1.493371,3.082304,0.530769,-0.247450,-0.301515,-0.148629,-0.034848,-0.163746,-1.167828,1.408760
23.728942,-1.753761,-2.431606,-1.660689,-0.714735,-1.112299,-0.946072,0.522737,-0.482376,-0.380838,-0.681907,-0.297792,-0.661425,-0.442820,0.055144,-0.471113,0.192049,0.225808,-1.712055,1.493212,3.081121,0.532189,-0.245660,-0.300411,-0.149730,-0.033866,-0.163342,-1.172418,1.410935
23.729935,-1.748304,-2.440236,-1.658869,-0.715269,-1.112791,-0.936170,0.523040,-0.498086,-0.340521,-0.697792,-0.317559,-0.660197,-0.439421,0.055108,-0.471366,0.191746,0.225662,-1.712089,1.493049,3.079953,0.533600,-0.248014,-0.300803,-0.148287,-0.033634,-0.163649,-1.175711,1.406208
23.730993,-1.750068,-2.440810,-1.653322,-0.718078,-1.114688,-0.936941,0.522147,-0.511871,-0.312755,-0.711653,-0.332670,-0.659060,-0.436038,0.055064,-0.471622,0.191454,0.225507,-1.712125,1.492886,3.078751,0.534992,-0.250481,-0.295997,-0.149371,-0.034217,-0.162906,-1.185462,1.405684
23.732019,-1.752072,-2.440464,-1.653893,-0.716592,-1.117959,-0.934908,0.522092,-0.517902,-0.308752,-0.718302,-0.338381,-0.658467,-0.432666,0.055107,-0.471870,0.191163,0.225349,-1.712155,1.492728,3.077559,0.536411,-0.249590,-0.295513,-0.152401,-0.032771,-0.160882,-1.184895,1.407793
23.732993,-1.749966,-2.438840,-1.656202,-0.718563,-1.121982,-0.937858,0.524110,-0.515938,-0.329165,-0.717545,-0.334185,-0.658489,-0.429301,0.055306,-0.472116,0.190866,0.225197,-1.712195,1.492576,3.076381,0.537805,-0.248530,-0.295297,-0.152333,-0.035393,-0.157507,-1.187120,1.408106
23.733936,-1.748204,-2.439315,-1.651691,-0.719300,-1.122745,-0.933626,0.524310,-0.511004,-0.367547,-0.713796,-0.322134,-0.658953,-0.425869,0.055594,-0.472369,0.190575,0.225052,-1.712228,1.492432,3.075192,0.539207,-0.249324,-0.295622,-0.151384,-0.034525,-0.153401,-1.183847,1.403920
23.734972,-1.748846,-2.434277,-1.650202,-0.720398,-1.122341,-0.936660,0.522118,-0.504468,-0.418119,-0.708308,-0.304706,-0.659835,-0.422529,0.055850,-0.472617,0.190282,0.224892,-1.712263,1.492279,3.074009,0.540623,-0.249895,-0.294771,-0.153662,-0.034846,-0.152450,-1.187699,1.403214
23.736007,-1.745212,-2.437859,-1.647873,-0.721045,-1.121372,-0.932590,0.523600,-0.494230,-0.474914,-0.699357,-0.285013,-0.661198,-0.419664,0.056009,-0.472868,0.189979,0.224734,-1.712297,1.492125,3.072819,0.542028,-0.249491,-0.296867,-0.154581,-0.034975,-0.152768,-1.184765,1.407887
23.737033,-1.737057,-2.439200,-1.651378,-0.722806,-1.118170,-0.939769,0.521611,-0.478977,-0.533872,-0.685824,-0.264978,-0.663106,-0.417497,0.056041,-0.473120,0.189693,0.224576,-1.712334,1.491971,3.071615,0.543430,-0.251232,-0.294798,-0.155944,-0.035513,-0.153648,-1.188977,1.405084
23.737965,-1.743125,-2.439438,-1.650355,-0.724138,-1.116133,-0.938737,0.521253,-0.455973,-0.596685,-0.665250,-0.243913,-0.665730,-0.416110,0.055942,-0.473380,0.189402,0.224424,-1.712369,1.491808,3.070449,0.544831,-0.255109,-0.293807,-0.154413,-0.034942,-0.156668,-1.181921,1.409321
23.738973,-1.741423,-2.443877,-1.642885,-0.724121,-1.116702,-0.947614,0.521137,-0.426660,-0.664071,-0.638918,-0.221439,-0.668983,-0.415293,0.055743,-0.473629,0.189114,0.224266,-1.712405,1.491649,3.069262,0.546243,-0.251650,-0.293110,-0.154926,-0.034597,-0.158401,-1.182474,1.409611
23.739994,-1.737965,-2.447888,-1.642940,-0.726928,-1.120507,-0.950247,0.522015,-0.395296,-0.736136,-0.610596,-0.196899,-0.672668,-0.414720,0.055475,-0.473880,0.188830,0.224101,-1.712443,1.491491,3.068089,0.547661,-0.252392,-0.290568,-0.158748,-0.035728,-0.157632,-1.173574,1.409870
23.740931,-1.735794,-2.453484,-1.642155,-0.726511,-1.118778,-0.956535,0.519914,-0.359003,-0.816693,-0.577681,-0.168120,-0.676927,-0.414599,0.055187,-0.474137,0.188545,0.223940,-1.712475,1.491344,3.066929,0.549058,-0.253924,-0.288301,-0.158803,-0.034157,-0.153748,-1.171244,1.408269
23.741950,-1.733494,-2.450002,-1.642415,-0.728316,-1.118563,-0.955545,0.519162,-0.315183,-0.909014,-0.537800,-0.133482,-0.681863,-0.415191,0.054974,-0.474393,0.188271,0.223783,-1.712513,1.491188,3.065764,0.550489,-0.254582,-0.285089,-0.159202,-0.035553,-0.155278,-1.164525,1.412092
23.743045,-1.731334,-2.452826,-1.640598,-0.729621,-1.121609,-0.956139,0.521586,-0.266579,-1.010553,-0.493414,-0.093866,-0.687209,-0.416543,0.054882,-0.474651,0.187984,0.223621,-1.712545,1.491032,3.064606,0.551892,-0.255525,-0.286573,-0.159184,-0.034971,-0.155336,-1.165829,1.413716
23.743965,-1.733654,-2.454865,-1.634562,-0.730247,-1.122120,-0.948269,0.522800,-0.215692,-1.112944,-0.446929,-0.053123,-0.692461,-0.418838,0.054853,-0.474912,0.187699,0.223457,-1.712581,1.490887,3.063428,0.553302,-0.256573,-0.285093,-0.160349,-0.034996,-0.152339,-1.165876,1.409355
23.744943,-1.733452,-2.446557,-1.628091,-0.733112,-1.117844,-0.943831,0.520076,-0.163844,-1.213097,-0.399633,-0.012711,-0.697364,-0.422042,0.054832,-0.475163,0.187420,0.223290,-1.712618,1.490736,3.062234,0.554707,-0.254972,-0.283562,-0.163227,-0.035322,-0.151621,-1.173137,1.406513
23.746075,-1.723175,-2.448090,-1.630286,-0.731403,-1.120210,-0.940766,0.522992,-0.112478,-1.306412,-0.352844,0.024946,-0.701605,-0.426013,0.054873,-0.475421,0.187127,0.223116,-1.712648,1.490573,3.061055,0.556117,-0.254762,-0.287264,-0.166346,-0.033639,-0.155674,-1.177365,1.411926
23.747019,-1.723731,-2.442988,-1.633760,-0.730872,-1.122217,-0.939625,0.525675,-0.060035,-1.384189,-0.305190,0.055480,-0.704848,-0.430928,0.055047,-0.475689,0.186844,0.222951,-1.712692,1.490422,3.059866,0.557519,-0.259944,-0.286552,-0.165525,-0.036597,-0.153314,-1.181279,1.406781
23.747960,-1.727585,-2.444590,-1.620442,-0.733912,-1.123740,-0.937670,0.526065,-0.006343,-1.446218,-0.256439,0.079811,-0.707188,-0.436673,0.055322,-0.475946,0.186553,0.222789,-1.712732,1.490274,3.058696,0.558922,-0.259201,-0.288540,-0.163732,-0.038037,-0.151143,-1.182021,1.401127
23.748963,-1.728672,-2.445234,-1.619599,-0.738460,-1.125592,-0.931385,0.525005,0.044607,-1.494562,-0.210180,0.099732,-0.708722,-0.442822,0.055668,-0.476199,0.186266,0.222604,-1.712762,1.490129,3.057514,0.560312,-0.256872,-0.287171,-0.170154,-0.036119,-0.149484,-1.183524,1.400144
23.749960,-1.718290,-2.442451,-1.620919,-0.738961,-1.127930,-0.925665,0.524794,0.091465,-1.529928,-0.167728,0.114519,-0.709473,-0.449182,0.056109,-0.476454,0.185984,0.222433,-1.712789,1.489983,3.056305,0.561719,-0.256135,-0.286556,-0.170479,-0.032900,-0.147569,-1.189670,1.402334
23.750990,-1.720981,-2.441460,-1.621464,-0.738294,-1.127236,-0.919249,0.523302,0.135256,-1.553037,-0.128173,0.123331,-0.709597,-0.455671,0.056648,-0.476723,0.185691,0.222263,-1.712824,1.489840,3.055112,0.563112,-0.260964,-0.287530,-0.169786,-0.033574,-0.145180,-1.195256,1.402798
23.751999,-1.727800,-2.438115,-1.613094,-0.739035,-1.126385,-0.916286,0.521795,0.175674,-1.565349,-0.091771,0.127281,-0.709395,-0.462026,0.057234,-0.476982,0.185406,0.222093,-1.712862,1.489692,3.053894,0.564546,-0.259369,-0.287770,-0.169549,-0.035386,-0.145866,-1.201632,1.405893
23.753013,-1.722925,-2.436364,-1.615955,-0.739552,-1.126686,-0.915228,0.522440,0.208346,-1.568947,-0.062417,0.128557,-0.709070,-0.467583,0.057791,-0.477228,0.185114,0.221912,-1.712898,1.489542,3.052699,0.565954,-0.255844,-0.289053,-0.173642,-0.035772,-0.146622,-1.204505,1.408970
23.753952,-1.721715,-2.434364,-1.620764,-0.739195,-1.128182,-0.921110,0.522286,0.230649,-1.563788,-0.042428,0.127671,-0.708640,-0.471832,0.058239,-0.477489,0.184819,0.221742,-1.712936,1.489400,3.051493,0.567343,-0.258071,-0.289511,-0.172160,-0.036369,-0.146297,-1.205455,1.407807
23.755067,-1.724064,-2.430642,-1.617635,-0.743892,-1.125450,-0.927351,0.520558,0.243224,-1.550556,-0.031172,0.125212,-0.708175,-0.474572,0.058541,-0.477746,0.184531,0.221579,-1.712975,1.489258,3.050305,0.568754,-0.258230,-0.289946,-0.169683,-0.037656,-0.144678,-1.198986,1.407784
23.755938,-1.725667,-2.435499,-1.613918,-0.744684,-1.126162,-0.930330,0.520570,0.246010,-1.527432,-0.028796,0.120140,-0.707578,-0.475805,0.058739,-0.478000,0.184234,0.221402,-1.713004,1.489101,3.049138,0.570189,-0.257148,-0.291700,-0.171410,-0.034448,-0.147434,-1.193617,1.411841
23.756923,-1.721317,-2.436630,-1.617659,-0.748267,-1.128967,-0.930007,0.522247,0.241168,-1.494165,-0.033558,0.111270,-0.706756,-0.475795,0.058856,-0.478252,0.183951,0.221223,-1.713040,1.488958,3.047952,0.571581,-0.255785,-0.288517,-0.172883,-0.034553,-0.146473,-1.189682,1.411125
23.758087,-1.726609,-2.428181,-1.615521,-0.752241,-1.129730,-0.934680,0.518479,0.231689,-1.459119,-0.042754,0.101711,-0.705935,-0.474629,0.058865,-0.478514,0.183665,0.221057,-1.713066,1.488819,3.046761,0.572987,-0.257637,-0.287573,-0.170967,-0.032287,-0.143627,-1.189836,1.407678
23.758939,-1.727861,-2.425385,-1.607074,-0.754246,-1.125378,-0.937018,0.518223,0.217908,-1.421457,-0.056107,0.090323,-0.704976,-0.472465,0.058791,-0.478766,0.183363,0.220882,-1.713091,1.488675,3.045591,0.574404,-0.255218,-0.291809,-0.172315,-0.030028,-0.143074,-1.186316,1.416241
23.760014,-1.721779,-2.416363,-1.610810,-0.753506,-1.129919,-0.945080,0.520734,0.200462,-1.370369,-0.073234,0.071177,-0.703421,-0.469815,0.058725,-0.479015,0.183069,0.220699,-1.713117,1.488522,3.044417,0.575824,-0.254032,-0.292272,-0.176094,-0.029095,-0.147128,-1.182945,1.415798
23.761079,-1.717418,-2.413467,-1.619763,-0.755382,-1.130535,-0.944672,0.521568,0.183633,-1.302432,-0.090286,0.042775,-0.701263,-0.467357,0.058702,-0.479279,0.182763,0.220529,-1.713153,1.488387,3.043266,0.577215,-0.256981,-0.296460,-0.174293,-0.031149,-0.142649,-1.175509,1.411235
23.762022,-1.719648,-2.414331,-1.612052,-0.755142,-1.131662,-0.943567,0.519212,0.168774,-1.219056,-0.105863,0.006755,-0.698658,-0.465487,0.058691,-0.479543,0.182461,0.220369,-1.713182,1.488249,3.042085,0.578633,-0.259007,-0.297532,-0.170014,-0.030666,-0.142180,-1.176424,1.409944
23.762959,-1.718323,-2.416350,-1.611103,-0.759413,-1.130304,-0.935647,0.517570,0.153522,-1.127473,-0.121934,-0.032798,-0.695825,-0.464064,0.058704,-0.479794,0.182169,0.220191,-1.713214,1.488112,3.040896,0.580071,-0.257507,-0.296483,-0.173722,-0.032013,-0.140985,-1.177039,1.414289
23.764123,-1.713259,-2.417547,-1.612495,-0.761136,-1.134571,-0.937582,0.518898,0.125479,-0.965121,-0.151886,-0.103180,-0.690850,-0.461724,0.058806,-0.480322,0.181582,0.219849,-1.713264,1.487837,3.038517,0.582896,-0.260357,-0.294316,-0.173586,-0.028997,-0.138226,-1.183545,1.415421
23.765041,-1.708355,-2.415777,-1.608519,-0.761944,-1.136522,-0.930710,0.515030,0.125479,-0.965121,-0.151886,-0.103180,-0.690850,-0.461724,0.058806,-0.480322,0.181582,0.219849,-1.713264,1.487837,3.038517,0.582896,-0.260357,-0.294316,-0.173586,-0.028997,-0.138226,-1.183545,1.415421
23.765990,-1.708690,-2.409999,-1.606442,-0.761428,-1.137499,-0.933176,0.514155,0.119113,-0.904380,-0.159888,-0.130702,-0.689139,-0.460964,0.058816,-0.480585,0.181286,0.219671,-1.713294,1.487705,3.037327,0.584341,-0.262235,-0.294484,-0.175309,-0.029293,-0.136248,-1.189816,1.422648
23.767053,-1.713311,-2.411587,-1.607064,-0.762167,-1.140628,-0.932905,0.516645,0.121598,-0.856128,-0.159963,-0.153282,-0.688124,-0.460782,0.058822,-0.480845,0.180982,0.219492,-1.713326,1.487569,3.036134,0.585755,-0.261608,-0.296676,-0.176108,-0.030941,-0.135242,-1.186794,1.424044
23.768073,-1.709419,-2.408833,-1.607042,-0.766084,-1.140855,-0.934795,0.514864,0.127783,-0.817279,-0.156702,-0.171362,-0.687670,-0.460857,0.058781,-0.481097,0.180690,0.219318,-1.713358,1.487445,3.034934,0.587176,-0.259275,-0.295622,-0.175843,-0.031549,-0.132337,-1.187389,1.419321
23.769015,-1.700170,-2.407924,-1.607512,-0.766709,-1.137841,-0.933992,0.512135,0.131757,-0.786040,-0.155265,-0.185596,-0.687596,-0.460741,0.058653,-0.481362,0.180390,0.219142,-1.713381,1.487313,3.033751,0.588594,-0.260968,-0.296569,-0.175799,-0.029055,-0.132241,-1.185572,1.423059
23.770074,-1.702374,-2.405542,-1.609001,-0.768413,-1.138891,-0.938789,0.512370,0.136336,-0.759532,-0.153130,-0.198426,-0.687829,-0.460678,0.058504,-0.481635,0.180095,0.218967,-1.713412,1.487169,3.032555,0.590042,-0.265002,-0.296369,-0.175359,-0.029607,-0.135162,-1.185860,1.428056
23.771018,-1.701790,-2.400705,-1.606948,-0.769287,-1.138873,-0.937912,0.515473,0.145116,-0.736211,-0.147117,-0.211069,-0.688340,-0.460994,0.058367,-0.481894,0.179794,0.218795,-1.713439,1.487038,3.031366,0.591481,-0.263728,-0.297226,-0.174685,-0.029338,-0.134231,-1.181344,1.427757
23.772005,-1.701150,-2.395279,-1.604935,-0.769536,-1.136341,-0.942166,0.515944,0.154823,-0.713981,-0.140186,-0.224032,-0.688862,-0.461540,0.058166,-0.482157,0.179489,0.218618,-1.713469,1.486907,3.030196,0.592877,-0.263557,-0.298900,-0.175503,-0.029632,-0.134264,-1.181913,1.421240
23.772981,-1.700251,-2.391631,-1.603376,-0.771873,-1.136400,-0.943046,0.513738,0.163030,-0.688817,-0.134563,-0.238723,-0.689065,-0.462300,0.057898,-0.482414,0.179184,0.218442,-1.713503,1.486764,3.029017,0.594301,-0.263583,-0.301007,-0.176392,-0.030531,-0.136767,-1.177489,1.420226
23.773958,-1.694293,-2.385822,-1.602457,-0.772603,-1.138910,-0.948653,0.516303,0.170472,-0.657936,-0.129601,-0.256372,-0.688750,-0.463464,0.057694,-0.482679,0.178879,0.218263,-1.713531,1.486624,3.027855,0.595745,-0.263616,-0.302165,-0.176990,-0.029454,-0.136640,-1.176548,1.424426
23.775062,-1.693798,-2.385509,-1.601527,-0.774097,-1.139569,-0.950763,0.517940,0.179324,-0.620089,-0.123345,-0.277802,-0.687845,-0.465297,0.057610,-0.482953,0.178569,0.218083,-1.713562,1.486493,3.026688,0.597169,-0.266100,-0.304371,-0.177254,-0.029944,-0.134158,-1.170780,1.419024
23.776109,-1.695567,-2.386031,-1.592965,-0.775243,-1.137757,-0.950818,0.517367,0.192476,-0.577174,-0.113226,-0.302161,-0.686494,-0.468067,0.057570,-0.483215,0.178265,0.217905,-1.713593,1.486359,3.025517,0.598565,-0.266299,-0.304263,-0.177816,-0.029896,-0.133724,-1.169474,1.416429
23.777033,-1.695368,-2.382213,-1.594553,-0.776026,-1.137572,-0.945417,0.516711,0.210900,-0.535847,-0.098341,-0.326264,-0.684993,-0.471748,0.057554,-0.483481,0.177961,0.217714,-1.713626,1.486217,3.024356,0.599970,-0.265173,-0.303574,-0.181947,-0.030026,-0.135593,-1.169854,1.417909
23.778006,-1.682624,-2.380611,-1.592209,-0.777269,-1.135926,-0.943070,0.516659,0.232074,-0.501682,-0.080804,-0.347438,-0.683517,-0.476012,0.057627,-0.483743,0.177657,0.217533,-1.713659,1.486082,3.023173,0.601418,-0.264743,-0.304706,-0.180799,-0.030288,-0.135703,-1.174706,1.418639
23.779038,-1.685693,-2.381348,-1.591123,-0.777092,-1.132262,-0.938844,0.517126,0.255144,-0.475396,-0.061254,-0.365448,-0.682136,-0.480723,0.057793,-0.484027,0.177353,0.217350,-1.713688,1.485938,3.022005,0.602828,-0.270528,-0.304842,-0.181749,-0.030282,-0.137272,-1.176879,1.418587
23.779960,-1.682816,-2.380395,-1.589730,-0.774975,-1.131936,-0.935523,0.517900,0.282399,-0.458826,-0.037627,-0.379573,-0.681036,-0.485893,0.058004,-0.484295,0.177049,0.217165,-1.713723,1.485792,3.020814,0.604231,-0.268626,-0.303998,-0.182156,-0.031698,-0.140932,-1.181256,1.417866
23.780959,-1.679378,-2.379921,-1.586374,-0.775586,-1.130083,-0.933053,0.517332,0.310520,-0.456758,-0.012850,-0.386706,-0.680377,-0.491014,0.058215,-0.484564,0.176747,0.216984,-1.713763,1.485649,3.019616,0.605645,-0.269474,-0.303706,-0.182536,-0.034693,-0.141086,-1.183873,1.415855
23.782011,-1.681118,-2.381170,-1.579301,-0.776162,-1.127463,-0.927539,0.514436,0.336607,-0.471644,0.010518,-0.384742,-0.680259,-0.495733,0.058426,-0.484836,0.176446,0.216797,-1.713801,1.485500,3.018440,0.607074,-0.270756,-0.303404,-0.183993,-0.035142,-0.142852,-1.186330,1.416946
23.782975,-1.679023,-2.379467,-1.578785,-0.775873,-1.125484,-0.923353,0.514487,0.362706,-0.502186,0.034282,-0.374483,-0.680729,-0.500205,0.058689,-0.485107,0.176148,0.216605,-1.713838,1.485346,3.017234,0.608498,-0.269589,-0.302440,-0.187363,-0.035775,-0.145410,-1.192057,1.423034
23.784012,-1.674424,-2.377192,-1.580705,-0.776988,-1.126261,-0.916192,0.513845,0.388449,-0.545721,0.058131,-0.357515,-0.681707,-0.504405,0.059027,-0.485377,0.175843,0.216419,-1.713878,1.485198,3.016041,0.609927,-0.270143,-0.302616,-0.187302,-0.037020,-0.147240,-1.195857,1.422598
23.785080,-1.676699,-2.377735,-1.580428,-0.777304,-1.124302,-0.912144,0.515941,0.411140,-0.597310,0.079666,-0.336150,-0.682980,-0.508098,0.059401,-0.485654,0.175537,0.216235,-1.713917,1.485054,3.014820,0.611339,-0.272067,-0.303286,-0.186222,-0.037022,-0.146443,-1.203036,1.424108
23.785976,-1.671469,-2.379439,-1.583443,-0.779408,-1.124411,-0.911723,0.514785,0.427420,-0.651858,0.095859,-0.312753,-0.684286,-0.510838,0.059779,-0.485918,0.175237,0.216049,-1.713956,1.484903,3.013596,0.612761,-0.270742,-0.302693,-0.186284,-0.037884,-0.148407,-1.207244,1.420204
23.786953,-1.665606,-2.377012,-1.584312,-0.779600,-1.125706,-0.917789,0.514444,0.434545,-0.708365,0.104271,-0.287865,-0.685485,-0.512024,0.060180,-0.486195,0.174936,0.215867,-1.713992,1.484755,3.012403,0.614179,-0.272601,-0.300985,-0.184381,-0.036694,-0.148043,-1.206775,1.421966
23.788091,-1.664716,-2.377308,-1.591443,-0.781179,-1.126171,-0.923919,0.517244,0.434579,-0.766141,0.106722,-0.262082,-0.686598,-0.511557,0.060611,-0.486475,0.174633,0.215685,-1.714033,1.484613,3.011211,0.615607,-0.274943,-0.301596,-0.183745,-0.037472,-0.146683,-1.200385,1.422440
23.789032,-1.666949,-2.377951,-1.593315,-0.781298,-1.122751,-0.926452,0.515606,0.430128,-0.821542,0.105416,-0.237059,-0.687634,-0.509726,0.061009,-0.486750,0.174331,0.215511,-1.714071,1.484464,3.010018,0.617023,-0.275296,-0.301324,-0.180366,-0.037233,-0.146321,-1.195129,1.417546
23.790043,-1.668873,-2.371434,-1.590938,-0.780785,-1.120505,-0.924753,0.514570,0.417312,-0.872570,0.096763,-0.213272,-0.688482,-0.506442,0.061321,-0.487020,0.174030,0.215335,-1.714112,1.484310,3.008840,0.618435,-0.273580,-0.300276,-0.179235,-0.038024,-0.149544,-1.192186,1.420567
23.790968,-1.666870,-2.371457,-1.594739,-0.784979,-1.121984,-0.928078,0.516308,0.392019,-0.917652,0.076953,-0.191055,-0.689017,-0.501628,0.061546,-0.487285,0.173723,0.215155,-1.714154,1.484155,3.007642,0.619863,-0.272306,-0.303010,-0.180327,-0.039525,-0.151639,-1.193870,1.422633
23.792070,-1.661962,-2.359191,-1.599777,-0.784297,-1.120273,-0.931975,0.516009,0.354980,-0.951907,0.046515,-0.173105,-0.689086,-0.495646,0.061661,-0.487561,0.173422,0.214981,-1.714186,1.484009,3.006470,0.621259,-0.272629,-0.302201,-0.178171,-0.036374,-0.149949,-1.189976,1.418732
23.792935,-1.659799,-2.357070,-1.600960,-0.783195,-1.116694,-0.937145,0.514943,0.308902,-0.967772,0.007768,-0.163861,-0.688479,-0.489096,0.061630,-0.487840,0.173101,0.214811,-1.714228,1.483858,3.005286,0.622691,-0.274872,-0.307945,-0.175829,-0.038292,-0.151725,-1.186749,1.419880
23.793946,-1.660375,-2.354808,-1.602016,-0.783741,-1.117180,-0.935839,0.514885,0.257014,-0.960417,-0.036477,-0.165431,-0.687177,-0.482629,0.061475,-0.488112,0.172794,0.214638,-1.714271,1.483698,3.004106,0.624132,-0.275118,-0.307935,-0.174927,-0.040071,-0.154918,-1.180570,1.421133
23.794982,-1.658111,-2.354610,-1.606803,-0.782261,-1.118204,-0.935401,0.515771,0.201205,-0.935474,-0.084467,-0.174493,-0.685447,-0.476494,0.061206,-0.488387,0.172482,0.214465,-1.714314,1.483541,3.002930,0.625543,-0.274382,-0.308441,-0.174359,-0.040500,-0.154232,-1.182025,1.421305
23.796021,-1.658214,-2.351713,-1.607248,-0.784469,-1.113374,-0.932240,0.512740,0.140961,-0.903531,-0.136507,-0.185586,-0.683599,-0.470508,0.060804,-0.488664,0.172178,0.214301,-1.714360,1.483392,3.001738,0.626965,-0.275127,-0.308075,-0.172066,-0.042941,-0.153157,-1.182601,1.419676
23.797087,-1.659611,-2.352704,-1.608011,-0.785464,-1.113182,-0.931155,0.511238,0.075834,-0.870547,-0.192951,-0.195797,-0.681751,-0.464545,0.060324,-0.488934,0.171865,0.214129,-1.714399,1.483223,3.000553,0.628411,-0.274775,-0.308994,-0.171905,-0.041838,-0.157801,-1.186010,1.425899
23.798073,-1.654963,-2.351636,-1.616495,-0.787351,-1.115607,-0.925471,0.513768,0.006435,-0.837959,-0.253326,-0.205129,-0.679800,-0.458611,0.059864,-0.489207,0.171556,0.213960,-1.714439,1.483067,2.999352,0.629837,-0.273808,-0.308050,-0.171643,-0.041999,-0.157871,-1.187383,1.429194
23.799020,-1.657527,-2.353202,-1.617122,-0.786092,-1.115845,-0.927538,0.517031,-0.146500,-0.783403,-0.387122,-0.218379,-0.675400,-0.446113,0.058940,-0.489753,0.170943,0.213637,-1.714528,1.482757,2.996953,0.632681,-0.273762,-0.306400,-0.167100,-0.043112,-0.154804,-1.190197,1.417048
23.800050,-1.658265,-2.346635,-1.612969,-0.787223,-1.114583,-0.925290,0.514448,-0.146500,-0.783403,-0.387122,-0.218379,-0.675400,-0.446113,0.058940,-0.489753,0.170943,0.213637,-1.714528,1.482757,2.996953,0.632681,-0.273762,-0.306400,-0.167100,-0.043112,-0.154804,-1.190197,1.417048
23.801089,-1.651653,-2.345475,-1.620221,-0.787279,-1.114515,-0.928114,0.514080,-0.229356,-0.766162,-0.459935,-0.219606,-0.673171,-0.439356,0.058428,-0.490027,0.170631,0.213464,-1.714569,1.482600,2.995747,0.634104,-0.273028,-0.309156,-0.169204,-0.043006,-0.155943,-1.192512,1.422456
23.802011,-1.649441,-2.341527,-1.623978,-0.787361,-1.116901,-0.926576,0.515969,-0.310842,-0.750839,-0.531678,-0.219618,-0.670974,-0.432854,0.057964,-0.490307,0.170319,0.213310,-1.714615,1.482443,2.994545,0.635532,-0.275950,-0.309169,-0.165773,-0.043935,-0.155879,-1.189748,1.423302
23.803048,-1.654620,-2.336259,-1.617523,-0.789071,-1.114448,-0.929508,0.516217,-0.388142,-0.734646,-0.599817,-0.219930,-0.668810,-0.426906,0.057515,-0.490582,0.170003,0.213151,-1.714661,1.482294,2.993360,0.636926,-0.276330,-0.310208,-0.163858,-0.044576,-0.153254,-1.190708,1.419105
23.804149,-1.651907,-2.335421,-1.618535,-0.790826,-1.112784,-0.929903,0.519006,-0.461311,-0.715363,-0.664493,-0.221709,-0.666585,-0.421569,0.057024,-0.490849,0.169688,0.212980,-1.714703,1.482133,2.992166,0.638341,-0.273441,-0.312269,-0.167185,-0.043912,-0.155590,-1.187890,1.418845
23.805012,-1.644811,-2.331146,-1.623039,-0.791563,-1.112464,-0.931607,0.518031,-0.528683,-0.689453,-0.724305,-0.227307,-0.664129,-0.417058,0.056514,-0.491127,0.169374,0.212816,-1.714746,1.481972,2.990987,0.639733,-0.274622,-0.312290,-0.166897,-0.043321,-0.157174,-1.188212,1.413874
23.806012,-1.643179,-2.324997,-1.624136,-0.791875,-1.112205,-0.934708,0.517319,-0.587453,-0.657553,-0.776654,-0.237078,-0.661442,-0.413524,0.056055,-0.491410,0.169057,0.212655,-1.714790,1.481818,2.989802,0.641159,-0.277233,-0.313293,-0.164430,-0.043233,-0.157139,-1.185457,1.415052
23.806979,-1.642021,-2.323710,-1.623029,-0.795121,-1.110758,-0.937646,0.516668,-0.636831,-0.619949,-0.820742,-0.250878,-0.658550,-0.411016,0.055690,-0.491687,0.168740,0.212492,-1.714835,1.481657,2.988617,0.642591,-0.277527,-0.315658,-0.163956,-0.043843,-0.157181,-1.182285,1.416399
23.807964,-1.640232,-2.321347,-1.624318,-0.794034,-1.111510,-0.936380,0.514180,-0.709995,-0.526858,-0.886490,-0.291105,-0.652080,-0.409191,0.055102,-0.492241,0.168110,0.212166,-1.714923,1.481342,2.986265,0.645436,-0.277874,-0.315921,-0.163890,-0.043466,-0.157442,-1.180308,1.422356
23.809083,-1.636337,-2.320177,-1.624516,-0.793464,-1.110827,-0.937373,0.514462,-0.709995,-0.526858,-0.886490,-0.291105,-0.652080,-0.409191,0.055102,-0.492241,0.168110,0.212166,-1.714923,1.481342,2.986265,0.645436,-0.277874,-0.315921,-0.163890,-0.043466,-0.157442,-1.180308,1.422356
23.810065,-1.631820,-2.319683,-1.624416,-0.794043,-1.110214,-0.937353,0.512959,-0.749908,-0.444210,-0.922556,-0.329491,-0.646489,-0.411111,0.054556,-0.492811,0.167477,0.211836,-1.715014,1.481024,2.983919,0.648292,-0.281205,-0.315635,-0.164128,-0.045425,-0.158496,-1.180053,1.425220
23.810969,-1.628792,-2.322358,-1.619376,-0.793394,-1.106279,-0.933388,0.515340,-0.749908,-0.444210,-0.922556,-0.329491,-0.646489,-0.411111,0.054556,-0.492811,0.167477,0.211836,-1.715014,1.481024,2.983919,0.648292,-0.281205,-0.315635,-0.164128,-0.045425,-0.158496,-1.180053,1.425220
23.812104,-1.630378,-2.320191,-1.620074,-0.793924,-1.104750,-0.927121,0.515613,-0.752938,-0.421515,-0.925228,-0.340277,-0.644955,-0.413579,0.054307,-0.493091,0.167171,0.211666,-1.715063,1.480853,2.982723,0.649712,-0.281902,-0.313385,-0.166444,-0.046710,-0.162013,-1.183246,1.419793
23.813145,-1.628599,-2.312713,-1.617533,-0.795332,-1.101790,-0.922586,0.514558,-0.732157,-0.422598,-0.906149,-0.341424,-0.644281,-0.420457,0.053718,-0.493657,0.166533,0.211330,-1.715158,1.480513,2.980328,0.652556,-0.281367,-0.317323,-0.167715,-0.046795,-0.166119,-1.195039,1.422352
23.814159,-1.628322,-2.312997,-1.607428,-0.794590,-1.098667,-0.922097,0.513627,-0.732157,-0.422598,-0.906149,-0.341424,-0.644281,-0.420457,0.053718,-0.493657,0.166533,0.211330,-1.715158,1.480513,2.980328,0.652556,-0.281367,-0.317323,-0.167715,-0.046795,-0.166119,-1.195039,1.422352
23.815035,-1.627377,-2.310754,-1.611080,-0.793092,-1.099127,-0.919690,0.512769,-0.713827,-0.429596,-0.889508,-0.340191,-0.644239,-0.424699,0.053406,-0.493936,0.166219,0.211148,-1.715211,1.480339,2.979151,0.654000,-0.281019,-0.316496,-0.172669,-0.048314,-0.168915,-1.195572,1.424164
23.816023,-1.624783,-2.310456,-1.610336,-0.794500,-1.098810,-0.916220,0.512107,-0.688996,-0.439721,-0.866984,-0.337945,-0.644346,-0.429519,0.053152,-0.494217,0.165900,0.210979,-1.715264,1.480173,2.977952,0.655412,-0.280593,-0.316495,-0.170508,-0.050287,-0.167979,-1.196965,1.425166
23.816977,-1.625499,-2.308414,-1.609597,-0.796242,-1.097994,-0.907490,0.510447,-0.662446,-0.456991,-0.842684,-0.332000,-0.644626,-0.434365,0.052989,-0.494498,0.165587,0.210809,-1.715313,1.480005,2.976742,0.656845,-0.281324,-0.315927,-0.170861,-0.049643,-0.167999,-1.200156,1.426340
23.817981,-1.623901,-2.307739,-1.605614,-0.794689,-1.097777,-0.902350,0.511105,-0.638573,-0.480266,-0.820568,-0.323186,-0.644902,-0.438753,0.052929,-0.494777,0.165266,0.210636,-1.715361,1.479831,2.975527,0.658294,-0.280304,-0.316054,-0.171076,-0.048644,-0.168417,-1.208378,1.429273
23.819007,-1.619398,-2.303632,-1.607567,-0.795730,-1.097359,-0.903844,0.511208,-0.618411,-0.508518,-0.801638,-0.312305,-0.645139,-0.442326,0.052927,-0.495061,0.164956,0.210458,-1.715415,1.479664,2.974303,0.659710,-0.280555,-0.315758,-0.172969,-0.050915,-0.168355,-1.213218,1.427920
23.820010,-1.620267,-2.305445,-1.602499,-0.795466,-1.091919,-0.911024,0.508014,-0.600062,-0.541043,-0.784187,-0.299397,-0.645488,-0.444942,0.052901,-0.495344,0.164636,0.210290,-1.715466,1.479491,2.973090,0.661143,-0.282319,-0.317145,-0.172023,-0.050666,-0.168471,-1.211612,1.427784
23.820994,-1.620772,-2.303078,-1.604369,-0.794337,-1.088638,-0.914382,0.507960,-0.580460,-0.576118,-0.765516,-0.285263,-0.646128,-0.446682,0.052822,-0.495624,0.164321,0.210109,-1.715520,1.479308,2.971912,0.662576,-0.281346,-0.315527,-0.174441,-0.051644,-0.173524,-1.204376,1.434173
23.822102,-1.624929,-2.301839,-1.604183,-0.797388,-1.088817,-0.919123,0.508395,-0.559830,-0.614511,-0.745925,-0.269334,-0.647224,-0.447433,0.052692,-0.495900,0.164008,0.209939,-1.715576,1.479124,2.970718,0.664013,-0.280557,-0.316009,-0.173410,-0.053385,-0.176315,-1.200827,1.434026
23.822981,-1.621274,-2.301718,-1.596828,-0.797327,-1.084846,-0.917711,0.508038,-0.542982,-0.654475,-0.729841,-0.252179,-0.648696,-0.446889,0.052462,-0.496176,0.163691,0.209763,-1.715625,1.478947,2.969542,0.665429,-0.278294,-0.316232,-0.173641,-0.051329,-0.175875,-1.196832,1.433742
23.823985,-1.620470,-2.301015,-1.599555,-0.799158,-1.077600,-0.923583,0.505604,-0.530971,-0.692725,-0.718314,-0.235953,-0.650440,-0.445130,0.052136,-0.496461,0.163379,0.209579,-1.715679,1.478759,2.968343,0.666896,-0.279217,-0.315252,-0.176915,-0.051880,-0.179230,-1.197297,1.433557
23.825084,-1.617998,-2.308811,-1.598801,-0.798466,-1.074039,-0.928426,0.507366,-0.519684,-0.729731,-0.707651,-0.221226,-0.652562,-0.442563,0.051815,-0.496740,0.163067,0.209406,-1.715728,1.478559,2.967155,0.668345,-0.279107,-0.314959,-0.175453,-0.050836,-0.185912,-1.191309,1.438348
23.826048,-1.623552,-2.306953,-1.599360,-0.798991,-1.070393,-0.934164,0.508091,-0.507909,-0.770297,-0.696638,-0.205861,-0.655147,-0.439280,0.051547,-0.497022,0.162762,0.209228,-1.715787,1.478363,2.965989,0.669758,-0.280080,-0.310752,-0.175925,-0.052344,-0.189011,-1.187237,1.435304
23.827037,-1.625730,-2.304168,-1.596310,-0.796914,-1.066832,-0.932453,0.507986,-0.498303,-0.820456,-0.687535,-0.186450,-0.658165,-0.435130,0.051305,-0.497297,0.162455,0.209053,-1.715840,1.478168,2.964813,0.671194,-0.276690,-0.311016,-0.175481,-0.052440,-0.192042,-1.181223,1.433566
23.828007,-1.616380,-2.306120,-1.594550,-0.795336,-1.062487,-0.929661,0.508310,-0.495964,-0.877803,-0.684925,-0.163270,-0.661257,-0.430119,0.051094,-0.497565,0.162142,0.208874,-1.715900,1.477964,2.963637,0.672634,-0.275193,-0.311700,-0.176867,-0.055056,-0.194945,-1.182918,1.433617
23.829082,-1.614399,-2.306441,-1.594145,-0.798060,-1.060043,-0.925741,0.510210,-0.499272,-0.939450,-0.687353,-0.137157,-0.664241,-0.424777,0.050989,-0.497852,0.161833,0.208695,-1.715963,1.477755,2.962439,0.674055,-0.279222,-0.309979,-0.177552,-0.057065,-0.198559,-1.185369,1.432751
23.829975,-1.611459,-2.306227,-1.586890,-0.797657,-1.061189,-0.924501,0.511764,-0.500216,-1.006349,-0.687606,-0.108249,-0.667146,-0.419849,0.051046,-0.498132,0.161528,0.208514,-1.716015,1.477552,2.961230,0.675484,-0.279866,-0.309491,-0.177743,-0.055185,-0.200448,-1.189639,1.429287
23.830951,-1.613121,-2.305439,-1.583840,-0.799469,-1.062640,-0.919185,0.510747,-0.494304,-1.075955,-0.681753,-0.078814,-0.669762,-0.415763,0.051235,-0.498413,0.161219,0.208327,-1.716074,1.477353,2.960042,0.676890,-0.280488,-0.308639,-0.180958,-0.055967,-0.198523,-1.190004,1.425594
23.832007,-1.611782,-2.307431,-1.581704,-0.799811,-1.060926,-0.916884,0.510734,-0.480893,-1.145084,-0.669357,-0.050689,-0.671910,-0.412601,0.051530,-0.498690,0.160914,0.208142,-1.716129,1.477165,2.958830,0.678330,-0.279079,-0.308393,-0.182213,-0.054768,-0.196550,-1.194978,1.427436
23.832925,-1.606884,-2.307348,-1.579287,-0.799791,-1.057803,-0.916951,0.510428,-0.462769,-1.212170,-0.652965,-0.024512,-0.673526,-0.410042,0.051940,-0.498968,0.160609,0.207960,-1.716185,1.476967,2.957633,0.679769,-0.279413,-0.306980,-0.183222,-0.055178,-0.197780,-1.197513,1.427651
23.833948,-1.599049,-2.304131,-1.582046,-0.800296,-1.056172,-0.919342,0.508001,-0.441334,-1.277842,-0.633751,0.000214,-0.674782,-0.407814,0.052470,-0.499253,0.160301,0.207774,-1.716242,1.476762,2.956434,0.681186,-0.281058,-0.306155,-0.184049,-0.055663,-0.200150,-1.196688,1.427779
23.834989,-1.604043,-2.297096,-1.580510,-0.799592,-1.053304,-0.921346,0.509932,-0.414411,-1.340610,-0.609729,0.022952,-0.675954,-0.406118,0.053086,-0.499539,0.159992,0.207595,-1.716298,1.476558,2.955230,0.682631,-0.284458,-0.307236,-0.182562,-0.055844,-0.201154,-1.194268,1.432679
23.835984,-1.603357,-2.301214,-1.578750,-0.800446,-1.053367,-0.923409,0.509691,-0.384036,-1.392447,-0.582858,0.040350,-0.676977,-0.405098,0.053677,-0.499819,0.159675,0.207409,-1.716359,1.476347,2.954048,0.684066,-0.281480,-0.310172,-0.183215,-0.057159,-0.203373,-1.192517,1.428868
23.836974,-1.604286,-2.297242,-1.577010,-0.799195,-1.047747,-0.926648,0.507249,-0.356264,-1.429414,-0.558678,0.051300,-0.677740,-0.404479,0.054125,-0.500103,0.159368,0.207222,-1.716417,1.476149,2.952851,0.685487,-0.281262,-0.307447,-0.183860,-0.056889,-0.202687,-1.190284,1.429329
23.837917,-1.600253,-2.294528,-1.573287,-0.797863,-1.042235,-0.929767,0.507666,-0.333549,-1.456135,-0.539316,0.058493,-0.678434,-0.404006,0.054411,-0.500378,0.159060,0.207038,-1.716479,1.475931,2.951660,0.686936,-0.280287,-0.308827,-0.184526,-0.058629,-0.207563,-1.186862,1.434052
23.839036,-1.590764,-2.291618,-1.576271,-0.799446,-1.043731,-0.934467,0.506907,-0.313789,-1.474865,-0.522732,0.063437,-0.679211,-0.403889,0.054577,-0.500664,0.158750,0.206849,-1.716544,1.475707,2.950492,0.688355,-0.281561,-0.309355,-0.186020,-0.060271,-0.212147,-1.183378,1.432804
23.840068,-1.589423,-2.296766,-1.572176,-0.800848,-1.042496,-0.937516,0.508466,-0.291304,-1.483809,-0.503726,0.065248,-0.680071,-0.404770,0.054639,-0.500957,0.158440,0.206667,-1.716602,1.475504,2.949316,0.689796,-0.285991,-0.310553,-0.184572,-0.059504,-0.210108,-1.179516,1.434913
23.840965,-1.595324,-2.297163,-1.564340,-0.801337,-1.044427,-0.938509,0.508481,-0.260565,-1.484790,-0.477332,0.064079,-0.681038,-0.407147,0.054621,-0.501244,0.158137,0.206473,-1.716658,1.475290,2.948153,0.691238,-0.286096,-0.307477,-0.186415,-0.058828,-0.210665,-1.176777,1.431806
23.842108,-1.592199,-2.294201,-1.568385,-0.800771,-1.044553,-0.939061,0.507937,-0.222415,-1.485167,-0.444260,0.063085,-0.682145,-0.410798,0.054589,-0.501524,0.157829,0.206275,-1.716715,1.475090,2.946979,0.692662,-0.282286,-0.306370,-0.189779,-0.058751,-0.207954,-1.175068,1.431166
23.842996,-1.578977,-2.290710,-1.566457,-0.802351,-1.044859,-0.941110,0.509136,-0.182988,-1.487978,-0.409840,0.064183,-0.683240,-0.415182,0.054613,-0.501807,0.157523,0.206091,-1.716778,1.474885,2.945799,0.694107,-0.283735,-0.307726,-0.187796,-0.060089,-0.207390,-1.175511,1.432953
23.844046,-1.585507,-2.286100,-1.559249,-0.804727,-1.042422,-0.937790,0.506623,-0.142873,-1.488352,-0.374510,0.065124,-0.684134,-0.420423,0.054706,-0.502108,0.157213,0.205898,-1.716836,1.474681,2.944642,0.695542,-0.289294,-0.308493,-0.188266,-0.058869,-0.206276,-1.172757,1.429783
23.845033,-1.585093,-2.279461,-1.559155,-0.805436,-1.047005,-0.934489,0.508547,-0.097930,-1.479370,-0.334709,0.061645,-0.684634,-0.427047,0.054817,-0.502387,0.156901,0.205700,-1.716889,1.474472,2.943456,0.696969,-0.285558,-0.310301,-0.191629,-0.057290,-0.208117,-1.176423,1.435117
23.845969,-1.579124,-2.275256,-1.552669,-0.803109,-1.049654,-0.928367,0.509008,-0.052168,-1.454420,-0.294278,0.050122,-0.684361,-0.434823,0.054864,-0.502670,0.156584,0.205508,-1.716947,1.474278,2.942282,0.698398,-0.285189,-0.312856,-0.191331,-0.057165,-0.202893,-1.179629,1.431029
23.847015,-1.579164,-2.271756,-1.546115,-0.804588,-1.046603,-0.928755,0.507390,-0.009380,-1.413146,-0.256680,0.031102,-0.683337,-0.443317,0.054791,-0.502964,0.156264,0.205308,-1.717010,1.474085,2.941085,0.699810,-0.287321,-0.313991,-0.194089,-0.059876,-0.199646,-1.185197,1.429775
23.847962,-1.576101,-2.270610,-1.547618,-0.803582,-1.044691,-0.923517,0.507771,0.034658,-1.361141,-0.218069,0.007754,-0.682090,-0.452580,0.054633,-0.503248,0.155951,0.205107,-1.717066,1.473877,2.939894,0.701260,-0.286829,-0.315212,-0.197063,-0.059091,-0.202122,-1.184974,1.433163
23.849050,-1.574474,-2.266175,-1.549459,-0.805528,-1.046796,-0.921615,0.508678,0.080611,-1.303675,-0.177783,-0.017542,-0.680934,-0.462364,0.054450,-0.503539,0.155635,0.204912,-1.717130,1.473670,2.938707,0.702679,-0.287560,-0.314901,-0.195843,-0.060475,-0.203271,-1.189817,1.432029
23.850035,-1.573972,-2.261149,-1.542174,-0.804047,-1.043507,-0.914349,0.507868,0.122800,-1.243804,-0.140902,-0.043381,-0.679844,-0.471950,0.054223,-0.503830,0.155315,0.204720,-1.717186,1.473478,2.937504,0.704110,-0.287951,-0.316654,-0.194813,-0.059308,-0.200726,-1.192146,1.430634
23.851039,-1.570706,-2.257807,-1.534942,-0.804425,-1.041835,-0.913172,0.504637,0.158042,-1.181024,-0.110382,-0.070044,-0.678735,-0.480905,0.053948,-0.504113,0.154994,0.204514,-1.717252,1.473271,2.936283,0.705562,-0.287590,-0.318348,-0.198016,-0.061196,-0.203370,-1.199080,1.432035
23.852017,-1.564680,-2.250829,-1.537743,-0.803859,-1.043277,-0.911361,0.506108,0.190116,-1.115521,-0.082919,-0.097621,-0.677740,-0.489282,0.053694,-0.504406,0.154669,0.204305,-1.717314,1.473063,2.935090,0.706998,-0.288564,-0.319209,-0.201151,-0.061317,-0.204350,-1.200115,1.438476
23.852955,-1.565150,-2.253681,-1.536732,-0.802427,-1.044339,-0.918776,0.506474,0.223420,-1.047927,-0.054532,-0.125953,-0.676980,-0.497111,0.053501,-0.504702,0.154345,0.204110,-1.717379,1.472867,2.933886,0.708437,-0.290806,-0.321840,-0.199335,-0.062274,-0.202276,-1.201598,1.435201
23.853986,-1.566709,-2.256057,-1.530311,-0.803087,-1.047302,-0.922531,0.508996,0.256258,-0.981280,-0.026649,-0.153122,-0.676460,-0.503907,0.053343,-0.504991,0.154029,0.203910,-1.717446,1.472668,2.932718,0.709885,-0.289722,-0.319467,-0.199346,-0.063961,-0.200532,-1.193691,1.433996
23.854993,-1.570852,-2.252175,-1.529343,-0.805860,-1.048159,-0.926987,0.509336,0.285875,-0.925997,-0.001633,-0.173596,-0.676393,-0.509080,0.053197,-0.505278,0.153710,0.203702,-1.717510,1.472474,2.931532,0.711295,-0.288415,-0.317631,-0.202163,-0.063818,-0.197052,-1.190136,1.429105
23.855986,-1.561039,-2.248235,-1.532235,-0.807082,-1.047487,-0.923853,0.508139,0.310483,-0.885775,0.018960,-0.186180,-0.676762,-0.512468,0.053061,-0.505558,0.153390,0.203502,-1.717567,1.472283,2.930341,0.712731,-0.285818,-0.318870,-0.202251,-0.061658,-0.195708,-1.185619,1.428404
23.856955,-1.555909,-2.236569,-1.527236,-0.807902,-1.045196,-0.930062,0.509522,0.328131,-0.852358,0.033368,-0.196119,-0.677128,-0.514239,0.052955,-0.505857,0.153064,0.203305,-1.717628,1.472086,2.929159,0.714148,-0.290009,-0.319983,-0.200430,-0.060957,-0.195801,-1.188740,1.430771
23.858091,-1.560832,-2.231456,-1.525368,-0.809428,-1.045383,-0.934630,0.510858,0.342914,-0.814684,0.045182,-0.209816,-0.677171,-0.515122,0.052886,-0.506148,0.152733,0.203102,-1.717687,1.471886,2.927983,0.715572,-0.291802,-0.324871,-0.202477,-0.060654,-0.197460,-1.182208,1.427726
23.859005,-1.562590,-2.224219,-1.522557,-0.808304,-1.046344,-0.939610,0.514230,0.358635,-0.762935,0.057654,-0.232356,-0.676625,-0.515849,0.052826,-0.506435,0.152400,0.202897,-1.717747,1.471690,2.926821,0.717002,-0.289075,-0.326913,-0.203240,-0.059944,-0.196881,-1.178714,1.425762
23.860008,-1.564675,-2.220678,-1.519341,-0.808566,-1.046638,-0.937285,0.512197,0.370825,-0.695111,0.066701,-0.264060,-0.675272,-0.516329,0.052751,-0.506720,0.152061,0.202689,-1.717812,1.471502,2.925649,0.718422,-0.287361,-0.329277,-0.203986,-0.061346,-0.195300,-1.173115,1.418441
23.860980,-1.562204,-2.219267,-1.518375,-0.808324,-1.047856,-0.937476,0.510162,0.374713,-0.617142,0.068113,-0.301113,-0.673192,-0.516233,0.052709,-0.507000,0.151729,0.202482,-1.717875,1.471308,2.924458,0.719848,-0.285806,-0.330140,-0.205142,-0.061539,-0.194469,-1.175447,1.422583
23.862120,-1.557144,-2.216408,-1.518881,-0.807620,-1.049039,-0.935032,0.510476,0.370108,-0.538064,0.061888,-0.338802,-0.670690,-0.515475,0.052766,-0.507290,0.151398,0.202277,-1.717939,1.471119,2.923283,0.721287,-0.286335,-0.329859,-0.205108,-0.062195,-0.192707,-1.175032,1.426386
23.862985,-1.556693,-2.217978,-1.511820,-0.808442,-1.050660,-0.932832,0.506997,0.360257,-0.466536,0.051149,-0.372921,-0.668125,-0.514207,0.052906,-0.507583,0.151070,0.202073,-1.718006,1.470935,2.922091,0.722701,-0.288588,-0.330882,-0.204710,-0.063555,-0.191275,-1.178403,1.426505
23.864108,-1.564472,-2.223844,-1.510125,-0.812974,-1.054165,-0.930073,0.508193,0.350123,-0.409055,0.040415,-0.400491,-0.665820,-0.512720,0.053059,-0.507868,0.150743,0.201862,-1.718068,1.470748,2.920910,0.724146,-0.287813,-0.328815,-0.207484,-0.062939,-0.188982,-1.179592,1.432628
23.865115,-1.559896,-2.228010,-1.505970,-0.811911,-1.054449,-0.930842,0.508703,0.339805,-0.371877,0.029722,-0.419335,-0.663916,-0.510808,0.053193,-0.508146,0.150420,0.201652,-1.718121,1.470570,2.919716,0.725562,-0.283735,-0.325453,-0.208044,-0.059335,-0.185246,-1.183118,1.430833
23.866047,-1.557062,-2.226944,-1.505314,-0.811827,-1.056961,-0.927538,0.509053,0.326868,-0.361064,0.016944,-0.427295,-0.662537,-0.508045,0.053313,-0.508432,0.150106,0.201442,-1.718186,1.470388,2.918513,0.726999,-0.285490,-0.322716,-0.209648,-0.060907,-0.184575,-1.182189,1.429757
23.866942,-1.552994,-2.226445,-1.498484,-0.809749,-1.057779,-0.923903,0.508709,0.314087,-0.379030,0.004723,-0.422982,-0.661972,-0.504620,0.053438,-0.508719,0.149785,0.201233,-1.718250,1.470213,2.917328,0.728417,-0.286090,-0.322286,-0.209325,-0.061293,-0.181589,-1.184990,1.428650
23.867949,-1.549110,-2.225492,-1.502113,-0.810766,-1.059503,-0.922375,0.506621,0.305631,-0.422405,-0.003179,-0.407299,-0.662386,-0.501034,0.053558,-0.509010,0.149464,0.201015,-1.718317,1.470039,2.916123,0.729853,-0.287178,-0.321440,-0.211958,-0.063569,-0.180295,-1.187701,1.428655
23.868971,-1.551221,-2.223773,-1.494489,-0.812696,-1.061960,-0.922299,0.506137,0.302750,-0.484908,-0.005772,-0.382798,-0.663670,-0.497565,0.053663,-0.509297,0.149145,0.200812,-1.718379,1.469866,2.914919,0.731303,-0.288522,-0.321198,-0.209688,-0.063035,-0.178228,-1.189094,1.432765
23.870085,-1.552882,-2.222828,-1.500119,-0.813839,-1.061824,-0.926640,0.505863,0.303677,-0.557414,-0.004824,-0.354075,-0.665417,-0.494247,0.053772,-0.509584,0.148822,0.200592,-1.718440,1.469698,2.913737,0.732730,-0.286887,-0.321336,-0.212981,-0.061670,-0.175516,-1.189269,1.433766
23.871168,-1.548511,-2.221671,-1.497207,-0.814370,-1.064947,-0.929681,0.505939,0.303614,-0.629948,-0.004729,-0.326210,-0.667072,-0.490894,0.053906,-0.509867,0.148505,0.200389,-1.718500,1.469527,2.912556,0.734171,-0.285823,-0.321443,-0.209907,-0.061309,-0.175513,-1.185656,1.434839
23.871990,-1.550326,-2.218636,-1.498306,-0.815699,-1.068563,-0.930350,0.505612,0.299082,-0.696857,-0.008577,-0.301621,-0.668316,-0.487417,0.054072,-0.510157,0.148183,0.200175,-1.718561,1.469360,2.911386,0.735620,-0.287614,-0.321499,-0.211027,-0.061468,-0.172200,-1.183247,1.435001
23.873059,-1.551718,-2.225148,-1.495177,-0.817997,-1.070225,-0.929863,0.505506,0.290062,-0.755749,-0.016374,-0.281086,-0.669058,-0.484014,0.054249,-0.510445,0.147861,0.199964,-1.718619,1.469204,2.910209,0.737044,-0.285547,-0.321679,-0.209583,-0.060370,-0.168160,-1.181313,1.434598
23.873955,-1.545746,-2.215937,-1.492337,-0.814993,-1.073733,-0.933708,0.503056,0.275150,-0.808547,-0.029414,-0.263675,-0.669271,-0.480625,0.054401,-0.510726,0.147551,0.199754,-1.718675,1.469042,2.909019,0.738484,-0.284511,-0.317960,-0.210806,-0.058838,-0.166390,-1.182228,1.435096
23.875006,-1.542601,-2.213820,-1.491540,-0.816666,-1.076697,-0.933182,0.501177,0.256310,-0.858536,-0.045895,-0.247572,-0.669150,-0.477453,0.054529,-0.511015,0.147221,0.199538,-1.718745,1.468885,2.907867,0.739923,-0.286597,-0.321441,-0.211439,-0.061999,-0.162537,-1.177727,1.439336
23.876032,-1.543383,-2.211071,-1.493694,-0.814612,-1.080558,-0.935391,0.501961,0.239708,-0.901947,-0.060224,-0.233955,-0.668905,-0.475313,0.054630,-0.511307,0.146901,0.199328,-1.718802,1.468730,2.906685,0.741371,-0.287622,-0.321866,-0.211422,-0.060995,-0.159500,-1.178628,1.443234
23.877073,-1.543519,-2.210495,-1.490479,-0.814831,-1.083393,-0.927224,0.502420,0.225347,-0.935161,-0.072400,-0.223951,-0.668537,-0.474441,0.054655,-0.511589,0.146575,0.199120,-1.718872,1.468582,2.905526,0.742821,-0.286728,-0.322494,-0.209899,-0.063460,-0.155575,-1.176667,1.441604
23.878028,-1.539344,-2.207900,-1.489359,-0.816425,-1.083655,-0.925419,0.500751,0.208621,-0.961157,-0.086598,-0.215386,-0.668069,-0.474376,0.054574,-0.511873,0.146248,0.198905,-1.718934,1.468437,2.904329,0.744252,-0.286207,-0.322055,-0.211058,-0.063783,-0.152754,-1.185088,1.440849
23.878944,-1.535448,-2.203482,-1.485884,-0.817790,-1.083257,-0.921370,0.499541,0.188819,-0.982196,-0.103486,-0.207271,-0.667559,-0.474862,0.054421,-0.512161,0.145928,0.198693,-1.718997,1.468286,2.903133,0.745703,-0.287558,-0.322470,-0.210993,-0.062578,-0.152340,-1.186382,1.443811
23.880009,-1.524399,-2.203555,-1.487818,-0.813328,-1.083386,-0.927391,0.500475,0.169447,-0.995543,-0.119901,-0.202016,-0.666977,-0.476082,0.054259,-0.512452,0.145599,0.198478,-1.719056,1.468131,2.901933,0.747168,-0.288604,-0.323566,-0.212004,-0.061610,-0.152471,-1.189707,1.445531
23.880998,-1.531040,-2.200524,-1.483970,-0.816822,-1.086506,-0.923523,0.502380,0.155890,-1.001863,-0.130933,-0.199356,-0.666499,-0.478376,0.054110,-0.512757,0.145279,0.198271,-1.719132,1.467984,2.900769,0.748594,-0.293524,-0.322949,-0.210674,-0.066431,-0.152347,-1.184128,1.443944
23.881985,-1.533339,-2.201977,-1.483600,-0.817421,-1.089420,-0.920137,0.502299,0.149627,-1.005570,-0.135244,-0.196396,-0.666292,-0.481733,0.053967,-0.513036,0.144952,0.198058,-1.719189,1.467842,2.899575,0.750031,-0.289569,-0.323608,-0.212071,-0.063452,-0.149157,-1.187892,1.439944
23.882989,-1.529490,-2.193394,-1.481665,-0.817857,-1.089762,-0.910773,0.503071,0.142940,-1.006983,-0.139906,-0.193093,-0.666030,-0.485409,0.053862,-0.513321,0.144628,0.197846,-1.719254,1.467706,2.898386,0.751457,-0.287810,-0.322009,-0.211682,-0.063291,-0.146262,-1.191097,1.440020
23.883999,-1.518347,-2.190666,-1.487373,-0.818073,-1.090839,-0.910621,0.504844,0.129579,-1.003655,-0.150604,-0.191016,-0.665365,-0.488747,0.053846,-0.513612,0.144298,0.197635,-1.719317,1.467560,2.897171,0.752899,-0.289119,-0.325495,-0.212153,-0.063338,-0.145883,-1.200312,1.438363
23.885053,-1.515906,-2.184888,-1.485567,-0.816285,-1.093417,-0.911748,0.504853,0.112246,-0.991221,-0.164867,-0.192447,-0.664216,-0.491816,0.053914,-0.513915,0.143969,0.197433,-1.719382,1.467419,2.895983,0.754314,-0.293939,-0.325996,-0.208876,-0.063576,-0.144792,-1.200367,1.434842
23.886071,-1.520827,-2.182017,-1.485725,-0.820106,-1.097616,-0.920514,0.507381,0.096000,-0.968284,-0.178118,-0.197893,-0.662690,-0.494799,0.054011,-0.514212,0.143635,0.197221,-1.719450,1.467288,2.894785,0.755772,-0.294544,-0.328140,-0.209398,-0.065835,-0.142360,-1.199465,1.434979
23.886966,-1.522953,-2.182375,-1.487861,-0.818741,-1.098568,-0.921718,0.505859,0.080528,-0.934893,-0.190727,-0.207055,-0.660822,-0.497467,0.054081,-0.514498,0.143307,0.197014,-1.719508,1.467156,2.893595,0.757192,-0.291496,-0.328757,-0.208878,-0.062609,-0.138242,-1.190659,1.429942
23.888028,-1.521935,-2.180217,-1.486652,-0.821402,-1.099660,-0.929937,0.505840,0.059057,-0.892726,-0.208856,-0.219217,-0.658538,-0.499078,0.054133,-0.514784,0.142978,0.196809,-1.719576,1.467019,2.892422,0.758611,-0.289542,-0.327377,-0.207143,-0.064166,-0.137199,-1.188797,1.432438
23.889056,-1.522183,-2.175578,-1.490710,-0.823787,-1.101562,-0.930689,0.506351,0.027798,-0.847691,-0.235863,-0.231725,-0.656031,-0.499107,0.054225,-0.515071,0.142654,0.196606,-1.719634,1.466886,2.891244,0.760048,-0.289627,-0.327859,-0.207470,-0.062177,-0.136257,-1.180934,1.432705
23.890037,-1.521942,-2.173052,-1.490600,-0.823440,-1.101869,-0.938295,0.505427,-0.058340,-0.745280,-0.311448,-0.262792,-0.650716,-0.495127,0.054377,-0.515649,0.141988,0.196201,-1.719755,1.466622,2.888908,0.762910,-0.288371,-0.329638,-0.204681,-0.061253,-0.134215,-1.172716,1.433441
23.891061,-1.529101,-2.171699,-1.492360,-0.825911,-1.103292,-0.941048,0.505873,-0.058340,-0.745280,-0.311448,-0.262792,-0.650716,-0.495127,0.054377,-0.515649,0.141988,0.196201,-1.719755,1.466622,2.888908,0.762910,-0.288371,-0.329638,-0.204681,-0.061253,-0.134215,-1.172716,1.433441
23.892059,-1.530902,-2.167770,-1.495839,-0.827004,-1.104462,-0.947239,0.502149,-0.113976,-0.687106,-0.360928,-0.282356,-0.647951,-0.491200,0.054316,-0.515922,0.141661,0.196001,-1.719813,1.466490,2.887736,0.764344,-0.284379,-0.329542,-0.203455,-0.059399,-0.132881,-1.170207,1.432568
23.893030,-1.530359,-2.162743,-1.498545,-0.824795,-1.102958,-0.945712,0.502735,-0.182120,-0.626670,-0.422016,-0.303556,-0.645094,-0.485728,0.054183,-0.516204,0.141325,0.195805,-1.719871,1.466362,2.886585,0.765784,-0.282941,-0.330564,-0.201362,-0.058915,-0.131826,-1.164107,1.439977
23.893949,-1.531157,-2.158540,-1.495533,-0.822850,-1.100340,-0.942812,0.502687,-0.355612,-0.503839,-0.578328,-0.347146,-0.639316,-0.470954,0.053736,-0.516763,0.140656,0.195410,-1.720006,1.466085,2.884245,0.768672,-0.281457,-0.332973,-0.200617,-0.063609,-0.135845,-1.167902,1.437944
23.895078,-1.527448,-2.158842,-1.499711,-0.825226,-1.098161,-0.934480,0.503910,-0.355612,-0.503839,-0.578328,-0.347146,-0.639316,-0.470954,0.053736,-0.516763,0.140656,0.195410,-1.720006,1.466085,2.884245,0.768672,-0.281457,-0.332973,-0.200617,-0.063609,-0.135845,-1.167902,1.437944
23.895997,-1.527463,-2.155894,-1.497749,-0.826349,-1.098900,-0.929413,0.504991,-0.451543,-0.449173,-0.664928,-0.365205,-0.636676,-0.462580,0.053388,-0.517051,0.140322,0.195214,-1.720065,1.465944,2.883048,0.770096,-0.283087,-0.332284,-0.198423,-0.062034,-0.138192,-1.177087,1.436172
23.897017,-1.523314,-2.159478,-1.495796,-0.824825,-1.101420,-0.928007,0.503656,-0.547418,-0.402530,-0.751637,-0.380423,-0.634078,-0.453939,0.052992,-0.517329,0.139992,0.195017,-1.720128,1.465808,2.881847,0.771531,-0.282317,-0.332633,-0.198919,-0.061227,-0.137336,-1.181373,1.433443
23.898074,-1.523119,-2.153741,-1.492530,-0.824938,-1.102034,-0.928412,0.503582,-0.638162,-0.368182,-0.833878,-0.391437,-0.631607,-0.445266,0.052616,-0.517615,0.139664,0.194814,-1.720196,1.465678,2.880674,0.772980,-0.283862,-0.330031,-0.199518,-0.063172,-0.134922,-1.182910,1.436137
23.899018,-1.517265,-2.157169,-1.494778,-0.825024,-1.107526,-0.925193,0.504421,-0.717655,-0.350651,-0.906021,-0.395843,-0.629587,-0.436973,0.052308,-0.517900,0.139331,0.194607,-1.720261,1.465547,2.879485,0.774405,-0.283516,-0.332203,-0.200804,-0.063607,-0.134487,-1.182799,1.436526
23.899970,-1.512024,-2.152465,-1.495591,-0.824316,-1.111729,-0.921780,0.505171,-0.783094,-0.349419,-0.965427,-0.393801,-0.628155,-0.429378,0.052036,-0.518188,0.139003,0.194412,-1.720324,1.465428,2.878286,0.775836,-0.285683,-0.329414,-0.199218,-0.063863,-0.129076,-1.185510,1.434434
23.901089,-1.515180,-2.150303,-1.489022,-0.823427,-1.109719,-0.922871,0.504429,-0.834507,-0.364100,-1.012087,-0.385561,-0.627441,-0.422529,0.051731,-0.518478,0.138667,0.194215,-1.720394,1.465310,2.877099,0.777254,-0.287510,-0.330718,-0.198377,-0.064808,-0.125028,-1.188513,1.432641
23.902062,-1.509495,-2.145022,-1.486662,-0.824463,-1.110165,-0.925529,0.503455,-0.872438,-0.391541,-1.046540,-0.372484,-0.627551,-0.416482,0.051386,-0.518757,0.138339,0.194011,-1.720462,1.465178,2.875908,0.778702,-0.285718,-0.331299,-0.201514,-0.066292,-0.127350,-1.188133,1.434689
23.902996,-1.503809,-2.140136,-1.489888,-0.822732,-1.111687,-0.931134,0.503671,-0.896318,-0.424290,-1.068282,-0.358278,-0.628438,-0.411510,0.050993,-0.519049,0.138004,0.193809,-1.720527,1.465053,2.874740,0.780128,-0.287845,-0.332930,-0.202198,-0.065599,-0.126974,-1.185293,1.436425
23.904039,-1.508977,-2.143016,-1.490869,-0.821945,-1.108257,-0.933184,0.502401,-0.905485,-0.455682,-1.076624,-0.346335,-0.629990,-0.407927,0.050504,-0.519347,0.137667,0.193614,-1.720599,1.464930,2.873567,0.781568,-0.289760,-0.334202,-0.200105,-0.067500,-0.125512,-1.179203,1.435481
23.905086,-1.511313,-2.145296,-1.485673,-0.823063,-1.107927,-0.937748,0.502602,-0.905566,-0.486085,-1.076568,-0.335766,-0.632056,-0.405367,0.049903,-0.519623,0.137340,0.193416,-1.720670,1.464795,2.872385,0.783013,-0.286759,-0.332024,-0.199359,-0.068629,-0.129096,-1.177464,1.438172
23.906177,-1.510103,-2.150162,-1.492576,-0.823296,-1.107046,-0.939228,0.502096,-0.904520,-0.522516,-1.075249,-0.322585,-0.634490,-0.403052,0.049263,-0.519907,0.137014,0.193208,-1.720738,1.464664,2.871229,0.784440,-0.285159,-0.330198,-0.201604,-0.067951,-0.129545,-1.173317,1.437943
23.907060,-1.505348,-2.152953,-1.486752,-0.824647,-1.109214,-0.945840,0.502269,-0.905810,-0.570786,-1.075705,-0.304168,-0.637155,-0.400593,0.048698,-0.520196,0.136697,0.193019,-1.720807,1.464533,2.870055,0.785892,-0.285406,-0.327322,-0.198022,-0.068242,-0.130643,-1.172517,1.439324
23.908010,-1.504966,-2.157255,-1.487160,-0.823463,-1.108831,-0.946824,0.501900,-0.907995,-0.634139,-1.076542,-0.279331,-0.640007,-0.398089,0.048278,-0.520481,0.136378,0.192811,-1.720872,1.464408,2.868914,0.787341,-0.286878,-0.324818,-0.200277,-0.067079,-0.128425,-1.165217,1.438144
23.909006,-1.507115,-2.159645,-1.484126,-0.823535,-1.111426,-0.949220,0.503635,-0.906232,-0.714612,-1.073380,-0.247314,-0.643118,-0.396029,0.048010,-0.520766,0.136061,0.192610,-1.720944,1.464280,2.867753,0.788771,-0.286312,-0.321787,-0.199546,-0.068447,-0.128877,-1.164028,1.438545
23.909949,-1.508473,-2.161474,-1.481728,-0.823782,-1.110440,-0.940142,0.503388,-0.900219,-0.812737,-1.066026,-0.207397,-0.646454,-0.394608,0.047861,-0.521048,0.135745,0.192408,-1.721012,1.464156,2.866589,0.790199,-0.284658,-0.319878,-0.200662,-0.068709,-0.126400,-1.161651,1.434943
23.911050,-1.504753,-2.158974,-1.474066,-0.823866,-1.109105,-0.939573,0.503094,-0.893952,-0.925390,-1.058206,-0.160580,-0.649787,-0.393682,0.047814,-0.521329,0.135431,0.192203,-1.721080,1.464023,2.865418,0.791618,-0.283279,-0.318110,-0.201306,-0.068708,-0.127406,-1.170472,1.435126
23.912007,-1.495037,-2.159070,-1.473207,-0.823094,-1.108048,-0.935520,0.506380,-0.886565,-1.044795,-1.049239,-0.110714,-0.652908,-0.393502,0.047900,-0.521618,0.135116,0.191990,-1.721150,1.463889,2.864235,0.793059,-0.284819,-0.318995,-0.204829,-0.069125,-0.128939,-1.171622,1.436173
23.912967,-1.495204,-2.154264,-1.466019,-0.822546,-1.110399,-0.939061,0.509258,-0.870434,-1.162727,-1.032264,-0.061999,-0.655820,-0.394814,0.048115,-0.521914,0.134797,0.191784,-1.721221,1.463756,2.863046,0.794485,-0.288866,-0.318055,-0.204684,-0.070112,-0.129997,-1.175316,1.429228
23.914110,-1.499488,-2.153273,-1.460809,-0.824796,-1.109519,-0.935373,0.507066,-0.839970,-1.273350,-1.002267,-0.017033,-0.658570,-0.398084,0.048410,-0.522200,0.134473,0.191571,-1.721292,1.463635,2.861883,0.795888,-0.288015,-0.319563,-0.207685,-0.070848,-0.127739,-1.171493,1.423291
23.914974,-1.494326,-2.149308,-1.459110,-0.825707,-1.108361,-0.934331,0.506255,-0.797947,-1.369880,-0.961915,0.021233,-0.660955,-0.403077,0.048802,-0.522477,0.134157,0.191355,-1.721359,1.463504,2.860694,0.797329,-0.285763,-0.319774,-0.209988,-0.069256,-0.128934,-1.176178,1.428471
23.915945,-1.487116,-2.146911,-1.457738,-0.825790,-1.108863,-0.927433,0.505792,-0.699610,-1.501004,-0.868720,0.067587,-0.663798,-0.416250,0.049976,-0.523068,0.133511,0.190928,-1.721494,1.463240,2.858316,0.800188,-0.290098,-0.320857,-0.210079,-0.068672,-0.129492,-1.182811,1.429908
23.917053,-1.484189,-2.148930,-1.450955,-0.824411,-1.110582,-0.927263,0.504740,-0.699610,-1.501004,-0.868720,0.067587,-0.663798,-0.416250,0.049976,-0.523068,0.133511,0.190928,-1.721494,1.463240,2.858316,0.800188,-0.290098,-0.320857,-0.210079,-0.068672,-0.129492,-1.182811,1.429908
23.918041,-1.487413,-2.144833,-1.449355,-0.824437,-1.112679,-0.927721,0.503697,-0.581581,-1.569967,-0.757817,0.086004,-0.665553,-0.431652,0.051252,-0.523644,0.132874,0.190498,-1.721641,1.462990,2.855937,0.803053,-0.288920,-0.320730,-0.213342,-0.070666,-0.126077,-1.182952,1.434486
23.919105,-1.489873,-2.147248,-1.444932,-0.824547,-1.114372,-0.934653,0.504151,-0.581581,-1.569967,-0.757817,0.086004,-0.665553,-0.431652,0.051252,-0.523644,0.132874,0.190498,-1.721641,1.462990,2.855937,0.803053,-0.288920,-0.320730,-0.213342,-0.070666,-0.126077,-1.182952,1.434486
23.920015,-1.481138,-2.146496,-1.449673,-0.826691,-1.115340,-0.937375,0.504025,-0.521282,-1.592306,-0.701275,0.092277,-0.666553,-0.438764,0.051798,-0.523926,0.132562,0.190283,-1.721711,1.462872,2.854759,0.804491,-0.287332,-0.319025,-0.215136,-0.070997,-0.124688,-1.176397,1.433810
23.921001,-1.487956,-2.144340,-1.442366,-0.825652,-1.116362,-0.940694,0.502098,-0.465903,-1.608627,-0.649232,0.097737,-0.667675,-0.444766,0.052259,-0.524223,0.132241,0.190076,-1.721776,1.462745,2.853603,0.805936,-0.290752,-0.318369,-0.212063,-0.069088,-0.123726,-1.173182,1.433422
23.922017,-1.486331,-2.140830,-1.443115,-0.827587,-1.115285,-0.936803,0.501225,-0.375397,-1.622221,-0.563787,0.104389,-0.670342,-0.453222,0.053030,-0.524795,0.131599,0.189641,-1.721916,1.462499,2.851248,0.808806,-0.286933,-0.319688,-0.214191,-0.068819,-0.124128,-1.173811,1.438871
23.923035,-1.483593,-2.143369,-1.441417,-0.830370,-1.116913,-0.936143,0.502025,-0.375397,-1.622221,-0.563787,0.104389,-0.670342,-0.453222,0.053030,-0.524795,0.131599,0.189641,-1.721916,1.462499,2.851248,0.808806,-0.286933,-0.319688,-0.214191,-0.068819,-0.124128,-1.173811,1.438871
23.924001,-1.484306,-2.134496,-1.444722,-0.829542,-1.115993,-0.940607,0.500931,-0.344237,-1.615083,-0.534194,0.102740,-0.671556,-0.455583,0.053355,-0.525082,0.131287,0.189423,-1.721980,1.462376,2.850084,0.810225,-0.287744,-0.317782,-0.214489,-0.066508,-0.122669,-1.174631,1.437311
23.924988,-1.483444,-2.132137,-1.438729,-0.828614,-1.117403,-0.946301,0.501227,-0.310175,-1.565191,-0.501591,0.083720,-0.672983,-0.457014,0.053979,-0.525649,0.130636,0.188999,-1.722122,1.462130,2.847788,0.813128,-0.286523,-0.321623,-0.214704,-0.068766,-0.122437,-1.164398,1.438332
23.926113,-1.482865,-2.127427,-1.439583,-0.828513,-1.118848,-0.950057,0.501953,-0.303704,-1.521149,-0.495310,0.066919,-0.673221,-0.456898,0.054265,-0.525939,0.130305,0.188787,-1.722191,1.462007,2.846631,0.814552,-0.286528,-0.323493,-0.213962,-0.069456,-0.121329,-1.161663,1.437538
23.927114,-1.484213,-2.121971,-1.436368,-0.827483,-1.121454,-0.947418,0.501527,-0.303704,-1.521149,-0.495310,0.066919,-0.673221,-0.456898,0.054265,-0.525939,0.130305,0.188787,-1.722191,1.462007,2.846631,0.814552,-0.286528,-0.323493,-0.213962,-0.069456,-0.121329,-1.161663,1.437538
23.927999,-1.480670,-2.118711,-1.429396,-0.829787,-1.121126,-0.946260,0.499325,-0.301425,-1.466538,-0.493083,0.046727,-0.673246,-0.456783,0.054461,-0.526219,0.129977,0.188569,-1.722263,1.461894,2.845457,0.815997,-0.285312,-0.325373,-0.214990,-0.070743,-0.118974,-1.164368,1.438282
23.929053,-1.475521,-2.115379,-1.432383,-0.829121,-1.121802,-0.941316,0.499492,-0.301672,-1.401918,-0.493422,0.022903,-0.673058,-0.456947,0.054558,-0.526506,0.129649,0.188348,-1.722329,1.461776,2.844304,0.817426,-0.286166,-0.325784,-0.217631,-0.068587,-0.119383,-1.164822,1.441991
23.930010,-1.468276,-2.116194,-1.431321,-0.827556,-1.123471,-0.941595,0.499632,-0.300392,-1.329810,-0.492580,-0.004512,-0.672745,-0.457705,0.054567,-0.526803,0.129318,0.188136,-1.722400,1.461660,2.843122,0.818872,-0.288168,-0.326733,-0.215666,-0.069670,-0.119014,-1.170152,1.441789
23.931008,-1.462439,-2.111091,-1.428284,-0.826666,-1.125279,-0.938241,0.499069,-0.295491,-1.257345,-0.488532,-0.032350,-0.672546,-0.458996,0.054506,-0.527096,0.128997,0.187921,-1.722477,1.461547,2.841944,0.820325,-0.290987,-0.325391,-0.215567,-0.071305,-0.117536,-1.169499,1.441098
23.932018,-1.467682,-2.110231,-1.425626,-0.827964,-1.126185,-0.940134,0.498124,-0.284049,-1.192134,-0.478613,-0.056650,-0.672811,-0.460798,0.054407,-0.527394,0.128662,0.187701,-1.722551,1.461433,2.840777,0.821761,-0.293156,-0.327035,-0.216468,-0.072408,-0.115973,-1.172925,1.442135
23.933059,-1.463801,-2.101780,-1.423539,-0.825714,-1.128718,-0.936945,0.496436,-0.266496,-1.134615,-0.463335,-0.077375,-0.673562,-0.462994,0.054293,-0.527677,0.128338,0.187485,-1.722620,1.461318,2.839601,0.823215,-0.289932,-0.326670,-0.217239,-0.071438,-0.115332,-1.171042,1.443916
23.934103,-1.463200,-2.099206,-1.424029,-0.826106,-1.125471,-0.942097,0.496411,-0.232241,-1.025558,-0.434291,-0.116424,-0.675549,-0.467194,0.054065,-0.528264,0.127666,0.187046,-1.722773,1.461085,2.837261,0.826113,-0.291065,-0.330550,-0.216969,-0.073763,-0.116660,-1.169704,1.447513
23.935091,-1.462053,-2.094510,-1.421012,-0.825238,-1.122921,-0.943934,0.496407,-0.232241,-1.025558,-0.434291,-0.116424,-0.675549,-0.467194,0.054065,-0.528264,0.127666,0.187046,-1.722773,1.461085,2.837261,0.826113,-0.291065,-0.330550,-0.216969,-0.073763,-0.116660,-1.169704,1.447513
23.935998,-1.459738,-2.087669,-1.418297,-0.824879,-1.125589,-0.952676,0.500396,-0.218977,-0.968433,-0.423538,-0.137479,-0.676501,-0.469005,0.053954,-0.528553,0.127333,0.186830,-1.722850,1.460964,2.836088,0.827567,-0.290968,-0.331964,-0.217883,-0.074772,-0.119370,-1.167824,1.447280
23.936970,-1.453663,-2.085217,-1.412813,-0.827348,-1.127910,-0.953556,0.500203,-0.192932,-0.844644,-0.402547,-0.186851,-0.677873,-0.473211,0.053634,-0.529146,0.126659,0.186388,-1.722994,1.460737,2.833788,0.830422,-0.293384,-0.334304,-0.220491,-0.072896,-0.114683,-1.157659,1.438884
23.938107,-1.458171,-2.079037,-1.408793,-0.824857,-1.123519,-0.956859,0.498980,-0.192932,-0.844644,-0.402547,-0.186851,-0.677873,-0.473211,0.053634,-0.529146,0.126659,0.186388,-1.722994,1.460737,2.833788,0.830422,-0.293384,-0.334304,-0.220491,-0.072896,-0.114683,-1.157659,1.438884
23.938983,-1.449146,-2.073002,-1.409044,-0.822845,-1.124447,-0.953698,0.501323,-0.172112,-0.777332,-0.384868,-0.216949,-0.678285,-0.476574,0.053474,-0.529431,0.126318,0.186162,-1.723078,1.460608,2.832636,0.831881,-0.290880,-0.336824,-0.222067,-0.075688,-0.119436,-1.155442,1.441940
23.940009,-1.442713,-2.066679,-1.402407,-0.822566,-1.123694,-0.958026,0.502465,-0.147305,-0.708877,-0.363395,-0.248991,-0.678459,-0.480627,0.053370,-0.529732,0.125971,0.185939,-1.723159,1.460491,2.831472,0.833294,-0.294321,-0.338366,-0.221008,-0.077489,-0.118505,-1.157847,1.436468
23.941089,-1.444084,-2.066038,-1.397825,-0.824838,-1.125843,-0.959129,0.500946,-0.116876,-0.640939,-0.336542,-0.281638,-0.678434,-0.485432,0.053272,-0.530031,0.125629,0.185712,-1.723240,1.460370,2.830315,0.834725,-0.296838,-0.340596,-0.223709,-0.077854,-0.119493,-1.153741,1.434284
23.942065,-1.443626,-2.065935,-1.394591,-0.823647,-1.126707,-0.959975,0.501950,-0.029798,-0.513370,-0.258375,-0.348057,-0.678055,-0.497871,0.053199,-0.530620,0.124950,0.185253,-1.723391,1.460137,2.828021,0.837594,-0.295109,-0.339128,-0.226241,-0.077250,-0.117003,-1.152558,1.435453
23.943105,-1.437260,-2.064391,-1.391337,-0.822324,-1.124421,-0.958625,0.502300,-0.029798,-0.513370,-0.258375,-0.348057,-0.678055,-0.497871,0.053199,-0.530620,0.124950,0.185253,-1.723391,1.460137,2.828021,0.837594,-0.295109,-0.339128,-0.226241,-0.077250,-0.117003,-1.152558,1.435453
23.944013,-1.428919,-2.065485,-1.387066,-0.820619,-1.123272,-0.955018,0.500955,0.019989,-0.466224,-0.213289,-0.375803,-0.677969,-0.504639,0.053314,-0.530923,0.124610,0.185026,-1.723471,1.460009,2.826879,0.839034,-0.297634,-0.339038,-0.227242,-0.078705,-0.119483,-1.154412,1.434880
23.944999,-1.427823,-2.064678,-1.377747,-0.821849,-1.121414,-0.950212,0.500076,0.138092,-0.434768,-0.105220,-0.404209,-0.679469,-0.519202,0.053794,-0.531527,0.123938,0.184554,-1.723629,1.459762,2.824542,0.841908,-0.300424,-0.336659,-0.232221,-0.079140,-0.122653,-1.162180,1.438550
23.946052,-1.426636,-2.062513,-1.376159,-0.820987,-1.117634,-0.947424,0.501588,0.138092,-0.434768,-0.105220,-0.404209,-0.679469,-0.519202,0.053794,-0.531527,0.123938,0.184554,-1.723629,1.459762,2.824542,0.841908,-0.300424,-0.336659,-0.232221,-0.079140,-0.122653,-1.162180,1.438550
23.947034,-1.424036,-2.060132,-1.373636,-0.819815,-1.116074,-0.949433,0.500479,0.207288,-0.449331,-0.041594,-0.405889,-0.681112,-0.526986,0.054063,-0.531830,0.123600,0.184317,-1.723711,1.459626,2.823383,0.843325,-0.300365,-0.336943,-0.232261,-0.080148,-0.126559,-1.165428,1.435765
23.947995,-1.420406,-2.055711,-1.368932,-0.818250,-1.112401,-0.948261,0.498367,0.275983,-0.476341,0.021768,-0.402587,-0.682998,-0.534585,0.054311,-0.532135,0.123262,0.184083,-1.723793,1.459493,2.822219,0.844776,-0.300795,-0.337101,-0.232688,-0.081306,-0.128137,-1.163304,1.437768
23.949105,-1.418784,-2.059595,-1.365373,-0.816388,-1.109948,-0.947117,0.498168,0.340864,-0.510648,0.081918,-0.395946,-0.684960,-0.541865,0.054579,-0.532437,0.122923,0.183847,-1.723878,1.459352,2.821045,0.846239,-0.301704,-0.338221,-0.234163,-0.082733,-0.131762,-1.164234,1.441587
23.950059,-1.417954,-2.056814,-1.359859,-0.818592,-1.110405,-0.936696,0.502258,0.402244,-0.551675,0.139179,-0.385559,-0.686999,-0.548903,0.054878,-0.532742,0.122589,0.183606,-1.723967,1.459214,2.819884,0.847673,-0.302000,-0.335661,-0.235286,-0.084692,-0.134372,-1.166252,1.442494
23.951034,-1.419599,-2.057946,-1.352138,-0.818895,-1.106758,-0.933728,0.500541,0.459454,-0.601211,0.192929,-0.370430,-0.689072,-0.555512,0.055154,-0.533038,0.122258,0.183367,-1.724043,1.459085,2.818684,0.849095,-0.301545,-0.336041,-0.237099,-0.082496,-0.133914,-1.176274,1.433914
23.951996,-1.414307,-2.056082,-1.346452,-0.820049,-1.106527,-0.934941,0.499117,0.510740,-0.656166,0.241467,-0.352695,-0.690946,-0.561345,0.055407,-0.533338,0.121927,0.183118,-1.724126,1.458937,2.817510,0.850551,-0.299878,-0.334498,-0.239958,-0.082172,-0.137483,-1.178997,1.437146
23.953008,-1.411363,-2.055689,-1.349512,-0.819729,-1.109214,-0.947160,0.502303,0.557334,-0.712666,0.285868,-0.334779,-0.692516,-0.566276,0.055743,-0.533645,0.121592,0.182871,-1.724206,1.458804,2.816333,0.851984,-0.301594,-0.334385,-0.241757,-0.080988,-0.137688,-1.177460,1.439690
23.954087,-1.416764,-2.057496,-1.348727,-0.818114,-1.110709,-0.953934,0.502077,0.639706,-0.822192,0.365220,-0.300641,-0.694989,-0.573306,0.056603,-0.534240,0.120934,0.182396,-1.724379,1.458538,2.814033,0.854837,-0.299089,-0.332210,-0.239120,-0.082966,-0.133744,-1.159361,1.434154
23.955059,-1.423320,-2.056396,-1.342450,-0.819526,-1.110737,-0.956784,0.499999,0.639706,-0.822192,0.365220,-0.300641,-0.694989,-0.573306,0.056603,-0.534240,0.120934,0.182396,-1.724379,1.458538,2.814033,0.854837,-0.299089,-0.332210,-0.239120,-0.082966,-0.133744,-1.159361,1.434154
23.956022,-1.417410,-2.053621,-1.340755,-0.820252,-1.110289,-0.957827,0.499617,0.663626,-0.876673,0.389174,-0.281216,-0.696013,-0.574379,0.056978,-0.534530,0.120605,0.182148,-1.724458,1.458403,2.812866,0.856287,-0.295070,-0.331830,-0.241263,-0.081554,-0.133734,-1.156394,1.438027
23.956946,-1.413753,-2.048537,-1.336608,-0.818501,-1.109360,-0.962665,0.498613,0.672448,-0.927820,0.399228,-0.261573,-0.696954,-0.573635,0.057267,-0.534830,0.120274,0.181909,-1.724540,1.458269,2.811719,0.857735,-0.297210,-0.332217,-0.241167,-0.080793,-0.134190,-1.155272,1.438402
23.958048,-1.416831,-2.043556,-1.335301,-0.819236,-1.107658,-0.965807,0.500820,0.672899,-0.970250,0.401524,-0.244854,-0.697997,-0.571814,0.057416,-0.535131,0.119936,0.181664,-1.724626,1.458135,2.810572,0.859185,-0.298030,-0.333567,-0.242167,-0.082345,-0.135066,-1.150028,1.439842
23.959022,-1.419900,-2.043029,-1.336262,-0.820352,-1.108019,-0.967490,0.500060,0.668941,-0.999279,0.399618,-0.233141,-0.699204,-0.569437,0.057393,-0.535422,0.119602,0.181423,-1.724707,1.457994,2.809423,0.860605,-0.296098,-0.335442,-0.242141,-0.081829,-0.136905,-1.147791,1.435916
23.959996,-1.421140,-2.041259,-1.336667,-0.818847,-1.111143,-0.965699,0.499637,0.627927,-1.012075,0.364505,-0.226719,-0.701012,-0.561774,0.056899,-0.536005,0.118933,0.180944,-1.724871,1.457730,2.807142,0.863473,-0.292467,-0.334553,-0.239631,-0.082163,-0.133447,-1.147985,1.437858
23.961066,-1.415892,-2.037843,-1.334359,-0.818420,-1.109563,-0.964270,0.499296,0.585792,-1.004940,0.326714,-0.227116,-0.701458,-0.556171,0.056540,-0.536299,0.118594,0.180705,-1.724957,1.457590,2.805981,0.864950,-0.294616,-0.335505,-0.240091,-0.082662,-0.135168,-1.149990,1.438673
23.962049,-1.414928,-2.032793,-1.331930,-0.817815,-1.105862,-0.961222,0.497279,0.536749,-0.990994,0.282435,-0.228958,-0.701687,-0.550262,0.056182,-0.536597,0.118253,0.180462,-1.725042,1.457442,2.804837,0.866392,-0.294282,-0.336973,-0.240368,-0.083169,-0.138778,-1.153121,1.442524
23.962945,-1.412296,-2.028730,-1.331044,-0.817588,-1.107880,-0.958215,0.499649,0.536749,-0.990994,0.282435,-0.228958,-0.701687,-0.550262,0.056182,-0.536597,0.118253,0.180462,-1.725042,1.457442,2.804837,0.866392,-0.294282,-0.336973,-0.240368,-0.083169,-0.138778,-1.153121,1.442524
23.964005,-1.411496,-2.032187,-1.328611,-0.817920,-1.106735,-0.957387,0.501719,0.484733,-0.968583,0.235251,-0.233463,-0.701548,-0.544531,0.055833,-0.536889,0.117916,0.180225,-1.725124,1.457313,2.803675,0.867801,-0.294637,-0.337717,-0.239773,-0.083199,-0.136656,-1.155466,1.437118
23.964945,-1.416953,-2.029668,-1.316631,-0.817258,-1.106471,-0.954792,0.501072,0.431045,-0.941549,0.186311,-0.239107,-0.700988,-0.539002,0.055474,-0.537182,0.117581,0.179984,-1.725209,1.457172,2.802524,0.869206,-0.294524,-0.335205,-0.240246,-0.082947,-0.137906,-1.156846,1.433358
23.965946,-1.411038,-2.026030,-1.328703,-0.815715,-1.106734,-0.953980,0.501937,0.378152,-0.917622,0.137905,-0.242515,-0.700196,-0.533657,0.055156,-0.537468,0.117241,0.179729,-1.725292,1.457034,2.801357,0.870648,-0.290978,-0.335303,-0.245110,-0.083481,-0.138081,-1.159072,1.434236
23.967052,-1.400516,-2.019787,-1.335525,-0.815810,-1.109404,-0.952969,0.505374,0.325000,-0.898787,0.089204,-0.242578,-0.699218,-0.528306,0.054931,-0.537763,0.116905,0.179507,-1.725382,1.456892,2.800188,0.872086,-0.293295,-0.336180,-0.238308,-0.084879,-0.137792,-1.159915,1.432381
23.967981,-1.408786,-2.017620,-1.329528,-0.815535,-1.105631,-0.954989,0.503808,0.268069,-0.879884,0.037094,-0.241486,-0.697899,-0.522727,0.054743,-0.538069,0.116560,0.179279,-1.725466,1.456763,2.799034,0.873484,-0.298029,-0.338592,-0.234424,-0.084942,-0.135348,-1.161811,1.426119
23.968948,-1.408905,-2.014192,-1.327106,-0.815065,-1.103974,-0.956354,0.503423,0.206979,-0.855708,-0.018904,-0.242067,-0.696178,-0.516984,0.054569,-0.538348,0.116223,0.179039,-1.725552,1.456622,2.797874,0.874923,-0.293079,-0.338470,-0.236478,-0.084998,-0.139066,-1.159332,1.428830
23.970080,-1.401895,-2.009524,-1.327395,-0.813646,-1.105492,-0.965453,0.505336,0.141977,-0.826217,-0.078748,-0.244859,-0.694133,-0.511086,0.054466,-0.538639,0.115880,0.178802,-1.725639,1.456480,2.796729,0.876359,-0.292314,-0.339051,-0.236779,-0.085311,-0.140629,-1.157923,1.429291
23.971048,-1.400120,-2.006192,-1.330082,-0.814309,-1.104242,-0.967318,0.504257,0.077070,-0.792965,-0.138709,-0.249403,-0.691988,-0.505404,0.054456,-0.538941,0.115532,0.178568,-1.725729,1.456347,2.795584,0.877769,-0.295434,-0.340722,-0.236102,-0.086826,-0.139328,-1.149875,1.426187
23.972008,-1.402917,-2.000948,-1.325569,-0.814195,-1.103626,-0.971680,0.503012,0.018110,-0.755603,-0.193292,-0.256139,-0.689946,-0.500566,0.054518,-0.539234,0.115192,0.178344,-1.725813,1.456205,2.794432,0.879210,-0.295509,-0.341275,-0.234008,-0.086043,-0.140540,-1.147982,1.428096
23.972955,-1.397182,-1.997291,-1.330786,-0.814472,-1.105166,-0.970519,0.503101,-0.035560,-0.712931,-0.243107,-0.266044,-0.687935,-0.496614,0.054622,-0.539525,0.114848,0.178107,-1.725901,1.456067,2.793301,0.880635,-0.293312,-0.342736,-0.235381,-0.085976,-0.141103,-1.143574,1.430313
23.973954,-1.390582,-1.992915,-1.335625,-0.813855,-1.107279,-0.973350,0.502308,-0.086959,-0.664351,-0.290944,-0.279697,-0.685802,-0.493326,0.054713,-0.539828,0.114508,0.177879,-1.725985,1.455930,2.792149,0.882073,-0.295269,-0.343400,-0.231904,-0.085563,-0.139489,-1.144552,1.429700
23.975004,-1.384212,-1.995250,-1.332433,-0.813757,-1.106781,-0.978134,0.501073,-0.137060,-0.611327,-0.337621,-0.296436,-0.683537,-0.490560,0.054761,-0.540128,0.114160,0.177660,-1.726072,1.455796,2.791022,0.883517,-0.297808,-0.344499,-0.228873,-0.086075,-0.137426,-1.141968,1.431178
23.976019,-1.382282,-1.996265,-1.333154,-0.812306,-1.108739,-0.981965,0.498931,-0.182118,-0.559542,-0.379601,-0.313610,-0.681396,-0.488491,0.054824,-0.540433,0.113819,0.177429,-1.726160,1.455658,2.789895,0.884942,-0.300299,-0.342434,-0.229851,-0.086148,-0.138029,-1.137807,1.433889
23.976925,-1.376503,-1.995712,-1.335838,-0.812010,-1.111244,-0.977670,0.503067,-0.216664,-0.519009,-0.411789,-0.326423,-0.679777,-0.487433,0.054988,-0.540734,0.113481,0.177204,-1.726250,1.455529,2.788758,0.886393,-0.300503,-0.341017,-0.228826,-0.087476,-0.136176,-1.134312,1.438115
23.977980,-1.375298,-1.996598,-1.332160,-0.811956,-1.113691,-0.971249,0.501117,-0.241697,-0.496909,-0.435071,-0.331125,-0.678798,-0.487237,0.055239,-0.541042,0.113140,0.176980,-1.726335,1.455399,2.787624,0.887796,-0.302280,-0.339989,-0.226612,-0.087518,-0.133627,-1.138265,1.429215
23.978997,-1.370316,-1.994933,-1.329555,-0.812118,-1.112126,-0.967286,0.498023,-0.260879,-0.494669,-0.452864,-0.326990,-0.678363,-0.487565,0.055547,-0.541345,0.112798,0.176749,-1.726422,1.455273,2.786467,0.889248,-0.302214,-0.338700,-0.227834,-0.087579,-0.131386,-1.145214,1.433395
23.979957,-1.362093,-1.993178,-1.334047,-0.810603,-1.113055,-0.967500,0.499477,-0.274227,-0.510253,-0.465221,-0.315457,-0.678411,-0.488351,0.055960,-0.541651,0.112463,0.176522,-1.726509,1.455137,2.785305,0.890711,-0.303922,-0.338653,-0.228462,-0.087348,-0.133046,-1.149343,1.439494
23.980985,-1.357311,-1.987427,-1.333201,-0.813728,-1.113332,-0.967203,0.498257,-0.280657,-0.539375,-0.471089,-0.298797,-0.678875,-0.489660,0.056474,-0.541966,0.112124,0.176301,-1.726601,1.455008,2.784169,0.892131,-0.306988,-0.338427,-0.225460,-0.088588,-0.132142,-1.149036,1.436237
23.981969,-1.363902,-1.984984,-1.332218,-0.812670,-1.114118,-0.962043,0.499324,-0.280627,-0.574052,-0.470901,-0.281048,-0.679524,-0.491580,0.056977,-0.542275,0.111785,0.176078,-1.726679,1.454878,2.783014,0.893573,-0.308563,-0.340421,-0.225312,-0.085584,-0.132007,-1.149659,1.438770
23.983026,-1.357557,-1.988153,-1.333269,-0.814243,-1.115960,-0.958346,0.500330,-0.278962,-0.604909,-0.469265,-0.266942,-0.679960,-0.493873,0.057391,-0.542573,0.111444,0.175852,-1.726768,1.454749,2.781862,0.894993,-0.304411,-0.340565,-0.225068,-0.086507,-0.131288,-1.154888,1.436462
23.984000,-1.351551,-1.986245,-1.332994,-0.815229,-1.115460,-0.951674,0.498278,-0.282159,-0.632267,-0.472196,-0.255912,-0.680038,-0.495894,0.057721,-0.542886,0.111107,0.175629,-1.726849,1.454623,2.780687,0.896433,-0.306892,-0.338177,-0.223999,-0.085071,-0.129652,-1.158979,1.434668
23.985050,-1.348679,-1.990046,-1.330960,-0.813750,-1.114114,-0.950708,0.498513,-0.289281,-0.661840,-0.478693,-0.245182,-0.679987,-0.497468,0.058010,-0.543198,0.110773,0.175407,-1.726930,1.454492,2.779504,0.897893,-0.308902,-0.338149,-0.223437,-0.084082,-0.130220,-1.165444,1.438490
23.986049,-1.343101,-1.987649,-1.333091,-0.815580,-1.117162,-0.953859,0.495282,-0.295586,-0.697541,-0.484286,-0.232886,-0.680099,-0.498714,0.058295,-0.543510,0.110442,0.175183,-1.727021,1.454355,2.778340,0.899322,-0.309555,-0.335485,-0.223898,-0.085480,-0.131675,-1.166776,1.438194
23.986956,-1.347267,-1.992993,-1.332189,-0.812721,-1.120941,-0.959657,0.498354,-0.298901,-0.741460,-0.486959,-0.217568,-0.680542,-0.499531,0.058572,-0.543827,0.110111,0.174967,-1.727100,1.454233,2.777175,0.900781,-0.311374,-0.335817,-0.222223,-0.083704,-0.128747,-1.163632,1.444523
23.988077,-1.349540,-1.999655,-1.335711,-0.812426,-1.121836,-0.964856,0.497362,-0.301124,-0.794427,-0.488514,-0.198194,-0.681349,-0.499540,0.058806,-0.544127,0.109787,0.174743,-1.727194,1.454114,2.776033,0.902219,-0.308207,-0.332012,-0.221829,-0.086165,-0.125036,-1.157344,1.437619
23.988996,-1.345701,-1.998417,-1.333808,-0.811308,-1.119213,-0.968526,0.495492,-0.308735,-0.863150,-0.494917,-0.170338,-0.682644,-0.497881,0.059020,-0.544432,0.109462,0.174526,-1.727281,1.453992,2.774879,0.903660,-0.306595,-0.328240,-0.219707,-0.086575,-0.124514,-1.153144,1.440267
23.989945,-1.341348,-1.998332,-1.331915,-0.812678,-1.118436,-0.968555,0.498693,-0.324783,-0.950848,-0.508918,-0.131932,-0.684537,-0.494177,0.059271,-0.544742,0.109141,0.174307,-1.727371,1.453858,2.773724,0.905120,-0.307429,-0.327870,-0.219914,-0.087365,-0.127109,-1.149018,1.443360
23.991040,-1.343484,-1.998078,-1.337594,-0.813128,-1.117941,-0.967869,0.500497,-0.344448,-1.049091,-0.526087,-0.087862,-0.686930,-0.489147,0.059516,-0.545052,0.108815,0.174086,-1.727457,1.453730,2.772584,0.906531,-0.308572,-0.326930,-0.220124,-0.085793,-0.127910,-1.148883,1.436578
23.992034,-1.349721,-1.998287,-1.338167,-0.816067,-1.115307,-0.967703,0.499338,-0.366131,-1.147538,-0.545050,-0.044037,-0.689471,-0.483260,0.059667,-0.545356,0.108496,0.173874,-1.727541,1.453601,2.771428,0.907964,-0.306923,-0.326599,-0.216911,-0.085509,-0.128641,-1.150368,1.433453
23.993147,-1.352199,-1.995382,-1.340423,-0.814219,-1.113877,-0.970805,0.499552,-0.397649,-1.238327,-0.573140,-0.004680,-0.691570,-0.476049,0.059766,-0.545651,0.108171,0.173661,-1.727619,1.453461,2.770278,0.909415,-0.303052,-0.325667,-0.216098,-0.082654,-0.131279,-1.150634,1.435638
23.994122,-1.347974,-1.995128,-1.338299,-0.811285,-1.116256,-0.975678,0.501949,-0.445781,-1.316058,-0.616652,0.027676,-0.692736,-0.467143,0.059927,-0.545950,0.107839,0.173449,-1.727708,1.453328,2.769147,0.910833,-0.301402,-0.326574,-0.214661,-0.084620,-0.132916,-1.148558,1.435799
23.995020,-1.347696,-1.991664,-1.337815,-0.813003,-1.117363,-0.973838,0.501893,-0.506860,-1.381268,-0.672144,0.054327,-0.692986,-0.457120,0.060184,-0.546250,0.107520,0.173235,-1.727802,1.453203,2.768014,0.912258,-0.302704,-0.325864,-0.215138,-0.087260,-0.130608,-1.143738,1.430764
23.996090,-1.355109,-1.994410,-1.332362,-0.812603,-1.117779,-0.970275,0.500845,-0.571916,-1.436391,-0.731351,0.077118,-0.692555,-0.447052,0.060516,-0.546551,0.107191,0.173018,-1.727883,1.453075,2.766881,0.913674,-0.301754,-0.326436,-0.214583,-0.085332,-0.129482,-1.145172,1.430327
23.996943,-1.350147,-1.987894,-1.337417,-0.810804,-1.120454,-0.962375,0.501965,-0.637925,-1.481856,-0.791605,0.095838,-0.691458,-0.437400,0.060929,-0.546841,0.106868,0.172796,-1.727969,1.452947,2.765715,0.915115,-0.297564,-0.324464,-0.216831,-0.085829,-0.129288,-1.149312,1.432734
23.998002,-1.347871,-1.989176,-1.332349,-0.812499,-1.122750,-0.964202,0.500396,-0.706989,-1.518789,-0.854887,0.111197,-0.689700,-0.427949,0.061441,-0.547140,0.106543,0.172590,-1.728058,1.452822,2.764540,0.916549,-0.298917,-0.326481,-0.213494,-0.087189,-0.126530,-1.156199,1.429516
23.999018,-1.346529,-1.995652,-1.330679,-0.811134,-1.121038,-0.962339,0.499811,-0.776867,-1.546633,-0.919068,0.123155,-0.687486,-0.418819,0.062022,-0.547440,0.106219,0.172370,-1.728142,1.452700,2.763399,0.917974,-0.299445,-0.325192,-0.215576,-0.085556,-0.124487,-1.154913,1.433003
23.999996,-1.349545,-1.992983,-1.329113,-0.812111,-1.124191,-0.963147,0.501439,-0.840351,-1.570203,-0.977469,0.133604,-0.685306,-0.410470,0.062624,-0.547735,0.105909,0.172155,-1.728230,1.452571,2.762236,0.919415,-0.299446,-0.321339,-0.215863,-0.086844,-0.126371,-1.156995,1.434124
24.001237,-1.351011,-1.999575,-1.324341,-0.812673,-1.121925,-0.963367,0.503090,-0.895049,-1.596860,-1.027911,0.146081,-0.683572,-0.402932,0.063185,-0.548028,0.105584,0.171942,-1.728315,1.452451,2.761089,0.920852,-0.297168,-0.321834,-0.216057,-0.085765,-0.123333,-1.156164,1.430595
24.002023,-1.347553,-1.991479,-1.321178,-0.812622,-1.117320,-0.964434,0.498780,-0.942674,-1.627073,-1.072020,0.160917,-0.682407,-0.396075,0.063634,-0.548324,0.105270,0.171718,-1.728396,1.452319,2.759925,0.922266,-0.296404,-0.318549,-0.218278,-0.085717,-0.126064,-1.157733,1.428657
24.002947,-1.338658,-1.984531,-1.323017,-0.811204,-1.117266,-0.969350,0.496571,-0.981719,-1.657303,-1.108368,0.176190,-0.681892,-0.390151,0.064003,-0.548619,0.104944,0.171501,-1.728481,1.452181,2.758761,0.923725,-0.296833,-0.321172,-0.218827,-0.085291,-0.130400,-1.155186,1.435975
24.003978,-1.337315,-1.983264,-1.326345,-0.809783,-1.117901,-0.974822,0.500104,-1.009228,-1.677523,-1.134120,0.187096,-0.681923,-0.385728,0.064339,-0.548928,0.104614,0.171285,-1.728572,1.452051,2.757627,0.925159,-0.300215,-0.323533,-0.217156,-0.086386,-0.130400,-1.149952,1.439842
24.005015,-1.340708,-1.979739,-1.320470,-0.811735,-1.118218,-0.977816,0.500214,-1.034026,-1.668563,-1.157769,0.189154,-0.682761,-0.381859,0.064632,-0.549519,0.103965,0.170850,-1.728744,1.451797,2.755352,0.928027,-0.297893,-0.324502,-0.217429,-0.085813,-0.129778,-1.142441,1.432728
24.006070,-1.346454,-1.978284,-1.312001,-0.811214,-1.117361,-0.978224,0.500414,-1.034026,-1.668563,-1.157769,0.189154,-0.682761,-0.381859,0.064632,-0.549519,0.103965,0.170850,-1.728744,1.451797,2.755352,0.928027,-0.297893,-0.324502,-0.217429,-0.085813,-0.129778,-1.142441,1.432728
24.007025,-1.337300,-1.969992,-1.312557,-0.810501,-1.118768,-0.979290,0.501475,-1.037950,-1.641987,-1.161955,0.181721,-0.683064,-0.381880,0.064590,-0.549808,0.103637,0.170623,-1.728830,1.451665,2.754202,0.929452,-0.294526,-0.324537,-0.221068,-0.086382,-0.130801,-1.142593,1.432582
24.007970,-1.329928,-1.965722,-1.313306,-0.809593,-1.123456,-0.979916,0.502712,-1.036140,-1.601826,-1.160876,0.168845,-0.683080,-0.383194,0.064527,-0.550111,0.103306,0.170406,-1.728919,1.451538,2.753056,0.930884,-0.298243,-0.327687,-0.220074,-0.086870,-0.129433,-1.141373,1.430103
24.009116,-1.337907,-1.959281,-1.300082,-0.811425,-1.124302,-0.984497,0.500755,-1.025311,-1.547685,-1.151318,0.150342,-0.682806,-0.386103,0.064436,-0.550418,0.102972,0.170189,-1.729010,1.451421,2.751930,0.932292,-0.300912,-0.328707,-0.219002,-0.087466,-0.124852,-1.140660,1.427331
24.010044,-1.339250,-1.958719,-1.299129,-0.812222,-1.130442,-0.984129,0.500632,-0.974494,-1.396372,-1.105175,0.094064,-0.681270,-0.396986,0.064124,-0.551001,0.102306,0.169727,-1.729178,1.451191,2.749660,0.935175,-0.295087,-0.330594,-0.224728,-0.084918,-0.118446,-1.137451,1.431699
24.010984,-1.332978,-1.951572,-1.299386,-0.810848,-1.132282,-0.984976,0.501169,-0.942616,-1.305170,-1.076189,0.058216,-0.680017,-0.404136,0.063883,-0.551305,0.101965,0.169504,-1.729266,1.451076,2.748538,0.936590,-0.297266,-0.333007,-0.223821,-0.086066,-0.116806,-1.136491,1.430261
24.012111,-1.332611,-1.948827,-1.292070,-0.810275,-1.131029,-0.980649,0.500699,-0.942616,-1.305170,-1.076189,0.058216,-0.680017,-0.404136,0.063883,-0.551305,0.101965,0.169504,-1.729266,1.451076,2.748538,0.936590,-0.297266,-0.333007,-0.223821,-0.086066,-0.116806,-1.136491,1.430261
24.013107,-1.323440,-1.941933,-1.287417,-0.809653,-1.130480,-0.978480,0.499932,-0.867566,-1.112923,-1.007504,-0.018729,-0.678015,-0.421097,0.063316,-0.551906,0.101287,0.169040,-1.729444,1.450835,2.746249,0.939486,-0.300852,-0.336234,-0.228539,-0.087215,-0.119179,-1.144250,1.433167
24.014006,-1.324916,-1.937481,-1.289028,-0.807753,-1.132798,-0.972818,0.502928,-0.867566,-1.112923,-1.007504,-0.018729,-0.678015,-0.421097,0.063316,-0.551906,0.101287,0.169040,-1.729444,1.450835,2.746249,0.939486,-0.300852,-0.336234,-0.228539,-0.087215,-0.119179,-1.144250,1.433167
24.015060,-1.326446,-1.934210,-1.278524,-0.806368,-1.132353,-0.978320,0.501022,-0.769962,-0.922230,-0.917691,-0.096599,-0.677928,-0.440828,0.062377,-0.552499,0.100609,0.168576,-1.729629,1.450603,2.743942,0.942337,-0.297701,-0.337964,-0.231390,-0.089946,-0.117705,-1.144264,1.430639
24.016022,-1.318390,-1.928566,-1.272539,-0.802639,-1.130656,-0.979072,0.499405,-0.769962,-0.922230,-0.917691,-0.096599,-0.677928,-0.440828,0.062377,-0.552499,0.100609,0.168576,-1.729629,1.450603,2.743942,0.942337,-0.297701,-0.337964,-0.231390,-0.089946,-0.117705,-1.144264,1.430639
24.017028,-1.309828,-1.926987,-1.269923,-0.803651,-1.131490,-0.979131,0.499750,-0.717372,-0.836183,-0.869244,-0.130989,-0.678638,-0.450722,0.061783,-0.552806,0.100265,0.168337,-1.729729,1.450477,2.742806,0.943765,-0.300810,-0.339626,-0.233430,-0.093196,-0.119499,-1.143521,1.433588
24.018057,-1.305363,-1.924091,-1.265583,-0.803288,-1.133265,-0.974902,0.503105,-0.654155,-0.760411,-0.810838,-0.160671,-0.680006,-0.461281,0.061235,-0.553113,0.099926,0.168103,-1.729817,1.450360,2.741650,0.945199,-0.304259,-0.339432,-0.233935,-0.092032,-0.118873,-1.143623,1.432802
24.018962,-1.304506,-1.920831,-1.258416,-0.803972,-1.134578,-0.969984,0.504477,-0.578423,-0.695884,-0.740734,-0.186218,-0.681850,-0.472636,0.060742,-0.553425,0.099581,0.167863,-1.729910,1.450246,2.740498,0.946624,-0.305643,-0.339926,-0.235312,-0.092228,-0.117383,-1.148240,1.426145
24.019991,-1.299543,-1.917927,-1.252338,-0.805449,-1.135073,-0.969136,0.502811,-0.493889,-0.642030,-0.662493,-0.208702,-0.683829,-0.484326,0.060328,-0.553733,0.099237,0.167617,-1.729999,1.450133,2.739322,0.948037,-0.304915,-0.340204,-0.237780,-0.091194,-0.116201,-1.152473,1.422891
24.021067,-1.293305,-1.912032,-1.258151,-0.806590,-1.137862,-0.971724,0.505988,-0.312513,-0.554339,-0.494721,-0.252397,-0.687052,-0.506639,0.059980,-0.554355,0.098552,0.167143,-1.730170,1.449908,2.737011,0.950894,-0.309039,-0.342901,-0.236408,-0.088654,-0.113587,-1.151653,1.420308
24.021972,-1.294577,-1.910496,-1.251477,-0.804263,-1.140039,-0.975410,0.503612,-0.224099,-0.512965,-0.412898,-0.276985,-0.687923,-0.516231,0.060048,-0.554663,0.098215,0.166898,-1.730265,1.449799,2.735871,0.952310,-0.307218,-0.342385,-0.238690,-0.090538,-0.111585,-1.147476,1.424605
24.022978,-1.297173,-1.912982,-1.243955,-0.805175,-1.143960,-0.975567,0.504960,-0.224099,-0.512965,-0.412898,-0.276985,-0.687923,-0.516231,0.060048,-0.554663,0.098215,0.166898,-1.730265,1.449799,2.735871,0.952310,-0.307218,-0.342385,-0.238690,-0.090538,-0.111585,-1.147476,1.424605
24.024001,-1.293657,-1.916090,-1.243463,-0.805716,-1.146931,-0.978097,0.506898,-0.142712,-0.479028,-0.337606,-0.299252,-0.688485,-0.524077,0.060259,-0.554963,0.097879,0.166652,-1.730354,1.449694,2.734717,0.953726,-0.305171,-0.340198,-0.241531,-0.089443,-0.108001,-1.147527,1.421856
24.024970,-1.291012,-1.918740,-1.243360,-0.807250,-1.146615,-0.978075,0.506097,-0.068772,-0.461610,-0.269244,-0.314559,-0.689115,-0.529982,0.060598,-0.555272,0.097544,0.166410,-1.730444,1.449592,2.733587,0.955127,-0.306150,-0.337778,-0.240899,-0.088780,-0.105443,-1.145411,1.418143
24.025969,-1.292947,-1.914148,-1.244513,-0.806776,-1.146197,-0.985169,0.503749,-0.002971,-0.465012,-0.208372,-0.321110,-0.690048,-0.533859,0.061050,-0.555577,0.097215,0.166173,-1.730528,1.449485,2.732444,0.956556,-0.306543,-0.335488,-0.240064,-0.087154,-0.106073,-1.145432,1.419555
24.027087,-1.294627,-1.918681,-1.246356,-0.806074,-1.147079,-0.986528,0.504506,0.051373,-0.485552,-0.158021,-0.320571,-0.691225,-0.535626,0.061611,-0.555879,0.096875,0.165935,-1.730617,1.449376,2.731333,0.957980,-0.304764,-0.336827,-0.238637,-0.087509,-0.106792,-1.138642,1.424231
24.028005,-1.296063,-1.921942,-1.240090,-0.807561,-1.151160,-0.989500,0.505170,0.088931,-0.517535,-0.123181,-0.314767,-0.692428,-0.535120,0.062203,-0.556183,0.096544,0.165697,-1.730707,1.449270,2.730198,0.959404,-0.303442,-0.333990,-0.237119,-0.088278,-0.106397,-1.138418,1.423273
24.028997,-1.293943,-1.922652,-1.230004,-0.809859,-1.147818,-0.988441,0.503773,0.108674,-0.562472,-0.104858,-0.302281,-0.693651,-0.532420,0.062737,-0.556479,0.096223,0.165456,-1.730792,1.449177,2.729060,0.960836,-0.301763,-0.331333,-0.239245,-0.086538,-0.102628,-1.135063,1.421395
24.030002,-1.288352,-1.925371,-1.229062,-0.807581,-1.147772,-0.987919,0.503409,0.118216,-0.620729,-0.095966,-0.283629,-0.695033,-0.528449,0.063232,-0.556781,0.095894,0.165204,-1.730873,1.449064,2.727933,0.962282,-0.302025,-0.330107,-0.243283,-0.084260,-0.106298,-1.136397,1.424051
24.031059,-1.285600,-1.918309,-1.231874,-0.806514,-1.150275,-0.983453,0.504125,0.127303,-0.689723,-0.087330,-0.260525,-0.696690,-0.524378,0.063774,-0.557089,0.095575,0.164965,-1.730963,1.448960,2.726785,0.963703,-0.303982,-0.328010,-0.242864,-0.086435,-0.106673,-1.137113,1.424758
24.031980,-1.280901,-1.922759,-1.226349,-0.808316,-1.152920,-0.984497,0.504991,0.137437,-0.765721,-0.077447,-0.233516,-0.698488,-0.520538,0.064388,-0.557397,0.095238,0.164727,-1.731051,1.448862,2.725643,0.965135,-0.304645,-0.330810,-0.240717,-0.087478,-0.104633,-1.142220,1.423544
24.032942,-1.287051,-1.924961,-1.217873,-0.806968,-1.157399,-0.980513,0.502053,0.154947,-0.920123,-0.059850,-0.173803,-0.701498,-0.513397,0.065654,-0.557998,0.094598,0.164232,-1.731220,1.448675,2.723330,0.967993,-0.301989,-0.325553,-0.245631,-0.086705,-0.098243,-1.144547,1.426960
24.034111,-1.278544,-1.925921,-1.222773,-0.808040,-1.159419,-0.983952,0.500855,0.162819,-1.002531,-0.051748,-0.138938,-0.702826,-0.509948,0.066338,-0.558311,0.094274,0.163994,-1.731303,1.448578,2.722196,0.969414,-0.305875,-0.324806,-0.242624,-0.085944,-0.096915,-1.142478,1.430250
24.035025,-1.271741,-1.923886,-1.218965,-0.809202,-1.162700,-0.984508,0.500806,0.162819,-1.002531,-0.051748,-0.138938,-0.702826,-0.509948,0.066338,-0.558311,0.094274,0.163994,-1.731303,1.448578,2.722196,0.969414,-0.305875,-0.324806,-0.242624,-0.085944,-0.096915,-1.142478,1.430250
24.035982,-1.273553,-1.917828,-1.211517,-0.811426,-1.164275,-0.981492,0.499496,0.171462,-1.084673,-0.042725,-0.102626,-0.704193,-0.506799,0.067013,-0.558626,0.093952,0.163750,-1.731384,1.448487,2.721050,0.970846,-0.308061,-0.324783,-0.243479,-0.084643,-0.093981,-1.141498,1.429740
24.036987,-1.274573,-1.913356,-1.211629,-0.813388,-1.166851,-0.981755,0.501780,0.197536,-1.206127,-0.016430,-0.048922,-0.706819,-0.503210,0.067982,-0.559228,0.093287,0.163256,-1.731541,1.448309,2.718756,0.973699,-0.304948,-0.328128,-0.245162,-0.080601,-0.090792,-1.144335,1.427422
24.038005,-1.276388,-1.914588,-1.209950,-0.813930,-1.167766,-0.982553,0.501428,0.205223,-1.231965,-0.008480,-0.038359,-0.707695,-0.502214,0.068194,-0.559527,0.092963,0.163014,-1.731621,1.448219,2.717604,0.975138,-0.303327,-0.326739,-0.245152,-0.080162,-0.090406,-1.143793,1.428173
24.038983,-1.270615,-1.908263,-1.209546,-0.815415,-1.163689,-0.990009,0.498482,0.205223,-1.231965,-0.008480,-0.038359,-0.707695,-0.502214,0.068194,-0.559527,0.092963,0.163014,-1.731621,1.448219,2.717604,0.975138,-0.303327,-0.326739,-0.245152,-0.080162,-0.090406,-1.143793,1.428173
24.040065,-1.263784,-1.908067,-1.207151,-0.813317,-1.164185,-0.992656,0.498952,0.205417,-1.237623,-0.007565,-0.036766,-0.708329,-0.501349,0.068268,-0.559834,0.092630,0.162772,-1.731698,1.448117,2.716491,0.976573,-0.305325,-0.328958,-0.244414,-0.078768,-0.094879,-1.136487,1.433901
24.041006,-1.269714,-1.907722,-1.208207,-0.810653,-1.168741,-0.996941,0.498965,0.204067,-1.226055,-0.008039,-0.042407,-0.708937,-0.501196,0.068225,-0.560148,0.092309,0.162526,-1.731784,1.448022,2.715358,0.978012,-0.308050,-0.328508,-0.244854,-0.080985,-0.094894,-1.134724,1.433248
24.042029,-1.275525,-1.908419,-1.199674,-0.813058,-1.170510,-0.992359,0.500551,0.197592,-1.186789,-0.012395,-0.053252,-0.710515,-0.502507,0.067720,-0.560739,0.091655,0.162037,-1.731949,1.447852,2.713100,0.980864,-0.300571,-0.326537,-0.246710,-0.081151,-0.089593,-1.135383,1.429708
24.043116,-1.273004,-1.911293,-1.203340,-0.814513,-1.168580,-1.001211,0.498472,0.183327,-1.170964,-0.024868,-0.052764,-0.711156,-0.502704,0.067413,-0.561038,0.091336,0.161799,-1.732026,1.447760,2.711984,0.982319,-0.301368,-0.324615,-0.244163,-0.080021,-0.092154,-1.127371,1.434265
24.044014,-1.263880,-1.908004,-1.200987,-0.812360,-1.170816,-1.006755,0.497578,0.183327,-1.170964,-0.024868,-0.052764,-0.711156,-0.502704,0.067413,-0.561038,0.091336,0.161799,-1.732026,1.447760,2.711984,0.982319,-0.301368,-0.324615,-0.244163,-0.080021,-0.092154,-1.127371,1.434265
24.044961,-1.260261,-1.899178,-1.201231,-0.812879,-1.172469,-1.013940,0.500159,0.165842,-1.159382,-0.040226,-0.048962,-0.711654,-0.502876,0.067232,-0.561350,0.091009,0.161552,-1.732115,1.447673,2.710887,0.983745,-0.304754,-0.325121,-0.244208,-0.081864,-0.090249,-1.121597,1.435384
24.046055,-1.263838,-1.900898,-1.195739,-0.814764,-1.173483,-1.010837,0.500071,0.152219,-1.147109,-0.051818,-0.044432,-0.712059,-0.503963,0.067154,-0.561660,0.090671,0.161311,-1.732196,1.447587,2.709780,0.985170,-0.305504,-0.328438,-0.243092,-0.081261,-0.089066,-1.114435,1.429809
24.047048,-1.264174,-1.899351,-1.189269,-0.815196,-1.171578,-1.006393,0.500353,0.143512,-1.126363,-0.058841,-0.043445,-0.712190,-0.506420,0.067118,-0.561961,0.090352,0.161062,-1.732271,1.447499,2.708648,0.986608,-0.303169,-0.327069,-0.245094,-0.079733,-0.088707,-1.118565,1.430468
24.047999,-1.249719,-1.895896,-1.188783,-0.814958,-1.171247,-1.000288,0.502321,0.136943,-1.098161,-0.064045,-0.046366,-0.711943,-0.509957,0.067154,-0.562263,0.090024,0.160811,-1.732351,1.447404,2.707518,0.988024,-0.302191,-0.326974,-0.247314,-0.079355,-0.091070,-1.123235,1.429834
24.049043,-1.244619,-1.892882,-1.186516,-0.815249,-1.171891,-1.000228,0.503201,0.134955,-1.067019,-0.065057,-0.051635,-0.711459,-0.514502,0.067300,-0.562580,0.089693,0.160568,-1.732432,1.447312,2.706373,0.989447,-0.308376,-0.327675,-0.246532,-0.079562,-0.091787,-1.129191,1.425543
24.050001,-1.248630,-1.887699,-1.182368,-0.815079,-1.172440,-0.998087,0.503872,0.143250,-1.033924,-0.056380,-0.059072,-0.710923,-0.520299,0.067534,-0.562898,0.089361,0.160319,-1.732510,1.447218,2.705254,0.990877,-0.310025,-0.328421,-0.246788,-0.079461,-0.091655,-1.129841,1.423987
24.050931,-1.247699,-1.884055,-1.178817,-0.816328,-1.174164,-0.992964,0.504555,0.159979,-0.997429,-0.039772,-0.069120,-0.710276,-0.527013,0.067824,-0.563202,0.089025,0.160067,-1.732589,1.447127,2.704115,0.992288,-0.307030,-0.329940,-0.247782,-0.079654,-0.091527,-1.131914,1.422406
24.052008,-1.243779,-1.882100,-1.176449,-0.817266,-1.173710,-0.989984,0.504901,0.176871,-0.955137,-0.023121,-0.082520,-0.709269,-0.533826,0.068149,-0.563507,0.088697,0.159818,-1.732663,1.447039,2.702962,0.993710,-0.306497,-0.330689,-0.248440,-0.078468,-0.090201,-1.136705,1.420606
24.053003,-1.234974,-1.883724,-1.177447,-0.816355,-1.172771,-0.981389,0.502459,0.190245,-0.906981,-0.009897,-0.099449,-0.707852,-0.540318,0.068534,-0.563821,0.088364,0.159570,-1.732737,1.446943,2.701821,0.995119,-0.307757,-0.330983,-0.248823,-0.077894,-0.091224,-1.140421,1.420376
24.054224,-1.233546,-1.884711,-1.172872,-0.818156,-1.171172,-0.983900,0.502407,0.201876,-0.858849,0.001680,-0.117234,-0.706297,-0.546368,0.069036,-0.564140,0.088039,0.159324,-1.732817,1.446848,2.700657,0.996554,-0.311164,-0.329319,-0.247351,-0.078869,-0.092601,-1.149097,1.425191
24.054954,-1.230871,-1.887027,-1.170111,-0.818660,-1.173469,-0.979893,0.504397,0.214600,-0.818994,0.014314,-0.131878,-0.704959,-0.551790,0.069650,-0.564453,0.087711,0.159073,-1.732890,1.446748,2.699521,0.997991,-0.311553,-0.328667,-0.249126,-0.077722,-0.094917,-1.148284,1.426406
24.055947,-1.228770,-1.882779,-1.170553,-0.819497,-1.174878,-0.987204,0.503755,0.229298,-0.792527,0.028763,-0.141160,-0.704027,-0.556271,0.070277,-0.564765,0.087386,0.158823,-1.732964,1.446661,2.698364,0.999416,-0.311199,-0.325833,-0.248957,-0.076900,-0.092716,-1.150518,1.420779
24.056949,-1.231439,-1.879912,-1.169336,-0.819315,-1.172993,-0.991270,0.500605,0.243310,-0.779664,0.042477,-0.145063,-0.703499,-0.559348,0.070842,-0.565073,0.087058,0.158580,-1.733039,1.446572,2.697223,1.000832,-0.311369,-0.327125,-0.247818,-0.076246,-0.091814,-1.143269,1.422075
24.057974,-1.224633,-1.882246,-1.170165,-0.819354,-1.171972,-1.000630,0.500078,0.252040,-0.774190,0.051119,-0.146241,-0.703236,-0.560681,0.071383,-0.565381,0.086726,0.158332,-1.733115,1.446473,2.696098,1.002257,-0.309159,-0.327652,-0.247478,-0.076603,-0.094141,-1.139555,1.428386
24.059035,-1.223380,-1.882094,-1.175970,-0.821417,-1.172847,-0.999957,0.502954,0.253625,-0.773094,0.052975,-0.145727,-0.703206,-0.560278,0.071938,-0.565699,0.086401,0.158089,-1.733191,1.446374,2.694973,1.003693,-0.311686,-0.325723,-0.246201,-0.076777,-0.095587,-1.130615,1.429433
24.059942,-1.223380,-1.877464,-1.170643,-0.823882,-1.168677,-1.002194,0.501564,0.248340,-0.779016,0.048315,-0.142264,-0.703458,-0.558283,0.072437,-0.566009,0.086080,0.157857,-1.733264,1.446278,2.693828,1.005119,-0.311573,-0.325230,-0.242630,-0.075064,-0.095208,-1.131998,1.423901
24.060925,-1.217780,-1.874445,-1.170303,-0.826069,-1.167780,-1.001218,0.503506,0.234556,-0.788455,0.035484,-0.138191,-0.703790,-0.554772,0.072825,-0.566318,0.085748,0.157610,-1.733333,1.446169,2.692704,1.006539,-0.310420,-0.326375,-0.244210,-0.072733,-0.099600,-1.129374,1.426202
24.062101,-1.218265,-1.874633,-1.171865,-0.826299,-1.167572,-1.006271,0.503627,0.213782,-0.793328,0.015785,-0.138295,-0.703984,-0.550184,0.073120,-0.566631,0.085424,0.157372,-1.733401,1.446069,2.691567,1.007962,-0.312274,-0.327022,-0.243490,-0.070881,-0.100836,-1.130498,1.422118
24.063025,-1.218684,-1.879997,-1.172665,-0.825637,-1.167001,-1.006181,0.503411,0.189048,-0.791509,-0.007870,-0.143672,-0.704019,-0.544964,0.073358,-0.566943,0.085097,0.157132,-1.733475,1.445964,2.690455,1.009401,-0.311584,-0.326618,-0.242189,-0.071230,-0.101628,-1.127012,1.422802
24.063939,-1.222295,-1.882598,-1.170278,-0.824623,-1.169233,-0.999102,0.504278,0.158430,-0.791509,-0.037145,-0.149092,-0.703960,-0.538908,0.073549,-0.567255,0.084780,0.156894,-1.733548,1.445862,2.689329,1.010810,-0.310250,-0.322950,-0.240797,-0.071979,-0.102471,-1.126897,1.422815
24.064983,-1.216846,-1.886962,-1.169417,-0.826953,-1.169780,-0.993870,0.503719,0.117832,-0.806580,-0.075825,-0.146799,-0.703880,-0.531538,0.073682,-0.567554,0.084467,0.156654,-1.733623,1.445764,2.688176,1.012231,-0.307419,-0.320723,-0.240974,-0.073012,-0.100505,-1.133568,1.420532
24.065975,-1.211241,-1.888591,-1.172917,-0.827237,-1.167605,-0.989631,0.502752,0.067334,-0.843337,-0.123787,-0.133304,-0.703840,-0.522847,0.073747,-0.567867,0.084154,0.156417,-1.733690,1.445664,2.687036,1.013642,-0.309392,-0.318006,-0.240656,-0.071114,-0.100433,-1.139311,1.421944
24.067009,-1.206581,-1.889481,-1.172433,-0.825448,-1.169241,-0.993052,0.502143,0.011868,-0.900025,-0.176271,-0.110222,-0.703909,-0.513357,0.073778,-0.568181,0.083846,0.156181,-1.733759,1.445556,2.685882,1.015070,-0.311231,-0.316565,-0.238058,-0.071177,-0.102935,-1.143604,1.423771
24.067977,-1.209148,-1.897841,-1.169466,-0.825951,-1.171884,-0.987204,0.504083,-0.043837,-0.972472,-0.228743,-0.079681,-0.704182,-0.503601,0.073826,-0.568497,0.083534,0.155948,-1.733838,1.445456,2.684758,1.016512,-0.312696,-0.315570,-0.237605,-0.073130,-0.101696,-1.140652,1.425051
24.068941,-1.212245,-1.902148,-1.170832,-0.826780,-1.173013,-0.987901,0.505391,-0.097481,-1.060695,-0.279097,-0.041069,-0.704800,-0.493821,0.073879,-0.568804,0.083231,0.155708,-1.733912,1.445360,2.683601,1.017914,-0.310430,-0.310696,-0.238174,-0.072768,-0.099434,-1.146471,1.420976
24.070022,-1.212697,-1.904388,-1.165134,-0.828806,-1.170018,-0.984290,0.502328,-0.151757,-1.167350,-0.330001,0.007031,-0.705791,-0.483695,0.073888,-0.569103,0.082933,0.155478,-1.733983,1.445264,2.682442,1.019337,-0.308024,-0.307962,-0.236650,-0.072133,-0.098706,-1.145551,1.418127
24.071057,-1.203335,-1.905901,-1.170870,-0.830087,-1.165213,-0.990532,0.502281,-0.209571,-1.287927,-0.384223,0.061963,-0.707035,-0.473054,0.073864,-0.569410,0.082631,0.155233,-1.734053,1.445155,2.681293,1.020761,-0.307186,-0.306559,-0.238777,-0.070585,-0.102156,-1.149938,1.424757
24.071966,-1.196125,-1.901080,-1.178361,-0.829757,-1.164442,-0.991620,0.503409,-0.267172,-1.412029,-0.438123,0.117922,-0.708453,-0.462523,0.073842,-0.569729,0.082330,0.155003,-1.734119,1.445041,2.680151,1.022191,-0.311012,-0.305390,-0.235176,-0.069766,-0.107279,-1.144043,1.424912
24.072943,-1.204134,-1.904762,-1.171410,-0.831409,-1.163776,-0.999587,0.504688,-0.321012,-1.528871,-0.488283,0.169579,-0.709884,-0.452760,0.073773,-0.570045,0.082021,0.154786,-1.734191,1.444931,2.679004,1.023614,-0.313383,-0.306922,-0.230652,-0.070191,-0.108177,-1.142518,1.422068
24.074053,-1.204495,-1.900743,-1.170141,-0.834974,-1.164221,-0.999214,0.507552,-0.372638,-1.631204,-0.536297,0.214040,-0.711041,-0.443924,0.073619,-0.570344,0.081722,0.154547,-1.734258,1.444821,2.677884,1.025016,-0.308485,-0.304460,-0.233308,-0.068861,-0.109098,-1.134659,1.419420
24.075004,-1.200294,-1.898250,-1.174641,-0.833716,-1.163724,-1.003197,0.507681,-0.423728,-1.714894,-0.583932,0.249291,-0.711663,-0.436089,0.073425,-0.570646,0.081414,0.154316,-1.734318,1.444707,2.676739,1.026429,-0.307856,-0.306236,-0.233374,-0.066048,-0.109053,-1.136075,1.414284
24.075943,-1.189447,-1.895436,-1.168960,-0.832326,-1.161715,-1.004291,0.508616,-0.474448,-1.775054,-0.631282,0.272921,-0.711548,-0.429428,0.073275,-0.570960,0.081107,0.154089,-1.734389,1.444594,2.675622,1.027857,-0.308897,-0.306717,-0.230290,-0.067541,-0.109752,-1.132042,1.413731
24.077093,-1.188582,-1.897495,-1.167971,-0.835618,-1.161972,-1.007656,0.508258,-0.520060,-1.812532,-0.673672,0.286308,-0.710826,-0.424414,0.073245,-0.571283,0.080798,0.153853,-1.734461,1.444480,2.674492,1.029254,-0.313145,-0.307317,-0.232244,-0.069079,-0.111943,-1.130816,1.411562
24.077947,-1.192617,-1.900173,-1.167185,-0.836515,-1.164292,-1.008589,0.508680,-0.551966,-1.832737,-0.702970,0.292524,-0.709834,-0.421748,0.073367,-0.571590,0.080497,0.153624,-1.734524,1.444368,2.673357,1.030672,-0.313095,-0.306205,-0.232294,-0.066511,-0.112146,-1.128738,1.413133
24.078917,-1.194174,-1.903214,-1.165256,-0.839030,-1.165923,-1.008137,0.508516,-0.571700,-1.841012,-0.720759,0.293851,-0.708606,-0.421123,0.073634,-0.571898,0.080196,0.153392,-1.734589,1.444258,2.672246,1.032064,-0.309771,-0.303873,-0.231609,-0.065757,-0.109897,-1.127167,1.411513
24.079985,-1.190866,-1.902688,-1.169495,-0.840160,-1.163037,-1.012335,0.507834,-0.588842,-1.844140,-0.736136,0.293606,-0.707050,-0.421443,0.074027,-0.572200,0.079899,0.153162,-1.734647,1.444151,2.671119,1.033475,-0.308132,-0.301780,-0.231776,-0.063771,-0.108549,-1.127712,1.411693
24.080998,-1.187336,-1.898145,-1.168883,-0.840162,-1.159812,-1.007465,0.507848,-0.608412,-1.845135,-0.753794,0.293274,-0.705225,-0.422178,0.074542,-0.572510,0.079597,0.152936,-1.734711,1.444030,2.670014,1.034900,-0.309108,-0.301736,-0.229071,-0.063238,-0.111762,-1.124375,1.413405
24.081938,-1.191225,-1.898909,-1.169103,-0.841123,-1.158304,-1.003743,0.508424,-0.630687,-1.840415,-0.773938,0.291287,-0.703210,-0.423410,0.075133,-0.572824,0.079290,0.152704,-1.734776,1.443909,2.668879,1.036305,-0.309977,-0.303460,-0.228658,-0.063722,-0.115190,-1.129663,1.413464
24.083045,-1.196591,-1.897153,-1.163672,-0.843355,-1.158853,-0.999247,0.508518,-0.656733,-1.826846,-0.797599,0.286590,-0.701011,-0.425033,0.075686,-0.573122,0.078990,0.152480,-1.734837,1.443788,2.667732,1.037719,-0.307079,-0.302346,-0.227754,-0.063140,-0.116776,-1.133110,1.411945
24.083999,-1.194259,-1.893894,-1.159194,-0.845094,-1.155836,-1.004570,0.507263,-0.689679,-1.804825,-0.827828,0.279469,-0.698584,-0.426543,0.076117,-0.573423,0.078685,0.152248,-1.734897,1.443671,2.666598,1.039121,-0.303914,-0.302999,-0.229945,-0.061673,-0.116581,-1.138625,1.412420
24.085032,-1.190142,-1.890473,-1.162674,-0.844577,-1.154463,-1.006867,0.506130,-0.727635,-1.772728,-0.862877,0.268631,-0.695986,-0.427954,0.076430,-0.573730,0.078381,0.152010,-1.734954,1.443542,2.665464,1.040548,-0.304126,-0.303926,-0.231246,-0.060451,-0.119675,-1.133118,1.414629
24.085969,-1.186565,-1.889364,-1.160053,-0.846481,-1.154556,-1.010068,0.505158,-0.764586,-1.728393,-0.897013,0.252777,-0.693370,-0.429796,0.076676,-0.574032,0.078072,0.151787,-1.735017,1.443417,2.664346,1.041975,-0.305488,-0.305108,-0.228878,-0.061526,-0.121220,-1.131427,1.417021
24.086953,-1.188828,-1.886787,-1.153585,-0.850028,-1.156548,-1.002785,0.507500,-0.796919,-1.673520,-0.926814,0.232933,-0.690838,-0.432381,0.076877,-0.574342,0.077765,0.151557,-1.735073,1.443299,2.663210,1.043381,-0.306206,-0.304855,-0.229349,-0.060133,-0.121235,-1.128001,1.418628
24.087958,-1.184987,-1.883073,-1.148353,-0.848650,-1.157895,-0.997056,0.506419,-0.822680,-1.610037,-0.950569,0.209489,-0.688373,-0.435833,0.077016,-0.574640,0.077460,0.151323,-1.735124,1.443182,2.662046,1.044794,-0.304261,-0.305531,-0.231780,-0.057301,-0.119422,-1.135343,1.413782
24.089046,-1.179714,-1.878198,-1.146979,-0.853898,-1.159496,-0.994121,0.506886,-0.840345,-1.539052,-0.966983,0.182477,-0.685983,-0.440099,0.077094,-0.574949,0.077148,0.151084,-1.735186,1.443063,2.660895,1.046208,-0.305348,-0.306750,-0.233549,-0.059224,-0.118296,-1.141241,1.416037
24.090056,-1.169529,-1.880378,-1.146366,-0.853494,-1.156860,-0.998516,0.506006,-0.847875,-1.459999,-0.974097,0.151456,-0.683762,-0.445051,0.077145,-0.575262,0.076836,0.150849,-1.735234,1.442947,2.659741,1.047628,-0.307318,-0.308807,-0.233587,-0.054935,-0.117047,-1.144897,1.415539
24.090960,-1.177029,-1.879728,-1.137407,-0.853192,-1.159113,-1.002518,0.504002,-0.822280,-1.288801,-0.950431,0.081067,-0.680531,-0.456528,0.077181,-0.575878,0.076222,0.150375,-1.735351,1.442707,2.657484,1.050475,-0.306608,-0.306539,-0.236585,-0.056685,-0.117689,-1.136364,1.420768
24.091984,-1.182397,-1.878539,-1.135747,-0.855518,-1.161049,-1.006257,0.506630,-0.822280,-1.288801,-0.950431,0.081067,-0.680531,-0.456528,0.077181,-0.575878,0.076222,0.150375,-1.735351,1.442707,2.657484,1.050475,-0.306608,-0.306539,-0.236585,-0.056685,-0.117689,-1.136364,1.420768
24.092936,-1.176019,-1.875032,-1.133361,-0.857828,-1.158477,-1.009831,0.505765,-0.796182,-1.212526,-0.926407,0.050606,-0.679777,-0.461826,0.077090,-0.576172,0.075917,0.150140,-1.735404,1.442594,2.656356,1.051886,-0.303314,-0.306644,-0.236624,-0.055107,-0.116056,-1.133085,1.415561
24.093943,-1.172296,-1.871837,-1.136681,-0.856308,-1.155399,-1.011188,0.505184,-0.770716,-1.141598,-0.903267,0.022870,-0.679435,-0.466032,0.076857,-0.576481,0.075608,0.149903,-1.735453,1.442466,2.655248,1.053290,-0.305539,-0.307629,-0.236889,-0.053504,-0.118716,-1.129578,1.417124
24.095088,-1.170164,-1.874597,-1.132623,-0.860294,-1.154010,-1.018648,0.504609,-0.746162,-1.072564,-0.881102,-0.004263,-0.679518,-0.469346,0.076529,-0.576796,0.075292,0.149670,-1.735514,1.442335,2.654122,1.054719,-0.306465,-0.308535,-0.234439,-0.055608,-0.121895,-1.128588,1.418248
24.096000,-1.177208,-1.868322,-1.133184,-0.858372,-1.153424,-1.018431,0.503953,-0.721583,-1.006969,-0.858934,-0.030166,-0.680098,-0.471972,0.076172,-0.577102,0.074988,0.149434,-1.735561,1.442211,2.653003,1.056158,-0.307096,-0.307022,-0.235984,-0.052714,-0.123618,-1.122432,1.420118
24.096947,-1.180025,-1.859552,-1.126964,-0.861809,-1.153241,-1.024348,0.504182,-0.699450,-0.946309,-0.839225,-0.054268,-0.681044,-0.473776,0.075783,-0.577395,0.074675,0.149200,-1.735621,1.442084,2.651895,1.057566,-0.302584,-0.309247,-0.234714,-0.055063,-0.124198,-1.122494,1.420938
24.098047,-1.176815,-1.859963,-1.124028,-0.861646,-1.148021,-1.025602,0.501481,-0.685979,-0.884089,-0.827988,-0.079519,-0.681950,-0.474449,0.075331,-0.577695,0.074360,0.148963,-1.735668,1.441962,2.650782,1.058989,-0.300280,-0.312783,-0.236918,-0.052336,-0.124480,-1.116517,1.420122
24.098929,-1.166717,-1.856940,-1.120928,-0.861204,-1.146601,-1.025190,0.502956,-0.680641,-0.814118,-0.824686,-0.109253,-0.682597,-0.474362,0.074838,-0.577998,0.074049,0.148723,-1.735724,1.441821,2.649674,1.060434,-0.301399,-0.312205,-0.237714,-0.053382,-0.129867,-1.116427,1.426025
24.099935,-1.160273,-1.856553,-1.120005,-0.861142,-1.147446,-1.016864,0.504285,-0.674555,-0.742421,-0.820767,-0.140886,-0.683207,-0.474389,0.074359,-0.578313,0.073731,0.148481,-1.735780,1.441689,2.648548,1.061842,-0.305186,-0.312627,-0.238127,-0.054232,-0.131153,-1.116295,1.422325
24.101064,-1.165311,-1.858247,-1.111436,-0.863598,-1.147642,-1.013038,0.507352,-0.660451,-0.678595,-0.809297,-0.169569,-0.683991,-0.475053,0.073899,-0.578622,0.073420,0.148248,-1.735836,1.441560,2.647398,1.063264,-0.307529,-0.312181,-0.237822,-0.054942,-0.130408,-1.124907,1.419672
24.102013,-1.163566,-1.858251,-1.110804,-0.864868,-1.148637,-1.009873,0.508270,-0.637983,-0.628019,-0.790071,-0.192805,-0.684868,-0.476150,0.073451,-0.578921,0.073110,0.147997,-1.735889,1.441429,2.646265,1.064680,-0.304565,-0.311080,-0.241406,-0.053447,-0.130477,-1.129850,1.414220
24.102935,-1.155784,-1.859137,-1.108280,-0.863531,-1.144647,-1.012212,0.507784,-0.611946,-0.592624,-0.767691,-0.210067,-0.685626,-0.477009,0.073045,-0.579229,0.072805,0.147757,-1.735942,1.441303,2.645130,1.066081,-0.304462,-0.310347,-0.240713,-0.052794,-0.129532,-1.132882,1.412176
24.104020,-1.148641,-1.858688,-1.105047,-0.866207,-1.144908,-1.012191,0.507528,-0.584692,-0.573861,-0.744211,-0.220641,-0.686272,-0.477324,0.072750,-0.579540,0.072495,0.147516,-1.735999,1.441161,2.644012,1.067498,-0.307250,-0.309026,-0.240958,-0.054620,-0.133437,-1.130280,1.412714
24.104924,-1.145736,-1.861038,-1.098811,-0.866722,-1.143045,-1.008035,0.506235,-0.552189,-0.572372,-0.715654,-0.224165,-0.687100,-0.477570,0.072616,-0.579856,0.072182,0.147275,-1.736049,1.441029,2.642877,1.068900,-0.310101,-0.308855,-0.241869,-0.052857,-0.133326,-1.131176,1.413752
24.105956,-1.148268,-1.861727,-1.099776,-0.866907,-1.141723,-1.006509,0.509374,-0.510226,-0.586194,-0.678056,-0.222092,-0.688351,-0.478340,0.072611,-0.580166,0.071883,0.147029,-1.736102,1.440888,2.641725,1.070315,-0.310368,-0.306852,-0.243875,-0.052890,-0.135060,-1.134819,1.415793
24.106960,-1.143131,-1.861196,-1.096577,-0.868458,-1.136755,-1.007956,0.509182,-0.463051,-0.614723,-0.635505,-0.214537,-0.690007,-0.479305,0.072665,-0.580471,0.071579,0.146788,-1.736156,1.440746,2.640593,1.071697,-0.308339,-0.306054,-0.242543,-0.053470,-0.136396,-1.136811,1.409735
24.107945,-1.133863,-1.860076,-1.094831,-0.870213,-1.134122,-1.014945,0.508329,-0.418146,-0.655595,-0.595065,-0.201990,-0.691872,-0.479791,0.072769,-0.580788,0.071274,0.146541,-1.736206,1.440599,2.639456,1.073114,-0.309980,-0.305758,-0.243226,-0.052694,-0.141325,-1.135588,1.410185
24.109001,-1.133954,-1.858998,-1.089919,-0.869953,-1.130472,-1.017341,0.509118,-0.373883,-0.702292,-0.555098,-0.187810,-0.693884,-0.480147,0.072943,-0.581105,0.070970,0.146300,-1.736257,1.440449,2.638331,1.074537,-0.313617,-0.305718,-0.243189,-0.051686,-0.143809,-1.128738,1.411776
24.109960,-1.133934,-1.863738,-1.087243,-0.872423,-1.128975,-1.022647,0.508954,-0.325005,-0.749435,-0.510593,-0.174728,-0.696061,-0.481124,0.073156,-0.581415,0.070663,0.146051,-1.736311,1.440294,2.637218,1.075934,-0.312800,-0.305831,-0.244803,-0.052765,-0.147395,-1.127157,1.410543
24.111060,-1.133446,-1.860478,-1.082472,-0.873228,-1.127627,-1.024760,0.509351,-0.272901,-0.797025,-0.462895,-0.162250,-0.698269,-0.482724,0.073342,-0.581724,0.070369,0.145808,-1.736359,1.440143,2.636099,1.077350,-0.311816,-0.302855,-0.245145,-0.051023,-0.148690,-1.121860,1.410638
24.111974,-1.125280,-1.863186,-1.077091,-0.874409,-1.121575,-1.030822,0.507325,-0.221293,-0.845704,-0.415487,-0.149783,-0.700330,-0.484674,0.073480,-0.582036,0.070060,0.145556,-1.736411,1.439989,2.634988,1.078772,-0.311438,-0.304213,-0.246735,-0.051176,-0.150028,-1.120879,1.410364
24.113000,-1.119173,-1.860634,-1.082432,-0.875361,-1.118150,-1.032829,0.507884,-0.168706,-0.893429,-0.366863,-0.138198,-0.702258,-0.487211,0.073604,-0.582358,0.069763,0.145301,-1.736460,1.439821,2.633875,1.080180,-0.314273,-0.302081,-0.248206,-0.050621,-0.155722,-1.114528,1.413982
24.113999,-1.118417,-1.865119,-1.079796,-0.872775,-1.116669,-1.036297,0.507444,-0.112729,-0.938922,-0.314666,-0.127912,-0.704129,-0.490616,0.073761,-0.582675,0.069462,0.145060,-1.736509,1.439654,2.632756,1.081600,-0.316412,-0.302930,-0.244671,-0.050535,-0.158881,-1.113092,1.412932
24.114980,-1.126555,-1.860307,-1.068628,-0.875994,-1.113840,-1.035465,0.508325,-0.057111,-0.984347,-0.262516,-0.116859,-0.705885,-0.494520,0.073977,-0.582990,0.069164,0.144816,-1.736569,1.439490,2.631657,1.083006,-0.315810,-0.300157,-0.245103,-0.053700,-0.160087,-1.110051,1.413848
24.115975,-1.118977,-1.860256,-1.065971,-0.878531,-1.110876,-1.026621,0.510514,-0.006973,-1.031023,-0.215463,-0.103319,-0.707411,-0.498502,0.074243,-0.583297,0.068860,0.144557,-1.736616,1.439320,2.630543,1.084420,-0.310788,-0.301984,-0.249603,-0.051247,-0.162597,-1.111160,1.411945
24.116986,-1.107589,-1.860673,-1.063842,-0.880848,-1.105887,-1.024050,0.508074,0.036646,-1.072211,-0.174582,-0.091147,-0.708539,-0.502667,0.074521,-0.583615,0.068559,0.144307,-1.736662,1.439148,2.629417,1.085834,-0.313660,-0.301451,-0.249897,-0.049608,-0.165229,-1.120341,1.407504
24.117979,-1.106561,-1.859362,-1.057533,-0.877767,-1.099699,-1.020078,0.508268,0.078589,-1.103300,-0.135147,-0.083815,-0.709308,-0.507516,0.074832,-0.583943,0.068258,0.144056,-1.736706,1.438969,2.628290,1.087266,-0.318302,-0.300744,-0.249987,-0.048239,-0.169860,-1.123213,1.412460
24.119058,-1.107829,-1.859867,-1.054812,-0.879451,-1.098548,-1.020998,0.508914,0.124380,-1.127882,-0.091829,-0.079392,-0.709962,-0.513383,0.075236,-0.584256,0.067959,0.143801,-1.736766,1.438781,2.627146,1.088665,-0.317808,-0.300880,-0.252100,-0.051913,-0.175567,-1.127335,1.412032
24.120023,-1.112663,-1.855685,-1.049615,-0.881054,-1.100551,-1.017588,0.512379,0.172122,-1.149986,-0.046538,-0.074533,-0.710536,-0.519891,0.075699,-0.584571,0.067658,0.143544,-1.736814,1.438602,2.626028,1.090052,-0.316437,-0.300328,-0.252544,-0.051167,-0.176373,-1.127265,1.411279
24.120933,-1.111426,-1.850442,-1.044590,-0.881421,-1.098262,-1.016162,0.511394,0.214540,-1.167656,-0.006330,-0.069620,-0.710773,-0.526318,0.076105,-0.584884,0.067359,0.143288,-1.736864,1.438429,2.624888,1.091447,-0.312976,-0.301825,-0.254016,-0.050290,-0.173958,-1.130672,1.404156
24.122083,-1.100897,-1.851948,-1.040966,-0.882060,-1.096578,-1.012203,0.509157,0.246488,-1.173998,0.023898,-0.068178,-0.710428,-0.532312,0.076420,-0.585193,0.067049,0.143033,-1.736914,1.438249,2.623742,1.092892,-0.312493,-0.303535,-0.255303,-0.050538,-0.175753,-1.131616,1.405567
24.122960,-1.099243,-1.845941,-1.036856,-0.881713,-1.094666,-1.009229,0.510714,0.271904,-1.167744,0.048005,-0.070959,-0.709686,-0.538248,0.076712,-0.585518,0.066744,0.142772,-1.736965,1.438067,2.622603,1.094286,-0.317164,-0.302644,-0.256307,-0.050956,-0.177219,-1.136890,1.411001
24.123965,-1.099446,-1.844461,-1.032772,-0.883907,-1.095994,-1.006857,0.509805,0.298108,-1.152720,0.073024,-0.076164,-0.708911,-0.544587,0.076992,-0.585831,0.066438,0.142516,-1.737015,1.437889,2.621446,1.095687,-0.316673,-0.304707,-0.257051,-0.051848,-0.178565,-1.139075,1.407146
24.125073,-1.103496,-1.848925,-1.027286,-0.884887,-1.094282,-1.012218,0.510566,0.324781,-1.129079,0.098578,-0.083714,-0.708135,-0.550957,0.077185,-0.586146,0.066134,0.142254,-1.737063,1.437714,2.620308,1.097080,-0.315627,-0.304883,-0.257985,-0.050492,-0.176860,-1.141710,1.409127
24.126055,-1.101483,-1.846605,-1.030197,-0.885809,-1.091799,-1.016351,0.510616,0.347749,-1.099546,0.120578,-0.092553,-0.707312,-0.556483,0.077274,-0.586456,0.065833,0.141988,-1.737112,1.437533,2.619170,1.098512,-0.312998,-0.302423,-0.259775,-0.050539,-0.178341,-1.137265,1.408105
24.126957,-1.094271,-1.843713,-1.034613,-0.884329,-1.088264,-1.023219,0.511275,0.363593,-1.070541,0.135785,-0.099742,-0.706530,-0.560387,0.077314,-0.586766,0.065526,0.141738,-1.737165,1.437346,2.618040,1.099915,-0.313094,-0.302962,-0.257253,-0.050315,-0.180323,-1.133273,1.407945
24.127993,-1.099020,-1.842458,-1.030729,-0.887309,-1.085967,-1.025371,0.512067,0.369644,-1.043195,0.141793,-0.104479,-0.705835,-0.562329,0.077349,-0.587086,0.065218,0.141489,-1.737219,1.437157,2.616937,1.101305,-0.315429,-0.303497,-0.253871,-0.052294,-0.183234,-1.126114,1.406144
24.128987,-1.101778,-1.840771,-1.027205,-0.889735,-1.087581,-1.023073,0.514218,0.365053,-1.015157,0.137806,-0.107892,-0.705193,-0.562460,0.077379,-0.587389,0.064917,0.141234,-1.737265,1.436970,2.615815,1.102717,-0.312295,-0.303703,-0.254882,-0.050230,-0.185091,-1.124586,1.404767
24.129976,-1.097312,-1.838319,-1.023465,-0.890968,-1.086268,-1.025037,0.515596,0.349057,-0.983487,0.122937,-0.112307,-0.704448,-0.560998,0.077362,-0.587697,0.064611,0.140976,-1.737310,1.436790,2.614698,1.104115,-0.310050,-0.303933,-0.255547,-0.048713,-0.183023,-1.127233,1.400458
24.130987,-1.089213,-1.834805,-1.023637,-0.893263,-1.079318,-1.029192,0.515031,0.323856,-0.946513,0.099220,-0.119552,-0.703535,-0.558351,0.077281,-0.588012,0.064301,0.140717,-1.737356,1.436605,2.613579,1.105500,-0.311336,-0.304496,-0.256304,-0.048344,-0.183894,-1.125488,1.397762
24.131969,-1.089060,-1.832734,-1.025510,-0.894557,-1.077636,-1.035304,0.515140,0.296876,-0.903519,0.073835,-0.130703,-0.702533,-0.555392,0.077189,-0.588330,0.063996,0.140465,-1.737401,1.436403,2.612459,1.106903,-0.314450,-0.305707,-0.255221,-0.046983,-0.190292,-1.121716,1.399031
24.133005,-1.093235,-1.833231,-1.023110,-0.895128,-1.081397,-1.033005,0.517102,0.272018,-0.853425,0.050551,-0.146799,-0.701331,-0.552686,0.077142,-0.588642,0.063689,0.140214,-1.737447,1.436210,2.611362,1.108288,-0.313517,-0.306082,-0.253237,-0.046533,-0.191357,-1.115922,1.398802
24.134063,-1.093470,-1.834767,-1.023236,-0.897524,-1.083651,-1.030673,0.519282,0.244897,-0.799434,0.025105,-0.165989,-0.699651,-0.549921,0.077148,-0.588949,0.063387,0.139961,-1.737494,1.436034,2.610236,1.109697,-0.310653,-0.305398,-0.253520,-0.046916,-0.187226,-1.118858,1.395064
24.134970,-1.085194,-1.834450,-1.021227,-0.896819,-1.083567,-1.025606,0.518133,0.210314,-0.748602,-0.007537,-0.184383,-0.697363,-0.546537,0.077197,-0.589254,0.063083,0.139714,-1.737538,1.435853,2.609114,1.111078,-0.309888,-0.304230,-0.252607,-0.045539,-0.184647,-1.121918,1.391149
24.136004,-1.080523,-1.834717,-1.021882,-0.897615,-1.087654,-1.029141,0.517861,0.169798,-0.707118,-0.045874,-0.198997,-0.694644,-0.542496,0.077332,-0.589574,0.062775,0.139459,-1.737589,1.435671,2.607974,1.112461,-0.312800,-0.303504,-0.252395,-0.046861,-0.184198,-1.126551,1.393094
24.137073,-1.084150,-1.834388,-1.023724,-0.901230,-1.089848,-1.026342,0.517117,0.129926,-0.678770,-0.083542,-0.207948,-0.691872,-0.538215,0.077585,-0.589888,0.062477,0.139214,-1.737635,1.435496,2.606841,1.113861,-0.314271,-0.302985,-0.251201,-0.046996,-0.179759,-1.123437,1.393870
24.137977,-1.088947,-1.836672,-1.018438,-0.901122,-1.087275,-1.022927,0.515053,0.091565,-0.661989,-0.119749,-0.212256,-0.689173,-0.533674,0.077897,-0.590196,0.062172,0.138967,-1.737676,1.435324,2.605719,1.115273,-0.311744,-0.302777,-0.249460,-0.044506,-0.177360,-1.127101,1.395757
24.138957,-1.087257,-1.833869,-1.018276,-0.904993,-1.088974,-1.017779,0.516352,0.048450,-0.654245,-0.160664,-0.213603,-0.686444,-0.528214,0.078179,-0.590500,0.061870,0.138710,-1.737721,1.435141,2.604575,1.116664,-0.308257,-0.300790,-0.250881,-0.045351,-0.179404,-1.130020,1.399442
24.140069,-1.076678,-1.832217,-1.022893,-0.903092,-1.081990,-1.019900,0.514663,-0.002478,-0.654456,-0.209281,-0.212828,-0.683746,-0.521512,0.078368,-0.590804,0.061570,0.138466,-1.737758,1.434965,2.603422,1.118067,-0.308251,-0.301639,-0.249986,-0.042513,-0.177272,-1.135181,1.396704
24.141045,-1.069181,-1.828283,-1.023888,-0.904838,-1.077975,-1.021461,0.516141,-0.057486,-0.658637,-0.261842,-0.212054,-0.681295,-0.514036,0.078464,-0.591126,0.061267,0.138225,-1.737810,1.434767,2.602297,1.119463,-0.312876,-0.302255,-0.247012,-0.045425,-0.183914,-1.134088,1.400848
24.142069,-1.070196,-1.826990,-1.024923,-0.905228,-1.077902,-1.022539,0.516951,-0.109577,-0.663023,-0.311480,-0.212791,-0.679295,-0.506639,0.078504,-0.591444,0.060965,0.137986,-1.737853,1.434579,2.601162,1.120865,-0.315548,-0.303609,-0.245624,-0.044555,-0.187370,-1.132593,1.397725
24.143007,-1.071898,-1.832017,-1.021114,-0.904563,-1.080063,-1.024501,0.516775,-0.155973,-0.665166,-0.355602,-0.215927,-0.677676,-0.499752,0.078470,-0.591756,0.060660,0.137743,-1.737900,1.434392,2.600042,1.122253,-0.314155,-0.303746,-0.244255,-0.045097,-0.186964,-1.132017,1.396349
24.143957,-1.066908,-1.829714,-1.019387,-0.905856,-1.077834,-1.025961,0.516375,-0.199581,-0.669549,-0.397150,-0.218750,-0.676242,-0.493094,0.078325,-0.592067,0.060363,0.137495,-1.737948,1.434214,2.598914,1.123659,-0.312226,-0.300527,-0.245093,-0.046478,-0.184302,-1.129885,1.396386
24.145009,-1.056251,-1.828213,-1.021788,-0.905986,-1.075153,-1.029900,0.513071,-0.240708,-0.684065,-0.436417,-0.216913,-0.674954,-0.486594,0.078111,-0.592382,0.060068,0.137250,-1.737992,1.434026,2.597783,1.125074,-0.313661,-0.301101,-0.244926,-0.045998,-0.186023,-1.128345,1.396902
24.145956,-1.044072,-1.829820,-1.023335,-0.907337,-1.076439,-1.031646,0.512309,-0.274655,-0.707158,-0.468744,-0.211378,-0.673826,-0.480890,0.077917,-0.592710,0.059765,0.137011,-1.738038,1.433834,2.596676,1.126499,-0.318054,-0.301463,-0.242958,-0.046863,-0.188255,-1.125157,1.403813
24.146978,-1.043530,-1.832524,-1.021561,-0.909642,-1.079253,-1.037193,0.513250,-0.295504,-0.735465,-0.488336,-0.204101,-0.672940,-0.476765,0.077802,-0.593047,0.059470,0.136773,-1.738082,1.433648,2.595547,1.127893,-0.322786,-0.300021,-0.241252,-0.046343,-0.186392,-1.123331,1.405050
24.148104,-1.045755,-1.837655,-1.016315,-0.912709,-1.081081,-1.039976,0.515473,-0.301084,-0.770235,-0.493191,-0.194768,-0.672375,-0.474499,0.077731,-0.593365,0.059176,0.136534,-1.738123,1.433473,2.594442,1.129296,-0.322081,-0.298279,-0.241349,-0.045081,-0.183233,-1.118328,1.403299
24.149034,-1.040520,-1.845218,-1.018347,-0.915462,-1.079218,-1.041836,0.514637,-0.294960,-0.813243,-0.486889,-0.182807,-0.672102,-0.473746,0.077644,-0.593682,0.058882,0.136287,-1.738162,1.433297,2.593322,1.130678,-0.320340,-0.295658,-0.243288,-0.043305,-0.181223,-1.116790,1.399662
24.149933,-1.030402,-1.839575,-1.013470,-0.916874,-1.076983,-1.037867,0.511859,-0.282054,-0.867898,-0.474136,-0.166803,-0.672149,-0.473952,0.077559,-0.594005,0.058599,0.136053,-1.738201,1.433106,2.592200,1.132091,-0.321743,-0.291327,-0.241303,-0.041458,-0.182510,-1.114754,1.400987
24.150970,-1.028850,-1.840382,-1.012666,-0.917633,-1.074043,-1.031966,0.512743,-0.263113,-0.933253,-0.455490,-0.147303,-0.672611,-0.475045,0.077525,-0.594340,0.058301,0.135807,-1.738241,1.432917,2.591082,1.133496,-0.325352,-0.293411,-0.242643,-0.040890,-0.184112,-1.118411,1.406042
24.151982,-1.026124,-1.841744,-1.016441,-0.919096,-1.073137,-1.024610,0.512267,-0.237272,-1.000517,-0.430087,-0.128039,-0.673440,-0.477258,0.077538,-0.594669,0.058012,0.135564,-1.738284,1.432731,2.589941,1.134904,-0.325075,-0.292700,-0.242192,-0.041173,-0.186639,-1.124804,1.404430
24.153002,-1.025326,-1.844302,-1.012042,-0.918601,-1.070852,-1.022482,0.512193,-0.210423,-1.064949,-0.403683,-0.110207,-0.674378,-0.479995,0.077540,-0.594993,0.057725,0.135330,-1.738325,1.432542,2.588789,1.136319,-0.325415,-0.291697,-0.239524,-0.040714,-0.187050,-1.132394,1.405461
24.154078,-1.023249,-1.845286,-1.013510,-0.919479,-1.065878,-1.026720,0.511291,-0.189653,-1.128837,-0.383144,-0.091585,-0.675226,-0.482350,0.077509,-0.595317,0.057438,0.135085,-1.738372,1.432353,2.587661,1.137714,-0.324805,-0.290108,-0.240876,-0.042150,-0.188881,-1.134897,1.405783
24.154945,-1.013794,-1.846678,-1.018946,-0.917757,-1.065599,-1.025562,0.512408,-0.175889,-1.194471,-0.369312,-0.070232,-0.675962,-0.484118,0.077505,-0.595639,0.057153,0.134851,-1.738414,1.432148,2.586536,1.139128,-0.325037,-0.289532,-0.239473,-0.042382,-0.193323,-1.131432,1.408027
24.155917,-1.016446,-1.845308,-1.008717,-0.921135,-1.068615,-1.022357,0.513358,-0.168472,-1.262642,-0.361429,-0.045129,-0.676540,-0.485426,0.077584,-0.595975,0.056867,0.134621,-1.738463,1.431953,2.585417,1.140542,-0.328208,-0.288066,-0.235719,-0.044664,-0.192812,-1.132027,1.404981
24.157012,-1.016456,-1.849706,-1.009404,-0.923119,-1.068616,-1.014524,0.515994,-0.165754,-1.331585,-0.357922,-0.017085,-0.676852,-0.486611,0.077745,-0.596299,0.056578,0.134370,-1.738504,1.431772,2.584270,1.141935,-0.325693,-0.288292,-0.239872,-0.042206,-0.189316,-1.135232,1.403010
24.157992,-1.007148,-1.847791,-1.004221,-0.922413,-1.067499,-1.010335,0.516626,-0.166422,-1.397251,-0.357651,0.011052,-0.676735,-0.487927,0.077950,-0.596620,0.056298,0.134135,-1.738543,1.431585,2.583104,1.143326,-0.324949,-0.286092,-0.238858,-0.041479,-0.188994,-1.143835,1.398330
24.158927,-1.001127,-1.842212,-1.004486,-0.924798,-1.065864,-1.013599,0.514917,-0.168748,-1.458689,-0.358929,0.038329,-0.676155,-0.489406,0.078212,-0.596954,0.056009,0.133889,-1.738590,1.431392,2.581955,1.144711,-0.328414,-0.286623,-0.240506,-0.043021,-0.189562,-1.148000,1.397097
24.160081,-1.000188,-1.843542,-1.005968,-0.925433,-1.069370,-1.023189,0.517419,-0.167300,-1.511809,-0.356433,0.062714,-0.675257,-0.491375,0.078592,-0.597285,0.055719,0.133653,-1.738630,1.431201,2.580810,1.146118,-0.330085,-0.288835,-0.239390,-0.041494,-0.190588,-1.144379,1.400212
24.160984,-1.004547,-1.848222,-1.007931,-0.926097,-1.073407,-1.029208,0.517031,-0.160598,-1.549345,-0.348735,0.080496,-0.674071,-0.493826,0.079087,-0.597616,0.055431,0.133418,-1.738673,1.431018,2.579690,1.147512,-0.329828,-0.288246,-0.238156,-0.042146,-0.186818,-1.136154,1.396077
24.161945,-1.012950,-1.848127,-1.006390,-0.927726,-1.076117,-1.034456,0.517731,-0.155181,-1.575006,-0.342215,0.093882,-0.672575,-0.495806,0.079620,-0.597940,0.055150,0.133186,-1.738716,1.430844,2.578565,1.148890,-0.326279,-0.285292,-0.236204,-0.042247,-0.182290,-1.129766,1.396480
24.162948,-1.009764,-1.844414,-1.006306,-0.928158,-1.077009,-1.037105,0.518991,-0.160992,-1.596913,-0.346564,0.107318,-0.670767,-0.496064,0.080162,-0.598249,0.054867,0.132953,-1.738756,1.430668,2.577440,1.150288,-0.321073,-0.284936,-0.236133,-0.041558,-0.179170,-1.124556,1.394897
24.163953,-1.008120,-1.841453,-1.010221,-0.929646,-1.073490,-1.038876,0.518455,-0.182605,-1.614032,-0.366194,0.120244,-0.668709,-0.494222,0.080738,-0.598572,0.054576,0.132719,-1.738800,1.430492,2.576330,1.151667,-0.321682,-0.286403,-0.235384,-0.042065,-0.177934,-1.122350,1.392521
24.165033,-1.012545,-1.845297,-1.010760,-0.931713,-1.069844,-1.042536,0.519600,-0.217255,-1.619999,-0.398338,0.129232,-0.666560,-0.490826,0.081346,-0.598895,0.054289,0.132488,-1.738841,1.430306,2.575210,1.153065,-0.321464,-0.287540,-0.232672,-0.041589,-0.181031,-1.120950,1.393711
24.166017,-1.014636,-1.846812,-1.013329,-0.934172,-1.070582,-1.042376,0.517444,-0.263600,-1.613439,-0.441693,0.133133,-0.664369,-0.486163,0.081942,-0.599203,0.054005,0.132260,-1.738881,1.430115,2.574108,1.154463,-0.318588,-0.285503,-0.231855,-0.040709,-0.184276,-1.118277,1.391894
24.166975,-1.017700,-1.851346,-1.013892,-0.935983,-1.071175,-1.043490,0.519363,-0.323029,-1.599524,-0.497712,0.133897,-0.662049,-0.480078,0.082497,-0.599517,0.053718,0.132032,-1.738917,1.429938,2.572991,1.155853,-0.316566,-0.284351,-0.229806,-0.039339,-0.183097,-1.118704,1.396268
24.168084,-1.017267,-1.850266,-1.013188,-0.935903,-1.070952,-1.045627,0.517830,-0.395917,-1.584600,-0.566808,0.134143,-0.659510,-0.472470,0.083013,-0.599822,0.053443,0.131806,-1.738956,1.429756,2.571868,1.157245,-0.314083,-0.281723,-0.228760,-0.038507,-0.182023,-1.117591,1.392192
24.169068,-1.012590,-1.848038,-1.013144,-0.938497,-1.072351,-1.045009,0.516699,-0.478985,-1.572737,-0.645774,0.135860,-0.656749,-0.463677,0.083520,-0.600134,0.053159,0.131579,-1.738997,1.429571,2.570766,1.158632,-0.313708,-0.282298,-0.228628,-0.039823,-0.181948,-1.116662,1.396049
24.170023,-1.016120,-1.844367,-1.008009,-0.937557,-1.075561,-1.039368,0.516290,-0.564691,-1.561745,-0.727325,0.138034,-0.653812,-0.454640,0.084074,-0.600455,0.052870,0.131352,-1.739031,1.429395,2.569643,1.160040,-0.315001,-0.282982,-0.227911,-0.038331,-0.180137,-1.117494,1.398219
24.170961,-1.013520,-1.846056,-1.009381,-0.940748,-1.079550,-1.038116,0.519177,-0.646722,-1.546027,-0.805465,0.137859,-0.650685,-0.446203,0.084696,-0.600759,0.052586,0.131122,-1.739075,1.429226,2.568501,1.161456,-0.312251,-0.284363,-0.229665,-0.040160,-0.176553,-1.123062,1.398748
24.172001,-1.008758,-1.845671,-1.002571,-0.942612,-1.082638,-1.038081,0.519554,-0.723513,-1.524336,-0.878806,0.134779,-0.647335,-0.438536,0.085322,-0.601071,0.052305,0.130897,-1.739109,1.429062,2.567377,1.162828,-0.312488,-0.283013,-0.228138,-0.037975,-0.172226,-1.124144,1.392719
24.172946,-1.007440,-1.844386,-1.001511,-0.942434,-1.082008,-1.040788,0.516904,-0.791495,-1.498730,-0.943927,0.129204,-0.643960,-0.431871,0.085904,-0.601384,0.052024,0.130662,-1.739144,1.428895,2.566244,1.164225,-0.314074,-0.283055,-0.230865,-0.037342,-0.168925,-1.124707,1.392308
24.174052,-1.001920,-1.841585,-1.009012,-0.947377,-1.083390,-1.039704,0.519671,-0.844786,-1.471022,-0.995087,0.121617,-0.640946,-0.426695,0.086481,-0.601699,0.051742,0.130431,-1.739183,1.428726,2.565135,1.165640,-0.313601,-0.283218,-0.230500,-0.038487,-0.169217,-1.121968,1.397340
24.174962,-1.003306,-1.843008,-1.004378,-0.948775,-1.083824,-1.037026,0.518060,-0.885027,-1.439102,-1.033768,0.111015,-0.638390,-0.422879,0.087054,-0.602019,0.051454,0.130212,-1.739212,1.428560,2.564000,1.167014,-0.315678,-0.284587,-0.226309,-0.035015,-0.167700,-1.124089,1.392460
24.175960,-1.004262,-1.838276,-0.996792,-0.951537,-1.085949,-1.036932,0.519953,-0.918172,-1.399859,-1.065719,0.095416,-0.636147,-0.419893,0.087537,-0.602327,0.051174,0.129982,-1.739246,1.428400,2.562858,1.168412,-0.313831,-0.283297,-0.227763,-0.034635,-0.166934,-1.126332,1.395300
24.177092,-1.003420,-1.839625,-0.997070,-0.951966,-1.086748,-1.039177,0.522280,-0.945283,-1.353711,-1.092071,0.074825,-0.634248,-0.417610,0.087858,-0.602635,0.050884,0.129746,-1.739276,1.428239,2.561740,1.169783,-0.312479,-0.285286,-0.230750,-0.033126,-0.164581,-1.126735,1.391601
24.177941,-0.997617,-1.838126,-0.993508,-0.952947,-1.084367,-1.043701,0.520805,-0.964776,-1.301936,-1.111268,0.050300,-0.632807,-0.416165,0.087997,-0.602947,0.050601,0.129520,-1.739311,1.428079,2.560613,1.171172,-0.312369,-0.284685,-0.230140,-0.034123,-0.163775,-1.125693,1.387788
24.178946,-0.996569,-1.835551,-0.987331,-0.953482,-1.084234,-1.046720,0.521905,-0.975386,-1.248631,-1.121945,0.024528,-0.631912,-0.415630,0.087985,-0.603265,0.050315,0.129287,-1.739346,1.427911,2.559514,1.172579,-0.313880,-0.284629,-0.230851,-0.033976,-0.165683,-1.120518,1.389961
24.180031,-0.999565,-1.833912,-0.986989,-0.954902,-1.087019,-1.052178,0.522296,-0.974359,-1.197342,-1.121431,-0.000283,-0.631605,-0.416277,0.087874,-0.603578,0.050027,0.129048,-1.739382,1.427747,2.558402,1.173954,-0.313465,-0.285569,-0.233113,-0.034602,-0.165557,-1.117939,1.387893
24.181018,-0.997447,-1.835632,-0.982851,-0.957972,-1.087731,-1.053707,0.524074,-0.962407,-1.147119,-1.110492,-0.024213,-0.631736,-0.418141,0.087666,-0.603884,0.049742,0.128815,-1.739417,1.427588,2.557289,1.175345,-0.311358,-0.286303,-0.232657,-0.034491,-0.162668,-1.113429,1.387695
24.181943,-0.989035,-1.835159,-0.981590,-0.958873,-1.085816,-1.056848,0.521003,-0.944179,-1.097736,-1.093601,-0.047343,-0.632078,-0.420845,0.087367,-0.604196,0.049457,0.128579,-1.739444,1.427430,2.556189,1.176712,-0.311478,-0.285054,-0.233897,-0.032708,-0.161768,-1.112295,1.384214
24.183015,-0.984299,-1.834729,-0.974473,-0.959442,-1.086684,-1.061514,0.520268,-0.919563,-1.051976,-1.070571,-0.068876,-0.632624,-0.424397,0.087069,-0.604520,0.049174,0.128344,-1.739477,1.427265,2.555080,1.178114,-0.314444,-0.284754,-0.233556,-0.032866,-0.163347,-1.108995,1.390063
24.184008,-0.981061,-1.832918,-0.968659,-0.960740,-1.088532,-1.065654,0.521929,-0.883342,-1.012855,-1.036346,-0.087563,-0.633547,-0.429286,0.086887,-0.604837,0.048888,0.128103,-1.739513,1.427104,2.553971,1.179519,-0.316034,-0.284845,-0.236420,-0.033580,-0.162338,-1.105229,1.391927
24.184926,-0.984792,-1.829460,-0.959216,-0.960695,-1.088857,-1.062204,0.525724,-0.831248,-0.980698,-0.986910,-0.103110,-0.634961,-0.435970,0.086825,-0.605155,0.048602,0.127861,-1.739547,1.426951,2.552883,1.180888,-0.316632,-0.285380,-0.238410,-0.033433,-0.160327,-1.101560,1.388683
24.186010,-0.980604,-1.823771,-0.953445,-0.963624,-1.088372,-1.056887,0.527943,-0.765253,-0.953304,-0.924279,-0.116355,-0.636758,-0.444325,0.086806,-0.605461,0.048315,0.127610,-1.739583,1.426793,2.551769,1.182260,-0.313662,-0.286509,-0.241995,-0.034437,-0.159721,-1.104870,1.380748
24.186917,-0.963686,-1.817471,-0.949872,-0.963635,-1.081442,-1.053220,0.526971,-0.690995,-0.925311,-0.853865,-0.129869,-0.638686,-0.453857,0.086816,-0.605781,0.048020,0.127360,-1.739613,1.426634,2.550656,1.183621,-0.315029,-0.289167,-0.244051,-0.032935,-0.160129,-1.111184,1.377027
24.188008,-0.962552,-1.817250,-0.948692,-0.965423,-1.082334,-1.050403,0.528667,-0.607990,-0.889808,-0.775047,-0.147557,-0.640663,-0.464663,0.086924,-0.606122,0.047721,0.127111,-1.739648,1.426456,2.549532,1.185009,-0.322020,-0.291524,-0.244664,-0.033907,-0.166611,-1.114465,1.378595
24.189088,-0.959690,-1.816409,-0.941497,-0.967141,-1.083236,-1.051739,0.530490,-0.514263,-0.845895,-0.685826,-0.170184,-0.642693,-0.476858,0.087182,-0.606439,0.047432,0.126869,-1.739681,1.426294,2.548401,1.186390,-0.321792,-0.291506,-0.244538,-0.033482,-0.165540,-1.118193,1.375797
24.190074,-0.966901,-1.816610,-0.936845,-0.970131,-1.085172,-1.046183,0.530815,-0.414138,-0.798754,-0.590446,-0.195185,-0.644616,-0.489851,0.087556,-0.606763,0.047138,0.126615,-1.739715,1.426131,2.547294,1.187746,-0.322403,-0.291724,-0.247290,-0.033102,-0.164514,-1.117786,1.372826
24.190961,-0.962131,-1.813139,-0.930999,-0.970051,-1.087521,-1.042990,0.528580,-0.315093,-0.752852,-0.496216,-0.220525,-0.646192,-0.502816,0.088009,-0.607070,0.046850,0.126363,-1.739743,1.425972,2.546157,1.189121,-0.317854,-0.291203,-0.248569,-0.031386,-0.162352,-1.123534,1.372268
24.192089,-0.949344,-1.812278,-0.927567,-0.971004,-1.088908,-1.037290,0.529798,-0.224148,-0.710419,-0.409827,-0.245091,-0.647258,-0.515026,0.088567,-0.607394,0.046554,0.126108,-1.739778,1.425819,2.545032,1.190508,-0.318919,-0.292144,-0.250228,-0.032406,-0.159699,-1.126200,1.376247
24.192962,-0.943996,-1.811079,-0.925069,-0.969863,-1.089319,-1.033982,0.529881,-0.139010,-0.673236,-0.328865,-0.267738,-0.648002,-0.526650,0.089245,-0.607731,0.046258,0.125851,-1.739812,1.425661,2.543886,1.191866,-0.324500,-0.292486,-0.251125,-0.032888,-0.158315,-1.133013,1.374692
24.193976,-0.945976,-1.813296,-0.923065,-0.972393,-1.091722,-1.034280,0.529149,-0.052683,-0.644349,-0.246510,-0.286562,-0.648768,-0.538178,0.090003,-0.608056,0.045967,0.125599,-1.739851,1.425508,2.542731,1.193247,-0.325702,-0.292289,-0.251106,-0.034842,-0.157594,-1.135511,1.373942
24.194982,-0.949283,-1.819699,-0.916373,-0.973155,-1.092548,-1.040870,0.529400,0.032373,-0.627049,-0.165272,-0.299549,-0.649589,-0.549003,0.090787,-0.608377,0.045678,0.125348,-1.739885,1.425360,2.541603,1.194613,-0.323702,-0.290822,-0.251133,-0.033485,-0.155108,-1.135564,1.375695
24.195992,-0.942234,-1.819452,-0.921305,-0.973668,-1.091765,-1.049297,0.527332,0.109244,-0.625440,-0.091972,-0.304739,-0.650391,-0.558034,0.091561,-0.608696,0.045401,0.125086,-1.739917,1.425208,2.540470,1.196018,-0.321058,-0.287376,-0.253388,-0.033954,-0.154181,-1.129202,1.375227
24.197014,-0.936877,-1.817808,-0.918758,-0.973471,-1.089599,-1.054497,0.526627,0.175289,-0.642713,-0.029105,-0.300630,-0.651280,-0.564770,0.092328,-0.609023,0.045115,0.124844,-1.739955,1.425052,2.539372,1.197400,-0.323565,-0.287212,-0.249997,-0.034545,-0.154823,-1.121292,1.379590
24.198093,-0.936306,-1.815412,-0.916485,-0.974600,-1.092273,-1.054750,0.525581,0.232036,-0.674735,0.024931,-0.289030,-0.652398,-0.569485,0.093122,-0.609352,0.044826,0.124591,-1.739993,1.424895,2.538257,1.198768,-0.325175,-0.287721,-0.250337,-0.035867,-0.156857,-1.116641,1.381272
24.198992,-0.937312,-1.817136,-0.908561,-0.975983,-1.092945,-1.049709,0.525124,0.281837,-0.712693,0.072363,-0.274094,-0.653777,-0.572774,0.093914,-0.609679,0.044539,0.124342,-1.740028,1.424747,2.537134,1.200153,-0.324572,-0.288809,-0.250665,-0.036046,-0.154159,-1.117309,1.383929
24.199947,-0.935232,-1.816938,-0.914200,-0.977416,-1.092789,-1.053174,0.525108,0.324860,-0.751253,0.113210,-0.258578,-0.655366,-0.574945,0.094627,-0.609993,0.044253,0.124081,-1.740063,1.424591,2.536019,1.201521,-0.322826,-0.287258,-0.253327,-0.035589,-0.153201,-1.122032,1.384421
24.201048,-0.933486,-1.815788,-0.910443,-0.977741,-1.090984,-1.056946,0.525303,0.358097,-0.789868,0.144527,-0.243050,-0.657033,-0.575817,0.095210,-0.610319,0.043970,0.123837,-1.740095,1.424439,2.534905,1.202906,-0.322677,-0.286924,-0.249439,-0.035288,-0.153176,-1.118543,1.384305
24.201926,-0.923102,-1.810818,-0.910325,-0.978920,-1.089360,-1.061823,0.526912,0.378827,-0.827395,0.163795,-0.228029,-0.658596,-0.575239,0.095667,-0.610641,0.043682,0.123583,-1.740133,1.424282,2.533794,1.204305,-0.322808,-0.287441,-0.250542,-0.036263,-0.154961,-1.115865,1.384541
24.202926,-0.925386,-1.812253,-0.907581,-0.978059,-1.089977,-1.059427,0.527274,0.391396,-0.859315,0.175304,-0.215638,-0.659983,-0.573909,0.096009,-0.610975,0.043386,0.123341,-1.740168,1.424128,2.532704,1.205670,-0.326509,-0.289095,-0.249441,-0.035971,-0.156260,-1.110613,1.380778
24.204086,-0.929762,-1.813939,-0.906542,-0.980498,-1.092413,-1.058847,0.527757,0.400961,-0.883608,0.184008,-0.206649,-0.661137,-0.572590,0.096217,-0.611292,0.043102,0.123092,-1.740209,1.423972,2.531585,1.207055,-0.324340,-0.288027,-0.249854,-0.037865,-0.155458,-1.113426,1.380199
24.204946,-0.928461,-1.813213,-0.902920,-0.980584,-1.096653,-1.055853,0.527343,0.404343,-0.904074,0.186755,-0.198660,-0.661854,-0.571011,0.096301,-0.611605,0.042815,0.122844,-1.740242,1.423823,2.530469,1.208424,-0.321664,-0.287322,-0.249731,-0.036899,-0.153138,-1.115481,1.380314
24.205935,-0.921881,-1.813337,-0.902704,-0.981749,-1.099011,-1.057698,0.526166,0.397309,-0.923951,0.179465,-0.189904,-0.661990,-0.568694,0.096309,-0.611928,0.042526,0.122589,-1.740280,1.423687,2.529341,1.209807,-0.320893,-0.286867,-0.250225,-0.037640,-0.148716,-1.117776,1.380469
24.207011,-0.922183,-1.814481,-0.905738,-0.983791,-1.102978,-1.058205,0.524099,0.382424,-0.944017,0.164710,-0.180131,-0.661683,-0.565826,0.096289,-0.612253,0.042240,0.122343,-1.740317,1.423544,2.528214,1.211201,-0.323117,-0.286423,-0.249366,-0.037548,-0.146318,-1.116098,1.382850
24.207945,-0.926131,-1.815096,-0.908166,-0.984684,-1.105313,-1.055771,0.523818,0.363041,-0.964115,0.145749,-0.169668,-0.661150,-0.562667,0.096292,-0.612571,0.041954,0.122101,-1.740353,1.423406,2.527104,1.212583,-0.322159,-0.285738,-0.247105,-0.036774,-0.142455,-1.116539,1.387558
24.208950,-0.928523,-1.813894,-0.904265,-0.983351,-1.105811,-1.053970,0.526011,0.334960,-0.983582,0.118403,-0.158948,-0.660405,-0.558723,0.096336,-0.612883,0.041674,0.121864,-1.740391,1.423269,2.525971,1.213972,-0.319068,-0.284938,-0.244925,-0.036837,-0.140068,-1.118771,1.387794
24.209982,-0.929164,-1.809570,-0.900092,-0.985791,-1.104390,-1.051834,0.527807,0.292978,-1.003075,0.077533,-0.147089,-0.659471,-0.553405,0.096378,-0.613195,0.041385,0.121615,-1.740433,1.423132,2.524857,1.215356,-0.316983,-0.285192,-0.245951,-0.039164,-0.139623,-1.120982,1.383503
24.210942,-0.924861,-1.806953,-0.897153,-0.986674,-1.100690,-1.053649,0.526718,0.239642,-1.020089,0.025577,-0.134948,-0.658524,-0.547047,0.096376,-0.613511,0.041094,0.121365,-1.740469,1.422990,2.523729,1.216727,-0.315796,-0.287051,-0.247112,-0.037882,-0.141080,-1.123622,1.380261
24.211954,-0.915661,-1.807683,-0.895133,-0.987625,-1.100185,-1.051812,0.526894,0.182442,-1.027944,-0.030159,-0.126436,-0.657712,-0.540610,0.096351,-0.613826,0.040807,0.121120,-1.740507,1.422837,2.522603,1.218123,-0.316911,-0.287865,-0.247577,-0.038019,-0.144607,-1.121775,1.382333
24.213071,-0.921652,-1.809975,-0.892955,-0.990096,-1.102229,-1.058321,0.529327,0.130476,-1.025616,-0.080794,-0.122775,-0.657169,-0.535085,0.096335,-0.614153,0.040519,0.120872,-1.740544,1.422690,2.521489,1.219492,-0.320478,-0.287153,-0.247641,-0.038181,-0.145019,-1.124105,1.382200
24.214015,-0.919414,-1.806942,-0.894132,-0.992263,-1.103802,-1.059953,0.532102,0.088257,-1.018355,-0.121984,-0.121706,-0.656894,-0.530837,0.096302,-0.614465,0.040240,0.120619,-1.740579,1.422553,2.520379,1.220868,-0.316819,-0.286105,-0.247950,-0.037091,-0.143140,-1.118733,1.378099
24.214975,-0.915998,-1.809316,-0.891246,-0.993797,-1.103998,-1.066859,0.530960,0.051550,-1.007723,-0.157860,-0.122729,-0.656579,-0.527407,0.096226,-0.614780,0.039951,0.120379,-1.740613,1.422417,2.519282,1.222238,-0.316866,-0.287073,-0.246367,-0.035973,-0.141522,-1.117205,1.372381
24.216034,-0.911285,-1.807091,-0.890896,-0.995560,-1.105137,-1.069743,0.531363,0.017482,-0.993195,-0.191130,-0.126388,-0.655990,-0.524532,0.096186,-0.615100,0.039665,0.120132,-1.740647,1.422278,2.518175,1.223605,-0.317457,-0.285390,-0.246799,-0.035530,-0.141289,-1.110380,1.374703
24.217002,-0.906605,-1.803805,-0.889986,-0.993849,-1.108749,-1.076819,0.533861,-0.010976,-0.976457,-0.218843,-0.132083,-0.655162,-0.522552,0.096302,-0.615419,0.039380,0.119888,-1.740682,1.422139,2.517065,1.224981,-0.318992,-0.286370,-0.246173,-0.035044,-0.140222,-1.108340,1.374343
24.217985,-0.911005,-1.805439,-0.884184,-0.997720,-1.110567,-1.074154,0.533873,-0.031144,-0.957533,-0.238400,-0.139388,-0.654178,-0.521847,0.096580,-0.615741,0.039090,0.119644,-1.740726,1.422007,2.515976,1.226328,-0.320209,-0.287523,-0.245652,-0.037646,-0.136614,-1.101513,1.369385
24.218991,-0.913526,-1.804223,-0.882075,-0.998963,-1.109489,-1.072293,0.533802,-0.044155,-0.936414,-0.250977,-0.147816,-0.653080,-0.522352,0.096948,-0.616056,0.038803,0.119389,-1.740757,1.421877,2.514864,1.227702,-0.316967,-0.286266,-0.247509,-0.034943,-0.134883,-1.104532,1.369466
24.219973,-0.897660,-1.801970,-0.888903,-1.000735,-1.108692,-1.074863,0.534369,-0.055447,-0.914070,-0.261906,-0.157251,-0.651832,-0.523413,0.097378,-0.616364,0.038517,0.119142,-1.740791,1.421738,2.513745,1.229086,-0.314862,-0.286561,-0.247605,-0.034897,-0.136008,-1.106763,1.369753
24.221073,-0.896046,-1.803499,-0.883869,-1.001320,-1.107552,-1.070691,0.535843,-0.067776,-0.889649,-0.273777,-0.168516,-0.650491,-0.524656,0.097868,-0.616699,0.038229,0.118905,-1.740824,1.421596,2.512656,1.230440,-0.321643,-0.287268,-0.243287,-0.034291,-0.136749,-1.104538,1.368736
24.222063,-0.897148,-1.803891,-0.882238,-1.001406,-1.108345,-1.066373,0.533808,-0.077236,-0.863803,-0.282761,-0.181361,-0.649297,-0.526405,0.098393,-0.617017,0.037947,0.118660,-1.740860,1.421454,2.511536,1.231808,-0.321679,-0.286489,-0.245136,-0.035052,-0.138005,-1.109815,1.366515
24.222982,-0.899609,-1.806559,-0.876022,-1.004030,-1.107598,-1.058369,0.533611,-0.082641,-0.841321,-0.287865,-0.193077,-0.648380,-0.528595,0.098944,-0.617334,0.037659,0.118414,-1.740897,1.421318,2.510423,1.233179,-0.320105,-0.285891,-0.244982,-0.036048,-0.137212,-1.114433,1.370758
24.223978,-0.897296,-1.803783,-0.875296,-1.005841,-1.105451,-1.061637,0.535020,-0.088570,-0.827007,-0.293697,-0.201041,-0.647641,-0.530535,0.099513,-0.617652,0.037373,0.118161,-1.740928,1.421179,2.509285,1.234554,-0.317652,-0.283952,-0.246930,-0.034472,-0.137858,-1.122113,1.370797
24.225083,-0.890962,-1.803767,-0.873019,-1.006066,-1.105327,-1.061580,0.531870,-0.097961,-0.820139,-0.303091,-0.206116,-0.646936,-0.531831,0.100062,-0.617968,0.037089,0.117916,-1.740959,1.421033,2.508162,1.235927,-0.317871,-0.285024,-0.246336,-0.033903,-0.139951,-1.119026,1.368087
24.226070,-0.887629,-1.796329,-0.872657,-1.006255,-1.104430,-1.061688,0.531423,-0.108373,-0.816366,-0.313516,-0.210721,-0.646246,-0.532820,0.100605,-0.618295,0.036802,0.117666,-1.740995,1.420891,2.507051,1.237305,-0.320258,-0.284993,-0.246711,-0.035032,-0.140179,-1.120245,1.375214
24.226964,-0.884124,-1.798131,-0.869930,-1.007579,-1.102935,-1.051933,0.531657,-0.116052,-0.810869,-0.321208,-0.216775,-0.645621,-0.534087,0.101192,-0.618619,0.036508,0.117420,-1.741034,1.420748,2.505920,1.238692,-0.320808,-0.288250,-0.245915,-0.035862,-0.141020,-1.120301,1.376070
24.228025,-0.881900,-1.796685,-0.868209,-1.008193,-1.103945,-1.047534,0.533120,-0.121206,-0.800572,-0.326372,-0.225366,-0.645013,-0.535752,0.101783,-0.618937,0.036224,0.117177,-1.741069,1.420605,2.504781,1.240077,-0.321282,-0.286652,-0.246174,-0.035481,-0.142337,-1.129615,1.375093
24.229025,-0.881683,-1.799525,-0.862713,-1.010707,-1.100792,-1.045396,0.533372,-0.125878,-0.788349,-0.331053,-0.234984,-0.644378,-0.537445,0.102296,-0.619263,0.035933,0.116930,-1.741107,1.420468,2.503622,1.241436,-0.321477,-0.287181,-0.246210,-0.036074,-0.141414,-1.134501,1.372712
24.229995,-0.871252,-1.799260,-0.864182,-1.010962,-1.098325,-1.050360,0.533564,-0.130573,-0.778684,-0.335740,-0.243586,-0.643773,-0.538727,0.102713,-0.619579,0.035652,0.116680,-1.741139,1.420315,2.502469,1.242811,-0.320611,-0.285444,-0.247997,-0.034742,-0.144466,-1.136744,1.372377
24.230982,-0.870943,-1.797677,-0.864084,-1.010553,-1.100257,-1.056339,0.534858,-0.132971,-0.774444,-0.338089,-0.250128,-0.643349,-0.539428,0.103069,-0.619910,0.035368,0.116438,-1.741177,1.420161,2.501352,1.244168,-0.324644,-0.285177,-0.246278,-0.035520,-0.146736,-1.131839,1.372042
24.231972,-0.877289,-1.792645,-0.864075,-1.011582,-1.099569,-1.058716,0.532531,-0.131183,-0.776788,-0.336186,-0.253789,-0.643243,-0.539512,0.103393,-0.620235,0.035083,0.116194,-1.741216,1.420021,2.500233,1.245558,-0.323644,-0.285599,-0.245390,-0.036976,-0.144744,-1.126101,1.369447
24.233059,-0.881525,-1.795534,-0.868901,-1.011977,-1.098564,-1.060261,0.535068,-0.130883,-0.781649,-0.335603,-0.255790,-0.643327,-0.538494,0.103685,-0.620544,0.034789,0.115955,-1.741254,1.419875,2.499125,1.246930,-0.319541,-0.287647,-0.244526,-0.036983,-0.145378,-1.124084,1.374272
24.233981,-0.875543,-1.793104,-0.865481,-1.012511,-1.099098,-1.060215,0.536164,-0.143255,-0.785288,-0.347317,-0.257468,-0.643327,-0.535448,0.103929,-0.620859,0.034503,0.115716,-1.741293,1.419730,2.498003,1.248296,-0.316732,-0.286091,-0.241421,-0.037817,-0.146443,-1.123484,1.369783
24.234979,-0.867187,-1.790445,-0.870006,-1.010915,-1.094250,-1.067175,0.535238,-0.171687,-0.789892,-0.374597,-0.257674,-0.643279,-0.530187,0.104095,-0.621178,0.034217,0.115475,-1.741332,1.419586,2.496880,1.249645,-0.318550,-0.286737,-0.242137,-0.038191,-0.145743,-1.123298,1.367423
24.236082,-0.870678,-1.793835,-0.869238,-1.013714,-1.091053,-1.065276,0.536910,-0.207789,-0.797137,-0.409151,-0.255643,-0.643535,-0.523768,0.104196,-0.621505,0.033925,0.115243,-1.741378,1.419425,2.495787,1.251030,-0.321638,-0.287640,-0.239055,-0.040673,-0.150422,-1.116750,1.369416
24.237031,-0.874372,-1.793461,-0.868205,-1.014401,-1.090155,-1.068334,0.538179,-0.245784,-0.807502,-0.445344,-0.251249,-0.644219,-0.516966,0.104253,-0.621822,0.033640,0.115004,-1.741414,1.419267,2.494664,1.252382,-0.319146,-0.285906,-0.238827,-0.039161,-0.153565,-1.119780,1.366845
24.238250,-0.871498,-1.797434,-0.866529,-1.016233,-1.089133,-1.068003,0.539382,-0.288203,-0.822561,-0.485774,-0.244163,-0.645068,-0.509616,0.104236,-0.622130,0.033358,0.114768,-1.741455,1.419111,2.493541,1.253746,-0.316294,-0.285644,-0.238422,-0.039416,-0.154195,-1.116613,1.364211
24.239108,-0.863315,-1.797662,-0.867153,-1.016399,-1.088217,-1.068766,0.536993,-0.335479,-0.843639,-0.530921,-0.234166,-0.645854,-0.501780,0.104128,-0.622452,0.033078,0.114528,-1.741493,1.418954,2.492429,1.255096,-0.317354,-0.284047,-0.238855,-0.039076,-0.155354,-1.118921,1.363305
24.240069,-0.852934,-1.796262,-0.870768,-1.016547,-1.089049,-1.064886,0.536066,-0.381619,-0.872769,-0.574864,-0.220529,-0.646586,-0.494160,0.103991,-0.622773,0.032799,0.114296,-1.741534,1.418800,2.491306,1.256475,-0.320036,-0.283230,-0.237471,-0.039635,-0.155916,-1.117427,1.367465
24.241055,-0.857744,-1.799620,-0.869043,-1.017634,-1.091324,-1.064110,0.536819,-0.420569,-0.909982,-0.611633,-0.203270,-0.647287,-0.487431,0.103901,-0.623103,0.032514,0.114064,-1.741577,1.418647,2.490189,1.257855,-0.324000,-0.283495,-0.234803,-0.040388,-0.154881,-1.121441,1.369204
24.241945,-0.860605,-1.802668,-0.867080,-1.019626,-1.096217,-1.059614,0.539159,-0.452776,-0.953939,-0.641757,-0.182775,-0.647823,-0.481531,0.103868,-0.623420,0.032237,0.113830,-1.741615,1.418504,2.489055,1.259227,-0.320504,-0.281510,-0.234866,-0.040336,-0.152537,-1.122336,1.367745
24.243001,-0.862658,-1.805038,-0.866606,-1.019951,-1.095811,-1.059826,0.539970,-0.484474,-1.005522,-0.671507,-0.158547,-0.647998,-0.475706,0.103870,-0.623729,0.031964,0.113597,-1.741652,1.418366,2.487913,1.260566,-0.317888,-0.279442,-0.234851,-0.039214,-0.147472,-1.126277,1.362695
24.244009,-0.859807,-1.808961,-0.872062,-1.020931,-1.091925,-1.061626,0.541146,-0.520772,-1.065492,-0.705936,-0.130284,-0.647789,-0.469335,0.103946,-0.624046,0.031688,0.113366,-1.741695,1.418218,2.486793,1.261907,-0.316058,-0.278217,-0.234445,-0.039977,-0.147922,-1.126757,1.361719
24.245023,-0.858343,-1.805505,-0.869523,-1.019769,-1.088800,-1.060565,0.543113,-0.563411,-1.133479,-0.746594,-0.098029,-0.647327,-0.462255,0.104169,-0.624366,0.031421,0.113140,-1.741734,1.418059,2.485668,1.263270,-0.316525,-0.276146,-0.231004,-0.040039,-0.151654,-1.125291,1.359594
24.245999,-0.863228,-1.808387,-0.868028,-1.022948,-1.087010,-1.059349,0.544326,-0.611339,-1.206543,-0.792290,-0.062890,-0.646732,-0.454749,0.104527,-0.624678,0.031143,0.112909,-1.741782,1.417900,2.484547,1.264632,-0.316370,-0.277704,-0.231592,-0.042108,-0.154600,-1.126805,1.355927
24.247014,-0.864697,-1.814235,-0.867246,-1.024826,-1.085012,-1.054711,0.546000,-0.662521,-1.278431,-0.841043,-0.027921,-0.646018,-0.447256,0.104927,-0.624988,0.030870,0.112677,-1.741819,1.417741,2.483413,1.265973,-0.312934,-0.275961,-0.231511,-0.039920,-0.156145,-1.128099,1.353661
24.247943,-0.858315,-1.812006,-0.867745,-1.025034,-1.084087,-1.061239,0.545630,-0.717516,-1.347414,-0.893514,0.005314,-0.645101,-0.439733,0.105298,-0.625293,0.030604,0.112447,-1.741859,1.417581,2.482265,1.267322,-0.311430,-0.272968,-0.231185,-0.039121,-0.157953,-1.133035,1.350641
24.249003,-0.856520,-1.809399,-0.874448,-1.025276,-1.082261,-1.065869,0.544193,-0.774332,-1.414789,-0.947791,0.036974,-0.643991,-0.432243,0.105632,-0.625611,0.030331,0.112219,-1.741901,1.417422,2.481159,1.268660,-0.313479,-0.273704,-0.230062,-0.039775,-0.158574,-1.126305,1.351312
24.249935,-0.857474,-1.812541,-0.866848,-1.024116,-1.085530,-1.076166,0.542677,-0.829083,-1.475661,-0.999987,0.065047,-0.642733,-0.425203,0.105981,-0.625927,0.030057,0.111999,-1.741942,1.417261,2.480048,1.270048,-0.313561,-0.274994,-0.226185,-0.040647,-0.160278,-1.122506,1.354644
24.251058,-0.862009,-1.812918,-0.865267,-1.026133,-1.086379,-1.078290,0.541919,-0.879773,-1.527075,-1.048151,0.088829,-0.641359,-0.418913,0.106396,-0.626236,0.029786,0.111767,-1.741989,1.417112,2.478943,1.271399,-0.312000,-0.273004,-0.229149,-0.042552,-0.156763,-1.112083,1.357533
24.251968,-0.860032,-1.814464,-0.859911,-1.026843,-1.087780,-1.082958,0.540866,-0.923976,-1.572325,-1.090068,0.110275,-0.639985,-0.413706,0.106871,-0.626540,0.029509,0.111537,-1.742028,1.416958,2.477844,1.272744,-0.309247,-0.272974,-0.229412,-0.041811,-0.155968,-1.111384,1.360009
24.253002,-0.855001,-1.814176,-0.855526,-1.026801,-1.087327,-1.083874,0.542665,-0.960208,-1.612340,-1.124402,0.129474,-0.638692,-0.409835,0.107354,-0.626846,0.029241,0.111304,-1.742069,1.416808,2.476735,1.274109,-0.309161,-0.271786,-0.231149,-0.041913,-0.154326,-1.106430,1.361784
24.254054,-0.848678,-1.811115,-0.859840,-1.026774,-1.083613,-1.086444,0.543017,-0.984751,-1.647158,-1.147487,0.146087,-0.637669,-0.407712,0.107810,-0.627161,0.028966,0.111068,-1.742115,1.416652,2.475641,1.275476,-0.310839,-0.271823,-0.232591,-0.042919,-0.154682,-1.106293,1.358509
24.254994,-0.845228,-1.806831,-0.858880,-1.027765,-1.084326,-1.086488,0.544462,-0.994488,-1.675620,-1.156165,0.159716,-0.637101,-0.407646,0.108258,-0.627484,0.028687,0.110841,-1.742161,1.416487,2.474538,1.276830,-0.313110,-0.273273,-0.229791,-0.043938,-0.158245,-1.104503,1.358362
24.255934,-0.843627,-1.809305,-0.853203,-1.028888,-1.086477,-1.080035,0.543080,-0.992326,-1.692147,-1.153222,0.167900,-0.636893,-0.409429,0.108725,-0.627796,0.028410,0.110615,-1.742205,1.416333,2.473429,1.278191,-0.313737,-0.274990,-0.229473,-0.043759,-0.157249,-1.104453,1.355308
24.256995,-0.846225,-1.810240,-0.847281,-1.030874,-1.087990,-1.079067,0.543967,-0.981361,-1.694778,-1.141766,0.169593,-0.636910,-0.412768,0.109210,-0.628109,0.028138,0.110380,-1.742247,1.416181,2.472316,1.279550,-0.313430,-0.273356,-0.231409,-0.043479,-0.154875,-1.110916,1.358003
24.258103,-0.837706,-1.811988,-0.847483,-1.031606,-1.087736,-1.074118,0.542948,-0.962805,-1.688559,-1.123063,0.166968,-0.637110,-0.417395,0.109704,-0.628414,0.027868,0.110145,-1.742287,1.416029,2.471201,1.280910,-0.311463,-0.272923,-0.233696,-0.042647,-0.153331,-1.112627,1.356743
24.258929,-0.830175,-1.810074,-0.842373,-1.032287,-1.086695,-1.075009,0.539327,-0.937120,-1.678443,-1.097482,0.162267,-0.637477,-0.423109,0.110233,-0.628737,0.027596,0.109912,-1.742330,1.415872,2.470086,1.282289,-0.315031,-0.272204,-0.233001,-0.043092,-0.153577,-1.118735,1.359558
24.260004,-0.834418,-1.806481,-0.839462,-1.031029,-1.085704,-1.071426,0.539738,-0.901912,-1.666681,-1.062561,0.156558,-0.638056,-0.430074,0.110848,-0.629064,0.027320,0.109673,-1.742372,1.415718,2.468968,1.283653,-0.317205,-0.272401,-0.234376,-0.043053,-0.154235,-1.116886,1.366049
24.260930,-0.831442,-1.802228,-0.835358,-1.032840,-1.088404,-1.072431,0.539453,-0.857397,-1.652276,-1.018526,0.149780,-0.638776,-0.438264,0.111545,-0.629369,0.027045,0.109437,-1.742423,1.415560,2.467833,1.285023,-0.314409,-0.274225,-0.235171,-0.045236,-0.155138,-1.121301,1.365752
24.262059,-0.830804,-1.805755,-0.832531,-1.033953,-1.091672,-1.066033,0.542417,-0.809075,-1.630527,-0.970838,0.140240,-0.639384,-0.447194,0.112232,-0.629684,0.026765,0.109198,-1.742464,1.415411,2.466718,1.286394,-0.314765,-0.275851,-0.236213,-0.044255,-0.152207,-1.120070,1.366071
24.263045,-0.821471,-1.805482,-0.827824,-1.035596,-1.091962,-1.063228,0.542264,-0.760124,-1.600192,-0.922605,0.127180,-0.639796,-0.456527,0.112808,-0.630002,0.026493,0.108958,-1.742507,1.415269,2.465570,1.287738,-0.314466,-0.274272,-0.237030,-0.044353,-0.149086,-1.127628,1.361086
24.263983,-0.811400,-1.798645,-0.826784,-1.034795,-1.091735,-1.059886,0.542156,-0.708605,-1.566524,-0.871862,0.112604,-0.640206,-0.466162,0.113234,-0.630324,0.026221,0.108717,-1.742550,1.415118,2.464436,1.289111,-0.318098,-0.274194,-0.238484,-0.043650,-0.148682,-1.130534,1.361526
24.264955,-0.812449,-1.801230,-0.824744,-1.037825,-1.091861,-1.065753,0.543400,-0.649653,-1.530671,-0.813790,0.096828,-0.640888,-0.476198,0.113507,-0.630654,0.025936,0.108478,-1.742600,1.414969,2.463297,1.290464,-0.321825,-0.277119,-0.238005,-0.045141,-0.148730,-1.133659,1.361624
24.266063,-0.813511,-1.804308,-0.820892,-1.038340,-1.094428,-1.071449,0.542216,-0.582932,-1.489669,-0.748084,0.078353,-0.641932,-0.486299,0.113621,-0.630968,0.025665,0.108240,-1.742639,1.414822,2.462168,1.291828,-0.320227,-0.275526,-0.238143,-0.043070,-0.148485,-1.127782,1.359144
24.267007,-0.818452,-1.801124,-0.820974,-1.038630,-1.095317,-1.076535,0.542186,-0.513937,-1.447101,-0.680249,0.058760,-0.643289,-0.495560,0.113588,-0.631286,0.025392,0.107996,-1.742683,1.414679,2.461070,1.293184,-0.319025,-0.274127,-0.239386,-0.043726,-0.146012,-1.123316,1.362403
24.267966,-0.813335,-1.797376,-0.821895,-1.039860,-1.092641,-1.078978,0.540272,-0.449721,-1.407569,-0.617254,0.040623,-0.644890,-0.503153,0.113457,-0.631599,0.025113,0.107758,-1.742727,1.414539,2.459958,1.294552,-0.315438,-0.275301,-0.238361,-0.044258,-0.145051,-1.118206,1.362287
24.268989,-0.804048,-1.792401,-0.816565,-1.039074,-1.091422,-1.078074,0.540927,-0.396649,-1.367906,-0.565301,0.022861,-0.646624,-0.508687,0.113266,-0.631918,0.024833,0.107522,-1.742769,1.414388,2.458844,1.295929,-0.316940,-0.276781,-0.237003,-0.043911,-0.147596,-1.115869,1.366063
24.270021,-0.803299,-1.786431,-0.812334,-1.038925,-1.090166,-1.082681,0.541613,-0.351897,-1.322640,-0.521586,0.002765,-0.648560,-0.512825,0.113033,-0.632248,0.024548,0.107279,-1.742818,1.414236,2.457737,1.297281,-0.320540,-0.279002,-0.238842,-0.045585,-0.148703,-1.117381,1.365074
24.271051,-0.806782,-1.788623,-0.810393,-1.040177,-1.092122,-1.085165,0.546175,-0.307013,-1.268471,-0.477819,-0.021143,-0.650847,-0.516705,0.112751,-0.632564,0.024264,0.107036,-1.742867,1.414084,2.456629,1.298646,-0.320004,-0.281774,-0.240120,-0.046606,-0.149875,-1.113348,1.364072
24.272077,-0.809225,-1.788599,-0.801731,-1.042536,-1.090020,-1.091989,0.546427,-0.261877,-1.206107,-0.433894,-0.048327,-0.653332,-0.520469,0.112402,-0.632877,0.023988,0.106793,-1.742912,1.413942,2.455531,1.299976,-0.317400,-0.280501,-0.240242,-0.046299,-0.147900,-1.111557,1.355368
24.273031,-0.803183,-1.788613,-0.800373,-1.041894,-1.089497,-1.090187,0.547447,-0.220794,-1.141263,-0.394034,-0.076460,-0.655731,-0.523689,0.112010,-0.633190,0.023706,0.106541,-1.742953,1.413788,2.454429,1.301338,-0.315319,-0.280301,-0.243653,-0.044981,-0.149929,-1.105305,1.355292
24.273961,-0.791117,-1.790790,-0.798078,-1.042837,-1.092636,-1.089709,0.547620,-0.183077,-1.079719,-0.357476,-0.103305,-0.657894,-0.526461,0.111663,-0.633508,0.023428,0.106300,-1.743001,1.413638,2.453310,1.302697,-0.317272,-0.279895,-0.243320,-0.046405,-0.150267,-1.107203,1.353187
24.275065,-0.794316,-1.789586,-0.795382,-1.044483,-1.095071,-1.080844,0.548528,-0.143859,-1.027335,-0.319343,-0.126159,-0.659837,-0.529275,0.111441,-0.633839,0.023150,0.106055,-1.743048,1.413497,2.452204,1.304039,-0.321987,-0.278328,-0.243415,-0.046164,-0.146983,-1.107590,1.352743
24.276104,-0.796959,-1.786440,-0.791050,-1.042067,-1.099013,-1.076488,0.549714,-0.101294,-0.987117,-0.277888,-0.143800,-0.661562,-0.532264,0.111354,-0.634154,0.022872,0.105809,-1.743091,1.413355,2.451067,1.305390,-0.319666,-0.279022,-0.244044,-0.045668,-0.144675,-1.117504,1.351749
24.276975,-0.795176,-1.779928,-0.787325,-1.042220,-1.098675,-1.073334,0.548809,-0.061487,-0.956203,-0.239229,-0.157261,-0.662900,-0.534699,0.111384,-0.634464,0.022587,0.105565,-1.743146,1.413219,2.449943,1.306752,-0.317560,-0.280377,-0.245380,-0.048861,-0.140799,-1.122391,1.349787
24.278130,-0.792893,-1.779675,-0.787304,-1.041323,-1.096830,-1.077243,0.549793,-0.030157,-0.929374,-0.208983,-0.168125,-0.663779,-0.535908,0.111515,-0.634783,0.022296,0.105318,-1.743194,1.413077,2.448817,1.308093,-0.317113,-0.282848,-0.246032,-0.049258,-0.140969,-1.124905,1.351185
24.278952,-0.785906,-1.769319,-0.780009,-1.040900,-1.096192,-1.076602,0.548201,-0.007234,-0.902354,-0.187005,-0.178187,-0.664371,-0.535926,0.111729,-0.635098,0.022015,0.105076,-1.743250,1.412927,2.447694,1.309449,-0.317750,-0.283142,-0.245450,-0.051143,-0.142946,-1.122349,1.350296
24.280003,-0.785039,-1.771144,-0.779325,-1.041951,-1.096573,-1.073529,0.548369,0.011755,-0.871671,-0.168853,-0.189327,-0.664971,-0.535414,0.111968,-0.635421,0.021717,0.104826,-1.743302,1.412783,2.446581,1.310791,-0.319712,-0.287318,-0.247782,-0.051933,-0.143277,-1.122133,1.352789
24.280928,-0.784872,-1.766529,-0.773131,-1.046704,-1.094294,-1.071213,0.549680,0.031373,-0.834709,-0.150041,-0.203269,-0.665799,-0.535109,0.112160,-0.635742,0.021436,0.104577,-1.743353,1.412642,2.445444,1.312147,-0.319245,-0.286221,-0.247233,-0.051737,-0.142938,-1.125827,1.352937
24.282087,-0.780125,-1.769057,-0.773065,-1.044748,-1.094843,-1.071465,0.550297,0.050799,-0.791295,-0.131422,-0.221332,-0.666802,-0.535074,0.112254,-0.636056,0.021143,0.104325,-1.743394,1.412494,2.444303,1.313502,-0.318170,-0.287883,-0.249196,-0.047807,-0.145048,-1.127804,1.350091
24.283064,-0.779471,-1.764734,-0.770436,-1.046047,-1.095661,-1.081380,0.547314,0.068930,-0.744048,-0.114106,-0.243170,-0.667852,-0.535170,0.112250,-0.636380,0.020856,0.104079,-1.743450,1.412348,2.443182,1.314845,-0.319958,-0.286720,-0.248581,-0.050789,-0.144630,-1.128993,1.350061
24.284105,-0.778025,-1.764433,-0.770710,-1.044800,-1.096879,-1.085128,0.547024,0.086958,-0.698344,-0.096893,-0.265663,-0.668893,-0.535453,0.112241,-0.636694,0.020567,0.103831,-1.743499,1.412208,2.442077,1.316222,-0.319259,-0.288462,-0.248908,-0.050231,-0.143770,-1.119216,1.356092
24.285130,-0.785325,-1.764019,-0.763906,-1.044955,-1.099036,-1.093751,0.548085,0.104388,-0.656865,-0.080261,-0.286739,-0.669796,-0.535938,0.112296,-0.637012,0.020279,0.103583,-1.743555,1.412070,2.440976,1.317566,-0.319111,-0.288336,-0.247881,-0.052217,-0.142613,-1.116271,1.357127
24.286026,-0.781928,-1.764123,-0.755118,-1.044096,-1.100573,-1.090320,0.547946,0.118578,-0.621776,-0.066849,-0.304743,-0.670388,-0.536472,0.112404,-0.637324,0.019987,0.103328,-1.743610,1.411936,2.439872,1.318923,-0.314585,-0.288206,-0.250316,-0.052768,-0.140542,-1.108202,1.355339
24.286979,-0.774487,-1.764101,-0.752521,-1.044595,-1.101189,-1.090874,0.548317,0.129861,-0.597202,-0.056334,-0.317262,-0.670668,-0.537158,0.112546,-0.637636,0.019702,0.103070,-1.743669,1.411801,2.438747,1.320284,-0.315117,-0.287496,-0.253436,-0.054004,-0.138906,-1.111311,1.355248
24.287973,-0.771034,-1.770469,-0.755556,-1.044897,-1.103104,-1.088938,0.548878,0.143972,-0.585750,-0.042956,-0.323140,-0.670868,-0.538599,0.112743,-0.637960,0.019416,0.102816,-1.743723,1.411662,2.437642,1.321628,-0.317676,-0.287010,-0.253580,-0.054092,-0.138238,-1.110812,1.354509
24.289066,-0.767306,-1.769933,-0.749892,-1.046755,-1.103859,-1.091569,0.550580,0.163200,-0.590843,-0.024377,-0.320927,-0.671169,-0.540910,0.113029,-0.638276,0.019142,0.102570,-1.743777,1.411530,2.436528,1.322980,-0.318399,-0.283568,-0.251088,-0.054468,-0.136373,-1.113099,1.353589
24.290053,-0.775077,-1.767932,-0.745189,-1.045973,-1.106732,-1.093306,0.549662,0.185511,-0.614206,-0.002671,-0.310079,-0.671619,-0.543727,0.113404,-0.638598,0.018856,0.102314,-1.743827,1.411395,2.435432,1.324335,-0.319502,-0.283817,-0.253094,-0.053561,-0.135807,-1.111560,1.350924
24.290977,-0.770651,-1.770621,-0.743899,-1.050053,-1.104647,-1.089135,0.552248,0.208802,-0.649826,0.019963,-0.293641,-0.672203,-0.546861,0.113834,-0.638908,0.018568,0.102056,-1.743886,1.411268,2.434324,1.325676,-0.314627,-0.284404,-0.254327,-0.054931,-0.133013,-1.110132,1.353015
24.291995,-0.761732,-1.767884,-0.736014,-1.048172,-1.104705,-1.087730,0.554747,0.228692,-0.690192,0.039185,-0.275422,-0.672806,-0.549959,0.114264,-0.639224,0.018292,0.101806,-1.743929,1.411130,2.433200,1.327022,-0.315715,-0.282570,-0.253816,-0.051589,-0.135052,-1.114123,1.347600
24.292997,-0.759716,-1.763452,-0.734459,-1.050424,-1.104694,-1.086769,0.553216,0.247144,-0.732146,0.057036,-0.257372,-0.673503,-0.553263,0.114640,-0.639550,0.018006,0.101543,-1.743989,1.410996,2.432091,1.328349,-0.319173,-0.283685,-0.256692,-0.054116,-0.135053,-1.116031,1.343055
24.294042,-0.755111,-1.764579,-0.730779,-1.050270,-1.104434,-1.089677,0.553704,0.270944,-0.770816,0.080290,-0.241746,-0.674475,-0.557563,0.114962,-0.639872,0.017719,0.101284,-1.744039,1.410864,2.430967,1.329707,-0.319121,-0.285554,-0.256356,-0.052620,-0.135139,-1.117302,1.346420
24.295115,-0.752970,-1.766385,-0.732776,-1.050841,-1.103884,-1.088283,0.555128,0.300603,-0.801180,0.109395,-0.230679,-0.675669,-0.563002,0.115257,-0.640193,0.017438,0.101025,-1.744094,1.410730,2.429859,1.331066,-0.320546,-0.284814,-0.257200,-0.053561,-0.135517,-1.115086,1.345876
24.296109,-0.753421,-1.768405,-0.726032,-1.051515,-1.105207,-1.090161,0.555944,0.332859,-0.825981,0.141034,-0.222418,-0.676917,-0.569187,0.115482,-0.640516,0.017155,0.100773,-1.744149,1.410593,2.428732,1.332392,-0.320763,-0.283818,-0.255320,-0.053800,-0.136200,-1.117320,1.343766
24.296973,-0.747218,-1.765981,-0.721012,-1.051133,-1.105149,-1.082856,0.554172,0.364066,-0.851140,0.171533,-0.213583,-0.678059,-0.575613,0.115604,-0.640831,0.016876,0.100512,-1.744204,1.410460,2.427602,1.333738,-0.319551,-0.282523,-0.257608,-0.053770,-0.134911,-1.115633,1.342373
24.298061,-0.745194,-1.771163,-0.721111,-1.054506,-1.106260,-1.076348,0.555688,0.393932,-0.878586,0.200619,-0.203077,-0.679049,-0.582153,0.115666,-0.641154,0.016592,0.100253,-1.744261,1.410322,2.426469,1.335075,-0.321247,-0.283006,-0.258739,-0.054524,-0.134803,-1.122310,1.345488
24.299049,-0.738921,-1.769535,-0.720330,-1.053124,-1.105478,-1.072236,0.554221,0.423021,-0.908158,0.228943,-0.191252,-0.679869,-0.588646,0.115733,-0.641480,0.016315,0.099994,-1.744306,1.410189,2.425316,1.336418,-0.321415,-0.280416,-0.257753,-0.052184,-0.133875,-1.129574,1.343175
24.300059,-0.742354,-1.769968,-0.719908,-1.054021,-1.109898,-1.077213,0.555424,0.449020,-0.940263,0.254267,-0.178191,-0.680410,-0.594441,0.115852,-0.641804,0.016035,0.099738,-1.744364,1.410054,2.424165,1.337774,-0.323473,-0.280945,-0.257070,-0.054184,-0.134697,-1.133717,1.346320
24.301077,-0.747452,-1.767526,-0.721914,-1.056562,-1.110179,-1.084401,0.558478,0.469005,-0.973794,0.273637,-0.164016,-0.680569,-0.598835,0.116048,-0.642121,0.015754,0.099481,-1.744420,1.409932,2.423055,1.339099,-0.320764,-0.280465,-0.256234,-0.053938,-0.130409,-1.129116,1.344268
24.302048,-0.747675,-1.767203,-0.724244,-1.053674,-1.111673,-1.087542,0.561105,0.467009,-1.024887,0.270676,-0.141751,-0.679215,-0.600598,0.116650,-0.642743,0.015192,0.098987,-1.744530,1.409677,2.420842,1.341751,-0.316290,-0.281238,-0.252133,-0.055635,-0.128890,-1.119545,1.333502
24.302928,-0.743863,-1.762815,-0.723811,-1.054951,-1.114096,-1.088673,0.560098,0.467009,-1.024887,0.270676,-0.141751,-0.679215,-0.600598,0.116650,-0.642743,0.015192,0.098987,-1.744530,1.409677,2.420842,1.341751,-0.316290,-0.281238,-0.252133,-0.055635,-0.128890,-1.119545,1.333502
24.303973,-0.744976,-1.762108,-0.724178,-1.055653,-1.111774,-1.089673,0.561677,0.439235,-1.038559,0.242774,-0.134792,-0.677777,-0.597587,0.117086,-0.643064,0.014907,0.098736,-1.744583,1.409561,2.419725,1.343093,-0.316852,-0.282728,-0.251115,-0.054795,-0.126514,-1.117924,1.335180
24.305010,-0.746175,-1.764623,-0.722874,-1.061576,-1.111763,-1.093677,0.564758,0.398280,-1.042846,0.201951,-0.131317,-0.676128,-0.592733,0.117603,-0.643374,0.014625,0.098487,-1.744639,1.409425,2.418602,1.344432,-0.315503,-0.282914,-0.250055,-0.054844,-0.128988,-1.117566,1.332527
24.306054,-0.745022,-1.769040,-0.722967,-1.062670,-1.110819,-1.096113,0.564794,0.347250,-1.036199,0.151215,-0.133392,-0.674414,-0.586532,0.118098,-0.643686,0.014345,0.098236,-1.744679,1.409296,2.417504,1.345739,-0.314095,-0.281477,-0.249792,-0.049954,-0.129123,-1.114255,1.326961
24.307052,-0.740957,-1.767513,-0.732044,-1.061783,-1.110506,-1.100351,0.564500,0.288998,-1.022218,0.093335,-0.140705,-0.672723,-0.579325,0.118494,-0.643996,0.014074,0.097986,-1.744729,1.409167,2.416395,1.347070,-0.313922,-0.279224,-0.248846,-0.049794,-0.130242,-1.112540,1.327524
24.308068,-0.739674,-1.762015,-0.726469,-1.060412,-1.111217,-1.101238,0.562272,0.224853,-1.007508,0.029648,-0.149822,-0.671081,-0.571214,0.118828,-0.644314,0.013789,0.097752,-1.744784,1.409034,2.415300,1.348412,-0.314979,-0.279676,-0.243465,-0.051359,-0.130609,-1.108746,1.328382
24.308940,-0.736629,-1.758406,-0.726587,-1.059417,-1.111845,-1.096525,0.561295,0.155720,-0.993184,-0.038907,-0.158664,-0.669446,-0.562356,0.119171,-0.644632,0.013499,0.097504,-1.744842,1.408906,2.414188,1.349743,-0.314658,-0.282093,-0.245397,-0.053375,-0.130029,-1.108387,1.333298
24.309991,-0.731456,-1.761011,-0.727949,-1.062023,-1.117015,-1.088542,0.560403,0.085714,-0.975302,-0.108273,-0.168044,-0.667812,-0.553333,0.119535,-0.644945,0.013214,0.097267,-1.744899,1.408780,2.413055,1.351085,-0.314907,-0.283158,-0.244222,-0.054727,-0.129353,-1.112493,1.334773
24.310963,-0.730082,-1.761643,-0.721561,-1.062670,-1.117048,-1.085222,0.559511,0.017746,-0.953849,-0.175637,-0.177973,-0.666145,-0.544460,0.119895,-0.645264,0.012933,0.097026,-1.744950,1.408663,2.411929,1.352412,-0.316650,-0.281693,-0.242765,-0.052941,-0.124436,-1.121175,1.337191
24.311946,-0.727111,-1.759178,-0.722404,-1.063739,-1.118000,-1.086292,0.559913,-0.045911,-0.932887,-0.238810,-0.187351,-0.664482,-0.535837,0.120237,-0.645580,0.012655,0.096778,-1.745004,1.408541,2.410791,1.353761,-0.316270,-0.281052,-0.244987,-0.052957,-0.124583,-1.124466,1.339067
24.313015,-0.726326,-1.759109,-0.724748,-1.063714,-1.119641,-1.087583,0.559914,-0.102576,-0.913898,-0.295117,-0.196054,-0.662944,-0.527666,0.120575,-0.645897,0.012373,0.096539,-1.745057,1.408419,2.409681,1.355109,-0.316753,-0.281938,-0.243648,-0.052557,-0.123773,-1.123628,1.338400
24.313992,-0.725989,-1.758080,-0.730376,-1.060847,-1.118814,-1.086387,0.560466,-0.205441,-0.878518,-0.397318,-0.211918,-0.660267,-0.511913,0.121263,-0.646524,0.011806,0.096071,-1.745175,1.408177,2.407422,1.357801,-0.315560,-0.281987,-0.238146,-0.056726,-0.123411,-1.124420,1.338076
24.314999,-0.725060,-1.756768,-0.727453,-1.063886,-1.116774,-1.081985,0.562560,-0.205441,-0.878518,-0.397318,-0.211918,-0.660267,-0.511913,0.121263,-0.646524,0.011806,0.096071,-1.745175,1.408177,2.407422,1.357801,-0.315560,-0.281987,-0.238146,-0.056726,-0.123411,-1.124420,1.338076
24.315988,-0.723188,-1.751082,-0.729171,-1.062906,-1.115583,-1.078166,0.562679,-0.261826,-0.865505,-0.453372,-0.215904,-0.659047,-0.503512,0.121512,-0.646838,0.011523,0.095831,-1.745224,1.408046,2.406292,1.359137,-0.315111,-0.282350,-0.238791,-0.054464,-0.125548,-1.129169,1.334196
24.316938,-0.717238,-1.754122,-0.727524,-1.062443,-1.111462,-1.078021,0.561358,-0.322208,-0.851468,-0.513417,-0.219693,-0.657932,-0.494932,0.121631,-0.647155,0.011229,0.095596,-1.745282,1.407921,2.405149,1.360469,-0.315049,-0.284736,-0.237084,-0.056053,-0.126858,-1.133097,1.334255
24.318055,-0.718026,-1.755370,-0.731846,-1.063403,-1.111697,-1.083355,0.561209,-0.440626,-0.822105,-0.631054,-0.226723,-0.656278,-0.478704,0.121763,-0.647788,0.010671,0.095134,-1.745398,1.407654,2.402892,1.363150,-0.315876,-0.282247,-0.234368,-0.056854,-0.130942,-1.128860,1.338160
24.319073,-0.724471,-1.755158,-0.728777,-1.064933,-1.114476,-1.088377,0.558581,-0.440626,-0.822105,-0.631054,-0.226723,-0.656278,-0.478704,0.121763,-0.647788,0.010671,0.095134,-1.745398,1.407654,2.402892,1.363150,-0.315876,-0.282247,-0.234368,-0.056854,-0.130942,-1.128860,1.338160
24.320157,-0.722497,-1.758547,-0.725579,-1.066044,-1.116899,-1.097161,0.560305,-0.497057,-0.814826,-0.687187,-0.226514,-0.655583,-0.471040,0.121903,-0.648089,0.010392,0.094899,-1.745453,1.407533,2.401772,1.364509,-0.311891,-0.282143,-0.235163,-0.056019,-0.128351,-1.124285,1.343770
24.320937,-0.715267,-1.754069,-0.730936,-1.066148,-1.117103,-1.097385,0.559251,-0.552318,-0.812037,-0.742300,-0.224791,-0.654832,-0.463667,0.122060,-0.648402,0.010113,0.094660,-1.745509,1.407409,2.400678,1.365855,-0.312227,-0.280428,-0.236090,-0.055742,-0.126198,-1.116548,1.340980
24.321941,-0.708311,-1.753057,-0.728515,-1.066868,-1.116702,-1.098830,0.557912,-0.602467,-0.813491,-0.792392,-0.222045,-0.654167,-0.457131,0.122159,-0.648725,0.009826,0.094432,-1.745563,1.407286,2.399563,1.367182,-0.314195,-0.281661,-0.232198,-0.055881,-0.125868,-1.115194,1.342221
24.322939,-0.699901,-1.750616,-0.727417,-1.065958,-1.112106,-1.098426,0.555948,-0.644524,-0.816028,-0.834366,-0.219866,-0.653747,-0.451916,0.122201,-0.649045,0.009545,0.094201,-1.745620,1.407156,2.398439,1.368536,-0.316682,-0.281882,-0.232708,-0.055791,-0.126383,-1.114093,1.345178
24.324159,-0.706624,-1.750971,-0.723949,-1.066346,-1.111530,-1.099764,0.558664,-0.673758,-0.817210,-0.863541,-0.219310,-0.653765,-0.448607,0.122238,-0.649368,0.009261,0.093969,-1.745682,1.407017,2.397336,1.369879,-0.319830,-0.282771,-0.232476,-0.057215,-0.131017,-1.114925,1.349373
24.325100,-0.705286,-1.750191,-0.720726,-1.066837,-1.112099,-1.101459,0.561626,-0.688974,-0.817344,-0.878856,-0.219739,-0.654253,-0.447293,0.122245,-0.649680,0.008980,0.093732,-1.745742,1.406883,2.396219,1.371223,-0.316107,-0.282972,-0.233839,-0.057811,-0.131917,-1.115484,1.345375
24.326092,-0.701268,-1.750438,-0.718088,-1.065976,-1.108728,-1.096840,0.560441,-0.695402,-0.817215,-0.885566,-0.220377,-0.655029,-0.447381,0.122126,-0.649994,0.008697,0.093498,-1.745798,1.406755,2.395122,1.372567,-0.315710,-0.282866,-0.234533,-0.057841,-0.131360,-1.113823,1.339373
24.326924,-0.696805,-1.746319,-0.718310,-1.065617,-1.106687,-1.094275,0.559644,-0.695734,-0.818992,-0.886286,-0.220096,-0.655985,-0.448549,0.121884,-0.650315,0.008415,0.093262,-1.745861,1.406613,2.393996,1.373905,-0.316690,-0.282414,-0.235022,-0.059179,-0.134731,-1.118742,1.342079
24.327983,-0.696229,-1.750519,-0.718657,-1.066946,-1.104227,-1.092907,0.560138,-0.690462,-0.823992,-0.881396,-0.218102,-0.657052,-0.450712,0.121644,-0.650632,0.008130,0.093033,-1.745921,1.406473,2.392868,1.375258,-0.317468,-0.283637,-0.233822,-0.059743,-0.136517,-1.120373,1.342943
24.328985,-0.701300,-1.748437,-0.716357,-1.065531,-1.106602,-1.093710,0.560937,-0.682501,-0.832336,-0.873781,-0.214431,-0.658022,-0.453572,0.121502,-0.650949,0.007851,0.092799,-1.745981,1.406330,2.391751,1.376588,-0.316940,-0.281422,-0.232979,-0.059068,-0.139034,-1.122510,1.342600
24.329930,-0.702456,-1.746362,-0.715395,-1.068778,-1.107365,-1.089753,0.563007,-0.677300,-0.861786,-0.869266,-0.200886,-0.658627,-0.459564,0.121560,-0.651566,0.007287,0.092334,-1.746098,1.406064,2.389479,1.379269,-0.311923,-0.282763,-0.232962,-0.058275,-0.135908,-1.125775,1.337099
24.331043,-0.696230,-1.749829,-0.709871,-1.069711,-1.106696,-1.088567,0.564089,-0.677300,-0.861786,-0.869266,-0.200886,-0.658627,-0.459564,0.121560,-0.651566,0.007287,0.092334,-1.746098,1.406064,2.389479,1.379269,-0.311923,-0.282763,-0.232962,-0.058275,-0.135908,-1.125775,1.337099
24.332025,-0.694922,-1.745641,-0.710293,-1.069312,-1.102566,-1.083602,0.563636,-0.685096,-0.891045,-0.877496,-0.190603,-0.657293,-0.466283,0.122042,-0.652195,0.006726,0.091865,-1.746219,1.405779,2.387196,1.381931,-0.314077,-0.282857,-0.234108,-0.059045,-0.140832,-1.133007,1.337079
24.333034,-0.694520,-1.741705,-0.705427,-1.069337,-1.104497,-1.075594,0.564065,-0.685096,-0.891045,-0.877496,-0.190603,-0.657293,-0.466283,0.122042,-0.652195,0.006726,0.091865,-1.746219,1.405779,2.387196,1.381931,-0.314077,-0.282857,-0.234108,-0.059045,-0.140832,-1.133007,1.337079
24.334047,-0.698479,-1.746500,-0.698388,-1.070370,-1.104830,-1.074960,0.563979,-0.685058,-0.902400,-0.877508,-0.188481,-0.656223,-0.470430,0.122552,-0.652509,0.006438,0.091624,-1.746280,1.405646,2.386047,1.383251,-0.313363,-0.284477,-0.235710,-0.059540,-0.138911,-1.141264,1.336620
24.334983,-0.698297,-1.751901,-0.706113,-1.071953,-1.107361,-1.078115,0.566601,-0.683673,-0.910224,-0.876124,-0.188475,-0.654878,-0.474418,0.123201,-0.652817,0.006159,0.091377,-1.746340,1.405506,2.384900,1.384587,-0.310530,-0.281816,-0.238315,-0.059092,-0.138604,-1.142085,1.337181
24.335954,-0.689399,-1.751625,-0.701354,-1.072623,-1.107306,-1.086393,0.567415,-0.683833,-0.922671,-0.876346,-0.186758,-0.653322,-0.477365,0.123902,-0.653122,0.005891,0.091153,-1.746397,1.405374,2.383760,1.385920,-0.309635,-0.278781,-0.233579,-0.057986,-0.136033,-1.138647,1.331831
24.336993,-0.690995,-1.754962,-0.699478,-1.069938,-1.105257,-1.091719,0.564806,-0.686464,-0.945236,-0.879124,-0.180985,-0.651739,-0.478853,0.124635,-0.653441,0.005611,0.090914,-1.746456,1.405237,2.382657,1.387242,-0.313047,-0.278580,-0.235111,-0.057848,-0.136103,-1.130547,1.330437
24.337946,-0.692577,-1.753235,-0.693594,-1.068423,-1.106193,-1.092696,0.565553,-0.685481,-0.978513,-0.878420,-0.170565,-0.650494,-0.479574,0.125435,-0.653748,0.005338,0.090679,-1.746524,1.405097,2.381537,1.388593,-0.311453,-0.276823,-0.235313,-0.061001,-0.138221,-1.125861,1.336190
24.338972,-0.698601,-1.757515,-0.690658,-1.068866,-1.106384,-1.088969,0.564901,-0.678813,-1.023082,-0.872216,-0.153971,-0.649788,-0.479959,0.126284,-0.654056,0.005061,0.090437,-1.746590,1.404961,2.380427,1.389936,-0.309663,-0.277319,-0.237288,-0.062795,-0.137219,-1.124977,1.334635
24.340085,-0.699845,-1.761342,-0.689100,-1.068990,-1.102784,-1.094334,0.567237,-0.671068,-1.077395,-0.865091,-0.131223,-0.649583,-0.479750,0.127072,-0.654355,0.004787,0.090197,-1.746655,1.404824,2.379291,1.391262,-0.305939,-0.275029,-0.237935,-0.062833,-0.137096,-1.129173,1.336462
24.340981,-0.690804,-1.760288,-0.690244,-1.067424,-1.097611,-1.098997,0.565534,-0.667087,-1.140348,-0.861784,-0.103102,-0.649777,-0.478558,0.127714,-0.654656,0.004517,0.089961,-1.746720,1.404676,2.378167,1.392594,-0.304886,-0.273311,-0.238113,-0.063365,-0.140804,-1.124824,1.332689
24.341970,-0.692852,-1.757829,-0.692059,-1.067417,-1.095203,-1.106669,0.563842,-0.666318,-1.210532,-0.861605,-0.070553,-0.650320,-0.476547,0.128223,-0.654970,0.004243,0.089724,-1.746788,1.404521,2.377065,1.393922,-0.308220,-0.273338,-0.236497,-0.065075,-0.145691,-1.119864,1.335917
24.343054,-0.696660,-1.758751,-0.689579,-1.065215,-1.098265,-1.106003,0.562816,-0.666438,-1.281442,-0.862134,-0.036779,-0.651066,-0.474204,0.128694,-0.655277,0.003969,0.089490,-1.746853,1.404371,2.375959,1.395274,-0.306257,-0.274338,-0.234774,-0.065475,-0.147945,-1.112498,1.339480
24.344067,-0.696672,-1.762835,-0.681439,-1.065848,-1.100846,-1.101541,0.565274,-0.670279,-1.346964,-0.866240,-0.004488,-0.651655,-0.471486,0.129200,-0.655573,0.003694,0.089258,-1.746925,1.404231,2.374848,1.396631,-0.303858,-0.273900,-0.235440,-0.068127,-0.144938,-1.114232,1.342221
24.345033,-0.695662,-1.758070,-0.678673,-1.068651,-1.103632,-1.096431,0.564723,-0.678304,-1.408645,-0.874510,0.027336,-0.651878,-0.468408,0.129723,-0.655873,0.003425,0.089012,-1.746990,1.404094,2.373711,1.397950,-0.303133,-0.271736,-0.238622,-0.067924,-0.142407,-1.119047,1.337674
24.346117,-0.686711,-1.760732,-0.681125,-1.068122,-1.104262,-1.095546,0.567372,-0.686278,-1.465585,-0.882719,0.057373,-0.651780,-0.465418,0.130226,-0.656173,0.003147,0.088775,-1.747051,1.403961,2.372570,1.399296,-0.302783,-0.273806,-0.239078,-0.065566,-0.139631,-1.124121,1.338907
24.347018,-0.680514,-1.759601,-0.674183,-1.066505,-1.106308,-1.094294,0.566763,-0.691127,-1.511585,-0.887659,0.081448,-0.651468,-0.462851,0.130725,-0.656487,0.002875,0.088544,-1.747121,1.403821,2.371451,1.400614,-0.306596,-0.272512,-0.237242,-0.066596,-0.139139,-1.125899,1.334403
24.347958,-0.690509,-1.755769,-0.671538,-1.066364,-1.107344,-1.092987,0.567758,-0.688359,-1.548144,-0.884863,0.100479,-0.651191,-0.461076,0.131243,-0.656800,0.002600,0.088298,-1.747191,1.403688,2.370321,1.401984,-0.308474,-0.272568,-0.239626,-0.068326,-0.136997,-1.126716,1.335282
24.348982,-0.694322,-1.757288,-0.669808,-1.068000,-1.110290,-1.090894,0.568649,-0.677687,-1.577327,-0.874270,0.116347,-0.651124,-0.460093,0.131760,-0.657089,0.002325,0.088059,-1.747261,1.403552,2.369185,1.403309,-0.302591,-0.274100,-0.239951,-0.068649,-0.135917,-1.127837,1.333275
24.349998,-0.688654,-1.757651,-0.672681,-1.066706,-1.107434,-1.089918,0.569539,-0.668712,-1.596032,-0.865579,0.127868,-0.651128,-0.459008,0.132196,-0.657386,0.002050,0.087817,-1.747326,1.403422,2.368058,1.404625,-0.300052,-0.273179,-0.239972,-0.067466,-0.133082,-1.130396,1.332013
24.351104,-0.677816,-1.754769,-0.669626,-1.068322,-1.102998,-1.091714,0.571115,-0.667503,-1.605475,-0.864715,0.135595,-0.651154,-0.457243,0.132466,-0.657690,0.001780,0.087586,-1.747400,1.403282,2.366921,1.405956,-0.302153,-0.272888,-0.237796,-0.069048,-0.136018,-1.131705,1.330651
24.352002,-0.675518,-1.758611,-0.667830,-1.068013,-1.101476,-1.091348,0.568154,-0.668015,-1.607419,-0.865440,0.140252,-0.651444,-0.455478,0.132545,-0.658006,0.001500,0.087347,-1.747466,1.403133,2.365802,1.407291,-0.306934,-0.274399,-0.238719,-0.068005,-0.140519,-1.130968,1.328394
24.352994,-0.679211,-1.755100,-0.662818,-1.068437,-1.103824,-1.095357,0.568648,-0.661235,-1.602565,-0.858764,0.141740,-0.652194,-0.454699,0.132480,-0.658313,0.001230,0.087107,-1.747536,1.402988,2.364669,1.408626,-0.306894,-0.271968,-0.238533,-0.068435,-0.141808,-1.130869,1.334127
24.353993,-0.686405,-1.754967,-0.656421,-1.068929,-1.106709,-1.100219,0.570249,-0.628544,-1.579479,-0.826549,0.138382,-0.654413,-0.455711,0.132050,-0.658905,0.000683,0.086617,-1.747675,1.402721,2.362432,1.411268,-0.299947,-0.273386,-0.242398,-0.068147,-0.136639,-1.122575,1.330531
24.355000,-0.681462,-1.754242,-0.659903,-1.069025,-1.106587,-1.108965,0.569073,-0.628544,-1.579479,-0.826549,0.138382,-0.654413,-0.455711,0.132050,-0.658905,0.000683,0.086617,-1.747675,1.402721,2.362432,1.411268,-0.299947,-0.273386,-0.242398,-0.068147,-0.136639,-1.122575,1.330531
24.356003,-0.676152,-1.756134,-0.658035,-1.067813,-1.105451,-1.113180,0.567776,-0.611166,-1.558533,-0.809496,0.132414,-0.655445,-0.456701,0.131669,-0.659205,0.000411,0.086380,-1.747744,1.402584,2.361323,1.412608,-0.301719,-0.273597,-0.239796,-0.068408,-0.136821,-1.114226,1.333261
24.356992,-0.670223,-1.751164,-0.657229,-1.069320,-1.105137,-1.112009,0.569533,-0.593404,-1.534279,-0.791895,0.125212,-0.656424,-0.458087,0.131286,-0.659515,0.000140,0.086140,-1.747818,1.402443,2.360225,1.413955,-0.303501,-0.272475,-0.239894,-0.069843,-0.137956,-1.110546,1.336134
24.358062,-0.673506,-1.753127,-0.649983,-1.070616,-1.104363,-1.110224,0.570707,-0.571603,-1.508208,-0.770035,0.117471,-0.657466,-0.460363,0.130977,-0.659827,-0.000142,0.085900,-1.747885,1.402303,2.359104,1.415269,-0.305518,-0.274659,-0.239405,-0.068665,-0.138238,-1.112010,1.332888
24.358927,-0.674989,-1.751072,-0.647159,-1.070305,-1.104124,-1.105162,0.573556,-0.544398,-1.477039,-0.742694,0.107004,-0.658553,-0.463765,0.130755,-0.660122,-0.000411,0.085654,-1.747955,1.402161,2.357980,1.416607,-0.303322,-0.273712,-0.242277,-0.067824,-0.139090,-1.114608,1.331246
24.359931,-0.666902,-1.744817,-0.637551,-1.072108,-1.100669,-1.107880,0.576686,-0.482808,-1.398365,-0.681086,0.076454,-0.660404,-0.472718,0.130507,-0.660734,-0.000972,0.085158,-1.748084,1.401877,2.355750,1.419232,-0.304627,-0.276944,-0.246312,-0.066931,-0.142569,-1.116695,1.319300
24.360999,-0.661235,-1.747697,-0.633819,-1.072065,-1.096889,-1.105866,0.576992,-0.482808,-1.398365,-0.681086,0.076454,-0.660404,-0.472718,0.130507,-0.660734,-0.000972,0.085158,-1.748084,1.401877,2.355750,1.419232,-0.304627,-0.276944,-0.246312,-0.066931,-0.142569,-1.116695,1.319300
24.362051,-0.656362,-1.743197,-0.633432,-1.071642,-1.098042,-1.104981,0.576187,-0.387725,-1.292132,-0.586010,0.029213,-0.662527,-0.486686,0.130589,-0.661357,-0.001531,0.084663,-1.748221,1.401577,2.353512,1.421881,-0.308408,-0.277577,-0.246668,-0.068347,-0.145104,-1.121153,1.321762
24.363039,-0.653498,-1.740582,-0.627443,-1.071403,-1.098654,-1.100887,0.576673,-0.387725,-1.292132,-0.586010,0.029213,-0.662527,-0.486686,0.130589,-0.661357,-0.001531,0.084663,-1.748221,1.401577,2.353512,1.421881,-0.308408,-0.277577,-0.246668,-0.068347,-0.145104,-1.121153,1.321762
24.363936,-0.653601,-1.742749,-0.622635,-1.071189,-1.095539,-1.101968,0.579019,-0.326150,-1.233642,-0.524534,0.002384,-0.663712,-0.495479,0.130863,-0.661663,-0.001809,0.084414,-1.748291,1.401436,2.352372,1.423204,-0.308952,-0.278576,-0.248688,-0.068869,-0.144467,-1.125400,1.321045
24.364961,-0.646049,-1.737045,-0.618580,-1.071533,-1.096706,-1.101367,0.577896,-0.260214,-1.174397,-0.458826,-0.024768,-0.664847,-0.504888,0.131219,-0.661971,-0.002085,0.084160,-1.748361,1.401281,2.351257,1.424500,-0.307723,-0.276918,-0.249850,-0.069197,-0.147312,-1.123896,1.316194
24.365994,-0.641501,-1.733656,-0.615379,-1.071458,-1.094539,-1.102169,0.576465,-0.191785,-1.117745,-0.390643,-0.050689,-0.665940,-0.514719,0.131607,-0.662291,-0.002370,0.083906,-1.748427,1.401137,2.350129,1.425827,-0.310600,-0.279549,-0.250890,-0.069308,-0.146091,-1.124973,1.318994
24.366955,-0.638317,-1.733117,-0.609543,-1.071370,-1.088661,-1.094656,0.575714,-0.119948,-1.060093,-0.318916,-0.077377,-0.667078,-0.525206,0.132056,-0.662604,-0.002655,0.083655,-1.748497,1.400985,2.348987,1.427163,-0.312029,-0.281004,-0.251559,-0.069745,-0.148210,-1.124590,1.322351
24.367975,-0.636971,-1.728559,-0.604862,-1.070157,-1.089172,-1.087411,0.573771,-0.044791,-0.999681,-0.243719,-0.105788,-0.668297,-0.536359,0.132588,-0.662918,-0.002936,0.083396,-1.748567,1.400818,2.347843,1.428477,-0.312562,-0.280848,-0.253321,-0.070068,-0.153790,-1.132093,1.324009
24.369012,-0.640912,-1.732196,-0.601384,-1.071323,-1.087689,-1.088308,0.573958,0.030732,-0.939273,-0.168104,-0.134326,-0.669505,-0.547591,0.133175,-0.663227,-0.003221,0.083141,-1.748643,1.400665,2.346677,1.429814,-0.312403,-0.282871,-0.254653,-0.071501,-0.153114,-1.139530,1.328334
24.369981,-0.638552,-1.730350,-0.598691,-1.069968,-1.085069,-1.091264,0.574942,0.101644,-0.881861,-0.097124,-0.161349,-0.670561,-0.557911,0.133769,-0.663537,-0.003498,0.082882,-1.748713,1.400507,2.345547,1.431150,-0.309619,-0.280886,-0.255363,-0.070690,-0.154476,-1.139082,1.328427
24.370973,-0.632183,-1.723419,-0.597461,-1.069472,-1.082489,-1.100998,0.573975,0.217317,-0.788682,0.018746,-0.205064,-0.672085,-0.572979,0.134917,-0.664162,-0.004073,0.082371,-1.748865,1.400177,2.343298,1.433810,-0.312081,-0.284474,-0.255134,-0.072800,-0.159116,-1.126634,1.328848
24.372044,-0.639072,-1.715698,-0.596031,-1.069199,-1.082556,-1.100867,0.576050,0.217317,-0.788682,0.018746,-0.205064,-0.672085,-0.572979,0.134917,-0.664162,-0.004073,0.082371,-1.748865,1.400177,2.343298,1.433810,-0.312081,-0.284474,-0.255134,-0.072800,-0.159116,-1.126634,1.328848
24.373000,-0.641033,-1.715987,-0.591918,-1.066198,-1.081100,-1.102378,0.575322,0.263893,-0.742008,0.065632,-0.227037,-0.672733,-0.578055,0.135537,-0.664464,-0.004369,0.082114,-1.748940,1.400014,2.342183,1.435127,-0.307986,-0.288092,-0.254938,-0.073399,-0.158896,-1.127736,1.325428
24.374022,-0.641734,-1.711970,-0.587517,-1.067797,-1.078625,-1.099911,0.575892,0.298354,-0.688432,0.100518,-0.251874,-0.673257,-0.581366,0.136150,-0.664768,-0.004652,0.081854,-1.749022,1.399852,2.341059,1.436468,-0.306074,-0.287448,-0.255803,-0.076373,-0.160071,-1.126187,1.326963
24.374969,-0.633528,-1.710459,-0.589880,-1.069569,-1.072436,-1.105375,0.574636,0.319103,-0.633557,0.121784,-0.276505,-0.673695,-0.582840,0.136682,-0.665071,-0.004946,0.081596,-1.749096,1.399685,2.339943,1.437810,-0.304989,-0.289109,-0.256971,-0.074973,-0.162312,-1.129209,1.326208
24.375985,-0.629983,-1.711491,-0.587476,-1.068149,-1.066592,-1.110351,0.574682,0.329950,-0.578618,0.133329,-0.301462,-0.674206,-0.582984,0.137098,-0.665387,-0.005236,0.081342,-1.749168,1.399507,2.338827,1.439137,-0.308028,-0.289281,-0.254617,-0.073362,-0.168076,-1.123642,1.328795
24.377011,-0.636630,-1.711710,-0.585519,-1.067127,-1.066129,-1.115677,0.573573,0.336086,-0.525439,0.140373,-0.326946,-0.674892,-0.582407,0.137418,-0.665693,-0.005521,0.081088,-1.749247,1.399319,2.337714,1.440473,-0.308987,-0.288474,-0.254844,-0.074931,-0.173453,-1.119160,1.329070
24.378013,-0.640318,-1.711023,-0.577932,-1.065462,-1.066973,-1.114481,0.571495,0.338973,-0.481573,0.144210,-0.348916,-0.675645,-0.581237,0.137687,-0.665992,-0.005812,0.080832,-1.749326,1.399144,2.336615,1.441799,-0.304928,-0.288040,-0.254824,-0.076112,-0.173540,-1.114470,1.331809
24.379044,-0.633876,-1.713884,-0.578091,-1.063429,-1.067659,-1.111069,0.573317,0.335607,-0.451997,0.141641,-0.364157,-0.676190,-0.579194,0.137940,-0.666291,-0.006101,0.080567,-1.749408,1.398975,2.335491,1.443145,-0.302343,-0.288001,-0.257480,-0.077802,-0.172389,-1.116046,1.336253
24.380007,-0.626743,-1.709846,-0.573038,-1.062820,-1.066975,-1.108634,0.573325,0.317659,-0.445895,0.125057,-0.367893,-0.676517,-0.573432,0.138291,-0.666912,-0.006674,0.080050,-1.749576,1.398632,2.333232,1.445793,-0.307377,-0.287887,-0.257739,-0.080368,-0.171746,-1.122408,1.333218
24.380944,-0.619781,-1.711334,-0.575947,-1.062793,-1.065337,-1.107868,0.571005,0.317659,-0.445895,0.125057,-0.367893,-0.676517,-0.573432,0.138291,-0.666912,-0.006674,0.080050,-1.749576,1.398632,2.333232,1.445793,-0.307377,-0.287887,-0.257739,-0.080368,-0.171746,-1.122408,1.333218
24.382017,-0.627480,-1.715334,-0.572124,-1.062863,-1.064643,-1.107880,0.571715,0.313483,-0.464797,0.121782,-0.359133,-0.676638,-0.570866,0.138374,-0.667222,-0.006954,0.079800,-1.749657,1.398458,2.332100,1.447143,-0.309781,-0.286638,-0.255127,-0.080309,-0.172961,-1.122966,1.337797
24.383144,-0.629895,-1.719262,-0.571062,-1.064662,-1.064376,-1.104556,0.575026,0.311085,-0.494646,0.120351,-0.345776,-0.676766,-0.568363,0.138455,-0.667522,-0.007233,0.079543,-1.749738,1.398283,2.330985,1.448464,-0.305299,-0.284595,-0.256153,-0.080422,-0.173392,-1.123833,1.337098
24.384015,-0.628015,-1.719852,-0.569721,-1.061042,-1.060480,-1.103933,0.573067,0.303085,-0.536882,0.113181,-0.327408,-0.676773,-0.565105,0.138507,-0.667824,-0.007513,0.079286,-1.749813,1.398110,2.329844,1.449793,-0.303692,-0.282750,-0.255865,-0.079056,-0.173492,-1.128291,1.331478
24.385037,-0.621069,-1.719957,-0.568996,-1.061507,-1.057107,-1.101697,0.574198,0.286167,-0.591817,0.096952,-0.303739,-0.676691,-0.560759,0.138506,-0.668123,-0.007791,0.079035,-1.749901,1.397926,2.328706,1.451149,-0.303519,-0.281807,-0.255275,-0.082338,-0.176800,-1.128181,1.334982
24.386019,-0.613460,-1.719623,-0.567526,-1.060174,-1.053622,-1.104038,0.574616,0.263213,-0.657945,0.074743,-0.274932,-0.676708,-0.555723,0.138485,-0.668438,-0.008072,0.078780,-1.749983,1.397740,2.327579,1.452471,-0.306131,-0.281543,-0.254643,-0.081890,-0.179734,-1.130884,1.333150
24.386940,-0.617517,-1.714998,-0.568070,-1.057272,-1.052213,-1.099007,0.573868,0.240936,-0.730244,0.053426,-0.243437,-0.677004,-0.550874,0.138453,-0.668748,-0.008351,0.078524,-1.750069,1.397553,2.326449,1.453809,-0.308992,-0.281388,-0.254291,-0.083120,-0.182715,-1.128639,1.332519
24.388003,-0.625181,-1.716919,-0.570127,-1.056340,-1.053866,-1.104967,0.575055,0.221071,-0.802453,0.034658,-0.212002,-0.677485,-0.546503,0.138419,-0.669048,-0.008637,0.078277,-1.750161,1.397366,2.325324,1.455156,-0.305917,-0.283126,-0.252898,-0.085661,-0.183512,-1.133477,1.333846
24.388995,-0.620181,-1.714001,-0.569144,-1.057475,-1.052127,-1.107248,0.577765,0.195035,-0.870471,0.009623,-0.181592,-0.677688,-0.541689,0.138412,-0.669342,-0.008916,0.078028,-1.750252,1.397189,2.324198,1.456474,-0.301545,-0.282067,-0.251014,-0.086525,-0.181545,-1.128158,1.332177
24.389934,-0.614814,-1.720673,-0.571207,-1.057957,-1.050795,-1.117423,0.578769,0.114129,-0.984540,-0.069619,-0.129439,-0.676391,-0.529786,0.138446,-0.669958,-0.009473,0.077538,-1.750415,1.396816,2.321979,1.459102,-0.304863,-0.279437,-0.248493,-0.084797,-0.183606,-1.115947,1.325136
24.391048,-0.615452,-1.720933,-0.569949,-1.058835,-1.050794,-1.121265,0.576578,0.114129,-0.984540,-0.069619,-0.129439,-0.676391,-0.529786,0.138446,-0.669958,-0.009473,0.077538,-1.750415,1.396816,2.321979,1.459102,-0.304863,-0.279437,-0.248493,-0.084797,-0.183606,-1.115947,1.325136
24.391961,-0.613220,-1.715126,-0.563750,-1.056782,-1.053127,-1.122418,0.578062,0.071691,-1.034495,-0.111271,-0.107704,-0.675178,-0.524200,0.138579,-0.670263,-0.009749,0.077288,-1.750496,1.396634,2.320870,1.460441,-0.304013,-0.279460,-0.248391,-0.084193,-0.183325,-1.113382,1.330526
24.393048,-0.616300,-1.717229,-0.565323,-1.057104,-1.055354,-1.122698,0.578813,0.033262,-1.079508,-0.149032,-0.089089,-0.673747,-0.519608,0.138858,-0.670563,-0.010035,0.077038,-1.750585,1.396458,2.319768,1.461769,-0.304125,-0.281770,-0.250347,-0.085965,-0.180477,-1.112068,1.327317
24.394045,-0.615750,-1.713183,-0.559060,-1.056988,-1.056298,-1.120616,0.580102,-0.000668,-1.114897,-0.182434,-0.075140,-0.672155,-0.516164,0.139196,-0.670865,-0.010315,0.076793,-1.750670,1.396286,2.318652,1.463074,-0.302019,-0.280685,-0.248776,-0.085737,-0.178049,-1.112782,1.326763
24.395051,-0.600655,-1.710060,-0.564715,-1.056982,-1.052211,-1.123606,0.580119,-0.032533,-1.139802,-0.213873,-0.065889,-0.670455,-0.513562,0.139530,-0.671163,-0.010598,0.076539,-1.750755,1.396112,2.317527,1.464399,-0.301546,-0.282410,-0.250913,-0.085799,-0.176771,-1.115152,1.324500
24.395984,-0.594534,-1.708859,-0.566531,-1.056911,-1.049584,-1.118861,0.581965,-0.060165,-1.151778,-0.241015,-0.062610,-0.668863,-0.511992,0.139897,-0.671486,-0.010884,0.076302,-1.750840,1.395923,2.316430,1.465736,-0.308139,-0.283632,-0.247205,-0.085757,-0.180412,-1.112625,1.324822
24.397098,-0.598281,-1.709395,-0.559061,-1.056356,-1.050187,-1.118363,0.579102,-0.079716,-1.149792,-0.259856,-0.065860,-0.667552,-0.511811,0.140328,-0.671803,-0.011171,0.076059,-1.750923,1.395739,2.315302,1.467043,-0.309992,-0.283651,-0.245286,-0.085687,-0.182483,-1.117246,1.321132
24.398088,-0.603276,-1.713925,-0.558107,-1.058199,-1.052394,-1.113821,0.580860,-0.092254,-1.137936,-0.271592,-0.073361,-0.666468,-0.512752,0.140818,-0.672105,-0.011452,0.075810,-1.751010,1.395558,2.314170,1.468388,-0.307602,-0.283449,-0.248331,-0.086377,-0.181593,-1.118779,1.327877
24.398986,-0.599428,-1.715134,-0.554343,-1.058621,-1.053254,-1.113641,0.581301,-0.102437,-1.122828,-0.281154,-0.081721,-0.665430,-0.514152,0.141320,-0.672406,-0.011729,0.075562,-1.751092,1.395382,2.313049,1.469691,-0.304284,-0.280885,-0.247792,-0.084509,-0.178993,-1.123608,1.324638
24.400001,-0.585252,-1.713826,-0.558256,-1.060704,-1.049734,-1.109250,0.577871,-0.114440,-1.110560,-0.292786,-0.088408,-0.664300,-0.515478,0.141761,-0.672709,-0.012005,0.075315,-1.751174,1.395209,2.311918,1.471017,-0.305156,-0.279750,-0.248529,-0.083916,-0.177658,-1.123279,1.323543
24.401002,-0.581762,-1.706763,-0.557030,-1.057514,-1.049871,-1.108459,0.578180,-0.130386,-1.089795,-0.308023,-0.101288,-0.662212,-0.519711,0.142547,-0.673347,-0.012577,0.074825,-1.751343,1.394841,2.309651,1.473684,-0.312036,-0.283334,-0.245361,-0.085024,-0.180177,-1.129081,1.330508
24.401979,-0.586871,-1.707559,-0.556177,-1.057486,-1.049029,-1.099255,0.578457,-0.132805,-1.071484,-0.310075,-0.111079,-0.661222,-0.522929,0.142946,-0.673646,-0.012856,0.074584,-1.751428,1.394656,2.308483,1.475021,-0.308611,-0.282554,-0.244859,-0.084915,-0.180548,-1.138250,1.330123
24.403090,-0.587168,-1.705816,-0.555506,-1.057014,-1.049983,-1.098047,0.579107,-0.132805,-1.071484,-0.310075,-0.111079,-0.661222,-0.522929,0.142946,-0.673646,-0.012856,0.074584,-1.751428,1.394656,2.308483,1.475021,-0.308611,-0.282554,-0.244859,-0.084915,-0.180548,-1.138250,1.330123
24.404005,-0.585441,-1.702798,-0.552105,-1.058519,-1.049532,-1.097631,0.578514,-0.140170,-1.048392,-0.317303,-0.121736,-0.659945,-0.525664,0.143340,-0.673951,-0.013143,0.074340,-1.751516,1.394479,2.307337,1.476341,-0.307977,-0.283432,-0.244516,-0.085488,-0.179350,-1.140343,1.329822
24.404949,-0.578713,-1.706404,-0.559048,-1.059483,-1.047027,-1.105182,0.579933,-0.170734,-0.987205,-0.348143,-0.148254,-0.656744,-0.528201,0.144212,-0.674571,-0.013706,0.073863,-1.751678,1.394116,2.305077,1.479010,-0.310053,-0.282073,-0.240727,-0.082825,-0.181303,-1.132654,1.327964
24.406119,-0.580529,-1.707697,-0.555915,-1.059354,-1.050916,-1.109695,0.580932,-0.170734,-0.987205,-0.348143,-0.148254,-0.656744,-0.528201,0.144212,-0.674571,-0.013706,0.073863,-1.751678,1.394116,2.305077,1.479010,-0.310053,-0.282073,-0.240727,-0.082825,-0.181303,-1.132654,1.327964
24.407016,-0.588888,-1.707069,-0.558973,-1.058471,-1.054842,-1.107595,0.581740,-0.189098,-0.954846,-0.366816,-0.162985,-0.655136,-0.528023,0.144708,-0.674882,-0.013988,0.073618,-1.751762,1.393946,2.303953,1.480327,-0.308693,-0.281668,-0.241761,-0.083277,-0.177276,-1.129686,1.327329
24.407975,-0.586407,-1.704176,-0.561511,-1.055768,-1.054100,-1.108692,0.583163,-0.211987,-0.927539,-0.390290,-0.175573,-0.653551,-0.526528,0.145224,-0.675173,-0.014265,0.073386,-1.751848,1.393781,2.302812,1.481656,-0.303522,-0.281429,-0.239227,-0.083870,-0.172950,-1.131316,1.325452
24.408971,-0.582053,-1.700754,-0.565775,-1.054322,-1.052220,-1.106662,0.586403,-0.292466,-0.887069,-0.472718,-0.191522,-0.650357,-0.517797,0.145993,-0.675789,-0.014835,0.072920,-1.752030,1.393433,2.300561,1.484277,-0.305139,-0.283796,-0.234177,-0.087554,-0.174872,-1.132530,1.316641
24.409951,-0.577179,-1.699416,-0.566123,-1.053433,-1.048498,-1.114225,0.584691,-0.292466,-0.887069,-0.472718,-0.191522,-0.650357,-0.517797,0.145993,-0.675789,-0.014835,0.072920,-1.752030,1.393433,2.300561,1.484277,-0.305139,-0.283796,-0.234177,-0.087554,-0.174872,-1.132530,1.316641
24.410989,-0.575263,-1.700041,-0.568716,-1.051433,-1.046070,-1.114388,0.584800,-0.344729,-0.869606,-0.525902,-0.196263,-0.649120,-0.511426,0.146133,-0.676096,-0.015120,0.072692,-1.752119,1.393249,2.299447,1.485619,-0.306675,-0.284050,-0.233263,-0.088243,-0.178135,-1.125094,1.320329
24.412004,-0.581759,-1.704868,-0.569184,-1.054041,-1.048977,-1.121464,0.586087,-0.397128,-0.854081,-0.579077,-0.199079,-0.648318,-0.504705,0.146159,-0.676404,-0.015402,0.072462,-1.752214,1.393068,2.298334,1.486930,-0.306852,-0.283540,-0.231287,-0.090050,-0.180191,-1.125646,1.320693
24.412932,-0.585111,-1.703142,-0.566155,-1.052570,-1.050281,-1.119500,0.583822,-0.505214,-0.843177,-0.688769,-0.194215,-0.647136,-0.490225,0.145976,-0.676994,-0.015959,0.072005,-1.752388,1.392727,2.296108,1.489590,-0.300320,-0.281307,-0.231021,-0.088588,-0.175235,-1.120886,1.323024
24.414049,-0.580962,-1.700875,-0.567598,-1.054477,-1.053168,-1.122857,0.586152,-0.563132,-0.845523,-0.747473,-0.189012,-0.646322,-0.482557,0.145820,-0.677302,-0.016245,0.071776,-1.752472,1.392563,2.294981,1.490891,-0.301907,-0.282461,-0.229791,-0.086856,-0.172252,-1.118606,1.319390
24.415047,-0.571869,-1.704779,-0.576975,-1.053485,-1.054222,-1.117985,0.584857,-0.563132,-0.845523,-0.747473,-0.189012,-0.646322,-0.482557,0.145820,-0.677302,-0.016245,0.071776,-1.752472,1.392563,2.294981,1.490891,-0.301907,-0.282461,-0.229791,-0.086856,-0.172252,-1.118606,1.319390
24.415936,-0.569255,-1.698712,-0.577476,-1.051818,-1.058488,-1.117864,0.583792,-0.619583,-0.848516,-0.804451,-0.184626,-0.645333,-0.475222,0.145653,-0.677610,-0.016518,0.071562,-1.752563,1.392397,2.293838,1.492219,-0.305597,-0.280279,-0.224508,-0.087665,-0.170943,-1.123725,1.322368
24.417015,-0.577816,-1.697509,-0.576141,-1.050445,-1.060427,-1.114541,0.583688,-0.673288,-0.853557,-0.858454,-0.180004,-0.644163,-0.468300,0.145532,-0.677916,-0.016808,0.071343,-1.752656,1.392237,2.292717,1.493531,-0.305717,-0.282619,-0.223459,-0.088880,-0.166292,-1.123338,1.324263
24.418005,-0.581553,-1.700304,-0.571573,-1.050720,-1.060885,-1.113013,0.587883,-0.726248,-0.858648,-0.911738,-0.175194,-0.642798,-0.461509,0.145500,-0.678207,-0.017088,0.071120,-1.752749,1.392077,2.291579,1.494877,-0.300952,-0.283169,-0.223638,-0.090163,-0.164275,-1.127481,1.325170
24.419055,-0.573323,-1.701198,-0.571472,-1.049343,-1.062844,-1.113863,0.588339,-0.781371,-0.863479,-0.967435,-0.169914,-0.641253,-0.454475,0.145534,-0.678501,-0.017367,0.070895,-1.752839,1.391913,2.290454,1.496172,-0.298376,-0.281449,-0.225239,-0.089692,-0.163575,-1.129212,1.317100
24.419981,-0.570624,-1.705966,-0.567416,-1.048747,-1.060467,-1.110361,0.588503,-0.835083,-0.873238,-1.021918,-0.161877,-0.639733,-0.447544,0.145625,-0.678810,-0.017652,0.070671,-1.752931,1.391758,2.289325,1.497470,-0.301808,-0.280838,-0.224695,-0.090969,-0.161507,-1.128977,1.317010
24.420990,-0.567513,-1.697004,-0.568870,-1.047507,-1.060894,-1.111344,0.589915,-0.878892,-0.893812,-1.066491,-0.148539,-0.638548,-0.441661,0.145833,-0.679112,-0.017922,0.070446,-1.753022,1.391591,2.288181,1.498794,-0.302127,-0.278040,-0.225905,-0.091199,-0.163545,-1.132176,1.316609
24.421946,-0.564141,-1.700216,-0.570124,-1.044787,-1.065398,-1.110528,0.592644,-0.909493,-0.923791,-1.097754,-0.130747,-0.637789,-0.437274,0.146185,-0.679417,-0.018214,0.070224,-1.753117,1.391430,2.287060,1.500092,-0.302882,-0.282201,-0.224531,-0.092164,-0.162896,-1.131539,1.314273
24.423053,-0.565521,-1.696616,-0.570134,-1.046175,-1.069450,-1.118280,0.593637,-0.929257,-0.956229,-1.118117,-0.111679,-0.637313,-0.434221,0.146606,-0.679723,-0.018489,0.070001,-1.753217,1.391281,2.285924,1.501399,-0.303601,-0.280182,-0.223149,-0.094409,-0.158184,-1.132290,1.308953
24.423954,-0.561632,-1.696327,-0.565502,-1.043853,-1.069643,-1.119576,0.595256,-0.941249,-0.988494,-1.130742,-0.092666,-0.636954,-0.432182,0.147027,-0.680022,-0.018774,0.069781,-1.753307,1.391135,2.284819,1.502717,-0.302438,-0.282011,-0.222746,-0.093020,-0.154229,-1.125638,1.307995
24.424929,-0.559807,-1.697513,-0.564880,-1.042797,-1.069357,-1.128750,0.593575,-0.945747,-1.018397,-1.135932,-0.075440,-0.636688,-0.431153,0.147440,-0.680329,-0.019057,0.069556,-1.753405,1.390987,2.283701,1.504005,-0.303268,-0.281513,-0.224198,-0.094823,-0.153843,-1.124035,1.304664
24.425974,-0.558019,-1.696597,-0.559451,-1.041555,-1.071275,-1.130783,0.591954,-0.940522,-1.047192,-1.131419,-0.059669,-0.636594,-0.431403,0.147900,-0.680631,-0.019336,0.069337,-1.753503,1.390832,2.282596,1.505329,-0.303304,-0.280570,-0.223829,-0.095442,-0.153943,-1.115034,1.308312
24.426921,-0.561302,-1.696179,-0.557812,-1.041699,-1.074715,-1.135167,0.591278,-0.924047,-1.078383,-1.115684,-0.043675,-0.636733,-0.433193,0.148480,-0.680936,-0.019620,0.069105,-1.753604,1.390681,2.281496,1.506635,-0.303504,-0.280864,-0.225890,-0.096339,-0.151954,-1.113843,1.312233
24.428046,-0.563259,-1.701176,-0.554703,-1.041192,-1.076207,-1.133675,0.592444,-0.897952,-1.110648,-1.090386,-0.028373,-0.637086,-0.436530,0.149163,-0.681233,-0.019901,0.068879,-1.753699,1.390543,2.280383,1.507958,-0.300950,-0.280615,-0.225885,-0.095789,-0.148432,-1.109424,1.313614
24.429038,-0.559720,-1.701850,-0.553087,-1.040447,-1.076246,-1.135404,0.590927,-0.867334,-1.144185,-1.060625,-0.013904,-0.637523,-0.440913,0.149858,-0.681529,-0.020172,0.068651,-1.753798,1.390400,2.279259,1.509277,-0.299610,-0.278302,-0.226991,-0.096170,-0.147106,-1.112176,1.312337
24.430022,-0.551596,-1.700118,-0.557268,-1.037849,-1.079742,-1.135645,0.587977,-0.835286,-1.182547,-1.029396,0.001459,-0.637947,-0.445884,0.150534,-0.681833,-0.020449,0.068422,-1.753896,1.390255,2.278160,1.510595,-0.300563,-0.277717,-0.227041,-0.096542,-0.147007,-1.110809,1.315746
24.430927,-0.553542,-1.702910,-0.552021,-1.036614,-1.082697,-1.131745,0.589213,-0.801240,-1.225830,-0.996002,0.018132,-0.638363,-0.451403,0.151236,-0.682139,-0.020725,0.068203,-1.753999,1.390121,2.277049,1.511933,-0.303759,-0.278318,-0.224277,-0.098637,-0.143501,-1.110849,1.321877
24.432018,-0.552881,-1.702185,-0.545180,-1.035417,-1.086423,-1.129879,0.586725,-0.765598,-1.272773,-0.960896,0.036092,-0.638737,-0.457361,0.151970,-0.682439,-0.020999,0.067972,-1.754100,1.389987,2.275941,1.513253,-0.301703,-0.276397,-0.226002,-0.099236,-0.140474,-1.114517,1.319151
24.432963,-0.550666,-1.702910,-0.537246,-1.035071,-1.087257,-1.126384,0.588025,-0.728576,-1.323437,-0.924455,0.055679,-0.639039,-0.463648,0.152678,-0.682743,-0.021278,0.067738,-1.754200,1.389857,2.274817,1.514572,-0.301486,-0.276806,-0.228815,-0.100207,-0.136966,-1.117315,1.325094
24.433991,-0.541396,-1.706924,-0.531749,-1.035048,-1.087270,-1.132075,0.589430,-0.687116,-1.375248,-0.883641,0.075532,-0.639369,-0.470572,0.153315,-0.683043,-0.021551,0.067501,-1.754301,1.389726,2.273686,1.515892,-0.301671,-0.276067,-0.231846,-0.099994,-0.136168,-1.120695,1.322470
24.435075,-0.535489,-1.702576,-0.532854,-1.034236,-1.090820,-1.128886,0.590034,-0.635341,-1.426908,-0.832389,0.094583,-0.639932,-0.478801,0.153855,-0.683356,-0.021824,0.067261,-1.754401,1.389588,2.272585,1.517197,-0.305491,-0.273945,-0.233786,-0.099651,-0.136218,-1.115565,1.320249
24.436064,-0.538084,-1.703835,-0.527927,-1.032529,-1.094346,-1.126776,0.591024,-0.569824,-1.476638,-0.767075,0.111723,-0.640857,-0.488792,0.154329,-0.683665,-0.022100,0.067028,-1.754500,1.389463,2.271456,1.518528,-0.307789,-0.276191,-0.232587,-0.100255,-0.132892,-1.119711,1.319856
24.436955,-0.536223,-1.704867,-0.529084,-1.032783,-1.095060,-1.117405,0.590694,-0.495591,-1.519641,-0.692785,0.125248,-0.642025,-0.500063,0.154807,-0.683970,-0.022372,0.066791,-1.754603,1.389341,2.270331,1.519860,-0.305585,-0.275309,-0.234226,-0.101451,-0.129519,-1.122027,1.318117
24.438046,-0.528573,-1.703461,-0.522989,-1.033146,-1.099028,-1.120031,0.592419,-0.422614,-1.555760,-0.619752,0.135891,-0.643156,-0.511398,0.155313,-0.684277,-0.022647,0.066556,-1.754700,1.389215,2.269176,1.521175,-0.305376,-0.274244,-0.232599,-0.100633,-0.128809,-1.130808,1.318571
24.438980,-0.529896,-1.704264,-0.519233,-1.032196,-1.099122,-1.123297,0.591913,-0.354441,-1.585392,-0.551619,0.143830,-0.644166,-0.522121,0.155809,-0.684589,-0.022919,0.066317,-1.754800,1.389099,2.268030,1.522494,-0.308574,-0.275061,-0.235017,-0.100050,-0.125172,-1.128895,1.315977
24.439997,-0.527212,-1.703911,-0.514814,-1.029409,-1.103310,-1.129437,0.590886,-0.287321,-1.606533,-0.484543,0.147841,-0.645227,-0.532335,0.156250,-0.684896,-0.023191,0.066079,-1.754902,1.388975,2.266919,1.523801,-0.306827,-0.274259,-0.235905,-0.100399,-0.125176,-1.125529,1.317073
24.441036,-0.536938,-1.701854,-0.517316,-1.026884,-1.105709,-1.131777,0.589702,-0.219913,-1.621116,-0.417153,0.149435,-0.646442,-0.541896,0.156647,-0.685208,-0.023466,0.065835,-1.755009,1.388862,2.265798,1.525130,-0.307325,-0.274277,-0.237249,-0.102663,-0.121237,-1.119808,1.319568
24.441968,-0.543054,-1.698282,-0.513540,-1.025114,-1.111301,-1.131758,0.591112,-0.157955,-1.631679,-0.355306,0.151134,-0.647694,-0.550029,0.157018,-0.685498,-0.023742,0.065607,-1.755118,1.388748,2.264694,1.526465,-0.301868,-0.275205,-0.235319,-0.104641,-0.119170,-1.118212,1.322468
24.443058,-0.538719,-1.700356,-0.514518,-1.024360,-1.110573,-1.132924,0.589406,-0.112085,-1.636408,-0.309808,0.153095,-0.648739,-0.555622,0.157321,-0.685790,-0.024025,0.065364,-1.755225,1.388646,2.263572,1.527770,-0.297957,-0.276478,-0.236201,-0.105675,-0.113823,-1.118088,1.319635
24.444018,-0.535359,-1.697654,-0.515137,-1.023795,-1.110094,-1.134413,0.591620,-0.085859,-1.634002,-0.284180,0.154710,-0.649563,-0.558421,0.157492,-0.686090,-0.024297,0.065132,-1.755333,1.388530,2.262454,1.529103,-0.299668,-0.275516,-0.235100,-0.106002,-0.114970,-1.117891,1.323941
24.445011,-0.535184,-1.696405,-0.511537,-1.021423,-1.108586,-1.140563,0.588593,-0.073668,-1.625582,-0.272584,0.155819,-0.650391,-0.559170,0.157499,-0.686394,-0.024577,0.064899,-1.755440,1.388412,2.261354,1.530402,-0.300397,-0.276480,-0.233931,-0.105914,-0.115599,-1.116553,1.319649
24.446017,-0.539457,-1.695016,-0.511609,-1.021310,-1.110613,-1.139787,0.590806,-0.069841,-1.611276,-0.269239,0.155997,-0.651355,-0.558595,0.157377,-0.686693,-0.024858,0.064661,-1.755549,1.388294,2.260250,1.531740,-0.299694,-0.276791,-0.234903,-0.107648,-0.117328,-1.110741,1.326073
24.447117,-0.548651,-1.696113,-0.508479,-1.021994,-1.111760,-1.147430,0.591865,-0.072560,-1.591135,-0.272431,0.155112,-0.652394,-0.556965,0.157192,-0.686980,-0.025137,0.064433,-1.755657,1.388180,2.259132,1.533064,-0.296938,-0.277245,-0.234136,-0.107154,-0.115526,-1.111970,1.321928
24.448115,-0.546091,-1.698403,-0.505689,-1.022164,-1.114957,-1.146533,0.595850,-0.084970,-1.565165,-0.285485,0.152587,-0.653266,-0.554019,0.156981,-0.687265,-0.025413,0.064193,-1.755762,1.388072,2.258044,1.534373,-0.292023,-0.276766,-0.235058,-0.106146,-0.114838,-1.105480,1.320814
24.448965,-0.533307,-1.696700,-0.503761,-1.019870,-1.114665,-1.146849,0.596699,-0.107742,-1.535156,-0.309065,0.148350,-0.653808,-0.549821,0.156750,-0.687556,-0.025684,0.063958,-1.755867,1.387969,2.256929,1.535678,-0.292680,-0.275430,-0.235649,-0.105440,-0.111981,-1.106792,1.313191
24.450116,-0.530646,-1.695474,-0.501424,-1.022138,-1.115249,-1.142302,0.597808,-0.132430,-1.505553,-0.334443,0.144040,-0.654161,-0.545398,0.156532,-0.687864,-0.025962,0.063721,-1.755976,1.387856,2.255828,1.536999,-0.297836,-0.275586,-0.235471,-0.106822,-0.112363,-1.105845,1.311069
24.451084,-0.532289,-1.691496,-0.504363,-1.019225,-1.119850,-1.140231,0.597170,-0.149268,-1.476562,-0.351617,0.139349,-0.654552,-0.541897,0.156414,-0.688165,-0.026242,0.063483,-1.756075,1.387746,2.254701,1.538300,-0.298770,-0.276387,-0.236108,-0.104420,-0.112272,-1.111815,1.310158
24.451996,-0.532363,-1.688751,-0.500019,-1.018705,-1.124581,-1.136270,0.597569,-0.159134,-1.443495,-0.361546,0.131764,-0.654944,-0.539260,0.156477,-0.688456,-0.026520,0.063256,-1.756187,1.387644,2.253570,1.539626,-0.297162,-0.278035,-0.233838,-0.106619,-0.107962,-1.113881,1.311621
24.453070,-0.534700,-1.690045,-0.493837,-1.018435,-1.123210,-1.136638,0.598804,-0.169065,-1.403702,-0.371487,0.120541,-0.655183,-0.536687,0.156714,-0.688751,-0.026801,0.063019,-1.756294,1.387550,2.252456,1.540921,-0.296174,-0.278838,-0.235045,-0.106376,-0.103559,-1.117607,1.310772
24.454053,-0.526781,-1.688163,-0.495314,-1.018006,-1.121419,-1.137439,0.599013,-0.180356,-1.358792,-0.382801,0.106691,-0.655361,-0.533991,0.157041,-0.689040,-0.027075,0.062777,-1.756399,1.387444,2.251331,1.542235,-0.294573,-0.278198,-0.237411,-0.106262,-0.105431,-1.118026,1.309101
24.454977,-0.520407,-1.687965,-0.496274,-1.019462,-1.119725,-1.136060,0.599734,-0.189509,-1.311782,-0.391840,0.091297,-0.655710,-0.531562,0.157385,-0.689344,-0.027356,0.062547,-1.756507,1.387332,2.250223,1.543556,-0.297717,-0.278816,-0.235850,-0.106036,-0.107471,-1.117500,1.308968
24.455947,-0.518831,-1.683750,-0.495832,-1.016766,-1.117861,-1.133130,0.596962,-0.193718,-1.263580,-0.395610,0.074174,-0.656370,-0.529799,0.157739,-0.689650,-0.027636,0.062316,-1.756608,1.387221,2.249095,1.544852,-0.299828,-0.278395,-0.234471,-0.103986,-0.109341,-1.118639,1.307546
24.457021,-0.525355,-1.685194,-0.492319,-1.014924,-1.119250,-1.132397,0.597140,-0.193294,-1.213525,-0.394471,0.054746,-0.657289,-0.528731,0.158140,-0.689947,-0.027917,0.062083,-1.756719,1.387105,2.247962,1.546181,-0.299782,-0.280137,-0.233858,-0.105969,-0.111400,-1.121620,1.313322
24.458011,-0.530240,-1.688799,-0.490076,-1.017612,-1.123732,-1.139291,0.597001,-0.192146,-1.163545,-0.392642,0.034903,-0.658237,-0.527857,0.158607,-0.690235,-0.028195,0.061842,-1.756831,1.386995,2.246828,1.547486,-0.296066,-0.279363,-0.234906,-0.107269,-0.110370,-1.123105,1.313759
24.458973,-0.521566,-1.683715,-0.488813,-1.014433,-1.121407,-1.142911,0.596921,-0.194825,-1.118276,-0.394944,0.017227,-0.658980,-0.526580,0.159090,-0.690527,-0.028467,0.061606,-1.756926,1.386898,2.245730,1.548803,-0.292928,-0.277344,-0.235179,-0.104228,-0.106269,-1.116522,1.314360
24.459964,-0.515888,-1.684988,-0.491700,-1.014077,-1.122028,-1.153261,0.594578,-0.200164,-1.078974,-0.400118,0.001706,-0.659530,-0.525079,0.159544,-0.690828,-0.028752,0.061374,-1.757037,1.386786,2.244622,1.550130,-0.296441,-0.279467,-0.234963,-0.106692,-0.108883,-1.113073,1.314646
24.460970,-0.517601,-1.683942,-0.485904,-1.013491,-1.122724,-1.155071,0.593647,-0.201727,-1.044097,-0.401429,-0.012234,-0.660070,-0.524188,0.160007,-0.691130,-0.029033,0.061144,-1.757143,1.386676,2.243543,1.551450,-0.298447,-0.278487,-0.232741,-0.106467,-0.108512,-1.103169,1.319694
24.462029,-0.522142,-1.687930,-0.482224,-1.014371,-1.126225,-1.155925,0.594665,-0.196104,-1.013772,-0.395415,-0.024258,-0.660668,-0.524419,0.160539,-0.691421,-0.029309,0.060908,-1.757248,1.386571,2.242445,1.552784,-0.296899,-0.278804,-0.234870,-0.106531,-0.108169,-1.101944,1.321872
24.463024,-0.522708,-1.685170,-0.479884,-1.015189,-1.128032,-1.155119,0.596933,-0.185055,-0.989266,-0.384011,-0.033945,-0.661261,-0.525654,0.161121,-0.691712,-0.029583,0.060669,-1.757351,1.386473,2.241352,1.554094,-0.294121,-0.276770,-0.235972,-0.105273,-0.105130,-1.102016,1.320543
24.463981,-0.514408,-1.685768,-0.477401,-1.014459,-1.128922,-1.156715,0.596789,-0.172464,-0.970219,-0.371223,-0.041819,-0.661781,-0.527469,0.161679,-0.692005,-0.029867,0.060428,-1.757450,1.386370,2.240246,1.555410,-0.293155,-0.277840,-0.236251,-0.104045,-0.103702,-1.103209,1.316332
24.465014,-0.511699,-1.682635,-0.477749,-1.010893,-1.127482,-1.159897,0.597781,-0.158430,-0.954136,-0.357057,-0.049320,-0.662310,-0.529834,0.162185,-0.692308,-0.030141,0.060193,-1.757553,1.386267,2.239140,1.556742,-0.296430,-0.277182,-0.236600,-0.104224,-0.103118,-1.101695,1.316740
24.465998,-0.509062,-1.679905,-0.476651,-1.011386,-1.129788,-1.155630,0.597446,-0.139559,-0.940979,-0.337957,-0.055742,-0.662987,-0.533061,0.162680,-0.692608,-0.030423,0.059957,-1.757666,1.386160,2.238054,1.558044,-0.297075,-0.278573,-0.235666,-0.107158,-0.104950,-1.099277,1.315370
24.467012,-0.509039,-1.674183,-0.469290,-1.012478,-1.131134,-1.154189,0.596936,-0.116521,-0.930002,-0.314605,-0.060436,-0.663781,-0.537017,0.163199,-0.692906,-0.030703,0.059724,-1.757767,1.386063,2.236940,1.559371,-0.297599,-0.279603,-0.235414,-0.106167,-0.103007,-1.103863,1.316308
24.468076,-0.508953,-1.673734,-0.462916,-1.013170,-1.132639,-1.149306,0.600783,-0.091341,-0.914428,-0.289092,-0.066998,-0.664656,-0.541525,0.163706,-0.693204,-0.030991,0.059479,-1.757869,1.385959,2.235838,1.560698,-0.296893,-0.282156,-0.238223,-0.104644,-0.102051,-1.105813,1.317754
24.468974,-0.499272,-1.679394,-0.458437,-1.013896,-1.132470,-1.150855,0.599245,-0.063254,-0.888351,-0.260615,-0.079231,-0.665692,-0.546731,0.164083,-0.693501,-0.031274,0.059231,-1.757969,1.385860,2.234712,1.561984,-0.296386,-0.282237,-0.240580,-0.103656,-0.101033,-1.111479,1.310841
24.469960,-0.491633,-1.674765,-0.457891,-1.012828,-1.132924,-1.148317,0.598716,-0.029183,-0.857389,-0.225935,-0.094960,-0.666988,-0.552891,0.164265,-0.693808,-0.031546,0.058990,-1.758069,1.385757,2.233592,1.563304,-0.300130,-0.278879,-0.241722,-0.102327,-0.101436,-1.109465,1.313807
24.471059,-0.486640,-1.677155,-0.454778,-1.009880,-1.136075,-1.145892,0.599190,0.014441,-0.830707,-0.181304,-0.109905,-0.668621,-0.560302,0.164308,-0.694118,-0.031831,0.058749,-1.758173,1.385654,2.232481,1.564609,-0.303014,-0.280861,-0.241073,-0.102862,-0.101322,-1.112332,1.315197
24.472045,-0.487953,-1.676856,-0.452859,-1.008420,-1.136392,-1.136133,0.599371,0.067460,-0.811461,-0.126903,-0.121775,-0.670531,-0.568899,0.164266,-0.694429,-0.032105,0.058504,-1.758281,1.385562,2.231343,1.565920,-0.304868,-0.279739,-0.241922,-0.105420,-0.098761,-1.115686,1.315200
24.472965,-0.488447,-1.676691,-0.447898,-1.007648,-1.137770,-1.129411,0.600160,0.178530,-0.807046,-0.012955,-0.126478,-0.674291,-0.586275,0.163953,-0.695029,-0.032666,0.058017,-1.758497,1.385365,2.229053,1.568534,-0.302131,-0.279130,-0.243373,-0.106241,-0.097759,-1.131889,1.313549
24.474130,-0.480816,-1.677480,-0.452505,-1.008195,-1.138453,-1.131611,0.601971,0.178530,-0.807046,-0.012955,-0.126478,-0.674291,-0.586275,0.163953,-0.695029,-0.032666,0.058017,-1.758497,1.385365,2.229053,1.568534,-0.302131,-0.279130,-0.243373,-0.106241,-0.097759,-1.131889,1.313549
24.474992,-0.477784,-1.680824,-0.456653,-1.008832,-1.138383,-1.135882,0.601141,0.224930,-0.820016,0.034728,-0.120403,-0.675851,-0.593132,0.163715,-0.695340,-0.032941,0.057785,-1.758600,1.385264,2.227918,1.569844,-0.305558,-0.279032,-0.240588,-0.105531,-0.097706,-1.131023,1.311265
24.476008,-0.480722,-1.682695,-0.454805,-1.008892,-1.139491,-1.140375,0.601905,0.263041,-0.839678,0.074078,-0.111586,-0.677220,-0.598215,0.163502,-0.695647,-0.033214,0.057550,-1.758703,1.385166,2.226809,1.571147,-0.305803,-0.276715,-0.237432,-0.104120,-0.097997,-1.126132,1.312612
24.476996,-0.485263,-1.686514,-0.456730,-1.007794,-1.142395,-1.141280,0.602396,0.290448,-0.866475,0.102490,-0.100553,-0.678367,-0.601230,0.163390,-0.695947,-0.033488,0.057311,-1.758806,1.385070,2.225693,1.572466,-0.303578,-0.275629,-0.237570,-0.103621,-0.097331,-1.122112,1.311525
24.477938,-0.486191,-1.690697,-0.457384,-1.008308,-1.142616,-1.142139,0.606945,0.303713,-0.901884,0.116280,-0.086501,-0.679210,-0.601914,0.163387,-0.696243,-0.033755,0.057079,-1.758912,1.384983,2.224566,1.573789,-0.300544,-0.273554,-0.235798,-0.104154,-0.094917,-1.121443,1.310830
24.479010,-0.475109,-1.686470,-0.459784,-1.006971,-1.140609,-1.139484,0.607519,0.299814,-0.947932,0.112341,-0.068046,-0.679677,-0.600100,0.163426,-0.696542,-0.034022,0.056846,-1.759014,1.384887,2.223458,1.575066,-0.299180,-0.271163,-0.234574,-0.103057,-0.095077,-1.120577,1.301864
24.480014,-0.468037,-1.687472,-0.462083,-1.006855,-1.137453,-1.148476,0.606679,0.281958,-1.001773,0.094104,-0.046381,-0.679908,-0.596315,0.163461,-0.696851,-0.034297,0.056621,-1.759118,1.384787,2.222326,1.576379,-0.304107,-0.273326,-0.232831,-0.104049,-0.097601,-1.124040,1.301609
24.481058,-0.465974,-1.692102,-0.465895,-1.007487,-1.140612,-1.151009,0.609789,0.238050,-1.106217,0.049632,-0.005704,-0.680602,-0.587162,0.163668,-0.697472,-0.034838,0.056167,-1.759320,1.384583,2.220117,1.578994,-0.306965,-0.270287,-0.228450,-0.102728,-0.098360,-1.113647,1.298119
24.482042,-0.472618,-1.690238,-0.463611,-1.008883,-1.142209,-1.155138,0.608803,0.238050,-1.106217,0.049632,-0.005704,-0.680602,-0.587162,0.163668,-0.697472,-0.034838,0.056167,-1.759320,1.384583,2.220117,1.578994,-0.306965,-0.270287,-0.228450,-0.102728,-0.098360,-1.113647,1.298119
24.482993,-0.479298,-1.694604,-0.462376,-1.008950,-1.145168,-1.153838,0.610619,0.214347,-1.154226,0.025549,0.011809,-0.680873,-0.582222,0.163790,-0.697767,-0.035107,0.055940,-1.759419,1.384491,2.219002,1.580313,-0.302849,-0.271051,-0.228880,-0.100898,-0.097223,-1.109741,1.300452
24.483944,-0.468456,-1.695772,-0.467107,-1.007393,-1.148215,-1.151479,0.610650,0.182568,-1.196963,-0.006987,0.026104,-0.680751,-0.576391,0.163900,-0.698061,-0.035372,0.055712,-1.759517,1.384402,2.217898,1.581576,-0.298666,-0.268588,-0.228682,-0.100384,-0.094693,-1.111175,1.297085
24.484987,-0.460637,-1.696861,-0.468752,-1.006806,-1.150226,-1.144561,0.608128,0.141026,-1.237230,-0.049561,0.039178,-0.680124,-0.569508,0.164040,-0.698370,-0.035636,0.055490,-1.759616,1.384316,2.216769,1.582870,-0.303163,-0.267790,-0.225541,-0.101475,-0.092107,-1.113476,1.297249
24.485984,-0.460943,-1.693465,-0.469010,-1.004766,-1.152831,-1.141636,0.605215,0.095327,-1.278653,-0.096244,0.053666,-0.679132,-0.562171,0.164298,-0.698683,-0.035904,0.055272,-1.759719,1.384226,2.215648,1.584193,-0.306250,-0.267245,-0.224216,-0.101670,-0.090660,-1.121072,1.302950
24.487033,-0.465139,-1.696932,-0.468451,-1.006258,-1.156197,-1.139021,0.605283,0.050222,-1.318976,-0.142181,0.069143,-0.677966,-0.554893,0.164742,-0.698989,-0.036180,0.055052,-1.759824,1.384143,2.214517,1.585499,-0.305210,-0.268728,-0.223469,-0.103180,-0.088604,-1.124188,1.309184
24.488099,-0.466891,-1.697879,-0.468767,-1.007497,-1.157386,-1.136947,0.604672,0.004024,-1.354360,-0.189261,0.083994,-0.676680,-0.547483,0.165323,-0.699282,-0.036443,0.054834,-1.759922,1.384062,2.213376,1.586812,-0.302551,-0.267043,-0.223251,-0.101393,-0.085887,-1.127357,1.309665
24.488983,-0.461265,-1.694616,-0.473317,-1.005131,-1.157645,-1.138096,0.604189,-0.046622,-1.383337,-0.240968,0.096865,-0.675317,-0.539588,0.165916,-0.699582,-0.036711,0.054614,-1.760020,1.383976,2.212248,1.588114,-0.301101,-0.266655,-0.222600,-0.099922,-0.085349,-1.130176,1.311713
24.489998,-0.455187,-1.692062,-0.477789,-1.005647,-1.157223,-1.137521,0.604050,-0.102344,-1.404668,-0.297797,0.106771,-0.673986,-0.531198,0.166452,-0.699891,-0.036981,0.054400,-1.760124,1.383892,2.211120,1.589433,-0.302732,-0.267778,-0.219512,-0.101583,-0.085481,-1.128444,1.312382
24.491006,-0.454698,-1.698737,-0.475163,-1.004997,-1.158477,-1.139358,0.605605,-0.160940,-1.415497,-0.357337,0.112627,-0.672819,-0.522675,0.166937,-0.700198,-0.037254,0.054194,-1.760224,1.383802,2.209997,1.590760,-0.304967,-0.268918,-0.216857,-0.100659,-0.086428,-1.129463,1.313086
24.491934,-0.457792,-1.696330,-0.475849,-1.003307,-1.160117,-1.137184,0.605425,-0.218471,-1.417886,-0.415671,0.115373,-0.671896,-0.514538,0.167367,-0.700501,-0.037515,0.053975,-1.760325,1.383718,2.208866,1.592061,-0.304405,-0.265503,-0.217606,-0.100888,-0.085722,-1.127914,1.310426
24.493065,-0.458191,-1.696921,-0.481934,-1.004312,-1.159723,-1.143647,0.607544,-0.273240,-1.419141,-0.471318,0.118638,-0.671136,-0.506949,0.167710,-0.700795,-0.037782,0.053763,-1.760428,1.383634,2.207720,1.593383,-0.301938,-0.266404,-0.216574,-0.101956,-0.084529,-1.129794,1.310773
24.494052,-0.453962,-1.699844,-0.483844,-1.005161,-1.160361,-1.147395,0.606780,-0.328629,-1.419916,-0.527821,0.122937,-0.670357,-0.499554,0.167959,-0.701097,-0.038050,0.053556,-1.760527,1.383543,2.206608,1.594702,-0.301332,-0.266373,-0.213305,-0.100823,-0.085615,-1.124563,1.307613
24.495041,-0.445629,-1.692580,-0.483111,-1.004439,-1.161292,-1.154690,0.603184,-0.386316,-1.417583,-0.586822,0.126334,-0.669498,-0.492247,0.168168,-0.701404,-0.038314,0.053348,-1.760623,1.383460,2.205487,1.596011,-0.302568,-0.264772,-0.211857,-0.099628,-0.085507,-1.121058,1.309526
24.496102,-0.454554,-1.693227,-0.483305,-1.004310,-1.162573,-1.153100,0.603579,-0.440048,-1.409683,-0.641864,0.126788,-0.668728,-0.485824,0.168437,-0.701713,-0.038589,0.053139,-1.760721,1.383373,2.204373,1.597350,-0.305854,-0.268200,-0.211732,-0.099973,-0.085077,-1.114023,1.317006
24.496985,-0.455585,-1.691830,-0.484833,-1.004054,-1.166396,-1.152109,0.604443,-0.485702,-1.391320,-0.688747,0.121835,-0.668153,-0.480854,0.168810,-0.702006,-0.038856,0.052929,-1.760821,1.383289,2.203259,1.598656,-0.300788,-0.267914,-0.211243,-0.099797,-0.084430,-1.116501,1.316911
24.498015,-0.455644,-1.690765,-0.479409,-1.005400,-1.167789,-1.151625,0.605018,-0.529181,-1.362695,-0.733608,0.111895,-0.667572,-0.476676,0.169215,-0.702300,-0.039124,0.052723,-1.760919,1.383213,2.202138,1.599991,-0.299279,-0.268120,-0.209788,-0.099472,-0.081050,-1.116970,1.314809
24.499018,-0.453468,-1.690963,-0.483658,-1.005769,-1.167245,-1.152615,0.604621,-0.573501,-1.326392,-0.779508,0.098090,-0.666911,-0.472910,0.169560,-0.702599,-0.039394,0.052507,-1.761014,1.383132,2.201032,1.601279,-0.298585,-0.268590,-0.212016,-0.097864,-0.080308,-1.118085,1.314339
24.499992,-0.448608,-1.693685,-0.482254,-1.007404,-1.166147,-1.154310,0.604028,-0.652457,-1.237420,-0.861339,0.060359,-0.665884,-0.467914,0.170005,-0.703204,-0.039927,0.052095,-1.761197,1.382966,2.198799,1.603919,-0.300457,-0.266812,-0.209618,-0.095402,-0.083071,-1.115912,1.316944
24.501060,-0.450992,-1.692365,-0.484755,-1.005970,-1.168095,-1.150857,0.603189,-0.652457,-1.237420,-0.861339,0.060359,-0.665884,-0.467914,0.170005,-0.703204,-0.039927,0.052095,-1.761197,1.382966,2.198799,1.603919,-0.300457,-0.266812,-0.209618,-0.095402,-0.083071,-1.115912,1.316944
24.502049,-0.458261,-1.695795,-0.481771,-1.007228,-1.169556,-1.146851,0.603195,-0.684139,-1.192884,-0.894217,0.040135,-0.665573,-0.466946,0.170155,-0.703500,-0.040196,0.051888,-1.761296,1.382885,2.197684,1.605251,-0.298699,-0.267554,-0.208017,-0.096617,-0.081768,-1.120258,1.319331
24.503039,-0.455643,-1.695917,-0.480418,-1.008068,-1.171125,-1.146953,0.604183,-0.714709,-1.152617,-0.926121,0.021686,-0.665221,-0.466428,0.170267,-0.703782,-0.040456,0.051676,-1.761385,1.382805,2.196546,1.606557,-0.294457,-0.265740,-0.208989,-0.095160,-0.080896,-1.124409,1.319661
24.503969,-0.455115,-1.691932,-0.475996,-1.006857,-1.171044,-1.149080,0.605451,-0.747112,-1.118366,-0.960103,0.005833,-0.664759,-0.465941,0.170321,-0.704079,-0.040723,0.051468,-1.761477,1.382728,2.195429,1.607873,-0.295052,-0.265547,-0.209153,-0.094079,-0.079933,-1.124543,1.317991
24.505060,-0.451169,-1.690877,-0.477303,-1.004736,-1.167966,-1.149104,0.605208,-0.777219,-1.088151,-0.991775,-0.008639,-0.664375,-0.465933,0.170322,-0.704378,-0.040995,0.051254,-1.761572,1.382645,2.194300,1.609176,-0.294354,-0.267167,-0.210686,-0.094896,-0.080490,-1.122172,1.315489
24.505962,-0.447991,-1.692634,-0.473715,-1.004188,-1.169887,-1.145673,0.605260,-0.800386,-1.058865,-1.016222,-0.022558,-0.664226,-0.466920,0.170342,-0.704675,-0.041260,0.051046,-1.761671,1.382556,2.193162,1.610504,-0.295864,-0.267859,-0.209719,-0.096805,-0.084233,-1.123041,1.316862
24.506975,-0.452317,-1.691331,-0.468572,-1.005015,-1.171755,-1.139442,0.607764,-0.814503,-1.032465,-1.031301,-0.034151,-0.664284,-0.469056,0.170438,-0.704972,-0.041528,0.050834,-1.761769,1.382478,2.192029,1.611813,-0.296437,-0.266530,-0.210803,-0.096773,-0.082736,-1.126062,1.316603
24.508081,-0.447358,-1.694801,-0.466821,-1.009605,-1.172586,-1.135212,0.610253,-0.819784,-1.011305,-1.037367,-0.042372,-0.664448,-0.472170,0.170585,-0.705263,-0.041797,0.050613,-1.761863,1.382401,2.190873,1.613123,-0.293612,-0.267090,-0.212773,-0.095712,-0.081516,-1.132530,1.312027
24.508961,-0.437908,-1.699069,-0.469094,-1.011108,-1.171671,-1.133811,0.610554,-0.817604,-0.992643,-1.035880,-0.049791,-0.664685,-0.475910,0.170739,-0.705560,-0.042057,0.050399,-1.761945,1.382317,2.189712,1.614436,-0.295715,-0.265631,-0.213303,-0.091303,-0.081394,-1.137578,1.308054
24.509960,-0.431280,-1.698638,-0.467138,-1.010836,-1.173300,-1.137526,0.609383,-0.806949,-0.975881,-1.025722,-0.058345,-0.665067,-0.480101,0.170914,-0.705865,-0.042316,0.050189,-1.762032,1.382233,2.188582,1.615754,-0.299284,-0.263085,-0.211390,-0.089490,-0.082708,-1.138355,1.307178
24.511132,-0.436106,-1.697901,-0.465002,-1.010299,-1.174518,-1.143525,0.609869,-0.785176,-0.964432,-1.004136,-0.066813,-0.665687,-0.484737,0.171177,-0.706169,-0.042577,0.049980,-1.762121,1.382152,2.187450,1.617060,-0.301763,-0.263281,-0.211903,-0.089639,-0.081634,-1.134852,1.309978
24.512141,-0.441214,-1.699706,-0.461858,-1.008481,-1.176102,-1.144207,0.612092,-0.752548,-0.957844,-0.971481,-0.074519,-0.666580,-0.489674,0.171553,-0.706464,-0.042842,0.049765,-1.762214,1.382070,2.186342,1.618353,-0.299074,-0.264088,-0.212757,-0.090286,-0.081241,-1.130453,1.310429
24.512967,-0.442967,-1.696290,-0.457971,-1.008305,-1.176499,-1.145460,0.612037,-0.715065,-0.954998,-0.934064,-0.080710,-0.667643,-0.494284,0.171965,-0.706755,-0.043108,0.049547,-1.762308,1.381993,2.185217,1.619652,-0.295876,-0.263091,-0.213749,-0.091856,-0.080289,-1.130175,1.306441
24.513954,-0.429537,-1.694828,-0.462272,-1.006818,-1.174366,-1.145638,0.612357,-0.679449,-0.956202,-0.898787,-0.084345,-0.668776,-0.497922,0.172332,-0.707043,-0.043372,0.049332,-1.762400,1.381913,2.184088,1.620970,-0.293896,-0.264201,-0.214778,-0.091447,-0.080248,-1.127956,1.305979
24.514939,-0.429778,-1.696333,-0.455857,-1.004010,-1.170432,-1.154600,0.611897,-0.646059,-0.958701,-0.865773,-0.086607,-0.670094,-0.500712,0.172661,-0.707354,-0.043638,0.049125,-1.762496,1.381823,2.182971,1.622266,-0.299745,-0.264765,-0.212097,-0.092599,-0.082879,-1.128054,1.305726
24.515955,-0.436916,-1.695553,-0.456126,-1.007274,-1.169267,-1.159239,0.609833,-0.609968,-0.962943,-0.829805,-0.086956,-0.671753,-0.503297,0.173009,-0.707651,-0.043900,0.048906,-1.762596,1.381730,2.181865,1.623582,-0.298787,-0.263899,-0.214714,-0.094995,-0.087278,-1.119315,1.306967
24.517004,-0.442500,-1.698961,-0.460605,-1.007092,-1.173228,-1.161609,0.610926,-0.571127,-0.970372,-0.790987,-0.084806,-0.673667,-0.505782,0.173403,-0.707939,-0.044165,0.048691,-1.762681,1.381639,2.180768,1.624909,-0.294575,-0.264229,-0.213997,-0.091623,-0.088905,-1.115179,1.311415
24.517934,-0.442957,-1.704119,-0.453511,-1.007286,-1.174425,-1.160350,0.611066,-0.520671,-0.991008,-0.741737,-0.078592,-0.676904,-0.507174,0.174120,-0.708512,-0.044679,0.048268,-1.762863,1.381477,2.178523,1.627516,-0.290204,-0.259724,-0.214181,-0.091181,-0.084800,-1.114110,1.309073
24.518971,-0.435911,-1.696268,-0.454607,-1.006744,-1.172193,-1.158682,0.610323,-0.520671,-0.991008,-0.741737,-0.078592,-0.676904,-0.507174,0.174120,-0.708512,-0.044679,0.048268,-1.762863,1.381477,2.178523,1.627516,-0.290204,-0.259724,-0.214181,-0.091181,-0.084800,-1.114110,1.309073
24.519989,-0.427633,-1.695606,-0.450481,-1.004966,-1.171450,-1.153764,0.608087,-0.509932,-1.008896,-0.731999,-0.072801,-0.678051,-0.506173,0.174391,-0.708812,-0.044951,0.048056,-1.762956,1.381387,2.177411,1.628819,-0.293044,-0.263596,-0.213094,-0.091528,-0.087581,-1.116168,1.310927
24.520945,-0.428160,-1.693690,-0.448532,-1.003777,-1.172848,-1.149401,0.607259,-0.498096,-1.024424,-0.720883,-0.068585,-0.679197,-0.505361,0.174690,-0.709116,-0.045213,0.047836,-1.763054,1.381300,2.176275,1.630151,-0.296371,-0.263823,-0.214566,-0.092969,-0.088817,-1.121224,1.315544
24.521985,-0.437416,-1.692636,-0.443973,-1.001554,-1.175932,-1.147094,0.608313,-0.460802,-1.042854,-0.684217,-0.065089,-0.681612,-0.505279,0.175418,-0.709688,-0.045746,0.047403,-1.763246,1.381136,2.174016,1.632791,-0.290067,-0.264952,-0.216571,-0.095696,-0.085381,-1.127887,1.315162
24.523049,-0.437855,-1.696374,-0.442007,-1.004177,-1.173980,-1.144184,0.609627,-0.460802,-1.042854,-0.684217,-0.065089,-0.681612,-0.505279,0.175418,-0.709688,-0.045746,0.047403,-1.763246,1.381136,2.174016,1.632791,-0.290067,-0.264952,-0.216571,-0.095696,-0.085381,-1.127887,1.315162
24.524042,-0.428227,-1.697380,-0.441471,-1.002825,-1.173028,-1.145800,0.608845,-0.446008,-1.050006,-0.669919,-0.063008,-0.682618,-0.504655,0.175712,-0.709973,-0.046003,0.047185,-1.763333,1.381040,2.172873,1.634107,-0.289420,-0.263194,-0.217023,-0.093028,-0.087867,-1.131178,1.312959
24.524953,-0.414953,-1.698585,-0.444341,-1.003503,-1.170849,-1.142904,0.607623,-0.434502,-1.059261,-0.658967,-0.059856,-0.683605,-0.503536,0.175951,-0.710275,-0.046265,0.046968,-1.763431,1.380949,2.171756,1.635415,-0.293423,-0.262565,-0.216651,-0.094036,-0.089259,-1.129570,1.314654
24.526003,-0.422235,-1.701257,-0.437993,-1.004331,-1.171860,-1.144627,0.607748,-0.418737,-1.072955,-0.643419,-0.055082,-0.684836,-0.502832,0.176189,-0.710586,-0.046525,0.046757,-1.763523,1.380852,2.170620,1.636734,-0.298866,-0.261589,-0.214470,-0.092905,-0.091715,-1.131876,1.316700
24.526994,-0.429981,-1.705866,-0.436040,-1.003196,-1.173508,-1.143875,0.610580,-0.395705,-1.091462,-0.620275,-0.048804,-0.686388,-0.502963,0.176416,-0.710871,-0.046780,0.046535,-1.763614,1.380757,2.169483,1.638061,-0.294621,-0.260366,-0.217101,-0.091977,-0.091155,-1.130434,1.316745
24.527950,-0.428609,-1.706625,-0.431218,-1.001137,-1.173340,-1.147456,0.612490,-0.371456,-1.116343,-0.596038,-0.040102,-0.688024,-0.503281,0.176534,-0.711153,-0.047033,0.046317,-1.763708,1.380670,2.168363,1.639346,-0.290112,-0.258004,-0.217396,-0.092816,-0.089977,-1.131226,1.311192
24.529012,-0.422395,-1.707444,-0.432148,-1.003179,-1.170814,-1.153316,0.609416,-0.351714,-1.150919,-0.576645,-0.026381,-0.689499,-0.503142,0.176466,-0.711441,-0.047285,0.046096,-1.763806,1.380578,2.167238,1.640648,-0.290039,-0.257514,-0.219066,-0.094404,-0.090550,-1.127351,1.307302
24.530023,-0.417350,-1.706929,-0.425833,-1.000482,-1.169347,-1.160589,0.608506,-0.333687,-1.193002,-0.558996,-0.008367,-0.690898,-0.502954,0.176259,-0.711740,-0.047542,0.045879,-1.763895,1.380477,2.166134,1.641956,-0.292537,-0.257231,-0.218068,-0.092286,-0.093533,-1.122080,1.314011
24.530937,-0.421171,-1.704821,-0.424021,-1.003413,-1.168524,-1.159790,0.609440,-0.310234,-1.236512,-0.535576,0.010689,-0.692466,-0.503686,0.176013,-0.712039,-0.047802,0.045652,-1.763995,1.380378,2.165024,1.643275,-0.294274,-0.257434,-0.220537,-0.094623,-0.095372,-1.115003,1.315921
24.532098,-0.426428,-1.707543,-0.423212,-1.002263,-1.172291,-1.161097,0.611331,-0.278846,-1.275635,-0.503886,0.027888,-0.694265,-0.505753,0.175729,-0.712322,-0.048061,0.045433,-1.764080,1.380278,2.163901,1.644589,-0.291454,-0.258149,-0.220603,-0.091393,-0.096435,-1.115345,1.313648
24.533020,-0.425876,-1.707977,-0.418037,-1.004074,-1.171626,-1.162441,0.611989,-0.246189,-1.305890,-0.470931,0.040947,-0.696079,-0.508463,0.175358,-0.712610,-0.048314,0.045214,-1.764175,1.380189,2.162793,1.645881,-0.288600,-0.257252,-0.220675,-0.092587,-0.093316,-1.115290,1.310913
24.533950,-0.418928,-1.709767,-0.417694,-1.003174,-1.168209,-1.165956,0.613140,-0.218181,-1.327725,-0.442771,0.050096,-0.697722,-0.511115,0.174909,-0.712893,-0.048567,0.044988,-1.764262,1.380093,2.161682,1.647187,-0.288057,-0.256783,-0.222384,-0.090460,-0.094316,-1.113524,1.309320
24.535057,-0.415433,-1.709169,-0.415957,-1.003950,-1.165791,-1.168474,0.611369,-0.192356,-1.343954,-0.416728,0.056613,-0.699268,-0.513961,0.174465,-0.713187,-0.048821,0.044771,-1.764355,1.379988,2.160593,1.648502,-0.290610,-0.255655,-0.221771,-0.090991,-0.097982,-1.109782,1.306728
24.536090,-0.419635,-1.707918,-0.411977,-1.001650,-1.166789,-1.161485,0.612852,-0.164141,-1.356163,-0.388025,0.061252,-0.700826,-0.517578,0.174144,-0.713485,-0.049079,0.044545,-1.764441,1.379883,2.159483,1.649815,-0.291841,-0.256221,-0.222132,-0.090299,-0.100853,-1.108149,1.311017
24.536977,-0.418210,-1.705881,-0.404639,-1.002343,-1.165966,-1.156015,0.614668,-0.103609,-1.365360,-0.326276,0.065668,-0.703634,-0.526897,0.174008,-0.714056,-0.049593,0.044088,-1.764626,1.379678,2.157226,1.652416,-0.288915,-0.257497,-0.226125,-0.091253,-0.101220,-1.120186,1.304212
24.538106,-0.419085,-1.709689,-0.404208,-1.003939,-1.166350,-1.155073,0.617469,-0.103609,-1.365360,-0.326276,0.065668,-0.703634,-0.526897,0.174008,-0.714056,-0.049593,0.044088,-1.764626,1.379678,2.157226,1.652416,-0.288915,-0.257497,-0.226125,-0.091253,-0.101220,-1.120186,1.304212
24.539036,-0.410202,-1.708869,-0.405518,-1.004284,-1.165275,-1.157646,0.616226,-0.075072,-1.360645,-0.297286,0.064820,-0.704675,-0.532058,0.174058,-0.714347,-0.049843,0.043860,-1.764715,1.379575,2.156101,1.653715,-0.288114,-0.255993,-0.225811,-0.089735,-0.101333,-1.122028,1.299451
24.539994,-0.405663,-1.709109,-0.399849,-1.003573,-1.164024,-1.153044,0.616189,-0.047926,-1.351189,-0.269664,0.061580,-0.705449,-0.537512,0.174147,-0.714643,-0.050100,0.043638,-1.764804,1.379470,2.154991,1.655031,-0.291629,-0.256145,-0.224311,-0.089089,-0.102633,-1.119074,1.301730
24.541011,-0.410622,-1.715352,-0.394425,-1.002621,-1.165842,-1.148585,0.618607,-0.019316,-1.338722,-0.240425,0.056509,-0.705991,-0.543620,0.174302,-0.714939,-0.050359,0.043407,-1.764895,1.379365,2.153854,1.656323,-0.292987,-0.255818,-0.226308,-0.089502,-0.104145,-1.123439,1.301744
24.542008,-0.409038,-1.710885,-0.390089,-1.005941,-1.167487,-1.141832,0.619008,0.012600,-1.328534,-0.207808,0.052604,-0.706254,-0.550516,0.174493,-0.715219,-0.050604,0.043178,-1.764986,1.379267,2.152697,1.657618,-0.289924,-0.252801,-0.228279,-0.090281,-0.102703,-1.127870,1.297123
24.543028,-0.407271,-1.713077,-0.388034,-1.008051,-1.168362,-1.137706,0.619703,0.045061,-1.322669,-0.174747,0.050791,-0.706163,-0.557711,0.174676,-0.715510,-0.050862,0.042943,-1.765066,1.379167,2.151551,1.658898,-0.290022,-0.255000,-0.229599,-0.086969,-0.101418,-1.134555,1.296583
24.544112,-0.404740,-1.716712,-0.383882,-1.007527,-1.167480,-1.140279,0.619246,0.075904,-1.313319,-0.143349,0.046104,-0.705864,-0.564728,0.174867,-0.715805,-0.051116,0.042712,-1.765145,1.379066,2.150398,1.660200,-0.290204,-0.253914,-0.229856,-0.084978,-0.100926,-1.138667,1.295442
24.545003,-0.405721,-1.712025,-0.381726,-1.007823,-1.167859,-1.141000,0.615963,0.105976,-1.299135,-0.112655,0.037311,-0.705558,-0.571280,0.175129,-0.716096,-0.051365,0.042479,-1.765234,1.378961,2.149255,1.661505,-0.290986,-0.252381,-0.231294,-0.085520,-0.102256,-1.136544,1.296966
24.546006,-0.409713,-1.714778,-0.384068,-1.008150,-1.168114,-1.144867,0.613996,0.136129,-1.283297,-0.081849,0.026504,-0.705366,-0.577098,0.175533,-0.716381,-0.051623,0.042246,-1.765318,1.378859,2.148132,1.662808,-0.289531,-0.254363,-0.231331,-0.084938,-0.102053,-1.135155,1.303142
24.547016,-0.416381,-1.722893,-0.384403,-1.006989,-1.170043,-1.145379,0.614999,0.162092,-1.263986,-0.055452,0.013356,-0.705271,-0.581559,0.176088,-0.716661,-0.051870,0.042021,-1.765402,1.378757,2.147006,1.664123,-0.286952,-0.253017,-0.229426,-0.084582,-0.102154,-1.131328,1.307168
24.547997,-0.414956,-1.722339,-0.382475,-1.010257,-1.168878,-1.148139,0.612746,0.175913,-1.247043,-0.041799,0.001382,-0.705061,-0.583726,0.176688,-0.716938,-0.052113,0.041794,-1.765490,1.378657,2.145891,1.665434,-0.283080,-0.249076,-0.228539,-0.085635,-0.100575,-1.131027,1.305263
24.549088,-0.409413,-1.724557,-0.378909,-1.008853,-1.165734,-1.147463,0.614489,0.174770,-1.239794,-0.043806,-0.005610,-0.704674,-0.583357,0.177208,-0.717222,-0.052364,0.041563,-1.765564,1.378552,2.144766,1.666737,-0.283145,-0.249350,-0.228685,-0.082479,-0.102061,-1.128163,1.309878
24.550112,-0.413334,-1.725937,-0.384095,-1.011054,-1.164389,-1.153795,0.613134,0.165475,-1.239329,-0.054249,-0.009380,-0.704391,-0.581426,0.177611,-0.717513,-0.052609,0.041333,-1.765650,1.378436,2.143632,1.668068,-0.285484,-0.248582,-0.229870,-0.084013,-0.105550,-1.129497,1.306836
24.550986,-0.412694,-1.729978,-0.380285,-1.010583,-1.163987,-1.154581,0.614772,0.153621,-1.241948,-0.067216,-0.011603,-0.704370,-0.578723,0.177953,-0.717792,-0.052856,0.041112,-1.765726,1.378324,2.142527,1.669360,-0.282961,-0.248025,-0.226613,-0.081951,-0.107148,-1.123424,1.309921
24.552085,-0.417335,-1.730193,-0.375435,-1.013568,-1.164576,-1.159434,0.615073,0.137498,-1.247743,-0.084554,-0.012053,-0.704436,-0.575169,0.178292,-0.718069,-0.053097,0.040880,-1.765807,1.378218,2.141408,1.670664,-0.282407,-0.245748,-0.227502,-0.082239,-0.107667,-1.121910,1.306038
24.552985,-0.413156,-1.726504,-0.380028,-1.013172,-1.165615,-1.158972,0.616618,0.117839,-1.256380,-0.105611,-0.011120,-0.704462,-0.570998,0.178600,-0.718344,-0.053345,0.040651,-1.765880,1.378112,2.140306,1.671987,-0.279819,-0.246006,-0.229363,-0.079612,-0.107508,-1.117894,1.306069
24.553928,-0.405046,-1.728193,-0.378109,-1.015321,-1.163484,-1.158231,0.614042,0.096544,-1.262063,-0.128340,-0.011873,-0.704434,-0.566634,0.178835,-0.718628,-0.053597,0.040431,-1.765960,1.378005,2.139182,1.673278,-0.281037,-0.247560,-0.226154,-0.079890,-0.106620,-1.117775,1.302602
24.555016,-0.400982,-1.722814,-0.379242,-1.013103,-1.164821,-1.154334,0.612057,0.075182,-1.259369,-0.150927,-0.016957,-0.704360,-0.562428,0.179038,-0.718916,-0.053841,0.040209,-1.766032,1.377890,2.138049,1.674606,-0.284278,-0.246622,-0.226348,-0.077843,-0.108925,-1.118137,1.307577
24.556023,-0.407858,-1.722401,-0.376204,-1.014535,-1.165798,-1.149308,0.612328,0.043714,-1.224903,-0.183651,-0.039708,-0.704174,-0.555877,0.179578,-0.719482,-0.054341,0.039756,-1.766193,1.377677,2.135786,1.677235,-0.281821,-0.249862,-0.226016,-0.078893,-0.107298,-1.127767,1.311653
24.557002,-0.413678,-1.726746,-0.373836,-1.014560,-1.169828,-1.144618,0.612929,0.043714,-1.224903,-0.183651,-0.039708,-0.704174,-0.555877,0.179578,-0.719482,-0.054341,0.039756,-1.766193,1.377677,2.135786,1.677235,-0.281821,-0.249862,-0.226016,-0.078893,-0.107298,-1.127767,1.311653
24.558017,-0.409053,-1.721276,-0.372870,-1.016160,-1.169371,-1.139513,0.614878,0.025837,-1.195186,-0.202105,-0.055128,-0.703834,-0.552493,0.179801,-0.719749,-0.054586,0.039532,-1.766273,1.377581,2.134638,1.678552,-0.278423,-0.247687,-0.226438,-0.078896,-0.103609,-1.132228,1.310420
24.558936,-0.402695,-1.721326,-0.374992,-1.015501,-1.166286,-1.141300,0.613255,0.001630,-1.162356,-0.227049,-0.070974,-0.703302,-0.548330,0.179870,-0.720034,-0.054842,0.039306,-1.766349,1.377476,2.133500,1.679842,-0.280187,-0.250467,-0.226215,-0.077447,-0.104443,-1.137412,1.306773
24.560002,-0.399377,-1.727033,-0.376602,-1.014764,-1.164589,-1.141260,0.611958,-0.025016,-1.124514,-0.254208,-0.088599,-0.702852,-0.543787,0.179791,-0.720318,-0.055091,0.039090,-1.766430,1.377359,2.132366,1.681161,-0.282521,-0.250207,-0.224367,-0.077996,-0.107638,-1.134994,1.309728
24.561002,-0.409890,-1.724507,-0.371731,-1.015090,-1.166677,-1.143354,0.610892,-0.050018,-1.086666,-0.279376,-0.105520,-0.702608,-0.539290,0.179631,-0.720605,-0.055336,0.038869,-1.766509,1.377247,2.131242,1.682470,-0.283676,-0.247616,-0.223026,-0.078929,-0.109654,-1.135565,1.312797
24.561943,-0.414445,-1.725624,-0.374928,-1.012657,-1.171192,-1.140688,0.612822,-0.074315,-1.056645,-0.303809,-0.117756,-0.702449,-0.534733,0.179420,-0.720874,-0.055589,0.038641,-1.766587,1.377143,2.130107,1.683789,-0.277897,-0.248906,-0.224730,-0.078700,-0.107855,-1.133436,1.315003
24.563065,-0.410670,-1.724966,-0.369779,-1.013595,-1.169228,-1.146258,0.609779,-0.104115,-1.034405,-0.334063,-0.125275,-0.702166,-0.529503,0.179138,-0.721143,-0.055835,0.038428,-1.766673,1.377047,2.128961,1.685100,-0.275031,-0.248216,-0.222391,-0.080946,-0.103636,-1.135666,1.310872
24.564098,-0.407977,-1.721427,-0.372609,-1.012818,-1.167850,-1.149689,0.610998,-0.140767,-1.018588,-0.371420,-0.128857,-0.701725,-0.523546,0.178800,-0.721423,-0.056087,0.038200,-1.766752,1.376934,2.127844,1.686413,-0.276726,-0.248926,-0.224494,-0.080278,-0.106065,-1.130955,1.317820
24.564992,-0.400729,-1.717084,-0.376098,-1.011588,-1.169030,-1.154794,0.610310,-0.177163,-1.005272,-0.408306,-0.131145,-0.701364,-0.517815,0.178467,-0.721703,-0.056341,0.037982,-1.766835,1.376827,2.126723,1.687730,-0.277563,-0.250790,-0.222468,-0.081106,-0.107769,-1.127833,1.315557
24.565995,-0.394934,-1.717501,-0.371123,-1.011184,-1.169484,-1.154020,0.612024,-0.208972,-0.988300,-0.440087,-0.135629,-0.701211,-0.512986,0.178181,-0.721986,-0.056597,0.037767,-1.766918,1.376722,2.125616,1.689059,-0.280292,-0.252585,-0.219911,-0.082099,-0.106728,-1.122144,1.316435
24.566980,-0.402113,-1.718504,-0.367064,-1.012377,-1.171389,-1.157444,0.613833,-0.233218,-0.966441,-0.463735,-0.143009,-0.701261,-0.509528,0.177935,-0.722273,-0.056852,0.037539,-1.767002,1.376619,2.124487,1.690361,-0.282527,-0.252338,-0.221687,-0.082476,-0.106616,-1.123029,1.313129
24.568078,-0.400066,-1.713741,-0.370294,-1.013608,-1.173178,-1.158480,0.615285,-0.247428,-0.942999,-0.476922,-0.152155,-0.701477,-0.507738,0.177698,-0.722539,-0.057099,0.037315,-1.767080,1.376516,2.123357,1.691671,-0.278415,-0.251846,-0.222970,-0.081330,-0.105013,-1.119485,1.309548
24.569024,-0.387951,-1.715617,-0.369793,-1.012614,-1.170603,-1.157461,0.615021,-0.255916,-0.917268,-0.484224,-0.164185,-0.701734,-0.507117,0.177481,-0.722821,-0.057360,0.037098,-1.767159,1.376416,2.122248,1.692964,-0.279150,-0.254446,-0.220887,-0.080345,-0.103720,-1.119293,1.307363
24.570085,-0.388262,-1.713470,-0.373947,-1.012255,-1.171022,-1.158046,0.614261,-0.260679,-0.887150,-0.487599,-0.180456,-0.702003,-0.507422,0.177339,-0.723119,-0.057608,0.036877,-1.767243,1.376308,2.121125,1.694279,-0.284311,-0.253361,-0.220378,-0.081220,-0.106545,-1.120010,1.307724
24.571016,-0.386953,-1.709436,-0.363851,-1.014415,-1.172615,-1.150530,0.615075,-0.255023,-0.824516,-0.478505,-0.219121,-0.702427,-0.511167,0.177436,-0.723683,-0.058127,0.036433,-1.767401,1.376104,2.118877,1.696890,-0.283511,-0.256272,-0.222012,-0.079506,-0.105163,-1.127062,1.307819
24.571996,-0.386841,-1.711562,-0.363015,-1.013155,-1.172318,-1.147870,0.616845,-0.255023,-0.824516,-0.478505,-0.219121,-0.702427,-0.511167,0.177436,-0.723683,-0.058127,0.036433,-1.767401,1.376104,2.118877,1.696890,-0.283511,-0.256272,-0.222012,-0.079506,-0.105163,-1.127062,1.307819
24.572971,-0.379931,-1.715736,-0.362803,-1.013582,-1.172161,-1.143272,0.616777,-0.245966,-0.789867,-0.467675,-0.242647,-0.702576,-0.514455,0.177613,-0.723966,-0.058378,0.036214,-1.767483,1.375998,2.117734,1.698189,-0.282894,-0.255134,-0.221693,-0.080765,-0.105751,-1.129485,1.304311
24.574003,-0.376068,-1.714427,-0.365126,-1.014712,-1.171675,-1.146287,0.616003,-0.233072,-0.760123,-0.452972,-0.265160,-0.702659,-0.518497,0.177843,-0.724259,-0.058628,0.035994,-1.767564,1.375893,2.116607,1.699486,-0.285567,-0.252987,-0.221081,-0.080286,-0.106190,-1.133970,1.304520
24.574947,-0.377464,-1.713718,-0.361806,-1.014232,-1.169876,-1.140515,0.615953,-0.217198,-0.741183,-0.435191,-0.283584,-0.702649,-0.523085,0.178178,-0.724551,-0.058884,0.035775,-1.767642,1.375783,2.115476,1.700800,-0.286846,-0.253720,-0.219326,-0.079321,-0.106986,-1.131115,1.306358
24.576106,-0.377143,-1.715263,-0.362913,-1.014277,-1.173643,-1.141872,0.614477,-0.200059,-0.730029,-0.416135,-0.299349,-0.702553,-0.528033,0.178655,-0.724832,-0.059137,0.035553,-1.767723,1.375671,2.114323,1.702117,-0.285364,-0.253880,-0.220212,-0.079728,-0.108961,-1.136470,1.306222
24.576997,-0.376837,-1.722059,-0.362064,-1.012987,-1.173144,-1.134842,0.615107,-0.184607,-0.724045,-0.398970,-0.313144,-0.702265,-0.532996,0.179257,-0.725119,-0.059390,0.035337,-1.767804,1.375573,2.113192,1.703422,-0.285322,-0.253576,-0.219346,-0.080006,-0.105743,-1.136145,1.310197
24.577916,-0.376098,-1.720602,-0.358192,-1.014242,-1.173078,-1.133937,0.613498,-0.172958,-0.727770,-0.385978,-0.321976,-0.701626,-0.537627,0.179928,-0.725398,-0.059630,0.035122,-1.767886,1.375468,2.112033,1.704731,-0.284589,-0.249956,-0.218951,-0.081092,-0.106439,-1.142349,1.308421
24.578954,-0.374846,-1.726656,-0.365995,-1.014382,-1.172475,-1.134461,0.614204,-0.165561,-0.745777,-0.377644,-0.323267,-0.700599,-0.541672,0.180616,-0.725687,-0.059880,0.034898,-1.767964,1.375360,2.110891,1.706032,-0.284046,-0.250502,-0.220036,-0.079754,-0.106672,-1.142597,1.311408
24.580012,-0.371667,-1.729887,-0.364810,-1.012754,-1.173444,-1.142776,0.612044,-0.163216,-0.776156,-0.374750,-0.318188,-0.699261,-0.544809,0.181311,-0.725973,-0.060123,0.034688,-1.768041,1.375254,2.109745,1.707347,-0.284127,-0.247673,-0.215613,-0.079801,-0.107640,-1.142244,1.310250
24.580954,-0.380293,-1.722226,-0.366214,-1.012781,-1.174245,-1.144039,0.611546,-0.166594,-0.819020,-0.378012,-0.306556,-0.697633,-0.546718,0.182045,-0.726257,-0.060364,0.034473,-1.768126,1.375149,2.108608,1.708684,-0.285256,-0.246371,-0.215766,-0.081491,-0.107042,-1.134229,1.314946
24.582015,-0.385109,-1.726675,-0.369951,-1.011984,-1.175209,-1.146628,0.613436,-0.175885,-0.869586,-0.387682,-0.290169,-0.695776,-0.547274,0.182812,-0.726531,-0.060622,0.034261,-1.768208,1.375041,2.107488,1.710015,-0.280203,-0.250011,-0.214360,-0.081337,-0.106451,-1.132713,1.315623
24.582961,-0.378380,-1.729541,-0.369698,-1.009693,-1.174922,-1.146521,0.613549,-0.196241,-0.917175,-0.409106,-0.273872,-0.693715,-0.545936,0.183530,-0.726802,-0.060864,0.034050,-1.768291,1.374937,2.106358,1.711318,-0.277510,-0.248031,-0.212058,-0.082246,-0.105884,-1.130551,1.312268
24.584063,-0.377369,-1.727808,-0.373219,-1.010182,-1.173615,-1.146765,0.615031,-0.228942,-0.963323,-0.443548,-0.256405,-0.691464,-0.542573,0.184111,-0.727088,-0.061109,0.033841,-1.768380,1.374828,2.105242,1.712635,-0.280132,-0.246522,-0.211559,-0.084258,-0.106383,-1.130414,1.311875
24.584974,-0.373285,-1.732047,-0.377458,-1.011564,-1.172828,-1.153965,0.613654,-0.267367,-1.011802,-0.483955,-0.235602,-0.689222,-0.537948,0.184534,-0.727371,-0.061359,0.033636,-1.768463,1.374711,2.104110,1.713931,-0.280271,-0.247754,-0.209501,-0.083923,-0.108034,-1.130882,1.309608
24.585970,-0.377558,-1.731081,-0.375829,-1.009253,-1.173841,-1.151493,0.613867,-0.307657,-1.058978,-0.526175,-0.213889,-0.687177,-0.532603,0.184845,-0.727652,-0.061599,0.033436,-1.768543,1.374599,2.102997,1.715248,-0.281478,-0.245468,-0.206779,-0.082414,-0.108932,-1.123112,1.312022
24.586984,-0.382649,-1.732564,-0.379694,-1.009844,-1.173503,-1.153850,0.616315,-0.349451,-1.103710,-0.569914,-0.192418,-0.685316,-0.526676,0.185097,-0.727926,-0.061847,0.033228,-1.768633,1.374493,2.101880,1.716544,-0.278778,-0.246015,-0.207103,-0.084556,-0.108204,-1.125757,1.311717
24.588077,-0.380943,-1.730058,-0.378907,-1.011193,-1.174494,-1.153716,0.618232,-0.395397,-1.146005,-0.618048,-0.170924,-0.683475,-0.519924,0.185276,-0.728199,-0.062089,0.033027,-1.768716,1.374383,2.100758,1.717839,-0.275767,-0.245436,-0.204734,-0.083942,-0.108830,-1.123516,1.307028
24.588993,-0.369940,-1.726644,-0.382988,-1.008753,-1.170969,-1.155029,0.615220,-0.447462,-1.181521,-0.672545,-0.151837,-0.681616,-0.512280,0.185341,-0.728474,-0.062337,0.032825,-1.768796,1.374272,2.099646,1.719147,-0.276395,-0.247037,-0.204891,-0.082806,-0.108213,-1.124442,1.303828
24.589970,-0.373157,-1.721484,-0.383324,-1.007830,-1.170764,-1.149103,0.616825,-0.500165,-1.204743,-0.727493,-0.138360,-0.679951,-0.504582,0.185331,-0.728763,-0.062588,0.032628,-1.768888,1.374153,2.098518,1.720474,-0.281006,-0.248501,-0.202275,-0.084879,-0.111838,-1.122559,1.309536
24.591121,-0.378126,-1.721148,-0.390351,-1.007240,-1.173534,-1.152123,0.616539,-0.548604,-1.212800,-0.777701,-0.131427,-0.678587,-0.497488,0.185309,-0.729035,-0.062842,0.032432,-1.768975,1.374041,2.097369,1.721764,-0.278779,-0.250994,-0.201702,-0.085629,-0.112214,-1.128316,1.306312
24.591989,-0.382119,-1.723470,-0.387913,-1.006625,-1.175011,-1.146256,0.616991,-0.597293,-1.205054,-0.828004,-0.130819,-0.677336,-0.490496,0.185279,-0.729306,-0.063096,0.032240,-1.769062,1.373934,2.096248,1.723074,-0.276233,-0.251572,-0.198137,-0.086389,-0.109919,-1.126318,1.307857
24.592940,-0.383600,-1.723471,-0.387034,-1.008311,-1.173527,-1.144753,0.616589,-0.652559,-1.186362,-0.885212,-0.134176,-0.675947,-0.482856,0.185226,-0.729574,-0.063345,0.032042,-1.769151,1.373830,2.095106,1.724361,-0.273430,-0.250028,-0.198733,-0.086575,-0.108589,-1.131298,1.306420
24.594048,-0.379019,-1.727408,-0.390008,-1.008771,-1.170608,-1.143007,0.618257,-0.714061,-1.163815,-0.949041,-0.138671,-0.674404,-0.474545,0.185140,-0.729843,-0.063593,0.031847,-1.769232,1.373716,2.093957,1.725668,-0.272118,-0.249944,-0.198713,-0.084786,-0.110263,-1.132339,1.307114
24.594938,-0.369836,-1.727328,-0.393764,-1.007955,-1.170639,-1.143259,0.616754,-0.776827,-1.140999,-1.014168,-0.143519,-0.672892,-0.466095,0.185026,-0.730121,-0.063839,0.031654,-1.769315,1.373592,2.092826,1.726953,-0.274187,-0.248360,-0.197081,-0.084528,-0.113468,-1.134853,1.304538
24.595920,-0.378507,-1.727167,-0.390954,-1.007078,-1.171633,-1.145732,0.619221,-0.834557,-1.121290,-1.073924,-0.147453,-0.671560,-0.458202,0.184919,-0.730401,-0.064085,0.031466,-1.769401,1.373481,2.091689,1.728268,-0.277905,-0.248158,-0.194707,-0.085030,-0.113502,-1.133792,1.307104
24.596931,-0.385707,-1.725817,-0.387531,-1.006266,-1.171410,-1.144773,0.621617,-0.884228,-1.106289,-1.125283,-0.149476,-0.670418,-0.451242,0.184843,-0.730664,-0.064334,0.031269,-1.769490,1.373368,2.090572,1.729553,-0.273044,-0.248221,-0.195718,-0.085716,-0.112711,-1.131278,1.302209
24.598007,-0.380404,-1.725092,-0.386654,-1.005034,-1.171667,-1.148388,0.624407,-0.928965,-1.094054,-1.171685,-0.150170,-0.669344,-0.444940,0.184780,-0.730926,-0.064587,0.031069,-1.769579,1.373256,2.089435,1.730850,-0.269120,-0.248922,-0.197032,-0.086386,-0.113198,-1.132327,1.297648
24.599068,-0.372884,-1.721378,-0.389562,-1.001653,-1.172302,-1.151077,0.623480,-0.969312,-1.082140,-1.213645,-0.150419,-0.668294,-0.439306,0.184735,-0.731197,-0.064836,0.030872,-1.769669,1.373142,2.088305,1.732145,-0.271577,-0.249548,-0.197229,-0.087570,-0.113269,-1.129206,1.292647
24.599995,-0.375501,-1.728801,-0.385479,-1.003153,-1.172299,-1.156663,0.624345,-0.999364,-1.068981,-1.244771,-0.150478,-0.667378,-0.435053,0.184784,-0.731477,-0.065093,0.030681,-1.769766,1.373031,2.087196,1.733442,-0.274927,-0.251549,-0.195564,-0.090731,-0.112958,-1.127091,1.295071
24.600971,-0.371892,-1.724248,-0.385874,-1.004172,-1.176386,-1.155386,0.624828,-1.015297,-1.057114,-1.261031,-0.148956,-0.666620,-0.432637,0.184994,-0.731748,-0.065331,0.030480,-1.769849,1.372916,2.086086,1.734738,-0.272888,-0.247720,-0.197058,-0.089009,-0.113087,-1.121103,1.293076
24.602009,-0.379163,-1.726219,-0.384386,-1.006646,-1.179604,-1.161966,0.624370,-1.018020,-1.048518,-1.263540,-0.145992,-0.665974,-0.432016,0.185343,-0.732020,-0.065587,0.030289,-1.769935,1.372813,2.084977,1.736040,-0.274165,-0.249938,-0.196476,-0.087855,-0.109251,-1.122440,1.292140
24.603033,-0.377140,-1.725629,-0.379552,-1.008457,-1.178752,-1.164850,0.626736,-1.011389,-1.037639,-1.256390,-0.145708,-0.665461,-0.432860,0.185772,-0.732287,-0.065837,0.030090,-1.770015,1.372712,2.083866,1.737325,-0.270160,-0.249064,-0.196892,-0.085476,-0.106455,-1.116176,1.293495
24.604143,-0.372773,-1.724243,-0.378077,-1.006998,-1.176676,-1.170573,0.624372,-0.998496,-1.019683,-1.242782,-0.151372,-0.665157,-0.434909,0.186229,-0.732557,-0.066086,0.029890,-1.770095,1.372602,2.082752,1.738611,-0.270814,-0.249487,-0.198957,-0.083788,-0.107636,-1.113611,1.289048
24.605025,-0.370152,-1.726172,-0.375255,-1.008870,-1.177874,-1.167167,0.623493,-0.976714,-0.994669,-1.219902,-0.162861,-0.665200,-0.438488,0.186687,-0.732834,-0.066339,0.029689,-1.770183,1.372485,2.081657,1.739901,-0.272771,-0.250503,-0.199459,-0.085348,-0.110067,-1.108838,1.294658
24.605999,-0.373128,-1.724628,-0.373719,-1.006100,-1.176520,-1.161461,0.622944,-0.943197,-0.965095,-1.184706,-0.178144,-0.665637,-0.443902,0.187154,-0.733114,-0.066584,0.029486,-1.770262,1.372378,2.080540,1.741204,-0.273159,-0.249239,-0.200178,-0.083269,-0.108970,-1.111613,1.295885
24.606993,-0.370271,-1.721922,-0.367686,-1.006836,-1.178557,-1.156952,0.622113,-0.901598,-0.935253,-1.141049,-0.194296,-0.666292,-0.450650,0.187612,-0.733381,-0.066835,0.029285,-1.770351,1.372262,2.079417,1.742503,-0.271146,-0.249960,-0.200460,-0.085858,-0.110512,-1.117238,1.297002
24.607954,-0.367691,-1.726939,-0.362423,-1.007586,-1.177703,-1.155696,0.620847,-0.856436,-0.906329,-1.093717,-0.209737,-0.666984,-0.458074,0.188032,-0.733655,-0.067090,0.029075,-1.770434,1.372152,2.078289,1.743795,-0.272067,-0.251265,-0.202945,-0.085067,-0.108692,-1.121726,1.298825
24.609076,-0.363225,-1.727802,-0.361558,-1.006443,-1.176485,-1.155740,0.620222,-0.806302,-0.878760,-1.041225,-0.224164,-0.667741,-0.466239,0.188413,-0.733929,-0.067335,0.028868,-1.770516,1.372042,2.077159,1.745103,-0.272739,-0.248696,-0.204989,-0.084233,-0.109787,-1.122703,1.301280
24.610081,-0.358188,-1.728969,-0.360328,-1.009413,-1.176428,-1.149013,0.619621,-0.748450,-0.857385,-0.980632,-0.235493,-0.668568,-0.475413,0.188772,-0.734208,-0.067586,0.028662,-1.770603,1.371930,2.076044,1.746423,-0.274752,-0.248662,-0.205144,-0.085525,-0.111422,-1.123593,1.303253
24.610994,-0.362980,-1.727814,-0.354836,-1.008817,-1.177979,-1.146732,0.620753,-0.683428,-0.843886,-0.912477,-0.243031,-0.669402,-0.485531,0.189135,-0.734489,-0.067835,0.028454,-1.770678,1.371819,2.074899,1.747722,-0.276691,-0.248132,-0.205258,-0.082684,-0.111720,-1.130343,1.304635
24.611993,-0.359572,-1.729082,-0.348331,-1.010360,-1.179447,-1.137633,0.619658,-0.614791,-0.834321,-0.840572,-0.249251,-0.670195,-0.496201,0.189503,-0.734755,-0.068082,0.028243,-1.770763,1.371713,2.073752,1.749021,-0.273576,-0.248514,-0.207297,-0.083064,-0.110333,-1.131901,1.302023
24.613001,-0.351687,-1.727635,-0.342080,-1.009250,-1.181500,-1.137183,0.620002,-0.545758,-0.826097,-0.768393,-0.255690,-0.670915,-0.506975,0.189856,-0.735034,-0.068329,0.028026,-1.770842,1.371605,2.072606,1.750316,-0.274749,-0.247921,-0.209925,-0.081565,-0.109149,-1.140991,1.304437
24.613918,-0.347671,-1.722469,-0.340306,-1.007512,-1.180881,-1.137975,0.620311,-0.473217,-0.818705,-0.692645,-0.262525,-0.671708,-0.517979,0.190183,-0.735315,-0.068578,0.027807,-1.770925,1.371500,2.071455,1.751647,-0.278140,-0.248720,-0.212417,-0.082698,-0.107415,-1.141303,1.303791
24.615043,-0.349024,-1.723508,-0.339533,-1.008131,-1.184031,-1.148299,0.620660,-0.392705,-0.810254,-0.608557,-0.270150,-0.672770,-0.529420,0.190473,-0.735599,-0.068833,0.027594,-1.771014,1.371391,2.070330,1.752927,-0.279264,-0.251039,-0.212546,-0.084113,-0.108218,-1.139980,1.302964
24.615976,-0.352256,-1.725851,-0.337712,-1.006394,-1.185121,-1.151299,0.621719,-0.306749,-0.798215,-0.518784,-0.279302,-0.674115,-0.540775,0.190721,-0.735879,-0.069086,0.027380,-1.771096,1.371290,2.069207,1.754234,-0.278332,-0.250849,-0.212580,-0.083718,-0.105556,-1.130479,1.303066
24.616954,-0.352692,-1.720671,-0.338808,-1.004959,-1.187326,-1.154583,0.619925,-0.222327,-0.785781,-0.430769,-0.288419,-0.675561,-0.551150,0.190937,-0.736146,-0.069335,0.027170,-1.771185,1.371185,2.068079,1.755544,-0.275953,-0.249366,-0.212722,-0.085104,-0.104636,-1.126646,1.300184
24.618056,-0.353294,-1.722710,-0.334914,-1.004146,-1.188153,-1.153145,0.620685,-0.146462,-0.777089,-0.351918,-0.295200,-0.676909,-0.559757,0.191123,-0.736421,-0.069592,0.026962,-1.771275,1.371083,2.066965,1.756865,-0.274904,-0.251580,-0.211416,-0.086156,-0.102593,-1.122376,1.302783
24.618965,-0.344572,-1.721050,-0.332368,-1.003918,-1.187105,-1.150720,0.620522,-0.082775,-0.771474,-0.285897,-0.299640,-0.678147,-0.566293,0.191254,-0.736696,-0.069838,0.026746,-1.771364,1.370983,2.065838,1.758154,-0.274069,-0.250581,-0.212762,-0.086814,-0.102119,-1.123529,1.300842
24.619988,-0.342835,-1.723405,-0.335350,-1.000958,-1.187459,-1.150802,0.618704,-0.028284,-0.769263,-0.229443,-0.301753,-0.679434,-0.571214,0.191285,-0.736978,-0.070092,0.026531,-1.771451,1.370875,2.064723,1.759455,-0.277364,-0.250859,-0.213068,-0.086603,-0.103210,-1.124565,1.299917
24.621035,-0.348871,-1.722517,-0.332697,-1.000017,-1.189542,-1.150544,0.617864,0.020724,-0.773632,-0.178611,-0.300028,-0.680823,-0.575008,0.191217,-0.737258,-0.070339,0.026326,-1.771546,1.370775,2.063605,1.760754,-0.277405,-0.249494,-0.210918,-0.089181,-0.103087,-1.123717,1.302830
24.621969,-0.352194,-1.718603,-0.328718,-0.999017,-1.191592,-1.151878,0.617817,0.061408,-0.787634,-0.136462,-0.292560,-0.682094,-0.577411,0.191085,-0.737522,-0.070587,0.026114,-1.771636,1.370676,2.062481,1.762060,-0.273814,-0.249838,-0.211602,-0.089845,-0.101279,-1.123343,1.303808
24.622925,-0.351638,-1.718936,-0.325118,-0.996974,-1.191003,-1.147445,0.616153,0.089580,-0.808250,-0.107506,-0.280895,-0.683064,-0.578090,0.190899,-0.737790,-0.070842,0.025899,-1.771727,1.370580,2.061376,1.763350,-0.271287,-0.251295,-0.212690,-0.090352,-0.099398,-1.120797,1.302772
24.624034,-0.350308,-1.714623,-0.323479,-0.996454,-1.190854,-1.149408,0.617924,0.105807,-0.830676,-0.091105,-0.267732,-0.683718,-0.577275,0.190664,-0.738062,-0.071089,0.025683,-1.771822,1.370476,2.060247,1.764661,-0.270720,-0.250757,-0.213598,-0.091866,-0.100146,-1.124087,1.305032
24.624955,-0.343272,-1.716216,-0.325465,-0.994545,-1.193280,-1.141875,0.613757,0.113694,-0.852949,-0.083285,-0.254121,-0.684102,-0.575507,0.190412,-0.738330,-0.071347,0.025470,-1.771916,1.370374,2.059141,1.765961,-0.270958,-0.252876,-0.213845,-0.092142,-0.100617,-1.121897,1.301037
24.625962,-0.348939,-1.713937,-0.323042,-0.993902,-1.196375,-1.143006,0.613338,0.116729,-0.873887,-0.080223,-0.240739,-0.684258,-0.573288,0.190226,-0.738606,-0.071597,0.025261,-1.772013,1.370280,2.057999,1.767269,-0.273486,-0.251566,-0.211963,-0.093412,-0.098347,-1.128033,1.308251
24.627087,-0.354224,-1.715573,-0.321955,-0.994978,-1.197596,-1.138881,0.613128,0.115269,-0.894797,-0.081559,-0.227018,-0.684134,-0.570684,0.190192,-0.738867,-0.071849,0.025050,-1.772107,1.370193,2.056862,1.768578,-0.269991,-0.252451,-0.212464,-0.093634,-0.095606,-1.125866,1.308147
24.628082,-0.352696,-1.718594,-0.315665,-0.995089,-1.197955,-1.138303,0.616642,0.106055,-0.915436,-0.090837,-0.213454,-0.683665,-0.567334,0.190298,-0.739128,-0.072098,0.024837,-1.772198,1.370102,2.055732,1.769895,-0.267042,-0.251705,-0.212460,-0.092402,-0.094859,-1.129835,1.308177
24.628997,-0.348291,-1.719853,-0.317230,-0.996158,-1.198901,-1.134273,0.617563,0.089039,-0.936206,-0.108171,-0.200551,-0.682944,-0.563227,0.190440,-0.739395,-0.072345,0.024619,-1.772290,1.370008,2.054591,1.771168,-0.267132,-0.249934,-0.214790,-0.091901,-0.094777,-1.129324,1.300293
24.630053,-0.344757,-1.721380,-0.317146,-0.996306,-1.196131,-1.136317,0.617714,0.069382,-0.960218,-0.128105,-0.187386,-0.682171,-0.558911,0.190532,-0.739664,-0.072591,0.024412,-1.772376,1.369911,2.053448,1.772467,-0.268406,-0.248860,-0.213122,-0.090419,-0.093974,-1.131856,1.297274
24.631138,-0.344108,-1.723192,-0.317968,-0.996512,-1.197268,-1.135666,0.619012,0.050644,-0.988096,-0.146885,-0.174004,-0.681473,-0.554783,0.190598,-0.739936,-0.072837,0.024200,-1.772468,1.369805,2.052330,1.773753,-0.269554,-0.248032,-0.212505,-0.089993,-0.097006,-1.129205,1.296426
24.632009,-0.348716,-1.725275,-0.314016,-0.992865,-1.197464,-1.133595,0.618311,0.033568,-1.019038,-0.163869,-0.160718,-0.680833,-0.550974,0.190709,-0.740200,-0.073079,0.023988,-1.772556,1.369711,2.051200,1.775048,-0.269418,-0.247185,-0.211488,-0.089649,-0.096209,-1.129428,1.293332
24.632928,-0.349614,-1.723907,-0.309015,-0.992682,-1.200240,-1.134651,0.617078,0.016666,-1.055065,-0.180822,-0.145631,-0.680066,-0.547344,0.190889,-0.740462,-0.073322,0.023778,-1.772653,1.369617,2.050081,1.776353,-0.266124,-0.245600,-0.212526,-0.092579,-0.096144,-1.129870,1.293326
24.633987,-0.341653,-1.723286,-0.305642,-0.992019,-1.199991,-1.136152,0.618013,-0.001407,-1.098017,-0.199243,-0.126744,-0.679013,-0.543765,0.191127,-0.740724,-0.073570,0.023562,-1.772744,1.369529,2.048958,1.777641,-0.264849,-0.245839,-0.214075,-0.092227,-0.093581,-1.127406,1.294640
24.635030,-0.337798,-1.719671,-0.306281,-0.992332,-1.199775,-1.140537,0.617282,-0.016189,-1.143540,-0.214335,-0.106163,-0.677839,-0.540843,0.191381,-0.740995,-0.073813,0.023348,-1.772838,1.369433,2.047833,1.778932,-0.268285,-0.246116,-0.215081,-0.092561,-0.094192,-1.125331,1.292157
24.636068,-0.342259,-1.725310,-0.303881,-0.991220,-1.200994,-1.138761,0.614783,-0.021400,-1.183753,-0.219350,-0.088312,-0.676848,-0.539412,0.191641,-0.741269,-0.074065,0.023136,-1.772929,1.369339,2.046735,1.780237,-0.269521,-0.247762,-0.214063,-0.091952,-0.094739,-1.120405,1.292956
24.636973,-0.340890,-1.726514,-0.297848,-0.992080,-1.200254,-1.144920,0.612818,-0.018143,-1.216429,-0.215505,-0.074467,-0.676049,-0.539402,0.191965,-0.741531,-0.074302,0.022919,-1.773022,1.369249,2.045611,1.781530,-0.266704,-0.244891,-0.214530,-0.092755,-0.093873,-1.121554,1.297320
24.637940,-0.341344,-1.726375,-0.296686,-0.992807,-1.203784,-1.144492,0.613889,-0.010265,-1.246858,-0.207037,-0.062142,-0.675274,-0.540386,0.192380,-0.741794,-0.074543,0.022699,-1.773111,1.369150,2.044519,1.782842,-0.266528,-0.243890,-0.216541,-0.091369,-0.094738,-1.114029,1.299908
24.639174,-0.342171,-1.730176,-0.298605,-0.991206,-1.202846,-1.150289,0.614395,0.001724,-1.276420,-0.194525,-0.051234,-0.674542,-0.542379,0.192805,-0.742060,-0.074787,0.022482,-1.773201,1.369071,2.043401,1.784118,-0.265520,-0.243679,-0.216218,-0.090244,-0.091555,-1.113454,1.296799
24.639988,-0.337186,-1.725346,-0.292219,-0.991386,-1.201660,-1.147423,0.610884,0.015583,-1.303752,-0.180220,-0.042493,-0.673866,-0.545188,0.193155,-0.742321,-0.075024,0.022273,-1.773296,1.368974,2.042290,1.785422,-0.265084,-0.242291,-0.214952,-0.091835,-0.093076,-1.108141,1.295946
24.640977,-0.339812,-1.722581,-0.289173,-0.987420,-1.200752,-1.143037,0.608135,0.030235,-1.328358,-0.165165,-0.035551,-0.673246,-0.548693,0.193460,-0.742589,-0.075273,0.022053,-1.773384,1.368878,2.041190,1.786721,-0.266413,-0.243983,-0.216984,-0.090999,-0.094287,-1.109216,1.301366
24.641990,-0.341457,-1.723092,-0.289045,-0.987638,-1.200542,-1.134585,0.607648,0.047263,-1.346460,-0.147643,-0.031410,-0.672753,-0.553026,0.193803,-0.742852,-0.075523,0.021833,-1.773485,1.368782,2.040062,1.788040,-0.264392,-0.245057,-0.217627,-0.094394,-0.095442,-1.112620,1.305867
24.643052,-0.342128,-1.726842,-0.287113,-0.988194,-1.199630,-1.130842,0.608424,0.073887,-1.363072,-0.120519,-0.028279,-0.671588,-0.561847,0.194557,-0.743371,-0.076005,0.021400,-1.773669,1.368588,2.037803,1.790642,-0.262225,-0.242782,-0.217159,-0.092949,-0.097144,-1.123356,1.303814
24.644110,-0.335081,-1.725295,-0.284828,-0.990274,-1.198980,-1.128717,0.609333,0.073887,-1.363072,-0.120519,-0.028279,-0.671588,-0.561847,0.194557,-0.743371,-0.076005,0.021400,-1.773669,1.368588,2.037803,1.790642,-0.262225,-0.242782,-0.217159,-0.092949,-0.097144,-1.123356,1.303814
24.644966,-0.330619,-1.727533,-0.285087,-0.987977,-1.197039,-1.127852,0.611217,0.080417,-1.366015,-0.114083,-0.028205,-0.670832,-0.565680,0.194845,-0.743640,-0.076249,0.021183,-1.773754,1.368489,2.036679,1.791942,-0.265209,-0.243533,-0.217595,-0.090722,-0.098095,-1.124883,1.301379
24.646076,-0.335138,-1.727931,-0.281246,-0.986436,-1.198297,-1.126389,0.610766,0.088231,-1.365736,-0.106192,-0.029967,-0.670150,-0.569711,0.195053,-0.743908,-0.076489,0.020969,-1.773848,1.368385,2.035574,1.793240,-0.266345,-0.241856,-0.216406,-0.092377,-0.100044,-1.124088,1.296103
24.647057,-0.334344,-1.723614,-0.283456,-0.987280,-1.200046,-1.116331,0.612513,0.097923,-1.366329,-0.096314,-0.030894,-0.669422,-0.573961,0.195241,-0.744168,-0.076734,0.020743,-1.773943,1.368288,2.034443,1.794531,-0.263714,-0.241761,-0.217625,-0.093651,-0.099138,-1.125255,1.296715
24.647972,-0.332515,-1.728079,-0.277961,-0.988476,-1.201286,-1.112099,0.614677,0.105118,-1.367068,-0.089153,-0.030746,-0.668490,-0.577868,0.195446,-0.744430,-0.076978,0.020534,-1.774032,1.368192,2.033286,1.795822,-0.263449,-0.243690,-0.215737,-0.092428,-0.097625,-1.134168,1.292259
24.649033,-0.325289,-1.722572,-0.277726,-0.989265,-1.198682,-1.115129,0.614338,0.107441,-1.363260,-0.087167,-0.032406,-0.667447,-0.581026,0.195623,-0.744695,-0.077218,0.020313,-1.774119,1.368098,2.032151,1.797091,-0.263486,-0.241036,-0.217500,-0.090806,-0.096563,-1.136856,1.286810
24.650034,-0.316930,-1.723135,-0.277359,-0.987910,-1.197552,-1.125018,0.614090,0.109067,-1.353470,-0.085865,-0.037508,-0.666587,-0.583694,0.195731,-0.744966,-0.077467,0.020095,-1.774206,1.367991,2.031018,1.798387,-0.266528,-0.243746,-0.216871,-0.089865,-0.099421,-1.133156,1.286964
24.650994,-0.317328,-1.721159,-0.280739,-0.985170,-1.197470,-1.126732,0.611452,0.116988,-1.335865,-0.077825,-0.047187,-0.666242,-0.586484,0.195795,-0.745244,-0.077712,0.019880,-1.774299,1.367888,2.029919,1.799688,-0.269885,-0.243229,-0.216268,-0.090838,-0.100727,-1.122433,1.286594
24.651962,-0.325089,-1.724433,-0.278950,-0.983860,-1.197894,-1.130211,0.613022,0.132430,-1.312925,-0.061859,-0.059375,-0.666431,-0.589400,0.195844,-0.745513,-0.077959,0.019671,-1.774394,1.367788,2.028800,1.800981,-0.268822,-0.243895,-0.213764,-0.093044,-0.100971,-1.119681,1.290907
24.653111,-0.324164,-1.726837,-0.277319,-0.983901,-1.196931,-1.127537,0.613731,0.147594,-1.291506,-0.046394,-0.069502,-0.666844,-0.591452,0.195847,-0.745767,-0.078197,0.019458,-1.774488,1.367684,2.027680,1.802266,-0.264294,-0.242023,-0.213854,-0.093860,-0.100683,-1.115109,1.286744
24.654004,-0.314612,-1.726871,-0.278162,-0.984511,-1.193741,-1.126732,0.613126,0.158827,-1.270654,-0.036308,-0.074587,-0.667785,-0.590901,0.195456,-0.746309,-0.078673,0.019033,-1.774670,1.367470,2.025455,1.804836,-0.268222,-0.240676,-0.212784,-0.092540,-0.105216,-1.117177,1.285149
24.655013,-0.312040,-1.725474,-0.282407,-0.983935,-1.188138,-1.131717,0.612518,0.158827,-1.270654,-0.036308,-0.074587,-0.667785,-0.590901,0.195456,-0.746309,-0.078673,0.019033,-1.774670,1.367470,2.025455,1.804836,-0.268222,-0.240676,-0.212784,-0.092540,-0.105216,-1.117177,1.285149
24.656007,-0.310310,-1.726249,-0.284354,-0.982333,-1.187508,-1.132387,0.611403,0.160799,-1.267897,-0.035055,-0.072473,-0.668599,-0.589174,0.195095,-0.746578,-0.078915,0.018831,-1.774764,1.367345,2.024371,1.806126,-0.268777,-0.241241,-0.210032,-0.092701,-0.110822,-1.111523,1.285587
24.657057,-0.319516,-1.727942,-0.284004,-0.983062,-1.188193,-1.135135,0.609674,0.160425,-1.266290,-0.036156,-0.069420,-0.669600,-0.586708,0.194738,-0.746849,-0.079157,0.018625,-1.774860,1.367231,2.023264,1.807408,-0.268881,-0.240647,-0.208365,-0.093819,-0.111468,-1.110047,1.287008
24.658081,-0.325568,-1.727371,-0.285584,-0.983058,-1.186883,-1.130589,0.612257,0.153280,-1.266358,-0.044449,-0.065062,-0.670493,-0.583191,0.194451,-0.747098,-0.079391,0.018419,-1.774952,1.367122,2.022161,1.808708,-0.263873,-0.239855,-0.207957,-0.092778,-0.110959,-1.106783,1.289834
24.659038,-0.315279,-1.726695,-0.287163,-0.984476,-1.184538,-1.129052,0.611752,0.133209,-1.267222,-0.066464,-0.060187,-0.671007,-0.578158,0.194221,-0.747354,-0.079633,0.018214,-1.775046,1.367007,2.021052,1.809967,-0.260354,-0.240047,-0.206522,-0.092376,-0.112383,-1.110719,1.283987
24.659963,-0.310232,-1.724002,-0.288504,-0.983551,-1.181448,-1.123422,0.611360,0.099606,-1.265484,-0.102602,-0.057014,-0.671116,-0.571764,0.194019,-0.747629,-0.079875,0.018010,-1.775134,1.366889,2.019937,1.811251,-0.264681,-0.240095,-0.204997,-0.090592,-0.114726,-1.111109,1.284068
24.660966,-0.308834,-1.721552,-0.287358,-0.981042,-1.182423,-1.123378,0.609901,0.060306,-1.258035,-0.144356,-0.057512,-0.671026,-0.565027,0.193884,-0.747895,-0.080117,0.017812,-1.775227,1.366767,2.018807,1.812541,-0.266297,-0.241071,-0.203608,-0.090989,-0.117729,-1.115389,1.283701
24.661994,-0.310937,-1.716768,-0.293307,-0.980058,-1.186456,-1.118263,0.609616,0.021562,-1.244113,-0.185164,-0.061666,-0.670810,-0.558642,0.193887,-0.748163,-0.080363,0.017607,-1.775324,1.366650,2.017700,1.813814,-0.266285,-0.242091,-0.203528,-0.093004,-0.116765,-1.114586,1.285903
24.663067,-0.319532,-1.718770,-0.289827,-0.978957,-1.186612,-1.116749,0.610739,-0.017576,-1.223018,-0.226244,-0.069024,-0.670360,-0.552405,0.194049,-0.748422,-0.080608,0.017416,-1.775421,1.366543,2.016569,1.815102,-0.264682,-0.244357,-0.200059,-0.093521,-0.112885,-1.118962,1.285756
24.664088,-0.315266,-1.713835,-0.289839,-0.978283,-1.184024,-1.114630,0.611521,-0.062474,-1.194901,-0.273446,-0.079280,-0.669565,-0.545574,0.194334,-0.748677,-0.080852,0.017214,-1.775514,1.366432,2.015450,1.816381,-0.259991,-0.243329,-0.201343,-0.094331,-0.112964,-1.119981,1.283019
24.664950,-0.301883,-1.711327,-0.291351,-0.976945,-1.180761,-1.115880,0.609219,-0.114008,-1.162051,-0.327703,-0.091512,-0.668502,-0.537931,0.194688,-0.748946,-0.081101,0.017014,-1.775607,1.366311,2.014322,1.817642,-0.261517,-0.245623,-0.200745,-0.094638,-0.115617,-1.121284,1.280847
24.665999,-0.299051,-1.709125,-0.295817,-0.976748,-1.179615,-1.116565,0.609874,-0.164251,-1.124397,-0.380470,-0.106179,-0.667528,-0.530369,0.195101,-0.749221,-0.081346,0.016820,-1.775704,1.366186,2.013203,1.818933,-0.267110,-0.246275,-0.199189,-0.095208,-0.118684,-1.118302,1.284076
24.667034,-0.300919,-1.706513,-0.296007,-0.974809,-1.179107,-1.117326,0.606639,-0.205970,-1.081672,-0.424030,-0.123918,-0.666945,-0.523812,0.195591,-0.749492,-0.081595,0.016629,-1.775799,1.366065,2.012095,1.820196,-0.267855,-0.247258,-0.196523,-0.095045,-0.119871,-1.117102,1.282214
24.667984,-0.301118,-1.708914,-0.296275,-0.975967,-1.180365,-1.118408,0.607645,-0.240624,-1.035118,-0.460072,-0.144254,-0.666732,-0.518202,0.196157,-0.749752,-0.081843,0.016432,-1.775896,1.365942,2.010978,1.821498,-0.266366,-0.248421,-0.195940,-0.096554,-0.120410,-1.115670,1.288042
24.668988,-0.298221,-1.708521,-0.296113,-0.974318,-1.178776,-1.118809,0.606202,-0.272570,-0.987580,-0.493375,-0.165907,-0.666742,-0.513119,0.196746,-0.750017,-0.082088,0.016239,-1.775989,1.365826,2.009880,1.822786,-0.265472,-0.246848,-0.195186,-0.094855,-0.119124,-1.113530,1.284910
24.670024,-0.289325,-1.708521,-0.301529,-0.971674,-1.175324,-1.123436,0.606157,-0.302737,-0.944077,-0.524923,-0.186840,-0.666887,-0.508520,0.197271,-0.750287,-0.082337,0.016044,-1.776087,1.365703,2.008772,1.824066,-0.266222,-0.246820,-0.194715,-0.096008,-0.120736,-1.112351,1.287083
24.671020,-0.285000,-1.703731,-0.302162,-0.970020,-1.175211,-1.123691,0.606198,-0.349354,-0.882811,-0.573517,-0.218232,-0.667328,-0.501862,0.198177,-0.750837,-0.082833,0.015671,-1.776294,1.365444,2.006575,1.826640,-0.271336,-0.248824,-0.190851,-0.099032,-0.124172,-1.106129,1.285577
24.671954,-0.292175,-1.698784,-0.300381,-0.968072,-1.176703,-1.128762,0.605723,-0.349354,-0.882811,-0.573517,-0.218232,-0.667328,-0.501862,0.198177,-0.750837,-0.082833,0.015671,-1.776294,1.365444,2.006575,1.826640,-0.271336,-0.248824,-0.190851,-0.099032,-0.124172,-1.106129,1.285577
24.672985,-0.293820,-1.696901,-0.299239,-0.967089,-1.175625,-1.129582,0.606256,-0.364770,-0.859326,-0.589582,-0.230385,-0.667521,-0.499997,0.198661,-0.751096,-0.083087,0.015479,-1.776396,1.365320,2.005483,1.827935,-0.266917,-0.250798,-0.191111,-0.100245,-0.122563,-1.099894,1.285401
24.674048,-0.287580,-1.698457,-0.302049,-0.967592,-1.172288,-1.131288,0.606684,-0.395680,-0.806458,-0.622328,-0.257174,-0.667556,-0.497602,0.199577,-0.751629,-0.083589,0.015103,-1.776599,1.365059,2.003298,1.830503,-0.268145,-0.250634,-0.189482,-0.099636,-0.126964,-1.096511,1.282280
24.674987,-0.283943,-1.692831,-0.302985,-0.967499,-1.168167,-1.130955,0.606316,-0.395680,-0.806458,-0.622328,-0.257174,-0.667556,-0.497602,0.199577,-0.751629,-0.083589,0.015103,-1.776599,1.365059,2.003298,1.830503,-0.268145,-0.250634,-0.189482,-0.099636,-0.126964,-1.096511,1.282280
24.675993,-0.280579,-1.694636,-0.303698,-0.965819,-1.168101,-1.126460,0.604576,-0.409750,-0.778783,-0.637279,-0.271837,-0.667482,-0.497364,0.199948,-0.751898,-0.083844,0.014921,-1.776696,1.364920,2.002203,1.831793,-0.269069,-0.252987,-0.188520,-0.099106,-0.130842,-1.095762,1.281937
24.676946,-0.283156,-1.691462,-0.304209,-0.964750,-1.166747,-1.117756,0.602233,-0.420957,-0.750346,-0.649147,-0.287480,-0.667426,-0.498096,0.200344,-0.752172,-0.084095,0.014733,-1.776800,1.364786,2.001111,1.833072,-0.269989,-0.251777,-0.187709,-0.100153,-0.130759,-1.099612,1.284693
24.677953,-0.284777,-1.692367,-0.302260,-0.962528,-1.167044,-1.111654,0.603150,-0.431523,-0.724387,-0.660413,-0.301826,-0.667235,-0.499490,0.200840,-0.752438,-0.084351,0.014547,-1.776901,1.364654,1.999989,1.834375,-0.267867,-0.252919,-0.186927,-0.100527,-0.131963,-1.107181,1.288313
24.678992,-0.279116,-1.694403,-0.302506,-0.965957,-1.164348,-1.112107,0.605148,-0.445313,-0.704043,-0.675319,-0.312585,-0.666720,-0.500921,0.201403,-0.752700,-0.084600,0.014361,-1.777006,1.364521,1.998861,1.835664,-0.266436,-0.252219,-0.187473,-0.102072,-0.131542,-1.112355,1.285623
24.680023,-0.275205,-1.694146,-0.303949,-0.963919,-1.162929,-1.112985,0.603335,-0.461605,-0.690847,-0.693125,-0.319339,-0.665896,-0.502298,0.201911,-0.752974,-0.084851,0.014175,-1.777099,1.364379,1.997760,1.836925,-0.268620,-0.251013,-0.186966,-0.098255,-0.134117,-1.111295,1.281070
24.681013,-0.273054,-1.690994,-0.301850,-0.959950,-1.163539,-1.113959,0.602514,-0.475619,-0.684911,-0.708720,-0.323181,-0.664934,-0.504113,0.202306,-0.753247,-0.085098,0.013991,-1.777201,1.364243,1.996648,1.838219,-0.269886,-0.251007,-0.185877,-0.099753,-0.135420,-1.109752,1.284068
24.682009,-0.276984,-1.690697,-0.303269,-0.961073,-1.164577,-1.106226,0.601096,-0.484196,-0.686067,-0.718726,-0.323814,-0.663881,-0.506723,0.202618,-0.753517,-0.085355,0.013804,-1.777312,1.364107,1.995549,1.839513,-0.270193,-0.252226,-0.186465,-0.102889,-0.134635,-1.107950,1.284809
24.683130,-0.276937,-1.690414,-0.299043,-0.958774,-1.162318,-1.099984,0.602573,-0.489041,-0.693028,-0.724960,-0.320969,-0.662656,-0.509927,0.202851,-0.753781,-0.085607,0.013619,-1.777410,1.363976,1.994414,1.840788,-0.267519,-0.252045,-0.185297,-0.101173,-0.133498,-1.114766,1.286876
24.684019,-0.272520,-1.692424,-0.302735,-0.957938,-1.159693,-1.095916,0.603265,-0.494221,-0.703401,-0.731707,-0.315905,-0.661222,-0.513142,0.202970,-0.754045,-0.085857,0.013430,-1.777517,1.363837,1.993268,1.842068,-0.267213,-0.252255,-0.187171,-0.102979,-0.135768,-1.120657,1.283609
24.684958,-0.268897,-1.696021,-0.304932,-0.957354,-1.158887,-1.099141,0.601338,-0.500445,-0.718564,-0.739604,-0.307908,-0.659597,-0.515959,0.202960,-0.754318,-0.086105,0.013250,-1.777619,1.363697,1.992149,1.843326,-0.268390,-0.250682,-0.184719,-0.102961,-0.138067,-1.123159,1.281054
24.686058,-0.274531,-1.694160,-0.305759,-0.955627,-1.157462,-1.104860,0.599119,-0.507034,-0.742884,-0.747878,-0.295047,-0.657820,-0.518081,0.202883,-0.754592,-0.086347,0.013068,-1.777720,1.363556,1.991038,1.844620,-0.269265,-0.248550,-0.183123,-0.102838,-0.138589,-1.118673,1.283862
24.686952,-0.284339,-1.696966,-0.306740,-0.953270,-1.158382,-1.106715,0.599904,-0.515016,-0.777235,-0.757742,-0.277360,-0.655959,-0.519187,0.202856,-0.754848,-0.086598,0.012888,-1.777826,1.363411,1.989949,1.845918,-0.266084,-0.249502,-0.182515,-0.104032,-0.139920,-1.112816,1.287885
24.687991,-0.289648,-1.696393,-0.309641,-0.952126,-1.156249,-1.108579,0.600522,-0.529181,-0.819392,-0.774434,-0.255781,-0.653986,-0.518701,0.202921,-0.755101,-0.086842,0.012706,-1.777936,1.363277,1.988847,1.847209,-0.260363,-0.247585,-0.181444,-0.105376,-0.138720,-1.109586,1.284962
24.689058,-0.285318,-1.695931,-0.310131,-0.950541,-1.154213,-1.108867,0.604705,-0.556123,-0.868263,-0.804929,-0.230515,-0.651794,-0.515961,0.203023,-0.755348,-0.087088,0.012531,-1.778043,1.363130,1.987738,1.848475,-0.257382,-0.247772,-0.179739,-0.105839,-0.140684,-1.107138,1.283179
24.689968,-0.288605,-1.699712,-0.310933,-0.949877,-1.152354,-1.112729,0.604572,-0.595207,-0.920713,-0.848320,-0.203074,-0.649491,-0.511192,0.203085,-0.755611,-0.087337,0.012353,-1.778151,1.362981,1.986645,1.849718,-0.259110,-0.247933,-0.179273,-0.106772,-0.142527,-1.106526,1.274398
24.690954,-0.292398,-1.702763,-0.314807,-0.948528,-1.148277,-1.114731,0.605666,-0.639976,-0.974707,-0.897568,-0.174667,-0.647285,-0.505264,0.203093,-0.755865,-0.087580,0.012174,-1.778255,1.362836,1.985547,1.850991,-0.256664,-0.245584,-0.178343,-0.106595,-0.144036,-1.101335,1.273596
24.692069,-0.293243,-1.702668,-0.315337,-0.947189,-1.148521,-1.119797,0.605405,-0.688649,-1.033074,-0.950818,-0.144140,-0.645115,-0.498490,0.203124,-0.756111,-0.087819,0.012003,-1.778365,1.362681,1.984445,1.852269,-0.254286,-0.243886,-0.176110,-0.107108,-0.147782,-1.098489,1.270552
24.692954,-0.297719,-1.699425,-0.310581,-0.949560,-1.145968,-1.118392,0.605914,-0.796207,-1.156833,-1.067985,-0.079861,-0.640635,-0.483049,0.203513,-0.756605,-0.088309,0.011650,-1.778572,1.362379,1.982267,1.854803,-0.250707,-0.245168,-0.177601,-0.104704,-0.149494,-1.093451,1.268599
24.693960,-0.298888,-1.699704,-0.307978,-0.948735,-1.142309,-1.113891,0.606582,-0.847972,-1.205594,-1.124238,-0.055334,-0.638766,-0.475492,0.203799,-0.756853,-0.088554,0.011471,-1.778677,1.362219,1.981172,1.856056,-0.249686,-0.244831,-0.178537,-0.104889,-0.152793,-1.097288,1.266620
24.695018,-0.291333,-1.693566,-0.311692,-0.948099,-1.139358,-1.107511,0.605694,-0.847972,-1.205594,-1.124238,-0.055334,-0.638766,-0.475492,0.203799,-0.756853,-0.088554,0.011471,-1.778677,1.362219,1.981172,1.856056,-0.249686,-0.244831,-0.178537,-0.104889,-0.152793,-1.097288,1.266620
24.696005,-0.289941,-1.693087,-0.312738,-0.948381,-1.138532,-1.101806,0.604465,-0.894481,-1.238485,-1.174541,-0.039295,-0.637343,-0.468557,0.204084,-0.757114,-0.088807,0.011296,-1.778780,1.362060,1.980058,1.857355,-0.253022,-0.247775,-0.176449,-0.104967,-0.155433,-1.103174,1.267820
24.696966,-0.294332,-1.691309,-0.311929,-0.946039,-1.137149,-1.099914,0.604670,-0.968417,-1.251125,-1.253715,-0.032806,-0.635807,-0.456603,0.204797,-0.757609,-0.089302,0.010946,-1.778993,1.361742,1.977838,1.859878,-0.250414,-0.248263,-0.175631,-0.105467,-0.156813,-1.108748,1.268196
24.697996,-0.296638,-1.696583,-0.308023,-0.947980,-1.136492,-1.095458,0.603082,-0.968417,-1.251125,-1.253715,-0.032806,-0.635807,-0.456603,0.204797,-0.757609,-0.089302,0.010946,-1.778993,1.361742,1.977838,1.859878,-0.250414,-0.248263,-0.175631,-0.105467,-0.156813,-1.108748,1.268196
24.698949,-0.289870,-1.694977,-0.310967,-0.946169,-1.135360,-1.096571,0.603716,-0.999383,-1.240629,-1.286765,-0.036700,-0.635433,-0.450968,0.205187,-0.757852,-0.089540,0.010766,-1.779089,1.361587,1.976718,1.861157,-0.248937,-0.245547,-0.177269,-0.103059,-0.157169,-1.112521,1.270762
24.700002,-0.288552,-1.695980,-0.310705,-0.946773,-1.129483,-1.097815,0.602582,-1.025403,-1.228376,-1.314519,-0.040758,-0.635271,-0.445607,0.205514,-0.758109,-0.089789,0.010597,-1.779195,1.361426,1.975620,1.862429,-0.251669,-0.246007,-0.175440,-0.104112,-0.157860,-1.110318,1.268493
24.701073,-0.281426,-1.693226,-0.307677,-0.943769,-1.125490,-1.101274,0.600608,-1.043398,-1.216613,-1.333606,-0.043902,-0.635448,-0.440934,0.205751,-0.758364,-0.090034,0.010423,-1.779296,1.361251,1.974510,1.863692,-0.251880,-0.245422,-0.175380,-0.102973,-0.163318,-1.108554,1.270315
24.701939,-0.283450,-1.691629,-0.307166,-0.940792,-1.121358,-1.102328,0.599144,-1.049664,-1.204765,-1.340101,-0.046077,-0.636098,-0.437496,0.205952,-0.758622,-0.090282,0.010244,-1.779406,1.361076,1.973402,1.864977,-0.255066,-0.246777,-0.176683,-0.105328,-0.166848,-1.104672,1.273787
24.702954,-0.284287,-1.694063,-0.305161,-0.938760,-1.118952,-1.102124,0.596777,-1.041905,-1.193043,-1.331659,-0.046373,-0.637203,-0.435690,0.206190,-0.758874,-0.090532,0.010068,-1.779517,1.360897,1.972309,1.866245,-0.253152,-0.246926,-0.176348,-0.107203,-0.170241,-1.102120,1.275379
24.704087,-0.289048,-1.692798,-0.304417,-0.939491,-1.115984,-1.105460,0.600027,-1.023801,-1.184626,-1.312293,-0.042522,-0.638495,-0.435182,0.206475,-0.759123,-0.090775,0.009888,-1.779627,1.360722,1.971202,1.867557,-0.252289,-0.245547,-0.177014,-0.108423,-0.172116,-1.101616,1.279288
24.705064,-0.279872,-1.693946,-0.302390,-0.938983,-1.111543,-1.107115,0.600868,-1.000767,-1.181033,-1.287748,-0.034198,-0.639758,-0.435419,0.206748,-0.759366,-0.091025,0.009712,-1.779731,1.360538,1.970120,1.868814,-0.249827,-0.246293,-0.177293,-0.107234,-0.174629,-1.098363,1.272570
24.705965,-0.272396,-1.688141,-0.299720,-0.940339,-1.108153,-1.105958,0.600767,-0.973333,-1.179153,-1.258454,-0.024194,-0.641041,-0.436436,0.206939,-0.759629,-0.091271,0.009532,-1.779841,1.360353,1.969026,1.870063,-0.253766,-0.245418,-0.177901,-0.106893,-0.178428,-1.095852,1.270168
24.707081,-0.277019,-1.685146,-0.300986,-0.937092,-1.104023,-1.103355,0.601037,-0.936297,-1.173757,-1.218755,-0.016451,-0.642550,-0.438936,0.207076,-0.759887,-0.091525,0.009353,-1.779939,1.360165,1.967924,1.871334,-0.256655,-0.247768,-0.178702,-0.104807,-0.181022,-1.095670,1.269210
24.708086,-0.284602,-1.684268,-0.291553,-0.939083,-1.104198,-1.107982,0.601811,-0.889186,-1.158941,-1.168177,-0.014290,-0.644327,-0.442987,0.207250,-0.760138,-0.091779,0.009178,-1.780053,1.359969,1.966835,1.872588,-0.254081,-0.249259,-0.177949,-0.107412,-0.184560,-1.098273,1.268496
24.708925,-0.282057,-1.678857,-0.291847,-0.937689,-1.101297,-1.109416,0.601576,-0.838773,-1.133007,-1.114075,-0.018369,-0.646189,-0.447757,0.207479,-0.760380,-0.092032,0.008987,-1.780154,1.359787,1.965752,1.873855,-0.249881,-0.249393,-0.182213,-0.104773,-0.183738,-1.092924,1.266223
24.709988,-0.278607,-1.679754,-0.292039,-0.937979,-1.100819,-1.113186,0.604702,-0.738704,-1.049622,-1.006519,-0.046716,-0.650225,-0.458521,0.207757,-0.760885,-0.092535,0.008628,-1.780363,1.359406,1.963591,1.876353,-0.251651,-0.250800,-0.181011,-0.104331,-0.185639,-1.085861,1.258653
24.710980,-0.274287,-1.677470,-0.286367,-0.934989,-1.098718,-1.111733,0.601958,-0.738704,-1.049622,-1.006519,-0.046716,-0.650225,-0.458521,0.207757,-0.760885,-0.092535,0.008628,-1.780363,1.359406,1.963591,1.876353,-0.251651,-0.250800,-0.181011,-0.104331,-0.185639,-1.085861,1.258653
24.711979,-0.280273,-1.675510,-0.278718,-0.933001,-1.096744,-1.105464,0.601750,-0.686571,-0.998734,-0.950156,-0.068067,-0.652506,-0.465041,0.207712,-0.761139,-0.092788,0.008439,-1.780474,1.359219,1.962499,1.877623,-0.253251,-0.251637,-0.183387,-0.106497,-0.187090,-1.086591,1.263479
24.713007,-0.274467,-1.679409,-0.279880,-0.934126,-1.094613,-1.098855,0.600180,-0.629941,-0.948963,-0.888808,-0.089661,-0.654909,-0.472677,0.207632,-0.761384,-0.093045,0.008245,-1.780584,1.359028,1.961402,1.878870,-0.249770,-0.252259,-0.186675,-0.107640,-0.188369,-1.092148,1.263191
24.713938,-0.275708,-1.678284,-0.271186,-0.934885,-1.094401,-1.094257,0.602975,-0.571009,-0.904293,-0.824871,-0.109164,-0.657280,-0.481024,0.207552,-0.761646,-0.093291,0.008059,-1.780685,1.358838,1.960287,1.880159,-0.252172,-0.250140,-0.185653,-0.105946,-0.189852,-1.098067,1.265659
24.715036,-0.277137,-1.677948,-0.269227,-0.934556,-1.089855,-1.097588,0.603122,-0.511526,-0.867034,-0.760211,-0.126346,-0.659570,-0.489694,0.207416,-0.761892,-0.093539,0.007862,-1.780785,1.358644,1.959174,1.881395,-0.250889,-0.250283,-0.189352,-0.104470,-0.189238,-1.101385,1.259070
24.716016,-0.266992,-1.682997,-0.269662,-0.931240,-1.087950,-1.096011,0.603176,-0.451380,-0.835608,-0.694702,-0.142773,-0.661852,-0.498564,0.207177,-0.762142,-0.093791,0.007668,-1.780889,1.358438,1.958096,1.882648,-0.249929,-0.250426,-0.189933,-0.104331,-0.193108,-1.097920,1.258586
24.717002,-0.265021,-1.676954,-0.270397,-0.930572,-1.087492,-1.091618,0.600759,-0.390425,-0.812904,-0.628200,-0.156617,-0.664006,-0.507613,0.206895,-0.762403,-0.094033,0.007479,-1.780997,1.358246,1.956998,1.883888,-0.254282,-0.247528,-0.189110,-0.106778,-0.194203,-1.098397,1.257554
24.717990,-0.266068,-1.676645,-0.258333,-0.928491,-1.086123,-1.081198,0.600878,-0.328815,-0.802916,-0.560906,-0.165010,-0.665835,-0.516869,0.206698,-0.762658,-0.094289,0.007294,-1.781103,1.358051,1.955900,1.885155,-0.254435,-0.250013,-0.188138,-0.106530,-0.193795,-1.101488,1.261251
24.719070,-0.260222,-1.676375,-0.254284,-0.928061,-1.084500,-1.079834,0.601775,-0.267575,-0.800742,-0.494008,-0.169874,-0.667345,-0.526239,0.206651,-0.762910,-0.094539,0.007088,-1.781212,1.357859,1.954773,1.886398,-0.253147,-0.249623,-0.193389,-0.107677,-0.194369,-1.110466,1.259879
24.720070,-0.249622,-1.672975,-0.250565,-0.927318,-1.084433,-1.082005,0.605028,-0.204610,-0.802619,-0.425339,-0.172905,-0.668631,-0.535833,0.206699,-0.763169,-0.094788,0.006893,-1.781318,1.357664,1.953649,1.887647,-0.255496,-0.249490,-0.194807,-0.107355,-0.195245,-1.110755,1.257329
24.721015,-0.248118,-1.674834,-0.252443,-0.927904,-1.082791,-1.088842,0.603471,-0.134698,-0.806758,-0.349252,-0.175272,-0.669880,-0.546038,0.206745,-0.763438,-0.095040,0.006695,-1.781427,1.357468,1.952554,1.888869,-0.259896,-0.250684,-0.195928,-0.107163,-0.194453,-1.107309,1.249824
24.722114,-0.255697,-1.675521,-0.252102,-0.926169,-1.082561,-1.093194,0.603742,-0.056742,-0.810534,-0.264555,-0.178935,-0.671261,-0.556793,0.206791,-0.763697,-0.095288,0.006503,-1.781528,1.357270,1.951463,1.890121,-0.259671,-0.249126,-0.194210,-0.105725,-0.195196,-1.098911,1.251741
24.722998,-0.261432,-1.671917,-0.250267,-0.923652,-1.085899,-1.093926,0.603770,0.021081,-0.815959,-0.180213,-0.183140,-0.672596,-0.567013,0.206930,-0.763940,-0.095536,0.006311,-1.781638,1.357077,1.950371,1.891377,-0.255456,-0.248586,-0.193897,-0.106696,-0.194713,-1.093895,1.250470
24.723950,-0.258866,-1.672519,-0.250308,-0.921928,-1.087671,-1.094282,0.605278,0.087346,-0.824991,-0.108625,-0.186180,-0.673563,-0.575305,0.207198,-0.764188,-0.095785,0.006116,-1.781749,1.356895,1.949296,1.892606,-0.251657,-0.249629,-0.193938,-0.108031,-0.190508,-1.091458,1.248976
24.725053,-0.252632,-1.671638,-0.251402,-0.920540,-1.084973,-1.094897,0.607000,0.137218,-0.837210,-0.054888,-0.187332,-0.674062,-0.581125,0.207541,-0.764440,-0.096031,0.005925,-1.781859,1.356714,1.948209,1.893845,-0.252158,-0.248757,-0.193182,-0.108719,-0.188005,-1.089656,1.244722
24.726023,-0.251472,-1.671312,-0.254649,-0.917047,-1.082016,-1.098904,0.607486,0.173951,-0.853203,-0.015341,-0.185919,-0.674220,-0.584917,0.207894,-0.764698,-0.096281,0.005735,-1.781968,1.356518,1.947137,1.895084,-0.254741,-0.248971,-0.192158,-0.109335,-0.190019,-1.088496,1.240669
24.726991,-0.258422,-1.671899,-0.253537,-0.915862,-1.081416,-1.099939,0.604600,0.201743,-0.874265,0.014570,-0.180836,-0.674124,-0.587213,0.208259,-0.764955,-0.096531,0.005547,-1.782083,1.356320,1.946063,1.896310,-0.254445,-0.248569,-0.189864,-0.111713,-0.192083,-1.083175,1.238629
24.727969,-0.262498,-1.669407,-0.256855,-0.915852,-1.082212,-1.105054,0.604626,0.219262,-0.901909,0.033295,-0.170817,-0.673660,-0.587910,0.208717,-0.765194,-0.096777,0.005358,-1.782196,1.356129,1.944989,1.897565,-0.250300,-0.247752,-0.189760,-0.111801,-0.191832,-1.080882,1.243261
24.728957,-0.266466,-1.673281,-0.253306,-0.914853,-1.079643,-1.104600,0.602697,0.222149,-0.934048,0.036018,-0.157272,-0.672749,-0.586666,0.209327,-0.765438,-0.097029,0.005172,-1.782305,1.355943,1.943931,1.898792,-0.247600,-0.248453,-0.187462,-0.110828,-0.190257,-1.074596,1.242094
24.730004,-0.263783,-1.674271,-0.253331,-0.915620,-1.080189,-1.100962,0.602757,0.209157,-0.967832,0.021398,-0.142450,-0.671429,-0.583590,0.210047,-0.765676,-0.097268,0.004979,-1.782415,1.355748,1.942855,1.900046,-0.245044,-0.246094,-0.188571,-0.110859,-0.192023,-1.073912,1.244864
24.731060,-0.257995,-1.671161,-0.255786,-0.913121,-1.078579,-1.095511,0.601178,0.184478,-1.004749,-0.005927,-0.126187,-0.669768,-0.579351,0.210784,-0.765923,-0.097513,0.004792,-1.782522,1.355560,1.941782,1.901297,-0.245873,-0.245308,-0.188020,-0.109265,-0.190731,-1.076733,1.243826
24.732023,-0.252207,-1.673747,-0.253060,-0.911243,-1.076862,-1.088620,0.600042,0.154190,-1.043637,-0.039205,-0.109161,-0.667894,-0.574694,0.211469,-0.766177,-0.097763,0.004609,-1.782636,1.355370,1.940689,1.902538,-0.248171,-0.246541,-0.186320,-0.110825,-0.191648,-1.081269,1.246209
24.732939,-0.260659,-1.667109,-0.251048,-0.907702,-1.078042,-1.089288,0.601101,0.123987,-1.082942,-0.072251,-0.091524,-0.665883,-0.570164,0.212106,-0.766428,-0.098001,0.004421,-1.782751,1.355176,1.939586,1.903797,-0.250270,-0.244776,-0.187037,-0.111559,-0.192507,-1.086687,1.247225
24.733989,-0.266358,-1.666080,-0.252122,-0.904467,-1.079192,-1.084457,0.602462,0.095971,-1.122718,-0.102927,-0.072445,-0.663711,-0.565834,0.212718,-0.766665,-0.098253,0.004233,-1.782870,1.354985,1.938515,1.905026,-0.245244,-0.247415,-0.187287,-0.113802,-0.190411,-1.084398,1.243749
24.734943,-0.259728,-1.663572,-0.250793,-0.904232,-1.078109,-1.086501,0.602483,0.064844,-1.159838,-0.136934,-0.052669,-0.661335,-0.560964,0.213294,-0.766903,-0.098500,0.004048,-1.782990,1.354801,1.937418,1.906274,-0.241973,-0.247590,-0.186242,-0.115902,-0.188596,-1.088303,1.240167
24.735941,-0.255434,-1.668543,-0.251159,-0.905270,-1.075739,-1.084652,0.602487,0.028131,-1.191652,-0.176772,-0.033398,-0.658874,-0.555228,0.213795,-0.767150,-0.098750,0.003861,-1.783105,1.354609,1.936348,1.907525,-0.244585,-0.248240,-0.186250,-0.114956,-0.188847,-1.084854,1.238902
24.737003,-0.255918,-1.672258,-0.254372,-0.906251,-1.073281,-1.087653,0.600241,-0.007962,-1.218910,-0.215623,-0.015566,-0.656667,-0.549454,0.214196,-0.767401,-0.098990,0.003677,-1.783214,1.354417,1.935261,1.908761,-0.246008,-0.245354,-0.185493,-0.112976,-0.190423,-1.085539,1.237879
24.737980,-0.257316,-1.673152,-0.249514,-0.902065,-1.072535,-1.086858,0.600880,-0.039900,-1.246010,-0.249712,0.001466,-0.654863,-0.544228,0.214527,-0.767642,-0.099225,0.003500,-1.783320,1.354221,1.934171,1.910023,-0.245301,-0.243346,-0.183485,-0.111235,-0.192110,-1.081609,1.241552
24.739023,-0.260461,-1.674852,-0.248877,-0.903515,-1.071774,-1.087741,0.600760,-0.068740,-1.278104,-0.280366,0.020170,-0.653296,-0.539511,0.214831,-0.767883,-0.099467,0.003310,-1.783441,1.354030,1.933098,1.911253,-0.243964,-0.242461,-0.185289,-0.114203,-0.192027,-1.081213,1.239141
24.740096,-0.262086,-1.674858,-0.246639,-0.901968,-1.070564,-1.092175,0.601080,-0.094894,-1.316615,-0.308211,0.042005,-0.651795,-0.535234,0.215096,-0.768123,-0.099708,0.003124,-1.783546,1.353840,1.932019,1.912503,-0.241908,-0.241344,-0.185067,-0.111934,-0.192050,-1.079399,1.238501
24.741074,-0.260610,-1.677174,-0.249501,-0.901053,-1.070585,-1.094086,0.601868,-0.118811,-1.358301,-0.333740,0.065335,-0.650350,-0.531372,0.215276,-0.768358,-0.099945,0.002939,-1.783663,1.353643,1.930948,1.913752,-0.240757,-0.241197,-0.185733,-0.112498,-0.192498,-1.074225,1.237084
24.741971,-0.257155,-1.676722,-0.244380,-0.901688,-1.068393,-1.096913,0.601899,-0.140906,-1.400564,-0.357308,0.088801,-0.648951,-0.527953,0.215333,-0.768600,-0.100182,0.002757,-1.783772,1.353451,1.929895,1.914976,-0.240867,-0.239637,-0.183704,-0.112424,-0.191641,-1.071232,1.234448
24.743001,-0.260799,-1.675616,-0.239842,-0.901360,-1.071024,-1.095290,0.601810,-0.159387,-1.442532,-0.376977,0.111893,-0.647602,-0.525272,0.215265,-0.768839,-0.100421,0.002571,-1.783880,1.353257,1.928836,1.916217,-0.241805,-0.239270,-0.185538,-0.110701,-0.192917,-1.066819,1.232968
24.744030,-0.261783,-1.675570,-0.241429,-0.900509,-1.070848,-1.100774,0.598816,-0.170944,-1.480317,-0.389215,0.132229,-0.646446,-0.523794,0.215120,-0.769076,-0.100662,0.002382,-1.783989,1.353073,1.927784,1.917444,-0.239475,-0.239516,-0.187231,-0.110142,-0.189555,-1.067667,1.232299
24.744998,-0.261152,-1.676757,-0.238185,-0.899572,-1.069970,-1.102268,0.599378,-0.176265,-1.510272,-0.394743,0.148061,-0.645521,-0.523466,0.214964,-0.769312,-0.100903,0.002199,-1.784098,1.352888,1.926729,1.918701,-0.238540,-0.239231,-0.185903,-0.110114,-0.189062,-1.061262,1.237369
24.746085,-0.259377,-1.678567,-0.237729,-0.898465,-1.069135,-1.106248,0.600260,-0.177946,-1.533218,-0.396354,0.160280,-0.644732,-0.524001,0.214815,-0.769547,-0.101137,0.002010,-1.784207,1.352698,1.925668,1.919945,-0.238272,-0.238256,-0.186875,-0.110065,-0.189126,-1.058603,1.235005
24.746989,-0.256408,-1.675194,-0.228242,-0.898487,-1.070150,-1.104694,0.599252,-0.175388,-1.552730,-0.393438,0.171074,-0.644024,-0.525483,0.214611,-0.769787,-0.101375,0.001823,-1.784318,1.352506,1.924630,1.921166,-0.238799,-0.237230,-0.186637,-0.110324,-0.189252,-1.054172,1.232633
24.747965,-0.258773,-1.673384,-0.229424,-0.896371,-1.069796,-1.095270,0.598970,-0.165135,-1.569106,-0.382262,0.180674,-0.643485,-0.528359,0.214321,-0.770027,-0.101613,0.001624,-1.784422,1.352323,1.923574,1.922412,-0.239495,-0.238357,-0.190514,-0.109314,-0.187402,-1.054255,1.233256
24.749059,-0.254786,-1.673215,-0.226269,-0.895727,-1.071532,-1.092011,0.597404,-0.146440,-1.578511,-0.361955,0.187308,-0.643212,-0.532708,0.214008,-0.770262,-0.101853,0.001438,-1.784537,1.352134,1.922506,1.923657,-0.237715,-0.238822,-0.189246,-0.110346,-0.186971,-1.062557,1.232675
24.750050,-0.255094,-1.679137,-0.224415,-0.895560,-1.070832,-1.085863,0.597027,-0.123448,-1.579754,-0.336959,0.190858,-0.643106,-0.537912,0.213766,-0.770505,-0.102094,0.001243,-1.784646,1.351953,1.921434,1.924914,-0.239348,-0.238753,-0.190309,-0.110185,-0.184636,-1.065156,1.235115
24.750981,-0.247901,-1.675815,-0.221250,-0.895539,-1.068653,-1.090023,0.598985,-0.098294,-1.577681,-0.309613,0.193684,-0.642999,-0.543573,0.213620,-0.770742,-0.102320,0.001053,-1.784755,1.351769,1.920351,1.926144,-0.238612,-0.235538,-0.190569,-0.109407,-0.184625,-1.070108,1.234819
24.752083,-0.249611,-1.676222,-0.221096,-0.895978,-1.069388,-1.087952,0.600989,-0.069671,-1.576702,-0.278559,0.197335,-0.642824,-0.549761,0.213493,-0.770989,-0.102560,0.000859,-1.784859,1.351583,1.919302,1.927353,-0.241423,-0.236713,-0.191361,-0.108479,-0.186003,-1.064510,1.229684
24.753068,-0.244471,-1.678821,-0.215608,-0.896860,-1.070994,-1.084562,0.601232,-0.036726,-1.574031,-0.242902,0.199824,-0.642640,-0.556624,0.213311,-0.771228,-0.102794,0.000664,-1.784963,1.351405,1.918231,1.928575,-0.240213,-0.236453,-0.190904,-0.107395,-0.184694,-1.066107,1.225135
24.753980,-0.246046,-1.676654,-0.216089,-0.896812,-1.070518,-1.075135,0.598329,-0.000032,-1.567436,-0.203293,0.199516,-0.642488,-0.564206,0.213105,-0.771472,-0.103028,0.000468,-1.785065,1.351224,1.917163,1.929810,-0.242153,-0.234810,-0.192940,-0.105727,-0.182369,-1.068345,1.223615
24.755076,-0.242502,-1.676743,-0.213893,-0.897494,-1.073426,-1.066323,0.598493,0.038527,-1.557808,-0.161752,0.196556,-0.642322,-0.572305,0.212995,-0.771713,-0.103263,0.000276,-1.785169,1.351045,1.916067,1.931040,-0.240548,-0.235381,-0.191858,-0.104800,-0.182092,-1.076112,1.228153
24.756105,-0.239336,-1.678269,-0.210226,-0.898638,-1.073715,-1.066469,0.600746,0.075103,-1.543494,-0.122357,0.190270,-0.642099,-0.580262,0.213048,-0.771955,-0.103495,0.000083,-1.785269,1.350871,1.914956,1.932272,-0.241969,-0.235306,-0.192459,-0.103575,-0.178638,-1.084098,1.227157
24.757031,-0.241047,-1.683992,-0.207114,-0.900765,-1.075541,-1.066904,0.598476,0.109418,-1.523721,-0.085399,0.180272,-0.641885,-0.587647,0.213181,-0.772200,-0.103730,-0.000117,-1.785366,1.350694,1.913887,1.933472,-0.242977,-0.234301,-0.193595,-0.101803,-0.177756,-1.082933,1.221857
24.757953,-0.245252,-1.681471,-0.208582,-0.900165,-1.074821,-1.074273,0.597899,0.143752,-1.502510,-0.048537,0.167967,-0.641780,-0.594342,0.213292,-0.772442,-0.103956,-0.000315,-1.785458,1.350527,1.912813,1.934709,-0.241328,-0.231030,-0.194288,-0.099034,-0.175280,-1.080981,1.225180
24.759019,-0.246711,-1.683350,-0.208097,-0.900518,-1.078869,-1.077764,0.596333,0.175074,-1.483618,-0.015145,0.154890,-0.641730,-0.599752,0.213396,-0.772674,-0.104186,-0.000505,-1.785556,1.350354,1.911749,1.935942,-0.238565,-0.231886,-0.192765,-0.098846,-0.175333,-1.072079,1.225001
24.759956,-0.251277,-1.685188,-0.207013,-0.897257,-1.077996,-1.083848,0.594876,0.198385,-1.466142,0.009405,0.141099,-0.641665,-0.603275,0.213558,-0.772909,-0.104414,-0.000698,-1.785652,1.350190,1.910700,1.937166,-0.237490,-0.230873,-0.192458,-0.097980,-0.170786,-1.068018,1.227459
24.761077,-0.248452,-1.686987,-0.211486,-0.896093,-1.078346,-1.080482,0.596582,0.211710,-1.451671,0.023115,0.128515,-0.641516,-0.604822,0.213783,-0.773138,-0.104638,-0.000889,-1.785755,1.350021,1.909641,1.938402,-0.234593,-0.229615,-0.192248,-0.100377,-0.171069,-1.060539,1.229108
24.761995,-0.246205,-1.690055,-0.212927,-0.896697,-1.079236,-1.078200,0.595870,0.214355,-1.445242,0.025435,0.121152,-0.641145,-0.604466,0.213978,-0.773378,-0.104866,-0.001073,-1.785856,1.349851,1.908581,1.939630,-0.235753,-0.228806,-0.189619,-0.100973,-0.170267,-1.063623,1.225138
24.763032,-0.247991,-1.692587,-0.209703,-0.897287,-1.079845,-1.081237,0.594397,0.206422,-1.448424,0.016608,0.120445,-0.640507,-0.602292,0.214060,-0.773616,-0.105091,-0.001263,-1.785950,1.349685,1.907512,1.940845,-0.236136,-0.226865,-0.188146,-0.099645,-0.168739,-1.064366,1.225363
24.763998,-0.247638,-1.693450,-0.216144,-0.898390,-1.080153,-1.080479,0.592528,0.190556,-1.459791,-0.000563,0.125049,-0.639716,-0.598669,0.214060,-0.773846,-0.105314,-0.001451,-1.786045,1.349522,1.906455,1.942085,-0.234858,-0.225534,-0.189225,-0.098513,-0.167657,-1.060472,1.227448
24.764962,-0.249975,-1.692501,-0.212601,-0.895690,-1.083423,-1.083894,0.590573,0.138997,-1.493304,-0.055996,0.140791,-0.637896,-0.588095,0.214124,-0.774309,-0.105764,-0.001819,-1.786240,1.349205,1.904362,1.944556,-0.232758,-0.225046,-0.186537,-0.098685,-0.163040,-1.055534,1.232814
24.766034,-0.248146,-1.695168,-0.214935,-0.898028,-1.082787,-1.080648,0.591080,0.104281,-1.509368,-0.093293,0.149128,-0.636817,-0.581634,0.214219,-0.774542,-0.105988,-0.001998,-1.786330,1.349039,1.903313,1.945793,-0.233368,-0.223694,-0.184954,-0.095948,-0.163260,-1.058271,1.231028
24.767041,-0.243315,-1.688439,-0.218712,-0.897641,-1.083401,-1.078808,0.591799,0.104281,-1.509368,-0.093293,0.149128,-0.636817,-0.581634,0.214219,-0.774542,-0.105988,-0.001998,-1.786330,1.349039,1.903313,1.945793,-0.233368,-0.223694,-0.184954,-0.095948,-0.163260,-1.058271,1.231028
24.768027,-0.239894,-1.684698,-0.220672,-0.896048,-1.084035,-1.071027,0.591927,0.066578,-1.519121,-0.133740,0.154718,-0.635758,-0.574994,0.214291,-0.774783,-0.106224,-0.002176,-1.786425,1.348878,1.902243,1.947013,-0.235230,-0.226807,-0.182581,-0.095783,-0.162152,-1.059037,1.228670
24.769001,-0.241508,-1.679879,-0.219463,-0.895612,-1.082865,-1.070179,0.591709,-0.013309,-1.492292,-0.218956,0.145653,-0.634218,-0.561669,0.214434,-0.775249,-0.106686,-0.002528,-1.786619,1.348556,1.900097,1.949459,-0.235028,-0.230453,-0.181226,-0.096449,-0.161675,-1.065230,1.226803
24.770069,-0.240990,-1.678598,-0.222707,-0.896463,-1.085377,-1.067268,0.592383,-0.054834,-1.452612,-0.263150,0.130233,-0.633778,-0.554781,0.214586,-0.775485,-0.106917,-0.002706,-1.786712,1.348405,1.899022,1.950682,-0.234928,-0.230991,-0.179207,-0.095141,-0.158812,-1.067412,1.224750
24.771065,-0.238019,-1.682775,-0.224377,-0.896079,-1.085028,-1.064277,0.593274,-0.054834,-1.452612,-0.263150,0.130233,-0.633778,-0.554781,0.214586,-0.775485,-0.106917,-0.002706,-1.786712,1.348405,1.899022,1.950682,-0.234928,-0.230991,-0.179207,-0.095141,-0.158812,-1.067412,1.224750
24.772014,-0.235608,-1.678944,-0.228923,-0.896451,-1.083967,-1.065665,0.594516,-0.097679,-1.401957,-0.308784,0.110218,-0.633519,-0.547618,0.214776,-0.775721,-0.107145,-0.002880,-1.786806,1.348246,1.897943,1.951909,-0.235889,-0.228649,-0.177923,-0.094948,-0.158716,-1.069227,1.221972
24.772972,-0.232366,-1.678395,-0.229007,-0.895960,-1.081827,-1.061913,0.596529,-0.183911,-1.294998,-0.400864,0.068484,-0.633357,-0.533038,0.215034,-0.776194,-0.107607,-0.003219,-1.786990,1.347923,1.895816,1.954321,-0.237446,-0.230106,-0.174689,-0.093853,-0.160836,-1.068997,1.213299
24.773932,-0.234027,-1.678399,-0.233506,-0.894033,-1.079917,-1.065156,0.596131,-0.183911,-1.294998,-0.400864,0.068484,-0.633357,-0.533038,0.215034,-0.776194,-0.107607,-0.003219,-1.786990,1.347923,1.895816,1.954321,-0.237446,-0.230106,-0.174689,-0.093853,-0.160836,-1.068997,1.213299
24.774973,-0.233613,-1.679005,-0.230876,-0.895208,-1.078244,-1.066401,0.597690,-0.267084,-1.195281,-0.490302,0.031865,-0.633356,-0.519294,0.214885,-0.776667,-0.108066,-0.003561,-1.787178,1.347595,1.893701,1.956740,-0.235752,-0.229312,-0.172955,-0.093456,-0.163376,-1.062442,1.209191
24.776107,-0.231009,-1.677103,-0.236838,-0.894847,-1.076298,-1.071155,0.597777,-0.267084,-1.195281,-0.490302,0.031865,-0.633356,-0.519294,0.214885,-0.776667,-0.108066,-0.003561,-1.787178,1.347595,1.893701,1.956740,-0.235752,-0.229312,-0.172955,-0.093456,-0.163376,-1.062442,1.209191
24.777176,-0.237843,-1.675522,-0.237447,-0.896115,-1.077655,-1.073839,0.598164,-0.343356,-1.112067,-0.573281,0.002995,-0.633303,-0.507767,0.214532,-0.777130,-0.108533,-0.003892,-1.787359,1.347262,1.891601,1.959163,-0.233128,-0.231007,-0.169293,-0.091897,-0.163069,-1.054133,1.207247
24.777936,-0.239357,-1.676167,-0.238419,-0.894223,-1.078627,-1.072209,0.597659,-0.382665,-1.071744,-0.616422,-0.011941,-0.633193,-0.502565,0.214387,-0.777359,-0.108760,-0.004058,-1.787452,1.347102,1.890548,1.960379,-0.231392,-0.229846,-0.168068,-0.092848,-0.161351,-1.053522,1.206393
24.779048,-0.237097,-1.678893,-0.246589,-0.895527,-1.082282,-1.074587,0.598500,-0.382665,-1.071744,-0.616422,-0.011941,-0.633193,-0.502565,0.214387,-0.777359,-0.108760,-0.004058,-1.787452,1.347102,1.890548,1.960379,-0.231392,-0.229846,-0.168068,-0.092848,-0.161351,-1.053522,1.206393
24.780035,-0.234307,-1.678322,-0.245131,-0.897211,-1.083126,-1.071077,0.598908,-0.426049,-1.036992,-0.664119,-0.024910,-0.632775,-0.497402,0.214271,-0.777592,-0.108986,-0.004213,-1.787540,1.346955,1.889514,1.961592,-0.232313,-0.228564,-0.163912,-0.091291,-0.157443,-1.050853,1.204222
24.780984,-0.235774,-1.671476,-0.245870,-0.896190,-1.081190,-1.077361,0.597024,-0.515327,-0.983885,-0.762460,-0.047119,-0.631425,-0.488408,0.214180,-0.778058,-0.109454,-0.004539,-1.787716,1.346646,1.887419,1.964011,-0.231831,-0.231573,-0.163579,-0.089671,-0.157671,-1.045775,1.205170
24.782160,-0.234401,-1.671114,-0.248503,-0.894447,-1.082169,-1.080255,0.597026,-0.554353,-0.954709,-0.805617,-0.061325,-0.630923,-0.485302,0.214286,-0.778292,-0.109685,-0.004697,-1.787809,1.346488,1.886393,1.965210,-0.232433,-0.231903,-0.162295,-0.091165,-0.156401,-1.043040,1.204970
24.782988,-0.235066,-1.667740,-0.247130,-0.893503,-1.081744,-1.080472,0.597943,-0.554353,-0.954709,-0.805617,-0.061325,-0.630923,-0.485302,0.214286,-0.778292,-0.109685,-0.004697,-1.787809,1.346488,1.886393,1.965210,-0.232433,-0.231903,-0.162295,-0.091165,-0.156401,-1.043040,1.204970
24.784021,-0.234238,-1.667722,-0.243823,-0.892345,-1.080314,-1.078821,0.599630,-0.588257,-0.923213,-0.843234,-0.076601,-0.630515,-0.483225,0.214459,-0.778519,-0.109919,-0.004862,-1.787900,1.346332,1.885346,1.966413,-0.231281,-0.232870,-0.162376,-0.091289,-0.156196,-1.040962,1.201551
24.785021,-0.233385,-1.670704,-0.245335,-0.894271,-1.078220,-1.074382,0.600724,-0.615839,-0.892552,-0.874012,-0.090943,-0.630137,-0.482267,0.214630,-0.778751,-0.110153,-0.005028,-1.787993,1.346169,1.884315,1.967617,-0.231298,-0.232655,-0.163752,-0.091972,-0.157166,-1.041963,1.197420
24.785978,-0.226212,-1.668443,-0.248138,-0.894448,-1.078375,-1.069498,0.599761,-0.636322,-0.866463,-0.897064,-0.102750,-0.629731,-0.482465,0.214791,-0.778983,-0.110383,-0.005188,-1.788079,1.346010,1.883259,1.968799,-0.231249,-0.230902,-0.162693,-0.089635,-0.158797,-1.045420,1.194451
24.787003,-0.222978,-1.671082,-0.250161,-0.895770,-1.080718,-1.064039,0.597329,-0.650565,-0.846654,-0.913217,-0.111935,-0.629257,-0.483655,0.215021,-0.779220,-0.110614,-0.005344,-1.788166,1.345854,1.882197,1.970004,-0.234224,-0.231694,-0.160982,-0.088984,-0.158133,-1.049036,1.195364
24.788067,-0.229810,-1.669478,-0.246264,-0.896286,-1.080200,-1.070484,0.598224,-0.659257,-0.831829,-0.923220,-0.119729,-0.628752,-0.485644,0.215410,-0.779459,-0.110840,-0.005502,-1.788250,1.345701,1.881148,1.971203,-0.235328,-0.230208,-0.159770,-0.087352,-0.155387,-1.053670,1.199499
24.788980,-0.227397,-1.669359,-0.245677,-0.896968,-1.080406,-1.069067,0.599111,-0.663494,-0.820988,-0.928411,-0.126994,-0.628237,-0.488222,0.215936,-0.779686,-0.111072,-0.005667,-1.788335,1.345549,1.880104,1.972397,-0.231592,-0.230925,-0.161509,-0.086602,-0.155598,-1.046517,1.197059
24.790104,-0.224162,-1.666037,-0.247096,-0.896700,-1.081557,-1.067960,0.599016,-0.664542,-0.812418,-0.930247,-0.134822,-0.627747,-0.491295,0.216495,-0.779917,-0.111299,-0.005828,-1.788419,1.345394,1.879050,1.973591,-0.232169,-0.230549,-0.161364,-0.085430,-0.154860,-1.046547,1.194096
24.791028,-0.219143,-1.665742,-0.244077,-0.895174,-1.079565,-1.057857,0.596910,-0.662011,-0.803452,-0.928220,-0.144405,-0.627375,-0.494986,0.217043,-0.780154,-0.111533,-0.005987,-1.788505,1.345242,1.878003,1.974776,-0.233548,-0.232242,-0.160584,-0.085542,-0.153442,-1.047369,1.194000
24.791967,-0.215322,-1.671057,-0.244749,-0.895117,-1.080639,-1.048065,0.594904,-0.654355,-0.793025,-0.920529,-0.155503,-0.627192,-0.499425,0.217632,-0.780391,-0.111762,-0.006148,-1.788594,1.345085,1.876928,1.975979,-0.235342,-0.231950,-0.161695,-0.086473,-0.154927,-1.056028,1.197070
24.793046,-0.214432,-1.674884,-0.244222,-0.894613,-1.081892,-1.047366,0.595603,-0.640736,-0.786471,-0.906237,-0.164613,-0.627079,-0.504477,0.218317,-0.780631,-0.111983,-0.006309,-1.788679,1.344936,1.875856,1.977171,-0.236537,-0.228965,-0.160950,-0.086070,-0.153380,-1.064395,1.200008
24.793975,-0.211627,-1.680857,-0.242165,-0.897521,-1.083444,-1.047175,0.594263,-0.622470,-0.792449,-0.886832,-0.167251,-0.626794,-0.509659,0.219050,-0.780867,-0.112205,-0.006470,-1.788764,1.344788,1.874794,1.978364,-0.236632,-0.227120,-0.161074,-0.086351,-0.151854,-1.064392,1.198036
24.795081,-0.217167,-1.681948,-0.249067,-0.896394,-1.084707,-1.060153,0.592937,-0.600307,-0.814780,-0.863245,-0.162258,-0.626288,-0.514605,0.219742,-0.781103,-0.112419,-0.006631,-1.788840,1.344641,1.873729,1.979573,-0.237348,-0.223875,-0.161693,-0.083146,-0.149864,-1.063125,1.199571
24.796051,-0.223513,-1.683960,-0.244674,-0.896057,-1.086949,-1.065495,0.591920,-0.576786,-0.851865,-0.838322,-0.151404,-0.625637,-0.518898,0.220373,-0.781336,-0.112643,-0.006784,-1.788924,1.344494,1.872704,1.980767,-0.234301,-0.223452,-0.158189,-0.084136,-0.148374,-1.049772,1.201811
24.797036,-0.222938,-1.677412,-0.249077,-0.892741,-1.087502,-1.068740,0.589530,-0.546036,-0.952056,-0.806659,-0.120020,-0.623950,-0.523338,0.221620,-0.781788,-0.113093,-0.007100,-1.789100,1.344213,1.870644,1.983198,-0.230521,-0.225269,-0.157613,-0.086878,-0.144970,-1.039336,1.206610
24.797941,-0.220575,-1.674980,-0.250316,-0.891364,-1.088964,-1.064951,0.591166,-0.546036,-0.952056,-0.806659,-0.120020,-0.623950,-0.523338,0.221620,-0.781788,-0.113093,-0.007100,-1.789100,1.344213,1.870644,1.983198,-0.230521,-0.225269,-0.157613,-0.086878,-0.144970,-1.039336,1.206610
24.798993,-0.225439,-1.677697,-0.250273,-0.890670,-1.090361,-1.064180,0.590295,-0.541216,-0.999978,-0.802337,-0.104624,-0.623137,-0.523334,0.222240,-0.782021,-0.113322,-0.007255,-1.789188,1.344075,1.869595,1.984377,-0.231000,-0.225988,-0.156633,-0.087650,-0.143122,-1.041721,1.202103
24.800014,-0.230256,-1.685180,-0.246765,-0.889236,-1.090887,-1.070377,0.591152,-0.542915,-1.040678,-0.804967,-0.091119,-0.622473,-0.521972,0.222783,-0.782242,-0.113540,-0.007409,-1.789275,1.343937,1.868550,1.985581,-0.228314,-0.224642,-0.156543,-0.088021,-0.141527,-1.041806,1.203229
24.801060,-0.228657,-1.685782,-0.248505,-0.890588,-1.090863,-1.072237,0.591072,-0.550264,-1.081442,-0.813684,-0.075935,-0.621846,-0.519425,0.223231,-0.782463,-0.113754,-0.007571,-1.789367,1.343797,1.867540,1.986761,-0.225609,-0.220868,-0.158057,-0.088968,-0.140758,-1.034924,1.200778
24.802052,-0.228030,-1.688134,-0.250517,-0.892017,-1.092819,-1.078719,0.590668,-0.560761,-1.129029,-0.825848,-0.056147,-0.621171,-0.516118,0.223618,-0.782690,-0.113972,-0.007725,-1.789450,1.343659,1.866512,1.987959,-0.226124,-0.220613,-0.157025,-0.087338,-0.140574,-1.032512,1.200284
24.803012,-0.236593,-1.683919,-0.249684,-0.891640,-1.092765,-1.074483,0.590264,-0.571762,-1.180168,-0.838544,-0.034357,-0.620596,-0.512579,0.224007,-0.782916,-0.114190,-0.007877,-1.789534,1.343525,1.865506,1.989168,-0.226019,-0.219308,-0.155826,-0.085574,-0.138365,-1.025232,1.200164
24.803944,-0.234884,-1.680743,-0.245944,-0.890672,-1.093089,-1.068330,0.592026,-0.584460,-1.226971,-0.853020,-0.015047,-0.620243,-0.508907,0.224445,-0.783127,-0.114416,-0.008033,-1.789621,1.343387,1.864471,1.990373,-0.221366,-0.221142,-0.155967,-0.085494,-0.138133,-1.028483,1.199930
24.804946,-0.229332,-1.676607,-0.245024,-0.892259,-1.094856,-1.061255,0.592968,-0.600861,-1.262149,-0.871376,-0.001178,-0.620112,-0.504950,0.224907,-0.783349,-0.114638,-0.008192,-1.789707,1.343248,1.863419,1.991550,-0.221759,-0.222405,-0.157464,-0.085952,-0.137466,-1.033306,1.195324
24.805941,-0.232821,-1.676035,-0.242069,-0.892306,-1.094339,-1.056308,0.593602,-0.617140,-1.279848,-0.889332,0.004982,-0.620302,-0.501083,0.225333,-0.783577,-0.114866,-0.008351,-1.789787,1.343118,1.862381,1.992720,-0.224129,-0.224258,-0.157657,-0.084100,-0.135500,-1.039510,1.192724
24.807054,-0.230173,-1.676857,-0.244665,-0.892293,-1.095651,-1.058260,0.594101,-0.628938,-1.277919,-0.902133,0.002322,-0.620931,-0.497662,0.225697,-0.783796,-0.115093,-0.008513,-1.789872,1.342982,1.861327,1.993906,-0.222005,-0.224308,-0.158838,-0.083716,-0.135800,-1.043418,1.190635
24.808011,-0.237519,-1.674686,-0.246507,-0.894005,-1.094779,-1.057353,0.595670,-0.636436,-1.260660,-0.910118,-0.006964,-0.621903,-0.494499,0.226003,-0.784020,-0.115316,-0.008668,-1.789957,1.342849,1.860284,1.995100,-0.223243,-0.224016,-0.157482,-0.083547,-0.134380,-1.041078,1.189253
24.808991,-0.235972,-1.674894,-0.240901,-0.892591,-1.096359,-1.062946,0.593588,-0.643029,-1.233063,-0.917144,-0.020464,-0.623067,-0.491155,0.226249,-0.784231,-0.115542,-0.008823,-1.790036,1.342713,1.859252,1.996271,-0.219192,-0.224804,-0.156275,-0.081542,-0.134981,-1.040911,1.185166
24.810052,-0.235349,-1.678055,-0.245793,-0.891329,-1.097054,-1.058761,0.594086,-0.650622,-1.197589,-0.925372,-0.037185,-0.624392,-0.487497,0.226449,-0.784450,-0.115765,-0.008986,-1.790121,1.342583,1.858219,1.997472,-0.219642,-0.224480,-0.158775,-0.082591,-0.133176,-1.034278,1.188463
24.810955,-0.231283,-1.678028,-0.243631,-0.890915,-1.094590,-1.055654,0.594410,-0.656853,-1.161065,-0.932207,-0.053363,-0.625784,-0.483960,0.226612,-0.784672,-0.115986,-0.009138,-1.790208,1.342452,1.857183,1.998649,-0.219738,-0.222898,-0.156195,-0.083535,-0.132375,-1.038008,1.186882
24.811944,-0.232927,-1.674062,-0.241325,-0.889236,-1.093843,-1.054210,0.595213,-0.660384,-1.131123,-0.936117,-0.064690,-0.627066,-0.480822,0.226702,-0.784897,-0.116210,-0.009298,-1.790291,1.342316,1.856133,1.999835,-0.221172,-0.222504,-0.156877,-0.083461,-0.134518,-1.039609,1.185048
24.812946,-0.231603,-1.674143,-0.241779,-0.889178,-1.093990,-1.053769,0.596208,-0.660167,-1.107628,-0.935942,-0.071067,-0.628241,-0.478251,0.226685,-0.785112,-0.116436,-0.009454,-1.790378,1.342182,1.855086,2.001023,-0.220027,-0.224282,-0.157779,-0.084739,-0.135010,-1.040028,1.182578
24.813925,-0.235782,-1.676325,-0.237543,-0.890208,-1.094181,-1.061488,0.595084,-0.655399,-1.086225,-0.930848,-0.074756,-0.629400,-0.476328,0.226601,-0.785335,-0.116661,-0.009610,-1.790464,1.342047,1.854058,2.002193,-0.220327,-0.224040,-0.157320,-0.084389,-0.134631,-1.039630,1.179845
24.814986,-0.236272,-1.676708,-0.237741,-0.891944,-1.093326,-1.066292,0.594371,-0.646527,-1.066040,-0.921405,-0.077077,-0.630572,-0.475060,0.226542,-0.785545,-0.116880,-0.009774,-1.790543,1.341914,1.853037,2.003386,-0.217950,-0.222773,-0.159102,-0.083094,-0.134205,-1.030919,1.181215
24.816012,-0.234754,-1.677473,-0.235813,-0.892228,-1.093033,-1.069118,0.595310,-0.633551,-1.047814,-0.907679,-0.079153,-0.631791,-0.474638,0.226583,-0.785763,-0.117103,-0.009931,-1.790620,1.341778,1.852030,2.004582,-0.217562,-0.222580,-0.158833,-0.081301,-0.134896,-1.025766,1.182032
24.816978,-0.234800,-1.673394,-0.234774,-0.890268,-1.091653,-1.068810,0.597050,-0.616263,-1.030796,-0.889424,-0.082377,-0.633104,-0.475266,0.226703,-0.785982,-0.117324,-0.010093,-1.790698,1.341646,1.851009,2.005753,-0.217957,-0.222004,-0.159483,-0.080792,-0.134958,-1.022036,1.179265
24.817943,-0.233800,-1.674261,-0.235754,-0.892113,-1.090939,-1.067477,0.598582,-0.594596,-1.013936,-0.866488,-0.087120,-0.634501,-0.477012,0.226824,-0.786196,-0.117548,-0.010252,-1.790785,1.341506,1.849987,2.006926,-0.217391,-0.223595,-0.159535,-0.082178,-0.135931,-1.020902,1.174487
24.818988,-0.233154,-1.666403,-0.235195,-0.891650,-1.090184,-1.069014,0.595741,-0.570464,-0.995855,-0.840854,-0.093666,-0.635951,-0.479632,0.226898,-0.786414,-0.117771,-0.010408,-1.790862,1.341369,1.848979,2.008074,-0.217316,-0.222674,-0.158605,-0.079940,-0.136250,-1.020861,1.170246
24.819932,-0.230278,-1.667366,-0.235590,-0.890573,-1.089224,-1.069010,0.595460,-0.546247,-0.972522,-0.815022,-0.104249,-0.637544,-0.482786,0.226981,-0.786632,-0.118002,-0.010569,-1.790941,1.341234,1.847963,2.009266,-0.217225,-0.226275,-0.158539,-0.080136,-0.136724,-1.018254,1.174949
24.821020,-0.234438,-1.671764,-0.234646,-0.889592,-1.087960,-1.076762,0.596628,-0.522251,-0.940910,-0.789304,-0.120220,-0.639355,-0.486337,0.227142,-0.786849,-0.118226,-0.010725,-1.791023,1.341093,1.846963,2.010447,-0.218058,-0.225231,-0.157877,-0.080695,-0.137246,-1.016831,1.174072
24.822053,-0.235077,-1.675073,-0.233117,-0.892173,-1.088559,-1.073532,0.595531,-0.498540,-0.908450,-0.763890,-0.137345,-0.641169,-0.490228,0.227328,-0.787063,-0.118446,-0.010885,-1.791106,1.340955,1.845964,2.011621,-0.215671,-0.222869,-0.158071,-0.081372,-0.138236,-1.008266,1.170862
24.822957,-0.229213,-1.674875,-0.234769,-0.892809,-1.084247,-1.068105,0.594970,-0.476209,-0.885277,-0.740108,-0.150828,-0.642754,-0.494400,0.227445,-0.787276,-0.118662,-0.011044,-1.791178,1.340819,1.844946,2.012782,-0.214981,-0.220992,-0.158475,-0.078607,-0.137312,-1.010485,1.172108
24.824000,-0.220964,-1.679115,-0.227692,-0.892360,-1.083593,-1.062238,0.593827,-0.455511,-0.872609,-0.718210,-0.160840,-0.644148,-0.498872,0.227498,-0.787499,-0.118885,-0.011200,-1.791253,1.340669,1.843931,2.013939,-0.217175,-0.220504,-0.157127,-0.077578,-0.141098,-1.014207,1.171787
24.824994,-0.227480,-1.677823,-0.222757,-0.891874,-1.080713,-1.057514,0.592773,-0.432096,-0.869764,-0.693397,-0.167766,-0.645421,-0.504102,0.227582,-0.787730,-0.119101,-0.011367,-1.791331,1.340525,1.842904,2.015115,-0.220741,-0.218177,-0.160263,-0.077784,-0.141344,-1.018962,1.173076
24.825966,-0.224998,-1.676538,-0.221633,-0.894043,-1.080805,-1.059671,0.593212,-0.401262,-0.877559,-0.660587,-0.170466,-0.646519,-0.510506,0.227771,-0.787940,-0.119318,-0.011532,-1.791410,1.340375,1.841867,2.016298,-0.216980,-0.218516,-0.162235,-0.077904,-0.143754,-1.022253,1.173961
24.827062,-0.220609,-1.678762,-0.222625,-0.896292,-1.082972,-1.057737,0.592744,-0.364989,-0.891177,-0.621940,-0.171042,-0.647445,-0.517767,0.228053,-0.788159,-0.119538,-0.011693,-1.791477,1.340231,1.840858,2.017453,-0.217678,-0.218758,-0.162309,-0.075584,-0.143184,-1.018664,1.171872
24.828064,-0.216703,-1.679969,-0.223001,-0.895513,-1.080113,-1.053920,0.590896,-0.326061,-0.903782,-0.580404,-0.173599,-0.648357,-0.525618,0.228371,-0.788381,-0.119751,-0.011854,-1.791546,1.340095,1.839830,2.018632,-0.219531,-0.217582,-0.161513,-0.073356,-0.140761,-1.019769,1.171990
24.828988,-0.219444,-1.675427,-0.220169,-0.896806,-1.081879,-1.046823,0.589832,-0.285130,-0.914991,-0.536679,-0.178589,-0.649301,-0.534006,0.228705,-0.788606,-0.119966,-0.012015,-1.791620,1.339947,1.838807,2.019800,-0.220894,-0.216710,-0.160893,-0.073940,-0.143208,-1.022305,1.174583
24.830018,-0.213829,-1.677515,-0.215723,-0.897442,-1.080871,-1.039802,0.589143,-0.244636,-0.924725,-0.493458,-0.185284,-0.650219,-0.542539,0.229050,-0.788823,-0.120189,-0.012178,-1.791689,1.339811,1.837767,2.020979,-0.218834,-0.218453,-0.161761,-0.072397,-0.140978,-1.027660,1.175242
24.830947,-0.206142,-1.676202,-0.213111,-0.897851,-1.080990,-1.036836,0.587987,-0.205656,-0.929832,-0.451865,-0.194676,-0.651204,-0.550901,0.229389,-0.789046,-0.120400,-0.012341,-1.791760,1.339670,1.836714,2.022163,-0.221174,-0.217206,-0.163577,-0.071642,-0.141659,-1.033343,1.175525
24.832075,-0.213277,-1.682638,-0.213151,-0.899199,-1.079418,-1.039412,0.587248,-0.164177,-0.930880,-0.407466,-0.206160,-0.652393,-0.559279,0.229704,-0.789277,-0.120618,-0.012509,-1.791829,1.339532,1.835688,2.023351,-0.224209,-0.217397,-0.164253,-0.071021,-0.141091,-1.034593,1.176376
24.833004,-0.212539,-1.681868,-0.213499,-0.898567,-1.079236,-1.045352,0.587284,-0.119312,-0.932613,-0.359344,-0.217116,-0.653737,-0.567463,0.229974,-0.789489,-0.120823,-0.012673,-1.791895,1.339390,1.834660,2.024521,-0.220406,-0.214266,-0.163954,-0.069819,-0.142411,-1.031248,1.177160
24.834014,-0.221273,-1.681588,-0.214023,-0.898806,-1.079529,-1.047479,0.589801,-0.076862,-0.940231,-0.313930,-0.224774,-0.655004,-0.574549,0.230167,-0.789710,-0.121040,-0.012834,-1.791967,1.339246,1.833655,2.025697,-0.220115,-0.214212,-0.163241,-0.070166,-0.142087,-1.023728,1.175652
24.835081,-0.220197,-1.686154,-0.212657,-0.897059,-1.078244,-1.047969,0.591221,-0.042809,-0.954105,-0.277744,-0.228547,-0.656049,-0.579741,0.230248,-0.789917,-0.121254,-0.012994,-1.792035,1.339106,1.832643,2.026844,-0.215344,-0.214101,-0.162575,-0.069838,-0.141424,-1.020447,1.169555
24.836051,-0.223515,-1.680245,-0.212041,-0.892440,-1.078589,-1.049447,0.592764,-0.020273,-0.974338,-0.254088,-0.227726,-0.656771,-0.582664,0.230215,-0.790132,-0.121460,-0.013157,-1.792109,1.338958,1.831621,2.028008,-0.215606,-0.211775,-0.162908,-0.071471,-0.142337,-1.018998,1.165855
24.837038,-0.220866,-1.681368,-0.214216,-0.894835,-1.077721,-1.050415,0.593134,-0.008253,-1.003263,-0.241746,-0.219810,-0.657039,-0.583474,0.230131,-0.790344,-0.121682,-0.013320,-1.792193,1.338818,1.830623,2.029153,-0.213418,-0.214341,-0.162707,-0.075595,-0.141558,-1.016202,1.161611
24.837960,-0.226210,-1.681347,-0.215721,-0.894063,-1.076346,-1.055881,0.594977,-0.009763,-1.071287,-0.244086,-0.189191,-0.656704,-0.580024,0.230071,-0.790760,-0.122105,-0.013638,-1.792334,1.338531,1.828621,2.031476,-0.211087,-0.213061,-0.159907,-0.073473,-0.142898,-1.006942,1.154638
24.838995,-0.225724,-1.683191,-0.220682,-0.894572,-1.076850,-1.056940,0.595154,-0.009763,-1.071287,-0.244086,-0.189191,-0.656704,-0.580024,0.230071,-0.790760,-0.122105,-0.013638,-1.792334,1.338531,1.828621,2.031476,-0.211087,-0.213061,-0.159907,-0.073473,-0.142898,-1.006942,1.154638
24.839996,-0.227135,-1.678418,-0.215020,-0.894621,-1.078240,-1.058422,0.596287,-0.024739,-1.105289,-0.260365,-0.170961,-0.656342,-0.576048,0.230051,-0.790971,-0.122316,-0.013790,-1.792406,1.338389,1.827618,2.032618,-0.211016,-0.211978,-0.157139,-0.072819,-0.142014,-1.004913,1.153416
24.841062,-0.230477,-1.676170,-0.211027,-0.892610,-1.076872,-1.058489,0.594900,-0.073909,-1.161860,-0.313092,-0.137095,-0.655730,-0.565600,0.229842,-0.791381,-0.122750,-0.014119,-1.792557,1.338108,1.825631,2.034912,-0.208054,-0.215038,-0.161166,-0.074365,-0.141312,-1.001437,1.152092
24.842059,-0.232209,-1.673429,-0.208246,-0.890985,-1.074914,-1.050867,0.593115,-0.098835,-1.178300,-0.339383,-0.124082,-0.655679,-0.560487,0.229730,-0.791585,-0.122970,-0.014284,-1.792633,1.337965,1.824609,2.036072,-0.206836,-0.216064,-0.162065,-0.075685,-0.142855,-1.007816,1.154553
24.842999,-0.227201,-1.670456,-0.214811,-0.889533,-1.075263,-1.046080,0.591204,-0.098835,-1.178300,-0.339383,-0.124082,-0.655679,-0.560487,0.229730,-0.791585,-0.122970,-0.014284,-1.792633,1.337965,1.824609,2.036072,-0.206836,-0.216064,-0.162065,-0.075685,-0.142855,-1.007816,1.154553
24.844034,-0.225643,-1.667883,-0.210684,-0.889258,-1.078793,-1.041902,0.592634,-0.123821,-1.187868,-0.365358,-0.112529,-0.655606,-0.555507,0.229673,-0.791794,-0.123186,-0.014434,-1.792712,1.337820,1.823584,2.037237,-0.208849,-0.217110,-0.158355,-0.076693,-0.142001,-1.010963,1.157039
24.845071,-0.231941,-1.671647,-0.205694,-0.888949,-1.078989,-1.041817,0.592753,-0.148936,-1.190412,-0.391083,-0.102905,-0.655489,-0.550556,0.229630,-0.792006,-0.123409,-0.014597,-1.792788,1.337688,1.822570,2.038368,-0.209253,-0.218100,-0.160067,-0.076726,-0.138171,-1.014057,1.153253
24.846052,-0.230715,-1.671145,-0.201552,-0.889122,-1.079536,-1.040842,0.593816,-0.171604,-1.188370,-0.413934,-0.094995,-0.655396,-0.545765,0.229526,-0.792201,-0.123619,-0.014763,-1.792866,1.337549,1.821554,2.039516,-0.205908,-0.216049,-0.162129,-0.076769,-0.137680,-1.013011,1.152118
24.846963,-0.228782,-1.664234,-0.205325,-0.886631,-1.081137,-1.041241,0.590142,-0.189581,-1.187192,-0.431676,-0.087140,-0.655331,-0.541273,0.229351,-0.792408,-0.123837,-0.014927,-1.792943,1.337413,1.820553,2.040642,-0.206138,-0.215950,-0.163698,-0.076237,-0.136766,-1.012727,1.148934
24.848091,-0.234499,-1.668300,-0.205131,-0.882582,-1.082684,-1.042614,0.591365,-0.202437,-1.186333,-0.443870,-0.080025,-0.655379,-0.537125,0.229193,-0.792616,-0.124063,-0.015083,-1.793025,1.337283,1.819544,2.041810,-0.206525,-0.218812,-0.161268,-0.078186,-0.134789,-1.010656,1.154927
24.849016,-0.232901,-1.669053,-0.203890,-0.883823,-1.081840,-1.038991,0.593525,-0.213258,-1.185258,-0.453883,-0.073161,-0.655475,-0.533091,0.229112,-0.792814,-0.124274,-0.015243,-1.793116,1.337155,1.818530,2.042965,-0.203636,-0.216788,-0.161166,-0.081801,-0.133113,-1.008648,1.151755
24.849981,-0.228305,-1.666256,-0.200390,-0.883270,-1.082162,-1.038859,0.594770,-0.225062,-1.190039,-0.465070,-0.063033,-0.655411,-0.529083,0.229035,-0.793018,-0.124490,-0.015403,-1.793193,1.337022,1.817524,2.044091,-0.203972,-0.215950,-0.161249,-0.080096,-0.133587,-1.010750,1.146182
24.851074,-0.225257,-1.668572,-0.205287,-0.883415,-1.081141,-1.037911,0.597051,-0.234993,-1.200614,-0.474254,-0.050544,-0.655343,-0.525700,0.228891,-0.793229,-0.124710,-0.015567,-1.793272,1.336891,1.816512,2.045233,-0.205779,-0.216947,-0.162497,-0.080242,-0.132937,-1.009439,1.142555
24.851996,-0.227582,-1.671690,-0.203070,-0.883077,-1.082745,-1.039054,0.596237,-0.239270,-1.212558,-0.477236,-0.038720,-0.655496,-0.523495,0.228727,-0.793438,-0.124923,-0.015719,-1.793350,1.336755,1.815511,2.046389,-0.207096,-0.215711,-0.159818,-0.079920,-0.133726,-1.009671,1.137216
24.852947,-0.232348,-1.672609,-0.203105,-0.884135,-1.081584,-1.044319,0.596027,-0.239107,-1.227532,-0.475463,-0.027050,-0.655742,-0.522294,0.228658,-0.793643,-0.125136,-0.015883,-1.793428,1.336629,1.814509,2.047511,-0.205385,-0.213706,-0.160376,-0.079795,-0.131771,-1.006940,1.137679
24.854083,-0.233623,-1.670869,-0.197472,-0.883765,-1.083969,-1.049867,0.596881,-0.237910,-1.248169,-0.472868,-0.014679,-0.655906,-0.521667,0.228779,-0.793837,-0.125345,-0.016042,-1.793503,1.336496,1.813517,2.048650,-0.202661,-0.212935,-0.159873,-0.078386,-0.132598,-1.000281,1.136892
24.854979,-0.228095,-1.665315,-0.196421,-0.882851,-1.085251,-1.054071,0.596863,-0.236182,-1.271349,-0.470069,-0.003529,-0.656056,-0.521579,0.229075,-0.794040,-0.125562,-0.016209,-1.793584,1.336369,1.812546,2.049767,-0.202001,-0.213829,-0.162420,-0.078586,-0.130077,-0.994402,1.134723
24.856032,-0.230300,-1.664870,-0.193775,-0.881389,-1.086502,-1.051992,0.596258,-0.229687,-1.289767,-0.462298,0.003011,-0.656434,-0.522559,0.229453,-0.794250,-0.125784,-0.016372,-1.793662,1.336245,1.811561,2.050922,-0.204162,-0.216009,-0.162306,-0.079004,-0.128475,-0.988615,1.133314
24.856988,-0.231500,-1.663493,-0.192908,-0.883182,-1.085106,-1.052208,0.596636,-0.215431,-1.298694,-0.446125,0.003444,-0.657161,-0.524944,0.229851,-0.794449,-0.125997,-0.016536,-1.793744,1.336121,1.810562,2.052048,-0.202858,-0.216067,-0.163248,-0.080120,-0.127055,-0.989856,1.133760
24.858000,-0.233674,-1.665850,-0.195423,-0.881536,-1.084800,-1.051497,0.594466,-0.195959,-1.298202,-0.424317,-0.001598,-0.658166,-0.528359,0.230248,-0.794650,-0.126216,-0.016702,-1.793819,1.335987,1.809591,2.053178,-0.201868,-0.216330,-0.163119,-0.077969,-0.128114,-0.988410,1.131841
24.859038,-0.232262,-1.665987,-0.191678,-0.882244,-1.084736,-1.055339,0.594527,-0.176414,-1.291386,-0.402562,-0.010363,-0.659288,-0.532111,0.230656,-0.794845,-0.126427,-0.016861,-1.793899,1.335861,1.808606,2.054309,-0.200559,-0.214923,-0.161458,-0.079280,-0.128190,-0.988104,1.135287
24.860126,-0.240635,-1.671447,-0.191790,-0.882852,-1.084500,-1.059626,0.593448,-0.159197,-1.283277,-0.383563,-0.019945,-0.660336,-0.535852,0.231090,-0.795048,-0.126642,-0.017029,-1.793975,1.335732,1.807640,2.055425,-0.201040,-0.214668,-0.162907,-0.078325,-0.128020,-0.983441,1.134331
24.861017,-0.239893,-1.671853,-0.188606,-0.881976,-1.081414,-1.057925,0.591407,-0.144146,-1.278308,-0.367208,-0.028105,-0.661197,-0.539621,0.231528,-0.795239,-0.126851,-0.017192,-1.794052,1.335605,1.806669,2.056562,-0.196799,-0.211895,-0.162503,-0.077556,-0.128090,-0.978582,1.135815
24.862028,-0.237044,-1.673005,-0.185728,-0.881081,-1.083281,-1.054096,0.592047,-0.132541,-1.280266,-0.354886,-0.032982,-0.661733,-0.543341,0.231937,-0.795435,-0.127060,-0.017356,-1.794130,1.335468,1.805682,2.057714,-0.196738,-0.211256,-0.163480,-0.077924,-0.130750,-0.978713,1.138452
24.863000,-0.234136,-1.671303,-0.188324,-0.879989,-1.082539,-1.047115,0.589491,-0.122767,-1.290369,-0.344707,-0.033379,-0.661859,-0.547201,0.232280,-0.795638,-0.127269,-0.017524,-1.794209,1.335344,1.804702,2.058835,-0.197870,-0.210490,-0.164415,-0.078494,-0.128623,-0.981576,1.136216
24.864021,-0.233048,-1.669329,-0.184396,-0.881205,-1.083686,-1.045191,0.590530,-0.112114,-1.305967,-0.333556,-0.029926,-0.661611,-0.551429,0.232531,-0.795836,-0.127481,-0.017686,-1.794287,1.335215,1.803703,2.059987,-0.198996,-0.211046,-0.162605,-0.079201,-0.129090,-0.987289,1.140219
24.864971,-0.235827,-1.664907,-0.180697,-0.879032,-1.083687,-1.047944,0.591015,-0.100541,-1.321322,-0.321325,-0.025364,-0.661132,-0.555908,0.232719,-0.796039,-0.127698,-0.017852,-1.794363,1.335091,1.802721,2.061129,-0.199246,-0.211772,-0.164147,-0.077727,-0.127730,-0.988203,1.137114
24.866096,-0.238416,-1.660969,-0.180806,-0.880306,-1.085399,-1.045383,0.592063,-0.087308,-1.329746,-0.307220,-0.023282,-0.660669,-0.560634,0.232891,-0.796233,-0.127915,-0.018021,-1.794446,1.334964,1.801734,2.062276,-0.197505,-0.213558,-0.165391,-0.079399,-0.127436,-0.984065,1.134923
24.866977,-0.236035,-1.660621,-0.178885,-0.880263,-1.086189,-1.042867,0.590912,-0.073300,-1.325844,-0.292226,-0.026409,-0.660401,-0.565446,0.233085,-0.796426,-0.128133,-0.018185,-1.794520,1.334843,1.800735,2.063401,-0.196272,-0.215500,-0.165048,-0.078031,-0.125647,-0.986132,1.132304
24.868009,-0.235778,-1.666250,-0.178570,-0.882145,-1.087581,-1.036915,0.590951,-0.060653,-1.307402,-0.278658,-0.036163,-0.660443,-0.570067,0.233295,-0.796626,-0.128348,-0.018351,-1.794599,1.334717,1.799756,2.064541,-0.196939,-0.215092,-0.165344,-0.077543,-0.124503,-0.987013,1.133196
24.868960,-0.233453,-1.665926,-0.176347,-0.881810,-1.084802,-1.031943,0.589845,-0.049573,-1.280471,-0.266741,-0.050234,-0.660768,-0.574509,0.233476,-0.796825,-0.128554,-0.018517,-1.794671,1.334596,1.798751,2.065663,-0.196850,-0.212151,-0.165052,-0.075503,-0.122947,-0.991965,1.132260
24.869955,-0.231010,-1.665373,-0.172733,-0.879767,-1.082487,-1.029427,0.588529,-0.039553,-1.254093,-0.255937,-0.064554,-0.661244,-0.578832,0.233616,-0.797021,-0.128764,-0.018680,-1.794747,1.334464,1.797758,2.066798,-0.197671,-0.211996,-0.165640,-0.075497,-0.125416,-0.995558,1.133316
24.870999,-0.226787,-1.663928,-0.178735,-0.881593,-1.081852,-1.027672,0.586659,-0.028639,-1.232212,-0.244087,-0.076681,-0.661786,-0.583092,0.233774,-0.797223,-0.128978,-0.018849,-1.794829,1.334333,1.796749,2.067927,-0.198557,-0.211995,-0.166923,-0.077120,-0.127431,-0.996806,1.134959
24.872112,-0.227762,-1.662654,-0.182559,-0.879782,-1.084668,-1.031136,0.588638,-0.015742,-1.213716,-0.229981,-0.086718,-0.662376,-0.587111,0.234014,-0.797426,-0.129190,-0.019004,-1.794900,1.334202,1.795743,2.069067,-0.200449,-0.212579,-0.163584,-0.075161,-0.127809,-0.997560,1.137842
24.872938,-0.233005,-1.660141,-0.178910,-0.880801,-1.083170,-1.038162,0.588233,-0.004231,-1.195097,-0.217370,-0.096694,-0.663005,-0.590178,0.234302,-0.797630,-0.129406,-0.019159,-1.794981,1.334082,1.794763,2.070177,-0.199827,-0.213173,-0.161488,-0.076779,-0.124901,-0.993545,1.133309
24.873962,-0.232272,-1.661035,-0.182967,-0.876687,-1.087536,-1.042760,0.590231,0.002276,-1.173959,-0.210349,-0.108104,-0.663656,-0.591702,0.234549,-0.797820,-0.129622,-0.019327,-1.795053,1.333956,1.793795,2.071307,-0.196644,-0.213729,-0.162575,-0.075290,-0.126018,-0.984654,1.132559
24.875005,-0.229090,-1.660089,-0.187450,-0.875505,-1.087368,-1.047308,0.590596,0.002965,-1.151912,-0.209854,-0.120042,-0.664256,-0.591672,0.234687,-0.798014,-0.129832,-0.019479,-1.795137,1.333843,1.792817,2.072432,-0.196866,-0.213099,-0.160217,-0.079004,-0.121505,-0.979170,1.127637
24.875967,-0.228787,-1.665551,-0.185413,-0.873419,-1.088484,-1.046016,0.589651,-0.001790,-1.133871,-0.215382,-0.129320,-0.664645,-0.590364,0.234698,-0.798215,-0.130048,-0.019632,-1.795217,1.333719,1.791857,2.073544,-0.198255,-0.213383,-0.157704,-0.079835,-0.121548,-0.973900,1.126183
24.877000,-0.229463,-1.660902,-0.185286,-0.873974,-1.086472,-1.044869,0.590847,-0.010186,-1.125277,-0.224904,-0.132704,-0.664717,-0.588228,0.234625,-0.798411,-0.130251,-0.019791,-1.795302,1.333603,1.790880,2.074680,-0.198068,-0.210392,-0.158293,-0.081373,-0.120237,-0.974030,1.126958
24.877983,-0.229974,-1.663879,-0.188267,-0.875290,-1.089290,-1.047763,0.590998,-0.019890,-1.126999,-0.235888,-0.129898,-0.664551,-0.585641,0.234502,-0.798608,-0.130469,-0.019947,-1.795381,1.333478,1.789919,2.075809,-0.197535,-0.212528,-0.158025,-0.080481,-0.122091,-0.974403,1.123659
24.879068,-0.230004,-1.667534,-0.191014,-0.875863,-1.088085,-1.052557,0.591968,-0.030928,-1.132778,-0.248341,-0.124779,-0.664391,-0.582637,0.234332,-0.798806,-0.130677,-0.020101,-1.795456,1.333366,1.788954,2.076922,-0.196983,-0.210760,-0.156152,-0.078875,-0.119107,-0.970426,1.122406
24.880010,-0.230562,-1.665191,-0.189527,-0.873326,-1.088287,-1.057320,0.589600,-0.044601,-1.140283,-0.263701,-0.119565,-0.664321,-0.579164,0.234119,-0.799000,-0.130882,-0.020250,-1.795533,1.333245,1.787995,2.078045,-0.196928,-0.208960,-0.154620,-0.078148,-0.120248,-0.965107,1.119798
24.880994,-0.234711,-1.661522,-0.195252,-0.873506,-1.089886,-1.054310,0.588794,-0.060226,-1.151724,-0.281226,-0.113186,-0.664216,-0.575436,0.233899,-0.799195,-0.131093,-0.020404,-1.795617,1.333127,1.787055,2.079162,-0.196283,-0.209781,-0.154950,-0.080122,-0.119809,-0.959246,1.123457
24.881967,-0.234116,-1.661455,-0.192719,-0.872615,-1.089030,-1.049063,0.587989,-0.078578,-1.163444,-0.301673,-0.106636,-0.664031,-0.571484,0.233732,-0.799383,-0.131305,-0.020551,-1.795695,1.333014,1.786086,2.080292,-0.194010,-0.211341,-0.151762,-0.079568,-0.118077,-0.961274,1.123999
24.883005,-0.229982,-1.659978,-0.198021,-0.873581,-1.092437,-1.043446,0.586929,-0.102357,-1.170008,-0.327890,-0.102087,-0.663788,-0.567071,0.233673,-0.799577,-0.131516,-0.020703,-1.795776,1.332895,1.785124,2.081423,-0.194056,-0.211053,-0.152700,-0.080031,-0.118753,-0.965476,1.124524
24.884133,-0.231285,-1.664488,-0.196671,-0.874337,-1.093239,-1.040168,0.587608,-0.130366,-1.169858,-0.358476,-0.100280,-0.663530,-0.562350,0.233727,-0.799778,-0.131732,-0.020849,-1.795853,1.332784,1.784142,2.082541,-0.195907,-0.211596,-0.149822,-0.078802,-0.115252,-0.970216,1.125852
24.885058,-0.234506,-1.666283,-0.200291,-0.872878,-1.094469,-1.039762,0.589056,-0.159767,-1.164549,-0.390339,-0.100829,-0.663294,-0.557579,0.233867,-0.799969,-0.131934,-0.020999,-1.795929,1.332670,1.783154,2.083662,-0.195320,-0.209480,-0.150428,-0.077945,-0.114496,-0.972999,1.123968
24.886029,-0.234310,-1.665736,-0.200983,-0.873795,-1.094405,-1.041386,0.590889,-0.190448,-1.159712,-0.423502,-0.101066,-0.662941,-0.552631,0.234031,-0.800162,-0.132142,-0.021143,-1.796010,1.332560,1.782190,2.084762,-0.193334,-0.208218,-0.148247,-0.078901,-0.113102,-0.972054,1.119921
24.887090,-0.236285,-1.663234,-0.199433,-0.872822,-1.094561,-1.040111,0.591237,-0.223654,-1.159142,-0.459432,-0.098954,-0.662346,-0.547262,0.234168,-0.800355,-0.132349,-0.021291,-1.796084,1.332448,1.781225,2.085869,-0.193179,-0.208245,-0.147600,-0.077675,-0.113048,-0.969315,1.115257
24.888106,-0.233068,-1.660555,-0.202470,-0.872606,-1.097292,-1.038660,0.591112,-0.258099,-1.159481,-0.496706,-0.096214,-0.661672,-0.541632,0.234295,-0.800546,-0.132562,-0.021438,-1.796165,1.332336,1.780247,2.086990,-0.192125,-0.209389,-0.148210,-0.078372,-0.112850,-0.969873,1.113861
24.888970,-0.232181,-1.658580,-0.204354,-0.873053,-1.098558,-1.035057,0.591639,-0.291004,-1.155468,-0.532204,-0.095330,-0.661146,-0.536141,0.234468,-0.800742,-0.132775,-0.021582,-1.796243,1.332231,1.779281,2.088094,-0.193543,-0.210504,-0.146465,-0.078270,-0.110082,-0.970443,1.113301
24.890073,-0.230127,-1.659003,-0.203342,-0.872098,-1.097188,-1.031210,0.594726,-0.321577,-1.143773,-0.564993,-0.097945,-0.660909,-0.530996,0.234701,-0.800935,-0.132986,-0.021723,-1.796317,1.332126,1.778302,2.089206,-0.193472,-0.210927,-0.145132,-0.077365,-0.108666,-0.972359,1.110833
24.891031,-0.230437,-1.659548,-0.208726,-0.873321,-1.096752,-1.032045,0.592160,-0.349351,-1.125076,-0.594560,-0.103755,-0.660977,-0.526282,0.234926,-0.801132,-0.133196,-0.021870,-1.796395,1.332013,1.777329,2.090289,-0.194474,-0.210720,-0.145550,-0.078157,-0.110054,-0.975711,1.104187
24.891979,-0.224379,-1.660607,-0.211940,-0.874022,-1.096738,-1.035403,0.591874,-0.374297,-1.103270,-0.620912,-0.110798,-0.661227,-0.521922,0.235102,-0.801325,-0.133407,-0.022008,-1.796466,1.331901,1.776361,2.091405,-0.193999,-0.210112,-0.142608,-0.076682,-0.110337,-0.973639,1.108348
24.893045,-0.226588,-1.656889,-0.211115,-0.874769,-1.097939,-1.042941,0.590166,-0.397348,-1.081480,-0.645133,-0.118137,-0.661561,-0.517776,0.235273,-0.801524,-0.133611,-0.022143,-1.796540,1.331792,1.775398,2.092523,-0.196667,-0.209309,-0.140808,-0.075662,-0.110222,-0.969057,1.107756
24.893986,-0.229838,-1.654005,-0.213103,-0.874716,-1.098245,-1.047368,0.589968,-0.417174,-1.059024,-0.665838,-0.126926,-0.662051,-0.514057,0.235506,-0.801717,-0.133827,-0.022286,-1.796614,1.331684,1.774455,2.093629,-0.195459,-0.211054,-0.141134,-0.074798,-0.109022,-0.960976,1.110552
24.894956,-0.224026,-1.652540,-0.214616,-0.873701,-1.098854,-1.047075,0.590005,-0.433461,-1.031781,-0.682705,-0.139493,-0.662816,-0.510910,0.235816,-0.801905,-0.134039,-0.022424,-1.796688,1.331575,1.773507,2.094744,-0.193548,-0.212095,-0.139877,-0.074529,-0.108594,-0.955434,1.109782
24.896033,-0.219993,-1.647904,-0.217303,-0.871355,-1.100326,-1.047971,0.590328,-0.447592,-0.998608,-0.697168,-0.156078,-0.663813,-0.508273,0.236135,-0.802106,-0.134254,-0.022560,-1.796764,1.331469,1.772565,2.095855,-0.196129,-0.212467,-0.138944,-0.075209,-0.107914,-0.954807,1.108691
24.897044,-0.216380,-1.648784,-0.216402,-0.872671,-1.100737,-1.045854,0.589899,-0.458109,-0.961734,-0.707501,-0.174655,-0.664902,-0.506359,0.236383,-0.802310,-0.134475,-0.022694,-1.796845,1.331367,1.771613,2.096955,-0.197959,-0.214623,-0.137610,-0.077293,-0.106517,-0.953396,1.107451
24.897952,-0.216295,-1.643609,-0.217336,-0.870943,-1.103133,-1.049234,0.588116,-0.462726,-0.922716,-0.711167,-0.193891,-0.666028,-0.505422,0.236542,-0.802511,-0.134686,-0.022831,-1.796917,1.331261,1.770655,2.098066,-0.199479,-0.213944,-0.137952,-0.075751,-0.106078,-0.954671,1.107454
24.899051,-0.215756,-1.650102,-0.213017,-0.871669,-1.103449,-1.051966,0.587512,-0.461112,-0.882302,-0.707897,-0.213671,-0.667219,-0.505459,0.236662,-0.802709,-0.134907,-0.022970,-1.796996,1.331161,1.769721,2.099173,-0.199046,-0.215993,-0.137171,-0.077013,-0.103596,-0.950016,1.109828
24.900052,-0.218866,-1.647686,-0.215439,-0.870870,-1.103421,-1.053930,0.587477,-0.453503,-0.844028,-0.698088,-0.232588,-0.668451,-0.506417,0.236801,-0.802906,-0.135111,-0.023113,-1.797069,1.331058,1.768781,2.100291,-0.199269,-0.212760,-0.139290,-0.076216,-0.103394,-0.946967,1.110431
24.900953,-0.216554,-1.647912,-0.215872,-0.871420,-1.105156,-1.056077,0.586264,-0.440945,-0.813888,-0.682998,-0.247934,-0.669607,-0.508191,0.236959,-0.803099,-0.135328,-0.023245,-1.797147,1.330954,1.767853,2.101410,-0.197487,-0.213710,-0.137957,-0.076693,-0.103404,-0.944278,1.109552
24.902045,-0.218290,-1.648609,-0.218059,-0.869291,-1.105320,-1.052775,0.585234,-0.426774,-0.792619,-0.666290,-0.259587,-0.670652,-0.510477,0.237108,-0.803300,-0.135540,-0.023383,-1.797218,1.330856,1.766918,2.102517,-0.198156,-0.213102,-0.137450,-0.075801,-0.101585,-0.940866,1.110758
24.902944,-0.213195,-1.640278,-0.215761,-0.868584,-1.102410,-1.047118,0.586747,-0.413925,-0.779359,-0.651140,-0.267875,-0.671533,-0.513072,0.237236,-0.803495,-0.135753,-0.023516,-1.797300,1.330756,1.765965,2.103634,-0.197228,-0.212707,-0.136399,-0.077674,-0.101556,-0.943785,1.112215
24.904074,-0.212028,-1.644665,-0.217924,-0.868939,-1.103891,-1.043369,0.587491,-0.402698,-0.771459,-0.637818,-0.273448,-0.672221,-0.515965,0.237327,-0.803699,-0.135976,-0.023654,-1.797380,1.330644,1.765014,2.104725,-0.199252,-0.216293,-0.137256,-0.077841,-0.104296,-0.948097,1.107946
24.904944,-0.207010,-1.640179,-0.218266,-0.869391,-1.102884,-1.036740,0.588081,-0.391374,-0.763982,-0.624380,-0.278464,-0.672814,-0.519272,0.237374,-0.803900,-0.136189,-0.023789,-1.797455,1.330546,1.764053,2.105830,-0.199787,-0.214083,-0.136235,-0.077408,-0.102942,-0.951528,1.106058
24.905944,-0.202471,-1.642640,-0.220850,-0.869124,-1.102811,-1.038349,0.587667,-0.378951,-0.756472,-0.609754,-0.283674,-0.673336,-0.523025,0.237400,-0.804104,-0.136407,-0.023922,-1.797530,1.330439,1.763081,2.106938,-0.201695,-0.215742,-0.135773,-0.076494,-0.103793,-0.956545,1.103516
24.906996,-0.206912,-1.644774,-0.220907,-0.869600,-1.105456,-1.037793,0.590675,-0.364858,-0.749769,-0.593387,-0.289200,-0.673787,-0.527221,0.237455,-0.804312,-0.136620,-0.024055,-1.797609,1.330331,1.762135,2.108028,-0.203580,-0.214221,-0.134380,-0.076401,-0.103798,-0.954014,1.103547
24.908087,-0.207019,-1.642162,-0.221002,-0.867445,-1.105345,-1.033587,0.591387,-0.349597,-0.746960,-0.575975,-0.293897,-0.674090,-0.531845,0.237533,-0.804507,-0.136829,-0.024188,-1.797684,1.330237,1.761179,2.109115,-0.201191,-0.213065,-0.134344,-0.075742,-0.101256,-0.953939,1.096837
24.908957,-0.201518,-1.638192,-0.218856,-0.868046,-1.107696,-1.028433,0.593524,-0.335772,-0.750618,-0.560496,-0.296336,-0.674105,-0.536626,0.237590,-0.804708,-0.137048,-0.024324,-1.797766,1.330136,1.760222,2.110195,-0.201046,-0.214267,-0.134310,-0.077639,-0.101499,-0.957715,1.095001
24.909950,-0.200054,-1.637339,-0.219952,-0.867206,-1.105805,-1.017921,0.593865,-0.322929,-0.756838,-0.546374,-0.297926,-0.673937,-0.541536,0.237593,-0.804919,-0.137270,-0.024462,-1.797839,1.330044,1.759233,2.111280,-0.203120,-0.215594,-0.135042,-0.076596,-0.099092,-0.961135,1.089427
24.911049,-0.201794,-1.637619,-0.217763,-0.868184,-1.106775,-1.019579,0.592139,-0.308716,-0.760841,-0.530898,-0.300877,-0.673804,-0.546638,0.237541,-0.805123,-0.137484,-0.024597,-1.797917,1.329936,1.758254,2.112374,-0.203476,-0.215717,-0.134349,-0.077104,-0.100957,-0.970632,1.087923
24.911994,-0.198699,-1.638452,-0.220168,-0.866335,-1.107477,-1.023282,0.591342,-0.293378,-0.762262,-0.514353,-0.305426,-0.673758,-0.551576,0.237489,-0.805325,-0.137698,-0.024736,-1.797991,1.329839,1.757300,2.113459,-0.202487,-0.215529,-0.135442,-0.076014,-0.100107,-0.968439,1.090966
24.913016,-0.201466,-1.643223,-0.224467,-0.865491,-1.109513,-1.028922,0.589937,-0.277257,-0.764223,-0.497220,-0.310116,-0.673737,-0.556022,0.237483,-0.805531,-0.137910,-0.024867,-1.798072,1.329739,1.756344,2.114553,-0.203566,-0.214726,-0.134051,-0.077408,-0.099371,-0.963536,1.091498
24.914121,-0.207169,-1.643653,-0.224501,-0.864322,-1.110413,-1.036572,0.592300,-0.261666,-0.773201,-0.481068,-0.311592,-0.673544,-0.559644,0.237508,-0.805729,-0.138116,-0.024995,-1.798152,1.329648,1.755412,2.115653,-0.201929,-0.212197,-0.131894,-0.077884,-0.097458,-0.957229,1.093540
24.914997,-0.205962,-1.641894,-0.230739,-0.863952,-1.109951,-1.039190,0.592475,-0.250335,-0.794658,-0.470104,-0.306860,-0.672969,-0.561987,0.237503,-0.805927,-0.138329,-0.025128,-1.798233,1.329553,1.754478,2.116721,-0.199022,-0.211981,-0.131968,-0.078823,-0.096751,-0.949297,1.088380
24.916015,-0.204379,-1.644021,-0.230880,-0.862833,-1.109514,-1.041022,0.593197,-0.246196,-0.826270,-0.467456,-0.296886,-0.672077,-0.562869,0.237414,-0.806124,-0.138539,-0.025249,-1.798311,1.329455,1.753535,2.117803,-0.199136,-0.212366,-0.128676,-0.078656,-0.097136,-0.945294,1.086833
24.917061,-0.202527,-1.641861,-0.234813,-0.858858,-1.105655,-1.038930,0.594463,-0.249260,-0.863564,-0.472889,-0.283686,-0.671038,-0.562524,0.237246,-0.806327,-0.138746,-0.025379,-1.798393,1.329355,1.752600,2.118876,-0.199531,-0.211023,-0.128529,-0.079300,-0.097557,-0.942518,1.084480
24.917970,-0.207521,-1.641493,-0.233295,-0.858764,-1.106962,-1.036961,0.593665,-0.257338,-0.906211,-0.483814,-0.266548,-0.669846,-0.561340,0.237046,-0.806527,-0.138957,-0.025502,-1.798481,1.329248,1.751650,2.119958,-0.200060,-0.211755,-0.126488,-0.082673,-0.101349,-0.943482,1.080889
24.918971,-0.205778,-1.645605,-0.235507,-0.858897,-1.106534,-1.042732,0.593196,-0.270003,-0.953365,-0.499698,-0.244829,-0.668420,-0.559295,0.236873,-0.806719,-0.139170,-0.025630,-1.798560,1.329152,1.750720,2.121052,-0.196945,-0.211267,-0.126974,-0.082096,-0.099869,-0.943794,1.080994
24.920003,-0.208730,-1.643999,-0.234149,-0.859649,-1.104535,-1.049325,0.591369,-0.287429,-1.003698,-0.520731,-0.219628,-0.666808,-0.556319,0.236768,-0.806918,-0.139375,-0.025753,-1.798639,1.329052,1.749792,2.122145,-0.197370,-0.208807,-0.125737,-0.081449,-0.100238,-0.936718,1.080697
24.920997,-0.209261,-1.641954,-0.238815,-0.859066,-1.106670,-1.050561,0.592514,-0.328703,-1.105799,-0.569611,-0.167362,-0.663617,-0.549020,0.236704,-0.807305,-0.139793,-0.025996,-1.798799,1.328850,1.747953,2.124282,-0.194843,-0.209848,-0.123904,-0.080296,-0.099917,-0.926680,1.079843
24.922009,-0.214703,-1.643402,-0.237236,-0.858903,-1.106163,-1.048471,0.591590,-0.353542,-1.148669,-0.598478,-0.145356,-0.662208,-0.544890,0.236711,-0.807493,-0.140002,-0.026122,-1.798877,1.328747,1.747020,2.125359,-0.191768,-0.208699,-0.124591,-0.079988,-0.100356,-0.927586,1.080595
24.923063,-0.212498,-1.634560,-0.235493,-0.856701,-1.105433,-1.039687,0.591614,-0.353542,-1.148669,-0.598478,-0.145356,-0.662208,-0.544890,0.236711,-0.807493,-0.140002,-0.026122,-1.798877,1.328747,1.747020,2.125359,-0.191768,-0.208699,-0.124591,-0.079988,-0.100356,-0.927586,1.080595
24.923965,-0.210008,-1.635149,-0.237333,-0.854045,-1.104196,-1.035266,0.592524,-0.381849,-1.182196,-0.630892,-0.127357,-0.660925,-0.540477,0.236761,-0.807685,-0.140219,-0.026247,-1.798962,1.328643,1.746065,2.126443,-0.192609,-0.212766,-0.125385,-0.081656,-0.101017,-0.935275,1.079500
24.924941,-0.209616,-1.634959,-0.237620,-0.853378,-1.104172,-1.027546,0.593722,-0.438392,-1.216128,-0.694498,-0.102022,-0.658762,-0.531474,0.236995,-0.808069,-0.140639,-0.026489,-1.799133,1.328439,1.744169,2.128576,-0.193017,-0.211381,-0.123959,-0.083468,-0.101966,-0.944161,1.072617
24.926074,-0.213694,-1.632671,-0.238423,-0.853736,-1.102060,-1.028114,0.594523,-0.438392,-1.216128,-0.694498,-0.102022,-0.658762,-0.531474,0.236995,-0.808069,-0.140639,-0.026489,-1.799133,1.328439,1.744169,2.128576,-0.193017,-0.211381,-0.123959,-0.083468,-0.101966,-0.944161,1.072617
24.927062,-0.216290,-1.630408,-0.244649,-0.852951,-1.101351,-1.033207,0.594381,-0.465823,-1.223620,-0.724996,-0.091257,-0.657735,-0.526542,0.237112,-0.808256,-0.140853,-0.026612,-1.799215,1.328330,1.743241,2.129635,-0.190878,-0.212315,-0.123624,-0.082731,-0.104054,-0.942858,1.070346
24.927949,-0.216812,-1.628119,-0.242707,-0.853387,-1.100599,-1.032963,0.593613,-0.529043,-1.214680,-0.795009,-0.080394,-0.656300,-0.514414,0.237318,-0.808624,-0.141282,-0.026850,-1.799377,1.328118,1.741373,2.131781,-0.188489,-0.213338,-0.121183,-0.081793,-0.105104,-0.934922,1.069490
24.929150,-0.219411,-1.625373,-0.244795,-0.852801,-1.098966,-1.032985,0.591108,-0.529043,-1.214680,-0.795009,-0.080394,-0.656300,-0.514414,0.237318,-0.808624,-0.141282,-0.026850,-1.799377,1.328118,1.741373,2.131781,-0.188489,-0.213338,-0.121183,-0.081793,-0.105104,-0.934922,1.069490
24.930017,-0.216333,-1.623762,-0.245728,-0.851030,-1.098945,-1.025654,0.590642,-0.564151,-1.196374,-0.833830,-0.082673,-0.656138,-0.507846,0.237493,-0.808807,-0.141502,-0.026969,-1.799462,1.328006,1.740441,2.132851,-0.187268,-0.214571,-0.120322,-0.082044,-0.106733,-0.934513,1.074028
24.931032,-0.217427,-1.622120,-0.245771,-0.849660,-1.096671,-1.018602,0.588898,-0.598703,-1.169804,-0.871966,-0.089664,-0.656377,-0.501629,0.237769,-0.808995,-0.141714,-0.027089,-1.799545,1.327897,1.739487,2.133927,-0.188232,-0.214621,-0.119601,-0.083031,-0.106444,-0.939941,1.073323
24.931995,-0.218366,-1.623190,-0.244455,-0.850704,-1.095910,-1.020607,0.588176,-0.631483,-1.138768,-0.908053,-0.098818,-0.656831,-0.495949,0.238120,-0.809180,-0.141926,-0.027206,-1.799630,1.327786,1.738543,2.135013,-0.187376,-0.215000,-0.119558,-0.083777,-0.108569,-0.945728,1.075684
24.932931,-0.220336,-1.623001,-0.239895,-0.849104,-1.096409,-1.025429,0.586537,-0.661205,-1.106865,-0.940718,-0.108361,-0.657372,-0.490876,0.238506,-0.809365,-0.142141,-0.027329,-1.799708,1.327675,1.737600,2.136082,-0.186524,-0.213879,-0.120051,-0.082192,-0.109095,-0.942138,1.075849
24.934174,-0.224568,-1.620466,-0.242544,-0.851535,-1.096661,-1.030028,0.585040,-0.685205,-1.077300,-0.967132,-0.117459,-0.657989,-0.486668,0.238894,-0.809546,-0.142352,-0.027453,-1.799791,1.327566,1.736671,2.137166,-0.185148,-0.213382,-0.122125,-0.083141,-0.108355,-0.935773,1.077744
24.934992,-0.223856,-1.616611,-0.242781,-0.849694,-1.095492,-1.037432,0.585238,-0.701971,-1.049719,-0.985707,-0.127047,-0.658774,-0.483469,0.239267,-0.809725,-0.142569,-0.027571,-1.799867,1.327458,1.735756,2.138241,-0.183243,-0.214644,-0.121043,-0.080573,-0.108170,-0.931085,1.080346
24.935920,-0.224931,-1.611318,-0.238062,-0.848335,-1.095880,-1.036786,0.583801,-0.713214,-1.019259,-0.998319,-0.140031,-0.659870,-0.481134,0.239612,-0.809909,-0.142787,-0.027692,-1.799950,1.327347,1.734847,2.139319,-0.182967,-0.215652,-0.120595,-0.081612,-0.108996,-0.921724,1.078156
24.936978,-0.224750,-1.614286,-0.237297,-0.845966,-1.096081,-1.037500,0.583475,-0.718908,-0.982933,-1.004863,-0.157496,-0.661308,-0.479793,0.239924,-0.810088,-0.143007,-0.027819,-1.800035,1.327238,1.733925,2.140406,-0.182049,-0.217597,-0.122711,-0.082213,-0.108364,-0.920939,1.079626
24.938094,-0.221977,-1.612223,-0.236711,-0.847289,-1.096985,-1.034417,0.582626,-0.717280,-0.943971,-1.003302,-0.176802,-0.662918,-0.479728,0.240197,-0.810271,-0.143222,-0.027946,-1.800123,1.327131,1.733012,2.141491,-0.181967,-0.215688,-0.122995,-0.083973,-0.108066,-0.919325,1.079241
24.939067,-0.215797,-1.613844,-0.236842,-0.846641,-1.095525,-1.032107,0.583476,-0.707847,-0.907928,-0.993036,-0.194710,-0.664508,-0.481005,0.240416,-0.810456,-0.143439,-0.028068,-1.800202,1.327026,1.732086,2.142556,-0.183277,-0.216469,-0.123334,-0.082272,-0.107139,-0.921726,1.080195
24.939974,-0.218423,-1.612624,-0.233726,-0.846092,-1.093566,-1.039452,0.584685,-0.690037,-0.876373,-0.973377,-0.210662,-0.666095,-0.483573,0.240564,-0.810647,-0.143653,-0.028193,-1.800285,1.326914,1.731175,2.143615,-0.185937,-0.215085,-0.123085,-0.082315,-0.108395,-0.922769,1.077269
24.940995,-0.218461,-1.613662,-0.234493,-0.848396,-1.093558,-1.043594,0.584139,-0.630679,-0.830674,-0.907839,-0.235433,-0.669318,-0.491949,0.240694,-0.811014,-0.144081,-0.028442,-1.800441,1.326694,1.729368,2.145770,-0.183849,-0.214053,-0.123895,-0.079478,-0.109920,-0.908732,1.073399
24.942016,-0.220517,-1.613111,-0.233956,-0.846115,-1.094176,-1.045680,0.583636,-0.630679,-0.830674,-0.907839,-0.235433,-0.669318,-0.491949,0.240694,-0.811014,-0.144081,-0.028442,-1.800441,1.326694,1.729368,2.145770,-0.183849,-0.214053,-0.123895,-0.079478,-0.109920,-0.908732,1.073399
24.943056,-0.219966,-1.613978,-0.230214,-0.844646,-1.093694,-1.045700,0.585356,-0.594862,-0.815925,-0.868506,-0.245247,-0.670937,-0.497196,0.240756,-0.811195,-0.144294,-0.028565,-1.800526,1.326585,1.728474,2.146839,-0.182579,-0.213891,-0.124080,-0.081196,-0.109148,-0.905721,1.073333
24.944002,-0.218559,-1.609228,-0.227421,-0.846512,-1.092449,-1.038407,0.584890,-0.557976,-0.808182,-0.828131,-0.251850,-0.672342,-0.502922,0.240806,-0.811378,-0.144506,-0.028692,-1.800609,1.326477,1.727569,2.147901,-0.182654,-0.213066,-0.125849,-0.082106,-0.109518,-0.904796,1.068863
24.944993,-0.216779,-1.609221,-0.224754,-0.842643,-1.093896,-1.035550,0.585389,-0.519285,-0.805699,-0.785822,-0.255521,-0.673506,-0.509281,0.240781,-0.811564,-0.144726,-0.028822,-1.800683,1.326363,1.726656,2.148957,-0.182942,-0.214793,-0.126971,-0.079760,-0.110505,-0.910782,1.068583
24.945972,-0.214185,-1.605668,-0.224414,-0.841560,-1.093636,-1.029321,0.585129,-0.478101,-0.803778,-0.740708,-0.258397,-0.674539,-0.516326,0.240683,-0.811748,-0.144940,-0.028952,-1.800772,1.326258,1.725731,2.150018,-0.183504,-0.214270,-0.128090,-0.082939,-0.108900,-0.912339,1.066430
24.947077,-0.211673,-1.608002,-0.222433,-0.845010,-1.093446,-1.026792,0.585112,-0.434790,-0.802542,-0.693142,-0.259519,-0.675347,-0.523858,0.240555,-0.811932,-0.145153,-0.029078,-1.800854,1.326147,1.724798,2.151088,-0.184461,-0.215530,-0.128057,-0.083382,-0.108967,-0.917242,1.065750
24.947974,-0.214143,-1.604890,-0.215175,-0.842996,-1.091433,-1.031906,0.586085,-0.389797,-0.801408,-0.643656,-0.259424,-0.676001,-0.531648,0.240450,-0.812120,-0.145364,-0.029208,-1.800928,1.326033,1.723872,2.152142,-0.185580,-0.214103,-0.128996,-0.079668,-0.109032,-0.918970,1.065037
24.948953,-0.213613,-1.605042,-0.215256,-0.844731,-1.090799,-1.031474,0.584132,-0.291553,-0.794079,-0.535790,-0.262868,-0.677650,-0.548325,0.240393,-0.812483,-0.145791,-0.029475,-1.801086,1.325807,1.722076,2.154286,-0.183813,-0.214367,-0.131916,-0.078783,-0.111150,-0.911608,1.064339
24.950063,-0.216933,-1.602972,-0.217174,-0.844605,-1.089030,-1.025922,0.585792,-0.291553,-0.794079,-0.535790,-0.262868,-0.677650,-0.548325,0.240393,-0.812483,-0.145791,-0.029475,-1.801086,1.325807,1.722076,2.154286,-0.183813,-0.214367,-0.131916,-0.078783,-0.111150,-0.911608,1.064339
24.951039,-0.217046,-1.602331,-0.215830,-0.843203,-1.087517,-1.020108,0.584248,-0.242414,-0.787306,-0.482020,-0.267437,-0.678677,-0.556910,0.240419,-0.812661,-0.146008,-0.029603,-1.801163,1.325691,1.721145,2.155331,-0.182113,-0.215112,-0.130923,-0.078632,-0.112801,-0.916445,1.060257
24.951996,-0.215119,-1.601041,-0.212459,-0.842622,-1.088863,-1.014722,0.583782,-0.200245,-0.778412,-0.436078,-0.273618,-0.679654,-0.564839,0.240423,-0.812843,-0.146219,-0.029736,-1.801244,1.325573,1.720210,2.156401,-0.181752,-0.214919,-0.131340,-0.079472,-0.114029,-0.920870,1.062183
24.952950,-0.210944,-1.602633,-0.216092,-0.840935,-1.088355,-1.012604,0.582870,-0.165128,-0.769555,-0.398051,-0.279695,-0.680427,-0.571967,0.240381,-0.813027,-0.146435,-0.029872,-1.801325,1.325461,1.719283,2.157451,-0.182340,-0.214965,-0.132704,-0.079434,-0.112410,-0.924832,1.061895
24.953971,-0.216289,-1.602871,-0.216988,-0.840871,-1.089328,-1.013913,0.581578,-0.108311,-0.765070,-0.337252,-0.284594,-0.681037,-0.583874,0.240240,-0.813388,-0.146853,-0.030128,-1.801490,1.325236,1.717424,2.159589,-0.181154,-0.213131,-0.130037,-0.079995,-0.111528,-0.922983,1.063967
24.954995,-0.219518,-1.603657,-0.211704,-0.840747,-1.088336,-1.017062,0.582702,-0.108311,-0.765070,-0.337252,-0.284594,-0.681037,-0.583874,0.240240,-0.813388,-0.146853,-0.030128,-1.801490,1.325236,1.717424,2.159589,-0.181154,-0.213131,-0.130037,-0.079995,-0.111528,-0.922983,1.063967
24.955998,-0.221384,-1.605778,-0.219501,-0.839628,-1.088836,-1.030404,0.583325,-0.088827,-0.773100,-0.317131,-0.282189,-0.680790,-0.587954,0.240228,-0.813565,-0.147062,-0.030265,-1.801569,1.325120,1.716526,2.160655,-0.179370,-0.212347,-0.132453,-0.079634,-0.112323,-0.918858,1.060615
24.956972,-0.220203,-1.601313,-0.217026,-0.835905,-1.092817,-1.031959,0.583894,-0.075505,-0.788271,-0.304154,-0.277101,-0.680237,-0.590707,0.240260,-0.813738,-0.147269,-0.030385,-1.801651,1.325013,1.715638,2.161705,-0.178284,-0.210875,-0.128412,-0.080211,-0.111660,-0.904430,1.058328
24.958027,-0.226559,-1.597524,-0.219948,-0.834136,-1.092671,-1.029852,0.585396,-0.068050,-0.810849,-0.297918,-0.268957,-0.679362,-0.592376,0.240311,-0.813919,-0.147486,-0.030515,-1.801739,1.324912,1.714750,2.162743,-0.178569,-0.212560,-0.129455,-0.083195,-0.107531,-0.901887,1.056091
24.959073,-0.224443,-1.596402,-0.224979,-0.831491,-1.093062,-1.031861,0.584636,-0.066457,-0.836328,-0.298249,-0.258944,-0.678267,-0.593019,0.240358,-0.814090,-0.147705,-0.030641,-1.801825,1.324804,1.713841,2.163792,-0.175320,-0.214012,-0.127900,-0.084359,-0.107607,-0.903148,1.052186
24.960005,-0.226616,-1.597924,-0.219597,-0.829841,-1.091377,-1.031337,0.584904,-0.072700,-0.860133,-0.307201,-0.248441,-0.677055,-0.592354,0.240405,-0.814265,-0.147916,-0.030761,-1.801917,1.324698,1.712940,2.164851,-0.176307,-0.214206,-0.125350,-0.086264,-0.107115,-0.900220,1.052797
24.960990,-0.224313,-1.594602,-0.220568,-0.830068,-1.090630,-1.034554,0.583694,-0.085716,-0.884000,-0.323569,-0.236307,-0.675715,-0.590487,0.240487,-0.814439,-0.148128,-0.030894,-1.802005,1.324584,1.712051,2.165890,-0.174893,-0.212825,-0.127758,-0.087110,-0.108544,-0.899467,1.051003
24.961979,-0.233456,-1.598613,-0.220199,-0.828702,-1.091073,-1.042541,0.584258,-0.100052,-0.909411,-0.341295,-0.222223,-0.674345,-0.587987,0.240645,-0.814616,-0.148342,-0.031019,-1.802088,1.324477,1.711164,2.166943,-0.175818,-0.213984,-0.127086,-0.086248,-0.109118,-0.895162,1.052331
24.962970,-0.233779,-1.595637,-0.220587,-0.826771,-1.090913,-1.046341,0.587279,-0.113979,-0.935707,-0.358484,-0.207377,-0.673059,-0.585062,0.240875,-0.814779,-0.148551,-0.031143,-1.802177,1.324369,1.710306,2.167995,-0.171123,-0.211488,-0.127132,-0.086862,-0.108500,-0.886264,1.050063
24.963940,-0.230276,-1.593314,-0.220676,-0.826102,-1.091182,-1.048112,0.583378,-0.129512,-0.964807,-0.377390,-0.191154,-0.671764,-0.581646,0.241116,-0.814952,-0.148768,-0.031267,-1.802266,1.324259,1.709435,2.169034,-0.170814,-0.212458,-0.126784,-0.088044,-0.108477,-0.881572,1.042924
24.965016,-0.233147,-1.584783,-0.226157,-0.823561,-1.090842,-1.043948,0.583971,-0.145529,-0.995099,-0.396647,-0.174291,-0.670485,-0.578100,0.241330,-0.815125,-0.148981,-0.031391,-1.802355,1.324151,1.708552,2.170088,-0.172356,-0.213082,-0.126572,-0.087923,-0.108016,-0.878722,1.049691
24.965960,-0.225757,-1.582355,-0.227149,-0.820036,-1.090123,-1.031815,0.583305,-0.161212,-1.019047,-0.415146,-0.160276,-0.669405,-0.574711,0.241552,-0.815295,-0.149206,-0.031509,-1.802448,1.324041,1.707671,2.171116,-0.170898,-0.216911,-0.123856,-0.089755,-0.108257,-0.882327,1.047680
24.967039,-0.225920,-1.582619,-0.229033,-0.820371,-1.090161,-1.031585,0.583535,-0.178674,-1.031486,-0.435116,-0.150627,-0.668489,-0.571211,0.241820,-0.815475,-0.149424,-0.031631,-1.802545,1.323934,1.706756,2.172167,-0.174286,-0.217435,-0.123196,-0.092281,-0.108775,-0.893131,1.047792
24.968030,-0.229313,-1.582357,-0.227369,-0.820603,-1.090437,-1.027417,0.582585,-0.197038,-1.034982,-0.455597,-0.143503,-0.667576,-0.567557,0.242139,-0.815650,-0.149639,-0.031748,-1.802635,1.323825,1.705871,2.173215,-0.174129,-0.216957,-0.122314,-0.091263,-0.108635,-0.892613,1.046510
24.969033,-0.227833,-1.582425,-0.227974,-0.821074,-1.090387,-1.029260,0.580725,-0.215027,-1.033955,-0.475295,-0.137738,-0.666643,-0.563804,0.242514,-0.815819,-0.149855,-0.031872,-1.802725,1.323718,1.704970,2.174253,-0.172272,-0.216549,-0.123016,-0.090251,-0.108202,-0.895702,1.047390
24.969929,-0.227666,-1.581795,-0.229576,-0.820410,-1.091217,-1.035732,0.581254,-0.232415,-1.030333,-0.494075,-0.133736,-0.665793,-0.559877,0.242946,-0.815991,-0.150066,-0.031994,-1.802810,1.323611,1.704076,2.175312,-0.172883,-0.216062,-0.122610,-0.089149,-0.108110,-0.892780,1.050037
24.971117,-0.232971,-1.578078,-0.230373,-0.818878,-1.091878,-1.034708,0.579810,-0.247732,-1.025907,-0.510368,-0.131471,-0.665124,-0.555970,0.243399,-0.816163,-0.150281,-0.032112,-1.802899,1.323506,1.703206,2.176344,-0.172604,-0.215660,-0.121594,-0.088925,-0.107042,-0.884921,1.047609
24.972028,-0.231919,-1.573868,-0.231112,-0.815563,-1.091427,-1.028897,0.579609,-0.261377,-1.020956,-0.524666,-0.130855,-0.664678,-0.552205,0.243813,-0.816329,-0.150504,-0.032233,-1.802991,1.323404,1.702314,2.177403,-0.170194,-0.217337,-0.121364,-0.089944,-0.106462,-0.885823,1.050036
24.972978,-0.231441,-1.568097,-0.229215,-0.812846,-1.088753,-1.026617,0.579409,-0.289581,-1.002362,-0.553707,-0.133641,-0.664324,-0.544701,0.244412,-0.816669,-0.150949,-0.032475,-1.803188,1.323179,1.700517,2.179494,-0.170457,-0.220850,-0.121580,-0.093836,-0.109083,-0.891196,1.048282
24.974115,-0.228865,-1.570052,-0.233242,-0.812042,-1.088209,-1.021998,0.579256,-0.289581,-1.002362,-0.553707,-0.133641,-0.664324,-0.544701,0.244412,-0.816669,-0.150949,-0.032475,-1.803188,1.323179,1.700517,2.179494,-0.170457,-0.220850,-0.121580,-0.093836,-0.109083,-0.891196,1.048282
24.975000,-0.232066,-1.573137,-0.231660,-0.812342,-1.086100,-1.021908,0.578777,-0.301774,-0.988008,-0.565698,-0.135513,-0.664343,-0.541271,0.244611,-0.816840,-0.151164,-0.032591,-1.803282,1.323069,1.699611,2.180545,-0.171874,-0.219620,-0.119696,-0.093957,-0.109556,-0.895331,1.047952
24.976005,-0.228789,-1.581129,-0.232563,-0.814890,-1.085542,-1.027888,0.579246,-0.311984,-0.976257,-0.575333,-0.135260,-0.664358,-0.538141,0.244786,-0.817006,-0.151379,-0.032711,-1.803375,1.322953,1.698724,2.181600,-0.169939,-0.217328,-0.120273,-0.092665,-0.111338,-0.893883,1.047468
24.977062,-0.234594,-1.577937,-0.233218,-0.813520,-1.085264,-1.030183,0.580532,-0.319611,-0.975070,-0.582175,-0.130714,-0.664245,-0.535457,0.244953,-0.817182,-0.151584,-0.032831,-1.803458,1.322842,1.697851,2.182637,-0.171408,-0.212940,-0.119730,-0.089505,-0.111693,-0.886957,1.045520
24.978033,-0.232439,-1.577232,-0.230288,-0.811788,-1.085455,-1.038321,0.579946,-0.323897,-0.986959,-0.585538,-0.122103,-0.663996,-0.533408,0.245125,-0.817345,-0.151797,-0.032948,-1.803552,1.322729,1.696970,2.183676,-0.168516,-0.214226,-0.119439,-0.090128,-0.111817,-0.883996,1.042089
24.978982,-0.232223,-1.571434,-0.230517,-0.807450,-1.085009,-1.038520,0.581489,-0.324702,-1.007040,-0.585250,-0.111673,-0.663679,-0.532065,0.245318,-0.817515,-0.152012,-0.033070,-1.803644,1.322617,1.696117,2.184709,-0.169444,-0.214004,-0.120776,-0.091009,-0.111393,-0.874888,1.042213
24.980019,-0.230989,-1.569663,-0.233239,-0.805308,-1.083482,-1.035518,0.582957,-0.320117,-1.029923,-0.579048,-0.100803,-0.663350,-0.531722,0.245511,-0.817683,-0.152230,-0.033192,-1.803744,1.322505,1.695247,2.185743,-0.169338,-0.216274,-0.120474,-0.094303,-0.111602,-0.873659,1.037924
24.981031,-0.230326,-1.566954,-0.234135,-0.803668,-1.082975,-1.038921,0.585202,-0.310642,-1.052072,-0.567357,-0.089741,-0.662976,-0.532306,0.245651,-0.817853,-0.152449,-0.033307,-1.803844,1.322389,1.694382,2.186772,-0.169902,-0.216672,-0.119124,-0.095487,-0.112929,-0.875999,1.034126
24.981961,-0.231587,-1.567196,-0.231288,-0.804253,-1.083381,-1.038614,0.585912,-0.299077,-1.071102,-0.553229,-0.078995,-0.662563,-0.533406,0.245696,-0.818025,-0.152672,-0.033424,-1.803942,1.322277,1.693512,2.187783,-0.170092,-0.217458,-0.118657,-0.096184,-0.113247,-0.871689,1.028753
24.983046,-0.233889,-1.574136,-0.232323,-0.804136,-1.077781,-1.042457,0.586267,-0.285965,-1.085823,-0.537270,-0.069735,-0.662278,-0.534906,0.245652,-0.818193,-0.152884,-0.033545,-1.804032,1.322166,1.692642,2.188808,-0.169200,-0.216711,-0.119907,-0.094712,-0.112581,-0.870840,1.026179
24.983937,-0.234623,-1.571938,-0.233441,-0.804217,-1.077347,-1.048568,0.585612,-0.271477,-1.099953,-0.519745,-0.061155,-0.662178,-0.536720,0.245544,-0.818360,-0.153090,-0.033665,-1.804126,1.322038,1.691792,2.189823,-0.168117,-0.212987,-0.119405,-0.094102,-0.117957,-0.866563,1.024822
24.985071,-0.231415,-1.575090,-0.229001,-0.805201,-1.072937,-1.050819,0.585538,-0.257188,-1.118947,-0.502496,-0.051307,-0.662173,-0.538658,0.245373,-0.818527,-0.153302,-0.033782,-1.804216,1.321919,1.690944,2.190851,-0.167449,-0.213430,-0.118652,-0.093098,-0.117967,-0.859191,1.024829
24.986117,-0.229703,-1.571545,-0.231971,-0.801989,-1.070299,-1.051572,0.586020,-0.241839,-1.141824,-0.484105,-0.041204,-0.662384,-0.540938,0.245138,-0.818695,-0.153511,-0.033906,-1.804305,1.321789,1.690105,2.191877,-0.169221,-0.211677,-0.120953,-0.091562,-0.122168,-0.856872,1.024429
24.987084,-0.233453,-1.570754,-0.230036,-0.800103,-1.069349,-1.048430,0.584169,-0.222137,-1.165855,-0.460836,-0.031917,-0.662895,-0.543999,0.244865,-0.818867,-0.153729,-0.034023,-1.804404,1.321657,1.689248,2.192886,-0.170002,-0.213039,-0.119454,-0.093881,-0.124431,-0.855514,1.022697
24.987940,-0.231913,-1.566843,-0.228474,-0.797280,-1.067399,-1.041811,0.586627,-0.199691,-1.189533,-0.434463,-0.022812,-0.663506,-0.547673,0.244609,-0.819029,-0.153939,-0.034143,-1.804500,1.321535,1.688384,2.193919,-0.167989,-0.212907,-0.120315,-0.094801,-0.125033,-0.857695,1.025343
24.989018,-0.231099,-1.570191,-0.225188,-0.800048,-1.065498,-1.040086,0.588012,-0.178077,-1.211109,-0.408955,-0.013466,-0.663996,-0.551507,0.244379,-0.819198,-0.154156,-0.034266,-1.804600,1.321404,1.687518,2.194920,-0.168394,-0.214048,-0.120777,-0.096442,-0.126472,-0.862856,1.019016
24.990013,-0.226548,-1.570691,-0.223744,-0.800553,-1.064816,-1.036879,0.585765,-0.157056,-1.229320,-0.384016,-0.004509,-0.664361,-0.555468,0.244139,-0.819369,-0.154367,-0.034393,-1.804684,1.321274,1.686646,2.195953,-0.168803,-0.212055,-0.122372,-0.093107,-0.128063,-0.863976,1.015525
24.990978,-0.228019,-1.576224,-0.225098,-0.801880,-1.061648,-1.036408,0.584980,-0.133673,-1.244017,-0.356366,0.002656,-0.664769,-0.559906,0.243890,-0.819541,-0.154576,-0.034517,-1.804775,1.321143,1.685771,2.196972,-0.170921,-0.211367,-0.122944,-0.091828,-0.128345,-0.866256,1.019134
24.992058,-0.232884,-1.575958,-0.222945,-0.801624,-1.058898,-1.035546,0.582309,-0.107272,-1.257907,-0.325375,0.008256,-0.665255,-0.564969,0.243675,-0.819710,-0.154779,-0.034637,-1.804863,1.321007,1.684911,2.197979,-0.169972,-0.208148,-0.122123,-0.089741,-0.131067,-0.865722,1.019676
24.992963,-0.230044,-1.569963,-0.224956,-0.800553,-1.056259,-1.029492,0.583626,-0.081478,-1.274468,-0.295240,0.013845,-0.665658,-0.570311,0.243520,-0.819871,-0.154984,-0.034765,-1.804951,1.320872,1.684035,2.199009,-0.167655,-0.208093,-0.123154,-0.089403,-0.133454,-0.866014,1.024325
24.993943,-0.233113,-1.570314,-0.217954,-0.799968,-1.053534,-1.020983,0.586681,-0.059670,-1.290460,-0.269773,0.018494,-0.665951,-0.575525,0.243395,-0.820041,-0.155201,-0.034884,-1.805039,1.320730,1.683160,2.200028,-0.168789,-0.210388,-0.121931,-0.089642,-0.135502,-0.870781,1.020368
24.995054,-0.229141,-1.570027,-0.217151,-0.800084,-1.051884,-1.020403,0.585705,-0.041819,-1.299958,-0.248882,0.020269,-0.666219,-0.580447,0.243230,-0.820207,-0.155411,-0.035016,-1.805127,1.320586,1.682266,2.201023,-0.167103,-0.209694,-0.125222,-0.089467,-0.137693,-0.878197,1.013322
24.996007,-0.225351,-1.569527,-0.218954,-0.800733,-1.050434,-1.014329,0.588043,-0.024753,-1.302875,-0.228966,0.019498,-0.666490,-0.585290,0.243004,-0.820378,-0.155620,-0.035139,-1.805216,1.320443,1.681373,2.202047,-0.169192,-0.209644,-0.125621,-0.088774,-0.138933,-0.878158,1.014747
24.997012,-0.231695,-1.570467,-0.218482,-0.802457,-1.050723,-1.012914,0.585114,-0.005571,-1.300589,-0.206763,0.016562,-0.666796,-0.590269,0.242756,-0.820552,-0.155828,-0.035261,-1.805299,1.320300,1.680489,2.203035,-0.170803,-0.209381,-0.124534,-0.087454,-0.139825,-0.883105,1.009036
24.997994,-0.235652,-1.573845,-0.212031,-0.801454,-1.051261,-1.017674,0.586674,0.013821,-1.293073,-0.184509,0.010803,-0.667159,-0.594942,0.242541,-0.820712,-0.156035,-0.035388,-1.805378,1.320163,1.679602,2.204059,-0.167583,-0.208508,-0.124629,-0.085219,-0.139075,-0.883502,1.014055
24.998947,-0.242243,-1.576180,-0.215923,-0.802748,-1.051060,-1.020411,0.586562,0.030778,-1.283480,-0.165372,0.003190,-0.667507,-0.598816,0.242413,-0.820872,-0.156237,-0.035520,-1.805465,1.320023,1.678737,2.205064,-0.165568,-0.206418,-0.127626,-0.085529,-0.138037,-0.877748,1.009911
25.000089,-0.242397,-1.573610,-0.217862,-0.799271,-1.050112,-1.025118,0.587961,0.044049,-1.277589,-0.150889,-0.003716,-0.667711,-0.601708,0.242381,-0.821029,-0.156441,-0.035643,-1.805545,1.319887,1.677869,2.206081,-0.162189,-0.204792,-0.125455,-0.083639,-0.137762,-0.873952,1.009086
25.000972,-0.247401,-1.574070,-0.216682,-0.795642,-1.047054,-1.027080,0.587919,0.050913,-1.277145,-0.144096,-0.008692,-0.667679,-0.603304,0.242425,-0.821190,-0.156645,-0.035764,-1.805639,1.319744,1.677002,2.207076,-0.162393,-0.206019,-0.124591,-0.086501,-0.138345,-0.868975,1.005867
25.001945,-0.249620,-1.571593,-0.218210,-0.794432,-1.044027,-1.027398,0.587619,0.050740,-1.282052,-0.145600,-0.010236,-0.667280,-0.603567,0.242502,-0.821344,-0.156848,-0.035891,-1.805733,1.319597,1.676149,2.208083,-0.159702,-0.205171,-0.124868,-0.089117,-0.140764,-0.865742,1.004711
25.003032,-0.252926,-1.570924,-0.218358,-0.794074,-1.042730,-1.024594,0.587895,0.044300,-1.292588,-0.154403,-0.006875,-0.666412,-0.602700,0.242560,-0.821502,-0.157054,-0.036015,-1.805822,1.319449,1.675287,2.209076,-0.158560,-0.205971,-0.123934,-0.089524,-0.143213,-0.864481,1.004401
25.003980,-0.253643,-1.572507,-0.214728,-0.794052,-1.039929,-1.025801,0.587273,0.031563,-1.305002,-0.170389,-0.000511,-0.665236,-0.600775,0.242584,-0.821655,-0.157263,-0.036140,-1.805911,1.319302,1.674423,2.210080,-0.157147,-0.206054,-0.123840,-0.089263,-0.144026,-0.866845,1.003233
25.005008,-0.253456,-1.573839,-0.217168,-0.794985,-1.036834,-1.032263,0.585381,0.014849,-1.316026,-0.190885,0.006476,-0.664021,-0.598070,0.242602,-0.821812,-0.157467,-0.036269,-1.805998,1.319151,1.673563,2.211072,-0.156715,-0.204769,-0.125413,-0.088514,-0.146198,-0.864540,1.003500
25.006041,-0.253663,-1.572884,-0.223329,-0.795771,-1.035812,-1.036751,0.585246,-0.001841,-1.326195,-0.211396,0.013304,-0.662944,-0.595082,0.242660,-0.821967,-0.157667,-0.036389,-1.806080,1.318998,1.672716,2.212090,-0.156917,-0.203831,-0.124112,-0.087026,-0.148713,-0.857398,1.006462
25.007024,-0.260712,-1.574522,-0.222401,-0.794984,-1.034937,-1.040863,0.582656,-0.017918,-1.334547,-0.231263,0.018439,-0.662120,-0.591943,0.242766,-0.822124,-0.157871,-0.036505,-1.806165,1.318845,1.671879,2.213087,-0.156889,-0.204026,-0.121033,-0.085647,-0.149143,-0.852385,1.005948
25.007956,-0.264200,-1.572223,-0.223083,-0.792608,-1.034254,-1.042395,0.583825,-0.036392,-1.339749,-0.253869,0.020774,-0.661515,-0.588398,0.242870,-0.822273,-0.158073,-0.036627,-1.806251,1.318697,1.671044,2.214105,-0.153416,-0.202810,-0.121399,-0.085775,-0.149437,-0.847520,1.010187
25.008990,-0.266270,-1.566896,-0.219478,-0.788680,-1.033265,-1.040242,0.580923,-0.059390,-1.343231,-0.281557,0.021549,-0.660930,-0.584333,0.242895,-0.822420,-0.158275,-0.036745,-1.806342,1.318549,1.670193,2.215111,-0.151710,-0.203491,-0.120894,-0.087282,-0.149500,-0.844947,1.006674
25.010125,-0.267727,-1.563080,-0.224880,-0.787089,-1.031488,-1.036148,0.579875,-0.085755,-1.344512,-0.312882,0.021930,-0.660198,-0.579949,0.242828,-0.822570,-0.158487,-0.036871,-1.806439,1.318398,1.669349,2.216123,-0.150853,-0.205771,-0.122616,-0.090346,-0.149930,-0.846553,1.011758
25.010938,-0.262274,-1.557543,-0.224740,-0.785729,-1.030699,-1.030782,0.581644,-0.113855,-1.339752,-0.345841,0.021430,-0.659296,-0.575389,0.242722,-0.822718,-0.158697,-0.036984,-1.806529,1.318243,1.668493,2.217144,-0.150516,-0.207513,-0.120053,-0.091329,-0.151216,-0.850452,1.013292
25.012041,-0.264965,-1.559506,-0.224484,-0.785318,-1.029301,-1.030728,0.581159,-0.143056,-1.324765,-0.379641,0.018336,-0.658350,-0.570610,0.242612,-0.822875,-0.158910,-0.037102,-1.806621,1.318091,1.667639,2.218152,-0.152936,-0.209409,-0.119836,-0.091602,-0.151223,-0.854213,1.008207
25.012951,-0.266101,-1.561315,-0.229069,-0.787000,-1.031719,-1.028307,0.579631,-0.170974,-1.299525,-0.411662,0.012005,-0.657499,-0.565790,0.242515,-0.823023,-0.159118,-0.037223,-1.806711,1.317940,1.666779,2.219156,-0.151874,-0.208191,-0.120014,-0.091399,-0.152133,-0.853846,1.008676
25.013923,-0.269403,-1.559760,-0.229845,-0.786826,-1.032368,-1.025452,0.579472,-0.197370,-1.269564,-0.441763,0.003840,-0.656723,-0.560963,0.242460,-0.823171,-0.159322,-0.037336,-1.806796,1.317797,1.665920,2.220172,-0.151278,-0.206733,-0.117576,-0.088919,-0.149088,-0.855070,1.010538
25.015048,-0.267798,-1.559713,-0.227163,-0.788075,-1.033063,-1.031702,0.579130,-0.225349,-1.238660,-0.473504,-0.005733,-0.656032,-0.555782,0.242436,-0.823316,-0.159531,-0.037451,-1.806884,1.317652,1.665066,2.221165,-0.149730,-0.207030,-0.117156,-0.088379,-0.147905,-0.857019,1.009909
25.015966,-0.262568,-1.549681,-0.229091,-0.782584,-1.036253,-1.025825,0.581191,-0.253713,-1.206379,-0.505523,-0.017747,-0.655615,-0.550436,0.242393,-0.823467,-0.159736,-0.037571,-1.806966,1.317506,1.664220,2.222178,-0.150889,-0.206928,-0.118598,-0.086705,-0.146782,-0.850479,1.010080
25.016988,-0.261797,-1.544476,-0.227849,-0.779203,-1.034137,-1.018368,0.581100,-0.276939,-1.170061,-0.531542,-0.033042,-0.655666,-0.545652,0.242299,-0.823624,-0.159955,-0.037684,-1.807066,1.317368,1.663367,2.223182,-0.153287,-0.211163,-0.117432,-0.091076,-0.142986,-0.855085,1.004572
25.018062,-0.267274,-1.542259,-0.228823,-0.780317,-1.031993,-1.021292,0.582381,-0.292699,-1.126745,-0.548885,-0.050997,-0.656143,-0.541594,0.242153,-0.823780,-0.160174,-0.037804,-1.807165,1.317222,1.662492,2.224178,-0.153521,-0.213009,-0.117875,-0.093348,-0.144541,-0.861226,1.003612
25.019045,-0.266081,-1.545450,-0.232792,-0.776994,-1.033267,-1.015659,0.581231,-0.303578,-1.076313,-0.560502,-0.070631,-0.656918,-0.537916,0.241979,-0.823923,-0.160386,-0.037918,-1.807251,1.317072,1.661630,2.225178,-0.150865,-0.213554,-0.117307,-0.091480,-0.146070,-0.857148,0.999965
25.019946,-0.266834,-1.548193,-0.233199,-0.777612,-1.032278,-1.014903,0.580956,-0.314081,-1.024728,-0.571560,-0.089684,-0.657781,-0.534253,0.241811,-0.824076,-0.160593,-0.038028,-1.807348,1.316930,1.660768,2.226186,-0.151338,-0.211278,-0.115180,-0.093748,-0.144146,-0.861455,1.000966
25.020969,-0.268248,-1.545140,-0.233239,-0.777446,-1.030935,-1.020896,0.582211,-0.326936,-0.982940,-0.585225,-0.103395,-0.658352,-0.530387,0.241677,-0.824226,-0.160800,-0.038145,-1.807437,1.316785,1.659906,2.227177,-0.150690,-0.209096,-0.114695,-0.092080,-0.144453,-0.860439,1.000001
25.021957,-0.267478,-1.541253,-0.234149,-0.777144,-1.031278,-1.020350,0.581555,-0.341381,-0.954791,-0.600713,-0.110946,-0.658587,-0.526486,0.241573,-0.824372,-0.161011,-0.038255,-1.807527,1.316641,1.659071,2.228170,-0.149971,-0.210026,-0.114600,-0.091399,-0.145200,-0.853295,0.996288
25.022944,-0.267772,-1.538702,-0.233276,-0.775750,-1.031231,-1.021847,0.581158,-0.355346,-0.933753,-0.615672,-0.116627,-0.658777,-0.522866,0.241481,-0.824524,-0.161225,-0.038367,-1.807617,1.316497,1.658216,2.229160,-0.150232,-0.211231,-0.113987,-0.090772,-0.144214,-0.852562,0.996384
25.024061,-0.270677,-1.537989,-0.232506,-0.772234,-1.032244,-1.024329,0.581015,-0.367171,-0.913649,-0.628139,-0.123685,-0.659088,-0.519730,0.241399,-0.824671,-0.161436,-0.038481,-1.807708,1.316354,1.657364,2.230175,-0.149991,-0.211807,-0.114265,-0.091249,-0.143650,-0.849712,0.995813
25.024966,-0.274625,-1.531184,-0.229584,-0.769521,-1.034094,-1.023944,0.578966,-0.375963,-0.895098,-0.637059,-0.131177,-0.659405,-0.517215,0.241307,-0.824817,-0.161648,-0.038598,-1.807807,1.316214,1.656531,2.231161,-0.148681,-0.211686,-0.114614,-0.093798,-0.142139,-0.846513,0.995212
25.026000,-0.271726,-1.528044,-0.230240,-0.769284,-1.032796,-1.023978,0.579201,-0.382051,-0.879895,-0.642793,-0.137127,-0.659570,-0.515298,0.241197,-0.824962,-0.161868,-0.038716,-1.807904,1.316077,1.655688,2.232150,-0.146509,-0.214156,-0.115759,-0.095302,-0.139659,-0.845327,0.997860
25.027069,-0.274263,-1.529516,-0.233827,-0.767107,-1.030795,-1.027004,0.580139,-0.385562,-0.864531,-0.645438,-0.142880,-0.659717,-0.513896,0.241090,-0.825112,-0.162085,-0.038830,-1.807998,1.315935,1.654838,2.233144,-0.147950,-0.215030,-0.115310,-0.094571,-0.140420,-0.844156,0.996203
25.027961,-0.272345,-1.531034,-0.233328,-0.767039,-1.027904,-1.028632,0.579443,-0.386974,-0.848487,-0.645558,-0.148993,-0.659942,-0.512937,0.240967,-0.825255,-0.162296,-0.038941,-1.808096,1.315788,1.654014,2.234143,-0.146761,-0.213728,-0.113468,-0.095760,-0.141839,-0.840253,0.993241
25.028948,-0.274750,-1.533611,-0.229008,-0.766820,-1.029712,-1.030102,0.577273,-0.387702,-0.838262,-0.644891,-0.152598,-0.660073,-0.512341,0.240786,-0.825405,-0.162505,-0.039055,-1.808188,1.315637,1.653181,2.235130,-0.147469,-0.212111,-0.113455,-0.094720,-0.143962,-0.837057,0.993158
25.030048,-0.275895,-1.532455,-0.229420,-0.764486,-1.029210,-1.030337,0.575591,-0.386574,-0.839283,-0.642237,-0.151731,-0.660034,-0.512363,0.240528,-0.825550,-0.162713,-0.039173,-1.808280,1.315500,1.652360,2.236130,-0.146184,-0.210157,-0.115408,-0.093974,-0.141549,-0.834446,0.996230
25.031046,-0.279298,-1.527781,-0.232382,-0.763628,-1.025819,-1.030252,0.576221,-0.381924,-0.852667,-0.635737,-0.146248,-0.659854,-0.513273,0.240200,-0.825695,-0.162925,-0.039289,-1.808380,1.315360,1.651530,2.237122,-0.145752,-0.210259,-0.115131,-0.095318,-0.141578,-0.833464,0.998629
25.032109,-0.274288,-1.520857,-0.228516,-0.761304,-1.026452,-1.028517,0.577430,-0.376278,-0.874053,-0.628180,-0.137779,-0.659557,-0.514761,0.239826,-0.825835,-0.163139,-0.039401,-1.808473,1.315209,1.650693,2.238129,-0.144067,-0.211896,-0.113503,-0.095175,-0.144311,-0.832354,0.996024
25.033012,-0.271726,-1.518686,-0.227266,-0.761079,-1.028112,-1.025475,0.577616,-0.370980,-0.894034,-0.620974,-0.130258,-0.659305,-0.516584,0.239419,-0.825985,-0.163361,-0.039521,-1.808571,1.315071,1.649864,2.239095,-0.146626,-0.214684,-0.115323,-0.096487,-0.143129,-0.833202,0.992644
25.033990,-0.275147,-1.521349,-0.233196,-0.758156,-1.029136,-1.024264,0.577508,-0.361976,-0.905401,-0.609464,-0.126928,-0.659327,-0.519129,0.239004,-0.826132,-0.163573,-0.039637,-1.808665,1.314935,1.649027,2.240100,-0.147671,-0.214877,-0.115638,-0.095588,-0.140847,-0.834692,0.990737
25.034926,-0.272686,-1.523534,-0.232279,-0.762373,-1.027113,-1.021986,0.576693,-0.349762,-0.911060,-0.594261,-0.126254,-0.659478,-0.522342,0.238612,-0.826275,-0.163782,-0.039745,-1.808765,1.314797,1.648203,2.241083,-0.145881,-0.212828,-0.112531,-0.097349,-0.139247,-0.834690,0.989706
25.035999,-0.273209,-1.525742,-0.229740,-0.762243,-1.026070,-1.018784,0.578069,-0.339619,-0.918499,-0.581465,-0.125048,-0.659460,-0.525702,0.238264,-0.826426,-0.163991,-0.039858,-1.808852,1.314658,1.647357,2.242059,-0.146928,-0.210964,-0.112800,-0.092173,-0.140683,-0.835489,0.990009
25.036974,-0.274351,-1.530284,-0.227543,-0.759628,-1.024787,-1.016703,0.578021,-0.331311,-0.930063,-0.570932,-0.123415,-0.659330,-0.529301,0.237973,-0.826573,-0.164196,-0.039973,-1.808943,1.314516,1.646513,2.243035,-0.146721,-0.209397,-0.114007,-0.091494,-0.141185,-0.837751,0.986251
25.038318,-0.272447,-1.529374,-0.232571,-0.759947,-1.025297,-1.015840,0.579494,-0.322062,-0.949512,-0.559644,-0.119409,-0.658998,-0.533421,0.237744,-0.826718,-0.164400,-0.040090,-1.809040,1.314372,1.645676,2.244025,-0.146067,-0.206480,-0.114889,-0.093031,-0.141825,-0.838529,0.985076
25.039214,-0.269589,-1.525525,-0.230486,-0.757705,-1.027068,-1.010993,0.579505,-0.311926,-0.980554,-0.547713,-0.109997,-0.658195,-0.537969,0.237599,-0.826869,-0.164610,-0.040198,-1.809130,1.314231,1.644825,2.244997,-0.147519,-0.206945,-0.112672,-0.092211,-0.141003,-0.839443,0.981903
25.040198,-0.271261,-1.525585,-0.229922,-0.759572,-1.024793,-1.008635,0.579289,-0.301316,-1.017285,-0.535561,-0.097400,-0.657024,-0.542768,0.237556,-0.827018,-0.164817,-0.040312,-1.809227,1.314099,1.643973,2.245975,-0.148679,-0.208055,-0.113466,-0.093271,-0.138633,-0.842629,0.980436
25.041118,-0.267585,-1.525026,-0.232021,-0.757263,-1.027311,-1.007428,0.579355,-0.289694,-1.051504,-0.522532,-0.085502,-0.655761,-0.547735,0.237607,-0.827165,-0.165024,-0.040426,-1.809313,1.313957,1.643131,2.246944,-0.147734,-0.207360,-0.113569,-0.090544,-0.140332,-0.843690,0.979695
25.042209,-0.268931,-1.526983,-0.233345,-0.758842,-1.027820,-1.001683,0.578454,-0.277422,-1.080855,-0.509035,-0.075597,-0.654520,-0.552761,0.237737,-0.827316,-0.165227,-0.040536,-1.809407,1.313825,1.642280,2.247919,-0.149362,-0.206909,-0.112306,-0.091801,-0.137208,-0.843302,0.978172
25.043230,-0.269488,-1.526781,-0.234952,-0.760591,-1.027791,-0.997853,0.578196,-0.265854,-1.106952,-0.496640,-0.066843,-0.653259,-0.557641,0.237930,-0.827464,-0.165432,-0.040646,-1.809491,1.313693,1.641430,2.248891,-0.148745,-0.205490,-0.111660,-0.089535,-0.136298,-0.848182,0.979097
25.044209,-0.266304,-1.528287,-0.233321,-0.758743,-1.025350,-0.999198,0.576939,-0.257008,-1.129841,-0.487686,-0.059559,-0.652024,-0.562026,0.238189,-0.827613,-0.165637,-0.040755,-1.809574,1.313559,1.640573,2.249874,-0.148426,-0.205033,-0.110782,-0.087088,-0.135829,-0.850757,0.978456
25.045170,-0.265371,-1.527468,-0.236244,-0.758398,-1.027665,-0.996349,0.577655,-0.250585,-1.149606,-0.481859,-0.053923,-0.650860,-0.565813,0.238521,-0.827765,-0.165836,-0.040867,-1.809664,1.313418,1.639720,2.250865,-0.149878,-0.203700,-0.111469,-0.088038,-0.137692,-0.847993,0.979708
25.046261,-0.264345,-1.528958,-0.239234,-0.755515,-1.027986,-0.997917,0.576955,-0.244178,-1.168879,-0.476425,-0.048013,-0.649629,-0.569126,0.238879,-0.827919,-0.166040,-0.040972,-1.809750,1.313288,1.638874,2.251828,-0.150130,-0.203461,-0.109888,-0.087505,-0.134826,-0.849494,0.977014
25.047156,-0.268685,-1.523654,-0.239712,-0.753791,-1.029683,-1.005834,0.576640,-0.238133,-1.189984,-0.471740,-0.039894,-0.648150,-0.571730,0.239200,-0.828071,-0.166240,-0.041076,-1.809842,1.313154,1.638031,2.252809,-0.150683,-0.202334,-0.108465,-0.089578,-0.134082,-0.847006,0.977505
25.048012,-0.266301,-1.521783,-0.245137,-0.751524,-1.030543,-1.005017,0.575240,-0.234297,-1.212692,-0.469859,-0.028977,-0.646349,-0.573332,0.239460,-0.828215,-0.166448,-0.041182,-1.809934,1.313027,1.637217,2.253794,-0.148280,-0.204187,-0.108055,-0.090197,-0.131831,-0.837568,0.976634
25.049026,-0.265011,-1.521647,-0.254118,-0.752823,-1.034024,-1.003570,0.574446,-0.234407,-1.233317,-0.472630,-0.016723,-0.644332,-0.573779,0.239682,-0.828367,-0.166653,-0.041281,-1.810027,1.312902,1.636381,2.254767,-0.149137,-0.204236,-0.105171,-0.091322,-0.130434,-0.836734,0.977905
25.049939,-0.261009,-1.520646,-0.253372,-0.752435,-1.031867,-1.008523,0.573514,-0.241241,-1.249029,-0.483000,-0.004867,-0.642252,-0.572812,0.239894,-0.828517,-0.166854,-0.041372,-1.810112,1.312783,1.635543,2.255749,-0.149712,-0.203767,-0.100809,-0.089232,-0.126577,-0.837051,0.978330
25.051002,-0.264092,-1.519747,-0.258488,-0.752719,-1.032634,-1.009696,0.573065,-0.254702,-1.259124,-0.500730,0.005295,-0.640338,-0.570550,0.240099,-0.828674,-0.167057,-0.041472,-1.810200,1.312649,1.634730,2.256721,-0.151393,-0.203525,-0.101136,-0.088660,-0.128203,-0.830649,0.978806
25.051996,-0.262251,-1.521161,-0.261889,-0.751249,-1.033427,-1.011012,0.572275,-0.271671,-1.263360,-0.522241,0.012943,-0.638803,-0.567477,0.240288,-0.828822,-0.167259,-0.041564,-1.810286,1.312528,1.633904,2.257705,-0.149853,-0.203534,-0.098735,-0.087658,-0.127073,-0.828634,0.978671
25.052954,-0.269995,-1.520625,-0.267063,-0.749599,-1.035202,-1.019611,0.572057,-0.291675,-1.263755,-0.546974,0.019017,-0.637601,-0.563703,0.240462,-0.828972,-0.167460,-0.041655,-1.810374,1.312407,1.633098,2.258694,-0.150697,-0.202245,-0.097159,-0.088273,-0.125885,-0.826289,0.979022
25.054044,-0.267355,-1.520935,-0.269059,-0.750624,-1.035359,-1.021284,0.572986,-0.316646,-1.264599,-0.577148,0.025855,-0.636493,-0.559111,0.240616,-0.829112,-0.167664,-0.041746,-1.810466,1.312286,1.632294,2.259662,-0.146736,-0.201861,-0.094643,-0.088925,-0.123673,-0.816465,0.978196
25.055066,-0.267126,-1.517270,-0.271908,-0.748640,-1.036117,-1.019105,0.573672,-0.347311,-1.267542,-0.613607,0.034075,-0.635374,-0.553827,0.240728,-0.829261,-0.167863,-0.041836,-1.810551,1.312164,1.631479,2.260633,-0.148179,-0.201338,-0.093908,-0.087207,-0.123219,-0.814152,0.975415
25.056151,-0.268024,-1.518318,-0.271420,-0.746657,-1.038467,-1.019932,0.574009,-0.380918,-1.269702,-0.653158,0.041942,-0.634333,-0.548285,0.240803,-0.829409,-0.168070,-0.041925,-1.810641,1.312041,1.630670,2.261595,-0.148244,-0.202603,-0.092652,-0.088332,-0.122061,-0.815429,0.972996
25.056956,-0.269952,-1.514237,-0.272846,-0.748259,-1.042351,-1.013555,0.574453,-0.413946,-1.269772,-0.691743,0.049250,-0.633318,-0.542926,0.240898,-0.829557,-0.168275,-0.042018,-1.810732,1.311927,1.629853,2.262564,-0.147861,-0.201609,-0.093117,-0.089509,-0.119448,-0.813829,0.971427
25.058041,-0.270258,-1.512768,-0.275880,-0.748265,-1.043355,-1.008560,0.576841,-0.445210,-1.267081,-0.727997,0.055656,-0.632309,-0.537937,0.241061,-0.829699,-0.168479,-0.042106,-1.810814,1.311817,1.629019,2.263536,-0.146562,-0.202722,-0.092311,-0.086904,-0.115115,-0.818354,0.968842
25.059017,-0.269144,-1.513906,-0.276961,-0.749499,-1.044534,-1.006955,0.577242,-0.475745,-1.257143,-0.763059,0.058063,-0.631529,-0.533138,0.241283,-0.829845,-0.168684,-0.042193,-1.810900,1.311705,1.628194,2.264481,-0.146517,-0.203001,-0.091061,-0.086222,-0.113909,-0.822549,0.963222
25.060001,-0.265646,-1.512165,-0.277786,-0.750267,-1.044995,-1.004760,0.578232,-0.505883,-1.238555,-0.797312,0.055117,-0.631095,-0.528373,0.241522,-0.829992,-0.168881,-0.042284,-1.810980,1.311594,1.627364,2.265442,-0.146982,-0.201872,-0.090623,-0.084264,-0.112424,-0.822877,0.961288
25.061067,-0.266945,-1.516402,-0.278441,-0.748424,-1.047565,-1.001660,0.579148,-0.532895,-1.213784,-0.827728,0.047549,-0.631017,-0.523883,0.241730,-0.830143,-0.169085,-0.042372,-1.811059,1.311485,1.626546,2.266385,-0.148607,-0.202131,-0.090356,-0.082852,-0.111693,-0.823946,0.958218
25.062021,-0.268813,-1.512419,-0.278403,-0.748852,-1.052052,-1.002692,0.579761,-0.554287,-1.187407,-0.851545,0.037677,-0.631156,-0.519878,0.241872,-0.830290,-0.169282,-0.042461,-1.811145,1.311385,1.625714,2.267338,-0.147987,-0.199607,-0.090257,-0.084006,-0.108974,-0.826146,0.955494
25.062959,-0.269089,-1.513857,-0.285907,-0.747838,-1.054106,-0.998709,0.579967,-0.570296,-1.163969,-0.869057,0.028230,-0.631314,-0.516331,0.241922,-0.830433,-0.169485,-0.042551,-1.811226,1.311286,1.624886,2.268291,-0.146957,-0.200970,-0.090359,-0.082808,-0.104269,-0.823758,0.953071
25.064028,-0.266774,-1.511664,-0.286200,-0.745960,-1.056617,-0.994997,0.579176,-0.584056,-1.142915,-0.883773,0.019064,-0.631503,-0.512976,0.241874,-0.830579,-0.169682,-0.042631,-1.811310,1.311186,1.624062,2.269234,-0.146681,-0.199608,-0.086747,-0.082983,-0.102010,-0.826442,0.951458
25.065002,-0.268701,-1.511097,-0.286952,-0.745386,-1.056596,-0.995109,0.579269,-0.598415,-1.124032,-0.898899,0.010586,-0.631687,-0.509527,0.241760,-0.830726,-0.169880,-0.042720,-1.811396,1.311091,1.623223,2.270188,-0.147908,-0.200328,-0.086864,-0.084166,-0.099424,-0.829217,0.952177
25.066006,-0.269143,-1.516649,-0.289911,-0.747680,-1.058504,-0.991403,0.580121,-0.612353,-1.107834,-0.913321,0.003835,-0.631822,-0.506106,0.241625,-0.830870,-0.170080,-0.042806,-1.811479,1.310994,1.622400,2.271145,-0.146855,-0.200011,-0.086636,-0.083949,-0.099299,-0.827859,0.950803
25.067061,-0.268642,-1.517375,-0.291494,-0.748864,-1.059561,-0.993344,0.580476,-0.636955,-1.089224,-0.938066,-0.003583,-0.632136,-0.499981,0.241357,-0.831164,-0.170465,-0.042975,-1.811631,1.310807,1.620736,2.273030,-0.146879,-0.196074,-0.084836,-0.079393,-0.096152,-0.827513,0.946487
25.068012,-0.272853,-1.520425,-0.288793,-0.749889,-1.060098,-0.996220,0.579235,-0.636955,-1.089224,-0.938066,-0.003583,-0.632136,-0.499981,0.241357,-0.831164,-0.170465,-0.042975,-1.811631,1.310807,1.620736,2.273030,-0.146879,-0.196074,-0.084836,-0.079393,-0.096152,-0.827513,0.946487
25.068921,-0.270655,-1.512602,-0.289728,-0.751852,-1.062609,-0.996376,0.578281,-0.646898,-1.089157,-0.947689,-0.004969,-0.632464,-0.497568,0.241223,-0.831305,-0.170656,-0.043064,-1.811707,1.310714,1.619925,2.273971,-0.144679,-0.194018,-0.086298,-0.077750,-0.095467,-0.823402,0.947837
25.070032,-0.268077,-1.513375,-0.289086,-0.750209,-1.064948,-0.997654,0.579095,-0.653148,-1.089780,-0.953086,-0.008064,-0.633153,-0.495876,0.241122,-0.831454,-0.170859,-0.043148,-1.811776,1.310628,1.619105,2.274919,-0.145579,-0.197235,-0.085913,-0.075268,-0.092824,-0.821834,0.948432
25.070927,-0.269547,-1.510197,-0.290603,-0.747227,-1.068035,-1.000316,0.577807,-0.653603,-1.083287,-0.951791,-0.016422,-0.634412,-0.495061,0.241068,-0.831603,-0.171050,-0.043235,-1.811855,1.310542,1.618285,2.275870,-0.146978,-0.196583,-0.086543,-0.076443,-0.090548,-0.819890,0.946010
25.072011,-0.268129,-1.509948,-0.290053,-0.746657,-1.069367,-0.999439,0.578606,-0.647308,-1.070653,-0.942688,-0.028105,-0.635992,-0.495167,0.241038,-0.831747,-0.171249,-0.043320,-1.811937,1.310462,1.617480,2.276829,-0.146021,-0.197461,-0.085840,-0.078595,-0.087383,-0.815807,0.947238
25.072928,-0.265413,-1.510238,-0.292613,-0.746655,-1.072834,-1.002316,0.577616,-0.635622,-1.056689,-0.927343,-0.039251,-0.637508,-0.495999,0.241005,-0.831893,-0.171443,-0.043407,-1.812013,1.310378,1.616663,2.277757,-0.146844,-0.197256,-0.086399,-0.078679,-0.086129,-0.815982,0.944860
25.073923,-0.266514,-1.511052,-0.291860,-0.747229,-1.073837,-1.006558,0.579517,-0.619465,-1.043438,-0.906802,-0.048634,-0.638858,-0.497404,0.240970,-0.832046,-0.171640,-0.043492,-1.812089,1.310303,1.615870,2.278708,-0.147930,-0.196444,-0.085198,-0.078003,-0.082641,-0.811819,0.945571
25.074949,-0.268884,-1.511922,-0.294987,-0.746819,-1.074462,-1.008800,0.579440,-0.599369,-1.032511,-0.881723,-0.056163,-0.640078,-0.499358,0.240966,-0.832192,-0.171834,-0.043579,-1.812165,1.310221,1.615070,2.279634,-0.147311,-0.195554,-0.085756,-0.076839,-0.081668,-0.806577,0.940737
25.076007,-0.268178,-1.518894,-0.294727,-0.747607,-1.077108,-1.010085,0.578744,-0.577526,-1.025223,-0.854704,-0.061735,-0.641181,-0.501686,0.241000,-0.832333,-0.172026,-0.043660,-1.812242,1.310141,1.614269,2.280577,-0.146168,-0.194727,-0.084451,-0.076711,-0.081087,-0.803486,0.939967
25.076932,-0.266319,-1.517321,-0.298693,-0.748306,-1.078428,-1.013609,0.579857,-0.556328,-1.025415,-0.828539,-0.063677,-0.642047,-0.504188,0.241051,-0.832483,-0.172209,-0.043748,-1.812317,1.310067,1.613482,2.281511,-0.146548,-0.190984,-0.084825,-0.075442,-0.078556,-0.801539,0.940527
25.077922,-0.263104,-1.514129,-0.294058,-0.747941,-1.079072,-1.012467,0.579779,-0.536212,-1.035979,-0.803754,-0.061005,-0.642636,-0.506918,0.241101,-0.832631,-0.172401,-0.043828,-1.812388,1.309993,1.612691,2.282440,-0.147281,-0.191221,-0.082987,-0.074210,-0.077267,-0.796788,0.937079
25.079094,-0.267986,-1.517342,-0.298033,-0.747588,-1.080395,-1.010768,0.580269,-0.515200,-1.051519,-0.778092,-0.056579,-0.643192,-0.510124,0.241167,-0.832783,-0.172596,-0.043918,-1.812464,1.309916,1.611904,2.283370,-0.148766,-0.192330,-0.085469,-0.074008,-0.076676,-0.797053,0.936251
25.080084,-0.264229,-1.512188,-0.296026,-0.747345,-1.079077,-1.010116,0.579700,-0.492392,-1.066796,-0.750536,-0.052504,-0.643833,-0.513807,0.241298,-0.832926,-0.172785,-0.043998,-1.812536,1.309845,1.611100,2.284309,-0.146567,-0.190598,-0.083905,-0.074095,-0.075597,-0.798430,0.934715
25.081000,-0.267764,-1.510900,-0.295700,-0.748412,-1.081485,-1.008126,0.579877,-0.469573,-1.080590,-0.723132,-0.048782,-0.644469,-0.517667,0.241487,-0.833075,-0.172980,-0.044085,-1.812608,1.309766,1.610294,2.285246,-0.148378,-0.192717,-0.085093,-0.073859,-0.076969,-0.798026,0.934831
25.082040,-0.263526,-1.509630,-0.297282,-0.746924,-1.079034,-1.006140,0.581177,-0.447123,-1.088503,-0.696323,-0.047520,-0.645217,-0.521602,0.241686,-0.833218,-0.173173,-0.044171,-1.812677,1.309700,1.609503,2.286165,-0.146423,-0.192718,-0.085328,-0.072274,-0.074617,-0.798788,0.933294
25.083032,-0.262399,-1.510809,-0.294010,-0.747786,-1.080810,-1.003844,0.580102,-0.424986,-1.088380,-0.670079,-0.049850,-0.646161,-0.525590,0.241891,-0.833368,-0.173364,-0.044258,-1.812752,1.309622,1.608701,2.287089,-0.148556,-0.193000,-0.084758,-0.073293,-0.077188,-0.799951,0.929820
25.084028,-0.266278,-1.510300,-0.294603,-0.749886,-1.082121,-0.998071,0.577833,-0.402045,-1.083566,-0.643186,-0.053968,-0.647182,-0.529807,0.242131,-0.833518,-0.173554,-0.044347,-1.812821,1.309551,1.607902,2.288033,-0.148999,-0.191956,-0.086550,-0.071986,-0.075480,-0.801256,0.930957
25.085033,-0.264797,-1.511888,-0.294438,-0.747707,-1.082132,-0.992400,0.578026,-0.377671,-1.076126,-0.614950,-0.059417,-0.648279,-0.534440,0.242441,-0.833664,-0.173745,-0.044434,-1.812887,1.309479,1.607084,2.288966,-0.146973,-0.191778,-0.086405,-0.069549,-0.074274,-0.805974,0.934514
25.086025,-0.267215,-1.507437,-0.293298,-0.747482,-1.081887,-0.988430,0.576699,-0.354417,-1.067731,-0.588233,-0.065782,-0.649392,-0.539244,0.242816,-0.833812,-0.173933,-0.044519,-1.812961,1.309406,1.606258,2.289894,-0.147682,-0.190589,-0.086684,-0.071252,-0.074371,-0.810534,0.933118
25.087035,-0.267311,-1.509206,-0.295339,-0.747883,-1.083193,-0.985556,0.577638,-0.333564,-1.060341,-0.564457,-0.071414,-0.650323,-0.543981,0.243225,-0.833955,-0.174128,-0.044608,-1.813032,1.309331,1.605445,2.290824,-0.146433,-0.192348,-0.087396,-0.071005,-0.074689,-0.813413,0.934798
25.088005,-0.269872,-1.507422,-0.298829,-0.748509,-1.084801,-0.982508,0.574832,-0.315485,-1.053054,-0.544047,-0.076449,-0.651018,-0.548507,0.243669,-0.834102,-0.174317,-0.044692,-1.813100,1.309260,1.604625,2.291756,-0.146354,-0.191039,-0.086583,-0.070242,-0.073482,-0.815229,0.931910
25.088930,-0.265177,-1.509155,-0.302693,-0.747656,-1.085244,-0.980615,0.573538,-0.302122,-1.045308,-0.529238,-0.081666,-0.651483,-0.552575,0.244138,-0.834242,-0.174508,-0.044773,-1.813168,1.309191,1.603801,2.292706,-0.145037,-0.191462,-0.085043,-0.069208,-0.071983,-0.817046,0.936450
25.089939,-0.269738,-1.505440,-0.302418,-0.747661,-1.087056,-0.979594,0.573969,-0.294743,-1.038693,-0.521510,-0.086616,-0.651668,-0.556058,0.244589,-0.834394,-0.174697,-0.044851,-1.813237,1.309119,1.602984,2.293639,-0.147169,-0.190033,-0.083293,-0.069569,-0.071594,-0.817575,0.937809
25.091082,-0.271285,-1.502007,-0.300680,-0.750084,-1.085849,-0.976458,0.572237,-0.292297,-1.034127,-0.519728,-0.090771,-0.651579,-0.559060,0.244978,-0.834535,-0.174888,-0.044936,-1.813303,1.309052,1.602164,2.294573,-0.144880,-0.191494,-0.083663,-0.069242,-0.069935,-0.817532,0.935939
25.092054,-0.272632,-1.505013,-0.306144,-0.749351,-1.085427,-0.975274,0.572585,-0.292939,-1.026791,-0.521824,-0.096696,-0.651507,-0.561654,0.245291,-0.834678,-0.175086,-0.045025,-1.813364,1.308976,1.601346,2.295525,-0.144353,-0.192958,-0.084860,-0.066763,-0.071345,-0.820166,0.938768
25.092917,-0.269914,-1.503116,-0.303252,-0.747504,-1.086393,-0.974725,0.570912,-0.296054,-1.013911,-0.527088,-0.106056,-0.651663,-0.563712,0.245570,-0.834820,-0.175274,-0.045105,-1.813433,1.308905,1.600524,2.296453,-0.143632,-0.190973,-0.082310,-0.067098,-0.071847,-0.820121,0.936975
25.094102,-0.273272,-1.502239,-0.311262,-0.748036,-1.086514,-0.981366,0.571411,-0.300809,-1.001729,-0.534565,-0.115250,-0.651819,-0.565156,0.245836,-0.834966,-0.175463,-0.045189,-1.813500,1.308833,1.599706,2.297396,-0.144726,-0.191278,-0.083842,-0.068429,-0.070862,-0.819054,0.938949
25.094997,-0.275558,-1.502325,-0.310361,-0.746484,-1.085846,-0.985254,0.573191,-0.305940,-0.993970,-0.542787,-0.121781,-0.651832,-0.565987,0.246081,-0.835107,-0.175655,-0.045263,-1.813566,1.308763,1.598912,2.298318,-0.143349,-0.191620,-0.080331,-0.067774,-0.071024,-0.812132,0.937471
25.096000,-0.277322,-1.504111,-0.314598,-0.746082,-1.086336,-0.988880,0.572247,-0.312653,-0.990502,-0.553085,-0.125569,-0.651730,-0.566033,0.246296,-0.835245,-0.175844,-0.045347,-1.813636,1.308690,1.598110,2.299245,-0.142074,-0.190955,-0.080908,-0.068793,-0.071709,-0.806880,0.932619
25.096923,-0.279025,-1.507133,-0.314533,-0.746348,-1.086746,-0.992590,0.572218,-0.321987,-0.994001,-0.566564,-0.125151,-0.651414,-0.565253,0.246466,-0.835386,-0.176032,-0.045422,-1.813705,1.308620,1.597326,2.300187,-0.141223,-0.189671,-0.079080,-0.068793,-0.071333,-0.802403,0.933542
25.098046,-0.284012,-1.505661,-0.321471,-0.745701,-1.085699,-0.992728,0.571577,-0.333439,-1.008044,-0.582530,-0.118864,-0.650790,-0.563883,0.246574,-0.835525,-0.176215,-0.045502,-1.813770,1.308551,1.596532,2.301108,-0.140274,-0.187663,-0.079291,-0.068134,-0.070987,-0.797459,0.932418
25.098987,-0.282792,-1.508244,-0.315425,-0.745616,-1.084753,-0.992468,0.573295,-0.348163,-1.032580,-0.602195,-0.106868,-0.649880,-0.561926,0.246612,-0.835656,-0.176403,-0.045573,-1.813839,1.308475,1.595732,2.302040,-0.138111,-0.188260,-0.076310,-0.068546,-0.072217,-0.796871,0.933064
25.099942,-0.282980,-1.506106,-0.320763,-0.746424,-1.085668,-0.997157,0.574272,-0.365974,-1.064888,-0.625246,-0.090250,-0.648760,-0.559380,0.246581,-0.835795,-0.176586,-0.045658,-1.813905,1.308398,1.594946,2.302955,-0.138683,-0.186499,-0.079520,-0.068210,-0.073162,-0.796019,0.928492
25.100986,-0.287546,-1.505384,-0.319419,-0.746397,-1.084593,-0.999680,0.571892,-0.382884,-1.101913,-0.647052,-0.070654,-0.647577,-0.556693,0.246506,-0.835933,-0.176774,-0.045730,-1.813971,1.308325,1.594162,2.303878,-0.138564,-0.187106,-0.077093,-0.067022,-0.072289,-0.790236,0.925477
25.102061,-0.291289,-1.504415,-0.322241,-0.745272,-1.086183,-1.002174,0.573663,-0.397506,-1.138838,-0.665998,-0.050911,-0.646510,-0.554051,0.246457,-0.836064,-0.176961,-0.045808,-1.814039,1.308248,1.593391,2.304819,-0.136464,-0.187162,-0.078123,-0.066736,-0.073470,-0.787113,0.929399
25.103035,-0.292973,-1.504604,-0.326372,-0.746243,-1.087620,-1.006289,0.573699,-0.411687,-1.172325,-0.684168,-0.032537,-0.645561,-0.551251,0.246466,-0.836197,-0.177148,-0.045884,-1.814108,1.308178,1.592613,2.305728,-0.134835,-0.187399,-0.077090,-0.067565,-0.072041,-0.784075,0.925082
25.104006,-0.290228,-1.506533,-0.327629,-0.747799,-1.087775,-1.004811,0.574317,-0.427358,-1.201903,-0.703696,-0.015585,-0.644645,-0.548181,0.246503,-0.836329,-0.177333,-0.045955,-1.814172,1.308110,1.591840,2.306651,-0.134074,-0.186886,-0.075341,-0.066247,-0.070732,-0.779027,0.924013
25.104959,-0.288233,-1.509652,-0.328340,-0.746451,-1.087973,-1.001953,0.573860,-0.444612,-1.227743,-0.724609,-0.000531,-0.643794,-0.545049,0.246535,-0.836467,-0.177517,-0.046032,-1.814234,1.308039,1.591063,2.307557,-0.135469,-0.185506,-0.074987,-0.064438,-0.070680,-0.779624,0.921802
25.105998,-0.287523,-1.512397,-0.328719,-0.746179,-1.089593,-0.997886,0.572211,-0.460414,-1.253052,-0.743394,0.013910,-0.642971,-0.542355,0.246562,-0.836605,-0.177699,-0.046107,-1.814300,1.307971,1.590271,2.308479,-0.136433,-0.183532,-0.074891,-0.065410,-0.070584,-0.781398,0.921653
25.106969,-0.286112,-1.509223,-0.331879,-0.744756,-1.089371,-0.993255,0.573708,-0.472078,-1.283130,-0.756994,0.030885,-0.641990,-0.540386,0.246608,-0.836741,-0.177876,-0.046182,-1.814366,1.307905,1.589476,2.309408,-0.136922,-0.181971,-0.075068,-0.065405,-0.069139,-0.784686,0.924105
25.108003,-0.287439,-1.511384,-0.331988,-0.746305,-1.089049,-0.994403,0.575342,-0.479507,-1.317994,-0.765326,0.051007,-0.640838,-0.538948,0.246672,-0.836881,-0.178062,-0.046253,-1.814434,1.307832,1.588686,2.310315,-0.137606,-0.183158,-0.073807,-0.066434,-0.069453,-0.788304,0.920077
25.109018,-0.292797,-1.507813,-0.334961,-0.746556,-1.090534,-0.993292,0.573921,-0.483883,-1.352734,-0.769787,0.071846,-0.639723,-0.537675,0.246716,-0.837017,-0.178240,-0.046325,-1.814493,1.307762,1.587898,2.311227,-0.137063,-0.181837,-0.074159,-0.064723,-0.069926,-0.786334,0.915991
25.110032,-0.290478,-1.510518,-0.334025,-0.746083,-1.092215,-0.991095,0.573651,-0.487366,-1.382383,-0.772942,0.090179,-0.638900,-0.536215,0.246741,-0.837149,-0.178427,-0.046396,-1.814558,1.307696,1.587117,2.312154,-0.134513,-0.183289,-0.073034,-0.064216,-0.068597,-0.786667,0.917962
25.111032,-0.297013,-1.506677,-0.336103,-0.746853,-1.094759,-0.994295,0.573506,-0.491480,-1.404575,-0.776607,0.104292,-0.638492,-0.534363,0.246801,-0.837289,-0.178607,-0.046472,-1.814622,1.307635,1.586324,2.313063,-0.135762,-0.181629,-0.073846,-0.064432,-0.067142,-0.788006,0.917617
25.111991,-0.292339,-1.504158,-0.336361,-0.745682,-1.096120,-0.989645,0.571995,-0.495823,-1.419228,-0.780335,0.113961,-0.638528,-0.532255,0.246947,-0.837413,-0.178792,-0.046543,-1.814685,1.307575,1.585534,2.313984,-0.132661,-0.183216,-0.073160,-0.063399,-0.064809,-0.783846,0.916958
25.112956,-0.294982,-1.502034,-0.331656,-0.744427,-1.095364,-0.986695,0.572913,-0.499873,-1.423963,-0.783487,0.117971,-0.639117,-0.530124,0.247187,-0.837552,-0.178979,-0.046616,-1.814749,1.307513,1.584747,2.314896,-0.135028,-0.184011,-0.073327,-0.064237,-0.063634,-0.787523,0.918983
25.114045,-0.295444,-1.505418,-0.334943,-0.744362,-1.096435,-0.985801,0.571363,-0.501048,-1.417732,-0.783075,0.116446,-0.640253,-0.528340,0.247495,-0.837681,-0.179162,-0.046699,-1.814816,1.307446,1.583951,2.315811,-0.133761,-0.184668,-0.075881,-0.065114,-0.064528,-0.789381,0.916079
25.115040,-0.294829,-1.507359,-0.334136,-0.748800,-1.093942,-0.983302,0.571951,-0.497501,-1.405095,-0.777011,0.112227,-0.641699,-0.527191,0.247849,-0.837817,-0.179343,-0.046769,-1.814879,1.307383,1.583162,2.316737,-0.133769,-0.182798,-0.074680,-0.065019,-0.063708,-0.789696,0.918505
25.115935,-0.299417,-1.509198,-0.333367,-0.747200,-1.096092,-0.980383,0.572911,-0.490343,-1.390861,-0.766652,0.106936,-0.643308,-0.526696,0.248234,-0.837953,-0.179523,-0.046846,-1.814930,1.307312,1.582363,2.317645,-0.134141,-0.181520,-0.075389,-0.060565,-0.066346,-0.791229,0.916377
25.117056,-0.302890,-1.507808,-0.333837,-0.749614,-1.096165,-0.981871,0.571901,-0.480820,-1.377349,-0.753569,0.100655,-0.645038,-0.526736,0.248622,-0.838079,-0.179698,-0.046922,-1.814995,1.307254,1.581567,2.318556,-0.131752,-0.180065,-0.075882,-0.061713,-0.064265,-0.792575,0.913072
25.118043,-0.297271,-1.503500,-0.332479,-0.748973,-1.097163,-0.986212,0.573189,-0.471085,-1.365143,-0.740318,0.093591,-0.646785,-0.526940,0.248984,-0.838208,-0.179878,-0.046998,-1.815050,1.307191,1.580787,2.319459,-0.130161,-0.180461,-0.075935,-0.059208,-0.064389,-0.790105,0.914143
25.118983,-0.294209,-1.504445,-0.328874,-0.747223,-1.099674,-0.988773,0.573836,-0.460545,-1.350363,-0.726189,0.083917,-0.648654,-0.527258,0.249316,-0.838349,-0.180065,-0.047078,-1.815108,1.307128,1.580011,2.320365,-0.132810,-0.182002,-0.076712,-0.059574,-0.063469,-0.784365,0.910201
25.120015,-0.303371,-1.500798,-0.332265,-0.746422,-1.099357,-0.988659,0.572120,-0.443619,-1.331229,-0.704768,0.071200,-0.650728,-0.528282,0.249622,-0.838485,-0.180244,-0.047158,-1.815173,1.307072,1.579244,2.321274,-0.134109,-0.180892,-0.078576,-0.060836,-0.061064,-0.780354,0.907482
25.120955,-0.304435,-1.499206,-0.327567,-0.747195,-1.103517,-0.992234,0.573743,-0.420129,-1.310893,-0.675913,0.058027,-0.652787,-0.530019,0.249914,-0.838607,-0.180430,-0.047232,-1.815233,1.307009,1.578464,2.322176,-0.129553,-0.182198,-0.077069,-0.061323,-0.061529,-0.779251,0.909765
25.121945,-0.303947,-1.498260,-0.329586,-0.747506,-1.103719,-0.994813,0.573412,-0.395914,-1.288903,-0.646322,0.044626,-0.654768,-0.531828,0.250204,-0.838734,-0.180612,-0.047313,-1.815289,1.306960,1.577694,2.323075,-0.128948,-0.182350,-0.079489,-0.060240,-0.057512,-0.774155,0.905049
25.123046,-0.304349,-1.504511,-0.326701,-0.748311,-1.104037,-0.994458,0.575041,-0.372161,-1.263543,-0.617300,0.029791,-0.656846,-0.533693,0.250490,-0.838865,-0.180794,-0.047390,-1.815349,1.306904,1.576940,2.323967,-0.129124,-0.182258,-0.078591,-0.059604,-0.057507,-0.770360,0.904499
25.123944,-0.301121,-1.500553,-0.330074,-0.749920,-1.103762,-0.994964,0.575114,-0.347323,-1.239192,-0.587067,0.015365,-0.658978,-0.535942,0.250750,-0.838996,-0.180967,-0.047474,-1.815404,1.306848,1.576167,2.324863,-0.129003,-0.178821,-0.080223,-0.058711,-0.057431,-0.769782,0.900193
25.124962,-0.304432,-1.500343,-0.332139,-0.751308,-1.102997,-0.995506,0.573263,-0.321066,-1.220217,-0.555288,0.003318,-0.661049,-0.538672,0.250971,-0.839127,-0.181150,-0.047550,-1.815456,1.306787,1.575402,2.325765,-0.130409,-0.180133,-0.078565,-0.056855,-0.057752,-0.767664,0.898566
25.126080,-0.308072,-1.503993,-0.331259,-0.751795,-1.102534,-0.994956,0.572839,-0.295320,-1.203143,-0.524207,-0.008328,-0.663180,-0.541641,0.251181,-0.839255,-0.181329,-0.047626,-1.815508,1.306727,1.574647,2.326660,-0.128728,-0.179738,-0.077711,-0.055350,-0.058655,-0.765990,0.901104
25.127054,-0.305927,-1.504458,-0.329906,-0.753573,-1.103189,-0.998430,0.573313,-0.273458,-1.186784,-0.497746,-0.020119,-0.665312,-0.544440,0.251408,-0.839379,-0.181500,-0.047705,-1.815560,1.306666,1.573882,2.327568,-0.127097,-0.177675,-0.078422,-0.054867,-0.059313,-0.765688,0.900909
25.127981,-0.303133,-1.501593,-0.331036,-0.750784,-1.102743,-0.996746,0.571091,-0.255122,-1.174926,-0.475518,-0.030134,-0.667224,-0.547135,0.251649,-0.839510,-0.181676,-0.047786,-1.815610,1.306609,1.573134,2.328467,-0.128093,-0.176941,-0.079178,-0.052970,-0.058784,-0.760930,0.898619
25.129138,-0.304785,-1.500083,-0.332402,-0.754036,-1.104155,-0.994297,0.571168,-0.237069,-1.167970,-0.453759,-0.037814,-0.668837,-0.550075,0.251909,-0.839642,-0.181856,-0.047864,-1.815672,1.306551,1.572370,2.329370,-0.129299,-0.177743,-0.078647,-0.055352,-0.059329,-0.761168,0.901672
25.129979,-0.303699,-1.498436,-0.334206,-0.754175,-1.105229,-0.996894,0.571126,-0.218642,-1.162116,-0.431690,-0.044402,-0.670195,-0.553202,0.252204,-0.839769,-0.182031,-0.047942,-1.815718,1.306495,1.571604,2.330270,-0.128675,-0.178294,-0.078270,-0.052230,-0.058178,-0.762889,0.900581
25.130984,-0.300707,-1.500984,-0.334472,-0.756201,-1.106889,-0.994328,0.569105,-0.201638,-1.152424,-0.411388,-0.052606,-0.671503,-0.556278,0.252510,-0.839899,-0.182211,-0.048020,-1.815769,1.306439,1.570855,2.331160,-0.128930,-0.178336,-0.077334,-0.051822,-0.057156,-0.758541,0.899064
25.131954,-0.301198,-1.504529,-0.332919,-0.758631,-1.107745,-0.987879,0.569431,-0.186165,-1.138755,-0.393026,-0.063079,-0.672860,-0.559430,0.252778,-0.840031,-0.182382,-0.048098,-1.815815,1.306385,1.570088,2.332067,-0.130361,-0.176639,-0.077349,-0.049808,-0.055686,-0.759914,0.901870
25.133008,-0.302124,-1.506139,-0.334692,-0.757952,-1.107031,-0.987099,0.568588,-0.170810,-1.125524,-0.375065,-0.074080,-0.674188,-0.562929,0.252979,-0.840164,-0.182550,-0.048178,-1.815858,1.306328,1.569324,2.332968,-0.129969,-0.174433,-0.078222,-0.047432,-0.054968,-0.765046,0.899831
25.134029,-0.306030,-1.506798,-0.330715,-0.759576,-1.105535,-0.982185,0.568685,-0.155790,-1.117283,-0.357837,-0.083360,-0.675323,-0.566760,0.253105,-0.840293,-0.182722,-0.048253,-1.815906,1.306270,1.568556,2.333858,-0.129545,-0.173312,-0.077541,-0.048148,-0.055880,-0.764678,0.900446
25.135017,-0.303982,-1.503836,-0.330827,-0.761255,-1.106964,-0.980540,0.566774,-0.142365,-1.115936,-0.342835,-0.089342,-0.676094,-0.570738,0.253166,-0.840415,-0.182889,-0.048336,-1.815951,1.306207,1.567773,2.334761,-0.127649,-0.172654,-0.079661,-0.046569,-0.057494,-0.768338,0.899005
25.135936,-0.303156,-1.505464,-0.337566,-0.760145,-1.105558,-0.977298,0.565948,-0.130098,-1.117402,-0.329497,-0.093918,-0.676631,-0.574814,0.253217,-0.840544,-0.183067,-0.048416,-1.815991,1.306152,1.567005,2.335674,-0.128639,-0.173633,-0.079679,-0.045035,-0.056201,-0.768635,0.901524
25.136935,-0.299384,-1.507810,-0.338365,-0.762178,-1.107451,-0.975437,0.566090,-0.119486,-1.117868,-0.318266,-0.098918,-0.677034,-0.578828,0.253295,-0.840674,-0.183239,-0.048488,-1.816039,1.306093,1.566224,2.336569,-0.128868,-0.172238,-0.076405,-0.046036,-0.057710,-0.770268,0.901723
25.137939,-0.302105,-1.507032,-0.336374,-0.763103,-1.106733,-0.974737,0.566559,-0.112215,-1.119895,-0.311038,-0.102783,-0.677125,-0.582554,0.253372,-0.840806,-0.183407,-0.048563,-1.816079,1.306038,1.565447,2.337471,-0.130690,-0.170688,-0.076204,-0.044136,-0.055963,-0.770783,0.900146
25.138936,-0.302782,-1.507020,-0.336774,-0.765060,-1.108850,-0.969038,0.565473,-0.106966,-1.124774,-0.306337,-0.105178,-0.676927,-0.586175,0.253427,-0.840933,-0.183576,-0.048644,-1.816121,1.305977,1.564682,2.338357,-0.129281,-0.170708,-0.077324,-0.043329,-0.056820,-0.770232,0.898004
25.140012,-0.300736,-1.509515,-0.339680,-0.766473,-1.110300,-0.964677,0.567289,-0.102338,-1.129262,-0.302518,-0.108083,-0.676674,-0.589835,0.253468,-0.841062,-0.183745,-0.048721,-1.816158,1.305926,1.563893,2.339259,-0.128908,-0.170324,-0.077255,-0.041603,-0.054889,-0.774567,0.898927
25.140961,-0.303373,-1.511946,-0.338901,-0.766871,-1.108581,-0.962297,0.568312,-0.099007,-1.131576,-0.300266,-0.112532,-0.676501,-0.593383,0.253492,-0.841196,-0.183910,-0.048796,-1.816197,1.305874,1.563118,2.340135,-0.129960,-0.168840,-0.076046,-0.040459,-0.053704,-0.777854,0.894250
25.141928,-0.297953,-1.511328,-0.340999,-0.768874,-1.108614,-0.958489,0.569380,-0.097553,-1.134402,-0.300234,-0.117081,-0.676342,-0.596657,0.253477,-0.841321,-0.184075,-0.048872,-1.816235,1.305815,1.562334,2.341021,-0.128540,-0.167206,-0.076550,-0.040206,-0.055549,-0.778665,0.890891
25.143025,-0.297488,-1.514042,-0.342614,-0.769782,-1.110381,-0.960369,0.569646,-0.097244,-1.139706,-0.301605,-0.120510,-0.676120,-0.599547,0.253417,-0.841455,-0.184241,-0.048946,-1.816271,1.305757,1.561542,2.341908,-0.131135,-0.167119,-0.075637,-0.038412,-0.055616,-0.780962,0.887467
25.143951,-0.303011,-1.513169,-0.341108,-0.769207,-1.111462,-0.963140,0.570731,-0.096206,-1.146314,-0.302223,-0.123502,-0.675895,-0.602026,0.253325,-0.841585,-0.184403,-0.049021,-1.816309,1.305708,1.560775,2.342786,-0.131433,-0.165605,-0.075110,-0.037826,-0.054138,-0.778087,0.886008
25.144984,-0.305544,-1.511981,-0.341905,-0.768039,-1.114255,-0.965865,0.572647,-0.094226,-1.154329,-0.301902,-0.125904,-0.675638,-0.603961,0.253223,-0.841707,-0.184568,-0.049098,-1.816350,1.305657,1.560009,2.343659,-0.128575,-0.165590,-0.075945,-0.038461,-0.053228,-0.773789,0.882486
25.146073,-0.310167,-1.511310,-0.347670,-0.766661,-1.114159,-0.974047,0.572985,-0.093035,-1.163892,-0.302630,-0.126896,-0.675261,-0.605055,0.253115,-0.841833,-0.184736,-0.049172,-1.816393,1.305613,1.559255,2.344535,-0.127363,-0.165870,-0.075756,-0.039758,-0.050729,-0.769991,0.877550
25.147026,-0.311820,-1.509621,-0.350908,-0.767024,-1.115140,-0.976050,0.572838,-0.095338,-1.174448,-0.307413,-0.125824,-0.674711,-0.605031,0.253007,-0.841955,-0.184904,-0.049240,-1.816436,1.305562,1.558503,2.345399,-0.125220,-0.165970,-0.073205,-0.041313,-0.051126,-0.760870,0.875996
25.148004,-0.315267,-1.507443,-0.350528,-0.766984,-1.115140,-0.973595,0.573283,-0.104176,-1.185221,-0.319660,-0.122605,-0.674004,-0.603732,0.252902,-0.842077,-0.185071,-0.049309,-1.816476,1.305515,1.557747,2.346270,-0.124374,-0.166379,-0.071792,-0.041028,-0.050355,-0.757565,0.875040
25.148979,-0.318621,-1.511115,-0.352590,-0.769152,-1.116417,-0.976638,0.573489,-0.120063,-1.193366,-0.339893,-0.118670,-0.673319,-0.601195,0.252803,-0.842197,-0.185240,-0.049383,-1.816519,1.305461,1.556995,2.347131,-0.122676,-0.167041,-0.072157,-0.041136,-0.050536,-0.758814,0.872980
25.149974,-0.320811,-1.509254,-0.356688,-0.768944,-1.114860,-0.978223,0.571679,-0.141527,-1.197911,-0.366356,-0.114942,-0.672806,-0.597637,0.252730,-0.842314,-0.185400,-0.049452,-1.816553,1.305414,1.556244,2.348001,-0.121059,-0.164859,-0.071332,-0.039219,-0.049488,-0.754457,0.871368
25.150995,-0.324043,-1.511433,-0.353750,-0.770620,-1.117673,-0.982084,0.572057,-0.167931,-1.200935,-0.398305,-0.110990,-0.672444,-0.593238,0.252700,-0.842433,-0.185568,-0.049518,-1.816592,1.305361,1.555508,2.348884,-0.120048,-0.165432,-0.069550,-0.039627,-0.051261,-0.751787,0.873827
25.151987,-0.323957,-1.511119,-0.356675,-0.771489,-1.117808,-0.983364,0.573639,-0.197725,-1.203506,-0.433942,-0.106609,-0.672190,-0.588233,0.252709,-0.842550,-0.185731,-0.049593,-1.816628,1.305320,1.554767,2.349748,-0.118562,-0.164042,-0.071247,-0.038218,-0.048734,-0.746862,0.871958
25.152948,-0.326386,-1.506550,-0.355694,-0.771585,-1.120259,-0.987609,0.572946,-0.227495,-1.205840,-0.469277,-0.102104,-0.672042,-0.583040,0.252728,-0.842668,-0.185894,-0.049657,-1.816664,1.305271,1.554023,2.350610,-0.118699,-0.163884,-0.070052,-0.037602,-0.048849,-0.744448,0.867639
25.154042,-0.330858,-1.502283,-0.355272,-0.770477,-1.122286,-0.988596,0.573371,-0.254853,-1.205656,-0.501479,-0.098787,-0.672048,-0.577971,0.252732,-0.842782,-0.186064,-0.049728,-1.816701,1.305229,1.553302,2.351469,-0.117545,-0.165725,-0.070749,-0.037686,-0.046656,-0.739051,0.867876
25.155013,-0.333110,-1.501695,-0.354839,-0.768851,-1.123897,-0.984529,0.573847,-0.279063,-1.198041,-0.529639,-0.098565,-0.672280,-0.573134,0.252738,-0.842894,-0.186236,-0.049800,-1.816741,1.305190,1.552568,2.352335,-0.115597,-0.167580,-0.071256,-0.039071,-0.045032,-0.737344,0.866102
25.155952,-0.328623,-1.499375,-0.355129,-0.769170,-1.126214,-0.985172,0.572707,-0.300507,-1.182440,-0.554148,-0.100756,-0.672620,-0.568503,0.252774,-0.843005,-0.186404,-0.049872,-1.816785,1.305147,1.551819,2.353203,-0.114617,-0.167428,-0.071657,-0.040721,-0.043705,-0.740198,0.863942
25.157009,-0.331876,-1.499020,-0.357296,-0.771024,-1.125172,-0.981322,0.572630,-0.318391,-1.162432,-0.574042,-0.103120,-0.672897,-0.564235,0.252843,-0.843127,-0.186574,-0.049945,-1.816825,1.305109,1.551085,2.354063,-0.116838,-0.168100,-0.071635,-0.040486,-0.041676,-0.738235,0.865011
25.158026,-0.329912,-1.497867,-0.354554,-0.772918,-1.124956,-0.977252,0.571521,-0.331589,-1.139309,-0.588051,-0.105668,-0.673195,-0.560569,0.252949,-0.843239,-0.186743,-0.050013,-1.816858,1.305064,1.550335,2.354926,-0.115426,-0.167982,-0.070863,-0.038992,-0.043068,-0.741157,0.864162
25.158966,-0.331752,-1.499528,-0.353205,-0.773199,-1.125505,-0.975466,0.571170,-0.340451,-1.112379,-0.596692,-0.109837,-0.673703,-0.557471,0.253121,-0.843358,-0.186911,-0.050088,-1.816893,1.305020,1.549594,2.355788,-0.116530,-0.168213,-0.072446,-0.037395,-0.043573,-0.744171,0.865330
25.159960,-0.334133,-1.491992,-0.354284,-0.774024,-1.127715,-0.973988,0.570765,-0.344097,-1.083362,-0.599073,-0.115544,-0.674463,-0.554998,0.253364,-0.843474,-0.187076,-0.050160,-1.816931,1.304978,1.548844,2.356653,-0.115619,-0.166924,-0.073259,-0.037274,-0.043282,-0.744566,0.864746
25.161059,-0.335207,-1.490620,-0.354286,-0.772407,-1.126473,-0.971608,0.570809,-0.343026,-1.052588,-0.595803,-0.122908,-0.675483,-0.553049,0.253643,-0.843585,-0.187253,-0.050231,-1.816967,1.304942,1.548092,2.357523,-0.114592,-0.170245,-0.072919,-0.036693,-0.041409,-0.744841,0.864404
25.162054,-0.334953,-1.489288,-0.354575,-0.773105,-1.127983,-0.969238,0.572772,-0.339754,-1.016965,-0.589733,-0.133155,-0.676794,-0.551218,0.253934,-0.843696,-0.187426,-0.050305,-1.817009,1.304895,1.547348,2.358377,-0.114379,-0.170626,-0.073216,-0.038548,-0.043018,-0.746433,0.863466
25.162951,-0.334472,-1.485187,-0.354383,-0.773445,-1.129554,-0.968316,0.572709,-0.335108,-0.977830,-0.581790,-0.145167,-0.678248,-0.549343,0.254201,-0.843810,-0.187595,-0.050380,-1.817046,1.304858,1.546595,2.359232,-0.114644,-0.170892,-0.073233,-0.038051,-0.041827,-0.747595,0.858399
25.163971,-0.333425,-1.485858,-0.352130,-0.773069,-1.131421,-0.967747,0.572412,-0.328610,-0.937316,-0.571434,-0.158137,-0.679784,-0.547549,0.254424,-0.843926,-0.187773,-0.050453,-1.817085,1.304818,1.545854,2.360091,-0.114845,-0.172295,-0.073425,-0.037781,-0.040507,-0.747045,0.857222
25.164989,-0.335957,-1.483942,-0.353129,-0.772350,-1.130946,-0.964525,0.573056,-0.318872,-0.896178,-0.557132,-0.172142,-0.681455,-0.546130,0.254618,-0.844042,-0.187945,-0.050530,-1.817124,1.304783,1.545109,2.360937,-0.115512,-0.171546,-0.074725,-0.038365,-0.039023,-0.746540,0.856826
25.166140,-0.339350,-1.486388,-0.350988,-0.773694,-1.132337,-0.965233,0.573024,-0.305388,-0.858125,-0.538428,-0.185213,-0.683125,-0.545264,0.254830,-0.844153,-0.188117,-0.050603,-1.817164,1.304743,1.544351,2.361792,-0.114427,-0.172123,-0.074432,-0.039255,-0.039864,-0.748638,0.854478
25.167104,-0.339696,-1.487119,-0.349971,-0.775901,-1.132017,-0.963293,0.572239,-0.289999,-0.826534,-0.517546,-0.195600,-0.684657,-0.544841,0.255095,-0.844264,-0.188285,-0.050683,-1.817201,1.304708,1.543610,2.362636,-0.113134,-0.170744,-0.075792,-0.038297,-0.038938,-0.747284,0.853873
25.167976,-0.343360,-1.483031,-0.349622,-0.775864,-1.133305,-0.961003,0.573326,-0.273720,-0.802929,-0.495691,-0.203307,-0.686089,-0.544867,0.255403,-0.844378,-0.188451,-0.050763,-1.817233,1.304668,1.542861,2.363486,-0.113052,-0.169970,-0.076362,-0.036377,-0.039566,-0.747965,0.854308
25.168975,-0.340375,-1.484229,-0.345773,-0.777041,-1.134101,-0.963887,0.574474,-0.257201,-0.785358,-0.473603,-0.209987,-0.687563,-0.545249,0.255729,-0.844483,-0.188627,-0.050840,-1.817271,1.304631,1.542121,2.364338,-0.111249,-0.171365,-0.076547,-0.036507,-0.038530,-0.748722,0.850723
25.169998,-0.344051,-1.480857,-0.348346,-0.777558,-1.134633,-0.968062,0.572962,-0.239987,-0.770833,-0.450786,-0.217136,-0.689172,-0.545927,0.256052,-0.844599,-0.188797,-0.050920,-1.817306,1.304595,1.541379,2.365171,-0.112898,-0.170339,-0.078604,-0.035587,-0.038100,-0.744665,0.847430
25.171008,-0.348028,-1.481263,-0.346483,-0.776006,-1.136852,-0.970068,0.573528,-0.220368,-0.758471,-0.425351,-0.225176,-0.690937,-0.547074,0.256362,-0.844707,-0.188970,-0.050996,-1.817342,1.304559,1.540647,2.366025,-0.111264,-0.171647,-0.077474,-0.035355,-0.037956,-0.739495,0.849484
25.171974,-0.341813,-1.477856,-0.348855,-0.777151,-1.137579,-0.972609,0.572953,-0.200106,-0.748613,-0.399391,-0.233498,-0.692753,-0.548464,0.256674,-0.844814,-0.189142,-0.051076,-1.817383,1.304528,1.539922,2.366875,-0.109516,-0.171015,-0.078545,-0.037073,-0.036136,-0.736527,0.847268
25.172988,-0.344250,-1.477181,-0.347437,-0.775038,-1.139541,-0.977184,0.571056,-0.180297,-0.741894,-0.374184,-0.241074,-0.694504,-0.549945,0.256990,-0.844931,-0.189316,-0.051155,-1.817416,1.304492,1.539191,2.367718,-0.112713,-0.172232,-0.077430,-0.036201,-0.035763,-0.732816,0.847325
25.173971,-0.347019,-1.477041,-0.348012,-0.776822,-1.138257,-0.979457,0.571340,-0.159085,-0.737940,-0.347586,-0.247582,-0.696193,-0.551766,0.257300,-0.845040,-0.189488,-0.051235,-1.817457,1.304460,1.538474,2.368576,-0.111674,-0.172160,-0.078278,-0.038477,-0.034204,-0.727299,0.850086
25.175047,-0.347340,-1.477522,-0.347372,-0.778140,-1.139402,-0.981793,0.571349,-0.136832,-0.737466,-0.320038,-0.252263,-0.697755,-0.553948,0.257595,-0.845150,-0.189659,-0.051314,-1.817492,1.304420,1.537766,2.369414,-0.110454,-0.171783,-0.078094,-0.036915,-0.035833,-0.724075,0.848417
25.176003,-0.350074,-1.480460,-0.350467,-0.779621,-1.138664,-0.985424,0.569725,-0.115185,-0.740817,-0.293455,-0.255181,-0.699181,-0.556351,0.257864,-0.845259,-0.189828,-0.051393,-1.817525,1.304388,1.537049,2.370278,-0.110611,-0.171278,-0.078628,-0.036013,-0.035122,-0.721027,0.847464
25.176929,-0.348991,-1.480506,-0.348515,-0.779537,-1.137951,-0.986637,0.569031,-0.095391,-0.748536,-0.269310,-0.256612,-0.700480,-0.558907,0.258097,-0.845367,-0.189994,-0.051467,-1.817560,1.304351,1.536344,2.371114,-0.109377,-0.169365,-0.077192,-0.034762,-0.036204,-0.716333,0.849632
25.178070,-0.354655,-1.478884,-0.349618,-0.779514,-1.139327,-0.984850,0.567507,-0.078236,-0.763057,-0.248571,-0.255359,-0.701500,-0.561571,0.258294,-0.845478,-0.190162,-0.051549,-1.817593,1.304317,1.535634,2.371963,-0.109996,-0.168866,-0.078199,-0.035091,-0.037248,-0.713973,0.849770
25.179060,-0.356229,-1.482114,-0.351211,-0.779959,-1.139986,-0.989782,0.565549,-0.063838,-0.783780,-0.231381,-0.251037,-0.702119,-0.564173,0.258482,-0.845581,-0.190331,-0.051626,-1.817628,1.304284,1.534915,2.372826,-0.107616,-0.169529,-0.077939,-0.035560,-0.036346,-0.715287,0.852053
25.180024,-0.354671,-1.479270,-0.350518,-0.778982,-1.142363,-0.992081,0.565370,-0.053572,-0.809074,-0.219308,-0.243843,-0.702271,-0.566389,0.258687,-0.845688,-0.190492,-0.051703,-1.817663,1.304246,1.534223,2.373691,-0.107055,-0.167577,-0.077281,-0.035375,-0.036028,-0.709430,0.854830
25.181044,-0.359634,-1.479480,-0.352103,-0.780529,-1.141910,-0.991863,0.566025,-0.047028,-0.838900,-0.211884,-0.233634,-0.701947,-0.568301,0.258900,-0.845797,-0.190659,-0.051780,-1.817701,1.304219,1.533522,2.374541,-0.107996,-0.168603,-0.077739,-0.036514,-0.034063,-0.706167,0.854002
25.182038,-0.362242,-1.477672,-0.350531,-0.780564,-1.143096,-0.991493,0.565683,-0.042640,-0.870581,-0.207267,-0.221650,-0.701307,-0.570142,0.259097,-0.845899,-0.190826,-0.051856,-1.817735,1.304183,1.532826,2.375392,-0.105791,-0.168151,-0.077125,-0.035280,-0.034929,-0.705632,0.851657
25.182927,-0.363027,-1.479134,-0.353251,-0.784159,-1.142290,-0.992851,0.565418,-0.041280,-0.900210,-0.206391,-0.209860,-0.700561,-0.571827,0.259262,-0.846002,-0.190996,-0.051935,-1.817772,1.304147,1.532119,2.376240,-0.104751,-0.168659,-0.078040,-0.035476,-0.034086,-0.705073,0.851293
25.184003,-0.360127,-1.481789,-0.352455,-0.783627,-1.140772,-0.987430,0.567675,-0.043413,-0.925536,-0.209736,-0.199858,-0.699915,-0.573413,0.259372,-0.846105,-0.191159,-0.052008,-1.817798,1.304109,1.531413,2.377084,-0.104472,-0.167416,-0.076735,-0.032206,-0.035175,-0.702420,0.850520
25.184996,-0.360167,-1.477838,-0.352955,-0.785950,-1.140738,-0.979709,0.566789,-0.047550,-0.947905,-0.215574,-0.191445,-0.699406,-0.575207,0.259412,-0.846215,-0.191321,-0.052086,-1.817833,1.304069,1.530701,2.377913,-0.106245,-0.165904,-0.077372,-0.033148,-0.037079,-0.707230,0.845156
25.185983,-0.363303,-1.481170,-0.352821,-0.786103,-1.140907,-0.977249,0.565349,-0.051500,-0.968168,-0.221372,-0.183917,-0.698936,-0.577371,0.259400,-0.846323,-0.191489,-0.052164,-1.817862,1.304030,1.529976,2.378761,-0.106410,-0.167525,-0.077249,-0.031210,-0.037426,-0.713928,0.845918
25.187138,-0.365309,-1.483359,-0.354515,-0.789142,-1.143754,-0.975346,0.566929,-0.055079,-0.984484,-0.226946,-0.177874,-0.698460,-0.579743,0.259383,-0.846424,-0.191651,-0.052240,-1.817893,1.303996,1.529260,2.379617,-0.105090,-0.165497,-0.077465,-0.031448,-0.037631,-0.715333,0.847692
25.188019,-0.369403,-1.482896,-0.354289,-0.788462,-1.143670,-0.971481,0.564873,-0.059773,-0.998924,-0.234117,-0.172605,-0.697847,-0.582156,0.259373,-0.846528,-0.191815,-0.052318,-1.817917,1.303965,1.528537,2.380458,-0.104593,-0.164334,-0.076912,-0.029087,-0.035280,-0.716746,0.843810
25.189007,-0.370465,-1.479128,-0.354484,-0.787625,-1.144018,-0.969362,0.567268,-0.066847,-1.013892,-0.244433,-0.167228,-0.696998,-0.584477,0.259370,-0.846626,-0.191978,-0.052395,-1.817947,1.303927,1.527808,2.381304,-0.102681,-0.164064,-0.077053,-0.030059,-0.035656,-0.719183,0.846662
25.189994,-0.375412,-1.478532,-0.352309,-0.789389,-1.146601,-0.965971,0.566422,-0.076780,-1.028148,-0.258431,-0.161750,-0.695881,-0.586518,0.259389,-0.846729,-0.192145,-0.052473,-1.817979,1.303893,1.527089,2.382121,-0.102420,-0.165573,-0.077078,-0.031241,-0.035674,-0.720269,0.840827
25.190917,-0.376838,-1.478604,-0.351457,-0.790968,-1.149522,-0.963664,0.568640,-0.088737,-1.038596,-0.275053,-0.157168,-0.694577,-0.588271,0.259427,-0.846826,-0.192313,-0.052553,-1.818004,1.303863,1.526358,2.382966,-0.100248,-0.165462,-0.078276,-0.029947,-0.033486,-0.722577,0.841513
25.192088,-0.376978,-1.483599,-0.354049,-0.790593,-1.148191,-0.959419,0.569019,-0.101417,-1.043080,-0.292672,-0.155189,-0.693311,-0.589930,0.259480,-0.846924,-0.192476,-0.052630,-1.818031,1.303836,1.525629,2.383803,-0.099762,-0.164982,-0.078756,-0.028758,-0.030963,-0.723568,0.835821
25.192978,-0.377736,-1.481863,-0.351726,-0.792385,-1.148679,-0.959104,0.567229,-0.113844,-1.045394,-0.310080,-0.154379,-0.692069,-0.591675,0.259535,-0.847026,-0.192634,-0.052706,-1.818063,1.303798,1.524898,2.384626,-0.100246,-0.162489,-0.077793,-0.029696,-0.032804,-0.727363,0.834553
25.194006,-0.382171,-1.481905,-0.354705,-0.794211,-1.148607,-0.956756,0.569266,-0.124864,-1.050681,-0.325922,-0.152005,-0.690709,-0.593638,0.259580,-0.847124,-0.192796,-0.052786,-1.818085,1.303767,1.524163,2.385470,-0.100016,-0.162894,-0.078968,-0.028334,-0.032634,-0.726184,0.836873
25.194995,-0.381640,-1.484676,-0.359410,-0.796747,-1.147745,-0.952993,0.567653,-0.134377,-1.057195,-0.340059,-0.149168,-0.689399,-0.595726,0.259613,-0.847218,-0.192959,-0.052858,-1.818110,1.303733,1.523438,2.386287,-0.098200,-0.162597,-0.077688,-0.027053,-0.033111,-0.727632,0.831860
25.195941,-0.383539,-1.486426,-0.363655,-0.798257,-1.148811,-0.953329,0.567789,-0.145076,-1.062362,-0.355594,-0.147681,-0.688312,-0.597409,0.259627,-0.847319,-0.193119,-0.052930,-1.818132,1.303697,1.522703,2.387127,-0.098774,-0.160903,-0.075530,-0.025095,-0.034338,-0.730295,0.834106
25.196970,-0.389472,-1.480651,-0.362313,-0.797539,-1.148352,-0.956230,0.568624,-0.159588,-1.067976,-0.375604,-0.147047,-0.687402,-0.598166,0.259623,-0.847415,-0.193274,-0.052998,-1.818153,1.303662,1.521970,2.387959,-0.098083,-0.159717,-0.073599,-0.024131,-0.033588,-0.728667,0.832682
25.197978,-0.395325,-1.480499,-0.363436,-0.797851,-1.146038,-0.962690,0.566216,-0.178257,-1.073273,-0.400513,-0.147387,-0.686692,-0.597768,0.259615,-0.847507,-0.193443,-0.053075,-1.818182,1.303627,1.521261,2.388794,-0.095540,-0.162313,-0.074484,-0.025339,-0.034460,-0.724919,0.830064
25.199043,-0.395864,-1.481598,-0.369254,-0.797859,-1.147572,-0.964439,0.565951,-0.200262,-1.074716,-0.429304,-0.149546,-0.686272,-0.596191,0.259639,-0.847593,-0.193602,-0.053148,-1.818207,1.303586,1.520555,2.389629,-0.093092,-0.162105,-0.074114,-0.025536,-0.037116,-0.717551,0.833962
25.200083,-0.399172,-1.481331,-0.369749,-0.798992,-1.147505,-0.969689,0.566939,-0.225366,-1.073480,-0.461567,-0.152361,-0.686055,-0.593559,0.259695,-0.847688,-0.193763,-0.053215,-1.818234,1.303552,1.519848,2.390461,-0.093321,-0.161364,-0.071519,-0.026084,-0.035974,-0.715160,0.833609
25.201058,-0.397351,-1.482531,-0.372040,-0.800431,-1.147709,-0.968004,0.565539,-0.253221,-1.072846,-0.496769,-0.154190,-0.685921,-0.590149,0.259729,-0.847777,-0.193924,-0.053288,-1.818258,1.303517,1.519145,2.391280,-0.092145,-0.161274,-0.071539,-0.025519,-0.036464,-0.709120,0.830761
25.201929,-0.398412,-1.484594,-0.370719,-0.801783,-1.147609,-0.965810,0.564293,-0.281595,-1.073335,-0.532226,-0.155075,-0.685909,-0.586412,0.259700,-0.847871,-0.194082,-0.053356,-1.818282,1.303483,1.518432,2.392117,-0.093415,-0.160370,-0.070616,-0.024574,-0.036617,-0.709845,0.832540
25.203029,-0.401851,-1.484093,-0.372822,-0.802240,-1.148899,-0.968261,0.565020,-0.307688,-1.075771,-0.564606,-0.154942,-0.686037,-0.582753,0.259592,-0.847963,-0.194237,-0.053429,-1.818304,1.303444,1.517732,2.392942,-0.093078,-0.158893,-0.071352,-0.023683,-0.036960,-0.710743,0.833762
25.203994,-0.403433,-1.483787,-0.375769,-0.804801,-1.148055,-0.969940,0.565033,-0.330562,-1.081149,-0.592747,-0.153354,-0.686246,-0.579289,0.259403,-0.848053,-0.194397,-0.053498,-1.818327,1.303409,1.517028,2.393776,-0.091929,-0.159053,-0.070633,-0.023904,-0.036108,-0.707694,0.831507
25.204937,-0.404008,-1.484826,-0.375462,-0.802791,-1.149618,-0.975144,0.563984,-0.351663,-1.087442,-0.618285,-0.151416,-0.686565,-0.575864,0.259147,-0.848142,-0.194554,-0.053567,-1.818346,1.303368,1.516329,2.394611,-0.091535,-0.158899,-0.069367,-0.021939,-0.037262,-0.705040,0.830409
25.206047,-0.405283,-1.482941,-0.378589,-0.805071,-1.153101,-0.974151,0.564370,-0.371577,-1.093823,-0.641901,-0.149549,-0.686950,-0.572436,0.258860,-0.848234,-0.194710,-0.053637,-1.818377,1.303334,1.515650,2.395432,-0.091567,-0.158045,-0.069704,-0.024303,-0.036015,-0.698872,0.831444
25.206974,-0.409639,-1.482695,-0.376863,-0.803984,-1.154939,-0.981361,0.564442,-0.389403,-1.100922,-0.662555,-0.147149,-0.687274,-0.569105,0.258595,-0.848324,-0.194870,-0.053702,-1.818397,1.303306,1.514946,2.396265,-0.091517,-0.158908,-0.068531,-0.022755,-0.033034,-0.699409,0.829910
25.207975,-0.411066,-1.480101,-0.373213,-0.807024,-1.155541,-0.981173,0.564755,-0.405088,-1.106828,-0.680181,-0.145082,-0.687596,-0.565884,0.258385,-0.848410,-0.195027,-0.053772,-1.818424,1.303275,1.514272,2.397081,-0.089677,-0.158649,-0.069569,-0.024259,-0.031575,-0.691156,0.828670
25.208987,-0.411348,-1.479369,-0.378401,-0.806620,-1.157107,-0.976308,0.565026,-0.417458,-1.108983,-0.693406,-0.144804,-0.688124,-0.562998,0.258223,-0.848499,-0.195188,-0.053848,-1.818441,1.303242,1.513583,2.397906,-0.089417,-0.159666,-0.071569,-0.021885,-0.031388,-0.690623,0.827081
25.210006,-0.412014,-1.482815,-0.376528,-0.808214,-1.155834,-0.975506,0.566305,-0.425833,-1.104855,-0.701436,-0.147652,-0.689057,-0.560536,0.258103,-0.848590,-0.195347,-0.053911,-1.818467,1.303215,1.512880,2.398735,-0.089715,-0.159774,-0.069257,-0.022830,-0.030269,-0.694685,0.825585
25.210955,-0.414381,-1.484151,-0.377325,-0.810625,-1.154063,-0.973376,0.565812,-0.431727,-1.096485,-0.706116,-0.152344,-0.690319,-0.558310,0.258014,-0.848679,-0.195500,-0.053985,-1.818488,1.303179,1.512191,2.399543,-0.089842,-0.157866,-0.070443,-0.021840,-0.031951,-0.694713,0.822161
25.211985,-0.417991,-1.486230,-0.378472,-0.810476,-1.154911,-0.971244,0.566889,-0.435555,-1.089154,-0.708111,-0.156388,-0.691735,-0.556355,0.257947,-0.848766,-0.195655,-0.054055,-1.818504,1.303141,1.511494,2.400364,-0.089036,-0.156902,-0.070206,-0.020107,-0.034031,-0.695832,0.822112
25.213067,-0.415818,-1.485696,-0.378099,-0.813091,-1.155021,-0.967222,0.566659,-0.438336,-1.085767,-0.708735,-0.158664,-0.693196,-0.554581,0.257923,-0.848851,-0.195811,-0.054125,-1.818527,1.303107,1.510803,2.401183,-0.087755,-0.155681,-0.069899,-0.020862,-0.033567,-0.697255,0.819060
25.214006,-0.418123,-1.480907,-0.377694,-0.811800,-1.156080,-0.972100,0.568046,-0.440719,-1.086350,-0.708773,-0.159166,-0.694636,-0.552813,0.257974,-0.848943,-0.195965,-0.054196,-1.818546,1.303070,1.510081,2.401999,-0.089395,-0.155887,-0.070393,-0.018988,-0.033876,-0.700573,0.818815
25.214990,-0.416676,-1.480968,-0.377708,-0.813741,-1.156089,-0.968147,0.568014,-0.440643,-1.086483,-0.705826,-0.160033,-0.696194,-0.551170,0.258103,-0.849029,-0.196126,-0.054267,-1.818570,1.303036,1.509394,2.402806,-0.088609,-0.157915,-0.070753,-0.020787,-0.033151,-0.694612,0.814968
25.216058,-0.418771,-1.476020,-0.379784,-0.815027,-1.155308,-0.965491,0.568068,-0.436497,-1.081857,-0.698047,-0.163179,-0.697980,-0.549802,0.258296,-0.849122,-0.196282,-0.054340,-1.818588,1.302999,1.508701,2.403628,-0.089711,-0.157595,-0.070928,-0.019486,-0.033498,-0.697773,0.814077
25.216926,-0.417000,-1.475879,-0.383316,-0.814738,-1.155725,-0.963002,0.567297,-0.420530,-1.049707,-0.673379,-0.180620,-0.702313,-0.547310,0.258878,-0.849301,-0.196602,-0.054474,-1.818624,1.302926,1.507300,2.405246,-0.090022,-0.159161,-0.068362,-0.019588,-0.034379,-0.700228,0.812995
25.218008,-0.420464,-1.474599,-0.379614,-0.813848,-1.154959,-0.961375,0.565120,-0.412343,-1.025648,-0.660882,-0.192665,-0.704564,-0.545929,0.259256,-0.849387,-0.196762,-0.054549,-1.818647,1.302889,1.506598,2.406064,-0.088647,-0.159427,-0.070354,-0.020991,-0.035469,-0.700703,0.816204
25.219014,-0.417525,-1.477774,-0.382320,-0.815967,-1.154135,-0.959149,0.565582,-0.412343,-1.025648,-0.660882,-0.192665,-0.704564,-0.545929,0.259256,-0.849387,-0.196762,-0.054549,-1.818647,1.302889,1.506598,2.406064,-0.088647,-0.159427,-0.070354,-0.020991,-0.035469,-0.700703,0.816204
25.220062,-0.415511,-1.480993,-0.384682,-0.816355,-1.153767,-0.955114,0.564524,-0.403201,-1.003928,-0.647456,-0.202787,-0.706537,-0.544792,0.259655,-0.849479,-0.196915,-0.054616,-1.818662,1.302852,1.505889,2.406878,-0.090358,-0.157405,-0.069109,-0.019458,-0.036551,-0.701530,0.813917
25.220953,-0.416796,-1.480948,-0.380885,-0.817506,-1.154200,-0.957193,0.563174,-0.392430,-0.989975,-0.632361,-0.208808,-0.708072,-0.544121,0.260031,-0.849575,-0.197067,-0.054682,-1.818680,1.302815,1.505184,2.407684,-0.091575,-0.155470,-0.068105,-0.019676,-0.037203,-0.704325,0.814874
25.221978,-0.419071,-1.478488,-0.381980,-0.817341,-1.154358,-0.954811,0.563591,-0.379493,-0.986867,-0.615021,-0.209680,-0.709081,-0.544045,0.260375,-0.849667,-0.197222,-0.054758,-1.818699,1.302777,1.504480,2.408516,-0.090970,-0.154911,-0.069957,-0.018937,-0.036935,-0.700480,0.815970
25.223128,-0.415861,-1.479611,-0.381680,-0.817444,-1.156787,-0.953660,0.563364,-0.364066,-0.991771,-0.595067,-0.206914,-0.709679,-0.544554,0.260682,-0.849756,-0.197377,-0.054828,-1.818719,1.302739,1.503776,2.409323,-0.090102,-0.155752,-0.069492,-0.019647,-0.037043,-0.701593,0.813863
25.224145,-0.412931,-1.478909,-0.383611,-0.818622,-1.157285,-0.954846,0.563379,-0.346669,-1.000664,-0.573039,-0.202243,-0.709981,-0.545445,0.260929,-0.849852,-0.197530,-0.054901,-1.818737,1.302705,1.503081,2.410123,-0.092079,-0.154967,-0.069847,-0.020210,-0.034970,-0.701819,0.813359
25.225022,-0.415243,-1.473271,-0.384048,-0.818377,-1.157661,-0.957396,0.562419,-0.326532,-1.012169,-0.547993,-0.196294,-0.710067,-0.546732,0.261107,-0.849949,-0.197684,-0.054966,-1.818754,1.302669,1.502383,2.410937,-0.093709,-0.154922,-0.069036,-0.019618,-0.034766,-0.699301,0.812037
25.226066,-0.417053,-1.472263,-0.383748,-0.818543,-1.156074,-0.959377,0.560530,-0.303889,-1.022755,-0.520215,-0.191004,-0.710164,-0.548390,0.261242,-0.850040,-0.197848,-0.055035,-1.818776,1.302635,1.501707,2.411757,-0.092581,-0.157051,-0.068804,-0.020200,-0.034602,-0.695162,0.812391
25.227022,-0.418616,-1.473622,-0.381953,-0.820850,-1.155011,-0.959760,0.560956,-0.281098,-1.027995,-0.492493,-0.188350,-0.710483,-0.550138,0.261379,-0.850132,-0.198006,-0.055106,-1.818799,1.302595,1.501022,2.412568,-0.091937,-0.157123,-0.069083,-0.020510,-0.036465,-0.692044,0.814969
25.227992,-0.419373,-1.473968,-0.383191,-0.820170,-1.155881,-0.965428,0.559507,-0.259294,-1.028484,-0.466198,-0.188034,-0.711062,-0.551892,0.261534,-0.850221,-0.198158,-0.055180,-1.818816,1.302554,1.500330,2.413382,-0.091330,-0.155962,-0.069990,-0.018701,-0.037713,-0.690225,0.812663
25.229036,-0.422794,-1.470339,-0.381044,-0.820612,-1.154747,-0.967814,0.558321,-0.238434,-1.028285,-0.441321,-0.188372,-0.711821,-0.553788,0.261677,-0.850312,-0.198313,-0.055248,-1.818839,1.302519,1.499660,2.414195,-0.091128,-0.155312,-0.069436,-0.019804,-0.037072,-0.683239,0.814228
25.230023,-0.425451,-1.471842,-0.385698,-0.820706,-1.153463,-0.967288,0.558628,-0.218711,-1.029052,-0.418074,-0.188325,-0.712671,-0.555876,0.261783,-0.850399,-0.198472,-0.055323,-1.818859,1.302476,1.498985,2.415012,-0.089725,-0.156726,-0.070598,-0.019894,-0.038451,-0.679796,0.815349
25.231067,-0.424641,-1.468316,-0.386199,-0.821763,-1.153037,-0.968819,0.558952,-0.202003,-1.030061,-0.398566,-0.187727,-0.713524,-0.557865,0.261836,-0.850487,-0.198627,-0.055385,-1.818880,1.302431,1.498314,2.415828,-0.088630,-0.155492,-0.068417,-0.020247,-0.039910,-0.679122,0.813353
25.231975,-0.425248,-1.470143,-0.386436,-0.823131,-1.152298,-0.969831,0.559891,-0.190543,-1.030819,-0.385321,-0.186632,-0.714279,-0.559382,0.261818,-0.850579,-0.198787,-0.055453,-1.818899,1.302390,1.497641,2.416629,-0.089320,-0.156837,-0.068343,-0.019736,-0.040572,-0.676491,0.811522
25.232997,-0.427547,-1.469766,-0.385758,-0.823983,-1.153191,-0.969417,0.559546,-0.183332,-1.030432,-0.377183,-0.185769,-0.714934,-0.560514,0.261725,-0.850666,-0.198938,-0.055519,-1.818917,1.302345,1.496966,2.417432,-0.089142,-0.155376,-0.068273,-0.018841,-0.041425,-0.674003,0.808177
25.233990,-0.430288,-1.468013,-0.387702,-0.825328,-1.151780,-0.967412,0.560905,-0.178420,-1.029787,-0.371947,-0.185146,-0.715461,-0.561524,0.261577,-0.850753,-0.199095,-0.055591,-1.818936,1.302304,1.496306,2.418229,-0.088280,-0.155147,-0.068708,-0.018524,-0.040750,-0.673374,0.807685
25.234977,-0.430135,-1.467719,-0.385769,-0.824737,-1.151151,-0.971361,0.560964,-0.176111,-1.029075,-0.370002,-0.184803,-0.715834,-0.562344,0.261416,-0.850839,-0.199251,-0.055655,-1.818954,1.302260,1.495634,2.419028,-0.087166,-0.155567,-0.067874,-0.017707,-0.042364,-0.674174,0.803662
25.235999,-0.433304,-1.464204,-0.391333,-0.823112,-1.150938,-0.971603,0.562095,-0.176311,-1.027336,-0.371244,-0.185016,-0.716065,-0.562949,0.261268,-0.850926,-0.199404,-0.055726,-1.818974,1.302213,1.494967,2.419830,-0.087494,-0.155274,-0.068919,-0.018796,-0.043131,-0.668960,0.802273
25.237052,-0.432804,-1.463041,-0.389567,-0.823525,-1.149626,-0.970445,0.563487,-0.178570,-1.025546,-0.375160,-0.184633,-0.716043,-0.563434,0.261142,-0.851009,-0.199565,-0.055789,-1.819000,1.302168,1.494311,2.420615,-0.086233,-0.156569,-0.066304,-0.020814,-0.043527,-0.667713,0.798827
25.238047,-0.435824,-1.464418,-0.393141,-0.823166,-1.150422,-0.968249,0.564442,-0.183459,-1.023701,-0.382399,-0.182977,-0.715694,-0.563750,0.261034,-0.851096,-0.199721,-0.055856,-1.819020,1.302121,1.493644,2.421409,-0.086834,-0.156767,-0.067393,-0.020921,-0.045040,-0.667868,0.794904
25.239046,-0.433759,-1.463375,-0.393183,-0.826681,-1.149175,-0.970947,0.565814,-0.190740,-1.022658,-0.392636,-0.179646,-0.715026,-0.563956,0.260912,-0.851178,-0.199878,-0.055917,-1.819044,1.302076,1.492980,2.422184,-0.085625,-0.155596,-0.065772,-0.021686,-0.044397,-0.668908,0.791830
25.239992,-0.432966,-1.461108,-0.394730,-0.824235,-1.147066,-0.967110,0.566543,-0.199606,-1.023483,-0.404874,-0.175026,-0.714179,-0.564298,0.260749,-0.851268,-0.200036,-0.055984,-1.819058,1.302027,1.492312,2.422964,-0.086902,-0.155651,-0.065894,-0.018769,-0.045802,-0.664982,0.787889
25.241050,-0.436979,-1.457457,-0.396020,-0.825587,-1.146782,-0.963130,0.567255,-0.208205,-1.024661,-0.416919,-0.170558,-0.713371,-0.565088,0.260554,-0.851355,-0.200194,-0.056047,-1.819084,1.301976,1.491638,2.423748,-0.087484,-0.156233,-0.065238,-0.021581,-0.047994,-0.667523,0.785141
25.242005,-0.436123,-1.458329,-0.398731,-0.826876,-1.147353,-0.959191,0.566362,-0.216200,-1.024160,-0.428350,-0.166760,-0.712632,-0.566236,0.260365,-0.851438,-0.200357,-0.056111,-1.819101,1.301927,1.490967,2.424517,-0.085839,-0.157617,-0.064805,-0.020800,-0.048435,-0.670478,0.782692
25.242924,-0.434851,-1.455737,-0.402383,-0.825805,-1.146339,-0.957426,0.565664,-0.225554,-1.020240,-0.441425,-0.164474,-0.711995,-0.567350,0.260213,-0.851525,-0.200510,-0.056172,-1.819120,1.301877,1.490282,2.425303,-0.086486,-0.156676,-0.063598,-0.019996,-0.047958,-0.673013,0.783214
25.244103,-0.438640,-1.454946,-0.400303,-0.826775,-1.145931,-0.951955,0.566143,-0.236839,-1.013907,-0.456808,-0.163650,-0.711436,-0.568324,0.260105,-0.851613,-0.200670,-0.056229,-1.819144,1.301822,1.489614,2.426077,-0.087265,-0.157373,-0.061946,-0.021407,-0.049004,-0.673350,0.783292
25.244988,-0.440520,-1.452588,-0.405779,-0.828335,-1.144519,-0.949192,0.565229,-0.249295,-1.006986,-0.473602,-0.163245,-0.710823,-0.569173,0.260053,-0.851698,-0.200829,-0.056294,-1.819162,1.301768,1.488927,2.426858,-0.085876,-0.157540,-0.063327,-0.021127,-0.049604,-0.678079,0.781471
25.246045,-0.439303,-1.451068,-0.407801,-0.827570,-1.144163,-0.950208,0.564487,-0.263312,-0.998590,-0.492203,-0.163886,-0.710170,-0.569739,0.260068,-0.851780,-0.200988,-0.056349,-1.819179,1.301715,1.488245,2.427646,-0.085108,-0.158062,-0.060715,-0.020023,-0.051050,-0.679227,0.781885
25.247039,-0.439776,-1.449334,-0.405607,-0.826179,-1.143574,-0.949002,0.565384,-0.279907,-0.988032,-0.513758,-0.166308,-0.709513,-0.569916,0.260113,-0.851868,-0.201149,-0.056407,-1.819205,1.301660,1.487573,2.428422,-0.086059,-0.158395,-0.060002,-0.021227,-0.051512,-0.677139,0.782311
25.247987,-0.440486,-1.451158,-0.406865,-0.826696,-1.144266,-0.946957,0.565701,-0.296705,-0.977401,-0.535510,-0.169182,-0.708755,-0.570082,0.260141,-0.851953,-0.201307,-0.056472,-1.819231,1.301607,1.486894,2.429201,-0.086090,-0.158781,-0.061264,-0.022950,-0.052195,-0.677109,0.779293
25.249099,-0.436603,-1.448590,-0.410366,-0.826464,-1.144398,-0.942582,0.565097,-0.310449,-0.970524,-0.553661,-0.170250,-0.707769,-0.570691,0.260106,-0.852040,-0.201462,-0.056531,-1.819254,1.301556,1.486217,2.429978,-0.085927,-0.157333,-0.060789,-0.022801,-0.051575,-0.677789,0.777396
25.250032,-0.438205,-1.449690,-0.413264,-0.827311,-1.143086,-0.942178,0.566360,-0.320645,-0.969234,-0.567593,-0.168717,-0.706571,-0.571815,0.259981,-0.852133,-0.201624,-0.056590,-1.819278,1.301504,1.485522,2.430751,-0.088219,-0.158280,-0.059365,-0.023544,-0.051621,-0.681170,0.777688
25.250977,-0.437218,-1.449876,-0.412133,-0.830034,-1.141648,-0.938548,0.565000,-0.328359,-0.972592,-0.578503,-0.165230,-0.705298,-0.573272,0.259774,-0.852217,-0.201777,-0.056644,-1.819301,1.301447,1.484834,2.431522,-0.087602,-0.157204,-0.058135,-0.023057,-0.052959,-0.680047,0.773847
25.252108,-0.437679,-1.450072,-0.412111,-0.828822,-1.141562,-0.936170,0.564203,-0.334394,-0.979592,-0.587336,-0.160901,-0.704124,-0.574892,0.259512,-0.852306,-0.201933,-0.056704,-1.819318,1.301388,1.484155,2.432291,-0.088269,-0.156580,-0.058877,-0.020828,-0.054402,-0.682310,0.775376
25.253004,-0.437453,-1.448031,-0.413997,-0.828545,-1.143076,-0.936818,0.563611,-0.337834,-0.990024,-0.593015,-0.156287,-0.703147,-0.576608,0.259250,-0.852396,-0.202092,-0.056764,-1.819343,1.301333,1.483466,2.433072,-0.088428,-0.156188,-0.059217,-0.022585,-0.054634,-0.683750,0.776025
25.253994,-0.442519,-1.444837,-0.419558,-0.828659,-1.140751,-0.939870,0.562495,-0.338156,-1.004110,-0.594876,-0.150760,-0.702299,-0.578260,0.259036,-0.852485,-0.202248,-0.056820,-1.819365,1.301282,1.482780,2.433855,-0.088647,-0.156612,-0.058417,-0.023182,-0.053154,-0.681490,0.775803
25.255007,-0.442231,-1.436681,-0.419737,-0.828374,-1.140632,-0.939705,0.563278,-0.338397,-1.019803,-0.596416,-0.144841,-0.701580,-0.579376,0.258879,-0.852566,-0.202407,-0.056872,-1.819389,1.301218,1.482119,2.434626,-0.086410,-0.157716,-0.055914,-0.023450,-0.055494,-0.677259,0.776882
25.255966,-0.438803,-1.441779,-0.423626,-0.827265,-1.140861,-0.938884,0.563163,-0.342058,-1.030403,-0.601644,-0.141566,-0.701210,-0.579435,0.258773,-0.852652,-0.202574,-0.056930,-1.819414,1.301164,1.481443,2.435399,-0.086872,-0.161262,-0.056101,-0.024139,-0.055688,-0.676271,0.774149
25.256969,-0.440717,-1.443172,-0.422749,-0.827443,-1.138061,-0.945290,0.562619,-0.348304,-1.034066,-0.609484,-0.141386,-0.701222,-0.578475,0.258707,-0.852745,-0.202728,-0.056982,-1.819442,1.301108,1.480778,2.436165,-0.088732,-0.158160,-0.054411,-0.025517,-0.055495,-0.675824,0.773188
25.258059,-0.447365,-1.441280,-0.422678,-0.829075,-1.139925,-0.946719,0.563080,-0.354368,-1.039924,-0.616733,-0.139605,-0.701246,-0.577007,0.258650,-0.852833,-0.202884,-0.057038,-1.819467,1.301046,1.480122,2.436942,-0.088007,-0.157039,-0.055124,-0.025701,-0.058332,-0.668252,0.773121
25.259062,-0.443090,-1.441489,-0.425315,-0.830255,-1.138470,-0.950678,0.562942,-0.359593,-1.052438,-0.622690,-0.134451,-0.701172,-0.575347,0.258575,-0.852911,-0.203041,-0.057094,-1.819490,1.300992,1.479462,2.437714,-0.085147,-0.157662,-0.055508,-0.024577,-0.056559,-0.666000,0.771202
25.259994,-0.443706,-1.444769,-0.426301,-0.831390,-1.137728,-0.950887,0.565347,-0.364289,-1.067127,-0.627681,-0.128816,-0.701267,-0.573551,0.258468,-0.853004,-0.203198,-0.057144,-1.819512,1.300931,1.478817,2.438478,-0.087524,-0.157092,-0.054499,-0.023839,-0.058072,-0.660988,0.770378
25.261025,-0.442353,-1.442603,-0.425213,-0.830482,-1.137910,-0.958726,0.563058,-0.367488,-1.083347,-0.630597,-0.123396,-0.701570,-0.571808,0.258334,-0.853089,-0.203347,-0.057197,-1.819534,1.300876,1.478159,2.439234,-0.087384,-0.154967,-0.054252,-0.023091,-0.058841,-0.659509,0.764294
25.261953,-0.446910,-1.441111,-0.428077,-0.829759,-1.140786,-0.959072,0.563411,-0.367378,-1.103443,-0.629436,-0.116865,-0.701913,-0.570424,0.258199,-0.853179,-0.203505,-0.057252,-1.819561,1.300820,1.477517,2.440015,-0.088339,-0.155646,-0.055102,-0.024371,-0.058735,-0.650663,0.767844
25.262985,-0.442209,-1.437817,-0.427069,-0.830768,-1.141063,-0.961827,0.564746,-0.364029,-1.126340,-0.624349,-0.109094,-0.702190,-0.569418,0.258104,-0.853262,-0.203663,-0.057303,-1.819588,1.300768,1.476877,2.440770,-0.086243,-0.155815,-0.053896,-0.025340,-0.055894,-0.649180,0.765858
25.264083,-0.447800,-1.442061,-0.430583,-0.831109,-1.141829,-0.963840,0.563870,-0.358612,-1.147773,-0.616675,-0.101733,-0.702467,-0.568585,0.258070,-0.853355,-0.203820,-0.057358,-1.819614,1.300716,1.476234,2.441531,-0.088878,-0.157056,-0.054719,-0.024700,-0.055767,-0.645469,0.762125
25.264975,-0.444904,-1.434685,-0.433342,-0.829345,-1.142493,-0.967826,0.564333,-0.351589,-1.166167,-0.606921,-0.095661,-0.702809,-0.567870,0.258095,-0.853437,-0.203970,-0.057407,-1.819639,1.300666,1.475601,2.442286,-0.086480,-0.154652,-0.053377,-0.024851,-0.055183,-0.642784,0.763028
25.266159,-0.445440,-1.433454,-0.435653,-0.831118,-1.143096,-0.966532,0.563656,-0.344887,-1.182594,-0.597354,-0.090111,-0.703143,-0.567143,0.258164,-0.853527,-0.204132,-0.057457,-1.819668,1.300616,1.474970,2.443048,-0.088053,-0.157723,-0.052232,-0.026799,-0.054579,-0.637512,0.760752
25.267034,-0.445267,-1.433732,-0.439790,-0.831410,-1.142407,-0.963526,0.563204,-0.339627,-1.193368,-0.589273,-0.086445,-0.703612,-0.566285,0.258282,-0.853617,-0.204291,-0.057505,-1.819692,1.300560,1.474338,2.443818,-0.088229,-0.158087,-0.051604,-0.025576,-0.054151,-0.638426,0.761347
25.267969,-0.443609,-1.434905,-0.441457,-0.832081,-1.141898,-0.961172,0.564730,-0.336291,-1.196075,-0.583245,-0.085980,-0.704382,-0.565229,0.258443,-0.853706,-0.204447,-0.057551,-1.819718,1.300504,1.473694,2.444567,-0.088385,-0.157302,-0.049786,-0.025527,-0.054846,-0.640061,0.760943
25.269011,-0.442683,-1.433637,-0.442850,-0.833722,-1.141057,-0.958900,0.562920,-0.335908,-1.194935,-0.580563,-0.086881,-0.705301,-0.563917,0.258612,-0.853797,-0.204600,-0.057599,-1.819742,1.300450,1.473043,2.445320,-0.089355,-0.156206,-0.049257,-0.025184,-0.055393,-0.641153,0.756647
25.270028,-0.436383,-1.435517,-0.448794,-0.833691,-1.141144,-0.954395,0.561340,-0.337348,-1.192963,-0.580020,-0.087919,-0.706252,-0.562528,0.258799,-0.853889,-0.204759,-0.057646,-1.819764,1.300392,1.472406,2.446092,-0.090073,-0.156429,-0.048963,-0.024018,-0.056315,-0.642556,0.759269
25.270986,-0.438839,-1.433511,-0.447879,-0.833357,-1.142532,-0.949641,0.559925,-0.338907,-1.190921,-0.579725,-0.088954,-0.707191,-0.561229,0.259052,-0.853989,-0.204914,-0.057688,-1.819788,1.300336,1.471754,2.446847,-0.093370,-0.155065,-0.046413,-0.024492,-0.056289,-0.646054,0.761373
25.272079,-0.440487,-1.432399,-0.452489,-0.834923,-1.142354,-0.950275,0.560557,-0.340098,-1.190307,-0.579196,-0.088994,-0.707944,-0.559945,0.259394,-0.854079,-0.205068,-0.057737,-1.819813,1.300281,1.471094,2.447619,-0.092270,-0.155596,-0.047207,-0.025148,-0.054943,-0.649564,0.762967
25.273000,-0.436559,-1.433566,-0.450627,-0.835654,-1.144216,-0.949443,0.560983,-0.342087,-1.189917,-0.579835,-0.088517,-0.708472,-0.558424,0.259802,-0.854172,-0.205225,-0.057780,-1.819836,1.300223,1.470452,2.448368,-0.091762,-0.155812,-0.045374,-0.024084,-0.055235,-0.648125,0.760784
25.273968,-0.436715,-1.428158,-0.455307,-0.836381,-1.143482,-0.945364,0.557102,-0.344700,-1.187989,-0.581430,-0.088913,-0.708908,-0.556739,0.260239,-0.854269,-0.205376,-0.057827,-1.819859,1.300174,1.469807,2.449127,-0.093789,-0.154714,-0.046626,-0.023702,-0.053438,-0.647706,0.758682
25.275063,-0.437650,-1.429875,-0.454577,-0.836920,-1.141864,-0.941722,0.556534,-0.346366,-1.173620,-0.581063,-0.096034,-0.710107,-0.553669,0.261218,-0.854457,-0.205692,-0.057910,-1.819907,1.300061,1.468499,2.450666,-0.093663,-0.155707,-0.045570,-0.023317,-0.055990,-0.653458,0.765442
25.276006,-0.436155,-1.429774,-0.456647,-0.837151,-1.139454,-0.942241,0.556078,-0.346366,-1.173620,-0.581063,-0.096034,-0.710107,-0.553669,0.261218,-0.854457,-0.205692,-0.057910,-1.819907,1.300061,1.468499,2.450666,-0.093663,-0.155707,-0.045570,-0.023317,-0.055990,-0.653458,0.765442
25.277017,-0.437255,-1.429214,-0.459983,-0.837139,-1.139669,-0.941064,0.556746,-0.346252,-1.162031,-0.580052,-0.101766,-0.710867,-0.552217,0.261723,-0.854554,-0.205843,-0.057950,-1.819930,1.299997,1.467841,2.451438,-0.094479,-0.155284,-0.044916,-0.023452,-0.058360,-0.651614,0.765087
25.278032,-0.433723,-1.429606,-0.460026,-0.839264,-1.137657,-0.938778,0.554371,-0.345732,-1.152329,-0.578779,-0.106280,-0.711537,-0.550964,0.262151,-0.854648,-0.205999,-0.057992,-1.819955,1.299940,1.467195,2.452201,-0.094107,-0.155131,-0.043678,-0.023859,-0.058174,-0.651802,0.762634
25.279090,-0.434944,-1.430994,-0.463544,-0.839894,-1.137661,-0.937508,0.556090,-0.345037,-1.144919,-0.577536,-0.109542,-0.712123,-0.549922,0.262486,-0.854748,-0.206150,-0.058036,-1.819972,1.299874,1.466536,2.452971,-0.096025,-0.154567,-0.044087,-0.022284,-0.060186,-0.653017,0.766331
25.280108,-0.434688,-1.430523,-0.467184,-0.840297,-1.137747,-0.941593,0.555063,-0.343436,-1.139834,-0.575486,-0.112036,-0.712673,-0.549148,0.262772,-0.854844,-0.206303,-0.058076,-1.819993,1.299816,1.465886,2.453731,-0.095619,-0.153537,-0.042815,-0.022199,-0.060246,-0.653375,0.761824
25.280934,-0.439249,-1.431806,-0.469223,-0.842387,-1.138032,-0.939468,0.556273,-0.341920,-1.138064,-0.573834,-0.113559,-0.713129,-0.548561,0.263026,-0.854940,-0.206458,-0.058116,-1.820016,1.299756,1.465241,2.454488,-0.095925,-0.153368,-0.041467,-0.022235,-0.060194,-0.648256,0.762874
25.282034,-0.436823,-1.431961,-0.473522,-0.841443,-1.137315,-0.939495,0.556323,-0.342880,-1.139753,-0.575413,-0.114340,-0.713467,-0.547972,0.263223,-0.855028,-0.206607,-0.058155,-1.820033,1.299695,1.464585,2.455244,-0.093646,-0.152101,-0.040747,-0.020526,-0.059814,-0.648838,0.758981
25.283026,-0.437541,-1.431626,-0.472860,-0.840826,-1.138543,-0.940731,0.556727,-0.347830,-1.144925,-0.581997,-0.114461,-0.713650,-0.547235,0.263328,-0.855128,-0.206757,-0.058192,-1.820059,1.299634,1.463941,2.455991,-0.095135,-0.151792,-0.039169,-0.021956,-0.060620,-0.648050,0.758051
25.284095,-0.439775,-1.428533,-0.476596,-0.842446,-1.138006,-0.944194,0.556109,-0.355297,-1.154438,-0.591866,-0.112824,-0.713541,-0.546473,0.263315,-0.855223,-0.206909,-0.058235,-1.820083,1.299578,1.463292,2.456739,-0.094909,-0.151546,-0.039937,-0.022945,-0.059437,-0.645718,0.756165
25.284968,-0.440187,-1.431100,-0.476703,-0.844304,-1.137009,-0.944187,0.555556,-0.363127,-1.165931,-0.602494,-0.110197,-0.713225,-0.545897,0.263219,-0.855315,-0.207065,-0.058269,-1.820103,1.299516,1.462662,2.457504,-0.094078,-0.152755,-0.038632,-0.021874,-0.060034,-0.641485,0.756434
25.285982,-0.442277,-1.432395,-0.479798,-0.844097,-1.135590,-0.945528,0.556351,-0.371066,-1.175669,-0.613550,-0.108918,-0.712976,-0.545515,0.263102,-0.855407,-0.207215,-0.058310,-1.820123,1.299453,1.462024,2.458253,-0.093908,-0.150881,-0.038909,-0.020390,-0.060952,-0.640167,0.756229
25.286979,-0.442793,-1.429188,-0.485293,-0.842494,-1.135475,-0.948702,0.555834,-0.379188,-1.185393,-0.625073,-0.108420,-0.712781,-0.545310,0.262974,-0.855498,-0.207361,-0.058345,-1.820144,1.299388,1.461386,2.459003,-0.093094,-0.149931,-0.037880,-0.021112,-0.062363,-0.637864,0.753578
25.287941,-0.444121,-1.430691,-0.485539,-0.844909,-1.136185,-0.952186,0.554668,-0.388588,-1.197696,-0.638308,-0.106679,-0.712419,-0.545089,0.262822,-0.855592,-0.207515,-0.058377,-1.820169,1.299326,1.460767,2.459758,-0.093009,-0.151122,-0.035664,-0.023084,-0.062466,-0.633781,0.753548
25.289008,-0.447022,-1.433518,-0.486739,-0.845055,-1.135504,-0.954742,0.557482,-0.399923,-1.211189,-0.653994,-0.103877,-0.711882,-0.544729,0.262674,-0.855686,-0.207665,-0.058412,-1.820185,1.299265,1.460147,2.460513,-0.092474,-0.149923,-0.036035,-0.021182,-0.061742,-0.629301,0.754736
25.289969,-0.447712,-1.432748,-0.488767,-0.844128,-1.135323,-0.956102,0.556790,-0.411816,-1.226051,-0.670506,-0.100443,-0.711261,-0.544428,0.262549,-0.855775,-0.207810,-0.058449,-1.820207,1.299203,1.459527,2.461254,-0.091332,-0.148281,-0.035980,-0.021580,-0.062482,-0.626060,0.748133
25.291075,-0.449460,-1.435274,-0.492503,-0.845554,-1.135808,-0.959995,0.557371,-0.423303,-1.244727,-0.686657,-0.095152,-0.710478,-0.544303,0.262410,-0.855866,-0.207958,-0.058483,-1.820233,1.299140,1.458917,2.461992,-0.091164,-0.148272,-0.035451,-0.022831,-0.062636,-0.623771,0.748496
25.292089,-0.445982,-1.430582,-0.494990,-0.845895,-1.134796,-0.964165,0.557723,-0.434572,-1.267708,-0.702580,-0.087366,-0.709467,-0.544321,0.262231,-0.855953,-0.208101,-0.058513,-1.820251,1.299079,1.458304,2.462738,-0.090689,-0.146845,-0.034236,-0.022029,-0.062225,-0.619314,0.746469
25.292967,-0.447505,-1.432314,-0.499761,-0.847012,-1.136847,-0.964303,0.556765,-0.445030,-1.291415,-0.717485,-0.078987,-0.708398,-0.544581,0.262031,-0.856050,-0.208252,-0.058545,-1.820274,1.299013,1.457705,2.463473,-0.092602,-0.148859,-0.033560,-0.022142,-0.063229,-0.614419,0.744793
25.294015,-0.448018,-1.427679,-0.502112,-0.847409,-1.136603,-0.964547,0.558325,-0.454080,-1.310944,-0.730590,-0.072590,-0.707494,-0.545154,0.261829,-0.856142,-0.208396,-0.058573,-1.820294,1.298958,1.457098,2.464218,-0.091866,-0.147479,-0.031645,-0.021389,-0.061144,-0.613161,0.745454
25.295057,-0.446495,-1.431545,-0.505542,-0.847649,-1.136322,-0.965957,0.557142,-0.463080,-1.323510,-0.743445,-0.069505,-0.706850,-0.545831,0.261624,-0.856232,-0.208547,-0.058604,-1.820316,1.298895,1.456488,2.464957,-0.091896,-0.149503,-0.031080,-0.021498,-0.061433,-0.612234,0.741358
25.296037,-0.447891,-1.431590,-0.507173,-0.848849,-1.135886,-0.967927,0.556658,-0.472522,-1.329382,-0.756623,-0.069323,-0.706414,-0.546498,0.261429,-0.856328,-0.208691,-0.058631,-1.820337,1.298833,1.455885,2.465702,-0.092871,-0.147287,-0.030001,-0.021758,-0.061746,-0.610144,0.742817
25.296934,-0.447028,-1.430433,-0.510352,-0.848418,-1.136439,-0.966965,0.555391,-0.481365,-1.332777,-0.768961,-0.069827,-0.705987,-0.547329,0.261263,-0.856418,-0.208835,-0.058660,-1.820355,1.298772,1.455283,2.466444,-0.092364,-0.146949,-0.029759,-0.021067,-0.062189,-0.607330,0.742702
25.298041,-0.447215,-1.432922,-0.508483,-0.848254,-1.135956,-0.965805,0.555530,-0.489356,-1.336026,-0.780198,-0.069867,-0.705474,-0.548387,0.261134,-0.856512,-0.208983,-0.058685,-1.820379,1.298710,1.454689,2.467196,-0.092840,-0.147032,-0.028701,-0.021826,-0.061564,-0.607301,0.743978
25.299032,-0.448680,-1.434076,-0.514457,-0.850525,-1.136078,-0.965451,0.555755,-0.495651,-1.339828,-0.789316,-0.068732,-0.704829,-0.549702,0.261029,-0.856607,-0.209126,-0.058718,-1.820403,1.298645,1.454078,2.467930,-0.093052,-0.145625,-0.030298,-0.022488,-0.062106,-0.607932,0.742882
25.300000,-0.446932,-1.429657,-0.513885,-0.849252,-1.136576,-0.965007,0.554881,-0.499887,-1.345984,-0.795864,-0.065520,-0.703989,-0.551296,0.260920,-0.856698,-0.209268,-0.058740,-1.820419,1.298583,1.453465,2.468671,-0.092517,-0.144757,-0.027926,-0.020785,-0.061973,-0.607405,0.741386
25.301059,-0.450650,-1.429259,-0.509837,-0.851062,-1.136946,-0.962006,0.554462,-0.503066,-1.352139,-0.800999,-0.061687,-0.703086,-0.553046,0.260787,-0.856795,-0.209417,-0.058771,-1.820445,1.298522,1.452860,2.469407,-0.093500,-0.146581,-0.028772,-0.022408,-0.061468,-0.606969,0.742086
25.302069,-0.447996,-1.429985,-0.514725,-0.850912,-1.135296,-0.957206,0.554802,-0.503826,-1.353297,-0.803050,-0.059666,-0.702367,-0.555023,0.260613,-0.856885,-0.209563,-0.058807,-1.820465,1.298462,1.452244,2.470149,-0.091921,-0.146515,-0.031370,-0.021108,-0.061161,-0.609301,0.742000
25.302958,-0.447365,-1.431245,-0.517979,-0.851919,-1.137038,-0.952851,0.552759,-0.500988,-1.348420,-0.800530,-0.059994,-0.701905,-0.557299,0.260389,-0.856981,-0.209707,-0.058831,-1.820490,1.298398,1.451629,2.470895,-0.093441,-0.145851,-0.029529,-0.021670,-0.062820,-0.613288,0.740275
25.304116,-0.447064,-1.428502,-0.514996,-0.852729,-1.138081,-0.949772,0.553858,-0.496618,-1.340820,-0.795837,-0.061122,-0.701524,-0.559681,0.260106,-0.857075,-0.209848,-0.058858,-1.820509,1.298339,1.451004,2.471636,-0.093780,-0.144786,-0.028407,-0.021058,-0.061013,-0.616403,0.743166
25.304982,-0.446481,-1.429650,-0.518214,-0.854002,-1.138873,-0.943792,0.551615,-0.491291,-1.331365,-0.789659,-0.062807,-0.701177,-0.562161,0.259762,-0.857169,-0.209997,-0.058892,-1.820529,1.298281,1.450375,2.472377,-0.094314,-0.146042,-0.030607,-0.020906,-0.060127,-0.618989,0.740191
25.305999,-0.445349,-1.429359,-0.515130,-0.853679,-1.138558,-0.940112,0.551305,-0.483735,-1.318055,-0.780506,-0.066344,-0.700977,-0.564861,0.259398,-0.857263,-0.210140,-0.058918,-1.820548,1.298224,1.449747,2.473121,-0.094600,-0.144965,-0.029456,-0.020024,-0.059308,-0.623674,0.743437
25.306996,-0.444163,-1.428360,-0.517173,-0.855724,-1.140413,-0.937693,0.551239,-0.473484,-1.301993,-0.767844,-0.071260,-0.700875,-0.567794,0.259062,-0.857362,-0.210286,-0.058952,-1.820570,1.298165,1.449115,2.473861,-0.095315,-0.144810,-0.031566,-0.020828,-0.059678,-0.626420,0.743029
25.308008,-0.447236,-1.426451,-0.515857,-0.855499,-1.139632,-0.935099,0.551565,-0.459712,-1.284427,-0.750754,-0.077018,-0.700849,-0.571060,0.258769,-0.857459,-0.210429,-0.058983,-1.820585,1.298113,1.448476,2.474608,-0.096050,-0.145008,-0.031076,-0.019360,-0.057908,-0.627822,0.742100
25.309005,-0.446719,-1.421524,-0.517993,-0.856001,-1.139688,-0.928668,0.553009,-0.442783,-1.263779,-0.729742,-0.084605,-0.701039,-0.574651,0.258531,-0.857551,-0.210578,-0.059016,-1.820606,1.298054,1.447852,2.475339,-0.094699,-0.145626,-0.032292,-0.020079,-0.058756,-0.629540,0.740475
25.310028,-0.444652,-1.420591,-0.521208,-0.856854,-1.141192,-0.925860,0.551774,-0.424790,-1.237313,-0.707321,-0.095109,-0.701563,-0.578259,0.258375,-0.857645,-0.210726,-0.059047,-1.820628,1.297995,1.447206,2.476087,-0.095149,-0.147737,-0.031761,-0.020030,-0.058724,-0.634960,0.736507
25.310952,-0.442126,-1.424691,-0.519792,-0.857710,-1.141535,-0.924510,0.552323,-0.407388,-1.202566,-0.685434,-0.109448,-0.702505,-0.581566,0.258320,-0.857745,-0.210874,-0.059077,-1.820647,1.297941,1.446574,2.476811,-0.096333,-0.147868,-0.030744,-0.019700,-0.057310,-0.636837,0.738116
25.312073,-0.445728,-1.422610,-0.518279,-0.862478,-1.141860,-0.924624,0.554364,-0.389978,-1.163518,-0.663438,-0.125994,-0.703748,-0.584678,0.258358,-0.857847,-0.211015,-0.059111,-1.820666,1.297886,1.445932,2.477539,-0.097578,-0.145408,-0.031925,-0.019295,-0.057001,-0.636933,0.735857
25.312958,-0.444988,-1.420129,-0.521448,-0.858755,-1.143031,-0.921304,0.552951,-0.370497,-1.125064,-0.639022,-0.143382,-0.705233,-0.587937,0.258461,-0.857938,-0.211164,-0.059146,-1.820676,1.297828,1.445295,2.478266,-0.096116,-0.146289,-0.033307,-0.015358,-0.056802,-0.636166,0.731009
25.314037,-0.445221,-1.416436,-0.522369,-0.859704,-1.145150,-0.921888,0.553643,-0.349476,-1.086350,-0.612856,-0.162402,-0.707007,-0.591176,0.258631,-0.858035,-0.211313,-0.059175,-1.820702,1.297772,1.444661,2.479005,-0.096495,-0.146996,-0.032169,-0.019388,-0.055619,-0.638218,0.732658
25.315002,-0.444815,-1.417707,-0.525755,-0.860650,-1.145303,-0.925314,0.552679,-0.310001,-1.007285,-0.563703,-0.201875,-0.710801,-0.595980,0.259217,-0.858229,-0.211608,-0.059238,-1.820740,1.297670,1.443410,2.480467,-0.096913,-0.147558,-0.031156,-0.018544,-0.053613,-0.632428,0.731307
25.316028,-0.445667,-1.414271,-0.526195,-0.859588,-1.145520,-0.926298,0.553487,-0.310001,-1.007285,-0.563703,-0.201875,-0.710801,-0.595980,0.259217,-0.858229,-0.211608,-0.059238,-1.820740,1.297670,1.443410,2.480467,-0.096913,-0.147558,-0.031156,-0.018544,-0.053613,-0.632428,0.731307
25.316957,-0.446431,-1.412388,-0.528462,-0.856713,-1.145668,-0.927764,0.553253,-0.292770,-0.969194,-0.542148,-0.221083,-0.712739,-0.597438,0.259579,-0.858327,-0.211761,-0.059270,-1.820762,1.297620,1.442787,2.481179,-0.096538,-0.148805,-0.031444,-0.020001,-0.053481,-0.630373,0.728582
25.318062,-0.449809,-1.410185,-0.529203,-0.855905,-1.145657,-0.929879,0.553182,-0.277854,-0.935205,-0.523392,-0.237706,-0.714508,-0.598243,0.259912,-0.858421,-0.211909,-0.059300,-1.820791,1.297564,1.442163,2.481903,-0.096048,-0.149077,-0.030674,-0.022979,-0.053263,-0.627321,0.727598
25.319035,-0.448463,-1.409690,-0.534372,-0.856635,-1.144821,-0.933760,0.553029,-0.266273,-0.907426,-0.508644,-0.249735,-0.715896,-0.598289,0.260212,-0.858514,-0.212060,-0.059331,-1.820816,1.297510,1.441555,2.482623,-0.094461,-0.149698,-0.030802,-0.024095,-0.053324,-0.624132,0.726556
25.320009,-0.451833,-1.412474,-0.531783,-0.855704,-1.146159,-0.934632,0.551424,-0.259150,-0.886289,-0.499214,-0.257078,-0.716900,-0.597593,0.260500,-0.858611,-0.212209,-0.059357,-1.820839,1.297454,1.440945,2.483352,-0.095066,-0.149313,-0.028652,-0.023606,-0.054119,-0.618843,0.725438
25.321083,-0.450802,-1.409730,-0.533339,-0.858344,-1.145764,-0.935839,0.551791,-0.256283,-0.873358,-0.494864,-0.259706,-0.717552,-0.596403,0.260739,-0.858700,-0.212351,-0.059390,-1.820865,1.297403,1.440335,2.484085,-0.093364,-0.147381,-0.030360,-0.024752,-0.052767,-0.616616,0.727243
25.322059,-0.446561,-1.406403,-0.536892,-0.857737,-1.144742,-0.935658,0.551995,-0.255830,-0.869348,-0.493408,-0.258000,-0.717930,-0.595062,0.260873,-0.858796,-0.212501,-0.059420,-1.820884,1.297346,1.439733,2.484803,-0.093935,-0.148267,-0.030044,-0.022499,-0.053173,-0.614299,0.725253
25.322998,-0.449025,-1.404212,-0.533516,-0.857004,-1.146230,-0.939246,0.549525,-0.255906,-0.868667,-0.492553,-0.255277,-0.718347,-0.593734,0.260934,-0.858895,-0.212652,-0.059447,-1.820909,1.297288,1.439124,2.485525,-0.095958,-0.149295,-0.028707,-0.023353,-0.054134,-0.613117,0.723458
25.324079,-0.455036,-1.399973,-0.535737,-0.855650,-1.146623,-0.940463,0.550384,-0.254949,-0.866960,-0.490471,-0.253504,-0.718915,-0.592511,0.261024,-0.858988,-0.212803,-0.059482,-1.820935,1.297237,1.438534,2.486251,-0.094612,-0.149703,-0.030743,-0.024262,-0.052603,-0.608143,0.726991
25.325008,-0.455501,-1.400596,-0.537246,-0.858353,-1.146863,-0.940821,0.550524,-0.253364,-0.863689,-0.487707,-0.252322,-0.719505,-0.591310,0.261202,-0.859075,-0.212958,-0.059512,-1.820965,1.297183,1.437938,2.486972,-0.091747,-0.151279,-0.030102,-0.025786,-0.052258,-0.605902,0.723986
25.325953,-0.457505,-1.396293,-0.534271,-0.855410,-1.147400,-0.943461,0.549261,-0.254032,-0.858172,-0.487677,-0.252097,-0.720084,-0.589797,0.261464,-0.859164,-0.213104,-0.059538,-1.820985,1.297132,1.437338,2.487698,-0.091497,-0.150303,-0.029757,-0.023355,-0.051995,-0.604119,0.722241
25.327100,-0.455871,-1.394009,-0.539770,-0.855073,-1.149045,-0.945605,0.547606,-0.257106,-0.850908,-0.490560,-0.252941,-0.720654,-0.587973,0.261802,-0.859252,-0.213262,-0.059574,-1.821019,1.297080,1.436754,2.488419,-0.090473,-0.151725,-0.031583,-0.026321,-0.051434,-0.600161,0.723365
25.328107,-0.458999,-1.391449,-0.539774,-0.853500,-1.148742,-0.948171,0.547313,-0.260655,-0.842985,-0.494072,-0.253887,-0.721135,-0.586074,0.262213,-0.859344,-0.213415,-0.059599,-1.821045,1.297034,1.436161,2.489151,-0.091475,-0.152403,-0.029401,-0.026967,-0.049919,-0.597141,0.725520
25.328961,-0.460125,-1.392839,-0.539030,-0.854084,-1.147034,-0.946334,0.548875,-0.264790,-0.835015,-0.498371,-0.254135,-0.721462,-0.584142,0.262664,-0.859432,-0.213571,-0.059628,-1.821077,1.296981,1.435582,2.489882,-0.089940,-0.153023,-0.029863,-0.028613,-0.050239,-0.593447,0.724699
25.330071,-0.460540,-1.388467,-0.542414,-0.853738,-1.146346,-0.947513,0.546902,-0.269808,-0.829242,-0.503864,-0.252662,-0.721564,-0.582229,0.263093,-0.859520,-0.213720,-0.059659,-1.821105,1.296925,1.434990,2.490587,-0.089273,-0.151535,-0.030534,-0.028058,-0.051854,-0.593763,0.720029
25.331057,-0.458886,-1.390479,-0.542181,-0.853345,-1.145611,-0.946608,0.546078,-0.281022,-0.827077,-0.516742,-0.244520,-0.721138,-0.578742,0.263804,-0.859698,-0.214024,-0.059718,-1.821167,1.296815,1.433813,2.492038,-0.090080,-0.151594,-0.029899,-0.029068,-0.053273,-0.591318,0.723086
25.331965,-0.463530,-1.389751,-0.543722,-0.853822,-1.144563,-0.948488,0.545654,-0.281022,-0.827077,-0.516742,-0.244520,-0.721138,-0.578742,0.263804,-0.859698,-0.214024,-0.059718,-1.821167,1.296815,1.433813,2.492038,-0.090080,-0.151594,-0.029899,-0.029068,-0.053273,-0.591318,0.723086
25.333012,-0.467124,-1.385255,-0.545484,-0.854608,-1.144922,-0.945556,0.543750,-0.286086,-0.831825,-0.522818,-0.237850,-0.720634,-0.577389,0.264136,-0.859781,-0.214174,-0.059749,-1.821197,1.296760,1.433229,2.492763,-0.087730,-0.151261,-0.029471,-0.028616,-0.054257,-0.588019,0.722424
25.333996,-0.465814,-1.385153,-0.547397,-0.853256,-1.145890,-0.945149,0.544928,-0.292507,-0.839343,-0.530706,-0.230570,-0.720044,-0.576138,0.264460,-0.859865,-0.214331,-0.059775,-1.821224,1.296708,1.432639,2.493496,-0.086099,-0.152905,-0.029097,-0.028052,-0.053915,-0.589912,0.724938
25.335060,-0.467157,-1.383676,-0.546761,-0.852669,-1.144909,-0.943258,0.546096,-0.301650,-0.845575,-0.541979,-0.224780,-0.719541,-0.574743,0.264750,-0.859951,-0.214483,-0.059804,-1.821256,1.296656,1.432050,2.494205,-0.086827,-0.152297,-0.028560,-0.029473,-0.052932,-0.589051,0.721197
25.336094,-0.470888,-1.376919,-0.546232,-0.852545,-1.145933,-0.943172,0.545776,-0.311693,-0.851669,-0.554491,-0.219554,-0.719024,-0.573373,0.264985,-0.860033,-0.214634,-0.059835,-1.821289,1.296598,1.431452,2.494931,-0.086335,-0.152509,-0.029364,-0.030164,-0.053919,-0.589855,0.717594
25.337006,-0.470968,-1.374957,-0.552586,-0.851627,-1.146090,-0.938701,0.544764,-0.320754,-0.856337,-0.566020,-0.215286,-0.718530,-0.572203,0.265211,-0.860113,-0.214794,-0.059865,-1.821321,1.296548,1.430866,2.495648,-0.084633,-0.155232,-0.030078,-0.030361,-0.052918,-0.588819,0.716984
25.337983,-0.470881,-1.374534,-0.550442,-0.850931,-1.145690,-0.936061,0.545901,-0.329961,-0.854885,-0.577855,-0.214221,-0.718261,-0.571016,0.265481,-0.860198,-0.214950,-0.059886,-1.821354,1.296496,1.430268,2.496358,-0.084598,-0.155413,-0.027334,-0.031258,-0.052729,-0.591872,0.717583
25.339100,-0.476867,-1.372883,-0.551391,-0.851674,-1.145034,-0.935182,0.547926,-0.340527,-0.848846,-0.591428,-0.215448,-0.718119,-0.569636,0.265775,-0.860282,-0.215104,-0.059916,-1.821387,1.296443,1.429665,2.497064,-0.084722,-0.154942,-0.028861,-0.031991,-0.053117,-0.593157,0.713943
25.340012,-0.476506,-1.373204,-0.555236,-0.849334,-1.145310,-0.934447,0.547247,-0.351493,-0.842249,-0.605628,-0.217094,-0.717950,-0.568186,0.266054,-0.860359,-0.215260,-0.059944,-1.821417,1.296389,1.429073,2.497754,-0.082003,-0.155248,-0.028904,-0.031439,-0.053831,-0.593082,0.708833
25.341006,-0.478170,-1.367066,-0.556081,-0.849863,-1.145837,-0.932345,0.547161,-0.363302,-0.837819,-0.620973,-0.217939,-0.717647,-0.566654,0.266317,-0.860441,-0.215413,-0.059968,-1.821454,1.296337,1.428476,2.498460,-0.082243,-0.154344,-0.027399,-0.033667,-0.053506,-0.592359,0.708822
25.341981,-0.480241,-1.374813,-0.555602,-0.849788,-1.145657,-0.933050,0.549683,-0.376763,-0.835956,-0.638388,-0.217597,-0.717167,-0.564942,0.266584,-0.860522,-0.215574,-0.059995,-1.821486,1.296285,1.427887,2.499174,-0.081523,-0.156706,-0.027447,-0.033172,-0.052981,-0.593260,0.707656
25.342977,-0.480414,-1.371519,-0.556898,-0.851194,-1.144869,-0.929601,0.551423,-0.390729,-0.837264,-0.656507,-0.216011,-0.716558,-0.563201,0.266845,-0.860602,-0.215717,-0.060025,-1.821518,1.296230,1.427294,2.499856,-0.080603,-0.152216,-0.028105,-0.033308,-0.053130,-0.591244,0.701326
25.344016,-0.481111,-1.369544,-0.557174,-0.847806,-1.144977,-0.930447,0.551558,-0.403734,-0.845710,-0.673600,-0.211868,-0.715771,-0.561714,0.267065,-0.860681,-0.215876,-0.060052,-1.821548,1.296175,1.426692,2.500555,-0.080673,-0.153218,-0.027906,-0.032004,-0.053896,-0.593447,0.696597
25.344983,-0.487529,-1.366339,-0.557583,-0.850458,-1.144177,-0.928683,0.551811,-0.414783,-0.860562,-0.688414,-0.205370,-0.714840,-0.560584,0.267265,-0.860759,-0.216031,-0.060079,-1.821589,1.296120,1.426109,2.501232,-0.080532,-0.153584,-0.028266,-0.035323,-0.053779,-0.591485,0.695250
25.345986,-0.486023,-1.366848,-0.557893,-0.849588,-1.142657,-0.927446,0.553456,-0.424384,-0.876931,-0.701436,-0.198389,-0.713919,-0.559654,0.267494,-0.860829,-0.216186,-0.060108,-1.821616,1.296065,1.425516,2.501920,-0.077525,-0.154494,-0.028475,-0.032778,-0.054552,-0.591974,0.693475
25.346980,-0.482584,-1.361587,-0.562460,-0.849979,-1.144339,-0.926676,0.552186,-0.433664,-0.891602,-0.713894,-0.192721,-0.713175,-0.558761,0.267768,-0.860910,-0.216338,-0.060137,-1.821652,1.296007,1.424927,2.502603,-0.078450,-0.153601,-0.028764,-0.033654,-0.056021,-0.592016,0.688965
25.348130,-0.486878,-1.365890,-0.563651,-0.849026,-1.142502,-0.929027,0.551157,-0.441866,-0.902947,-0.724810,-0.189299,-0.712700,-0.557948,0.268072,-0.860994,-0.216500,-0.060160,-1.821685,1.295960,1.424337,2.503294,-0.080268,-0.155520,-0.026969,-0.033286,-0.054368,-0.591562,0.690326
25.349061,-0.489266,-1.361717,-0.563690,-0.850446,-1.142694,-0.930312,0.551465,-0.448697,-0.912124,-0.733855,-0.187294,-0.712420,-0.557236,0.268389,-0.861069,-0.216647,-0.060186,-1.821721,1.295903,1.423751,2.503982,-0.078464,-0.152940,-0.026986,-0.034340,-0.056270,-0.588349,0.691400
25.349948,-0.487392,-1.361269,-0.566002,-0.850036,-1.145057,-0.930387,0.551690,-0.455259,-0.921913,-0.742410,-0.185320,-0.712234,-0.556556,0.268705,-0.861142,-0.216802,-0.060213,-1.821752,1.295848,1.423181,2.504656,-0.077422,-0.154322,-0.027373,-0.032931,-0.056004,-0.585825,0.689490
25.351118,-0.486422,-1.362967,-0.568264,-0.848344,-1.143098,-0.935738,0.550303,-0.461498,-0.931145,-0.750390,-0.184204,-0.712255,-0.555914,0.269007,-0.861221,-0.216954,-0.060239,-1.821787,1.295800,1.422600,2.505343,-0.078416,-0.153768,-0.026596,-0.033261,-0.053603,-0.584343,0.687652
25.352011,-0.492661,-1.360097,-0.565282,-0.848244,-1.142812,-0.938123,0.551693,-0.466198,-0.940968,-0.756333,-0.183172,-0.712418,-0.555465,0.269267,-0.861301,-0.217104,-0.060265,-1.821825,1.295741,1.422041,2.506038,-0.079226,-0.152523,-0.026077,-0.035015,-0.055634,-0.578329,0.689483
25.352943,-0.492134,-1.359905,-0.565544,-0.848777,-1.143220,-0.942399,0.551279,-0.468585,-0.955143,-0.759362,-0.179743,-0.712470,-0.555373,0.269423,-0.861372,-0.217259,-0.060295,-1.821858,1.295690,1.421472,2.506715,-0.076203,-0.153186,-0.027932,-0.035051,-0.055859,-0.574635,0.685304
25.353972,-0.498326,-1.358600,-0.569119,-0.848378,-1.144029,-0.945466,0.551791,-0.468475,-0.972079,-0.759251,-0.174683,-0.712482,-0.555706,0.269443,-0.861448,-0.217408,-0.060324,-1.821891,1.295637,1.420910,2.507400,-0.076624,-0.152609,-0.028166,-0.034515,-0.055407,-0.569141,0.684864
25.355032,-0.496626,-1.359001,-0.568014,-0.849813,-1.141653,-0.947512,0.550646,-0.466580,-1.006610,-0.756368,-0.164571,-0.712776,-0.557152,0.269124,-0.861594,-0.217713,-0.060377,-1.821958,1.295525,1.419802,2.508757,-0.074930,-0.151906,-0.027946,-0.033609,-0.056981,-0.562283,0.683930
25.356048,-0.499370,-1.361478,-0.572035,-0.850126,-1.142703,-0.948947,0.551375,-0.466580,-1.006610,-0.756368,-0.164571,-0.712776,-0.557152,0.269124,-0.861594,-0.217713,-0.060377,-1.821958,1.295525,1.419802,2.508757,-0.074930,-0.151906,-0.027946,-0.033609,-0.056981,-0.562283,0.683930
25.356974,-0.497029,-1.359945,-0.567396,-0.849922,-1.143853,-0.951720,0.551865,-0.466219,-1.024559,-0.755313,-0.159691,-0.713004,-0.558180,0.268828,-0.861663,-0.217858,-0.060399,-1.821991,1.295470,1.419241,2.509436,-0.073831,-0.150145,-0.026446,-0.033356,-0.055888,-0.559860,0.681279
25.357945,-0.499954,-1.358089,-0.566628,-0.849252,-1.143227,-0.950165,0.549183,-0.464384,-1.045000,-0.752415,-0.154033,-0.713175,-0.559679,0.268468,-0.861741,-0.218009,-0.060432,-1.822027,1.295418,1.418692,2.510102,-0.075121,-0.150231,-0.029140,-0.033471,-0.054701,-0.555944,0.679060
25.359076,-0.503214,-1.355363,-0.570173,-0.850656,-1.144502,-0.950350,0.550246,-0.458265,-1.066608,-0.744408,-0.147812,-0.713295,-0.561885,0.268094,-0.861810,-0.218158,-0.060463,-1.822062,1.295362,1.418136,2.510790,-0.073867,-0.150537,-0.029894,-0.034107,-0.055296,-0.556467,0.683229
25.359965,-0.504854,-1.356056,-0.567064,-0.850562,-1.144641,-0.948589,0.549561,-0.448851,-1.085234,-0.732481,-0.142639,-0.713474,-0.564496,0.267763,-0.861880,-0.218311,-0.060489,-1.822093,1.295309,1.417585,2.511473,-0.072652,-0.151429,-0.028681,-0.032900,-0.054070,-0.555607,0.680038
25.360998,-0.502248,-1.353467,-0.570099,-0.851067,-1.143521,-0.949381,0.549987,-0.439275,-1.098300,-0.720342,-0.139799,-0.713807,-0.567019,0.267496,-0.861952,-0.218459,-0.060523,-1.822125,1.295257,1.417030,2.512148,-0.071958,-0.150359,-0.030557,-0.032978,-0.053886,-0.556129,0.680106
25.362055,-0.504180,-1.356182,-0.569052,-0.852395,-1.143765,-0.950789,0.548512,-0.429120,-1.106541,-0.707505,-0.138957,-0.714277,-0.569465,0.267301,-0.862027,-0.218610,-0.060550,-1.822157,1.295199,1.416476,2.512827,-0.073516,-0.151102,-0.029504,-0.032561,-0.054986,-0.554396,0.678105
25.363041,-0.507987,-1.358609,-0.568803,-0.852091,-1.143169,-0.948677,0.548364,-0.417143,-1.111643,-0.692572,-0.139426,-0.714836,-0.572033,0.267171,-0.862097,-0.218757,-0.060582,-1.822187,1.295147,1.415937,2.513503,-0.072852,-0.149226,-0.030489,-0.031384,-0.054764,-0.552220,0.680012
25.364004,-0.506056,-1.357225,-0.574245,-0.853548,-1.144481,-0.949858,0.549632,-0.403760,-1.117928,-0.676130,-0.139314,-0.715317,-0.574809,0.267079,-0.862164,-0.218901,-0.060615,-1.822219,1.295089,1.415379,2.514184,-0.071224,-0.147479,-0.030993,-0.031759,-0.055308,-0.553321,0.679072
25.364991,-0.508499,-1.357143,-0.572656,-0.853566,-1.143139,-0.946513,0.549207,-0.390917,-1.128387,-0.660485,-0.137194,-0.715582,-0.577670,0.266991,-0.862239,-0.219050,-0.060639,-1.822249,1.295036,1.414837,2.514857,-0.072381,-0.147552,-0.028715,-0.030362,-0.053961,-0.551099,0.675295
25.366002,-0.509206,-1.356069,-0.573328,-0.852966,-1.140873,-0.946220,0.548274,-0.380017,-1.140832,-0.647222,-0.134209,-0.715741,-0.580480,0.266891,-0.862309,-0.219199,-0.060672,-1.822278,1.294979,1.414276,2.515525,-0.071394,-0.146994,-0.029922,-0.030491,-0.055277,-0.553431,0.675028
25.367086,-0.511402,-1.356611,-0.574815,-0.854508,-1.142375,-0.943837,0.549735,-0.370590,-1.153783,-0.635731,-0.130749,-0.715819,-0.583273,0.266795,-0.862380,-0.219344,-0.060703,-1.822312,1.294918,1.413718,2.516204,-0.071318,-0.147008,-0.030003,-0.031135,-0.057475,-0.552706,0.675741
25.368015,-0.506192,-1.355669,-0.570334,-0.854922,-1.142440,-0.941733,0.549840,-0.362302,-1.166977,-0.625602,-0.126687,-0.715770,-0.586066,0.266720,-0.862449,-0.219491,-0.060731,-1.822336,1.294862,1.413166,2.516859,-0.070579,-0.146275,-0.029770,-0.029892,-0.055942,-0.554327,0.671815
25.369007,-0.506390,-1.354841,-0.575373,-0.855550,-1.142222,-0.936364,0.549691,-0.353124,-1.179196,-0.614408,-0.123063,-0.715696,-0.589075,0.266678,-0.862529,-0.219636,-0.060769,-1.822365,1.294807,1.412602,2.517529,-0.073287,-0.146125,-0.032313,-0.029570,-0.055839,-0.555208,0.670379
25.370026,-0.506880,-1.355249,-0.575793,-0.856643,-1.143271,-0.933707,0.549251,-0.340393,-1.189172,-0.598964,-0.120795,-0.715689,-0.592536,0.266687,-0.862601,-0.219779,-0.060794,-1.822392,1.294754,1.412040,2.518198,-0.073387,-0.146010,-0.030230,-0.029112,-0.056052,-0.559556,0.669531
25.370956,-0.508196,-1.355174,-0.577844,-0.856856,-1.142399,-0.929029,0.550110,-0.326024,-1.196397,-0.581565,-0.120187,-0.715740,-0.596170,0.266765,-0.862675,-0.219925,-0.060826,-1.822420,1.294699,1.411473,2.518866,-0.073378,-0.145274,-0.030461,-0.028203,-0.054971,-0.561160,0.669311
25.371954,-0.510488,-1.353523,-0.577652,-0.857898,-1.142190,-0.926160,0.552036,-0.313089,-1.201720,-0.565900,-0.120921,-0.715808,-0.599615,0.266903,-0.862748,-0.220068,-0.060854,-1.822447,1.294645,1.410904,2.519529,-0.072872,-0.144725,-0.029816,-0.028115,-0.055813,-0.564614,0.666345
25.372944,-0.505440,-1.352278,-0.576906,-0.857512,-1.143946,-0.923125,0.551532,-0.302990,-1.205425,-0.553654,-0.122816,-0.715884,-0.602674,0.267053,-0.862818,-0.220214,-0.060887,-1.822473,1.294592,1.410340,2.520176,-0.071977,-0.144997,-0.030323,-0.027271,-0.056018,-0.566417,0.661418
25.374072,-0.502469,-1.355462,-0.581307,-0.856716,-1.143659,-0.922113,0.552363,-0.294465,-1.206379,-0.543302,-0.126308,-0.716042,-0.605438,0.267174,-0.862898,-0.220362,-0.060920,-1.822503,1.294544,1.409770,2.520839,-0.074668,-0.145040,-0.031071,-0.027784,-0.054277,-0.568339,0.661343
25.375057,-0.508011,-1.351177,-0.580817,-0.857794,-1.146278,-0.920793,0.551427,-0.284472,-1.206996,-0.531237,-0.129858,-0.716187,-0.608283,0.267271,-0.862978,-0.220500,-0.060947,-1.822533,1.294488,1.409197,2.521503,-0.076430,-0.143132,-0.029415,-0.028802,-0.054620,-0.568530,0.658735
25.376017,-0.508998,-1.356471,-0.579570,-0.858430,-1.147484,-0.918377,0.552702,-0.273540,-1.209532,-0.518156,-0.132083,-0.716227,-0.611216,0.267379,-0.863050,-0.220647,-0.060979,-1.822558,1.294443,1.408633,2.522169,-0.073848,-0.144725,-0.030074,-0.027940,-0.052044,-0.568769,0.659490
25.377051,-0.509221,-1.354927,-0.581076,-0.859778,-1.147085,-0.919134,0.551200,-0.263844,-1.213200,-0.506666,-0.133673,-0.716268,-0.614031,0.267520,-0.863122,-0.220782,-0.061013,-1.822583,1.294395,1.408060,2.522812,-0.073568,-0.141567,-0.031052,-0.027507,-0.050877,-0.569997,0.655799
25.378032,-0.507993,-1.357976,-0.581011,-0.861472,-1.147110,-0.915381,0.550675,-0.255356,-1.219361,-0.496719,-0.134413,-0.716329,-0.616804,0.267692,-0.863197,-0.220925,-0.061043,-1.822606,1.294342,1.407498,2.523476,-0.073699,-0.141898,-0.030741,-0.026454,-0.051303,-0.568248,0.657792
25.379042,-0.511682,-1.357363,-0.581631,-0.862657,-1.147871,-0.916610,0.549909,-0.247117,-1.228305,-0.487170,-0.134487,-0.716421,-0.619667,0.267922,-0.863274,-0.221061,-0.061074,-1.822629,1.294290,1.406918,2.524127,-0.074483,-0.139906,-0.031178,-0.025031,-0.051279,-0.570859,0.657727
25.380008,-0.513707,-1.358713,-0.581098,-0.862201,-1.148619,-0.914618,0.547116,-0.238929,-1.238791,-0.477796,-0.134716,-0.716587,-0.622596,0.268264,-0.863344,-0.221200,-0.061103,-1.822652,1.294244,1.406343,2.524785,-0.072893,-0.139777,-0.031304,-0.024146,-0.050577,-0.568483,0.658180
25.380980,-0.516014,-1.356308,-0.582693,-0.861178,-1.149885,-0.916057,0.546163,-0.231648,-1.250632,-0.469638,-0.134919,-0.716749,-0.625408,0.268742,-0.863416,-0.221334,-0.061136,-1.822679,1.294197,1.405773,2.525446,-0.072081,-0.138639,-0.031940,-0.024776,-0.049869,-0.569346,0.662650
25.382045,-0.516789,-1.351928,-0.579648,-0.862788,-1.152901,-0.912359,0.546489,-0.226190,-1.263793,-0.463774,-0.134252,-0.716750,-0.627857,0.269327,-0.863486,-0.221472,-0.061168,-1.822708,1.294153,1.405205,2.526117,-0.071167,-0.139372,-0.031513,-0.025920,-0.048674,-0.566732,0.663328
25.382944,-0.516504,-1.350494,-0.585756,-0.859991,-1.151137,-0.914129,0.546409,-0.222049,-1.274048,-0.459507,-0.134204,-0.716718,-0.629776,0.269947,-0.863558,-0.221618,-0.061204,-1.822731,1.294111,1.404634,2.526777,-0.071097,-0.141102,-0.033464,-0.024620,-0.045780,-0.569544,0.661649
25.383942,-0.519581,-1.352692,-0.583998,-0.863277,-1.153520,-0.915601,0.545742,-0.218605,-1.276760,-0.456012,-0.136622,-0.716850,-0.631014,0.270546,-0.863630,-0.221761,-0.061230,-1.822761,1.294061,1.404070,2.527430,-0.071372,-0.141166,-0.030761,-0.027475,-0.047568,-0.566431,0.660584
25.384992,-0.520931,-1.350009,-0.584230,-0.860136,-1.153301,-0.916275,0.545152,-0.216638,-1.274293,-0.454274,-0.140145,-0.717033,-0.631489,0.271085,-0.863698,-0.221897,-0.061264,-1.822778,1.294020,1.403511,2.528094,-0.070108,-0.139626,-0.032062,-0.024556,-0.045257,-0.563939,0.660807
25.385992,-0.524189,-1.351410,-0.587757,-0.861979,-1.153239,-0.917835,0.546260,-0.215816,-1.270203,-0.453990,-0.143264,-0.717158,-0.631340,0.271535,-0.863766,-0.222041,-0.061297,-1.822815,1.293975,1.402957,2.528754,-0.069781,-0.140523,-0.032358,-0.027764,-0.045608,-0.562399,0.660963
25.386961,-0.523023,-1.351028,-0.590309,-0.861289,-1.154677,-0.921202,0.546064,-0.216096,-1.266055,-0.455122,-0.145015,-0.717133,-0.630601,0.271878,-0.863833,-0.222177,-0.061328,-1.822837,1.293931,1.402405,2.529407,-0.068448,-0.139376,-0.031003,-0.026176,-0.045756,-0.559857,0.657634
25.388086,-0.529728,-1.349443,-0.594117,-0.861769,-1.155588,-0.927624,0.544160,-0.218741,-1.263092,-0.459145,-0.144895,-0.716900,-0.629223,0.272116,-0.863902,-0.222314,-0.061358,-1.822864,1.293890,1.401856,2.530071,-0.069285,-0.139099,-0.030132,-0.027042,-0.044397,-0.555434,0.656883
25.388976,-0.531227,-1.348550,-0.591711,-0.860058,-1.155393,-0.929862,0.544239,-0.224676,-1.261027,-0.467132,-0.143460,-0.716533,-0.627260,0.272300,-0.863963,-0.222455,-0.061384,-1.822891,1.293847,1.401323,2.530733,-0.066408,-0.139559,-0.028798,-0.026833,-0.043663,-0.548416,0.659814
25.389957,-0.536265,-1.346701,-0.596700,-0.859943,-1.156275,-0.934565,0.543907,-0.234050,-1.259023,-0.479251,-0.141027,-0.716066,-0.624806,0.272486,-0.864027,-0.222593,-0.061419,-1.822922,1.293803,1.400783,2.531392,-0.065895,-0.139413,-0.030304,-0.028572,-0.043891,-0.545055,0.658344
25.391065,-0.537968,-1.346423,-0.591221,-0.861012,-1.156804,-0.935096,0.545183,-0.246275,-1.257177,-0.494789,-0.137259,-0.715452,-0.621972,0.272706,-0.864088,-0.222735,-0.061444,-1.822950,1.293763,1.400258,2.532043,-0.063715,-0.139822,-0.028253,-0.028814,-0.043117,-0.539464,0.657919
25.392053,-0.535765,-1.345783,-0.595908,-0.860635,-1.156108,-0.936231,0.543084,-0.260157,-1.254498,-0.512263,-0.132849,-0.714778,-0.618902,0.272975,-0.864152,-0.222875,-0.061482,-1.822977,1.293717,1.399721,2.532691,-0.063338,-0.139609,-0.031460,-0.028025,-0.042714,-0.538348,0.654448
25.393003,-0.540047,-1.341741,-0.595553,-0.862068,-1.158707,-0.937963,0.544874,-0.272673,-1.249961,-0.527985,-0.128787,-0.714181,-0.615937,0.273305,-0.864217,-0.223014,-0.061508,-1.823007,1.293674,1.399186,2.533361,-0.064766,-0.139440,-0.029533,-0.028499,-0.043520,-0.536297,0.657550
25.394085,-0.542582,-1.341310,-0.597331,-0.861439,-1.157615,-0.938990,0.545312,-0.282674,-1.241806,-0.540522,-0.126262,-0.713779,-0.613208,0.273693,-0.864275,-0.223159,-0.061538,-1.823033,1.293639,1.398668,2.533992,-0.062950,-0.140892,-0.030114,-0.027220,-0.041035,-0.533670,0.652830
25.394968,-0.543374,-1.338195,-0.596715,-0.861259,-1.159313,-0.941444,0.544481,-0.291735,-1.227422,-0.551711,-0.126798,-0.713707,-0.610528,0.274106,-0.864333,-0.223297,-0.061567,-1.823063,1.293594,1.398142,2.534643,-0.062181,-0.140731,-0.029720,-0.028059,-0.042286,-0.532019,0.651040
25.395945,-0.539920,-1.338487,-0.599971,-0.861566,-1.160183,-0.941827,0.544264,-0.300204,-1.207364,-0.561926,-0.130009,-0.713917,-0.607862,0.274506,-0.864395,-0.223441,-0.061597,-1.823093,1.293559,1.397626,2.535291,-0.062025,-0.141631,-0.030370,-0.028264,-0.040676,-0.528511,0.651488
25.397015,-0.543391,-1.336751,-0.595554,-0.862011,-1.159087,-0.944633,0.545246,-0.306737,-1.183751,-0.569575,-0.134848,-0.714321,-0.605396,0.274879,-0.864461,-0.223583,-0.061626,-1.823120,1.293520,1.397098,2.535931,-0.064062,-0.140937,-0.029152,-0.028107,-0.039932,-0.527265,0.650852
25.398009,-0.545971,-1.332238,-0.599758,-0.860001,-1.159877,-0.944632,0.546693,-0.309367,-1.158465,-0.572375,-0.140686,-0.714911,-0.603387,0.275225,-0.864520,-0.223726,-0.061660,-1.823145,1.293475,1.396575,2.536572,-0.062773,-0.141389,-0.031826,-0.027953,-0.041162,-0.523795,0.647946
25.399003,-0.547546,-1.330625,-0.595190,-0.860965,-1.161531,-0.944611,0.545468,-0.308237,-1.131693,-0.570538,-0.147232,-0.715667,-0.601777,0.275558,-0.864580,-0.223872,-0.061687,-1.823179,1.293435,1.396061,2.537204,-0.061864,-0.143100,-0.030142,-0.029996,-0.040479,-0.523062,0.644043
25.400091,-0.550115,-1.328345,-0.599870,-0.860381,-1.160375,-0.942880,0.546396,-0.304955,-1.101935,-0.565957,-0.154850,-0.716603,-0.600311,0.275903,-0.864640,-0.224013,-0.061724,-1.823206,1.293397,1.395541,2.537864,-0.061454,-0.143397,-0.032806,-0.029181,-0.038960,-0.522283,0.645433
25.401003,-0.551985,-1.329415,-0.601877,-0.860800,-1.160814,-0.939889,0.547230,-0.300421,-1.068831,-0.559675,-0.163847,-0.717742,-0.598896,0.276294,-0.864699,-0.224160,-0.061750,-1.823238,1.293350,1.395023,2.538504,-0.060665,-0.144094,-0.030973,-0.029942,-0.040253,-0.523468,0.642649
25.401948,-0.554879,-1.324221,-0.602090,-0.860944,-1.162254,-0.941769,0.548284,-0.297217,-1.034782,-0.554782,-0.173215,-0.718945,-0.597341,0.276745,-0.864756,-0.224302,-0.061778,-1.823267,1.293313,1.394495,2.539134,-0.060044,-0.142928,-0.030354,-0.029555,-0.039904,-0.525425,0.639863
25.403056,-0.555926,-1.324229,-0.602301,-0.861834,-1.160558,-0.938698,0.548542,-0.297404,-1.001258,-0.553766,-0.182526,-0.720143,-0.595540,0.277243,-0.864812,-0.224450,-0.061809,-1.823297,1.293276,1.393970,2.539769,-0.058971,-0.144924,-0.030627,-0.029489,-0.038588,-0.522558,0.636662
25.404052,-0.558018,-1.320884,-0.602212,-0.861512,-1.162915,-0.938219,0.551116,-0.299997,-0.966542,-0.555469,-0.193049,-0.721469,-0.593679,0.277752,-0.864871,-0.224592,-0.061843,-1.823324,1.293229,1.393443,2.540396,-0.058978,-0.144516,-0.030996,-0.028864,-0.040424,-0.525104,0.635358
25.404927,-0.556430,-1.320296,-0.601956,-0.860766,-1.162705,-0.932613,0.549434,-0.303401,-0.930106,-0.557993,-0.205180,-0.722954,-0.591943,0.278225,-0.864930,-0.224739,-0.061876,-1.823355,1.293197,1.392914,2.541020,-0.058312,-0.145643,-0.031419,-0.029282,-0.038229,-0.524703,0.629196
25.406078,-0.558194,-1.317623,-0.602598,-0.861921,-1.164317,-0.930031,0.550262,-0.306130,-0.893450,-0.559577,-0.217976,-0.724481,-0.590442,0.278657,-0.864992,-0.224882,-0.061907,-1.823389,1.293156,1.392375,2.541661,-0.059346,-0.145254,-0.031870,-0.029960,-0.038517,-0.529167,0.631425
25.407030,-0.557777,-1.318669,-0.602806,-0.860702,-1.165292,-0.927227,0.549894,-0.307059,-0.857585,-0.558922,-0.230782,-0.725971,-0.589194,0.279077,-0.865048,-0.225030,-0.061938,-1.823417,1.293119,1.391845,2.542285,-0.059050,-0.146213,-0.032075,-0.029078,-0.037130,-0.531235,0.628998
25.407938,-0.563436,-1.321825,-0.600270,-0.860526,-1.164801,-0.924686,0.550684,-0.305910,-0.823656,-0.555783,-0.243072,-0.727372,-0.588149,0.279458,-0.865107,-0.225173,-0.061972,-1.823450,1.293086,1.391310,2.542915,-0.059605,-0.145105,-0.032314,-0.030322,-0.036327,-0.533043,0.628697
25.408973,-0.561395,-1.318827,-0.603154,-0.861136,-1.165297,-0.924643,0.550830,-0.303072,-0.797160,-0.550705,-0.251985,-0.728413,-0.587287,0.279756,-0.865159,-0.225311,-0.062008,-1.823479,1.293047,1.390779,2.543532,-0.057123,-0.142944,-0.033875,-0.030535,-0.036922,-0.534514,0.626019
25.409936,-0.565908,-1.317698,-0.602749,-0.861130,-1.165282,-0.924584,0.548614,-0.299265,-0.781613,-0.544550,-0.255815,-0.728940,-0.586563,0.279972,-0.865222,-0.225459,-0.062039,-1.823509,1.293014,1.390245,2.544172,-0.058570,-0.143948,-0.032853,-0.030077,-0.036631,-0.533750,0.624773
25.410927,-0.563440,-1.318901,-0.603352,-0.859633,-1.167771,-0.926429,0.548235,-0.295251,-0.772982,-0.538186,-0.256840,-0.729183,-0.585868,0.280158,-0.865276,-0.225601,-0.062074,-1.823540,1.292977,1.389709,2.544807,-0.056693,-0.143961,-0.033410,-0.030139,-0.036787,-0.532838,0.628191
25.412108,-0.565667,-1.318491,-0.604084,-0.859497,-1.167844,-0.926838,0.548141,-0.290883,-0.769455,-0.531448,-0.255943,-0.729241,-0.585260,0.280321,-0.865339,-0.225741,-0.062107,-1.823575,1.292947,1.389183,2.545424,-0.058310,-0.142853,-0.033488,-0.031638,-0.034497,-0.530130,0.627966
25.412997,-0.564816,-1.316982,-0.605525,-0.859792,-1.168560,-0.925496,0.548119,-0.285015,-0.773094,-0.523011,-0.251851,-0.729013,-0.584984,0.280424,-0.865394,-0.225880,-0.062140,-1.823606,1.292913,1.388651,2.546056,-0.057820,-0.142819,-0.033652,-0.031994,-0.034737,-0.529308,0.627441
25.413935,-0.566866,-1.314155,-0.606992,-0.860079,-1.168671,-0.921914,0.546214,-0.277558,-0.782663,-0.512776,-0.245125,-0.728568,-0.585083,0.280460,-0.865453,-0.226024,-0.062171,-1.823638,1.292882,1.388124,2.546684,-0.058524,-0.142918,-0.033255,-0.031686,-0.034165,-0.529574,0.626332
25.415037,-0.564544,-1.310488,-0.605670,-0.859652,-1.169898,-0.920531,0.546212,-0.269912,-0.793754,-0.502386,-0.238098,-0.728120,-0.585336,0.280449,-0.865509,-0.226171,-0.062205,-1.823669,1.292848,1.387587,2.547312,-0.057850,-0.143705,-0.032850,-0.031422,-0.034215,-0.532147,0.629110
25.416015,-0.571439,-1.306988,-0.605928,-0.858201,-1.169254,-0.921535,0.547593,-0.262267,-0.801624,-0.492034,-0.233055,-0.727874,-0.585617,0.280405,-0.865572,-0.226315,-0.062239,-1.823703,1.292816,1.387051,2.547941,-0.059495,-0.145139,-0.033986,-0.031960,-0.033247,-0.532866,0.628256
25.417076,-0.570391,-1.304866,-0.608344,-0.859179,-1.169811,-0.920698,0.545187,-0.254128,-0.803520,-0.481143,-0.230927,-0.727915,-0.585935,0.280320,-0.865622,-0.226464,-0.062273,-1.823740,1.292781,1.386530,2.548554,-0.056375,-0.146168,-0.034133,-0.033285,-0.034013,-0.530732,0.624304
25.418074,-0.573143,-1.304407,-0.610609,-0.858563,-1.169969,-0.921326,0.545202,-0.247117,-0.799496,-0.471694,-0.231478,-0.728210,-0.586163,0.280196,-0.865681,-0.226613,-0.062304,-1.823770,1.292748,1.385998,2.549188,-0.057195,-0.146474,-0.033231,-0.032300,-0.033574,-0.530343,0.627861
25.419064,-0.574317,-1.302066,-0.611132,-0.856300,-1.170048,-0.920588,0.542691,-0.243040,-0.791714,-0.465896,-0.233974,-0.728678,-0.586169,0.280054,-0.865734,-0.226756,-0.062334,-1.823804,1.292716,1.385476,2.549813,-0.056060,-0.145957,-0.032377,-0.032793,-0.033529,-0.528397,0.626417
25.419979,-0.576547,-1.302539,-0.610067,-0.856720,-1.171923,-0.923237,0.543145,-0.242405,-0.784251,-0.464408,-0.236308,-0.729083,-0.585887,0.279897,-0.865789,-0.226905,-0.062367,-1.823846,1.292679,1.384951,2.550447,-0.055719,-0.146326,-0.032373,-0.034760,-0.033504,-0.527816,0.630080
25.421057,-0.577143,-1.298204,-0.612591,-0.856150,-1.171933,-0.926371,0.542579,-0.244308,-0.780790,-0.466175,-0.236424,-0.729208,-0.585376,0.279720,-0.865841,-0.227048,-0.062401,-1.823878,1.292653,1.384431,2.551074,-0.054796,-0.145256,-0.033087,-0.034187,-0.031739,-0.523687,0.627641
25.422058,-0.578552,-1.300240,-0.613519,-0.855898,-1.172228,-0.930657,0.540738,-0.247236,-0.781314,-0.469384,-0.234724,-0.729118,-0.584803,0.279516,-0.865895,-0.227198,-0.062431,-1.823914,1.292621,1.383926,2.551705,-0.054830,-0.146720,-0.032138,-0.034649,-0.031895,-0.519503,0.627497
25.422921,-0.579771,-1.295550,-0.613459,-0.855320,-1.171473,-0.933739,0.539890,-0.250633,-0.785002,-0.473357,-0.231969,-0.728906,-0.584258,0.279300,-0.865950,-0.227342,-0.062462,-1.823947,1.292588,1.383421,2.552330,-0.054374,-0.144924,-0.031964,-0.034791,-0.031697,-0.514006,0.629844
25.424080,-0.581009,-1.296795,-0.615695,-0.854588,-1.173424,-0.937833,0.540237,-0.253991,-0.792447,-0.477487,-0.227960,-0.728551,-0.583855,0.279076,-0.866004,-0.227491,-0.062496,-1.823984,1.292551,1.382916,2.552960,-0.053892,-0.146358,-0.032148,-0.035098,-0.032452,-0.509493,0.629978
25.425086,-0.580238,-1.298462,-0.618526,-0.854144,-1.173672,-0.940756,0.541265,-0.256865,-0.803322,-0.481234,-0.222819,-0.728053,-0.583704,0.278827,-0.866056,-0.227635,-0.062526,-1.824019,1.292525,1.382426,2.553577,-0.053696,-0.145121,-0.031405,-0.035797,-0.030716,-0.504577,0.628113
25.426015,-0.582704,-1.293559,-0.620071,-0.851912,-1.174101,-0.941101,0.541205,-0.259408,-0.819874,-0.484803,-0.215393,-0.727301,-0.583919,0.278533,-0.866109,-0.227775,-0.062553,-1.824054,1.292493,1.381930,2.554195,-0.054362,-0.143603,-0.030301,-0.036094,-0.030597,-0.500538,0.624713
25.427052,-0.588137,-1.290937,-0.619466,-0.851073,-1.173776,-0.942954,0.541610,-0.262287,-0.843595,-0.489043,-0.204655,-0.726196,-0.584489,0.278199,-0.866160,-0.227924,-0.062583,-1.824097,1.292460,1.381441,2.554806,-0.053341,-0.145206,-0.029782,-0.037955,-0.030235,-0.498985,0.623469
25.427964,-0.587807,-1.291125,-0.619572,-0.852064,-1.173477,-0.946300,0.542855,-0.266723,-0.870310,-0.495402,-0.191991,-0.724851,-0.585128,0.277861,-0.866206,-0.228070,-0.062616,-1.824137,1.292430,1.380945,2.555424,-0.050998,-0.145782,-0.030367,-0.038540,-0.030711,-0.496048,0.621355
25.429166,-0.589430,-1.285631,-0.624360,-0.852006,-1.174950,-0.948685,0.542606,-0.272673,-0.896661,-0.503742,-0.179120,-0.723454,-0.585751,0.277547,-0.866258,-0.228211,-0.062645,-1.824170,1.292398,1.380468,2.556035,-0.051387,-0.144876,-0.030547,-0.037366,-0.031075,-0.491496,0.617440
25.430049,-0.589945,-1.282195,-0.622739,-0.852216,-1.176316,-0.947865,0.542361,-0.279339,-0.920063,-0.513015,-0.168073,-0.722242,-0.586436,0.277287,-0.866311,-0.228361,-0.062669,-1.824208,1.292372,1.379991,2.556640,-0.051019,-0.147041,-0.028614,-0.037362,-0.029844,-0.488469,0.616920
25.431049,-0.595737,-1.284388,-0.625431,-0.851575,-1.177422,-0.949625,0.540378,-0.286596,-0.935702,-0.522981,-0.161570,-0.721478,-0.587076,0.277137,-0.866360,-0.228510,-0.062703,-1.824244,1.292345,1.379502,2.557252,-0.050980,-0.147819,-0.029618,-0.036894,-0.028586,-0.488001,0.615960
25.432043,-0.596835,-1.282611,-0.625911,-0.851685,-1.177952,-0.950785,0.540402,-0.294712,-0.944233,-0.533926,-0.159261,-0.721117,-0.587570,0.277129,-0.866402,-0.228652,-0.062730,-1.824282,1.292321,1.379034,2.557877,-0.048457,-0.145985,-0.028571,-0.037316,-0.027675,-0.485246,0.618597
25.432997,-0.594598,-1.284470,-0.627445,-0.851468,-1.178484,-0.953210,0.541999,-0.304692,-0.951673,-0.547039,-0.158096,-0.720861,-0.587871,0.277246,-0.866452,-0.228798,-0.062758,-1.824319,1.292292,1.378556,2.558484,-0.048230,-0.146118,-0.028644,-0.037011,-0.027286,-0.483047,0.617213
25.434043,-0.599444,-1.282772,-0.630726,-0.852039,-1.180144,-0.953273,0.541054,-0.325892,-0.975925,-0.574416,-0.152973,-0.720103,-0.588567,0.277615,-0.866545,-0.229082,-0.062811,-1.824390,1.292240,1.377611,2.559691,-0.047597,-0.144592,-0.026880,-0.036337,-0.025420,-0.478572,0.613377
25.434971,-0.597174,-1.284773,-0.632478,-0.849768,-1.179365,-0.953546,0.540320,-0.325892,-0.975925,-0.574416,-0.152973,-0.720103,-0.588567,0.277615,-0.866545,-0.229082,-0.062811,-1.824390,1.292240,1.377611,2.559691,-0.047597,-0.144592,-0.026880,-0.036337,-0.025420,-0.478572,0.613377
25.436051,-0.600384,-1.289425,-0.630811,-0.849013,-1.180489,-0.954152,0.541427,-0.336979,-0.995113,-0.588571,-0.147622,-0.719432,-0.588945,0.277796,-0.866597,-0.229223,-0.062835,-1.824429,1.292212,1.377136,2.560304,-0.048980,-0.142800,-0.026313,-0.038323,-0.026336,-0.477150,0.613439
25.436965,-0.599639,-1.287576,-0.632956,-0.852366,-1.181099,-0.956502,0.541161,-0.347789,-1.024503,-0.602388,-0.136927,-0.718192,-0.589456,0.277927,-0.866643,-0.229357,-0.062867,-1.824469,1.292186,1.376665,2.560910,-0.047781,-0.139912,-0.027481,-0.038861,-0.025402,-0.475695,0.609995
25.438001,-0.599915,-1.285491,-0.632463,-0.849948,-1.181244,-0.955780,0.541685,-0.356543,-1.065185,-0.613722,-0.120734,-0.716432,-0.590444,0.277960,-0.866691,-0.229499,-0.062891,-1.824498,1.292164,1.376202,2.561510,-0.048419,-0.140062,-0.026683,-0.035414,-0.024965,-0.472229,0.609191
25.439040,-0.598667,-1.283275,-0.634589,-0.851394,-1.181296,-0.949181,0.539090,-0.362530,-1.109533,-0.621610,-0.103492,-0.714659,-0.592015,0.277897,-0.866739,-0.229639,-0.062921,-1.824540,1.292138,1.375727,2.562112,-0.048637,-0.140448,-0.027257,-0.037593,-0.025011,-0.472034,0.606896
25.440064,-0.600683,-1.285523,-0.634539,-0.852127,-1.182076,-0.947937,0.539134,-0.365614,-1.150764,-0.625769,-0.088040,-0.713132,-0.594050,0.277777,-0.866790,-0.229781,-0.062947,-1.824575,1.292110,1.375243,2.562721,-0.049590,-0.140879,-0.026539,-0.035998,-0.025126,-0.477695,0.610895
25.440969,-0.597330,-1.284737,-0.634833,-0.852631,-1.182457,-0.945590,0.538742,-0.366645,-1.186371,-0.627156,-0.075371,-0.711903,-0.596355,0.277652,-0.866839,-0.229917,-0.062973,-1.824608,1.292088,1.374764,2.563329,-0.048910,-0.139110,-0.026922,-0.035187,-0.024553,-0.477885,0.609486
25.441987,-0.597635,-1.282311,-0.636692,-0.853271,-1.182672,-0.943613,0.539070,-0.361918,-1.243189,-0.621058,-0.058295,-0.710335,-0.602098,0.277464,-0.866942,-0.230195,-0.063026,-1.824674,1.292039,1.373798,2.564537,-0.050937,-0.139293,-0.026434,-0.033784,-0.024298,-0.479953,0.606963
25.443093,-0.600076,-1.282429,-0.636879,-0.854819,-1.180626,-0.940100,0.537800,-0.361918,-1.243189,-0.621058,-0.058295,-0.710335,-0.602098,0.277464,-0.866942,-0.230195,-0.063026,-1.824674,1.292039,1.373798,2.564537,-0.050937,-0.139293,-0.026434,-0.033784,-0.024298,-0.479953,0.606963
25.443983,-0.600811,-1.279598,-0.635068,-0.855757,-1.180819,-0.932070,0.536870,-0.356538,-1.261760,-0.614197,-0.055229,-0.710128,-0.605459,0.277430,-0.866990,-0.230333,-0.063054,-1.824704,1.292013,1.373309,2.565151,-0.050136,-0.138662,-0.026728,-0.032288,-0.026576,-0.482576,0.608339
25.445038,-0.599763,-1.279558,-0.636789,-0.856686,-1.180997,-0.927913,0.537567,-0.350848,-1.271676,-0.606878,-0.056804,-0.710375,-0.608775,0.277463,-0.867038,-0.230471,-0.063083,-1.824732,1.291986,1.372811,2.565764,-0.049998,-0.139300,-0.027865,-0.031285,-0.026478,-0.489291,0.608749
25.446021,-0.599751,-1.282632,-0.636515,-0.856637,-1.182241,-0.925566,0.537614,-0.344884,-1.272433,-0.599057,-0.063147,-0.711049,-0.611866,0.277537,-0.867091,-0.230608,-0.063109,-1.824761,1.291961,1.372312,2.566355,-0.050850,-0.138713,-0.027360,-0.030411,-0.026498,-0.492359,0.606160
25.447019,-0.600812,-1.281974,-0.640487,-0.854621,-1.185322,-0.921795,0.536965,-0.338338,-1.267945,-0.590312,-0.072247,-0.711914,-0.614776,0.277586,-0.867144,-0.230737,-0.063136,-1.824793,1.291940,1.371812,2.566959,-0.051105,-0.136577,-0.027808,-0.030385,-0.025456,-0.493486,0.604778
25.448029,-0.599065,-1.283400,-0.637269,-0.854531,-1.186282,-0.920778,0.537720,-0.331976,-1.265122,-0.581602,-0.080338,-0.712564,-0.617526,0.277571,-0.867195,-0.230872,-0.063158,-1.824830,1.291923,1.371313,2.567559,-0.050858,-0.136281,-0.026183,-0.032207,-0.022612,-0.496113,0.604826
25.449010,-0.602728,-1.280718,-0.640180,-0.855924,-1.186081,-0.917025,0.536612,-0.326031,-1.267747,-0.573266,-0.084989,-0.712766,-0.620122,0.277495,-0.867250,-0.231005,-0.063190,-1.824864,1.291903,1.370816,2.568161,-0.052000,-0.134964,-0.028099,-0.032162,-0.021909,-0.495969,0.602028
25.449963,-0.603592,-1.280928,-0.637825,-0.855005,-1.188714,-0.912964,0.536940,-0.313845,-1.280837,-0.556074,-0.088700,-0.712492,-0.625010,0.277267,-0.867347,-0.231278,-0.063245,-1.824925,1.291864,1.369810,2.569365,-0.050302,-0.134829,-0.028402,-0.031572,-0.019903,-0.501324,0.600978
25.450967,-0.603200,-1.279442,-0.637418,-0.856320,-1.189500,-0.911563,0.536156,-0.313845,-1.280837,-0.556074,-0.088700,-0.712492,-0.625010,0.277267,-0.867347,-0.231278,-0.063245,-1.824925,1.291864,1.369810,2.569365,-0.050302,-0.134829,-0.028402,-0.031572,-0.019903,-0.501324,0.600978
25.451992,-0.604701,-1.280550,-0.639203,-0.854705,-1.188846,-0.909378,0.534674,-0.307947,-1.285612,-0.547684,-0.090933,-0.712390,-0.627293,0.277187,-0.867400,-0.231411,-0.063271,-1.824953,1.291845,1.369304,2.569970,-0.050776,-0.134973,-0.028924,-0.030271,-0.019375,-0.501507,0.601292
25.452985,-0.602470,-1.279342,-0.638502,-0.857384,-1.190717,-0.907427,0.535168,-0.301038,-1.289266,-0.538129,-0.093403,-0.712337,-0.629690,0.277178,-0.867451,-0.231543,-0.063297,-1.824988,1.291824,1.368800,2.570573,-0.050329,-0.133828,-0.028366,-0.031785,-0.020266,-0.502559,0.603022
25.453973,-0.606117,-1.275909,-0.636800,-0.856295,-1.190244,-0.903880,0.534615,-0.293285,-1.292689,-0.527691,-0.095757,-0.712301,-0.632206,0.277254,-0.867505,-0.231678,-0.063330,-1.825013,1.291809,1.368293,2.571175,-0.051720,-0.133804,-0.028978,-0.029155,-0.018652,-0.503288,0.600712
25.455091,-0.606015,-1.276524,-0.636414,-0.856823,-1.191086,-0.901551,0.534241,-0.284114,-1.293304,-0.515690,-0.099556,-0.712448,-0.634780,0.277406,-0.867552,-0.231816,-0.063361,-1.825045,1.291786,1.367778,2.571780,-0.050197,-0.134845,-0.030093,-0.030181,-0.019334,-0.505573,0.600544
25.456083,-0.608373,-1.274065,-0.635871,-0.857064,-1.194078,-0.902571,0.534851,-0.273474,-1.289232,-0.502010,-0.105528,-0.712837,-0.637217,0.277612,-0.867604,-0.231947,-0.063392,-1.825075,1.291770,1.367270,2.572377,-0.050647,-0.134053,-0.030627,-0.029705,-0.018799,-0.506896,0.600174
25.456971,-0.613368,-1.274768,-0.635945,-0.855235,-1.194914,-0.904088,0.536230,-0.261725,-1.281437,-0.487032,-0.113077,-0.713402,-0.639386,0.277837,-0.867653,-0.232081,-0.063424,-1.825104,1.291759,1.366770,2.572978,-0.049768,-0.134664,-0.031161,-0.029458,-0.016106,-0.504656,0.597656
25.458012,-0.610081,-1.275472,-0.637149,-0.857537,-1.196307,-0.904645,0.536418,-0.250065,-1.271884,-0.472180,-0.121230,-0.714080,-0.641167,0.278039,-0.867696,-0.232213,-0.063455,-1.825138,1.291744,1.366278,2.573562,-0.047539,-0.133585,-0.031318,-0.031097,-0.015517,-0.501814,0.593553
25.459003,-0.611486,-1.277299,-0.641912,-0.857218,-1.196845,-0.904739,0.537022,-0.239564,-1.263905,-0.458712,-0.128355,-0.714757,-0.642509,0.278178,-0.867750,-0.232346,-0.063487,-1.825164,1.291728,1.365779,2.574155,-0.049520,-0.132669,-0.030997,-0.028854,-0.014405,-0.500184,0.592018
25.459984,-0.611299,-1.275416,-0.638573,-0.856194,-1.196275,-0.906536,0.537806,-0.230434,-1.259739,-0.446884,-0.133830,-0.715411,-0.643450,0.278235,-0.867797,-0.232473,-0.063512,-1.825195,1.291713,1.365279,2.574745,-0.049125,-0.131191,-0.028939,-0.029150,-0.014156,-0.498911,0.589563
25.460919,-0.616643,-1.276481,-0.642125,-0.854512,-1.197898,-0.907768,0.538598,-0.222625,-1.260497,-0.436691,-0.136991,-0.715950,-0.643986,0.278216,-0.867847,-0.232607,-0.063547,-1.825229,1.291695,1.364789,2.575324,-0.049514,-0.131518,-0.030860,-0.030053,-0.014974,-0.495961,0.586794
25.461942,-0.620193,-1.278467,-0.643051,-0.855464,-1.197501,-0.910144,0.539147,-0.216045,-1.267068,-0.428065,-0.136606,-0.716190,-0.644097,0.278143,-0.867890,-0.232736,-0.063573,-1.825262,1.291685,1.364301,2.575905,-0.047148,-0.130344,-0.029338,-0.031592,-0.013633,-0.493521,0.583947
25.463009,-0.622542,-1.278434,-0.643579,-0.854059,-1.197476,-0.913811,0.539385,-0.212823,-1.280781,-0.423581,-0.131754,-0.715980,-0.643611,0.278041,-0.867932,-0.232862,-0.063603,-1.825291,1.291670,1.363822,2.576488,-0.045798,-0.128839,-0.029185,-0.030618,-0.014333,-0.490140,0.581683
25.464016,-0.624014,-1.274926,-0.643764,-0.853448,-1.199858,-0.915119,0.538855,-0.214119,-1.302126,-0.424619,-0.122439,-0.715291,-0.642513,0.277935,-0.867975,-0.232990,-0.063633,-1.825327,1.291657,1.363346,2.577059,-0.045078,-0.128377,-0.029250,-0.031931,-0.014681,-0.485563,0.580149
25.464954,-0.628083,-1.273924,-0.643163,-0.851687,-1.200340,-0.918350,0.540069,-0.218224,-1.327878,-0.429047,-0.110215,-0.714254,-0.641032,0.277860,-0.868018,-0.233122,-0.063666,-1.825360,1.291647,1.362867,2.577641,-0.044742,-0.129556,-0.029419,-0.032451,-0.012612,-0.483252,0.580037
25.466040,-0.630380,-1.270873,-0.639262,-0.853019,-1.200555,-0.920911,0.540738,-0.223711,-1.353407,-0.435055,-0.097097,-0.713061,-0.639326,0.277836,-0.868060,-0.233252,-0.063698,-1.825398,1.291637,1.362403,2.578201,-0.043034,-0.129413,-0.029934,-0.033959,-0.012444,-0.478935,0.576400
25.466969,-0.629882,-1.268476,-0.641387,-0.850524,-1.201903,-0.921119,0.541870,-0.228969,-1.375202,-0.440642,-0.084920,-0.711926,-0.637640,0.277854,-0.868100,-0.233383,-0.063735,-1.825427,1.291624,1.361935,2.578773,-0.042394,-0.130440,-0.032160,-0.032657,-0.012572,-0.475566,0.574021
25.467930,-0.633423,-1.267181,-0.639881,-0.852233,-1.201425,-0.923555,0.542193,-0.232062,-1.390426,-0.443439,-0.075279,-0.711055,-0.636226,0.277900,-0.868145,-0.233514,-0.063763,-1.825467,1.291616,1.361466,2.579338,-0.042957,-0.130977,-0.031325,-0.034864,-0.011526,-0.474274,0.570545
25.469006,-0.633582,-1.266448,-0.639107,-0.851133,-1.201617,-0.922534,0.542720,-0.232858,-1.398254,-0.443311,-0.068626,-0.710518,-0.635079,0.277954,-0.868185,-0.233644,-0.063799,-1.825497,1.291604,1.361002,2.579899,-0.041562,-0.131002,-0.032291,-0.033061,-0.012318,-0.470793,0.568760
25.469986,-0.636053,-1.267346,-0.641583,-0.852334,-1.202734,-0.923094,0.544240,-0.231733,-1.399598,-0.440759,-0.064785,-0.710323,-0.634131,0.278008,-0.868226,-0.233772,-0.063833,-1.825532,1.291590,1.360532,2.580463,-0.041976,-0.130891,-0.032961,-0.034098,-0.012444,-0.471008,0.566672
25.471051,-0.638242,-1.270863,-0.641794,-0.853198,-1.203824,-0.927177,0.544573,-0.229214,-1.396661,-0.436451,-0.062930,-0.710395,-0.633281,0.278046,-0.868265,-0.233900,-0.063862,-1.825563,1.291577,1.360071,2.581010,-0.041150,-0.129865,-0.031983,-0.032808,-0.011606,-0.469464,0.562536
25.471988,-0.642905,-1.265357,-0.646512,-0.851465,-1.202639,-0.928295,0.543217,-0.226906,-1.393481,-0.432363,-0.061612,-0.710597,-0.632416,0.278045,-0.868305,-0.234023,-0.063896,-1.825591,1.291567,1.359611,2.581571,-0.040533,-0.127667,-0.032172,-0.032020,-0.010871,-0.464537,0.560863
25.472982,-0.640730,-1.264820,-0.642097,-0.851054,-1.202783,-0.930146,0.543748,-0.227099,-1.391816,-0.431296,-0.060141,-0.710833,-0.631333,0.278004,-0.868341,-0.234154,-0.063922,-1.825627,1.291552,1.359156,2.582142,-0.038611,-0.129813,-0.030075,-0.033546,-0.012331,-0.462440,0.562390
25.474039,-0.644489,-1.269062,-0.643919,-0.849978,-1.202837,-0.931444,0.541729,-0.230012,-1.389224,-0.433500,-0.058988,-0.711081,-0.629878,0.277934,-0.868383,-0.234284,-0.063960,-1.825660,1.291539,1.358710,2.582702,-0.040128,-0.129481,-0.032520,-0.033847,-0.012468,-0.459729,0.560182
25.475048,-0.645759,-1.263847,-0.644812,-0.850858,-1.203287,-0.931558,0.542377,-0.232688,-1.387447,-0.435420,-0.056858,-0.711196,-0.628377,0.277834,-0.868416,-0.234403,-0.063989,-1.825696,1.291528,1.358258,2.583269,-0.038769,-0.126948,-0.031902,-0.034795,-0.012758,-0.457666,0.563204
25.476067,-0.649629,-1.262740,-0.647352,-0.851289,-1.203963,-0.934571,0.539991,-0.234576,-1.388690,-0.436416,-0.052770,-0.711080,-0.626988,0.277706,-0.868453,-0.234535,-0.064021,-1.825729,1.291517,1.357805,2.583828,-0.038613,-0.129011,-0.031730,-0.033800,-0.012622,-0.456693,0.560765
25.477041,-0.649604,-1.262261,-0.645422,-0.850079,-1.204178,-0.933926,0.539715,-0.237621,-1.387413,-0.438813,-0.049840,-0.711023,-0.625499,0.277568,-0.868489,-0.234664,-0.064050,-1.825762,1.291505,1.357354,2.584390,-0.037158,-0.128994,-0.030762,-0.033288,-0.012260,-0.452815,0.564509
25.478023,-0.651740,-1.259321,-0.649887,-0.850687,-1.205599,-0.933928,0.540771,-0.242024,-1.380886,-0.442878,-0.049584,-0.711165,-0.623948,0.277425,-0.868527,-0.234793,-0.064083,-1.825800,1.291492,1.356903,2.584951,-0.037619,-0.128649,-0.031973,-0.034295,-0.012337,-0.452581,0.563878
25.478973,-0.654098,-1.255202,-0.647762,-0.849959,-1.205927,-0.934116,0.539954,-0.247139,-1.370316,-0.447895,-0.051233,-0.711404,-0.622472,0.277257,-0.868560,-0.234925,-0.064109,-1.825833,1.291483,1.356459,2.585500,-0.037023,-0.129515,-0.030034,-0.033550,-0.011235,-0.451710,0.560661
25.479999,-0.652924,-1.255028,-0.645315,-0.847621,-1.203930,-0.929953,0.540976,-0.253227,-1.353461,-0.454189,-0.055835,-0.711822,-0.621018,0.277064,-0.868593,-0.235057,-0.064143,-1.825869,1.291470,1.356010,2.586062,-0.036304,-0.130926,-0.031339,-0.034088,-0.011201,-0.450571,0.561165
25.481091,-0.655565,-1.250952,-0.647139,-0.847752,-1.205780,-0.927995,0.539836,-0.258603,-1.330325,-0.459712,-0.062901,-0.712365,-0.619700,0.276866,-0.868633,-0.235186,-0.064177,-1.825910,1.291453,1.355555,2.586618,-0.037356,-0.130460,-0.032808,-0.036169,-0.013490,-0.453929,0.558027
25.482067,-0.660798,-1.250814,-0.650251,-0.847580,-1.205806,-0.928955,0.541619,-0.261261,-1.303618,-0.462013,-0.070442,-0.712830,-0.618639,0.276681,-0.868667,-0.235322,-0.064207,-1.825946,1.291445,1.355097,2.587183,-0.036602,-0.131958,-0.032224,-0.035918,-0.011990,-0.455122,0.559331
25.483041,-0.659320,-1.247011,-0.649278,-0.847975,-1.205924,-0.929569,0.541911,-0.263725,-1.273578,-0.464109,-0.078554,-0.713231,-0.617521,0.276523,-0.868698,-0.235450,-0.064234,-1.825981,1.291431,1.354643,2.587726,-0.034480,-0.131435,-0.030963,-0.035909,-0.012252,-0.453197,0.554643
25.484033,-0.660129,-1.246572,-0.650183,-0.846292,-1.205232,-0.926423,0.541538,-0.268203,-1.239947,-0.468660,-0.088061,-0.713695,-0.616153,0.276400,-0.868734,-0.235585,-0.064267,-1.826014,1.291415,1.354198,2.588267,-0.035698,-0.132690,-0.031703,-0.035410,-0.012398,-0.451706,0.553033
25.485022,-0.660828,-1.244617,-0.652646,-0.847127,-1.206002,-0.923283,0.540935,-0.272947,-1.203737,-0.473558,-0.098705,-0.714245,-0.614723,0.276325,-0.868771,-0.235717,-0.064298,-1.826052,1.291400,1.353736,2.588825,-0.035741,-0.132287,-0.031500,-0.036873,-0.013371,-0.453939,0.552688
25.485927,-0.663410,-1.244805,-0.651814,-0.844695,-1.205839,-0.921303,0.539873,-0.277167,-1.166875,-0.477884,-0.109447,-0.714795,-0.613253,0.276310,-0.868807,-0.235848,-0.064326,-1.826086,1.291390,1.353280,2.589380,-0.035847,-0.132670,-0.030564,-0.035900,-0.012905,-0.456155,0.552804
25.486973,-0.670393,-1.245151,-0.651082,-0.843591,-1.205058,-0.922081,0.538061,-0.281783,-1.131806,-0.482823,-0.119032,-0.715225,-0.611608,0.276354,-0.868841,-0.235978,-0.064359,-1.826127,1.291375,1.352817,2.589935,-0.034964,-0.131894,-0.031182,-0.037988,-0.013322,-0.457009,0.553746
25.488005,-0.669934,-1.244434,-0.652797,-0.845381,-1.205745,-0.920741,0.537419,-0.287450,-1.102720,-0.489211,-0.125110,-0.715306,-0.609791,0.276451,-0.868866,-0.236105,-0.064393,-1.826165,1.291358,1.352356,2.590498,-0.032090,-0.131227,-0.031816,-0.038904,-0.014385,-0.455356,0.556322
25.488988,-0.668761,-1.242108,-0.654929,-0.845899,-1.203876,-0.918303,0.536509,-0.294646,-1.081164,-0.497549,-0.127181,-0.715015,-0.607874,0.276588,-0.868901,-0.236235,-0.064423,-1.826198,1.291344,1.351906,2.591048,-0.032877,-0.131045,-0.031254,-0.037003,-0.013990,-0.455913,0.556558
25.490101,-0.671008,-1.242684,-0.654201,-0.846508,-1.205311,-0.917826,0.537018,-0.302663,-1.062891,-0.506844,-0.128295,-0.714680,-0.605966,0.276733,-0.868937,-0.236369,-0.064451,-1.826232,1.291323,1.351443,2.591607,-0.033924,-0.131582,-0.030478,-0.036371,-0.016090,-0.457382,0.557262
25.490968,-0.673595,-1.241282,-0.653784,-0.845689,-1.205607,-0.913758,0.536986,-0.310139,-1.044573,-0.515411,-0.130625,-0.714510,-0.604206,0.276858,-0.868968,-0.236499,-0.064485,-1.826265,1.291311,1.350981,2.592161,-0.033419,-0.130814,-0.031169,-0.035737,-0.014976,-0.457115,0.555265
25.492007,-0.675528,-1.236516,-0.652171,-0.846100,-1.204881,-0.913091,0.537076,-0.316508,-1.026622,-0.522576,-0.133948,-0.714468,-0.602684,0.276953,-0.868998,-0.236629,-0.064517,-1.826304,1.291297,1.350516,2.592710,-0.032542,-0.130816,-0.031545,-0.036240,-0.014931,-0.460017,0.554129
25.493006,-0.675108,-1.235484,-0.655978,-0.845615,-1.206064,-0.911318,0.538657,-0.321632,-1.007689,-0.528115,-0.138602,-0.714586,-0.601377,0.277040,-0.869028,-0.236762,-0.064552,-1.826342,1.291281,1.350053,2.593261,-0.032151,-0.132645,-0.032610,-0.035633,-0.015946,-0.459779,0.552925
25.494009,-0.675679,-1.239622,-0.655887,-0.845810,-1.207313,-0.910643,0.538230,-0.325569,-0.984612,-0.532037,-0.145863,-0.714982,-0.600230,0.277136,-0.869063,-0.236895,-0.064577,-1.826377,1.291270,1.349597,2.593808,-0.032862,-0.132536,-0.031022,-0.035962,-0.015060,-0.460662,0.548683
25.494941,-0.676327,-1.236979,-0.655333,-0.846612,-1.206779,-0.910333,0.538990,-0.328764,-0.960673,-0.534936,-0.154084,-0.715496,-0.599280,0.277235,-0.869095,-0.237017,-0.064609,-1.826412,1.291259,1.349134,2.594350,-0.033091,-0.129954,-0.031353,-0.035631,-0.014130,-0.460388,0.548548
25.495993,-0.676314,-1.236989,-0.657814,-0.847151,-1.210941,-0.907894,0.538428,-0.330722,-0.941112,-0.536347,-0.160905,-0.715933,-0.598680,0.277335,-0.869127,-0.237150,-0.064641,-1.826444,1.291242,1.348671,2.594895,-0.033224,-0.130637,-0.031850,-0.034690,-0.014917,-0.459622,0.545883
25.497001,-0.679014,-1.237323,-0.656357,-0.847272,-1.211770,-0.906847,0.538738,-0.330954,-0.924804,-0.535748,-0.167150,-0.716400,-0.598423,0.277449,-0.869161,-0.237279,-0.064669,-1.826477,1.291237,1.348213,2.595432,-0.033781,-0.130103,-0.030937,-0.034097,-0.011107,-0.461267,0.546080
25.497941,-0.683682,-1.238114,-0.660863,-0.845031,-1.210736,-0.910145,0.538615,-0.330061,-0.910227,-0.533904,-0.173636,-0.716982,-0.598348,0.277588,-0.869191,-0.237406,-0.064704,-1.826511,1.291224,1.347747,2.595975,-0.032964,-0.129402,-0.031915,-0.033855,-0.010611,-0.461353,0.544417
25.499057,-0.682149,-1.236087,-0.661647,-0.843842,-1.212689,-0.910855,0.538590,-0.329899,-0.900307,-0.533110,-0.178403,-0.717461,-0.598279,0.277738,-0.869218,-0.237536,-0.064730,-1.826552,1.291209,1.347301,2.596517,-0.031152,-0.128378,-0.029927,-0.035796,-0.011921,-0.457060,0.543572
25.500035,-0.681817,-1.234439,-0.659178,-0.843945,-1.213037,-0.910778,0.540835,-0.334900,-0.900730,-0.538416,-0.176461,-0.717299,-0.597938,0.278036,-0.869287,-0.237798,-0.064792,-1.826626,1.291189,1.346388,2.597578,-0.033175,-0.129135,-0.031402,-0.036538,-0.010301,-0.454831,0.537220
25.501107,-0.683648,-1.231032,-0.663342,-0.844362,-1.214284,-0.911198,0.539900,-0.335550,-0.903423,-0.538976,-0.173422,-0.717045,-0.597956,0.278240,-0.869318,-0.237932,-0.064817,-1.826661,1.291181,1.345940,2.598115,-0.032844,-0.130304,-0.029676,-0.036017,-0.009423,-0.453682,0.538224
25.502103,-0.690406,-1.231762,-0.662238,-0.844193,-1.215262,-0.910761,0.541012,-0.336357,-0.902882,-0.539848,-0.171857,-0.716980,-0.597793,0.278529,-0.869343,-0.238061,-0.064850,-1.826698,1.291173,1.345488,2.598651,-0.030034,-0.129341,-0.030502,-0.035986,-0.008798,-0.453245,0.534950
25.502934,-0.690255,-1.228470,-0.664053,-0.844284,-1.214459,-0.914531,0.540857,-0.336357,-0.902882,-0.539848,-0.171857,-0.716980,-0.597793,0.278529,-0.869343,-0.238061,-0.064850,-1.826698,1.291173,1.345488,2.598651,-0.030034,-0.129341,-0.030502,-0.035986,-0.008798,-0.453245,0.534950
25.504060,-0.692734,-1.225917,-0.663516,-0.844567,-1.214338,-0.917958,0.540396,-0.339250,-0.899544,-0.543388,-0.171753,-0.717104,-0.597245,0.278887,-0.869375,-0.238193,-0.064879,-1.826734,1.291161,1.345044,2.599186,-0.030518,-0.130249,-0.029769,-0.035607,-0.009846,-0.448292,0.534090
25.505052,-0.694665,-1.222672,-0.663372,-0.845798,-1.215482,-0.920547,0.541378,-0.343186,-0.892570,-0.548302,-0.173712,-0.717488,-0.596477,0.279289,-0.869404,-0.238326,-0.064909,-1.826771,1.291150,1.344616,2.599716,-0.029938,-0.131036,-0.030410,-0.035230,-0.010340,-0.444370,0.534180
25.506005,-0.697451,-1.221122,-0.667535,-0.842368,-1.217428,-0.923686,0.540358,-0.346450,-0.879234,-0.552425,-0.179418,-0.718316,-0.595704,0.279724,-0.869432,-0.238459,-0.064940,-1.826803,1.291143,1.344185,2.600240,-0.029524,-0.132043,-0.030747,-0.033895,-0.009535,-0.441020,0.531216
25.507001,-0.699874,-1.218483,-0.669112,-0.843173,-1.216812,-0.923683,0.541078,-0.349350,-0.860061,-0.556063,-0.188474,-0.719525,-0.594938,0.280173,-0.869460,-0.238589,-0.064963,-1.826848,1.291136,1.343759,2.600768,-0.028658,-0.132177,-0.028985,-0.036965,-0.007918,-0.437068,0.532268
25.508009,-0.699310,-1.219361,-0.670332,-0.840214,-1.216801,-0.925576,0.541109,-0.354008,-0.838572,-0.561745,-0.198434,-0.720821,-0.593980,0.280615,-0.869487,-0.238724,-0.064989,-1.826881,1.291123,1.343325,2.601302,-0.028019,-0.132868,-0.028540,-0.036009,-0.008861,-0.436327,0.529788
25.509007,-0.696794,-1.221329,-0.671318,-0.842556,-1.216454,-0.930957,0.540571,-0.366833,-0.804416,-0.577066,-0.212262,-0.722689,-0.591879,0.281383,-0.869553,-0.238980,-0.065045,-1.826959,1.291099,1.342477,2.602352,-0.030610,-0.130322,-0.028056,-0.036126,-0.009835,-0.427593,0.528911
25.510061,-0.699561,-1.217569,-0.674637,-0.839486,-1.216631,-0.932869,0.539800,-0.370597,-0.798043,-0.581505,-0.213922,-0.723055,-0.591495,0.281718,-0.869581,-0.239115,-0.065068,-1.827005,1.291089,1.342059,2.602882,-0.029821,-0.131649,-0.026794,-0.038891,-0.010005,-0.425143,0.529536
25.510953,-0.702237,-1.219379,-0.675838,-0.840439,-1.215552,-0.935919,0.538472,-0.370597,-0.798043,-0.581505,-0.213922,-0.723055,-0.591495,0.281718,-0.869581,-0.239115,-0.065068,-1.827005,1.291089,1.342059,2.602882,-0.029821,-0.131649,-0.026794,-0.038891,-0.010005,-0.425143,0.529536
25.511947,-0.703629,-1.215098,-0.678846,-0.839711,-1.218628,-0.937962,0.538438,-0.373661,-0.797996,-0.585175,-0.212680,-0.723066,-0.591452,0.282047,-0.869608,-0.239244,-0.065095,-1.827040,1.291075,1.341652,2.603422,-0.028960,-0.130051,-0.026449,-0.037666,-0.011333,-0.421272,0.531054
25.513063,-0.705367,-1.213269,-0.678479,-0.838960,-1.218657,-0.936674,0.536881,-0.377896,-0.802354,-0.590340,-0.209674,-0.722816,-0.591529,0.282376,-0.869637,-0.239380,-0.065119,-1.827079,1.291071,1.341235,2.603945,-0.028824,-0.131568,-0.025288,-0.038163,-0.008606,-0.418568,0.530136
25.513971,-0.707928,-1.209077,-0.678771,-0.837167,-1.217838,-0.937517,0.536445,-0.389404,-0.808861,-0.604341,-0.206089,-0.722358,-0.591745,0.283056,-0.869692,-0.239648,-0.065173,-1.827165,1.291048,1.340400,2.605009,-0.027830,-0.133348,-0.025992,-0.040066,-0.010070,-0.417728,0.532173
25.514947,-0.705671,-1.206127,-0.678945,-0.838260,-1.217949,-0.939337,0.537142,-0.389404,-0.808861,-0.604341,-0.206089,-0.722358,-0.591745,0.283056,-0.869692,-0.239648,-0.065173,-1.827165,1.291048,1.340400,2.605009,-0.027830,-0.133348,-0.025992,-0.040066,-0.010070,-0.417728,0.532173
25.515938,-0.706759,-1.202351,-0.681018,-0.837841,-1.218703,-0.938236,0.536552,-0.394310,-0.806154,-0.610223,-0.207326,-0.722336,-0.591971,0.283433,-0.869724,-0.239785,-0.065199,-1.827201,1.291038,1.339986,2.605539,-0.029481,-0.134133,-0.026224,-0.038763,-0.010272,-0.415205,0.529745
25.516998,-0.710732,-1.202044,-0.681827,-0.837192,-1.218680,-0.938112,0.536082,-0.396820,-0.796459,-0.613163,-0.212538,-0.722684,-0.592454,0.283847,-0.869752,-0.239923,-0.065223,-1.827240,1.291027,1.339578,2.606072,-0.029388,-0.135254,-0.025470,-0.038866,-0.009783,-0.415482,0.529767
25.517949,-0.710831,-1.207569,-0.679073,-0.834905,-1.220991,-0.938336,0.534502,-0.398131,-0.780795,-0.614688,-0.221473,-0.723395,-0.593010,0.284302,-0.869775,-0.240058,-0.065248,-1.827280,1.291018,1.339165,2.606593,-0.027857,-0.134580,-0.025304,-0.039146,-0.010072,-0.414532,0.529399
25.518983,-0.709837,-1.201369,-0.678816,-0.833309,-1.219353,-0.935334,0.534785,-0.399180,-0.768110,-0.616000,-0.229543,-0.724029,-0.593607,0.284760,-0.869803,-0.240181,-0.065277,-1.827323,1.291016,1.338751,2.607133,-0.028159,-0.131037,-0.026824,-0.040944,-0.008025,-0.413087,0.531121
25.519958,-0.713879,-1.203931,-0.682622,-0.833685,-1.219359,-0.936877,0.533193,-0.395208,-0.773218,-0.611429,-0.230953,-0.723910,-0.595602,0.285533,-0.869855,-0.240450,-0.065326,-1.827410,1.290992,1.337932,2.608191,-0.027402,-0.131183,-0.025433,-0.041157,-0.010109,-0.412303,0.530991
25.520953,-0.714568,-1.198084,-0.679690,-0.831598,-1.219235,-0.939396,0.533091,-0.392664,-0.785589,-0.608390,-0.227022,-0.723414,-0.596729,0.285837,-0.869883,-0.240587,-0.065355,-1.827457,1.290981,1.337528,2.608718,-0.027441,-0.133265,-0.027081,-0.042706,-0.010449,-0.408680,0.529787
25.522033,-0.714500,-1.195041,-0.680652,-0.830612,-1.218563,-0.937880,0.533900,-0.392664,-0.785589,-0.608390,-0.227022,-0.723414,-0.596729,0.285837,-0.869883,-0.240587,-0.065355,-1.827457,1.290981,1.337528,2.608718,-0.027441,-0.133265,-0.027081,-0.042706,-0.010449,-0.408680,0.529787
25.522937,-0.716094,-1.197117,-0.682835,-0.830763,-1.220121,-0.934627,0.533112,-0.389617,-0.799041,-0.604605,-0.222627,-0.722889,-0.598034,0.286093,-0.869911,-0.240722,-0.065381,-1.827500,1.290970,1.337120,2.609233,-0.027902,-0.133986,-0.026816,-0.043230,-0.011371,-0.409231,0.526887
25.524007,-0.712953,-1.194287,-0.681626,-0.829888,-1.220963,-0.934773,0.533734,-0.385956,-0.811684,-0.599900,-0.218633,-0.722417,-0.599528,0.286311,-0.869937,-0.240849,-0.065404,-1.827543,1.290964,1.336705,2.609765,-0.027421,-0.132091,-0.025889,-0.042551,-0.010032,-0.411215,0.527031
25.524951,-0.717333,-1.192707,-0.683876,-0.829584,-1.220218,-0.930875,0.532986,-0.382124,-0.825384,-0.594844,-0.214576,-0.721967,-0.601227,0.286505,-0.869972,-0.240981,-0.065431,-1.827588,1.290954,1.336300,2.610282,-0.029349,-0.132767,-0.026724,-0.042946,-0.009450,-0.410041,0.524480
25.525941,-0.716522,-1.192899,-0.682597,-0.828703,-1.223294,-0.927206,0.532600,-0.377720,-0.839589,-0.589009,-0.210909,-0.721582,-0.603177,0.286696,-0.869995,-0.241115,-0.065454,-1.827628,1.290942,1.335883,2.610810,-0.027514,-0.132665,-0.025776,-0.042791,-0.010398,-0.412736,0.524588
25.527010,-0.714964,-1.187923,-0.682041,-0.828660,-1.222499,-0.927631,0.534381,-0.373768,-0.853951,-0.583693,-0.207734,-0.721230,-0.605226,0.286889,-0.870024,-0.241246,-0.065483,-1.827670,1.290939,1.335460,2.611333,-0.028288,-0.131747,-0.026589,-0.043219,-0.007587,-0.415183,0.523990
25.527991,-0.721130,-1.184643,-0.683625,-0.826805,-1.222343,-0.925360,0.534621,-0.369302,-0.867888,-0.577749,-0.205401,-0.720938,-0.607473,0.287062,-0.870056,-0.241382,-0.065510,-1.827712,1.290927,1.335051,2.611848,-0.029444,-0.133449,-0.027075,-0.042836,-0.008651,-0.413697,0.519115
25.528955,-0.716847,-1.179584,-0.682762,-0.826097,-1.223447,-0.921123,0.534403,-0.363767,-0.878055,-0.570508,-0.205384,-0.720830,-0.609908,0.287209,-0.870076,-0.241515,-0.065537,-1.827758,1.290917,1.334634,2.612358,-0.026768,-0.134234,-0.026432,-0.044141,-0.009023,-0.414798,0.517348
25.529932,-0.723099,-1.186532,-0.682557,-0.825557,-1.223687,-0.919242,0.535152,-0.358614,-0.881870,-0.563723,-0.208427,-0.720921,-0.612211,0.287355,-0.870110,-0.241655,-0.065566,-1.827802,1.290910,1.334215,2.612873,-0.029226,-0.135826,-0.027019,-0.044319,-0.008153,-0.417830,0.516444
25.530975,-0.722984,-1.184326,-0.682492,-0.824947,-1.224108,-0.915422,0.534691,-0.353737,-0.883141,-0.557298,-0.212552,-0.721011,-0.614358,0.287503,-0.870131,-0.241781,-0.065591,-1.827847,1.290902,1.333792,2.613378,-0.026487,-0.131534,-0.027298,-0.044329,-0.008163,-0.418455,0.513622
25.531936,-0.724870,-1.184778,-0.686047,-0.824135,-1.225682,-0.914510,0.533974,-0.349529,-0.890004,-0.551768,-0.214030,-0.720769,-0.616410,0.287623,-0.870159,-0.241912,-0.065619,-1.827891,1.290896,1.333359,2.613890,-0.026977,-0.131910,-0.027519,-0.044445,-0.008021,-0.421087,0.513290
25.533047,-0.724849,-1.185317,-0.683138,-0.823967,-1.224807,-0.912056,0.533320,-0.347136,-0.904517,-0.548540,-0.211929,-0.720145,-0.618253,0.287683,-0.870185,-0.242041,-0.065642,-1.827938,1.290890,1.332937,2.614398,-0.026391,-0.130860,-0.025932,-0.044683,-0.006698,-0.420721,0.513405
25.534010,-0.724576,-1.184462,-0.680637,-0.823259,-1.224009,-0.910927,0.532599,-0.346322,-0.925293,-0.547347,-0.206979,-0.719259,-0.619911,0.287676,-0.870213,-0.242171,-0.065674,-1.827982,1.290880,1.332511,2.614912,-0.026851,-0.129883,-0.027589,-0.044393,-0.007864,-0.422123,0.513476
25.534924,-0.725962,-1.182199,-0.683919,-0.823472,-1.224809,-0.907846,0.533235,-0.344243,-0.951703,-0.544755,-0.199510,-0.718201,-0.621713,0.287622,-0.870242,-0.242296,-0.065705,-1.828027,1.290868,1.332084,2.615426,-0.027322,-0.129547,-0.028950,-0.044561,-0.008859,-0.421964,0.513573
25.536059,-0.727259,-1.184078,-0.682704,-0.822346,-1.224408,-0.904007,0.533356,-0.339490,-0.980633,-0.539001,-0.191021,-0.717143,-0.623762,0.287538,-0.870267,-0.242427,-0.065730,-1.828069,1.290860,1.331661,2.615931,-0.026964,-0.129823,-0.027435,-0.043829,-0.008264,-0.423744,0.510927
25.536998,-0.732228,-1.185560,-0.683649,-0.822170,-1.225040,-0.902161,0.532566,-0.334042,-1.009942,-0.532436,-0.182450,-0.716159,-0.625815,0.287427,-0.870293,-0.242551,-0.065758,-1.828114,1.290848,1.331230,2.616436,-0.026805,-0.128241,-0.028303,-0.044526,-0.008925,-0.426522,0.509513
25.537962,-0.731763,-1.183463,-0.680985,-0.821364,-1.224513,-0.901215,0.531531,-0.329765,-1.041858,-0.527329,-0.172502,-0.715100,-0.627729,0.287299,-0.870313,-0.242674,-0.065785,-1.828157,1.290839,1.330803,2.616943,-0.024713,-0.126740,-0.027966,-0.044182,-0.008511,-0.427039,0.509774
25.539083,-0.729991,-1.180404,-0.682095,-0.821532,-1.224537,-0.898949,0.532441,-0.326993,-1.077341,-0.524074,-0.160645,-0.713912,-0.629563,0.287181,-0.870340,-0.242804,-0.065818,-1.828201,1.290829,1.330371,2.617456,-0.025335,-0.126993,-0.029402,-0.044453,-0.009261,-0.426673,0.510506
25.539989,-0.731855,-1.180932,-0.679825,-0.821511,-1.223197,-0.895944,0.533401,-0.323785,-1.111961,-0.520226,-0.149063,-0.712816,-0.631525,0.287102,-0.870367,-0.242932,-0.065846,-1.828244,1.290819,1.329941,2.617959,-0.026686,-0.127848,-0.029058,-0.043872,-0.009498,-0.427873,0.507464
25.540946,-0.731470,-1.180278,-0.677530,-0.820980,-1.223393,-0.893978,0.533884,-0.318477,-1.141626,-0.513696,-0.139822,-0.712021,-0.633727,0.287071,-0.870393,-0.243056,-0.065877,-1.828287,1.290805,1.329515,2.618455,-0.026064,-0.126776,-0.030280,-0.043362,-0.011012,-0.429532,0.504225
25.542117,-0.736770,-1.178904,-0.683976,-0.821127,-1.225034,-0.888527,0.533503,-0.310518,-1.166886,-0.503832,-0.132734,-0.711499,-0.636178,0.287081,-0.870420,-0.243179,-0.065909,-1.828332,1.290793,1.329082,2.618952,-0.026614,-0.126360,-0.031530,-0.043354,-0.010996,-0.430172,0.501983
25.542962,-0.734906,-1.177887,-0.682115,-0.818666,-1.224567,-0.886835,0.533759,-0.302081,-1.188474,-0.493308,-0.127403,-0.711168,-0.638536,0.287104,-0.870440,-0.243306,-0.065932,-1.828375,1.290786,1.328646,2.619447,-0.024515,-0.126424,-0.028579,-0.042819,-0.009658,-0.434609,0.501648
25.543983,-0.740162,-1.176751,-0.684095,-0.819300,-1.224047,-0.889049,0.533490,-0.297028,-1.206456,-0.486836,-0.123438,-0.710942,-0.640216,0.287112,-0.870469,-0.243432,-0.065964,-1.828423,1.290774,1.328210,2.619942,-0.025726,-0.126065,-0.029581,-0.044613,-0.010308,-0.434772,0.499763
25.544947,-0.738998,-1.178234,-0.683921,-0.817743,-1.224455,-0.887490,0.534301,-0.295724,-1.222136,-0.484895,-0.119855,-0.710722,-0.641141,0.287079,-0.870487,-0.243556,-0.065990,-1.828463,1.290762,1.327779,2.620441,-0.023567,-0.125933,-0.028779,-0.043559,-0.011046,-0.431300,0.499068
25.546080,-0.743655,-1.175082,-0.685576,-0.817419,-1.225003,-0.888160,0.535752,-0.297206,-1.237262,-0.486346,-0.115924,-0.710459,-0.641490,0.286988,-0.870514,-0.243677,-0.066018,-1.828510,1.290749,1.327353,2.620929,-0.024540,-0.124457,-0.029020,-0.044532,-0.010812,-0.431625,0.496185
25.547024,-0.743488,-1.179156,-0.684060,-0.816149,-1.225143,-0.888853,0.533683,-0.306528,-1.269577,-0.497012,-0.105273,-0.709633,-0.640650,0.286611,-0.870556,-0.243923,-0.066078,-1.828600,1.290728,1.326507,2.621923,-0.023246,-0.122622,-0.029276,-0.045117,-0.010605,-0.427936,0.495032
25.548073,-0.746344,-1.174670,-0.682812,-0.816930,-1.225879,-0.886702,0.532395,-0.306528,-1.269577,-0.497012,-0.105273,-0.709633,-0.640650,0.286611,-0.870556,-0.243923,-0.066078,-1.828600,1.290728,1.326507,2.621923,-0.023246,-0.122622,-0.029276,-0.045117,-0.010605,-0.427936,0.495032
25.549004,-0.748398,-1.175710,-0.684445,-0.815018,-1.224757,-0.886809,0.531859,-0.311901,-1.288220,-0.503269,-0.097962,-0.709042,-0.639760,0.286390,-0.870576,-0.244053,-0.066109,-1.828642,1.290718,1.326077,2.622416,-0.022297,-0.124155,-0.030056,-0.043893,-0.010112,-0.428941,0.496392
25.549953,-0.749675,-1.171127,-0.684990,-0.812953,-1.224353,-0.891905,0.531312,-0.316618,-1.306340,-0.508731,-0.090501,-0.708462,-0.638656,0.286194,-0.870597,-0.244174,-0.066138,-1.828689,1.290705,1.325647,2.622913,-0.021686,-0.122872,-0.029345,-0.045201,-0.011423,-0.427472,0.496147
25.551112,-0.750428,-1.170444,-0.685205,-0.811757,-1.224443,-0.893252,0.530912,-0.321504,-1.322985,-0.514379,-0.082823,-0.707844,-0.637262,0.286023,-0.870618,-0.244301,-0.066167,-1.828737,1.290694,1.325242,2.623403,-0.021458,-0.124386,-0.029208,-0.046643,-0.012027,-0.421162,0.495983
25.551975,-0.750874,-1.169620,-0.687814,-0.810899,-1.226285,-0.893338,0.530633,-0.326088,-1.337856,-0.519640,-0.074543,-0.707116,-0.635690,0.285882,-0.870642,-0.244426,-0.066198,-1.828785,1.290683,1.324827,2.623899,-0.021615,-0.124106,-0.029313,-0.047325,-0.012201,-0.418918,0.495651
25.552942,-0.752430,-1.165693,-0.689800,-0.812619,-1.225516,-0.897033,0.529899,-0.333956,-1.359642,-0.528611,-0.058263,-0.705603,-0.632158,0.285689,-0.870684,-0.244677,-0.066249,-1.828873,1.290663,1.324012,2.624902,-0.021394,-0.124888,-0.027302,-0.045332,-0.011540,-0.412665,0.495018
25.554053,-0.758868,-1.170422,-0.687090,-0.814010,-1.225434,-0.896731,0.529415,-0.338920,-1.363151,-0.534465,-0.053724,-0.705267,-0.630135,0.285624,-0.870697,-0.244791,-0.066282,-1.828914,1.290653,1.323602,2.625395,-0.018779,-0.121962,-0.028844,-0.043586,-0.011879,-0.412033,0.494826
25.554961,-0.757167,-1.163715,-0.688131,-0.811513,-1.226955,-0.898488,0.529170,-0.338920,-1.363151,-0.534465,-0.053724,-0.705267,-0.630135,0.285624,-0.870697,-0.244791,-0.066282,-1.828914,1.290653,1.323602,2.625395,-0.018779,-0.121962,-0.028844,-0.043586,-0.011879,-0.412033,0.494826
25.555992,-0.756824,-1.163439,-0.687883,-0.810635,-1.226211,-0.903855,0.529130,-0.344301,-1.362736,-0.540858,-0.051755,-0.705260,-0.628064,0.285564,-0.870720,-0.244920,-0.066309,-1.828963,1.290647,1.323202,2.625880,-0.020032,-0.124518,-0.028431,-0.045447,-0.010581,-0.409066,0.494041
25.556974,-0.757907,-1.165391,-0.688493,-0.810502,-1.226309,-0.906011,0.528948,-0.348136,-1.358705,-0.545310,-0.051443,-0.705468,-0.626141,0.285505,-0.870741,-0.245045,-0.066340,-1.829009,1.290631,1.322809,2.626370,-0.020668,-0.123911,-0.028714,-0.045763,-0.011534,-0.402682,0.492919
25.557954,-0.758901,-1.159035,-0.689677,-0.809211,-1.227618,-0.906228,0.527332,-0.348883,-1.353588,-0.545967,-0.051284,-0.705739,-0.624622,0.285449,-0.870762,-0.245164,-0.066367,-1.829053,1.290621,1.322419,2.626869,-0.020554,-0.122255,-0.028571,-0.045371,-0.011645,-0.399528,0.492013
25.559069,-0.761072,-1.160640,-0.690329,-0.808526,-1.227855,-0.909357,0.526195,-0.347136,-1.348994,-0.543594,-0.050652,-0.706005,-0.623454,0.285424,-0.870782,-0.245293,-0.066393,-1.829102,1.290615,1.322033,2.627362,-0.020507,-0.124675,-0.028154,-0.046056,-0.010587,-0.398325,0.494023
25.559971,-0.761281,-1.159230,-0.692762,-0.807163,-1.227002,-0.909395,0.525508,-0.344383,-1.342629,-0.539993,-0.050580,-0.706353,-0.622363,0.285462,-0.870802,-0.245412,-0.066423,-1.829148,1.290605,1.321646,2.627859,-0.019967,-0.123255,-0.028030,-0.046226,-0.010631,-0.394336,0.495122
25.560943,-0.763925,-1.158583,-0.693654,-0.807360,-1.228870,-0.911857,0.524729,-0.341839,-1.336072,-0.536659,-0.050241,-0.706697,-0.621237,0.285549,-0.870822,-0.245536,-0.066448,-1.829198,1.290592,1.321263,2.628358,-0.020265,-0.123182,-0.026956,-0.046911,-0.011665,-0.393232,0.495153
25.561961,-0.765051,-1.152980,-0.692362,-0.807104,-1.229733,-0.914958,0.523683,-0.340596,-1.331268,-0.534929,-0.048898,-0.706957,-0.620023,0.285657,-0.870839,-0.245657,-0.066477,-1.829243,1.290585,1.320878,2.628850,-0.019402,-0.122790,-0.026662,-0.046154,-0.010018,-0.389736,0.495463
25.563007,-0.767625,-1.153022,-0.691899,-0.806864,-1.230825,-0.917364,0.522575,-0.340511,-1.324836,-0.534583,-0.048750,-0.707371,-0.618750,0.285783,-0.870859,-0.245786,-0.066506,-1.829289,1.290576,1.320497,2.629352,-0.019333,-0.124854,-0.027482,-0.045860,-0.009412,-0.385706,0.496301
25.563928,-0.766911,-1.151656,-0.692325,-0.805321,-1.229584,-0.918970,0.523410,-0.340172,-1.312917,-0.533832,-0.052120,-0.708202,-0.617578,0.285930,-0.870876,-0.245909,-0.066534,-1.829335,1.290566,1.320125,2.629859,-0.018564,-0.124123,-0.027895,-0.045595,-0.008566,-0.382471,0.497264
25.564923,-0.770598,-1.149000,-0.693459,-0.803589,-1.230055,-0.919391,0.523263,-0.338631,-1.297189,-0.531497,-0.058118,-0.709362,-0.616626,0.286062,-0.870897,-0.246029,-0.066560,-1.829383,1.290555,1.319750,2.630346,-0.019334,-0.124078,-0.027822,-0.046498,-0.010020,-0.379849,0.494284
25.566112,-0.772012,-1.146195,-0.691011,-0.802016,-1.229027,-0.920824,0.523198,-0.336351,-1.280935,-0.528144,-0.064587,-0.710600,-0.615803,0.286140,-0.870912,-0.246154,-0.066586,-1.829432,1.290546,1.319378,2.630840,-0.017985,-0.124678,-0.027439,-0.047616,-0.009767,-0.378540,0.493353
25.567015,-0.772342,-1.149016,-0.693609,-0.801990,-1.230079,-0.919736,0.522861,-0.333992,-1.264438,-0.524547,-0.070754,-0.711806,-0.614951,0.286167,-0.870930,-0.246283,-0.066618,-1.829483,1.290530,1.319010,2.631323,-0.017910,-0.125448,-0.028898,-0.048611,-0.011044,-0.376481,0.492427
25.567973,-0.771473,-1.147147,-0.695911,-0.800588,-1.229897,-0.919673,0.523758,-0.328837,-1.237524,-0.516358,-0.079019,-0.713791,-0.613439,0.286138,-0.870969,-0.246526,-0.066666,-1.829581,1.290514,1.318259,2.632296,-0.019034,-0.123470,-0.026778,-0.048704,-0.010619,-0.375625,0.488768
25.569059,-0.775480,-1.147115,-0.692784,-0.800926,-1.228947,-0.922255,0.523644,-0.328837,-1.237524,-0.516358,-0.079019,-0.713791,-0.613439,0.286138,-0.870969,-0.246526,-0.066666,-1.829581,1.290514,1.318259,2.632296,-0.019034,-0.123470,-0.026778,-0.048704,-0.010619,-0.375625,0.488768
25.570052,-0.774463,-1.146494,-0.695300,-0.800674,-1.229556,-0.921298,0.524411,-0.326728,-1.230369,-0.512729,-0.080147,-0.714476,-0.612952,0.286102,-0.870984,-0.246649,-0.066698,-1.829627,1.290500,1.317890,2.632781,-0.017595,-0.122838,-0.028533,-0.047849,-0.011793,-0.372255,0.487876
25.570989,-0.772202,-1.147857,-0.695872,-0.800094,-1.229456,-0.919533,0.524816,-0.324231,-1.225824,-0.508621,-0.080456,-0.715091,-0.612820,0.286077,-0.871004,-0.246771,-0.066722,-1.829677,1.290493,1.317519,2.633263,-0.018578,-0.122454,-0.027450,-0.047470,-0.011425,-0.372341,0.485124
25.571987,-0.773736,-1.145115,-0.697514,-0.799813,-1.230314,-0.919583,0.524534,-0.320925,-1.223806,-0.503550,-0.080137,-0.715655,-0.613081,0.286090,-0.871027,-0.246888,-0.066750,-1.829724,1.290478,1.317149,2.633737,-0.020100,-0.121071,-0.027311,-0.047427,-0.011690,-0.373151,0.483117
25.572992,-0.775074,-1.141107,-0.698250,-0.799134,-1.229788,-0.916855,0.525713,-0.316791,-1.224094,-0.497541,-0.079141,-0.716136,-0.613667,0.286150,-0.871046,-0.247011,-0.066775,-1.829770,1.290469,1.316780,2.634218,-0.019787,-0.121757,-0.026678,-0.047159,-0.011065,-0.372199,0.482506
25.574102,-0.775669,-1.143855,-0.700070,-0.798571,-1.230527,-0.914266,0.524519,-0.312879,-1.222698,-0.491884,-0.079141,-0.716653,-0.614319,0.286253,-0.871067,-0.247139,-0.066801,-1.829817,1.290456,1.316406,2.634692,-0.019570,-0.122998,-0.026515,-0.047273,-0.011809,-0.374052,0.478967
25.575032,-0.775832,-1.141828,-0.703401,-0.798246,-1.231544,-0.913157,0.525536,-0.310411,-1.217709,-0.488057,-0.080715,-0.717202,-0.614809,0.286396,-0.871088,-0.247257,-0.066826,-1.829864,1.290446,1.316021,2.635169,-0.019814,-0.121021,-0.025858,-0.047322,-0.011319,-0.375817,0.480314
25.575996,-0.775126,-1.138038,-0.701842,-0.798453,-1.231763,-0.912558,0.525109,-0.310171,-1.211924,-0.487030,-0.082394,-0.717610,-0.615101,0.286589,-0.871108,-0.247378,-0.066845,-1.829911,1.290437,1.315639,2.635642,-0.020146,-0.121320,-0.024415,-0.047021,-0.010522,-0.375859,0.477025
25.577046,-0.772094,-1.139184,-0.698567,-0.797395,-1.231311,-0.910492,0.523972,-0.311677,-1.204143,-0.488189,-0.084943,-0.717980,-0.615246,0.286826,-0.871131,-0.247504,-0.066872,-1.829956,1.290428,1.315266,2.636113,-0.020901,-0.122452,-0.025384,-0.046254,-0.010540,-0.375502,0.476736
25.578037,-0.775108,-1.135345,-0.703233,-0.795496,-1.230746,-0.906407,0.524814,-0.311280,-1.192281,-0.487065,-0.089429,-0.718470,-0.615567,0.287082,-0.871159,-0.247622,-0.066903,-1.830004,1.290419,1.314886,2.636594,-0.022834,-0.121243,-0.027180,-0.046770,-0.011249,-0.376707,0.477873
25.578952,-0.774502,-1.135780,-0.704298,-0.795679,-1.232924,-0.904015,0.524293,-0.307312,-1.178308,-0.481647,-0.094361,-0.718936,-0.616154,0.287324,-0.871179,-0.247746,-0.066923,-1.830055,1.290406,1.314503,2.637063,-0.021760,-0.122463,-0.025062,-0.048001,-0.012015,-0.379839,0.475002
25.580060,-0.775608,-1.132995,-0.704111,-0.793654,-1.232785,-0.902851,0.525211,-0.303059,-1.163359,-0.475965,-0.098736,-0.719257,-0.616527,0.287545,-0.871203,-0.247866,-0.066949,-1.830099,1.290400,1.314120,2.637536,-0.022432,-0.121473,-0.024700,-0.047252,-0.010045,-0.381133,0.474855
25.581020,-0.775130,-1.130646,-0.705740,-0.793181,-1.232887,-0.900976,0.525334,-0.300166,-1.147855,-0.472046,-0.102450,-0.719442,-0.616475,0.287747,-0.871226,-0.247991,-0.066973,-1.830149,1.290388,1.313733,2.638006,-0.022377,-0.122243,-0.025069,-0.048698,-0.010462,-0.381444,0.471929
25.582044,-0.776481,-1.129269,-0.704283,-0.792876,-1.231854,-0.902420,0.525772,-0.297840,-1.131690,-0.468949,-0.105547,-0.719533,-0.616093,0.287914,-0.871250,-0.248117,-0.066996,-1.830198,1.290378,1.313349,2.638473,-0.023000,-0.122637,-0.024450,-0.048507,-0.010567,-0.382308,0.470536
25.583014,-0.777026,-1.126324,-0.707158,-0.792212,-1.232287,-0.898366,0.526112,-0.295411,-1.113937,-0.465887,-0.108649,-0.719642,-0.615508,0.288028,-0.871271,-0.248240,-0.067023,-1.830244,1.290361,1.312969,2.638934,-0.022786,-0.122626,-0.025378,-0.048271,-0.011786,-0.379914,0.468565
25.584015,-0.778835,-1.124748,-0.709486,-0.790274,-1.231545,-0.897805,0.525649,-0.292782,-1.094018,-0.462759,-0.112405,-0.719875,-0.614807,0.288102,-0.871294,-0.248364,-0.067044,-1.830294,1.290354,1.312588,2.639401,-0.022924,-0.123361,-0.024149,-0.048284,-0.011580,-0.383032,0.466732
25.585010,-0.781976,-1.122808,-0.709858,-0.789933,-1.231104,-0.896337,0.525966,-0.291622,-1.072065,-0.461577,-0.116643,-0.720212,-0.613817,0.288175,-0.871315,-0.248487,-0.067066,-1.830346,1.290337,1.312208,2.639866,-0.022465,-0.123430,-0.023235,-0.049532,-0.012498,-0.382617,0.466551
25.586026,-0.780374,-1.125294,-0.710353,-0.790924,-1.229699,-0.892456,0.525042,-0.293643,-1.049384,-0.464385,-0.120472,-0.720547,-0.612398,0.288264,-0.871335,-0.248611,-0.067089,-1.830392,1.290322,1.311817,2.640328,-0.021357,-0.123674,-0.023278,-0.049305,-0.013117,-0.383079,0.464789
25.587064,-0.782402,-1.124881,-0.711339,-0.791098,-1.232014,-0.890711,0.522217,-0.298377,-1.027937,-0.470569,-0.123323,-0.720837,-0.610708,0.288368,-0.871360,-0.248728,-0.067111,-1.830436,1.290303,1.311428,2.640787,-0.022585,-0.121785,-0.023268,-0.047821,-0.014674,-0.386005,0.465574
25.588056,-0.782806,-1.120679,-0.712607,-0.790584,-1.229170,-0.891842,0.522184,-0.304321,-1.009835,-0.478258,-0.125025,-0.721089,-0.609014,0.288493,-0.871381,-0.248850,-0.067134,-1.830481,1.290297,1.311039,2.641262,-0.022040,-0.121340,-0.023023,-0.047135,-0.012600,-0.386781,0.470125
25.589051,-0.786577,-1.122146,-0.714155,-0.790677,-1.228496,-0.893753,0.521261,-0.310830,-0.993995,-0.486663,-0.126502,-0.721385,-0.607411,0.288655,-0.871404,-0.248976,-0.067154,-1.830526,1.290275,1.310653,2.641735,-0.022260,-0.122712,-0.022642,-0.047123,-0.015610,-0.384631,0.468976
25.589939,-0.786176,-1.121125,-0.716282,-0.790867,-1.229915,-0.894359,0.522434,-0.318191,-0.978532,-0.496176,-0.128583,-0.721762,-0.605872,0.288836,-0.871423,-0.249096,-0.067175,-1.830569,1.290256,1.310280,2.642201,-0.020836,-0.121265,-0.022109,-0.046541,-0.016392,-0.381805,0.469709
25.591070,-0.784644,-1.116487,-0.717529,-0.790433,-1.228716,-0.891621,0.521240,-0.326907,-0.964787,-0.507452,-0.130770,-0.722136,-0.604412,0.289002,-0.871445,-0.249214,-0.067195,-1.830614,1.290242,1.309901,2.642659,-0.021414,-0.121050,-0.021252,-0.045764,-0.015110,-0.380121,0.466143
25.591938,-0.788918,-1.116151,-0.719075,-0.789759,-1.227721,-0.890343,0.521107,-0.336290,-0.951416,-0.519604,-0.133814,-0.722580,-0.603033,0.289162,-0.871471,-0.249340,-0.067215,-1.830660,1.290225,1.309517,2.643124,-0.022669,-0.122746,-0.020966,-0.045741,-0.016533,-0.382103,0.467554
25.592990,-0.786130,-1.116228,-0.718405,-0.787331,-1.227711,-0.889301,0.521275,-0.345818,-0.935556,-0.531932,-0.138649,-0.723172,-0.601606,0.289358,-0.871488,-0.249464,-0.067234,-1.830704,1.290207,1.309133,2.643590,-0.020914,-0.122072,-0.020396,-0.045832,-0.017631,-0.382221,0.466572
25.594042,-0.789252,-1.114930,-0.717672,-0.789203,-1.228266,-0.888456,0.521024,-0.355273,-0.920048,-0.544165,-0.143172,-0.723686,-0.600144,0.289592,-0.871513,-0.249582,-0.067255,-1.830756,1.290187,1.308743,2.644057,-0.022779,-0.121417,-0.021016,-0.047601,-0.017783,-0.382326,0.465137
25.594909,-0.788353,-1.115136,-0.723369,-0.789526,-1.228400,-0.889357,0.521385,-0.362884,-0.907821,-0.554129,-0.145789,-0.723990,-0.598932,0.289836,-0.871533,-0.249705,-0.067277,-1.830797,1.290172,1.308361,2.644518,-0.021688,-0.121407,-0.021640,-0.045282,-0.017419,-0.382284,0.464579
25.595971,-0.788747,-1.115008,-0.722679,-0.789615,-1.227599,-0.889275,0.521347,-0.368829,-0.897393,-0.562000,-0.147977,-0.724294,-0.598014,0.290073,-0.871557,-0.249824,-0.067293,-1.830839,1.290154,1.307985,2.644978,-0.022473,-0.120535,-0.019012,-0.044444,-0.017393,-0.380264,0.462641
25.596927,-0.791234,-1.113719,-0.723699,-0.789300,-1.227308,-0.889896,0.519884,-0.374624,-0.888399,-0.569632,-0.150465,-0.724695,-0.597259,0.290296,-0.871581,-0.249943,-0.067313,-1.830883,1.290134,1.307613,2.645443,-0.022730,-0.119988,-0.019671,-0.043891,-0.018358,-0.379546,0.461649
25.598045,-0.789564,-1.110437,-0.725200,-0.789107,-1.227223,-0.892189,0.519624,-0.380029,-0.881575,-0.576746,-0.152732,-0.725130,-0.596641,0.290508,-0.871602,-0.250063,-0.067332,-1.830926,1.290115,1.307238,2.645905,-0.021898,-0.119927,-0.019410,-0.043724,-0.018769,-0.377943,0.463461
25.598992,-0.791340,-1.110278,-0.727182,-0.790144,-1.227008,-0.891862,0.518822,-0.384430,-0.875225,-0.582557,-0.155268,-0.725634,-0.596124,0.290710,-0.871627,-0.250185,-0.067349,-1.830968,1.290094,1.306866,2.646364,-0.023240,-0.120965,-0.019013,-0.043506,-0.019004,-0.374897,0.462946
25.600023,-0.791215,-1.110605,-0.728252,-0.787378,-1.225525,-0.893592,0.519470,-0.387685,-0.866887,-0.586858,-0.159186,-0.726323,-0.595663,0.290895,-0.871650,-0.250306,-0.067366,-1.831008,1.290075,1.306497,2.646822,-0.022728,-0.120312,-0.018288,-0.042027,-0.019346,-0.374298,0.463423
25.600996,-0.795249,-1.106766,-0.729332,-0.787041,-1.225363,-0.897675,0.518985,-0.390198,-0.858473,-0.590191,-0.163285,-0.727068,-0.595227,0.291068,-0.871674,-0.250425,-0.067383,-1.831056,1.290054,1.306130,2.647281,-0.023236,-0.119503,-0.018071,-0.044252,-0.020971,-0.371724,0.461023
25.602076,-0.794703,-1.106771,-0.730774,-0.787066,-1.224990,-0.900893,0.519198,-0.392504,-0.852968,-0.593297,-0.165388,-0.727623,-0.594796,0.291238,-0.871691,-0.250545,-0.067399,-1.831100,1.290032,1.305771,2.647744,-0.021683,-0.120746,-0.017822,-0.044047,-0.021223,-0.366760,0.460880
25.602964,-0.796692,-1.106176,-0.731175,-0.787270,-1.224323,-0.903976,0.518636,-0.394827,-0.849064,-0.596487,-0.166024,-0.728050,-0.594376,0.291410,-0.871714,-0.250665,-0.067418,-1.831143,1.290010,1.305417,2.648192,-0.022460,-0.120115,-0.017422,-0.043594,-0.021738,-0.362874,0.459445
25.603985,-0.798992,-1.107853,-0.730853,-0.787551,-1.224772,-0.905413,0.518094,-0.396715,-0.845920,-0.599224,-0.166129,-0.728478,-0.594076,0.291584,-0.871736,-0.250783,-0.067432,-1.831183,1.289984,1.305065,2.648653,-0.021814,-0.119674,-0.017497,-0.042900,-0.022431,-0.358860,0.459393
25.604981,-0.799826,-1.106836,-0.730105,-0.787828,-1.224208,-0.907790,0.517519,-0.397681,-0.845132,-0.600921,-0.165402,-0.728884,-0.594006,0.291787,-0.871754,-0.250897,-0.067450,-1.831225,1.289962,1.304716,2.649112,-0.021158,-0.118241,-0.017961,-0.042178,-0.022094,-0.356714,0.459394
25.606007,-0.800925,-1.108020,-0.731782,-0.787790,-1.224085,-0.909397,0.517228,-0.397241,-0.847710,-0.600944,-0.163670,-0.729260,-0.594244,0.292032,-0.871774,-0.251016,-0.067468,-1.831264,1.289940,1.304365,2.649574,-0.021213,-0.118103,-0.018613,-0.041520,-0.022778,-0.353554,0.459429
25.607048,-0.801807,-1.106335,-0.734401,-0.787400,-1.222860,-0.911810,0.518197,-0.394989,-0.853614,-0.598727,-0.161070,-0.729623,-0.594837,0.292289,-0.871796,-0.251129,-0.067485,-1.831306,1.289912,1.304014,2.650037,-0.021126,-0.116930,-0.018083,-0.041123,-0.022949,-0.351220,0.458909
25.607932,-0.802593,-1.102799,-0.733323,-0.785732,-1.223597,-0.915184,0.517142,-0.388645,-0.872565,-0.591819,-0.153940,-0.730257,-0.596628,0.292658,-0.871837,-0.251368,-0.067520,-1.831390,1.289863,1.303339,2.650945,-0.021148,-0.118169,-0.017871,-0.042234,-0.023576,-0.343934,0.456881
25.608940,-0.802155,-1.101184,-0.736483,-0.787843,-1.223628,-0.918140,0.518017,-0.388645,-0.872565,-0.591819,-0.153940,-0.730257,-0.596628,0.292658,-0.871837,-0.251368,-0.067520,-1.831390,1.289863,1.303339,2.650945,-0.021148,-0.118169,-0.017871,-0.042234,-0.023576,-0.343934,0.456881
25.609943,-0.806935,-1.105224,-0.737103,-0.787535,-1.224007,-0.919298,0.517886,-0.384750,-0.879851,-0.587318,-0.151784,-0.730720,-0.597682,0.292737,-0.871859,-0.251487,-0.067534,-1.831425,1.289839,1.303010,2.651397,-0.021819,-0.118310,-0.016607,-0.039814,-0.023646,-0.340357,0.454032
25.611059,-0.810026,-1.103221,-0.735963,-0.784632,-1.224123,-0.919756,0.520055,-0.381050,-0.884432,-0.582968,-0.151803,-0.731422,-0.598794,0.292728,-0.871873,-0.251598,-0.067552,-1.831465,1.289816,1.302677,2.651846,-0.019941,-0.115694,-0.016594,-0.039730,-0.023362,-0.338556,0.453258
25.611935,-0.807644,-1.103352,-0.736826,-0.785039,-1.225020,-0.920821,0.520555,-0.378967,-0.891474,-0.580492,-0.151249,-0.732073,-0.599858,0.292603,-0.871890,-0.251713,-0.067572,-1.831513,1.289789,1.302343,2.652284,-0.018984,-0.116202,-0.017493,-0.042121,-0.023350,-0.337596,0.447944
25.613053,-0.807050,-1.101851,-0.736996,-0.784936,-1.224157,-0.920861,0.519725,-0.377669,-0.903148,-0.578763,-0.148259,-0.732466,-0.600896,0.292371,-0.871914,-0.251826,-0.067586,-1.831552,1.289768,1.302014,2.652722,-0.020527,-0.115447,-0.017315,-0.041232,-0.022525,-0.335720,0.445867
25.614032,-0.815210,-1.100422,-0.741888,-0.784625,-1.223390,-0.923382,0.520800,-0.374968,-0.917087,-0.575048,-0.144087,-0.732743,-0.602085,0.292082,-0.871935,-0.251943,-0.067606,-1.831593,1.289740,1.301679,2.653167,-0.021349,-0.115655,-0.017562,-0.040995,-0.023495,-0.335171,0.446600
25.615052,-0.808064,-1.099561,-0.740420,-0.783520,-1.223679,-0.923607,0.522585,-0.372252,-0.930529,-0.571077,-0.140394,-0.733066,-0.603240,0.291759,-0.871945,-0.252057,-0.067618,-1.831633,1.289714,1.301354,2.653605,-0.017801,-0.115748,-0.015440,-0.040875,-0.024318,-0.331983,0.443381
25.615969,-0.817567,-1.099095,-0.740517,-0.782632,-1.224493,-0.926973,0.521432,-0.371536,-0.942380,-0.569356,-0.137667,-0.733454,-0.604132,0.291394,-0.871976,-0.252173,-0.067637,-1.831675,1.289690,1.301021,2.654032,-0.021797,-0.115573,-0.016478,-0.041548,-0.024111,-0.331150,0.438841
25.617121,-0.819657,-1.093910,-0.737850,-0.781089,-1.225385,-0.927097,0.522413,-0.371300,-0.953748,-0.568086,-0.135316,-0.733842,-0.604966,0.291022,-0.871985,-0.252285,-0.067654,-1.831718,1.289666,1.300703,2.654474,-0.017394,-0.115050,-0.016608,-0.041839,-0.023313,-0.326821,0.439919
25.617981,-0.818688,-1.094033,-0.739201,-0.782176,-1.224777,-0.929861,0.522075,-0.371457,-0.964175,-0.567188,-0.133445,-0.734252,-0.605719,0.290696,-0.872000,-0.252406,-0.067677,-1.831761,1.289645,1.300384,2.654907,-0.016787,-0.116849,-0.018097,-0.042840,-0.022471,-0.325782,0.436570
25.619001,-0.819775,-1.094142,-0.740702,-0.781295,-1.223396,-0.928951,0.523692,-0.371905,-0.971148,-0.566486,-0.133367,-0.734839,-0.606334,0.290430,-0.872020,-0.252520,-0.067694,-1.831799,1.289619,1.300069,2.655335,-0.017481,-0.115867,-0.017509,-0.041148,-0.023031,-0.321817,0.435847
25.620008,-0.821734,-1.094702,-0.742383,-0.779244,-1.222637,-0.928019,0.522876,-0.371791,-0.975593,-0.564950,-0.135025,-0.735608,-0.606979,0.290202,-0.872036,-0.252631,-0.067709,-1.831842,1.289592,1.299746,2.655759,-0.017242,-0.115034,-0.016935,-0.041446,-0.024391,-0.321682,0.431223
25.621069,-0.821695,-1.091096,-0.740266,-0.780276,-1.223242,-0.924633,0.522720,-0.372307,-0.982182,-0.564152,-0.135854,-0.736262,-0.607634,0.289976,-0.872051,-0.252745,-0.067726,-1.831891,1.289567,1.299428,2.656187,-0.016595,-0.113936,-0.016252,-0.042757,-0.025125,-0.321547,0.431530
25.622046,-0.823381,-1.088316,-0.737111,-0.780076,-1.221285,-0.924596,0.524792,-0.373851,-0.991923,-0.564633,-0.134885,-0.736701,-0.608255,0.289751,-0.872069,-0.252861,-0.067749,-1.831929,1.289542,1.299101,2.656616,-0.016942,-0.114944,-0.017435,-0.041210,-0.024498,-0.323886,0.430470
25.622961,-0.824287,-1.086489,-0.737997,-0.779438,-1.220587,-0.924164,0.525622,-0.374396,-0.999838,-0.563858,-0.134775,-0.737263,-0.608971,0.289534,-0.872084,-0.252978,-0.067773,-1.831969,1.289511,1.298782,2.657027,-0.016394,-0.115460,-0.019083,-0.040877,-0.026399,-0.322793,0.424967
25.623965,-0.824071,-1.088082,-0.736431,-0.777543,-1.217514,-0.924619,0.526789,-0.372501,-1.002867,-0.560035,-0.137158,-0.738149,-0.609900,0.289298,-0.872100,-0.253095,-0.067792,-1.832009,1.289481,1.298460,2.657444,-0.016221,-0.115473,-0.018714,-0.040915,-0.027000,-0.322057,0.421974
25.625024,-0.827516,-1.087519,-0.738679,-0.779868,-1.217495,-0.922287,0.525996,-0.368311,-1.004639,-0.553410,-0.139912,-0.739118,-0.611098,0.289021,-0.872117,-0.253205,-0.067814,-1.832055,1.289447,1.298144,2.657854,-0.016630,-0.113894,-0.019604,-0.042149,-0.029985,-0.320541,0.418330
25.626012,-0.830744,-1.085913,-0.735933,-0.777542,-1.216961,-0.922009,0.525421,-0.362855,-1.009403,-0.545343,-0.141003,-0.739934,-0.612533,0.288722,-0.872129,-0.253318,-0.067831,-1.832087,1.289418,1.297826,2.658268,-0.015278,-0.113409,-0.018643,-0.039448,-0.029928,-0.321878,0.418657
25.626992,-0.826559,-1.083570,-0.737939,-0.778049,-1.217820,-0.920210,0.527387,-0.358045,-1.016896,-0.538212,-0.140981,-0.740639,-0.613997,0.288438,-0.872141,-0.253429,-0.067854,-1.832131,1.289387,1.297507,2.658689,-0.014018,-0.113422,-0.020112,-0.041163,-0.030391,-0.321048,0.418451
25.628000,-0.829728,-1.083619,-0.737316,-0.776945,-1.216957,-0.916900,0.527453,-0.353811,-1.025195,-0.531904,-0.140760,-0.741300,-0.615466,0.288162,-0.872161,-0.253545,-0.067873,-1.832170,1.289360,1.297189,2.659091,-0.016403,-0.113748,-0.019219,-0.040095,-0.029465,-0.321775,0.413191
25.628993,-0.827199,-1.083064,-0.737918,-0.777420,-1.218196,-0.912601,0.527491,-0.349196,-1.033355,-0.525224,-0.140690,-0.741924,-0.617062,0.287865,-0.872172,-0.253657,-0.067894,-1.832212,1.289328,1.296860,2.659499,-0.015149,-0.112913,-0.019646,-0.040634,-0.030261,-0.323965,0.411802
25.630010,-0.830469,-1.081592,-0.734468,-0.775265,-1.216471,-0.909948,0.525891,-0.344422,-1.041911,-0.518442,-0.140561,-0.742450,-0.618800,0.287560,-0.872192,-0.253767,-0.067914,-1.832249,1.289302,1.296522,2.659909,-0.016707,-0.112419,-0.019454,-0.039652,-0.028975,-0.327077,0.410421
25.631045,-0.830980,-1.080328,-0.732730,-0.773361,-1.216075,-0.910524,0.524962,-0.339052,-1.051667,-0.511018,-0.139806,-0.742795,-0.620726,0.287281,-0.872204,-0.253880,-0.067941,-1.832294,1.289265,1.296191,2.660319,-0.015410,-0.112356,-0.021245,-0.041178,-0.030594,-0.328582,0.412360
25.631989,-0.827698,-1.081601,-0.735682,-0.775155,-1.214874,-0.907558,0.524231,-0.332060,-1.063632,-0.501694,-0.137331,-0.742838,-0.622929,0.287027,-0.872219,-0.253993,-0.067963,-1.832338,1.289236,1.295864,2.660730,-0.015505,-0.112206,-0.022204,-0.042447,-0.030922,-0.326874,0.412907
25.632991,-0.829896,-1.080379,-0.735291,-0.775080,-1.214597,-0.904113,0.522896,-0.323085,-1.078653,-0.490064,-0.132734,-0.742555,-0.625483,0.286775,-0.872240,-0.254099,-0.067981,-1.832374,1.289203,1.295534,2.661149,-0.017388,-0.110802,-0.020827,-0.040142,-0.032022,-0.328687,0.413006
25.634074,-0.834784,-1.078446,-0.733298,-0.772978,-1.214438,-0.900169,0.521531,-0.313157,-1.095544,-0.477460,-0.127515,-0.742152,-0.628272,0.286528,-0.872256,-0.254207,-0.068004,-1.832414,1.289172,1.295191,2.661564,-0.016575,-0.110672,-0.021132,-0.039698,-0.032205,-0.330916,0.414367
25.634964,-0.834309,-1.078711,-0.732787,-0.773430,-1.212970,-0.896805,0.521264,-0.296857,-1.129458,-0.457284,-0.117750,-0.741325,-0.633354,0.286110,-0.872285,-0.254427,-0.068047,-1.832497,1.289103,1.294517,2.662399,-0.015032,-0.109946,-0.022572,-0.040163,-0.033619,-0.335831,0.414934
25.635954,-0.832709,-1.076135,-0.732394,-0.772353,-1.212771,-0.892126,0.521326,-0.296857,-1.129458,-0.457284,-0.117750,-0.741325,-0.633354,0.286110,-0.872285,-0.254427,-0.068047,-1.832497,1.289103,1.294517,2.662399,-0.015032,-0.109946,-0.022572,-0.040163,-0.033619,-0.335831,0.414934
25.637073,-0.833238,-1.074298,-0.733319,-0.771483,-1.211958,-0.889582,0.520806,-0.290424,-1.145968,-0.449530,-0.112933,-0.740922,-0.635527,0.285902,-0.872302,-0.254540,-0.068071,-1.832537,1.289068,1.294168,2.662806,-0.016124,-0.110434,-0.022830,-0.040691,-0.033681,-0.339258,0.413510
25.637941,-0.838164,-1.078833,-0.735027,-0.771550,-1.211992,-0.887063,0.519100,-0.283913,-1.160641,-0.441771,-0.108788,-0.740614,-0.637572,0.285677,-0.872318,-0.254649,-0.068094,-1.832580,1.289034,1.293819,2.663220,-0.016220,-0.110655,-0.022494,-0.040994,-0.034416,-0.340619,0.413282
25.638953,-0.836824,-1.076720,-0.735188,-0.770671,-1.209794,-0.885784,0.518700,-0.277411,-1.193966,-0.434542,-0.098132,-0.739847,-0.640992,0.285274,-0.872347,-0.254858,-0.068137,-1.832661,1.288956,1.293136,2.664051,-0.015032,-0.107960,-0.021721,-0.040642,-0.036246,-0.341882,0.414799
25.640120,-0.837198,-1.076463,-0.736010,-0.771469,-1.208799,-0.883856,0.519802,-0.277411,-1.193966,-0.434542,-0.098132,-0.739847,-0.640992,0.285274,-0.872347,-0.254858,-0.068137,-1.832661,1.288956,1.293136,2.664051,-0.015032,-0.107960,-0.021721,-0.040642,-0.036246,-0.341882,0.414799
25.641006,-0.837105,-1.075560,-0.735009,-0.771414,-1.207167,-0.878411,0.520555,-0.278354,-1.215685,-0.436226,-0.090611,-0.739303,-0.642402,0.285078,-0.872363,-0.254963,-0.068159,-1.832698,1.288916,1.292793,2.664452,-0.015235,-0.107462,-0.021456,-0.039409,-0.037099,-0.342733,0.411357
25.642039,-0.838517,-1.070607,-0.734961,-0.769242,-1.205700,-0.877728,0.520812,-0.280012,-1.236957,-0.438883,-0.083765,-0.738874,-0.643724,0.284829,-0.872379,-0.255070,-0.068181,-1.832735,1.288876,1.292435,2.664855,-0.015537,-0.107119,-0.022014,-0.038945,-0.038540,-0.346806,0.408539
25.643070,-0.840421,-1.073149,-0.734670,-0.768665,-1.205355,-0.873230,0.519544,-0.281527,-1.255119,-0.441436,-0.078584,-0.738613,-0.644929,0.284534,-0.872393,-0.255181,-0.068204,-1.832781,1.288832,1.292086,2.665261,-0.015178,-0.108852,-0.022136,-0.040464,-0.039806,-0.346211,0.406763
25.644020,-0.842165,-1.073726,-0.734302,-0.768123,-1.203741,-0.870142,0.520213,-0.282908,-1.269811,-0.443871,-0.074536,-0.738387,-0.645964,0.284235,-0.872408,-0.255283,-0.068226,-1.832822,1.288788,1.291733,2.665670,-0.014559,-0.106875,-0.022383,-0.040466,-0.039944,-0.349491,0.408040
25.644941,-0.842801,-1.069766,-0.733367,-0.769180,-1.202588,-0.869334,0.519899,-0.284730,-1.284881,-0.446896,-0.069557,-0.737953,-0.646864,0.283947,-0.872420,-0.255385,-0.068249,-1.832862,1.288745,1.291377,2.666071,-0.014022,-0.105895,-0.022639,-0.040432,-0.041358,-0.351223,0.405376
25.646062,-0.841592,-1.077092,-0.733710,-0.768272,-1.202889,-0.869611,0.520014,-0.286854,-1.300462,-0.450318,-0.063923,-0.737358,-0.647706,0.283675,-0.872435,-0.255495,-0.068273,-1.832897,1.288701,1.291026,2.666479,-0.013996,-0.107081,-0.023149,-0.038910,-0.042280,-0.350673,0.404706
25.647042,-0.845322,-1.076672,-0.734718,-0.769297,-1.201913,-0.867861,0.518533,-0.288049,-1.316185,-0.452623,-0.058288,-0.736714,-0.648690,0.283437,-0.872451,-0.255590,-0.068295,-1.832938,1.288660,1.290680,2.666877,-0.014975,-0.102847,-0.023106,-0.039311,-0.041808,-0.349251,0.403252
25.648012,-0.846469,-1.075709,-0.735224,-0.770024,-1.202698,-0.864715,0.517784,-0.288143,-1.336964,-0.453680,-0.050559,-0.735849,-0.649950,0.283249,-0.872462,-0.255690,-0.068317,-1.832974,1.288617,1.290326,2.667286,-0.013448,-0.102421,-0.022680,-0.037815,-0.042598,-0.349712,0.404942
25.649063,-0.848929,-1.074409,-0.734668,-0.768549,-1.201740,-0.863230,0.516668,-0.288862,-1.361705,-0.455627,-0.041484,-0.734876,-0.651202,0.283130,-0.872475,-0.255792,-0.068340,-1.833009,1.288576,1.289977,2.667686,-0.013216,-0.102215,-0.022509,-0.036654,-0.041613,-0.351594,0.405150
25.650049,-0.846629,-1.070601,-0.734995,-0.767492,-1.199474,-0.859886,0.514743,-0.291168,-1.385173,-0.459569,-0.033394,-0.734063,-0.652129,0.283083,-0.872487,-0.255896,-0.068364,-1.833048,1.288533,1.289623,2.668097,-0.012367,-0.102195,-0.022879,-0.037635,-0.042398,-0.351811,0.406099
25.651023,-0.849241,-1.070257,-0.734560,-0.765762,-1.199622,-0.860136,0.514979,-0.294179,-1.404769,-0.464331,-0.026612,-0.733437,-0.652655,0.283094,-0.872504,-0.256003,-0.068388,-1.833086,1.288485,1.289269,2.668513,-0.013834,-0.103372,-0.022770,-0.038185,-0.044424,-0.353874,0.408632
25.652011,-0.848804,-1.066785,-0.736047,-0.765727,-1.199758,-0.862237,0.513520,-0.296705,-1.419328,-0.468377,-0.020820,-0.732958,-0.652800,0.283150,-0.872516,-0.256104,-0.068412,-1.833128,1.288439,1.288917,2.668914,-0.012851,-0.102846,-0.023064,-0.039329,-0.044018,-0.352292,0.406841
25.652957,-0.852717,-1.067844,-0.739882,-0.766923,-1.198052,-0.862027,0.513622,-0.298502,-1.428715,-0.471381,-0.015939,-0.732638,-0.652632,0.283244,-0.872531,-0.256211,-0.068432,-1.833166,1.288393,1.288571,2.669328,-0.013404,-0.103858,-0.022419,-0.038830,-0.043650,-0.348923,0.408469
25.653985,-0.850857,-1.068631,-0.736840,-0.766172,-1.197858,-0.864553,0.514641,-0.301136,-1.432307,-0.475282,-0.012919,-0.732609,-0.652090,0.283360,-0.872540,-0.256310,-0.068450,-1.833199,1.288345,1.288228,2.669731,-0.011786,-0.102628,-0.020611,-0.037224,-0.045107,-0.347890,0.406943
25.655005,-0.853100,-1.065101,-0.738080,-0.765668,-1.195459,-0.864252,0.512963,-0.305312,-1.432110,-0.480985,-0.011526,-0.732873,-0.651210,0.283439,-0.872556,-0.256412,-0.068478,-1.833237,1.288297,1.287888,2.670128,-0.013075,-0.101581,-0.022195,-0.037509,-0.045044,-0.344159,0.403643
25.656083,-0.855874,-1.064037,-0.738483,-0.766113,-1.193967,-0.863613,0.512153,-0.309020,-1.430410,-0.486007,-0.010731,-0.733329,-0.650246,0.283450,-0.872567,-0.256518,-0.068498,-1.833275,1.288247,1.287543,2.670539,-0.012314,-0.102658,-0.021682,-0.037513,-0.047205,-0.343270,0.405754
25.656942,-0.858106,-1.061810,-0.735607,-0.765192,-1.194510,-0.860749,0.512701,-0.312106,-1.425433,-0.490110,-0.011206,-0.734015,-0.649133,0.283413,-0.872578,-0.256619,-0.068519,-1.833311,1.288196,1.287201,2.670944,-0.011333,-0.102548,-0.021618,-0.036626,-0.048425,-0.342763,0.406097
25.657944,-0.858368,-1.063204,-0.734809,-0.762972,-1.193381,-0.861463,0.515102,-0.315552,-1.415545,-0.494454,-0.013727,-0.734959,-0.647693,0.283328,-0.872587,-0.256721,-0.068546,-1.833348,1.288152,1.286854,2.671344,-0.010543,-0.102918,-0.023062,-0.037028,-0.047623,-0.344282,0.403664
25.659030,-0.858473,-1.056870,-0.738134,-0.763199,-1.193396,-0.863872,0.514262,-0.318283,-1.403404,-0.497676,-0.016704,-0.735953,-0.646039,0.283170,-0.872599,-0.256821,-0.068569,-1.833390,1.288100,1.286520,2.671730,-0.010782,-0.101548,-0.023533,-0.038672,-0.048482,-0.342368,0.397618
25.660016,-0.860791,-1.057868,-0.737565,-0.760356,-1.192634,-0.868001,0.513788,-0.319739,-1.390711,-0.499108,-0.019052,-0.736847,-0.644265,0.282961,-0.872611,-0.256934,-0.068588,-1.833427,1.288050,1.286185,2.672131,-0.011131,-0.103996,-0.022011,-0.037994,-0.048204,-0.338845,0.398129
25.660998,-0.864075,-1.052233,-0.734724,-0.760621,-1.193186,-0.868092,0.514349,-0.320775,-1.376208,-0.499877,-0.021412,-0.737680,-0.642330,0.282769,-0.872621,-0.257034,-0.068612,-1.833468,1.287999,1.285862,2.672530,-0.010338,-0.102796,-0.022377,-0.040269,-0.048687,-0.333585,0.397805
25.662068,-0.864770,-1.055077,-0.736348,-0.761806,-1.192094,-0.868950,0.512920,-0.321485,-1.359753,-0.500155,-0.023875,-0.738456,-0.640278,0.282623,-0.872629,-0.257143,-0.068638,-1.833507,1.287952,1.285536,2.672914,-0.009090,-0.104884,-0.023844,-0.039458,-0.047886,-0.332397,0.395453
25.662976,-0.867424,-1.055068,-0.738182,-0.759740,-1.191412,-0.869630,0.514275,-0.321534,-1.340621,-0.499508,-0.027436,-0.739336,-0.638191,0.282514,-0.872638,-0.257243,-0.068659,-1.833542,1.287900,1.285212,2.673315,-0.009178,-0.102808,-0.023143,-0.037870,-0.048718,-0.330483,0.397109
25.663929,-0.869610,-1.053243,-0.738676,-0.759704,-1.189569,-0.870542,0.512854,-0.322059,-1.321717,-0.499355,-0.031321,-0.740282,-0.636094,0.282440,-0.872644,-0.257344,-0.068682,-1.833584,1.287851,1.284891,2.673704,-0.008231,-0.102102,-0.022282,-0.039327,-0.049114,-0.328638,0.393093
25.664956,-0.866005,-1.049989,-0.735108,-0.758114,-1.187514,-0.869706,0.513585,-0.324693,-1.306968,-0.501734,-0.033432,-0.741061,-0.633936,0.282405,-0.872651,-0.257446,-0.068702,-1.833621,1.287800,1.284569,2.674097,-0.007535,-0.102327,-0.022134,-0.038842,-0.050682,-0.326587,0.394739
25.665947,-0.866466,-1.049772,-0.738779,-0.757840,-1.188125,-0.872725,0.515397,-0.327819,-1.294638,-0.504608,-0.034316,-0.741699,-0.631829,0.282406,-0.872668,-0.257551,-0.068730,-1.833664,1.287747,1.284240,2.674484,-0.009684,-0.103267,-0.023977,-0.039848,-0.052449,-0.326327,0.392033
25.667012,-0.866383,-1.042868,-0.737542,-0.756910,-1.186759,-0.877380,0.513870,-0.328384,-1.282691,-0.504213,-0.034912,-0.742273,-0.630016,0.282423,-0.872677,-0.257654,-0.068748,-1.833701,1.287697,1.283929,2.674859,-0.009819,-0.102659,-0.022240,-0.039622,-0.051541,-0.322236,0.387222
25.667989,-0.869983,-1.044117,-0.738548,-0.756927,-1.186451,-0.880496,0.512689,-0.326123,-1.268962,-0.500315,-0.036483,-0.742915,-0.628496,0.282467,-0.872687,-0.257768,-0.068773,-1.833741,1.287642,1.283622,2.675251,-0.010277,-0.105366,-0.022972,-0.040028,-0.052616,-0.316610,0.389134
25.668934,-0.874410,-1.042551,-0.739514,-0.756986,-1.185848,-0.881094,0.513275,-0.321948,-1.251063,-0.494170,-0.040492,-0.743784,-0.627172,0.282572,-0.872692,-0.257868,-0.068793,-1.833780,1.287588,1.283317,2.675647,-0.008887,-0.104038,-0.022565,-0.039472,-0.052604,-0.312496,0.390233
25.670044,-0.872758,-1.042736,-0.739923,-0.756175,-1.185725,-0.880191,0.514199,-0.318029,-1.230732,-0.488532,-0.046422,-0.744817,-0.625897,0.282733,-0.872696,-0.257972,-0.068815,-1.833817,1.287536,1.283013,2.676030,-0.007104,-0.104100,-0.022160,-0.038915,-0.052901,-0.310894,0.387812
25.671023,-0.874762,-1.043808,-0.736512,-0.755722,-1.185713,-0.880634,0.514155,-0.316141,-1.210928,-0.485567,-0.052936,-0.745855,-0.624566,0.282916,-0.872708,-0.258074,-0.068835,-1.833856,1.287484,1.282705,2.676409,-0.008369,-0.103379,-0.022109,-0.039266,-0.052757,-0.310893,0.384816
25.672052,-0.874984,-1.042095,-0.743363,-0.754882,-1.185492,-0.880361,0.514311,-0.314606,-1.194460,-0.483163,-0.058497,-0.746734,-0.623422,0.283092,-0.872713,-0.258175,-0.068861,-1.833897,1.287432,1.282400,2.676787,-0.007780,-0.102167,-0.023880,-0.039136,-0.052474,-0.309426,0.383741
25.672937,-0.877603,-1.040115,-0.740293,-0.754454,-1.184037,-0.880529,0.515056,-0.312850,-1.183210,-0.480598,-0.062038,-0.747348,-0.622561,0.283256,-0.872723,-0.258277,-0.068876,-1.833936,1.287378,1.282094,2.677167,-0.008078,-0.102379,-0.020591,-0.039451,-0.052398,-0.308731,0.382251
25.673939,-0.875294,-1.038538,-0.738475,-0.753168,-1.182664,-0.881500,0.514569,-0.312699,-1.175452,-0.480106,-0.064200,-0.747760,-0.621690,0.283415,-0.872728,-0.258378,-0.068902,-1.833975,1.287324,1.281786,2.677541,-0.007137,-0.102635,-0.022174,-0.039305,-0.053531,-0.307451,0.379548
25.674966,-0.880130,-1.039211,-0.741642,-0.753575,-1.181574,-0.884308,0.513944,-0.312702,-1.168916,-0.479882,-0.065863,-0.748078,-0.620837,0.283569,-0.872740,-0.258482,-0.068928,-1.834018,1.287266,1.281486,2.677918,-0.008681,-0.102723,-0.023121,-0.039994,-0.054557,-0.305510,0.379380
25.675940,-0.883431,-1.037902,-0.743608,-0.754446,-1.182940,-0.887248,0.514634,-0.311232,-1.163627,-0.477926,-0.067016,-0.748330,-0.620167,0.283726,-0.872745,-0.258583,-0.068949,-1.834057,1.287211,1.281191,2.678298,-0.006687,-0.101738,-0.021633,-0.039057,-0.055328,-0.301773,0.379457
25.676975,-0.884522,-1.038181,-0.744320,-0.754192,-1.181981,-0.888201,0.514729,-0.311094,-1.159504,-0.477721,-0.068246,-0.748599,-0.619460,0.283899,-0.872750,-0.258684,-0.068968,-1.834094,1.287159,1.280905,2.678675,-0.005472,-0.101722,-0.020775,-0.037697,-0.053637,-0.297931,0.376874
25.678006,-0.884459,-1.033554,-0.741960,-0.752171,-1.180305,-0.888351,0.515651,-0.314333,-1.155524,-0.481797,-0.070572,-0.749026,-0.618540,0.284086,-0.872755,-0.258785,-0.068990,-1.834132,1.287102,1.280616,2.679045,-0.005397,-0.100926,-0.020532,-0.037459,-0.054296,-0.296128,0.375563
25.679018,-0.882426,-1.033590,-0.744115,-0.751643,-1.180306,-0.887890,0.514963,-0.319074,-1.150884,-0.487803,-0.073890,-0.749597,-0.617538,0.284266,-0.872762,-0.258888,-0.069015,-1.834173,1.287043,1.280322,2.679412,-0.005875,-0.102592,-0.021801,-0.038949,-0.055623,-0.295087,0.372582
25.680101,-0.886753,-1.035624,-0.744062,-0.752150,-1.177527,-0.886703,0.514421,-0.322484,-1.144775,-0.492194,-0.077640,-0.750211,-0.616661,0.284437,-0.872771,-0.258988,-0.069035,-1.834213,1.286988,1.280030,2.679784,-0.007294,-0.101902,-0.020823,-0.038917,-0.055288,-0.294648,0.372841
25.681008,-0.887648,-1.031985,-0.742425,-0.750464,-1.176926,-0.886335,0.511528,-0.324303,-1.138920,-0.494664,-0.080789,-0.750751,-0.615970,0.284616,-0.872772,-0.259084,-0.069056,-1.834250,1.286926,1.279736,2.680154,-0.005631,-0.100316,-0.020995,-0.037956,-0.057729,-0.294984,0.372807
25.681960,-0.886749,-1.031993,-0.744295,-0.750622,-1.175365,-0.887468,0.512025,-0.325608,-1.135083,-0.496556,-0.082534,-0.751136,-0.615379,0.284801,-0.872778,-0.259186,-0.069080,-1.834292,1.286868,1.279448,2.680541,-0.005586,-0.101438,-0.021854,-0.039019,-0.057934,-0.294373,0.377397
25.683001,-0.890713,-1.034077,-0.747160,-0.751026,-1.175008,-0.889255,0.510926,-0.326154,-1.131976,-0.497550,-0.083336,-0.751393,-0.614870,0.285000,-0.872784,-0.259287,-0.069101,-1.834330,1.286809,1.279158,2.680911,-0.006450,-0.100727,-0.020995,-0.038337,-0.059133,-0.292282,0.375179
25.684026,-0.891786,-1.033948,-0.744148,-0.749644,-1.174145,-0.892258,0.508980,-0.326733,-1.130015,-0.498667,-0.083323,-0.751522,-0.614446,0.285224,-0.872784,-0.259381,-0.069117,-1.834365,1.286749,1.278872,2.681289,-0.004971,-0.099122,-0.019734,-0.037528,-0.059119,-0.289642,0.376248
25.685031,-0.895787,-1.031241,-0.744775,-0.750340,-1.172042,-0.889753,0.510365,-0.328364,-1.131897,-0.501215,-0.081599,-0.751426,-0.614173,0.285490,-0.872787,-0.259480,-0.069143,-1.834405,1.286686,1.278594,2.681668,-0.004929,-0.098564,-0.021330,-0.038385,-0.059599,-0.285819,0.378984
25.686026,-0.897462,-1.032666,-0.744958,-0.747603,-1.172075,-0.890314,0.508879,-0.330381,-1.136809,-0.504327,-0.078515,-0.751129,-0.614127,0.285793,-0.872788,-0.259580,-0.069163,-1.834441,1.286621,1.278307,2.682037,-0.003405,-0.099278,-0.021115,-0.037223,-0.061293,-0.287493,0.375008
25.686942,-0.895289,-1.030157,-0.747785,-0.750014,-1.170135,-0.887008,0.508570,-0.333111,-1.142746,-0.508301,-0.074673,-0.750668,-0.614148,0.286103,-0.872792,-0.259677,-0.069184,-1.834484,1.286560,1.278023,2.682418,-0.003035,-0.097937,-0.021139,-0.039358,-0.060858,-0.286030,0.376849
25.687971,-0.899979,-1.031872,-0.746307,-0.749303,-1.169029,-0.885847,0.506256,-0.337041,-1.149148,-0.513693,-0.070161,-0.750055,-0.614124,0.286411,-0.872800,-0.259778,-0.069199,-1.834516,1.286494,1.277729,2.682790,-0.004495,-0.098495,-0.019857,-0.036510,-0.062370,-0.288376,0.376265
25.689047,-0.901097,-1.029333,-0.746931,-0.749511,-1.167632,-0.885031,0.507762,-0.341938,-1.154173,-0.520244,-0.066270,-0.749470,-0.614045,0.286729,-0.872800,-0.259871,-0.069222,-1.834554,1.286433,1.277436,2.683180,-0.002640,-0.097061,-0.020713,-0.036769,-0.063095,-0.288621,0.379721
25.689990,-0.900449,-1.032717,-0.750938,-0.750013,-1.164737,-0.882574,0.507815,-0.347788,-1.157016,-0.527963,-0.063514,-0.749007,-0.613861,0.287047,-0.872802,-0.259971,-0.069243,-1.834587,1.286367,1.277151,2.683546,-0.002622,-0.097739,-0.020519,-0.036190,-0.064083,-0.288621,0.375531
25.690968,-0.899267,-1.034489,-0.749014,-0.752775,-1.164723,-0.881504,0.506344,-0.354823,-1.158678,-0.537151,-0.061280,-0.748626,-0.613520,0.287321,-0.872808,-0.260063,-0.069259,-1.834620,1.286295,1.276856,2.683918,-0.003349,-0.095439,-0.018650,-0.035278,-0.066498,-0.290113,0.374281
25.692082,-0.902415,-1.029131,-0.749772,-0.751725,-1.162937,-0.881590,0.507333,-0.362395,-1.161111,-0.547046,-0.059181,-0.748312,-0.613155,0.287532,-0.872815,-0.260156,-0.069280,-1.834648,1.286231,1.276564,2.684299,-0.004346,-0.093977,-0.019737,-0.032248,-0.066065,-0.290239,0.376060
25.692925,-0.907098,-1.027974,-0.749716,-0.751496,-1.162877,-0.880346,0.506402,-0.368861,-1.162494,-0.555646,-0.058621,-0.748215,-0.612947,0.287703,-0.872816,-0.260257,-0.069299,-1.834684,1.286160,1.276280,2.684663,-0.003310,-0.096095,-0.019514,-0.032914,-0.067411,-0.289371,0.372955
25.693932,-0.903614,-1.025096,-0.751328,-0.749266,-1.163216,-0.879615,0.505462,-0.374834,-1.158013,-0.563644,-0.061412,-0.748452,-0.612691,0.287860,-0.872814,-0.260351,-0.069318,-1.834717,1.286095,1.275992,2.685035,-0.001407,-0.095980,-0.019621,-0.032691,-0.067002,-0.289601,0.373647
25.694985,-0.904315,-1.029872,-0.749787,-0.750096,-1.161617,-0.877649,0.505170,-0.381342,-1.147069,-0.572198,-0.066898,-0.748879,-0.612191,0.288022,-0.872822,-0.260449,-0.069336,-1.834755,1.286029,1.275706,2.685415,-0.003592,-0.096804,-0.018946,-0.034445,-0.066229,-0.289452,0.374348
25.696032,-0.907288,-1.030394,-0.752669,-0.751107,-1.162685,-0.875621,0.504878,-0.386785,-1.133953,-0.579273,-0.072514,-0.749201,-0.611671,0.288207,-0.872827,-0.260537,-0.069359,-1.834787,1.285958,1.275406,2.685786,-0.003691,-0.093903,-0.019835,-0.033251,-0.067383,-0.290514,0.373789
25.697085,-0.906185,-1.033192,-0.750442,-0.750623,-1.161537,-0.872809,0.506715,-0.390735,-1.123727,-0.584363,-0.076222,-0.749231,-0.611310,0.288423,-0.872829,-0.260628,-0.069373,-1.834817,1.285895,1.275110,2.686158,-0.002697,-0.093148,-0.018579,-0.031944,-0.065903,-0.291639,0.373238
25.698060,-0.907084,-1.030762,-0.753048,-0.752084,-1.159760,-0.870425,0.505050,-0.394108,-1.118643,-0.588626,-0.077473,-0.748964,-0.611085,0.288662,-0.872837,-0.260716,-0.069396,-1.834851,1.285829,1.274814,2.686521,-0.003709,-0.091255,-0.019828,-0.032066,-0.066658,-0.293569,0.368424
25.699035,-0.908159,-1.031673,-0.751819,-0.751611,-1.158950,-0.869533,0.505309,-0.396554,-1.117699,-0.591651,-0.076823,-0.748501,-0.610990,0.288925,-0.872840,-0.260812,-0.069411,-1.834877,1.285755,1.274517,2.686893,-0.003694,-0.091874,-0.018669,-0.030367,-0.067924,-0.294980,0.370665
25.699951,-0.908326,-1.025977,-0.754277,-0.752394,-1.158111,-0.870589,0.505209,-0.398118,-1.117732,-0.593507,-0.075832,-0.748014,-0.610929,0.289225,-0.872844,-0.260900,-0.069431,-1.834909,1.285688,1.274223,2.687259,-0.003598,-0.090882,-0.019410,-0.030493,-0.068279,-0.294906,0.368971
25.701128,-0.910898,-1.029747,-0.755554,-0.750556,-1.157515,-0.871476,0.504671,-0.399184,-1.114783,-0.594658,-0.076392,-0.747692,-0.610807,0.289544,-0.872850,-0.260999,-0.069446,-1.834938,1.285621,1.273933,2.687623,-0.003912,-0.093078,-0.018310,-0.029384,-0.068656,-0.292855,0.368031
25.702009,-0.908207,-1.027838,-0.754625,-0.752135,-1.157270,-0.866901,0.505037,-0.400434,-1.107738,-0.595963,-0.078777,-0.747539,-0.610591,0.289838,-0.872852,-0.261087,-0.069462,-1.834972,1.285554,1.273642,2.687990,-0.003179,-0.090737,-0.017906,-0.030910,-0.068852,-0.291215,0.368046
25.702996,-0.908192,-1.026263,-0.756201,-0.752228,-1.158660,-0.865002,0.505115,-0.401860,-1.099790,-0.597430,-0.081186,-0.747355,-0.610372,0.290077,-0.872860,-0.261180,-0.069480,-1.834998,1.285490,1.273345,2.688353,-0.004897,-0.091083,-0.018477,-0.029038,-0.068658,-0.294798,0.366140
25.704070,-0.908918,-1.024389,-0.756307,-0.752660,-1.157745,-0.862778,0.506671,-0.402116,-1.090472,-0.597353,-0.084064,-0.747221,-0.610238,0.290265,-0.872866,-0.261272,-0.069497,-1.835026,1.285424,1.273047,2.688715,-0.005321,-0.091310,-0.017830,-0.028684,-0.066828,-0.295709,0.364875
25.705057,-0.908708,-1.024243,-0.756077,-0.753615,-1.156416,-0.863428,0.507398,-0.401056,-1.076591,-0.595537,-0.089152,-0.747354,-0.610078,0.290412,-0.872872,-0.261362,-0.069515,-1.835052,1.285357,1.272745,2.689068,-0.005420,-0.091746,-0.017953,-0.028080,-0.067339,-0.297019,0.360685
25.705930,-0.908415,-1.027020,-0.757298,-0.753952,-1.154562,-0.859463,0.506425,-0.398864,-1.057938,-0.592235,-0.096586,-0.747774,-0.609857,0.290525,-0.872878,-0.261454,-0.069535,-1.835077,1.285287,1.272456,2.689418,-0.005955,-0.091251,-0.018180,-0.026919,-0.068197,-0.295433,0.358176
25.706978,-0.911831,-1.027791,-0.756011,-0.753479,-1.154192,-0.857956,0.507209,-0.395351,-1.037826,-0.587260,-0.104880,-0.748313,-0.609707,0.290622,-0.872886,-0.261538,-0.069552,-1.835101,1.285215,1.272152,2.689779,-0.006448,-0.089318,-0.017674,-0.026373,-0.069536,-0.298351,0.359006
25.708011,-0.914563,-1.029306,-0.758623,-0.755052,-1.151642,-0.858976,0.506670,-0.391206,-1.021642,-0.581503,-0.111247,-0.748655,-0.609671,0.290702,-0.872888,-0.261625,-0.069572,-1.835128,1.285147,1.271853,2.690125,-0.005226,-0.088476,-0.018469,-0.026644,-0.069455,-0.298918,0.356375
25.709044,-0.915128,-1.030186,-0.756957,-0.756173,-1.151194,-0.859799,0.508456,-0.387974,-1.011921,-0.576863,-0.114362,-0.748654,-0.609651,0.290741,-0.872889,-0.261708,-0.069586,-1.835149,1.285073,1.271557,2.690482,-0.004362,-0.087280,-0.017338,-0.024961,-0.071524,-0.296956,0.356400
25.710060,-0.912750,-1.031416,-0.759592,-0.755927,-1.150264,-0.859909,0.507253,-0.386341,-1.007925,-0.574154,-0.115051,-0.748433,-0.609646,0.290750,-0.872895,-0.261792,-0.069607,-1.835170,1.285002,1.271262,2.690830,-0.004544,-0.086403,-0.018315,-0.023776,-0.071487,-0.295232,0.351735
25.711003,-0.915270,-1.030875,-0.758054,-0.757734,-1.149710,-0.858101,0.507672,-0.384940,-1.008924,-0.571680,-0.113983,-0.748095,-0.609835,0.290758,-0.872905,-0.261876,-0.069620,-1.835195,1.284930,1.270972,2.691182,-0.006141,-0.085335,-0.017184,-0.023863,-0.071929,-0.294241,0.353137
25.711941,-0.916561,-1.031035,-0.760032,-0.758578,-1.149374,-0.855524,0.509318,-0.382644,-1.013740,-0.568073,-0.111698,-0.747706,-0.610286,0.290767,-0.872909,-0.261959,-0.069642,-1.835212,1.284857,1.270674,2.691530,-0.005278,-0.085131,-0.018051,-0.022006,-0.071971,-0.295066,0.351191
25.713112,-0.918514,-1.033355,-0.759293,-0.757905,-1.149396,-0.854784,0.509547,-0.380128,-1.019255,-0.564156,-0.109841,-0.747437,-0.610815,0.290756,-0.872911,-0.262044,-0.069657,-1.835232,1.284783,1.270377,2.691872,-0.005081,-0.084551,-0.017195,-0.021082,-0.071778,-0.296653,0.346821
25.713902,-0.916280,-1.031590,-0.759889,-0.758879,-1.148328,-0.853271,0.508276,-0.378419,-1.025066,-0.561170,-0.108431,-0.747273,-0.611264,0.290716,-0.872915,-0.262122,-0.069678,-1.835254,1.284713,1.270078,2.692210,-0.004650,-0.083081,-0.017754,-0.021732,-0.071325,-0.296564,0.345437
25.714923,-0.916270,-1.034754,-0.763321,-0.760989,-1.147625,-0.853153,0.505972,-0.377017,-1.032479,-0.558485,-0.106378,-0.747082,-0.611700,0.290668,-0.872924,-0.262207,-0.069695,-1.835273,1.284640,1.269783,2.692559,-0.006072,-0.083395,-0.017526,-0.020606,-0.071854,-0.296967,0.346878
25.715965,-0.918720,-1.035267,-0.754363,-0.761947,-1.143576,-0.854506,0.506612,-0.375238,-1.040445,-0.555314,-0.104346,-0.746957,-0.612207,0.290648,-0.872932,-0.262285,-0.069706,-1.835287,1.284565,1.269491,2.692914,-0.006487,-0.081413,-0.016027,-0.018578,-0.072046,-0.296180,0.350430
25.716988,-0.921454,-1.035610,-0.757190,-0.762893,-1.143991,-0.855647,0.507639,-0.371820,-1.048938,-0.550222,-0.102819,-0.746969,-0.612976,0.290663,-0.872936,-0.262363,-0.069736,-1.835301,1.284484,1.269200,2.693258,-0.005623,-0.080703,-0.020514,-0.017637,-0.075506,-0.293699,0.347874
25.718068,-0.922038,-1.033577,-0.758362,-0.764159,-1.141472,-0.858202,0.506548,-0.365190,-1.058393,-0.541300,-0.101685,-0.747097,-0.614211,0.290681,-0.872939,-0.262439,-0.069751,-1.835315,1.284410,1.268916,2.693598,-0.004536,-0.079949,-0.019082,-0.016631,-0.074447,-0.291199,0.344384
25.718949,-0.919823,-1.035724,-0.759314,-0.762631,-1.140953,-0.856331,0.505561,-0.357235,-1.066825,-0.530824,-0.101856,-0.747391,-0.615687,0.290697,-0.872943,-0.262521,-0.069768,-1.835329,1.284331,1.268636,2.693943,-0.004534,-0.080349,-0.018533,-0.015337,-0.076341,-0.287314,0.345161
25.719946,-0.919580,-1.034380,-0.756740,-0.763361,-1.141594,-0.856931,0.506278,-0.342098,-1.081924,-0.510965,-0.103478,-0.747976,-0.618604,0.290767,-0.872957,-0.262673,-0.069808,-1.835361,1.284182,1.268069,2.694630,-0.006166,-0.078748,-0.019285,-0.015873,-0.074957,-0.285834,0.342801
25.721003,-0.925535,-1.035874,-0.758253,-0.764312,-1.139303,-0.856764,0.505448,-0.342098,-1.081924,-0.510965,-0.103478,-0.747976,-0.618604,0.290767,-0.872957,-0.262673,-0.069808,-1.835361,1.284182,1.268069,2.694630,-0.006166,-0.078748,-0.019285,-0.015873,-0.074957,-0.285834,0.342801
25.721945,-0.924266,-1.032810,-0.759702,-0.765438,-1.137486,-0.859132,0.504841,-0.333914,-1.091022,-0.500282,-0.102889,-0.748045,-0.620052,0.290761,-0.872955,-0.262749,-0.069823,-1.835373,1.284103,1.267786,2.694973,-0.003501,-0.077418,-0.018551,-0.014918,-0.076619,-0.284667,0.343051
25.723075,-0.926328,-1.038373,-0.759992,-0.766211,-1.136015,-0.858534,0.503277,-0.327674,-1.099018,-0.491968,-0.102567,-0.748133,-0.621213,0.290717,-0.872962,-0.262830,-0.069838,-1.835385,1.284020,1.267510,2.695316,-0.004369,-0.078318,-0.017858,-0.013751,-0.077724,-0.280936,0.342829
25.724058,-0.925261,-1.034766,-0.760893,-0.766913,-1.134055,-0.861634,0.505522,-0.324178,-1.105979,-0.487030,-0.102615,-0.748257,-0.622041,0.290673,-0.872964,-0.262899,-0.069856,-1.835397,1.283939,1.267235,2.695664,-0.003638,-0.075036,-0.017744,-0.013001,-0.078536,-0.280292,0.344513
25.724999,-0.926731,-1.031145,-0.758710,-0.765911,-1.130916,-0.863018,0.505715,-0.322554,-1.113968,-0.484437,-0.102056,-0.748324,-0.622686,0.290633,-0.872971,-0.262977,-0.069873,-1.835408,1.283858,1.266967,2.695992,-0.004396,-0.076268,-0.017296,-0.012306,-0.079822,-0.275882,0.338571
25.726079,-0.926018,-1.032458,-0.762259,-0.767328,-1.128773,-0.866165,0.506627,-0.321402,-1.120327,-0.482456,-0.101760,-0.748422,-0.623211,0.290562,-0.872974,-0.263057,-0.069896,-1.835420,1.283770,1.266704,2.696328,-0.003905,-0.077428,-0.018330,-0.013284,-0.082219,-0.273253,0.336826
25.726999,-0.928615,-1.031881,-0.762166,-0.766410,-1.128064,-0.869141,0.505908,-0.319873,-1.122248,-0.480050,-0.102662,-0.748628,-0.623624,0.290460,-0.872979,-0.263128,-0.069910,-1.835429,1.283685,1.266442,2.696652,-0.004538,-0.076252,-0.016591,-0.011939,-0.083645,-0.268884,0.333623
25.727947,-0.929888,-1.030814,-0.763793,-0.766128,-1.126285,-0.869573,0.504909,-0.318780,-1.122032,-0.478289,-0.103755,-0.748816,-0.623941,0.290359,-0.872978,-0.263201,-0.069927,-1.835443,1.283599,1.266188,2.696983,-0.003505,-0.075973,-0.016654,-0.012786,-0.083594,-0.264691,0.333710
25.729044,-0.931659,-1.029183,-0.763085,-0.766890,-1.124972,-0.870603,0.506439,-0.319236,-1.121987,-0.478573,-0.103866,-0.748844,-0.624108,0.290285,-0.872982,-0.263277,-0.069943,-1.835454,1.283512,1.265934,2.697314,-0.003118,-0.075914,-0.015842,-0.013041,-0.084647,-0.263080,0.334331
25.730047,-0.928475,-1.029137,-0.759174,-0.768277,-1.122518,-0.871333,0.505416,-0.321616,-1.121560,-0.481300,-0.103152,-0.748743,-0.624031,0.290212,-0.872984,-0.263353,-0.069960,-1.835464,1.283423,1.265676,2.697635,-0.002536,-0.076179,-0.016243,-0.012327,-0.085208,-0.260869,0.329869
25.730929,-0.927108,-1.027172,-0.763092,-0.769379,-1.121708,-0.872981,0.506395,-0.323594,-1.118929,-0.483487,-0.102965,-0.748712,-0.623933,0.290124,-0.872991,-0.263428,-0.069982,-1.835473,1.283333,1.265424,2.697970,-0.004374,-0.075626,-0.018163,-0.011002,-0.086909,-0.258969,0.330560
25.732095,-0.929598,-1.029266,-0.763489,-0.769243,-1.119100,-0.873967,0.505710,-0.322246,-1.112817,-0.481478,-0.104608,-0.748948,-0.624160,0.290055,-0.872996,-0.263505,-0.069993,-1.835481,1.283243,1.265172,2.698288,-0.005252,-0.075988,-0.016227,-0.009946,-0.086915,-0.256096,0.327235
25.733001,-0.931335,-1.029550,-0.765016,-0.771072,-1.116259,-0.874257,0.506192,-0.318719,-1.104308,-0.476758,-0.107799,-0.749433,-0.624659,0.290017,-0.872998,-0.263576,-0.070008,-1.835491,1.283147,1.264921,2.698613,-0.004326,-0.074456,-0.016111,-0.010162,-0.088737,-0.254005,0.327264
25.733931,-0.929476,-1.026878,-0.763306,-0.770045,-1.114821,-0.876018,0.506704,-0.315875,-1.096821,-0.472957,-0.110860,-0.749976,-0.625195,0.289970,-0.872999,-0.263648,-0.070020,-1.835495,1.283052,1.264675,2.698936,-0.003717,-0.073753,-0.015394,-0.008466,-0.090747,-0.252549,0.324927
25.734999,-0.930662,-1.025916,-0.762977,-0.771276,-1.111890,-0.877964,0.504924,-0.314031,-1.091095,-0.470487,-0.113402,-0.750511,-0.625715,0.289875,-0.873006,-0.263724,-0.070039,-1.835506,1.282958,1.264430,2.699250,-0.004862,-0.074493,-0.016235,-0.009508,-0.091354,-0.249617,0.322587
25.736028,-0.934928,-1.023637,-0.763825,-0.770316,-1.107998,-0.880736,0.502610,-0.311411,-1.085200,-0.467134,-0.116178,-0.751082,-0.626337,0.289754,-0.873009,-0.263799,-0.070056,-1.835512,1.282862,1.264189,2.699579,-0.004539,-0.074424,-0.016427,-0.008421,-0.093487,-0.246586,0.324811
25.737005,-0.935348,-1.025921,-0.766759,-0.771823,-1.105520,-0.883448,0.502426,-0.308174,-1.078130,-0.463091,-0.119440,-0.751663,-0.627015,0.289648,-0.873009,-0.263875,-0.070071,-1.835522,1.282761,1.263953,2.699909,-0.002708,-0.074999,-0.016033,-0.009430,-0.096511,-0.242735,0.328064
25.738054,-0.936171,-1.026598,-0.764129,-0.773425,-1.102172,-0.882582,0.502453,-0.306738,-1.071246,-0.461344,-0.122429,-0.752138,-0.627552,0.289541,-0.873012,-0.263944,-0.070083,-1.835527,1.282660,1.263723,2.700232,-0.002773,-0.073322,-0.014624,-0.008050,-0.098090,-0.238973,0.327034
25.738976,-0.934454,-1.025552,-0.766139,-0.772945,-1.098937,-0.882194,0.501227,-0.307559,-1.066951,-0.462430,-0.124423,-0.752467,-0.628003,0.289397,-0.873015,-0.264015,-0.070101,-1.835531,1.282554,1.263486,2.700554,-0.002640,-0.072484,-0.015980,-0.006627,-0.100528,-0.238810,0.325624
25.740086,-0.937897,-1.023408,-0.764674,-0.772072,-1.096645,-0.881983,0.499432,-0.308953,-1.065759,-0.464233,-0.125414,-0.752698,-0.628537,0.289235,-0.873022,-0.264089,-0.070115,-1.835540,1.282448,1.263247,2.700883,-0.003706,-0.072439,-0.014980,-0.007172,-0.102822,-0.238065,0.326726
25.741059,-0.935575,-1.024055,-0.765273,-0.773093,-1.093629,-0.880828,0.499429,-0.310235,-1.066632,-0.465897,-0.125256,-0.752805,-0.629101,0.289097,-0.873022,-0.264162,-0.070131,-1.835549,1.282338,1.263011,2.701218,-0.002301,-0.073002,-0.015782,-0.008137,-0.104158,-0.237237,0.328916
25.742047,-0.938111,-1.021784,-0.767098,-0.774340,-1.090211,-0.880580,0.500615,-0.311304,-1.068647,-0.467306,-0.123898,-0.752768,-0.629613,0.288978,-0.873026,-0.264232,-0.070146,-1.835552,1.282226,1.262776,2.701539,-0.003727,-0.072148,-0.015498,-0.007271,-0.106189,-0.237317,0.327542
25.742991,-0.935200,-1.023194,-0.768357,-0.776942,-1.088047,-0.879329,0.499532,-0.312292,-1.070346,-0.468629,-0.122337,-0.752694,-0.630034,0.288831,-0.873027,-0.264303,-0.070159,-1.835558,1.282115,1.262542,2.701859,-0.002723,-0.072772,-0.014630,-0.006156,-0.108627,-0.236488,0.323804
25.744113,-0.936502,-1.022176,-0.765703,-0.777021,-1.085184,-0.879647,0.498136,-0.313940,-1.069610,-0.470799,-0.122355,-0.752769,-0.630299,0.288643,-0.873035,-0.264371,-0.070173,-1.835558,1.282000,1.262311,2.702183,-0.004402,-0.071545,-0.014045,-0.003796,-0.109753,-0.236677,0.324660
25.744975,-0.936461,-1.025181,-0.767778,-0.776646,-1.082928,-0.880078,0.496344,-0.315312,-1.066307,-0.472666,-0.124547,-0.753048,-0.630570,0.288456,-0.873038,-0.264444,-0.070190,-1.835563,1.281883,1.262078,2.702515,-0.004034,-0.071559,-0.015424,-0.003913,-0.111603,-0.235324,0.326058
25.745985,-0.937601,-1.025007,-0.770632,-0.777160,-1.081160,-0.880573,0.499051,-0.315242,-1.063990,-0.472828,-0.126863,-0.753281,-0.631056,0.288294,-0.873042,-0.264510,-0.070201,-1.835569,1.281767,1.261844,2.702858,-0.004271,-0.069525,-0.014418,-0.004404,-0.112807,-0.233777,0.328226
25.746986,-0.939737,-1.022571,-0.768021,-0.777771,-1.076685,-0.883361,0.498681,-0.315091,-1.066902,-0.473060,-0.126659,-0.753160,-0.631680,0.288131,-0.873045,-0.264579,-0.070211,-1.835572,1.281652,1.261615,2.703164,-0.003965,-0.069132,-0.013084,-0.004080,-0.113557,-0.232254,0.321434
25.748016,-0.939308,-1.021162,-0.765270,-0.778616,-1.074248,-0.882294,0.496683,-0.316034,-1.074011,-0.474861,-0.124242,-0.752731,-0.632278,0.287952,-0.873048,-0.264650,-0.070228,-1.835575,1.281531,1.261393,2.703482,-0.003158,-0.069840,-0.014434,-0.003660,-0.116974,-0.228444,0.320899
25.749002,-0.940982,-1.022272,-0.768726,-0.778354,-1.071503,-0.881177,0.495798,-0.316306,-1.080569,-0.475977,-0.121880,-0.752271,-0.632903,0.287818,-0.873051,-0.264721,-0.070246,-1.835576,1.281409,1.261166,2.703813,-0.003658,-0.070028,-0.015808,-0.003058,-0.118306,-0.228536,0.323536
25.749996,-0.938272,-1.022874,-0.768963,-0.780602,-1.069345,-0.882184,0.496182,-0.314950,-1.085240,-0.475127,-0.120070,-0.751850,-0.633569,0.287769,-0.873052,-0.264788,-0.070256,-1.835581,1.281285,1.260939,2.704139,-0.003091,-0.068980,-0.014151,-0.003486,-0.119945,-0.228623,0.323918
25.751070,-0.939327,-1.022471,-0.769219,-0.780493,-1.067766,-0.880520,0.496790,-0.313200,-1.089777,-0.473797,-0.118027,-0.751390,-0.634197,0.287756,-0.873059,-0.264855,-0.070268,-1.835580,1.281163,1.260716,2.704456,-0.004686,-0.068204,-0.014115,-0.001511,-0.121011,-0.226593,0.321795
25.751998,-0.943144,-1.025008,-0.770974,-0.780328,-1.065342,-0.879119,0.494306,-0.311047,-1.094587,-0.471962,-0.115900,-0.750913,-0.634887,0.287707,-0.873063,-0.264924,-0.070281,-1.835583,1.281038,1.260488,2.704763,-0.004426,-0.067932,-0.014067,-0.001863,-0.121480,-0.227277,0.319279
25.753069,-0.941024,-1.021619,-0.772053,-0.780754,-1.064611,-0.879624,0.493177,-0.309366,-1.101008,-0.470708,-0.112859,-0.750292,-0.635584,0.287613,-0.873062,-0.264988,-0.070292,-1.835586,1.280913,1.260259,2.705095,-0.002791,-0.066192,-0.013250,-0.002204,-0.122778,-0.227616,0.322919
25.753923,-0.943728,-1.020341,-0.773821,-0.780268,-1.064123,-0.878393,0.492737,-0.309829,-1.109980,-0.472113,-0.108099,-0.749385,-0.636097,0.287520,-0.873069,-0.265056,-0.070304,-1.835587,1.280792,1.260036,2.705426,-0.004121,-0.067455,-0.012792,-0.002040,-0.122429,-0.226116,0.323762
25.755053,-0.946679,-1.020610,-0.770141,-0.782445,-1.063198,-0.878426,0.492779,-0.312516,-1.118279,-0.476265,-0.103146,-0.748335,-0.636326,0.287439,-0.873071,-0.265125,-0.070315,-1.835591,1.280668,1.259809,2.705745,-0.002984,-0.067532,-0.011956,-0.002664,-0.121792,-0.226290,0.323295
25.756064,-0.943679,-1.017812,-0.771880,-0.782758,-1.061154,-0.878612,0.492460,-0.316982,-1.123412,-0.482563,-0.099504,-0.747330,-0.636280,0.287331,-0.873071,-0.265192,-0.070334,-1.835590,1.280550,1.259584,2.706062,-0.001847,-0.066966,-0.013845,-0.000792,-0.121686,-0.225272,0.321863
25.756922,-0.940582,-1.013908,-0.772823,-0.781264,-1.060057,-0.878087,0.490729,-0.321536,-1.124255,-0.488823,-0.098288,-0.746533,-0.636189,0.287175,-0.873076,-0.265261,-0.070343,-1.835591,1.280425,1.259362,2.706376,-0.003617,-0.067876,-0.013052,-0.000763,-0.122626,-0.224095,0.321188
25.758005,-0.943350,-1.013375,-0.772730,-0.781053,-1.059124,-0.877609,0.490016,-0.324122,-1.119183,-0.492445,-0.100095,-0.745991,-0.636267,0.287003,-0.873083,-0.265335,-0.070358,-1.835597,1.280304,1.259140,2.706712,-0.005344,-0.069230,-0.012595,-0.002342,-0.122617,-0.223583,0.323281
25.758994,-0.943429,-1.012570,-0.772116,-0.781807,-1.054498,-0.875224,0.488875,-0.324473,-1.108714,-0.493131,-0.103914,-0.745572,-0.636532,0.286849,-0.873084,-0.265404,-0.070371,-1.835600,1.280179,1.258916,2.707033,-0.004241,-0.069015,-0.012721,-0.002770,-0.122445,-0.223085,0.323335
25.759994,-0.944053,-1.015249,-0.772483,-0.782951,-1.052809,-0.872503,0.487285,-0.323539,-1.095400,-0.492097,-0.108284,-0.745148,-0.636915,0.286705,-0.873089,-0.265472,-0.070384,-1.835601,1.280045,1.258693,2.707353,-0.004454,-0.068927,-0.013092,-0.002266,-0.125896,-0.224485,0.324284
25.761089,-0.944644,-1.015955,-0.773326,-0.783452,-1.051362,-0.869852,0.487223,-0.321992,-1.082462,-0.490215,-0.111996,-0.744639,-0.637374,0.286569,-0.873095,-0.265536,-0.070396,-1.835601,1.279918,1.258462,2.707682,-0.004380,-0.067129,-0.012974,-0.001378,-0.126418,-0.226160,0.326091
25.762055,-0.949067,-1.011022,-0.775681,-0.784342,-1.049827,-0.868250,0.486172,-0.320442,-1.073402,-0.488301,-0.113841,-0.743950,-0.637867,0.286470,-0.873098,-0.265602,-0.070408,-1.835600,1.279790,1.258235,2.708008,-0.004378,-0.066351,-0.012635,-0.001206,-0.126723,-0.227818,0.324810
25.762967,-0.946520,-1.012431,-0.775003,-0.784420,-1.048097,-0.867537,0.486638,-0.320780,-1.066974,-0.488729,-0.114672,-0.743173,-0.638117,0.286446,-0.873098,-0.265676,-0.070419,-1.835600,1.279663,1.258003,2.708333,-0.002440,-0.068274,-0.011531,-0.000565,-0.127121,-0.228341,0.325574
25.764068,-0.948272,-1.010905,-0.773918,-0.784197,-1.047771,-0.866594,0.486325,-0.328427,-1.051304,-0.498102,-0.118674,-0.741879,-0.637509,0.286588,-0.873110,-0.265809,-0.070449,-1.835603,1.279407,1.257550,2.708970,-0.003317,-0.067389,-0.012509,-0.001192,-0.126868,-0.227952,0.322578
25.765032,-0.948188,-1.008911,-0.775125,-0.784521,-1.048361,-0.865446,0.487021,-0.328427,-1.051304,-0.498102,-0.118674,-0.741879,-0.637509,0.286588,-0.873110,-0.265809,-0.070449,-1.835603,1.279407,1.257550,2.708970,-0.003317,-0.067389,-0.012509,-0.001192,-0.126868,-0.227952,0.322578
25.766034,-0.950274,-1.007472,-0.775900,-0.784037,-1.047878,-0.864619,0.486752,-0.332214,-1.043570,-0.502594,-0.121040,-0.741269,-0.637138,0.286683,-0.873113,-0.265877,-0.070459,-1.835606,1.279282,1.257317,2.709286,-0.003617,-0.067883,-0.011972,-0.001070,-0.125153,-0.228031,0.319840
25.767010,-0.947871,-1.007127,-0.776694,-0.785480,-1.045452,-0.862816,0.486045,-0.336010,-1.034772,-0.506939,-0.124130,-0.740739,-0.636769,0.286785,-0.873115,-0.265947,-0.070470,-1.835608,1.279158,1.257093,2.709605,-0.002846,-0.068098,-0.011674,-0.001773,-0.124532,-0.227844,0.319056
25.768008,-0.947913,-1.009273,-0.775101,-0.786530,-1.043589,-0.861531,0.487063,-0.340115,-1.024968,-0.511502,-0.127923,-0.740278,-0.636445,0.286882,-0.873121,-0.266014,-0.070483,-1.835607,1.279024,1.256858,2.709923,-0.004293,-0.067780,-0.011338,-0.000613,-0.125772,-0.228577,0.319149
25.768962,-0.949352,-1.005957,-0.775773,-0.785697,-1.043372,-0.859669,0.488049,-0.343252,-1.015852,-0.514722,-0.131935,-0.739826,-0.636416,0.286953,-0.873126,-0.266076,-0.070495,-1.835607,1.278896,1.256625,2.710234,-0.004500,-0.066285,-0.012207,0.000165,-0.126478,-0.228793,0.315769
25.770070,-0.946686,-1.007425,-0.774545,-0.786960,-1.041178,-0.856325,0.487972,-0.344580,-1.008838,-0.515580,-0.135557,-0.739299,-0.636813,0.286987,-0.873130,-0.266146,-0.070506,-1.835610,1.278768,1.256394,2.710537,-0.004018,-0.067440,-0.011940,-0.000878,-0.125527,-0.229599,0.312525
25.771028,-0.949272,-1.007178,-0.778228,-0.788436,-1.042833,-0.854315,0.488668,-0.344124,-1.003544,-0.514127,-0.138644,-0.738648,-0.637535,0.287005,-0.873139,-0.266209,-0.070520,-1.835608,1.278641,1.256159,2.710845,-0.005592,-0.066289,-0.012629,0.000060,-0.126615,-0.231923,0.311399
25.771993,-0.950295,-1.006226,-0.775565,-0.786022,-1.042153,-0.851022,0.488220,-0.342564,-0.999615,-0.511262,-0.141564,-0.737904,-0.638436,0.287029,-0.873141,-0.266275,-0.070527,-1.835604,1.278522,1.255922,2.711150,-0.004534,-0.065946,-0.010885,0.001195,-0.123862,-0.232821,0.308713
25.772983,-0.947096,-1.006272,-0.773917,-0.786218,-1.040731,-0.850724,0.490246,-0.341651,-0.997565,-0.509218,-0.144018,-0.737033,-0.639280,0.287056,-0.873145,-0.266340,-0.070544,-1.835610,1.278398,1.255685,2.711453,-0.004274,-0.065968,-0.012256,-0.001382,-0.123449,-0.235030,0.308357
25.773974,-0.948383,-1.005829,-0.777700,-0.786509,-1.042796,-0.849351,0.489508,-0.340308,-0.998795,-0.506700,-0.144530,-0.735873,-0.640113,0.287072,-0.873157,-0.266403,-0.070557,-1.835612,1.278276,1.255449,2.711746,-0.006053,-0.065502,-0.013135,-0.001378,-0.123796,-0.234216,0.303021
25.774983,-0.951304,-1.006119,-0.775451,-0.786245,-1.043521,-0.844721,0.488519,-0.337053,-1.003638,-0.501909,-0.142789,-0.734437,-0.641105,0.287075,-0.873162,-0.266469,-0.070566,-1.835613,1.278161,1.255214,2.712046,-0.005629,-0.065269,-0.011324,-0.001337,-0.120678,-0.234523,0.303291
25.776082,-0.951785,-1.006990,-0.777494,-0.788694,-1.042826,-0.843898,0.489081,-0.333857,-1.011064,-0.497312,-0.139590,-0.732881,-0.642055,0.287083,-0.873166,-0.266532,-0.070581,-1.835615,1.278046,1.254969,2.712352,-0.004416,-0.064693,-0.012508,-0.001832,-0.118943,-0.238057,0.303986
25.776942,-0.951001,-1.007635,-0.780309,-0.787533,-1.041594,-0.842792,0.489587,-0.332375,-1.020190,-0.494928,-0.135680,-0.731344,-0.642783,0.287088,-0.873172,-0.266593,-0.070592,-1.835609,1.277925,1.254732,2.712652,-0.004445,-0.063881,-0.011573,0.000211,-0.118589,-0.237789,0.301561
25.777962,-0.948669,-1.002662,-0.779460,-0.787576,-1.040232,-0.842864,0.490523,-0.333122,-1.030969,-0.495402,-0.131413,-0.729886,-0.643310,0.287057,-0.873179,-0.266655,-0.070599,-1.835613,1.277807,1.254494,2.712946,-0.005021,-0.063103,-0.010267,-0.001121,-0.118759,-0.237761,0.299320
25.778999,-0.950588,-1.005890,-0.776528,-0.788806,-1.039365,-0.843336,0.489425,-0.335350,-1.042256,-0.497852,-0.127002,-0.728495,-0.643727,0.286988,-0.873188,-0.266723,-0.070611,-1.835614,1.277688,1.254258,2.713234,-0.006399,-0.065137,-0.010784,-0.001328,-0.119069,-0.236605,0.296224
25.780001,-0.950165,-1.005460,-0.779567,-0.789576,-1.039473,-0.840552,0.487703,-0.336418,-1.051770,-0.498996,-0.123358,-0.727255,-0.644288,0.286917,-0.873193,-0.266782,-0.070625,-1.835611,1.277568,1.254030,2.713537,-0.005673,-0.063110,-0.012313,-0.000429,-0.118865,-0.235111,0.297183
25.780989,-0.949579,-1.001837,-0.781131,-0.790391,-1.038595,-0.839000,0.489062,-0.335446,-1.060363,-0.497714,-0.120484,-0.726188,-0.645146,0.286871,-0.873201,-0.266844,-0.070633,-1.835611,1.277449,1.253793,2.713836,-0.006095,-0.062935,-0.010882,0.000070,-0.117692,-0.236841,0.299379
25.782150,-0.951731,-1.002373,-0.781940,-0.791595,-1.038045,-0.836579,0.487903,-0.334161,-1.067003,-0.496113,-0.119053,-0.725348,-0.646059,0.286838,-0.873209,-0.266908,-0.070642,-1.835608,1.277332,1.253550,2.714122,-0.006602,-0.064315,-0.010217,0.000538,-0.117548,-0.237259,0.295390
25.783028,-0.950423,-1.002220,-0.781265,-0.790559,-1.037293,-0.834442,0.486988,-0.334107,-1.068250,-0.496084,-0.120699,-0.724856,-0.646730,0.286801,-0.873214,-0.266969,-0.070652,-1.835606,1.277217,1.253310,2.714416,-0.005803,-0.063680,-0.009948,0.001370,-0.117096,-0.238641,0.296513
25.783992,-0.951633,-1.001844,-0.782733,-0.791220,-1.036059,-0.836175,0.487249,-0.335361,-1.065528,-0.497713,-0.124525,-0.724566,-0.647157,0.286768,-0.873221,-0.267032,-0.070663,-1.835609,1.277101,1.253067,2.714714,-0.006653,-0.063289,-0.010345,0.000164,-0.116807,-0.239610,0.297092
25.784977,-0.945880,-1.005140,-0.783308,-0.790919,-1.036082,-0.833725,0.486548,-0.337153,-1.062417,-0.500012,-0.128419,-0.724213,-0.647533,0.286744,-0.873226,-0.267092,-0.070673,-1.835610,1.276984,1.252835,2.715010,-0.006269,-0.063076,-0.009688,0.000586,-0.116998,-0.236771,0.295299
25.785976,-0.949528,-1.004081,-0.779536,-0.789911,-1.034905,-0.830007,0.488070,-0.338327,-1.062180,-0.501541,-0.130728,-0.723614,-0.648136,0.286725,-0.873242,-0.267149,-0.070681,-1.835610,1.276869,1.252592,2.715305,-0.009288,-0.061053,-0.009519,0.000025,-0.115948,-0.238139,0.295476
25.787037,-0.952374,-1.004791,-0.780405,-0.793054,-1.034198,-0.828319,0.487500,-0.337190,-1.068018,-0.500211,-0.129705,-0.722596,-0.649196,0.286710,-0.873245,-0.267212,-0.070696,-1.835614,1.276755,1.252343,2.715591,-0.007679,-0.061181,-0.011461,-0.001168,-0.116123,-0.240712,0.291183
25.788101,-0.948675,-1.002766,-0.783127,-0.792338,-1.033004,-0.827001,0.487267,-0.330937,-1.089686,-0.492381,-0.122385,-0.719976,-0.651935,0.286805,-0.873264,-0.267334,-0.070711,-1.835611,1.276527,1.251861,2.716169,-0.008556,-0.061077,-0.009911,0.000601,-0.116033,-0.241518,0.290377
25.789062,-0.952965,-0.999982,-0.781506,-0.791725,-1.031507,-0.829057,0.487652,-0.330937,-1.089686,-0.492381,-0.122385,-0.719976,-0.651935,0.286805,-0.873264,-0.267334,-0.070711,-1.835611,1.276527,1.251861,2.716169,-0.008556,-0.061077,-0.009911,0.000601,-0.116033,-0.241518,0.290377
25.790023,-0.950401,-1.001219,-0.777889,-0.794702,-1.031257,-0.828746,0.487106,-0.328453,-1.098203,-0.489097,-0.120032,-0.718871,-0.653134,0.286953,-0.873266,-0.267397,-0.070723,-1.835612,1.276410,1.251626,2.716454,-0.006642,-0.062034,-0.010812,-0.000228,-0.116485,-0.238340,0.288396
25.791080,-0.948761,-0.999676,-0.781879,-0.792497,-1.030712,-0.826922,0.486788,-0.325204,-1.102867,-0.484757,-0.119599,-0.718068,-0.654275,0.287155,-0.873276,-0.267456,-0.070738,-1.835605,1.276294,1.251394,2.716738,-0.008124,-0.061006,-0.012656,0.002344,-0.115696,-0.237608,0.288310
25.792015,-0.953835,-0.996551,-0.786154,-0.791059,-1.030692,-0.825355,0.485469,-0.319548,-1.104411,-0.477297,-0.121112,-0.717624,-0.655551,0.287403,-0.873288,-0.267519,-0.070746,-1.835610,1.276179,1.251154,2.717023,-0.009115,-0.061387,-0.010761,-0.000070,-0.115230,-0.238365,0.287732
25.792928,-0.951588,-0.999830,-0.781791,-0.793082,-1.030516,-0.822723,0.486184,-0.314444,-1.104440,-0.470420,-0.122939,-0.717326,-0.656589,0.287682,-0.873290,-0.267585,-0.070749,-1.835616,1.276066,1.250914,2.717315,-0.006807,-0.062469,-0.008777,-0.001626,-0.114242,-0.238802,0.289166
25.793951,-0.952762,-0.999900,-0.785258,-0.793972,-1.031688,-0.823251,0.487624,-0.312727,-1.104150,-0.467676,-0.123957,-0.717038,-0.657067,0.287969,-0.873300,-0.267642,-0.070764,-1.835612,1.275950,1.250672,2.717598,-0.008118,-0.060408,-0.011023,0.000101,-0.113376,-0.240305,0.286504
25.794998,-0.950645,-1.000627,-0.785298,-0.793450,-1.029107,-0.822337,0.487090,-0.312642,-1.105164,-0.466882,-0.124268,-0.716827,-0.657315,0.288231,-0.873307,-0.267701,-0.070769,-1.835611,1.275843,1.250435,2.717870,-0.007741,-0.060024,-0.009406,0.000663,-0.111260,-0.238666,0.282457
25.795962,-0.951072,-0.999583,-0.786356,-0.793794,-1.029300,-0.821074,0.487579,-0.313051,-1.108781,-0.466674,-0.123745,-0.716671,-0.657565,0.288461,-0.873318,-0.267759,-0.070779,-1.835612,1.275725,1.250199,2.718152,-0.009001,-0.059299,-0.009519,-0.000112,-0.112834,-0.238531,0.282371
25.796961,-0.953614,-0.998415,-0.786245,-0.794081,-1.029977,-0.822188,0.486032,-0.313647,-1.115239,-0.466729,-0.121954,-0.716442,-0.657832,0.288677,-0.873325,-0.267818,-0.070788,-1.835612,1.275613,1.249957,2.718426,-0.008978,-0.059445,-0.009082,-0.000020,-0.111623,-0.238673,0.280217
25.797940,-0.953337,-0.999865,-0.787544,-0.794319,-1.028997,-0.821122,0.487161,-0.314402,-1.122739,-0.467014,-0.119661,-0.716157,-0.658063,0.288896,-0.873330,-0.267878,-0.070798,-1.835612,1.275504,1.249725,2.718711,-0.007939,-0.059639,-0.009242,-0.000005,-0.109984,-0.236478,0.282147
25.799010,-0.953711,-1.000464,-0.784275,-0.795198,-1.028219,-0.821846,0.487396,-0.315960,-1.130217,-0.468311,-0.117509,-0.715850,-0.658199,0.289116,-0.873339,-0.267936,-0.070805,-1.835612,1.275394,1.249487,2.718981,-0.008284,-0.058523,-0.008710,-0.000032,-0.110006,-0.236465,0.278693
25.799998,-0.952643,-1.000321,-0.786167,-0.792895,-1.025617,-0.822197,0.485404,-0.317399,-1.139122,-0.469459,-0.114917,-0.715448,-0.658394,0.289325,-0.873348,-0.267992,-0.070820,-1.835611,1.275287,1.249252,2.719253,-0.008311,-0.057913,-0.010416,0.000520,-0.109852,-0.234675,0.277086
25.801115,-0.954715,-0.999212,-0.787684,-0.795661,-1.025997,-0.821150,0.484586,-0.317053,-1.151200,-0.468382,-0.110754,-0.714815,-0.658820,0.289549,-0.873358,-0.268051,-0.070828,-1.835618,1.275170,1.249024,2.719536,-0.009025,-0.057606,-0.009565,-0.001896,-0.111437,-0.233292,0.279919
25.802096,-0.955210,-0.997676,-0.787552,-0.795784,-1.025755,-0.822013,0.483365,-0.315556,-1.165820,-0.465870,-0.104977,-0.713936,-0.659316,0.289839,-0.873366,-0.268112,-0.070835,-1.835611,1.275063,1.248793,2.719817,-0.008221,-0.057799,-0.008960,0.000437,-0.110100,-0.233346,0.280336
25.802988,-0.958772,-0.996723,-0.784954,-0.796057,-1.024256,-0.820805,0.484040,-0.314568,-1.178706,-0.463974,-0.100113,-0.713130,-0.659587,0.290209,-0.873373,-0.268170,-0.070843,-1.835612,1.274951,1.248564,2.720105,-0.008189,-0.058200,-0.009152,0.000293,-0.109365,-0.231420,0.281574
25.804035,-0.957695,-0.996155,-0.784452,-0.794605,-1.023993,-0.821576,0.482480,-0.314125,-1.186954,-0.462705,-0.097813,-0.712628,-0.659552,0.290641,-0.873376,-0.268229,-0.070854,-1.835612,1.274839,1.248336,2.720377,-0.006626,-0.058257,-0.010518,0.000334,-0.109876,-0.231579,0.279040
25.804935,-0.958024,-0.997059,-0.787690,-0.794684,-1.024017,-0.822879,0.482756,-0.313254,-1.191717,-0.460816,-0.097006,-0.712317,-0.659287,0.291112,-0.873385,-0.268285,-0.070866,-1.835618,1.274730,1.248108,2.720663,-0.007403,-0.058215,-0.010845,-0.001273,-0.109171,-0.229773,0.280994
25.806007,-0.959285,-0.997730,-0.784871,-0.796466,-1.023038,-0.823752,0.482386,-0.311758,-1.196034,-0.458070,-0.095761,-0.711962,-0.658875,0.291606,-0.873393,-0.268341,-0.070872,-1.835619,1.274622,1.247887,2.720934,-0.007404,-0.057374,-0.009332,-0.001407,-0.108179,-0.227444,0.279266
25.807028,-0.961765,-0.996110,-0.788491,-0.795462,-1.022623,-0.826161,0.482731,-0.310085,-1.201821,-0.455076,-0.093439,-0.711495,-0.658368,0.292102,-0.873400,-0.268397,-0.070885,-1.835615,1.274516,1.247670,2.721210,-0.007013,-0.056726,-0.010841,0.000013,-0.108254,-0.225636,0.278845
25.808011,-0.961737,-0.996145,-0.789349,-0.794008,-1.022309,-0.827086,0.482298,-0.308773,-1.208462,-0.452528,-0.090798,-0.710991,-0.657743,0.292588,-0.873403,-0.268453,-0.070889,-1.835617,1.274413,1.247451,2.721489,-0.006034,-0.057207,-0.009177,-0.001250,-0.107765,-0.222244,0.276961
25.809008,-0.963918,-0.998570,-0.789559,-0.794227,-1.022938,-0.830020,0.481073,-0.309164,-1.215891,-0.452093,-0.087445,-0.710352,-0.656857,0.293054,-0.873410,-0.268509,-0.070898,-1.835623,1.274308,1.247234,2.721764,-0.006279,-0.056836,-0.008862,-0.002838,-0.107167,-0.220362,0.276682
25.810005,-0.964542,-0.995990,-0.789684,-0.796404,-1.020907,-0.831331,0.482176,-0.311673,-1.226472,-0.454283,-0.081788,-0.709366,-0.655764,0.293476,-0.873414,-0.268559,-0.070906,-1.835625,1.274209,1.247023,2.722045,-0.005421,-0.055340,-0.008880,-0.002823,-0.105666,-0.216475,0.277961
25.810919,-0.960989,-0.996243,-0.790811,-0.797003,-1.020793,-0.833719,0.483029,-0.315467,-1.239713,-0.458031,-0.074561,-0.708144,-0.654672,0.293828,-0.873421,-0.268618,-0.070915,-1.835623,1.274103,1.246817,2.722313,-0.005341,-0.056270,-0.008924,-0.000937,-0.106796,-0.214285,0.274573
25.812070,-0.965309,-0.996468,-0.789653,-0.796036,-1.020679,-0.833172,0.482200,-0.319120,-1.251039,-0.461537,-0.068751,-0.707055,-0.653741,0.294115,-0.873433,-0.268673,-0.070922,-1.835624,1.274002,1.246616,2.722580,-0.007272,-0.055778,-0.008465,-0.000583,-0.106002,-0.210989,0.271744
25.812925,-0.965302,-0.995459,-0.790265,-0.796109,-1.020452,-0.832897,0.482374,-0.321469,-1.259535,-0.463395,-0.064762,-0.706144,-0.653066,0.294378,-0.873435,-0.268729,-0.070932,-1.835628,1.273900,1.246407,2.722852,-0.005391,-0.055376,-0.009190,-0.001777,-0.105244,-0.210700,0.272276
25.813928,-0.966434,-0.995427,-0.790717,-0.797143,-1.022008,-0.833707,0.482170,-0.323073,-1.267031,-0.464335,-0.061046,-0.705213,-0.652501,0.294656,-0.873444,-0.268784,-0.070940,-1.835631,1.273797,1.246201,2.723118,-0.005571,-0.055499,-0.008952,-0.001855,-0.104564,-0.210022,0.270792
25.815120,-0.963806,-0.996591,-0.792885,-0.798669,-1.022347,-0.836033,0.482625,-0.324704,-1.272957,-0.465300,-0.057716,-0.704275,-0.651862,0.294948,-0.873449,-0.268837,-0.070948,-1.835632,1.273702,1.245995,2.723385,-0.005243,-0.055204,-0.008857,-0.001079,-0.102168,-0.208304,0.270075
25.816106,-0.962994,-0.995288,-0.789269,-0.797021,-1.022669,-0.838612,0.481678,-0.326196,-1.276404,-0.466089,-0.055751,-0.703488,-0.651157,0.295243,-0.873461,-0.268890,-0.070954,-1.835630,1.273603,1.245799,2.723652,-0.006795,-0.054374,-0.007941,0.000088,-0.101011,-0.205191,0.268011
25.816958,-0.966722,-0.994489,-0.794434,-0.797775,-1.022919,-0.842000,0.481275,-0.323629,-1.279327,-0.461074,-0.054272,-0.702329,-0.650147,0.295819,-0.873472,-0.268998,-0.070971,-1.835635,1.273411,1.245416,2.724182,-0.005427,-0.054421,-0.007136,-0.000970,-0.098619,-0.196798,0.267898
25.818126,-0.966347,-0.996862,-0.792817,-0.796537,-1.023305,-0.842983,0.481335,-0.323629,-1.279327,-0.461074,-0.054272,-0.702329,-0.650147,0.295819,-0.873472,-0.268998,-0.070971,-1.835635,1.273411,1.245416,2.724182,-0.005427,-0.054421,-0.007136,-0.000970,-0.098619,-0.196798,0.267898
25.818999,-0.968357,-0.994394,-0.795011,-0.796478,-1.023930,-0.844037,0.481003,-0.322184,-1.281485,-0.458648,-0.052712,-0.701756,-0.649604,0.296082,-0.873476,-0.269048,-0.070980,-1.835638,1.273320,1.245227,2.724443,-0.005703,-0.052754,-0.007958,-0.002320,-0.097357,-0.194510,0.266183
25.820000,-0.966349,-0.994597,-0.794208,-0.794666,-1.023555,-0.845243,0.480377,-0.322628,-1.286707,-0.458760,-0.049006,-0.701033,-0.648879,0.296303,-0.873479,-0.269104,-0.070984,-1.835639,1.273228,1.245041,2.724709,-0.004747,-0.053440,-0.006852,-0.002462,-0.095842,-0.192200,0.265388
25.820965,-0.967349,-0.991121,-0.793641,-0.798276,-1.023050,-0.845685,0.480760,-0.324452,-1.294501,-0.460711,-0.043062,-0.700151,-0.647998,0.296494,-0.873487,-0.269154,-0.070993,-1.835645,1.273138,1.244856,2.724976,-0.005778,-0.052833,-0.007239,-0.004272,-0.095358,-0.189724,0.265115
25.821968,-0.969912,-0.989744,-0.796593,-0.796278,-1.022996,-0.847510,0.480318,-0.326418,-1.301449,-0.462860,-0.036830,-0.699324,-0.647065,0.296694,-0.873491,-0.269211,-0.071003,-1.835638,1.273045,1.244674,2.725233,-0.005306,-0.054006,-0.007468,-0.000895,-0.094973,-0.188036,0.262852
25.823004,-0.964227,-0.985732,-0.793131,-0.797802,-1.024968,-0.849235,0.481304,-0.328768,-1.302908,-0.465384,-0.033248,-0.698854,-0.646020,0.296938,-0.873493,-0.269266,-0.071009,-1.835646,1.272955,1.244497,2.725494,-0.004093,-0.054139,-0.005983,-0.002884,-0.094150,-0.184975,0.262246
25.823966,-0.963680,-0.986577,-0.794113,-0.797232,-1.025951,-0.851354,0.480259,-0.331330,-1.296627,-0.467983,-0.033548,-0.698825,-0.644865,0.297221,-0.873507,-0.269324,-0.071018,-1.835645,1.272874,1.244322,2.725744,-0.006923,-0.055574,-0.007708,-0.001484,-0.091381,-0.182035,0.258764
25.824983,-0.967125,-0.984556,-0.797935,-0.797268,-1.025238,-0.852374,0.479603,-0.330916,-1.282967,-0.466703,-0.037686,-0.699210,-0.643973,0.297527,-0.873513,-0.269377,-0.071023,-1.835648,1.272788,1.244153,2.726005,-0.007189,-0.054603,-0.007210,-0.002132,-0.089587,-0.178743,0.259405
25.826038,-0.969104,-0.984332,-0.795634,-0.798831,-1.025871,-0.852473,0.479750,-0.328333,-1.264918,-0.462671,-0.044204,-0.699830,-0.643322,0.297842,-0.873516,-0.269434,-0.071025,-1.835651,1.272698,1.243984,2.726268,-0.005525,-0.055063,-0.005332,-0.002166,-0.089444,-0.176554,0.259187
25.827025,-0.963993,-0.984072,-0.797818,-0.799229,-1.027531,-0.851960,0.478284,-0.327374,-1.244667,-0.460709,-0.051955,-0.700531,-0.642525,0.298148,-0.873518,-0.269487,-0.071035,-1.835649,1.272610,1.243813,2.726521,-0.004620,-0.054642,-0.006463,-0.000764,-0.087955,-0.175269,0.257374
25.828000,-0.963340,-0.979773,-0.795082,-0.798034,-1.027919,-0.851289,0.477820,-0.327879,-1.222618,-0.460624,-0.061111,-0.701328,-0.641617,0.298437,-0.873530,-0.269539,-0.071038,-1.835650,1.272526,1.243639,2.726782,-0.007170,-0.054263,-0.005389,-0.000479,-0.085486,-0.174579,0.258840
25.828988,-0.965855,-0.979720,-0.796517,-0.797579,-1.030295,-0.851343,0.475755,-0.327224,-1.199025,-0.459146,-0.071446,-0.702167,-0.640841,0.298724,-0.873538,-0.269599,-0.071048,-1.835655,1.272444,1.243468,2.727043,-0.007473,-0.055812,-0.006737,-0.001698,-0.084324,-0.174068,0.258252
25.830100,-0.964988,-0.981308,-0.795605,-0.796336,-1.030052,-0.851980,0.475811,-0.324748,-1.173956,-0.455458,-0.082298,-0.702936,-0.640164,0.299039,-0.873540,-0.269653,-0.071052,-1.835658,1.272367,1.243297,2.727308,-0.006274,-0.055283,-0.006013,-0.002207,-0.081182,-0.172823,0.260895
25.830986,-0.967950,-0.979997,-0.797718,-0.796725,-1.031820,-0.854598,0.475916,-0.321729,-1.151107,-0.451200,-0.091473,-0.703391,-0.639483,0.299383,-0.873548,-0.269704,-0.071060,-1.835664,1.272285,1.243131,2.727564,-0.006743,-0.053996,-0.006466,-0.003452,-0.080677,-0.171005,0.259201
25.831978,-0.966365,-0.980863,-0.798647,-0.797507,-1.030164,-0.855074,0.475081,-0.319349,-1.134434,-0.447875,-0.097038,-0.703352,-0.638802,0.299721,-0.873551,-0.269758,-0.071062,-1.835665,1.272213,1.242974,2.727813,-0.005297,-0.054111,-0.005436,-0.003135,-0.078199,-0.167283,0.257583
25.832967,-0.965401,-0.977100,-0.799099,-0.799189,-1.033608,-0.854262,0.476013,-0.318661,-1.123595,-0.446774,-0.099575,-0.702938,-0.638088,0.300034,-0.873561,-0.269809,-0.071066,-1.835666,1.272133,1.242812,2.728074,-0.006097,-0.053163,-0.005007,-0.002455,-0.079124,-0.165690,0.257773
25.833967,-0.967366,-0.975509,-0.797889,-0.797083,-1.033667,-0.854954,0.475162,-0.319423,-1.114876,-0.447567,-0.101594,-0.702479,-0.637335,0.300326,-0.873568,-0.269866,-0.071069,-1.835665,1.272067,1.242650,2.728323,-0.006594,-0.054498,-0.004812,-0.000927,-0.074999,-0.165384,0.254418
25.835087,-0.963133,-0.975034,-0.797717,-0.797323,-1.034100,-0.856593,0.475517,-0.320573,-1.104150,-0.448879,-0.105235,-0.702253,-0.636536,0.300599,-0.873571,-0.269920,-0.071075,-1.835672,1.271995,1.242491,2.728576,-0.005662,-0.054741,-0.005429,-0.003037,-0.074291,-0.163562,0.254679
25.836088,-0.965988,-0.973538,-0.800565,-0.796387,-1.035250,-0.857633,0.476604,-0.320829,-1.091870,-0.449096,-0.109688,-0.702191,-0.635789,0.300836,-0.873583,-0.269973,-0.071081,-1.835673,1.271925,1.242336,2.728826,-0.007780,-0.054471,-0.005525,-0.002894,-0.073191,-0.160801,0.252424
25.837086,-0.969462,-0.973776,-0.798088,-0.797687,-1.037111,-0.858857,0.475712,-0.319804,-1.080388,-0.447755,-0.113468,-0.702128,-0.635188,0.301009,-0.873587,-0.270028,-0.071082,-1.835678,1.271859,1.242184,2.729065,-0.006367,-0.054671,-0.004140,-0.003844,-0.071405,-0.158695,0.248820
25.838002,-0.968681,-0.977590,-0.800441,-0.798456,-1.038094,-0.861088,0.476604,-0.319386,-1.070197,-0.447197,-0.116555,-0.702053,-0.634575,0.301111,-0.873590,-0.270082,-0.071090,-1.835679,1.271794,1.242029,2.729314,-0.004693,-0.054006,-0.005384,-0.002627,-0.068925,-0.156378,0.249182
25.839040,-0.966054,-0.977464,-0.802741,-0.797472,-1.037387,-0.863760,0.475891,-0.320630,-1.063175,-0.448703,-0.118688,-0.701946,-0.633951,0.301159,-0.873597,-0.270127,-0.071091,-1.835682,1.271728,1.241879,2.729557,-0.005120,-0.051637,-0.004233,-0.001923,-0.067320,-0.153088,0.245966
25.840072,-0.963592,-0.975547,-0.802300,-0.799387,-1.036889,-0.862934,0.476701,-0.323054,-1.063015,-0.451689,-0.118345,-0.701630,-0.633526,0.301162,-0.873606,-0.270178,-0.071091,-1.835687,1.271661,1.241735,2.729801,-0.006439,-0.051229,-0.003163,-0.002922,-0.067402,-0.149380,0.245969
25.840948,-0.966877,-0.976353,-0.805445,-0.796573,-1.039380,-0.863076,0.477985,-0.325405,-1.068850,-0.454615,-0.115690,-0.701075,-0.633411,0.301135,-0.873616,-0.270231,-0.071096,-1.835685,1.271595,1.241589,2.730040,-0.007654,-0.051679,-0.003412,-0.001177,-0.067279,-0.149196,0.242885
25.841971,-0.966832,-0.976374,-0.802414,-0.798083,-1.037902,-0.861934,0.476765,-0.327593,-1.077426,-0.457381,-0.111905,-0.700371,-0.633457,0.301100,-0.873619,-0.270278,-0.071095,-1.835695,1.271538,1.241444,2.730266,-0.006035,-0.050793,-0.001893,-0.003910,-0.064214,-0.148033,0.239001
25.843008,-0.966588,-0.973076,-0.802188,-0.797798,-1.038723,-0.861992,0.478027,-0.330844,-1.088966,-0.461528,-0.106334,-0.699442,-0.633438,0.301079,-0.873628,-0.270328,-0.071101,-1.835696,1.271470,1.241296,2.730506,-0.006076,-0.050295,-0.003450,-0.002456,-0.065092,-0.148134,0.240054
25.843996,-0.966343,-0.974864,-0.802663,-0.797591,-1.039254,-0.862541,0.478275,-0.334164,-1.101429,-0.465776,-0.099907,-0.698418,-0.633384,0.301104,-0.873635,-0.270383,-0.071104,-1.835698,1.271409,1.241149,2.730735,-0.006219,-0.051421,-0.003591,-0.002853,-0.063666,-0.147014,0.236082
25.845053,-0.967932,-0.969445,-0.801150,-0.798157,-1.040135,-0.860462,0.478658,-0.336278,-1.112167,-0.468487,-0.094016,-0.697481,-0.633387,0.301165,-0.873641,-0.270430,-0.071106,-1.835701,1.271348,1.241008,2.730963,-0.006368,-0.050048,-0.003391,-0.003121,-0.062564,-0.145453,0.234241
25.845999,-0.966811,-0.970071,-0.803308,-0.797628,-1.039687,-0.860988,0.479208,-0.338084,-1.122108,-0.470607,-0.086911,-0.696129,-0.633265,0.301341,-0.873653,-0.270533,-0.071112,-1.835706,1.271234,1.240717,2.731418,-0.006199,-0.051433,-0.003137,-0.003228,-0.061070,-0.144934,0.229621
25.846980,-0.967172,-0.969016,-0.806905,-0.799407,-1.041108,-0.862098,0.478534,-0.338084,-1.122108,-0.470607,-0.086911,-0.696129,-0.633265,0.301341,-0.873653,-0.270533,-0.071112,-1.835706,1.271234,1.240717,2.731418,-0.006199,-0.051433,-0.003137,-0.003228,-0.061070,-0.144934,0.229621
25.847948,-0.968457,-0.967436,-0.803267,-0.798907,-1.043390,-0.861303,0.479423,-0.339675,-1.119145,-0.472370,-0.086977,-0.695808,-0.632921,0.301462,-0.873659,-0.270584,-0.071109,-1.835705,1.271180,1.240577,2.731643,-0.006036,-0.051461,-0.001441,-0.001579,-0.059126,-0.142820,0.229636
25.848984,-0.965990,-0.968407,-0.803628,-0.799753,-1.043085,-0.859763,0.479579,-0.342797,-1.111904,-0.476006,-0.089458,-0.695753,-0.632378,0.301593,-0.873664,-0.270634,-0.071115,-1.835708,1.271129,1.240435,2.731863,-0.005432,-0.051765,-0.003289,-0.002157,-0.056351,-0.142628,0.226499
25.850041,-0.966641,-0.971023,-0.804559,-0.798996,-1.043648,-0.858722,0.479558,-0.347141,-1.091760,-0.480811,-0.098133,-0.696148,-0.631434,0.301842,-0.873677,-0.270729,-0.071118,-1.835712,1.271022,1.240152,2.732300,-0.006403,-0.049049,-0.002734,-0.002242,-0.055118,-0.143172,0.223531
25.850991,-0.967623,-0.967915,-0.803777,-0.798509,-1.044353,-0.859048,0.480307,-0.347141,-1.091760,-0.480811,-0.098133,-0.696148,-0.631434,0.301842,-0.873677,-0.270729,-0.071118,-1.835712,1.271022,1.240152,2.732300,-0.006403,-0.049049,-0.002734,-0.002242,-0.055118,-0.143172,0.223531
25.852011,-0.964007,-0.970594,-0.805038,-0.800131,-1.045178,-0.859136,0.480934,-0.347902,-1.086565,-0.481424,-0.099994,-0.696090,-0.631196,0.301961,-0.873681,-0.270780,-0.071123,-1.835715,1.270973,1.240015,2.732516,-0.005954,-0.050118,-0.003148,-0.002774,-0.053955,-0.141856,0.220712
25.853016,-0.963868,-0.969846,-0.806407,-0.799144,-1.045669,-0.858833,0.481471,-0.347980,-1.084656,-0.481109,-0.100086,-0.695843,-0.631127,0.302074,-0.873693,-0.270825,-0.071123,-1.835713,1.270923,1.239878,2.732728,-0.007746,-0.048329,-0.002573,-0.001307,-0.052655,-0.140785,0.218143
25.853935,-0.962684,-0.969632,-0.806141,-0.799528,-1.045619,-0.858814,0.481018,-0.346964,-1.085628,-0.479355,-0.098954,-0.695482,-0.631334,0.302178,-0.873699,-0.270872,-0.071124,-1.835718,1.270872,1.239736,2.732939,-0.007825,-0.048261,-0.001957,-0.002344,-0.051696,-0.140077,0.215758
25.855068,-0.962780,-0.967751,-0.805986,-0.801135,-1.047578,-0.859524,0.481508,-0.345095,-1.089593,-0.476524,-0.096426,-0.694964,-0.631791,0.302290,-0.873708,-0.270920,-0.071128,-1.835719,1.270823,1.239600,2.733151,-0.008415,-0.047900,-0.002113,-0.002031,-0.051292,-0.139129,0.215413
25.855991,-0.967740,-0.970841,-0.807902,-0.801685,-1.047976,-0.858684,0.481377,-0.342303,-1.093740,-0.472561,-0.093992,-0.694446,-0.632437,0.302436,-0.873716,-0.270969,-0.071130,-1.835716,1.270781,1.239464,2.733359,-0.008379,-0.048384,-0.002255,-0.000633,-0.048933,-0.137413,0.213055
25.856938,-0.967718,-0.966750,-0.806474,-0.801387,-1.048932,-0.857851,0.481552,-0.339885,-1.096293,-0.469112,-0.093048,-0.694120,-0.633137,0.302603,-0.873714,-0.271012,-0.071128,-1.835715,1.270734,1.239327,2.733571,-0.005984,-0.046395,-0.001373,-0.000235,-0.048111,-0.137297,0.212055
25.857955,-0.964836,-0.967375,-0.805439,-0.801040,-1.047815,-0.857726,0.482318,-0.339937,-1.097691,-0.468789,-0.093343,-0.693976,-0.633655,0.302769,-0.873720,-0.271063,-0.071130,-1.835715,1.270688,1.239194,2.733774,-0.006047,-0.047970,-0.002145,-0.000657,-0.046720,-0.137177,0.210447
25.859045,-0.967543,-0.965424,-0.806624,-0.800338,-1.049066,-0.855307,0.480994,-0.341073,-1.097225,-0.469825,-0.094683,-0.693979,-0.634052,0.302937,-0.873732,-0.271108,-0.071133,-1.835718,1.270638,1.239060,2.733974,-0.007461,-0.047207,-0.002700,-0.001085,-0.047389,-0.136324,0.207632
25.860010,-0.967661,-0.964252,-0.808477,-0.802462,-1.048884,-0.854622,0.482821,-0.341510,-1.095043,-0.469992,-0.096454,-0.694035,-0.634458,0.303121,-0.873737,-0.271157,-0.071133,-1.835720,1.270597,1.238919,2.734187,-0.006132,-0.047728,-0.002173,-0.001873,-0.045746,-0.137745,0.208967
25.861013,-0.964138,-0.963866,-0.807348,-0.801394,-1.048228,-0.853718,0.482980,-0.342715,-1.090445,-0.471124,-0.098982,-0.694170,-0.634680,0.303338,-0.873742,-0.271207,-0.071133,-1.835717,1.270548,1.238785,2.734382,-0.006125,-0.047821,-0.001311,0.000073,-0.045484,-0.137453,0.204023
25.862005,-0.964985,-0.965535,-0.805299,-0.801416,-1.049535,-0.851993,0.483606,-0.344890,-1.082236,-0.473476,-0.103184,-0.694486,-0.634692,0.303582,-0.873752,-0.271253,-0.071136,-1.835721,1.270504,1.238648,2.734584,-0.007885,-0.047565,-0.001929,-0.001060,-0.045737,-0.137375,0.202465
25.863017,-0.969450,-0.965125,-0.805672,-0.803090,-1.050201,-0.850867,0.484171,-0.345597,-1.073375,-0.474047,-0.107534,-0.694805,-0.634812,0.303842,-0.873759,-0.271297,-0.071139,-1.835721,1.270463,1.238511,2.734778,-0.007464,-0.046311,-0.002993,-0.001148,-0.044031,-0.138127,0.199968
25.864053,-0.965289,-0.965836,-0.805269,-0.803418,-1.050818,-0.850045,0.483649,-0.344735,-1.066470,-0.472704,-0.110876,-0.695012,-0.635096,0.304115,-0.873762,-0.271344,-0.071140,-1.835717,1.270421,1.238374,2.734973,-0.005280,-0.046073,-0.002865,0.000313,-0.042992,-0.138256,0.197593
25.864970,-0.966039,-0.967418,-0.806330,-0.803450,-1.049418,-0.851136,0.485658,-0.341801,-1.057873,-0.468468,-0.116509,-0.695411,-0.635903,0.304713,-0.873779,-0.271429,-0.071145,-1.835717,1.270337,1.238103,2.735348,-0.006996,-0.044113,-0.002613,0.000398,-0.043019,-0.136026,0.192185
25.865993,-0.967105,-0.966051,-0.806019,-0.802726,-1.049138,-0.850227,0.485724,-0.341801,-1.057873,-0.468468,-0.116509,-0.695411,-0.635903,0.304713,-0.873779,-0.271429,-0.071145,-1.835717,1.270337,1.238103,2.735348,-0.006996,-0.044113,-0.002613,0.000398,-0.043019,-0.136026,0.192185
25.866967,-0.967930,-0.961903,-0.810267,-0.803060,-1.050723,-0.849074,0.485964,-0.339484,-1.058847,-0.465272,-0.117211,-0.695399,-0.636569,0.304996,-0.873784,-0.271474,-0.071146,-1.835721,1.270293,1.237968,2.735538,-0.006510,-0.044387,-0.002838,-0.000372,-0.042879,-0.135976,0.190858
25.868018,-0.966945,-0.963205,-0.808852,-0.801937,-1.050975,-0.846541,0.486091,-0.338649,-1.060802,-0.463888,-0.117173,-0.695261,-0.637132,0.305272,-0.873790,-0.271524,-0.071143,-1.835720,1.270257,1.237833,2.735721,-0.006120,-0.045976,-0.000801,-0.000181,-0.040949,-0.136165,0.189190
25.869087,-0.965448,-0.962471,-0.809160,-0.803821,-1.051560,-0.844803,0.486820,-0.340540,-1.060292,-0.465860,-0.117803,-0.695133,-0.637362,0.305562,-0.873799,-0.271566,-0.071143,-1.835724,1.270219,1.237694,2.735906,-0.006626,-0.044909,-0.001607,-0.001364,-0.040365,-0.137706,0.187711
25.870081,-0.966020,-0.962346,-0.809107,-0.802851,-1.051117,-0.842906,0.488470,-0.343725,-1.058112,-0.469455,-0.118817,-0.695022,-0.637429,0.305843,-0.873807,-0.271610,-0.071145,-1.835718,1.270179,1.237554,2.736084,-0.007381,-0.044882,-0.001502,0.000275,-0.039418,-0.138421,0.185033
25.870933,-0.966480,-0.962355,-0.809296,-0.802782,-1.051386,-0.841777,0.488759,-0.346582,-1.055109,-0.472701,-0.120157,-0.694977,-0.637525,0.306076,-0.873814,-0.271652,-0.071145,-1.835720,1.270137,1.237415,2.736257,-0.007106,-0.044545,-0.001600,-0.000800,-0.039488,-0.139325,0.180566
25.872112,-0.966068,-0.963598,-0.806810,-0.803995,-1.052484,-0.840592,0.487232,-0.349166,-1.052398,-0.475691,-0.121229,-0.694953,-0.637622,0.306246,-0.873821,-0.271696,-0.071147,-1.835720,1.270099,1.237278,2.736432,-0.006881,-0.044107,-0.001542,-0.000971,-0.038853,-0.139486,0.178920
25.873098,-0.966708,-0.964177,-0.809103,-0.805143,-1.053256,-0.841881,0.488722,-0.351052,-1.051519,-0.477884,-0.121399,-0.694894,-0.637767,0.306364,-0.873829,-0.271736,-0.071150,-1.835718,1.270065,1.237139,2.736615,-0.007121,-0.043127,-0.002849,0.000051,-0.037450,-0.139650,0.180731
25.873931,-0.963546,-0.963928,-0.809055,-0.804841,-1.052744,-0.842401,0.489590,-0.351681,-1.052582,-0.478529,-0.121333,-0.694909,-0.638063,0.306437,-0.873834,-0.271778,-0.071150,-1.835716,1.270030,1.237006,2.736784,-0.006832,-0.042449,-0.001753,0.001026,-0.036365,-0.137380,0.176556
25.875073,-0.965242,-0.961288,-0.811455,-0.803577,-1.053183,-0.842563,0.489257,-0.351287,-1.055367,-0.477867,-0.121495,-0.695060,-0.638545,0.306455,-0.873844,-0.271820,-0.071150,-1.835716,1.269992,1.236872,2.736954,-0.008391,-0.042170,-0.001842,0.000594,-0.036541,-0.135929,0.173769
25.876049,-0.967506,-0.961035,-0.811355,-0.805581,-1.053113,-0.841709,0.487957,-0.350380,-1.059134,-0.476503,-0.121693,-0.695274,-0.639132,0.306439,-0.873851,-0.271863,-0.071150,-1.835721,1.269958,1.236743,2.737126,-0.007553,-0.043107,-0.000719,-0.000701,-0.035792,-0.134807,0.173242
25.876940,-0.964679,-0.961518,-0.811791,-0.804265,-1.053916,-0.840989,0.489240,-0.350584,-1.061686,-0.476422,-0.122502,-0.695571,-0.639578,0.306448,-0.873855,-0.271905,-0.071150,-1.835716,1.269923,1.236611,2.737303,-0.006476,-0.042836,-0.000845,0.001082,-0.035545,-0.134725,0.174700
25.878025,-0.965787,-0.965353,-0.811012,-0.804682,-1.053479,-0.840152,0.489276,-0.352490,-1.062382,-0.478314,-0.124282,-0.695987,-0.639822,0.306501,-0.873865,-0.271945,-0.071150,-1.835718,1.269890,1.236478,2.737467,-0.007882,-0.042199,-0.000687,-0.000336,-0.034435,-0.134499,0.171016
25.879050,-0.965376,-0.965595,-0.811067,-0.805904,-1.054561,-0.837697,0.489107,-0.354686,-1.065334,-0.480424,-0.124911,-0.696282,-0.640123,0.306548,-0.873871,-0.271981,-0.071153,-1.835719,1.269856,1.236342,2.737631,-0.007341,-0.039960,-0.001136,-0.000008,-0.034585,-0.134348,0.169808
25.880064,-0.966218,-0.966434,-0.809477,-0.804922,-1.054575,-0.836771,0.488253,-0.357472,-1.087429,-0.482351,-0.118627,-0.696027,-0.641431,0.306508,-0.873886,-0.272056,-0.071158,-1.835720,1.269794,1.236070,2.737967,-0.007161,-0.038757,-0.001993,-0.000032,-0.032931,-0.135766,0.169582
25.881068,-0.965353,-0.965018,-0.811813,-0.804831,-1.054905,-0.836328,0.487764,-0.357472,-1.087429,-0.482351,-0.118627,-0.696027,-0.641431,0.306508,-0.873886,-0.272056,-0.071158,-1.835720,1.269794,1.236070,2.737967,-0.007161,-0.038757,-0.001993,-0.000032,-0.032931,-0.135766,0.169582
25.881980,-0.966990,-0.963948,-0.813680,-0.804243,-1.054993,-0.835633,0.487772,-0.357929,-1.103979,-0.482068,-0.112784,-0.695529,-0.642318,0.306445,-0.873894,-0.272096,-0.071157,-1.835720,1.269764,1.235936,2.738137,-0.007607,-0.039108,-0.000894,-0.000244,-0.032333,-0.135237,0.169408
25.882967,-0.968744,-0.968708,-0.810099,-0.805298,-1.056488,-0.836948,0.487424,-0.359159,-1.121112,-0.482780,-0.106130,-0.694846,-0.643064,0.306356,-0.873900,-0.272135,-0.071157,-1.835722,1.269733,1.235801,2.738305,-0.006792,-0.039275,-0.000025,-0.000912,-0.031968,-0.134974,0.168288
25.883970,-0.967930,-0.967602,-0.810666,-0.806218,-1.057615,-0.837597,0.485948,-0.361817,-1.138765,-0.485361,-0.098829,-0.694033,-0.643602,0.306231,-0.873905,-0.272167,-0.071163,-1.835720,1.269706,1.235674,2.738474,-0.005964,-0.036594,-0.001842,-0.000012,-0.030223,-0.132717,0.167858
25.885050,-0.969630,-0.965136,-0.810409,-0.804950,-1.057779,-0.836938,0.485963,-0.365925,-1.178152,-0.489267,-0.083203,-0.692431,-0.644944,0.305942,-0.873917,-0.272244,-0.071166,-1.835720,1.269648,1.235417,2.738809,-0.005592,-0.037717,-0.001784,-0.000664,-0.028434,-0.130869,0.168468
25.886008,-0.969885,-0.962877,-0.808910,-0.805040,-1.057817,-0.836686,0.484010,-0.366775,-1.193094,-0.489744,-0.077616,-0.691995,-0.645601,0.305822,-0.873921,-0.272283,-0.071171,-1.835721,1.269618,1.235287,2.738985,-0.005513,-0.038486,-0.002554,-0.000650,-0.028130,-0.130180,0.171265
25.886979,-0.967828,-0.969954,-0.811985,-0.806184,-1.057856,-0.834925,0.483826,-0.366775,-1.193094,-0.489744,-0.077616,-0.691995,-0.645601,0.305822,-0.873921,-0.272283,-0.071171,-1.835721,1.269618,1.235287,2.738985,-0.005513,-0.038486,-0.002554,-0.000650,-0.028130,-0.130180,0.171265
25.888012,-0.966607,-0.967843,-0.813458,-0.806562,-1.056637,-0.835402,0.482598,-0.366943,-1.204883,-0.489342,-0.073166,-0.691788,-0.646212,0.305714,-0.873929,-0.272311,-0.071169,-1.835719,1.269589,1.235153,2.739152,-0.006556,-0.034676,-0.001082,0.000337,-0.027828,-0.130998,0.170481
25.888980,-0.967500,-0.966387,-0.812179,-0.808155,-1.056211,-0.835884,0.480914,-0.366955,-1.218151,-0.488767,-0.068038,-0.691623,-0.646886,0.305622,-0.873936,-0.272348,-0.071168,-1.835721,1.269555,1.235028,2.739326,-0.007191,-0.035446,-0.000440,0.000612,-0.028761,-0.129577,0.171782
25.890105,-0.967869,-0.963025,-0.813315,-0.807233,-1.056824,-0.835362,0.481208,-0.366949,-1.230917,-0.488216,-0.063458,-0.691594,-0.647594,0.305590,-0.873942,-0.272387,-0.071173,-1.835718,1.269523,1.234903,2.739506,-0.006756,-0.035810,-0.001109,0.002010,-0.028891,-0.128191,0.173992
25.890985,-0.967815,-0.967581,-0.813137,-0.808130,-1.055698,-0.835527,0.480569,-0.366756,-1.237642,-0.487444,-0.062043,-0.691925,-0.648216,0.305638,-0.873947,-0.272427,-0.071172,-1.835718,1.269497,1.234777,2.739674,-0.006633,-0.037151,-0.000618,0.000919,-0.028048,-0.127783,0.172172
25.891950,-0.967817,-0.963233,-0.813262,-0.808544,-1.057228,-0.835828,0.480704,-0.366637,-1.238930,-0.486792,-0.063191,-0.692494,-0.648707,0.305726,-0.873953,-0.272457,-0.071173,-1.835717,1.269466,1.234652,2.739855,-0.006675,-0.034572,-0.000771,0.001704,-0.028908,-0.126720,0.172338
25.892998,-0.968610,-0.962631,-0.813010,-0.807274,-1.055802,-0.836494,0.479918,-0.366502,-1.237642,-0.486181,-0.065536,-0.693130,-0.649144,0.305828,-0.873960,-0.272497,-0.071175,-1.835717,1.269440,1.234528,2.740023,-0.006690,-0.036409,-0.000749,0.001985,-0.027123,-0.125517,0.170933
25.894007,-0.966875,-0.962862,-0.811726,-0.806501,-1.055802,-0.836776,0.478818,-0.366148,-1.232776,-0.485324,-0.069419,-0.693848,-0.649516,0.305940,-0.873965,-0.272532,-0.071176,-1.835720,1.269412,1.234405,2.740192,-0.006335,-0.036391,-0.000945,0.000627,-0.028335,-0.123940,0.171359
25.895067,-0.970569,-0.962834,-0.815474,-0.807567,-1.055512,-0.834813,0.479758,-0.364986,-1.225368,-0.483439,-0.073697,-0.694478,-0.649867,0.306042,-0.873974,-0.272567,-0.071180,-1.835722,1.269383,1.234282,2.740366,-0.007214,-0.035965,-0.001611,-0.000225,-0.028061,-0.122761,0.172403
25.896077,-0.966574,-0.964397,-0.812684,-0.807169,-1.057403,-0.833428,0.479421,-0.363690,-1.218154,-0.481326,-0.076880,-0.694849,-0.650159,0.306094,-0.873975,-0.272600,-0.071177,-1.835718,1.269357,1.234157,2.740534,-0.005436,-0.035703,0.000178,0.000628,-0.028129,-0.123825,0.169321
25.897065,-0.969953,-0.962224,-0.812424,-0.807185,-1.058866,-0.832872,0.479411,-0.363502,-1.212058,-0.480491,-0.078903,-0.694982,-0.650267,0.306078,-0.873987,-0.272633,-0.071182,-1.835719,1.269335,1.234032,2.740702,-0.007432,-0.034626,-0.001268,0.000110,-0.026029,-0.124288,0.168880
25.897940,-0.969794,-0.963051,-0.817516,-0.807089,-1.058804,-0.832945,0.479370,-0.363297,-1.207169,-0.479486,-0.079977,-0.694939,-0.650303,0.306003,-0.873990,-0.272668,-0.071182,-1.835721,1.269312,1.233903,2.740870,-0.005770,-0.035420,-0.001454,0.000047,-0.024373,-0.123904,0.167763
25.899015,-0.967040,-0.962601,-0.814884,-0.806747,-1.058953,-0.831740,0.479618,-0.363940,-1.202351,-0.479371,-0.080691,-0.694806,-0.650159,0.305887,-0.873997,-0.272699,-0.071179,-1.835722,1.269287,1.233782,2.741037,-0.005871,-0.034725,0.001014,-0.000149,-0.024232,-0.122954,0.166775
25.900012,-0.967948,-0.963870,-0.814320,-0.807988,-1.060223,-0.831824,0.479474,-0.366663,-1.197689,-0.481726,-0.080966,-0.694572,-0.649720,0.305748,-0.874007,-0.272733,-0.071182,-1.835724,1.269263,1.233657,2.741200,-0.007250,-0.034666,-0.000384,-0.000584,-0.023878,-0.123248,0.165124
25.900935,-0.968086,-0.960612,-0.814927,-0.807657,-1.060377,-0.831023,0.478386,-0.370474,-1.189364,-0.484201,-0.080856,-0.693975,-0.648899,0.305469,-0.874020,-0.272798,-0.071184,-1.835722,1.269220,1.233412,2.741529,-0.006755,-0.035101,-0.000461,0.000034,-0.022094,-0.122182,0.165407
25.902056,-0.969364,-0.964845,-0.814969,-0.807398,-1.060620,-0.830772,0.477933,-0.370474,-1.189364,-0.484201,-0.080856,-0.693975,-0.648899,0.305469,-0.874020,-0.272798,-0.071184,-1.835722,1.269220,1.233412,2.741529,-0.006755,-0.035101,-0.000461,0.000034,-0.022094,-0.122182,0.165407
25.903018,-0.971621,-0.962528,-0.816490,-0.807644,-1.060389,-0.830735,0.478318,-0.371452,-1.184177,-0.484259,-0.081452,-0.693795,-0.648537,0.305364,-0.874023,-0.272828,-0.071186,-1.835724,1.269198,1.233290,2.741697,-0.006181,-0.032721,-0.000498,-0.000327,-0.021664,-0.121512,0.165109
25.904011,-0.966472,-0.964739,-0.813235,-0.809612,-1.059812,-0.829297,0.479034,-0.373431,-1.180840,-0.485622,-0.081015,-0.693580,-0.648121,0.305250,-0.874028,-0.272865,-0.071185,-1.835724,1.269177,1.233173,2.741853,-0.005092,-0.033568,0.000187,-0.000201,-0.021724,-0.120692,0.163253
25.905073,-0.965973,-0.963744,-0.814352,-0.807105,-1.059025,-0.827826,0.480134,-0.375729,-1.178821,-0.487449,-0.080050,-0.693434,-0.647757,0.305089,-0.874039,-0.272894,-0.071191,-1.835718,1.269153,1.233050,2.742009,-0.007663,-0.032206,-0.001465,0.001518,-0.022102,-0.121240,0.160730
25.906011,-0.967768,-0.961501,-0.815538,-0.809461,-1.058783,-0.826578,0.478896,-0.375502,-1.177584,-0.486207,-0.078819,-0.693389,-0.647715,0.304877,-0.874047,-0.272928,-0.071190,-1.835724,1.269131,1.232927,2.742163,-0.007902,-0.032434,-0.000978,-0.001034,-0.022700,-0.121805,0.157416
25.906984,-0.970571,-0.963897,-0.814464,-0.808279,-1.059620,-0.826799,0.480794,-0.373107,-1.176216,-0.482403,-0.077339,-0.693400,-0.647853,0.304648,-0.874053,-0.272961,-0.071191,-1.835718,1.269109,1.232806,2.742323,-0.007019,-0.033260,-0.000432,0.001111,-0.022755,-0.122169,0.158864
25.907939,-0.970363,-0.964560,-0.814380,-0.809674,-1.059104,-0.826461,0.481815,-0.371205,-1.172816,-0.479394,-0.076616,-0.693551,-0.647815,0.304433,-0.874056,-0.272987,-0.071194,-1.835720,1.269091,1.232687,2.742467,-0.005676,-0.031837,-0.001019,-0.000182,-0.021751,-0.121061,0.153978
25.909049,-0.972118,-0.962313,-0.814612,-0.809114,-1.058624,-0.827925,0.480971,-0.370534,-1.169430,-0.478096,-0.075945,-0.693780,-0.647594,0.304209,-0.874064,-0.273016,-0.071195,-1.835716,1.269066,1.232569,2.742608,-0.005802,-0.031273,-0.001115,0.001020,-0.022070,-0.120545,0.150946
25.909982,-0.971550,-0.965817,-0.814844,-0.808456,-1.058352,-0.826843,0.481515,-0.371783,-1.164432,-0.479191,-0.074130,-0.694356,-0.646854,0.303714,-0.874075,-0.273074,-0.071198,-1.835720,1.269022,1.232336,2.742909,-0.005289,-0.030158,-0.000986,-0.000390,-0.022442,-0.118440,0.149405
25.911033,-0.972872,-0.966405,-0.812787,-0.809300,-1.056538,-0.826877,0.480548,-0.371783,-1.164432,-0.479191,-0.074130,-0.694356,-0.646854,0.303714,-0.874075,-0.273074,-0.071198,-1.835720,1.269022,1.232336,2.742909,-0.005289,-0.030158,-0.000986,-0.000390,-0.022442,-0.118440,0.149405
25.912069,-0.971154,-0.962437,-0.811894,-0.808598,-1.058442,-0.827301,0.482097,-0.372901,-1.165994,-0.480585,-0.071089,-0.694410,-0.646504,0.303453,-0.874079,-0.273103,-0.071201,-1.835718,1.268995,1.232223,2.743061,-0.004670,-0.029656,-0.002070,0.000281,-0.024039,-0.117545,0.150276
25.913078,-0.973162,-0.964432,-0.816512,-0.809557,-1.057273,-0.827287,0.482096,-0.372703,-1.169687,-0.480420,-0.066928,-0.694301,-0.646366,0.303170,-0.874087,-0.273137,-0.071206,-1.835720,1.268979,1.232108,2.743196,-0.005552,-0.031369,-0.002531,-0.000521,-0.021976,-0.116260,0.146107
25.913943,-0.973759,-0.964626,-0.813834,-0.809421,-1.059942,-0.828485,0.481779,-0.371842,-1.171183,-0.479530,-0.061598,-0.694223,-0.646263,0.302528,-0.874097,-0.273194,-0.071208,-1.835718,1.268941,1.231886,2.743485,-0.004312,-0.029781,-0.001684,0.000013,-0.020146,-0.113435,0.144758
25.914950,-0.970044,-0.968168,-0.814719,-0.811187,-1.059787,-0.827038,0.483022,-0.372298,-1.171720,-0.480161,-0.059740,-0.694190,-0.646348,0.302198,-0.874109,-0.273217,-0.071208,-1.835712,1.268922,1.231771,2.743620,-0.006152,-0.027825,-0.001293,0.001521,-0.020172,-0.114054,0.141232
25.916008,-0.969567,-0.968101,-0.812238,-0.809670,-1.059312,-0.825330,0.482029,-0.372298,-1.171720,-0.480161,-0.059740,-0.694190,-0.646348,0.302198,-0.874109,-0.273217,-0.071208,-1.835712,1.268922,1.231771,2.743620,-0.006152,-0.027825,-0.001293,0.001521,-0.020172,-0.114054,0.141232
25.916973,-0.970513,-0.965199,-0.816854,-0.810171,-1.062014,-0.824301,0.481848,-0.370718,-1.175114,-0.478217,-0.057198,-0.694036,-0.646848,0.301883,-0.874116,-0.273243,-0.071214,-1.835717,1.268902,1.231658,2.743760,-0.006303,-0.027570,-0.002481,0.000031,-0.020439,-0.114675,0.142019
25.918009,-0.971102,-0.965021,-0.814840,-0.810002,-1.061223,-0.823723,0.479919,-0.366102,-1.183468,-0.472409,-0.051883,-0.693527,-0.648061,0.301384,-0.874125,-0.273302,-0.071212,-1.835716,1.268870,1.231429,2.744050,-0.005252,-0.028227,-0.001086,0.000347,-0.018105,-0.113647,0.143434
25.919068,-0.968143,-0.963095,-0.816437,-0.809973,-1.061766,-0.823254,0.480602,-0.366102,-1.183468,-0.472409,-0.051883,-0.693527,-0.648061,0.301384,-0.874125,-0.273302,-0.071212,-1.835716,1.268870,1.231429,2.744050,-0.005252,-0.028227,-0.001086,0.000347,-0.018105,-0.113647,0.143434
25.920093,-0.967385,-0.960598,-0.812355,-0.810573,-1.061568,-0.823080,0.479688,-0.365837,-1.182964,-0.472022,-0.051531,-0.693503,-0.648296,0.301197,-0.874136,-0.273332,-0.071209,-1.835716,1.268853,1.231319,2.744183,-0.006535,-0.028743,-0.000243,0.000320,-0.017315,-0.112800,0.140604
25.921016,-0.967414,-0.964625,-0.811609,-0.808768,-1.060736,-0.822247,0.479208,-0.364877,-1.177461,-0.470781,-0.053641,-0.693779,-0.648458,0.301037,-0.874143,-0.273362,-0.071217,-1.835714,1.268838,1.231209,2.744323,-0.006733,-0.029540,-0.002156,0.000875,-0.017313,-0.111672,0.141051
25.922041,-0.967564,-0.965124,-0.812472,-0.808236,-1.061942,-0.821988,0.479422,-0.361426,-1.168870,-0.466459,-0.057159,-0.694249,-0.648762,0.300910,-0.874149,-0.273384,-0.071218,-1.835718,1.268820,1.231101,2.744463,-0.006558,-0.027146,-0.002443,-0.000860,-0.017921,-0.111288,0.140676
25.922990,-0.966841,-0.964254,-0.811821,-0.808474,-1.061422,-0.821344,0.478285,-0.356014,-1.164183,-0.459752,-0.058258,-0.694483,-0.649263,0.300804,-0.874156,-0.273410,-0.071219,-1.835720,1.268807,1.230991,2.744599,-0.006319,-0.026514,-0.001933,-0.001330,-0.016505,-0.110245,0.138837
25.923933,-0.964825,-0.962733,-0.814106,-0.810138,-1.062764,-0.821225,0.478292,-0.350258,-1.165438,-0.452683,-0.055874,-0.694358,-0.649817,0.300716,-0.874163,-0.273437,-0.071222,-1.835720,1.268791,1.230880,2.744743,-0.006521,-0.026543,-0.002178,-0.001085,-0.016822,-0.109639,0.139773
25.925046,-0.966640,-0.964932,-0.813954,-0.810518,-1.062705,-0.821114,0.479443,-0.344866,-1.167931,-0.446091,-0.052835,-0.694194,-0.650272,0.300660,-0.874172,-0.273465,-0.071218,-1.835716,1.268779,1.230775,2.744877,-0.007354,-0.026891,-0.001010,0.000498,-0.015286,-0.108534,0.138415
25.925976,-0.965986,-0.961827,-0.814234,-0.807987,-1.062154,-0.820666,0.477665,-0.340664,-1.168475,-0.440990,-0.051363,-0.694252,-0.650527,0.300616,-0.874176,-0.273487,-0.071220,-1.835714,1.268763,1.230669,2.745004,-0.006282,-0.025411,-0.001014,0.000816,-0.015136,-0.107321,0.134657
25.927045,-0.966074,-0.961048,-0.816354,-0.808544,-1.063580,-0.820551,0.477358,-0.338428,-1.168105,-0.438354,-0.050682,-0.694419,-0.650518,0.300555,-0.874185,-0.273516,-0.071220,-1.835720,1.268747,1.230568,2.745145,-0.006441,-0.026553,-0.000811,-0.001600,-0.015481,-0.106584,0.136935
25.928004,-0.968825,-0.960580,-0.813800,-0.808714,-1.062747,-0.820903,0.475466,-0.338490,-1.166974,-0.438594,-0.049895,-0.694526,-0.650165,0.300491,-0.874190,-0.273542,-0.071218,-1.835720,1.268734,1.230468,2.745280,-0.006246,-0.026519,0.000298,-0.001014,-0.013848,-0.105433,0.136090
25.929026,-0.967663,-0.960614,-0.813261,-0.806926,-1.063079,-0.820139,0.475631,-0.341002,-1.163675,-0.441869,-0.049707,-0.694611,-0.649464,0.300444,-0.874192,-0.273566,-0.071223,-1.835720,1.268719,1.230365,2.745425,-0.004748,-0.026381,-0.000894,-0.000850,-0.014501,-0.103860,0.138529
25.930001,-0.963087,-0.960185,-0.813447,-0.809043,-1.062868,-0.819382,0.475297,-0.345008,-1.159202,-0.446926,-0.049716,-0.694608,-0.648591,0.300412,-0.874198,-0.273591,-0.071223,-1.835726,1.268710,1.230262,2.745557,-0.005189,-0.025965,-0.001085,-0.002521,-0.014004,-0.103384,0.136781
25.931000,-0.964595,-0.959713,-0.812099,-0.808688,-1.064981,-0.819556,0.474112,-0.348395,-1.154775,-0.451087,-0.049316,-0.694446,-0.647816,0.300379,-0.874210,-0.273615,-0.071224,-1.835722,1.268698,1.230161,2.745691,-0.007271,-0.025805,-0.000928,-0.000459,-0.014042,-0.102928,0.136108
25.931939,-0.962356,-0.959527,-0.813892,-0.809009,-1.065958,-0.819913,0.472622,-0.349617,-1.149200,-0.452428,-0.049661,-0.694295,-0.647316,0.300358,-0.874215,-0.273639,-0.071225,-1.835724,1.268690,1.230063,2.745832,-0.006353,-0.025664,-0.001528,-0.000796,-0.011774,-0.101536,0.137103
25.933023,-0.962536,-0.956753,-0.814363,-0.809487,-1.066018,-0.820529,0.473221,-0.348971,-1.141909,-0.451362,-0.051373,-0.694266,-0.647048,0.300384,-0.874223,-0.273663,-0.071224,-1.835724,1.268680,1.229969,2.745977,-0.007313,-0.025383,-0.000582,-0.000470,-0.010658,-0.100027,0.138729
25.933987,-0.962286,-0.957072,-0.813603,-0.809485,-1.066711,-0.820596,0.472366,-0.347645,-1.132293,-0.449437,-0.054742,-0.694409,-0.646836,0.300452,-0.874229,-0.273692,-0.071224,-1.835724,1.268673,1.229872,2.746111,-0.007044,-0.026337,-0.000289,0.000009,-0.010474,-0.098153,0.136049
25.935029,-0.963595,-0.957377,-0.812919,-0.809031,-1.066023,-0.819852,0.471698,-0.346289,-1.119232,-0.447512,-0.060267,-0.694799,-0.646550,0.300529,-0.874236,-0.273716,-0.071226,-1.835724,1.268664,1.229779,2.746246,-0.007015,-0.025795,-0.000593,0.000002,-0.009623,-0.096932,0.136447
25.936016,-0.963728,-0.954187,-0.814341,-0.808603,-1.066599,-0.820312,0.469576,-0.345042,-1.104738,-0.445788,-0.066702,-0.695316,-0.646172,0.300601,-0.874240,-0.273741,-0.071224,-1.835726,1.268651,1.229684,2.746383,-0.006214,-0.025245,-0.000891,-0.000405,-0.010137,-0.096466,0.136368
25.936918,-0.960648,-0.955789,-0.814041,-0.808118,-1.066525,-0.820825,0.470011,-0.344530,-1.090433,-0.445044,-0.072831,-0.695818,-0.645629,0.300683,-0.874245,-0.273769,-0.071224,-1.835727,1.268644,1.229595,2.746529,-0.006016,-0.026437,-0.000116,-0.000816,-0.009419,-0.094845,0.139234
25.938084,-0.963041,-0.957009,-0.812400,-0.807223,-1.065983,-0.820210,0.468124,-0.344849,-1.076350,-0.445385,-0.078357,-0.696245,-0.644907,0.300781,-0.874255,-0.273792,-0.071224,-1.835727,1.268636,1.229507,2.746663,-0.007381,-0.025255,-0.000224,-0.001298,-0.009369,-0.093248,0.137029
25.939018,-0.964017,-0.956055,-0.811926,-0.807910,-1.066132,-0.822078,0.468253,-0.344984,-1.065621,-0.445555,-0.081620,-0.696407,-0.644195,0.300886,-0.874259,-0.273813,-0.071226,-1.835730,1.268626,1.229421,2.746810,-0.006012,-0.024283,-0.000957,-0.002118,-0.009756,-0.092628,0.139288
25.940008,-0.961521,-0.957842,-0.810672,-0.808642,-1.066427,-0.822778,0.467104,-0.344810,-1.060308,-0.445394,-0.081684,-0.696201,-0.643574,0.300999,-0.874264,-0.273838,-0.071227,-1.835730,1.268620,1.229342,2.746945,-0.005391,-0.024395,-0.001125,-0.001405,-0.009487,-0.089686,0.137676
25.940997,-0.964367,-0.955770,-0.813475,-0.809334,-1.067108,-0.823863,0.466522,-0.344070,-1.058858,-0.444543,-0.079842,-0.695791,-0.643124,0.301138,-0.874272,-0.273857,-0.071229,-1.835729,1.268612,1.229256,2.747084,-0.006477,-0.023170,-0.001673,-0.000713,-0.009049,-0.087861,0.138619
25.942015,-0.964257,-0.958925,-0.810070,-0.809207,-1.067430,-0.821755,0.467029,-0.342638,-1.060169,-0.442835,-0.075840,-0.695016,-0.642663,0.301556,-0.874278,-0.273897,-0.071229,-1.835727,1.268598,1.229086,2.747352,-0.004854,-0.021954,-0.001866,-0.000205,-0.007789,-0.086646,0.135995
25.943034,-0.962799,-0.956739,-0.812236,-0.809769,-1.068085,-0.821751,0.466649,-0.343067,-1.062446,-0.443304,-0.073915,-0.694676,-0.642480,0.301797,-0.874284,-0.273921,-0.071227,-1.835725,1.268594,1.229003,2.747483,-0.005435,-0.022697,-0.000717,0.000320,-0.007035,-0.085500,0.135400
25.944040,-0.964499,-0.957031,-0.813944,-0.810246,-1.068772,-0.822911,0.466738,-0.343067,-1.062446,-0.443304,-0.073915,-0.694676,-0.642480,0.301797,-0.874284,-0.273921,-0.071227,-1.835725,1.268594,1.229003,2.747483,-0.005435,-0.022697,-0.000717,0.000320,-0.007035,-0.085500,0.135400
25.944939,-0.958593,-0.957572,-0.813292,-0.810035,-1.066167,-0.822756,0.465891,-0.344580,-1.064462,-0.444999,-0.072653,-0.694430,-0.642223,0.302027,-0.874288,-0.273943,-0.071225,-1.835723,1.268591,1.228926,2.747615,-0.004438,-0.022188,0.000170,0.000753,-0.006262,-0.083236,0.133852
25.945980,-0.961561,-0.957973,-0.811366,-0.809315,-1.067917,-0.823361,0.465214,-0.347211,-1.065709,-0.448008,-0.072236,-0.694293,-0.641857,0.302232,-0.874302,-0.273964,-0.071225,-1.835723,1.268576,1.228845,2.747748,-0.007190,-0.021576,-0.000115,0.000535,-0.008696,-0.082359,0.134282
25.947085,-0.962081,-0.957500,-0.812023,-0.810748,-1.068274,-0.825377,0.466339,-0.348838,-1.068314,-0.449772,-0.071281,-0.694102,-0.641591,0.302388,-0.874305,-0.273984,-0.071227,-1.835725,1.268576,1.228770,2.747880,-0.005537,-0.021042,-0.000998,-0.000148,-0.006844,-0.080651,0.134238
25.948072,-0.960338,-0.955797,-0.812496,-0.811035,-1.069230,-0.825585,0.465941,-0.349205,-1.072424,-0.449988,-0.069680,-0.693867,-0.641443,0.302470,-0.874308,-0.274004,-0.071227,-1.835721,1.268571,1.228700,2.748001,-0.005165,-0.020951,-0.000592,0.001212,-0.006386,-0.077511,0.130548
25.948946,-0.963839,-0.956214,-0.812179,-0.809970,-1.067475,-0.827215,0.467147,-0.349364,-1.075148,-0.449920,-0.069237,-0.693833,-0.641291,0.302472,-0.874315,-0.274025,-0.071227,-1.835719,1.268566,1.228627,2.748129,-0.005881,-0.021468,-0.000298,0.001445,-0.005319,-0.076270,0.130045
25.950043,-0.961992,-0.958565,-0.813148,-0.810969,-1.067100,-0.826959,0.466205,-0.349954,-1.075145,-0.450325,-0.070484,-0.694062,-0.641045,0.302419,-0.874317,-0.274042,-0.071227,-1.835721,1.268554,1.228556,2.748248,-0.004008,-0.020966,-0.000409,0.000410,-0.006930,-0.073660,0.126397
25.950964,-0.962658,-0.957884,-0.808698,-0.811508,-1.068527,-0.827915,0.467224,-0.351739,-1.075259,-0.452170,-0.071662,-0.694333,-0.640671,0.302336,-0.874324,-0.274059,-0.071225,-1.835719,1.268548,1.228487,2.748378,-0.004779,-0.019480,0.000121,0.001385,-0.007167,-0.072834,0.126893
25.952000,-0.962771,-0.957488,-0.812481,-0.810294,-1.068766,-0.828921,0.467040,-0.353692,-1.077373,-0.454183,-0.072095,-0.694576,-0.640346,0.302254,-0.874328,-0.274079,-0.071231,-1.835717,1.268546,1.228419,2.748495,-0.004316,-0.019505,-0.002004,0.001868,-0.005657,-0.070889,0.123580
25.952966,-0.962124,-0.960772,-0.813421,-0.810151,-1.069290,-0.830531,0.466619,-0.354741,-1.080597,-0.455036,-0.072314,-0.694854,-0.640170,0.302198,-0.874332,-0.274100,-0.071226,-1.835719,1.268541,1.228355,2.748615,-0.004132,-0.019355,-0.000075,0.000687,-0.005315,-0.068853,0.122632
25.953971,-0.961128,-0.958942,-0.812644,-0.811834,-1.070384,-0.831748,0.466454,-0.356274,-1.086370,-0.456544,-0.071225,-0.695016,-0.640017,0.302183,-0.874336,-0.274115,-0.071225,-1.835719,1.268536,1.228296,2.748734,-0.004333,-0.017428,0.000437,0.000554,-0.004689,-0.066283,0.122200
25.955014,-0.961954,-0.958644,-0.809688,-0.810516,-1.068585,-0.832100,0.465613,-0.358705,-1.095512,-0.459301,-0.068579,-0.695024,-0.639907,0.302225,-0.874341,-0.274134,-0.071226,-1.835713,1.268534,1.228237,2.748852,-0.004687,-0.018058,0.000101,0.002109,-0.003507,-0.064090,0.121217
25.955976,-0.962383,-0.956260,-0.813304,-0.808811,-1.070156,-0.832455,0.465557,-0.360383,-1.104877,-0.461223,-0.066151,-0.695069,-0.639952,0.302325,-0.874344,-0.274152,-0.071229,-1.835717,1.268524,1.228178,2.748970,-0.004139,-0.017887,-0.001285,0.000839,-0.005174,-0.062742,0.121571
25.956924,-0.961994,-0.958136,-0.810922,-0.810324,-1.068206,-0.832757,0.466177,-0.361227,-1.112706,-0.462161,-0.064100,-0.695127,-0.640030,0.302470,-0.874347,-0.274172,-0.071225,-1.835721,1.268524,1.228117,2.749088,-0.003809,-0.018757,0.000563,-0.000766,-0.003519,-0.061427,0.120398
25.958000,-0.961585,-0.956688,-0.806391,-0.810148,-1.068842,-0.833286,0.466495,-0.362445,-1.119086,-0.463613,-0.061917,-0.695117,-0.639970,0.302633,-0.874350,-0.274187,-0.071229,-1.835717,1.268515,1.228061,2.749201,-0.003891,-0.017542,-0.000552,0.000689,-0.005362,-0.060202,0.117901
25.959025,-0.962391,-0.959482,-0.807711,-0.809173,-1.068961,-0.832856,0.467234,-0.359797,-1.128000,-0.460130,-0.058496,-0.695174,-0.640276,0.302908,-0.874355,-0.274218,-0.071236,-1.835719,1.268511,1.227946,2.749418,-0.003456,-0.016303,-0.001936,-0.000435,-0.004425,-0.058112,0.113170
25.960066,-0.959257,-0.961497,-0.809458,-0.809201,-1.069651,-0.832372,0.467248,-0.359797,-1.128000,-0.460130,-0.058496,-0.695174,-0.640276,0.302908,-0.874355,-0.274218,-0.071236,-1.835719,1.268511,1.227946,2.749418,-0.003456,-0.016303,-0.001936,-0.000435,-0.004425,-0.058112,0.113170
25.960942,-0.960089,-0.959563,-0.807651,-0.810646,-1.069235,-0.833882,0.467641,-0.355667,-1.135571,-0.454752,-0.054853,-0.695009,-0.640766,0.302994,-0.874362,-0.274232,-0.071234,-1.835719,1.268507,1.227891,2.749528,-0.004879,-0.015038,-0.001024,-0.000399,-0.003626,-0.057617,0.111851
25.961986,-0.962570,-0.959203,-0.810689,-0.808217,-1.069546,-0.835125,0.467481,-0.351127,-1.146504,-0.448768,-0.049568,-0.694695,-0.641332,0.303057,-0.874366,-0.274248,-0.071236,-1.835716,1.268502,1.227843,2.749635,-0.004316,-0.015752,-0.001868,0.000967,-0.003950,-0.055254,0.109904
25.962978,-0.961298,-0.956816,-0.809666,-0.809153,-1.069787,-0.836860,0.468257,-0.347219,-1.157166,-0.443508,-0.044544,-0.694422,-0.641768,0.303128,-0.874366,-0.274263,-0.071234,-1.835721,1.268497,1.227794,2.749742,-0.002983,-0.015645,-0.000288,-0.001364,-0.003528,-0.053073,0.108936
25.963944,-0.961907,-0.959317,-0.811193,-0.810543,-1.069324,-0.838224,0.467680,-0.345524,-1.165571,-0.440990,-0.040361,-0.694198,-0.641841,0.303222,-0.874370,-0.274283,-0.071236,-1.835719,1.268492,1.227749,2.749839,-0.003503,-0.016525,-0.000736,-0.000440,-0.003177,-0.050447,0.106153
25.965013,-0.962892,-0.956720,-0.809527,-0.809661,-1.070086,-0.837591,0.467090,-0.345804,-1.170529,-0.440952,-0.037919,-0.694112,-0.641613,0.303347,-0.874372,-0.274295,-0.071236,-1.835716,1.268486,1.227706,2.749944,-0.003094,-0.015019,0.000097,0.000862,-0.003537,-0.048225,0.106111
25.966008,-0.962625,-0.958842,-0.809807,-0.808787,-1.070510,-0.838772,0.467614,-0.347451,-1.171992,-0.442636,-0.037693,-0.694218,-0.641216,0.303507,-0.874373,-0.274314,-0.071239,-1.835717,1.268489,1.227660,2.750045,-0.002499,-0.016018,-0.000655,-0.000002,-0.002726,-0.047937,0.105997
25.966936,-0.959835,-0.959192,-0.810490,-0.810571,-1.070676,-0.838746,0.467459,-0.349985,-1.171516,-0.445410,-0.038532,-0.694366,-0.640707,0.303685,-0.874375,-0.274326,-0.071239,-1.835723,1.268486,1.227619,2.750142,-0.002528,-0.014701,-0.000444,-0.000748,-0.002221,-0.045874,0.103711
25.968016,-0.959542,-0.959535,-0.810562,-0.810310,-1.070793,-0.837907,0.467369,-0.352431,-1.171089,-0.448057,-0.039337,-0.694445,-0.640226,0.303851,-0.874380,-0.274340,-0.071239,-1.835719,1.268484,1.227574,2.750246,-0.003802,-0.014284,-0.000045,0.000979,-0.001982,-0.045068,0.102850
25.968946,-0.961210,-0.960587,-0.808589,-0.809363,-1.071581,-0.838520,0.468792,-0.354775,-1.171636,-0.450226,-0.041162,-0.694482,-0.639576,0.304092,-0.874383,-0.274365,-0.071242,-1.835721,1.268480,1.227497,2.750432,-0.002885,-0.013100,-0.000856,-0.000209,-0.000915,-0.043570,0.097739
25.969989,-0.961050,-0.957786,-0.808659,-0.810639,-1.070787,-0.837989,0.468293,-0.354775,-1.171636,-0.450226,-0.041162,-0.694482,-0.639576,0.304092,-0.874383,-0.274365,-0.071242,-1.835721,1.268480,1.227497,2.750432,-0.002885,-0.013100,-0.000856,-0.000209,-0.000915,-0.043570,0.097739
25.971129,-0.960406,-0.959193,-0.811645,-0.808331,-1.070045,-0.840122,0.467911,-0.354766,-1.172714,-0.449880,-0.041669,-0.694351,-0.639285,0.304167,-0.874386,-0.274382,-0.071242,-1.835717,1.268475,1.227461,2.750527,-0.002853,-0.014224,-0.000746,0.000995,-0.001615,-0.043249,0.097527
25.972001,-0.961608,-0.957298,-0.808717,-0.810211,-1.069912,-0.840485,0.467755,-0.354869,-1.172639,-0.449724,-0.042430,-0.694150,-0.638843,0.304272,-0.874389,-0.274392,-0.071238,-1.835723,1.268473,1.227426,2.750625,-0.003051,-0.013276,0.000783,-0.001204,-0.002279,-0.040170,0.096946
25.972970,-0.962584,-0.956537,-0.809738,-0.809692,-1.071567,-0.841513,0.467753,-0.356913,-1.168281,-0.452003,-0.044972,-0.693555,-0.637448,0.304678,-0.874390,-0.274419,-0.071242,-1.835721,1.268474,1.227355,2.750816,-0.001783,-0.014118,-0.000024,0.000122,-0.000635,-0.037224,0.094960
25.974036,-0.962210,-0.957391,-0.811934,-0.809481,-1.070773,-0.842514,0.468067,-0.356913,-1.168281,-0.452003,-0.044972,-0.693555,-0.637448,0.304678,-0.874390,-0.274419,-0.071242,-1.835721,1.268474,1.227355,2.750816,-0.001783,-0.014118,-0.000024,0.000122,-0.000635,-0.037224,0.094960
25.974956,-0.961823,-0.959688,-0.807652,-0.810191,-1.071857,-0.841768,0.467430,-0.359114,-1.161900,-0.454725,-0.048316,-0.693417,-0.636523,0.304974,-0.874393,-0.274430,-0.071239,-1.835721,1.268468,1.227325,2.750903,-0.001854,-0.013459,0.001107,-0.000087,-0.001334,-0.035380,0.093092
25.975993,-0.960985,-0.959286,-0.808109,-0.809749,-1.071190,-0.842883,0.467381,-0.363385,-1.152739,-0.460264,-0.053644,-0.693038,-0.634928,0.305639,-0.874397,-0.274453,-0.071244,-1.835721,1.268465,1.227262,2.751084,-0.002257,-0.012066,-0.000647,0.000178,-0.000772,-0.033410,0.092119
25.977012,-0.960012,-0.957808,-0.808679,-0.809754,-1.070555,-0.842444,0.467292,-0.363385,-1.152739,-0.460264,-0.053644,-0.693038,-0.634928,0.305639,-0.874397,-0.274453,-0.071244,-1.835721,1.268465,1.227262,2.751084,-0.002257,-0.012066,-0.000647,0.000178,-0.000772,-0.033410,0.092119
25.977915,-0.961459,-0.961674,-0.807950,-0.809760,-1.070370,-0.842684,0.466239,-0.362849,-1.151209,-0.459773,-0.055030,-0.692769,-0.634559,0.305974,-0.874400,-0.274465,-0.071242,-1.835721,1.268463,1.227228,2.751172,-0.002629,-0.012576,-0.000318,0.000187,-0.001331,-0.033029,0.091097
25.978918,-0.962839,-0.962721,-0.805062,-0.808378,-1.068787,-0.843601,0.466679,-0.361412,-1.151086,-0.458214,-0.055619,-0.692420,-0.634303,0.306285,-0.874401,-0.274471,-0.071246,-1.835721,1.268461,1.227197,2.751264,-0.001811,-0.010466,-0.000591,0.000193,-0.001434,-0.032034,0.092105
25.980097,-0.961141,-0.962571,-0.808852,-0.809306,-1.070421,-0.844758,0.465635,-0.359509,-1.155898,-0.456139,-0.053512,-0.691753,-0.634135,0.306545,-0.874402,-0.274478,-0.071253,-1.835725,1.268457,1.227173,2.751350,-0.001026,-0.009778,-0.001903,-0.001111,-0.002933,-0.030345,0.090015
25.981015,-0.962123,-0.962911,-0.806363,-0.810427,-1.071018,-0.846588,0.466482,-0.357470,-1.166675,-0.453911,-0.048091,-0.690680,-0.634027,0.306731,-0.874405,-0.274488,-0.071249,-1.835723,1.268459,1.227149,2.751443,-0.001757,-0.009626,0.000053,-0.000204,-0.001226,-0.028304,0.090779
25.981913,-0.961349,-0.962993,-0.809199,-0.810135,-1.070332,-0.846910,0.466702,-0.354894,-1.191317,-0.451056,-0.036531,-0.688454,-0.633758,0.306939,-0.874406,-0.274507,-0.071250,-1.835721,1.268457,1.227103,2.751608,-0.001484,-0.009030,0.000330,0.000562,-0.001208,-0.024757,0.086453
25.982987,-0.961552,-0.962434,-0.809119,-0.810628,-1.070854,-0.846741,0.465669,-0.354894,-1.191317,-0.451056,-0.036531,-0.688454,-0.633758,0.306939,-0.874406,-0.274507,-0.071250,-1.835721,1.268457,1.227103,2.751608,-0.001484,-0.009030,0.000330,0.000562,-0.001208,-0.024757,0.086453
25.984005,-0.960308,-0.965877,-0.811390,-0.809624,-1.071410,-0.847519,0.465856,-0.356994,-1.209464,-0.453427,-0.029547,-0.686861,-0.633020,0.307154,-0.874411,-0.274518,-0.071248,-1.835721,1.268457,1.227057,2.751783,-0.001769,-0.007245,0.001530,0.000043,0.000000,-0.022569,0.085706
25.984985,-0.959274,-0.964049,-0.806234,-0.810291,-1.072158,-0.848147,0.465548,-0.359063,-1.218965,-0.455725,-0.025847,-0.686112,-0.632590,0.307288,-0.874414,-0.274529,-0.071255,-1.835719,1.268461,1.227038,2.751867,-0.002168,-0.007973,-0.000951,0.000682,0.000767,-0.021215,0.085183
25.986058,-0.958866,-0.965755,-0.806436,-0.811509,-1.070090,-0.847862,0.465455,-0.358778,-1.227848,-0.454988,-0.022624,-0.685498,-0.632423,0.307430,-0.874417,-0.274532,-0.071255,-1.835716,1.268456,1.227018,2.751946,-0.002251,-0.006967,-0.000758,0.001813,-0.001220,-0.020725,0.084153
25.986998,-0.959999,-0.964325,-0.805347,-0.810544,-1.070448,-0.847782,0.464718,-0.358778,-1.227848,-0.454988,-0.022624,-0.685498,-0.632423,0.307430,-0.874417,-0.274532,-0.071255,-1.835716,1.268456,1.227018,2.751946,-0.002251,-0.006967,-0.000758,0.001813,-0.001220,-0.020725,0.084153
25.987997,-0.958109,-0.963456,-0.806838,-0.809464,-1.071086,-0.848582,0.464995,-0.356011,-1.234479,-0.451037,-0.020763,-0.685114,-0.632468,0.307578,-0.874416,-0.274542,-0.071259,-1.835717,1.268456,1.227001,2.752033,-0.001614,-0.007496,-0.001205,0.000869,-0.000783,-0.020113,0.084510
25.989076,-0.958535,-0.963324,-0.809570,-0.809477,-1.070298,-0.848829,0.466140,-0.349047,-1.240542,-0.440996,-0.019377,-0.684656,-0.632334,0.307790,-0.874424,-0.274557,-0.071254,-1.835719,1.268454,1.226970,2.752183,-0.002081,-0.007616,0.000996,-0.000140,-0.000803,-0.017583,0.079301
25.990064,-0.959109,-0.964816,-0.806136,-0.808131,-1.070377,-0.847955,0.465255,-0.347374,-1.241594,-0.438155,-0.018483,-0.684362,-0.631886,0.307824,-0.874424,-0.274562,-0.071259,-1.835723,1.268453,1.226953,2.752264,-0.001704,-0.006721,-0.000641,-0.001407,-0.000651,-0.017757,0.079969
25.991056,-0.959328,-0.964811,-0.808464,-0.809791,-1.069510,-0.848444,0.465949,-0.347374,-1.241594,-0.438155,-0.018483,-0.684362,-0.631886,0.307824,-0.874424,-0.274562,-0.071259,-1.835723,1.268453,1.226953,2.752264,-0.001704,-0.006721,-0.000641,-0.001407,-0.000651,-0.017757,0.079969
25.992090,-0.957219,-0.965391,-0.805293,-0.809468,-1.069889,-0.847698,0.465191,-0.346851,-1.243381,-0.436764,-0.016571,-0.683911,-0.631244,0.307842,-0.874425,-0.274568,-0.071257,-1.835719,1.268451,1.226939,2.752336,-0.001504,-0.006566,0.000583,0.000188,-0.001452,-0.016553,0.077436
25.992988,-0.957485,-0.964707,-0.803821,-0.810078,-1.069582,-0.847035,0.464804,-0.346618,-1.245101,-0.435740,-0.014561,-0.683425,-0.630531,0.307880,-0.874430,-0.274574,-0.071259,-1.835719,1.268449,1.226923,2.752413,-0.002431,-0.006111,-0.000942,-0.000154,-0.000983,-0.016572,0.077810
25.994200,-0.956683,-0.965053,-0.804919,-0.808642,-1.069887,-0.847253,0.464297,-0.344947,-1.245501,-0.432881,-0.013369,-0.683019,-0.629916,0.307975,-0.874432,-0.274582,-0.071262,-1.835717,1.268447,1.226905,2.752490,-0.002177,-0.006279,-0.001575,0.000414,-0.001227,-0.016570,0.077525
25.995114,-0.955201,-0.967141,-0.805393,-0.809449,-1.068722,-0.847288,0.463158,-0.341389,-1.244478,-0.427605,-0.012894,-0.682667,-0.629415,0.308149,-0.874436,-0.274587,-0.071261,-1.835721,1.268450,1.226893,2.752564,-0.002446,-0.005933,-0.000957,-0.000949,-0.000875,-0.015514,0.077233
25.996174,-0.951784,-0.964244,-0.805236,-0.809980,-1.068240,-0.847456,0.462989,-0.337095,-1.243830,-0.421393,-0.012069,-0.682239,-0.628946,0.308396,-0.874439,-0.274588,-0.071261,-1.835719,1.268450,1.226880,2.752646,-0.003077,-0.004778,-0.000667,-0.000173,-0.002003,-0.014832,0.078438
25.997157,-0.954046,-0.967578,-0.806981,-0.809422,-1.068024,-0.847993,0.462844,-0.332039,-1.243354,-0.414288,-0.011179,-0.681775,-0.628541,0.308695,-0.874445,-0.274598,-0.071262,-1.835719,1.268447,1.226869,2.752721,-0.004628,-0.006044,-0.000676,0.000347,-0.002387,-0.013937,0.077578
25.998003,-0.956522,-0.966690,-0.801751,-0.809653,-1.066952,-0.847786,0.463853,-0.326458,-1.241624,-0.406664,-0.011090,-0.681381,-0.628168,0.309009,-0.874446,-0.274598,-0.071259,-1.835721,1.268446,1.226858,2.752796,-0.003375,-0.004255,0.000223,-0.000161,-0.002534,-0.012721,0.076747
25.998973,-0.955766,-0.967765,-0.806098,-0.810717,-1.068835,-0.847342,0.463589,-0.321400,-1.240256,-0.399889,-0.010891,-0.680963,-0.627755,0.309291,-0.874445,-0.274603,-0.071264,-1.835720,1.268441,1.226848,2.752864,-0.002078,-0.004579,-0.002307,0.000047,-0.003516,-0.012350,0.073734
26.000006,-0.958839,-0.967545,-0.800896,-0.809579,-1.069286,-0.846397,0.463304,-0.317415,-1.239243,-0.394627,-0.010730,-0.680556,-0.627254,0.309516,-0.874450,-0.274607,-0.071258,-1.835718,1.268446,1.226835,2.752933,-0.002335,-0.003903,-0.000101,0.001059,-0.001599,-0.012114,0.073201
26.001085,-0.954543,-0.967320,-0.801611,-0.811131,-1.068358,-0.847031,0.464369,-0.314987,-1.237450,-0.391411,-0.011309,-0.680262,-0.626575,0.309698,-0.874446,-0.274611,-0.071268,-1.835720,1.268445,1.226824,2.753006,-0.000775,-0.003910,-0.002596,-0.000055,-0.001113,-0.012555,0.072891
26.001998,-0.953711,-0.968668,-0.803125,-0.810025,-1.069192,-0.846959,0.464241,-0.312897,-1.234349,-0.388601,-0.012787,-0.680106,-0.625795,0.309849,-0.874454,-0.274615,-0.071267,-1.835715,1.268442,1.226814,2.753071,-0.002864,-0.003969,-0.002218,0.001421,-0.002025,-0.011855,0.070479
26.002964,-0.958478,-0.968959,-0.801552,-0.808724,-1.069626,-0.846892,0.465312,-0.309673,-1.229615,-0.384305,-0.015291,-0.680090,-0.625056,0.309977,-0.874458,-0.274616,-0.071265,-1.835719,1.268444,1.226805,2.753143,-0.003207,-0.003272,-0.001477,0.000374,-0.001195,-0.011876,0.070469
26.004093,-0.956050,-0.968964,-0.803468,-0.810110,-1.070858,-0.848594,0.464522,-0.305007,-1.222150,-0.377869,-0.018439,-0.679867,-0.623215,0.310224,-0.874461,-0.274622,-0.071268,-1.835717,1.268444,1.226791,2.753274,-0.002012,-0.003068,-0.001276,0.000447,0.000480,-0.010137,0.069399
26.005006,-0.958607,-0.968811,-0.803731,-0.808732,-1.069872,-0.849474,0.464295,-0.305007,-1.222150,-0.377869,-0.018439,-0.679867,-0.623215,0.310224,-0.874461,-0.274622,-0.071268,-1.835717,1.268444,1.226791,2.753274,-0.002012,-0.003068,-0.001276,0.000447,0.000480,-0.010137,0.069399
26.005946,-0.955287,-0.969164,-0.807081,-0.810364,-1.069314,-0.851350,0.465607,-0.305564,-1.218641,-0.378194,-0.019428,-0.679696,-0.621924,0.310412,-0.874461,-0.274625,-0.071268,-1.835721,1.268438,1.226784,2.753344,-0.000715,-0.003110,-0.001153,-0.000863,-0.000465,-0.009226,0.069561
26.007050,-0.951949,-0.971308,-0.806707,-0.809415,-1.069866,-0.851337,0.466649,-0.312459,-1.208973,-0.385940,-0.022570,-0.679375,-0.618758,0.310922,-0.874472,-0.274628,-0.071264,-1.835719,1.268437,1.226773,2.753459,-0.003931,-0.001809,0.000286,-0.000218,-0.000454,-0.007307,0.064365
26.008077,-0.955261,-0.972506,-0.803726,-0.809025,-1.069152,-0.851940,0.466860,-0.315633,-1.206138,-0.389521,-0.023260,-0.679054,-0.617343,0.311193,-0.874472,-0.274629,-0.071268,-1.835721,1.268436,1.226768,2.753522,-0.002248,-0.001205,-0.001171,-0.000559,-0.001171,-0.006669,0.063709
26.009029,-0.955266,-0.973282,-0.805552,-0.809811,-1.069751,-0.853643,0.467804,-0.315633,-1.206138,-0.389521,-0.023260,-0.679054,-0.617343,0.311193,-0.874472,-0.274629,-0.071268,-1.835721,1.268436,1.226768,2.753522,-0.002248,-0.001205,-0.001171,-0.000559,-0.001171,-0.006669,0.063709
26.010016,-0.954299,-0.972317,-0.804964,-0.810137,-1.068921,-0.853856,0.467664,-0.317770,-1.206579,-0.391846,-0.022289,-0.678534,-0.616152,0.311464,-0.874473,-0.274630,-0.071268,-1.835719,1.268436,1.226764,2.753581,-0.002249,-0.000810,-0.000234,0.000194,-0.000556,-0.004930,0.061572
26.010924,-0.953524,-0.973941,-0.805515,-0.808322,-1.069069,-0.854364,0.469040,-0.319660,-1.207777,-0.393853,-0.021148,-0.678011,-0.615068,0.311727,-0.874475,-0.274632,-0.071266,-1.835719,1.268434,1.226758,2.753643,-0.002708,-0.001271,-0.000557,0.000516,-0.001384,-0.004695,0.061622
26.011960,-0.952601,-0.973760,-0.804208,-0.809301,-1.069677,-0.853967,0.468961,-0.321123,-1.208487,-0.395294,-0.020266,-0.677522,-0.614051,0.311966,-0.874478,-0.274631,-0.071266,-1.835724,1.268435,1.226753,2.753694,-0.003060,-0.000464,-0.000281,-0.001210,-0.001233,-0.004155,0.058637
26.013102,-0.950813,-0.969276,-0.802548,-0.808804,-1.069076,-0.853646,0.469151,-0.321582,-1.209645,-0.395458,-0.018826,-0.676957,-0.613113,0.312175,-0.874482,-0.274631,-0.071268,-1.835720,1.268436,1.226750,2.753754,-0.003473,-0.000561,-0.000921,-0.000292,-0.000629,-0.004541,0.058585
26.013990,-0.952807,-0.972448,-0.805377,-0.810226,-1.070646,-0.853752,0.469905,-0.320015,-1.208105,-0.393054,-0.018402,-0.676497,-0.612253,0.312382,-0.874487,-0.274637,-0.071272,-1.835722,1.268433,1.226746,2.753812,-0.004316,-0.002747,-0.001706,-0.000775,-0.001210,-0.004837,0.057967
26.014995,-0.953189,-0.973361,-0.804797,-0.809304,-1.070672,-0.854158,0.469565,-0.314290,-1.188774,-0.384962,-0.025625,-0.676488,-0.610221,0.312801,-0.874492,-0.274635,-0.071269,-1.835719,1.268432,1.226738,2.753923,-0.003062,-0.000708,-0.000613,-0.000327,0.000401,-0.004269,0.056707
26.016080,-0.952681,-0.975251,-0.806308,-0.807135,-1.070098,-0.854892,0.471254,-0.314290,-1.188774,-0.384962,-0.025625,-0.676488,-0.610221,0.312801,-0.874492,-0.274635,-0.071269,-1.835719,1.268432,1.226738,2.753923,-0.003062,-0.000708,-0.000613,-0.000327,0.000401,-0.004269,0.056707
26.016989,-0.955352,-0.972828,-0.807430,-0.810721,-1.069926,-0.855501,0.471143,-0.315082,-1.172768,-0.385426,-0.030868,-0.676221,-0.607313,0.313050,-0.874493,-0.274632,-0.071267,-1.835716,1.268431,1.226733,2.754022,-0.001948,-0.001022,0.000690,0.001055,-0.000336,-0.002898,0.053150
26.017961,-0.953889,-0.973774,-0.805893,-0.809265,-1.069915,-0.855331,0.472042,-0.315082,-1.172768,-0.385426,-0.030868,-0.676221,-0.607313,0.313050,-0.874493,-0.274632,-0.071267,-1.835716,1.268431,1.226733,2.754022,-0.001948,-0.001022,0.000690,0.001055,-0.000336,-0.002898,0.053150
26.019053,-0.957237,-0.972526,-0.807869,-0.808519,-1.069715,-0.854998,0.473476,-0.318898,-1.164051,-0.390134,-0.034037,-0.676117,-0.605431,0.313102,-0.874496,-0.274632,-0.071269,-1.835720,1.268430,1.226732,2.754072,-0.002670,-0.000534,-0.000068,-0.000367,-0.000337,-0.003069,0.051132
26.019932,-0.957334,-0.973405,-0.805916,-0.808794,-1.069456,-0.855666,0.473501,-0.324401,-1.152825,-0.397042,-0.038600,-0.676143,-0.603278,0.313121,-0.874495,-0.274634,-0.071265,-1.835721,1.268428,1.226728,2.754114,-0.000987,-0.001146,0.000895,-0.001067,-0.000522,-0.003382,0.048085
26.020996,-0.952315,-0.972152,-0.804703,-0.809993,-1.068650,-0.855384,0.473913,-0.331686,-1.140703,-0.406232,-0.043254,-0.676137,-0.600854,0.313105,-0.874496,-0.274634,-0.071269,-1.835721,1.268428,1.226728,2.754161,-0.000940,-0.000694,-0.000058,-0.000784,-0.000779,-0.002701,0.047876
26.021988,-0.950943,-0.976919,-0.807228,-0.806513,-1.069623,-0.856158,0.474204,-0.338572,-1.127015,-0.414914,-0.048614,-0.676186,-0.598427,0.313079,-0.874503,-0.274637,-0.071271,-1.835719,1.268425,1.226726,2.754206,-0.003393,-0.001299,-0.000635,0.000381,-0.001556,-0.002980,0.046862
26.022943,-0.953320,-0.972393,-0.804004,-0.808834,-1.069391,-0.856401,0.474351,-0.343420,-1.105327,-0.421171,-0.056023,-0.675895,-0.594687,0.313082,-0.874506,-0.274636,-0.071271,-1.835722,1.268429,1.226721,2.754297,-0.002812,-0.001204,-0.000992,-0.000703,-0.000854,-0.001931,0.045627
26.024039,-0.951683,-0.977648,-0.804758,-0.811061,-1.069014,-0.857829,0.475778,-0.343420,-1.105327,-0.421171,-0.056023,-0.675895,-0.594687,0.313082,-0.874506,-0.274636,-0.071271,-1.835722,1.268429,1.226721,2.754297,-0.002812,-0.001204,-0.000992,-0.000703,-0.000854,-0.001931,0.045627
26.024991,-0.950296,-0.976202,-0.806356,-0.808663,-1.069068,-0.857248,0.475346,-0.342457,-1.096847,-0.420124,-0.058719,-0.675691,-0.593302,0.313144,-0.874509,-0.274629,-0.071271,-1.835716,1.268428,1.226721,2.754333,-0.003620,0.001383,-0.000597,0.001373,-0.001217,-0.000490,0.042607
26.025988,-0.953084,-0.976763,-0.802828,-0.809018,-1.069074,-0.857397,0.475582,-0.339959,-1.088523,-0.417203,-0.062283,-0.675679,-0.592206,0.313249,-0.874513,-0.274629,-0.071268,-1.835721,1.268427,1.226717,2.754381,-0.004263,0.000626,0.000167,-0.000939,-0.001157,-0.001065,0.043316
26.027078,-0.954576,-0.979637,-0.807295,-0.808066,-1.069170,-0.856644,0.475981,-0.334197,-1.078933,-0.410626,-0.066212,-0.675500,-0.590265,0.313548,-0.874515,-0.274625,-0.071268,-1.835725,1.268426,1.226713,2.754460,-0.002076,0.002320,0.000651,-0.001431,-0.001037,-0.001648,0.041714
26.028105,-0.953104,-0.978715,-0.804490,-0.808965,-1.070216,-0.857999,0.476292,-0.334197,-1.078933,-0.410626,-0.066212,-0.675500,-0.590265,0.313548,-0.874515,-0.274625,-0.071268,-1.835725,1.268426,1.226713,2.754460,-0.002076,0.002320,0.000651,-0.001431,-0.001037,-0.001648,0.041714
26.029086,-0.952660,-0.977348,-0.804987,-0.808090,-1.069442,-0.857245,0.477102,-0.333854,-1.079301,-0.410604,-0.065379,-0.675184,-0.589085,0.313682,-0.874520,-0.274625,-0.071273,-1.835723,1.268426,1.226716,2.754496,-0.002769,0.001840,-0.000725,-0.000558,0.000010,-0.000289,0.040949
26.029933,-0.957213,-0.978836,-0.803817,-0.809093,-1.068378,-0.856550,0.477948,-0.334304,-1.080403,-0.411572,-0.064143,-0.674879,-0.587830,0.313776,-0.874523,-0.274625,-0.071273,-1.835727,1.268421,1.226711,2.754531,-0.002953,0.001154,-0.000458,-0.001363,-0.000727,-0.001034,0.039180
26.030998,-0.954894,-0.978770,-0.807424,-0.807938,-1.069421,-0.857979,0.478848,-0.335066,-1.079638,-0.412844,-0.063718,-0.674693,-0.586480,0.313819,-0.874520,-0.274621,-0.071276,-1.835725,1.268418,1.226708,2.754562,-0.000687,0.001863,-0.001018,-0.000385,-0.001761,-0.001713,0.037365
26.032000,-0.953144,-0.981382,-0.805621,-0.809049,-1.069464,-0.858539,0.479194,-0.337681,-1.077675,-0.416321,-0.063730,-0.674547,-0.584900,0.313804,-0.874525,-0.274618,-0.071271,-1.835729,1.268420,1.226712,2.754591,-0.001820,0.001793,0.000748,-0.001469,-0.000725,-0.000282,0.035444
26.033060,-0.953691,-0.980601,-0.803840,-0.808773,-1.069855,-0.857151,0.480342,-0.344997,-1.076225,-0.425727,-0.062801,-0.674046,-0.581775,0.313671,-0.874531,-0.274614,-0.071274,-1.835727,1.268420,1.226705,2.754651,-0.002333,0.002657,-0.001031,-0.000670,-0.000290,-0.001098,0.032213
26.034018,-0.954215,-0.982330,-0.805145,-0.809712,-1.070673,-0.856249,0.480988,-0.346827,-1.076513,-0.428075,-0.062412,-0.673765,-0.580517,0.313591,-0.874532,-0.274609,-0.071272,-1.835727,1.268422,1.226703,2.754676,-0.002058,0.003468,-0.000385,0.000278,0.000512,-0.001983,0.030828
26.035058,-0.953462,-0.980239,-0.805689,-0.807053,-1.069997,-0.856701,0.479873,-0.348447,-1.076657,-0.430100,-0.062180,-0.673487,-0.579261,0.313539,-0.874537,-0.274607,-0.071271,-1.835735,1.268419,1.226703,2.754710,-0.002390,0.002378,-0.000133,-0.002232,-0.000155,-0.001518,0.032957
26.035945,-0.956184,-0.981313,-0.803073,-0.808093,-1.069903,-0.856651,0.481028,-0.350231,-1.076630,-0.432301,-0.061538,-0.673148,-0.577922,0.313533,-0.874536,-0.274602,-0.071274,-1.835734,1.268419,1.226702,2.754735,-0.001022,0.002878,-0.001416,-0.001184,-0.000236,-0.001566,0.030503
26.037049,-0.952504,-0.977913,-0.807904,-0.808943,-1.069527,-0.857615,0.481490,-0.352264,-1.073993,-0.434790,-0.061891,-0.672918,-0.576473,0.313553,-0.874543,-0.274606,-0.071269,-1.835732,1.268416,1.226703,2.754764,-0.002811,0.001198,0.000966,-0.000373,-0.000590,-0.000602,0.029480
26.038038,-0.953760,-0.979733,-0.804970,-0.807827,-1.068886,-0.857181,0.482106,-0.352264,-1.073993,-0.434790,-0.061891,-0.672918,-0.576473,0.313553,-0.874543,-0.274606,-0.071269,-1.835732,1.268416,1.226703,2.754764,-0.002811,0.001198,0.000966,-0.000373,-0.000590,-0.000602,0.029480
26.039049,-0.951146,-0.981284,-0.805145,-0.807006,-1.069816,-0.856525,0.483210,-0.354660,-1.066859,-0.437735,-0.064499,-0.672933,-0.574906,0.313573,-0.874544,-0.274602,-0.071272,-1.835736,1.268414,1.226699,2.754789,-0.002142,0.002086,-0.000497,-0.001411,-0.001208,-0.001026,0.028141
26.039973,-0.950471,-0.982327,-0.804924,-0.808952,-1.070131,-0.857309,0.484037,-0.356048,-1.053899,-0.439559,-0.068520,-0.672805,-0.572156,0.313485,-0.874552,-0.274593,-0.071272,-1.835733,1.268416,1.226698,2.754833,-0.003698,0.003279,-0.000507,-0.000328,0.000018,-0.000878,0.024100
26.041112,-0.952797,-0.980864,-0.807043,-0.807899,-1.068864,-0.857080,0.484042,-0.356048,-1.053899,-0.439559,-0.068520,-0.672805,-0.572156,0.313485,-0.874552,-0.274593,-0.071272,-1.835733,1.268416,1.226698,2.754833,-0.003698,0.003279,-0.000507,-0.000328,0.000018,-0.000878,0.024100
26.041946,-0.950003,-0.981532,-0.807177,-0.806556,-1.070621,-0.856608,0.484196,-0.354653,-1.047098,-0.438210,-0.070272,-0.672476,-0.569920,0.313270,-0.874556,-0.274588,-0.071270,-1.835741,1.268415,1.226694,2.754876,-0.003900,0.002818,0.000600,-0.002571,0.000532,-0.001565,0.023622
26.043022,-0.950813,-0.983488,-0.807396,-0.806346,-1.070223,-0.857529,0.485402,-0.354653,-1.047098,-0.438210,-0.070272,-0.672476,-0.569920,0.313270,-0.874556,-0.274588,-0.071270,-1.835741,1.268415,1.226694,2.754876,-0.003900,0.002818,0.000600,-0.002571,0.000532,-0.001565,0.023622
26.044041,-0.951920,-0.980758,-0.806235,-0.807376,-1.069704,-0.856492,0.486108,-0.355157,-1.046592,-0.439137,-0.069355,-0.672102,-0.568698,0.313165,-0.874559,-0.274584,-0.071270,-1.835743,1.268415,1.226698,2.754891,-0.003436,0.003747,0.000710,-0.002723,0.000121,-0.000653,0.021133
26.044949,-0.951299,-0.984236,-0.805285,-0.808478,-1.069997,-0.856666,0.486900,-0.356016,-1.048274,-0.440558,-0.067174,-0.671604,-0.567473,0.313054,-0.874561,-0.274585,-0.071272,-1.835741,1.268415,1.226694,2.754906,-0.002861,0.002379,0.000144,-0.001723,-0.000399,-0.001690,0.019671
26.046036,-0.951029,-0.981631,-0.804586,-0.806609,-1.071847,-0.856657,0.487112,-0.356924,-1.049198,-0.442016,-0.065744,-0.671240,-0.566259,0.312953,-0.874565,-0.274577,-0.071274,-1.835741,1.268415,1.226693,2.754921,-0.003127,0.004053,-0.000304,-0.000616,-0.000098,-0.001499,0.018024
26.046980,-0.950326,-0.982785,-0.801966,-0.807140,-1.069833,-0.857425,0.487898,-0.357007,-1.049191,-0.442377,-0.065361,-0.671064,-0.565166,0.312877,-0.874568,-0.274576,-0.071275,-1.835748,1.268417,1.226693,2.754935,-0.003225,0.002710,-0.000644,-0.002353,0.001745,-0.001508,0.017553
26.047946,-0.954446,-0.984321,-0.803150,-0.808318,-1.070964,-0.855603,0.488243,-0.351982,-1.048111,-0.436404,-0.065702,-0.671041,-0.563598,0.312746,-0.874569,-0.274567,-0.071275,-1.835747,1.268415,1.226690,2.754960,-0.001488,0.003964,-0.001350,-0.000627,0.000873,-0.002561,0.015193
26.049071,-0.953203,-0.982583,-0.803719,-0.806677,-1.069116,-0.856672,0.489434,-0.351982,-1.048111,-0.436404,-0.065702,-0.671041,-0.563598,0.312746,-0.874569,-0.274567,-0.071275,-1.835747,1.268415,1.226690,2.754960,-0.001488,0.003964,-0.001350,-0.000627,0.000873,-0.002561,0.015193
26.050033,-0.952061,-0.984341,-0.804394,-0.807047,-1.070519,-0.855842,0.489255,-0.349604,-1.047693,-0.433435,-0.066224,-0.671168,-0.562856,0.312640,-0.874573,-0.274566,-0.071277,-1.835752,1.268409,1.226691,2.754968,-0.002082,0.003061,-0.001050,-0.002182,-0.000942,-0.001471,0.012760
26.050969,-0.954697,-0.980701,-0.804422,-0.807811,-1.070362,-0.855900,0.490419,-0.348830,-1.047720,-0.432343,-0.066446,-0.671280,-0.561961,0.312492,-0.874578,-0.274559,-0.071277,-1.835754,1.268412,1.226689,2.754983,-0.002597,0.003881,-0.000707,-0.001734,0.000464,-0.002304,0.013083
26.052011,-0.949932,-0.981500,-0.805866,-0.807362,-1.069450,-0.855025,0.490057,-0.349451,-1.046634,-0.432862,-0.067201,-0.671456,-0.560893,0.312305,-0.874577,-0.274560,-0.071277,-1.835753,1.268411,1.226688,2.754988,-0.001268,0.002038,-0.000694,-0.000991,0.000293,-0.002233,0.010709
26.053001,-0.953642,-0.981796,-0.804199,-0.807356,-1.069207,-0.855458,0.490329,-0.351368,-1.041581,-0.434868,-0.070071,-0.671876,-0.559591,0.312101,-0.874586,-0.274556,-0.071275,-1.835755,1.268409,1.226689,2.755001,-0.003583,0.002418,0.000010,-0.001402,-0.000602,-0.003125,0.011413
26.053976,-0.953982,-0.980316,-0.807434,-0.807162,-1.068119,-0.856040,0.490338,-0.353714,-1.033657,-0.437336,-0.074360,-0.672451,-0.558160,0.311904,-0.874584,-0.274552,-0.071277,-1.835758,1.268407,1.226689,2.755009,-0.001715,0.002510,-0.000813,-0.001343,-0.000813,-0.002678,0.010824
26.054976,-0.953234,-0.984349,-0.804407,-0.807523,-1.068942,-0.856407,0.490011,-0.357063,-1.024758,-0.441041,-0.079011,-0.673043,-0.556606,0.311730,-0.874586,-0.274550,-0.071273,-1.835759,1.268405,1.226688,2.755019,-0.001532,0.001746,0.000782,-0.001505,-0.001893,-0.002090,0.010774
26.056003,-0.948607,-0.984782,-0.803964,-0.806648,-1.069438,-0.855909,0.490739,-0.365203,-1.012495,-0.450371,-0.085782,-0.673831,-0.553653,0.311473,-0.874598,-0.274538,-0.071279,-1.835764,1.268405,1.226688,2.755037,-0.004106,0.003839,-0.000899,-0.001916,-0.000555,-0.002232,0.009883
26.056989,-0.950807,-0.984422,-0.801055,-0.805510,-1.069617,-0.855040,0.490113,-0.364773,-1.014166,-0.449518,-0.085390,-0.673755,-0.552895,0.311381,-0.874597,-0.274535,-0.071284,-1.835769,1.268405,1.226685,2.755050,-0.002979,0.003622,-0.002314,-0.002943,-0.000384,-0.003086,0.011111
26.058088,-0.946317,-0.985031,-0.804134,-0.805503,-1.068685,-0.855554,0.490204,-0.360822,-1.020071,-0.444340,-0.082503,-0.673363,-0.552571,0.311312,-0.874606,-0.274528,-0.071280,-1.835772,1.268403,1.226684,2.755059,-0.005153,0.003845,-0.000790,-0.002864,-0.001304,-0.002551,0.010876
26.058976,-0.950119,-0.986203,-0.805172,-0.806442,-1.069772,-0.854918,0.490983,-0.360822,-1.020071,-0.444340,-0.082503,-0.673363,-0.552571,0.311312,-0.874606,-0.274528,-0.071280,-1.835772,1.268403,1.226684,2.755059,-0.005153,0.003845,-0.000790,-0.002864,-0.001304,-0.002551,0.010876
26.060019,-0.952491,-0.981481,-0.808664,-0.806114,-1.070393,-0.856668,0.490056,-0.355715,-1.028693,-0.437834,-0.078124,-0.672783,-0.552420,0.311253,-0.874605,-0.274523,-0.071281,-1.835771,1.268405,1.226683,2.755067,-0.003218,0.004368,-0.000262,-0.001926,-0.000219,-0.003192,0.009276
26.060948,-0.951541,-0.985124,-0.805644,-0.805615,-1.069210,-0.856197,0.491055,-0.353322,-1.036261,-0.434827,-0.074523,-0.672288,-0.551988,0.311201,-0.874603,-0.274525,-0.071276,-1.835774,1.268406,1.226687,2.755078,-0.002068,0.002001,0.001429,-0.002198,0.000391,-0.001441,0.011118
26.061936,-0.946939,-0.987143,-0.806889,-0.805465,-1.069110,-0.856486,0.491726,-0.355070,-1.040290,-0.437050,-0.072864,-0.672013,-0.551073,0.311153,-0.874607,-0.274520,-0.071281,-1.835779,1.268405,1.226684,2.755083,-0.002508,0.003805,-0.000047,-0.002588,-0.000804,-0.001916,0.009062
26.063010,-0.952392,-0.983845,-0.803911,-0.804699,-1.069653,-0.857770,0.492002,-0.357916,-1.044975,-0.440696,-0.070945,-0.671720,-0.550086,0.311075,-0.874615,-0.274512,-0.071280,-1.835780,1.268404,1.226683,2.755090,-0.004727,0.004718,0.000581,-0.002699,-0.000885,-0.001615,0.007699
26.063987,-0.951310,-0.987152,-0.806764,-0.803987,-1.068747,-0.856947,0.492921,-0.359497,-1.052359,-0.442818,-0.067692,-0.671297,-0.549316,0.310960,-0.874611,-0.274514,-0.071284,-1.835787,1.268406,1.226686,2.755097,-0.001999,0.003066,-0.000883,-0.003314,-0.000350,-0.000339,0.007127
26.064934,-0.949700,-0.986486,-0.804912,-0.805476,-1.067225,-0.857956,0.491765,-0.360793,-1.060807,-0.444591,-0.063658,-0.670800,-0.548595,0.310826,-0.874615,-0.274506,-0.071283,-1.835791,1.268402,1.226683,2.755100,-0.002534,0.004649,0.000555,-0.003936,-0.001232,-0.001166,0.005264
26.066020,-0.950631,-0.985590,-0.804920,-0.803591,-1.067847,-0.858223,0.492292,-0.362402,-1.070659,-0.446716,-0.058755,-0.670215,-0.547867,0.310699,-0.874619,-0.274502,-0.071285,-1.835790,1.268398,1.226684,2.755115,-0.003283,0.004251,-0.000364,-0.002429,-0.002719,-0.000143,0.007558
26.067039,-0.950223,-0.985956,-0.805105,-0.803707,-1.068539,-0.858244,0.492006,-0.363283,-1.080766,-0.447845,-0.053777,-0.669616,-0.547241,0.310597,-0.874620,-0.274498,-0.071285,-1.835797,1.268400,1.226683,2.755116,-0.002793,0.003762,-0.000348,-0.004182,-0.002094,0.000123,0.006464
26.067921,-0.949160,-0.981358,-0.805395,-0.804913,-1.067081,-0.856624,0.492664,-0.363334,-1.089844,-0.447819,-0.049163,-0.669032,-0.546683,0.310507,-0.874625,-0.274493,-0.071286,-1.835800,1.268402,1.226684,2.755125,-0.002952,0.003886,-0.000249,-0.003970,-0.001425,0.000137,0.007019
26.068911,-0.952085,-0.986637,-0.803557,-0.804470,-1.068637,-0.856268,0.492836,-0.363054,-1.095053,-0.447263,-0.046369,-0.668624,-0.546055,0.310431,-0.874630,-0.274497,-0.071286,-1.835802,1.268397,1.226679,2.755129,-0.003428,0.001610,-0.000095,-0.002720,-0.002852,-0.001475,0.005666
26.070093,-0.951232,-0.985424,-0.803890,-0.803554,-1.068609,-0.857061,0.493445,-0.362636,-1.094607,-0.446470,-0.046625,-0.668532,-0.545289,0.310367,-0.874629,-0.274489,-0.071289,-1.835805,1.268399,1.226678,2.755133,-0.001953,0.004197,-0.001000,-0.003102,-0.001290,-0.001811,0.005317
26.071012,-0.950031,-0.983634,-0.803423,-0.803544,-1.069106,-0.857040,0.493824,-0.362295,-1.093230,-0.445771,-0.047592,-0.668498,-0.544477,0.310284,-0.874634,-0.274486,-0.071289,-1.835813,1.268400,1.226680,2.755136,-0.002334,0.003522,-0.000822,-0.003841,-0.001347,-0.001020,0.004079
26.071932,-0.950995,-0.985286,-0.803142,-0.802078,-1.070032,-0.857852,0.493752,-0.360341,-1.091092,-0.442735,-0.049066,-0.668303,-0.542980,0.309996,-0.874639,-0.274478,-0.071291,-1.835823,1.268400,1.226681,2.755140,-0.002390,0.003381,-0.001173,-0.005073,0.000092,-0.000234,0.003461
26.073039,-0.951950,-0.988608,-0.803920,-0.803216,-1.068424,-0.857622,0.493935,-0.360341,-1.091092,-0.442735,-0.049066,-0.668303,-0.542980,0.309996,-0.874639,-0.274478,-0.071291,-1.835823,1.268400,1.226681,2.755140,-0.002390,0.003381,-0.001173,-0.005073,0.000092,-0.000234,0.003461
26.073945,-0.948744,-0.987185,-0.802979,-0.801663,-1.068234,-0.857128,0.494528,-0.358962,-1.092308,-0.440667,-0.048476,-0.668022,-0.542345,0.309806,-0.874640,-0.274471,-0.071290,-1.835823,1.268395,1.226679,2.755144,-0.001896,0.004965,-0.000791,-0.003907,-0.001492,-0.000460,0.003075
26.074960,-0.948838,-0.985675,-0.804205,-0.802522,-1.069366,-0.856976,0.493206,-0.357731,-1.098329,-0.438783,-0.045557,-0.667463,-0.541836,0.309595,-0.874647,-0.274470,-0.071292,-1.835832,1.268394,1.226678,2.755142,-0.003441,0.004211,-0.001246,-0.005283,-0.001657,-0.000952,0.001888
26.076040,-0.948408,-0.984572,-0.803981,-0.801663,-1.069373,-0.857151,0.494846,-0.355851,-1.106099,-0.436093,-0.041771,-0.666782,-0.541440,0.309385,-0.874650,-0.274468,-0.071290,-1.835836,1.268399,1.226677,2.755152,-0.003334,0.003441,-0.000643,-0.004304,-0.000571,-0.001094,0.004531
26.077048,-0.946760,-0.988157,-0.804623,-0.800131,-1.069933,-0.858612,0.493718,-0.353541,-1.111221,-0.432863,-0.039308,-0.666243,-0.541026,0.309199,-0.874654,-0.274467,-0.071292,-1.835842,1.268398,1.226676,2.755147,-0.003505,0.002873,-0.000736,-0.005028,-0.000559,-0.000911,0.001211
26.078038,-0.948378,-0.987325,-0.804827,-0.801807,-1.068319,-0.858540,0.494280,-0.351076,-1.115023,-0.429482,-0.037355,-0.665790,-0.540599,0.309025,-0.874659,-0.274458,-0.071291,-1.835850,1.268402,1.226679,2.755153,-0.004274,0.004580,-0.000428,-0.006373,-0.000034,0.000548,0.003498
26.079182,-0.950342,-0.985117,-0.803129,-0.800977,-1.069334,-0.857759,0.494277,-0.348571,-1.121070,-0.426157,-0.034132,-0.665262,-0.540258,0.308845,-0.874661,-0.274456,-0.071292,-1.835850,1.268399,1.226679,2.755153,-0.003429,0.004121,-0.000308,-0.004666,-0.001639,0.000461,0.002341
26.080018,-0.948955,-0.985027,-0.803593,-0.799962,-1.069776,-0.857336,0.494777,-0.346823,-1.126898,-0.423857,-0.031167,-0.664849,-0.539882,0.308658,-0.874662,-0.274455,-0.071296,-1.835856,1.268398,1.226674,2.755154,-0.002428,0.002997,-0.001126,-0.005374,-0.000593,-0.000297,0.002355
26.081028,-0.948920,-0.984613,-0.804363,-0.800254,-1.070530,-0.856474,0.494300,-0.346007,-1.129388,-0.422709,-0.029835,-0.664678,-0.539333,0.308464,-0.874668,-0.274453,-0.071296,-1.835860,1.268396,1.226674,2.755155,-0.003074,0.002943,-0.000878,-0.006288,-0.000134,-0.000715,0.001340
26.082026,-0.948193,-0.983171,-0.804389,-0.800933,-1.070184,-0.857849,0.494407,-0.345886,-1.128939,-0.422378,-0.029718,-0.664665,-0.538606,0.308256,-0.874672,-0.274449,-0.071296,-1.835866,1.268399,1.226672,2.755157,-0.003038,0.002677,-0.000490,-0.005846,0.000594,-0.001575,0.002306
26.083010,-0.947244,-0.986545,-0.803337,-0.798025,-1.070353,-0.856918,0.494695,-0.346434,-1.124913,-0.422808,-0.031471,-0.664874,-0.537725,0.308026,-0.874677,-0.274447,-0.071299,-1.835869,1.268394,1.226675,2.755160,-0.003337,0.001930,-0.000454,-0.005095,0.000285,-0.000192,0.002069
26.084071,-0.946745,-0.986652,-0.805868,-0.799061,-1.069812,-0.856678,0.494710,-0.346959,-1.119231,-0.423146,-0.034174,-0.665185,-0.536836,0.307765,-0.874681,-0.274439,-0.071301,-1.835880,1.268395,1.226673,2.755160,-0.003766,0.003551,-0.000955,-0.007761,0.000452,-0.001135,0.001487
26.084977,-0.945488,-0.984321,-0.806358,-0.799782,-1.069688,-0.857053,0.495341,-0.347179,-1.117046,-0.423075,-0.034905,-0.665238,-0.536067,0.307459,-0.874687,-0.274437,-0.071300,-1.835884,1.268394,1.226672,2.755161,-0.003946,0.003565,0.000310,-0.006591,-0.000086,-0.001364,0.001458
26.085984,-0.945636,-0.986524,-0.804728,-0.798478,-1.068151,-0.855934,0.496030,-0.348829,-1.115948,-0.424437,-0.035044,-0.665079,-0.534574,0.306784,-0.874695,-0.274431,-0.071300,-1.835898,1.268389,1.226669,2.755156,-0.004399,0.003438,-0.000277,-0.006869,-0.001707,-0.002097,-0.001175
26.087071,-0.943997,-0.984827,-0.807918,-0.798355,-1.068131,-0.856029,0.494566,-0.348829,-1.115948,-0.424437,-0.035044,-0.665079,-0.534574,0.306784,-0.874695,-0.274431,-0.071300,-1.835898,1.268389,1.226669,2.755156,-0.004399,0.003438,-0.000277,-0.006869,-0.001707,-0.002097,-0.001175
26.088057,-0.945796,-0.988836,-0.805924,-0.798629,-1.069270,-0.856131,0.495629,-0.351061,-1.115319,-0.426657,-0.034824,-0.664650,-0.533048,0.306193,-0.874706,-0.274424,-0.071300,-1.835909,1.268393,1.226670,2.755158,-0.004181,0.004519,0.000325,-0.006441,-0.000598,-0.001897,-0.000388
26.089020,-0.944177,-0.986569,-0.805859,-0.798364,-1.069791,-0.856617,0.494485,-0.352562,-1.117693,-0.428366,-0.033529,-0.664262,-0.532355,0.305944,-0.874712,-0.274425,-0.071301,-1.835917,1.268394,1.226667,2.755167,-0.004933,0.003362,0.000310,-0.006516,-0.000093,-0.001388,0.001909
26.090033,-0.942244,-0.985403,-0.801424,-0.796973,-1.069776,-0.856937,0.494938,-0.352562,-1.117693,-0.428366,-0.033529,-0.664262,-0.532355,0.305944,-0.874712,-0.274425,-0.071301,-1.835917,1.268394,1.226667,2.755167,-0.004933,0.003362,0.000310,-0.006516,-0.000093,-0.001388,0.001909
26.091014,-0.942077,-0.984747,-0.805876,-0.798263,-1.068272,-0.857201,0.495154,-0.352018,-1.120107,-0.427565,-0.032270,-0.663885,-0.531905,0.305707,-0.874720,-0.274422,-0.071305,-1.835926,1.268392,1.226666,2.755167,-0.005804,0.002754,-0.001878,-0.007714,-0.000100,-0.001064,0.000974
26.092020,-0.945019,-0.983609,-0.802604,-0.797636,-1.069348,-0.857999,0.495097,-0.348452,-1.119881,-0.423008,-0.032108,-0.663624,-0.531706,0.305462,-0.874726,-0.274419,-0.071301,-1.835930,1.268390,1.226668,2.755166,-0.005807,0.002387,0.000340,-0.006287,-0.001596,-0.000809,0.000547
26.093006,-0.943278,-0.981096,-0.805977,-0.798537,-1.069741,-0.857543,0.495154,-0.344004,-1.115586,-0.417369,-0.033920,-0.663560,-0.531516,0.305196,-0.874728,-0.274421,-0.071307,-1.835937,1.268391,1.226671,2.755167,-0.004294,0.001846,-0.001264,-0.006761,-0.000507,-0.000023,0.000664
26.093994,-0.942755,-0.985987,-0.803244,-0.796362,-1.069363,-0.856824,0.494866,-0.340537,-1.105560,-0.412937,-0.038720,-0.663808,-0.531124,0.304916,-0.874736,-0.274423,-0.071301,-1.835942,1.268393,1.226668,2.755164,-0.005093,0.000603,0.000391,-0.005731,-0.000135,-0.000475,0.000559
26.095083,-0.942441,-0.985967,-0.804883,-0.797454,-1.069249,-0.857896,0.495123,-0.338036,-1.092162,-0.409694,-0.045217,-0.664242,-0.530568,0.304623,-0.874743,-0.274415,-0.071307,-1.835954,1.268389,1.226666,2.755166,-0.005268,0.002983,-0.000935,-0.007644,-0.000488,-0.001187,0.001135
26.096085,-0.940428,-0.982637,-0.805286,-0.796228,-1.069046,-0.858231,0.495570,-0.335781,-1.081840,-0.406794,-0.050055,-0.664499,-0.530054,0.304321,-0.874748,-0.274412,-0.071304,-1.835958,1.268389,1.226668,2.755166,-0.005365,0.002917,-0.000130,-0.006434,-0.000599,-0.000105,0.000607
26.097019,-0.943251,-0.983044,-0.806048,-0.797789,-1.068270,-0.857889,0.494989,-0.333572,-1.074577,-0.403994,-0.053277,-0.664582,-0.529619,0.304018,-0.874755,-0.274411,-0.071304,-1.835968,1.268388,1.226668,2.755166,-0.006288,0.001225,0.000062,-0.007436,-0.000792,0.000219,-0.000290
26.097957,-0.941960,-0.982732,-0.807823,-0.794390,-1.069362,-0.857993,0.495468,-0.332137,-1.065655,-0.402182,-0.057304,-0.664752,-0.529092,0.303724,-0.874758,-0.274410,-0.071302,-1.835971,1.268387,1.226668,2.755169,-0.004822,0.001429,0.000423,-0.005780,-0.001557,-0.000126,0.000882
26.098991,-0.941441,-0.984671,-0.803729,-0.794264,-1.068443,-0.858346,0.494400,-0.332719,-1.055125,-0.402917,-0.061939,-0.664972,-0.528329,0.303436,-0.874764,-0.274409,-0.071300,-1.835986,1.268389,1.226668,2.755164,-0.005412,0.001263,0.001293,-0.008868,-0.000470,-0.000017,-0.000079
26.100202,-0.941094,-0.981358,-0.806222,-0.795010,-1.068926,-0.858302,0.495060,-0.334576,-1.047118,-0.405284,-0.064619,-0.664939,-0.527468,0.303151,-0.874771,-0.274405,-0.071304,-1.835995,1.268388,1.226666,2.755172,-0.005591,0.002193,-0.000740,-0.008753,-0.001400,0.000348,0.002058
26.101076,-0.939093,-0.982689,-0.806655,-0.796950,-1.069387,-0.857409,0.495135,-0.335825,-1.041879,-0.406892,-0.065300,-0.664668,-0.526731,0.302874,-0.874777,-0.274408,-0.071302,-1.836000,1.268388,1.226663,2.755168,-0.005687,0.000551,0.000518,-0.007878,-0.000904,0.000320,0.000719
26.102123,-0.941457,-0.983050,-0.804435,-0.795448,-1.069441,-0.857568,0.495045,-0.336649,-1.034685,-0.407919,-0.067212,-0.664567,-0.526062,0.302603,-0.874786,-0.274404,-0.071302,-1.836004,1.268389,1.226661,2.755171,-0.006595,0.001194,0.000724,-0.005826,-0.000450,-0.000575,0.000570
26.102974,-0.938040,-0.983276,-0.803389,-0.794643,-1.068898,-0.857941,0.496318,-0.337375,-1.024664,-0.408769,-0.071303,-0.664773,-0.525419,0.302322,-0.874788,-0.274402,-0.071304,-1.836015,1.268389,1.226662,2.755170,-0.005360,0.001343,-0.000378,-0.007101,-0.000400,-0.000408,0.000756
26.103927,-0.937896,-0.984014,-0.808187,-0.794077,-1.069273,-0.857671,0.495017,-0.336957,-1.015205,-0.408125,-0.075461,-0.665041,-0.524934,0.302013,-0.874798,-0.274400,-0.071306,-1.836023,1.268387,1.226663,2.755166,-0.006975,0.001428,-0.000870,-0.007691,-0.000926,-0.000038,-0.001802
26.104929,-0.938008,-0.979905,-0.804708,-0.794537,-1.069786,-0.856172,0.495878,-0.335442,-1.008711,-0.406067,-0.077934,-0.665144,-0.524618,0.301677,-0.874805,-0.274397,-0.071300,-1.836031,1.268387,1.226659,2.755174,-0.006954,0.001769,0.001490,-0.008082,-0.000550,-0.000290,0.000821
26.106105,-0.938473,-0.982377,-0.806076,-0.794518,-1.068248,-0.856718,0.495880,-0.334244,-1.003216,-0.404390,-0.079628,-0.665159,-0.524258,0.301349,-0.874811,-0.274401,-0.071304,-1.836037,1.268386,1.226657,2.755169,-0.006820,-0.000271,-0.000247,-0.007452,-0.000019,-0.001790,-0.000924
26.106991,-0.938009,-0.979819,-0.803736,-0.794920,-1.068623,-0.855956,0.495407,-0.333569,-0.995460,-0.403343,-0.082335,-0.665283,-0.523741,0.301063,-0.874817,-0.274397,-0.071304,-1.836044,1.268382,1.226659,2.755168,-0.006510,0.000951,0.000461,-0.007320,-0.001536,-0.001235,-0.000910
26.107926,-0.939300,-0.983807,-0.806469,-0.793284,-1.067785,-0.855744,0.495660,-0.332652,-0.975581,-0.401755,-0.090145,-0.665773,-0.522483,0.300674,-0.874827,-0.274394,-0.071305,-1.836061,1.268383,1.226658,2.755167,-0.005973,0.001640,0.000676,-0.008149,-0.002004,-0.002211,-0.000470
26.109034,-0.937793,-0.980709,-0.804660,-0.793085,-1.069114,-0.855414,0.494623,-0.332652,-0.975581,-0.401755,-0.090145,-0.665773,-0.522483,0.300674,-0.874827,-0.274394,-0.071305,-1.836061,1.268383,1.226658,2.755167,-0.005973,0.001640,0.000676,-0.008149,-0.002004,-0.002211,-0.000470
26.109921,-0.938748,-0.981620,-0.803357,-0.792551,-1.069417,-0.855999,0.494735,-0.333276,-0.968587,-0.402355,-0.092309,-0.665785,-0.521769,0.300562,-0.874835,-0.274396,-0.071307,-1.836070,1.268386,1.226656,2.755173,-0.006645,0.000076,-0.000226,-0.008126,-0.000684,-0.002533,0.001610
26.111061,-0.939586,-0.981066,-0.805221,-0.792140,-1.068121,-0.856123,0.495216,-0.333916,-0.963590,-0.403017,-0.093128,-0.665640,-0.521074,0.300491,-0.874839,-0.274393,-0.071309,-1.836079,1.268385,1.226657,2.755176,-0.006106,0.000525,-0.000849,-0.008449,-0.000377,-0.001944,0.001350
26.112126,-0.941351,-0.979192,-0.807181,-0.792892,-1.069202,-0.855826,0.494971,-0.334320,-0.959444,-0.403420,-0.093240,-0.665425,-0.520412,0.300426,-0.874843,-0.274393,-0.071307,-1.836088,1.268382,1.226656,2.755173,-0.005645,0.000232,0.000073,-0.008647,-0.001659,-0.001819,0.000391
26.113067,-0.938362,-0.980988,-0.806876,-0.793822,-1.069489,-0.855864,0.494831,-0.336533,-0.954917,-0.406119,-0.093362,-0.665217,-0.519551,0.300334,-0.874847,-0.274394,-0.071305,-1.836096,1.268382,1.226656,2.755175,-0.004713,-0.000693,0.001024,-0.007676,-0.000560,-0.002121,0.000885
26.113920,-0.938528,-0.982116,-0.803563,-0.793542,-1.069661,-0.856694,0.494575,-0.341253,-0.947820,-0.411984,-0.095054,-0.665206,-0.518401,0.300208,-0.874856,-0.274390,-0.071305,-1.836100,1.268383,1.226657,2.755176,-0.006117,0.000175,0.000866,-0.006652,-0.000288,-0.002085,0.001160
26.114928,-0.939034,-0.981802,-0.804553,-0.794420,-1.069609,-0.855118,0.495454,-0.345911,-0.939754,-0.417852,-0.097978,-0.665381,-0.517313,0.300042,-0.874861,-0.274388,-0.071309,-1.836109,1.268383,1.226656,2.755176,-0.005963,0.000707,-0.000757,-0.006743,-0.000116,-0.001242,0.001677
26.115948,-0.938659,-0.980595,-0.804101,-0.792760,-1.068014,-0.856072,0.495490,-0.348566,-0.932694,-0.421317,-0.101214,-0.665645,-0.516544,0.299826,-0.874865,-0.274389,-0.071309,-1.836114,1.268383,1.226653,2.755173,-0.005658,0.000561,-0.000239,-0.005727,-0.000171,-0.002821,-0.000093
26.117041,-0.938429,-0.982357,-0.801210,-0.791786,-1.068816,-0.856075,0.495942,-0.349881,-0.926167,-0.423174,-0.104628,-0.665951,-0.515974,0.299563,-0.874871,-0.274391,-0.071310,-1.836125,1.268377,1.226653,2.755173,-0.005782,-0.000028,-0.000465,-0.007136,-0.001726,-0.001844,-0.000150
26.118030,-0.935287,-0.982944,-0.805296,-0.792355,-1.068075,-0.855885,0.495766,-0.349790,-0.921288,-0.423312,-0.106992,-0.666110,-0.515584,0.299282,-0.874877,-0.274387,-0.071315,-1.836135,1.268380,1.226652,2.755170,-0.005823,0.000822,-0.001859,-0.007874,-0.000928,-0.001840,-0.001049
26.118985,-0.938763,-0.979114,-0.803563,-0.792117,-1.067839,-0.856395,0.495234,-0.347840,-0.920221,-0.421152,-0.107048,-0.665970,-0.515461,0.299014,-0.874887,-0.274387,-0.071310,-1.836141,1.268381,1.226652,2.755172,-0.007288,0.001106,0.000157,-0.007154,-0.001690,-0.002037,-0.000695
26.119944,-0.937684,-0.982804,-0.803642,-0.790898,-1.068865,-0.856742,0.495628,-0.345382,-0.920694,-0.418380,-0.106203,-0.665696,-0.515419,0.298789,-0.874887,-0.274393,-0.071310,-1.836148,1.268380,1.226653,2.755175,-0.005511,-0.000760,-0.000737,-0.007222,-0.001914,-0.001525,0.000365
26.120926,-0.938657,-0.981576,-0.803433,-0.788744,-1.069353,-0.857179,0.494739,-0.343528,-0.920588,-0.416389,-0.105540,-0.665414,-0.515291,0.298614,-0.874893,-0.274387,-0.071312,-1.836159,1.268381,1.226653,2.755173,-0.006005,0.001058,-0.000670,-0.008185,-0.000892,-0.001179,-0.000434
26.122026,-0.938113,-0.981126,-0.803667,-0.790469,-1.069836,-0.857334,0.495818,-0.342217,-0.923137,-0.415100,-0.103131,-0.664919,-0.515147,0.298466,-0.874897,-0.274387,-0.071312,-1.836171,1.268382,1.226653,2.755179,-0.005455,0.000421,-0.000770,-0.010064,-0.000417,-0.000741,0.001348
26.122998,-0.938859,-0.981163,-0.802568,-0.790016,-1.069681,-0.857026,0.495577,-0.341460,-0.928635,-0.414479,-0.098803,-0.664204,-0.515002,0.298327,-0.874903,-0.274387,-0.071312,-1.836174,1.268383,1.226653,2.755175,-0.005664,0.000195,-0.000649,-0.008227,0.000063,-0.000589,-0.000834
26.124059,-0.938501,-0.983021,-0.805247,-0.789452,-1.069601,-0.855930,0.495677,-0.341151,-0.933570,-0.414324,-0.094897,-0.663552,-0.514829,0.298184,-0.874909,-0.274388,-0.071314,-1.836182,1.268381,1.226653,2.755176,-0.005216,0.000228,-0.001183,-0.008502,-0.000084,-0.000901,-0.000328
26.124922,-0.938939,-0.983466,-0.806411,-0.789783,-1.070132,-0.856971,0.495447,-0.341618,-0.938164,-0.415041,-0.091530,-0.662971,-0.514596,0.298027,-0.874915,-0.274386,-0.071310,-1.836191,1.268378,1.226648,2.755176,-0.005327,0.001143,0.000129,-0.008862,-0.000131,-0.001977,-0.000535
26.126081,-0.938904,-0.983439,-0.803318,-0.788801,-1.069676,-0.857023,0.495742,-0.343999,-0.944580,-0.418122,-0.087525,-0.662306,-0.514217,0.297853,-0.874920,-0.274386,-0.071309,-1.836197,1.268381,1.226653,2.755176,-0.005049,0.001358,0.000682,-0.008368,0.000378,-0.000941,-0.000069
26.127047,-0.939062,-0.982209,-0.803846,-0.790489,-1.069836,-0.856630,0.494998,-0.347877,-0.952944,-0.423091,-0.082820,-0.661559,-0.513754,0.297660,-0.874926,-0.274384,-0.071312,-1.836208,1.268378,1.226652,2.755174,-0.004993,0.001320,-0.000839,-0.009098,-0.000061,-0.000895,-0.000663
26.127991,-0.938190,-0.980222,-0.805733,-0.789181,-1.068902,-0.856407,0.494944,-0.351508,-0.960939,-0.427727,-0.078622,-0.660892,-0.513349,0.297464,-0.874930,-0.274384,-0.071312,-1.836211,1.268382,1.226649,2.755177,-0.004860,0.000699,-0.000557,-0.007320,0.000066,-0.001274,0.000834
26.128964,-0.939567,-0.980702,-0.804280,-0.789427,-1.070324,-0.858021,0.494437,-0.354839,-0.965099,-0.431891,-0.076676,-0.660500,-0.512915,0.297288,-0.874937,-0.274388,-0.071310,-1.836222,1.268377,1.226647,2.755179,-0.005226,-0.000252,0.000368,-0.008401,-0.000834,-0.001485,0.000922
26.129945,-0.936866,-0.980508,-0.805382,-0.789020,-1.069915,-0.857761,0.495010,-0.358549,-0.964572,-0.436401,-0.077172,-0.660388,-0.512346,0.297148,-0.874940,-0.274387,-0.071312,-1.836227,1.268379,1.226650,2.755180,-0.004482,-0.000017,-0.000350,-0.008017,0.000596,0.000131,0.001943
26.130967,-0.939986,-0.982508,-0.803362,-0.787709,-1.070062,-0.857652,0.494832,-0.362152,-0.961158,-0.440659,-0.079150,-0.660449,-0.511747,0.297031,-0.874950,-0.274386,-0.071312,-1.836235,1.268378,1.226648,2.755178,-0.005734,-0.000123,0.000215,-0.008222,0.000179,-0.000135,0.000781
26.131941,-0.938709,-0.981848,-0.801449,-0.789183,-1.070276,-0.857817,0.494790,-0.365143,-0.957949,-0.444066,-0.080953,-0.660501,-0.511219,0.296900,-0.874953,-0.274384,-0.071315,-1.836245,1.268379,1.226647,2.755181,-0.004114,0.000866,-0.000778,-0.009301,0.000324,-0.000238,0.001138
26.132968,-0.936333,-0.981392,-0.805954,-0.788851,-1.069090,-0.857345,0.495155,-0.367088,-0.957007,-0.446076,-0.081507,-0.660438,-0.510833,0.296723,-0.874959,-0.274386,-0.071317,-1.836250,1.268380,1.226647,2.755180,-0.004698,0.000543,-0.001709,-0.007681,0.000524,-0.000069,0.001226
26.134030,-0.938156,-0.981966,-0.803961,-0.789732,-1.070189,-0.856792,0.495466,-0.367851,-0.956603,-0.446502,-0.081981,-0.660408,-0.510582,0.296491,-0.874968,-0.274386,-0.071312,-1.836258,1.268377,1.226644,2.755182,-0.005791,0.000316,0.000508,-0.007858,-0.000645,-0.000532,0.000478
26.134983,-0.933428,-0.982376,-0.803926,-0.787925,-1.068855,-0.856368,0.496245,-0.368525,-0.954940,-0.446740,-0.083425,-0.660527,-0.510319,0.296196,-0.874970,-0.274384,-0.071316,-1.836264,1.268380,1.226646,2.755182,-0.004827,0.000582,-0.000473,-0.006805,0.000446,-0.001094,-0.000143
26.136002,-0.934732,-0.981249,-0.805231,-0.788165,-1.069483,-0.856805,0.495377,-0.368833,-0.953010,-0.446480,-0.085192,-0.660709,-0.510073,0.295837,-0.874982,-0.274384,-0.071316,-1.836276,1.268376,1.226643,2.755179,-0.007081,0.000783,-0.000482,-0.008364,-0.000875,-0.001501,-0.001698
26.136955,-0.932604,-0.978555,-0.804622,-0.789823,-1.069528,-0.857586,0.496154,-0.367803,-0.952013,-0.444535,-0.086285,-0.660817,-0.509942,0.295432,-0.874987,-0.274384,-0.071314,-1.836281,1.268375,1.226646,2.755182,-0.006344,0.000217,0.000153,-0.007979,-0.000210,-0.001070,0.000059
26.137986,-0.933484,-0.980018,-0.802092,-0.787790,-1.071457,-0.857404,0.495561,-0.365889,-0.948927,-0.441495,-0.088365,-0.661022,-0.509842,0.295024,-0.874995,-0.274385,-0.071314,-1.836282,1.268376,1.226646,2.755178,-0.007327,-0.001121,-0.000161,-0.006281,-0.000185,-0.000291,-0.001509
26.138961,-0.933250,-0.980110,-0.806133,-0.786480,-1.070168,-0.857433,0.494990,-0.362752,-0.941333,-0.436949,-0.093005,-0.661512,-0.509790,0.294651,-0.875001,-0.274383,-0.071317,-1.836295,1.268381,1.226643,2.755178,-0.006795,-0.000397,-0.001389,-0.008048,0.001718,-0.000464,-0.000300
26.139999,-0.937299,-0.979626,-0.803168,-0.786142,-1.070156,-0.857709,0.495698,-0.358842,-0.933256,-0.431507,-0.097735,-0.662001,-0.509785,0.294332,-0.875007,-0.274385,-0.071314,-1.836306,1.268379,1.226642,2.755181,-0.006846,-0.000334,0.000617,-0.009087,0.000417,-0.000427,0.000830
26.141066,-0.935671,-0.982805,-0.804754,-0.787862,-1.069722,-0.857635,0.495101,-0.356366,-0.928056,-0.427966,-0.100352,-0.662229,-0.509624,0.294069,-0.875008,-0.274385,-0.071317,-1.836315,1.268378,1.226646,2.755178,-0.004798,-0.000577,-0.000854,-0.009188,0.000425,-0.000171,-0.000599
26.142046,-0.933465,-0.980694,-0.805041,-0.785589,-1.069784,-0.857304,0.494664,-0.356048,-0.925813,-0.427201,-0.101237,-0.662256,-0.509275,0.293854,-0.875014,-0.274381,-0.071318,-1.836319,1.268375,1.226644,2.755181,-0.005565,0.000979,-0.000033,-0.007354,0.000010,-0.000234,0.000610
26.142953,-0.932282,-0.983539,-0.804118,-0.784545,-1.070928,-0.856662,0.495044,-0.356959,-0.926581,-0.427994,-0.100836,-0.662139,-0.508887,0.293678,-0.875022,-0.274384,-0.071316,-1.836330,1.268375,1.226644,2.755184,-0.006577,-0.000067,0.000086,-0.009395,0.000079,-0.000568,0.001471
26.144000,-0.935696,-0.980617,-0.800225,-0.786359,-1.070763,-0.857541,0.495411,-0.357674,-0.931250,-0.428550,-0.098287,-0.661755,-0.508595,0.293509,-0.875031,-0.274381,-0.071318,-1.836341,1.268378,1.226643,2.755183,-0.007051,0.001343,-0.000361,-0.010174,0.001211,-0.001207,0.000698
26.145004,-0.933045,-0.983867,-0.803833,-0.787341,-1.071035,-0.857594,0.495647,-0.356976,-0.938729,-0.427341,-0.094128,-0.661171,-0.508499,0.293314,-0.875033,-0.274384,-0.071324,-1.836346,1.268379,1.226644,2.755183,-0.005292,-0.000103,-0.002248,-0.008217,0.001023,-0.000322,-0.000036
26.146078,-0.930993,-0.983768,-0.802728,-0.787395,-1.069354,-0.857946,0.495078,-0.355028,-0.945329,-0.424560,-0.091050,-0.660732,-0.508586,0.293084,-0.875043,-0.274379,-0.071321,-1.836349,1.268379,1.226644,2.755182,-0.006527,0.001486,-0.000451,-0.007166,0.001299,-0.000277,-0.000504
26.147097,-0.935261,-0.983615,-0.803476,-0.788085,-1.070032,-0.857540,0.495537,-0.352350,-0.950778,-0.420920,-0.089663,-0.660517,-0.508858,0.292827,-0.875051,-0.274378,-0.071322,-1.836357,1.268375,1.226643,2.755186,-0.007453,0.001412,-0.001005,-0.006936,-0.000362,0.000083,0.000638
26.147981,-0.933561,-0.979493,-0.804249,-0.788133,-1.069180,-0.857567,0.495692,-0.349550,-0.955684,-0.417251,-0.089528,-0.660456,-0.509249,0.292563,-0.875054,-0.274380,-0.071322,-1.836363,1.268376,1.226643,2.755183,-0.005256,0.001358,-0.000621,-0.006090,0.000326,-0.000326,-0.000291
26.149001,-0.933992,-0.983407,-0.805112,-0.786486,-1.069427,-0.857833,0.495111,-0.348150,-0.956710,-0.415419,-0.091986,-0.660678,-0.509466,0.292315,-0.875063,-0.274384,-0.071322,-1.836371,1.268372,1.226643,2.755183,-0.006035,-0.000674,-0.000235,-0.005843,-0.000502,-0.000294,-0.000593
26.149969,-0.929490,-0.980467,-0.803660,-0.786919,-1.068375,-0.857322,0.495198,-0.348689,-0.953374,-0.416078,-0.096708,-0.661110,-0.509378,0.292091,-0.875067,-0.274379,-0.071323,-1.836382,1.268374,1.226642,2.755185,-0.005756,0.001259,0.000201,-0.007245,-0.000258,-0.000022,0.000575
26.150950,-0.930462,-0.980794,-0.804418,-0.786931,-1.069367,-0.857989,0.494654,-0.349593,-0.949296,-0.417299,-0.101347,-0.661463,-0.509186,0.291892,-0.875079,-0.274382,-0.071325,-1.836387,1.268370,1.226639,2.755183,-0.007885,-0.000212,-0.000507,-0.006684,-0.001290,-0.000526,0.000395
26.151990,-0.930206,-0.983416,-0.805372,-0.787243,-1.068757,-0.857703,0.494986,-0.349039,-0.944389,-0.416804,-0.105902,-0.661746,-0.509070,0.291718,-0.875084,-0.274381,-0.071327,-1.836392,1.268374,1.226639,2.755187,-0.007312,-0.000035,-0.000096,-0.006539,-0.000316,0.000154,0.001479
26.152942,-0.932264,-0.984546,-0.808270,-0.786638,-1.070411,-0.857310,0.494771,-0.347504,-0.938937,-0.415192,-0.110482,-0.661989,-0.509020,0.291549,-0.875091,-0.274378,-0.071326,-1.836399,1.268370,1.226640,2.755187,-0.007370,0.001245,0.000375,-0.006074,-0.000904,-0.000143,0.000799
26.154076,-0.931995,-0.979931,-0.807269,-0.786165,-1.068726,-0.856484,0.495018,-0.347319,-0.936563,-0.415425,-0.113436,-0.662019,-0.508903,0.291350,-0.875094,-0.274376,-0.071321,-1.836407,1.268374,1.226639,2.755188,-0.006291,0.001779,0.001767,-0.006493,0.000733,-0.000532,0.001237
26.155051,-0.930924,-0.983289,-0.803236,-0.786323,-1.068852,-0.857142,0.495797,-0.349970,-0.936403,-0.419336,-0.114934,-0.661850,-0.508516,0.291114,-0.875099,-0.274382,-0.071320,-1.836415,1.268368,1.226638,2.755187,-0.006379,-0.000487,0.001240,-0.006770,-0.000928,-0.001358,0.000736
26.155969,-0.927892,-0.987252,-0.804853,-0.784959,-1.070679,-0.857637,0.495028,-0.353505,-0.935453,-0.424381,-0.116223,-0.661633,-0.507969,0.290851,-0.875107,-0.274374,-0.071326,-1.836422,1.268370,1.226640,2.755184,-0.006815,0.001144,-0.000721,-0.006444,-0.000798,-0.000699,-0.000821
26.156953,-0.930190,-0.984594,-0.805053,-0.785152,-1.068548,-0.857771,0.495477,-0.353635,-0.946399,-0.425712,-0.111226,-0.660424,-0.507885,0.290265,-0.875124,-0.274371,-0.071325,-1.836437,1.268368,1.226639,2.755185,-0.006964,0.001729,0.000197,-0.007243,-0.001108,-0.000065,-0.000180
26.158051,-0.928566,-0.984203,-0.804018,-0.785341,-1.069040,-0.858831,0.494995,-0.353635,-0.946399,-0.425712,-0.111226,-0.660424,-0.507885,0.290265,-0.875124,-0.274371,-0.071325,-1.836437,1.268368,1.226639,2.755185,-0.006964,0.001729,0.000197,-0.007243,-0.001108,-0.000065,-0.000180
26.158925,-0.928144,-0.982139,-0.806457,-0.786362,-1.068204,-0.858340,0.496377,-0.351776,-0.957635,-0.423857,-0.105376,-0.659489,-0.508187,0.289965,-0.875133,-0.274370,-0.071325,-1.836442,1.268370,1.226642,2.755188,-0.007681,0.001526,-0.000326,-0.006950,-0.000603,0.000987,0.000789
26.159984,-0.927210,-0.983596,-0.804052,-0.785911,-1.070548,-0.858533,0.495739,-0.349644,-0.965880,-0.421476,-0.101014,-0.658751,-0.508476,0.289679,-0.875141,-0.274371,-0.071321,-1.836446,1.268368,1.226638,2.755182,-0.007792,0.000504,0.000865,-0.005817,-0.001435,0.000500,-0.001984
26.161091,-0.928798,-0.981114,-0.805850,-0.784113,-1.070347,-0.857663,0.495060,-0.347448,-0.969327,-0.418794,-0.099365,-0.658359,-0.508704,0.289421,-0.875151,-0.274369,-0.071323,-1.836454,1.268373,1.226638,2.755184,-0.008147,0.001223,-0.000340,-0.006075,0.000885,0.000699,-0.000677
26.162076,-0.923530,-0.984458,-0.802798,-0.786900,-1.071041,-0.857034,0.495852,-0.345454,-0.969420,-0.416123,-0.099458,-0.658197,-0.508839,0.289220,-0.875157,-0.274373,-0.071321,-1.836467,1.268373,1.226634,2.755186,-0.007267,0.000007,0.000558,-0.007586,0.000663,-0.000156,0.000672
26.162944,-0.928669,-0.984115,-0.803485,-0.785075,-1.069667,-0.857571,0.495034,-0.343160,-0.967738,-0.412830,-0.100397,-0.658171,-0.508947,0.289085,-0.875172,-0.274367,-0.071325,-1.836466,1.268374,1.226634,2.755182,-0.009757,0.001637,-0.000945,-0.004770,0.001357,-0.000785,-0.000925
26.163998,-0.927352,-0.985150,-0.807788,-0.785484,-1.071850,-0.857605,0.495502,-0.339747,-0.965977,-0.407901,-0.101742,-0.658259,-0.509179,0.289004,-0.875174,-0.274366,-0.071324,-1.836478,1.268370,1.226633,2.755186,-0.007106,0.001437,-0.000600,-0.006359,0.000000,-0.000226,0.000729
26.164949,-0.923215,-0.984706,-0.803723,-0.785415,-1.070946,-0.856831,0.495148,-0.337599,-0.966104,-0.404346,-0.102367,-0.658315,-0.509325,0.288969,-0.875184,-0.274363,-0.071318,-1.836483,1.268375,1.226634,2.755187,-0.007677,0.001926,0.001496,-0.005805,0.002173,-0.000207,-0.000236
26.165959,-0.923950,-0.983916,-0.805661,-0.785096,-1.071491,-0.856617,0.495028,-0.337592,-0.968066,-0.403255,-0.102108,-0.658300,-0.509279,0.288958,-0.875196,-0.274363,-0.071321,-1.836488,1.268372,1.226632,2.755191,-0.009617,0.001693,-0.000533,-0.005765,0.001261,-0.000974,0.000472
26.167044,-0.924545,-0.985498,-0.805181,-0.784634,-1.070900,-0.856797,0.495788,-0.337189,-0.970352,-0.401449,-0.101724,-0.658294,-0.509257,0.288941,-0.875205,-0.274363,-0.071320,-1.836494,1.268374,1.226632,2.755192,-0.009116,0.001295,0.000444,-0.005930,0.001805,-0.001182,0.000703
26.168015,-0.923888,-0.980894,-0.801091,-0.783535,-1.071778,-0.856466,0.495467,-0.336579,-0.972801,-0.399197,-0.101124,-0.658272,-0.509212,0.288891,-0.875213,-0.274359,-0.071321,-1.836501,1.268372,1.226633,2.755186,-0.008732,0.002056,0.000213,-0.006238,0.001218,-0.001002,-0.000812
26.169003,-0.924741,-0.982753,-0.807239,-0.783494,-1.070036,-0.857385,0.495854,-0.335906,-0.974925,-0.396690,-0.100318,-0.658220,-0.509106,0.288807,-0.875223,-0.274364,-0.071327,-1.836508,1.268371,1.226632,2.755188,-0.008940,-0.000216,-0.001778,-0.007176,0.002120,-0.001333,-0.000155
26.169935,-0.924359,-0.982643,-0.805708,-0.783678,-1.070435,-0.857907,0.496068,-0.335152,-0.974958,-0.393907,-0.099966,-0.658193,-0.508895,0.288705,-0.875230,-0.274362,-0.071320,-1.836514,1.268369,1.226632,2.755188,-0.008419,0.000716,0.001261,-0.007064,0.000379,-0.000406,-0.000944
26.170968,-0.923628,-0.982315,-0.802508,-0.783765,-1.069656,-0.858003,0.495734,-0.336394,-0.973784,-0.393550,-0.099821,-0.658160,-0.508434,0.288589,-0.875241,-0.274359,-0.071322,-1.836520,1.268368,1.226632,2.755185,-0.008491,0.000624,0.000474,-0.006727,0.000802,0.000118,-0.001356
26.171989,-0.921523,-0.982770,-0.802176,-0.782645,-1.068821,-0.858065,0.495680,-0.338769,-0.972407,-0.394629,-0.099790,-0.658131,-0.507886,0.288475,-0.875250,-0.274359,-0.071325,-1.836524,1.268367,1.226632,2.755189,-0.008751,0.000458,-0.001089,-0.006540,0.000028,0.000204,-0.000693
26.172946,-0.921005,-0.982439,-0.802430,-0.782268,-1.070161,-0.857488,0.495128,-0.339282,-0.971132,-0.393452,-0.099759,-0.658090,-0.507558,0.288384,-0.875260,-0.274357,-0.071326,-1.836534,1.268365,1.226634,2.755189,-0.009681,0.000664,-0.001234,-0.007442,-0.000792,0.000257,-0.000590
26.173932,-0.921454,-0.981029,-0.803656,-0.783398,-1.068505,-0.857754,0.495728,-0.337247,-0.971141,-0.389237,-0.098903,-0.657917,-0.507517,0.288314,-0.875269,-0.274357,-0.071328,-1.836540,1.268369,1.226632,2.755192,-0.009825,0.000486,-0.001084,-0.007655,0.000531,-0.000318,0.000511
26.175102,-0.920279,-0.980447,-0.802586,-0.782367,-1.070459,-0.857357,0.495295,-0.334125,-0.971159,-0.383863,-0.097945,-0.657694,-0.507584,0.288261,-0.875278,-0.274358,-0.071328,-1.836544,1.268366,1.226632,2.755189,-0.009490,-0.000203,-0.000459,-0.006413,-0.001124,-0.000043,-0.000701
26.175992,-0.920740,-0.980753,-0.802077,-0.781173,-1.070232,-0.857532,0.495239,-0.331149,-0.968722,-0.378907,-0.098334,-0.657602,-0.507586,0.288219,-0.875289,-0.274358,-0.071329,-1.836555,1.268372,1.226630,2.755192,-0.009953,-0.000491,-0.000996,-0.007222,0.000810,-0.000433,0.000177
26.176999,-0.922744,-0.983091,-0.803628,-0.782879,-1.070036,-0.858035,0.495988,-0.325754,-0.961634,-0.370517,-0.099843,-0.657513,-0.507437,0.288124,-0.875305,-0.274354,-0.071328,-1.836565,1.268368,1.226634,2.755189,-0.008518,0.000795,-0.000469,-0.006426,0.000403,0.000233,-0.001220
26.178035,-0.920120,-0.984872,-0.803756,-0.783829,-1.069878,-0.859029,0.494747,-0.325754,-0.961634,-0.370517,-0.099843,-0.657513,-0.507437,0.288124,-0.875305,-0.274354,-0.071328,-1.836565,1.268368,1.226634,2.755189,-0.008518,0.000795,-0.000469,-0.006426,0.000403,0.000233,-0.001220
26.179020,-0.922695,-0.982181,-0.803119,-0.782295,-1.068543,-0.857940,0.495566,-0.324949,-0.961344,-0.369117,-0.099480,-0.657412,-0.507327,0.288044,-0.875318,-0.274351,-0.071328,-1.836568,1.268367,1.226634,2.755192,-0.009691,0.001649,-0.000412,-0.005426,0.000256,0.001231,0.001286
26.180043,-0.920968,-0.981699,-0.805332,-0.782654,-1.070300,-0.856811,0.495358,-0.325404,-0.963240,-0.369516,-0.098740,-0.657314,-0.507249,0.287946,-0.875325,-0.274354,-0.071330,-1.836577,1.268364,1.226631,2.755189,-0.008299,0.000320,-0.000713,-0.006756,-0.001059,0.000139,-0.000380
26.181076,-0.917227,-0.983922,-0.806572,-0.784187,-1.070507,-0.856294,0.495560,-0.327326,-0.964780,-0.371850,-0.098189,-0.657219,-0.507030,0.287847,-0.875337,-0.274355,-0.071328,-1.836583,1.268368,1.226629,2.755189,-0.009040,0.000094,0.000386,-0.006233,0.000682,-0.000980,0.000055
26.181971,-0.918658,-0.981266,-0.805638,-0.783009,-1.069932,-0.856393,0.495553,-0.330683,-0.964580,-0.375997,-0.098582,-0.657209,-0.506621,0.287768,-0.875351,-0.274351,-0.071326,-1.836586,1.268370,1.226629,2.755189,-0.010747,0.001171,0.000976,-0.004630,0.000859,-0.001488,-0.000353
26.182974,-0.918065,-0.981466,-0.807095,-0.782198,-1.070425,-0.856865,0.495135,-0.334377,-0.962790,-0.380573,-0.100163,-0.657346,-0.506171,0.287727,-0.875360,-0.274354,-0.071326,-1.836594,1.268368,1.226630,2.755189,-0.009903,-0.000144,0.000498,-0.005638,0.000299,-0.001392,-0.000336
26.183945,-0.918165,-0.983714,-0.805277,-0.781899,-1.069599,-0.858054,0.494854,-0.338220,-0.959417,-0.385334,-0.102433,-0.657575,-0.505662,0.287732,-0.875370,-0.274354,-0.071326,-1.836602,1.268368,1.226628,2.755192,-0.010085,-0.000033,0.001239,-0.006243,0.000795,-0.000903,0.000492
26.184965,-0.914751,-0.984331,-0.806891,-0.782566,-1.069956,-0.857665,0.494539,-0.342227,-0.956741,-0.390295,-0.103842,-0.657716,-0.505127,0.287765,-0.875381,-0.274352,-0.071328,-1.836609,1.268365,1.226630,2.755195,-0.009902,0.001080,0.000339,-0.006383,-0.000012,0.000278,0.001043
26.185989,-0.915838,-0.980805,-0.806593,-0.782226,-1.070963,-0.858069,0.495081,-0.345459,-0.957617,-0.394250,-0.103192,-0.657649,-0.504765,0.287784,-0.875395,-0.274350,-0.071326,-1.836611,1.268366,1.226627,2.755196,-0.011453,0.001356,0.001137,-0.005657,0.000343,-0.000108,0.001667
26.187011,-0.916080,-0.980355,-0.803745,-0.782472,-1.068942,-0.857504,0.494727,-0.347594,-0.959871,-0.396727,-0.101827,-0.657538,-0.504569,0.287758,-0.875406,-0.274351,-0.071327,-1.836617,1.268365,1.226628,2.755193,-0.010755,-0.000409,0.000984,-0.005868,0.001374,0.000299,0.000581
26.187970,-0.914108,-0.980989,-0.806198,-0.782274,-1.069057,-0.857632,0.494780,-0.348845,-0.954434,-0.397289,-0.103703,-0.657862,-0.504199,0.287522,-0.875427,-0.274350,-0.071323,-1.836626,1.268362,1.226627,2.755197,-0.011383,-0.000308,0.000755,-0.005587,-0.000515,-0.000133,0.001174
26.188997,-0.914993,-0.982927,-0.803270,-0.781374,-1.070049,-0.856647,0.496038,-0.348845,-0.954434,-0.397289,-0.103703,-0.657862,-0.504199,0.287522,-0.875427,-0.274350,-0.071323,-1.836626,1.268362,1.226627,2.755197,-0.011383,-0.000308,0.000755,-0.005587,-0.000515,-0.000133,0.001174
26.190072,-0.910670,-0.981184,-0.803257,-0.782926,-1.068413,-0.857090,0.494873,-0.348032,-0.950011,-0.395468,-0.105208,-0.658058,-0.504066,0.287302,-0.875438,-0.274349,-0.071326,-1.836634,1.268364,1.226622,2.755191,-0.010800,0.000647,-0.000695,-0.006297,0.000464,-0.001100,-0.001340
26.190936,-0.911577,-0.981835,-0.805754,-0.782213,-1.069602,-0.857825,0.495726,-0.345678,-0.947316,-0.391533,-0.105795,-0.658144,-0.504097,0.287032,-0.875454,-0.274350,-0.071327,-1.836637,1.268361,1.226624,2.755196,-0.012790,-0.000223,-0.000683,-0.004662,-0.001167,-0.000656,0.001018
26.191987,-0.912431,-0.983002,-0.805547,-0.781071,-1.068355,-0.857976,0.495106,-0.338358,-0.942720,-0.379990,-0.107094,-0.658318,-0.504453,0.286469,-0.875476,-0.274348,-0.071323,-1.836651,1.268361,1.226626,2.755194,-0.011622,0.000671,0.000416,-0.006195,-0.001221,0.000217,0.000548
26.193046,-0.909672,-0.981694,-0.805735,-0.780998,-1.069798,-0.857824,0.494807,-0.338358,-0.942720,-0.379990,-0.107094,-0.658318,-0.504453,0.286469,-0.875476,-0.274348,-0.071323,-1.836651,1.268361,1.226626,2.755194,-0.011622,0.000671,0.000416,-0.006195,-0.001221,0.000217,0.000548
26.194030,-0.912931,-0.981999,-0.805481,-0.781314,-1.068536,-0.858095,0.495112,-0.335798,-0.945800,-0.374249,-0.103782,-0.657886,-0.504416,0.286045,-0.875501,-0.274351,-0.071321,-1.836663,1.268361,1.226625,2.755193,-0.011066,0.000204,0.000364,-0.005665,-0.001041,0.000342,0.000524
26.194938,-0.911680,-0.984174,-0.804734,-0.780585,-1.069591,-0.857402,0.494761,-0.335798,-0.945800,-0.374249,-0.103782,-0.657886,-0.504416,0.286045,-0.875501,-0.274351,-0.071321,-1.836663,1.268361,1.226625,2.755193,-0.011066,0.000204,0.000364,-0.005665,-0.001041,0.000342,0.000524
26.195974,-0.906824,-0.984170,-0.806040,-0.780628,-1.069526,-0.857406,0.495250,-0.336536,-0.949108,-0.373857,-0.101072,-0.657538,-0.504208,0.285919,-0.875513,-0.274349,-0.071321,-1.836668,1.268363,1.226623,2.755194,-0.011561,0.001280,-0.000018,-0.006286,0.000015,-0.000349,0.001233
26.196965,-0.906716,-0.982759,-0.804721,-0.780171,-1.068871,-0.856597,0.494403,-0.337719,-0.963623,-0.372693,-0.091775,-0.656403,-0.504001,0.285844,-0.875545,-0.274349,-0.071321,-1.836679,1.268363,1.226620,2.755197,-0.013656,0.000555,-0.000029,-0.006432,-0.000715,-0.001140,0.001946
26.198051,-0.909316,-0.979639,-0.807912,-0.778490,-1.069889,-0.857788,0.495263,-0.337719,-0.963623,-0.372693,-0.091775,-0.656403,-0.504001,0.285844,-0.875545,-0.274349,-0.071321,-1.836679,1.268363,1.226620,2.755197,-0.013656,0.000555,-0.000029,-0.006432,-0.000715,-0.001140,0.001946
26.199067,-0.907655,-0.982187,-0.803360,-0.779766,-1.068828,-0.858058,0.494658,-0.337655,-0.970202,-0.371353,-0.087192,-0.655814,-0.503914,0.285900,-0.875554,-0.274355,-0.071317,-1.836689,1.268366,1.226625,2.755194,-0.012233,-0.000949,0.001545,-0.007872,0.000290,0.000043,0.000204
26.199995,-0.908092,-0.982783,-0.806539,-0.780369,-1.070155,-0.857781,0.495117,-0.338775,-0.973813,-0.371557,-0.083706,-0.655327,-0.503605,0.285991,-0.875569,-0.274350,-0.071323,-1.836692,1.268362,1.226623,2.755198,-0.012912,0.000294,-0.000701,-0.006513,-0.000754,0.000317,0.001429
26.200974,-0.908704,-0.983877,-0.803564,-0.780615,-1.069202,-0.857382,0.495651,-0.340244,-0.975894,-0.372259,-0.081290,-0.654984,-0.503269,0.286085,-0.875581,-0.274349,-0.071319,-1.836695,1.268365,1.226621,2.755197,-0.012539,0.000577,0.000880,-0.005824,0.000566,0.000043,0.000493
26.202082,-0.907790,-0.980171,-0.803626,-0.779165,-1.070076,-0.856932,0.494871,-0.342019,-0.977821,-0.373412,-0.079828,-0.654798,-0.502980,0.286151,-0.875591,-0.274347,-0.071323,-1.836702,1.268363,1.226621,2.755193,-0.012107,0.001100,-0.000591,-0.005434,-0.000387,-0.000355,-0.000562
26.202976,-0.907023,-0.980830,-0.805825,-0.779636,-1.069285,-0.857318,0.495577,-0.343905,-0.978882,-0.374757,-0.079393,-0.654755,-0.502686,0.286183,-0.875605,-0.274353,-0.071323,-1.836710,1.268365,1.226620,2.755198,-0.012402,-0.000707,-0.000546,-0.006706,0.000483,-0.000801,0.001006
26.204003,-0.906101,-0.982762,-0.802685,-0.780539,-1.069096,-0.857276,0.495247,-0.345745,-0.977273,-0.376081,-0.080323,-0.654863,-0.502300,0.286195,-0.875618,-0.274352,-0.071321,-1.836715,1.268363,1.226623,2.755195,-0.012631,-0.000369,0.000540,-0.006081,-0.000302,-0.000421,-0.000423
26.205104,-0.905673,-0.981874,-0.806490,-0.780459,-1.069843,-0.857819,0.496096,-0.347566,-0.973715,-0.377452,-0.082370,-0.655099,-0.501861,0.286185,-0.875632,-0.274348,-0.071325,-1.836717,1.268363,1.226620,2.755198,-0.012926,0.000557,-0.001010,-0.005128,-0.000486,-0.000448,0.000244
26.206045,-0.904961,-0.979849,-0.803513,-0.778658,-1.068384,-0.857467,0.495565,-0.348998,-0.969973,-0.378466,-0.085055,-0.655424,-0.501514,0.286146,-0.875645,-0.274349,-0.071319,-1.836723,1.268364,1.226622,2.755197,-0.012985,0.000115,0.000859,-0.005084,0.000255,0.000089,-0.001474
26.206975,-0.902523,-0.981965,-0.802478,-0.781687,-1.068653,-0.856687,0.495514,-0.350364,-0.965724,-0.379579,-0.088153,-0.655790,-0.501199,0.286082,-0.875657,-0.274351,-0.071323,-1.836733,1.268361,1.226619,2.755199,-0.013190,-0.000885,-0.000616,-0.006645,-0.001195,-0.000258,-0.000392
26.207993,-0.902616,-0.981134,-0.806248,-0.780617,-1.069296,-0.858197,0.495453,-0.350499,-0.960203,-0.379368,-0.091762,-0.656196,-0.500989,0.286010,-0.875674,-0.274349,-0.071323,-1.836731,1.268362,1.226618,2.755199,-0.014218,0.000173,-0.001116,-0.003629,-0.000916,-0.001037,-0.000300
26.208989,-0.901936,-0.982449,-0.804760,-0.780853,-1.068192,-0.859049,0.495127,-0.349035,-0.953455,-0.377417,-0.096317,-0.656711,-0.500974,0.285939,-0.875688,-0.274351,-0.071319,-1.836738,1.268363,1.226618,2.755200,-0.013998,-0.000237,0.000740,-0.004566,-0.000277,0.000497,-0.000181
26.209991,-0.904928,-0.982155,-0.803561,-0.780854,-1.068929,-0.857964,0.495195,-0.347656,-0.946832,-0.375893,-0.101121,-0.657258,-0.501046,0.285847,-0.875703,-0.274349,-0.071321,-1.836742,1.268360,1.226621,2.755202,-0.014160,0.000410,-0.000010,-0.004225,-0.001367,0.001324,0.000471
26.211065,-0.903814,-0.981012,-0.806967,-0.782188,-1.068243,-0.857410,0.495436,-0.346945,-0.941695,-0.375512,-0.105154,-0.657705,-0.501146,0.285721,-0.875713,-0.274349,-0.071323,-1.836747,1.268360,1.226617,2.755201,-0.012524,0.000255,-0.000584,-0.004108,-0.000620,0.000243,0.000329
26.211987,-0.902167,-0.982482,-0.801887,-0.779130,-1.070317,-0.857920,0.495398,-0.347806,-0.936610,-0.377294,-0.109135,-0.658122,-0.501101,0.285568,-0.875728,-0.274351,-0.071319,-1.836747,1.268357,1.226616,2.755198,-0.012919,-0.000300,0.001095,-0.002766,-0.001289,-0.000297,-0.000145
26.212949,-0.905885,-0.979016,-0.805299,-0.780057,-1.070632,-0.857493,0.496809,-0.349930,-0.931318,-0.380751,-0.112952,-0.658471,-0.500882,0.285394,-0.875744,-0.274349,-0.071325,-1.836758,1.268360,1.226616,2.755200,-0.013556,0.000427,-0.001419,-0.005599,0.000781,0.000221,-0.000071
26.214058,-0.901128,-0.980097,-0.802744,-0.780267,-1.069144,-0.858268,0.495781,-0.352170,-0.926859,-0.384334,-0.115549,-0.658619,-0.500581,0.285196,-0.875752,-0.274353,-0.071321,-1.836761,1.268362,1.226616,2.755196,-0.011572,-0.001289,0.000283,-0.004556,0.001063,-0.000216,-0.002906
26.215042,-0.899973,-0.978931,-0.805200,-0.779993,-1.069356,-0.856447,0.496116,-0.354790,-0.921165,-0.388247,-0.117977,-0.658695,-0.500132,0.284984,-0.875771,-0.274351,-0.071323,-1.836765,1.268356,1.226617,2.755201,-0.013769,-0.000742,-0.000999,-0.004257,-0.000386,0.000567,-0.000820
26.215947,-0.900379,-0.980917,-0.801767,-0.779783,-1.068943,-0.855911,0.496128,-0.356835,-0.913421,-0.391259,-0.120934,-0.658789,-0.499653,0.284784,-0.875787,-0.274352,-0.071321,-1.836771,1.268357,1.226612,2.755198,-0.014128,-0.001332,0.000229,-0.004401,-0.000164,-0.001252,-0.001506
26.217037,-0.900969,-0.979777,-0.803906,-0.781061,-1.069421,-0.856163,0.495597,-0.357557,-0.905580,-0.392488,-0.123460,-0.658799,-0.499240,0.284614,-0.875801,-0.274349,-0.071325,-1.836775,1.268357,1.226612,2.755197,-0.013754,-0.000350,-0.001470,-0.004515,-0.000579,-0.001773,-0.001519
26.217951,-0.900297,-0.980203,-0.805527,-0.780308,-1.070810,-0.856646,0.495219,-0.357574,-0.898684,-0.392750,-0.125283,-0.658721,-0.498857,0.284494,-0.875814,-0.274351,-0.071323,-1.836774,1.268360,1.226612,2.755198,-0.013303,-0.000911,-0.000395,-0.003233,-0.000123,-0.001515,-0.000452
26.219082,-0.901314,-0.980608,-0.806457,-0.780435,-1.070215,-0.857435,0.494478,-0.358314,-0.892064,-0.393875,-0.127112,-0.658666,-0.498397,0.284451,-0.875826,-0.274350,-0.071321,-1.836780,1.268362,1.226615,2.755199,-0.013496,-0.000708,0.000388,-0.003877,0.001249,-0.001044,0.000298
26.220022,-0.902583,-0.978926,-0.805654,-0.780951,-1.070180,-0.856871,0.495895,-0.361156,-0.886110,-0.397672,-0.128773,-0.658627,-0.497761,0.284482,-0.875837,-0.274349,-0.071319,-1.836783,1.268359,1.226614,2.755203,-0.012854,-0.000512,0.000824,-0.003663,0.000663,-0.000248,0.001770
26.221106,-0.899943,-0.980183,-0.803148,-0.781005,-1.069047,-0.856573,0.494731,-0.366304,-0.880725,-0.404454,-0.130277,-0.658607,-0.496932,0.284555,-0.875848,-0.274351,-0.071320,-1.836785,1.268360,1.226614,2.755197,-0.012088,-0.001345,0.000431,-0.003090,0.000627,-0.000821,-0.001084
26.222051,-0.900811,-0.980213,-0.802844,-0.779373,-1.069326,-0.857024,0.495077,-0.372178,-0.874698,-0.412211,-0.132307,-0.658688,-0.496043,0.284644,-0.875864,-0.274351,-0.071324,-1.836789,1.268357,1.226613,2.755202,-0.013233,-0.000697,-0.000778,-0.002960,-0.000490,-0.001116,0.001277
26.223031,-0.901969,-0.982075,-0.803637,-0.780729,-1.068544,-0.857607,0.495036,-0.376469,-0.869747,-0.418029,-0.133812,-0.658744,-0.495356,0.284731,-0.875874,-0.274352,-0.071326,-1.836798,1.268360,1.226616,2.755200,-0.012655,-0.000685,-0.000896,-0.004384,-0.000219,-0.000671,0.000566
26.223970,-0.898793,-0.977748,-0.807095,-0.781222,-1.067608,-0.857295,0.495446,-0.379423,-0.868262,-0.422198,-0.133437,-0.658615,-0.494901,0.284801,-0.875885,-0.274349,-0.071327,-1.836798,1.268356,1.226613,2.755201,-0.011951,0.000229,-0.000490,-0.002999,-0.000971,-0.000073,0.000649
26.224987,-0.899376,-0.982359,-0.800617,-0.780778,-1.069279,-0.857495,0.495299,-0.382786,-0.867914,-0.426894,-0.132622,-0.658467,-0.494468,0.284852,-0.875903,-0.274355,-0.071321,-1.836799,1.268355,1.226612,2.755199,-0.013339,-0.001902,0.001189,-0.002475,-0.001907,-0.000386,-0.000172
26.225966,-0.899828,-0.982783,-0.803799,-0.781361,-1.069123,-0.857614,0.495278,-0.385841,-0.866352,-0.431234,-0.132744,-0.658451,-0.494075,0.284894,-0.875914,-0.274349,-0.071329,-1.836803,1.268358,1.226613,2.755199,-0.012892,0.000381,-0.002012,-0.002850,-0.000233,-0.000188,0.000133
26.227032,-0.897107,-0.980644,-0.803715,-0.780646,-1.069174,-0.858025,0.495519,-0.387115,-0.869761,-0.433953,-0.130994,-0.658294,-0.494039,0.284976,-0.875941,-0.274349,-0.071325,-1.836807,1.268356,1.226612,2.755200,-0.013728,-0.000509,-0.000471,-0.002879,-0.000334,0.000350,-0.000319
26.228064,-0.894777,-0.979306,-0.803585,-0.779313,-1.070378,-0.858884,0.495501,-0.387115,-0.869761,-0.433953,-0.130994,-0.658294,-0.494039,0.284976,-0.875941,-0.274349,-0.071325,-1.836807,1.268356,1.226612,2.755200,-0.013728,-0.000509,-0.000471,-0.002879,-0.000334,0.000350,-0.000319
26.228994,-0.894963,-0.982401,-0.801662,-0.779200,-1.070072,-0.857851,0.494459,-0.386131,-0.872482,-0.433272,-0.129746,-0.658160,-0.494236,0.285045,-0.875958,-0.274351,-0.071327,-1.836812,1.268359,1.226614,2.755200,-0.014682,-0.001154,-0.000517,-0.004091,0.000850,0.001203,-0.000279
26.229961,-0.893579,-0.981683,-0.802630,-0.781500,-1.069813,-0.857791,0.495332,-0.383107,-0.875578,-0.430007,-0.127890,-0.657914,-0.494632,0.285143,-0.875972,-0.274347,-0.071329,-1.836815,1.268358,1.226613,2.755203,-0.014412,0.000371,-0.001459,-0.004123,0.000537,0.000156,0.001814
26.231049,-0.895655,-0.982605,-0.806150,-0.780114,-1.069360,-0.856967,0.494350,-0.373884,-0.885776,-0.419400,-0.122725,-0.657232,-0.495864,0.285400,-0.875999,-0.274346,-0.071323,-1.836817,1.268358,1.226610,2.755207,-0.013731,0.000454,0.000737,-0.003187,-0.000176,-0.000707,0.002015
26.232009,-0.895207,-0.984071,-0.800801,-0.780705,-1.069407,-0.856128,0.494223,-0.373884,-0.885776,-0.419400,-0.122725,-0.657232,-0.495864,0.285400,-0.875999,-0.274346,-0.071323,-1.836817,1.268358,1.226610,2.755207,-0.013731,0.000454,0.000737,-0.003187,-0.000176,-0.000707,0.002015
26.233020,-0.892463,-0.979340,-0.805230,-0.780261,-1.069845,-0.855489,0.495125,-0.371555,-0.892379,-0.416892,-0.119953,-0.656851,-0.496273,0.285523,-0.876014,-0.274343,-0.071331,-1.836819,1.268358,1.226609,2.755209,-0.013785,0.001150,-0.001890,-0.002517,-0.000124,-0.001540,0.002245
26.233983,-0.892532,-0.980813,-0.804676,-0.780138,-1.070291,-0.855758,0.495039,-0.370117,-0.898934,-0.415399,-0.117299,-0.656465,-0.496539,0.285603,-0.876031,-0.274349,-0.071325,-1.836825,1.268359,1.226609,2.755207,-0.014961,-0.001175,0.000308,-0.002834,0.000302,-0.002175,0.000428
26.234956,-0.892159,-0.982501,-0.803517,-0.780900,-1.070987,-0.856389,0.495934,-0.369331,-0.901797,-0.414624,-0.116437,-0.656268,-0.496597,0.285622,-0.876047,-0.274347,-0.071327,-1.836828,1.268358,1.226611,2.755205,-0.014730,-0.000431,0.000022,-0.002883,0.000764,-0.001910,0.000628
26.235979,-0.892781,-0.984943,-0.803015,-0.780675,-1.070274,-0.856247,0.495724,-0.369215,-0.902292,-0.414667,-0.116826,-0.656232,-0.496517,0.285568,-0.876060,-0.274343,-0.071328,-1.836829,1.268357,1.226609,2.755203,-0.014761,0.000367,-0.000537,-0.002091,0.001471,-0.001268,-0.001173
26.236963,-0.894205,-0.981196,-0.802368,-0.780910,-1.069763,-0.856352,0.494892,-0.368923,-0.904563,-0.414532,-0.116737,-0.656205,-0.496531,0.285445,-0.876074,-0.274339,-0.071331,-1.836830,1.268358,1.226609,2.755202,-0.014271,0.001539,-0.000760,-0.002287,0.000738,-0.001413,-0.000727
26.237978,-0.890888,-0.981689,-0.800530,-0.782051,-1.069793,-0.856912,0.495142,-0.368625,-0.908960,-0.414429,-0.115934,-0.656148,-0.496618,0.285293,-0.876086,-0.274344,-0.071333,-1.836831,1.268356,1.226609,2.755205,-0.013416,-0.000302,-0.001054,-0.002036,0.000247,-0.001309,0.000935
26.238988,-0.889524,-0.982461,-0.804118,-0.779796,-1.070298,-0.856839,0.495443,-0.367840,-0.911539,-0.413701,-0.116344,-0.656257,-0.496733,0.285164,-0.876105,-0.274344,-0.071337,-1.836832,1.268355,1.226609,2.755205,-0.014871,-0.000036,-0.001930,-0.000866,0.000288,-0.000743,0.000417
26.240033,-0.890028,-0.983057,-0.803675,-0.780096,-1.069430,-0.857162,0.494969,-0.365726,-0.911949,-0.411279,-0.118065,-0.656523,-0.496965,0.285070,-0.876119,-0.274342,-0.071333,-1.836841,1.268356,1.226609,2.755203,-0.015372,0.000330,-0.000155,-0.002931,0.000791,-0.000823,-0.000181
26.241024,-0.887934,-0.981392,-0.804767,-0.779545,-1.069192,-0.856791,0.494830,-0.363386,-0.913898,-0.408577,-0.118761,-0.656647,-0.497258,0.285001,-0.876132,-0.274342,-0.071333,-1.836842,1.268357,1.226612,2.755205,-0.014951,0.000628,-0.000396,-0.002578,-0.000098,-0.000515,0.000773
26.241939,-0.888067,-0.983693,-0.804380,-0.779465,-1.069632,-0.857257,0.495302,-0.361754,-0.917825,-0.406780,-0.117952,-0.656559,-0.497500,0.284960,-0.876149,-0.274344,-0.071331,-1.836847,1.268354,1.226610,2.755207,-0.015809,-0.000196,0.000132,-0.003026,-0.000307,-0.000880,0.001038
26.243057,-0.888580,-0.978983,-0.803937,-0.778605,-1.069612,-0.857263,0.494575,-0.360538,-0.922831,-0.405543,-0.116144,-0.656324,-0.497701,0.284932,-0.876165,-0.274340,-0.071333,-1.836848,1.268357,1.226610,2.755205,-0.015544,0.000930,-0.000052,-0.003065,0.000116,-0.000401,0.000088
26.243949,-0.887005,-0.983986,-0.801944,-0.777392,-1.068376,-0.857479,0.495393,-0.359632,-0.927914,-0.404739,-0.113807,-0.656004,-0.497847,0.284900,-0.876181,-0.274346,-0.071333,-1.836853,1.268357,1.226609,2.755211,-0.015095,-0.001391,-0.000268,-0.003825,0.000093,-0.000394,0.001545
26.244995,-0.886862,-0.980042,-0.801236,-0.779896,-1.068533,-0.857539,0.495348,-0.358419,-0.933085,-0.403592,-0.110703,-0.655574,-0.497976,0.284847,-0.876199,-0.274340,-0.071337,-1.836858,1.268354,1.226608,2.755205,-0.015677,0.001090,-0.001223,-0.004928,-0.001132,-0.000176,-0.000097
26.246031,-0.888277,-0.978791,-0.806743,-0.778915,-1.067975,-0.856459,0.494815,-0.355704,-0.939093,-0.400617,-0.106714,-0.655051,-0.498244,0.284768,-0.876215,-0.274344,-0.071338,-1.836856,1.268354,1.226608,2.755204,-0.015550,-0.000882,-0.001562,-0.002422,-0.000959,-0.000117,0.000011
26.247024,-0.885987,-0.978966,-0.803134,-0.780310,-1.070345,-0.857003,0.495751,-0.353050,-0.941766,-0.397762,-0.104468,-0.654752,-0.498419,0.284697,-0.876229,-0.274344,-0.071332,-1.836861,1.268350,1.226608,2.755206,-0.014668,-0.001494,0.001148,-0.003324,-0.001483,-0.001203,0.001079
26.247927,-0.885022,-0.979248,-0.802348,-0.778483,-1.071024,-0.857132,0.495191,-0.352522,-0.938254,-0.397600,-0.105547,-0.654848,-0.498213,0.284656,-0.876245,-0.274344,-0.071336,-1.836860,1.268359,1.226608,2.755202,-0.015639,-0.001400,-0.000655,-0.001916,0.000829,-0.000648,-0.000806
26.248963,-0.884194,-0.979333,-0.804837,-0.778552,-1.069423,-0.857686,0.495878,-0.352070,-0.931087,-0.397569,-0.108748,-0.655220,-0.497914,0.284648,-0.876261,-0.274344,-0.071336,-1.836867,1.268360,1.226607,2.755205,-0.015919,-0.001258,-0.001031,-0.003614,0.001473,-0.000513,0.000331
26.250001,-0.885175,-0.979033,-0.804182,-0.780427,-1.070728,-0.856801,0.495745,-0.350366,-0.923759,-0.396009,-0.112021,-0.655647,-0.497733,0.284670,-0.876278,-0.274342,-0.071334,-1.836870,1.268354,1.226608,2.755204,-0.016131,-0.001242,0.000203,-0.003450,-0.000083,0.000035,-0.001061
26.251013,-0.882015,-0.981762,-0.806625,-0.779018,-1.070101,-0.857765,0.494384,-0.348920,-0.916896,-0.394779,-0.115075,-0.656091,-0.497531,0.284720,-0.876292,-0.274343,-0.071336,-1.836868,1.268355,1.226604,2.755203,-0.015456,-0.001378,-0.000117,-0.001618,0.001237,-0.000840,-0.000776
26.251984,-0.882121,-0.980856,-0.806044,-0.779065,-1.069581,-0.857017,0.494942,-0.348518,-0.910832,-0.394810,-0.118139,-0.656583,-0.497272,0.284795,-0.876311,-0.274341,-0.071332,-1.836874,1.268356,1.226607,2.755210,-0.016831,-0.000026,0.001081,-0.002912,0.000586,0.000124,0.001943
26.252919,-0.877400,-0.982996,-0.801794,-0.778769,-1.068437,-0.857063,0.494209,-0.348926,-0.908317,-0.395824,-0.119597,-0.656920,-0.497038,0.284878,-0.876327,-0.274343,-0.071333,-1.836877,1.268354,1.226608,2.755210,-0.016566,-0.000473,0.000779,-0.002782,0.000083,-0.000645,0.000787
26.254078,-0.879262,-0.982631,-0.805410,-0.780913,-1.069483,-0.856315,0.495013,-0.348055,-0.910360,-0.395215,-0.118615,-0.656993,-0.497046,0.284940,-0.876350,-0.274341,-0.071338,-1.836880,1.268352,1.226607,2.755213,-0.018683,0.000587,-0.001296,-0.003007,-0.001044,-0.000587,0.002269
26.255036,-0.879472,-0.983973,-0.803727,-0.779370,-1.069597,-0.856400,0.496042,-0.344360,-0.915615,-0.391040,-0.116161,-0.656913,-0.497438,0.284957,-0.876364,-0.274341,-0.071335,-1.836877,1.268353,1.226604,2.755210,-0.017545,0.000392,0.000508,-0.000901,0.000009,-0.001325,0.000642
26.256006,-0.879689,-0.978489,-0.804992,-0.777970,-1.069477,-0.856355,0.495842,-0.339970,-0.922415,-0.385955,-0.113386,-0.656807,-0.497965,0.284912,-0.876380,-0.274337,-0.071339,-1.836884,1.268353,1.226603,2.755206,-0.017256,0.001025,-0.000312,-0.002323,0.000114,-0.001225,-0.001404
26.256996,-0.880481,-0.980972,-0.800870,-0.780923,-1.069763,-0.856950,0.496068,-0.336737,-0.928932,-0.382264,-0.110568,-0.656670,-0.498325,0.284805,-0.876396,-0.274346,-0.071338,-1.836889,1.268353,1.226602,2.755208,-0.016955,-0.001642,0.000322,-0.003591,-0.000009,-0.001265,-0.000988
26.258147,-0.878929,-0.980024,-0.800756,-0.780613,-1.069284,-0.856802,0.495832,-0.334251,-0.931908,-0.379406,-0.109053,-0.656641,-0.498464,0.284670,-0.876412,-0.274343,-0.071341,-1.836884,1.268353,1.226604,2.755206,-0.016364,-0.000394,-0.001720,-0.000720,0.000282,-0.000673,-0.001439
26.259042,-0.879225,-0.981657,-0.802163,-0.778528,-1.070321,-0.856846,0.496151,-0.331088,-0.930173,-0.375565,-0.110201,-0.656914,-0.498585,0.284543,-0.876430,-0.274345,-0.071342,-1.836886,1.268352,1.226607,2.755209,-0.016940,-0.000868,-0.001756,-0.001007,-0.000190,-0.000847,-0.000971
26.259950,-0.879303,-0.984091,-0.801183,-0.779882,-1.069490,-0.857743,0.496121,-0.327076,-0.926991,-0.370568,-0.112290,-0.657286,-0.498784,0.284431,-0.876446,-0.274343,-0.071340,-1.836893,1.268353,1.226604,2.755208,-0.016591,-0.000060,-0.001066,-0.002953,0.000847,-0.000783,-0.001618
26.261007,-0.880374,-0.982102,-0.802105,-0.779193,-1.069848,-0.858291,0.495524,-0.323436,-0.926998,-0.366028,-0.112512,-0.657417,-0.499016,0.284327,-0.876462,-0.274339,-0.071342,-1.836892,1.268353,1.226606,2.755207,-0.016362,0.001115,-0.001546,-0.001577,-0.000002,0.000108,-0.001545
26.261984,-0.879885,-0.981860,-0.800375,-0.780127,-1.069008,-0.858211,0.495637,-0.320865,-0.931068,-0.362869,-0.110623,-0.657287,-0.499257,0.284246,-0.876476,-0.274341,-0.071342,-1.836896,1.268354,1.226606,2.755209,-0.015650,0.000119,-0.001076,-0.002212,0.000360,0.000657,-0.000349
26.263076,-0.877276,-0.977794,-0.803461,-0.778518,-1.069601,-0.857480,0.495139,-0.319482,-0.935840,-0.361196,-0.108441,-0.657103,-0.499424,0.284211,-0.876492,-0.274339,-0.071346,-1.836894,1.268352,1.226606,2.755207,-0.015710,-0.000019,-0.001903,-0.001287,-0.000477,0.000571,-0.000580
26.263992,-0.877537,-0.982528,-0.804486,-0.778737,-1.069162,-0.857664,0.495052,-0.318924,-0.937611,-0.360494,-0.107608,-0.657030,-0.499438,0.284225,-0.876510,-0.274345,-0.071343,-1.836901,1.268354,1.226604,2.755211,-0.016813,-0.001988,-0.000375,-0.002768,0.000115,-0.000156,0.000411
26.264999,-0.878613,-0.980649,-0.801087,-0.779239,-1.068608,-0.857300,0.495931,-0.319538,-0.936749,-0.361224,-0.107636,-0.656996,-0.499242,0.284257,-0.876526,-0.274340,-0.071341,-1.836902,1.268353,1.226604,2.755213,-0.016477,0.000363,0.000109,-0.002512,-0.000327,0.000033,0.000571
26.266098,-0.876393,-0.980067,-0.798708,-0.779681,-1.070317,-0.857255,0.495601,-0.321330,-0.936601,-0.363465,-0.107016,-0.656855,-0.498925,0.284258,-0.876542,-0.274343,-0.071345,-1.836904,1.268352,1.226604,2.755209,-0.015738,-0.000584,-0.001568,-0.001947,-0.000867,-0.000331,-0.001191
26.266952,-0.875771,-0.981524,-0.805316,-0.779920,-1.068154,-0.857545,0.495374,-0.322192,-0.936197,-0.364544,-0.106669,-0.656748,-0.498715,0.284221,-0.876561,-0.274344,-0.071349,-1.836905,1.268355,1.226604,2.755209,-0.016643,-0.000847,-0.002702,-0.001486,0.000827,-0.000373,-0.000508
26.267983,-0.872652,-0.980563,-0.802972,-0.779326,-1.068983,-0.857929,0.495449,-0.321793,-0.934094,-0.364028,-0.107508,-0.656788,-0.498630,0.284169,-0.876579,-0.274343,-0.071342,-1.836908,1.268351,1.226604,2.755210,-0.016726,-0.000129,0.000561,-0.001183,-0.001329,-0.000080,-0.000059
26.269098,-0.872972,-0.983991,-0.801754,-0.779284,-1.069799,-0.857891,0.495397,-0.321781,-0.931850,-0.364078,-0.108637,-0.656856,-0.498539,0.284117,-0.876598,-0.274343,-0.071345,-1.836911,1.268352,1.226604,2.755209,-0.018073,-0.000621,-0.000613,-0.001706,-0.000485,0.000300,-0.000212
26.270093,-0.874004,-0.978944,-0.801215,-0.779263,-1.069490,-0.857028,0.494881,-0.321200,-0.931583,-0.363574,-0.108847,-0.656810,-0.498583,0.284064,-0.876614,-0.274339,-0.071346,-1.836914,1.268353,1.226604,2.755210,-0.017701,0.001070,-0.001210,-0.001680,0.000322,0.000263,-0.000111
26.270976,-0.872669,-0.982652,-0.801321,-0.778903,-1.069219,-0.856521,0.494877,-0.319200,-0.933010,-0.361431,-0.108215,-0.656669,-0.498818,0.284026,-0.876630,-0.274344,-0.071346,-1.836914,1.268351,1.226600,2.755210,-0.016987,-0.001430,-0.001474,-0.001680,0.000020,-0.000584,0.000931
26.271992,-0.876428,-0.982079,-0.800393,-0.780398,-1.069161,-0.857788,0.495117,-0.316705,-0.933943,-0.358763,-0.107646,-0.656535,-0.499045,0.284026,-0.876649,-0.274341,-0.071348,-1.836917,1.268351,1.226599,2.755211,-0.017442,0.000421,-0.001391,-0.001993,-0.000242,-0.001081,0.000925
26.272932,-0.872965,-0.979857,-0.801913,-0.778331,-1.069780,-0.857727,0.494328,-0.314605,-0.935135,-0.356665,-0.106920,-0.656397,-0.499199,0.284055,-0.876660,-0.274340,-0.071349,-1.836915,1.268350,1.226602,2.755209,-0.015408,0.000105,-0.001852,-0.000514,-0.000287,0.000181,0.000451
26.273976,-0.873775,-0.981200,-0.803205,-0.780576,-1.068896,-0.857936,0.495054,-0.313593,-0.936295,-0.355966,-0.106275,-0.656282,-0.499236,0.284098,-0.876679,-0.274343,-0.071347,-1.836922,1.268351,1.226604,2.755215,-0.016941,-0.000971,-0.001103,-0.002462,0.000321,0.000097,0.002024
26.274992,-0.874485,-0.983299,-0.801977,-0.779526,-1.069628,-0.855965,0.495131,-0.313919,-0.935704,-0.356942,-0.106392,-0.656247,-0.499100,0.284148,-0.876695,-0.274342,-0.071347,-1.836918,1.268349,1.226603,2.755212,-0.016323,-0.000295,-0.000461,-0.000254,-0.000552,0.000311,0.000554
26.275987,-0.873003,-0.983496,-0.803332,-0.780247,-1.069944,-0.856724,0.494727,-0.315851,-0.934828,-0.359940,-0.106750,-0.656238,-0.498807,0.284186,-0.876712,-0.274338,-0.071349,-1.836923,1.268348,1.226600,2.755213,-0.015771,0.000711,-0.001060,-0.001231,0.000203,-0.001658,0.000410
26.277064,-0.873242,-0.980385,-0.802872,-0.780017,-1.071099,-0.856952,0.495605,-0.319199,-0.936159,-0.364727,-0.106233,-0.656141,-0.498416,0.284188,-0.876730,-0.274338,-0.071347,-1.836923,1.268350,1.226600,2.755216,-0.016302,0.000793,-0.000389,-0.000478,0.000493,-0.000875,0.001214
26.278057,-0.873288,-0.982151,-0.803175,-0.779680,-1.071792,-0.857070,0.495723,-0.323333,-0.938070,-0.370498,-0.105584,-0.656040,-0.497959,0.284141,-0.876746,-0.274342,-0.071349,-1.836924,1.268355,1.226603,2.755211,-0.015981,-0.000732,-0.000606,-0.000698,0.001608,-0.000670,-0.000545
26.278938,-0.873200,-0.980504,-0.803795,-0.779983,-1.070738,-0.856211,0.495839,-0.327922,-0.937979,-0.376836,-0.105971,-0.656071,-0.497425,0.284056,-0.876764,-0.274340,-0.071351,-1.836926,1.268355,1.226602,2.755209,-0.015749,0.000157,-0.000425,-0.000979,0.002294,-0.000549,-0.000761
26.279983,-0.875228,-0.981202,-0.803722,-0.780325,-1.070075,-0.857876,0.496027,-0.333023,-0.936432,-0.383853,-0.106961,-0.656204,-0.496799,0.283960,-0.876780,-0.274344,-0.071352,-1.836927,1.268351,1.226599,2.755207,-0.015596,-0.000643,-0.000105,-0.000652,0.001261,-0.001400,-0.000986
26.281010,-0.873980,-0.980615,-0.803774,-0.779104,-1.068798,-0.857905,0.495250,-0.339028,-0.933622,-0.392066,-0.108473,-0.656430,-0.496035,0.283888,-0.876793,-0.274342,-0.071352,-1.836928,1.268350,1.226603,2.755207,-0.014423,-0.000302,-0.000142,-0.000293,0.000620,0.000267,-0.001363
26.281967,-0.875219,-0.980493,-0.805602,-0.778922,-1.070775,-0.858252,0.495516,-0.345908,-0.930231,-0.401428,-0.110060,-0.656676,-0.495163,0.283867,-0.876809,-0.274344,-0.071355,-1.836933,1.268347,1.226603,2.755213,-0.014870,-0.000582,-0.000088,-0.001414,-0.000637,0.000280,0.000185
26.283099,-0.871047,-0.980710,-0.803811,-0.779741,-1.069645,-0.858928,0.495489,-0.353576,-0.927582,-0.411782,-0.110780,-0.656809,-0.494218,0.283900,-0.876823,-0.274342,-0.071351,-1.836934,1.268352,1.226604,2.755213,-0.014068,-0.000660,0.000796,-0.001563,0.001318,0.000628,-0.000364
26.284057,-0.869886,-0.979893,-0.804193,-0.781101,-1.070063,-0.859214,0.495004,-0.361290,-0.925504,-0.422143,-0.110873,-0.656856,-0.493298,0.283973,-0.876844,-0.274342,-0.071355,-1.836932,1.268349,1.226603,2.755212,-0.015921,-0.000551,-0.000076,-0.000769,0.000195,0.001313,-0.000302
26.285031,-0.869078,-0.983195,-0.802916,-0.779846,-1.069019,-0.858990,0.495200,-0.366857,-0.922448,-0.429761,-0.111749,-0.656990,-0.492650,0.284073,-0.876861,-0.274342,-0.071355,-1.836928,1.268349,1.226600,2.755214,-0.016287,-0.000963,0.000132,0.000506,0.000621,0.001609,0.000672
26.286171,-0.868737,-0.979196,-0.803406,-0.777255,-1.069152,-0.857957,0.494665,-0.369212,-0.919169,-0.433329,-0.113315,-0.657201,-0.492402,0.284165,-0.876877,-0.274338,-0.071357,-1.836932,1.268348,1.226599,2.755215,-0.016495,0.000662,-0.000491,-0.000681,-0.000428,0.001386,0.000260
26.286991,-0.868085,-0.979424,-0.803473,-0.779917,-1.071010,-0.858974,0.494817,-0.369007,-0.918700,-0.433678,-0.113299,-0.657195,-0.492453,0.284202,-0.876893,-0.274344,-0.071358,-1.836941,1.268348,1.226597,2.755218,-0.016470,-0.001302,-0.000232,-0.003081,-0.000282,0.000356,0.001335
26.287967,-0.868343,-0.979022,-0.802654,-0.778959,-1.069514,-0.859195,0.494501,-0.367320,-0.919245,-0.432116,-0.112119,-0.657010,-0.492583,0.284170,-0.876911,-0.274344,-0.071359,-1.836934,1.268351,1.226600,2.755216,-0.016580,-0.001165,-0.000192,-0.000533,0.001570,0.001375,0.001025
26.289008,-0.867446,-0.982146,-0.805450,-0.779294,-1.070313,-0.858458,0.495369,-0.364881,-0.917526,-0.429537,-0.112019,-0.656948,-0.492698,0.284079,-0.876926,-0.274344,-0.071361,-1.836937,1.268350,1.226600,2.755216,-0.016267,-0.001368,-0.000581,-0.001442,0.000046,0.001591,0.001662
26.290063,-0.868216,-0.980441,-0.806228,-0.778677,-1.069274,-0.858153,0.495587,-0.362539,-0.915546,-0.427030,-0.112281,-0.656944,-0.492787,0.283935,-0.876943,-0.274341,-0.071357,-1.836940,1.268350,1.226598,2.755214,-0.016526,0.000165,0.000793,-0.001037,0.000867,0.000855,-0.000088
26.291002,-0.867009,-0.980854,-0.803890,-0.780597,-1.069673,-0.858393,0.495354,-0.361886,-0.915999,-0.426621,-0.111392,-0.656808,-0.492728,0.283752,-0.876957,-0.274342,-0.071356,-1.836943,1.268348,1.226598,2.755213,-0.015961,-0.000699,0.001155,-0.001588,-0.000168,0.000555,-0.000508
26.291966,-0.864183,-0.982270,-0.804631,-0.779594,-1.069896,-0.858995,0.495775,-0.362879,-0.917309,-0.428262,-0.110256,-0.656638,-0.492501,0.283568,-0.876971,-0.274341,-0.071360,-1.836940,1.268350,1.226599,2.755214,-0.016408,-0.000485,0.000016,0.000275,0.000225,0.000796,-0.000037
26.293024,-0.867352,-0.981177,-0.801811,-0.779224,-1.070078,-0.857821,0.494815,-0.363416,-0.918332,-0.429308,-0.109753,-0.656553,-0.492351,0.283412,-0.876992,-0.274341,-0.071358,-1.836942,1.268349,1.226600,2.755212,-0.017579,0.000227,0.000383,-0.000703,0.000455,0.001397,-0.000881
26.294082,-0.864761,-0.981792,-0.800539,-0.779514,-1.068802,-0.858127,0.495603,-0.362464,-0.920445,-0.428469,-0.109002,-0.656466,-0.492415,0.283300,-0.877004,-0.274343,-0.071362,-1.836946,1.268350,1.226598,2.755216,-0.015813,-0.000306,-0.000996,-0.000973,0.000629,0.000215,0.001047
26.295067,-0.867005,-0.981308,-0.806107,-0.779532,-1.069654,-0.858543,0.494591,-0.359934,-0.923547,-0.425611,-0.107660,-0.656331,-0.492657,0.283233,-0.877023,-0.274342,-0.071366,-1.836947,1.268347,1.226598,2.755213,-0.016908,-0.000003,-0.001576,-0.000651,-0.000631,0.000536,-0.000549
26.296003,-0.865502,-0.979617,-0.800486,-0.778887,-1.069812,-0.858087,0.494752,-0.357145,-0.926751,-0.422405,-0.106163,-0.656185,-0.492917,0.283203,-0.877038,-0.274343,-0.071359,-1.836946,1.268350,1.226598,2.755217,-0.015591,-0.000248,0.001161,-0.000665,0.000212,0.000954,0.001494
26.297119,-0.864161,-0.982457,-0.802796,-0.780093,-1.068949,-0.858266,0.495249,-0.355736,-0.928960,-0.420942,-0.104994,-0.656066,-0.492994,0.283197,-0.877056,-0.274344,-0.071367,-1.836947,1.268351,1.226596,2.755217,-0.016141,-0.001082,-0.001612,-0.001283,0.000356,0.000503,0.001148
26.298078,-0.865021,-0.984360,-0.800592,-0.780079,-1.069195,-0.856729,0.495191,-0.354339,-0.930021,-0.419517,-0.104271,-0.656004,-0.493024,0.283187,-0.877072,-0.274342,-0.071366,-1.836945,1.268348,1.226598,2.755216,-0.016616,0.000336,-0.000435,-0.000104,-0.000495,0.000675,0.000154
26.298942,-0.865307,-0.979811,-0.801132,-0.778264,-1.069221,-0.855436,0.495726,-0.352051,-0.932587,-0.417016,-0.103047,-0.655917,-0.493188,0.283142,-0.877086,-0.274338,-0.071368,-1.836946,1.268349,1.226595,2.755216,-0.016008,0.001239,-0.001529,-0.000113,-0.000245,-0.000864,0.000277
26.299987,-0.865008,-0.978395,-0.803183,-0.779284,-1.069083,-0.854492,0.495534,-0.349672,-0.936996,-0.414409,-0.100935,-0.655742,-0.493361,0.283059,-0.877102,-0.274344,-0.071368,-1.836952,1.268349,1.226594,2.755215,-0.015679,-0.001004,-0.001242,-0.001793,-0.000222,-0.002145,-0.000798
26.301000,-0.865181,-0.982062,-0.801510,-0.780280,-1.068776,-0.855156,0.496326,-0.348388,-0.938761,-0.413109,-0.099559,-0.655621,-0.493234,0.282959,-0.877118,-0.274346,-0.071367,-1.836951,1.268348,1.226593,2.755216,-0.015634,-0.001669,-0.000229,-0.000770,-0.000354,-0.003084,-0.000406
26.302038,-0.865190,-0.981597,-0.801602,-0.778366,-1.067218,-0.856580,0.495784,-0.348870,-0.936508,-0.413955,-0.099945,-0.655674,-0.492753,0.282852,-0.877132,-0.274343,-0.071367,-1.836949,1.268346,1.226596,2.755212,-0.015378,0.000150,-0.001076,0.000183,-0.000638,-0.002417,-0.001992
26.303078,-0.863721,-0.982795,-0.800415,-0.778376,-1.069417,-0.856493,0.495971,-0.350237,-0.934665,-0.415902,-0.100270,-0.655712,-0.492201,0.282742,-0.877148,-0.274343,-0.071369,-1.836953,1.268343,1.226595,2.755215,-0.015190,-0.000102,-0.001001,-0.001665,-0.002183,-0.000982,-0.000893
26.303985,-0.864232,-0.978976,-0.801393,-0.778756,-1.070412,-0.856320,0.495797,-0.351337,-0.936614,-0.417545,-0.098523,-0.655485,-0.491793,0.282641,-0.877165,-0.274341,-0.071371,-1.836953,1.268349,1.226594,2.755215,-0.015722,0.000481,-0.001573,-0.001636,-0.000001,-0.001076,-0.001281
26.304935,-0.862494,-0.979230,-0.801541,-0.779872,-1.070347,-0.855540,0.495043,-0.351768,-0.940061,-0.418350,-0.095842,-0.655129,-0.491521,0.282564,-0.877179,-0.274344,-0.071372,-1.836955,1.268353,1.226593,2.755213,-0.015287,-0.001413,-0.001070,-0.001201,0.000940,-0.001248,-0.000920
26.306139,-0.862068,-0.980134,-0.799329,-0.779150,-1.069709,-0.856347,0.495280,-0.351983,-0.939854,-0.418829,-0.095179,-0.655007,-0.491228,0.282524,-0.877197,-0.274345,-0.071372,-1.836954,1.268351,1.226593,2.755218,-0.015954,-0.001249,-0.000996,-0.000105,0.000886,-0.002029,0.000580
26.307143,-0.861396,-0.981977,-0.799962,-0.778961,-1.069580,-0.856924,0.495439,-0.351568,-0.935568,-0.418467,-0.096915,-0.655187,-0.490946,0.282523,-0.877213,-0.274344,-0.071376,-1.836957,1.268348,1.226593,2.755220,-0.015970,-0.000809,-0.002062,-0.000788,0.000271,-0.001210,0.000079
26.308000,-0.860252,-0.980537,-0.801936,-0.779640,-1.068840,-0.857020,0.495683,-0.349653,-0.931669,-0.416226,-0.098663,-0.655396,-0.490868,0.282538,-0.877229,-0.274343,-0.071377,-1.836957,1.268348,1.226594,2.755220,-0.016115,0.000099,-0.001729,-0.000953,0.000142,-0.000641,-0.000238
26.309107,-0.858013,-0.980977,-0.800371,-0.777548,-1.068499,-0.856825,0.495575,-0.346964,-0.930191,-0.413049,-0.099316,-0.655485,-0.490972,0.282534,-0.877245,-0.274344,-0.071375,-1.836956,1.268344,1.226594,2.755218,-0.016498,-0.000616,-0.000755,-0.000308,-0.000563,-0.000549,-0.000718
26.309982,-0.861269,-0.980720,-0.803902,-0.777859,-1.068838,-0.857189,0.496166,-0.344034,-0.930425,-0.409614,-0.099014,-0.655433,-0.491164,0.282480,-0.877263,-0.274344,-0.071377,-1.836962,1.268344,1.226593,2.755219,-0.017406,-0.000387,-0.001534,-0.002281,-0.000897,-0.000742,-0.000499
26.310937,-0.859329,-0.982520,-0.804509,-0.778766,-1.068729,-0.857212,0.496618,-0.341588,-0.932704,-0.406837,-0.097147,-0.655150,-0.491330,0.282366,-0.877275,-0.274344,-0.071375,-1.836960,1.268346,1.226594,2.755218,-0.015604,-0.000519,0.000236,-0.001980,-0.000572,-0.000378,-0.001694
26.311982,-0.858857,-0.982531,-0.804607,-0.779270,-1.068693,-0.856814,0.496083,-0.341706,-0.937068,-0.407322,-0.093899,-0.654672,-0.491269,0.282203,-0.877293,-0.274341,-0.071375,-1.836958,1.268346,1.226594,2.755215,-0.016387,0.000345,0.000529,-0.001122,-0.000686,-0.000358,-0.002584
26.313003,-0.858155,-0.980403,-0.805727,-0.779372,-1.067906,-0.856717,0.495970,-0.344421,-0.942762,-0.411107,-0.090275,-0.654152,-0.491015,0.282017,-0.877309,-0.274342,-0.071376,-1.836958,1.268348,1.226593,2.755219,-0.016420,0.000360,0.000584,-0.000624,-0.000738,-0.000755,-0.001504
26.314096,-0.855392,-0.981163,-0.802435,-0.778504,-1.069220,-0.856844,0.495964,-0.348480,-0.947767,-0.416614,-0.087475,-0.653738,-0.490651,0.281850,-0.877326,-0.274344,-0.071374,-1.836959,1.268346,1.226592,2.755218,-0.016572,-0.000689,0.001127,-0.000509,-0.001510,-0.000845,-0.001287
26.315002,-0.857815,-0.979622,-0.802792,-0.779732,-1.070241,-0.857640,0.495397,-0.352239,-0.950345,-0.421767,-0.086135,-0.653488,-0.490273,0.281732,-0.877344,-0.274342,-0.071378,-1.836963,1.268347,1.226592,2.755218,-0.017748,-0.000319,-0.000493,-0.001282,-0.000193,-0.000715,-0.001276
26.316028,-0.855088,-0.980377,-0.801265,-0.778661,-1.068558,-0.856580,0.495626,-0.353977,-0.950327,-0.424368,-0.086289,-0.653406,-0.490049,0.281673,-0.877356,-0.274344,-0.071380,-1.836960,1.268351,1.226594,2.755220,-0.016359,-0.001083,-0.000271,-0.000116,0.000794,0.000078,-0.000137
26.317101,-0.855061,-0.980395,-0.802695,-0.778831,-1.069800,-0.856294,0.495328,-0.353742,-0.947747,-0.424418,-0.087948,-0.653504,-0.489978,0.281670,-0.877376,-0.274342,-0.071381,-1.836963,1.268344,1.226594,2.755218,-0.017515,-0.000713,-0.001035,-0.001119,-0.000846,-0.001001,-0.000605
26.317990,-0.857581,-0.981579,-0.801669,-0.778766,-1.068703,-0.856525,0.495548,-0.351997,-0.944269,-0.422476,-0.090022,-0.653651,-0.490022,0.281709,-0.877394,-0.274344,-0.071379,-1.836964,1.268349,1.226593,2.755218,-0.017298,-0.000689,-0.000324,-0.000924,0.000373,-0.001275,0.000001
26.318953,-0.855551,-0.983666,-0.802174,-0.779476,-1.070315,-0.858052,0.495383,-0.349961,-0.941903,-0.420097,-0.091400,-0.653719,-0.490093,0.281769,-0.877407,-0.274344,-0.071381,-1.836964,1.268346,1.226592,2.755219,-0.015866,-0.000085,-0.000827,-0.000987,-0.000724,-0.001033,-0.000451
26.320015,-0.855761,-0.981740,-0.805960,-0.778414,-1.070610,-0.856889,0.494959,-0.348687,-0.942290,-0.418632,-0.091533,-0.653668,-0.490168,0.281825,-0.877425,-0.274340,-0.071381,-1.836962,1.268348,1.226596,2.755220,-0.016688,0.000919,-0.000567,-0.000318,0.000897,0.000482,-0.000120
26.321009,-0.858247,-0.983653,-0.802423,-0.779322,-1.070144,-0.856901,0.495602,-0.348768,-0.945727,-0.418830,-0.090392,-0.653499,-0.490221,0.281862,-0.877439,-0.274345,-0.071376,-1.836966,1.268348,1.226591,2.755223,-0.016406,-0.000005,0.001275,-0.001295,0.001178,-0.000675,0.000725
26.322088,-0.858509,-0.982394,-0.800760,-0.778820,-1.070336,-0.856635,0.495337,-0.351118,-0.950793,-0.421836,-0.088499,-0.653254,-0.490085,0.281869,-0.877451,-0.274342,-0.071380,-1.836965,1.268347,1.226591,2.755220,-0.015012,0.000935,-0.000483,-0.000401,0.000719,-0.000650,-0.000575
26.323064,-0.855625,-0.982311,-0.803057,-0.778908,-1.070449,-0.856002,0.495764,-0.354802,-0.956519,-0.426429,-0.086301,-0.652975,-0.489817,0.281833,-0.877466,-0.274344,-0.071383,-1.836967,1.268348,1.226590,2.755221,-0.014703,0.000313,-0.001258,-0.000861,0.000903,-0.000911,-0.000029
26.323975,-0.854789,-0.978227,-0.802002,-0.780511,-1.071699,-0.856927,0.495552,-0.358382,-0.961765,-0.430740,-0.084311,-0.652708,-0.489547,0.281758,-0.877486,-0.274344,-0.071380,-1.836967,1.268346,1.226588,2.755217,-0.015925,0.000278,-0.000129,-0.000765,0.001039,-0.001537,-0.000882
26.325039,-0.855166,-0.982668,-0.806416,-0.778529,-1.070567,-0.856945,0.495306,-0.361336,-0.962919,-0.434100,-0.084428,-0.652672,-0.489262,0.281674,-0.877504,-0.274350,-0.071383,-1.836964,1.268349,1.226592,2.755218,-0.016115,-0.001719,-0.000636,0.000760,0.002272,-0.000620,-0.000449
26.326013,-0.855465,-0.980994,-0.804301,-0.778889,-1.071776,-0.857828,0.495850,-0.364339,-0.959188,-0.437423,-0.087130,-0.652937,-0.488891,0.281616,-0.877521,-0.274344,-0.071380,-1.836970,1.268346,1.226593,2.755220,-0.015721,0.000478,0.001554,-0.001111,0.001139,-0.000617,0.000036
26.327076,-0.851881,-0.984451,-0.805552,-0.778303,-1.070814,-0.857796,0.495053,-0.368751,-0.955471,-0.442517,-0.089631,-0.653180,-0.488386,0.281584,-0.877535,-0.274346,-0.071382,-1.836970,1.268347,1.226592,2.755219,-0.015399,-0.000368,0.000497,-0.000712,0.002363,0.000277,-0.001063
26.327975,-0.854412,-0.981684,-0.802734,-0.778907,-1.070235,-0.857530,0.494954,-0.373676,-0.955038,-0.448336,-0.090198,-0.653205,-0.487911,0.281562,-0.877555,-0.274341,-0.071381,-1.836972,1.268346,1.226593,2.755225,-0.016975,0.001321,0.001117,-0.001258,0.001389,0.000230,0.000532
26.328944,-0.851661,-0.982122,-0.803100,-0.780070,-1.070668,-0.856967,0.494752,-0.377423,-0.957726,-0.452786,-0.089017,-0.653051,-0.487630,0.281537,-0.877567,-0.274343,-0.071384,-1.836973,1.268346,1.226591,2.755225,-0.015529,-0.000070,-0.000265,-0.000634,0.000815,-0.000024,0.000717
26.330081,-0.853350,-0.982076,-0.803025,-0.779539,-1.071138,-0.856502,0.495241,-0.379436,-0.960288,-0.455128,-0.087959,-0.652940,-0.487517,0.281497,-0.877587,-0.274342,-0.071385,-1.836969,1.268346,1.226589,2.755227,-0.016697,0.000160,-0.000066,0.000451,0.001264,-0.000578,0.001119
26.331047,-0.852964,-0.979629,-0.798157,-0.778755,-1.070675,-0.856962,0.495896,-0.379991,-0.960506,-0.455642,-0.088390,-0.653018,-0.487500,0.281434,-0.877601,-0.274344,-0.071385,-1.836969,1.268346,1.226587,2.755223,-0.015660,0.000152,-0.000101,-0.000107,0.001726,-0.001032,0.000141
26.331968,-0.850629,-0.982224,-0.802119,-0.778712,-1.069684,-0.857087,0.494763,-0.379025,-0.958664,-0.454202,-0.089869,-0.653205,-0.487554,0.281341,-0.877617,-0.274348,-0.071391,-1.836973,1.268345,1.226589,2.755222,-0.015671,-0.001033,-0.002482,-0.000797,0.001270,-0.000570,-0.001169
26.333066,-0.851768,-0.987658,-0.803948,-0.779740,-1.070436,-0.856939,0.495653,-0.375979,-0.955681,-0.450094,-0.091539,-0.653391,-0.487732,0.281228,-0.877637,-0.274346,-0.071388,-1.836973,1.268342,1.226589,2.755226,-0.016611,0.000267,-0.000502,-0.000818,0.000300,-0.000454,0.001116
26.334041,-0.851349,-0.983889,-0.798425,-0.778913,-1.069735,-0.855804,0.495085,-0.372668,-0.956384,-0.445681,-0.091273,-0.653344,-0.488008,0.281095,-0.877652,-0.274339,-0.071386,-1.836972,1.268345,1.226589,2.755223,-0.015844,0.002908,0.000382,0.000176,0.001039,-0.000604,-0.000692
26.334999,-0.848219,-0.980898,-0.801616,-0.778407,-1.070731,-0.856216,0.494545,-0.370160,-0.963259,-0.442336,-0.088167,-0.652983,-0.488363,0.280955,-0.877669,-0.274342,-0.071394,-1.836975,1.268346,1.226585,2.755223,-0.015861,0.001019,-0.002322,-0.000591,0.000316,-0.001725,0.000474
26.335986,-0.851981,-0.982805,-0.801432,-0.779942,-1.070020,-0.854964,0.494921,-0.366784,-0.970785,-0.437864,-0.084578,-0.652562,-0.488797,0.280862,-0.877689,-0.274346,-0.071391,-1.836977,1.268347,1.226587,2.755226,-0.017198,-0.000425,-0.000721,-0.001029,0.001320,-0.001310,0.001543
26.336988,-0.846896,-0.981124,-0.801734,-0.778963,-1.070528,-0.855443,0.495142,-0.363211,-0.974198,-0.433034,-0.082715,-0.652328,-0.489112,0.280845,-0.877700,-0.274343,-0.071391,-1.836975,1.268345,1.226583,2.755225,-0.015153,0.000513,-0.000827,0.000454,0.000613,-0.002555,0.000776
26.337983,-0.847290,-0.984086,-0.802973,-0.780098,-1.070270,-0.856635,0.495919,-0.360754,-0.973883,-0.429501,-0.082687,-0.652306,-0.489201,0.280880,-0.877721,-0.274344,-0.071391,-1.836975,1.268343,1.226584,2.755225,-0.017476,-0.000324,-0.000673,-0.000546,0.001149,-0.002063,0.000334
26.339060,-0.843049,-0.982375,-0.804034,-0.778005,-1.069577,-0.856428,0.495128,-0.358644,-0.972005,-0.426354,-0.083578,-0.652377,-0.489227,0.280938,-0.877736,-0.274341,-0.071391,-1.836972,1.268342,1.226588,2.755223,-0.017073,0.001134,-0.000048,0.000555,0.000891,-0.000886,-0.001221
26.339992,-0.845975,-0.985279,-0.802711,-0.779754,-1.069972,-0.856711,0.495491,-0.356436,-0.971172,-0.423118,-0.084009,-0.652355,-0.489326,0.281003,-0.877760,-0.274343,-0.071391,-1.836977,1.268344,1.226588,2.755228,-0.018930,0.000289,0.000486,-0.001463,0.000180,-0.001107,0.000374
26.340946,-0.844328,-0.982332,-0.805284,-0.778249,-1.071898,-0.857334,0.495109,-0.354181,-0.972869,-0.419919,-0.083083,-0.652124,-0.489519,0.281057,-0.877775,-0.274340,-0.071394,-1.836973,1.268342,1.226587,2.755225,-0.017249,0.001719,-0.000158,0.000234,0.000603,-0.000813,-0.000365
26.342075,-0.844405,-0.982806,-0.803221,-0.779345,-1.070552,-0.856761,0.494417,-0.352588,-0.976330,-0.417665,-0.081320,-0.651774,-0.489713,0.281082,-0.877794,-0.274343,-0.071390,-1.836977,1.268347,1.226588,2.755227,-0.017872,0.000262,0.001104,-0.001207,0.002490,-0.000197,0.000407
26.343030,-0.845350,-0.982252,-0.801395,-0.779439,-1.069281,-0.856276,0.495491,-0.352106,-0.979169,-0.416917,-0.079928,-0.651458,-0.489788,0.281080,-0.877813,-0.274344,-0.071392,-1.836975,1.268345,1.226588,2.755232,-0.017603,0.000524,0.000076,-0.000136,0.001140,-0.000777,0.001777
26.343947,-0.846575,-0.983827,-0.800613,-0.778658,-1.069874,-0.857559,0.495149,-0.351752,-0.979873,-0.416430,-0.079662,-0.651259,-0.489781,0.281062,-0.877828,-0.274344,-0.071394,-1.836975,1.268342,1.226585,2.755224,-0.016945,0.000245,-0.000810,-0.000042,-0.000100,-0.001246,-0.000373
26.344964,-0.844453,-0.982966,-0.803371,-0.779147,-1.069635,-0.857131,0.495681,-0.350929,-0.979677,-0.415427,-0.079917,-0.651105,-0.489776,0.281026,-0.877842,-0.274343,-0.071395,-1.836978,1.268344,1.226588,2.755227,-0.016156,0.001023,-0.001187,-0.000774,0.000483,0.000036,0.000326
26.345964,-0.841261,-0.982269,-0.801130,-0.777758,-1.068915,-0.856257,0.495571,-0.350292,-0.980285,-0.414691,-0.079747,-0.650887,-0.489768,0.280993,-0.877861,-0.274343,-0.071393,-1.836977,1.268346,1.226586,2.755223,-0.017006,0.000581,0.000187,-0.000282,0.000220,-0.000394,-0.000742
26.347056,-0.842315,-0.981818,-0.804574,-0.778321,-1.069375,-0.857129,0.494671,-0.349660,-0.981334,-0.413963,-0.079163,-0.650601,-0.489767,0.280993,-0.877882,-0.274343,-0.071397,-1.836982,1.268343,1.226586,2.755225,-0.018359,0.000233,-0.000911,-0.001583,-0.000475,-0.001272,-0.000515
26.347981,-0.839538,-0.981613,-0.803200,-0.778856,-1.069570,-0.855954,0.495082,-0.348586,-0.981898,-0.412663,-0.078403,-0.650263,-0.489771,0.281046,-0.877899,-0.274342,-0.071393,-1.836982,1.268343,1.226588,2.755229,-0.017611,0.000004,0.000793,-0.000997,-0.000004,-0.000396,0.001285
26.348976,-0.837262,-0.983100,-0.804221,-0.779348,-1.069777,-0.856543,0.494688,-0.346784,-0.978727,-0.410490,-0.078872,-0.649788,-0.489630,0.281313,-0.877940,-0.274342,-0.071396,-1.836980,1.268345,1.226588,2.755230,-0.019656,0.000657,0.000630,-0.000012,0.000375,-0.000983,0.001236
26.350046,-0.839160,-0.980845,-0.806041,-0.778481,-1.069705,-0.856870,0.494465,-0.345640,-0.975742,-0.409188,-0.080205,-0.649707,-0.489583,0.281490,-0.877956,-0.274344,-0.071394,-1.836981,1.268347,1.226585,2.755232,-0.018498,-0.000467,0.001523,-0.000875,0.000284,-0.000644,0.001672
26.351002,-0.838424,-0.981620,-0.802741,-0.777516,-1.068905,-0.856678,0.495445,-0.345640,-0.975742,-0.409188,-0.080205,-0.649707,-0.489583,0.281490,-0.877956,-0.274344,-0.071394,-1.836981,1.268347,1.226585,2.755232,-0.018498,-0.000467,0.001523,-0.000875,0.000284,-0.000644,0.001672
26.351942,-0.838579,-0.980853,-0.802479,-0.777708,-1.070350,-0.856989,0.494905,-0.344738,-0.969756,-0.408501,-0.081972,-0.649495,-0.489274,0.281800,-0.877991,-0.274344,-0.071395,-1.836985,1.268346,1.226586,2.755230,-0.018371,-0.000455,-0.000257,-0.001544,0.000950,-0.000527,0.000806
26.353122,-0.837797,-0.980845,-0.800399,-0.778495,-1.068923,-0.857314,0.495128,-0.344738,-0.969756,-0.408501,-0.081972,-0.649495,-0.489274,0.281800,-0.877991,-0.274344,-0.071395,-1.836985,1.268346,1.226586,2.755230,-0.018371,-0.000455,-0.000257,-0.001544,0.000950,-0.000527,0.000806
26.353988,-0.837256,-0.981920,-0.802697,-0.777257,-1.069333,-0.857469,0.494874,-0.342881,-0.966877,-0.406399,-0.082375,-0.649380,-0.489255,0.281926,-0.878010,-0.274344,-0.071397,-1.836983,1.268343,1.226585,2.755229,-0.018545,-0.000455,-0.001284,-0.000789,-0.000472,-0.000197,0.000347
26.354907,-0.836797,-0.981802,-0.802512,-0.779116,-1.068543,-0.856622,0.495504,-0.339957,-0.964084,-0.402978,-0.082756,-0.649309,-0.489373,0.282035,-0.878028,-0.274344,-0.071395,-1.836987,1.268345,1.226584,2.755231,-0.018594,0.000088,-0.000134,-0.001959,-0.000067,-0.000039,0.000858
26.355986,-0.836273,-0.982742,-0.801278,-0.780010,-1.069192,-0.856163,0.495321,-0.337178,-0.962530,-0.399830,-0.082590,-0.649214,-0.489521,0.282117,-0.878047,-0.274344,-0.071397,-1.836983,1.268343,1.226582,2.755228,-0.018595,0.000023,-0.000213,-0.000156,-0.000845,-0.000886,-0.000408
26.357001,-0.836435,-0.983788,-0.797161,-0.777648,-1.069538,-0.856539,0.495419,-0.331813,-0.960504,-0.394098,-0.083353,-0.649310,-0.489901,0.282227,-0.878084,-0.274339,-0.071402,-1.836985,1.268344,1.226583,2.755228,-0.018335,0.000952,-0.002850,-0.001621,0.000147,-0.000959,-0.000227
26.358121,-0.835450,-0.983210,-0.800271,-0.776465,-1.068885,-0.856345,0.495222,-0.327183,-0.963854,-0.388898,-0.081520,-0.649152,-0.490351,0.282275,-0.878104,-0.274340,-0.071400,-1.836989,1.268343,1.226583,2.755228,-0.018582,0.000670,-0.001284,-0.002700,-0.000502,-0.001162,0.000173
26.359100,-0.837358,-0.980041,-0.800859,-0.778745,-1.069189,-0.856989,0.495067,-0.327183,-0.963854,-0.388898,-0.081520,-0.649152,-0.490351,0.282275,-0.878104,-0.274340,-0.071400,-1.836989,1.268343,1.226583,2.755228,-0.018582,0.000670,-0.001284,-0.002700,-0.000502,-0.001162,0.000173
26.359955,-0.835679,-0.980417,-0.803212,-0.779371,-1.069003,-0.856318,0.495429,-0.321929,-0.968667,-0.383479,-0.077713,-0.648797,-0.490716,0.282430,-0.878139,-0.274346,-0.071396,-1.836984,1.268344,1.226584,2.755225,-0.018056,-0.000650,0.000141,0.000105,-0.000386,-0.001196,-0.000243
26.361124,-0.831636,-0.982161,-0.800384,-0.778977,-1.068996,-0.856075,0.493660,-0.322328,-0.964464,-0.384480,-0.079665,-0.649062,-0.490512,0.282560,-0.878162,-0.274343,-0.071400,-1.836984,1.268343,1.226583,2.755235,-0.019815,0.000190,-0.001256,-0.000294,-0.000384,-0.001430,0.003298
26.362058,-0.833210,-0.982705,-0.801953,-0.777522,-1.070055,-0.856621,0.494400,-0.322172,-0.961066,-0.384786,-0.081385,-0.649301,-0.490422,0.282702,-0.878179,-0.274341,-0.071398,-1.836989,1.268346,1.226583,2.755232,-0.018791,0.000431,-0.000471,-0.001637,0.000655,-0.000876,0.001782
26.363035,-0.832845,-0.980005,-0.802057,-0.779925,-1.068595,-0.856669,0.494539,-0.322172,-0.961066,-0.384786,-0.081385,-0.649301,-0.490422,0.282702,-0.878179,-0.274341,-0.071398,-1.836989,1.268346,1.226583,2.755232,-0.018791,0.000431,-0.000471,-0.001637,0.000655,-0.000876,0.001782
26.364013,-0.834251,-0.983125,-0.803872,-0.778497,-1.070038,-0.857080,0.494952,-0.322031,-0.958734,-0.385120,-0.082566,-0.649481,-0.490372,0.282825,-0.878199,-0.274345,-0.071398,-1.836984,1.268342,1.226580,2.755235,-0.018750,-0.000876,-0.000426,0.000679,-0.000792,-0.000819,0.001502
26.364987,-0.833615,-0.984087,-0.800766,-0.779158,-1.068577,-0.856127,0.494976,-0.323575,-0.955450,-0.387552,-0.084434,-0.649753,-0.490161,0.282905,-0.878215,-0.274342,-0.071396,-1.836988,1.268345,1.226583,2.755232,-0.017847,0.000677,0.000468,-0.000689,0.000650,-0.000417,0.000685
26.366055,-0.828248,-0.979796,-0.805533,-0.778857,-1.069721,-0.856480,0.495636,-0.330656,-0.954232,-0.397224,-0.085924,-0.650078,-0.489517,0.282876,-0.878258,-0.274344,-0.071394,-1.836989,1.268343,1.226581,2.755232,-0.020361,-0.001001,0.001288,-0.000290,0.000353,-0.001008,-0.000689
26.367083,-0.827948,-0.982706,-0.801022,-0.777533,-1.070184,-0.856424,0.495989,-0.330656,-0.954232,-0.397224,-0.085924,-0.650078,-0.489517,0.282876,-0.878258,-0.274344,-0.071394,-1.836989,1.268343,1.226581,2.755232,-0.020361,-0.001001,0.001288,-0.000290,0.000353,-0.001008,-0.000689
26.367990,-0.827406,-0.980169,-0.801438,-0.780579,-1.070249,-0.855797,0.495000,-0.333246,-0.953396,-0.400673,-0.086569,-0.650201,-0.489271,0.282796,-0.878278,-0.274341,-0.071400,-1.836993,1.268344,1.226583,2.755228,-0.020250,0.000444,-0.000945,-0.001532,0.000801,-0.001082,-0.001372
26.368966,-0.827578,-0.981451,-0.804020,-0.778117,-1.070208,-0.856525,0.495245,-0.332634,-0.947403,-0.399766,-0.090089,-0.650677,-0.489261,0.282689,-0.878317,-0.274342,-0.071396,-1.836992,1.268344,1.226580,2.755232,-0.019957,-0.000174,0.000546,-0.000999,0.000812,-0.000956,0.000100
26.370098,-0.829600,-0.980063,-0.805427,-0.777463,-1.068396,-0.856037,0.495496,-0.332634,-0.947403,-0.399766,-0.090089,-0.650677,-0.489261,0.282689,-0.878317,-0.274342,-0.071396,-1.836992,1.268344,1.226580,2.755232,-0.019957,-0.000174,0.000546,-0.000999,0.000812,-0.000956,0.000100
26.370935,-0.824579,-0.980978,-0.801780,-0.779426,-1.069740,-0.857130,0.494841,-0.333662,-0.943199,-0.400709,-0.092212,-0.650924,-0.489064,0.282689,-0.878335,-0.274344,-0.071394,-1.836993,1.268341,1.226579,2.755232,-0.018722,-0.000862,0.001219,-0.001593,-0.000987,-0.001450,-0.000399
26.371955,-0.825607,-0.981286,-0.804797,-0.777638,-1.069685,-0.858654,0.495218,-0.336465,-0.939854,-0.403723,-0.093358,-0.651016,-0.488666,0.282722,-0.878359,-0.274344,-0.071400,-1.836990,1.268344,1.226579,2.755236,-0.020984,-0.000387,-0.000561,0.000310,0.000358,-0.000341,0.000914
26.373071,-0.827061,-0.981712,-0.806655,-0.778757,-1.069300,-0.857143,0.495254,-0.338562,-0.936988,-0.405694,-0.094286,-0.651079,-0.488394,0.282787,-0.878377,-0.274343,-0.071396,-1.836995,1.268344,1.226582,2.755236,-0.020227,-0.000254,0.000936,-0.001379,0.000289,0.001174,0.000139
26.373944,-0.823940,-0.979858,-0.799805,-0.778633,-1.069843,-0.857184,0.495258,-0.341310,-0.935788,-0.408338,-0.094417,-0.651061,-0.488145,0.282852,-0.878394,-0.274341,-0.071392,-1.836994,1.268343,1.226578,2.755236,-0.019291,-0.000066,0.001814,-0.000259,-0.000084,-0.000344,0.000072
26.374942,-0.821098,-0.978348,-0.802247,-0.778904,-1.069940,-0.856684,0.495499,-0.344988,-0.935006,-0.411971,-0.094355,-0.651040,-0.487821,0.282891,-0.878417,-0.274344,-0.071400,-1.836995,1.268344,1.226578,2.755236,-0.020599,-0.000966,-0.001561,-0.000389,0.000453,-0.000293,0.000065
26.375978,-0.822217,-0.980421,-0.802408,-0.776926,-1.069732,-0.857825,0.495083,-0.346036,-0.931550,-0.412118,-0.095734,-0.651209,-0.487694,0.282902,-0.878441,-0.274346,-0.071397,-1.836993,1.268346,1.226577,2.755235,-0.021723,-0.001693,-0.000333,-0.000155,0.000530,-0.000791,-0.000418
26.377007,-0.825030,-0.983782,-0.799551,-0.778361,-1.069480,-0.857394,0.495870,-0.344328,-0.926265,-0.408749,-0.097821,-0.651479,-0.487775,0.282878,-0.878461,-0.274344,-0.071396,-1.836999,1.268344,1.226581,2.755237,-0.020914,-0.000657,-0.000269,-0.002019,0.000343,0.000343,0.000418
26.377961,-0.826779,-0.982576,-0.801031,-0.779366,-1.068565,-0.857844,0.495061,-0.342074,-0.924476,-0.404806,-0.097827,-0.651546,-0.487959,0.282800,-0.878478,-0.274341,-0.071400,-1.836997,1.268341,1.226578,2.755233,-0.019293,0.000984,-0.001671,-0.000592,0.000113,-0.000087,-0.001165
26.379106,-0.824807,-0.982655,-0.802869,-0.780145,-1.071234,-0.857538,0.495748,-0.340753,-0.927770,-0.402183,-0.095490,-0.651393,-0.488171,0.282667,-0.878493,-0.274344,-0.071400,-1.836994,1.268340,1.226578,2.755239,-0.018240,0.000397,-0.000911,0.000332,-0.000793,0.000372,0.000462
26.380003,-0.823100,-0.980482,-0.800502,-0.778999,-1.070944,-0.857970,0.495793,-0.341756,-0.932266,-0.402568,-0.093286,-0.651271,-0.488217,0.282506,-0.878513,-0.274342,-0.071398,-1.836991,1.268345,1.226577,2.755234,-0.019002,0.000427,-0.000007,0.001047,0.001858,0.000065,-0.000923
26.380938,-0.820131,-0.977780,-0.798601,-0.777878,-1.069983,-0.856723,0.495046,-0.344352,-0.934709,-0.405011,-0.092748,-0.651331,-0.488090,0.282346,-0.878534,-0.274344,-0.071401,-1.836995,1.268343,1.226579,2.755235,-0.019603,-0.000648,-0.001182,-0.000019,0.001555,0.000495,-0.001001
26.381946,-0.819329,-0.981297,-0.798218,-0.778842,-1.070403,-0.857303,0.495485,-0.345506,-0.933486,-0.405731,-0.093902,-0.651560,-0.487987,0.282215,-0.878557,-0.274348,-0.071403,-1.836997,1.268342,1.226575,2.755234,-0.020824,-0.001954,-0.002105,-0.001091,0.000597,-0.000744,0.000512
26.382961,-0.820885,-0.979404,-0.800432,-0.778838,-1.069358,-0.857400,0.494591,-0.343251,-0.929471,-0.402337,-0.095872,-0.651864,-0.488088,0.282141,-0.878578,-0.274343,-0.071405,-1.836997,1.268342,1.226578,2.755232,-0.020960,-0.000224,-0.002264,-0.000109,0.001031,-0.000164,-0.000383
26.383973,-0.820408,-0.978122,-0.799327,-0.779512,-1.067886,-0.857680,0.494314,-0.339037,-0.925114,-0.396740,-0.097793,-0.652162,-0.488343,0.282129,-0.878595,-0.274345,-0.071403,-1.836997,1.268340,1.226578,2.755237,-0.019964,-0.001182,-0.001169,-0.000118,-0.000007,-0.000076,0.001413
26.385105,-0.817114,-0.982727,-0.801608,-0.778547,-1.067564,-0.857073,0.494957,-0.335394,-0.919549,-0.392131,-0.100286,-0.652503,-0.488503,0.282177,-0.878614,-0.274346,-0.071406,-1.836995,1.268337,1.226580,2.755238,-0.019983,-0.001801,-0.001704,0.000515,-0.001450,0.000200,0.001949
26.386083,-0.821250,-0.982472,-0.800984,-0.778850,-1.068904,-0.857182,0.495334,-0.332712,-0.913910,-0.388979,-0.102707,-0.652785,-0.488555,0.282254,-0.878637,-0.274341,-0.071404,-1.836998,1.268337,1.226578,2.755239,-0.021369,0.000465,-0.000566,-0.000409,-0.001758,-0.000407,0.000639
26.386995,-0.818117,-0.979980,-0.799853,-0.776406,-1.069719,-0.856109,0.495826,-0.331237,-0.912998,-0.387586,-0.102677,-0.652741,-0.488583,0.282305,-0.878651,-0.274341,-0.071405,-1.836998,1.268340,1.226579,2.755239,-0.019100,0.000313,-0.000886,-0.000080,-0.000440,-0.000296,-0.000105
26.387994,-0.819642,-0.981180,-0.801247,-0.778916,-1.068485,-0.856021,0.495727,-0.331266,-0.916633,-0.388253,-0.100030,-0.652359,-0.488508,0.282314,-0.878674,-0.274342,-0.071407,-1.837003,1.268341,1.226577,2.755237,-0.020426,-0.000925,-0.001429,-0.002445,0.000369,-0.001372,-0.001084
26.388929,-0.817042,-0.980679,-0.803108,-0.779017,-1.068886,-0.856974,0.495608,-0.332144,-0.921327,-0.390054,-0.096345,-0.651822,-0.488282,0.282307,-0.878690,-0.274342,-0.071405,-1.836997,1.268338,1.226578,2.755236,-0.019448,-0.000315,-0.000741,-0.000017,-0.000856,-0.001454,-0.000869
26.389956,-0.819551,-0.983845,-0.802431,-0.780401,-1.068478,-0.857320,0.495210,-0.334123,-0.924922,-0.393265,-0.093348,-0.651349,-0.487895,0.282314,-0.878713,-0.274343,-0.071403,-1.836997,1.268337,1.226579,2.755236,-0.020498,-0.000551,0.000168,0.000060,-0.000436,-0.000495,-0.000632
26.391043,-0.818226,-0.982652,-0.803103,-0.778994,-1.066758,-0.858278,0.494815,-0.337630,-0.927707,-0.398438,-0.091591,-0.651023,-0.487405,0.282342,-0.878729,-0.274340,-0.071403,-1.836995,1.268338,1.226578,2.755236,-0.019020,0.001011,-0.000183,0.001400,-0.000859,-0.000151,0.000167
26.391976,-0.816141,-0.980872,-0.804800,-0.777919,-1.069046,-0.857564,0.495249,-0.342462,-0.931804,-0.405312,-0.089987,-0.650707,-0.486909,0.282396,-0.878749,-0.274344,-0.071401,-1.836997,1.268336,1.226579,2.755238,-0.019461,0.000433,0.000134,0.000021,-0.002568,0.000809,0.000949
26.392974,-0.814616,-0.981716,-0.804104,-0.777817,-1.069608,-0.856831,0.494579,-0.353992,-0.942473,-0.421288,-0.085170,-0.649747,-0.485840,0.282600,-0.878793,-0.274346,-0.071402,-1.836999,1.268342,1.226579,2.755241,-0.020744,0.000004,0.000642,-0.001088,0.000239,-0.000655,0.001414
26.394058,-0.816233,-0.985433,-0.805239,-0.777717,-1.070212,-0.856441,0.494994,-0.353992,-0.942473,-0.421288,-0.085170,-0.649747,-0.485840,0.282600,-0.878793,-0.274346,-0.071402,-1.836999,1.268342,1.226579,2.755241,-0.020744,0.000004,0.000642,-0.001088,0.000239,-0.000655,0.001414
26.395059,-0.817224,-0.983125,-0.802583,-0.778814,-1.070993,-0.857003,0.495006,-0.359704,-0.949527,-0.429053,-0.081297,-0.649068,-0.485315,0.282741,-0.878810,-0.274341,-0.071401,-1.836999,1.268343,1.226574,2.755240,-0.019706,0.001812,0.001200,-0.001199,0.000840,-0.001014,0.000568
26.395985,-0.814632,-0.980578,-0.803126,-0.777855,-1.070386,-0.856246,0.495055,-0.365692,-0.959474,-0.437004,-0.076067,-0.648277,-0.484841,0.282868,-0.878829,-0.274343,-0.071404,-1.836999,1.268343,1.226574,2.755241,-0.018995,0.000653,-0.000102,-0.000096,0.001613,-0.000440,0.000549
26.396965,-0.817318,-0.982990,-0.801634,-0.779069,-1.068706,-0.855873,0.495353,-0.375701,-0.972093,-0.449523,-0.069735,-0.647281,-0.483961,0.283029,-0.878866,-0.274342,-0.071405,-1.837000,1.268337,1.226573,2.755241,-0.018488,0.000604,-0.000562,0.000192,-0.000633,-0.001576,-0.000150
26.397986,-0.816596,-0.983126,-0.803409,-0.779006,-1.071026,-0.855803,0.494921,-0.375701,-0.972093,-0.449523,-0.069735,-0.647281,-0.483961,0.283029,-0.878866,-0.274342,-0.071405,-1.837000,1.268337,1.226573,2.755241,-0.018488,0.000604,-0.000562,0.000192,-0.000633,-0.001576,-0.000150
26.399017,-0.814633,-0.982274,-0.802012,-0.779230,-1.070900,-0.856998,0.495789,-0.380018,-0.974293,-0.454432,-0.068820,-0.647075,-0.483494,0.283036,-0.878887,-0.274342,-0.071403,-1.837000,1.268341,1.226573,2.755242,-0.018618,0.000657,0.000318,0.000107,0.001683,-0.001643,0.000723
26.399987,-0.817689,-0.984213,-0.801420,-0.778752,-1.070538,-0.857586,0.494647,-0.388107,-0.976019,-0.462947,-0.069328,-0.647030,-0.482693,0.282881,-0.878925,-0.274344,-0.071407,-1.837001,1.268339,1.226574,2.755242,-0.017594,0.001230,-0.000638,-0.000113,0.001191,0.000141,0.001287
26.400975,-0.814812,-0.984479,-0.800460,-0.779397,-1.071662,-0.857185,0.495025,-0.390950,-0.978066,-0.465570,-0.069292,-0.647016,-0.482521,0.282757,-0.878946,-0.274344,-0.071410,-1.837002,1.268343,1.226573,2.755240,-0.018807,0.001361,-0.001090,0.000552,0.002293,-0.000264,0.000507
26.401992,-0.811891,-0.984323,-0.802815,-0.778246,-1.070483,-0.857012,0.495917,-0.392412,-0.981929,-0.466468,-0.068385,-0.646931,-0.482558,0.282623,-0.878969,-0.274344,-0.071406,-1.837006,1.268340,1.226573,2.755236,-0.019998,0.001283,0.000060,-0.000514,0.001121,-0.000436,-0.001272
26.403078,-0.814209,-0.984409,-0.800625,-0.781696,-1.071142,-0.857299,0.495155,-0.392412,-0.981929,-0.466468,-0.068385,-0.646931,-0.482558,0.282623,-0.878969,-0.274344,-0.071406,-1.837006,1.268340,1.226573,2.755236,-0.019998,0.001283,0.000060,-0.000514,0.001121,-0.000436,-0.001272
26.403948,-0.814358,-0.981863,-0.799659,-0.779227,-1.071604,-0.857130,0.495171,-0.392521,-0.985603,-0.465745,-0.067754,-0.646907,-0.482749,0.282498,-0.878985,-0.274343,-0.071409,-1.836999,1.268344,1.226575,2.755241,-0.018616,0.001307,-0.001018,0.002807,0.001758,-0.000153,0.000267
26.405025,-0.811908,-0.982757,-0.801758,-0.779784,-1.070431,-0.856263,0.494779,-0.391806,-0.986032,-0.464081,-0.069182,-0.647160,-0.482980,0.282419,-0.879004,-0.274346,-0.071409,-1.837003,1.268344,1.226575,2.755239,-0.018325,0.000063,-0.001493,0.000375,0.002217,-0.000327,0.000224
26.406012,-0.812557,-0.982028,-0.799631,-0.778775,-1.069845,-0.855467,0.494880,-0.390579,-0.982927,-0.461883,-0.072271,-0.647623,-0.483157,0.282399,-0.879025,-0.274342,-0.071409,-1.837001,1.268341,1.226574,2.755242,-0.019309,0.000480,-0.000431,0.000913,0.001056,-0.001196,0.001007
26.407012,-0.810353,-0.982198,-0.799803,-0.778907,-1.070773,-0.855861,0.495145,-0.389065,-0.978414,-0.459478,-0.075423,-0.648063,-0.483244,0.282412,-0.879045,-0.274344,-0.071414,-1.837003,1.268337,1.226570,2.755243,-0.018740,0.000125,-0.001462,-0.000061,0.000515,-0.001967,0.000790
26.407953,-0.809696,-0.981452,-0.798964,-0.779795,-1.071162,-0.856924,0.494926,-0.386791,-0.973799,-0.456294,-0.077955,-0.648369,-0.483307,0.282424,-0.879065,-0.274344,-0.071413,-1.837003,1.268339,1.226572,2.755243,-0.019605,0.000220,-0.001376,0.000082,0.001445,-0.001574,0.000255
26.409015,-0.810683,-0.982496,-0.801142,-0.777965,-1.070777,-0.856147,0.495517,-0.383043,-0.968734,-0.451462,-0.080402,-0.648610,-0.483462,0.282423,-0.879086,-0.274344,-0.071415,-1.837001,1.268342,1.226575,2.755245,-0.019675,-0.000161,-0.001775,0.000927,0.001792,-0.000519,0.000696
26.409982,-0.812650,-0.983859,-0.798644,-0.778952,-1.070843,-0.855777,0.495346,-0.378600,-0.963558,-0.446009,-0.082796,-0.648809,-0.483672,0.282408,-0.879104,-0.274344,-0.071413,-1.837004,1.268340,1.226574,2.755244,-0.018965,0.000367,-0.000691,-0.000836,0.001422,-0.001310,-0.000496
26.411058,-0.808048,-0.980498,-0.800350,-0.779601,-1.070702,-0.857421,0.495438,-0.375186,-0.960791,-0.442116,-0.083677,-0.648816,-0.483791,0.282369,-0.879119,-0.274340,-0.071417,-1.837003,1.268339,1.226572,2.755244,-0.017791,0.001010,-0.001916,0.000135,0.001500,-0.001662,-0.000140
26.412010,-0.807164,-0.982157,-0.802415,-0.778580,-1.070201,-0.857956,0.495102,-0.372595,-0.959348,-0.439464,-0.083857,-0.648744,-0.483838,0.282315,-0.879142,-0.274345,-0.071416,-1.837001,1.268340,1.226574,2.755242,-0.019850,-0.000635,-0.001059,0.000731,0.001352,-0.000013,-0.000322
26.413007,-0.810442,-0.984172,-0.799463,-0.778278,-1.070229,-0.856528,0.495015,-0.369928,-0.956482,-0.436894,-0.084913,-0.648779,-0.483889,0.282268,-0.879163,-0.274345,-0.071414,-1.837003,1.268339,1.226575,2.755244,-0.020022,0.000219,-0.000048,-0.000257,0.000856,0.000505,0.000352
26.414053,-0.806869,-0.981768,-0.799927,-0.778054,-1.070568,-0.857182,0.495184,-0.367702,-0.954949,-0.435074,-0.085182,-0.648726,-0.483934,0.282229,-0.879179,-0.274342,-0.071418,-1.837003,1.268339,1.226571,2.755245,-0.018172,0.001194,-0.001495,-0.000551,0.000889,-0.000917,0.000515
26.415054,-0.806919,-0.981998,-0.799160,-0.777885,-1.071287,-0.857222,0.494699,-0.363270,-0.958947,-0.431850,-0.081387,-0.648168,-0.484112,0.282149,-0.879221,-0.274344,-0.071421,-1.837007,1.268343,1.226574,2.755247,-0.019445,0.000122,-0.001600,-0.000851,0.001915,-0.000226,0.001148
26.416035,-0.806401,-0.981308,-0.802123,-0.779751,-1.071128,-0.856723,0.494704,-0.363270,-0.958947,-0.431850,-0.081387,-0.648168,-0.484112,0.282149,-0.879221,-0.274344,-0.071421,-1.837007,1.268343,1.226574,2.755247,-0.019445,0.000122,-0.001600,-0.000851,0.001915,-0.000226,0.001148
26.416928,-0.804788,-0.983016,-0.800589,-0.777371,-1.069807,-0.856890,0.495107,-0.360512,-0.959398,-0.429605,-0.080249,-0.648025,-0.484233,0.282107,-0.879240,-0.274344,-0.071418,-1.837002,1.268342,1.226571,2.755246,-0.019472,-0.000227,-0.000141,0.000916,0.001753,-0.000712,0.001130
26.417962,-0.804671,-0.981225,-0.800481,-0.779496,-1.067905,-0.858093,0.495246,-0.358552,-0.958539,-0.428338,-0.080012,-0.648022,-0.484266,0.282046,-0.879264,-0.274341,-0.071421,-1.837007,1.268338,1.226573,2.755249,-0.020002,0.000593,-0.000896,-0.001364,0.000459,-0.000552,0.000307
26.418976,-0.801011,-0.978866,-0.800570,-0.778538,-1.069771,-0.856965,0.495487,-0.356720,-0.958038,-0.427235,-0.079614,-0.648006,-0.484311,0.281945,-0.879283,-0.274342,-0.071421,-1.837002,1.268335,1.226574,2.755247,-0.019826,-0.000308,-0.000940,0.000670,-0.001416,0.000657,0.000043
26.419976,-0.800429,-0.981925,-0.798347,-0.778395,-1.070722,-0.857764,0.495594,-0.354010,-0.955400,-0.425010,-0.080377,-0.648092,-0.484428,0.281825,-0.879306,-0.274345,-0.071423,-1.837004,1.268337,1.226573,2.755246,-0.021393,-0.001447,-0.000868,-0.000274,0.000472,-0.000491,-0.000439
26.420951,-0.803287,-0.982385,-0.802573,-0.777720,-1.070440,-0.858430,0.495491,-0.349446,-0.949922,-0.420410,-0.082717,-0.648313,-0.484693,0.281725,-0.879328,-0.274342,-0.071428,-1.837004,1.268340,1.226572,2.755245,-0.021411,0.000076,-0.001935,-0.000408,0.001384,0.000331,-0.000644
26.422025,-0.799015,-0.982222,-0.802862,-0.779068,-1.068668,-0.859002,0.495641,-0.344154,-0.946164,-0.414886,-0.084267,-0.648413,-0.485083,0.281660,-0.879344,-0.274340,-0.071425,-1.837006,1.268340,1.226571,2.755244,-0.019765,0.000270,0.000175,-0.001038,0.001082,0.001007,-0.000432
26.423048,-0.799473,-0.980051,-0.798287,-0.777136,-1.069492,-0.858886,0.494473,-0.340779,-0.945735,-0.411799,-0.084300,-0.648325,-0.485380,0.281625,-0.879370,-0.274342,-0.071426,-1.837004,1.268337,1.226572,2.755245,-0.021627,0.000204,0.000308,0.000280,-0.000666,0.001568,-0.000739
26.423992,-0.801370,-0.981367,-0.800586,-0.780225,-1.069901,-0.858775,0.494935,-0.338130,-0.946326,-0.409635,-0.083911,-0.648173,-0.485648,0.281621,-0.879389,-0.274346,-0.071432,-1.837009,1.268338,1.226570,2.755251,-0.021154,-0.000844,-0.001926,-0.001549,0.000167,0.001456,0.001596
26.424922,-0.801601,-0.979876,-0.804572,-0.779081,-1.070009,-0.859483,0.494529,-0.334735,-0.945608,-0.406460,-0.084308,-0.648103,-0.485978,0.281645,-0.879407,-0.274344,-0.071431,-1.837002,1.268340,1.226570,2.755250,-0.019983,-0.000193,-0.000761,0.001409,0.000558,0.001350,0.000644
26.426043,-0.799895,-0.981623,-0.802563,-0.778276,-1.069980,-0.858428,0.494802,-0.333387,-0.942265,-0.405684,-0.086512,-0.648257,-0.486088,0.281669,-0.879427,-0.274347,-0.071427,-1.837004,1.268340,1.226571,2.755252,-0.019631,-0.000910,0.001199,0.000268,0.000655,0.002057,0.001467
26.427035,-0.798982,-0.983166,-0.799019,-0.777045,-1.068810,-0.858404,0.495426,-0.335775,-0.937803,-0.409387,-0.089490,-0.648520,-0.485819,0.281660,-0.879449,-0.274346,-0.071430,-1.837006,1.268341,1.226570,2.755251,-0.020230,-0.000039,0.000196,-0.000482,0.000617,0.000995,0.000912
26.427978,-0.799500,-0.983096,-0.802449,-0.777562,-1.068888,-0.858986,0.495924,-0.339055,-0.936645,-0.414011,-0.090355,-0.648562,-0.485490,0.281586,-0.879470,-0.274344,-0.071434,-1.837008,1.268339,1.226571,2.755246,-0.020423,0.000713,-0.001535,-0.001659,-0.000542,0.000970,-0.000324
26.428943,-0.796912,-0.981621,-0.800850,-0.777828,-1.068647,-0.857852,0.495674,-0.341300,-0.941060,-0.417151,-0.087817,-0.648243,-0.485333,0.281445,-0.879489,-0.274344,-0.071432,-1.837008,1.268339,1.226571,2.755244,-0.019938,0.000670,0.000195,-0.001136,-0.000451,0.001558,-0.001313
26.429914,-0.796620,-0.982518,-0.801409,-0.778517,-1.069705,-0.857837,0.494972,-0.343294,-0.948159,-0.419780,-0.083578,-0.647755,-0.485232,0.281276,-0.879512,-0.274346,-0.071433,-1.837008,1.268337,1.226569,2.755244,-0.020968,-0.000054,-0.000621,-0.000877,-0.000680,0.000422,-0.000795
26.430994,-0.794733,-0.982004,-0.801163,-0.780050,-1.069241,-0.857113,0.495060,-0.344860,-0.954243,-0.421679,-0.079871,-0.647348,-0.485155,0.281145,-0.879534,-0.274344,-0.071433,-1.837008,1.268340,1.226569,2.755247,-0.020837,0.000386,-0.000328,-0.000176,0.000368,0.000416,0.000607
26.431995,-0.793463,-0.981358,-0.805038,-0.778185,-1.069059,-0.857883,0.495180,-0.345580,-0.957615,-0.422367,-0.078026,-0.647185,-0.485145,0.281094,-0.879556,-0.274344,-0.071435,-1.837004,1.268340,1.226568,2.755247,-0.021521,0.000122,-0.000428,0.001280,-0.000111,-0.000307,0.000414
26.432949,-0.795814,-0.981802,-0.801826,-0.779529,-1.069709,-0.857964,0.494261,-0.346252,-0.957941,-0.422931,-0.078239,-0.647277,-0.485115,0.281125,-0.879579,-0.274344,-0.071430,-1.837010,1.268339,1.226568,2.755246,-0.021886,-0.000202,0.001471,-0.000484,-0.000283,0.000474,0.000179
26.433941,-0.794482,-0.983214,-0.801070,-0.779559,-1.069823,-0.857208,0.494512,-0.347906,-0.956247,-0.424753,-0.079589,-0.647503,-0.484954,0.281227,-0.879597,-0.274342,-0.071432,-1.837007,1.268340,1.226568,2.755250,-0.020473,0.000000,-0.000146,0.000810,0.000360,0.000548,0.002021
26.435051,-0.788538,-0.979738,-0.803354,-0.779108,-1.069664,-0.855713,0.494642,-0.350085,-0.953900,-0.427285,-0.081483,-0.647820,-0.484745,0.281382,-0.879618,-0.274340,-0.071435,-1.837005,1.268340,1.226568,2.755251,-0.020904,0.000684,-0.000486,0.000789,0.000469,-0.000211,0.001491
26.435950,-0.788727,-0.978964,-0.802652,-0.777577,-1.069370,-0.856574,0.495046,-0.351341,-0.950744,-0.428686,-0.083997,-0.648238,-0.484604,0.281551,-0.879646,-0.274344,-0.071431,-1.837005,1.268340,1.226564,2.755252,-0.023562,-0.001028,0.000625,0.000336,0.000315,-0.001690,0.001231
26.436942,-0.790244,-0.979442,-0.800041,-0.777423,-1.069685,-0.856761,0.494888,-0.351027,-0.945334,-0.428131,-0.087260,-0.648728,-0.484493,0.281690,-0.879668,-0.274346,-0.071433,-1.837009,1.268339,1.226567,2.755249,-0.023179,-0.001379,0.000281,-0.001113,0.000027,-0.000823,0.000427
26.438128,-0.785919,-0.980489,-0.803946,-0.777432,-1.069982,-0.856685,0.494939,-0.347006,-0.932851,-0.422697,-0.092437,-0.649464,-0.484331,0.281799,-0.879718,-0.274344,-0.071433,-1.837011,1.268340,1.226563,2.755250,-0.024005,-0.000628,0.000959,-0.001183,0.000638,-0.000702,0.000646
26.438986,-0.782323,-0.980517,-0.803410,-0.776709,-1.068591,-0.856955,0.494936,-0.347006,-0.932851,-0.422697,-0.092437,-0.649464,-0.484331,0.281799,-0.879718,-0.274344,-0.071433,-1.837011,1.268340,1.226563,2.755250,-0.024005,-0.000628,0.000959,-0.001183,0.000638,-0.000702,0.000646
26.439972,-0.785678,-0.981282,-0.800658,-0.778098,-1.069884,-0.857488,0.495270,-0.344228,-0.929892,-0.418957,-0.092736,-0.649546,-0.484372,0.281784,-0.879747,-0.274344,-0.071435,-1.837015,1.268334,1.226567,2.755250,-0.025452,-0.000624,0.000689,-0.001830,-0.000715,-0.000451,0.000653
26.441042,-0.783645,-0.982384,-0.802983,-0.777572,-1.069972,-0.856765,0.495409,-0.340548,-0.929640,-0.414084,-0.091574,-0.649454,-0.484598,0.281742,-0.879765,-0.274343,-0.071439,-1.837012,1.268337,1.226567,2.755249,-0.023522,-0.000246,-0.000644,-0.000502,0.000575,0.000084,-0.000018
26.441998,-0.782861,-0.985215,-0.802188,-0.779226,-1.070657,-0.856207,0.494470,-0.336613,-0.931472,-0.408849,-0.089651,-0.649294,-0.484959,0.281684,-0.879791,-0.274343,-0.071438,-1.837013,1.268337,1.226564,2.755250,-0.024246,0.000309,0.000524,-0.001016,0.000651,-0.000634,-0.000295
26.443020,-0.783363,-0.983742,-0.803213,-0.777488,-1.069616,-0.858303,0.494184,-0.333516,-0.936236,-0.404583,-0.086840,-0.649063,-0.485371,0.281622,-0.879815,-0.274340,-0.071440,-1.837009,1.268338,1.226562,2.755254,-0.024353,0.001696,0.000137,0.000569,0.001333,-0.001175,0.001586
26.443940,-0.782723,-0.979133,-0.804307,-0.778191,-1.070049,-0.856582,0.494544,-0.331570,-0.944494,-0.401674,-0.082853,-0.648716,-0.485809,0.281565,-0.879838,-0.274340,-0.071436,-1.837013,1.268337,1.226566,2.755255,-0.023819,0.000939,0.000617,-0.001117,0.000282,0.000920,0.002144
26.445051,-0.778399,-0.983033,-0.803682,-0.777785,-1.070227,-0.858031,0.494362,-0.331437,-0.952320,-0.400930,-0.079108,-0.648366,-0.486062,0.281509,-0.879861,-0.274347,-0.071434,-1.837013,1.268340,1.226562,2.755251,-0.023865,-0.001297,0.001137,-0.000382,0.000706,-0.000815,0.001425
26.446011,-0.779453,-0.980791,-0.803953,-0.779264,-1.069882,-0.857973,0.494890,-0.332630,-0.956305,-0.401741,-0.077022,-0.648162,-0.486066,0.281461,-0.879890,-0.274344,-0.071434,-1.837014,1.268340,1.226566,2.755252,-0.025695,0.000656,0.000814,-0.000782,0.000881,0.000641,0.001795
26.447014,-0.777055,-0.982001,-0.801768,-0.778318,-1.070675,-0.858410,0.494406,-0.333613,-0.957794,-0.402246,-0.076255,-0.648104,-0.486050,0.281426,-0.879914,-0.274346,-0.071434,-1.837010,1.268340,1.226564,2.755250,-0.024855,-0.000473,0.000949,0.000626,0.000531,0.000582,0.000735
26.447922,-0.776330,-0.982422,-0.800335,-0.777358,-1.069765,-0.857629,0.494391,-0.333679,-0.957381,-0.401592,-0.076732,-0.648215,-0.486131,0.281392,-0.879941,-0.274344,-0.071437,-1.837013,1.268340,1.226567,2.755253,-0.025744,0.000129,-0.000113,-0.000263,0.001328,0.001005,0.001709
26.449069,-0.776600,-0.983159,-0.801841,-0.779857,-1.069117,-0.857345,0.495335,-0.331877,-0.956778,-0.398570,-0.077263,-0.648364,-0.486412,0.281341,-0.879967,-0.274343,-0.071439,-1.837016,1.268339,1.226564,2.755253,-0.025786,0.000315,-0.000799,-0.001170,0.000416,0.000231,0.001731
26.450033,-0.773507,-0.980576,-0.804487,-0.778199,-1.069747,-0.856954,0.494955,-0.328498,-0.957686,-0.393512,-0.076911,-0.648439,-0.486877,0.281257,-0.879992,-0.274343,-0.071438,-1.837008,1.268339,1.226563,2.755251,-0.025355,0.000685,-0.000051,0.001180,-0.000229,-0.000044,-0.000170
26.451020,-0.771233,-0.982525,-0.802597,-0.779780,-1.068644,-0.856989,0.495952,-0.325671,-0.958010,-0.389041,-0.076989,-0.648574,-0.487266,0.281143,-0.880021,-0.274344,-0.071434,-1.837011,1.268340,1.226563,2.755255,-0.026559,-0.000602,0.001231,-0.000441,0.000398,-0.000434,0.000601
26.451963,-0.771155,-0.982057,-0.803385,-0.779500,-1.068853,-0.857825,0.495612,-0.323752,-0.956440,-0.385617,-0.078110,-0.648822,-0.487507,0.281017,-0.880050,-0.274343,-0.071436,-1.837009,1.268337,1.226564,2.755249,-0.027356,0.000374,0.000286,0.001125,-0.000684,-0.000399,-0.001397
26.452999,-0.770500,-0.981643,-0.803044,-0.779037,-1.069592,-0.857437,0.495222,-0.321673,-0.953881,-0.381981,-0.079967,-0.649145,-0.487760,0.280896,-0.880076,-0.274342,-0.071434,-1.837010,1.268336,1.226564,2.755250,-0.027068,0.000123,0.000672,0.000842,-0.000461,0.000446,-0.000692
26.453986,-0.770535,-0.981964,-0.802673,-0.779971,-1.068910,-0.857672,0.495332,-0.319628,-0.951052,-0.378430,-0.082206,-0.649496,-0.488039,0.280821,-0.880104,-0.274344,-0.071434,-1.837010,1.268339,1.226563,2.755253,-0.027057,-0.000066,0.000496,0.000383,0.000254,0.000049,0.000078
26.454922,-0.769550,-0.981092,-0.800044,-0.778198,-1.068391,-0.858409,0.494757,-0.318196,-0.947913,-0.375696,-0.084684,-0.649860,-0.488266,0.280823,-0.880129,-0.274344,-0.071434,-1.837008,1.268339,1.226563,2.755252,-0.026742,0.000098,0.000310,0.001289,-0.000440,0.000291,-0.000150
26.455966,-0.767788,-0.981698,-0.798901,-0.777647,-1.067617,-0.858645,0.494451,-0.316798,-0.944780,-0.373028,-0.087118,-0.650211,-0.488495,0.280892,-0.880155,-0.274345,-0.071436,-1.837012,1.268338,1.226564,2.755255,-0.026928,-0.000325,-0.000994,-0.000417,-0.000945,0.001029,0.001001
26.456922,-0.768877,-0.984296,-0.801959,-0.777970,-1.068650,-0.859615,0.495473,-0.314017,-0.943048,-0.368613,-0.088321,-0.650391,-0.488877,0.280996,-0.880185,-0.274344,-0.071438,-1.837014,1.268336,1.226564,2.755258,-0.027455,-0.000034,-0.001533,-0.000913,-0.001698,0.001260,0.001597
26.458048,-0.766999,-0.981907,-0.804063,-0.779004,-1.069276,-0.859171,0.495230,-0.310381,-0.944894,-0.363095,-0.087124,-0.650268,-0.489423,0.281081,-0.880209,-0.274342,-0.071434,-1.837014,1.268337,1.226564,2.755254,-0.026600,0.001254,-0.000030,-0.000574,-0.000661,0.002233,-0.000460
26.459046,-0.764489,-0.983337,-0.801293,-0.777010,-1.069589,-0.858220,0.495192,-0.308639,-0.949693,-0.359928,-0.084391,-0.649969,-0.489891,0.281111,-0.880240,-0.274344,-0.071430,-1.837011,1.268338,1.226564,2.755255,-0.027189,0.000061,0.000971,0.000389,-0.000047,0.001779,0.000051
26.460039,-0.767140,-0.979663,-0.800860,-0.778297,-1.070199,-0.857408,0.494746,-0.308985,-0.955060,-0.359363,-0.081453,-0.649647,-0.490195,0.281085,-0.880268,-0.274340,-0.071432,-1.837015,1.268338,1.226560,2.755253,-0.028105,0.000751,-0.000413,-0.001542,0.000261,0.000847,0.000128
26.460998,-0.765214,-0.983028,-0.800747,-0.779351,-1.069182,-0.858229,0.494502,-0.309752,-0.959297,-0.359324,-0.078875,-0.649348,-0.490394,0.281023,-0.880293,-0.274345,-0.071434,-1.837013,1.268336,1.226559,2.755258,-0.026461,-0.001053,-0.000596,-0.000280,0.000889,0.000042,0.001010
26.462067,-0.762816,-0.980612,-0.801179,-0.775919,-1.068431,-0.856235,0.495211,-0.310931,-0.960475,-0.359782,-0.077920,-0.649218,-0.490449,0.280941,-0.880321,-0.274341,-0.071434,-1.837010,1.268335,1.226562,2.755258,-0.027110,0.000617,-0.000651,0.000716,-0.000129,0.000858,0.001495
26.463055,-0.763228,-0.981860,-0.802276,-0.777994,-1.068864,-0.856365,0.495367,-0.312439,-0.960263,-0.360647,-0.077666,-0.649126,-0.490404,0.280844,-0.880350,-0.274345,-0.071434,-1.837020,1.268335,1.226558,2.755253,-0.027956,-0.000575,-0.000433,-0.002525,-0.000874,-0.001141,0.000074
26.464005,-0.763828,-0.982528,-0.798027,-0.779553,-1.070325,-0.856355,0.494652,-0.314238,-0.960813,-0.361925,-0.076407,-0.648853,-0.490245,0.280744,-0.880376,-0.274344,-0.071432,-1.837017,1.268336,1.226558,2.755252,-0.027429,0.000055,0.000098,-0.000474,-0.000442,-0.000991,-0.000218
26.465060,-0.764272,-0.981089,-0.801586,-0.778659,-1.068007,-0.856689,0.494428,-0.316341,-0.960857,-0.363663,-0.075437,-0.648609,-0.489995,0.280675,-0.880399,-0.274342,-0.071438,-1.837013,1.268340,1.226558,2.755256,-0.026847,0.000363,-0.001985,0.000993,0.000989,-0.001001,0.001210
26.465991,-0.762966,-0.983436,-0.801580,-0.777967,-1.069620,-0.857428,0.494906,-0.318659,-0.959171,-0.365753,-0.076058,-0.648588,-0.489714,0.280659,-0.880424,-0.274345,-0.071434,-1.837015,1.268333,1.226557,2.755259,-0.026327,-0.000328,-0.000214,0.000127,-0.001299,-0.000658,0.001636
26.466948,-0.761306,-0.982674,-0.800094,-0.777888,-1.068465,-0.857640,0.494439,-0.322293,-0.957245,-0.369616,-0.077053,-0.648620,-0.489301,0.280679,-0.880452,-0.274340,-0.071434,-1.837017,1.268337,1.226558,2.755254,-0.026659,0.000805,-0.000234,-0.000520,0.000316,0.000081,0.000687
26.468093,-0.760147,-0.980553,-0.798690,-0.777631,-1.067804,-0.857146,0.494889,-0.326783,-0.957658,-0.374732,-0.076751,-0.648508,-0.488847,0.280707,-0.880480,-0.274341,-0.071436,-1.837017,1.268333,1.226560,2.755259,-0.027155,0.000411,-0.000963,-0.000593,-0.000825,0.000279,0.001621
26.469010,-0.761228,-0.981120,-0.802188,-0.779347,-1.068888,-0.856888,0.495974,-0.330036,-0.959206,-0.378470,-0.075635,-0.648307,-0.488530,0.280734,-0.880507,-0.274342,-0.071438,-1.837019,1.268333,1.226559,2.755257,-0.027402,-0.000637,-0.001640,-0.000809,-0.001480,-0.000218,0.000710
26.469968,-0.759714,-0.980895,-0.799463,-0.777811,-1.068287,-0.856482,0.495706,-0.335418,-0.955496,-0.384950,-0.076762,-0.648277,-0.487822,0.280772,-0.880558,-0.274345,-0.071440,-1.837017,1.268332,1.226558,2.755254,-0.027008,-0.000429,-0.001238,-0.000675,-0.000990,-0.000877,-0.000897
26.471124,-0.760479,-0.982377,-0.804927,-0.777050,-1.069254,-0.856572,0.495745,-0.335418,-0.955496,-0.384950,-0.076762,-0.648277,-0.487822,0.280772,-0.880558,-0.274345,-0.071440,-1.837017,1.268332,1.226558,2.755254,-0.027008,-0.000429,-0.001238,-0.000675,-0.000990,-0.000877,-0.000897
26.472037,-0.759609,-0.980652,-0.802502,-0.776771,-1.068916,-0.857703,0.495327,-0.339824,-0.952999,-0.390557,-0.077538,-0.648263,-0.487240,0.280799,-0.880585,-0.274341,-0.071432,-1.837018,1.268334,1.226558,2.755251,-0.026290,0.000282,0.001440,-0.001412,-0.000024,-0.000781,-0.000972
26.472945,-0.761278,-0.978213,-0.800432,-0.776969,-1.070387,-0.857638,0.495529,-0.346395,-0.953006,-0.399094,-0.076579,-0.648008,-0.486437,0.280848,-0.880611,-0.274343,-0.071435,-1.837020,1.268335,1.226560,2.755254,-0.026426,-0.000578,0.000228,-0.001647,-0.000390,0.000345,-0.000136
26.474100,-0.759515,-0.980266,-0.800295,-0.777265,-1.069456,-0.858020,0.495278,-0.353927,-0.952625,-0.409055,-0.075472,-0.647704,-0.485500,0.280943,-0.880634,-0.274346,-0.071437,-1.837021,1.268334,1.226560,2.755255,-0.025298,-0.001761,-0.000779,-0.001407,0.001106,0.000273,-0.000557
26.475059,-0.758712,-0.981251,-0.801002,-0.778516,-1.069897,-0.856780,0.494810,-0.360522,-0.949505,-0.418003,-0.075671,-0.647546,-0.484613,0.281107,-0.880660,-0.274344,-0.071439,-1.837022,1.268333,1.226560,2.755256,-0.025885,-0.000734,-0.000819,-0.001099,0.000166,0.000655,-0.000049
26.476025,-0.756971,-0.981057,-0.799467,-0.777627,-1.068786,-0.855748,0.495037,-0.365819,-0.945491,-0.425435,-0.076669,-0.647500,-0.483897,0.281339,-0.880685,-0.274342,-0.071439,-1.837018,1.268335,1.226560,2.755258,-0.025981,-0.000272,-0.000455,0.000080,0.000600,-0.000596,0.000881
26.477028,-0.754784,-0.982158,-0.799293,-0.777438,-1.069629,-0.856931,0.494689,-0.369667,-0.942320,-0.431131,-0.077735,-0.647488,-0.483397,0.281615,-0.880714,-0.274344,-0.071441,-1.837020,1.268334,1.226556,2.755257,-0.026509,-0.000358,-0.001210,-0.000786,-0.000518,-0.001607,0.000419
26.478011,-0.759114,-0.981469,-0.802330,-0.777479,-1.069760,-0.857538,0.495084,-0.371268,-0.941071,-0.434091,-0.078011,-0.647411,-0.483179,0.281906,-0.880743,-0.274344,-0.071443,-1.837020,1.268335,1.226559,2.755258,-0.027255,0.000205,-0.001265,-0.000968,0.000336,-0.000415,0.001122
26.479074,-0.755925,-0.980663,-0.804545,-0.776998,-1.070247,-0.857324,0.495315,-0.374713,-0.944424,-0.440695,-0.075540,-0.646972,-0.482896,0.282401,-0.880796,-0.274344,-0.071440,-1.837022,1.268334,1.226556,2.755257,-0.026061,-0.000550,0.001327,-0.001366,0.000964,-0.000021,-0.000141
26.480095,-0.752371,-0.980679,-0.801760,-0.778101,-1.069779,-0.858882,0.495199,-0.378970,-0.945694,-0.447394,-0.074441,-0.646765,-0.482518,0.282552,-0.880826,-0.274343,-0.071443,-1.837019,1.268333,1.226559,2.755259,-0.027477,-0.000558,-0.000044,-0.000334,0.000488,0.001535,0.000092
26.480991,-0.757581,-0.981819,-0.802313,-0.779022,-1.069133,-0.858559,0.495456,-0.378970,-0.945694,-0.447394,-0.074441,-0.646765,-0.482518,0.282552,-0.880826,-0.274343,-0.071443,-1.837019,1.268333,1.226559,2.755259,-0.027477,-0.000558,-0.000044,-0.000334,0.000488,0.001535,0.000092
26.482025,-0.753473,-0.980817,-0.803033,-0.777590,-1.070067,-0.858466,0.495102,-0.385797,-0.944554,-0.459027,-0.075363,-0.646739,-0.482051,0.282665,-0.880875,-0.274344,-0.071442,-1.837020,1.268339,1.226557,2.755260,-0.026340,-0.000482,0.000593,-0.000827,0.000736,0.001116,0.000289
26.483061,-0.754263,-0.980654,-0.802945,-0.779382,-1.069822,-0.858340,0.495872,-0.385797,-0.944554,-0.459027,-0.075363,-0.646739,-0.482051,0.282665,-0.880875,-0.274344,-0.071442,-1.837020,1.268339,1.226557,2.755260,-0.026340,-0.000482,0.000593,-0.000827,0.000736,0.001116,0.000289
26.484085,-0.753998,-0.982005,-0.798694,-0.778823,-1.070113,-0.857589,0.495597,-0.389341,-0.942834,-0.465098,-0.076871,-0.646863,-0.481815,0.282650,-0.880899,-0.274344,-0.071442,-1.837016,1.268336,1.226558,2.755256,-0.025632,-0.000559,0.000539,0.000903,0.000509,0.000986,-0.001258
26.484939,-0.753234,-0.983471,-0.798081,-0.777957,-1.067786,-0.857165,0.495087,-0.391759,-0.940056,-0.469767,-0.079261,-0.647128,-0.481674,0.282614,-0.880925,-0.274344,-0.071447,-1.837019,1.268337,1.226556,2.755256,-0.025461,0.000123,-0.001536,0.000372,0.000797,0.000239,-0.000688
26.486080,-0.753305,-0.981898,-0.803316,-0.777943,-1.067966,-0.856868,0.495245,-0.391667,-0.939019,-0.471234,-0.080917,-0.647358,-0.481792,0.282581,-0.880950,-0.274340,-0.071450,-1.837021,1.268332,1.226555,2.755258,-0.025537,0.000816,-0.001796,-0.000446,-0.001508,-0.000177,0.000327
26.487023,-0.750618,-0.978562,-0.801180,-0.778471,-1.069417,-0.856904,0.495288,-0.390345,-0.941535,-0.471069,-0.080396,-0.647344,-0.482027,0.282563,-0.880976,-0.274342,-0.071444,-1.837021,1.268333,1.226554,2.755257,-0.025186,0.000034,0.000785,-0.000443,-0.001310,-0.000467,0.000001
26.488006,-0.750499,-0.983033,-0.800098,-0.778875,-1.068374,-0.857549,0.495559,-0.390062,-0.943448,-0.472078,-0.079720,-0.647278,-0.482055,0.282573,-0.881004,-0.274346,-0.071447,-1.837021,1.268335,1.226555,2.755257,-0.026206,-0.001595,-0.000293,0.000078,0.000132,-0.000431,-0.000083
26.488987,-0.749465,-0.982515,-0.798079,-0.775890,-1.068229,-0.857112,0.494926,-0.389718,-0.942271,-0.472863,-0.080521,-0.647366,-0.481988,0.282614,-0.881030,-0.274340,-0.071448,-1.837021,1.268332,1.226557,2.755256,-0.025944,0.000614,-0.000807,0.000487,-0.000914,0.000205,-0.000622
26.489972,-0.749946,-0.980741,-0.799330,-0.778357,-1.069030,-0.856081,0.495167,-0.387562,-0.942821,-0.471259,-0.080278,-0.647335,-0.482131,0.282674,-0.881056,-0.274340,-0.071452,-1.837029,1.268332,1.226555,2.755260,-0.026158,0.000323,-0.001774,-0.002337,-0.001042,-0.000229,0.000646
26.491043,-0.749171,-0.980158,-0.797766,-0.779089,-1.068981,-0.856277,0.495269,-0.383852,-0.946417,-0.467562,-0.077943,-0.647048,-0.482440,0.282745,-0.881079,-0.274341,-0.071451,-1.837023,1.268334,1.226550,2.755260,-0.025629,-0.000553,-0.001145,0.000052,-0.000255,-0.001238,0.000147
26.491962,-0.748125,-0.981794,-0.797746,-0.778127,-1.068216,-0.857397,0.495157,-0.379649,-0.947718,-0.463028,-0.076716,-0.646885,-0.482706,0.282820,-0.881104,-0.274343,-0.071453,-1.837022,1.268334,1.226553,2.755260,-0.025725,-0.000813,-0.001917,0.000726,-0.000312,-0.001046,-0.000054
26.493032,-0.750133,-0.982711,-0.799061,-0.778708,-1.069085,-0.856613,0.495936,-0.375018,-0.945745,-0.457762,-0.077511,-0.646968,-0.482950,0.282877,-0.881130,-0.274340,-0.071455,-1.837024,1.268333,1.226556,2.755260,-0.025934,-0.000023,-0.001893,-0.000209,-0.001076,0.000065,0.000170
26.494013,-0.747007,-0.981005,-0.799084,-0.777909,-1.069323,-0.856301,0.495397,-0.367555,-0.944460,-0.449212,-0.078231,-0.647087,-0.483362,0.282852,-0.881180,-0.274342,-0.071456,-1.837024,1.268335,1.226555,2.755260,-0.025908,-0.000412,-0.001214,-0.000424,0.000026,-0.001037,-0.000298
26.495093,-0.748052,-0.982570,-0.799646,-0.777346,-1.067866,-0.856740,0.495738,-0.367555,-0.944460,-0.449212,-0.078231,-0.647087,-0.483362,0.282852,-0.881180,-0.274342,-0.071456,-1.837024,1.268335,1.226555,2.755260,-0.025908,-0.000412,-0.001214,-0.000424,0.000026,-0.001037,-0.000298
26.496048,-0.747062,-0.982412,-0.797505,-0.778478,-1.069064,-0.857362,0.496167,-0.365755,-0.945704,-0.447335,-0.077452,-0.647040,-0.483389,0.282789,-0.881204,-0.274340,-0.071456,-1.837025,1.268331,1.226556,2.755258,-0.025082,0.000360,-0.000928,-0.000942,-0.001409,-0.000596,-0.000991
26.496955,-0.749459,-0.981229,-0.800283,-0.779256,-1.069307,-0.857829,0.495069,-0.363820,-0.951125,-0.445873,-0.074289,-0.646789,-0.483379,0.282623,-0.881250,-0.274342,-0.071459,-1.837020,1.268335,1.226556,2.755260,-0.023815,-0.000298,-0.000563,0.000861,0.000010,0.000493,0.000369
26.498064,-0.746558,-0.982147,-0.795824,-0.778231,-1.067859,-0.856807,0.495549,-0.363871,-0.951800,-0.446473,-0.074269,-0.646854,-0.483324,0.282559,-0.881277,-0.274342,-0.071467,-1.837022,1.268333,1.226554,2.755258,-0.024967,0.000170,-0.002732,-0.000142,-0.001440,-0.000534,-0.000617
26.498975,-0.745714,-0.981782,-0.796587,-0.778225,-1.067812,-0.856846,0.495243,-0.363871,-0.951800,-0.446473,-0.074269,-0.646854,-0.483324,0.282559,-0.881277,-0.274342,-0.071467,-1.837022,1.268333,1.226554,2.755258,-0.024967,0.000170,-0.002732,-0.000142,-0.001440,-0.000534,-0.000617
26.500089,-0.743099,-0.982509,-0.796799,-0.776998,-1.068946,-0.856782,0.495286,-0.362737,-0.952273,-0.445569,-0.074330,-0.646911,-0.483391,0.282504,-0.881302,-0.274342,-0.071471,-1.837024,1.268332,1.226554,2.755260,-0.025072,-0.000017,-0.002286,-0.000090,-0.001458,-0.000484,0.000003
26.501061,-0.741242,-0.982671,-0.796108,-0.776871,-1.068949,-0.857463,0.495353,-0.359539,-0.954094,-0.442027,-0.073413,-0.646827,-0.483673,0.282437,-0.881330,-0.274344,-0.071471,-1.837026,1.268334,1.226554,2.755260,-0.026056,0.000371,-0.002184,-0.001270,-0.000335,-0.000547,-0.000090
26.502053,-0.743108,-0.981216,-0.796598,-0.777216,-1.070082,-0.857111,0.494942,-0.354569,-0.958392,-0.436239,-0.070849,-0.646526,-0.484182,0.282339,-0.881356,-0.274344,-0.071473,-1.837027,1.268333,1.226554,2.755260,-0.026673,0.000592,-0.002210,-0.001286,-0.000507,0.000283,-0.000828
26.502962,-0.740795,-0.984388,-0.794781,-0.777102,-1.070838,-0.856715,0.494247,-0.348919,-0.964500,-0.429598,-0.067140,-0.646083,-0.484817,0.282198,-0.881378,-0.274345,-0.071471,-1.837025,1.268337,1.226551,2.755256,-0.025464,0.000244,-0.001200,-0.000736,0.000144,0.000323,-0.001580
26.503937,-0.741256,-0.984019,-0.792408,-0.776911,-1.070066,-0.855636,0.492877,-0.344373,-0.971928,-0.424353,-0.062916,-0.645600,-0.485407,0.282034,-0.881407,-0.274342,-0.071475,-1.837026,1.268335,1.226553,2.755258,-0.026292,0.002148,-0.001372,-0.000590,0.000507,0.000268,-0.001647
26.504955,-0.743016,-0.981889,-0.786495,-0.778278,-1.072068,-0.855697,0.491817,-0.340851,-0.982709,-0.420440,-0.057356,-0.644998,-0.486003,0.281883,-0.881431,-0.274340,-0.071476,-1.837027,1.268332,1.226550,2.755262,-0.025762,0.002292,-0.001780,-0.000524,-0.000693,-0.000422,-0.000475
26.506028,-0.743584,-0.976507,-0.791234,-0.778528,-1.072131,-0.854876,0.490713,-0.337209,-0.995180,-0.416409,-0.051455,-0.644393,-0.486666,0.281782,-0.881454,-0.274340,-0.071485,-1.837023,1.268335,1.226550,2.755260,-0.024598,0.001598,-0.003855,0.001024,0.000846,0.000039,0.000012
26.507083,-0.742963,-0.979340,-0.784869,-0.777636,-1.072769,-0.855120,0.489606,-0.334377,-1.002260,-0.413332,-0.048951,-0.644197,-0.487135,0.281756,-0.881478,-0.274345,-0.071479,-1.837022,1.268334,1.226549,2.755261,-0.024042,-0.000653,-0.000669,0.001519,0.000411,-0.000370,0.000499
26.507974,-0.741407,-0.974662,-0.782113,-0.777781,-1.073066,-0.855018,0.488337,-0.333952,-1.001412,-0.413190,-0.050896,-0.644513,-0.487177,0.281809,-0.881503,-0.274343,-0.071488,-1.837023,1.268333,1.226550,2.755260,-0.024056,0.001174,-0.002979,0.000894,0.000585,0.000287,0.001026
26.508968,-0.741286,-0.976100,-0.782578,-0.775012,-1.073958,-0.853439,0.487399,-0.333910,-0.995786,-0.413463,-0.055351,-0.645110,-0.487069,0.281938,-0.881529,-0.274348,-0.071491,-1.837021,1.268333,1.226551,2.755263,-0.024535,-0.000820,-0.003601,0.001233,0.000475,0.000520,0.002131
26.509970,-0.740759,-0.976316,-0.779362,-0.775483,-1.074217,-0.853478,0.486714,-0.331245,-0.981420,-0.410620,-0.064193,-0.646190,-0.486904,0.282324,-0.881578,-0.274344,-0.071496,-1.837025,1.268334,1.226552,2.755263,-0.024275,0.000731,-0.003363,-0.000463,0.000712,-0.000259,0.002165
26.510971,-0.740086,-0.974723,-0.778109,-0.775984,-1.074724,-0.852647,0.486186,-0.329842,-0.977973,-0.409112,-0.065817,-0.646368,-0.486831,0.282476,-0.881601,-0.274346,-0.071499,-1.837023,1.268336,1.226551,2.755263,-0.024329,0.000318,-0.003159,0.000241,0.000752,-0.000703,0.001609
26.512088,-0.740152,-0.973905,-0.775108,-0.775617,-1.074148,-0.851900,0.485062,-0.329842,-0.977973,-0.409112,-0.065817,-0.646368,-0.486831,0.282476,-0.881601,-0.274346,-0.071499,-1.837023,1.268336,1.226551,2.755263,-0.024329,0.000318,-0.003159,0.000241,0.000752,-0.000703,0.001609
26.512997,-0.737701,-0.973579,-0.773841,-0.775998,-1.075089,-0.851183,0.486133,-0.328287,-0.975006,-0.407402,-0.067181,-0.646517,-0.486778,0.282558,-0.881625,-0.274344,-0.071505,-1.837023,1.268334,1.226550,2.755267,-0.024015,0.000302,-0.003723,0.000145,-0.000326,-0.001008,0.002062
26.513978,-0.739292,-0.970523,-0.772377,-0.775536,-1.075496,-0.852106,0.485320,-0.324249,-0.967021,-0.402665,-0.071349,-0.647012,-0.486735,0.282498,-0.881674,-0.274346,-0.071512,-1.837023,1.268336,1.226550,2.755259,-0.023846,-0.000676,-0.003528,0.000535,0.000160,-0.000060,-0.001455
26.514976,-0.738805,-0.970896,-0.770942,-0.774314,-1.075078,-0.852070,0.485194,-0.324249,-0.967021,-0.402665,-0.071349,-0.647012,-0.486735,0.282498,-0.881674,-0.274346,-0.071512,-1.837023,1.268336,1.226550,2.755259,-0.023846,-0.000676,-0.003528,0.000535,0.000160,-0.000060,-0.001455
26.515938,-0.738891,-0.970789,-0.767951,-0.775070,-1.077122,-0.851835,0.484214,-0.322751,-0.960738,-0.400853,-0.074638,-0.647423,-0.486623,0.282403,-0.881698,-0.274344,-0.071515,-1.837027,1.268333,1.226551,2.755256,-0.023825,-0.000121,-0.003427,-0.000346,-0.000696,0.000274,-0.002804
26.516991,-0.737099,-0.968420,-0.765570,-0.774539,-1.075597,-0.851109,0.482493,-0.321191,-0.949288,-0.398904,-0.080474,-0.648235,-0.486372,0.282252,-0.881747,-0.274344,-0.071524,-1.837025,1.268333,1.226550,2.755262,-0.024103,-0.000623,-0.004441,0.000351,-0.001102,0.000089,-0.000625
26.518070,-0.736874,-0.969586,-0.764419,-0.774581,-1.077082,-0.849396,0.481807,-0.321191,-0.949288,-0.398904,-0.080474,-0.648235,-0.486372,0.282252,-0.881747,-0.274344,-0.071524,-1.837025,1.268333,1.226550,2.755262,-0.024103,-0.000623,-0.004441,0.000351,-0.001102,0.000089,-0.000625
26.518925,-0.734413,-0.969113,-0.762660,-0.772744,-1.075925,-0.848804,0.480403,-0.317818,-0.940905,-0.394640,-0.084831,-0.648983,-0.486459,0.282298,-0.881798,-0.274343,-0.071533,-1.837029,1.268332,1.226549,2.755264,-0.024836,0.000436,-0.004274,-0.000883,-0.001640,-0.001464,0.000444
26.520005,-0.735711,-0.968163,-0.760434,-0.775050,-1.077295,-0.848949,0.479935,-0.315552,-0.940656,-0.391902,-0.084815,-0.649104,-0.486607,0.282363,-0.881820,-0.274345,-0.071537,-1.837023,1.268334,1.226550,2.755260,-0.023914,0.000384,-0.004498,0.001600,-0.000751,-0.000898,-0.000360
26.520921,-0.734199,-0.967373,-0.760256,-0.775226,-1.076988,-0.848771,0.479525,-0.313398,-0.940116,-0.389441,-0.085432,-0.649301,-0.486777,0.282432,-0.881844,-0.274346,-0.071541,-1.837021,1.268329,1.226549,2.755259,-0.024389,0.000336,-0.003821,0.001942,-0.001441,-0.000723,-0.000999
26.521928,-0.731781,-0.964381,-0.757083,-0.773318,-1.077016,-0.848368,0.477786,-0.311236,-0.937472,-0.387140,-0.087538,-0.649645,-0.486941,0.282503,-0.881869,-0.274348,-0.071546,-1.837025,1.268329,1.226548,2.755264,-0.025307,-0.000770,-0.004575,0.000361,-0.001865,-0.000730,0.000868
26.523045,-0.733875,-0.965328,-0.755735,-0.773039,-1.078257,-0.848880,0.477301,-0.311236,-0.937472,-0.387140,-0.087538,-0.649645,-0.486941,0.282503,-0.881869,-0.274348,-0.071546,-1.837025,1.268329,1.226548,2.755264,-0.025307,-0.000770,-0.004575,0.000361,-0.001865,-0.000730,0.000868
26.524025,-0.735447,-0.966218,-0.755172,-0.774182,-1.079102,-0.847481,0.476461,-0.306962,-0.931285,-0.383047,-0.091521,-0.650149,-0.487231,0.282656,-0.881911,-0.274342,-0.071555,-1.837021,1.268333,1.226549,2.755261,-0.022964,0.000873,-0.003771,0.001690,-0.000758,-0.000827,0.000152
26.524997,-0.734055,-0.962140,-0.751388,-0.770852,-1.076805,-0.847672,0.475656,-0.307357,-0.930548,-0.384272,-0.092083,-0.650193,-0.487175,0.282724,-0.881935,-0.274346,-0.071562,-1.837029,1.268327,1.226549,2.755261,-0.023383,-0.000784,-0.004833,-0.001251,-0.003474,-0.000246,0.000202
26.526066,-0.735477,-0.963462,-0.752180,-0.771072,-1.079477,-0.847876,0.475002,-0.307357,-0.930548,-0.384272,-0.092083,-0.650193,-0.487175,0.282724,-0.881935,-0.274346,-0.071562,-1.837029,1.268327,1.226549,2.755261,-0.023383,-0.000784,-0.004833,-0.001251,-0.003474,-0.000246,0.000202
26.526973,-0.733117,-0.961342,-0.748743,-0.772599,-1.079891,-0.846731,0.472757,-0.309161,-0.931414,-0.387216,-0.091015,-0.649999,-0.486949,0.282797,-0.881957,-0.274344,-0.071563,-1.837030,1.268334,1.226549,2.755261,-0.022405,0.000275,-0.003574,-0.000710,-0.001306,0.000370,-0.000208
26.527995,-0.730218,-0.960390,-0.747066,-0.771044,-1.080549,-0.845194,0.473260,-0.314598,-0.932786,-0.395002,-0.088422,-0.649555,-0.486255,0.282983,-0.882008,-0.274346,-0.071575,-1.837026,1.268333,1.226546,2.755264,-0.024442,-0.000527,-0.004498,-0.000357,-0.001118,-0.001565,0.000151
26.529017,-0.728165,-0.960919,-0.747798,-0.770125,-1.080680,-0.845147,0.472054,-0.314598,-0.932786,-0.395002,-0.088422,-0.649555,-0.486255,0.282983,-0.882008,-0.274346,-0.071575,-1.837026,1.268333,1.226546,2.755264,-0.024442,-0.000527,-0.004498,-0.000357,-0.001118,-0.001565,0.000151
26.530009,-0.729882,-0.957986,-0.746731,-0.771098,-1.081597,-0.843817,0.471416,-0.315509,-0.932210,-0.396404,-0.087802,-0.649431,-0.486032,0.283040,-0.882035,-0.274344,-0.071574,-1.837027,1.268332,1.226549,2.755266,-0.025149,0.000104,-0.003326,-0.000986,-0.001441,-0.001220,0.000953
26.530985,-0.729550,-0.960026,-0.747163,-0.770659,-1.082301,-0.843785,0.470309,-0.316263,-0.932114,-0.397535,-0.086737,-0.649248,-0.485793,0.283041,-0.882056,-0.274346,-0.071576,-1.837025,1.268333,1.226545,2.755265,-0.024016,-0.000991,-0.003079,0.000208,-0.000980,-0.002157,0.000628
26.532035,-0.728817,-0.958991,-0.745518,-0.770555,-1.083558,-0.843596,0.469915,-0.318786,-0.931270,-0.400862,-0.086199,-0.649138,-0.485339,0.282988,-0.882080,-0.274342,-0.071576,-1.837027,1.268334,1.226545,2.755267,-0.023910,0.000370,-0.002086,0.000051,-0.000727,-0.001800,0.001280
26.532946,-0.725401,-0.960083,-0.744857,-0.769680,-1.085061,-0.843288,0.469752,-0.323651,-0.931018,-0.407125,-0.085743,-0.649072,-0.484672,0.282865,-0.882106,-0.274341,-0.071577,-1.837027,1.268335,1.226545,2.755266,-0.023975,0.000214,-0.002089,0.000222,0.000048,-0.001584,0.000377
26.533924,-0.723510,-0.960094,-0.741812,-0.771259,-1.084696,-0.843903,0.468407,-0.334432,-0.938150,-0.421053,-0.082154,-0.648802,-0.483538,0.282369,-0.882162,-0.274341,-0.071583,-1.837026,1.268334,1.226548,2.755266,-0.025961,0.001475,-0.002411,0.001377,0.000320,-0.000559,0.000384
26.535123,-0.723909,-0.959268,-0.738849,-0.769643,-1.086371,-0.842748,0.468451,-0.334432,-0.938150,-0.421053,-0.082154,-0.648802,-0.483538,0.282369,-0.882162,-0.274341,-0.071583,-1.837026,1.268334,1.226548,2.755266,-0.025961,0.001475,-0.002411,0.001377,0.000320,-0.000559,0.000384
26.536081,-0.722293,-0.953895,-0.739762,-0.770232,-1.085684,-0.843634,0.467051,-0.336692,-0.945273,-0.424226,-0.079384,-0.648671,-0.483486,0.282040,-0.882186,-0.274340,-0.071585,-1.837028,1.268336,1.226544,2.755261,-0.025468,0.001488,-0.002922,0.000088,0.001448,-0.001245,-0.001638
26.536967,-0.723198,-0.954956,-0.734450,-0.769585,-1.086260,-0.843813,0.466576,-0.336998,-0.951207,-0.425060,-0.077427,-0.648678,-0.483628,0.281701,-0.882213,-0.274345,-0.071584,-1.837024,1.268330,1.226547,2.755264,-0.025961,-0.000804,-0.001723,0.000839,0.000367,0.000009,-0.000350
26.537952,-0.722134,-0.956092,-0.738511,-0.768010,-1.086746,-0.843392,0.465946,-0.336182,-0.952459,-0.424563,-0.077733,-0.648944,-0.483762,0.281390,-0.882237,-0.274342,-0.071593,-1.837025,1.268333,1.226546,2.755262,-0.025212,0.000047,-0.003607,0.000438,0.000524,0.000533,-0.000832
26.539009,-0.720247,-0.953309,-0.738712,-0.769357,-1.086605,-0.842260,0.464365,-0.335077,-0.952089,-0.423754,-0.078596,-0.649250,-0.483858,0.281117,-0.882265,-0.274340,-0.071588,-1.837028,1.268333,1.226546,2.755261,-0.025424,0.000955,-0.000818,-0.000836,0.000564,0.000486,-0.001143
26.540160,-0.722538,-0.955246,-0.736696,-0.767773,-1.087175,-0.842000,0.463853,-0.335898,-0.953287,-0.425402,-0.078335,-0.649389,-0.483747,0.280886,-0.882293,-0.274343,-0.071588,-1.837024,1.268333,1.226549,2.755264,-0.026039,-0.000020,0.000089,0.000708,-0.000063,-0.000263,0.000331
26.540999,-0.717883,-0.953055,-0.732791,-0.768925,-1.087127,-0.842412,0.462077,-0.339815,-0.955394,-0.430965,-0.077466,-0.649425,-0.483301,0.280712,-0.882315,-0.274340,-0.071589,-1.837027,1.268330,1.226549,2.755261,-0.024606,0.001362,-0.000024,-0.000529,0.000016,-0.000071,-0.000503
26.542003,-0.718800,-0.953382,-0.733890,-0.768375,-1.087394,-0.840357,0.462386,-0.344922,-0.958744,-0.438018,-0.076005,-0.649371,-0.482755,0.280588,-0.882345,-0.274341,-0.071593,-1.837026,1.268331,1.226550,2.755267,-0.026610,0.000571,-0.001285,0.000823,-0.000426,0.000663,0.001713
26.542930,-0.715668,-0.950893,-0.733056,-0.766947,-1.087674,-0.840570,0.460674,-0.349005,-0.962385,-0.443726,-0.074620,-0.649312,-0.482338,0.280496,-0.882369,-0.274340,-0.071591,-1.837026,1.268329,1.226545,2.755261,-0.025841,0.001097,0.000050,0.000513,-0.000594,-0.001000,-0.000538
26.544089,-0.715020,-0.948385,-0.727713,-0.766469,-1.087820,-0.840016,0.459753,-0.352453,-0.965482,-0.448532,-0.073498,-0.649257,-0.481951,0.280417,-0.882399,-0.274342,-0.071591,-1.837028,1.268330,1.226545,2.755265,-0.027072,0.000208,0.000351,-0.000639,-0.000741,-0.000406,0.001426
26.544989,-0.716404,-0.952382,-0.728158,-0.765793,-1.088915,-0.839440,0.459609,-0.354779,-0.967292,-0.451816,-0.072507,-0.649173,-0.481583,0.280342,-0.882425,-0.274344,-0.071598,-1.837030,1.268330,1.226545,2.755267,-0.027072,-0.000591,-0.001357,-0.000772,-0.001122,-0.000523,0.001384
26.546011,-0.713530,-0.949789,-0.724222,-0.767990,-1.089494,-0.839156,0.458796,-0.355173,-0.968930,-0.452558,-0.071062,-0.649013,-0.481350,0.280250,-0.882451,-0.274338,-0.071595,-1.837032,1.268332,1.226548,2.755265,-0.026060,0.001701,-0.000441,-0.001181,-0.000440,-0.000767,0.000224
26.547073,-0.710152,-0.946311,-0.724098,-0.765464,-1.091205,-0.839031,0.458681,-0.354297,-0.972530,-0.451596,-0.068701,-0.648783,-0.481299,0.280112,-0.882481,-0.274340,-0.071597,-1.837026,1.268332,1.226548,2.755265,-0.027161,0.000774,-0.001608,0.001164,-0.000339,-0.000654,0.000225
26.548098,-0.714271,-0.944910,-0.719351,-0.765975,-1.091715,-0.838385,0.456889,-0.351470,-0.974953,-0.448103,-0.067348,-0.648730,-0.481465,0.279933,-0.882513,-0.274343,-0.071595,-1.837033,1.268334,1.226547,2.755261,-0.028474,-0.000530,-0.000842,-0.000967,0.000883,-0.000360,-0.001248
26.548969,-0.711792,-0.946423,-0.718887,-0.766626,-1.091556,-0.837819,0.457434,-0.346617,-0.973055,-0.442048,-0.068127,-0.648961,-0.481741,0.279741,-0.882536,-0.274344,-0.071599,-1.837030,1.268334,1.226546,2.755266,-0.026104,-0.000836,-0.002392,-0.000235,0.000914,-0.000611,0.000711
26.550037,-0.713814,-0.945085,-0.715970,-0.764877,-1.090441,-0.838222,0.455804,-0.340995,-0.967877,-0.435042,-0.070489,-0.649415,-0.482012,0.279556,-0.882566,-0.274342,-0.071599,-1.837028,1.268334,1.226545,2.755259,-0.027015,0.000236,-0.001924,0.000587,0.000355,-0.000834,-0.001792
26.550917,-0.710122,-0.945214,-0.715904,-0.765027,-1.092369,-0.837778,0.455281,-0.335409,-0.962505,-0.428091,-0.073040,-0.649936,-0.482288,0.279386,-0.882591,-0.274342,-0.071601,-1.837031,1.268330,1.226548,2.755262,-0.025684,-0.000048,-0.002534,-0.000859,-0.001208,-0.000026,-0.000217
26.551987,-0.705004,-0.945245,-0.716377,-0.765118,-1.093198,-0.837483,0.454372,-0.330206,-0.959268,-0.421599,-0.074341,-0.650327,-0.482576,0.279254,-0.882622,-0.274341,-0.071600,-1.837030,1.268332,1.226546,2.755261,-0.027190,0.000343,-0.001885,-0.000482,0.000329,-0.000132,-0.000598
26.553021,-0.707352,-0.943290,-0.716308,-0.764209,-1.094613,-0.837094,0.453401,-0.324914,-0.958457,-0.414972,-0.074396,-0.650571,-0.482957,0.279176,-0.882656,-0.274340,-0.071600,-1.837030,1.268332,1.226546,2.755261,-0.029361,0.000733,-0.000815,-0.000126,0.000662,-0.000008,-0.000489
26.554008,-0.702829,-0.943633,-0.716576,-0.765469,-1.094168,-0.836604,0.452158,-0.319954,-0.959298,-0.408766,-0.073781,-0.650734,-0.483394,0.279158,-0.882681,-0.274341,-0.071598,-1.837032,1.268335,1.226545,2.755262,-0.027850,0.000150,-0.000060,-0.000743,0.001582,0.000003,-0.000205
26.554984,-0.705508,-0.943880,-0.714409,-0.765801,-1.093596,-0.835989,0.451321,-0.316743,-0.960450,-0.404787,-0.073168,-0.650898,-0.483707,0.279199,-0.882713,-0.274341,-0.071596,-1.837028,1.268332,1.226545,2.755264,-0.029758,0.000699,0.000822,0.000700,0.000702,-0.000107,0.000695
26.555994,-0.704498,-0.942930,-0.711393,-0.764072,-1.093881,-0.836771,0.450205,-0.315714,-0.963395,-0.403803,-0.072893,-0.651354,-0.483970,0.279356,-0.882767,-0.274340,-0.071600,-1.837030,1.268329,1.226547,2.755267,-0.028266,0.001058,-0.000191,-0.000182,-0.000447,0.000828,0.001404
26.556981,-0.705495,-0.940482,-0.708256,-0.764116,-1.095379,-0.836122,0.449383,-0.315714,-0.963395,-0.403803,-0.072893,-0.651354,-0.483970,0.279356,-0.882767,-0.274340,-0.071600,-1.837030,1.268329,1.226547,2.755267,-0.028266,0.001058,-0.000191,-0.000182,-0.000447,0.000828,0.001404
26.558081,-0.703929,-0.938313,-0.711755,-0.764891,-1.094948,-0.836659,0.448837,-0.316311,-0.966066,-0.404699,-0.072218,-0.651475,-0.484053,0.279393,-0.882794,-0.274341,-0.071602,-1.837030,1.268331,1.226545,2.755268,-0.027435,0.000213,-0.000964,0.000127,0.000592,0.000559,0.001456
26.559056,-0.703006,-0.941983,-0.706819,-0.761941,-1.094612,-0.835475,0.448592,-0.317638,-0.966347,-0.406368,-0.072591,-0.651664,-0.484005,0.279364,-0.882823,-0.274343,-0.071597,-1.837026,1.268329,1.226549,2.755267,-0.027889,-0.000441,0.001610,0.001093,-0.000339,0.001508,0.000784
26.560027,-0.703264,-0.937930,-0.706375,-0.763609,-1.096225,-0.834036,0.448007,-0.320489,-0.965556,-0.409802,-0.073267,-0.651835,-0.483763,0.279239,-0.882852,-0.274338,-0.071600,-1.837032,1.268327,1.226546,2.755264,-0.028005,0.001719,-0.000097,-0.001511,-0.001093,0.000697,-0.000283
26.560995,-0.701488,-0.938785,-0.705311,-0.763602,-1.096246,-0.833330,0.447397,-0.323899,-0.967395,-0.413804,-0.072137,-0.651746,-0.483473,0.279017,-0.882879,-0.274341,-0.071599,-1.837028,1.268330,1.226543,2.755264,-0.027548,0.000059,0.000440,0.000361,0.000069,-0.000352,-0.000664
26.562039,-0.700930,-0.935611,-0.703792,-0.761193,-1.096880,-0.833686,0.446373,-0.327481,-0.969343,-0.417836,-0.070853,-0.651604,-0.483121,0.278738,-0.882908,-0.274338,-0.071597,-1.837028,1.268329,1.226543,2.755264,-0.028105,0.000826,0.000639,0.000583,-0.000357,-0.000676,-0.000992
26.563009,-0.698555,-0.933979,-0.700098,-0.760910,-1.097536,-0.832739,0.445095,-0.331273,-0.969678,-0.421951,-0.070345,-0.651518,-0.482663,0.278441,-0.882934,-0.274340,-0.071597,-1.837035,1.268328,1.226544,2.755264,-0.028061,-0.000369,0.000692,-0.001433,-0.000183,0.000085,-0.000610
26.563992,-0.697425,-0.934781,-0.700814,-0.762459,-1.097234,-0.832575,0.444340,-0.334168,-0.968843,-0.424793,-0.069817,-0.651386,-0.482187,0.278147,-0.882964,-0.274341,-0.071600,-1.837035,1.268328,1.226543,2.755266,-0.028903,-0.000797,-0.000366,-0.001446,0.000043,-0.000491,0.000387
26.564952,-0.696541,-0.933857,-0.698450,-0.761506,-1.097880,-0.832145,0.443505,-0.335324,-0.966301,-0.425342,-0.069766,-0.651283,-0.481797,0.277865,-0.882994,-0.274342,-0.071597,-1.837031,1.268327,1.226544,2.755265,-0.029102,-0.000014,0.000737,0.000276,-0.000713,-0.000274,0.000316
26.565963,-0.699270,-0.933380,-0.696205,-0.761387,-1.099424,-0.831730,0.443433,-0.335309,-0.962806,-0.424382,-0.070456,-0.651274,-0.481514,0.277584,-0.883023,-0.274340,-0.071596,-1.837032,1.268327,1.226544,2.755266,-0.029203,-0.000146,0.000284,-0.000434,-0.000493,-0.000335,0.000446
26.567057,-0.699536,-0.932000,-0.694570,-0.761302,-1.098626,-0.831132,0.441815,-0.335091,-0.959461,-0.423193,-0.071362,-0.651311,-0.481266,0.277294,-0.883047,-0.274340,-0.071598,-1.837032,1.268330,1.226544,2.755260,-0.027537,-0.000012,-0.000031,-0.000286,0.000577,-0.000361,-0.001024
26.568106,-0.700283,-0.928709,-0.692651,-0.762666,-1.099880,-0.831714,0.441462,-0.337751,-0.950960,-0.424791,-0.074678,-0.651598,-0.480402,0.276705,-0.883098,-0.274343,-0.071599,-1.837028,1.268330,1.226544,2.755266,-0.026426,-0.001527,-0.000127,0.001456,0.000056,0.000455,-0.000534
26.568988,-0.698535,-0.931738,-0.692579,-0.760517,-1.099069,-0.831544,0.440747,-0.337751,-0.950960,-0.424791,-0.074678,-0.651598,-0.480402,0.276705,-0.883098,-0.274343,-0.071599,-1.837028,1.268330,1.226544,2.755266,-0.026426,-0.001527,-0.000127,0.001456,0.000056,0.000455,-0.000534
26.569928,-0.698381,-0.929634,-0.689864,-0.761180,-1.100525,-0.830570,0.439698,-0.341053,-0.943197,-0.428100,-0.078631,-0.652010,-0.479736,0.276410,-0.883126,-0.274340,-0.071597,-1.837034,1.268325,1.226544,2.755264,-0.026979,0.000304,0.000512,-0.000371,-0.001120,0.000618,-0.000501
26.571088,-0.697801,-0.927135,-0.688536,-0.760688,-1.101765,-0.830497,0.439190,-0.344975,-0.937077,-0.432269,-0.081831,-0.652332,-0.479074,0.276094,-0.883152,-0.274341,-0.071599,-1.837033,1.268327,1.226544,2.755265,-0.026741,-0.000404,-0.000103,0.000528,-0.000097,0.000003,0.000092
26.572091,-0.697761,-0.926870,-0.688773,-0.759264,-1.102469,-0.829168,0.437715,-0.348818,-0.931949,-0.436419,-0.084506,-0.652592,-0.478456,0.275773,-0.883178,-0.274343,-0.071599,-1.837033,1.268328,1.226544,2.755263,-0.026729,-0.001205,0.000147,0.000323,0.000607,0.000387,-0.000756
26.572974,-0.694953,-0.930311,-0.684094,-0.759602,-1.103144,-0.829342,0.436781,-0.352951,-0.925784,-0.440997,-0.087486,-0.652881,-0.477768,0.275467,-0.883203,-0.274342,-0.071597,-1.837035,1.268329,1.226543,2.755266,-0.026442,-0.000963,0.001033,-0.000814,0.000841,-0.000563,0.000595
26.574138,-0.695737,-0.927837,-0.682693,-0.760698,-1.101578,-0.828682,0.436842,-0.356976,-0.922026,-0.445543,-0.088868,-0.652987,-0.477107,0.275174,-0.883233,-0.274336,-0.071600,-1.837033,1.268330,1.226545,2.755267,-0.027510,0.001035,-0.000600,-0.000279,0.001108,-0.000048,0.001033
26.575069,-0.694545,-0.924741,-0.681434,-0.758382,-1.102820,-0.828123,0.435087,-0.359154,-0.922845,-0.447921,-0.088020,-0.652860,-0.476747,0.274873,-0.883259,-0.274338,-0.071599,-1.837029,1.268324,1.226544,2.755262,-0.026792,0.000226,-0.000396,0.001026,-0.000947,-0.000262,-0.000957
26.576005,-0.693774,-0.926080,-0.680781,-0.759713,-1.101287,-0.827850,0.434837,-0.359604,-0.924962,-0.448270,-0.086645,-0.652670,-0.476604,0.274566,-0.883287,-0.274341,-0.071599,-1.837033,1.268325,1.226544,2.755267,-0.027065,-0.000951,-0.000300,-0.000996,-0.000112,-0.000457,0.001082
26.577031,-0.696129,-0.921474,-0.678291,-0.757130,-1.103416,-0.826919,0.433510,-0.359440,-0.926175,-0.448004,-0.085492,-0.652458,-0.476471,0.274268,-0.883314,-0.274337,-0.071599,-1.837029,1.268323,1.226544,2.755263,-0.027121,0.000044,0.000107,0.000513,-0.002079,-0.000366,0.000066
26.578019,-0.695458,-0.924718,-0.676842,-0.758996,-1.104182,-0.827054,0.433258,-0.359517,-0.926423,-0.448221,-0.084473,-0.652201,-0.476236,0.273975,-0.883339,-0.274344,-0.071600,-1.837035,1.268328,1.226544,2.755267,-0.025639,-0.001823,-0.000324,-0.001713,-0.000425,-0.000907,0.001078
26.579026,-0.695418,-0.923436,-0.675727,-0.759312,-1.105856,-0.826959,0.432444,-0.362441,-0.925036,-0.452490,-0.083249,-0.651754,-0.475356,0.273328,-0.883389,-0.274340,-0.071599,-1.837029,1.268328,1.226544,2.755265,-0.025412,-0.000131,-0.000065,0.000847,0.001105,-0.000094,0.000011
26.580162,-0.692489,-0.920383,-0.674156,-0.757561,-1.105263,-0.826467,0.431305,-0.364585,-0.923983,-0.455575,-0.083647,-0.651728,-0.474919,0.272965,-0.883417,-0.274343,-0.071599,-1.837033,1.268329,1.226544,2.755267,-0.026549,-0.001217,0.000035,-0.000534,-0.000033,-0.000152,0.000467
26.580977,-0.691430,-0.919727,-0.671051,-0.757209,-1.106044,-0.826165,0.430703,-0.365558,-0.921462,-0.457251,-0.084699,-0.651814,-0.474580,0.272592,-0.883443,-0.274343,-0.071600,-1.837033,1.268330,1.226544,2.755267,-0.026759,-0.001230,-0.000871,-0.000664,0.000384,-0.000134,0.000356
26.582067,-0.694395,-0.918783,-0.671591,-0.757864,-1.105655,-0.825780,0.430374,-0.365558,-0.921462,-0.457251,-0.084699,-0.651814,-0.474580,0.272592,-0.883443,-0.274343,-0.071600,-1.837033,1.268330,1.226544,2.755267,-0.026759,-0.001230,-0.000871,-0.000664,0.000384,-0.000134,0.000356
26.583006,-0.691556,-0.919848,-0.669389,-0.756989,-1.107306,-0.826030,0.429433,-0.366036,-0.913370,-0.458923,-0.087916,-0.652195,-0.473979,0.271809,-0.883493,-0.274341,-0.071598,-1.837033,1.268327,1.226546,2.755266,-0.026115,-0.000427,-0.000142,-0.000369,0.000761,0.000506,-0.000345
26.583946,-0.691561,-0.916942,-0.668732,-0.756918,-1.108831,-0.825931,0.429484,-0.366036,-0.913370,-0.458923,-0.087916,-0.652195,-0.473979,0.271809,-0.883493,-0.274341,-0.071598,-1.837033,1.268327,1.226546,2.755266,-0.026115,-0.000427,-0.000142,-0.000369,0.000761,0.000506,-0.000345
26.585019,-0.691278,-0.918461,-0.665364,-0.755880,-1.107494,-0.824500,0.428052,-0.367015,-0.910019,-0.460718,-0.089341,-0.652396,-0.473648,0.271404,-0.883519,-0.274345,-0.071598,-1.837032,1.268328,1.226545,2.755262,-0.025795,-0.001506,0.000276,-0.000229,0.001846,0.000769,-0.001959
26.586013,-0.692178,-0.918484,-0.665573,-0.756065,-1.108995,-0.823840,0.427963,-0.367825,-0.907674,-0.462296,-0.090237,-0.652556,-0.473355,0.271017,-0.883544,-0.274343,-0.071602,-1.837034,1.268325,1.226542,2.755263,-0.025633,-0.000350,-0.000535,-0.000966,0.000019,-0.000237,-0.000790
26.587086,-0.693755,-0.916236,-0.663985,-0.754475,-1.107297,-0.824330,0.426153,-0.371349,-0.911943,-0.467720,-0.086959,-0.652366,-0.472678,0.270350,-0.883591,-0.274344,-0.071600,-1.837035,1.268323,1.226545,2.755264,-0.023836,-0.000698,0.000372,-0.001820,-0.001093,0.000389,-0.000305
26.588192,-0.690882,-0.915600,-0.661524,-0.756627,-1.108779,-0.823791,0.424967,-0.371349,-0.911943,-0.467720,-0.086959,-0.652366,-0.472678,0.270350,-0.883591,-0.274344,-0.071600,-1.837035,1.268323,1.226545,2.755264,-0.023836,-0.000698,0.000372,-0.001820,-0.001093,0.000389,-0.000305
26.589011,-0.689979,-0.914958,-0.658453,-0.755473,-1.110758,-0.822975,0.424366,-0.375262,-0.916411,-0.472991,-0.083838,-0.652140,-0.472146,0.270085,-0.883618,-0.274344,-0.071600,-1.837029,1.268324,1.226545,2.755266,-0.024970,-0.000597,0.000000,0.000507,-0.000095,0.000265,0.000275
26.590022,-0.689127,-0.916819,-0.657217,-0.753953,-1.109987,-0.822983,0.423621,-0.378340,-0.919142,-0.477082,-0.081916,-0.652108,-0.471717,0.269857,-0.883643,-0.274344,-0.071602,-1.837031,1.268328,1.226544,2.755267,-0.025108,-0.000622,-0.000876,-0.000424,0.001481,-0.000230,0.000156
26.591021,-0.689489,-0.916828,-0.653599,-0.754351,-1.110354,-0.822670,0.423105,-0.379187,-0.922217,-0.478265,-0.080038,-0.652143,-0.471576,0.269631,-0.883669,-0.274342,-0.071602,-1.837035,1.268326,1.226544,2.755266,-0.025230,0.000675,-0.000695,-0.001608,0.000244,0.000177,0.000028
26.592003,-0.688790,-0.912051,-0.654242,-0.754665,-1.110909,-0.822745,0.421677,-0.377955,-0.929468,-0.476762,-0.075881,-0.651965,-0.471760,0.269379,-0.883692,-0.274340,-0.071606,-1.837035,1.268327,1.226543,2.755264,-0.024770,0.001016,-0.001694,-0.000932,0.000161,0.000251,-0.000539
26.593059,-0.687686,-0.916290,-0.656985,-0.754655,-1.112060,-0.822590,0.421940,-0.375466,-0.938190,-0.473568,-0.070947,-0.651735,-0.472125,0.269112,-0.883718,-0.274345,-0.071604,-1.837034,1.268327,1.226543,2.755267,-0.024813,-0.000968,-0.000611,-0.000399,0.000273,0.000709,0.000749
26.594042,-0.686169,-0.913543,-0.650536,-0.753713,-1.111513,-0.821258,0.421114,-0.373882,-0.944952,-0.471405,-0.067222,-0.651671,-0.472382,0.268846,-0.883744,-0.274341,-0.071600,-1.837032,1.268329,1.226544,2.755260,-0.025060,0.001540,0.001545,-0.000190,0.000927,0.000949,-0.001473
26.594943,-0.684705,-0.912838,-0.649552,-0.755022,-1.110567,-0.820746,0.420512,-0.373765,-0.951945,-0.471057,-0.063599,-0.651653,-0.472510,0.268581,-0.883769,-0.274343,-0.071606,-1.837033,1.268327,1.226543,2.755263,-0.025520,0.000522,-0.000885,-0.000865,-0.000067,-0.000006,-0.001388
26.595960,-0.687431,-0.913930,-0.647242,-0.754810,-1.112132,-0.821622,0.419641,-0.372641,-0.958835,-0.469448,-0.060109,-0.651676,-0.472718,0.268336,-0.883796,-0.274344,-0.071606,-1.837029,1.268324,1.226542,2.755262,-0.025932,0.000521,-0.000646,0.000594,-0.001395,-0.000158,-0.001628
26.596971,-0.682515,-0.910356,-0.647278,-0.752544,-1.112503,-0.820417,0.418235,-0.369923,-0.963962,-0.465832,-0.057810,-0.651851,-0.473038,0.268127,-0.883818,-0.274341,-0.071606,-1.837030,1.268327,1.226545,2.755262,-0.024292,0.001418,-0.001013,0.000630,-0.000290,0.001105,-0.001515
26.597983,-0.680189,-0.909799,-0.643150,-0.753122,-1.113206,-0.820274,0.417428,-0.362000,-0.971083,-0.455532,-0.054736,-0.652312,-0.473782,0.267783,-0.883877,-0.274340,-0.071608,-1.837032,1.268325,1.226544,2.755263,-0.027232,0.000086,-0.001464,-0.000493,-0.000126,0.000537,-0.000334
26.599154,-0.682447,-0.908708,-0.641919,-0.752648,-1.113905,-0.818429,0.416561,-0.362000,-0.971083,-0.455532,-0.054736,-0.652312,-0.473782,0.267783,-0.883877,-0.274340,-0.071608,-1.837032,1.268325,1.226544,2.755263,-0.027232,0.000086,-0.001464,-0.000493,-0.000126,0.000537,-0.000334
26.600059,-0.678051,-0.906032,-0.638706,-0.752090,-1.114086,-0.818707,0.415677,-0.355166,-0.971715,-0.446860,-0.054158,-0.652586,-0.474293,0.267645,-0.883899,-0.274340,-0.071608,-1.837031,1.268327,1.226542,2.755263,-0.025814,-0.000030,-0.001151,-0.000686,0.000025,-0.000863,-0.000477
26.601012,-0.679521,-0.909050,-0.640942,-0.751326,-1.113763,-0.818243,0.414762,-0.346919,-0.969734,-0.436425,-0.054687,-0.652948,-0.474818,0.267505,-0.883929,-0.274343,-0.071612,-1.837033,1.268325,1.226544,2.755265,-0.027687,-0.000996,-0.002016,-0.000975,-0.000193,-0.000226,-0.000163
26.602067,-0.677489,-0.907654,-0.638563,-0.754076,-1.115308,-0.817327,0.413413,-0.338080,-0.966783,-0.425222,-0.055395,-0.653286,-0.475314,0.267338,-0.883956,-0.274340,-0.071607,-1.837037,1.268321,1.226543,2.755266,-0.026609,0.000850,-0.000191,-0.001409,-0.000914,-0.000324,0.000133
26.603049,-0.675168,-0.904758,-0.637366,-0.754307,-1.118021,-0.818107,0.413148,-0.330441,-0.965097,-0.415501,-0.055604,-0.653535,-0.475705,0.267127,-0.883985,-0.274340,-0.071608,-1.837030,1.268324,1.226540,2.755267,-0.027365,0.000450,-0.000407,0.001341,-0.000221,-0.000929,0.001144
26.603992,-0.674155,-0.905408,-0.633070,-0.752170,-1.118797,-0.817420,0.412309,-0.324299,-0.961408,-0.407577,-0.057708,-0.653997,-0.475961,0.266886,-0.884015,-0.274342,-0.071608,-1.837028,1.268328,1.226543,2.755264,-0.028372,-0.000804,0.000156,0.001406,0.001092,-0.000060,0.000095
26.605022,-0.673192,-0.903727,-0.629727,-0.753407,-1.119832,-0.816987,0.412411,-0.310765,-0.945245,-0.389702,-0.067375,-0.655524,-0.476502,0.266376,-0.884074,-0.274346,-0.071611,-1.837031,1.268322,1.226540,2.755260,-0.029039,-0.000908,-0.001324,0.000432,0.000191,-0.000991,-0.001577
26.606027,-0.672362,-0.907098,-0.628273,-0.753232,-1.122037,-0.817298,0.410991,-0.310765,-0.945245,-0.389702,-0.067375,-0.655524,-0.476502,0.266376,-0.884074,-0.274346,-0.071611,-1.837031,1.268322,1.226540,2.755260,-0.029039,-0.000908,-0.001324,0.000432,0.000191,-0.000991,-0.001577
26.607009,-0.673326,-0.903388,-0.627926,-0.753829,-1.123873,-0.817616,0.409561,-0.302148,-0.937702,-0.378153,-0.071714,-0.656213,-0.476963,0.266144,-0.884103,-0.274340,-0.071611,-1.837033,1.268325,1.226542,2.755262,-0.029302,0.000924,-0.000853,0.000205,0.000977,-0.000587,-0.000323
26.608000,-0.671987,-0.905297,-0.625932,-0.752434,-1.125253,-0.817491,0.409047,-0.294078,-0.932046,-0.367045,-0.075243,-0.656811,-0.477438,0.265957,-0.884130,-0.274344,-0.071609,-1.837032,1.268324,1.226543,2.755264,-0.028675,-0.000744,0.000112,0.000690,0.001450,-0.000183,0.000957
26.609028,-0.668171,-0.905208,-0.628969,-0.752175,-1.125672,-0.817573,0.407325,-0.288325,-0.927712,-0.358562,-0.078035,-0.657325,-0.477721,0.265826,-0.884162,-0.274341,-0.071607,-1.837033,1.268326,1.226542,2.755262,-0.029171,0.000381,0.000248,-0.000779,0.001425,-0.000215,0.000389
26.609980,-0.668144,-0.905499,-0.622361,-0.753066,-1.126591,-0.817003,0.407323,-0.285428,-0.926479,-0.353411,-0.078766,-0.657588,-0.477769,0.265747,-0.884195,-0.274339,-0.071599,-1.837035,1.268324,1.226540,2.755266,-0.030906,0.000485,0.002903,-0.001071,0.000417,-0.000024,0.002199
26.611027,-0.666828,-0.906083,-0.620036,-0.752541,-1.128004,-0.816829,0.407471,-0.284601,-0.929529,-0.350679,-0.076854,-0.657533,-0.477697,0.265696,-0.884226,-0.274339,-0.071603,-1.837032,1.268326,1.226541,2.755262,-0.030711,0.000816,0.000716,-0.000329,-0.000003,-0.000514,0.000658
26.612025,-0.668171,-0.904564,-0.617232,-0.752198,-1.130773,-0.817143,0.405677,-0.283738,-0.935760,-0.347758,-0.073186,-0.657284,-0.477716,0.265637,-0.884257,-0.274338,-0.071601,-1.837033,1.268322,1.226542,2.755261,-0.031218,0.001283,0.000789,-0.000928,-0.000015,-0.000594,-0.001313
26.612974,-0.668722,-0.904120,-0.616571,-0.752524,-1.132084,-0.816870,0.404870,-0.282102,-0.944320,-0.343726,-0.068227,-0.656910,-0.477881,0.265546,-0.884286,-0.274340,-0.071601,-1.837035,1.268325,1.226543,2.755267,-0.030376,0.000716,0.000553,-0.001309,0.001352,-0.000182,0.000694
26.614071,-0.666086,-0.903776,-0.612410,-0.753281,-1.132362,-0.816868,0.404211,-0.281187,-0.953204,-0.340427,-0.062934,-0.656520,-0.477994,0.265415,-0.884316,-0.274340,-0.071599,-1.837036,1.268324,1.226541,2.755268,-0.029931,0.000673,0.001327,-0.001045,0.001333,-0.000362,0.000769
26.615070,-0.667576,-0.902459,-0.610788,-0.753460,-1.135104,-0.817223,0.404308,-0.281473,-0.960588,-0.338452,-0.058422,-0.656233,-0.477979,0.265229,-0.884350,-0.274340,-0.071600,-1.837034,1.268320,1.226539,2.755266,-0.031085,0.000702,0.000542,-0.000417,0.000107,-0.000243,0.000334
26.616090,-0.668389,-0.902911,-0.608653,-0.754231,-1.135058,-0.817410,0.402752,-0.282091,-0.965411,-0.336731,-0.055454,-0.656129,-0.477914,0.264988,-0.884377,-0.274340,-0.071599,-1.837032,1.268326,1.226541,2.755263,-0.030190,0.000220,0.000897,-0.000380,0.001421,0.000196,-0.001460
26.616991,-0.669043,-0.900614,-0.605883,-0.753626,-1.136318,-0.817579,0.402036,-0.283528,-0.967252,-0.335905,-0.054370,-0.656240,-0.477748,0.264729,-0.884406,-0.274338,-0.071597,-1.837030,1.268321,1.226541,2.755265,-0.029642,0.000615,0.001005,0.000260,-0.000023,0.000478,0.000045
26.618154,-0.664983,-0.901670,-0.603891,-0.754151,-1.137438,-0.817578,0.401628,-0.286587,-0.966386,-0.337025,-0.054950,-0.656518,-0.477389,0.264490,-0.884435,-0.274341,-0.071597,-1.837032,1.268321,1.226542,2.755263,-0.029150,-0.000342,0.000677,-0.000403,-0.000006,0.000726,0.000026
26.619025,-0.667230,-0.899164,-0.601182,-0.754260,-1.139834,-0.818012,0.400068,-0.290339,-0.963461,-0.339009,-0.056659,-0.656875,-0.476923,0.264281,-0.884469,-0.274340,-0.071595,-1.837032,1.268319,1.226542,2.755263,-0.031018,0.000397,0.001031,0.000025,-0.000496,0.000833,-0.001029
26.620051,-0.665078,-0.901874,-0.598603,-0.754949,-1.140851,-0.817860,0.399643,-0.293681,-0.958872,-0.340592,-0.059292,-0.657283,-0.476474,0.264093,-0.884495,-0.274342,-0.071595,-1.837031,1.268322,1.226543,2.755269,-0.029732,-0.000690,0.000694,0.000053,0.000672,0.001348,0.000705
26.621012,-0.669304,-0.901010,-0.593151,-0.754100,-1.142366,-0.817789,0.398534,-0.296449,-0.953184,-0.341666,-0.062717,-0.657750,-0.476092,0.263917,-0.884529,-0.274338,-0.071593,-1.837030,1.268321,1.226543,2.755263,-0.030624,0.000834,0.000593,0.000613,0.000250,0.001288,-0.000092
26.621955,-0.669058,-0.896508,-0.593090,-0.753163,-1.143209,-0.817535,0.397424,-0.300732,-0.945428,-0.343037,-0.067978,-0.658466,-0.475558,0.263497,-0.884583,-0.274343,-0.071596,-1.837035,1.268318,1.226543,2.755267,-0.028355,-0.001472,0.000123,-0.001213,-0.000021,0.001141,0.001300
26.623074,-0.663294,-0.898747,-0.593723,-0.752304,-1.144446,-0.816589,0.397046,-0.300732,-0.945428,-0.343037,-0.067978,-0.658466,-0.475558,0.263497,-0.884583,-0.274343,-0.071596,-1.837035,1.268318,1.226543,2.755267,-0.028355,-0.001472,0.000123,-0.001213,-0.000021,0.001141,0.001300
26.623965,-0.662427,-0.901075,-0.588390,-0.754015,-1.146147,-0.817215,0.396356,-0.303985,-0.941432,-0.345409,-0.069629,-0.658630,-0.475067,0.263242,-0.884619,-0.274340,-0.071594,-1.837038,1.268319,1.226539,2.755267,-0.031047,-0.000161,0.001739,-0.002114,-0.000351,0.000318,0.000250
26.624991,-0.663350,-0.899067,-0.588570,-0.753242,-1.147733,-0.817039,0.396549,-0.307003,-0.939848,-0.347688,-0.069428,-0.658529,-0.474603,0.262950,-0.884651,-0.274337,-0.071596,-1.837034,1.268321,1.226542,2.755268,-0.031258,0.001137,0.000117,-0.000537,0.000095,0.001026,0.000209
26.625939,-0.663783,-0.898556,-0.585910,-0.753592,-1.150069,-0.817286,0.395604,-0.308690,-0.942137,-0.348535,-0.067335,-0.658211,-0.474384,0.262625,-0.884680,-0.274340,-0.071592,-1.837036,1.268320,1.226542,2.755263,-0.030638,0.000325,0.001390,-0.001380,0.000253,0.000935,-0.001817
26.626977,-0.666226,-0.898202,-0.582526,-0.754449,-1.150658,-0.816380,0.393796,-0.310479,-0.945798,-0.349734,-0.064686,-0.657846,-0.474208,0.262280,-0.884710,-0.274340,-0.071592,-1.837036,1.268321,1.226544,2.755264,-0.030257,0.000252,0.001159,-0.001101,0.001267,0.001269,-0.001427
26.628019,-0.663048,-0.898119,-0.581113,-0.753920,-1.150929,-0.816666,0.393277,-0.313541,-0.948662,-0.352713,-0.062579,-0.657566,-0.473897,0.261938,-0.884737,-0.274338,-0.071592,-1.837032,1.268319,1.226542,2.755269,-0.028903,0.000240,0.000686,-0.000423,0.000412,0.000459,0.000527
26.628998,-0.664688,-0.897278,-0.576214,-0.755042,-1.152311,-0.816039,0.392450,-0.317597,-0.950477,-0.357089,-0.061206,-0.657388,-0.473473,0.261605,-0.884770,-0.274339,-0.071590,-1.837035,1.268315,1.226543,2.755265,-0.030327,0.000407,0.001193,-0.000985,-0.000740,0.000850,-0.000112
26.630029,-0.664220,-0.893968,-0.574317,-0.754768,-1.154616,-0.815965,0.391400,-0.321556,-0.951505,-0.361478,-0.060369,-0.657276,-0.473048,0.261264,-0.884797,-0.274340,-0.071592,-1.837034,1.268316,1.226541,2.755263,-0.029354,0.000167,-0.000101,0.000025,-0.000717,0.000315,-0.000011
26.631035,-0.665489,-0.894614,-0.571590,-0.753107,-1.156668,-0.816509,0.391511,-0.324688,-0.949639,-0.364922,-0.061140,-0.657350,-0.472639,0.260911,-0.884826,-0.274342,-0.071592,-1.837034,1.268317,1.226542,2.755266,-0.029458,-0.001287,0.000180,-0.000344,0.000152,0.000340,0.000431
26.631967,-0.665349,-0.895020,-0.569251,-0.755738,-1.157206,-0.816510,0.390383,-0.327459,-0.944097,-0.367964,-0.063567,-0.657614,-0.472148,0.260541,-0.884854,-0.274342,-0.071592,-1.837039,1.268320,1.226543,2.755263,-0.028678,-0.000760,-0.000005,-0.001982,0.000759,0.000981,-0.001410
26.633049,-0.666968,-0.897225,-0.569271,-0.755598,-1.158790,-0.815897,0.389482,-0.330423,-0.937365,-0.371310,-0.066309,-0.657934,-0.471587,0.260138,-0.884882,-0.274342,-0.071593,-1.837033,1.268317,1.226543,2.755267,-0.028602,-0.000389,-0.000063,0.000469,0.000020,0.001064,-0.000637
26.634036,-0.665934,-0.896917,-0.565360,-0.756986,-1.160903,-0.816315,0.388170,-0.334497,-0.931625,-0.376127,-0.068873,-0.658283,-0.470975,0.259699,-0.884908,-0.274340,-0.071591,-1.837035,1.268315,1.226540,2.755266,-0.027690,0.000897,0.001210,0.000249,0.000116,0.000566,-0.000569
26.635056,-0.665034,-0.895159,-0.562150,-0.757163,-1.161992,-0.814829,0.387844,-0.340320,-0.928265,-0.383240,-0.070960,-0.658633,-0.470310,0.259230,-0.884938,-0.274340,-0.071593,-1.837033,1.268317,1.226541,2.755269,-0.028061,0.000910,0.000420,0.001529,0.000846,0.001079,0.000474
26.635966,-0.667668,-0.898671,-0.559049,-0.756229,-1.161117,-0.815197,0.387725,-0.346387,-0.925856,-0.390767,-0.073311,-0.659054,-0.469699,0.258750,-0.884968,-0.274342,-0.071595,-1.837034,1.268315,1.226539,2.755264,-0.028352,0.000234,0.000048,0.001622,0.000520,-0.000315,-0.000507
26.636993,-0.666170,-0.894269,-0.557632,-0.757459,-1.163652,-0.815434,0.386592,-0.351460,-0.924515,-0.397193,-0.075457,-0.659466,-0.469206,0.258263,-0.884992,-0.274336,-0.071595,-1.837034,1.268311,1.226538,2.755261,-0.026910,0.002116,-0.000434,0.000596,-0.001609,0.000158,-0.001715
26.638124,-0.667639,-0.894044,-0.555366,-0.756852,-1.164433,-0.814944,0.385309,-0.355928,-0.925515,-0.403056,-0.076325,-0.659724,-0.468776,0.257783,-0.885021,-0.274340,-0.071594,-1.837032,1.268314,1.226541,2.755261,-0.027534,0.000104,0.000069,0.001700,-0.000502,0.000474,-0.001074
26.639025,-0.666233,-0.892426,-0.552330,-0.756506,-1.166386,-0.814895,0.383355,-0.360356,-0.925495,-0.409064,-0.077526,-0.660007,-0.468278,0.257355,-0.885045,-0.274340,-0.071596,-1.837034,1.268309,1.226541,2.755260,-0.026724,0.000219,0.000287,0.001022,-0.001270,0.000086,-0.000312
26.640006,-0.666966,-0.893462,-0.549513,-0.755678,-1.167995,-0.815035,0.382934,-0.364743,-0.922764,-0.415215,-0.079698,-0.660381,-0.467649,0.257021,-0.885072,-0.274342,-0.071597,-1.837034,1.268312,1.226544,2.755266,-0.027292,-0.000409,-0.000171,0.000615,-0.000582,0.000111,0.002147
26.641049,-0.666953,-0.894778,-0.546331,-0.754422,-1.168297,-0.815016,0.381620,-0.368311,-0.919327,-0.420529,-0.081594,-0.660690,-0.466999,0.256777,-0.885098,-0.274338,-0.071600,-1.837036,1.268312,1.226541,2.755262,-0.026803,0.000251,-0.000381,-0.000255,-0.000354,0.000360,0.001407
26.642044,-0.666133,-0.891996,-0.542262,-0.756178,-1.169907,-0.814070,0.381277,-0.370618,-0.918917,-0.424432,-0.081157,-0.660702,-0.466468,0.256588,-0.885123,-0.274335,-0.071601,-1.837040,1.268308,1.226542,2.755265,-0.026715,0.001071,-0.000739,-0.001512,-0.001474,0.000434,0.002366
26.643067,-0.668574,-0.890493,-0.539496,-0.756793,-1.172062,-0.813404,0.380063,-0.371234,-0.922237,-0.426346,-0.078132,-0.660397,-0.466139,0.256432,-0.885151,-0.274337,-0.071603,-1.837036,1.268311,1.226540,2.755264,-0.026987,-0.000141,-0.001585,0.000093,-0.001275,-0.000418,0.001448
26.643967,-0.668514,-0.889879,-0.538458,-0.756449,-1.172053,-0.812345,0.380153,-0.370046,-0.923977,-0.426047,-0.075788,-0.660174,-0.465929,0.256309,-0.885175,-0.274339,-0.071604,-1.837034,1.268311,1.226539,2.755266,-0.025671,-0.000675,-0.001740,0.000559,-0.000541,-0.000980,0.002248
26.644956,-0.670127,-0.889370,-0.535994,-0.756739,-1.174058,-0.812963,0.379623,-0.368453,-0.921131,-0.425244,-0.075915,-0.660248,-0.465624,0.256198,-0.885200,-0.274339,-0.071603,-1.837036,1.268309,1.226537,2.755264,-0.025586,-0.000806,-0.001212,0.000160,-0.001804,-0.001946,0.000614
26.646051,-0.669390,-0.890609,-0.532627,-0.755769,-1.177120,-0.813595,0.378914,-0.367868,-0.915129,-0.425717,-0.077642,-0.660509,-0.465097,0.256059,-0.885224,-0.274337,-0.071603,-1.837034,1.268311,1.226541,2.755263,-0.024681,-0.000902,-0.001283,0.000338,-0.001183,-0.001236,0.000104
26.647038,-0.672445,-0.888063,-0.531769,-0.758006,-1.176871,-0.814012,0.378654,-0.368206,-0.908787,-0.427380,-0.079537,-0.660810,-0.464447,0.255877,-0.885249,-0.274337,-0.071605,-1.837038,1.268312,1.226542,2.755263,-0.024978,-0.000082,-0.001656,-0.000651,0.000353,-0.000507,-0.000230
26.647981,-0.670978,-0.891563,-0.529450,-0.756822,-1.179905,-0.814085,0.377976,-0.369359,-0.903073,-0.430086,-0.081337,-0.661145,-0.463750,0.255660,-0.885269,-0.274340,-0.071603,-1.837032,1.268306,1.226543,2.755263,-0.023394,-0.001152,-0.000937,0.001396,-0.001245,-0.000006,-0.001293
26.649009,-0.667952,-0.888548,-0.526171,-0.757731,-1.180792,-0.813451,0.377136,-0.371909,-0.897892,-0.434522,-0.083365,-0.661540,-0.462980,0.255416,-0.885294,-0.274337,-0.071605,-1.837034,1.268309,1.226541,2.755263,-0.024033,0.000754,-0.000970,0.000149,0.000480,0.000162,-0.001437
26.649969,-0.671615,-0.889137,-0.523667,-0.757642,-1.182042,-0.812899,0.376435,-0.374566,-0.894620,-0.439017,-0.084905,-0.661895,-0.462311,0.255150,-0.885323,-0.274339,-0.071607,-1.837032,1.268308,1.226542,2.755263,-0.025412,-0.000574,-0.001377,0.000937,-0.000080,-0.000386,-0.001399
26.650955,-0.666777,-0.888694,-0.524170,-0.757139,-1.183226,-0.813036,0.374815,-0.375977,-0.892247,-0.441808,-0.086301,-0.662239,-0.461837,0.254873,-0.885344,-0.274339,-0.071607,-1.837032,1.268307,1.226542,2.755262,-0.023480,-0.000086,-0.001493,0.000756,-0.000155,-0.000846,-0.001533
26.652006,-0.669593,-0.888659,-0.518279,-0.756304,-1.184588,-0.812380,0.373867,-0.376865,-0.890228,-0.443798,-0.087620,-0.662562,-0.461435,0.254593,-0.885374,-0.274337,-0.071603,-1.837034,1.268304,1.226540,2.755265,-0.025785,-0.000150,-0.000118,0.000195,-0.000324,-0.000601,0.000136
26.652956,-0.667865,-0.889703,-0.519827,-0.757781,-1.185471,-0.813294,0.372773,-0.377232,-0.890205,-0.445019,-0.087664,-0.662711,-0.461108,0.254313,-0.885395,-0.274337,-0.071610,-1.837036,1.268307,1.226539,2.755264,-0.024293,0.000021,-0.001778,-0.000680,-0.000457,-0.001160,0.000339
26.653960,-0.668380,-0.886375,-0.518330,-0.757581,-1.186291,-0.813903,0.372034,-0.377017,-0.892865,-0.445391,-0.086091,-0.662655,-0.460890,0.254033,-0.885422,-0.274337,-0.071607,-1.837032,1.268306,1.226541,2.755268,-0.025039,0.000719,0.000112,0.000647,-0.000885,-0.000148,0.000995
26.655037,-0.665713,-0.887872,-0.514552,-0.757407,-1.189083,-0.813981,0.371334,-0.377495,-0.896404,-0.446505,-0.084174,-0.662559,-0.460664,0.253744,-0.885446,-0.274340,-0.071605,-1.837034,1.268303,1.226543,2.755265,-0.024688,-0.000740,0.000506,0.000395,-0.001443,0.000537,0.000871
26.656006,-0.666351,-0.889992,-0.513162,-0.756082,-1.189584,-0.814289,0.370538,-0.378499,-0.898736,-0.448154,-0.083011,-0.662557,-0.460415,0.253433,-0.885473,-0.274339,-0.071608,-1.837034,1.268307,1.226542,2.755265,-0.025926,0.000208,-0.000082,0.000127,-0.000172,0.000720,0.000547
26.656934,-0.666890,-0.887340,-0.509188,-0.757843,-1.190717,-0.814309,0.370703,-0.378637,-0.902873,-0.448642,-0.080836,-0.662469,-0.460330,0.253083,-0.885498,-0.274333,-0.071605,-1.837038,1.268304,1.226540,2.755263,-0.025485,0.001378,0.000341,-0.001208,-0.001020,0.001130,0.000600
26.658043,-0.665709,-0.890101,-0.505873,-0.757956,-1.193669,-0.814259,0.368942,-0.377714,-0.910553,-0.447787,-0.076713,-0.662213,-0.460452,0.252696,-0.885523,-0.274334,-0.071607,-1.837035,1.268304,1.226542,2.755260,-0.025096,0.000210,-0.000549,0.000417,-0.001167,0.001227,-0.001220
26.659030,-0.665825,-0.882053,-0.504392,-0.758094,-1.194359,-0.812843,0.368455,-0.375454,-0.919178,-0.445264,-0.072359,-0.662005,-0.460768,0.252311,-0.885548,-0.274332,-0.071609,-1.837035,1.268307,1.226544,2.755263,-0.025615,0.001796,-0.000876,0.000417,0.000223,0.001267,0.000549
26.660009,-0.667168,-0.887130,-0.501879,-0.757836,-1.195554,-0.812947,0.368314,-0.371696,-0.924984,-0.440863,-0.069783,-0.662072,-0.461192,0.251968,-0.885573,-0.274341,-0.071609,-1.837035,1.268304,1.226540,2.755263,-0.025448,-0.001988,-0.000448,0.000469,-0.000461,-0.000042,-0.000077
26.660993,-0.667804,-0.885706,-0.496759,-0.758307,-1.197099,-0.813897,0.366968,-0.367639,-0.925492,-0.436077,-0.069825,-0.662477,-0.461483,0.251676,-0.885596,-0.274334,-0.071611,-1.837034,1.268303,1.226541,2.755260,-0.024686,0.000707,-0.000533,0.000114,-0.000618,0.000161,-0.001357
26.662003,-0.666087,-0.885277,-0.498030,-0.756895,-1.198873,-0.812784,0.366636,-0.363702,-0.924245,-0.431442,-0.070665,-0.663017,-0.461685,0.251424,-0.885621,-0.274336,-0.071615,-1.837034,1.268302,1.226542,2.755261,-0.024270,0.000162,-0.001892,0.000497,-0.000434,0.001203,-0.000222
26.662954,-0.665169,-0.885798,-0.495292,-0.757846,-1.199366,-0.812181,0.365047,-0.359636,-0.924176,-0.426655,-0.070783,-0.663523,-0.461898,0.251221,-0.885648,-0.274334,-0.071611,-1.837038,1.268301,1.226540,2.755260,-0.025017,0.000118,-0.000084,-0.000924,-0.000057,0.000182,-0.001188
26.664060,-0.667066,-0.882964,-0.493613,-0.758575,-1.201792,-0.812901,0.364556,-0.355968,-0.925289,-0.422401,-0.069937,-0.663933,-0.462032,0.251075,-0.885674,-0.274334,-0.071613,-1.837036,1.268299,1.226539,2.755264,-0.025354,0.000555,-0.000337,-0.000073,-0.000879,-0.000325,0.000476
26.664946,-0.665548,-0.885170,-0.491874,-0.759221,-1.202638,-0.812403,0.363431,-0.353194,-0.926185,-0.419307,-0.069071,-0.664340,-0.462022,0.250982,-0.885696,-0.274336,-0.071612,-1.837034,1.268300,1.226542,2.755263,-0.024347,-0.000651,0.000130,0.000515,0.000016,0.000496,-0.000330
26.665937,-0.664806,-0.882216,-0.488013,-0.758194,-1.204303,-0.813189,0.362644,-0.351576,-0.924957,-0.417639,-0.069583,-0.664910,-0.461863,0.250918,-0.885721,-0.274334,-0.071612,-1.837032,1.268298,1.226542,2.755266,-0.024996,0.000607,0.000299,0.001034,-0.000370,0.000068,0.000507
26.667063,-0.661715,-0.882211,-0.486979,-0.758338,-1.206205,-0.813298,0.361437,-0.350240,-0.922427,-0.416245,-0.071056,-0.665580,-0.461682,0.250846,-0.885748,-0.274337,-0.071614,-1.837035,1.268299,1.226542,2.755265,-0.025236,-0.000672,-0.000453,-0.000045,-0.000089,0.000964,0.000490
26.668019,-0.661846,-0.885659,-0.485096,-0.757725,-1.205346,-0.812916,0.361433,-0.347643,-0.919007,-0.413172,-0.072926,-0.666256,-0.461638,0.250732,-0.885778,-0.274337,-0.071615,-1.837035,1.268298,1.226543,2.755268,-0.026660,-0.000455,0.000375,0.000012,0.000252,0.001168,0.001098
26.668955,-0.662336,-0.882545,-0.480161,-0.758246,-1.207482,-0.812545,0.360738,-0.343618,-0.917219,-0.408283,-0.073734,-0.666762,-0.461806,0.250538,-0.885803,-0.274333,-0.071613,-1.837036,1.268292,1.226542,2.755266,-0.026460,0.001415,0.000536,-0.000649,-0.001911,0.000872,-0.000437
26.670060,-0.664676,-0.881466,-0.475968,-0.759189,-1.209222,-0.811969,0.359117,-0.338459,-0.919594,-0.402037,-0.072200,-0.666953,-0.462188,0.250236,-0.885829,-0.274337,-0.071615,-1.837035,1.268292,1.226542,2.755266,-0.026092,0.000040,-0.000818,-0.000242,-0.001053,0.000593,-0.000532
26.671050,-0.660975,-0.882553,-0.474345,-0.757661,-1.210684,-0.812334,0.359079,-0.332058,-0.922337,-0.394264,-0.070419,-0.667082,-0.462682,0.249851,-0.885851,-0.274339,-0.071617,-1.837032,1.268293,1.226542,2.755268,-0.024870,-0.000262,-0.001586,0.000559,-0.000866,0.000119,0.000949
26.672006,-0.663829,-0.882386,-0.476625,-0.757630,-1.212292,-0.812423,0.358035,-0.324416,-0.923390,-0.384917,-0.069514,-0.667293,-0.463225,0.249415,-0.885880,-0.274336,-0.071617,-1.837036,1.268294,1.226544,2.755263,-0.026595,0.000435,-0.001221,-0.000986,-0.000793,0.000577,-0.000568
26.673034,-0.664198,-0.881736,-0.470939,-0.758286,-1.213159,-0.812335,0.357085,-0.312306,-0.929685,-0.370242,-0.064821,-0.667318,-0.463960,0.248428,-0.885926,-0.274335,-0.071615,-1.837038,1.268287,1.226542,2.755264,-0.024809,0.000372,-0.000639,-0.000470,-0.001028,0.000770,0.000260
26.673987,-0.665001,-0.882056,-0.469488,-0.760419,-1.213908,-0.813135,0.356655,-0.309623,-0.933069,-0.367080,-0.062496,-0.667326,-0.463998,0.247931,-0.885950,-0.274333,-0.071613,-1.837032,1.268286,1.226543,2.755263,-0.024308,0.000685,-0.000242,0.001457,-0.001595,0.001664,-0.000409
26.674948,-0.665294,-0.879019,-0.467835,-0.758746,-1.214906,-0.812350,0.355802,-0.309623,-0.933069,-0.367080,-0.062496,-0.667326,-0.463998,0.247931,-0.885950,-0.274333,-0.071613,-1.837032,1.268286,1.226543,2.755263,-0.024308,0.000685,-0.000242,0.001457,-0.001595,0.001664,-0.000409
26.676041,-0.665878,-0.881151,-0.464496,-0.758391,-1.215158,-0.813019,0.354670,-0.308410,-0.933797,-0.365602,-0.062006,-0.667554,-0.463875,0.247460,-0.885973,-0.274337,-0.071613,-1.837036,1.268284,1.226542,2.755263,-0.024074,-0.000630,0.000055,-0.000242,-0.001913,0.000959,-0.000235
26.677072,-0.663810,-0.877213,-0.459694,-0.759407,-1.216847,-0.813183,0.353782,-0.308760,-0.932880,-0.365872,-0.062230,-0.667847,-0.463550,0.247022,-0.885996,-0.274333,-0.071613,-1.837038,1.268282,1.226543,2.755265,-0.023725,0.000616,-0.000328,-0.000638,-0.003177,0.001741,0.000277
26.677951,-0.664713,-0.878948,-0.460604,-0.759501,-1.217840,-0.811973,0.353074,-0.309041,-0.931374,-0.365837,-0.062378,-0.668118,-0.463205,0.246610,-0.886024,-0.274337,-0.071615,-1.837036,1.268280,1.226544,2.755266,-0.024640,-0.001151,-0.001501,0.000259,-0.002889,0.001992,0.000398
26.679125,-0.668990,-0.876219,-0.457404,-0.760557,-1.220227,-0.810878,0.352803,-0.308203,-0.927705,-0.364202,-0.063552,-0.668525,-0.462942,0.246214,-0.886047,-0.274335,-0.071613,-1.837036,1.268278,1.226540,2.755266,-0.024071,-0.000116,-0.000013,0.000267,-0.003118,0.000876,0.000401
26.679987,-0.666822,-0.879238,-0.456632,-0.759682,-1.221909,-0.811776,0.351530,-0.308396,-0.921220,-0.363697,-0.066286,-0.669147,-0.462512,0.245813,-0.886066,-0.274339,-0.071613,-1.837035,1.268279,1.226540,2.755263,-0.021919,-0.001243,-0.000244,0.001186,-0.002363,-0.000111,-0.000932
26.680985,-0.666619,-0.875934,-0.453394,-0.761149,-1.221833,-0.811873,0.351409,-0.311301,-0.913430,-0.366465,-0.069882,-0.669910,-0.461765,0.245400,-0.886090,-0.274335,-0.071613,-1.837036,1.268280,1.226540,2.755266,-0.022916,0.000406,0.000388,0.000261,-0.001894,0.000889,0.000246
26.681985,-0.667259,-0.878661,-0.454369,-0.760681,-1.224235,-0.812337,0.350154,-0.315610,-0.905994,-0.370926,-0.073508,-0.670731,-0.460902,0.244981,-0.886113,-0.274339,-0.071613,-1.837032,1.268275,1.226541,2.755262,-0.022938,-0.001050,-0.000062,0.001571,-0.003331,0.001068,-0.001118
26.682934,-0.665992,-0.877753,-0.448650,-0.759410,-1.225142,-0.810696,0.349913,-0.320517,-0.899102,-0.376143,-0.077136,-0.671611,-0.460042,0.244568,-0.886133,-0.274335,-0.071608,-1.837032,1.268274,1.226542,2.755264,-0.022564,0.000476,0.001557,0.000997,-0.002297,0.001620,-0.000194
26.683983,-0.666971,-0.877876,-0.446574,-0.759602,-1.225704,-0.810482,0.348509,-0.325807,-0.894805,-0.381905,-0.079485,-0.672398,-0.459224,0.244169,-0.886157,-0.274336,-0.071611,-1.837036,1.268270,1.226540,2.755261,-0.023106,0.000194,-0.000184,-0.000272,-0.002686,0.000065,-0.001239
26.684965,-0.667391,-0.876517,-0.441429,-0.760634,-1.227708,-0.811442,0.347630,-0.330062,-0.894798,-0.386448,-0.079231,-0.672919,-0.458562,0.243795,-0.886180,-0.274335,-0.071611,-1.837036,1.268265,1.226542,2.755263,-0.022545,0.000437,0.000033,-0.000157,-0.003539,-0.000049,-0.000096
26.686079,-0.668787,-0.877100,-0.438061,-0.761521,-1.229472,-0.810001,0.347607,-0.332379,-0.896932,-0.388603,-0.077580,-0.673302,-0.458113,0.243463,-0.886202,-0.274337,-0.071615,-1.837035,1.268261,1.226544,2.755264,-0.022265,-0.000049,-0.001345,0.000754,-0.002851,0.001002,0.000078
26.687058,-0.666506,-0.877282,-0.440101,-0.759012,-1.229852,-0.810170,0.346059,-0.332605,-0.898537,-0.388124,-0.076450,-0.673786,-0.457904,0.243180,-0.886223,-0.274335,-0.071617,-1.837031,1.268260,1.226543,2.755257,-0.021535,0.000435,-0.001684,0.001449,-0.002638,-0.000350,-0.001649
26.688008,-0.667851,-0.878241,-0.436532,-0.760011,-1.230919,-0.811370,0.344900,-0.331842,-0.900493,-0.386369,-0.075296,-0.674291,-0.457829,0.242939,-0.886249,-0.274333,-0.071612,-1.837036,1.268254,1.226542,2.755262,-0.022578,0.000677,0.000446,-0.001041,-0.003574,-0.000068,-0.000108
26.688955,-0.667948,-0.873350,-0.434385,-0.760887,-1.232575,-0.810772,0.344027,-0.331667,-0.905852,-0.385381,-0.072063,-0.674550,-0.457760,0.242733,-0.886269,-0.274330,-0.071611,-1.837035,1.268252,1.226544,2.755265,-0.021829,0.001301,-0.000252,-0.000135,-0.003803,0.001222,0.000671
26.690059,-0.667645,-0.874279,-0.432261,-0.758794,-1.231356,-0.810364,0.344067,-0.332115,-0.912027,-0.385237,-0.068258,-0.674746,-0.457663,0.242552,-0.886292,-0.274336,-0.071611,-1.837032,1.268248,1.226543,2.755268,-0.021706,-0.000933,-0.000213,0.000607,-0.003430,0.000700,0.000886
26.690945,-0.665357,-0.872644,-0.429413,-0.760827,-1.231693,-0.810380,0.343122,-0.332864,-0.914894,-0.385512,-0.065945,-0.675124,-0.457460,0.242368,-0.886314,-0.274335,-0.071613,-1.837038,1.268237,1.226542,2.755263,-0.021805,-0.000257,0.000049,-0.001474,-0.006108,0.000403,-0.000962
26.691980,-0.665973,-0.877992,-0.425782,-0.759569,-1.232548,-0.810982,0.341712,-0.333264,-0.915117,-0.385400,-0.064491,-0.675604,-0.457189,0.242147,-0.886339,-0.274338,-0.071613,-1.837035,1.268231,1.226542,2.755264,-0.022838,-0.000882,-0.000331,0.000435,-0.006926,0.000507,-0.000469
26.692968,-0.666955,-0.877628,-0.422494,-0.761180,-1.231598,-0.810898,0.341822,-0.332041,-0.916138,-0.383326,-0.062511,-0.676073,-0.457099,0.241885,-0.886360,-0.274331,-0.071613,-1.837038,1.268222,1.226542,2.755267,-0.022470,0.001927,-0.000928,-0.000850,-0.007423,0.001213,0.000689
26.693954,-0.664363,-0.873259,-0.424095,-0.761239,-1.231403,-0.811372,0.340106,-0.328905,-0.922424,-0.378924,-0.058166,-0.676388,-0.457368,0.241575,-0.886381,-0.274333,-0.071615,-1.837035,1.268211,1.226540,2.755263,-0.021928,0.001917,-0.001386,0.000625,-0.009654,0.001230,-0.001125
26.694977,-0.663940,-0.874137,-0.422230,-0.762627,-1.230216,-0.812292,0.339650,-0.325036,-0.931564,-0.373607,-0.052781,-0.676737,-0.457827,0.241224,-0.886405,-0.274337,-0.071613,-1.837033,1.268197,1.226539,2.755266,-0.023145,-0.000057,0.000571,0.000537,-0.011082,0.001808,0.000754
26.695998,-0.665242,-0.874304,-0.419190,-0.761478,-1.228708,-0.811719,0.339067,-0.321791,-0.937445,-0.369021,-0.049446,-0.677494,-0.458207,0.240860,-0.886427,-0.274335,-0.071611,-1.837029,1.268178,1.226542,2.755264,-0.023280,0.000576,0.000805,0.001748,-0.013512,0.002807,0.000009
26.696941,-0.663942,-0.873556,-0.416319,-0.761370,-1.226923,-0.810144,0.338008,-0.319600,-0.940583,-0.365721,-0.047784,-0.678651,-0.458472,0.240492,-0.886448,-0.274335,-0.071613,-1.837031,1.268156,1.226543,2.755262,-0.022579,0.000842,0.000499,0.000524,-0.016230,0.002310,-0.000445
26.697924,-0.665670,-0.872513,-0.414513,-0.762933,-1.224893,-0.808490,0.337157,-0.318036,-0.944048,-0.363156,-0.045780,-0.680001,-0.458664,0.240125,-0.886472,-0.274335,-0.071612,-1.837031,1.268130,1.226540,2.755263,-0.023135,0.000636,0.000171,0.000342,-0.019077,0.000832,0.000171
26.699003,-0.665135,-0.874471,-0.411798,-0.761336,-1.224425,-0.809274,0.335913,-0.316915,-0.947375,-0.361012,-0.043471,-0.681555,-0.458726,0.239786,-0.886492,-0.274335,-0.071612,-1.837027,1.268103,1.226538,2.755263,-0.022220,0.000287,0.000431,0.001742,-0.022209,-0.000715,0.000291
26.700046,-0.663030,-0.870045,-0.409071,-0.762621,-1.222978,-0.808914,0.335893,-0.316645,-0.950525,-0.359750,-0.041049,-0.683338,-0.458617,0.239490,-0.886513,-0.274332,-0.071613,-1.837031,1.268077,1.226541,2.755266,-0.022451,0.001449,0.000347,0.000114,-0.023902,0.000174,0.001051
26.700965,-0.664553,-0.870887,-0.405516,-0.762971,-1.221043,-0.808244,0.334960,-0.316602,-0.954028,-0.358596,-0.038215,-0.685280,-0.458437,0.239222,-0.886539,-0.274338,-0.071611,-1.837027,1.268043,1.226542,2.755260,-0.023406,-0.000538,0.000188,0.001242,-0.026479,-0.000101,-0.000579
26.702015,-0.665792,-0.872704,-0.404204,-0.764147,-1.222774,-0.808700,0.334415,-0.315646,-0.955143,-0.356143,-0.036479,-0.687479,-0.458263,0.238976,-0.886560,-0.274337,-0.071613,-1.837025,1.268008,1.226539,2.755262,-0.022565,0.000058,-0.000496,0.001459,-0.029344,-0.000670,-0.000171
26.703002,-0.665925,-0.868147,-0.400178,-0.760818,-1.225423,-0.808732,0.333467,-0.314342,-0.954177,-0.353145,-0.036165,-0.689878,-0.458080,0.238738,-0.886580,-0.274335,-0.071611,-1.837021,1.267982,1.226539,2.755263,-0.021942,0.001163,0.000243,0.002444,-0.028967,-0.000097,-0.000905
26.703989,-0.667975,-0.869432,-0.396377,-0.763293,-1.226572,-0.808726,0.332124,-0.313849,-0.953429,-0.351094,-0.036062,-0.692217,-0.457833,0.238479,-0.886602,-0.274341,-0.071613,-1.837029,1.267957,1.226538,2.755264,-0.021902,-0.000817,-0.000101,-0.000874,-0.028000,0.000060,-0.000984
26.704979,-0.665130,-0.869316,-0.396196,-0.762495,-1.228538,-0.808719,0.331302,-0.314305,-0.952241,-0.350145,-0.036080,-0.694375,-0.457478,0.238180,-0.886620,-0.274339,-0.071613,-1.837023,1.267929,1.226538,2.755266,-0.020923,0.000092,-0.000335,0.001390,-0.028503,0.000177,-0.000271
26.705951,-0.664891,-0.868073,-0.389831,-0.761413,-1.230099,-0.808733,0.330231,-0.315734,-0.950614,-0.350329,-0.036550,-0.696344,-0.457056,0.237838,-0.886646,-0.274339,-0.071609,-1.837025,1.267900,1.226541,2.755265,-0.022343,0.000286,0.001204,0.000482,-0.028181,0.000274,-0.000612
26.706938,-0.662938,-0.867854,-0.386995,-0.761914,-1.232825,-0.807744,0.329587,-0.317378,-0.949990,-0.350742,-0.036819,-0.698019,-0.456693,0.237456,-0.886669,-0.274339,-0.071610,-1.837027,1.267873,1.226542,2.755265,-0.022445,-0.000088,-0.000357,-0.000681,-0.028245,0.000402,-0.000410
26.708019,-0.663629,-0.870613,-0.383171,-0.761862,-1.236265,-0.807308,0.328151,-0.317355,-0.950648,-0.349109,-0.036431,-0.699341,-0.456545,0.237049,-0.886695,-0.274339,-0.071610,-1.837027,1.267849,1.226543,2.755260,-0.023404,0.000059,-0.000099,-0.000308,-0.027203,-0.000476,-0.001084
26.708982,-0.662981,-0.867892,-0.380567,-0.762801,-1.239584,-0.806448,0.326573,-0.315151,-0.953426,-0.344916,-0.035197,-0.700354,-0.456679,0.236639,-0.886717,-0.274334,-0.071612,-1.837027,1.267828,1.226540,2.755262,-0.023086,0.001682,-0.000170,-0.000513,-0.025655,-0.000758,-0.000371
26.709953,-0.666242,-0.866800,-0.375059,-0.761335,-1.242172,-0.805493,0.325794,-0.311700,-0.958656,-0.339464,-0.033314,-0.701181,-0.457024,0.236248,-0.886740,-0.274338,-0.071611,-1.837025,1.267808,1.226538,2.755266,-0.023409,0.000592,0.000134,0.000264,-0.024014,-0.001487,0.000850
26.710981,-0.663080,-0.866675,-0.371261,-0.761205,-1.242722,-0.805873,0.324499,-0.307863,-0.963546,-0.333888,-0.032074,-0.702058,-0.457392,0.235890,-0.886759,-0.274339,-0.071614,-1.837029,1.267783,1.226537,2.755265,-0.021814,0.000314,-0.000961,-0.001262,-0.023089,-0.002321,0.000455
26.711941,-0.666255,-0.863524,-0.368291,-0.761098,-1.244358,-0.806567,0.323551,-0.303453,-0.967211,-0.327943,-0.031381,-0.703041,-0.457725,0.235553,-0.886786,-0.274337,-0.071616,-1.837031,1.267757,1.226539,2.755266,-0.023386,0.000503,-0.001103,-0.001472,-0.024302,-0.001809,0.000992
26.713058,-0.665822,-0.862190,-0.366172,-0.761882,-1.245998,-0.806727,0.322358,-0.298173,-0.969609,-0.321223,-0.030940,-0.704146,-0.458053,0.235221,-0.886805,-0.274339,-0.071616,-1.837032,1.267734,1.226540,2.755268,-0.021813,-0.000813,-0.000967,-0.001664,-0.024302,-0.001001,0.000956
26.714060,-0.664618,-0.861761,-0.362290,-0.761858,-1.246329,-0.807656,0.321520,-0.293350,-0.968190,-0.315334,-0.032108,-0.705556,-0.458228,0.234882,-0.886828,-0.274339,-0.071615,-1.837032,1.267708,1.226542,2.755269,-0.022096,-0.001180,-0.000160,-0.001020,-0.024581,-0.000714,0.001107
26.715041,-0.667201,-0.864018,-0.362669,-0.762621,-1.246789,-0.808025,0.320312,-0.289605,-0.962259,-0.311030,-0.035428,-0.707344,-0.458206,0.234511,-0.886850,-0.274341,-0.071617,-1.837035,1.267680,1.226541,2.755268,-0.022717,-0.001108,-0.000407,-0.001133,-0.025940,0.000349,0.000777
26.715995,-0.668560,-0.864547,-0.357642,-0.762896,-1.248110,-0.806398,0.320001,-0.287224,-0.955049,-0.308678,-0.039466,-0.709313,-0.458063,0.234079,-0.886869,-0.274337,-0.071611,-1.837033,1.267650,1.226541,2.755269,-0.021461,0.000244,0.001387,-0.000528,-0.027092,0.000834,0.001235
26.717044,-0.667487,-0.863678,-0.354093,-0.763151,-1.249193,-0.806769,0.319337,-0.287588,-0.950440,-0.309969,-0.042438,-0.711195,-0.457747,0.233568,-0.886887,-0.274335,-0.071613,-1.837033,1.267625,1.226537,2.755266,-0.020837,0.000728,0.000468,-0.000395,-0.027376,-0.000670,-0.000058
26.717938,-0.666942,-0.864163,-0.349198,-0.762230,-1.252229,-0.806720,0.318373,-0.290032,-0.949208,-0.313951,-0.043985,-0.712880,-0.457325,0.232988,-0.886909,-0.274335,-0.071610,-1.837035,1.267596,1.226541,2.755263,-0.021423,0.000554,0.000440,-0.000231,-0.028057,-0.000170,-0.000812
26.719012,-0.667344,-0.862580,-0.346665,-0.762329,-1.253891,-0.806521,0.317254,-0.292139,-0.950676,-0.317478,-0.044269,-0.714325,-0.457012,0.232378,-0.886931,-0.274335,-0.071612,-1.837037,1.267570,1.226538,2.755265,-0.021680,0.001032,-0.000489,-0.001226,-0.026487,-0.000098,-0.000669
26.719990,-0.668866,-0.858629,-0.343367,-0.763862,-1.253732,-0.808030,0.316650,-0.292775,-0.954451,-0.319058,-0.043219,-0.715477,-0.456903,0.231785,-0.886952,-0.274335,-0.071610,-1.837038,1.267543,1.226537,2.755263,-0.021532,0.000516,0.000039,-0.001229,-0.026673,-0.000156,-0.000572
26.720962,-0.666224,-0.858789,-0.343070,-0.762746,-1.255205,-0.806931,0.315293,-0.292737,-0.956710,-0.319625,-0.042720,-0.716518,-0.456838,0.231250,-0.886972,-0.274339,-0.071610,-1.837036,1.267512,1.226541,2.755260,-0.020799,-0.001170,0.000028,0.000141,-0.028449,0.001465,-0.001316
26.722066,-0.668199,-0.862971,-0.338510,-0.761551,-1.258525,-0.806870,0.313493,-0.293196,-0.953768,-0.320611,-0.044631,-0.717643,-0.456631,0.230801,-0.886996,-0.274341,-0.071607,-1.837040,1.267485,1.226542,2.755262,-0.022130,-0.000795,0.001485,-0.001036,-0.028586,0.000459,-0.000540
26.723159,-0.667766,-0.861093,-0.332432,-0.762936,-1.259692,-0.805195,0.311995,-0.294607,-0.950562,-0.322669,-0.046130,-0.718544,-0.456317,0.230433,-0.887016,-0.274335,-0.071607,-1.837043,1.267463,1.226539,2.755264,-0.021193,0.001533,0.001043,-0.002321,-0.027183,0.000558,0.000852
26.724020,-0.669327,-0.860610,-0.332680,-0.764405,-1.261426,-0.805860,0.311772,-0.296245,-0.952761,-0.324971,-0.044319,-0.718957,-0.456082,0.230124,-0.887038,-0.274336,-0.071608,-1.837043,1.267433,1.226537,2.755266,-0.021471,0.000866,-0.000149,-0.001059,-0.027878,-0.000982,0.001647
26.725031,-0.670508,-0.861224,-0.328074,-0.764775,-1.259742,-0.805479,0.310351,-0.297706,-0.957359,-0.327010,-0.041269,-0.719206,-0.455928,0.229866,-0.887057,-0.274337,-0.071604,-1.837039,1.267406,1.226537,2.755262,-0.020685,0.000861,0.001398,0.000208,-0.027543,-0.000190,0.000366
26.725999,-0.670585,-0.858413,-0.324562,-0.764536,-1.262777,-0.804695,0.309843,-0.300148,-0.960914,-0.330244,-0.039147,-0.719602,-0.455691,0.229641,-0.887078,-0.274333,-0.071605,-1.837038,1.267371,1.226537,2.755266,-0.020143,0.001392,0.000793,0.000421,-0.030892,-0.000455,0.001191
26.726980,-0.671318,-0.857591,-0.324511,-0.765580,-1.263872,-0.803948,0.309183,-0.303676,-0.963028,-0.334793,-0.037961,-0.720179,-0.455331,0.229423,-0.887096,-0.274336,-0.071605,-1.837038,1.267345,1.226537,2.755263,-0.020163,0.000260,0.000667,0.000043,-0.029438,-0.001119,0.000268
26.728008,-0.669256,-0.854524,-0.320822,-0.764568,-1.266389,-0.803810,0.307738,-0.308241,-0.961947,-0.340522,-0.038330,-0.721027,-0.454774,0.229199,-0.887114,-0.274335,-0.071602,-1.837036,1.267315,1.226536,2.755265,-0.019858,0.000099,0.002265,0.000925,-0.029982,-0.001738,-0.000379
26.728963,-0.670701,-0.856327,-0.315265,-0.763898,-1.267188,-0.803962,0.306970,-0.314287,-0.956030,-0.347943,-0.040962,-0.722232,-0.453919,0.228969,-0.887136,-0.274337,-0.071600,-1.837040,1.267287,1.226537,2.755264,-0.020923,-0.001157,0.002107,-0.000149,-0.029171,-0.001747,0.000476
26.730021,-0.673560,-0.857794,-0.312585,-0.765272,-1.269139,-0.804902,0.305614,-0.325543,-0.940004,-0.361407,-0.046933,-0.725017,-0.452074,0.228462,-0.887171,-0.274333,-0.071600,-1.837039,1.267222,1.226542,2.755265,-0.018898,0.000978,0.001378,0.000272,-0.029709,-0.000424,0.000686
26.730968,-0.673717,-0.856697,-0.311183,-0.766021,-1.268660,-0.805023,0.304326,-0.325543,-0.940004,-0.361407,-0.046933,-0.725017,-0.452074,0.228462,-0.887171,-0.274333,-0.071600,-1.837039,1.267222,1.226542,2.755265,-0.018898,0.000978,0.001378,0.000272,-0.029709,-0.000424,0.000686
26.731943,-0.675464,-0.858432,-0.304079,-0.765508,-1.269668,-0.803951,0.303419,-0.331226,-0.936233,-0.368175,-0.047761,-0.726313,-0.451302,0.228183,-0.887190,-0.274334,-0.071597,-1.837035,1.267187,1.226540,2.755267,-0.018876,0.000677,0.002239,0.000809,-0.031711,-0.000187,0.001364
26.733000,-0.675467,-0.858340,-0.301625,-0.765019,-1.271505,-0.803798,0.302314,-0.337629,-0.935450,-0.375830,-0.047428,-0.727536,-0.450606,0.227893,-0.887207,-0.274330,-0.071600,-1.837037,1.267154,1.226538,2.755266,-0.018070,0.001765,0.000343,0.000185,-0.032269,-0.001134,0.001225
26.734046,-0.674871,-0.852776,-0.298652,-0.766580,-1.272051,-0.804555,0.301318,-0.348358,-0.944221,-0.388352,-0.041567,-0.729369,-0.449745,0.227259,-0.887243,-0.274334,-0.071596,-1.837035,1.267084,1.226541,2.755266,-0.018537,-0.000502,0.001139,0.000949,-0.033301,-0.000272,0.001220
26.734962,-0.676475,-0.849355,-0.295369,-0.765730,-1.274010,-0.803267,0.300394,-0.348358,-0.944221,-0.388352,-0.041567,-0.729369,-0.449745,0.227259,-0.887243,-0.274334,-0.071596,-1.837035,1.267084,1.226541,2.755266,-0.018537,-0.000502,0.001139,0.000949,-0.033301,-0.000272,0.001220
26.735992,-0.677301,-0.853044,-0.287978,-0.766052,-1.275093,-0.804330,0.299438,-0.352689,-0.942945,-0.393176,-0.041340,-0.730491,-0.449300,0.226960,-0.887260,-0.274338,-0.071596,-1.837037,1.267051,1.226538,2.755265,-0.017786,-0.001916,0.001024,0.000005,-0.032783,-0.001449,0.001241
26.736990,-0.679021,-0.852996,-0.287075,-0.764559,-1.278386,-0.803932,0.299048,-0.355975,-0.935084,-0.396598,-0.044217,-0.731872,-0.448794,0.226682,-0.887277,-0.274334,-0.071601,-1.837035,1.267016,1.226540,2.755267,-0.017468,0.000182,-0.000892,0.000167,-0.033369,-0.000244,0.001083
26.738076,-0.678339,-0.852479,-0.280771,-0.765829,-1.277704,-0.804459,0.297615,-0.357851,-0.928100,-0.398191,-0.046453,-0.733124,-0.448459,0.226384,-0.887293,-0.274334,-0.071598,-1.837039,1.266986,1.226541,2.755264,-0.016693,0.000397,0.000331,-0.001393,-0.031704,-0.000536,-0.000131
26.738930,-0.678352,-0.851615,-0.281036,-0.766478,-1.278448,-0.804092,0.297562,-0.358816,-0.925504,-0.398594,-0.046307,-0.734095,-0.448348,0.226043,-0.887308,-0.274334,-0.071600,-1.837035,1.266946,1.226542,2.755264,-0.017167,0.000418,-0.001002,-0.000320,-0.034145,0.000130,0.000579
26.739996,-0.677538,-0.853286,-0.276482,-0.765284,-1.278186,-0.804542,0.295859,-0.359030,-0.925164,-0.398045,-0.045129,-0.734964,-0.448411,0.225660,-0.887326,-0.274334,-0.071595,-1.837033,1.266909,1.226539,2.755259,-0.017190,0.000206,0.000541,0.000163,-0.034688,-0.000124,-0.001023
26.740995,-0.681198,-0.851115,-0.270585,-0.766606,-1.279334,-0.804076,0.295336,-0.358837,-0.926638,-0.397063,-0.043258,-0.735765,-0.448590,0.225246,-0.887343,-0.274330,-0.071598,-1.837037,1.266869,1.226541,2.755262,-0.017695,0.001286,0.000071,-0.001113,-0.036647,0.000454,0.000270
26.742003,-0.680590,-0.852415,-0.268433,-0.765919,-1.280372,-0.804491,0.294715,-0.358189,-0.930776,-0.395640,-0.040103,-0.736420,-0.448874,0.224828,-0.887355,-0.274333,-0.071603,-1.837035,1.266834,1.226539,2.755261,-0.015980,0.000480,-0.001153,0.000052,-0.037077,0.000118,-0.000704
26.742924,-0.681350,-0.848524,-0.267505,-0.766354,-1.281720,-0.802867,0.293195,-0.357017,-0.936377,-0.393632,-0.036329,-0.737012,-0.449233,0.224429,-0.887373,-0.274330,-0.071603,-1.837038,1.266793,1.226538,2.755258,-0.016375,0.001368,-0.000515,-0.000696,-0.037606,0.000671,-0.001462
26.744016,-0.681552,-0.850857,-0.264166,-0.767567,-1.283133,-0.803764,0.292531,-0.356471,-0.941669,-0.392397,-0.032748,-0.737610,-0.449488,0.224067,-0.887387,-0.274335,-0.071599,-1.837035,1.266755,1.226537,2.755260,-0.016084,-0.000300,0.000524,-0.000451,-0.037674,-0.000857,-0.000255
26.744923,-0.683329,-0.848842,-0.258912,-0.765999,-1.284580,-0.803434,0.291032,-0.357584,-0.944916,-0.393207,-0.030300,-0.738272,-0.449490,0.223771,-0.887402,-0.274332,-0.071598,-1.837035,1.266718,1.226541,2.755259,-0.016112,0.001144,0.000677,0.000613,-0.038017,0.000178,-0.001128
26.745924,-0.682511,-0.848535,-0.256275,-0.768411,-1.286937,-0.803300,0.290181,-0.359832,-0.946814,-0.395419,-0.028779,-0.738932,-0.449338,0.223542,-0.887416,-0.274334,-0.071600,-1.837040,1.266681,1.226539,2.755264,-0.015310,0.000372,-0.000411,-0.000970,-0.037975,-0.000040,0.000059
26.747093,-0.682633,-0.850125,-0.254201,-0.767498,-1.288427,-0.802853,0.288679,-0.361960,-0.947665,-0.397454,-0.027993,-0.739535,-0.449186,0.223360,-0.887433,-0.274333,-0.071600,-1.837035,1.266647,1.226539,2.755265,-0.015813,0.000479,-0.000039,0.001210,-0.037226,-0.000048,-0.000261
26.747980,-0.683649,-0.848930,-0.248436,-0.768415,-1.290761,-0.802439,0.287194,-0.363835,-0.947356,-0.399160,-0.028187,-0.740110,-0.449072,0.223190,-0.887450,-0.274329,-0.071598,-1.837038,1.266608,1.226538,2.755266,-0.015870,0.001543,0.000869,0.000196,-0.037637,-0.000346,0.000410
26.749004,-0.683894,-0.849392,-0.248143,-0.767435,-1.292036,-0.801797,0.286270,-0.366997,-0.949276,-0.401994,-0.028259,-0.740879,-0.449052,0.222789,-0.887479,-0.274327,-0.071600,-1.837040,1.266531,1.226537,2.755265,-0.015433,0.001644,0.001082,-0.000071,-0.036992,-0.001157,0.001401
26.749935,-0.684895,-0.847881,-0.244830,-0.767906,-1.292803,-0.802645,0.285360,-0.366997,-0.949276,-0.401994,-0.028259,-0.740879,-0.449052,0.222789,-0.887479,-0.274327,-0.071600,-1.837040,1.266531,1.226537,2.755265,-0.015433,0.001644,0.001082,-0.000071,-0.036992,-0.001157,0.001401
26.751064,-0.685848,-0.841789,-0.237377,-0.768173,-1.295517,-0.802935,0.284903,-0.369053,-0.951856,-0.404124,-0.027413,-0.741023,-0.448993,0.222521,-0.887493,-0.274327,-0.071600,-1.837039,1.266492,1.226541,2.755266,-0.015029,0.001119,0.000974,0.000265,-0.037660,-0.000207,0.001359
26.752023,-0.684191,-0.848379,-0.234282,-0.767439,-1.295350,-0.802435,0.283552,-0.371154,-0.951631,-0.406349,-0.027688,-0.741232,-0.448825,0.222192,-0.887506,-0.274335,-0.071603,-1.837037,1.266456,1.226542,2.755263,-0.014717,-0.001562,-0.000828,0.000334,-0.036774,0.000217,0.000013
26.753003,-0.688756,-0.842705,-0.231291,-0.768059,-1.297375,-0.802834,0.283295,-0.371143,-0.947546,-0.405920,-0.029617,-0.741611,-0.448753,0.221807,-0.887523,-0.274326,-0.071603,-1.837041,1.266411,1.226539,2.755265,-0.015629,0.001933,-0.000745,-0.000457,-0.038390,-0.000160,0.000810
26.753931,-0.686243,-0.846050,-0.230787,-0.766799,-1.298679,-0.804199,0.282412,-0.367503,-0.941564,-0.400528,-0.031486,-0.742192,-0.448951,0.220871,-0.887548,-0.274328,-0.071599,-1.837043,1.266335,1.226542,2.755262,-0.014851,0.001280,0.000681,-0.001290,-0.038009,0.001842,-0.000723
26.755050,-0.686251,-0.842803,-0.226448,-0.768021,-1.301185,-0.803448,0.280003,-0.367503,-0.941564,-0.400528,-0.031486,-0.742192,-0.448951,0.220871,-0.887548,-0.274328,-0.071599,-1.837043,1.266335,1.226542,2.755262,-0.014851,0.001280,0.000681,-0.001290,-0.038009,0.001842,-0.000723
26.756000,-0.687960,-0.843663,-0.222464,-0.768754,-1.301039,-0.802686,0.280156,-0.366539,-0.940479,-0.398887,-0.031015,-0.742362,-0.449007,0.220353,-0.887562,-0.274330,-0.071601,-1.837041,1.266298,1.226540,2.755269,-0.014977,-0.000058,0.000395,-0.000242,-0.037318,0.001227,0.001856
26.756914,-0.688479,-0.842901,-0.222905,-0.768041,-1.301675,-0.801549,0.278166,-0.365593,-0.939320,-0.397267,-0.030614,-0.742593,-0.449080,0.219827,-0.887575,-0.274328,-0.071601,-1.837039,1.266254,1.226539,2.755262,-0.014230,0.000614,0.000000,0.000319,-0.038896,0.000588,-0.000370
26.757975,-0.688173,-0.840873,-0.214850,-0.768316,-1.302951,-0.801323,0.277926,-0.365406,-0.937349,-0.396625,-0.030716,-0.742926,-0.449042,0.219297,-0.887588,-0.274327,-0.071597,-1.837041,1.266211,1.226536,2.755266,-0.014077,0.000443,0.001728,-0.000487,-0.039609,-0.000423,0.001810
26.758963,-0.690271,-0.840552,-0.214244,-0.769127,-1.303229,-0.801158,0.276594,-0.366130,-0.935126,-0.397188,-0.030748,-0.743259,-0.448834,0.218765,-0.887602,-0.274330,-0.071602,-1.837041,1.266171,1.226537,2.755264,-0.014374,-0.000261,-0.000489,-0.000343,-0.040005,-0.000518,0.000136
26.759989,-0.686638,-0.841396,-0.208317,-0.769793,-1.305765,-0.802106,0.275866,-0.366621,-0.931356,-0.397475,-0.031375,-0.743647,-0.448540,0.218241,-0.887613,-0.274328,-0.071600,-1.837039,1.266127,1.226539,2.755264,-0.013457,-0.000175,0.000878,0.000290,-0.041223,-0.000569,0.000848
26.760984,-0.689319,-0.841537,-0.207284,-0.768271,-1.307845,-0.801276,0.275031,-0.366157,-0.926293,-0.396531,-0.032881,-0.744125,-0.448299,0.217736,-0.887631,-0.274328,-0.071604,-1.837039,1.266088,1.226542,2.755263,-0.015374,0.000519,-0.000335,0.000810,-0.040282,0.000503,0.000244
26.762038,-0.690876,-0.841633,-0.203472,-0.769305,-1.307557,-0.801851,0.273557,-0.362166,-0.922396,-0.390773,-0.033436,-0.744768,-0.448302,0.216789,-0.887653,-0.274328,-0.071600,-1.837040,1.266002,1.226542,2.755263,-0.013547,0.001162,0.000650,0.000086,-0.041659,0.000497,0.000776
26.763028,-0.690079,-0.841952,-0.200604,-0.769905,-1.309445,-0.801574,0.273234,-0.362166,-0.922396,-0.390773,-0.033436,-0.744768,-0.448302,0.216789,-0.887653,-0.274328,-0.071600,-1.837040,1.266002,1.226542,2.755263,-0.013547,0.001162,0.000650,0.000086,-0.041659,0.000497,0.000776
26.763997,-0.691901,-0.838245,-0.196029,-0.768997,-1.309049,-0.800965,0.272227,-0.361036,-0.925361,-0.389024,-0.031355,-0.744774,-0.448332,0.216363,-0.887668,-0.274326,-0.071600,-1.837038,1.265962,1.226539,2.755260,-0.014064,0.001557,0.000886,0.000497,-0.041281,0.000350,-0.000566
26.764973,-0.689281,-0.837568,-0.194896,-0.770090,-1.311511,-0.801978,0.271186,-0.360180,-0.929117,-0.387646,-0.028986,-0.744695,-0.448366,0.215980,-0.887679,-0.274330,-0.071601,-1.837040,1.265914,1.226536,2.755260,-0.013282,-0.000020,0.000223,-0.000514,-0.043115,-0.000123,-0.000476
26.765992,-0.691766,-0.838834,-0.185072,-0.770378,-1.312176,-0.801314,0.270076,-0.359102,-0.930481,-0.386007,-0.027662,-0.744665,-0.448356,0.215661,-0.887695,-0.274329,-0.071598,-1.837038,1.265875,1.226537,2.755262,-0.014693,-0.000090,0.001287,0.000425,-0.042141,0.001019,-0.000354
26.766973,-0.689438,-0.836764,-0.185766,-0.770321,-1.313248,-0.802005,0.268509,-0.356473,-0.929057,-0.382457,-0.027845,-0.744782,-0.448455,0.215410,-0.887704,-0.274327,-0.071606,-1.837038,1.265830,1.226537,2.755262,-0.013606,0.000794,-0.001862,0.000569,-0.043036,0.000466,-0.000172
26.767956,-0.693573,-0.836655,-0.181661,-0.770813,-1.315310,-0.800299,0.268594,-0.351117,-0.926619,-0.375511,-0.028857,-0.745029,-0.448841,0.215202,-0.887720,-0.274329,-0.071601,-1.837038,1.265788,1.226538,2.755266,-0.014879,0.000022,0.000121,0.000378,-0.043450,0.001287,0.000995
26.769098,-0.692605,-0.836481,-0.177734,-0.771707,-1.317520,-0.799600,0.266536,-0.344724,-0.923204,-0.367280,-0.030540,-0.745410,-0.449321,0.215003,-0.887729,-0.274329,-0.071602,-1.837038,1.265745,1.226536,2.755261,-0.012958,0.000228,-0.000284,0.000746,-0.042866,-0.000307,-0.001152
26.770003,-0.692920,-0.838410,-0.174530,-0.770730,-1.317252,-0.800954,0.266042,-0.339276,-0.918500,-0.360238,-0.033136,-0.745978,-0.449658,0.214788,-0.887743,-0.274330,-0.071604,-1.837036,1.265701,1.226537,2.755265,-0.013617,0.000455,-0.000305,0.001441,-0.042447,-0.000858,0.000704
26.770987,-0.692392,-0.834408,-0.172497,-0.770423,-1.319294,-0.801251,0.264978,-0.334478,-0.914799,-0.354029,-0.035532,-0.746625,-0.449933,0.214548,-0.887756,-0.274327,-0.071606,-1.837038,1.265653,1.226541,2.755263,-0.013556,0.001626,-0.000364,0.000376,-0.044032,0.000600,-0.000139
26.772101,-0.694668,-0.834073,-0.167343,-0.769964,-1.317597,-0.800298,0.263725,-0.329842,-0.913697,-0.348057,-0.036539,-0.747193,-0.450242,0.214273,-0.887771,-0.274331,-0.071604,-1.837040,1.265611,1.226542,2.755263,-0.013930,-0.000101,0.000263,-0.000003,-0.043462,0.001003,0.000031
26.772923,-0.693702,-0.836495,-0.162086,-0.771848,-1.317602,-0.799568,0.263610,-0.325599,-0.913170,-0.342593,-0.036677,-0.747701,-0.450489,0.213967,-0.887782,-0.274331,-0.071605,-1.837040,1.265558,1.226541,2.755265,-0.012962,0.000040,-0.000446,-0.000604,-0.046853,0.000183,0.000303
26.773935,-0.692569,-0.836375,-0.162646,-0.771097,-1.319746,-0.799218,0.262541,-0.321069,-0.913054,-0.336789,-0.036111,-0.748143,-0.450722,0.213633,-0.887796,-0.274327,-0.071607,-1.837036,1.265507,1.226539,2.755260,-0.013515,0.001433,-0.001678,0.001089,-0.047919,-0.000429,-0.001107
26.775038,-0.693468,-0.829345,-0.157629,-0.770025,-1.320199,-0.799981,0.260481,-0.315597,-0.915485,-0.329864,-0.034323,-0.748461,-0.451089,0.213275,-0.887812,-0.274326,-0.071602,-1.837038,1.265462,1.226538,2.755259,-0.014187,0.001605,0.000285,0.000225,-0.047278,-0.000644,-0.000976
26.776036,-0.696680,-0.830788,-0.156326,-0.771748,-1.321786,-0.800061,0.260335,-0.310050,-0.918199,-0.322906,-0.032247,-0.748725,-0.451439,0.212935,-0.887823,-0.274333,-0.071604,-1.837041,1.265410,1.226537,2.755263,-0.013906,-0.001571,-0.000376,-0.000912,-0.048487,0.000275,0.000940
26.777006,-0.693922,-0.832634,-0.151384,-0.772119,-1.323951,-0.800775,0.258747,-0.305798,-0.916349,-0.317590,-0.031968,-0.749137,-0.451513,0.212655,-0.887832,-0.274329,-0.071602,-1.837038,1.265362,1.226538,2.755260,-0.012461,-0.000590,0.000645,0.000619,-0.048357,0.000463,-0.000788
26.777967,-0.695412,-0.833150,-0.148490,-0.771001,-1.324051,-0.800147,0.258408,-0.303103,-0.911002,-0.314200,-0.033568,-0.749740,-0.451387,0.212433,-0.887849,-0.274327,-0.071604,-1.837036,1.265315,1.226538,2.755264,-0.013945,0.000564,-0.000192,0.000797,-0.047605,0.001304,0.000461
26.778934,-0.695005,-0.830076,-0.143714,-0.770920,-1.325554,-0.799613,0.256948,-0.300606,-0.907576,-0.311019,-0.034669,-0.750300,-0.451375,0.212243,-0.887861,-0.274326,-0.071604,-1.837038,1.265261,1.226537,2.755259,-0.013310,0.001045,-0.000014,-0.000412,-0.048867,0.000791,-0.000789
26.780069,-0.696051,-0.830235,-0.143171,-0.772822,-1.327188,-0.798749,0.254999,-0.297463,-0.907489,-0.306925,-0.034092,-0.750654,-0.451537,0.212074,-0.887876,-0.274329,-0.071606,-1.837038,1.265213,1.226538,2.755260,-0.013615,-0.000213,-0.000764,-0.000611,-0.048757,0.000369,0.000216
26.781022,-0.695861,-0.833609,-0.138540,-0.771752,-1.328012,-0.799059,0.254882,-0.294384,-0.907450,-0.302714,-0.033474,-0.750966,-0.451691,0.211945,-0.887888,-0.274327,-0.071602,-1.837034,1.265163,1.226537,2.755264,-0.013265,0.000152,0.000853,0.001066,-0.048835,-0.000352,0.001835
26.781988,-0.694929,-0.831160,-0.139648,-0.772341,-1.329698,-0.799043,0.253836,-0.292340,-0.907838,-0.299587,-0.033048,-0.751273,-0.451778,0.211854,-0.887901,-0.274323,-0.071604,-1.837036,1.265114,1.226540,2.755261,-0.013480,0.002050,0.000138,-0.000116,-0.049393,0.000073,0.000145
26.783092,-0.694389,-0.828552,-0.135517,-0.771792,-1.330644,-0.797647,0.252863,-0.291692,-0.911797,-0.298044,-0.031233,-0.751405,-0.451848,0.211762,-0.887915,-0.274325,-0.071598,-1.837034,1.265065,1.226538,2.755261,-0.014048,0.001071,0.002277,0.000318,-0.049093,0.000182,0.000323
26.784002,-0.695741,-0.828695,-0.129241,-0.771273,-1.329493,-0.799015,0.251611,-0.292625,-0.916800,-0.298375,-0.029003,-0.751471,-0.451786,0.211641,-0.887930,-0.274327,-0.071596,-1.837036,1.265013,1.226537,2.755261,-0.014456,0.000080,0.002018,-0.000346,-0.049798,-0.001082,0.000055
26.784968,-0.697408,-0.829618,-0.123589,-0.771068,-1.329551,-0.797674,0.251121,-0.293965,-0.920103,-0.299180,-0.027360,-0.751587,-0.451603,0.211484,-0.887943,-0.274327,-0.071599,-1.837038,1.264957,1.226537,2.755263,-0.013874,0.000395,0.000436,-0.000936,-0.052179,0.000423,0.000739
26.786014,-0.699768,-0.829274,-0.122240,-0.772147,-1.330535,-0.798344,0.250291,-0.293646,-0.923828,-0.297940,-0.024999,-0.751609,-0.451543,0.211286,-0.887955,-0.274326,-0.071602,-1.837040,1.264900,1.226536,2.755260,-0.013159,0.001111,-0.000733,-0.001223,-0.053429,-0.000815,-0.000215
26.787169,-0.696377,-0.829326,-0.117051,-0.770399,-1.330832,-0.798123,0.248640,-0.292049,-0.929629,-0.295154,-0.021288,-0.751467,-0.451621,0.211049,-0.887965,-0.274326,-0.071598,-1.837038,1.264849,1.226537,2.755256,-0.012161,0.001204,0.000325,-0.000314,-0.053967,-0.000004,-0.000625
26.788017,-0.700107,-0.825999,-0.112819,-0.773241,-1.332921,-0.796977,0.248782,-0.290128,-0.937562,-0.292032,-0.016326,-0.751166,-0.451763,0.210790,-0.887981,-0.274324,-0.071599,-1.837043,1.264792,1.226538,2.755259,-0.014021,0.001508,-0.000328,-0.002106,-0.055365,-0.000094,0.000367
26.788996,-0.702843,-0.827341,-0.110095,-0.773787,-1.334113,-0.797205,0.246579,-0.284163,-0.948675,-0.283173,-0.009064,-0.750850,-0.452193,0.210311,-0.887998,-0.274325,-0.071600,-1.837038,1.264683,1.226537,2.755262,-0.011070,0.001005,-0.000720,0.000942,-0.054549,-0.000776,0.000837
26.790140,-0.701313,-0.827570,-0.106702,-0.773686,-1.333479,-0.797155,0.246157,-0.284163,-0.948675,-0.283173,-0.009064,-0.750850,-0.452193,0.210311,-0.887998,-0.274325,-0.071600,-1.837038,1.264683,1.226537,2.755262,-0.011070,0.001005,-0.000720,0.000942,-0.054549,-0.000776,0.000837
26.791055,-0.702862,-0.823385,-0.105904,-0.772568,-1.334705,-0.796443,0.244788,-0.282328,-0.948608,-0.280084,-0.009287,-0.751151,-0.452263,0.210092,-0.888012,-0.274323,-0.071599,-1.837038,1.264621,1.226537,2.755259,-0.012017,0.001387,-0.000499,0.000673,-0.056822,-0.000683,-0.000630
26.792031,-0.704064,-0.824035,-0.100583,-0.772584,-1.335862,-0.796064,0.244063,-0.282007,-0.947259,-0.278844,-0.010294,-0.751485,-0.452174,0.209856,-0.888022,-0.274326,-0.071595,-1.837041,1.264563,1.226537,2.755259,-0.011361,-0.000447,0.000596,-0.000513,-0.056779,-0.001293,0.000298
26.793011,-0.705367,-0.824973,-0.099782,-0.771959,-1.336152,-0.795635,0.243052,-0.283459,-0.943812,-0.279774,-0.011867,-0.751769,-0.451808,0.209620,-0.888034,-0.274326,-0.071598,-1.837041,1.264507,1.226537,2.755259,-0.010895,0.000157,-0.000403,-0.000611,-0.056968,-0.001547,-0.000216
26.793941,-0.703655,-0.823995,-0.094367,-0.773811,-1.335810,-0.795164,0.242128,-0.286647,-0.940407,-0.282845,-0.012834,-0.751867,-0.451204,0.209389,-0.888045,-0.274323,-0.071594,-1.837043,1.264450,1.226537,2.755259,-0.010392,0.000844,0.000822,-0.001328,-0.058034,-0.001854,-0.000148
26.795105,-0.704225,-0.822771,-0.091937,-0.773338,-1.338357,-0.796183,0.241558,-0.290782,-0.939014,-0.287109,-0.012544,-0.751730,-0.450523,0.209154,-0.888057,-0.274323,-0.071596,-1.837039,1.264388,1.226537,2.755259,-0.011379,0.000582,-0.000327,0.000332,-0.059580,-0.002206,-0.000163
26.795985,-0.703516,-0.818305,-0.089747,-0.773393,-1.338886,-0.795829,0.239583,-0.294317,-0.937842,-0.290635,-0.012373,-0.751560,-0.449938,0.208916,-0.888069,-0.274323,-0.071596,-1.837039,1.264332,1.226539,2.755256,-0.011269,0.000271,0.000430,-0.000318,-0.058726,-0.001041,-0.001350
26.796990,-0.704829,-0.821419,-0.086170,-0.772490,-1.338617,-0.796186,0.239507,-0.296922,-0.933828,-0.292997,-0.013865,-0.751578,-0.449424,0.208688,-0.888081,-0.274328,-0.071594,-1.837039,1.264270,1.226538,2.755260,-0.011733,-0.001685,0.000786,-0.000374,-0.059301,-0.001292,0.000857
26.797981,-0.704100,-0.819690,-0.084857,-0.773457,-1.339446,-0.796345,0.237613,-0.299122,-0.926947,-0.294885,-0.016672,-0.751766,-0.448886,0.208476,-0.888091,-0.274324,-0.071591,-1.837041,1.264203,1.226538,2.755256,-0.011228,0.000126,0.000655,-0.001379,-0.060876,-0.000804,-0.001025
26.799085,-0.705242,-0.819849,-0.078680,-0.774777,-1.339247,-0.796066,0.236224,-0.301227,-0.920772,-0.296769,-0.018934,-0.751930,-0.448372,0.208267,-0.888104,-0.274324,-0.071589,-1.837038,1.264138,1.226541,2.755259,-0.011734,-0.000504,0.001647,-0.000586,-0.061328,-0.000546,0.000805
26.799990,-0.707277,-0.819641,-0.077660,-0.773336,-1.339248,-0.796369,0.236560,-0.303123,-0.915700,-0.298542,-0.020854,-0.752128,-0.447950,0.208062,-0.888115,-0.274323,-0.071588,-1.837036,1.264070,1.226538,2.755262,-0.011340,-0.000148,0.000385,0.000535,-0.063011,-0.000669,0.001353
26.801001,-0.707010,-0.820010,-0.069445,-0.774090,-1.339563,-0.796008,0.234146,-0.304744,-0.911246,-0.300092,-0.022824,-0.752427,-0.447628,0.207851,-0.888123,-0.274320,-0.071584,-1.837040,1.264005,1.226541,2.755255,-0.010472,-0.000046,0.001366,-0.000952,-0.064122,-0.000267,-0.001135
26.802005,-0.708759,-0.818139,-0.068413,-0.774685,-1.339092,-0.796149,0.233835,-0.305843,-0.909302,-0.301063,-0.023592,-0.752705,-0.447440,0.207614,-0.888136,-0.274320,-0.071589,-1.837036,1.263935,1.226538,2.755260,-0.010753,0.000397,-0.001010,-0.000397,-0.065085,-0.000495,0.001705
26.803029,-0.707960,-0.814519,-0.066153,-0.775282,-1.339524,-0.796275,0.232319,-0.305663,-0.909435,-0.300416,-0.023392,-0.752996,-0.447451,0.207365,-0.888143,-0.274322,-0.071585,-1.837036,1.263865,1.226537,2.755258,-0.010099,-0.000240,0.000307,0.000038,-0.067001,-0.000206,0.000159
26.803981,-0.709239,-0.815344,-0.061837,-0.774860,-1.341219,-0.796250,0.231029,-0.305450,-0.907807,-0.299607,-0.024281,-0.753506,-0.447459,0.207123,-0.888154,-0.274324,-0.071582,-1.837036,1.263792,1.226540,2.755259,-0.010750,-0.001683,0.001379,0.000448,-0.068407,0.000061,0.000747
26.805007,-0.711169,-0.813512,-0.060977,-0.775295,-1.341291,-0.795965,0.230661,-0.310004,-0.895068,-0.303609,-0.031010,-0.755174,-0.446822,0.206659,-0.888173,-0.274323,-0.071575,-1.837036,1.263650,1.226538,2.755255,-0.009636,-0.001515,0.003038,0.000122,-0.070195,0.000065,-0.000693
26.806084,-0.709002,-0.814541,-0.053726,-0.775102,-1.341601,-0.796509,0.228546,-0.315460,-0.888221,-0.309266,-0.034498,-0.756009,-0.446192,0.206423,-0.888188,-0.274323,-0.071576,-1.837036,1.263573,1.226538,2.755259,-0.010953,-0.000623,0.001746,-0.000282,-0.071813,0.000779,0.000973
26.807081,-0.708908,-0.814167,-0.048530,-0.774641,-1.341591,-0.796688,0.227753,-0.315460,-0.888221,-0.309266,-0.034498,-0.756009,-0.446192,0.206423,-0.888188,-0.274323,-0.071576,-1.837036,1.263573,1.226538,2.755259,-0.010953,-0.000623,0.001746,-0.000282,-0.071813,0.000779,0.000973
26.807994,-0.711122,-0.814581,-0.048160,-0.775684,-1.341888,-0.795127,0.226598,-0.320153,-0.884432,-0.313805,-0.036258,-0.756619,-0.445744,0.206190,-0.888199,-0.274324,-0.071576,-1.837038,1.263496,1.226540,2.755257,-0.011232,-0.000472,0.001328,-0.000876,-0.073556,0.001099,0.000150
26.809054,-0.710264,-0.812169,-0.041829,-0.775900,-1.341956,-0.795444,0.225339,-0.323470,-0.884969,-0.316523,-0.035661,-0.756938,-0.445560,0.205965,-0.888207,-0.274322,-0.071569,-1.837036,1.263417,1.226537,2.755258,-0.010353,0.000024,0.003082,-0.000033,-0.074753,-0.000322,0.000276
26.810039,-0.709643,-0.813261,-0.034653,-0.777240,-1.342552,-0.794678,0.224800,-0.329625,-0.890768,-0.321155,-0.032353,-0.757311,-0.445337,0.205584,-0.888233,-0.274321,-0.071571,-1.837032,1.263258,1.226537,2.755255,-0.011550,0.000049,0.000794,0.001075,-0.077640,-0.000447,-0.001040
26.810963,-0.712360,-0.812699,-0.032363,-0.776709,-1.340892,-0.793805,0.222560,-0.329625,-0.890768,-0.321155,-0.032353,-0.757311,-0.445337,0.205584,-0.888233,-0.274321,-0.071571,-1.837032,1.263258,1.226537,2.755255,-0.011550,0.000049,0.000794,0.001075,-0.077640,-0.000447,-0.001040
26.811992,-0.714244,-0.810672,-0.029760,-0.775867,-1.341328,-0.795482,0.222201,-0.329718,-0.893993,-0.319669,-0.031030,-0.757563,-0.445530,0.205452,-0.888241,-0.274321,-0.071568,-1.837032,1.263172,1.226535,2.755260,-0.010422,0.000072,0.001656,0.000361,-0.080779,-0.001167,0.001238
26.812976,-0.714467,-0.811383,-0.029513,-0.776875,-1.341021,-0.795246,0.220842,-0.329851,-0.898411,-0.318214,-0.029034,-0.757758,-0.445694,0.205361,-0.888249,-0.274323,-0.071564,-1.837036,1.263088,1.226540,2.755258,-0.009763,-0.000577,0.002550,-0.000581,-0.082066,0.000660,-0.000544
26.814077,-0.713586,-0.807910,-0.017853,-0.777367,-1.340370,-0.794690,0.219587,-0.332830,-0.903787,-0.320314,-0.026198,-0.757879,-0.445541,0.205287,-0.888259,-0.274321,-0.071559,-1.837036,1.262999,1.226538,2.755259,-0.009898,0.000101,0.004526,0.000279,-0.083964,0.000574,-0.000173
26.815068,-0.711061,-0.807584,-0.018445,-0.777045,-1.338954,-0.795745,0.218407,-0.337614,-0.908527,-0.324627,-0.023581,-0.758074,-0.445188,0.205214,-0.888273,-0.274325,-0.071565,-1.837033,1.262905,1.226538,2.755258,-0.010586,-0.001239,0.001120,0.000490,-0.086443,0.000184,-0.000308
26.815987,-0.715502,-0.808082,-0.013942,-0.777813,-1.339147,-0.795031,0.216390,-0.340732,-0.910743,-0.326782,-0.022182,-0.758458,-0.444961,0.205135,-0.888287,-0.274325,-0.071556,-1.837034,1.262807,1.226541,2.755256,-0.012054,-0.001051,0.003538,0.000016,-0.089377,0.001386,-0.000314
26.816995,-0.716053,-0.806910,-0.008398,-0.778698,-1.338036,-0.794818,0.216547,-0.342467,-0.911492,-0.327201,-0.021412,-0.758946,-0.444867,0.205048,-0.888294,-0.274325,-0.071553,-1.837032,1.262712,1.226541,2.755262,-0.010058,-0.000482,0.003232,0.000584,-0.090526,0.000799,0.001511
26.818081,-0.713440,-0.808527,-0.003389,-0.777779,-1.338845,-0.793840,0.214861,-0.346572,-0.913513,-0.328904,-0.020150,-0.760009,-0.444723,0.204838,-0.888318,-0.274321,-0.071553,-1.837033,1.262517,1.226537,2.755257,-0.011599,0.000406,0.002534,0.000175,-0.094133,-0.000050,-0.000449
26.818962,-0.714420,-0.806740,-0.002822,-0.778191,-1.336585,-0.793736,0.214309,-0.346572,-0.913513,-0.328904,-0.020150,-0.760009,-0.444723,0.204838,-0.888318,-0.274321,-0.071553,-1.837033,1.262517,1.226537,2.755257,-0.011599,0.000406,0.002534,0.000175,-0.094133,-0.000050,-0.000449
26.820000,-0.715043,-0.805729,0.003414,-0.779479,-1.336051,-0.792180,0.213203,-0.347353,-0.917680,-0.328148,-0.018061,-0.760324,-0.444848,0.204700,-0.888329,-0.274324,-0.071547,-1.837032,1.262411,1.226537,2.755257,-0.011292,-0.000171,0.004115,0.000433,-0.097566,-0.000012,-0.001479
26.821074,-0.715438,-0.807523,0.007997,-0.777496,-1.337455,-0.791564,0.210922,-0.348205,-0.923010,-0.327462,-0.015350,-0.760475,-0.444959,0.204537,-0.888341,-0.274326,-0.071548,-1.837030,1.262307,1.226537,2.755253,-0.011216,-0.000295,0.003252,0.001498,-0.099661,-0.001417,-0.001735
26.821980,-0.715693,-0.803838,0.010274,-0.779120,-1.336230,-0.791059,0.210849,-0.349206,-0.929011,-0.326916,-0.012273,-0.760479,-0.445025,0.204356,-0.888353,-0.274323,-0.071545,-1.837035,1.262207,1.226535,2.755257,-0.011268,0.000940,0.003286,-0.000609,-0.099932,-0.001848,0.000256
26.822929,-0.716691,-0.802229,0.016324,-0.780408,-1.336748,-0.791402,0.208469,-0.350230,-0.936645,-0.326358,-0.008149,-0.760261,-0.445059,0.204159,-0.888366,-0.274329,-0.071540,-1.837030,1.262100,1.226536,2.755254,-0.011330,-0.000556,0.004079,0.000784,-0.102380,-0.002218,-0.001800
26.823993,-0.716592,-0.802147,0.022003,-0.779420,-1.336586,-0.791673,0.208291,-0.351465,-0.941605,-0.326030,-0.005443,-0.760128,-0.444975,0.203959,-0.888376,-0.274329,-0.071537,-1.837028,1.261994,1.226537,2.755260,-0.011048,-0.001022,0.003073,0.001853,-0.103176,-0.001725,0.000703
26.824936,-0.719160,-0.802836,0.025015,-0.778938,-1.334417,-0.792267,0.206604,-0.351130,-0.940579,-0.321797,-0.006296,-0.760474,-0.444903,0.203587,-0.888396,-0.274327,-0.071530,-1.837032,1.261771,1.226539,2.755257,-0.010315,-0.000060,0.003039,0.000101,-0.108343,-0.000563,-0.000383
26.826025,-0.715783,-0.803650,0.028149,-0.779707,-1.333928,-0.790927,0.205653,-0.351130,-0.940579,-0.321797,-0.006296,-0.760474,-0.444903,0.203587,-0.888396,-0.274327,-0.071530,-1.837032,1.261771,1.226539,2.755257,-0.010315,-0.000060,0.003039,0.000101,-0.108343,-0.000563,-0.000383
26.827130,-0.717526,-0.801557,0.033148,-0.780300,-1.333087,-0.792722,0.204771,-0.350291,-0.942748,-0.318876,-0.005107,-0.760449,-0.445025,0.203379,-0.888413,-0.274325,-0.071525,-1.837031,1.261654,1.226536,2.755257,-0.012229,0.000696,0.003793,0.000653,-0.110378,-0.001736,-0.001114
26.828022,-0.716808,-0.798746,0.037162,-0.779214,-1.333846,-0.792850,0.202668,-0.349432,-0.947877,-0.315994,-0.002435,-0.760263,-0.445247,0.203143,-0.888424,-0.274327,-0.071521,-1.837028,1.261535,1.226539,2.755252,-0.011604,0.000029,0.003656,0.000984,-0.112807,0.000241,-0.001984
26.828997,-0.718672,-0.799681,0.038580,-0.780248,-1.334260,-0.791459,0.202025,-0.348164,-0.952780,-0.312663,0.000108,-0.760091,-0.445544,0.202907,-0.888436,-0.274330,-0.071519,-1.837031,1.261422,1.226537,2.755256,-0.012154,-0.001034,0.003573,-0.000195,-0.113146,0.000503,0.000094
26.829966,-0.716717,-0.799837,0.045933,-0.780020,-1.333177,-0.792688,0.200412,-0.347234,-0.955685,-0.309780,0.001809,-0.760000,-0.445771,0.202693,-0.888447,-0.274330,-0.071512,-1.837032,1.261305,1.226536,2.755254,-0.011444,-0.000218,0.004926,0.000697,-0.114013,-0.000749,-0.000982
26.830989,-0.718863,-0.800904,0.048016,-0.779677,-1.334641,-0.792170,0.199478,-0.346869,-0.958052,-0.307629,0.003239,-0.759923,-0.445932,0.202489,-0.888462,-0.274330,-0.071510,-1.837033,1.261183,1.226539,2.755255,-0.012621,0.000184,0.003318,0.000302,-0.116323,0.000638,-0.000067
26.832013,-0.715706,-0.799368,0.052497,-0.780796,-1.334443,-0.792584,0.198302,-0.346075,-0.962654,-0.304982,0.005717,-0.759698,-0.446212,0.202273,-0.888471,-0.274328,-0.071503,-1.837032,1.261066,1.226538,2.755254,-0.011794,0.001047,0.004454,-0.000235,-0.116231,0.000269,-0.000662
26.832947,-0.718188,-0.796440,0.057900,-0.779874,-1.335236,-0.792589,0.197105,-0.344789,-0.970030,-0.301763,0.009505,-0.759285,-0.446643,0.202040,-0.888489,-0.274328,-0.071497,-1.837030,1.260943,1.226539,2.755254,-0.013558,0.000613,0.004367,0.000663,-0.117788,0.000840,-0.000765
26.833999,-0.716784,-0.798877,0.058996,-0.783288,-1.333240,-0.792075,0.195850,-0.342737,-0.976991,-0.297604,0.012981,-0.758866,-0.447184,0.201806,-0.888498,-0.274332,-0.071492,-1.837034,1.260824,1.226537,2.755254,-0.012521,-0.000497,0.003643,-0.000354,-0.118143,0.000999,-0.000610
26.834939,-0.718898,-0.793352,0.062821,-0.781579,-1.331522,-0.792122,0.194660,-0.340171,-0.981103,-0.292814,0.014731,-0.758613,-0.447758,0.201575,-0.888515,-0.274328,-0.071484,-1.837026,1.260694,1.226538,2.755255,-0.013437,0.001060,0.005317,0.002735,-0.121507,0.000633,-0.000633
26.835927,-0.719818,-0.793753,0.065464,-0.781047,-1.330640,-0.791788,0.193000,-0.339534,-0.977670,-0.288982,0.011662,-0.758725,-0.448209,0.201052,-0.888536,-0.274333,-0.071472,-1.837032,1.260435,1.226535,2.755259,-0.012358,-0.000807,0.006150,0.000247,-0.126344,0.000665,0.000437
26.836992,-0.716740,-0.795396,0.068716,-0.782167,-1.328163,-0.791327,0.192670,-0.342372,-0.972885,-0.291079,0.009371,-0.758773,-0.447939,0.200720,-0.888554,-0.274330,-0.071464,-1.837030,1.260295,1.226534,2.755253,-0.014092,0.000351,0.006749,0.001144,-0.130112,0.000372,-0.001465
26.837976,-0.721244,-0.792625,0.073219,-0.781198,-1.327957,-0.791817,0.190396,-0.346411,-0.969901,-0.294745,0.008431,-0.758644,-0.447523,0.200321,-0.888562,-0.274334,-0.071457,-1.837032,1.260160,1.226537,2.755257,-0.012069,-0.000675,0.006560,0.000029,-0.131415,0.001009,0.000746
26.839047,-0.719968,-0.792933,0.075637,-0.781154,-1.326575,-0.791137,0.190108,-0.346411,-0.969901,-0.294745,0.008431,-0.758644,-0.447523,0.200321,-0.888562,-0.274334,-0.071457,-1.837032,1.260160,1.226537,2.755257,-0.012069,-0.000675,0.006560,0.000029,-0.131415,0.001009,0.000746
26.839968,-0.717008,-0.793297,0.079148,-0.780415,-1.326167,-0.791834,0.188998,-0.351845,-0.968530,-0.300198,0.008889,-0.758340,-0.446926,0.199882,-0.888577,-0.274333,-0.071446,-1.837032,1.260020,1.226536,2.755254,-0.012952,-0.000162,0.007571,-0.000198,-0.134107,0.000488,-0.001277
26.841060,-0.718952,-0.791713,0.085929,-0.782846,-1.325747,-0.791020,0.187412,-0.358000,-0.969781,-0.306584,0.011349,-0.757787,-0.446254,0.199421,-0.888596,-0.274333,-0.071439,-1.837036,1.259882,1.226539,2.755250,-0.014558,0.000328,0.007728,-0.001012,-0.135430,0.001321,-0.001235
26.842017,-0.719722,-0.789654,0.089819,-0.783669,-1.324684,-0.789926,0.186342,-0.362847,-0.973307,-0.311373,0.015181,-0.757067,-0.445765,0.198964,-0.888608,-0.274333,-0.071435,-1.837031,1.259740,1.226538,2.755255,-0.013823,-0.000099,0.006673,0.001126,-0.137175,0.000663,-0.000696
26.843086,-0.719581,-0.789852,0.090822,-0.782567,-1.325252,-0.789794,0.184679,-0.365679,-0.974748,-0.313609,0.017473,-0.756532,-0.445466,0.198540,-0.888621,-0.274336,-0.071427,-1.837028,1.259598,1.226537,2.755253,-0.013640,-0.000767,0.006728,0.001709,-0.139230,-0.000278,-0.000850
26.843986,-0.720444,-0.790080,0.093734,-0.781885,-1.324562,-0.789481,0.183846,-0.367832,-0.972441,-0.314906,0.017335,-0.756255,-0.445153,0.198156,-0.888636,-0.274335,-0.071415,-1.837032,1.259460,1.226535,2.755253,-0.013929,-0.000315,0.008440,0.000489,-0.139951,-0.000225,-0.000081
26.845076,-0.718828,-0.789761,0.098526,-0.782699,-1.324592,-0.788660,0.182719,-0.371141,-0.969960,-0.317590,0.017149,-0.755908,-0.444677,0.197800,-0.888650,-0.274335,-0.071408,-1.837033,1.259317,1.226536,2.755253,-0.013657,0.000102,0.008847,-0.000333,-0.141474,-0.000405,-0.000589
26.846062,-0.717070,-0.789764,0.103241,-0.782638,-1.327272,-0.788533,0.181275,-0.375591,-0.969952,-0.321658,0.018466,-0.755274,-0.444092,0.197460,-0.888667,-0.274333,-0.071398,-1.837029,1.259171,1.226535,2.755250,-0.014669,0.000290,0.008718,0.000210,-0.142723,-0.001058,-0.000937
26.847068,-0.717805,-0.787929,0.107341,-0.782763,-1.328261,-0.788656,0.179860,-0.379150,-0.972108,-0.324538,0.020794,-0.754417,-0.443636,0.197148,-0.888685,-0.274333,-0.071390,-1.837029,1.259032,1.226537,2.755250,-0.015700,0.000622,0.008414,-0.000050,-0.141098,-0.001040,-0.000408
26.847983,-0.717871,-0.789172,0.106580,-0.783574,-1.327796,-0.789691,0.178210,-0.380399,-0.975084,-0.324420,0.023164,-0.753493,-0.443455,0.196895,-0.888699,-0.274333,-0.071380,-1.837028,1.258888,1.226535,2.755253,-0.015526,0.000040,0.008449,-0.000107,-0.141216,-0.000746,-0.000006
26.849113,-0.718095,-0.786940,0.114426,-0.782678,-1.328512,-0.789185,0.177781,-0.380661,-0.977930,-0.322964,0.024952,-0.752605,-0.443415,0.196703,-0.888714,-0.274330,-0.071366,-1.837026,1.258745,1.226538,2.755256,-0.015650,0.000956,0.010680,0.000503,-0.142563,0.000424,0.001093
26.849991,-0.716084,-0.789892,0.114302,-0.784378,-1.329807,-0.788595,0.176583,-0.381379,-0.980834,-0.322015,0.026284,-0.751744,-0.443387,0.196540,-0.888730,-0.274334,-0.071362,-1.837030,1.258601,1.226539,2.755250,-0.015765,0.000249,0.009139,-0.000528,-0.143241,0.000068,-0.000763
26.851007,-0.719662,-0.786895,0.121044,-0.784087,-1.330772,-0.788087,0.174703,-0.381999,-0.984501,-0.320892,0.027547,-0.750886,-0.443444,0.196383,-0.888748,-0.274330,-0.071348,-1.837028,1.258458,1.226534,2.755249,-0.016890,0.002001,0.010991,0.000983,-0.142708,-0.000360,-0.000447
26.852008,-0.718935,-0.788334,0.125064,-0.784455,-1.331073,-0.788675,0.174659,-0.382493,-0.988806,-0.319546,0.028495,-0.750105,-0.443586,0.196239,-0.888759,-0.274334,-0.071342,-1.837030,1.258318,1.226535,2.755252,-0.015307,0.000867,0.009738,0.000545,-0.142897,-0.000711,0.000867
26.853045,-0.717069,-0.784973,0.128491,-0.784595,-1.330940,-0.788613,0.172588,-0.382985,-0.992866,-0.318079,0.028790,-0.749460,-0.443747,0.196114,-0.888779,-0.274331,-0.071332,-1.837030,1.258170,1.226535,2.755247,-0.015827,0.001911,0.009809,0.000745,-0.143641,0.000039,-0.001460
26.853928,-0.718160,-0.782185,0.132890,-0.784146,-1.331124,-0.788975,0.172399,-0.382640,-0.995898,-0.315425,0.028318,-0.748946,-0.443972,0.196002,-0.888797,-0.274333,-0.071321,-1.837030,1.258021,1.226535,2.755251,-0.016931,0.000581,0.010230,0.000699,-0.144889,0.000131,0.000215
26.854954,-0.721396,-0.782256,0.137723,-0.783227,-1.330897,-0.788701,0.170189,-0.380953,-0.995436,-0.310990,0.026184,-0.748630,-0.444239,0.195914,-0.888813,-0.274335,-0.071313,-1.837032,1.257875,1.226537,2.755247,-0.016502,-0.000486,0.009857,0.000138,-0.145463,0.000623,-0.001544
26.855952,-0.718348,-0.781333,0.141048,-0.783313,-1.332173,-0.788611,0.168941,-0.378525,-0.990734,-0.305551,0.022519,-0.748481,-0.444421,0.195852,-0.888825,-0.274333,-0.071304,-1.837036,1.257724,1.226536,2.755251,-0.015104,-0.000113,0.009575,-0.000883,-0.146758,0.000504,0.000434
26.857120,-0.718597,-0.783039,0.147953,-0.784842,-1.330468,-0.788784,0.168163,-0.375946,-0.984567,-0.299874,0.018957,-0.748321,-0.444494,0.195809,-0.888845,-0.274335,-0.071293,-1.837038,1.257579,1.226535,2.755252,-0.016791,-0.000218,0.009965,-0.000914,-0.146519,0.000574,0.000513
26.858018,-0.718042,-0.780462,0.151057,-0.785303,-1.330529,-0.788642,0.167158,-0.372196,-0.979167,-0.292746,0.016236,-0.748075,-0.444663,0.195757,-0.888862,-0.274332,-0.071285,-1.837035,1.257422,1.226535,2.755251,-0.016885,0.000999,0.008958,0.000342,-0.149628,0.000932,-0.000745
26.858931,-0.720218,-0.779836,0.155512,-0.785460,-1.330347,-0.788183,0.165580,-0.366298,-0.974594,-0.282998,0.013806,-0.747803,-0.445096,0.195668,-0.888878,-0.274333,-0.071274,-1.837034,1.257269,1.226536,2.755250,-0.017297,0.000013,0.009247,0.000623,-0.150261,0.000919,-0.000872
26.860028,-0.718792,-0.779090,0.159002,-0.784846,-1.329011,-0.788464,0.163778,-0.359061,-0.969068,-0.271627,0.010672,-0.747595,-0.445676,0.195545,-0.888892,-0.274333,-0.071264,-1.837034,1.257118,1.226535,2.755251,-0.016361,0.000019,0.008892,0.000609,-0.151235,0.000603,0.000098
26.860945,-0.719398,-0.776667,0.160061,-0.786610,-1.328703,-0.786930,0.163093,-0.351699,-0.962504,-0.260141,0.007105,-0.747399,-0.446250,0.195392,-0.888911,-0.274332,-0.071255,-1.837038,1.256959,1.226537,2.755252,-0.017281,-0.000004,0.009439,-0.000115,-0.153745,0.001046,0.001064
26.862043,-0.722389,-0.777562,0.167142,-0.785663,-1.327759,-0.786730,0.161065,-0.345362,-0.954836,-0.250003,0.003232,-0.747191,-0.446689,0.195206,-0.888929,-0.274331,-0.071241,-1.837033,1.256804,1.226535,2.755250,-0.017087,-0.000919,0.010765,0.001388,-0.154796,-0.000350,0.000225
26.863036,-0.722699,-0.776153,0.173537,-0.786729,-1.330319,-0.786183,0.160433,-0.338323,-0.935880,-0.237056,-0.005885,-0.746836,-0.446867,0.194748,-0.888957,-0.274329,-0.071229,-1.837032,1.256488,1.226535,2.755250,-0.015869,-0.000484,0.008423,0.001112,-0.155241,-0.000765,0.000525
26.864007,-0.719846,-0.774706,0.174842,-0.787533,-1.329959,-0.785541,0.158815,-0.338323,-0.935880,-0.237056,-0.005885,-0.746836,-0.446867,0.194748,-0.888957,-0.274329,-0.071229,-1.837032,1.256488,1.226535,2.755250,-0.015869,-0.000484,0.008423,0.001112,-0.155241,-0.000765,0.000525
26.864966,-0.720258,-0.775174,0.184103,-0.785680,-1.328130,-0.785434,0.157428,-0.330834,-0.915347,-0.223541,-0.016325,-0.746696,-0.447091,0.194216,-0.888996,-0.274330,-0.071213,-1.837034,1.256162,1.226534,2.755249,-0.017337,-0.000311,0.007148,-0.000267,-0.159057,-0.001207,0.001920
26.866029,-0.719588,-0.777760,0.183535,-0.786176,-1.330552,-0.785604,0.156258,-0.330834,-0.915347,-0.223541,-0.016325,-0.746696,-0.447091,0.194216,-0.888996,-0.274330,-0.071213,-1.837034,1.256162,1.226534,2.755249,-0.017337,-0.000311,0.007148,-0.000267,-0.159057,-0.001207,0.001920
26.867009,-0.722302,-0.774569,0.189024,-0.786806,-1.329783,-0.785536,0.155803,-0.324433,-0.909377,-0.213419,-0.019229,-0.746392,-0.447553,0.193932,-0.889013,-0.274325,-0.071196,-1.837034,1.256006,1.226537,2.755250,-0.017860,0.001300,0.009600,0.000061,-0.157711,-0.000890,0.001698
26.867933,-0.720635,-0.778014,0.192994,-0.788676,-1.328504,-0.785197,0.155248,-0.318190,-0.909134,-0.203496,-0.019182,-0.745785,-0.448127,0.193620,-0.889028,-0.274329,-0.071187,-1.837034,1.255844,1.226536,2.755247,-0.016675,0.000049,0.008868,0.000518,-0.159355,-0.000802,0.000256
26.868938,-0.719920,-0.772637,0.194179,-0.787867,-1.327455,-0.784526,0.154744,-0.313228,-0.911835,-0.195157,-0.018106,-0.745113,-0.448686,0.193291,-0.889048,-0.274323,-0.071178,-1.837030,1.255679,1.226538,2.755245,-0.017627,0.002050,0.008795,0.002143,-0.161307,-0.001011,-0.000839
26.869989,-0.719622,-0.774967,0.198016,-0.786983,-1.325989,-0.784591,0.151659,-0.309196,-0.915258,-0.187985,-0.017265,-0.744511,-0.449222,0.192966,-0.889068,-0.274329,-0.071166,-1.837032,1.255513,1.226535,2.755240,-0.018103,-0.000274,0.010272,0.001179,-0.163218,-0.001516,-0.002228
26.871019,-0.719039,-0.770851,0.202927,-0.788522,-1.327701,-0.785058,0.151425,-0.306627,-0.918510,-0.182725,-0.016468,-0.743915,-0.449592,0.192677,-0.889087,-0.274324,-0.071154,-1.837034,1.255339,1.226535,2.755248,-0.018409,0.001226,0.010496,0.000158,-0.165591,-0.001277,0.001440
26.872017,-0.722051,-0.770507,0.205847,-0.785512,-1.326543,-0.785772,0.149413,-0.305182,-0.921377,-0.179015,-0.015505,-0.743286,-0.449802,0.192444,-0.889106,-0.274327,-0.071146,-1.837029,1.255173,1.226535,2.755243,-0.018857,-0.000480,0.010182,0.001408,-0.164773,-0.000651,-0.000600
26.872998,-0.719429,-0.771702,0.211551,-0.786827,-1.326285,-0.786750,0.149390,-0.304479,-0.922838,-0.176381,-0.014849,-0.742654,-0.449882,0.192257,-0.889121,-0.274327,-0.071134,-1.837036,1.255003,1.226537,2.755248,-0.017527,-0.000298,0.010769,-0.001656,-0.166763,0.000205,0.001046
26.874092,-0.721492,-0.770443,0.213088,-0.788393,-1.327104,-0.785562,0.146597,-0.304393,-0.924839,-0.174672,-0.013230,-0.741838,-0.449887,0.192091,-0.889143,-0.274323,-0.071127,-1.837034,1.254832,1.226539,2.755242,-0.018964,0.000597,0.009968,-0.000521,-0.167766,0.001326,-0.001280
26.875040,-0.719235,-0.769231,0.220500,-0.786804,-1.327018,-0.784535,0.146710,-0.304444,-0.928567,-0.173290,-0.010616,-0.740827,-0.449945,0.191934,-0.889157,-0.274323,-0.071113,-1.837032,1.254663,1.226536,2.755249,-0.018137,0.000326,0.011446,0.000808,-0.167994,0.000307,0.001703
26.875990,-0.722774,-0.768815,0.223210,-0.787743,-1.326368,-0.783106,0.144992,-0.304355,-0.931940,-0.171841,-0.008537,-0.739784,-0.450036,0.191784,-0.889179,-0.274323,-0.071106,-1.837038,1.254495,1.226535,2.755243,-0.019375,0.000035,0.009697,-0.000843,-0.168786,-0.000567,-0.000827
26.877018,-0.721357,-0.766828,0.223795,-0.788196,-1.326112,-0.784438,0.143427,-0.303603,-0.934589,-0.169606,-0.006831,-0.738673,-0.450120,0.191632,-0.889194,-0.274322,-0.071096,-1.837035,1.254320,1.226533,2.755246,-0.017750,0.000149,0.010314,-0.000127,-0.170080,-0.001842,0.000355
26.878082,-0.724672,-0.767502,0.228602,-0.788635,-1.328377,-0.784390,0.143584,-0.303510,-0.935921,-0.168220,-0.005755,-0.737530,-0.450030,0.191478,-0.889214,-0.274324,-0.071080,-1.837034,1.254146,1.226538,2.755249,-0.018621,-0.000483,0.012094,0.000126,-0.171179,-0.000357,0.000998
26.879003,-0.721495,-0.768846,0.237075,-0.788680,-1.327546,-0.784404,0.141438,-0.305900,-0.935253,-0.169992,-0.005953,-0.736457,-0.449623,0.191318,-0.889229,-0.274322,-0.071067,-1.837034,1.253979,1.226536,2.755241,-0.017153,0.000205,0.011844,0.000372,-0.169881,-0.000242,-0.001870
26.879951,-0.725043,-0.768507,0.239945,-0.790471,-1.328185,-0.784541,0.141129,-0.309688,-0.936556,-0.172492,-0.006744,-0.734265,-0.449112,0.190958,-0.889265,-0.274322,-0.071050,-1.837032,1.253634,1.226537,2.755244,-0.017218,0.001335,0.010062,0.001844,-0.171332,0.000195,-0.001444
26.881059,-0.727114,-0.768515,0.243059,-0.789095,-1.330368,-0.784329,0.139485,-0.309610,-0.940178,-0.171320,-0.006758,-0.733164,-0.449225,0.190782,-0.889282,-0.274319,-0.071038,-1.837036,1.253465,1.226535,2.755245,-0.016402,0.001672,0.010778,0.000325,-0.170234,0.000159,-0.000798
26.882090,-0.725672,-0.763833,0.248546,-0.789485,-1.330489,-0.784080,0.138622,-0.310397,-0.943803,-0.171205,-0.006958,-0.732139,-0.449249,0.190612,-0.889300,-0.274324,-0.071028,-1.837036,1.253292,1.226535,2.755244,-0.017299,-0.000279,0.010157,0.000547,-0.170996,0.000068,-0.001557
26.882950,-0.724932,-0.764626,0.250219,-0.789074,-1.327375,-0.784910,0.137994,-0.310397,-0.943803,-0.171205,-0.006958,-0.732139,-0.449249,0.190612,-0.889300,-0.274324,-0.071028,-1.837036,1.253292,1.226535,2.755244,-0.017299,-0.000279,0.010157,0.000547,-0.170996,0.000068,-0.001557
26.884002,-0.725829,-0.766132,0.254610,-0.789251,-1.329164,-0.784042,0.135886,-0.311041,-0.945021,-0.170888,-0.007999,-0.731266,-0.449191,0.190464,-0.889319,-0.274321,-0.071016,-1.837038,1.253109,1.226538,2.755240,-0.017762,0.000395,0.011064,0.000028,-0.174458,0.001023,-0.002348
26.884983,-0.727296,-0.764080,0.256817,-0.790715,-1.327657,-0.783511,0.135313,-0.311269,-0.945883,-0.170087,-0.008737,-0.730433,-0.449140,0.190344,-0.889335,-0.274316,-0.071005,-1.837038,1.252933,1.226535,2.755245,-0.017492,0.001457,0.011033,0.000038,-0.173517,0.000319,-0.000655
26.886076,-0.725240,-0.761652,0.261237,-0.791088,-1.327009,-0.784807,0.133560,-0.312124,-0.948293,-0.170115,-0.008507,-0.729591,-0.449047,0.190252,-0.889350,-0.274316,-0.070993,-1.837036,1.252754,1.226535,2.755240,-0.016938,0.000743,0.011937,0.001278,-0.175727,-0.000054,-0.001869
26.887041,-0.727110,-0.763612,0.267108,-0.792161,-1.326587,-0.784610,0.132190,-0.315482,-0.946971,-0.172244,-0.011702,-0.728498,-0.448629,0.190161,-0.889383,-0.274313,-0.070969,-1.837032,1.252395,1.226538,2.755241,-0.017392,0.001191,0.010980,0.002263,-0.178364,0.001343,-0.000551
26.888009,-0.726093,-0.762692,0.266724,-0.790306,-1.328237,-0.783708,0.131317,-0.315482,-0.946971,-0.172244,-0.011702,-0.728498,-0.448629,0.190161,-0.889383,-0.274313,-0.070969,-1.837032,1.252395,1.226538,2.755241,-0.017392,0.001191,0.010980,0.002263,-0.178364,0.001343,-0.000551
26.888968,-0.726640,-0.762035,0.272786,-0.790182,-1.326868,-0.783162,0.129393,-0.316508,-0.945102,-0.172491,-0.014272,-0.728056,-0.448527,0.190152,-0.889402,-0.274313,-0.070950,-1.837038,1.252218,1.226536,2.755239,-0.018053,0.001036,0.013099,0.000343,-0.177349,0.000595,-0.001132
26.890022,-0.728442,-0.763397,0.276511,-0.790797,-1.325979,-0.781852,0.128601,-0.317988,-0.945951,-0.173345,-0.015102,-0.727350,-0.448403,0.190146,-0.889418,-0.274314,-0.070940,-1.837036,1.252034,1.226535,2.755243,-0.017925,0.001050,0.012005,0.000030,-0.179318,0.000206,0.000421
26.890993,-0.728593,-0.763815,0.279552,-0.790560,-1.327557,-0.781603,0.127263,-0.322218,-0.958580,-0.176796,-0.009709,-0.724923,-0.448063,0.190076,-0.889449,-0.274308,-0.070916,-1.837036,1.251668,1.226534,2.755241,-0.017334,0.002557,0.012781,0.000030,-0.180024,-0.001031,-0.000184
26.891995,-0.726678,-0.760796,0.285371,-0.791519,-1.326185,-0.782600,0.126640,-0.322218,-0.958580,-0.176796,-0.009709,-0.724923,-0.448063,0.190076,-0.889449,-0.274308,-0.070916,-1.837036,1.251668,1.226534,2.755241,-0.017334,0.002557,0.012781,0.000030,-0.180024,-0.001031,-0.000184
26.893003,-0.730317,-0.762329,0.287899,-0.792482,-1.327133,-0.781157,0.125447,-0.324604,-0.969249,-0.178868,-0.004611,-0.723406,-0.447928,0.189992,-0.889469,-0.274311,-0.070906,-1.837036,1.251483,1.226538,2.755238,-0.018429,0.001404,0.011926,0.000822,-0.182093,0.000109,-0.001347
26.893992,-0.732688,-0.760047,0.294768,-0.792679,-1.326603,-0.780903,0.123800,-0.326184,-0.978758,-0.179870,-0.000359,-0.722014,-0.447892,0.189903,-0.889481,-0.274307,-0.070892,-1.837034,1.251301,1.226535,2.755237,-0.016804,0.002485,0.012707,0.001561,-0.181835,-0.001186,-0.001359
26.895046,-0.731597,-0.758366,0.295798,-0.791410,-1.328927,-0.781119,0.122573,-0.328008,-0.985942,-0.181060,0.002260,-0.720867,-0.447825,0.189833,-0.889495,-0.274308,-0.070883,-1.837036,1.251111,1.226535,2.755240,-0.015824,0.001679,0.011304,0.001627,-0.182968,-0.001271,-0.000447
26.896031,-0.732254,-0.756670,0.301899,-0.790991,-1.325840,-0.781224,0.121415,-0.330679,-0.990331,-0.183132,0.003338,-0.719957,-0.447621,0.189785,-0.889515,-0.274306,-0.070864,-1.837039,1.250936,1.226537,2.755237,-0.016539,0.001173,0.012901,0.000215,-0.181506,-0.000901,-0.000520
26.897003,-0.731976,-0.755872,0.307319,-0.791989,-1.325431,-0.780902,0.120409,-0.333766,-0.992008,-0.185553,0.003578,-0.719200,-0.447286,0.189741,-0.889531,-0.274307,-0.070854,-1.837039,1.250746,1.226534,2.755238,-0.016366,0.000673,0.011859,-0.000367,-0.185220,-0.000632,-0.000572
26.897958,-0.728980,-0.755240,0.309955,-0.791876,-1.324490,-0.781003,0.119790,-0.335932,-0.991432,-0.186676,0.003411,-0.718579,-0.446951,0.189688,-0.889547,-0.274307,-0.070845,-1.837038,1.250557,1.226535,2.755238,-0.016675,0.000599,0.011167,0.000458,-0.186156,-0.000809,-0.000896
26.899020,-0.736196,-0.756992,0.312545,-0.791737,-1.322688,-0.780484,0.116960,-0.335675,-0.988778,-0.184645,0.002601,-0.718186,-0.446800,0.189607,-0.889568,-0.274308,-0.070832,-1.837036,1.250365,1.226534,2.755235,-0.018292,0.000619,0.011795,0.000123,-0.187577,-0.000551,-0.001945
26.900025,-0.734689,-0.758991,0.312899,-0.793194,-1.319196,-0.781011,0.117325,-0.334507,-0.986472,-0.181415,0.002244,-0.717935,-0.446742,0.189484,-0.889577,-0.274304,-0.070817,-1.837038,1.250167,1.226533,2.755243,-0.014923,0.001822,0.012644,-0.000166,-0.190077,-0.000912,0.001176
26.900970,-0.733896,-0.752200,0.321917,-0.792782,-1.318175,-0.781798,0.114731,-0.336185,-0.988431,-0.181763,0.004180,-0.717613,-0.446479,0.189306,-0.889594,-0.274300,-0.070798,-1.837035,1.249966,1.226534,2.755233,-0.015874,0.003112,0.014441,0.001045,-0.194099,-0.000223,-0.001985
26.902085,-0.734843,-0.752103,0.324733,-0.792675,-1.317222,-0.781342,0.114190,-0.340260,-0.993006,-0.185138,0.007372,-0.717281,-0.446052,0.189087,-0.889612,-0.274306,-0.070790,-1.837036,1.249768,1.226538,2.755239,-0.016403,0.000073,0.011862,0.000485,-0.195487,0.000688,0.000969
26.902977,-0.736908,-0.754007,0.329225,-0.794834,-1.316060,-0.780292,0.113507,-0.343363,-0.994548,-0.187271,0.009223,-0.717137,-0.445673,0.188867,-0.889626,-0.274306,-0.070775,-1.837035,1.249564,1.226535,2.755237,-0.016201,0.000463,0.012944,0.000125,-0.197432,0.000421,-0.000821
26.903972,-0.738178,-0.754023,0.331341,-0.792479,-1.316263,-0.781109,0.111530,-0.345575,-0.993033,-0.188243,0.009623,-0.717145,-0.445330,0.188648,-0.889640,-0.274302,-0.070762,-1.837030,1.249361,1.226535,2.755231,-0.015405,0.001750,0.012926,0.002000,-0.199300,-0.000472,-0.001924
26.905092,-0.735925,-0.751750,0.336737,-0.793166,-1.316405,-0.781669,0.109913,-0.348919,-0.992885,-0.190607,0.010512,-0.717087,-0.444926,0.188420,-0.889655,-0.274300,-0.070744,-1.837036,1.249158,1.226537,2.755233,-0.015037,0.002139,0.014352,-0.000480,-0.200104,0.000534,-0.000740
26.906067,-0.740870,-0.749956,0.345051,-0.794354,-1.316845,-0.779985,0.107599,-0.353800,-0.996167,-0.194898,0.013261,-0.716817,-0.444461,0.188200,-0.889675,-0.274301,-0.070731,-1.837035,1.248953,1.226538,2.755232,-0.016458,0.001470,0.014498,-0.000042,-0.201360,0.001292,-0.000650
26.907061,-0.739513,-0.745079,0.348533,-0.794159,-1.315115,-0.779820,0.107819,-0.358843,-0.999860,-0.199385,0.016325,-0.716551,-0.444005,0.188022,-0.889685,-0.274301,-0.070722,-1.837033,1.248748,1.226534,2.755236,-0.014266,0.000978,0.012835,0.000888,-0.201853,-0.000209,0.001250
26.908108,-0.741017,-0.749671,0.354083,-0.795544,-1.313305,-0.779355,0.105165,-0.363130,-0.998773,-0.202833,0.016868,-0.716653,-0.443508,0.187907,-0.889703,-0.274307,-0.070708,-1.837031,1.248537,1.226535,2.755227,-0.015211,-0.000994,0.013616,0.000406,-0.204549,-0.000180,-0.001988
26.909087,-0.740707,-0.746408,0.357744,-0.794443,-1.311804,-0.779933,0.104516,-0.366729,-0.992838,-0.205292,0.014847,-0.717112,-0.442939,0.187842,-0.889717,-0.274299,-0.070693,-1.837029,1.248326,1.226533,2.755234,-0.014753,0.001690,0.013469,0.001523,-0.207465,-0.000443,0.000420
26.910013,-0.737995,-0.746912,0.363179,-0.794813,-1.311500,-0.779364,0.103082,-0.369811,-0.986834,-0.207035,0.012592,-0.717607,-0.442411,0.187807,-0.889733,-0.274302,-0.070677,-1.837031,1.248110,1.226534,2.755230,-0.015170,0.000463,0.014093,0.000232,-0.209809,0.000315,-0.001050
26.911047,-0.743425,-0.742543,0.369190,-0.794333,-1.311400,-0.780002,0.101290,-0.371755,-0.982825,-0.207332,0.011329,-0.717928,-0.442033,0.187782,-0.889753,-0.274300,-0.070665,-1.837029,1.247894,1.226534,2.755231,-0.016713,0.001096,0.013718,0.000361,-0.210783,-0.000094,-0.000762
26.912025,-0.742259,-0.745876,0.370863,-0.796434,-1.310794,-0.778602,0.100064,-0.372010,-0.979200,-0.205520,0.010445,-0.718106,-0.441816,0.187758,-0.889762,-0.274303,-0.070653,-1.837030,1.247682,1.226538,2.755233,-0.014327,-0.000638,0.013339,-0.000331,-0.211930,0.000722,-0.000073
26.912991,-0.744353,-0.742190,0.378956,-0.794836,-1.310179,-0.778006,0.098112,-0.372148,-0.974809,-0.203592,0.009128,-0.718255,-0.441599,0.187730,-0.889779,-0.274298,-0.070634,-1.837027,1.247464,1.226535,2.755232,-0.015183,0.001405,0.014926,0.001485,-0.213362,-0.000501,-0.000368
26.914085,-0.746685,-0.743621,0.383726,-0.794640,-1.308583,-0.779225,0.097221,-0.373137,-0.970517,-0.202779,0.007560,-0.718386,-0.441314,0.187681,-0.889792,-0.274301,-0.070626,-1.837032,1.247249,1.226533,2.755235,-0.014396,-0.000026,0.013349,-0.000229,-0.214790,-0.000898,0.000835
26.915033,-0.744445,-0.741679,0.391398,-0.796310,-1.309256,-0.779657,0.095282,-0.374328,-0.967854,-0.202265,0.006886,-0.718375,-0.441024,0.187587,-0.889804,-0.274298,-0.070611,-1.837033,1.247019,1.226537,2.755231,-0.013589,0.001124,0.013751,-0.000642,-0.217461,0.000513,-0.000455
26.916006,-0.745723,-0.739577,0.393031,-0.797414,-1.308655,-0.778836,0.093555,-0.374540,-0.967171,-0.200549,0.007305,-0.718225,-0.440888,0.187435,-0.889822,-0.274299,-0.070602,-1.837030,1.246800,1.226538,2.755234,-0.014940,0.000548,0.012335,0.000772,-0.217481,0.001106,0.000780
26.917067,-0.748292,-0.738282,0.399724,-0.795627,-1.309446,-0.778102,0.093455,-0.370796,-0.960208,-0.191820,0.003788,-0.718481,-0.441132,0.187003,-0.889849,-0.274300,-0.070572,-1.837032,1.246359,1.226535,2.755226,-0.013594,-0.000292,0.013295,-0.000354,-0.219128,-0.000066,-0.001266
26.918044,-0.746754,-0.736314,0.403962,-0.796349,-1.311290,-0.778585,0.091146,-0.370796,-0.960208,-0.191820,0.003788,-0.718481,-0.441132,0.187003,-0.889849,-0.274300,-0.070572,-1.837032,1.246359,1.226535,2.755226,-0.013594,-0.000292,0.013295,-0.000354,-0.219128,-0.000066,-0.001266
26.918933,-0.748946,-0.737870,0.409738,-0.796451,-1.309103,-0.777656,0.090752,-0.369155,-0.952816,-0.187704,-0.000043,-0.718834,-0.441134,0.186740,-0.889866,-0.274299,-0.070557,-1.837032,1.246139,1.226535,2.755231,-0.014617,-0.000877,0.013635,0.000174,-0.218067,0.000610,0.000641
26.920073,-0.746735,-0.735167,0.413756,-0.796873,-1.307830,-0.778628,0.088897,-0.367227,-0.944673,-0.183250,-0.004144,-0.719195,-0.441127,0.186470,-0.889879,-0.274297,-0.070546,-1.837033,1.245913,1.226535,2.755227,-0.013756,0.000259,0.012992,0.000087,-0.220767,-0.000172,-0.001082
26.920954,-0.747205,-0.735443,0.418629,-0.797002,-1.308411,-0.777507,0.087228,-0.364670,-0.937353,-0.178066,-0.007854,-0.719454,-0.441201,0.186189,-0.889897,-0.274300,-0.070528,-1.837032,1.245688,1.226535,2.755228,-0.015190,-0.000594,0.013858,0.000244,-0.223284,0.001028,-0.000544
26.922099,-0.747741,-0.734187,0.424413,-0.797948,-1.308134,-0.777451,0.086466,-0.361305,-0.930979,-0.171939,-0.011067,-0.719557,-0.441381,0.185892,-0.889910,-0.274299,-0.070515,-1.837032,1.245466,1.226534,2.755230,-0.015174,-0.000089,0.013615,0.000171,-0.223158,0.000057,0.000323
26.923079,-0.749240,-0.732938,0.426628,-0.797791,-1.309274,-0.777512,0.085095,-0.357139,-0.925162,-0.164857,-0.014093,-0.719542,-0.441669,0.185579,-0.889926,-0.274299,-0.070500,-1.837030,1.245239,1.226532,2.755226,-0.015243,-0.000249,0.013624,0.000816,-0.224694,0.000234,-0.001367
26.924025,-0.749612,-0.733294,0.430428,-0.795680,-1.309181,-0.777459,0.084029,-0.353252,-0.919485,-0.158170,-0.017249,-0.719459,-0.441951,0.185253,-0.889940,-0.274300,-0.070482,-1.837030,1.245018,1.226534,2.755228,-0.014765,-0.000455,0.014957,0.000429,-0.224342,0.000462,-0.001363
26.925001,-0.750697,-0.732354,0.439080,-0.795733,-1.307079,-0.777810,0.081945,-0.351317,-0.915186,-0.153999,-0.019513,-0.719195,-0.442052,0.184927,-0.889955,-0.274300,-0.070467,-1.837036,1.244791,1.226536,2.755225,-0.014827,0.000119,0.015405,-0.001768,-0.225073,0.000572,-0.001871
26.926117,-0.751470,-0.732877,0.443310,-0.798684,-1.308392,-0.777363,0.079856,-0.350780,-0.915023,-0.151673,-0.018881,-0.718511,-0.442050,0.184610,-0.889970,-0.274300,-0.070457,-1.837039,1.244557,1.226538,2.755225,-0.014542,0.000055,0.013568,-0.001853,-0.227853,0.001091,-0.000417
26.927007,-0.749478,-0.727906,0.447887,-0.798113,-1.309676,-0.775935,0.079324,-0.349823,-0.918180,-0.148895,-0.016183,-0.717533,-0.442164,0.184314,-0.889984,-0.274296,-0.070441,-1.837033,1.244327,1.226537,2.755226,-0.014502,0.000745,0.014291,0.000744,-0.227632,0.000849,0.000628
26.927983,-0.753428,-0.729686,0.453210,-0.796993,-1.309699,-0.775779,0.077055,-0.347981,-0.919841,-0.145016,-0.014704,-0.716704,-0.442394,0.184043,-0.890003,-0.274302,-0.070427,-1.837034,1.244097,1.226534,2.755220,-0.015690,-0.001332,0.014224,-0.000032,-0.226782,-0.000408,-0.000801
26.929047,-0.752709,-0.731658,0.456000,-0.798256,-1.310541,-0.775748,0.076399,-0.345594,-0.917985,-0.140413,-0.015211,-0.716154,-0.442606,0.183788,-0.890013,-0.274298,-0.070414,-1.837038,1.243865,1.226536,2.755226,-0.014008,-0.000048,0.014021,-0.001286,-0.227440,-0.000384,0.001015
26.930044,-0.752128,-0.729305,0.455898,-0.796105,-1.306458,-0.775525,0.074000,-0.343806,-0.917022,-0.136539,-0.015131,-0.715652,-0.442742,0.183538,-0.890028,-0.274296,-0.070397,-1.837035,1.243636,1.226537,2.755222,-0.014691,0.001355,0.015304,-0.000309,-0.227573,-0.000223,-0.000671
26.930933,-0.750178,-0.727124,0.462232,-0.798752,-1.302077,-0.775824,0.073257,-0.344366,-0.920738,-0.135640,-0.012434,-0.715016,-0.442714,0.183273,-0.890043,-0.274296,-0.070375,-1.837041,1.243393,1.226536,2.755228,-0.015249,0.000578,0.017788,-0.002575,-0.232332,-0.000261,0.001349
26.931999,-0.754046,-0.725272,0.471443,-0.798922,-1.298257,-0.775404,0.071750,-0.347239,-0.926959,-0.137724,-0.007864,-0.714328,-0.442449,0.182980,-0.890062,-0.274298,-0.070361,-1.837033,1.243148,1.226538,2.755225,-0.016408,-0.000119,0.016812,-0.000267,-0.236992,0.000196,0.000322
26.932983,-0.754741,-0.723730,0.472232,-0.799343,-1.296183,-0.775831,0.070237,-0.349750,-0.930984,-0.139454,-0.004024,-0.713883,-0.442133,0.182642,-0.890074,-0.274298,-0.070351,-1.837034,1.242898,1.226535,2.755224,-0.014785,-0.000600,0.014936,-0.000332,-0.241585,-0.000016,0.000370
26.934097,-0.757112,-0.725333,0.476793,-0.799603,-1.292444,-0.775338,0.069419,-0.351071,-0.930832,-0.139757,-0.002161,-0.713810,-0.441827,0.182254,-0.890088,-0.274300,-0.070327,-1.837034,1.242645,1.226536,2.755223,-0.014735,-0.000943,0.016945,-0.000126,-0.244132,0.000592,0.000645
26.934982,-0.756782,-0.722696,0.482481,-0.800396,-1.289494,-0.774322,0.067324,-0.353500,-0.928675,-0.141493,-0.001136,-0.713954,-0.441352,0.181832,-0.890101,-0.274296,-0.070309,-1.837035,1.242385,1.226537,2.755217,-0.013885,0.000300,0.017422,-0.000102,-0.248706,0.000291,-0.000832
26.935987,-0.757712,-0.724928,0.487961,-0.800399,-1.286966,-0.773792,0.066169,-0.357693,-0.926835,-0.145485,0.000132,-0.714154,-0.440688,0.181405,-0.890117,-0.274300,-0.070294,-1.837031,1.242129,1.226533,2.755221,-0.014275,-0.000625,0.016769,0.000409,-0.251798,-0.000545,0.000896
26.937104,-0.757305,-0.719095,0.491589,-0.802890,-1.285437,-0.774186,0.064430,-0.361964,-0.926153,-0.149589,0.001951,-0.714329,-0.440009,0.180997,-0.890129,-0.274294,-0.070278,-1.837029,1.241867,1.226532,2.755220,-0.014116,0.000864,0.016545,0.000130,-0.254792,-0.000879,0.000375
26.937937,-0.760112,-0.723737,0.496527,-0.802523,-1.284479,-0.772913,0.063932,-0.365454,-0.925054,-0.152674,0.003195,-0.714590,-0.439394,0.180602,-0.890144,-0.274301,-0.070259,-1.837023,1.241610,1.226533,2.755222,-0.014656,-0.001549,0.017522,0.002243,-0.257168,-0.000273,0.000729
26.938945,-0.758825,-0.720319,0.500597,-0.802506,-1.282152,-0.774547,0.063265,-0.368709,-0.921610,-0.155361,0.002446,-0.715112,-0.438790,0.180206,-0.890155,-0.274295,-0.070242,-1.837023,1.241345,1.226532,2.755219,-0.013479,0.001101,0.017078,0.001657,-0.258024,-0.001405,-0.000615
26.939978,-0.760116,-0.719969,0.500705,-0.802061,-1.279302,-0.773643,0.060550,-0.371927,-0.918441,-0.157873,0.001043,-0.715745,-0.438243,0.179789,-0.890172,-0.274299,-0.070224,-1.837021,1.241081,1.226536,2.755215,-0.014401,-0.000183,0.017542,0.001373,-0.260825,0.000420,-0.002087
26.941124,-0.760318,-0.718740,0.511623,-0.802252,-1.276789,-0.773796,0.060195,-0.375805,-0.917077,-0.161133,0.000267,-0.716283,-0.437692,0.179369,-0.890185,-0.274299,-0.070199,-1.837021,1.240810,1.226532,2.755217,-0.014050,0.000092,0.019988,0.000692,-0.264137,-0.000297,0.000480
26.942050,-0.760608,-0.718834,0.515884,-0.802476,-1.274206,-0.774870,0.057544,-0.380589,-0.917017,-0.165517,0.000271,-0.716630,-0.437061,0.178975,-0.890200,-0.274298,-0.070189,-1.837021,1.240540,1.226532,2.755210,-0.014298,-0.000067,0.017440,0.000632,-0.267474,0.000077,-0.002042
26.942987,-0.763213,-0.715444,0.521233,-0.803934,-1.274424,-0.773514,0.057068,-0.383929,-0.918755,-0.168089,0.001263,-0.716725,-0.436597,0.178617,-0.890215,-0.274297,-0.070172,-1.837021,1.240264,1.226537,2.755216,-0.014398,0.000366,0.017629,0.000650,-0.270126,0.001298,0.000696
26.943949,-0.760011,-0.715115,0.524889,-0.802624,-1.271115,-0.773076,0.055004,-0.384874,-0.920351,-0.167598,0.001884,-0.716726,-0.436397,0.178304,-0.890226,-0.274301,-0.070157,-1.837017,1.239990,1.226534,2.755212,-0.013375,-0.000911,0.017286,0.001817,-0.270016,0.000108,-0.001002
26.945103,-0.765913,-0.714926,0.528002,-0.802345,-1.272129,-0.773802,0.054296,-0.384200,-0.919323,-0.164938,0.000785,-0.716800,-0.436327,0.178036,-0.890244,-0.274299,-0.070139,-1.837019,1.239708,1.226533,2.755216,-0.015223,-0.000678,0.017835,0.000316,-0.273498,-0.000134,0.000447
26.946039,-0.762023,-0.712909,0.534682,-0.802225,-1.271565,-0.774035,0.053354,-0.383252,-0.917544,-0.161816,-0.000710,-0.716795,-0.436257,0.177793,-0.890252,-0.274299,-0.070116,-1.837019,1.239432,1.226537,2.755213,-0.012658,-0.000291,0.019116,-0.000203,-0.273223,0.000788,-0.001390
26.947009,-0.764598,-0.712935,0.541801,-0.803245,-1.271963,-0.773649,0.051272,-0.383146,-0.917059,-0.159677,-0.001446,-0.716612,-0.436130,0.177556,-0.890271,-0.274300,-0.070101,-1.837021,1.239153,1.226537,2.755210,-0.014848,-0.000918,0.018092,-0.000491,-0.273886,0.001192,-0.002102
26.947953,-0.764550,-0.713060,0.545276,-0.802329,-1.269470,-0.773609,0.050562,-0.381899,-0.916742,-0.156028,-0.002345,-0.716420,-0.436173,0.177336,-0.890282,-0.274299,-0.070086,-1.837019,1.238879,1.226534,2.755212,-0.013837,-0.000497,0.016968,0.000268,-0.273710,0.000995,-0.000640
26.949111,-0.765907,-0.712689,0.554909,-0.803551,-1.270871,-0.773283,0.047955,-0.378324,-0.916918,-0.149384,-0.003444,-0.716263,-0.436523,0.177147,-0.890299,-0.274299,-0.070068,-1.837023,1.238599,1.226536,2.755208,-0.014099,-0.000044,0.017568,-0.000785,-0.276337,0.001119,-0.001875
26.950044,-0.766266,-0.711695,0.555850,-0.802459,-1.269627,-0.773239,0.046533,-0.372811,-0.919021,-0.140250,-0.003983,-0.716053,-0.437150,0.176979,-0.890312,-0.274297,-0.070057,-1.837021,1.238323,1.226533,2.755211,-0.013777,0.000230,0.015713,0.000153,-0.275692,0.001023,0.000115
26.950942,-0.764453,-0.710085,0.561447,-0.803628,-1.268792,-0.772587,0.046657,-0.365752,-0.922916,-0.129098,-0.003971,-0.715769,-0.438002,0.176818,-0.890324,-0.274298,-0.070036,-1.837024,1.238042,1.226534,2.755211,-0.013880,0.000134,0.017530,-0.001083,-0.277009,0.001148,0.000333
26.952043,-0.764373,-0.710236,0.563752,-0.803042,-1.268670,-0.771203,0.043730,-0.358194,-0.927205,-0.117225,-0.003932,-0.715449,-0.438924,0.176635,-0.890344,-0.274300,-0.070019,-1.837023,1.237760,1.226533,2.755205,-0.014975,-0.000283,0.016926,-0.000137,-0.277775,0.000661,-0.002440
26.953044,-0.765105,-0.709254,0.568251,-0.803677,-1.268619,-0.771881,0.042734,-0.350686,-0.930756,-0.105339,-0.004310,-0.715112,-0.439822,0.176410,-0.890360,-0.274299,-0.069997,-1.837026,1.237481,1.226532,2.755211,-0.015311,0.000245,0.018491,-0.000893,-0.278488,-0.000522,0.000362
26.953927,-0.766600,-0.710436,0.573355,-0.802987,-1.269602,-0.772408,0.040704,-0.344132,-0.933950,-0.094653,-0.004864,-0.714690,-0.440606,0.176155,-0.890374,-0.274299,-0.069977,-1.837026,1.237199,1.226535,2.755207,-0.015221,0.000166,0.018671,-0.000471,-0.278783,0.000341,-0.000465
26.955018,-0.764639,-0.705338,0.579401,-0.802833,-1.269735,-0.772787,0.040293,-0.339076,-0.938050,-0.085924,-0.004954,-0.714112,-0.441276,0.175880,-0.890389,-0.274297,-0.069959,-1.837030,1.236921,1.226535,2.755209,-0.014698,0.001116,0.018281,-0.001276,-0.277720,0.001028,0.001138
26.955938,-0.766093,-0.707488,0.585325,-0.803440,-1.271617,-0.771718,0.038508,-0.334386,-0.942449,-0.077731,-0.004749,-0.713436,-0.441946,0.175594,-0.890409,-0.274302,-0.069942,-1.837031,1.236639,1.226536,2.755204,-0.015953,-0.000944,0.017989,-0.001663,-0.278131,0.001603,-0.001114
26.956977,-0.763231,-0.704516,0.587230,-0.805131,-1.271058,-0.771012,0.036990,-0.328635,-0.944994,-0.068231,-0.005213,-0.712824,-0.442702,0.175302,-0.890424,-0.274301,-0.069924,-1.837032,1.236363,1.226533,2.755207,-0.015447,0.000531,0.017276,-0.001231,-0.276289,0.000708,-0.000099
26.957979,-0.765562,-0.707112,0.590587,-0.803451,-1.268987,-0.769867,0.035732,-0.321776,-0.944642,-0.057335,-0.007236,-0.712442,-0.443534,0.175005,-0.890443,-0.274301,-0.069902,-1.837030,1.236083,1.226533,2.755206,-0.017135,-0.000544,0.018880,0.000195,-0.277265,0.000193,0.000023
26.958933,-0.766232,-0.702230,0.595942,-0.802931,-1.265620,-0.769388,0.034260,-0.315450,-0.942680,-0.047150,-0.010182,-0.712224,-0.444282,0.174690,-0.890457,-0.274297,-0.069881,-1.837036,1.235795,1.226530,2.755200,-0.016227,0.001151,0.019636,-0.001604,-0.279550,-0.000756,-0.000245
26.959945,-0.768228,-0.703424,0.599400,-0.804694,-1.266553,-0.768981,0.033355,-0.311116,-0.941548,-0.039576,-0.011966,-0.711870,-0.444762,0.174352,-0.890474,-0.274303,-0.069861,-1.837040,1.235512,1.226531,2.755198,-0.016141,-0.000864,0.019279,-0.002224,-0.283025,-0.001058,0.000040
26.960922,-0.766873,-0.705029,0.605619,-0.805653,-1.265843,-0.769878,0.031891,-0.309091,-0.940281,-0.035005,-0.012745,-0.711343,-0.444887,0.174013,-0.890488,-0.274299,-0.069840,-1.837036,1.235231,1.226533,2.755197,-0.015425,0.000146,0.020023,-0.000750,-0.282348,-0.001286,-0.000995
26.962030,-0.768824,-0.702124,0.609880,-0.805553,-1.265309,-0.769559,0.030137,-0.308678,-0.938507,-0.032539,-0.013548,-0.710757,-0.444819,0.173691,-0.890508,-0.274295,-0.069822,-1.837036,1.234946,1.226534,2.755198,-0.016324,0.001305,0.019315,-0.000020,-0.283219,-0.000203,-0.000792
26.962999,-0.767915,-0.704567,0.613988,-0.804506,-1.267577,-0.769533,0.029569,-0.308703,-0.937515,-0.030706,-0.014269,-0.710076,-0.444787,0.173389,-0.890523,-0.274298,-0.069801,-1.837036,1.234657,1.226535,2.755197,-0.015655,0.000328,0.019920,-0.000374,-0.284264,-0.000340,-0.000379
26.964004,-0.767938,-0.699326,0.615143,-0.805955,-1.268347,-0.769094,0.027347,-0.309024,-0.938061,-0.029305,-0.014206,-0.709159,-0.444811,0.173092,-0.890541,-0.274293,-0.069781,-1.837040,1.234382,1.226535,2.755193,-0.016349,0.001914,0.020233,-0.001558,-0.282191,-0.000181,-0.001963
26.964947,-0.765292,-0.696669,0.619584,-0.806787,-1.272557,-0.769193,0.026646,-0.310379,-0.939623,-0.029254,-0.013412,-0.707990,-0.444786,0.172800,-0.890559,-0.274298,-0.069755,-1.837036,1.234102,1.226536,2.755197,-0.016571,-0.000257,0.022068,-0.000399,-0.281720,-0.000445,-0.000317
26.966057,-0.767895,-0.698781,0.626543,-0.806850,-1.272072,-0.768211,0.024892,-0.312884,-0.936390,-0.030681,-0.015129,-0.706959,-0.444590,0.172541,-0.890579,-0.274301,-0.069732,-1.837036,1.233834,1.226536,2.755194,-0.018089,-0.001150,0.022092,0.000204,-0.277692,-0.000168,-0.001572
26.966963,-0.765752,-0.697990,0.629155,-0.805085,-1.275518,-0.768760,0.023494,-0.315303,-0.926453,-0.032065,-0.020632,-0.706238,-0.444320,0.172319,-0.890594,-0.274297,-0.069712,-1.837038,1.233553,1.226533,2.755193,-0.017091,0.000347,0.021342,0.000057,-0.278826,-0.000938,-0.001149
26.968051,-0.768284,-0.697480,0.633839,-0.805267,-1.274827,-0.768466,0.022794,-0.316680,-0.915732,-0.032272,-0.026642,-0.705456,-0.444165,0.172112,-0.890614,-0.274297,-0.069688,-1.837043,1.233286,1.226532,2.755192,-0.018351,0.000313,0.022199,-0.001793,-0.275445,-0.000206,-0.000891
26.968979,-0.767546,-0.698185,0.642031,-0.806282,-1.276636,-0.768591,0.020778,-0.317504,-0.908271,-0.031962,-0.030536,-0.704312,-0.444120,0.171901,-0.890631,-0.274297,-0.069665,-1.837046,1.233005,1.226534,2.755189,-0.017359,0.000513,0.022506,-0.001769,-0.276718,-0.000320,-0.002543
26.969946,-0.765343,-0.696453,0.642169,-0.806920,-1.278318,-0.767930,0.019637,-0.317558,-0.904297,-0.030854,-0.032227,-0.702821,-0.444225,0.171683,-0.890652,-0.274295,-0.069647,-1.837044,1.232732,1.226535,2.755190,-0.017912,0.001233,0.020674,-0.000999,-0.274993,-0.000026,-0.001083
26.971006,-0.767341,-0.696604,0.645793,-0.807006,-1.281378,-0.768370,0.018815,-0.315845,-0.902329,-0.027638,-0.032958,-0.701156,-0.444590,0.171475,-0.890673,-0.274295,-0.069619,-1.837042,1.232466,1.226534,2.755189,-0.019198,0.000756,0.022902,-0.000631,-0.273618,-0.000510,-0.001520
26.972118,-0.764612,-0.694906,0.649583,-0.806695,-1.283774,-0.767508,0.016033,-0.313680,-0.900631,-0.023899,-0.033829,-0.699468,-0.445055,0.171285,-0.890691,-0.274294,-0.069595,-1.837044,1.232197,1.226536,2.755185,-0.018451,0.001276,0.023642,-0.000752,-0.271120,0.000122,-0.002837
26.973052,-0.767643,-0.696208,0.650994,-0.806389,-1.288022,-0.766809,0.016344,-0.312707,-0.898900,-0.021671,-0.034847,-0.697797,-0.445420,0.171107,-0.890716,-0.274295,-0.069568,-1.837046,1.231930,1.226533,2.755190,-0.020043,0.000887,0.024415,-0.001254,-0.269475,-0.000525,-0.000367
26.973967,-0.767153,-0.694625,0.658127,-0.807828,-1.288645,-0.765960,0.013630,-0.313555,-0.898027,-0.021744,-0.035332,-0.696120,-0.445608,0.170933,-0.890732,-0.274291,-0.069538,-1.837048,1.231675,1.226532,2.755180,-0.018728,0.001897,0.025876,-0.001722,-0.265514,-0.001049,-0.003627
26.975091,-0.765122,-0.695105,0.662471,-0.807042,-1.288536,-0.765474,0.012534,-0.319390,-0.898859,-0.027129,-0.034984,-0.693015,-0.445570,0.170566,-0.890776,-0.274286,-0.069489,-1.837050,1.231145,1.226535,2.755183,-0.020416,0.002131,0.025022,-0.001479,-0.266007,-0.002022,-0.001705
26.976105,-0.765864,-0.694909,0.667173,-0.809758,-1.289050,-0.765883,0.011362,-0.319390,-0.898859,-0.027129,-0.034984,-0.693015,-0.445570,0.170566,-0.890776,-0.274286,-0.069489,-1.837050,1.231145,1.226535,2.755183,-0.020416,0.002131,0.025022,-0.001479,-0.266007,-0.002022,-0.001705
26.976960,-0.764315,-0.694904,0.668447,-0.808126,-1.289608,-0.766205,0.009553,-0.320735,-0.900049,-0.027850,-0.034573,-0.691626,-0.445720,0.170345,-0.890794,-0.274286,-0.069463,-1.837043,1.230879,1.226536,2.755181,-0.020270,0.002448,0.025077,0.000874,-0.265937,-0.001423,-0.002185
26.978073,-0.764721,-0.691079,0.674469,-0.808275,-1.290260,-0.767597,0.008641,-0.320994,-0.902042,-0.027201,-0.034068,-0.690306,-0.446033,0.170081,-0.890817,-0.274280,-0.069432,-1.837047,1.230613,1.226534,2.755181,-0.021165,0.002734,0.026387,-0.000909,-0.265344,-0.000936,-0.000943
26.978953,-0.765858,-0.692566,0.675200,-0.809196,-1.290825,-0.766623,0.006636,-0.320700,-0.904309,-0.025847,-0.033349,-0.688985,-0.446427,0.169786,-0.890839,-0.274285,-0.069405,-1.837047,1.230345,1.226536,2.755174,-0.021201,0.001320,0.026031,-0.000979,-0.265436,0.000662,-0.002233
26.980049,-0.763399,-0.695568,0.677897,-0.809136,-1.289445,-0.767090,0.005712,-0.320577,-0.905537,-0.024714,-0.032826,-0.687677,-0.446776,0.169467,-0.890859,-0.274279,-0.069377,-1.837047,1.230081,1.226532,2.755177,-0.020787,0.002391,0.027708,-0.000259,-0.264924,-0.000151,-0.000670
26.981003,-0.767258,-0.693918,0.683768,-0.811413,-1.289791,-0.768295,0.005511,-0.321918,-0.908204,-0.025491,-0.031535,-0.686294,-0.447007,0.169113,-0.890883,-0.274271,-0.069346,-1.837047,1.229807,1.226534,2.755173,-0.022246,0.004254,0.028936,-0.000563,-0.266951,0.000520,-0.001902
26.982032,-0.764239,-0.688790,0.689116,-0.809955,-1.289412,-0.765944,0.003036,-0.324840,-0.915046,-0.028373,-0.028493,-0.684775,-0.447202,0.168709,-0.890899,-0.274269,-0.069319,-1.837042,1.229543,1.226536,2.755167,-0.020523,0.003783,0.028223,0.001392,-0.266874,0.001894,-0.004156
26.983042,-0.764089,-0.689414,0.693265,-0.810606,-1.290626,-0.766735,0.001669,-0.327969,-0.921617,-0.031550,-0.025962,-0.683431,-0.447389,0.168292,-0.890925,-0.274272,-0.069293,-1.837047,1.229269,1.226530,2.755169,-0.022225,0.001664,0.028003,-0.000211,-0.267683,-0.000267,-0.002057
26.984072,-0.769639,-0.689647,0.693374,-0.809351,-1.288021,-0.766816,-0.000154,-0.329660,-0.923785,-0.032861,-0.025474,-0.682458,-0.447560,0.167901,-0.890947,-0.274267,-0.069262,-1.837046,1.229006,1.226534,2.755167,-0.022476,0.002368,0.028288,0.000202,-0.266916,0.000718,-0.002161
26.984956,-0.768494,-0.691085,0.696767,-0.810075,-1.288594,-0.765899,-0.000275,-0.331496,-0.924194,-0.034315,-0.025293,-0.681676,-0.447572,0.167533,-0.890962,-0.274263,-0.069228,-1.837050,1.228731,1.226533,2.755166,-0.019959,0.002869,0.030606,-0.001205,-0.269975,0.000987,-0.001390
26.986013,-0.766935,-0.691665,0.700906,-0.812032,-1.286103,-0.764243,-0.002041,-0.336908,-0.927390,-0.040252,-0.023004,-0.680802,-0.447179,0.167170,-0.890985,-0.274260,-0.069196,-1.837050,1.228465,1.226535,2.755161,-0.020696,0.003915,0.030895,-0.000658,-0.269419,0.000213,-0.003630
26.986936,-0.764580,-0.691039,0.703802,-0.813281,-1.286486,-0.764338,-0.003786,-0.345325,-0.934615,-0.049952,-0.018413,-0.679788,-0.446511,0.166811,-0.891009,-0.274256,-0.069167,-1.837046,1.228185,1.226531,2.755158,-0.021664,0.004600,0.031315,0.000981,-0.272386,-0.001232,-0.003019
26.988010,-0.764222,-0.689155,0.711379,-0.812171,-1.285805,-0.763444,-0.005199,-0.353998,-0.943782,-0.059964,-0.013333,-0.678807,-0.445877,0.166481,-0.891034,-0.274253,-0.069134,-1.837042,1.227915,1.226531,2.755156,-0.022966,0.004626,0.031956,0.001924,-0.272102,-0.000950,-0.002101
26.989075,-0.771333,-0.687418,0.712074,-0.812131,-1.284425,-0.764360,-0.006712,-0.360729,-0.952503,-0.067525,-0.009004,-0.677942,-0.445454,0.166197,-0.891058,-0.274251,-0.069106,-1.837044,1.227642,1.226530,2.755154,-0.023331,0.004108,0.030703,0.000601,-0.273372,-0.001649,-0.002289
26.989985,-0.766734,-0.689161,0.717054,-0.813399,-1.283122,-0.765287,-0.007206,-0.366246,-0.959731,-0.073515,-0.005251,-0.677129,-0.445088,0.165944,-0.891072,-0.274248,-0.069068,-1.837044,1.227364,1.226530,2.755152,-0.020059,0.003643,0.032800,0.000335,-0.275250,-0.000525,-0.002228
26.990964,-0.765527,-0.684154,0.721564,-0.811054,-1.284100,-0.764711,-0.008660,-0.372924,-0.965873,-0.080882,-0.001671,-0.676332,-0.444555,0.165700,-0.891098,-0.274242,-0.069037,-1.837039,1.227085,1.226534,2.755145,-0.022520,0.004839,0.032360,0.001291,-0.276550,0.000546,-0.003779
26.992113,-0.765232,-0.686746,0.725810,-0.812353,-1.284187,-0.763763,-0.010449,-0.379124,-0.971144,-0.087523,0.001772,-0.675556,-0.444074,0.165457,-0.891122,-0.274244,-0.069006,-1.837044,1.226815,1.226534,2.755143,-0.023258,0.002733,0.032372,-0.001183,-0.275857,0.000139,-0.003586
26.993073,-0.766706,-0.688527,0.729916,-0.812842,-1.285790,-0.764277,-0.011832,-0.382889,-0.975313,-0.090929,0.005229,-0.674769,-0.443804,0.165215,-0.891147,-0.274236,-0.068972,-1.837042,1.226535,1.226531,2.755142,-0.023629,0.004453,0.032933,-0.000161,-0.276508,-0.000585,-0.003222
26.994223,-0.764789,-0.683633,0.735947,-0.813229,-1.286990,-0.763152,-0.013632,-0.385079,-0.980776,-0.092161,0.009486,-0.673886,-0.443726,0.164950,-0.891168,-0.274229,-0.068939,-1.837042,1.226268,1.226531,2.755138,-0.023066,0.005651,0.033062,0.000105,-0.275161,0.000121,-0.003129
26.995050,-0.763538,-0.683911,0.737479,-0.814177,-1.289043,-0.764017,-0.014116,-0.386057,-0.987404,-0.091636,0.013913,-0.672961,-0.443845,0.164641,-0.891192,-0.274230,-0.068906,-1.837042,1.225989,1.226530,2.755136,-0.024268,0.003668,0.032738,0.000241,-0.274712,-0.000802,-0.002737
26.996006,-0.766991,-0.683440,0.744955,-0.812210,-1.288463,-0.763170,-0.015454,-0.385366,-0.990609,-0.088717,0.016093,-0.672235,-0.444118,0.164292,-0.891218,-0.274225,-0.068869,-1.837039,1.225720,1.226531,2.755129,-0.024954,0.004108,0.033773,0.000932,-0.272492,0.000225,-0.004077
26.997009,-0.762977,-0.683539,0.745174,-0.812395,-1.289905,-0.763865,-0.016651,-0.383250,-0.990291,-0.083732,0.016175,-0.671704,-0.444505,0.163894,-0.891239,-0.274221,-0.068839,-1.837044,1.225448,1.226533,2.755123,-0.023385,0.004220,0.032220,-0.001151,-0.273315,-0.000477,-0.004039
26.998024,-0.763832,-0.678270,0.746728,-0.813973,-1.288189,-0.762658,-0.017100,-0.380356,-0.990215,-0.077553,0.016610,-0.671119,-0.444973,0.163430,-0.891267,-0.274216,-0.068800,-1.837045,1.225179,1.226534,2.755116,-0.025546,0.004630,0.034375,-0.001157,-0.272240,0.000412,-0.004431
26.999005,-0.764043,-0.676406,0.750893,-0.814639,-1.289786,-0.762571,-0.018714,-0.377987,-0.988902,-0.071886,0.016743,-0.670581,-0.445353,0.162905,-0.891292,-0.274217,-0.068762,-1.837042,1.224898,1.226531,2.755106,-0.025258,0.002405,0.035867,0.000143,-0.274294,-0.000605,-0.006350
27.000039,-0.762298,-0.678755,0.756455,-0.813769,-1.288882,-0.763040,-0.019248,-0.377619,-0.980499,-0.068630,0.013299,-0.670506,-0.445377,0.162352,-0.891317,-0.274214,-0.068727,-1.837042,1.224633,1.226529,2.755101,-0.025297,0.001857,0.035983,0.000577,-0.273022,-0.000491,-0.005821
27.001029,-0.767616,-0.678256,0.760097,-0.813913,-1.291938,-0.761730,-0.021683,-0.378328,-0.966051,-0.066713,0.006732,-0.670897,-0.445152,0.161797,-0.891347,-0.274208,-0.068692,-1.837044,1.224357,1.226533,2.755090,-0.026298,0.003417,0.035568,-0.000490,-0.274369,0.000152,-0.007629
27.002005,-0.765695,-0.676548,0.763562,-0.812548,-1.290757,-0.762400,-0.022819,-0.379187,-0.952330,-0.065046,0.000601,-0.671391,-0.444898,0.161247,-0.891365,-0.274205,-0.068655,-1.837046,1.224090,1.226530,2.755085,-0.023839,0.003530,0.035967,-0.000507,-0.271639,-0.000975,-0.005473
27.003083,-0.769998,-0.675941,0.769109,-0.815620,-1.290947,-0.762140,-0.023787,-0.381228,-0.941985,-0.064911,-0.003458,-0.671802,-0.444523,0.160705,-0.891393,-0.274202,-0.068617,-1.837050,1.223812,1.226533,2.755077,-0.024962,0.003070,0.036565,-0.002017,-0.273253,-0.000116,-0.006052
27.004122,-0.765584,-0.675919,0.774192,-0.815401,-1.288753,-0.761389,-0.025785,-0.384997,-0.933487,-0.066958,-0.006237,-0.672200,-0.443952,0.160166,-0.891413,-0.274199,-0.068580,-1.837043,1.223536,1.226534,2.755065,-0.023123,0.003271,0.036794,0.000625,-0.274215,-0.000159,-0.007530
27.005008,-0.766026,-0.674483,0.777071,-0.815678,-1.289246,-0.761396,-0.026001,-0.389728,-0.925473,-0.070210,-0.008946,-0.672723,-0.443291,0.159640,-0.891444,-0.274196,-0.068544,-1.837043,1.223250,1.226530,2.755060,-0.025561,0.003741,0.037137,0.000088,-0.277338,-0.000672,-0.006815
27.006036,-0.765427,-0.672089,0.783723,-0.815787,-1.286393,-0.761670,-0.028992,-0.394011,-0.918376,-0.072916,-0.011454,-0.673328,-0.442694,0.159146,-0.891470,-0.274192,-0.068505,-1.837041,1.222971,1.226532,2.755046,-0.025485,0.003397,0.038061,0.000091,-0.277236,-0.000477,-0.009195
27.006997,-0.767427,-0.671567,0.791719,-0.813451,-1.285565,-0.761747,-0.029331,-0.397037,-0.911731,-0.074086,-0.013709,-0.673967,-0.442204,0.158691,-0.891496,-0.274192,-0.068469,-1.837043,1.222687,1.226529,2.755046,-0.026032,0.002713,0.037575,-0.000040,-0.281022,0.000035,-0.006453
27.007998,-0.764574,-0.672132,0.792625,-0.815230,-1.284738,-0.761112,-0.031287,-0.397959,-0.905718,-0.072666,-0.015108,-0.674526,-0.441856,0.158262,-0.891521,-0.274188,-0.068437,-1.837048,1.222398,1.226529,2.755031,-0.025228,0.002887,0.036257,-0.002518,-0.282412,0.000315,-0.008838
27.009024,-0.766730,-0.668580,0.798878,-0.816832,-1.285495,-0.762129,-0.033067,-0.396607,-0.902703,-0.068447,-0.014138,-0.674810,-0.441687,0.157831,-0.891552,-0.274183,-0.068394,-1.837046,1.222106,1.226529,2.755024,-0.026852,0.003608,0.038523,-0.001016,-0.283962,-0.000112,-0.008074
27.009986,-0.765681,-0.669157,0.803411,-0.816986,-1.285344,-0.762154,-0.034062,-0.394385,-0.901064,-0.063194,-0.012320,-0.675023,-0.441603,0.157397,-0.891576,-0.274184,-0.068356,-1.837043,1.221822,1.226533,2.755016,-0.026009,0.002326,0.038190,0.000219,-0.284069,0.001119,-0.007768
27.011014,-0.764060,-0.666928,0.809785,-0.817766,-1.283867,-0.762585,-0.035681,-0.392002,-0.897299,-0.057791,-0.012168,-0.675477,-0.441556,0.156972,-0.891605,-0.274180,-0.068318,-1.837043,1.221534,1.226533,2.755003,-0.026725,0.003059,0.038547,0.000095,-0.284837,0.001337,-0.008818
27.012084,-0.765294,-0.667465,0.812093,-0.816674,-1.284994,-0.761179,-0.036285,-0.388623,-0.891508,-0.051206,-0.013713,-0.676149,-0.441659,0.156553,-0.891633,-0.274178,-0.068281,-1.837041,1.221244,1.226533,2.754996,-0.027754,0.002424,0.038196,0.000574,-0.287151,0.001990,-0.008828
27.013053,-0.765653,-0.666135,0.818893,-0.817025,-1.283505,-0.761879,-0.037990,-0.384300,-0.885511,-0.043524,-0.015744,-0.676853,-0.441901,0.156127,-0.891660,-0.274174,-0.068237,-1.837045,1.220955,1.226529,2.754979,-0.027384,0.003179,0.039950,-0.000733,-0.286996,0.000818,-0.011000
27.014017,-0.766164,-0.667201,0.824674,-0.817517,-1.282496,-0.759703,-0.038974,-0.380441,-0.881440,-0.036514,-0.016775,-0.677407,-0.442118,0.155679,-0.891688,-0.274171,-0.068200,-1.837043,1.220657,1.226533,2.754969,-0.027383,0.002955,0.039177,-0.000680,-0.289044,0.001723,-0.010628
27.015063,-0.766535,-0.663996,0.827382,-0.818701,-1.283081,-0.758859,-0.040067,-0.376958,-0.880512,-0.030033,-0.016121,-0.677755,-0.442318,0.155211,-0.891716,-0.274165,-0.068161,-1.837043,1.220363,1.226530,2.754957,-0.027320,0.003899,0.038903,-0.000454,-0.290608,-0.000256,-0.011709
27.016071,-0.763091,-0.661173,0.834933,-0.818315,-1.282417,-0.759118,-0.041680,-0.373871,-0.881334,-0.024018,-0.014743,-0.678033,-0.442470,0.154737,-0.891742,-0.274163,-0.068118,-1.837039,1.220071,1.226531,2.754942,-0.027381,0.002771,0.040391,0.000371,-0.290884,-0.000873,-0.012811
27.016983,-0.764960,-0.664285,0.840007,-0.818647,-1.281293,-0.759706,-0.042098,-0.371088,-0.880206,-0.018289,-0.014616,-0.678471,-0.442515,0.154265,-0.891774,-0.274165,-0.068080,-1.837043,1.219776,1.226530,2.754930,-0.029286,0.001890,0.039349,-0.000219,-0.292270,-0.000377,-0.012754
27.018018,-0.767430,-0.663626,0.843957,-0.820164,-1.281740,-0.759285,-0.044001,-0.366855,-0.877384,-0.010680,-0.015546,-0.679042,-0.442668,0.153785,-0.891800,-0.274157,-0.068040,-1.837041,1.219481,1.226532,2.754911,-0.028500,0.003831,0.039258,-0.000165,-0.293749,0.000394,-0.014775
27.018969,-0.765986,-0.660843,0.844598,-0.820053,-1.280675,-0.759468,-0.044540,-0.361782,-0.876778,-0.002017,-0.015804,-0.679571,-0.443001,0.153280,-0.891825,-0.274152,-0.067998,-1.837039,1.219185,1.226530,2.754899,-0.027525,0.003932,0.040097,0.001028,-0.294081,0.000198,-0.014209
27.020023,-0.765139,-0.662983,0.847228,-0.819700,-1.283958,-0.758277,-0.045373,-0.358712,-0.877749,0.004145,-0.015923,-0.680100,-0.443235,0.152743,-0.891854,-0.274151,-0.067952,-1.837040,1.218890,1.226531,2.754882,-0.028422,0.002982,0.042280,0.000684,-0.295664,0.000585,-0.016132
27.021105,-0.766751,-0.660048,0.856108,-0.821039,-1.284548,-0.757490,-0.047690,-0.359277,-0.879256,0.005740,-0.016167,-0.680594,-0.443163,0.152158,-0.891885,-0.274144,-0.067909,-1.837042,1.218603,1.226530,2.754861,-0.029048,0.004514,0.043796,0.000096,-0.293291,-0.000387,-0.017752
27.022041,-0.766039,-0.656473,0.864579,-0.818972,-1.285228,-0.757796,-0.048324,-0.362711,-0.882136,0.003681,-0.016021,-0.680977,-0.442863,0.151501,-0.891911,-0.274145,-0.067869,-1.837039,1.218311,1.226530,2.754848,-0.028495,0.003568,0.042305,0.001083,-0.293731,-0.000944,-0.016498
27.022984,-0.767037,-0.655662,0.866765,-0.819129,-1.286056,-0.758611,-0.050811,-0.365746,-0.884032,0.002097,-0.016465,-0.681361,-0.442589,0.150774,-0.891941,-0.274143,-0.067832,-1.837043,1.218016,1.226531,2.754824,-0.029007,0.002225,0.040617,-0.001170,-0.293493,-0.000432,-0.018162
27.024071,-0.767190,-0.657281,0.875056,-0.818831,-1.284598,-0.757229,-0.051570,-0.366299,-0.883211,0.003650,-0.017786,-0.681766,-0.442482,0.149989,-0.891968,-0.274142,-0.067786,-1.837043,1.217724,1.226533,2.754811,-0.028691,0.002280,0.042021,-0.001244,-0.293169,0.000579,-0.016116
27.025053,-0.766378,-0.657410,0.880346,-0.820660,-1.286279,-0.757225,-0.053521,-0.364965,-0.882378,0.007585,-0.018466,-0.682026,-0.442526,0.149159,-0.891996,-0.274136,-0.067745,-1.837045,1.217425,1.226530,2.754787,-0.028870,0.003575,0.040830,-0.001796,-0.295608,-0.000575,-0.018020
27.025982,-0.765230,-0.656961,0.882126,-0.820500,-1.286121,-0.756820,-0.054394,-0.361632,-0.884607,0.014033,-0.017426,-0.682040,-0.442820,0.148290,-0.892026,-0.274131,-0.067705,-1.837042,1.217134,1.226530,2.754771,-0.029446,0.004053,0.040849,-0.000297,-0.294542,-0.000354,-0.017167
27.027022,-0.764234,-0.654875,0.889691,-0.819035,-1.286150,-0.756536,-0.056947,-0.356458,-0.889753,0.022803,-0.015308,-0.681908,-0.443392,0.147399,-0.892056,-0.274127,-0.067659,-1.837042,1.216834,1.226532,2.754748,-0.030157,0.004238,0.042388,-0.000726,-0.295086,-0.000577,-0.018323
27.028069,-0.765249,-0.654525,0.893987,-0.820026,-1.287568,-0.756172,-0.059740,-0.350214,-0.896809,0.032906,-0.012381,-0.681655,-0.444125,0.146511,-0.892087,-0.274126,-0.067620,-1.837045,1.216544,1.226532,2.754736,-0.030847,0.003684,0.041441,-0.002399,-0.295935,-0.000639,-0.016468
27.029012,-0.764205,-0.653738,0.898562,-0.820411,-1.287194,-0.756226,-0.060366,-0.342878,-0.905114,0.044344,-0.008459,-0.681233,-0.444950,0.145648,-0.892116,-0.274120,-0.067575,-1.837043,1.216249,1.226532,2.754728,-0.030548,0.003970,0.042104,-0.001717,-0.295347,-0.000783,-0.014193
27.030105,-0.765337,-0.652281,0.904337,-0.821953,-1.288915,-0.757065,-0.063102,-0.334979,-0.913408,0.056449,-0.004373,-0.680767,-0.445800,0.144811,-0.892145,-0.274116,-0.067530,-1.837047,1.215955,1.226533,2.754708,-0.031236,0.003988,0.042291,-0.001507,-0.296214,-0.000523,-0.015921
27.031035,-0.767757,-0.655281,0.905812,-0.822156,-1.287616,-0.757378,-0.063515,-0.327070,-0.919895,0.068525,-0.001504,-0.680474,-0.446641,0.143985,-0.892176,-0.274112,-0.067487,-1.837045,1.215659,1.226533,2.754698,-0.030883,0.003746,0.042377,-0.000287,-0.295487,0.000557,-0.013866
27.031997,-0.764400,-0.651618,0.907462,-0.821133,-1.287037,-0.755930,-0.065770,-0.320496,-0.924977,0.078864,0.000051,-0.680424,-0.447399,0.143164,-0.892205,-0.274104,-0.067439,-1.837045,1.215354,1.226533,2.754679,-0.029814,0.005633,0.044045,-0.000344,-0.297130,0.001059,-0.015986
27.033056,-0.766341,-0.652830,0.915436,-0.823700,-1.289742,-0.756619,-0.067822,-0.317254,-0.931014,0.084906,0.001852,-0.680421,-0.447880,0.142344,-0.892239,-0.274102,-0.067389,-1.837049,1.215058,1.226530,2.754667,-0.031634,0.004222,0.045702,-0.001544,-0.298238,-0.000182,-0.014469
27.033992,-0.765536,-0.652788,0.917620,-0.824270,-1.290468,-0.756639,-0.069021,-0.316784,-0.937187,0.087322,0.003795,-0.680405,-0.448084,0.141535,-0.892267,-0.274094,-0.067346,-1.837043,1.214762,1.226532,2.754655,-0.030871,0.005285,0.044550,0.000627,-0.296383,0.000747,-0.013714
27.034995,-0.763396,-0.651402,0.921704,-0.822902,-1.292620,-0.756746,-0.070548,-0.317428,-0.942036,0.088224,0.004553,-0.680494,-0.448217,0.140737,-0.892299,-0.274088,-0.067299,-1.837043,1.214462,1.226532,2.754640,-0.031407,0.005639,0.045900,0.000918,-0.296069,0.000955,-0.014258
27.035999,-0.763153,-0.649149,0.926812,-0.823494,-1.291044,-0.756464,-0.071786,-0.318605,-0.946313,0.088377,0.004479,-0.680607,-0.448369,0.139930,-0.892333,-0.274083,-0.067251,-1.837047,1.214175,1.226533,2.754627,-0.032616,0.005384,0.046492,-0.000634,-0.294669,0.001271,-0.014361
27.036979,-0.762545,-0.648844,0.930851,-0.823102,-1.293389,-0.755495,-0.073782,-0.319609,-0.949922,0.088692,0.004278,-0.680592,-0.448537,0.139101,-0.892366,-0.274079,-0.067204,-1.837047,1.213874,1.226534,2.754613,-0.032877,0.004704,0.046566,-0.000290,-0.296915,0.001195,-0.015049
27.038069,-0.763619,-0.649800,0.936054,-0.824054,-1.294527,-0.753931,-0.075343,-0.319901,-0.951923,0.089889,0.003869,-0.680428,-0.448711,0.138251,-0.892400,-0.274073,-0.067156,-1.837049,1.213583,1.226533,2.754601,-0.033299,0.004973,0.047106,-0.000910,-0.295180,0.000438,-0.014127
27.039037,-0.763115,-0.649196,0.937689,-0.825134,-1.296691,-0.753824,-0.077242,-0.319923,-0.953297,0.091446,0.003656,-0.680111,-0.448855,0.137387,-0.892431,-0.274066,-0.067108,-1.837049,1.213287,1.226529,2.754586,-0.032970,0.005909,0.047410,-0.000239,-0.295053,-0.000875,-0.014447
27.039928,-0.763893,-0.644411,0.942331,-0.824656,-1.294925,-0.752695,-0.078907,-0.320836,-0.955164,0.091944,0.003773,-0.679701,-0.448893,0.136515,-0.892465,-0.274058,-0.067058,-1.837047,1.212998,1.226532,2.754576,-0.033338,0.005980,0.049092,0.000538,-0.293489,-0.000780,-0.013694
27.041050,-0.762973,-0.644637,0.948254,-0.824703,-1.297631,-0.753310,-0.079912,-0.323570,-0.955097,0.090270,0.002911,-0.679370,-0.448676,0.135650,-0.892498,-0.274057,-0.067010,-1.837049,1.212697,1.226531,2.754564,-0.033028,0.004002,0.049032,-0.000152,-0.295519,-0.001727,-0.013168
27.042027,-0.765320,-0.644795,0.951950,-0.825503,-1.300262,-0.753631,-0.082125,-0.327440,-0.950754,0.087320,0.000308,-0.679177,-0.448195,0.134796,-0.892533,-0.274052,-0.066960,-1.837049,1.212402,1.226532,2.754546,-0.033683,0.004628,0.049057,-0.000402,-0.293898,-0.000856,-0.014700
27.042958,-0.767889,-0.642267,0.958152,-0.825808,-1.303715,-0.753438,-0.082989,-0.331618,-0.943974,0.084124,-0.003193,-0.679044,-0.447611,0.133952,-0.892564,-0.274046,-0.066908,-1.837049,1.212109,1.226531,2.754536,-0.032650,0.005120,0.049704,0.000143,-0.291873,-0.000326,-0.013330
27.043973,-0.766297,-0.639450,0.962975,-0.826014,-1.304085,-0.753087,-0.085388,-0.336556,-0.935986,0.080143,-0.007426,-0.679018,-0.446966,0.133127,-0.892593,-0.274044,-0.066861,-1.837049,1.211826,1.226531,2.754522,-0.031515,0.004282,0.049002,0.000191,-0.288954,-0.000324,-0.014549
27.044998,-0.766784,-0.641034,0.965552,-0.828034,-1.304444,-0.753979,-0.086462,-0.341974,-0.924773,0.075816,-0.013430,-0.679248,-0.446241,0.132327,-0.892628,-0.274041,-0.066811,-1.837049,1.211536,1.226529,2.754513,-0.032466,0.003333,0.049246,0.000123,-0.289403,-0.000451,-0.012933
27.046015,-0.762969,-0.640923,0.973456,-0.826637,-1.304989,-0.753893,-0.087716,-0.347314,-0.909950,0.071854,-0.021443,-0.679769,-0.445490,0.131543,-0.892661,-0.274033,-0.066759,-1.837045,1.211247,1.226532,2.754495,-0.032370,0.004563,0.050613,0.001791,-0.289871,0.000659,-0.014023
27.046942,-0.763618,-0.638922,0.976009,-0.826539,-1.305867,-0.752999,-0.089687,-0.351658,-0.895208,0.069334,-0.029760,-0.680396,-0.444910,0.130743,-0.892700,-0.274028,-0.066711,-1.837049,1.210953,1.226531,2.754480,-0.034376,0.004935,0.049318,0.000180,-0.290082,0.000785,-0.014707
27.047979,-0.760249,-0.639803,0.980847,-0.828325,-1.302711,-0.752675,-0.089525,-0.353465,-0.883676,0.070148,-0.036368,-0.680908,-0.444676,0.129911,-0.892734,-0.274026,-0.066658,-1.837051,1.210665,1.226528,2.754470,-0.034123,0.004361,0.050387,-0.000100,-0.289679,0.000100,-0.013674
27.049005,-0.759607,-0.636386,0.984768,-0.828405,-1.301860,-0.753220,-0.091877,-0.352891,-0.875125,0.074106,-0.041117,-0.681317,-0.444723,0.129053,-0.892773,-0.274017,-0.066609,-1.837046,1.210366,1.226529,2.754444,-0.035913,0.005220,0.050675,0.001295,-0.293649,-0.000005,-0.017257
27.050126,-0.758687,-0.639177,0.988997,-0.827352,-1.302267,-0.752811,-0.092499,-0.350491,-0.867945,0.080491,-0.045042,-0.681766,-0.444972,0.128182,-0.892811,-0.274016,-0.066554,-1.837045,1.210066,1.226531,2.754432,-0.036321,0.003989,0.051336,0.001070,-0.295198,0.000759,-0.015737
27.051011,-0.758866,-0.635602,0.989982,-0.828818,-1.301772,-0.752573,-0.094524,-0.346903,-0.862726,0.088441,-0.047683,-0.682206,-0.445357,0.127314,-0.892850,-0.274005,-0.066499,-1.837047,1.209771,1.226530,2.754412,-0.036910,0.005836,0.052155,-0.000250,-0.295898,0.000583,-0.018041
27.051948,-0.757984,-0.635383,0.998944,-0.829453,-1.300127,-0.751733,-0.096069,-0.343928,-0.860881,0.095615,-0.048170,-0.682565,-0.445700,0.126462,-0.892888,-0.274005,-0.066442,-1.837045,1.209471,1.226528,2.754397,-0.036847,0.004450,0.053806,0.000952,-0.296597,0.000550,-0.016723
27.053020,-0.756997,-0.635122,1.001553,-0.830280,-1.298664,-0.751509,-0.098263,-0.341881,-0.859780,0.101582,-0.048141,-0.683032,-0.445924,0.125651,-0.892926,-0.273999,-0.066393,-1.837043,1.209172,1.226529,2.754382,-0.037335,0.004753,0.051701,0.001282,-0.298669,-0.000105,-0.016586
27.054149,-0.758099,-0.634190,1.004012,-0.829321,-1.297398,-0.752067,-0.100471,-0.339254,-0.857784,0.108251,-0.048720,-0.683695,-0.446163,0.124887,-0.892967,-0.273993,-0.066335,-1.837042,1.208866,1.226527,2.754369,-0.037912,0.005081,0.053158,0.001779,-0.300967,-0.000083,-0.015566
27.055011,-0.753088,-0.633858,1.002899,-0.830524,-1.297271,-0.751001,-0.101107,-0.337001,-0.856698,0.114435,-0.048865,-0.684386,-0.446360,0.124144,-0.893005,-0.273987,-0.066278,-1.837045,1.208558,1.226530,2.754356,-0.037509,0.005103,0.054852,0.000585,-0.303244,0.000710,-0.014713
27.056005,-0.750033,-0.630824,1.011846,-0.831918,-1.294068,-0.749672,-0.103958,-0.337535,-0.857481,0.117091,-0.047885,-0.685001,-0.446292,0.123389,-0.893049,-0.273981,-0.066215,-1.837043,1.208256,1.226527,2.754337,-0.039973,0.005292,0.057413,0.001534,-0.303456,-0.000174,-0.016145
27.057033,-0.753611,-0.630223,1.012153,-0.833128,-1.294395,-0.750099,-0.105157,-0.339453,-0.857903,0.117933,-0.047165,-0.685678,-0.446070,0.122614,-0.893095,-0.273979,-0.066163,-1.837042,1.207937,1.226527,2.754326,-0.041485,0.004222,0.055448,0.002622,-0.307108,-0.001292,-0.013542
27.057935,-0.747986,-0.633703,1.020095,-0.833629,-1.292411,-0.749526,-0.106369,-0.340950,-0.854646,0.119199,-0.048772,-0.686625,-0.445832,0.121839,-0.893131,-0.273974,-0.066102,-1.837037,1.207629,1.226530,2.754310,-0.039777,0.004390,0.057885,0.003431,-0.307404,-0.000645,-0.014405
27.059059,-0.747636,-0.631081,1.026120,-0.833708,-1.293965,-0.749494,-0.109023,-0.342085,-0.849753,0.120799,-0.051943,-0.687746,-0.445656,0.121061,-0.893179,-0.273964,-0.066048,-1.837034,1.207313,1.226527,2.754297,-0.042555,0.006476,0.056110,0.003621,-0.309514,-0.001018,-0.014813
27.059979,-0.742838,-0.629686,1.027722,-0.831531,-1.292154,-0.749117,-0.109109,-0.340615,-0.847503,0.125536,-0.054587,-0.688782,-0.445877,0.120272,-0.893222,-0.273961,-0.065990,-1.837032,1.207008,1.226527,2.754289,-0.042785,0.005648,0.056011,0.003346,-0.308959,-0.000800,-0.013046
27.060953,-0.742665,-0.627464,1.034422,-0.831119,-1.291646,-0.748095,-0.111845,-0.335260,-0.848320,0.135004,-0.055859,-0.689585,-0.446563,0.119476,-0.893272,-0.273956,-0.065930,-1.837036,1.206698,1.226526,2.754270,-0.045103,0.005356,0.057438,0.000992,-0.311035,-0.000982,-0.015786
27.062138,-0.745844,-0.629757,1.038360,-0.831388,-1.292411,-0.748791,-0.113446,-0.326955,-0.851325,0.147993,-0.055234,-0.690031,-0.447490,0.118669,-0.893317,-0.273953,-0.065875,-1.837038,1.206384,1.226526,2.754264,-0.045157,0.004685,0.056521,0.000388,-0.311926,-0.001798,-0.013353
27.062981,-0.744931,-0.626401,1.041043,-0.831541,-1.291746,-0.748055,-0.115090,-0.317329,-0.856973,0.162448,-0.052316,-0.690070,-0.448473,0.117845,-0.893358,-0.273942,-0.065815,-1.837037,1.206070,1.226529,2.754247,-0.043699,0.006304,0.057637,0.000311,-0.312313,-0.000851,-0.013907
27.063983,-0.744146,-0.625394,1.040550,-0.831241,-1.291500,-0.748292,-0.117002,-0.309174,-0.865214,0.174936,-0.047603,-0.689828,-0.449277,0.116999,-0.893402,-0.273939,-0.065753,-1.837035,1.205757,1.226526,2.754234,-0.044096,0.004983,0.058232,0.000189,-0.312905,-0.001404,-0.013252
27.064938,-0.742017,-0.622316,1.049049,-0.831176,-1.288394,-0.749384,-0.117818,-0.304578,-0.873498,0.182913,-0.042602,-0.689528,-0.449660,0.116144,-0.893448,-0.273935,-0.065685,-1.837036,1.205444,1.226529,2.754224,-0.044476,0.004938,0.060893,-0.000351,-0.313659,-0.000962,-0.012595
27.065991,-0.744721,-0.620876,1.050299,-0.832485,-1.287325,-0.748986,-0.120446,-0.302984,-0.879414,0.187059,-0.038478,-0.689313,-0.449639,0.115290,-0.893494,-0.273933,-0.065630,-1.837038,1.205123,1.226531,2.754208,-0.045513,0.003834,0.058977,-0.000634,-0.317049,0.000329,-0.013974
27.067041,-0.745899,-0.622620,1.052113,-0.834136,-1.289537,-0.748935,-0.121479,-0.302679,-0.881314,0.189467,-0.036164,-0.689292,-0.449390,0.114452,-0.893536,-0.273927,-0.065565,-1.837036,1.204802,1.226533,2.754200,-0.044198,0.003574,0.060973,0.000360,-0.318714,0.000134,-0.012024
27.067974,-0.743066,-0.618931,1.059468,-0.831309,-1.287090,-0.748367,-0.123465,-0.305235,-0.879083,0.188149,-0.036341,-0.689608,-0.448825,0.113640,-0.893581,-0.273919,-0.065497,-1.837032,1.204484,1.226532,2.754184,-0.043643,0.004888,0.062602,0.001638,-0.317090,0.000316,-0.013284
27.068931,-0.740950,-0.619944,1.061899,-0.832558,-1.284717,-0.748533,-0.124433,-0.311012,-0.875133,0.182638,-0.037917,-0.690194,-0.447975,0.112851,-0.893628,-0.273918,-0.065438,-1.837040,1.204164,1.226529,2.754173,-0.045022,0.003466,0.061170,-0.001304,-0.319768,-0.000039,-0.012230
27.069978,-0.739961,-0.616775,1.065942,-0.833584,-1.281228,-0.748459,-0.126485,-0.316530,-0.871591,0.177278,-0.039085,-0.690832,-0.447165,0.112077,-0.893676,-0.273912,-0.065374,-1.837038,1.203833,1.226530,2.754158,-0.046012,0.004401,0.062265,-0.000317,-0.322299,0.000329,-0.013320
27.071016,-0.740452,-0.617202,1.071198,-0.833681,-1.278284,-0.747338,-0.129104,-0.320210,-0.868229,0.174014,-0.039888,-0.691535,-0.446545,0.111323,-0.893723,-0.273911,-0.065310,-1.837036,1.203494,1.226529,2.754145,-0.046502,0.003298,0.062817,0.000382,-0.326221,0.000483,-0.012497
27.071994,-0.744126,-0.617129,1.075188,-0.833852,-1.274877,-0.747469,-0.129985,-0.322450,-0.863870,0.172334,-0.041171,-0.692422,-0.446052,0.110607,-0.893768,-0.273904,-0.065246,-1.837036,1.203162,1.226527,2.754139,-0.046270,0.003953,0.062730,0.000189,-0.329601,-0.000414,-0.010543
27.073059,-0.742423,-0.613247,1.080460,-0.833345,-1.271218,-0.747658,-0.131196,-0.324288,-0.860083,0.170948,-0.042021,-0.693398,-0.445556,0.109922,-0.893809,-0.273900,-0.065182,-1.837036,1.202820,1.226529,2.754123,-0.044450,0.004351,0.063095,0.000098,-0.333132,-0.000076,-0.011880
27.074041,-0.743837,-0.613401,1.082586,-0.833955,-1.270287,-0.748393,-0.132260,-0.326678,-0.857778,0.168705,-0.041721,-0.694385,-0.444948,0.109244,-0.893857,-0.273900,-0.065116,-1.837038,1.202474,1.226531,2.754109,-0.045321,0.002927,0.063065,-0.000659,-0.337199,0.000334,-0.012806
27.074931,-0.742991,-0.610536,1.086000,-0.834517,-1.264187,-0.747330,-0.133307,-0.329690,-0.855388,0.165568,-0.040924,-0.695449,-0.444207,0.108569,-0.893903,-0.273896,-0.065049,-1.837038,1.202130,1.226533,2.754095,-0.044586,0.003454,0.064356,-0.000303,-0.338226,0.001272,-0.013763
27.075980,-0.742239,-0.611196,1.089629,-0.834592,-1.261883,-0.746306,-0.135295,-0.333693,-0.851854,0.161064,-0.040352,-0.696625,-0.443317,0.107905,-0.893948,-0.273895,-0.064983,-1.837036,1.201772,1.226531,2.754080,-0.044954,0.002435,0.064688,-0.000024,-0.344027,0.000391,-0.014457
27.076973,-0.742511,-0.607851,1.095091,-0.836271,-1.260604,-0.746317,-0.136415,-0.338583,-0.847257,0.155294,-0.040071,-0.697786,-0.442296,0.107260,-0.893995,-0.273890,-0.064914,-1.837036,1.201422,1.226529,2.754069,-0.045330,0.003240,0.065400,-0.000246,-0.346600,-0.000400,-0.013778
27.077978,-0.742948,-0.611642,1.101354,-0.835371,-1.259460,-0.746437,-0.138801,-0.343465,-0.841438,0.149396,-0.040408,-0.698828,-0.441235,0.106632,-0.894041,-0.273890,-0.064850,-1.837033,1.201071,1.226528,2.754053,-0.045178,0.002045,0.065064,0.001122,-0.347954,-0.000157,-0.014668
27.079135,-0.740084,-0.612322,1.104087,-0.836319,-1.257918,-0.745715,-0.139318,-0.347224,-0.835438,0.144827,-0.041254,-0.699666,-0.440311,0.105999,-0.894086,-0.273882,-0.064787,-1.837037,1.200715,1.226530,2.754042,-0.044960,0.004370,0.064383,0.000015,-0.349184,0.000166,-0.013043
27.079961,-0.739575,-0.606533,1.109732,-0.835805,-1.258028,-0.745832,-0.141261,-0.349123,-0.834231,0.142540,-0.040242,-0.699990,-0.439729,0.105327,-0.894136,-0.273877,-0.064720,-1.837036,1.200360,1.226527,2.754023,-0.046428,0.005209,0.065927,0.000641,-0.351390,-0.000301,-0.015678
27.080964,-0.743348,-0.607469,1.110752,-0.836861,-1.258570,-0.746278,-0.142053,-0.348906,-0.837517,0.142906,-0.037426,-0.699765,-0.439505,0.104611,-0.894184,-0.273879,-0.064655,-1.837038,1.200007,1.226529,2.754013,-0.046544,0.002717,0.064934,-0.000061,-0.350708,-0.000010,-0.014356
27.081976,-0.743265,-0.605880,1.115114,-0.836804,-1.258795,-0.745025,-0.144676,-0.347676,-0.839556,0.144646,-0.035603,-0.699339,-0.439403,0.103877,-0.894223,-0.273875,-0.064583,-1.837036,1.199656,1.226531,2.753994,-0.044704,0.003665,0.066797,0.000699,-0.350298,0.000641,-0.015933
27.082948,-0.742464,-0.604895,1.117119,-0.836161,-1.258337,-0.744472,-0.146536,-0.348091,-0.839241,0.144499,-0.035426,-0.698877,-0.439142,0.103133,-0.894268,-0.273874,-0.064515,-1.837036,1.199301,1.226529,2.753982,-0.044772,0.003349,0.067019,0.000359,-0.350204,-0.000402,-0.013844
27.083992,-0.740077,-0.605473,1.127114,-0.837263,-1.257968,-0.744402,-0.147481,-0.351074,-0.837965,0.141346,-0.036025,-0.698329,-0.438624,0.102384,-0.894312,-0.273872,-0.064444,-1.837040,1.198954,1.226528,2.753969,-0.045167,0.003310,0.068274,-0.000465,-0.350718,-0.000730,-0.013192
27.084924,-0.742687,-0.606832,1.129149,-0.835055,-1.259542,-0.744482,-0.149444,-0.354163,-0.836953,0.138253,-0.036619,-0.697639,-0.438099,0.101625,-0.894360,-0.273865,-0.064384,-1.837038,1.198603,1.226531,2.753951,-0.046359,0.004044,0.065863,0.000329,-0.351367,-0.000589,-0.014593
27.086083,-0.740879,-0.601523,1.133035,-0.837219,-1.259010,-0.743916,-0.150555,-0.354833,-0.839191,0.138305,-0.035715,-0.696699,-0.437900,0.100848,-0.894403,-0.273858,-0.064314,-1.837046,1.198254,1.226530,2.753939,-0.045016,0.005106,0.067015,-0.001972,-0.349659,-0.000304,-0.013581
27.087067,-0.741325,-0.602645,1.136926,-0.835621,-1.258615,-0.744325,-0.153118,-0.354094,-0.844549,0.140190,-0.033220,-0.695568,-0.437920,0.100069,-0.894450,-0.273861,-0.064244,-1.837040,1.197903,1.226529,2.753919,-0.046002,0.003025,0.067934,-0.000209,-0.350922,-0.000626,-0.015008
27.087986,-0.742110,-0.599608,1.141815,-0.835718,-1.259498,-0.744960,-0.153733,-0.353477,-0.849300,0.141977,-0.030934,-0.694497,-0.437920,0.099312,-0.894496,-0.273857,-0.064177,-1.837046,1.197551,1.226529,2.753911,-0.045753,0.004053,0.068314,-0.001972,-0.351350,0.000003,-0.012967
27.088982,-0.738338,-0.596552,1.142365,-0.834854,-1.257664,-0.743712,-0.154969,-0.352938,-0.853049,0.143711,-0.028885,-0.693546,-0.437884,0.098578,-0.894539,-0.273856,-0.064107,-1.837046,1.197198,1.226531,2.753890,-0.045329,0.002953,0.067965,-0.002104,-0.350266,0.000826,-0.014632
27.090065,-0.742357,-0.596646,1.147400,-0.837606,-1.259055,-0.743846,-0.156831,-0.352435,-0.855045,0.145454,-0.027122,-0.692763,-0.437777,0.097862,-0.894590,-0.273857,-0.064035,-1.837049,1.196848,1.226526,2.753875,-0.047169,0.001930,0.070021,-0.003165,-0.352237,-0.000199,-0.015273
27.091045,-0.741066,-0.596622,1.150441,-0.838719,-1.256293,-0.742125,-0.157307,-0.352771,-0.853078,0.146207,-0.026932,-0.692309,-0.437485,0.097179,-0.894631,-0.273852,-0.063963,-1.837045,1.196493,1.226529,2.753860,-0.045207,0.002475,0.070079,-0.000768,-0.351191,0.000162,-0.014947
27.092042,-0.742585,-0.598560,1.154164,-0.836755,-1.257994,-0.742395,-0.159130,-0.354909,-0.847290,0.144736,-0.029078,-0.692284,-0.436979,0.096538,-0.894676,-0.273847,-0.063890,-1.837043,1.196135,1.226526,2.753841,-0.045866,0.002891,0.070821,0.000021,-0.353977,-0.001348,-0.017079
27.093032,-0.739851,-0.599702,1.159210,-0.839044,-1.255706,-0.743387,-0.159133,-0.358839,-0.841620,0.141019,-0.031752,-0.692438,-0.436338,0.095921,-0.894719,-0.273841,-0.063818,-1.837051,1.195785,1.226529,2.753827,-0.045119,0.004281,0.071285,-0.002052,-0.352342,-0.000864,-0.016539
27.094016,-0.738970,-0.595538,1.160821,-0.838003,-1.255055,-0.743040,-0.161071,-0.363351,-0.841307,0.136520,-0.032060,-0.692358,-0.435787,0.095311,-0.894767,-0.273834,-0.063747,-1.837046,1.195424,1.226531,2.753800,-0.046459,0.005255,0.071068,-0.000118,-0.354649,0.000333,-0.019632
27.094958,-0.737427,-0.595259,1.165357,-0.838182,-1.257328,-0.741564,-0.162917,-0.366962,-0.845652,0.133081,-0.030397,-0.691992,-0.435503,0.094712,-0.894815,-0.273834,-0.063670,-1.837050,1.195069,1.226531,2.753786,-0.046851,0.003640,0.072496,-0.001364,-0.355311,0.000186,-0.018807
27.096072,-0.738623,-0.591466,1.173081,-0.838527,-1.256902,-0.741811,-0.163545,-0.369359,-0.850571,0.131115,-0.028490,-0.691439,-0.435401,0.094146,-0.894862,-0.273829,-0.063597,-1.837050,1.194716,1.226527,2.753770,-0.047564,0.003926,0.072346,-0.001425,-0.352886,-0.001077,-0.018071
27.096965,-0.736802,-0.589311,1.175928,-0.840595,-1.258332,-0.742459,-0.165151,-0.369967,-0.853356,0.131358,-0.027458,-0.690774,-0.435437,0.093615,-0.894908,-0.273830,-0.063528,-1.837052,1.194369,1.226529,2.753745,-0.047008,0.002567,0.071205,-0.001337,-0.353923,-0.000587,-0.020307
27.097962,-0.734870,-0.591603,1.181694,-0.839333,-1.258911,-0.742718,-0.166375,-0.367931,-0.850604,0.134900,-0.029339,-0.690216,-0.435665,0.093110,-0.894957,-0.273830,-0.063455,-1.837048,1.194018,1.226531,2.753729,-0.047821,0.001945,0.071770,0.000427,-0.352195,0.000247,-0.019861
27.099101,-0.737401,-0.592437,1.182595,-0.839293,-1.261051,-0.742321,-0.167497,-0.362874,-0.842772,0.142193,-0.034249,-0.689802,-0.436191,0.092612,-0.895007,-0.273823,-0.063383,-1.837052,1.193664,1.226530,2.753709,-0.048732,0.003523,0.071199,-0.001038,-0.351701,0.000719,-0.020535
27.099994,-0.735617,-0.590368,1.191023,-0.840019,-1.261194,-0.741703,-0.168610,-0.356072,-0.836606,0.151554,-0.038577,-0.689172,-0.437007,0.092079,-0.895052,-0.273816,-0.063303,-1.837052,1.193319,1.226530,2.753685,-0.047514,0.004412,0.073456,-0.001373,-0.350235,0.000557,-0.021849
27.100955,-0.735914,-0.590643,1.185922,-0.839658,-1.263449,-0.740267,-0.170346,-0.349244,-0.835050,0.160802,-0.040576,-0.688162,-0.437946,0.091490,-0.895101,-0.273814,-0.063236,-1.837051,1.192971,1.226529,2.753664,-0.048315,0.003778,0.071247,-0.000922,-0.349869,0.000133,-0.022387
27.102135,-0.738920,-0.592064,1.191762,-0.840243,-1.267209,-0.740748,-0.172647,-0.343447,-0.835979,0.168637,-0.041289,-0.686918,-0.438811,0.090859,-0.895150,-0.273808,-0.063151,-1.837052,1.192632,1.226528,2.753643,-0.048094,0.004335,0.075906,-0.001509,-0.347689,-0.001097,-0.021895
27.103041,-0.735462,-0.590945,1.196214,-0.840763,-1.265929,-0.741104,-0.173550,-0.341833,-0.839681,0.171110,-0.040588,-0.685513,-0.439266,0.090206,-0.895192,-0.273801,-0.063075,-1.837052,1.192285,1.226529,2.753624,-0.046741,0.005578,0.076035,-0.001253,-0.344978,-0.000335,-0.021169
27.103948,-0.732974,-0.589319,1.201770,-0.839803,-1.267379,-0.741171,-0.176458,-0.344837,-0.847195,0.167694,-0.038134,-0.683994,-0.439314,0.089542,-0.895246,-0.273796,-0.062998,-1.837052,1.191938,1.226529,2.753600,-0.048426,0.005474,0.076234,-0.001019,-0.346627,0.000234,-0.022549
27.104988,-0.733688,-0.588939,1.206235,-0.840333,-1.268743,-0.740849,-0.177661,-0.348359,-0.857151,0.163559,-0.034485,-0.682402,-0.439350,0.088877,-0.895298,-0.273792,-0.062923,-1.837056,1.191596,1.226530,2.753583,-0.049603,0.005130,0.075899,-0.002186,-0.345529,0.000514,-0.019890
27.106028,-0.733944,-0.587876,1.208623,-0.841124,-1.270449,-0.740425,-0.178960,-0.349954,-0.868085,0.161805,-0.030010,-0.680739,-0.439573,0.088210,-0.895347,-0.273786,-0.062846,-1.837055,1.191252,1.226529,2.753560,-0.049289,0.005469,0.076600,-0.002004,-0.345078,0.000447,-0.021175
27.106952,-0.729619,-0.586449,1.215532,-0.843104,-1.268361,-0.739371,-0.181233,-0.350832,-0.878984,0.160956,-0.025263,-0.679090,-0.439845,0.087529,-0.895399,-0.273782,-0.062763,-1.837056,1.190907,1.226531,2.753536,-0.049198,0.005479,0.078270,-0.001498,-0.344273,0.000266,-0.022224
27.108009,-0.728511,-0.586813,1.217658,-0.843013,-1.268620,-0.739283,-0.181980,-0.351476,-0.887699,0.160438,-0.021726,-0.677643,-0.440111,0.086837,-0.895454,-0.273776,-0.062687,-1.837053,1.190560,1.226529,2.753515,-0.051292,0.005223,0.077297,0.000122,-0.346789,-0.000560,-0.020896
27.109012,-0.731987,-0.585548,1.224287,-0.844362,-1.271465,-0.738844,-0.184639,-0.350331,-0.893285,0.162166,-0.020098,-0.676461,-0.440526,0.086142,-0.895507,-0.273769,-0.062606,-1.837055,1.190209,1.226529,2.753486,-0.051854,0.005938,0.079194,-0.000284,-0.347428,-0.000381,-0.023125
27.109994,-0.729348,-0.587074,1.226017,-0.842754,-1.272866,-0.739069,-0.185231,-0.346499,-0.900459,0.167435,-0.019557,-0.674679,-0.441495,0.084785,-0.895609,-0.273757,-0.062442,-1.837054,1.189526,1.226529,2.753438,-0.051458,0.007056,0.080389,-0.001190,-0.344647,-0.000103,-0.023577
27.110982,-0.727014,-0.583088,1.230595,-0.844558,-1.271324,-0.739594,-0.186772,-0.346499,-0.900459,0.167435,-0.019557,-0.674679,-0.441495,0.084785,-0.895609,-0.273757,-0.062442,-1.837054,1.189526,1.226529,2.753438,-0.051458,0.007056,0.080389,-0.001190,-0.344647,-0.000103,-0.023577
27.112000,-0.724316,-0.581295,1.233441,-0.844570,-1.273038,-0.738136,-0.188161,-0.345469,-0.905053,0.168886,-0.018612,-0.673862,-0.441899,0.084133,-0.895663,-0.273752,-0.062359,-1.837053,1.189174,1.226530,2.753413,-0.052589,0.005551,0.080750,0.000296,-0.346839,0.000655,-0.023936
27.113009,-0.726146,-0.580950,1.235986,-0.846283,-1.274589,-0.738051,-0.188744,-0.344140,-0.907254,0.170667,-0.018575,-0.673154,-0.442270,0.083502,-0.895720,-0.273748,-0.062275,-1.837053,1.188831,1.226526,2.753389,-0.053900,0.005190,0.082090,-0.000022,-0.345928,-0.000551,-0.024732
27.113970,-0.726736,-0.581735,1.241396,-0.845657,-1.273135,-0.736841,-0.191088,-0.343232,-0.904700,0.171888,-0.020835,-0.672688,-0.442502,0.082900,-0.895772,-0.273741,-0.062189,-1.837049,1.188485,1.226528,2.753358,-0.052960,0.005519,0.083522,0.001286,-0.345132,-0.000389,-0.027088
27.114924,-0.724215,-0.581326,1.242312,-0.844266,-1.273383,-0.736415,-0.191883,-0.344316,-0.899812,0.170579,-0.024273,-0.672336,-0.442489,0.082332,-0.895824,-0.273733,-0.062108,-1.837051,1.188130,1.226526,2.753338,-0.052657,0.006382,0.083382,0.000380,-0.347090,-0.001361,-0.025745
27.115955,-0.724536,-0.581321,1.252389,-0.845198,-1.275772,-0.737079,-0.194353,-0.347538,-0.897101,0.166560,-0.026121,-0.671727,-0.442250,0.081792,-0.895881,-0.273729,-0.062019,-1.837055,1.187787,1.226525,2.753306,-0.053840,0.006664,0.085411,-0.001210,-0.347388,-0.001543,-0.027492
27.117042,-0.727643,-0.576873,1.256234,-0.846896,-1.277584,-0.737008,-0.195208,-0.351240,-0.899036,0.161905,-0.024782,-0.670634,-0.441986,0.081269,-0.895933,-0.273719,-0.061940,-1.837054,1.187444,1.226528,2.753283,-0.053680,0.007139,0.083186,-0.000619,-0.345866,-0.000634,-0.026138
27.118018,-0.722526,-0.576412,1.259990,-0.847545,-1.278476,-0.736645,-0.196855,-0.353931,-0.902081,0.158551,-0.022595,-0.669355,-0.441859,0.080766,-0.895982,-0.273719,-0.061851,-1.837050,1.187105,1.226529,2.753247,-0.052206,0.005508,0.084254,0.000653,-0.345225,-0.000453,-0.028233
27.118997,-0.724453,-0.578126,1.266299,-0.845432,-1.280009,-0.736249,-0.198858,-0.355840,-0.900858,0.156292,-0.022881,-0.668299,-0.441807,0.080293,-0.896042,-0.273712,-0.061765,-1.837048,1.186750,1.226528,2.753218,-0.054696,0.005779,0.084954,0.000936,-0.344872,-0.000579,-0.028319
27.120096,-0.722208,-0.575351,1.267928,-0.847752,-1.282441,-0.736552,-0.199728,-0.356651,-0.897327,0.155478,-0.024499,-0.667331,-0.441877,0.079845,-0.896095,-0.273703,-0.061682,-1.837055,1.186411,1.226527,2.753196,-0.053676,0.007090,0.084402,-0.001343,-0.344039,-0.000728,-0.027738
27.120995,-0.719666,-0.578980,1.276454,-0.849347,-1.282580,-0.736497,-0.202009,-0.356525,-0.895435,0.155823,-0.025169,-0.666208,-0.442087,0.079404,-0.896152,-0.273698,-0.061592,-1.837051,1.186073,1.226529,2.753161,-0.054821,0.006254,0.086603,0.000593,-0.342828,-0.000160,-0.029841
27.121995,-0.721603,-0.574011,1.280666,-0.847000,-1.285543,-0.736528,-0.202263,-0.351524,-0.894955,0.162242,-0.026514,-0.664025,-0.443262,0.078489,-0.896260,-0.273684,-0.061425,-1.837055,1.185395,1.226529,2.753101,-0.054986,0.006497,0.085239,-0.000718,-0.340883,0.000276,-0.031380
27.123075,-0.720089,-0.569650,1.283976,-0.848878,-1.286536,-0.735950,-0.204986,-0.351524,-0.894955,0.162242,-0.026514,-0.664025,-0.443262,0.078489,-0.896260,-0.273684,-0.061425,-1.837055,1.185395,1.226529,2.753101,-0.054986,0.006497,0.085239,-0.000718,-0.340883,0.000276,-0.031380
27.124009,-0.720720,-0.568755,1.289198,-0.846920,-1.286448,-0.735560,-0.206807,-0.346366,-0.893036,0.168702,-0.028272,-0.663193,-0.444104,0.078010,-0.896318,-0.273682,-0.061337,-1.837053,1.185050,1.226526,2.753075,-0.055745,0.004914,0.086528,0.000812,-0.340987,-0.000031,-0.029671
27.124973,-0.722695,-0.569606,1.296285,-0.849257,-1.286066,-0.735265,-0.207869,-0.337261,-0.874315,0.180068,-0.037267,-0.662702,-0.445125,0.077084,-0.896423,-0.273666,-0.061166,-1.837055,1.184365,1.226528,2.753013,-0.054345,0.005803,0.085325,0.000658,-0.342556,-0.000259,-0.030518
27.126083,-0.720564,-0.568307,1.300647,-0.848985,-1.285296,-0.734309,-0.210330,-0.332732,-0.863448,0.185718,-0.041856,-0.662830,-0.445504,0.076628,-0.896481,-0.273661,-0.061078,-1.837059,1.184017,1.226525,2.752986,-0.055432,0.005722,0.086212,0.000106,-0.344507,-0.000937,-0.029461
27.127065,-0.720259,-0.566293,1.307239,-0.850386,-1.287469,-0.733665,-0.211118,-0.332732,-0.863448,0.185718,-0.041856,-0.662830,-0.445504,0.076628,-0.896481,-0.273661,-0.061078,-1.837059,1.184017,1.226525,2.752986,-0.055432,0.005722,0.086212,0.000106,-0.344507,-0.000937,-0.029461
27.128036,-0.718277,-0.565769,1.306927,-0.850168,-1.281428,-0.735207,-0.213298,-0.321902,-0.841465,0.199437,-0.051131,-0.663941,-0.446322,0.075744,-0.896594,-0.273651,-0.060900,-1.837056,1.183313,1.226528,2.752917,-0.056430,0.005453,0.088173,0.000604,-0.349548,0.000442,-0.030282
27.129047,-0.717658,-0.564239,1.311283,-0.850187,-1.282444,-0.734562,-0.214173,-0.321902,-0.841465,0.199437,-0.051131,-0.663941,-0.446322,0.075744,-0.896594,-0.273651,-0.060900,-1.837056,1.183313,1.226528,2.752917,-0.056430,0.005453,0.088173,0.000604,-0.349548,0.000442,-0.030282
27.130037,-0.718936,-0.563629,1.313855,-0.849167,-1.278535,-0.734266,-0.215257,-0.317298,-0.831240,0.205310,-0.055058,-0.664754,-0.446611,0.075316,-0.896651,-0.273646,-0.060808,-1.837056,1.182960,1.226529,2.752883,-0.056683,0.005209,0.088609,0.000292,-0.349169,0.000021,-0.032060
27.130993,-0.719356,-0.563921,1.319898,-0.850442,-1.281689,-0.734034,-0.217064,-0.314896,-0.823700,0.208345,-0.056861,-0.665468,-0.446648,0.074879,-0.896705,-0.273640,-0.060715,-1.837062,1.182598,1.226529,2.752850,-0.055997,0.005405,0.089877,-0.000910,-0.353649,-0.000031,-0.033319
27.131997,-0.718736,-0.560069,1.318384,-0.852070,-1.277698,-0.733863,-0.217942,-0.314920,-0.819869,0.208251,-0.056006,-0.666004,-0.446426,0.074421,-0.896759,-0.273633,-0.060628,-1.837060,1.182253,1.226528,2.752817,-0.055740,0.006010,0.089332,0.000051,-0.350971,-0.000026,-0.033001
27.133068,-0.718955,-0.561161,1.323928,-0.851934,-1.277580,-0.734118,-0.219791,-0.317609,-0.817493,0.204760,-0.054247,-0.666556,-0.445939,0.073953,-0.896817,-0.273630,-0.060528,-1.837057,1.181893,1.226528,2.752781,-0.055987,0.004610,0.092637,0.001285,-0.355634,0.000049,-0.034732
27.134072,-0.717868,-0.559920,1.329285,-0.852610,-1.277627,-0.733950,-0.220076,-0.323645,-0.813859,0.196989,-0.053338,-0.667298,-0.445104,0.073480,-0.896871,-0.273622,-0.060436,-1.837057,1.181530,1.226530,2.752746,-0.055897,0.005698,0.092695,0.000796,-0.356574,0.000554,-0.034734
27.134930,-0.716333,-0.561372,1.330417,-0.851918,-1.274349,-0.733120,-0.221908,-0.331669,-0.810432,0.186608,-0.052558,-0.668105,-0.444093,0.072992,-0.896928,-0.273616,-0.060342,-1.837055,1.181168,1.226533,2.752704,-0.056391,0.005564,0.092595,0.001115,-0.357108,0.000612,-0.037640
27.135988,-0.716232,-0.558216,1.336753,-0.853391,-1.273444,-0.732935,-0.223065,-0.339566,-0.809855,0.176254,-0.050501,-0.668761,-0.443171,0.072490,-0.896987,-0.273607,-0.060247,-1.837057,1.180808,1.226529,2.752668,-0.056986,0.006691,0.094075,0.000190,-0.360397,0.000006,-0.036885
27.137019,-0.716193,-0.560148,1.341214,-0.852045,-1.277117,-0.732676,-0.224005,-0.346656,-0.812517,0.166764,-0.046837,-0.669157,-0.442389,0.071986,-0.897045,-0.273604,-0.060154,-1.837053,1.180443,1.226529,2.752628,-0.056997,0.005657,0.093686,0.001257,-0.362069,0.000085,-0.038240
27.138083,-0.716114,-0.559876,1.344205,-0.853182,-1.276003,-0.731942,-0.226780,-0.352406,-0.817526,0.158840,-0.042066,-0.669316,-0.441778,0.071486,-0.897101,-0.273595,-0.060058,-1.837057,1.180085,1.226532,2.752586,-0.056981,0.007135,0.094130,-0.000347,-0.359090,0.000059,-0.039907
27.139155,-0.711809,-0.558657,1.349981,-0.854149,-1.279353,-0.731868,-0.227890,-0.357165,-0.826119,0.152103,-0.035648,-0.669187,-0.441335,0.070985,-0.897159,-0.273587,-0.059961,-1.837055,1.179726,1.226528,2.752552,-0.056990,0.007494,0.095405,0.000429,-0.361111,-0.000398,-0.038014
27.140019,-0.708432,-0.555539,1.352542,-0.853319,-1.278670,-0.731030,-0.230322,-0.360966,-0.837731,0.146574,-0.028161,-0.668842,-0.441081,0.070479,-0.897224,-0.273582,-0.059865,-1.837053,1.179369,1.226528,2.752508,-0.059058,0.007434,0.095319,0.001022,-0.358639,-0.000205,-0.039515
27.141077,-0.710771,-0.555932,1.355388,-0.854563,-1.281396,-0.730451,-0.231782,-0.362102,-0.848581,0.144436,-0.021646,-0.668494,-0.441124,0.069967,-0.897287,-0.273577,-0.059767,-1.837056,1.179012,1.226528,2.752471,-0.060518,0.006307,0.096068,-0.000046,-0.359404,-0.000839,-0.037578
27.142016,-0.706204,-0.553459,1.358170,-0.852556,-1.279036,-0.730604,-0.232275,-0.360949,-0.856550,0.145243,-0.016936,-0.668249,-0.441354,0.069455,-0.897344,-0.273569,-0.059666,-1.837053,1.178654,1.226527,2.752431,-0.059307,0.007024,0.097354,0.000830,-0.357493,-0.001153,-0.038333
27.143009,-0.705087,-0.555859,1.363838,-0.856162,-1.280063,-0.729949,-0.234523,-0.359559,-0.862275,0.146440,-0.013364,-0.668075,-0.441549,0.068933,-0.897410,-0.273564,-0.059565,-1.837059,1.178286,1.226528,2.752386,-0.061411,0.006252,0.098221,-0.001362,-0.360152,-0.000768,-0.040564
27.143994,-0.707863,-0.551674,1.366001,-0.855182,-1.279894,-0.729988,-0.235055,-0.357483,-0.867209,0.148574,-0.010191,-0.667914,-0.441799,0.068407,-0.897474,-0.273552,-0.059466,-1.837052,1.177928,1.226527,2.752348,-0.061808,0.007897,0.097860,0.001813,-0.359672,-0.001184,-0.039459
27.145055,-0.704097,-0.547335,1.369563,-0.854875,-1.279643,-0.729325,-0.236978,-0.354742,-0.870747,0.151620,-0.008215,-0.667904,-0.442143,0.067902,-0.897532,-0.273546,-0.059365,-1.837053,1.177565,1.226528,2.752303,-0.060317,0.006275,0.099225,0.000510,-0.360343,-0.000904,-0.041791
27.146045,-0.701501,-0.548896,1.370926,-0.854321,-1.280570,-0.730119,-0.238519,-0.353118,-0.869830,0.153385,-0.008601,-0.668191,-0.442304,0.067430,-0.897597,-0.273545,-0.059263,-1.837055,1.177209,1.226526,2.752264,-0.062116,0.004698,0.100138,-0.000086,-0.361483,-0.001305,-0.041586
27.146939,-0.699535,-0.547142,1.371855,-0.854980,-1.281417,-0.729294,-0.240019,-0.352746,-0.864362,0.153689,-0.010674,-0.668666,-0.442210,0.066991,-0.897662,-0.273537,-0.059157,-1.837057,1.176846,1.226528,2.752221,-0.063240,0.005972,0.101855,-0.000905,-0.361046,-0.000265,-0.041898
27.148003,-0.699228,-0.546235,1.374492,-0.855933,-1.280429,-0.729402,-0.241606,-0.353409,-0.857879,0.152738,-0.012722,-0.669166,-0.441978,0.066572,-0.897728,-0.273532,-0.059050,-1.837057,1.176481,1.226526,2.752179,-0.063986,0.005538,0.103414,-0.000516,-0.360297,-0.000880,-0.041949
27.148929,-0.696899,-0.547568,1.375354,-0.856259,-1.279909,-0.729818,-0.241899,-0.355828,-0.851199,0.149597,-0.014686,-0.669711,-0.441587,0.066150,-0.897793,-0.273528,-0.058940,-1.837057,1.176119,1.226525,2.752134,-0.064021,0.005647,0.104703,0.000104,-0.362141,-0.000498,-0.042428
27.150068,-0.695810,-0.546209,1.381839,-0.857723,-1.282379,-0.730310,-0.243829,-0.360409,-0.844827,0.143727,-0.016602,-0.670280,-0.441028,0.065700,-0.897861,-0.273518,-0.058830,-1.837057,1.175754,1.226529,2.752084,-0.064953,0.006736,0.106383,0.000134,-0.362873,0.000127,-0.044995
27.151042,-0.693920,-0.545621,1.384593,-0.857164,-1.284392,-0.729471,-0.245168,-0.366197,-0.840275,0.136311,-0.018032,-0.670779,-0.440454,0.065204,-0.897928,-0.273511,-0.058722,-1.837054,1.175391,1.226530,2.752042,-0.065407,0.006615,0.106040,0.001172,-0.361518,0.000891,-0.045042
27.151939,-0.689446,-0.543229,1.388486,-0.857163,-1.283297,-0.728999,-0.246516,-0.371425,-0.837064,0.129606,-0.019429,-0.671238,-0.440043,0.064667,-0.897995,-0.273505,-0.058615,-1.837055,1.175036,1.226527,2.751996,-0.066152,0.006808,0.106990,0.000319,-0.360035,0.000290,-0.045691
27.152955,-0.690040,-0.543476,1.391339,-0.859249,-1.286187,-0.728638,-0.247773,-0.374557,-0.834311,0.125546,-0.020910,-0.671630,-0.439880,0.064088,-0.898067,-0.273501,-0.058505,-1.837057,1.174672,1.226526,2.751950,-0.068102,0.006068,0.107039,0.000088,-0.361274,0.000046,-0.046040
27.154142,-0.688238,-0.539140,1.396097,-0.857678,-1.288083,-0.727698,-0.248742,-0.374924,-0.830805,0.124934,-0.022991,-0.671963,-0.439975,0.063455,-0.898134,-0.273493,-0.058393,-1.837053,1.174318,1.226528,2.751899,-0.067614,0.006693,0.108032,0.001779,-0.359060,-0.000076,-0.046988
27.154986,-0.688128,-0.545328,1.396177,-0.858351,-1.287304,-0.727898,-0.250631,-0.373503,-0.824997,0.126530,-0.026526,-0.672319,-0.440185,0.062754,-0.898203,-0.273491,-0.058284,-1.837057,1.173960,1.226526,2.751845,-0.068440,0.005151,0.108729,-0.000109,-0.358571,-0.000722,-0.049117
27.155923,-0.686638,-0.539851,1.399166,-0.858470,-1.287125,-0.727001,-0.251225,-0.371868,-0.819691,0.128322,-0.029724,-0.672494,-0.440358,0.061981,-0.898270,-0.273477,-0.058169,-1.837057,1.173598,1.226528,2.751798,-0.068207,0.008613,0.110450,0.000322,-0.359272,-0.000316,-0.048160
27.157022,-0.686170,-0.539447,1.404481,-0.858783,-1.288750,-0.726146,-0.253361,-0.371128,-0.818524,0.128878,-0.030616,-0.672282,-0.440442,0.061149,-0.898340,-0.273474,-0.058055,-1.837058,1.173240,1.226527,2.751743,-0.068697,0.006322,0.111032,0.000157,-0.359789,-0.000991,-0.050152
27.157980,-0.686099,-0.536078,1.410058,-0.858703,-1.290799,-0.727320,-0.254063,-0.371071,-0.818710,0.128525,-0.030597,-0.671855,-0.440396,0.060283,-0.898409,-0.273468,-0.057945,-1.837058,1.172878,1.226525,2.751692,-0.068784,0.006704,0.111119,0.000132,-0.359138,-0.001567,-0.049612
27.158970,-0.681109,-0.534204,1.412807,-0.858715,-1.289068,-0.726881,-0.254493,-0.370300,-0.816776,0.129084,-0.031381,-0.671449,-0.440289,0.059406,-0.898477,-0.273464,-0.057833,-1.837058,1.172525,1.226529,2.751638,-0.068607,0.005504,0.110520,-0.000253,-0.357559,-0.000159,-0.051460
27.159981,-0.684800,-0.536046,1.414118,-0.860349,-1.291073,-0.726645,-0.256590,-0.367256,-0.811586,0.132519,-0.033508,-0.671170,-0.440275,0.058531,-0.898551,-0.273460,-0.057720,-1.837059,1.172161,1.226527,2.751578,-0.070845,0.005089,0.111473,-0.000517,-0.359832,-0.000364,-0.053932
27.160976,-0.682850,-0.535200,1.414764,-0.859637,-1.289813,-0.726834,-0.256889,-0.362577,-0.804068,0.137976,-0.036654,-0.671027,-0.440344,0.057682,-0.898618,-0.273451,-0.057603,-1.837056,1.171801,1.226527,2.751526,-0.068795,0.006506,0.113160,0.000724,-0.358416,-0.000352,-0.053137
27.162116,-0.682551,-0.535181,1.421732,-0.860694,-1.289288,-0.727313,-0.259728,-0.359473,-0.797518,0.141358,-0.039442,-0.670954,-0.440272,0.056882,-0.898688,-0.273444,-0.057485,-1.837059,1.171440,1.226526,2.751466,-0.069578,0.006554,0.115105,-0.000235,-0.360262,0.000089,-0.055913
27.162944,-0.680630,-0.534285,1.422134,-0.859963,-1.288039,-0.726860,-0.260409,-0.358691,-0.794051,0.141687,-0.040733,-0.670859,-0.440025,0.056137,-0.898758,-0.273438,-0.057374,-1.837058,1.171075,1.226530,2.751418,-0.069590,0.007128,0.114476,0.000442,-0.361911,0.000824,-0.054105
27.163946,-0.680740,-0.533377,1.424246,-0.862184,-1.286733,-0.726550,-0.261667,-0.358483,-0.794047,0.141166,-0.040160,-0.670689,-0.439770,0.055454,-0.898831,-0.273431,-0.057257,-1.837060,1.170710,1.226530,2.751357,-0.070199,0.007058,0.115954,-0.000512,-0.362966,0.000566,-0.055511
27.165015,-0.678490,-0.534390,1.431241,-0.860394,-1.286666,-0.726654,-0.263507,-0.358734,-0.796227,0.140009,-0.038407,-0.670542,-0.439485,0.054827,-0.898899,-0.273424,-0.057138,-1.837054,1.170334,1.226528,2.751298,-0.069945,0.007100,0.117178,0.001286,-0.364716,0.000514,-0.056361
27.166100,-0.678675,-0.532035,1.432053,-0.862894,-1.286136,-0.726381,-0.264281,-0.359105,-0.800307,0.138718,-0.035705,-0.670466,-0.439195,0.054245,-0.898971,-0.273415,-0.057023,-1.837058,1.169968,1.226530,2.751240,-0.070874,0.008123,0.116230,-0.000792,-0.365591,0.000870,-0.056287
27.166951,-0.679396,-0.530139,1.438433,-0.861953,-1.284767,-0.725774,-0.266153,-0.358629,-0.806810,0.138563,-0.031806,-0.670428,-0.439011,0.053703,-0.899043,-0.273410,-0.056900,-1.837052,1.169595,1.226529,2.751176,-0.070587,0.007492,0.118393,0.001271,-0.366933,0.000862,-0.058412
27.167966,-0.680340,-0.529553,1.442150,-0.863395,-1.284047,-0.724789,-0.266324,-0.357756,-0.813012,0.139049,-0.028155,-0.670572,-0.438853,0.053196,-0.899112,-0.273406,-0.056788,-1.837054,1.169227,1.226528,2.751123,-0.069922,0.006980,0.116974,0.000080,-0.368189,0.000464,-0.057488
27.168953,-0.682429,-0.525805,1.447269,-0.863273,-1.281603,-0.724299,-0.268959,-0.356624,-0.816722,0.140089,-0.025832,-0.670996,-0.438663,0.052702,-0.899181,-0.273398,-0.056670,-1.837050,1.168854,1.226526,2.751055,-0.069256,0.007182,0.117466,0.001124,-0.369425,-0.000267,-0.060571
27.169975,-0.677769,-0.530491,1.448093,-0.865430,-1.280657,-0.724144,-0.269522,-0.355481,-0.817044,0.141446,-0.025198,-0.671702,-0.438391,0.052198,-0.899246,-0.273395,-0.056554,-1.837052,1.168480,1.226526,2.751002,-0.068042,0.005820,0.117158,0.000709,-0.372277,-0.000507,-0.058589
27.171013,-0.678536,-0.528525,1.451927,-0.863599,-1.281856,-0.724304,-0.271396,-0.354789,-0.814928,0.142563,-0.025996,-0.672620,-0.438040,0.051672,-0.899320,-0.273381,-0.056432,-1.837048,1.168100,1.226526,2.750935,-0.070155,0.008620,0.119090,0.002476,-0.373686,-0.000414,-0.060917
27.172010,-0.677557,-0.524068,1.460519,-0.865813,-1.280673,-0.724725,-0.272618,-0.354464,-0.814911,0.143473,-0.026196,-0.673498,-0.437752,0.051113,-0.899389,-0.273374,-0.056312,-1.837054,1.167730,1.226525,2.750873,-0.069573,0.008113,0.119552,0.000431,-0.373115,0.000007,-0.060631
27.172981,-0.676426,-0.526216,1.458407,-0.865020,-1.282392,-0.724391,-0.273119,-0.353454,-0.816263,0.145491,-0.026029,-0.674327,-0.437622,0.050546,-0.899459,-0.273371,-0.056200,-1.837048,1.167353,1.226529,2.750807,-0.069844,0.006404,0.117573,0.002230,-0.374717,0.000654,-0.061525
27.174029,-0.677310,-0.523111,1.460818,-0.865653,-1.283897,-0.723936,-0.273860,-0.351083,-0.815460,0.149506,-0.027221,-0.675248,-0.437652,0.049979,-0.899533,-0.273359,-0.056072,-1.837050,1.166978,1.226527,2.750738,-0.070138,0.007924,0.120743,0.001139,-0.373283,0.000562,-0.063757
27.175039,-0.674053,-0.523515,1.464927,-0.864332,-1.282426,-0.724831,-0.274345,-0.349866,-0.813513,0.152330,-0.029254,-0.676202,-0.437605,0.049382,-0.899600,-0.273354,-0.055947,-1.837049,1.166609,1.226526,2.750666,-0.069528,0.006888,0.121890,0.001425,-0.372483,0.000365,-0.065759
27.175960,-0.669379,-0.523683,1.467009,-0.865532,-1.283923,-0.723424,-0.275264,-0.351115,-0.811936,0.152246,-0.031055,-0.677066,-0.437346,0.048721,-0.899675,-0.273347,-0.055825,-1.837052,1.166235,1.226527,2.750589,-0.070912,0.007600,0.122093,-0.000145,-0.374469,0.001512,-0.068120
27.176939,-0.669664,-0.521175,1.468182,-0.866381,-1.283991,-0.722671,-0.277344,-0.352454,-0.812422,0.152123,-0.031652,-0.677714,-0.437142,0.047987,-0.899752,-0.273341,-0.055701,-1.837052,1.165859,1.226526,2.750517,-0.072910,0.008136,0.122976,0.000776,-0.373040,0.000311,-0.069299
27.178083,-0.666070,-0.518325,1.475589,-0.865418,-1.283689,-0.722709,-0.277018,-0.352828,-0.814394,0.153198,-0.031647,-0.678263,-0.437109,0.047204,-0.899822,-0.273334,-0.055574,-1.837050,1.165486,1.226526,2.750452,-0.072515,0.007355,0.124496,0.001282,-0.373350,-0.000192,-0.068382
27.178963,-0.667894,-0.518251,1.479592,-0.865418,-1.282234,-0.722055,-0.279184,-0.352312,-0.814616,0.155377,-0.032644,-0.678953,-0.437161,0.046390,-0.899898,-0.273329,-0.055451,-1.837052,1.165109,1.226526,2.750373,-0.074123,0.006522,0.123522,-0.000013,-0.374681,0.000128,-0.072887
27.179970,-0.665813,-0.518820,1.483596,-0.866090,-1.280363,-0.721492,-0.279496,-0.349739,-0.812813,0.160139,-0.034264,-0.679745,-0.437353,0.045531,-0.899968,-0.273321,-0.055328,-1.837052,1.164738,1.226525,2.750304,-0.072896,0.006902,0.123308,-0.000279,-0.376109,-0.000315,-0.071388
27.181001,-0.663829,-0.516425,1.482246,-0.866993,-1.281550,-0.722001,-0.279929,-0.344981,-0.811423,0.167651,-0.035183,-0.680511,-0.437723,0.044622,-0.900043,-0.273311,-0.055205,-1.837051,1.164355,1.226525,2.750223,-0.073690,0.007643,0.123563,0.000040,-0.378372,-0.000631,-0.074107
27.181994,-0.664273,-0.514030,1.485811,-0.867106,-1.276893,-0.721070,-0.281930,-0.339684,-0.811123,0.175832,-0.035449,-0.681329,-0.438161,0.043671,-0.900118,-0.273305,-0.055073,-1.837048,1.163972,1.226528,2.750139,-0.074422,0.006957,0.126489,0.000569,-0.377642,0.000125,-0.076616
27.183001,-0.663814,-0.512023,1.490890,-0.865362,-1.274112,-0.720922,-0.282649,-0.336022,-0.809597,0.181909,-0.036386,-0.682393,-0.438423,0.042719,-0.900191,-0.273300,-0.054948,-1.837050,1.163587,1.226526,2.750065,-0.073926,0.006269,0.126851,0.000397,-0.382663,-0.000566,-0.075859
27.183979,-0.663467,-0.512175,1.492372,-0.867097,-1.275812,-0.719977,-0.284432,-0.334412,-0.806079,0.185300,-0.037785,-0.683640,-0.438374,0.041806,-0.900266,-0.273295,-0.054822,-1.837054,1.163189,1.226528,2.749984,-0.073892,0.005785,0.126520,-0.001578,-0.385655,-0.000476,-0.077748
27.184922,-0.660908,-0.511911,1.493976,-0.868067,-1.272008,-0.720425,-0.284462,-0.334050,-0.802001,0.187017,-0.038590,-0.684931,-0.438075,0.040925,-0.900339,-0.273288,-0.054690,-1.837052,1.162809,1.226525,2.749906,-0.073803,0.006347,0.127830,-0.000164,-0.384209,-0.001172,-0.077372
27.185941,-0.658309,-0.509963,1.498606,-0.868984,-1.270491,-0.721225,-0.285718,-0.334991,-0.798006,0.187052,-0.039166,-0.686348,-0.437617,0.040062,-0.900416,-0.273280,-0.054559,-1.837051,1.162411,1.226528,2.749821,-0.074755,0.006652,0.128947,0.000460,-0.388034,-0.000499,-0.080396
27.186959,-0.657428,-0.510940,1.501114,-0.868434,-1.267234,-0.720570,-0.287376,-0.336293,-0.793695,0.186573,-0.040329,-0.687951,-0.437177,0.039221,-0.900494,-0.273275,-0.054432,-1.837047,1.162012,1.226529,2.749739,-0.075756,0.006197,0.128854,0.000961,-0.389802,0.000547,-0.081203
27.188011,-0.653456,-0.509616,1.499951,-0.869551,-1.262548,-0.720658,-0.287167,-0.336501,-0.789838,0.187321,-0.041626,-0.689580,-0.436925,0.038411,-0.900569,-0.273267,-0.054300,-1.837048,1.161614,1.226528,2.749658,-0.075924,0.007185,0.129797,0.000103,-0.393358,0.000134,-0.081220
27.188992,-0.655984,-0.508357,1.501525,-0.871779,-1.263165,-0.720863,-0.289287,-0.336251,-0.788512,0.188431,-0.041691,-0.690966,-0.436801,0.037608,-0.900651,-0.273261,-0.054163,-1.837046,1.161205,1.226526,2.749565,-0.077594,0.007038,0.132650,0.000855,-0.398378,0.000496,-0.085094
27.190077,-0.651869,-0.505612,1.506417,-0.870997,-1.262933,-0.721545,-0.288855,-0.337794,-0.788407,0.187116,-0.041400,-0.692129,-0.436584,0.036791,-0.900723,-0.273254,-0.054027,-1.837042,1.160811,1.226528,2.749482,-0.076044,0.006893,0.133836,0.002691,-0.397873,0.000929,-0.084005
27.191057,-0.650225,-0.504617,1.510740,-0.869632,-1.261403,-0.720284,-0.290684,-0.341619,-0.786142,0.182908,-0.042875,-0.693280,-0.436214,0.035968,-0.900807,-0.273250,-0.053892,-1.837042,1.160406,1.226529,2.749383,-0.077809,0.006078,0.133776,0.001537,-0.398601,0.001874,-0.088430
27.191951,-0.647977,-0.503864,1.511021,-0.869477,-1.261475,-0.720045,-0.290844,-0.346632,-0.778094,0.177978,-0.047406,-0.694845,-0.435679,0.034282,-0.900967,-0.273236,-0.053620,-1.837046,1.159604,1.226526,2.749201,-0.078997,0.006121,0.135158,-0.000455,-0.399883,0.000839,-0.090456
27.192991,-0.647573,-0.501027,1.513366,-0.869925,-1.262939,-0.719859,-0.291922,-0.346632,-0.778094,0.177978,-0.047406,-0.694845,-0.435679,0.034282,-0.900967,-0.273236,-0.053620,-1.837046,1.159604,1.226526,2.749201,-0.078997,0.006121,0.135158,-0.000455,-0.399883,0.000839,-0.090456
27.193986,-0.643941,-0.502152,1.520185,-0.870122,-1.261538,-0.720041,-0.293546,-0.347197,-0.774819,0.177967,-0.048534,-0.695008,-0.435482,0.033399,-0.901046,-0.273233,-0.053481,-1.837044,1.159207,1.226528,2.749106,-0.078886,0.005253,0.136158,-0.000375,-0.398787,0.000895,-0.091649
27.195046,-0.645149,-0.501079,1.521431,-0.869645,-1.264605,-0.719928,-0.294309,-0.343402,-0.769144,0.183889,-0.050440,-0.694539,-0.435493,0.031604,-0.901207,-0.273218,-0.053208,-1.837050,1.158413,1.226526,2.748914,-0.079440,0.006284,0.136458,-0.001186,-0.397771,0.001477,-0.093512
27.196000,-0.641626,-0.501496,1.525862,-0.871201,-1.262477,-0.719564,-0.295718,-0.338586,-0.769529,0.190350,-0.050275,-0.693991,-0.435870,0.030697,-0.901291,-0.273209,-0.053073,-1.837046,1.158004,1.226526,2.748818,-0.080819,0.006943,0.136126,0.000009,-0.399850,0.001342,-0.093726
27.197005,-0.640431,-0.498676,1.529226,-0.870591,-1.264459,-0.718641,-0.295680,-0.332080,-0.771091,0.198855,-0.050056,-0.693453,-0.436469,0.029782,-0.901371,-0.273207,-0.052933,-1.837048,1.157615,1.226525,2.748711,-0.081062,0.006066,0.136494,-0.000899,-0.398149,0.000666,-0.097022
27.197970,-0.636754,-0.499050,1.533074,-0.868007,-1.264140,-0.717624,-0.297915,-0.323235,-0.774018,0.210232,-0.049092,-0.692873,-0.437279,0.028867,-0.901459,-0.273198,-0.052796,-1.837056,1.157215,1.226525,2.748620,-0.082469,0.006714,0.136485,-0.003614,-0.398524,-0.000117,-0.095615
27.199074,-0.636766,-0.496172,1.533198,-0.870246,-1.264545,-0.718715,-0.298989,-0.323235,-0.774018,0.210232,-0.049092,-0.692873,-0.437279,0.028867,-0.901459,-0.273198,-0.052796,-1.837056,1.157215,1.226525,2.748620,-0.082469,0.006714,0.136485,-0.003614,-0.398524,-0.000117,-0.095615
27.200152,-0.636313,-0.494316,1.532954,-0.870641,-1.264529,-0.717099,-0.300224,-0.313097,-0.778923,0.223169,-0.046545,-0.692184,-0.438167,0.027969,-0.901541,-0.273195,-0.052652,-1.837052,1.156814,1.226529,2.748521,-0.082140,0.005859,0.138803,-0.001765,-0.398730,0.001241,-0.097078
27.200959,-0.634701,-0.497388,1.530572,-0.870538,-1.262924,-0.716180,-0.301424,-0.302566,-0.784396,0.236849,-0.043380,-0.691300,-0.438887,0.026301,-0.901708,-0.273180,-0.052356,-1.837056,1.156016,1.226523,2.748320,-0.082356,0.007391,0.143539,-0.001993,-0.400262,-0.000825,-0.098172
27.202096,-0.630600,-0.492280,1.538445,-0.870139,-1.266207,-0.716121,-0.301862,-0.302566,-0.784396,0.236849,-0.043380,-0.691300,-0.438887,0.026301,-0.901708,-0.273180,-0.052356,-1.837056,1.156016,1.226523,2.748320,-0.082356,0.007391,0.143539,-0.001993,-0.400262,-0.000825,-0.098172
27.202996,-0.628904,-0.491985,1.540664,-0.871096,-1.268816,-0.717511,-0.303814,-0.304432,-0.787143,0.234751,-0.041813,-0.690858,-0.438535,0.025557,-0.901795,-0.273178,-0.052215,-1.837060,1.155618,1.226524,2.748210,-0.084120,0.005459,0.142282,-0.002680,-0.397957,-0.000589,-0.101145
27.203944,-0.625144,-0.491730,1.541204,-0.871251,-1.271443,-0.715111,-0.304607,-0.306670,-0.788675,0.232236,-0.040908,-0.690341,-0.438154,0.024883,-0.901881,-0.273170,-0.052069,-1.837060,1.155230,1.226529,2.748112,-0.084566,0.005823,0.143231,-0.002043,-0.395744,0.001033,-0.100411
27.205014,-0.618367,-0.491464,1.545891,-0.872325,-1.273862,-0.714300,-0.306115,-0.307959,-0.787918,0.231038,-0.041497,-0.689796,-0.437933,0.024273,-0.901970,-0.273164,-0.051918,-1.837063,1.154842,1.226524,2.748005,-0.086055,0.006242,0.145137,-0.002161,-0.393734,-0.001118,-0.102212
27.205932,-0.616886,-0.491098,1.551450,-0.871715,-1.277689,-0.713933,-0.307077,-0.308145,-0.786625,0.231319,-0.042865,-0.689117,-0.437931,0.023696,-0.902066,-0.273156,-0.051769,-1.837065,1.154456,1.226523,2.747900,-0.089074,0.006714,0.145491,-0.001418,-0.392538,-0.001616,-0.103047
27.207110,-0.613045,-0.490520,1.552309,-0.871653,-1.280988,-0.713350,-0.308884,-0.305254,-0.786170,0.235459,-0.044305,-0.688203,-0.438349,0.023133,-0.902156,-0.273150,-0.051628,-1.837069,1.154070,1.226523,2.747793,-0.089352,0.007053,0.144862,-0.002267,-0.389187,-0.001727,-0.104373
27.208000,-0.612224,-0.490242,1.555443,-0.873469,-1.283585,-0.714511,-0.311181,-0.299215,-0.787916,0.243476,-0.044825,-0.686952,-0.439187,0.022586,-0.902248,-0.273142,-0.051473,-1.837073,1.153690,1.226522,2.747687,-0.091015,0.007429,0.147556,-0.002659,-0.387690,-0.001980,-0.105043
27.208959,-0.611330,-0.489655,1.560605,-0.872641,-1.288319,-0.715096,-0.312309,-0.292339,-0.791889,0.252448,-0.044304,-0.685406,-0.440223,0.022065,-0.902340,-0.273135,-0.051324,-1.837071,1.153306,1.226524,2.747583,-0.090937,0.007790,0.147926,-0.001187,-0.385474,-0.000573,-0.103571
27.209946,-0.609074,-0.486457,1.558570,-0.870928,-1.289420,-0.715046,-0.313863,-0.280160,-0.802865,0.268245,-0.042039,-0.681902,-0.442463,0.021055,-0.902524,-0.273120,-0.051019,-1.837085,1.152550,1.226526,2.747370,-0.091690,0.006965,0.150909,-0.004125,-0.381327,0.000469,-0.105154
27.211131,-0.608155,-0.487435,1.564380,-0.873290,-1.293662,-0.714195,-0.314536,-0.280160,-0.802865,0.268245,-0.042039,-0.681902,-0.442463,0.021055,-0.902524,-0.273120,-0.051019,-1.837085,1.152550,1.226526,2.747370,-0.091690,0.006965,0.150909,-0.004125,-0.381327,0.000469,-0.105154
27.212019,-0.605957,-0.483313,1.562623,-0.873681,-1.296304,-0.712640,-0.315973,-0.277469,-0.809016,0.271835,-0.039504,-0.679914,-0.443232,0.020507,-0.902616,-0.273111,-0.050868,-1.837084,1.152176,1.226524,2.747257,-0.091890,0.008139,0.151146,-0.002187,-0.378946,-0.000052,-0.108125
27.212995,-0.603351,-0.484795,1.567345,-0.873728,-1.295652,-0.713703,-0.317468,-0.278370,-0.813224,0.270915,-0.037390,-0.678015,-0.443566,0.019932,-0.902710,-0.273107,-0.050706,-1.837085,1.151807,1.226521,2.747148,-0.092492,0.006588,0.153835,-0.002106,-0.376829,-0.001356,-0.108340
27.213978,-0.599663,-0.483189,1.571251,-0.875136,-1.295403,-0.713513,-0.317967,-0.282303,-0.814159,0.266198,-0.036524,-0.676360,-0.443498,0.019353,-0.902804,-0.273096,-0.050551,-1.837088,1.151428,1.226526,2.747039,-0.093363,0.007860,0.153690,-0.002348,-0.378353,-0.000027,-0.108816
27.215059,-0.600001,-0.484003,1.573580,-0.875174,-1.295926,-0.713948,-0.320165,-0.286662,-0.813707,0.260866,-0.035896,-0.674856,-0.443325,0.018756,-0.902901,-0.273088,-0.050395,-1.837086,1.151044,1.226523,2.746923,-0.094742,0.007586,0.153990,-0.001317,-0.379425,0.000053,-0.111307
27.216015,-0.595824,-0.484154,1.574385,-0.877104,-1.300278,-0.712473,-0.320342,-0.292429,-0.815018,0.253289,-0.032773,-0.672234,-0.443292,0.017431,-0.903090,-0.273066,-0.050076,-1.837088,1.150292,1.226522,2.746694,-0.095838,0.009136,0.157172,-0.000030,-0.376646,-0.000434,-0.113795
27.217018,-0.597588,-0.485063,1.575980,-0.878173,-1.297972,-0.712382,-0.323165,-0.292429,-0.815018,0.253289,-0.032773,-0.672234,-0.443292,0.017431,-0.903090,-0.273066,-0.050076,-1.837088,1.150292,1.226522,2.746694,-0.095838,0.009136,0.157172,-0.000030,-0.376646,-0.000434,-0.113795
27.217998,-0.593623,-0.480276,1.581369,-0.877836,-1.296876,-0.712144,-0.323559,-0.296316,-0.818055,0.247870,-0.030288,-0.671239,-0.443240,0.016696,-0.903181,-0.273054,-0.049914,-1.837088,1.149902,1.226526,2.746586,-0.094543,0.010098,0.158644,0.000646,-0.379877,-0.000262,-0.111675
27.219052,-0.595801,-0.481581,1.583000,-0.879539,-1.297192,-0.711311,-0.326242,-0.301331,-0.821415,0.240826,-0.027773,-0.670450,-0.443050,0.015931,-0.903280,-0.273051,-0.049755,-1.837090,1.149521,1.226524,2.746466,-0.096068,0.008285,0.158142,0.000014,-0.381800,-0.000219,-0.114377
27.219980,-0.590979,-0.480574,1.585708,-0.879193,-1.297569,-0.711375,-0.327151,-0.306500,-0.823068,0.233442,-0.025813,-0.669779,-0.442724,0.015154,-0.903371,-0.273040,-0.049592,-1.837088,1.149137,1.226521,2.746355,-0.094600,0.009514,0.159831,0.001286,-0.382630,-0.000755,-0.112742
27.220914,-0.587227,-0.479640,1.588101,-0.878043,-1.297559,-0.713251,-0.329057,-0.311781,-0.823571,0.225780,-0.024175,-0.669087,-0.442272,0.014376,-0.903472,-0.273030,-0.049430,-1.837088,1.148751,1.226522,2.746238,-0.096489,0.009487,0.160422,0.000605,-0.382786,-0.000437,-0.114198
27.222123,-0.586822,-0.477541,1.590514,-0.880909,-1.299121,-0.712140,-0.331590,-0.315896,-0.825201,0.219364,-0.021550,-0.668122,-0.441866,0.013591,-0.903573,-0.273021,-0.049269,-1.837090,1.148369,1.226529,2.746127,-0.097818,0.009512,0.161212,-0.000862,-0.383415,0.001675,-0.113656
27.222997,-0.586228,-0.476999,1.590852,-0.879712,-1.300076,-0.711826,-0.331190,-0.318042,-0.827502,0.215169,-0.018185,-0.666868,-0.441618,0.012801,-0.903672,-0.273013,-0.049101,-1.837084,1.147982,1.226527,2.746016,-0.097677,0.009158,0.163088,0.001474,-0.383713,0.000878,-0.112984
27.223988,-0.579031,-0.472236,1.594539,-0.880934,-1.302131,-0.712354,-0.333512,-0.322808,-0.826180,0.205720,-0.014638,-0.664219,-0.441000,0.011223,-0.903873,-0.273001,-0.048769,-1.837084,1.147222,1.226530,2.745779,-0.100509,0.007555,0.164907,0.000807,-0.381937,0.001598,-0.115646
27.224967,-0.583285,-0.474758,1.601524,-0.879910,-1.304877,-0.711237,-0.334325,-0.323326,-0.820759,0.203222,-0.015506,-0.662932,-0.440822,0.010477,-0.903966,-0.272986,-0.048607,-1.837086,1.146847,1.226529,2.745655,-0.097901,0.009318,0.163574,-0.000534,-0.380078,0.000740,-0.117472
27.226026,-0.579985,-0.469457,1.601160,-0.881722,-1.304729,-0.711141,-0.336104,-0.322157,-0.813345,0.202884,-0.017656,-0.661672,-0.440788,0.009787,-0.904068,-0.272983,-0.048437,-1.837081,1.146461,1.226526,2.745534,-0.099113,0.007271,0.166210,0.000790,-0.381422,0.000962,-0.117644
27.226962,-0.576010,-0.471757,1.605765,-0.880718,-1.305685,-0.710923,-0.337722,-0.322157,-0.813345,0.202884,-0.017656,-0.661672,-0.440788,0.009787,-0.904068,-0.272983,-0.048437,-1.837081,1.146461,1.226526,2.745534,-0.099113,0.007271,0.166210,0.000790,-0.381422,0.000962,-0.117644
27.227969,-0.571436,-0.471582,1.610745,-0.882058,-1.307982,-0.710913,-0.338751,-0.320316,-0.804345,0.203534,-0.020923,-0.660487,-0.440802,0.009158,-0.904172,-0.272970,-0.048272,-1.837085,1.146076,1.226527,2.745417,-0.100522,0.008914,0.165827,-0.000483,-0.381044,0.000991,-0.117684
27.229037,-0.574587,-0.470339,1.611301,-0.881591,-1.308141,-0.709654,-0.340555,-0.315731,-0.796709,0.207731,-0.024038,-0.659300,-0.441140,0.008586,-0.904277,-0.272959,-0.048105,-1.837081,1.145702,1.226528,2.745296,-0.102274,0.009343,0.165572,0.000439,-0.379774,0.001254,-0.119187
27.230060,-0.573542,-0.467647,1.612478,-0.881661,-1.310113,-0.709354,-0.341369,-0.308443,-0.792670,0.215410,-0.026024,-0.658118,-0.441832,0.008047,-0.904374,-0.272950,-0.047935,-1.837083,1.145320,1.226523,2.745178,-0.100247,0.009300,0.167764,-0.000399,-0.380877,0.000301,-0.119362
27.231049,-0.567037,-0.467145,1.611039,-0.881964,-1.308660,-0.710608,-0.342638,-0.302829,-0.790613,0.221176,-0.027336,-0.657134,-0.442351,0.007527,-0.904477,-0.272944,-0.047761,-1.837086,1.144938,1.226522,2.745050,-0.100286,0.008544,0.169377,-0.000601,-0.379927,0.000296,-0.121335
27.231984,-0.563826,-0.464732,1.609739,-0.883306,-1.307053,-0.709466,-0.343551,-0.301205,-0.788973,0.222199,-0.028446,-0.656498,-0.442429,0.007014,-0.904584,-0.272936,-0.047584,-1.837087,1.144554,1.226527,2.744926,-0.102979,0.008846,0.172148,-0.000636,-0.382257,0.001804,-0.122245
27.233000,-0.563910,-0.465355,1.612542,-0.884091,-1.303775,-0.709174,-0.344227,-0.303013,-0.786687,0.219131,-0.029971,-0.656318,-0.442158,0.006515,-0.904690,-0.272929,-0.047404,-1.837086,1.144166,1.226526,2.744800,-0.103958,0.008160,0.174554,0.000341,-0.384425,0.000903,-0.123661
27.233977,-0.561692,-0.463106,1.613810,-0.883688,-1.302157,-0.709520,-0.344711,-0.308061,-0.783280,0.212177,-0.032286,-0.656648,-0.441575,0.006050,-0.904792,-0.272919,-0.047225,-1.837084,1.143768,1.226525,2.744669,-0.103400,0.009022,0.175259,0.000713,-0.388559,0.000900,-0.125857
27.235006,-0.554973,-0.464518,1.616766,-0.884985,-1.302247,-0.709157,-0.345200,-0.316015,-0.779907,0.201806,-0.034695,-0.657375,-0.440711,0.005619,-0.904898,-0.272912,-0.047048,-1.837086,1.143367,1.226526,2.744535,-0.103940,0.008434,0.176627,-0.000011,-0.390782,0.001513,-0.128265
27.236006,-0.551510,-0.460162,1.614364,-0.883116,-1.304808,-0.709620,-0.346637,-0.324936,-0.778187,0.190512,-0.036334,-0.658304,-0.439786,0.005201,-0.905012,-0.272899,-0.046868,-1.837084,1.142977,1.226526,2.744401,-0.106680,0.009678,0.177304,0.000889,-0.391664,0.001425,-0.130868
27.236947,-0.550009,-0.457916,1.614784,-0.883939,-1.303309,-0.709089,-0.346407,-0.341658,-0.778266,0.170167,-0.037669,-0.660417,-0.438150,0.004330,-0.905231,-0.272886,-0.046496,-1.837090,1.142198,1.226526,2.744127,-0.107889,0.007464,0.181991,-0.000725,-0.392033,0.001885,-0.135132
27.238146,-0.546202,-0.459452,1.617891,-0.885439,-1.305201,-0.707928,-0.347706,-0.351609,-0.776606,0.158347,-0.038797,-0.661637,-0.437138,0.003853,-0.905340,-0.272875,-0.046311,-1.837087,1.141810,1.226525,2.743984,-0.109348,0.008899,0.183252,0.000298,-0.391921,0.001056,-0.136738
27.239104,-0.541801,-0.456371,1.617315,-0.885004,-1.303433,-0.706698,-0.349702,-0.351609,-0.776606,0.158347,-0.038797,-0.661637,-0.437138,0.003853,-0.905340,-0.272875,-0.046311,-1.837087,1.141810,1.226525,2.743984,-0.109348,0.008899,0.183252,0.000298,-0.391921,0.001056,-0.136738
27.239999,-0.535724,-0.455251,1.615185,-0.883740,-1.302654,-0.706880,-0.350688,-0.362128,-0.774683,0.145949,-0.040216,-0.662895,-0.436071,0.003344,-0.905454,-0.272868,-0.046125,-1.837090,1.141408,1.226522,2.743847,-0.110858,0.007872,0.185346,-0.000446,-0.394243,0.000101,-0.136008
27.241040,-0.535218,-0.453152,1.616790,-0.884440,-1.305355,-0.707541,-0.352406,-0.372682,-0.773169,0.133530,-0.041139,-0.664024,-0.434949,0.002812,-0.905572,-0.272861,-0.045931,-1.837094,1.141006,1.226525,2.743709,-0.113124,0.007817,0.187849,-0.001941,-0.395233,0.000523,-0.137083
27.242085,-0.531959,-0.452455,1.621470,-0.884407,-1.305402,-0.706563,-0.352221,-0.383407,-0.772055,0.120820,-0.041181,-0.664957,-0.433743,0.002249,-0.905682,-0.272854,-0.045738,-1.837094,1.140616,1.226527,2.743569,-0.112763,0.007361,0.189094,-0.001598,-0.393541,0.001466,-0.137240
27.243067,-0.526991,-0.451852,1.627004,-0.884523,-1.305166,-0.707784,-0.353343,-0.393822,-0.770886,0.108424,-0.040848,-0.665768,-0.432550,0.001648,-0.905799,-0.272843,-0.045550,-1.837096,1.140219,1.226525,2.743418,-0.113744,0.007570,0.188878,-0.001958,-0.394507,0.000765,-0.141223
27.244088,-0.523395,-0.448245,1.623544,-0.885120,-1.310605,-0.706497,-0.354108,-0.401031,-0.770255,0.099999,-0.040136,-0.666400,-0.431700,0.001012,-0.905918,-0.272835,-0.045362,-1.837098,1.139825,1.226527,2.743271,-0.115508,0.007814,0.187974,-0.002140,-0.395465,0.002266,-0.142290
27.245047,-0.519975,-0.451601,1.624327,-0.886770,-1.309145,-0.704426,-0.355268,-0.403604,-0.769610,0.097376,-0.039525,-0.666865,-0.431348,0.000373,-0.906037,-0.272832,-0.045165,-1.837098,1.139438,1.226526,2.743119,-0.116590,0.006623,0.191678,-0.001916,-0.390947,0.001238,-0.144247
27.246154,-0.514579,-0.449258,1.631148,-0.886461,-1.312034,-0.703604,-0.356178,-0.404291,-0.767853,0.097135,-0.039909,-0.667321,-0.431215,-0.000236,-0.906157,-0.272818,-0.044970,-1.837098,1.139037,1.226522,2.742971,-0.117541,0.008784,0.192956,-0.000607,-0.393013,-0.000555,-0.145160
27.247006,-0.506477,-0.448704,1.629025,-0.887692,-1.310713,-0.703596,-0.355385,-0.403486,-0.766880,0.098741,-0.040545,-0.667731,-0.431269,-0.000816,-0.906282,-0.272810,-0.044779,-1.837100,1.138642,1.226522,2.742820,-0.119540,0.008209,0.191873,-0.001280,-0.391379,-0.001061,-0.147171
27.247943,-0.503013,-0.447045,1.628878,-0.887184,-1.309292,-0.703001,-0.357227,-0.389407,-0.767558,0.117283,-0.041796,-0.668420,-0.432660,-0.001965,-0.906539,-0.272795,-0.044383,-1.837102,1.137846,1.226525,2.742507,-0.123498,0.008097,0.195812,-0.001155,-0.394687,-0.001190,-0.150953
27.249005,-0.498017,-0.447350,1.630332,-0.888010,-1.310418,-0.703319,-0.358226,-0.389407,-0.767558,0.117283,-0.041796,-0.668420,-0.432660,-0.001965,-0.906539,-0.272795,-0.044383,-1.837102,1.137846,1.226525,2.742507,-0.123498,0.008097,0.195812,-0.001155,-0.394687,-0.001190,-0.150953
27.250075,-0.494933,-0.443510,1.634588,-0.889074,-1.310833,-0.703105,-0.359149,-0.378227,-0.768553,0.131485,-0.042085,-0.668706,-0.433768,-0.002533,-0.906666,-0.272785,-0.044181,-1.837104,1.137455,1.226525,2.742350,-0.125230,0.008823,0.197117,-0.000650,-0.394668,-0.000575,-0.152595
27.250953,-0.492721,-0.444147,1.635094,-0.888834,-1.309491,-0.703603,-0.358797,-0.365532,-0.769268,0.147386,-0.042431,-0.668982,-0.435029,-0.003083,-0.906794,-0.272777,-0.043983,-1.837103,1.137055,1.226525,2.742193,-0.125984,0.007491,0.197093,0.000014,-0.395342,-0.000497,-0.154407
27.252044,-0.485140,-0.438461,1.639466,-0.888665,-1.309463,-0.703454,-0.359059,-0.351536,-0.768087,0.164777,-0.043701,-0.669326,-0.436401,-0.003624,-0.906922,-0.272766,-0.043781,-1.837104,1.136663,1.226525,2.742027,-0.126175,0.008269,0.198120,-0.000533,-0.396932,0.000242,-0.157975
27.252954,-0.484309,-0.441581,1.639067,-0.890631,-1.310575,-0.703681,-0.360542,-0.336170,-0.764584,0.183797,-0.045769,-0.669661,-0.437849,-0.004169,-0.907057,-0.272763,-0.043583,-1.837106,1.136255,1.226525,2.741859,-0.129144,0.006065,0.198140,-0.001044,-0.398050,0.000386,-0.161143
27.253956,-0.484619,-0.441384,1.644432,-0.889105,-1.310785,-0.702967,-0.360926,-0.319303,-0.758588,0.204637,-0.048786,-0.669964,-0.439398,-0.004704,-0.907187,-0.272750,-0.043380,-1.837103,1.135861,1.226526,2.741698,-0.128608,0.008103,0.199738,0.000525,-0.397294,0.000859,-0.161139
27.254987,-0.481934,-0.438865,1.644050,-0.889823,-1.315512,-0.702517,-0.363080,-0.302617,-0.753497,0.225196,-0.051396,-0.670099,-0.440978,-0.005211,-0.907315,-0.272741,-0.043178,-1.837109,1.135470,1.226525,2.741529,-0.127619,0.008532,0.198813,-0.001251,-0.397947,0.000420,-0.163727
27.256005,-0.477563,-0.434453,1.645672,-0.890660,-1.315704,-0.702022,-0.363664,-0.288085,-0.751964,0.243065,-0.052126,-0.669913,-0.442420,-0.005700,-0.907445,-0.272734,-0.042974,-1.837108,1.135080,1.226524,2.741368,-0.128158,0.007846,0.200930,-0.000909,-0.394168,0.000259,-0.162866
27.256948,-0.474567,-0.437978,1.642012,-0.889427,-1.315409,-0.701491,-0.364141,-0.276685,-0.749856,0.257113,-0.052994,-0.669660,-0.443540,-0.006176,-0.907577,-0.272730,-0.042769,-1.837106,1.134690,1.226526,2.741200,-0.129482,0.006252,0.201923,-0.000482,-0.394945,0.000032,-0.165128
27.258085,-0.473931,-0.434891,1.651514,-0.891137,-1.317922,-0.701257,-0.366680,-0.269243,-0.745894,0.266243,-0.054592,-0.669427,-0.444226,-0.006647,-0.907707,-0.272716,-0.042559,-1.837112,1.134297,1.226526,2.741027,-0.130089,0.008495,0.205220,-0.001930,-0.395785,-0.000241,-0.167254
27.258984,-0.470934,-0.433531,1.648327,-0.891040,-1.319129,-0.700907,-0.367394,-0.265432,-0.743714,0.270744,-0.055050,-0.669011,-0.444573,-0.007101,-0.907833,-0.272710,-0.042357,-1.837111,1.133900,1.226526,2.740864,-0.129684,0.007595,0.202769,-0.000627,-0.394678,-0.000161,-0.166038
27.259973,-0.468148,-0.432138,1.651341,-0.891719,-1.324148,-0.700326,-0.368925,-0.263742,-0.742418,0.272557,-0.055160,-0.668539,-0.444758,-0.007507,-0.907963,-0.272704,-0.042146,-1.837113,1.133508,1.226525,2.740692,-0.130268,0.007427,0.205657,-0.001008,-0.393820,-0.000263,-0.167547
27.261071,-0.466963,-0.430716,1.654585,-0.891017,-1.325590,-0.699656,-0.369132,-0.263963,-0.739507,0.272048,-0.056386,-0.668249,-0.444788,-0.007854,-0.908096,-0.272695,-0.041940,-1.837112,1.133130,1.226523,2.740524,-0.130772,0.007271,0.205804,-0.000709,-0.389681,-0.000567,-0.167753
27.261988,-0.463757,-0.429652,1.655044,-0.892097,-1.326107,-0.700429,-0.371452,-0.265918,-0.735183,0.269489,-0.058557,-0.668179,-0.444659,-0.008144,-0.908227,-0.272686,-0.041730,-1.837114,1.132737,1.226523,2.740347,-0.130565,0.007164,0.206284,-0.001765,-0.389561,-0.000937,-0.171055
27.262931,-0.462025,-0.428250,1.653658,-0.890540,-1.326583,-0.699725,-0.372737,-0.268845,-0.730192,0.265825,-0.061148,-0.668296,-0.444426,-0.008368,-0.908360,-0.272677,-0.041519,-1.837114,1.132351,1.226525,2.740181,-0.131231,0.007120,0.207380,-0.000993,-0.389526,0.000092,-0.169368
27.264033,-0.453015,-0.427810,1.651552,-0.892859,-1.325620,-0.699892,-0.373652,-0.273224,-0.725409,0.260384,-0.063490,-0.668529,-0.444036,-0.008533,-0.908491,-0.272670,-0.041306,-1.837121,1.131962,1.226522,2.740011,-0.131186,0.006946,0.209492,-0.002751,-0.389642,-0.000350,-0.169912
27.264998,-0.451200,-0.427107,1.650861,-0.895610,-1.325290,-0.699815,-0.375078,-0.279645,-0.721640,0.252277,-0.065053,-0.668817,-0.443441,-0.008671,-0.908631,-0.272660,-0.041086,-1.837118,1.131569,1.226524,2.739839,-0.134832,0.007337,0.212545,-0.000862,-0.391928,0.000114,-0.171821
27.265986,-0.448446,-0.425922,1.656131,-0.893612,-1.325156,-0.699713,-0.375137,-0.287784,-0.717824,0.241717,-0.067070,-0.669329,-0.442736,-0.008800,-0.908764,-0.272651,-0.040869,-1.837113,1.131172,1.226524,2.739667,-0.134784,0.007497,0.214338,0.001418,-0.392846,0.000294,-0.172119
27.267012,-0.443201,-0.424077,1.653000,-0.894522,-1.326213,-0.698944,-0.378100,-0.296382,-0.713271,0.230179,-0.070315,-0.670194,-0.442064,-0.008921,-0.908901,-0.272643,-0.040655,-1.837119,1.130777,1.226525,2.739485,-0.135226,0.007456,0.213255,-0.000837,-0.393711,0.000456,-0.175256
27.268161,-0.440462,-0.425145,1.654351,-0.895859,-1.324683,-0.698019,-0.378257,-0.304056,-0.709332,0.219420,-0.073456,-0.671258,-0.441490,-0.009038,-0.909039,-0.272639,-0.040431,-1.837118,1.130385,1.226523,2.739318,-0.136929,0.007142,0.216485,-0.000295,-0.393601,-0.000026,-0.172710
27.268977,-0.439845,-0.424070,1.660026,-0.895859,-1.322897,-0.697950,-0.379236,-0.311303,-0.706826,0.208837,-0.075862,-0.672441,-0.440945,-0.009157,-0.909179,-0.272628,-0.040214,-1.837117,1.129981,1.226524,2.739136,-0.137424,0.008316,0.218018,0.000596,-0.396570,-0.000646,-0.176323
27.269961,-0.436822,-0.418832,1.658545,-0.896926,-1.322025,-0.696704,-0.381579,-0.317976,-0.706626,0.198606,-0.077321,-0.673683,-0.440467,-0.009300,-0.909313,-0.272622,-0.040000,-1.837117,1.129584,1.226524,2.738954,-0.136693,0.008220,0.216012,0.000309,-0.398248,-0.000484,-0.176872
27.270967,-0.432658,-0.418623,1.657167,-0.896723,-1.321126,-0.696400,-0.381889,-0.322850,-0.706545,0.190387,-0.078849,-0.675012,-0.440105,-0.009462,-0.909452,-0.272619,-0.039779,-1.837116,1.129180,1.226521,2.738781,-0.137248,0.006189,0.218280,0.000995,-0.399739,-0.001450,-0.175408
27.272003,-0.429317,-0.421958,1.657902,-0.898810,-1.322520,-0.696729,-0.382493,-0.327046,-0.702829,0.182937,-0.082103,-0.676552,-0.439646,-0.009620,-0.909592,-0.272611,-0.039556,-1.837118,1.128766,1.226520,2.738598,-0.138369,0.006662,0.220511,0.000471,-0.401276,-0.001468,-0.178123
27.272970,-0.426732,-0.420725,1.656557,-0.896912,-1.321551,-0.696403,-0.382289,-0.331822,-0.698110,0.174671,-0.086022,-0.678198,-0.439051,-0.009800,-0.909730,-0.272598,-0.039330,-1.837113,1.128360,1.226524,2.738413,-0.139106,0.008866,0.221783,0.002088,-0.400711,-0.000872,-0.180311
27.273973,-0.422195,-0.416732,1.661807,-0.898863,-1.319816,-0.697154,-0.383562,-0.337382,-0.697890,0.165273,-0.088149,-0.679680,-0.438453,-0.010036,-0.909871,-0.272591,-0.039101,-1.837117,1.127958,1.226524,2.738223,-0.139397,0.008769,0.223774,-0.000104,-0.402265,-0.000937,-0.183843
27.275005,-0.424858,-0.412952,1.665084,-0.897697,-1.319282,-0.696519,-0.383766,-0.342739,-0.701638,0.155999,-0.088470,-0.680897,-0.437928,-0.010328,-0.910015,-0.272584,-0.038879,-1.837113,1.127545,1.226525,2.738036,-0.140657,0.007338,0.222672,0.001438,-0.404643,0.000093,-0.184534
27.276065,-0.422831,-0.415828,1.664438,-0.897667,-1.320926,-0.696597,-0.384603,-0.346176,-0.703755,0.149102,-0.089510,-0.682021,-0.437518,-0.010636,-0.910147,-0.272579,-0.038657,-1.837117,1.127140,1.226524,2.737840,-0.138433,0.006056,0.222717,-0.000037,-0.406007,-0.000270,-0.187489
27.276974,-0.418807,-0.413377,1.665873,-0.898782,-1.318123,-0.696413,-0.384671,-0.348900,-0.703844,0.143186,-0.091214,-0.683040,-0.437068,-0.010942,-0.910288,-0.272566,-0.038428,-1.837116,1.126731,1.226524,2.737646,-0.138536,0.008061,0.224770,-0.000464,-0.405284,0.000105,-0.189269
27.277964,-0.413699,-0.410166,1.665462,-0.898423,-1.321255,-0.695925,-0.382983,-0.352479,-0.705651,0.136341,-0.091803,-0.683806,-0.436511,-0.011261,-0.910428,-0.272559,-0.038202,-1.837114,1.126320,1.226524,2.737448,-0.139523,0.007318,0.225141,0.000291,-0.408327,0.000166,-0.191988
27.279134,-0.411990,-0.410649,1.665952,-0.898018,-1.320443,-0.695382,-0.384957,-0.356034,-0.707779,0.129753,-0.092330,-0.684493,-0.435957,-0.011590,-0.910573,-0.272554,-0.037972,-1.837116,1.125915,1.226523,2.737238,-0.141040,0.006288,0.226761,-0.000411,-0.405788,-0.000050,-0.198523
27.280005,-0.408994,-0.409821,1.666041,-0.898821,-1.316639,-0.695085,-0.383358,-0.359550,-0.708680,0.123479,-0.093453,-0.685250,-0.435376,-0.011906,-0.910715,-0.272543,-0.037738,-1.837119,1.125499,1.226524,2.737037,-0.141004,0.007178,0.228636,-0.001151,-0.408038,-0.000278,-0.198385
27.280981,-0.409786,-0.410634,1.668766,-0.900271,-1.313243,-0.694611,-0.382474,-0.364050,-0.710686,0.116172,-0.093787,-0.686009,-0.434690,-0.012198,-0.910855,-0.272535,-0.037504,-1.837118,1.125083,1.226524,2.736819,-0.141449,0.007229,0.229428,-0.000677,-0.411829,-0.000334,-0.204252
27.281970,-0.404901,-0.408628,1.668105,-0.900242,-1.309981,-0.693905,-0.382786,-0.369607,-0.715082,0.107716,-0.092882,-0.686800,-0.433939,-0.012484,-0.910993,-0.272524,-0.037275,-1.837114,1.124657,1.226523,2.736597,-0.140071,0.008144,0.229407,0.000339,-0.415589,-0.000539,-0.209025
27.283096,-0.399703,-0.404596,1.670019,-0.900519,-1.307433,-0.694604,-0.383313,-0.375903,-0.721568,0.098571,-0.091112,-0.687722,-0.433175,-0.012772,-0.911136,-0.272518,-0.037038,-1.837115,1.124231,1.226522,2.736377,-0.141525,0.007700,0.231077,-0.000060,-0.419290,-0.000966,-0.211455
27.283999,-0.401019,-0.406172,1.672986,-0.901843,-1.303058,-0.694986,-0.382396,-0.382125,-0.728050,0.089811,-0.089298,-0.688866,-0.432426,-0.013043,-0.911282,-0.272514,-0.036806,-1.837115,1.123798,1.226524,2.736154,-0.143168,0.006364,0.232061,-0.000185,-0.422843,0.000040,-0.214015
27.284949,-0.392810,-0.405155,1.671299,-0.901909,-1.301839,-0.694540,-0.381578,-0.387249,-0.732776,0.082736,-0.088237,-0.690319,-0.431774,-0.013291,-0.911420,-0.272505,-0.036574,-1.837112,1.123360,1.226526,2.735928,-0.141461,0.007655,0.231575,0.000758,-0.427132,0.000655,-0.218578
27.286039,-0.394547,-0.407117,1.672110,-0.902538,-1.299884,-0.695034,-0.381183,-0.390850,-0.737253,0.077856,-0.087441,-0.692007,-0.431330,-0.013544,-0.911570,-0.272496,-0.036336,-1.837114,1.122933,1.226523,2.735694,-0.144491,0.007646,0.233575,0.000514,-0.428556,0.000474,-0.223076
27.287034,-0.393153,-0.402062,1.674206,-0.902143,-1.295241,-0.693951,-0.381334,-0.393631,-0.744110,0.074211,-0.085715,-0.693719,-0.431074,-0.013825,-0.911710,-0.272483,-0.036102,-1.837112,1.122494,1.226525,2.735457,-0.142665,0.009198,0.234931,0.000720,-0.431308,0.001265,-0.227274
27.287942,-0.387957,-0.401152,1.673009,-0.904037,-1.294976,-0.693918,-0.381289,-0.397320,-0.753538,0.069598,-0.082673,-0.695300,-0.430791,-0.014128,-0.911851,-0.272482,-0.035862,-1.837114,1.122053,1.226523,2.735214,-0.142396,0.007262,0.235175,-0.000005,-0.436284,0.000449,-0.229964
27.288944,-0.388689,-0.401251,1.676131,-0.903523,-1.295410,-0.693775,-0.380695,-0.407053,-0.766631,0.058100,-0.079143,-0.698188,-0.429865,-0.014694,-0.912140,-0.272467,-0.035386,-1.837114,1.121171,1.226524,2.734732,-0.142493,0.007956,0.236524,0.000697,-0.436297,0.000800,-0.236969
27.290089,-0.388011,-0.398365,1.679427,-0.902689,-1.295513,-0.693106,-0.379794,-0.411866,-0.770414,0.052664,-0.078876,-0.699302,-0.429355,-0.014950,-0.912281,-0.272463,-0.035147,-1.837116,1.120734,1.226525,2.734475,-0.141965,0.007194,0.236829,-0.000506,-0.437268,0.000434,-0.242338
27.291073,-0.381409,-0.399874,1.680974,-0.903617,-1.296929,-0.692811,-0.380959,-0.411866,-0.770414,0.052664,-0.078876,-0.699302,-0.429355,-0.014950,-0.912281,-0.272463,-0.035147,-1.837116,1.120734,1.226525,2.734475,-0.141965,0.007194,0.236829,-0.000506,-0.437268,0.000434,-0.242338
27.291988,-0.385259,-0.396216,1.683175,-0.904223,-1.298030,-0.692927,-0.381221,-0.415547,-0.774695,0.048709,-0.078151,-0.699893,-0.428919,-0.015190,-0.912430,-0.272454,-0.034911,-1.837114,1.120300,1.226525,2.734229,-0.144209,0.008497,0.237356,0.000028,-0.436160,0.000412,-0.242908
27.293053,-0.382341,-0.393632,1.680448,-0.902073,-1.297320,-0.691669,-0.382233,-0.417202,-0.779125,0.047274,-0.077530,-0.699983,-0.428682,-0.015384,-0.912566,-0.272450,-0.034673,-1.837114,1.119860,1.226526,2.733976,-0.141243,0.007190,0.237243,0.000295,-0.435004,0.000778,-0.245051
27.294086,-0.379068,-0.392184,1.682065,-0.905147,-1.297597,-0.691900,-0.382216,-0.418948,-0.781555,0.045692,-0.077884,-0.699706,-0.428382,-0.015527,-0.912709,-0.272444,-0.034428,-1.837123,1.119427,1.226525,2.733726,-0.141781,0.006530,0.240170,-0.002038,-0.436456,-0.000198,-0.246275
27.295040,-0.377494,-0.391612,1.683901,-0.902779,-1.301198,-0.691056,-0.383085,-0.422641,-0.780601,0.041611,-0.079526,-0.699153,-0.427773,-0.015631,-0.912854,-0.272438,-0.034183,-1.837118,1.118988,1.226528,2.733471,-0.142414,0.006410,0.240740,0.000593,-0.436682,0.000310,-0.249442
27.295919,-0.371937,-0.388745,1.680672,-0.902317,-1.300566,-0.690705,-0.384252,-0.427055,-0.776832,0.036532,-0.082518,-0.698471,-0.427032,-0.015701,-0.912994,-0.272432,-0.033939,-1.837126,1.118563,1.226525,2.733211,-0.142189,0.006678,0.240902,-0.001987,-0.433317,-0.000266,-0.250460
27.296961,-0.374590,-0.388676,1.685018,-0.903923,-1.297974,-0.689679,-0.384998,-0.430950,-0.772355,0.031987,-0.085564,-0.697696,-0.426292,-0.015721,-0.913140,-0.272428,-0.033691,-1.837130,1.118127,1.226524,2.732962,-0.143852,0.005758,0.243266,-0.002652,-0.433800,-0.000368,-0.250640
27.298072,-0.371202,-0.387187,1.682257,-0.903108,-1.299963,-0.690391,-0.386386,-0.434474,-0.767941,0.027770,-0.087944,-0.696897,-0.425513,-0.015688,-0.913278,-0.272420,-0.033450,-1.837128,1.117683,1.226522,2.732707,-0.141570,0.006322,0.242549,-0.001445,-0.436924,-0.001100,-0.252307
27.299070,-0.365476,-0.386333,1.678943,-0.903939,-1.297459,-0.689289,-0.385968,-0.438645,-0.763775,0.022589,-0.089782,-0.696223,-0.424622,-0.015622,-0.913423,-0.272414,-0.033197,-1.837134,1.117253,1.226524,2.732454,-0.142346,0.006217,0.245595,-0.002546,-0.435863,-0.000081,-0.252949
27.300017,-0.364746,-0.383994,1.678587,-0.902878,-1.297145,-0.689798,-0.386877,-0.444730,-0.760855,0.014822,-0.090596,-0.695699,-0.423536,-0.015536,-0.913569,-0.272408,-0.032945,-1.837134,1.116806,1.226522,2.732193,-0.144166,0.006368,0.248416,-0.002042,-0.438667,-0.000919,-0.256765
27.301024,-0.360994,-0.380046,1.679399,-0.904880,-1.299532,-0.689291,-0.388314,-0.453084,-0.759204,0.003977,-0.090192,-0.695282,-0.422222,-0.015422,-0.913710,-0.272402,-0.032690,-1.837141,1.116370,1.226523,2.731933,-0.143485,0.005737,0.249501,-0.003312,-0.439092,-0.000139,-0.257670
27.302011,-0.359583,-0.381999,1.681905,-0.905362,-1.300572,-0.689373,-0.389093,-0.462919,-0.756135,-0.008890,-0.089998,-0.695065,-0.420739,-0.015253,-0.913858,-0.272401,-0.032441,-1.837138,1.115936,1.226523,2.731673,-0.144314,0.004399,0.250340,-0.001718,-0.437112,-0.000382,-0.257775
27.303058,-0.356238,-0.381175,1.683866,-0.905553,-1.300945,-0.688520,-0.390598,-0.480350,-0.742689,-0.031976,-0.094084,-0.695321,-0.418155,-0.014790,-0.914144,-0.272385,-0.031933,-1.837140,1.115061,1.226523,2.731151,-0.144822,0.006216,0.251246,-0.001800,-0.437394,-0.000558,-0.259807
27.304023,-0.353584,-0.381796,1.687092,-0.905324,-1.303297,-0.688154,-0.391205,-0.480350,-0.742689,-0.031976,-0.094084,-0.695321,-0.418155,-0.014790,-0.914144,-0.272385,-0.031933,-1.837140,1.115061,1.226523,2.731151,-0.144822,0.006216,0.251246,-0.001800,-0.437394,-0.000558,-0.259807
27.304984,-0.352452,-0.381020,1.688547,-0.904851,-1.303447,-0.688100,-0.392528,-0.485296,-0.739491,-0.038960,-0.094999,-0.695157,-0.417443,-0.014559,-0.914291,-0.272378,-0.031684,-1.837144,1.114627,1.226525,2.730887,-0.145155,0.007158,0.251178,-0.002331,-0.435799,-0.000637,-0.261797
27.306017,-0.346843,-0.380353,1.687950,-0.905035,-1.308483,-0.688191,-0.393897,-0.487103,-0.741728,-0.042195,-0.093226,-0.694405,-0.417169,-0.014342,-0.914434,-0.272370,-0.031430,-1.837149,1.114190,1.226523,2.730619,-0.144754,0.007366,0.251936,-0.003083,-0.436396,-0.000388,-0.262294
27.307057,-0.344555,-0.375466,1.692167,-0.904542,-1.308360,-0.687216,-0.394391,-0.486603,-0.749301,-0.042785,-0.088597,-0.692981,-0.417220,-0.014136,-0.914584,-0.272363,-0.031176,-1.837152,1.113760,1.226524,2.730353,-0.146607,0.007705,0.254059,-0.003238,-0.432489,0.000016,-0.263039
27.308012,-0.344860,-0.375503,1.692887,-0.905122,-1.311804,-0.687028,-0.395648,-0.484195,-0.759008,-0.041226,-0.082573,-0.691012,-0.417486,-0.013953,-0.914734,-0.272361,-0.030919,-1.837157,1.113324,1.226522,2.730086,-0.146754,0.005973,0.253737,-0.004035,-0.433815,-0.000647,-0.265575
27.308938,-0.341896,-0.374036,1.693402,-0.905736,-1.314754,-0.687910,-0.394896,-0.480176,-0.767111,-0.037830,-0.076872,-0.688678,-0.417844,-0.013802,-0.914876,-0.272353,-0.030659,-1.837160,1.112901,1.226523,2.729817,-0.145643,0.006616,0.254769,-0.003755,-0.431171,-0.000543,-0.266169
27.309987,-0.338354,-0.371303,1.700596,-0.905863,-1.312269,-0.687370,-0.395897,-0.475868,-0.772708,-0.034235,-0.072223,-0.686161,-0.418185,-0.013692,-0.915025,-0.272347,-0.030404,-1.837161,1.112473,1.226526,2.729538,-0.146091,0.006474,0.255817,-0.003490,-0.428847,0.000611,-0.270668
27.310935,-0.335865,-0.371826,1.700364,-0.904205,-1.312044,-0.688133,-0.396198,-0.470501,-0.775729,-0.029461,-0.068948,-0.683604,-0.418636,-0.013626,-0.915176,-0.272342,-0.030153,-1.837164,1.112032,1.226526,2.729260,-0.146890,0.005810,0.254108,-0.003720,-0.432551,0.000378,-0.272142
27.312007,-0.330594,-0.366865,1.703822,-0.906559,-1.318196,-0.688397,-0.397040,-0.462029,-0.777752,-0.020962,-0.065833,-0.680915,-0.419379,-0.013604,-0.915323,-0.272334,-0.029892,-1.837174,1.111599,1.226525,2.728977,-0.147109,0.006681,0.255596,-0.005555,-0.433443,0.001449,-0.274585
27.313071,-0.329870,-0.364267,1.703876,-0.905217,-1.316394,-0.687748,-0.399316,-0.450517,-0.779359,-0.008789,-0.062493,-0.678201,-0.420418,-0.013626,-0.915477,-0.272333,-0.029638,-1.837174,1.111176,1.226525,2.728701,-0.148771,0.004944,0.255843,-0.003599,-0.428684,0.002030,-0.276513
27.314054,-0.333243,-0.364406,1.710325,-0.907229,-1.315775,-0.687079,-0.398184,-0.437490,-0.776902,0.005275,-0.061070,-0.675898,-0.421598,-0.013666,-0.915622,-0.272329,-0.029375,-1.837181,1.110743,1.226524,2.728426,-0.148208,0.004376,0.257695,-0.005225,-0.431878,0.001699,-0.275511
27.314940,-0.333225,-0.364083,1.711965,-0.907726,-1.315513,-0.686584,-0.400091,-0.425195,-0.769914,0.018512,-0.061692,-0.674115,-0.422653,-0.013718,-0.915763,-0.272321,-0.029124,-1.837182,1.110310,1.226521,2.728133,-0.145592,0.005082,0.256048,-0.003569,-0.433359,0.001346,-0.280991
27.316117,-0.329816,-0.359384,1.716524,-0.906645,-1.316916,-0.685894,-0.400766,-0.415026,-0.761226,0.029284,-0.063182,-0.672741,-0.423473,-0.013788,-0.915907,-0.272311,-0.028864,-1.837184,1.109872,1.226520,2.727859,-0.144590,0.005444,0.256302,-0.003389,-0.433937,0.001127,-0.279919
27.317008,-0.328671,-0.359485,1.718778,-0.904900,-1.318818,-0.685845,-0.401476,-0.406741,-0.751756,0.038044,-0.065183,-0.671671,-0.424088,-0.013851,-0.916055,-0.272311,-0.028605,-1.837190,1.109439,1.226521,2.727570,-0.145482,0.003934,0.256452,-0.004809,-0.434445,0.000789,-0.282628
27.317993,-0.325864,-0.360909,1.721714,-0.906291,-1.317756,-0.684169,-0.402638,-0.399413,-0.742439,0.045986,-0.066586,-0.670639,-0.424541,-0.013884,-0.916200,-0.272305,-0.028350,-1.837201,1.109005,1.226521,2.727280,-0.145003,0.004581,0.256448,-0.006675,-0.432904,0.001016,-0.283953
27.319113,-0.325745,-0.358898,1.722888,-0.907472,-1.322459,-0.683701,-0.402810,-0.392275,-0.736647,0.053984,-0.065581,-0.669336,-0.424961,-0.013889,-0.916346,-0.272297,-0.028091,-1.837203,1.108563,1.226519,2.726996,-0.145440,0.005925,0.256516,-0.005595,-0.434802,-0.000367,-0.284825
27.319993,-0.322102,-0.356521,1.725342,-0.907147,-1.321654,-0.683801,-0.404187,-0.385893,-0.735468,0.061218,-0.062403,-0.667748,-0.425387,-0.013880,-0.916490,-0.272291,-0.027832,-1.837206,1.108140,1.226520,2.726698,-0.144655,0.005651,0.258105,-0.004812,-0.431752,-0.000487,-0.288239
27.320961,-0.319506,-0.353081,1.728547,-0.905968,-1.320202,-0.684025,-0.404546,-0.381136,-0.735734,0.066544,-0.059218,-0.666075,-0.425743,-0.013866,-0.916637,-0.272287,-0.027572,-1.837214,1.107707,1.226520,2.726412,-0.145426,0.005053,0.257885,-0.005319,-0.432938,-0.000116,-0.288182
27.322039,-0.318141,-0.352406,1.734570,-0.905268,-1.324660,-0.684310,-0.406632,-0.376770,-0.734941,0.071435,-0.056900,-0.664311,-0.426080,-0.013832,-0.916782,-0.272284,-0.027312,-1.837222,1.107273,1.226523,2.726116,-0.145750,0.003987,0.257720,-0.006693,-0.435197,0.000383,-0.290562
27.323029,-0.316703,-0.353355,1.736366,-0.905491,-1.328578,-0.684534,-0.407192,-0.370767,-0.733290,0.078330,-0.054758,-0.662303,-0.426540,-0.013770,-0.916926,-0.272278,-0.027060,-1.837230,1.106844,1.226525,2.725832,-0.145551,0.004381,0.256748,-0.007628,-0.432109,0.000985,-0.289972
27.323941,-0.316002,-0.349477,1.738712,-0.905457,-1.327018,-0.682974,-0.407299,-0.362643,-0.733214,0.087745,-0.051724,-0.660014,-0.427234,-0.013695,-0.917073,-0.272271,-0.026798,-1.837238,1.106414,1.226524,2.725534,-0.145294,0.005499,0.257384,-0.007607,-0.429142,0.001516,-0.292039
27.324994,-0.312972,-0.350945,1.739058,-0.906914,-1.329479,-0.681054,-0.407556,-0.353506,-0.735379,0.098286,-0.047785,-0.657602,-0.428095,-0.013618,-0.917214,-0.272269,-0.026541,-1.837245,1.105983,1.226525,2.725232,-0.144674,0.004179,0.257417,-0.007856,-0.431275,0.000205,-0.294636
27.325993,-0.313723,-0.346021,1.742187,-0.908237,-1.330689,-0.682455,-0.408138,-0.344883,-0.737995,0.108063,-0.043925,-0.655321,-0.428918,-0.013536,-0.917361,-0.272261,-0.026278,-1.837249,1.105553,1.226520,2.724927,-0.145273,0.005616,0.259065,-0.006723,-0.430071,-0.001370,-0.297539
27.327048,-0.310655,-0.341988,1.740801,-0.907808,-1.324836,-0.680532,-0.409308,-0.337815,-0.738810,0.115789,-0.041664,-0.653517,-0.429587,-0.013424,-0.917500,-0.272262,-0.026014,-1.837252,1.105123,1.226525,2.724623,-0.144006,0.003853,0.259014,-0.005718,-0.429864,0.000342,-0.299543
27.327984,-0.310948,-0.345059,1.742080,-0.910305,-1.323178,-0.681167,-0.408128,-0.333193,-0.734139,0.120389,-0.042692,-0.652505,-0.429940,-0.013269,-0.917646,-0.272260,-0.025748,-1.837260,1.104671,1.226522,2.724319,-0.144650,0.002592,0.261510,-0.006405,-0.436862,-0.001279,-0.300620
27.328953,-0.308137,-0.339622,1.743402,-0.908785,-1.322112,-0.680474,-0.409774,-0.331806,-0.724327,0.120805,-0.046351,-0.652250,-0.429848,-0.013108,-0.917788,-0.272249,-0.025483,-1.837259,1.104223,1.226525,2.724005,-0.143526,0.004714,0.262076,-0.004295,-0.438950,-0.000354,-0.305885
27.330012,-0.309674,-0.339901,1.745501,-0.909946,-1.320138,-0.681619,-0.410567,-0.333219,-0.712912,0.117499,-0.050865,-0.652566,-0.429416,-0.012982,-0.917931,-0.272249,-0.025215,-1.837268,1.103782,1.226521,2.723697,-0.143990,0.002659,0.262763,-0.006018,-0.440747,-0.000742,-0.305569
27.331064,-0.306919,-0.338462,1.741405,-0.910108,-1.318873,-0.680156,-0.412142,-0.336539,-0.700857,0.111645,-0.055504,-0.653321,-0.428744,-0.012879,-0.918069,-0.272244,-0.024953,-1.837272,1.103331,1.226524,2.723388,-0.142393,0.003537,0.263556,-0.005165,-0.443833,0.000728,-0.307430
27.332010,-0.307408,-0.338058,1.745136,-0.911036,-1.316765,-0.680201,-0.412220,-0.342778,-0.689450,0.102028,-0.059474,-0.654340,-0.427750,-0.012782,-0.918210,-0.272241,-0.024676,-1.837278,1.102884,1.226522,2.723077,-0.142940,0.003536,0.267263,-0.005306,-0.446203,-0.000433,-0.307646
27.332968,-0.303569,-0.336440,1.744365,-0.911588,-1.312815,-0.680325,-0.412120,-0.352882,-0.680301,0.087492,-0.062114,-0.655443,-0.426378,-0.012692,-0.918350,-0.272235,-0.024413,-1.837282,1.102429,1.226524,2.722759,-0.141748,0.003965,0.266641,-0.004658,-0.448772,-0.000095,-0.310406
27.334089,-0.302018,-0.336433,1.749892,-0.912750,-1.317874,-0.679437,-0.413368,-0.365137,-0.673623,0.070218,-0.063479,-0.656481,-0.424813,-0.012624,-0.918495,-0.272232,-0.024139,-1.837284,1.101961,1.226523,2.722443,-0.142707,0.003809,0.268273,-0.004441,-0.453148,0.000325,-0.313562
27.334930,-0.303557,-0.334011,1.752867,-0.911878,-1.316188,-0.679117,-0.413177,-0.376823,-0.669214,0.053650,-0.064058,-0.657363,-0.423360,-0.012574,-0.918636,-0.272226,-0.023871,-1.837286,1.101521,1.226521,2.722127,-0.142666,0.004560,0.267548,-0.003686,-0.449547,-0.000223,-0.314715
27.335986,-0.300038,-0.334954,1.757013,-0.913316,-1.316555,-0.678982,-0.415044,-0.386066,-0.666734,0.040234,-0.064271,-0.658042,-0.422214,-0.012520,-0.918775,-0.272225,-0.023606,-1.837293,1.101067,1.226522,2.721799,-0.140879,0.003931,0.266842,-0.004752,-0.451205,-0.000287,-0.317503
27.337016,-0.299798,-0.332879,1.757996,-0.914057,-1.317576,-0.677868,-0.415375,-0.391786,-0.666301,0.031429,-0.063982,-0.658426,-0.421472,-0.012444,-0.918920,-0.272216,-0.023340,-1.837294,1.100618,1.226524,2.721486,-0.141771,0.005080,0.266544,-0.003689,-0.451942,-0.000115,-0.317128
27.338028,-0.295882,-0.329313,1.763643,-0.914186,-1.316890,-0.678631,-0.416786,-0.393899,-0.667854,0.027400,-0.063360,-0.658496,-0.421163,-0.012340,-0.919058,-0.272211,-0.023072,-1.837298,1.100165,1.226520,2.721160,-0.141031,0.004726,0.267705,-0.003286,-0.451844,-0.000902,-0.319722
27.338945,-0.293745,-0.329871,1.762180,-0.913601,-1.316060,-0.677371,-0.418485,-0.392583,-0.669141,0.028003,-0.063560,-0.658375,-0.421234,-0.012203,-0.919204,-0.272209,-0.022803,-1.837301,1.099705,1.226524,2.720843,-0.142061,0.003643,0.266395,-0.003488,-0.453305,0.000166,-0.320066
27.340103,-0.289963,-0.329641,1.766494,-0.914423,-1.318618,-0.676945,-0.418935,-0.387579,-0.669224,0.033559,-0.064586,-0.658072,-0.421638,-0.012019,-0.919345,-0.272202,-0.022529,-1.837308,1.099253,1.226522,2.720523,-0.142155,0.004534,0.268192,-0.004293,-0.454474,-0.000827,-0.319414
27.340977,-0.288768,-0.330639,1.766148,-0.914201,-1.320759,-0.676222,-0.420178,-0.379576,-0.670816,0.043081,-0.064773,-0.657494,-0.422310,-0.011793,-0.919491,-0.272196,-0.022264,-1.837310,1.098801,1.226523,2.720200,-0.143226,0.005184,0.268285,-0.003881,-0.453521,-0.000898,-0.322352
27.341987,-0.287730,-0.327691,1.776200,-0.916062,-1.319292,-0.675715,-0.419451,-0.369696,-0.676438,0.055082,-0.062991,-0.656670,-0.423201,-0.011552,-0.919636,-0.272188,-0.021993,-1.837313,1.098349,1.226520,2.719872,-0.142765,0.006227,0.269328,-0.004393,-0.451484,-0.001346,-0.322372
27.342973,-0.284559,-0.322524,1.776146,-0.915859,-1.316546,-0.674630,-0.421643,-0.357539,-0.685249,0.070120,-0.059946,-0.655797,-0.424361,-0.011315,-0.919777,-0.272185,-0.021735,-1.837314,1.097888,1.226520,2.719532,-0.142394,0.005435,0.265911,-0.002897,-0.453735,-0.001543,-0.326951
27.343988,-0.279767,-0.324712,1.774919,-0.914962,-1.318657,-0.674158,-0.422312,-0.324085,-0.695139,0.112810,-0.057968,-0.654789,-0.427348,-0.010818,-0.920068,-0.272176,-0.021190,-1.837325,1.096983,1.226521,2.718874,-0.144494,0.005321,0.269489,-0.004583,-0.455899,-0.002497,-0.327380
27.345001,-0.277194,-0.325109,1.777251,-0.916860,-1.321612,-0.674378,-0.423982,-0.324085,-0.695139,0.112810,-0.057968,-0.654789,-0.427348,-0.010818,-0.920068,-0.272176,-0.021190,-1.837325,1.096983,1.226521,2.718874,-0.144494,0.005321,0.269489,-0.004583,-0.455899,-0.002497,-0.327380
27.345997,-0.280949,-0.323387,1.782725,-0.917094,-1.321669,-0.674491,-0.422768,-0.289537,-0.704656,0.158232,-0.055485,-0.654262,-0.430376,-0.010326,-0.920352,-0.272164,-0.020656,-1.837327,1.096069,1.226522,2.718201,-0.142042,0.005962,0.268606,-0.003195,-0.454409,-0.001558,-0.332650
27.347093,-0.279774,-0.319051,1.782734,-0.918046,-1.323604,-0.675250,-0.423069,-0.289537,-0.704656,0.158232,-0.055485,-0.654262,-0.430376,-0.010326,-0.920352,-0.272164,-0.020656,-1.837327,1.096069,1.226522,2.718201,-0.142042,0.005962,0.268606,-0.003195,-0.454409,-0.001558,-0.332650
27.347983,-0.275327,-0.320634,1.787059,-0.917558,-1.322852,-0.674522,-0.422435,-0.275103,-0.709017,0.177887,-0.054986,-0.654317,-0.431729,-0.010171,-0.920493,-0.272161,-0.020380,-1.837330,1.095623,1.226523,2.717859,-0.141841,0.004547,0.270481,-0.002621,-0.453820,-0.000465,-0.335479
27.348994,-0.275326,-0.320570,1.790839,-0.918754,-1.322341,-0.675319,-0.422097,-0.251476,-0.711461,0.211739,-0.057331,-0.654808,-0.434027,-0.010036,-0.920776,-0.272145,-0.019849,-1.837336,1.094709,1.226523,2.717162,-0.142166,0.006512,0.268975,-0.002535,-0.456037,0.000181,-0.343001
27.350020,-0.276154,-0.321186,1.792715,-0.919222,-1.326054,-0.674587,-0.422595,-0.251476,-0.711461,0.211739,-0.057331,-0.654808,-0.434027,-0.010036,-0.920776,-0.272145,-0.019849,-1.837336,1.094709,1.226523,2.717162,-0.142166,0.006512,0.268975,-0.002535,-0.456037,0.000181,-0.343001
27.351017,-0.276183,-0.321397,1.795664,-0.918057,-1.326060,-0.674398,-0.421981,-0.239448,-0.715564,0.229155,-0.057244,-0.654793,-0.435343,-0.010022,-0.920914,-0.272138,-0.019580,-1.837337,1.094258,1.226522,2.716805,-0.140912,0.007494,0.269650,-0.002466,-0.453216,-0.000250,-0.345078
27.351997,-0.271835,-0.315136,1.798990,-0.920060,-1.326933,-0.673637,-0.421626,-0.228936,-0.723916,0.244712,-0.055102,-0.654514,-0.436621,-0.010051,-0.921053,-0.272130,-0.019306,-1.837345,1.093802,1.226522,2.716450,-0.140015,0.008229,0.269582,-0.003855,-0.453969,-0.000133,-0.349293
27.352963,-0.270496,-0.314872,1.802136,-0.920430,-1.328604,-0.673978,-0.422019,-0.219692,-0.734118,0.258757,-0.051769,-0.654065,-0.437781,-0.010110,-0.921198,-0.272130,-0.019036,-1.837346,1.093352,1.226523,2.716088,-0.141258,0.005775,0.269279,-0.002192,-0.453784,-0.000603,-0.352863
27.354061,-0.269310,-0.308805,1.805826,-0.921280,-1.325821,-0.672785,-0.421463,-0.209868,-0.739794,0.273708,-0.050591,-0.653808,-0.438907,-0.010152,-0.921339,-0.272122,-0.018770,-1.837348,1.092902,1.226523,2.715724,-0.140981,0.006282,0.269068,-0.002190,-0.452729,0.000038,-0.354856
27.355011,-0.265424,-0.310671,1.806201,-0.921521,-1.324337,-0.672672,-0.421441,-0.198860,-0.737707,0.290319,-0.053224,-0.653957,-0.440004,-0.010139,-0.921481,-0.272122,-0.018501,-1.837349,1.092437,1.226521,2.715361,-0.140743,0.004017,0.269165,-0.001759,-0.456732,-0.000822,-0.359371
27.356043,-0.260630,-0.306851,1.809442,-0.922569,-1.328099,-0.672462,-0.420066,-0.187144,-0.728781,0.307855,-0.058864,-0.654482,-0.440991,-0.010069,-0.921623,-0.272112,-0.018231,-1.837350,1.091979,1.226522,2.714988,-0.141745,0.005562,0.270220,-0.001887,-0.458648,-0.000646,-0.362081
27.357015,-0.257725,-0.307081,1.811132,-0.922468,-1.327599,-0.672860,-0.423048,-0.174353,-0.715994,0.326609,-0.066100,-0.655315,-0.441963,-0.009945,-0.921770,-0.272110,-0.017960,-1.837348,1.091527,1.226521,2.714613,-0.143212,0.004351,0.270197,-0.001287,-0.455792,-0.000539,-0.367907
27.357944,-0.262544,-0.308058,1.818498,-0.924565,-1.323956,-0.674014,-0.424131,-0.159543,-0.701321,0.347637,-0.074268,-0.656472,-0.443082,-0.009752,-0.921913,-0.272102,-0.017687,-1.837352,1.091068,1.226522,2.714250,-0.143703,0.005102,0.270656,-0.001697,-0.456893,0.000153,-0.364677
27.359064,-0.262125,-0.303616,1.820685,-0.924792,-1.320124,-0.673150,-0.424761,-0.125411,-0.675445,0.394337,-0.089604,-0.659492,-0.445842,-0.009174,-0.922189,-0.272091,-0.017151,-1.837350,1.090122,1.226523,2.713513,-0.139809,0.004707,0.269100,-0.000262,-0.465812,0.001047,-0.367373
27.360073,-0.258006,-0.303895,1.816039,-0.926493,-1.320448,-0.672765,-0.426984,-0.125411,-0.675445,0.394337,-0.089604,-0.659492,-0.445842,-0.009174,-0.922189,-0.272091,-0.017151,-1.837350,1.090122,1.226523,2.713513,-0.139809,0.004707,0.269100,-0.000262,-0.465812,0.001047,-0.367373
27.361003,-0.258988,-0.301570,1.825285,-0.927057,-1.320496,-0.673124,-0.427340,-0.110400,-0.663722,0.414734,-0.096819,-0.661306,-0.447047,-0.008849,-0.922331,-0.272083,-0.016870,-1.837347,1.089657,1.226523,2.713143,-0.140988,0.005515,0.272824,0.000971,-0.466136,0.000977,-0.365848
27.362031,-0.258388,-0.302892,1.827097,-0.926525,-1.319212,-0.671934,-0.428393,-0.098784,-0.651567,0.430664,-0.104439,-0.663313,-0.447940,-0.008505,-0.922469,-0.272078,-0.016610,-1.837345,1.089185,1.226525,2.712778,-0.139558,0.004951,0.269390,0.001109,-0.466307,0.001611,-0.367804
27.363020,-0.255622,-0.300227,1.823857,-0.927276,-1.319743,-0.670784,-0.428589,-0.088495,-0.640805,0.444709,-0.111659,-0.665299,-0.448748,-0.008141,-0.922605,-0.272068,-0.016336,-1.837347,1.088717,1.226525,2.712404,-0.139052,0.006262,0.270080,0.000194,-0.468379,0.000718,-0.368717
27.363982,-0.257013,-0.297717,1.831248,-0.928212,-1.318808,-0.670819,-0.429272,-0.079954,-0.633639,0.456376,-0.117038,-0.666956,-0.449424,-0.007794,-0.922746,-0.272063,-0.016059,-1.837347,1.088249,1.226523,2.712023,-0.139535,0.005575,0.273048,0.000557,-0.468393,-0.000123,-0.371165
27.365005,-0.255435,-0.298107,1.833195,-0.926751,-1.320584,-0.670438,-0.431091,-0.074680,-0.628169,0.463874,-0.121488,-0.668280,-0.449804,-0.007500,-0.922884,-0.272059,-0.015792,-1.837346,1.087773,1.226523,2.711651,-0.137927,0.004971,0.270618,0.001071,-0.469676,0.000215,-0.372532
27.365937,-0.252716,-0.293550,1.835184,-0.927046,-1.323779,-0.669478,-0.431034,-0.071357,-0.623189,0.468913,-0.125638,-0.669244,-0.450016,-0.007262,-0.923020,-0.272050,-0.015515,-1.837350,1.087306,1.226524,2.711273,-0.137904,0.005812,0.271178,-0.000726,-0.468634,0.000136,-0.371864
27.366965,-0.255314,-0.293461,1.839216,-0.928676,-1.322337,-0.669317,-0.431639,-0.068726,-0.619564,0.473031,-0.128829,-0.669748,-0.450179,-0.007062,-0.923162,-0.272049,-0.015246,-1.837350,1.086843,1.226523,2.710895,-0.138311,0.004176,0.271338,-0.000787,-0.465724,-0.000543,-0.374601
27.368107,-0.252252,-0.289843,1.842179,-0.929427,-1.320469,-0.668969,-0.430892,-0.066909,-0.615256,0.476071,-0.132235,-0.670041,-0.450274,-0.006893,-0.923295,-0.272043,-0.014974,-1.837347,1.086377,1.226523,2.710514,-0.136209,0.004833,0.270889,0.000372,-0.468010,-0.000380,-0.376381
27.369004,-0.243258,-0.290514,1.840577,-0.930565,-1.321924,-0.667411,-0.429854,-0.066194,-0.608488,0.477668,-0.137095,-0.670426,-0.450295,-0.006751,-0.923432,-0.272040,-0.014702,-1.837348,1.085900,1.226523,2.710120,-0.137030,0.003810,0.271521,0.000654,-0.471168,-0.000388,-0.381355
27.369951,-0.243097,-0.286075,1.845561,-0.930391,-1.318088,-0.667605,-0.431517,-0.065615,-0.599595,0.478967,-0.143414,-0.671013,-0.450356,-0.006627,-0.923580,-0.272034,-0.014424,-1.837346,1.085426,1.226518,2.709728,-0.140487,0.004744,0.273229,0.001396,-0.469695,-0.001657,-0.385806
27.371037,-0.244953,-0.287147,1.850426,-0.930490,-1.316403,-0.667594,-0.431484,-0.063271,-0.589214,0.482276,-0.150850,-0.671843,-0.450630,-0.006496,-0.923716,-0.272034,-0.014152,-1.837346,1.084946,1.226521,2.709341,-0.139647,0.003192,0.271899,0.000813,-0.473798,-0.001172,-0.385044
27.371999,-0.240507,-0.285952,1.845423,-0.931057,-1.314036,-0.667630,-0.432656,-0.058666,-0.578634,0.488180,-0.158306,-0.672896,-0.451115,-0.006347,-0.923850,-0.272027,-0.013884,-1.837348,1.084457,1.226521,2.708951,-0.137962,0.004464,0.271365,0.000521,-0.476341,-0.000860,-0.388371
27.373028,-0.238670,-0.287299,1.848089,-0.932911,-1.310507,-0.667410,-0.433002,-0.053922,-0.570666,0.494004,-0.164025,-0.674102,-0.451611,-0.006195,-0.923993,-0.272022,-0.013601,-1.837346,1.083973,1.226522,2.708559,-0.139269,0.004490,0.275049,0.000666,-0.478967,-0.000534,-0.388664
27.373997,-0.237046,-0.281403,1.849226,-0.931195,-1.306321,-0.668205,-0.433027,-0.051302,-0.567279,0.496857,-0.167247,-0.675455,-0.451958,-0.006051,-0.924132,-0.272013,-0.013321,-1.837342,1.083486,1.226521,2.708159,-0.139322,0.005826,0.275166,0.002010,-0.483099,-0.000439,-0.390918
27.374959,-0.235844,-0.283742,1.850383,-0.933466,-1.302060,-0.667976,-0.433098,-0.050618,-0.567474,0.496914,-0.168443,-0.676938,-0.452145,-0.005908,-0.924269,-0.272015,-0.013044,-1.837347,1.082987,1.226523,2.707761,-0.139253,0.003569,0.275833,-0.000001,-0.487428,0.000644,-0.393541
27.375936,-0.236797,-0.281254,1.846597,-0.931360,-1.300259,-0.666997,-0.433986,-0.051070,-0.569446,0.495170,-0.168179,-0.678444,-0.452181,-0.005752,-0.924407,-0.272004,-0.012765,-1.837344,1.082492,1.226524,2.707358,-0.138968,0.005344,0.276440,0.001832,-0.491848,0.000692,-0.396019
27.377022,-0.237440,-0.278148,1.851078,-0.932597,-1.299487,-0.667302,-0.435742,-0.054113,-0.573910,0.489830,-0.165961,-0.679761,-0.451927,-0.005594,-0.924544,-0.272001,-0.012479,-1.837348,1.081990,1.226523,2.706953,-0.137613,0.004758,0.279521,-0.000613,-0.493782,0.000011,-0.396911
27.377935,-0.235492,-0.280518,1.853151,-0.933421,-1.299533,-0.666339,-0.436122,-0.061861,-0.580499,0.478320,-0.161729,-0.680733,-0.451155,-0.005446,-0.924678,-0.271998,-0.012200,-1.837346,1.081492,1.226525,2.706560,-0.136541,0.003957,0.279009,0.000171,-0.495327,0.000645,-0.396589
27.378932,-0.238974,-0.279954,1.847490,-0.932199,-1.301172,-0.666257,-0.437971,-0.072884,-0.587668,0.462489,-0.156681,-0.681308,-0.450027,-0.005294,-0.924812,-0.271988,-0.011920,-1.837344,1.080999,1.226524,2.706158,-0.136646,0.005717,0.278914,0.000582,-0.495173,-0.000050,-0.398260
27.379981,-0.235553,-0.277432,1.855202,-0.934169,-1.300688,-0.666666,-0.438162,-0.086730,-0.597538,0.442889,-0.150358,-0.681333,-0.448690,-0.005139,-0.924942,-0.271984,-0.011630,-1.837350,1.080502,1.226523,2.705765,-0.134114,0.006099,0.283004,-0.000940,-0.493839,0.000183,-0.397350
27.380991,-0.232852,-0.278628,1.855280,-0.934864,-1.303763,-0.666321,-0.436432,-0.104259,-0.610380,0.418475,-0.142733,-0.680773,-0.447094,-0.004982,-0.925079,-0.271979,-0.011350,-1.837346,1.080006,1.226527,2.705359,-0.135048,0.005525,0.280656,0.000553,-0.494945,0.000891,-0.399995
27.381978,-0.236281,-0.275960,1.857434,-0.933387,-1.305346,-0.665940,-0.438723,-0.137599,-0.636709,0.371365,-0.129665,-0.678550,-0.444428,-0.004712,-0.925347,-0.271964,-0.010786,-1.837350,1.079025,1.226525,2.704539,-0.133024,0.006070,0.282198,-0.000979,-0.491051,0.000779,-0.404336
27.383131,-0.235759,-0.272537,1.862218,-0.932450,-1.305944,-0.665166,-0.439908,-0.137599,-0.636709,0.371365,-0.129665,-0.678550,-0.444428,-0.004712,-0.925347,-0.271964,-0.010786,-1.837350,1.079025,1.226525,2.704539,-0.133024,0.006070,0.282198,-0.000979,-0.491051,0.000779,-0.404336
27.384011,-0.231743,-0.268310,1.864167,-0.934363,-1.304260,-0.665166,-0.440690,-0.152560,-0.649632,0.349874,-0.123713,-0.677062,-0.443309,-0.004585,-0.925477,-0.271960,-0.010501,-1.837354,1.078536,1.226523,2.704131,-0.132656,0.005145,0.281806,-0.002282,-0.491687,0.000361,-0.405433
27.384933,-0.234267,-0.268745,1.862255,-0.933884,-1.303953,-0.665585,-0.440699,-0.165370,-0.658774,0.331215,-0.119156,-0.675605,-0.442260,-0.004437,-0.925612,-0.271958,-0.010221,-1.837350,1.078039,1.226523,2.703730,-0.133757,0.003644,0.281622,-0.000791,-0.493083,0.000636,-0.406135
27.386029,-0.231274,-0.268405,1.861984,-0.933492,-1.306372,-0.664868,-0.439011,-0.175393,-0.661770,0.316226,-0.117488,-0.674502,-0.441344,-0.004305,-0.925739,-0.271952,-0.009934,-1.837355,1.077540,1.226523,2.703311,-0.131668,0.004483,0.283488,-0.001546,-0.493267,0.001335,-0.408511
27.387020,-0.233549,-0.267363,1.869475,-0.935887,-1.307149,-0.663887,-0.440555,-0.185032,-0.662011,0.301818,-0.117027,-0.673758,-0.440395,-0.004243,-0.925872,-0.271946,-0.009644,-1.837360,1.077052,1.226525,2.702883,-0.132473,0.005038,0.285309,-0.002278,-0.491761,0.000930,-0.415039
27.387945,-0.232668,-0.263196,1.867015,-0.935103,-1.307897,-0.664197,-0.441186,-0.194648,-0.662525,0.287531,-0.116437,-0.673313,-0.439434,-0.004220,-0.926000,-0.271942,-0.009366,-1.837356,1.076563,1.226523,2.702465,-0.130564,0.005188,0.282844,-0.000349,-0.491367,0.000259,-0.414573
27.388962,-0.230299,-0.266066,1.869384,-0.935460,-1.309858,-0.663718,-0.441494,-0.203087,-0.661252,0.274962,-0.117105,-0.673278,-0.438567,-0.004161,-0.926130,-0.271940,-0.009075,-1.837360,1.076079,1.226526,2.702048,-0.130194,0.003741,0.284992,-0.001444,-0.490678,0.000843,-0.415730
27.389937,-0.230818,-0.261436,1.872204,-0.934780,-1.311332,-0.663027,-0.442300,-0.210735,-0.658185,0.263725,-0.118836,-0.673507,-0.437756,-0.004061,-0.926263,-0.271930,-0.008791,-1.837362,1.075587,1.226526,2.701625,-0.130600,0.005828,0.285163,-0.001446,-0.489184,0.000665,-0.417908
27.391070,-0.229458,-0.263050,1.870119,-0.934371,-1.313046,-0.663434,-0.443454,-0.217337,-0.656002,0.254107,-0.119989,-0.673632,-0.437051,-0.003939,-0.926390,-0.271928,-0.008506,-1.837366,1.075097,1.226526,2.701209,-0.129567,0.004160,0.284910,-0.002430,-0.487979,0.000265,-0.418904
27.392091,-0.227934,-0.260697,1.869399,-0.935980,-1.318390,-0.662044,-0.444352,-0.223373,-0.655669,0.245450,-0.119725,-0.673373,-0.436393,-0.003785,-0.926519,-0.271918,-0.008209,-1.837370,1.074612,1.226525,2.700786,-0.129610,0.005705,0.287758,-0.003194,-0.487427,0.001036,-0.419891
27.393087,-0.228492,-0.264039,1.874484,-0.934149,-1.319352,-0.661722,-0.443261,-0.231045,-0.657406,0.234913,-0.117962,-0.672612,-0.435610,-0.003590,-0.926649,-0.271916,-0.007919,-1.837370,1.074141,1.226525,2.700369,-0.129626,0.005229,0.289438,-0.001974,-0.482747,-0.000061,-0.420923
27.393974,-0.226023,-0.256718,1.877183,-0.934370,-1.321713,-0.660757,-0.445393,-0.240473,-0.662566,0.222261,-0.114350,-0.671235,-0.434754,-0.003368,-0.926773,-0.271903,-0.007632,-1.837379,1.073664,1.226524,2.699931,-0.128636,0.007503,0.288106,-0.004048,-0.482342,-0.000066,-0.425775
27.395079,-0.224382,-0.259140,1.874483,-0.935619,-1.323686,-0.659557,-0.446048,-0.249004,-0.671195,0.210815,-0.108607,-0.669131,-0.434040,-0.003142,-0.926905,-0.271904,-0.007348,-1.837383,1.073187,1.226521,2.699504,-0.129013,0.004447,0.287532,-0.004055,-0.479884,-0.000755,-0.423633
27.396082,-0.225490,-0.255828,1.882118,-0.935751,-1.326501,-0.659306,-0.446972,-0.255862,-0.679481,0.201685,-0.102535,-0.666540,-0.433484,-0.002914,-0.927036,-0.271893,-0.007052,-1.837384,1.072710,1.226522,2.699078,-0.129137,0.006378,0.290569,-0.003223,-0.479018,-0.001624,-0.425521
27.396972,-0.226059,-0.253202,1.880863,-0.936097,-1.328294,-0.658311,-0.446488,-0.267382,-0.688901,0.187027,-0.093690,-0.661213,-0.432591,-0.002498,-0.927282,-0.271884,-0.006478,-1.837393,1.071766,1.226517,2.698214,-0.126841,0.004652,0.289381,-0.003298,-0.474999,-0.002263,-0.429523
27.398070,-0.223035,-0.252300,1.881215,-0.936373,-1.326778,-0.658658,-0.444778,-0.267382,-0.688901,0.187027,-0.093690,-0.661213,-0.432591,-0.002498,-0.927282,-0.271884,-0.006478,-1.837393,1.071766,1.226517,2.698214,-0.126841,0.004652,0.289381,-0.003298,-0.474999,-0.002263,-0.429523
27.398968,-0.222922,-0.254777,1.881510,-0.936385,-1.328019,-0.659478,-0.444561,-0.272769,-0.687738,0.180661,-0.091943,-0.659103,-0.432093,-0.002376,-0.927412,-0.271877,-0.006183,-1.837397,1.071290,1.226517,2.697763,-0.127680,0.004926,0.290839,-0.003377,-0.477620,-0.001573,-0.436007
27.399946,-0.217823,-0.253590,1.887865,-0.937241,-1.324142,-0.660131,-0.444349,-0.278906,-0.686069,0.173548,-0.090072,-0.657400,-0.431495,-0.002342,-0.927536,-0.271868,-0.005894,-1.837401,1.070815,1.226519,2.697310,-0.126950,0.006734,0.291438,-0.003650,-0.476354,-0.000490,-0.438542
27.401077,-0.217860,-0.248736,1.889112,-0.937448,-1.326577,-0.660526,-0.443707,-0.283470,-0.688517,0.168393,-0.085952,-0.655892,-0.431114,-0.002369,-0.927668,-0.271862,-0.005607,-1.837402,1.070326,1.226520,2.696868,-0.128707,0.006759,0.289396,-0.003148,-0.480584,0.000452,-0.441506
27.402022,-0.214556,-0.245550,1.881145,-0.938289,-1.328398,-0.658488,-0.442864,-0.283661,-0.693491,0.168691,-0.080504,-0.654613,-0.431200,-0.002436,-0.927795,-0.271861,-0.005311,-1.837406,1.069852,1.226519,2.696412,-0.128049,0.005127,0.290577,-0.003322,-0.479346,0.001195,-0.445955
27.402974,-0.212618,-0.248207,1.890963,-0.938814,-1.326703,-0.659446,-0.440721,-0.282419,-0.694945,0.170901,-0.076578,-0.653889,-0.431351,-0.002536,-0.927925,-0.271858,-0.005011,-1.837407,1.069374,1.226516,2.695955,-0.128927,0.004223,0.295610,-0.002829,-0.477937,-0.000552,-0.450102
27.404094,-0.208432,-0.249395,1.890902,-0.938872,-1.328429,-0.660832,-0.442034,-0.282530,-0.692115,0.171497,-0.074597,-0.653753,-0.431269,-0.002660,-0.928055,-0.271848,-0.004722,-1.837409,1.068884,1.226516,2.695484,-0.129170,0.006224,0.292117,-0.002699,-0.480361,0.000751,-0.457104
27.404931,-0.204910,-0.247010,1.886758,-0.939591,-1.326862,-0.659923,-0.442526,-0.280938,-0.691545,0.174041,-0.071663,-0.653680,-0.431370,-0.002771,-0.928187,-0.271837,-0.004421,-1.837413,1.068407,1.226523,2.695019,-0.130674,0.007585,0.294424,-0.003053,-0.480401,0.002477,-0.457934
27.405968,-0.201657,-0.245794,1.889668,-0.938393,-1.328463,-0.658223,-0.443133,-0.277166,-0.696674,0.178927,-0.066179,-0.653275,-0.431782,-0.002839,-0.928320,-0.271830,-0.004120,-1.837415,1.067924,1.226519,2.694559,-0.131577,0.006968,0.297251,-0.002657,-0.482058,0.001845,-0.459128
27.407003,-0.200743,-0.245328,1.891519,-0.939429,-1.332034,-0.658061,-0.444176,-0.273387,-0.705373,0.183369,-0.058858,-0.652445,-0.432212,-0.002876,-0.928453,-0.271824,-0.003818,-1.837421,1.067439,1.226518,2.694093,-0.132513,0.007126,0.297563,-0.004203,-0.481663,0.000487,-0.461034
27.407994,-0.199538,-0.242197,1.890480,-0.940329,-1.334713,-0.657463,-0.444591,-0.269734,-0.716297,0.187179,-0.050185,-0.651120,-0.432566,-0.002896,-0.928585,-0.271815,-0.003518,-1.837425,1.066968,1.226522,2.693622,-0.132286,0.007622,0.298439,-0.003522,-0.479430,0.000663,-0.462025
27.409023,-0.199173,-0.242634,1.897697,-0.939659,-1.334820,-0.657696,-0.445400,-0.266972,-0.727285,0.189466,-0.041668,-0.649478,-0.432789,-0.002879,-0.928716,-0.271809,-0.003212,-1.837427,1.066491,1.226522,2.693162,-0.132190,0.006782,0.300458,-0.003026,-0.477792,0.000389,-0.464123
27.409968,-0.200298,-0.238735,1.897000,-0.941744,-1.331948,-0.656718,-0.446577,-0.265414,-0.736520,0.189899,-0.034465,-0.647715,-0.432872,-0.002809,-0.928846,-0.271800,-0.002915,-1.837432,1.066016,1.226524,2.692692,-0.131710,0.007737,0.298605,-0.004040,-0.478994,0.000963,-0.465558
27.411090,-0.199718,-0.238461,1.902756,-0.943209,-1.333554,-0.656342,-0.448840,-0.264162,-0.743791,0.189626,-0.028553,-0.645915,-0.432887,-0.002712,-0.928974,-0.271796,-0.002614,-1.837432,1.065527,1.226521,2.692224,-0.130441,0.006484,0.300300,-0.002361,-0.482540,0.000306,-0.465854
27.412058,-0.199287,-0.233685,1.902317,-0.943176,-1.335431,-0.654774,-0.449636,-0.263497,-0.747068,0.188437,-0.025162,-0.644393,-0.432815,-0.002619,-0.929103,-0.271788,-0.002311,-1.837432,1.065048,1.226519,2.691760,-0.130180,0.007170,0.299618,-0.001407,-0.482683,0.000320,-0.464844
27.413043,-0.196196,-0.235283,1.903816,-0.945200,-1.334429,-0.656096,-0.451317,-0.263866,-0.744596,0.185969,-0.025363,-0.643494,-0.432615,-0.002519,-0.929232,-0.271785,-0.002011,-1.837433,1.064563,1.226517,2.691283,-0.129688,0.005502,0.301296,-0.001860,-0.481616,-0.000927,-0.466015
27.413973,-0.192818,-0.231499,1.903604,-0.944028,-1.332031,-0.655943,-0.449389,-0.265404,-0.736837,0.182165,-0.028915,-0.643381,-0.432288,-0.002418,-0.929366,-0.271776,-0.001706,-1.837432,1.064071,1.226522,2.690822,-0.130511,0.007017,0.302014,-0.000293,-0.483491,0.000724,-0.465519
27.415065,-0.193783,-0.233245,1.909298,-0.943621,-1.328739,-0.656020,-0.448651,-0.267406,-0.726269,0.177892,-0.034491,-0.643962,-0.431954,-0.002367,-0.929498,-0.271773,-0.001397,-1.837439,1.063580,1.226522,2.690338,-0.131430,0.005814,0.303264,-0.001742,-0.486444,0.000864,-0.471972
27.416071,-0.192628,-0.230866,1.907663,-0.944894,-1.327444,-0.655516,-0.451494,-0.268611,-0.716933,0.174635,-0.039364,-0.644857,-0.431718,-0.002414,-0.929626,-0.271763,-0.001097,-1.837443,1.063080,1.226520,2.689844,-0.130352,0.007479,0.302494,-0.002552,-0.491149,0.001320,-0.476693
27.416950,-0.189583,-0.228716,1.903774,-0.946022,-1.330394,-0.654998,-0.451042,-0.269261,-0.711882,0.172012,-0.041508,-0.645769,-0.431532,-0.002528,-0.929759,-0.271757,-0.000786,-1.837442,1.062576,1.226518,2.689378,-0.130231,0.007007,0.304842,-0.001747,-0.493274,0.001155,-0.473897
27.417998,-0.189208,-0.226840,1.905340,-0.944981,-1.328411,-0.653791,-0.449031,-0.271572,-0.708948,0.167319,-0.042402,-0.646860,-0.431198,-0.002635,-0.929890,-0.271750,-0.000474,-1.837441,1.062091,1.226519,2.688894,-0.130961,0.006559,0.307640,-0.001038,-0.490583,0.000927,-0.477145
27.418995,-0.186862,-0.226322,1.904712,-0.944441,-1.329629,-0.653479,-0.448984,-0.277264,-0.705001,0.158446,-0.043809,-0.648259,-0.430519,-0.002743,-0.930019,-0.271746,-0.000165,-1.837445,1.061589,1.226519,2.688403,-0.130512,0.006417,0.308593,-0.002471,-0.493745,0.000063,-0.484277
27.419983,-0.189165,-0.224353,1.907374,-0.946539,-1.327484,-0.653648,-0.449650,-0.286016,-0.701548,0.145697,-0.044517,-0.649629,-0.429478,-0.002891,-0.930151,-0.271738,0.000154,-1.837450,1.061103,1.226519,2.687906,-0.130993,0.006879,0.310276,-0.003343,-0.493474,0.000087,-0.487126
27.421053,-0.189216,-0.226092,1.906180,-0.945082,-1.328808,-0.653493,-0.450749,-0.297033,-0.699635,0.130031,-0.044021,-0.650720,-0.428182,-0.003067,-0.930276,-0.271732,0.000463,-1.837448,1.060601,1.226522,2.687412,-0.129184,0.006610,0.310367,-0.001700,-0.496422,0.000575,-0.488543
27.422041,-0.186429,-0.224837,1.909864,-0.946893,-1.332460,-0.654008,-0.449340,-0.310495,-0.699749,0.111225,-0.042466,-0.651447,-0.426700,-0.003248,-0.930404,-0.271720,0.000781,-1.837455,1.060101,1.226522,2.686918,-0.128576,0.008216,0.312750,-0.003519,-0.496343,0.000772,-0.489506
27.422969,-0.188623,-0.221959,1.907886,-0.945548,-1.331839,-0.653511,-0.448062,-0.325816,-0.703878,0.089965,-0.039130,-0.651686,-0.425165,-0.003452,-0.930534,-0.271713,0.001096,-1.837455,1.059618,1.226524,2.686407,-0.129284,0.008290,0.312256,-0.002109,-0.493616,0.001610,-0.495062
27.424089,-0.186716,-0.220302,1.909834,-0.946399,-1.333117,-0.653972,-0.448897,-0.341753,-0.710727,0.067879,-0.034840,-0.651510,-0.423706,-0.003704,-0.930659,-0.271709,0.001411,-1.837460,1.059120,1.226520,2.685903,-0.127478,0.007541,0.314325,-0.003793,-0.494740,0.001436,-0.500054
27.424999,-0.185947,-0.216455,1.909468,-0.947843,-1.333818,-0.652650,-0.450135,-0.358752,-0.717467,0.044533,-0.030662,-0.651053,-0.422214,-0.003969,-0.930786,-0.271701,0.001733,-1.837462,1.058630,1.226522,2.685396,-0.127922,0.007529,0.315318,-0.003378,-0.495118,0.002272,-0.501702
27.425971,-0.184453,-0.214169,1.909578,-0.948532,-1.336247,-0.652035,-0.449943,-0.376855,-0.721264,0.020008,-0.027970,-0.650510,-0.420647,-0.004190,-0.930914,-0.271696,0.002049,-1.837462,1.058135,1.226517,2.684884,-0.127557,0.006270,0.316451,-0.002327,-0.494787,0.001263,-0.501526
27.427089,-0.178779,-0.213475,1.913143,-0.948179,-1.338912,-0.651897,-0.449321,-0.395439,-0.718497,-0.004713,-0.028965,-0.650248,-0.419031,-0.004372,-0.931046,-0.271691,0.002370,-1.837465,1.057641,1.226519,2.684376,-0.127586,0.005855,0.317607,-0.002015,-0.493101,0.000965,-0.504574
27.428080,-0.172996,-0.209895,1.915487,-0.949244,-1.341292,-0.651319,-0.450028,-0.412912,-0.709794,-0.027531,-0.033383,-0.650386,-0.417499,-0.004555,-0.931178,-0.271682,0.002691,-1.837468,1.057153,1.226519,2.683853,-0.129840,0.006314,0.317784,-0.002818,-0.492115,0.001204,-0.509105
27.428959,-0.173832,-0.211059,1.917217,-0.948825,-1.340495,-0.650134,-0.451096,-0.425644,-0.697925,-0.043971,-0.039790,-0.650828,-0.416416,-0.004738,-0.931315,-0.271679,0.003009,-1.837468,1.056661,1.226520,2.683347,-0.131956,0.005267,0.317962,-0.002179,-0.490618,0.000947,-0.510394
27.430019,-0.171043,-0.209502,1.920850,-0.950022,-1.338014,-0.650942,-0.451060,-0.431808,-0.684617,-0.051871,-0.047227,-0.651516,-0.415955,-0.004884,-0.931443,-0.271670,0.003330,-1.837474,1.056169,1.226519,2.682828,-0.130748,0.006475,0.317825,-0.002863,-0.491675,0.000052,-0.510387
27.431023,-0.163853,-0.208808,1.915513,-0.948594,-1.340086,-0.649949,-0.452575,-0.432189,-0.672769,-0.052341,-0.053989,-0.652296,-0.416040,-0.005007,-0.931575,-0.271665,0.003647,-1.837476,1.055666,1.226522,2.682306,-0.131509,0.006480,0.317729,-0.002100,-0.495362,0.001218,-0.513492
27.431987,-0.163698,-0.209015,1.919537,-0.950328,-1.343707,-0.649919,-0.454814,-0.428258,-0.664697,-0.047316,-0.058531,-0.652971,-0.416531,-0.005145,-0.931715,-0.271657,0.003978,-1.837483,1.055168,1.226521,2.681800,-0.134327,0.006851,0.321704,-0.003831,-0.494143,0.000545,-0.513224
27.432965,-0.166253,-0.204015,1.917853,-0.950390,-1.346396,-0.649232,-0.454746,-0.421761,-0.661179,-0.039042,-0.060369,-0.653479,-0.417280,-0.005278,-0.931846,-0.271647,0.004299,-1.837484,1.054686,1.226519,2.681290,-0.133638,0.007621,0.320817,-0.002479,-0.491339,0.000859,-0.511313
27.433975,-0.162332,-0.205338,1.916008,-0.949896,-1.345776,-0.648316,-0.455526,-0.415055,-0.659504,-0.030391,-0.061183,-0.654030,-0.418067,-0.005357,-0.931975,-0.271643,0.004622,-1.837487,1.054198,1.226519,2.680776,-0.131665,0.005828,0.322896,-0.002804,-0.489505,0.000488,-0.514135
27.435010,-0.162938,-0.201793,1.917082,-0.952354,-1.343181,-0.647845,-0.455585,-0.411099,-0.656903,-0.024992,-0.062182,-0.654723,-0.418543,-0.005375,-0.932112,-0.271633,0.004956,-1.837492,1.053701,1.226520,2.680256,-0.132901,0.007216,0.325087,-0.003632,-0.491117,-0.000098,-0.515330
27.436082,-0.158512,-0.202124,1.917113,-0.950646,-1.346671,-0.648186,-0.457486,-0.410923,-0.653803,-0.024227,-0.062928,-0.655388,-0.418568,-0.005357,-0.932241,-0.271626,0.005286,-1.837490,1.053206,1.226519,2.679730,-0.131941,0.006177,0.325965,-0.001664,-0.494839,-0.000212,-0.518090
27.437020,-0.152927,-0.198484,1.918482,-0.953458,-1.349208,-0.646331,-0.459049,-0.413444,-0.650550,-0.026810,-0.063442,-0.655902,-0.418266,-0.005314,-0.932378,-0.271618,0.005612,-1.837498,1.052714,1.226521,2.679220,-0.133473,0.007126,0.327635,-0.003696,-0.492657,0.000482,-0.517362
27.438033,-0.153478,-0.199510,1.918491,-0.952873,-1.348614,-0.646406,-0.457036,-0.416253,-0.646938,-0.029722,-0.064139,-0.656260,-0.417908,-0.005233,-0.932519,-0.271614,0.005942,-1.837496,1.052231,1.226521,2.678701,-0.135402,0.006001,0.327860,-0.001318,-0.490792,-0.001083,-0.516657
27.438956,-0.149094,-0.194505,1.918904,-0.953652,-1.347430,-0.646547,-0.457360,-0.417494,-0.642295,-0.030604,-0.065794,-0.656594,-0.417702,-0.005132,-0.932654,-0.271604,0.006272,-1.837500,1.051732,1.226519,2.678158,-0.134373,0.007231,0.329198,-0.002301,-0.492359,-0.000638,-0.523452
27.440008,-0.145752,-0.189477,1.918267,-0.954325,-1.346595,-0.644637,-0.456082,-0.417348,-0.636534,-0.029665,-0.068344,-0.656979,-0.417624,-0.005048,-0.932794,-0.271601,0.006605,-1.837501,1.051228,1.226518,2.677627,-0.135719,0.005409,0.329790,-0.001894,-0.493913,-0.000184,-0.525057
27.441053,-0.142932,-0.192673,1.916662,-0.955243,-1.345547,-0.644873,-0.457632,-0.416002,-0.626642,-0.027028,-0.072893,-0.657574,-0.417582,-0.004981,-0.932932,-0.271598,0.006943,-1.837502,1.050734,1.226514,2.677084,-0.136654,0.003707,0.331545,-0.001686,-0.495976,-0.001742,-0.530531
27.442046,-0.135540,-0.190137,1.922044,-0.955721,-1.344585,-0.645452,-0.455922,-0.414143,-0.611920,-0.023503,-0.079721,-0.658496,-0.417486,-0.004902,-0.933072,-0.271587,0.007279,-1.837503,1.050228,1.226516,2.676559,-0.137294,0.006060,0.333768,-0.001208,-0.498091,-0.001151,-0.530289
27.443025,-0.129904,-0.190074,1.922170,-0.956826,-1.346043,-0.645217,-0.454031,-0.410655,-0.597830,-0.017816,-0.086399,-0.659571,-0.417538,-0.004815,-0.933219,-0.271583,0.007611,-1.837504,1.049722,1.226518,2.676011,-0.140125,0.005509,0.332237,-0.001152,-0.499809,-0.000249,-0.536346
27.443981,-0.127568,-0.187465,1.924504,-0.958163,-1.345582,-0.643229,-0.455067,-0.401762,-0.586923,-0.005311,-0.092112,-0.660694,-0.418164,-0.004748,-0.933366,-0.271574,0.007944,-1.837504,1.049229,1.226515,2.675450,-0.142030,0.006175,0.333300,-0.000500,-0.499129,-0.000149,-0.542583
27.445080,-0.130393,-0.188834,1.924061,-0.958009,-1.343661,-0.644691,-0.455074,-0.386535,-0.577905,0.015208,-0.097829,-0.661982,-0.419432,-0.004715,-0.933512,-0.271569,0.008281,-1.837501,1.048722,1.226513,2.674908,-0.142276,0.005565,0.333062,0.000340,-0.500149,-0.001821,-0.542877
27.446076,-0.128055,-0.187716,1.924134,-0.959339,-1.343247,-0.644770,-0.457160,-0.368334,-0.570714,0.039522,-0.103440,-0.663518,-0.420981,-0.004709,-0.933647,-0.271558,0.008621,-1.837503,1.048219,1.226518,2.674355,-0.140178,0.007033,0.334948,-0.000264,-0.503501,0.000010,-0.545950
27.447009,-0.125958,-0.185483,1.924032,-0.960270,-1.341276,-0.645582,-0.455740,-0.337539,-0.567372,0.081014,-0.110530,-0.667092,-0.423627,-0.004728,-0.933931,-0.271545,0.009292,-1.837498,1.047198,1.226520,2.673255,-0.140712,0.006740,0.336955,0.001002,-0.506967,0.001524,-0.549498
27.448052,-0.127724,-0.185813,1.927343,-0.959579,-1.338975,-0.645020,-0.457741,-0.337539,-0.567372,0.081014,-0.110530,-0.667092,-0.423627,-0.004728,-0.933931,-0.271545,0.009292,-1.837498,1.047198,1.226520,2.673255,-0.140712,0.006740,0.336955,0.001002,-0.506967,0.001524,-0.549498
27.448985,-0.124227,-0.185322,1.929973,-0.960652,-1.336106,-0.644530,-0.457556,-0.326149,-0.569333,0.096641,-0.112806,-0.669066,-0.424629,-0.004759,-0.934067,-0.271535,0.009625,-1.837500,1.046686,1.226518,2.672698,-0.139098,0.007637,0.336730,-0.000130,-0.510269,0.001310,-0.548210
27.450054,-0.129274,-0.183245,1.925905,-0.961205,-1.335252,-0.642051,-0.458304,-0.316133,-0.575024,0.110413,-0.113147,-0.670834,-0.425510,-0.004827,-0.934210,-0.271528,0.009962,-1.837497,1.046161,1.226519,2.672147,-0.139975,0.008054,0.336234,0.000489,-0.513357,0.001122,-0.550892
27.451014,-0.126779,-0.181859,1.929419,-0.962480,-1.334689,-0.641945,-0.458018,-0.308391,-0.584007,0.121271,-0.111649,-0.672310,-0.426156,-0.004920,-0.934342,-0.271521,0.010311,-1.837497,1.045637,1.226516,2.671590,-0.136765,0.007792,0.339691,0.000554,-0.515223,-0.001001,-0.552288
27.452034,-0.122726,-0.178575,1.932466,-0.961682,-1.331010,-0.641719,-0.456611,-0.305843,-0.593205,0.125725,-0.109887,-0.673695,-0.426256,-0.005014,-0.934480,-0.271513,0.010645,-1.837494,1.045116,1.226517,2.671029,-0.137237,0.007773,0.338879,0.001316,-0.516189,-0.000769,-0.555239
27.453112,-0.121754,-0.172969,1.934905,-0.961041,-1.329705,-0.641560,-0.458603,-0.306320,-0.600709,0.126530,-0.108879,-0.675050,-0.426013,-0.005103,-0.934622,-0.271509,0.010984,-1.837498,1.044587,1.226520,2.670461,-0.138470,0.006906,0.338607,0.000132,-0.520594,-0.000674,-0.560705
27.454046,-0.120395,-0.172617,1.935531,-0.961874,-1.325632,-0.641744,-0.458701,-0.305783,-0.604914,0.128692,-0.108978,-0.676287,-0.425771,-0.005175,-0.934760,-0.271507,0.011325,-1.837498,1.044064,1.226520,2.669904,-0.138231,0.004934,0.338919,-0.000987,-0.522963,-0.000474,-0.559600
27.454959,-0.115877,-0.172083,1.937696,-0.962911,-1.324725,-0.641035,-0.459161,-0.303746,-0.604648,0.132789,-0.110347,-0.677416,-0.425552,-0.005205,-0.934898,-0.271502,0.011664,-1.837498,1.043529,1.226520,2.669345,-0.138076,0.005479,0.339418,-0.000572,-0.527181,0.000022,-0.561686
27.455999,-0.111371,-0.165895,1.936096,-0.962624,-1.326573,-0.639864,-0.458977,-0.299836,-0.601698,0.139240,-0.112573,-0.678462,-0.425486,-0.005190,-0.935038,-0.271494,0.012005,-1.837496,1.043002,1.226519,2.668770,-0.139474,0.005852,0.338988,0.000008,-0.528135,-0.000382,-0.562836
27.457027,-0.109983,-0.167582,1.940917,-0.963543,-1.326796,-0.640751,-0.460298,-0.293369,-0.596260,0.148925,-0.116077,-0.679527,-0.425684,-0.005129,-0.935185,-0.271496,0.012347,-1.837497,1.042472,1.226519,2.668198,-0.140875,0.003587,0.341129,-0.000720,-0.527060,-0.001212,-0.565928
27.457996,-0.109041,-0.165834,1.937460,-0.963590,-1.328062,-0.640236,-0.461640,-0.284635,-0.587327,0.161475,-0.121510,-0.680724,-0.426104,-0.005021,-0.935325,-0.271487,0.012686,-1.837498,1.041940,1.226520,2.667636,-0.140779,0.005190,0.339974,-0.000245,-0.527554,0.000028,-0.565944
27.459009,-0.106622,-0.166383,1.939389,-0.963602,-1.324690,-0.639674,-0.462803,-0.274753,-0.577717,0.175293,-0.127681,-0.681946,-0.426707,-0.004877,-0.935463,-0.271481,0.013035,-1.837496,1.041415,1.226520,2.667069,-0.140447,0.005007,0.342601,-0.000678,-0.526702,-0.000178,-0.565635
27.460087,-0.105037,-0.164334,1.940131,-0.964792,-1.326260,-0.639291,-0.461835,-0.265611,-0.570877,0.187815,-0.132764,-0.682986,-0.427348,-0.004711,-0.935604,-0.271473,0.013377,-1.837498,1.040877,1.226520,2.666494,-0.140859,0.006016,0.342797,-0.001093,-0.530687,-0.000403,-0.565883
27.460976,-0.103933,-0.162854,1.944290,-0.963007,-1.326512,-0.639625,-0.462938,-0.257788,-0.567994,0.198214,-0.136024,-0.683704,-0.427958,-0.004550,-0.935745,-0.271469,0.013725,-1.837497,1.040344,1.226519,2.665920,-0.140908,0.005807,0.343875,-0.000383,-0.530058,-0.000421,-0.570740
27.461963,-0.102892,-0.163389,1.938438,-0.964006,-1.325945,-0.638969,-0.463126,-0.250197,-0.568486,0.207886,-0.137729,-0.684059,-0.428618,-0.004410,-0.935884,-0.271464,0.014063,-1.837503,1.039822,1.226521,2.665342,-0.140568,0.005720,0.342349,-0.002453,-0.529790,0.000206,-0.570440
27.463076,-0.100321,-0.160564,1.941678,-0.964666,-1.328852,-0.638527,-0.464664,-0.243162,-0.572553,0.216482,-0.137473,-0.683983,-0.429274,-0.004282,-0.936024,-0.271456,0.014417,-1.837502,1.039290,1.226521,2.664770,-0.140276,0.006698,0.346222,-0.001909,-0.530837,-0.000130,-0.572540
27.464001,-0.103070,-0.158844,1.939504,-0.963176,-1.325874,-0.638372,-0.462615,-0.238591,-0.579701,0.221608,-0.135544,-0.683551,-0.429766,-0.004152,-0.936164,-0.271451,0.014768,-1.837504,1.038769,1.226520,2.664192,-0.140869,0.006118,0.346144,-0.001714,-0.529214,-0.000195,-0.572470
27.464975,-0.098666,-0.156972,1.937431,-0.965124,-1.330182,-0.637738,-0.461727,-0.237492,-0.587809,0.221997,-0.132921,-0.682907,-0.429974,-0.004031,-0.936298,-0.271446,0.015116,-1.837510,1.038226,1.226520,2.663608,-0.138667,0.005939,0.347897,-0.003495,-0.532231,-0.000039,-0.578735
27.466069,-0.094539,-0.154948,1.943529,-0.964023,-1.328404,-0.637658,-0.462712,-0.240572,-0.595237,0.216800,-0.130147,-0.682148,-0.429783,-0.003953,-0.936443,-0.271441,0.015470,-1.837507,1.037697,1.226521,2.663011,-0.140027,0.005732,0.349767,-0.002017,-0.528273,-0.000359,-0.582775
27.466951,-0.096038,-0.153154,1.940278,-0.965590,-1.326802,-0.637498,-0.463427,-0.245703,-0.600838,0.208726,-0.128033,-0.681329,-0.429401,-0.003910,-0.936586,-0.271435,0.015818,-1.837515,1.037168,1.226520,2.662421,-0.141337,0.005533,0.348214,-0.003458,-0.531235,-0.000060,-0.583663
27.467990,-0.092346,-0.150810,1.940488,-0.964582,-1.329207,-0.637780,-0.462685,-0.249832,-0.604426,0.201626,-0.126736,-0.680345,-0.429103,-0.003852,-0.936723,-0.271431,0.016169,-1.837513,1.036630,1.226519,2.661840,-0.139683,0.005293,0.350250,-0.002299,-0.532615,0.000075,-0.584138
27.469036,-0.090561,-0.151354,1.937476,-0.965431,-1.332718,-0.638040,-0.462300,-0.253827,-0.605750,0.194520,-0.126197,-0.679151,-0.428794,-0.003758,-0.936866,-0.271428,0.016527,-1.837521,1.036103,1.226522,2.661246,-0.140754,0.004932,0.351259,-0.003619,-0.530997,0.000691,-0.588275
27.469942,-0.086926,-0.150232,1.938123,-0.965506,-1.336564,-0.637600,-0.464135,-0.259133,-0.605755,0.185679,-0.125924,-0.677732,-0.428385,-0.003654,-0.937009,-0.271419,0.016884,-1.837522,1.035583,1.226523,2.660641,-0.140849,0.005944,0.353952,-0.003202,-0.528409,0.001294,-0.591634
27.470967,-0.081803,-0.149831,1.938319,-0.966768,-1.337185,-0.636664,-0.465164,-0.265715,-0.606398,0.175107,-0.125193,-0.676085,-0.427949,-0.003561,-0.937154,-0.271414,0.017240,-1.837525,1.035064,1.226520,2.660060,-0.141725,0.006049,0.354044,-0.003457,-0.524670,0.001164,-0.589935
27.472058,-0.080107,-0.146555,1.932750,-0.965728,-1.341333,-0.635998,-0.465064,-0.271714,-0.608186,0.165072,-0.124115,-0.674272,-0.427690,-0.003474,-0.937300,-0.271406,0.017599,-1.837527,1.034545,1.226519,2.659468,-0.143449,0.006590,0.354996,-0.002599,-0.524903,0.000571,-0.590454
27.473048,-0.078244,-0.146434,1.930683,-0.968294,-1.336008,-0.636471,-0.463646,-0.276971,-0.610366,0.155744,-0.122883,-0.672375,-0.427571,-0.003409,-0.937446,-0.271401,0.017961,-1.837534,1.034023,1.226519,2.658876,-0.143486,0.005753,0.359154,-0.004003,-0.521894,0.000273,-0.593552
27.473931,-0.076570,-0.148360,1.930776,-0.967071,-1.337314,-0.635090,-0.463014,-0.284555,-0.611706,0.143280,-0.121661,-0.670534,-0.427249,-0.003417,-0.937589,-0.271393,0.018328,-1.837532,1.033491,1.226520,2.658266,-0.143569,0.006412,0.360923,-0.001887,-0.527797,0.001082,-0.598719
27.474982,-0.077421,-0.143307,1.930192,-0.967271,-1.339374,-0.635903,-0.463778,-0.294991,-0.613902,0.126981,-0.119523,-0.668695,-0.426689,-0.003533,-0.937732,-0.271381,0.018687,-1.837540,1.032956,1.226517,2.657653,-0.143470,0.007956,0.361149,-0.003345,-0.526237,-0.000009,-0.601748
27.475984,-0.076768,-0.143460,1.926316,-0.967049,-1.338702,-0.634983,-0.463678,-0.306941,-0.618698,0.108564,-0.115418,-0.666755,-0.425998,-0.003730,-0.937871,-0.271377,0.019055,-1.837544,1.032441,1.226517,2.657044,-0.142284,0.006188,0.362512,-0.003521,-0.525186,0.001176,-0.602807
27.477054,-0.074697,-0.142059,1.927173,-0.969439,-1.340772,-0.634450,-0.460085,-0.321270,-0.624073,0.087133,-0.109976,-0.664833,-0.425018,-0.003954,-0.938011,-0.271368,0.019429,-1.837549,1.031920,1.226516,2.656438,-0.141827,0.006989,0.365197,-0.004077,-0.526549,0.000576,-0.605411
27.478034,-0.069570,-0.140866,1.921143,-0.969365,-1.342349,-0.634110,-0.460665,-0.338675,-0.628698,0.061975,-0.104109,-0.663056,-0.423677,-0.004216,-0.938154,-0.271361,0.019797,-1.837548,1.031393,1.226518,2.655810,-0.142095,0.007066,0.365913,-0.002160,-0.525453,0.000395,-0.615292
27.479008,-0.069207,-0.137467,1.922852,-0.969335,-1.342634,-0.633241,-0.459943,-0.358083,-0.632033,0.034545,-0.098791,-0.661514,-0.422129,-0.004555,-0.938302,-0.271352,0.020180,-1.837552,1.030864,1.226520,2.655191,-0.143746,0.007157,0.369467,-0.002616,-0.524331,0.000373,-0.616272
27.479948,-0.069577,-0.135343,1.921540,-0.969651,-1.341316,-0.634766,-0.460332,-0.378306,-0.633164,0.006380,-0.094568,-0.660199,-0.420473,-0.004945,-0.938444,-0.271349,0.020548,-1.837556,1.030339,1.226517,2.654561,-0.143068,0.006191,0.369230,-0.002990,-0.524517,-0.000164,-0.619892
27.481112,-0.068615,-0.132846,1.924415,-0.970680,-1.343098,-0.632922,-0.459762,-0.398275,-0.631238,-0.021192,-0.091551,-0.659009,-0.418747,-0.005341,-0.938582,-0.271344,0.020922,-1.837559,1.029809,1.226522,2.653946,-0.142042,0.005833,0.370315,-0.003013,-0.526050,0.001669,-0.621144
27.481980,-0.070356,-0.133477,1.918628,-0.970848,-1.339787,-0.632325,-0.458929,-0.417071,-0.625549,-0.047045,-0.090119,-0.657877,-0.417027,-0.005738,-0.938721,-0.271338,0.021298,-1.837561,1.029292,1.226518,2.653309,-0.141891,0.005458,0.370423,-0.002466,-0.525906,0.000202,-0.625353
27.482957,-0.066025,-0.133944,1.918771,-0.970342,-1.342270,-0.631869,-0.461458,-0.435276,-0.617325,-0.071980,-0.089731,-0.656709,-0.415262,-0.006162,-0.938858,-0.271330,0.021674,-1.837565,1.028760,1.226517,2.652680,-0.140120,0.006381,0.373353,-0.002603,-0.529020,-0.000089,-0.628660
27.483970,-0.063926,-0.135979,1.921271,-0.970682,-1.346211,-0.631157,-0.461100,-0.453834,-0.610595,-0.097320,-0.088287,-0.655293,-0.413385,-0.006598,-0.939003,-0.271321,0.022050,-1.837570,1.028232,1.226519,2.652059,-0.141445,0.007297,0.373838,-0.003423,-0.526928,-0.000225,-0.625749
27.485115,-0.063957,-0.131686,1.923548,-0.970697,-1.348539,-0.630202,-0.460881,-0.470409,-0.610018,-0.120300,-0.083730,-0.653412,-0.411696,-0.007002,-0.939143,-0.271308,0.022425,-1.837575,1.027718,1.226520,2.651421,-0.141686,0.008990,0.373362,-0.003428,-0.523775,-0.000612,-0.628835
27.486095,-0.068021,-0.133613,1.923285,-0.972978,-1.347122,-0.629815,-0.461248,-0.482361,-0.615856,-0.137602,-0.076355,-0.651145,-0.410481,-0.007388,-0.939285,-0.271303,0.022796,-1.837581,1.027192,1.226517,2.650789,-0.140965,0.007671,0.373748,-0.003790,-0.522916,-0.001166,-0.632242
27.486979,-0.069703,-0.129747,1.920106,-0.972535,-1.345441,-0.630156,-0.461293,-0.491013,-0.624444,-0.150721,-0.068216,-0.648868,-0.409585,-0.007779,-0.939416,-0.271288,0.023172,-1.837581,1.026667,1.226517,2.650151,-0.138200,0.009282,0.374471,-0.001930,-0.524857,-0.001222,-0.633642
27.487992,-0.068036,-0.128808,1.928939,-0.974162,-1.344860,-0.629822,-0.463229,-0.499858,-0.632942,-0.163898,-0.060777,-0.646936,-0.408660,-0.008157,-0.939551,-0.271282,0.023549,-1.837585,1.026136,1.226520,2.649508,-0.136535,0.007954,0.376160,-0.002702,-0.526404,-0.000598,-0.635228
27.489114,-0.065186,-0.129198,1.930042,-0.975269,-1.341195,-0.629421,-0.464048,-0.508751,-0.639267,-0.176838,-0.054996,-0.645538,-0.407701,-0.008467,-0.939689,-0.271274,0.023917,-1.837583,1.025599,1.226517,2.648882,-0.136612,0.008225,0.372545,-0.001567,-0.527545,-0.000582,-0.633681
27.489978,-0.065404,-0.129642,1.931426,-0.974315,-1.338214,-0.629333,-0.464425,-0.513214,-0.643582,-0.183926,-0.051077,-0.644671,-0.407153,-0.008693,-0.939826,-0.271262,0.024294,-1.837584,1.025065,1.226517,2.648239,-0.137391,0.009191,0.373370,-0.000934,-0.532482,-0.000610,-0.634882
27.491001,-0.065893,-0.124490,1.934964,-0.974534,-1.338192,-0.628529,-0.464789,-0.511432,-0.649525,-0.183047,-0.047174,-0.644102,-0.407219,-0.008895,-0.939962,-0.271250,0.024662,-1.837588,1.024522,1.226520,2.647604,-0.136395,0.009959,0.372746,-0.002200,-0.535070,-0.000426,-0.635730
27.492031,-0.069176,-0.123752,1.935662,-0.973628,-1.338834,-0.627577,-0.466040,-0.504722,-0.657797,-0.175859,-0.042295,-0.643671,-0.407723,-0.009126,-0.940097,-0.271245,0.025034,-1.837590,1.023991,1.226519,2.646959,-0.135425,0.008121,0.371841,-0.002394,-0.535761,-0.000892,-0.637343
27.493099,-0.070887,-0.122730,1.938666,-0.975483,-1.338685,-0.628318,-0.467320,-0.495417,-0.665263,-0.165091,-0.037483,-0.643467,-0.408356,-0.009377,-0.940224,-0.271235,0.025405,-1.837595,1.023449,1.226515,2.646316,-0.133154,0.008491,0.372424,-0.003654,-0.535724,-0.001481,-0.637192
27.494015,-0.068601,-0.120573,1.934978,-0.976177,-1.337368,-0.627689,-0.466073,-0.486427,-0.670909,-0.154270,-0.033277,-0.643576,-0.408855,-0.009638,-0.940353,-0.271226,0.025776,-1.837594,1.022902,1.226519,2.645677,-0.131700,0.008728,0.372035,-0.002271,-0.536682,-0.000390,-0.637208
27.494973,-0.067519,-0.122464,1.935211,-0.976829,-1.338339,-0.627030,-0.466771,-0.474531,-0.675607,-0.138870,-0.029355,-0.644836,-0.409325,-0.010290,-0.940615,-0.271203,0.026527,-1.837596,1.021824,1.226516,2.644372,-0.131904,0.009848,0.374518,-0.001745,-0.537212,-0.001049,-0.642088
27.496063,-0.069500,-0.118109,1.936087,-0.976364,-1.335758,-0.625680,-0.468120,-0.474531,-0.675607,-0.138870,-0.029355,-0.644836,-0.409325,-0.010290,-0.940615,-0.271203,0.026527,-1.837596,1.021824,1.226516,2.644372,-0.131904,0.009848,0.374518,-0.001745,-0.537212,-0.001049,-0.642088
27.497102,-0.069273,-0.118090,1.939671,-0.975934,-1.336125,-0.624797,-0.468984,-0.472021,-0.676600,-0.135053,-0.028847,-0.645641,-0.409316,-0.010639,-0.940744,-0.271197,0.026905,-1.837599,1.021276,1.226516,2.643736,-0.130306,0.008446,0.375228,-0.002641,-0.540736,-0.002046,-0.642068
27.498037,-0.064656,-0.114286,1.940709,-0.976503,-1.335357,-0.626578,-0.468666,-0.471387,-0.677531,-0.133465,-0.028182,-0.646274,-0.409091,-0.010941,-0.940871,-0.271187,0.027278,-1.837603,1.020739,1.226516,2.643086,-0.129823,0.009182,0.374362,-0.003446,-0.541063,-0.002573,-0.642736
27.499008,-0.065784,-0.113877,1.941655,-0.976929,-1.334201,-0.627356,-0.467560,-0.470179,-0.678036,-0.131076,-0.027376,-0.646632,-0.408875,-0.011204,-0.941005,-0.271181,0.027648,-1.837605,1.020199,1.226520,2.642440,-0.131365,0.007931,0.374274,-0.003234,-0.541904,-0.000479,-0.645291
27.500050,-0.063735,-0.113216,1.940603,-0.977263,-1.335966,-0.626203,-0.468140,-0.466057,-0.677041,-0.125010,-0.027338,-0.646754,-0.408977,-0.011420,-0.941131,-0.271169,0.028026,-1.837608,1.019657,1.226521,2.641781,-0.130117,0.008391,0.374329,-0.003181,-0.543340,0.000602,-0.649549
27.501024,-0.063315,-0.113959,1.946123,-0.978170,-1.336117,-0.624208,-0.470174,-0.459733,-0.674927,-0.116259,-0.028079,-0.646680,-0.409386,-0.011547,-0.941262,-0.271160,0.028404,-1.837610,1.019116,1.226516,2.641122,-0.130495,0.008787,0.375768,-0.003270,-0.542254,-0.000192,-0.650727
27.501981,-0.058140,-0.111059,1.941783,-0.976501,-1.339967,-0.624867,-0.470234,-0.451683,-0.673891,-0.105504,-0.028657,-0.646365,-0.410054,-0.011561,-0.941391,-0.271149,0.028778,-1.837612,1.018565,1.226514,2.640485,-0.130006,0.009820,0.373559,-0.002743,-0.542309,-0.001862,-0.648751
27.503004,-0.054442,-0.107405,1.946729,-0.979507,-1.340382,-0.626403,-0.471130,-0.441112,-0.675091,-0.091750,-0.028434,-0.645771,-0.411009,-0.011484,-0.941527,-0.271140,0.029164,-1.837620,1.018033,1.226517,2.639828,-0.131848,0.009042,0.376287,-0.004677,-0.538875,-0.000865,-0.650758
27.504020,-0.052181,-0.105209,1.948266,-0.979874,-1.341462,-0.625578,-0.470717,-0.427646,-0.675926,-0.074466,-0.028680,-0.645078,-0.412269,-0.011358,-0.941664,-0.271134,0.029535,-1.837618,1.017492,1.226520,2.639182,-0.133039,0.008051,0.375163,-0.002205,-0.539659,0.001036,-0.651684
27.504943,-0.052398,-0.103713,1.950929,-0.978253,-1.338854,-0.625315,-0.471232,-0.410525,-0.672058,-0.052642,-0.032004,-0.644610,-0.413929,-0.011215,-0.941796,-0.271127,0.029915,-1.837620,1.016958,1.226516,2.638515,-0.133556,0.007775,0.375665,-0.002310,-0.539749,0.000578,-0.655158
27.506060,-0.051198,-0.100095,1.952967,-0.978091,-1.339710,-0.625039,-0.472419,-0.389982,-0.664125,-0.026651,-0.037691,-0.644321,-0.415903,-0.011089,-0.941927,-0.271120,0.030287,-1.837629,1.016410,1.226517,2.637853,-0.132761,0.007760,0.375134,-0.004201,-0.542833,0.000651,-0.656254
27.506971,-0.049611,-0.101027,1.950842,-0.978971,-1.340464,-0.623974,-0.470863,-0.367667,-0.655290,0.001309,-0.042968,-0.643949,-0.417907,-0.011004,-0.942059,-0.271116,0.030666,-1.837634,1.015863,1.226516,2.637198,-0.132854,0.006875,0.375964,-0.004781,-0.543651,0.000786,-0.657065
27.507919,-0.046148,-0.102078,1.947574,-0.982331,-1.340178,-0.623825,-0.472398,-0.345643,-0.646867,0.028621,-0.046814,-0.643475,-0.419715,-0.010971,-0.942192,-0.271105,0.031049,-1.837635,1.015328,1.226515,2.636522,-0.132938,0.008038,0.377648,-0.004319,-0.543386,0.000047,-0.662251
27.508921,-0.050450,-0.099650,1.949642,-0.982656,-1.342700,-0.622744,-0.473160,-0.326040,-0.639983,0.052569,-0.049534,-0.643053,-0.421253,-0.010997,-0.942328,-0.271093,0.031430,-1.837632,1.014772,1.226516,2.635862,-0.133955,0.009265,0.380138,-0.001482,-0.544204,0.000243,-0.661411
27.509949,-0.049328,-0.096105,1.952167,-0.982897,-1.343083,-0.623127,-0.474498,-0.310599,-0.634226,0.070960,-0.052314,-0.642877,-0.422483,-0.011046,-0.942457,-0.271084,0.031810,-1.837635,1.014234,1.226518,2.635193,-0.131191,0.008813,0.380250,-0.001614,-0.542715,-0.000492,-0.662442
27.511035,-0.051926,-0.096649,1.953579,-0.982960,-1.345794,-0.623107,-0.474175,-0.299806,-0.627120,0.083342,-0.056307,-0.643034,-0.423327,-0.011062,-0.942588,-0.271079,0.032186,-1.837637,1.013691,1.226519,2.634522,-0.131199,0.007878,0.380344,-0.001818,-0.543519,0.000272,-0.662413
27.512022,-0.048449,-0.098331,1.956701,-0.983671,-1.344595,-0.622964,-0.475713,-0.292855,-0.618400,0.090822,-0.061113,-0.643433,-0.423804,-0.011028,-0.942713,-0.271066,0.032569,-1.837642,1.013147,1.226520,2.633853,-0.129430,0.008980,0.381264,-0.002188,-0.542321,0.000636,-0.666067
27.513006,-0.047345,-0.091808,1.957103,-0.985275,-1.344801,-0.621876,-0.476441,-0.288069,-0.612154,0.095411,-0.064601,-0.643847,-0.424111,-0.010955,-0.942843,-0.271052,0.032952,-1.837644,1.012607,1.226520,2.633185,-0.130580,0.010534,0.380727,-0.001914,-0.544484,0.000849,-0.665410
27.514083,-0.044687,-0.089724,1.959679,-0.987432,-1.342501,-0.620864,-0.475707,-0.283099,-0.608817,0.100091,-0.066764,-0.644260,-0.424486,-0.010844,-0.942974,-0.271050,0.033334,-1.837645,1.012055,1.226517,2.632516,-0.130506,0.008076,0.381585,-0.000760,-0.545057,0.000127,-0.666411
27.514969,-0.044064,-0.092620,1.964423,-0.987656,-1.341028,-0.620769,-0.476527,-0.276837,-0.602058,0.106513,-0.071021,-0.645036,-0.424971,-0.010695,-0.943106,-0.271042,0.033720,-1.837643,1.011497,1.226517,2.631843,-0.131294,0.007913,0.381813,0.000808,-0.548730,-0.000492,-0.670823
27.515980,-0.042811,-0.090738,1.966133,-0.985740,-1.340452,-0.620844,-0.476080,-0.267918,-0.591555,0.116390,-0.077756,-0.646208,-0.425683,-0.010537,-0.943235,-0.271028,0.034099,-1.837644,1.010948,1.226518,2.631169,-0.130896,0.009999,0.379944,0.000609,-0.550370,-0.000266,-0.671052
27.516947,-0.045600,-0.086074,1.968497,-0.988625,-1.342220,-0.620838,-0.477324,-0.254678,-0.584262,0.131566,-0.083117,-0.647317,-0.426788,-0.010407,-0.943368,-0.271020,0.034478,-1.837651,1.010395,1.226519,2.630496,-0.130915,0.009833,0.380339,-0.001669,-0.551903,0.000177,-0.674542
27.518019,-0.043854,-0.083833,1.969038,-0.988713,-1.343062,-0.620470,-0.478100,-0.238465,-0.580341,0.150433,-0.086508,-0.648313,-0.428119,-0.010290,-0.943490,-0.271013,0.034860,-1.837648,1.009852,1.226519,2.629819,-0.128962,0.008267,0.380092,0.000712,-0.550890,0.000515,-0.674340
27.518981,-0.044595,-0.086014,1.967477,-0.990246,-1.342749,-0.619980,-0.479073,-0.222185,-0.573591,0.169682,-0.091249,-0.649619,-0.429396,-0.010133,-0.943624,-0.271007,0.035243,-1.837647,1.009297,1.226520,2.629134,-0.129287,0.008033,0.381367,0.000225,-0.551386,0.000528,-0.675636
27.520085,-0.049046,-0.082914,1.970429,-0.988677,-1.345402,-0.618567,-0.480923,-0.208100,-0.563841,0.186495,-0.097669,-0.651287,-0.430465,-0.009930,-0.943750,-0.270992,0.035632,-1.837643,1.008737,1.226519,2.628446,-0.128320,0.009816,0.382991,0.001197,-0.552280,0.000389,-0.675931
27.521028,-0.045708,-0.085670,1.965581,-0.988772,-1.344334,-0.619221,-0.480831,-0.198339,-0.555268,0.198020,-0.103401,-0.653032,-0.431153,-0.009725,-0.943868,-0.270986,0.036017,-1.837649,1.008179,1.226518,2.627775,-0.125731,0.009142,0.383188,-0.000808,-0.551117,-0.000623,-0.675277
27.521932,-0.051053,-0.085883,1.968239,-0.990639,-1.344116,-0.617705,-0.481394,-0.194452,-0.551140,0.202203,-0.106229,-0.654558,-0.431293,-0.009548,-0.943998,-0.270971,0.036405,-1.837650,1.007624,1.226520,2.627092,-0.126784,0.011209,0.386374,-0.001158,-0.552718,0.000380,-0.677662
27.523000,-0.051262,-0.074652,1.974979,-0.990324,-1.339932,-0.617739,-0.481372,-0.196609,-0.553887,0.198776,-0.105032,-0.655690,-0.430928,-0.009425,-0.944117,-0.270958,0.036790,-1.837647,1.007067,1.226517,2.626418,-0.123508,0.011945,0.385551,0.000224,-0.553159,-0.000811,-0.678530
27.523957,-0.048016,-0.076251,1.973063,-0.990500,-1.340727,-0.617593,-0.482691,-0.202950,-0.558087,0.190334,-0.102831,-0.656667,-0.430198,-0.009371,-0.944241,-0.270960,0.037165,-1.837648,1.006504,1.226518,2.625730,-0.122977,0.007241,0.383774,-0.000631,-0.558607,-0.000379,-0.681395
27.525034,-0.047097,-0.077518,1.977872,-0.992710,-1.339049,-0.616953,-0.483454,-0.210366,-0.556150,0.181077,-0.103132,-0.657741,-0.429261,-0.009387,-0.944366,-0.270947,0.037554,-1.837648,1.005945,1.226518,2.625058,-0.124033,0.008797,0.385573,-0.000922,-0.558307,-0.000179,-0.681013
27.525986,-0.040666,-0.074102,1.982895,-0.993032,-1.335940,-0.616471,-0.483842,-0.216514,-0.550901,0.173826,-0.104899,-0.658806,-0.428419,-0.009486,-0.944489,-0.270936,0.037939,-1.837644,1.005389,1.226517,2.624372,-0.124047,0.010244,0.384680,0.000664,-0.561376,-0.000428,-0.682362
27.526933,-0.037882,-0.072054,1.986986,-0.993414,-1.331708,-0.615790,-0.484935,-0.218071,-0.546832,0.172557,-0.106741,-0.659760,-0.428104,-0.009689,-0.944621,-0.270930,0.038316,-1.837644,1.004817,1.226516,2.623688,-0.126628,0.009290,0.383073,0.000508,-0.564872,-0.000555,-0.683796
27.527952,-0.038122,-0.069426,1.986731,-0.992142,-1.331958,-0.616288,-0.486565,-0.196142,-0.540141,0.201916,-0.111347,-0.661297,-0.429840,-0.010410,-0.944873,-0.270916,0.039083,-1.837648,1.003656,1.226516,2.622314,-0.126737,0.008529,0.383220,-0.001294,-0.569840,-0.000014,-0.683061
27.528985,-0.042925,-0.067310,1.989162,-0.994174,-1.334803,-0.616020,-0.487305,-0.196142,-0.540141,0.201916,-0.111347,-0.661297,-0.429840,-0.010410,-0.944873,-0.270916,0.039083,-1.837648,1.003656,1.226516,2.622314,-0.126737,0.008529,0.383220,-0.001294,-0.569840,-0.000014,-0.683061
27.529970,-0.042947,-0.065288,1.990516,-0.993675,-1.334669,-0.615746,-0.488096,-0.178685,-0.536315,0.225007,-0.113717,-0.662072,-0.431189,-0.010853,-0.944993,-0.270908,0.039464,-1.837644,1.003099,1.226516,2.621630,-0.123873,0.008290,0.383321,0.000175,-0.568026,0.000085,-0.684234
27.530980,-0.040548,-0.062598,1.993788,-0.994762,-1.333504,-0.616259,-0.488101,-0.163430,-0.530267,0.245686,-0.117178,-0.663235,-0.432275,-0.011295,-0.945112,-0.270900,0.039851,-1.837646,1.002533,1.226516,2.620942,-0.123403,0.008049,0.383633,-0.000784,-0.568850,0.000168,-0.685018
27.531987,-0.039964,-0.063060,1.995100,-0.994620,-1.332874,-0.615691,-0.487489,-0.150616,-0.521788,0.263637,-0.121980,-0.664795,-0.433096,-0.011728,-0.945237,-0.270891,0.040234,-1.837644,1.001957,1.226518,2.620246,-0.124082,0.007493,0.383175,-0.000232,-0.570753,0.001041,-0.687494
27.532959,-0.040943,-0.058868,1.992605,-0.994159,-1.334300,-0.615630,-0.488839,-0.138414,-0.512595,0.280935,-0.127325,-0.666491,-0.433850,-0.012163,-0.945361,-0.270880,0.040621,-1.837646,1.001373,1.226519,2.619554,-0.123850,0.008500,0.383638,-0.000835,-0.571992,0.000818,-0.691194
27.534000,-0.037770,-0.059572,1.995466,-0.995116,-1.336036,-0.614170,-0.488673,-0.127571,-0.504408,0.296415,-0.132162,-0.668071,-0.434489,-0.012600,-0.945480,-0.270876,0.041015,-1.837648,1.000805,1.226519,2.618859,-0.122865,0.007186,0.385725,-0.001740,-0.571111,0.001115,-0.690727
27.535016,-0.036975,-0.058682,1.999266,-0.994491,-1.336412,-0.613596,-0.489379,-0.119619,-0.497404,0.308052,-0.136215,-0.669399,-0.434885,-0.013031,-0.945606,-0.270865,0.041398,-1.837648,1.000236,1.226518,2.618166,-0.123965,0.008357,0.385635,-0.001287,-0.570361,0.000028,-0.693734
27.536033,-0.032833,-0.055978,1.994777,-0.995171,-1.338813,-0.613228,-0.486063,-0.112790,-0.493182,0.317988,-0.138926,-0.670255,-0.435240,-0.013466,-0.945729,-0.270854,0.041784,-1.837652,0.999667,1.226518,2.617463,-0.123854,0.008670,0.384892,-0.002339,-0.570827,-0.000170,-0.694774
27.536931,-0.033341,-0.055423,1.997379,-0.995675,-1.338489,-0.612524,-0.488371,-0.099949,-0.493833,0.336087,-0.140102,-0.670275,-0.436082,-0.014347,-0.945981,-0.270840,0.042561,-1.837654,0.998515,1.226516,2.616038,-0.124488,0.008568,0.387458,-0.002052,-0.569525,-0.000539,-0.701011
27.538064,-0.027615,-0.050429,2.000102,-0.997528,-1.342412,-0.612840,-0.487355,-0.099949,-0.493833,0.336087,-0.140102,-0.670275,-0.436082,-0.014347,-0.945981,-0.270840,0.042561,-1.837654,0.998515,1.226516,2.616038,-0.124488,0.008568,0.387458,-0.002052,-0.569525,-0.000539,-0.701011
27.538991,-0.032096,-0.051703,2.002899,-0.996145,-1.343902,-0.612000,-0.486731,-0.094103,-0.493804,0.344187,-0.141410,-0.669804,-0.436554,-0.014741,-0.946111,-0.270835,0.042953,-1.837652,0.997952,1.226519,2.615316,-0.126917,0.006995,0.387896,-0.000794,-0.567215,0.000186,-0.706130
27.539985,-0.029061,-0.049061,2.000997,-0.997891,-1.344796,-0.611410,-0.488809,-0.086873,-0.491134,0.353943,-0.144693,-0.669216,-0.437219,-0.015094,-0.946230,-0.270822,0.043335,-1.837658,0.997392,1.226516,2.614600,-0.124087,0.008320,0.387193,-0.002532,-0.566087,-0.000316,-0.709309
27.541031,-0.026586,-0.047977,1.999869,-0.995947,-1.347544,-0.611335,-0.489162,-0.079513,-0.487740,0.363788,-0.148617,-0.668474,-0.437940,-0.015422,-0.946356,-0.270816,0.043729,-1.837656,0.996828,1.226515,2.613894,-0.125085,0.007788,0.389119,-0.001293,-0.565945,-0.000533,-0.707447
27.542008,-0.030567,-0.044969,2.001835,-0.999180,-1.351660,-0.611970,-0.490639,-0.073798,-0.485048,0.371466,-0.151988,-0.667543,-0.438522,-0.015739,-0.946483,-0.270807,0.044118,-1.837666,0.996273,1.226516,2.613180,-0.125815,0.008070,0.390994,-0.003562,-0.564340,-0.000229,-0.709363
27.543067,-0.036563,-0.044629,2.002853,-0.996292,-1.354479,-0.611040,-0.490048,-0.070875,-0.481979,0.375538,-0.155244,-0.666541,-0.438851,-0.016053,-0.946603,-0.270799,0.044510,-1.837660,0.995717,1.226518,2.612475,-0.123293,0.007328,0.390882,-0.000892,-0.560923,0.000753,-0.708647
27.543986,-0.032873,-0.046942,2.004122,-0.998018,-1.357490,-0.610004,-0.489359,-0.072646,-0.477382,0.373711,-0.158937,-0.665636,-0.438763,-0.016372,-0.946717,-0.270788,0.044906,-1.837671,0.995167,1.226516,2.611752,-0.119940,0.007975,0.391681,-0.004098,-0.559414,0.000202,-0.712490
27.544976,-0.038860,-0.045458,2.003887,-0.998394,-1.356583,-0.609437,-0.490315,-0.079365,-0.474667,0.365593,-0.161024,-0.664624,-0.438230,-0.016716,-0.946841,-0.270774,0.045295,-1.837672,0.994614,1.226516,2.611038,-0.121228,0.009798,0.391624,-0.002770,-0.556765,-0.000498,-0.715785
27.546085,-0.037810,-0.044281,2.006161,-0.998151,-1.360280,-0.608854,-0.487985,-0.089466,-0.477025,0.353020,-0.160027,-0.663307,-0.437424,-0.017097,-0.946953,-0.270763,0.045687,-1.837676,0.994049,1.226516,2.610310,-0.117799,0.009773,0.392704,-0.002801,-0.558421,-0.000701,-0.716078
27.546997,-0.035089,-0.043156,2.005952,-0.997692,-1.361965,-0.609400,-0.488611,-0.102712,-0.483240,0.336330,-0.156588,-0.661759,-0.436358,-0.017515,-0.947069,-0.270752,0.046084,-1.837681,0.993498,1.226516,2.609573,-0.118035,0.010045,0.393136,-0.003482,-0.556293,-0.000881,-0.723630
27.547995,-0.035732,-0.040527,2.010769,-0.999574,-1.363678,-0.609393,-0.487547,-0.117615,-0.492352,0.317410,-0.150899,-0.659956,-0.435135,-0.017974,-0.947190,-0.270743,0.046476,-1.837686,0.992944,1.226520,2.608852,-0.118837,0.010175,0.393757,-0.004278,-0.554932,-0.000018,-0.724169
27.549028,-0.037109,-0.038324,2.011075,-0.999025,-1.362710,-0.609503,-0.489008,-0.130895,-0.502618,0.300380,-0.144097,-0.657929,-0.434084,-0.018438,-0.947303,-0.270734,0.046868,-1.837685,0.992398,1.226521,2.608113,-0.118099,0.009624,0.392320,-0.002887,-0.554167,0.000326,-0.728566
27.550021,-0.037145,-0.039306,2.017167,-0.999730,-1.363123,-0.609135,-0.487588,-0.141261,-0.511012,0.286926,-0.137992,-0.655852,-0.433331,-0.018848,-0.947419,-0.270725,0.047259,-1.837691,0.991838,1.226519,2.607382,-0.117009,0.009339,0.393404,-0.003847,-0.556193,0.000819,-0.728038
27.550990,-0.039841,-0.033038,2.014379,-0.999181,-1.362789,-0.607828,-0.487228,-0.148554,-0.518024,0.277185,-0.132239,-0.653725,-0.432867,-0.019198,-0.947534,-0.270714,0.047650,-1.837694,0.991277,1.226517,2.606641,-0.116578,0.010592,0.391312,-0.003546,-0.556524,0.000820,-0.733140
27.552027,-0.039294,-0.036481,2.018825,-1.001027,-1.363006,-0.607758,-0.488262,-0.153270,-0.524107,0.270525,-0.126332,-0.651565,-0.432579,-0.019522,-0.947644,-0.270709,0.048051,-1.837699,0.990725,1.226514,2.605898,-0.114829,0.008212,0.393472,-0.004471,-0.557565,-0.000129,-0.735900
27.553212,-0.038127,-0.035302,2.017781,-1.002026,-1.364213,-0.607772,-0.488528,-0.157081,-0.528067,0.264967,-0.120795,-0.649531,-0.432264,-0.019829,-0.947760,-0.270693,0.048440,-1.837700,0.990163,1.226516,2.605163,-0.114727,0.010708,0.392478,-0.003084,-0.558387,0.000182,-0.736263
27.554096,-0.039030,-0.035280,2.017772,-1.001836,-1.365525,-0.606406,-0.488957,-0.160412,-0.532308,0.259913,-0.115029,-0.647605,-0.431979,-0.020106,-0.947876,-0.270682,0.048841,-1.837703,0.989612,1.226519,2.604417,-0.115066,0.011021,0.395004,-0.002604,-0.559269,0.000609,-0.738933
27.555013,-0.040217,-0.036434,2.011584,-1.003487,-1.367985,-0.606489,-0.489344,-0.163775,-0.539062,0.254598,-0.108275,-0.645707,-0.431749,-0.020353,-0.947989,-0.270671,0.049234,-1.837711,0.989052,1.226516,2.603671,-0.114098,0.011656,0.395325,-0.003063,-0.558011,-0.000433,-0.739667
27.556065,-0.039295,-0.032080,2.021545,-1.002084,-1.366813,-0.607029,-0.489196,-0.169495,-0.548463,0.246093,-0.100425,-0.643887,-0.431362,-0.020578,-0.948101,-0.270657,0.049643,-1.837711,0.988493,1.226515,2.602933,-0.113047,0.012885,0.398784,-0.001835,-0.555834,0.000001,-0.740712
27.557036,-0.040779,-0.034457,2.022652,-1.004717,-1.368814,-0.605936,-0.490768,-0.177344,-0.559722,0.234747,-0.091864,-0.642171,-0.430833,-0.020790,-0.948214,-0.270646,0.050037,-1.837719,0.987934,1.226519,2.602180,-0.113183,0.011482,0.395011,-0.003610,-0.558218,0.000905,-0.743483
27.557964,-0.039248,-0.030561,2.018626,-1.004426,-1.367359,-0.606416,-0.491701,-0.183313,-0.571644,0.225674,-0.083242,-0.640477,-0.430500,-0.020966,-0.948326,-0.270629,0.050437,-1.837717,0.987375,1.226519,2.601432,-0.112021,0.013357,0.395257,-0.001473,-0.556820,0.000147,-0.742361
27.558970,-0.044201,-0.031137,2.017967,-1.003298,-1.367255,-0.606230,-0.491957,-0.186750,-0.583235,0.219776,-0.075312,-0.638872,-0.430437,-0.021069,-0.948440,-0.270620,0.050838,-1.837721,0.986806,1.226520,2.600700,-0.112326,0.012088,0.397776,-0.002149,-0.558568,0.000972,-0.742398
27.559955,-0.041642,-0.030464,2.019853,-1.006739,-1.364062,-0.606164,-0.490407,-0.191364,-0.594101,0.212440,-0.067737,-0.637450,-0.430266,-0.021102,-0.948545,-0.270605,0.051243,-1.837727,0.986245,1.226519,2.599950,-0.109529,0.013114,0.398980,-0.003635,-0.559511,0.001154,-0.744136
27.561057,-0.040424,-0.025144,2.021288,-1.005201,-1.364690,-0.605627,-0.491485,-0.206402,-0.614304,0.190715,-0.052978,-0.635385,-0.429339,-0.021206,-0.948767,-0.270582,0.052044,-1.837728,0.985113,1.226519,2.598441,-0.110792,0.011655,0.399633,-0.002767,-0.564155,0.001304,-0.749881
27.562115,-0.039431,-0.027135,2.020823,-1.006607,-1.359535,-0.605552,-0.491559,-0.206402,-0.614304,0.190715,-0.052978,-0.635385,-0.429339,-0.021206,-0.948767,-0.270582,0.052044,-1.837728,0.985113,1.226519,2.598441,-0.110792,0.011655,0.399633,-0.002767,-0.564155,0.001304,-0.749881
27.563103,-0.037949,-0.025515,2.022759,-1.007643,-1.359765,-0.605032,-0.491333,-0.213201,-0.620982,0.180996,-0.047468,-0.634865,-0.428865,-0.021309,-0.948878,-0.270566,0.052444,-1.837726,0.984524,1.226519,2.597676,-0.110976,0.013437,0.401122,-0.001899,-0.570262,0.001618,-0.752192
27.563993,-0.041136,-0.024217,2.021540,-1.006324,-1.360140,-0.605196,-0.490586,-0.218553,-0.627546,0.173086,-0.042172,-0.634551,-0.428468,-0.021410,-0.948989,-0.270555,0.052848,-1.837727,0.983955,1.226517,2.596921,-0.111339,0.013347,0.400947,-0.001330,-0.570627,0.001460,-0.754770
27.564966,-0.044069,-0.026280,2.020096,-1.007244,-1.358732,-0.604404,-0.491355,-0.222477,-0.634821,0.166939,-0.036939,-0.634439,-0.428167,-0.021485,-0.949094,-0.270542,0.053255,-1.837733,0.983393,1.226519,2.596153,-0.109320,0.013330,0.401763,-0.002981,-0.570338,0.001945,-0.757826
27.566002,-0.048033,-0.022484,2.020108,-1.007985,-1.361411,-0.604464,-0.491591,-0.227234,-0.643787,0.159754,-0.031002,-0.634498,-0.427729,-0.021525,-0.949196,-0.270524,0.053657,-1.837734,0.982812,1.226519,2.595384,-0.107569,0.015028,0.403234,-0.002483,-0.572201,0.001496,-0.758242
27.566967,-0.049434,-0.022370,2.016687,-1.006532,-1.360164,-0.603729,-0.491794,-0.235728,-0.654456,0.147968,-0.024398,-0.634755,-0.426916,-0.021508,-0.949296,-0.270514,0.054065,-1.837734,0.982241,1.226520,2.594625,-0.105388,0.013903,0.404249,-0.002258,-0.570428,0.001931,-0.760138
27.568049,-0.049114,-0.022178,2.021668,-1.010316,-1.363302,-0.602616,-0.493585,-0.249773,-0.664632,0.129470,-0.018138,-0.635244,-0.425569,-0.021401,-0.949399,-0.270498,0.054471,-1.837741,0.981668,1.226520,2.593858,-0.104391,0.014519,0.406615,-0.004054,-0.572169,0.001538,-0.761677
27.569031,-0.045258,-0.020622,2.022670,-1.007030,-1.364087,-0.602686,-0.491652,-0.268316,-0.673750,0.105681,-0.012698,-0.635870,-0.423818,-0.021224,-0.949504,-0.270481,0.054875,-1.837735,0.981096,1.226520,2.593104,-0.104341,0.015175,0.405431,-0.000914,-0.570218,0.000814,-0.760683
27.569940,-0.041933,-0.016670,2.022977,-1.009553,-1.364933,-0.600677,-0.491781,-0.286610,-0.682536,0.082568,-0.008357,-0.636440,-0.422170,-0.021043,-0.949613,-0.270467,0.055285,-1.837745,0.980527,1.226520,2.592323,-0.105935,0.015094,0.405626,-0.004511,-0.570060,0.001252,-0.766597
27.571061,-0.039067,-0.017186,2.027901,-1.007580,-1.366166,-0.600685,-0.493689,-0.300332,-0.690308,0.065515,-0.005349,-0.636780,-0.420978,-0.020896,-0.949722,-0.270456,0.055687,-1.837743,0.979953,1.226516,2.591558,-0.107158,0.013772,0.405844,-0.002425,-0.569304,-0.000420,-0.767961
27.572062,-0.038483,-0.016419,2.024520,-1.008950,-1.368509,-0.599857,-0.492432,-0.307216,-0.695972,0.057308,-0.004005,-0.636844,-0.420393,-0.020758,-0.949833,-0.270440,0.056092,-1.837752,0.979375,1.226517,2.590792,-0.108337,0.014859,0.404916,-0.004783,-0.569499,0.000007,-0.766884
27.573065,-0.037926,-0.015708,2.029857,-1.011059,-1.369077,-0.599884,-0.493830,-0.307411,-0.701608,0.057641,-0.003157,-0.636570,-0.420404,-0.020615,-0.949940,-0.270425,0.056500,-1.837755,0.978812,1.226514,2.590009,-0.108295,0.015171,0.407469,-0.003815,-0.567933,-0.000451,-0.771527
27.574000,-0.036159,-0.012503,2.027227,-1.009704,-1.369159,-0.599825,-0.493167,-0.302946,-0.707709,0.063938,-0.002821,-0.636154,-0.420877,-0.020496,-0.950047,-0.270409,0.056902,-1.837754,0.978240,1.226518,2.589239,-0.108263,0.015520,0.405669,-0.002219,-0.568103,-0.000071,-0.770816
27.574982,-0.036697,-0.011555,2.024516,-1.010751,-1.365400,-0.599243,-0.495146,-0.294768,-0.712102,0.075045,-0.004284,-0.635883,-0.421736,-0.020410,-0.950156,-0.270396,0.057316,-1.837759,0.977663,1.226518,2.588455,-0.108746,0.014571,0.407402,-0.003956,-0.568247,0.000204,-0.773906
27.575947,-0.033822,-0.007763,2.023843,-1.008606,-1.367059,-0.598122,-0.495341,-0.285014,-0.714150,0.088222,-0.007050,-0.635788,-0.422705,-0.020321,-0.950263,-0.270381,0.057725,-1.837761,0.977091,1.226518,2.587683,-0.108123,0.014793,0.409462,-0.003313,-0.572628,-0.000024,-0.771912
27.577021,-0.033967,-0.006334,2.029591,-1.008911,-1.367340,-0.599282,-0.493545,-0.276371,-0.714020,0.100008,-0.010069,-0.635810,-0.423439,-0.020221,-0.950378,-0.270369,0.058139,-1.837771,0.976522,1.226516,2.586911,-0.109137,0.013601,0.410331,-0.005727,-0.571414,-0.000792,-0.773490
27.577975,-0.036250,-0.005037,2.024732,-1.010478,-1.367910,-0.598523,-0.493432,-0.267840,-0.712261,0.111547,-0.012580,-0.635833,-0.423962,-0.020179,-0.950485,-0.270357,0.058546,-1.837775,0.975954,1.226519,2.586116,-0.108801,0.013695,0.408690,-0.005827,-0.572370,0.000767,-0.779531
27.579062,-0.034802,-0.004315,2.028163,-1.011810,-1.369916,-0.597955,-0.493978,-0.258858,-0.708921,0.123529,-0.014855,-0.635893,-0.424382,-0.020245,-0.950588,-0.270342,0.058960,-1.837776,0.975384,1.226518,2.585338,-0.107329,0.013717,0.411653,-0.004702,-0.572214,0.000339,-0.781569
27.580074,-0.033565,-0.002625,2.031171,-1.010864,-1.370480,-0.597032,-0.495746,-0.251315,-0.703370,0.133706,-0.017985,-0.636157,-0.424647,-0.020377,-0.950696,-0.270327,0.059372,-1.837778,0.974822,1.226518,2.584548,-0.107829,0.014143,0.411171,-0.003881,-0.571560,0.000167,-0.782960
27.581043,-0.029382,-0.000715,2.037584,-1.013286,-1.373645,-0.597536,-0.494536,-0.244147,-0.696532,0.143474,-0.021887,-0.636530,-0.424897,-0.020512,-0.950805,-0.270314,0.059779,-1.837785,0.974246,1.226517,2.583765,-0.108110,0.014026,0.410564,-0.005184,-0.571736,-0.000388,-0.781527
27.581933,-0.030361,0.003684,2.036852,-1.012392,-1.372405,-0.596682,-0.493592,-0.233030,-0.689191,0.158261,-0.026469,-0.636845,-0.425534,-0.020640,-0.950918,-0.270301,0.060184,-1.837784,0.973677,1.226517,2.582962,-0.109798,0.013771,0.408017,-0.003226,-0.569073,0.000483,-0.785831
27.583042,-0.031637,0.002578,2.038212,-1.013051,-1.375345,-0.596726,-0.495770,-0.215513,-0.679191,0.181221,-0.033115,-0.637205,-0.426778,-0.020776,-0.951022,-0.270291,0.060597,-1.837791,0.973106,1.226517,2.582171,-0.108892,0.012237,0.408549,-0.004423,-0.570360,-0.000063,-0.789178
27.583971,-0.032244,0.004173,2.041690,-1.013499,-1.373377,-0.595932,-0.497073,-0.194106,-0.666130,0.209238,-0.041566,-0.637712,-0.428349,-0.020891,-0.951129,-0.270274,0.061005,-1.837794,0.972538,1.226517,2.581399,-0.108039,0.013597,0.409309,-0.004224,-0.568828,0.000393,-0.787448
27.585090,-0.035630,0.005858,2.046554,-1.014565,-1.372579,-0.596340,-0.496521,-0.171787,-0.653079,0.238492,-0.049873,-0.638330,-0.429972,-0.020961,-0.951233,-0.270261,0.061413,-1.837798,0.971963,1.226516,2.580612,-0.107386,0.013445,0.407967,-0.004145,-0.571049,-0.000067,-0.786533
27.586018,-0.039276,0.006003,2.045142,-1.015113,-1.372128,-0.597248,-0.494675,-0.148898,-0.641342,0.268510,-0.057424,-0.639075,-0.431626,-0.021019,-0.951337,-0.270248,0.061815,-1.837800,0.971379,1.226519,2.579810,-0.105512,0.013438,0.407120,-0.003593,-0.573188,0.000744,-0.790295
27.587035,-0.040148,0.010417,2.038978,-1.016235,-1.371452,-0.596252,-0.495832,-0.127034,-0.630606,0.297339,-0.064380,-0.640059,-0.433183,-0.021110,-0.951438,-0.270231,0.062226,-1.837803,0.970797,1.226521,2.579009,-0.103365,0.013991,0.408204,-0.003423,-0.573761,0.001981,-0.795622
27.587939,-0.044294,0.010792,2.043868,-1.017057,-1.368848,-0.595333,-0.493708,-0.110616,-0.619414,0.319549,-0.071318,-0.641479,-0.434257,-0.021240,-0.951540,-0.270221,0.062648,-1.837804,0.970220,1.226518,2.578210,-0.102703,0.012546,0.412064,-0.002799,-0.575195,0.001353,-0.795343
27.589046,-0.048645,0.014510,2.046815,-1.017631,-1.369090,-0.594278,-0.494033,-0.102309,-0.605394,0.331903,-0.079262,-0.643448,-0.434571,-0.021365,-0.951636,-0.270208,0.063051,-1.837805,0.969635,1.226518,2.577405,-0.100338,0.013021,0.409898,-0.002397,-0.577763,0.000763,-0.801131
27.589942,-0.043406,0.013442,2.045351,-1.019060,-1.364833,-0.594110,-0.492713,-0.100498,-0.588149,0.336444,-0.088468,-0.645832,-0.434238,-0.021464,-0.951729,-0.270199,0.063460,-1.837807,0.969044,1.226516,2.576597,-0.098109,0.012013,0.409855,-0.002314,-0.578698,0.000116,-0.802967
27.590948,-0.047598,0.014879,2.045814,-1.019286,-1.363799,-0.593805,-0.491980,-0.102283,-0.569062,0.336752,-0.098456,-0.648393,-0.433554,-0.021559,-0.951833,-0.270184,0.063875,-1.837809,0.968459,1.226517,2.575772,-0.100395,0.013181,0.410753,-0.001293,-0.582894,0.000277,-0.806994
27.592055,-0.043658,0.015000,2.055177,-1.019665,-1.360108,-0.592774,-0.493835,-0.105685,-0.550878,0.335148,-0.108068,-0.650880,-0.432777,-0.021666,-0.951927,-0.270171,0.064284,-1.837809,0.967867,1.226520,2.574961,-0.098096,0.013188,0.411360,-0.001582,-0.584440,0.000322,-0.810437
27.593007,-0.040700,0.015751,2.053250,-1.020152,-1.359482,-0.593338,-0.493344,-0.108050,-0.536547,0.334795,-0.115850,-0.653014,-0.432172,-0.021762,-0.952030,-0.270156,0.064687,-1.837809,0.967276,1.226517,2.574152,-0.099939,0.013933,0.408129,-0.001738,-0.589354,-0.000301,-0.809197
27.594069,-0.040000,0.017449,2.052743,-1.022335,-1.355353,-0.592787,-0.492713,-0.105379,-0.528062,0.340578,-0.120915,-0.654591,-0.432104,-0.021850,-0.952133,-0.270143,0.065095,-1.837811,0.966678,1.226519,2.573326,-0.101096,0.014240,0.409684,-0.001666,-0.590068,0.000612,-0.811865
27.594947,-0.041645,0.020161,2.055453,-1.021345,-1.350615,-0.592090,-0.492209,-0.097725,-0.524516,0.352365,-0.124000,-0.655797,-0.432604,-0.021975,-0.952235,-0.270130,0.065508,-1.837808,0.966074,1.226516,2.572509,-0.101224,0.014173,0.411052,-0.000070,-0.595013,0.000455,-0.815391
27.595934,-0.043074,0.021812,2.056346,-1.020925,-1.345158,-0.592060,-0.492814,-0.087879,-0.522893,0.366652,-0.126458,-0.656959,-0.433372,-0.022153,-0.952331,-0.270119,0.065918,-1.837813,0.965470,1.226514,2.571682,-0.100085,0.013455,0.409767,-0.001427,-0.599348,0.000084,-0.817650
27.596923,-0.045208,0.023305,2.054847,-1.023560,-1.344577,-0.591267,-0.493025,-0.076987,-0.522210,0.381962,-0.127953,-0.658074,-0.434159,-0.022384,-0.952428,-0.270106,0.066328,-1.837816,0.964857,1.226516,2.570870,-0.099165,0.013355,0.410054,-0.002237,-0.605020,0.000411,-0.818300
27.597963,-0.045690,0.027585,2.053401,-1.023535,-1.342430,-0.591166,-0.493124,-0.066990,-0.521764,0.395928,-0.128545,-0.659168,-0.434754,-0.022653,-0.952521,-0.270093,0.066742,-1.837813,0.964253,1.226514,2.570043,-0.097929,0.013332,0.411501,-0.000157,-0.605859,-0.000020,-0.819723
27.599030,-0.051075,0.027018,2.051191,-1.023291,-1.343951,-0.591393,-0.494316,-0.060902,-0.518466,0.404976,-0.130212,-0.660510,-0.434949,-0.022938,-0.952618,-0.270084,0.067153,-1.837815,0.963642,1.226516,2.569210,-0.097544,0.011990,0.413239,-0.000673,-0.608593,0.000254,-0.821608
27.600008,-0.048493,0.029987,2.053217,-1.022545,-1.341877,-0.590263,-0.495181,-0.061583,-0.511437,0.405625,-0.133296,-0.662132,-0.434517,-0.023235,-0.952707,-0.270070,0.067573,-1.837817,0.963034,1.226519,2.568394,-0.094787,0.013068,0.415414,-0.001390,-0.607805,0.000852,-0.821488
27.600990,-0.049407,0.028753,2.053380,-1.024377,-1.345715,-0.591803,-0.495176,-0.069393,-0.503611,0.397377,-0.135926,-0.663696,-0.433435,-0.023536,-0.952804,-0.270059,0.067992,-1.837821,0.962429,1.226519,2.567567,-0.095890,0.012298,0.414927,-0.002528,-0.610129,0.000060,-0.821537
27.602181,-0.046914,0.028861,2.056249,-1.025923,-1.345714,-0.590847,-0.496227,-0.080920,-0.497095,0.384454,-0.137417,-0.664910,-0.432077,-0.023857,-0.952898,-0.270042,0.068404,-1.837820,0.961827,1.226520,2.566746,-0.095238,0.013607,0.415527,-0.001199,-0.606515,0.001976,-0.823384
27.603030,-0.045599,0.031572,2.056052,-1.023376,-1.349870,-0.589603,-0.494542,-0.092812,-0.493028,0.370993,-0.138320,-0.665728,-0.430893,-0.024257,-0.952995,-0.270026,0.068823,-1.837818,0.961225,1.226521,2.565912,-0.096527,0.014447,0.416128,-0.000322,-0.608482,0.001438,-0.824337
27.603964,-0.047182,0.033339,2.060307,-1.024999,-1.348126,-0.588312,-0.496976,-0.103232,-0.492462,0.359215,-0.138322,-0.666094,-0.430057,-0.024750,-0.953092,-0.270015,0.069239,-1.837825,0.960627,1.226520,2.565071,-0.096907,0.013761,0.416520,-0.003182,-0.604208,0.000532,-0.829132
27.604929,-0.048244,0.038594,2.062241,-1.025913,-1.349359,-0.588383,-0.497055,-0.110982,-0.494561,0.350643,-0.137145,-0.665974,-0.429527,-0.025266,-0.953186,-0.270002,0.069655,-1.837824,0.960016,1.226516,2.564255,-0.095952,0.013628,0.415183,-0.002059,-0.606411,-0.000368,-0.826149
27.605995,-0.048890,0.035357,2.060452,-1.024792,-1.349513,-0.587392,-0.495445,-0.115769,-0.495117,0.345835,-0.136843,-0.665657,-0.429248,-0.025734,-0.953278,-0.269995,0.070072,-1.837826,0.959413,1.226517,2.563420,-0.095334,0.011830,0.415223,-0.001636,-0.605859,0.000087,-0.828103
27.607100,-0.054288,0.040286,2.057640,-1.026282,-1.351200,-0.586664,-0.498131,-0.119105,-0.493067,0.342903,-0.137868,-0.665325,-0.429060,-0.026160,-0.953371,-0.269978,0.070494,-1.837832,0.958804,1.226514,2.562584,-0.095012,0.014308,0.417715,-0.003208,-0.607070,-0.000476,-0.833991
27.607953,-0.052956,0.043571,2.058714,-1.025533,-1.351195,-0.587124,-0.499583,-0.125385,-0.491320,0.336173,-0.138177,-0.664961,-0.428540,-0.026550,-0.953458,-0.269967,0.070924,-1.837832,0.958193,1.226513,2.561753,-0.092407,0.012738,0.420840,-0.002277,-0.606973,-0.000762,-0.831402
27.608951,-0.051681,0.043561,2.053004,-1.026102,-1.355255,-0.587194,-0.500813,-0.137576,-0.487840,0.322040,-0.138480,-0.664725,-0.427388,-0.026864,-0.953551,-0.269958,0.071351,-1.837837,0.957595,1.226514,2.560919,-0.092893,0.011816,0.420457,-0.003397,-0.606939,0.000036,-0.829943
27.609977,-0.052598,0.041582,2.051620,-1.028363,-1.357902,-0.587523,-0.499237,-0.154498,-0.481042,0.302071,-0.139667,-0.664624,-0.425737,-0.027101,-0.953644,-0.269944,0.071778,-1.837841,0.956995,1.226518,2.560083,-0.093456,0.012635,0.424432,-0.003257,-0.603818,0.000471,-0.829743
27.610987,-0.051259,0.046970,2.052734,-1.028668,-1.357719,-0.586612,-0.499458,-0.175403,-0.474206,0.277017,-0.140769,-0.664551,-0.423806,-0.027339,-0.953736,-0.269928,0.072212,-1.837840,0.956403,1.226519,2.559226,-0.092965,0.014428,0.426289,-0.001559,-0.602421,0.001198,-0.835273
27.611985,-0.050829,0.050962,2.055997,-1.027074,-1.358581,-0.585693,-0.500683,-0.199356,-0.468168,0.247924,-0.142061,-0.664526,-0.421778,-0.027640,-0.953832,-0.269920,0.072638,-1.837843,0.955800,1.226519,2.558392,-0.093549,0.012567,0.426885,-0.001747,-0.603645,0.000675,-0.837110
27.613014,-0.049867,0.052089,2.051969,-1.025301,-1.358306,-0.585715,-0.500588,-0.222982,-0.460189,0.219078,-0.144453,-0.664454,-0.419822,-0.027969,-0.953927,-0.269909,0.073066,-1.837852,0.955196,1.226517,2.557563,-0.093667,0.011414,0.426304,-0.003705,-0.603690,0.000155,-0.836913
27.614037,-0.052020,0.053020,2.057038,-1.026984,-1.364628,-0.585727,-0.501394,-0.244267,-0.450725,0.192942,-0.146466,-0.663999,-0.417926,-0.028286,-0.954022,-0.269895,0.073505,-1.837861,0.954594,1.226519,2.556713,-0.094093,0.011685,0.429486,-0.005816,-0.605140,0.000582,-0.839490
27.615059,-0.045949,0.049884,2.051914,-1.027682,-1.365136,-0.585313,-0.502081,-0.263344,-0.442756,0.169217,-0.146326,-0.662982,-0.416073,-0.028602,-0.954111,-0.269880,0.073930,-1.837862,0.953999,1.226520,2.555882,-0.093001,0.012028,0.428178,-0.004618,-0.599939,0.000990,-0.840266
27.616046,-0.044884,0.054301,2.050943,-1.028082,-1.368192,-0.583901,-0.505331,-0.279662,-0.438729,0.148562,-0.143922,-0.661476,-0.414483,-0.028912,-0.954212,-0.269861,0.074371,-1.837866,0.953402,1.226520,2.555033,-0.095938,0.014370,0.431849,-0.004396,-0.600646,0.000973,-0.841221
27.616947,-0.048164,0.053231,2.050572,-1.029251,-1.367761,-0.584294,-0.504120,-0.293077,-0.439811,0.131157,-0.139412,-0.659550,-0.413275,-0.029180,-0.954310,-0.269852,0.074803,-1.837870,0.952807,1.226515,2.554198,-0.096308,0.012964,0.433271,-0.004441,-0.598509,-0.000033,-0.836858
27.618052,-0.049788,0.053960,2.053265,-1.026769,-1.369542,-0.582819,-0.504421,-0.304954,-0.443716,0.115404,-0.133977,-0.657401,-0.412307,-0.029401,-0.954403,-0.269835,0.075238,-1.837873,0.952200,1.226518,2.553357,-0.094471,0.014192,0.433841,-0.003669,-0.599175,0.000714,-0.841047
27.619080,-0.049665,0.056003,2.052434,-1.030194,-1.372475,-0.582379,-0.503878,-0.316287,-0.450632,0.100080,-0.127167,-0.655054,-0.411426,-0.029657,-0.954495,-0.269821,0.075676,-1.837885,0.951602,1.226514,2.552503,-0.093733,0.014718,0.434106,-0.006505,-0.599122,-0.000320,-0.843197
27.619999,-0.051179,0.060467,2.057128,-1.030189,-1.371042,-0.582528,-0.505391,-0.327381,-0.461252,0.084876,-0.118344,-0.652491,-0.410557,-0.029988,-0.954589,-0.269807,0.076112,-1.837882,0.951006,1.226512,2.551656,-0.093746,0.014514,0.435693,-0.003660,-0.597384,-0.000337,-0.846664
27.621055,-0.052423,0.062159,2.055902,-1.029891,-1.372559,-0.582450,-0.507575,-0.337665,-0.470420,0.070873,-0.110617,-0.650048,-0.409770,-0.030306,-0.954683,-0.269796,0.076542,-1.837888,0.950401,1.226515,2.550813,-0.092825,0.013016,0.433873,-0.004058,-0.599214,0.000160,-0.845366
27.622016,-0.051434,0.060454,2.063398,-1.031083,-1.375231,-0.581118,-0.507596,-0.346489,-0.474321,0.059150,-0.105954,-0.647894,-0.409109,-0.030514,-0.954774,-0.269782,0.076981,-1.837895,0.949805,1.226517,2.549962,-0.092219,0.013034,0.435824,-0.004743,-0.599081,0.000484,-0.843503
27.622919,-0.049611,0.061739,2.064033,-1.031976,-1.375871,-0.581499,-0.506968,-0.352886,-0.475475,0.050888,-0.102937,-0.645856,-0.408660,-0.030629,-0.954868,-0.269764,0.077406,-1.837898,0.949210,1.226516,2.549118,-0.092611,0.014616,0.432907,-0.003992,-0.597144,-0.000476,-0.845507
27.624095,-0.052698,0.060166,2.068574,-1.032389,-1.379285,-0.581634,-0.509387,-0.349391,-0.482428,0.055803,-0.097695,-0.641687,-0.409507,-0.030831,-0.955052,-0.269728,0.078272,-1.837907,0.948015,1.226518,2.547412,-0.091929,0.016336,0.432888,-0.003610,-0.595653,0.000857,-0.846707
27.624981,-0.055095,0.067383,2.065638,-1.032656,-1.376120,-0.580604,-0.510044,-0.349391,-0.482428,0.055803,-0.097695,-0.641687,-0.409507,-0.030831,-0.955052,-0.269728,0.078272,-1.837907,0.948015,1.226518,2.547412,-0.091929,0.016336,0.432888,-0.003610,-0.595653,0.000857,-0.846707
27.625953,-0.053260,0.065183,2.069589,-1.033439,-1.377210,-0.580584,-0.509937,-0.342584,-0.488599,0.065079,-0.095122,-0.639771,-0.410554,-0.030958,-0.955141,-0.269720,0.078713,-1.837912,0.947403,1.226516,2.546569,-0.090597,0.013432,0.434586,-0.003712,-0.598920,0.000177,-0.846996
27.626989,-0.053690,0.067789,2.073426,-1.033036,-1.375248,-0.578874,-0.509077,-0.328655,-0.495657,0.085088,-0.092993,-0.637243,-0.412654,-0.031403,-0.955324,-0.269686,0.079581,-1.837922,0.946194,1.226512,2.544865,-0.091215,0.014780,0.432750,-0.004173,-0.601711,-0.000752,-0.853402
27.628045,-0.052662,0.072592,2.072328,-1.033126,-1.374827,-0.578246,-0.511799,-0.328655,-0.495657,0.085088,-0.092993,-0.637243,-0.412654,-0.031403,-0.955324,-0.269686,0.079581,-1.837922,0.946194,1.226512,2.544865,-0.091215,0.014780,0.432750,-0.004173,-0.601711,-0.000752,-0.853402
27.628970,-0.061198,0.073369,2.071465,-1.034788,-1.371662,-0.578789,-0.512516,-0.319070,-0.498339,0.098639,-0.092108,-0.636526,-0.413787,-0.031775,-0.955415,-0.269675,0.080021,-1.837927,0.945588,1.226511,2.544015,-0.091755,0.013258,0.434613,-0.004549,-0.603425,-0.000948,-0.850400
27.630060,-0.062001,0.073682,2.070706,-1.034517,-1.373596,-0.578283,-0.514120,-0.311079,-0.497458,0.110375,-0.092316,-0.636402,-0.414601,-0.032167,-0.955494,-0.269659,0.080454,-1.837927,0.944967,1.226514,2.543161,-0.087459,0.013586,0.435583,-0.003372,-0.606852,-0.000048,-0.850758
27.631056,-0.062367,0.072370,2.070371,-1.034332,-1.372104,-0.577553,-0.514692,-0.308892,-0.493214,0.115060,-0.093638,-0.637001,-0.414796,-0.032531,-0.955581,-0.269643,0.080899,-1.837933,0.944350,1.226513,2.542318,-0.087207,0.014292,0.437423,-0.004108,-0.606310,-0.000128,-0.850277
27.631983,-0.058151,0.072056,2.068637,-1.035525,-1.371509,-0.576409,-0.511469,-0.313012,-0.490212,0.111956,-0.093860,-0.638025,-0.414392,-0.032918,-0.955667,-0.269626,0.081343,-1.837938,0.943739,1.226514,2.541461,-0.087027,0.015702,0.438447,-0.004698,-0.608672,-0.000475,-0.851295
27.633086,-0.058842,0.077745,2.071785,-1.036548,-1.369887,-0.576939,-0.514957,-0.320597,-0.492665,0.104390,-0.091121,-0.639024,-0.413672,-0.033394,-0.955760,-0.269606,0.081778,-1.837940,0.943128,1.226511,2.540595,-0.089018,0.016509,0.439871,-0.003949,-0.609606,-0.001245,-0.859545
27.634069,-0.060255,0.078337,2.071945,-1.035513,-1.374046,-0.576417,-0.515626,-0.328439,-0.498535,0.096350,-0.086961,-0.639860,-0.412930,-0.033927,-0.955848,-0.269595,0.082219,-1.837942,0.942502,1.226514,2.539748,-0.088760,0.014565,0.439845,-0.003484,-0.612683,-0.000283,-0.855230
27.634999,-0.059430,0.077093,2.074688,-1.037510,-1.372351,-0.577279,-0.512519,-0.335169,-0.503078,0.089705,-0.083843,-0.640596,-0.412254,-0.034438,-0.955933,-0.269578,0.082657,-1.837951,0.941898,1.226515,2.538881,-0.088059,0.015032,0.440629,-0.004849,-0.609277,-0.000431,-0.855979
27.636103,-0.057119,0.079371,2.078879,-1.037015,-1.375202,-0.577518,-0.513147,-0.339973,-0.506744,0.085435,-0.081664,-0.641152,-0.411735,-0.034944,-0.956022,-0.269558,0.083093,-1.837951,0.941276,1.226517,2.538008,-0.088391,0.016323,0.439790,-0.003326,-0.611300,0.000794,-0.863981
27.637073,-0.058926,0.079174,2.079358,-1.037457,-1.373194,-0.575779,-0.513371,-0.340283,-0.511977,0.086583,-0.079719,-0.641373,-0.411675,-0.035486,-0.956113,-0.269541,0.083536,-1.837957,0.940664,1.226519,2.537136,-0.089623,0.016027,0.439262,-0.004319,-0.609999,0.001451,-0.865358
27.637938,-0.058777,0.080851,2.083163,-1.035400,-1.374257,-0.575080,-0.516095,-0.334794,-0.519493,0.094684,-0.077554,-0.641172,-0.412180,-0.036034,-0.956201,-0.269524,0.083975,-1.837960,0.940046,1.226515,2.536272,-0.088659,0.016873,0.439792,-0.004308,-0.612627,0.000096,-0.866885
27.639082,-0.057509,0.085111,2.077576,-1.037311,-1.376040,-0.574955,-0.514635,-0.324271,-0.530199,0.108745,-0.073959,-0.640467,-0.413084,-0.036534,-0.956288,-0.269507,0.084414,-1.837970,0.939427,1.226516,2.535408,-0.088600,0.016646,0.437975,-0.006625,-0.611371,-0.000262,-0.862769
27.640090,-0.062684,0.081769,2.077536,-1.038732,-1.376247,-0.573932,-0.514734,-0.310760,-0.542206,0.126338,-0.069343,-0.639397,-0.414147,-0.036979,-0.956378,-0.269493,0.084867,-1.837971,0.938819,1.226518,2.534523,-0.089358,0.015437,0.442512,-0.005259,-0.611505,0.000061,-0.868651
27.640943,-0.060785,0.083217,2.077376,-1.039246,-1.377147,-0.573296,-0.514865,-0.299024,-0.552413,0.141678,-0.065481,-0.638367,-0.415014,-0.037400,-0.956462,-0.269468,0.085310,-1.837975,0.938203,1.226518,2.533660,-0.086789,0.017823,0.443448,-0.004310,-0.612177,-0.000578,-0.870609
27.642100,-0.055910,0.088112,2.079528,-1.040082,-1.380409,-0.572871,-0.516056,-0.291461,-0.561813,0.151757,-0.062440,-0.637530,-0.415574,-0.037789,-0.956552,-0.269449,0.085756,-1.837980,0.937597,1.226517,2.532784,-0.087595,0.017668,0.443472,-0.004140,-0.611145,-0.000871,-0.871610
27.643079,-0.054038,0.089891,2.082426,-1.041108,-1.382226,-0.572116,-0.514638,-0.285302,-0.569578,0.160100,-0.060935,-0.636901,-0.416088,-0.038110,-0.956647,-0.269436,0.086196,-1.837986,0.936980,1.226517,2.531902,-0.090120,0.016161,0.444324,-0.003794,-0.609783,-0.000834,-0.872176
27.643977,-0.050249,0.088523,2.079370,-1.041196,-1.382266,-0.572112,-0.512665,-0.276934,-0.572039,0.171347,-0.062949,-0.636620,-0.416850,-0.038353,-0.956739,-0.269419,0.086637,-1.837987,0.936364,1.226516,2.531021,-0.090959,0.016022,0.443664,-0.003256,-0.608643,-0.001204,-0.877013
27.645015,-0.053029,0.087376,2.080945,-1.039841,-1.379317,-0.571050,-0.514977,-0.264639,-0.570381,0.187520,-0.067886,-0.636635,-0.418003,-0.038540,-0.956836,-0.269400,0.087088,-1.837993,0.935749,1.226517,2.530121,-0.092649,0.017355,0.445382,-0.003534,-0.608725,-0.000858,-0.882392
27.646008,-0.054361,0.089926,2.082805,-1.041936,-1.381405,-0.571562,-0.515706,-0.249296,-0.570946,0.207174,-0.071895,-0.636613,-0.419433,-0.038680,-0.956925,-0.269377,0.087531,-1.838002,0.935131,1.226516,2.529250,-0.091246,0.018661,0.445730,-0.005236,-0.612770,-0.001513,-0.880018
27.646944,-0.054155,0.089935,2.078402,-1.041503,-1.379236,-0.571538,-0.513701,-0.232970,-0.576693,0.227608,-0.072843,-0.636447,-0.420916,-0.038758,-0.957013,-0.269360,0.087977,-1.838003,0.934515,1.226515,2.528365,-0.090574,0.018120,0.445619,-0.003633,-0.611402,-0.000591,-0.880613
27.648003,-0.057720,0.091677,2.082534,-1.043053,-1.378162,-0.570742,-0.513242,-0.217792,-0.585012,0.246356,-0.072097,-0.636430,-0.422287,-0.038820,-0.957105,-0.269341,0.088426,-1.838008,0.933900,1.226515,2.527456,-0.090565,0.018800,0.448283,-0.004470,-0.613984,-0.000253,-0.886277
27.648941,-0.060072,0.092846,2.083348,-1.044668,-1.374228,-0.570704,-0.512903,-0.205578,-0.593998,0.261323,-0.070616,-0.636743,-0.423388,-0.038977,-0.957192,-0.269323,0.088874,-1.838010,0.933276,1.226514,2.526566,-0.088832,0.018721,0.447390,-0.003441,-0.616213,-0.000636,-0.889546
27.650020,-0.063622,0.093539,2.084977,-1.044258,-1.377681,-0.569962,-0.514375,-0.196540,-0.602038,0.272462,-0.069367,-0.637435,-0.424196,-0.039249,-0.957279,-0.269304,0.089328,-1.838009,0.932648,1.226516,2.525665,-0.087603,0.018814,0.447378,-0.002358,-0.620424,-0.000308,-0.891862
27.651185,-0.059147,0.098631,2.088499,-1.043596,-1.379279,-0.569031,-0.515015,-0.190701,-0.608121,0.279986,-0.069072,-0.638504,-0.424736,-0.039555,-0.957363,-0.269285,0.089772,-1.838016,0.932026,1.226515,2.524784,-0.085946,0.019282,0.447960,-0.003209,-0.618220,-0.000629,-0.891407
27.652040,-0.056252,0.099000,2.081470,-1.046536,-1.377601,-0.568882,-0.514906,-0.187556,-0.612357,0.284651,-0.069338,-0.639802,-0.425031,-0.039835,-0.957458,-0.269271,0.090225,-1.838023,0.931400,1.226512,2.523888,-0.088307,0.017673,0.448004,-0.004334,-0.618512,-0.001085,-0.893091
27.652998,-0.055733,0.101649,2.088976,-1.046552,-1.375243,-0.569407,-0.516204,-0.185738,-0.613071,0.288251,-0.070983,-0.641283,-0.425204,-0.040078,-0.957549,-0.269252,0.090688,-1.838021,0.930781,1.226512,2.522979,-0.089546,0.018101,0.451316,-0.001877,-0.619980,-0.000891,-0.894460
27.654084,-0.052568,0.099001,2.084047,-1.046144,-1.380727,-0.568782,-0.516528,-0.183765,-0.609108,0.292627,-0.075166,-0.642955,-0.425448,-0.040264,-0.957639,-0.269237,0.091127,-1.838024,0.930151,1.226515,2.522080,-0.089718,0.017504,0.448180,-0.002331,-0.622731,-0.000003,-0.893608
27.655023,-0.053950,0.102533,2.086742,-1.047837,-1.379638,-0.568441,-0.516435,-0.180046,-0.603823,0.299507,-0.080364,-0.644585,-0.425929,-0.040346,-0.957730,-0.269211,0.091586,-1.838029,0.929543,1.226514,2.521190,-0.091364,0.019599,0.451966,-0.003207,-0.618680,-0.000208,-0.895511
27.655966,-0.049467,0.103115,2.087045,-1.047244,-1.376852,-0.568492,-0.516956,-0.175341,-0.600544,0.307685,-0.084750,-0.646068,-0.426580,-0.040328,-0.957819,-0.269197,0.092031,-1.838026,0.928919,1.226514,2.520284,-0.090563,0.018529,0.451075,-0.002071,-0.620133,-0.000174,-0.897328
27.657077,-0.051197,0.102593,2.086083,-1.048315,-1.375018,-0.567578,-0.514981,-0.169846,-0.598453,0.316878,-0.088642,-0.647498,-0.427365,-0.040269,-0.957917,-0.269178,0.092483,-1.838030,0.928288,1.226517,2.519388,-0.092652,0.018933,0.451373,-0.003093,-0.623193,0.000233,-0.897971
27.658053,-0.051798,0.105796,2.082624,-1.050362,-1.373403,-0.566841,-0.515348,-0.162987,-0.598258,0.327686,-0.091358,-0.648815,-0.428290,-0.040218,-0.958005,-0.269157,0.092943,-1.838031,0.927656,1.226514,2.518454,-0.091866,0.020017,0.453257,-0.002590,-0.626460,-0.000236,-0.904462
27.658959,-0.053979,0.107222,2.083028,-1.048997,-1.369991,-0.566912,-0.516407,-0.157643,-0.599747,0.336453,-0.092861,-0.650195,-0.429085,-0.040162,-0.958096,-0.269139,0.093401,-1.838030,0.927021,1.226511,2.517566,-0.091505,0.019130,0.455575,-0.001100,-0.628529,-0.000575,-0.905587
27.660085,-0.056974,0.108518,2.086840,-1.049624,-1.366275,-0.566346,-0.517733,-0.156588,-0.599955,0.339817,-0.094456,-0.651914,-0.429463,-0.040057,-0.958181,-0.269122,0.093858,-1.838036,0.926390,1.226513,2.516665,-0.090332,0.019095,0.455498,-0.002842,-0.631962,-0.000153,-0.904926
27.661066,-0.053404,0.112252,2.081960,-1.051170,-1.366125,-0.567414,-0.516682,-0.159281,-0.599270,0.338441,-0.095390,-0.653798,-0.429389,-0.039904,-0.958269,-0.269104,0.094312,-1.838038,0.925745,1.226513,2.515751,-0.088968,0.019312,0.455144,-0.002747,-0.637100,-0.000277,-0.904925
27.662002,-0.051906,0.113471,2.078512,-1.052774,-1.364974,-0.567988,-0.517198,-0.164617,-0.597510,0.333769,-0.095766,-0.655721,-0.428975,-0.039752,-0.958364,-0.269088,0.094776,-1.838039,0.925100,1.226516,2.514826,-0.090664,0.018190,0.458149,-0.001711,-0.637598,0.001172,-0.908862
27.663091,-0.047527,0.114437,2.081678,-1.052715,-1.366345,-0.565720,-0.517154,-0.172619,-0.591602,0.325935,-0.097862,-0.657870,-0.428347,-0.039626,-0.958457,-0.269070,0.095245,-1.838038,0.924464,1.226518,2.513926,-0.091275,0.018270,0.460064,-0.000646,-0.638926,0.002093,-0.909441
27.664061,-0.045168,0.118079,2.074640,-1.054160,-1.364479,-0.564870,-0.519845,-0.181694,-0.581743,0.316905,-0.102137,-0.660168,-0.427709,-0.039521,-0.958555,-0.269049,0.095700,-1.838040,0.923820,1.226513,2.513003,-0.093447,0.018591,0.459772,-0.001253,-0.638699,0.000256,-0.911953
27.664953,-0.046866,0.121711,2.072167,-1.053922,-1.366148,-0.564392,-0.516792,-0.190001,-0.569521,0.308859,-0.107800,-0.662352,-0.427164,-0.039431,-0.958651,-0.269033,0.096171,-1.838037,0.923174,1.226512,2.512105,-0.094474,0.017500,0.463706,-0.000396,-0.640890,-0.000194,-0.908346
27.666037,-0.045773,0.120322,2.072328,-1.055361,-1.367694,-0.564167,-0.518493,-0.199417,-0.553110,0.299460,-0.115421,-0.664485,-0.426471,-0.039340,-0.958744,-0.269021,0.096635,-1.838041,0.922542,1.226512,2.511173,-0.093434,0.016390,0.464902,-0.001048,-0.639087,-0.000316,-0.915829
27.667049,-0.045632,0.121515,2.074018,-1.055429,-1.366208,-0.563529,-0.521335,-0.211502,-0.532590,0.286714,-0.124910,-0.666654,-0.425487,-0.039226,-0.958838,-0.269001,0.097106,-1.838039,0.921905,1.226512,2.510267,-0.094003,0.017915,0.465908,-0.000211,-0.638746,-0.000112,-0.914792
27.668042,-0.049233,0.124870,2.071061,-1.055344,-1.363487,-0.563338,-0.521288,-0.224333,-0.512400,0.272804,-0.134379,-0.668656,-0.424438,-0.039075,-0.958932,-0.268984,0.097579,-1.838041,0.921268,1.226513,2.509359,-0.094007,0.018079,0.465676,-0.000657,-0.640948,-0.000366,-0.911117
27.668991,-0.049070,0.126380,2.068231,-1.055250,-1.365687,-0.562191,-0.520211,-0.237117,-0.494657,0.258605,-0.142501,-0.670305,-0.423380,-0.038911,-0.959020,-0.268971,0.098048,-1.838046,0.920619,1.226514,2.508446,-0.092173,0.017199,0.467726,-0.001179,-0.644121,-0.000168,-0.913181
27.670007,-0.045480,0.127528,2.063085,-1.054910,-1.367722,-0.561330,-0.518976,-0.251965,-0.478034,0.241581,-0.149250,-0.671607,-0.422078,-0.038808,-0.959113,-0.268954,0.098524,-1.838048,0.919971,1.226516,2.507519,-0.092145,0.017155,0.469320,-0.001727,-0.642002,-0.000962,-0.916956
27.671207,-0.045619,0.130412,2.069920,-1.056218,-1.375379,-0.562694,-0.519729,-0.270065,-0.462439,0.220350,-0.154445,-0.672526,-0.420438,-0.038816,-0.959211,-0.268936,0.099007,-1.838052,0.919342,1.226514,2.506586,-0.093850,0.017344,0.472430,-0.002523,-0.640780,-0.001408,-0.921390
27.672063,-0.043322,0.130879,2.063022,-1.056083,-1.375460,-0.561805,-0.521109,-0.289541,-0.448069,0.197322,-0.158496,-0.672993,-0.418699,-0.038926,-0.959306,-0.268919,0.099468,-1.838052,0.918715,1.226516,2.505664,-0.093884,0.016852,0.470900,-0.001849,-0.635175,0.000434,-0.922887
27.673046,-0.038242,0.131538,2.065058,-1.055002,-1.382889,-0.562307,-0.520165,-0.308002,-0.434161,0.175538,-0.162530,-0.673041,-0.417149,-0.039094,-0.959403,-0.268902,0.099950,-1.838055,0.918084,1.226514,2.504741,-0.094780,0.017251,0.473936,-0.002394,-0.634813,-0.000130,-0.921194
27.674136,-0.038864,0.133002,2.067120,-1.056260,-1.383944,-0.563754,-0.521549,-0.323856,-0.422232,0.156857,-0.165915,-0.672603,-0.415930,-0.039269,-0.959505,-0.268884,0.100420,-1.838063,0.917463,1.226515,2.503802,-0.097144,0.017648,0.473359,-0.003825,-0.627969,0.000768,-0.924888
27.675016,-0.039581,0.134958,2.057499,-1.056003,-1.386179,-0.561087,-0.520143,-0.334828,-0.414138,0.143946,-0.167779,-0.671611,-0.415233,-0.039440,-0.959602,-0.268866,0.100898,-1.838064,0.916832,1.226518,2.502886,-0.096783,0.017741,0.473379,-0.003118,-0.628277,0.002634,-0.924520
27.676039,-0.042336,0.134721,2.057703,-1.057443,-1.383266,-0.559805,-0.521498,-0.342480,-0.408423,0.134848,-0.168719,-0.670301,-0.414900,-0.039627,-0.959695,-0.268847,0.101388,-1.838070,0.916216,1.226513,2.501946,-0.096223,0.017386,0.477825,-0.003721,-0.625992,0.000298,-0.928544
27.676977,-0.042878,0.136551,2.058859,-1.055341,-1.386679,-0.559549,-0.520342,-0.351997,-0.403290,0.123128,-0.168989,-0.668947,-0.414388,-0.039835,-0.959788,-0.268826,0.101863,-1.838071,0.915576,1.226512,2.501030,-0.094803,0.018251,0.478349,-0.002795,-0.629705,-0.000557,-0.927849
27.677961,-0.041518,0.137555,2.058920,-1.056871,-1.389382,-0.559190,-0.519166,-0.364176,-0.399611,0.107761,-0.167686,-0.667490,-0.413543,-0.040038,-0.959880,-0.268809,0.102345,-1.838082,0.914957,1.226514,2.500088,-0.094417,0.018025,0.477817,-0.005187,-0.626581,-0.000452,-0.931694
27.679063,-0.039847,0.136089,2.057224,-1.055605,-1.389377,-0.558075,-0.520218,-0.376070,-0.398264,0.092463,-0.164383,-0.665768,-0.412603,-0.040216,-0.959976,-0.268793,0.102818,-1.838085,0.914336,1.226512,2.499138,-0.094986,0.018279,0.478240,-0.004068,-0.624539,-0.000412,-0.935757
27.680089,-0.042395,0.139860,2.057146,-1.059055,-1.389251,-0.557333,-0.519977,-0.385803,-0.400415,0.079560,-0.158744,-0.663653,-0.411764,-0.040366,-0.960075,-0.268772,0.103304,-1.838093,0.913703,1.226511,2.498208,-0.095799,0.019829,0.480117,-0.005775,-0.625935,-0.001091,-0.936067
27.680973,-0.041468,0.141739,2.053092,-1.056581,-1.390360,-0.557903,-0.518829,-0.393754,-0.405904,0.068576,-0.151087,-0.661146,-0.411020,-0.040491,-0.960166,-0.268755,0.103793,-1.838091,0.913076,1.226510,2.497259,-0.094481,0.018711,0.480665,-0.002888,-0.626953,-0.001426,-0.938519
27.682034,-0.040201,0.144233,2.048859,-1.057764,-1.395557,-0.558093,-0.519487,-0.401387,-0.410790,0.057908,-0.143509,-0.658491,-0.410241,-0.040595,-0.960261,-0.268737,0.104274,-1.838102,0.912444,1.226513,2.496318,-0.094747,0.018405,0.482433,-0.005616,-0.625668,-0.000510,-0.942010
27.683035,-0.042666,0.145958,2.049060,-1.056263,-1.393363,-0.559666,-0.518840,-0.410128,-0.412899,0.045904,-0.136870,-0.655840,-0.409295,-0.040689,-0.960359,-0.268719,0.104763,-1.838107,0.911823,1.226514,2.495368,-0.095325,0.017970,0.485284,-0.004856,-0.621630,0.000087,-0.942809
27.683939,-0.039276,0.143740,2.055376,-1.057244,-1.393935,-0.559001,-0.517895,-0.420738,-0.412647,0.031583,-0.130751,-0.653219,-0.408131,-0.040808,-0.960452,-0.268704,0.105255,-1.838116,0.911194,1.226516,2.494412,-0.094010,0.017891,0.485478,-0.006715,-0.624579,0.002050,-0.945905
27.685109,-0.042770,0.147361,2.048496,-1.055489,-1.397458,-0.556574,-0.517773,-0.429857,-0.413121,0.018993,-0.123875,-0.650407,-0.407074,-0.041012,-0.960551,-0.268680,0.105730,-1.838121,0.910565,1.226516,2.493461,-0.095490,0.019603,0.482212,-0.006083,-0.623998,0.001721,-0.949060
27.685999,-0.042715,0.147444,2.044248,-1.056914,-1.394468,-0.556237,-0.517096,-0.434902,-0.417420,0.011236,-0.114869,-0.647231,-0.406331,-0.041330,-0.960641,-0.268663,0.106228,-1.838133,0.909948,1.226512,2.492498,-0.093862,0.018690,0.487036,-0.008207,-0.622460,-0.000239,-0.952002
27.686999,-0.041621,0.150978,2.048598,-1.057191,-1.390359,-0.554981,-0.519152,-0.440289,-0.424165,0.002883,-0.103967,-0.643994,-0.405455,-0.041694,-0.960735,-0.268642,0.106714,-1.838137,0.909315,1.226512,2.491548,-0.093710,0.019272,0.488836,-0.007149,-0.625363,-0.000211,-0.954535
27.687931,-0.045275,0.152478,2.044537,-1.058676,-1.391052,-0.555113,-0.518770,-0.447461,-0.430722,-0.007712,-0.092552,-0.640960,-0.404305,-0.042003,-0.960830,-0.268626,0.107199,-1.838148,0.908671,1.226511,2.490579,-0.094175,0.018251,0.487018,-0.007162,-0.630026,-0.001072,-0.952093
27.689035,-0.040965,0.154168,2.045691,-1.060015,-1.392755,-0.553873,-0.519536,-0.454000,-0.434569,-0.017266,-0.082589,-0.638267,-0.403131,-0.042205,-0.960917,-0.268607,0.107694,-1.838151,0.908044,1.226514,2.489627,-0.092261,0.018182,0.488948,-0.006094,-0.629521,-0.000580,-0.954319
27.690008,-0.039200,0.153272,2.048517,-1.059891,-1.391127,-0.554879,-0.519416,-0.459936,-0.433977,-0.025530,-0.075684,-0.636163,-0.402022,-0.042309,-0.961016,-0.268590,0.108181,-1.838156,0.907410,1.226512,2.488663,-0.094431,0.018196,0.489380,-0.005245,-0.629179,-0.001390,-0.955101
27.691117,-0.035885,0.158740,2.048532,-1.059217,-1.389969,-0.554035,-0.520906,-0.463098,-0.431158,-0.029820,-0.071465,-0.634607,-0.401259,-0.042357,-0.961111,-0.268569,0.108666,-1.838162,0.906771,1.226515,2.487712,-0.095173,0.019338,0.488179,-0.005752,-0.631225,0.000004,-0.956993
27.691932,-0.036493,0.157962,2.037774,-1.059140,-1.386492,-0.554564,-0.521515,-0.460386,-0.428986,-0.026433,-0.068425,-0.633330,-0.401089,-0.042372,-0.961211,-0.268555,0.109153,-1.838172,0.906139,1.226513,2.486757,-0.096809,0.017477,0.489253,-0.006795,-0.633808,-0.000414,-0.956378
27.693033,-0.033109,0.158598,2.043038,-1.059412,-1.385641,-0.554343,-0.520757,-0.454241,-0.427352,-0.018475,-0.065788,-0.632338,-0.401219,-0.042360,-0.961307,-0.268534,0.109654,-1.838179,0.905491,1.226514,2.485811,-0.096182,0.018428,0.493724,-0.007142,-0.636485,0.000443,-0.955939
27.693981,-0.034170,0.162240,2.043246,-1.058822,-1.383812,-0.554171,-0.521521,-0.447869,-0.427483,-0.010106,-0.062586,-0.631680,-0.401365,-0.042353,-0.961407,-0.268515,0.110146,-1.838187,0.904854,1.226515,2.484842,-0.097854,0.018941,0.491971,-0.007279,-0.638649,0.000643,-0.959788
27.694937,-0.038607,0.161992,2.037029,-1.058132,-1.379239,-0.553780,-0.522547,-0.439634,-0.430432,0.000603,-0.058552,-0.631229,-0.401675,-0.042360,-0.961502,-0.268498,0.110636,-1.838196,0.904211,1.226517,2.483888,-0.097152,0.017817,0.491911,-0.008162,-0.640665,0.000828,-0.959717
27.695989,-0.043529,0.163296,2.042057,-1.059773,-1.382966,-0.553046,-0.522835,-0.430577,-0.435173,0.012388,-0.053834,-0.630906,-0.402002,-0.042363,-0.961593,-0.268478,0.111137,-1.838205,0.903557,1.226516,2.482928,-0.094837,0.018632,0.494982,-0.009158,-0.645390,0.000819,-0.959172
27.696937,-0.033690,0.164371,2.034856,-1.060251,-1.380642,-0.553216,-0.523507,-0.424899,-0.441155,0.020115,-0.048469,-0.630768,-0.401981,-0.042366,-0.961681,-0.268459,0.111623,-1.838210,0.902924,1.226515,2.481959,-0.092415,0.018758,0.493132,-0.007943,-0.642606,0.000500,-0.960637
27.698047,-0.033792,0.165722,2.039138,-1.060687,-1.385752,-0.550942,-0.523432,-0.422202,-0.447397,0.024519,-0.043765,-0.630845,-0.401758,-0.042389,-0.961788,-0.268442,0.112129,-1.838218,0.902275,1.226520,2.481003,-0.097124,0.018929,0.496610,-0.007804,-0.645097,0.001022,-0.960761
27.698995,-0.029444,0.162438,2.036816,-1.063316,-1.382783,-0.550959,-0.524837,-0.419101,-0.453396,0.029928,-0.040640,-0.630991,-0.401702,-0.042440,-0.961884,-0.268421,0.112624,-1.838226,0.901648,1.226512,2.480034,-0.097028,0.019077,0.495381,-0.007777,-0.641400,-0.000793,-0.963271
27.700040,-0.025726,0.168363,2.041771,-1.061244,-1.388887,-0.550444,-0.524521,-0.412904,-0.460619,0.039546,-0.038850,-0.631020,-0.402086,-0.042486,-0.961988,-0.268395,0.113121,-1.838227,0.900996,1.226516,2.479063,-0.098979,0.021340,0.496504,-0.005625,-0.644530,-0.000405,-0.961849
27.701098,-0.028086,0.169022,2.036014,-1.060966,-1.388493,-0.549477,-0.526181,-0.401177,-0.469888,0.056237,-0.038214,-0.630816,-0.403130,-0.042493,-0.962093,-0.268379,0.113615,-1.838238,0.900363,1.226515,2.478100,-0.100664,0.019151,0.494568,-0.008047,-0.639299,-0.000507,-0.964522
27.702029,-0.030428,0.170130,2.040201,-1.063049,-1.389180,-0.549619,-0.526567,-0.384544,-0.479476,0.079179,-0.038533,-0.630398,-0.404653,-0.042440,-0.962190,-0.268357,0.114119,-1.838247,0.899724,1.226512,2.477136,-0.099403,0.019602,0.498023,-0.008667,-0.640751,-0.001050,-0.963229
27.703024,-0.029964,0.170017,2.034518,-1.061969,-1.390659,-0.550095,-0.528142,-0.366984,-0.487706,0.103372,-0.039722,-0.629984,-0.406223,-0.042334,-0.962287,-0.268337,0.114606,-1.838250,0.899082,1.226513,2.476175,-0.098077,0.019727,0.496002,-0.007005,-0.640319,-0.000527,-0.963987
27.703936,-0.031405,0.171086,2.039767,-1.065309,-1.393368,-0.548760,-0.527060,-0.350985,-0.494927,0.125617,-0.041531,-0.629718,-0.407656,-0.042222,-0.962384,-0.268316,0.115116,-1.838261,0.898447,1.226516,2.475210,-0.098284,0.020569,0.499469,-0.008439,-0.639982,0.000358,-0.962927
27.705081,-0.034895,0.171582,2.043003,-1.065793,-1.395047,-0.547710,-0.528478,-0.336989,-0.501682,0.145306,-0.043800,-0.629654,-0.408965,-0.042158,-0.962481,-0.268294,0.115604,-1.838260,0.897793,1.226514,2.474230,-0.097422,0.020720,0.497068,-0.005618,-0.637584,-0.000600,-0.966695
27.706067,-0.030746,0.176920,2.039170,-1.066585,-1.396842,-0.546892,-0.527063,-0.324143,-0.507028,0.163581,-0.047450,-0.629905,-0.410272,-0.042176,-0.962576,-0.268271,0.116099,-1.838268,0.897156,1.226513,2.473269,-0.095833,0.021389,0.497227,-0.005632,-0.638195,-0.001158,-0.966846
27.706935,-0.023770,0.178378,2.048718,-1.067630,-1.398013,-0.546216,-0.528786,-0.312472,-0.509017,0.180563,-0.053237,-0.630501,-0.411540,-0.042274,-0.962676,-0.268255,0.116608,-1.838274,0.896527,1.226512,2.472288,-0.097863,0.019528,0.499699,-0.005275,-0.637522,-0.001548,-0.971717
27.707957,-0.027351,0.178922,2.047464,-1.067650,-1.400594,-0.546484,-0.531372,-0.299214,-0.505732,0.199826,-0.061800,-0.631288,-0.412943,-0.042400,-0.962782,-0.268234,0.117090,-1.838278,0.895887,1.226509,2.471311,-0.101070,0.019476,0.494904,-0.004641,-0.636484,-0.001842,-0.969499
27.708941,-0.026583,0.178577,2.048718,-1.068759,-1.403622,-0.547721,-0.531644,-0.279734,-0.498547,0.227049,-0.072638,-0.632015,-0.414863,-0.042495,-0.962878,-0.268212,0.117592,-1.838286,0.895258,1.226510,2.470355,-0.099238,0.020006,0.496438,-0.005048,-0.635312,-0.001137,-0.966627
27.710063,-0.025932,0.179094,2.050106,-1.069641,-1.402976,-0.546496,-0.531463,-0.255943,-0.491206,0.259595,-0.083647,-0.632638,-0.417156,-0.042552,-0.962980,-0.268190,0.118086,-1.838289,0.894625,1.226512,2.469378,-0.099537,0.020945,0.496490,-0.004437,-0.633369,0.000516,-0.968127
27.711054,-0.026556,0.182751,2.054055,-1.070679,-1.400696,-0.546158,-0.531867,-0.231286,-0.486325,0.292966,-0.093281,-0.633240,-0.419559,-0.042613,-0.963082,-0.268167,0.118588,-1.838293,0.893979,1.226511,2.468410,-0.099911,0.021567,0.497324,-0.004128,-0.636051,-0.000256,-0.971368
27.711967,-0.027010,0.184249,2.048295,-1.069863,-1.401457,-0.545924,-0.532850,-0.206386,-0.483732,0.326317,-0.101408,-0.633890,-0.421975,-0.042722,-0.963181,-0.268148,0.119082,-1.838293,0.893335,1.226510,2.467437,-0.099528,0.020533,0.496065,-0.003658,-0.639366,-0.000162,-0.972592
27.713055,-0.028479,0.186773,2.048823,-1.070356,-1.398615,-0.545755,-0.535552,-0.182844,-0.481263,0.357721,-0.108535,-0.634746,-0.424175,-0.042893,-0.963281,-0.268128,0.119585,-1.838301,0.892691,1.226510,2.466471,-0.099146,0.020500,0.499090,-0.004842,-0.639004,-0.000009,-0.972222
27.714045,-0.027937,0.188257,2.050607,-1.071604,-1.395428,-0.544991,-0.534810,-0.163995,-0.478138,0.383089,-0.114344,-0.635907,-0.425816,-0.043124,-0.963380,-0.268107,0.120090,-1.838306,0.892035,1.226513,2.465504,-0.098454,0.020121,0.500062,-0.004864,-0.643538,0.000263,-0.969453
27.714963,-0.030465,0.187302,2.048609,-1.073436,-1.395398,-0.544629,-0.536320,-0.150696,-0.474358,0.401382,-0.118727,-0.637311,-0.426822,-0.043408,-0.963478,-0.268087,0.120593,-1.838308,0.891389,1.226511,2.464515,-0.098676,0.020171,0.499779,-0.004133,-0.647712,-0.000076,-0.972983
27.716054,-0.031565,0.189177,2.049218,-1.073860,-1.398969,-0.544575,-0.534615,-0.141647,-0.470277,0.414245,-0.122280,-0.638870,-0.427380,-0.043738,-0.963574,-0.268063,0.121088,-1.838307,0.890737,1.226511,2.463537,-0.097288,0.021330,0.501022,-0.002862,-0.648100,-0.000042,-0.971511
27.716977,-0.027745,0.190443,2.052471,-1.074753,-1.394814,-0.544329,-0.535613,-0.137187,-0.466636,0.421338,-0.125481,-0.640608,-0.427571,-0.044119,-0.963669,-0.268043,0.121594,-1.838310,0.890103,1.226514,2.462561,-0.096842,0.021268,0.501980,-0.003006,-0.646396,0.000345,-0.977637
27.717941,-0.030564,0.191500,2.052494,-1.076295,-1.392483,-0.544093,-0.536284,-0.135734,-0.463677,0.424722,-0.128653,-0.642460,-0.427576,-0.044556,-0.963771,-0.268021,0.122089,-1.838312,0.889442,1.226511,2.461593,-0.098606,0.021335,0.500599,-0.002604,-0.650953,0.000505,-0.977243
27.718951,-0.026875,0.192982,2.047378,-1.075950,-1.391706,-0.543338,-0.534897,-0.133846,-0.461391,0.428644,-0.132086,-0.644275,-0.427685,-0.045023,-0.963864,-0.267999,0.122592,-1.838312,0.888779,1.226511,2.460612,-0.097136,0.021546,0.501064,-0.001622,-0.653910,0.000681,-0.977772
27.720081,-0.031508,0.196833,2.047991,-1.076010,-1.392820,-0.543195,-0.534240,-0.131822,-0.459771,0.432609,-0.135667,-0.646070,-0.427845,-0.045473,-0.963965,-0.267978,0.123108,-1.838316,0.888124,1.226514,2.459611,-0.098949,0.021607,0.504240,-0.002495,-0.655721,0.000329,-0.982640
27.720986,-0.035948,0.196802,2.046802,-1.076875,-1.388384,-0.542736,-0.534742,-0.132660,-0.458201,0.432799,-0.139006,-0.648000,-0.427722,-0.045876,-0.964056,-0.267961,0.123614,-1.838319,0.887466,1.226515,2.458624,-0.096784,0.020651,0.505439,-0.003016,-0.656538,0.000661,-0.986787
27.722032,-0.041535,0.197959,2.044885,-1.077377,-1.385730,-0.541430,-0.537185,-0.138747,-0.455596,0.426229,-0.142126,-0.650232,-0.427056,-0.046184,-0.964145,-0.267938,0.124122,-1.838320,0.886797,1.226513,2.457637,-0.094518,0.021344,0.506024,-0.002648,-0.661136,0.000592,-0.987224
27.722974,-0.035474,0.198163,2.041722,-1.077454,-1.387218,-0.541261,-0.538570,-0.151654,-0.452332,0.410934,-0.144715,-0.652790,-0.425713,-0.046347,-0.964232,-0.267916,0.124633,-1.838325,0.886119,1.226512,2.456642,-0.091864,0.021585,0.507894,-0.002664,-0.664882,-0.000270,-0.984600
27.723937,-0.035556,0.201323,2.039042,-1.078746,-1.386140,-0.540542,-0.537324,-0.170778,-0.450072,0.387645,-0.146051,-0.655488,-0.423777,-0.046381,-0.964333,-0.267892,0.125149,-1.838328,0.885449,1.226511,2.455647,-0.094806,0.022175,0.509615,-0.003076,-0.663744,-0.000028,-0.983519
27.724941,-0.034503,0.202658,2.042051,-1.079424,-1.386218,-0.539929,-0.538253,-0.192943,-0.448890,0.360343,-0.146577,-0.658115,-0.421579,-0.046333,-0.964425,-0.267871,0.125667,-1.838330,0.884781,1.226512,2.454658,-0.094729,0.021341,0.511218,-0.002280,-0.665426,-0.000350,-0.987888
27.725943,-0.038955,0.207201,2.038390,-1.080117,-1.388401,-0.538206,-0.535374,-0.214828,-0.446882,0.333227,-0.147795,-0.660542,-0.419436,-0.046237,-0.964521,-0.267850,0.126175,-1.838331,0.884111,1.226513,2.453664,-0.095244,0.021469,0.510339,-0.002180,-0.666210,-0.000547,-0.988039
27.727046,-0.038621,0.206546,2.039321,-1.080964,-1.389812,-0.538447,-0.535808,-0.235536,-0.441669,0.307533,-0.151022,-0.662753,-0.417408,-0.046115,-0.964610,-0.267831,0.126696,-1.838333,0.883440,1.226513,2.452664,-0.093061,0.020004,0.512686,-0.002018,-0.664841,-0.001853,-0.995885
27.727933,-0.040667,0.208225,2.039493,-1.079920,-1.388740,-0.538570,-0.536843,-0.256555,-0.432276,0.281445,-0.156600,-0.664851,-0.415350,-0.045983,-0.964702,-0.267807,0.127204,-1.838334,0.882777,1.226513,2.451657,-0.093405,0.021218,0.513531,-0.001800,-0.665132,-0.001128,-0.997549
27.728954,-0.042615,0.210669,2.039958,-1.079157,-1.385722,-0.538790,-0.535954,-0.277357,-0.421711,0.255322,-0.162866,-0.666711,-0.413301,-0.045866,-0.964792,-0.267787,0.127720,-1.838340,0.882109,1.226513,2.450669,-0.092294,0.021046,0.513206,-0.003240,-0.666203,-0.000632,-0.996820
27.729981,-0.051921,0.208164,2.040097,-1.079187,-1.386488,-0.538513,-0.534664,-0.295938,-0.413225,0.231332,-0.167602,-0.668038,-0.411374,-0.045820,-0.964879,-0.267766,0.128242,-1.838348,0.881443,1.226517,2.449653,-0.091432,0.020624,0.513582,-0.004413,-0.670292,-0.000002,-1.000704
27.731048,-0.056054,0.209829,2.038448,-1.081767,-1.385467,-0.537249,-0.533714,-0.313207,-0.408801,0.208232,-0.169129,-0.668729,-0.409454,-0.045918,-0.964957,-0.267738,0.128755,-1.838352,0.880766,1.226518,2.448648,-0.086972,0.022641,0.514272,-0.004870,-0.670460,0.000144,-1.005440
27.732097,-0.052290,0.212223,2.044347,-1.079923,-1.390245,-0.536582,-0.536063,-0.332496,-0.409229,0.181982,-0.167191,-0.668953,-0.407333,-0.046156,-0.965041,-0.267716,0.129275,-1.838351,0.880089,1.226514,2.447628,-0.085136,0.022632,0.516036,-0.002930,-0.672759,-0.000657,-1.009651
27.733133,-0.053919,0.214366,2.052556,-1.080022,-1.391474,-0.535967,-0.535984,-0.353211,-0.412594,0.153625,-0.163355,-0.668795,-0.405135,-0.046438,-0.965130,-0.267696,0.129788,-1.838361,0.879428,1.226514,2.446614,-0.087177,0.022289,0.513946,-0.005183,-0.669226,-0.000875,-1.007129
27.733983,-0.053151,0.213482,2.042484,-1.081528,-1.395852,-0.536315,-0.537647,-0.368773,-0.418000,0.131565,-0.158444,-0.667944,-0.403392,-0.046661,-0.965215,-0.267676,0.130290,-1.838368,0.878753,1.226514,2.445609,-0.086490,0.022052,0.510776,-0.005507,-0.669083,-0.001051,-1.009528
27.734908,-0.056900,0.215305,2.039539,-1.080854,-1.398150,-0.536419,-0.538161,-0.376870,-0.425127,0.118839,-0.152978,-0.666340,-0.402325,-0.046771,-0.965302,-0.267650,0.130815,-1.838370,0.878100,1.226514,2.444600,-0.086808,0.023077,0.515302,-0.004451,-0.664535,-0.000336,-1.007220
27.735933,-0.061765,0.216082,2.046184,-1.081598,-1.398756,-0.536194,-0.537326,-0.383013,-0.432709,0.108722,-0.147662,-0.664370,-0.401556,-0.046746,-0.965384,-0.267628,0.131330,-1.838378,0.877437,1.226514,2.443582,-0.084972,0.022861,0.516788,-0.005497,-0.662600,0.000156,-1.007699
27.737016,-0.064883,0.219964,2.045413,-1.082954,-1.398521,-0.537041,-0.537533,-0.390630,-0.440019,0.097002,-0.142524,-0.662272,-0.400784,-0.046595,-0.965465,-0.267604,0.131843,-1.838381,0.876769,1.226513,2.442573,-0.082735,0.023249,0.514165,-0.005252,-0.663060,0.000365,-1.011514
27.738016,-0.064796,0.216379,2.042984,-1.080419,-1.401463,-0.535237,-0.537182,-0.398972,-0.445391,0.084729,-0.138363,-0.660178,-0.400037,-0.046364,-0.965543,-0.267582,0.132363,-1.838385,0.876101,1.226517,2.441552,-0.081479,0.022162,0.515635,-0.004453,-0.664794,0.001662,-1.013499
27.738945,-0.064757,0.216570,2.046092,-1.080773,-1.397158,-0.534559,-0.537546,-0.408332,-0.449817,0.071469,-0.134345,-0.658123,-0.399258,-0.046103,-0.965624,-0.267553,0.132882,-1.838398,0.875440,1.226514,2.440543,-0.081700,0.024682,0.517344,-0.007284,-0.662735,0.000267,-1.016172
27.740074,-0.065538,0.217591,2.046142,-1.082484,-1.395410,-0.533748,-0.539674,-0.417662,-0.459495,0.058126,-0.126691,-0.655761,-0.398461,-0.045850,-0.965704,-0.267527,0.133398,-1.838405,0.874775,1.226513,2.439517,-0.081809,0.025228,0.515820,-0.007289,-0.667454,-0.000003,-1.016893
27.740976,-0.067231,0.218206,2.044729,-1.079960,-1.397673,-0.533234,-0.538561,-0.424419,-0.476250,0.047729,-0.114618,-0.652894,-0.397837,-0.045615,-0.965786,-0.267502,0.133911,-1.838409,0.874101,1.226512,2.438494,-0.081711,0.025583,0.517247,-0.006131,-0.670957,-0.000328,-1.015293
27.741982,-0.065505,0.222046,2.049250,-1.081684,-1.402704,-0.531925,-0.539022,-0.428902,-0.497450,0.040085,-0.099608,-0.649614,-0.397357,-0.045394,-0.965867,-0.267478,0.134435,-1.838424,0.873429,1.226510,2.437475,-0.080913,0.025929,0.517731,-0.008870,-0.668711,-0.000445,-1.018908
27.743001,-0.064113,0.223794,2.045852,-1.081692,-1.401852,-0.533486,-0.538808,-0.431263,-0.520223,0.035269,-0.083138,-0.646033,-0.396976,-0.045183,-0.965949,-0.267456,0.134951,-1.838430,0.872770,1.226508,2.436450,-0.081956,0.024779,0.516015,-0.007558,-0.664652,-0.001331,-1.019899
27.743958,-0.063871,0.224983,2.047461,-1.082470,-1.404734,-0.533401,-0.538589,-0.430322,-0.540047,0.035077,-0.068107,-0.642386,-0.396836,-0.044989,-0.966033,-0.267430,0.135468,-1.838439,0.872103,1.226514,2.435434,-0.082788,0.024669,0.518404,-0.007937,-0.666577,0.000658,-1.022392
27.745033,-0.062050,0.229658,2.046654,-1.084401,-1.409690,-0.532469,-0.540297,-0.426385,-0.554885,0.039193,-0.055990,-0.638872,-0.396990,-0.044837,-0.966117,-0.267405,0.135989,-1.838447,0.871441,1.226515,2.434399,-0.082984,0.024765,0.517756,-0.007534,-0.664237,0.000954,-1.024423
27.746130,-0.068600,0.228154,2.048680,-1.083922,-1.411223,-0.531338,-0.541455,-0.420119,-0.563181,0.046809,-0.047974,-0.635747,-0.397451,-0.044724,-0.966203,-0.267384,0.136516,-1.838451,0.870789,1.226515,2.433370,-0.084087,0.023282,0.519083,-0.006123,-0.660855,0.000467,-1.023311
27.746961,-0.070724,0.231059,2.047079,-1.082545,-1.406097,-0.531274,-0.542068,-0.413126,-0.563940,0.055911,-0.044743,-0.633309,-0.398099,-0.044624,-0.966278,-0.267355,0.137029,-1.838461,0.870126,1.226513,2.432348,-0.081121,0.024860,0.519280,-0.007023,-0.660989,-0.000193,-1.023507
27.747988,-0.072993,0.233543,2.052961,-1.083319,-1.405916,-0.530100,-0.540718,-0.407620,-0.560960,0.063379,-0.043470,-0.631446,-0.398625,-0.044534,-0.966356,-0.267333,0.137550,-1.838473,0.869458,1.226516,2.431320,-0.080082,0.023981,0.519424,-0.008609,-0.665746,0.000088,-1.023146
27.749007,-0.068574,0.235950,2.050565,-1.084098,-1.404260,-0.531873,-0.541746,-0.402947,-0.556603,0.069820,-0.042137,-0.629911,-0.398933,-0.044473,-0.966434,-0.267310,0.138061,-1.838482,0.868782,1.226512,2.430293,-0.079188,0.023535,0.517230,-0.008212,-0.666863,-0.000639,-1.027949
27.750137,-0.070774,0.233961,2.051629,-1.083888,-1.404517,-0.530586,-0.540816,-0.396402,-0.549914,0.078698,-0.041594,-0.628651,-0.399244,-0.044470,-0.966521,-0.267288,0.138585,-1.838490,0.868103,1.226518,2.429264,-0.081532,0.023135,0.519029,-0.007840,-0.669421,0.001559,-1.027844
27.751023,-0.066429,0.237372,2.054760,-1.085631,-1.398912,-0.529767,-0.542169,-0.387080,-0.542765,0.091026,-0.041430,-0.627573,-0.399714,-0.044561,-0.966601,-0.267260,0.139110,-1.838501,0.867434,1.226515,2.428219,-0.080728,0.024986,0.519786,-0.008466,-0.670985,0.000739,-1.032349
27.752043,-0.067871,0.236845,2.058593,-1.083521,-1.402146,-0.529295,-0.542695,-0.374196,-0.537949,0.107559,-0.040540,-0.626482,-0.400430,-0.044766,-0.966688,-0.267238,0.139622,-1.838505,0.866745,1.226515,2.427196,-0.082888,0.023915,0.518011,-0.007113,-0.676411,0.000297,-1.030805
27.752948,-0.068931,0.237447,2.050412,-1.086320,-1.403320,-0.529500,-0.542796,-0.355095,-0.536128,0.131560,-0.038862,-0.625205,-0.401586,-0.045071,-0.966768,-0.267213,0.140141,-1.838519,0.866073,1.226513,2.426157,-0.082340,0.024960,0.516725,-0.009533,-0.674057,0.000272,-1.031740
27.754094,-0.069874,0.239233,2.048909,-1.087541,-1.403472,-0.528547,-0.543270,-0.331433,-0.537408,0.160991,-0.036417,-0.623879,-0.403071,-0.045462,-0.966848,-0.267188,0.140662,-1.838524,0.865407,1.226513,2.425112,-0.081877,0.025298,0.520708,-0.007093,-0.673062,0.000866,-1.032793
27.755023,-0.075851,0.244194,2.052203,-1.087660,-1.400736,-0.528732,-0.542357,-0.309611,-0.539152,0.188043,-0.034762,-0.623059,-0.404452,-0.045936,-0.966930,-0.267163,0.141190,-1.838530,0.864728,1.226513,2.424081,-0.081733,0.025292,0.522810,-0.006416,-0.674782,0.000387,-1.034608
27.756042,-0.079411,0.241652,2.049413,-1.086060,-1.400631,-0.528444,-0.543364,-0.292973,-0.536987,0.208817,-0.035967,-0.623113,-0.405450,-0.046485,-0.967002,-0.267144,0.141714,-1.838537,0.864046,1.226517,2.423035,-0.078897,0.023533,0.521094,-0.006684,-0.677713,0.000950,-1.037837
27.756997,-0.078816,0.243582,2.054536,-1.087909,-1.401116,-0.528155,-0.542654,-0.281750,-0.531204,0.223040,-0.039019,-0.623855,-0.405945,-0.047083,-0.967079,-0.267115,0.142235,-1.838550,0.863359,1.226519,2.422007,-0.077372,0.025555,0.523118,-0.008598,-0.678602,0.001077,-1.037791
27.758050,-0.080016,0.245235,2.061510,-1.085982,-1.398041,-0.527918,-0.542161,-0.274506,-0.526052,0.232326,-0.041489,-0.624846,-0.406060,-0.047700,-0.967160,-0.267088,0.142752,-1.838553,0.862675,1.226518,2.420956,-0.077793,0.025238,0.520727,-0.007207,-0.678463,0.001193,-1.040765
27.759098,-0.075510,0.246726,2.057893,-1.086662,-1.402120,-0.525777,-0.542170,-0.266293,-0.523528,0.242873,-0.042808,-0.625609,-0.406254,-0.048308,-0.967236,-0.267063,0.143261,-1.838567,0.861990,1.226518,2.419895,-0.077466,0.025204,0.518209,-0.009454,-0.682666,0.001406,-1.043827
27.760012,-0.069289,0.245443,2.056635,-1.087732,-1.401972,-0.526480,-0.542264,-0.253770,-0.523893,0.258973,-0.042789,-0.625765,-0.406781,-0.048881,-0.967323,-0.267038,0.143786,-1.838574,0.861308,1.226512,2.418854,-0.079893,0.025251,0.520824,-0.009199,-0.679589,-0.000277,-1.045924
27.761171,-0.072828,0.248824,2.060438,-1.087690,-1.406943,-0.525075,-0.541877,-0.237126,-0.527610,0.280395,-0.041436,-0.625235,-0.407671,-0.049383,-0.967411,-0.267009,0.144310,-1.838580,0.860638,1.226515,2.417799,-0.082996,0.026506,0.521283,-0.008505,-0.679956,0.000821,-1.046986
27.762165,-0.074165,0.252861,2.060045,-1.089723,-1.406945,-0.525098,-0.541531,-0.217005,-0.534022,0.306315,-0.039654,-0.624173,-0.408960,-0.049794,-0.967490,-0.266985,0.144826,-1.838590,0.859968,1.226510,2.416731,-0.081548,0.025722,0.520986,-0.008999,-0.676983,-0.000085,-1.050473
27.763045,-0.076012,0.252609,2.060100,-1.090151,-1.411880,-0.524066,-0.540670,-0.196001,-0.538743,0.333704,-0.039616,-0.623032,-0.410421,-0.050140,-0.967570,-0.266962,0.145345,-1.838595,0.859286,1.226513,2.415683,-0.081055,0.024454,0.521640,-0.007417,-0.677680,0.000352,-1.052923
27.764032,-0.075183,0.254724,2.057731,-1.089275,-1.410054,-0.524933,-0.541314,-0.177065,-0.537494,0.359118,-0.043457,-0.622366,-0.411806,-0.050457,-0.967648,-0.266936,0.145870,-1.838601,0.858620,1.226511,2.414618,-0.080187,0.025204,0.521222,-0.007370,-0.672667,-0.000304,-1.055670
27.764939,-0.072413,0.256377,2.058872,-1.089216,-1.407668,-0.524496,-0.540811,-0.161220,-0.531798,0.381177,-0.050117,-0.622327,-0.413024,-0.050761,-0.967730,-0.266912,0.146392,-1.838614,0.857940,1.226514,2.413569,-0.080760,0.024876,0.522808,-0.008543,-0.675201,0.000979,-1.056085
27.766091,-0.075247,0.259123,2.061284,-1.088534,-1.408346,-0.523354,-0.542078,-0.147631,-0.524931,0.400645,-0.057122,-0.622707,-0.414087,-0.051044,-0.967814,-0.266886,0.146910,-1.838623,0.857261,1.226515,2.412500,-0.082166,0.024686,0.522097,-0.008914,-0.677638,0.000908,-1.058274
27.766979,-0.074573,0.255793,2.063422,-1.090456,-1.407933,-0.522288,-0.542318,-0.134801,-0.518317,0.419240,-0.063065,-0.623267,-0.415044,-0.051293,-0.967895,-0.266863,0.147429,-1.838633,0.856575,1.226510,2.411434,-0.081068,0.024239,0.522417,-0.010028,-0.678763,0.000274,-1.058365
27.767942,-0.076828,0.254480,2.059474,-1.092885,-1.407719,-0.522185,-0.542531,-0.121949,-0.513687,0.437853,-0.067110,-0.623861,-0.415946,-0.051486,-0.967976,-0.266834,0.147950,-1.838640,0.855890,1.226508,2.410381,-0.081448,0.026496,0.521051,-0.008445,-0.679005,-0.000403,-1.059005
27.769137,-0.077694,0.256926,2.061148,-1.095485,-1.407491,-0.522548,-0.544711,-0.109194,-0.513389,0.456221,-0.069069,-0.624488,-0.416901,-0.051601,-0.968053,-0.266805,0.148478,-1.838641,0.855217,1.226508,2.409315,-0.080475,0.027805,0.523204,-0.006545,-0.679756,-0.000092,-1.060102
27.769991,-0.080451,0.257842,2.056764,-1.096018,-1.409478,-0.522462,-0.544245,-0.098613,-0.515919,0.471805,-0.070596,-0.625408,-0.417853,-0.051630,-0.968134,-0.266778,0.149000,-1.838644,0.854531,1.226509,2.408267,-0.080444,0.027489,0.524126,-0.004571,-0.682144,0.000776,-1.058695
27.770921,-0.085756,0.258557,2.056780,-1.096832,-1.405830,-0.521439,-0.543770,-0.092598,-0.517025,0.481786,-0.073906,-0.626947,-0.418609,-0.051588,-0.968208,-0.266751,0.149531,-1.838647,0.853852,1.226508,2.407198,-0.079126,0.027600,0.525691,-0.004480,-0.679745,0.001054,-1.060505
27.772004,-0.091645,0.262710,2.053351,-1.093931,-1.406621,-0.520574,-0.544517,-0.092566,-0.515050,0.484394,-0.079265,-0.629229,-0.418960,-0.051501,-0.968279,-0.266723,0.150053,-1.838651,0.853168,1.226509,2.406127,-0.076673,0.027868,0.525654,-0.004118,-0.683623,0.000408,-1.062755
27.772982,-0.090303,0.265377,2.055947,-1.095528,-1.403539,-0.520325,-0.546365,-0.100316,-0.510417,0.477252,-0.085009,-0.632131,-0.418562,-0.051384,-0.968347,-0.266697,0.150587,-1.838665,0.852482,1.226507,2.405070,-0.074138,0.026598,0.528281,-0.007357,-0.684099,0.000012,-1.063519
27.774107,-0.091639,0.267496,2.061584,-1.097406,-1.406872,-0.520020,-0.547206,-0.115632,-0.502824,0.460573,-0.090045,-0.635379,-0.417277,-0.051256,-0.968422,-0.266674,0.151116,-1.838670,0.851794,1.226507,2.404004,-0.075050,0.026005,0.527174,-0.006181,-0.687708,0.000182,-1.061397
27.774988,-0.090231,0.267500,2.054070,-1.096920,-1.404589,-0.518827,-0.547143,-0.133367,-0.491060,0.440876,-0.095791,-0.638746,-0.415606,-0.051125,-0.968495,-0.266649,0.151636,-1.838672,0.851106,1.226509,2.402946,-0.074771,0.025826,0.525666,-0.004902,-0.685907,0.000343,-1.062259
27.776033,-0.092457,0.263522,2.058915,-1.099803,-1.405268,-0.518181,-0.544402,-0.149685,-0.475783,0.422955,-0.103068,-0.642036,-0.413993,-0.051002,-0.968574,-0.266620,0.152172,-1.838681,0.850410,1.226510,2.401879,-0.075534,0.026406,0.528970,-0.005732,-0.687913,-0.000494,-1.063410
27.777022,-0.095169,0.263363,2.059596,-1.100801,-1.406283,-0.519070,-0.546115,-0.164214,-0.461485,0.406969,-0.110012,-0.644957,-0.412542,-0.050903,-0.968647,-0.266586,0.152700,-1.838679,0.849727,1.226510,2.400786,-0.074724,0.029090,0.527179,-0.003466,-0.688256,-0.000692,-1.070848
27.778026,-0.096174,0.267451,2.052159,-1.100715,-1.406483,-0.519041,-0.547758,-0.175646,-0.452510,0.394249,-0.115328,-0.647323,-0.411482,-0.050797,-0.968718,-0.266557,0.153228,-1.838681,0.849036,1.226513,2.399731,-0.073632,0.029832,0.527175,-0.003023,-0.687772,0.000610,-1.069047
27.778978,-0.098711,0.272317,2.054412,-1.101683,-1.404723,-0.518124,-0.549152,-0.185373,-0.447586,0.383100,-0.119692,-0.649332,-0.410742,-0.050611,-0.968789,-0.266532,0.153767,-1.838685,0.848343,1.226512,2.398660,-0.073425,0.028518,0.531218,-0.003613,-0.688213,0.000999,-1.067503
27.780023,-0.103579,0.271892,2.054670,-1.101496,-1.400859,-0.518258,-0.549967,-0.196778,-0.440657,0.369582,-0.125123,-0.651423,-0.409918,-0.050305,-0.968858,-0.266510,0.154290,-1.838687,0.847654,1.226513,2.397590,-0.072397,0.026808,0.530171,-0.003155,-0.690285,0.000474,-1.066150
27.780980,-0.107968,0.273983,2.050768,-1.102130,-1.398387,-0.519169,-0.550712,-0.209994,-0.428810,0.353684,-0.132474,-0.653801,-0.408862,-0.049927,-0.968924,-0.266481,0.154827,-1.838692,0.846945,1.226511,2.396530,-0.070348,0.027778,0.530635,-0.003847,-0.694958,0.001069,-1.066565
27.782042,-0.109777,0.277177,2.052583,-1.102061,-1.397695,-0.517816,-0.550957,-0.225124,-0.414422,0.335159,-0.140199,-0.656421,-0.407518,-0.049571,-0.968988,-0.266455,0.155365,-1.838693,0.846247,1.226514,2.395453,-0.068475,0.027405,0.532583,-0.003741,-0.697638,0.002374,-1.066507
27.782964,-0.107706,0.276701,2.053336,-1.101899,-1.394788,-0.517421,-0.549898,-0.243033,-0.398480,0.312953,-0.147585,-0.659269,-0.405835,-0.049306,-0.969055,-0.266429,0.155893,-1.838699,0.845543,1.226514,2.394388,-0.067980,0.026603,0.532459,-0.004281,-0.699272,0.001444,-1.068143
27.783941,-0.109815,0.277765,2.048538,-1.104370,-1.396749,-0.516795,-0.551081,-0.260967,-0.381984,0.290569,-0.154302,-0.662089,-0.404055,-0.049131,-0.969126,-0.266400,0.156427,-1.838705,0.844840,1.226516,2.393306,-0.069226,0.027463,0.531867,-0.004864,-0.702113,0.001437,-1.071482
27.785103,-0.113132,0.279772,2.052893,-1.104937,-1.395444,-0.515847,-0.551848,-0.276233,-0.367045,0.271346,-0.159960,-0.664607,-0.402471,-0.049017,-0.969191,-0.266372,0.156961,-1.838704,0.844140,1.226517,2.392228,-0.068487,0.027609,0.534467,-0.002964,-0.700466,0.001221,-1.070628
27.785988,-0.112140,0.281527,2.052890,-1.106349,-1.396051,-0.515495,-0.551643,-0.289757,-0.352827,0.254254,-0.165689,-0.666915,-0.401114,-0.048938,-0.969256,-0.266342,0.157496,-1.838707,0.843430,1.226517,2.391162,-0.067369,0.027459,0.533649,-0.003026,-0.703474,0.000760,-1.071826
27.787016,-0.113963,0.281260,2.046955,-1.106298,-1.395179,-0.515204,-0.552226,-0.301090,-0.337912,0.239980,-0.172573,-0.669022,-0.400047,-0.048906,-0.969324,-0.266314,0.158035,-1.838706,0.842736,1.226517,2.390083,-0.068058,0.027159,0.533140,-0.002150,-0.702559,0.000786,-1.073226
27.788064,-0.121271,0.283129,2.048136,-1.104374,-1.402005,-0.513584,-0.552234,-0.309808,-0.322937,0.228994,-0.180319,-0.670805,-0.399305,-0.048947,-0.969390,-0.266283,0.158572,-1.838710,0.842027,1.226517,2.389017,-0.067515,0.028006,0.536610,-0.002712,-0.704114,0.000931,-1.073957
27.789056,-0.123287,0.283436,2.049174,-1.105982,-1.400875,-0.512858,-0.554198,-0.319317,-0.309981,0.216899,-0.187061,-0.672226,-0.398546,-0.049066,-0.969448,-0.266258,0.159112,-1.838719,0.841328,1.226516,2.387931,-0.064334,0.027845,0.536557,-0.005064,-0.698119,-0.000256,-1.075899
27.789956,-0.123930,0.280427,2.050108,-1.105384,-1.401179,-0.512880,-0.554324,-0.331614,-0.300145,0.201232,-0.191561,-0.673265,-0.397530,-0.049229,-0.969511,-0.266228,0.159652,-1.838720,0.840627,1.226514,2.386852,-0.063719,0.028371,0.536223,-0.003982,-0.699781,-0.000545,-1.073563
27.791051,-0.126083,0.282230,2.048807,-1.105065,-1.402927,-0.513009,-0.556403,-0.344087,-0.295265,0.185253,-0.193324,-0.673712,-0.396501,-0.049395,-0.969574,-0.266193,0.160181,-1.838726,0.839926,1.226515,2.385786,-0.063660,0.030415,0.535456,-0.004978,-0.699227,-0.000140,-1.074482
27.791995,-0.123718,0.281941,2.051159,-1.105637,-1.405841,-0.512249,-0.554432,-0.354288,-0.298193,0.171887,-0.191167,-0.673240,-0.395701,-0.049546,-0.969636,-0.266164,0.160723,-1.838733,0.839231,1.226514,2.384712,-0.063087,0.030279,0.536988,-0.005785,-0.698780,0.000458,-1.072571
27.793046,-0.122149,0.284894,2.055149,-1.105246,-1.408336,-0.510523,-0.555462,-0.361365,-0.308344,0.162259,-0.185363,-0.671756,-0.395203,-0.049701,-0.969702,-0.266133,0.161251,-1.838736,0.838530,1.226514,2.383637,-0.064560,0.031046,0.535802,-0.005685,-0.695947,0.000092,-1.077945
27.793982,-0.122713,0.284189,2.052188,-1.105412,-1.411800,-0.510807,-0.553012,-0.362643,-0.323045,0.159854,-0.177573,-0.669274,-0.395205,-0.049898,-0.969770,-0.266102,0.161783,-1.838742,0.837844,1.226512,2.382558,-0.065726,0.030272,0.534490,-0.006550,-0.694521,-0.001190,-1.077822
27.794963,-0.120225,0.284250,2.050794,-1.106054,-1.415837,-0.510583,-0.553638,-0.356830,-0.340201,0.166390,-0.168914,-0.665913,-0.395763,-0.050166,-0.969835,-0.266070,0.162327,-1.838750,0.837169,1.226514,2.381456,-0.065708,0.031234,0.535759,-0.006748,-0.691353,-0.000500,-1.083995
27.795935,-0.120007,0.283455,2.048033,-1.106052,-1.416523,-0.509505,-0.553905,-0.346046,-0.359065,0.179271,-0.159755,-0.662010,-0.396730,-0.050501,-0.969904,-0.266036,0.162863,-1.838755,0.836483,1.226514,2.380362,-0.067249,0.031818,0.536621,-0.006554,-0.687829,-0.000319,-1.084189
27.797026,-0.123197,0.287685,2.047750,-1.106403,-1.417459,-0.508659,-0.555290,-0.332362,-0.379995,0.195808,-0.149929,-0.657902,-0.397983,-0.050884,-0.969972,-0.266002,0.163404,-1.838764,0.835805,1.226513,2.379282,-0.067642,0.032819,0.538053,-0.006912,-0.687723,-0.000986,-1.085177
27.797935,-0.124754,0.288206,2.048253,-1.106358,-1.415244,-0.508831,-0.557540,-0.318210,-0.401418,0.212926,-0.139684,-0.653893,-0.399273,-0.051309,-0.970036,-0.265973,0.163940,-1.838772,0.835115,1.226511,2.378186,-0.066502,0.031475,0.539088,-0.007012,-0.688112,-0.001359,-1.084552
27.798929,-0.125008,0.288585,2.046419,-1.108125,-1.415102,-0.508215,-0.554410,-0.305576,-0.420060,0.228256,-0.129980,-0.650240,-0.400352,-0.051775,-0.970102,-0.265941,0.164480,-1.838780,0.834410,1.226510,2.377114,-0.065963,0.031788,0.538458,-0.007402,-0.690146,-0.000789,-1.081189
27.799984,-0.120863,0.289699,2.048990,-1.107846,-1.413214,-0.507824,-0.555364,-0.294150,-0.435037,0.242200,-0.121252,-0.646981,-0.401228,-0.052274,-0.970168,-0.265908,0.165024,-1.838784,0.833722,1.226510,2.376005,-0.066183,0.032241,0.539541,-0.006092,-0.690883,-0.000992,-1.089091
27.800959,-0.120559,0.291143,2.052965,-1.109596,-1.413128,-0.508035,-0.554090,-0.281875,-0.447645,0.257225,-0.113244,-0.643905,-0.402085,-0.052770,-0.970240,-0.265875,0.165560,-1.838793,0.833023,1.226509,2.374926,-0.068608,0.032380,0.538905,-0.006809,-0.693759,-0.000926,-1.089122
27.802001,-0.127093,0.289285,2.053542,-1.108432,-1.420247,-0.508230,-0.554649,-0.265155,-0.458787,0.277739,-0.105933,-0.640671,-0.403218,-0.053184,-0.970312,-0.265842,0.166095,-1.838797,0.832338,1.226509,2.373819,-0.068978,0.032273,0.537036,-0.005523,-0.694313,-0.000298,-1.093126
27.802998,-0.129338,0.288760,2.050381,-1.109198,-1.422526,-0.507961,-0.554134,-0.243457,-0.469447,0.304383,-0.099121,-0.637149,-0.404692,-0.053462,-0.970373,-0.265804,0.166629,-1.838808,0.831660,1.226512,2.372715,-0.066169,0.033883,0.537542,-0.007073,-0.688373,0.000328,-1.093942
27.804030,-0.130354,0.293907,2.050457,-1.109380,-1.424128,-0.506345,-0.553480,-0.204045,-0.494378,0.352527,-0.083116,-0.630104,-0.407138,-0.053762,-0.970502,-0.265738,0.167721,-1.838821,0.830282,1.226508,2.370504,-0.065490,0.033010,0.540642,-0.007074,-0.687188,-0.000635,-1.100445
27.804977,-0.133783,0.295287,2.050468,-1.111632,-1.420207,-0.506219,-0.554692,-0.191803,-0.502056,0.367693,-0.076671,-0.627303,-0.407608,-0.053915,-0.970564,-0.265704,0.168256,-1.838823,0.829575,1.226510,2.369400,-0.064176,0.032996,0.541063,-0.005352,-0.691749,-0.000327,-1.099629
27.806106,-0.134249,0.297068,2.058229,-1.110254,-1.421890,-0.505961,-0.554880,-0.191803,-0.502056,0.367693,-0.076671,-0.627303,-0.407608,-0.053915,-0.970564,-0.265704,0.168256,-1.838823,0.829575,1.226510,2.369400,-0.064176,0.032996,0.541063,-0.005352,-0.691749,-0.000327,-1.099629
27.806988,-0.132881,0.293168,2.058275,-1.109516,-1.419340,-0.505708,-0.555333,-0.182753,-0.503713,0.379285,-0.072877,-0.625138,-0.407707,-0.054104,-0.970629,-0.265671,0.168795,-1.838833,0.828875,1.226510,2.368298,-0.064555,0.032966,0.538845,-0.007251,-0.692161,-0.000080,-1.102098
27.808004,-0.135101,0.296336,2.067769,-1.111289,-1.415668,-0.504826,-0.556776,-0.172290,-0.505652,0.392575,-0.068608,-0.623102,-0.407798,-0.054341,-0.970696,-0.265631,0.169337,-1.838843,0.828179,1.226510,2.367187,-0.065517,0.035454,0.538724,-0.008309,-0.694919,0.000066,-1.102375
27.808999,-0.139650,0.298184,2.068133,-1.113304,-1.418076,-0.504924,-0.558170,-0.156419,-0.513102,0.412176,-0.061530,-0.620767,-0.408224,-0.054599,-0.970760,-0.265597,0.169857,-1.838847,0.827470,1.226510,2.366094,-0.064858,0.034568,0.535046,-0.007063,-0.699740,-0.000362,-1.101610
27.810089,-0.141370,0.298754,2.066152,-1.116292,-1.420178,-0.505120,-0.557382,-0.134997,-0.522312,0.438646,-0.054380,-0.618405,-0.409103,-0.054817,-0.970820,-0.265564,0.170397,-1.838850,0.826777,1.226510,2.364988,-0.063061,0.034356,0.535609,-0.005589,-0.698385,0.000195,-1.100758
27.811009,-0.140442,0.299945,2.063183,-1.116765,-1.422432,-0.503676,-0.556054,-0.112856,-0.527037,0.466607,-0.051101,-0.616708,-0.410215,-0.054956,-0.970883,-0.265526,0.170934,-1.838849,0.826076,1.226511,2.363868,-0.062799,0.034848,0.538062,-0.003299,-0.698108,0.000881,-1.104878
27.812017,-0.144989,0.303074,2.066907,-1.118072,-1.423122,-0.503342,-0.554634,-0.094906,-0.525349,0.490169,-0.052941,-0.616101,-0.411271,-0.055040,-0.970949,-0.265490,0.171475,-1.838853,0.825374,1.226510,2.362764,-0.063604,0.034846,0.539693,-0.003346,-0.696265,-0.000155,-1.109010
27.812942,-0.146750,0.301426,2.071590,-1.116947,-1.423080,-0.503897,-0.554703,-0.082164,-0.517189,0.507995,-0.059651,-0.616618,-0.412135,-0.055104,-0.971006,-0.265456,0.172018,-1.838856,0.824666,1.226513,2.361643,-0.061850,0.033992,0.538581,-0.002603,-0.696671,-0.000041,-1.113825
27.814001,-0.151182,0.305962,2.068807,-1.115749,-1.418948,-0.503140,-0.555912,-0.072452,-0.504771,0.522559,-0.069694,-0.617989,-0.412876,-0.055150,-0.971067,-0.265416,0.172545,-1.838864,0.823972,1.226514,2.360534,-0.061375,0.035391,0.536586,-0.004139,-0.697271,0.000935,-1.115139
27.814974,-0.150886,0.303378,2.073394,-1.115727,-1.416969,-0.501781,-0.557171,-0.064505,-0.492262,0.535072,-0.079891,-0.619753,-0.413450,-0.055142,-0.971122,-0.265386,0.173088,-1.838873,0.823268,1.226513,2.359419,-0.059779,0.033922,0.539165,-0.005786,-0.702981,0.000652,-1.115022
27.815938,-0.151852,0.301382,2.073861,-1.117284,-1.418090,-0.502120,-0.557815,-0.058810,-0.482521,0.544660,-0.087506,-0.621491,-0.413675,-0.055043,-0.971184,-0.265346,0.173621,-1.838880,0.822557,1.226513,2.358300,-0.060395,0.035853,0.537461,-0.006267,-0.705689,-0.000278,-1.114246
27.817040,-0.154639,0.300679,2.079338,-1.118361,-1.422081,-0.501147,-0.557404,-0.053293,-0.478932,0.553633,-0.091150,-0.622800,-0.413764,-0.054876,-0.971243,-0.265306,0.174162,-1.838883,0.821845,1.226516,2.357190,-0.060369,0.037447,0.537732,-0.005223,-0.705220,0.000501,-1.114703
27.817999,-0.157408,0.301751,2.073358,-1.120570,-1.421429,-0.501011,-0.559689,-0.045842,-0.483197,0.564500,-0.091239,-0.623511,-0.414062,-0.054703,-0.971299,-0.265267,0.174699,-1.838886,0.821151,1.226513,2.356058,-0.059648,0.038561,0.536502,-0.004770,-0.703191,0.000031,-1.118074
27.818934,-0.156405,0.302224,2.071344,-1.120541,-1.427180,-0.500597,-0.559997,-0.038355,-0.492180,0.575145,-0.089964,-0.623837,-0.414534,-0.054541,-0.971356,-0.265226,0.175241,-1.838885,0.820440,1.226516,2.354955,-0.058745,0.038602,0.539971,-0.003182,-0.704535,0.000317,-1.115174
27.820075,-0.158839,0.305294,2.067311,-1.122234,-1.429078,-0.500831,-0.562518,-0.034501,-0.501456,0.581318,-0.089453,-0.624105,-0.414933,-0.054352,-0.971418,-0.265186,0.175786,-1.838890,0.819745,1.226514,2.353809,-0.059663,0.038927,0.541173,-0.003715,-0.699329,0.000333,-1.115991
27.820932,-0.159983,0.306280,2.064634,-1.121229,-1.430766,-0.499895,-0.560033,-0.036732,-0.507728,0.580134,-0.090994,-0.624587,-0.415061,-0.054112,-0.971474,-0.265150,0.176330,-1.838889,0.819049,1.226515,2.352697,-0.059149,0.038231,0.544930,-0.002761,-0.699767,0.001085,-1.113774
27.822086,-0.162925,0.310612,2.061823,-1.120342,-1.431016,-0.498798,-0.560685,-0.063291,-0.505208,0.550757,-0.100145,-0.626760,-0.413784,-0.053535,-0.971588,-0.265075,0.177439,-1.838904,0.817658,1.226514,2.350449,-0.058182,0.036920,0.548898,-0.005584,-0.700195,-0.000044,-1.121355
27.823108,-0.168561,0.309754,2.068681,-1.122317,-1.432785,-0.497914,-0.559222,-0.063291,-0.505208,0.550757,-0.100145,-0.626760,-0.413784,-0.053535,-0.971588,-0.265075,0.177439,-1.838904,0.817658,1.226514,2.350449,-0.058182,0.036920,0.548898,-0.005584,-0.700195,-0.000044,-1.121355
27.823998,-0.163554,0.310307,2.065667,-1.124881,-1.431343,-0.497542,-0.559184,-0.086241,-0.496894,0.524029,-0.105759,-0.628389,-0.412205,-0.053233,-0.971640,-0.265036,0.177975,-1.838906,0.816956,1.226513,2.349331,-0.055971,0.038040,0.546375,-0.004171,-0.699658,-0.000462,-1.126383
27.824939,-0.161956,0.307491,2.065971,-1.124474,-1.432112,-0.497210,-0.559978,-0.110534,-0.485262,0.495593,-0.112325,-0.630326,-0.410483,-0.052934,-0.971706,-0.264998,0.178531,-1.838903,0.816245,1.226512,2.348199,-0.058831,0.038304,0.547677,-0.002239,-0.701214,-0.000422,-1.127595
27.826044,-0.162014,0.310195,2.066911,-1.126109,-1.433283,-0.496745,-0.560986,-0.130842,-0.473774,0.471927,-0.119301,-0.632313,-0.409162,-0.052655,-0.971767,-0.264954,0.179085,-1.838909,0.815548,1.226512,2.347069,-0.060017,0.040246,0.547659,-0.003119,-0.701066,-0.000324,-1.127491
27.827018,-0.165384,0.309634,2.065667,-1.126097,-1.432970,-0.496383,-0.561656,-0.144963,-0.465656,0.455552,-0.125125,-0.634078,-0.408395,-0.052427,-0.971829,-0.264916,0.179629,-1.838911,0.814826,1.226511,2.345946,-0.060591,0.039657,0.548664,-0.002138,-0.701634,-0.000286,-1.128065
27.828004,-0.168820,0.310967,2.060427,-1.129085,-1.433208,-0.495729,-0.560922,-0.154396,-0.460290,0.444667,-0.129672,-0.635663,-0.407995,-0.052303,-0.971886,-0.264872,0.180185,-1.838915,0.814138,1.226509,2.344815,-0.059397,0.040511,0.549655,-0.002667,-0.702946,-0.000193,-1.128426
27.828945,-0.173638,0.310714,2.058266,-1.129168,-1.430418,-0.495766,-0.561310,-0.163390,-0.455210,0.434197,-0.133791,-0.637365,-0.407591,-0.052318,-0.971941,-0.264830,0.180741,-1.838911,0.813435,1.226509,2.343666,-0.058213,0.040440,0.552761,-0.000387,-0.703659,-0.000407,-1.131646
27.829997,-0.178533,0.312520,2.064630,-1.129885,-1.430952,-0.497208,-0.560052,-0.176272,-0.448399,0.418892,-0.138294,-0.639497,-0.406844,-0.052477,-0.971996,-0.264788,0.181299,-1.838913,0.812721,1.226512,2.342543,-0.056293,0.041115,0.553922,-0.000867,-0.706951,0.000048,-1.132372
27.830934,-0.181750,0.311445,2.066870,-1.129315,-1.428303,-0.496385,-0.560361,-0.193153,-0.439891,0.398537,-0.143012,-0.642054,-0.405728,-0.052768,-0.972047,-0.264747,0.181851,-1.838914,0.812017,1.226514,2.341391,-0.054510,0.040890,0.551684,-0.000792,-0.707862,0.001965,-1.137051
27.831981,-0.185695,0.312705,2.065459,-1.129458,-1.426112,-0.495152,-0.560204,-0.210223,-0.431903,0.377682,-0.146796,-0.644698,-0.404518,-0.053163,-0.972101,-0.264704,0.182396,-1.838918,0.811297,1.226514,2.340239,-0.053411,0.041979,0.550815,-0.001866,-0.710924,0.001542,-1.137784
27.833041,-0.183555,0.314373,2.070938,-1.130887,-1.424991,-0.493705,-0.561132,-0.225725,-0.426737,0.358393,-0.148139,-0.647093,-0.403308,-0.053604,-0.972150,-0.264662,0.182952,-1.838921,0.810570,1.226513,2.339099,-0.052122,0.042006,0.552445,-0.002311,-0.714317,0.000788,-1.140256
27.834023,-0.184698,0.310328,2.068187,-1.133270,-1.421485,-0.492959,-0.558810,-0.239209,-0.424109,0.341324,-0.147036,-0.649078,-0.402106,-0.054036,-0.972208,-0.264621,0.183497,-1.838922,0.809855,1.226511,2.337949,-0.053824,0.041864,0.550795,-0.001535,-0.716860,-0.000173,-1.140563
27.835007,-0.192422,0.313347,2.070377,-1.135573,-1.421926,-0.491318,-0.558892,-0.248638,-0.423691,0.329090,-0.144531,-0.650578,-0.401151,-0.054439,-0.972261,-0.264571,0.184056,-1.838919,0.809124,1.226508,2.336800,-0.053788,0.044412,0.552604,0.000168,-0.721018,-0.000448,-1.146958
27.836085,-0.195371,0.312811,2.061505,-1.135039,-1.418688,-0.492095,-0.559567,-0.254984,-0.424864,0.320640,-0.141853,-0.651768,-0.400468,-0.054795,-0.972306,-0.264530,0.184612,-1.838915,0.808407,1.226508,2.335645,-0.050561,0.043476,0.551919,0.001761,-0.721321,-0.001653,-1.148419
27.837006,-0.200884,0.315775,2.062747,-1.135668,-1.423385,-0.492034,-0.559744,-0.263616,-0.424676,0.309637,-0.140164,-0.653043,-0.399632,-0.055065,-0.972355,-0.264484,0.185176,-1.838917,0.807669,1.226510,2.334508,-0.049838,0.044412,0.557447,0.000569,-0.725954,-0.000376,-1.149415
27.837949,-0.203650,0.316868,2.058044,-1.136633,-1.419370,-0.491970,-0.559604,-0.279068,-0.421551,0.290616,-0.139306,-0.654630,-0.398234,-0.055240,-0.972400,-0.264440,0.185733,-1.838916,0.806945,1.226510,2.333352,-0.047655,0.043420,0.556731,0.000602,-0.721374,-0.000027,-1.150331
27.839049,-0.202282,0.317980,2.063817,-1.137449,-1.419870,-0.491477,-0.561037,-0.327992,-0.402237,0.231952,-0.142233,-0.659030,-0.393968,-0.055418,-0.972494,-0.264353,0.186852,-1.838914,0.805481,1.226510,2.331047,-0.048347,0.043565,0.557530,0.001028,-0.726846,0.000332,-1.151590
27.840072,-0.199227,0.317754,2.067682,-1.137148,-1.419743,-0.492270,-0.562016,-0.327992,-0.402237,0.231952,-0.142233,-0.659030,-0.393968,-0.055418,-0.972494,-0.264353,0.186852,-1.838914,0.805481,1.226510,2.331047,-0.048347,0.043565,0.557530,0.001028,-0.726846,0.000332,-1.151590
27.840977,-0.202984,0.316135,2.067188,-1.138304,-1.418694,-0.490970,-0.562905,-0.350553,-0.389869,0.205510,-0.145206,-0.661199,-0.391984,-0.055507,-0.972548,-0.264305,0.187409,-1.838917,0.804760,1.226514,2.329892,-0.050487,0.044263,0.556313,0.000158,-0.728039,0.001580,-1.151565
27.842042,-0.205428,0.318433,2.070659,-1.137992,-1.419587,-0.489850,-0.560976,-0.364506,-0.381145,0.189579,-0.147103,-0.662759,-0.390701,-0.055644,-0.972595,-0.264258,0.187960,-1.838916,0.804031,1.226512,2.328731,-0.049107,0.045525,0.556505,0.000728,-0.729121,0.000677,-1.150926
27.843020,-0.209701,0.315672,2.072198,-1.139474,-1.418827,-0.489264,-0.561608,-0.370894,-0.376895,0.182723,-0.147342,-0.663692,-0.390013,-0.055822,-0.972644,-0.264214,0.188518,-1.838918,0.803292,1.226510,2.327576,-0.048613,0.045013,0.555762,-0.000226,-0.729445,0.000051,-1.157047
27.843943,-0.210391,0.319789,2.068862,-1.138805,-1.419753,-0.488404,-0.563834,-0.371831,-0.376281,0.182396,-0.146111,-0.664080,-0.389709,-0.056011,-0.972688,-0.264163,0.189080,-1.838917,0.802562,1.226510,2.326412,-0.047125,0.046904,0.555331,0.000613,-0.730839,-0.000083,-1.157328
27.845074,-0.213828,0.320666,2.067951,-1.141144,-1.421324,-0.487813,-0.564194,-0.369449,-0.378124,0.186096,-0.143816,-0.664010,-0.389592,-0.056155,-0.972736,-0.264120,0.189635,-1.838918,0.801833,1.226507,2.325276,-0.047347,0.045326,0.557027,-0.000618,-0.730062,-0.000514,-1.154204
27.845955,-0.212460,0.321731,2.070065,-1.140397,-1.422206,-0.487576,-0.563804,-0.367159,-0.378614,0.189898,-0.142090,-0.663752,-0.389382,-0.056224,-0.972780,-0.264073,0.190201,-1.838915,0.801105,1.226508,2.324110,-0.046473,0.045608,0.558872,0.000940,-0.730378,-0.000594,-1.156110
27.846992,-0.214643,0.321565,2.069761,-1.138584,-1.426435,-0.486933,-0.564120,-0.365821,-0.375591,0.192873,-0.142157,-0.663427,-0.389043,-0.056253,-0.972829,-0.264029,0.190752,-1.838917,0.800367,1.226513,2.322942,-0.047667,0.045537,0.557532,-0.000344,-0.729236,-0.000461,-1.157856
27.847992,-0.213210,0.324113,2.072127,-1.139977,-1.428175,-0.486267,-0.566316,-0.363102,-0.371939,0.197625,-0.142472,-0.662739,-0.388743,-0.056270,-0.972874,-0.263980,0.191314,-1.838924,0.799647,1.226513,2.321783,-0.047281,0.046196,0.558463,-0.002647,-0.726178,-0.000639,-1.159218
27.849156,-0.214758,0.321871,2.079083,-1.140500,-1.430641,-0.485826,-0.568672,-0.357407,-0.369805,0.205878,-0.141651,-0.661463,-0.388587,-0.056238,-0.972925,-0.263938,0.191876,-1.838924,0.798930,1.226513,2.320624,-0.048619,0.045519,0.557744,-0.001856,-0.725380,-0.000851,-1.156548
27.849974,-0.215317,0.322672,2.074908,-1.141352,-1.426800,-0.487828,-0.568715,-0.346746,-0.369381,0.220027,-0.140145,-0.659532,-0.388801,-0.056109,-0.972974,-0.263887,0.192427,-1.838926,0.798203,1.226511,2.319477,-0.048671,0.047364,0.556057,-0.002037,-0.725066,-0.000754,-1.154707
27.851028,-0.218346,0.321994,2.077126,-1.142197,-1.431093,-0.486389,-0.567974,-0.329862,-0.371881,0.241470,-0.137887,-0.656879,-0.389561,-0.055899,-0.973023,-0.263840,0.192991,-1.838928,0.797460,1.226514,2.318315,-0.048801,0.047289,0.557321,-0.001647,-0.728123,0.001621,-1.155229
27.852028,-0.223578,0.319136,2.079275,-1.142595,-1.434257,-0.486985,-0.568398,-0.308862,-0.376995,0.267543,-0.134977,-0.653653,-0.390744,-0.055677,-0.973068,-0.263791,0.193543,-1.838930,0.796749,1.226512,2.317137,-0.048016,0.048229,0.557189,-0.001419,-0.725194,0.000640,-1.158778
27.853089,-0.230114,0.323109,2.077623,-1.141962,-1.434958,-0.486392,-0.568136,-0.286346,-0.384752,0.295067,-0.131333,-0.650074,-0.392159,-0.055493,-0.973111,-0.263736,0.194103,-1.838933,0.796028,1.226516,2.315985,-0.046100,0.050127,0.556625,-0.001598,-0.722925,0.001685,-1.159696
27.854035,-0.232550,0.325337,2.080020,-1.142881,-1.432671,-0.484955,-0.568817,-0.265472,-0.394998,0.320242,-0.126489,-0.646365,-0.393510,-0.055348,-0.973148,-0.263689,0.194667,-1.838939,0.795310,1.226514,2.314812,-0.043673,0.048739,0.558380,-0.002773,-0.723655,0.001573,-1.162334
27.854993,-0.227840,0.325309,2.087216,-1.143264,-1.436052,-0.484484,-0.567578,-0.249247,-0.403509,0.339767,-0.121577,-0.642812,-0.394456,-0.055225,-0.973191,-0.263643,0.195216,-1.838941,0.794577,1.226512,2.313658,-0.043117,0.048135,0.557408,-0.002386,-0.726293,0.000568,-1.162389
27.856016,-0.229393,0.327224,2.084402,-1.143969,-1.432463,-0.483298,-0.568753,-0.234160,-0.408186,0.358339,-0.117867,-0.639338,-0.395237,-0.055122,-0.973244,-0.263593,0.195769,-1.838944,0.793855,1.226511,2.312486,-0.046040,0.048630,0.554075,-0.002548,-0.723382,0.000541,-1.166345
27.857048,-0.233444,0.324600,2.090919,-1.144896,-1.437096,-0.482365,-0.567046,-0.214878,-0.410616,0.382550,-0.115304,-0.635665,-0.396299,-0.055063,-0.973289,-0.263544,0.196331,-1.838946,0.793126,1.226511,2.311311,-0.045936,0.048224,0.556186,-0.002432,-0.728045,-0.000188,-1.165802
27.857957,-0.235515,0.324103,2.089090,-1.144729,-1.436814,-0.481131,-0.568810,-0.191897,-0.412371,0.411621,-0.113152,-0.631800,-0.397618,-0.055063,-0.973331,-0.263489,0.196876,-1.838949,0.792407,1.226514,2.310143,-0.044650,0.050051,0.553800,-0.002094,-0.724485,-0.000667,-1.171207
27.858980,-0.236316,0.326267,2.091856,-1.146704,-1.439039,-0.480378,-0.569506,-0.167258,-0.415935,0.442815,-0.110143,-0.627862,-0.399051,-0.055125,-0.973375,-0.263437,0.197436,-1.838953,0.791675,1.226511,2.308976,-0.044202,0.050684,0.554606,-0.002739,-0.724847,-0.001475,-1.168752
27.860017,-0.241045,0.324855,2.088297,-1.147290,-1.435586,-0.479909,-0.571079,-0.142308,-0.421244,0.474452,-0.106338,-0.624058,-0.400516,-0.055214,-0.973422,-0.263388,0.197982,-1.838953,0.790958,1.226509,2.307803,-0.044503,0.050143,0.554054,-0.001398,-0.723712,-0.001746,-1.169244
27.861000,-0.241439,0.325461,2.098423,-1.148182,-1.435727,-0.479277,-0.571665,-0.119493,-0.425821,0.503627,-0.102887,-0.620722,-0.401846,-0.055303,-0.973462,-0.263334,0.198544,-1.838954,0.790218,1.226507,2.306642,-0.042898,0.051386,0.556606,-0.001454,-0.728206,-0.001737,-1.168069
27.862150,-0.244178,0.327023,2.093756,-1.149523,-1.435170,-0.478978,-0.572126,-0.099050,-0.430133,0.529965,-0.099511,-0.617894,-0.403013,-0.055386,-0.973505,-0.263285,0.199095,-1.838955,0.789499,1.226507,2.305475,-0.043402,0.051577,0.551975,-0.001164,-0.728796,-0.001922,-1.168540
27.863052,-0.246065,0.325460,2.093723,-1.148303,-1.433929,-0.479514,-0.570583,-0.079402,-0.434409,0.555388,-0.096234,-0.615513,-0.404118,-0.055480,-0.973549,-0.263233,0.199654,-1.838954,0.788760,1.226507,2.304312,-0.042905,0.051461,0.555997,-0.000570,-0.731289,-0.001696,-1.170335
27.863981,-0.248883,0.325869,2.097635,-1.151432,-1.432220,-0.480784,-0.569954,-0.062382,-0.438395,0.577605,-0.092775,-0.613654,-0.404999,-0.055625,-0.973590,-0.263178,0.200212,-1.838960,0.788034,1.226510,2.303130,-0.042565,0.052611,0.555797,-0.002240,-0.732564,-0.000765,-1.174494
27.864986,-0.252133,0.325804,2.094451,-1.151040,-1.435987,-0.480103,-0.570932,-0.048444,-0.443126,0.595979,-0.088564,-0.612287,-0.405651,-0.055836,-0.973630,-0.263124,0.200758,-1.838957,0.787290,1.226512,2.301935,-0.041804,0.052782,0.553987,0.000285,-0.734352,0.000923,-1.176902
27.865993,-0.252788,0.327032,2.087183,-1.151650,-1.431480,-0.479339,-0.574920,-0.036590,-0.447661,0.611890,-0.084770,-0.611474,-0.406249,-0.056070,-0.973669,-0.263071,0.201319,-1.838959,0.786558,1.226508,2.300750,-0.040935,0.053302,0.556145,-0.000737,-0.731347,0.000698,-1.176606
27.867083,-0.259754,0.326875,2.091759,-1.151890,-1.434352,-0.478157,-0.575525,-0.029924,-0.450678,0.621571,-0.081598,-0.611330,-0.406527,-0.056276,-0.973709,-0.263018,0.201890,-1.838960,0.785819,1.226507,2.299590,-0.041378,0.053173,0.560229,-0.000742,-0.736696,0.000394,-1.170379
27.867992,-0.264093,0.324163,2.085768,-1.154611,-1.430869,-0.479512,-0.573182,-0.031172,-0.452030,0.621565,-0.078231,-0.611820,-0.406165,-0.056490,-0.973742,-0.262962,0.202444,-1.838963,0.785083,1.226507,2.298425,-0.038791,0.053813,0.559125,-0.001123,-0.735217,-0.000297,-1.171553
27.869043,-0.264585,0.324603,2.087855,-1.155410,-1.432808,-0.477961,-0.572623,-0.040390,-0.452250,0.611761,-0.074678,-0.612923,-0.405184,-0.056812,-0.973776,-0.262903,0.203012,-1.838958,0.784331,1.226511,2.297231,-0.037337,0.055482,0.561908,0.000934,-0.738587,0.001465,-1.177331
27.870004,-0.265656,0.325949,2.087369,-1.154279,-1.430126,-0.478234,-0.573188,-0.056262,-0.452102,0.593770,-0.071424,-0.614580,-0.403799,-0.057269,-0.973815,-0.262848,0.203577,-1.838957,0.783601,1.226509,2.296035,-0.037932,0.055777,0.561657,0.001013,-0.737816,0.000374,-1.180368
27.871077,-0.262714,0.323057,2.085866,-1.156603,-1.433131,-0.478074,-0.573643,-0.075356,-0.452022,0.571806,-0.068400,-0.616461,-0.402247,-0.057777,-0.973852,-0.262793,0.204135,-1.838961,0.782848,1.226509,2.294858,-0.038111,0.055507,0.562155,-0.000649,-0.740778,0.001103,-1.180649
27.872003,-0.264144,0.326598,2.084568,-1.157353,-1.433691,-0.476743,-0.573709,-0.094075,-0.453291,0.550183,-0.064866,-0.618144,-0.400744,-0.058256,-0.973895,-0.262731,0.204705,-1.838957,0.782122,1.226510,2.293663,-0.040395,0.057430,0.563839,0.000936,-0.739155,0.001416,-1.181838
27.872998,-0.264754,0.324822,2.083959,-1.157045,-1.438883,-0.475124,-0.573480,-0.110881,-0.455363,0.530789,-0.061614,-0.619517,-0.399464,-0.058682,-0.973934,-0.262680,0.205266,-1.838957,0.781380,1.226508,2.292482,-0.040320,0.056053,0.564439,0.001094,-0.738678,0.000506,-1.182904
27.874098,-0.271796,0.324229,2.082072,-1.157448,-1.439071,-0.474665,-0.573893,-0.125828,-0.456011,0.513670,-0.059842,-0.620634,-0.398374,-0.059068,-0.973975,-0.262619,0.205834,-1.838958,0.780646,1.226506,2.291284,-0.040740,0.057349,0.565125,0.000161,-0.734151,-0.000657,-1.184950
27.874985,-0.268298,0.323176,2.080700,-1.159162,-1.442295,-0.473769,-0.573036,-0.140626,-0.456137,0.496582,-0.058468,-0.621508,-0.397246,-0.059439,-0.974005,-0.262559,0.206410,-1.838958,0.779912,1.226509,2.290079,-0.038169,0.058154,0.567118,-0.000129,-0.735584,-0.000624,-1.186334
27.875985,-0.272746,0.326417,2.079225,-1.157763,-1.438788,-0.474291,-0.574496,-0.156561,-0.457128,0.477813,-0.056673,-0.622249,-0.395974,-0.059788,-0.974051,-0.262497,0.206972,-1.838955,0.779183,1.226507,2.288889,-0.040504,0.058932,0.567457,0.000980,-0.732209,-0.001111,-1.188980
27.877029,-0.276224,0.328363,2.079839,-1.161002,-1.442728,-0.473190,-0.575845,-0.172598,-0.457937,0.458650,-0.055055,-0.622968,-0.394641,-0.060065,-0.974086,-0.262443,0.207545,-1.838959,0.778450,1.226509,2.287693,-0.039042,0.057756,0.568558,-0.000987,-0.736547,-0.000136,-1.187635
27.878027,-0.279154,0.327427,2.080093,-1.160575,-1.441507,-0.473615,-0.574377,-0.188819,-0.455039,0.439169,-0.055132,-0.623918,-0.393229,-0.060224,-0.974123,-0.262385,0.208110,-1.838954,0.777718,1.226508,2.286493,-0.038134,0.057259,0.568999,0.001495,-0.733665,-0.000776,-1.186821
27.879117,-0.278678,0.325909,2.080014,-1.161697,-1.441262,-0.472841,-0.573586,-0.205781,-0.446153,0.418853,-0.058286,-0.625422,-0.391759,-0.060284,-0.974159,-0.262324,0.208682,-1.838954,0.776974,1.226510,2.285301,-0.037454,0.058132,0.569226,0.000404,-0.735572,0.000103,-1.191435
27.879984,-0.282234,0.330163,2.076610,-1.162561,-1.438354,-0.472768,-0.571716,-0.221889,-0.434945,0.399436,-0.062897,-0.627356,-0.390395,-0.060321,-0.974199,-0.262262,0.209258,-1.838954,0.776237,1.226511,2.284092,-0.038565,0.059367,0.570250,0.000846,-0.737269,-0.000194,-1.195148
27.880996,-0.282584,0.325312,2.076784,-1.163005,-1.437601,-0.471563,-0.571187,-0.236376,-0.423232,0.381791,-0.067895,-0.629564,-0.389194,-0.060380,-0.974233,-0.262206,0.209827,-1.838952,0.775486,1.226515,2.282897,-0.037412,0.057511,0.571380,0.001130,-0.739685,0.000106,-1.199661
27.881973,-0.284147,0.325099,2.070271,-1.163118,-1.439506,-0.471008,-0.572090,-0.249580,-0.410494,0.365655,-0.073442,-0.631998,-0.388139,-0.060438,-0.974273,-0.262139,0.210403,-1.838953,0.774739,1.226512,2.281687,-0.038011,0.060312,0.571699,0.000932,-0.741149,-0.000634,-1.202341
27.883077,-0.291139,0.324325,2.063824,-1.164084,-1.440825,-0.470983,-0.572556,-0.261859,-0.400475,0.350370,-0.077529,-0.634426,-0.387203,-0.060446,-0.974311,-0.262077,0.210979,-1.838953,0.774007,1.226513,2.280479,-0.037956,0.060749,0.575136,0.000424,-0.739803,-0.000746,-1.201925
27.883983,-0.297133,0.324601,2.067069,-1.164796,-1.442142,-0.470432,-0.570990,-0.277162,-0.394516,0.330951,-0.079063,-0.636917,-0.386094,-0.060373,-0.974342,-0.262014,0.211567,-1.838951,0.773264,1.226514,2.279286,-0.035407,0.061619,0.579293,0.000649,-0.739999,-0.000271,-1.203300
27.885017,-0.298955,0.325146,2.065354,-1.166794,-1.440889,-0.470213,-0.570659,-0.299070,-0.389994,0.303210,-0.079175,-0.639741,-0.384551,-0.060255,-0.974369,-0.261954,0.212146,-1.838947,0.772532,1.226512,2.278070,-0.033196,0.061759,0.577202,0.000690,-0.738677,-0.000405,-1.207398
27.885972,-0.295039,0.326974,2.069599,-1.166196,-1.437274,-0.470735,-0.569632,-0.325346,-0.384640,0.270203,-0.079677,-0.642905,-0.382769,-0.060142,-0.974404,-0.261891,0.212721,-1.838942,0.771782,1.226514,2.276870,-0.033148,0.061888,0.578676,0.001935,-0.740842,-0.000166,-1.209862
27.887084,-0.295863,0.327524,2.069282,-1.164688,-1.440036,-0.469949,-0.572503,-0.350320,-0.377556,0.239071,-0.081725,-0.646088,-0.381192,-0.060035,-0.974445,-0.261829,0.213299,-1.838944,0.771031,1.226516,2.275652,-0.035804,0.061297,0.576486,0.000752,-0.744683,0.000781,-1.213160
27.887995,-0.295612,0.327559,2.069283,-1.165976,-1.438743,-0.469462,-0.571967,-0.368569,-0.370618,0.216352,-0.084208,-0.648764,-0.380152,-0.059896,-0.974480,-0.261767,0.213885,-1.838948,0.770291,1.226515,2.274447,-0.036310,0.061535,0.577687,-0.001378,-0.743478,0.000493,-1.209651
27.888969,-0.301126,0.323369,2.064165,-1.168471,-1.435386,-0.468643,-0.570487,-0.378822,-0.365768,0.203440,-0.085726,-0.650734,-0.379673,-0.059723,-0.974520,-0.261704,0.214457,-1.838946,0.769538,1.226514,2.273251,-0.037074,0.061781,0.577394,-0.000673,-0.744640,0.000425,-1.211827
27.889965,-0.302418,0.325725,2.064419,-1.168668,-1.435227,-0.468322,-0.570595,-0.383783,-0.363408,0.196974,-0.086437,-0.652249,-0.379606,-0.059607,-0.974549,-0.261634,0.215044,-1.838942,0.768791,1.226514,2.272027,-0.035123,0.064146,0.579972,0.001111,-0.748432,0.000047,-1.216141
27.891008,-0.304325,0.327830,2.061537,-1.168094,-1.434871,-0.468157,-0.572096,-0.387124,-0.363036,0.192536,-0.086963,-0.653642,-0.379727,-0.059613,-0.974584,-0.261572,0.215618,-1.838942,0.768037,1.226513,2.270803,-0.035298,0.063309,0.580139,0.000650,-0.749074,0.000187,-1.217376
27.892052,-0.303357,0.326541,2.058581,-1.168238,-1.437209,-0.468049,-0.571920,-0.390909,-0.362389,0.187861,-0.087965,-0.655103,-0.379818,-0.059713,-0.974619,-0.261513,0.216207,-1.838944,0.767280,1.226512,2.269603,-0.035194,0.062709,0.582062,-0.000543,-0.750305,0.000500,-1.216223
27.893015,-0.299424,0.327357,2.060043,-1.171745,-1.434375,-0.467405,-0.573130,-0.395753,-0.360626,0.182340,-0.089239,-0.656671,-0.379750,-0.059874,-0.974658,-0.261445,0.216800,-1.838946,0.766539,1.226512,2.268381,-0.036501,0.063731,0.583971,-0.001011,-0.748979,0.000864,-1.218404
27.893943,-0.299363,0.327580,2.058989,-1.171029,-1.434283,-0.466126,-0.572465,-0.399727,-0.358474,0.178322,-0.091054,-0.658318,-0.379720,-0.060093,-0.974702,-0.261383,0.217376,-1.838940,0.765774,1.226513,2.267159,-0.039128,0.063641,0.583264,0.001782,-0.752007,0.000644,-1.217224
27.895015,-0.301989,0.330321,2.060348,-1.170896,-1.434135,-0.466756,-0.573656,-0.398976,-0.355467,0.180552,-0.094734,-0.659951,-0.380080,-0.060364,-0.974742,-0.261317,0.217965,-1.838944,0.765032,1.226511,2.265949,-0.039784,0.063775,0.583442,0.000532,-0.752150,-0.000211,-1.219687
27.895987,-0.305730,0.325715,2.060459,-1.170644,-1.432805,-0.465506,-0.572702,-0.392768,-0.351214,0.189846,-0.100079,-0.661433,-0.380799,-0.060671,-0.974781,-0.261256,0.218546,-1.838946,0.764274,1.226514,2.264728,-0.039299,0.062865,0.583542,-0.000234,-0.753411,0.000909,-1.219256
27.897062,-0.309560,0.324481,2.056903,-1.172543,-1.436384,-0.465736,-0.572738,-0.382861,-0.347681,0.203755,-0.105112,-0.662590,-0.381642,-0.061007,-0.974817,-0.261185,0.219130,-1.838949,0.763511,1.226514,2.263514,-0.038178,0.065439,0.583503,-0.001009,-0.754980,0.000074,-1.222568
27.898082,-0.311085,0.322268,2.059290,-1.172116,-1.437223,-0.464189,-0.571690,-0.371892,-0.348274,0.218716,-0.107910,-0.663340,-0.382433,-0.061380,-0.974853,-0.261114,0.219724,-1.838947,0.762762,1.226513,2.262284,-0.037145,0.066393,0.585942,0.000179,-0.752572,0.000813,-1.224437
27.898962,-0.313919,0.321683,2.055435,-1.170591,-1.435437,-0.464110,-0.572201,-0.361995,-0.354257,0.232021,-0.108063,-0.663704,-0.383078,-0.061788,-0.974891,-0.261043,0.220304,-1.838949,0.762006,1.226512,2.261063,-0.037180,0.067793,0.585138,-0.000867,-0.752445,-0.000282,-1.228194
27.899946,-0.315624,0.323583,2.058824,-1.170919,-1.441254,-0.462926,-0.571192,-0.352961,-0.366310,0.243840,-0.104857,-0.663417,-0.383536,-0.062213,-0.974928,-0.260974,0.220893,-1.838957,0.761246,1.226511,2.259830,-0.036389,0.068230,0.586389,-0.002772,-0.753771,0.000054,-1.227839
27.901107,-0.312276,0.327511,2.066202,-1.171174,-1.443304,-0.461585,-0.571739,-0.344013,-0.383125,0.255205,-0.098415,-0.662232,-0.383789,-0.062644,-0.974963,-0.260907,0.221478,-1.838959,0.760511,1.226510,2.258584,-0.036317,0.067564,0.584751,-0.002999,-0.748500,-0.000687,-1.231207
27.902018,-0.311018,0.329443,2.067140,-1.172485,-1.449305,-0.461330,-0.570354,-0.332315,-0.399564,0.270112,-0.091761,-0.660160,-0.384074,-0.063067,-0.975007,-0.260842,0.222051,-1.838963,0.759761,1.226510,2.257359,-0.038905,0.066110,0.582569,-0.003400,-0.748397,-0.001504,-1.232624
27.902949,-0.313962,0.329171,2.067191,-1.172195,-1.450111,-0.459845,-0.571714,-0.313922,-0.410781,0.293905,-0.088257,-0.657282,-0.384763,-0.063454,-0.975051,-0.260778,0.222635,-1.838965,0.759035,1.226509,2.256114,-0.040133,0.065433,0.581864,-0.002622,-0.742642,-0.001321,-1.236402
27.904003,-0.315725,0.327322,2.067942,-1.173097,-1.454638,-0.459759,-0.572114,-0.289232,-0.415356,0.326195,-0.088905,-0.653816,-0.385896,-0.063772,-0.975091,-0.260711,0.223213,-1.838969,0.758292,1.226508,2.254873,-0.039382,0.065890,0.582111,-0.003460,-0.742508,-0.002365,-1.234994
27.904992,-0.318457,0.326362,2.069617,-1.172781,-1.455419,-0.460274,-0.573184,-0.261870,-0.416107,0.362202,-0.091811,-0.649990,-0.387207,-0.063997,-0.975130,-0.260639,0.223797,-1.838973,0.757551,1.226512,2.253645,-0.039406,0.067228,0.582877,-0.003173,-0.739667,-0.001952,-1.236473
27.906069,-0.322898,0.324910,2.070616,-1.173541,-1.457151,-0.458577,-0.572555,-0.234412,-0.417232,0.398326,-0.094389,-0.645948,-0.388519,-0.064131,-0.975168,-0.260571,0.224384,-1.838979,0.756816,1.226512,2.252405,-0.038872,0.068066,0.582637,-0.004024,-0.740127,-0.000957,-1.236082
27.907071,-0.323552,0.323132,2.074683,-1.174637,-1.456560,-0.458451,-0.573816,-0.208481,-0.421278,0.432312,-0.094903,-0.641821,-0.389715,-0.064212,-0.975202,-0.260497,0.224964,-1.838983,0.756073,1.226508,2.251171,-0.037642,0.069201,0.583523,-0.003889,-0.740274,-0.002129,-1.239770
27.907996,-0.325012,0.324691,2.076398,-1.175109,-1.456223,-0.458338,-0.572899,-0.184601,-0.429287,0.463436,-0.092636,-0.637701,-0.390737,-0.064260,-0.975241,-0.260423,0.225543,-1.838985,0.755331,1.226509,2.249932,-0.038175,0.070394,0.582260,-0.003409,-0.742129,-0.001766,-1.239057
27.908938,-0.326755,0.324522,2.078636,-1.177341,-1.455719,-0.457274,-0.576261,-0.161073,-0.440575,0.493877,-0.088204,-0.633593,-0.391725,-0.064233,-0.975279,-0.260355,0.226119,-1.838988,0.754584,1.226505,2.248675,-0.038185,0.069892,0.581651,-0.003515,-0.742983,-0.001410,-1.242193
27.910033,-0.331874,0.321148,2.078812,-1.176703,-1.460295,-0.457328,-0.575612,-0.136637,-0.452038,0.525444,-0.083467,-0.629558,-0.392789,-0.064086,-0.975318,-0.260282,0.226700,-1.838988,0.753839,1.226505,2.247458,-0.038076,0.070239,0.580846,-0.001902,-0.744197,-0.002025,-1.236924
27.910949,-0.330904,0.321758,2.079533,-1.178000,-1.462202,-0.456890,-0.574832,-0.112590,-0.462831,0.556603,-0.078873,-0.625699,-0.393835,-0.063854,-0.975350,-0.260206,0.227288,-1.838995,0.753106,1.226509,2.246207,-0.036554,0.072343,0.582190,-0.003148,-0.741723,-0.001458,-1.240753
27.912140,-0.336609,0.323446,2.078344,-1.179694,-1.462147,-0.457066,-0.575535,-0.090745,-0.474852,0.584943,-0.073209,-0.622060,-0.394728,-0.063628,-0.975389,-0.260134,0.227866,-1.838996,0.752364,1.226509,2.244953,-0.037787,0.072253,0.581975,-0.002423,-0.740330,-0.001457,-1.243517
27.913030,-0.339106,0.325109,2.074753,-1.180343,-1.462580,-0.457235,-0.575248,-0.072822,-0.485970,0.608450,-0.067390,-0.618861,-0.395369,-0.063453,-0.975422,-0.260063,0.228459,-1.838995,0.751611,1.226507,2.243718,-0.036065,0.071971,0.584684,-0.001562,-0.743202,-0.000691,-1.245258
27.914017,-0.341021,0.327189,2.076198,-1.181407,-1.460729,-0.456959,-0.576161,-0.062023,-0.491415,0.623458,-0.063486,-0.616492,-0.395549,-0.063302,-0.975457,-0.259993,0.229051,-1.838998,0.750871,1.226508,2.242467,-0.035576,0.071369,0.586244,-0.001457,-0.743036,-0.000099,-1.246877
27.915000,-0.341964,0.325115,2.075157,-1.179694,-1.458379,-0.455856,-0.576911,-0.061820,-0.480247,0.627960,-0.062886,-0.614483,-0.394437,-0.062987,-0.975528,-0.259845,0.230229,-1.839004,0.749369,1.226507,2.239989,-0.035865,0.071967,0.587138,-0.003309,-0.749289,-0.000534,-1.247023
27.916049,-0.341644,0.324764,2.075286,-1.183138,-1.456383,-0.455704,-0.576306,-0.061820,-0.480247,0.627960,-0.062886,-0.614483,-0.394437,-0.062987,-0.975528,-0.259845,0.230229,-1.839004,0.749369,1.226507,2.239989,-0.035865,0.071967,0.587138,-0.003309,-0.749289,-0.000534,-1.247023
27.917001,-0.348018,0.324846,2.068650,-1.184344,-1.456730,-0.455302,-0.577124,-0.066564,-0.471329,0.623958,-0.062162,-0.614092,-0.393450,-0.062838,-0.975567,-0.259770,0.230813,-1.838999,0.748603,1.226511,2.238747,-0.036934,0.072489,0.588183,-0.000646,-0.752708,-0.000195,-1.250431
27.917959,-0.350865,0.324809,2.069135,-1.186221,-1.457947,-0.455079,-0.577782,-0.074170,-0.462147,0.616119,-0.060996,-0.614039,-0.392287,-0.062700,-0.975597,-0.259697,0.231414,-1.838999,0.747846,1.226508,2.237500,-0.034597,0.072705,0.591670,-0.000128,-0.752991,-0.000122,-1.250242
27.918935,-0.346902,0.327399,2.066785,-1.184874,-1.458647,-0.454491,-0.580950,-0.087542,-0.450113,0.601178,-0.061297,-0.614677,-0.390845,-0.062529,-0.975631,-0.259623,0.232009,-1.838996,0.747102,1.226510,2.236241,-0.034041,0.072983,0.591669,0.001036,-0.752616,0.000104,-1.250415
27.919983,-0.350952,0.324349,2.066280,-1.186718,-1.461610,-0.454033,-0.581626,-0.105373,-0.435033,0.580830,-0.063350,-0.615921,-0.389199,-0.062280,-0.975673,-0.259552,0.232603,-1.839002,0.746346,1.226512,2.235015,-0.036821,0.071993,0.593279,-0.000844,-0.752811,-0.000027,-1.245761
27.920970,-0.354584,0.325022,2.064237,-1.187504,-1.460473,-0.453859,-0.581958,-0.124371,-0.419158,0.558900,-0.066080,-0.617457,-0.387527,-0.061983,-0.975706,-0.259473,0.233204,-1.839000,0.745599,1.226512,2.233760,-0.035724,0.073853,0.594417,0.000263,-0.751425,0.000020,-1.246569
27.921969,-0.358168,0.324616,2.066684,-1.188235,-1.455487,-0.453556,-0.582128,-0.144381,-0.404679,0.535312,-0.068584,-0.619248,-0.385848,-0.061745,-0.975738,-0.259399,0.233796,-1.838999,0.744838,1.226509,2.232501,-0.034820,0.073794,0.595963,0.000339,-0.753516,0.000343,-1.247581
27.923040,-0.360998,0.328638,2.070901,-1.188117,-1.459138,-0.453613,-0.583655,-0.165538,-0.392089,0.509771,-0.070670,-0.621262,-0.384141,-0.061660,-0.975770,-0.259326,0.234390,-1.838998,0.744066,1.226510,2.231257,-0.033952,0.074326,0.595322,0.000369,-0.759474,0.000513,-1.249070
27.924000,-0.358836,0.328159,2.071104,-1.189610,-1.457853,-0.452764,-0.585713,-0.185814,-0.380466,0.484846,-0.072702,-0.623280,-0.382503,-0.061734,-0.975803,-0.259258,0.234991,-1.839000,0.743316,1.226511,2.230006,-0.033537,0.072755,0.594282,-0.000434,-0.757501,0.001082,-1.248265
27.924930,-0.364075,0.328686,2.070768,-1.188431,-1.457561,-0.451252,-0.586367,-0.202571,-0.368241,0.464010,-0.075785,-0.625133,-0.381150,-0.061917,-0.975843,-0.259185,0.235581,-1.838998,0.742549,1.226513,2.228771,-0.035411,0.073288,0.594538,0.000382,-0.759460,0.000677,-1.245722
27.926071,-0.363596,0.325419,2.073250,-1.188680,-1.460002,-0.451406,-0.588143,-0.214921,-0.356031,0.448379,-0.079704,-0.626615,-0.380157,-0.062172,-0.975873,-0.259111,0.236179,-1.839004,0.741797,1.226509,2.227494,-0.033613,0.073247,0.594717,-0.001310,-0.760268,-0.000371,-1.245652
27.927032,-0.365122,0.324509,2.064752,-1.189685,-1.465637,-0.450261,-0.587124,-0.223586,-0.347589,0.436823,-0.082147,-0.627428,-0.379407,-0.062508,-0.975911,-0.259031,0.236774,-1.839007,0.741031,1.226512,2.226249,-0.034918,0.075311,0.595173,-0.001756,-0.760032,0.000332,-1.244875
27.927989,-0.372246,0.323499,2.062580,-1.190458,-1.466611,-0.450770,-0.586277,-0.230621,-0.345993,0.426637,-0.081554,-0.627556,-0.378775,-0.062951,-0.975946,-0.258954,0.237382,-1.839008,0.740279,1.226514,2.225005,-0.034979,0.075981,0.599591,-0.001372,-0.755145,-0.000374,-1.248516
27.928940,-0.373468,0.325843,2.057628,-1.189737,-1.467479,-0.449552,-0.587725,-0.240647,-0.349834,0.412276,-0.078779,-0.627465,-0.378018,-0.063499,-0.975972,-0.258877,0.237991,-1.839008,0.739530,1.226515,2.223737,-0.032317,0.076710,0.600745,-0.001244,-0.755005,0.000607,-1.251640
27.929980,-0.371490,0.325134,2.061859,-1.190381,-1.467607,-0.449768,-0.589751,-0.257207,-0.355531,0.389675,-0.075203,-0.627589,-0.376882,-0.064082,-0.976006,-0.258804,0.238594,-1.839014,0.738773,1.226514,2.222474,-0.032565,0.075773,0.603344,-0.002485,-0.754783,-0.000161,-1.250108
27.930995,-0.372522,0.325920,2.061349,-1.190248,-1.468135,-0.448873,-0.589270,-0.277931,-0.361615,0.361858,-0.071341,-0.627918,-0.375482,-0.064618,-0.976045,-0.258726,0.239198,-1.839017,0.738011,1.226515,2.221227,-0.034471,0.076452,0.601991,-0.002467,-0.756051,0.000566,-1.248139
27.931992,-0.373189,0.323324,2.058769,-1.191392,-1.467424,-0.448458,-0.588053,-0.297143,-0.369057,0.335732,-0.067108,-0.628239,-0.374207,-0.065093,-0.976080,-0.258651,0.239807,-1.839020,0.737261,1.226514,2.219955,-0.034837,0.076374,0.602802,-0.003225,-0.756806,0.000154,-1.250965
27.932926,-0.372660,0.322322,2.055214,-1.191827,-1.468631,-0.447460,-0.587407,-0.312584,-0.379187,0.313991,-0.062058,-0.628520,-0.373209,-0.065522,-0.976116,-0.258569,0.240411,-1.839020,0.736494,1.226515,2.218701,-0.035377,0.077901,0.604570,-0.002738,-0.758472,0.000219,-1.255174
27.933966,-0.377459,0.318885,2.057738,-1.193953,-1.467182,-0.446954,-0.586839,-0.325141,-0.392981,0.295482,-0.055742,-0.628884,-0.372431,-0.065873,-0.976154,-0.258488,0.241023,-1.839023,0.735742,1.226513,2.217434,-0.036411,0.078535,0.606225,-0.002890,-0.757809,-0.000325,-1.257737
27.935142,-0.378312,0.321574,2.051921,-1.194283,-1.466739,-0.447200,-0.586267,-0.335156,-0.411094,0.279788,-0.048161,-0.629427,-0.371878,-0.066108,-0.976185,-0.258404,0.241626,-1.839021,0.734960,1.226512,2.216155,-0.034970,0.080501,0.605749,-0.001486,-0.760466,-0.000320,-1.260829
27.936007,-0.379735,0.321164,2.050118,-1.196063,-1.468300,-0.446345,-0.586167,-0.344211,-0.432107,0.265162,-0.040011,-0.630277,-0.371443,-0.066252,-0.976222,-0.258327,0.242244,-1.839024,0.734198,1.226513,2.214890,-0.035659,0.079621,0.610386,-0.001914,-0.763468,0.000496,-1.264922
27.936935,-0.376909,0.323615,2.048016,-1.196575,-1.466847,-0.445575,-0.584737,-0.354947,-0.452084,0.248723,-0.032854,-0.631645,-0.370922,-0.066353,-0.976259,-0.258249,0.242859,-1.839021,0.733446,1.226512,2.213615,-0.035622,0.079934,0.610553,-0.000772,-0.761812,0.000051,-1.265871
27.937934,-0.375893,0.319462,2.049939,-1.198088,-1.463394,-0.445761,-0.584481,-0.366571,-0.467652,0.231772,-0.028484,-0.633609,-0.370363,-0.066447,-0.976300,-0.258172,0.243468,-1.839024,0.732677,1.226511,2.212350,-0.037773,0.078886,0.611478,-0.000844,-0.763643,-0.000265,-1.270018
27.938988,-0.377526,0.317702,2.048980,-1.197876,-1.461834,-0.444755,-0.584548,-0.374921,-0.479892,0.219328,-0.026773,-0.635854,-0.370047,-0.066562,-0.976343,-0.258087,0.244082,-1.839022,0.731913,1.226512,2.211066,-0.039061,0.081165,0.610869,-0.000032,-0.768128,0.000407,-1.272170
27.940099,-0.380879,0.318059,2.051750,-1.198571,-1.459413,-0.444645,-0.586211,-0.377096,-0.494058,0.214429,-0.025065,-0.637912,-0.370130,-0.066681,-0.976383,-0.258003,0.244693,-1.839025,0.731131,1.226512,2.209778,-0.039130,0.082288,0.612178,-0.000920,-0.770967,-0.000103,-1.274045
27.941009,-0.384235,0.316567,2.046049,-1.199123,-1.457333,-0.443570,-0.586147,-0.373782,-0.512909,0.215920,-0.021321,-0.639606,-0.370485,-0.066744,-0.976422,-0.257921,0.245307,-1.839027,0.730342,1.226514,2.208516,-0.038430,0.082449,0.611998,-0.000918,-0.775118,0.000323,-1.273192
27.942034,-0.389721,0.318737,2.048342,-1.200852,-1.455516,-0.443081,-0.585154,-0.368018,-0.534689,0.220224,-0.015681,-0.641061,-0.370852,-0.066702,-0.976457,-0.257836,0.245931,-1.839027,0.729568,1.226512,2.207236,-0.037516,0.083268,0.614431,-0.000967,-0.777314,-0.000315,-1.274410
27.943069,-0.391461,0.315861,2.050117,-1.201313,-1.454595,-0.442320,-0.583945,-0.363162,-0.555687,0.223647,-0.009733,-0.642518,-0.371019,-0.066565,-0.976489,-0.257754,0.246542,-1.839026,0.728776,1.226511,2.205963,-0.035712,0.082407,0.613846,0.000041,-0.780082,-0.000299,-1.278302
27.944097,-0.390240,0.316177,2.047717,-1.202163,-1.457956,-0.442795,-0.584162,-0.359780,-0.573534,0.225867,-0.004925,-0.644031,-0.370990,-0.066373,-0.976526,-0.257664,0.247155,-1.839027,0.727986,1.226511,2.204676,-0.035774,0.084028,0.613611,-0.000195,-0.782052,-0.000559,-1.282617
27.945056,-0.387436,0.319998,2.050977,-1.202560,-1.456525,-0.441429,-0.583727,-0.356110,-0.589589,0.229063,-0.001045,-0.645393,-0.370939,-0.066139,-0.976566,-0.257578,0.247777,-1.839025,0.727214,1.226512,2.203383,-0.037261,0.084063,0.615313,-0.000075,-0.779823,0.000414,-1.283973
27.946087,-0.390863,0.318869,2.054796,-1.204643,-1.457962,-0.442215,-0.585376,-0.350061,-0.603294,0.235902,0.001286,-0.646463,-0.371049,-0.065855,-0.976609,-0.257497,0.248382,-1.839024,0.726425,1.226510,2.202108,-0.039395,0.082307,0.613814,-0.000357,-0.781695,-0.000494,-1.286268
27.947065,-0.392683,0.321833,2.050732,-1.204107,-1.461894,-0.442222,-0.583824,-0.339129,-0.612038,0.249692,0.000266,-0.647214,-0.371528,-0.065527,-0.976646,-0.257412,0.248993,-1.839021,0.725640,1.226514,2.200826,-0.038563,0.083108,0.612542,0.000955,-0.781309,0.000782,-1.284820
27.947977,-0.398062,0.318456,2.051167,-1.203055,-1.458102,-0.441506,-0.583925,-0.324282,-0.614790,0.269313,-0.004755,-0.647821,-0.372350,-0.065193,-0.976684,-0.257333,0.249609,-1.839022,0.724870,1.226515,2.199521,-0.038475,0.081827,0.614789,-0.000244,-0.778108,0.001252,-1.289414
27.949000,-0.399669,0.317028,2.050008,-1.207019,-1.459712,-0.440175,-0.583663,-0.309507,-0.613204,0.289652,-0.011877,-0.648429,-0.373169,-0.064908,-0.976720,-0.257246,0.250218,-1.839028,0.724075,1.226513,2.198244,-0.036533,0.083601,0.614277,-0.001779,-0.781911,0.000976,-1.290268
27.950012,-0.400120,0.317010,2.052461,-1.204702,-1.459682,-0.437850,-0.586475,-0.296672,-0.610827,0.308047,-0.018797,-0.649012,-0.373821,-0.064699,-0.976756,-0.257160,0.250840,-1.839021,0.723306,1.226513,2.196945,-0.036642,0.084496,0.615321,0.001367,-0.781411,0.000134,-1.292567
27.950983,-0.404601,0.314778,2.051813,-1.207447,-1.460169,-0.437670,-0.587280,-0.285043,-0.609471,0.325255,-0.025017,-0.649526,-0.374393,-0.064530,-0.976796,-0.257078,0.251451,-1.839029,0.722519,1.226511,2.195674,-0.037267,0.084720,0.614576,-0.001506,-0.782340,-0.001699,-1.288680
27.952112,-0.406961,0.315052,2.055906,-1.206802,-1.462485,-0.437385,-0.588076,-0.273550,-0.610154,0.342460,-0.029946,-0.649805,-0.374919,-0.064365,-0.976828,-0.256990,0.252066,-1.839023,0.721741,1.226511,2.194381,-0.035885,0.085961,0.615039,0.000485,-0.782470,-0.001390,-1.288536
27.952974,-0.405513,0.318599,2.057546,-1.208881,-1.463438,-0.437847,-0.587442,-0.262190,-0.613105,0.359557,-0.033515,-0.649761,-0.375412,-0.064226,-0.976864,-0.256904,0.252674,-1.839028,0.720956,1.226513,2.193074,-0.035765,0.086134,0.614421,-0.000832,-0.782064,-0.001144,-1.289402
27.953981,-0.410731,0.320819,2.055337,-1.207227,-1.460645,-0.437158,-0.588583,-0.249826,-0.615508,0.378123,-0.037555,-0.649381,-0.376016,-0.064146,-0.976905,-0.256823,0.253285,-1.839025,0.720176,1.226515,2.191784,-0.037141,0.084397,0.612930,0.000607,-0.780757,-0.000272,-1.291386
27.954953,-0.413996,0.324466,2.058201,-1.209044,-1.469405,-0.436330,-0.589384,-0.235976,-0.613067,0.398997,-0.044015,-0.648647,-0.376746,-0.064113,-0.976934,-0.256742,0.253907,-1.839030,0.719398,1.226512,2.190487,-0.035460,0.083529,0.614377,-0.001627,-0.784529,-0.000470,-1.290731
27.955954,-0.417800,0.321959,2.054948,-1.208220,-1.469154,-0.436031,-0.590223,-0.223265,-0.602507,0.419094,-0.053825,-0.647742,-0.377354,-0.064100,-0.976967,-0.256663,0.254513,-1.839029,0.718628,1.226513,2.189179,-0.034716,0.081914,0.613163,-0.000479,-0.776359,-0.000840,-1.290514
27.957053,-0.423637,0.325463,2.057867,-1.206278,-1.467976,-0.435681,-0.589733,-0.213978,-0.583962,0.435547,-0.066772,-0.646902,-0.377688,-0.064107,-0.976998,-0.256577,0.255132,-1.839032,0.717846,1.226513,2.187896,-0.033746,0.083362,0.615143,-0.001922,-0.777544,-0.000651,-1.290516
27.957983,-0.424450,0.323303,2.063400,-1.207203,-1.468401,-0.436080,-0.586971,-0.209308,-0.561708,0.446422,-0.079994,-0.646017,-0.377588,-0.064185,-0.977024,-0.256497,0.255738,-1.839042,0.717070,1.226514,2.186588,-0.031930,0.081941,0.614879,-0.004386,-0.780489,-0.000472,-1.293766
27.958944,-0.423900,0.321114,2.064222,-1.206214,-1.471137,-0.436253,-0.586737,-0.207329,-0.539917,0.453657,-0.090852,-0.644736,-0.377097,-0.064389,-0.977058,-0.256411,0.256350,-1.839047,0.716285,1.226514,2.185288,-0.032355,0.083124,0.611946,-0.003954,-0.780234,0.000382,-1.300452
27.960091,-0.427844,0.323739,2.064610,-1.207066,-1.471679,-0.434185,-0.587615,-0.202682,-0.522783,0.463543,-0.098277,-0.642697,-0.376674,-0.064694,-0.977094,-0.256324,0.256962,-1.839055,0.715520,1.226514,2.183977,-0.033463,0.084328,0.611646,-0.005423,-0.778132,0.001016,-1.302162
27.961027,-0.426886,0.322209,2.066004,-1.207698,-1.472038,-0.434061,-0.586375,-0.194033,-0.512147,0.477624,-0.101866,-0.639807,-0.376479,-0.065004,-0.977124,-0.256243,0.257573,-1.839059,0.714739,1.226510,2.182683,-0.032609,0.083395,0.613005,-0.005217,-0.779734,-0.000497,-1.303015
27.961973,-0.428958,0.322701,2.062467,-1.209266,-1.476533,-0.434252,-0.584411,-0.183481,-0.505391,0.493584,-0.102857,-0.636303,-0.376373,-0.065252,-0.977160,-0.256156,0.258183,-1.839062,0.713951,1.226510,2.181361,-0.033890,0.084260,0.612199,-0.005155,-0.779579,-0.000150,-1.306600
27.963130,-0.430868,0.324059,2.062325,-1.209933,-1.476831,-0.432272,-0.585127,-0.171880,-0.500329,0.510599,-0.102917,-0.632504,-0.376391,-0.065444,-0.977194,-0.256073,0.258807,-1.839065,0.713193,1.226512,2.180030,-0.033674,0.084140,0.613828,-0.004154,-0.775650,0.000488,-1.311653
27.964042,-0.433185,0.323513,2.065790,-1.211608,-1.476369,-0.432913,-0.584169,-0.161335,-0.494566,0.526237,-0.103542,-0.628860,-0.376461,-0.065588,-0.977227,-0.255989,0.259423,-1.839068,0.712410,1.226509,2.178725,-0.033830,0.083829,0.615450,-0.004205,-0.777599,-0.000941,-1.312834
27.964979,-0.438312,0.324187,2.062257,-1.211074,-1.471609,-0.432142,-0.585687,-0.152776,-0.486421,0.539337,-0.105566,-0.625700,-0.376504,-0.065669,-0.977259,-0.255903,0.260032,-1.839071,0.711635,1.226512,2.177401,-0.033473,0.084175,0.613425,-0.003066,-0.778182,0.000149,-1.315668
27.966031,-0.438712,0.324743,2.071718,-1.212829,-1.470854,-0.431305,-0.586006,-0.145306,-0.476466,0.550759,-0.108602,-0.623135,-0.376536,-0.065683,-0.977289,-0.255822,0.260645,-1.839079,0.710844,1.226513,2.176083,-0.031764,0.083982,0.615128,-0.004075,-0.783183,-0.000194,-1.313686
27.966970,-0.440820,0.326088,2.064975,-1.211676,-1.467665,-0.429592,-0.586442,-0.137674,-0.465646,0.561866,-0.111940,-0.621137,-0.376579,-0.065656,-0.977323,-0.255740,0.261254,-1.839081,0.710049,1.226512,2.174774,-0.032553,0.083976,0.611170,-0.002960,-0.785052,-0.000516,-1.314999
27.968002,-0.443429,0.323155,2.061941,-1.213355,-1.465547,-0.429767,-0.585484,-0.128135,-0.454580,0.574751,-0.115130,-0.619559,-0.376680,-0.065644,-0.977354,-0.255657,0.261879,-1.839091,0.709259,1.226510,2.173447,-0.032336,0.083428,0.614365,-0.004547,-0.788479,-0.001772,-1.315194
27.968925,-0.448156,0.320224,2.062940,-1.214244,-1.466708,-0.429731,-0.584934,-0.119040,-0.444305,0.586415,-0.117067,-0.618367,-0.376622,-0.065698,-0.977385,-0.255568,0.262495,-1.839095,0.708460,1.226511,2.172132,-0.032007,0.085085,0.616461,-0.003436,-0.791534,-0.001088,-1.318895
27.970006,-0.451660,0.318705,2.051887,-1.215953,-1.465743,-0.428781,-0.585806,-0.113107,-0.437284,0.593340,-0.116628,-0.617539,-0.376290,-0.065812,-0.977412,-0.255479,0.263109,-1.839098,0.707681,1.226511,2.170785,-0.030516,0.086584,0.615700,-0.003108,-0.790522,-0.000682,-1.320868
27.971050,-0.458331,0.322031,2.056067,-1.215779,-1.467056,-0.428780,-0.587451,-0.112453,-0.434732,0.592934,-0.113794,-0.617113,-0.375649,-0.065929,-0.977441,-0.255390,0.263739,-1.839099,0.706875,1.226512,2.169467,-0.029840,0.087563,0.622100,-0.002103,-0.792813,-0.001125,-1.321189
27.972067,-0.461236,0.322031,2.054512,-1.214004,-1.466651,-0.427473,-0.588849,-0.120604,-0.433726,0.581174,-0.109844,-0.617292,-0.374466,-0.066021,-0.977465,-0.255307,0.264361,-1.839106,0.706080,1.226511,2.168167,-0.027555,0.086138,0.620542,-0.002841,-0.792554,-0.000609,-1.319776
27.972928,-0.462509,0.319393,2.053007,-1.215559,-1.465870,-0.427560,-0.584816,-0.136833,-0.431594,0.559215,-0.105649,-0.617982,-0.372701,-0.066100,-0.977491,-0.255221,0.264987,-1.839115,0.705291,1.226510,2.166845,-0.027137,0.086338,0.621699,-0.005109,-0.793881,-0.001428,-1.318614
27.974066,-0.460877,0.322843,2.059621,-1.214485,-1.463648,-0.430044,-0.586157,-0.157140,-0.430100,0.531878,-0.100370,-0.618798,-0.370581,-0.066204,-0.977520,-0.255131,0.265604,-1.839117,0.704488,1.226512,2.165493,-0.027290,0.087619,0.621694,-0.004057,-0.794074,-0.000930,-1.327224
27.975054,-0.464351,0.319573,2.057691,-1.213952,-1.464757,-0.427645,-0.587264,-0.176102,-0.431257,0.505705,-0.093931,-0.619367,-0.368572,-0.066330,-0.977553,-0.255047,0.266224,-1.839125,0.703676,1.226520,2.164176,-0.029204,0.086216,0.619732,-0.005737,-0.798056,0.002079,-1.326927
27.975966,-0.467315,0.319926,2.053400,-1.215849,-1.462897,-0.426661,-0.587816,-0.189318,-0.436122,0.486026,-0.086249,-0.619355,-0.367033,-0.066375,-0.977581,-0.254955,0.266853,-1.839133,0.702889,1.226518,2.162854,-0.028393,0.087964,0.620818,-0.006732,-0.797584,0.000124,-1.326135
27.976966,-0.468390,0.315512,2.048066,-1.216721,-1.468099,-0.426226,-0.587387,-0.198336,-0.444939,0.470992,-0.077052,-0.618809,-0.365866,-0.066261,-0.977608,-0.254866,0.267476,-1.839136,0.702084,1.226517,2.161541,-0.027786,0.087799,0.622544,-0.005373,-0.799300,-0.000403,-1.325983
27.978050,-0.470811,0.312423,2.042947,-1.217754,-1.470234,-0.425656,-0.588914,-0.207371,-0.456364,0.455717,-0.067389,-0.618133,-0.364880,-0.066012,-0.977637,-0.254772,0.268107,-1.839140,0.701302,1.226518,2.160211,-0.028209,0.090093,0.625386,-0.005087,-0.794871,-0.000360,-1.328350
27.978974,-0.471431,0.314661,2.049889,-1.220169,-1.468262,-0.425063,-0.588691,-0.219370,-0.471228,0.436643,-0.057276,-0.617631,-0.363961,-0.065700,-0.977667,-0.254677,0.268735,-1.839146,0.700511,1.226517,2.158898,-0.028054,0.091795,0.628803,-0.004651,-0.794238,-0.000399,-1.327383
27.979945,-0.467232,0.314507,2.045728,-1.219027,-1.472213,-0.424916,-0.590501,-0.233206,-0.489005,0.415259,-0.047549,-0.617423,-0.363204,-0.065378,-0.977697,-0.254590,0.269359,-1.839146,0.699705,1.226519,2.157561,-0.028597,0.090709,0.624919,-0.002838,-0.796171,-0.000558,-1.328793
27.980980,-0.469754,0.313767,2.040410,-1.219568,-1.469944,-0.423790,-0.592673,-0.243585,-0.506555,0.398370,-0.040397,-0.617462,-0.362933,-0.065062,-0.977733,-0.254500,0.269995,-1.839154,0.698920,1.226516,2.156226,-0.031548,0.090876,0.626926,-0.004488,-0.792714,-0.000219,-1.326394
27.982005,-0.470928,0.311819,2.042394,-1.220116,-1.465837,-0.424710,-0.592763,-0.249313,-0.523524,0.387395,-0.035285,-0.617733,-0.363093,-0.064768,-0.977762,-0.254407,0.270631,-1.839157,0.698117,1.226515,2.154892,-0.031256,0.091379,0.629966,-0.004551,-0.795976,-0.000846,-1.323747
27.983029,-0.481751,0.310452,2.036941,-1.221743,-1.466466,-0.424188,-0.591555,-0.252554,-0.541439,0.379376,-0.030303,-0.618279,-0.363401,-0.064556,-0.977794,-0.254311,0.271262,-1.839163,0.697318,1.226518,2.153571,-0.031635,0.092428,0.629300,-0.004569,-0.800974,0.000571,-1.325294
27.983922,-0.484928,0.310158,2.035863,-1.222337,-1.463227,-0.422910,-0.592537,-0.255671,-0.560437,0.371337,-0.024950,-0.619249,-0.363674,-0.064520,-0.977813,-0.254215,0.271895,-1.839164,0.696511,1.226519,2.152228,-0.027281,0.093189,0.632385,-0.003600,-0.801086,0.000519,-1.329329
27.985034,-0.485586,0.310113,2.030783,-1.222499,-1.461992,-0.422253,-0.594218,-0.262603,-0.578268,0.358753,-0.020019,-0.620950,-0.363658,-0.064683,-0.977840,-0.254122,0.272531,-1.839169,0.695697,1.226515,2.150918,-0.026566,0.093275,0.632166,-0.003492,-0.803934,-0.000309,-1.328145
27.985991,-0.486508,0.305528,2.033262,-1.223536,-1.465853,-0.420828,-0.593185,-0.274333,-0.593485,0.340664,-0.015865,-0.623302,-0.363239,-0.064971,-0.977870,-0.254028,0.273175,-1.839175,0.694895,1.226516,2.149561,-0.027348,0.093508,0.635614,-0.003947,-0.806772,-0.000429,-1.326919
27.986924,-0.486061,0.304706,2.035053,-1.223808,-1.464563,-0.421310,-0.591400,-0.288056,-0.608296,0.320402,-0.011570,-0.625850,-0.362567,-0.065335,-0.977900,-0.253928,0.273802,-1.839180,0.694094,1.226512,2.148258,-0.027771,0.095761,0.634198,-0.003451,-0.803113,-0.001377,-1.330323
27.988034,-0.483593,0.305702,2.036968,-1.224328,-1.463486,-0.421742,-0.590278,-0.298633,-0.626306,0.304103,-0.006307,-0.628102,-0.362016,-0.065780,-0.977932,-0.253831,0.274437,-1.839183,0.693285,1.226515,2.146916,-0.028836,0.096108,0.632904,-0.003728,-0.804432,-0.000445,-1.334884
27.989019,-0.487019,0.303588,2.033231,-1.224425,-1.467038,-0.421311,-0.592057,-0.301258,-0.648129,0.297709,-0.000402,-0.629666,-0.361933,-0.066282,-0.977967,-0.253739,0.275064,-1.839187,0.692482,1.226517,2.145565,-0.031107,0.095830,0.633011,-0.003873,-0.807099,0.000507,-1.339267
27.989954,-0.492391,0.306186,2.031372,-1.227397,-1.466736,-0.420585,-0.593546,-0.296198,-0.671950,0.301048,0.005545,-0.630549,-0.362304,-0.066757,-0.977997,-0.253638,0.275707,-1.839194,0.691676,1.226518,2.144224,-0.030296,0.096864,0.634812,-0.004279,-0.803953,0.000541,-1.336982
27.990935,-0.494288,0.304770,2.026771,-1.226243,-1.460842,-0.420240,-0.596904,-0.288518,-0.693592,0.308302,0.009845,-0.631328,-0.362848,-0.067118,-0.978024,-0.253544,0.276344,-1.839191,0.690866,1.226517,2.142900,-0.028499,0.095541,0.635307,-0.001994,-0.804268,0.000266,-1.335064
27.992083,-0.498840,0.300061,2.035022,-1.227815,-1.463885,-0.418603,-0.596005,-0.283025,-0.708721,0.313970,0.010900,-0.632542,-0.363258,-0.067340,-0.978054,-0.253445,0.276980,-1.839198,0.690053,1.226516,2.141590,-0.028481,0.096248,0.637586,-0.003691,-0.810585,0.000402,-1.329745
27.992996,-0.501464,0.299026,2.030433,-1.230202,-1.460302,-0.417860,-0.592392,-0.279513,-0.720419,0.318029,0.010806,-0.634071,-0.363467,-0.067487,-0.978079,-0.253338,0.277614,-1.839201,0.689239,1.226515,2.140239,-0.027392,0.098720,0.634680,-0.002791,-0.809264,-0.000683,-1.334045
27.994007,-0.499362,0.295652,2.032702,-1.228645,-1.456406,-0.418056,-0.593027,-0.275502,-0.733176,0.323223,0.011271,-0.635731,-0.363645,-0.067651,-0.978106,-0.253239,0.278259,-1.839197,0.688428,1.226515,2.138875,-0.026958,0.099119,0.636332,-0.001109,-0.812676,-0.000979,-1.342057
27.995047,-0.499194,0.297311,2.032454,-1.229814,-1.461401,-0.418119,-0.593256,-0.269436,-0.748548,0.331376,0.012704,-0.637358,-0.363906,-0.067843,-0.978139,-0.253135,0.278889,-1.839204,0.687604,1.226513,2.137539,-0.028949,0.100774,0.635439,-0.003214,-0.817079,-0.000277,-1.342241
27.996044,-0.506080,0.298649,2.028051,-1.230750,-1.464006,-0.417018,-0.594279,-0.259481,-0.767643,0.344595,0.015936,-0.638622,-0.364311,-0.068001,-0.978171,-0.253035,0.279526,-1.839206,0.686804,1.226513,2.136193,-0.029997,0.099967,0.635975,-0.002690,-0.813003,0.000290,-1.343481
27.996956,-0.510091,0.297855,2.025987,-1.231907,-1.457447,-0.416544,-0.589614,-0.248112,-0.785773,0.360257,0.018764,-0.639826,-0.364726,-0.068106,-0.978194,-0.252938,0.280164,-1.839207,0.685996,1.226513,2.134836,-0.027547,0.099331,0.638242,-0.002406,-0.810958,-0.000346,-1.342765
27.998052,-0.514455,0.302319,2.019979,-1.231254,-1.466128,-0.415650,-0.589936,-0.241084,-0.796908,0.371808,0.018643,-0.641522,-0.364797,-0.068234,-0.978220,-0.252837,0.280809,-1.839206,0.685164,1.226512,2.133479,-0.026436,0.099615,0.638572,-0.001883,-0.817173,-0.000369,-1.352982
27.999058,-0.512163,0.305061,2.025335,-1.231883,-1.463605,-0.415602,-0.590085,-0.242109,-0.798363,0.374854,0.015022,-0.643918,-0.364242,-0.068429,-0.978242,-0.252745,0.281460,-1.839211,0.684369,1.226511,2.132120,-0.025420,0.097568,0.642274,-0.003197,-0.809889,-0.000733,-1.354264
27.999991,-0.512006,0.301529,2.022600,-1.229794,-1.464319,-0.414530,-0.593566,-0.250890,-0.787968,0.369861,0.007163,-0.646971,-0.363068,-0.068601,-0.978274,-0.252648,0.282091,-1.839213,0.683548,1.226511,2.130781,-0.027520,0.096252,0.639733,-0.003183,-0.813002,-0.000289,-1.355447
28.001014,-0.511305,0.299697,2.021489,-1.232131,-1.467956,-0.414461,-0.595139,-0.261529,-0.769546,0.363599,-0.003243,-0.649994,-0.361642,-0.068616,-0.978303,-0.252547,0.282735,-1.839223,0.682748,1.226511,2.129439,-0.028464,0.097945,0.640631,-0.005692,-0.812329,-0.000917,-1.349389
28.002026,-0.514380,0.299541,2.023679,-1.234007,-1.472996,-0.413724,-0.593470,-0.269443,-0.751101,0.360884,-0.012629,-0.652243,-0.360279,-0.068446,-0.978334,-0.252447,0.283373,-1.839223,0.681939,1.226512,2.128080,-0.029783,0.098881,0.641438,-0.003996,-0.809431,-0.000491,-1.347812
28.003032,-0.515646,0.294923,2.022591,-1.234735,-1.473448,-0.413878,-0.593236,-0.274197,-0.734514,0.362066,-0.021189,-0.653672,-0.359180,-0.068186,-0.978363,-0.252347,0.284017,-1.839222,0.681136,1.226511,2.126723,-0.029221,0.098990,0.640598,-0.002851,-0.805290,-0.000733,-1.352805
28.004009,-0.517009,0.298832,2.025188,-1.235144,-1.482888,-0.413460,-0.595308,-0.276009,-0.719533,0.366846,-0.029963,-0.654342,-0.358467,-0.067924,-0.978393,-0.252244,0.284665,-1.839224,0.680339,1.226513,2.125353,-0.029638,0.101373,0.641673,-0.002814,-0.806178,-0.000065,-1.355006
28.005006,-0.517615,0.299519,2.031324,-1.234315,-1.486837,-0.411907,-0.597131,-0.275231,-0.706669,0.374604,-0.038624,-0.654222,-0.358118,-0.067620,-0.978423,-0.252150,0.285303,-1.839229,0.679549,1.226512,2.124019,-0.029961,0.099488,0.640745,-0.003011,-0.797749,0.000017,-1.352515
28.006055,-0.522937,0.305358,2.032331,-1.235355,-1.483907,-0.411548,-0.594389,-0.270931,-0.693387,0.386609,-0.048128,-0.653424,-0.358125,-0.067219,-0.978454,-0.252049,0.285939,-1.839236,0.678753,1.226509,2.122664,-0.030674,0.099226,0.638242,-0.004404,-0.795072,-0.001018,-1.350633
28.007039,-0.521740,0.305169,2.035279,-1.234977,-1.486872,-0.411276,-0.593882,-0.251651,-0.651953,0.424181,-0.073469,-0.650645,-0.358719,-0.066504,-0.978512,-0.251864,0.287217,-1.839245,0.677156,1.226511,2.119929,-0.030751,0.096776,0.637692,-0.004985,-0.797796,-0.000608,-1.360873
28.008011,-0.526010,0.303433,2.038969,-1.236071,-1.486866,-0.411638,-0.592493,-0.237576,-0.624095,0.448293,-0.088326,-0.648912,-0.359178,-0.066371,-0.978538,-0.251765,0.287852,-1.839249,0.676351,1.226513,2.118552,-0.029619,0.097699,0.636228,-0.004504,-0.798732,0.000244,-1.365160
28.009064,-0.528126,0.302585,2.038355,-1.237362,-1.484560,-0.410522,-0.595431,-0.237576,-0.624095,0.448293,-0.088326,-0.648912,-0.359178,-0.066371,-0.978538,-0.251765,0.287852,-1.839249,0.676351,1.226513,2.118552,-0.029619,0.097699,0.636228,-0.004504,-0.798732,0.000244,-1.365160
28.010029,-0.534002,0.304451,2.038655,-1.236111,-1.488768,-0.410125,-0.596963,-0.220379,-0.596979,0.475517,-0.102230,-0.646895,-0.359833,-0.066340,-0.978568,-0.251667,0.288489,-1.839252,0.675550,1.226513,2.117212,-0.029679,0.098287,0.637598,-0.003899,-0.802759,-0.000344,-1.361426
28.010956,-0.537273,0.300256,2.032558,-1.239468,-1.489827,-0.409112,-0.597624,-0.203196,-0.571428,0.501896,-0.114346,-0.644737,-0.360465,-0.066353,-0.978591,-0.251572,0.289132,-1.839260,0.674755,1.226513,2.115849,-0.027789,0.097432,0.637663,-0.005661,-0.799407,-0.000241,-1.359871
28.012083,-0.545071,0.299082,2.035524,-1.240936,-1.491711,-0.408101,-0.595789,-0.190143,-0.546689,0.522481,-0.124684,-0.642734,-0.360798,-0.066426,-0.978618,-0.251468,0.289783,-1.839258,0.673964,1.226511,2.114472,-0.027135,0.099498,0.640576,-0.002984,-0.799015,-0.000772,-1.359737
28.012961,-0.541330,0.298885,2.032996,-1.241295,-1.489188,-0.407877,-0.596682,-0.184231,-0.522863,0.533641,-0.133799,-0.641214,-0.360739,-0.066619,-0.978638,-0.251368,0.290419,-1.839260,0.673160,1.226510,2.113100,-0.024542,0.100303,0.640709,-0.002307,-0.799466,-0.001204,-1.366094
28.013943,-0.540290,0.301082,2.033497,-1.239968,-1.489900,-0.407559,-0.598787,-0.186414,-0.481228,0.536608,-0.148262,-0.639188,-0.359925,-0.067233,-0.978703,-0.251168,0.291701,-1.839273,0.671551,1.226513,2.110359,-0.028782,0.099263,0.641660,-0.004350,-0.802324,-0.000803,-1.362442
28.015070,-0.540453,0.300333,2.039023,-1.240647,-1.488613,-0.407510,-0.598826,-0.186414,-0.481228,0.536608,-0.148262,-0.639188,-0.359925,-0.067233,-0.978703,-0.251168,0.291701,-1.839273,0.671551,1.226513,2.110359,-0.028782,0.099263,0.641660,-0.004350,-0.802324,-0.000803,-1.362442
28.016059,-0.542492,0.299069,2.035336,-1.240165,-1.486970,-0.406408,-0.595805,-0.185588,-0.464928,0.539061,-0.152480,-0.637954,-0.359563,-0.067542,-0.978735,-0.251069,0.292344,-1.839278,0.670735,1.226514,2.108980,-0.029874,0.099902,0.640462,-0.004343,-0.805864,-0.000277,-1.365012
28.016971,-0.547052,0.294832,2.035023,-1.243860,-1.484982,-0.406662,-0.593799,-0.180587,-0.453361,0.545402,-0.153602,-0.636325,-0.359351,-0.067925,-0.978766,-0.250967,0.292994,-1.839287,0.669913,1.226514,2.107603,-0.029846,0.100575,0.642676,-0.005338,-0.808378,-0.000884,-1.372719
28.017989,-0.549089,0.292230,2.032759,-1.241400,-1.487378,-0.404692,-0.595610,-0.173556,-0.447259,0.552915,-0.151498,-0.634520,-0.359211,-0.068425,-0.978792,-0.250861,0.293634,-1.839283,0.669105,1.226515,2.106235,-0.028506,0.102594,0.642648,-0.002349,-0.810681,-0.000154,-1.377795
28.018980,-0.549071,0.293812,2.026518,-1.244206,-1.485538,-0.404555,-0.596397,-0.166985,-0.447474,0.558624,-0.146124,-0.632757,-0.359060,-0.068954,-0.978820,-0.250753,0.294282,-1.839296,0.668293,1.226510,2.104859,-0.028581,0.103896,0.644410,-0.005294,-0.809508,-0.001597,-1.375936
28.019991,-0.549235,0.289283,2.034978,-1.244620,-1.485746,-0.404307,-0.595689,-0.163147,-0.453258,0.559999,-0.137529,-0.631157,-0.358729,-0.069405,-0.978853,-0.250653,0.294932,-1.839297,0.667479,1.226512,2.103470,-0.029581,0.103140,0.647907,-0.003144,-0.812371,-0.001221,-1.375958
28.020991,-0.546483,0.289973,2.025505,-1.246455,-1.486915,-0.404425,-0.593907,-0.161184,-0.462340,0.558416,-0.127289,-0.629753,-0.358318,-0.069778,-0.978886,-0.250543,0.295573,-1.839301,0.666666,1.226513,2.102095,-0.030503,0.105413,0.644244,-0.003379,-0.813329,-0.000957,-1.379186
28.021951,-0.548625,0.289409,2.021267,-1.244127,-1.487222,-0.405076,-0.595005,-0.157579,-0.474627,0.558270,-0.116577,-0.628411,-0.358147,-0.070141,-0.978924,-0.250438,0.296237,-1.839300,0.665859,1.226514,2.100692,-0.032835,0.105050,0.649333,-0.002289,-0.813277,-0.000334,-1.384353
28.023093,-0.545713,0.289432,2.020667,-1.245756,-1.486249,-0.404468,-0.596736,-0.154097,-0.488934,0.557503,-0.105505,-0.627235,-0.358076,-0.070507,-0.978958,-0.250333,0.296888,-1.839309,0.665040,1.226516,2.099324,-0.032667,0.105308,0.651526,-0.005131,-0.813637,0.000803,-1.383541
28.024097,-0.553078,0.287305,2.018766,-1.247323,-1.484612,-0.403452,-0.596429,-0.153243,-0.503939,0.553080,-0.093636,-0.626293,-0.357853,-0.070818,-0.978999,-0.250228,0.297546,-1.839311,0.664213,1.226517,2.097934,-0.035242,0.105490,0.653325,-0.004256,-0.816878,0.000763,-1.382738
28.024988,-0.554399,0.282637,2.017752,-1.245830,-1.486995,-0.403275,-0.596821,-0.154807,-0.518912,0.545263,-0.081425,-0.625559,-0.357493,-0.071053,-0.979027,-0.250121,0.298210,-1.839313,0.663395,1.226517,2.096537,-0.032569,0.106553,0.654582,-0.003362,-0.819574,0.000256,-1.385022
28.025977,-0.558195,0.282384,2.012234,-1.249307,-1.485050,-0.402782,-0.595563,-0.158878,-0.534859,0.533950,-0.068712,-0.624991,-0.357013,-0.071248,-0.979059,-0.250007,0.298861,-1.839324,0.662573,1.226519,2.095160,-0.032788,0.108665,0.654604,-0.005260,-0.817128,0.000533,-1.385126
28.027039,-0.558397,0.283117,2.013955,-1.252011,-1.488032,-0.402496,-0.594740,-0.165574,-0.553181,0.519074,-0.054997,-0.624502,-0.356422,-0.071453,-0.979088,-0.249897,0.299524,-1.839320,0.661745,1.226519,2.093758,-0.031901,0.108717,0.657586,-0.002545,-0.819952,0.000542,-1.389195
28.027946,-0.554024,0.279550,2.007750,-1.250206,-1.490041,-0.401278,-0.596229,-0.175326,-0.569367,0.500765,-0.043485,-0.624309,-0.355830,-0.071677,-0.979125,-0.249792,0.300177,-1.839319,0.660939,1.226518,2.092353,-0.032855,0.108436,0.657601,-0.000638,-0.818648,0.000805,-1.392862
28.028961,-0.556107,0.277066,2.013065,-1.251939,-1.491596,-0.401966,-0.599153,-0.186409,-0.581461,0.481469,-0.035740,-0.624349,-0.355381,-0.071851,-0.979168,-0.249677,0.300841,-1.839327,0.660119,1.226515,2.090974,-0.035809,0.110021,0.660235,-0.002967,-0.816783,0.000064,-1.390843
28.030001,-0.556566,0.272564,2.018441,-1.251975,-1.492395,-0.401070,-0.599384,-0.194814,-0.594402,0.465641,-0.029081,-0.624126,-0.355210,-0.071899,-0.979203,-0.249563,0.301501,-1.839328,0.659312,1.226515,2.089595,-0.035724,0.111183,0.657968,-0.001897,-0.816528,0.001288,-1.386767
28.030984,-0.564446,0.271309,2.011429,-1.252725,-1.493682,-0.400045,-0.595777,-0.190887,-0.637220,0.458620,-0.012479,-0.622016,-0.356302,-0.071836,-0.979268,-0.249329,0.302821,-1.839337,0.657678,1.226515,2.086798,-0.033559,0.113834,0.659681,-0.002389,-0.816732,0.000383,-1.397028
28.032075,-0.567488,0.271614,2.011013,-1.255156,-1.493992,-0.399556,-0.598294,-0.190887,-0.637220,0.458620,-0.012479,-0.622016,-0.356302,-0.071836,-0.979268,-0.249329,0.302821,-1.839337,0.657678,1.226515,2.086798,-0.033559,0.113834,0.659681,-0.002389,-0.816732,0.000383,-1.397028
28.033001,-0.570374,0.267836,2.008633,-1.255482,-1.493083,-0.399428,-0.600344,-0.186553,-0.662854,0.458190,-0.003261,-0.621067,-0.356978,-0.071861,-0.979300,-0.249218,0.303478,-1.839336,0.656858,1.226518,2.085401,-0.033198,0.113729,0.660954,-0.000740,-0.818275,0.000443,-1.394139
28.034010,-0.570205,0.272729,2.008510,-1.256686,-1.495999,-0.399149,-0.601906,-0.186940,-0.685339,0.452839,0.004273,-0.620982,-0.357382,-0.071838,-0.979333,-0.249100,0.304141,-1.839338,0.656027,1.226518,2.084025,-0.032643,0.115403,0.661819,-0.001063,-0.819401,0.000791,-1.391202
28.035054,-0.571041,0.268200,2.010277,-1.257536,-1.494215,-0.398953,-0.602108,-0.190814,-0.703067,0.444369,0.009255,-0.621801,-0.357611,-0.071724,-0.979368,-0.248991,0.304810,-1.839337,0.655213,1.226514,2.082628,-0.033726,0.112893,0.662154,-0.000610,-0.817605,0.001049,-1.389769
28.036055,-0.579634,0.264272,2.007476,-1.260605,-1.492993,-0.398632,-0.599832,-0.195603,-0.714641,0.436134,0.010862,-0.623421,-0.357818,-0.071574,-0.979403,-0.248871,0.305468,-1.839337,0.654387,1.226514,2.081242,-0.034340,0.115092,0.661969,-0.000516,-0.820788,0.001393,-1.391368
28.036994,-0.583048,0.264462,1.999158,-1.262001,-1.490685,-0.398146,-0.600458,-0.200284,-0.722668,0.429167,0.010127,-0.625704,-0.358077,-0.071457,-0.979426,-0.248748,0.306137,-1.839331,0.653553,1.226514,2.079832,-0.031114,0.116853,0.663620,0.001714,-0.822892,0.001581,-1.397535
28.037949,-0.585527,0.266139,1.992679,-1.262434,-1.490110,-0.396895,-0.602664,-0.208772,-0.727895,0.418651,0.007612,-0.628876,-0.358170,-0.071363,-0.979455,-0.248630,0.306818,-1.839330,0.652725,1.226515,2.078420,-0.030390,0.116523,0.667350,0.002374,-0.825567,0.001565,-1.397331
28.039116,-0.591765,0.265463,1.996773,-1.263101,-1.487096,-0.396190,-0.605547,-0.225832,-0.726531,0.399120,0.002343,-0.633263,-0.357745,-0.071201,-0.979484,-0.248514,0.307489,-1.839328,0.651896,1.226516,2.077048,-0.030131,0.115504,0.670411,0.002071,-0.826629,0.000794,-1.394281
28.040063,-0.590466,0.262668,1.999129,-1.263236,-1.487195,-0.394895,-0.601362,-0.251690,-0.717214,0.370345,-0.005510,-0.638725,-0.356662,-0.070936,-0.979510,-0.248396,0.308161,-1.839328,0.651056,1.226514,2.075657,-0.028318,0.115932,0.669874,0.001882,-0.832041,0.000705,-1.391357
28.041063,-0.592162,0.264553,2.000104,-1.262945,-1.483876,-0.395074,-0.601638,-0.280925,-0.704023,0.338488,-0.014082,-0.644610,-0.355175,-0.070714,-0.979541,-0.248277,0.308823,-1.839328,0.650214,1.226511,2.074250,-0.029938,0.117108,0.668538,0.001331,-0.832180,-0.000098,-1.401041
28.042078,-0.594275,0.260367,2.000571,-1.262635,-1.483253,-0.393918,-0.605276,-0.306732,-0.691526,0.311373,-0.021669,-0.650149,-0.353680,-0.070694,-0.979570,-0.248161,0.309495,-1.839329,0.649366,1.226514,2.072842,-0.030116,0.116026,0.668243,0.000327,-0.836266,0.000591,-1.401970
28.043054,-0.595173,0.261185,1.994389,-1.263149,-1.487935,-0.392884,-0.608329,-0.326255,-0.681898,0.292207,-0.027208,-0.654825,-0.352333,-0.070825,-0.979599,-0.248040,0.310170,-1.839331,0.648534,1.226510,2.071442,-0.030127,0.117992,0.668276,-0.000670,-0.837902,-0.000035,-1.396338
28.043979,-0.597557,0.259084,1.994135,-1.264275,-1.487855,-0.392857,-0.605874,-0.341118,-0.676038,0.278889,-0.030076,-0.658525,-0.351041,-0.070990,-0.979630,-0.247923,0.310840,-1.839331,0.647700,1.226510,2.070073,-0.030664,0.117398,0.671392,-0.000855,-0.833811,-0.000569,-1.391792
28.045034,-0.603300,0.263198,1.997684,-1.267196,-1.487351,-0.393377,-0.599505,-0.354325,-0.671890,0.267902,-0.031553,-0.661518,-0.349708,-0.071246,-0.979660,-0.247802,0.311514,-1.839330,0.646874,1.226511,2.068656,-0.030394,0.118189,0.671009,-0.000408,-0.834186,-0.000117,-1.397794
28.046023,-0.603707,0.263724,1.998123,-1.266210,-1.490751,-0.393941,-0.600911,-0.366777,-0.664609,0.258561,-0.034925,-0.664148,-0.348437,-0.071746,-0.979686,-0.247691,0.312176,-1.839325,0.646031,1.226514,2.067208,-0.028655,0.116123,0.669981,0.001640,-0.835996,0.000931,-1.412430
28.046938,-0.602267,0.265385,2.002225,-1.264828,-1.490384,-0.392133,-0.604851,-0.377904,-0.649764,0.251931,-0.043034,-0.666635,-0.347377,-0.072444,-0.979717,-0.247576,0.312850,-1.839327,0.645191,1.226515,2.065814,-0.029488,0.115759,0.669836,-0.000045,-0.833256,0.001994,-1.411003
28.047992,-0.598090,0.265541,1.998653,-1.265519,-1.488792,-0.391344,-0.607396,-0.385071,-0.628633,0.250985,-0.054864,-0.668716,-0.346604,-0.073097,-0.979752,-0.247464,0.313519,-1.839331,0.644365,1.226514,2.064416,-0.031066,0.114742,0.667262,-0.002009,-0.833819,0.000639,-1.404059
28.048979,-0.604463,0.263019,2.001244,-1.264727,-1.494782,-0.390367,-0.603413,-0.384936,-0.605478,0.259176,-0.067671,-0.669905,-0.346165,-0.073569,-0.979791,-0.247351,0.314187,-1.839332,0.643521,1.226511,2.063031,-0.034162,0.114658,0.669763,-0.002025,-0.836701,0.000414,-1.401055
28.050042,-0.608676,0.262311,1.998868,-1.267015,-1.493125,-0.389548,-0.601929,-0.378182,-0.583222,0.275159,-0.079653,-0.670140,-0.345958,-0.073952,-0.979818,-0.247232,0.314855,-1.839337,0.642694,1.226511,2.061593,-0.031974,0.115764,0.668547,-0.003435,-0.831443,-0.000059,-1.410500
28.051108,-0.612828,0.260999,1.998038,-1.269076,-1.492768,-0.389886,-0.604470,-0.368888,-0.563124,0.293755,-0.090052,-0.669734,-0.345763,-0.074332,-0.979849,-0.247115,0.315524,-1.839336,0.641861,1.226512,2.060165,-0.030986,0.116060,0.670504,-0.001911,-0.834641,-0.000339,-1.415368
28.052012,-0.616636,0.263293,2.000219,-1.267297,-1.498537,-0.387470,-0.604700,-0.361315,-0.543559,0.309909,-0.099926,-0.669078,-0.345438,-0.074622,-0.979879,-0.246997,0.316199,-1.839334,0.641022,1.226514,2.058769,-0.030030,0.116670,0.671590,-0.000668,-0.836419,0.000545,-1.412301
28.053037,-0.612725,0.262865,1.997304,-1.269160,-1.498138,-0.387244,-0.603232,-0.356971,-0.522563,0.321992,-0.110327,-0.668328,-0.344935,-0.074736,-0.979908,-0.246885,0.316872,-1.839341,0.640206,1.226509,2.057353,-0.029035,0.115307,0.669845,-0.002966,-0.830739,-0.001406,-1.412715
28.053997,-0.609537,0.263906,1.997608,-1.267494,-1.498022,-0.387246,-0.601386,-0.354167,-0.499608,0.332180,-0.121356,-0.667397,-0.344294,-0.074761,-0.979945,-0.246771,0.317540,-1.839343,0.639371,1.226510,2.055919,-0.032004,0.115478,0.671761,-0.001764,-0.832293,-0.001092,-1.417334
28.054962,-0.607379,0.266779,2.000572,-1.268066,-1.498316,-0.386933,-0.601091,-0.349659,-0.476032,0.344217,-0.132419,-0.666014,-0.343686,-0.074869,-0.979987,-0.246655,0.318213,-1.839351,0.638533,1.226509,2.054493,-0.034428,0.114780,0.671418,-0.003967,-0.832873,-0.000587,-1.422247
28.056005,-0.605466,0.262500,2.002642,-1.269101,-1.500976,-0.386908,-0.604579,-0.339676,-0.453105,0.362372,-0.142896,-0.663848,-0.343312,-0.075079,-0.980026,-0.246545,0.318883,-1.839355,0.637707,1.226508,2.053059,-0.036371,0.113251,0.669827,-0.003974,-0.833186,-0.000405,-1.424009
28.056997,-0.609791,0.260691,1.997358,-1.267822,-1.498982,-0.386506,-0.605689,-0.321362,-0.432002,0.389863,-0.152658,-0.660730,-0.343385,-0.075230,-0.980069,-0.246426,0.319548,-1.839359,0.636875,1.226508,2.051662,-0.038262,0.115328,0.669427,-0.003595,-0.831802,0.000108,-1.418893
28.057990,-0.613937,0.260575,1.992310,-1.269683,-1.503114,-0.385298,-0.603381,-0.296323,-0.416323,0.424314,-0.159862,-0.656667,-0.343845,-0.075200,-0.980103,-0.246308,0.320227,-1.839370,0.636045,1.226512,2.050244,-0.037048,0.116070,0.672123,-0.005361,-0.834677,0.000182,-1.418182
28.058986,-0.613744,0.259471,1.992710,-1.270880,-1.502663,-0.386016,-0.600625,-0.271871,-0.406258,0.456797,-0.163205,-0.652098,-0.344200,-0.075040,-0.980138,-0.246193,0.320900,-1.839371,0.635216,1.226513,2.048800,-0.035929,0.116002,0.674752,-0.004169,-0.831336,-0.000527,-1.424242
28.060003,-0.604573,0.259194,1.990119,-1.271781,-1.500918,-0.385039,-0.602341,-0.253142,-0.397883,0.481567,-0.164491,-0.647645,-0.344214,-0.074854,-0.980179,-0.246076,0.321577,-1.839373,0.634374,1.226514,2.047348,-0.036949,0.116430,0.674607,-0.003641,-0.832582,0.000714,-1.431128
28.060961,-0.598164,0.257033,1.993052,-1.272516,-1.504469,-0.384650,-0.607698,-0.237138,-0.390569,0.502446,-0.165054,-0.643323,-0.344187,-0.074613,-0.980231,-0.245961,0.322257,-1.839376,0.633543,1.226514,2.045935,-0.042361,0.116477,0.676141,-0.003407,-0.835398,0.000240,-1.429279
28.061943,-0.595604,0.258285,1.987002,-1.270687,-1.500965,-0.384296,-0.606952,-0.216812,-0.387187,0.527719,-0.164573,-0.638744,-0.344588,-0.074197,-0.980286,-0.245843,0.322925,-1.839378,0.632711,1.226515,2.044525,-0.046226,0.117376,0.674515,-0.003327,-0.832288,0.000342,-1.419743
28.063133,-0.608005,0.257675,1.988110,-1.274092,-1.500065,-0.383426,-0.604816,-0.188744,-0.389849,0.561197,-0.162092,-0.633774,-0.345563,-0.073612,-0.980337,-0.245727,0.323610,-1.839388,0.631874,1.226515,2.043107,-0.048241,0.116590,0.677455,-0.005641,-0.836541,0.000491,-1.422761
28.064005,-0.613427,0.250238,1.985375,-1.274266,-1.499541,-0.383820,-0.601018,-0.158426,-0.395824,0.596281,-0.157711,-0.628960,-0.346665,-0.073049,-0.980371,-0.245610,0.324287,-1.839386,0.631026,1.226512,2.041655,-0.043215,0.117026,0.678556,-0.003113,-0.839904,0.000239,-1.429828
28.064966,-0.609389,0.251458,1.976646,-1.273867,-1.497952,-0.382073,-0.604605,-0.133816,-0.402701,0.623610,-0.152073,-0.625082,-0.347429,-0.072650,-0.980410,-0.245483,0.324973,-1.839390,0.630181,1.226515,2.040219,-0.041281,0.120354,0.678872,-0.003507,-0.839976,0.001074,-1.437971
28.066047,-0.604598,0.252271,1.977481,-1.275806,-1.498984,-0.380990,-0.608613,-0.117357,-0.412811,0.640269,-0.144004,-0.622304,-0.347740,-0.072337,-0.980461,-0.245366,0.325666,-1.839395,0.629340,1.226515,2.038798,-0.044069,0.119534,0.682869,-0.004477,-0.842035,-0.000200,-1.431892
28.067033,-0.606516,0.247283,1.977883,-1.277852,-1.495355,-0.381324,-0.606260,-0.107032,-0.425489,0.648949,-0.133952,-0.620421,-0.347729,-0.071983,-0.980515,-0.245247,0.326345,-1.839397,0.628491,1.226514,2.037398,-0.047317,0.119074,0.683179,-0.003261,-0.842451,-0.000718,-1.426060
28.067948,-0.603578,0.246933,1.973498,-1.278883,-1.494725,-0.381267,-0.603439,-0.098567,-0.439099,0.655106,-0.123988,-0.619189,-0.347757,-0.071657,-0.980563,-0.245121,0.327030,-1.839395,0.627633,1.226515,2.035945,-0.047121,0.121346,0.682869,-0.001969,-0.846611,0.000127,-1.432171
28.069077,-0.607028,0.245459,1.970984,-1.279628,-1.495285,-0.379370,-0.604424,-0.088941,-0.454934,0.662349,-0.114650,-0.618362,-0.348093,-0.071529,-0.980616,-0.245001,0.327723,-1.839397,0.626792,1.226515,2.034480,-0.049245,0.121217,0.684301,-0.001570,-0.847222,0.000533,-1.438542
28.069965,-0.608592,0.246445,1.968378,-1.279087,-1.494366,-0.379309,-0.607711,-0.079345,-0.472463,0.669325,-0.106067,-0.617893,-0.348621,-0.071586,-0.980663,-0.244876,0.328411,-1.839398,0.625935,1.226515,2.033049,-0.048504,0.121905,0.686617,-0.001612,-0.848494,-0.000798,-1.438922
28.070921,-0.608896,0.242400,1.967232,-1.278873,-1.495831,-0.379365,-0.607758,-0.072825,-0.489646,0.672593,-0.098298,-0.617814,-0.349030,-0.071649,-0.980710,-0.244756,0.329101,-1.839402,0.625092,1.226515,2.031623,-0.048391,0.121087,0.686929,-0.002712,-0.849154,-0.000388,-1.432973
28.072004,-0.612183,0.241735,1.958082,-1.279325,-1.496456,-0.379453,-0.603916,-0.069702,-0.506821,0.671794,-0.090571,-0.617925,-0.349204,-0.071657,-0.980762,-0.244630,0.329785,-1.839406,0.624240,1.226515,2.030177,-0.048955,0.122841,0.687170,-0.003536,-0.847962,0.000153,-1.434048
28.072990,-0.608875,0.237863,1.961075,-1.279645,-1.496648,-0.377998,-0.601754,-0.070653,-0.525604,0.666015,-0.081782,-0.618087,-0.349090,-0.071757,-0.980810,-0.244503,0.330488,-1.839409,0.623382,1.226516,2.028725,-0.048226,0.123019,0.692286,-0.003782,-0.848740,0.000792,-1.443810
28.073934,-0.606956,0.238587,1.960094,-1.281310,-1.501162,-0.377191,-0.603981,-0.076488,-0.546881,0.654254,-0.071408,-0.618230,-0.348654,-0.072054,-0.980867,-0.244378,0.331181,-1.839414,0.622537,1.226512,2.027258,-0.050601,0.124725,0.690517,-0.004056,-0.849182,-0.000150,-1.449325
28.075065,-0.608146,0.235991,1.955153,-1.280964,-1.502228,-0.377185,-0.606960,-0.082686,-0.570921,0.642081,-0.060378,-0.618060,-0.348231,-0.072412,-0.980924,-0.244253,0.331865,-1.839415,0.621695,1.226514,2.025833,-0.052184,0.124046,0.690595,-0.003029,-0.844887,-0.000476,-1.445872
28.075999,-0.614167,0.234693,1.954564,-1.282341,-1.501665,-0.376114,-0.603357,-0.086981,-0.596122,0.632441,-0.050178,-0.617583,-0.348023,-0.072642,-0.980976,-0.244123,0.332571,-1.839422,0.620854,1.226515,2.024392,-0.052517,0.125250,0.693952,-0.004046,-0.845879,0.000098,-1.442295
28.076927,-0.618685,0.230666,1.945503,-1.285249,-1.498309,-0.376293,-0.599597,-0.092477,-0.620846,0.621642,-0.040921,-0.617154,-0.347815,-0.072788,-0.981021,-0.243997,0.333260,-1.839424,0.619992,1.226514,2.022913,-0.050237,0.125566,0.693632,-0.003301,-0.846419,-0.000499,-1.450423
28.078037,-0.623572,0.230423,1.943269,-1.284280,-1.502240,-0.375258,-0.601554,-0.102661,-0.643475,0.605580,-0.033039,-0.617252,-0.347398,-0.073022,-0.981067,-0.243865,0.333968,-1.839421,0.619139,1.226515,2.021447,-0.048735,0.127195,0.697348,-0.001102,-0.849820,0.000157,-1.458762
28.079010,-0.616530,0.231047,1.938403,-1.284556,-1.500562,-0.374597,-0.605156,-0.120696,-0.662482,0.580658,-0.027018,-0.618326,-0.346599,-0.073353,-0.981109,-0.243738,0.334679,-1.839429,0.618291,1.226515,2.019988,-0.047322,0.127193,0.699053,-0.002734,-0.847571,-0.000316,-1.456905
28.080020,-0.611040,0.229829,1.933512,-1.285054,-1.499834,-0.373641,-0.606753,-0.145757,-0.677994,0.547944,-0.022157,-0.620353,-0.345379,-0.073602,-0.981168,-0.243613,0.335376,-1.839432,0.617446,1.226514,2.018566,-0.051545,0.126612,0.701144,-0.003069,-0.849801,-0.000472,-1.450977
28.081034,-0.614917,0.232586,1.929050,-1.284649,-1.502275,-0.372978,-0.601971,-0.172227,-0.691178,0.514113,-0.017914,-0.622902,-0.344004,-0.073695,-0.981229,-0.243484,0.336088,-1.839437,0.616592,1.226513,2.017110,-0.054955,0.126974,0.703365,-0.003188,-0.851288,-0.000909,-1.449272
28.082016,-0.626730,0.226427,1.926256,-1.287844,-1.501501,-0.373261,-0.599868,-0.197291,-0.701649,0.482496,-0.014518,-0.625792,-0.342607,-0.073784,-0.981278,-0.243362,0.336802,-1.839445,0.615749,1.226512,2.015617,-0.053797,0.125407,0.705378,-0.004155,-0.849728,-0.001045,-1.460294
28.082915,-0.630289,0.226148,1.926828,-1.286687,-1.499092,-0.373784,-0.604920,-0.224281,-0.707260,0.449180,-0.012805,-0.629358,-0.340999,-0.073995,-0.981317,-0.243229,0.337507,-1.839441,0.614893,1.226512,2.014154,-0.048742,0.128177,0.706404,-0.001717,-0.851005,-0.000250,-1.465663
28.083961,-0.627155,0.228204,1.922097,-1.287701,-1.502694,-0.373086,-0.609104,-0.255342,-0.708894,0.411533,-0.012576,-0.633700,-0.339115,-0.074195,-0.981362,-0.243100,0.338212,-1.839448,0.614046,1.226515,2.012708,-0.047713,0.127893,0.705039,-0.003399,-0.853244,0.000716,-1.456102
28.084953,-0.630783,0.228956,1.924710,-1.289063,-1.498208,-0.372144,-0.607537,-0.287848,-0.707732,0.372707,-0.013462,-0.638451,-0.337114,-0.074180,-0.981418,-0.242975,0.338919,-1.839451,0.613195,1.226514,2.011282,-0.050100,0.126690,0.707569,-0.003062,-0.850710,0.000549,-1.449589
28.086024,-0.630983,0.230269,1.924957,-1.288097,-1.496239,-0.372005,-0.602126,-0.318665,-0.701814,0.336701,-0.016748,-0.643354,-0.335184,-0.074007,-0.981465,-0.242849,0.339624,-1.839453,0.612323,1.226513,2.009810,-0.049067,0.126069,0.705937,-0.002367,-0.855690,0.000121,-1.454087
28.086987,-0.632008,0.223207,1.923904,-1.289846,-1.494857,-0.371377,-0.603358,-0.345288,-0.690584,0.306507,-0.022842,-0.648124,-0.333442,-0.073902,-0.981517,-0.242727,0.340333,-1.839460,0.611467,1.226512,2.008309,-0.049848,0.125311,0.706154,-0.003957,-0.858938,0.000541,-1.466699
28.087960,-0.638309,0.226837,1.924813,-1.289802,-1.494805,-0.369925,-0.608510,-0.365443,-0.678551,0.284307,-0.029448,-0.652306,-0.331965,-0.073909,-0.981568,-0.242592,0.341045,-1.839462,0.610597,1.226513,2.006860,-0.050057,0.128493,0.706061,-0.002843,-0.860465,0.000395,-1.465230
28.089150,-0.645125,0.225533,1.919010,-1.289723,-1.495895,-0.369577,-0.611031,-0.379145,-0.669278,0.269725,-0.035016,-0.655735,-0.330776,-0.073850,-0.981610,-0.242469,0.341743,-1.839465,0.609742,1.226511,2.005416,-0.047732,0.126392,0.705229,-0.003525,-0.860921,-0.000557,-1.456075
28.090026,-0.650340,0.218722,1.919176,-1.292766,-1.496053,-0.369129,-0.607536,-0.391547,-0.659990,0.256845,-0.040162,-0.658746,-0.329557,-0.073628,-0.981651,-0.242341,0.342451,-1.839472,0.608875,1.226512,2.003949,-0.045487,0.127049,0.709504,-0.004303,-0.862134,-0.000288,-1.453807
28.091014,-0.649570,0.221926,1.918443,-1.292744,-1.498856,-0.368924,-0.604446,-0.407878,-0.649942,0.239531,-0.044793,-0.661678,-0.328041,-0.073383,-0.981692,-0.242207,0.343159,-1.839470,0.608009,1.226512,2.002481,-0.043609,0.129986,0.708079,-0.001906,-0.861352,-0.000291,-1.461325
28.091971,-0.640875,0.222206,1.922391,-1.293238,-1.497767,-0.368273,-0.606996,-0.426676,-0.640896,0.219610,-0.049252,-0.664525,-0.326472,-0.073260,-0.981739,-0.242085,0.343875,-1.839474,0.607158,1.226513,2.000993,-0.044828,0.128129,0.708008,-0.002576,-0.859125,0.000008,-1.468668
28.093099,-0.642843,0.223256,1.919963,-1.292546,-1.499261,-0.366477,-0.614041,-0.441258,-0.632137,0.205368,-0.055058,-0.666936,-0.325304,-0.073165,-0.981799,-0.241957,0.344572,-1.839478,0.606289,1.226513,1.999549,-0.049832,0.127698,0.705527,-0.002686,-0.860374,-0.000157,-1.464571
28.094009,-0.646789,0.221039,1.917943,-1.293902,-1.500538,-0.366108,-0.611359,-0.446521,-0.623762,0.202844,-0.062212,-0.668509,-0.324765,-0.072915,-0.981845,-0.241832,0.345282,-1.839485,0.605424,1.226511,1.998114,-0.049807,0.127098,0.707551,-0.004035,-0.860602,-0.001377,-1.452781
28.095005,-0.650695,0.219490,1.911596,-1.294051,-1.501983,-0.364335,-0.606636,-0.445036,-0.615848,0.208704,-0.069831,-0.669401,-0.324617,-0.072559,-0.981890,-0.241704,0.345984,-1.839488,0.604570,1.226512,1.996629,-0.048553,0.127854,0.707626,-0.003241,-0.859159,-0.001272,-1.458938
28.095985,-0.650086,0.217718,1.913629,-1.294483,-1.501926,-0.362767,-0.607618,-0.442967,-0.607710,0.215483,-0.077469,-0.670100,-0.324468,-0.072361,-0.981935,-0.241575,0.346698,-1.839495,0.603708,1.226510,1.995147,-0.047442,0.128350,0.710457,-0.003654,-0.858267,-0.002535,-1.469671
28.097010,-0.645270,0.222206,1.917899,-1.292628,-1.505356,-0.363658,-0.612862,-0.442676,-0.600212,0.220253,-0.084354,-0.670686,-0.324136,-0.072419,-0.981984,-0.241448,0.347409,-1.839499,0.602860,1.226508,1.993681,-0.048538,0.128957,0.708936,-0.003838,-0.858886,-0.003585,-1.468783
28.097943,-0.636173,0.221038,1.911763,-1.293965,-1.507995,-0.364144,-0.613173,-0.429214,-0.590090,0.245385,-0.095483,-0.669544,-0.323827,-0.072684,-0.982108,-0.241198,0.348824,-1.839514,0.601154,1.226511,1.990790,-0.056770,0.126793,0.709050,-0.005408,-0.853751,-0.001209,-1.460215
28.098974,-0.636784,0.220983,1.917761,-1.292809,-1.509410,-0.365277,-0.607976,-0.429214,-0.590090,0.245385,-0.095483,-0.669544,-0.323827,-0.072684,-0.982108,-0.241198,0.348824,-1.839514,0.601154,1.226511,1.990790,-0.056770,0.126793,0.709050,-0.005408,-0.853751,-0.001209,-1.460215
28.099990,-0.640849,0.215883,1.915671,-1.293555,-1.511204,-0.363434,-0.606219,-0.408196,-0.587619,0.274925,-0.100769,-0.667138,-0.324446,-0.072964,-0.982166,-0.241075,0.349534,-1.839524,0.600308,1.226515,1.989280,-0.057154,0.126653,0.705980,-0.007107,-0.853393,0.000439,-1.472115
28.100942,-0.640097,0.215418,1.913572,-1.291358,-1.511232,-0.364517,-0.608539,-0.378007,-0.589715,0.314749,-0.104445,-0.663450,-0.325586,-0.073493,-0.982218,-0.240943,0.350240,-1.839529,0.599456,1.226511,1.987807,-0.055890,0.128939,0.706968,-0.006944,-0.852428,-0.000891,-1.476978
28.101982,-0.636855,0.215130,1.907536,-1.292461,-1.512515,-0.363820,-0.612050,-0.342787,-0.598656,0.359419,-0.104363,-0.658664,-0.326900,-0.074079,-0.982276,-0.240812,0.350953,-1.839543,0.598607,1.226515,1.986337,-0.056918,0.128788,0.707303,-0.009535,-0.852700,0.000684,-1.473232
28.103068,-0.638305,0.215929,1.911610,-1.291918,-1.512754,-0.363920,-0.610228,-0.306477,-0.613576,0.404097,-0.100004,-0.653046,-0.328112,-0.074480,-0.982340,-0.240688,0.351658,-1.839549,0.597752,1.226516,1.984897,-0.059262,0.128794,0.710598,-0.009017,-0.852600,0.000506,-1.468039
28.103965,-0.638839,0.212896,1.914037,-1.293415,-1.514998,-0.362564,-0.606321,-0.271098,-0.631050,0.446581,-0.092882,-0.646886,-0.329146,-0.074711,-0.982401,-0.240558,0.352367,-1.839561,0.596891,1.226517,1.983409,-0.059385,0.128310,0.709503,-0.010123,-0.854377,0.001196,-1.474101
28.104917,-0.636042,0.213618,1.915655,-1.294684,-1.514012,-0.363166,-0.607725,-0.235780,-0.649205,0.488183,-0.084553,-0.640348,-0.330118,-0.074943,-0.982461,-0.240426,0.353075,-1.839570,0.596047,1.226513,1.981902,-0.059720,0.129469,0.707628,-0.009092,-0.852417,0.000334,-1.482726
28.106136,-0.635924,0.210865,1.920238,-1.297248,-1.516326,-0.362838,-0.611837,-0.197780,-0.667494,0.532481,-0.076521,-0.633514,-0.331301,-0.075190,-0.982529,-0.240300,0.353778,-1.839577,0.595187,1.226515,1.980437,-0.061727,0.128862,0.706722,-0.008380,-0.854136,0.001459,-1.481194
28.106983,-0.637301,0.211018,1.916575,-1.298234,-1.517907,-0.362510,-0.611725,-0.155626,-0.685113,0.581508,-0.070288,-0.626552,-0.332928,-0.075308,-0.982594,-0.240165,0.354486,-1.839581,0.594344,1.226516,1.978968,-0.062794,0.130296,0.706594,-0.006653,-0.855282,0.001778,-1.476320
28.107946,-0.646015,0.211205,1.912341,-1.297830,-1.515283,-0.361522,-0.607918,-0.111097,-0.701065,0.633290,-0.066645,-0.619854,-0.334977,-0.075278,-0.982655,-0.240037,0.355189,-1.839587,0.593487,1.226517,1.977480,-0.062609,0.129801,0.707402,-0.006195,-0.853376,0.001900,-1.477085
28.108950,-0.646849,0.206364,1.912678,-1.298304,-1.512944,-0.360089,-0.605687,-0.070396,-0.712686,0.680592,-0.065676,-0.614107,-0.336999,-0.075284,-0.982707,-0.239908,0.355906,-1.839596,0.592615,1.226516,1.975987,-0.059012,0.129466,0.709349,-0.007126,-0.856749,0.001433,-1.486134
28.110014,-0.641094,0.206307,1.914754,-1.298618,-1.511859,-0.359206,-0.610740,-0.038713,-0.720067,0.717139,-0.065515,-0.609687,-0.338495,-0.075448,-0.982768,-0.239773,0.356617,-1.839604,0.591759,1.226513,1.974474,-0.059384,0.131650,0.709401,-0.007230,-0.860327,0.000558,-1.492140
28.111018,-0.640784,0.206386,1.911256,-1.297224,-1.514295,-0.358328,-0.613962,-0.013283,-0.727955,0.745917,-0.063582,-0.606263,-0.339508,-0.075601,-0.982838,-0.239640,0.357322,-1.839612,0.590886,1.226512,1.973016,-0.063029,0.131503,0.709210,-0.007550,-0.863067,0.000262,-1.484153
28.111983,-0.644807,0.200843,1.905464,-1.299863,-1.509795,-0.359576,-0.612691,0.010370,-0.738644,0.772239,-0.059069,-0.603454,-0.340251,-0.075477,-0.982904,-0.239507,0.358037,-1.839624,0.590019,1.226510,1.971547,-0.063844,0.131229,0.711178,-0.009444,-0.861724,-0.000059,-1.479493
28.112937,-0.653328,0.199744,1.904256,-1.300903,-1.510180,-0.357855,-0.608418,0.030604,-0.751481,0.794211,-0.052146,-0.601351,-0.340651,-0.075088,-0.982965,-0.239371,0.358762,-1.839627,0.589144,1.226515,1.970045,-0.062502,0.133693,0.713807,-0.007425,-0.866963,0.001701,-1.483442
28.114097,-0.655874,0.196174,1.901494,-1.305179,-1.512502,-0.355470,-0.610564,0.042790,-0.764949,0.806409,-0.043802,-0.600284,-0.340578,-0.074667,-0.983017,-0.239235,0.359473,-1.839633,0.588276,1.226513,1.968542,-0.059007,0.133889,0.714200,-0.007003,-0.867179,0.000483,-1.493296
28.115026,-0.655438,0.198932,1.898291,-1.302762,-1.513976,-0.356590,-0.616916,0.043644,-0.775820,0.805333,-0.036415,-0.600543,-0.340000,-0.074274,-0.983075,-0.239095,0.360200,-1.839631,0.587403,1.226509,1.967045,-0.058774,0.135578,0.717026,-0.003642,-0.867446,-0.001260,-1.491715
28.115990,-0.647156,0.200544,1.891359,-1.302582,-1.515407,-0.356684,-0.615653,0.033039,-0.781596,0.791205,-0.031699,-0.602100,-0.338986,-0.073728,-0.983136,-0.238966,0.360915,-1.839643,0.586542,1.226515,1.965575,-0.059637,0.133873,0.718154,-0.006531,-0.866431,0.000364,-1.480089
28.117109,-0.653079,0.198430,1.898061,-1.304803,-1.512452,-0.356538,-0.611498,0.014290,-0.781622,0.768005,-0.029482,-0.604484,-0.337663,-0.072976,-0.983210,-0.238834,0.361641,-1.839652,0.585676,1.226517,1.964099,-0.064351,0.132788,0.721350,-0.007214,-0.865751,0.000960,-1.484192
28.118050,-0.653560,0.195367,1.890143,-1.305987,-1.516320,-0.356101,-0.609158,-0.007738,-0.776580,0.741376,-0.029459,-0.607179,-0.336284,-0.072265,-0.983265,-0.238699,0.362362,-1.839655,0.584800,1.226519,1.962574,-0.062313,0.133767,0.719076,-0.005768,-0.870933,0.001403,-1.494977
28.118996,-0.656427,0.193019,1.886770,-1.305931,-1.516345,-0.354761,-0.615622,-0.030810,-0.768295,0.713815,-0.031548,-0.609996,-0.335067,-0.071785,-0.983330,-0.238563,0.363084,-1.839660,0.583934,1.226520,1.961072,-0.062715,0.134937,0.722649,-0.005206,-0.867513,0.001465,-1.500747
28.119987,-0.657424,0.190107,1.886997,-1.306864,-1.518405,-0.353389,-0.619017,-0.056554,-0.758671,0.683232,-0.034734,-0.612969,-0.333950,-0.071385,-0.983390,-0.238424,0.363815,-1.839668,0.583072,1.226519,1.959600,-0.061940,0.135728,0.723819,-0.005804,-0.868154,0.000635,-1.488949
28.120976,-0.659912,0.190320,1.885444,-1.309231,-1.521421,-0.351906,-0.615205,-0.085137,-0.749718,0.649252,-0.037590,-0.615970,-0.332861,-0.070856,-0.983451,-0.238288,0.364535,-1.839672,0.582211,1.226517,1.958112,-0.062177,0.136888,0.723709,-0.005523,-0.867139,-0.000187,-1.483802
28.122078,-0.657595,0.190791,1.889644,-1.311233,-1.524046,-0.351105,-0.609262,-0.114634,-0.741174,0.614266,-0.040609,-0.618928,-0.331887,-0.070307,-0.983511,-0.238149,0.365266,-1.839672,0.581341,1.226516,1.956618,-0.061674,0.136445,0.724379,-0.003905,-0.865071,-0.001131,-1.493110
28.123010,-0.653950,0.188320,1.882772,-1.310942,-1.523446,-0.349958,-0.614072,-0.142835,-0.729706,0.581344,-0.046380,-0.621976,-0.331190,-0.070020,-0.983578,-0.238014,0.365997,-1.839672,0.580480,1.226514,1.955071,-0.063668,0.136080,0.723119,-0.002768,-0.864612,-0.001314,-1.507232
28.123938,-0.652206,0.187280,1.876440,-1.309973,-1.524663,-0.350180,-0.618486,-0.166873,-0.714978,0.553934,-0.055364,-0.624992,-0.330871,-0.070007,-0.983647,-0.237875,0.366724,-1.839677,0.579614,1.226509,1.953601,-0.066049,0.136918,0.726017,-0.003679,-0.865679,-0.001932,-1.498591
28.124967,-0.663917,0.187281,1.867421,-1.310629,-1.523485,-0.349332,-0.617362,-0.186464,-0.700364,0.531798,-0.064743,-0.627779,-0.330746,-0.070037,-0.983717,-0.237737,0.367463,-1.839686,0.578754,1.226512,1.952123,-0.067442,0.137029,0.728431,-0.005157,-0.864904,-0.001210,-1.490915
28.126031,-0.670306,0.183447,1.864594,-1.311959,-1.521837,-0.350507,-0.610086,-0.237577,-0.667899,0.472155,-0.079140,-0.634427,-0.329032,-0.070380,-0.983825,-0.237461,0.368939,-1.839693,0.576997,1.226515,1.949077,-0.060144,0.138478,0.734930,-0.004584,-0.870645,0.000245,-1.511679
28.126967,-0.671387,0.185847,1.859800,-1.313036,-1.521413,-0.349071,-0.609189,-0.237577,-0.667899,0.472155,-0.079140,-0.634427,-0.329032,-0.070380,-0.983825,-0.237461,0.368939,-1.839693,0.576997,1.226515,1.949077,-0.060144,0.138478,0.734930,-0.004584,-0.870645,0.000245,-1.511679
28.127974,-0.664017,0.183536,1.863632,-1.311845,-1.522112,-0.349030,-0.615518,-0.278193,-0.645786,0.424064,-0.085094,-0.639089,-0.326940,-0.070994,-0.983886,-0.237329,0.369681,-1.839698,0.576130,1.226512,1.947552,-0.060281,0.136930,0.736603,-0.004106,-0.871516,-0.000697,-1.514352
28.129142,-0.658980,0.184787,1.860427,-1.312828,-1.523070,-0.348838,-0.615872,-0.321673,-0.620908,0.372542,-0.090926,-0.644078,-0.324489,-0.071661,-0.983959,-0.237189,0.370408,-1.839706,0.575256,1.226513,1.946083,-0.064614,0.137791,0.734736,-0.005919,-0.871903,-0.000183,-1.503331
28.130066,-0.664526,0.178278,1.860580,-1.315243,-1.517444,-0.348314,-0.611630,-0.358268,-0.597637,0.328925,-0.095614,-0.648499,-0.322225,-0.072163,-0.984034,-0.237052,0.371152,-1.839710,0.574370,1.226515,1.944567,-0.067940,0.137087,0.737656,-0.005699,-0.873507,0.000247,-1.505564
28.130947,-0.669688,0.176067,1.855391,-1.315357,-1.516209,-0.347939,-0.607973,-0.384604,-0.578722,0.296887,-0.098616,-0.652071,-0.320405,-0.072622,-0.984097,-0.236908,0.371894,-1.839712,0.573490,1.226515,1.943022,-0.065729,0.139909,0.736724,-0.003951,-0.879395,0.000219,-1.514966
28.132003,-0.676064,0.175539,1.854264,-1.319732,-1.515469,-0.346493,-0.612230,-0.403365,-0.565070,0.273048,-0.099715,-0.655077,-0.318943,-0.073206,-0.984158,-0.236767,0.372631,-1.839715,0.572604,1.226515,1.941471,-0.063714,0.140490,0.738196,-0.004446,-0.880333,0.000322,-1.522757
28.133059,-0.669614,0.177980,1.853682,-1.318159,-1.513778,-0.344842,-0.617986,-0.419492,-0.553921,0.251924,-0.100239,-0.658021,-0.317629,-0.073800,-0.984216,-0.236625,0.373376,-1.839709,0.571722,1.226514,1.939984,-0.061386,0.140476,0.739043,-0.000999,-0.882571,-0.000556,-1.516172
28.134099,-0.664744,0.177153,1.851204,-1.317693,-1.511213,-0.344434,-0.614892,-0.435040,-0.540443,0.231833,-0.102713,-0.661132,-0.316389,-0.074185,-0.984288,-0.236490,0.374114,-1.839717,0.570824,1.226509,1.938489,-0.065361,0.139050,0.739714,-0.003246,-0.885601,-0.001610,-1.506674
28.135078,-0.663224,0.174230,1.850594,-1.318229,-1.511234,-0.343768,-0.610469,-0.446388,-0.525398,0.217201,-0.106297,-0.663840,-0.315284,-0.074399,-0.984363,-0.236347,0.374862,-1.839724,0.569924,1.226510,1.936975,-0.068427,0.139169,0.741070,-0.004328,-0.889333,-0.001445,-1.514890
28.135951,-0.665605,0.173958,1.845553,-1.321855,-1.511792,-0.344379,-0.611874,-0.449882,-0.513121,0.211981,-0.108458,-0.665511,-0.314384,-0.074679,-0.984435,-0.236207,0.375611,-1.839728,0.569034,1.226508,1.935424,-0.069748,0.140279,0.740934,-0.004452,-0.889945,-0.001573,-1.524990
28.137089,-0.661560,0.169599,1.840009,-1.321434,-1.510289,-0.344782,-0.617575,-0.446275,-0.503868,0.215292,-0.109859,-0.666227,-0.313754,-0.075046,-0.984503,-0.236068,0.376349,-1.839723,0.568144,1.226510,1.933919,-0.069008,0.139918,0.742246,-0.001583,-0.888994,-0.000489,-1.522670
28.138071,-0.664510,0.166848,1.834693,-1.323298,-1.513589,-0.344818,-0.620460,-0.439293,-0.495837,0.222915,-0.111974,-0.666354,-0.313354,-0.075278,-0.984581,-0.235921,0.377106,-1.839728,0.567258,1.226512,1.932419,-0.071810,0.141901,0.745909,-0.002814,-0.892797,0.000520,-1.513851
28.138933,-0.668983,0.160657,1.834832,-1.324200,-1.513213,-0.344164,-0.613307,-0.432464,-0.490618,0.230429,-0.113525,-0.666046,-0.313020,-0.075275,-0.984650,-0.235777,0.377848,-1.839728,0.566365,1.226512,1.930905,-0.070915,0.142869,0.748233,-0.001669,-0.890101,0.001079,-1.509539
28.140003,-0.662104,0.159949,1.835549,-1.325210,-1.512841,-0.344167,-0.611740,-0.427676,-0.489989,0.235424,-0.113445,-0.665455,-0.312661,-0.075230,-0.984718,-0.235625,0.378595,-1.839729,0.565466,1.226512,1.929363,-0.069121,0.145321,0.746704,-0.001411,-0.889929,0.000885,-1.524421
28.140995,-0.653200,0.155851,1.835243,-1.324692,-1.515531,-0.343042,-0.619415,-0.422336,-0.495142,0.241041,-0.111713,-0.664431,-0.312436,-0.075305,-0.984800,-0.235481,0.379346,-1.839730,0.564578,1.226515,1.927817,-0.073213,0.145362,0.746692,-0.001201,-0.891894,0.001459,-1.529396
28.142051,-0.652909,0.157918,1.834828,-1.326489,-1.518397,-0.343152,-0.621942,-0.410118,-0.508288,0.254728,-0.107765,-0.662379,-0.312666,-0.075326,-0.984888,-0.235332,0.380086,-1.839735,0.563689,1.226513,1.926340,-0.078091,0.146990,0.746640,-0.002397,-0.889966,0.000870,-1.515487
28.143001,-0.658228,0.156190,1.831540,-1.326236,-1.518756,-0.342600,-0.618963,-0.388237,-0.528665,0.279858,-0.102113,-0.659080,-0.313513,-0.075066,-0.984970,-0.235189,0.380836,-1.839734,0.562799,1.226515,1.924834,-0.078769,0.145639,0.747087,-0.001415,-0.888520,0.001551,-1.512547
28.144017,-0.666530,0.152624,1.840555,-1.327954,-1.522589,-0.340425,-0.613815,-0.361431,-0.550340,0.311223,-0.096971,-0.655084,-0.314735,-0.074652,-0.985041,-0.235043,0.381589,-1.839738,0.561915,1.226516,1.923288,-0.076625,0.146055,0.747997,-0.002318,-0.888604,0.001501,-1.519641
28.145050,-0.661331,0.154021,1.839858,-1.329157,-1.523009,-0.339610,-0.617269,-0.335244,-0.569445,0.342541,-0.093382,-0.650989,-0.315992,-0.074383,-0.985108,-0.234893,0.382321,-1.839737,0.561032,1.226512,1.921740,-0.073152,0.147425,0.743536,-0.001388,-0.885841,-0.000111,-1.531520
28.146062,-0.653252,0.159992,1.833666,-1.326780,-1.524039,-0.339106,-0.623200,-0.309694,-0.585507,0.374027,-0.091786,-0.646963,-0.317286,-0.074268,-0.985190,-0.234749,0.383072,-1.839737,0.560153,1.226514,1.920224,-0.076361,0.146369,0.743955,-0.000978,-0.886757,-0.000366,-1.526229
28.146999,-0.648169,0.156143,1.832303,-1.330039,-1.524453,-0.339214,-0.622091,-0.283668,-0.595909,0.407358,-0.093107,-0.642996,-0.318650,-0.074073,-0.985280,-0.234614,0.383817,-1.839747,0.559264,1.226516,1.918745,-0.080823,0.143104,0.746975,-0.003920,-0.886710,-0.000333,-1.516085
28.147984,-0.660902,0.153605,1.828464,-1.330642,-1.521486,-0.338486,-0.615814,-0.256984,-0.598964,0.442686,-0.097442,-0.639061,-0.320058,-0.073796,-0.985371,-0.234465,0.384564,-1.839744,0.558370,1.226517,1.917214,-0.083640,0.144564,0.746863,-0.001415,-0.886513,0.000281,-1.519439
28.149094,-0.666072,0.157237,1.825121,-1.330698,-1.525200,-0.335497,-0.616815,-0.231669,-0.596229,0.477086,-0.104119,-0.635329,-0.321457,-0.073730,-0.985437,-0.234318,0.385321,-1.839746,0.557481,1.226514,1.915645,-0.077848,0.145397,0.748324,-0.001542,-0.890245,0.000100,-1.533308
28.150065,-0.664344,0.156062,1.817700,-1.332450,-1.525861,-0.335632,-0.622847,-0.215275,-0.586623,0.501411,-0.112492,-0.632309,-0.322351,-0.074012,-0.985510,-0.234178,0.386067,-1.839749,0.556592,1.226506,1.914095,-0.076063,0.143371,0.750755,-0.002278,-0.888428,-0.002261,-1.533402
28.150994,-0.654193,0.155752,1.818047,-1.331387,-1.524882,-0.334175,-0.624718,-0.213384,-0.567053,0.509305,-0.122899,-0.630375,-0.322313,-0.074408,-0.985590,-0.234033,0.386828,-1.839749,0.555711,1.226504,1.912610,-0.077433,0.143560,0.753831,-0.001251,-0.888459,-0.001558,-1.522676
28.152027,-0.651409,0.150645,1.818920,-1.330649,-1.523383,-0.335639,-0.618807,-0.221070,-0.540465,0.506424,-0.134640,-0.629090,-0.321589,-0.074720,-0.985684,-0.233891,0.387571,-1.839754,0.554818,1.226502,1.911091,-0.082788,0.143256,0.752819,-0.002944,-0.889590,-0.002518,-1.519989
28.153007,-0.653458,0.151994,1.823381,-1.331413,-1.524739,-0.335383,-0.615827,-0.227270,-0.516176,0.504950,-0.144209,-0.627427,-0.320702,-0.075090,-0.985773,-0.233740,0.388326,-1.839760,0.553918,1.226506,1.909538,-0.084601,0.145418,0.752368,-0.004325,-0.892198,-0.000489,-1.533620
28.154145,-0.656502,0.154463,1.823518,-1.331314,-1.524857,-0.335254,-0.622818,-0.225262,-0.500171,0.512138,-0.149364,-0.624902,-0.319985,-0.075634,-0.985855,-0.233599,0.389075,-1.839765,0.553035,1.226507,1.907982,-0.084020,0.144357,0.749688,-0.004188,-0.891556,-0.000238,-1.540743
28.155023,-0.661511,0.151123,1.821578,-1.332788,-1.526764,-0.335672,-0.626604,-0.216243,-0.488888,0.526819,-0.152046,-0.621961,-0.319435,-0.076146,-0.985936,-0.233457,0.389823,-1.839770,0.552132,1.226509,1.906492,-0.083203,0.142946,0.750627,-0.005049,-0.893535,0.000240,-1.529260
28.156013,-0.664476,0.150804,1.818113,-1.335876,-1.519685,-0.334146,-0.623112,-0.205209,-0.476981,0.543553,-0.154593,-0.619346,-0.318869,-0.076412,-0.986010,-0.233307,0.390577,-1.839771,0.551251,1.226513,1.904985,-0.081095,0.144034,0.750206,-0.004211,-0.891351,0.001113,-1.522373
28.157030,-0.664377,0.149396,1.821367,-1.335537,-1.523012,-0.333393,-0.617130,-0.196388,-0.462350,0.557580,-0.158275,-0.617633,-0.318211,-0.076548,-0.986087,-0.233164,0.391326,-1.839770,0.550338,1.226512,1.903426,-0.080155,0.143800,0.751620,-0.001903,-0.899071,0.000109,-1.530797
28.158050,-0.665245,0.148809,1.819451,-1.337202,-1.522890,-0.333004,-0.619593,-0.190325,-0.444741,0.568356,-0.163736,-0.616959,-0.317526,-0.076825,-0.986171,-0.233018,0.392076,-1.839777,0.549436,1.226512,1.901864,-0.080714,0.144138,0.749867,-0.002893,-0.896559,-0.000085,-1.544299
28.158977,-0.664206,0.149833,1.813618,-1.337541,-1.519274,-0.331025,-0.625443,-0.184934,-0.425918,0.578258,-0.170389,-0.617095,-0.316925,-0.077244,-0.986250,-0.232878,0.392832,-1.839779,0.548526,1.226513,1.900328,-0.080831,0.144124,0.750695,-0.001936,-0.897572,0.000077,-1.540810
28.160017,-0.670740,0.152429,1.806452,-1.335323,-1.517916,-0.330867,-0.624653,-0.180202,-0.406217,0.587233,-0.177932,-0.617914,-0.316395,-0.077575,-0.986333,-0.232736,0.393582,-1.839783,0.547626,1.226510,1.898836,-0.081726,0.143154,0.752724,-0.002226,-0.901278,-0.001397,-1.530118
28.161123,-0.680235,0.149185,1.808890,-1.337472,-1.517483,-0.330932,-0.617644,-0.180422,-0.383536,0.590144,-0.185813,-0.619494,-0.315566,-0.077787,-0.986408,-0.232597,0.394344,-1.839794,0.546714,1.226511,1.897283,-0.079057,0.141588,0.756267,-0.004999,-0.903658,-0.000978,-1.533524
28.162082,-0.685817,0.151226,1.810399,-1.338132,-1.517711,-0.331300,-0.619002,-0.190514,-0.356987,0.581000,-0.192882,-0.621930,-0.314034,-0.078086,-0.986475,-0.232453,0.395103,-1.839794,0.545812,1.226512,1.895689,-0.075123,0.143010,0.755572,-0.003658,-0.905865,-0.000321,-1.549702
28.163036,-0.677124,0.153494,1.805588,-1.336247,-1.519694,-0.331136,-0.626254,-0.210584,-0.326974,0.559791,-0.199671,-0.625102,-0.311896,-0.078486,-0.986546,-0.232312,0.395847,-1.839800,0.544904,1.226512,1.894158,-0.072918,0.141568,0.754266,-0.003606,-0.905910,0.000569,-1.547975
28.164092,-0.671659,0.145993,1.803929,-1.336440,-1.518189,-0.329633,-0.627672,-0.235922,-0.294085,0.532472,-0.207195,-0.628490,-0.309532,-0.078698,-0.986632,-0.232174,0.396609,-1.839811,0.544013,1.226516,1.892645,-0.077703,0.140068,0.755903,-0.006002,-0.904321,0.000893,-1.534552
28.165017,-0.678602,0.138946,1.805672,-1.338692,-1.521112,-0.330112,-0.621666,-0.259501,-0.264368,0.506982,-0.213052,-0.631203,-0.307289,-0.078576,-0.986720,-0.232024,0.397360,-1.839819,0.543101,1.226514,1.891121,-0.080930,0.143505,0.756945,-0.006412,-0.907056,-0.000038,-1.533770
28.166000,-0.679606,0.135843,1.802823,-1.341053,-1.522741,-0.328784,-0.617139,-0.276124,-0.247347,0.488468,-0.213721,-0.632650,-0.305481,-0.078347,-0.986791,-0.231873,0.398111,-1.839820,0.542194,1.226517,1.889538,-0.077906,0.146453,0.755108,-0.004821,-0.904041,0.000946,-1.546612
28.167044,-0.683981,0.136229,1.800535,-1.340638,-1.522028,-0.326426,-0.623691,-0.286081,-0.245137,0.476350,-0.209719,-0.633100,-0.304276,-0.078217,-0.986868,-0.231727,0.398875,-1.839821,0.541303,1.226517,1.887956,-0.077964,0.147564,0.755983,-0.003194,-0.903119,0.000129,-1.556784
28.168017,-0.675705,0.139584,1.801441,-1.340390,-1.525024,-0.327628,-0.628399,-0.299126,-0.263716,0.458031,-0.197737,-0.633165,-0.303046,-0.077625,-0.987030,-0.231438,0.400388,-1.839836,0.539503,1.226519,1.884914,-0.080985,0.144924,0.756144,-0.005080,-0.902519,0.000077,-1.537243
28.169053,-0.671584,0.137762,1.801631,-1.341311,-1.527234,-0.327318,-0.621993,-0.299126,-0.263716,0.458031,-0.197737,-0.633165,-0.303046,-0.077625,-0.987030,-0.231438,0.400388,-1.839836,0.539503,1.226519,1.884914,-0.080985,0.144924,0.756144,-0.005080,-0.902519,0.000077,-1.537243
28.170039,-0.672819,0.135123,1.798427,-1.345989,-1.525052,-0.327622,-0.618006,-0.299771,-0.275786,0.455644,-0.193385,-0.633052,-0.303049,-0.077050,-0.987120,-0.231291,0.401140,-1.839842,0.538597,1.226521,1.883323,-0.083478,0.145510,0.756089,-0.004794,-0.901390,0.000305,-1.551794
28.171026,-0.674968,0.133603,1.794089,-1.342040,-1.527603,-0.326166,-0.622011,-0.293183,-0.288111,0.461839,-0.192045,-0.632990,-0.303796,-0.076571,-0.987201,-0.231141,0.401907,-1.839837,0.537681,1.226525,1.881757,-0.083308,0.146364,0.757114,-0.000959,-0.904071,0.001124,-1.560944
28.172097,-0.672866,0.131568,1.788385,-1.343685,-1.528291,-0.325753,-0.627606,-0.273866,-0.315010,0.480681,-0.193948,-0.634295,-0.306515,-0.075749,-0.987369,-0.230846,0.403439,-1.839856,0.535880,1.226526,1.878702,-0.084326,0.147382,0.761768,-0.004438,-0.902912,0.000355,-1.544984
28.173029,-0.674949,0.125691,1.775759,-1.344696,-1.524831,-0.325030,-0.626497,-0.273866,-0.315010,0.480681,-0.193948,-0.634295,-0.306515,-0.075749,-0.987369,-0.230846,0.403439,-1.839856,0.535880,1.226526,1.878702,-0.084326,0.147382,0.761768,-0.004438,-0.902912,0.000355,-1.544984
28.173945,-0.678870,0.126662,1.774797,-1.345873,-1.523030,-0.324871,-0.619839,-0.269653,-0.332414,0.482635,-0.192248,-0.635965,-0.307695,-0.075258,-0.987451,-0.230689,0.404218,-1.839858,0.534959,1.226521,1.877137,-0.083657,0.149714,0.766904,-0.004088,-0.906285,0.000164,-1.548144
28.175023,-0.678720,0.121050,1.776217,-1.345811,-1.517300,-0.323943,-0.620350,-0.273281,-0.351340,0.474643,-0.188771,-0.638577,-0.308496,-0.075004,-0.987532,-0.230542,0.404987,-1.839861,0.534054,1.226520,1.875536,-0.082066,0.148670,0.766106,-0.003555,-0.907966,0.000515,-1.562128
28.176035,-0.672832,0.122314,1.772467,-1.344496,-1.518454,-0.322861,-0.626860,-0.282199,-0.371211,0.459863,-0.184144,-0.641790,-0.308960,-0.075109,-0.987615,-0.230386,0.405742,-1.839866,0.533124,1.226520,1.873982,-0.082750,0.151096,0.765759,-0.004332,-0.914981,0.000160,-1.562953
28.176969,-0.673714,0.120259,1.766717,-1.342514,-1.515415,-0.324587,-0.624307,-0.290307,-0.394837,0.445377,-0.177229,-0.644772,-0.309243,-0.075383,-0.987708,-0.230235,0.406513,-1.839875,0.532213,1.226518,1.872445,-0.086108,0.149993,0.767243,-0.006215,-0.914522,-0.000363,-1.551349
28.178042,-0.681193,0.115680,1.767477,-1.343980,-1.513233,-0.323100,-0.619131,-0.295130,-0.423275,0.434048,-0.166847,-0.646965,-0.309325,-0.075665,-0.987793,-0.230086,0.407276,-1.839889,0.531283,1.226524,1.870891,-0.085982,0.150512,0.769135,-0.008599,-0.917423,0.001864,-1.557518
28.178950,-0.685796,0.114487,1.768069,-1.347099,-1.513677,-0.322662,-0.617957,-0.298529,-0.455537,0.423732,-0.152822,-0.648294,-0.309087,-0.076047,-0.987871,-0.229929,0.408047,-1.839894,0.530351,1.226523,1.869293,-0.082859,0.152380,0.768856,-0.007792,-0.920758,0.000931,-1.569690
28.179971,-0.677483,0.112975,1.767017,-1.347248,-1.515925,-0.321919,-0.622633,-0.302446,-0.488939,0.412625,-0.137396,-0.648968,-0.308613,-0.076580,-0.987948,-0.229777,0.408817,-1.839894,0.529440,1.226523,1.867698,-0.080991,0.152364,0.767255,-0.005353,-0.920036,0.000993,-1.572469
28.181131,-0.665079,0.110672,1.762072,-1.345480,-1.517691,-0.322699,-0.626758,-0.305071,-0.520096,0.403701,-0.124141,-0.649072,-0.308253,-0.077041,-0.988043,-0.229624,0.409581,-1.839902,0.528520,1.226523,1.866162,-0.085574,0.152669,0.767554,-0.005834,-0.918555,0.000804,-1.564623
28.182038,-0.675022,0.105724,1.760528,-1.347484,-1.518187,-0.321469,-0.620859,-0.301361,-0.551401,0.402899,-0.112462,-0.648165,-0.308311,-0.077240,-0.988148,-0.229467,0.410363,-1.839916,0.527603,1.226523,1.864606,-0.092252,0.153513,0.770821,-0.008174,-0.918969,0.002225,-1.558989
28.182964,-0.686372,0.103116,1.763782,-1.347728,-1.515664,-0.320723,-0.617384,-0.290458,-0.586475,0.410623,-0.099861,-0.646103,-0.308757,-0.077319,-0.988226,-0.229308,0.411127,-1.839919,0.526669,1.226523,1.862995,-0.087564,0.155314,0.770301,-0.006760,-0.917973,0.001463,-1.571411
28.183970,-0.690594,0.103987,1.761085,-1.349055,-1.521013,-0.317981,-0.623480,-0.268896,-0.656498,0.426465,-0.074956,-0.641127,-0.309591,-0.077745,-0.988379,-0.228994,0.412673,-1.839932,0.524837,1.226516,1.859858,-0.080824,0.155002,0.768385,-0.006375,-0.915662,-0.000950,-1.568074
28.185078,-0.686128,0.108958,1.757653,-1.346891,-1.521832,-0.317949,-0.626017,-0.266395,-0.680391,0.426445,-0.066885,-0.639229,-0.309490,-0.077867,-0.988469,-0.228848,0.413445,-1.839946,0.523930,1.226519,1.858311,-0.083654,0.152252,0.770533,-0.009086,-0.916644,-0.000372,-1.565309
28.185967,-0.681192,0.104619,1.755990,-1.345701,-1.518875,-0.316550,-0.619119,-0.266395,-0.680391,0.426445,-0.066885,-0.639229,-0.309490,-0.077867,-0.988469,-0.228848,0.413445,-1.839946,0.523930,1.226519,1.858311,-0.083654,0.152252,0.770533,-0.009086,-0.916644,-0.000372,-1.565309
28.186950,-0.680859,0.105709,1.755675,-1.347643,-1.523326,-0.316364,-0.617710,-0.267614,-0.695676,0.423528,-0.061250,-0.637433,-0.308979,-0.077936,-0.988559,-0.228690,0.414216,-1.839959,0.523004,1.226517,1.856704,-0.086352,0.153772,0.769862,-0.010644,-0.919039,-0.001290,-1.579607
28.188093,-0.682840,0.104824,1.751588,-1.346709,-1.528956,-0.316400,-0.622541,-0.267098,-0.707158,0.423641,-0.056167,-0.635159,-0.308310,-0.078072,-0.988647,-0.228540,0.414983,-1.839966,0.522106,1.226516,1.855098,-0.086892,0.152727,0.769411,-0.009271,-0.915154,-0.000927,-1.583373
28.188924,-0.682973,0.101660,1.745122,-1.349590,-1.525900,-0.315865,-0.624969,-0.264986,-0.714816,0.426583,-0.052512,-0.632581,-0.307619,-0.078158,-0.988734,-0.228386,0.415765,-1.839981,0.521200,1.226516,1.853556,-0.086535,0.152883,0.772098,-0.010745,-0.911636,-0.000265,-1.576116
28.189947,-0.682575,0.099742,1.742156,-1.346269,-1.528858,-0.315212,-0.622965,-0.265175,-0.717442,0.427740,-0.050937,-0.630158,-0.306816,-0.078019,-0.988820,-0.228228,0.416548,-1.839986,0.520288,1.226513,1.851988,-0.086673,0.153702,0.773169,-0.008357,-0.913736,-0.000343,-1.571326
28.190949,-0.679337,0.100049,1.741919,-1.347648,-1.527009,-0.314097,-0.619752,-0.268697,-0.717414,0.425495,-0.050039,-0.627927,-0.305830,-0.077710,-0.988908,-0.228074,0.417317,-1.840005,0.519377,1.226514,1.850412,-0.087321,0.154193,0.774367,-0.012060,-0.911614,-0.000445,-1.576908
28.191966,-0.679259,0.099190,1.739244,-1.346362,-1.529855,-0.313125,-0.623252,-0.273306,-0.717896,0.422050,-0.047865,-0.625559,-0.304649,-0.077398,-0.989003,-0.227922,0.418094,-1.840014,0.518454,1.226514,1.848811,-0.089292,0.153561,0.773916,-0.011194,-0.914076,-0.001025,-1.584570
28.192948,-0.677626,0.098890,1.736976,-1.346013,-1.531859,-0.312805,-0.626881,-0.276517,-0.719461,0.420225,-0.044272,-0.622834,-0.303368,-0.077091,-0.989095,-0.227771,0.418875,-1.840031,0.517548,1.226516,1.847235,-0.089713,0.153556,0.774781,-0.012890,-0.912044,-0.001458,-1.578855
28.193987,-0.677880,0.099522,1.727745,-1.346988,-1.527781,-0.313430,-0.624809,-0.277954,-0.721619,0.420499,-0.039683,-0.619801,-0.302042,-0.076689,-0.989188,-0.227619,0.419643,-1.840046,0.516633,1.226517,1.845683,-0.090870,0.153209,0.775283,-0.013621,-0.910500,-0.001241,-1.572854
28.194993,-0.683751,0.099769,1.731974,-1.350041,-1.529986,-0.312370,-0.621631,-0.279892,-0.722717,0.420247,-0.034734,-0.616739,-0.300628,-0.076220,-0.989279,-0.227466,0.420431,-1.840059,0.515719,1.226521,1.844087,-0.091175,0.152458,0.779565,-0.013113,-0.915645,-0.000072,-1.578627
28.195959,-0.687047,0.093535,1.729745,-1.350943,-1.527553,-0.311483,-0.624828,-0.285346,-0.718431,0.416241,-0.032104,-0.614188,-0.299162,-0.075823,-0.989364,-0.227314,0.421194,-1.840065,0.514805,1.226519,1.842500,-0.088675,0.151876,0.777027,-0.010667,-0.914058,-0.000590,-1.586303
28.197008,-0.680991,0.092950,1.731811,-1.349365,-1.529068,-0.310690,-0.626841,-0.294164,-0.708094,0.408814,-0.033446,-0.612479,-0.297830,-0.075532,-0.989450,-0.227156,0.421976,-1.840077,0.513878,1.226521,1.840921,-0.087432,0.154433,0.777231,-0.010250,-0.916699,-0.000962,-1.580806
28.198011,-0.670427,0.092635,1.730592,-1.349027,-1.527772,-0.310271,-0.627087,-0.302099,-0.698010,0.402508,-0.036247,-0.611287,-0.296809,-0.075253,-0.989548,-0.227002,0.422757,-1.840093,0.512968,1.226520,1.839339,-0.090879,0.154269,0.775968,-0.012276,-0.916301,-0.001181,-1.578447
28.199002,-0.675015,0.089956,1.731790,-1.350962,-1.523796,-0.309686,-0.624974,-0.302414,-0.694220,0.404705,-0.037499,-0.609957,-0.296274,-0.074986,-0.989655,-0.226849,0.423528,-1.840109,0.512028,1.226519,1.837767,-0.096384,0.153949,0.776120,-0.012994,-0.918015,-0.001050,-1.579326
28.200088,-0.680115,0.092283,1.732503,-1.352226,-1.525103,-0.307105,-0.625471,-0.291539,-0.697508,0.419416,-0.037124,-0.608277,-0.296344,-0.074871,-0.989744,-0.226690,0.424303,-1.840117,0.511118,1.226519,1.836162,-0.094411,0.154738,0.774856,-0.011599,-0.922593,-0.001096,-1.584706
28.201025,-0.680495,0.089315,1.722880,-1.350587,-1.525075,-0.306061,-0.627447,-0.273704,-0.703150,0.442020,-0.037427,-0.606786,-0.296821,-0.074984,-0.989832,-0.226540,0.425073,-1.840127,0.510195,1.226513,1.834565,-0.092395,0.153224,0.774780,-0.010943,-0.922621,-0.003075,-1.585535
28.201974,-0.677091,0.086000,1.718328,-1.349974,-1.521151,-0.308102,-0.626197,-0.256741,-0.706111,0.463795,-0.039653,-0.606142,-0.297218,-0.075258,-0.989927,-0.226384,0.425861,-1.840143,0.509272,1.226513,1.832999,-0.092472,0.154127,0.778357,-0.012954,-0.922568,-0.003596,-1.582396
28.203052,-0.674151,0.086384,1.720270,-1.350813,-1.521549,-0.307333,-0.625447,-0.244509,-0.708303,0.479939,-0.041313,-0.606363,-0.297198,-0.075627,-0.990024,-0.226229,0.426651,-1.840158,0.508345,1.226519,1.831402,-0.094452,0.155236,0.779578,-0.013935,-0.926702,-0.001036,-1.585908
28.204056,-0.672328,0.082499,1.724999,-1.350501,-1.521137,-0.307097,-0.625978,-0.234461,-0.713367,0.492973,-0.040664,-0.606994,-0.296903,-0.076099,-0.990125,-0.226074,0.427423,-1.840172,0.507414,1.226518,1.829816,-0.096398,0.154705,0.779283,-0.013635,-0.928086,-0.001214,-1.589691
28.204946,-0.675764,0.079406,1.718034,-1.352352,-1.521188,-0.308615,-0.626527,-0.221166,-0.722551,0.509083,-0.038335,-0.607496,-0.296698,-0.076662,-0.990222,-0.225914,0.428201,-1.840187,0.506474,1.226519,1.828216,-0.097698,0.156190,0.776846,-0.014397,-0.929471,-0.000872,-1.590224
28.206006,-0.679578,0.078104,1.716484,-1.352925,-1.524604,-0.309654,-0.628675,-0.202794,-0.736344,0.530271,-0.034934,-0.607612,-0.296764,-0.077216,-0.990317,-0.225754,0.428991,-1.840198,0.505548,1.226523,1.826618,-0.096204,0.157080,0.779139,-0.013002,-0.929338,0.001143,-1.589849
28.206985,-0.683138,0.070783,1.715341,-1.351300,-1.524117,-0.309108,-0.625603,-0.184354,-0.751709,0.550844,-0.031922,-0.607685,-0.297009,-0.077663,-0.990410,-0.225596,0.429770,-1.840210,0.504619,1.226527,1.825049,-0.094839,0.157341,0.780351,-0.013010,-0.927558,0.002759,-1.587740
28.207944,-0.680873,0.071522,1.721474,-1.355319,-1.526103,-0.307546,-0.624250,-0.170231,-0.767820,0.565644,-0.028886,-0.607861,-0.297248,-0.078006,-0.990501,-0.225429,0.430557,-1.840228,0.503701,1.226528,1.823433,-0.093494,0.160429,0.780511,-0.015038,-0.928993,0.002751,-1.595343
28.208980,-0.672410,0.070975,1.725055,-1.354194,-1.530607,-0.305941,-0.627288,-0.157927,-0.786681,0.577503,-0.025056,-0.607752,-0.297597,-0.078281,-0.990599,-0.225273,0.431323,-1.840232,0.502767,1.226527,1.821843,-0.094970,0.159518,0.777088,-0.011632,-0.927543,0.001731,-1.599326
28.209973,-0.673644,0.069063,1.725566,-1.355800,-1.529529,-0.305406,-0.629063,-0.140585,-0.806614,0.594979,-0.023035,-0.606938,-0.298495,-0.078443,-0.990710,-0.225112,0.432098,-1.840249,0.501842,1.226527,1.820249,-0.099519,0.159358,0.775591,-0.013256,-0.924467,0.000724,-1.595078
28.210986,-0.684715,0.069427,1.719996,-1.358189,-1.530212,-0.304689,-0.625059,-0.084368,-0.841898,0.655460,-0.028528,-0.603085,-0.302129,-0.078455,-0.990893,-0.224793,0.433658,-1.840264,0.499986,1.226528,1.817037,-0.094208,0.159174,0.777996,-0.010506,-0.927058,0.000618,-1.602878
28.212069,-0.691850,0.058491,1.720657,-1.359294,-1.533247,-0.303122,-0.626185,-0.084368,-0.841898,0.655460,-0.028528,-0.603085,-0.302129,-0.078455,-0.990893,-0.224793,0.433658,-1.840264,0.499986,1.226528,1.817037,-0.094208,0.159174,0.777996,-0.010506,-0.927058,0.000618,-1.602878
28.212989,-0.691223,0.058249,1.713748,-1.357886,-1.533924,-0.302165,-0.631150,-0.062097,-0.850508,0.679370,-0.036533,-0.601788,-0.303949,-0.078479,-0.990978,-0.224617,0.434442,-1.840273,0.499069,1.226526,1.815426,-0.091328,0.164128,0.778256,-0.010066,-0.926016,-0.000325,-1.602752
28.213968,-0.688261,0.053825,1.713577,-1.358184,-1.538074,-0.302151,-0.629830,-0.050661,-0.856769,0.690490,-0.044453,-0.601559,-0.305268,-0.078466,-0.991073,-0.224455,0.435217,-1.840289,0.498137,1.226525,1.813836,-0.091973,0.163574,0.780935,-0.011879,-0.925524,-0.000746,-1.593727
28.215180,-0.689307,0.049383,1.709147,-1.358672,-1.530723,-0.301666,-0.626083,-0.047263,-0.864501,0.691870,-0.049762,-0.602158,-0.306063,-0.078367,-0.991172,-0.224287,0.436000,-1.840300,0.497214,1.226525,1.812240,-0.093810,0.165192,0.780647,-0.012091,-0.922221,-0.000191,-1.597947
28.216221,-0.694754,0.047913,1.710985,-1.360592,-1.534219,-0.301866,-0.626728,-0.048212,-0.875668,0.687742,-0.051476,-0.603343,-0.306452,-0.078314,-0.991266,-0.224117,0.436795,-1.840312,0.496273,1.226524,1.810604,-0.094030,0.167108,0.784572,-0.012310,-0.932821,0.000018,-1.608663
28.216997,-0.697589,0.046390,1.703174,-1.361347,-1.529400,-0.300535,-0.629485,-0.052934,-0.890129,0.678744,-0.049765,-0.605180,-0.306484,-0.078366,-0.991355,-0.223949,0.437569,-1.840319,0.495339,1.226523,1.809005,-0.091835,0.167303,0.783950,-0.011047,-0.930604,0.000828,-1.609203
28.218067,-0.708315,0.045477,1.698017,-1.360892,-1.526833,-0.300324,-0.630789,-0.063069,-0.902969,0.663474,-0.047457,-0.608050,-0.306176,-0.078355,-0.991442,-0.223780,0.438358,-1.840330,0.494388,1.226522,1.807381,-0.090593,0.167146,0.785587,-0.010679,-0.933975,-0.000075,-1.603339
28.219060,-0.710209,0.042329,1.695141,-1.359958,-1.523079,-0.299520,-0.627706,-0.113107,-0.908488,0.599995,-0.045566,-0.617793,-0.303819,-0.077821,-0.991606,-0.223443,0.439940,-1.840358,0.492494,1.226526,1.804149,-0.085542,0.168087,0.789685,-0.013088,-0.942668,0.000073,-1.610605
28.219986,-0.713112,0.043354,1.694510,-1.362553,-1.520706,-0.299213,-0.626740,-0.113107,-0.908488,0.599995,-0.045566,-0.617793,-0.303819,-0.077821,-0.991606,-0.223443,0.439940,-1.840358,0.492494,1.226526,1.804149,-0.085542,0.168087,0.789685,-0.013088,-0.942668,0.000073,-1.610605
28.221059,-0.705899,0.042894,1.696465,-1.362620,-1.525823,-0.297960,-0.631403,-0.153062,-0.901865,0.551904,-0.044521,-0.624079,-0.301678,-0.077494,-0.991688,-0.223275,0.440736,-1.840366,0.491555,1.226527,1.802543,-0.084552,0.166863,0.788991,-0.011035,-0.945190,0.000294,-1.613471
28.222075,-0.707915,0.041393,1.690480,-1.363907,-1.523426,-0.297562,-0.633503,-0.194741,-0.889315,0.502966,-0.045598,-0.630444,-0.299491,-0.077096,-0.991785,-0.223111,0.441520,-1.840379,0.490607,1.226524,1.800975,-0.088725,0.166676,0.788531,-0.011537,-0.941614,-0.000337,-1.606360
28.223050,-0.713774,0.037635,1.693446,-1.364727,-1.521493,-0.296556,-0.627369,-0.267686,-0.852434,0.420461,-0.055536,-0.641381,-0.296034,-0.076137,-0.991953,-0.222773,0.443114,-1.840399,0.488707,1.226524,1.797718,-0.085810,0.168114,0.789304,-0.010587,-0.947564,-0.000597,-1.617534
28.224049,-0.717695,0.036926,1.692966,-1.365620,-1.523364,-0.293822,-0.627075,-0.267686,-0.852434,0.420461,-0.055536,-0.641381,-0.296034,-0.076137,-0.991953,-0.222773,0.443114,-1.840399,0.488707,1.226524,1.797718,-0.085810,0.168114,0.789304,-0.010587,-0.947564,-0.000597,-1.617534
28.225043,-0.720336,0.038049,1.700068,-1.363042,-1.525836,-0.293041,-0.629859,-0.299794,-0.831538,0.385245,-0.062505,-0.645584,-0.294601,-0.075955,-0.992035,-0.222603,0.443898,-1.840409,0.487757,1.226516,1.796107,-0.084425,0.167848,0.789389,-0.010264,-0.946473,-0.002734,-1.619554
28.225997,-0.710489,0.035057,1.692001,-1.361926,-1.526954,-0.293605,-0.630882,-0.328347,-0.809766,0.354691,-0.070040,-0.648764,-0.293195,-0.075973,-0.992116,-0.222436,0.444680,-1.840427,0.486821,1.226513,1.794496,-0.083697,0.166697,0.785609,-0.013258,-0.944896,-0.002904,-1.615432
28.227041,-0.712724,0.028044,1.699330,-1.362742,-1.525601,-0.292851,-0.627685,-0.362121,-0.777006,0.320841,-0.078530,-0.650511,-0.290415,-0.076258,-0.992303,-0.222091,0.446255,-1.840457,0.484917,1.226513,1.791251,-0.088376,0.170458,0.785561,-0.014431,-0.946758,-0.001955,-1.622907
28.228073,-0.724545,0.026026,1.696422,-1.361833,-1.523905,-0.292793,-0.625193,-0.362121,-0.777006,0.320841,-0.078530,-0.650511,-0.290415,-0.076258,-0.992303,-0.222091,0.446255,-1.840457,0.484917,1.226513,1.791251,-0.088376,0.170458,0.785561,-0.014431,-0.946758,-0.001955,-1.622907
28.229044,-0.733848,0.022313,1.695868,-1.362578,-1.531417,-0.292495,-0.628512,-0.364649,-0.774780,0.319410,-0.075398,-0.648758,-0.289134,-0.076612,-0.992374,-0.221921,0.447048,-1.840473,0.483980,1.226512,1.789594,-0.083179,0.170879,0.787087,-0.015803,-0.949746,-0.001411,-1.629504
28.230113,-0.730109,0.025334,1.700240,-1.361975,-1.536912,-0.293531,-0.630349,-0.366464,-0.778504,0.318083,-0.068052,-0.646159,-0.287551,-0.077022,-0.992446,-0.221746,0.447831,-1.840488,0.483038,1.226515,1.787994,-0.079194,0.172026,0.786938,-0.015474,-0.942743,-0.001174,-1.624112
28.231095,-0.721508,0.025930,1.695331,-1.361296,-1.532875,-0.293791,-0.626576,-0.376555,-0.783087,0.308684,-0.052223,-0.640522,-0.283682,-0.077581,-0.992627,-0.221415,0.449401,-1.840526,0.481156,1.226522,1.784706,-0.086471,0.169160,0.787341,-0.017525,-0.943752,0.001258,-1.631379
28.232025,-0.724148,0.023526,1.699096,-1.361398,-1.533704,-0.293945,-0.625002,-0.376555,-0.783087,0.308684,-0.052223,-0.640522,-0.283682,-0.077581,-0.992627,-0.221415,0.449401,-1.840526,0.481156,1.226522,1.784706,-0.086471,0.169160,0.787341,-0.017525,-0.943752,0.001258,-1.631379
28.233117,-0.728116,0.026326,1.700242,-1.362875,-1.530447,-0.292040,-0.630132,-0.375115,-0.781906,0.312271,-0.046198,-0.637016,-0.282019,-0.077819,-0.992710,-0.221242,0.450183,-1.840544,0.480210,1.226525,1.783075,-0.085553,0.169640,0.784632,-0.017744,-0.943011,0.001924,-1.635402
28.234098,-0.737858,0.029445,1.700021,-1.361481,-1.535338,-0.290065,-0.630257,-0.367372,-0.777934,0.323432,-0.042062,-0.633015,-0.280707,-0.077975,-0.992792,-0.221079,0.450979,-1.840561,0.479264,1.226524,1.781455,-0.084289,0.167820,0.784626,-0.016751,-0.948143,0.000632,-1.627273
28.234957,-0.738232,0.026100,1.701653,-1.362884,-1.530955,-0.289087,-0.627087,-0.353193,-0.742571,0.346157,-0.046031,-0.625651,-0.278183,-0.077848,-0.992943,-0.220744,0.452539,-1.840599,0.477356,1.226517,1.778189,-0.080296,0.166572,0.782202,-0.017331,-0.947541,-0.001222,-1.635168
28.236094,-0.726571,0.023405,1.704723,-1.361890,-1.532813,-0.289090,-0.626298,-0.353193,-0.742571,0.346157,-0.046031,-0.625651,-0.278183,-0.077848,-0.992943,-0.220744,0.452539,-1.840599,0.477356,1.226517,1.778189,-0.080296,0.166572,0.782202,-0.017331,-0.947541,-0.001222,-1.635168
28.237011,-0.722212,0.025376,1.703793,-1.363325,-1.532416,-0.288493,-0.629331,-0.345049,-0.715853,0.359374,-0.052094,-0.622097,-0.276989,-0.077726,-0.993042,-0.220575,0.453324,-1.840621,0.476414,1.226518,1.776527,-0.086782,0.167526,0.781784,-0.018751,-0.947971,-0.000567,-1.639171
28.238063,-0.728629,0.023988,1.703863,-1.362439,-1.531675,-0.288104,-0.632379,-0.326242,-0.692696,0.384636,-0.058009,-0.617675,-0.276328,-0.077542,-0.993138,-0.220411,0.454101,-1.840638,0.475461,1.226515,1.774918,-0.089201,0.165863,0.781405,-0.017631,-0.948304,-0.000625,-1.633912
28.239090,-0.732359,0.022709,1.699106,-1.362727,-1.534819,-0.288357,-0.630134,-0.268517,-0.651535,0.457382,-0.070890,-0.607716,-0.276024,-0.076765,-0.993302,-0.220077,0.455665,-1.840679,0.473562,1.226517,1.771657,-0.085362,0.166177,0.784231,-0.018952,-0.948356,0.000420,-1.636009
28.240022,-0.741264,0.017520,1.695609,-1.361582,-1.535013,-0.287693,-0.627737,-0.268517,-0.651535,0.457382,-0.070890,-0.607716,-0.276024,-0.076765,-0.993302,-0.220077,0.455665,-1.840679,0.473562,1.226517,1.771657,-0.085362,0.166177,0.784231,-0.018952,-0.948356,0.000420,-1.636009
28.241029,-0.738038,0.016772,1.693655,-1.363060,-1.529423,-0.287741,-0.631266,-0.245787,-0.630853,0.485900,-0.076446,-0.603794,-0.275515,-0.076386,-0.993377,-0.219906,0.456450,-1.840702,0.472605,1.226517,1.770000,-0.081434,0.168068,0.785160,-0.020320,-0.948231,0.000282,-1.641621
28.242071,-0.728392,0.017227,1.699040,-1.360706,-1.533890,-0.290099,-0.633653,-0.231971,-0.611926,0.503405,-0.079868,-0.601079,-0.274520,-0.076050,-0.993466,-0.219740,0.457239,-1.840719,0.471644,1.226521,1.768359,-0.083617,0.167875,0.785974,-0.019234,-0.954671,0.000890,-1.635944
28.243078,-0.732099,0.016961,1.699164,-1.362610,-1.530146,-0.289967,-0.632042,-0.203667,-0.587530,0.537615,-0.082104,-0.597170,-0.272775,-0.075110,-0.993649,-0.219403,0.458792,-1.840763,0.469736,1.226533,1.765096,-0.087553,0.166671,0.783520,-0.020285,-0.956008,0.004213,-1.637838
28.244097,-0.736967,0.015288,1.699574,-1.363784,-1.531371,-0.287056,-0.630631,-0.203667,-0.587530,0.537615,-0.082104,-0.597170,-0.272775,-0.075110,-0.993649,-0.219403,0.458792,-1.840763,0.469736,1.226533,1.765096,-0.087553,0.166671,0.783520,-0.020285,-0.956008,0.004213,-1.637838
28.245068,-0.742842,0.012679,1.696174,-1.363546,-1.531950,-0.286117,-0.633561,-0.183279,-0.579946,0.561783,-0.084160,-0.595718,-0.272609,-0.074589,-0.993734,-0.219236,0.459568,-1.840783,0.468756,1.226533,1.763430,-0.085678,0.166963,0.783427,-0.019466,-0.955452,0.001855,-1.642139
28.245978,-0.743153,0.012212,1.698198,-1.365033,-1.528048,-0.283915,-0.635603,-0.165587,-0.571526,0.583106,-0.088450,-0.595249,-0.272707,-0.074086,-0.993816,-0.219067,0.460357,-1.840804,0.467804,1.226533,1.761813,-0.083271,0.167632,0.784653,-0.019998,-0.955387,0.001490,-1.637495
28.247067,-0.736428,0.014292,1.700849,-1.362792,-1.528973,-0.282837,-0.633948,-0.142694,-0.552572,0.612489,-0.102461,-0.596967,-0.273367,-0.073147,-0.993998,-0.218740,0.461917,-1.840848,0.465879,1.226532,1.758543,-0.087477,0.165740,0.782063,-0.021361,-0.959755,-0.000645,-1.639734
28.248132,-0.737630,0.012169,1.704962,-1.363054,-1.533015,-0.280261,-0.632669,-0.142694,-0.552572,0.612489,-0.102461,-0.596967,-0.273367,-0.073147,-0.993998,-0.218740,0.461917,-1.840848,0.465879,1.226532,1.758543,-0.087477,0.165740,0.782063,-0.021361,-0.959755,-0.000645,-1.639734
28.249022,-0.742412,0.012223,1.700283,-1.362747,-1.531079,-0.279291,-0.634023,-0.128794,-0.545208,0.630698,-0.110951,-0.597926,-0.274101,-0.072989,-0.994083,-0.218571,0.462699,-1.840870,0.464927,1.226527,1.756884,-0.087474,0.166324,0.780462,-0.021405,-0.957157,-0.002596,-1.644165
28.250121,-0.741683,0.012748,1.704320,-1.363766,-1.535087,-0.278353,-0.634923,-0.112729,-0.540285,0.651737,-0.119466,-0.598636,-0.274958,-0.073130,-0.994164,-0.218407,0.463477,-1.840892,0.463971,1.226524,1.755235,-0.085483,0.165594,0.781713,-0.021913,-0.958754,-0.003025,-1.641909
28.251094,-0.746333,0.006269,1.697721,-1.362611,-1.531077,-0.278895,-0.632779,-0.088171,-0.529593,0.686357,-0.138959,-0.600275,-0.276273,-0.073964,-0.994332,-0.218070,0.465055,-1.840937,0.462060,1.226520,1.751934,-0.084740,0.167523,0.783239,-0.022680,-0.961081,-0.002196,-1.647852
28.252121,-0.747901,0.006618,1.705244,-1.360995,-1.538083,-0.279597,-0.632166,-0.088171,-0.529593,0.686357,-0.138959,-0.600275,-0.276273,-0.073964,-0.994332,-0.218070,0.465055,-1.840937,0.462060,1.226520,1.751934,-0.084740,0.167523,0.783239,-0.022680,-0.961081,-0.002196,-1.647852
28.253126,-0.745079,-0.000170,1.701873,-1.360711,-1.537869,-0.278445,-0.636759,-0.081559,-0.528198,0.697069,-0.146735,-0.601131,-0.276519,-0.074557,-0.994416,-0.217904,0.465827,-1.840964,0.461108,1.226523,1.750288,-0.084561,0.166790,0.779642,-0.024490,-0.955057,-0.000922,-1.650684
28.254065,-0.745488,-0.000931,1.701618,-1.361213,-1.540803,-0.279574,-0.639144,-0.075892,-0.534335,0.706112,-0.150464,-0.601702,-0.276540,-0.075106,-0.994506,-0.217729,0.466616,-1.840990,0.460143,1.226520,1.748651,-0.086481,0.169560,0.781209,-0.024960,-0.956059,-0.001500,-1.642879
28.255123,-0.744181,-0.001821,1.698605,-1.361560,-1.541462,-0.279983,-0.635588,-0.068545,-0.549401,0.716389,-0.150029,-0.601885,-0.276517,-0.075484,-0.994592,-0.217560,0.467405,-1.841012,0.459200,1.226526,1.747002,-0.086697,0.169228,0.780526,-0.024683,-0.953359,0.000149,-1.639061
28.256043,-0.752521,-0.004500,1.698826,-1.363974,-1.541048,-0.278854,-0.633946,-0.060150,-0.570088,0.727403,-0.147422,-0.601986,-0.276556,-0.075737,-0.994681,-0.217389,0.468199,-1.841037,0.458244,1.226529,1.745317,-0.087946,0.169141,0.782306,-0.024589,-0.954090,0.001142,-1.648028
28.257004,-0.757033,-0.006922,1.697460,-1.363331,-1.544840,-0.278578,-0.636085,-0.053328,-0.590825,0.736531,-0.145509,-0.602556,-0.276677,-0.075977,-0.994757,-0.217217,0.468979,-1.841054,0.457296,1.226529,1.743666,-0.084248,0.169741,0.781330,-0.022502,-0.954533,0.000521,-1.652024
28.258008,-0.755387,-0.003660,1.697392,-1.363522,-1.540210,-0.277031,-0.636141,-0.051234,-0.608250,0.740337,-0.145756,-0.604127,-0.276796,-0.076210,-0.994837,-0.217047,0.469751,-1.841078,0.456342,1.226530,1.742013,-0.082552,0.170284,0.781640,-0.023384,-0.951078,0.000798,-1.648748
28.259014,-0.753391,-0.002819,1.690002,-1.362069,-1.534352,-0.275246,-0.632877,-0.054394,-0.620697,0.738353,-0.148348,-0.606811,-0.276821,-0.076391,-0.994924,-0.216882,0.470538,-1.841102,0.455367,1.226527,1.740373,-0.083928,0.168085,0.781510,-0.023428,-0.956405,-0.000169,-1.650148
28.260014,-0.765169,-0.000864,1.688174,-1.362258,-1.533590,-0.273410,-0.632675,-0.061292,-0.626680,0.732385,-0.152841,-0.610300,-0.276642,-0.076556,-0.995010,-0.216717,0.471333,-1.841130,0.454399,1.226527,1.738692,-0.085463,0.167137,0.785007,-0.025038,-0.962995,-0.001385,-1.658073
28.261086,-0.768973,0.000358,1.683413,-1.362359,-1.531208,-0.272586,-0.636417,-0.074062,-0.624038,0.719914,-0.158676,-0.614517,-0.275985,-0.076728,-0.995079,-0.216553,0.472113,-1.841158,0.453430,1.226522,1.737043,-0.080240,0.165615,0.785774,-0.024993,-0.964327,-0.002617,-1.659812
28.262037,-0.773652,-0.006086,1.678041,-1.361381,-1.533416,-0.271148,-0.635529,-0.097670,-0.609712,0.695318,-0.166316,-0.619702,-0.274582,-0.076810,-0.995156,-0.216388,0.472906,-1.841184,0.452465,1.226522,1.735391,-0.079134,0.164567,0.788570,-0.025142,-0.968161,-0.002817,-1.654228
28.262972,-0.775779,-0.011816,1.674519,-1.361814,-1.529648,-0.272725,-0.634229,-0.177513,-0.561156,0.608204,-0.180238,-0.631891,-0.269627,-0.076592,-0.995306,-0.216046,0.474484,-1.841236,0.450511,1.226524,1.732063,-0.076875,0.169276,0.791502,-0.025959,-0.969648,-0.001595,-1.660471
28.264092,-0.774741,-0.013883,1.684859,-1.361500,-1.529013,-0.272606,-0.631764,-0.177513,-0.561156,0.608204,-0.180238,-0.631891,-0.269627,-0.076592,-0.995306,-0.216046,0.474484,-1.841236,0.450511,1.226524,1.732063,-0.076875,0.169276,0.791502,-0.025959,-0.969648,-0.001595,-1.660471
28.265017,-0.771341,-0.018207,1.678930,-1.359650,-1.528794,-0.273260,-0.633669,-0.221332,-0.543736,0.558693,-0.181079,-0.637242,-0.266766,-0.076495,-0.995385,-0.215877,0.475268,-1.841265,0.449544,1.226523,1.730370,-0.078215,0.169868,0.787237,-0.026506,-0.972168,-0.001081,-1.667624
28.265991,-0.769400,-0.018946,1.682477,-1.358718,-1.535614,-0.273251,-0.637167,-0.255549,-0.538024,0.518936,-0.176807,-0.640794,-0.264284,-0.076371,-0.995469,-0.215703,0.476065,-1.841296,0.448565,1.226527,1.728731,-0.080354,0.171273,0.789249,-0.028393,-0.972119,0.000084,-1.664557
28.267017,-0.774399,-0.019505,1.678124,-1.359515,-1.536263,-0.274151,-0.634183,-0.287889,-0.560060,0.477581,-0.155539,-0.641906,-0.260950,-0.075726,-0.995630,-0.215363,0.477637,-1.841354,0.446640,1.226536,1.725376,-0.079977,0.170689,0.789280,-0.028727,-0.966050,0.002067,-1.666212
28.268024,-0.782184,-0.021062,1.682011,-1.358409,-1.536757,-0.274125,-0.632010,-0.287889,-0.560060,0.477581,-0.155539,-0.641906,-0.260950,-0.075726,-0.995630,-0.215363,0.477637,-1.841354,0.446640,1.226536,1.725376,-0.079977,0.170689,0.789280,-0.028727,-0.966050,0.002067,-1.666212
28.269051,-0.777163,-0.017736,1.686358,-1.357622,-1.538140,-0.274250,-0.635024,-0.294793,-0.576515,0.466958,-0.144056,-0.640649,-0.259974,-0.075430,-0.995701,-0.215192,0.478414,-1.841387,0.445671,1.226538,1.723710,-0.076782,0.170868,0.787283,-0.029876,-0.966265,0.002597,-1.671930
28.270003,-0.769501,-0.017898,1.681072,-1.358758,-1.544304,-0.272381,-0.637925,-0.299087,-0.591056,0.459561,-0.134382,-0.638657,-0.259390,-0.075216,-0.995787,-0.215027,0.479198,-1.841419,0.444721,1.226539,1.722042,-0.079928,0.168669,0.785195,-0.030730,-0.965978,0.003306,-1.667346
28.270940,-0.767926,-0.018243,1.681157,-1.359427,-1.542215,-0.270825,-0.632479,-0.287948,-0.608794,0.469590,-0.126634,-0.632243,-0.260197,-0.074936,-0.995968,-0.214696,0.480770,-1.841477,0.442791,1.226539,1.718698,-0.085311,0.167675,0.786419,-0.029063,-0.962132,0.000941,-1.674336
28.272127,-0.773315,-0.018731,1.682894,-1.358528,-1.544071,-0.268244,-0.631831,-0.287948,-0.608794,0.469590,-0.126634,-0.632243,-0.260197,-0.074936,-0.995968,-0.214696,0.480770,-1.841477,0.442791,1.226539,1.718698,-0.085311,0.167675,0.786419,-0.029063,-0.962132,0.000941,-1.674336
28.273082,-0.780581,-0.016445,1.679093,-1.357741,-1.543762,-0.267305,-0.635258,-0.273341,-0.611296,0.485965,-0.129334,-0.628337,-0.261506,-0.075058,-0.996047,-0.214532,0.481565,-1.841512,0.441832,1.226535,1.716997,-0.083488,0.167654,0.786992,-0.030111,-0.962925,-0.000950,-1.678245
28.274012,-0.779650,-0.018934,1.677903,-1.354500,-1.539618,-0.264593,-0.635003,-0.259550,-0.608516,0.501693,-0.134778,-0.624568,-0.262825,-0.075378,-0.996123,-0.214368,0.482351,-1.841545,0.440865,1.226532,1.715346,-0.080421,0.165889,0.788295,-0.030893,-0.963431,-0.001309,-1.672331
28.275094,-0.770128,-0.021762,1.682934,-1.351380,-1.540679,-0.265416,-0.630948,-0.242575,-0.594799,0.520472,-0.143394,-0.617384,-0.263992,-0.076226,-0.996304,-0.214028,0.483917,-1.841626,0.438929,1.226528,1.711948,-0.086691,0.167380,0.786159,-0.036966,-0.967922,-0.002007,-1.683613
28.276017,-0.766624,-0.023517,1.680871,-1.350943,-1.540627,-0.266767,-0.629350,-0.242575,-0.594799,0.520472,-0.143394,-0.617384,-0.263992,-0.076226,-0.996304,-0.214028,0.483917,-1.841626,0.438929,1.226528,1.711948,-0.086691,0.167380,0.786159,-0.036966,-0.967922,-0.002007,-1.683613
28.277056,-0.766548,-0.028251,1.685019,-1.354403,-1.540026,-0.266724,-0.631220,-0.224907,-0.599895,0.538884,-0.139214,-0.612270,-0.264130,-0.076769,-0.996398,-0.213857,0.484704,-1.841664,0.437957,1.226531,1.710265,-0.088729,0.167519,0.786301,-0.037214,-0.967781,-0.000138,-1.687403
28.278003,-0.769359,-0.034921,1.678699,-1.354885,-1.541600,-0.266964,-0.632780,-0.195888,-0.615490,0.569342,-0.130736,-0.605875,-0.264507,-0.077322,-0.996487,-0.213686,0.485494,-1.841693,0.436992,1.226532,1.708575,-0.089303,0.169329,0.784338,-0.033861,-0.969470,0.000395,-1.685147
28.279024,-0.778786,-0.042998,1.684271,-1.354978,-1.539845,-0.266814,-0.629935,-0.120316,-0.669340,0.648244,-0.110288,-0.591949,-0.266520,-0.078117,-0.996650,-0.213328,0.487064,-1.841761,0.435040,1.226536,1.705201,-0.084248,0.175241,0.784058,-0.033302,-0.970472,0.001584,-1.690062
28.280117,-0.776018,-0.043128,1.687523,-1.352846,-1.542588,-0.264798,-0.630654,-0.120316,-0.669340,0.648244,-0.110288,-0.591949,-0.266520,-0.078117,-0.996650,-0.213328,0.487064,-1.841761,0.435040,1.226536,1.705201,-0.084248,0.175241,0.784058,-0.033302,-0.970472,0.001584,-1.690062
28.281149,-0.773338,-0.040237,1.688574,-1.353408,-1.544000,-0.263664,-0.633580,-0.081771,-0.708413,0.687199,-0.096489,-0.585378,-0.267785,-0.078429,-0.996741,-0.213155,0.487842,-1.841801,0.434078,1.226534,1.703493,-0.086314,0.174758,0.783220,-0.035385,-0.969354,0.000184,-1.690473
28.282031,-0.775224,-0.044339,1.682903,-1.350284,-1.538652,-0.263049,-0.634463,-0.042548,-0.751739,0.726593,-0.081192,-0.579277,-0.269069,-0.078631,-0.996835,-0.212984,0.488631,-1.841836,0.433104,1.226536,1.701829,-0.088134,0.172727,0.782781,-0.034804,-0.968864,-0.000361,-1.686172
28.283157,-0.781189,-0.046692,1.688670,-1.354044,-1.535726,-0.261756,-0.632649,-0.003927,-0.793758,0.765560,-0.066347,-0.573937,-0.270254,-0.078659,-0.996920,-0.212806,0.489425,-1.841878,0.432111,1.226535,1.700136,-0.087521,0.173938,0.784262,-0.037659,-0.973443,-0.000465,-1.684719
28.284029,-0.788060,-0.048680,1.677086,-1.352496,-1.532162,-0.260440,-0.631192,0.031298,-0.832739,0.800919,-0.052188,-0.569679,-0.271205,-0.078566,-0.997003,-0.212630,0.490200,-1.841905,0.431134,1.226534,1.698440,-0.085285,0.174608,0.782453,-0.034106,-0.978216,-0.001111,-1.690636
28.285089,-0.790855,-0.047493,1.676389,-1.350905,-1.537041,-0.261086,-0.634247,0.058443,-0.865847,0.827529,-0.040024,-0.566973,-0.271818,-0.078394,-0.997079,-0.212454,0.490996,-1.841943,0.430149,1.226533,1.696737,-0.082284,0.174734,0.786815,-0.035509,-0.980910,-0.001925,-1.693686
28.286120,-0.790523,-0.051494,1.669098,-1.352364,-1.532883,-0.260331,-0.636064,0.071422,-0.889366,0.838819,-0.030562,-0.566250,-0.271826,-0.078099,-0.997159,-0.212284,0.491793,-1.841983,0.429187,1.226534,1.695045,-0.081601,0.173596,0.787363,-0.037002,-0.977300,-0.000662,-1.689217
28.287040,-0.789666,-0.058365,1.666099,-1.352408,-1.533118,-0.260023,-0.630228,0.054891,-0.910375,0.815893,-0.018041,-0.570197,-0.270059,-0.077234,-0.997329,-0.211921,0.493380,-1.842052,0.427220,1.226532,1.691643,-0.083220,0.177510,0.791505,-0.035432,-0.981728,-0.000607,-1.699420
28.288120,-0.794385,-0.060382,1.661418,-1.352991,-1.535878,-0.259870,-0.632958,0.054891,-0.910375,0.815893,-0.018041,-0.570197,-0.270059,-0.077234,-0.997329,-0.211921,0.493380,-1.842052,0.427220,1.226532,1.691643,-0.083220,0.177510,0.791505,-0.035432,-0.981728,-0.000607,-1.699420
28.289049,-0.797253,-0.062879,1.662709,-1.352102,-1.533153,-0.259249,-0.635452,0.033115,-0.916297,0.789967,-0.013186,-0.573889,-0.268763,-0.076840,-0.997407,-0.211744,0.494169,-1.842085,0.426242,1.226533,1.689969,-0.081585,0.177916,0.794388,-0.034924,-0.980328,-0.000144,-1.695743
28.290058,-0.798332,-0.068234,1.658442,-1.351416,-1.539164,-0.257990,-0.635565,0.004962,-0.920702,0.757227,-0.009195,-0.578285,-0.267337,-0.076411,-0.997485,-0.211563,0.494962,-1.842122,0.425252,1.226533,1.688247,-0.080669,0.178331,0.792770,-0.035691,-0.982778,-0.000244,-1.691293
28.291080,-0.799256,-0.068809,1.663408,-1.352105,-1.537655,-0.259945,-0.632351,-0.058864,-0.929225,0.684178,-0.002667,-0.587547,-0.264423,-0.075412,-0.997646,-0.211204,0.496546,-1.842193,0.423303,1.226540,1.684864,-0.080923,0.179878,0.792188,-0.035633,-0.979755,0.001600,-1.700336
28.292136,-0.798113,-0.072428,1.659531,-1.352961,-1.540631,-0.259493,-0.633023,-0.058864,-0.929225,0.684178,-0.002667,-0.587547,-0.264423,-0.075412,-0.997646,-0.211204,0.496546,-1.842193,0.423303,1.226540,1.684864,-0.080923,0.179878,0.792188,-0.035633,-0.979755,0.001600,-1.700336
28.293204,-0.800774,-0.073506,1.663524,-1.352786,-1.541225,-0.258649,-0.637415,-0.087551,-0.934178,0.651958,-0.001485,-0.591737,-0.263387,-0.074989,-0.997730,-0.211017,0.497346,-1.842227,0.422319,1.226542,1.683160,-0.082139,0.180970,0.794340,-0.034832,-0.977802,0.001713,-1.700549
28.294030,-0.803862,-0.072860,1.659977,-1.352238,-1.541405,-0.258990,-0.636160,-0.112000,-0.938006,0.625113,-0.003228,-0.595472,-0.262861,-0.074617,-0.997809,-0.210839,0.498129,-1.842264,0.421350,1.226542,1.681467,-0.081508,0.180891,0.792774,-0.034998,-0.978568,0.001475,-1.693461
28.295174,-0.810008,-0.075087,1.659189,-1.352807,-1.548104,-0.256254,-0.634332,-0.154019,-0.932503,0.581090,-0.017548,-0.602286,-0.262912,-0.074208,-0.997961,-0.210481,0.499724,-1.842334,0.419414,1.226541,1.678060,-0.078122,0.180215,0.794052,-0.034903,-0.972624,0.000198,-1.701893
28.296044,-0.811654,-0.075741,1.656780,-1.355573,-1.547214,-0.253697,-0.636550,-0.154019,-0.932503,0.581090,-0.017548,-0.602286,-0.262912,-0.074208,-0.997961,-0.210481,0.499724,-1.842334,0.419414,1.226541,1.678060,-0.078122,0.180215,0.794052,-0.034903,-0.972624,0.000198,-1.701893
28.297087,-0.813161,-0.076049,1.663692,-1.354568,-1.544954,-0.252752,-0.635161,-0.178476,-0.917322,0.556477,-0.031638,-0.606356,-0.263097,-0.074366,-0.998039,-0.210300,0.500509,-1.842362,0.418440,1.226534,1.676381,-0.077743,0.179602,0.793871,-0.032147,-0.972804,-0.001819,-1.697602
28.298058,-0.805112,-0.075697,1.659644,-1.354481,-1.540553,-0.253037,-0.634195,-0.204370,-0.893109,0.531388,-0.051133,-0.611091,-0.263358,-0.074716,-0.998116,-0.210120,0.501297,-1.842396,0.417448,1.226530,1.674669,-0.077699,0.179099,0.790563,-0.033216,-0.975934,-0.002132,-1.701953
28.299023,-0.806018,-0.076500,1.654847,-1.353083,-1.536490,-0.252860,-0.634469,-0.225436,-0.863517,0.512791,-0.074350,-0.615934,-0.263775,-0.075195,-0.998206,-0.209948,0.502098,-1.842430,0.416467,1.226533,1.672943,-0.082201,0.178237,0.792008,-0.033264,-0.980573,-0.001296,-1.704738
28.300117,-0.815226,-0.081759,1.656880,-1.350348,-1.538139,-0.252548,-0.635941,-0.239137,-0.832052,0.503075,-0.098616,-0.620528,-0.264276,-0.075782,-0.998287,-0.209768,0.502891,-1.842468,0.415473,1.226532,1.671245,-0.082234,0.177873,0.793813,-0.034566,-0.984647,-0.000922,-1.705090
28.301108,-0.822016,-0.086471,1.655207,-1.352711,-1.535615,-0.252963,-0.636917,-0.248920,-0.801608,0.497531,-0.120503,-0.624981,-0.264538,-0.076389,-0.998358,-0.209582,0.503686,-1.842510,0.414492,1.226531,1.669540,-0.078448,0.179859,0.793346,-0.037185,-0.984444,-0.000601,-1.704061
28.302105,-0.818750,-0.086355,1.660718,-1.352927,-1.533364,-0.252953,-0.634499,-0.259335,-0.775011,0.490339,-0.137406,-0.629538,-0.264313,-0.076905,-0.998429,-0.209399,0.504476,-1.842542,0.413494,1.226532,1.667859,-0.075756,0.181435,0.793881,-0.034821,-0.987253,0.000377,-1.703325
28.303018,-0.812049,-0.094158,1.651950,-1.352425,-1.530719,-0.252173,-0.635049,-0.269979,-0.752067,0.482138,-0.150721,-0.634114,-0.263810,-0.077312,-0.998513,-0.209219,0.505264,-1.842578,0.412493,1.226534,1.666129,-0.078023,0.180652,0.791068,-0.034598,-0.990022,0.000936,-1.709447
28.304150,-0.810119,-0.090226,1.660196,-1.351312,-1.533002,-0.250922,-0.636334,-0.275661,-0.734295,0.479012,-0.161296,-0.638040,-0.263379,-0.077653,-0.998602,-0.209031,0.506073,-1.842615,0.411508,1.226533,1.664406,-0.081822,0.183710,0.794707,-0.035008,-0.992742,0.000701,-1.709060
28.305061,-0.813194,-0.088047,1.657784,-1.351026,-1.534664,-0.251438,-0.637757,-0.272782,-0.724368,0.484842,-0.167997,-0.640643,-0.263120,-0.077897,-0.998689,-0.208854,0.506857,-1.842652,0.410514,1.226532,1.662708,-0.083592,0.181276,0.792162,-0.036205,-0.992827,0.000132,-1.709215
28.306022,-0.823966,-0.088301,1.658197,-1.351385,-1.535861,-0.250602,-0.635596,-0.262434,-0.717575,0.498727,-0.172812,-0.641890,-0.262961,-0.077987,-0.998769,-0.208676,0.507655,-1.842689,0.409525,1.226536,1.660999,-0.082558,0.179425,0.792696,-0.036383,-0.991164,0.001194,-1.707162
28.307127,-0.826664,-0.085831,1.660390,-1.350439,-1.534368,-0.249148,-0.634801,-0.245128,-0.683652,0.523519,-0.188772,-0.642759,-0.262171,-0.077818,-0.998916,-0.208322,0.509237,-1.842763,0.407520,1.226535,1.657551,-0.077467,0.177199,0.792550,-0.036983,-0.993941,0.000131,-1.716696
28.308019,-0.822970,-0.093559,1.667724,-1.347975,-1.536385,-0.248873,-0.638553,-0.245128,-0.683652,0.523519,-0.188772,-0.642759,-0.262171,-0.077818,-0.998916,-0.208322,0.509237,-1.842763,0.407520,1.226535,1.657551,-0.077467,0.177199,0.792550,-0.036983,-0.993941,0.000131,-1.716696
28.309151,-0.818571,-0.095018,1.670955,-1.347242,-1.539149,-0.248257,-0.640297,-0.229716,-0.637717,0.546390,-0.204727,-0.640073,-0.260689,-0.077147,-0.999090,-0.207957,0.510809,-1.842847,0.405549,1.226535,1.654155,-0.082795,0.180481,0.788141,-0.039887,-0.991448,0.000465,-1.709075
28.310019,-0.820846,-0.094454,1.671179,-1.349047,-1.543109,-0.247621,-0.634321,-0.229716,-0.637717,0.546390,-0.204727,-0.640073,-0.260689,-0.077147,-0.999090,-0.207957,0.510809,-1.842847,0.405549,1.226535,1.654155,-0.082795,0.180481,0.788141,-0.039887,-0.991448,0.000465,-1.709075
28.311006,-0.825625,-0.098999,1.670216,-1.349132,-1.542123,-0.247857,-0.634468,-0.180749,-0.619102,0.605272,-0.209461,-0.630786,-0.260218,-0.076339,-0.999247,-0.207595,0.512395,-1.842920,0.403568,1.226537,1.650668,-0.080380,0.180949,0.787566,-0.037838,-0.988865,0.001178,-1.722384
28.312024,-0.833058,-0.097904,1.680412,-1.346635,-1.545763,-0.246448,-0.638776,-0.180749,-0.619102,0.605272,-0.209461,-0.630786,-0.260218,-0.076339,-0.999247,-0.207595,0.512395,-1.842920,0.403568,1.226537,1.650668,-0.080380,0.180949,0.787566,-0.037838,-0.988865,0.001178,-1.722384
28.313054,-0.831525,-0.100859,1.679108,-1.345282,-1.545732,-0.247090,-0.641040,-0.152936,-0.611997,0.638218,-0.212295,-0.625343,-0.260258,-0.075911,-0.999319,-0.207418,0.513169,-1.842965,0.402581,1.226535,1.648980,-0.077462,0.179779,0.783058,-0.040158,-0.986392,0.000375,-1.715490
28.314018,-0.827616,-0.098420,1.682574,-1.345155,-1.541649,-0.247421,-0.636497,-0.125148,-0.606774,0.670810,-0.214070,-0.619686,-0.260245,-0.075359,-0.999402,-0.207234,0.513959,-1.843009,0.401598,1.226539,1.647261,-0.078978,0.180633,0.784345,-0.041329,-0.987849,0.001634,-1.712783
28.315052,-0.829897,-0.099796,1.679362,-1.343325,-1.540526,-0.246849,-0.637509,-0.095948,-0.604033,0.704740,-0.214463,-0.613766,-0.260218,-0.074808,-0.999488,-0.207060,0.514734,-1.843052,0.400582,1.226541,1.645533,-0.081501,0.178749,0.782676,-0.041253,-0.992288,0.002525,-1.723180
28.315962,-0.837916,-0.103334,1.678250,-1.344560,-1.544146,-0.247151,-0.640254,-0.065073,-0.602500,0.740432,-0.214267,-0.607647,-0.260243,-0.074402,-0.999568,-0.206879,0.515523,-1.843099,0.399586,1.226542,1.643806,-0.081066,0.178849,0.784936,-0.042869,-0.994692,0.002566,-1.722831
28.317027,-0.843779,-0.101997,1.674803,-1.342763,-1.544166,-0.246185,-0.639294,-0.037098,-0.600352,0.772669,-0.213965,-0.601847,-0.260222,-0.074132,-0.999639,-0.206700,0.516314,-1.843138,0.398613,1.226546,1.642080,-0.077673,0.179854,0.784845,-0.041450,-0.991182,0.003397,-1.718036
28.317990,-0.851010,-0.103188,1.677792,-1.342151,-1.543084,-0.243166,-0.636010,-0.018867,-0.595155,0.793785,-0.214281,-0.597137,-0.260003,-0.074006,-0.999711,-0.206523,0.517097,-1.843184,0.397612,1.226544,1.640337,-0.075641,0.178648,0.787598,-0.043071,-0.992800,0.003073,-1.722019
28.318958,-0.847968,-0.101879,1.674716,-1.338749,-1.539546,-0.241039,-0.636251,-0.014025,-0.584715,0.799917,-0.215612,-0.593913,-0.259401,-0.074142,-0.999779,-0.206346,0.517883,-1.843228,0.396621,1.226538,1.638605,-0.072793,0.178581,0.786014,-0.043460,-0.994448,0.000644,-1.729784
28.320055,-0.846263,-0.100521,1.681126,-1.338154,-1.545701,-0.239489,-0.637945,-0.020398,-0.570261,0.793618,-0.216875,-0.591908,-0.258299,-0.074585,-0.999858,-0.206171,0.518661,-1.843281,0.395616,1.226535,1.636862,-0.075010,0.177267,0.787684,-0.046456,-0.998489,-0.000872,-1.730389
28.321075,-0.846458,-0.103327,1.677613,-1.337369,-1.544639,-0.239060,-0.636201,-0.031904,-0.554588,0.781809,-0.217182,-0.590542,-0.256787,-0.075193,-0.999938,-0.205997,0.519444,-1.843328,0.394620,1.226533,1.635154,-0.076696,0.176165,0.785746,-0.046826,-0.994231,-0.001746,-1.729368
28.321977,-0.851362,-0.104745,1.679135,-1.333809,-1.543720,-0.239159,-0.634390,-0.043716,-0.539792,0.769967,-0.216822,-0.589549,-0.255086,-0.075815,-1.000017,-0.205819,0.520237,-1.843376,0.393626,1.226534,1.633406,-0.077324,0.176993,0.787969,-0.047342,-0.996521,-0.001556,-1.734488
28.323124,-0.859013,-0.108902,1.684456,-1.335003,-1.547439,-0.239290,-0.637827,-0.054999,-0.528326,0.758702,-0.214925,-0.588973,-0.253253,-0.076416,-1.000090,-0.205642,0.521014,-1.843433,0.392622,1.226536,1.631675,-0.075449,0.176928,0.786647,-0.050342,-0.997197,-0.000924,-1.738757
28.324048,-0.858588,-0.109532,1.684732,-1.334385,-1.543511,-0.239455,-0.638220,-0.066627,-0.522036,0.746718,-0.210413,-0.588953,-0.251269,-0.076958,-1.000158,-0.205461,0.521799,-1.843479,0.391633,1.226534,1.629942,-0.072685,0.178578,0.785758,-0.048973,-0.996057,-0.000083,-1.734500
28.324994,-0.851919,-0.108929,1.679481,-1.332213,-1.540139,-0.239021,-0.636856,-0.078396,-0.520589,0.734418,-0.204477,-0.589625,-0.249314,-0.077392,-1.000234,-0.205285,0.522576,-1.843530,0.390623,1.226537,1.628191,-0.073544,0.178155,0.785307,-0.049197,-0.999987,0.000616,-1.734515
28.326058,-0.853256,-0.112074,1.682922,-1.330219,-1.542526,-0.237800,-0.636525,-0.088453,-0.522939,0.724119,-0.198181,-0.590819,-0.247528,-0.077739,-1.000319,-0.205111,0.523369,-1.843584,0.389606,1.226539,1.626458,-0.077447,0.177194,0.787672,-0.050884,-1.003485,0.000731,-1.738297
28.327043,-0.863247,-0.112943,1.683209,-1.329780,-1.543670,-0.237206,-0.639593,-0.094714,-0.529809,0.717961,-0.190569,-0.592148,-0.245878,-0.078041,-1.000395,-0.204932,0.524163,-1.843639,0.388596,1.226538,1.624705,-0.077579,0.178244,0.786763,-0.052485,-1.002534,0.000150,-1.740872
28.328051,-0.871868,-0.112796,1.682762,-1.328573,-1.542322,-0.236983,-0.637974,-0.098674,-0.541103,0.713959,-0.181056,-0.593600,-0.244262,-0.078264,-1.000460,-0.204755,0.524942,-1.843692,0.387601,1.226535,1.622995,-0.073384,0.178034,0.786876,-0.052477,-1.002155,0.000169,-1.736094
28.329070,-0.871809,-0.109771,1.684434,-1.326918,-1.542681,-0.236124,-0.636109,-0.106442,-0.552195,0.705394,-0.171187,-0.595647,-0.242513,-0.078381,-1.000524,-0.204578,0.525734,-1.843746,0.386588,1.226537,1.621243,-0.069963,0.177350,0.787435,-0.053267,-1.004374,0.000544,-1.740888
28.329990,-0.869934,-0.108483,1.684521,-1.326268,-1.542128,-0.236318,-0.639459,-0.121629,-0.558130,0.688659,-0.162787,-0.598431,-0.240523,-0.078445,-1.000597,-0.204407,0.526527,-1.843804,0.385590,1.226535,1.619472,-0.070838,0.175310,0.787023,-0.054427,-1.005119,0.000305,-1.746102
28.331088,-0.868783,-0.115891,1.685818,-1.325945,-1.545118,-0.234113,-0.641464,-0.159578,-0.553438,0.648355,-0.153583,-0.604125,-0.236503,-0.078321,-1.000748,-0.204048,0.528100,-1.843914,0.383594,1.226536,1.616005,-0.073870,0.177161,0.787136,-0.054479,-1.004656,-0.000510,-1.738404
28.332102,-0.866926,-0.116224,1.686352,-1.325149,-1.549198,-0.232774,-0.641247,-0.159578,-0.553438,0.648355,-0.153583,-0.604125,-0.236503,-0.078321,-1.000748,-0.204048,0.528100,-1.843914,0.383594,1.226536,1.616005,-0.073870,0.177161,0.787136,-0.054479,-1.004656,-0.000510,-1.738404
28.332992,-0.873928,-0.118779,1.684610,-1.325647,-1.549852,-0.232943,-0.636920,-0.173314,-0.552806,0.634176,-0.150001,-0.606074,-0.234912,-0.078074,-1.000826,-0.203875,0.528882,-1.843971,0.382574,1.226536,1.614283,-0.075527,0.176740,0.787363,-0.054788,-1.001391,-0.001230,-1.740500
28.334082,-0.875342,-0.121935,1.685901,-1.322655,-1.552713,-0.232459,-0.639223,-0.183030,-0.555879,0.624161,-0.146390,-0.607519,-0.233669,-0.077818,-1.000893,-0.203695,0.529675,-1.844023,0.381579,1.226538,1.612509,-0.072647,0.177211,0.787404,-0.053789,-1.000500,-0.000526,-1.749611
28.335024,-0.874827,-0.122158,1.688479,-1.323170,-1.553867,-0.232711,-0.643569,-0.199106,-0.568969,0.606500,-0.138991,-0.610222,-0.231803,-0.077120,-1.001042,-0.203342,0.531252,-1.844137,0.379593,1.226540,1.609050,-0.073791,0.177721,0.786347,-0.055268,-0.998747,0.000454,-1.739380
28.335990,-0.869985,-0.123193,1.687327,-1.321255,-1.551026,-0.232927,-0.640970,-0.199106,-0.568969,0.606500,-0.138991,-0.610222,-0.231803,-0.077120,-1.001042,-0.203342,0.531252,-1.844137,0.379593,1.226540,1.609050,-0.073791,0.177721,0.786347,-0.055268,-0.998747,0.000454,-1.739380
28.337079,-0.869198,-0.125283,1.690155,-1.320051,-1.554060,-0.233746,-0.640668,-0.201732,-0.579985,0.603065,-0.134821,-0.611426,-0.231259,-0.076574,-1.001124,-0.203163,0.532046,-1.844195,0.378603,1.226542,1.607283,-0.076832,0.177555,0.786834,-0.056651,-1.002242,0.001240,-1.745764
28.338006,-0.871253,-0.124886,1.686770,-1.319792,-1.551491,-0.232471,-0.642736,-0.196966,-0.594501,0.607535,-0.130466,-0.612406,-0.231104,-0.076059,-1.001204,-0.202985,0.532829,-1.844254,0.377598,1.226545,1.605519,-0.078037,0.178121,0.786629,-0.057378,-1.000952,0.002700,-1.748418
28.339108,-0.878825,-0.122978,1.688541,-1.318464,-1.550573,-0.231591,-0.644405,-0.174605,-0.626112,0.629803,-0.122971,-0.614923,-0.231544,-0.075325,-1.001350,-0.202637,0.534421,-1.844369,0.375576,1.226544,1.602042,-0.074779,0.175832,0.788125,-0.057946,-1.006350,0.001753,-1.744044
28.340028,-0.884804,-0.123857,1.680617,-1.317219,-1.547605,-0.230385,-0.642109,-0.174605,-0.626112,0.629803,-0.122971,-0.614923,-0.231544,-0.075325,-1.001350,-0.202637,0.534421,-1.844369,0.375576,1.226544,1.602042,-0.074779,0.175832,0.788125,-0.057946,-1.006350,0.001753,-1.744044
28.341062,-0.886242,-0.124565,1.686156,-1.319321,-1.540667,-0.229876,-0.639827,-0.169760,-0.632835,0.633909,-0.122452,-0.617460,-0.231572,-0.075220,-1.001418,-0.202460,0.535214,-1.844427,0.374558,1.226544,1.600297,-0.072486,0.175543,0.791569,-0.058583,-1.009139,0.001095,-1.749446
28.342037,-0.879818,-0.123811,1.685117,-1.313746,-1.544145,-0.228275,-0.643223,-0.173912,-0.630537,0.628318,-0.124866,-0.620984,-0.231279,-0.075404,-1.001490,-0.202281,0.536006,-1.844480,0.373522,1.226547,1.598499,-0.072629,0.175317,0.789329,-0.056074,-1.017028,0.001200,-1.755517
28.343019,-0.876046,-0.124076,1.682317,-1.313263,-1.543715,-0.228586,-0.643069,-0.181004,-0.622879,0.619881,-0.129660,-0.624608,-0.230894,-0.075794,-1.001575,-0.202110,0.536801,-1.844553,0.372503,1.226542,1.596767,-0.076464,0.174349,0.789841,-0.060827,-1.013861,0.000202,-1.749868
28.344091,-0.881050,-0.126573,1.683981,-1.311142,-1.544807,-0.227926,-0.641293,-0.184639,-0.615259,0.615463,-0.134362,-0.627341,-0.230510,-0.076264,-1.001659,-0.201935,0.537590,-1.844614,0.371491,1.226544,1.595029,-0.078941,0.173869,0.791358,-0.060625,-1.014900,0.001113,-1.751545
28.345053,-0.886387,-0.121556,1.684474,-1.310575,-1.542615,-0.227660,-0.644453,-0.184258,-0.610026,0.615333,-0.137611,-0.628914,-0.230108,-0.076777,-1.001733,-0.201760,0.538383,-1.844680,0.370482,1.226544,1.593256,-0.077279,0.174648,0.791445,-0.062111,-1.015377,0.001085,-1.757045
28.346066,-0.890807,-0.131632,1.686438,-1.308932,-1.548994,-0.227125,-0.647753,-0.183219,-0.604755,0.615743,-0.140449,-0.629574,-0.229641,-0.077285,-1.001806,-0.201594,0.539166,-1.844740,0.369455,1.226546,1.591497,-0.075315,0.171565,0.791184,-0.062053,-1.017793,0.001391,-1.751665
28.346999,-0.882103,-0.131505,1.682834,-1.307645,-1.547420,-0.226387,-0.645106,-0.184149,-0.598133,0.613869,-0.143546,-0.629537,-0.229097,-0.077666,-1.001877,-0.201410,0.539955,-1.844805,0.368446,1.226545,1.589773,-0.073922,0.176000,0.790608,-0.063019,-1.012273,0.001468,-1.746680
28.348036,-0.877134,-0.135096,1.679077,-1.305079,-1.549211,-0.225171,-0.641970,-0.184681,-0.595531,0.612122,-0.145018,-0.628584,-0.228632,-0.077884,-1.001965,-0.201237,0.540754,-1.844869,0.367440,1.226548,1.587996,-0.078820,0.175214,0.791940,-0.063568,-1.014009,0.001268,-1.752816
28.349062,-0.881779,-0.135218,1.683493,-1.305889,-1.554783,-0.224338,-0.646113,-0.180862,-0.601439,0.614749,-0.143062,-0.626345,-0.228361,-0.078008,-1.002053,-0.201058,0.541541,-1.844935,0.366428,1.226544,1.586236,-0.081930,0.176451,0.794496,-0.065458,-1.013353,0.000699,-1.760775
28.350082,-0.889737,-0.136394,1.682601,-1.301033,-1.557457,-0.224317,-0.646536,-0.172530,-0.614600,0.622069,-0.138459,-0.622958,-0.228289,-0.078056,-1.002130,-0.200882,0.542331,-1.844997,0.365431,1.226546,1.584490,-0.080330,0.175936,0.792766,-0.064012,-1.008945,0.000477,-1.753977
28.351003,-0.890967,-0.136230,1.680178,-1.302164,-1.555118,-0.221800,-0.643635,-0.163904,-0.630749,0.629642,-0.132904,-0.619075,-0.228268,-0.078010,-1.002202,-0.200708,0.543116,-1.845074,0.364425,1.226547,1.582720,-0.077142,0.175972,0.793761,-0.067953,-1.007331,0.001067,-1.754686
28.352112,-0.888778,-0.133906,1.681614,-1.298709,-1.556620,-0.221904,-0.643658,-0.160002,-0.645619,0.632153,-0.127282,-0.615319,-0.228030,-0.077941,-1.002280,-0.200533,0.543915,-1.845135,0.363402,1.226541,1.580957,-0.077141,0.175175,0.794364,-0.066091,-1.009504,-0.000885,-1.761240
28.353112,-0.887124,-0.139885,1.681058,-1.297652,-1.559271,-0.221207,-0.646680,-0.161477,-0.656321,0.629270,-0.122781,-0.611871,-0.227523,-0.077898,-1.002363,-0.200364,0.544714,-1.845209,0.362378,1.226542,1.579184,-0.079083,0.173647,0.794866,-0.068757,-1.009815,-0.000090,-1.763373
28.354023,-0.884903,-0.143486,1.680830,-1.294839,-1.560671,-0.221318,-0.645979,-0.165829,-0.676839,0.623227,-0.113039,-0.604817,-0.226205,-0.077623,-1.002533,-0.200002,0.546303,-1.845351,0.360393,1.226546,1.575678,-0.082123,0.177014,0.794820,-0.070876,-1.006696,0.000444,-1.760759
28.355083,-0.887531,-0.149331,1.684958,-1.296613,-1.559172,-0.219984,-0.641762,-0.165829,-0.676839,0.623227,-0.113039,-0.604817,-0.226205,-0.077623,-1.002533,-0.200002,0.546303,-1.845351,0.360393,1.226546,1.575678,-0.082123,0.177014,0.794820,-0.070876,-1.006696,0.000444,-1.760759
28.356123,-0.892428,-0.151638,1.687912,-1.294161,-1.562918,-0.219024,-0.643803,-0.151611,-0.723746,0.637016,-0.093737,-0.596688,-0.225551,-0.077073,-1.002691,-0.199639,0.547883,-1.845490,0.358364,1.226543,1.572127,-0.079887,0.179897,0.792788,-0.070015,-1.006998,-0.000576,-1.768496
28.357049,-0.893674,-0.149635,1.691968,-1.295636,-1.563491,-0.218878,-0.646514,-0.138765,-0.752871,0.650334,-0.084094,-0.592885,-0.225664,-0.076637,-1.002770,-0.199465,0.548678,-1.845552,0.357365,1.226546,1.570365,-0.079861,0.178185,0.790243,-0.067803,-1.006534,-0.000175,-1.763786
28.358146,-0.892471,-0.151754,1.691854,-1.291586,-1.560118,-0.218186,-0.646492,-0.138765,-0.752871,0.650334,-0.084094,-0.592885,-0.225664,-0.076637,-1.002770,-0.199465,0.548678,-1.845552,0.357365,1.226546,1.570365,-0.079861,0.178185,0.790243,-0.067803,-1.006534,-0.000175,-1.763786
28.359064,-0.893971,-0.155314,1.688303,-1.290701,-1.557967,-0.218242,-0.644340,-0.123820,-0.779612,0.666624,-0.077350,-0.589628,-0.226038,-0.076069,-1.002854,-0.199284,0.549465,-1.845629,0.356344,1.226545,1.568607,-0.081269,0.178748,0.791586,-0.071008,-1.011691,-0.000207,-1.766080
28.360124,-0.902131,-0.154836,1.691298,-1.289052,-1.559412,-0.217369,-0.646909,-0.107901,-0.804899,0.684313,-0.071642,-0.586947,-0.226486,-0.075507,-1.002934,-0.199103,0.550262,-1.845699,0.355319,1.226548,1.566821,-0.081051,0.179743,0.792745,-0.070986,-1.013551,0.000389,-1.770982
28.361109,-0.910449,-0.157277,1.692250,-1.287916,-1.560062,-0.215991,-0.648059,-0.087831,-0.847390,0.706740,-0.061001,-0.584614,-0.226917,-0.074773,-1.003073,-0.198742,0.551844,-1.845844,0.353293,1.226548,1.563293,-0.074478,0.179480,0.791710,-0.072033,-1.013435,-0.000644,-1.766547
28.362017,-0.914629,-0.161910,1.686645,-1.287758,-1.558733,-0.214533,-0.644308,-0.091011,-0.859570,0.703589,-0.057945,-0.585681,-0.226699,-0.074702,-1.003142,-0.198557,0.552645,-1.845915,0.352285,1.226544,1.561496,-0.073079,0.180951,0.793784,-0.071279,-1.014578,-0.001534,-1.774578
28.363108,-0.913977,-0.164604,1.687845,-1.289134,-1.555518,-0.213865,-0.644043,-0.091011,-0.859570,0.703589,-0.057945,-0.585681,-0.226699,-0.074702,-1.003142,-0.198557,0.552645,-1.845915,0.352285,1.226544,1.561496,-0.073079,0.180951,0.793784,-0.071279,-1.014578,-0.001534,-1.774578
28.364035,-0.913079,-0.166121,1.692086,-1.285556,-1.558183,-0.213853,-0.644736,-0.103214,-0.866477,0.690676,-0.056938,-0.588178,-0.226278,-0.074903,-1.003218,-0.198377,0.553434,-1.845980,0.351255,1.226544,1.559730,-0.074310,0.181778,0.794339,-0.069251,-1.019402,-0.001537,-1.777156
28.364989,-0.912455,-0.166665,1.691630,-1.282866,-1.550290,-0.213377,-0.643983,-0.118538,-0.870978,0.674566,-0.057981,-0.591407,-0.225880,-0.075334,-1.003296,-0.198194,0.554222,-1.846059,0.350237,1.226544,1.557949,-0.075346,0.181736,0.791765,-0.071791,-1.016571,-0.000986,-1.776396
28.366086,-0.915497,-0.165741,1.697105,-1.282277,-1.557545,-0.213539,-0.639847,-0.130310,-0.876514,0.662480,-0.059380,-0.594448,-0.225555,-0.075893,-1.003372,-0.198012,0.555021,-1.846136,0.349208,1.226544,1.556153,-0.076314,0.181263,0.791744,-0.073450,-1.024669,-0.000893,-1.778769
28.367025,-0.920633,-0.166808,1.689587,-1.280328,-1.560668,-0.213464,-0.642924,-0.136537,-0.882921,0.656607,-0.060597,-0.596858,-0.225243,-0.076518,-1.003446,-0.197834,0.555806,-1.846207,0.348190,1.226545,1.554364,-0.075699,0.180309,0.790259,-0.073254,-1.019033,-0.000069,-1.789174
28.368037,-0.922589,-0.171694,1.697352,-1.278241,-1.559173,-0.213343,-0.644091,-0.148442,-0.885204,0.646146,-0.067155,-0.601098,-0.224383,-0.077629,-1.003587,-0.197470,0.557385,-1.846362,0.346163,1.226547,1.550787,-0.073672,0.181888,0.790193,-0.075272,-1.018442,0.000890,-1.782656
28.369182,-0.918367,-0.175118,1.701311,-1.278212,-1.560858,-0.212606,-0.644715,-0.148442,-0.885204,0.646146,-0.067155,-0.601098,-0.224383,-0.077629,-1.003587,-0.197470,0.557385,-1.846362,0.346163,1.226547,1.550787,-0.073672,0.181888,0.790193,-0.075272,-1.018442,0.000890,-1.782656
28.370117,-0.906184,-0.180717,1.700562,-1.277574,-1.561587,-0.212707,-0.642223,-0.152771,-0.886254,0.642482,-0.070025,-0.602655,-0.223953,-0.077974,-1.003670,-0.197284,0.558180,-1.846436,0.345136,1.226551,1.549014,-0.076708,0.183094,0.789878,-0.074493,-1.018931,0.000812,-1.783956
28.371017,-0.914043,-0.182742,1.697614,-1.275607,-1.561397,-0.210755,-0.645139,-0.146109,-0.895165,0.650514,-0.070924,-0.602898,-0.223997,-0.078211,-1.003765,-0.197098,0.558979,-1.846508,0.344133,1.226555,1.547207,-0.083228,0.185081,0.789783,-0.074213,-1.018338,0.001459,-1.789612
28.372111,-0.925801,-0.178519,1.700565,-1.274284,-1.565317,-0.209471,-0.647238,-0.104441,-0.932781,0.695986,-0.067898,-0.600212,-0.225448,-0.078416,-1.003904,-0.196737,0.560562,-1.846661,0.342090,1.226550,1.543649,-0.074916,0.182614,0.790222,-0.075546,-1.015865,-0.000561,-1.782023
28.373087,-0.934123,-0.181239,1.704283,-1.275089,-1.566829,-0.208765,-0.643582,-0.089253,-0.943086,0.712259,-0.069461,-0.599551,-0.226061,-0.078423,-1.003970,-0.196554,0.561354,-1.846733,0.341084,1.226548,1.541835,-0.071593,0.183290,0.788351,-0.073839,-1.014914,-0.000667,-1.790375
28.374018,-0.926059,-0.181170,1.702863,-1.273306,-1.567652,-0.209155,-0.643514,-0.089253,-0.943086,0.712259,-0.069461,-0.599551,-0.226061,-0.078423,-1.003970,-0.196554,0.561354,-1.846733,0.341084,1.226548,1.541835,-0.071593,0.183290,0.788351,-0.073839,-1.014914,-0.000667,-1.790375
28.375144,-0.919473,-0.186390,1.696520,-1.270548,-1.565942,-0.209049,-0.648046,-0.072730,-0.938340,0.730986,-0.084581,-0.600745,-0.227028,-0.078318,-1.004143,-0.196183,0.562947,-1.846889,0.339052,1.226551,1.538248,-0.080300,0.184531,0.793243,-0.076441,-1.017924,0.000846,-1.784224
28.376162,-0.922822,-0.185922,1.701414,-1.269539,-1.562033,-0.208419,-0.648986,-0.072730,-0.938340,0.730986,-0.084581,-0.600745,-0.227028,-0.078318,-1.004143,-0.196183,0.562947,-1.846889,0.339052,1.226551,1.538248,-0.080300,0.184531,0.793243,-0.076441,-1.017924,0.000846,-1.784224
28.377081,-0.933050,-0.191984,1.696332,-1.268868,-1.555736,-0.207732,-0.643504,-0.051705,-0.934757,0.753743,-0.097179,-0.602779,-0.227726,-0.077885,-1.004287,-0.195810,0.564521,-1.847044,0.336976,1.226553,1.534684,-0.074884,0.185773,0.793322,-0.076046,-1.028474,0.000672,-1.795517
28.378115,-0.938203,-0.198684,1.693132,-1.265581,-1.558612,-0.207909,-0.645440,-0.046349,-0.935338,0.758258,-0.099826,-0.604722,-0.227655,-0.077729,-1.004356,-0.195617,0.565325,-1.847128,0.335939,1.226556,1.532883,-0.073204,0.188371,0.795361,-0.078232,-1.026401,0.001462,-1.792985
28.379055,-0.934516,-0.199226,1.690916,-1.264637,-1.557411,-0.206730,-0.648370,-0.047998,-0.939512,0.754072,-0.098379,-0.607471,-0.227183,-0.077569,-1.004437,-0.195430,0.566110,-1.847206,0.334915,1.226557,1.531115,-0.075663,0.187787,0.796192,-0.078076,-1.027630,0.000832,-1.787925
28.379947,-0.931746,-0.199758,1.690274,-1.264417,-1.552366,-0.208074,-0.648532,-0.052211,-0.946015,0.746761,-0.095147,-0.610518,-0.226598,-0.077336,-1.004518,-0.195242,0.566907,-1.847282,0.333886,1.226561,1.529318,-0.077544,0.187147,0.795640,-0.077243,-1.032126,0.002712,-1.787955
28.381184,-0.934431,-0.201986,1.693961,-1.262328,-1.551973,-0.209055,-0.645462,-0.052211,-0.946015,0.746761,-0.095147,-0.610518,-0.226598,-0.077336,-1.004518,-0.195242,0.566907,-1.847282,0.333886,1.226561,1.529318,-0.077544,0.187147,0.795640,-0.077243,-1.032126,0.002712,-1.787955
28.382011,-0.940803,-0.203437,1.683076,-1.260098,-1.545855,-0.206788,-0.646358,-0.054842,-0.952990,0.741463,-0.092666,-0.613335,-0.226208,-0.077104,-1.004596,-0.195055,0.567694,-1.847362,0.332846,1.226567,1.527493,-0.077272,0.187900,0.796430,-0.078507,-1.035566,0.004401,-1.797279
28.382999,-0.953832,-0.201932,1.688023,-1.257855,-1.549582,-0.204013,-0.648655,-0.058573,-0.959252,0.735108,-0.090632,-0.615877,-0.225910,-0.076975,-1.004667,-0.194867,0.568502,-1.847443,0.331800,1.226565,1.525716,-0.074578,0.187608,0.800265,-0.079486,-1.040232,0.002605,-1.795203
28.384092,-0.953448,-0.200117,1.694120,-1.258306,-1.554741,-0.203094,-0.648569,-0.093050,-0.952072,0.693917,-0.090923,-0.621552,-0.224506,-0.077016,-1.004797,-0.194502,0.570082,-1.847602,0.329743,1.226562,1.522135,-0.070152,0.184698,0.796016,-0.079231,-1.033342,0.000197,-1.793984
28.385153,-0.945145,-0.203437,1.690662,-1.256600,-1.558139,-0.200756,-0.646932,-0.093050,-0.952072,0.693917,-0.090923,-0.621552,-0.224506,-0.077016,-1.004797,-0.194502,0.570082,-1.847602,0.329743,1.226562,1.522135,-0.070152,0.184698,0.796016,-0.079231,-1.033342,0.000197,-1.793984
28.386067,-0.940859,-0.203869,1.696034,-1.255857,-1.557640,-0.199656,-0.648930,-0.119020,-0.935590,0.665704,-0.097346,-0.624309,-0.223728,-0.077149,-1.004882,-0.194311,0.570887,-1.847684,0.328721,1.226558,1.520323,-0.075073,0.185690,0.798467,-0.079917,-1.031287,-0.001496,-1.798948
28.387025,-0.943729,-0.207601,1.695751,-1.252945,-1.555057,-0.200012,-0.649118,-0.151671,-0.902705,0.634303,-0.117608,-0.626029,-0.223195,-0.077425,-1.005041,-0.193939,0.572466,-1.847849,0.326642,1.226552,1.516732,-0.076890,0.186132,0.795215,-0.081235,-1.033998,-0.001052,-1.795901
28.388006,-0.945853,-0.206330,1.698528,-1.250287,-1.560889,-0.199734,-0.645915,-0.151671,-0.902705,0.634303,-0.117608,-0.626029,-0.223195,-0.077425,-1.005041,-0.193939,0.572466,-1.847849,0.326642,1.226552,1.516732,-0.076890,0.186132,0.795215,-0.081235,-1.033998,-0.001052,-1.795901
28.389051,-0.943608,-0.209896,1.701450,-1.246582,-1.560695,-0.200715,-0.650248,-0.154632,-0.892293,0.634261,-0.127678,-0.624511,-0.223262,-0.077477,-1.005115,-0.193759,0.573265,-1.847934,0.325631,1.226554,1.514912,-0.076560,0.184798,0.793795,-0.082702,-1.028657,-0.000755,-1.803332
28.390074,-0.941348,-0.209151,1.700024,-1.244625,-1.562515,-0.200221,-0.651789,-0.151414,-0.886458,0.641198,-0.135659,-0.621734,-0.223263,-0.077459,-1.005196,-0.193571,0.574054,-1.848023,0.324599,1.226556,1.513144,-0.078450,0.185920,0.793050,-0.085162,-1.029962,0.000853,-1.796224
28.391091,-0.942402,-0.210605,1.701763,-1.241858,-1.563857,-0.201270,-0.650868,-0.128607,-0.890138,0.672978,-0.141979,-0.613267,-0.222892,-0.077280,-1.005360,-0.193201,0.575652,-1.848199,0.322548,1.226561,1.509522,-0.080431,0.184905,0.793616,-0.087407,-1.028478,0.002605,-1.797738
28.392129,-0.940181,-0.208602,1.701432,-1.240114,-1.566409,-0.199756,-0.648143,-0.128607,-0.890138,0.672978,-0.141979,-0.613267,-0.222892,-0.077280,-1.005360,-0.193201,0.575652,-1.848199,0.322548,1.226561,1.509522,-0.080431,0.184905,0.793616,-0.087407,-1.028478,0.002605,-1.797738
28.393133,-0.944018,-0.205560,1.699387,-1.236720,-1.566724,-0.197335,-0.649511,-0.113131,-0.895149,0.693352,-0.141798,-0.608394,-0.222513,-0.077282,-1.005445,-0.193018,0.576446,-1.848290,0.321518,1.226562,1.507721,-0.082245,0.183264,0.794391,-0.087863,-1.026911,0.001684,-1.804742
28.394006,-0.952639,-0.203314,1.694810,-1.237847,-1.562419,-0.195712,-0.650092,-0.099097,-0.896811,0.712308,-0.141260,-0.603720,-0.221921,-0.077391,-1.005522,-0.192840,0.577247,-1.848382,0.320500,1.226559,1.505914,-0.081016,0.181110,0.795588,-0.089921,-1.027359,-0.000124,-1.803124
28.395090,-0.956535,-0.205767,1.700020,-1.234906,-1.564442,-0.196075,-0.647840,-0.097867,-0.866615,0.721913,-0.147984,-0.597734,-0.219605,-0.077919,-1.005666,-0.192485,0.578836,-1.848560,0.318426,1.226557,1.502298,-0.076257,0.179939,0.795261,-0.089147,-1.030190,-0.000169,-1.808521
28.396016,-0.954903,-0.206228,1.702015,-1.234443,-1.560591,-0.194835,-0.647448,-0.097867,-0.866615,0.721913,-0.147984,-0.597734,-0.219605,-0.077919,-1.005666,-0.192485,0.578836,-1.848560,0.318426,1.226557,1.502298,-0.076257,0.179939,0.795261,-0.089147,-1.030190,-0.000169,-1.808521
28.396967,-0.947922,-0.202620,1.701004,-1.229742,-1.562633,-0.194112,-0.650750,-0.108964,-0.837216,0.714262,-0.155492,-0.596527,-0.218105,-0.078305,-1.005746,-0.192309,0.579636,-1.848645,0.317395,1.226555,1.500477,-0.077661,0.179440,0.793695,-0.088337,-1.033851,-0.000855,-1.809750
28.398046,-0.954000,-0.206141,1.701923,-1.229611,-1.565428,-0.193309,-0.650380,-0.123256,-0.775072,0.707758,-0.170775,-0.594876,-0.215197,-0.078769,-1.005911,-0.191954,0.581225,-1.848834,0.315339,1.226552,1.496872,-0.079437,0.178221,0.794484,-0.090384,-1.030499,-0.001141,-1.806528
28.399036,-0.955482,-0.207941,1.701107,-1.229422,-1.561934,-0.194051,-0.648096,-0.123256,-0.775072,0.707758,-0.170775,-0.594876,-0.215197,-0.078769,-1.005911,-0.191954,0.581225,-1.848834,0.315339,1.226552,1.496872,-0.079437,0.178221,0.794484,-0.090384,-1.030499,-0.001141,-1.806528
28.400037,-0.959520,-0.210142,1.699577,-1.227576,-1.562285,-0.194340,-0.648091,-0.126480,-0.745315,0.708560,-0.177488,-0.594568,-0.213791,-0.078863,-1.005992,-0.191775,0.582017,-1.848922,0.314290,1.226553,1.495031,-0.079375,0.178458,0.795046,-0.089318,-1.034328,0.000206,-1.812073
28.401042,-0.955964,-0.207690,1.698127,-1.224438,-1.561140,-0.193578,-0.652412,-0.135532,-0.690631,0.705995,-0.189742,-0.596309,-0.211134,-0.078734,-1.006152,-0.191421,0.583624,-1.849111,0.312220,1.226556,1.491433,-0.080539,0.177096,0.796818,-0.091515,-1.036239,0.000911,-1.805776
28.402089,-0.951307,-0.209223,1.699246,-1.220311,-1.561675,-0.194825,-0.651461,-0.139659,-0.667884,0.704369,-0.193398,-0.597968,-0.209728,-0.078445,-1.006244,-0.191245,0.584418,-1.849212,0.311178,1.226563,1.489627,-0.083527,0.177386,0.797141,-0.094151,-1.036890,0.002777,-1.809523
28.403185,-0.951789,-0.210612,1.703877,-1.219582,-1.560213,-0.194003,-0.650207,-0.139659,-0.667884,0.704369,-0.193398,-0.597968,-0.209728,-0.078445,-1.006244,-0.191245,0.584418,-1.849212,0.311178,1.226563,1.489627,-0.083527,0.177386,0.797141,-0.094151,-1.036890,0.002777,-1.809523
28.404017,-0.954041,-0.208660,1.692619,-1.215697,-1.559361,-0.193777,-0.650310,-0.134249,-0.642648,0.713887,-0.191014,-0.601149,-0.207024,-0.078013,-1.006412,-0.190897,0.586038,-1.849404,0.309088,1.226572,1.485967,-0.083446,0.175966,0.800819,-0.095897,-1.040353,0.002876,-1.814108
28.405020,-0.960534,-0.204425,1.699554,-1.215409,-1.561775,-0.192622,-0.652131,-0.134249,-0.642648,0.713887,-0.191014,-0.601149,-0.207024,-0.078013,-1.006412,-0.190897,0.586038,-1.849404,0.309088,1.226572,1.485967,-0.083446,0.175966,0.800819,-0.095897,-1.040353,0.002876,-1.814108
28.405988,-0.961496,-0.202419,1.699436,-1.213755,-1.560115,-0.190545,-0.651537,-0.133332,-0.631832,0.715878,-0.188546,-0.603264,-0.205706,-0.077970,-1.006489,-0.190727,0.586827,-1.849499,0.308047,1.226574,1.484172,-0.080994,0.173389,0.798100,-0.094789,-1.038989,0.002330,-1.812095
28.407082,-0.953419,-0.201132,1.704597,-1.211669,-1.562044,-0.188041,-0.649330,-0.138427,-0.613669,0.711566,-0.189984,-0.605983,-0.204482,-0.078083,-1.006573,-0.190555,0.587632,-1.849596,0.307011,1.226574,1.482338,-0.081203,0.171875,0.798456,-0.095013,-1.041394,0.000858,-1.814503
28.408034,-0.945345,-0.204007,1.704258,-1.209567,-1.561191,-0.187200,-0.649260,-0.145322,-0.589170,0.705968,-0.196206,-0.608683,-0.203522,-0.078413,-1.006669,-0.190390,0.588423,-1.849694,0.305966,1.226569,1.480521,-0.086029,0.170987,0.797589,-0.095737,-1.041520,-0.000929,-1.821327
28.409079,-0.946144,-0.203219,1.707347,-1.204995,-1.567306,-0.188090,-0.649953,-0.146216,-0.565622,0.707394,-0.204801,-0.610366,-0.202968,-0.078916,-1.006768,-0.190214,0.589225,-1.849793,0.304921,1.226566,1.478691,-0.090519,0.171845,0.797907,-0.096329,-1.042823,-0.001139,-1.822468
28.410002,-0.949362,-0.207419,1.706003,-1.204567,-1.569482,-0.186504,-0.649635,-0.120990,-0.541757,0.739099,-0.218806,-0.609403,-0.202925,-0.080037,-1.006947,-0.189870,0.590825,-1.849995,0.302858,1.226568,1.475036,-0.089713,0.172550,0.798021,-0.098234,-1.036385,-0.000611,-1.824417
28.411103,-0.946543,-0.206622,1.707091,-1.204423,-1.575145,-0.185270,-0.650881,-0.120990,-0.541757,0.739099,-0.218806,-0.609403,-0.202925,-0.080037,-1.006947,-0.189870,0.590825,-1.849995,0.302858,1.226568,1.475036,-0.089713,0.172550,0.798021,-0.098234,-1.036385,-0.000611,-1.824417
28.412156,-0.947214,-0.210355,1.712918,-1.199909,-1.577477,-0.185079,-0.650073,-0.085717,-0.541871,0.780235,-0.230022,-0.606446,-0.203650,-0.081058,-1.007138,-0.189522,0.592420,-1.850196,0.300800,1.226569,1.471355,-0.092238,0.173273,0.797492,-0.100078,-1.032473,-0.000670,-1.827796
28.412999,-0.939645,-0.210340,1.708551,-1.199469,-1.573830,-0.186879,-0.648852,-0.065214,-0.550866,0.803454,-0.234629,-0.604866,-0.204280,-0.081562,-1.007242,-0.189349,0.593225,-1.850293,0.299751,1.226575,1.469532,-0.096269,0.172502,0.798692,-0.098909,-1.035299,0.001646,-1.830352
28.414119,-0.941248,-0.210493,1.704392,-1.197038,-1.575284,-0.187218,-0.651547,-0.065214,-0.550866,0.803454,-0.234629,-0.604866,-0.204280,-0.081562,-1.007242,-0.189349,0.593225,-1.850293,0.299751,1.226575,1.469532,-0.096269,0.172502,0.798692,-0.098909,-1.035299,0.001646,-1.830352
28.415051,-0.949591,-0.210639,1.702823,-1.193237,-1.569007,-0.185246,-0.651138,-0.043045,-0.564782,0.828158,-0.238552,-0.603494,-0.205113,-0.082058,-1.007335,-0.189179,0.594039,-1.850395,0.298707,1.226579,1.467701,-0.096243,0.172321,0.802518,-0.099918,-1.036204,0.002658,-1.827439
28.416031,-0.961538,-0.209089,1.700338,-1.189178,-1.570607,-0.184328,-0.647870,-0.022242,-0.589080,0.850334,-0.243844,-0.604338,-0.206093,-0.082973,-1.007499,-0.188838,0.595647,-1.850611,0.296618,1.226572,1.464034,-0.087393,0.170547,0.804836,-0.104342,-1.041846,0.001001,-1.837058
28.417087,-0.961461,-0.210213,1.699952,-1.187474,-1.569877,-0.182447,-0.648504,-0.035160,-0.592578,0.835229,-0.243929,-0.607535,-0.205498,-0.083400,-1.007588,-0.188666,0.596449,-1.850716,0.295577,1.226571,1.462182,-0.088250,0.170746,0.806231,-0.104461,-1.044286,-0.000216,-1.837601
28.418042,-0.953537,-0.209571,1.691287,-1.184910,-1.568186,-0.181253,-0.652928,-0.060932,-0.590845,0.806032,-0.242496,-0.612183,-0.204268,-0.083694,-1.007691,-0.188497,0.597268,-1.850824,0.294520,1.226569,1.460376,-0.092666,0.169897,0.810552,-0.105326,-1.046324,-0.000793,-1.829854
28.418963,-0.950699,-0.206902,1.689241,-1.184194,-1.566140,-0.181686,-0.653277,-0.060932,-0.590845,0.806032,-0.242496,-0.612183,-0.204268,-0.083694,-1.007691,-0.188497,0.597268,-1.850824,0.294520,1.226569,1.460376,-0.092666,0.169897,0.810552,-0.105326,-1.046324,-0.000793,-1.829854
28.420069,-0.963808,-0.204929,1.692383,-1.183524,-1.563491,-0.181198,-0.650216,-0.092990,-0.585172,0.770242,-0.240752,-0.617466,-0.202741,-0.083766,-1.007788,-0.188332,0.598086,-1.850927,0.293477,1.226569,1.458539,-0.094484,0.168039,0.811171,-0.104374,-1.048482,0.000242,-1.829990
28.421103,-0.969059,-0.207937,1.697067,-1.180461,-1.564007,-0.179717,-0.650993,-0.129315,-0.572577,0.730389,-0.241524,-0.623036,-0.201140,-0.083680,-1.007868,-0.188167,0.598889,-1.851029,0.292413,1.226569,1.456701,-0.088817,0.166832,0.811306,-0.103603,-1.053174,0.000444,-1.838579
28.421991,-0.966567,-0.211907,1.694632,-1.175226,-1.567267,-0.179483,-0.654701,-0.170820,-0.551930,0.685454,-0.245448,-0.628770,-0.199457,-0.083530,-1.007953,-0.187996,0.599699,-1.851135,0.291354,1.226566,1.454856,-0.086998,0.167954,0.809828,-0.105071,-1.053853,-0.000380,-1.838658
28.423048,-0.961099,-0.216710,1.696217,-1.173739,-1.574170,-0.178830,-0.656963,-0.214039,-0.530394,0.638654,-0.248395,-0.633999,-0.197604,-0.083274,-1.008044,-0.187826,0.600513,-1.851251,0.290307,1.226569,1.453022,-0.088722,0.169302,0.810401,-0.108352,-1.050243,-0.000061,-1.831649
28.424114,-0.962338,-0.216978,1.697510,-1.172159,-1.576859,-0.180527,-0.653511,-0.281042,-0.516338,0.564502,-0.238309,-0.639946,-0.193876,-0.082487,-1.008233,-0.187479,0.602128,-1.851468,0.288246,1.226578,1.449338,-0.092224,0.171036,0.811359,-0.108116,-1.044361,0.002290,-1.838139
28.424985,-0.971998,-0.219950,1.697205,-1.169545,-1.575311,-0.179190,-0.650698,-0.281042,-0.516338,0.564502,-0.238309,-0.639946,-0.193876,-0.082487,-1.008233,-0.187479,0.602128,-1.851468,0.288246,1.226578,1.449338,-0.092224,0.171036,0.811359,-0.108116,-1.044361,0.002290,-1.838139
28.426090,-0.972169,-0.219030,1.699702,-1.166772,-1.579883,-0.178391,-0.656182,-0.303463,-0.522684,0.538780,-0.227825,-0.640687,-0.192365,-0.082285,-1.008314,-0.187308,0.602930,-1.851579,0.287194,1.226577,1.447477,-0.087881,0.171859,0.810811,-0.108854,-1.045363,0.001480,-1.843949
28.427026,-0.971339,-0.215510,1.700014,-1.165197,-1.581303,-0.175971,-0.655375,-0.343574,-0.539644,0.492206,-0.205280,-0.639449,-0.189782,-0.082378,-1.008495,-0.186976,0.604556,-1.851806,0.285122,1.226575,1.443829,-0.089632,0.168866,0.810826,-0.109609,-1.041984,-0.000454,-1.837930
28.427989,-0.969789,-0.216051,1.702050,-1.163211,-1.578942,-0.175178,-0.654960,-0.343574,-0.539644,0.492206,-0.205280,-0.639449,-0.189782,-0.082378,-1.008495,-0.186976,0.604556,-1.851806,0.285122,1.226575,1.443829,-0.089632,0.168866,0.810826,-0.109609,-1.041984,-0.000454,-1.837930
28.429124,-0.966848,-0.217576,1.704581,-1.158408,-1.582069,-0.174627,-0.654447,-0.360445,-0.543096,0.473183,-0.197646,-0.637548,-0.188754,-0.082603,-1.008589,-0.186809,0.605353,-1.851916,0.284069,1.226576,1.442003,-0.090939,0.168677,0.810112,-0.109813,-1.044878,-0.000623,-1.839930
28.430121,-0.971053,-0.214951,1.706156,-1.154975,-1.586152,-0.173525,-0.656376,-0.371510,-0.544583,0.461008,-0.192278,-0.634564,-0.187934,-0.083004,-1.008685,-0.186635,0.606169,-1.852036,0.283038,1.226579,1.440146,-0.093240,0.169163,0.810718,-0.112809,-1.044394,-0.000474,-1.843531
28.431073,-0.971804,-0.215639,1.709398,-1.151762,-1.587616,-0.173107,-0.654620,-0.378121,-0.549047,0.453639,-0.181120,-0.625876,-0.186302,-0.084161,-1.008866,-0.186306,0.607776,-1.852272,0.280948,1.226575,1.436456,-0.091938,0.167337,0.808996,-0.115541,-1.040241,-0.000741,-1.845590
28.432113,-0.969429,-0.214409,1.706403,-1.150886,-1.588624,-0.172742,-0.658088,-0.378121,-0.549047,0.453639,-0.181120,-0.625876,-0.186302,-0.084161,-1.008866,-0.186306,0.607776,-1.852272,0.280948,1.226575,1.436456,-0.091938,0.167337,0.808996,-0.115541,-1.040241,-0.000741,-1.845590
28.433056,-0.968428,-0.220357,1.707496,-1.147516,-1.587836,-0.170694,-0.660100,-0.377390,-0.548776,0.454552,-0.176866,-0.621030,-0.185432,-0.084761,-1.008962,-0.186141,0.608594,-1.852385,0.279914,1.226577,1.434617,-0.093792,0.166389,0.811368,-0.114608,-1.040797,-0.000458,-1.840347
28.434074,-0.969765,-0.223486,1.711539,-1.146993,-1.582505,-0.171002,-0.657314,-0.374090,-0.547387,0.458434,-0.174198,-0.616288,-0.184667,-0.085315,-1.009060,-0.185966,0.609397,-1.852504,0.278865,1.226574,1.432771,-0.094740,0.168796,0.810836,-0.116011,-1.041898,-0.001913,-1.837259
28.435051,-0.959868,-0.224415,1.707542,-1.142244,-1.580806,-0.171201,-0.655985,-0.365917,-0.549374,0.467401,-0.171546,-0.611716,-0.184091,-0.085848,-1.009156,-0.185794,0.610207,-1.852613,0.277797,1.226576,1.430924,-0.094672,0.169895,0.809520,-0.114809,-1.048246,-0.000952,-1.844505
28.436093,-0.957271,-0.225584,1.707700,-1.140181,-1.580900,-0.169684,-0.658532,-0.349975,-0.558054,0.484332,-0.167639,-0.607201,-0.183782,-0.086395,-1.009267,-0.185626,0.611027,-1.852737,0.276753,1.226579,1.429063,-0.100034,0.169887,0.811729,-0.117510,-1.050643,-0.000153,-1.848281
28.437055,-0.961252,-0.232213,1.699971,-1.140190,-1.582415,-0.170982,-0.657862,-0.325633,-0.573704,0.509785,-0.161775,-0.602722,-0.183699,-0.086909,-1.009373,-0.185457,0.611833,-1.852854,0.275698,1.226573,1.427239,-0.101830,0.170098,0.812658,-0.117677,-1.051913,-0.000997,-1.844994
28.438097,-0.972001,-0.233668,1.706786,-1.137498,-1.579680,-0.170666,-0.656640,-0.297294,-0.594025,0.538834,-0.154552,-0.598834,-0.183770,-0.087335,-1.009469,-0.185278,0.612661,-1.852965,0.274655,1.226578,1.425380,-0.100308,0.172811,0.816480,-0.115857,-1.050943,0.000906,-1.847413
28.439040,-0.974272,-0.227702,1.701707,-1.134501,-1.578411,-0.169803,-0.659167,-0.272344,-0.615215,0.563376,-0.147469,-0.596390,-0.183926,-0.087678,-1.009556,-0.185106,0.613460,-1.853085,0.273589,1.226580,1.423535,-0.095664,0.173111,0.814111,-0.116648,-1.055000,0.001223,-1.851667
28.439970,-0.962829,-0.228456,1.698434,-1.131747,-1.579595,-0.168384,-0.660270,-0.256176,-0.631512,0.577983,-0.142160,-0.595750,-0.183971,-0.087885,-1.009652,-0.184943,0.614281,-1.853204,0.272514,1.226580,1.421692,-0.095055,0.169625,0.816514,-0.117651,-1.056280,0.000948,-1.847460
28.441073,-0.960342,-0.228048,1.703383,-1.130753,-1.574178,-0.167499,-0.658350,-0.248926,-0.638496,0.583288,-0.140024,-0.596575,-0.183793,-0.087866,-1.009764,-0.184775,0.615104,-1.853324,0.271469,1.226578,1.419834,-0.101106,0.169502,0.817805,-0.118364,-1.055266,0.000123,-1.846033
28.442022,-0.966632,-0.231402,1.702365,-1.128624,-1.575515,-0.168321,-0.656410,-0.243710,-0.638877,0.587090,-0.140778,-0.597875,-0.183567,-0.087660,-1.009870,-0.184607,0.615912,-1.853440,0.270390,1.226578,1.417985,-0.102941,0.169033,0.816921,-0.117563,-1.062588,-0.000060,-1.852259
28.443052,-0.969265,-0.237270,1.701060,-1.127609,-1.577252,-0.167562,-0.659511,-0.229078,-0.632722,0.600475,-0.147346,-0.599951,-0.183474,-0.087014,-1.010062,-0.184258,0.617543,-1.853676,0.268283,1.226581,1.414255,-0.099574,0.172629,0.818836,-0.116842,-1.061008,0.001234,-1.852321
28.444113,-0.970795,-0.235666,1.704246,-1.124988,-1.582777,-0.165966,-0.662094,-0.229078,-0.632722,0.600475,-0.147346,-0.599951,-0.183474,-0.087014,-1.010062,-0.184258,0.617543,-1.853676,0.268283,1.226581,1.414255,-0.099574,0.172629,0.818836,-0.116842,-1.061008,0.001234,-1.852321
28.445071,-0.964497,-0.237286,1.705329,-1.123652,-1.586155,-0.165732,-0.658701,-0.225429,-0.629195,0.603163,-0.151067,-0.600944,-0.183560,-0.086527,-1.010163,-0.184087,0.618360,-1.853795,0.267225,1.226580,1.412422,-0.099441,0.171422,0.818301,-0.117583,-1.057004,0.000305,-1.849178
28.446036,-0.960835,-0.241506,1.701312,-1.121158,-1.589506,-0.166176,-0.658511,-0.223383,-0.625656,0.604375,-0.155326,-0.601752,-0.183764,-0.086017,-1.010273,-0.183916,0.619182,-1.853910,0.266184,1.226583,1.410541,-0.102966,0.171708,0.817715,-0.117016,-1.054183,0.000673,-1.856976
28.447060,-0.964492,-0.244394,1.699525,-1.122261,-1.588615,-0.164367,-0.660005,-0.213197,-0.625600,0.614589,-0.164968,-0.602096,-0.184892,-0.085439,-1.010482,-0.183563,0.620822,-1.854136,0.264061,1.226581,1.406835,-0.103854,0.174198,0.821358,-0.114766,-1.053309,0.000559,-1.856961
28.448072,-0.971696,-0.247443,1.703833,-1.120616,-1.588661,-0.163570,-0.659028,-0.213197,-0.625600,0.614589,-0.164968,-0.602096,-0.184892,-0.085439,-1.010482,-0.183563,0.620822,-1.854136,0.264061,1.226581,1.406835,-0.103854,0.174198,0.821358,-0.114766,-1.053309,0.000559,-1.856961
28.449125,-0.973654,-0.246758,1.702352,-1.119173,-1.591381,-0.163499,-0.660408,-0.209511,-0.627926,0.618506,-0.171111,-0.602446,-0.185758,-0.085370,-1.010576,-0.183385,0.621629,-1.854250,0.263015,1.226582,1.404954,-0.100853,0.175194,0.819865,-0.114617,-1.054374,0.000401,-1.860341
28.450083,-0.965546,-0.249438,1.696972,-1.116159,-1.590615,-0.160751,-0.658719,-0.210863,-0.628242,0.617346,-0.179365,-0.603567,-0.186668,-0.085468,-1.010677,-0.183210,0.622457,-1.854362,0.261963,1.226585,1.403107,-0.100512,0.174408,0.821499,-0.114325,-1.053156,0.000989,-1.859420
28.451008,-0.957983,-0.249740,1.695708,-1.113282,-1.587874,-0.161517,-0.658359,-0.217339,-0.626149,0.611186,-0.189076,-0.605556,-0.187479,-0.085769,-1.010792,-0.183037,0.623290,-1.854477,0.260921,1.226578,1.401226,-0.104889,0.175198,0.824030,-0.115445,-1.054489,-0.001140,-1.863758
28.452063,-0.959936,-0.253544,1.693399,-1.110551,-1.587282,-0.161673,-0.658296,-0.224252,-0.625002,0.604987,-0.198296,-0.608023,-0.188137,-0.086240,-1.010908,-0.182861,0.624122,-1.854595,0.259854,1.226582,1.399345,-0.108882,0.174698,0.824134,-0.116337,-1.057150,0.000221,-1.865060
28.453082,-0.962564,-0.258269,1.687510,-1.106238,-1.584401,-0.160290,-0.659085,-0.227655,-0.627962,0.602670,-0.205394,-0.610670,-0.188652,-0.086786,-1.011015,-0.182681,0.624946,-1.854712,0.258780,1.226584,1.397490,-0.108397,0.176133,0.826244,-0.117215,-1.059067,0.001024,-1.867054
28.454044,-0.964712,-0.257440,1.686592,-1.104449,-1.585347,-0.158786,-0.659561,-0.230520,-0.636044,0.600423,-0.208502,-0.613730,-0.188863,-0.087332,-1.011122,-0.182499,0.625786,-1.854837,0.257714,1.226582,1.395612,-0.107555,0.177932,0.829560,-0.119465,-1.062966,0.000282,-1.866912
28.455074,-0.963479,-0.256168,1.686734,-1.102502,-1.580221,-0.159050,-0.657939,-0.250166,-0.658657,0.578988,-0.203210,-0.621868,-0.187864,-0.088371,-1.011336,-0.182148,0.627440,-1.855074,0.255579,1.226582,1.391872,-0.108000,0.175806,0.830511,-0.119285,-1.068607,0.000311,-1.871819
28.456134,-0.956519,-0.257937,1.680173,-1.100031,-1.579366,-0.158490,-0.658773,-0.250166,-0.658657,0.578988,-0.203210,-0.621868,-0.187864,-0.088371,-1.011336,-0.182148,0.627440,-1.855074,0.255579,1.226582,1.391872,-0.108000,0.175806,0.830511,-0.119285,-1.068607,0.000311,-1.871819
28.457012,-0.957088,-0.260009,1.677918,-1.098903,-1.575788,-0.158801,-0.661591,-0.265523,-0.666055,0.562348,-0.199894,-0.626461,-0.186942,-0.088856,-1.011456,-0.181971,0.628272,-1.855195,0.254502,1.226580,1.390019,-0.111904,0.176270,0.834722,-0.119821,-1.070790,0.000426,-1.872031
28.458067,-0.956594,-0.256885,1.676257,-1.094427,-1.579030,-0.156912,-0.661008,-0.281719,-0.671062,0.544984,-0.197059,-0.630802,-0.185967,-0.089273,-1.011568,-0.181792,0.629108,-1.855314,0.253420,1.226583,1.388154,-0.111754,0.176548,0.834781,-0.118894,-1.073601,0.001280,-1.866600
28.459013,-0.964537,-0.255441,1.678251,-1.091375,-1.580278,-0.155732,-0.658363,-0.317961,-0.670137,0.506672,-0.194074,-0.637950,-0.183807,-0.090004,-1.011781,-0.181451,0.630774,-1.855562,0.251281,1.226580,1.384384,-0.108905,0.173329,0.835114,-0.122282,-1.070560,-0.000523,-1.875695
28.460051,-0.960514,-0.253588,1.678471,-1.087665,-1.583939,-0.154249,-0.659469,-0.341072,-0.659880,0.482706,-0.194322,-0.640718,-0.182306,-0.090360,-1.011898,-0.181280,0.631609,-1.855687,0.250223,1.226576,1.382506,-0.111372,0.172002,0.835660,-0.123944,-1.068198,-0.001325,-1.875044
28.461054,-0.956193,-0.256013,1.675671,-1.086588,-1.587397,-0.154297,-0.661904,-0.341072,-0.659880,0.482706,-0.194322,-0.640718,-0.182306,-0.090360,-1.011898,-0.181280,0.631609,-1.855687,0.250223,1.226576,1.382506,-0.111372,0.172002,0.835660,-0.123944,-1.068198,-0.001325,-1.875044
28.462096,-0.954935,-0.258889,1.680351,-1.084232,-1.585590,-0.155320,-0.660730,-0.364992,-0.644695,0.458462,-0.195503,-0.642612,-0.180598,-0.090615,-1.012017,-0.181108,0.632443,-1.855808,0.249158,1.226579,1.380631,-0.113836,0.172767,0.837344,-0.123007,-1.065561,-0.000652,-1.871469
28.463018,-0.956275,-0.260646,1.683156,-1.082270,-1.583450,-0.154394,-0.657212,-0.384948,-0.629315,0.438937,-0.196947,-0.643225,-0.178970,-0.090775,-1.012134,-0.180934,0.633276,-1.855934,0.248077,1.226582,1.378761,-0.114851,0.173771,0.835656,-0.123307,-1.068525,0.001020,-1.875582
28.464030,-0.952993,-0.263768,1.679953,-1.080367,-1.588001,-0.153163,-0.659425,-0.396497,-0.617901,0.428618,-0.197855,-0.642260,-0.177643,-0.090915,-1.012246,-0.180761,0.634111,-1.856053,0.247014,1.226583,1.376857,-0.114411,0.174023,0.833691,-0.123242,-1.070583,0.000650,-1.883153
28.464986,-0.953433,-0.262161,1.680292,-1.077097,-1.587892,-0.153776,-0.662611,-0.398763,-0.611783,0.428265,-0.197853,-0.639817,-0.176655,-0.091010,-1.012367,-0.180586,0.634941,-1.856177,0.245955,1.226581,1.375006,-0.116384,0.175101,0.835748,-0.123076,-1.066958,0.000069,-1.880124
28.466076,-0.946379,-0.262815,1.689365,-1.072209,-1.586354,-0.154148,-0.661620,-0.394525,-0.609633,0.434857,-0.197140,-0.636381,-0.175929,-0.090961,-1.012482,-0.180414,0.635779,-1.856301,0.244882,1.226583,1.373140,-0.116414,0.173730,0.835306,-0.124250,-1.067314,0.001293,-1.874675
28.467090,-0.935831,-0.256717,1.687169,-1.069092,-1.589578,-0.154263,-0.660593,-0.358981,-0.618260,0.477164,-0.191705,-0.626426,-0.175057,-0.090640,-1.012748,-0.180076,0.637446,-1.856564,0.242746,1.226593,1.369327,-0.125726,0.170273,0.833466,-0.127841,-1.068316,0.003042,-1.882065
28.468040,-0.936861,-0.256533,1.678047,-1.067510,-1.589757,-0.152163,-0.663782,-0.358981,-0.618260,0.477164,-0.191705,-0.626426,-0.175057,-0.090640,-1.012748,-0.180076,0.637446,-1.856564,0.242746,1.226593,1.369327,-0.125726,0.170273,0.833466,-0.127841,-1.068316,0.003042,-1.882065
28.469023,-0.949262,-0.257292,1.684228,-1.065124,-1.589094,-0.150600,-0.663809,-0.326327,-0.625305,0.514653,-0.188572,-0.620095,-0.174920,-0.090485,-1.012870,-0.179905,0.638295,-1.856690,0.241686,1.226589,1.367477,-0.125324,0.169668,0.837592,-0.127247,-1.068428,0.001540,-1.876550
28.470118,-0.954631,-0.254804,1.693473,-1.061754,-1.588627,-0.149384,-0.664106,-0.295354,-0.626162,0.550429,-0.187823,-0.614258,-0.174825,-0.090340,-1.012978,-0.179739,0.639122,-1.856818,0.240610,1.226586,1.365591,-0.119472,0.169615,0.834606,-0.127480,-1.069595,0.000622,-1.877674
28.471084,-0.940326,-0.257134,1.691373,-1.059409,-1.584752,-0.146595,-0.664410,-0.247915,-0.608463,0.605989,-0.192762,-0.605343,-0.174350,-0.090508,-1.013233,-0.179402,0.640795,-1.857077,0.238450,1.226582,1.361831,-0.124583,0.168776,0.832130,-0.128829,-1.075943,-0.002069,-1.879563
28.472037,-0.932442,-0.257066,1.688008,-1.056091,-1.583548,-0.146114,-0.663581,-0.247915,-0.608463,0.605989,-0.192762,-0.605343,-0.174350,-0.090508,-1.013233,-0.179402,0.640795,-1.857077,0.238450,1.226582,1.361831,-0.124583,0.168776,0.832130,-0.128829,-1.075943,-0.002069,-1.879563
28.473122,-0.935593,-0.257508,1.702326,-1.053746,-1.581475,-0.147123,-0.660935,-0.218857,-0.600525,0.639314,-0.195229,-0.600989,-0.174138,-0.090901,-1.013370,-0.179234,0.641626,-1.857210,0.237367,1.226582,1.359958,-0.128495,0.168226,0.833609,-0.129835,-1.077195,-0.001925,-1.882132
28.474057,-0.938669,-0.265169,1.690475,-1.050532,-1.581850,-0.148464,-0.665749,-0.179908,-0.598911,0.682942,-0.196141,-0.596057,-0.174079,-0.091407,-1.013494,-0.179066,0.642450,-1.857340,0.236294,1.226583,1.358056,-0.127257,0.168156,0.827624,-0.130029,-1.080980,-0.000221,-1.889416
28.475017,-0.942461,-0.269007,1.695060,-1.049078,-1.581134,-0.146951,-0.666543,-0.089011,-0.616919,0.781708,-0.190174,-0.586224,-0.174167,-0.092408,-1.013744,-0.178713,0.644122,-1.857602,0.234120,1.226582,1.354314,-0.124093,0.172697,0.830653,-0.130121,-1.081224,0.000783,-1.879828
28.476129,-0.941699,-0.273070,1.692219,-1.046173,-1.582929,-0.146606,-0.663270,-0.089011,-0.616919,0.781708,-0.190174,-0.586224,-0.174167,-0.092408,-1.013744,-0.178713,0.644122,-1.857602,0.234120,1.226582,1.354314,-0.124093,0.172697,0.830653,-0.130121,-1.081224,0.000783,-1.879828
28.477183,-0.935475,-0.269239,1.697861,-1.042483,-1.586050,-0.146441,-0.664567,-0.049086,-0.636229,0.823456,-0.181789,-0.582600,-0.174087,-0.092885,-1.013872,-0.178539,0.644971,-1.857734,0.233040,1.226582,1.352401,-0.124896,0.174406,0.833350,-0.130885,-1.081343,0.001149,-1.888601
28.478037,-0.934863,-0.270110,1.684722,-1.037924,-1.583970,-0.146431,-0.667246,-0.013281,-0.660877,0.860024,-0.170614,-0.579846,-0.173899,-0.093324,-1.014008,-0.178370,0.645796,-1.857870,0.231958,1.226585,1.350538,-0.128220,0.172092,0.831379,-0.132271,-1.079440,0.001634,-1.887733
28.479078,-0.944077,-0.270157,1.684819,-1.034941,-1.581397,-0.145045,-0.665885,0.039546,-0.710842,0.911870,-0.143942,-0.577004,-0.172840,-0.093785,-1.014253,-0.178032,0.647494,-1.858144,0.229780,1.226586,1.346749,-0.124178,0.171525,0.836990,-0.134957,-1.084053,0.001417,-1.886669
28.479997,-0.951535,-0.267774,1.683463,-1.033299,-1.579991,-0.144752,-0.664684,0.039546,-0.710842,0.911870,-0.143942,-0.577004,-0.172840,-0.093785,-1.014253,-0.178032,0.647494,-1.858144,0.229780,1.226586,1.346749,-0.124178,0.171525,0.836990,-0.134957,-1.084053,0.001417,-1.886669
28.481055,-0.943642,-0.266906,1.685498,-1.027678,-1.584376,-0.143179,-0.667734,0.044334,-0.725866,0.914192,-0.130971,-0.577852,-0.171708,-0.093934,-1.014370,-0.177868,0.648325,-1.858279,0.228690,1.226586,1.344864,-0.120651,0.169811,0.837116,-0.134178,-1.085049,0.001715,-1.889608
28.482170,-0.938668,-0.265408,1.677705,-1.023379,-1.586364,-0.142410,-0.668686,0.034214,-0.730747,0.900898,-0.120697,-0.580093,-0.170269,-0.094018,-1.014503,-0.177700,0.649170,-1.858422,0.227625,1.226587,1.342978,-0.124912,0.169052,0.836805,-0.137370,-1.082077,0.000793,-1.885198
28.483143,-0.935273,-0.263984,1.677641,-1.019490,-1.586163,-0.140825,-0.666621,-0.008112,-0.726129,0.852157,-0.101900,-0.585931,-0.166650,-0.093749,-1.014769,-0.177365,0.650865,-1.858706,0.225447,1.226586,1.339200,-0.129490,0.166886,0.841807,-0.140610,-1.082426,-0.000241,-1.890780
28.484052,-0.944810,-0.267256,1.674045,-1.018598,-1.590675,-0.141581,-0.665282,-0.008112,-0.726129,0.852157,-0.101900,-0.585931,-0.166650,-0.093749,-1.014769,-0.177365,0.650865,-1.858706,0.225447,1.226586,1.339200,-0.129490,0.166886,0.841807,-0.140610,-1.082426,-0.000241,-1.890780
28.485124,-0.944563,-0.269389,1.675395,-1.015464,-1.597010,-0.140184,-0.668591,-0.036583,-0.719469,0.820556,-0.093005,-0.589294,-0.164616,-0.093539,-1.014883,-0.177195,0.651716,-1.858843,0.224388,1.226591,1.337281,-0.124859,0.167945,0.842731,-0.139010,-1.077680,0.001085,-1.893765
28.486120,-0.939895,-0.268802,1.674475,-1.010717,-1.599938,-0.139771,-0.668344,-0.071097,-0.709603,0.782895,-0.086489,-0.593441,-0.162682,-0.093252,-1.015010,-0.177024,0.652554,-1.858986,0.223315,1.226590,1.335414,-0.125366,0.168666,0.842988,-0.139693,-1.072879,0.000346,-1.889035
28.487038,-0.935922,-0.267768,1.669978,-1.008994,-1.593089,-0.140079,-0.665908,-0.145874,-0.690010,0.702746,-0.078519,-0.603522,-0.159379,-0.092258,-1.015275,-0.176691,0.654246,-1.859270,0.221165,1.226592,1.331595,-0.129830,0.166878,0.845031,-0.141070,-1.077309,0.001454,-1.896067
28.488109,-0.939168,-0.268239,1.670495,-1.006209,-1.590234,-0.140680,-0.665817,-0.145874,-0.690010,0.702746,-0.078519,-0.603522,-0.159379,-0.092258,-1.015275,-0.176691,0.654246,-1.859270,0.221165,1.226592,1.331595,-0.129830,0.166878,0.845031,-0.141070,-1.077309,0.001454,-1.896067
28.489058,-0.943386,-0.267944,1.667209,-1.000005,-1.588520,-0.138594,-0.666687,-0.179588,-0.681013,0.667449,-0.077362,-0.608927,-0.158124,-0.091800,-1.015402,-0.176525,0.655097,-1.859413,0.220070,1.226597,1.329709,-0.128504,0.166833,0.845530,-0.141419,-1.081440,0.002707,-1.898093
28.490010,-0.946780,-0.269740,1.664507,-0.995980,-1.586375,-0.138039,-0.667270,-0.212478,-0.671214,0.633282,-0.077715,-0.614635,-0.157038,-0.091494,-1.015522,-0.176363,0.655955,-1.859562,0.218998,1.226594,1.327803,-0.126593,0.166244,0.846625,-0.144935,-1.083271,0.001205,-1.897055
28.491056,-0.949115,-0.267210,1.663182,-0.993636,-1.583814,-0.136852,-0.665608,-0.247514,-0.661310,0.596537,-0.077024,-0.620680,-0.155821,-0.091324,-1.015645,-0.176196,0.656800,-1.859713,0.217905,1.226595,1.325924,-0.125076,0.166652,0.847590,-0.146179,-1.085380,0.001261,-1.896754
28.492099,-0.942477,-0.265234,1.656376,-0.989961,-1.584849,-0.134945,-0.665739,-0.286237,-0.650542,0.555517,-0.075057,-0.627024,-0.154392,-0.091310,-1.015764,-0.176035,0.657654,-1.859859,0.216822,1.226592,1.324007,-0.124295,0.165095,0.848735,-0.145951,-1.089087,0.000750,-1.901664
28.493032,-0.941636,-0.264266,1.658578,-0.985028,-1.585146,-0.135469,-0.665696,-0.328624,-0.636387,0.510639,-0.073711,-0.633516,-0.152833,-0.091503,-1.015898,-0.175876,0.658507,-1.860008,0.215726,1.226589,1.322083,-0.127857,0.163856,0.852619,-0.147012,-1.088995,-0.000492,-1.902851
28.494144,-0.945469,-0.262466,1.662053,-0.982907,-1.586936,-0.134042,-0.667554,-0.371842,-0.619129,0.465094,-0.073311,-0.639663,-0.151187,-0.091873,-1.016028,-0.175716,0.659354,-1.860161,0.214632,1.226590,1.320189,-0.128293,0.162941,0.850868,-0.149124,-1.088430,0.000642,-1.903566
28.495068,-0.946252,-0.264118,1.657079,-0.977789,-1.587962,-0.132505,-0.665383,-0.449202,-0.580808,0.384237,-0.074658,-0.649220,-0.147880,-0.092628,-1.016275,-0.175394,0.661056,-1.860466,0.212454,1.226589,1.316350,-0.126545,0.162250,0.852118,-0.150890,-1.087121,-0.001050,-1.906798
28.496104,-0.941501,-0.263636,1.660971,-0.973768,-1.591091,-0.130336,-0.664827,-0.449202,-0.580808,0.384237,-0.074658,-0.649220,-0.147880,-0.092628,-1.016275,-0.175394,0.661056,-1.860466,0.212454,1.226589,1.316350,-0.126545,0.162250,0.852118,-0.150890,-1.087121,-0.001050,-1.906798
28.497149,-0.934327,-0.262658,1.664742,-0.972636,-1.590249,-0.130762,-0.665842,-0.482565,-0.562513,0.349515,-0.074718,-0.652411,-0.146153,-0.092903,-1.016407,-0.175230,0.661905,-1.860621,0.211369,1.226586,1.314452,-0.129156,0.161681,0.850563,-0.152134,-1.084981,-0.002553,-1.909404
28.497975,-0.925514,-0.265807,1.666785,-0.968753,-1.587756,-0.131886,-0.665949,-0.506219,-0.548783,0.325265,-0.073566,-0.653959,-0.144505,-0.093134,-1.016547,-0.175072,0.662756,-1.860769,0.210290,1.226588,1.312534,-0.132886,0.160949,0.849192,-0.150617,-1.087034,-0.001458,-1.908876
28.499067,-0.925755,-0.264671,1.663276,-0.964489,-1.592615,-0.129825,-0.667278,-0.499503,-0.545793,0.335239,-0.069912,-0.650038,-0.142657,-0.093362,-1.016827,-0.174750,0.664451,-1.861081,0.208131,1.226592,1.308729,-0.137087,0.161132,0.849291,-0.153062,-1.084976,-0.001230,-1.907658
28.500063,-0.935272,-0.266466,1.668828,-0.962394,-1.591906,-0.129073,-0.663486,-0.499503,-0.545793,0.335239,-0.069912,-0.650038,-0.142657,-0.093362,-1.016827,-0.174750,0.664451,-1.861081,0.208131,1.226592,1.308729,-0.137087,0.161132,0.849291,-0.153062,-1.084976,-0.001230,-1.907658
28.501075,-0.946282,-0.266510,1.670578,-0.957955,-1.592016,-0.128426,-0.664011,-0.476225,-0.554810,0.361186,-0.066024,-0.645377,-0.142266,-0.093391,-1.016952,-0.174588,0.665288,-1.861233,0.207040,1.226591,1.306818,-0.132513,0.161678,0.846637,-0.152381,-1.086209,-0.001337,-1.916456
28.502157,-0.935838,-0.265430,1.681486,-0.955322,-1.595452,-0.129605,-0.668404,-0.452387,-0.564028,0.387243,-0.061379,-0.640297,-0.141877,-0.093442,-1.017072,-0.174427,0.666138,-1.861392,0.205939,1.226589,1.304892,-0.127310,0.161373,0.845966,-0.153940,-1.086666,-0.001331,-1.916524
28.503056,-0.926081,-0.267894,1.678653,-0.951374,-1.595025,-0.128373,-0.668426,-0.397416,-0.583952,0.446658,-0.050711,-0.628378,-0.141226,-0.093397,-1.017363,-0.174105,0.667821,-1.861705,0.203774,1.226591,1.301077,-0.137528,0.161439,0.842573,-0.154867,-1.085210,-0.000129,-1.910051
28.504088,-0.927392,-0.272005,1.684084,-0.948312,-1.592821,-0.128774,-0.664673,-0.397416,-0.583952,0.446658,-0.050711,-0.628378,-0.141226,-0.093397,-1.017363,-0.174105,0.667821,-1.861705,0.203774,1.226591,1.301077,-0.137528,0.161439,0.842573,-0.154867,-1.085210,-0.000129,-1.910051
28.505114,-0.929152,-0.272885,1.682910,-0.946611,-1.593975,-0.128757,-0.665149,-0.352631,-0.603846,0.494676,-0.042650,-0.620213,-0.141292,-0.093234,-1.017497,-0.173938,0.668666,-1.861859,0.202687,1.226594,1.299134,-0.137074,0.163203,0.840678,-0.155196,-1.088797,0.000941,-1.919090
28.506005,-0.937937,-0.278974,1.687931,-0.942425,-1.596381,-0.127408,-0.667815,-0.298775,-0.631361,0.551766,-0.031760,-0.610936,-0.141613,-0.093022,-1.017633,-0.173776,0.669503,-1.862011,0.201593,1.226594,1.297201,-0.136394,0.163365,0.842158,-0.154191,-1.088812,0.001579,-1.919487
28.507023,-0.937581,-0.283385,1.687598,-0.942242,-1.590067,-0.126834,-0.670497,-0.243224,-0.662875,0.609892,-0.018909,-0.601484,-0.142100,-0.092726,-1.017760,-0.173604,0.670343,-1.862170,0.200506,1.226593,1.295312,-0.132039,0.165844,0.839007,-0.155436,-1.086063,0.000800,-1.914506
28.508064,-0.931343,-0.282469,1.691166,-0.937682,-1.589801,-0.126254,-0.667883,-0.138785,-0.734587,0.716920,0.011640,-0.584332,-0.143347,-0.091960,-1.018037,-0.173268,0.672026,-1.862476,0.198310,1.226594,1.291480,-0.135787,0.166916,0.839117,-0.154795,-1.095101,0.000983,-1.917552
28.508942,-0.930574,-0.282937,1.679648,-0.939189,-1.588194,-0.125714,-0.666868,-0.138785,-0.734587,0.716920,0.011640,-0.584332,-0.143347,-0.091960,-1.018037,-0.173268,0.672026,-1.862476,0.198310,1.226594,1.291480,-0.135787,0.166916,0.839117,-0.154795,-1.095101,0.000983,-1.917552
28.510063,-0.936647,-0.287586,1.686245,-0.935343,-1.590160,-0.124039,-0.669160,-0.089893,-0.770914,0.766600,0.026402,-0.577151,-0.144174,-0.091722,-1.018175,-0.173100,0.672884,-1.862617,0.197203,1.226594,1.289550,-0.136061,0.166578,0.843970,-0.150680,-1.096024,0.001011,-1.919656
28.511008,-0.947910,-0.293713,1.683304,-0.931042,-1.590955,-0.122855,-0.669211,-0.048738,-0.801483,0.808189,0.037751,-0.571776,-0.145123,-0.091666,-1.018305,-0.172930,0.673718,-1.862773,0.196110,1.226592,1.287621,-0.133448,0.168736,0.842534,-0.151890,-1.096396,0.000060,-1.917331
28.512012,-0.946558,-0.290923,1.684216,-0.926391,-1.587494,-0.122324,-0.670385,-0.019694,-0.827377,0.836516,0.047727,-0.568699,-0.145932,-0.091802,-1.018425,-0.172753,0.674569,-1.862930,0.195005,1.226590,1.285717,-0.128048,0.171236,0.843871,-0.153310,-1.095736,-0.000493,-1.918084
28.513078,-0.939946,-0.294193,1.680646,-0.924897,-1.587403,-0.121712,-0.668063,-0.004632,-0.850520,0.849316,0.059328,-0.567923,-0.146260,-0.092151,-1.018559,-0.172585,0.675420,-1.863087,0.193905,1.226589,1.283791,-0.128985,0.169441,0.843872,-0.155145,-1.100130,-0.000362,-1.916988
28.514079,-0.945827,-0.294003,1.681550,-0.920964,-1.584920,-0.121408,-0.667747,-0.000720,-0.870550,0.850070,0.072247,-0.568903,-0.146087,-0.092697,-1.018697,-0.172411,0.676268,-1.863240,0.192794,1.226589,1.281844,-0.132569,0.170768,0.846850,-0.153963,-1.101715,-0.000285,-1.923447
28.514992,-0.948883,-0.299272,1.682954,-0.917076,-1.586620,-0.121164,-0.671656,-0.013598,-0.901669,0.829958,0.098058,-0.573794,-0.144767,-0.094011,-1.018947,-0.172064,0.677971,-1.863555,0.190580,1.226591,1.277985,-0.128487,0.172310,0.845580,-0.156053,-1.102981,0.000396,-1.917784
28.516022,-0.948835,-0.305889,1.683113,-0.914899,-1.587552,-0.119647,-0.672924,-0.013598,-0.901669,0.829958,0.098058,-0.573794,-0.144767,-0.094011,-1.018947,-0.172064,0.677971,-1.863555,0.190580,1.226591,1.277985,-0.128487,0.172310,0.845580,-0.156053,-1.102981,0.000396,-1.917784
28.516978,-0.947867,-0.306428,1.676713,-0.911261,-1.588043,-0.120019,-0.671213,-0.026811,-0.916588,0.812616,0.112020,-0.576805,-0.143758,-0.094584,-1.019075,-0.171884,0.678812,-1.863711,0.189472,1.226590,1.276104,-0.128836,0.175157,0.846368,-0.155429,-1.103173,-0.000461,-1.916985
28.517981,-0.945147,-0.307710,1.680198,-0.911290,-1.587194,-0.120718,-0.668127,-0.042163,-0.934220,0.792846,0.127443,-0.579671,-0.142662,-0.095117,-1.019205,-0.171706,0.679674,-1.863867,0.188382,1.226595,1.274173,-0.129486,0.174838,0.849430,-0.156246,-1.103110,0.000523,-1.921282
28.519004,-0.944208,-0.309119,1.678021,-0.910009,-1.591878,-0.118630,-0.671719,-0.076775,-0.965773,0.750295,0.152765,-0.584485,-0.140946,-0.096127,-1.019474,-0.171358,0.681369,-1.864165,0.186174,1.226594,1.270335,-0.131723,0.175351,0.849969,-0.152245,-1.101135,0.000423,-1.922912
28.520016,-0.945996,-0.312835,1.672170,-0.905436,-1.599159,-0.117127,-0.671411,-0.076775,-0.965773,0.750295,0.152765,-0.584485,-0.140946,-0.096127,-1.019474,-0.171358,0.681369,-1.864165,0.186174,1.226594,1.270335,-0.131723,0.175351,0.849969,-0.152245,-1.101135,0.000423,-1.922912
28.520959,-0.952734,-0.313510,1.673488,-0.904081,-1.599954,-0.115158,-0.669180,-0.095607,-0.975204,0.728386,0.159020,-0.586630,-0.140566,-0.096515,-1.019601,-0.171180,0.682232,-1.864321,0.185095,1.226594,1.268395,-0.131103,0.176750,0.853316,-0.154065,-1.095024,-0.000417,-1.924884
28.522081,-0.954458,-0.315846,1.672592,-0.901598,-1.603505,-0.114139,-0.670746,-0.120181,-0.979418,0.700551,0.162719,-0.589275,-0.140215,-0.096886,-1.019723,-0.171004,0.683077,-1.864472,0.183992,1.226591,1.266468,-0.127937,0.176501,0.852508,-0.152666,-1.094421,-0.001761,-1.930096
28.523044,-0.944695,-0.317301,1.670018,-0.900233,-1.603398,-0.114951,-0.672429,-0.152132,-0.977156,0.665058,0.163968,-0.592786,-0.139774,-0.097258,-1.019847,-0.170825,0.683934,-1.864621,0.182905,1.226588,1.264531,-0.127628,0.177380,0.854639,-0.152625,-1.093285,-0.002029,-1.929181
28.523985,-0.941016,-0.318271,1.664975,-0.897018,-1.597329,-0.115606,-0.671162,-0.188034,-0.969716,0.625805,0.162614,-0.597025,-0.139332,-0.097525,-1.019990,-0.170647,0.684799,-1.864770,0.181804,1.226591,1.262562,-0.132577,0.177557,0.855788,-0.151325,-1.093805,-0.000590,-1.926528
28.525163,-0.948232,-0.325098,1.673232,-0.895233,-1.593272,-0.114689,-0.669584,-0.221563,-0.960366,0.589616,0.159180,-0.601541,-0.139037,-0.097634,-1.020130,-0.170470,0.685650,-1.864925,0.180685,1.226595,1.260662,-0.134402,0.177467,0.858115,-0.151737,-1.099878,0.000649,-1.929928
28.526014,-0.946987,-0.329192,1.666718,-0.892363,-1.590884,-0.113697,-0.671652,-0.249251,-0.952185,0.559862,0.155146,-0.606098,-0.138909,-0.097663,-1.020254,-0.170283,0.686507,-1.865072,0.179575,1.226594,1.258714,-0.131361,0.180609,0.856188,-0.151080,-1.106789,0.000485,-1.935841
28.526979,-0.950428,-0.334185,1.671231,-0.888953,-1.588446,-0.113080,-0.673045,-0.286832,-0.950155,0.518248,0.152610,-0.615286,-0.138868,-0.097470,-1.020514,-0.169912,0.688217,-1.865376,0.177341,1.226593,1.254878,-0.130427,0.183672,0.855987,-0.151810,-1.110735,0.000058,-1.929724
28.528026,-0.945542,-0.335562,1.668958,-0.886371,-1.584915,-0.114090,-0.671326,-0.286832,-0.950155,0.518248,0.152610,-0.615286,-0.138868,-0.097470,-1.020514,-0.169912,0.688217,-1.865376,0.177341,1.226593,1.254878,-0.130427,0.183672,0.855987,-0.151810,-1.110735,0.000058,-1.929724
28.529022,-0.937732,-0.338846,1.670007,-0.885627,-1.580978,-0.114015,-0.671523,-0.296003,-0.958548,0.507114,0.155625,-0.619591,-0.138864,-0.097222,-1.020654,-0.169729,0.689087,-1.865531,0.176225,1.226599,1.252918,-0.133108,0.183883,0.857856,-0.151654,-1.115522,0.001729,-1.934746
28.530080,-0.939280,-0.336212,1.661408,-0.884586,-1.584897,-0.112888,-0.671777,-0.295848,-0.972897,0.505928,0.160345,-0.623127,-0.139036,-0.097022,-1.020799,-0.169542,0.689956,-1.865676,0.175095,1.226601,1.250995,-0.137078,0.184919,0.857478,-0.149850,-1.119945,0.002273,-1.935515
28.531014,-0.956788,-0.339874,1.667626,-0.882293,-1.584354,-0.110726,-0.673310,-0.282558,-0.998123,0.518410,0.163377,-0.628379,-0.140354,-0.097067,-1.021047,-0.169176,0.691666,-1.865965,0.172859,1.226603,1.247096,-0.128020,0.184326,0.859305,-0.148145,-1.117764,0.000242,-1.934110
28.532051,-0.957333,-0.334783,1.673197,-0.877900,-1.585934,-0.108020,-0.671688,-0.282558,-0.998123,0.518410,0.163377,-0.628379,-0.140354,-0.097067,-1.021047,-0.169176,0.691666,-1.865965,0.172859,1.226603,1.247096,-0.128020,0.184326,0.859305,-0.148145,-1.117764,0.000242,-1.934110
28.533126,-0.943857,-0.339784,1.677398,-0.875423,-1.584173,-0.106651,-0.668952,-0.285241,-0.996514,0.515277,0.158756,-0.631045,-0.141107,-0.097386,-1.021177,-0.168997,0.692524,-1.866119,0.171732,1.226595,1.245161,-0.128129,0.181299,0.857268,-0.149846,-1.117171,-0.001748,-1.938946
28.534060,-0.933403,-0.341641,1.678803,-0.874734,-1.580821,-0.105916,-0.668943,-0.288722,-0.988447,0.511838,0.151972,-0.632662,-0.141718,-0.097932,-1.021325,-0.168811,0.693384,-1.866268,0.170611,1.226593,1.243196,-0.135092,0.183393,0.856295,-0.149729,-1.120499,-0.002397,-1.946192
28.535016,-0.935269,-0.341366,1.679637,-0.873083,-1.581371,-0.107554,-0.670604,-0.253764,-0.983976,0.551209,0.138190,-0.627449,-0.143377,-0.099287,-1.021613,-0.168443,0.695090,-1.866556,0.168370,1.226596,1.239318,-0.139249,0.182849,0.854816,-0.146941,-1.123224,-0.000262,-1.944161
28.536027,-0.943238,-0.352098,1.684610,-0.870211,-1.584854,-0.105031,-0.671896,-0.253764,-0.983976,0.551209,0.138190,-0.627449,-0.143377,-0.099287,-1.021613,-0.168443,0.695090,-1.866556,0.168370,1.226596,1.239318,-0.139249,0.182849,0.854816,-0.146941,-1.123224,-0.000262,-1.944161
28.537052,-0.945608,-0.352645,1.687261,-0.868265,-1.587161,-0.105119,-0.671678,-0.216963,-0.988607,0.591783,0.130782,-0.620853,-0.144598,-0.099805,-1.021744,-0.168249,0.695931,-1.866702,0.167251,1.226591,1.237360,-0.135479,0.187604,0.852972,-0.147272,-1.120490,-0.002140,-1.942784
28.538127,-0.933562,-0.356416,1.692518,-0.863798,-1.585250,-0.104812,-0.668377,-0.176137,-0.997976,0.636135,0.125182,-0.612777,-0.145819,-0.100191,-1.021880,-0.168063,0.696784,-1.866849,0.166126,1.226593,1.235424,-0.134528,0.187282,0.852323,-0.146657,-1.119092,-0.001373,-1.944671
28.539116,-0.930143,-0.356476,1.690746,-0.863034,-1.584612,-0.105685,-0.672019,-0.079023,-1.036019,0.740153,0.123188,-0.592967,-0.147952,-0.100776,-1.022179,-0.167686,0.698484,-1.867146,0.163879,1.226596,1.231497,-0.142401,0.188076,0.852152,-0.146705,-1.123627,0.000517,-1.946639
28.539993,-0.933573,-0.355657,1.686991,-0.862379,-1.582832,-0.106657,-0.672617,-0.079023,-1.036019,0.740153,0.123188,-0.592967,-0.147952,-0.100776,-1.022179,-0.167686,0.698484,-1.867146,0.163879,1.226596,1.231497,-0.142401,0.188076,0.852152,-0.146705,-1.123627,0.000517,-1.946639
28.541034,-0.947473,-0.357405,1.684581,-0.859785,-1.586601,-0.105964,-0.671128,-0.023026,-1.059876,0.800110,0.123697,-0.581987,-0.149033,-0.100915,-1.022316,-0.167500,0.699342,-1.867287,0.162749,1.226599,1.229568,-0.140583,0.186875,0.853062,-0.144797,-1.124489,0.002039,-1.945614
28.542092,-0.950008,-0.358136,1.687380,-0.853888,-1.584964,-0.104687,-0.669053,0.024044,-1.075018,0.850895,0.120518,-0.572315,-0.150122,-0.100994,-1.022437,-0.167313,0.700202,-1.867434,0.161639,1.226600,1.227601,-0.134003,0.187225,0.855029,-0.144874,-1.121915,0.001998,-1.950077
28.543067,-0.941676,-0.352992,1.681830,-0.850414,-1.585418,-0.103491,-0.671853,0.065663,-1.072125,0.896731,0.109752,-0.560709,-0.151054,-0.101166,-1.022717,-0.166944,0.701910,-1.867738,0.159381,1.226595,1.223700,-0.137298,0.183910,0.857548,-0.148878,-1.124617,0.000865,-1.951096
28.544031,-0.935489,-0.353551,1.680325,-0.847572,-1.583377,-0.102378,-0.673011,0.065663,-1.072125,0.896731,0.109752,-0.560709,-0.151054,-0.101166,-1.022717,-0.166944,0.701910,-1.867738,0.159381,1.226595,1.223700,-0.137298,0.183910,0.857548,-0.148878,-1.124617,0.000865,-1.951096
28.545056,-0.944624,-0.358023,1.680525,-0.844903,-1.582274,-0.100967,-0.670597,0.064728,-1.041094,0.898436,0.101160,-0.557690,-0.149977,-0.100850,-1.022992,-0.166572,0.703617,-1.868036,0.157099,1.226595,1.219794,-0.136005,0.185286,0.858849,-0.149102,-1.128502,-0.000370,-1.955857
28.545973,-0.952567,-0.364334,1.680563,-0.841917,-1.581623,-0.100754,-0.670688,0.064728,-1.041094,0.898436,0.101160,-0.557690,-0.149977,-0.100850,-1.022992,-0.166572,0.703617,-1.868036,0.157099,1.226595,1.219794,-0.136005,0.185286,0.858849,-0.149102,-1.128502,-0.000370,-1.955857
28.547041,-0.954158,-0.363628,1.682091,-0.839921,-1.579081,-0.098046,-0.672621,0.054354,-1.022732,0.888682,0.099065,-0.559059,-0.148956,-0.100543,-1.023118,-0.166382,0.704479,-1.868186,0.155957,1.226598,1.217823,-0.132181,0.187678,0.858230,-0.149366,-1.128583,0.000003,-1.955930
28.548003,-0.953203,-0.363344,1.687018,-0.836491,-1.575949,-0.097526,-0.673304,0.036228,-1.005384,0.870312,0.099264,-0.562390,-0.147686,-0.100136,-1.023250,-0.166197,0.705329,-1.868334,0.154823,1.226593,1.215893,-0.131751,0.186831,0.858637,-0.148807,-1.132458,-0.002012,-1.953860
28.549027,-0.954183,-0.364963,1.684077,-0.832698,-1.571960,-0.098695,-0.671757,0.013824,-0.988822,0.847490,0.100385,-0.567068,-0.146264,-0.099623,-1.023382,-0.166011,0.706182,-1.868485,0.153676,1.226593,1.213932,-0.132378,0.186045,0.856140,-0.149538,-1.135512,-0.001883,-1.953263
28.550085,-0.959247,-0.362296,1.691852,-0.830305,-1.576264,-0.098504,-0.671565,-0.008805,-0.973511,0.824823,0.101886,-0.572280,-0.144758,-0.099118,-1.023514,-0.165826,0.707034,-1.868637,0.152538,1.226598,1.211983,-0.132132,0.186330,0.858322,-0.150669,-1.140258,-0.000066,-1.957759
28.551111,-0.965086,-0.361609,1.691821,-0.827864,-1.574373,-0.097064,-0.674005,-0.031505,-0.958880,0.802490,0.103436,-0.577566,-0.143221,-0.098749,-1.023638,-0.165643,0.707888,-1.868789,0.151405,1.226599,1.210008,-0.129994,0.184518,0.855392,-0.150397,-1.137069,0.000409,-1.959672
28.551986,-0.965791,-0.358822,1.698507,-0.826105,-1.574241,-0.096714,-0.674315,-0.056630,-0.941366,0.778179,0.103064,-0.582787,-0.141714,-0.098531,-1.023759,-0.165463,0.708751,-1.868939,0.150279,1.226595,1.208045,-0.127457,0.183713,0.855997,-0.150198,-1.139902,-0.000353,-1.956044
28.553085,-0.959030,-0.359658,1.696752,-0.822106,-1.574856,-0.094683,-0.673784,-0.084618,-0.918144,0.751740,0.098723,-0.587690,-0.140316,-0.098423,-1.023885,-0.165283,0.709592,-1.869086,0.149140,1.226598,1.206105,-0.127188,0.181595,0.851830,-0.149245,-1.138972,-0.000145,-1.955514
28.554020,-0.956428,-0.360481,1.699013,-0.821630,-1.580542,-0.094279,-0.671054,-0.111694,-0.890793,0.727308,0.090485,-0.591674,-0.139079,-0.098436,-1.024020,-0.165102,0.710456,-1.869237,0.148014,1.226594,1.204130,-0.130956,0.181673,0.854092,-0.150694,-1.140129,-0.001460,-1.958532
28.555026,-0.958507,-0.361202,1.703308,-0.817094,-1.583817,-0.095055,-0.671997,-0.133819,-0.863474,0.708926,0.079929,-0.594297,-0.138035,-0.098600,-1.024156,-0.164924,0.711301,-1.869380,0.146869,1.226594,1.202138,-0.132288,0.181484,0.852736,-0.148591,-1.134002,-0.001243,-1.964412
28.556056,-0.961101,-0.361974,1.708165,-0.816460,-1.591599,-0.093979,-0.676885,-0.149724,-0.838670,0.697587,0.067876,-0.595645,-0.137249,-0.098846,-1.024286,-0.164743,0.712153,-1.869536,0.145744,1.226598,1.200189,-0.131470,0.181325,0.851052,-0.150366,-1.131418,0.000174,-1.963647
28.557064,-0.956703,-0.367869,1.706066,-0.815012,-1.595694,-0.092420,-0.675585,-0.160247,-0.816706,0.692157,0.054566,-0.596162,-0.136740,-0.099020,-1.024413,-0.164562,0.713008,-1.869680,0.144638,1.226596,1.198244,-0.130491,0.181243,0.849314,-0.148484,-1.124720,-0.000241,-1.955212
28.557984,-0.952624,-0.374089,1.707388,-0.811712,-1.591509,-0.092257,-0.672081,-0.166576,-0.798140,0.691220,0.040119,-0.596433,-0.136528,-0.099056,-1.024549,-0.164374,0.713858,-1.869826,0.143516,1.226593,1.196297,-0.132897,0.183619,0.850918,-0.147387,-1.121377,-0.001136,-1.959151
28.559129,-0.950880,-0.375053,1.712124,-0.811067,-1.590274,-0.091789,-0.674211,-0.157160,-0.788082,0.711226,0.015548,-0.596839,-0.136891,-0.099069,-1.024824,-0.164000,0.715568,-1.870122,0.141239,1.226596,1.192331,-0.136213,0.186101,0.849327,-0.146183,-1.128556,-0.000434,-1.964431
28.560039,-0.939360,-0.372783,1.704586,-0.805348,-1.588568,-0.091551,-0.675230,-0.157160,-0.788082,0.711226,0.015548,-0.596839,-0.136891,-0.099069,-1.024824,-0.164000,0.715568,-1.870122,0.141239,1.226596,1.192331,-0.136213,0.186101,0.849327,-0.146183,-1.128556,-0.000434,-1.964431
28.561015,-0.949489,-0.371781,1.702073,-0.803054,-1.581089,-0.091282,-0.674426,-0.137851,-0.798166,0.735638,0.007094,-0.596913,-0.137345,-0.099028,-1.024977,-0.163818,0.716419,-1.870278,0.140100,1.226597,1.190386,-0.141811,0.184256,0.852596,-0.149066,-1.129620,-0.000091,-1.962742
28.562108,-0.960567,-0.372320,1.704223,-0.802772,-1.576192,-0.089208,-0.671284,-0.114684,-0.811198,0.763477,0.000543,-0.597378,-0.137712,-0.098908,-1.025103,-0.163635,0.717283,-1.870427,0.138958,1.226598,1.188407,-0.136885,0.183181,0.853853,-0.148679,-1.137304,0.000266,-1.965199
28.563063,-0.962444,-0.365214,1.706906,-0.796778,-1.573653,-0.088657,-0.674208,-0.093342,-0.814557,0.791107,-0.014765,-0.602336,-0.137550,-0.098588,-1.025355,-0.163282,0.718979,-1.870726,0.136645,1.226594,1.184470,-0.131094,0.179001,0.852847,-0.149739,-1.145801,-0.001013,-1.968106
28.563987,-0.954438,-0.366809,1.699545,-0.794014,-1.569757,-0.089554,-0.674598,-0.093342,-0.814557,0.791107,-0.014765,-0.602336,-0.137550,-0.098588,-1.025355,-0.163282,0.718979,-1.870726,0.136645,1.226594,1.184470,-0.131094,0.179001,0.852847,-0.149739,-1.145801,-0.001013,-1.968106
28.565147,-0.949861,-0.367789,1.706570,-0.789927,-1.571360,-0.089078,-0.675022,-0.098180,-0.799423,0.788322,-0.024950,-0.606331,-0.136880,-0.098270,-1.025498,-0.163106,0.719841,-1.870873,0.135504,1.226598,1.182486,-0.135094,0.179250,0.856053,-0.149830,-1.149238,0.000475,-1.967695
28.566059,-0.955448,-0.370891,1.703671,-0.787240,-1.567658,-0.089326,-0.674601,-0.104640,-0.780223,0.783662,-0.034047,-0.609866,-0.135933,-0.097792,-1.025640,-0.162926,0.720685,-1.871027,0.134349,1.226599,1.180525,-0.137744,0.179495,0.854704,-0.151316,-1.149791,0.000728,-1.969388
28.567105,-0.965309,-0.376597,1.710093,-0.786040,-1.573448,-0.087426,-0.673222,-0.108811,-0.750062,0.781504,-0.042712,-0.613164,-0.133833,-0.096587,-1.025893,-0.162560,0.722378,-1.871323,0.132062,1.226602,1.176549,-0.130424,0.182750,0.853441,-0.149936,-1.147957,0.000315,-1.974599
28.568017,-0.964878,-0.379123,1.708085,-0.784135,-1.572508,-0.088333,-0.674055,-0.108811,-0.750062,0.781504,-0.042712,-0.613164,-0.133833,-0.096587,-1.025893,-0.162560,0.722378,-1.871323,0.132062,1.226602,1.176549,-0.130424,0.182750,0.853441,-0.149936,-1.147957,0.000315,-1.974599
28.569019,-0.954964,-0.374027,1.715372,-0.781687,-1.579345,-0.086980,-0.674698,-0.111311,-0.739930,0.778720,-0.043510,-0.613195,-0.132925,-0.096027,-1.026027,-0.162378,0.723230,-1.871472,0.130910,1.226606,1.174591,-0.130716,0.183304,0.853953,-0.149120,-1.148225,0.001816,-1.973196
28.570117,-0.947681,-0.370441,1.715174,-0.778681,-1.581112,-0.086669,-0.674541,-0.111613,-0.732496,0.778110,-0.044594,-0.611868,-0.132351,-0.095615,-1.026172,-0.162206,0.724080,-1.871621,0.129782,1.226604,1.172611,-0.135782,0.180313,0.850734,-0.148961,-1.141906,0.001099,-1.972950
28.571059,-0.955151,-0.371266,1.720659,-0.775335,-1.581877,-0.085663,-0.673418,-0.088807,-0.718833,0.803531,-0.055158,-0.603561,-0.132395,-0.095470,-1.026446,-0.161852,0.725771,-1.871923,0.127478,1.226605,1.168651,-0.135970,0.178067,0.849495,-0.149990,-1.140534,0.001101,-1.977924
28.572036,-0.964697,-0.370952,1.723226,-0.771847,-1.582347,-0.084831,-0.671666,-0.088807,-0.718833,0.803531,-0.055158,-0.603561,-0.132395,-0.095470,-1.026446,-0.161852,0.725771,-1.871923,0.127478,1.226605,1.168651,-0.135970,0.178067,0.849495,-0.149990,-1.140534,0.001101,-1.977924
28.573067,-0.961263,-0.372307,1.725903,-0.768662,-1.586165,-0.083300,-0.673266,-0.071985,-0.709090,0.822526,-0.064079,-0.597445,-0.132685,-0.095803,-1.026571,-0.161676,0.726621,-1.872080,0.126342,1.226607,1.166645,-0.131442,0.177409,0.848422,-0.150638,-1.140282,0.000888,-1.982149
28.574064,-0.957753,-0.371373,1.725189,-0.768541,-1.584206,-0.083535,-0.671388,-0.058074,-0.696661,0.838460,-0.073962,-0.590956,-0.132912,-0.096373,-1.026710,-0.161499,0.727461,-1.872233,0.125201,1.226603,1.164687,-0.133410,0.177665,0.847976,-0.151124,-1.137243,0.000046,-1.980265
28.575073,-0.948734,-0.375246,1.731776,-0.764639,-1.582947,-0.083131,-0.670967,-0.030849,-0.671433,0.870529,-0.096883,-0.577416,-0.133557,-0.097939,-1.026995,-0.161145,0.729148,-1.872528,0.122915,1.226605,1.160702,-0.139878,0.178201,0.846114,-0.149983,-1.141393,0.001174,-1.986887
28.576177,-0.953257,-0.378572,1.734581,-0.760907,-1.587459,-0.082588,-0.673737,-0.030849,-0.671433,0.870529,-0.096883,-0.577416,-0.133557,-0.097939,-1.026995,-0.161145,0.729148,-1.872528,0.122915,1.226605,1.160702,-0.139878,0.178201,0.846114,-0.149983,-1.141393,0.001174,-1.986887
28.577044,-0.956907,-0.380657,1.732460,-0.755914,-1.581196,-0.080982,-0.672346,-0.007509,-0.667497,0.896950,-0.107675,-0.570145,-0.134155,-0.098686,-1.027131,-0.160962,0.729999,-1.872677,0.121773,1.226607,1.158716,-0.137911,0.179492,0.846277,-0.151168,-1.138490,0.001335,-1.983214
28.578122,-0.961920,-0.384818,1.736498,-0.753713,-1.579164,-0.079265,-0.669835,0.020199,-0.672450,0.927245,-0.114406,-0.563246,-0.134685,-0.099258,-1.027261,-0.160783,0.730856,-1.872837,0.120626,1.226604,1.156713,-0.136079,0.179796,0.846267,-0.153167,-1.143621,0.000292,-1.985783
28.579056,-0.963956,-0.382588,1.737820,-0.751466,-1.574857,-0.079921,-0.672661,0.067175,-0.697564,0.976267,-0.115541,-0.553896,-0.134949,-0.100092,-1.027524,-0.160420,0.732544,-1.873138,0.118320,1.226606,1.152739,-0.133016,0.179697,0.844729,-0.152262,-1.150719,0.000546,-1.987154
28.580049,-0.958674,-0.385917,1.731308,-0.746400,-1.576030,-0.079197,-0.673241,0.067175,-0.697564,0.976267,-0.115541,-0.553896,-0.134949,-0.100092,-1.027524,-0.160420,0.732544,-1.873138,0.118320,1.226606,1.152739,-0.133016,0.179697,0.844729,-0.152262,-1.150719,0.000546,-1.987154
28.580989,-0.961940,-0.385668,1.730459,-0.743557,-1.567284,-0.078598,-0.672381,0.082531,-0.711059,0.991666,-0.113793,-0.552127,-0.134801,-0.100391,-1.027666,-0.160237,0.733393,-1.873298,0.117170,1.226604,1.150765,-0.135774,0.180841,0.848397,-0.154442,-1.149743,0.000460,-1.987022
28.581978,-0.974087,-0.386344,1.727261,-0.738339,-1.564890,-0.076869,-0.670101,0.091349,-0.723641,0.999918,-0.110718,-0.552293,-0.134435,-0.100614,-1.027797,-0.160061,0.734246,-1.873454,0.115991,1.226605,1.148762,-0.134212,0.180126,0.848562,-0.154411,-1.157927,0.000471,-1.989157
28.583086,-0.976557,-0.386145,1.724370,-0.735037,-1.561124,-0.076201,-0.670795,0.090082,-0.732972,0.997093,-0.106111,-0.554447,-0.133724,-0.100794,-1.027913,-0.159884,0.735106,-1.873612,0.114838,1.226604,1.146743,-0.128475,0.179972,0.850369,-0.156802,-1.160444,-0.000624,-1.994504
28.584176,-0.973200,-0.385748,1.728691,-0.734299,-1.568083,-0.075583,-0.672416,0.073039,-0.735198,0.977163,-0.100154,-0.558698,-0.132519,-0.100927,-1.028040,-0.159702,0.735960,-1.873771,0.113664,1.226603,1.144770,-0.127765,0.179513,0.853369,-0.157327,-1.165620,-0.000557,-1.995079
28.584983,-0.967982,-0.389225,1.723591,-0.731557,-1.563820,-0.076599,-0.672007,0.041356,-0.729387,0.941721,-0.094326,-0.564504,-0.130976,-0.100951,-1.028171,-0.159523,0.736815,-1.873922,0.112524,1.226607,1.142770,-0.129847,0.178959,0.852504,-0.155445,-1.160052,-0.000494,-1.993548
28.586080,-0.968601,-0.390458,1.730103,-0.732128,-1.571969,-0.076344,-0.674789,0.003738,-0.718354,0.900502,-0.090843,-0.570705,-0.129515,-0.100825,-1.028309,-0.159343,0.737663,-1.874074,0.111359,1.226611,1.140759,-0.132261,0.179885,0.853477,-0.155306,-1.162304,0.001034,-1.993551
28.587036,-0.970692,-0.398385,1.722207,-0.726916,-1.574790,-0.075790,-0.673936,-0.064855,-0.693957,0.826984,-0.093771,-0.581054,-0.128032,-0.100167,-1.028566,-0.158975,0.739387,-1.874379,0.109067,1.226611,1.136778,-0.131462,0.183454,0.855342,-0.154601,-1.152665,0.001537,-1.992126
28.588019,-0.973201,-0.398447,1.727056,-0.727565,-1.578873,-0.074859,-0.672228,-0.064855,-0.693957,0.826984,-0.093771,-0.581054,-0.128032,-0.100167,-1.028566,-0.158975,0.739387,-1.874379,0.109067,1.226611,1.136778,-0.131462,0.183454,0.855342,-0.154601,-1.152665,0.001537,-1.992126
28.589107,-0.961539,-0.401969,1.730724,-0.725464,-1.579796,-0.073840,-0.672907,-0.096539,-0.684543,0.793307,-0.097583,-0.585092,-0.127981,-0.099751,-1.028694,-0.158791,0.740232,-1.874525,0.107914,1.226611,1.134794,-0.130435,0.182857,0.853184,-0.151322,-1.148680,0.001238,-1.996415
28.590098,-0.951878,-0.400596,1.724338,-0.723758,-1.584031,-0.071949,-0.673137,-0.123821,-0.678010,0.764571,-0.102961,-0.588182,-0.128385,-0.099366,-1.028841,-0.158604,0.741086,-1.874673,0.106755,1.226611,1.132790,-0.136527,0.184186,0.852690,-0.150935,-1.149090,0.000923,-1.996719
28.591080,-0.950859,-0.401647,1.720637,-0.723551,-1.584186,-0.069906,-0.674545,-0.146387,-0.675611,0.742715,-0.120934,-0.590392,-0.130584,-0.098912,-1.029135,-0.158245,0.742806,-1.874965,0.104471,1.226606,1.128794,-0.141833,0.182947,0.858107,-0.147691,-1.145214,-0.001711,-1.995064
28.592046,-0.959992,-0.400204,1.722639,-0.721380,-1.579755,-0.069578,-0.674667,-0.146387,-0.675611,0.742715,-0.120934,-0.590392,-0.130584,-0.098912,-1.029135,-0.158245,0.742806,-1.874965,0.104471,1.226606,1.128794,-0.141833,0.182947,0.858107,-0.147691,-1.145214,-0.001711,-1.995064
28.593025,-0.970550,-0.404516,1.717440,-0.721951,-1.576143,-0.068706,-0.673428,-0.149992,-0.671135,0.740730,-0.135571,-0.590943,-0.132087,-0.098911,-1.029262,-0.158062,0.743662,-1.875108,0.103322,1.226608,1.126787,-0.137426,0.181616,0.857070,-0.147354,-1.149640,-0.001407,-1.995441
28.594117,-0.965617,-0.405757,1.728761,-0.719167,-1.569689,-0.069120,-0.669221,-0.173886,-0.635306,0.720004,-0.178472,-0.595580,-0.135146,-0.099461,-1.029526,-0.157694,0.745367,-1.875396,0.100975,1.226608,1.122764,-0.135238,0.183400,0.855561,-0.144638,-1.160794,-0.000516,-2.008853
28.595040,-0.955878,-0.405482,1.728361,-0.716940,-1.565664,-0.067557,-0.674285,-0.173886,-0.635306,0.720004,-0.178472,-0.595580,-0.135146,-0.099461,-1.029526,-0.157694,0.745367,-1.875396,0.100975,1.226608,1.122764,-0.135238,0.183400,0.855561,-0.144638,-1.160794,-0.000516,-2.008853
28.595944,-0.952603,-0.412200,1.729995,-0.712839,-1.561432,-0.068417,-0.677848,-0.183571,-0.612609,0.712356,-0.203309,-0.598785,-0.136666,-0.099906,-1.029675,-0.157513,0.746227,-1.875538,0.099813,1.226605,1.120774,-0.139989,0.182600,0.855292,-0.144313,-1.164088,-0.001488,-1.998804
28.597056,-0.962421,-0.413109,1.728894,-0.713207,-1.557102,-0.068110,-0.675251,-0.178001,-0.596696,0.720806,-0.226395,-0.601012,-0.138128,-0.100264,-1.029821,-0.157321,0.747074,-1.875687,0.098639,1.226609,1.118810,-0.141467,0.185182,0.853906,-0.145705,-1.167268,-0.000043,-1.991922
28.598116,-0.974438,-0.418385,1.734449,-0.711587,-1.551438,-0.067468,-0.673891,-0.159512,-0.588916,0.742352,-0.245848,-0.602293,-0.139466,-0.100540,-1.029949,-0.157136,0.747939,-1.875824,0.097464,1.226609,1.116786,-0.136962,0.185214,0.855946,-0.143067,-1.173051,0.000364,-1.999104
28.599177,-0.974325,-0.419186,1.740895,-0.706914,-1.554785,-0.066143,-0.674505,-0.121305,-0.578888,0.784610,-0.277319,-0.604560,-0.141632,-0.101257,-1.030205,-0.156761,0.749638,-1.876115,0.095095,1.226607,1.112741,-0.131788,0.187244,0.852079,-0.144430,-1.176712,-0.000230,-2.003299
28.600050,-0.963055,-0.420585,1.736821,-0.704666,-1.552716,-0.065980,-0.673865,-0.121305,-0.578888,0.784610,-0.277319,-0.604560,-0.141632,-0.101257,-1.030205,-0.156761,0.749638,-1.876115,0.095095,1.226607,1.112741,-0.131788,0.187244,0.852079,-0.144430,-1.176712,-0.000230,-2.003299
28.601093,-0.968000,-0.421758,1.738804,-0.702964,-1.550208,-0.064875,-0.674768,-0.102722,-0.577223,0.804368,-0.287988,-0.604774,-0.142296,-0.101612,-1.030352,-0.156576,0.750501,-1.876260,0.093924,1.226609,1.110751,-0.137280,0.187169,0.853080,-0.144008,-1.177430,0.000168,-2.004418
28.602076,-0.974609,-0.422676,1.741531,-0.698508,-1.546975,-0.064220,-0.674056,-0.079963,-0.579285,0.828297,-0.295405,-0.603455,-0.142723,-0.101901,-1.030482,-0.156386,0.751346,-1.876402,0.092737,1.226609,1.108739,-0.135044,0.187197,0.853041,-0.143274,-1.180451,-0.000266,-2.003871
28.602970,-0.980028,-0.420408,1.735270,-0.696500,-1.554757,-0.063213,-0.675617,-0.039974,-0.580977,0.869634,-0.303925,-0.597250,-0.142707,-0.102271,-1.030733,-0.156020,0.753061,-1.876691,0.090393,1.226609,1.104739,-0.129340,0.185166,0.853987,-0.144587,-1.174217,-0.000751,-2.002092
28.604094,-0.979736,-0.429661,1.739904,-0.695283,-1.557183,-0.063059,-0.673083,-0.034018,-0.574168,0.875452,-0.306631,-0.593534,-0.142221,-0.102298,-1.030866,-0.155822,0.753906,-1.876833,0.089214,1.226612,1.102740,-0.129912,0.189293,0.853257,-0.143452,-1.173099,-0.000220,-2.008595
28.605038,-0.972442,-0.431994,1.738140,-0.692955,-1.555595,-0.062059,-0.672040,-0.034018,-0.574168,0.875452,-0.306631,-0.593534,-0.142221,-0.102298,-1.030866,-0.155822,0.753906,-1.876833,0.089214,1.226612,1.102740,-0.129912,0.189293,0.853257,-0.143452,-1.173099,-0.000220,-2.008595
28.606007,-0.968833,-0.431938,1.739211,-0.692003,-1.558071,-0.062389,-0.673530,-0.033076,-0.567773,0.876071,-0.307756,-0.589316,-0.141676,-0.102213,-1.031006,-0.155630,0.754764,-1.876975,0.088048,1.226612,1.100725,-0.133574,0.189643,0.853739,-0.143260,-1.173981,-0.000646,-2.010410
28.607111,-0.973022,-0.438691,1.743271,-0.694390,-1.563137,-0.062548,-0.673019,-0.022521,-0.567075,0.887435,-0.308030,-0.578247,-0.141228,-0.101773,-1.031276,-0.155248,0.756465,-1.877241,0.085709,1.226613,1.096716,-0.133650,0.191795,0.852432,-0.137350,-1.166996,0.001129,-2.009617
28.608009,-0.977587,-0.443055,1.744835,-0.691893,-1.559526,-0.062263,-0.673111,-0.022521,-0.567075,0.887435,-0.308030,-0.578247,-0.141228,-0.101773,-1.031276,-0.155248,0.756465,-1.877241,0.085709,1.226613,1.096716,-0.133650,0.191795,0.852432,-0.137350,-1.166996,0.001129,-2.009617
28.609023,-0.977179,-0.443768,1.749022,-0.688439,-1.561438,-0.059745,-0.673603,-0.013290,-0.570159,0.898023,-0.311496,-0.572461,-0.141747,-0.101547,-1.031403,-0.155055,0.757320,-1.877381,0.084544,1.226615,1.094690,-0.131425,0.193098,0.850779,-0.137380,-1.169419,0.001384,-2.008751
28.610059,-0.972008,-0.442198,1.748092,-0.683088,-1.561555,-0.059047,-0.669281,0.008929,-0.585445,0.923792,-0.319030,-0.562775,-0.143392,-0.101420,-1.031677,-0.154674,0.759017,-1.877669,0.082208,1.226608,1.090661,-0.134600,0.191389,0.850271,-0.141254,-1.167751,-0.000526,-2.017413
28.610988,-0.971262,-0.440390,1.744670,-0.680068,-1.556446,-0.058753,-0.669973,0.008929,-0.585445,0.923792,-0.319030,-0.562775,-0.143392,-0.101420,-1.031677,-0.154674,0.759017,-1.877669,0.082208,1.226608,1.090661,-0.134600,0.191389,0.850271,-0.141254,-1.167751,-0.000526,-2.017413
28.612053,-0.977772,-0.439757,1.747946,-0.675580,-1.555282,-0.057955,-0.669582,0.021120,-0.596393,0.938035,-0.319206,-0.559277,-0.143765,-0.101649,-1.031811,-0.154489,0.759864,-1.877812,0.081017,1.226609,1.088668,-0.134975,0.189776,0.851535,-0.141684,-1.171745,-0.000246,-2.015656
28.613012,-0.988883,-0.441767,1.748783,-0.673563,-1.551850,-0.055952,-0.668845,0.029840,-0.605376,0.948641,-0.317008,-0.557243,-0.143611,-0.102097,-1.031937,-0.154301,0.760715,-1.877963,0.079831,1.226612,1.086641,-0.132053,0.188932,0.850814,-0.143587,-1.173361,-0.000406,-2.017206
28.614003,-0.990051,-0.437348,1.745224,-0.668942,-1.547595,-0.055434,-0.666447,0.030294,-0.609402,0.950379,-0.313197,-0.557198,-0.142908,-0.102723,-1.032052,-0.154112,0.761572,-1.878103,0.078655,1.226609,1.084599,-0.126789,0.189240,0.850149,-0.143106,-1.176141,-0.001810,-2.018461
28.615107,-0.989508,-0.438845,1.747273,-0.667391,-1.545159,-0.055379,-0.667308,-0.005262,-0.594321,0.915347,-0.304333,-0.563629,-0.139930,-0.104108,-1.032305,-0.153741,0.763276,-1.878395,0.076281,1.226610,1.080551,-0.127196,0.186715,0.852382,-0.144246,-1.183356,-0.001075,-2.022709
28.616152,-0.982473,-0.438422,1.741161,-0.662964,-1.546641,-0.056028,-0.669395,-0.005262,-0.594321,0.915347,-0.304333,-0.563629,-0.139930,-0.104108,-1.032305,-0.153741,0.763276,-1.878395,0.076281,1.226610,1.080551,-0.127196,0.186715,0.852382,-0.144246,-1.183356,-0.001075,-2.022709
28.616999,-0.985312,-0.440714,1.739536,-0.661931,-1.543550,-0.057762,-0.665664,-0.070231,-0.560289,0.849988,-0.295901,-0.574752,-0.135799,-0.104802,-1.032569,-0.153371,0.764985,-1.878690,0.073897,1.226618,1.076503,-0.129447,0.186280,0.855534,-0.144421,-1.183015,0.002448,-2.025586
28.618072,-0.989335,-0.441989,1.742345,-0.659265,-1.544979,-0.056500,-0.666785,-0.070231,-0.560289,0.849988,-0.295901,-0.574752,-0.135799,-0.104802,-1.032569,-0.153371,0.764985,-1.878690,0.073897,1.226618,1.076503,-0.129447,0.186280,0.855534,-0.144421,-1.183015,0.002448,-2.025586
28.619111,-0.986078,-0.437669,1.747457,-0.652925,-1.543429,-0.054885,-0.669335,-0.141051,-0.525460,0.778083,-0.289916,-0.585963,-0.132037,-0.104847,-1.032826,-0.153006,0.766686,-1.878989,0.071538,1.226615,1.072445,-0.129746,0.183762,0.853259,-0.148298,-1.184004,0.000859,-2.019425
28.619967,-0.975271,-0.436514,1.745127,-0.652548,-1.545886,-0.053927,-0.665845,-0.141051,-0.525460,0.778083,-0.289916,-0.585963,-0.132037,-0.104847,-1.032826,-0.153006,0.766686,-1.878989,0.071538,1.226615,1.072445,-0.129746,0.183762,0.853259,-0.148298,-1.184004,0.000859,-2.019425
28.621022,-0.961459,-0.433686,1.748017,-0.651490,-1.545562,-0.053746,-0.665662,-0.169758,-0.510700,0.749162,-0.287410,-0.589953,-0.130293,-0.104684,-1.032970,-0.152825,0.767542,-1.879130,0.070365,1.226615,1.070419,-0.134966,0.182419,0.853117,-0.146025,-1.179666,0.000436,-2.025513
28.622055,-0.963323,-0.440285,1.749457,-0.648588,-1.548323,-0.054017,-0.664331,-0.183322,-0.492060,0.739161,-0.290930,-0.591388,-0.127981,-0.104075,-1.033265,-0.152459,0.769254,-1.879421,0.068020,1.226622,1.066372,-0.141021,0.183335,0.852254,-0.145004,-1.177973,0.001788,-2.029650
28.623114,-0.972412,-0.443111,1.752636,-0.645113,-1.549663,-0.052084,-0.664750,-0.183322,-0.492060,0.739161,-0.290930,-0.591388,-0.127981,-0.104075,-1.033265,-0.152459,0.769254,-1.879421,0.068020,1.226622,1.066372,-0.141021,0.183335,0.852254,-0.145004,-1.177973,0.001788,-2.029650
28.624082,-0.975255,-0.441692,1.756473,-0.643414,-1.554522,-0.050603,-0.665060,-0.169810,-0.492177,0.755373,-0.294776,-0.589379,-0.127525,-0.103584,-1.033392,-0.152270,0.770113,-1.879569,0.066861,1.226619,1.064337,-0.136794,0.184178,0.851436,-0.145926,-1.177325,0.000510,-2.029425
28.624991,-0.968766,-0.444913,1.753090,-0.640049,-1.549642,-0.050629,-0.664935,-0.153214,-0.496510,0.774031,-0.297808,-0.586948,-0.127268,-0.102960,-1.033526,-0.152093,0.770955,-1.879713,0.065698,1.226619,1.062331,-0.135506,0.182884,0.849533,-0.145084,-1.171995,-0.000369,-2.028811
28.626138,-0.957180,-0.448734,1.753748,-0.638464,-1.551492,-0.050749,-0.665891,-0.136277,-0.502269,0.792563,-0.300864,-0.584685,-0.127128,-0.102233,-1.033672,-0.151906,0.771811,-1.879861,0.064508,1.226622,1.060294,-0.138643,0.183751,0.850492,-0.145770,-1.175601,0.000216,-2.028463
28.627091,-0.954598,-0.451362,1.754314,-0.633865,-1.545295,-0.051463,-0.664033,-0.114801,-0.512673,0.815515,-0.303106,-0.582466,-0.127138,-0.101449,-1.033826,-0.151720,0.772674,-1.880003,0.063345,1.226624,1.058249,-0.144642,0.185298,0.851808,-0.145019,-1.175357,0.001036,-2.027882
28.628021,-0.969140,-0.450040,1.748296,-0.630644,-1.542593,-0.049262,-0.663920,-0.083856,-0.532459,0.847806,-0.302743,-0.580005,-0.127328,-0.100650,-1.033975,-0.151533,0.773533,-1.880153,0.062154,1.226628,1.056228,-0.145780,0.185898,0.851171,-0.146931,-1.180733,0.002320,-2.031461
28.629107,-0.972953,-0.449146,1.749272,-0.624630,-1.540992,-0.045208,-0.663828,-0.048938,-0.558398,0.883378,-0.299409,-0.577904,-0.127550,-0.099913,-1.034102,-0.151350,0.774385,-1.880301,0.060979,1.226626,1.054192,-0.138545,0.184532,0.853718,-0.147478,-1.182425,0.000679,-2.031231
28.630028,-0.967163,-0.449251,1.754032,-0.620719,-1.535693,-0.045751,-0.662175,-0.023510,-0.581407,0.908078,-0.293676,-0.577406,-0.127456,-0.099355,-1.034236,-0.151171,0.775232,-1.880458,0.059790,1.226620,1.052141,-0.137006,0.183699,0.854422,-0.150760,-1.184715,-0.002687,-2.032234
28.631068,-0.956852,-0.448396,1.748335,-0.619264,-1.533063,-0.045706,-0.664224,-0.009118,-0.599637,0.920550,-0.285165,-0.578439,-0.126823,-0.099050,-1.034382,-0.150987,0.776080,-1.880611,0.058585,1.226623,1.050118,-0.139815,0.183036,0.851453,-0.151848,-1.188631,-0.001550,-2.035103
28.632017,-0.958273,-0.445039,1.741835,-0.613343,-1.534816,-0.046703,-0.663308,0.016292,-0.632077,0.941964,-0.263921,-0.580934,-0.124710,-0.099020,-1.034680,-0.150632,0.777805,-1.880920,0.056200,1.226628,1.046065,-0.144164,0.179879,0.857734,-0.153714,-1.188630,0.000609,-2.033123
28.632988,-0.966785,-0.445705,1.744283,-0.610348,-1.533977,-0.045522,-0.660734,0.016292,-0.632077,0.941964,-0.263921,-0.580934,-0.124710,-0.099020,-1.034680,-0.150632,0.777805,-1.880920,0.056200,1.226628,1.046065,-0.144164,0.179879,0.857734,-0.153714,-1.188630,0.000609,-2.033123
28.634076,-0.976827,-0.447902,1.748194,-0.604731,-1.540083,-0.043756,-0.662575,0.022439,-0.641296,0.945988,-0.253722,-0.582119,-0.123426,-0.099179,-1.034812,-0.150451,0.778661,-1.881073,0.054999,1.226627,1.044012,-0.140005,0.179628,0.856351,-0.153923,-1.188737,0.000012,-2.038156
28.635071,-0.968011,-0.445577,1.741731,-0.600353,-1.540495,-0.043039,-0.665449,0.001537,-0.641115,0.918858,-0.231076,-0.584703,-0.120024,-0.099508,-1.035091,-0.150094,0.780380,-1.881395,0.052640,1.226623,1.039969,-0.139806,0.178641,0.858846,-0.158169,-1.182737,-0.001150,-2.029731
28.635984,-0.956542,-0.449792,1.741566,-0.599574,-1.541381,-0.042728,-0.663159,0.001537,-0.641115,0.918858,-0.231076,-0.584703,-0.120024,-0.099508,-1.035091,-0.150094,0.780380,-1.881395,0.052640,1.226623,1.039969,-0.139806,0.178641,0.858846,-0.158169,-1.182737,-0.001150,-2.029731
28.637191,-0.960117,-0.452658,1.742376,-0.598629,-1.540794,-0.044205,-0.662731,-0.018677,-0.637975,0.895257,-0.217101,-0.585003,-0.117988,-0.099577,-1.035246,-0.149910,0.781237,-1.881547,0.051467,1.226623,1.037917,-0.145295,0.180051,0.858151,-0.156142,-1.180671,-0.000897,-2.033774
28.638069,-0.957073,-0.454224,1.740054,-0.593072,-1.545444,-0.040751,-0.662950,-0.035320,-0.637983,0.875852,-0.203192,-0.583656,-0.116180,-0.099644,-1.035389,-0.149728,0.782091,-1.881699,0.050274,1.226630,1.035856,-0.143854,0.181258,0.860159,-0.154570,-1.183351,0.001308,-2.036390
28.639099,-0.962458,-0.450185,1.739079,-0.589328,-1.545759,-0.039367,-0.662107,-0.061689,-0.647196,0.844715,-0.175854,-0.577028,-0.113353,-0.099927,-1.035677,-0.149377,0.783818,-1.882022,0.047926,1.226626,1.031791,-0.142593,0.178864,0.861040,-0.157952,-1.176972,-0.002356,-2.037204
28.640025,-0.958275,-0.453538,1.744305,-0.589588,-1.545132,-0.039514,-0.660837,-0.076483,-0.650670,0.827794,-0.163073,-0.572731,-0.112028,-0.100115,-1.035827,-0.149195,0.784663,-1.882171,0.046743,1.226627,1.029766,-0.144557,0.179888,0.857937,-0.154943,-1.176487,-0.001627,-2.039332
28.640990,-0.951131,-0.442763,1.742098,-0.586597,-1.542979,-0.039125,-0.660614,-0.088936,-0.649984,0.814359,-0.154974,-0.567965,-0.110979,-0.100283,-1.035980,-0.149030,0.785524,-1.882324,0.045575,1.226624,1.027717,-0.148016,0.174016,0.858837,-0.155200,-1.178159,-0.001408,-2.039568
28.642089,-0.946726,-0.443084,1.737103,-0.582512,-1.545419,-0.039300,-0.662034,-0.098525,-0.642431,0.805282,-0.152891,-0.563032,-0.110194,-0.100362,-1.036136,-0.148859,0.786389,-1.882484,0.044395,1.226629,1.025698,-0.150273,0.173959,0.862482,-0.156496,-1.176610,-0.000575,-2.037753
28.642994,-0.952361,-0.449972,1.734148,-0.578588,-1.540500,-0.039934,-0.660236,-0.098525,-0.642431,0.805282,-0.152891,-0.563032,-0.110194,-0.100362,-1.036136,-0.148859,0.786389,-1.882484,0.044395,1.226629,1.025698,-0.150273,0.173959,0.862482,-0.156496,-1.176610,-0.000575,-2.037753
28.644051,-0.964303,-0.447930,1.739482,-0.574438,-1.541559,-0.038974,-0.660196,-0.123972,-0.616433,0.781157,-0.152819,-0.555953,-0.108686,-0.100169,-1.036408,-0.148505,0.788121,-1.882809,0.042028,1.226633,1.021584,-0.141610,0.175301,0.860990,-0.158621,-1.179531,0.000277,-2.041283
28.645080,-0.964875,-0.452453,1.735659,-0.569614,-1.539377,-0.037140,-0.659563,-0.146508,-0.602203,0.757842,-0.149521,-0.555249,-0.107681,-0.099916,-1.036551,-0.148325,0.788983,-1.882971,0.040838,1.226628,1.019556,-0.141471,0.177103,0.863367,-0.160541,-1.181748,-0.000898,-2.042983
28.646002,-0.954310,-0.453202,1.732931,-0.567616,-1.535818,-0.036569,-0.658474,-0.173514,-0.590105,0.729270,-0.142586,-0.556467,-0.106432,-0.099591,-1.036706,-0.148147,0.789851,-1.883127,0.039641,1.226629,1.017499,-0.146579,0.176809,0.863948,-0.159656,-1.184022,-0.000896,-2.044586
28.646982,-0.951812,-0.454542,1.727214,-0.564900,-1.529153,-0.035699,-0.658988,-0.198633,-0.582706,0.702406,-0.132967,-0.558961,-0.105112,-0.099246,-1.036857,-0.147970,0.790715,-1.883287,0.038450,1.226628,1.015441,-0.147706,0.176956,0.866701,-0.159449,-1.190158,-0.001156,-2.043428
28.648126,-0.960250,-0.455869,1.730503,-0.560276,-1.527479,-0.035017,-0.659381,-0.198633,-0.582706,0.702406,-0.132967,-0.558961,-0.105112,-0.099246,-1.036857,-0.147970,0.790715,-1.883287,0.038450,1.226628,1.015441,-0.147706,0.176956,0.866701,-0.159449,-1.190158,-0.001156,-2.043428
28.649026,-0.956414,-0.456107,1.722023,-0.558585,-1.523938,-0.033983,-0.657597,-0.221892,-0.578733,0.677266,-0.121708,-0.562508,-0.103785,-0.098947,-1.036993,-0.147792,0.791587,-1.883452,0.037250,1.226627,1.013407,-0.143820,0.177331,0.866544,-0.161209,-1.193043,-0.001123,-2.044017
28.650058,-0.953659,-0.454279,1.727682,-0.556073,-1.521106,-0.032559,-0.656806,-0.247292,-0.575473,0.649600,-0.109208,-0.567125,-0.102387,-0.098781,-1.037141,-0.147614,0.792471,-1.883608,0.036067,1.226625,1.011347,-0.145619,0.176766,0.869627,-0.159993,-1.195170,-0.001592,-2.046835
28.651074,-0.940286,-0.449940,1.720139,-0.551685,-1.522386,-0.032585,-0.655307,-0.297233,-0.564919,0.596087,-0.087664,-0.576888,-0.099595,-0.099045,-1.037455,-0.147277,0.794210,-1.883927,0.033665,1.226622,1.007252,-0.153575,0.172932,0.871128,-0.161194,-1.196373,-0.001693,-2.052035
28.651973,-0.928170,-0.453646,1.713574,-0.549908,-1.522887,-0.032325,-0.654176,-0.297233,-0.564919,0.596087,-0.087664,-0.576888,-0.099595,-0.099045,-1.037455,-0.147277,0.794210,-1.883927,0.033665,1.226622,1.007252,-0.153575,0.172932,0.871128,-0.161194,-1.196373,-0.001693,-2.052035
28.653139,-0.934644,-0.452957,1.715456,-0.548589,-1.525349,-0.033179,-0.654226,-0.312625,-0.559223,0.580430,-0.079603,-0.580111,-0.098211,-0.099412,-1.037625,-0.147103,0.795094,-1.884086,0.032487,1.226623,1.005184,-0.159175,0.174190,0.873203,-0.159979,-1.194501,-0.001406,-2.053472
28.654051,-0.939802,-0.460284,1.716305,-0.546132,-1.526395,-0.032228,-0.656419,-0.320555,-0.554697,0.572970,-0.073217,-0.581729,-0.096938,-0.099865,-1.037776,-0.146930,0.795962,-1.884243,0.031295,1.226625,1.003138,-0.156098,0.173646,0.874038,-0.158629,-1.193637,0.000169,-2.054866
28.655010,-0.931190,-0.461679,1.718938,-0.543406,-1.527258,-0.032118,-0.654488,-0.328571,-0.547533,0.565897,-0.065510,-0.581643,-0.095014,-0.100801,-1.038090,-0.146572,0.797691,-1.884558,0.028927,1.226627,0.999044,-0.157431,0.176749,0.871097,-0.158028,-1.189695,0.000244,-2.053510
28.656109,-0.918635,-0.467644,1.715945,-0.541987,-1.527335,-0.033561,-0.653688,-0.328571,-0.547533,0.565897,-0.065510,-0.581643,-0.095014,-0.100801,-1.038090,-0.146572,0.797691,-1.884558,0.028927,1.226627,0.999044,-0.157431,0.176749,0.871097,-0.158028,-1.189695,0.000244,-2.053510
28.657053,-0.910247,-0.470041,1.720800,-0.540881,-1.531346,-0.031941,-0.655162,-0.321385,-0.552522,0.573780,-0.061787,-0.579504,-0.094381,-0.101222,-1.038268,-0.146387,0.798573,-1.884714,0.027735,1.226631,0.996975,-0.163533,0.179321,0.873552,-0.156734,-1.190453,0.002358,-2.055945
28.658007,-0.918072,-0.477588,1.721146,-0.537748,-1.529063,-0.030143,-0.652125,-0.298086,-0.568629,0.598468,-0.057791,-0.575493,-0.094106,-0.101566,-1.038440,-0.146207,0.799447,-1.884865,0.026574,1.226630,0.994913,-0.167300,0.179868,0.870460,-0.155104,-1.185714,0.001295,-2.052529
28.659054,-0.929290,-0.475879,1.730218,-0.538184,-1.529433,-0.030474,-0.652861,-0.212029,-0.628580,0.688098,-0.051048,-0.564501,-0.094518,-0.101928,-1.038743,-0.145836,0.801177,-1.885169,0.024207,1.226630,0.990797,-0.157581,0.181558,0.865914,-0.152373,-1.187166,0.001088,-2.057290
28.660057,-0.924247,-0.471805,1.725702,-0.535412,-1.524479,-0.029126,-0.652880,-0.167399,-0.656937,0.734513,-0.053170,-0.560074,-0.095076,-0.101964,-1.038909,-0.145663,0.802045,-1.885322,0.023002,1.226630,0.988724,-0.159963,0.179049,0.868316,-0.152447,-1.191726,0.000343,-2.057293
28.661092,-0.911360,-0.464185,1.721860,-0.528489,-1.527368,-0.027941,-0.655463,-0.167399,-0.656937,0.734513,-0.053170,-0.560074,-0.095076,-0.101964,-1.038909,-0.145663,0.802045,-1.885322,0.023002,1.226630,0.988724,-0.159963,0.179049,0.868316,-0.152447,-1.191726,0.000343,-2.057293
28.662087,-0.917356,-0.463766,1.713368,-0.525410,-1.520209,-0.029935,-0.653339,-0.096406,-0.682845,0.810343,-0.071708,-0.555690,-0.095852,-0.101542,-1.039243,-0.145320,0.803814,-1.885644,0.020604,1.226636,0.984621,-0.162931,0.174226,0.874515,-0.156659,-1.195547,0.002404,-2.056858
28.663007,-0.931230,-0.469394,1.711984,-0.523210,-1.518342,-0.030636,-0.651606,-0.096406,-0.682845,0.810343,-0.071708,-0.555690,-0.095852,-0.101542,-1.039243,-0.145320,0.803814,-1.885644,0.020604,1.226636,0.984621,-0.162931,0.174226,0.874515,-0.156659,-1.195547,0.002404,-2.056858
28.664014,-0.935321,-0.471385,1.704971,-0.519160,-1.515745,-0.028713,-0.652655,-0.079632,-0.678336,0.828905,-0.083875,-0.556512,-0.095764,-0.101155,-1.039384,-0.145138,0.804681,-1.885800,0.019397,1.226639,0.982544,-0.155882,0.176377,0.874396,-0.155969,-1.195939,0.003641,-2.059636
28.665157,-0.926656,-0.478136,1.702906,-0.514600,-1.516450,-0.028102,-0.652978,-0.083403,-0.663220,0.825406,-0.096024,-0.559970,-0.095528,-0.100743,-1.039534,-0.144957,0.805569,-1.885959,0.018183,1.226637,0.980508,-0.153872,0.176816,0.877817,-0.157165,-1.198063,0.002330,-2.057701
28.666089,-0.920852,-0.476614,1.700303,-0.513195,-1.512724,-0.026470,-0.653795,-0.104260,-0.644083,0.803225,-0.104912,-0.565345,-0.095141,-0.100333,-1.039703,-0.144772,0.806460,-1.886122,0.016985,1.226642,0.978437,-0.158256,0.179846,0.880109,-0.158900,-1.198601,0.002406,-2.058283
28.666997,-0.916684,-0.477972,1.695067,-0.508069,-1.513672,-0.024227,-0.654194,-0.158225,-0.618726,0.744382,-0.108440,-0.576035,-0.094175,-0.099612,-1.040032,-0.144416,0.808221,-1.886440,0.014581,1.226639,0.974304,-0.162513,0.178444,0.882135,-0.159541,-1.198614,-0.000328,-2.054561
28.668118,-0.925773,-0.480484,1.701314,-0.506500,-1.514911,-0.022922,-0.654105,-0.158225,-0.618726,0.744382,-0.108440,-0.576035,-0.094175,-0.099612,-1.040032,-0.144416,0.808221,-1.886440,0.014581,1.226639,0.974304,-0.162513,0.178444,0.882135,-0.159541,-1.198614,-0.000328,-2.054561
28.669099,-0.929621,-0.478135,1.697882,-0.503720,-1.517711,-0.022241,-0.652275,-0.210696,-0.606197,0.686650,-0.101922,-0.582070,-0.093233,-0.099463,-1.040334,-0.144061,0.809973,-1.886755,0.012162,1.226636,0.970219,-0.156099,0.177648,0.881691,-0.158289,-1.194712,-0.000980,-2.059557
28.670001,-0.924430,-0.477818,1.702338,-0.502114,-1.516900,-0.021654,-0.650789,-0.210696,-0.606197,0.686650,-0.101922,-0.582070,-0.093233,-0.099463,-1.040334,-0.144061,0.809973,-1.886755,0.012162,1.226636,0.970219,-0.156099,0.177648,0.881691,-0.158289,-1.194712,-0.000980,-2.059557
28.671147,-0.916695,-0.475839,1.702020,-0.497030,-1.519243,-0.022341,-0.651236,-0.268734,-0.584560,0.625271,-0.100364,-0.582713,-0.092667,-0.100319,-1.040668,-0.143711,0.811728,-1.887074,0.009774,1.226639,0.966065,-0.162231,0.175631,0.880000,-0.159277,-1.193037,0.000387,-2.061982
28.672095,-0.914718,-0.482885,1.708587,-0.495360,-1.518657,-0.022062,-0.651411,-0.268734,-0.584560,0.625271,-0.100364,-0.582713,-0.092667,-0.100319,-1.040668,-0.143711,0.811728,-1.887074,0.009774,1.226639,0.966065,-0.162231,0.175631,0.880000,-0.159277,-1.193037,0.000387,-2.061982
28.673040,-0.918285,-0.488212,1.700769,-0.491016,-1.518736,-0.020446,-0.655343,-0.286315,-0.576526,0.607694,-0.100661,-0.579785,-0.092527,-0.100979,-1.040827,-0.143526,0.812602,-1.887229,0.008586,1.226637,0.964020,-0.162947,0.178504,0.876104,-0.158101,-1.192738,0.000692,-2.061315
28.674157,-0.926827,-0.487899,1.708200,-0.488798,-1.524219,-0.021012,-0.654333,-0.293067,-0.576659,0.601376,-0.098230,-0.574858,-0.092414,-0.101622,-1.040983,-0.143342,0.813479,-1.887393,0.007384,1.226634,0.961973,-0.160934,0.180482,0.879446,-0.159434,-1.191567,-0.000334,-2.053028
28.675063,-0.920487,-0.491667,1.703325,-0.488599,-1.521358,-0.021259,-0.650339,-0.300462,-0.590816,0.593706,-0.084900,-0.563749,-0.092125,-0.102649,-1.041296,-0.142981,0.815244,-1.887704,0.005000,1.226638,0.957850,-0.159697,0.181152,0.878134,-0.156256,-1.188552,0.001724,-2.063486
28.676051,-0.913231,-0.494360,1.701358,-0.485778,-1.521279,-0.019786,-0.650105,-0.300462,-0.590816,0.593706,-0.084900,-0.563749,-0.092125,-0.102649,-1.041296,-0.142981,0.815244,-1.887704,0.005000,1.226638,0.957850,-0.159697,0.181152,0.878134,-0.156256,-1.188552,0.001724,-2.063486
28.677098,-0.908685,-0.496571,1.700556,-0.481316,-1.519604,-0.017581,-0.652351,-0.303379,-0.599876,0.590686,-0.078212,-0.558875,-0.092219,-0.103077,-1.041468,-0.142796,0.816118,-1.887860,0.003801,1.226636,0.955808,-0.163018,0.181874,0.878960,-0.156281,-1.188060,0.000855,-2.063917
28.678026,-0.919397,-0.496676,1.698178,-0.479289,-1.513295,-0.017909,-0.651383,-0.300996,-0.612946,0.593242,-0.070817,-0.554609,-0.092418,-0.103379,-1.041635,-0.142610,0.817002,-1.888020,0.002590,1.226632,0.953752,-0.165125,0.182441,0.879707,-0.157911,-1.189772,-0.000684,-2.059848
28.679023,-0.919404,-0.496937,1.698117,-0.474990,-1.509406,-0.015204,-0.651753,-0.295665,-0.628696,0.598579,-0.061563,-0.551514,-0.092498,-0.103535,-1.041782,-0.142431,0.817877,-1.888176,0.001390,1.226635,0.951668,-0.159556,0.181834,0.880106,-0.157036,-1.194858,0.000228,-2.061201
28.680091,-0.909342,-0.498480,1.698314,-0.471918,-1.506323,-0.015391,-0.652535,-0.294351,-0.652326,0.598661,-0.040130,-0.550995,-0.091879,-0.103467,-1.042116,-0.142068,0.819646,-1.888498,-0.001025,1.226631,0.947554,-0.164329,0.181736,0.880411,-0.158644,-1.201572,-0.000988,-2.059549
28.681025,-0.901673,-0.498547,1.688635,-0.468005,-1.503976,-0.015918,-0.650052,-0.294351,-0.652326,0.598661,-0.040130,-0.550995,-0.091879,-0.103467,-1.042116,-0.142068,0.819646,-1.888498,-0.001025,1.226631,0.947554,-0.164329,0.181736,0.880411,-0.158644,-1.201572,-0.000988,-2.059549
28.682169,-0.908623,-0.499595,1.685726,-0.467376,-1.497144,-0.016921,-0.649720,-0.291844,-0.663605,0.600454,-0.027015,-0.552573,-0.091100,-0.103181,-1.042292,-0.141890,0.820531,-1.888660,-0.002237,1.226633,0.945503,-0.167684,0.181134,0.884445,-0.159568,-1.202599,0.000104,-2.064127
28.683058,-0.913931,-0.504211,1.686569,-0.462555,-1.496053,-0.015160,-0.649189,-0.291548,-0.679882,0.598557,0.001263,-0.558602,-0.089149,-0.102181,-1.042604,-0.141519,0.822314,-1.888974,-0.004668,1.226635,0.941352,-0.161344,0.182835,0.885298,-0.159397,-1.209731,0.000566,-2.066071
28.684014,-0.917414,-0.506255,1.677725,-0.459085,-1.493798,-0.012952,-0.649575,-0.291548,-0.679882,0.598557,0.001263,-0.558602,-0.089149,-0.102181,-1.042604,-0.141519,0.822314,-1.888974,-0.004668,1.226635,0.941352,-0.161344,0.182835,0.885298,-0.159397,-1.209731,0.000566,-2.066071
28.685017,-0.909564,-0.504712,1.692563,-0.457648,-1.494109,-0.013137,-0.649375,-0.302152,-0.682173,0.585629,0.016675,-0.562980,-0.088029,-0.101590,-1.042760,-0.141335,0.823203,-1.889137,-0.005884,1.226632,0.939302,-0.159425,0.183181,0.889115,-0.159846,-1.210916,-0.001036,-2.065021
28.686078,-0.899516,-0.505765,1.687815,-0.455164,-1.496691,-0.013143,-0.651735,-0.316494,-0.682637,0.568460,0.033128,-0.567233,-0.086777,-0.101044,-1.042930,-0.141154,0.824078,-1.889293,-0.007079,1.226635,0.937226,-0.163134,0.181855,0.881574,-0.158485,-1.210244,-0.000220,-2.065454
28.687190,-0.897616,-0.503019,1.695939,-0.453827,-1.498817,-0.012867,-0.648769,-0.323390,-0.684584,0.559377,0.048296,-0.569814,-0.085599,-0.100574,-1.043111,-0.140974,0.824962,-1.889451,-0.008287,1.226639,0.935188,-0.167871,0.181954,0.884546,-0.158173,-1.207854,0.000413,-2.061343
28.687991,-0.902308,-0.503334,1.689948,-0.452050,-1.495351,-0.011824,-0.646675,-0.317383,-0.689287,0.564379,0.060467,-0.569958,-0.084671,-0.100259,-1.043281,-0.140797,0.825857,-1.889608,-0.009496,1.226640,0.933100,-0.168704,0.180238,0.881314,-0.156800,-1.206519,0.000820,-2.068259
28.689031,-0.907116,-0.505558,1.699222,-0.447733,-1.497680,-0.010306,-0.645913,-0.302536,-0.693033,0.579221,0.067915,-0.568070,-0.084075,-0.100213,-1.043439,-0.140623,0.826736,-1.889763,-0.010696,1.226638,0.931012,-0.165848,0.179609,0.882184,-0.155603,-1.207276,0.000272,-2.070701
28.690082,-0.897521,-0.506908,1.699818,-0.444234,-1.498491,-0.009402,-0.643994,-0.284774,-0.693178,0.597488,0.070797,-0.564903,-0.083739,-0.100449,-1.043598,-0.140441,0.827597,-1.889923,-0.011900,1.226637,0.928920,-0.163371,0.180238,0.878055,-0.157094,-1.204927,-0.000599,-2.072479
28.691020,-0.892104,-0.512071,1.696021,-0.447044,-1.499281,-0.009655,-0.643898,-0.236131,-0.697402,0.647959,0.073097,-0.555536,-0.083216,-0.101403,-1.043950,-0.140078,0.829352,-1.890221,-0.014296,1.226637,0.924767,-0.170213,0.182371,0.879463,-0.152435,-1.202405,-0.000004,-2.076384
28.692105,-0.895241,-0.513819,1.686746,-0.446258,-1.497506,-0.010192,-0.647528,-0.236131,-0.697402,0.647959,0.073097,-0.555536,-0.083216,-0.101403,-1.043950,-0.140078,0.829352,-1.890221,-0.014296,1.226637,0.924767,-0.170213,0.182371,0.879463,-0.152435,-1.202405,-0.000004,-2.076384
28.693120,-0.905699,-0.516995,1.685885,-0.440008,-1.496847,-0.009595,-0.646412,-0.205681,-0.703326,0.679926,0.070833,-0.550395,-0.083390,-0.101846,-1.044116,-0.139894,0.830248,-1.890368,-0.015510,1.226637,0.922721,-0.168527,0.182786,0.884730,-0.150754,-1.204640,0.001212,-2.069880
28.694050,-0.910404,-0.519877,1.686378,-0.437579,-1.492418,-0.007637,-0.645734,-0.183509,-0.706400,0.703070,0.065958,-0.546846,-0.083893,-0.102151,-1.044268,-0.139710,0.831135,-1.890527,-0.016703,1.226637,0.920635,-0.163232,0.183817,0.885096,-0.154207,-1.205107,0.001226,-2.072281
28.695173,-0.904869,-0.523093,1.686137,-0.432332,-1.489724,-0.006393,-0.645541,-0.176935,-0.706679,0.707542,0.062670,-0.546681,-0.084353,-0.102469,-1.044592,-0.139336,0.832895,-1.890838,-0.019145,1.226637,0.916498,-0.163462,0.185701,0.885343,-0.156346,-1.211610,-0.000707,-2.074507
28.696046,-0.898167,-0.516148,1.681381,-0.427842,-1.486290,-0.005398,-0.644020,-0.176935,-0.706679,0.707542,0.062670,-0.546681,-0.084353,-0.102469,-1.044592,-0.139336,0.832895,-1.890838,-0.019145,1.226637,0.916498,-0.163462,0.185701,0.885343,-0.156346,-1.211610,-0.000707,-2.074507
28.696997,-0.897772,-0.515036,1.681936,-0.424226,-1.475631,-0.006476,-0.642290,-0.181750,-0.710321,0.700489,0.067786,-0.548945,-0.083899,-0.102503,-1.044766,-0.139164,0.833790,-1.890998,-0.020350,1.226634,0.914409,-0.166267,0.181522,0.886110,-0.157811,-1.213082,-0.001148,-2.076442
28.698023,-0.908634,-0.515659,1.689520,-0.420257,-1.477163,-0.006707,-0.644878,-0.186165,-0.714956,0.693954,0.076034,-0.551792,-0.082909,-0.102443,-1.044933,-0.138986,0.834681,-1.891157,-0.021588,1.226639,0.912336,-0.166116,0.180401,0.885072,-0.158508,-1.222447,0.000512,-2.079508
28.699104,-0.914337,-0.515207,1.686214,-0.416597,-1.479653,-0.004816,-0.646571,-0.196941,-0.718537,0.679515,0.095946,-0.557976,-0.079932,-0.101944,-1.045232,-0.138627,0.836430,-1.891480,-0.024013,1.226640,0.908209,-0.157933,0.179607,0.884025,-0.160377,-1.218462,0.000117,-2.071866
28.700051,-0.911769,-0.516957,1.691546,-0.414611,-1.481106,-0.004764,-0.644474,-0.196941,-0.718537,0.679515,0.095946,-0.557976,-0.079932,-0.101944,-1.045232,-0.138627,0.836430,-1.891480,-0.024013,1.226640,0.908209,-0.157933,0.179607,0.884025,-0.160377,-1.218462,0.000117,-2.071866
28.701059,-0.908237,-0.517222,1.684078,-0.413328,-1.479624,-0.004239,-0.643551,-0.226356,-0.710073,0.646807,0.116874,-0.564065,-0.076655,-0.100965,-1.045559,-0.138270,0.838209,-1.891795,-0.026426,1.226640,0.904026,-0.160560,0.179499,0.884222,-0.157900,-1.217031,0.000765,-2.077446
28.702005,-0.906589,-0.521236,1.686144,-0.415252,-1.484207,-0.003509,-0.642907,-0.226356,-0.710073,0.646807,0.116874,-0.564065,-0.076655,-0.100965,-1.045559,-0.138270,0.838209,-1.891795,-0.026426,1.226640,0.904026,-0.160560,0.179499,0.884222,-0.157900,-1.217031,0.000765,-2.077446
28.703044,-0.915582,-0.520006,1.683293,-0.411871,-1.483045,-0.003688,-0.642239,-0.242164,-0.703837,0.630305,0.123842,-0.565812,-0.075513,-0.100336,-1.045719,-0.138086,0.839082,-1.891940,-0.027628,1.226641,0.901967,-0.161110,0.180844,0.882523,-0.153352,-1.211269,0.000611,-2.078276
28.704114,-0.918557,-0.519736,1.688036,-0.409650,-1.484984,-0.001943,-0.644257,-0.259267,-0.695031,0.613132,0.125899,-0.566613,-0.075003,-0.099661,-1.045866,-0.137908,0.839973,-1.892096,-0.028826,1.226643,0.899875,-0.156621,0.179728,0.884078,-0.154019,-1.212440,0.001415,-2.079671
28.704964,-0.905326,-0.516564,1.685139,-0.403732,-1.484597,-0.001221,-0.644181,-0.281596,-0.681415,0.591001,0.123675,-0.566782,-0.074999,-0.099021,-1.046019,-0.137728,0.840844,-1.892251,-0.030055,1.226642,0.897792,-0.155209,0.179166,0.882321,-0.153524,-1.210438,0.000311,-2.075917
28.706093,-0.893260,-0.520473,1.685229,-0.403205,-1.489177,-0.000496,-0.645400,-0.323913,-0.651159,0.550459,0.116384,-0.563323,-0.075301,-0.098036,-1.046372,-0.137374,0.842618,-1.892563,-0.032437,1.226638,0.893648,-0.167157,0.178485,0.882991,-0.154317,-1.205099,0.000106,-2.073116
28.707062,-0.898255,-0.521085,1.685682,-0.403405,-1.486502,0.000066,-0.643582,-0.329677,-0.643847,0.546679,0.113546,-0.558786,-0.075479,-0.097790,-1.046530,-0.137197,0.843491,-1.892711,-0.033644,1.226639,0.891588,-0.164376,0.178201,0.882335,-0.151466,-1.206874,0.000127,-2.076419
28.708011,-0.898264,-0.519550,1.687295,-0.401371,-1.488253,0.000653,-0.640833,-0.327978,-0.638838,0.550899,0.108412,-0.553344,-0.075889,-0.097757,-1.046692,-0.137021,0.844370,-1.892859,-0.034850,1.226638,0.889497,-0.164109,0.176841,0.880811,-0.150860,-1.203886,0.000123,-2.081255
28.709043,-0.899229,-0.522769,1.693937,-0.396856,-1.483407,0.001526,-0.639721,-0.327978,-0.638838,0.550899,0.108412,-0.553344,-0.075889,-0.097757,-1.046692,-0.137021,0.844370,-1.892859,-0.034850,1.226638,0.889497,-0.164109,0.176841,0.880811,-0.150860,-1.203886,0.000123,-2.081255
28.710025,-0.884890,-0.526127,1.694207,-0.394618,-1.483807,0.003105,-0.641801,-0.320897,-0.634628,0.560818,0.101161,-0.547729,-0.076435,-0.097904,-1.046855,-0.136842,0.845253,-1.893018,-0.036049,1.226639,0.887399,-0.163476,0.177977,0.877590,-0.152570,-1.208655,-0.000133,-2.083430
28.711137,-0.880196,-0.526097,1.697060,-0.391015,-1.483496,0.002763,-0.645543,-0.269909,-0.649890,0.618098,0.092141,-0.535824,-0.077128,-0.098280,-1.047216,-0.136484,0.847009,-1.893324,-0.038449,1.226636,0.883276,-0.172354,0.178702,0.876715,-0.153014,-1.208528,-0.000062,-2.072172
28.712095,-0.883749,-0.524484,1.687801,-0.388626,-1.480641,0.003111,-0.644230,-0.269909,-0.649890,0.618098,0.092141,-0.535824,-0.077128,-0.098280,-1.047216,-0.136484,0.847009,-1.893324,-0.038449,1.226636,0.883276,-0.172354,0.178702,0.876715,-0.153014,-1.208528,-0.000062,-2.072172
28.713083,-0.892598,-0.526125,1.689102,-0.386816,-1.472239,0.003247,-0.642597,-0.226540,-0.669978,0.664588,0.091632,-0.530343,-0.077141,-0.098354,-1.047380,-0.136310,0.847891,-1.893477,-0.039667,1.226638,0.881215,-0.170239,0.177329,0.880746,-0.152634,-1.210205,0.000152,-2.074412
28.714016,-0.897830,-0.523524,1.691516,-0.380651,-1.470070,0.005203,-0.643208,-0.186469,-0.687729,0.706998,0.091384,-0.526903,-0.076985,-0.098422,-1.047536,-0.136131,0.848772,-1.893626,-0.040899,1.226640,0.879117,-0.165656,0.177610,0.879726,-0.151797,-1.217666,0.000607,-2.077300
28.715038,-0.888173,-0.520349,1.690831,-0.378512,-1.463602,0.005889,-0.640436,-0.156758,-0.698322,0.737934,0.090699,-0.526009,-0.076636,-0.098513,-1.047694,-0.135960,0.849650,-1.893788,-0.042126,1.226640,0.877035,-0.162790,0.175731,0.877647,-0.154986,-1.218195,-0.000801,-2.075257
28.716071,-0.880405,-0.518545,1.688058,-0.373825,-1.465842,0.006359,-0.640489,-0.135131,-0.702233,0.760029,0.090253,-0.526922,-0.075946,-0.098584,-1.047874,-0.135790,0.850524,-1.893941,-0.043345,1.226640,0.874962,-0.167327,0.173744,0.878141,-0.154375,-1.224238,-0.000849,-2.080868
28.716967,-0.884264,-0.520448,1.685381,-0.371143,-1.462380,0.005375,-0.640302,-0.096387,-0.699070,0.799476,0.090748,-0.529681,-0.073598,-0.098561,-1.048215,-0.135449,0.852279,-1.894255,-0.045769,1.226639,0.870783,-0.168489,0.172826,0.879817,-0.156025,-1.223301,0.000861,-2.079995
28.718063,-0.894005,-0.521147,1.690670,-0.370116,-1.469300,0.005970,-0.643130,-0.081484,-0.692924,0.814298,0.091409,-0.530710,-0.072227,-0.098408,-1.048370,-0.135273,0.853155,-1.894408,-0.046981,1.226639,0.868731,-0.163657,0.172822,0.878017,-0.154404,-1.216742,0.000919,-2.074970
28.718994,-0.896384,-0.525831,1.689095,-0.369414,-1.468393,0.006023,-0.640102,-0.081484,-0.692924,0.814298,0.091409,-0.530710,-0.072227,-0.098408,-1.048370,-0.135273,0.853155,-1.894408,-0.046981,1.226639,0.868731,-0.163657,0.172822,0.878017,-0.154404,-1.216742,0.000919,-2.074970
28.719983,-0.882311,-0.531290,1.688685,-0.368063,-1.474708,0.006458,-0.639314,-0.074653,-0.681906,0.820582,0.090256,-0.531600,-0.071076,-0.098205,-1.048529,-0.135096,0.854034,-1.894555,-0.048184,1.226643,0.866631,-0.162223,0.174556,0.877923,-0.152438,-1.216348,0.001410,-2.080269
28.721121,-0.877052,-0.533832,1.687238,-0.366076,-1.478799,0.007010,-0.638827,-0.071578,-0.670295,0.823006,0.087221,-0.531851,-0.070342,-0.098014,-1.048711,-0.134917,0.854903,-1.894704,-0.049387,1.226646,0.864566,-0.168893,0.176728,0.877959,-0.151138,-1.209278,0.001559,-2.081562
28.722019,-0.881035,-0.541860,1.692545,-0.365485,-1.481470,0.008076,-0.638649,-0.063989,-0.665062,0.830217,0.083878,-0.530740,-0.070066,-0.097812,-1.048886,-0.134735,0.855786,-1.894854,-0.050578,1.226648,0.862474,-0.171364,0.177637,0.879927,-0.150617,-1.206365,0.001688,-2.083399
28.722988,-0.890566,-0.541626,1.688098,-0.365293,-1.480819,0.009601,-0.638860,-0.032416,-0.678525,0.861374,0.077955,-0.525444,-0.070838,-0.097328,-1.049206,-0.134371,0.857531,-1.895144,-0.052995,1.226648,0.858315,-0.163969,0.180138,0.877917,-0.146185,-1.201602,0.000222,-2.081801
28.724060,-0.889875,-0.541595,1.693162,-0.363916,-1.482108,0.009664,-0.639186,-0.032416,-0.678525,0.861374,0.077955,-0.525444,-0.070838,-0.097328,-1.049206,-0.134371,0.857531,-1.895144,-0.052995,1.226648,0.858315,-0.163969,0.180138,0.877917,-0.146185,-1.201602,0.000222,-2.081801
28.725025,-0.880412,-0.543693,1.690985,-0.360902,-1.480231,0.010381,-0.637903,-0.020924,-0.686533,0.872639,0.071651,-0.523312,-0.071928,-0.097166,-1.049370,-0.134194,0.858414,-1.895285,-0.054206,1.226650,0.856225,-0.164276,0.179726,0.875872,-0.145189,-1.200480,0.000817,-2.081475
28.726071,-0.876134,-0.540331,1.694440,-0.358513,-1.479765,0.011905,-0.639415,-0.013473,-0.691972,0.880269,0.062159,-0.522111,-0.073352,-0.097104,-1.049547,-0.134011,0.859287,-1.895433,-0.055402,1.226648,0.854152,-0.168615,0.180145,0.876539,-0.145574,-1.201496,0.000689,-2.083604
28.727005,-0.877667,-0.541288,1.684301,-0.353576,-1.473237,0.012913,-0.638542,-0.003539,-0.698240,0.891123,0.051169,-0.521497,-0.074859,-0.097120,-1.049719,-0.133836,0.860167,-1.895576,-0.056618,1.226646,0.852068,-0.170492,0.178015,0.875083,-0.145519,-1.201782,-0.000192,-2.080667
28.728090,-0.888480,-0.539780,1.689876,-0.349840,-1.474124,0.013716,-0.634351,0.008137,-0.704511,0.904262,0.040069,-0.521720,-0.076184,-0.097190,-1.049887,-0.133658,0.861061,-1.895729,-0.057827,1.226644,0.849972,-0.169318,0.177883,0.879169,-0.147679,-1.206970,-0.000617,-2.081637
28.729013,-0.895467,-0.544597,1.689338,-0.347927,-1.469412,0.013952,-0.634951,0.013792,-0.707109,0.911154,0.030422,-0.523566,-0.077093,-0.097345,-1.050042,-0.133482,0.861929,-1.895881,-0.059042,1.226643,0.847881,-0.163910,0.176748,0.877157,-0.148781,-1.206316,-0.000751,-2.090524
28.729974,-0.887356,-0.541881,1.691019,-0.343632,-1.468056,0.014065,-0.635984,0.008036,-0.703917,0.905919,0.022690,-0.527457,-0.077540,-0.097583,-1.050193,-0.133300,0.862810,-1.896025,-0.060252,1.226643,0.845787,-0.160239,0.178484,0.876447,-0.148074,-1.209553,-0.000420,-2.088323
28.730961,-0.876373,-0.538999,1.681903,-0.341889,-1.463065,0.014425,-0.635641,-0.021720,-0.687796,0.876460,0.011449,-0.538309,-0.077388,-0.097912,-1.050546,-0.132955,0.864566,-1.896327,-0.062717,1.226645,0.841628,-0.169039,0.174634,0.879349,-0.148690,-1.213591,0.000282,-2.086116
28.732052,-0.886832,-0.548186,1.682815,-0.337844,-1.464027,0.015150,-0.635084,-0.021720,-0.687796,0.876460,0.011449,-0.538309,-0.077388,-0.097912,-1.050546,-0.132955,0.864566,-1.896327,-0.062717,1.226645,0.841628,-0.169039,0.174634,0.879349,-0.148690,-1.213591,0.000282,-2.086116
28.733087,-0.901459,-0.548745,1.684992,-0.336973,-1.464470,0.016029,-0.634165,-0.037466,-0.677994,0.861000,0.007598,-0.543334,-0.076930,-0.097996,-1.050698,-0.132769,0.865454,-1.896479,-0.063928,1.226644,0.839524,-0.163791,0.178807,0.879526,-0.150149,-1.212979,0.000223,-2.087666
28.734087,-0.899302,-0.548006,1.682302,-0.337512,-1.466687,0.016622,-0.633350,-0.092305,-0.651225,0.804294,0.004697,-0.552592,-0.075789,-0.098278,-1.051000,-0.132416,0.867206,-1.896764,-0.066373,1.226645,0.835340,-0.157558,0.177700,0.879885,-0.145517,-1.209166,-0.000014,-2.090891
28.734984,-0.886459,-0.549698,1.680392,-0.336162,-1.464337,0.016763,-0.631536,-0.092305,-0.651225,0.804294,0.004697,-0.552592,-0.075789,-0.098278,-1.051000,-0.132416,0.867206,-1.896764,-0.066373,1.226645,0.835340,-0.157558,0.177700,0.879885,-0.145517,-1.209166,-0.000014,-2.090891
28.736107,-0.879899,-0.545554,1.685346,-0.332280,-1.468987,0.018283,-0.634877,-0.131771,-0.629427,0.763646,-0.000193,-0.556167,-0.075555,-0.098435,-1.051178,-0.132240,0.868078,-1.896904,-0.067581,1.226646,0.833232,-0.163473,0.177893,0.879670,-0.144348,-1.209772,0.000386,-2.093372
28.737014,-0.885383,-0.544997,1.689251,-0.333033,-1.469202,0.018123,-0.634209,-0.165995,-0.607069,0.729112,-0.008005,-0.557419,-0.075572,-0.098514,-1.051353,-0.132069,0.868954,-1.897053,-0.068795,1.226645,0.831176,-0.166590,0.175541,0.878315,-0.145747,-1.205802,-0.000454,-2.087479
28.738037,-0.892384,-0.547152,1.694638,-0.331051,-1.473728,0.018780,-0.632157,-0.190014,-0.585493,0.705791,-0.018273,-0.555899,-0.075720,-0.098479,-1.051506,-0.131897,0.869835,-1.897189,-0.069991,1.226647,0.829082,-0.163530,0.174676,0.875194,-0.142544,-1.204050,0.000259,-2.087856
28.739000,-0.890335,-0.551688,1.700556,-0.329957,-1.472698,0.019513,-0.632752,-0.217805,-0.538314,0.681520,-0.048492,-0.547433,-0.076661,-0.098258,-1.051820,-0.131541,0.871565,-1.897466,-0.072412,1.226647,0.824904,-0.160810,0.176964,0.869388,-0.140851,-1.199132,0.000070,-2.090131
28.740044,-0.875271,-0.553424,1.694113,-0.327868,-1.477142,0.019818,-0.633512,-0.218552,-0.519660,0.683314,-0.064987,-0.541549,-0.077412,-0.098063,-1.052002,-0.131365,0.872453,-1.897606,-0.073602,1.226650,0.822803,-0.168042,0.177384,0.872847,-0.140559,-1.194709,0.000390,-2.088668
28.741111,-0.874525,-0.557443,1.696492,-0.327209,-1.472444,0.020172,-0.633289,-0.206616,-0.509371,0.698244,-0.080048,-0.535103,-0.078282,-0.097766,-1.052171,-0.131182,0.873318,-1.897742,-0.074823,1.226650,0.820728,-0.168188,0.178924,0.872308,-0.138967,-1.199519,0.000684,-2.089487
28.742078,-0.877558,-0.559272,1.695446,-0.326717,-1.471544,0.022569,-0.634650,-0.206616,-0.509371,0.698244,-0.080048,-0.535103,-0.078282,-0.097766,-1.052171,-0.131182,0.873318,-1.897742,-0.074823,1.226650,0.820728,-0.168188,0.178924,0.872308,-0.138967,-1.199519,0.000684,-2.089487
28.743013,-0.886024,-0.560234,1.692383,-0.321338,-1.467100,0.024763,-0.634253,-0.162603,-0.504102,0.747934,-0.107052,-0.524544,-0.080248,-0.097097,-1.052485,-0.130826,0.875060,-1.898021,-0.077240,1.226641,0.816567,-0.161961,0.179090,0.873212,-0.139969,-1.202483,-0.002715,-2.086324
28.744129,-0.887560,-0.562212,1.699321,-0.318056,-1.463823,0.026191,-0.634937,-0.162603,-0.504102,0.747934,-0.107052,-0.524544,-0.080248,-0.097097,-1.052485,-0.130826,0.875060,-1.898021,-0.077240,1.226641,0.816567,-0.161961,0.179090,0.873212,-0.139969,-1.202483,-0.002715,-2.086324
28.745031,-0.879980,-0.560359,1.695861,-0.315754,-1.453811,0.025092,-0.634370,-0.144484,-0.502042,0.767635,-0.117091,-0.522334,-0.080847,-0.096933,-1.052644,-0.130646,0.875930,-1.898163,-0.078473,1.226639,0.814471,-0.161271,0.179711,0.870845,-0.140863,-1.206231,-0.003445,-2.085608
28.746044,-0.870965,-0.558844,1.695212,-0.314971,-1.447122,0.024777,-0.632872,-0.107587,-0.501213,0.806225,-0.128335,-0.522319,-0.080589,-0.097130,-1.052996,-0.130297,0.877672,-1.898439,-0.080938,1.226643,0.810290,-0.168747,0.176899,0.871896,-0.139107,-1.220255,-0.000872,-2.088567
28.747074,-0.879522,-0.559682,1.693367,-0.308846,-1.443925,0.024069,-0.632023,-0.083419,-0.501441,0.831387,-0.132859,-0.522885,-0.080003,-0.097414,-1.053149,-0.130119,0.878544,-1.898586,-0.082153,1.226647,0.808191,-0.164347,0.176846,0.873056,-0.142724,-1.223080,0.000448,-2.090207
28.748021,-0.887047,-0.561649,1.697953,-0.308755,-1.445421,0.024305,-0.633936,-0.062195,-0.499556,0.853135,-0.136071,-0.523725,-0.079168,-0.097708,-1.053303,-0.129941,0.879397,-1.898720,-0.083380,1.226648,0.806132,-0.160405,0.177224,0.870305,-0.140428,-1.220117,0.000767,-2.085755
28.749121,-0.889115,-0.560757,1.694782,-0.306628,-1.447187,0.025825,-0.635601,-0.049505,-0.492922,0.865767,-0.139062,-0.524905,-0.078231,-0.097947,-1.053462,-0.129766,0.880271,-1.898859,-0.084609,1.226645,0.804051,-0.159419,0.176434,0.872879,-0.140274,-1.218690,-0.000078,-2.083038
28.750143,-0.877476,-0.564701,1.699174,-0.303593,-1.447771,0.025490,-0.633999,-0.042829,-0.483563,0.872168,-0.142112,-0.525760,-0.077275,-0.098143,-1.053636,-0.129586,0.881144,-1.898998,-0.085820,1.226648,0.801943,-0.165002,0.177912,0.870767,-0.140941,-1.217724,0.000884,-2.086151
28.751005,-0.876078,-0.566673,1.694827,-0.304826,-1.446861,0.025256,-0.632982,-0.034039,-0.477234,0.880841,-0.144718,-0.525258,-0.076389,-0.098355,-1.053803,-0.129406,0.882005,-1.899130,-0.087037,1.226652,0.799870,-0.165152,0.178102,0.871580,-0.137304,-1.216332,0.001614,-2.086853
28.752054,-0.879523,-0.572532,1.701790,-0.303023,-1.450243,0.026457,-0.632385,-0.020273,-0.475897,0.894763,-0.148130,-0.523171,-0.075807,-0.098611,-1.053959,-0.129222,0.882873,-1.899266,-0.088237,1.226656,0.797771,-0.163376,0.180535,0.868526,-0.136860,-1.212954,0.001014,-2.088157
28.753009,-0.885098,-0.574512,1.703213,-0.300165,-1.449926,0.028568,-0.631205,-0.003816,-0.479571,0.911347,-0.151909,-0.519967,-0.075546,-0.098879,-1.054112,-0.129042,0.883727,-1.899404,-0.089453,1.226654,0.795662,-0.160407,0.180881,0.867499,-0.137322,-1.212096,-0.000512,-2.089829
28.753983,-0.884954,-0.575354,1.714538,-0.298490,-1.452698,0.031220,-0.630156,0.014769,-0.488284,0.930022,-0.154981,-0.516007,-0.075419,-0.099072,-1.054272,-0.128860,0.884583,-1.899540,-0.090670,1.226648,0.793590,-0.160294,0.180679,0.861613,-0.136644,-1.208277,-0.002541,-2.091526
28.755072,-0.875931,-0.576946,1.709408,-0.299342,-1.455352,0.030682,-0.631551,0.037424,-0.501424,0.953308,-0.158587,-0.511485,-0.075391,-0.099083,-1.054444,-0.128679,0.885461,-1.899668,-0.091863,1.226650,0.791497,-0.164693,0.181053,0.865035,-0.133723,-1.206199,-0.001317,-2.089152
28.756022,-0.873367,-0.576376,1.711983,-0.295173,-1.459550,0.031288,-0.631599,0.064104,-0.517940,0.981519,-0.163791,-0.506859,-0.075487,-0.098885,-1.054613,-0.128500,0.886314,-1.899808,-0.093066,1.226650,0.789428,-0.165574,0.180138,0.863316,-0.135456,-1.200829,-0.001358,-2.088493
28.756976,-0.874810,-0.583368,1.704616,-0.295356,-1.455655,0.029815,-0.630812,0.064104,-0.517940,0.981519,-0.163791,-0.506859,-0.075487,-0.098885,-1.054613,-0.128500,0.886314,-1.899808,-0.093066,1.226650,0.789428,-0.165574,0.180138,0.863316,-0.135456,-1.200829,-0.001358,-2.088493
28.758050,-0.884212,-0.585423,1.715080,-0.294811,-1.455207,0.030399,-0.629871,0.091091,-0.536703,1.010596,-0.169788,-0.503007,-0.075675,-0.098537,-1.054775,-0.128310,0.887192,-1.899936,-0.094285,1.226657,0.787330,-0.164567,0.182917,0.866423,-0.133059,-1.203551,0.000676,-2.089428
28.758990,-0.891109,-0.583258,1.706483,-0.290983,-1.451274,0.031501,-0.631440,0.127322,-0.573065,1.050870,-0.184685,-0.501166,-0.076760,-0.097571,-1.055076,-0.127947,0.888922,-1.900201,-0.096707,1.226659,0.783115,-0.156299,0.181704,0.865637,-0.132996,-1.206812,0.000175,-2.087589
28.760057,-0.881862,-0.579786,1.706101,-0.288301,-1.451052,0.032501,-0.630527,0.126753,-0.582361,1.051950,-0.193868,-0.504272,-0.077508,-0.097007,-1.055246,-0.127770,0.889793,-1.900337,-0.097922,1.226659,0.781034,-0.160839,0.179553,0.866404,-0.133412,-1.207081,-0.000171,-2.089794
28.761097,-0.881880,-0.580162,1.709159,-0.284474,-1.442714,0.033241,-0.629880,0.126753,-0.582361,1.051950,-0.193868,-0.504272,-0.077508,-0.097007,-1.055246,-0.127770,0.889793,-1.900337,-0.097922,1.226659,0.781034,-0.160839,0.179553,0.866404,-0.133412,-1.207081,-0.000171,-2.089794
28.762107,-0.886705,-0.580954,1.707102,-0.280446,-1.437507,0.032431,-0.629221,0.116883,-0.585646,1.043665,-0.202814,-0.509405,-0.078095,-0.096473,-1.055407,-0.127593,0.890653,-1.900475,-0.099141,1.226659,0.778938,-0.160666,0.179298,0.865337,-0.134925,-1.215236,-0.000277,-2.091122
28.762993,-0.894639,-0.575924,1.701218,-0.277338,-1.433825,0.032856,-0.629451,0.080774,-0.583070,1.009636,-0.213580,-0.522602,-0.078301,-0.095820,-1.055704,-0.127243,0.892404,-1.900751,-0.101583,1.226662,0.774763,-0.154003,0.176003,0.867997,-0.137198,-1.221382,0.001244,-2.090617
28.764037,-0.902790,-0.576911,1.704258,-0.274051,-1.434049,0.035443,-0.630843,0.080774,-0.583070,1.009636,-0.213580,-0.522602,-0.078301,-0.095820,-1.055704,-0.127243,0.892404,-1.900751,-0.101583,1.226662,0.774763,-0.154003,0.176003,0.867997,-0.137198,-1.221382,0.001244,-2.090617
28.764968,-0.894677,-0.574720,1.705128,-0.272771,-1.434188,0.037236,-0.627584,0.044434,-0.570368,0.973235,-0.216055,-0.530369,-0.077967,-0.095863,-1.055846,-0.127065,0.893261,-1.900891,-0.102803,1.226658,0.772695,-0.150055,0.176072,0.866996,-0.138116,-1.220899,-0.000701,-2.088014
28.766122,-0.885835,-0.574423,1.709340,-0.271642,-1.437976,0.037800,-0.627174,-0.049179,-0.526368,0.879202,-0.219659,-0.543671,-0.076665,-0.096680,-1.056176,-0.126724,0.894985,-1.901160,-0.105215,1.226656,0.768463,-0.158307,0.174081,0.865410,-0.136009,-1.216731,-0.001757,-2.095363
28.767048,-0.883879,-0.576893,1.709205,-0.273086,-1.439675,0.037456,-0.627262,-0.085896,-0.505008,0.843409,-0.223309,-0.546440,-0.075998,-0.097219,-1.056335,-0.126548,0.895852,-1.901287,-0.106427,1.226657,0.766389,-0.158958,0.174698,0.864680,-0.132367,-1.213519,-0.000848,-2.094372
28.768028,-0.889216,-0.581600,1.709457,-0.269384,-1.443046,0.036880,-0.625816,-0.085896,-0.505008,0.843409,-0.223309,-0.546440,-0.075998,-0.097219,-1.056335,-0.126548,0.895852,-1.901287,-0.106427,1.226657,0.766389,-0.158958,0.174698,0.864680,-0.132367,-1.213519,-0.000848,-2.094372
28.769053,-0.888142,-0.580523,1.715602,-0.268061,-1.445835,0.038101,-0.625650,-0.112675,-0.487096,0.818153,-0.228869,-0.546331,-0.075588,-0.097696,-1.056484,-0.126371,0.896717,-1.901422,-0.107615,1.226658,0.764282,-0.156191,0.176509,0.864343,-0.133793,-1.209499,0.000318,-2.096812
28.770078,-0.878999,-0.577343,1.721075,-0.267430,-1.451709,0.040112,-0.625829,-0.132149,-0.473299,0.800261,-0.234492,-0.543901,-0.075375,-0.098129,-1.056641,-0.126195,0.897569,-1.901555,-0.108821,1.226658,0.762173,-0.156665,0.175480,0.861657,-0.132882,-1.206410,-0.000291,-2.096989
28.771093,-0.868740,-0.581573,1.725908,-0.267409,-1.453287,0.039934,-0.628096,-0.142166,-0.463526,0.792117,-0.240267,-0.539314,-0.075242,-0.098548,-1.056808,-0.126026,0.898427,-1.901681,-0.110021,1.226655,0.760089,-0.161066,0.173503,0.859256,-0.131430,-1.200261,-0.001668,-2.096597
28.772009,-0.866171,-0.578961,1.723215,-0.264709,-1.452223,0.039631,-0.625704,-0.135920,-0.459466,0.801098,-0.247639,-0.532436,-0.075181,-0.098923,-1.056984,-0.125851,0.899292,-1.901806,-0.111208,1.226656,0.757993,-0.165862,0.175186,0.857003,-0.129409,-1.198492,-0.000859,-2.091861
28.773063,-0.870303,-0.580813,1.723240,-0.264664,-1.451015,0.039684,-0.626485,-0.110706,-0.463003,0.829857,-0.256389,-0.523660,-0.075193,-0.099209,-1.057152,-0.125685,0.900146,-1.901938,-0.112410,1.226656,0.755901,-0.166703,0.173316,0.857632,-0.129834,-1.198050,0.000002,-2.095793
28.774000,-0.879524,-0.577842,1.722657,-0.259466,-1.448290,0.039542,-0.625510,-0.074005,-0.470432,0.870327,-0.266242,-0.514361,-0.075283,-0.099388,-1.057310,-0.125508,0.901011,-1.902062,-0.113603,1.226658,0.753798,-0.164555,0.173838,0.858184,-0.127858,-1.199436,0.000578,-2.094307
28.775002,-0.874704,-0.580259,1.729575,-0.254457,-1.444470,0.040700,-0.623054,-0.006926,-0.477543,0.943057,-0.285244,-0.500179,-0.075302,-0.099342,-1.057627,-0.125165,0.902712,-1.902338,-0.116031,1.226656,0.749579,-0.161986,0.172567,0.854683,-0.133321,-1.203943,0.000740,-2.100067
28.776041,-0.864819,-0.580875,1.729574,-0.252801,-1.442371,0.040234,-0.623087,-0.006926,-0.477543,0.943057,-0.285244,-0.500179,-0.075302,-0.099342,-1.057627,-0.125165,0.902712,-1.902338,-0.116031,1.226656,0.749579,-0.161986,0.172567,0.854683,-0.133321,-1.203943,0.000740,-2.100067
28.777106,-0.863350,-0.581003,1.728524,-0.249821,-1.440723,0.040341,-0.626467,0.025824,-0.482756,0.977401,-0.288642,-0.495611,-0.074696,-0.099079,-1.057806,-0.124996,0.903573,-1.902471,-0.117230,1.226660,0.747488,-0.166627,0.172503,0.855165,-0.132722,-1.205960,0.001834,-2.100010
28.778051,-0.871859,-0.585538,1.724930,-0.245181,-1.432386,0.041133,-0.626399,0.064998,-0.494379,1.017755,-0.287222,-0.492134,-0.073674,-0.098620,-1.057975,-0.124826,0.904425,-1.902606,-0.118445,1.226661,0.745428,-0.167160,0.172237,0.856518,-0.133467,-1.207653,0.002361,-2.093574
28.779101,-0.881770,-0.582642,1.732596,-0.244097,-1.432067,0.043488,-0.627058,0.137100,-0.526032,1.089639,-0.270854,-0.490133,-0.070787,-0.097379,-1.058277,-0.124481,0.906130,-1.902880,-0.120876,1.226663,0.741218,-0.157753,0.172111,0.854690,-0.134487,-1.214858,0.000397,-2.091772
28.780035,-0.879804,-0.581405,1.725900,-0.242293,-1.424475,0.045274,-0.626307,0.137100,-0.526032,1.089639,-0.270854,-0.490133,-0.070787,-0.097379,-1.058277,-0.124481,0.906130,-1.902880,-0.120876,1.226663,0.741218,-0.157753,0.172111,0.854690,-0.134487,-1.214858,0.000397,-2.091772
28.781003,-0.868028,-0.576933,1.726727,-0.237091,-1.426470,0.045303,-0.624425,0.156980,-0.536712,1.108066,-0.259472,-0.491905,-0.069159,-0.096873,-1.058440,-0.124312,0.906995,-1.903013,-0.122116,1.226660,0.739137,-0.158482,0.170967,0.857397,-0.133982,-1.220809,-0.000797,-2.092537
28.782076,-0.869333,-0.578945,1.730561,-0.238371,-1.424907,0.043842,-0.623733,0.167081,-0.541414,1.116633,-0.248766,-0.494477,-0.067492,-0.096581,-1.058614,-0.124148,0.907855,-1.903155,-0.123314,1.226662,0.737032,-0.164020,0.168304,0.856676,-0.136718,-1.217853,-0.000234,-2.095755
28.783085,-0.873018,-0.577501,1.729895,-0.239375,-1.431242,0.044614,-0.622824,0.174282,-0.543638,1.122651,-0.238858,-0.496525,-0.065814,-0.096533,-1.058774,-0.123977,0.908703,-1.903283,-0.124556,1.226666,0.734954,-0.163260,0.169009,0.855722,-0.133322,-1.219334,0.001873,-2.097509
28.784020,-0.875016,-0.575989,1.729789,-0.236481,-1.429767,0.046357,-0.623112,0.179492,-0.543243,1.127208,-0.232519,-0.497579,-0.064484,-0.096732,-1.058929,-0.123808,0.909559,-1.903404,-0.125727,1.226667,0.732850,-0.161315,0.167870,0.856262,-0.130350,-1.212781,0.001685,-2.099088
28.785107,-0.869356,-0.577129,1.728707,-0.235978,-1.435255,0.047736,-0.624121,0.177907,-0.536968,1.125481,-0.231950,-0.497932,-0.063730,-0.097154,-1.059088,-0.123645,0.910408,-1.903539,-0.126936,1.226664,0.730739,-0.160056,0.166655,0.855825,-0.130925,-1.212961,0.000520,-2.097616
28.786045,-0.857812,-0.573659,1.728599,-0.233543,-1.437941,0.047400,-0.626533,0.168486,-0.525301,1.116386,-0.235875,-0.497690,-0.063407,-0.097687,-1.059257,-0.123477,0.911270,-1.903667,-0.128139,1.226660,0.728658,-0.162798,0.166970,0.857324,-0.129367,-1.207854,-0.000169,-2.096087
28.787073,-0.854544,-0.583051,1.722605,-0.231521,-1.444171,0.046515,-0.625778,0.156219,-0.512308,1.105085,-0.242546,-0.496591,-0.063339,-0.098173,-1.059435,-0.123317,0.912133,-1.903798,-0.129343,1.226664,0.726573,-0.168108,0.164802,0.856736,-0.129558,-1.203890,0.000732,-2.090483
28.788049,-0.860111,-0.586029,1.726630,-0.231674,-1.440934,0.047212,-0.622212,0.146334,-0.503208,1.096689,-0.249743,-0.494629,-0.063411,-0.098512,-1.059607,-0.123139,0.912989,-1.903925,-0.130515,1.226668,0.724462,-0.169434,0.169080,0.860157,-0.129488,-1.197702,0.002221,-2.091948
28.789012,-0.865886,-0.586307,1.728409,-0.228661,-1.440304,0.049796,-0.621524,0.138986,-0.501704,1.090710,-0.255292,-0.492534,-0.063647,-0.098715,-1.059765,-0.122966,0.913846,-1.904048,-0.131715,1.226670,0.722371,-0.166423,0.170022,0.857939,-0.127274,-1.200216,0.002090,-2.098679
28.790133,-0.866995,-0.585094,1.732968,-0.225375,-1.437855,0.051912,-0.623923,0.131291,-0.506322,1.083901,-0.259487,-0.491259,-0.064082,-0.098805,-1.059922,-0.122799,0.914705,-1.904178,-0.132900,1.226666,0.720265,-0.163330,0.169687,0.856751,-0.128094,-1.200009,0.000097,-2.099377
28.791113,-0.865482,-0.580413,1.730162,-0.219544,-1.434491,0.051692,-0.623609,0.121070,-0.513685,1.074141,-0.262586,-0.491453,-0.064517,-0.098745,-1.060084,-0.122633,0.915553,-1.904310,-0.134106,1.226665,0.718199,-0.162822,0.168891,0.855927,-0.129283,-1.203279,-0.001322,-2.095350
28.792042,-0.863068,-0.581329,1.726953,-0.215484,-1.426887,0.052649,-0.624878,0.107504,-0.521668,1.060741,-0.263438,-0.493417,-0.064639,-0.098504,-1.060248,-0.122472,0.916414,-1.904449,-0.135304,1.226667,0.716095,-0.163332,0.166174,0.857182,-0.132707,-1.205896,-0.000497,-2.095543
28.793035,-0.868853,-0.578442,1.720369,-0.212402,-1.427752,0.052604,-0.625183,0.090607,-0.529175,1.043731,-0.260723,-0.497136,-0.064226,-0.098087,-1.060413,-0.122305,0.917270,-1.904588,-0.136522,1.226666,0.714024,-0.164190,0.166144,0.858154,-0.134294,-1.212007,-0.000892,-2.092221
28.794054,-0.887308,-0.579182,1.725548,-0.209034,-1.425089,0.051207,-0.622550,0.068053,-0.534291,1.020545,-0.254406,-0.502653,-0.063296,-0.097520,-1.060570,-0.122142,0.918140,-1.904725,-0.137733,1.226668,0.711924,-0.161120,0.164327,0.861329,-0.135020,-1.210326,-0.000248,-2.091276
28.794975,-0.886548,-0.580561,1.719366,-0.208555,-1.424805,0.049892,-0.620679,-0.018819,-0.520160,0.929779,-0.237762,-0.520085,-0.060916,-0.096262,-1.060857,-0.121812,0.919877,-1.904994,-0.140157,1.226678,0.707680,-0.152260,0.164566,0.861116,-0.134202,-1.211294,0.003601,-2.099073
28.796079,-0.875793,-0.581345,1.719748,-0.204928,-1.427111,0.050828,-0.620726,-0.018819,-0.520160,0.929779,-0.237762,-0.520085,-0.060916,-0.096262,-1.060857,-0.121812,0.919877,-1.904994,-0.140157,1.226678,0.707680,-0.152260,0.164566,0.861116,-0.134202,-1.211294,0.003601,-2.099073
28.797057,-0.873603,-0.584343,1.719708,-0.203979,-1.429045,0.053539,-0.621883,-0.080122,-0.502205,0.865731,-0.229955,-0.530677,-0.060016,-0.095619,-1.061023,-0.121646,0.920734,-1.905132,-0.141356,1.226679,0.705601,-0.157622,0.164732,0.862070,-0.135594,-1.209634,0.003311,-2.099584
28.797991,-0.875518,-0.580733,1.722947,-0.202044,-1.427169,0.054722,-0.620619,-0.139616,-0.485501,0.803580,-0.221595,-0.540403,-0.059361,-0.094968,-1.061182,-0.121480,0.921585,-1.905263,-0.142561,1.226677,0.703500,-0.158477,0.165815,0.862023,-0.134299,-1.206858,0.001189,-2.096758
28.799172,-0.883998,-0.581764,1.727209,-0.201200,-1.436861,0.056629,-0.622259,-0.191403,-0.472376,0.749399,-0.212939,-0.548187,-0.058906,-0.094396,-1.061336,-0.121320,0.922443,-1.905396,-0.143780,1.226677,0.701417,-0.157293,0.163563,0.859778,-0.133929,-1.207282,0.000588,-2.098570
28.800065,-0.876783,-0.585504,1.727416,-0.198857,-1.436175,0.056943,-0.622106,-0.237444,-0.459353,0.701293,-0.205885,-0.553879,-0.058678,-0.093996,-1.061481,-0.121159,0.923308,-1.905526,-0.144965,1.226675,0.699312,-0.153346,0.164073,0.859537,-0.132754,-1.199199,-0.000593,-2.096404
28.801021,-0.859777,-0.581105,1.727183,-0.197040,-1.437763,0.058465,-0.621491,-0.279295,-0.445798,0.657696,-0.200588,-0.557542,-0.058650,-0.093805,-1.061644,-0.120992,0.924157,-1.905660,-0.146173,1.226676,0.697233,-0.156635,0.165375,0.858505,-0.132722,-1.198120,-0.000356,-2.095651
28.802051,-0.853427,-0.583775,1.723707,-0.194921,-1.440530,0.059363,-0.618692,-0.310031,-0.436220,0.625834,-0.196031,-0.558490,-0.058674,-0.093821,-1.061824,-0.120832,0.925022,-1.905790,-0.147379,1.226674,0.695130,-0.164703,0.162753,0.858167,-0.132316,-1.195403,-0.001300,-2.096220
28.802984,-0.854594,-0.581579,1.719183,-0.194016,-1.439111,0.059012,-0.616391,-0.322712,-0.433598,0.612922,-0.191831,-0.556124,-0.058587,-0.094034,-1.061998,-0.120668,0.925890,-1.905922,-0.148558,1.226675,0.693007,-0.167502,0.163772,0.859948,-0.132216,-1.192352,-0.001587,-2.101328
28.804111,-0.863399,-0.586439,1.723513,-0.192425,-1.439826,0.059451,-0.616756,-0.321098,-0.435407,0.614853,-0.188401,-0.551165,-0.058401,-0.094415,-1.062162,-0.120506,0.926745,-1.906052,-0.149761,1.226675,0.690918,-0.166433,0.162113,0.860991,-0.130832,-1.191699,-0.000714,-2.104108
28.805023,-0.854688,-0.587388,1.724536,-0.191733,-1.438983,0.058878,-0.618878,-0.314365,-0.436643,0.621869,-0.186648,-0.545056,-0.058231,-0.094893,-1.062316,-0.120336,0.927600,-1.906180,-0.150948,1.226674,0.688810,-0.161992,0.164228,0.859479,-0.130366,-1.191098,-0.000534,-2.102823
28.806047,-0.842909,-0.593433,1.721676,-0.190165,-1.437006,0.058857,-0.616722,-0.305119,-0.436725,0.631180,-0.186829,-0.538647,-0.058134,-0.095367,-1.062490,-0.120173,0.928444,-1.906309,-0.152149,1.226676,0.686742,-0.165829,0.164096,0.857673,-0.128772,-1.189624,0.000534,-2.096661
28.807105,-0.835456,-0.597070,1.720686,-0.188267,-1.434622,0.059953,-0.616013,-0.287014,-0.440579,0.649424,-0.188326,-0.531885,-0.058093,-0.095795,-1.062674,-0.120003,0.929303,-1.906438,-0.153357,1.226676,0.684624,-0.171210,0.166644,0.858750,-0.128156,-1.190433,0.001112,-2.099786
28.808027,-0.840580,-0.598217,1.714677,-0.184785,-1.429216,0.060697,-0.615505,-0.254140,-0.453561,0.682615,-0.189555,-0.524711,-0.058029,-0.096197,-1.062857,-0.119836,0.930166,-1.906566,-0.154551,1.226677,0.682503,-0.174451,0.168032,0.859146,-0.127933,-1.192141,0.000576,-2.100122
28.809075,-0.846775,-0.598870,1.724826,-0.183741,-1.424800,0.062348,-0.612155,-0.163389,-0.499431,0.772952,-0.187114,-0.512321,-0.057431,-0.096799,-1.063187,-0.119498,0.931865,-1.906821,-0.156960,1.226674,0.678302,-0.167987,0.167818,0.855734,-0.128109,-1.198850,-0.000722,-2.104924
28.810162,-0.848678,-0.598034,1.719553,-0.179879,-1.417910,0.062084,-0.613074,-0.163389,-0.499431,0.772952,-0.187114,-0.512321,-0.057431,-0.096799,-1.063187,-0.119498,0.931865,-1.906821,-0.156960,1.226674,0.678302,-0.167987,0.167818,0.855734,-0.128109,-1.198850,-0.000722,-2.104924
28.811005,-0.840420,-0.595738,1.709840,-0.173336,-1.413077,0.061411,-0.612662,-0.083414,-0.540093,0.850538,-0.181671,-0.506527,-0.055882,-0.096754,-1.063535,-0.119171,0.933591,-1.907097,-0.159408,1.226679,0.674121,-0.170210,0.165214,0.861312,-0.133647,-1.206600,0.001264,-2.100670
28.812053,-0.831213,-0.589648,1.702885,-0.169066,-1.411006,0.060872,-0.613489,-0.083414,-0.540093,0.850538,-0.181671,-0.506527,-0.055882,-0.096754,-1.063535,-0.119171,0.933591,-1.907097,-0.159408,1.226679,0.674121,-0.170210,0.165214,0.861312,-0.133647,-1.206600,0.001264,-2.100670
28.812983,-0.839928,-0.592341,1.706493,-0.168646,-1.409752,0.062001,-0.611786,-0.055698,-0.553361,0.876522,-0.175192,-0.505917,-0.054458,-0.096428,-1.063717,-0.119018,0.934468,-1.907236,-0.160628,1.226681,0.672012,-0.174352,0.161883,0.864431,-0.135518,-1.207611,0.002367,-2.097930
28.814030,-0.847601,-0.596380,1.707711,-0.168090,-1.410606,0.062474,-0.611781,-0.026317,-0.561254,0.901824,-0.159196,-0.507004,-0.050911,-0.095401,-1.064036,-0.118684,0.936186,-1.907492,-0.163016,1.226688,0.667814,-0.165490,0.164256,0.860540,-0.132065,-1.205140,0.001797,-2.098458
28.815058,-0.841288,-0.600584,1.704900,-0.164740,-1.412500,0.062754,-0.612744,-0.026317,-0.561254,0.901824,-0.159196,-0.507004,-0.050911,-0.095401,-1.064036,-0.118684,0.936186,-1.907492,-0.163016,1.226688,0.667814,-0.165490,0.164256,0.860540,-0.132065,-1.205140,0.001797,-2.098458
28.816134,-0.828093,-0.600028,1.703011,-0.165008,-1.413146,0.064320,-0.610278,-0.025234,-0.558315,0.900677,-0.152741,-0.508210,-0.049480,-0.094785,-1.064213,-0.118514,0.937044,-1.907627,-0.164219,1.226689,0.665709,-0.168263,0.165866,0.861629,-0.133129,-1.202138,0.002072,-2.095312
28.816962,-0.825771,-0.602685,1.696461,-0.164194,-1.412246,0.065115,-0.607652,-0.027189,-0.556935,0.896774,-0.146311,-0.508984,-0.048393,-0.094156,-1.064403,-0.118348,0.937914,-1.907754,-0.165423,1.226688,0.663617,-0.174385,0.165188,0.862568,-0.130744,-1.200907,0.001091,-2.099503
28.818094,-0.832845,-0.606661,1.695325,-0.164060,-1.412048,0.066944,-0.608208,-0.026772,-0.562578,0.895430,-0.138113,-0.507730,-0.047403,-0.093237,-1.064741,-0.118009,0.939649,-1.908002,-0.167831,1.226685,0.659426,-0.171053,0.167399,0.864590,-0.127500,-1.198790,-0.000441,-2.100591
28.819052,-0.830814,-0.606810,1.697157,-0.161361,-1.410987,0.066822,-0.607979,-0.026772,-0.562578,0.895430,-0.138113,-0.507730,-0.047403,-0.093237,-1.064741,-0.118009,0.939649,-1.908002,-0.167831,1.226685,0.659426,-0.171053,0.167399,0.864590,-0.127500,-1.198790,-0.000441,-2.100591
28.820037,-0.829265,-0.609943,1.695105,-0.161304,-1.414202,0.068184,-0.608358,-0.031543,-0.565417,0.890307,-0.137388,-0.506797,-0.047522,-0.093058,-1.064912,-0.117843,0.940513,-1.908129,-0.169021,1.226686,0.657322,-0.171635,0.166908,0.862573,-0.128016,-1.198140,0.000221,-2.099369
28.821092,-0.822845,-0.609736,1.688351,-0.160653,-1.415003,0.068046,-0.606409,-0.039663,-0.568228,0.882049,-0.138225,-0.506026,-0.047874,-0.093050,-1.065085,-0.117675,0.941386,-1.908251,-0.170188,1.226685,0.655211,-0.171936,0.167942,0.862684,-0.126006,-1.193680,-0.000612,-2.097069
28.822086,-0.819212,-0.610834,1.686061,-0.158312,-1.411215,0.068460,-0.606253,-0.049675,-0.571132,0.872307,-0.140979,-0.505614,-0.048406,-0.093178,-1.065265,-0.117507,0.942251,-1.908376,-0.171378,1.226685,0.653085,-0.174744,0.167392,0.865951,-0.124613,-1.192237,0.000121,-2.099925
28.823038,-0.824948,-0.611055,1.674050,-0.156933,-1.407947,0.068003,-0.608060,-0.078307,-0.572768,0.845112,-0.151736,-0.507472,-0.049843,-0.093527,-1.065606,-0.117172,0.943994,-1.908623,-0.173767,1.226687,0.648944,-0.172722,0.166964,0.871071,-0.124144,-1.196128,0.001218,-2.093645
28.824022,-0.834527,-0.611078,1.670250,-0.150373,-1.408203,0.069492,-0.607232,-0.078307,-0.572768,0.845112,-0.151736,-0.507472,-0.049843,-0.093527,-1.065606,-0.117172,0.943994,-1.908623,-0.173767,1.226687,0.648944,-0.172722,0.166964,0.871071,-0.124144,-1.196128,0.001218,-2.093645
28.825037,-0.836512,-0.610467,1.662449,-0.147977,-1.404771,0.070061,-0.605966,-0.156416,-0.548802,0.766074,-0.159656,-0.517903,-0.050934,-0.093588,-1.065928,-0.116842,0.945755,-1.908888,-0.176151,1.226684,0.644735,-0.166366,0.165702,0.875105,-0.128543,-1.196744,0.000263,-2.095106
28.826008,-0.831736,-0.613496,1.664483,-0.146446,-1.400309,0.069931,-0.603335,-0.217643,-0.526123,0.702998,-0.158729,-0.526614,-0.050964,-0.093646,-1.066100,-0.116673,0.946616,-1.909015,-0.177359,1.226684,0.642649,-0.168306,0.166668,0.873117,-0.127884,-1.199457,0.000935,-2.098866
28.827060,-0.824200,-0.613629,1.663681,-0.143194,-1.396334,0.069436,-0.604476,-0.278108,-0.504180,0.640548,-0.155194,-0.535752,-0.050681,-0.093753,-1.066276,-0.116508,0.947495,-1.909147,-0.178552,1.226689,0.640514,-0.171702,0.166318,0.873195,-0.128936,-1.202696,0.001982,-2.095361
28.828130,-0.823395,-0.611166,1.662517,-0.141295,-1.393474,0.072085,-0.602469,-0.328933,-0.486787,0.587995,-0.149433,-0.543991,-0.050064,-0.093863,-1.066447,-0.116347,0.948364,-1.909275,-0.179762,1.226685,0.638416,-0.171769,0.164749,0.873737,-0.128690,-1.204830,-0.000089,-2.098570
28.829061,-0.827278,-0.607948,1.661341,-0.137462,-1.392252,0.072367,-0.601938,-0.371606,-0.470980,0.543894,-0.142529,-0.550971,-0.049108,-0.093944,-1.066612,-0.116188,0.949240,-1.909408,-0.180969,1.226685,0.636348,-0.169343,0.162627,0.872829,-0.130178,-1.203862,0.000162,-2.097860
28.830010,-0.824273,-0.607090,1.661543,-0.134281,-1.393233,0.074274,-0.602073,-0.408912,-0.453988,0.505399,-0.134910,-0.556507,-0.047794,-0.093946,-1.066784,-0.116029,0.950117,-1.909538,-0.182152,1.226683,0.634253,-0.170373,0.161723,0.871391,-0.131106,-1.201119,-0.001229,-2.095855
28.830979,-0.815760,-0.607350,1.653134,-0.131216,-1.394904,0.074230,-0.600303,-0.408912,-0.453988,0.505399,-0.134910,-0.556507,-0.047794,-0.093946,-1.066784,-0.116029,0.950117,-1.909538,-0.182152,1.226683,0.634253,-0.170373,0.161723,0.871391,-0.131106,-1.201119,-0.001229,-2.095855
28.832030,-0.804706,-0.611562,1.655901,-0.134734,-1.397593,0.073779,-0.600393,-0.439818,-0.437132,0.473574,-0.125836,-0.560181,-0.046106,-0.093844,-1.066966,-0.115868,0.950994,-1.909670,-0.183338,1.226685,0.632137,-0.174059,0.161381,0.874524,-0.131860,-1.197889,-0.000643,-2.097781
28.833057,-0.808607,-0.613116,1.658071,-0.132693,-1.396688,0.073281,-0.598592,-0.460051,-0.423719,0.452892,-0.116279,-0.561476,-0.044281,-0.093664,-1.067153,-0.115699,0.951867,-1.909782,-0.184538,1.226689,0.630058,-0.179076,0.163057,0.872801,-0.126527,-1.194372,0.000365,-2.096634
28.833985,-0.807428,-0.616149,1.655771,-0.131173,-1.398874,0.074092,-0.599613,-0.457808,-0.414231,0.455754,-0.103939,-0.556319,-0.041590,-0.093128,-1.067506,-0.115373,0.953608,-1.910032,-0.186902,1.226693,0.625873,-0.176625,0.164361,0.870944,-0.125876,-1.190247,0.001082,-2.095161
28.835089,-0.810556,-0.612739,1.662280,-0.131182,-1.398941,0.074845,-0.599121,-0.457808,-0.414231,0.455754,-0.103939,-0.556319,-0.041590,-0.093128,-1.067506,-0.115373,0.953608,-1.910032,-0.186902,1.226693,0.625873,-0.176625,0.164361,0.870944,-0.125876,-1.190247,0.001082,-2.095161
28.836137,-0.797565,-0.613109,1.658230,-0.128309,-1.403755,0.075391,-0.597886,-0.421058,-0.416725,0.494035,-0.101291,-0.544357,-0.040491,-0.092559,-1.067869,-0.115056,0.955338,-1.910281,-0.189256,1.226693,0.621692,-0.180783,0.162261,0.869844,-0.124716,-1.184702,0.000971,-2.097060
28.837043,-0.791679,-0.612560,1.654653,-0.126146,-1.403969,0.076530,-0.595761,-0.392446,-0.420517,0.524073,-0.102767,-0.536782,-0.040232,-0.092444,-1.068058,-0.114896,0.956209,-1.910404,-0.190442,1.226690,0.619583,-0.182893,0.161418,0.869954,-0.124715,-1.182296,0.000340,-2.099242
28.838011,-0.787644,-0.605773,1.651432,-0.124857,-1.401752,0.077280,-0.595952,-0.358301,-0.425212,0.560014,-0.105347,-0.528771,-0.039945,-0.092505,-1.068243,-0.114748,0.957085,-1.910528,-0.191623,1.226691,0.617474,-0.184268,0.157673,0.870445,-0.123892,-1.183039,0.000118,-2.097188
28.839062,-0.793956,-0.606316,1.658674,-0.124761,-1.401092,0.077668,-0.596144,-0.322821,-0.426374,0.597597,-0.111232,-0.521087,-0.039692,-0.092771,-1.068421,-0.114590,0.957936,-1.910649,-0.192810,1.226692,0.615397,-0.180652,0.157669,0.866755,-0.122026,-1.182988,0.000306,-2.095878
28.840076,-0.799336,-0.605376,1.656481,-0.119867,-1.398959,0.079188,-0.593409,-0.290488,-0.422435,0.632059,-0.120429,-0.514543,-0.039486,-0.093237,-1.068592,-0.114433,0.958801,-1.910779,-0.193993,1.226689,0.613278,-0.177578,0.156826,0.867346,-0.124741,-1.184098,-0.000656,-2.100053
28.840973,-0.793075,-0.609234,1.656859,-0.116458,-1.398048,0.079505,-0.592009,-0.262734,-0.416764,0.661607,-0.129288,-0.509606,-0.039097,-0.093810,-1.068778,-0.114275,0.959652,-1.910906,-0.195183,1.226690,0.611195,-0.179996,0.158230,0.865625,-0.125896,-1.182628,-0.000470,-2.100787
28.842064,-0.784489,-0.607167,1.653784,-0.112945,-1.396674,0.079358,-0.593280,-0.262734,-0.416764,0.661607,-0.129288,-0.509606,-0.039097,-0.093810,-1.068778,-0.114275,0.959652,-1.910906,-0.195183,1.226690,0.611195,-0.179996,0.158230,0.865625,-0.125896,-1.182628,-0.000470,-2.100787
28.843073,-0.786020,-0.606876,1.652513,-0.109835,-1.393201,0.077733,-0.591924,-0.235247,-0.415143,0.690549,-0.134648,-0.506016,-0.038306,-0.094320,-1.068971,-0.114121,0.960521,-1.911036,-0.196385,1.226692,0.609097,-0.183767,0.156958,0.867338,-0.127261,-1.183603,0.000267,-2.097470
28.844034,-0.800834,-0.614026,1.650762,-0.107500,-1.388922,0.078354,-0.590432,-0.181560,-0.425923,0.745987,-0.134420,-0.502572,-0.035788,-0.094889,-1.069312,-0.113801,0.962254,-1.911294,-0.198772,1.226701,0.604893,-0.174613,0.159552,0.867142,-0.128258,-1.188460,0.002290,-2.100239
28.845047,-0.802360,-0.613530,1.655777,-0.104608,-1.388268,0.080001,-0.591095,-0.166590,-0.433930,0.760639,-0.129743,-0.503394,-0.034515,-0.095011,-1.069482,-0.113643,0.963119,-1.911423,-0.199952,1.226701,0.602792,-0.173537,0.158892,0.864051,-0.128985,-1.188062,0.001189,-2.097584
28.845983,-0.794246,-0.608097,1.649293,-0.103221,-1.385990,0.080972,-0.592380,-0.159774,-0.441892,0.766742,-0.123826,-0.505366,-0.033361,-0.095012,-1.069668,-0.113496,0.963983,-1.911548,-0.201149,1.226701,0.600689,-0.176940,0.155786,0.866054,-0.128185,-1.188337,0.000735,-2.093159
28.846964,-0.788307,-0.606072,1.651270,-0.100492,-1.384895,0.080630,-0.590381,-0.159774,-0.441892,0.766742,-0.123826,-0.505366,-0.033361,-0.095012,-1.069668,-0.113496,0.963983,-1.911548,-0.201149,1.226701,0.600689,-0.176940,0.155786,0.866054,-0.128185,-1.188337,0.000735,-2.093159
28.848010,-0.798401,-0.599466,1.653966,-0.100147,-1.385161,0.081439,-0.590393,-0.156313,-0.448415,0.769808,-0.119159,-0.507440,-0.032325,-0.094879,-1.069852,-0.113343,0.964849,-1.911679,-0.202347,1.226702,0.598597,-0.179291,0.154430,0.864142,-0.128664,-1.187875,0.001622,-2.095745
28.849031,-0.805243,-0.602503,1.651629,-0.096665,-1.388985,0.079944,-0.590557,-0.162011,-0.445589,0.764766,-0.120735,-0.510621,-0.030960,-0.094315,-1.070178,-0.113045,0.966577,-1.911932,-0.204701,1.226709,0.594425,-0.170231,0.152201,0.863300,-0.128260,-1.182186,0.003410,-2.093187
28.850124,-0.803308,-0.604183,1.657619,-0.093999,-1.394983,0.081936,-0.586706,-0.162011,-0.445589,0.764766,-0.120735,-0.510621,-0.030960,-0.094315,-1.070178,-0.113045,0.966577,-1.911932,-0.204701,1.226709,0.594425,-0.170231,0.152201,0.863300,-0.128260,-1.182186,0.003410,-2.093187
28.851046,-0.798404,-0.606076,1.654793,-0.094717,-1.390588,0.081810,-0.587136,-0.178977,-0.434347,0.748219,-0.125231,-0.512365,-0.030764,-0.093942,-1.070348,-0.112893,0.967437,-1.912062,-0.205874,1.226705,0.592309,-0.170992,0.152850,0.860551,-0.128796,-1.176071,0.002010,-2.100184
28.852062,-0.797116,-0.605119,1.653600,-0.093655,-1.393376,0.084307,-0.587469,-0.198640,-0.423983,0.728933,-0.129155,-0.513802,-0.030790,-0.093522,-1.070525,-0.112743,0.968305,-1.912183,-0.207050,1.226708,0.590206,-0.172842,0.153379,0.860516,-0.125964,-1.178600,0.002641,-2.097287
28.853032,-0.804048,-0.608125,1.646886,-0.091311,-1.394245,0.085730,-0.587203,-0.215622,-0.416631,0.712601,-0.133697,-0.514630,-0.031094,-0.093046,-1.070698,-0.112592,0.969160,-1.912309,-0.208219,1.226707,0.588130,-0.173055,0.152606,0.860709,-0.124929,-1.174876,0.000685,-2.095468
28.854027,-0.812079,-0.611844,1.648572,-0.086140,-1.390803,0.086327,-0.586094,-0.233192,-0.410024,0.695798,-0.139258,-0.515479,-0.031679,-0.092564,-1.070860,-0.112435,0.970032,-1.912434,-0.209373,1.226704,0.586028,-0.169192,0.153693,0.863028,-0.125152,-1.172794,-0.000183,-2.094411
28.855037,-0.818041,-0.611437,1.647391,-0.085917,-1.388724,0.087101,-0.586362,-0.290369,-0.395631,0.638106,-0.143152,-0.520791,-0.032980,-0.091860,-1.071171,-0.112126,0.971750,-1.912693,-0.211739,1.226703,0.581852,-0.161752,0.154632,0.861578,-0.126100,-1.176006,-0.000438,-2.093463
28.856010,-0.813443,-0.606972,1.645733,-0.080968,-1.381805,0.087734,-0.585266,-0.290369,-0.395631,0.638106,-0.143152,-0.520791,-0.032980,-0.091860,-1.071171,-0.112126,0.971750,-1.912693,-0.211739,1.226703,0.581852,-0.161752,0.154632,0.861578,-0.126100,-1.176006,-0.000438,-2.093463
28.857030,-0.808942,-0.607319,1.645582,-0.078833,-1.379466,0.088733,-0.584333,-0.329996,-0.386929,0.597170,-0.140517,-0.525695,-0.033454,-0.091687,-1.071337,-0.111981,0.972618,-1.912824,-0.212912,1.226703,0.579743,-0.163699,0.152110,0.861428,-0.128809,-1.181599,-0.000536,-2.094081
28.858031,-0.805773,-0.601441,1.640615,-0.075181,-1.374901,0.088136,-0.584704,-0.406264,-0.369421,0.518208,-0.128892,-0.537298,-0.033358,-0.091614,-1.071670,-0.111685,0.974339,-1.913087,-0.215268,1.226704,0.575566,-0.166836,0.148818,0.862945,-0.130080,-1.186419,0.000177,-2.092667
28.858981,-0.810418,-0.601974,1.640235,-0.074205,-1.372926,0.088257,-0.583738,-0.406264,-0.369421,0.518208,-0.128892,-0.537298,-0.033358,-0.091614,-1.071670,-0.111685,0.974339,-1.913087,-0.215268,1.226704,0.575566,-0.166836,0.148818,0.862945,-0.130080,-1.186419,0.000177,-2.092667
28.860081,-0.812299,-0.596303,1.648815,-0.070859,-1.368529,0.088461,-0.585026,-0.439304,-0.359704,0.484061,-0.121448,-0.543247,-0.032817,-0.091661,-1.071829,-0.111535,0.975189,-1.913214,-0.216454,1.226705,0.573458,-0.164130,0.148746,0.862126,-0.128842,-1.186611,0.000562,-2.092862
28.861017,-0.804723,-0.598448,1.642174,-0.069298,-1.370287,0.089365,-0.588555,-0.470244,-0.346910,0.452254,-0.114771,-0.549058,-0.032111,-0.091727,-1.071990,-0.111395,0.976042,-1.913344,-0.217652,1.226704,0.571390,-0.163069,0.145842,0.858230,-0.130058,-1.190760,0.000970,-2.089703
28.862023,-0.791659,-0.595616,1.644294,-0.063747,-1.370501,0.089917,-0.586378,-0.496098,-0.332645,0.425961,-0.108929,-0.554128,-0.031230,-0.091720,-1.072162,-0.111249,0.976913,-1.913472,-0.218821,1.226703,0.569318,-0.166367,0.146607,0.860230,-0.129379,-1.187194,0.000576,-2.080873
28.862968,-0.787275,-0.597918,1.644514,-0.062082,-1.369415,0.090911,-0.581805,-0.511326,-0.321782,0.410785,-0.101986,-0.557660,-0.030042,-0.091608,-1.072346,-0.111107,0.977766,-1.913613,-0.220029,1.226705,0.567244,-0.172369,0.144972,0.858661,-0.132471,-1.185627,0.000568,-2.084124
28.863997,-0.794465,-0.597106,1.646260,-0.060996,-1.368200,0.091908,-0.581889,-0.509846,-0.319624,0.412643,-0.091681,-0.558850,-0.028385,-0.091483,-1.072522,-0.110960,0.978627,-1.913743,-0.221207,1.226702,0.565133,-0.173946,0.145806,0.857390,-0.131842,-1.184992,0.000105,-2.091503
28.865120,-0.794945,-0.597533,1.656290,-0.060738,-1.377506,0.093118,-0.582326,-0.493062,-0.325661,0.429857,-0.078613,-0.557648,-0.026378,-0.091413,-1.072686,-0.110817,0.979489,-1.913873,-0.222376,1.226701,0.563035,-0.170016,0.145220,0.856146,-0.130713,-1.185478,-0.000323,-2.090084
28.866027,-0.786339,-0.597291,1.657892,-0.057864,-1.378426,0.092859,-0.582999,-0.467728,-0.335253,0.455586,-0.065623,-0.554582,-0.024338,-0.091378,-1.072855,-0.110672,0.980330,-1.914001,-0.223550,1.226699,0.560967,-0.169617,0.145386,0.851895,-0.128904,-1.176269,-0.000907,-2.088823
28.866974,-0.774116,-0.597251,1.657627,-0.056389,-1.380159,0.093655,-0.583101,-0.387566,-0.366548,0.537454,-0.043435,-0.542404,-0.020359,-0.091215,-1.073226,-0.110389,0.982022,-1.914257,-0.225897,1.226701,0.556814,-0.178675,0.144622,0.848939,-0.128763,-1.169935,-0.000435,-2.083678
28.868065,-0.773976,-0.592885,1.661745,-0.055595,-1.380709,0.093246,-0.583132,-0.387566,-0.366548,0.537454,-0.043435,-0.542404,-0.020359,-0.091215,-1.073226,-0.110389,0.982022,-1.914257,-0.225897,1.226701,0.556814,-0.178675,0.144622,0.848939,-0.128763,-1.169935,-0.000435,-2.083678
28.869072,-0.780755,-0.592559,1.662852,-0.053745,-1.381519,0.093560,-0.581090,-0.327533,-0.390921,0.599117,-0.033882,-0.532912,-0.018309,-0.091012,-1.073405,-0.110251,0.982869,-1.914384,-0.227073,1.226703,0.554722,-0.178317,0.142410,0.847284,-0.127489,-1.169252,0.000571,-2.082921
28.870086,-0.785282,-0.599774,1.663802,-0.052634,-1.382214,0.093841,-0.578903,-0.261722,-0.415397,0.666808,-0.026977,-0.522129,-0.016395,-0.090756,-1.073571,-0.110112,0.983721,-1.914511,-0.228236,1.226703,0.552613,-0.174554,0.142103,0.846282,-0.127209,-1.167512,0.000802,-2.085675
28.871011,-0.780374,-0.598091,1.663680,-0.054606,-1.382151,0.092898,-0.578551,-0.143083,-0.455575,0.788246,-0.019627,-0.501466,-0.013677,-0.090160,-1.073917,-0.109818,0.985402,-1.914752,-0.230564,1.226707,0.548450,-0.173823,0.144248,0.844496,-0.122265,-1.164222,0.002516,-2.087679
28.872034,-0.770375,-0.601973,1.661584,-0.054267,-1.378050,0.093867,-0.579377,-0.143083,-0.455575,0.788246,-0.019627,-0.501466,-0.013677,-0.090160,-1.073917,-0.109818,0.985402,-1.914752,-0.230564,1.226707,0.548450,-0.173823,0.144248,0.844496,-0.122265,-1.164222,0.002516,-2.087679
28.873124,-0.776939,-0.601952,1.668191,-0.051206,-1.372808,0.093825,-0.580032,-0.089252,-0.473961,0.843331,-0.020608,-0.492394,-0.013187,-0.089763,-1.074105,-0.109672,0.986242,-1.914870,-0.231766,1.226709,0.546387,-0.178264,0.145998,0.845408,-0.120692,-1.167234,0.002081,-2.084949
28.874051,-0.784575,-0.605436,1.662951,-0.048680,-1.371032,0.095761,-0.580050,-0.034363,-0.494237,0.899532,-0.024339,-0.484162,-0.013187,-0.089345,-1.074275,-0.109529,0.987082,-1.914995,-0.232946,1.226711,0.544298,-0.174646,0.145884,0.842551,-0.121758,-1.172291,0.002715,-2.082945
28.875002,-0.792491,-0.605216,1.662382,-0.043838,-1.365833,0.097278,-0.579549,0.017409,-0.515939,0.952133,-0.027870,-0.477444,-0.013423,-0.088980,-1.074435,-0.109379,0.987936,-1.915118,-0.234107,1.226711,0.542198,-0.170418,0.147238,0.843953,-0.122151,-1.172267,0.001269,-2.081022
28.876162,-0.791120,-0.601764,1.666781,-0.043498,-1.361641,0.096642,-0.579127,0.057224,-0.535758,0.991801,-0.028680,-0.473210,-0.013694,-0.088737,-1.074594,-0.109234,0.988771,-1.915248,-0.235296,1.226707,0.540096,-0.166108,0.146798,0.843421,-0.124750,-1.175730,0.000302,-2.080310
28.877049,-0.782216,-0.598440,1.662870,-0.039016,-1.357289,0.098285,-0.575172,0.081977,-0.551364,1.015559,-0.026385,-0.471586,-0.013870,-0.088662,-1.074761,-0.109088,0.989615,-1.915369,-0.236474,1.226710,0.538029,-0.166730,0.145043,0.842346,-0.123193,-1.180492,0.001577,-2.081048
28.878045,-0.782144,-0.598416,1.659164,-0.037377,-1.358262,0.099488,-0.573207,0.096635,-0.562752,1.029048,-0.022557,-0.471647,-0.013860,-0.088751,-1.074941,-0.108948,0.990452,-1.915499,-0.237664,1.226706,0.535928,-0.170512,0.143036,0.842869,-0.125380,-1.182352,0.000419,-2.086834
28.879048,-0.788569,-0.596363,1.661991,-0.035719,-1.352788,0.101110,-0.573767,0.105799,-0.571213,1.037209,-0.017609,-0.472504,-0.013559,-0.088963,-1.075112,-0.108802,0.991300,-1.915624,-0.238848,1.226704,0.533859,-0.170081,0.142779,0.844210,-0.124877,-1.180097,-0.000221,-2.089454
28.880034,-0.795534,-0.601708,1.664464,-0.034167,-1.356559,0.102132,-0.576483,0.108526,-0.575975,1.038986,-0.012032,-0.473894,-0.013018,-0.089224,-1.075270,-0.108661,0.992145,-1.915746,-0.240029,1.226704,0.531767,-0.166586,0.141566,0.842354,-0.124517,-1.184492,-0.001296,-2.086957
28.881090,-0.784813,-0.602449,1.661394,-0.033634,-1.356495,0.100665,-0.575032,0.102971,-0.576311,1.032372,-0.006624,-0.475703,-0.012394,-0.089453,-1.075426,-0.108513,0.992978,-1.915869,-0.241202,1.226702,0.529717,-0.162836,0.143976,0.840685,-0.123996,-1.179382,-0.001761,-2.080204
28.882018,-0.784492,-0.603541,1.660319,-0.031794,-1.357885,0.100161,-0.571887,0.091597,-0.575175,1.019840,-0.001194,-0.477503,-0.011807,-0.089650,-1.075602,-0.108367,0.993827,-1.915986,-0.242385,1.226709,0.527583,-0.167904,0.144160,0.842308,-0.122652,-1.178900,0.000273,-2.082081
28.882981,-0.783447,-0.604308,1.661493,-0.032673,-1.357154,0.101862,-0.572492,0.068595,-0.578450,0.994792,0.008452,-0.478968,-0.011181,-0.090165,-1.075937,-0.108076,0.995505,-1.916225,-0.244721,1.226713,0.523444,-0.167617,0.144433,0.840429,-0.119549,-1.174993,0.000053,-2.083840
28.884050,-0.790478,-0.608014,1.659771,-0.030991,-1.359058,0.103477,-0.569969,0.068595,-0.578450,0.994792,0.008452,-0.478968,-0.011181,-0.090165,-1.075937,-0.108076,0.995505,-1.916225,-0.244721,1.226713,0.523444,-0.167617,0.144433,0.840429,-0.119549,-1.174993,0.000053,-2.083840
28.885037,-0.798408,-0.609808,1.657524,-0.030281,-1.357744,0.105023,-0.569122,0.057637,-0.581381,0.982884,0.010881,-0.478637,-0.011359,-0.090412,-1.076091,-0.107924,0.996350,-1.916342,-0.245871,1.226711,0.521353,-0.163957,0.146077,0.841531,-0.119401,-1.172936,-0.000962,-2.088098
28.886018,-0.793029,-0.609445,1.654942,-0.029618,-1.361601,0.105217,-0.571686,0.040651,-0.582053,0.964594,0.012044,-0.478525,-0.011928,-0.090606,-1.076242,-0.107777,0.997183,-1.916457,-0.247041,1.226709,0.519255,-0.159795,0.146692,0.842232,-0.118222,-1.173080,-0.001954,-2.088290
28.887175,-0.791613,-0.607247,1.661244,-0.028065,-1.362552,0.104332,-0.572031,-0.016407,-0.571831,0.904159,0.011042,-0.480552,-0.013950,-0.090795,-1.076571,-0.107489,0.998870,-1.916687,-0.249359,1.226714,0.515111,-0.162790,0.145147,0.840833,-0.116861,-1.167829,-0.000097,-2.080904
28.888076,-0.786702,-0.611726,1.653752,-0.024899,-1.367469,0.104323,-0.570596,-0.016407,-0.571831,0.904159,0.011042,-0.480552,-0.013950,-0.090795,-1.076571,-0.107489,0.998870,-1.916687,-0.249359,1.226714,0.515111,-0.162790,0.145147,0.840833,-0.116861,-1.167829,-0.000097,-2.080904
28.889087,-0.785430,-0.615796,1.658023,-0.024826,-1.364134,0.105151,-0.571838,-0.045936,-0.564971,0.873138,0.009778,-0.482226,-0.015032,-0.090764,-1.076739,-0.107339,0.999708,-1.916806,-0.250514,1.226716,0.513046,-0.164721,0.146965,0.843302,-0.117988,-1.160879,0.000388,-2.081863
28.890087,-0.791820,-0.616791,1.650316,-0.022699,-1.366957,0.104651,-0.570597,-0.070440,-0.561884,0.847154,0.010579,-0.484289,-0.015941,-0.090654,-1.076902,-0.107185,1.000546,-1.916917,-0.251675,1.226713,0.510928,-0.165029,0.148669,0.840869,-0.116267,-1.163454,0.000126,-2.077959
28.891048,-0.787278,-0.618895,1.648262,-0.019315,-1.360137,0.105209,-0.569077,-0.111358,-0.564799,0.802631,0.019002,-0.491157,-0.017458,-0.090159,-1.077226,-0.106885,1.002235,-1.917157,-0.254027,1.226714,0.506801,-0.163439,0.149555,0.844521,-0.117807,-1.164811,0.001138,-2.080796
28.892105,-0.785000,-0.618577,1.654028,-0.020538,-1.357218,0.106939,-0.568217,-0.111358,-0.564799,0.802631,0.019002,-0.491157,-0.017458,-0.090159,-1.077226,-0.106885,1.002235,-1.917157,-0.254027,1.226714,0.506801,-0.163439,0.149555,0.844521,-0.117807,-1.164811,0.001138,-2.080796
28.893090,-0.779283,-0.617773,1.650731,-0.012876,-1.355164,0.106282,-0.570475,-0.130077,-0.568015,0.781780,0.026298,-0.496047,-0.018028,-0.089863,-1.077392,-0.106735,1.003079,-1.917263,-0.255218,1.226708,0.504713,-0.164315,0.149170,0.841735,-0.114936,-1.167043,0.000008,-2.081584
28.894018,-0.780386,-0.616264,1.650956,-0.012236,-1.349494,0.106097,-0.570219,-0.140656,-0.574432,0.769188,0.035344,-0.500766,-0.018236,-0.089597,-1.077563,-0.106589,1.003933,-1.917394,-0.256379,1.226713,0.502631,-0.166745,0.148491,0.842723,-0.120411,-1.167950,0.001202,-2.075592
28.895104,-0.789003,-0.613544,1.657063,-0.011647,-1.344656,0.107564,-0.571271,-0.142604,-0.584002,0.765231,0.047511,-0.504795,-0.017886,-0.089394,-1.077724,-0.106442,1.004766,-1.917508,-0.257570,1.226714,0.500573,-0.165743,0.147366,0.841587,-0.119087,-1.171612,0.001886,-2.074436
28.896009,-0.792130,-0.613092,1.656881,-0.010423,-1.345639,0.108456,-0.569831,-0.139728,-0.592612,0.766088,0.060868,-0.507963,-0.017139,-0.089312,-1.077878,-0.106298,1.005606,-1.917625,-0.258742,1.226709,0.498495,-0.161336,0.145905,0.838976,-0.117842,-1.176291,0.001027,-2.071633
28.896981,-0.782369,-0.614042,1.661525,-0.010108,-1.347279,0.110134,-0.564670,-0.136826,-0.595183,0.767176,0.071802,-0.510203,-0.016296,-0.089389,-1.078034,-0.106155,1.006436,-1.917740,-0.259911,1.226707,0.496443,-0.159405,0.145324,0.837896,-0.117116,-1.173161,0.000650,-2.072698
28.898116,-0.778372,-0.612876,1.662898,-0.008054,-1.346670,0.111387,-0.569965,-0.132508,-0.592582,0.770163,0.079412,-0.510987,-0.015407,-0.089610,-1.078207,-0.106008,1.007271,-1.917851,-0.261063,1.226706,0.494341,-0.163864,0.145501,0.834956,-0.115616,-1.170343,-0.000496,-2.081517
28.899040,-0.775109,-0.619568,1.667877,-0.010356,-1.350468,0.110125,-0.571631,-0.120076,-0.589737,0.782015,0.084480,-0.509421,-0.014346,-0.089895,-1.078377,-0.105865,1.008100,-1.917968,-0.262239,1.226706,0.492314,-0.165655,0.144899,0.835356,-0.115901,-1.171302,-0.001125,-2.070591
28.899990,-0.776383,-0.625498,1.667539,-0.009688,-1.350155,0.109325,-0.567895,-0.095837,-0.590246,0.806396,0.087537,-0.505100,-0.013134,-0.090153,-1.078542,-0.105713,1.008931,-1.918071,-0.263403,1.226712,0.490251,-0.166805,0.147841,0.831825,-0.111910,-1.165630,0.000634,-2.065562
28.901159,-0.781778,-0.626883,1.676571,-0.012677,-1.352239,0.111001,-0.568770,-0.059496,-0.596677,0.843305,0.088456,-0.498208,-0.012029,-0.090416,-1.078707,-0.105558,1.009767,-1.918179,-0.264552,1.226715,0.488151,-0.165723,0.150378,0.831195,-0.110875,-1.164605,0.001930,-2.071410
28.902061,-0.777749,-0.629964,1.674610,-0.010064,-1.350328,0.113274,-0.568132,-0.014532,-0.608464,0.889005,0.086588,-0.489407,-0.011289,-0.090769,-1.078865,-0.105406,1.010586,-1.918277,-0.265716,1.226715,0.486065,-0.163019,0.150972,0.828175,-0.106547,-1.163308,0.000875,-2.069454
28.903067,-0.773924,-0.629241,1.675981,-0.012027,-1.355183,0.112750,-0.568272,0.034616,-0.622906,0.939055,0.081528,-0.479451,-0.010939,-0.091183,-1.079032,-0.105252,1.011416,-1.918386,-0.266884,1.226712,0.484013,-0.164526,0.151999,0.827767,-0.107383,-1.162937,-0.000904,-2.068714
28.904116,-0.776217,-0.629748,1.676394,-0.009580,-1.350238,0.111703,-0.566554,0.138600,-0.654589,1.045901,0.063571,-0.458241,-0.010853,-0.091845,-1.079366,-0.104953,1.013061,-1.918589,-0.269186,1.226716,0.479903,-0.164433,0.151216,0.826032,-0.104732,-1.160762,0.001741,-2.069072
28.904922,-0.776496,-0.635449,1.670126,-0.010256,-1.347516,0.111586,-0.564847,0.187277,-0.668387,1.096400,0.051493,-0.448507,-0.011078,-0.092048,-1.079527,-0.104797,1.013898,-1.918685,-0.270337,1.226718,0.477817,-0.163620,0.153367,0.826541,-0.102421,-1.160049,0.002252,-2.069464
28.906143,-0.787888,-0.633175,1.669690,-0.008025,-1.344575,0.112164,-0.565450,0.225954,-0.678027,1.136699,0.038761,-0.440771,-0.011551,-0.092164,-1.079675,-0.104645,1.014722,-1.918788,-0.271506,1.226717,0.475769,-0.157994,0.152106,0.828099,-0.103241,-1.163648,0.002308,-2.068135
28.907020,-0.785874,-0.639279,1.668742,-0.006880,-1.342925,0.113331,-0.564388,0.249751,-0.681718,1.161744,0.026536,-0.435851,-0.012244,-0.092153,-1.079836,-0.104485,1.015550,-1.918888,-0.272679,1.226717,0.473693,-0.158490,0.154529,0.826682,-0.102710,-1.162374,0.001593,-2.067779
28.908117,-0.778977,-0.636024,1.662144,-0.004460,-1.341100,0.113983,-0.565705,0.249751,-0.681718,1.161744,0.026536,-0.435851,-0.012244,-0.092153,-1.079836,-0.104485,1.015550,-1.918888,-0.272679,1.226717,0.473693,-0.158490,0.154529,0.826682,-0.102710,-1.162374,0.001593,-2.067779
28.909057,-0.774378,-0.643006,1.657172,-0.004206,-1.342911,0.114165,-0.562964,0.261577,-0.681964,1.174607,0.016477,-0.433654,-0.012945,-0.091982,-1.080005,-0.104337,1.016380,-1.918992,-0.273834,1.226717,0.471615,-0.161644,0.152633,0.830147,-0.103591,-1.163722,0.001515,-2.064064
28.909947,-0.787327,-0.639788,1.654617,-0.002671,-1.336481,0.115627,-0.561334,0.266163,-0.681830,1.180156,0.009468,-0.433780,-0.013514,-0.091658,-1.080173,-0.104174,1.017219,-1.919091,-0.274997,1.226718,0.469560,-0.163373,0.155556,0.831183,-0.102226,-1.159701,0.001816,-2.067623
28.911056,-0.800467,-0.641670,1.661483,-0.001299,-1.334678,0.117527,-0.563579,0.262988,-0.680713,1.177693,0.004955,-0.436196,-0.014014,-0.091248,-1.080313,-0.104026,1.018056,-1.919195,-0.276177,1.226715,0.467481,-0.156507,0.153387,0.830591,-0.102038,-1.163388,0.000821,-2.068441
28.912035,-0.792188,-0.643955,1.654710,0.001617,-1.334721,0.118487,-0.562510,0.246897,-0.674191,1.161895,0.001586,-0.441055,-0.014546,-0.090842,-1.080452,-0.103870,1.018873,-1.919294,-0.277341,1.226712,0.465445,-0.149994,0.154067,0.827507,-0.101976,-1.164689,-0.000487,-2.063086
28.912970,-0.789546,-0.638009,1.652529,0.001482,-1.330765,0.119174,-0.561062,0.217712,-0.662101,1.132660,-0.000085,-0.447865,-0.015017,-0.090508,-1.080614,-0.103714,1.019712,-1.919398,-0.278506,1.226712,0.463373,-0.153815,0.154734,0.829883,-0.103238,-1.162836,-0.000933,-2.063478
28.914105,-0.789654,-0.632766,1.654699,0.002252,-1.332723,0.118347,-0.561965,0.181570,-0.647671,1.096484,0.000465,-0.455413,-0.015266,-0.090325,-1.080771,-0.103569,1.020549,-1.919496,-0.279668,1.226711,0.461287,-0.154664,0.151310,0.829503,-0.101522,-1.164632,-0.001128,-2.064224
28.915038,-0.800003,-0.635747,1.656567,0.001316,-1.333650,0.118512,-0.559271,0.098219,-0.604267,1.014478,-0.002314,-0.469088,-0.015422,-0.090579,-1.081064,-0.103271,1.022197,-1.919689,-0.281970,1.226715,0.457166,-0.149067,0.149582,0.826694,-0.098483,-1.159525,0.000591,-2.065048
28.916028,-0.797543,-0.631384,1.652969,0.002091,-1.335725,0.118641,-0.556954,0.098219,-0.604267,1.014478,-0.002314,-0.469088,-0.015422,-0.090579,-1.081064,-0.103271,1.022197,-1.919689,-0.281970,1.226715,0.457166,-0.149067,0.149582,0.826694,-0.098483,-1.159525,0.000591,-2.065048
28.917065,-0.797306,-0.635565,1.649495,0.002105,-1.337129,0.119043,-0.556889,0.049265,-0.572730,0.966784,-0.008736,-0.474648,-0.015703,-0.090971,-1.081214,-0.103131,1.023018,-1.919784,-0.283121,1.226715,0.455113,-0.150106,0.147095,0.827784,-0.097835,-1.155919,0.000975,-2.068029
28.918081,-0.791921,-0.635347,1.651229,0.001077,-1.339380,0.119959,-0.558133,-0.004359,-0.536270,0.914702,-0.017951,-0.479258,-0.016188,-0.091441,-1.081362,-0.102977,1.023852,-1.919877,-0.284274,1.226716,0.453045,-0.150036,0.148861,0.829047,-0.096491,-1.153441,0.001102,-2.066712
28.919105,-0.791833,-0.641048,1.654184,0.001157,-1.343212,0.120196,-0.556655,-0.058198,-0.499091,0.862724,-0.028839,-0.482689,-0.016808,-0.091891,-1.081517,-0.102831,1.024684,-1.919964,-0.285405,1.226714,0.450974,-0.152479,0.148423,0.827503,-0.094211,-1.150105,0.000717,-2.062637
28.920072,-0.791646,-0.646612,1.652909,0.001247,-1.344344,0.120575,-0.556051,-0.105326,-0.466478,0.817823,-0.040749,-0.484661,-0.017483,-0.092278,-1.081667,-0.102673,1.025501,-1.920057,-0.286541,1.226718,0.448919,-0.152284,0.150862,0.825635,-0.092947,-1.145222,0.000996,-2.064214
28.921108,-0.793571,-0.644675,1.654712,0.002590,-1.340943,0.122230,-0.556168,-0.141537,-0.442823,0.783983,-0.052373,-0.485351,-0.018158,-0.092593,-1.081815,-0.102515,1.026328,-1.920146,-0.287666,1.226719,0.446848,-0.152103,0.153126,0.825257,-0.091724,-1.142615,0.001113,-2.063523
28.921984,-0.794437,-0.637825,1.652094,0.004006,-1.339346,0.122392,-0.553235,-0.167495,-0.428717,0.760219,-0.062587,-0.485409,-0.018788,-0.092802,-1.081962,-0.102367,1.027144,-1.920238,-0.288810,1.226716,0.444774,-0.150966,0.151815,0.824072,-0.091744,-1.145065,-0.000005,-2.061844
28.923023,-0.793552,-0.637857,1.661733,0.004137,-1.334461,0.123405,-0.552092,-0.187309,-0.419058,0.742396,-0.072174,-0.485597,-0.019288,-0.092871,-1.082110,-0.102228,1.027968,-1.920330,-0.289961,1.226717,0.442723,-0.150118,0.147944,0.823552,-0.091703,-1.143946,0.000297,-2.065363
28.924064,-0.794063,-0.632709,1.652501,0.006133,-1.332677,0.123664,-0.555112,-0.202178,-0.409575,0.729534,-0.082719,-0.486280,-0.019567,-0.092774,-1.082260,-0.102084,1.028785,-1.920416,-0.291107,1.226717,0.440648,-0.150391,0.147747,0.818437,-0.090634,-1.147903,-0.000180,-2.066205
28.925116,-0.789419,-0.631546,1.654221,0.010831,-1.330853,0.125227,-0.553816,-0.211688,-0.399237,0.722206,-0.094680,-0.487590,-0.019590,-0.092468,-1.082411,-0.101945,1.029612,-1.920509,-0.292268,1.226715,0.438624,-0.149933,0.144967,0.822792,-0.091312,-1.148538,0.000118,-2.058884
28.926154,-0.794935,-0.624640,1.649990,0.011488,-1.327886,0.125600,-0.554294,-0.218939,-0.387189,0.717126,-0.106028,-0.489872,-0.019267,-0.091937,-1.082564,-0.101801,1.030437,-1.920607,-0.293424,1.226712,0.436552,-0.152067,0.144177,0.821648,-0.094563,-1.149392,-0.000898,-2.060237
28.927042,-0.805091,-0.626458,1.659044,0.013320,-1.325277,0.124915,-0.553726,-0.237833,-0.353273,0.701391,-0.121281,-0.497704,-0.017435,-0.090394,-1.082843,-0.101528,1.032068,-1.920792,-0.295748,1.226718,0.432444,-0.143801,0.141105,0.817316,-0.094216,-1.151139,0.000398,-2.056720
28.928144,-0.804467,-0.631375,1.657579,0.015419,-1.325389,0.126248,-0.552951,-0.237833,-0.353273,0.701391,-0.121281,-0.497704,-0.017435,-0.090394,-1.082843,-0.101528,1.032068,-1.920792,-0.295748,1.226718,0.432444,-0.143801,0.141105,0.817316,-0.094216,-1.151139,0.000398,-2.056720
28.929019,-0.795618,-0.633902,1.657854,0.016633,-1.318831,0.126620,-0.552578,-0.250475,-0.332346,0.689511,-0.125437,-0.502640,-0.016225,-0.089526,-1.082986,-0.101379,1.032892,-1.920886,-0.296891,1.226716,0.430380,-0.144162,0.143367,0.818364,-0.094999,-1.150700,-0.000370,-2.057333
28.930096,-0.791630,-0.631926,1.659666,0.015572,-1.317296,0.127611,-0.552889,-0.257593,-0.317344,0.682666,-0.124868,-0.506987,-0.014800,-0.088689,-1.083143,-0.101237,1.033698,-1.920980,-0.298056,1.226716,0.428348,-0.148090,0.144156,0.816567,-0.094701,-1.154468,-0.000281,-2.055723
28.931007,-0.793329,-0.630475,1.664874,0.015768,-1.316751,0.128123,-0.553099,-0.252202,-0.312284,0.688231,-0.120207,-0.509516,-0.013151,-0.087959,-1.083296,-0.101095,1.034514,-1.921068,-0.299222,1.226717,0.426284,-0.149897,0.142976,0.815781,-0.092416,-1.155169,-0.000718,-2.053977
28.932003,-0.794352,-0.629142,1.663593,0.014959,-1.314471,0.127344,-0.552100,-0.232909,-0.315197,0.707966,-0.114672,-0.509520,-0.011411,-0.087411,-1.083442,-0.100956,1.035324,-1.921156,-0.300360,1.226716,0.424221,-0.148678,0.141880,0.811803,-0.091290,-1.153491,-0.000750,-2.051331
28.933065,-0.795017,-0.627595,1.672029,0.015362,-1.317537,0.128733,-0.552491,-0.169666,-0.328556,0.773073,-0.109994,-0.502296,-0.008366,-0.087056,-1.083736,-0.100680,1.036933,-1.921327,-0.302647,1.226715,0.420127,-0.147511,0.140060,0.807836,-0.088523,-1.150557,-0.000295,-2.049809
28.933972,-0.789025,-0.630599,1.671605,0.014421,-1.318832,0.128968,-0.550549,-0.130097,-0.336865,0.814076,-0.111667,-0.495504,-0.007138,-0.087240,-1.083895,-0.100538,1.037731,-1.921409,-0.303790,1.226717,0.418099,-0.150042,0.141171,0.806843,-0.086382,-1.146984,-0.000059,-2.051629
28.935021,-0.785321,-0.629170,1.675861,0.012825,-1.320690,0.129272,-0.548234,-0.130097,-0.336865,0.814076,-0.111667,-0.495504,-0.007138,-0.087240,-1.083895,-0.100538,1.037731,-1.921409,-0.303790,1.226717,0.418099,-0.150042,0.141171,0.806843,-0.086382,-1.146984,-0.000059,-2.051629
28.936038,-0.780647,-0.630803,1.674633,0.012953,-1.317396,0.129038,-0.551926,-0.083212,-0.348846,0.862881,-0.115807,-0.486799,-0.006057,-0.087571,-1.084052,-0.100401,1.038536,-1.921486,-0.304935,1.226718,0.416033,-0.151623,0.140277,0.804687,-0.083809,-1.144253,0.000171,-2.054956
28.937017,-0.789446,-0.625418,1.677500,0.014528,-1.319505,0.129760,-0.554296,-0.029314,-0.364814,0.919185,-0.122671,-0.476622,-0.005161,-0.087956,-1.084208,-0.100259,1.039346,-1.921567,-0.306073,1.226719,0.413988,-0.153672,0.140860,0.804951,-0.082872,-1.146466,0.000933,-2.046006
28.938167,-0.797734,-0.632773,1.681795,0.014439,-1.319475,0.129640,-0.550718,0.026337,-0.382033,0.977378,-0.131568,-0.465928,-0.004448,-0.088306,-1.084348,-0.100126,1.040140,-1.921653,-0.307213,1.226717,0.411941,-0.149046,0.137927,0.802962,-0.083236,-1.142770,0.000720,-2.039591
28.939054,-0.794487,-0.633280,1.683690,0.013411,-1.316994,0.130395,-0.550385,0.075219,-0.396873,1.028437,-0.141192,-0.456094,-0.003935,-0.088621,-1.084483,-0.099978,1.040941,-1.921732,-0.308359,1.226720,0.409898,-0.145068,0.141530,0.801788,-0.082209,-1.142956,0.001430,-2.046319
28.940079,-0.785976,-0.632204,1.674754,0.015729,-1.314341,0.131870,-0.548916,0.115307,-0.410424,1.070190,-0.150656,-0.447917,-0.003661,-0.088940,-1.084634,-0.099840,1.041744,-1.921808,-0.309492,1.226720,0.407844,-0.146308,0.141354,0.799339,-0.080106,-1.143050,0.001121,-2.044563
28.941040,-0.780718,-0.633467,1.675483,0.019162,-1.314860,0.132725,-0.550357,0.149926,-0.425289,1.106230,-0.159540,-0.441488,-0.003526,-0.089217,-1.084795,-0.099702,1.042550,-1.921894,-0.310642,1.226719,0.405815,-0.150254,0.140613,0.803633,-0.081265,-1.144553,0.000180,-2.046207
28.941953,-0.791416,-0.631254,1.674520,0.022032,-1.310383,0.132292,-0.549256,0.181229,-0.443045,1.138704,-0.165767,-0.436845,-0.003235,-0.089378,-1.084949,-0.099564,1.043353,-1.921981,-0.311775,1.226718,0.403778,-0.152503,0.140963,0.802408,-0.083421,-1.142355,-0.000165,-2.041479
28.943027,-0.793887,-0.628540,1.681051,0.022494,-1.312631,0.132890,-0.547994,0.208123,-0.463661,1.166126,-0.167013,-0.434202,-0.002563,-0.089406,-1.085084,-0.099427,1.044146,-1.922070,-0.312929,1.226720,0.401754,-0.146869,0.139491,0.801764,-0.084942,-1.144532,0.000743,-2.041680
28.944094,-0.790078,-0.626761,1.674738,0.025616,-1.310885,0.131935,-0.549214,0.226216,-0.483080,1.184009,-0.164189,-0.433817,-0.001593,-0.089323,-1.085225,-0.099289,1.044947,-1.922153,-0.314078,1.226720,0.399699,-0.145650,0.138012,0.798743,-0.084287,-1.141572,0.000693,-2.043111
28.944972,-0.784075,-0.625014,1.667846,0.025984,-1.306655,0.130706,-0.546023,0.231904,-0.509725,1.188280,-0.152009,-0.438754,0.000687,-0.088751,-1.085533,-0.099023,1.046566,-1.922326,-0.316371,1.226730,0.395617,-0.149913,0.135824,0.803841,-0.085281,-1.144265,0.003841,-2.043635
28.946115,-0.789621,-0.626178,1.669257,0.027901,-1.308852,0.133658,-0.545477,0.221023,-0.517048,1.176494,-0.143453,-0.443077,0.001724,-0.088271,-1.085674,-0.098886,1.047374,-1.922413,-0.317500,1.226728,0.393569,-0.147166,0.136403,0.803927,-0.086094,-1.142260,0.001451,-2.044067
28.947043,-0.795126,-0.625468,1.668749,0.027355,-1.308099,0.134361,-0.546124,0.221023,-0.517048,1.176494,-0.143453,-0.443077,0.001724,-0.088271,-1.085674,-0.098886,1.047374,-1.922413,-0.317500,1.226728,0.393569,-0.147166,0.136403,0.803927,-0.086094,-1.142260,0.001451,-2.044067
28.948097,-0.798682,-0.626938,1.661465,0.026806,-1.311675,0.134556,-0.546148,0.167074,-0.516439,1.120038,-0.124975,-0.453964,0.002760,-0.087095,-1.085951,-0.098616,1.048988,-1.922574,-0.319779,1.226733,0.389507,-0.142403,0.136363,0.806710,-0.082796,-1.136596,0.001577,-2.039592
28.949066,-0.801182,-0.625661,1.657489,0.024388,-1.310908,0.135565,-0.546905,0.167074,-0.516439,1.120038,-0.124975,-0.453964,0.002760,-0.087095,-1.085951,-0.098616,1.048988,-1.922574,-0.319779,1.226733,0.389507,-0.142403,0.136363,0.806710,-0.082796,-1.136596,0.001577,-2.039592
28.949966,-0.798766,-0.625662,1.652687,0.024884,-1.312448,0.135904,-0.545002,0.118886,-0.504310,1.070437,-0.118820,-0.460410,0.002235,-0.086590,-1.086088,-0.098484,1.049808,-1.922646,-0.320904,1.226731,0.387461,-0.141014,0.135515,0.807743,-0.079443,-1.135925,0.001078,-2.036292
28.951141,-0.794255,-0.624151,1.662971,0.026104,-1.311936,0.136484,-0.544715,-0.006865,-0.459512,0.942542,-0.117641,-0.473131,-0.000895,-0.086104,-1.086380,-0.098216,1.051413,-1.922802,-0.323150,1.226732,0.383390,-0.144228,0.134494,0.804777,-0.079212,-1.133365,0.001235,-2.038167
28.952199,-0.791270,-0.624049,1.661249,0.024383,-1.315342,0.138556,-0.543238,-0.006865,-0.459512,0.942542,-0.117641,-0.473131,-0.000895,-0.086104,-1.086380,-0.098216,1.051413,-1.922802,-0.323150,1.226732,0.383390,-0.144228,0.134494,0.804777,-0.079212,-1.133365,0.001235,-2.038167
28.953037,-0.789364,-0.625110,1.659299,0.022660,-1.318372,0.139138,-0.541972,-0.111696,-0.420585,0.837371,-0.123081,-0.480314,-0.004411,-0.086299,-1.086676,-0.097949,1.053024,-1.922944,-0.325392,1.226726,0.379313,-0.146050,0.134477,0.804736,-0.073953,-1.123555,-0.000406,-2.039901
28.954031,-0.785974,-0.622694,1.654158,0.022703,-1.324200,0.138627,-0.542314,-0.111696,-0.420585,0.837371,-0.123081,-0.480314,-0.004411,-0.086299,-1.086676,-0.097949,1.053024,-1.922944,-0.325392,1.226726,0.379313,-0.146050,0.134477,0.804736,-0.073953,-1.123555,-0.000406,-2.039901
28.955019,-0.784407,-0.617799,1.660024,0.023506,-1.321648,0.139134,-0.540857,-0.150741,-0.405763,0.798953,-0.129308,-0.482071,-0.006133,-0.086543,-1.086824,-0.097820,1.053838,-1.923015,-0.326494,1.226730,0.377271,-0.147522,0.133127,0.806700,-0.073147,-1.116715,0.000609,-2.037609
28.956033,-0.780949,-0.616969,1.655438,0.022485,-1.322078,0.140012,-0.542969,-0.182929,-0.391953,0.767790,-0.137932,-0.483372,-0.007785,-0.086803,-1.086971,-0.097695,1.054634,-1.923088,-0.327621,1.226730,0.375245,-0.148055,0.130568,0.803252,-0.073046,-1.118033,0.000604,-2.039002
28.957101,-0.770599,-0.619576,1.656570,0.024227,-1.321156,0.141040,-0.541224,-0.207725,-0.378385,0.744410,-0.148532,-0.484468,-0.009232,-0.087004,-1.087122,-0.097566,1.055447,-1.923156,-0.328749,1.226727,0.373215,-0.149557,0.130071,0.805160,-0.071248,-1.116521,0.000270,-2.033303
28.958127,-0.773991,-0.618915,1.652300,0.024974,-1.314884,0.139920,-0.538323,-0.222758,-0.367445,0.731079,-0.159739,-0.485408,-0.010347,-0.087110,-1.087287,-0.097431,1.056261,-1.923230,-0.329857,1.226727,0.371159,-0.154449,0.131284,0.804619,-0.072133,-1.117144,-0.000205,-2.035722
28.958958,-0.778322,-0.612720,1.651554,0.027547,-1.307205,0.141230,-0.540616,-0.225007,-0.359953,0.731567,-0.176150,-0.487644,-0.011294,-0.087197,-1.087580,-0.097179,1.057874,-1.923380,-0.332124,1.226728,0.367103,-0.149872,0.127434,0.804830,-0.073446,-1.127181,0.000553,-2.032919
28.960101,-0.784436,-0.616765,1.652336,0.029327,-1.304558,0.142013,-0.541778,-0.224393,-0.356081,0.732621,-0.180643,-0.489832,-0.011216,-0.087200,-1.087723,-0.097046,1.058673,-1.923455,-0.333265,1.226729,0.365091,-0.146871,0.129545,0.805372,-0.074376,-1.129913,0.000369,-2.030163
28.961059,-0.777048,-0.612498,1.651080,0.031106,-1.302945,0.143112,-0.540279,-0.225374,-0.351643,0.731403,-0.181601,-0.492602,-0.010730,-0.087186,-1.087878,-0.096922,1.059483,-1.923531,-0.334400,1.226726,0.363043,-0.150256,0.127238,0.805087,-0.075149,-1.129814,-0.000223,-2.031358
28.961975,-0.767106,-0.612789,1.648622,0.034042,-1.295221,0.143661,-0.540474,-0.225374,-0.351643,0.731403,-0.181601,-0.492602,-0.010730,-0.087186,-1.087878,-0.096922,1.059483,-1.923531,-0.334400,1.226726,0.363043,-0.150256,0.127238,0.805087,-0.075149,-1.129814,-0.000223,-2.031358
28.963031,-0.767548,-0.610386,1.653666,0.033312,-1.297399,0.142014,-0.538767,-0.209244,-0.354665,0.746120,-0.171741,-0.495957,-0.008019,-0.087027,-1.088197,-0.096673,1.061086,-1.923684,-0.336660,1.226736,0.358988,-0.154195,0.126014,0.802669,-0.075341,-1.132607,0.001866,-2.031234
28.964107,-0.767949,-0.609972,1.647252,0.034637,-1.300132,0.141625,-0.537843,-0.189607,-0.362594,0.764916,-0.163710,-0.495539,-0.006129,-0.086819,-1.088350,-0.096546,1.061900,-1.923760,-0.337775,1.226741,0.356949,-0.153831,0.125826,0.806054,-0.075781,-1.129562,0.002771,-2.032038
28.964964,-0.769640,-0.617011,1.643868,0.034575,-1.301435,0.142629,-0.538013,-0.189607,-0.362594,0.764916,-0.163710,-0.495539,-0.006129,-0.086819,-1.088350,-0.096546,1.061900,-1.923760,-0.337775,1.226741,0.356949,-0.153831,0.125826,0.806054,-0.075781,-1.129562,0.002771,-2.032038
28.966019,-0.764839,-0.618332,1.646411,0.033946,-1.304977,0.142477,-0.539788,-0.170787,-0.371258,0.782645,-0.155125,-0.494353,-0.004428,-0.086540,-1.088500,-0.096413,1.062697,-1.923831,-0.338899,1.226744,0.354908,-0.152504,0.128997,0.806023,-0.074707,-1.125652,0.002176,-2.029174
28.967052,-0.759495,-0.617527,1.646475,0.034196,-1.312206,0.142849,-0.539130,-0.153742,-0.382314,0.798243,-0.145838,-0.492507,-0.003124,-0.086197,-1.088662,-0.096283,1.063498,-1.923901,-0.340019,1.226751,0.352906,-0.154635,0.129573,0.804825,-0.073297,-1.121542,0.002847,-2.024587
28.967974,-0.758917,-0.622417,1.643301,0.032500,-1.308851,0.141940,-0.539126,-0.112303,-0.417399,0.836676,-0.129100,-0.485553,-0.001846,-0.085464,-1.088981,-0.096021,1.065101,-1.924039,-0.342236,1.226758,0.348868,-0.156771,0.131268,0.805139,-0.070189,-1.115251,0.004365,-2.022733
28.969085,-0.758485,-0.627219,1.648691,0.032311,-1.312116,0.143040,-0.538006,-0.112303,-0.417399,0.836676,-0.129100,-0.485553,-0.001846,-0.085464,-1.088981,-0.096021,1.065101,-1.924039,-0.342236,1.226758,0.348868,-0.156771,0.131268,0.805139,-0.070189,-1.115251,0.004365,-2.022733
28.970025,-0.768308,-0.623715,1.641154,0.032605,-1.311567,0.144643,-0.536408,-0.063454,-0.467263,0.882679,-0.119585,-0.475358,-0.002770,-0.085026,-1.089278,-0.095757,1.066701,-1.924171,-0.344443,1.226760,0.344800,-0.151638,0.131632,0.805878,-0.068878,-1.111114,0.002690,-2.025512
28.970972,-0.762268,-0.617470,1.640372,0.033569,-1.312293,0.147646,-0.538082,-0.050134,-0.487656,0.894561,-0.118487,-0.470817,-0.003996,-0.085075,-1.089440,-0.095635,1.067507,-1.924241,-0.345556,1.226753,0.342770,-0.154263,0.128380,0.805269,-0.068983,-1.108790,0.000204,-2.020253
28.972127,-0.747687,-0.616697,1.640484,0.032665,-1.313347,0.147476,-0.539542,-0.044648,-0.501242,0.899082,-0.120667,-0.466841,-0.005362,-0.085315,-1.089615,-0.095507,1.068318,-1.924305,-0.346655,1.226756,0.340773,-0.161293,0.128135,0.806117,-0.067507,-1.108410,0.000990,-2.017020
28.973110,-0.748558,-0.614219,1.635566,0.032593,-1.310199,0.147945,-0.538172,-0.039856,-0.511415,0.903628,-0.126106,-0.462968,-0.006610,-0.085691,-1.089776,-0.095381,1.069123,-1.924370,-0.347772,1.226756,0.338742,-0.160375,0.126768,0.807963,-0.066710,-1.110324,0.001022,-2.018190
28.974018,-0.751297,-0.613817,1.631814,0.031298,-1.307349,0.148386,-0.537397,-0.038411,-0.516706,0.905324,-0.135249,-0.459719,-0.007828,-0.086146,-1.089930,-0.095253,1.069932,-1.924431,-0.348889,1.226757,0.336742,-0.158554,0.126337,0.808465,-0.064722,-1.111138,0.001044,-2.017737
28.975045,-0.756299,-0.615382,1.637016,0.032996,-1.302300,0.149032,-0.538548,-0.043597,-0.516058,0.900534,-0.147578,-0.457692,-0.009067,-0.086574,-1.090080,-0.095126,1.070737,-1.924498,-0.350001,1.226760,0.334730,-0.155832,0.127065,0.805603,-0.065698,-1.115452,0.000913,-2.014157
28.976131,-0.749401,-0.617428,1.636229,0.035373,-1.306129,0.150336,-0.539731,-0.043597,-0.516058,0.900534,-0.147578,-0.457692,-0.009067,-0.086574,-1.090080,-0.095126,1.070737,-1.924498,-0.350001,1.226760,0.334730,-0.155832,0.127065,0.805603,-0.065698,-1.115452,0.000913,-2.014157
28.977025,-0.746090,-0.619395,1.636553,0.036063,-1.302827,0.152003,-0.538097,-0.051971,-0.514047,0.892440,-0.159708,-0.456843,-0.010061,-0.086858,-1.090247,-0.094993,1.071537,-1.924569,-0.351112,1.226757,0.332749,-0.159028,0.128041,0.806423,-0.067318,-1.111380,0.000184,-2.011066
28.978182,-0.745521,-0.625389,1.638646,0.034467,-1.301431,0.151058,-0.537824,-0.057771,-0.516447,0.886733,-0.168071,-0.456822,-0.010475,-0.086997,-1.090409,-0.094862,1.072345,-1.924632,-0.352218,1.226754,0.330727,-0.160095,0.128717,0.804760,-0.067223,-1.112679,-0.001006,-2.012208
28.979053,-0.751585,-0.622568,1.633538,0.039124,-1.299052,0.152922,-0.539741,-0.053684,-0.541675,0.890412,-0.172453,-0.458286,-0.009720,-0.087144,-1.090720,-0.094596,1.073954,-1.924768,-0.354470,1.226758,0.326724,-0.156727,0.129980,0.805631,-0.068792,-1.114371,-0.000899,-2.006272
28.980146,-0.760531,-0.621284,1.633007,0.039498,-1.298568,0.151850,-0.537607,-0.053684,-0.541675,0.890412,-0.172453,-0.458286,-0.009720,-0.087144,-1.090720,-0.094596,1.073954,-1.924768,-0.354470,1.226758,0.326724,-0.156727,0.129980,0.805631,-0.068792,-1.114371,-0.000899,-2.006272
28.981153,-0.764016,-0.620782,1.630278,0.038008,-1.301547,0.152771,-0.535822,-0.056684,-0.556083,0.886454,-0.168459,-0.460419,-0.008875,-0.087185,-1.090860,-0.094467,1.074766,-1.924832,-0.355579,1.226762,0.324696,-0.152251,0.129357,0.806190,-0.068507,-1.114786,0.000745,-2.009765
28.982010,-0.760815,-0.614049,1.623551,0.039029,-1.297702,0.153174,-0.536061,-0.074235,-0.562803,0.867424,-0.162232,-0.464020,-0.008050,-0.087248,-1.091007,-0.094338,1.075571,-1.924895,-0.356686,1.226758,0.322698,-0.150332,0.128989,0.807159,-0.066344,-1.110834,0.000347,-2.012000
28.983049,-0.758864,-0.612713,1.628026,0.040372,-1.300725,0.153379,-0.535118,-0.107401,-0.558598,0.832701,-0.156971,-0.468778,-0.007462,-0.087348,-1.091159,-0.094217,1.076384,-1.924960,-0.357791,1.226760,0.320687,-0.151474,0.125362,0.808641,-0.066551,-1.112323,0.000382,-2.009101
28.984099,-0.757731,-0.610716,1.625888,0.038834,-1.302623,0.152014,-0.536284,-0.150987,-0.544385,0.787851,-0.153471,-0.473843,-0.006965,-0.087445,-1.091312,-0.094094,1.077181,-1.925029,-0.358894,1.226761,0.318660,-0.152213,0.124720,0.806355,-0.067128,-1.108684,0.000711,-2.009796
28.985001,-0.759541,-0.613498,1.628556,0.040766,-1.306240,0.151855,-0.534242,-0.197859,-0.523955,0.740133,-0.151371,-0.478377,-0.006432,-0.087484,-1.091465,-0.093972,1.077994,-1.925091,-0.359998,1.226766,0.316674,-0.152571,0.123751,0.807363,-0.064962,-1.106346,0.002608,-2.006438
28.986096,-0.760123,-0.614806,1.629498,0.038935,-1.310575,0.153451,-0.533172,-0.243608,-0.500993,0.693851,-0.150234,-0.482014,-0.005936,-0.087437,-1.091611,-0.093846,1.078800,-1.925156,-0.361079,1.226770,0.314652,-0.151295,0.124943,0.804605,-0.066127,-1.100988,0.003199,-2.008463
28.987056,-0.756422,-0.611668,1.630640,0.039750,-1.314232,0.154938,-0.532648,-0.285405,-0.479033,0.651622,-0.148935,-0.484729,-0.005514,-0.087311,-1.091762,-0.093718,1.079599,-1.925216,-0.362171,1.226771,0.312659,-0.150906,0.125614,0.804641,-0.063772,-1.096780,0.002148,-2.009880
28.988114,-0.753360,-0.613414,1.630943,0.036562,-1.313162,0.155581,-0.533100,-0.349198,-0.443026,0.587519,-0.147181,-0.487651,-0.004850,-0.086894,-1.092072,-0.093473,1.081217,-1.925332,-0.364353,1.226772,0.308629,-0.153710,0.124847,0.803055,-0.060292,-1.092761,0.001068,-2.007232
28.989043,-0.750417,-0.614625,1.627072,0.038613,-1.314421,0.156823,-0.534572,-0.367887,-0.429978,0.569214,-0.148601,-0.487971,-0.004600,-0.086656,-1.092228,-0.093346,1.082019,-1.925396,-0.365439,1.226770,0.306648,-0.154745,0.125249,0.803915,-0.061657,-1.089963,0.000313,-2.002490
28.990021,-0.744576,-0.607277,1.623658,0.039794,-1.311489,0.156777,-0.532419,-0.378822,-0.420076,0.558898,-0.150543,-0.487929,-0.004257,-0.086456,-1.092387,-0.093231,1.082830,-1.925459,-0.366523,1.226772,0.304627,-0.157293,0.121549,0.804883,-0.062158,-1.091973,0.000865,-2.005268
28.991028,-0.744590,-0.609563,1.625586,0.039284,-1.307641,0.157969,-0.532615,-0.383224,-0.411714,0.555234,-0.152651,-0.487761,-0.003677,-0.086319,-1.092543,-0.093108,1.083641,-1.925518,-0.367624,1.226767,0.302616,-0.156947,0.122693,0.803413,-0.061067,-1.094970,0.000215,-2.003457
28.992030,-0.750583,-0.603962,1.625607,0.041367,-1.302957,0.158278,-0.532074,-0.382955,-0.403385,0.556185,-0.155309,-0.487725,-0.002861,-0.086215,-1.092689,-0.092994,1.084437,-1.925580,-0.368737,1.226769,0.300632,-0.153729,0.119911,0.803080,-0.062535,-1.098627,0.000426,-2.003250
28.993120,-0.751888,-0.602505,1.625528,0.042115,-1.297984,0.158906,-0.530700,-0.382955,-0.403385,0.556185,-0.155309,-0.487725,-0.002861,-0.086215,-1.092689,-0.092994,1.084437,-1.925580,-0.368737,1.226769,0.300632,-0.153729,0.119911,0.803080,-0.062535,-1.098627,0.000426,-2.003250
28.994046,-0.748208,-0.601148,1.628293,0.041805,-1.292347,0.159029,-0.530911,-0.382719,-0.392414,0.556867,-0.158286,-0.488286,-0.001856,-0.086134,-1.093001,-0.092762,1.086033,-1.925700,-0.370954,1.226770,0.296632,-0.154340,0.118605,0.801093,-0.061774,-1.107384,0.000713,-2.002913
28.994984,-0.739167,-0.601961,1.630940,0.044333,-1.291799,0.159801,-0.531614,-0.382783,-0.378677,0.557134,-0.161733,-0.489375,-0.000685,-0.086047,-1.093001,-0.092762,1.086033,-1.925700,-0.370954,1.226770,0.296632,-0.154340,0.118605,0.801093,-0.061774,-1.107384,0.000713,-2.002913
28.996078,-0.738314,-0.604581,1.628273,0.044752,-1.294505,0.160188,-0.531424,-0.375582,-0.367365,0.564810,-0.165149,-0.490126,0.000802,-0.085869,-1.093166,-0.092640,1.086832,-1.925766,-0.372051,1.226769,0.294595,-0.158364,0.118899,0.798802,-0.063540,-1.106368,0.000425,-1.999562
28.997047,-0.745269,-0.605288,1.630864,0.041853,-1.294347,0.160324,-0.529010,-0.356087,-0.363587,0.584846,-0.166541,-0.489959,0.002773,-0.085563,-1.093326,-0.092518,1.087630,-1.925828,-0.373157,1.226771,0.292638,-0.158528,0.120313,0.800656,-0.063396,-1.103610,0.000601,-1.999393
28.998148,-0.745561,-0.604921,1.637174,0.041228,-1.294090,0.160692,-0.531310,-0.329156,-0.366066,0.612115,-0.166324,-0.489210,0.004948,-0.085188,-1.093475,-0.092397,1.088427,-1.925881,-0.374273,1.226772,0.290632,-0.154728,0.120577,0.798668,-0.060014,-1.102390,0.000959,-2.002649
28.999038,-0.739086,-0.602426,1.629150,0.043558,-1.292242,0.161505,-0.531492,-0.271650,-0.376010,0.670117,-0.170964,-0.486522,0.008577,-0.084401,-1.093793,-0.092160,1.090023,-1.926001,-0.376482,1.226774,0.286660,-0.157159,0.119128,0.798723,-0.060567,-1.102479,0.000796,-1.994929
29.000026,-0.732297,-0.600221,1.633300,0.042375,-1.292334,0.162767,-0.528995,-0.271650,-0.376010,0.670117,-0.170964,-0.486522,0.008577,-0.084401,-1.093793,-0.092160,1.090023,-1.926001,-0.376482,1.226774,0.286660,-0.157159,0.119128,0.798723,-0.060567,-1.102479,0.000796,-1.994929
29.001056,-0.733273,-0.595299,1.631857,0.044763,-1.291320,0.162831,-0.531234,-0.241334,-0.382435,0.701000,-0.174951,-0.484059,0.010213,-0.084036,-1.093957,-0.092042,1.090818,-1.926056,-0.377591,1.226771,0.284642,-0.160113,0.118015,0.796136,-0.058861,-1.101249,0.000057,-1.998450
29.001973,-0.737105,-0.593584,1.634961,0.045452,-1.291118,0.162209,-0.529885,-0.209107,-0.389401,0.734109,-0.179274,-0.480557,0.011931,-0.083722,-1.094115,-0.091934,1.091609,-1.926119,-0.378686,1.226773,0.282642,-0.159299,0.115704,0.796871,-0.060660,-1.101717,0.000527,-1.992706
29.003058,-0.736700,-0.593765,1.628680,0.043348,-1.296869,0.162714,-0.528469,-0.154190,-0.395763,0.790977,-0.187583,-0.471936,0.015380,-0.083078,-1.094425,-0.091704,1.093213,-1.926230,-0.380849,1.226780,0.278658,-0.156853,0.114954,0.796954,-0.058167,-1.093885,0.001597,-1.995089
29.004043,-0.739283,-0.596255,1.631287,0.042576,-1.294655,0.162537,-0.529241,-0.154190,-0.395763,0.790977,-0.187583,-0.471936,0.015380,-0.083078,-1.094425,-0.091704,1.093213,-1.926230,-0.380849,1.226780,0.278658,-0.156853,0.114954,0.796954,-0.058167,-1.093885,0.001597,-1.995089
29.005012,-0.731584,-0.596724,1.625250,0.042052,-1.293106,0.163114,-0.528776,-0.138862,-0.392584,0.807262,-0.192926,-0.467957,0.016592,-0.082735,-1.094580,-0.091585,1.093998,-1.926284,-0.381948,1.226783,0.276693,-0.155132,0.116102,0.794723,-0.056906,-1.094548,0.002246,-1.991761
29.005985,-0.729468,-0.597631,1.628302,0.041913,-1.297766,0.165248,-0.529704,-0.130004,-0.387632,0.817148,-0.199454,-0.464443,0.017297,-0.082369,-1.094744,-0.091468,1.094801,-1.926338,-0.383047,1.226783,0.274691,-0.158488,0.116222,0.796572,-0.055863,-1.094332,0.002130,-1.990741
29.007090,-0.735564,-0.599348,1.625344,0.042400,-1.297255,0.165405,-0.528523,-0.115285,-0.384353,0.834011,-0.212089,-0.458158,0.017882,-0.081545,-1.095055,-0.091229,1.096393,-1.926448,-0.385207,1.226784,0.270690,-0.155742,0.117473,0.795474,-0.055261,-1.088369,0.000853,-1.988195
29.008029,-0.736173,-0.593762,1.624796,0.042738,-1.295379,0.168063,-0.527524,-0.115285,-0.384353,0.834011,-0.212089,-0.458158,0.017882,-0.081545,-1.095055,-0.091229,1.096393,-1.926448,-0.385207,1.226784,0.270690,-0.155742,0.117473,0.795474,-0.055261,-1.088369,0.000853,-1.988195
29.009061,-0.733834,-0.593668,1.619136,0.044113,-1.291309,0.167319,-0.528328,-0.118837,-0.381046,0.831709,-0.220114,-0.455371,0.017853,-0.080944,-1.095366,-0.091005,1.097983,-1.926561,-0.387386,1.226782,0.266763,-0.155804,0.114588,0.796621,-0.055856,-1.091313,-0.000077,-1.985099
29.009950,-0.734529,-0.588490,1.619699,0.043964,-1.289043,0.167549,-0.527078,-0.118837,-0.381046,0.831709,-0.220114,-0.455371,0.017853,-0.080944,-1.095366,-0.091005,1.097983,-1.926561,-0.387386,1.226782,0.266763,-0.155804,0.114588,0.796621,-0.055856,-1.091313,-0.000077,-1.985099
29.011056,-0.738107,-0.582787,1.614551,0.044974,-1.285526,0.167759,-0.529158,-0.151212,-0.361855,0.800297,-0.225382,-0.456976,0.017655,-0.080920,-1.095668,-0.090794,1.099583,-1.926670,-0.389571,1.226784,0.262786,-0.152945,0.109271,0.797053,-0.055692,-1.094249,0.000442,-1.979927
29.012019,-0.741368,-0.585843,1.612480,0.046592,-1.282718,0.169338,-0.527790,-0.151212,-0.361855,0.800297,-0.225382,-0.456976,0.017655,-0.080920,-1.095668,-0.090794,1.099583,-1.926670,-0.389571,1.226784,0.262786,-0.152945,0.109271,0.797053,-0.055692,-1.094249,0.000442,-1.979927
29.013043,-0.750213,-0.586351,1.605877,0.047316,-1.280412,0.170686,-0.524510,-0.180926,-0.342228,0.770936,-0.227925,-0.459574,0.017470,-0.081112,-1.095814,-0.090679,1.100376,-1.926730,-0.390669,1.226780,0.260823,-0.150968,0.110759,0.796922,-0.056658,-1.095218,-0.000662,-1.980869
29.014088,-0.749315,-0.586122,1.604607,0.048489,-1.280506,0.169846,-0.529165,-0.221717,-0.317045,0.729982,-0.228313,-0.463658,0.017236,-0.081407,-1.095950,-0.090567,1.101177,-1.926785,-0.391753,1.226776,0.258822,-0.146389,0.111036,0.799524,-0.056855,-1.096436,-0.001477,-1.985835
29.015094,-0.750578,-0.585383,1.600392,0.047579,-1.281277,0.170443,-0.530931,-0.333661,-0.256221,0.615961,-0.220310,-0.475837,0.016611,-0.082024,-1.096242,-0.090347,1.102768,-1.926898,-0.393949,1.226780,0.254905,-0.145755,0.110665,0.800985,-0.056050,-1.093102,-0.000252,-1.969990
29.016073,-0.750440,-0.585538,1.604000,0.048205,-1.282350,0.170250,-0.526231,-0.333661,-0.256221,0.615961,-0.220310,-0.475837,0.016611,-0.082024,-1.096242,-0.090347,1.102768,-1.926898,-0.393949,1.226780,0.254905,-0.145755,0.110665,0.800985,-0.056050,-1.093102,-0.000252,-1.969990
29.017197,-0.745743,-0.587656,1.604198,0.046651,-1.280835,0.170493,-0.525084,-0.395593,-0.224742,0.552683,-0.213803,-0.482748,0.016278,-0.082298,-1.096384,-0.090237,1.103564,-1.926952,-0.395029,1.226780,0.252905,-0.145561,0.110741,0.798095,-0.056183,-1.090556,0.000425,-1.977613
29.018047,-0.745856,-0.586188,1.604744,0.047434,-1.283063,0.170898,-0.525264,-0.451826,-0.197307,0.495247,-0.206782,-0.489083,0.016059,-0.082631,-1.096534,-0.090124,1.104353,-1.927004,-0.396129,1.226781,0.250944,-0.147779,0.111964,0.798325,-0.054269,-1.091804,0.000724,-1.978998
29.018999,-0.739536,-0.582085,1.595865,0.046477,-1.285042,0.170571,-0.526824,-0.529777,-0.162121,0.415790,-0.193289,-0.497757,0.016246,-0.083276,-1.096831,-0.089909,1.105955,-1.927108,-0.398282,1.226786,0.246990,-0.149959,0.108996,0.798941,-0.053050,-1.083172,0.001502,-1.970847
29.019997,-0.745474,-0.581251,1.599117,0.046568,-1.280028,0.171197,-0.522634,-0.529777,-0.162121,0.415790,-0.193289,-0.497757,0.016246,-0.083276,-1.096831,-0.089909,1.105955,-1.927108,-0.398282,1.226786,0.246990,-0.149959,0.108996,0.798941,-0.053050,-1.083172,0.001502,-1.970847
29.021088,-0.749002,-0.577197,1.607137,0.044897,-1.283492,0.172903,-0.523279,-0.555988,-0.149010,0.389311,-0.188529,-0.500243,0.016525,-0.083532,-1.096974,-0.089801,1.106740,-1.927159,-0.399373,1.226785,0.245014,-0.146680,0.108642,0.796516,-0.052724,-1.086849,0.001362,-1.977653
29.022021,-0.739137,-0.572977,1.600847,0.045990,-1.287352,0.173158,-0.524991,-0.576961,-0.135477,0.368372,-0.186325,-0.501680,0.016810,-0.083736,-1.097115,-0.089699,1.107523,-1.927206,-0.400438,1.226782,0.243040,-0.144835,0.106838,0.792574,-0.050791,-1.083050,0.000193,-1.975163
29.022993,-0.731255,-0.570197,1.600436,0.046481,-1.290336,0.172900,-0.522776,-0.598223,-0.108079,0.348695,-0.189342,-0.501162,0.017809,-0.083571,-1.097433,-0.089496,1.109108,-1.927310,-0.402580,1.226788,0.239116,-0.152738,0.103476,0.793495,-0.051433,-1.072919,0.001115,-1.972385
29.024014,-0.743533,-0.571304,1.601074,0.044231,-1.289075,0.172799,-0.522645,-0.598223,-0.108079,0.348695,-0.189342,-0.501162,0.017809,-0.083571,-1.097433,-0.089496,1.109108,-1.927310,-0.402580,1.226788,0.239116,-0.152738,0.103476,0.793495,-0.051433,-1.072919,0.001115,-1.972385
29.025052,-0.750737,-0.570006,1.606208,0.043758,-1.291973,0.173952,-0.521681,-0.596971,-0.096471,0.351260,-0.192642,-0.499597,0.018619,-0.083182,-1.097568,-0.089393,1.109905,-1.927353,-0.403650,1.226790,0.237130,-0.146382,0.104178,0.792471,-0.048929,-1.073251,0.001697,-1.971017
29.026091,-0.746689,-0.569710,1.610440,0.043237,-1.290374,0.174537,-0.522146,-0.591304,-0.070652,0.359176,-0.205320,-0.497137,0.019627,-0.082121,-1.097854,-0.089187,1.111468,-1.927449,-0.405780,1.226784,0.233200,-0.144502,0.103703,0.787069,-0.047332,-1.070429,0.001003,-1.969214
29.026961,-0.734828,-0.571498,1.612095,0.044674,-1.283870,0.175941,-0.521085,-0.591304,-0.070652,0.359176,-0.205320,-0.497137,0.019627,-0.082121,-1.097854,-0.089187,1.111468,-1.927449,-0.405780,1.226784,0.233200,-0.144502,0.103703,0.787069,-0.047332,-1.070429,0.001003,-1.969214
29.028047,-0.730002,-0.566738,1.607201,0.044441,-1.281687,0.175727,-0.521350,-0.578736,-0.063217,0.372933,-0.212906,-0.495750,0.020183,-0.081515,-1.098016,-0.089084,1.112240,-1.927501,-0.406864,1.226784,0.231220,-0.149793,0.104534,0.784532,-0.048233,-1.074410,0.000017,-1.968847
29.028980,-0.737025,-0.566349,1.607703,0.045469,-1.274960,0.176361,-0.520004,-0.549925,-0.066286,0.403181,-0.218845,-0.493416,0.021250,-0.080908,-1.098173,-0.088986,1.113034,-1.927546,-0.407948,1.226787,0.229273,-0.151881,0.102408,0.786937,-0.047768,-1.076070,0.000762,-1.967276
29.030131,-0.741345,-0.562882,1.611574,0.044975,-1.276346,0.176688,-0.520507,-0.510694,-0.076263,0.443878,-0.223145,-0.490625,0.022702,-0.080383,-1.098313,-0.088885,1.113819,-1.927596,-0.409026,1.226785,0.227296,-0.148008,0.102279,0.785338,-0.048370,-1.080933,0.000589,-1.967893
29.031079,-0.737226,-0.559138,1.611921,0.044848,-1.273590,0.177664,-0.521195,-0.470703,-0.087399,0.485061,-0.226576,-0.488180,0.024245,-0.080008,-1.098456,-0.088788,1.114593,-1.927644,-0.410109,1.226786,0.225350,-0.145833,0.100924,0.784105,-0.047639,-1.079610,0.000817,-1.966239
29.031986,-0.730604,-0.558672,1.612646,0.046417,-1.270723,0.178107,-0.519127,-0.433820,-0.097041,0.522913,-0.230142,-0.486272,0.025760,-0.079781,-1.098608,-0.088693,1.115376,-1.927689,-0.411185,1.226786,0.223388,-0.147497,0.099173,0.782782,-0.047178,-1.080656,0.000303,-1.962902
29.033019,-0.726078,-0.556844,1.620516,0.045838,-1.269345,0.178091,-0.516310,-0.396970,-0.106854,0.560764,-0.233810,-0.484403,0.027380,-0.079664,-1.098765,-0.088594,1.116149,-1.927740,-0.412275,1.226786,0.221410,-0.150262,0.098992,0.781016,-0.048274,-1.081258,0.000308,-1.964819
29.034104,-0.727922,-0.555088,1.621098,0.045018,-1.267340,0.177015,-0.519064,-0.353487,-0.121478,0.605404,-0.236439,-0.481747,0.029335,-0.079624,-1.098923,-0.088497,1.116922,-1.927785,-0.413367,1.226790,0.219449,-0.152137,0.098300,0.776752,-0.047428,-1.081538,0.000807,-1.969064
29.035089,-0.735235,-0.557552,1.624755,0.045673,-1.270639,0.178967,-0.520285,-0.301376,-0.142255,0.658832,-0.238421,-0.477872,0.031559,-0.079593,-1.099070,-0.088402,1.117703,-1.927830,-0.414460,1.226795,0.217489,-0.151014,0.097747,0.776568,-0.046403,-1.082963,0.002395,-1.962363
29.035983,-0.734935,-0.557973,1.615687,0.045458,-1.267991,0.179096,-0.517249,-0.246755,-0.166339,0.714743,-0.240286,-0.473229,0.033737,-0.079505,-1.099210,-0.088301,1.118468,-1.927878,-0.415524,1.226793,0.215523,-0.147089,0.099107,0.774086,-0.046704,-1.078344,0.000906,-1.958212
29.037041,-0.735152,-0.555865,1.621299,0.045006,-1.271190,0.178113,-0.516784,-0.197847,-0.190790,0.764651,-0.241188,-0.468655,0.035611,-0.079399,-1.099356,-0.088200,1.119254,-1.927924,-0.416605,1.226794,0.213568,-0.146831,0.099299,0.777007,-0.046091,-1.078738,0.001226,-1.962103
29.038047,-0.726155,-0.555505,1.615445,0.041424,-1.273065,0.179034,-0.518089,-0.158548,-0.213836,0.804691,-0.241034,-0.464521,0.037042,-0.079354,-1.099503,-0.088104,1.120030,-1.927969,-0.417662,1.226799,0.211601,-0.146508,0.098507,0.774020,-0.045421,-1.074997,0.002709,-1.961709
29.038971,-0.724933,-0.554220,1.615332,0.042636,-1.279188,0.179879,-0.518472,-0.126886,-0.235272,0.837193,-0.241552,-0.460544,0.037966,-0.079350,-1.099664,-0.088007,1.120804,-1.928005,-0.418729,1.226798,0.209666,-0.150602,0.098523,0.776460,-0.041732,-1.072043,0.002263,-1.957582
29.040083,-0.726259,-0.546122,1.617532,0.040191,-1.279882,0.181047,-0.516773,-0.099792,-0.255789,0.865440,-0.243933,-0.456457,0.038426,-0.079326,-1.099811,-0.087909,1.121581,-1.928050,-0.419773,1.226798,0.207709,-0.150764,0.097936,0.775186,-0.042657,-1.064225,0.001873,-1.954753
29.041003,-0.732098,-0.547199,1.620316,0.044506,-1.279190,0.181295,-0.517023,-0.077711,-0.273776,0.888918,-0.248376,-0.452414,0.038545,-0.079278,-1.099959,-0.087821,1.122342,-1.928085,-0.420836,1.226797,0.205760,-0.149945,0.094302,0.774618,-0.040229,-1.063565,0.001250,-1.957333
29.041977,-0.726574,-0.544172,1.617494,0.043546,-1.282026,0.180778,-0.517126,-0.053816,-0.296781,0.915451,-0.258459,-0.445498,0.038457,-0.079069,-1.100251,-0.087636,1.123888,-1.928175,-0.422949,1.226801,0.201842,-0.149083,0.093670,0.772559,-0.042961,-1.058297,0.002438,-1.952699
29.043081,-0.731122,-0.541140,1.625933,0.045177,-1.282183,0.182369,-0.514635,-0.048504,-0.305378,0.921726,-0.260264,-0.442709,0.038594,-0.078804,-1.100394,-0.087544,1.124644,-1.928222,-0.424011,1.226799,0.199861,-0.146673,0.092545,0.768813,-0.044381,-1.058067,0.001380,-1.956685
29.044031,-0.734523,-0.541134,1.626574,0.042669,-1.278139,0.182833,-0.517466,-0.048504,-0.305378,0.921726,-0.260264,-0.442709,0.038594,-0.078804,-1.100394,-0.087544,1.124644,-1.928222,-0.424011,1.226799,0.199861,-0.146673,0.092545,0.768813,-0.044381,-1.058067,0.001380,-1.956685
29.044973,-0.737097,-0.541301,1.622396,0.044339,-1.276228,0.183282,-0.516566,-0.044929,-0.312900,0.926142,-0.260675,-0.440290,0.038849,-0.078416,-1.100531,-0.087451,1.125410,-1.928260,-0.425062,1.226802,0.197938,-0.144720,0.092713,0.767585,-0.041693,-1.060677,0.001371,-1.949128
29.046045,-0.745151,-0.538953,1.618772,0.042337,-1.278645,0.183737,-0.516044,-0.052056,-0.320386,0.920107,-0.260482,-0.437892,0.038949,-0.077366,-1.100801,-0.087269,1.126948,-1.928341,-0.427183,1.226806,0.194050,-0.139097,0.092143,0.770547,-0.041038,-1.058078,0.001425,-1.949029
29.047067,-0.749118,-0.538897,1.620516,0.044734,-1.277316,0.184963,-0.515123,-0.072799,-0.315710,0.899375,-0.259962,-0.439172,0.038415,-0.076854,-1.100933,-0.087177,1.127720,-1.928388,-0.428233,1.226805,0.192098,-0.137051,0.092397,0.769265,-0.043173,-1.058665,0.000699,-1.949428
29.047991,-0.750639,-0.537907,1.613514,0.046078,-1.270879,0.185996,-0.514745,-0.105346,-0.306182,0.866348,-0.257454,-0.442311,0.037608,-0.076437,-1.101068,-0.087086,1.128489,-1.928432,-0.429313,1.226807,0.190172,-0.136034,0.092039,0.771605,-0.044185,-1.063147,0.000109,-1.948216
29.049111,-0.750416,-0.535236,1.623580,0.045759,-1.272779,0.187345,-0.516201,-0.105346,-0.306182,0.866348,-0.257454,-0.442311,0.037608,-0.076437,-1.101068,-0.087086,1.128489,-1.928432,-0.429313,1.226807,0.190172,-0.136034,0.092039,0.771605,-0.044185,-1.063147,0.000109,-1.948216
29.050114,-0.743789,-0.530487,1.628201,0.044769,-1.267734,0.187285,-0.516658,-0.144166,-0.295054,0.826647,-0.251938,-0.446738,0.036813,-0.076159,-1.101203,-0.086997,1.129251,-1.928474,-0.430379,1.226804,0.188194,-0.136175,0.091141,0.767085,-0.043734,-1.061180,-0.000678,-1.944334
29.051015,-0.743767,-0.529469,1.625680,0.043863,-1.266925,0.186102,-0.516429,-0.203905,-0.281238,0.765455,-0.239129,-0.454931,0.036159,-0.076029,-1.101486,-0.086823,1.130775,-1.928554,-0.432508,1.226811,0.184347,-0.138898,0.088737,0.764339,-0.041442,-1.063879,0.001480,-1.940366
29.052026,-0.749076,-0.527368,1.629527,0.045249,-1.264118,0.186344,-0.515563,-0.203905,-0.281238,0.765455,-0.239129,-0.454931,0.036159,-0.076029,-1.101486,-0.086823,1.130775,-1.928554,-0.432508,1.226811,0.184347,-0.138898,0.088737,0.764339,-0.041442,-1.063879,0.001480,-1.940366
29.053076,-0.744497,-0.528171,1.626082,0.045266,-1.267971,0.186776,-0.513233,-0.219942,-0.279373,0.749079,-0.234507,-0.457695,0.036243,-0.076131,-1.101616,-0.086735,1.131539,-1.928599,-0.433565,1.226811,0.182408,-0.136137,0.087986,0.762010,-0.042583,-1.065782,0.001716,-1.940652
29.054042,-0.747835,-0.518496,1.632826,0.044184,-1.267690,0.187377,-0.517141,-0.239921,-0.281099,0.728263,-0.224672,-0.461394,0.036827,-0.076559,-1.101888,-0.086570,1.133053,-1.928681,-0.435689,1.226810,0.178548,-0.136453,0.084244,0.759687,-0.041145,-1.060120,0.001671,-1.934500
29.055137,-0.743323,-0.519923,1.629696,0.043753,-1.270934,0.188089,-0.519398,-0.239921,-0.281099,0.728263,-0.224672,-0.461394,0.036827,-0.076559,-1.101888,-0.086570,1.133053,-1.928681,-0.435689,1.226810,0.178548,-0.136453,0.084244,0.759687,-0.041145,-1.060120,0.001671,-1.934500
29.056128,-0.731329,-0.517625,1.634133,0.042597,-1.272223,0.187798,-0.516622,-0.246490,-0.281456,0.721439,-0.220943,-0.462244,0.037268,-0.076768,-1.102031,-0.086482,1.133820,-1.928720,-0.436738,1.226811,0.176613,-0.138642,0.085425,0.761619,-0.040668,-1.056795,0.001489,-1.929102
29.057051,-0.729263,-0.517157,1.627040,0.043442,-1.270607,0.187999,-0.513581,-0.247373,-0.283186,0.720630,-0.218453,-0.461976,0.037865,-0.076939,-1.102187,-0.086399,1.134568,-1.928757,-0.437790,1.226815,0.174684,-0.144258,0.084595,0.758993,-0.039417,-1.054430,0.002249,-1.933207
29.058152,-0.736433,-0.514760,1.636624,0.042277,-1.274371,0.189365,-0.516198,-0.237737,-0.290043,0.730558,-0.216138,-0.460160,0.038724,-0.077118,-1.102332,-0.086315,1.135333,-1.928798,-0.438832,1.226814,0.172735,-0.144858,0.084605,0.761425,-0.040030,-1.054439,0.002498,-1.937233
29.059062,-0.738604,-0.514586,1.636289,0.042322,-1.272964,0.189852,-0.517996,-0.220488,-0.300617,0.747993,-0.213494,-0.457111,0.039755,-0.077305,-1.102467,-0.086233,1.136074,-1.928834,-0.439874,1.226813,0.170830,-0.141220,0.083903,0.757240,-0.038876,-1.050706,0.001664,-1.931136
29.060122,-0.733875,-0.515085,1.635608,0.040039,-1.274860,0.191607,-0.514706,-0.200853,-0.311881,0.767518,-0.210793,-0.453427,0.040787,-0.077466,-1.102606,-0.086148,1.136829,-1.928873,-0.440926,1.226814,0.168906,-0.139823,0.084025,0.756296,-0.038733,-1.050290,0.001626,-1.925512
29.061044,-0.723262,-0.511034,1.638709,0.038885,-1.278507,0.190991,-0.512141,-0.180129,-0.323263,0.787963,-0.208542,-0.449391,0.041735,-0.077619,-1.102752,-0.086063,1.137592,-1.928905,-0.441963,1.226811,0.166949,-0.142030,0.084679,0.756693,-0.036502,-1.048094,0.000395,-1.930968
29.061980,-0.719171,-0.509704,1.639275,0.039467,-1.276842,0.190729,-0.514590,-0.120298,-0.353631,0.847906,-0.208178,-0.439537,0.043780,-0.077854,-1.103061,-0.085898,1.139090,-1.928976,-0.444036,1.226815,0.163107,-0.148392,0.082499,0.753013,-0.035742,-1.043090,0.002175,-1.927274
29.063044,-0.722313,-0.510993,1.644925,0.038427,-1.275826,0.190909,-0.514015,-0.075737,-0.375438,0.892840,-0.209320,-0.433630,0.045163,-0.077752,-1.103205,-0.085813,1.139841,-1.929008,-0.445083,1.226818,0.161163,-0.146619,0.083574,0.750409,-0.034791,-1.043779,0.002496,-1.927339
29.063970,-0.726341,-0.510808,1.641537,0.039808,-1.269365,0.190485,-0.513083,-0.026658,-0.400245,0.942037,-0.209862,-0.427922,0.046647,-0.077525,-1.103347,-0.085729,1.140588,-1.929046,-0.446145,1.226822,0.159245,-0.144248,0.083708,0.751214,-0.036025,-1.048473,0.003354,-1.927293
29.065108,-0.728069,-0.509714,1.652966,0.039969,-1.270630,0.192487,-0.512303,-0.026658,-0.400245,0.942037,-0.209862,-0.427922,0.046647,-0.077525,-1.103347,-0.085729,1.140588,-1.929046,-0.446145,1.226822,0.159245,-0.144248,0.083708,0.751214,-0.036025,-1.048473,0.003354,-1.927293
29.066005,-0.723938,-0.510782,1.643298,0.039911,-1.260619,0.193091,-0.512538,0.022007,-0.426237,0.990367,-0.208663,-0.423073,0.048126,-0.077204,-1.103490,-0.085645,1.141329,-1.929082,-0.447180,1.226823,0.157306,-0.143352,0.083677,0.746442,-0.036217,-1.047637,0.001880,-1.928188
29.067050,-0.721040,-0.508779,1.647186,0.041297,-1.262603,0.194276,-0.512159,0.114704,-0.481473,1.081505,-0.199012,-0.416550,0.051074,-0.076172,-1.103790,-0.085474,1.142823,-1.929153,-0.449313,1.226824,0.153479,-0.146137,0.083770,0.748311,-0.037408,-1.052812,0.001041,-1.925244
29.067981,-0.722378,-0.509949,1.642545,0.040876,-1.258351,0.194033,-0.512101,0.114704,-0.481473,1.081505,-0.199012,-0.416550,0.051074,-0.076172,-1.103790,-0.085474,1.142823,-1.929153,-0.449313,1.226824,0.153479,-0.146137,0.083770,0.748311,-0.037408,-1.052812,0.001041,-1.925244
29.069102,-0.730596,-0.508925,1.648285,0.043495,-1.256111,0.195279,-0.513234,0.156784,-0.510347,1.122455,-0.189979,-0.414992,0.052500,-0.075562,-1.103934,-0.085387,1.143576,-1.929190,-0.450370,1.226827,0.151544,-0.145079,0.084575,0.749713,-0.036824,-1.055405,0.001731,-1.923397
29.070048,-0.732838,-0.506969,1.645643,0.040595,-1.255615,0.196541,-0.512588,0.192359,-0.538480,1.156489,-0.177854,-0.414698,0.053810,-0.075016,-1.104069,-0.085303,1.144325,-1.929234,-0.451439,1.226827,0.149640,-0.140957,0.084557,0.747554,-0.039327,-1.057614,0.001021,-1.920478
29.071044,-0.734994,-0.497471,1.646892,0.039684,-1.249471,0.196708,-0.511595,0.229225,-0.580086,1.189510,-0.150132,-0.417603,0.055577,-0.074317,-1.104342,-0.085149,1.145803,-1.929298,-0.453552,1.226826,0.145812,-0.138356,0.079548,0.747400,-0.035501,-1.061647,0.000558,-1.920569
29.072114,-0.733706,-0.492751,1.653487,0.040264,-1.251279,0.197206,-0.511623,0.229225,-0.580086,1.189510,-0.150132,-0.417603,0.055577,-0.074317,-1.104342,-0.085149,1.145803,-1.929298,-0.453552,1.226826,0.145812,-0.138356,0.079548,0.747400,-0.035501,-1.061647,0.000558,-1.920569
29.073079,-0.736422,-0.495509,1.655418,0.041228,-1.251166,0.196650,-0.509659,0.229312,-0.586828,1.188173,-0.140860,-0.419789,0.055901,-0.074278,-1.104484,-0.085073,1.146543,-1.929338,-0.454611,1.226827,0.143890,-0.138891,0.077743,0.744502,-0.036004,-1.059375,0.000576,-1.919472
29.073973,-0.733140,-0.491525,1.657456,0.040370,-1.252474,0.196598,-0.508528,0.216491,-0.586963,1.173748,-0.127101,-0.422557,0.056572,-0.074821,-1.104757,-0.084917,1.148024,-1.929409,-0.456709,1.226827,0.140039,-0.138625,0.077760,0.740905,-0.035887,-1.054880,0.002094,-1.921837
29.075148,-0.731312,-0.490455,1.659649,0.039382,-1.258764,0.197710,-0.508552,0.211157,-0.587549,1.168064,-0.120401,-0.422558,0.057129,-0.075179,-1.104896,-0.084838,1.148772,-1.929440,-0.457740,1.226828,0.138119,-0.139590,0.077874,0.741056,-0.035100,-1.049447,0.001539,-1.921412
29.076068,-0.728519,-0.494848,1.657876,0.038259,-1.261218,0.196099,-0.509250,0.211157,-0.587549,1.168064,-0.120401,-0.422558,0.057129,-0.075179,-1.104896,-0.084838,1.148772,-1.929440,-0.457740,1.226828,0.138119,-0.139590,0.077874,0.741056,-0.035100,-1.049447,0.001539,-1.921412
29.076970,-0.727875,-0.495229,1.654829,0.038031,-1.261437,0.196845,-0.507837,0.208254,-0.590420,1.165068,-0.114075,-0.421596,0.057741,-0.075464,-1.105038,-0.084754,1.149507,-1.929470,-0.458783,1.226837,0.136193,-0.140632,0.080330,0.741119,-0.033984,-1.045336,0.003574,-1.918017
29.078031,-0.737676,-0.493025,1.658982,0.036686,-1.261961,0.198653,-0.508741,0.207692,-0.597252,1.164402,-0.107576,-0.419938,0.058244,-0.075696,-1.105177,-0.084673,1.150250,-1.929503,-0.459829,1.226839,0.134287,-0.140596,0.080738,0.741578,-0.033710,-1.043265,0.003233,-1.918875
29.079038,-0.732730,-0.488029,1.653642,0.037165,-1.261719,0.199533,-0.511510,0.206161,-0.606029,1.162603,-0.101302,-0.418113,0.058470,-0.075918,-1.105302,-0.084595,1.150992,-1.929533,-0.460860,1.226839,0.132364,-0.135703,0.080121,0.739786,-0.032474,-1.042547,0.001932,-1.915940
29.080056,-0.733211,-0.485009,1.653983,0.036125,-1.258581,0.201438,-0.507231,0.198657,-0.612059,1.154762,-0.096394,-0.416708,0.058318,-0.076108,-1.105446,-0.084521,1.151732,-1.929568,-0.461900,1.226840,0.130455,-0.138003,0.078069,0.742367,-0.032950,-1.041978,0.001551,-1.908987
29.081065,-0.740362,-0.477592,1.658706,0.036025,-1.259471,0.200916,-0.505039,0.183995,-0.612855,1.139830,-0.093462,-0.415926,0.057869,-0.076248,-1.105581,-0.084447,1.152477,-1.929597,-0.462947,1.226838,0.128546,-0.137607,0.077046,0.742064,-0.031998,-1.044367,0.000145,-1.916389
29.082023,-0.747950,-0.473741,1.656512,0.036193,-1.258922,0.202211,-0.508621,0.162966,-0.607197,1.118610,-0.093243,-0.415775,0.057224,-0.076388,-1.105707,-0.084380,1.153218,-1.929629,-0.463980,1.226840,0.126614,-0.133964,0.073875,0.739561,-0.031966,-1.042714,0.001169,-1.919281
29.082990,-0.748762,-0.471723,1.655251,0.037531,-1.261740,0.201084,-0.510040,0.133175,-0.592505,1.088656,-0.096353,-0.416576,0.056367,-0.076505,-1.105831,-0.084311,1.153955,-1.929661,-0.465025,1.226838,0.124737,-0.130080,0.072429,0.740177,-0.032128,-1.041939,0.000337,-1.910458
29.084010,-0.748509,-0.473390,1.654739,0.037687,-1.257209,0.200633,-0.506060,0.043927,-0.538687,0.998976,-0.106721,-0.422028,0.054173,-0.076349,-1.106088,-0.084166,1.155436,-1.929733,-0.467099,1.226848,0.120924,-0.129675,0.073211,0.740541,-0.033502,-1.041875,0.002846,-1.912851
29.084989,-0.747484,-0.469713,1.660017,0.037487,-1.250650,0.202554,-0.505137,-0.003877,-0.509846,0.950951,-0.110523,-0.425899,0.053136,-0.076097,-1.106215,-0.084097,1.156170,-1.929766,-0.468164,1.226846,0.119007,-0.130098,0.071831,0.737575,-0.033275,-1.047132,0.001387,-1.913059
29.086095,-0.743038,-0.465333,1.660981,0.038069,-1.252919,0.202638,-0.508512,-0.044319,-0.484793,0.910485,-0.113274,-0.429581,0.052397,-0.075708,-1.106351,-0.084030,1.156916,-1.929802,-0.469197,1.226851,0.117106,-0.132336,0.070324,0.737778,-0.033893,-1.044978,0.001838,-1.905504
29.086992,-0.742206,-0.466690,1.658840,0.039001,-1.251847,0.204781,-0.509441,-0.044319,-0.484793,0.910485,-0.113274,-0.429581,0.052397,-0.075708,-1.106351,-0.084030,1.156916,-1.929802,-0.469197,1.226851,0.117106,-0.132336,0.070324,0.737778,-0.033893,-1.044978,0.001838,-1.905504
29.088030,-0.749607,-0.469829,1.652520,0.038058,-1.252795,0.205175,-0.508336,-0.075275,-0.464695,0.879668,-0.114386,-0.432807,0.052073,-0.075175,-1.106483,-0.083956,1.157647,-1.929838,-0.470236,1.226848,0.115222,-0.132453,0.071346,0.737863,-0.034697,-1.044214,0.000128,-1.901729
29.089057,-0.750368,-0.463198,1.658853,0.036701,-1.248708,0.206528,-0.507270,-0.100971,-0.449041,0.853947,-0.112850,-0.436036,0.051993,-0.074611,-1.106604,-0.083880,1.158396,-1.929871,-0.471290,1.226850,0.113307,-0.128791,0.073414,0.741088,-0.033778,-1.042604,0.000244,-1.902791
29.090118,-0.745695,-0.455566,1.659981,0.036230,-1.250407,0.205991,-0.508110,-0.153366,-0.419515,0.801074,-0.108166,-0.443417,0.051630,-0.073818,-1.106867,-0.083754,1.159860,-1.929931,-0.473378,1.226851,0.109514,-0.130709,0.067526,0.737903,-0.032175,-1.043987,0.000453,-1.901032
29.091110,-0.736539,-0.456856,1.656646,0.036758,-1.252513,0.206667,-0.510177,-0.174779,-0.404228,0.779975,-0.108102,-0.446370,0.051585,-0.073603,-1.107009,-0.083684,1.160609,-1.929964,-0.474406,1.226851,0.107616,-0.135054,0.068704,0.739214,-0.032723,-1.041039,0.000253,-1.895445
29.092042,-0.729052,-0.447794,1.658373,0.036019,-1.246678,0.208081,-0.511971,-0.174779,-0.404228,0.779975,-0.108102,-0.446370,0.051585,-0.073603,-1.107009,-0.083684,1.160609,-1.929964,-0.474406,1.226851,0.107616,-0.135054,0.068704,0.739214,-0.032723,-1.041039,0.000253,-1.895445
29.093117,-0.742873,-0.441870,1.663966,0.038775,-1.251152,0.208925,-0.507074,-0.186584,-0.392062,0.768941,-0.108459,-0.448001,0.051953,-0.073486,-1.107155,-0.083626,1.161336,-1.929996,-0.475453,1.226851,0.105748,-0.138407,0.064687,0.737694,-0.031951,-1.045341,-0.000714,-1.890189
29.094043,-0.748775,-0.443789,1.666753,0.035410,-1.254287,0.208805,-0.505888,-0.193189,-0.367347,0.764089,-0.109262,-0.447874,0.053949,-0.073787,-1.107397,-0.083502,1.162794,-1.930059,-0.477502,1.226847,0.101918,-0.128514,0.063939,0.733384,-0.031415,-1.036205,-0.000422,-1.899549
29.095033,-0.738849,-0.444331,1.668730,0.034461,-1.258412,0.209221,-0.507738,-0.193189,-0.367347,0.764089,-0.109262,-0.447874,0.053949,-0.073787,-1.107397,-0.083502,1.162794,-1.930059,-0.477502,1.226847,0.101918,-0.128514,0.063939,0.733384,-0.031415,-1.036205,-0.000422,-1.899549
29.096014,-0.732032,-0.443991,1.674481,0.034924,-1.256805,0.209437,-0.510390,-0.196398,-0.352249,0.761634,-0.110306,-0.446978,0.055107,-0.074161,-1.107542,-0.083437,1.163527,-1.930088,-0.478536,1.226850,0.100053,-0.133267,0.064751,0.732207,-0.030591,-1.031162,-0.000378,-1.894493
29.097041,-0.731178,-0.439433,1.678953,0.032971,-1.257815,0.209260,-0.508766,-0.190038,-0.343134,0.768971,-0.111495,-0.444804,0.056521,-0.074511,-1.107686,-0.083371,1.164256,-1.930119,-0.479560,1.226849,0.098173,-0.136372,0.065114,0.729091,-0.031125,-1.031933,-0.000104,-1.887762
29.097997,-0.728194,-0.439863,1.677921,0.032941,-1.260247,0.208684,-0.505761,-0.168142,-0.343544,0.792177,-0.112226,-0.440888,0.058431,-0.074799,-1.107823,-0.083312,1.164973,-1.930145,-0.480591,1.226852,0.096299,-0.136620,0.063481,0.727192,-0.029349,-1.030368,0.000560,-1.889990
29.099091,-0.731117,-0.441249,1.675726,0.030568,-1.258093,0.209243,-0.510166,-0.133702,-0.351125,0.828240,-0.113377,-0.435611,0.060681,-0.075069,-1.107961,-0.083247,1.165702,-1.930174,-0.481617,1.226854,0.094391,-0.137869,0.064231,0.727290,-0.029397,-1.026756,0.001593,-1.894347
29.100049,-0.735104,-0.436052,1.674457,0.030887,-1.262836,0.209956,-0.511196,-0.057016,-0.373617,0.908332,-0.118197,-0.424831,0.064841,-0.075463,-1.108225,-0.083120,1.167160,-1.930224,-0.483658,1.226854,0.090649,-0.134222,0.063535,0.729348,-0.027791,-1.023272,0.001314,-1.881199
29.101024,-0.735066,-0.432039,1.681655,0.031217,-1.262327,0.209775,-0.509013,-0.028340,-0.380700,0.938538,-0.122071,-0.421086,0.066385,-0.075605,-1.108357,-0.083062,1.167876,-1.930253,-0.484676,1.226857,0.088749,-0.134110,0.062145,0.725586,-0.028219,-1.022943,0.001961,-1.884096
29.102081,-0.735201,-0.429076,1.683322,0.030031,-1.259335,0.210423,-0.507128,-0.028340,-0.380700,0.938538,-0.122071,-0.421086,0.066385,-0.075605,-1.108357,-0.083062,1.167876,-1.930253,-0.484676,1.226857,0.088749,-0.134110,0.062145,0.725586,-0.028219,-1.022943,0.001961,-1.884096
29.103063,-0.732105,-0.422050,1.685969,0.030448,-1.257260,0.212409,-0.509344,-0.005038,-0.384540,0.963349,-0.126669,-0.418503,0.067779,-0.075746,-1.108494,-0.083003,1.168595,-1.930278,-0.485712,1.226856,0.086875,-0.133912,0.061354,0.725150,-0.027254,-1.025446,0.001813,-1.886788
29.104029,-0.736150,-0.423207,1.685775,0.031319,-1.252033,0.212098,-0.510055,0.016141,-0.386156,0.986182,-0.132298,-0.416742,0.069191,-0.075768,-1.108633,-0.082952,1.169319,-1.930305,-0.486748,1.226852,0.084999,-0.135162,0.058451,0.723164,-0.027774,-1.025947,0.000291,-1.880484
29.105143,-0.746310,-0.420803,1.690682,0.030205,-1.250089,0.211538,-0.505788,0.036211,-0.386090,1.007963,-0.138262,-0.415686,0.070738,-0.075570,-1.108760,-0.082888,1.170045,-1.930337,-0.487775,1.226854,0.083114,-0.132917,0.059529,0.722459,-0.028613,-1.029594,0.001052,-1.877177
29.106053,-0.750054,-0.420895,1.680825,0.030220,-1.243107,0.212212,-0.505281,0.052848,-0.384341,1.026053,-0.143582,-0.415583,0.072286,-0.075221,-1.108878,-0.082828,1.170755,-1.930362,-0.488810,1.226857,0.081227,-0.127927,0.058996,0.720589,-0.027715,-1.031141,0.002109,-1.884757
29.107084,-0.744852,-0.418765,1.677602,0.030484,-1.246341,0.213563,-0.507376,0.054081,-0.367838,1.029184,-0.152402,-0.419883,0.074119,-0.074345,-1.109133,-0.082709,1.172206,-1.930417,-0.490876,1.226858,0.077466,-0.128356,0.059016,0.725640,-0.028159,-1.031570,0.000953,-1.877712
29.108134,-0.741430,-0.415586,1.676734,0.030695,-1.244862,0.214597,-0.504849,0.054081,-0.367838,1.029184,-0.152402,-0.419883,0.074119,-0.074345,-1.109133,-0.082709,1.172206,-1.930417,-0.490876,1.226858,0.077466,-0.128356,0.059016,0.725640,-0.028159,-1.031570,0.000953,-1.877712
29.109034,-0.747983,-0.418803,1.679943,0.028708,-1.239954,0.214559,-0.504101,0.039226,-0.354804,1.015038,-0.154357,-0.423880,0.074495,-0.073832,-1.109269,-0.082652,1.172935,-1.930446,-0.491919,1.226858,0.075594,-0.129877,0.058070,0.725906,-0.028466,-1.032078,0.000404,-1.881485
29.110125,-0.747249,-0.414880,1.680351,0.029418,-1.240679,0.215623,-0.503217,0.021240,-0.342660,0.997732,-0.154475,-0.428125,0.074772,-0.073409,-1.109389,-0.082588,1.173657,-1.930470,-0.492952,1.226859,0.073709,-0.126350,0.060076,0.722964,-0.026572,-1.034741,0.000856,-1.880636
29.111045,-0.743694,-0.412741,1.679691,0.029693,-1.241418,0.215424,-0.505115,0.003021,-0.332950,0.980193,-0.153542,-0.432091,0.074947,-0.073129,-1.109515,-0.082531,1.174376,-1.930500,-0.493984,1.226858,0.071848,-0.126751,0.058776,0.723099,-0.027430,-1.033443,0.000292,-1.881331
29.111983,-0.744140,-0.410174,1.684784,0.027117,-1.244706,0.215958,-0.503945,-0.013991,-0.326066,0.963892,-0.151280,-0.435425,0.075123,-0.072957,-1.109644,-0.082475,1.175102,-1.930526,-0.495013,1.226863,0.069983,-0.128257,0.058207,0.722239,-0.027766,-1.030644,0.000891,-1.875366
29.113064,-0.750621,-0.408610,1.684490,0.026522,-1.247461,0.217420,-0.503662,-0.037048,-0.320861,0.942683,-0.145756,-0.438886,0.075728,-0.073036,-1.109890,-0.082362,1.176536,-1.930570,-0.497040,1.226865,0.066234,-0.124586,0.057357,0.719158,-0.025059,-1.022415,-0.000203,-1.875085
29.114123,-0.749010,-0.402075,1.688149,0.025898,-1.249052,0.216460,-0.503489,-0.047678,-0.318162,0.933255,-0.145019,-0.439295,0.075895,-0.073374,-1.110017,-0.082312,1.177252,-1.930592,-0.498051,1.226866,0.064358,-0.125367,0.054801,0.717387,-0.024699,-1.020219,0.001261,-1.874090
29.115047,-0.746388,-0.402660,1.685629,0.024087,-1.253014,0.217317,-0.501225,-0.059640,-0.313539,0.922769,-0.146096,-0.438993,0.075934,-0.073846,-1.110147,-0.082254,1.177962,-1.930614,-0.499056,1.226862,0.062494,-0.126401,0.055601,0.717711,-0.023058,-1.014454,0.000830,-1.876579
29.115993,-0.747991,-0.398243,1.684570,0.022208,-1.250141,0.216742,-0.502852,-0.059640,-0.313539,0.922769,-0.146096,-0.438993,0.075934,-0.073846,-1.110147,-0.082254,1.177962,-1.930614,-0.499056,1.226862,0.062494,-0.126401,0.055601,0.717711,-0.023058,-1.014454,0.000830,-1.876579
29.117034,-0.755326,-0.399594,1.686133,0.021487,-1.251806,0.218059,-0.502428,-0.071985,-0.307377,0.912228,-0.149646,-0.437970,0.075829,-0.074365,-1.110268,-0.082203,1.178682,-1.930633,-0.500078,1.226866,0.060627,-0.125427,0.053957,0.717334,-0.021446,-1.015652,0.001830,-1.871287
29.118124,-0.760324,-0.397955,1.685306,0.022773,-1.252432,0.218681,-0.502446,-0.086707,-0.298703,0.899494,-0.155985,-0.436573,0.075478,-0.074879,-1.110383,-0.082145,1.179402,-1.930652,-0.501078,1.226865,0.058740,-0.121792,0.055283,0.716425,-0.021053,-1.013288,0.000983,-1.870702
29.119030,-0.760344,-0.399230,1.682169,0.021219,-1.254107,0.217771,-0.500983,-0.134010,-0.273138,0.855386,-0.169551,-0.434968,0.074073,-0.075887,-1.110618,-0.082032,1.180835,-1.930691,-0.503084,1.226869,0.055010,-0.119262,0.056279,0.717552,-0.021373,-1.008804,0.002180,-1.870303
29.120036,-0.762625,-0.395756,1.686318,0.022178,-1.250150,0.219340,-0.504210,-0.134010,-0.273138,0.855386,-0.169551,-0.434968,0.074073,-0.075887,-1.110618,-0.082032,1.180835,-1.930691,-0.503084,1.226869,0.055010,-0.119262,0.056279,0.717552,-0.021373,-1.008804,0.002180,-1.870303
29.121064,-0.753539,-0.392597,1.686378,0.017211,-1.246477,0.219676,-0.504048,-0.164982,-0.258775,0.825372,-0.174127,-0.435201,0.073187,-0.076318,-1.110733,-0.081981,1.181540,-1.930712,-0.504103,1.226869,0.053178,-0.118114,0.055174,0.715237,-0.022606,-1.011649,0.001052,-1.862298
29.121998,-0.756813,-0.392381,1.686512,0.019392,-1.247419,0.220315,-0.498578,-0.193500,-0.245755,0.797673,-0.178648,-0.435532,0.072400,-0.076671,-1.110865,-0.081927,1.182258,-1.930720,-0.505129,1.226869,0.051310,-0.122555,0.054257,0.715022,-0.018178,-1.014271,0.001199,-1.861200
29.123018,-0.756584,-0.388332,1.685319,0.018523,-1.238635,0.221344,-0.499106,-0.229164,-0.227558,0.763746,-0.191317,-0.435388,0.071470,-0.077315,-1.111102,-0.081822,1.183684,-1.930762,-0.507167,1.226871,0.047556,-0.120843,0.053335,0.714434,-0.020002,-1.019301,0.000406,-1.867439
29.124083,-0.757804,-0.383704,1.684111,0.018954,-1.240739,0.221458,-0.504105,-0.229164,-0.227558,0.763746,-0.191317,-0.435388,0.071470,-0.077315,-1.111102,-0.081822,1.183684,-1.930762,-0.507167,1.226871,0.047556,-0.120843,0.053335,0.714434,-0.020002,-1.019301,0.000406,-1.867439
29.124976,-0.758409,-0.383640,1.684390,0.019982,-1.238733,0.222538,-0.502142,-0.241193,-0.219676,0.752370,-0.197375,-0.435579,0.071350,-0.077419,-1.111220,-0.081773,1.184403,-1.930783,-0.508171,1.226872,0.045717,-0.120280,0.051776,0.715123,-0.020741,-1.016601,0.000784,-1.856197
29.126084,-0.754540,-0.383315,1.685174,0.019336,-1.235628,0.222156,-0.496856,-0.253094,-0.210373,0.740925,-0.202192,-0.436333,0.071429,-0.077268,-1.111339,-0.081720,1.185119,-1.930806,-0.509194,1.226870,0.043840,-0.119785,0.052269,0.713688,-0.021898,-1.016409,0.000120,-1.857951
29.127013,-0.743828,-0.380955,1.684681,0.016464,-1.235092,0.223604,-0.497674,-0.264877,-0.198125,0.729623,-0.204356,-0.438412,0.072495,-0.076695,-1.111600,-0.081616,1.186545,-1.930838,-0.511234,1.226872,0.040110,-0.126807,0.052243,0.713102,-0.019112,-1.017895,-0.000028,-1.863770
29.128008,-0.737951,-0.378840,1.680365,0.017537,-1.231218,0.223825,-0.503358,-0.255352,-0.200005,0.739590,-0.203654,-0.438415,0.073563,-0.076188,-1.111734,-0.081567,1.187261,-1.930863,-0.512263,1.226873,0.038299,-0.129486,0.051861,0.714845,-0.020389,-1.020438,0.000214,-1.850861
29.129088,-0.744692,-0.375714,1.686706,0.015391,-1.234238,0.224335,-0.500181,-0.236813,-0.205893,0.758592,-0.202382,-0.437520,0.074911,-0.075506,-1.111855,-0.081518,1.187972,-1.930876,-0.513277,1.226873,0.036425,-0.126100,0.051070,0.711930,-0.018706,-1.016886,0.000198,-1.856190
29.130014,-0.749733,-0.373402,1.683848,0.015334,-1.230063,0.224981,-0.497740,-0.216748,-0.211284,0.778886,-0.201117,-0.436237,0.076248,-0.074866,-1.111974,-0.081468,1.188689,-1.930895,-0.514294,1.226873,0.034546,-0.123440,0.050496,0.712369,-0.018921,-1.019261,-0.000026,-1.858928
29.130965,-0.750290,-0.369660,1.678405,0.014729,-1.232994,0.225131,-0.499033,-0.202755,-0.211901,0.792788,-0.200137,-0.435096,0.077293,-0.074369,-1.112097,-0.081422,1.189399,-1.930913,-0.515307,1.226874,0.032688,-0.123015,0.049269,0.714362,-0.018603,-1.014649,0.000261,-1.854375
29.132086,-0.745540,-0.369215,1.682434,0.013579,-1.236610,0.224995,-0.501453,-0.202755,-0.211901,0.792788,-0.200137,-0.435096,0.077293,-0.074369,-1.112097,-0.081422,1.189399,-1.930913,-0.515307,1.226874,0.032688,-0.123015,0.049269,0.714362,-0.018603,-1.014649,0.000261,-1.854375
29.133067,-0.739230,-0.367886,1.692413,0.011499,-1.236753,0.225270,-0.500167,-0.196278,-0.207616,0.798945,-0.198930,-0.434098,0.078007,-0.073986,-1.112226,-0.081370,1.190110,-1.930929,-0.516301,1.226876,0.030865,-0.125421,0.049859,0.712958,-0.017917,-1.011146,0.000900,-1.848759
29.133969,-0.736559,-0.365734,1.693717,0.010804,-1.234217,0.226148,-0.499899,-0.187980,-0.204357,0.806927,-0.197370,-0.432284,0.078685,-0.073741,-1.112359,-0.081325,1.190803,-1.930943,-0.517312,1.226878,0.029041,-0.128337,0.049891,0.707648,-0.016231,-1.009707,0.001060,-1.849817
29.134994,-0.735822,-0.362470,1.697717,0.009355,-1.234989,0.227427,-0.498858,-0.167413,-0.207921,0.827392,-0.195816,-0.428633,0.079682,-0.073698,-1.112491,-0.081276,1.191510,-1.930960,-0.518327,1.226877,0.027192,-0.129312,0.049367,0.705922,-0.015824,-1.010199,0.000596,-1.848181
29.135964,-0.739430,-0.364516,1.694715,0.006444,-1.241477,0.226737,-0.499599,-0.133595,-0.218344,0.861368,-0.194580,-0.423072,0.081082,-0.073852,-1.112622,-0.081231,1.192217,-1.930971,-0.519320,1.226872,0.025334,-0.129526,0.048485,0.703820,-0.014882,-1.008667,-0.000187,-1.848825
29.136921,-0.738572,-0.358195,1.693677,0.005075,-1.240067,0.227205,-0.499867,-0.093064,-0.232186,0.902230,-0.194252,-0.416377,0.082629,-0.074131,-1.112745,-0.081176,1.192920,-1.930980,-0.520313,1.226875,0.023507,-0.127559,0.050107,0.704860,-0.012468,-1.000875,0.000950,-1.845644
29.138108,-0.738909,-0.360027,1.693883,0.004562,-1.239516,0.229642,-0.502175,-0.054221,-0.245107,0.941509,-0.195944,-0.409596,0.083931,-0.074459,-1.112872,-0.081134,1.193628,-1.930991,-0.521307,1.226873,0.021631,-0.127810,0.047616,0.704702,-0.011574,-1.001000,0.000919,-1.843184
29.139034,-0.732831,-0.364688,1.692312,0.004335,-1.240674,0.228914,-0.499631,-0.021615,-0.254710,0.974618,-0.199569,-0.403435,0.084892,-0.074776,-1.113001,-0.081082,1.194326,-1.931004,-0.522317,1.226870,0.019843,-0.127732,0.049449,0.705949,-0.011672,-1.002103,-0.000973,-1.838304
29.140110,-0.730934,-0.361187,1.696144,0.003735,-1.234918,0.228896,-0.498922,0.006757,-0.264237,1.003398,-0.202731,-0.398135,0.085721,-0.075059,-1.113137,-0.081023,1.195033,-1.931016,-0.523318,1.226874,0.018002,-0.130441,0.052255,0.705810,-0.011856,-0.999194,0.000188,-1.841499
29.141090,-0.737226,-0.362263,1.696743,0.003289,-1.233420,0.229475,-0.501462,0.036205,-0.278576,1.033014,-0.203494,-0.393582,0.086650,-0.075340,-1.113270,-0.080976,1.195738,-1.931027,-0.524321,1.226878,0.016147,-0.131259,0.051269,0.704239,-0.011794,-1.004646,0.000670,-1.841740
29.141989,-0.739012,-0.362792,1.695451,0.003215,-1.231589,0.229500,-0.500585,0.067639,-0.297613,1.064319,-0.202144,-0.389844,0.087706,-0.075603,-1.113391,-0.080920,1.196434,-1.931037,-0.525337,1.226880,0.014310,-0.127970,0.052395,0.703610,-0.011864,-1.004713,0.000524,-1.834945
29.143085,-0.740083,-0.356547,1.695212,0.006111,-1.224517,0.228923,-0.498057,0.120073,-0.339161,1.115347,-0.193763,-0.386706,0.089655,-0.076025,-1.113639,-0.080818,1.197850,-1.931068,-0.527374,1.226881,0.010639,-0.126349,0.050807,0.703728,-0.015473,-1.011192,0.001995,-1.838799
29.144028,-0.742567,-0.355071,1.691292,0.005145,-1.219556,0.229566,-0.497634,0.120073,-0.339161,1.115347,-0.193763,-0.386706,0.089655,-0.076025,-1.113639,-0.080818,1.197850,-1.931068,-0.527374,1.226881,0.010639,-0.126349,0.050807,0.703728,-0.015473,-1.011192,0.001995,-1.838799
29.145009,-0.743775,-0.352265,1.687857,0.003730,-1.211649,0.229129,-0.500514,0.134770,-0.356739,1.128791,-0.185712,-0.387684,0.090518,-0.076238,-1.113761,-0.080766,1.198552,-1.931082,-0.528399,1.226881,0.008822,-0.124938,0.050663,0.704993,-0.014859,-1.014329,0.001770,-1.837822
29.146032,-0.743952,-0.351596,1.688680,0.005323,-1.216172,0.228714,-0.501542,0.131714,-0.374804,1.122814,-0.167978,-0.393825,0.091438,-0.076267,-1.114008,-0.080667,1.199958,-1.931110,-0.530424,1.226890,0.005194,-0.124065,0.050288,0.705807,-0.015893,-1.015335,0.003503,-1.827137
29.146977,-0.741343,-0.350678,1.683143,0.003611,-1.213089,0.229286,-0.494251,0.117306,-0.377643,1.106884,-0.158606,-0.398135,0.091494,-0.076099,-1.114134,-0.080617,1.200671,-1.931122,-0.531452,1.226893,0.003323,-0.125168,0.050416,0.707763,-0.014596,-1.016666,0.003335,-1.839899
29.148092,-0.742081,-0.352083,1.684104,0.001185,-1.212963,0.229767,-0.496275,0.117306,-0.377643,1.106884,-0.158606,-0.398135,0.091494,-0.076099,-1.114134,-0.080617,1.200671,-1.931122,-0.531452,1.226893,0.003323,-0.125168,0.050416,0.707763,-0.014596,-1.016666,0.003335,-1.839899
29.149037,-0.743057,-0.347784,1.693659,-0.000261,-1.214357,0.229998,-0.499219,0.098013,-0.378970,1.086104,-0.149275,-0.402645,0.091252,-0.075932,-1.114260,-0.080562,1.201385,-1.931131,-0.532466,1.226898,0.001486,-0.124820,0.051887,0.707823,-0.012774,-1.016633,0.003338,-1.834819
29.149976,-0.744929,-0.348896,1.685210,-0.001436,-1.215233,0.231398,-0.499270,0.078023,-0.380343,1.064803,-0.141726,-0.406679,0.090681,-0.075680,-1.114382,-0.080514,1.202077,-1.931140,-0.533472,1.226900,-0.000343,-0.124169,0.050330,0.702429,-0.011856,-1.013632,0.003528,-1.827096
29.151126,-0.744310,-0.348379,1.687921,-0.002297,-1.217958,0.232460,-0.495688,0.059608,-0.382183,1.045345,-0.136507,-0.409854,0.089844,-0.075311,-1.114501,-0.080461,1.202793,-1.931149,-0.534469,1.226901,-0.002181,-0.123095,0.051462,0.705835,-0.011176,-1.011205,0.002540,-1.825164
29.152088,-0.739615,-0.347428,1.683769,-0.004869,-1.219341,0.233337,-0.497200,0.040186,-0.383466,1.025092,-0.132733,-0.412455,0.088693,-0.074971,-1.114627,-0.080406,1.203492,-1.931160,-0.535470,1.226900,-0.003980,-0.123498,0.051994,0.705457,-0.010921,-1.008772,0.002017,-1.831916
29.153109,-0.738119,-0.343481,1.675807,-0.005901,-1.227842,0.232700,-0.500926,0.019316,-0.384395,1.003588,-0.129765,-0.414611,0.087255,-0.074767,-1.114759,-0.080352,1.204202,-1.931166,-0.536476,1.226902,-0.005798,-0.125609,0.052095,0.706902,-0.008918,-1.005945,0.001570,-1.827108
29.154040,-0.741502,-0.341694,1.675162,-0.008587,-1.224988,0.234361,-0.498660,-0.003641,-0.383962,0.980231,-0.128061,-0.416444,0.085544,-0.074650,-1.114882,-0.080305,1.204926,-1.931173,-0.537455,1.226907,-0.007615,-0.126268,0.050832,0.710574,-0.008496,-0.996742,0.002664,-1.818294
29.154999,-0.746380,-0.338430,1.670569,-0.009772,-1.226566,0.235802,-0.496163,-0.070197,-0.366876,0.913102,-0.131344,-0.420900,0.080968,-0.074723,-1.115119,-0.080206,1.206345,-1.931180,-0.539437,1.226906,-0.011263,-0.121872,0.049519,0.711626,-0.005893,-0.995211,0.000411,-1.824361
29.155995,-0.744990,-0.335163,1.672033,-0.010096,-1.222803,0.236807,-0.498058,-0.115815,-0.347595,0.867135,-0.136642,-0.423895,0.078252,-0.075036,-1.115242,-0.080159,1.207060,-1.931189,-0.540439,1.226906,-0.013086,-0.122498,0.048584,0.710429,-0.006124,-0.997928,-0.000129,-1.818989
29.157104,-0.740216,-0.330378,1.673383,-0.010592,-1.221481,0.237296,-0.498537,-0.163465,-0.324247,0.819202,-0.142844,-0.426925,0.075734,-0.075455,-1.115371,-0.080117,1.207764,-1.931196,-0.541444,1.226907,-0.014888,-0.124888,0.047082,0.710403,-0.006296,-0.999129,-0.000111,-1.817317
29.158027,-0.735211,-0.329987,1.670869,-0.011580,-1.221632,0.237763,-0.496330,-0.205947,-0.301084,0.776638,-0.148779,-0.429380,0.073796,-0.075910,-1.115502,-0.080069,1.208479,-1.931201,-0.542431,1.226905,-0.016720,-0.127094,0.047505,0.710626,-0.005887,-0.997356,-0.000143,-1.819821
29.159015,-0.728301,-0.326556,1.665525,-0.013423,-1.222131,0.236529,-0.495397,-0.205947,-0.301084,0.776638,-0.148779,-0.429380,0.073796,-0.075910,-1.115502,-0.080069,1.208479,-1.931201,-0.542431,1.226905,-0.016720,-0.127094,0.047505,0.710626,-0.005887,-0.997356,-0.000143,-1.819821
29.160047,-0.728220,-0.323247,1.659739,-0.014596,-1.219249,0.236694,-0.497121,-0.240068,-0.280501,0.742637,-0.154137,-0.431038,0.072514,-0.076378,-1.115638,-0.080027,1.209188,-1.931201,-0.543428,1.226911,-0.018555,-0.130292,0.046517,0.712895,-0.004782,-0.995732,0.001528,-1.820080
29.161139,-0.731380,-0.322171,1.663544,-0.015729,-1.218167,0.236899,-0.496813,-0.267962,-0.261288,0.714914,-0.159570,-0.432102,0.071676,-0.076839,-1.115769,-0.079984,1.209910,-1.931204,-0.544439,1.226914,-0.020350,-0.130150,0.045653,0.715578,-0.004312,-0.997793,0.001803,-1.815411
29.162089,-0.730368,-0.317768,1.656212,-0.016933,-1.212697,0.237145,-0.496053,-0.293667,-0.241100,0.689224,-0.165520,-0.432960,0.071023,-0.077292,-1.115894,-0.079937,1.210625,-1.931209,-0.545426,1.226916,-0.022173,-0.128562,0.045948,0.713991,-0.003900,-0.998782,0.002087,-1.815140
29.163012,-0.720200,-0.316579,1.659238,-0.015014,-1.215548,0.238893,-0.497333,-0.342618,-0.196490,0.639706,-0.178016,-0.434724,0.070023,-0.078179,-1.116165,-0.079851,1.212056,-1.931222,-0.547423,1.226915,-0.025777,-0.133550,0.044492,0.714284,-0.005740,-0.998170,0.000941,-1.810551
29.164040,-0.711520,-0.314076,1.658457,-0.016566,-1.213568,0.239149,-0.497759,-0.342618,-0.196490,0.639706,-0.178016,-0.434724,0.070023,-0.078179,-1.116165,-0.079851,1.212056,-1.931222,-0.547423,1.226915,-0.025777,-0.133550,0.044492,0.714284,-0.005740,-0.998170,0.000941,-1.810551
29.165031,-0.706833,-0.313865,1.661249,-0.015932,-1.210932,0.241024,-0.493610,-0.350745,-0.172138,0.630404,-0.180764,-0.434076,0.071643,-0.079002,-1.116455,-0.079763,1.213483,-1.931232,-0.549442,1.226912,-0.029409,-0.139518,0.044641,0.712694,-0.006110,-1.000751,-0.000247,-1.815342
29.165997,-0.712686,-0.310800,1.659802,-0.020485,-1.210029,0.240291,-0.494252,-0.332439,-0.172326,0.647907,-0.178533,-0.432270,0.073682,-0.079369,-1.116583,-0.079721,1.214203,-1.931228,-0.550434,1.226917,-0.031225,-0.136336,0.043817,0.712693,-0.002347,-1.000371,0.000926,-1.812318
29.167045,-0.713924,-0.306088,1.651995,-0.018419,-1.208799,0.238286,-0.496445,-0.311790,-0.172804,0.667641,-0.176882,-0.430410,0.075824,-0.079575,-1.116718,-0.079681,1.214922,-1.931238,-0.551435,1.226926,-0.033003,-0.135562,0.042308,0.716590,-0.005009,-1.000995,0.003373,-1.806904
29.168075,-0.716233,-0.305809,1.652721,-0.018821,-1.211222,0.240751,-0.496062,-0.311790,-0.172804,0.667641,-0.176882,-0.430410,0.075824,-0.079575,-1.116718,-0.079681,1.214922,-1.931238,-0.551435,1.226926,-0.033003,-0.135562,0.042308,0.716590,-0.005009,-1.000995,0.003373,-1.806904
29.169016,-0.712473,-0.304618,1.650683,-0.018471,-1.208519,0.240895,-0.491667,-0.298846,-0.168411,0.679459,-0.175132,-0.429403,0.077688,-0.079614,-1.116851,-0.079638,1.215639,-1.931242,-0.552420,1.226923,-0.034817,-0.134239,0.042977,0.716012,-0.005278,-0.997914,0.001351,-1.806458
29.169967,-0.707018,-0.301081,1.652891,-0.019490,-1.208443,0.241948,-0.493439,-0.293283,-0.160803,0.683618,-0.171243,-0.429316,0.079384,-0.079569,-1.116990,-0.079596,1.216347,-1.931251,-0.553427,1.226928,-0.036658,-0.135773,0.043060,0.716235,-0.006138,-0.999031,0.001637,-1.813440
29.171071,-0.697288,-0.303104,1.651953,-0.020427,-1.214656,0.241583,-0.497805,-0.278144,-0.151837,0.695821,-0.156683,-0.429022,0.083187,-0.079104,-1.117283,-0.079509,1.217783,-1.931260,-0.555402,1.226932,-0.040220,-0.142717,0.043879,0.715201,-0.005506,-0.991485,0.001872,-1.798718
29.172000,-0.701715,-0.299894,1.653922,-0.022106,-1.213152,0.240861,-0.494436,-0.259079,-0.156325,0.713473,-0.147177,-0.427650,0.085434,-0.078674,-1.117418,-0.079468,1.218491,-1.931262,-0.556392,1.226937,-0.042021,-0.140099,0.042934,0.713294,-0.004471,-0.991474,0.002990,-1.803807
29.173018,-0.711020,-0.297930,1.654906,-0.022580,-1.213410,0.241800,-0.493868,-0.259079,-0.156325,0.713473,-0.147177,-0.427650,0.085434,-0.078674,-1.117418,-0.079468,1.218491,-1.931262,-0.556392,1.226937,-0.042021,-0.140099,0.042934,0.713294,-0.004471,-0.991474,0.002990,-1.803807
29.173998,-0.716293,-0.297695,1.658511,-0.025788,-1.214763,0.242872,-0.494849,-0.237688,-0.163411,0.733313,-0.137898,-0.425791,0.087508,-0.078325,-1.117544,-0.079427,1.219205,-1.931267,-0.557387,1.226939,-0.043832,-0.135314,0.042754,0.712575,-0.004654,-0.990379,0.002490,-1.803575
29.175078,-0.709815,-0.292716,1.657175,-0.026775,-1.218179,0.243496,-0.499813,-0.211790,-0.169724,0.756040,-0.125622,-0.422585,0.089954,-0.077900,-1.117816,-0.079344,1.220624,-1.931267,-0.559348,1.226941,-0.047390,-0.135578,0.041747,0.711277,-0.002019,-0.984437,0.001734,-1.789342
29.176009,-0.700764,-0.296278,1.652484,-0.027476,-1.214965,0.243548,-0.497256,-0.211790,-0.169724,0.756040,-0.125622,-0.422585,0.089954,-0.077900,-1.117816,-0.079344,1.220624,-1.931267,-0.559348,1.226941,-0.047390,-0.135578,0.041747,0.711277,-0.002019,-0.984437,0.001734,-1.789342
29.177001,-0.699840,-0.289423,1.656071,-0.030592,-1.213633,0.245093,-0.495779,-0.203592,-0.171163,0.763180,-0.122951,-0.421001,0.090527,-0.077832,-1.117963,-0.079295,1.221341,-1.931269,-0.560326,1.226944,-0.049200,-0.139633,0.044158,0.712651,-0.001986,-0.986271,0.002094,-1.792780
29.178020,-0.703223,-0.291570,1.652942,-0.032564,-1.217032,0.245421,-0.496693,-0.191927,-0.175678,0.774270,-0.121641,-0.418995,0.091022,-0.077986,-1.118106,-0.079258,1.222040,-1.931264,-0.561313,1.226942,-0.050977,-0.139717,0.041496,0.710550,0.000292,-0.986613,0.001005,-1.794390
29.179123,-0.706971,-0.290945,1.653003,-0.032311,-1.219604,0.245546,-0.496036,-0.167104,-0.187257,0.799025,-0.126352,-0.415019,0.091523,-0.078851,-1.118374,-0.079166,1.223476,-1.931264,-0.563263,1.226944,-0.054572,-0.135838,0.043876,0.712249,0.000357,-0.980136,0.001527,-1.791840
29.180061,-0.704449,-0.289848,1.642613,-0.032896,-1.215492,0.246438,-0.497259,-0.167104,-0.187257,0.799025,-0.126352,-0.415019,0.091523,-0.078851,-1.118374,-0.079166,1.223476,-1.931264,-0.563263,1.226944,-0.054572,-0.135838,0.043876,0.712249,0.000357,-0.980136,0.001527,-1.791840
29.180994,-0.706508,-0.286106,1.647399,-0.034485,-1.212391,0.246535,-0.497345,-0.164586,-0.190618,0.801532,-0.129602,-0.414616,0.091349,-0.079417,-1.118513,-0.079121,1.224194,-1.931264,-0.564261,1.226944,-0.056346,-0.136758,0.043975,0.716536,0.000248,-0.982720,0.001055,-1.787714
29.182034,-0.702958,-0.288328,1.644919,-0.035237,-1.209271,0.246563,-0.497800,-0.170748,-0.191207,0.795273,-0.132304,-0.415638,0.090985,-0.079979,-1.118644,-0.079082,1.224906,-1.931262,-0.565240,1.226945,-0.058132,-0.135417,0.042802,0.713157,0.001100,-0.984388,0.001387,-1.785853
29.183035,-0.699062,-0.283321,1.644145,-0.033428,-1.203099,0.246883,-0.496781,-0.180996,-0.190793,0.784979,-0.135058,-0.417599,0.090624,-0.080453,-1.118785,-0.079033,1.225618,-1.931260,-0.566231,1.226950,-0.059893,-0.136964,0.044675,0.714414,0.001003,-0.986920,0.001812,-1.783954
29.184060,-0.695883,-0.283419,1.639039,-0.034603,-1.204502,0.247190,-0.496527,-0.190238,-0.192406,0.775756,-0.136752,-0.420013,0.090515,-0.080810,-1.118928,-0.078993,1.226337,-1.931267,-0.567239,1.226954,-0.061686,-0.138583,0.042922,0.714355,-0.001417,-0.992007,0.001925,-1.784679
29.185022,-0.701156,-0.280899,1.636840,-0.035430,-1.203279,0.246799,-0.496667,-0.196987,-0.196845,0.768988,-0.135924,-0.422692,0.090780,-0.081075,-1.119069,-0.078947,1.227060,-1.931268,-0.568219,1.226956,-0.063486,-0.139890,0.043748,0.716642,-0.000980,-0.989933,0.002073,-1.783946
29.185984,-0.705883,-0.276291,1.637779,-0.036786,-1.202256,0.247929,-0.496865,-0.217254,-0.203969,0.748261,-0.129848,-0.429500,0.091414,-0.081432,-1.119330,-0.078865,1.228489,-1.931268,-0.570212,1.226961,-0.067030,-0.134382,0.041613,0.715837,-0.000247,-0.989509,0.002179,-1.780286
29.187018,-0.707322,-0.277560,1.640051,-0.036437,-1.198398,0.249036,-0.495165,-0.236318,-0.201667,0.728831,-0.127145,-0.433639,0.091383,-0.081607,-1.119463,-0.078821,1.229196,-1.931272,-0.571201,1.226962,-0.068834,-0.133507,0.043059,0.714682,-0.001304,-0.992777,0.001540,-1.782531
29.188027,-0.704793,-0.271354,1.642804,-0.035320,-1.202693,0.250247,-0.496256,-0.256956,-0.198002,0.707813,-0.123520,-0.437656,0.091411,-0.081755,-1.119601,-0.078785,1.229910,-1.931280,-0.572186,1.226962,-0.070586,-0.134529,0.040767,0.712986,-0.003005,-0.987599,0.000794,-1.779164
29.189105,-0.702853,-0.263127,1.641710,-0.037910,-1.207482,0.249138,-0.498537,-0.256956,-0.198002,0.707813,-0.123520,-0.437656,0.091411,-0.081755,-1.119601,-0.078785,1.229910,-1.931280,-0.572186,1.226962,-0.070586,-0.134529,0.040767,0.712986,-0.003005,-0.987599,0.000794,-1.779164
29.190111,-0.706322,-0.265822,1.643639,-0.039162,-1.210386,0.249470,-0.495160,-0.276772,-0.193305,0.687745,-0.118837,-0.441164,0.091705,-0.081788,-1.119737,-0.078756,1.230631,-1.931276,-0.573152,1.226969,-0.072360,-0.135355,0.037652,0.713726,-0.001281,-0.982806,0.002381,-1.773764
29.191036,-0.712512,-0.261666,1.637093,-0.039990,-1.212132,0.248328,-0.493293,-0.320612,-0.174587,0.643912,-0.112408,-0.446784,0.092263,-0.081775,-1.119988,-0.078676,1.232057,-1.931278,-0.575106,1.226975,-0.075930,-0.130134,0.038429,0.714741,-0.000646,-0.975940,0.004038,-1.781291
29.192068,-0.714457,-0.259417,1.632199,-0.042922,-1.213924,0.249658,-0.493523,-0.320612,-0.174587,0.643912,-0.112408,-0.446784,0.092263,-0.081775,-1.119988,-0.078676,1.232057,-1.931278,-0.575106,1.226975,-0.075930,-0.130134,0.038429,0.714741,-0.000646,-0.975940,0.004038,-1.781291
29.193031,-0.718237,-0.259805,1.634164,-0.043317,-1.219172,0.250022,-0.497122,-0.353890,-0.156769,0.610653,-0.111691,-0.449731,0.091832,-0.081826,-1.120115,-0.078637,1.232785,-1.931274,-0.576062,1.226976,-0.077716,-0.129091,0.038157,0.716896,0.001430,-0.973850,0.003152,-1.779658
29.194006,-0.715212,-0.258225,1.637893,-0.044114,-1.222398,0.250557,-0.493300,-0.398092,-0.131800,0.566497,-0.113213,-0.453106,0.090695,-0.081806,-1.120238,-0.078595,1.233491,-1.931276,-0.577023,1.226977,-0.079485,-0.127044,0.039076,0.715284,0.001122,-0.967582,0.003232,-1.770917
29.195022,-0.704310,-0.257195,1.637232,-0.044442,-1.219814,0.249985,-0.493015,-0.446267,-0.104783,0.518418,-0.115506,-0.456531,0.089216,-0.081753,-1.120370,-0.078556,1.234204,-1.931275,-0.577969,1.226981,-0.081264,-0.128353,0.039042,0.712840,0.001158,-0.963653,0.003121,-1.777278
29.196101,-0.702454,-0.251581,1.638737,-0.045558,-1.218745,0.251126,-0.495478,-0.487562,-0.082593,0.477387,-0.116810,-0.459257,0.087947,-0.081775,-1.120513,-0.078517,1.234912,-1.931275,-0.578941,1.226987,-0.083016,-0.133523,0.039360,0.713011,0.000717,-0.965686,0.004135,-1.776694
29.196998,-0.706956,-0.246603,1.641174,-0.046493,-1.216822,0.252401,-0.497697,-0.514891,-0.068719,0.450571,-0.116674,-0.460709,0.087232,-0.081830,-1.120646,-0.078484,1.235627,-1.931273,-0.579915,1.226989,-0.084777,-0.134304,0.037492,0.712506,0.000974,-0.966680,0.003459,-1.770950
29.198135,-0.712782,-0.242439,1.643114,-0.047625,-1.220501,0.253543,-0.496466,-0.530005,-0.060507,0.436166,-0.116113,-0.460967,0.087040,-0.081842,-1.120773,-0.078452,1.236342,-1.931269,-0.580871,1.226991,-0.086574,-0.131733,0.035762,0.710030,0.001135,-0.967068,0.002581,-1.764540
29.199060,-0.708373,-0.236879,1.637171,-0.050737,-1.218098,0.255645,-0.494678,-0.539940,-0.052718,0.427077,-0.116351,-0.460619,0.087107,-0.081893,-1.120897,-0.078418,1.237044,-1.931269,-0.581831,1.226992,-0.088319,-0.128903,0.034725,0.709966,0.001389,-0.963947,0.001956,-1.766732
29.200090,-0.700512,-0.232814,1.638740,-0.049164,-1.215840,0.255825,-0.495031,-0.562354,-0.026532,0.407204,-0.123207,-0.459765,0.087238,-0.082494,-1.121173,-0.078363,1.238463,-1.931266,-0.583762,1.226992,-0.091830,-0.134493,0.031730,0.711108,0.001364,-0.966872,0.000583,-1.766903
29.201110,-0.698557,-0.229327,1.639517,-0.051277,-1.213983,0.256321,-0.496183,-0.568357,-0.012264,0.402944,-0.128484,-0.458755,0.087720,-0.082989,-1.121311,-0.078334,1.239176,-1.931263,-0.584741,1.226994,-0.093593,-0.135194,0.030933,0.710518,0.002655,-0.968084,0.000540,-1.763476
29.202128,-0.697031,-0.227951,1.641972,-0.051909,-1.207771,0.256968,-0.493209,-0.568357,-0.012264,0.402944,-0.128484,-0.458755,0.087720,-0.082989,-1.121311,-0.078334,1.239176,-1.931263,-0.584741,1.226994,-0.093593,-0.135194,0.030933,0.710518,0.002655,-0.968084,0.000540,-1.763476
29.203192,-0.698466,-0.225824,1.643417,-0.051927,-1.208504,0.258777,-0.493504,-0.565604,-0.001104,0.407527,-0.133877,-0.456971,0.088735,-0.083558,-1.121446,-0.078303,1.239885,-1.931259,-0.585729,1.226994,-0.095387,-0.135704,0.031131,0.708889,0.002443,-0.973331,0.000345,-1.768079
29.204025,-0.704573,-0.224107,1.641028,-0.051661,-1.209625,0.258348,-0.494092,-0.553876,0.005994,0.420956,-0.138950,-0.454479,0.090297,-0.084149,-1.121581,-0.078272,1.240586,-1.931259,-0.586694,1.226991,-0.097134,-0.134722,0.030960,0.707934,0.001687,-0.971826,-0.001003,-1.766210
29.205053,-0.705912,-0.224308,1.643753,-0.052577,-1.204306,0.256721,-0.493437,-0.537104,0.010128,0.439065,-0.142466,-0.451792,0.092335,-0.084688,-1.121705,-0.078241,1.241296,-1.931261,-0.587662,1.226992,-0.098896,-0.131238,0.030725,0.706992,0.000874,-0.967994,-0.000200,-1.762480
29.206072,-0.701353,-0.223557,1.647542,-0.051773,-1.202731,0.256641,-0.491633,-0.519725,0.012908,0.457346,-0.144056,-0.449389,0.094643,-0.085162,-1.121834,-0.078207,1.242004,-1.931258,-0.588637,1.226997,-0.100672,-0.130382,0.031644,0.705027,0.000989,-0.972283,0.001852,-1.762298
29.206980,-0.697417,-0.222614,1.641802,-0.053455,-1.199644,0.257251,-0.492899,-0.499155,0.012099,0.478470,-0.143565,-0.447024,0.097223,-0.085594,-1.121970,-0.078174,1.242696,-1.931261,-0.589610,1.226998,-0.102422,-0.132373,0.032082,0.702652,-0.000474,-0.972654,0.002344,-1.764457
29.208005,-0.693406,-0.217677,1.642229,-0.053573,-1.201703,0.258332,-0.494507,-0.471101,0.004874,0.506900,-0.140865,-0.444253,0.100180,-0.085963,-1.122107,-0.078140,1.243401,-1.931258,-0.590574,1.227000,-0.104176,-0.133867,0.032277,0.704069,0.000505,-0.973738,0.002106,-1.759762
29.209050,-0.696305,-0.216687,1.649516,-0.053561,-1.197419,0.257597,-0.491641,-0.436442,-0.007695,0.541908,-0.136849,-0.441026,0.103427,-0.086261,-1.122245,-0.078112,1.244094,-1.931259,-0.591544,1.226998,-0.105907,-0.135557,0.030677,0.703387,-0.000093,-0.970561,0.001471,-1.755187
29.210043,-0.701826,-0.215732,1.647263,-0.055589,-1.198940,0.257866,-0.492258,-0.353905,-0.042666,0.624963,-0.127232,-0.433287,0.110416,-0.086793,-1.122500,-0.078049,1.245489,-1.931259,-0.593490,1.227006,-0.109447,-0.130871,0.031383,0.699800,0.000485,-0.970995,0.002774,-1.756596
29.210968,-0.704558,-0.214420,1.651998,-0.056722,-1.200635,0.257347,-0.495559,-0.313267,-0.061082,0.665736,-0.123364,-0.429131,0.113628,-0.087007,-1.122628,-0.078016,1.246176,-1.931257,-0.594454,1.227012,-0.111189,-0.129185,0.031436,0.696245,0.000907,-0.967429,0.003659,-1.747983
29.212024,-0.700335,-0.211469,1.647766,-0.055764,-1.203660,0.257497,-0.494461,-0.313267,-0.061082,0.665736,-0.123364,-0.429131,0.113628,-0.087007,-1.122628,-0.078016,1.246176,-1.931257,-0.594454,1.227012,-0.111189,-0.129185,0.031436,0.696245,0.000907,-0.967429,0.003659,-1.747983
29.213058,-0.699312,-0.211060,1.654808,-0.058065,-1.206579,0.257241,-0.491045,-0.241822,-0.096213,0.737518,-0.117232,-0.420844,0.118874,-0.087387,-1.122895,-0.077955,1.247560,-1.931255,-0.596359,1.227021,-0.114703,-0.131328,0.031512,0.694277,0.000720,-0.959994,0.004606,-1.754431
29.214152,-0.696620,-0.210731,1.654847,-0.059845,-1.207720,0.258815,-0.492131,-0.205857,-0.116302,0.773781,-0.114386,-0.416386,0.121048,-0.087622,-1.123031,-0.077921,1.248255,-1.931252,-0.597321,1.227022,-0.116431,-0.132472,0.032240,0.694358,0.001658,-0.958444,0.003476,-1.751195
29.215152,-0.697512,-0.212069,1.650257,-0.058583,-1.206624,0.260961,-0.495660,-0.205857,-0.116302,0.773781,-0.114386,-0.416386,0.121048,-0.087622,-1.123031,-0.077921,1.248255,-1.931252,-0.597321,1.227022,-0.116431,-0.132472,0.032240,0.694358,0.001658,-0.958444,0.003476,-1.751195
29.216019,-0.701257,-0.215358,1.654275,-0.061906,-1.205345,0.259864,-0.494591,-0.168883,-0.139097,0.811110,-0.111625,-0.411791,0.122933,-0.087758,-1.123161,-0.077886,1.248959,-1.931258,-0.598268,1.227020,-0.118164,-0.131746,0.033687,0.695905,-0.000198,-0.958494,0.001769,-1.742577
29.217045,-0.706002,-0.212322,1.652947,-0.062212,-1.207551,0.261622,-0.491139,-0.133517,-0.164057,0.846702,-0.108125,-0.407514,0.124479,-0.087753,-1.123288,-0.077847,1.249641,-1.931251,-0.599224,1.227024,-0.119892,-0.129452,0.035899,0.692311,0.002368,-0.957485,0.003242,-1.742586
29.218061,-0.706891,-0.215584,1.657040,-0.063307,-1.205935,0.261848,-0.494009,-0.101852,-0.189834,0.878463,-0.104903,-0.403905,0.125585,-0.087691,-1.123534,-0.077774,1.251028,-1.931248,-0.601130,1.227028,-0.123393,-0.126347,0.037562,0.689975,0.002229,-0.955014,0.002102,-1.740752
29.219124,-0.706531,-0.205142,1.650280,-0.064118,-1.207232,0.262178,-0.498370,-0.055938,-0.237486,0.924534,-0.100788,-0.399755,0.126623,-0.087340,-1.123660,-0.077748,1.251719,-1.931246,-0.602079,1.227030,-0.125098,-0.126400,0.033236,0.693295,0.002236,-0.953140,0.002211,-1.730949
29.220036,-0.703050,-0.208793,1.646833,-0.064251,-1.199163,0.261884,-0.496698,-0.055938,-0.237486,0.924534,-0.100788,-0.399755,0.126623,-0.087340,-1.123660,-0.077748,1.251719,-1.931246,-0.602079,1.227030,-0.125098,-0.126400,0.033236,0.693295,0.002236,-0.953140,0.002211,-1.730949
29.221060,-0.701579,-0.206462,1.648105,-0.066553,-1.196247,0.263407,-0.494822,-0.045174,-0.254821,0.935617,-0.100317,-0.399559,0.126651,-0.087022,-1.123789,-0.077708,1.252415,-1.931245,-0.603034,1.227036,-0.126837,-0.127791,0.035734,0.693642,0.001679,-0.959407,0.002867,-1.732398
29.222004,-0.707099,-0.200014,1.647345,-0.064676,-1.193430,0.265062,-0.496915,-0.037747,-0.279941,0.943984,-0.102416,-0.402154,0.126247,-0.086735,-1.124035,-0.077643,1.253793,-1.931244,-0.604977,1.227036,-0.130286,-0.125315,0.032853,0.691946,0.000651,-0.962194,0.000516,-1.728763
29.223005,-0.705674,-0.196646,1.649160,-0.063419,-1.187904,0.263998,-0.497169,-0.037747,-0.279941,0.943984,-0.102416,-0.402154,0.126247,-0.086735,-1.124035,-0.077643,1.253793,-1.931244,-0.604977,1.227036,-0.130286,-0.125315,0.032853,0.691946,0.000651,-0.962194,0.000516,-1.728763
29.223994,-0.704987,-0.193045,1.647394,-0.063710,-1.185262,0.265145,-0.493909,-0.039774,-0.287055,0.942334,-0.103615,-0.404772,0.126141,-0.086803,-1.124161,-0.077614,1.254489,-1.931248,-0.605946,1.227041,-0.132016,-0.125846,0.032025,0.690365,-0.001211,-0.966481,0.002005,-1.726810
29.225129,-0.706964,-0.191809,1.649463,-0.066149,-1.178513,0.265612,-0.494078,-0.044711,-0.290620,0.937628,-0.103229,-0.408004,0.126317,-0.086970,-1.124288,-0.077585,1.255175,-1.931250,-0.606920,1.227041,-0.133747,-0.125952,0.031056,0.690632,-0.001563,-0.967665,0.001262,-1.731841
29.226091,-0.703591,-0.187506,1.643173,-0.064904,-1.183495,0.265639,-0.497327,-0.059326,-0.289130,0.923376,-0.101929,-0.414713,0.127193,-0.087455,-1.124537,-0.077525,1.256557,-1.931252,-0.608870,1.227045,-0.137165,-0.126384,0.030057,0.692286,-0.001832,-0.967476,0.001652,-1.722574
29.227022,-0.704109,-0.185856,1.638353,-0.066763,-1.183967,0.266217,-0.496718,-0.072081,-0.282874,0.910740,-0.101796,-0.418002,0.127614,-0.087613,-1.124661,-0.077496,1.257256,-1.931250,-0.609829,1.227046,-0.138885,-0.125828,0.029993,0.693441,-0.000650,-0.965285,0.001462,-1.722036
29.228073,-0.712289,-0.183937,1.641983,-0.065754,-1.182309,0.266924,-0.493743,-0.072081,-0.282874,0.910740,-0.101796,-0.418002,0.127614,-0.087613,-1.124661,-0.077496,1.257256,-1.931250,-0.609829,1.227046,-0.138885,-0.125828,0.029993,0.693441,-0.000650,-0.965285,0.001462,-1.722036
29.229045,-0.715704,-0.183836,1.636022,-0.066125,-1.180862,0.266771,-0.495370,-0.091198,-0.272032,0.891558,-0.101571,-0.421354,0.127879,-0.087768,-1.124774,-0.077464,1.257947,-1.931255,-0.610785,1.227048,-0.140635,-0.121707,0.029900,0.691377,-0.002299,-0.966242,0.001198,-1.726740
29.229991,-0.714233,-0.180318,1.638664,-0.068606,-1.185211,0.268255,-0.497088,-0.117986,-0.256603,0.864424,-0.100655,-0.424844,0.127895,-0.087976,-1.124892,-0.077432,1.258640,-1.931257,-0.611755,1.227051,-0.142336,-0.119863,0.030630,0.693544,-0.002565,-0.966157,0.001756,-1.721857
29.231099,-0.711975,-0.176433,1.637992,-0.069337,-1.188437,0.268825,-0.496732,-0.187371,-0.216387,0.794294,-0.098777,-0.431520,0.127269,-0.088393,-1.125138,-0.077379,1.260018,-1.931254,-0.613650,1.227052,-0.145749,-0.121475,0.028721,0.691774,-0.000899,-0.956851,0.000573,-1.716668
29.232045,-0.706158,-0.174584,1.642827,-0.071110,-1.189634,0.267432,-0.493239,-0.187371,-0.216387,0.794294,-0.098777,-0.431520,0.127269,-0.088393,-1.125138,-0.077379,1.260018,-1.931254,-0.613650,1.227052,-0.145749,-0.121475,0.028721,0.691774,-0.000899,-0.956851,0.000573,-1.716668
29.233010,-0.705675,-0.171280,1.635540,-0.070404,-1.186749,0.267754,-0.495234,-0.218927,-0.196633,0.762841,-0.099716,-0.433756,0.127046,-0.088659,-1.125268,-0.077351,1.260703,-1.931252,-0.614606,1.227057,-0.147487,-0.124054,0.028591,0.688363,0.000162,-0.954055,0.002361,-1.721888
29.234068,-0.706772,-0.164943,1.642047,-0.072959,-1.193641,0.267134,-0.497151,-0.242232,-0.180532,0.739965,-0.101633,-0.434821,0.127110,-0.088948,-1.125392,-0.077325,1.261404,-1.931255,-0.615553,1.227058,-0.149200,-0.124042,0.027775,0.691073,-0.001163,-0.955626,0.002425,-1.716175
29.235088,-0.706608,-0.164117,1.639436,-0.073702,-1.191862,0.266369,-0.494871,-0.259370,-0.166560,0.723459,-0.104394,-0.435005,0.127354,-0.089155,-1.125513,-0.077304,1.262081,-1.931252,-0.616502,1.227062,-0.150892,-0.123403,0.025592,0.687769,0.000576,-0.948052,0.003489,-1.711318
29.235964,-0.710937,-0.164083,1.634290,-0.074913,-1.190383,0.268843,-0.491583,-0.273080,-0.152664,0.710529,-0.108724,-0.434730,0.127586,-0.089280,-1.125636,-0.077275,1.262773,-1.931252,-0.617451,1.227069,-0.152617,-0.123331,0.026072,0.688639,0.000576,-0.948997,0.004648,-1.714588
29.237048,-0.709286,-0.160309,1.644170,-0.075313,-1.192040,0.270211,-0.495458,-0.285628,-0.138338,0.698819,-0.114512,-0.434447,0.127603,-0.089392,-1.125755,-0.077248,1.263471,-1.931250,-0.618387,1.227067,-0.154358,-0.120859,0.026769,0.689559,0.001125,-0.948454,0.002529,-1.718961
29.238073,-0.704760,-0.152822,1.640787,-0.073566,-1.188887,0.271022,-0.497250,-0.303661,-0.112913,0.682426,-0.126152,-0.434014,0.127441,-0.089335,-1.126005,-0.077208,1.264833,-1.931257,-0.620291,1.227069,-0.157742,-0.123717,0.023142,0.686172,-0.001590,-0.948666,0.001263,-1.705439
29.239116,-0.697862,-0.152008,1.640891,-0.074511,-1.185362,0.272307,-0.494275,-0.302111,-0.105023,0.684889,-0.129336,-0.433123,0.127948,-0.089124,-1.126139,-0.077183,1.265514,-1.931257,-0.621242,1.227069,-0.159452,-0.126930,0.023705,0.685938,-0.001351,-0.951459,0.000418,-1.710304
29.240014,-0.694885,-0.149527,1.638006,-0.077343,-1.183717,0.271720,-0.493043,-0.302111,-0.105023,0.684889,-0.129336,-0.433123,0.127948,-0.089124,-1.126139,-0.077183,1.265514,-1.931257,-0.621242,1.227069,-0.159452,-0.126930,0.023705,0.685938,-0.001351,-0.951459,0.000418,-1.710304
29.241037,-0.703270,-0.149191,1.637996,-0.075798,-1.183109,0.271710,-0.496822,-0.291273,-0.101605,0.696723,-0.131099,-0.431414,0.128916,-0.088935,-1.126268,-0.077161,1.266200,-1.931253,-0.622194,1.227072,-0.161168,-0.128014,0.023258,0.686057,0.000754,-0.951105,0.001392,-1.710732
29.241971,-0.707528,-0.145003,1.641983,-0.078931,-1.184004,0.272386,-0.499011,-0.274285,-0.101426,0.714618,-0.132611,-0.429084,0.130053,-0.088760,-1.126383,-0.077135,1.266892,-1.931260,-0.623137,1.227073,-0.162865,-0.123712,0.024000,0.685601,-0.001381,-0.950875,0.001829,-1.701838
29.243056,-0.710022,-0.143906,1.643405,-0.078944,-1.175476,0.274980,-0.494313,-0.257668,-0.101256,0.731825,-0.134071,-0.426720,0.131052,-0.088578,-1.126501,-0.077114,1.267565,-1.931255,-0.624083,1.227073,-0.164539,-0.121393,0.022745,0.682685,0.001012,-0.948344,0.001546,-1.695861
29.244046,-0.706700,-0.143927,1.644364,-0.079290,-1.177118,0.275500,-0.493844,-0.243655,-0.099523,0.746207,-0.136379,-0.424495,0.131824,-0.088514,-1.126618,-0.077089,1.268248,-1.931257,-0.625044,1.227070,-0.166265,-0.120153,0.023208,0.682125,0.000269,-0.956487,-0.000583,-1.704381
29.244977,-0.697938,-0.145062,1.646133,-0.079870,-1.175785,0.276889,-0.496718,-0.229841,-0.098086,0.760320,-0.139099,-0.422270,0.132549,-0.088707,-1.126744,-0.077063,1.268922,-1.931260,-0.626016,1.227070,-0.167953,-0.121617,0.024090,0.681157,-0.000008,-0.953337,-0.000654,-1.703851
29.246028,-0.696376,-0.146122,1.650554,-0.080929,-1.174891,0.275669,-0.494630,-0.210105,-0.101963,0.780273,-0.140349,-0.419700,0.133600,-0.089108,-1.126878,-0.077035,1.269595,-1.931261,-0.626964,1.227070,-0.169641,-0.125617,0.025430,0.679344,-0.000078,-0.953042,-0.001652,-1.696331
29.247055,-0.702784,-0.142767,1.652055,-0.081176,-1.173857,0.275433,-0.492629,-0.134589,-0.139274,0.855705,-0.136310,-0.412252,0.137439,-0.090124,-1.127122,-0.076982,1.270942,-1.931263,-0.628863,1.227078,-0.173079,-0.122887,0.026102,0.676185,-0.000208,-0.953452,0.000664,-1.702127
29.247981,-0.704784,-0.140155,1.648094,-0.081283,-1.170151,0.275312,-0.491389,-0.134589,-0.139274,0.855705,-0.136310,-0.412252,0.137439,-0.090124,-1.127122,-0.076982,1.270942,-1.931263,-0.628863,1.227078,-0.173079,-0.122887,0.026102,0.676185,-0.000208,-0.953452,0.000664,-1.702127
29.249097,-0.704425,-0.137150,1.655730,-0.081165,-1.175887,0.274903,-0.495204,-0.090412,-0.165248,0.899433,-0.132240,-0.408341,0.139610,-0.090677,-1.127241,-0.076957,1.271622,-1.931265,-0.629827,1.227079,-0.174771,-0.121678,0.025589,0.677131,-0.000711,-0.955318,0.001173,-1.702839
29.250050,-0.700691,-0.137000,1.653469,-0.081794,-1.173837,0.274168,-0.493262,-0.051171,-0.189897,0.937998,-0.127166,-0.405048,0.141572,-0.091159,-1.127366,-0.076934,1.272295,-1.931267,-0.630765,1.227081,-0.176457,-0.121823,0.025148,0.673764,-0.001576,-0.949510,0.002051,-1.694429
29.251109,-0.701845,-0.131283,1.656123,-0.080608,-1.171628,0.273836,-0.492258,-0.015069,-0.214333,0.973302,-0.120674,-0.402215,0.143420,-0.091534,-1.127496,-0.076907,1.272961,-1.931268,-0.631722,1.227086,-0.178145,-0.123384,0.025886,0.674260,-0.001600,-0.950055,0.003167,-1.696838
29.252032,-0.697150,-0.130315,1.662307,-0.083325,-1.172226,0.275291,-0.493266,0.019379,-0.239305,1.006873,-0.112550,-0.399626,0.145201,-0.091873,-1.127614,-0.076886,1.273634,-1.931274,-0.632666,1.227089,-0.179854,-0.122738,0.024008,0.672971,-0.003416,-0.951739,0.003935,-1.697738
29.252998,-0.696809,-0.126767,1.658995,-0.083597,-1.173850,0.276640,-0.494523,0.053738,-0.264780,1.040362,-0.103466,-0.396914,0.146970,-0.092186,-1.127744,-0.076861,1.274288,-1.931270,-0.633610,1.227091,-0.181525,-0.124747,0.024346,0.669099,-0.001412,-0.949422,0.002845,-1.694000
29.254108,-0.703146,-0.122009,1.662599,-0.087143,-1.179421,0.278321,-0.494619,0.090210,-0.291191,1.076124,-0.094783,-0.393666,0.148793,-0.092418,-1.127867,-0.076839,1.274963,-1.931273,-0.634555,1.227089,-0.183211,-0.124672,0.023440,0.670124,-0.001773,-0.946456,0.001925,-1.689976
29.255016,-0.703287,-0.123203,1.656386,-0.086155,-1.179910,0.278108,-0.492102,0.124257,-0.315261,1.109693,-0.088063,-0.390153,0.150432,-0.092598,-1.127984,-0.076820,1.275637,-1.931268,-0.635495,1.227088,-0.184911,-0.121510,0.022152,0.668732,0.000888,-0.940792,0.000721,-1.689036
29.256005,-0.709956,-0.119428,1.655355,-0.086827,-1.175752,0.278786,-0.493630,0.148811,-0.332951,1.133927,-0.083921,-0.387027,0.151547,-0.092787,-1.128106,-0.076792,1.276305,-1.931272,-0.636425,1.227091,-0.186601,-0.121170,0.023527,0.670821,-0.000691,-0.938658,0.001322,-1.692273
29.257042,-0.707453,-0.116256,1.657354,-0.088366,-1.180816,0.279116,-0.496566,0.160233,-0.343216,1.144981,-0.080991,-0.384795,0.152020,-0.092942,-1.128217,-0.076772,1.276977,-1.931272,-0.637352,1.227091,-0.188285,-0.117756,0.022544,0.670854,-0.000708,-0.941920,0.001062,-1.687773
29.258018,-0.701720,-0.119779,1.656393,-0.089612,-1.182133,0.278471,-0.493558,0.158619,-0.346163,1.142953,-0.078621,-0.383579,0.151930,-0.092974,-1.128337,-0.076750,1.277638,-1.931272,-0.638284,1.227092,-0.189936,-0.118958,0.021930,0.669879,0.000102,-0.936162,0.001173,-1.680896
29.258995,-0.700132,-0.116143,1.660896,-0.090530,-1.176695,0.278984,-0.490273,0.150505,-0.345684,1.134540,-0.076871,-0.383006,0.151562,-0.092910,-1.128465,-0.076720,1.278311,-1.931270,-0.639219,1.227097,-0.191637,-0.121574,0.024532,0.669781,0.000600,-0.933728,0.002217,-1.685518
29.259984,-0.700895,-0.116543,1.660428,-0.091574,-1.180267,0.279873,-0.493055,0.145028,-0.347728,1.128946,-0.075190,-0.382523,0.151264,-0.092832,-1.128587,-0.076698,1.278980,-1.931268,-0.640160,1.227099,-0.193349,-0.122146,0.023577,0.666984,0.000776,-0.938034,0.002102,-1.690542
29.261106,-0.704976,-0.112161,1.654810,-0.091778,-1.181762,0.279262,-0.496215,0.147988,-0.361640,1.131983,-0.071591,-0.381849,0.151068,-0.092414,-1.128821,-0.076649,1.280324,-1.931266,-0.642000,1.227104,-0.196678,-0.119629,0.023501,0.670162,0.000462,-0.932254,0.002711,-1.676673
29.262032,-0.706248,-0.108972,1.653008,-0.093171,-1.182237,0.281127,-0.493056,0.147988,-0.361640,1.131983,-0.071591,-0.381849,0.151068,-0.092414,-1.128821,-0.076649,1.280324,-1.931266,-0.642000,1.227104,-0.196678,-0.119629,0.023501,0.670162,0.000462,-0.932254,0.002711,-1.676673
29.263077,-0.715322,-0.106322,1.658487,-0.093543,-1.175895,0.282086,-0.492006,0.127196,-0.361382,1.110853,-0.068585,-0.386193,0.149586,-0.091569,-1.129045,-0.076605,1.281651,-1.931266,-0.643895,1.227104,-0.200044,-0.114296,0.022409,0.667490,0.000820,-0.935812,0.000719,-1.682397
29.264038,-0.715637,-0.106812,1.659461,-0.091828,-1.169655,0.282473,-0.495411,0.105434,-0.353576,1.088716,-0.067351,-0.390494,0.148388,-0.091116,-1.129159,-0.076580,1.282319,-1.931272,-0.644848,1.227104,-0.201714,-0.114060,0.023506,0.666375,-0.001451,-0.940585,0.000747,-1.674025
29.264963,-0.713326,-0.099615,1.651809,-0.090690,-1.168974,0.282733,-0.498023,0.105434,-0.353576,1.088716,-0.067351,-0.390494,0.148388,-0.091116,-1.129159,-0.076580,1.282319,-1.931272,-0.644848,1.227104,-0.201714,-0.114060,0.023506,0.666375,-0.001451,-0.940585,0.000747,-1.674025
29.266008,-0.715355,-0.093534,1.654352,-0.090275,-1.166916,0.282857,-0.495270,0.080264,-0.343719,1.063007,-0.063960,-0.395699,0.147261,-0.090590,-1.129276,-0.076565,1.282987,-1.931280,-0.645780,1.227110,-0.203351,-0.115017,0.020784,0.669321,-0.003054,-0.939657,0.000849,-1.667282
29.267056,-0.721361,-0.089734,1.651948,-0.091213,-1.164370,0.284260,-0.494138,0.015705,-0.312562,0.997056,-0.049863,-0.408042,0.145431,-0.089880,-1.129493,-0.076531,1.284332,-1.931286,-0.647668,1.227109,-0.206726,-0.111066,0.017943,0.669177,-0.003844,-0.943011,0.000218,-1.672989
29.268076,-0.727287,-0.085680,1.650015,-0.093413,-1.168170,0.284880,-0.497465,0.015705,-0.312562,0.997056,-0.049863,-0.408042,0.145431,-0.089880,-1.129493,-0.076531,1.284332,-1.931286,-0.647668,1.227109,-0.206726,-0.111066,0.017943,0.669177,-0.003844,-0.943011,0.000218,-1.672989
29.269095,-0.730468,-0.085410,1.654561,-0.094609,-1.163942,0.285200,-0.496994,-0.028828,-0.287026,0.951786,-0.042380,-0.414899,0.144337,-0.089876,-1.129596,-0.076516,1.285000,-1.931287,-0.648601,1.227111,-0.208365,-0.108192,0.016955,0.669952,-0.002356,-0.938394,0.000029,-1.665222
29.270104,-0.727365,-0.083164,1.657108,-0.094260,-1.167458,0.285143,-0.493566,-0.082669,-0.254504,0.897335,-0.037007,-0.421920,0.142856,-0.090011,-1.129699,-0.076495,1.285665,-1.931289,-0.649536,1.227110,-0.210030,-0.106700,0.017798,0.667491,-0.001844,-0.941905,0.000152,-1.665101
29.271037,-0.726186,-0.080647,1.659407,-0.097465,-1.170136,0.283886,-0.495204,-0.187144,-0.190369,0.792391,-0.030117,-0.433574,0.139944,-0.090703,-1.129919,-0.076461,1.286988,-1.931287,-0.651409,1.227118,-0.213364,-0.108736,0.017309,0.664112,-0.000380,-0.933236,0.002272,-1.665835
29.272196,-0.724363,-0.074498,1.662085,-0.099449,-1.173412,0.284288,-0.499466,-0.187144,-0.190369,0.792391,-0.030117,-0.433574,0.139944,-0.090703,-1.129919,-0.076461,1.286988,-1.931287,-0.651409,1.227118,-0.213364,-0.108736,0.017309,0.664112,-0.000380,-0.933236,0.002272,-1.665835
29.273062,-0.727095,-0.075119,1.657796,-0.099579,-1.175600,0.284225,-0.499792,-0.226562,-0.165241,0.753358,-0.028952,-0.437152,0.138887,-0.091139,-1.130028,-0.076450,1.287654,-1.931286,-0.652327,1.227121,-0.215016,-0.109847,0.015456,0.663697,0.000724,-0.930534,0.002334,-1.656948
29.274098,-0.732493,-0.070372,1.666287,-0.100590,-1.179688,0.285721,-0.496956,-0.258382,-0.143567,0.722285,-0.030113,-0.439294,0.137982,-0.091530,-1.130134,-0.076430,1.288317,-1.931286,-0.653248,1.227124,-0.216657,-0.108308,0.016592,0.664551,0.000221,-0.926396,0.002751,-1.654493
29.275124,-0.731355,-0.071757,1.662634,-0.102884,-1.180849,0.287272,-0.493970,-0.285704,-0.124236,0.695787,-0.032068,-0.440504,0.137144,-0.091949,-1.130233,-0.076418,1.288972,-1.931286,-0.654165,1.227124,-0.218335,-0.105753,0.015282,0.660362,0.000502,-0.921846,0.001684,-1.659144
29.275998,-0.725245,-0.065415,1.665908,-0.105375,-1.183505,0.288838,-0.498825,-0.309245,-0.107250,0.673058,-0.034196,-0.441053,0.136346,-0.092453,-1.130339,-0.076400,1.289632,-1.931282,-0.655074,1.227123,-0.219994,-0.106413,0.017001,0.662206,0.001994,-0.920246,0.000582,-1.664051
29.277032,-0.727268,-0.062420,1.661732,-0.105332,-1.182209,0.289864,-0.497773,-0.326807,-0.093560,0.656446,-0.037318,-0.440873,0.135652,-0.092965,-1.130453,-0.076390,1.290290,-1.931277,-0.655983,1.227122,-0.221630,-0.109257,0.014719,0.659332,0.003748,-0.915810,-0.000608,-1.652365
29.278068,-0.722800,-0.060865,1.665172,-0.105800,-1.181915,0.290007,-0.494165,-0.337034,-0.083054,0.647418,-0.041934,-0.439956,0.135198,-0.093418,-1.130558,-0.076377,1.290958,-1.931276,-0.656886,1.227122,-0.223300,-0.108287,0.014311,0.661397,0.002897,-0.916825,-0.001182,-1.653528
29.279130,-0.723938,-0.055503,1.670451,-0.105341,-1.180046,0.290014,-0.496291,-0.340889,-0.075186,0.644860,-0.046840,-0.438584,0.135074,-0.093867,-1.130671,-0.076362,1.291609,-1.931273,-0.657806,1.227122,-0.224957,-0.110531,0.014589,0.659773,0.002583,-0.916617,-0.000874,-1.659784
29.280022,-0.728194,-0.052917,1.674350,-0.105126,-1.178906,0.290725,-0.498257,-0.324089,-0.071546,0.663695,-0.052033,-0.434527,0.136486,-0.094738,-1.130883,-0.076341,1.292917,-1.931275,-0.659640,1.227121,-0.228261,-0.107789,0.012687,0.654484,0.000559,-0.917706,-0.000753,-1.648868
29.281057,-0.730220,-0.055566,1.675135,-0.106117,-1.181523,0.289734,-0.496936,-0.304879,-0.075308,0.683359,-0.051311,-0.431966,0.138040,-0.095028,-1.130989,-0.076323,1.293569,-1.931274,-0.660553,1.227126,-0.229897,-0.106855,0.015050,0.654243,0.000784,-0.914632,0.000670,-1.650653
29.282009,-0.734628,-0.054000,1.673036,-0.105334,-1.177681,0.290034,-0.494226,-0.304879,-0.075308,0.683359,-0.051311,-0.431966,0.138040,-0.095028,-1.130989,-0.076323,1.293569,-1.931274,-0.660553,1.227126,-0.229897,-0.106855,0.015050,0.654243,0.000784,-0.914632,0.000670,-1.650653
29.283041,-0.733353,-0.053319,1.672982,-0.106194,-1.175236,0.290546,-0.494596,-0.282959,-0.081961,0.705267,-0.048107,-0.429497,0.139816,-0.095278,-1.131089,-0.076308,1.294223,-1.931278,-0.661466,1.227127,-0.231566,-0.104673,0.015200,0.654769,-0.000598,-0.917407,0.000762,-1.654580
29.284020,-0.724982,-0.051421,1.676709,-0.109213,-1.176707,0.289796,-0.496109,-0.261787,-0.090135,0.726013,-0.042512,-0.427397,0.141573,-0.095539,-1.131197,-0.076292,1.294873,-1.931278,-0.662396,1.227127,-0.233202,-0.105381,0.015897,0.654919,-0.000458,-0.919214,0.000690,-1.652835
29.285093,-0.720903,-0.053946,1.676671,-0.108847,-1.172432,0.289799,-0.497019,-0.238696,-0.100855,0.748563,-0.036016,-0.425296,0.143334,-0.095725,-1.131314,-0.076275,1.295519,-1.931272,-0.663314,1.227131,-0.234845,-0.109457,0.015901,0.652798,0.001749,-0.916749,0.001848,-1.648526
29.286087,-0.729776,-0.050215,1.688178,-0.107733,-1.172174,0.289560,-0.493247,-0.207028,-0.117779,0.779814,-0.029956,-0.422554,0.145291,-0.095795,-1.131431,-0.076252,1.296177,-1.931274,-0.664236,1.227132,-0.236500,-0.111466,0.018181,0.653174,0.000629,-0.920881,0.002293,-1.645916
29.287017,-0.730234,-0.048869,1.684981,-0.109578,-1.169093,0.288748,-0.493135,-0.165222,-0.142333,0.821178,-0.023337,-0.419150,0.147557,-0.095862,-1.131531,-0.076236,1.296809,-1.931278,-0.665166,1.227137,-0.238157,-0.107050,0.017277,0.647413,-0.001107,-0.920151,0.002931,-1.652317
29.288116,-0.730296,-0.045693,1.683548,-0.111693,-1.170545,0.291484,-0.496806,-0.118233,-0.171441,0.867551,-0.015733,-0.415556,0.149955,-0.095992,-1.131636,-0.076216,1.297458,-1.931276,-0.666083,1.227144,-0.239804,-0.106807,0.017476,0.648433,0.000064,-0.921901,0.004105,-1.650919
29.289058,-0.733184,-0.042185,1.685029,-0.109017,-1.167743,0.291739,-0.497399,-0.073127,-0.200175,0.912015,-0.009009,-0.412230,0.152075,-0.096126,-1.131745,-0.076199,1.298104,-1.931271,-0.667004,1.227139,-0.241416,-0.106895,0.016985,0.649842,0.001269,-0.920443,0.001836,-1.643025
29.290107,-0.732318,-0.042370,1.689113,-0.111665,-1.167925,0.293840,-0.492540,-0.034864,-0.225372,0.949717,-0.003506,-0.409557,0.153743,-0.096245,-1.131850,-0.076184,1.298750,-1.931278,-0.667933,1.227142,-0.243059,-0.105405,0.016169,0.648567,-0.001949,-0.921906,0.001989,-1.640430
29.291080,-0.723882,-0.036087,1.695601,-0.111702,-1.167047,0.294941,-0.496222,-0.003086,-0.247586,0.981001,0.002141,-0.407593,0.155133,-0.096422,-1.131955,-0.076163,1.299397,-1.931274,-0.668841,1.227139,-0.244734,-0.105957,0.017275,0.646803,-0.000094,-0.921439,0.000338,-1.649252
29.291995,-0.725719,-0.034420,1.689233,-0.111269,-1.168469,0.293972,-0.497644,0.028590,-0.270313,1.012410,0.007752,-0.405724,0.156605,-0.096674,-1.132073,-0.076150,1.300030,-1.931276,-0.669769,1.227140,-0.246343,-0.110049,0.015110,0.643420,-0.000733,-0.921218,-0.000337,-1.640558
29.293064,-0.728134,-0.028958,1.694187,-0.113322,-1.164948,0.293979,-0.496147,0.063560,-0.294935,1.047444,0.013169,-0.403522,0.158395,-0.096934,-1.132178,-0.076132,1.300679,-1.931280,-0.670674,1.227143,-0.247976,-0.109007,0.015166,0.645895,-0.001728,-0.918403,0.001023,-1.636183
29.294064,-0.733039,-0.027026,1.699214,-0.115036,-1.168696,0.294748,-0.493066,0.096588,-0.318171,1.080783,0.018253,-0.401264,0.160259,-0.097203,-1.132286,-0.076121,1.301313,-1.931278,-0.671602,1.227146,-0.249625,-0.107883,0.013557,0.643977,-0.000457,-0.921693,0.001449,-1.638443
29.295122,-0.734234,-0.025229,1.695757,-0.117504,-1.172838,0.296000,-0.494379,0.142450,-0.350367,1.128081,0.021436,-0.396817,0.163056,-0.097984,-1.132490,-0.076094,1.302611,-1.931270,-0.673416,1.227147,-0.252909,-0.105060,0.013831,0.643469,0.002077,-0.912880,0.000293,-1.639947
29.296112,-0.734801,-0.023608,1.701250,-0.118111,-1.174684,0.296183,-0.496260,0.142450,-0.350367,1.128081,0.021436,-0.396817,0.163056,-0.097984,-1.132490,-0.076094,1.302611,-1.931270,-0.673416,1.227147,-0.252909,-0.105060,0.013831,0.643469,0.002077,-0.912880,0.000293,-1.639947
29.297036,-0.731609,-0.023252,1.696359,-0.121206,-1.176734,0.294660,-0.495736,0.153089,-0.358686,1.139827,0.018686,-0.394647,0.163731,-0.098345,-1.132594,-0.076078,1.303241,-1.931268,-0.674321,1.227151,-0.254516,-0.104821,0.014012,0.640711,0.001910,-0.910326,0.000521,-1.635117
29.298038,-0.733115,-0.023150,1.699085,-0.121921,-1.178945,0.295581,-0.493570,0.158185,-0.364055,1.146242,0.013658,-0.392339,0.163979,-0.098584,-1.132702,-0.076063,1.303888,-1.931260,-0.675228,1.227158,-0.256156,-0.106334,0.014755,0.642543,0.004175,-0.906967,0.002413,-1.634662
29.299073,-0.731469,-0.022172,1.700138,-0.122801,-1.179794,0.295776,-0.494571,0.160228,-0.368350,1.149777,0.006592,-0.389859,0.163820,-0.098797,-1.132806,-0.076047,1.304531,-1.931258,-0.676134,1.227160,-0.257813,-0.105609,0.015706,0.641116,0.004106,-0.904121,0.001890,-1.637835
29.300118,-0.733132,-0.016176,1.702360,-0.125294,-1.180987,0.296858,-0.498113,0.161043,-0.373057,1.152137,-0.001453,-0.387343,0.163354,-0.099006,-1.132915,-0.076030,1.305168,-1.931253,-0.677030,1.227161,-0.259424,-0.106484,0.016233,0.640913,0.004128,-0.903028,0.002139,-1.634943
29.301069,-0.733733,-0.012292,1.695550,-0.124228,-1.181663,0.298602,-0.497920,0.158170,-0.379928,1.152447,-0.019825,-0.383096,0.161820,-0.099168,-1.133126,-0.076010,1.306454,-1.931246,-0.678812,1.227162,-0.262652,-0.105393,0.013416,0.643132,0.003957,-0.900106,0.000145,-1.626176
29.302049,-0.737284,-0.008717,1.697122,-0.126975,-1.184005,0.300538,-0.492743,0.158170,-0.379928,1.152447,-0.019825,-0.383096,0.161820,-0.099168,-1.133126,-0.076010,1.306454,-1.931246,-0.678812,1.227162,-0.262652,-0.105393,0.013416,0.643132,0.003957,-0.900106,0.000145,-1.626176
29.303074,-0.741703,-0.005103,1.695786,-0.125566,-1.183339,0.300526,-0.495712,0.146851,-0.375669,1.142713,-0.030196,-0.382427,0.160648,-0.099217,-1.133224,-0.076000,1.307094,-1.931237,-0.679714,1.227159,-0.264306,-0.103659,0.012648,0.641976,0.005830,-0.896767,-0.001363,-1.635188
29.304032,-0.737213,-0.002871,1.696608,-0.125025,-1.174722,0.300559,-0.499356,0.126322,-0.364481,1.123635,-0.040962,-0.383265,0.159244,-0.099261,-1.133322,-0.075988,1.307742,-1.931238,-0.680603,1.227160,-0.265929,-0.101518,0.011834,0.642223,0.003731,-0.896620,-0.000930,-1.627742
29.305174,-0.740118,-0.002662,1.689002,-0.125607,-1.176580,0.298942,-0.496903,0.099870,-0.348551,1.098449,-0.050876,-0.385500,0.157893,-0.099185,-1.133432,-0.075978,1.308379,-1.931236,-0.681519,1.227163,-0.267520,-0.103639,0.011674,0.641038,0.002521,-0.903663,-0.000597,-1.618885
29.306108,-0.740670,-0.002397,1.690987,-0.125171,-1.167379,0.298656,-0.495981,0.071161,-0.330858,1.070805,-0.058711,-0.388927,0.156779,-0.098961,-1.133532,-0.075964,1.309033,-1.931234,-0.682415,1.227168,-0.269154,-0.102343,0.012676,0.645243,0.002287,-0.901712,0.001463,-1.623125
29.307028,-0.744249,0.002741,1.688091,-0.123550,-1.161451,0.299522,-0.495981,0.040530,-0.312644,1.040969,-0.064462,-0.393538,0.155768,-0.098681,-1.133633,-0.075950,1.309668,-1.931237,-0.683339,1.227171,-0.270764,-0.101984,0.013408,0.643261,0.001293,-0.909096,0.002091,-1.623181
29.308078,-0.747714,0.007963,1.682748,-0.123860,-1.160663,0.298901,-0.498114,0.009061,-0.294663,1.009954,-0.068005,-0.399072,0.154870,-0.098387,-1.133730,-0.075941,1.310311,-1.931243,-0.684268,1.227171,-0.272390,-0.100134,0.011737,0.643623,-0.000807,-0.912923,0.001581,-1.621276
29.309114,-0.750845,0.008951,1.689980,-0.121375,-1.158106,0.299250,-0.498312,-0.025259,-0.274842,0.975785,-0.069484,-0.405362,0.154033,-0.098030,-1.133824,-0.075935,1.310967,-1.931243,-0.685173,1.227174,-0.274006,-0.098544,0.010219,0.645976,-0.001178,-0.912855,0.002617,-1.615784
29.310016,-0.755403,0.013240,1.681898,-0.123161,-1.156235,0.298404,-0.496350,-0.064338,-0.251846,0.936614,-0.068804,-0.412284,0.153178,-0.097597,-1.133919,-0.075924,1.311599,-1.931254,-0.686096,1.227176,-0.275631,-0.097101,0.010761,0.642146,-0.004116,-0.914330,0.002661,-1.614135
29.311047,-0.755512,0.016147,1.688884,-0.124458,-1.156135,0.298670,-0.496472,-0.106425,-0.227100,0.894263,-0.065914,-0.419414,0.152340,-0.097199,-1.134008,-0.075918,1.312250,-1.931256,-0.687006,1.227181,-0.277247,-0.094832,0.009525,0.644913,-0.002834,-0.914157,0.003847,-1.616162
29.312025,-0.751193,0.020355,1.686885,-0.125268,-1.153436,0.298681,-0.498879,-0.150565,-0.200769,0.849912,-0.062812,-0.426246,0.151383,-0.096910,-1.134104,-0.075910,1.312889,-1.931258,-0.687919,1.227186,-0.278864,-0.094902,0.009137,0.641085,-0.002184,-0.913217,0.003953,-1.614595
29.313008,-0.755073,0.026052,1.688168,-0.128075,-1.160281,0.298930,-0.501509,-0.191957,-0.174927,0.808624,-0.061339,-0.431998,0.150377,-0.096675,-1.134205,-0.075905,1.313526,-1.931260,-0.688842,1.227192,-0.280443,-0.097052,0.008049,0.641491,-0.001979,-0.914378,0.004300,-1.608329
29.314116,-0.754532,0.025585,1.689564,-0.127821,-1.158188,0.300778,-0.497581,-0.227396,-0.150804,0.773735,-0.062412,-0.436231,0.149393,-0.096468,-1.134294,-0.075902,1.314169,-1.931256,-0.689732,1.227193,-0.282043,-0.095190,0.006249,0.640179,0.000099,-0.906252,0.004432,-1.601605
29.315239,-0.761168,0.028474,1.691529,-0.129817,-1.160304,0.304081,-0.497485,-0.258118,-0.127734,0.743968,-0.066255,-0.439137,0.148325,-0.096395,-1.134390,-0.075890,1.314803,-1.931260,-0.690649,1.227191,-0.283648,-0.095675,0.007597,0.639824,-0.000831,-0.907970,0.003022,-1.608745
29.315970,-0.758007,0.028081,1.686008,-0.130353,-1.158847,0.304135,-0.500375,-0.284767,-0.106404,0.718484,-0.071635,-0.441014,0.147208,-0.096529,-1.134477,-0.075883,1.315441,-1.931256,-0.691556,1.227188,-0.285256,-0.092639,0.007300,0.639247,0.000344,-0.905553,0.000174,-1.608069
29.316965,-0.752560,0.029919,1.691831,-0.130215,-1.160537,0.305209,-0.499674,-0.308260,-0.087123,0.696240,-0.077687,-0.442142,0.146116,-0.096789,-1.134573,-0.075873,1.316088,-1.931256,-0.692448,1.227189,-0.286849,-0.093998,0.008209,0.639500,0.000382,-0.903836,0.000435,-1.599510
29.318018,-0.750265,0.032503,1.692801,-0.132075,-1.156664,0.304337,-0.497393,-0.324832,-0.072667,0.680978,-0.083332,-0.442417,0.145389,-0.097088,-1.134676,-0.075863,1.316714,-1.931258,-0.693346,1.227188,-0.288432,-0.096699,0.008263,0.636182,-0.000385,-0.900959,-0.000241,-1.599664
29.319052,-0.754528,0.036411,1.696542,-0.133732,-1.158204,0.303983,-0.494544,-0.327951,-0.066864,0.679241,-0.087740,-0.441444,0.145472,-0.097465,-1.134777,-0.075856,1.317352,-1.931254,-0.694248,1.227189,-0.290048,-0.097903,0.008052,0.635621,0.000706,-0.904138,0.001062,-1.603084
29.320223,-0.753799,0.038755,1.699030,-0.132843,-1.161079,0.304705,-0.502433,-0.318124,-0.068523,0.690571,-0.092144,-0.439250,0.146320,-0.097944,-1.134867,-0.075849,1.317977,-1.931251,-0.695144,1.227192,-0.291648,-0.095905,0.007159,0.633652,0.001579,-0.901695,0.001809,-1.607591
29.321068,-0.754714,0.038877,1.693250,-0.133130,-1.161375,0.304617,-0.502965,-0.300355,-0.074244,0.709902,-0.097015,-0.436315,0.147686,-0.098391,-1.134965,-0.075842,1.318608,-1.931254,-0.696044,1.227192,-0.293213,-0.096538,0.007206,0.633253,-0.000023,-0.899007,0.001545,-1.591226
29.322047,-0.759629,0.039593,1.699628,-0.132549,-1.158149,0.304280,-0.498806,-0.278707,-0.082313,0.732940,-0.100746,-0.433206,0.149430,-0.098684,-1.135059,-0.075832,1.319249,-1.931254,-0.696928,1.227197,-0.294808,-0.095963,0.007978,0.634536,-0.000286,-0.896497,0.001944,-1.588160
29.323007,-0.764109,0.045930,1.699455,-0.132673,-1.150425,0.305151,-0.498462,-0.255582,-0.092150,0.757061,-0.102136,-0.430293,0.151391,-0.098916,-1.135150,-0.075821,1.319869,-1.931258,-0.697837,1.227197,-0.296404,-0.093589,0.008570,0.630879,-0.001443,-0.898364,0.002674,-1.595113
29.324010,-0.759168,0.045350,1.701417,-0.133239,-1.152497,0.306103,-0.501778,-0.232282,-0.102526,0.780910,-0.101444,-0.427572,0.153448,-0.099220,-1.135237,-0.075818,1.320500,-1.931260,-0.698741,1.227198,-0.298004,-0.091466,0.006411,0.630312,-0.001902,-0.904616,0.002167,-1.594143
29.325013,-0.754577,0.043177,1.703399,-0.134597,-1.152874,0.306746,-0.499801,-0.208723,-0.112579,0.804727,-0.099446,-0.424770,0.155604,-0.099589,-1.135337,-0.075809,1.321120,-1.931262,-0.699642,1.227198,-0.299563,-0.093994,0.007735,0.629084,-0.001958,-0.901315,0.001615,-1.586245
29.326030,-0.755331,0.048310,1.703977,-0.136702,-1.149766,0.306809,-0.496641,-0.180165,-0.125749,0.833407,-0.096272,-0.421408,0.158046,-0.099993,-1.135441,-0.075793,1.321744,-1.931262,-0.700547,1.227199,-0.301162,-0.096257,0.009758,0.627795,-0.001262,-0.899771,0.001373,-1.588950
29.327099,-0.758622,0.049192,1.713189,-0.138257,-1.147302,0.306262,-0.497867,-0.143435,-0.144396,0.870231,-0.092776,-0.417188,0.160830,-0.100485,-1.135536,-0.075789,1.322376,-1.931258,-0.701463,1.227200,-0.302777,-0.095941,0.008233,0.627235,0.000077,-0.901744,0.001712,-1.593944
29.328158,-0.758428,0.050763,1.708948,-0.139244,-1.148899,0.307992,-0.500340,-0.100747,-0.166266,0.913111,-0.090993,-0.412171,0.163750,-0.101054,-1.135631,-0.075778,1.322987,-1.931257,-0.702361,1.227203,-0.304352,-0.094445,0.008865,0.622928,0.000899,-0.903609,0.002677,-1.590479
29.329059,-0.758814,0.049501,1.710608,-0.137975,-1.147877,0.308351,-0.500933,-0.055383,-0.189209,0.958791,-0.091621,-0.406689,0.166616,-0.101506,-1.135725,-0.075767,1.323615,-1.931256,-0.703264,1.227202,-0.305927,-0.094707,0.009131,0.625175,0.001143,-0.901251,0.001352,-1.584525
29.330035,-0.762103,0.051956,1.712273,-0.138768,-1.147503,0.308238,-0.499462,-0.010681,-0.212458,1.003784,-0.092930,-0.401371,0.169351,-0.101680,-1.135820,-0.075754,1.324240,-1.931260,-0.704159,1.227204,-0.307512,-0.094463,0.010614,0.623273,-0.000650,-0.900408,0.001357,-1.581555
29.331059,-0.764811,0.050818,1.713504,-0.139033,-1.142165,0.309807,-0.495202,0.031693,-0.236147,1.046265,-0.092871,-0.396766,0.171974,-0.101645,-1.135910,-0.075744,1.324854,-1.931260,-0.705063,1.227204,-0.309089,-0.092910,0.010335,0.622081,-0.000487,-0.899399,0.001860,-1.583137
29.332063,-0.756636,0.053125,1.714820,-0.140929,-1.143989,0.309164,-0.498280,0.070566,-0.259871,1.085080,-0.091182,-0.393165,0.174435,-0.101545,-1.135998,-0.075730,1.325477,-1.931262,-0.705964,1.227207,-0.310700,-0.091736,0.011886,0.621334,-0.000867,-0.903816,0.000669,-1.590413
29.333080,-0.753437,0.053714,1.715950,-0.137957,-1.143775,0.309498,-0.501128,0.107062,-0.284185,1.121522,-0.088631,-0.390465,0.176748,-0.101368,-1.136104,-0.075719,1.326090,-1.931260,-0.706864,1.227210,-0.312251,-0.095818,0.011704,0.620526,0.000333,-0.900794,0.001714,-1.582952
29.334103,-0.757536,0.058044,1.713084,-0.138237,-1.139877,0.308952,-0.497334,0.184730,-0.341484,1.199060,-0.077538,-0.386810,0.181729,-0.100613,-1.136297,-0.075697,1.327337,-1.931273,-0.708671,1.227218,-0.315427,-0.095471,0.011239,0.621090,-0.003415,-0.902911,0.002694,-1.582527
29.335029,-0.764410,0.062362,1.714036,-0.137473,-1.140305,0.309228,-0.495217,0.216797,-0.368238,1.230745,-0.067719,-0.386381,0.184044,-0.100318,-1.136384,-0.075688,1.327962,-1.931280,-0.709571,1.227221,-0.317004,-0.092090,0.009993,0.619731,-0.004652,-0.900687,0.002758,-1.585065
29.336100,-0.767077,0.068016,1.708414,-0.139907,-1.138024,0.309701,-0.497670,0.216797,-0.368238,1.230745,-0.067719,-0.386381,0.184044,-0.100318,-1.136384,-0.075688,1.327962,-1.931280,-0.709571,1.227221,-0.317004,-0.092090,0.009993,0.619731,-0.004652,-0.900687,0.002758,-1.585065
29.337091,-0.766672,0.073165,1.707724,-0.140411,-1.142235,0.309521,-0.500901,0.233873,-0.385852,1.247305,-0.057413,-0.387237,0.185620,-0.100170,-1.136472,-0.075681,1.328585,-1.931278,-0.710470,1.227225,-0.318575,-0.091027,0.008275,0.622797,-0.002941,-0.902427,0.002690,-1.579173
29.338108,-0.767770,0.077569,1.706628,-0.141234,-1.140227,0.309189,-0.499500,0.232791,-0.391267,1.245796,-0.048891,-0.389142,0.186181,-0.100094,-1.136563,-0.075678,1.329203,-1.931282,-0.711361,1.227227,-0.320146,-0.091343,0.006762,0.622807,-0.003028,-0.897017,0.003260,-1.571388
29.339070,-0.765781,0.079358,1.704948,-0.142237,-1.141691,0.312038,-0.496040,0.215996,-0.385391,1.228811,-0.042887,-0.391536,0.185784,-0.100133,-1.136653,-0.075673,1.329829,-1.931286,-0.712261,1.227231,-0.321712,-0.090941,0.005637,0.623140,-0.002777,-0.898063,0.003973,-1.573127
29.340066,-0.761588,0.081627,1.707903,-0.145345,-1.143645,0.312095,-0.500196,0.188965,-0.371622,1.201849,-0.038866,-0.393816,0.184706,-0.100391,-1.136746,-0.075666,1.330459,-1.931287,-0.713141,1.227228,-0.323308,-0.092001,0.005739,0.623326,-0.002398,-0.895314,0.001498,-1.578538
29.341013,-0.764441,0.082712,1.703020,-0.150737,-1.148867,0.313121,-0.502407,0.159032,-0.354607,1.172282,-0.036777,-0.395319,0.183310,-0.100836,-1.136843,-0.075660,1.331073,-1.931281,-0.714032,1.227230,-0.324842,-0.094144,0.005635,0.621600,-0.000063,-0.892262,0.001855,-1.568941
29.342034,-0.764474,0.083247,1.700283,-0.149585,-1.146405,0.314933,-0.498599,0.130744,-0.336998,1.144765,-0.038522,-0.395623,0.181711,-0.101370,-1.136932,-0.075654,1.331701,-1.931268,-0.714909,1.227230,-0.326400,-0.092766,0.006079,0.623341,0.004391,-0.885663,0.001195,-1.563080
29.343134,-0.765827,0.082228,1.708728,-0.150225,-1.150853,0.315394,-0.495161,0.102392,-0.318164,1.117526,-0.044994,-0.395043,0.179774,-0.102031,-1.137025,-0.075647,1.332333,-1.931269,-0.715790,1.227229,-0.327992,-0.092885,0.006858,0.624449,0.002528,-0.887406,-0.000210,-1.569581
29.344004,-0.770614,0.086501,1.697563,-0.151743,-1.148717,0.315767,-0.496244,0.075231,-0.300210,1.091495,-0.053035,-0.394013,0.177762,-0.102896,-1.137117,-0.075636,1.332944,-1.931267,-0.716670,1.227231,-0.329566,-0.092428,0.008473,0.620732,0.002397,-0.882725,-0.000233,-1.575683
29.345099,-0.773039,0.088701,1.702482,-0.153814,-1.149044,0.315972,-0.500322,0.050067,-0.284322,1.067285,-0.060332,-0.392953,0.175876,-0.103871,-1.137202,-0.075632,1.333579,-1.931263,-0.717546,1.227230,-0.331136,-0.090050,0.007220,0.625019,0.003257,-0.882973,-0.000252,-1.571503
29.346013,-0.773498,0.090176,1.700641,-0.152853,-1.150360,0.315358,-0.499021,0.021886,-0.266837,1.039942,-0.067875,-0.392454,0.173882,-0.104750,-1.137290,-0.075625,1.334193,-1.931256,-0.718423,1.227231,-0.332668,-0.089127,0.007267,0.622988,0.004416,-0.882463,-0.000019,-1.562672
29.347043,-0.776208,0.091908,1.699289,-0.153451,-1.148572,0.314683,-0.494784,-0.009569,-0.247241,1.009239,-0.075835,-0.392750,0.171819,-0.105471,-1.137378,-0.075616,1.334816,-1.931257,-0.719305,1.227233,-0.334241,-0.088947,0.007441,0.623008,0.002851,-0.879476,0.000953,-1.563677
29.348035,-0.774121,0.099299,1.697117,-0.153665,-1.143833,0.314370,-0.496206,-0.041769,-0.227608,0.977617,-0.082677,-0.393985,0.169889,-0.106166,-1.137465,-0.075609,1.335446,-1.931255,-0.720180,1.227235,-0.335839,-0.087785,0.007640,0.623513,0.002738,-0.880637,0.002031,-1.570998
29.349048,-0.777052,0.101206,1.693006,-0.151917,-1.141075,0.314854,-0.499825,-0.074924,-0.207569,0.944887,-0.088093,-0.396301,0.168096,-0.106879,-1.137558,-0.075609,1.336067,-1.931255,-0.721074,1.227240,-0.337384,-0.088940,0.005015,0.624265,0.002291,-0.884244,0.002706,-1.566839
29.350105,-0.779967,0.101904,1.691821,-0.152313,-1.138793,0.315365,-0.500682,-0.110018,-0.185805,0.910082,-0.092055,-0.399715,0.166432,-0.107474,-1.137643,-0.075603,1.336697,-1.931259,-0.721953,1.227241,-0.338934,-0.087656,0.005138,0.626041,-0.000058,-0.886142,0.002608,-1.558448
29.350991,-0.783678,0.108066,1.691398,-0.150708,-1.130992,0.316491,-0.496733,-0.148364,-0.162157,0.871714,-0.093483,-0.404334,0.164861,-0.107880,-1.137728,-0.075596,1.337318,-1.931259,-0.722846,1.227243,-0.340470,-0.086461,0.005887,0.626756,-0.000353,-0.887790,0.002507,-1.555960
29.351997,-0.777906,0.109472,1.685246,-0.149871,-1.128648,0.317142,-0.496624,-0.190073,-0.137072,0.829601,-0.092031,-0.410037,0.163374,-0.108200,-1.137809,-0.075596,1.337944,-1.931266,-0.723759,1.227243,-0.342048,-0.084698,0.003760,0.625803,-0.002396,-0.893451,0.001730,-1.562082
29.353072,-0.779949,0.109987,1.691293,-0.152080,-1.126593,0.316150,-0.501407,-0.233237,-0.111401,0.785759,-0.087578,-0.416361,0.162121,-0.108508,-1.137904,-0.075593,1.338584,-1.931274,-0.724661,1.227244,-0.343623,-0.087713,0.004170,0.628451,-0.003716,-0.894619,0.001479,-1.560984
29.354031,-0.776997,0.115435,1.691110,-0.151790,-1.132620,0.315093,-0.501833,-0.273579,-0.087919,0.744620,-0.080579,-0.422584,0.161253,-0.108702,-1.137991,-0.075588,1.339201,-1.931271,-0.725550,1.227251,-0.345143,-0.086916,0.005045,0.625689,-0.002250,-0.896229,0.002874,-1.550649
29.355083,-0.783816,0.114573,1.690666,-0.152076,-1.131595,0.315384,-0.499789,-0.306947,-0.069092,0.710455,-0.072627,-0.427999,0.160793,-0.108707,-1.138081,-0.075589,1.339828,-1.931275,-0.726416,1.227256,-0.346692,-0.088488,0.003378,0.625153,-0.003107,-0.888978,0.004283,-1.548497
29.356004,-0.779474,0.115855,1.694348,-0.154903,-1.127677,0.317632,-0.496652,-0.334091,-0.054408,0.682489,-0.064241,-0.432511,0.160587,-0.108647,-1.138159,-0.075582,1.340459,-1.931281,-0.727307,1.227261,-0.348262,-0.085377,0.004923,0.625357,-0.003387,-0.889418,0.004373,-1.551641
29.357091,-0.782027,0.119384,1.686525,-0.155798,-1.136871,0.319073,-0.499820,-0.355811,-0.043577,0.659954,-0.055997,-0.436104,0.160472,-0.108670,-1.138250,-0.075577,1.341077,-1.931277,-0.728206,1.227261,-0.349817,-0.087616,0.005233,0.622685,-0.001230,-0.891595,0.002470,-1.556340
29.358025,-0.778092,0.119529,1.691466,-0.156433,-1.137892,0.319929,-0.501803,-0.372384,-0.036111,0.642746,-0.049304,-0.438705,0.160350,-0.108747,-1.138333,-0.075575,1.341711,-1.931279,-0.729069,1.227262,-0.351357,-0.086635,0.004650,0.626855,-0.001032,-0.882193,0.001465,-1.549188
29.359018,-0.780356,0.122587,1.698190,-0.157820,-1.138499,0.319449,-0.499745,-0.386074,-0.030610,0.628620,-0.044023,-0.440634,0.160153,-0.108756,-1.138426,-0.075569,1.342325,-1.931279,-0.729947,1.227261,-0.352874,-0.088645,0.005549,0.623650,-0.001019,-0.879783,0.000999,-1.543863
29.360066,-0.772546,0.123129,1.695710,-0.158927,-1.141394,0.319805,-0.497160,-0.390090,-0.033749,0.624279,-0.035433,-0.441937,0.160508,-0.108784,-1.138609,-0.075556,1.343574,-1.931276,-0.731688,1.227266,-0.356003,-0.091713,0.005861,0.621221,0.000025,-0.874873,0.001908,-1.550982
29.361041,-0.764496,0.126529,1.691910,-0.158457,-1.142208,0.320681,-0.499416,-0.375203,-0.045143,0.639368,-0.031350,-0.441071,0.161407,-0.108900,-1.138713,-0.075550,1.344196,-1.931278,-0.732560,1.227268,-0.357523,-0.095669,0.005157,0.622658,-0.001060,-0.873010,0.001403,-1.545187
29.361971,-0.770266,0.131179,1.689074,-0.159888,-1.146418,0.322174,-0.503372,-0.375203,-0.045143,0.639368,-0.031350,-0.441071,0.161407,-0.108900,-1.138713,-0.075550,1.344196,-1.931278,-0.732560,1.227268,-0.357523,-0.095669,0.005157,0.622658,-0.001060,-0.873010,0.001403,-1.545187
29.363065,-0.776121,0.129769,1.693078,-0.161824,-1.148105,0.322481,-0.504176,-0.332249,-0.073981,0.682868,-0.021926,-0.438160,0.163974,-0.108912,-1.138883,-0.075539,1.345434,-1.931273,-0.734276,1.227271,-0.360559,-0.090206,0.005684,0.621711,0.000870,-0.865839,0.000405,-1.533729
29.364049,-0.778427,0.133175,1.696813,-0.160476,-1.148040,0.323125,-0.500392,-0.332249,-0.073981,0.682868,-0.021926,-0.438160,0.163974,-0.108912,-1.138883,-0.075539,1.345434,-1.931273,-0.734276,1.227271,-0.360559,-0.090206,0.005684,0.621711,0.000870,-0.865839,0.000405,-1.533729
29.365019,-0.775855,0.136465,1.689312,-0.161741,-1.145152,0.323770,-0.503432,-0.314737,-0.085179,0.700545,-0.017927,-0.436956,0.165056,-0.109033,-1.138969,-0.075535,1.346052,-1.931277,-0.735143,1.227270,-0.362118,-0.089218,0.004998,0.619477,-0.001059,-0.864957,0.000153,-1.540087
29.365995,-0.770320,0.141331,1.689116,-0.163237,-1.143955,0.323081,-0.505742,-0.287498,-0.100944,0.728265,-0.009664,-0.434790,0.167033,-0.109763,-1.139163,-0.075532,1.347301,-1.931274,-0.736873,1.227272,-0.365144,-0.093346,0.003033,0.622322,0.000343,-0.867027,0.000978,-1.526944
29.367092,-0.767544,0.141041,1.696096,-0.162775,-1.144434,0.324358,-0.507437,-0.287498,-0.100944,0.728265,-0.009664,-0.434790,0.167033,-0.109763,-1.139163,-0.075532,1.347301,-1.931274,-0.736873,1.227272,-0.365144,-0.093346,0.003033,0.622322,0.000343,-0.867027,0.000978,-1.526944
29.368166,-0.769174,0.146065,1.703621,-0.163637,-1.142643,0.323420,-0.502321,-0.272401,-0.107454,0.743861,-0.006447,-0.432989,0.168225,-0.110219,-1.139260,-0.075525,1.347914,-1.931276,-0.737729,1.227271,-0.366666,-0.094885,0.004348,0.619321,-0.000827,-0.866589,0.000123,-1.522993
29.369075,-0.769291,0.143102,1.707373,-0.166715,-1.143014,0.324603,-0.501610,-0.212949,-0.133872,0.804341,-0.000112,-0.425587,0.172352,-0.111631,-1.139449,-0.075515,1.349131,-1.931268,-0.739472,1.227278,-0.369739,-0.094123,0.005405,0.613311,0.001639,-0.866122,0.000629,-1.532357
29.369993,-0.762825,0.145055,1.695168,-0.168055,-1.141336,0.324509,-0.506185,-0.212949,-0.133872,0.804341,-0.000112,-0.425587,0.172352,-0.111631,-1.139449,-0.075515,1.349131,-1.931268,-0.739472,1.227278,-0.369739,-0.094123,0.005405,0.613311,0.001639,-0.866122,0.000629,-1.532357
29.371004,-0.767060,0.143444,1.697867,-0.170116,-1.146156,0.324927,-0.506580,-0.169707,-0.153991,0.848269,0.000917,-0.420025,0.174935,-0.112421,-1.139553,-0.075506,1.349765,-1.931266,-0.740330,1.227280,-0.371248,-0.097255,0.005313,0.618468,0.002300,-0.866450,0.001090,-1.521677
29.372039,-0.770814,0.145137,1.699365,-0.170626,-1.141851,0.325325,-0.502499,-0.124982,-0.175524,0.893813,-0.000341,-0.414038,0.177309,-0.113085,-1.139645,-0.075493,1.350373,-1.931260,-0.741190,1.227281,-0.372747,-0.095200,0.007114,0.617007,0.003559,-0.860903,0.001066,-1.520057
29.373041,-0.774547,0.147557,1.700927,-0.170173,-1.137780,0.326396,-0.499992,-0.048077,-0.215303,0.972084,-0.007596,-0.403601,0.180663,-0.114482,-1.139823,-0.075479,1.351608,-1.931258,-0.742935,1.227282,-0.375837,-0.091797,0.007128,0.615275,0.002174,-0.867896,0.000396,-1.531162
29.374040,-0.766534,0.149645,1.697996,-0.169234,-1.138876,0.326426,-0.503815,-0.048077,-0.215303,0.972084,-0.007596,-0.403601,0.180663,-0.114482,-1.139823,-0.075479,1.351608,-1.931258,-0.742935,1.227282,-0.375837,-0.091797,0.007128,0.615275,0.002174,-0.867896,0.000396,-1.531162
29.374986,-0.765759,0.154084,1.696892,-0.171142,-1.136580,0.325902,-0.505595,0.010130,-0.249638,1.031001,-0.012311,-0.397285,0.183107,-0.115769,-1.140025,-0.075468,1.352839,-1.931258,-0.744670,1.227283,-0.378841,-0.096144,0.005881,0.616492,0.001867,-0.866989,0.001676,-1.517623
29.376046,-0.768903,0.155371,1.702227,-0.169564,-1.134236,0.325280,-0.503487,0.010130,-0.249638,1.031001,-0.012311,-0.397285,0.183107,-0.115769,-1.140025,-0.075468,1.352839,-1.931258,-0.744670,1.227283,-0.378841,-0.096144,0.005881,0.616492,0.001867,-0.866989,0.001676,-1.517623
29.377106,-0.771337,0.156655,1.699543,-0.170532,-1.130829,0.326208,-0.500985,0.057474,-0.281147,1.078643,-0.011819,-0.395076,0.185664,-0.116630,-1.140209,-0.075453,1.354066,-1.931261,-0.746431,1.227285,-0.381917,-0.093701,0.006786,0.615671,-0.000080,-0.871783,0.002191,-1.525282
29.378082,-0.772807,0.160089,1.691945,-0.170138,-1.131498,0.326155,-0.503382,0.071392,-0.292923,1.092412,-0.009686,-0.395705,0.186649,-0.116967,-1.140304,-0.075446,1.354693,-1.931265,-0.747287,1.227290,-0.383416,-0.093005,0.006066,0.618966,-0.001044,-0.870161,0.002616,-1.519293
29.378993,-0.772598,0.163685,1.690788,-0.172637,-1.133529,0.326973,-0.506113,0.072670,-0.298211,1.093458,-0.007426,-0.397605,0.187075,-0.117053,-1.140399,-0.075444,1.355308,-1.931261,-0.748153,1.227292,-0.384892,-0.093076,0.005247,0.618665,0.000782,-0.866608,0.002141,-1.512497
29.380101,-0.776044,0.170515,1.695693,-0.171125,-1.133834,0.326735,-0.507817,0.062374,-0.296696,1.083008,-0.005922,-0.400336,0.187014,-0.116899,-1.140487,-0.075444,1.355925,-1.931267,-0.749009,1.227297,-0.386402,-0.091625,0.003054,0.616745,-0.001372,-0.866472,0.002802,-1.508643
29.381050,-0.772086,0.170843,1.691819,-0.172621,-1.134265,0.325954,-0.503324,0.062374,-0.296696,1.083008,-0.005922,-0.400336,0.187014,-0.116899,-1.140487,-0.075444,1.355925,-1.931267,-0.749009,1.227297,-0.386402,-0.091625,0.003054,0.616745,-0.001372,-0.866472,0.002802,-1.508643
29.382046,-0.767762,0.175349,1.693335,-0.174034,-1.135631,0.324908,-0.501224,0.044510,-0.290302,1.065129,-0.004821,-0.403328,0.186679,-0.116695,-1.140586,-0.075439,1.356538,-1.931267,-0.749873,1.227303,-0.387924,-0.093606,0.003916,0.618167,-0.000478,-0.864825,0.003928,-1.516426
29.383120,-0.765736,0.176802,1.689129,-0.176840,-1.141161,0.326143,-0.506302,0.004212,-0.274041,1.025500,-0.005103,-0.407772,0.185453,-0.116324,-1.140785,-0.075431,1.357780,-1.931258,-0.751576,1.227314,-0.390949,-0.096888,0.003132,0.619459,0.002167,-0.857099,0.004478,-1.508581
29.384038,-0.772047,0.179897,1.692537,-0.172754,-1.145167,0.327369,-0.506853,0.004212,-0.274041,1.025500,-0.005103,-0.407772,0.185453,-0.116324,-1.140785,-0.075431,1.357780,-1.931258,-0.751576,1.227314,-0.390949,-0.096888,0.003132,0.619459,0.002167,-0.857099,0.004478,-1.508581
29.385017,-0.772543,0.180516,1.688609,-0.176238,-1.147224,0.328825,-0.502732,-0.015941,-0.265730,1.005931,-0.006575,-0.408871,0.184486,-0.115976,-1.140874,-0.075428,1.358390,-1.931269,-0.752418,1.227317,-0.392438,-0.093738,0.002556,0.616985,-0.002336,-0.851890,0.003601,-1.506224
29.386100,-0.772586,0.182818,1.686938,-0.179587,-1.150358,0.329595,-0.501907,-0.038664,-0.256552,0.983613,-0.006338,-0.409724,0.183264,-0.115642,-1.140966,-0.075423,1.359015,-1.931263,-0.753254,1.227318,-0.393971,-0.093601,0.003294,0.618508,0.000430,-0.849177,0.002532,-1.513344
29.387024,-0.772933,0.182654,1.683849,-0.182578,-1.152148,0.329917,-0.505596,-0.065180,-0.245546,0.957443,-0.006144,-0.410490,0.181609,-0.115477,-1.141060,-0.075421,1.359629,-1.931254,-0.754094,1.227320,-0.395478,-0.093761,0.003308,0.619743,0.002840,-0.846141,0.002187,-1.514349
29.387971,-0.775456,0.188867,1.682823,-0.183927,-1.154718,0.331522,-0.508064,-0.095541,-0.232128,0.927652,-0.009322,-0.411164,0.179344,-0.115405,-1.141154,-0.075415,1.360253,-1.931246,-0.754939,1.227323,-0.396967,-0.093570,0.004358,0.620424,0.005016,-0.843148,0.002218,-1.505557
29.388963,-0.770217,0.186022,1.679123,-0.181627,-1.150290,0.332417,-0.505868,-0.129444,-0.215944,0.894683,-0.016909,-0.411897,0.176536,-0.115320,-1.141243,-0.075416,1.360879,-1.931238,-0.755767,1.227322,-0.398466,-0.092385,0.002289,0.620218,0.005527,-0.839722,0.000988,-1.499407
29.390080,-0.771809,0.194241,1.679919,-0.181524,-1.150665,0.332735,-0.502667,-0.198606,-0.181374,0.828005,-0.035289,-0.414485,0.170851,-0.115530,-1.141434,-0.075414,1.362122,-1.931241,-0.757465,1.227326,-0.401490,-0.094476,0.001906,0.621884,0.001773,-0.843379,0.000606,-1.508823
29.391090,-0.774337,0.194787,1.676440,-0.183134,-1.149864,0.333185,-0.506606,-0.198606,-0.181374,0.828005,-0.035289,-0.414485,0.170851,-0.115530,-1.141434,-0.075414,1.362122,-1.931241,-0.757465,1.227326,-0.401490,-0.094476,0.001906,0.621884,0.001773,-0.843379,0.000606,-1.508823
29.392062,-0.777146,0.199793,1.668889,-0.182685,-1.150736,0.333270,-0.508049,-0.231249,-0.164643,0.796532,-0.041841,-0.416717,0.168508,-0.115928,-1.141524,-0.075409,1.362753,-1.931237,-0.758303,1.227327,-0.402985,-0.093349,0.002736,0.623317,0.002632,-0.843731,0.000554,-1.499890
29.393046,-0.778221,0.198924,1.670247,-0.182371,-1.142620,0.334361,-0.506256,-0.267665,-0.144707,0.761168,-0.047692,-0.419958,0.166246,-0.116347,-1.141614,-0.075411,1.363381,-1.931239,-0.759140,1.227328,-0.404452,-0.092030,0.001315,0.626540,0.001565,-0.842090,0.000852,-1.496068
29.394106,-0.779749,0.200662,1.671996,-0.182037,-1.142031,0.334912,-0.501988,-0.309537,-0.120908,0.720129,-0.052741,-0.424313,0.163979,-0.116784,-1.141706,-0.075405,1.364008,-1.931241,-0.759990,1.227328,-0.405962,-0.091595,0.002796,0.625354,0.000640,-0.849518,0.000143,-1.498622
29.395051,-0.772622,0.206721,1.667665,-0.181277,-1.135549,0.333511,-0.502553,-0.389586,-0.075406,0.640887,-0.057520,-0.434513,0.160509,-0.117984,-1.141896,-0.075405,1.365253,-1.931247,-0.761722,1.227336,-0.408970,-0.094576,0.001095,0.626121,-0.001660,-0.854979,0.001770,-1.504017
29.396006,-0.767745,0.209327,1.666257,-0.182482,-1.131129,0.333395,-0.507424,-0.419120,-0.057991,0.611575,-0.057426,-0.439193,0.159691,-0.118471,-1.141999,-0.075408,1.365885,-1.931247,-0.762575,1.227339,-0.410456,-0.096924,0.000907,0.626080,-0.001073,-0.858346,0.002234,-1.493045
29.397146,-0.770561,0.211517,1.668455,-0.182699,-1.134311,0.333430,-0.505895,-0.439328,-0.044950,0.591584,-0.056928,-0.443018,0.159445,-0.118742,-1.142096,-0.075407,1.366506,-1.931249,-0.763432,1.227342,-0.411942,-0.095705,0.001062,0.625701,-0.001577,-0.855478,0.002637,-1.496029
29.398088,-0.776149,0.212655,1.668962,-0.182185,-1.129815,0.334465,-0.502481,-0.439328,-0.044950,0.591584,-0.056928,-0.443018,0.159445,-0.118742,-1.142096,-0.075407,1.366506,-1.931249,-0.763432,1.227342,-0.411942,-0.095705,0.001062,0.625701,-0.001577,-0.855478,0.002637,-1.496029
29.399070,-0.771912,0.212991,1.663307,-0.184447,-1.126981,0.336316,-0.503393,-0.453238,-0.035175,0.577721,-0.056026,-0.446175,0.159517,-0.118963,-1.142183,-0.075404,1.367133,-1.931252,-0.764292,1.227343,-0.413464,-0.092992,0.001515,0.624683,-0.002641,-0.858829,0.001964,-1.501523
29.400021,-0.766503,0.217326,1.661948,-0.184055,-1.129194,0.336248,-0.505162,-0.464141,-0.027373,0.566674,-0.054840,-0.448832,0.159682,-0.119249,-1.142282,-0.075401,1.367756,-1.931252,-0.765155,1.227339,-0.414970,-0.095159,0.002395,0.627105,-0.001022,-0.860720,0.000520,-1.498527
29.401011,-0.759644,0.219623,1.662273,-0.186133,-1.133424,0.336911,-0.508058,-0.471852,-0.021756,0.558816,-0.054002,-0.450808,0.159938,-0.119507,-1.142385,-0.075402,1.368385,-1.931256,-0.766011,1.227342,-0.416436,-0.097780,0.001285,0.627044,-0.001970,-0.857356,0.000971,-1.493882
29.401989,-0.758448,0.224711,1.665915,-0.185832,-1.128699,0.337532,-0.503971,-0.473233,-0.019889,0.557421,-0.053502,-0.451830,0.160520,-0.119642,-1.142493,-0.075402,1.369016,-1.931252,-0.766851,1.227342,-0.417917,-0.101125,0.001246,0.626409,-0.000617,-0.852486,0.000694,-1.487121
29.403001,-0.751964,0.223240,1.662661,-0.186115,-1.129435,0.337905,-0.502495,-0.445507,-0.032377,0.585585,-0.053176,-0.450369,0.163542,-0.119855,-1.142705,-0.075397,1.370261,-1.931258,-0.768574,1.227341,-0.420907,-0.104706,0.001504,0.624898,-0.001782,-0.854150,0.000466,-1.495842
29.404073,-0.748877,0.227435,1.657604,-0.187983,-1.133866,0.336791,-0.506565,-0.445507,-0.032377,0.585585,-0.053176,-0.450369,0.163542,-0.119855,-1.142705,-0.075397,1.370261,-1.931258,-0.768574,1.227341,-0.420907,-0.104706,0.001504,0.624898,-0.001782,-0.854150,0.000466,-1.495842
29.405134,-0.753890,0.227956,1.661778,-0.188610,-1.137151,0.337100,-0.509302,-0.417374,-0.046678,0.614049,-0.052464,-0.448272,0.165926,-0.119911,-1.142814,-0.075400,1.370896,-1.931257,-0.769407,1.227342,-0.422393,-0.106131,0.000519,0.626971,-0.000601,-0.849171,0.001985,-1.486607
29.405984,-0.756702,0.228886,1.661430,-0.187366,-1.135321,0.338429,-0.508875,-0.386167,-0.063009,0.645570,-0.051884,-0.445966,0.168440,-0.119735,-1.142915,-0.075398,1.371510,-1.931255,-0.770247,1.227344,-0.423848,-0.103577,0.001349,0.624550,-0.000678,-0.845232,0.002039,-1.480248
29.407118,-0.761104,0.233457,1.658159,-0.190374,-1.137117,0.338041,-0.504624,-0.329319,-0.093707,0.702533,-0.049755,-0.442377,0.173217,-0.118928,-1.143108,-0.075396,1.372759,-1.931258,-0.771928,1.227345,-0.426822,-0.099886,0.000601,0.624654,-0.000063,-0.842944,0.001832,-1.487026
29.408079,-0.753718,0.233186,1.655313,-0.188261,-1.134186,0.339351,-0.506160,-0.309506,-0.104304,0.722299,-0.048581,-0.441507,0.175190,-0.118547,-1.143221,-0.075391,1.373384,-1.931264,-0.772777,1.227343,-0.428302,-0.103361,0.001690,0.624969,-0.002658,-0.844416,0.000874,-1.482349
29.409085,-0.747605,0.236897,1.657916,-0.190374,-1.135698,0.339155,-0.509609,-0.290288,-0.114709,0.741509,-0.046716,-0.440739,0.177192,-0.118104,-1.143332,-0.075390,1.374008,-1.931263,-0.773602,1.227348,-0.429774,-0.106211,0.000851,0.622871,-0.001164,-0.841948,0.001428,-1.474177
29.410024,-0.745411,0.238198,1.661078,-0.190219,-1.139264,0.337992,-0.508352,-0.263993,-0.129177,0.767832,-0.043978,-0.439380,0.179622,-0.117562,-1.143440,-0.075389,1.374619,-1.931265,-0.774433,1.227351,-0.431237,-0.107054,0.001165,0.620207,-0.001885,-0.836886,0.002929,-1.475274
29.411121,-0.742364,0.238553,1.660821,-0.189472,-1.136526,0.337417,-0.505605,-0.263993,-0.129177,0.767832,-0.043978,-0.439380,0.179622,-0.117562,-1.143440,-0.075389,1.374619,-1.931265,-0.774433,1.227351,-0.431237,-0.107054,0.001165,0.620207,-0.001885,-0.836886,0.002929,-1.475274
29.412020,-0.746539,0.240082,1.660704,-0.191032,-1.133066,0.337792,-0.502712,-0.186194,-0.173568,0.845359,-0.034459,-0.434486,0.185644,-0.116798,-1.143651,-0.075381,1.375850,-1.931270,-0.776114,1.227356,-0.434206,-0.106168,0.002183,0.618952,-0.002174,-0.840890,0.003819,-1.483938
29.413202,-0.747065,0.243855,1.656016,-0.192081,-1.134655,0.340063,-0.508747,-0.186194,-0.173568,0.845359,-0.034459,-0.434486,0.185644,-0.116798,-1.143651,-0.075381,1.375850,-1.931270,-0.776114,1.227356,-0.434206,-0.106168,0.002183,0.618952,-0.002174,-0.840890,0.003819,-1.483938
29.414116,-0.747807,0.246246,1.657224,-0.192316,-1.136554,0.340099,-0.510735,-0.144730,-0.197574,0.886564,-0.028899,-0.431415,0.188518,-0.116641,-1.143756,-0.075381,1.376478,-1.931270,-0.776956,1.227354,-0.435656,-0.105998,0.001514,0.621682,-0.001850,-0.839464,0.001977,-1.471368
29.415028,-0.749198,0.245121,1.654275,-0.194653,-1.135204,0.341555,-0.508460,-0.109995,-0.217213,0.921145,-0.024214,-0.428343,0.190835,-0.116483,-1.143861,-0.075380,1.377100,-1.931272,-0.777781,1.227357,-0.437124,-0.105396,0.001251,0.619671,-0.002142,-0.835962,0.002285,-1.465813
29.416016,-0.747619,0.248569,1.652022,-0.195488,-1.130863,0.342374,-0.504883,-0.082351,-0.232445,0.948775,-0.020557,-0.425323,0.192592,-0.116410,-1.143963,-0.075372,1.377712,-1.931269,-0.778617,1.227356,-0.438582,-0.104500,0.002685,0.619908,-0.000436,-0.835628,0.001160,-1.468840
29.417016,-0.741277,0.249748,1.653806,-0.196016,-1.130063,0.342422,-0.508358,-0.060469,-0.244305,0.970859,-0.018650,-0.422305,0.193836,-0.116603,-1.144067,-0.075372,1.378335,-1.931269,-0.779458,1.227355,-0.440070,-0.105170,0.001958,0.620157,-0.000229,-0.838802,0.000715,-1.474636
29.418027,-0.741821,0.249552,1.650245,-0.197102,-1.129414,0.342783,-0.513591,-0.041069,-0.254620,0.990773,-0.018466,-0.419124,0.194807,-0.117056,-1.144180,-0.075368,1.378942,-1.931269,-0.780301,1.227356,-0.441529,-0.108124,0.002365,0.618616,-0.000323,-0.838417,0.001038,-1.466332
29.419054,-0.744494,0.253306,1.647156,-0.197770,-1.127604,0.343071,-0.512775,-0.000571,-0.277220,1.032899,-0.020154,-0.412455,0.196689,-0.118110,-1.144394,-0.075364,1.380192,-1.931263,-0.781977,1.227360,-0.444416,-0.106197,0.002624,0.620562,0.000028,-0.838990,0.001116,-1.455459
29.420046,-0.749954,0.248582,1.644540,-0.199820,-1.125948,0.344169,-0.507130,-0.000571,-0.277220,1.032899,-0.020154,-0.412455,0.196689,-0.118110,-1.144394,-0.075364,1.380192,-1.931263,-0.781977,1.227360,-0.444416,-0.106197,0.002624,0.620562,0.000028,-0.838990,0.001116,-1.455459
29.421018,-0.751123,0.253548,1.642561,-0.198705,-1.124706,0.344031,-0.506861,0.012251,-0.285388,1.046527,-0.022059,-0.410093,0.197130,-0.118776,-1.144493,-0.075352,1.380808,-1.931261,-0.782822,1.227356,-0.445881,-0.103382,0.005916,0.621098,0.001412,-0.839417,0.000399,-1.465575
29.422041,-0.746237,0.254910,1.636093,-0.199763,-1.119500,0.344458,-0.511134,0.015835,-0.289676,1.050817,-0.024599,-0.409005,0.196989,-0.119580,-1.144595,-0.075352,1.381432,-1.931265,-0.783671,1.227358,-0.447372,-0.102696,0.004384,0.621081,-0.000235,-0.839251,0.000898,-1.464534
29.423122,-0.743061,0.257098,1.636943,-0.200388,-1.122196,0.345474,-0.514094,0.010954,-0.290250,1.046614,-0.026938,-0.409180,0.196415,-0.120337,-1.144705,-0.075347,1.382067,-1.931263,-0.784513,1.227358,-0.448802,-0.105004,0.004722,0.623548,0.000168,-0.843537,0.000845,-1.454912
29.424030,-0.746480,0.258334,1.633303,-0.200604,-1.121273,0.345781,-0.511053,0.001315,-0.288641,1.037721,-0.028781,-0.410204,0.195687,-0.120917,-1.144814,-0.075343,1.382681,-1.931263,-0.785353,1.227359,-0.450223,-0.106492,0.004683,0.622936,0.000119,-0.840246,0.000218,-1.448336
29.425056,-0.744579,0.262996,1.633704,-0.202153,-1.115753,0.344374,-0.507588,-0.010211,-0.286394,1.026951,-0.030008,-0.411748,0.194979,-0.121423,-1.144914,-0.075337,1.383308,-1.931265,-0.786185,1.227363,-0.451693,-0.104567,0.004942,0.623292,-0.000188,-0.839495,0.000224,-1.452848
29.425966,-0.744861,0.270953,1.631191,-0.202464,-1.119250,0.345614,-0.510288,-0.023652,-0.283015,1.014242,-0.031058,-0.413606,0.194241,-0.121987,-1.145021,-0.075336,1.383922,-1.931261,-0.787035,1.227367,-0.453143,-0.105412,0.003640,0.622552,0.000642,-0.844042,0.002003,-1.458733
29.427114,-0.741975,0.269414,1.626750,-0.202813,-1.121144,0.346152,-0.511324,-0.039392,-0.276894,0.999345,-0.033067,-0.415443,0.193406,-0.122571,-1.145124,-0.075341,1.384547,-1.931261,-0.787873,1.227366,-0.454586,-0.105043,0.000640,0.622390,0.000377,-0.838694,0.001081,-1.451640
29.428089,-0.751640,0.273945,1.629083,-0.202080,-1.120583,0.346669,-0.510500,-0.057983,-0.267198,0.981714,-0.035809,-0.417122,0.192476,-0.123083,-1.145235,-0.075336,1.385182,-1.931263,-0.788702,1.227367,-0.456038,-0.106474,0.002593,0.624671,0.000064,-0.836909,0.000969,-1.449113
29.429002,-0.752224,0.278422,1.627414,-0.202724,-1.125016,0.346941,-0.508961,-0.080616,-0.254223,0.959940,-0.037873,-0.418746,0.191399,-0.123576,-1.145328,-0.075338,1.385794,-1.931266,-0.789537,1.227366,-0.457479,-0.101560,0.001325,0.622616,-0.001226,-0.836244,0.000816,-1.449531
29.430029,-0.750234,0.281180,1.629980,-0.204215,-1.124389,0.347133,-0.509506,-0.108987,-0.237224,0.932211,-0.038635,-0.420396,0.190115,-0.124177,-1.145428,-0.075340,1.386417,-1.931265,-0.790351,1.227366,-0.458944,-0.101141,0.000055,0.622084,-0.001147,-0.830277,0.000886,-1.450985
29.431058,-0.749526,0.281074,1.625226,-0.206851,-1.128004,0.347197,-0.512446,-0.141062,-0.216878,0.900688,-0.038731,-0.421788,0.188764,-0.124881,-1.145531,-0.075343,1.387031,-1.931263,-0.791183,1.227367,-0.460376,-0.102069,-0.000222,0.620269,-0.000333,-0.830114,0.001068,-1.448880
29.432089,-0.752762,0.283850,1.625844,-0.209244,-1.132112,0.345746,-0.512984,-0.172307,-0.195940,0.870065,-0.039562,-0.422451,0.187504,-0.125550,-1.145633,-0.075341,1.387658,-1.931258,-0.792000,1.227369,-0.461810,-0.102344,0.000882,0.622025,0.001537,-0.825798,0.001376,-1.441973
29.433073,-0.756522,0.282439,1.626564,-0.208347,-1.134584,0.346511,-0.509672,-0.202429,-0.175080,0.840663,-0.042683,-0.422398,0.186183,-0.126095,-1.145729,-0.075342,1.388282,-1.931250,-0.792820,1.227375,-0.463253,-0.100719,0.000564,0.621088,0.003101,-0.820993,0.003185,-1.439943
29.434118,-0.758281,0.287031,1.618524,-0.211930,-1.131902,0.345981,-0.508789,-0.232553,-0.154351,0.811224,-0.047893,-0.422069,0.184665,-0.126585,-1.145824,-0.075339,1.388905,-1.931250,-0.793626,1.227376,-0.464697,-0.098799,0.002261,0.619798,0.001562,-0.817654,0.002754,-1.445414
29.435027,-0.755233,0.289860,1.617170,-0.210773,-1.133915,0.345539,-0.509228,-0.264446,-0.133177,0.779914,-0.054424,-0.422006,0.182854,-0.127128,-1.145919,-0.075341,1.389531,-1.931240,-0.794449,1.227381,-0.466153,-0.097964,0.001038,0.623331,0.004294,-0.819776,0.003657,-1.446142
29.436025,-0.757802,0.289866,1.611605,-0.210340,-1.133791,0.346161,-0.512466,-0.300158,-0.109895,0.744771,-0.062565,-0.422591,0.180638,-0.127680,-1.146021,-0.075342,1.390155,-1.931241,-0.795253,1.227383,-0.467604,-0.099313,0.000592,0.622545,0.002565,-0.816293,0.004418,-1.443631
29.437059,-0.761112,0.294147,1.618811,-0.211136,-1.129400,0.347160,-0.509333,-0.338440,-0.085326,0.706947,-0.070747,-0.424058,0.178187,-0.128103,-1.146118,-0.075339,1.390776,-1.931241,-0.796070,1.227388,-0.469019,-0.097959,0.001589,0.624551,0.001517,-0.815543,0.004127,-1.436056
29.438043,-0.756276,0.296430,1.611858,-0.209870,-1.131937,0.347297,-0.506468,-0.412170,-0.039176,0.633517,-0.082331,-0.429415,0.173542,-0.128614,-1.146314,-0.075341,1.392016,-1.931243,-0.797699,1.227393,-0.471913,-0.098682,0.000404,0.623021,-0.000173,-0.815790,0.003709,-1.445930
29.439109,-0.755253,0.298402,1.609235,-0.210947,-1.126698,0.348378,-0.506790,-0.443121,-0.019826,0.602601,-0.085210,-0.432843,0.171676,-0.128848,-1.146413,-0.075341,1.392644,-1.931241,-0.798535,1.227394,-0.473357,-0.099186,0.000522,0.623888,0.000222,-0.820524,0.003010,-1.444381
29.440049,-0.757467,0.300504,1.602411,-0.208602,-1.124332,0.348787,-0.511331,-0.443121,-0.019826,0.602601,-0.085210,-0.432843,0.171676,-0.128848,-1.146413,-0.075341,1.392644,-1.931241,-0.798535,1.227394,-0.473357,-0.099186,0.000522,0.623888,0.000222,-0.820524,0.003010,-1.444381
29.441054,-0.760561,0.304201,1.603653,-0.210608,-1.123798,0.350565,-0.512092,-0.500153,0.015025,0.545141,-0.084321,-0.441004,0.168469,-0.129028,-1.146604,-0.075342,1.393895,-1.931247,-0.800168,1.227396,-0.476203,-0.096416,-0.000357,0.624621,-0.001181,-0.821222,0.001519,-1.431374
29.442088,-0.760396,0.306211,1.603286,-0.209105,-1.120110,0.351549,-0.509986,-0.500153,0.015025,0.545141,-0.084321,-0.441004,0.168469,-0.129028,-1.146604,-0.075342,1.393895,-1.931247,-0.800168,1.227396,-0.476203,-0.096416,-0.000357,0.624621,-0.001181,-0.821222,0.001519,-1.431374
29.443017,-0.752968,0.308055,1.607436,-0.210638,-1.110230,0.351897,-0.507708,-0.551053,0.046848,0.493057,-0.078297,-0.449505,0.166097,-0.129307,-1.146807,-0.075342,1.395135,-1.931254,-0.801841,1.227400,-0.479078,-0.100029,-0.000250,0.620919,-0.002189,-0.832448,0.000903,-1.437774
29.444041,-0.744566,0.308377,1.605593,-0.210344,-1.109537,0.351891,-0.510205,-0.551053,0.046848,0.493057,-0.078297,-0.449505,0.166097,-0.129307,-1.146807,-0.075342,1.395135,-1.931254,-0.801841,1.227400,-0.479078,-0.100029,-0.000250,0.620919,-0.002189,-0.832448,0.000903,-1.437774
29.445044,-0.743289,0.308722,1.600878,-0.211962,-1.109811,0.351420,-0.511413,-0.557275,0.052191,0.486358,-0.074643,-0.451956,0.166174,-0.129628,-1.146921,-0.075340,1.395760,-1.931260,-0.802682,1.227401,-0.480499,-0.104019,0.000631,0.621212,-0.003001,-0.832111,0.001284,-1.431741
29.445984,-0.744772,0.311052,1.602737,-0.211687,-1.106314,0.351835,-0.511175,-0.545961,0.047221,0.497371,-0.070825,-0.452625,0.167273,-0.129955,-1.147026,-0.075338,1.396391,-1.931260,-0.803502,1.227406,-0.481929,-0.104488,0.001464,0.622702,-0.001987,-0.830934,0.002103,-1.428266
29.447022,-0.748551,0.315419,1.602402,-0.213852,-1.110332,0.352384,-0.508326,-0.495491,0.020618,0.547216,-0.064073,-0.450251,0.171013,-0.130827,-1.147224,-0.075341,1.397626,-1.931263,-0.805157,1.227408,-0.484788,-0.101686,0.000176,0.620289,-0.001256,-0.828248,0.001848,-1.432231
29.447974,-0.750124,0.315991,1.599367,-0.214439,-1.110683,0.353109,-0.508037,-0.495491,0.020618,0.547216,-0.064073,-0.450251,0.171013,-0.130827,-1.147224,-0.075341,1.397626,-1.931263,-0.805157,1.227408,-0.484788,-0.101686,0.000176,0.620289,-0.001256,-0.828248,0.001848,-1.432231
29.449141,-0.749195,0.316814,1.597357,-0.216977,-1.111932,0.353101,-0.508969,-0.447104,-0.002330,0.594791,-0.062971,-0.446028,0.174626,-0.132109,-1.147427,-0.075337,1.398867,-1.931259,-0.806809,1.227410,-0.487631,-0.101346,0.001640,0.622078,0.000463,-0.825612,0.001908,-1.429301
29.450060,-0.745360,0.315051,1.596468,-0.216859,-1.113760,0.354285,-0.509623,-0.447104,-0.002330,0.594791,-0.062971,-0.446028,0.174626,-0.132109,-1.147427,-0.075337,1.398867,-1.931259,-0.806809,1.227410,-0.487631,-0.101346,0.001640,0.622078,0.000463,-0.825612,0.001908,-1.429301
29.451084,-0.742744,0.318094,1.604396,-0.216793,-1.112463,0.353864,-0.506978,-0.404829,-0.022820,0.636305,-0.066468,-0.441806,0.177816,-0.133170,-1.147639,-0.075330,1.400094,-1.931266,-0.808453,1.227411,-0.490493,-0.104218,0.002912,0.616743,-0.000786,-0.822816,0.001858,-1.430885
29.452032,-0.738773,0.317734,1.608214,-0.217243,-1.110955,0.352439,-0.506785,-0.404829,-0.022820,0.636305,-0.066468,-0.441806,0.177816,-0.133170,-1.147639,-0.075330,1.400094,-1.931266,-0.808453,1.227411,-0.490493,-0.104218,0.002912,0.616743,-0.000786,-0.822816,0.001858,-1.430885
29.453084,-0.736247,0.321103,1.604888,-0.218207,-1.116510,0.352792,-0.507823,-0.370078,-0.042212,0.670652,-0.066707,-0.439042,0.180325,-0.133684,-1.147747,-0.075324,1.400705,-1.931266,-0.809277,1.227418,-0.491926,-0.105974,0.004006,0.613831,-0.000906,-0.822991,0.003604,-1.429873
29.454022,-0.743028,0.321619,1.603487,-0.218030,-1.119183,0.354356,-0.509875,-0.322863,-0.069355,0.717500,-0.065496,-0.435576,0.183636,-0.134171,-1.147858,-0.075322,1.401330,-1.931267,-0.810077,1.227418,-0.493360,-0.107087,0.003370,0.615060,-0.000586,-0.817033,0.003620,-1.426900
29.454983,-0.745863,0.326041,1.605624,-0.216881,-1.117366,0.355893,-0.509378,-0.224360,-0.127198,0.814956,-0.058617,-0.428989,0.190809,-0.134818,-1.148053,-0.075317,1.402549,-1.931274,-0.811684,1.227417,-0.496188,-0.102046,0.002794,0.612705,-0.002924,-0.814025,0.001216,-1.421292
29.456013,-0.748320,0.326560,1.608965,-0.221128,-1.121837,0.356835,-0.509808,-0.183965,-0.150880,0.854515,-0.053341,-0.426500,0.194148,-0.135056,-1.148154,-0.075310,1.403151,-1.931267,-0.812488,1.227418,-0.497593,-0.100773,0.003543,0.610680,0.000549,-0.808967,0.000657,-1.419555
29.457056,-0.744723,0.330113,1.605665,-0.220921,-1.120850,0.356465,-0.509161,-0.149163,-0.170692,0.888577,-0.049300,-0.424226,0.197215,-0.135301,-1.148260,-0.075309,1.403766,-1.931269,-0.813302,1.227422,-0.499019,-0.102507,0.002818,0.611928,-0.000298,-0.809459,0.001396,-1.419988
29.458032,-0.742533,0.329347,1.606995,-0.222286,-1.120586,0.356110,-0.509856,-0.149163,-0.170692,0.888577,-0.049300,-0.424226,0.197215,-0.135301,-1.148260,-0.075309,1.403766,-1.931269,-0.813302,1.227422,-0.499019,-0.102507,0.002818,0.611928,-0.000298,-0.809459,0.001396,-1.419988
29.459038,-0.736901,0.334469,1.610236,-0.221410,-1.123048,0.355549,-0.512647,-0.117770,-0.188155,0.919475,-0.046804,-0.421890,0.200029,-0.135513,-1.148365,-0.075303,1.404379,-1.931267,-0.814098,1.227424,-0.500445,-0.103429,0.004153,0.610397,0.000426,-0.808871,0.002101,-1.417379
29.460066,-0.741699,0.334131,1.608802,-0.221539,-1.125833,0.356160,-0.512530,-0.049980,-0.225821,0.986738,-0.041404,-0.416004,0.205780,-0.135653,-1.148576,-0.075298,1.405589,-1.931272,-0.815694,1.227429,-0.503251,-0.103573,0.003796,0.608564,-0.001462,-0.802461,0.002763,-1.410231
29.461013,-0.746717,0.331635,1.602667,-0.223782,-1.121905,0.357415,-0.510250,-0.049980,-0.225821,0.986738,-0.041404,-0.416004,0.205780,-0.135653,-1.148576,-0.075298,1.405589,-1.931272,-0.815694,1.227429,-0.503251,-0.103573,0.003796,0.608564,-0.001462,-0.802461,0.002763,-1.410231
29.461975,-0.749921,0.332483,1.602448,-0.224017,-1.123334,0.358602,-0.510184,-0.018321,-0.244035,1.018082,-0.037132,-0.413026,0.208403,-0.135662,-1.148672,-0.075287,1.406198,-1.931269,-0.816501,1.227431,-0.504654,-0.100969,0.005905,0.610649,0.000128,-0.805285,0.001842,-1.413595
29.463146,-0.756086,0.333870,1.601161,-0.226938,-1.128654,0.360058,-0.510017,0.003592,-0.257942,1.039604,-0.033114,-0.410698,0.210216,-0.135698,-1.148770,-0.075278,1.406807,-1.931271,-0.817307,1.227433,-0.506070,-0.099287,0.006348,0.609846,-0.000201,-0.802749,0.000995,-1.412468
29.464035,-0.753634,0.335655,1.598392,-0.227015,-1.123185,0.361151,-0.511893,0.013265,-0.266031,1.048887,-0.030319,-0.409259,0.211061,-0.135723,-1.148859,-0.075271,1.407424,-1.931266,-0.818092,1.227432,-0.507492,-0.096445,0.006776,0.610915,0.001897,-0.798097,-0.000022,-1.412547
29.464965,-0.753950,0.335276,1.597156,-0.227529,-1.121163,0.360093,-0.510881,0.010700,-0.267856,1.046066,-0.029450,-0.408769,0.211001,-0.135686,-1.148959,-0.075264,1.408030,-1.931264,-0.818903,1.227433,-0.508871,-0.097504,0.006715,0.610951,0.001350,-0.802025,-0.000787,-1.407335
29.466026,-0.748624,0.337319,1.596642,-0.228277,-1.121112,0.357863,-0.508846,0.000343,-0.265823,1.035673,-0.030067,-0.409030,0.210388,-0.135602,-1.149056,-0.075254,1.408641,-1.931261,-0.819715,1.227437,-0.510292,-0.097222,0.007763,0.610426,0.001225,-0.802663,0.000610,-1.408031
29.467132,-0.751130,0.340601,1.602538,-0.227446,-1.114454,0.357640,-0.509896,-0.011636,-0.263709,1.023860,-0.031174,-0.409794,0.209613,-0.135536,-1.149159,-0.075249,1.409257,-1.931259,-0.820512,1.227445,-0.511721,-0.099864,0.007759,0.610380,0.001261,-0.802471,0.003193,-1.411316
29.468068,-0.751902,0.342938,1.597181,-0.228080,-1.114919,0.357527,-0.512905,-0.020559,-0.263951,1.015205,-0.032150,-0.410814,0.208941,-0.135465,-1.149256,-0.075241,1.409856,-1.931264,-0.821333,1.227450,-0.513115,-0.098659,0.007162,0.607595,-0.000147,-0.809047,0.003775,-1.408695
29.469054,-0.757790,0.344084,1.592902,-0.228295,-1.115645,0.359095,-0.514054,-0.026154,-0.266019,1.009855,-0.032567,-0.412056,0.208412,-0.135270,-1.149354,-0.075236,1.410468,-1.931265,-0.822130,1.227453,-0.514502,-0.098154,0.006905,0.609212,-0.000069,-0.807357,0.004215,-1.401412
29.470066,-0.760257,0.348453,1.593748,-0.227120,-1.112891,0.360848,-0.512135,-0.034327,-0.266302,1.001830,-0.032402,-0.413952,0.207684,-0.134912,-1.149443,-0.075229,1.411077,-1.931267,-0.822937,1.227455,-0.515880,-0.095234,0.007270,0.610616,-0.000425,-0.805750,0.002982,-1.398199
29.471091,-0.766219,0.351590,1.593626,-0.228936,-1.111910,0.362273,-0.511509,-0.050276,-0.261780,0.985911,-0.031270,-0.416848,0.206528,-0.134517,-1.149534,-0.075226,1.411689,-1.931273,-0.823752,1.227457,-0.517288,-0.094057,0.006075,0.609581,-0.002096,-0.807760,0.001593,-1.401147
29.472135,-0.765166,0.356609,1.589297,-0.230471,-1.113389,0.363000,-0.514810,-0.074459,-0.251637,0.961684,-0.029175,-0.420558,0.205030,-0.134222,-1.149620,-0.075222,1.412304,-1.931272,-0.824558,1.227457,-0.518697,-0.091187,0.005526,0.609112,-0.000914,-0.808145,0.000550,-1.401480
29.473022,-0.768627,0.360708,1.587759,-0.230727,-1.116000,0.362669,-0.518527,-0.106647,-0.235210,0.929514,-0.027717,-0.424674,0.203228,-0.134024,-1.149712,-0.075220,1.412915,-1.931270,-0.825363,1.227455,-0.520065,-0.091814,0.004064,0.610926,-0.000075,-0.806189,0.000225,-1.394154
29.473969,-0.765607,0.364204,1.587382,-0.232385,-1.115051,0.361985,-0.517381,-0.146692,-0.212087,0.889645,-0.027968,-0.428862,0.201158,-0.133865,-1.149799,-0.075219,1.413524,-1.931271,-0.826153,1.227460,-0.521438,-0.090019,0.002919,0.610286,-0.000346,-0.802132,0.000867,-1.385312
29.475012,-0.769470,0.366539,1.591071,-0.232728,-1.115938,0.360812,-0.513281,-0.191492,-0.183963,0.845188,-0.029805,-0.432718,0.199030,-0.133794,-1.149894,-0.075217,1.414125,-1.931268,-0.826960,1.227466,-0.522821,-0.091481,0.002135,0.609572,0.000647,-0.801948,0.001864,-1.386556
29.476128,-0.772302,0.365017,1.586785,-0.232437,-1.116506,0.359200,-0.515306,-0.235546,-0.154232,0.801627,-0.033028,-0.435733,0.197102,-0.133920,-1.149979,-0.075216,1.414733,-1.931267,-0.827766,1.227477,-0.524234,-0.089680,0.002041,0.607376,0.000316,-0.800589,0.003366,-1.393986
29.477050,-0.773415,0.367098,1.580002,-0.235063,-1.122658,0.359509,-0.514350,-0.276642,-0.125200,0.761047,-0.036555,-0.437785,0.195381,-0.134215,-1.150064,-0.075209,1.415348,-1.931269,-0.828559,1.227484,-0.525625,-0.088500,0.003888,0.609629,-0.000629,-0.800245,0.005351,-1.389416
29.478043,-0.774629,0.366702,1.582631,-0.237230,-1.124834,0.360039,-0.514932,-0.317817,-0.096401,0.720294,-0.039602,-0.439213,0.193544,-0.134542,-1.150152,-0.075207,1.415960,-1.931265,-0.829343,1.227486,-0.527024,-0.087928,0.003757,0.611822,0.001369,-0.792893,0.005347,-1.390042
29.478983,-0.774454,0.366031,1.586119,-0.236362,-1.128226,0.361376,-0.512697,-0.360302,-0.067457,0.678216,-0.043246,-0.440157,0.191395,-0.134849,-1.150237,-0.075200,1.416567,-1.931258,-0.830119,1.227491,-0.528393,-0.087424,0.004908,0.609806,0.002742,-0.790245,0.005155,-1.387963
29.480069,-0.772085,0.365559,1.582880,-0.238576,-1.130415,0.360848,-0.513787,-0.398621,-0.041754,0.640306,-0.047468,-0.440410,0.189275,-0.135179,-1.150325,-0.075194,1.417161,-1.931260,-0.830897,1.227493,-0.529766,-0.087525,0.006137,0.607199,0.001302,-0.785910,0.004148,-1.391347
29.481061,-0.766261,0.373471,1.584889,-0.241512,-1.132551,0.361666,-0.515267,-0.427237,-0.023098,0.612028,-0.050878,-0.439898,0.187597,-0.135551,-1.150414,-0.075186,1.417775,-1.931253,-0.831685,1.227499,-0.531149,-0.088871,0.007399,0.608735,0.002696,-0.783772,0.005059,-1.388594
29.481995,-0.771653,0.372356,1.584379,-0.239666,-1.132851,0.360885,-0.514510,-0.444953,-0.011473,0.594715,-0.054506,-0.438634,0.186455,-0.135912,-1.150511,-0.075186,1.418384,-1.931242,-0.832452,1.227503,-0.532537,-0.091754,0.004429,0.607016,0.004774,-0.781198,0.004569,-1.384656
29.483001,-0.773501,0.377357,1.587900,-0.239331,-1.131190,0.362453,-0.514435,-0.452834,-0.004983,0.587325,-0.059383,-0.436799,0.185845,-0.136216,-1.150594,-0.075179,1.418984,-1.931245,-0.833232,1.227508,-0.533914,-0.089057,0.005905,0.606310,0.002375,-0.779912,0.005678,-1.385026
29.484156,-0.769149,0.380141,1.581061,-0.239712,-1.133191,0.362604,-0.514990,-0.453729,-0.001991,0.586742,-0.063708,-0.434955,0.185738,-0.136471,-1.150681,-0.075179,1.419588,-1.931246,-0.834024,1.227508,-0.535301,-0.088239,0.004418,0.603985,0.001440,-0.781009,0.004463,-1.384265
29.485069,-0.765491,0.379086,1.582963,-0.239212,-1.130226,0.362708,-0.514435,-0.450906,-0.000673,0.589608,-0.066228,-0.433568,0.186050,-0.136691,-1.150776,-0.075175,1.420206,-1.931244,-0.834793,1.227513,-0.536689,-0.090604,0.004187,0.607763,0.001062,-0.779716,0.004721,-1.382942
29.486122,-0.767474,0.387186,1.584358,-0.238311,-1.127029,0.363926,-0.514011,-0.444608,-0.001129,0.595717,-0.066791,-0.432723,0.186773,-0.136871,-1.150872,-0.075168,1.420801,-1.931245,-0.835580,1.227519,-0.538060,-0.092310,0.005582,0.605704,0.000022,-0.781500,0.004916,-1.382801
29.487061,-0.765481,0.383602,1.583307,-0.239595,-1.129812,0.363825,-0.516719,-0.432907,-0.004580,0.606987,-0.065114,-0.432241,0.188038,-0.136991,-1.150962,-0.075172,1.421407,-1.931248,-0.836364,1.227520,-0.539445,-0.091389,0.002624,0.604773,-0.001482,-0.784539,0.004070,-1.382981
29.488044,-0.763358,0.383107,1.581732,-0.239376,-1.127897,0.364431,-0.518281,-0.416150,-0.010508,0.623131,-0.061631,-0.431982,0.189844,-0.137018,-1.151058,-0.075161,1.422004,-1.931247,-0.837142,1.227525,-0.540816,-0.092308,0.005311,0.604398,-0.000765,-0.780755,0.004503,-1.376350
29.488976,-0.764004,0.385525,1.584608,-0.239675,-1.120196,0.364156,-0.517677,-0.394441,-0.019798,0.644118,-0.056950,-0.431868,0.192064,-0.136939,-1.151154,-0.075153,1.422613,-1.931250,-0.837930,1.227529,-0.542171,-0.093325,0.006468,0.604441,-0.001555,-0.781998,0.004231,-1.372379
29.489967,-0.770337,0.387112,1.580282,-0.240501,-1.118836,0.366075,-0.516066,-0.366569,-0.033761,0.671181,-0.051516,-0.431709,0.194660,-0.136815,-1.151246,-0.075145,1.423214,-1.931251,-0.838725,1.227531,-0.543558,-0.092935,0.006114,0.601983,-0.001799,-0.788604,0.004846,-1.372393
29.491065,-0.769391,0.387357,1.584453,-0.242345,-1.115275,0.366563,-0.515734,-0.335743,-0.049868,0.701154,-0.046404,-0.431557,0.197417,-0.136728,-1.151330,-0.075139,1.423817,-1.931252,-0.839521,1.227531,-0.544929,-0.089854,0.006267,0.603560,-0.001544,-0.789161,0.003274,-1.374733
29.492099,-0.768756,0.385743,1.582551,-0.240240,-1.109619,0.369083,-0.516571,-0.306827,-0.064940,0.729268,-0.043006,-0.431639,0.200012,-0.136687,-1.151423,-0.075130,1.424417,-1.931251,-0.840314,1.227532,-0.546310,-0.090487,0.007187,0.601561,-0.000418,-0.792825,0.003201,-1.374932
29.493013,-0.767847,0.385307,1.581627,-0.239220,-1.109935,0.367470,-0.516151,-0.278846,-0.080060,0.756550,-0.041019,-0.431849,0.202506,-0.136614,-1.151516,-0.075118,1.425013,-1.931260,-0.841124,1.227529,-0.547666,-0.090845,0.008923,0.602281,-0.002975,-0.797935,0.001055,-1.372584
29.494042,-0.767952,0.387265,1.584326,-0.240460,-1.108816,0.367798,-0.513942,-0.249231,-0.097791,0.785443,-0.037861,-0.432122,0.205137,-0.136458,-1.151609,-0.075107,1.425614,-1.931266,-0.841928,1.227536,-0.549043,-0.091213,0.009941,0.601614,-0.004400,-0.796164,0.003009,-1.372164
29.495060,-0.766571,0.389221,1.583219,-0.242513,-1.104921,0.366212,-0.511387,-0.184043,-0.141918,0.849189,-0.026431,-0.432528,0.210767,-0.136068,-1.151794,-0.075088,1.426812,-1.931269,-0.843526,1.227546,-0.551811,-0.091943,0.009868,0.600117,-0.002293,-0.800173,0.004962,-1.380133
29.496041,-0.766521,0.389146,1.584888,-0.240989,-1.107945,0.366518,-0.515308,-0.184043,-0.141918,0.849189,-0.026431,-0.432528,0.210767,-0.136068,-1.151794,-0.075088,1.426812,-1.931269,-0.843526,1.227546,-0.551811,-0.091943,0.009868,0.600117,-0.002293,-0.800173,0.004962,-1.380133
29.497138,-0.768234,0.394186,1.592344,-0.244955,-1.111432,0.368504,-0.517951,-0.149514,-0.166211,0.883247,-0.021375,-0.432190,0.213464,-0.135871,-1.151886,-0.075075,1.427410,-1.931278,-0.844325,1.227551,-0.553169,-0.091961,0.010767,0.598626,-0.004229,-0.796243,0.004968,-1.371262
29.498031,-0.770488,0.396336,1.588594,-0.244252,-1.107000,0.371550,-0.518502,-0.113815,-0.191357,0.918612,-0.017103,-0.431417,0.216057,-0.135589,-1.151977,-0.075068,1.428004,-1.931273,-0.845107,1.227549,-0.554536,-0.091230,0.009271,0.595070,-0.001020,-0.792940,0.003387,-1.365614
29.499035,-0.774420,0.397241,1.589691,-0.245578,-1.109033,0.372427,-0.513918,-0.078280,-0.215564,0.954037,-0.014630,-0.430235,0.218552,-0.135285,-1.152066,-0.075057,1.428597,-1.931279,-0.845908,1.227544,-0.555886,-0.090039,0.008998,0.595828,-0.002188,-0.795934,0.000684,-1.363274
29.500043,-0.769673,0.403650,1.590936,-0.246767,-1.107323,0.371888,-0.516779,-0.046882,-0.236208,0.985549,-0.013926,-0.428990,0.220827,-0.135106,-1.152149,-0.075045,1.429192,-1.931279,-0.846694,1.227544,-0.557282,-0.088201,0.009448,0.594820,-0.001454,-0.793304,0.000204,-1.371606
29.501089,-0.769225,0.402338,1.594641,-0.248274,-1.108527,0.371825,-0.519601,-0.020940,-0.252550,1.011833,-0.014497,-0.427867,0.222870,-0.135067,-1.152246,-0.075041,1.429777,-1.931277,-0.847490,1.227546,-0.558620,-0.090592,0.007212,0.593909,-0.000940,-0.794436,0.001115,-1.365047
29.502049,-0.768140,0.403626,1.599223,-0.248272,-1.110381,0.372167,-0.520039,0.003125,-0.266429,1.036568,-0.016580,-0.426532,0.224882,-0.135040,-1.152336,-0.075026,1.430366,-1.931277,-0.848284,1.227547,-0.559975,-0.090893,0.008806,0.591949,-0.000096,-0.792885,0.001553,-1.358821
29.503060,-0.767042,0.403294,1.593887,-0.248050,-1.111850,0.371466,-0.515265,0.061707,-0.298971,1.097130,-0.021380,-0.422267,0.229735,-0.135028,-1.152521,-0.075003,1.431543,-1.931284,-0.849844,1.227550,-0.562704,-0.091869,0.009971,0.590699,-0.001316,-0.787549,0.002589,-1.365284
29.504094,-0.768612,0.404451,1.590790,-0.251111,-1.113800,0.372599,-0.513835,0.061707,-0.298971,1.097130,-0.021380,-0.422267,0.229735,-0.135028,-1.152521,-0.075003,1.431543,-1.931284,-0.849844,1.227550,-0.562704,-0.091869,0.009971,0.590699,-0.001316,-0.787549,0.002589,-1.365284
29.505063,-0.770447,0.409061,1.590136,-0.250726,-1.113499,0.373326,-0.515474,0.117934,-0.331750,1.155453,-0.022681,-0.417369,0.234551,-0.135558,-1.152696,-0.074985,1.432724,-1.931282,-0.851402,1.227553,-0.565410,-0.090127,0.008767,0.590727,0.000143,-0.783824,0.001376,-1.362380
29.506023,-0.778456,0.407588,1.584042,-0.252911,-1.116949,0.374096,-0.514879,0.117934,-0.331750,1.155453,-0.022681,-0.417369,0.234551,-0.135558,-1.152696,-0.074985,1.432724,-1.931282,-0.851402,1.227553,-0.565410,-0.090127,0.008767,0.590727,0.000143,-0.783824,0.001376,-1.362380
29.507083,-0.780601,0.409095,1.582332,-0.254553,-1.118802,0.374435,-0.514111,0.132652,-0.339746,1.172392,-0.026036,-0.414338,0.236818,-0.136222,-1.152858,-0.074961,1.433918,-1.931272,-0.852939,1.227553,-0.568153,-0.085205,0.010401,0.592770,0.002603,-0.776723,0.000962,-1.362714
29.508117,-0.774023,0.413298,1.587739,-0.256167,-1.117276,0.373885,-0.513042,0.132652,-0.339746,1.172392,-0.026036,-0.414338,0.236818,-0.136222,-1.152858,-0.074961,1.433918,-1.931272,-0.852939,1.227553,-0.568153,-0.085205,0.010401,0.592770,0.002603,-0.776723,0.000962,-1.362714
29.509058,-0.768811,0.411290,1.583652,-0.256266,-1.115371,0.373161,-0.512773,0.122694,-0.333500,1.163720,-0.029941,-0.413768,0.236779,-0.136649,-1.152953,-0.074954,1.434498,-1.931267,-0.853724,1.227556,-0.569512,-0.088476,0.009190,0.589438,0.003483,-0.777392,0.001852,-1.363789
29.510005,-0.770648,0.414800,1.579284,-0.253842,-1.113237,0.373656,-0.514571,0.114134,-0.327528,1.156689,-0.035061,-0.412895,0.236716,-0.137142,-1.153048,-0.074939,1.435093,-1.931264,-0.854494,1.227559,-0.570876,-0.090921,0.010945,0.590185,0.002975,-0.777932,0.002878,-1.362824
29.511120,-0.773655,0.417192,1.581971,-0.256553,-1.112880,0.374388,-0.514023,0.111017,-0.324648,1.155122,-0.039152,-0.411599,0.236907,-0.137622,-1.153135,-0.074932,1.435683,-1.931270,-0.855275,1.227561,-0.572212,-0.089908,0.009976,0.591138,0.000117,-0.778630,0.002678,-1.357842
29.512047,-0.778625,0.418406,1.580840,-0.257168,-1.113928,0.375382,-0.515214,0.109364,-0.322483,1.154800,-0.040983,-0.410254,0.237171,-0.138040,-1.153220,-0.074921,1.436271,-1.931264,-0.856064,1.227561,-0.573573,-0.088532,0.009725,0.589593,0.002099,-0.778599,0.002327,-1.358262
29.513039,-0.778814,0.416834,1.575183,-0.257639,-1.112780,0.376844,-0.513903,0.105668,-0.318428,1.152252,-0.042155,-0.408985,0.237276,-0.138403,-1.153300,-0.074911,1.436864,-1.931263,-0.856830,1.227560,-0.574934,-0.086042,0.009880,0.588758,0.002119,-0.776105,0.001652,-1.354308
29.514027,-0.782532,0.419854,1.573738,-0.261307,-1.109066,0.377077,-0.514582,0.097887,-0.311684,1.145502,-0.043572,-0.407949,0.237087,-0.138730,-1.153388,-0.074898,1.437454,-1.931261,-0.857610,1.227557,-0.576300,-0.085955,0.011476,0.590650,0.001974,-0.776155,0.000536,-1.355711
29.515041,-0.785720,0.422408,1.572002,-0.260996,-1.112367,0.376896,-0.515478,0.084496,-0.301808,1.133111,-0.046063,-0.407273,0.236502,-0.139014,-1.153468,-0.074888,1.438047,-1.931249,-0.858398,1.227557,-0.577635,-0.084144,0.010766,0.590328,0.004824,-0.778660,0.000651,-1.353142
29.516112,-0.791837,0.427659,1.577842,-0.261078,-1.109887,0.377172,-0.518172,0.064303,-0.287734,1.113988,-0.051185,-0.407003,0.235445,-0.139207,-1.153548,-0.074879,1.438642,-1.931248,-0.859163,1.227560,-0.578984,-0.082644,0.010355,0.590310,0.003874,-0.774468,0.001161,-1.350231
29.517012,-0.787782,0.426245,1.576144,-0.261484,-1.103255,0.376254,-0.519171,0.037357,-0.269070,1.088101,-0.058292,-0.407325,0.234034,-0.139250,-1.153622,-0.074877,1.439218,-1.931246,-0.859949,1.227562,-0.580309,-0.079798,0.008712,0.587046,0.003287,-0.776354,0.001235,-1.344034
29.518025,-0.790912,0.423472,1.569359,-0.260102,-1.102972,0.375087,-0.517211,0.008037,-0.248370,1.059757,-0.065992,-0.408130,0.232613,-0.139141,-1.153708,-0.074864,1.439807,-1.931242,-0.860729,1.227568,-0.581651,-0.081782,0.010157,0.586414,0.003084,-0.781281,0.002436,-1.340501
29.519082,-0.794186,0.428668,1.575694,-0.259140,-1.103832,0.375516,-0.515971,-0.045138,-0.213091,1.007767,-0.077081,-0.411139,0.230203,-0.138690,-1.153859,-0.074842,1.440978,-1.931248,-0.862302,1.227575,-0.584344,-0.078882,0.010624,0.585318,-0.000329,-0.778840,0.003818,-1.344924
29.520075,-0.799704,0.434263,1.569436,-0.257653,-1.096889,0.377576,-0.516789,-0.045138,-0.213091,1.007767,-0.077081,-0.411139,0.230203,-0.138690,-1.153859,-0.074842,1.440978,-1.931248,-0.862302,1.227575,-0.584344,-0.078882,0.010624,0.585318,-0.000329,-0.778840,0.003818,-1.344924
29.521098,-0.800688,0.434597,1.566261,-0.259616,-1.102195,0.378400,-0.518829,-0.072290,-0.197014,0.980530,-0.077778,-0.413734,0.229051,-0.138382,-1.153931,-0.074837,1.441573,-1.931254,-0.863084,1.227576,-0.585690,-0.076288,0.008710,0.587483,-0.002252,-0.784711,0.002077,-1.342050
29.522112,-0.801861,0.437069,1.568994,-0.260467,-1.100635,0.377967,-0.516664,-0.104942,-0.177758,0.947432,-0.076002,-0.417097,0.227686,-0.137974,-1.154005,-0.074828,1.442160,-1.931252,-0.863856,1.227577,-0.587028,-0.075989,0.009435,0.588325,-0.000887,-0.778454,0.001608,-1.336917
29.523074,-0.804127,0.442017,1.564600,-0.260285,-1.096782,0.378452,-0.513738,-0.142683,-0.155694,0.909085,-0.073671,-0.420937,0.226009,-0.137525,-1.154078,-0.074820,1.442746,-1.931252,-0.864631,1.227582,-0.588362,-0.075584,0.009067,0.586153,-0.000630,-0.779160,0.002362,-1.340279
29.524014,-0.802277,0.448223,1.565892,-0.261711,-1.097482,0.377922,-0.513109,-0.182080,-0.132644,0.869065,-0.072058,-0.424764,0.224130,-0.137192,-1.154150,-0.074815,1.443331,-1.931255,-0.865416,1.227587,-0.589696,-0.074579,0.007438,0.587299,-0.001289,-0.781660,0.002169,-1.344875
29.525122,-0.803965,0.449900,1.566385,-0.262167,-1.099860,0.377182,-0.515574,-0.222006,-0.108309,0.828607,-0.071743,-0.428230,0.222112,-0.137047,-1.154228,-0.074813,1.443915,-1.931254,-0.866201,1.227595,-0.591038,-0.075573,0.005199,0.585398,-0.000432,-0.779381,0.002980,-1.344683
29.526082,-0.803399,0.450369,1.564394,-0.261798,-1.100709,0.378949,-0.517738,-0.260354,-0.083387,0.789911,-0.073079,-0.430990,0.220046,-0.137013,-1.154301,-0.074809,1.444504,-1.931255,-0.866962,1.227599,-0.592372,-0.074992,0.005399,0.584943,-0.000581,-0.776854,0.004071,-1.339042
29.527009,-0.804978,0.452277,1.561502,-0.262813,-1.101011,0.379467,-0.518267,-0.294762,-0.059939,0.755270,-0.075169,-0.432896,0.218017,-0.137012,-1.154377,-0.074802,1.445084,-1.931260,-0.867734,1.227600,-0.593684,-0.075370,0.006004,0.584893,-0.001408,-0.774748,0.002601,-1.333523
29.528053,-0.804280,0.451532,1.565345,-0.263424,-1.103112,0.381690,-0.518438,-0.324703,-0.039101,0.725086,-0.076828,-0.434008,0.216038,-0.137077,-1.154449,-0.074798,1.445675,-1.931258,-0.868510,1.227602,-0.595021,-0.074663,0.005871,0.584963,-0.000948,-0.772928,0.002399,-1.331065
29.529115,-0.804953,0.452405,1.561919,-0.266342,-1.106842,0.382315,-0.519697,-0.348820,-0.021952,0.700689,-0.077884,-0.434260,0.214206,-0.137281,-1.154526,-0.074790,1.446257,-1.931260,-0.869265,1.227603,-0.596362,-0.075194,0.007161,0.582480,-0.000910,-0.770293,0.000508,-1.329778
29.530053,-0.803936,0.456134,1.566022,-0.268211,-1.108930,0.383850,-0.522614,-0.365333,-0.009729,0.683897,-0.079020,-0.433537,0.212646,-0.137612,-1.154600,-0.074780,1.446839,-1.931254,-0.870023,1.227602,-0.597696,-0.075066,0.007612,0.583783,0.001278,-0.766109,0.000263,-1.326387
29.531099,-0.796025,0.454116,1.562081,-0.268947,-1.110925,0.384043,-0.522456,-0.374355,-0.001974,0.674734,-0.081778,-0.431837,0.211407,-0.137985,-1.154676,-0.074775,1.447418,-1.931250,-0.870772,1.227598,-0.598993,-0.075641,0.006570,0.580530,0.002504,-0.762852,-0.000939,-1.319290
29.532063,-0.794611,0.459414,1.560397,-0.268753,-1.111765,0.382381,-0.518479,-0.374057,0.000618,0.675131,-0.086583,-0.429185,0.210718,-0.138379,-1.154764,-0.074763,1.447996,-1.931248,-0.871531,1.227600,-0.600291,-0.079664,0.008460,0.582066,0.002582,-0.760320,-0.000770,-1.318901
29.533015,-0.791920,0.459123,1.563379,-0.268448,-1.104651,0.381867,-0.517357,-0.363070,-0.002958,0.686368,-0.091992,-0.425869,0.210769,-0.138890,-1.154846,-0.074758,1.448578,-1.931248,-0.872292,1.227604,-0.601633,-0.080359,0.006641,0.581838,0.001825,-0.758365,0.001209,-1.325630
29.534155,-0.790023,0.461672,1.562334,-0.266997,-1.111543,0.382783,-0.518694,-0.342196,-0.012042,0.707485,-0.096660,-0.422259,0.211562,-0.139560,-1.154930,-0.074748,1.449160,-1.931248,-0.873059,1.227609,-0.602961,-0.081688,0.007597,0.579221,0.000964,-0.764302,0.002010,-1.326526
29.535054,-0.793100,0.461621,1.555549,-0.270306,-1.107866,0.382866,-0.516574,-0.275880,-0.044049,0.773569,-0.099373,-0.415530,0.215170,-0.140927,-1.155094,-0.074729,1.450323,-1.931246,-0.874569,1.227611,-0.605593,-0.081225,0.008068,0.581799,0.001635,-0.759667,0.001680,-1.326195
29.536018,-0.796116,0.463642,1.560885,-0.267716,-1.102513,0.384569,-0.516023,-0.275880,-0.044049,0.773569,-0.099373,-0.415530,0.215170,-0.140927,-1.155094,-0.074729,1.450323,-1.931246,-0.874569,1.227611,-0.605593,-0.081225,0.008068,0.581799,0.001635,-0.759667,0.001680,-1.326195
29.536976,-0.796492,0.463732,1.553165,-0.268774,-1.103034,0.386070,-0.516912,-0.241342,-0.060897,0.807625,-0.098777,-0.413266,0.217215,-0.141501,-1.155173,-0.074722,1.450889,-1.931255,-0.875339,1.227611,-0.606901,-0.079770,0.007877,0.578229,-0.001351,-0.763823,0.000291,-1.326105
29.537993,-0.796136,0.460029,1.554371,-0.268803,-1.103597,0.385742,-0.517463,-0.209627,-0.076219,0.838699,-0.097205,-0.411867,0.219224,-0.141993,-1.155254,-0.074712,1.451476,-1.931255,-0.876108,1.227609,-0.608211,-0.079621,0.008641,0.581016,-0.000797,-0.762001,-0.000871,-1.323106
29.539086,-0.793768,0.466410,1.558118,-0.268650,-1.100108,0.384731,-0.516206,-0.181220,-0.090622,0.866313,-0.094167,-0.411322,0.221189,-0.142392,-1.155335,-0.074695,1.452057,-1.931257,-0.876858,1.227610,-0.609534,-0.079891,0.011277,0.579668,-0.001310,-0.760794,-0.000184,-1.321018
29.540132,-0.789142,0.467928,1.564897,-0.269676,-1.099073,0.385537,-0.518529,-0.153506,-0.106076,0.893109,-0.089882,-0.411298,0.223221,-0.142714,-1.155420,-0.074690,1.452626,-1.931261,-0.877631,1.227612,-0.610847,-0.081209,0.009019,0.577704,-0.002008,-0.763956,0.001191,-1.322938
29.541061,-0.788785,0.469486,1.568374,-0.269204,-1.094625,0.385092,-0.520508,-0.120830,-0.124849,0.924825,-0.084858,-0.411138,0.225692,-0.142959,-1.155508,-0.074681,1.453195,-1.931259,-0.878407,1.227612,-0.612163,-0.083563,0.009179,0.573909,-0.001614,-0.764240,0.000726,-1.317370
29.542199,-0.792607,0.466995,1.567124,-0.267848,-1.093918,0.385698,-0.520360,-0.078315,-0.148989,0.966412,-0.079634,-0.410309,0.228915,-0.143093,-1.155592,-0.074673,1.453755,-1.931263,-0.879170,1.227615,-0.613455,-0.083672,0.009182,0.571191,-0.002542,-0.767342,0.001479,-1.312172
29.542988,-0.791223,0.471781,1.557180,-0.270205,-1.087102,0.386676,-0.519334,0.022489,-0.207584,1.065330,-0.066349,-0.407762,0.236623,-0.143101,-1.155756,-0.074650,1.454915,-1.931269,-0.880721,1.227619,-0.616104,-0.082502,0.009590,0.574812,-0.002486,-0.772326,0.000509,-1.312114
29.544080,-0.795404,0.471297,1.561569,-0.269020,-1.087711,0.386984,-0.519251,0.022489,-0.207584,1.065330,-0.066349,-0.407762,0.236623,-0.143101,-1.155756,-0.074650,1.454915,-1.931269,-0.880721,1.227619,-0.616104,-0.082502,0.009590,0.574812,-0.002486,-0.772326,0.000509,-1.312114
29.545058,-0.796984,0.474496,1.561609,-0.271589,-1.084752,0.387380,-0.521351,0.064728,-0.232726,1.106750,-0.059612,-0.407012,0.239998,-0.143044,-1.155832,-0.074636,1.455478,-1.931277,-0.881492,1.227619,-0.617404,-0.080608,0.010736,0.572543,-0.004149,-0.771311,0.000584,-1.311687
29.545999,-0.794217,0.473305,1.562453,-0.272052,-1.086951,0.387742,-0.522662,0.098241,-0.252773,1.139623,-0.053927,-0.406652,0.242813,-0.142881,-1.155911,-0.074627,1.456048,-1.931275,-0.882274,1.227619,-0.618708,-0.079899,0.009944,0.571734,-0.002139,-0.773062,0.000518,-1.306357
29.547024,-0.795181,0.472183,1.563306,-0.272832,-1.085699,0.387130,-0.521273,0.125707,-0.269346,1.166754,-0.049908,-0.406410,0.245204,-0.142568,-1.155995,-0.074611,1.456619,-1.931278,-0.883031,1.227620,-0.620005,-0.081280,0.011257,0.570250,-0.002182,-0.769572,0.000465,-1.302534
29.548001,-0.797642,0.474850,1.561169,-0.275336,-1.087490,0.387089,-0.517461,0.151065,-0.285313,1.192129,-0.047307,-0.406080,0.247381,-0.142181,-1.156076,-0.074593,1.457185,-1.931279,-0.883806,1.227623,-0.621326,-0.080875,0.012589,0.569362,-0.001944,-0.770011,0.001420,-1.304415
29.549103,-0.804249,0.480389,1.561426,-0.275303,-1.084132,0.387937,-0.517099,0.174561,-0.301209,1.215913,-0.045981,-0.405764,0.249314,-0.141873,-1.156152,-0.074583,1.457756,-1.931276,-0.884572,1.227622,-0.622636,-0.079731,0.012049,0.569614,-0.000079,-0.767103,0.001794,-1.310974
29.550028,-0.805309,0.478879,1.559417,-0.275886,-1.092029,0.389005,-0.517009,0.190876,-0.313028,1.232727,-0.046791,-0.405801,0.250684,-0.141708,-1.156224,-0.074575,1.458318,-1.931278,-0.885340,1.227622,-0.623929,-0.076698,0.010221,0.569532,-0.000720,-0.770251,0.001313,-1.311113
29.550970,-0.806758,0.480574,1.554864,-0.274584,-1.091013,0.389642,-0.518794,0.196016,-0.317843,1.238484,-0.049059,-0.406566,0.251340,-0.141591,-1.156298,-0.074559,1.458892,-1.931278,-0.886091,1.227620,-0.625234,-0.076263,0.011704,0.569345,-0.000664,-0.760949,0.000568,-1.309971
29.552123,-0.814335,0.483481,1.558310,-0.274758,-1.090408,0.389063,-0.514850,0.190691,-0.316739,1.233724,-0.050516,-0.408288,0.251423,-0.141412,-1.156372,-0.074547,1.459467,-1.931283,-0.886846,1.227621,-0.626538,-0.075630,0.011594,0.570551,-0.002390,-0.760846,0.000247,-1.305124
29.553066,-0.815585,0.486036,1.561458,-0.276929,-1.093879,0.389600,-0.515869,0.175808,-0.310528,1.219183,-0.049644,-0.410997,0.251032,-0.141187,-1.156439,-0.074535,1.460027,-1.931289,-0.887609,1.227627,-0.627849,-0.072215,0.011091,0.569193,-0.002722,-0.761587,0.001196,-1.312763
29.554004,-0.809566,0.485850,1.559134,-0.277083,-1.097157,0.389319,-0.515397,0.153010,-0.299550,1.196571,-0.047235,-0.414332,0.250222,-0.140976,-1.156508,-0.074526,1.460595,-1.931286,-0.888351,1.227628,-0.629152,-0.071769,0.010600,0.566600,-0.001159,-0.756996,0.000962,-1.309388
29.555072,-0.808379,0.485478,1.556843,-0.279308,-1.099472,0.390555,-0.520912,0.128349,-0.287087,1.172146,-0.044416,-0.417589,0.249280,-0.140754,-1.156588,-0.074514,1.461154,-1.931290,-0.889095,1.227631,-0.630446,-0.074831,0.011459,0.566871,-0.001473,-0.752589,0.001553,-1.309144
29.556064,-0.814204,0.489272,1.561735,-0.281467,-1.102112,0.391034,-0.520767,0.107564,-0.276944,1.151712,-0.041299,-0.420213,0.248484,-0.140454,-1.156664,-0.074499,1.461726,-1.931288,-0.889842,1.227633,-0.631726,-0.075603,0.012489,0.567735,0.000128,-0.750011,0.000649,-1.297391
29.556967,-0.818542,0.487212,1.554850,-0.281268,-1.102217,0.389304,-0.520450,0.091137,-0.269322,1.135755,-0.038949,-0.421985,0.247791,-0.140122,-1.156730,-0.074489,1.462290,-1.931283,-0.890577,1.227635,-0.633035,-0.072887,0.011405,0.564609,0.001592,-0.746685,0.000504,-1.296747
29.558070,-0.818120,0.492911,1.555700,-0.282463,-1.105112,0.390433,-0.519823,0.075184,-0.261671,1.120341,-0.038242,-0.423100,0.246920,-0.139928,-1.156797,-0.074471,1.462856,-1.931285,-0.891317,1.227640,-0.634323,-0.070867,0.013104,0.566875,0.000893,-0.745280,0.002535,-1.296044
29.559084,-0.820153,0.492267,1.557263,-0.283987,-1.103456,0.389777,-0.521122,0.033270,-0.239611,1.079477,-0.039409,-0.424555,0.244042,-0.140273,-1.156937,-0.074451,1.463992,-1.931278,-0.892793,1.227644,-0.636926,-0.070596,0.012349,0.565055,0.002249,-0.743556,0.002745,-1.293203
29.560007,-0.828135,0.493336,1.553755,-0.283376,-1.106201,0.391252,-0.521661,0.033270,-0.239611,1.079477,-0.039409,-0.424555,0.244042,-0.140273,-1.156937,-0.074451,1.463992,-1.931278,-0.892793,1.227644,-0.636926,-0.070596,0.012349,0.565055,0.002249,-0.743556,0.002745,-1.293203
29.561068,-0.827378,0.499580,1.553617,-0.284219,-1.106351,0.391057,-0.522185,0.008925,-0.225908,1.055641,-0.040954,-0.424914,0.242230,-0.140691,-1.156997,-0.074438,1.464554,-1.931278,-0.893529,1.227643,-0.638206,-0.066815,0.012535,0.565784,0.001088,-0.739614,0.001569,-1.290912
29.562020,-0.828343,0.498321,1.553203,-0.286066,-1.102221,0.392087,-0.522105,-0.019881,-0.209201,1.027209,-0.042274,-0.425395,0.240144,-0.141200,-1.157066,-0.074433,1.465121,-1.931276,-0.894261,1.227645,-0.639496,-0.067516,0.010344,0.565585,0.001283,-0.739326,0.002127,-1.289194
29.562996,-0.828385,0.498883,1.550492,-0.286968,-1.103951,0.392365,-0.520624,-0.082982,-0.170126,0.964798,-0.046233,-0.426146,0.235769,-0.142451,-1.157200,-0.074407,1.466246,-1.931269,-0.895750,1.227647,-0.642067,-0.067408,0.012240,0.565535,0.002741,-0.739791,0.001457,-1.290210
29.563998,-0.833102,0.499725,1.548823,-0.288480,-1.104160,0.391440,-0.519790,-0.082982,-0.170126,0.964798,-0.046233,-0.426146,0.235769,-0.142451,-1.157200,-0.074407,1.466246,-1.931269,-0.895750,1.227647,-0.642067,-0.067408,0.012240,0.565535,0.002741,-0.739791,0.001457,-1.290210
29.564992,-0.835106,0.501959,1.551530,-0.288589,-1.102725,0.393177,-0.519845,-0.112611,-0.151502,0.935536,-0.049934,-0.426197,0.233649,-0.143112,-1.157263,-0.074394,1.466818,-1.931263,-0.896479,1.227652,-0.643374,-0.065314,0.012628,0.565686,0.003549,-0.739050,0.002705,-1.290873
29.566064,-0.838730,0.500872,1.544521,-0.289527,-1.103666,0.392947,-0.519192,-0.141706,-0.133430,0.906729,-0.054700,-0.426259,0.231505,-0.143713,-1.157325,-0.074382,1.467372,-1.931259,-0.897221,1.227651,-0.644652,-0.064606,0.012308,0.563789,0.002980,-0.739769,0.001285,-1.289830
29.567051,-0.840787,0.506847,1.546198,-0.288100,-1.100348,0.392981,-0.517936,-0.170985,-0.115664,0.877583,-0.060001,-0.426549,0.229345,-0.144224,-1.157386,-0.074366,1.467948,-1.931257,-0.897956,1.227657,-0.645954,-0.063173,0.013692,0.567047,0.003251,-0.738675,0.001863,-1.290475
29.568019,-0.842931,0.506666,1.547125,-0.287052,-1.095977,0.392866,-0.517471,-0.202582,-0.097095,0.845897,-0.064961,-0.427428,0.227097,-0.144686,-1.157448,-0.074360,1.468506,-1.931259,-0.898704,1.227660,-0.647236,-0.062442,0.011544,0.565552,0.001288,-0.741196,0.002141,-1.292034
29.568985,-0.841483,0.507371,1.547482,-0.287536,-1.091154,0.392821,-0.515419,-0.235412,-0.078031,0.812703,-0.068245,-0.428988,0.224912,-0.145147,-1.157508,-0.074346,1.469069,-1.931259,-0.899460,1.227665,-0.648535,-0.061650,0.012416,0.564301,-0.000312,-0.744531,0.002559,-1.291842
29.569984,-0.841156,0.507646,1.546900,-0.287907,-1.090745,0.392155,-0.518278,-0.264501,-0.061440,0.783022,-0.069147,-0.430902,0.223095,-0.145607,-1.157572,-0.074332,1.469636,-1.931259,-0.900211,1.227670,-0.649843,-0.062631,0.012821,0.563274,-0.000384,-0.748340,0.002900,-1.294822
29.570932,-0.839183,0.512290,1.546132,-0.287627,-1.089475,0.393144,-0.518361,-0.286105,-0.049879,0.760762,-0.068366,-0.432758,0.221763,-0.146014,-1.157636,-0.074320,1.470194,-1.931260,-0.900963,1.227675,-0.651108,-0.063055,0.013486,0.563046,-0.000552,-0.747918,0.003885,-1.288171
29.572001,-0.841377,0.512799,1.546251,-0.287775,-1.087375,0.392326,-0.519460,-0.299640,-0.043521,0.746653,-0.066553,-0.434322,0.220912,-0.146302,-1.157701,-0.074311,1.470757,-1.931262,-0.901701,1.227678,-0.652394,-0.064266,0.011941,0.562510,-0.001333,-0.748191,0.003181,-1.286916
29.573053,-0.842923,0.515519,1.544666,-0.288261,-1.090330,0.393816,-0.517897,-0.306690,-0.040958,0.739147,-0.063870,-0.435515,0.220473,-0.146484,-1.157762,-0.074295,1.471315,-1.931263,-0.902457,1.227683,-0.653661,-0.063520,0.012544,0.562350,-0.001790,-0.749948,0.004352,-1.284151
29.573934,-0.841506,0.520774,1.539340,-0.289249,-1.090413,0.395093,-0.519116,-0.310357,-0.040260,0.735123,-0.060587,-0.436407,0.220258,-0.146628,-1.157825,-0.074285,1.471882,-1.931264,-0.903204,1.227683,-0.654975,-0.063095,0.012057,0.562835,-0.001867,-0.746542,0.003196,-1.286515
29.575033,-0.843543,0.520157,1.539177,-0.291177,-1.091242,0.394313,-0.522069,-0.314541,-0.038781,0.730703,-0.057346,-0.437139,0.220060,-0.146751,-1.157889,-0.074280,1.472450,-1.931264,-0.903954,1.227682,-0.656242,-0.063966,0.010190,0.564123,-0.001385,-0.744913,0.002222,-1.282669
29.576013,-0.843242,0.520190,1.546190,-0.290881,-1.093844,0.395262,-0.523540,-0.321446,-0.034720,0.723717,-0.055329,-0.437660,0.219752,-0.146790,-1.157951,-0.074267,1.473009,-1.931262,-0.904688,1.227688,-0.657516,-0.063335,0.011424,0.564257,-0.000133,-0.744140,0.003365,-1.276283
29.577032,-0.840663,0.520710,1.541773,-0.290093,-1.091317,0.394483,-0.523813,-0.327906,-0.030348,0.717280,-0.054876,-0.437674,0.219490,-0.146717,-1.158014,-0.074252,1.473565,-1.931264,-0.905425,1.227689,-0.658774,-0.063752,0.012161,0.560087,-0.000964,-0.740746,0.002722,-1.272476
29.578076,-0.835615,0.521808,1.546656,-0.291234,-1.092492,0.393349,-0.521945,-0.328325,-0.029628,0.716847,-0.054433,-0.436941,0.219646,-0.146622,-1.158083,-0.074237,1.474133,-1.931270,-0.906164,1.227697,-0.660050,-0.065287,0.012693,0.561821,-0.002209,-0.742801,0.003819,-1.271157
29.579015,-0.836805,0.526131,1.547119,-0.289741,-1.095361,0.393507,-0.522248,-0.319413,-0.034644,0.725625,-0.052809,-0.435327,0.220414,-0.146614,-1.158157,-0.074224,1.474681,-1.931272,-0.906901,1.227702,-0.661319,-0.068028,0.012981,0.559195,-0.001599,-0.741240,0.005279,-1.274270
29.579980,-0.839285,0.527860,1.547782,-0.292098,-1.099966,0.394611,-0.522472,-0.299880,-0.045710,0.744878,-0.049691,-0.432745,0.221844,-0.146712,-1.158222,-0.074215,1.475242,-1.931278,-0.907628,1.227705,-0.662597,-0.067596,0.011596,0.558034,-0.003504,-0.737398,0.005412,-1.272464
29.581033,-0.842314,0.525573,1.542471,-0.294463,-1.103156,0.397991,-0.524274,-0.273076,-0.060194,0.771242,-0.045163,-0.429480,0.223753,-0.146835,-1.158288,-0.074202,1.475791,-1.931276,-0.908350,1.227704,-0.663856,-0.066558,0.011509,0.557065,-0.001710,-0.732050,0.004632,-1.271062
29.582011,-0.844070,0.523252,1.543388,-0.294731,-1.104485,0.398022,-0.524428,-0.245832,-0.074161,0.797987,-0.040927,-0.426023,0.225683,-0.146896,-1.158352,-0.074183,1.476355,-1.931271,-0.909074,1.227699,-0.665124,-0.065373,0.013446,0.559478,-0.000088,-0.728724,0.001614,-1.266807
29.582960,-0.844830,0.526222,1.540291,-0.296227,-1.106652,0.398988,-0.524732,-0.222178,-0.086284,0.821205,-0.038226,-0.422742,0.227338,-0.146855,-1.158415,-0.074164,1.476917,-1.931272,-0.909785,1.227705,-0.666401,-0.064753,0.015309,0.558269,-0.000376,-0.726887,0.001912,-1.265549
29.584003,-0.848756,0.526108,1.549313,-0.296277,-1.107668,0.398294,-0.523207,-0.202500,-0.096944,0.840502,-0.036783,-0.419863,0.228732,-0.146732,-1.158481,-0.074149,1.477470,-1.931270,-0.910507,1.227706,-0.667681,-0.064580,0.014528,0.559057,0.000538,-0.723876,0.001257,-1.263827
29.585000,-0.841623,0.528003,1.552439,-0.296760,-1.107233,0.397127,-0.524055,-0.185249,-0.106708,0.857388,-0.036313,-0.417443,0.230033,-0.146568,-1.158540,-0.074133,1.478016,-1.931271,-0.911217,1.227711,-0.668942,-0.062973,0.015397,0.554376,0.000015,-0.722793,0.002290,-1.266281
29.586022,-0.841934,0.527870,1.550467,-0.297712,-1.107720,0.397840,-0.526022,-0.164559,-0.118680,0.877758,-0.036179,-0.415186,0.231630,-0.146359,-1.158614,-0.074118,1.478561,-1.931274,-0.911940,1.227717,-0.670209,-0.066748,0.015220,0.552441,-0.000021,-0.722722,0.003761,-1.263676
29.586946,-0.840072,0.526625,1.549283,-0.297029,-1.104164,0.398269,-0.526096,-0.135609,-0.135570,0.906507,-0.035859,-0.412798,0.233771,-0.146080,-1.158681,-0.074100,1.479115,-1.931272,-0.912670,1.227720,-0.671447,-0.066817,0.016054,0.553112,0.000312,-0.721811,0.003361,-1.259086
29.587930,-0.844269,0.525154,1.559260,-0.297356,-1.103948,0.400067,-0.524678,-0.099983,-0.156669,0.941991,-0.034999,-0.410441,0.236288,-0.145769,-1.158750,-0.074081,1.479670,-1.931276,-0.913392,1.227722,-0.672710,-0.067893,0.017339,0.552730,-0.000836,-0.724399,0.003237,-1.257826
29.588935,-0.845750,0.529602,1.546114,-0.298793,-1.101867,0.402003,-0.524612,-0.058208,-0.182114,0.983540,-0.032841,-0.408211,0.239135,-0.145528,-1.158812,-0.074059,1.480204,-1.931278,-0.914113,1.227722,-0.673958,-0.066045,0.018749,0.547345,-0.001019,-0.723996,0.001762,-1.259854
29.589992,-0.850016,0.531940,1.548304,-0.298901,-1.107703,0.402806,-0.526783,-0.013907,-0.209571,1.027556,-0.029786,-0.406247,0.242122,-0.145428,-1.158876,-0.074045,1.480767,-1.931276,-0.914844,1.227719,-0.675222,-0.065595,0.017286,0.553482,-0.000184,-0.725556,0.000183,-1.259153
29.590987,-0.851069,0.532223,1.553417,-0.299495,-1.102042,0.403226,-0.528503,0.022327,-0.232079,1.063553,-0.026975,-0.405125,0.244670,-0.145435,-1.158936,-0.074029,1.481320,-1.931276,-0.915549,1.227719,-0.676468,-0.063821,0.016949,0.552193,-0.000694,-0.719699,-0.000253,-1.254244
29.591961,-0.851269,0.538391,1.555358,-0.301239,-1.098783,0.402352,-0.528217,0.047874,-0.247811,1.088913,-0.024552,-0.404982,0.246721,-0.145472,-1.159001,-0.074010,1.481860,-1.931278,-0.916287,1.227721,-0.677699,-0.063565,0.017532,0.549276,-0.000632,-0.724794,-0.000339,-1.250094
29.593055,-0.846596,0.538025,1.557012,-0.301080,-1.094922,0.401879,-0.527531,0.068346,-0.259646,1.109337,-0.023163,-0.405254,0.248667,-0.145550,-1.159065,-0.073997,1.482404,-1.931274,-0.917008,1.227723,-0.678950,-0.063722,0.015198,0.547804,0.000473,-0.727371,0.000862,-1.249813
29.594118,-0.842214,0.537429,1.559646,-0.302427,-1.092554,0.401285,-0.525489,0.088102,-0.269617,1.129360,-0.023610,-0.405435,0.250759,-0.145732,-1.159138,-0.073977,1.482946,-1.931278,-0.917755,1.227726,-0.680193,-0.066343,0.016221,0.547221,-0.000246,-0.731136,0.001688,-1.250850
29.594972,-0.848248,0.536978,1.554339,-0.301267,-1.087739,0.401145,-0.527242,0.112094,-0.281250,1.153990,-0.025287,-0.405223,0.253227,-0.146018,-1.159212,-0.073957,1.483494,-1.931276,-0.918494,1.227730,-0.681454,-0.068756,0.017295,0.545883,0.000466,-0.733255,0.002620,-1.254404
29.596012,-0.853328,0.536349,1.552637,-0.303985,-1.084873,0.404070,-0.524404,0.140863,-0.295930,1.183615,-0.027175,-0.404705,0.255995,-0.146310,-1.159272,-0.073938,1.484045,-1.931280,-0.919235,1.227734,-0.682707,-0.065852,0.018101,0.547217,-0.001111,-0.736423,0.003021,-1.249409
29.597017,-0.850131,0.539442,1.547710,-0.302766,-1.084373,0.404133,-0.527632,0.166681,-0.309705,1.210319,-0.029190,-0.404435,0.258509,-0.146521,-1.159332,-0.073915,1.484588,-1.931274,-0.919983,1.227728,-0.683958,-0.063675,0.019128,0.547950,0.000901,-0.738802,0.000456,-1.254572
29.597942,-0.854778,0.538796,1.537294,-0.305709,-1.083465,0.404604,-0.525720,0.183464,-0.319027,1.228013,-0.031674,-0.404761,0.260399,-0.146623,-1.159400,-0.073900,1.485147,-1.931280,-0.920713,1.227731,-0.685197,-0.065550,0.018343,0.549919,-0.000805,-0.738731,0.000743,-1.247279
29.598991,-0.855258,0.540789,1.541168,-0.305143,-1.081702,0.404709,-0.527997,0.187911,-0.321798,1.233424,-0.034676,-0.405860,0.261493,-0.146633,-1.159459,-0.073878,1.485702,-1.931274,-0.921453,1.227732,-0.686437,-0.063436,0.019306,0.554199,0.001521,-0.738473,0.000577,-1.250157
29.599966,-0.855351,0.543630,1.541281,-0.306023,-1.085446,0.403347,-0.525752,0.178387,-0.317027,1.224862,-0.038555,-0.407769,0.261669,-0.146613,-1.159522,-0.073859,1.486252,-1.931276,-0.922199,1.227734,-0.687679,-0.063555,0.019079,0.552071,0.000363,-0.739851,0.000821,-1.244984
29.601158,-0.853857,0.545598,1.540256,-0.304943,-1.086388,0.403670,-0.526038,0.159714,-0.307279,1.207109,-0.042833,-0.410135,0.261263,-0.146611,-1.159586,-0.073842,1.486808,-1.931275,-0.922923,1.227739,-0.688944,-0.063755,0.018369,0.551357,0.000655,-0.735363,0.002495,-1.248618
29.602090,-0.854333,0.548354,1.537311,-0.307893,-1.082232,0.403732,-0.524976,0.137231,-0.295402,1.185485,-0.046062,-0.412686,0.260661,-0.146652,-1.159653,-0.073821,1.487358,-1.931278,-0.923661,1.227741,-0.690183,-0.064953,0.018285,0.552645,-0.001038,-0.735113,0.002550,-1.248086
29.603070,-0.850358,0.550011,1.539828,-0.309044,-1.083280,0.403391,-0.525311,0.112491,-0.281999,1.161576,-0.048218,-0.415270,0.259937,-0.146756,-1.159717,-0.073805,1.487914,-1.931273,-0.924396,1.227744,-0.691437,-0.064871,0.017561,0.552977,0.001298,-0.737991,0.002777,-1.248980
29.604186,-0.856675,0.552492,1.539836,-0.308869,-1.083802,0.404138,-0.524012,0.088372,-0.268160,1.138386,-0.051105,-0.417463,0.259171,-0.146931,-1.159788,-0.073787,1.488456,-1.931269,-0.925132,1.227750,-0.692688,-0.066960,0.017384,0.550735,0.001820,-0.735583,0.003392,-1.247027
29.604947,-0.860936,0.548883,1.526671,-0.308380,-1.084428,0.405886,-0.522049,0.067693,-0.255248,1.118707,-0.055214,-0.419028,0.258482,-0.147172,-1.159845,-0.073771,1.489006,-1.931269,-0.925862,1.227750,-0.693929,-0.064129,0.016932,0.550474,0.001040,-0.734670,0.002978,-1.248967
29.606087,-0.861939,0.550849,1.532678,-0.310752,-1.088225,0.408705,-0.525073,0.045923,-0.241301,1.097808,-0.058989,-0.420520,0.257601,-0.147444,-1.159903,-0.073749,1.489574,-1.931269,-0.926581,1.227747,-0.695186,-0.062043,0.019160,0.554585,0.000147,-0.731518,0.001473,-1.250771
29.607065,-0.864912,0.553128,1.525787,-0.312142,-1.090605,0.408181,-0.526590,0.018762,-0.224738,1.071352,-0.061719,-0.422423,0.256290,-0.147639,-1.159965,-0.073730,1.490116,-1.931263,-0.927303,1.227743,-0.696402,-0.061901,0.018931,0.551465,0.001795,-0.727535,-0.000981,-1.244135
29.607948,-0.870255,0.553780,1.530362,-0.312090,-1.090983,0.407836,-0.525297,-0.012396,-0.206234,1.040857,-0.064601,-0.424583,0.254686,-0.147648,-1.160022,-0.073711,1.490674,-1.931261,-0.928023,1.227745,-0.697637,-0.060660,0.018418,0.553810,0.002607,-0.723994,-0.000130,-1.239924
29.609061,-0.872748,0.556822,1.535127,-0.312940,-1.088608,0.406219,-0.523028,-0.046702,-0.185845,1.007204,-0.068491,-0.426862,0.252885,-0.147485,-1.160075,-0.073692,1.491222,-1.931261,-0.928735,1.227748,-0.698883,-0.058180,0.018644,0.549886,0.002077,-0.721961,0.000471,-1.240956
29.609982,-0.871286,0.558343,1.525737,-0.309228,-1.091566,0.405290,-0.521702,-0.081078,-0.165203,0.973445,-0.073076,-0.429021,0.251106,-0.147261,-1.160132,-0.073677,1.491760,-1.931259,-0.929461,1.227753,-0.700121,-0.057337,0.017906,0.547359,0.002288,-0.723989,0.002411,-1.244826
29.610971,-0.875150,0.562170,1.527619,-0.311861,-1.092595,0.405475,-0.522886,-0.112979,-0.145786,0.942037,-0.076618,-0.430966,0.249542,-0.147043,-1.160191,-0.073659,1.492315,-1.931268,-0.930168,1.227758,-0.701367,-0.058249,0.017737,0.550673,-0.001729,-0.719579,0.003588,-1.245992
29.612017,-0.880893,0.559668,1.531614,-0.311652,-1.094088,0.405704,-0.521605,-0.144353,-0.126519,0.910887,-0.077368,-0.432970,0.248066,-0.146799,-1.160244,-0.073646,1.492856,-1.931263,-0.930881,1.227762,-0.702584,-0.056610,0.016523,0.548783,0.000320,-0.717553,0.003675,-1.242490
29.613012,-0.887852,0.563710,1.521441,-0.312188,-1.093916,0.405378,-0.523077,-0.175228,-0.107409,0.879971,-0.076362,-0.434946,0.246562,-0.146506,-1.160291,-0.073623,1.493399,-1.931263,-0.931597,1.227767,-0.703831,-0.054156,0.018458,0.546186,-0.000466,-0.715349,0.003739,-1.244115
29.614041,-0.888323,0.561673,1.522625,-0.311077,-1.092471,0.405371,-0.522022,-0.207543,-0.087641,0.847393,-0.074931,-0.436925,0.244780,-0.146198,-1.160338,-0.073608,1.493959,-1.931263,-0.932307,1.227771,-0.705069,-0.051065,0.017093,0.550251,-0.000448,-0.714577,0.004356,-1.239965
29.614994,-0.892987,0.561633,1.525111,-0.314463,-1.091080,0.406952,-0.521052,-0.245476,-0.065103,0.808972,-0.072970,-0.439210,0.242417,-0.145932,-1.160389,-0.073588,1.494501,-1.931267,-0.933021,1.227772,-0.706301,-0.051228,0.018797,0.548932,-0.002028,-0.715249,0.004675,-1.241133
29.616020,-0.894428,0.569447,1.521018,-0.313234,-1.089306,0.407239,-0.519646,-0.285411,-0.042213,0.768416,-0.070981,-0.441487,0.239692,-0.145790,-1.160434,-0.073567,1.495046,-1.931259,-0.933727,1.227773,-0.707544,-0.049242,0.019399,0.546530,0.000709,-0.715456,0.003364,-1.241741
29.616987,-0.895239,0.569649,1.523280,-0.314595,-1.089755,0.407427,-0.520959,-0.323664,-0.020556,0.729592,-0.070328,-0.443338,0.236902,-0.145832,-1.160482,-0.073558,1.495590,-1.931262,-0.934446,1.227775,-0.708776,-0.048941,0.016238,0.547899,-0.001039,-0.716380,0.003397,-1.243562
29.618043,-0.891867,0.568410,1.524226,-0.313924,-1.091216,0.407644,-0.521162,-0.360629,0.001167,0.692215,-0.071137,-0.444742,0.234161,-0.146035,-1.160532,-0.073539,1.496134,-1.931260,-0.935165,1.227778,-0.710028,-0.048871,0.016801,0.545672,-0.000214,-0.714690,0.003491,-1.239568
29.619000,-0.895011,0.569928,1.519271,-0.314744,-1.087132,0.407642,-0.521992,-0.391774,0.019969,0.660793,-0.072306,-0.445557,0.231815,-0.146331,-1.160586,-0.073519,1.496681,-1.931264,-0.935867,1.227780,-0.711254,-0.050936,0.018107,0.544630,-0.001372,-0.712717,0.003590,-1.238324
29.619964,-0.901382,0.573376,1.523588,-0.315585,-1.085289,0.408878,-0.519319,-0.413695,0.033002,0.638610,-0.073006,-0.445753,0.230054,-0.146700,-1.160635,-0.073501,1.497222,-1.931263,-0.936593,1.227784,-0.712461,-0.049661,0.017963,0.546055,-0.001079,-0.715502,0.003869,-1.235476
29.621055,-0.896745,0.569328,1.523815,-0.316776,-1.083612,0.408213,-0.521684,-0.429851,0.042560,0.622138,-0.073790,-0.445622,0.228644,-0.147180,-1.160677,-0.073486,1.497762,-1.931262,-0.937305,1.227787,-0.713705,-0.046875,0.016890,0.542833,-0.000761,-0.716154,0.002897,-1.239603
29.622040,-0.897569,0.571908,1.520816,-0.315921,-1.080510,0.410908,-0.522415,-0.440568,0.049066,0.611121,-0.075626,-0.445205,0.227536,-0.147763,-1.160732,-0.073463,1.498309,-1.931262,-0.938023,1.227791,-0.714910,-0.049633,0.019638,0.542362,-0.000140,-0.717382,0.003896,-1.234127
29.622995,-0.902930,0.574924,1.526333,-0.316542,-1.076846,0.410218,-0.523702,-0.442665,0.050127,0.608752,-0.078028,-0.444441,0.226928,-0.148365,-1.160780,-0.073447,1.498847,-1.931265,-0.938752,1.227786,-0.716136,-0.049552,0.018977,0.542993,-0.001480,-0.719283,0.001501,-1.231559
29.624010,-0.900217,0.574416,1.530455,-0.317814,-1.077717,0.411349,-0.522533,-0.437301,0.046715,0.613822,-0.080215,-0.443532,0.226858,-0.148943,-1.160824,-0.073430,1.499380,-1.931266,-0.939474,1.227790,-0.717361,-0.047239,0.018101,0.539196,-0.001320,-0.721633,0.002499,-1.227723
29.625003,-0.895463,0.575370,1.524366,-0.316303,-1.074021,0.410229,-0.521331,-0.424618,0.039567,0.626284,-0.082480,-0.442454,0.227414,-0.149536,-1.160875,-0.073409,1.499909,-1.931266,-0.940195,1.227787,-0.718579,-0.048995,0.019008,0.536546,-0.000584,-0.719772,0.001685,-1.229122
29.625918,-0.891929,0.579048,1.520976,-0.318486,-1.069033,0.409634,-0.520789,-0.402363,0.027136,0.648509,-0.084453,-0.441048,0.228755,-0.150183,-1.160933,-0.073389,1.500453,-1.931271,-0.940927,1.227791,-0.719810,-0.051634,0.019156,0.538737,-0.002514,-0.722323,0.003111,-1.230396
29.627048,-0.895607,0.580395,1.527312,-0.318552,-1.071321,0.409785,-0.521116,-0.372141,0.010374,0.678911,-0.085626,-0.439300,0.230751,-0.150854,-1.160989,-0.073375,1.500999,-1.931270,-0.941652,1.227794,-0.721045,-0.053595,0.017943,0.539040,-0.000823,-0.725720,0.003965,-1.230027
29.628007,-0.898514,0.580635,1.521297,-0.319206,-1.072110,0.411416,-0.520228,-0.336801,-0.008426,0.714603,-0.086912,-0.437094,0.233152,-0.151482,-1.161036,-0.073356,1.501526,-1.931273,-0.942372,1.227797,-0.722261,-0.052237,0.018045,0.535907,-0.001292,-0.723135,0.004136,-1.228817
29.629007,-0.900754,0.580162,1.523662,-0.320506,-1.073894,0.412343,-0.519007,-0.299801,-0.027243,0.751936,-0.088514,-0.434536,0.235705,-0.152026,-1.161086,-0.073337,1.502068,-1.931277,-0.943094,1.227795,-0.723494,-0.051099,0.018534,0.537899,-0.001038,-0.721053,0.002804,-1.229350
29.630036,-0.901552,0.582999,1.520674,-0.319875,-1.072889,0.411267,-0.518389,-0.265458,-0.044154,0.786438,-0.090115,-0.431910,0.238119,-0.152495,-1.161136,-0.073315,1.502594,-1.931276,-0.943806,1.227796,-0.724732,-0.050341,0.019398,0.536025,-0.000297,-0.718325,0.002184,-1.230671
29.631004,-0.906710,0.584531,1.516637,-0.318759,-1.074051,0.413045,-0.517975,-0.235283,-0.058584,0.816601,-0.091517,-0.429294,0.240276,-0.152912,-1.161184,-0.073298,1.503137,-1.931281,-0.944532,1.227802,-0.725953,-0.050351,0.018655,0.536861,-0.001367,-0.718445,0.003565,-1.230947
29.631997,-0.905820,0.585379,1.520226,-0.320821,-1.075191,0.413078,-0.517332,-0.211596,-0.069163,0.840060,-0.091515,-0.426900,0.242075,-0.153267,-1.161229,-0.073280,1.503676,-1.931288,-0.945236,1.227797,-0.727186,-0.048136,0.018534,0.537894,-0.002843,-0.716188,0.002088,-1.230537
29.633107,-0.899294,0.586318,1.527954,-0.323418,-1.077281,0.413694,-0.519960,-0.195502,-0.075299,0.855699,-0.089550,-0.424818,0.243504,-0.153528,-1.161280,-0.073262,1.504200,-1.931285,-0.945951,1.227799,-0.728400,-0.048946,0.018759,0.535391,-0.001350,-0.714035,0.002370,-1.230768
29.634053,-0.894217,0.582610,1.523213,-0.322937,-1.080933,0.413679,-0.520689,-0.178964,-0.081729,0.871823,-0.087226,-0.422345,0.245043,-0.153659,-1.161340,-0.073243,1.504727,-1.931280,-0.946647,1.227801,-0.729616,-0.052580,0.019036,0.531474,0.000551,-0.711834,0.002079,-1.224834
29.634985,-0.898078,0.587056,1.525984,-0.327316,-1.082837,0.413162,-0.522164,-0.152270,-0.094651,0.898340,-0.085337,-0.418825,0.247249,-0.153632,-1.161400,-0.073216,1.505256,-1.931284,-0.947348,1.227803,-0.730822,-0.055295,0.021414,0.532910,-0.000378,-0.706979,0.002382,-1.222200
29.636087,-0.899335,0.585538,1.534074,-0.324518,-1.084474,0.414725,-0.522024,-0.115684,-0.114394,0.934953,-0.084118,-0.414417,0.250037,-0.153477,-1.161451,-0.073199,1.505783,-1.931272,-0.948051,1.227806,-0.732032,-0.053594,0.019772,0.530445,0.003283,-0.703814,0.003172,-1.217958
29.637034,-0.895517,0.588577,1.524034,-0.326722,-1.085297,0.413977,-0.522543,-0.073145,-0.138324,0.977663,-0.083960,-0.409497,0.253152,-0.153281,-1.161504,-0.073176,1.506306,-1.931280,-0.948746,1.227806,-0.733258,-0.053403,0.021249,0.526349,0.000005,-0.702048,0.001929,-1.217588
29.637939,-0.896128,0.587044,1.520536,-0.327035,-1.084878,0.415343,-0.522880,-0.027141,-0.164894,1.023889,-0.083501,-0.404479,0.256496,-0.153109,-1.161563,-0.073159,1.506837,-1.931276,-0.949449,1.227810,-0.734458,-0.055528,0.020337,0.530428,0.001676,-0.700041,0.002969,-1.215354
29.638993,-0.900594,0.592775,1.526791,-0.329823,-1.084550,0.415875,-0.523254,0.016838,-0.191034,1.068118,-0.082408,-0.399894,0.259687,-0.152954,-1.161617,-0.073137,1.507371,-1.931274,-0.950152,1.227809,-0.735669,-0.055415,0.021644,0.530865,0.001444,-0.699027,0.001870,-1.213294
29.639996,-0.900908,0.592881,1.527508,-0.327162,-1.082689,0.416898,-0.524074,0.054901,-0.214056,1.106495,-0.082150,-0.395970,0.262444,-0.152789,-1.161668,-0.073121,1.507896,-1.931268,-0.950846,1.227811,-0.736889,-0.053565,0.019476,0.527363,0.003544,-0.698927,0.001662,-1.211704
29.641070,-0.896670,0.594405,1.522444,-0.328286,-1.083409,0.417020,-0.523915,0.087653,-0.233671,1.139630,-0.082913,-0.392700,0.264895,-0.152618,-1.161722,-0.073098,1.508416,-1.931276,-0.951547,1.227811,-0.738082,-0.053734,0.020061,0.526477,0.000491,-0.699987,0.000944,-1.209119
29.642049,-0.895511,0.591932,1.527561,-0.327513,-1.081828,0.417415,-0.523713,0.116353,-0.250781,1.168753,-0.082940,-0.390214,0.267206,-0.152445,-1.161783,-0.073079,1.508953,-1.931275,-0.952238,1.227814,-0.739295,-0.056178,0.020007,0.528671,0.001063,-0.698953,0.001149,-1.208712
29.643039,-0.897683,0.598721,1.520827,-0.329353,-1.079435,0.418550,-0.523409,0.143725,-0.267727,1.196542,-0.081030,-0.388496,0.269520,-0.152255,-1.161841,-0.073053,1.509466,-1.931277,-0.952940,1.227818,-0.740488,-0.056975,0.021809,0.525440,-0.000211,-0.699575,0.001031,-1.208083
29.643937,-0.902499,0.598009,1.519354,-0.329025,-1.078483,0.418648,-0.522979,0.170509,-0.284864,1.223702,-0.077792,-0.387396,0.271819,-0.152013,-1.161895,-0.073040,1.509999,-1.931273,-0.953651,1.227817,-0.741700,-0.056174,0.019077,0.528086,0.001041,-0.700984,0.000199,-1.207636
29.645103,-0.905341,0.596848,1.516288,-0.329322,-1.080107,0.418662,-0.524508,0.190957,-0.298068,1.244499,-0.074595,-0.387042,0.273704,-0.151694,-1.161945,-0.073018,1.510531,-1.931275,-0.954344,1.227820,-0.742916,-0.054010,0.019994,0.527487,0.000259,-0.700523,0.000372,-1.207062
29.646047,-0.902976,0.600476,1.512383,-0.330867,-1.078698,0.418114,-0.523703,0.200437,-0.304963,1.254246,-0.071651,-0.387637,0.274836,-0.151278,-1.161997,-0.072994,1.511060,-1.931275,-0.955041,1.227820,-0.744104,-0.053087,0.021309,0.529289,-0.000057,-0.699113,0.000719,-1.203680
29.647044,-0.912291,0.601508,1.509090,-0.330592,-1.072770,0.417623,-0.524730,0.199035,-0.306221,1.253001,-0.068872,-0.389138,0.275182,-0.150778,-1.162054,-0.072976,1.511592,-1.931271,-0.955732,1.227824,-0.745311,-0.054510,0.020086,0.530204,0.000906,-0.699463,0.001542,-1.204111
29.647967,-0.914219,0.599218,1.511872,-0.331456,-1.073024,0.417455,-0.521552,0.186388,-0.301216,1.240441,-0.067139,-0.391413,0.274710,-0.150283,-1.162096,-0.072957,1.512120,-1.931274,-0.956443,1.227827,-0.746497,-0.050244,0.020231,0.531157,0.000162,-0.704480,0.002320,-1.201090
29.649017,-0.910070,0.604840,1.512834,-0.331328,-1.070463,0.417731,-0.523539,0.163122,-0.290331,1.217178,-0.066688,-0.394385,0.273456,-0.149885,-1.162147,-0.072933,1.512645,-1.931273,-0.957149,1.227832,-0.747716,-0.049587,0.021907,0.528659,0.000516,-0.702790,0.002745,-1.206180
29.650046,-0.907030,0.598783,1.506174,-0.331217,-1.070061,0.417239,-0.525069,0.135704,-0.277471,1.189751,-0.066928,-0.397697,0.271863,-0.149596,-1.162203,-0.072918,1.513173,-1.931275,-0.957850,1.227836,-0.748917,-0.052029,0.019800,0.527804,-0.000132,-0.704863,0.002766,-1.201320
29.651105,-0.909408,0.599775,1.510831,-0.330055,-1.066939,0.419150,-0.524452,0.110962,-0.266653,1.165065,-0.066819,-0.401004,0.270388,-0.149352,-1.162261,-0.072886,1.513705,-1.931276,-0.958559,1.227841,-0.750096,-0.053831,0.023403,0.530616,-0.000744,-0.704504,0.003554,-1.197488
29.651991,-0.913277,0.602354,1.506446,-0.331680,-1.064256,0.419536,-0.524866,0.091735,-0.260309,1.145835,-0.064930,-0.404287,0.269185,-0.149129,-1.162312,-0.072863,1.514231,-1.931282,-0.959282,1.227841,-0.751298,-0.053017,0.023530,0.527913,-0.002341,-0.706964,0.001949,-1.198008
29.652980,-0.910356,0.604917,1.499028,-0.334806,-1.062187,0.420756,-0.526473,0.077179,-0.257794,1.131143,-0.061192,-0.407580,0.268227,-0.148958,-1.162359,-0.072843,1.514765,-1.931280,-0.959987,1.227846,-0.752479,-0.051352,0.022766,0.528747,-0.001201,-0.708055,0.001819,-1.195818
29.654142,-0.913197,0.607765,1.498445,-0.333610,-1.061163,0.422047,-0.528743,0.062240,-0.254923,1.116157,-0.058218,-0.410877,0.267183,-0.148848,-1.162414,-0.072823,1.515297,-1.931275,-0.960702,1.227844,-0.753668,-0.053127,0.022110,0.531692,0.001279,-0.709076,0.000909,-1.191609
29.655022,-0.917435,0.611435,1.500177,-0.334909,-1.061711,0.421655,-0.529913,0.042904,-0.248566,1.097013,-0.057775,-0.414187,0.265813,-0.148784,-1.162464,-0.072804,1.515834,-1.931279,-0.961404,1.227841,-0.754856,-0.052193,0.021483,0.532099,-0.000483,-0.710256,-0.000004,-1.186753
29.655931,-0.926520,0.614519,1.498153,-0.334126,-1.060257,0.420981,-0.528583,0.018718,-0.238072,1.073126,-0.058962,-0.417558,0.264227,-0.148785,-1.162510,-0.072786,1.516356,-1.931276,-0.962112,1.227845,-0.756044,-0.050355,0.020192,0.529917,0.000325,-0.708023,0.000651,-1.183035
29.656972,-0.924252,0.619044,1.497131,-0.335124,-1.060945,0.419443,-0.528812,-0.011302,-0.222595,1.043379,-0.060912,-0.421109,0.262462,-0.148915,-1.162548,-0.072769,1.516886,-1.931281,-0.962821,1.227851,-0.757225,-0.046202,0.019247,0.529744,-0.000858,-0.708018,0.001574,-1.184500
29.657923,-0.922765,0.617321,1.493473,-0.336033,-1.061823,0.418794,-0.528712,-0.048303,-0.201331,1.006660,-0.063223,-0.424903,0.260447,-0.149210,-1.162598,-0.072755,1.517422,-1.931279,-0.963521,1.227856,-0.758415,-0.047789,0.017720,0.529716,-0.000431,-0.706747,0.003416,-1.183237
29.659035,-0.918999,0.619332,1.489624,-0.337285,-1.061788,0.420458,-0.528357,-0.088844,-0.176654,0.966568,-0.065664,-0.428662,0.258315,-0.149623,-1.162649,-0.072729,1.517953,-1.931279,-0.964225,1.227863,-0.759589,-0.048817,0.019140,0.530568,-0.000037,-0.704682,0.004305,-1.182381
29.659941,-0.926526,0.618929,1.493006,-0.336970,-1.064424,0.421709,-0.528100,-0.127780,-0.152362,0.928298,-0.068280,-0.432001,0.256270,-0.150092,-1.162704,-0.072711,1.518489,-1.931277,-0.964921,1.227863,-0.760780,-0.051124,0.018866,0.532369,0.000573,-0.704651,0.002965,-1.182592
29.660921,-0.929028,0.617888,1.494301,-0.337736,-1.066832,0.422664,-0.526855,-0.162833,-0.130261,0.893964,-0.070700,-0.434770,0.254423,-0.150592,-1.162745,-0.072691,1.519009,-1.931279,-0.965613,1.227864,-0.761955,-0.047673,0.019636,0.529510,-0.000185,-0.700635,0.001991,-1.181857
29.662084,-0.929864,0.616300,1.488831,-0.338978,-1.071943,0.422586,-0.528451,-0.193102,-0.111294,0.864271,-0.072158,-0.436975,0.252863,-0.151108,-1.162790,-0.072670,1.519538,-1.931277,-0.966308,1.227866,-0.763151,-0.046847,0.020767,0.528082,0.000036,-0.697344,0.001335,-1.183335
29.662963,-0.932241,0.619116,1.482228,-0.340723,-1.073200,0.421675,-0.527517,-0.219076,-0.095878,0.838673,-0.072487,-0.438712,0.251543,-0.151595,-1.162837,-0.072645,1.520077,-1.931277,-0.966984,1.227869,-0.764339,-0.046987,0.022288,0.530979,0.000654,-0.692634,0.001766,-1.179786
29.664011,-0.936292,0.620893,1.489758,-0.341004,-1.077458,0.420276,-0.525929,-0.244914,-0.081810,0.813072,-0.072640,-0.440229,0.250143,-0.152003,-1.162880,-0.072628,1.520609,-1.931273,-0.967668,1.227874,-0.765510,-0.046103,0.021416,0.532863,0.001850,-0.689983,0.002923,-1.180372
29.664962,-0.938437,0.625241,1.485464,-0.342167,-1.077923,0.418742,-0.525164,-0.273038,-0.067089,0.785113,-0.073505,-0.441608,0.248513,-0.152328,-1.162922,-0.072606,1.521132,-1.931273,-0.968335,1.227880,-0.766702,-0.044577,0.021198,0.528694,0.001559,-0.685504,0.004619,-1.182806
29.666052,-0.934257,0.631100,1.485280,-0.343142,-1.083104,0.418434,-0.524675,-0.301893,-0.051822,0.756398,-0.075187,-0.442705,0.246795,-0.152592,-1.162965,-0.072591,1.521666,-1.931271,-0.969018,1.227888,-0.767894,-0.043899,0.019655,0.529876,0.002176,-0.684107,0.006403,-1.183185
29.667007,-0.932444,0.633848,1.486876,-0.343914,-1.083035,0.420434,-0.524718,-0.330877,-0.035489,0.727631,-0.077750,-0.443455,0.245044,-0.152795,-1.163016,-0.072577,1.522192,-1.931269,-0.969694,1.227894,-0.769070,-0.046453,0.017516,0.529810,0.002528,-0.678862,0.006996,-1.183626
29.667948,-0.934350,0.630743,1.487243,-0.344184,-1.081375,0.421138,-0.524722,-0.357180,-0.019008,0.701694,-0.081058,-0.443715,0.243482,-0.152946,-1.163064,-0.072560,1.522719,-1.931267,-0.970364,1.227897,-0.770253,-0.047678,0.016784,0.528087,0.002750,-0.678162,0.005256,-1.182444
29.668996,-0.934423,0.633139,1.487633,-0.344002,-1.079679,0.421669,-0.522229,-0.375861,-0.005675,0.683427,-0.084517,-0.443290,0.242434,-0.153069,-1.163110,-0.072536,1.523238,-1.931265,-0.971045,1.227899,-0.771420,-0.047062,0.018907,0.526998,0.002467,-0.678834,0.004838,-1.181368
29.669973,-0.931430,0.630908,1.485003,-0.344127,-1.077622,0.423477,-0.524313,-0.385197,0.002433,0.674405,-0.087393,-0.442216,0.241946,-0.153196,-1.163157,-0.072519,1.523765,-1.931265,-0.971732,1.227908,-0.772630,-0.047467,0.018390,0.526421,0.001723,-0.680138,0.004583,-1.185575
29.670927,-0.930643,0.630679,1.475415,-0.342715,-1.079629,0.424543,-0.524492,-0.385436,0.004826,0.674362,-0.089015,-0.440624,0.241985,-0.153319,-1.163209,-0.072494,1.524298,-1.931265,-0.972404,1.227907,-0.773791,-0.049292,0.020083,0.526893,0.001334,-0.681510,0.003071,-1.180404
29.671946,-0.936379,0.632472,1.481182,-0.344906,-1.076989,0.426336,-0.526340,-0.378903,0.002241,0.680922,-0.088434,-0.438811,0.242459,-0.153384,-1.163260,-0.072472,1.524830,-1.931269,-0.973076,1.227909,-0.774947,-0.049964,0.020758,0.530727,-0.000505,-0.678628,0.002296,-1.179106
29.673064,-0.935693,0.635616,1.486051,-0.344599,-1.080526,0.425316,-0.524448,-0.370145,-0.002861,0.689423,-0.085681,-0.437121,0.243155,-0.153380,-1.163302,-0.072453,1.525351,-1.931265,-0.973752,1.227908,-0.776114,-0.047542,0.020529,0.527290,0.001087,-0.680844,0.000817,-1.174611
29.674014,-0.929490,0.635836,1.480920,-0.344325,-1.078393,0.422802,-0.524993,-0.359862,-0.009325,0.699227,-0.082327,-0.435451,0.244098,-0.153349,-1.163352,-0.072438,1.525866,-1.931267,-0.974428,1.227916,-0.777281,-0.048381,0.019742,0.525024,0.000213,-0.677398,0.002166,-1.178078
29.674923,-0.928303,0.636442,1.481474,-0.345955,-1.077795,0.421787,-0.525817,-0.345288,-0.018300,0.713250,-0.078636,-0.433587,0.245478,-0.153302,-1.163410,-0.072416,1.526394,-1.931269,-0.975115,1.227927,-0.778458,-0.051724,0.020221,0.526663,-0.000520,-0.678567,0.004922,-1.175856
29.676003,-0.927519,0.637802,1.484638,-0.344810,-1.075730,0.421584,-0.524344,-0.324774,-0.030855,0.733252,-0.074510,-0.431458,0.247298,-0.153199,-1.163464,-0.072398,1.526924,-1.931265,-0.975785,1.227933,-0.779630,-0.052510,0.020494,0.525140,0.000553,-0.678056,0.006165,-1.172988
29.676959,-0.925231,0.636158,1.480816,-0.345627,-1.075004,0.424611,-0.523422,-0.297468,-0.047447,0.760115,-0.070446,-0.429000,0.249497,-0.153023,-1.163520,-0.072376,1.527439,-1.931269,-0.976476,1.227940,-0.780802,-0.053264,0.020500,0.523494,-0.001099,-0.679906,0.006653,-1.175432
29.677987,-0.925176,0.637704,1.473154,-0.345817,-1.071335,0.424882,-0.524221,-0.263520,-0.068005,0.793650,-0.066049,-0.426333,0.252032,-0.152802,-1.163577,-0.072353,1.527968,-1.931269,-0.977150,1.227939,-0.781982,-0.054643,0.021889,0.524503,-0.000769,-0.679768,0.003897,-1.176193
29.678952,-0.924767,0.637455,1.469418,-0.346534,-1.068499,0.426181,-0.525526,-0.227049,-0.090338,0.829747,-0.061323,-0.423816,0.254621,-0.152532,-1.163635,-0.072331,1.528498,-1.931271,-0.977840,1.227941,-0.783139,-0.054950,0.021743,0.527817,-0.001088,-0.682918,0.003958,-1.173867
29.680035,-0.933640,0.640558,1.472891,-0.345403,-1.067008,0.426941,-0.525178,-0.194254,-0.110838,0.862210,-0.057013,-0.421843,0.256857,-0.152214,-1.163692,-0.072307,1.529028,-1.931271,-0.978530,1.227941,-0.784308,-0.055394,0.022435,0.528758,-0.000876,-0.684792,0.002948,-1.170258
29.680965,-0.931998,0.643526,1.473788,-0.345120,-1.064893,0.426223,-0.523857,-0.151002,-0.138797,0.904551,-0.049176,-0.420310,0.259977,-0.151688,-1.163792,-0.072268,1.530070,-1.931280,-0.979904,1.227949,-0.786664,-0.052503,0.020679,0.525442,-0.003138,-0.687075,0.003505,-1.171919
29.682035,-0.925816,0.643597,1.470269,-0.345367,-1.066554,0.425804,-0.526269,-0.151002,-0.138797,0.904551,-0.049176,-0.420310,0.259977,-0.151688,-1.163792,-0.072268,1.530070,-1.931280,-0.979904,1.227949,-0.786664,-0.052503,0.020679,0.525442,-0.003138,-0.687075,0.003505,-1.171919
29.682995,-0.919585,0.643255,1.472586,-0.346971,-1.067078,0.425142,-0.528739,-0.137169,-0.147791,0.917890,-0.044271,-0.420521,0.261330,-0.151554,-1.163853,-0.072245,1.530603,-1.931284,-0.980591,1.227952,-0.787832,-0.055905,0.021322,0.526898,-0.003362,-0.685125,0.004232,-1.166451
29.683970,-0.919642,0.645926,1.476623,-0.347372,-1.065917,0.425312,-0.527155,-0.120687,-0.158563,0.934054,-0.038679,-0.420718,0.263013,-0.151438,-1.163920,-0.072223,1.531128,-1.931284,-0.981269,1.227960,-0.788979,-0.059137,0.022071,0.524842,-0.002252,-0.683753,0.005150,-1.160588
29.685060,-0.917003,0.648421,1.480634,-0.347153,-1.067488,0.425597,-0.527696,-0.096027,-0.174446,0.958566,-0.033225,-0.420321,0.265279,-0.151354,-1.163980,-0.072204,1.531641,-1.931287,-0.981958,1.227965,-0.790153,-0.059285,0.021345,0.522176,-0.002321,-0.684056,0.005238,-1.162866
29.686060,-0.915923,0.649737,1.475115,-0.350144,-1.066441,0.427958,-0.526405,-0.061763,-0.195697,0.992764,-0.028024,-0.419045,0.268166,-0.151367,-1.164046,-0.072185,1.532161,-1.931292,-0.982631,1.227970,-0.791325,-0.060867,0.020830,0.520120,-0.002992,-0.682471,0.005264,-1.161231
29.686978,-0.919060,0.653104,1.470343,-0.350859,-1.068706,0.430614,-0.527760,-0.021131,-0.219948,1.033438,-0.023387,-0.416915,0.271400,-0.151484,-1.164110,-0.072165,1.532684,-1.931289,-0.983314,1.227969,-0.792478,-0.061594,0.020805,0.522297,-0.000578,-0.682868,0.003200,-1.163055
29.688051,-0.927357,0.653226,1.470870,-0.353401,-1.069786,0.432263,-0.526008,0.017843,-0.242223,1.072662,-0.020708,-0.414254,0.274396,-0.151667,-1.164166,-0.072145,1.533210,-1.931289,-0.983990,1.227967,-0.793633,-0.060199,0.019686,0.523568,-0.000368,-0.679478,0.000831,-1.159180
29.689049,-0.927153,0.652645,1.481248,-0.352662,-1.073485,0.431965,-0.525443,0.046333,-0.257300,1.101603,-0.020917,-0.411590,0.276594,-0.151919,-1.164218,-0.072124,1.533736,-1.931286,-0.984656,1.227967,-0.794806,-0.056437,0.020330,0.523042,0.001540,-0.678386,-0.000473,-1.162163
29.690068,-0.918321,0.654682,1.471756,-0.354114,-1.071213,0.431101,-0.525578,0.064611,-0.265879,1.120472,-0.023478,-0.409062,0.278069,-0.152287,-1.164276,-0.072102,1.534241,-1.931286,-0.985322,1.227969,-0.795958,-0.056833,0.021229,0.517402,0.000249,-0.674151,0.000145,-1.162474
29.691052,-0.913272,0.654858,1.475748,-0.354174,-1.076182,0.430564,-0.526046,0.080468,-0.273103,1.137058,-0.026721,-0.406392,0.279404,-0.152776,-1.164345,-0.072082,1.534772,-1.931282,-0.985994,1.227972,-0.797115,-0.061431,0.020853,0.521632,0.001085,-0.676057,0.001312,-1.161459
29.691954,-0.915252,0.656163,1.477848,-0.355372,-1.079169,0.430256,-0.524623,0.099409,-0.282325,1.156892,-0.029480,-0.403373,0.281009,-0.153339,-1.164415,-0.072060,1.535281,-1.931284,-0.986653,1.227975,-0.798281,-0.064048,0.021366,0.519036,0.000659,-0.670494,0.002133,-1.159614
29.693114,-0.921860,0.659564,1.474806,-0.357625,-1.085015,0.429410,-0.522784,0.124098,-0.295094,1.182550,-0.031284,-0.399982,0.283076,-0.153953,-1.164475,-0.072041,1.535798,-1.931281,-0.987315,1.227978,-0.799430,-0.063158,0.021272,0.516896,0.001312,-0.666475,0.002698,-1.161346
29.694130,-0.920322,0.661328,1.470302,-0.358172,-1.085436,0.430832,-0.521978,0.150118,-0.308556,1.209548,-0.032895,-0.396567,0.285258,-0.154629,-1.164529,-0.072022,1.536323,-1.931275,-0.987957,1.227984,-0.800607,-0.060300,0.020358,0.518728,0.002820,-0.661348,0.003876,-1.164768
29.694981,-0.919085,0.662412,1.466088,-0.359136,-1.089132,0.432431,-0.523407,0.168030,-0.316773,1.228502,-0.035633,-0.393707,0.286850,-0.155348,-1.164593,-0.072002,1.536844,-1.931273,-0.988621,1.227984,-0.801760,-0.061304,0.020133,0.520475,0.002755,-0.660608,0.002744,-1.165630
29.696011,-0.922636,0.665998,1.464779,-0.362205,-1.090186,0.433324,-0.521881,0.175258,-0.318140,1.236843,-0.039368,-0.391654,0.287690,-0.156023,-1.164656,-0.071983,1.537370,-1.931268,-0.989262,1.227984,-0.802920,-0.061980,0.020104,0.521080,0.003174,-0.655709,0.001408,-1.161336
29.696984,-0.931566,0.662338,1.460028,-0.361092,-1.089183,0.432957,-0.521412,0.173204,-0.313366,1.235937,-0.044396,-0.390384,0.287898,-0.156618,-1.164713,-0.071966,1.537886,-1.931257,-0.989919,1.227983,-0.804074,-0.060480,0.019005,0.521371,0.005442,-0.654490,0.000847,-1.163776
29.698013,-0.930944,0.661606,1.460727,-0.360847,-1.086944,0.434429,-0.521004,0.160125,-0.301701,1.223949,-0.051377,-0.390052,0.287314,-0.157166,-1.164762,-0.071941,1.538416,-1.931257,-0.990576,1.227987,-0.805262,-0.056336,0.021422,0.522911,0.003765,-0.654934,0.001503,-1.163659
29.698930,-0.924541,0.661812,1.454728,-0.360434,-1.083851,0.433058,-0.522464,0.136248,-0.284420,1.200961,-0.058882,-0.390856,0.285940,-0.157663,-1.164821,-0.071917,1.538940,-1.931256,-0.991233,1.227986,-0.806421,-0.056967,0.022387,0.522064,0.002966,-0.656974,0.000339,-1.163772
29.700029,-0.921144,0.666846,1.459621,-0.361653,-1.085637,0.434112,-0.523906,0.108264,-0.266113,1.173658,-0.065070,-0.392518,0.284267,-0.158056,-1.164889,-0.071895,1.539463,-1.931256,-0.991895,1.227992,-0.807561,-0.060257,0.022815,0.524019,0.002060,-0.659105,0.001986,-1.159760
29.701028,-0.927776,0.666589,1.458625,-0.361798,-1.081342,0.433930,-0.524533,0.083972,-0.250743,1.149929,-0.069695,-0.394436,0.282873,-0.158297,-1.164953,-0.071878,1.539983,-1.931254,-0.992551,1.227991,-0.808714,-0.062224,0.021041,0.521508,0.002668,-0.657504,0.001252,-1.156469
29.702031,-0.931786,0.669567,1.456794,-0.361491,-1.081619,0.433633,-0.525464,0.065957,-0.238896,1.132391,-0.073649,-0.396229,0.281970,-0.158394,-1.165005,-0.071855,1.540509,-1.931252,-0.993210,1.227994,-0.809873,-0.059184,0.021790,0.521378,0.002229,-0.661434,0.001738,-1.154418
29.702990,-0.931687,0.669980,1.453053,-0.361223,-1.079349,0.434048,-0.526363,0.049889,-0.227790,1.116685,-0.077542,-0.398039,0.281271,-0.158400,-1.165059,-0.071834,1.541025,-1.931254,-0.993871,1.227997,-0.811011,-0.057470,0.020887,0.521606,0.001453,-0.660504,0.002321,-1.151694
29.704114,-0.935157,0.667011,1.450081,-0.363123,-1.077663,0.434487,-0.526640,0.031213,-0.214887,1.098252,-0.081064,-0.400157,0.280482,-0.158364,-1.165119,-0.071811,1.541550,-1.931255,-0.994526,1.227996,-0.812156,-0.057657,0.021181,0.522127,0.000730,-0.661629,0.002170,-1.148596
29.705025,-0.941847,0.671134,1.449762,-0.361617,-1.069977,0.434447,-0.524591,0.009503,-0.200463,1.076721,-0.084462,-0.402612,0.279528,-0.158319,-1.165172,-0.071785,1.542071,-1.931250,-0.995193,1.228002,-0.813292,-0.056250,0.023277,0.523156,0.002001,-0.662952,0.002012,-1.147360
29.705988,-0.944754,0.669531,1.441579,-0.361455,-1.070480,0.434656,-0.525522,-0.015740,-0.184628,1.051619,-0.088490,-0.405381,0.278294,-0.158275,-1.165219,-0.071768,1.542592,-1.931254,-0.995878,1.228002,-0.814467,-0.053117,0.021703,0.521747,0.000111,-0.668947,0.002310,-1.149916
29.707046,-0.944208,0.670300,1.446741,-0.360509,-1.068115,0.435383,-0.526894,-0.046901,-0.165831,1.020528,-0.092669,-0.408642,0.276645,-0.158194,-1.165269,-0.071744,1.543125,-1.931256,-0.996545,1.228003,-0.815606,-0.051916,0.023008,0.524448,-0.000464,-0.667108,0.002361,-1.146737
29.708044,-0.945045,0.668932,1.446365,-0.360306,-1.064007,0.435068,-0.527857,-0.082554,-0.145133,0.984841,-0.095736,-0.412447,0.274746,-0.158010,-1.165323,-0.071719,1.543644,-1.931260,-0.997223,1.228004,-0.816725,-0.052488,0.023164,0.521030,-0.001838,-0.668671,0.001920,-1.143140
29.708979,-0.945440,0.667207,1.441694,-0.359109,-1.058531,0.434842,-0.524736,-0.115533,-0.127060,0.951733,-0.096935,-0.416415,0.273114,-0.157703,-1.165373,-0.071693,1.544158,-1.931263,-0.997896,1.228010,-0.817863,-0.052328,0.024331,0.520226,-0.002425,-0.671656,0.002490,-1.140084
29.710038,-0.948153,0.670829,1.441807,-0.360105,-1.057473,0.434776,-0.524606,-0.141838,-0.114260,0.925184,-0.096064,-0.420253,0.271976,-0.157343,-1.165424,-0.071666,1.544671,-1.931271,-0.998587,1.228014,-0.819002,-0.052330,0.025617,0.521244,-0.003896,-0.675481,0.002951,-1.145048
29.711024,-0.951958,0.675061,1.439258,-0.361268,-1.057754,0.436329,-0.524023,-0.163409,-0.105574,0.903260,-0.093589,-0.423940,0.271121,-0.156993,-1.165471,-0.071644,1.545192,-1.931274,-0.999268,1.228019,-0.820150,-0.051320,0.024373,0.520390,-0.003333,-0.675644,0.003286,-1.144288
29.711965,-0.953668,0.677822,1.434434,-0.360836,-1.053989,0.436647,-0.526563,-0.209254,-0.086550,0.856974,-0.089673,-0.430936,0.269119,-0.156204,-1.165565,-0.071604,1.546234,-1.931280,-1.000609,1.228020,-0.822443,-0.049120,0.021940,0.521518,-0.003406,-0.676554,0.001939,-1.137740
29.713097,-0.954280,0.679156,1.428155,-0.362036,-1.054686,0.436465,-0.526070,-0.209254,-0.086550,0.856974,-0.089673,-0.430936,0.269119,-0.156204,-1.165565,-0.071604,1.546234,-1.931280,-1.000609,1.228020,-0.822443,-0.049120,0.021940,0.521518,-0.003406,-0.676554,0.001939,-1.137740
29.714031,-0.959908,0.679315,1.433040,-0.361006,-1.054733,0.435220,-0.525098,-0.240637,-0.070834,0.825618,-0.089381,-0.434466,0.267560,-0.155725,-1.165614,-0.071583,1.546764,-1.931280,-1.001290,1.228026,-0.823571,-0.049215,0.021928,0.524160,-0.002741,-0.675366,0.002412,-1.138158
29.714991,-0.962760,0.682432,1.428347,-0.362755,-1.057336,0.437976,-0.525783,-0.277698,-0.051376,0.788613,-0.089588,-0.438104,0.265596,-0.155296,-1.165654,-0.071560,1.547283,-1.931287,-1.001952,1.228033,-0.824703,-0.046705,0.022321,0.520245,-0.004073,-0.673945,0.003884,-1.138777
29.715989,-0.955046,0.681589,1.424319,-0.363823,-1.054071,0.437365,-0.526594,-0.317750,-0.030042,0.748601,-0.089678,-0.441786,0.263401,-0.154958,-1.165697,-0.071540,1.547800,-1.931287,-1.002620,1.228029,-0.825841,-0.045613,0.021275,0.521380,-0.002751,-0.670018,0.001382,-1.136108
29.717045,-0.958026,0.682758,1.425887,-0.364773,-1.059665,0.438210,-0.528089,-0.357939,-0.008452,0.708609,-0.090070,-0.445284,0.261165,-0.154649,-1.165753,-0.071517,1.548327,-1.931289,-1.003290,1.228036,-0.826982,-0.049716,0.022234,0.522211,-0.002127,-0.672251,0.002266,-1.133336
29.717997,-0.958002,0.681984,1.425378,-0.366732,-1.058225,0.438172,-0.525328,-0.393647,0.010545,0.673363,-0.091139,-0.448251,0.259148,-0.154307,-1.165799,-0.071494,1.548841,-1.931291,-1.003954,1.228037,-0.828097,-0.048548,0.022209,0.520691,-0.001639,-0.665864,0.001695,-1.129490
29.719068,-0.959574,0.681562,1.425863,-0.366059,-1.063010,0.439211,-0.526188,-0.421998,0.025108,0.645656,-0.092954,-0.450531,0.257509,-0.153953,-1.165848,-0.071469,1.549360,-1.931291,-1.004624,1.228040,-0.829241,-0.048817,0.023062,0.519626,-0.000131,-0.666013,0.001989,-1.133779
29.720003,-0.956459,0.683812,1.415417,-0.367823,-1.061263,0.441099,-0.525826,-0.442433,0.034766,0.625929,-0.095198,-0.452164,0.256309,-0.153641,-1.165895,-0.071444,1.549883,-1.931295,-1.005268,1.228039,-0.830374,-0.048392,0.023837,0.518628,-0.001255,-0.660744,0.001243,-1.131123
29.720953,-0.958076,0.685232,1.417076,-0.368693,-1.065734,0.441253,-0.527495,-0.468466,0.045299,0.601267,-0.098341,-0.454368,0.255005,-0.153167,-1.165998,-0.071399,1.550925,-1.931292,-1.006569,1.228039,-0.832607,-0.049534,0.022947,0.520230,0.000410,-0.655586,-0.000258,-1.126011
29.722118,-0.959101,0.690009,1.417630,-0.368621,-1.065558,0.439751,-0.528096,-0.468466,0.045299,0.601267,-0.098341,-0.454368,0.255005,-0.153167,-1.165998,-0.071399,1.550925,-1.931292,-1.006569,1.228039,-0.832607,-0.049534,0.022947,0.520230,0.000410,-0.655586,-0.000258,-1.126011
29.723122,-0.958012,0.691095,1.420059,-0.370496,-1.063561,0.438771,-0.526482,-0.478242,0.049905,0.592031,-0.099436,-0.455140,0.254776,-0.153057,-1.166048,-0.071381,1.551440,-1.931294,-1.007228,1.228046,-0.833714,-0.049448,0.021266,0.519805,-0.000184,-0.655773,0.001547,-1.124404
29.724024,-0.950120,0.691689,1.412097,-0.370530,-1.060131,0.439465,-0.528503,-0.484685,0.054229,0.585997,-0.100289,-0.455506,0.254918,-0.153102,-1.166099,-0.071359,1.551954,-1.931291,-1.007882,1.228046,-0.834846,-0.050257,0.021270,0.517584,0.001132,-0.656881,0.002800,-1.126579
29.725027,-0.949656,0.690497,1.416901,-0.370344,-1.064618,0.439952,-0.528266,-0.484685,0.056504,0.586403,-0.101378,-0.455111,0.255562,-0.153298,-1.166162,-0.071337,1.552482,-1.931291,-1.008540,1.228048,-0.835963,-0.054269,0.021438,0.519923,0.000712,-0.658802,0.002330,-1.121081
29.726009,-0.946506,0.690373,1.413433,-0.371231,-1.064207,0.441170,-0.528402,-0.474742,0.054129,0.596735,-0.101844,-0.453790,0.256903,-0.153598,-1.166219,-0.071311,1.552989,-1.931292,-1.009182,1.228051,-0.837075,-0.054657,0.022527,0.516550,0.000080,-0.653456,0.002109,-1.120588
29.727011,-0.945869,0.690949,1.411709,-0.372510,-1.065962,0.442966,-0.526246,-0.453093,0.045427,0.618619,-0.100514,-0.451597,0.259038,-0.153981,-1.166278,-0.071290,1.553508,-1.931291,-1.009822,1.228051,-0.838194,-0.056392,0.023115,0.517167,0.000459,-0.653020,0.001157,-1.119193
29.727931,-0.947689,0.690013,1.405982,-0.374734,-1.066063,0.443461,-0.526942,-0.421702,0.031312,0.650078,-0.097785,-0.448657,0.261795,-0.154439,-1.166336,-0.071266,1.554018,-1.931287,-1.010465,1.228050,-0.839339,-0.056871,0.023336,0.517069,0.001179,-0.650437,-0.000357,-1.122399
29.729064,-0.945999,0.689960,1.405582,-0.374829,-1.067791,0.443884,-0.527285,-0.386051,0.014956,0.685713,-0.095217,-0.445221,0.264769,-0.154918,-1.166392,-0.071240,1.554541,-1.931281,-1.011117,1.228050,-0.840450,-0.056077,0.024233,0.518417,0.002821,-0.648999,-0.000584,-1.119655
29.729964,-0.952121,0.689689,1.406918,-0.377206,-1.064090,0.443873,-0.526095,-0.350714,-0.001228,0.720953,-0.093824,-0.441582,0.267635,-0.155320,-1.166451,-0.071213,1.555064,-1.931279,-1.011754,1.228049,-0.841574,-0.057218,0.024840,0.518174,0.002298,-0.647257,-0.000680,-1.118370
29.730925,-0.953163,0.691375,1.402104,-0.374373,-1.065527,0.442977,-0.523909,-0.316992,-0.016696,0.754459,-0.093955,-0.437866,0.270330,-0.155609,-1.166502,-0.071187,1.555571,-1.931272,-1.012408,1.228050,-0.842683,-0.054293,0.025387,0.516032,0.004076,-0.649507,-0.000420,-1.119418
29.731974,-0.948397,0.691475,1.402508,-0.375587,-1.064813,0.441958,-0.525222,-0.286826,-0.030355,0.784240,-0.095095,-0.434280,0.272783,-0.155847,-1.166555,-0.071164,1.556088,-1.931277,-1.013058,1.228052,-0.843813,-0.053993,0.025017,0.517226,0.000862,-0.646924,0.000740,-1.122582
29.733017,-0.941630,0.689071,1.407301,-0.376242,-1.065475,0.440298,-0.523447,-0.260862,-0.041944,0.809627,-0.095345,-0.431070,0.275025,-0.156076,-1.166618,-0.071136,1.556604,-1.931274,-1.013706,1.228056,-0.844932,-0.056556,0.025481,0.516221,0.001521,-0.647072,0.002030,-1.119002
29.733984,-0.942314,0.689543,1.405405,-0.376812,-1.062806,0.439301,-0.523842,-0.232081,-0.055963,0.837759,-0.094133,-0.427882,0.277491,-0.156293,-1.166686,-0.071106,1.557109,-1.931272,-1.014351,1.228067,-0.846049,-0.060045,0.027167,0.513133,0.001615,-0.645802,0.003927,-1.121720
29.735174,-0.943392,0.687470,1.410076,-0.378224,-1.060919,0.440581,-0.522091,-0.193943,-0.076653,0.875275,-0.092275,-0.424280,0.280477,-0.156486,-1.166744,-0.071079,1.557621,-1.931270,-1.015008,1.228075,-0.847171,-0.059814,0.027365,0.512953,0.001673,-0.647363,0.005139,-1.119704
29.735924,-0.940289,0.688620,1.403353,-0.378702,-1.058745,0.441371,-0.523924,-0.147916,-0.103234,0.920704,-0.090724,-0.420342,0.283756,-0.156648,-1.166804,-0.071048,1.558123,-1.931266,-1.015661,1.228076,-0.848286,-0.059593,0.029000,0.510702,0.002421,-0.649395,0.004161,-1.122871
29.736940,-0.940916,0.688151,1.401888,-0.377067,-1.058278,0.442002,-0.523727,-0.097754,-0.133353,0.970336,-0.090373,-0.416302,0.287026,-0.156788,-1.166868,-0.071019,1.558638,-1.931263,-1.016317,1.228078,-0.849396,-0.061042,0.028655,0.511791,0.002470,-0.649206,0.003577,-1.117248
29.737952,-0.943068,0.687199,1.397485,-0.376887,-1.052170,0.443894,-0.523506,-0.047312,-0.164496,1.020290,-0.090467,-0.412560,0.290093,-0.156922,-1.166930,-0.070990,1.559151,-1.931266,-1.016960,1.228079,-0.850521,-0.060848,0.029357,0.511590,0.000376,-0.648948,0.003225,-1.116670
29.739005,-0.948541,0.687913,1.401971,-0.376184,-1.049828,0.443866,-0.526108,-0.001037,-0.194027,1.065973,-0.089438,-0.409608,0.292781,-0.157084,-1.166988,-0.070956,1.559665,-1.931266,-1.017627,1.228078,-0.851632,-0.059954,0.030244,0.512856,-0.000279,-0.654118,0.001609,-1.116133
29.740128,-0.944224,0.692704,1.398210,-0.375228,-1.046946,0.443690,-0.525154,0.038037,-0.220172,1.104276,-0.086985,-0.407664,0.294992,-0.157255,-1.167041,-0.070926,1.560169,-1.931271,-1.018278,1.228080,-0.852738,-0.057482,0.030350,0.509958,-0.001374,-0.655829,0.001939,-1.110053
29.741092,-0.934763,0.692294,1.395301,-0.375961,-1.047586,0.443875,-0.526282,0.069204,-0.241944,1.134583,-0.083211,-0.406657,0.296792,-0.157369,-1.167106,-0.070902,1.560676,-1.931277,-1.018941,1.228081,-0.853842,-0.059884,0.028548,0.511589,-0.002730,-0.658389,0.002424,-1.111467
29.741952,-0.933777,0.692709,1.393139,-0.375799,-1.042066,0.442534,-0.523218,0.095389,-0.260376,1.160001,-0.078006,-0.406241,0.298457,-0.157397,-1.167179,-0.070873,1.561193,-1.931279,-1.019597,1.228082,-0.854945,-0.064609,0.029206,0.511801,-0.002394,-0.656563,0.002497,-1.108054
29.743177,-0.937937,0.695993,1.398041,-0.378341,-1.046429,0.442030,-0.523926,0.121576,-0.278310,1.185579,-0.071846,-0.405866,0.300292,-0.157355,-1.167243,-0.070845,1.561706,-1.931283,-1.020256,1.228091,-0.856068,-0.065029,0.029334,0.511151,-0.002894,-0.660377,0.004046,-1.112709
29.743999,-0.939329,0.695363,1.385953,-0.376171,-1.044257,0.441247,-0.522523,0.148368,-0.295953,1.211882,-0.066178,-0.405183,0.302216,-0.157287,-1.167303,-0.070820,1.562207,-1.931281,-1.020906,1.228094,-0.857182,-0.063273,0.028358,0.508997,-0.000963,-0.656311,0.004865,-1.110973
29.745016,-0.943110,0.692097,1.382889,-0.379630,-1.049640,0.442937,-0.520467,0.170005,-0.309721,1.233131,-0.061749,-0.404380,0.303736,-0.157222,-1.167366,-0.070790,1.562729,-1.931289,-1.021555,1.228101,-0.858280,-0.062558,0.028988,0.513076,-0.003397,-0.656654,0.005839,-1.112227
29.745993,-0.943520,0.696104,1.380689,-0.379023,-1.046499,0.443576,-0.521794,0.180020,-0.316514,1.242859,-0.058193,-0.403897,0.304327,-0.157191,-1.167424,-0.070756,1.563247,-1.931283,-1.022192,1.228102,-0.859385,-0.060847,0.031045,0.513604,-0.000514,-0.650547,0.004406,-1.115422
29.746973,-0.942780,0.691793,1.375969,-0.379196,-1.051494,0.445394,-0.521803,0.177088,-0.316003,1.239797,-0.055980,-0.403806,0.303877,-0.157212,-1.167483,-0.070730,1.563759,-1.931287,-1.022854,1.228102,-0.860490,-0.060791,0.029468,0.513596,-0.001540,-0.652633,0.004046,-1.111624
29.747954,-0.948169,0.693983,1.376366,-0.379582,-1.054755,0.445897,-0.522943,0.164428,-0.309943,1.227109,-0.054611,-0.403995,0.302707,-0.157258,-1.167545,-0.070695,1.564275,-1.931289,-1.023486,1.228101,-0.861612,-0.061279,0.032024,0.514831,-0.001784,-0.646745,0.002497,-1.110500
29.748954,-0.937768,0.693915,1.375091,-0.381100,-1.058565,0.444760,-0.521143,0.144915,-0.300326,1.207540,-0.052666,-0.404536,0.301139,-0.157310,-1.167600,-0.070665,1.564781,-1.931289,-1.024122,1.228105,-0.862706,-0.058748,0.031326,0.513588,-0.001855,-0.642640,0.002260,-1.107179
29.749927,-0.939029,0.697806,1.369351,-0.379970,-1.058022,0.443564,-0.521218,0.122678,-0.289584,1.185268,-0.050023,-0.405291,0.299515,-0.157386,-1.167673,-0.070633,1.565298,-1.931286,-1.024760,1.228110,-0.863828,-0.064025,0.031789,0.513191,-0.000899,-0.638067,0.003662,-1.109774
29.750923,-0.938926,0.697544,1.365859,-0.382962,-1.061393,0.443546,-0.520354,0.102275,-0.279861,1.164922,-0.046704,-0.406017,0.298137,-0.157494,-1.167736,-0.070607,1.565819,-1.931291,-1.025394,1.228118,-0.864944,-0.063423,0.030289,0.514849,-0.002404,-0.637776,0.005086,-1.108452
29.752013,-0.940081,0.699983,1.362663,-0.382978,-1.064858,0.445655,-0.521024,0.082078,-0.269782,1.144853,-0.043117,-0.406818,0.296817,-0.157587,-1.167800,-0.070576,1.566329,-1.931287,-1.026028,1.228124,-0.866046,-0.063577,0.030860,0.515598,0.000047,-0.633619,0.005336,-1.109204
29.753006,-0.939029,0.700342,1.358928,-0.384555,-1.066008,0.446790,-0.521485,0.058521,-0.257148,1.121525,-0.040403,-0.407858,0.295235,-0.157621,-1.167864,-0.070547,1.566847,-1.931287,-1.026645,1.228122,-0.867152,-0.063173,0.030155,0.516605,-0.000496,-0.630098,0.003521,-1.107144
29.753935,-0.937174,0.700168,1.353324,-0.385043,-1.064666,0.446754,-0.520582,0.030900,-0.241535,1.094239,-0.038843,-0.409176,0.293351,-0.157616,-1.167931,-0.070515,1.567361,-1.931285,-1.027273,1.228121,-0.868256,-0.063780,0.030396,0.517423,0.000572,-0.628265,0.002679,-1.105207
29.754923,-0.939974,0.701783,1.354239,-0.388422,-1.066351,0.447746,-0.521227,0.000422,-0.223757,1.064135,-0.038386,-0.410680,0.291258,-0.157634,-1.167997,-0.070483,1.567888,-1.931287,-1.027908,1.228126,-0.869353,-0.064718,0.030837,0.518706,0.000650,-0.628496,0.002958,-1.105829
29.755950,-0.938386,0.701752,1.349537,-0.385307,-1.067341,0.448341,-0.521699,-0.031016,-0.205047,1.033076,-0.039940,-0.412155,0.289057,-0.157730,-1.168060,-0.070455,1.568406,-1.931278,-1.028522,1.228127,-0.870450,-0.063407,0.030475,0.517093,0.003358,-0.626192,0.002224,-1.103506
29.756991,-0.939576,0.704419,1.348649,-0.386646,-1.067036,0.447625,-0.521802,-0.062319,-0.186093,1.002100,-0.043164,-0.413589,0.286882,-0.157912,-1.168126,-0.070422,1.568924,-1.931285,-1.029147,1.228130,-0.871538,-0.064320,0.030918,0.518563,-0.000143,-0.624730,0.001902,-1.101732
29.758055,-0.935511,0.704387,1.344265,-0.388030,-1.068407,0.447121,-0.522927,-0.093190,-0.167200,0.971418,-0.045739,-0.415208,0.284866,-0.158162,-1.168189,-0.070394,1.569447,-1.931282,-1.029768,1.228133,-0.872640,-0.063862,0.030067,0.518082,0.000654,-0.624679,0.002906,-1.100690
29.759011,-0.932883,0.706450,1.341483,-0.388237,-1.067192,0.447779,-0.524177,-0.123256,-0.148619,0.941483,-0.047390,-0.417009,0.283029,-0.158467,-1.168260,-0.070362,1.569965,-1.931277,-1.030393,1.228138,-0.873724,-0.065990,0.030563,0.519563,0.001418,-0.623023,0.003674,-1.097728
29.759939,-0.937286,0.703993,1.338464,-0.389080,-1.065093,0.448300,-0.523038,-0.150949,-0.131257,0.913973,-0.049153,-0.418803,0.281412,-0.158800,-1.168330,-0.070334,1.570486,-1.931277,-1.031025,1.228141,-0.874816,-0.067294,0.029950,0.519616,0.001147,-0.623301,0.003255,-1.094124
29.761080,-0.938203,0.706159,1.333853,-0.389330,-1.063141,0.449775,-0.522351,-0.175631,-0.115629,0.889491,-0.051182,-0.420552,0.280023,-0.159138,-1.168390,-0.070299,1.571012,-1.931275,-1.031648,1.228145,-0.875922,-0.065144,0.031522,0.519604,0.001502,-0.624382,0.002969,-1.095204
29.762051,-0.936920,0.706707,1.328985,-0.390337,-1.062341,0.449416,-0.518851,-0.199908,-0.100461,0.865386,-0.053692,-0.422360,0.278640,-0.159488,-1.168456,-0.070269,1.571533,-1.931275,-1.032281,1.228146,-0.877006,-0.064903,0.030969,0.521559,0.001192,-0.626428,0.001802,-1.096148
29.762947,-0.939667,0.708979,1.321255,-0.391706,-1.061353,0.448975,-0.519828,-0.226583,-0.084066,0.838865,-0.056857,-0.424288,0.277045,-0.159866,-1.168522,-0.070237,1.572059,-1.931274,-1.032913,1.228150,-0.878122,-0.065606,0.031095,0.522678,0.001694,-0.626334,0.002425,-1.102059
29.764057,-0.945941,0.706552,1.324220,-0.392007,-1.061543,0.450580,-0.517343,-0.257528,-0.065086,0.808065,-0.061167,-0.426350,0.275080,-0.160265,-1.168586,-0.070207,1.572591,-1.931270,-1.033533,1.228154,-0.879222,-0.064228,0.030300,0.524782,0.002540,-0.626146,0.003094,-1.098678
29.764995,-0.943170,0.707735,1.318449,-0.391017,-1.056369,0.450390,-0.517348,-0.294030,-0.042865,0.771644,-0.067010,-0.428632,0.272650,-0.160662,-1.168643,-0.070172,1.573107,-1.931268,-1.034158,1.228153,-0.880323,-0.061354,0.032013,0.522798,0.002249,-0.625946,0.001785,-1.103124
29.765921,-0.941427,0.708828,1.315987,-0.390715,-1.055182,0.450584,-0.515622,-0.333681,-0.019197,0.731942,-0.073415,-0.431121,0.269974,-0.161031,-1.168708,-0.070142,1.573637,-1.931270,-1.034791,1.228158,-0.881425,-0.062817,0.031781,0.524198,0.000835,-0.630099,0.002229,-1.101861
29.766942,-0.938439,0.706274,1.315930,-0.391741,-1.050440,0.450178,-0.515471,-0.372072,0.003399,0.693351,-0.078799,-0.433706,0.267427,-0.161368,-1.168775,-0.070111,1.574154,-1.931272,-1.035425,1.228160,-0.882524,-0.063693,0.031607,0.523984,0.000135,-0.630104,0.002279,-1.104124
29.767958,-0.940311,0.702342,1.320377,-0.391014,-1.047360,0.451940,-0.514800,-0.404384,0.022239,0.660697,-0.082804,-0.436163,0.265334,-0.161677,-1.168843,-0.070073,1.574678,-1.931270,-1.036070,1.228166,-0.883631,-0.065260,0.033267,0.522981,0.000636,-0.634159,0.002941,-1.103461
29.769152,-0.940440,0.702973,1.313492,-0.392161,-1.042659,0.452266,-0.516155,-0.424667,0.033301,0.639916,-0.085779,-0.438154,0.264033,-0.161949,-1.168906,-0.070036,1.575198,-1.931272,-1.036705,1.228164,-0.884741,-0.064434,0.035608,0.519739,-0.000560,-0.636578,0.001454,-1.103852
29.769927,-0.939603,0.701869,1.308391,-0.391910,-1.041884,0.453964,-0.517252,-0.432271,0.035793,0.631664,-0.087991,-0.439612,0.263531,-0.162140,-1.168970,-0.070002,1.575722,-1.931271,-1.037357,1.228166,-0.885829,-0.064644,0.035811,0.523111,0.000011,-0.641492,0.001461,-1.100846
29.770947,-0.939406,0.703202,1.309954,-0.391582,-1.039698,0.454106,-0.518225,-0.433175,0.033490,0.630063,-0.089958,-0.440805,0.263436,-0.162194,-1.169037,-0.069965,1.576245,-1.931273,-1.037993,1.228165,-0.886920,-0.064945,0.036542,0.523355,-0.000566,-0.640193,-0.000028,-1.096932
29.771956,-0.941694,0.705290,1.309537,-0.392384,-1.038107,0.453889,-0.518887,-0.430440,0.028734,0.632096,-0.091463,-0.441894,0.263631,-0.162103,-1.169103,-0.069929,1.576760,-1.931275,-1.038640,1.228164,-0.887996,-0.065133,0.036249,0.521641,-0.001343,-0.641671,0.000137,-1.094187
29.773130,-0.941349,0.711689,1.307176,-0.392295,-1.032794,0.453561,-0.520395,-0.423967,0.022212,0.637853,-0.092272,-0.442828,0.264232,-0.161925,-1.169164,-0.069894,1.577280,-1.931275,-1.039286,1.228166,-0.889090,-0.064119,0.035589,0.520812,-0.001018,-0.642452,0.000628,-1.091946
29.774013,-0.938860,0.705614,1.305378,-0.392200,-1.035237,0.453927,-0.521663,-0.416489,0.016665,0.644692,-0.093100,-0.443571,0.265110,-0.161741,-1.169229,-0.069865,1.577808,-1.931277,-1.039934,1.228169,-0.890179,-0.064546,0.032956,0.521729,-0.001642,-0.647925,0.001271,-1.088581
29.774929,-0.936265,0.706466,1.303984,-0.391120,-1.033418,0.454464,-0.519580,-0.409175,0.013092,0.651518,-0.093924,-0.444081,0.266178,-0.161576,-1.169299,-0.069822,1.578324,-1.931279,-1.040572,1.228170,-0.891246,-0.065736,0.036240,0.520977,-0.002113,-0.643963,0.001139,-1.084795
29.776031,-0.932093,0.702588,1.300970,-0.391059,-1.035873,0.456105,-0.521488,-0.398189,0.008205,0.662103,-0.093398,-0.444253,0.267640,-0.161426,-1.169369,-0.069784,1.578845,-1.931285,-1.041220,1.228170,-0.892340,-0.066993,0.036054,0.520154,-0.003511,-0.644497,0.000853,-1.087793
29.776940,-0.935020,0.700458,1.302747,-0.393764,-1.032696,0.457525,-0.521497,-0.380094,-0.000814,0.679766,-0.090227,-0.444020,0.269689,-0.161296,-1.169442,-0.069740,1.579371,-1.931289,-1.041849,1.228167,-0.893408,-0.069162,0.038370,0.521041,-0.004012,-0.641902,-0.000471,-1.083401
29.778029,-0.931514,0.699973,1.304706,-0.392604,-1.039705,0.456742,-0.522412,-0.354286,-0.014688,0.705113,-0.085313,-0.443240,0.272296,-0.161192,-1.169508,-0.069698,1.579881,-1.931287,-1.042498,1.228167,-0.894490,-0.067661,0.039649,0.518687,-0.001755,-0.643732,-0.001634,-1.082199
29.778916,-0.930435,0.698711,1.296056,-0.393641,-1.041125,0.456208,-0.520968,-0.320815,-0.033492,0.738147,-0.080193,-0.441764,0.275379,-0.161101,-1.169580,-0.069656,1.580398,-1.931291,-1.043133,1.228171,-0.895572,-0.069530,0.040256,0.517138,-0.003380,-0.636401,-0.000546,-1.079760
29.780037,-0.933370,0.696351,1.293066,-0.395254,-1.043470,0.456547,-0.518906,-0.281883,-0.055808,0.776627,-0.074452,-0.439839,0.278771,-0.161007,-1.169651,-0.069613,1.580919,-1.931292,-1.043754,1.228171,-0.896643,-0.069983,0.041072,0.519826,-0.002745,-0.633795,0.000230,-1.081440
29.780958,-0.937193,0.695185,1.294240,-0.394974,-1.045679,0.456245,-0.519797,-0.243927,-0.077992,0.814110,-0.068400,-0.437934,0.281984,-0.160918,-1.169717,-0.069566,1.581442,-1.931291,-1.044385,1.228168,-0.897736,-0.068682,0.042596,0.520810,-0.001685,-0.631441,0.000219,-1.085052
29.781968,-0.936246,0.700757,1.296166,-0.397723,-1.051197,0.456783,-0.518889,-0.211944,-0.097313,0.845593,-0.063015,-0.436313,0.284655,-0.160821,-1.169779,-0.069523,1.581957,-1.931295,-1.045002,1.228171,-0.898816,-0.066817,0.043389,0.518764,-0.002341,-0.628223,0.000766,-1.082037
29.782978,-0.933312,0.699645,1.293900,-0.396429,-1.053335,0.454577,-0.522704,-0.185907,-0.113174,0.871147,-0.058636,-0.434917,0.286885,-0.160668,-1.169848,-0.069486,1.582467,-1.931291,-1.045618,1.228169,-0.899890,-0.067364,0.040930,0.516883,-0.000147,-0.622185,0.000512,-1.083054
29.783966,-0.930808,0.695723,1.296142,-0.398365,-1.055230,0.454052,-0.521122,-0.163720,-0.125814,0.893013,-0.055261,-0.433570,0.288913,-0.160425,-1.169921,-0.069442,1.582986,-1.931297,-1.046226,1.228177,-0.900954,-0.068846,0.041803,0.517020,-0.001827,-0.619678,0.002981,-1.074531
29.784974,-0.929413,0.696565,1.294200,-0.398149,-1.053483,0.453025,-0.522651,-0.141337,-0.137933,0.915262,-0.052057,-0.432098,0.290967,-0.160105,-1.169994,-0.069392,1.583490,-1.931293,-1.046840,1.228181,-0.902028,-0.070086,0.043961,0.514923,-0.000423,-0.617189,0.003742,-1.076888
29.785922,-0.923181,0.698316,1.295455,-0.398613,-1.059130,0.454019,-0.520875,-0.115068,-0.152444,0.941535,-0.048787,-0.430275,0.293168,-0.159790,-1.170066,-0.069348,1.584006,-1.931297,-1.047464,1.228188,-0.903102,-0.070782,0.043796,0.514920,-0.001059,-0.618389,0.005016,-1.072922
29.787051,-0.922145,0.693550,1.292475,-0.399167,-1.061687,0.456219,-0.521366,-0.083764,-0.169731,0.972926,-0.045218,-0.427995,0.295545,-0.159543,-1.170146,-0.069306,1.584519,-1.931297,-1.048065,1.228190,-0.904191,-0.073795,0.043176,0.513011,-0.001035,-0.611980,0.004258,-1.075430
29.788030,-0.927771,0.695744,1.287558,-0.401149,-1.061807,0.458160,-0.522881,-0.047027,-0.189919,1.009742,-0.040572,-0.425334,0.298137,-0.159365,-1.170221,-0.069254,1.585033,-1.931297,-1.048672,1.228186,-0.905271,-0.074363,0.045868,0.514189,-0.001024,-0.609733,0.002384,-1.073955
29.788923,-0.934589,0.694014,1.284977,-0.402368,-1.059300,0.458170,-0.521020,-0.009764,-0.210556,1.047022,-0.035487,-0.422611,0.300608,-0.159245,-1.170287,-0.069209,1.585552,-1.931294,-1.049273,1.228185,-0.906324,-0.071583,0.044977,0.515466,0.000406,-0.609113,0.000726,-1.070039
29.790032,-0.930554,0.694577,1.290590,-0.404565,-1.060770,0.457700,-0.523246,0.018335,-0.225931,1.075112,-0.031974,-0.420265,0.302317,-0.159218,-1.170348,-0.069160,1.586058,-1.931292,-1.049888,1.228185,-0.907404,-0.068210,0.045980,0.515281,0.001146,-0.610508,0.000983,-1.072565
29.790943,-0.923520,0.696597,1.286632,-0.403036,-1.060883,0.457925,-0.522517,0.035816,-0.235128,1.092688,-0.031523,-0.418263,0.303205,-0.159332,-1.170424,-0.069114,1.586569,-1.931287,-1.050503,1.228186,-0.908449,-0.070338,0.046024,0.512028,0.002686,-0.609080,0.001762,-1.067653
29.791925,-0.921350,0.695902,1.281799,-0.404150,-1.059412,0.457503,-0.525670,0.050640,-0.242676,1.107799,-0.033341,-0.416206,0.303925,-0.159583,-1.170503,-0.069069,1.587087,-1.931290,-1.051106,1.228186,-0.909523,-0.073706,0.045198,0.512534,0.000771,-0.608056,0.001784,-1.067989
29.792930,-0.924676,0.696234,1.284519,-0.403543,-1.058681,0.458125,-0.526250,0.067256,-0.250926,1.124820,-0.035375,-0.413998,0.304896,-0.159929,-1.170579,-0.069022,1.587599,-1.931287,-1.051719,1.228191,-0.910564,-0.074715,0.045780,0.513869,0.001346,-0.608931,0.002458,-1.060802
29.793990,-0.926401,0.688836,1.282265,-0.404515,-1.059781,0.457376,-0.526122,0.084236,-0.259120,1.142196,-0.036763,-0.411782,0.306027,-0.160309,-1.170649,-0.068978,1.588110,-1.931288,-1.052335,1.228193,-0.911622,-0.073057,0.045879,0.511528,0.000274,-0.609140,0.002098,-1.058904
29.794971,-0.926774,0.688808,1.278455,-0.407155,-1.061370,0.459248,-0.526565,0.100329,-0.267307,1.158571,-0.037414,-0.409673,0.307134,-0.160687,-1.170719,-0.068920,1.588626,-1.931287,-1.052941,1.228194,-0.912685,-0.072281,0.049771,0.511955,0.000709,-0.607913,0.003148,-1.058551
29.796036,-0.927504,0.691516,1.270886,-0.408476,-1.059913,0.459378,-0.526582,0.114252,-0.275843,1.172719,-0.038232,-0.407750,0.307979,-0.161065,-1.170792,-0.068872,1.589138,-1.931281,-1.053548,1.228195,-0.913728,-0.072078,0.049948,0.512781,0.002751,-0.605756,0.001520,-1.056844
29.796987,-0.931032,0.690974,1.268833,-0.407269,-1.054651,0.459119,-0.526256,0.121702,-0.281937,1.180522,-0.041134,-0.406134,0.308218,-0.161456,-1.170864,-0.068826,1.589661,-1.931278,-1.054153,1.228197,-0.914782,-0.071783,0.048877,0.515805,0.003462,-0.607174,0.001694,-1.056249
29.798067,-0.930717,0.692753,1.269399,-0.406930,-1.054695,0.459340,-0.523570,0.118181,-0.281900,1.177480,-0.046333,-0.405095,0.307595,-0.161892,-1.170930,-0.068775,1.590172,-1.931278,-1.054778,1.228201,-0.915825,-0.070037,0.049322,0.515577,0.001773,-0.611557,0.002202,-1.055989
29.799017,-0.930061,0.689970,1.260033,-0.407934,-1.052848,0.461035,-0.523857,0.104664,-0.275839,1.164405,-0.052004,-0.404802,0.306259,-0.162401,-1.170999,-0.068727,1.590688,-1.931279,-1.055397,1.228202,-0.916897,-0.070322,0.048703,0.514658,0.000955,-0.611340,0.002272,-1.060821
29.799972,-0.928463,0.690712,1.259738,-0.407579,-1.047527,0.460163,-0.524006,0.084420,-0.265762,1.144555,-0.056987,-0.405246,0.304500,-0.162970,-1.171071,-0.068674,1.591217,-1.931276,-1.056010,1.228202,-0.917964,-0.070615,0.050236,0.517942,0.001431,-0.612408,0.000830,-1.059168
29.800964,-0.928443,0.689591,1.258361,-0.406965,-1.045124,0.460693,-0.523708,0.059760,-0.253338,1.120333,-0.061483,-0.406297,0.302478,-0.163536,-1.171145,-0.068624,1.591727,-1.931278,-1.056639,1.228206,-0.919015,-0.071370,0.050013,0.516846,0.000647,-0.616825,0.001965,-1.057939
29.802049,-0.929948,0.691310,1.256600,-0.408048,-1.047563,0.461449,-0.521094,0.034623,-0.240849,1.095648,-0.065298,-0.407658,0.300459,-0.164030,-1.171214,-0.068572,1.592246,-1.931280,-1.057261,1.228208,-0.920077,-0.071404,0.050748,0.516430,-0.000399,-0.618558,0.001693,-1.057695
29.802969,-0.928545,0.689768,1.254406,-0.409090,-1.044232,0.461003,-0.522460,0.011206,-0.229312,1.072634,-0.068108,-0.409147,0.298609,-0.164425,-1.171283,-0.068523,1.592762,-1.931278,-1.057878,1.228206,-0.921135,-0.070731,0.050133,0.516546,0.000141,-0.615792,0.001236,-1.062309
29.803963,-0.927709,0.694702,1.243318,-0.406685,-1.045559,0.461822,-0.521775,-0.010634,-0.218424,1.051197,-0.070686,-0.410647,0.296900,-0.164731,-1.171354,-0.068470,1.593279,-1.931276,-1.058504,1.228210,-0.922184,-0.071317,0.050938,0.515701,0.000728,-0.617560,0.001898,-1.058074
29.805042,-0.932703,0.693270,1.245728,-0.409242,-1.042591,0.462052,-0.520380,-0.032447,-0.206856,1.029762,-0.072938,-0.412168,0.295243,-0.164951,-1.171426,-0.068425,1.593809,-1.931285,-1.059124,1.228210,-0.923250,-0.071640,0.048618,0.519553,-0.001925,-0.615010,0.001318,-1.058226
29.806033,-0.940782,0.692962,1.248075,-0.409990,-1.044977,0.463446,-0.520154,-0.057733,-0.192043,1.004706,-0.074261,-0.413857,0.293443,-0.165102,-1.171491,-0.068373,1.594319,-1.931279,-1.059746,1.228211,-0.924301,-0.069190,0.049525,0.517196,0.000070,-0.617268,0.001357,-1.060095
29.807038,-0.942738,0.690358,1.238498,-0.410445,-1.044508,0.463280,-0.521961,-0.086957,-0.173827,0.975575,-0.076066,-0.415518,0.291450,-0.165220,-1.171546,-0.068321,1.594834,-1.931279,-1.060357,1.228208,-0.925363,-0.065245,0.049757,0.514450,0.000354,-0.613720,0.000221,-1.059265
29.808004,-0.941102,0.690772,1.239170,-0.409156,-1.045259,0.462460,-0.523128,-0.120234,-0.152846,0.942369,-0.079335,-0.417039,0.289241,-0.165311,-1.171609,-0.068268,1.595360,-1.931279,-1.060967,1.228211,-0.926402,-0.064339,0.051160,0.517660,0.000360,-0.613197,0.000634,-1.054496
29.809035,-0.942977,0.687711,1.242076,-0.408894,-1.043707,0.461518,-0.520936,-0.157361,-0.129781,0.905311,-0.082876,-0.418513,0.286849,-0.165358,-1.171675,-0.068216,1.595867,-1.931285,-1.061578,1.228216,-0.927452,-0.065138,0.051009,0.515681,-0.001227,-0.611210,0.001669,-1.050895
29.809987,-0.944254,0.681880,1.239981,-0.409956,-1.046922,0.461865,-0.521019,-0.192407,-0.108318,0.870242,-0.084947,-0.419738,0.284694,-0.165391,-1.171737,-0.068160,1.596378,-1.931287,-1.062188,1.228220,-0.928520,-0.064244,0.052629,0.512890,-0.001872,-0.611905,0.002848,-1.054196
29.811003,-0.943339,0.685823,1.235611,-0.411017,-1.048483,0.461412,-0.520631,-0.219517,-0.092535,0.842985,-0.085116,-0.420465,0.283123,-0.165469,-1.171799,-0.068098,1.596885,-1.931287,-1.062795,1.228222,-0.929560,-0.063613,0.055498,0.512300,-0.001209,-0.607382,0.002714,-1.052701
29.811999,-0.946212,0.684130,1.234246,-0.412749,-1.052079,0.462181,-0.524079,-0.239142,-0.082518,0.823189,-0.084391,-0.420714,0.282020,-0.165579,-1.171864,-0.068049,1.597401,-1.931285,-1.063400,1.228224,-0.930614,-0.064106,0.053621,0.513038,-0.000645,-0.604931,0.003419,-1.052342
29.813048,-0.949118,0.685329,1.230139,-0.414309,-1.048065,0.464398,-0.523386,-0.255326,-0.075122,0.806927,-0.084108,-0.420651,0.281088,-0.165666,-1.171925,-0.067993,1.597916,-1.931283,-1.063985,1.228227,-0.931651,-0.062698,0.054541,0.512161,0.000599,-0.600493,0.002867,-1.044234
29.813971,-0.949981,0.685783,1.225353,-0.414208,-1.052103,0.465593,-0.524131,-0.271757,-0.067518,0.790594,-0.085666,-0.420415,0.280078,-0.165713,-1.171983,-0.067938,1.598424,-1.931280,-1.064601,1.228226,-0.932692,-0.061372,0.054023,0.513018,0.001622,-0.603729,0.000906,-1.044715
29.814962,-0.955302,0.685612,1.219761,-0.414073,-1.055706,0.464775,-0.524964,-0.291315,-0.057647,0.771315,-0.089414,-0.420196,0.278841,-0.165750,-1.172042,-0.067884,1.598940,-1.931280,-1.065195,1.228227,-0.933732,-0.060967,0.053817,0.513503,0.001095,-0.598331,-0.000055,-1.041823
29.816005,-0.951006,0.686894,1.217496,-0.412308,-1.053982,0.462009,-0.522462,-0.316824,-0.043768,0.746139,-0.093911,-0.420371,0.277260,-0.165756,-1.172096,-0.067830,1.599461,-1.931281,-1.065777,1.228231,-0.934773,-0.058418,0.053974,0.514668,0.000553,-0.593934,0.001006,-1.038987
29.817006,-0.950376,0.683719,1.219897,-0.413941,-1.053543,0.461585,-0.519756,-0.348581,-0.025848,0.714604,-0.097080,-0.421185,0.275327,-0.165719,-1.172160,-0.067776,1.599969,-1.931286,-1.066367,1.228240,-0.935814,-0.060659,0.053432,0.514550,-0.001556,-0.595080,0.004000,-1.043050
29.818007,-0.948261,0.686248,1.215537,-0.414326,-1.053604,0.462682,-0.518461,-0.380230,-0.007731,0.683011,-0.098014,-0.422294,0.273424,-0.165700,-1.172223,-0.067719,1.600477,-1.931285,-1.066952,1.228247,-0.936869,-0.060992,0.055073,0.511882,-0.000366,-0.594726,0.004608,-1.047273
29.818992,-0.947552,0.682853,1.215026,-0.414963,-1.055669,0.463383,-0.520742,-0.405269,0.006726,0.657958,-0.097668,-0.423164,0.271941,-0.165737,-1.172287,-0.067667,1.600987,-1.931285,-1.067549,1.228246,-0.937909,-0.062071,0.053881,0.512629,-0.000416,-0.593745,0.003751,-1.048700
29.820027,-0.949573,0.676519,1.213347,-0.416818,-1.056464,0.463123,-0.520127,-0.422520,0.016946,0.640697,-0.096921,-0.423635,0.270964,-0.165788,-1.172349,-0.067607,1.601498,-1.931283,-1.068123,1.228248,-0.938947,-0.062446,0.055591,0.511322,-0.000254,-0.590904,0.003292,-1.042892
29.820920,-0.948296,0.677929,1.210370,-0.416640,-1.053468,0.464656,-0.519103,-0.431716,0.022011,0.631476,-0.096334,-0.423704,0.270478,-0.165811,-1.172407,-0.067542,1.602003,-1.931280,-1.068707,1.228252,-0.939985,-0.061542,0.058740,0.510933,0.001066,-0.589513,0.003795,-1.043163
29.821953,-0.949328,0.676090,1.207385,-0.417368,-1.054483,0.463791,-0.517806,-0.433362,0.021482,0.629803,-0.096652,-0.423406,0.270412,-0.165837,-1.172471,-0.067485,1.602512,-1.931281,-1.069302,1.228250,-0.941036,-0.062134,0.057960,0.510462,0.000513,-0.591102,0.002482,-1.043705
29.823034,-0.952621,0.677479,1.206314,-0.417833,-1.054560,0.464839,-0.516323,-0.429866,0.017257,0.633325,-0.097804,-0.422945,0.270664,-0.165897,-1.172531,-0.067425,1.603030,-1.931280,-1.069885,1.228256,-0.942092,-0.061699,0.058914,0.510554,0.000764,-0.589445,0.003590,-1.045210
29.823929,-0.949154,0.674293,1.202565,-0.417978,-1.052499,0.465060,-0.514783,-0.424796,0.012080,0.638499,-0.099525,-0.422643,0.271037,-0.165988,-1.172589,-0.067365,1.603532,-1.931278,-1.070472,1.228257,-0.943133,-0.060192,0.058270,0.510084,0.000704,-0.588973,0.002786,-1.047287
29.825025,-0.946247,0.674054,1.206904,-0.417330,-1.050238,0.466487,-0.517010,-0.419854,0.007247,0.643599,-0.101620,-0.422691,0.271440,-0.166091,-1.172655,-0.067300,1.604043,-1.931277,-1.071066,1.228261,-0.944184,-0.061871,0.059746,0.510000,0.000437,-0.589634,0.002774,-1.048864
29.825918,-0.942199,0.671666,1.201178,-0.417588,-1.046399,0.466671,-0.519481,-0.410790,0.000348,0.652836,-0.103313,-0.422914,0.272216,-0.166147,-1.172720,-0.067240,1.604550,-1.931281,-1.071655,1.228263,-0.945225,-0.063396,0.059922,0.506812,-0.000611,-0.591559,0.001601,-1.043492
29.827057,-0.941338,0.671270,1.199861,-0.418994,-1.045867,0.466782,-0.519051,-0.392473,-0.011530,0.671315,-0.103912,-0.423006,0.273765,-0.166109,-1.172791,-0.067177,1.605055,-1.931281,-1.072256,1.228263,-0.946244,-0.065273,0.061009,0.507811,-0.000720,-0.593908,0.001649,-1.037164
29.828009,-0.942376,0.670372,1.195248,-0.418923,-1.041762,0.466859,-0.518126,-0.365561,-0.027899,0.698387,-0.103972,-0.422875,0.276020,-0.166010,-1.172858,-0.067116,1.605564,-1.931278,-1.072844,1.228265,-0.947290,-0.065785,0.061293,0.507659,0.000107,-0.594304,0.001817,-1.037349
29.828912,-0.943491,0.665426,1.192308,-0.417404,-1.036436,0.466446,-0.519421,-0.334647,-0.045913,0.729439,-0.104539,-0.422619,0.278603,-0.165908,-1.172921,-0.067053,1.606069,-1.931279,-1.073446,1.228267,-0.948318,-0.065248,0.061668,0.508335,-0.000369,-0.597229,0.001962,-1.037971
29.829953,-0.944578,0.664463,1.190300,-0.418266,-1.034685,0.467395,-0.518158,-0.303497,-0.063481,0.760594,-0.105262,-0.422418,0.281209,-0.165799,-1.172984,-0.066985,1.606577,-1.931285,-1.074054,1.228268,-0.949345,-0.064634,0.063994,0.507907,-0.002158,-0.601048,0.002604,-1.033956
29.830934,-0.948680,0.665092,1.187092,-0.420699,-1.031900,0.468026,-0.517946,-0.273347,-0.080342,0.790515,-0.105290,-0.422389,0.283740,-0.165689,-1.173049,-0.066920,1.607089,-1.931285,-1.074657,1.228268,-0.950389,-0.064138,0.064426,0.507616,-0.001725,-0.602005,0.001899,-1.035510
29.831939,-0.951902,0.661354,1.186249,-0.417655,-1.026776,0.468338,-0.519241,-0.246462,-0.095068,0.817037,-0.105831,-0.422570,0.286053,-0.165653,-1.173108,-0.066856,1.607591,-1.931281,-1.075265,1.228264,-0.951412,-0.062132,0.064040,0.507762,0.000197,-0.603676,0.001539,-1.034785
29.832955,-0.952396,0.660670,1.185590,-0.417946,-1.022060,0.466999,-0.520247,-0.225620,-0.105856,0.837494,-0.107647,-0.423095,0.288017,-0.165723,-1.173166,-0.066787,1.608096,-1.931291,-1.075872,1.228265,-0.952441,-0.060615,0.065834,0.506785,-0.003099,-0.607836,0.001481,-1.031087
29.833954,-0.947855,0.658934,1.185970,-0.419172,-1.020012,0.467946,-0.519291,-0.209723,-0.113672,0.852939,-0.109022,-0.424061,0.289774,-0.165879,-1.173227,-0.066720,1.608594,-1.931293,-1.076492,1.228268,-0.953475,-0.060447,0.066089,0.505868,-0.003175,-0.611480,0.003068,-1.028018
29.834929,-0.944855,0.658874,1.192516,-0.418734,-1.018692,0.467670,-0.515827,-0.194148,-0.121364,0.868036,-0.109527,-0.425156,0.291641,-0.166127,-1.173296,-0.066651,1.609097,-1.931293,-1.077111,1.228271,-0.954494,-0.062704,0.066851,0.504287,-0.002377,-0.612360,0.002334,-1.028915
29.836025,-0.946092,0.656607,1.192353,-0.420532,-1.019648,0.466587,-0.516590,-0.171594,-0.133005,0.890158,-0.109731,-0.425791,0.294093,-0.166493,-1.173363,-0.066585,1.609592,-1.931299,-1.077724,1.228275,-0.955544,-0.064154,0.066783,0.499580,-0.003123,-0.612475,0.002838,-1.034638
29.836932,-0.944164,0.657858,1.183818,-0.422419,-1.016156,0.468256,-0.514045,-0.137781,-0.151011,0.923578,-0.109668,-0.425614,0.297362,-0.166959,-1.173425,-0.066513,1.610083,-1.931297,-1.078332,1.228281,-0.956558,-0.063631,0.067857,0.498903,-0.001828,-0.610960,0.004169,-1.032291
29.837927,-0.944328,0.654341,1.187431,-0.423032,-1.017960,0.470258,-0.513361,-0.097726,-0.172436,0.963384,-0.110528,-0.424688,0.300968,-0.167470,-1.173491,-0.066446,1.610590,-1.931295,-1.078952,1.228282,-0.957605,-0.064535,0.067063,0.501343,-0.000388,-0.612875,0.002692,-1.035997
29.838936,-0.949245,0.651047,1.185927,-0.423088,-1.019095,0.470842,-0.511643,-0.057177,-0.193877,1.003920,-0.113298,-0.423166,0.304456,-0.167997,-1.173555,-0.066374,1.611087,-1.931295,-1.079556,1.228280,-0.958632,-0.064458,0.068697,0.498150,-0.000224,-0.610016,0.000947,-1.036233
29.840057,-0.951537,0.650251,1.184392,-0.423784,-1.021601,0.472520,-0.511572,-0.017078,-0.215265,1.044117,-0.117068,-0.421219,0.307796,-0.168510,-1.173613,-0.066302,1.611578,-1.931297,-1.080164,1.228281,-0.959681,-0.062067,0.070199,0.497729,-0.000566,-0.607911,0.000628,-1.038542
29.840933,-0.951833,0.645398,1.178952,-0.423085,-1.020458,0.471175,-0.511210,0.019676,-0.235475,1.080932,-0.120628,-0.419228,0.310837,-0.168957,-1.173673,-0.066232,1.612078,-1.931299,-1.080759,1.228278,-0.960729,-0.061091,0.070561,0.497719,-0.000305,-0.605117,-0.000762,-1.037853
29.842135,-0.952974,0.643031,1.185725,-0.424977,-1.020231,0.471606,-0.510346,0.049647,-0.252758,1.110874,-0.123178,-0.417565,0.313372,-0.169284,-1.173733,-0.066154,1.612575,-1.931301,-1.081365,1.228280,-0.961753,-0.060919,0.072693,0.498555,-0.001343,-0.604647,0.000817,-1.037127
29.842961,-0.950560,0.646362,1.179453,-0.425643,-1.022197,0.470393,-0.512483,0.074684,-0.268508,1.135779,-0.124520,-0.416228,0.315516,-0.169456,-1.173793,-0.066077,1.613064,-1.931299,-1.081983,1.228281,-0.962800,-0.060573,0.073812,0.494853,-0.000017,-0.604780,0.000665,-1.038321
29.843938,-0.951122,0.644384,1.177512,-0.427896,-1.022206,0.470924,-0.511636,0.097868,-0.284044,1.158823,-0.125511,-0.414985,0.317485,-0.169476,-1.173858,-0.066009,1.613564,-1.931301,-1.082576,1.228286,-0.963829,-0.061664,0.071895,0.495873,0.000324,-0.601020,0.002067,-1.032362
29.844931,-0.952414,0.646360,1.182184,-0.427117,-1.022370,0.471899,-0.513634,0.118211,-0.297791,1.179164,-0.127233,-0.413801,0.319225,-0.169360,-1.173919,-0.065934,1.614056,-1.931296,-1.083177,1.228288,-0.964857,-0.061404,0.072720,0.495479,0.002042,-0.599978,0.001753,-1.032962
29.845955,-0.957502,0.643510,1.175505,-0.427358,-1.026537,0.472152,-0.514105,0.135539,-0.309137,1.196636,-0.129888,-0.412669,0.320748,-0.169144,-1.173978,-0.065864,1.614543,-1.931298,-1.083770,1.228288,-0.965880,-0.060831,0.071587,0.491880,0.000847,-0.598896,0.001020,-1.027818
29.846955,-0.957777,0.638425,1.171265,-0.426074,-1.029239,0.471395,-0.514227,0.149464,-0.317811,1.210725,-0.132277,-0.411736,0.322078,-0.168861,-1.174032,-0.065790,1.615034,-1.931298,-1.084361,1.228290,-0.966892,-0.058417,0.072878,0.494152,0.000649,-0.593965,0.001019,-1.025958
29.847991,-0.963039,0.640709,1.176378,-0.426845,-1.029081,0.471601,-0.515285,0.156213,-0.322478,1.217510,-0.132700,-0.411449,0.322923,-0.168547,-1.174089,-0.065709,1.615532,-1.931302,-1.084953,1.228293,-0.967918,-0.058408,0.075179,0.494941,-0.000987,-0.590410,0.002020,-1.024639
29.849069,-0.966320,0.640644,1.173498,-0.426639,-1.030256,0.470905,-0.515301,0.155577,-0.323625,1.216695,-0.130410,-0.411901,0.323234,-0.168251,-1.174139,-0.065639,1.616023,-1.931301,-1.085539,1.228294,-0.968936,-0.055963,0.073916,0.491268,-0.000685,-0.589972,0.002057,-1.021567
29.849978,-0.969311,0.638609,1.173735,-0.426920,-1.028957,0.471605,-0.515043,0.149049,-0.321451,1.209794,-0.126089,-0.412815,0.323139,-0.168012,-1.174191,-0.065565,1.616512,-1.931303,-1.086126,1.228300,-0.969947,-0.054562,0.073844,0.491903,-0.001325,-0.588372,0.002998,-1.020772
29.850995,-0.966779,0.638897,1.170363,-0.429346,-1.032657,0.471152,-0.516576,0.136585,-0.315500,1.196837,-0.120600,-0.413973,0.322633,-0.167844,-1.174241,-0.065487,1.616999,-1.931304,-1.086711,1.228299,-0.970964,-0.053183,0.074593,0.490136,-0.001403,-0.588429,0.002519,-1.019971
29.852020,-0.968601,0.637327,1.168788,-0.430633,-1.034083,0.472652,-0.517289,0.120054,-0.306978,1.179835,-0.115064,-0.415085,0.321799,-0.167729,-1.174299,-0.065413,1.617486,-1.931301,-1.087295,1.228306,-0.971965,-0.054576,0.074283,0.490741,0.000516,-0.583983,0.003195,-1.015941
29.853006,-0.972853,0.633515,1.168780,-0.431032,-1.033017,0.471308,-0.517096,0.101519,-0.297105,1.161044,-0.111134,-0.415874,0.320736,-0.167659,-1.174351,-0.065335,1.617977,-1.931299,-1.087874,1.228304,-0.972979,-0.053820,0.074878,0.490396,0.001303,-0.581978,0.001944,-1.013575
29.853949,-0.976430,0.633597,1.166963,-0.431479,-1.031951,0.471664,-0.516106,0.081736,-0.286588,1.141230,-0.109382,-0.416285,0.319450,-0.167629,-1.174399,-0.065253,1.618466,-1.931298,-1.088452,1.228310,-0.973996,-0.051883,0.076526,0.489106,0.001218,-0.582270,0.003528,-1.012893
29.855135,-0.973825,0.628549,1.168984,-0.432233,-1.034516,0.472506,-0.516716,0.060601,-0.275641,1.120214,-0.109325,-0.416424,0.317893,-0.167634,-1.174446,-0.065177,1.618951,-1.931296,-1.089034,1.228313,-0.975004,-0.050274,0.076228,0.488598,0.001202,-0.582289,0.003370,-1.013708
29.855954,-0.974711,0.629094,1.158672,-0.432992,-1.033497,0.472871,-0.514614,0.039774,-0.265333,1.099655,-0.110279,-0.416340,0.316182,-0.167659,-1.174501,-0.065094,1.619439,-1.931295,-1.089614,1.228312,-0.976012,-0.051877,0.078632,0.487241,0.001422,-0.579890,0.002827,-1.012013
29.856960,-0.978833,0.628818,1.154272,-0.431845,-1.032477,0.473935,-0.516458,0.021022,-0.256798,1.081314,-0.111792,-0.416092,0.314475,-0.167674,-1.174551,-0.065018,1.619938,-1.931293,-1.090184,1.228317,-0.977042,-0.051454,0.078007,0.490264,0.001791,-0.579364,0.002639,-1.014618
29.857953,-0.982221,0.626889,1.158698,-0.434047,-1.028666,0.473476,-0.515657,-0.000026,-0.247037,1.060724,-0.113348,-0.416070,0.312541,-0.167666,-1.174598,-0.064938,1.620427,-1.931298,-1.090764,1.228316,-0.978038,-0.049612,0.077920,0.491256,0.000280,-0.579685,0.001831,-1.009915
29.859039,-0.983048,0.625822,1.155456,-0.433284,-1.030322,0.472597,-0.515589,-0.025921,-0.234017,1.035240,-0.114889,-0.416450,0.310292,-0.167626,-1.174642,-0.064858,1.620911,-1.931292,-1.091343,1.228319,-0.979053,-0.048166,0.078649,0.487803,0.001943,-0.582749,0.002530,-1.010512
29.859967,-0.985272,0.627431,1.154591,-0.432691,-1.030510,0.470871,-0.514832,-0.053217,-0.219768,1.008300,-0.116962,-0.416978,0.308000,-0.167561,-1.174690,-0.064779,1.621397,-1.931294,-1.091921,1.228325,-0.980069,-0.048049,0.079014,0.488690,0.000718,-0.580760,0.003653,-1.009858
29.860989,-0.985770,0.626824,1.150665,-0.432379,-1.030099,0.470580,-0.514416,-0.080563,-0.205035,0.981212,-0.118713,-0.417691,0.305778,-0.167493,-1.174735,-0.064704,1.621886,-1.931295,-1.092499,1.228333,-0.981066,-0.047117,0.077957,0.487558,-0.000238,-0.579493,0.005570,-1.010200
29.861919,-0.989067,0.622836,1.147191,-0.433651,-1.027781,0.470336,-0.515164,-0.108743,-0.189073,0.953155,-0.118839,-0.418810,0.303567,-0.167448,-1.174783,-0.064626,1.622379,-1.931298,-1.093073,1.228339,-0.982082,-0.047100,0.078079,0.488379,-0.000946,-0.579340,0.006065,-1.010052
29.862987,-0.990071,0.625446,1.145496,-0.435486,-1.029204,0.473113,-0.515281,-0.138083,-0.171972,0.923883,-0.117703,-0.420367,0.301247,-0.167435,-1.174826,-0.064544,1.622862,-1.931296,-1.093655,1.228345,-0.983076,-0.045656,0.079771,0.488638,-0.000116,-0.580555,0.006509,-1.007370
29.863942,-0.990177,0.625427,1.144387,-0.433708,-1.028713,0.475026,-0.517112,-0.168802,-0.153965,0.893309,-0.117006,-0.422248,0.298727,-0.167442,-1.174870,-0.064467,1.623353,-1.931293,-1.094230,1.228345,-0.984085,-0.045477,0.078282,0.488564,0.001195,-0.578756,0.003965,-1.006344
29.864968,-0.997044,0.617990,1.141150,-0.433433,-1.027097,0.475846,-0.516874,-0.199914,-0.135197,0.862417,-0.117123,-0.424385,0.296167,-0.167449,-1.174915,-0.064391,1.623837,-1.931299,-1.094813,1.228345,-0.985070,-0.045637,0.078076,0.487752,-0.000890,-0.578254,0.002298,-1.001594
29.865943,-0.999206,0.625922,1.136061,-0.432096,-1.024763,0.475124,-0.516141,-0.230045,-0.116827,0.832394,-0.116374,-0.426919,0.293779,-0.167447,-1.174951,-0.064304,1.624328,-1.931301,-1.095402,1.228348,-0.986070,-0.042543,0.081525,0.488257,-0.001554,-0.579180,0.001732,-1.001214
29.867040,-1.000115,0.623665,1.135587,-0.433192,-1.023030,0.474451,-0.518736,-0.261695,-0.097953,0.800599,-0.113647,-0.430100,0.291424,-0.167473,-1.174991,-0.064237,1.624821,-1.931309,-1.095982,1.228353,-0.987078,-0.041772,0.077383,0.489432,-0.003142,-0.580648,0.002684,-1.001604
29.867954,-1.003853,0.623600,1.137906,-0.433491,-1.024071,0.472811,-0.520078,-0.297722,-0.076210,0.764203,-0.109267,-0.433940,0.288943,-0.167561,-1.175033,-0.064155,1.625303,-1.931311,-1.096572,1.228357,-0.988053,-0.041687,0.078371,0.488977,-0.002453,-0.582026,0.003604,-0.995771
29.868945,-1.000945,0.623628,1.136621,-0.433574,-1.024422,0.473093,-0.520009,-0.335269,-0.053207,0.726173,-0.104335,-0.438055,0.286508,-0.167715,-1.175069,-0.064078,1.625789,-1.931314,-1.097158,1.228365,-0.989046,-0.040088,0.078125,0.486206,-0.002502,-0.579712,0.005433,-0.991892
29.869975,-0.998845,0.625435,1.135114,-0.433968,-1.021454,0.471458,-0.519441,-0.369167,-0.032478,0.691771,-0.099341,-0.442006,0.284434,-0.167944,-1.175115,-0.064001,1.626278,-1.931318,-1.097733,1.228369,-0.990042,-0.041802,0.077903,0.485617,-0.002747,-0.578631,0.005361,-0.991076
29.870924,-1.000698,0.623980,1.133888,-0.435852,-1.018793,0.473541,-0.520311,-0.415127,-0.003753,0.644897,-0.089546,-0.448045,0.281994,-0.168614,-1.175201,-0.063848,1.627245,-1.931318,-1.098899,1.228384,-0.992008,-0.042412,0.077328,0.484585,-0.001322,-0.582634,0.005300,-0.988572
29.872031,-1.003761,0.624954,1.137114,-0.435360,-1.020683,0.472443,-0.521482,-0.415127,-0.003753,0.644897,-0.089546,-0.448045,0.281994,-0.168614,-1.175201,-0.063848,1.627245,-1.931318,-1.098899,1.228384,-0.992008,-0.042412,0.077328,0.484585,-0.001322,-0.582634,0.005300,-0.988572
29.873125,-1.002036,0.621033,1.132827,-0.436868,-1.022333,0.472676,-0.519229,-0.427654,0.004656,0.631973,-0.086322,-0.449686,0.281471,-0.169015,-1.175240,-0.063773,1.627719,-1.931322,-1.099477,1.228394,-0.992978,-0.041284,0.076725,0.482435,-0.002222,-0.580524,0.006647,-0.985697
29.873956,-0.999990,0.620943,1.133432,-0.437913,-1.021736,0.473988,-0.520343,-0.434764,0.009605,0.624467,-0.084036,-0.450480,0.281240,-0.169467,-1.175284,-0.063691,1.628205,-1.931321,-1.100053,1.228398,-0.993982,-0.042504,0.078511,0.483864,-0.001197,-0.578649,0.006648,-0.989562
29.874936,-1.002820,0.622982,1.136117,-0.440257,-1.021511,0.474721,-0.516411,-0.435881,0.010268,0.622997,-0.082587,-0.450456,0.281322,-0.169977,-1.175330,-0.063612,1.628686,-1.931320,-1.100632,1.228400,-0.994967,-0.043627,0.078192,0.481620,-0.000557,-0.577662,0.005519,-0.985833
29.876026,-1.002997,0.623418,1.130849,-0.439469,-1.024857,0.475116,-0.515879,-0.429629,0.006177,0.629042,-0.082842,-0.449483,0.281884,-0.170515,-1.175371,-0.063538,1.629160,-1.931316,-1.101199,1.228404,-0.995961,-0.042464,0.076975,0.479152,0.001280,-0.577182,0.005012,-0.992789
29.876979,-1.003051,0.620780,1.129712,-0.441070,-1.026033,0.474907,-0.516516,-0.418662,-0.000416,0.639997,-0.084924,-0.447771,0.282843,-0.171041,-1.175416,-0.063461,1.629645,-1.931319,-1.101757,1.228411,-0.996959,-0.042703,0.076635,0.481083,0.000050,-0.573736,0.004855,-0.993092
29.877958,-1.001451,0.621852,1.130975,-0.440283,-1.029333,0.473000,-0.518071,-0.407152,-0.007212,0.651633,-0.087729,-0.445814,0.283953,-0.171492,-1.175460,-0.063382,1.630120,-1.931314,-1.102323,1.228416,-0.997955,-0.042896,0.077702,0.480349,0.001143,-0.571737,0.005276,-0.990688
29.879119,-0.998133,0.623972,1.133468,-0.441514,-1.031007,0.472577,-0.516477,-0.394695,-0.014846,0.664273,-0.090268,-0.443810,0.285267,-0.171819,-1.175508,-0.063306,1.630596,-1.931318,-1.102884,1.228428,-0.998932,-0.043902,0.076941,0.478558,-0.000013,-0.567759,0.007372,-0.986612
29.880002,-0.999233,0.622910,1.134598,-0.444642,-1.032143,0.473932,-0.515754,-0.378073,-0.024832,0.681088,-0.091868,-0.441681,0.287042,-0.172049,-1.175557,-0.063232,1.631071,-1.931316,-1.103442,1.228438,-0.999934,-0.045884,0.075827,0.477013,0.000697,-0.566404,0.008011,-0.989375
29.880954,-0.994264,0.618164,1.130178,-0.443939,-1.038118,0.472412,-0.517731,-0.355238,-0.037819,0.704191,-0.093522,-0.439220,0.289407,-0.172221,-1.175602,-0.063155,1.631539,-1.931307,-1.104004,1.228444,-1.000910,-0.045472,0.076078,0.474940,0.003226,-0.564097,0.006828,-0.989558
29.882029,-0.993973,0.619766,1.136928,-0.442877,-1.040305,0.473811,-0.515046,-0.325839,-0.054446,0.733981,-0.096367,-0.436354,0.292281,-0.172326,-1.175655,-0.063071,1.632018,-1.931308,-1.104543,1.228456,-1.001907,-0.048095,0.078155,0.475858,0.002104,-0.557504,0.008543,-0.984442
29.882945,-1.002272,0.615924,1.132006,-0.443752,-1.040421,0.474639,-0.513888,-0.288999,-0.075785,0.771146,-0.098537,-0.433296,0.295678,-0.172375,-1.175704,-0.062995,1.632480,-1.931309,-1.105104,1.228459,-1.002883,-0.048476,0.077185,0.471897,0.000576,-0.555179,0.007361,-0.989259
29.883951,-1.004456,0.618391,1.129591,-0.444430,-1.037039,0.475194,-0.516180,-0.247179,-0.100281,0.813019,-0.098509,-0.430350,0.299455,-0.172428,-1.175740,-0.062911,1.632953,-1.931308,-1.105655,1.228467,-1.003877,-0.044568,0.078787,0.472988,0.001056,-0.554203,0.006723,-0.990332
29.885096,-1.005713,0.616924,1.132019,-0.445526,-1.041610,0.474700,-0.514331,-0.208869,-0.122753,0.851144,-0.097578,-0.427823,0.303012,-0.172502,-1.175782,-0.062837,1.633429,-1.931307,-1.106207,1.228470,-1.004859,-0.043790,0.077351,0.473160,0.001260,-0.557198,0.006401,-0.984798
29.886091,-1.004517,0.614437,1.135297,-0.446993,-1.041944,0.475235,-0.514953,-0.178697,-0.140203,0.881053,-0.097298,-0.425772,0.306026,-0.172587,-1.175827,-0.062757,1.633895,-1.931305,-1.106753,1.228478,-1.005842,-0.043531,0.077977,0.471669,0.001818,-0.552882,0.007147,-0.988114
29.886938,-1.008469,0.617106,1.132994,-0.446038,-1.039776,0.473874,-0.515800,-0.152741,-0.155091,0.906782,-0.098327,-0.423941,0.308788,-0.172693,-1.175872,-0.062676,1.634357,-1.931301,-1.107303,1.228485,-1.006830,-0.044384,0.078965,0.469101,0.002753,-0.552104,0.006807,-0.985869
29.888003,-1.004933,0.614165,1.135126,-0.446173,-1.040020,0.473980,-0.517151,-0.127552,-0.169606,0.931831,-0.100591,-0.422191,0.311540,-0.172800,-1.175912,-0.062602,1.634830,-1.931303,-1.107853,1.228498,-1.007812,-0.042563,0.077330,0.468547,0.001437,-0.553076,0.008321,-0.982801
29.888949,-1.004347,0.612655,1.136004,-0.446612,-1.038899,0.475387,-0.515387,-0.102953,-0.183637,0.956375,-0.103068,-0.420621,0.314282,-0.172873,-1.175961,-0.062521,1.635290,-1.931302,-1.108403,1.228506,-1.008780,-0.044612,0.078621,0.466900,0.001109,-0.552703,0.008419,-0.979444
29.889928,-1.002182,0.613480,1.136330,-0.448838,-1.041391,0.476397,-0.517037,-0.076030,-0.199189,0.983305,-0.105009,-0.419166,0.317171,-0.172912,-1.176007,-0.062441,1.635756,-1.931302,-1.108955,1.228510,-1.009770,-0.045084,0.079093,0.465267,0.001135,-0.553094,0.007214,-0.981932
29.890946,-1.003425,0.612214,1.135641,-0.448128,-1.041428,0.477093,-0.518735,-0.044299,-0.217922,1.015124,-0.107073,-0.417657,0.320348,-0.172891,-1.176056,-0.062364,1.636211,-1.931297,-1.109504,1.228510,-1.010726,-0.046357,0.078450,0.464203,0.002812,-0.550022,0.006452,-0.977700
29.892043,-1.006121,0.611352,1.133998,-0.447672,-1.039482,0.478658,-0.517165,-0.009410,-0.238709,1.050168,-0.109936,-0.416146,0.323698,-0.172756,-1.176101,-0.062286,1.636673,-1.931299,-1.110059,1.228517,-1.011694,-0.045980,0.078885,0.463745,0.001670,-0.549617,0.005972,-0.973509
29.892927,-1.006167,0.610062,1.133410,-0.447851,-1.036126,0.478857,-0.518486,0.024826,-0.259393,1.084531,-0.112808,-0.414924,0.326980,-0.172519,-1.176143,-0.062207,1.637141,-1.931300,-1.110620,1.228519,-1.012678,-0.044982,0.079159,0.464072,0.000777,-0.551518,0.004659,-0.976097
29.893972,-1.007391,0.613961,1.132408,-0.446051,-1.037259,0.476896,-0.518321,0.055389,-0.278371,1.115164,-0.114961,-0.414165,0.330010,-0.172231,-1.176188,-0.062127,1.637593,-1.931300,-1.111172,1.228526,-1.013639,-0.045119,0.079486,0.463034,0.000575,-0.553831,0.004654,-0.972219
29.894943,-1.011715,0.615512,1.132929,-0.448313,-1.036276,0.478829,-0.514104,0.081069,-0.294629,1.140853,-0.115906,-0.413882,0.332720,-0.171915,-1.176232,-0.062053,1.638054,-1.931306,-1.111714,1.228533,-1.014612,-0.044796,0.077374,0.462879,-0.001569,-0.552527,0.006856,-0.971855
29.896017,-1.010190,0.615797,1.136279,-0.447963,-1.031477,0.479876,-0.514207,0.099611,-0.306110,1.159382,-0.115595,-0.414128,0.334956,-0.171618,-1.176273,-0.061977,1.638508,-1.931302,-1.112266,1.228536,-1.015591,-0.042892,0.076395,0.461685,0.000221,-0.552912,0.005109,-0.979386
29.897038,-1.012602,0.612430,1.133425,-0.448800,-1.032455,0.480706,-0.514361,0.111397,-0.312684,1.171321,-0.115392,-0.414689,0.336730,-0.171398,-1.176319,-0.061901,1.638967,-1.931304,-1.112834,1.228538,-1.016571,-0.043977,0.076120,0.459484,-0.000583,-0.557505,0.004328,-0.978425
29.897938,-1.010183,0.613072,1.133179,-0.449515,-1.031684,0.482323,-0.514821,0.120025,-0.317007,1.180391,-0.116042,-0.415275,0.338269,-0.171246,-1.176360,-0.061820,1.639431,-1.931304,-1.113383,1.228541,-1.017553,-0.043057,0.077588,0.460117,-0.000182,-0.556144,0.003736,-0.977274
29.899008,-1.011483,0.607524,1.132746,-0.449309,-1.030894,0.482798,-0.514151,0.127193,-0.320896,1.188279,-0.117530,-0.415869,0.339686,-0.171123,-1.176409,-0.061743,1.639886,-1.931304,-1.113942,1.228539,-1.018524,-0.044411,0.076971,0.458955,0.000136,-0.555880,0.002351,-0.975182
29.899964,-1.013536,0.609325,1.130935,-0.447651,-1.027014,0.482894,-0.513901,0.134473,-0.325898,1.196489,-0.119658,-0.416541,0.341114,-0.171009,-1.176451,-0.061658,1.640344,-1.931306,-1.114502,1.228541,-1.019508,-0.044085,0.079528,0.458664,-0.000506,-0.556497,0.002140,-0.975850
29.900965,-1.010869,0.606473,1.122540,-0.450331,-1.025537,0.482131,-0.510510,0.142165,-0.332573,1.205195,-0.121254,-0.417524,0.342589,-0.170887,-1.176491,-0.061582,1.640805,-1.931312,-1.115066,1.228546,-1.020470,-0.043315,0.078363,0.458487,-0.002462,-0.559596,0.002257,-0.975381
29.902016,-1.009993,0.608581,1.126678,-0.447754,-1.021971,0.482463,-0.511796,0.147013,-0.338913,1.211096,-0.122099,-0.419069,0.343849,-0.170780,-1.176540,-0.061500,1.641265,-1.931308,-1.115632,1.228552,-1.021467,-0.044876,0.079554,0.461851,-0.000265,-0.560442,0.003243,-0.981266
29.903041,-1.014839,0.609444,1.124110,-0.448628,-1.022488,0.482964,-0.513379,0.148152,-0.344049,1.213284,-0.122740,-0.421139,0.344778,-0.170712,-1.176587,-0.061426,1.641720,-1.931318,-1.116208,1.228556,-1.022444,-0.045537,0.078319,0.458990,-0.003111,-0.563405,0.003131,-0.977736
29.903972,-1.018791,0.609522,1.119707,-0.447177,-1.019303,0.483474,-0.513446,0.146844,-0.348002,1.212877,-0.122447,-0.423665,0.345491,-0.170622,-1.176626,-0.061348,1.642179,-1.931320,-1.116768,1.228560,-1.023408,-0.043329,0.077615,0.459048,-0.002547,-0.561849,0.002832,-0.973394
29.904940,-1.014586,0.609888,1.116261,-0.450224,-1.017631,0.483387,-0.512732,0.140073,-0.348423,1.206799,-0.120705,-0.426770,0.345811,-0.170445,-1.176664,-0.061271,1.642641,-1.931326,-1.117338,1.228560,-1.024384,-0.041557,0.077249,0.459573,-0.004239,-0.563559,0.002523,-0.971830
29.906042,-1.015945,0.611214,1.112230,-0.450491,-1.013104,0.483725,-0.512936,0.125929,-0.344112,1.193232,-0.118445,-0.430317,0.345577,-0.170196,-1.176713,-0.061194,1.643106,-1.931322,-1.117899,1.228566,-1.025356,-0.043795,0.076768,0.459734,-0.001621,-0.563967,0.002799,-0.971924
29.907037,-1.013543,0.609314,1.113450,-0.449050,-1.014948,0.483535,-0.514240,0.106600,-0.336223,1.174534,-0.117505,-0.433785,0.344901,-0.169934,-1.176753,-0.061120,1.643566,-1.931324,-1.118473,1.228565,-1.026317,-0.043375,0.075914,0.460806,-0.001772,-0.567736,0.002701,-0.970549
29.907995,-1.014715,0.607032,1.108613,-0.450515,-1.016832,0.484357,-0.513374,0.085107,-0.326480,1.153739,-0.117658,-0.436850,0.343989,-0.169714,-1.176800,-0.061041,1.644023,-1.931330,-1.119027,1.228573,-1.027281,-0.044731,0.076579,0.458814,-0.003484,-0.564760,0.003071,-0.966672
29.909134,-1.012747,0.605125,1.104376,-0.451980,-1.016935,0.486328,-0.513150,0.064804,-0.317277,1.134071,-0.117098,-0.439465,0.343078,-0.169573,-1.176843,-0.060961,1.644477,-1.931330,-1.119582,1.228575,-1.028240,-0.044280,0.077373,0.459784,-0.002368,-0.561638,0.002439,-0.967124
29.910027,-1.017960,0.603427,1.103091,-0.453674,-1.016942,0.487070,-0.511913,0.046113,-0.309413,1.115961,-0.116133,-0.441614,0.342166,-0.169538,-1.176890,-0.060881,1.644944,-1.931328,-1.120145,1.228573,-1.029211,-0.045514,0.078095,0.461032,-0.001395,-0.561052,0.000716,-0.966671
29.910969,-1.018610,0.602479,1.104183,-0.454028,-1.017928,0.486957,-0.512654,0.027495,-0.302173,1.097970,-0.116243,-0.443284,0.341147,-0.169610,-1.176928,-0.060801,1.645406,-1.931326,-1.120696,1.228574,-1.030182,-0.043043,0.078558,0.459808,-0.000092,-0.559548,0.000180,-0.967615
29.912010,-1.018961,0.603534,1.096978,-0.456014,-1.022351,0.486394,-0.514505,0.008951,-0.295420,1.080132,-0.118004,-0.444486,0.340074,-0.169760,-1.176971,-0.060723,1.645855,-1.931328,-1.121254,1.228575,-1.031136,-0.042881,0.078693,0.457773,-0.000070,-0.557202,0.000502,-0.964751
29.912979,-1.021851,0.600922,1.097853,-0.454681,-1.023118,0.486270,-0.510810,-0.009873,-0.288576,1.062106,-0.121181,-0.445353,0.338981,-0.169958,-1.177012,-0.060647,1.646323,-1.931325,-1.121801,1.228579,-1.032092,-0.042938,0.077916,0.460121,0.001446,-0.551962,0.001272,-0.959937
29.913936,-1.023358,0.597586,1.099993,-0.457037,-1.025601,0.484582,-0.509676,-0.030539,-0.280462,1.042290,-0.124889,-0.446150,0.337796,-0.170199,-1.177051,-0.060567,1.646782,-1.931329,-1.122343,1.228580,-1.033060,-0.041694,0.078898,0.458150,-0.000202,-0.550168,0.001599,-0.966107
29.914983,-1.025381,0.599727,1.095782,-0.457325,-1.025982,0.484144,-0.508906,-0.051022,-0.272548,1.022603,-0.128200,-0.446919,0.336634,-0.170489,-1.177092,-0.060485,1.647232,-1.931326,-1.122885,1.228589,-1.034028,-0.041122,0.080212,0.455653,0.001724,-0.546554,0.003465,-0.966961
29.915975,-1.027317,0.601270,1.095228,-0.457217,-1.027660,0.484791,-0.507206,-0.069355,-0.266108,1.004994,-0.131460,-0.447515,0.335557,-0.170790,-1.177132,-0.060410,1.647690,-1.931324,-1.123421,1.228592,-1.034999,-0.040364,0.078877,0.456639,0.001546,-0.545550,0.004100,-0.967358
29.916961,-1.027499,0.599961,1.096668,-0.458402,-1.031569,0.485887,-0.505859,-0.088223,-0.258828,0.986785,-0.134643,-0.448028,0.334372,-0.171060,-1.177172,-0.060333,1.648139,-1.931324,-1.123960,1.228593,-1.035968,-0.039618,0.077821,0.455627,0.001041,-0.542930,0.003652,-0.969505
29.918171,-1.028224,0.600663,1.095380,-0.459637,-1.032696,0.485435,-0.504590,-0.107862,-0.250022,0.967714,-0.137008,-0.448482,0.333126,-0.171291,-1.177210,-0.060254,1.648589,-1.931321,-1.124486,1.228594,-1.036945,-0.039767,0.078180,0.453580,0.001769,-0.538173,0.002768,-0.970871
29.919025,-1.030089,0.599153,1.095075,-0.462333,-1.036870,0.485339,-0.505829,-0.125774,-0.241351,0.950303,-0.138874,-0.448661,0.331993,-0.171468,-1.177250,-0.060179,1.649044,-1.931319,-1.125015,1.228600,-1.037928,-0.039774,0.077699,0.453814,0.002474,-0.537239,0.003464,-0.972656
29.920009,-1.034729,0.602345,1.091755,-0.461309,-1.038921,0.485028,-0.503445,-0.141653,-0.233348,0.934900,-0.141597,-0.448375,0.330924,-0.171571,-1.177288,-0.060100,1.649487,-1.931310,-1.125536,1.228607,-1.038884,-0.038972,0.078064,0.452175,0.004632,-0.531643,0.003701,-0.968536
29.921029,-1.035289,0.600290,1.093540,-0.459536,-1.043374,0.485554,-0.503198,-0.157894,-0.224650,0.919090,-0.145694,-0.447708,0.329715,-0.171624,-1.177320,-0.060031,1.649940,-1.931309,-1.126056,1.228610,-1.039865,-0.036940,0.076246,0.452505,0.003163,-0.528855,0.004217,-0.972036
29.922011,-1.042353,0.601350,1.096050,-0.461728,-1.042166,0.486166,-0.503786,-0.176389,-0.213956,0.900829,-0.148965,-0.447071,0.328289,-0.171670,-1.177357,-0.059952,1.650385,-1.931314,-1.126573,1.228612,-1.040830,-0.036948,0.077008,0.450473,0.001105,-0.523797,0.003894,-0.971303
29.922978,-1.045400,0.601726,1.092392,-0.461957,-1.043053,0.487385,-0.502059,-0.195762,-0.202187,0.881394,-0.149967,-0.446650,0.326786,-0.171727,-1.177383,-0.059876,1.650829,-1.931308,-1.127100,1.228616,-1.041798,-0.033760,0.076186,0.447961,0.002823,-0.524202,0.003472,-0.968814
29.923997,-1.040048,0.600979,1.090646,-0.460760,-1.040379,0.489328,-0.504957,-0.216309,-0.189339,0.860599,-0.150284,-0.446360,0.325177,-0.171783,-1.177415,-0.059802,1.651282,-1.931307,-1.127614,1.228616,-1.042780,-0.032560,0.075728,0.448396,0.002606,-0.522505,0.002462,-0.970927
29.925059,-1.043680,0.597912,1.091130,-0.460661,-1.040654,0.488066,-0.505475,-0.237851,-0.175603,0.838732,-0.150387,-0.446175,0.323527,-0.171792,-1.177456,-0.059725,1.651727,-1.931309,-1.128141,1.228616,-1.043722,-0.035492,0.075841,0.448151,0.001045,-0.524535,0.000737,-0.963946
29.926049,-1.043991,0.598988,1.088663,-0.461510,-1.040981,0.487261,-0.505962,-0.256281,-0.163822,0.819869,-0.149158,-0.446037,0.322197,-0.171708,-1.177487,-0.059646,1.652174,-1.931309,-1.128659,1.228623,-1.044680,-0.034009,0.077121,0.446944,0.000541,-0.523823,0.002223,-0.961909
29.926922,-1.043916,0.601916,1.086965,-0.460230,-1.039242,0.485504,-0.506878,-0.270513,-0.155088,0.805054,-0.146780,-0.445931,0.321230,-0.171544,-1.177520,-0.059572,1.652615,-1.931305,-1.129182,1.228630,-1.045629,-0.034162,0.076309,0.447002,0.000924,-0.522711,0.003199,-0.959738
29.927978,-1.045179,0.602700,1.088572,-0.460890,-1.038482,0.486426,-0.506958,-0.282593,-0.147803,0.792237,-0.143816,-0.445913,0.320431,-0.171348,-1.177553,-0.059500,1.653062,-1.931310,-1.129709,1.228639,-1.046583,-0.034412,0.074531,0.446098,-0.000603,-0.523127,0.005105,-0.956370
29.928986,-1.042194,0.601386,1.090165,-0.461119,-1.036768,0.487400,-0.507344,-0.292901,-0.140915,0.781065,-0.140221,-0.445936,0.319762,-0.171154,-1.177586,-0.059427,1.653506,-1.931310,-1.130225,1.228642,-1.047538,-0.034118,0.073958,0.444341,-0.000333,-0.523473,0.004371,-0.955179
29.929920,-1.045304,0.603260,1.086800,-0.462940,-1.038076,0.488471,-0.507121,-0.298618,-0.135932,0.774455,-0.136421,-0.445730,0.319399,-0.170992,-1.177625,-0.059351,1.653938,-1.931312,-1.130752,1.228645,-1.048477,-0.035874,0.074362,0.442547,-0.000460,-0.524461,0.003601,-0.953292
29.931000,-1.047568,0.604608,1.083481,-0.462505,-1.038701,0.490140,-0.507519,-0.298330,-0.133887,0.773954,-0.133474,-0.445071,0.319400,-0.170876,-1.177658,-0.059279,1.654380,-1.931309,-1.131267,1.228648,-1.049425,-0.034540,0.073136,0.442815,0.000924,-0.522170,0.002717,-0.952406
29.931925,-1.048523,0.602635,1.087238,-0.460909,-1.035873,0.489807,-0.508248,-0.296828,-0.131839,0.774866,-0.132037,-0.444174,0.319422,-0.170792,-1.177690,-0.059208,1.654829,-1.931310,-1.131784,1.228648,-1.050382,-0.033793,0.072310,0.443572,0.000085,-0.521242,0.001279,-0.950603
29.932921,-1.050804,0.603959,1.082935,-0.460979,-1.035713,0.489665,-0.506871,-0.296603,-0.128281,0.774635,-0.131006,-0.443355,0.319366,-0.170718,-1.177725,-0.059134,1.655264,-1.931316,-1.132314,1.228653,-1.051317,-0.033547,0.073022,0.440272,-0.001749,-0.522961,0.001805,-0.947824
29.934044,-1.053799,0.599615,1.084254,-0.460263,-1.032215,0.489357,-0.509967,-0.295793,-0.124529,0.774972,-0.128835,-0.442746,0.319444,-0.170623,-1.177756,-0.059065,1.655707,-1.931318,-1.132835,1.228653,-1.052269,-0.032730,0.072148,0.441282,-0.002013,-0.522366,0.002162,-0.949428
29.935050,-1.054611,0.596511,1.089252,-0.461017,-1.033860,0.489224,-0.506849,-0.294869,-0.120739,0.775324,-0.125347,-0.442476,0.319650,-0.170487,-1.177784,-0.058987,1.656140,-1.931324,-1.133371,1.228657,-1.053191,-0.031677,0.074141,0.440069,-0.003034,-0.525596,0.002695,-0.942407
29.935991,-1.050096,0.595620,1.088023,-0.461523,-1.027172,0.490075,-0.505433,-0.291778,-0.118962,0.777732,-0.120989,-0.442506,0.320118,-0.170327,-1.177817,-0.058907,1.656571,-1.931324,-1.133896,1.228661,-1.054150,-0.031585,0.075373,0.436540,-0.002654,-0.523167,0.003026,-0.947566
29.936918,-1.048206,0.599150,1.087357,-0.462571,-1.025684,0.490255,-0.505602,-0.280856,-0.122952,0.787972,-0.116534,-0.442524,0.321237,-0.170168,-1.177857,-0.058832,1.657010,-1.931326,-1.134431,1.228661,-1.055111,-0.034051,0.075513,0.435827,-0.002481,-0.528826,0.002375,-0.948991
29.937918,-1.046265,0.596785,1.082098,-0.462874,-1.019705,0.491189,-0.504732,-0.260059,-0.133142,0.808269,-0.113021,-0.442255,0.323176,-0.169985,-1.177895,-0.058762,1.657438,-1.931327,-1.134959,1.228664,-1.056046,-0.035176,0.073472,0.434862,-0.001754,-0.529147,0.002385,-0.947311
29.938993,-1.048456,0.597373,1.086388,-0.462761,-1.019461,0.490822,-0.506327,-0.232302,-0.146906,0.835787,-0.111108,-0.441663,0.325750,-0.169738,-1.177933,-0.058685,1.657879,-1.931330,-1.135505,1.228666,-1.056995,-0.036389,0.074409,0.436371,-0.001803,-0.534208,0.001652,-0.947903
29.939940,-1.049694,0.598641,1.084279,-0.462347,-1.020658,0.491330,-0.506928,-0.200865,-0.162199,0.867200,-0.110548,-0.440843,0.328699,-0.169424,-1.177967,-0.058613,1.658303,-1.931335,-1.136033,1.228671,-1.057926,-0.035614,0.073922,0.433556,-0.002206,-0.533957,0.002238,-0.943764
29.941012,-1.051093,0.595287,1.078064,-0.461549,-1.024081,0.490995,-0.504523,-0.168082,-0.177548,0.900072,-0.110183,-0.439954,0.331843,-0.169069,-1.178003,-0.058540,1.658736,-1.931340,-1.136566,1.228674,-1.058863,-0.035233,0.073024,0.433372,-0.002886,-0.531670,0.001914,-0.941314
29.942021,-1.055926,0.594417,1.075909,-0.462780,-1.024942,0.492063,-0.504122,-0.138225,-0.190560,0.930040,-0.108438,-0.439328,0.334844,-0.168736,-1.178039,-0.058462,1.659175,-1.931346,-1.137082,1.228678,-1.059820,-0.034851,0.074470,0.435689,-0.003960,-0.527888,0.002467,-0.945169
29.943026,-1.056930,0.596189,1.077257,-0.464610,-1.024274,0.492661,-0.503604,-0.116364,-0.199015,0.951980,-0.104749,-0.439264,0.337249,-0.168495,-1.178068,-0.058388,1.659606,-1.931347,-1.137611,1.228679,-1.060759,-0.032773,0.074659,0.435753,-0.003087,-0.526306,0.001605,-0.944825
29.943942,-1.058267,0.592258,1.076830,-0.464435,-1.024943,0.492674,-0.505183,-0.103984,-0.202208,0.964479,-0.100606,-0.439608,0.338906,-0.168375,-1.178101,-0.058316,1.660037,-1.931345,-1.138132,1.228678,-1.061705,-0.032603,0.073535,0.434062,-0.001691,-0.526292,0.001240,-0.944715
29.945003,-1.059796,0.591867,1.079154,-0.465786,-1.027835,0.493093,-0.504455,-0.097750,-0.201924,0.970946,-0.097350,-0.439954,0.340067,-0.168337,-1.178133,-0.058237,1.660461,-1.931349,-1.138654,1.228679,-1.062630,-0.032185,0.075175,0.432988,-0.002140,-0.524506,0.001430,-0.940217
29.945992,-1.058976,0.591441,1.077699,-0.467651,-1.026211,0.491794,-0.505343,-0.093283,-0.201118,0.975728,-0.094825,-0.440085,0.341073,-0.168334,-1.178165,-0.058163,1.660885,-1.931349,-1.139172,1.228679,-1.063575,-0.031783,0.075140,0.431135,-0.001201,-0.521198,0.001239,-0.940725
29.947167,-1.054547,0.590392,1.081682,-0.468460,-1.029833,0.491284,-0.507876,-0.088298,-0.201310,0.981141,-0.093421,-0.439882,0.342112,-0.168344,-1.178200,-0.058088,1.661317,-1.931346,-1.139700,1.228685,-1.064514,-0.032473,0.075093,0.430800,0.000206,-0.522027,0.002738,-0.937757
29.948031,-1.056282,0.586787,1.083983,-0.466982,-1.030799,0.490721,-0.508760,-0.080064,-0.203949,0.989998,-0.093801,-0.439156,0.343370,-0.168334,-1.178241,-0.058010,1.661737,-1.931345,-1.140210,1.228689,-1.065428,-0.035042,0.075440,0.428622,0.000521,-0.518553,0.003474,-0.932087
29.948974,-1.056294,0.584783,1.083866,-0.469127,-1.029828,0.490894,-0.507289,-0.064367,-0.211625,1.006408,-0.094675,-0.437868,0.345121,-0.168301,-1.178272,-0.057928,1.662156,-1.931350,-1.140728,1.228695,-1.066355,-0.034370,0.076826,0.426024,-0.001192,-0.516301,0.004189,-0.928903
29.950014,-1.052172,0.587766,1.088014,-0.469743,-1.031050,0.492772,-0.508209,-0.040101,-0.225348,1.031316,-0.094790,-0.436161,0.347383,-0.168295,-1.178307,-0.057852,1.662583,-1.931345,-1.141242,1.228697,-1.067295,-0.034621,0.077512,0.424886,0.000497,-0.516396,0.004206,-0.930607
29.951012,-1.054932,0.588840,1.088869,-0.472143,-1.032313,0.492723,-0.509072,-0.008168,-0.244306,1.063860,-0.094889,-0.434003,0.350052,-0.168367,-1.178349,-0.057780,1.662997,-1.931345,-1.141747,1.228697,-1.068209,-0.036927,0.075798,0.422146,0.000681,-0.514785,0.002537,-0.927798
29.952054,-1.057266,0.587024,1.084298,-0.471862,-1.034436,0.494210,-0.510775,0.029998,-0.266659,1.102717,-0.096100,-0.431294,0.353069,-0.168514,-1.178382,-0.057705,1.663419,-1.931338,-1.142249,1.228700,-1.069132,-0.035815,0.075014,0.420804,0.002542,-0.512993,0.002809,-0.924995
29.952936,-1.061699,0.591343,1.085041,-0.471243,-1.035279,0.493752,-0.511119,0.068530,-0.288641,1.142030,-0.098848,-0.428306,0.356036,-0.168698,-1.178416,-0.057628,1.663838,-1.931337,-1.142752,1.228699,-1.070037,-0.034967,0.075682,0.422420,0.001786,-0.510521,0.001542,-0.920690
29.954047,-1.062629,0.590105,1.083042,-0.472603,-1.041774,0.493636,-0.508421,0.100005,-0.305883,1.174233,-0.102041,-0.425578,0.358469,-0.168913,-1.178448,-0.057562,1.664258,-1.931336,-1.143262,1.228704,-1.070954,-0.032977,0.073264,0.420633,0.000810,-0.508542,0.002186,-0.918670
29.955038,-1.060502,0.587830,1.088429,-0.473592,-1.042697,0.492096,-0.508420,0.120830,-0.315954,1.195627,-0.104470,-0.423416,0.360169,-0.169197,-1.178482,-0.057488,1.664685,-1.931334,-1.143750,1.228707,-1.071890,-0.032901,0.073737,0.421144,0.001693,-0.502128,0.002523,-0.923304
29.955992,-1.061611,0.589224,1.087467,-0.475492,-1.043960,0.493353,-0.508907,0.134265,-0.321181,1.209521,-0.106459,-0.421605,0.361326,-0.169588,-1.178519,-0.057410,1.665095,-1.931332,-1.144245,1.228715,-1.072806,-0.034228,0.074579,0.417600,0.002242,-0.500761,0.004250,-0.922187
29.957085,-1.062551,0.583668,1.085138,-0.477421,-1.049179,0.495063,-0.504413,0.146556,-0.325720,1.222270,-0.109117,-0.419671,0.362309,-0.170075,-1.178551,-0.057336,1.665511,-1.931327,-1.144733,1.228717,-1.073725,-0.033936,0.073595,0.417071,0.003654,-0.498901,0.003163,-0.920030
29.958158,-1.059851,0.582351,1.083184,-0.477244,-1.050289,0.495369,-0.504113,0.158764,-0.330514,1.235034,-0.113639,-0.417433,0.363160,-0.170619,-1.178584,-0.057257,1.665930,-1.931319,-1.145214,1.228714,-1.074660,-0.033833,0.076162,0.417762,0.004971,-0.493755,0.001710,-0.928249
29.958960,-1.063101,0.581913,1.087021,-0.479800,-1.051994,0.495734,-0.502942,0.169916,-0.335736,1.246857,-0.120008,-0.415040,0.363806,-0.171187,-1.178623,-0.057180,1.666352,-1.931317,-1.145711,1.228717,-1.075587,-0.035487,0.076561,0.418125,0.004286,-0.492547,0.001633,-0.927871
29.959939,-1.062900,0.581828,1.086308,-0.479665,-1.050791,0.495077,-0.503966,0.181321,-0.342236,1.259001,-0.127756,-0.412582,0.364382,-0.171716,-1.178655,-0.057104,1.666764,-1.931307,-1.146191,1.228719,-1.076524,-0.034016,0.076373,0.414552,0.006327,-0.489627,0.001433,-0.928579
29.960947,-1.066332,0.580767,1.083740,-0.477450,-1.050416,0.492898,-0.503819,0.193945,-0.349965,1.272389,-0.137158,-0.410067,0.365021,-0.172145,-1.178690,-0.057027,1.667174,-1.931303,-1.146682,1.228721,-1.077443,-0.034398,0.076125,0.414081,0.005677,-0.490363,0.002307,-0.925385
29.962012,-1.067158,0.582001,1.081790,-0.477460,-1.049969,0.492719,-0.503210,0.205818,-0.357367,1.284928,-0.146913,-0.407831,0.365608,-0.172445,-1.178720,-0.056950,1.667593,-1.931306,-1.147167,1.228732,-1.078382,-0.033013,0.076383,0.414522,0.003121,-0.490416,0.004655,-0.924591
29.963006,-1.072327,0.580064,1.082086,-0.475363,-1.048072,0.493953,-0.503096,0.213019,-0.361917,1.292567,-0.154810,-0.406421,0.365840,-0.172620,-1.178753,-0.056876,1.668012,-1.931304,-1.147659,1.228739,-1.079286,-0.032957,0.075553,0.414881,0.002684,-0.490733,0.005009,-0.924997
29.963939,-1.075389,0.581311,1.077875,-0.477466,-1.047210,0.492855,-0.503003,0.213376,-0.362161,1.293110,-0.159886,-0.406138,0.365537,-0.172701,-1.178779,-0.056798,1.668423,-1.931307,-1.148158,1.228738,-1.080209,-0.030737,0.076239,0.413922,0.000260,-0.492121,0.003986,-0.924128
29.965004,-1.080319,0.576883,1.077732,-0.474898,-1.043008,0.495154,-0.502307,0.205565,-0.357310,1.285290,-0.162710,-0.407032,0.364573,-0.172708,-1.178805,-0.056724,1.668837,-1.931302,-1.148647,1.228745,-1.081135,-0.029551,0.075305,0.414941,0.001901,-0.492279,0.005266,-0.923058
29.965996,-1.081965,0.575688,1.079248,-0.475735,-1.040363,0.496649,-0.501503,0.188576,-0.347026,1.268160,-0.164505,-0.409016,0.362849,-0.172653,-1.178829,-0.056640,1.669251,-1.931307,-1.149148,1.228744,-1.082052,-0.027538,0.077228,0.414460,-0.000997,-0.496307,0.003174,-0.923593
29.967002,-1.077555,0.575362,1.081568,-0.475555,-1.040238,0.496459,-0.502191,0.165266,-0.333442,1.244575,-0.165483,-0.411818,0.360636,-0.172569,-1.178856,-0.056561,1.669662,-1.931307,-1.149651,1.228740,-1.082980,-0.027098,0.077498,0.412862,-0.000516,-0.498359,0.001933,-0.924091
29.967938,-1.085570,0.570168,1.079710,-0.474141,-1.040230,0.495579,-0.503589,0.124315,-0.310949,1.202796,-0.165903,-0.417853,0.356945,-0.172368,-1.178909,-0.056400,1.670484,-1.931317,-1.150642,1.228752,-1.084808,-0.025998,0.079592,0.410850,-0.002673,-0.497284,0.003383,-0.917659
29.969053,-1.084521,0.575032,1.078926,-0.474312,-1.040691,0.495288,-0.503941,0.124315,-0.310949,1.202796,-0.165903,-0.417853,0.356945,-0.172368,-1.178909,-0.056400,1.670484,-1.931317,-1.150642,1.228752,-1.084808,-0.025998,0.079592,0.410850,-0.002673,-0.497284,0.003383,-0.917659
29.970038,-1.085878,0.570495,1.076115,-0.474997,-1.035267,0.495563,-0.501850,0.107723,-0.302620,1.185620,-0.164700,-0.420885,0.355574,-0.172257,-1.178937,-0.056327,1.670898,-1.931319,-1.151139,1.228755,-1.085721,-0.027009,0.076953,0.410899,-0.002873,-0.496877,0.003897,-0.916253
29.970942,-1.089683,0.575134,1.075688,-0.474762,-1.032845,0.496379,-0.503956,0.089778,-0.293344,1.167063,-0.163027,-0.423952,0.354184,-0.172183,-1.178963,-0.056246,1.671307,-1.931321,-1.151649,1.228761,-1.086632,-0.026692,0.078922,0.411486,-0.002526,-0.501686,0.003797,-0.919422
29.972046,-1.090224,0.568124,1.069608,-0.473550,-1.030782,0.498504,-0.504385,0.069865,-0.282309,1.146628,-0.162103,-0.426861,0.352677,-0.172166,-1.178985,-0.056174,1.671719,-1.931325,-1.152157,1.228763,-1.087541,-0.025152,0.076276,0.410484,-0.003032,-0.503053,0.003158,-0.913856
29.973040,-1.090448,0.568624,1.068499,-0.475661,-1.026889,0.498411,-0.505079,0.046764,-0.268733,1.123111,-0.161694,-0.429703,0.350957,-0.172182,-1.179009,-0.056089,1.672141,-1.931332,-1.152660,1.228763,-1.088457,-0.025382,0.079528,0.413091,-0.004510,-0.505068,0.001269,-0.912273
29.973938,-1.097585,0.566429,1.063924,-0.473318,-1.025921,0.498324,-0.504424,0.020960,-0.253508,1.096985,-0.161621,-0.432600,0.349047,-0.172187,-1.179034,-0.056013,1.672551,-1.931332,-1.153179,1.228763,-1.089351,-0.025664,0.078967,0.412810,-0.002757,-0.508245,0.001599,-0.909910
29.975046,-1.098538,0.565460,1.066612,-0.472296,-1.023600,0.499544,-0.506225,-0.007721,-0.236850,1.068038,-0.162180,-0.435709,0.346926,-0.172159,-1.179051,-0.055930,1.672970,-1.931342,-1.153686,1.228766,-1.090260,-0.022490,0.079658,0.413814,-0.005269,-0.508155,0.001866,-0.909964
29.975969,-1.101323,0.563512,1.063732,-0.473110,-1.020732,0.500140,-0.506378,-0.040027,-0.218129,1.035407,-0.161831,-0.439391,0.344611,-0.172089,-1.179073,-0.055849,1.673378,-1.931351,-1.154205,1.228767,-1.091163,-0.022554,0.079886,0.412145,-0.006484,-0.510287,0.000874,-0.905609
29.976948,-1.099638,0.562495,1.058887,-0.470785,-1.015529,0.500014,-0.503755,-0.073503,-0.198779,1.001511,-0.159617,-0.443689,0.342368,-0.171973,-1.179093,-0.055768,1.673791,-1.931354,-1.154727,1.228766,-1.092058,-0.021563,0.080485,0.412482,-0.005949,-0.512088,0.000489,-0.904176
29.978012,-1.099160,0.559426,1.060871,-0.471459,-1.010968,0.500651,-0.502357,-0.106153,-0.180016,0.968371,-0.155765,-0.448424,0.340374,-0.171847,-1.179118,-0.055689,1.674212,-1.931366,-1.155245,1.228770,-1.092975,-0.022807,0.080661,0.413912,-0.008410,-0.516537,0.000818,-0.908380
29.979039,-1.101825,0.562172,1.063142,-0.471886,-1.012976,0.500712,-0.502457,-0.135674,-0.163281,0.938265,-0.149984,-0.453361,0.338779,-0.171747,-1.179141,-0.055601,1.674620,-1.931372,-1.155777,1.228771,-1.093877,-0.023508,0.081840,0.412421,-0.007965,-0.520562,0.000403,-0.910336
29.980020,-1.104769,0.565173,1.060791,-0.473278,-1.013570,0.499560,-0.502358,-0.158948,-0.150245,0.914313,-0.142886,-0.458068,0.337786,-0.171662,-1.179162,-0.055522,1.675028,-1.931379,-1.156290,1.228771,-1.094791,-0.022628,0.080151,0.410644,-0.007786,-0.517978,0.000572,-0.909147
29.980960,-1.105703,0.562211,1.061880,-0.473479,-1.015306,0.500834,-0.500102,-0.178015,-0.138968,0.894556,-0.135699,-0.462310,0.337226,-0.171579,-1.179182,-0.055449,1.675442,-1.931383,-1.156801,1.228778,-1.095704,-0.021605,0.078400,0.410943,-0.006662,-0.516695,0.001913,-0.908267
29.981945,-1.105303,0.558690,1.058475,-0.475444,-1.014684,0.499618,-0.500489,-0.196100,-0.127227,0.875851,-0.129040,-0.466026,0.336822,-0.171495,-1.179203,-0.055367,1.675848,-1.931390,-1.157313,1.228778,-1.096615,-0.021546,0.079529,0.409410,-0.006683,-0.514053,0.000821,-0.911647
29.982957,-1.111899,0.555417,1.059482,-0.476331,-1.017387,0.500292,-0.502143,-0.212091,-0.116527,0.859376,-0.123260,-0.469043,0.336554,-0.171412,-1.179229,-0.055284,1.676263,-1.931393,-1.157830,1.228780,-1.097524,-0.022139,0.080925,0.410235,-0.005006,-0.513964,0.002267,-0.909764
29.984026,-1.114224,0.557597,1.053622,-0.477524,-1.019943,0.501304,-0.499854,-0.225596,-0.108175,0.845589,-0.119000,-0.471275,0.336330,-0.171337,-1.179243,-0.055201,1.676667,-1.931397,-1.158331,1.228784,-1.098414,-0.019340,0.082218,0.409069,-0.004436,-0.510778,0.001772,-0.905529
29.985021,-1.113801,0.550624,1.045875,-0.477390,-1.021391,0.501654,-0.498906,-0.240700,-0.099915,0.830428,-0.116417,-0.472992,0.335826,-0.171315,-1.179260,-0.055122,1.677082,-1.931401,-1.158833,1.228786,-1.099335,-0.018746,0.080844,0.411484,-0.003571,-0.508008,0.000982,-0.909308
29.985961,-1.114798,0.549021,1.048282,-0.480393,-1.024308,0.502278,-0.499485,-0.261675,-0.089129,0.809618,-0.114678,-0.474639,0.334756,-0.171394,-1.179280,-0.055032,1.677507,-1.931405,-1.159335,1.228785,-1.100252,-0.019433,0.083930,0.414399,-0.004010,-0.506028,0.000864,-0.910121
29.987153,-1.118039,0.548520,1.053656,-0.479016,-1.026070,0.502879,-0.500116,-0.286849,-0.077343,0.784789,-0.113483,-0.476330,0.333234,-0.171556,-1.179299,-0.054947,1.677912,-1.931402,-1.159831,1.228781,-1.101144,-0.019348,0.084287,0.412186,-0.001425,-0.502364,0.000467,-0.907826
29.988018,-1.117522,0.543566,1.048855,-0.481274,-1.023138,0.501906,-0.499951,-0.310434,-0.067880,0.761639,-0.112835,-0.477905,0.331769,-0.171754,-1.179315,-0.054860,1.678318,-1.931408,-1.160322,1.228783,-1.102057,-0.018364,0.084263,0.409565,-0.003162,-0.501070,0.000117,-0.906046
29.989024,-1.114999,0.545380,1.053057,-0.480414,-1.024676,0.500584,-0.500872,-0.328972,-0.062331,0.743552,-0.112312,-0.479330,0.330712,-0.171958,-1.179334,-0.054770,1.678725,-1.931406,-1.160832,1.228787,-1.102951,-0.019022,0.086233,0.410712,-0.001276,-0.502822,0.001272,-0.905080
29.990028,-1.110641,0.544717,1.053622,-0.479957,-1.025422,0.498360,-0.502462,-0.340659,-0.061531,0.732318,-0.111869,-0.480563,0.330189,-0.172126,-1.179357,-0.054687,1.679128,-1.931410,-1.161328,1.228792,-1.103846,-0.020718,0.084943,0.407906,-0.002458,-0.500813,0.002789,-0.902278
29.990984,-1.115319,0.545917,1.053677,-0.481973,-1.028972,0.498916,-0.503903,-0.342249,-0.066526,0.731111,-0.110523,-0.481470,0.330421,-0.172226,-1.179386,-0.054602,1.679536,-1.931414,-1.161820,1.228800,-1.104740,-0.023261,0.084914,0.406907,-0.003196,-0.499672,0.005197,-0.898143
29.991988,-1.118739,0.544599,1.054773,-0.482439,-1.027602,0.499612,-0.502072,-0.334037,-0.076296,0.739564,-0.107805,-0.482030,0.331329,-0.172280,-1.179403,-0.054521,1.679937,-1.931413,-1.162310,1.228804,-1.105623,-0.021344,0.083938,0.406035,-0.001565,-0.495492,0.004798,-0.894240
29.992985,-1.118049,0.544320,1.054230,-0.482393,-1.031106,0.501625,-0.503059,-0.321563,-0.087263,0.752147,-0.105212,-0.482301,0.332418,-0.172356,-1.179420,-0.054437,1.680340,-1.931414,-1.162801,1.228805,-1.106526,-0.020135,0.084247,0.404813,-0.001493,-0.496523,0.004315,-0.896988
29.994144,-1.114023,0.542403,1.051168,-0.484473,-1.034100,0.503170,-0.504475,-0.308221,-0.097322,0.765484,-0.103282,-0.482282,0.333414,-0.172513,-1.179443,-0.054353,1.680748,-1.931416,-1.163289,1.228805,-1.107421,-0.020923,0.084012,0.404331,-0.001893,-0.492572,0.002510,-0.893994
29.995012,-1.117027,0.542844,1.051549,-0.483651,-1.035675,0.505221,-0.503987,-0.293714,-0.106697,0.779954,-0.101855,-0.481840,0.334387,-0.172767,-1.179470,-0.054266,1.681153,-1.931412,-1.163772,1.228802,-1.108300,-0.023440,0.084688,0.405831,-0.000331,-0.489975,0.001240,-0.890683
29.996021,-1.124179,0.537663,1.052328,-0.484948,-1.039991,0.505298,-0.505075,-0.277961,-0.115431,0.795695,-0.101091,-0.480867,0.335437,-0.173114,-1.179490,-0.054185,1.681558,-1.931416,-1.164248,1.228801,-1.109197,-0.022276,0.084034,0.404360,-0.001436,-0.487542,-0.000619,-0.890380
29.997007,-1.124868,0.533243,1.051473,-0.485070,-1.039400,0.504233,-0.503754,-0.262954,-0.122541,0.810627,-0.100819,-0.479494,0.336499,-0.173562,-1.179504,-0.054092,1.681954,-1.931414,-1.164724,1.228803,-1.110069,-0.019217,0.086192,0.403399,-0.000557,-0.482988,-0.000463,-0.887337
29.997961,-1.117183,0.531633,1.047230,-0.485785,-1.039652,0.503586,-0.503968,-0.250365,-0.127968,0.823023,-0.101294,-0.477857,0.337423,-0.174124,-1.179522,-0.054000,1.682359,-1.931415,-1.165209,1.228807,-1.110963,-0.019377,0.087929,0.403067,-0.000802,-0.483215,0.000804,-0.889037
29.999064,-1.121278,0.532523,1.053229,-0.486981,-1.043772,0.502524,-0.502493,-0.237862,-0.133734,0.835308,-0.102845,-0.475857,0.338311,-0.174813,-1.179554,-0.053913,1.682769,-1.931414,-1.165691,1.228810,-1.111856,-0.023539,0.088288,0.404241,-0.000487,-0.482425,0.001641,-0.887508
30.000014,-1.121935,0.529539,1.053139,-0.486667,-1.042466,0.502168,-0.498770,-0.222079,-0.141373,0.850917,-0.105557,-0.473393,0.339386,-0.175618,-1.179573,-0.053829,1.683163,-1.931411,-1.166160,1.228814,-1.112742,-0.021986,0.087529,0.401053,0.000204,-0.478539,0.002926,-0.889849
30.000988,-1.117994,0.527434,1.052834,-0.487468,-1.045516,0.503785,-0.499464,-0.202566,-0.150590,0.870262,-0.109452,-0.470566,0.340665,-0.176513,-1.179595,-0.053739,1.683560,-1.931415,-1.166636,1.228819,-1.113653,-0.022071,0.088569,0.400293,-0.000413,-0.479412,0.003458,-0.896183
30.002050,-1.117681,0.525044,1.053728,-0.486862,-1.043657,0.503988,-0.497984,-0.178972,-0.161639,0.893678,-0.114070,-0.467525,0.342177,-0.177435,-1.179625,-0.053650,1.683959,-1.931411,-1.167108,1.228818,-1.114536,-0.024387,0.089173,0.399706,-0.000066,-0.475978,0.002037,-0.893729
30.003022,-1.120611,0.524751,1.053245,-0.487742,-1.043396,0.504145,-0.497543,-0.149738,-0.175621,0.922742,-0.118749,-0.464339,0.344084,-0.178285,-1.179650,-0.053557,1.684360,-1.931412,-1.167594,1.228820,-1.115440,-0.024941,0.089905,0.398660,-0.001056,-0.477601,0.002064,-0.895758
30.003966,-1.120522,0.522514,1.050491,-0.485975,-1.041588,0.503206,-0.496578,-0.116034,-0.191758,0.956278,-0.123282,-0.461113,0.346328,-0.178997,-1.179671,-0.053469,1.684760,-1.931412,-1.168065,1.228820,-1.116342,-0.023799,0.089533,0.397651,-0.000503,-0.476964,0.002092,-0.895170
30.005048,-1.127236,0.518987,1.048724,-0.485554,-1.042815,0.504271,-0.497169,-0.081731,-0.207638,0.990375,-0.127457,-0.458084,0.348619,-0.179545,-1.179695,-0.053378,1.685153,-1.931418,-1.168545,1.228829,-1.117231,-0.024148,0.090100,0.397754,-0.002483,-0.477701,0.003168,-0.895652
30.006074,-1.124177,0.516967,1.042758,-0.485922,-1.041977,0.506160,-0.495977,-0.050969,-0.221141,1.020835,-0.130318,-0.455585,0.350640,-0.179943,-1.179710,-0.053284,1.685555,-1.931424,-1.169014,1.228828,-1.118124,-0.021247,0.091356,0.397767,-0.003132,-0.476023,0.002296,-0.893277
30.007003,-1.132367,0.518605,1.046725,-0.487701,-1.038556,0.506220,-0.496229,-0.027054,-0.230933,1.044390,-0.131611,-0.453806,0.352153,-0.180224,-1.179737,-0.053192,1.685957,-1.931427,-1.169493,1.228826,-1.119013,-0.023136,0.091837,0.399681,-0.003028,-0.476128,0.000605,-0.894420
30.007990,-1.133421,0.520876,1.046493,-0.487290,-1.038037,0.504950,-0.496465,-0.011005,-0.236415,1.060156,-0.132838,-0.452543,0.353120,-0.180437,-1.179749,-0.053105,1.686349,-1.931426,-1.169978,1.228827,-1.119906,-0.019408,0.090475,0.396327,-0.001602,-0.478382,0.000735,-0.892377
30.008981,-1.133095,0.519805,1.041106,-0.487600,-1.037903,0.505060,-0.495960,-0.002649,-0.236953,1.068384,-0.135435,-0.451503,0.353607,-0.180619,-1.179768,-0.053020,1.686743,-1.931429,-1.170452,1.228832,-1.120799,-0.019292,0.088878,0.395331,-0.002285,-0.478024,0.002176,-0.890530
30.009970,-1.130335,0.518702,1.038818,-0.487645,-1.036992,0.504857,-0.497806,-0.001718,-0.232320,1.069375,-0.139080,-0.450651,0.353665,-0.180785,-1.179790,-0.052932,1.687141,-1.931433,-1.170931,1.228832,-1.121681,-0.019818,0.088928,0.396890,-0.002227,-0.477271,0.002239,-0.890235
30.011002,-1.130995,0.516816,1.043501,-0.487995,-1.035645,0.504236,-0.498047,-0.006521,-0.223977,1.064868,-0.142899,-0.450012,0.353417,-0.180931,-1.179815,-0.052844,1.687541,-1.931437,-1.171411,1.228836,-1.122555,-0.021515,0.088982,0.396829,-0.002427,-0.477283,0.002607,-0.885197
30.011954,-1.133275,0.516033,1.043926,-0.486034,-1.029916,0.505011,-0.500131,-0.012075,-0.215464,1.059791,-0.146524,-0.449416,0.353199,-0.181032,-1.179836,-0.052751,1.687931,-1.931440,-1.171886,1.228842,-1.123426,-0.021544,0.089403,0.393532,-0.002374,-0.477953,0.003395,-0.883558
30.013016,-1.132252,0.507168,1.040565,-0.488838,-1.029824,0.505551,-0.499888,-0.013496,-0.209886,1.058863,-0.149263,-0.448732,0.353333,-0.181076,-1.179857,-0.052662,1.688316,-1.931449,-1.172375,1.228842,-1.124294,-0.020737,0.089248,0.392184,-0.004454,-0.482581,0.002785,-0.877998
30.014024,-1.126527,0.507831,1.036091,-0.488435,-1.029241,0.507016,-0.500324,-0.009693,-0.208629,1.063129,-0.151119,-0.447977,0.353824,-0.181082,-1.179880,-0.052561,1.688711,-1.931448,-1.172852,1.228844,-1.125173,-0.021638,0.093109,0.393017,-0.002013,-0.482034,0.002443,-0.877379
30.014994,-1.134723,0.507888,1.037872,-0.488493,-1.027640,0.508647,-0.502314,-0.000800,-0.212647,1.072537,-0.153187,-0.447153,0.354587,-0.181094,-1.179912,-0.052472,1.689103,-1.931453,-1.173340,1.228841,-1.126033,-0.024762,0.092237,0.394231,-0.002680,-0.481714,0.001177,-0.875292
30.015970,-1.139884,0.508396,1.036666,-0.487624,-1.024925,0.508016,-0.502778,0.010982,-0.220141,1.084844,-0.155340,-0.446457,0.355538,-0.181115,-1.179926,-0.052380,1.689491,-1.931454,-1.173829,1.228837,-1.126897,-0.021020,0.091651,0.392179,-0.002934,-0.482253,-0.000249,-0.869982
30.016938,-1.138108,0.506872,1.034329,-0.486226,-1.022921,0.507248,-0.501408,0.020056,-0.226570,1.094323,-0.156654,-0.446272,0.356408,-0.181119,-1.179942,-0.052290,1.689882,-1.931457,-1.174315,1.228841,-1.127767,-0.018862,0.090873,0.391667,-0.004058,-0.483970,0.000570,-0.867776
30.018148,-1.136460,0.507554,1.030848,-0.488595,-1.021283,0.507799,-0.503391,0.023314,-0.229520,1.097820,-0.156143,-0.446819,0.357025,-0.181096,-1.179966,-0.052198,1.690268,-1.931468,-1.174802,1.228844,-1.128630,-0.020098,0.091077,0.391738,-0.005554,-0.484902,0.001503,-0.869251
30.018991,-1.141674,0.502593,1.035039,-0.488478,-1.022493,0.507436,-0.503112,0.022045,-0.229591,1.096695,-0.153842,-0.447950,0.357471,-0.181037,-1.179991,-0.052108,1.690665,-1.931467,-1.175291,1.228841,-1.129489,-0.021363,0.090337,0.393139,-0.003578,-0.486427,0.001188,-0.864480
30.019958,-1.143421,0.499239,1.035062,-0.489558,-1.020767,0.507679,-0.503557,0.018610,-0.228438,1.093393,-0.151311,-0.449320,0.357864,-0.180928,-1.180005,-0.052013,1.691043,-1.931472,-1.175775,1.228843,-1.130343,-0.019065,0.092177,0.389526,-0.003898,-0.483660,0.001711,-0.863532
30.021075,-1.139967,0.497650,1.032954,-0.488188,-1.023732,0.506861,-0.501737,0.015957,-0.228509,1.090858,-0.149376,-0.450654,0.358348,-0.180786,-1.180023,-0.051918,1.691429,-1.931474,-1.176265,1.228846,-1.131199,-0.018592,0.093252,0.388434,-0.003097,-0.484332,0.001629,-0.861360
30.022006,-1.139150,0.500630,1.030404,-0.489881,-1.019500,0.507028,-0.501408,0.016346,-0.231484,1.091354,-0.147403,-0.451821,0.359040,-0.180656,-1.180048,-0.051825,1.691820,-1.931480,-1.176736,1.228849,-1.132073,-0.020735,0.093552,0.388881,-0.004733,-0.481009,0.002650,-0.864036
30.023064,-1.143004,0.494274,1.034296,-0.489050,-1.021015,0.506555,-0.501576,0.019633,-0.236572,1.094769,-0.144702,-0.452756,0.359927,-0.180582,-1.180070,-0.051738,1.692208,-1.931480,-1.177226,1.228849,-1.132927,-0.021432,0.091522,0.388886,-0.003343,-0.484071,0.002653,-0.863313
30.024012,-1.144442,0.495153,1.037882,-0.492832,-1.024643,0.507020,-0.499322,0.025181,-0.242794,1.100439,-0.141600,-0.453334,0.360962,-0.180564,-1.180087,-0.051638,1.692591,-1.931485,-1.177703,1.228854,-1.133791,-0.019931,0.094143,0.386183,-0.004435,-0.481913,0.003304,-0.861867
30.025005,-1.147808,0.496081,1.036956,-0.492394,-1.023119,0.508011,-0.500329,0.034106,-0.251110,1.109432,-0.139163,-0.453369,0.362180,-0.180592,-1.180107,-0.051546,1.692971,-1.931480,-1.178178,1.228855,-1.134657,-0.019571,0.093103,0.383280,-0.001072,-0.477240,0.003000,-0.865066
30.026123,-1.146483,0.497056,1.030361,-0.493181,-1.026308,0.508767,-0.501168,0.045670,-0.260885,1.121083,-0.138674,-0.452769,0.363515,-0.180674,-1.180122,-0.051456,1.693348,-1.931483,-1.178661,1.228856,-1.135513,-0.018302,0.092110,0.382864,-0.001813,-0.477899,0.002192,-0.861771
30.027052,-1.151717,0.498964,1.030704,-0.493587,-1.026918,0.509500,-0.501163,0.054928,-0.268501,1.130541,-0.139960,-0.451799,0.364646,-0.180804,-1.180143,-0.051368,1.693742,-1.931485,-1.179125,1.228857,-1.136378,-0.019427,0.091201,0.385543,-0.001368,-0.474432,0.001641,-0.859127
30.028018,-1.151871,0.497082,1.030142,-0.495551,-1.028220,0.510469,-0.498839,0.056918,-0.270661,1.132862,-0.142050,-0.450876,0.365235,-0.180986,-1.180156,-0.051281,1.694120,-1.931485,-1.179596,1.228860,-1.137226,-0.017190,0.089719,0.384173,-0.001288,-0.472791,0.001070,-0.857824
30.029010,-1.153292,0.495520,1.028234,-0.496048,-1.029183,0.510044,-0.498757,0.051109,-0.267109,1.127509,-0.145111,-0.450126,0.365240,-0.181266,-1.180174,-0.051190,1.694506,-1.931481,-1.180070,1.228860,-1.138093,-0.017525,0.090131,0.383344,0.000276,-0.470554,0.000281,-0.861199
30.030003,-1.153939,0.494114,1.021750,-0.497175,-1.030259,0.510170,-0.499769,0.040527,-0.260314,1.117505,-0.149686,-0.449466,0.364840,-0.181678,-1.180189,-0.051099,1.694890,-1.931480,-1.180534,1.228861,-1.138961,-0.017240,0.090377,0.383317,0.000375,-0.468867,0.000903,-0.860053
30.030930,-1.152272,0.494192,1.018060,-0.497288,-1.031882,0.509363,-0.498432,0.026048,-0.251574,1.103725,-0.155765,-0.448944,0.364061,-0.182184,-1.180205,-0.051007,1.695277,-1.931478,-1.180996,1.228863,-1.139803,-0.017330,0.090542,0.385565,0.001124,-0.467080,0.000948,-0.856844
30.031994,-1.153027,0.494768,1.021123,-0.496805,-1.034193,0.508904,-0.500258,0.006690,-0.240620,1.085192,-0.162834,-0.448690,0.362835,-0.182711,-1.180224,-0.050918,1.695665,-1.931477,-1.181454,1.228867,-1.140665,-0.018522,0.089950,0.386114,0.000879,-0.464519,0.001920,-0.858179
30.033085,-1.149960,0.495310,1.018438,-0.497069,-1.032967,0.508321,-0.500460,-0.015349,-0.228510,1.064052,-0.169682,-0.448703,0.361358,-0.183220,-1.180242,-0.050829,1.696039,-1.931477,-1.181912,1.228870,-1.141504,-0.018569,0.089196,0.383938,0.000026,-0.461818,0.002559,-0.853477
30.033967,-1.152037,0.492083,1.015303,-0.495540,-1.033440,0.507288,-0.501682,-0.036070,-0.217154,1.044223,-0.175161,-0.448838,0.359939,-0.183678,-1.180267,-0.050742,1.696425,-1.931476,-1.182376,1.228874,-1.142355,-0.020488,0.088490,0.384656,-0.000124,-0.462736,0.003327,-0.852127
30.034923,-1.156113,0.493078,1.017201,-0.499613,-1.037404,0.507915,-0.501983,-0.054024,-0.207424,1.027050,-0.178669,-0.449013,0.358615,-0.184058,-1.180286,-0.050651,1.696812,-1.931479,-1.182831,1.228882,-1.143201,-0.019745,0.089526,0.384795,-0.001892,-0.461163,0.004485,-0.848237
30.035993,-1.158814,0.492536,1.013076,-0.496986,-1.039364,0.509482,-0.502639,-0.070407,-0.198987,1.011267,-0.181041,-0.449170,0.357192,-0.184367,-1.180300,-0.050565,1.697187,-1.931471,-1.183275,1.228885,-1.144034,-0.018111,0.088525,0.382804,0.001701,-0.456497,0.004006,-0.846449
30.036961,-1.161078,0.493085,1.017538,-0.499135,-1.040842,0.510710,-0.504142,-0.087718,-0.190374,0.994424,-0.183602,-0.449297,0.355459,-0.184658,-1.180317,-0.050478,1.697575,-1.931478,-1.183723,1.228886,-1.144877,-0.017228,0.088353,0.384146,-0.001182,-0.454295,0.002629,-0.844139
30.037951,-1.161450,0.494286,1.012602,-0.501537,-1.038218,0.510979,-0.504539,-0.106853,-0.180762,0.975651,-0.185958,-0.449487,0.353426,-0.184961,-1.180334,-0.050393,1.697945,-1.931473,-1.184170,1.228886,-1.145712,-0.016491,0.087609,0.380952,0.000554,-0.452162,0.001585,-0.839929
30.038995,-1.166514,0.491662,1.014625,-0.499519,-1.041782,0.511756,-0.504980,-0.126599,-0.170641,0.956251,-0.189230,-0.449544,0.351249,-0.185286,-1.180351,-0.050309,1.698331,-1.931467,-1.184629,1.228889,-1.146540,-0.016720,0.086547,0.382447,0.002459,-0.454140,0.001500,-0.838044
30.040013,-1.170107,0.493998,1.014150,-0.497723,-1.041936,0.512553,-0.505327,-0.147028,-0.160035,0.936203,-0.194414,-0.449391,0.348977,-0.185657,-1.180361,-0.050220,1.698711,-1.931471,-1.185070,1.228889,-1.147374,-0.014677,0.087400,0.380647,0.000133,-0.450216,0.000918,-0.836149
30.041000,-1.175631,0.491198,1.017774,-0.499785,-1.040419,0.511148,-0.504639,-0.168921,-0.148526,0.914575,-0.198826,-0.449475,0.346679,-0.186071,-1.180374,-0.050137,1.699088,-1.931475,-1.185519,1.228888,-1.148196,-0.013362,0.085793,0.380077,-0.001915,-0.449614,0.000321,-0.834433
30.041951,-1.174193,0.488014,1.020661,-0.500033,-1.038294,0.509886,-0.507127,-0.192132,-0.136174,0.891469,-0.201144,-0.450041,0.344452,-0.186512,-1.180381,-0.050048,1.699463,-1.931471,-1.185973,1.228895,-1.149042,-0.011116,0.086698,0.377348,-0.000264,-0.450497,0.001892,-0.834639
30.043043,-1.171885,0.487107,1.019242,-0.500925,-1.038610,0.509160,-0.504119,-0.213020,-0.125791,0.870641,-0.203269,-0.450760,0.342494,-0.186976,-1.180396,-0.049957,1.699834,-1.931470,-1.186423,1.228900,-1.149843,-0.012276,0.087743,0.374920,-0.000369,-0.451881,0.003304,-0.828512
30.043952,-1.174753,0.488063,1.022059,-0.500417,-1.036527,0.509339,-0.503316,-0.226340,-0.121161,0.857400,-0.206437,-0.451276,0.341093,-0.187473,-1.180412,-0.049868,1.700207,-1.931468,-1.186872,1.228906,-1.150685,-0.013907,0.087738,0.375154,0.000096,-0.451351,0.004195,-0.833701
30.044920,-1.175902,0.490941,1.021411,-0.499554,-1.032546,0.508994,-0.502123,-0.231199,-0.122584,0.852618,-0.210391,-0.451581,0.340288,-0.188011,-1.180421,-0.049784,1.700576,-1.931472,-1.187327,1.228910,-1.151522,-0.012901,0.086744,0.372601,-0.000657,-0.452486,0.004158,-0.833929
30.045985,-1.176996,0.492562,1.023968,-0.499713,-1.034099,0.509598,-0.500158,-0.230410,-0.127434,0.853429,-0.214234,-0.451847,0.339889,-0.188573,-1.180433,-0.049701,1.700942,-1.931476,-1.187792,1.228916,-1.152367,-0.012785,0.084857,0.372083,-0.001763,-0.455655,0.004657,-0.835099
30.046913,-1.179299,0.489382,1.019846,-0.499493,-1.033042,0.510239,-0.500377,-0.226942,-0.133006,0.856820,-0.217073,-0.452206,0.339700,-0.189102,-1.180446,-0.049621,1.701309,-1.931478,-1.188241,1.228920,-1.153201,-0.012744,0.083686,0.370277,-0.001911,-0.453759,0.004224,-0.838082
30.048048,-1.183645,0.492166,1.017602,-0.499389,-1.035215,0.510402,-0.499827,-0.222921,-0.138113,0.860649,-0.218698,-0.452704,0.339555,-0.189530,-1.180454,-0.049535,1.701681,-1.931482,-1.188692,1.228924,-1.154034,-0.012055,0.084793,0.371280,-0.002371,-0.453974,0.003734,-0.836326
30.049129,-1.184687,0.490211,1.021170,-0.497317,-1.032455,0.510720,-0.498810,-0.222378,-0.140959,0.860901,-0.219168,-0.453500,0.339125,-0.189845,-1.180462,-0.049455,1.702051,-1.931486,-1.189144,1.228929,-1.154869,-0.010477,0.083051,0.372095,-0.002776,-0.451735,0.003760,-0.836628
30.049989,-1.186365,0.491478,1.020443,-0.499141,-1.030786,0.511266,-0.498931,-0.227672,-0.140203,0.855196,-0.217831,-0.454718,0.338255,-0.190076,-1.180472,-0.049369,1.702416,-1.931495,-1.189598,1.228934,-1.155710,-0.010515,0.083634,0.369839,-0.005013,-0.454262,0.003620,-0.837711
30.050918,-1.191200,0.490542,1.019842,-0.498453,-1.033479,0.511300,-0.501472,-0.235709,-0.137588,0.846607,-0.214521,-0.456145,0.337227,-0.190227,-1.180482,-0.049289,1.702782,-1.931494,-1.190057,1.228936,-1.156532,-0.010083,0.082514,0.368961,-0.003476,-0.454708,0.003218,-0.836070
30.051934,-1.195305,0.489657,1.014979,-0.500113,-1.030788,0.512456,-0.499313,-0.245136,-0.134005,0.836527,-0.210362,-0.457605,0.336178,-0.190316,-1.180488,-0.049206,1.703151,-1.931500,-1.190507,1.228939,-1.157357,-0.008151,0.082519,0.368230,-0.004370,-0.451136,0.003351,-0.829706
30.052996,-1.194794,0.489277,1.015313,-0.502039,-1.030677,0.512846,-0.499086,-0.259035,-0.127960,0.821928,-0.206382,-0.459225,0.334912,-0.190389,-1.180492,-0.049125,1.703527,-1.931500,-1.190959,1.228937,-1.158201,-0.006681,0.082563,0.369868,-0.003040,-0.453365,0.002387,-0.833004
30.054086,-1.194847,0.492041,1.014209,-0.501229,-1.027532,0.511749,-0.500975,-0.278873,-0.118996,0.801466,-0.204084,-0.460997,0.333342,-0.190488,-1.180503,-0.049043,1.703891,-1.931498,-1.191416,1.228940,-1.159023,-0.007482,0.082363,0.369178,-0.001532,-0.453062,0.002189,-0.832494
30.055031,-1.195544,0.490493,1.012107,-0.501904,-1.025760,0.512206,-0.499241,-0.302137,-0.108379,0.777758,-0.204135,-0.462788,0.331700,-0.190600,-1.180511,-0.048963,1.704261,-1.931503,-1.191881,1.228946,-1.159844,-0.008021,0.080619,0.369275,-0.002620,-0.455892,0.003473,-0.827814
30.055940,-1.192706,0.488854,1.012289,-0.500841,-1.023224,0.511904,-0.499343,-0.326265,-0.097132,0.753347,-0.205404,-0.464662,0.330208,-0.190685,-1.180519,-0.048883,1.704631,-1.931505,-1.192338,1.228949,-1.160685,-0.008154,0.080985,0.369322,-0.002204,-0.456792,0.003168,-0.830088
30.057045,-1.193581,0.487035,1.014482,-0.502211,-1.019956,0.511183,-0.500729,-0.348133,-0.087230,0.731255,-0.206651,-0.466704,0.329083,-0.190736,-1.180532,-0.048800,1.704993,-1.931513,-1.192807,1.228955,-1.161505,-0.009989,0.081324,0.368193,-0.003409,-0.458228,0.003614,-0.828587
30.058031,-1.193499,0.488808,1.016068,-0.500691,-1.016776,0.511588,-0.500926,-0.363094,-0.081851,0.716038,-0.207324,-0.468822,0.328602,-0.190762,-1.180542,-0.048718,1.705360,-1.931514,-1.193270,1.228962,-1.162326,-0.010096,0.081881,0.366721,-0.002383,-0.461233,0.004505,-0.824966
30.058922,-1.195464,0.485912,1.014823,-0.501943,-1.013401,0.512415,-0.500970,-0.369063,-0.082155,0.709764,-0.207268,-0.470908,0.328840,-0.190768,-1.180554,-0.048639,1.705719,-1.931522,-1.193740,1.228966,-1.163139,-0.010606,0.080575,0.365209,-0.004080,-0.463587,0.004253,-0.823532
30.060000,-1.194512,0.494059,1.018344,-0.501110,-1.007576,0.513960,-0.501717,-0.367162,-0.087174,0.711325,-0.206227,-0.472960,0.329670,-0.190780,-1.180562,-0.048555,1.706083,-1.931525,-1.194214,1.228969,-1.163959,-0.010061,0.081540,0.364724,-0.003040,-0.465738,0.003572,-0.822150
30.060989,-1.195222,0.492309,1.015765,-0.501947,-1.007238,0.514426,-0.501922,-0.359415,-0.095028,0.718720,-0.204339,-0.474917,0.330956,-0.190852,-1.180574,-0.048488,1.706445,-1.931532,-1.194692,1.228969,-1.164782,-0.011073,0.077220,0.362530,-0.004103,-0.471055,0.002226,-0.819752
30.061923,-1.193972,0.493104,1.015849,-0.501303,-1.005880,0.515435,-0.502115,-0.347917,-0.103439,0.729888,-0.201680,-0.476675,0.332616,-0.190999,-1.180587,-0.048408,1.706807,-1.931535,-1.195164,1.228971,-1.165590,-0.011170,0.077745,0.363104,-0.003519,-0.470512,0.001948,-0.818317
30.063004,-1.197602,0.493768,1.014049,-0.503718,-1.006842,0.514151,-0.504540,-0.334129,-0.111560,0.743374,-0.198001,-0.478200,0.334580,-0.191187,-1.180600,-0.048334,1.707171,-1.931544,-1.195630,1.228969,-1.166406,-0.012218,0.076967,0.362086,-0.004280,-0.470905,0.001122,-0.816744
30.064045,-1.200344,0.490243,1.014573,-0.503716,-1.007150,0.513689,-0.503156,-0.319888,-0.118879,0.757355,-0.193749,-0.479450,0.336706,-0.191395,-1.180608,-0.048260,1.707532,-1.931541,-1.196097,1.228975,-1.167199,-0.010949,0.076362,0.362613,-0.002290,-0.469512,0.002604,-0.811085
30.064930,-1.196786,0.491334,1.011904,-0.504433,-1.005291,0.513780,-0.504362,-0.308085,-0.124346,0.768958,-0.189999,-0.480398,0.338728,-0.191623,-1.180616,-0.048177,1.707890,-1.931545,-1.196565,1.228981,-1.168016,-0.010122,0.077742,0.361836,-0.002597,-0.468625,0.003218,-0.812974
30.065967,-1.196640,0.486286,1.011527,-0.505056,-1.008201,0.513660,-0.506121,-0.298620,-0.128661,0.778265,-0.186976,-0.480978,0.340603,-0.191855,-1.180632,-0.048106,1.708251,-1.931547,-1.197032,1.228979,-1.168822,-0.012284,0.076815,0.362071,-0.002129,-0.469321,0.003301,-0.809251
30.066993,-1.196399,0.484867,1.014222,-0.504437,-1.010538,0.514774,-0.503816,-0.288455,-0.133960,0.788304,-0.184333,-0.481058,0.342542,-0.192071,-1.180645,-0.048023,1.708608,-1.931549,-1.197492,1.228982,-1.169615,-0.012828,0.078958,0.361746,-0.001803,-0.465857,0.003602,-0.804858
30.067942,-1.199032,0.482995,1.015299,-0.506282,-1.011602,0.513245,-0.502730,-0.274586,-0.142530,0.802047,-0.181426,-0.480662,0.344754,-0.192282,-1.180659,-0.047944,1.708964,-1.931553,-1.197945,1.228985,-1.170433,-0.013406,0.079279,0.359849,-0.002716,-0.463034,0.002652,-0.808559
30.069046,-1.193443,0.479827,1.018852,-0.506848,-1.012395,0.512587,-0.502676,-0.255782,-0.155290,0.820702,-0.177890,-0.479929,0.347292,-0.192520,-1.180673,-0.047864,1.709318,-1.931551,-1.198405,1.228991,-1.171235,-0.012495,0.079802,0.358538,-0.001221,-0.461126,0.004354,-0.809612
30.069979,-1.192478,0.483163,1.018228,-0.508085,-1.011251,0.513293,-0.501480,-0.230771,-0.172982,0.845576,-0.174648,-0.478822,0.350163,-0.192794,-1.180695,-0.047782,1.709674,-1.931551,-1.198868,1.228996,-1.172062,-0.015748,0.081021,0.356497,-0.001040,-0.460056,0.005186,-0.808847
30.070930,-1.190579,0.482728,1.014380,-0.506103,-1.009764,0.514434,-0.500080,-0.197614,-0.196333,0.878644,-0.172501,-0.477216,0.353469,-0.193071,-1.180715,-0.047707,1.710034,-1.931549,-1.199321,1.228996,-1.172870,-0.016541,0.078956,0.355908,-0.000181,-0.460359,0.004641,-0.810102
30.071938,-1.193257,0.482232,1.013822,-0.507749,-1.014884,0.514823,-0.500628,-0.159072,-0.222602,0.917135,-0.170874,-0.475298,0.357052,-0.193308,-1.180736,-0.047629,1.710390,-1.931557,-1.199784,1.229000,-1.173674,-0.017829,0.078792,0.357039,-0.002318,-0.460960,0.003657,-0.811803
30.073040,-1.193419,0.482828,1.014132,-0.506929,-1.015455,0.516137,-0.498000,-0.120898,-0.247876,0.955234,-0.168687,-0.473486,0.360522,-0.193508,-1.180750,-0.047549,1.710745,-1.931555,-1.200234,1.229005,-1.174486,-0.016915,0.078651,0.356716,-0.001037,-0.455258,0.003437,-0.809663
30.074013,-1.192593,0.486498,1.016482,-0.506167,-1.018679,0.516553,-0.499738,-0.086838,-0.270055,0.989140,-0.165741,-0.472011,0.363609,-0.193705,-1.180768,-0.047472,1.711101,-1.931558,-1.200683,1.229005,-1.175313,-0.017308,0.078036,0.356311,-0.002192,-0.454591,0.002326,-0.814127
30.074938,-1.196560,0.483761,1.011841,-0.506267,-1.022581,0.516557,-0.499295,-0.057380,-0.288445,1.018317,-0.161448,-0.470885,0.366334,-0.193902,-1.180788,-0.047399,1.711448,-1.931563,-1.201126,1.229007,-1.176105,-0.018082,0.075866,0.354499,-0.003187,-0.450734,0.002091,-0.809558
30.076022,-1.196109,0.486304,1.018987,-0.508325,-1.024499,0.517281,-0.497177,-0.033171,-0.302432,1.042104,-0.155054,-0.470130,0.368703,-0.194113,-1.180803,-0.047320,1.711808,-1.931566,-1.201560,1.229012,-1.176919,-0.016461,0.076839,0.355900,-0.003330,-0.446124,0.002236,-0.809286
30.076947,-1.196076,0.483843,1.019765,-0.509144,-1.026228,0.516573,-0.497027,-0.014899,-0.312149,1.059905,-0.147682,-0.469595,0.370655,-0.194389,-1.180822,-0.047247,1.712152,-1.931564,-1.202000,1.229012,-1.177730,-0.017153,0.075277,0.352103,-0.001675,-0.444109,0.001712,-0.812726
30.077999,-1.200197,0.485923,1.019976,-0.509022,-1.032858,0.514798,-0.498171,0.001128,-0.320265,1.075515,-0.141319,-0.468791,0.372446,-0.194754,-1.180841,-0.047170,1.712502,-1.931563,-1.202439,1.229018,-1.178540,-0.017507,0.076132,0.350912,-0.001219,-0.441625,0.002574,-0.811799
30.078923,-1.195256,0.486587,1.013153,-0.510733,-1.033361,0.513863,-0.499029,0.016255,-0.327943,1.090334,-0.136407,-0.467560,0.374145,-0.195168,-1.180854,-0.047100,1.712852,-1.931565,-1.202859,1.229026,-1.179350,-0.015918,0.074819,0.350451,-0.001666,-0.434902,0.004510,-0.808589
30.080003,-1.194964,0.485914,1.014067,-0.512066,-1.036417,0.513554,-0.497268,0.026712,-0.333070,1.100677,-0.132602,-0.466130,0.375412,-0.195576,-1.180879,-0.047024,1.713212,-1.931562,-1.203291,1.229032,-1.180141,-0.018699,0.074106,0.352932,-0.000313,-0.433774,0.005575,-0.805767
30.080930,-1.196360,0.480814,1.016981,-0.512518,-1.037921,0.512741,-0.501740,0.031384,-0.335052,1.105509,-0.130574,-0.464490,0.376092,-0.195956,-1.180901,-0.046949,1.713559,-1.931561,-1.203715,1.229037,-1.180957,-0.019221,0.074162,0.352216,0.000597,-0.430708,0.006055,-0.808483
30.081959,-1.193515,0.480529,1.021153,-0.513294,-1.039952,0.513838,-0.499837,0.033724,-0.336597,1.108251,-0.130788,-0.462486,0.376371,-0.196306,-1.180919,-0.046870,1.713899,-1.931559,-1.204134,1.229046,-1.181732,-0.018868,0.076304,0.350049,0.000681,-0.428682,0.006999,-0.798375
30.082993,-1.193330,0.480060,1.020322,-0.512083,-1.041844,0.514164,-0.502897,0.039289,-0.341622,1.114362,-0.132740,-0.460028,0.376629,-0.196602,-1.180944,-0.046794,1.714244,-1.931557,-1.204559,1.229045,-1.182541,-0.020649,0.076089,0.347570,0.001047,-0.426450,0.006080,-0.801362
30.083953,-1.192994,0.481221,1.017945,-0.513925,-1.041758,0.515441,-0.501701,0.051221,-0.351684,1.126909,-0.135150,-0.457234,0.377157,-0.196837,-1.180967,-0.046719,1.714592,-1.931561,-1.204975,1.229051,-1.183325,-0.021081,0.076008,0.347601,-0.000451,-0.424476,0.005925,-0.794304
30.084979,-1.193022,0.480948,1.017183,-0.514544,-1.040699,0.516871,-0.501422,0.066783,-0.364421,1.143128,-0.137173,-0.454472,0.377837,-0.197042,-1.180989,-0.046645,1.714938,-1.931558,-1.205397,1.229054,-1.184117,-0.021577,0.075073,0.348144,0.001017,-0.424140,0.004803,-0.795745
30.086011,-1.188763,0.484887,1.019978,-0.513532,-1.041264,0.517557,-0.502302,0.081644,-0.376771,1.158750,-0.139653,-0.451970,0.378418,-0.197281,-1.181013,-0.046569,1.715286,-1.931554,-1.205818,1.229055,-1.184912,-0.021908,0.074887,0.348083,0.001169,-0.425046,0.003565,-0.795392
30.086953,-1.188677,0.485905,1.021542,-0.513514,-1.039780,0.517751,-0.501233,0.095525,-0.387900,1.173518,-0.142619,-0.449769,0.378992,-0.197569,-1.181041,-0.046501,1.715624,-1.931557,-1.206238,1.229057,-1.185694,-0.024354,0.072658,0.346366,-0.000140,-0.424330,0.003068,-0.792776
30.087971,-1.188760,0.486055,1.016350,-0.515156,-1.038066,0.516587,-0.502420,0.110882,-0.398376,1.189815,-0.144699,-0.447868,0.379880,-0.197899,-1.181068,-0.046431,1.715966,-1.931557,-1.206666,1.229060,-1.186491,-0.024635,0.071862,0.344915,-0.000482,-0.425261,0.003038,-0.793856
30.089018,-1.191167,0.486219,1.015092,-0.514370,-1.037540,0.517087,-0.502158,0.126653,-0.407498,1.206557,-0.146187,-0.446245,0.381021,-0.198267,-1.181093,-0.046362,1.716318,-1.931555,-1.207092,1.229067,-1.187280,-0.024917,0.071533,0.347038,0.000778,-0.426732,0.004372,-0.790546
30.089942,-1.192616,0.486826,1.017042,-0.514162,-1.038208,0.516635,-0.504950,0.137946,-0.412993,1.218874,-0.148240,-0.444977,0.381982,-0.198658,-1.181117,-0.046291,1.716666,-1.931558,-1.207523,1.229070,-1.188065,-0.024065,0.071193,0.347290,-0.000311,-0.427065,0.004036,-0.790289
30.090938,-1.189238,0.485237,1.015902,-0.515397,-1.039233,0.516163,-0.501696,0.142626,-0.413913,1.224566,-0.150397,-0.444145,0.382581,-0.199055,-1.181141,-0.046222,1.717010,-1.931560,-1.207947,1.229076,-1.188837,-0.023622,0.070575,0.345539,-0.000785,-0.425785,0.004637,-0.783608
30.091971,-1.189663,0.485285,1.013810,-0.515760,-1.038409,0.516445,-0.502012,0.143488,-0.412160,1.226381,-0.152186,-0.443569,0.382991,-0.199467,-1.181170,-0.046149,1.717359,-1.931560,-1.208369,1.229082,-1.189642,-0.025592,0.071075,0.345561,0.000116,-0.424463,0.005263,-0.789234
30.093038,-1.191155,0.483460,1.016823,-0.517158,-1.036079,0.517329,-0.500854,0.143275,-0.409827,1.227099,-0.154233,-0.442967,0.383329,-0.199922,-1.181196,-0.046081,1.717703,-1.931563,-1.208796,1.229087,-1.190420,-0.025686,0.070802,0.346254,0.000165,-0.425100,0.005142,-0.787714
30.093927,-1.189195,0.483710,1.016402,-0.517998,-1.034365,0.517183,-0.498798,0.142537,-0.407601,1.227277,-0.157335,-0.442154,0.383573,-0.200409,-1.181221,-0.046008,1.718043,-1.931559,-1.209221,1.229088,-1.191216,-0.025299,0.071456,0.344534,0.001116,-0.427401,0.004446,-0.789248
30.094934,-1.192694,0.484069,1.015461,-0.516401,-1.038499,0.517487,-0.498515,0.142734,-0.406475,1.228385,-0.162201,-0.440941,0.383808,-0.200896,-1.181250,-0.045941,1.718382,-1.931557,-1.209650,1.229094,-1.192007,-0.026485,0.071015,0.343919,0.001587,-0.428312,0.004740,-0.792190
30.096054,-1.193382,0.479208,1.019328,-0.519378,-1.036976,0.518257,-0.497135,0.143820,-0.406194,1.230414,-0.167929,-0.439465,0.384049,-0.201349,-1.181273,-0.045871,1.718727,-1.931562,-1.210070,1.229096,-1.192803,-0.025060,0.070565,0.343932,-0.000252,-0.423894,0.004609,-0.791780
30.097030,-1.197773,0.483307,1.018495,-0.516247,-1.036851,0.519207,-0.496842,0.144631,-0.406220,1.232208,-0.173520,-0.438002,0.384236,-0.201745,-1.181298,-0.045797,1.719068,-1.931557,-1.210495,1.229100,-1.193611,-0.025112,0.072764,0.341967,0.002242,-0.425642,0.004025,-0.793821
30.097926,-1.198254,0.482287,1.014099,-0.517323,-1.035319,0.519974,-0.495062,0.144851,-0.406555,1.233428,-0.178855,-0.436687,0.384372,-0.202087,-1.181318,-0.045730,1.719405,-1.931566,-1.210921,1.229100,-1.194397,-0.023256,0.070424,0.341914,-0.001056,-0.425338,0.003260,-0.793407
30.098952,-1.200265,0.480368,1.017230,-0.518244,-1.032143,0.520607,-0.495981,0.141190,-0.404595,1.230742,-0.182712,-0.435900,0.384293,-0.202373,-1.181342,-0.045658,1.719753,-1.931563,-1.211348,1.229100,-1.195205,-0.023298,0.070597,0.343222,-0.000330,-0.426137,0.002663,-0.795758
30.099960,-1.199953,0.478838,1.016923,-0.516444,-1.029552,0.520555,-0.494387,0.132229,-0.399442,1.222765,-0.185356,-0.435772,0.383916,-0.202623,-1.181364,-0.045588,1.720087,-1.931561,-1.211787,1.229102,-1.196001,-0.022654,0.071294,0.341353,0.000177,-0.428986,0.002216,-0.792964
30.100948,-1.202193,0.480100,1.020433,-0.519111,-1.029738,0.520620,-0.493328,0.121467,-0.393733,1.213020,-0.187615,-0.436116,0.383483,-0.202872,-1.181388,-0.045516,1.720429,-1.931568,-1.212227,1.229107,-1.196794,-0.023160,0.071762,0.341090,-0.001814,-0.431141,0.002436,-0.795271
30.101954,-1.204781,0.480111,1.017720,-0.518643,-1.026466,0.519913,-0.494880,0.111684,-0.389164,1.204259,-0.189452,-0.436844,0.383206,-0.203132,-1.181409,-0.045447,1.720767,-1.931563,-1.212655,1.229107,-1.197598,-0.022382,0.070845,0.338859,0.000422,-0.430540,0.002560,-0.796363
30.102927,-1.203522,0.483507,1.018354,-0.518226,-1.023574,0.520337,-0.495826,0.102003,-0.384989,1.195626,-0.191880,-0.437885,0.383011,-0.203367,-1.181429,-0.045376,1.721104,-1.931566,-1.213096,1.229110,-1.198377,-0.021445,0.070545,0.339734,-0.000329,-0.433247,0.003436,-0.792218
30.103996,-1.207131,0.486449,1.013801,-0.516993,-1.018720,0.519542,-0.494593,0.090385,-0.379478,1.185042,-0.194873,-0.439233,0.382755,-0.203533,-1.181451,-0.045310,1.721441,-1.931567,-1.213537,1.229112,-1.199162,-0.022342,0.068515,0.338406,-0.001030,-0.435015,0.003147,-0.788971
30.104931,-1.207452,0.486240,1.019562,-0.516813,-1.018198,0.519872,-0.496576,0.075003,-0.370654,1.170609,-0.197043,-0.440933,0.382327,-0.203625,-1.181469,-0.045249,1.721787,-1.931572,-1.213978,1.229117,-1.199944,-0.020863,0.066835,0.339922,-0.002471,-0.439091,0.004097,-0.790300
30.105928,-1.206336,0.485819,1.018298,-0.517320,-1.015519,0.520277,-0.498928,0.055571,-0.357902,1.152008,-0.197479,-0.442916,0.381672,-0.203654,-1.181489,-0.045183,1.722112,-1.931578,-1.214420,1.229121,-1.200722,-0.020975,0.066614,0.336021,-0.002781,-0.438310,0.003882,-0.784861
30.106924,-1.210731,0.485012,1.015261,-0.519140,-1.017183,0.521617,-0.498202,0.036479,-0.344172,1.133659,-0.196318,-0.444823,0.381047,-0.203621,-1.181513,-0.045115,1.722451,-1.931581,-1.214863,1.229124,-1.201493,-0.021778,0.066493,0.335746,-0.002504,-0.439955,0.003621,-0.778888
30.107990,-1.207438,0.482211,1.013859,-0.518831,-1.020722,0.523798,-0.500607,0.019296,-0.331076,1.117230,-0.194878,-0.446334,0.380484,-0.203551,-1.181528,-0.045047,1.722788,-1.931577,-1.215296,1.229124,-1.202265,-0.019903,0.066567,0.336369,-0.001051,-0.437289,0.002429,-0.779128
30.109027,-1.207013,0.485094,1.013897,-0.522560,-1.021320,0.525331,-0.499814,0.002045,-0.318203,1.100782,-0.193977,-0.447412,0.379793,-0.203477,-1.181554,-0.044975,1.723127,-1.931579,-1.215725,1.229121,-1.203033,-0.021842,0.067628,0.336336,-0.001663,-0.433049,0.000428,-0.773131
30.109985,-1.211190,0.483466,1.007120,-0.520893,-1.020464,0.524624,-0.502106,-0.013878,-0.306647,1.085706,-0.194075,-0.447942,0.379129,-0.203437,-1.181576,-0.044912,1.723462,-1.931571,-1.216153,1.229122,-1.203811,-0.022327,0.065916,0.335547,0.001603,-0.431706,-0.000934,-0.773560
30.110957,-1.211108,0.484808,1.005969,-0.520850,-1.019631,0.523568,-0.501801,-0.029749,-0.295374,1.070748,-0.195812,-0.447928,0.378444,-0.203445,-1.181592,-0.044846,1.723801,-1.931575,-1.216581,1.229124,-1.204558,-0.020523,0.066416,0.337906,-0.000314,-0.431528,-0.000063,-0.767670
30.111962,-1.209979,0.486831,1.003265,-0.523012,-1.022765,0.523284,-0.502504,-0.049814,-0.281624,1.051584,-0.197990,-0.447778,0.377420,-0.203468,-1.181613,-0.044782,1.724139,-1.931575,-1.217009,1.229127,-1.205325,-0.020853,0.065439,0.337449,-0.000635,-0.431367,0.001131,-0.767038
30.113043,-1.215852,0.483761,1.001826,-0.523958,-1.023479,0.523741,-0.500401,-0.074274,-0.264947,1.027928,-0.199763,-0.447723,0.376037,-0.203502,-1.181636,-0.044720,1.724474,-1.931570,-1.217436,1.229128,-1.206079,-0.021682,0.064167,0.337946,0.001124,-0.427327,0.001562,-0.764430
30.113959,-1.212590,0.484466,1.000412,-0.524391,-1.025095,0.524579,-0.501533,-0.102225,-0.245958,1.000700,-0.202230,-0.447770,0.374347,-0.203555,-1.181649,-0.044651,1.724815,-1.931568,-1.217859,1.229128,-1.206848,-0.019123,0.065433,0.337961,0.001671,-0.426068,0.001276,-0.767587
30.114969,-1.214601,0.485063,0.997460,-0.522043,-1.026107,0.524560,-0.503764,-0.132558,-0.225828,0.971031,-0.205779,-0.448001,0.372410,-0.203597,-1.181675,-0.044589,1.725155,-1.931564,-1.218274,1.229131,-1.207613,-0.020973,0.064758,0.337463,0.001732,-0.423385,0.000563,-0.763868
30.115988,-1.218093,0.479599,1.002743,-0.523981,-1.024255,0.524499,-0.501980,-0.162803,-0.205822,0.941314,-0.208723,-0.448615,0.370452,-0.203591,-1.181694,-0.044525,1.725490,-1.931571,-1.218697,1.229132,-1.208353,-0.020249,0.064183,0.338100,-0.000763,-0.421570,0.000748,-0.758266
30.116924,-1.216721,0.476885,0.996815,-0.522985,-1.022146,0.524661,-0.502095,-0.190572,-0.187373,0.913838,-0.209794,-0.449706,0.368653,-0.203545,-1.181710,-0.044454,1.725818,-1.931566,-1.219119,1.229134,-1.209118,-0.018840,0.066582,0.334691,0.000780,-0.422678,0.000956,-0.760714
30.117988,-1.213946,0.479001,0.999059,-0.523856,-1.024722,0.523454,-0.501012,-0.213108,-0.173074,0.891397,-0.209852,-0.451025,0.367152,-0.203499,-1.181731,-0.044385,1.726157,-1.931570,-1.219548,1.229132,-1.209879,-0.019792,0.067561,0.336575,-0.000444,-0.423652,0.000955,-0.759107
30.119000,-1.212915,0.482056,0.997965,-0.525885,-1.024434,0.523125,-0.501146,-0.228965,-0.163969,0.875559,-0.209332,-0.452336,0.366040,-0.203472,-1.181756,-0.044323,1.726489,-1.931569,-1.219964,1.229137,-1.210636,-0.021454,0.066251,0.334771,0.000119,-0.420478,0.002317,-0.760213
30.119971,-1.215753,0.482960,0.998852,-0.525230,-1.027049,0.522601,-0.498224,-0.238160,-0.159005,0.866404,-0.208772,-0.453387,0.365342,-0.203492,-1.181781,-0.044261,1.726824,-1.931564,-1.220377,1.229141,-1.211394,-0.022197,0.064461,0.334489,0.001732,-0.420088,0.002781,-0.758733
30.120972,-1.219427,0.481264,0.994206,-0.524770,-1.028668,0.523174,-0.498558,-0.242611,-0.156078,0.862026,-0.208944,-0.453993,0.364918,-0.203557,-1.181801,-0.044198,1.727151,-1.931566,-1.220784,1.229143,-1.212156,-0.021032,0.063737,0.333157,0.000789,-0.416658,0.003447,-0.763361
30.122007,-1.217158,0.481574,0.994657,-0.525031,-1.030098,0.523740,-0.499208,-0.246712,-0.152516,0.857946,-0.208902,-0.454357,0.364415,-0.203632,-1.181818,-0.044134,1.727487,-1.931568,-1.221196,1.229146,-1.212918,-0.019521,0.064315,0.334622,0.000075,-0.414316,0.003009,-0.761406
30.123047,-1.219639,0.481213,0.994057,-0.527086,-1.032334,0.525287,-0.497581,-0.252917,-0.147313,0.851673,-0.207634,-0.454646,0.363632,-0.203691,-1.181841,-0.044072,1.727820,-1.931566,-1.221602,1.229146,-1.213682,-0.020959,0.063910,0.333630,-0.000005,-0.412328,0.002608,-0.758932
30.123989,-1.222102,0.476284,0.993910,-0.525189,-1.038905,0.525870,-0.499186,-0.259860,-0.141534,0.844623,-0.205829,-0.454675,0.362692,-0.203731,-1.181859,-0.044008,1.728150,-1.931562,-1.222008,1.229146,-1.214441,-0.020031,0.063837,0.333242,0.001648,-0.409543,0.001221,-0.761095
30.124959,-1.225112,0.474693,0.996056,-0.525925,-1.039798,0.526887,-0.498654,-0.266205,-0.136499,0.838136,-0.203899,-0.454418,0.361728,-0.203741,-1.181875,-0.043940,1.728484,-1.931568,-1.222391,1.229148,-1.215194,-0.019103,0.065967,0.332253,-0.000433,-0.402276,0.000784,-0.756520
30.125976,-1.222886,0.478094,0.989664,-0.528261,-1.041908,0.526776,-0.496857,-0.270997,-0.133540,0.833094,-0.200855,-0.454114,0.360844,-0.203713,-1.181891,-0.043874,1.728805,-1.931566,-1.222786,1.229148,-1.215944,-0.017916,0.066423,0.330365,0.000001,-0.400777,-0.000079,-0.756398
30.127055,-1.223160,0.470764,0.989464,-0.527396,-1.044847,0.526858,-0.498063,-0.274891,-0.132154,0.828916,-0.197388,-0.453827,0.360024,-0.203681,-1.181911,-0.043812,1.729143,-1.931560,-1.223180,1.229148,-1.216706,-0.019359,0.064451,0.332753,0.001897,-0.398155,0.000205,-0.758826
30.127986,-1.230017,0.469158,0.990756,-0.528501,-1.043160,0.526568,-0.498227,-0.279351,-0.131269,0.824239,-0.194892,-0.453552,0.359158,-0.203670,-1.181929,-0.043737,1.729476,-1.931564,-1.223566,1.229151,-1.217466,-0.019557,0.067795,0.332213,0.000765,-0.395000,0.000274,-0.755282
30.128935,-1.228080,0.469286,0.989973,-0.528300,-1.041614,0.525279,-0.498258,-0.283699,-0.131942,0.819667,-0.193377,-0.453374,0.358268,-0.203658,-1.181943,-0.043668,1.729801,-1.931561,-1.223961,1.229153,-1.218213,-0.016421,0.068188,0.330573,0.001530,-0.395925,0.000706,-0.753683
30.130040,-1.229256,0.467903,0.996403,-0.528215,-1.044896,0.524391,-0.496867,-0.287596,-0.134394,0.815491,-0.192957,-0.453328,0.357362,-0.203625,-1.181963,-0.043601,1.730133,-1.931560,-1.224354,1.229155,-1.218964,-0.017700,0.067779,0.329974,0.001017,-0.396744,0.002147,-0.752349
30.131063,-1.230043,0.468476,0.990213,-0.529158,-1.041657,0.524994,-0.499783,-0.288844,-0.139121,0.813898,-0.193177,-0.453407,0.356618,-0.203555,-1.181982,-0.043533,1.730450,-1.931560,-1.224744,1.229162,-1.219714,-0.017458,0.068198,0.326398,0.000595,-0.393265,0.003169,-0.754183
30.132020,-1.231469,0.467422,0.993573,-0.526874,-1.042606,0.524981,-0.500680,-0.286205,-0.146290,0.816126,-0.193583,-0.453653,0.356136,-0.203434,-1.182000,-0.043465,1.730783,-1.931558,-1.225144,1.229164,-1.220449,-0.017384,0.067583,0.328764,0.001195,-0.396024,0.002699,-0.747185
30.133042,-1.229150,0.465474,0.989714,-0.528501,-1.041249,0.524785,-0.500317,-0.282241,-0.153939,0.819625,-0.193798,-0.454206,0.355727,-0.203257,-1.182017,-0.043399,1.731106,-1.931566,-1.225532,1.229168,-1.221196,-0.016975,0.067784,0.326168,-0.001231,-0.394385,0.002852,-0.744186
30.134053,-1.227129,0.470522,0.993307,-0.526117,-1.037237,0.527067,-0.500231,-0.277199,-0.161753,0.824122,-0.193092,-0.455095,0.355355,-0.203052,-1.182037,-0.043329,1.731436,-1.931564,-1.225929,1.229172,-1.221930,-0.018458,0.068422,0.327387,0.000081,-0.395247,0.003188,-0.743869
30.135001,-1.229620,0.468843,0.993637,-0.527150,-1.034761,0.527527,-0.500955,-0.269253,-0.170303,0.831451,-0.191253,-0.456133,0.355181,-0.202869,-1.182058,-0.043268,1.731758,-1.931571,-1.226337,1.229168,-1.222673,-0.019750,0.065625,0.324864,-0.002462,-0.398633,0.001068,-0.742907
30.135985,-1.233097,0.472130,0.990991,-0.525873,-1.035449,0.529406,-0.501475,-0.257426,-0.179191,0.842565,-0.188088,-0.457126,0.355372,-0.202745,-1.182074,-0.043201,1.732082,-1.931572,-1.226740,1.229166,-1.223412,-0.018795,0.066149,0.323800,-0.001666,-0.400261,0.000789,-0.740215
30.136948,-1.233979,0.468186,0.986646,-0.528556,-1.035527,0.528537,-0.502211,-0.244614,-0.186453,0.854539,-0.183744,-0.458084,0.355790,-0.202667,-1.182088,-0.043141,1.732403,-1.931576,-1.227137,1.229166,-1.224135,-0.017402,0.064245,0.324382,-0.003173,-0.398903,-0.000942,-0.738085
30.137948,-1.231554,0.467508,0.989968,-0.526713,-1.034167,0.527971,-0.502492,-0.231932,-0.189435,0.865528,-0.175356,-0.460150,0.356124,-0.202517,-1.182126,-0.043005,1.733048,-1.931579,-1.227935,1.229169,-1.225596,-0.018782,0.065895,0.323282,-0.002858,-0.398860,0.000815,-0.733788
30.139110,-1.232173,0.465802,0.987426,-0.527286,-1.034054,0.529243,-0.502885,-0.231932,-0.189435,0.865528,-0.175356,-0.460150,0.356124,-0.202517,-1.182126,-0.043005,1.733048,-1.931579,-1.227935,1.229169,-1.225596,-0.018782,0.065895,0.323282,-0.002858,-0.398860,0.000815,-0.733788
30.140079,-1.234675,0.464135,0.989187,-0.528720,-1.032298,0.530466,-0.503451,-0.226959,-0.189658,0.869732,-0.171651,-0.460976,0.356373,-0.202399,-1.182144,-0.042936,1.733377,-1.931583,-1.228337,1.229168,-1.226321,-0.018859,0.066491,0.324296,-0.002522,-0.398876,-0.000285,-0.732223
30.140968,-1.235629,0.459469,0.987184,-0.528637,-1.029351,0.529751,-0.503017,-0.220378,-0.190911,0.875603,-0.168215,-0.461557,0.356882,-0.202218,-1.182161,-0.042867,1.733697,-1.931582,-1.228737,1.229167,-1.227048,-0.017913,0.066968,0.322588,-0.001400,-0.399928,-0.001347,-0.729945
30.142062,-1.235565,0.458566,0.983721,-0.528953,-1.028545,0.529975,-0.503318,-0.212542,-0.193578,0.882838,-0.166231,-0.461820,0.357591,-0.202016,-1.182178,-0.042796,1.734016,-1.931584,-1.229149,1.229172,-1.227770,-0.017714,0.068899,0.322568,-0.001718,-0.401763,-0.000499,-0.729564
30.143052,-1.236808,0.458320,0.982800,-0.528343,-1.026238,0.529617,-0.501535,-0.204001,-0.197844,0.890902,-0.165665,-0.461870,0.358396,-0.201856,-1.182198,-0.042726,1.734341,-1.931586,-1.229558,1.229171,-1.228498,-0.018091,0.069022,0.323842,-0.001686,-0.402168,-0.000548,-0.728035
30.144030,-1.238159,0.454728,0.982069,-0.529006,-1.023003,0.530724,-0.500842,-0.196753,-0.202339,0.897794,-0.165658,-0.461985,0.359114,-0.201763,-1.182214,-0.042659,1.734663,-1.931590,-1.229960,1.229173,-1.229224,-0.017786,0.068817,0.323537,-0.002502,-0.403816,-0.000040,-0.730545
30.145005,-1.237173,0.457018,0.982523,-0.529086,-1.017980,0.529824,-0.498337,-0.191315,-0.206449,0.902957,-0.165662,-0.462345,0.359702,-0.201729,-1.182231,-0.042584,1.734987,-1.931593,-1.230374,1.229170,-1.229959,-0.017428,0.070211,0.323084,-0.002053,-0.406221,-0.000985,-0.730748
30.145972,-1.236520,0.459740,0.983537,-0.529730,-1.011757,0.529881,-0.495783,-0.186195,-0.210883,0.907851,-0.165882,-0.462920,0.360267,-0.201749,-1.182252,-0.042519,1.735306,-1.931593,-1.230790,1.229173,-1.230703,-0.018201,0.068724,0.322084,-0.002259,-0.410399,0.000072,-0.734597
30.147038,-1.234369,0.456799,0.979550,-0.529343,-1.007866,0.529696,-0.494933,-0.179901,-0.215646,0.913981,-0.166647,-0.463574,0.360940,-0.201806,-1.182272,-0.042455,1.735623,-1.931595,-1.231218,1.229172,-1.231435,-0.018790,0.067068,0.320808,-0.001860,-0.415630,0.000171,-0.738543
30.147998,-1.234681,0.456114,0.985845,-0.527136,-1.005156,0.530704,-0.494471,-0.171813,-0.220537,0.921989,-0.167943,-0.464236,0.361766,-0.201856,-1.182293,-0.042382,1.735948,-1.931599,-1.231641,1.229174,-1.232183,-0.020188,0.068204,0.322271,-0.002474,-0.418868,0.000515,-0.739160
30.148962,-1.235340,0.453774,0.985067,-0.528733,-1.000404,0.531683,-0.493160,-0.160109,-0.226965,0.933604,-0.168434,-0.465011,0.362877,-0.201847,-1.182315,-0.042315,1.736259,-1.931608,-1.232071,1.229173,-1.232917,-0.020261,0.068198,0.318355,-0.004780,-0.420508,-0.000346,-0.738892
30.150017,-1.237735,0.453490,0.983357,-0.527369,-0.997584,0.531072,-0.493004,-0.142150,-0.236824,0.951354,-0.167011,-0.465906,0.364504,-0.201730,-1.182335,-0.042244,1.736578,-1.931607,-1.232505,1.229172,-1.233672,-0.020204,0.069000,0.317981,-0.003457,-0.424201,-0.001162,-0.740265
30.151014,-1.237204,0.449945,0.985625,-0.528883,-0.995604,0.531177,-0.493177,-0.119872,-0.249232,0.973331,-0.164303,-0.466834,0.366497,-0.201488,-1.182353,-0.042176,1.736899,-1.931616,-1.232935,1.229171,-1.234409,-0.019345,0.068819,0.318303,-0.004962,-0.426279,-0.000361,-0.739534
30.151994,-1.240236,0.452788,0.982551,-0.528868,-0.990009,0.531356,-0.495329,-0.096541,-0.262572,0.996318,-0.160993,-0.467738,0.368582,-0.201129,-1.182374,-0.042103,1.737208,-1.931618,-1.233366,1.229171,-1.235135,-0.019898,0.070216,0.316570,-0.003675,-0.427307,-0.000314,-0.738096
30.152979,-1.238241,0.449060,0.978870,-0.530695,-0.987877,0.530834,-0.494116,-0.073807,-0.275865,1.018726,-0.157938,-0.468468,0.370635,-0.200684,-1.182391,-0.042038,1.737527,-1.931622,-1.233806,1.229170,-1.235859,-0.018685,0.068462,0.317389,-0.003904,-0.431850,-0.000325,-0.732641
30.153930,-1.238597,0.447998,0.981662,-0.529501,-0.990717,0.531001,-0.495197,-0.054693,-0.287140,1.037629,-0.156296,-0.468891,0.372425,-0.200196,-1.182413,-0.041965,1.737850,-1.931622,-1.234237,1.229173,-1.236595,-0.019962,0.069967,0.318443,-0.002359,-0.432975,0.000344,-0.733989
30.154946,-1.240658,0.448282,0.974041,-0.532586,-0.989404,0.529466,-0.493382,-0.039024,-0.296717,1.053193,-0.155987,-0.468962,0.373942,-0.199707,-1.182434,-0.041894,1.738159,-1.931630,-1.234662,1.229173,-1.237315,-0.020029,0.070094,0.316297,-0.003681,-0.429051,0.000319,-0.730636
30.156061,-1.243460,0.442088,0.982965,-0.531218,-0.989052,0.528641,-0.494189,-0.026746,-0.304753,1.065425,-0.156587,-0.468741,0.375170,-0.199273,-1.182450,-0.041825,1.738483,-1.931625,-1.235086,1.229177,-1.238052,-0.019325,0.069608,0.319457,-0.000983,-0.429594,0.002013,-0.733226
30.156989,-1.242781,0.444749,0.981603,-0.534350,-0.993177,0.528044,-0.493248,-0.018990,-0.310834,1.073190,-0.158427,-0.468245,0.375960,-0.198929,-1.182465,-0.041746,1.738786,-1.931630,-1.235514,1.229179,-1.238764,-0.018335,0.072336,0.314786,-0.002595,-0.429433,0.002996,-0.730750
30.157919,-1.239663,0.441809,0.976744,-0.532093,-0.991815,0.528511,-0.495601,-0.005207,-0.324626,1.087185,-0.165192,-0.466153,0.377016,-0.198539,-1.182509,-0.041608,1.739424,-1.931634,-1.236356,1.229187,-1.240223,-0.020725,0.071704,0.316132,-0.002194,-0.424546,0.003362,-0.725443
30.159062,-1.238305,0.442963,0.979573,-0.534167,-0.991687,0.529490,-0.494919,-0.005207,-0.324626,1.087185,-0.165192,-0.466153,0.377016,-0.198539,-1.182509,-0.041608,1.739424,-1.931634,-1.236356,1.229187,-1.240223,-0.020725,0.071704,0.316132,-0.002194,-0.424546,0.003362,-0.725443
30.160088,-1.240423,0.439061,0.985187,-0.533854,-0.994037,0.531041,-0.494839,0.002436,-0.332370,1.095056,-0.168614,-0.464816,0.377452,-0.198471,-1.182532,-0.041539,1.739734,-1.931629,-1.236781,1.229189,-1.240945,-0.021724,0.070832,0.314563,-0.000542,-0.424274,0.002556,-0.726069
30.160990,-1.236905,0.438951,0.984640,-0.533537,-0.993497,0.531277,-0.495072,0.013415,-0.341996,1.106246,-0.171721,-0.463345,0.378077,-0.198467,-1.182551,-0.041465,1.740041,-1.931633,-1.237196,1.229187,-1.241673,-0.020959,0.072419,0.311274,-0.001114,-0.421216,0.001172,-0.725173
30.162118,-1.242526,0.438885,0.985587,-0.534507,-0.993121,0.532775,-0.496513,0.030568,-0.355144,1.123508,-0.174310,-0.461767,0.379129,-0.198503,-1.182578,-0.041395,1.740350,-1.931635,-1.237617,1.229189,-1.242397,-0.022902,0.072055,0.310695,-0.001654,-0.420623,0.001085,-0.723447
30.163041,-1.240568,0.435382,0.981991,-0.533667,-0.992614,0.532226,-0.496823,0.052193,-0.370492,1.145133,-0.176139,-0.460244,0.380499,-0.198550,-1.182592,-0.041323,1.740659,-1.931634,-1.238042,1.229187,-1.243105,-0.020477,0.071773,0.310063,-0.001026,-0.420567,-0.000232,-0.719774
30.163954,-1.238775,0.436703,0.983740,-0.534803,-0.989056,0.533175,-0.498198,0.073272,-0.384953,1.166176,-0.177692,-0.458971,0.381818,-0.198570,-1.182616,-0.041247,1.740972,-1.931641,-1.238456,1.229189,-1.243820,-0.021692,0.073075,0.311014,-0.002006,-0.420052,0.000474,-0.717996
30.165039,-1.242070,0.437187,0.982485,-0.534850,-0.990662,0.533224,-0.499340,0.092687,-0.397897,1.185589,-0.179254,-0.457946,0.383007,-0.198532,-1.182640,-0.041179,1.741276,-1.931638,-1.238883,1.229186,-1.244526,-0.022779,0.072020,0.309337,-0.001184,-0.422462,-0.000324,-0.714063
30.165999,-1.242703,0.433967,0.984058,-0.535076,-0.994175,0.533356,-0.500466,0.110642,-0.408956,1.203621,-0.181254,-0.457015,0.384114,-0.198447,-1.182660,-0.041108,1.741588,-1.931640,-1.239297,1.229184,-1.245233,-0.021447,0.071454,0.309640,-0.001437,-0.420335,-0.000181,-0.710938
30.167078,-1.244224,0.433084,0.980239,-0.534377,-0.992983,0.532534,-0.499421,0.125464,-0.417010,1.218558,-0.183626,-0.456208,0.385034,-0.198330,-1.182682,-0.041034,1.741895,-1.931644,-1.239706,1.229185,-1.245926,-0.021388,0.072661,0.308173,-0.001408,-0.415958,-0.000168,-0.707663
30.167992,-1.249642,0.432733,0.979602,-0.533567,-0.995757,0.534009,-0.500798,0.136230,-0.421991,1.229402,-0.185670,-0.455613,0.385668,-0.198201,-1.182704,-0.040960,1.742204,-1.931649,-1.240125,1.229189,-1.246641,-0.020928,0.072732,0.309789,-0.002325,-0.416662,0.000815,-0.708907
30.169042,-1.246441,0.439082,0.981215,-0.534801,-0.997309,0.533385,-0.501224,0.140475,-0.422574,1.233649,-0.186515,-0.455344,0.385813,-0.198085,-1.182717,-0.040888,1.742512,-1.931655,-1.240534,1.229189,-1.247341,-0.018525,0.072491,0.309261,-0.003252,-0.412838,-0.000534,-0.704969
30.170047,-1.247188,0.431902,0.978722,-0.535589,-1.001068,0.533921,-0.499841,0.136724,-0.417138,1.229843,-0.185798,-0.455393,0.385401,-0.198002,-1.182742,-0.040827,1.742817,-1.931654,-1.240938,1.229192,-1.248035,-0.020436,0.069062,0.308091,-0.002336,-0.410823,0.000261,-0.703277
30.171040,-1.248468,0.431856,0.978739,-0.535157,-1.000694,0.533888,-0.499242,0.127982,-0.407229,1.221076,-0.184365,-0.455473,0.384668,-0.197982,-1.182763,-0.040750,1.743128,-1.931655,-1.241338,1.229191,-1.248747,-0.020323,0.072276,0.308774,-0.001847,-0.406435,-0.000117,-0.705066
30.172029,-1.247790,0.428189,0.979892,-0.534954,-1.005459,0.533170,-0.498287,0.117340,-0.395861,1.210465,-0.182924,-0.455406,0.383787,-0.198054,-1.182782,-0.040679,1.743437,-1.931659,-1.241742,1.229192,-1.249463,-0.019979,0.071895,0.308163,-0.002495,-0.406171,0.000075,-0.705194
30.172989,-1.249943,0.427534,0.982679,-0.536385,-1.006738,0.533666,-0.496412,0.106864,-0.385123,1.200028,-0.181010,-0.455225,0.382869,-0.198225,-1.182806,-0.040604,1.743739,-1.931663,-1.242132,1.229199,-1.250165,-0.020563,0.073328,0.307066,-0.002902,-0.400799,0.000917,-0.706108
30.174016,-1.247359,0.426761,0.980758,-0.536696,-1.009632,0.533250,-0.494671,0.098986,-0.376690,1.192154,-0.178506,-0.454900,0.382073,-0.198468,-1.182825,-0.040532,1.744042,-1.931662,-1.242524,1.229197,-1.250879,-0.019747,0.073240,0.305047,-0.001772,-0.398885,0.000571,-0.708769
30.174921,-1.246751,0.427370,0.982520,-0.537160,-1.007744,0.532514,-0.493790,0.094620,-0.371136,1.187778,-0.176178,-0.454357,0.381461,-0.198758,-1.182849,-0.040457,1.744348,-1.931664,-1.242912,1.229198,-1.251591,-0.021315,0.073237,0.305581,-0.001723,-0.395559,0.001159,-0.711276
30.176090,-1.251089,0.426830,0.977989,-0.537127,-1.007053,0.533003,-0.492956,0.093618,-0.368018,1.186792,-0.174377,-0.453621,0.381031,-0.199082,-1.182871,-0.040387,1.744648,-1.931665,-1.243314,1.229200,-1.252303,-0.021825,0.072521,0.303919,-0.001512,-0.396538,0.002028,-0.711820
30.176968,-1.250068,0.424093,0.984753,-0.538183,-1.007881,0.532683,-0.493309,0.093378,-0.365507,1.186626,-0.173118,-0.452858,0.380603,-0.199416,-1.182886,-0.040317,1.744961,-1.931667,-1.243703,1.229201,-1.253025,-0.020080,0.072523,0.306133,-0.001854,-0.397286,0.001713,-0.712735
30.177922,-1.248325,0.426181,0.976814,-0.538566,-1.013235,0.532314,-0.492869,0.091746,-0.362513,1.185145,-0.172592,-0.452194,0.380028,-0.199711,-1.182907,-0.040241,1.745254,-1.931665,-1.244101,1.229201,-1.253724,-0.020824,0.073413,0.301934,-0.001093,-0.395426,0.002181,-0.710805
30.179032,-1.250405,0.428568,0.974622,-0.537371,-1.009946,0.533257,-0.493162,0.089920,-0.359927,1.183555,-0.172770,-0.451688,0.379410,-0.199934,-1.182931,-0.040171,1.745562,-1.931666,-1.244478,1.229204,-1.254441,-0.021924,0.071978,0.305279,-0.000986,-0.389485,0.002685,-0.710575
30.179973,-1.254013,0.427313,0.977491,-0.537197,-1.010854,0.533795,-0.489919,0.084643,-0.355244,1.178596,-0.172776,-0.451663,0.378550,-0.200123,-1.182950,-0.040102,1.745865,-1.931670,-1.244872,1.229205,-1.255138,-0.021221,0.070496,0.306202,-0.002434,-0.392684,0.001901,-0.709213
30.181104,-1.254501,0.430217,0.976702,-0.537922,-1.011945,0.535438,-0.491702,0.072487,-0.345855,1.166770,-0.171550,-0.452350,0.377242,-0.200330,-1.182965,-0.040032,1.746167,-1.931674,-1.245261,1.229206,-1.255861,-0.019721,0.070751,0.304072,-0.002788,-0.391020,0.001511,-0.714594
30.182020,-1.255599,0.424626,0.977683,-0.539448,-1.008566,0.534841,-0.491412,0.055047,-0.332637,1.149618,-0.169121,-0.453586,0.375642,-0.200568,-1.182986,-0.039967,1.746474,-1.931677,-1.245646,1.229203,-1.256569,-0.019851,0.069056,0.304349,-0.002329,-0.389900,0.000057,-0.710158
30.182953,-1.258899,0.424206,0.973447,-0.538447,-1.007461,0.535140,-0.493093,0.035104,-0.317724,1.129953,-0.166924,-0.454997,0.373946,-0.200823,-1.183005,-0.039891,1.746773,-1.931677,-1.246041,1.229206,-1.257271,-0.019556,0.071425,0.303133,-0.001065,-0.392471,0.000804,-0.709638
30.184006,-1.259053,0.423080,0.972461,-0.538930,-1.011133,0.535157,-0.490859,0.014302,-0.303050,1.109441,-0.166105,-0.456281,0.372212,-0.201084,-1.183020,-0.039820,1.747083,-1.931682,-1.246439,1.229207,-1.257970,-0.018201,0.071210,0.304495,-0.002252,-0.392731,0.000646,-0.705147
30.185007,-1.258253,0.421765,0.969336,-0.539994,-1.008272,0.533558,-0.494984,-0.008564,-0.288233,1.086881,-0.165976,-0.457481,0.370334,-0.201336,-1.183039,-0.039749,1.747388,-1.931685,-1.246816,1.229209,-1.258676,-0.018468,0.071429,0.304619,-0.002007,-0.388806,0.000788,-0.708788
30.186019,-1.258981,0.422320,0.969431,-0.539126,-1.013873,0.533260,-0.494363,-0.033812,-0.272961,1.062005,-0.166199,-0.458577,0.368280,-0.201554,-1.183060,-0.039677,1.747695,-1.931688,-1.247208,1.229214,-1.259366,-0.019152,0.071713,0.305649,-0.001173,-0.391189,0.002535,-0.699478
30.186995,-1.255802,0.420002,0.962305,-0.539941,-1.011256,0.533466,-0.494838,-0.086798,-0.242801,1.010047,-0.166952,-0.460233,0.363880,-0.201844,-1.183103,-0.039535,1.748310,-1.931694,-1.247971,1.229216,-1.260755,-0.020927,0.071860,0.308040,-0.001686,-0.387294,0.002916,-0.697911
30.188084,-1.259591,0.416453,0.971448,-0.542466,-1.011201,0.534704,-0.494944,-0.086798,-0.242801,1.010047,-0.166952,-0.460233,0.363880,-0.201844,-1.183103,-0.039535,1.748310,-1.931694,-1.247971,1.229216,-1.260755,-0.020927,0.071860,0.308040,-0.001686,-0.387294,0.002916,-0.697911
30.188995,-1.258421,0.413926,0.965003,-0.542423,-1.007742,0.533417,-0.495236,-0.111384,-0.229658,0.986083,-0.167648,-0.460688,0.361758,-0.201987,-1.183119,-0.039459,1.748605,-1.931689,-1.248358,1.229218,-1.261451,-0.019390,0.073266,0.303273,0.000411,-0.387139,0.001832,-0.696911
30.190097,-1.257948,0.410248,0.968707,-0.542812,-1.011079,0.535852,-0.497031,-0.130489,-0.220858,0.967661,-0.170637,-0.460551,0.359977,-0.202189,-1.183142,-0.039385,1.748917,-1.931691,-1.248753,1.229220,-1.262146,-0.020207,0.074077,0.305689,0.000126,-0.389764,0.003278,-0.695202
30.191041,-1.253166,0.412623,0.960316,-0.542709,-1.009624,0.537426,-0.495440,-0.143225,-0.217010,0.955629,-0.175567,-0.459917,0.358609,-0.202451,-1.183163,-0.039306,1.749217,-1.931690,-1.249134,1.229214,-1.262826,-0.020768,0.075503,0.303656,0.000161,-0.386280,0.001014,-0.690876
30.192037,-1.257361,0.415800,0.964986,-0.543076,-1.008179,0.536827,-0.496144,-0.150103,-0.217224,0.949431,-0.180948,-0.459067,0.357724,-0.202751,-1.183192,-0.039235,1.749531,-1.931693,-1.249517,1.229210,-1.263525,-0.023335,0.073897,0.307098,-0.000174,-0.387135,-0.000375,-0.693047
30.192934,-1.260866,0.412191,0.965307,-0.542862,-1.004629,0.536867,-0.496524,-0.154041,-0.218344,0.946098,-0.185873,-0.458266,0.357233,-0.203078,-1.183210,-0.039168,1.749826,-1.931694,-1.249908,1.229214,-1.264209,-0.021498,0.071990,0.304294,-0.000084,-0.388044,0.000383,-0.690676
30.194102,-1.260884,0.408777,0.964020,-0.544716,-1.004217,0.537769,-0.496148,-0.157707,-0.217940,0.942876,-0.190254,-0.457666,0.356954,-0.203404,-1.183227,-0.039091,1.750128,-1.931696,-1.250305,1.229217,-1.264896,-0.020023,0.073334,0.303344,-0.000526,-0.390671,0.000467,-0.688806
30.195024,-1.264401,0.409737,0.960473,-0.540914,-0.997715,0.535966,-0.495618,-0.161135,-0.216783,0.939733,-0.194841,-0.457244,0.356814,-0.203690,-1.183247,-0.039015,1.750432,-1.931692,-1.250693,1.229218,-1.265588,-0.020410,0.074698,0.304020,0.000912,-0.391132,-0.000263,-0.688941
30.195995,-1.265045,0.409201,0.966356,-0.541057,-0.997632,0.536671,-0.495326,-0.165834,-0.214664,0.935205,-0.199352,-0.457127,0.356632,-0.203916,-1.183264,-0.038943,1.750736,-1.931702,-1.251101,1.229220,-1.266272,-0.018926,0.073779,0.305042,-0.002976,-0.396722,0.001704,-0.688944
30.197032,-1.267586,0.405224,0.964544,-0.542770,-0.996396,0.536449,-0.497213,-0.172726,-0.210555,0.928331,-0.201687,-0.457550,0.356345,-0.204086,-1.183282,-0.038869,1.751032,-1.931703,-1.251500,1.229219,-1.266960,-0.018914,0.073644,0.301555,-0.003067,-0.396040,0.001133,-0.688546
30.197975,-1.269615,0.402739,0.967021,-0.544020,-0.994357,0.535692,-0.495119,-0.179341,-0.206030,0.921606,-0.201972,-0.458365,0.356163,-0.204210,-1.183298,-0.038792,1.751339,-1.931703,-1.251896,1.229222,-1.267627,-0.017995,0.075227,0.302071,-0.001661,-0.396841,0.001516,-0.683954
30.199014,-1.267421,0.406840,0.965103,-0.541147,-0.989100,0.534400,-0.495937,-0.184270,-0.203051,0.916578,-0.202805,-0.459192,0.356138,-0.204303,-1.183313,-0.038715,1.751632,-1.931702,-1.252297,1.229222,-1.268324,-0.017295,0.075993,0.300261,-0.000730,-0.398065,0.002425,-0.687150
30.200006,-1.272674,0.405601,0.967486,-0.541275,-0.991402,0.534318,-0.492760,-0.187860,-0.201397,0.912960,-0.204418,-0.459895,0.356202,-0.204390,-1.183334,-0.038647,1.751935,-1.931712,-1.252703,1.229227,-1.269013,-0.018710,0.073604,0.300864,-0.003713,-0.402802,0.003860,-0.684596
30.201009,-1.272587,0.407479,0.964561,-0.542575,-0.985086,0.534211,-0.492098,-0.191513,-0.199192,0.909289,-0.204613,-0.460644,0.356261,-0.204504,-1.183346,-0.038573,1.752227,-1.931713,-1.253100,1.229228,-1.269709,-0.016431,0.073838,0.299263,-0.003823,-0.399810,0.004086,-0.690056
30.201975,-1.271970,0.407795,0.968308,-0.544230,-0.987293,0.536039,-0.488897,-0.197765,-0.194704,0.902994,-0.203274,-0.461473,0.356091,-0.204660,-1.183363,-0.038501,1.752528,-1.931713,-1.253516,1.229232,-1.270402,-0.016827,0.072513,0.300286,-0.002819,-0.405445,0.004330,-0.690387
30.203086,-1.274665,0.410386,0.972648,-0.544877,-0.989376,0.536609,-0.488072,-0.214303,-0.181652,0.886497,-0.203111,-0.462100,0.355272,-0.205022,-1.183398,-0.038362,1.753109,-1.931712,-1.254307,1.229238,-1.271806,-0.016341,0.070287,0.295053,-0.001110,-0.399400,0.002182,-0.696053
30.204020,-1.275978,0.407158,0.965953,-0.543780,-0.991009,0.538302,-0.485413,-0.214303,-0.181652,0.886497,-0.203111,-0.462100,0.355272,-0.205022,-1.183398,-0.038362,1.753109,-1.931712,-1.254307,1.229238,-1.271806,-0.016341,0.070287,0.295053,-0.001110,-0.399400,0.002182,-0.696053
30.204935,-1.275507,0.408946,0.967081,-0.545326,-0.988787,0.538655,-0.485297,-0.221324,-0.175113,0.879577,-0.204203,-0.461802,0.354923,-0.205207,-1.183412,-0.038288,1.753410,-1.931717,-1.254692,1.229236,-1.272515,-0.015931,0.071423,0.297305,-0.002342,-0.396563,0.000611,-0.699897
30.206163,-1.276441,0.404832,0.965876,-0.545207,-0.991310,0.538730,-0.485676,-0.229746,-0.167837,0.871313,-0.204824,-0.461420,0.354457,-0.205346,-1.183429,-0.038222,1.753698,-1.931716,-1.255092,1.229235,-1.273215,-0.016377,0.070085,0.295651,-0.001031,-0.397400,0.000398,-0.698580
30.206928,-1.274538,0.404811,0.969551,-0.546932,-0.987359,0.539007,-0.485077,-0.238899,-0.160744,0.862359,-0.205352,-0.460922,0.353920,-0.205388,-1.183446,-0.038145,1.753996,-1.931719,-1.255483,1.229235,-1.273907,-0.016248,0.071747,0.295936,-0.001423,-0.394403,0.000486,-0.696796
30.207989,-1.275412,0.405322,0.964333,-0.546808,-0.988931,0.539078,-0.483522,-0.245352,-0.156343,0.856081,-0.206447,-0.460144,0.353564,-0.205336,-1.183465,-0.038076,1.754286,-1.931714,-1.255878,1.229238,-1.274607,-0.017323,0.071226,0.292601,0.000007,-0.396611,0.000291,-0.696296
30.208998,-1.277117,0.408101,0.964656,-0.548144,-0.991870,0.539739,-0.484096,-0.247412,-0.155567,0.854137,-0.208509,-0.459027,0.353530,-0.205224,-1.183482,-0.038006,1.754583,-1.931716,-1.256273,1.229239,-1.275300,-0.017141,0.070553,0.294494,-0.000367,-0.394038,0.000355,-0.698168
30.209967,-1.280606,0.411043,0.962650,-0.548589,-0.990273,0.538141,-0.484809,-0.248816,-0.155547,0.852770,-0.211303,-0.457841,0.353565,-0.205059,-1.183498,-0.037940,1.754876,-1.931714,-1.256652,1.229238,-1.276005,-0.016548,0.068771,0.293446,0.000696,-0.390140,-0.000176,-0.695592
30.211090,-1.280744,0.405725,0.962283,-0.547884,-0.992506,0.539739,-0.484571,-0.254441,-0.152652,0.847106,-0.214637,-0.456903,0.353319,-0.204835,-1.183509,-0.037878,1.755167,-1.931713,-1.257043,1.229243,-1.276678,-0.015091,0.066952,0.293519,0.000853,-0.390610,0.001541,-0.692853
30.212097,-1.281642,0.409040,0.958802,-0.549513,-0.990322,0.537706,-0.484236,-0.265181,-0.146364,0.836260,-0.218101,-0.456349,0.352694,-0.204590,-1.183524,-0.037803,1.755461,-1.931714,-1.257429,1.229243,-1.277378,-0.015364,0.069219,0.293136,-0.000119,-0.387652,0.000059,-0.692152
30.212953,-1.278681,0.409415,0.956656,-0.549193,-0.990631,0.538206,-0.486433,-0.279431,-0.138282,0.821858,-0.221276,-0.456173,0.351751,-0.204377,-1.183539,-0.037740,1.755757,-1.931711,-1.257816,1.229250,-1.278062,-0.015179,0.067168,0.293992,0.001185,-0.388849,0.002215,-0.691516
30.214084,-1.279548,0.411316,0.958548,-0.548732,-0.989862,0.538413,-0.488797,-0.296128,-0.128884,0.805054,-0.224482,-0.456228,0.350536,-0.204213,-1.183557,-0.037673,1.756048,-1.931711,-1.258197,1.229251,-1.278737,-0.016832,0.066539,0.293814,0.000626,-0.387126,0.001798,-0.685589
30.214983,-1.281589,0.408031,0.955062,-0.549546,-0.991405,0.538731,-0.488880,-0.313005,-0.118862,0.788161,-0.227179,-0.456386,0.349247,-0.204077,-1.183574,-0.037610,1.756341,-1.931711,-1.258589,1.229251,-1.279403,-0.016680,0.065284,0.292327,-0.000128,-0.387187,0.001744,-0.679811
30.215977,-1.280619,0.410204,0.955735,-0.549211,-0.995041,0.538541,-0.489857,-0.328271,-0.109331,0.772965,-0.228787,-0.456603,0.348043,-0.203960,-1.183588,-0.037542,1.756637,-1.931709,-1.258967,1.229252,-1.280081,-0.015890,0.066503,0.292898,0.000418,-0.384373,0.001536,-0.678254
30.216997,-1.276690,0.411060,0.950133,-0.550206,-0.996034,0.538136,-0.490618,-0.342147,-0.100649,0.759247,-0.229437,-0.456870,0.346907,-0.203861,-1.183607,-0.037482,1.756922,-1.931711,-1.259338,1.229253,-1.280745,-0.016605,0.065076,0.291745,-0.000132,-0.379817,0.001854,-0.675042
30.218004,-1.276190,0.409918,0.955822,-0.549730,-0.998600,0.540178,-0.492030,-0.354421,-0.092835,0.747228,-0.229135,-0.457145,0.345881,-0.203774,-1.183629,-0.037418,1.757221,-1.931710,-1.259708,1.229258,-1.281412,-0.018775,0.064307,0.293680,0.000587,-0.378025,0.002365,-0.672308
30.219046,-1.274737,0.411095,0.950339,-0.548395,-0.999505,0.539066,-0.491191,-0.362867,-0.086969,0.739110,-0.227983,-0.457271,0.345177,-0.203703,-1.183649,-0.037352,1.757502,-1.931712,-1.260075,1.229253,-1.282064,-0.019213,0.064505,0.290068,-0.000112,-0.374616,0.000461,-0.668297
30.220004,-1.275340,0.410200,0.954778,-0.551277,-1.002046,0.539688,-0.491479,-0.365320,-0.084287,0.736949,-0.225301,-0.457219,0.344998,-0.203664,-1.183671,-0.037292,1.757797,-1.931716,-1.260450,1.229256,-1.282734,-0.020140,0.063608,0.292066,-0.001629,-0.372922,0.001721,-0.668824
30.220981,-1.275601,0.410599,0.954123,-0.550969,-1.003000,0.538224,-0.492673,-0.362474,-0.084408,0.739972,-0.221206,-0.457013,0.345278,-0.203665,-1.183691,-0.037227,1.758080,-1.931708,-1.260806,1.229256,-1.283399,-0.020020,0.063677,0.288929,0.000861,-0.369507,0.001211,-0.666931
30.222062,-1.276945,0.408611,0.954964,-0.552841,-1.006055,0.537980,-0.493834,-0.354848,-0.087310,0.747657,-0.217481,-0.456517,0.345938,-0.203688,-1.183713,-0.037165,1.758365,-1.931709,-1.261174,1.229258,-1.284059,-0.020062,0.063131,0.288434,0.000306,-0.367653,0.002809,-0.663274
30.223047,-1.277975,0.411560,0.956431,-0.552103,-1.006797,0.538370,-0.490849,-0.343325,-0.092853,0.759136,-0.215175,-0.455764,0.346866,-0.203715,-1.183731,-0.037100,1.758649,-1.931704,-1.261530,1.229261,-1.284704,-0.019644,0.063797,0.287456,0.001787,-0.364069,0.003167,-0.659913
30.224000,-1.277133,0.405614,0.952007,-0.551446,-1.007614,0.538210,-0.492075,-0.329865,-0.099946,0.772468,-0.214253,-0.454956,0.347902,-0.203760,-1.183750,-0.037042,1.758929,-1.931705,-1.261889,1.229264,-1.285366,-0.019341,0.062006,0.285956,0.000809,-0.362543,0.002879,-0.664721
30.224972,-1.274094,0.410180,0.951879,-0.551250,-1.007537,0.539397,-0.492743,-0.315676,-0.107901,0.786469,-0.213651,-0.454336,0.348973,-0.203840,-1.183773,-0.036972,1.759220,-1.931707,-1.262248,1.229264,-1.286019,-0.019925,0.064565,0.287212,-0.000045,-0.360828,0.003168,-0.660929
30.226036,-1.274495,0.408937,0.952575,-0.550908,-1.007880,0.540117,-0.493251,-0.301031,-0.116695,0.800895,-0.212194,-0.454070,0.350068,-0.203964,-1.183798,-0.036916,1.759506,-1.931708,-1.262602,1.229263,-1.286671,-0.021587,0.061958,0.286386,-0.000471,-0.360121,0.002102,-0.658381
30.226921,-1.278504,0.406038,0.959734,-0.550866,-1.005714,0.541608,-0.492115,-0.285434,-0.126125,0.816219,-0.209524,-0.454146,0.351279,-0.204151,-1.183821,-0.036853,1.759786,-1.931710,-1.262960,1.229264,-1.287318,-0.021570,0.062286,0.285484,-0.001040,-0.359195,0.001522,-0.656298
30.227950,-1.275542,0.408424,0.951628,-0.552588,-1.004123,0.540292,-0.492345,-0.267155,-0.137167,0.834113,-0.205885,-0.454438,0.352781,-0.204415,-1.183837,-0.036786,1.760060,-1.931710,-1.263318,1.229264,-1.287978,-0.019749,0.063304,0.280908,-0.001304,-0.360303,0.000139,-0.657220
30.229094,-1.275779,0.411175,0.953243,-0.552446,-1.006678,0.541577,-0.491988,-0.246317,-0.150260,0.854509,-0.202544,-0.454790,0.354533,-0.204753,-1.183861,-0.036729,1.760347,-1.931706,-1.263683,1.229270,-1.288630,-0.021425,0.061819,0.284306,0.000077,-0.361146,0.001580,-0.655592
30.229990,-1.272462,0.409686,0.951507,-0.552109,-1.004189,0.541821,-0.490794,-0.227191,-0.162604,0.873268,-0.200607,-0.455236,0.356165,-0.205139,-1.183883,-0.036672,1.760626,-1.931707,-1.264039,1.229271,-1.289289,-0.021537,0.060232,0.283123,-0.000352,-0.358223,0.000416,-0.655310
30.230946,-1.271540,0.413366,0.953037,-0.551809,-1.005146,0.541410,-0.489760,-0.211020,-0.173050,0.889163,-0.199570,-0.455870,0.357592,-0.205520,-1.183910,-0.036613,1.760913,-1.931709,-1.264395,1.229270,-1.289955,-0.023289,0.060643,0.282915,-0.000874,-0.359723,0.000302,-0.656323
30.232032,-1.271359,0.407678,0.952925,-0.552868,-1.003722,0.540744,-0.488916,-0.195242,-0.182956,0.904706,-0.198396,-0.456660,0.359034,-0.205833,-1.183934,-0.036558,1.761189,-1.931712,-1.264751,1.229272,-1.290619,-0.023872,0.058508,0.281345,-0.001362,-0.357873,0.000833,-0.657095
30.233007,-1.269981,0.409016,0.950390,-0.552471,-0.999785,0.540871,-0.488443,-0.178277,-0.193525,0.921417,-0.197083,-0.457525,0.360573,-0.206048,-1.183959,-0.036492,1.761470,-1.931710,-1.265116,1.229275,-1.291275,-0.024141,0.061049,0.280907,-0.000615,-0.358743,0.001630,-0.657700
30.234073,-1.265005,0.408499,0.956094,-0.552513,-1.000572,0.541820,-0.488980,-0.159947,-0.205681,0.939455,-0.196426,-0.458361,0.362147,-0.206162,-1.183985,-0.036435,1.761754,-1.931713,-1.265478,1.229276,-1.291935,-0.024963,0.060065,0.281342,-0.001199,-0.361834,0.001615,-0.657387
30.235110,-1.263792,0.407294,0.946671,-0.552260,-0.998420,0.541535,-0.487659,-0.138586,-0.220432,0.960496,-0.196372,-0.459042,0.363885,-0.206170,-1.184017,-0.036377,1.762024,-1.931714,-1.265839,1.229277,-1.292582,-0.027553,0.060073,0.278025,-0.001390,-0.360406,0.000793,-0.655226
30.236086,-1.268945,0.412847,0.950788,-0.554942,-1.003774,0.542453,-0.488017,-0.113041,-0.238106,0.985673,-0.196239,-0.459556,0.365906,-0.206084,-1.184046,-0.036318,1.762315,-1.931719,-1.266200,1.229279,-1.293242,-0.028257,0.060392,0.282055,-0.001812,-0.361901,0.001209,-0.656740
30.237028,-1.266402,0.411360,0.948041,-0.553804,-0.997889,0.542403,-0.486748,-0.088933,-0.255101,1.009373,-0.196466,-0.460132,0.367794,-0.205955,-1.184066,-0.036268,1.762585,-1.931714,-1.266545,1.229276,-1.293887,-0.025843,0.057384,0.279253,0.000528,-0.355783,0.000427,-0.654800
30.238067,-1.266850,0.414687,0.949069,-0.553482,-1.001704,0.543724,-0.486406,-0.071008,-0.267991,1.026890,-0.197804,-0.460913,0.369237,-0.205832,-1.184098,-0.036207,1.762867,-1.931717,-1.266919,1.229279,-1.294545,-0.027195,0.057812,0.279759,-0.000799,-0.360698,0.000595,-0.656078
30.239066,-1.264666,0.414641,0.949905,-0.552609,-0.998016,0.544512,-0.486687,-0.058113,-0.277049,1.039389,-0.199330,-0.461913,0.370391,-0.205730,-1.184124,-0.036155,1.763144,-1.931721,-1.267265,1.229276,-1.295201,-0.027103,0.055922,0.278642,-0.001300,-0.356257,-0.000590,-0.655600
30.239935,-1.266157,0.410782,0.948250,-0.553478,-0.998273,0.544151,-0.485988,-0.047847,-0.283401,1.049244,-0.199451,-0.463142,0.371511,-0.205644,-1.184156,-0.036100,1.763418,-1.931725,-1.267631,1.229276,-1.295849,-0.028270,0.055710,0.277575,-0.002331,-0.359178,-0.001239,-0.653857
30.240974,-1.265171,0.416078,0.946703,-0.553986,-0.995288,0.543794,-0.487212,-0.037900,-0.288889,1.058730,-0.198039,-0.464479,0.372775,-0.205579,-1.184181,-0.036038,1.763696,-1.931723,-1.267980,1.229278,-1.296504,-0.027583,0.057268,0.277364,-0.001715,-0.357841,-0.000766,-0.653890
30.241955,-1.263881,0.415653,0.945266,-0.554441,-0.995986,0.542862,-0.485791,-0.028742,-0.293920,1.067396,-0.196215,-0.465795,0.374068,-0.205539,-1.184210,-0.035990,1.763972,-1.931723,-1.268347,1.229280,-1.297142,-0.028204,0.054429,0.277568,-0.001475,-0.360125,-0.000287,-0.650331
30.243053,-1.264127,0.415089,0.947874,-0.556104,-0.998393,0.543991,-0.488820,-0.022424,-0.297014,1.073243,-0.194783,-0.467068,0.375177,-0.205505,-1.184241,-0.035934,1.764249,-1.931725,-1.268704,1.229282,-1.297799,-0.028921,0.054399,0.277546,-0.001222,-0.358591,0.000768,-0.651993
30.243921,-1.267537,0.411954,0.948439,-0.555110,-0.995081,0.544280,-0.488965,-0.018135,-0.298771,1.077086,-0.194243,-0.468269,0.376122,-0.205458,-1.184270,-0.035882,1.764521,-1.931722,-1.269054,1.229282,-1.298439,-0.028928,0.054506,0.275855,0.000094,-0.355773,-0.000238,-0.644855
30.244920,-1.269251,0.414983,0.951039,-0.555774,-0.991235,0.544313,-0.491018,-0.013762,-0.301251,1.080981,-0.194828,-0.469395,0.377034,-0.205394,-1.184294,-0.035825,1.764791,-1.931725,-1.269413,1.229282,-1.299076,-0.027309,0.055756,0.274631,-0.001067,-0.357994,-0.000405,-0.643305
30.246012,-1.268506,0.415363,0.944055,-0.553920,-0.988037,0.543945,-0.489671,-0.009033,-0.304846,1.085174,-0.196139,-0.470530,0.377924,-0.205323,-1.184319,-0.035775,1.765060,-1.931724,-1.269783,1.229285,-1.299709,-0.026606,0.054011,0.272730,-0.000675,-0.360971,-0.000318,-0.638055
30.247101,-1.265995,0.415150,0.946733,-0.556759,-0.983997,0.545029,-0.491944,-0.006403,-0.307556,1.087286,-0.197329,-0.471876,0.378609,-0.205261,-1.184348,-0.035722,1.765341,-1.931728,-1.270151,1.229287,-1.300347,-0.027120,0.053655,0.275773,-0.002743,-0.363567,0.000180,-0.639821
30.247927,-1.264045,0.411416,0.946451,-0.555781,-0.982758,0.544612,-0.491110,-0.007250,-0.308358,1.086050,-0.198344,-0.473493,0.378988,-0.205232,-1.184380,-0.035669,1.765609,-1.931724,-1.270523,1.229286,-1.300984,-0.028492,0.053566,0.274043,-0.000239,-0.366979,-0.000767,-0.634203
30.249042,-1.264693,0.415469,0.948164,-0.556708,-0.979297,0.544999,-0.493333,-0.007475,-0.310256,1.085603,-0.200248,-0.475093,0.379369,-0.205241,-1.184411,-0.035609,1.765880,-1.931726,-1.270887,1.229288,-1.301617,-0.029460,0.055072,0.273110,-0.001412,-0.366870,-0.000239,-0.634576
30.250057,-1.263256,0.417492,0.950238,-0.556226,-0.978524,0.543451,-0.491670,-0.003735,-0.315402,1.089250,-0.203052,-0.476546,0.380013,-0.205259,-1.184437,-0.035561,1.766147,-1.931724,-1.271268,1.229286,-1.302241,-0.029301,0.052878,0.271997,-0.000800,-0.369702,-0.000477,-0.629162
30.250932,-1.263285,0.414912,0.950561,-0.555949,-0.973467,0.543310,-0.494100,0.003006,-0.322361,1.096007,-0.206006,-0.477942,0.380871,-0.205260,-1.184467,-0.035510,1.766415,-1.931728,-1.271639,1.229291,-1.302873,-0.030125,0.051687,0.270405,-0.001471,-0.369600,0.001193,-0.631482
30.251961,-1.265867,0.419882,0.955215,-0.556102,-0.970650,0.543607,-0.493060,0.012525,-0.330539,1.105640,-0.208528,-0.479284,0.381914,-0.205244,-1.184496,-0.035457,1.766685,-1.931732,-1.272018,1.229294,-1.303491,-0.030138,0.052714,0.269322,-0.001864,-0.373370,0.001418,-0.625314
30.252961,-1.265780,0.416034,0.953009,-0.557153,-0.966998,0.544394,-0.494287,0.024850,-0.339937,1.118144,-0.210351,-0.480493,0.383128,-0.205221,-1.184524,-0.035412,1.766945,-1.931733,-1.272398,1.229293,-1.304113,-0.028960,0.050074,0.266567,-0.001952,-0.375278,0.001255,-0.626441
30.254010,-1.262800,0.418510,0.957541,-0.558120,-0.965049,0.543681,-0.493256,0.038372,-0.349501,1.131892,-0.212049,-0.481434,0.384393,-0.205209,-1.184554,-0.035357,1.767215,-1.931732,-1.272780,1.229292,-1.304733,-0.029100,0.051787,0.267101,-0.001159,-0.377945,0.000602,-0.622886
30.255055,-1.263700,0.415158,0.954265,-0.559374,-0.964261,0.544621,-0.493365,0.053309,-0.359706,1.147115,-0.214600,-0.481874,0.385707,-0.205217,-1.184586,-0.035310,1.767472,-1.931731,-1.273163,1.229295,-1.305354,-0.030689,0.050388,0.264487,-0.000500,-0.379011,0.001448,-0.624005
30.255995,-1.265193,0.418873,0.953050,-0.558633,-0.966394,0.544688,-0.493946,0.070711,-0.371526,1.164862,-0.218688,-0.481614,0.387138,-0.205258,-1.184616,-0.035255,1.767740,-1.931731,-1.273548,1.229295,-1.305979,-0.030322,0.051856,0.265695,0.000484,-0.378881,0.000628,-0.622749
30.257066,-1.268005,0.417641,0.957742,-0.559050,-0.966137,0.545059,-0.492040,0.087271,-0.382976,1.181795,-0.223825,-0.480848,0.388450,-0.205332,-1.184646,-0.035208,1.768008,-1.931735,-1.273918,1.229294,-1.306600,-0.029634,0.049789,0.265554,-0.000409,-0.375675,0.000699,-0.620431
30.258057,-1.266419,0.414502,0.952310,-0.558830,-0.965211,0.544743,-0.491150,0.099610,-0.391588,1.194479,-0.228562,-0.479920,0.389428,-0.205433,-1.184672,-0.035157,1.768264,-1.931736,-1.274294,1.229295,-1.307225,-0.028388,0.050250,0.262941,-0.000235,-0.375221,0.000462,-0.623319
30.259032,-1.263632,0.414859,0.949338,-0.559718,-0.966394,0.544731,-0.487869,0.108188,-0.397769,1.203369,-0.232138,-0.478943,0.390106,-0.205578,-1.184703,-0.035104,1.768534,-1.931736,-1.274670,1.229297,-1.307853,-0.029268,0.051594,0.265069,-0.000709,-0.375191,0.000900,-0.623978
30.259942,-1.263943,0.414819,0.953174,-0.560447,-0.962519,0.545835,-0.488170,0.113424,-0.402425,1.208910,-0.234639,-0.477975,0.390473,-0.205779,-1.184737,-0.035055,1.768797,-1.931735,-1.275042,1.229297,-1.308489,-0.030700,0.051208,0.265957,-0.000102,-0.373015,0.001041,-0.629430
30.261033,-1.264260,0.414528,0.949273,-0.560299,-0.964911,0.544886,-0.484906,0.116721,-0.406319,1.212483,-0.236627,-0.476961,0.390647,-0.206016,-1.184767,-0.035004,1.769057,-1.931735,-1.275425,1.229293,-1.309113,-0.030573,0.050996,0.263288,0.000403,-0.375687,0.000068,-0.627556
30.262003,-1.265315,0.411615,0.950115,-0.559941,-0.964347,0.544531,-0.483768,0.119556,-0.410011,1.215516,-0.238510,-0.475861,0.390776,-0.206227,-1.184797,-0.034953,1.769326,-1.931734,-1.275791,1.229298,-1.309761,-0.030537,0.050976,0.264919,-0.000053,-0.372654,0.001149,-0.633117
30.262932,-1.263856,0.412544,0.950834,-0.561335,-0.964835,0.545210,-0.483859,0.120791,-0.412982,1.216813,-0.239723,-0.474922,0.390751,-0.206363,-1.184825,-0.034900,1.769585,-1.931736,-1.276168,1.229300,-1.310395,-0.030098,0.052196,0.263926,-0.000625,-0.372218,0.001611,-0.634198
30.264009,-1.262490,0.415413,0.950344,-0.559930,-0.963484,0.546207,-0.482070,0.120916,-0.415757,1.216852,-0.240142,-0.474258,0.390581,-0.206395,-1.184857,-0.034850,1.769846,-1.931732,-1.276536,1.229301,-1.311029,-0.030869,0.051501,0.262881,0.000459,-0.370660,0.001037,-0.632777
30.264960,-1.265823,0.412673,0.951388,-0.558473,-0.965226,0.546783,-0.482327,0.121896,-0.420747,1.217264,-0.237528,-0.473710,0.390274,-0.206131,-1.184916,-0.034751,1.770367,-1.931741,-1.277269,1.229303,-1.312293,-0.030062,0.051091,0.261699,-0.002745,-0.368646,-0.000281,-0.633669
30.265976,-1.264741,0.418403,0.952593,-0.559559,-0.964267,0.545439,-0.480771,0.121896,-0.420747,1.217264,-0.237528,-0.473710,0.390274,-0.206131,-1.184916,-0.034751,1.770367,-1.931741,-1.277269,1.229303,-1.312293,-0.030062,0.051091,0.261699,-0.002745,-0.368646,-0.000281,-0.633669
30.267043,-1.263745,0.417696,0.953395,-0.560568,-0.964188,0.546829,-0.482228,0.121076,-0.421142,1.215928,-0.232500,-0.474078,0.390056,-0.205900,-1.184947,-0.034708,1.770628,-1.931741,-1.277640,1.229307,-1.312938,-0.030699,0.048084,0.260638,-0.001888,-0.368803,0.001196,-0.635685
30.267939,-1.264213,0.419213,0.951726,-0.560528,-0.962945,0.546288,-0.482209,0.118950,-0.419601,1.213285,-0.226335,-0.474661,0.389747,-0.205681,-1.184981,-0.034662,1.770883,-1.931740,-1.278004,1.229308,-1.313565,-0.031270,0.048346,0.259999,-0.001178,-0.368246,-0.000089,-0.631722
30.269074,-1.264054,0.419219,0.955186,-0.560857,-0.967267,0.545251,-0.481824,0.115895,-0.416520,1.209817,-0.220563,-0.475174,0.389373,-0.205500,-1.185011,-0.034616,1.771144,-1.931740,-1.278377,1.229308,-1.314186,-0.031063,0.047392,0.260069,-0.001461,-0.368288,0.000586,-0.630578
30.270110,-1.267004,0.421047,0.954672,-0.561997,-0.968898,0.545652,-0.482216,0.111958,-0.412310,1.205546,-0.215269,-0.475557,0.388921,-0.205368,-1.185043,-0.034568,1.771401,-1.931742,-1.278728,1.229311,-1.314815,-0.031270,0.047287,0.258232,-0.001383,-0.363614,0.001760,-0.630461
30.271046,-1.263542,0.422991,0.954196,-0.562612,-0.972118,0.546464,-0.482264,0.106737,-0.406967,1.200032,-0.210397,-0.475803,0.388349,-0.205288,-1.185070,-0.034524,1.771655,-1.931740,-1.279083,1.229313,-1.315431,-0.029915,0.046261,0.258187,-0.000532,-0.361388,0.001470,-0.628669
30.271946,-1.263914,0.425142,0.954876,-0.563045,-0.972452,0.545127,-0.483749,0.099247,-0.399951,1.192334,-0.206317,-0.475870,0.387599,-0.205229,-1.185104,-0.034481,1.771911,-1.931740,-1.279428,1.229313,-1.316056,-0.031684,0.045150,0.257817,-0.000158,-0.357340,0.000771,-0.627412
30.272995,-1.263654,0.424376,0.951542,-0.562553,-0.977200,0.545521,-0.481718,0.089998,-0.391345,1.182991,-0.203034,-0.475686,0.386728,-0.205155,-1.185136,-0.034438,1.772164,-1.931741,-1.279781,1.229318,-1.316664,-0.031494,0.043927,0.256809,0.000050,-0.356048,0.002223,-0.623263
30.274004,-1.264817,0.425362,0.954850,-0.564583,-0.979002,0.546144,-0.482337,0.079073,-0.381270,1.172043,-0.199917,-0.475305,0.385734,-0.205057,-1.185169,-0.034393,1.772424,-1.931743,-1.280125,1.229318,-1.317293,-0.031701,0.044217,0.258135,-0.000661,-0.350780,0.001945,-0.626372
30.275054,-1.264181,0.423230,0.952541,-0.563649,-0.983237,0.545371,-0.483473,0.051416,-0.358363,1.144325,-0.193955,-0.474160,0.383282,-0.204805,-1.185232,-0.034306,1.772934,-1.931740,-1.280797,1.229327,-1.318523,-0.031590,0.044590,0.256942,-0.000183,-0.343844,0.002327,-0.620813
30.276068,-1.265387,0.428167,0.957749,-0.565701,-0.986530,0.546533,-0.484060,0.051416,-0.358363,1.144325,-0.193955,-0.474160,0.383282,-0.204805,-1.185232,-0.034306,1.772934,-1.931740,-1.280797,1.229327,-1.318523,-0.031590,0.044590,0.256942,-0.000183,-0.343844,0.002327,-0.620813
30.276984,-1.264509,0.430127,0.954488,-0.565739,-0.991786,0.546661,-0.484003,0.036769,-0.347430,1.129558,-0.191398,-0.473396,0.381955,-0.204620,-1.185262,-0.034268,1.773183,-1.931736,-1.281132,1.229323,-1.319138,-0.031080,0.042045,0.253985,0.001535,-0.340076,0.001299,-0.618634
30.277962,-1.263367,0.426017,0.950547,-0.565977,-0.993254,0.547055,-0.484249,0.021649,-0.336266,1.114297,-0.189183,-0.472580,0.380610,-0.204417,-1.185295,-0.034229,1.773439,-1.931736,-1.281447,1.229327,-1.319745,-0.031532,0.040979,0.255001,0.001330,-0.334237,0.001276,-0.617635
30.279107,-1.265884,0.430353,0.955989,-0.566444,-0.994624,0.546586,-0.484783,0.004807,-0.324243,1.097321,-0.187218,-0.471869,0.379156,-0.204236,-1.185329,-0.034181,1.773694,-1.931736,-1.281775,1.229331,-1.320360,-0.032128,0.042896,0.256498,0.001322,-0.332288,0.000984,-0.616070
30.280001,-1.263406,0.433448,0.953174,-0.566269,-0.996876,0.546761,-0.485768,-0.013735,-0.311988,1.078623,-0.185367,-0.471362,0.377546,-0.204112,-1.185358,-0.034146,1.773945,-1.931734,-1.282099,1.229336,-1.320972,-0.031022,0.040726,0.253732,0.001448,-0.330914,0.001584,-0.614182
30.281049,-1.265141,0.432383,0.954935,-0.567656,-0.996295,0.546561,-0.485414,-0.033206,-0.299355,1.058969,-0.183478,-0.471055,0.375842,-0.204062,-1.185393,-0.034110,1.774199,-1.931736,-1.282420,1.229340,-1.321569,-0.032262,0.039124,0.254486,0.001072,-0.327965,0.001495,-0.611086
30.282005,-1.262057,0.433199,0.954429,-0.567021,-0.995315,0.547100,-0.485219,-0.053272,-0.286025,1.038734,-0.181662,-0.470932,0.374082,-0.204097,-1.185422,-0.034069,1.774451,-1.931732,-1.282745,1.229341,-1.322178,-0.031485,0.039609,0.253329,0.002115,-0.328287,0.001833,-0.610874
30.282976,-1.261778,0.430990,0.952225,-0.568347,-0.996809,0.546866,-0.485927,-0.072260,-0.273348,1.019638,-0.180507,-0.470886,0.372377,-0.204222,-1.185461,-0.034032,1.774707,-1.931733,-1.283072,1.229343,-1.322788,-0.033015,0.039134,0.253036,0.001252,-0.328693,0.001399,-0.610183
30.284067,-1.264599,0.432899,0.952663,-0.567627,-1.001440,0.546569,-0.486448,-0.088380,-0.262774,1.003485,-0.180206,-0.470849,0.370861,-0.204409,-1.185494,-0.033989,1.774959,-1.931730,-1.283395,1.229345,-1.323382,-0.033172,0.040141,0.253679,0.002274,-0.326688,0.001755,-0.607757
30.284954,-1.261357,0.435843,0.953063,-0.567001,-1.000312,0.546655,-0.488254,-0.102963,-0.253741,0.988905,-0.180544,-0.470952,0.369436,-0.204600,-1.185522,-0.033953,1.775212,-1.931732,-1.283710,1.229346,-1.323983,-0.031897,0.039176,0.253289,0.001301,-0.321958,0.002187,-0.605869
30.285936,-1.255893,0.436190,0.948881,-0.567112,-1.000221,0.546958,-0.487229,-0.117652,-0.244702,0.974206,-0.180428,-0.471401,0.368033,-0.204742,-1.185559,-0.033919,1.775462,-1.931734,-1.284027,1.229348,-1.324565,-0.033499,0.037652,0.252429,0.000493,-0.322471,0.002199,-0.601165
30.287161,-1.254739,0.437663,0.949297,-0.567842,-1.000806,0.547098,-0.489410,-0.130851,-0.235789,0.961025,-0.178993,-0.472163,0.366846,-0.204817,-1.185601,-0.033881,1.775719,-1.931734,-1.284348,1.229350,-1.325168,-0.036176,0.037437,0.254040,0.000359,-0.322123,0.002015,-0.602258
30.287981,-1.258199,0.436507,0.954190,-0.567856,-1.000230,0.547432,-0.487889,-0.140990,-0.227869,0.950995,-0.176773,-0.473029,0.366015,-0.204840,-1.185639,-0.033845,1.775975,-1.931732,-1.284663,1.229352,-1.325752,-0.036816,0.036769,0.253975,0.000730,-0.321842,0.002021,-0.597242
30.288969,-1.256991,0.438072,0.950444,-0.567392,-0.998271,0.547494,-0.487907,-0.147630,-0.221532,0.944500,-0.174666,-0.473829,0.365562,-0.204837,-1.185671,-0.033807,1.776218,-1.931733,-1.284989,1.229352,-1.326346,-0.035047,0.037238,0.250740,0.000561,-0.321474,0.001795,-0.599146
30.289979,-1.256866,0.437378,0.948552,-0.568256,-0.999878,0.547374,-0.487136,-0.151118,-0.216819,0.941119,-0.172912,-0.474506,0.365454,-0.204850,-1.185708,-0.033772,1.776477,-1.931736,-1.285311,1.229354,-1.326942,-0.035672,0.036419,0.252160,-0.000108,-0.323025,0.001853,-0.598102
30.291057,-1.255306,0.438557,0.945901,-0.570285,-0.998451,0.547080,-0.486649,-0.153934,-0.212437,0.938413,-0.171494,-0.475118,0.365481,-0.204900,-1.185743,-0.033736,1.776728,-1.931735,-1.285630,1.229356,-1.327535,-0.035757,0.036758,0.252748,0.000503,-0.321050,0.002097,-0.598728
30.292090,-1.257387,0.440284,0.947098,-0.567482,-1.002006,0.548265,-0.486162,-0.158419,-0.207332,0.934099,-0.171449,-0.475630,0.365419,-0.204988,-1.185782,-0.033700,1.776984,-1.931730,-1.285955,1.229358,-1.328146,-0.036556,0.036174,0.253848,0.002142,-0.322294,0.002522,-0.598788
30.292981,-1.257883,0.438902,0.946214,-0.567887,-1.000387,0.548064,-0.484940,-0.165461,-0.200871,0.927253,-0.172672,-0.476098,0.365204,-0.205099,-1.185816,-0.033669,1.777239,-1.931738,-1.286263,1.229358,-1.328742,-0.035542,0.035353,0.252894,-0.000789,-0.318527,0.001456,-0.598849
30.294063,-1.257253,0.438242,0.946497,-0.568517,-0.999198,0.548142,-0.482741,-0.174854,-0.192813,0.917963,-0.173061,-0.476763,0.364893,-0.205207,-1.185853,-0.033631,1.777487,-1.931738,-1.286583,1.229359,-1.329349,-0.035263,0.035962,0.252711,-0.000581,-0.319514,0.001781,-0.600146
30.295039,-1.256745,0.440283,0.946604,-0.566324,-0.999456,0.547789,-0.482755,-0.185044,-0.184453,0.907756,-0.172460,-0.477580,0.364582,-0.205320,-1.185889,-0.033595,1.777738,-1.931738,-1.286908,1.229360,-1.329951,-0.035631,0.036305,0.252407,-0.000226,-0.320508,0.001838,-0.603696
30.295944,-1.256096,0.442222,0.946865,-0.570163,-0.999787,0.547493,-0.481978,-0.194400,-0.176940,0.898290,-0.171193,-0.478421,0.364354,-0.205443,-1.185927,-0.033561,1.777992,-1.931746,-1.287223,1.229364,-1.330543,-0.035861,0.035259,0.251881,-0.002509,-0.319842,0.002298,-0.602647
30.296931,-1.257961,0.441284,0.948183,-0.569627,-0.997377,0.547911,-0.482545,-0.202492,-0.170141,0.890031,-0.169403,-0.479224,0.364230,-0.205564,-1.185962,-0.033527,1.778239,-1.931737,-1.287541,1.229367,-1.331147,-0.036169,0.034253,0.251169,0.000942,-0.318884,0.002692,-0.603087
30.297934,-1.257943,0.441999,0.949213,-0.570604,-0.998487,0.548441,-0.480761,-0.209376,-0.164173,0.882989,-0.169018,-0.479770,0.364174,-0.205684,-1.185996,-0.033491,1.778487,-1.931739,-1.287861,1.229370,-1.331750,-0.035260,0.034704,0.250132,0.000150,-0.320903,0.002379,-0.600923
30.299004,-1.254830,0.443513,0.949586,-0.569464,-0.998831,0.548624,-0.482220,-0.214825,-0.159632,0.877410,-0.170741,-0.480005,0.364177,-0.205815,-1.186031,-0.033458,1.778732,-1.931735,-1.288178,1.229371,-1.332355,-0.035296,0.034347,0.249324,0.000796,-0.319424,0.001973,-0.603544
30.299993,-1.254033,0.444517,0.950817,-0.571103,-0.998411,0.549548,-0.481979,-0.218059,-0.156930,0.874068,-0.173363,-0.480097,0.364318,-0.205957,-1.186071,-0.033426,1.778980,-1.931738,-1.288497,1.229370,-1.332954,-0.036867,0.033650,0.248982,-0.000559,-0.318915,0.001941,-0.599688
30.301112,-1.257752,0.442355,0.952189,-0.569132,-0.996560,0.550640,-0.482838,-0.217928,-0.156408,0.874123,-0.176049,-0.480153,0.364723,-0.206105,-1.186110,-0.033396,1.779228,-1.931734,-1.288811,1.229371,-1.333558,-0.037223,0.033184,0.248002,0.000755,-0.318995,0.001134,-0.599196
30.301988,-1.255461,0.444376,0.952234,-0.570554,-0.993717,0.551024,-0.481167,-0.214745,-0.157951,0.877257,-0.178572,-0.480259,0.365390,-0.206268,-1.186142,-0.033360,1.779473,-1.931740,-1.289133,1.229370,-1.334148,-0.035453,0.034306,0.247329,-0.001404,-0.320808,0.000191,-0.596691
30.302963,-1.255438,0.442079,0.952248,-0.571342,-0.993417,0.551028,-0.481344,-0.209761,-0.161017,0.882227,-0.180725,-0.480500,0.366228,-0.206463,-1.186179,-0.033327,1.779719,-1.931738,-1.289457,1.229372,-1.334754,-0.036547,0.033216,0.246505,-0.000203,-0.322719,-0.000092,-0.598780
30.304062,-1.258808,0.446471,0.950959,-0.572063,-0.987995,0.550631,-0.480768,-0.202796,-0.165811,0.889269,-0.183264,-0.480767,0.367238,-0.206694,-1.186216,-0.033292,1.779960,-1.931736,-1.289778,1.229373,-1.335348,-0.036462,0.034283,0.245683,0.000329,-0.321987,0.000001,-0.597014
30.304947,-1.261421,0.444807,0.949623,-0.570495,-0.985226,0.549064,-0.481176,-0.195398,-0.171349,0.896850,-0.187312,-0.480978,0.368278,-0.206948,-1.186247,-0.033263,1.780207,-1.931734,-1.290113,1.229372,-1.335945,-0.034784,0.032071,0.245719,0.000767,-0.326601,0.000517,-0.596918
30.305941,-1.260846,0.443477,0.949657,-0.570467,-0.983754,0.549628,-0.481029,-0.191861,-0.174645,0.900636,-0.192532,-0.481311,0.368992,-0.207206,-1.186279,-0.033230,1.780454,-1.931738,-1.290442,1.229377,-1.336544,-0.033406,0.032830,0.245305,-0.000916,-0.328057,0.002154,-0.594592
30.307045,-1.259128,0.444661,0.950532,-0.569146,-0.985056,0.548991,-0.482282,-0.192899,-0.175287,0.899864,-0.197581,-0.481927,0.369304,-0.207442,-1.186314,-0.033196,1.780695,-1.931740,-1.290773,1.229378,-1.337128,-0.033649,0.033409,0.244506,-0.001097,-0.328459,0.001667,-0.593578
30.308067,-1.259480,0.444682,0.948292,-0.571567,-0.981514,0.549409,-0.482674,-0.195052,-0.175454,0.897934,-0.201172,-0.482820,0.369502,-0.207624,-1.186349,-0.033164,1.780937,-1.931746,-1.291094,1.229380,-1.337719,-0.034495,0.032791,0.243511,-0.002520,-0.326425,0.002412,-0.589813
30.308931,-1.260500,0.444543,0.945534,-0.571954,-0.980632,0.549173,-0.483839,-0.198144,-0.176574,0.895174,-0.206301,-0.484790,0.369950,-0.207825,-1.186413,-0.033099,1.781428,-1.931742,-1.291759,1.229383,-1.338877,-0.033700,0.032694,0.244158,-0.000182,-0.328487,0.002401,-0.583994
30.310045,-1.264018,0.443124,0.951150,-0.571241,-0.978344,0.550239,-0.483591,-0.198144,-0.176574,0.895174,-0.206301,-0.484790,0.369950,-0.207825,-1.186413,-0.033099,1.781428,-1.931742,-1.291759,1.229383,-1.338877,-0.033700,0.032694,0.244158,-0.000182,-0.328487,0.002401,-0.583994
30.311030,-1.263928,0.445905,0.945398,-0.572067,-0.976411,0.550197,-0.481556,-0.201094,-0.176625,0.892332,-0.210221,-0.485542,0.370018,-0.207922,-1.186442,-0.033066,1.781664,-1.931744,-1.292091,1.229383,-1.339461,-0.031992,0.033385,0.240860,-0.001103,-0.329999,0.001438,-0.583329
30.311985,-1.261878,0.446564,0.943739,-0.571946,-0.974028,0.551218,-0.482741,-0.205014,-0.176157,0.888427,-0.214373,-0.486110,0.370004,-0.208078,-1.186474,-0.033037,1.781907,-1.931744,-1.292425,1.229385,-1.340046,-0.032019,0.031952,0.242975,-0.000471,-0.330822,0.001576,-0.586102
30.313021,-1.261668,0.445942,0.941008,-0.571839,-0.974819,0.551365,-0.482287,-0.211523,-0.173728,0.881943,-0.218546,-0.486498,0.369795,-0.208300,-1.186508,-0.033006,1.782151,-1.931744,-1.292761,1.229385,-1.340619,-0.032986,0.031580,0.242891,-0.000805,-0.332008,0.000641,-0.582351
30.314005,-1.264839,0.445613,0.943625,-0.572893,-0.975545,0.550535,-0.481466,-0.220610,-0.169159,0.872962,-0.222354,-0.486726,0.369400,-0.208565,-1.186543,-0.032974,1.782397,-1.931745,-1.293087,1.229385,-1.341205,-0.033044,0.031856,0.243513,-0.001088,-0.330277,0.000606,-0.582011
30.315078,-1.262788,0.444588,0.946907,-0.573128,-0.977100,0.551071,-0.480553,-0.231042,-0.163511,0.862685,-0.225602,-0.486812,0.368894,-0.208877,-1.186573,-0.032942,1.782633,-1.931746,-1.293411,1.229390,-1.341778,-0.031434,0.031952,0.241445,-0.000221,-0.328535,0.001516,-0.582375
30.316041,-1.260045,0.445225,0.940842,-0.574480,-0.976860,0.551007,-0.480707,-0.240161,-0.158693,0.853729,-0.228652,-0.486675,0.368454,-0.209246,-1.186606,-0.032907,1.782871,-1.931746,-1.293732,1.229390,-1.342363,-0.032469,0.032404,0.239232,-0.000212,-0.326202,0.001073,-0.582964
30.317030,-1.261677,0.446840,0.943118,-0.574484,-0.976635,0.551149,-0.480759,-0.245233,-0.156405,0.848845,-0.231842,-0.486215,0.368282,-0.209645,-1.186643,-0.032877,1.783113,-1.931744,-1.294052,1.229392,-1.342935,-0.033749,0.032034,0.241452,0.000901,-0.325431,0.001229,-0.581330
30.317989,-1.262769,0.444658,0.942452,-0.573383,-0.975625,0.550163,-0.480415,-0.247497,-0.155662,0.846798,-0.235422,-0.485484,0.368277,-0.210033,-1.186675,-0.032847,1.783350,-1.931745,-1.294374,1.229392,-1.343513,-0.032887,0.031196,0.239539,0.000697,-0.324678,0.001189,-0.579931
30.318971,-1.260956,0.449046,0.941638,-0.573563,-0.977582,0.550868,-0.479656,-0.248465,-0.155291,0.845960,-0.238703,-0.484658,0.368303,-0.210380,-1.186707,-0.032812,1.783589,-1.931746,-1.294697,1.229396,-1.344094,-0.032306,0.032196,0.239069,-0.000597,-0.324646,0.002259,-0.579280
30.319973,-1.258632,0.447704,0.943013,-0.575932,-0.976706,0.550885,-0.480844,-0.248472,-0.154813,0.845911,-0.240424,-0.483943,0.368330,-0.210671,-1.186740,-0.032786,1.783825,-1.931745,-1.295012,1.229396,-1.344667,-0.033179,0.029977,0.238735,-0.000631,-0.321727,0.001634,-0.579522
30.321032,-1.262138,0.448599,0.941523,-0.574626,-0.977882,0.550935,-0.481865,-0.246778,-0.154380,0.847427,-0.241093,-0.483280,0.368445,-0.210902,-1.186777,-0.032754,1.784062,-1.931741,-1.295331,1.229399,-1.345240,-0.034261,0.030628,0.237333,0.001443,-0.321717,0.001709,-0.575840
30.321990,-1.261396,0.446481,0.946832,-0.574757,-0.980806,0.550894,-0.481680,-0.242910,-0.154508,0.851007,-0.241931,-0.482540,0.368689,-0.211063,-1.186805,-0.032725,1.784296,-1.931743,-1.295647,1.229399,-1.345811,-0.032518,0.030170,0.237535,-0.000069,-0.319756,0.001764,-0.572604
30.322969,-1.261670,0.444964,0.947201,-0.576961,-0.978877,0.550816,-0.479838,-0.237156,-0.155406,0.856302,-0.242290,-0.481864,0.369047,-0.211167,-1.186839,-0.032692,1.784526,-1.931743,-1.295957,1.229399,-1.346382,-0.032852,0.031164,0.234127,-0.000124,-0.315890,0.001905,-0.571696
30.324118,-1.260991,0.447737,0.946549,-0.574035,-0.979651,0.552017,-0.478890,-0.227189,-0.159015,0.865637,-0.242315,-0.481185,0.369704,-0.211272,-1.186871,-0.032661,1.784758,-1.931738,-1.296270,1.229403,-1.346963,-0.032673,0.031868,0.233271,0.001784,-0.316949,0.002057,-0.574089
30.324983,-1.262680,0.448067,0.946270,-0.575708,-0.977143,0.551364,-0.477283,-0.212726,-0.165645,0.879388,-0.242429,-0.480426,0.370707,-0.211421,-1.186907,-0.032633,1.784990,-1.931748,-1.296585,1.229399,-1.347536,-0.032998,0.030512,0.233279,-0.001209,-0.315608,0.000987,-0.574855
30.325995,-1.263712,0.445549,0.948060,-0.574909,-0.979794,0.550969,-0.475684,-0.197227,-0.172585,0.894167,-0.241555,-0.479774,0.371836,-0.211615,-1.186938,-0.032604,1.785222,-1.931745,-1.296904,1.229402,-1.348118,-0.032081,0.030296,0.232470,0.000255,-0.316915,0.001725,-0.576633
30.326972,-1.261047,0.447325,0.945398,-0.576982,-0.980145,0.551578,-0.472324,-0.182385,-0.178898,0.908322,-0.239761,-0.479232,0.372954,-0.211848,-1.186969,-0.032571,1.785453,-1.931747,-1.297208,1.229405,-1.348699,-0.031566,0.031505,0.230948,-0.000735,-0.313469,0.002201,-0.578549
30.327997,-1.260503,0.447055,0.942958,-0.576263,-0.980600,0.551919,-0.470737,-0.167881,-0.185314,0.922241,-0.237893,-0.478682,0.374055,-0.212103,-1.187005,-0.032544,1.785686,-1.931743,-1.297513,1.229405,-1.349294,-0.032838,0.030591,0.231592,0.001067,-0.312304,0.001679,-0.583923
30.329085,-1.259296,0.452108,0.947115,-0.575660,-0.982895,0.552518,-0.470790,-0.154398,-0.191435,0.935287,-0.236459,-0.478084,0.375080,-0.212346,-1.187037,-0.032513,1.785919,-1.931746,-1.297821,1.229407,-1.349890,-0.033076,0.030708,0.232191,0.000183,-0.311091,0.001435,-0.585726
30.330137,-1.265086,0.447141,0.945678,-0.576130,-0.986374,0.552584,-0.468969,-0.142422,-0.196300,0.946912,-0.234659,-0.477501,0.376017,-0.212516,-1.187074,-0.032490,1.786141,-1.931748,-1.298124,1.229409,-1.350470,-0.033641,0.028232,0.229735,-0.000596,-0.308213,0.000929,-0.584382
30.330986,-1.261572,0.446694,0.945459,-0.575897,-0.986098,0.552091,-0.467865,-0.132164,-0.199481,0.956793,-0.231422,-0.477027,0.376856,-0.212587,-1.187099,-0.032452,1.786371,-1.931749,-1.298420,1.229413,-1.351064,-0.030783,0.030664,0.229967,-0.000333,-0.304141,0.000954,-0.586763
30.332023,-1.262261,0.446173,0.943330,-0.576798,-0.987413,0.551886,-0.466937,-0.124030,-0.201690,0.964489,-0.227093,-0.476663,0.377508,-0.212581,-1.187135,-0.032423,1.786601,-1.931751,-1.298717,1.229414,-1.351657,-0.032459,0.030788,0.229122,-0.000701,-0.303410,0.001529,-0.587449
30.333023,-1.259897,0.449133,0.941377,-0.579142,-0.990357,0.551398,-0.465996,-0.117043,-0.204173,0.970998,-0.222373,-0.476311,0.378005,-0.212523,-1.187166,-0.032392,1.786828,-1.931749,-1.299014,1.229415,-1.352242,-0.032101,0.031017,0.229678,-0.000058,-0.301462,0.001830,-0.588028
30.334025,-1.262338,0.447966,0.942860,-0.576530,-0.992760,0.552374,-0.467168,-0.111651,-0.206467,0.975937,-0.218502,-0.475866,0.378311,-0.212428,-1.187200,-0.032366,1.787059,-1.931743,-1.299300,1.229416,-1.352832,-0.033246,0.029540,0.230012,0.001952,-0.297907,0.002416,-0.588574
30.335153,-1.259860,0.447736,0.944218,-0.577055,-0.994380,0.552913,-0.465982,-0.108842,-0.207528,0.978335,-0.215566,-0.475423,0.378377,-0.212300,-1.187229,-0.032335,1.787282,-1.931749,-1.299590,1.229416,-1.353401,-0.032016,0.030100,0.228713,-0.000783,-0.294884,0.001530,-0.584937
30.335990,-1.260832,0.448024,0.944862,-0.578158,-0.994194,0.553878,-0.465741,-0.106796,-0.208133,0.979946,-0.211749,-0.475193,0.378401,-0.212143,-1.187264,-0.032303,1.787510,-1.931749,-1.299877,1.229418,-1.353987,-0.033260,0.030208,0.227715,-0.000458,-0.292952,0.001095,-0.586168
30.336961,-1.257560,0.447507,0.946094,-0.577843,-0.997888,0.552851,-0.466382,-0.102975,-0.209833,0.983337,-0.206997,-0.475106,0.378614,-0.211983,-1.187297,-0.032274,1.787736,-1.931746,-1.300164,1.229417,-1.354570,-0.032669,0.029983,0.226465,0.000396,-0.292184,0.000218,-0.585151
30.338045,-1.251647,0.443905,0.944092,-0.578082,-1.001254,0.551924,-0.467573,-0.095839,-0.213616,0.990136,-0.202367,-0.474970,0.379148,-0.211827,-1.187335,-0.032244,1.787956,-1.931747,-1.300444,1.229420,-1.355144,-0.034212,0.030212,0.225269,-0.000106,-0.287851,0.001343,-0.582549
30.339059,-1.253227,0.448825,0.942449,-0.578230,-1.004249,0.552345,-0.468503,-0.083132,-0.221145,1.002618,-0.197676,-0.474752,0.380154,-0.211660,-1.187376,-0.032209,1.788184,-1.931749,-1.300722,1.229423,-1.355716,-0.037077,0.031967,0.225866,-0.000043,-0.284164,0.002362,-0.578980
30.340098,-1.253159,0.449868,0.946239,-0.580757,-1.004623,0.552565,-0.469458,-0.065549,-0.232046,1.020058,-0.192591,-0.474548,0.381556,-0.211482,-1.187410,-0.032186,1.788410,-1.931750,-1.300993,1.229423,-1.356280,-0.036211,0.029514,0.226129,-0.000095,-0.280760,0.002028,-0.575910
30.341060,-1.255234,0.452255,0.946377,-0.578987,-1.008075,0.554094,-0.472048,-0.047411,-0.242989,1.038124,-0.187965,-0.474391,0.383047,-0.211308,-1.187445,-0.032156,1.788631,-1.931744,-1.301270,1.229426,-1.356847,-0.036204,0.029001,0.223778,0.002096,-0.279995,0.001900,-0.572796
30.342029,-1.256128,0.448217,0.945145,-0.577895,-1.009467,0.554048,-0.472874,-0.030903,-0.252011,1.054622,-0.184446,-0.474217,0.384491,-0.211140,-1.187479,-0.032130,1.788853,-1.931748,-1.301536,1.229423,-1.357406,-0.035098,0.027809,0.223105,0.000168,-0.276030,0.000474,-0.566329
30.343077,-1.254727,0.448520,0.947569,-0.581284,-1.009508,0.554200,-0.473477,-0.017098,-0.258549,1.068420,-0.180459,-0.474236,0.385815,-0.210969,-1.187513,-0.032095,1.789074,-1.931752,-1.301808,1.229423,-1.357960,-0.034596,0.029760,0.223142,-0.001024,-0.274134,0.000633,-0.563488
30.344077,-1.254192,0.449894,0.947080,-0.577968,-1.008826,0.554484,-0.473907,-0.005513,-0.263765,1.080016,-0.176002,-0.474461,0.387016,-0.210821,-1.187551,-0.032066,1.789293,-1.931742,-1.302083,1.229425,-1.358520,-0.035235,0.029579,0.221529,0.001959,-0.273737,0.000571,-0.561121
30.344964,-1.254257,0.447673,0.944718,-0.581963,-1.006936,0.554121,-0.474337,0.005814,-0.269154,1.091442,-0.172267,-0.474676,0.388229,-0.210721,-1.187586,-0.032036,1.789516,-1.931753,-1.302354,1.229426,-1.359068,-0.035426,0.028863,0.221235,-0.001367,-0.273979,0.000385,-0.559098
30.346080,-1.257058,0.446797,0.947649,-0.581789,-1.009485,0.554137,-0.475537,0.016564,-0.274383,1.102392,-0.169417,-0.474854,0.389432,-0.210657,-1.187622,-0.032005,1.789736,-1.931744,-1.302630,1.229427,-1.359620,-0.035279,0.029908,0.221678,0.002294,-0.275129,0.000833,-0.556935
30.347148,-1.250380,0.446394,0.945008,-0.581528,-1.008573,0.553606,-0.475427,0.025467,-0.279341,1.111592,-0.168937,-0.474907,0.390486,-0.210617,-1.187653,-0.031974,1.789951,-1.931742,-1.302897,1.229428,-1.360169,-0.033901,0.030334,0.219986,0.001796,-0.272396,0.000926,-0.553469
30.347995,-1.253816,0.445263,0.944938,-0.582049,-1.010368,0.553925,-0.475960,0.033447,-0.284853,1.119931,-0.170848,-0.474857,0.391441,-0.210606,-1.187696,-0.031944,1.790171,-1.931744,-1.303174,1.229429,-1.360715,-0.037155,0.030532,0.220978,0.001344,-0.272996,0.001560,-0.552627
30.349097,-1.253950,0.445702,0.944781,-0.580230,-1.008508,0.553243,-0.476593,0.041714,-0.291377,1.128577,-0.173679,-0.474875,0.392393,-0.210623,-1.187726,-0.031914,1.790390,-1.931744,-1.303444,1.229431,-1.361258,-0.035324,0.031010,0.220171,0.001706,-0.270386,0.001308,-0.550239
30.349993,-1.255650,0.446475,0.942811,-0.582094,-1.005837,0.553980,-0.478069,0.048863,-0.297843,1.136094,-0.176409,-0.475161,0.393230,-0.210643,-1.187762,-0.031884,1.790613,-1.931748,-1.303714,1.229434,-1.361801,-0.035246,0.030797,0.219924,-0.000273,-0.272083,0.002092,-0.547932
30.350958,-1.253813,0.448872,0.941835,-0.580749,-1.005186,0.554160,-0.478282,0.052585,-0.302513,1.140167,-0.178589,-0.475836,0.393781,-0.210631,-1.187793,-0.031857,1.790832,-1.931744,-1.303995,1.229435,-1.362334,-0.034337,0.030370,0.220198,0.001347,-0.273977,0.001429,-0.543743
30.352095,-1.257009,0.449240,0.944487,-0.580700,-1.004197,0.553834,-0.478528,0.051634,-0.304158,1.139571,-0.180658,-0.476829,0.393968,-0.210579,-1.187831,-0.031830,1.791053,-1.931748,-1.304269,1.229435,-1.362877,-0.035156,0.029158,0.220089,-0.000140,-0.274057,0.001351,-0.542159
30.352979,-1.255102,0.450920,0.939404,-0.581273,-1.001499,0.554702,-0.478481,0.046421,-0.302493,1.134673,-0.182144,-0.478101,0.393839,-0.210504,-1.187861,-0.031800,1.791265,-1.931748,-1.304547,1.229439,-1.363409,-0.033586,0.029009,0.218628,-0.000417,-0.274847,0.001773,-0.540706
30.353949,-1.254679,0.449594,0.940831,-0.579870,-1.000658,0.554817,-0.477603,0.037225,-0.297547,1.125727,-0.182867,-0.479584,0.393410,-0.210412,-1.187898,-0.031773,1.791487,-1.931748,-1.304828,1.229437,-1.363946,-0.034446,0.028123,0.220414,-0.000025,-0.276752,0.000990,-0.539559
30.354944,-1.255009,0.452423,0.942739,-0.580681,-0.997527,0.555669,-0.478074,0.024721,-0.289925,1.113433,-0.183076,-0.481170,0.392734,-0.210318,-1.187932,-0.031742,1.791704,-1.931751,-1.305104,1.229438,-1.364490,-0.034581,0.028749,0.219138,-0.001593,-0.277014,0.000978,-0.540150
30.356017,-1.251087,0.449562,0.939742,-0.581439,-0.998504,0.555882,-0.477990,0.011734,-0.281355,1.100606,-0.182507,-0.482753,0.392058,-0.210251,-1.187967,-0.031715,1.791919,-1.931750,-1.305390,1.229437,-1.365027,-0.034357,0.027321,0.217724,-0.000981,-0.279563,0.000223,-0.538053
30.357004,-1.252996,0.451864,0.939751,-0.578927,-0.999212,0.555815,-0.477813,0.000732,-0.273530,1.089755,-0.181886,-0.484154,0.391591,-0.210250,-1.188007,-0.031682,1.792140,-1.931750,-1.305667,1.229438,-1.365557,-0.036241,0.028738,0.218878,-0.000447,-0.278210,0.000121,-0.537212
30.358060,-1.249750,0.450547,0.944180,-0.582587,-0.997124,0.555420,-0.476813,-0.008121,-0.266884,1.081046,-0.181016,-0.485417,0.391335,-0.210349,-1.188040,-0.031658,1.792359,-1.931757,-1.305938,1.229440,-1.366092,-0.035217,0.027604,0.218337,-0.003049,-0.277029,0.000280,-0.536435
30.359014,-1.247743,0.450855,0.944596,-0.581406,-0.998689,0.555717,-0.475326,-0.014130,-0.261863,1.075140,-0.179578,-0.486559,0.391322,-0.210560,-1.188081,-0.031628,1.792568,-1.931749,-1.306221,1.229442,-1.366628,-0.036754,0.028269,0.215847,0.000266,-0.278709,0.000770,-0.537393
30.360031,-1.247295,0.450704,0.941875,-0.583215,-0.993986,0.555118,-0.474832,-0.013997,-0.260600,1.075393,-0.178988,-0.487285,0.391790,-0.210877,-1.188119,-0.031600,1.792783,-1.931752,-1.306495,1.229442,-1.367173,-0.037645,0.028078,0.215112,-0.001085,-0.276524,0.000565,-0.539171
30.360996,-1.249983,0.450805,0.943500,-0.583723,-0.994079,0.556560,-0.474426,-0.007691,-0.263261,1.081901,-0.179880,-0.487541,0.392712,-0.211268,-1.188157,-0.031571,1.792999,-1.931749,-1.306784,1.229444,-1.367707,-0.037764,0.028147,0.216057,0.000457,-0.280704,0.001266,-0.539045
30.361932,-1.246912,0.449846,0.940809,-0.582472,-0.991912,0.556785,-0.472751,0.008731,-0.271773,1.098985,-0.187086,-0.487255,0.394720,-0.212073,-1.188231,-0.031511,1.793431,-1.931751,-1.307345,1.229441,-1.368793,-0.037760,0.028491,0.215466,-0.000675,-0.281444,-0.000204,-0.540832
30.363085,-1.246140,0.450775,0.943857,-0.584230,-0.990257,0.557219,-0.470712,0.008731,-0.271773,1.098985,-0.187086,-0.487255,0.394720,-0.212073,-1.188231,-0.031511,1.793431,-1.931751,-1.307345,1.229441,-1.368793,-0.037760,0.028491,0.215466,-0.000675,-0.281444,-0.000204,-0.540832
30.364072,-1.249213,0.449090,0.942756,-0.585130,-0.987647,0.556616,-0.470005,0.017298,-0.276534,1.107947,-0.191895,-0.487025,0.395724,-0.212432,-1.188272,-0.031486,1.793637,-1.931749,-1.307632,1.229441,-1.369336,-0.038070,0.028097,0.213896,0.000813,-0.282842,-0.000518,-0.543929
30.365005,-1.246349,0.447339,0.939918,-0.582515,-0.985986,0.556076,-0.471733,0.026406,-0.281891,1.117517,-0.197867,-0.486735,0.396752,-0.212764,-1.188304,-0.031455,1.793852,-1.931745,-1.307928,1.229441,-1.369881,-0.036475,0.028902,0.213998,0.001416,-0.284740,0.000195,-0.544145
30.366025,-1.245200,0.447599,0.942964,-0.583713,-0.984003,0.555674,-0.472544,0.034336,-0.287167,1.125964,-0.204679,-0.486547,0.397645,-0.213049,-1.188347,-0.031425,1.794066,-1.931752,-1.308214,1.229444,-1.370408,-0.037764,0.029720,0.214832,-0.001256,-0.285643,0.000809,-0.539487
30.367051,-1.248432,0.448011,0.945940,-0.582022,-0.978218,0.556205,-0.472472,0.041824,-0.292801,1.133949,-0.210575,-0.486658,0.398465,-0.213262,-1.188384,-0.031396,1.794279,-1.931751,-1.308504,1.229445,-1.370953,-0.038249,0.029573,0.212907,-0.000275,-0.287045,0.001308,-0.536747
30.368021,-1.246157,0.448849,0.941527,-0.583485,-0.975065,0.555661,-0.472362,0.050882,-0.299606,1.143412,-0.215104,-0.486996,0.399398,-0.213432,-1.188417,-0.031364,1.794488,-1.931756,-1.308802,1.229443,-1.371483,-0.036579,0.029325,0.211095,-0.002081,-0.292203,0.000880,-0.535839
30.368921,-1.244288,0.449330,0.938156,-0.582738,-0.970266,0.555749,-0.471516,0.060154,-0.306441,1.153028,-0.218692,-0.487489,0.400344,-0.213606,-1.188459,-0.031336,1.794702,-1.931755,-1.309103,1.229448,-1.372011,-0.037596,0.028887,0.212838,-0.000830,-0.294524,0.001505,-0.534942
30.370057,-1.247557,0.447341,0.939477,-0.581756,-0.964574,0.556115,-0.472403,0.066618,-0.311446,1.159859,-0.222003,-0.488141,0.401048,-0.213811,-1.188498,-0.031306,1.794916,-1.931757,-1.309408,1.229451,-1.372550,-0.038381,0.028583,0.213868,-0.001735,-0.298327,0.001482,-0.535410
30.371040,-1.251369,0.447202,0.937707,-0.580828,-0.960344,0.556332,-0.471490,0.068980,-0.313976,1.162591,-0.224977,-0.488997,0.401385,-0.214054,-1.188531,-0.031274,1.795124,-1.931761,-1.309720,1.229453,-1.373075,-0.036732,0.029582,0.213109,-0.002863,-0.303482,0.001217,-0.532667
30.372015,-1.246157,0.447506,0.939685,-0.581952,-0.959184,0.555542,-0.471033,0.066181,-0.313666,1.160102,-0.226891,-0.490153,0.401255,-0.214327,-1.188562,-0.031244,1.795338,-1.931765,-1.310034,1.229453,-1.373609,-0.034805,0.029603,0.213537,-0.003896,-0.306784,0.001098,-0.533399
30.373090,-1.249632,0.445765,0.940305,-0.580850,-0.958596,0.554929,-0.471229,0.058989,-0.311067,1.153192,-0.227801,-0.491533,0.400723,-0.214620,-1.188605,-0.031214,1.795549,-1.931767,-1.310340,1.229452,-1.374143,-0.037289,0.029411,0.212077,-0.002919,-0.307063,0.002004,-0.533167
30.373970,-1.248948,0.447473,0.939116,-0.581867,-0.954652,0.554833,-0.471209,0.051054,-0.308356,1.145548,-0.228009,-0.492961,0.400078,-0.214927,-1.188638,-0.031182,1.795759,-1.931773,-1.310650,1.229455,-1.374670,-0.035509,0.030263,0.211554,-0.004120,-0.306979,0.002706,-0.531756
30.374962,-1.251261,0.448410,0.940393,-0.580786,-0.950403,0.555069,-0.472431,0.043038,-0.305915,1.137838,-0.227580,-0.494392,0.399366,-0.215251,-1.188674,-0.031154,1.795971,-1.931773,-1.310966,1.229458,-1.375201,-0.035751,0.029343,0.211478,-0.003265,-0.309783,0.002871,-0.530574
30.376009,-1.248268,0.449090,0.942920,-0.581744,-0.949354,0.555545,-0.471046,0.033440,-0.302422,1.128573,-0.226715,-0.495767,0.398477,-0.215590,-1.188705,-0.031125,1.796179,-1.931781,-1.311285,1.229461,-1.375717,-0.034563,0.028869,0.210455,-0.004378,-0.313103,0.002711,-0.527057
30.376940,-1.250587,0.448085,0.940987,-0.583164,-0.947996,0.555613,-0.471474,0.023514,-0.298117,1.119013,-0.225450,-0.496921,0.397533,-0.215930,-1.188745,-0.031096,1.796383,-1.931783,-1.311596,1.229461,-1.376250,-0.035989,0.028521,0.208960,-0.003579,-0.313381,0.002337,-0.528824
30.377979,-1.249758,0.449806,0.940854,-0.581124,-0.945792,0.556312,-0.471905,0.014971,-0.294120,1.110898,-0.224460,-0.497683,0.396672,-0.216258,-1.188777,-0.031064,1.796594,-1.931781,-1.311909,1.229463,-1.376774,-0.034752,0.028957,0.209400,-0.002416,-0.313720,0.002360,-0.526786
30.379048,-1.249214,0.447733,0.938866,-0.583339,-0.946451,0.556117,-0.474251,0.006659,-0.289885,1.103107,-0.223875,-0.498112,0.395799,-0.216552,-1.188814,-0.031039,1.796804,-1.931789,-1.312227,1.229461,-1.377289,-0.035113,0.028126,0.209162,-0.004504,-0.315109,0.001768,-0.524928
30.380015,-1.247404,0.446067,0.940237,-0.583505,-0.945401,0.556983,-0.476358,-0.002599,-0.284657,1.094471,-0.222975,-0.498371,0.394826,-0.216793,-1.188848,-0.031010,1.797016,-1.931787,-1.312542,1.229461,-1.377798,-0.035354,0.029182,0.209894,-0.002531,-0.313692,0.002081,-0.519255
30.380961,-1.248254,0.445832,0.942310,-0.584370,-0.947311,0.557556,-0.476088,-0.011307,-0.279809,1.086471,-0.222481,-0.498375,0.393867,-0.216993,-1.188886,-0.030979,1.797225,-1.931792,-1.312853,1.229463,-1.378305,-0.036154,0.029959,0.208747,-0.002472,-0.313832,0.001292,-0.514008
30.381966,-1.248308,0.443184,0.943163,-0.583949,-0.947677,0.557271,-0.476544,-0.016869,-0.277197,1.081625,-0.222992,-0.498036,0.393145,-0.217193,-1.188921,-0.030949,1.797428,-1.931791,-1.313162,1.229461,-1.378812,-0.035638,0.030027,0.207283,-0.001806,-0.310946,0.000825,-0.513537
30.383002,-1.247417,0.444810,0.944175,-0.582685,-0.947611,0.558221,-0.477124,-0.018140,-0.277409,1.081001,-0.223904,-0.497459,0.392787,-0.217422,-1.188956,-0.030916,1.797634,-1.931794,-1.313472,1.229463,-1.379323,-0.035556,0.031295,0.206536,-0.002390,-0.309777,0.001210,-0.511596
30.383985,-1.248321,0.446513,0.941468,-0.584924,-0.946640,0.558263,-0.477524,-0.015512,-0.279917,1.084186,-0.223891,-0.496846,0.392794,-0.217671,-1.188993,-0.030887,1.797835,-1.931801,-1.313779,1.229461,-1.379821,-0.035936,0.030460,0.205822,-0.003712,-0.309123,0.000365,-0.509503
30.384989,-1.245066,0.443955,0.938598,-0.584362,-0.948010,0.557217,-0.479474,-0.011463,-0.282574,1.088760,-0.222536,-0.496316,0.392998,-0.217927,-1.189026,-0.030860,1.798046,-1.931799,-1.314089,1.229463,-1.380323,-0.035433,0.029601,0.206762,-0.001691,-0.309237,0.000419,-0.507704
30.385982,-1.245676,0.446385,0.940241,-0.584484,-0.947711,0.556290,-0.478223,-0.009147,-0.283401,1.091641,-0.220974,-0.495841,0.393115,-0.218197,-1.189066,-0.030826,1.798257,-1.931803,-1.314390,1.229470,-1.380820,-0.036958,0.030832,0.207801,-0.002410,-0.307106,0.001540,-0.502812
30.387130,-1.248846,0.444846,0.940741,-0.583183,-0.946848,0.556960,-0.478787,-0.008823,-0.282424,1.092507,-0.219313,-0.495432,0.393046,-0.218488,-1.189102,-0.030799,1.798462,-1.931804,-1.314695,1.229471,-1.381322,-0.036565,0.029595,0.206622,-0.002456,-0.306615,0.002558,-0.504389
30.387978,-1.248010,0.444955,0.937038,-0.582818,-0.948186,0.557456,-0.478644,-0.010336,-0.279521,1.091379,-0.216649,-0.495181,0.392767,-0.218790,-1.189134,-0.030766,1.798669,-1.931809,-1.315009,1.229471,-1.381825,-0.035000,0.030368,0.206340,-0.003894,-0.306952,0.001986,-0.502387
30.389003,-1.247432,0.446433,0.934905,-0.585756,-0.950064,0.557667,-0.479211,-0.015011,-0.273951,1.086882,-0.212235,-0.495225,0.392184,-0.219061,-1.189171,-0.030737,1.798882,-1.931812,-1.315309,1.229471,-1.382319,-0.035294,0.030228,0.207454,-0.004353,-0.304509,0.001577,-0.501577
30.389941,-1.247012,0.445792,0.938569,-0.584479,-0.947105,0.558271,-0.480329,-0.024124,-0.265249,1.077795,-0.206945,-0.495544,0.391215,-0.219274,-1.189207,-0.030709,1.799090,-1.931808,-1.315607,1.229471,-1.382814,-0.035516,0.029491,0.208206,-0.001710,-0.301968,0.001477,-0.499502
30.390996,-1.249082,0.445822,0.935259,-0.585181,-0.946128,0.558052,-0.478494,-0.036183,-0.254439,1.065660,-0.202542,-0.495900,0.389996,-0.219438,-1.189241,-0.030679,1.799294,-1.931814,-1.315910,1.229472,-1.383304,-0.035654,0.029766,0.205903,-0.003071,-0.304071,0.000954,-0.496254
30.392085,-1.245065,0.443782,0.938768,-0.584599,-0.946980,0.558212,-0.479644,-0.048868,-0.243027,1.052806,-0.199214,-0.496176,0.388720,-0.219579,-1.189273,-0.030650,1.799502,-1.931816,-1.316215,1.229475,-1.383812,-0.034600,0.029751,0.207341,-0.002535,-0.304373,0.001273,-0.499031
30.392989,-1.243742,0.445979,0.935398,-0.584550,-0.949306,0.557893,-0.479081,-0.060782,-0.232192,1.040667,-0.196479,-0.496367,0.387485,-0.219706,-1.189314,-0.030616,1.799705,-1.931820,-1.316517,1.229477,-1.384297,-0.036548,0.030738,0.205441,-0.003247,-0.302952,0.001208,-0.495849
30.393935,-1.240121,0.446175,0.930062,-0.584566,-0.947466,0.559440,-0.478218,-0.069660,-0.223386,1.031555,-0.193626,-0.496479,0.386472,-0.219807,-1.189352,-0.030591,1.799917,-1.931825,-1.316810,1.229479,-1.384794,-0.037061,0.029610,0.206541,-0.003359,-0.299718,0.001611,-0.495942
30.395028,-1.239894,0.448158,0.933500,-0.585603,-0.948013,0.558203,-0.477913,-0.076513,-0.215677,1.024520,-0.190077,-0.496629,0.385635,-0.219903,-1.189394,-0.030560,1.800131,-1.931829,-1.317113,1.229475,-1.385287,-0.038718,0.029468,0.208665,-0.003449,-0.300715,0.000163,-0.496671
30.396022,-1.239715,0.445029,0.931285,-0.585236,-0.946784,0.558485,-0.476424,-0.083272,-0.207676,1.017651,-0.186326,-0.496801,0.384853,-0.220034,-1.189433,-0.030531,1.800337,-1.931831,-1.317410,1.229481,-1.385782,-0.038739,0.028477,0.206763,-0.002602,-0.299661,0.001504,-0.496411
30.396987,-1.238187,0.447715,0.927069,-0.584391,-0.951039,0.559284,-0.476130,-0.089237,-0.200034,1.011591,-0.183085,-0.496834,0.384166,-0.220216,-1.189472,-0.030496,1.800546,-1.931836,-1.317713,1.229482,-1.386280,-0.038718,0.029977,0.207505,-0.003063,-0.300125,0.001298,-0.498438
30.398084,-1.236737,0.449394,0.931937,-0.586421,-0.952824,0.557949,-0.473565,-0.095486,-0.192437,1.005219,-0.179805,-0.496815,0.383462,-0.220441,-1.189511,-0.030468,1.800761,-1.931840,-1.318002,1.229485,-1.386782,-0.039367,0.028590,0.209106,-0.004021,-0.295109,0.000576,-0.497981
30.398994,-1.234848,0.447015,0.927077,-0.585495,-0.951425,0.558801,-0.471545,-0.102971,-0.184048,0.997605,-0.175931,-0.496829,0.382670,-0.220718,-1.189554,-0.030443,1.800964,-1.931840,-1.318290,1.229489,-1.387300,-0.039976,0.027814,0.206528,-0.002205,-0.292960,0.002016,-0.502212
30.399938,-1.234686,0.447465,0.924981,-0.585123,-0.953624,0.558691,-0.471616,-0.109938,-0.175894,0.990529,-0.172196,-0.496686,0.381896,-0.221057,-1.189595,-0.030412,1.801173,-1.931847,-1.318581,1.229489,-1.387812,-0.040754,0.028957,0.208432,-0.003172,-0.293541,0.001237,-0.505119
30.401042,-1.233527,0.444487,0.923674,-0.586449,-0.955941,0.558752,-0.469435,-0.116503,-0.168349,0.983855,-0.168555,-0.496365,0.381088,-0.221403,-1.189637,-0.030384,1.801384,-1.931851,-1.318864,1.229491,-1.388307,-0.040664,0.028684,0.208949,-0.003645,-0.290616,0.001441,-0.503922
30.402034,-1.233421,0.447060,0.923736,-0.586537,-0.957414,0.559198,-0.468689,-0.124052,-0.161017,0.976152,-0.164831,-0.495968,0.380117,-0.221701,-1.189679,-0.030351,1.801597,-1.931853,-1.319152,1.229492,-1.388823,-0.041139,0.030159,0.209405,-0.002496,-0.287917,0.001484,-0.507398
30.402970,-1.229276,0.445801,0.918774,-0.588737,-0.958840,0.559468,-0.468047,-0.132366,-0.154243,0.967622,-0.161749,-0.495457,0.379016,-0.221961,-1.189719,-0.030325,1.801804,-1.931855,-1.319436,1.229491,-1.389333,-0.041030,0.028841,0.208817,-0.002559,-0.285658,0.001132,-0.507697
30.404048,-1.227446,0.444263,0.919224,-0.586537,-0.960339,0.559456,-0.468525,-0.141103,-0.147983,0.958640,-0.160096,-0.494761,0.377863,-0.222202,-1.189766,-0.030295,1.802017,-1.931851,-1.319710,1.229492,-1.389844,-0.042820,0.029361,0.210282,-0.000596,-0.283094,0.000919,-0.507515
30.404947,-1.226084,0.445993,0.918016,-0.586493,-0.963637,0.558727,-0.467885,-0.148891,-0.142980,0.950578,-0.159790,-0.493879,0.376813,-0.222396,-1.189812,-0.030265,1.802222,-1.931859,-1.319987,1.229494,-1.390342,-0.043470,0.030040,0.209321,-0.002819,-0.280661,0.001000,-0.505217
30.406014,-1.224881,0.444290,0.916334,-0.586408,-0.964203,0.557791,-0.467045,-0.154008,-0.140022,0.945068,-0.159070,-0.493030,0.376043,-0.222511,-1.189856,-0.030238,1.802430,-1.931863,-1.320255,1.229497,-1.390847,-0.043868,0.029066,0.208908,-0.002903,-0.276205,0.001783,-0.505061
30.407062,-1.221666,0.445188,0.917558,-0.587373,-0.962971,0.558346,-0.469739,-0.156759,-0.138584,0.941774,-0.156887,-0.492425,0.375536,-0.222550,-1.189901,-0.030206,1.802640,-1.931864,-1.320525,1.229504,-1.391346,-0.044219,0.029821,0.208960,-0.003136,-0.274790,0.002758,-0.505414
30.408086,-1.223142,0.446409,0.914936,-0.588067,-0.963056,0.559272,-0.468183,-0.156984,-0.138886,0.940897,-0.154142,-0.491969,0.375295,-0.222540,-1.189951,-0.030177,1.802841,-1.931865,-1.320798,1.229502,-1.391845,-0.045528,0.029272,0.207628,-0.002319,-0.275095,0.002273,-0.498611
30.408927,-1.221316,0.447312,0.911523,-0.586722,-0.963832,0.558876,-0.470278,-0.154869,-0.140792,0.942285,-0.152200,-0.491451,0.375323,-0.222531,-1.189992,-0.030150,1.803051,-1.931865,-1.321063,1.229505,-1.392347,-0.044545,0.028592,0.208107,-0.001777,-0.274092,0.001395,-0.500443
30.410030,-1.220876,0.447114,0.911443,-0.588622,-0.964174,0.558262,-0.469149,-0.153642,-0.142084,0.942710,-0.151134,-0.490927,0.375377,-0.222568,-1.190040,-0.030123,1.803258,-1.931872,-1.321330,1.229509,-1.392825,-0.045139,0.028026,0.208699,-0.003130,-0.272075,0.001845,-0.494791
30.411026,-1.223827,0.446314,0.914538,-0.589328,-0.965429,0.558076,-0.468525,-0.155268,-0.141518,0.940184,-0.150470,-0.490508,0.375272,-0.222660,-1.190083,-0.030093,1.803465,-1.931870,-1.321601,1.229512,-1.393322,-0.045129,0.028055,0.208044,-0.001413,-0.270918,0.002518,-0.495813
30.412031,-1.219130,0.444146,0.912544,-0.588946,-0.964145,0.558486,-0.470493,-0.158713,-0.140116,0.935748,-0.151141,-0.490052,0.375033,-0.222808,-1.190123,-0.030064,1.803666,-1.931873,-1.321864,1.229514,-1.393818,-0.043435,0.028361,0.205686,-0.000825,-0.268723,0.002758,-0.495690
30.413008,-1.219838,0.443813,0.909362,-0.590736,-0.962697,0.558938,-0.470069,-0.161587,-0.139797,0.931845,-0.153602,-0.489422,0.374823,-0.222983,-1.190173,-0.030033,1.803871,-1.931876,-1.322131,1.229518,-1.394295,-0.045492,0.029333,0.205885,-0.001315,-0.269080,0.002392,-0.490417
30.413986,-1.223739,0.445009,0.915708,-0.590029,-0.964147,0.559402,-0.470000,-0.162657,-0.141599,0.929804,-0.157688,-0.488579,0.374747,-0.223177,-1.190215,-0.030004,1.804080,-1.931872,-1.322396,1.229519,-1.394789,-0.044886,0.029382,0.206563,0.000246,-0.269542,0.002006,-0.489948
30.414949,-1.221354,0.445826,0.913119,-0.590736,-0.966816,0.560302,-0.470217,-0.163131,-0.144606,0.928454,-0.163358,-0.487580,0.374748,-0.223416,-1.190253,-0.029976,1.804272,-1.931874,-1.322662,1.229519,-1.395270,-0.042733,0.028695,0.202622,-0.000594,-0.267080,0.001608,-0.488768
30.415989,-1.219453,0.441937,0.911542,-0.590785,-0.967216,0.559488,-0.469745,-0.163558,-0.147756,0.927222,-0.169557,-0.486619,0.374847,-0.223673,-1.190298,-0.029948,1.804477,-1.931873,-1.322922,1.229521,-1.395751,-0.043680,0.028196,0.203071,-0.000059,-0.263440,0.000761,-0.487001
30.416987,-1.220013,0.442022,0.907569,-0.590248,-0.965513,0.558950,-0.470572,-0.163314,-0.151322,0.926744,-0.175504,-0.485837,0.375107,-0.223915,-1.190343,-0.029915,1.804682,-1.931873,-1.323178,1.229524,-1.396243,-0.044371,0.030032,0.203089,-0.000183,-0.262284,0.001646,-0.486641
30.417978,-1.221293,0.443353,0.912830,-0.589963,-0.965570,0.559672,-0.469658,-0.163025,-0.155415,0.926379,-0.181041,-0.485305,0.375424,-0.224140,-1.190386,-0.029886,1.804885,-1.931875,-1.323436,1.229527,-1.396722,-0.043836,0.029861,0.204274,-0.000847,-0.263126,0.002239,-0.483670
30.419054,-1.222569,0.443777,0.910828,-0.590099,-0.964953,0.559049,-0.471552,-0.163770,-0.159052,0.924980,-0.185650,-0.485064,0.375700,-0.224364,-1.190427,-0.029857,1.805080,-1.931877,-1.323699,1.229527,-1.397208,-0.042974,0.029103,0.200875,-0.001250,-0.262114,0.001573,-0.484206
30.420004,-1.220717,0.445189,0.909131,-0.590875,-0.967034,0.558762,-0.471294,-0.165455,-0.161480,0.922620,-0.189029,-0.485062,0.375970,-0.224578,-1.190468,-0.029830,1.805284,-1.931877,-1.323960,1.229529,-1.397680,-0.042140,0.028836,0.201208,-0.001289,-0.261971,0.002275,-0.479144
30.420920,-1.217524,0.439420,0.907797,-0.591513,-0.966000,0.559903,-0.470447,-0.168840,-0.161906,0.918625,-0.191569,-0.485230,0.376166,-0.224769,-1.190512,-0.029804,1.805485,-1.931877,-1.324217,1.229533,-1.398150,-0.042813,0.028054,0.201188,-0.000663,-0.258908,0.002604,-0.478417
30.422060,-1.217214,0.441864,0.909646,-0.591646,-0.965165,0.559673,-0.471554,-0.172738,-0.161464,0.914251,-0.194134,-0.485419,0.376365,-0.224959,-1.190559,-0.029768,1.805687,-1.931876,-1.324471,1.229528,-1.398630,-0.044107,0.030766,0.200923,-0.000211,-0.259003,0.001540,-0.478774
30.423052,-1.219440,0.442352,0.909971,-0.592657,-0.963923,0.559819,-0.472271,-0.173496,-0.162893,0.913097,-0.197357,-0.485417,0.376866,-0.225184,-1.190604,-0.029742,1.805882,-1.931876,-1.324736,1.229531,-1.399098,-0.044014,0.029481,0.199495,-0.000272,-0.259129,0.001850,-0.475359
30.423952,-1.217307,0.440350,0.907695,-0.594563,-0.963112,0.560834,-0.472805,-0.171131,-0.165803,0.915075,-0.201465,-0.485157,0.377684,-0.225458,-1.190644,-0.029713,1.806079,-1.931875,-1.324997,1.229533,-1.399568,-0.042677,0.029147,0.198592,0.000562,-0.259455,0.001757,-0.472674
30.425022,-1.216127,0.441570,0.902403,-0.593267,-0.965012,0.560248,-0.473144,-0.167739,-0.168760,0.918102,-0.207316,-0.484592,0.378641,-0.225783,-1.190690,-0.029682,1.806278,-1.931871,-1.325250,1.229532,-1.400036,-0.043461,0.030017,0.198816,0.002242,-0.259274,0.000805,-0.470297
30.425986,-1.218440,0.440402,0.904665,-0.593350,-0.961677,0.560462,-0.472191,-0.165091,-0.171160,0.920172,-0.222855,-0.483078,0.380339,-0.226618,-1.190774,-0.029624,1.806675,-1.931874,-1.325762,1.229535,-1.400973,-0.042422,0.029809,0.198859,0.000730,-0.259088,0.001310,-0.469075
30.426988,-1.217930,0.437388,0.902970,-0.591754,-0.961192,0.560558,-0.473119,-0.165091,-0.171160,0.920172,-0.222855,-0.483078,0.380339,-0.226618,-1.190774,-0.029624,1.806675,-1.931874,-1.325762,1.229535,-1.400973,-0.042422,0.029809,0.198859,0.000730,-0.259088,0.001310,-0.469075
30.428075,-1.217673,0.439418,0.900799,-0.593663,-0.963763,0.560864,-0.473414,-0.166942,-0.169823,0.918013,-0.229523,-0.482578,0.380954,-0.227065,-1.190818,-0.029592,1.806872,-1.931877,-1.326017,1.229535,-1.401427,-0.042441,0.031188,0.198996,-0.000980,-0.258706,0.001286,-0.465993
30.428951,-1.213331,0.441059,0.897845,-0.594056,-0.962257,0.561430,-0.474820,-0.169799,-0.167767,0.914815,-0.234735,-0.482312,0.381468,-0.227456,-1.190861,-0.029563,1.807072,-1.931871,-1.326266,1.229536,-1.401890,-0.042358,0.030077,0.199445,0.000642,-0.255467,0.001050,-0.464243
30.429928,-1.217563,0.440227,0.904966,-0.594169,-0.962614,0.561325,-0.474887,-0.174273,-0.164367,0.910020,-0.239387,-0.482190,0.381844,-0.227779,-1.190909,-0.029536,1.807276,-1.931870,-1.326519,1.229536,-1.402345,-0.044214,0.029157,0.199909,0.000859,-0.255978,0.000545,-0.460131
30.431146,-1.216063,0.442774,0.904262,-0.593350,-0.961486,0.560484,-0.475448,-0.178552,-0.160366,0.905382,-0.244180,-0.482038,0.382239,-0.228049,-1.190948,-0.029505,1.807463,-1.931870,-1.326774,1.229539,-1.402799,-0.041857,0.029463,0.195649,0.000802,-0.254727,0.000707,-0.458820
30.432004,-1.213768,0.438421,0.898245,-0.591905,-0.960861,0.560395,-0.475091,-0.180377,-0.156959,0.903061,-0.248576,-0.481813,0.382817,-0.228266,-1.190991,-0.029480,1.807659,-1.931872,-1.327026,1.229542,-1.403247,-0.042453,0.028180,0.195662,-0.000176,-0.255427,0.001625,-0.456658
30.432953,-1.214826,0.437309,0.893666,-0.593900,-0.959982,0.559797,-0.474601,-0.180505,-0.153877,0.902333,-0.251420,-0.481685,0.383487,-0.228415,-1.191037,-0.029446,1.807858,-1.931877,-1.327282,1.229542,-1.403696,-0.043288,0.030190,0.197698,-0.001659,-0.254946,0.001769,-0.456127
30.434000,-1.217833,0.435697,0.894206,-0.593285,-0.958873,0.559172,-0.475737,-0.181769,-0.150453,0.900435,-0.252864,-0.481801,0.383980,-0.228513,-1.191078,-0.029414,1.808059,-1.931871,-1.327537,1.229545,-1.404154,-0.042510,0.030590,0.199125,0.000070,-0.254905,0.002419,-0.455867
30.435000,-1.217277,0.437709,0.892996,-0.593344,-0.959419,0.558723,-0.474894,-0.186928,-0.145965,0.894625,-0.254477,-0.482139,0.384036,-0.228598,-1.191115,-0.029383,1.808256,-1.931872,-1.327788,1.229548,-1.404599,-0.040839,0.031285,0.198162,-0.000716,-0.255294,0.003105,-0.452437
30.436067,-1.213727,0.433544,0.889835,-0.593758,-0.958358,0.560502,-0.473525,-0.196567,-0.139890,0.884317,-0.256524,-0.482701,0.383609,-0.228689,-1.191157,-0.029353,1.808452,-1.931874,-1.328039,1.229551,-1.405049,-0.040901,0.030158,0.198052,-0.000768,-0.253922,0.003608,-0.452991
30.436978,-1.213882,0.436412,0.889123,-0.592861,-0.954572,0.559846,-0.472350,-0.208611,-0.133147,0.871629,-0.258632,-0.483457,0.382895,-0.228819,-1.191202,-0.029317,1.808653,-1.931872,-1.328295,1.229547,-1.405505,-0.042441,0.032106,0.198966,-0.000566,-0.254266,0.001901,-0.454579
30.438033,-1.216277,0.434199,0.892720,-0.594502,-0.952714,0.559692,-0.470327,-0.220523,-0.127136,0.859107,-0.260754,-0.484328,0.382126,-0.229000,-1.191244,-0.029290,1.808849,-1.931875,-1.328559,1.229552,-1.405966,-0.042101,0.030546,0.198440,-0.001553,-0.256996,0.002617,-0.455649
30.439048,-1.215075,0.435749,0.893243,-0.592755,-0.950667,0.560961,-0.469700,-0.231087,-0.122207,0.847904,-0.263112,-0.485242,0.381408,-0.229218,-1.191282,-0.029257,1.809040,-1.931873,-1.328820,1.229555,-1.406428,-0.040727,0.031539,0.196043,-0.000119,-0.258021,0.002826,-0.458522
30.440050,-1.210886,0.431204,0.890563,-0.592575,-0.948907,0.561722,-0.469026,-0.238965,-0.118840,0.839321,-0.265885,-0.486126,0.380858,-0.229452,-1.191323,-0.029228,1.809233,-1.931879,-1.329080,1.229554,-1.406887,-0.041126,0.030662,0.195134,-0.001918,-0.259209,0.001622,-0.458545
30.441031,-1.210098,0.430134,0.892118,-0.592819,-0.945580,0.562074,-0.467609,-0.242184,-0.118159,0.835352,-0.268128,-0.487018,0.380661,-0.229657,-1.191370,-0.029191,1.809427,-1.931882,-1.329341,1.229552,-1.407341,-0.042946,0.032763,0.195789,-0.002178,-0.260068,0.000947,-0.458700
30.442099,-1.212223,0.429348,0.891172,-0.592339,-0.944294,0.562156,-0.465790,-0.238929,-0.121653,0.837801,-0.269531,-0.487894,0.380971,-0.229815,-1.191413,-0.029156,1.809620,-1.931882,-1.329612,1.229555,-1.407815,-0.043074,0.033111,0.194280,-0.002097,-0.262373,0.000653,-0.460266
30.443063,-1.207222,0.430610,0.891311,-0.591725,-0.942373,0.561907,-0.464241,-0.230033,-0.129059,0.845799,-0.270600,-0.488720,0.381719,-0.229936,-1.191453,-0.029123,1.809816,-1.931887,-1.329877,1.229557,-1.408280,-0.041811,0.033377,0.194155,-0.002629,-0.262817,0.000639,-0.462721
30.443941,-1.207562,0.432332,0.889104,-0.591106,-0.942562,0.562349,-0.464845,-0.217909,-0.138431,0.856929,-0.270960,-0.489589,0.382728,-0.230002,-1.191501,-0.029090,1.810005,-1.931892,-1.330142,1.229558,-1.408745,-0.044039,0.032586,0.193376,-0.003299,-0.263734,0.000954,-0.464555
30.444994,-1.206887,0.434463,0.891068,-0.591149,-0.939931,0.562642,-0.463235,-0.203893,-0.148132,0.869883,-0.269728,-0.490584,0.383913,-0.230003,-1.191543,-0.029061,1.810200,-1.931896,-1.330400,1.229558,-1.409202,-0.043583,0.031595,0.193579,-0.003974,-0.262442,0.000567,-0.462020
30.446000,-1.211490,0.431273,0.892579,-0.592388,-0.938894,0.563230,-0.464323,-0.189860,-0.156317,0.882780,-0.266550,-0.491735,0.385148,-0.229966,-1.191586,-0.029033,1.810386,-1.931900,-1.330669,1.229558,-1.409674,-0.043689,0.030451,0.192060,-0.003996,-0.264215,0.000350,-0.464056
30.447057,-1.208422,0.430461,0.895807,-0.592364,-0.937489,0.562476,-0.463372,-0.177202,-0.162380,0.894239,-0.262513,-0.492904,0.386314,-0.229932,-1.191623,-0.028998,1.810574,-1.931901,-1.330936,1.229557,-1.410127,-0.041195,0.031915,0.190682,-0.002896,-0.264279,-0.000164,-0.460641
30.447993,-1.205039,0.430840,0.889750,-0.591386,-0.937510,0.562292,-0.461853,-0.164687,-0.168064,0.905563,-0.259103,-0.493856,0.387469,-0.229925,-1.191669,-0.028966,1.810762,-1.931903,-1.331199,1.229560,-1.410590,-0.042506,0.032184,0.188530,-0.003052,-0.264865,0.000660,-0.461391
30.448980,-1.208328,0.429753,0.889782,-0.594040,-0.936377,0.562206,-0.462666,-0.150726,-0.174650,0.918421,-0.256003,-0.494584,0.388713,-0.229958,-1.191717,-0.028933,1.810954,-1.931907,-1.331465,1.229561,-1.411052,-0.043881,0.031837,0.190818,-0.004090,-0.263766,0.000903,-0.463177
30.450049,-1.208847,0.428170,0.891019,-0.591466,-0.933882,0.562117,-0.462673,-0.137659,-0.180732,0.930511,-0.253048,-0.495239,0.389852,-0.230052,-1.191756,-0.028899,1.811144,-1.931904,-1.331726,1.229558,-1.411512,-0.042005,0.032222,0.190100,-0.001642,-0.263991,0.001071,-0.460277
30.451094,-1.202203,0.426115,0.889973,-0.591563,-0.934800,0.561356,-0.462717,-0.128018,-0.185122,0.939277,-0.250803,-0.495887,0.390683,-0.230204,-1.191796,-0.028866,1.811331,-1.931913,-1.331994,1.229561,-1.411965,-0.041579,0.032889,0.188968,-0.004238,-0.265642,0.001217,-0.459135
30.452060,-1.198016,0.427433,0.885195,-0.593008,-0.936411,0.561686,-0.463824,-0.119150,-0.189491,0.947342,-0.248044,-0.496564,0.391419,-0.230379,-1.191846,-0.028830,1.811519,-1.931916,-1.332256,1.229565,-1.412423,-0.044625,0.033752,0.188955,-0.004215,-0.263850,0.002036,-0.457868
30.453008,-1.198836,0.428135,0.882988,-0.593102,-0.938730,0.561819,-0.461368,-0.108003,-0.195577,0.957810,-0.244248,-0.497203,0.392309,-0.230530,-1.191895,-0.028799,1.811713,-1.931917,-1.332514,1.229565,-1.412871,-0.046376,0.032947,0.190603,-0.002884,-0.261307,0.001766,-0.454443
30.454116,-1.203454,0.428165,0.884987,-0.594614,-0.936941,0.561584,-0.461644,-0.096757,-0.201803,0.968505,-0.240335,-0.497789,0.393191,-0.230654,-1.191941,-0.028768,1.811902,-1.931920,-1.332766,1.229568,-1.413333,-0.045653,0.032464,0.190970,-0.002882,-0.258080,0.001686,-0.458170
30.455054,-1.200754,0.428857,0.885040,-0.594333,-0.937820,0.562673,-0.462054,-0.089766,-0.205323,0.974989,-0.237017,-0.498418,0.393715,-0.230776,-1.191979,-0.028735,1.812088,-1.931920,-1.333026,1.229569,-1.413789,-0.043169,0.032343,0.189517,-0.001558,-0.259201,0.001995,-0.456431
30.456054,-1.194873,0.428020,0.882518,-0.594051,-0.938978,0.562142,-0.463897,-0.087809,-0.205587,0.976460,-0.234816,-0.499031,0.393820,-0.230897,-1.192026,-0.028704,1.812277,-1.931923,-1.333274,1.229566,-1.414241,-0.044251,0.031857,0.188753,-0.001933,-0.257410,0.000982,-0.454383
30.457034,-1.203861,0.431887,0.882228,-0.595970,-0.940369,0.562370,-0.464938,-0.087436,-0.204437,0.976403,-0.233020,-0.499536,0.393800,-0.230990,-1.192076,-0.028670,1.812467,-1.931926,-1.333525,1.229570,-1.414676,-0.046885,0.032123,0.189374,-0.002305,-0.255453,0.001572,-0.449554
30.457992,-1.200697,0.423729,0.885353,-0.595782,-0.940732,0.563224,-0.462324,-0.088828,-0.201529,0.974631,-0.231242,-0.499979,0.393641,-0.231066,-1.192109,-0.028643,1.812655,-1.931926,-1.333772,1.229571,-1.415120,-0.042184,0.030084,0.188856,-0.000535,-0.253262,0.001402,-0.446325
30.458928,-1.191720,0.424907,0.877788,-0.594996,-0.941559,0.563074,-0.463336,-0.093869,-0.196238,0.969224,-0.230382,-0.500365,0.393158,-0.231186,-1.192156,-0.028602,1.812836,-1.931928,-1.334023,1.229570,-1.415572,-0.043530,0.033979,0.186663,-0.000852,-0.252037,0.000619,-0.450413
30.459936,-1.188517,0.423099,0.877729,-0.597009,-0.940029,0.563978,-0.465121,-0.097795,-0.192309,0.964942,-0.230108,-0.500603,0.392705,-0.231358,-1.192212,-0.028572,1.813032,-1.931931,-1.334271,1.229572,-1.416014,-0.047627,0.033211,0.189664,-0.001726,-0.250320,0.000830,-0.447133
30.460918,-1.191529,0.424140,0.877593,-0.595898,-0.942778,0.563378,-0.466833,-0.096517,-0.192199,0.965906,-0.229927,-0.500581,0.392620,-0.231538,-1.192264,-0.028537,1.813223,-1.931928,-1.334520,1.229571,-1.416451,-0.048859,0.033970,0.189012,0.000072,-0.251105,-0.000005,-0.442430
30.461991,-1.188798,0.424538,0.875517,-0.596529,-0.944460,0.563869,-0.466114,-0.091353,-0.194652,0.970766,-0.230221,-0.500287,0.392833,-0.231718,-1.192306,-0.028504,1.813409,-1.931930,-1.334761,1.229573,-1.416877,-0.047083,0.033291,0.188442,-0.001169,-0.247585,0.000669,-0.437916
30.462999,-1.187612,0.421118,0.874927,-0.596640,-0.948510,0.563789,-0.466958,-0.085751,-0.197068,0.976033,-0.230393,-0.499949,0.393103,-0.231921,-1.192356,-0.028469,1.813602,-1.931931,-1.335002,1.229572,-1.417319,-0.048176,0.032942,0.188921,-0.000682,-0.245336,0.000248,-0.438304
30.463972,-1.181871,0.424453,0.872600,-0.596876,-0.947838,0.564039,-0.467872,-0.081080,-0.198556,0.980370,-0.229939,-0.499734,0.393335,-0.232158,-1.192406,-0.028434,1.813790,-1.931932,-1.335234,1.229573,-1.417741,-0.048437,0.034500,0.188592,-0.000724,-0.240660,0.000400,-0.435524
30.464966,-1.182176,0.424013,0.871846,-0.596665,-0.948675,0.563336,-0.466981,-0.075914,-0.200082,0.985241,-0.228956,-0.499618,0.393646,-0.232414,-1.192460,-0.028405,1.813981,-1.931930,-1.335473,1.229573,-1.418170,-0.050948,0.032699,0.189051,-0.000684,-0.240648,0.000216,-0.432587
30.466121,-1.182345,0.421787,0.872570,-0.597256,-0.950083,0.564628,-0.467689,-0.069952,-0.201264,0.990943,-0.227333,-0.499587,0.394059,-0.232670,-1.192509,-0.028373,1.814170,-1.931933,-1.335710,1.229577,-1.418609,-0.050456,0.032804,0.188772,-0.001010,-0.239133,0.000976,-0.433270
30.466979,-1.177003,0.423648,0.869898,-0.595089,-0.950489,0.564052,-0.467666,-0.064043,-0.201606,0.996586,-0.225284,-0.499638,0.394488,-0.232935,-1.192560,-0.028334,1.814355,-1.931931,-1.335945,1.229575,-1.419031,-0.050076,0.033749,0.188068,-0.000636,-0.237344,-0.000241,-0.430854
30.467930,-1.174808,0.423091,0.864816,-0.597410,-0.950211,0.562811,-0.467677,-0.057974,-0.201506,1.002346,-0.222435,-0.499818,0.394953,-0.233209,-1.192617,-0.028302,1.814544,-1.931939,-1.336179,1.229576,-1.419458,-0.052318,0.032636,0.188545,-0.002779,-0.236066,0.000408,-0.429740
30.468932,-1.173363,0.420941,0.865390,-0.595556,-0.952289,0.562654,-0.466954,-0.052061,-0.200639,1.007946,-0.218507,-0.500138,0.395426,-0.233493,-1.192673,-0.028268,1.814737,-1.931934,-1.336412,1.229581,-1.419883,-0.052992,0.032758,0.190328,-0.000690,-0.235647,0.001694,-0.428614
30.470100,-1.177156,0.422387,0.868118,-0.599710,-0.952084,0.563449,-0.464998,-0.047279,-0.198815,1.012419,-0.214255,-0.500512,0.395784,-0.233799,-1.192729,-0.028234,1.814924,-1.931940,-1.336638,1.229584,-1.420309,-0.053318,0.033684,0.189403,-0.002608,-0.232995,0.001896,-0.428994
30.470995,-1.177279,0.419435,0.865888,-0.596322,-0.951592,0.563073,-0.465907,-0.043603,-0.196597,1.015733,-0.210919,-0.500764,0.396003,-0.234137,-1.192776,-0.028200,1.815107,-1.931931,-1.336867,1.229582,-1.420749,-0.051148,0.032827,0.187729,0.001189,-0.232932,0.001187,-0.431900
30.472004,-1.171022,0.419828,0.864697,-0.597268,-0.955285,0.562439,-0.465924,-0.041845,-0.193745,1.017088,-0.209358,-0.500779,0.396028,-0.234493,-1.192827,-0.028163,1.815295,-1.931940,-1.337096,1.229582,-1.421169,-0.050742,0.034104,0.188069,-0.002196,-0.232654,0.001633,-0.428901
30.473052,-1.174822,0.420897,0.864374,-0.596631,-0.957972,0.563094,-0.466131,-0.041251,-0.187571,1.016877,-0.205900,-0.500603,0.395768,-0.235132,-1.192933,-0.028100,1.815674,-1.931941,-1.337531,1.229584,-1.422022,-0.051246,0.033116,0.187618,-0.002177,-0.225415,0.001739,-0.426340
30.474042,-1.175032,0.418593,0.866949,-0.598790,-0.961517,0.563199,-0.466768,-0.042394,-0.183967,1.015335,-0.203245,-0.500568,0.395524,-0.235399,-1.192984,-0.028063,1.815853,-1.931938,-1.337745,1.229585,-1.422439,-0.050818,0.034091,0.185781,-0.000242,-0.221410,0.001705,-0.424006
30.475058,-1.171808,0.417636,0.866812,-0.599653,-0.963662,0.563431,-0.466504,-0.042394,-0.183967,1.015335,-0.203245,-0.500568,0.395524,-0.235399,-1.192984,-0.028063,1.815853,-1.931938,-1.337745,1.229585,-1.422439,-0.050818,0.034091,0.185781,-0.000242,-0.221410,0.001705,-0.424006
30.475985,-1.163209,0.413032,0.859213,-0.599173,-0.964926,0.563285,-0.465608,-0.043440,-0.181231,1.013939,-0.201732,-0.500427,0.395289,-0.235642,-1.193037,-0.028026,1.816037,-1.931936,-1.337956,1.229586,-1.422859,-0.052092,0.034378,0.185302,0.000398,-0.218901,0.001539,-0.423506
30.477023,-1.168209,0.414874,0.855911,-0.597697,-0.965607,0.564532,-0.466216,-0.041329,-0.181783,1.015833,-0.201848,-0.500077,0.395280,-0.235871,-1.193099,-0.027986,1.816228,-1.931938,-1.338171,1.229586,-1.423283,-0.055919,0.036445,0.188357,-0.000204,-0.217078,0.001754,-0.424193
30.477938,-1.171725,0.415882,0.862222,-0.599662,-0.968203,0.565294,-0.466217,-0.038031,-0.184465,1.019007,-0.202138,-0.499809,0.395320,-0.236102,-1.193146,-0.027951,1.816421,-1.931942,-1.338390,1.229586,-1.423703,-0.053074,0.035332,0.189361,-0.001769,-0.215993,0.000568,-0.421913
30.479041,-1.165595,0.414679,0.859965,-0.600451,-0.968417,0.566173,-0.465964,-0.038577,-0.185529,1.018314,-0.201737,-0.499908,0.395051,-0.236342,-1.193196,-0.027917,1.816599,-1.931938,-1.338594,1.229588,-1.424124,-0.050982,0.034662,0.185507,-0.000016,-0.212891,-0.000139,-0.420812
30.479941,-1.163135,0.414026,0.857396,-0.599839,-0.971781,0.565486,-0.464971,-0.042097,-0.185045,1.014614,-0.201758,-0.500171,0.394595,-0.236592,-1.193254,-0.027880,1.816786,-1.931936,-1.338806,1.229589,-1.424536,-0.053698,0.035104,0.186236,0.000536,-0.212471,-0.000942,-0.420364
30.481080,-1.163468,0.417174,0.859017,-0.599876,-0.970355,0.564764,-0.463618,-0.044765,-0.185415,1.011778,-0.202668,-0.500386,0.394259,-0.236850,-1.193310,-0.027844,1.816976,-1.931938,-1.339005,1.229591,-1.424960,-0.054490,0.035224,0.186700,-0.000196,-0.208614,-0.000186,-0.421230
30.481959,-1.163195,0.416250,0.866708,-0.600759,-0.970426,0.564530,-0.462073,-0.046532,-0.186294,1.009783,-0.203456,-0.500651,0.394016,-0.237110,-1.193362,-0.027814,1.817162,-1.931938,-1.339216,1.229595,-1.425381,-0.053994,0.033560,0.185493,-0.000341,-0.209930,0.000587,-0.422971
30.482966,-1.160473,0.414766,0.862525,-0.600562,-0.973617,0.564213,-0.462413,-0.046506,-0.187587,1.009425,-0.203971,-0.500872,0.393905,-0.237355,-1.193415,-0.027779,1.817332,-1.931936,-1.339426,1.229597,-1.425809,-0.053743,0.033838,0.181002,0.000362,-0.209238,0.000869,-0.424897
30.484002,-1.156942,0.413522,0.860283,-0.601268,-0.976093,0.563486,-0.460561,-0.042121,-0.190950,1.013301,-0.204653,-0.500850,0.394095,-0.237564,-1.193472,-0.027742,1.817518,-1.931936,-1.339625,1.229599,-1.426236,-0.054700,0.034401,0.182565,-0.000022,-0.205753,0.001246,-0.423102
30.485059,-1.158416,0.411524,0.861099,-0.602169,-0.977402,0.564348,-0.458659,-0.034374,-0.196371,1.020529,-0.205443,-0.500658,0.394464,-0.237734,-1.193532,-0.027706,1.817703,-1.931935,-1.339823,1.229602,-1.426664,-0.056036,0.034850,0.183145,0.000504,-0.203073,0.002035,-0.425785
30.486016,-1.157907,0.411471,0.863312,-0.601856,-0.978771,0.564737,-0.457965,-0.025604,-0.202913,1.028816,-0.206673,-0.500386,0.394801,-0.237876,-1.193582,-0.027669,1.817884,-1.931933,-1.340020,1.229602,-1.427100,-0.054960,0.035668,0.182262,0.001192,-0.201609,0.001235,-0.428505
30.486917,-1.154392,0.408902,0.857759,-0.602040,-0.979713,0.564938,-0.456313,-0.016382,-0.210289,1.037581,-0.208662,-0.500040,0.395085,-0.237990,-1.193638,-0.027632,1.818065,-1.931934,-1.340215,1.229602,-1.427525,-0.054817,0.035489,0.180540,0.000723,-0.199919,0.000918,-0.428765
30.487994,-1.153039,0.409163,0.856592,-0.601862,-0.980033,0.564691,-0.454854,-0.006946,-0.218127,1.046637,-0.210948,-0.499693,0.395338,-0.238064,-1.193697,-0.027592,1.818250,-1.931934,-1.340412,1.229601,-1.427964,-0.056138,0.036532,0.182598,0.000760,-0.198556,0.000786,-0.430892
30.489009,-1.150090,0.410308,0.852938,-0.602599,-0.982538,0.565977,-0.454394,0.001473,-0.225566,1.054841,-0.213123,-0.499426,0.395493,-0.238101,-1.193753,-0.027556,1.818435,-1.931936,-1.340608,1.229600,-1.428407,-0.056421,0.036225,0.182693,0.000444,-0.198119,0.001122,-0.432708
30.489960,-1.146707,0.410695,0.850495,-0.601687,-0.981977,0.566655,-0.453444,0.007192,-0.231200,1.060535,-0.215089,-0.499291,0.395468,-0.238115,-1.193812,-0.027522,1.818619,-1.931933,-1.340800,1.229601,-1.428838,-0.057469,0.035497,0.183980,0.000949,-0.195405,-0.000112,-0.432518
30.491046,-1.144090,0.405195,0.850162,-0.602700,-0.981352,0.566090,-0.454225,0.009566,-0.234005,1.063066,-0.216568,-0.499364,0.395275,-0.238129,-1.193873,-0.027486,1.818805,-1.931935,-1.340998,1.229599,-1.429276,-0.058701,0.035110,0.184501,-0.000094,-0.195642,-0.000706,-0.433269
30.491971,-1.140582,0.408470,0.850821,-0.604083,-0.981380,0.565290,-0.453114,0.010642,-0.235416,1.064429,-0.217667,-0.499609,0.395090,-0.238150,-1.193935,-0.027444,1.818991,-1.931934,-1.341192,1.229600,-1.429704,-0.059551,0.037659,0.184198,0.000755,-0.196183,-0.000057,-0.430636
30.493103,-1.137751,0.404316,0.848541,-0.601667,-0.982008,0.564859,-0.452289,0.013718,-0.238047,1.067841,-0.219646,-0.499778,0.395142,-0.238175,-1.193999,-0.027411,1.819169,-1.931931,-1.341389,1.229602,-1.430134,-0.060801,0.035821,0.183226,0.001895,-0.195752,0.000801,-0.431752
30.494083,-1.136117,0.406622,0.845757,-0.601530,-0.978531,0.566170,-0.453020,0.028026,-0.247532,1.082498,-0.224378,-0.500016,0.396047,-0.238269,-1.194126,-0.027336,1.819536,-1.931936,-1.341783,1.229602,-1.430994,-0.062075,0.036379,0.184809,-0.000888,-0.198310,0.000051,-0.429782
30.495076,-1.131959,0.403599,0.847774,-0.602119,-0.978168,0.565555,-0.452876,0.028026,-0.247532,1.082498,-0.224378,-0.500016,0.396047,-0.238269,-1.194126,-0.027336,1.819536,-1.931936,-1.341783,1.229602,-1.430994,-0.062075,0.036379,0.184809,-0.000888,-0.198310,0.000051,-0.429782
30.495989,-1.130901,0.401601,0.847721,-0.602623,-0.978506,0.564675,-0.454128,0.037149,-0.252672,1.091459,-0.225177,-0.500343,0.396734,-0.238337,-1.194192,-0.027297,1.819719,-1.931936,-1.341982,1.229604,-1.431423,-0.063653,0.037691,0.183203,-0.000457,-0.198349,0.000741,-0.428990
30.497110,-1.126598,0.398440,0.844937,-0.600410,-0.978735,0.565505,-0.454671,0.065654,-0.269603,1.119089,-0.226953,-0.500751,0.398982,-0.238397,-1.194325,-0.027214,1.820084,-1.931940,-1.342374,1.229607,-1.432260,-0.065300,0.039791,0.183579,-0.002438,-0.197325,0.000904,-0.423310
30.497943,-1.126654,0.402977,0.841823,-0.602141,-0.977392,0.564097,-0.454626,0.065654,-0.269603,1.119089,-0.226953,-0.500751,0.398982,-0.238397,-1.194325,-0.027214,1.820084,-1.931940,-1.342374,1.229607,-1.432260,-0.065300,0.039791,0.183579,-0.002438,-0.197325,0.000904,-0.423310
30.498946,-1.125807,0.402632,0.841104,-0.601362,-0.978379,0.564451,-0.454128,0.082176,-0.280135,1.135103,-0.226965,-0.501089,0.400290,-0.238354,-1.194387,-0.027182,1.820269,-1.931936,-1.342576,1.229611,-1.432681,-0.064733,0.037319,0.184260,-0.000908,-0.198086,0.002370,-0.422247
30.500055,-1.123536,0.404209,0.842098,-0.601623,-0.976032,0.564814,-0.456041,0.094152,-0.287658,1.146687,-0.226516,-0.501688,0.401237,-0.238273,-1.194451,-0.027147,1.820456,-1.931939,-1.342767,1.229612,-1.433102,-0.064662,0.037341,0.184003,-0.001793,-0.196877,0.002065,-0.422192
30.500983,-1.121608,0.403040,0.835026,-0.601615,-0.976524,0.564608,-0.456908,0.100623,-0.291196,1.152927,-0.225846,-0.502519,0.401751,-0.238162,-1.194518,-0.027111,1.820637,-1.931940,-1.342968,1.229611,-1.433513,-0.065314,0.036393,0.183132,-0.001695,-0.199139,0.001788,-0.417367
30.501991,-1.119244,0.404316,0.832851,-0.601558,-0.976289,0.564830,-0.456984,0.102271,-0.291262,1.154486,-0.225019,-0.503522,0.401892,-0.238031,-1.194584,-0.027073,1.820828,-1.931942,-1.343163,1.229614,-1.433927,-0.065730,0.036773,0.185920,-0.001813,-0.198253,0.002046,-0.414576
30.503000,-1.121552,0.403408,0.835329,-0.600716,-0.975138,0.564523,-0.457569,0.097734,-0.287360,1.149932,-0.224218,-0.504730,0.401537,-0.237908,-1.194651,-0.027040,1.821013,-1.931944,-1.343364,1.229614,-1.434332,-0.066361,0.035949,0.186252,-0.001979,-0.198038,0.001882,-0.413327
30.503927,-1.119357,0.400734,0.830103,-0.600999,-0.974070,0.564981,-0.457645,0.087651,-0.279952,1.139757,-0.223059,-0.506161,0.400727,-0.237817,-1.194711,-0.027002,1.821192,-1.931947,-1.343566,1.229615,-1.434741,-0.064660,0.036140,0.183972,-0.002856,-0.198339,0.002230,-0.410733
30.504989,-1.113996,0.396767,0.830042,-0.601186,-0.974360,0.565344,-0.458768,0.074329,-0.270744,1.126199,-0.221344,-0.507732,0.399642,-0.237748,-1.194777,-0.026963,1.821384,-1.931950,-1.343764,1.229614,-1.435149,-0.065158,0.037170,0.185362,-0.002624,-0.198486,0.001812,-0.409167
30.505918,-1.116694,0.397632,0.827995,-0.601461,-0.971625,0.565099,-0.459806,0.060998,-0.262591,1.112565,-0.219588,-0.509258,0.398534,-0.237678,-1.194851,-0.026921,1.821564,-1.931952,-1.343960,1.229615,-1.435541,-0.067167,0.038847,0.184399,-0.002514,-0.197443,0.001484,-0.405569
30.507068,-1.114283,0.397572,0.827490,-0.601845,-0.969627,0.564866,-0.459815,0.050215,-0.257490,1.101476,-0.218366,-0.510559,0.397621,-0.237618,-1.194912,-0.026885,1.821749,-1.931952,-1.344163,1.229615,-1.435941,-0.065220,0.038121,0.184250,-0.002342,-0.199243,0.001777,-0.402103
30.508003,-1.108443,0.399868,0.825355,-0.603727,-0.970542,0.564907,-0.461806,0.040621,-0.254182,1.091610,-0.218004,-0.511585,0.396814,-0.237606,-1.194979,-0.026847,1.821929,-1.931954,-1.344367,1.229618,-1.436335,-0.065874,0.037898,0.183631,-0.002055,-0.200518,0.002038,-0.400790
30.508915,-1.108061,0.400211,0.825629,-0.602990,-0.971047,0.565559,-0.461774,0.031906,-0.251744,1.082739,-0.218987,-0.512231,0.396102,-0.237651,-1.195052,-0.026813,1.822114,-1.931950,-1.344563,1.229620,-1.436719,-0.068107,0.036487,0.183532,-0.000351,-0.198687,0.002023,-0.395440
30.510074,-1.110415,0.399573,0.822208,-0.602201,-0.970150,0.565936,-0.463296,0.025641,-0.250391,1.076472,-0.221268,-0.512459,0.395627,-0.237724,-1.195118,-0.026776,1.822294,-1.931953,-1.344754,1.229619,-1.437109,-0.067648,0.036044,0.182247,-0.001169,-0.197323,0.001406,-0.394190
30.510959,-1.108680,0.395438,0.822067,-0.603014,-0.970648,0.565437,-0.463057,0.020068,-0.248679,1.070991,-0.223499,-0.512570,0.395250,-0.237788,-1.195183,-0.026739,1.822476,-1.931957,-1.344955,1.229618,-1.437484,-0.065903,0.036128,0.183093,-0.002004,-0.197564,0.001090,-0.389873
30.511936,-1.106326,0.397473,0.819687,-0.602981,-0.970241,0.565230,-0.463064,0.012942,-0.245752,1.063995,-0.224921,-0.512828,0.394752,-0.237821,-1.195249,-0.026698,1.822657,-1.931955,-1.345147,1.229620,-1.437873,-0.066167,0.037877,0.181965,-0.001314,-0.196150,0.001618,-0.389028
30.513010,-1.103554,0.396189,0.820274,-0.602204,-0.969548,0.565338,-0.464696,0.005357,-0.242762,1.056587,-0.225947,-0.513197,0.394190,-0.237827,-1.195316,-0.026665,1.822839,-1.931957,-1.345341,1.229622,-1.438255,-0.066725,0.036602,0.182088,-0.001434,-0.195750,0.001852,-0.387701
30.514044,-1.105114,0.391660,0.817192,-0.602106,-0.967929,0.565482,-0.465059,-0.000721,-0.240416,1.050726,-0.226326,-0.513623,0.393734,-0.237802,-1.195384,-0.026626,1.823019,-1.931961,-1.345537,1.229620,-1.438631,-0.067507,0.036980,0.180822,-0.002241,-0.195713,0.001798,-0.383139
30.514921,-1.102028,0.389258,0.816924,-0.602838,-0.966598,0.565638,-0.465055,-0.004445,-0.239152,1.047199,-0.225618,-0.514125,0.393458,-0.237744,-1.195445,-0.026586,1.823203,-1.931964,-1.345735,1.229619,-1.439013,-0.066159,0.038951,0.181342,-0.002402,-0.196548,0.001705,-0.381145
30.515949,-1.103239,0.389637,0.819587,-0.604649,-0.965956,0.564808,-0.464774,-0.005632,-0.239863,1.046111,-0.224499,-0.514634,0.393369,-0.237667,-1.195514,-0.026545,1.823378,-1.931964,-1.345932,1.229619,-1.439383,-0.067075,0.039805,0.180339,-0.001749,-0.196920,0.001580,-0.379873
30.516947,-1.102154,0.390163,0.817763,-0.603895,-0.966583,0.566504,-0.465005,-0.003492,-0.243233,1.048226,-0.224408,-0.514923,0.393545,-0.237584,-1.195576,-0.026508,1.823552,-1.931961,-1.346134,1.229621,-1.439759,-0.065892,0.039337,0.178062,-0.000139,-0.196718,0.002454,-0.379168
30.517998,-1.103807,0.388772,0.817894,-0.605234,-0.966334,0.565697,-0.465310,0.001507,-0.248313,1.053091,-0.225844,-0.514911,0.393990,-0.237497,-1.195642,-0.026470,1.823730,-1.931965,-1.346323,1.229617,-1.440135,-0.065839,0.038786,0.177978,-0.000938,-0.195334,0.000798,-0.377414
30.519055,-1.104242,0.386401,0.818067,-0.604266,-0.963763,0.566122,-0.464580,0.006832,-0.253053,1.058215,-0.228214,-0.514768,0.394530,-0.237394,-1.195706,-0.026431,1.823903,-1.931964,-1.346517,1.229621,-1.440502,-0.064437,0.039207,0.177011,0.000279,-0.194865,0.001646,-0.375570
30.520006,-1.107813,0.387133,0.820050,-0.604198,-0.962401,0.565874,-0.465486,0.011012,-0.256759,1.062131,-0.231188,-0.514619,0.395023,-0.237283,-1.195769,-0.026388,1.824076,-1.931967,-1.346716,1.229622,-1.440883,-0.063672,0.040072,0.176033,-0.000773,-0.196681,0.001249,-0.375767
30.521088,-1.103954,0.384095,0.813844,-0.603957,-0.960762,0.565701,-0.465687,0.013628,-0.259989,1.063993,-0.236467,-0.514716,0.395551,-0.237060,-1.195891,-0.026309,1.824427,-1.931970,-1.347119,1.229626,-1.441610,-0.062761,0.040629,0.176244,-0.001234,-0.197975,0.001738,-0.371078
30.522042,-1.105675,0.383668,0.815687,-0.603927,-0.960116,0.565901,-0.466152,0.013628,-0.259989,1.063993,-0.236467,-0.514716,0.395551,-0.237060,-1.195891,-0.026309,1.824427,-1.931970,-1.347119,1.229626,-1.441610,-0.062761,0.040629,0.176244,-0.001234,-0.197975,0.001738,-0.371078
30.523040,-1.103938,0.383529,0.816125,-0.603631,-0.957771,0.566816,-0.464886,0.010832,-0.259085,1.060812,-0.238124,-0.515102,0.395457,-0.236919,-1.195949,-0.026268,1.824598,-1.931971,-1.347315,1.229625,-1.441978,-0.061356,0.040509,0.174302,-0.001354,-0.197747,0.001578,-0.368887
30.523996,-1.108754,0.385097,0.813197,-0.603494,-0.955709,0.566539,-0.464539,0.006775,-0.257482,1.056398,-0.239055,-0.515690,0.395264,-0.236748,-1.196010,-0.026231,1.824768,-1.931974,-1.347517,1.229625,-1.442345,-0.061690,0.040307,0.173172,-0.001712,-0.199241,0.000696,-0.370209
30.525007,-1.108382,0.384864,0.812064,-0.602683,-0.952329,0.566585,-0.465179,0.000703,-0.254346,1.050038,-0.239198,-0.516515,0.394933,-0.236544,-1.196064,-0.026195,1.824941,-1.931977,-1.347717,1.229626,-1.442718,-0.058786,0.039247,0.173649,-0.001900,-0.200396,0.001022,-0.369604
30.525941,-1.103497,0.384370,0.813545,-0.602690,-0.949207,0.566876,-0.464456,-0.011030,-0.247272,1.038157,-0.238484,-0.517700,0.394157,-0.236294,-1.196121,-0.026157,1.825114,-1.931981,-1.347924,1.229628,-1.443077,-0.058504,0.039090,0.173272,-0.002741,-0.202884,0.001001,-0.367095
30.527025,-1.104526,0.386185,0.813999,-0.603184,-0.946965,0.566563,-0.465373,-0.026498,-0.237419,1.022684,-0.236845,-0.519153,0.393080,-0.236000,-1.196185,-0.026117,1.825283,-1.931984,-1.348133,1.229628,-1.443445,-0.060385,0.039019,0.171535,-0.002768,-0.204983,0.000744,-0.367306
30.528011,-1.107856,0.383990,0.816110,-0.602544,-0.944362,0.567242,-0.464622,-0.052469,-0.219241,0.996915,-0.232601,-0.522015,0.391357,-0.235357,-1.196294,-0.026037,1.825617,-1.931990,-1.348552,1.229630,-1.444164,-0.057249,0.038624,0.168571,-0.003017,-0.208008,0.000453,-0.364560
30.528999,-1.104270,0.383718,0.815698,-0.601841,-0.943223,0.566104,-0.463723,-0.052469,-0.219241,0.996915,-0.232601,-0.522015,0.391357,-0.235357,-1.196294,-0.026037,1.825617,-1.931990,-1.348552,1.229630,-1.444164,-0.057249,0.038624,0.168571,-0.003017,-0.208008,0.000453,-0.364560
30.530054,-1.104665,0.382001,0.811768,-0.601837,-0.938379,0.567283,-0.463004,-0.062876,-0.211543,0.986622,-0.230201,-0.523448,0.390709,-0.235013,-1.196355,-0.025999,1.825783,-1.931993,-1.348759,1.229631,-1.444532,-0.058527,0.038459,0.167903,-0.003763,-0.208200,0.001640,-0.365110
30.531009,-1.104586,0.381572,0.808690,-0.601425,-0.933646,0.566627,-0.461035,-0.071560,-0.205304,0.978079,-0.227192,-0.524963,0.390174,-0.234666,-1.196412,-0.025961,1.825956,-1.931996,-1.348980,1.229631,-1.444891,-0.057825,0.039049,0.168991,-0.003810,-0.212091,0.000482,-0.365346
30.532006,-1.103531,0.380362,0.808978,-0.601665,-0.932655,0.567970,-0.461258,-0.081049,-0.199352,0.968795,-0.224075,-0.526562,0.389527,-0.234325,-1.196469,-0.025921,1.826126,-1.932002,-1.349201,1.229632,-1.445266,-0.057366,0.038950,0.169557,-0.004214,-0.215704,0.001191,-0.368022
30.532944,-1.099743,0.381207,0.807058,-0.602259,-0.929572,0.567754,-0.460041,-0.092742,-0.192994,0.957353,-0.221350,-0.528189,0.388645,-0.234005,-1.196528,-0.025881,1.826295,-1.932005,-1.349416,1.229630,-1.445633,-0.057378,0.039251,0.168490,-0.003993,-0.215658,-0.000120,-0.366290
30.534157,-1.099119,0.384756,0.806088,-0.601241,-0.927280,0.567697,-0.458879,-0.104600,-0.187293,0.945784,-0.219379,-0.529703,0.387710,-0.233741,-1.196589,-0.025845,1.826463,-1.932009,-1.349637,1.229634,-1.446001,-0.058735,0.038548,0.168494,-0.003418,-0.217623,0.000130,-0.367488
30.535010,-1.098643,0.385346,0.801683,-0.601373,-0.926792,0.567760,-0.456352,-0.115627,-0.182113,0.935079,-0.218000,-0.531057,0.386830,-0.233584,-1.196647,-0.025811,1.826634,-1.932015,-1.349860,1.229635,-1.446374,-0.058556,0.036564,0.168294,-0.004452,-0.219073,0.000226,-0.368593
30.535974,-1.097780,0.384313,0.800891,-0.602455,-0.924660,0.567522,-0.456570,-0.128147,-0.175157,0.922899,-0.216308,-0.532410,0.385827,-0.233560,-1.196705,-0.025775,1.826806,-1.932020,-1.350077,1.229636,-1.446755,-0.058267,0.035998,0.169407,-0.004310,-0.218350,0.000195,-0.372339
30.537000,-1.094259,0.383373,0.801558,-0.602155,-0.922591,0.567417,-0.454705,-0.143910,-0.165491,0.907519,-0.214514,-0.533792,0.384539,-0.233650,-1.196764,-0.025739,1.826972,-1.932021,-1.350297,1.229638,-1.447118,-0.058172,0.036257,0.168866,-0.003294,-0.219408,0.000465,-0.370613
30.537965,-1.092535,0.381620,0.799957,-0.602003,-0.920432,0.567383,-0.453181,-0.160219,-0.155399,0.891678,-0.213580,-0.534972,0.383154,-0.233825,-1.196825,-0.025701,1.827139,-1.932027,-1.350521,1.229636,-1.447497,-0.059411,0.036453,0.167680,-0.003599,-0.220422,0.000619,-0.373097
30.539054,-1.095299,0.381454,0.797313,-0.603548,-0.917747,0.567410,-0.453024,-0.172921,-0.147711,0.879543,-0.213470,-0.535803,0.382008,-0.234081,-1.196887,-0.025663,1.827303,-1.932032,-1.350746,1.229635,-1.447874,-0.059701,0.037046,0.167613,-0.003745,-0.221442,0.000700,-0.374847
30.540018,-1.091967,0.380577,0.795266,-0.600986,-0.916344,0.567620,-0.454157,-0.182677,-0.142303,0.870454,-0.214471,-0.536303,0.381059,-0.234405,-1.196942,-0.025626,1.827471,-1.932033,-1.350973,1.229635,-1.448251,-0.057840,0.036860,0.168145,-0.002296,-0.223111,0.000719,-0.373869
30.541095,-1.090133,0.381240,0.793240,-0.600629,-0.915943,0.568796,-0.453972,-0.192553,-0.137322,0.861318,-0.216526,-0.536613,0.380077,-0.234742,-1.197003,-0.025588,1.827639,-1.932043,-1.351197,1.229636,-1.448612,-0.058984,0.037018,0.168232,-0.004772,-0.223370,0.000542,-0.370349
30.542054,-1.088507,0.380614,0.790649,-0.599209,-0.912433,0.568376,-0.454758,-0.202466,-0.132223,0.852146,-0.217752,-0.536975,0.379125,-0.235030,-1.197065,-0.025553,1.827808,-1.932047,-1.351419,1.229634,-1.448977,-0.059361,0.036441,0.168418,-0.005126,-0.222779,-0.000591,-0.369526
30.543050,-1.086855,0.382416,0.792006,-0.602369,-0.911721,0.568338,-0.453482,-0.211616,-0.126980,0.843686,-0.216845,-0.537527,0.378318,-0.235255,-1.197125,-0.025515,1.827976,-1.932055,-1.351647,1.229635,-1.449340,-0.059631,0.036480,0.168780,-0.006476,-0.225141,-0.000120,-0.366700
30.543992,-1.087046,0.379988,0.793216,-0.602025,-0.912377,0.567411,-0.456049,-0.219646,-0.121787,0.836296,-0.215019,-0.538098,0.377687,-0.235441,-1.197186,-0.025482,1.828138,-1.932053,-1.351875,1.229635,-1.449710,-0.059918,0.035342,0.167256,-0.003444,-0.224690,-0.000044,-0.368035
30.545138,-1.086214,0.379493,0.788305,-0.602551,-0.912220,0.567404,-0.454617,-0.225069,-0.117922,0.831494,-0.214533,-0.538352,0.377328,-0.235605,-1.197242,-0.025443,1.828302,-1.932059,-1.352098,1.229638,-1.450056,-0.059311,0.036274,0.165747,-0.003803,-0.222872,0.000916,-0.361651
30.546136,-1.081048,0.379653,0.787708,-0.602248,-0.912290,0.567309,-0.455581,-0.228181,-0.115803,0.829017,-0.215956,-0.538248,0.377172,-0.235749,-1.197302,-0.025408,1.828473,-1.932063,-1.352318,1.229638,-1.450424,-0.059229,0.036285,0.167464,-0.003312,-0.222155,0.000956,-0.363381
30.546976,-1.085663,0.381238,0.794047,-0.601109,-0.910256,0.567435,-0.455500,-0.230363,-0.114769,0.827484,-0.218529,-0.537939,0.377073,-0.235911,-1.197369,-0.025372,1.828637,-1.932067,-1.352538,1.229639,-1.450774,-0.061226,0.035944,0.166898,-0.003643,-0.221027,0.001089,-0.360227
30.548013,-1.083720,0.379381,0.789259,-0.602057,-0.908619,0.567521,-0.454937,-0.230342,-0.114953,0.828069,-0.221089,-0.537492,0.377132,-0.236119,-1.197421,-0.025338,1.828793,-1.932075,-1.352763,1.229639,-1.451131,-0.058403,0.034890,0.162764,-0.004705,-0.221804,0.000995,-0.359167
30.549069,-1.078929,0.375583,0.785210,-0.600684,-0.910847,0.568868,-0.455765,-0.227874,-0.116131,0.830938,-0.223039,-0.536928,0.377368,-0.236358,-1.197482,-0.025303,1.828960,-1.932075,-1.352984,1.229640,-1.451487,-0.058868,0.035588,0.164369,-0.003859,-0.222418,0.000949,-0.359113
30.550008,-1.080162,0.381158,0.788045,-0.602398,-0.910331,0.567659,-0.453933,-0.224392,-0.118182,0.834700,-0.224588,-0.536288,0.377652,-0.236600,-1.197547,-0.025263,1.829126,-1.932084,-1.353197,1.229638,-1.451846,-0.060698,0.037205,0.165582,-0.005161,-0.219230,-0.000353,-0.356231
30.551125,-1.083203,0.374779,0.787778,-0.602009,-0.910572,0.567980,-0.452957,-0.220343,-0.121052,0.838906,-0.225740,-0.535609,0.377958,-0.236827,-1.197605,-0.025235,1.829285,-1.932083,-1.353416,1.229643,-1.452205,-0.059539,0.034199,0.163285,-0.003545,-0.218669,0.000887,-0.358723
30.552067,-1.082374,0.375285,0.788242,-0.603376,-0.910471,0.569239,-0.453596,-0.216819,-0.123834,0.842422,-0.227055,-0.534860,0.378200,-0.237027,-1.197660,-0.025192,1.829444,-1.932088,-1.353632,1.229644,-1.452561,-0.057557,0.037128,0.162772,-0.003987,-0.217545,0.000590,-0.359485
30.552988,-1.077682,0.373246,0.787364,-0.603259,-0.909538,0.568873,-0.454924,-0.214406,-0.126830,0.844696,-0.229369,-0.533987,0.378320,-0.237167,-1.197719,-0.025156,1.829606,-1.932088,-1.353848,1.229642,-1.452917,-0.057465,0.036574,0.161652,-0.002697,-0.216563,-0.000627,-0.356959
30.554031,-1.079862,0.375404,0.785656,-0.605282,-0.909171,0.568131,-0.454714,-0.211202,-0.131500,0.847720,-0.233023,-0.532899,0.378500,-0.237227,-1.197782,-0.025117,1.829765,-1.932093,-1.354061,1.229643,-1.453264,-0.059244,0.037296,0.161218,-0.002838,-0.216434,-0.000213,-0.353109
30.555026,-1.084861,0.377162,0.785549,-0.604501,-0.907714,0.567564,-0.454188,-0.206749,-0.137750,0.851979,-0.238269,-0.531552,0.378790,-0.237249,-1.197837,-0.025082,1.829924,-1.932090,-1.354278,1.229645,-1.453613,-0.057667,0.035951,0.161341,-0.000986,-0.215827,0.000568,-0.352395
30.555932,-1.082364,0.376589,0.785898,-0.604398,-0.907477,0.567612,-0.454513,-0.205845,-0.142127,0.852657,-0.245066,-0.530143,0.378788,-0.237284,-1.197884,-0.025050,1.830083,-1.932093,-1.354493,1.229647,-1.453966,-0.054778,0.034865,0.160597,-0.001840,-0.216295,0.001164,-0.352265
30.557054,-1.073857,0.377062,0.786241,-0.604259,-0.910372,0.568009,-0.455247,-0.211499,-0.142255,0.846773,-0.252258,-0.528951,0.378246,-0.237332,-1.197941,-0.025013,1.830241,-1.932093,-1.354704,1.229647,-1.454309,-0.055550,0.034880,0.159549,-0.002038,-0.215442,0.001143,-0.350427
30.557943,-1.074266,0.376827,0.790248,-0.603529,-0.908432,0.568455,-0.454784,-0.218522,-0.141037,0.839584,-0.258406,-0.528004,0.377593,-0.237354,-1.198007,-0.024978,1.830399,-1.932097,-1.354911,1.229647,-1.454653,-0.059248,0.034413,0.158740,-0.002214,-0.211741,0.000794,-0.347827
30.559125,-1.074494,0.374085,0.788178,-0.603213,-0.906725,0.566835,-0.455264,-0.219827,-0.142567,0.838151,-0.262627,-0.527195,0.377419,-0.237328,-1.198063,-0.024944,1.830549,-1.932102,-1.355124,1.229646,-1.455004,-0.058498,0.034279,0.155911,-0.002946,-0.212625,0.000389,-0.347573
30.560024,-1.073527,0.376172,0.787395,-0.605507,-0.908001,0.569394,-0.457183,-0.214386,-0.147721,0.843407,-0.264718,-0.526517,0.377779,-0.237265,-1.198120,-0.024907,1.830706,-1.932104,-1.355334,1.229650,-1.455343,-0.057919,0.035423,0.156430,-0.003343,-0.213586,0.002051,-0.345504
30.560926,-1.067233,0.377080,0.781369,-0.605957,-0.908279,0.569307,-0.458061,-0.206108,-0.154744,0.851453,-0.265882,-0.525927,0.378331,-0.237181,-1.198178,-0.024875,1.830861,-1.932101,-1.355542,1.229646,-1.455677,-0.057889,0.034133,0.155961,-0.001206,-0.211232,-0.000487,-0.340500
30.561966,-1.064802,0.377915,0.779005,-0.603875,-0.910603,0.569516,-0.459256,-0.198339,-0.161605,0.859043,-0.267766,-0.525294,0.378855,-0.237076,-1.198245,-0.024844,1.831026,-1.932102,-1.355746,1.229648,-1.456003,-0.060430,0.033466,0.158025,-0.000875,-0.209955,-0.000350,-0.337663
30.563048,-1.065441,0.377655,0.783206,-0.604954,-0.910756,0.569566,-0.458413,-0.192463,-0.166874,0.864787,-0.269655,-0.524700,0.379277,-0.236942,-1.198306,-0.024811,1.831185,-1.932108,-1.355948,1.229648,-1.456328,-0.061090,0.032837,0.158456,-0.002961,-0.206797,-0.000515,-0.334198
30.563977,-1.063466,0.379503,0.778857,-0.606620,-0.912661,0.568417,-0.460343,-0.188023,-0.170409,0.869030,-0.269859,-0.524299,0.379634,-0.236805,-1.198365,-0.024779,1.831336,-1.932108,-1.356151,1.229647,-1.456666,-0.060251,0.032767,0.155721,-0.001964,-0.205874,-0.000514,-0.334818
30.564951,-1.058349,0.378720,0.778449,-0.606968,-0.911044,0.568520,-0.460622,-0.184630,-0.172584,0.872155,-0.269237,-0.523939,0.379947,-0.236699,-1.198428,-0.024748,1.831494,-1.932107,-1.356348,1.229650,-1.456981,-0.060672,0.031631,0.157091,-0.000448,-0.203047,0.000665,-0.329848
30.566102,-1.056689,0.379446,0.775503,-0.607030,-0.913040,0.569515,-0.460233,-0.182462,-0.173606,0.874097,-0.269447,-0.523367,0.380177,-0.236621,-1.198494,-0.024716,1.831648,-1.932105,-1.356554,1.229651,-1.457305,-0.062633,0.031822,0.156514,-0.000271,-0.203764,0.000585,-0.328247
30.567013,-1.060772,0.381053,0.781339,-0.607173,-0.914047,0.569485,-0.459996,-0.180449,-0.174234,0.875959,-0.270527,-0.522487,0.380389,-0.236588,-1.198558,-0.024685,1.831810,-1.932105,-1.356748,1.229650,-1.457628,-0.062896,0.031277,0.157349,-0.000350,-0.201109,-0.000361,-0.328003
30.568006,-1.057986,0.378660,0.781585,-0.608681,-0.916886,0.569972,-0.461534,-0.178603,-0.174261,0.877613,-0.271692,-0.521387,0.380587,-0.236631,-1.198614,-0.024658,1.831957,-1.932105,-1.356943,1.229650,-1.457957,-0.060333,0.030296,0.153642,-0.000308,-0.199210,-0.000288,-0.327361
30.568996,-1.053592,0.380466,0.776299,-0.607030,-0.919427,0.568845,-0.462174,-0.176436,-0.174038,0.879456,-0.272901,-0.520089,0.380811,-0.236739,-1.198677,-0.024625,1.832108,-1.932100,-1.357129,1.229653,-1.458271,-0.061186,0.031292,0.152851,0.000967,-0.195638,-0.000754,-0.323217
30.570022,-1.052295,0.380736,0.776812,-0.608484,-0.921322,0.568408,-0.461206,-0.172950,-0.174515,0.882515,-0.273991,-0.518636,0.381124,-0.236872,-1.198743,-0.024598,1.832265,-1.932105,-1.357316,1.229656,-1.458581,-0.062793,0.030215,0.154760,-0.000702,-0.192368,0.000410,-0.320935
30.570982,-1.053709,0.377658,0.777372,-0.608663,-0.920644,0.568911,-0.460706,-0.169404,-0.174855,0.885560,-0.274124,-0.517243,0.381389,-0.237031,-1.198807,-0.024569,1.832417,-1.932102,-1.357500,1.229657,-1.458905,-0.062849,0.029920,0.153796,0.000572,-0.189816,0.000876,-0.321837
30.571999,-1.051342,0.379951,0.778645,-0.609278,-0.922551,0.568504,-0.461743,-0.166391,-0.175029,0.887977,-0.273858,-0.515933,0.381524,-0.237242,-1.198866,-0.024535,1.832568,-1.932103,-1.357685,1.229658,-1.459229,-0.061600,0.031230,0.152778,0.000662,-0.189776,0.000403,-0.321747
30.572913,-1.045031,0.378766,0.772314,-0.608660,-0.924624,0.569550,-0.461355,-0.159207,-0.177852,0.893906,-0.274576,-0.513301,0.381626,-0.237657,-1.198998,-0.024478,1.832876,-1.932103,-1.358044,1.229656,-1.459855,-0.064766,0.030321,0.153812,0.000409,-0.184400,-0.000153,-0.318377
30.573993,-1.043156,0.377387,0.771879,-0.607336,-0.926669,0.568450,-0.461533,-0.154445,-0.180455,0.898161,-0.273833,-0.512189,0.381703,-0.237762,-1.199065,-0.024445,1.833027,-1.932106,-1.358218,1.229656,-1.460165,-0.065081,0.030808,0.153412,-0.000969,-0.181855,0.001012,-0.317012
30.575020,-1.048309,0.378992,0.772922,-0.609977,-0.925584,0.568918,-0.460376,-0.154445,-0.180455,0.898161,-0.273833,-0.512189,0.381703,-0.237762,-1.199065,-0.024445,1.833027,-1.932106,-1.358218,1.229656,-1.460165,-0.065081,0.030808,0.153412,-0.000969,-0.181855,0.001012,-0.317012
30.575977,-1.047499,0.378150,0.779629,-0.610705,-0.927515,0.567746,-0.461227,-0.150614,-0.182893,0.901474,-0.272004,-0.511304,0.381669,-0.237827,-1.199120,-0.024417,1.833177,-1.932101,-1.358401,1.229657,-1.460486,-0.062003,0.029835,0.152237,0.001447,-0.182319,0.000568,-0.318297
30.576982,-1.038483,0.381109,0.772149,-0.608258,-0.932462,0.568218,-0.463620,-0.148665,-0.184715,0.902849,-0.271239,-0.510340,0.381446,-0.237891,-1.199184,-0.024386,1.833316,-1.932098,-1.358570,1.229662,-1.460795,-0.061854,0.030061,0.148257,0.001991,-0.179772,0.001768,-0.315533
30.577976,-1.039058,0.377213,0.775510,-0.609793,-0.934572,0.566828,-0.463649,-0.146093,-0.186955,0.904853,-0.271147,-0.509160,0.381251,-0.237916,-1.199259,-0.024362,1.833471,-1.932104,-1.358733,1.229663,-1.461092,-0.065694,0.028453,0.151337,-0.000473,-0.174317,0.001314,-0.309753
30.579009,-1.047437,0.382843,0.778182,-0.609051,-0.935019,0.566890,-0.462146,-0.141110,-0.190241,0.909287,-0.269671,-0.507892,0.381220,-0.237879,-1.199320,-0.024328,1.833616,-1.932101,-1.358896,1.229667,-1.461398,-0.064813,0.030198,0.148975,0.000895,-0.171752,0.002738,-0.308740
30.579953,-1.044060,0.381469,0.779503,-0.609815,-0.937392,0.566621,-0.459925,-0.136093,-0.193201,0.913696,-0.267025,-0.506575,0.381121,-0.237861,-1.199369,-0.024307,1.833759,-1.932102,-1.359063,1.229668,-1.461718,-0.060185,0.027255,0.147088,0.000050,-0.170837,0.002698,-0.310731
30.580938,-1.038707,0.383207,0.776809,-0.610347,-0.941051,0.568011,-0.460891,-0.134529,-0.193410,0.914576,-0.263819,-0.505247,0.380671,-0.237938,-1.199431,-0.024277,1.833900,-1.932101,-1.359224,1.229672,-1.462034,-0.061371,0.027780,0.145806,0.000672,-0.167918,0.002987,-0.314133
30.581960,-1.041628,0.382027,0.775035,-0.610843,-0.943738,0.569905,-0.461375,-0.134956,-0.191659,0.913478,-0.260374,-0.503850,0.380024,-0.238071,-1.199498,-0.024250,1.834048,-1.932098,-1.359377,1.229667,-1.462339,-0.063440,0.026745,0.146504,0.001033,-0.163849,0.001648,-0.311136
30.583000,-1.042560,0.382760,0.777443,-0.609178,-0.943593,0.570372,-0.460859,-0.136073,-0.189112,0.911753,-0.257227,-0.502364,0.379346,-0.238173,-1.199555,-0.024221,1.834192,-1.932097,-1.359530,1.229665,-1.462640,-0.061454,0.027188,0.146801,0.001363,-0.160825,-0.000195,-0.309207
30.583949,-1.044944,0.380754,0.778652,-0.608660,-0.947946,0.570097,-0.460188,-0.139760,-0.184853,0.907457,-0.254091,-0.500992,0.378542,-0.238221,-1.199613,-0.024195,1.834334,-1.932101,-1.359690,1.229667,-1.462953,-0.060500,0.026682,0.145036,-0.000355,-0.160591,-0.000613,-0.309235
30.585052,-1.041480,0.381363,0.778070,-0.609680,-0.949605,0.569607,-0.460089,-0.145867,-0.179059,0.900686,-0.249837,-0.499944,0.377638,-0.238220,-1.199667,-0.024166,1.834479,-1.932102,-1.359832,1.229668,-1.463264,-0.058822,0.027506,0.143762,-0.000933,-0.155863,-0.000301,-0.309550
30.585990,-1.039078,0.380491,0.775754,-0.609879,-0.950913,0.569812,-0.460598,-0.152885,-0.172929,0.893025,-0.244375,-0.499231,0.376738,-0.238136,-1.199731,-0.024139,1.834620,-1.932101,-1.359979,1.229672,-1.463568,-0.060031,0.027063,0.143617,-0.000074,-0.154025,0.000216,-0.308767
30.586943,-1.038746,0.379381,0.778163,-0.610698,-0.950685,0.569408,-0.460085,-0.159469,-0.167593,0.885948,-0.238951,-0.498685,0.375927,-0.237933,-1.199791,-0.024113,1.834767,-1.932101,-1.360128,1.229672,-1.463871,-0.060685,0.027351,0.144075,0.000004,-0.152311,0.000040,-0.306735
30.587939,-1.038345,0.378987,0.779879,-0.608480,-0.950764,0.570340,-0.458224,-0.164280,-0.164031,0.880816,-0.234634,-0.498145,0.375299,-0.237640,-1.199850,-0.024083,1.834903,-1.932096,-1.360281,1.229674,-1.464184,-0.060316,0.027717,0.142286,0.000614,-0.152122,0.000478,-0.306742
30.589170,-1.033554,0.379318,0.779048,-0.608437,-0.951717,0.570494,-0.456258,-0.165776,-0.163069,0.879069,-0.231155,-0.497595,0.374969,-0.237335,-1.199907,-0.024055,1.835040,-1.932103,-1.360432,1.229673,-1.464497,-0.060012,0.027750,0.140894,-0.001583,-0.151669,-0.000418,-0.309463
30.590003,-1.032784,0.379782,0.780635,-0.608690,-0.953761,0.570209,-0.455018,-0.162766,-0.164908,0.881805,-0.227045,-0.497154,0.375045,-0.237072,-1.199973,-0.024029,1.835184,-1.932104,-1.360578,1.229673,-1.464819,-0.061875,0.027480,0.140989,-0.001743,-0.150666,-0.000513,-0.312387
30.590907,-1.036895,0.378805,0.785357,-0.608652,-0.951713,0.569321,-0.454848,-0.155038,-0.169306,0.889210,-0.221902,-0.496836,0.375549,-0.236855,-1.200033,-0.024003,1.835318,-1.932106,-1.360720,1.229677,-1.465134,-0.061679,0.027082,0.139504,-0.001532,-0.148143,-0.000213,-0.313775
30.591960,-1.037652,0.382353,0.784619,-0.608641,-0.953669,0.569418,-0.452026,-0.143556,-0.175732,0.900276,-0.216599,-0.496548,0.376371,-0.236679,-1.200086,-0.023976,1.835447,-1.932107,-1.360872,1.229678,-1.465457,-0.059127,0.027406,0.136600,-0.001665,-0.149754,0.000713,-0.313005
30.593035,-1.039977,0.382229,0.784530,-0.608828,-0.955626,0.569522,-0.452252,-0.131361,-0.182287,0.911940,-0.211667,-0.496292,0.377235,-0.236564,-1.200144,-0.023954,1.835583,-1.932108,-1.361016,1.229680,-1.465776,-0.058277,0.025527,0.136543,-0.001770,-0.147528,0.000637,-0.317661
30.594083,-1.038247,0.382852,0.787017,-0.610274,-0.955134,0.569912,-0.449895,-0.122896,-0.186013,0.919845,-0.207042,-0.496188,0.377794,-0.236515,-1.200198,-0.023930,1.835717,-1.932108,-1.361158,1.229676,-1.466090,-0.056666,0.025513,0.136181,-0.001715,-0.145389,0.000604,-0.316135
30.594936,-1.039805,0.381725,0.788006,-0.608532,-0.955023,0.569537,-0.449188,-0.119302,-0.186403,0.922944,-0.203237,-0.496199,0.377993,-0.236507,-1.200256,-0.023905,1.835849,-1.932106,-1.361305,1.229677,-1.466420,-0.057047,0.025081,0.134521,-0.000426,-0.145644,0.000245,-0.319813
30.595935,-1.036609,0.384126,0.788522,-0.608937,-0.954377,0.569949,-0.447332,-0.117957,-0.185387,0.923875,-0.200588,-0.496180,0.378076,-0.236521,-1.200310,-0.023878,1.835979,-1.932112,-1.361448,1.229678,-1.466745,-0.055771,0.025477,0.133427,-0.002166,-0.145297,0.000658,-0.320086
30.596953,-1.035629,0.382143,0.786937,-0.609474,-0.955494,0.569277,-0.445748,-0.116851,-0.184084,0.924665,-0.198170,-0.496162,0.378234,-0.236531,-1.200367,-0.023857,1.836113,-1.932114,-1.361597,1.229677,-1.467069,-0.056894,0.024174,0.132693,-0.001809,-0.145608,0.000287,-0.322746
30.598035,-1.035968,0.382783,0.785974,-0.610473,-0.954657,0.568956,-0.445388,-0.115251,-0.182953,0.926107,-0.195796,-0.496151,0.378542,-0.236528,-1.200424,-0.023830,1.836247,-1.932114,-1.361739,1.229678,-1.467399,-0.056884,0.025045,0.133021,-0.001386,-0.144228,0.001002,-0.324817
30.598971,-1.036880,0.380412,0.788830,-0.610511,-0.953815,0.569307,-0.446070,-0.114046,-0.182033,0.927326,-0.194461,-0.496114,0.378906,-0.236519,-1.200479,-0.023805,1.836380,-1.932116,-1.361885,1.229680,-1.467721,-0.056251,0.024596,0.133122,-0.000472,-0.144861,0.001354,-0.324468
30.599969,-1.034267,0.384439,0.791022,-0.611499,-0.955138,0.569991,-0.446392,-0.114060,-0.181357,0.927431,-0.194859,-0.496038,0.379228,-0.236495,-1.200533,-0.023776,1.836506,-1.932116,-1.362027,1.229680,-1.468038,-0.055321,0.025609,0.131211,-0.000545,-0.145362,0.001035,-0.322025
30.601167,-1.035171,0.383013,0.793394,-0.610802,-0.956884,0.568476,-0.446662,-0.113633,-0.181749,0.928008,-0.196868,-0.495874,0.379653,-0.236444,-1.200592,-0.023756,1.836629,-1.932116,-1.362167,1.229680,-1.468350,-0.056128,0.023501,0.129765,0.000322,-0.143762,0.000389,-0.320363
30.602017,-1.032819,0.381074,0.793677,-0.609793,-0.956680,0.568592,-0.445604,-0.111275,-0.183488,0.930499,-0.199626,-0.495654,0.380304,-0.236360,-1.200645,-0.023731,1.836753,-1.932119,-1.362309,1.229685,-1.468664,-0.055246,0.024152,0.128436,-0.000473,-0.141974,0.001948,-0.318836
30.602997,-1.033846,0.379936,0.794409,-0.610980,-0.956129,0.568166,-0.446851,-0.106302,-0.186958,0.935526,-0.201735,-0.495517,0.381184,-0.236264,-1.200702,-0.023706,1.836882,-1.932123,-1.362448,1.229684,-1.468988,-0.055882,0.024946,0.127545,-0.001473,-0.141599,0.001848,-0.319738
30.603976,-1.031792,0.381317,0.794785,-0.612173,-0.955501,0.568891,-0.446491,-0.098233,-0.192947,0.943547,-0.202751,-0.495485,0.382274,-0.236174,-1.200756,-0.023679,1.837003,-1.932120,-1.362588,1.229687,-1.469294,-0.054809,0.025281,0.126331,-0.000413,-0.141323,0.002271,-0.315799
30.604994,-1.030043,0.381913,0.795709,-0.611905,-0.954514,0.569392,-0.447499,-0.087859,-0.201164,0.953827,-0.203946,-0.495394,0.383503,-0.236067,-1.200809,-0.023655,1.837123,-1.932116,-1.362727,1.229686,-1.469608,-0.055315,0.024381,0.125303,0.000618,-0.141148,0.001551,-0.315124
30.605939,-1.031077,0.382966,0.794965,-0.611249,-0.952966,0.568925,-0.447076,-0.062829,-0.220826,0.978689,-0.208548,-0.494781,0.386295,-0.235767,-1.200919,-0.023609,1.837368,-1.932121,-1.363011,1.229686,-1.470225,-0.054551,0.023195,0.123496,-0.000345,-0.142005,0.001550,-0.311142
30.607029,-1.028209,0.379783,0.793694,-0.612068,-0.952717,0.569427,-0.447856,-0.062829,-0.220826,0.978689,-0.208548,-0.494781,0.386295,-0.235767,-1.200919,-0.023609,1.837368,-1.932121,-1.363011,1.229686,-1.470225,-0.054551,0.023195,0.123496,-0.000345,-0.142005,0.001550,-0.311142
30.607966,-1.032764,0.379115,0.793298,-0.612997,-0.950868,0.570258,-0.449788,-0.050626,-0.230240,0.990838,-0.210688,-0.494463,0.387698,-0.235638,-1.200974,-0.023582,1.837492,-1.932120,-1.363151,1.229687,-1.470528,-0.055448,0.024584,0.123319,0.000371,-0.141495,0.001050,-0.308154
30.609040,-1.028549,0.379218,0.793950,-0.614406,-0.951855,0.570161,-0.448744,-0.040215,-0.239198,1.001244,-0.213404,-0.494100,0.388965,-0.235526,-1.201021,-0.023558,1.837613,-1.932116,-1.363294,1.229686,-1.470812,-0.052679,0.024714,0.122645,0.001142,-0.142483,0.000232,-0.302965
30.609991,-1.027746,0.381912,0.790557,-0.612298,-0.952598,0.569357,-0.449313,-0.032313,-0.247626,1.009247,-0.217814,-0.493556,0.390042,-0.235413,-1.201075,-0.023533,1.837733,-1.932114,-1.363432,1.229686,-1.471117,-0.054287,0.024463,0.121534,0.002419,-0.140719,0.000352,-0.303706
30.610959,-1.029133,0.381354,0.793090,-0.612065,-0.950840,0.569587,-0.448373,-0.026736,-0.254903,1.015075,-0.223107,-0.492910,0.390948,-0.235327,-1.201128,-0.023514,1.837858,-1.932118,-1.363569,1.229688,-1.471409,-0.054141,0.022961,0.122338,0.000311,-0.139168,0.001159,-0.301198
30.612048,-1.027120,0.381064,0.788893,-0.613362,-0.948552,0.569352,-0.448395,-0.023954,-0.259714,1.018188,-0.227016,-0.492479,0.391632,-0.235304,-1.201177,-0.023491,1.837974,-1.932118,-1.363710,1.229688,-1.471711,-0.052951,0.023072,0.120254,0.000027,-0.140112,0.000930,-0.301728
30.612995,-1.025038,0.381122,0.788346,-0.613551,-0.948269,0.569665,-0.450179,-0.024257,-0.261819,1.018221,-0.229427,-0.492317,0.392036,-0.235353,-1.201232,-0.023468,1.838099,-1.932114,-1.363852,1.229690,-1.472011,-0.053425,0.023042,0.121560,0.001165,-0.141635,0.001172,-0.300274
30.613998,-1.027642,0.380862,0.787091,-0.612487,-0.947419,0.569504,-0.448731,-0.027052,-0.262054,1.015769,-0.231894,-0.492229,0.392181,-0.235433,-1.201287,-0.023445,1.838216,-1.932113,-1.363994,1.229688,-1.472292,-0.053902,0.022830,0.120991,0.001231,-0.141033,0.000878,-0.295380
30.614968,-1.028060,0.381415,0.790644,-0.612248,-0.946364,0.569818,-0.449071,-0.032296,-0.260499,1.010829,-0.234447,-0.492226,0.392077,-0.235519,-1.201335,-0.023420,1.838335,-1.932114,-1.364137,1.229688,-1.472596,-0.052112,0.022762,0.120820,0.000124,-0.141056,0.001050,-0.296951
30.616005,-1.026636,0.382407,0.792697,-0.612847,-0.946350,0.569489,-0.447825,-0.039796,-0.257040,1.003513,-0.236084,-0.492446,0.391762,-0.235641,-1.201387,-0.023400,1.838449,-1.932114,-1.364277,1.229686,-1.472888,-0.051382,0.022323,0.118245,-0.000180,-0.141290,0.000757,-0.294895
30.617097,-1.024578,0.382073,0.789019,-0.612533,-0.947290,0.569233,-0.448943,-0.047081,-0.252916,0.996296,-0.236681,-0.492804,0.391469,-0.235810,-1.201440,-0.023380,1.838562,-1.932113,-1.364415,1.229689,-1.473184,-0.051573,0.021687,0.116516,0.000307,-0.140518,0.001086,-0.296054
30.617943,-1.021007,0.381773,0.790750,-0.613398,-0.944634,0.570103,-0.449053,-0.052307,-0.249236,0.991092,-0.236675,-0.493163,0.391360,-0.235983,-1.201494,-0.023359,1.838681,-1.932114,-1.364550,1.229691,-1.473470,-0.052079,0.021713,0.117631,-0.000055,-0.138866,0.001344,-0.292431
30.619001,-1.023475,0.380618,0.789757,-0.613569,-0.945991,0.570327,-0.448712,-0.054992,-0.246601,0.988424,-0.236546,-0.493427,0.391463,-0.236106,-1.201548,-0.023337,1.838792,-1.932113,-1.364694,1.229689,-1.473753,-0.053305,0.021687,0.115922,0.000716,-0.140625,0.000486,-0.290952
30.619956,-1.020783,0.380470,0.788823,-0.612960,-0.946856,0.570718,-0.448168,-0.054512,-0.245824,0.988896,-0.237015,-0.493459,0.391821,-0.236174,-1.201596,-0.023315,1.838908,-1.932113,-1.364827,1.229690,-1.474041,-0.051579,0.022107,0.115706,0.000800,-0.138518,0.000271,-0.290303
30.620993,-1.021964,0.382408,0.787024,-0.613084,-0.946079,0.570657,-0.448038,-0.052224,-0.246392,0.991130,-0.237963,-0.493299,0.392309,-0.236214,-1.201651,-0.023294,1.839023,-1.932115,-1.364961,1.229692,-1.474330,-0.052394,0.022014,0.115381,0.000162,-0.136885,-0.000119,-0.290070
30.621954,-1.021347,0.381380,0.788713,-0.613622,-0.944337,0.570876,-0.449572,-0.050442,-0.246717,0.992827,-0.238579,-0.493097,0.392733,-0.236243,-1.201700,-0.023275,1.839136,-1.932113,-1.365098,1.229692,-1.474617,-0.051299,0.020898,0.115564,0.000182,-0.136917,-0.000043,-0.288996
30.622942,-1.021476,0.382046,0.786820,-0.613391,-0.946050,0.571173,-0.449984,-0.050391,-0.245835,0.992801,-0.238965,-0.492857,0.392988,-0.236270,-1.201751,-0.023253,1.839250,-1.932111,-1.365236,1.229692,-1.474895,-0.051109,0.021259,0.113938,0.000591,-0.137856,-0.000254,-0.284611
30.624047,-1.019051,0.384762,0.790146,-0.612605,-0.945104,0.569568,-0.450704,-0.051798,-0.244043,0.991372,-0.239568,-0.492536,0.393089,-0.236312,-1.201801,-0.023234,1.839365,-1.932111,-1.365367,1.229691,-1.475172,-0.050544,0.020779,0.114131,0.000275,-0.135391,-0.000536,-0.282527
30.625040,-1.023589,0.378795,0.787363,-0.613132,-0.947249,0.569800,-0.451121,-0.053670,-0.241626,0.989541,-0.239783,-0.492221,0.393109,-0.236400,-1.201853,-0.023218,1.839471,-1.932113,-1.365506,1.229694,-1.475447,-0.051263,0.019332,0.111849,-0.000550,-0.135626,0.001082,-0.279789
30.625941,-1.021407,0.379541,0.786872,-0.613826,-0.945717,0.570079,-0.449763,-0.055599,-0.238944,0.987678,-0.239204,-0.492004,0.393052,-0.236560,-1.201895,-0.023190,1.839587,-1.932113,-1.365632,1.229692,-1.475722,-0.048554,0.022120,0.112498,-0.000085,-0.132780,0.000856,-0.277685
30.627043,-1.018743,0.381408,0.791817,-0.613433,-0.945050,0.568810,-0.450204,-0.058501,-0.236620,0.984869,-0.238836,-0.491880,0.392821,-0.236816,-1.201947,-0.023171,1.839699,-1.932113,-1.365768,1.229692,-1.476000,-0.049149,0.021564,0.111944,0.000543,-0.133521,0.000587,-0.279165
30.627997,-1.016980,0.378190,0.789253,-0.614410,-0.944487,0.568460,-0.450567,-0.060615,-0.235715,0.982887,-0.239250,-0.491751,0.392590,-0.237175,-1.201998,-0.023151,1.839802,-1.932111,-1.365903,1.229695,-1.476274,-0.049992,0.020494,0.108886,0.000023,-0.133475,0.001870,-0.276958
30.628964,-1.017688,0.383619,0.789989,-0.613157,-0.944777,0.569545,-0.451356,-0.058305,-0.237835,0.985350,-0.240326,-0.491506,0.392677,-0.237600,-1.202050,-0.023127,1.839913,-1.932109,-1.366036,1.229697,-1.476544,-0.050343,0.021936,0.109466,0.000889,-0.133272,0.002211,-0.274984
30.630053,-1.016925,0.383666,0.789459,-0.612156,-0.942229,0.568867,-0.450643,-0.052609,-0.242107,0.991215,-0.241777,-0.491224,0.393020,-0.238050,-1.202097,-0.023113,1.840019,-1.932113,-1.366166,1.229693,-1.476811,-0.049515,0.019103,0.108401,-0.000369,-0.132250,0.001146,-0.272157
30.631060,-1.018358,0.380489,0.791531,-0.611951,-0.941213,0.569430,-0.450088,-0.047056,-0.245469,0.996939,-0.242282,-0.491156,0.393375,-0.238499,-1.202147,-0.023096,1.840127,-1.932115,-1.366301,1.229696,-1.477087,-0.049413,0.019004,0.108051,-0.001384,-0.134118,0.001836,-0.272319
30.631993,-1.015737,0.381875,0.791425,-0.611842,-0.940723,0.569384,-0.450570,-0.042281,-0.247484,1.001854,-0.241135,-0.491393,0.393682,-0.238935,-1.202192,-0.023071,1.840229,-1.932115,-1.366438,1.229697,-1.477358,-0.048251,0.020403,0.106409,-0.001659,-0.134347,0.001264,-0.272162
30.633112,-1.016688,0.383068,0.791576,-0.610892,-0.941007,0.570300,-0.450984,-0.036726,-0.249898,1.007511,-0.238914,-0.491826,0.394038,-0.239344,-1.202242,-0.023053,1.840332,-1.932116,-1.366574,1.229697,-1.477626,-0.049080,0.019559,0.105805,-0.001808,-0.134023,0.001326,-0.269945
30.634105,-1.018287,0.381953,0.791978,-0.612297,-0.940287,0.570558,-0.451641,-0.030321,-0.252692,1.013990,-0.235719,-0.492434,0.394463,-0.239692,-1.202287,-0.023035,1.840436,-1.932122,-1.366703,1.229692,-1.477892,-0.048169,0.018857,0.105174,-0.002712,-0.133097,0.000446,-0.267857
30.635019,-1.013998,0.385033,0.793016,-0.612727,-0.938635,0.570553,-0.451957,-0.024889,-0.254713,1.019491,-0.231904,-0.493226,0.394833,-0.239948,-1.202331,-0.023015,1.840539,-1.932121,-1.366840,1.229694,-1.478147,-0.046939,0.019286,0.104358,-0.001387,-0.133048,0.000194,-0.265345
30.636005,-1.015769,0.381434,0.792931,-0.612096,-0.938533,0.570309,-0.452655,-0.020637,-0.256067,1.023850,-0.228836,-0.494026,0.395156,-0.240098,-1.202382,-0.023000,1.840640,-1.932123,-1.366977,1.229695,-1.478408,-0.048588,0.017633,0.103183,-0.000987,-0.133874,0.000208,-0.263511
30.636976,-1.015810,0.384712,0.790403,-0.613798,-0.937800,0.570193,-0.452808,-0.016045,-0.257746,1.028597,-0.226964,-0.494705,0.395559,-0.240154,-1.202429,-0.022978,1.840740,-1.932125,-1.367112,1.229698,-1.478661,-0.047218,0.019287,0.102647,-0.001657,-0.133197,0.000444,-0.260923
30.638033,-1.015528,0.381610,0.790751,-0.612186,-0.936370,0.570881,-0.453169,-0.012470,-0.259230,1.032352,-0.226182,-0.495334,0.395913,-0.240148,-1.202476,-0.022964,1.840844,-1.932122,-1.367248,1.229697,-1.478918,-0.046745,0.017548,0.103269,-0.000064,-0.133147,0.000578,-0.259427
30.639096,-1.015108,0.382257,0.793700,-0.613236,-0.933288,0.571416,-0.452893,-0.012196,-0.259322,1.032821,-0.226462,-0.496003,0.396029,-0.240120,-1.202522,-0.022942,1.840946,-1.932129,-1.367382,1.229697,-1.479175,-0.046441,0.018960,0.102518,-0.001640,-0.133872,-0.000106,-0.257488
30.639983,-1.013844,0.383066,0.796107,-0.613016,-0.931421,0.569910,-0.452329,-0.013430,-0.259149,1.031751,-0.227293,-0.496703,0.396057,-0.240092,-1.202568,-0.022924,1.841041,-1.932127,-1.367524,1.229696,-1.479427,-0.046209,0.018508,0.100548,-0.000675,-0.136179,-0.000621,-0.256858
30.640944,-1.010339,0.383650,0.794386,-0.612783,-0.931215,0.570032,-0.453721,-0.009276,-0.263750,1.036082,-0.230192,-0.497777,0.396692,-0.240066,-1.202666,-0.022890,1.841236,-1.932132,-1.367803,1.229699,-1.479928,-0.047627,0.017581,0.099028,-0.001158,-0.136523,0.000774,-0.252837
30.642162,-1.012413,0.379865,0.796449,-0.611359,-0.928723,0.570300,-0.454083,-0.009276,-0.263750,1.036082,-0.230192,-0.497777,0.396692,-0.240066,-1.202666,-0.022890,1.841236,-1.932132,-1.367803,1.229699,-1.479928,-0.047627,0.017581,0.099028,-0.001158,-0.136523,0.000774,-0.252837
30.643099,-1.013731,0.381055,0.799248,-0.611857,-0.926972,0.569939,-0.454357,-0.002846,-0.268724,1.042491,-0.231009,-0.498293,0.397342,-0.240068,-1.202709,-0.022867,1.841330,-1.932139,-1.367948,1.229700,-1.480178,-0.046180,0.019340,0.097608,-0.002522,-0.138317,0.000513,-0.250922
30.644000,-1.011159,0.384167,0.793381,-0.612131,-0.924712,0.569386,-0.454004,0.005558,-0.275354,1.050758,-0.230680,-0.498955,0.398116,-0.240103,-1.202751,-0.022850,1.841422,-1.932138,-1.368085,1.229701,-1.480425,-0.045112,0.018604,0.095679,-0.002103,-0.139235,0.000883,-0.249222
30.645085,-1.008836,0.383327,0.796494,-0.611798,-0.923265,0.568366,-0.454674,0.013040,-0.281672,1.058111,-0.229703,-0.499783,0.398772,-0.240169,-1.202799,-0.022837,1.841522,-1.932140,-1.368229,1.229701,-1.480671,-0.045940,0.016962,0.098006,-0.001855,-0.140598,0.001448,-0.248800
30.646064,-1.007685,0.383457,0.795519,-0.611366,-0.920008,0.569790,-0.454149,0.017391,-0.285848,1.062479,-0.228465,-0.500780,0.399137,-0.240229,-1.202846,-0.022818,1.841616,-1.932141,-1.368373,1.229703,-1.480913,-0.046647,0.017284,0.095955,-0.002247,-0.141238,0.002474,-0.246279
30.646955,-1.007591,0.386661,0.797564,-0.613332,-0.918589,0.569267,-0.454267,0.020542,-0.289011,1.065785,-0.226789,-0.501893,0.399388,-0.240257,-1.202894,-0.022802,1.841712,-1.932143,-1.368521,1.229702,-1.481155,-0.046747,0.017107,0.095917,-0.002708,-0.143615,0.001041,-0.246213
30.648027,-1.002611,0.385994,0.797456,-0.612131,-0.918075,0.569523,-0.454963,0.023579,-0.291785,1.069105,-0.225195,-0.502984,0.399652,-0.240266,-1.202940,-0.022787,1.841803,-1.932140,-1.368666,1.229703,-1.481398,-0.046327,0.015399,0.094333,-0.000864,-0.144090,0.001589,-0.244835
30.648997,-1.002881,0.384638,0.799096,-0.612911,-0.915486,0.569700,-0.453637,0.026865,-0.294172,1.072817,-0.224304,-0.503917,0.399979,-0.240275,-1.202991,-0.022770,1.841898,-1.932144,-1.368811,1.229703,-1.481636,-0.048340,0.015653,0.093922,-0.002076,-0.143775,0.001338,-0.242289
30.650067,-1.001333,0.388330,0.799193,-0.612733,-0.916348,0.570406,-0.454277,0.032471,-0.297624,1.078950,-0.223800,-0.504643,0.400525,-0.240279,-1.203036,-0.022752,1.841985,-1.932143,-1.368961,1.229704,-1.481878,-0.047738,0.016212,0.092645,-0.001373,-0.145463,0.001168,-0.243842
30.651100,-1.001788,0.385783,0.797142,-0.613212,-0.914201,0.570694,-0.454034,0.040302,-0.302231,1.087364,-0.223463,-0.505184,0.401272,-0.240266,-1.203083,-0.022741,1.842078,-1.932145,-1.369106,1.229703,-1.482116,-0.048075,0.014316,0.092156,-0.001585,-0.143749,0.000474,-0.241381
30.652035,-0.999555,0.386618,0.795995,-0.612366,-0.914370,0.570062,-0.454045,0.047683,-0.306282,1.095385,-0.223306,-0.505622,0.402006,-0.240230,-1.203127,-0.022724,1.842173,-1.932144,-1.369250,1.229705,-1.482355,-0.047408,0.015506,0.092686,-0.001202,-0.145097,0.000192,-0.240748
30.652956,-1.001401,0.386971,0.795521,-0.613518,-0.913532,0.569634,-0.454516,0.052583,-0.308853,1.100988,-0.222928,-0.506488,0.402746,-0.240141,-1.203221,-0.022696,1.842357,-1.932147,-1.369534,1.229708,-1.482823,-0.046660,0.014743,0.092427,-0.000949,-0.144010,0.001263,-0.237575
30.654080,-0.997824,0.382185,0.794244,-0.613357,-0.914744,0.569984,-0.453723,0.053890,-0.309414,1.103035,-0.222928,-0.506488,0.402746,-0.240141,-1.203221,-0.022696,1.842357,-1.932147,-1.369534,1.229708,-1.482823,-0.046660,0.014743,0.092427,-0.000949,-0.144010,0.001263,-0.237575
30.654976,-0.997691,0.388430,0.794305,-0.614101,-0.914037,0.569997,-0.453484,0.052038,-0.308617,1.101936,-0.223083,-0.506913,0.402641,-0.240121,-1.203272,-0.022674,1.842449,-1.932148,-1.369674,1.229709,-1.483059,-0.047987,0.017005,0.092664,-0.001183,-0.142037,0.000913,-0.238042
30.655982,-0.997265,0.385835,0.795952,-0.614294,-0.913940,0.570453,-0.451877,0.048520,-0.307504,1.099173,-0.223840,-0.507287,0.402341,-0.240135,-1.203319,-0.022668,1.842540,-1.932147,-1.369818,1.229709,-1.483296,-0.047568,0.013844,0.092091,-0.000532,-0.141856,0.000913,-0.237403
30.656993,-0.999841,0.389452,0.794548,-0.614250,-0.912994,0.569211,-0.451747,0.043776,-0.305590,1.095164,-0.225040,-0.507626,0.401906,-0.240190,-1.203365,-0.022650,1.842628,-1.932147,-1.369959,1.229710,-1.483542,-0.047330,0.015064,0.090823,-0.000418,-0.141137,0.000460,-0.239481
30.657981,-1.003125,0.384866,0.797912,-0.614968,-0.911889,0.569839,-0.450413,0.037028,-0.302048,1.089090,-0.226569,-0.507998,0.401271,-0.240271,-1.203408,-0.022641,1.842720,-1.932148,-1.370101,1.229712,-1.483777,-0.045616,0.013212,0.091062,-0.000522,-0.141266,0.001715,-0.238595
30.659061,-0.998259,0.386905,0.795992,-0.615060,-0.910294,0.570652,-0.447976,0.026969,-0.296425,1.079634,-0.228544,-0.508488,0.400313,-0.240368,-1.203449,-0.022621,1.842804,-1.932146,-1.370246,1.229709,-1.484020,-0.043587,0.015404,0.088965,0.000086,-0.141504,0.001102,-0.240140
30.660019,-0.998193,0.388843,0.799534,-0.615699,-0.908627,0.569670,-0.447116,0.004961,-0.285176,1.058680,-0.235009,-0.509511,0.398146,-0.240692,-1.203542,-0.022598,1.842980,-1.932145,-1.370533,1.229710,-1.484512,-0.045168,0.013298,0.087298,0.000651,-0.143112,0.001301,-0.244400
30.661031,-1.001164,0.387925,0.800358,-0.615879,-0.908721,0.569054,-0.445114,0.004961,-0.285176,1.058680,-0.235009,-0.509511,0.398146,-0.240692,-1.203542,-0.022598,1.842980,-1.932145,-1.370533,1.229710,-1.484512,-0.045168,0.013298,0.087298,0.000651,-0.143112,0.001301,-0.244400
30.661948,-0.999382,0.390338,0.798564,-0.616096,-0.906318,0.569440,-0.445252,-0.011089,-0.277077,1.043345,-0.244081,-0.510178,0.396313,-0.241212,-1.203626,-0.022575,1.843149,-1.932144,-1.370817,1.229708,-1.485009,-0.043768,0.012460,0.086975,0.000876,-0.143725,0.001552,-0.245779
30.663056,-0.998000,0.392121,0.803797,-0.614359,-0.906735,0.569944,-0.443295,-0.011089,-0.277077,1.043345,-0.244081,-0.510178,0.396313,-0.241212,-1.203626,-0.022575,1.843149,-1.932144,-1.370817,1.229708,-1.485009,-0.043768,0.012460,0.086975,0.000876,-0.143725,0.001552,-0.245779
30.663960,-0.996479,0.390955,0.800747,-0.616162,-0.907142,0.570193,-0.441490,-0.018761,-0.272504,1.035971,-0.248236,-0.510527,0.395374,-0.241525,-1.203670,-0.022567,1.843226,-1.932148,-1.370958,1.229711,-1.485260,-0.044046,0.011574,0.084080,-0.000875,-0.142530,0.001041,-0.248533
30.664972,-0.997991,0.393263,0.804428,-0.613791,-0.904858,0.569280,-0.441548,-0.023997,-0.268456,1.031035,-0.250897,-0.510895,0.394650,-0.241872,-1.203714,-0.022553,1.843315,-1.932144,-1.371094,1.229709,-1.485513,-0.044375,0.012094,0.085135,0.000809,-0.141291,0.000820,-0.250971
30.665992,-1.000071,0.389166,0.808564,-0.614825,-0.904718,0.570479,-0.439823,-0.027003,-0.265132,1.028349,-0.252201,-0.511232,0.394113,-0.242235,-1.203756,-0.022544,1.843393,-1.932150,-1.371239,1.229713,-1.485759,-0.043208,0.010910,0.082955,-0.001541,-0.142750,0.001731,-0.249657
30.666949,-0.996451,0.389918,0.806057,-0.615812,-0.906745,0.569429,-0.439857,-0.027870,-0.262817,1.027807,-0.252060,-0.511492,0.393734,-0.242581,-1.203794,-0.022526,1.843471,-1.932148,-1.371380,1.229711,-1.486017,-0.041811,0.012870,0.080580,-0.000591,-0.142068,0.000532,-0.251926
30.667951,-0.996663,0.390279,0.808871,-0.614425,-0.907802,0.569572,-0.438698,-0.025528,-0.262965,1.030510,-0.251420,-0.511513,0.393586,-0.242900,-1.203841,-0.022515,1.843552,-1.932145,-1.371515,1.229716,-1.486264,-0.043186,0.012434,0.081483,0.000246,-0.139230,0.001591,-0.250669
30.669115,-0.997490,0.390616,0.809700,-0.614602,-0.908869,0.570015,-0.437989,-0.013768,-0.269314,1.043118,-0.249352,-0.510961,0.393788,-0.243414,-1.203924,-0.022493,1.843708,-1.932151,-1.371778,1.229714,-1.486776,-0.041873,0.012028,0.079119,-0.000993,-0.135773,0.001027,-0.251991
30.670092,-0.992283,0.388249,0.806750,-0.614817,-0.910619,0.570012,-0.437929,-0.013768,-0.269314,1.043118,-0.249352,-0.510961,0.393788,-0.243414,-1.203924,-0.022493,1.843708,-1.932151,-1.371778,1.229714,-1.486776,-0.041873,0.012028,0.079119,-0.000993,-0.135773,0.001027,-0.251991
30.671023,-0.995875,0.389916,0.805624,-0.615521,-0.911094,0.570639,-0.436853,0.000856,-0.278605,1.058500,-0.244341,-0.510458,0.394182,-0.243623,-1.204010,-0.022469,1.843872,-1.932149,-1.372039,1.229716,-1.487280,-0.041840,0.012272,0.080374,-0.000258,-0.132071,0.000413,-0.251917
30.672014,-0.997553,0.387607,0.806850,-0.617518,-0.912534,0.570019,-0.438225,0.000856,-0.278605,1.058500,-0.244341,-0.510458,0.394182,-0.243623,-1.204010,-0.022469,1.843872,-1.932149,-1.372039,1.229716,-1.487280,-0.041840,0.012272,0.080374,-0.000258,-0.132071,0.000413,-0.251917
30.673060,-0.995698,0.387596,0.807711,-0.615854,-0.911953,0.571282,-0.437477,0.003929,-0.283850,1.062212,-0.243505,-0.510239,0.393633,-0.243640,-1.204089,-0.022442,1.844024,-1.932149,-1.372293,1.229716,-1.487772,-0.041214,0.013304,0.078757,-0.000096,-0.129882,-0.000215,-0.248336
30.674001,-0.991229,0.388673,0.808569,-0.615964,-0.911672,0.571149,-0.438007,0.003953,-0.286260,1.062498,-0.244465,-0.510233,0.393287,-0.243621,-1.204137,-0.022431,1.844101,-1.932149,-1.372420,1.229717,-1.488013,-0.042991,0.012721,0.077990,-0.000034,-0.129448,-0.000062,-0.246118
30.675064,-0.994028,0.389401,0.807932,-0.615497,-0.911947,0.571068,-0.438034,0.003953,-0.286260,1.062498,-0.244465,-0.510233,0.393287,-0.243621,-1.204137,-0.022431,1.844101,-1.932149,-1.372420,1.229717,-1.488013,-0.042991,0.012721,0.077990,-0.000034,-0.129448,-0.000062,-0.246118
30.676019,-0.991922,0.391786,0.813557,-0.615815,-0.912049,0.571493,-0.437147,0.005541,-0.289087,1.064303,-0.244753,-0.510365,0.393131,-0.243589,-1.204173,-0.022420,1.844179,-1.932151,-1.372546,1.229717,-1.488256,-0.041230,0.012328,0.078033,-0.000542,-0.128538,0.000031,-0.244918
30.676960,-0.993202,0.388050,0.811961,-0.614727,-0.912726,0.571012,-0.438274,0.007825,-0.291337,1.066757,-0.244209,-0.510654,0.393098,-0.243580,-1.204216,-0.022409,1.844249,-1.932151,-1.372672,1.229715,-1.488500,-0.041890,0.011084,0.074949,-0.000288,-0.127746,-0.000379,-0.245563
30.678128,-0.993858,0.388489,0.810967,-0.615565,-0.914441,0.571042,-0.437261,0.011592,-0.293476,1.070660,-0.242684,-0.511070,0.393248,-0.243626,-1.204256,-0.022393,1.844324,-1.932153,-1.372794,1.229717,-1.488741,-0.040858,0.012890,0.075456,-0.001410,-0.126398,0.000113,-0.242142
30.679007,-0.992624,0.389977,0.811947,-0.615182,-0.913725,0.570439,-0.436942,0.015549,-0.295488,1.074773,-0.240299,-0.511646,0.393442,-0.243740,-1.204295,-0.022382,1.844399,-1.932153,-1.372913,1.229719,-1.488983,-0.040183,0.012626,0.075774,-0.000639,-0.124176,0.000077,-0.243035
30.679966,-0.993156,0.385855,0.815344,-0.615512,-0.915360,0.570282,-0.437007,0.017174,-0.296132,1.076623,-0.237531,-0.512400,0.393454,-0.243918,-1.204336,-0.022373,1.844472,-1.932154,-1.373038,1.229720,-1.489225,-0.040411,0.011851,0.074943,-0.001084,-0.124179,0.000690,-0.242539
30.681010,-0.989567,0.387113,0.815012,-0.614716,-0.914880,0.570261,-0.436285,0.017936,-0.296251,1.077638,-0.234736,-0.513199,0.393394,-0.244136,-1.204374,-0.022356,1.844540,-1.932156,-1.373159,1.229721,-1.489460,-0.039781,0.013833,0.073006,-0.000778,-0.121883,0.000847,-0.241294
30.682023,-0.992116,0.387679,0.816843,-0.616511,-0.917951,0.569448,-0.437792,0.020998,-0.298027,1.080923,-0.231897,-0.513900,0.393512,-0.244361,-1.204416,-0.022345,1.844612,-1.932158,-1.373281,1.229720,-1.489701,-0.041193,0.013145,0.072972,-0.001609,-0.121783,0.000888,-0.241605
30.683007,-0.990669,0.387701,0.819389,-0.617717,-0.918833,0.568576,-0.438381,0.026358,-0.301301,1.086469,-0.229164,-0.514451,0.393816,-0.244564,-1.204452,-0.022335,1.844684,-1.932156,-1.373391,1.229721,-1.489934,-0.039571,0.012834,0.071815,0.000081,-0.118177,0.001716,-0.237433
30.683991,-0.990313,0.387828,0.821635,-0.617071,-0.919082,0.568733,-0.438622,0.032319,-0.304948,1.092581,-0.227682,-0.514781,0.394173,-0.244726,-1.204492,-0.022323,1.844750,-1.932154,-1.373505,1.229722,-1.490164,-0.039929,0.012775,0.070354,0.001170,-0.116752,0.002595,-0.235182
30.684958,-0.991224,0.385909,0.821239,-0.616949,-0.919245,0.569612,-0.437903,0.039295,-0.309239,1.099653,-0.227937,-0.514845,0.394617,-0.244840,-1.204531,-0.022310,1.844816,-1.932156,-1.373616,1.229722,-1.490390,-0.039735,0.012655,0.069053,0.000471,-0.115981,0.002435,-0.233629
30.686059,-0.990708,0.388254,0.823944,-0.618315,-0.918984,0.569341,-0.438200,0.047430,-0.314219,1.107829,-0.228907,-0.514781,0.395172,-0.244910,-1.204568,-0.022295,1.844883,-1.932156,-1.373733,1.229722,-1.490624,-0.038932,0.013539,0.069060,0.000294,-0.115219,0.001564,-0.233980
30.686959,-0.988504,0.384729,0.823280,-0.617748,-0.918998,0.568649,-0.437601,0.055381,-0.319144,1.115814,-0.230289,-0.514680,0.395745,-0.244947,-1.204607,-0.022288,1.844947,-1.932153,-1.373849,1.229721,-1.490853,-0.038851,0.012360,0.067599,0.001503,-0.114979,0.001864,-0.232257
30.687980,-0.987071,0.389268,0.823398,-0.616837,-0.920616,0.570207,-0.437764,0.063179,-0.324097,1.123691,-0.232449,-0.514501,0.396326,-0.244961,-1.204647,-0.022272,1.845014,-1.932153,-1.373963,1.229725,-1.491085,-0.039574,0.014045,0.067704,0.000852,-0.114358,0.002542,-0.232383
30.689004,-0.991885,0.389450,0.827553,-0.616301,-0.920534,0.570730,-0.437382,0.071123,-0.328973,1.131751,-0.234433,-0.514353,0.396944,-0.244969,-1.204687,-0.022265,1.845080,-1.932155,-1.374073,1.229723,-1.491313,-0.039912,0.011752,0.067481,-0.000096,-0.112227,0.000992,-0.230954
30.689953,-0.989335,0.387762,0.825731,-0.616958,-0.921172,0.570937,-0.436441,0.077454,-0.331837,1.138179,-0.234705,-0.514467,0.397506,-0.244976,-1.204718,-0.022253,1.845138,-1.932157,-1.374185,1.229724,-1.491546,-0.037212,0.011636,0.065322,-0.000654,-0.111805,0.000485,-0.230616
30.690978,-0.990115,0.391645,0.828847,-0.617545,-0.922238,0.570593,-0.436760,0.080830,-0.331879,1.141615,-0.233320,-0.514868,0.397917,-0.244995,-1.204757,-0.022238,1.845206,-1.932157,-1.374291,1.229722,-1.491774,-0.038146,0.012410,0.066030,-0.000057,-0.110664,0.000302,-0.231429
30.692000,-0.992096,0.387967,0.832955,-0.616746,-0.922447,0.571203,-0.435621,0.081600,-0.329840,1.142423,-0.231451,-0.515394,0.398187,-0.245044,-1.204791,-0.022232,1.845265,-1.932156,-1.374400,1.229725,-1.492002,-0.037440,0.010456,0.064368,0.000426,-0.109116,0.000644,-0.229673
30.692921,-0.987671,0.390709,0.833223,-0.616319,-0.923562,0.571212,-0.437395,0.081027,-0.326573,1.141848,-0.229532,-0.515946,0.398404,-0.245135,-1.204825,-0.022214,1.845324,-1.932156,-1.374507,1.229727,-1.492235,-0.036144,0.012217,0.062235,-0.000457,-0.108445,0.000027,-0.230868
30.693996,-0.991360,0.391916,0.831928,-0.617855,-0.924569,0.570826,-0.437228,0.081471,-0.323653,1.142235,-0.227025,-0.516523,0.398745,-0.245266,-1.204868,-0.022205,1.845387,-1.932158,-1.374611,1.229725,-1.492453,-0.037967,0.010802,0.061935,-0.000904,-0.106822,0.000043,-0.226225
30.694944,-0.990523,0.390901,0.833554,-0.618668,-0.924614,0.570913,-0.437073,0.082139,-0.320568,1.142844,-0.224029,-0.517145,0.399129,-0.245426,-1.204899,-0.022195,1.845451,-1.932153,-1.374714,1.229726,-1.492680,-0.035826,0.010186,0.062493,0.000461,-0.105421,0.000446,-0.225501
30.695965,-0.985624,0.391618,0.836588,-0.619403,-0.924071,0.571184,-0.437452,0.079710,-0.315626,1.140419,-0.221966,-0.517763,0.399268,-0.245615,-1.204936,-0.022185,1.845512,-1.932151,-1.374816,1.229726,-1.492901,-0.035921,0.010676,0.061519,0.001148,-0.104933,0.000364,-0.224764
30.696956,-0.988234,0.391398,0.834941,-0.618936,-0.924233,0.570455,-0.437609,0.076359,-0.310617,1.137147,-0.221921,-0.518172,0.399333,-0.245837,-1.204979,-0.022176,1.845569,-1.932149,-1.374918,1.229726,-1.493117,-0.037981,0.010297,0.059944,0.001755,-0.105063,0.000104,-0.222948
30.697942,-0.990366,0.391692,0.836418,-0.619740,-0.923486,0.570145,-0.438522,0.075066,-0.307311,1.135966,-0.223654,-0.518282,0.399564,-0.246084,-1.205010,-0.022167,1.845631,-1.932151,-1.375021,1.229727,-1.493339,-0.036365,0.010393,0.060655,0.001251,-0.104448,0.000845,-0.221576
30.698950,-0.991562,0.390058,0.835625,-0.617445,-0.925849,0.570097,-0.438929,0.072949,-0.303972,1.133950,-0.226611,-0.518252,0.399690,-0.246335,-1.205043,-0.022157,1.845688,-1.932148,-1.375124,1.229726,-1.493552,-0.035011,0.010219,0.059828,0.001917,-0.104755,0.001167,-0.218710
30.699983,-0.991331,0.392861,0.838922,-0.616970,-0.927068,0.570187,-0.439399,0.067041,-0.298879,1.128103,-0.229786,-0.518305,0.399444,-0.246572,-1.205076,-0.022145,1.845748,-1.932153,-1.375221,1.229727,-1.493768,-0.034128,0.010999,0.060143,-0.000351,-0.101996,0.001219,-0.216864
30.700965,-0.987961,0.390862,0.838127,-0.617565,-0.928210,0.570610,-0.438972,0.057640,-0.291791,1.118699,-0.231201,-0.518658,0.398860,-0.246783,-1.205110,-0.022138,1.845803,-1.932154,-1.375317,1.229730,-1.493979,-0.033947,0.009589,0.058443,-0.000881,-0.100431,0.001121,-0.214897
30.701947,-0.992484,0.388523,0.842785,-0.618351,-0.929021,0.570539,-0.438834,0.047316,-0.283862,1.108307,-0.230290,-0.519264,0.398176,-0.246972,-1.205147,-0.022128,1.845863,-1.932153,-1.375412,1.229731,-1.494192,-0.035315,0.010596,0.058756,-0.000361,-0.098926,0.000700,-0.214745
30.703006,-0.990859,0.390765,0.838596,-0.618599,-0.930538,0.570391,-0.439754,0.038831,-0.277402,1.099699,-0.228656,-0.519834,0.397612,-0.247154,-1.205173,-0.022116,1.845915,-1.932151,-1.375503,1.229731,-1.494406,-0.032774,0.011693,0.056253,0.000319,-0.097643,0.000782,-0.213880
30.703945,-0.987944,0.389538,0.839478,-0.618968,-0.930798,0.570100,-0.439876,0.031492,-0.272574,1.092220,-0.227619,-0.520253,0.397102,-0.247324,-1.205207,-0.022107,1.845975,-1.932149,-1.375596,1.229732,-1.494606,-0.033226,0.010455,0.057783,0.000479,-0.095220,0.000906,-0.210607
30.704904,-0.987597,0.392322,0.840616,-0.615593,-0.932814,0.571101,-0.441999,0.023854,-0.268234,1.084491,-0.227366,-0.520541,0.396541,-0.247469,-1.205242,-0.022095,1.846028,-1.932147,-1.375688,1.229733,-1.494813,-0.034291,0.010965,0.056784,0.000786,-0.094083,0.001176,-0.209009
30.706043,-0.989247,0.392190,0.837596,-0.615510,-0.933905,0.569858,-0.441219,0.017327,-0.264499,1.077915,-0.226403,-0.520824,0.396069,-0.247581,-1.205276,-0.022090,1.846083,-1.932154,-1.375772,1.229730,-1.495008,-0.034064,0.009505,0.055665,-0.002502,-0.091240,0.000160,-0.203393
30.706996,-0.987824,0.390145,0.835763,-0.616617,-0.934336,0.569672,-0.440939,0.011160,-0.260108,1.071691,-0.222445,-0.521412,0.395647,-0.247647,-1.205306,-0.022079,1.846140,-1.932154,-1.375857,1.229733,-1.495208,-0.032888,0.009473,0.056642,-0.002580,-0.089346,0.001385,-0.203553
30.707968,-0.990394,0.388362,0.838388,-0.619040,-0.933769,0.570665,-0.441209,0.002468,-0.253744,1.062950,-0.216150,-0.522352,0.395003,-0.247665,-1.205340,-0.022067,1.846199,-1.932152,-1.375939,1.229733,-1.495409,-0.033228,0.010377,0.056958,-0.001537,-0.088132,0.001543,-0.202751
30.709024,-0.988027,0.388994,0.840695,-0.616963,-0.934987,0.571099,-0.440171,-0.008295,-0.247064,1.052183,-0.210942,-0.523252,0.394132,-0.247646,-1.205371,-0.022055,1.846248,-1.932146,-1.376023,1.229732,-1.495603,-0.031577,0.011147,0.055142,0.000717,-0.087905,0.000531,-0.200861
30.710030,-0.984863,0.390819,0.840485,-0.619181,-0.935824,0.571360,-0.441152,-0.018028,-0.242365,1.042499,-0.208337,-0.523834,0.393306,-0.247594,-1.205405,-0.022046,1.846298,-1.932151,-1.376103,1.229731,-1.495806,-0.032390,0.010722,0.053511,-0.001303,-0.085905,0.000088,-0.201544
30.711089,-0.984964,0.390869,0.836227,-0.618232,-0.936241,0.569573,-0.440625,-0.023897,-0.240574,1.036770,-0.207399,-0.524100,0.392810,-0.247512,-1.205441,-0.022038,1.846350,-1.932145,-1.376181,1.229731,-1.495997,-0.033561,0.009727,0.053119,0.000790,-0.084329,-0.000190,-0.198197
30.712000,-0.982374,0.388918,0.839174,-0.618823,-0.936870,0.568637,-0.440670,-0.026952,-0.240475,1.034018,-0.207757,-0.524128,0.392563,-0.247426,-1.205472,-0.022030,1.846408,-1.932149,-1.376261,1.229735,-1.496193,-0.033144,0.009638,0.054698,-0.000128,-0.083147,0.001574,-0.197887
30.712958,-0.983967,0.389685,0.841308,-0.618383,-0.937929,0.569827,-0.440031,-0.029153,-0.241024,1.032287,-0.209190,-0.524034,0.392347,-0.247363,-1.205508,-0.022019,1.846458,-1.932146,-1.376342,1.229737,-1.496385,-0.034041,0.010505,0.052695,0.000374,-0.081735,0.002473,-0.196496
30.714037,-0.981012,0.389241,0.840771,-0.618725,-0.938384,0.569397,-0.439630,-0.028932,-0.243294,1.033063,-0.211141,-0.523853,0.392273,-0.247327,-1.205537,-0.022010,1.846506,-1.932147,-1.376416,1.229736,-1.496581,-0.032899,0.010019,0.051158,-0.000072,-0.079969,0.001252,-0.196453
30.715004,-0.985237,0.387770,0.837928,-0.618829,-0.939770,0.570087,-0.438867,-0.025355,-0.247675,1.037215,-0.213268,-0.523606,0.392456,-0.247323,-1.205572,-0.022000,1.846557,-1.932147,-1.376489,1.229736,-1.496773,-0.033994,0.010149,0.050952,0.000242,-0.078826,0.001678,-0.195857
30.715963,-0.981817,0.390098,0.842914,-0.618156,-0.939376,0.569778,-0.437734,-0.021103,-0.252699,1.042066,-0.215563,-0.523405,0.392702,-0.247363,-1.205598,-0.021990,1.846610,-1.932147,-1.376560,1.229734,-1.496968,-0.031548,0.010784,0.051862,0.000314,-0.076748,0.000969,-0.196052
30.717033,-0.981776,0.387567,0.839362,-0.616639,-0.939098,0.570023,-0.438811,-0.018242,-0.257110,1.045547,-0.217836,-0.523346,0.392862,-0.247455,-1.205634,-0.021984,1.846653,-1.932149,-1.376633,1.229735,-1.497168,-0.032885,0.009545,0.048928,-0.000352,-0.076466,0.001266,-0.196973
30.718025,-0.981457,0.389511,0.839760,-0.619714,-0.940454,0.569718,-0.437947,-0.015369,-0.261225,1.049036,-0.219014,-0.523467,0.393076,-0.247584,-1.205666,-0.021971,1.846705,-1.932155,-1.376705,1.229735,-1.497359,-0.032526,0.010693,0.050245,-0.001772,-0.076055,0.000995,-0.193397
30.718924,-0.982116,0.388300,0.842131,-0.618065,-0.943092,0.569775,-0.437700,-0.012768,-0.264942,1.052260,-0.219428,-0.523682,0.393317,-0.247732,-1.205700,-0.021963,1.846752,-1.932149,-1.376775,1.229737,-1.497554,-0.032297,0.009620,0.049568,0.001188,-0.074016,0.001279,-0.193811
30.719999,-0.978628,0.390208,0.838798,-0.618393,-0.943621,0.570443,-0.436792,-0.011571,-0.267827,1.054084,-0.220368,-0.523841,0.393481,-0.247889,-1.205731,-0.021953,1.846795,-1.932152,-1.376839,1.229736,-1.497739,-0.031607,0.010138,0.047955,-0.000474,-0.070750,0.001207,-0.193033
30.720967,-0.980300,0.391123,0.841900,-0.620518,-0.945489,0.569574,-0.436135,-0.011135,-0.269977,1.055103,-0.221247,-0.523979,0.393619,-0.248038,-1.205766,-0.021945,1.846846,-1.932150,-1.376907,1.229736,-1.497935,-0.032979,0.009094,0.049165,-0.000202,-0.069598,0.000513,-0.193460
30.721997,-0.981448,0.390885,0.842288,-0.618831,-0.945267,0.569992,-0.436376,-0.011615,-0.271042,1.055159,-0.222140,-0.524090,0.393722,-0.248178,-1.205796,-0.021937,1.846890,-1.932146,-1.376970,1.229737,-1.498123,-0.031777,0.008562,0.047165,0.001812,-0.067126,0.001375,-0.193459
30.723152,-0.980188,0.393758,0.840437,-0.619318,-0.948280,0.570901,-0.435117,-0.013431,-0.270805,1.053842,-0.223877,-0.524093,0.393739,-0.248306,-1.205825,-0.021928,1.846934,-1.932149,-1.377033,1.229737,-1.498315,-0.030868,0.008597,0.046580,0.000146,-0.066767,0.000926,-0.191598
30.723943,-0.979992,0.390041,0.840414,-0.618951,-0.947735,0.568409,-0.435616,-0.017403,-0.268578,1.050338,-0.225540,-0.524144,0.393607,-0.248410,-1.205857,-0.021924,1.846982,-1.932148,-1.377090,1.229734,-1.498512,-0.031150,0.007123,0.047069,0.000585,-0.063197,0.000004,-0.192692
30.724963,-0.978337,0.392221,0.841066,-0.617465,-0.947035,0.568661,-0.434827,-0.023946,-0.264206,1.044270,-0.226534,-0.524359,0.393278,-0.248491,-1.205889,-0.021912,1.847027,-1.932149,-1.377152,1.229741,-1.498696,-0.030873,0.008877,0.046618,0.000225,-0.063183,0.002478,-0.190467
30.725963,-0.977640,0.391210,0.840580,-0.617682,-0.949070,0.569676,-0.433371,-0.031434,-0.259086,1.037257,-0.226661,-0.524721,0.392828,-0.248549,-1.205919,-0.021905,1.847070,-1.932154,-1.377216,1.229739,-1.498884,-0.031372,0.007688,0.045887,-0.001196,-0.063276,0.002188,-0.190733
30.727041,-0.978953,0.389076,0.843229,-0.618115,-0.949040,0.570843,-0.432906,-0.038229,-0.254078,1.030908,-0.225279,-0.525238,0.392395,-0.248585,-1.205951,-0.021895,1.847115,-1.932152,-1.377270,1.229738,-1.499080,-0.031347,0.008113,0.045713,-0.001038,-0.060713,0.001156,-0.192295
30.727956,-0.978420,0.389583,0.839864,-0.619103,-0.951166,0.570760,-0.431967,-0.043366,-0.250020,1.026186,-0.222923,-0.525825,0.392112,-0.248619,-1.205979,-0.021886,1.847156,-1.932150,-1.377327,1.229736,-1.499269,-0.030371,0.009091,0.044010,-0.000676,-0.060222,-0.000022,-0.191829
30.728962,-0.981028,0.392859,0.840841,-0.616961,-0.953753,0.571707,-0.432847,-0.047155,-0.247392,1.022793,-0.221042,-0.526338,0.391967,-0.248664,-1.206010,-0.021879,1.847203,-1.932146,-1.377377,1.229739,-1.499462,-0.030296,0.008760,0.045263,0.000198,-0.057607,0.000040,-0.192418
30.729988,-0.979407,0.389413,0.845410,-0.617625,-0.954038,0.571135,-0.432602,-0.052704,-0.243945,1.017610,-0.219465,-0.526902,0.391718,-0.248711,-1.206037,-0.021876,1.847245,-1.932151,-1.377424,1.229737,-1.499644,-0.028670,0.007093,0.044362,-0.001884,-0.054576,-0.000922,-0.189317
30.731059,-0.978082,0.390790,0.842558,-0.618220,-0.954305,0.570634,-0.432002,-0.060098,-0.238972,1.010478,-0.216957,-0.527663,0.391365,-0.248751,-1.206067,-0.021864,1.847281,-1.932150,-1.377477,1.229740,-1.499832,-0.029156,0.008724,0.041740,-0.001262,-0.053825,-0.000369,-0.188482
30.731989,-0.978651,0.391121,0.843633,-0.618919,-0.956372,0.570988,-0.431776,-0.065826,-0.234907,1.004894,-0.214127,-0.528412,0.391154,-0.248798,-1.206098,-0.021857,1.847327,-1.932149,-1.377526,1.229740,-1.500020,-0.029472,0.007949,0.042770,-0.000712,-0.053100,0.000108,-0.188323
30.733004,-0.977048,0.391308,0.842788,-0.619041,-0.958093,0.570890,-0.431545,-0.070004,-0.231998,1.000815,-0.212316,-0.528946,0.391042,-0.248856,-1.206126,-0.021852,1.847367,-1.932149,-1.377570,1.229738,-1.500203,-0.028851,0.007746,0.041843,-0.000043,-0.050606,-0.000259,-0.187500
30.734013,-0.977484,0.391415,0.845660,-0.619444,-0.960566,0.571010,-0.431578,-0.074101,-0.229268,0.996795,-0.211828,-0.529240,0.390914,-0.248917,-1.206157,-0.021846,1.847409,-1.932149,-1.377613,1.229740,-1.500386,-0.029317,0.007600,0.041892,0.000049,-0.048497,-0.000188,-0.186644
30.734941,-0.975554,0.392918,0.843024,-0.619524,-0.961117,0.569857,-0.430572,-0.077492,-0.227038,0.993430,-0.212402,-0.529291,0.390818,-0.248971,-1.206183,-0.021841,1.847446,-1.932148,-1.377654,1.229739,-1.500566,-0.028789,0.007495,0.040109,0.000392,-0.045632,-0.000319,-0.185271
30.735960,-0.977623,0.394231,0.844616,-0.618220,-0.963975,0.571073,-0.431476,-0.079963,-0.225265,0.990910,-0.213680,-0.529138,0.390763,-0.249018,-1.206214,-0.021835,1.847487,-1.932147,-1.377698,1.229741,-1.500753,-0.029422,0.006685,0.041068,0.000430,-0.044691,0.000815,-0.186023
30.736973,-0.976613,0.393582,0.845552,-0.619069,-0.963991,0.571472,-0.432330,-0.083047,-0.222619,0.987685,-0.214760,-0.528949,0.390634,-0.249052,-1.206238,-0.021829,1.847523,-1.932151,-1.377730,1.229741,-1.500932,-0.028090,0.005974,0.039925,-0.000827,-0.041525,-0.000440,-0.182871
30.738104,-0.974840,0.392205,0.845677,-0.620274,-0.965559,0.571245,-0.430833,-0.087319,-0.218589,0.983191,-0.214879,-0.528860,0.390419,-0.249060,-1.206267,-0.021823,1.847560,-1.932149,-1.377768,1.229741,-1.501106,-0.028286,0.006251,0.039141,-0.000039,-0.041192,-0.000849,-0.179887
30.739086,-0.975308,0.391537,0.846826,-0.619428,-0.966645,0.572102,-0.430584,-0.090860,-0.214975,0.979409,-0.215066,-0.528732,0.390276,-0.249059,-1.206296,-0.021815,1.847599,-1.932145,-1.377803,1.229741,-1.501290,-0.028853,0.006866,0.038738,0.001050,-0.039294,-0.000641,-0.181537
30.740030,-0.975515,0.390916,0.849234,-0.619611,-0.967530,0.570870,-0.430584,-0.092012,-0.213460,0.978051,-0.216245,-0.528464,0.390322,-0.249066,-1.206322,-0.021806,1.847635,-1.932147,-1.377837,1.229740,-1.501465,-0.028307,0.007111,0.037839,0.000199,-0.037911,-0.001517,-0.180745
30.741035,-0.974498,0.391202,0.845360,-0.619766,-0.967163,0.572229,-0.430355,-0.090456,-0.214320,0.979431,-0.217882,-0.528170,0.390568,-0.249060,-1.206350,-0.021799,1.847669,-1.932147,-1.377872,1.229744,-1.501642,-0.027886,0.007355,0.036332,0.000364,-0.036710,-0.000305,-0.179491
30.741979,-0.972658,0.391448,0.850041,-0.619944,-0.968231,0.572424,-0.430083,-0.087387,-0.216734,0.982352,-0.219711,-0.527948,0.390915,-0.249015,-1.206379,-0.021791,1.847712,-1.932145,-1.377910,1.229740,-1.501819,-0.028084,0.007128,0.037899,0.000446,-0.036747,-0.001687,-0.178666
30.743044,-0.973178,0.391011,0.852385,-0.617929,-0.966686,0.572244,-0.429839,-0.083505,-0.220075,0.986100,-0.221894,-0.527790,0.391335,-0.248924,-1.206409,-0.021786,1.847742,-1.932145,-1.377939,1.229741,-1.501990,-0.028666,0.006965,0.035261,0.000597,-0.035398,-0.001892,-0.177983
30.743974,-0.973446,0.391589,0.852961,-0.619262,-0.969823,0.571610,-0.431766,-0.076717,-0.225169,0.992676,-0.223734,-0.527672,0.392019,-0.248781,-1.206435,-0.021778,1.847772,-1.932150,-1.377977,1.229741,-1.502168,-0.028097,0.007109,0.033867,-0.001362,-0.036632,-0.001726,-0.177143
30.745062,-0.971893,0.389558,0.853061,-0.618618,-0.969911,0.571138,-0.431813,-0.055065,-0.239731,1.013688,-0.224798,-0.527556,0.394012,-0.248319,-1.206490,-0.021765,1.847837,-1.932149,-1.378035,1.229746,-1.502499,-0.028128,0.007717,0.032985,-0.000751,-0.032879,-0.000683,-0.170705
30.746075,-0.972307,0.392594,0.849349,-0.620190,-0.972802,0.571050,-0.430879,-0.044546,-0.247104,1.024013,-0.225356,-0.527469,0.394909,-0.248062,-1.206517,-0.021762,1.847875,-1.932147,-1.378058,1.229747,-1.502673,-0.027613,0.006160,0.034522,0.000777,-0.029763,-0.000624,-0.171311
30.747103,-0.970365,0.389557,0.849711,-0.618481,-0.972918,0.571638,-0.429704,-0.044546,-0.247104,1.024013,-0.225356,-0.527469,0.394909,-0.248062,-1.206517,-0.021762,1.847875,-1.932147,-1.378058,1.229747,-1.502673,-0.027613,0.006160,0.034522,0.000777,-0.029763,-0.000624,-0.171311
30.748053,-0.969897,0.389992,0.851221,-0.620300,-0.975671,0.571115,-0.427475,-0.037613,-0.252533,1.030946,-0.226282,-0.527380,0.395463,-0.247861,-1.206545,-0.021752,1.847909,-1.932151,-1.378086,1.229746,-1.502846,-0.028278,0.007604,0.034027,-0.000899,-0.029420,-0.001233,-0.172381
30.749015,-0.967877,0.390962,0.852036,-0.619110,-0.979147,0.570586,-0.427883,-0.032897,-0.256980,1.035802,-0.227337,-0.527247,0.395787,-0.247744,-1.206573,-0.021745,1.847940,-1.932147,-1.378108,1.229745,-1.503025,-0.028186,0.007310,0.033009,0.000833,-0.026453,-0.000707,-0.175597
30.750122,-0.969743,0.390129,0.854457,-0.618681,-0.978413,0.570946,-0.425325,-0.028051,-0.261771,1.040845,-0.228433,-0.527002,0.396075,-0.247700,-1.206603,-0.021741,1.847971,-1.932151,-1.378124,1.229746,-1.503195,-0.028857,0.006787,0.032336,-0.000321,-0.022846,-0.000205,-0.173494
30.750955,-0.970724,0.389152,0.852011,-0.618313,-0.979233,0.569473,-0.425345,-0.022494,-0.266813,1.046580,-0.228836,-0.526731,0.396394,-0.247703,-1.206628,-0.021735,1.847999,-1.932153,-1.378149,1.229748,-1.503378,-0.027631,0.007155,0.030909,-0.000725,-0.023414,-0.000603,-0.177299
30.752042,-0.969802,0.387898,0.849867,-0.619383,-0.980130,0.570782,-0.424617,-0.017493,-0.271386,1.051701,-0.228081,-0.526571,0.396637,-0.247748,-1.206654,-0.021726,1.848032,-1.932153,-1.378168,1.229751,-1.503551,-0.026845,0.007558,0.031856,-0.001107,-0.022407,0.000851,-0.176037
30.753094,-0.970329,0.390655,0.850354,-0.618375,-0.981028,0.570163,-0.423586,-0.015620,-0.274483,1.053671,-0.226970,-0.526568,0.396578,-0.247810,-1.206680,-0.021718,1.848065,-1.932151,-1.378187,1.229749,-1.503727,-0.027020,0.008108,0.032650,-0.000110,-0.021357,-0.000493,-0.176178
30.753966,-0.969542,0.390751,0.854855,-0.618820,-0.982660,0.569820,-0.422372,-0.018083,-0.275403,1.051310,-0.226060,-0.526728,0.396147,-0.247851,-1.206707,-0.021715,1.848097,-1.932154,-1.378204,1.229748,-1.503907,-0.026455,0.006697,0.032140,-0.001112,-0.020332,0.000136,-0.176921
30.755059,-0.967339,0.391595,0.853775,-0.621266,-0.982238,0.569144,-0.420768,-0.023301,-0.274402,1.046165,-0.224959,-0.527051,0.395506,-0.247849,-1.206733,-0.021709,1.848121,-1.932155,-1.378218,1.229748,-1.504088,-0.026555,0.006600,0.029682,-0.000641,-0.018579,0.000462,-0.178124
30.756074,-0.965879,0.389929,0.855219,-0.620372,-0.984270,0.568191,-0.419699,-0.028155,-0.273176,1.041384,-0.224518,-0.527330,0.394902,-0.247815,-1.206763,-0.021702,1.848149,-1.932150,-1.378236,1.229750,-1.504270,-0.027328,0.006112,0.030029,0.001662,-0.018874,0.001104,-0.179983
30.756991,-0.967009,0.390329,0.855116,-0.618709,-0.985689,0.569248,-0.419118,-0.030814,-0.273258,1.038874,-0.226056,-0.527338,0.394446,-0.247778,-1.206791,-0.021695,1.848178,-1.932151,-1.378247,1.229752,-1.504454,-0.027737,0.006890,0.029069,0.000743,-0.016747,0.002032,-0.180791
30.758029,-0.965536,0.390446,0.855364,-0.620589,-0.985873,0.570227,-0.417937,-0.031255,-0.274690,1.038640,-0.228175,-0.527242,0.394122,-0.247746,-1.206817,-0.021690,1.848207,-1.932155,-1.378259,1.229749,-1.504635,-0.026862,0.006638,0.028881,-0.000855,-0.015239,0.000954,-0.180688
30.759024,-0.965448,0.390611,0.855479,-0.619230,-0.986715,0.570179,-0.416199,-0.030607,-0.276565,1.039531,-0.229575,-0.527222,0.393875,-0.247726,-1.206846,-0.021686,1.848234,-1.932151,-1.378272,1.229749,-1.504821,-0.027289,0.006545,0.028553,0.000930,-0.014979,-0.000042,-0.181721
30.759926,-0.963356,0.389943,0.853979,-0.619425,-0.987162,0.570403,-0.414584,-0.029735,-0.278319,1.040717,-0.230734,-0.527220,0.393672,-0.247743,-1.206873,-0.021681,1.848262,-1.932155,-1.378284,1.229751,-1.505009,-0.027023,0.006423,0.028277,-0.000401,-0.014040,-0.000010,-0.183883
30.761029,-0.963830,0.390841,0.855339,-0.620261,-0.990023,0.569155,-0.414160,-0.028955,-0.279714,1.041885,-0.231436,-0.527240,0.393496,-0.247801,-1.206901,-0.021673,1.848291,-1.932154,-1.378296,1.229749,-1.505198,-0.027756,0.006680,0.028783,-0.000252,-0.013506,-0.000246,-0.185835
30.762042,-0.963480,0.391562,0.854104,-0.619323,-0.990911,0.570090,-0.412424,-0.028728,-0.280501,1.042552,-0.231670,-0.527265,0.393299,-0.247880,-1.206927,-0.021666,1.848315,-1.932151,-1.378302,1.229756,-1.505385,-0.027212,0.006161,0.027925,0.000503,-0.010601,0.000958,-0.185275
30.762932,-0.961520,0.391137,0.855380,-0.618387,-0.991354,0.570617,-0.410546,-0.029939,-0.280071,1.041799,-0.231694,-0.527276,0.393003,-0.247961,-1.206954,-0.021663,1.848345,-1.932153,-1.378309,1.229752,-1.505581,-0.027088,0.005784,0.028317,-0.000442,-0.009692,0.000006,-0.187406
30.763974,-0.961218,0.389528,0.854128,-0.620134,-0.991934,0.569852,-0.410933,-0.032542,-0.278180,1.039629,-0.230699,-0.527382,0.392626,-0.248034,-1.206985,-0.021655,1.848369,-1.932157,-1.378315,1.229749,-1.505775,-0.027723,0.005921,0.027480,-0.001312,-0.009219,-0.000516,-0.189874
30.764945,-0.961186,0.391428,0.856455,-0.619937,-0.993424,0.569118,-0.409493,-0.035208,-0.275912,1.037352,-0.228888,-0.527545,0.392281,-0.248078,-1.207012,-0.021646,1.848397,-1.932153,-1.378323,1.229754,-1.505964,-0.027557,0.006642,0.027895,0.000344,-0.008596,0.000216,-0.187698
30.766016,-0.957906,0.389606,0.855606,-0.618005,-0.993597,0.568604,-0.408124,-0.037727,-0.273880,1.035191,-0.227643,-0.527626,0.391971,-0.248071,-1.207040,-0.021644,1.848419,-1.932152,-1.378326,1.229756,-1.506155,-0.027258,0.005663,0.026567,0.000066,-0.007098,0.000917,-0.189291
30.767006,-0.956668,0.389313,0.856767,-0.619882,-0.993077,0.569095,-0.407101,-0.039672,-0.272185,1.033567,-0.226484,-0.527701,0.391711,-0.248009,-1.207071,-0.021636,1.848445,-1.932157,-1.378331,1.229757,-1.506348,-0.028559,0.006516,0.026809,-0.001789,-0.006922,0.001403,-0.190639
30.768022,-0.955821,0.389455,0.855011,-0.619247,-0.994454,0.569402,-0.406754,-0.039411,-0.271812,1.034120,-0.224760,-0.527821,0.391616,-0.247902,-1.207102,-0.021631,1.848471,-1.932155,-1.378338,1.229757,-1.506543,-0.028813,0.006616,0.026028,0.000049,-0.007417,0.000888,-0.191329
30.769103,-0.951903,0.389888,0.857583,-0.619497,-0.995048,0.569144,-0.406805,-0.037064,-0.272995,1.036760,-0.223447,-0.527889,0.391681,-0.247769,-1.207132,-0.021625,1.848498,-1.932155,-1.378340,1.229756,-1.506731,-0.028899,0.006492,0.026706,-0.000632,-0.006030,0.000569,-0.190674
30.769999,-0.953494,0.391940,0.858221,-0.619732,-0.993755,0.568887,-0.405329,-0.033100,-0.275300,1.041000,-0.222713,-0.527907,0.391887,-0.247617,-1.207165,-0.021620,1.848520,-1.932157,-1.378344,1.229757,-1.506918,-0.030502,0.006228,0.025266,-0.000366,-0.005447,0.000808,-0.189191
30.771003,-0.953384,0.392051,0.858737,-0.619071,-0.994180,0.568731,-0.406229,-0.027185,-0.278500,1.047127,-0.222314,-0.527883,0.392270,-0.247458,-1.207192,-0.021618,1.848544,-1.932157,-1.378350,1.229755,-1.507110,-0.029374,0.005186,0.024761,-0.000145,-0.006727,0.001059,-0.190888
30.771992,-0.952902,0.392673,0.855712,-0.620103,-0.994583,0.569973,-0.405602,-0.021126,-0.281210,1.053313,-0.222202,-0.527859,0.392682,-0.247315,-1.207220,-0.021612,1.848570,-1.932160,-1.378356,1.229756,-1.507292,-0.029111,0.005090,0.024309,-0.000790,-0.006257,0.001190,-0.187734
30.772995,-0.951225,0.392544,0.858538,-0.618265,-0.994114,0.570813,-0.406113,-0.017679,-0.281864,1.056823,-0.222292,-0.527914,0.392915,-0.247190,-1.207249,-0.021608,1.848598,-1.932158,-1.378359,1.229754,-1.507481,-0.029028,0.004747,0.025618,0.000180,-0.005856,-0.000073,-0.187696
30.774005,-0.950413,0.392036,0.855809,-0.618882,-0.994488,0.569937,-0.405159,-0.017167,-0.280432,1.057347,-0.222371,-0.528064,0.392971,-0.247077,-1.207280,-0.021603,1.848619,-1.932164,-1.378363,1.229755,-1.507663,-0.029521,0.004766,0.024036,-0.001571,-0.006327,-0.000932,-0.185345
30.774943,-0.946139,0.391943,0.858645,-0.619286,-0.994566,0.570027,-0.405399,-0.018106,-0.277892,1.056345,-0.221798,-0.528316,0.392959,-0.246973,-1.207310,-0.021599,1.848646,-1.932164,-1.378369,1.229759,-1.507848,-0.029588,0.004993,0.025217,-0.000960,-0.005918,-0.000080,-0.185960
30.776049,-0.949785,0.394118,0.857516,-0.620683,-0.994912,0.570556,-0.405572,-0.018679,-0.275657,1.055642,-0.220884,-0.528549,0.392981,-0.246889,-1.207344,-0.021594,1.848668,-1.932164,-1.378372,1.229757,-1.508025,-0.031342,0.004995,0.023615,-0.000586,-0.005844,-0.000185,-0.184206
30.776995,-0.947947,0.390343,0.857894,-0.620247,-0.995492,0.569000,-0.405629,-0.018462,-0.274131,1.055705,-0.220785,-0.528582,0.393070,-0.246823,-1.207370,-0.021592,1.848692,-1.932162,-1.378373,1.229755,-1.508202,-0.029191,0.003897,0.024045,0.000738,-0.005518,-0.000730,-0.182515
30.777938,-0.945737,0.390502,0.857446,-0.618736,-0.996444,0.568593,-0.406616,-0.019339,-0.272441,1.054700,-0.222138,-0.528396,0.393063,-0.246766,-1.207401,-0.021584,1.848715,-1.932164,-1.378377,1.229760,-1.508384,-0.029783,0.005728,0.023683,0.000309,-0.004932,0.000802,-0.181129
30.779051,-0.947501,0.395118,0.858261,-0.619907,-0.997906,0.570467,-0.405625,-0.020958,-0.271183,1.052995,-0.223949,-0.528124,0.392939,-0.246707,-1.207433,-0.021579,1.848738,-1.932166,-1.378377,1.229762,-1.508554,-0.030521,0.005585,0.023741,-0.001182,-0.004012,0.001170,-0.177918
30.779986,-0.947051,0.394519,0.857021,-0.619679,-0.998807,0.569824,-0.406562,-0.023000,-0.269960,1.050908,-0.224833,-0.527919,0.392739,-0.246638,-1.207461,-0.021580,1.848760,-1.932166,-1.378376,1.229758,-1.508733,-0.029315,0.003284,0.023182,-0.000028,-0.002588,-0.000725,-0.178580
30.781055,-0.945836,0.393570,0.856984,-0.620688,-0.997265,0.570190,-0.406810,-0.027943,-0.266505,1.045984,-0.224883,-0.527845,0.392320,-0.246562,-1.207489,-0.021575,1.848785,-1.932168,-1.378381,1.229758,-1.508902,-0.029224,0.003569,0.023624,-0.000250,-0.001673,-0.000073,-0.175454
30.781996,-0.944807,0.393883,0.859152,-0.619996,-0.998925,0.569189,-0.406770,-0.036037,-0.261007,1.037975,-0.224971,-0.527816,0.391646,-0.246491,-1.207520,-0.021572,1.848808,-1.932166,-1.378385,1.229759,-1.509070,-0.029490,0.004027,0.023481,0.000712,-0.003239,-0.000471,-0.173682
30.783025,-0.944313,0.394162,0.859197,-0.621052,-0.999295,0.569178,-0.406094,-0.044775,-0.255512,1.029363,-0.225558,-0.527711,0.390888,-0.246442,-1.207550,-0.021569,1.848827,-1.932169,-1.378384,1.229763,-1.509241,-0.029657,0.003843,0.022269,0.000033,-0.001586,0.000501,-0.172546
30.783947,-0.942476,0.393879,0.858795,-0.619825,-0.998956,0.569068,-0.406772,-0.052212,-0.251161,1.022049,-0.226490,-0.527504,0.390198,-0.246423,-1.207579,-0.021565,1.848849,-1.932165,-1.378383,1.229761,-1.509409,-0.029576,0.003683,0.022113,0.000993,-0.001268,0.000495,-0.172642
30.785085,-0.941332,0.396040,0.859968,-0.620359,-1.000603,0.569046,-0.407720,-0.058071,-0.247983,1.016275,-0.227472,-0.527247,0.389613,-0.246419,-1.207610,-0.021562,1.848871,-1.932169,-1.378385,1.229759,-1.509575,-0.030150,0.003806,0.022155,-0.000191,-0.001629,0.000597,-0.170066
30.786001,-0.945240,0.395127,0.858831,-0.618813,-0.999909,0.568453,-0.406743,-0.062407,-0.245638,1.011947,-0.227962,-0.527017,0.389151,-0.246406,-1.207640,-0.021563,1.848889,-1.932168,-1.378386,1.229760,-1.509733,-0.030374,0.002741,0.021471,0.000289,0.000009,0.000595,-0.166876
30.786942,-0.940272,0.392429,0.861976,-0.619558,-0.999140,0.569416,-0.407241,-0.066909,-0.242806,1.007347,-0.227353,-0.526955,0.388686,-0.246379,-1.207664,-0.021560,1.848908,-1.932172,-1.378387,1.229761,-1.509901,-0.028133,0.003199,0.021926,-0.001206,-0.000728,0.001173,-0.167667
30.788071,-0.940541,0.397766,0.864575,-0.621350,-0.997990,0.569512,-0.407093,-0.071720,-0.239770,1.002328,-0.225663,-0.527077,0.388195,-0.246339,-1.207698,-0.021554,1.848925,-1.932170,-1.378388,1.229759,-1.510062,-0.030269,0.004498,0.020238,-0.000508,-0.001518,0.000186,-0.165458
30.789049,-0.941822,0.396767,0.866305,-0.619555,-0.997959,0.568426,-0.407500,-0.073348,-0.238829,1.000423,-0.224251,-0.527086,0.387981,-0.246276,-1.207726,-0.021557,1.848942,-1.932166,-1.378392,1.229761,-1.510221,-0.029786,0.001846,0.018863,0.001169,-0.002668,0.000069,-0.164476
30.789920,-0.940731,0.398177,0.863334,-0.619387,-0.998374,0.569097,-0.406650,-0.071556,-0.239546,1.001910,-0.223881,-0.526841,0.388082,-0.246183,-1.207754,-0.021552,1.848959,-1.932172,-1.378393,1.229765,-1.510377,-0.028833,0.002338,0.017911,-0.000546,-0.002711,0.001125,-0.162465
30.791061,-0.942001,0.396313,0.866901,-0.620076,-1.000017,0.569648,-0.406370,-0.069475,-0.239743,1.003677,-0.223340,-0.526581,0.388213,-0.246062,-1.207784,-0.021551,1.848980,-1.932173,-1.378395,1.229763,-1.510541,-0.029041,0.001625,0.019267,-0.000715,-0.002304,0.000429,-0.163034
30.792053,-0.941815,0.398825,0.865450,-0.620017,-0.999066,0.569541,-0.407424,-0.068716,-0.238848,1.004139,-0.222164,-0.526415,0.388233,-0.245930,-1.207811,-0.021547,1.848993,-1.932172,-1.378393,1.229761,-1.510702,-0.028092,0.002538,0.017432,-0.000055,-0.000704,-0.000125,-0.162281
30.792963,-0.938630,0.396233,0.862932,-0.618152,-0.999846,0.569916,-0.407365,-0.069444,-0.237155,1.003156,-0.221043,-0.526255,0.388153,-0.245794,-1.207838,-0.021547,1.849011,-1.932173,-1.378396,1.229760,-1.510852,-0.027891,0.001281,0.018079,-0.000135,-0.001681,-0.000028,-0.158976
30.794026,-0.940365,0.397272,0.865314,-0.619645,-0.998347,0.570027,-0.407917,-0.071955,-0.234494,1.000453,-0.219546,-0.526159,0.387954,-0.245657,-1.207870,-0.021541,1.849030,-1.932178,-1.378397,1.229760,-1.511006,-0.029126,0.002540,0.019211,-0.001930,-0.000910,-0.000423,-0.157977
30.794982,-0.940694,0.397439,0.868577,-0.619738,-0.997528,0.568623,-0.406685,-0.075822,-0.231245,0.996435,-0.217234,-0.526176,0.387660,-0.245541,-1.207897,-0.021539,1.849044,-1.932174,-1.378399,1.229762,-1.511157,-0.027930,0.002003,0.017950,-0.000522,-0.002440,-0.000564,-0.155642
30.796077,-0.942347,0.399468,0.871268,-0.620302,-0.998766,0.568559,-0.406700,-0.079831,-0.228301,0.992268,-0.215250,-0.526129,0.387350,-0.245477,-1.207924,-0.021536,1.849058,-1.932174,-1.378405,1.229765,-1.511317,-0.027472,0.001908,0.016262,-0.000468,-0.003232,0.000823,-0.156950
30.796993,-0.939705,0.397087,0.869531,-0.619470,-0.998360,0.568483,-0.406995,-0.083264,-0.225870,0.988652,-0.214403,-0.525891,0.387060,-0.245486,-1.207948,-0.021537,1.849070,-1.932172,-1.378400,1.229765,-1.511468,-0.026372,0.000912,0.014902,0.000026,-0.002053,0.000852,-0.155660
30.797949,-0.942319,0.398512,0.872686,-0.619235,-0.999412,0.568609,-0.406423,-0.085951,-0.223930,0.985772,-0.214318,-0.525521,0.386797,-0.245570,-1.207977,-0.021534,1.849086,-1.932175,-1.378402,1.229765,-1.511618,-0.027380,0.002105,0.015702,-0.000792,-0.002490,0.000911,-0.153940
30.798942,-0.940596,0.399929,0.877565,-0.618264,-0.998358,0.569755,-0.406759,-0.087953,-0.222542,0.983560,-0.214243,-0.525140,0.386557,-0.245715,-1.207999,-0.021534,1.849097,-1.932175,-1.378403,1.229765,-1.511772,-0.025802,0.001386,0.014081,-0.001032,-0.001447,0.000769,-0.153931
30.800055,-0.939264,0.398336,0.876985,-0.617635,-0.999044,0.570247,-0.406310,-0.088302,-0.221862,0.982938,-0.213340,-0.524817,0.386455,-0.245901,-1.208027,-0.021534,1.849104,-1.932178,-1.378404,1.229761,-1.511918,-0.026373,0.000694,0.011659,-0.001983,-0.002538,-0.000381,-0.152086
30.800971,-0.939158,0.400065,0.876909,-0.617744,-0.998769,0.570374,-0.408330,-0.084994,-0.222707,0.985922,-0.211004,-0.524547,0.386706,-0.246101,-1.208054,-0.021529,1.849118,-1.932180,-1.378401,1.229760,-1.512068,-0.026732,0.001473,0.011930,-0.002580,-0.001901,-0.000885,-0.151758
30.801935,-0.941323,0.399201,0.877562,-0.619642,-0.999381,0.570470,-0.407634,-0.078630,-0.224943,0.991962,-0.207350,-0.524350,0.387270,-0.246281,-1.208081,-0.021530,1.849130,-1.932179,-1.378404,1.229761,-1.512204,-0.026469,0.000616,0.011923,-0.002535,-0.002193,-0.001027,-0.146599
30.802937,-0.944573,0.394675,0.881793,-0.619001,-0.999038,0.570276,-0.407801,-0.072469,-0.227032,0.997823,-0.203839,-0.524172,0.387854,-0.246414,-1.208104,-0.021527,1.849142,-1.932176,-1.378403,1.229762,-1.512350,-0.025112,0.001031,0.011461,-0.000695,-0.001505,-0.001156,-0.146826
30.803980,-0.939512,0.399291,0.881164,-0.618632,-0.998393,0.570011,-0.408485,-0.067619,-0.229186,1.002383,-0.202164,-0.523872,0.388327,-0.246500,-1.208123,-0.021521,1.849147,-1.932179,-1.378405,1.229763,-1.512491,-0.023197,0.003187,0.008993,-0.001293,-0.001427,-0.001006,-0.145017
30.805029,-0.940022,0.397365,0.877105,-0.620130,-0.997609,0.569783,-0.408887,-0.062294,-0.232674,1.007448,-0.202074,-0.523411,0.388817,-0.246521,-1.208154,-0.021525,1.849156,-1.932181,-1.378405,1.229764,-1.512629,-0.025356,0.000848,0.008931,-0.001607,-0.001655,-0.000786,-0.142162
30.805977,-0.941948,0.398804,0.879068,-0.619649,-0.997481,0.569143,-0.409666,-0.056642,-0.236684,1.012948,-0.203011,-0.522813,0.389328,-0.246461,-1.208177,-0.021522,1.849169,-1.932179,-1.378409,1.229764,-1.512765,-0.024741,0.001752,0.010528,-0.000125,-0.001976,-0.000603,-0.139888
30.806996,-0.939617,0.398300,0.877768,-0.618651,-0.999125,0.569488,-0.409411,-0.053504,-0.239407,1.016066,-0.205407,-0.522106,0.389622,-0.246331,-1.208199,-0.021523,1.849176,-1.932181,-1.378409,1.229765,-1.512894,-0.023465,0.000987,0.009164,-0.000568,-0.001722,-0.000002,-0.136966
30.807945,-0.936141,0.398215,0.879486,-0.619916,-0.998982,0.569419,-0.410792,-0.053646,-0.240237,1.015987,-0.208361,-0.521430,0.389636,-0.246150,-1.208224,-0.021522,1.849184,-1.932184,-1.378405,1.229764,-1.513026,-0.024302,0.001194,0.009455,-0.001504,0.000311,-0.000395,-0.136063
30.808983,-0.938412,0.395994,0.881489,-0.618576,-0.999162,0.568374,-0.410908,-0.054230,-0.240593,1.015524,-0.210858,-0.520822,0.389620,-0.245944,-1.208252,-0.021521,1.849191,-1.932180,-1.378404,1.229765,-1.513150,-0.025662,0.001190,0.008237,-0.000299,0.000522,-0.000366,-0.131927
30.809990,-0.940314,0.396466,0.879084,-0.619191,-0.997548,0.569439,-0.411245,-0.052118,-0.242558,1.017780,-0.213045,-0.520185,0.389819,-0.245749,-1.208273,-0.021517,1.849195,-1.932184,-1.378406,1.229766,-1.513281,-0.024196,0.002219,0.006885,-0.001562,0.001138,0.000636,-0.130275
30.810991,-0.937366,0.395767,0.877929,-0.620138,-0.997235,0.567850,-0.411539,-0.048577,-0.245628,1.021457,-0.214939,-0.519577,0.390102,-0.245607,-1.208295,-0.021517,1.849204,-1.932184,-1.378410,1.229762,-1.513405,-0.022946,0.001917,0.007725,-0.000922,-0.000050,-0.000467,-0.128209
30.812092,-0.939910,0.396929,0.879625,-0.619466,-0.997050,0.569163,-0.411595,-0.046790,-0.248060,1.023419,-0.217200,-0.519007,0.390202,-0.245548,-1.208321,-0.021514,1.849212,-1.932182,-1.378410,1.229767,-1.513526,-0.024081,0.002200,0.007917,-0.000008,0.000054,0.001078,-0.126247
30.812982,-0.936939,0.396419,0.879437,-0.619556,-0.995740,0.569333,-0.412377,-0.047194,-0.249466,1.023251,-0.220333,-0.518394,0.390108,-0.245576,-1.208340,-0.021514,1.849217,-1.932184,-1.378412,1.229763,-1.513647,-0.022505,0.001553,0.006696,-0.000646,0.000331,-0.000282,-0.124678
30.813942,-0.940222,0.397116,0.882514,-0.618010,-0.995590,0.569465,-0.411788,-0.048644,-0.250113,1.022046,-0.223703,-0.517735,0.389968,-0.245676,-1.208366,-0.021511,1.849222,-1.932186,-1.378413,1.229764,-1.513764,-0.023662,0.001751,0.006483,-0.000491,-0.000618,-0.000484,-0.121844
30.814951,-0.939821,0.395036,0.879787,-0.619975,-0.995344,0.569344,-0.413352,-0.049930,-0.250399,1.020959,-0.226379,-0.517069,0.389921,-0.245832,-1.208384,-0.021511,1.849222,-1.932191,-1.378413,1.229763,-1.513885,-0.021720,0.001354,0.004659,-0.001937,-0.000375,-0.000653,-0.121712
30.816031,-0.936871,0.399340,0.880683,-0.619695,-0.995176,0.568537,-0.413436,-0.051464,-0.250291,1.019589,-0.228291,-0.516422,0.389923,-0.246026,-1.208405,-0.021505,1.849230,-1.932187,-1.378416,1.229764,-1.513991,-0.021649,0.002292,0.005677,-0.000019,-0.000183,-0.000575,-0.117218
30.817007,-0.937598,0.398208,0.878830,-0.618694,-0.993734,0.569664,-0.413079,-0.054149,-0.249468,1.017112,-0.230424,-0.515715,0.389870,-0.246233,-1.208430,-0.021509,1.849234,-1.932187,-1.378414,1.229768,-1.514103,-0.022782,0.000110,0.004860,-0.000312,0.000062,0.000170,-0.115674
30.818068,-0.936615,0.394825,0.879299,-0.619097,-0.993325,0.570342,-0.414056,-0.057943,-0.247443,1.013605,-0.232514,-0.514980,0.389755,-0.246435,-1.208450,-0.021507,1.849240,-1.932189,-1.378414,1.229763,-1.514214,-0.022110,0.000634,0.005457,-0.001264,-0.000996,-0.000989,-0.115089
30.818975,-0.938864,0.397620,0.878002,-0.618145,-0.992818,0.569216,-0.413916,-0.067086,-0.242011,1.005054,-0.234757,-0.513779,0.389481,-0.246740,-1.208493,-0.021502,1.849249,-1.932190,-1.378413,1.229764,-1.514427,-0.020866,0.000761,0.005215,-0.001777,-0.001121,-0.000604,-0.110809
30.820001,-0.939105,0.396718,0.878519,-0.619965,-0.992297,0.569014,-0.415615,-0.067086,-0.242011,1.005054,-0.234757,-0.513779,0.389481,-0.246740,-1.208493,-0.021502,1.849249,-1.932190,-1.378413,1.229764,-1.514427,-0.020866,0.000761,0.005215,-0.001777,-0.001121,-0.000604,-0.110809
30.820981,-0.936834,0.397314,0.879396,-0.619286,-0.991794,0.569162,-0.416567,-0.074275,-0.237974,0.998102,-0.235457,-0.513365,0.389140,-0.246818,-1.208513,-0.021501,1.849252,-1.932188,-1.378413,1.229767,-1.514523,-0.020471,0.001175,0.004620,0.000019,-0.001230,-0.000473,-0.106076
30.822008,-0.935700,0.395533,0.879775,-0.620333,-0.991495,0.567467,-0.416946,-0.083065,-0.233077,0.989517,-0.236864,-0.512960,0.388652,-0.246853,-1.208536,-0.021501,1.849254,-1.932190,-1.378413,1.229764,-1.514619,-0.021287,0.000823,0.003890,-0.000625,-0.001338,-0.000647,-0.102937
30.822971,-0.938053,0.396256,0.880239,-0.619737,-0.990856,0.567417,-0.417782,-0.090236,-0.229381,0.982514,-0.239244,-0.512435,0.388261,-0.246871,-1.208558,-0.021498,1.849257,-1.932188,-1.378415,1.229768,-1.514714,-0.021546,0.001654,0.003377,0.000407,-0.001208,0.001000,-0.100897
30.824076,-0.935954,0.395361,0.880128,-0.618425,-0.990975,0.567614,-0.416765,-0.095123,-0.227383,0.977733,-0.242463,-0.511778,0.387986,-0.246896,-1.208575,-0.021498,1.849260,-1.932190,-1.378417,1.229769,-1.514804,-0.020097,0.001229,0.002837,-0.000155,-0.001439,0.000989,-0.098003
30.825014,-0.936926,0.394315,0.879906,-0.619306,-0.990693,0.566852,-0.417553,-0.098820,-0.226195,0.974046,-0.245523,-0.511131,0.387736,-0.246942,-1.208598,-0.021495,1.849261,-1.932194,-1.378417,1.229766,-1.514906,-0.020842,0.001610,0.002574,-0.001365,-0.000874,0.000761,-0.098680
30.825916,-0.938670,0.393998,0.882554,-0.618369,-0.989632,0.568159,-0.417371,-0.101503,-0.225571,0.971236,-0.247522,-0.510597,0.387504,-0.247015,-1.208617,-0.021491,1.849262,-1.932193,-1.378416,1.229769,-1.514997,-0.020064,0.002046,0.002420,-0.000489,-0.000790,0.001476,-0.095877
30.827092,-0.937153,0.394501,0.880957,-0.619763,-0.988916,0.567804,-0.417630,-0.103284,-0.225648,0.969177,-0.248789,-0.510134,0.387287,-0.247113,-1.208633,-0.021488,1.849260,-1.932195,-1.378418,1.229768,-1.515090,-0.018954,0.002128,0.000849,-0.001383,-0.001480,0.000120,-0.095086
30.828120,-0.936043,0.396214,0.879515,-0.619813,-0.990045,0.567253,-0.417828,-0.104512,-0.226196,0.967575,-0.249851,-0.509674,0.387094,-0.247236,-1.208654,-0.021485,1.849262,-1.932192,-1.378418,1.229766,-1.515177,-0.019428,0.001784,0.001309,-0.000050,-0.001712,0.000452,-0.093162
30.829051,-0.934071,0.396281,0.881459,-0.620046,-0.990283,0.567205,-0.418491,-0.106074,-0.226453,0.965638,-0.251323,-0.509155,0.386873,-0.247386,-1.208673,-0.021486,1.849267,-1.932192,-1.378418,1.229768,-1.515261,-0.019705,0.000886,0.001689,-0.000006,-0.000159,0.000949,-0.091523
30.829924,-0.935665,0.394000,0.879787,-0.618808,-0.987878,0.567195,-0.418989,-0.107996,-0.226093,0.963363,-0.253275,-0.508569,0.386619,-0.247561,-1.208694,-0.021486,1.849266,-1.932192,-1.378418,1.229767,-1.515344,-0.020398,0.000816,0.000456,0.000235,0.000452,0.000964,-0.089028
30.831155,-0.932238,0.391000,0.880921,-0.619437,-0.988306,0.566262,-0.418413,-0.109220,-0.225809,0.961755,-0.255125,-0.507962,0.386417,-0.247755,-1.208711,-0.021480,1.849264,-1.932194,-1.378421,1.229767,-1.515427,-0.019336,0.001862,0.001089,-0.000961,-0.001603,0.000936,-0.086927
30.832016,-0.932039,0.391892,0.880063,-0.619968,-0.987296,0.565976,-0.418753,-0.108750,-0.226890,0.961770,-0.256624,-0.507354,0.386336,-0.247960,-1.208734,-0.021473,1.849262,-1.932192,-1.378418,1.229769,-1.515513,-0.020741,0.003233,0.000188,-0.000339,-0.000679,0.001817,-0.086662
30.832982,-0.932228,0.393485,0.880567,-0.619414,-0.988656,0.567429,-0.419070,-0.105352,-0.230595,0.964657,-0.258349,-0.506658,0.386461,-0.248173,-1.208755,-0.021472,1.849262,-1.932191,-1.378423,1.229769,-1.515593,-0.020534,0.002715,0.000385,0.000150,-0.001312,0.002056,-0.084883
30.834029,-0.928429,0.392457,0.877033,-0.619476,-0.987021,0.567545,-0.418709,-0.100195,-0.235776,0.969269,-0.260477,-0.505884,0.386721,-0.248380,-1.208774,-0.021473,1.849260,-1.932192,-1.378417,1.229766,-1.515670,-0.020163,0.001884,-0.000115,-0.000371,0.000404,0.000565,-0.083080
30.835106,-0.933239,0.395271,0.878075,-0.616850,-0.987103,0.566951,-0.420034,-0.095205,-0.240605,0.973656,-0.262397,-0.505156,0.387000,-0.248583,-1.208798,-0.021469,1.849263,-1.932193,-1.378421,1.229767,-1.515752,-0.021737,0.002312,0.001338,-0.000285,-0.000800,0.000415,-0.082558
30.836133,-0.931198,0.394159,0.880808,-0.617702,-0.986389,0.567255,-0.419431,-0.092113,-0.243566,0.976014,-0.263011,-0.504655,0.387151,-0.248770,-1.208812,-0.021469,1.849263,-1.932201,-1.378419,1.229769,-1.515821,-0.019074,0.000849,0.000494,-0.002733,-0.000291,0.000958,-0.078640
30.836963,-0.930645,0.393690,0.878902,-0.617177,-0.987205,0.566959,-0.419487,-0.091799,-0.243687,0.975371,-0.261336,-0.504511,0.387088,-0.248924,-1.208833,-0.021465,1.849259,-1.932199,-1.378422,1.229769,-1.515898,-0.019825,0.001322,-0.001124,-0.001874,-0.000569,0.000606,-0.078666
30.838011,-0.929458,0.392236,0.879233,-0.619263,-0.985859,0.567488,-0.418713,-0.092177,-0.242514,0.973818,-0.257998,-0.504574,0.386966,-0.249051,-1.208853,-0.021461,1.849260,-1.932202,-1.378417,1.229769,-1.515973,-0.019824,0.001480,-0.000387,-0.002350,0.000547,0.000873,-0.077505
30.838998,-0.927673,0.389190,0.875474,-0.618173,-0.986206,0.566411,-0.419589,-0.091813,-0.241754,0.972885,-0.254756,-0.504604,0.386888,-0.249173,-1.208874,-0.021456,1.849260,-1.932198,-1.378423,1.229767,-1.516050,-0.020117,0.002102,-0.000852,-0.000324,-0.000342,0.000302,-0.077831
30.839986,-0.929956,0.391991,0.877428,-0.618097,-0.985960,0.567007,-0.420166,-0.090579,-0.242329,0.972761,-0.252970,-0.504452,0.386847,-0.249301,-1.208896,-0.021451,1.849265,-1.932200,-1.378422,1.229769,-1.516121,-0.020702,0.003524,0.000707,-0.001395,0.000411,0.001344,-0.074887
30.841045,-0.926345,0.391452,0.878112,-0.618987,-0.986925,0.566302,-0.419790,-0.089405,-0.243769,0.972498,-0.252238,-0.504198,0.386762,-0.249425,-1.208912,-0.021451,1.849261,-1.932202,-1.378419,1.229767,-1.516187,-0.019297,0.002059,-0.000526,-0.001405,0.000526,0.000701,-0.072595
30.841964,-0.924729,0.389993,0.877605,-0.616875,-0.984215,0.566100,-0.419862,-0.088658,-0.245140,0.971717,-0.251893,-0.503916,0.386638,-0.249545,-1.208936,-0.021449,1.849259,-1.932200,-1.378418,1.229768,-1.516260,-0.020801,0.002275,-0.001137,-0.000538,0.001920,0.001370,-0.072132
30.843101,-0.924501,0.390032,0.876762,-0.619116,-0.984334,0.567041,-0.419361,-0.086093,-0.247440,0.972700,-0.251599,-0.503567,0.386673,-0.249675,-1.208958,-0.021444,1.849259,-1.932207,-1.378422,1.229769,-1.516328,-0.021290,0.002903,-0.001134,-0.002519,-0.000419,0.001525,-0.070894
30.844054,-0.921041,0.385760,0.874680,-0.618848,-0.982844,0.567102,-0.420336,-0.080933,-0.251240,0.976291,-0.251202,-0.503145,0.386928,-0.249815,-1.208978,-0.021442,1.849259,-1.932203,-1.378421,1.229766,-1.516398,-0.021097,0.002804,-0.001028,-0.000317,0.000172,0.000544,-0.070617
30.844984,-0.923200,0.391385,0.872060,-0.618739,-0.983109,0.567255,-0.420185,-0.073875,-0.256657,0.981869,-0.251857,-0.502544,0.387351,-0.249963,-1.209004,-0.021433,1.849261,-1.932203,-1.378426,1.229768,-1.516457,-0.022485,0.004813,-0.000269,-0.000602,-0.000894,0.000440,-0.067554
30.845978,-0.917439,0.385467,0.876274,-0.617150,-0.982689,0.567357,-0.419899,-0.067039,-0.262421,0.987343,-0.253789,-0.501810,0.387770,-0.250118,-1.209023,-0.021437,1.849265,-1.932205,-1.378423,1.229768,-1.516521,-0.021110,0.001958,0.000738,-0.000650,-0.000276,0.000247,-0.066799
30.847098,-0.920496,0.386296,0.872937,-0.618419,-0.980768,0.567160,-0.419664,-0.060958,-0.267465,0.992109,-0.255511,-0.501121,0.388149,-0.250289,-1.209053,-0.021426,1.849259,-1.932210,-1.378423,1.229768,-1.516587,-0.023624,0.004801,-0.001612,-0.002137,-0.000300,0.000103,-0.066227
30.847953,-0.922173,0.384534,0.871403,-0.618396,-0.980625,0.568309,-0.419335,-0.052896,-0.273565,0.998810,-0.256471,-0.500464,0.388699,-0.250492,-1.209070,-0.021424,1.849261,-1.932208,-1.378425,1.229769,-1.516652,-0.021793,0.004279,-0.000241,-0.000871,-0.001762,0.000252,-0.065442
30.849006,-0.919449,0.387655,0.874069,-0.618708,-0.980133,0.567915,-0.419994,-0.045561,-0.279636,1.004761,-0.257674,-0.499832,0.389188,-0.250731,-1.209089,-0.021417,1.849263,-1.932211,-1.378425,1.229765,-1.516714,-0.020699,0.005053,0.000258,-0.000847,-0.001541,-0.000922,-0.065094
30.850182,-0.915811,0.387165,0.870492,-0.619308,-0.980124,0.566747,-0.419138,-0.041806,-0.283701,1.007176,-0.259565,-0.499264,0.389410,-0.250985,-1.209113,-0.021415,1.849259,-1.932209,-1.378426,1.229767,-1.516771,-0.021745,0.003404,-0.001347,-0.000560,-0.001612,-0.000570,-0.062592
30.851085,-0.919532,0.384580,0.870435,-0.618532,-0.980625,0.566696,-0.419320,-0.039417,-0.286439,1.008313,-0.261887,-0.498697,0.389549,-0.251229,-1.209139,-0.021410,1.849263,-1.932209,-1.378427,1.229772,-1.516834,-0.023201,0.003552,0.000100,0.000040,-0.001126,0.000525,-0.063034
30.852063,-0.916232,0.385384,0.873798,-0.620183,-0.979540,0.566807,-0.419346,-0.038151,-0.288144,1.008419,-0.264446,-0.498152,0.389582,-0.251450,-1.209155,-0.021402,1.849263,-1.932213,-1.378424,1.229770,-1.516893,-0.021065,0.004723,-0.000140,-0.000646,-0.000290,0.000539,-0.061615
30.852983,-0.915146,0.387109,0.868452,-0.618303,-0.978930,0.566667,-0.419879,-0.037752,-0.289509,1.007702,-0.267340,-0.497629,0.389503,-0.251637,-1.209181,-0.021400,1.849257,-1.932210,-1.378422,1.229769,-1.516950,-0.022397,0.004238,-0.002044,0.000974,-0.001015,0.000395,-0.060473
30.853936,-0.916491,0.387023,0.867902,-0.619477,-0.978305,0.566948,-0.420889,-0.037113,-0.290888,1.007264,-0.270443,-0.497092,0.389418,-0.251787,-1.209204,-0.021399,1.849263,-1.932215,-1.378425,1.229770,-1.517003,-0.022611,0.003318,0.000347,-0.000831,-0.001229,0.000495,-0.058364
30.855066,-0.915674,0.388831,0.865380,-0.618878,-0.978503,0.567093,-0.419859,-0.038669,-0.290312,1.004696,-0.273015,-0.496694,0.389149,-0.251897,-1.209222,-0.021396,1.849263,-1.932211,-1.378426,1.229769,-1.517053,-0.021658,0.003292,0.000333,0.000288,-0.001456,0.000176,-0.055290
30.856048,-0.912054,0.386416,0.865732,-0.617848,-0.977755,0.567559,-0.421294,-0.045096,-0.286125,0.997322,-0.274983,-0.496532,0.388491,-0.251982,-1.209244,-0.021394,1.849267,-1.932213,-1.378425,1.229769,-1.517111,-0.021758,0.002312,0.001236,-0.000267,-0.000807,-0.000014,-0.056153
30.856961,-0.912370,0.385469,0.868031,-0.616781,-0.978402,0.567287,-0.420949,-0.054744,-0.279370,0.986747,-0.276028,-0.496597,0.387594,-0.252046,-1.209271,-0.021388,1.849266,-1.932216,-1.378424,1.229768,-1.517153,-0.023216,0.003419,0.000790,-0.001235,-0.001178,-0.000520,-0.052198
30.858095,-0.911415,0.386656,0.867793,-0.617774,-0.977294,0.566206,-0.421082,-0.063053,-0.273051,0.977457,-0.275210,-0.496861,0.386833,-0.252095,-1.209293,-0.021385,1.849261,-1.932220,-1.378424,1.229769,-1.517203,-0.022737,0.003808,-0.000572,-0.002197,-0.000152,-0.000282,-0.051909
30.858981,-0.912673,0.384442,0.866381,-0.617975,-0.977443,0.566789,-0.421017,-0.067851,-0.268747,0.971624,-0.272709,-0.497226,0.386366,-0.252165,-1.209315,-0.021383,1.849261,-1.932220,-1.378426,1.229770,-1.517250,-0.022917,0.003157,-0.000628,-0.001170,-0.000983,0.000769,-0.050846
30.859934,-0.910727,0.384340,0.867794,-0.618406,-0.977387,0.566317,-0.421362,-0.070986,-0.265673,0.967501,-0.269950,-0.497569,0.386015,-0.252302,-1.209336,-0.021376,1.849263,-1.932221,-1.378426,1.229770,-1.517303,-0.022027,0.004197,0.000065,-0.000960,-0.000822,0.000170,-0.050772
30.861010,-0.906745,0.385687,0.866825,-0.616866,-0.977567,0.567020,-0.421836,-0.073878,-0.263488,0.963770,-0.268066,-0.497806,0.385646,-0.252521,-1.209359,-0.021373,1.849261,-1.932220,-1.378426,1.229771,-1.517349,-0.022738,0.004200,-0.000633,-0.000547,-0.000879,0.000648,-0.049894
30.862048,-0.905223,0.384094,0.863339,-0.617502,-0.977821,0.566947,-0.420934,-0.075387,-0.262657,0.961616,-0.266613,-0.497939,0.385360,-0.252810,-1.209388,-0.021372,1.849263,-1.932224,-1.378424,1.229770,-1.517397,-0.024397,0.003505,-0.000159,-0.002005,-0.000720,-0.000062,-0.048751
30.862932,-0.904067,0.386708,0.865935,-0.615431,-0.977144,0.566773,-0.422881,-0.075172,-0.262917,0.961372,-0.264655,-0.498058,0.385199,-0.253157,-1.209413,-0.021367,1.849269,-1.932223,-1.378425,1.229773,-1.517447,-0.024848,0.004258,0.001524,-0.001386,-0.000460,0.000004,-0.050380
30.863994,-0.904531,0.386785,0.866840,-0.615638,-0.977641,0.566369,-0.422985,-0.074399,-0.263324,0.961775,-0.261627,-0.498262,0.385069,-0.253540,-1.209439,-0.021366,1.849266,-1.932225,-1.378427,1.229771,-1.517485,-0.025105,0.002920,0.000235,-0.003425,-0.001123,0.000192,-0.046277
30.864931,-0.908622,0.386491,0.867108,-0.615628,-0.978042,0.566043,-0.423669,-0.073364,-0.263171,0.962380,-0.256905,-0.498623,0.384953,-0.253912,-1.209462,-0.021363,1.849263,-1.932229,-1.378429,1.229772,-1.517531,-0.024588,0.002850,-0.000178,-0.003110,-0.000597,0.000588,-0.045921
30.866018,-0.903144,0.381899,0.868167,-0.618205,-0.977244,0.566628,-0.424694,-0.073592,-0.261601,0.961596,-0.250970,-0.499131,0.384724,-0.254247,-1.209482,-0.021359,1.849263,-1.932231,-1.378427,1.229770,-1.517573,-0.022292,0.002959,-0.000307,-0.003057,-0.000211,0.000928,-0.044374
30.866999,-0.905211,0.386834,0.866506,-0.616313,-0.977946,0.567021,-0.426035,-0.075067,-0.259789,0.959489,-0.246065,-0.499533,0.384376,-0.254537,-1.209512,-0.021350,1.849261,-1.932227,-1.378428,1.229770,-1.517609,-0.024710,0.005168,-0.000818,-0.000570,-0.001013,0.000333,-0.042175
30.867985,-0.902756,0.385363,0.865685,-0.618068,-0.976145,0.567348,-0.426912,-0.075955,-0.259370,0.957970,-0.243468,-0.499615,0.384081,-0.254754,-1.209532,-0.021353,1.849263,-1.932232,-1.378426,1.229770,-1.517643,-0.023400,0.002684,0.000004,-0.002362,-0.000320,-0.000061,-0.039352
30.868954,-0.900517,0.388322,0.866092,-0.618379,-0.977767,0.566341,-0.426873,-0.077862,-0.258670,0.955471,-0.242521,-0.499497,0.383739,-0.254887,-1.209559,-0.021350,1.849263,-1.932231,-1.378430,1.229770,-1.517677,-0.024332,0.003414,0.000410,-0.000612,-0.002099,-0.000387,-0.037470
30.870000,-0.902009,0.386722,0.866345,-0.618525,-0.979183,0.567153,-0.426925,-0.081427,-0.256884,0.951371,-0.243235,-0.499187,0.383286,-0.254969,-1.209586,-0.021351,1.849263,-1.932234,-1.378427,1.229774,-1.517713,-0.025127,0.001927,0.000201,-0.000246,-0.000473,0.000615,-0.037421
30.870921,-0.900132,0.387231,0.867790,-0.618542,-0.977423,0.566749,-0.427648,-0.085678,-0.254533,0.946607,-0.245592,-0.498671,0.382776,-0.255036,-1.209608,-0.021346,1.849263,-1.932235,-1.378425,1.229771,-1.517747,-0.024090,0.002693,0.000075,-0.000079,0.000917,-0.000203,-0.037178
30.871954,-0.900797,0.385617,0.868221,-0.617230,-0.977551,0.566662,-0.427642,-0.090148,-0.251930,0.941578,-0.248883,-0.498058,0.382236,-0.255118,-1.209636,-0.021343,1.849261,-1.932237,-1.378431,1.229774,-1.517778,-0.024717,0.002391,-0.000632,-0.000004,-0.000811,0.000199,-0.035596
30.873010,-0.899202,0.389910,0.868775,-0.616953,-0.978232,0.565619,-0.428434,-0.093612,-0.249912,0.937458,-0.252270,-0.497418,0.381749,-0.255236,-1.209659,-0.021338,1.849259,-1.932240,-1.378431,1.229774,-1.517812,-0.024090,0.003147,-0.000816,-0.001259,-0.000671,0.000282,-0.035486
30.873937,-0.896284,0.387382,0.865622,-0.616204,-0.978741,0.566274,-0.427916,-0.096189,-0.247990,0.934114,-0.254428,-0.496894,0.381295,-0.255390,-1.209687,-0.021340,1.849259,-1.932241,-1.378431,1.229774,-1.517842,-0.024567,0.000998,-0.001090,-0.001495,0.000018,0.001333,-0.033767
30.874951,-0.894541,0.386044,0.865926,-0.615532,-0.979042,0.565950,-0.428049,-0.098817,-0.245162,0.930642,-0.254578,-0.496596,0.380809,-0.255577,-1.209715,-0.021335,1.849263,-1.932242,-1.378428,1.229770,-1.517879,-0.025691,0.002237,0.000456,-0.002224,0.000492,0.000684,-0.034682
30.876081,-0.895300,0.387361,0.867289,-0.615723,-0.978175,0.565016,-0.428126,-0.100904,-0.242209,0.927654,-0.252719,-0.496538,0.380351,-0.255795,-1.209742,-0.021330,1.849263,-1.932244,-1.378428,1.229772,-1.517912,-0.026239,0.002841,0.000285,-0.002843,0.000793,0.001010,-0.034268
30.877081,-0.891282,0.387611,0.866821,-0.616832,-0.978143,0.565127,-0.428454,-0.101712,-0.240049,0.925884,-0.249363,-0.496655,0.379982,-0.256034,-1.209766,-0.021329,1.849261,-1.932245,-1.378429,1.229774,-1.517944,-0.025552,0.002157,-0.000381,-0.002641,-0.000074,0.001936,-0.033988
30.877931,-0.891598,0.386883,0.866535,-0.615368,-0.978689,0.566039,-0.429344,-0.101233,-0.238668,0.925389,-0.245798,-0.496763,0.379712,-0.256277,-1.209796,-0.021326,1.849263,-1.932245,-1.378427,1.229773,-1.517977,-0.027227,0.002002,-0.000159,-0.001512,-0.000113,0.001823,-0.033195
30.879027,-0.889090,0.385346,0.865767,-0.615219,-0.978982,0.565760,-0.429276,-0.099334,-0.238188,0.926356,-0.242779,-0.496754,0.379573,-0.256504,-1.209822,-0.021323,1.849263,-1.932249,-1.378427,1.229769,-1.518003,-0.026732,0.002327,-0.000017,-0.002916,0.000438,0.000924,-0.031298
30.879991,-0.891530,0.385696,0.866563,-0.617173,-0.978926,0.566144,-0.430865,-0.096232,-0.238642,0.928550,-0.239708,-0.496731,0.379554,-0.256688,-1.209853,-0.021320,1.849263,-1.932251,-1.378428,1.229770,-1.518034,-0.027638,0.003064,0.000370,-0.002998,0.000736,0.001211,-0.031333
30.880919,-0.889880,0.389569,0.865539,-0.616071,-0.979505,0.566296,-0.430658,-0.092905,-0.239795,0.930987,-0.237123,-0.496682,0.379574,-0.256818,-1.209876,-0.021317,1.849263,-1.932247,-1.378429,1.229773,-1.518055,-0.026114,0.002849,-0.000037,-0.001113,0.000684,0.000802,-0.028038
30.881994,-0.886119,0.384890,0.867188,-0.616924,-0.978966,0.567243,-0.431621,-0.091560,-0.240096,0.931518,-0.235989,-0.496544,0.379471,-0.256902,-1.209903,-0.021320,1.849265,-1.932251,-1.378428,1.229771,-1.518087,-0.026640,0.000925,0.000460,-0.002142,0.001262,0.000666,-0.028359
30.882951,-0.887294,0.384163,0.865689,-0.616391,-0.978443,0.566788,-0.432486,-0.091598,-0.239497,0.930783,-0.235952,-0.496314,0.379318,-0.256948,-1.209934,-0.021311,1.849263,-1.932252,-1.378428,1.229770,-1.518108,-0.028149,0.003204,-0.000353,-0.001250,0.000712,-0.000285,-0.026325
30.884032,-0.884457,0.386783,0.867523,-0.616708,-0.978889,0.566803,-0.433110,-0.090039,-0.240390,0.931745,-0.236960,-0.495906,0.379341,-0.256963,-1.209959,-0.021306,1.849265,-1.932255,-1.378429,1.229772,-1.518130,-0.027241,0.003486,0.000387,-0.001724,0.000196,0.000170,-0.024510
30.885050,-0.881743,0.386709,0.864689,-0.616158,-0.979403,0.568046,-0.433545,-0.087027,-0.242801,0.934239,-0.238850,-0.495343,0.379505,-0.256961,-1.209990,-0.021306,1.849263,-1.932256,-1.378429,1.229774,-1.518151,-0.028311,0.002166,-0.000521,-0.001392,0.000652,0.000140,-0.023183
30.885986,-0.883447,0.386577,0.865837,-0.615547,-0.978938,0.567730,-0.434300,-0.083472,-0.245397,0.937347,-0.240832,-0.494729,0.379758,-0.256952,-1.210022,-0.021305,1.849267,-1.932256,-1.378431,1.229771,-1.518172,-0.029281,0.002198,0.000868,-0.001931,0.001192,-0.001098,-0.022234
30.886935,-0.882786,0.385080,0.863658,-0.615672,-0.978111,0.568085,-0.434834,-0.080243,-0.247348,0.940160,-0.242212,-0.494181,0.380043,-0.256938,-1.210047,-0.021304,1.849264,-1.932261,-1.378431,1.229771,-1.518190,-0.028109,0.002252,0.000316,-0.002435,0.000719,-0.000764,-0.020646
30.888057,-0.884147,0.383908,0.864830,-0.614634,-0.978909,0.567953,-0.435653,-0.078980,-0.247954,0.940987,-0.242924,-0.493775,0.380189,-0.256924,-1.210075,-0.021300,1.849267,-1.932264,-1.378432,1.229770,-1.518206,-0.028113,0.002956,0.001377,-0.002232,-0.000108,-0.001120,-0.019517
30.888947,-0.883666,0.386960,0.866888,-0.616136,-0.976910,0.566483,-0.434913,-0.080352,-0.247244,0.939131,-0.243155,-0.493534,0.380104,-0.256926,-1.210100,-0.021295,1.849266,-1.932266,-1.378427,1.229772,-1.518221,-0.027127,0.003485,0.000794,-0.003217,0.000659,-0.000997,-0.017813
30.889936,-0.880302,0.386476,0.867582,-0.615795,-0.977101,0.566021,-0.436369,-0.083965,-0.245389,0.934993,-0.243159,-0.493414,0.379798,-0.256965,-1.210128,-0.021295,1.849263,-1.932264,-1.378432,1.229775,-1.518244,-0.027041,0.001942,-0.000208,-0.001741,-0.001314,0.000466,-0.019231
30.891048,-0.879221,0.387063,0.868083,-0.613908,-0.975845,0.566959,-0.436421,-0.088054,-0.243000,0.930378,-0.243666,-0.493235,0.379399,-0.257049,-1.210157,-0.021293,1.849263,-1.932267,-1.378432,1.229777,-1.518252,-0.028380,0.002168,-0.000546,-0.002036,-0.001110,0.000911,-0.016244
30.892021,-0.881134,0.384864,0.866231,-0.616723,-0.977621,0.566126,-0.436569,-0.090250,-0.241160,0.927655,-0.244113,-0.492962,0.379099,-0.257155,-1.210185,-0.021290,1.849261,-1.932274,-1.378436,1.229774,-1.518267,-0.028573,0.001840,-0.000774,-0.003770,-0.002339,-0.000028,-0.016110
30.892923,-0.877774,0.386993,0.864925,-0.615002,-0.976848,0.566953,-0.437340,-0.091131,-0.239827,0.926232,-0.244210,-0.492661,0.378854,-0.257280,-1.210210,-0.021285,1.849263,-1.932267,-1.378431,1.229774,-1.518281,-0.027301,0.002897,0.000143,-0.001071,-0.000579,0.000823,-0.015753
30.893993,-0.876508,0.386122,0.866205,-0.615265,-0.976789,0.568272,-0.437307,-0.093244,-0.238037,0.923603,-0.244960,-0.492324,0.378467,-0.257423,-1.210241,-0.021286,1.849265,-1.932272,-1.378432,1.229770,-1.518294,-0.028642,0.001815,0.000768,-0.002732,-0.001369,0.000003,-0.014149
30.894989,-0.875184,0.384297,0.864769,-0.615120,-0.977280,0.567243,-0.438423,-0.096249,-0.235738,0.920109,-0.245933,-0.492003,0.378024,-0.257549,-1.210270,-0.021283,1.849265,-1.932272,-1.378434,1.229769,-1.518309,-0.028920,0.002227,0.000115,-0.002430,-0.001405,-0.001314,-0.014173
30.895933,-0.875118,0.385295,0.867571,-0.612451,-0.977936,0.566873,-0.438726,-0.098302,-0.234004,0.917554,-0.246674,-0.491707,0.377711,-0.257630,-1.210300,-0.021278,1.849266,-1.932275,-1.378432,1.229772,-1.518314,-0.029217,0.003091,0.000838,-0.002523,-0.000924,-0.000279,-0.011895
30.897051,-0.872390,0.384314,0.865946,-0.615611,-0.977863,0.567119,-0.438776,-0.098891,-0.233257,0.916402,-0.246490,-0.491519,0.377539,-0.257654,-1.210329,-0.021276,1.849261,-1.932284,-1.378432,1.229774,-1.518329,-0.028899,0.002548,-0.000531,-0.005003,-0.000266,0.000073,-0.011248
30.897972,-0.872297,0.386435,0.868782,-0.614310,-0.976872,0.566832,-0.439865,-0.097876,-0.233420,0.916768,-0.245075,-0.491468,0.377503,-0.257623,-1.210362,-0.021273,1.849263,-1.932279,-1.378434,1.229773,-1.518341,-0.029881,0.003014,0.000283,-0.001907,-0.000331,-0.000171,-0.011105
30.898938,-0.871976,0.386064,0.866598,-0.614801,-0.977265,0.567733,-0.439682,-0.095175,-0.234630,0.918766,-0.244041,-0.491337,0.377614,-0.257543,-1.210389,-0.021272,1.849259,-1.932283,-1.378436,1.229774,-1.518344,-0.029587,0.001928,-0.001113,-0.003141,-0.001309,0.000111,-0.008891
30.900041,-0.873090,0.384416,0.866033,-0.615098,-0.977539,0.567350,-0.439835,-0.091837,-0.236056,0.921371,-0.243795,-0.491072,0.377806,-0.257419,-1.210417,-0.021271,1.849261,-1.932286,-1.378434,1.229770,-1.518354,-0.029409,0.002108,-0.000018,-0.002570,-0.000918,-0.000777,-0.009243
30.901057,-0.872829,0.383466,0.868638,-0.616510,-0.978092,0.566725,-0.439701,-0.090064,-0.236554,0.922400,-0.244218,-0.490748,0.377896,-0.257281,-1.210444,-0.021266,1.849263,-1.932289,-1.378435,1.229772,-1.518361,-0.028527,0.002886,0.000231,-0.002210,-0.000636,-0.000390,-0.008903
30.901933,-0.873311,0.383986,0.863889,-0.615355,-0.976263,0.567019,-0.440649,-0.090374,-0.236516,0.921363,-0.246187,-0.490297,0.377809,-0.257157,-1.210472,-0.021261,1.849258,-1.932286,-1.378432,1.229774,-1.518371,-0.028328,0.003297,-0.001024,-0.000845,-0.000112,0.000224,-0.009138
30.903011,-0.870900,0.385624,0.865956,-0.615399,-0.975991,0.566826,-0.440920,-0.092844,-0.236043,0.918207,-0.249882,-0.489706,0.377522,-0.257047,-1.210498,-0.021260,1.849263,-1.932291,-1.378437,1.229773,-1.518372,-0.027766,0.003019,0.001325,-0.001917,-0.001917,-0.000072,-0.007215
30.903933,-0.866787,0.385918,0.865715,-0.614606,-0.977738,0.567501,-0.440132,-0.098478,-0.233935,0.911943,-0.254231,-0.489124,0.376965,-0.256938,-1.210527,-0.021260,1.849259,-1.932292,-1.378435,1.229773,-1.518379,-0.028644,0.002188,0.000303,-0.001833,-0.002187,0.000126,-0.006659
30.904982,-0.867733,0.384633,0.865832,-0.615244,-0.977786,0.566925,-0.441311,-0.104934,-0.230814,0.904884,-0.257955,-0.488622,0.376366,-0.256837,-1.210560,-0.021257,1.849259,-1.932295,-1.378433,1.229770,-1.518390,-0.030304,0.002012,0.000435,-0.002566,-0.000442,-0.000543,-0.008211
30.906103,-0.866821,0.384116,0.866339,-0.614915,-0.979002,0.567408,-0.441308,-0.109423,-0.228243,0.899772,-0.260662,-0.488183,0.375966,-0.256752,-1.210588,-0.021252,1.849257,-1.932295,-1.378430,1.229773,-1.518390,-0.029477,0.002601,0.000401,-0.001898,-0.000446,0.000028,-0.005814
30.906989,-0.862787,0.383492,0.867527,-0.615307,-0.978239,0.567161,-0.440907,-0.112181,-0.226579,0.896348,-0.262822,-0.487800,0.375720,-0.256668,-1.210619,-0.021248,1.849259,-1.932298,-1.378429,1.229772,-1.518395,-0.029569,0.002818,0.000128,-0.002164,0.000779,-0.000461,-0.005823
30.907951,-0.864690,0.384072,0.867152,-0.614939,-0.977500,0.566463,-0.442797,-0.112356,-0.226627,0.895452,-0.264858,-0.487419,0.375681,-0.256567,-1.210652,-0.021244,1.849257,-1.932299,-1.378431,1.229773,-1.518403,-0.031206,0.003072,-0.000450,-0.001743,0.000011,-0.000209,-0.006604
30.909213,-0.864768,0.383746,0.864609,-0.615552,-0.977066,0.566628,-0.442382,-0.109262,-0.228756,0.897765,-0.266960,-0.486993,0.375897,-0.256430,-1.210679,-0.021242,1.849257,-1.932303,-1.378433,1.229774,-1.518397,-0.029898,0.002758,-0.000256,-0.002017,-0.000702,0.000484,-0.002802
30.909997,-0.863254,0.383606,0.870330,-0.613996,-0.978876,0.566579,-0.443333,-0.106236,-0.230962,0.899977,-0.269414,-0.486581,0.376079,-0.256251,-1.210708,-0.021239,1.849259,-1.932305,-1.378437,1.229774,-1.518403,-0.029521,0.002887,0.001000,-0.001367,-0.001092,0.000315,-0.003651
30.911018,-0.863180,0.381505,0.865319,-0.616936,-0.978084,0.566247,-0.442329,-0.104548,-0.232396,0.900822,-0.271863,-0.486249,0.376125,-0.256048,-1.210741,-0.021236,1.849251,-1.932312,-1.378431,1.229774,-1.518400,-0.029894,0.002923,-0.001808,-0.002775,0.000679,0.000366,-0.001735
30.911958,-0.864913,0.383421,0.870145,-0.614446,-0.977398,0.565606,-0.442442,-0.102433,-0.234302,0.902072,-0.274456,-0.485923,0.376179,-0.255838,-1.210768,-0.021230,1.849259,-1.932307,-1.378434,1.229774,-1.518407,-0.029597,0.003909,0.000665,0.000097,-0.000114,0.000697,-0.003756
30.913119,-0.860926,0.383496,0.868868,-0.615024,-0.978307,0.565489,-0.443393,-0.100815,-0.236401,0.902834,-0.277903,-0.485550,0.376146,-0.255637,-1.210795,-0.021229,1.849251,-1.932315,-1.378435,1.229777,-1.518410,-0.028398,0.002915,-0.001708,-0.002248,-0.000786,0.001326,-0.003497
30.914086,-0.860572,0.381808,0.865045,-0.614683,-0.977992,0.566616,-0.442308,-0.099810,-0.238075,0.902996,-0.281204,-0.485214,0.376021,-0.255432,-1.210830,-0.021227,1.849253,-1.932317,-1.378434,1.229774,-1.518406,-0.030000,0.002866,-0.001059,-0.001595,0.000123,0.001455,-0.001591
30.914986,-0.858756,0.382774,0.866144,-0.614042,-0.978326,0.566830,-0.443104,-0.098871,-0.239443,0.903142,-0.283677,-0.484958,0.375880,-0.255220,-1.210860,-0.021222,1.849257,-1.932318,-1.378436,1.229772,-1.518414,-0.029799,0.003662,0.000816,-0.001916,-0.000180,0.000325,-0.003772
30.915963,-0.857066,0.383182,0.866823,-0.612590,-0.978374,0.566086,-0.443517,-0.098945,-0.240211,0.902352,-0.285428,-0.484813,0.375687,-0.255012,-1.210891,-0.021221,1.849255,-1.932321,-1.378434,1.229770,-1.518412,-0.030336,0.003154,0.000262,-0.002498,0.000139,0.000136,-0.002147
30.916999,-0.859267,0.381463,0.867901,-0.613115,-0.979553,0.566170,-0.444540,-0.099271,-0.240454,0.901342,-0.285611,-0.484856,0.375524,-0.254781,-1.210922,-0.021218,1.849253,-1.932327,-1.378434,1.229772,-1.518412,-0.030807,0.002915,-0.000050,-0.003801,0.000184,0.000877,-0.001329
30.918038,-0.857619,0.381476,0.867625,-0.613651,-0.978615,0.565614,-0.443240,-0.098936,-0.240575,0.900977,-0.283903,-0.485099,0.375449,-0.254505,-1.210949,-0.021213,1.849253,-1.932330,-1.378429,1.229773,-1.518407,-0.029364,0.003722,-0.000583,-0.003202,0.001326,0.000776,0.000707
30.918966,-0.856061,0.382784,0.864583,-0.614066,-0.979089,0.566022,-0.442444,-0.098834,-0.240808,0.899647,-0.279842,-0.485696,0.375247,-0.253918,-1.211014,-0.021208,1.849257,-1.932334,-1.378432,1.229774,-1.518420,-0.030213,0.002995,0.001045,-0.002149,0.000889,0.000917,-0.003469
30.920028,-0.856012,0.382933,0.866361,-0.613127,-0.978527,0.566300,-0.442931,-0.098834,-0.240808,0.899647,-0.279842,-0.485696,0.375247,-0.253918,-1.211014,-0.021208,1.849257,-1.932334,-1.378432,1.229774,-1.518420,-0.030213,0.002995,0.001045,-0.002149,0.000889,0.000917,-0.003469
30.920974,-0.851613,0.382124,0.866822,-0.614498,-0.979086,0.566396,-0.442758,-0.100967,-0.239666,0.896760,-0.278778,-0.485930,0.374971,-0.253629,-1.211042,-0.021207,1.849256,-1.932339,-1.378437,1.229772,-1.518418,-0.029892,0.002908,0.000137,-0.002983,0.000359,0.000650,-0.002478
30.921955,-0.850514,0.380260,0.865698,-0.614428,-0.978825,0.566056,-0.444317,-0.102889,-0.238428,0.893995,-0.278109,-0.486082,0.374742,-0.253301,-1.211076,-0.021204,1.849257,-1.932336,-1.378434,1.229773,-1.518420,-0.031708,0.003284,-0.000093,-0.001659,0.000900,0.000552,-0.002828
30.923067,-0.849499,0.379428,0.866979,-0.613572,-0.979315,0.566405,-0.444250,-0.101774,-0.239213,0.894187,-0.278444,-0.485995,0.374786,-0.252917,-1.211108,-0.021198,1.849257,-1.932339,-1.378433,1.229773,-1.518413,-0.031859,0.004141,0.000474,-0.001682,0.000624,0.000897,0.000298
30.924032,-0.850557,0.381242,0.866969,-0.612919,-0.978265,0.566132,-0.443927,-0.097321,-0.242577,0.897657,-0.279690,-0.485693,0.375108,-0.252486,-1.211140,-0.021192,1.849255,-1.932344,-1.378430,1.229774,-1.518414,-0.031977,0.004488,-0.000153,-0.002423,0.001088,0.000536,0.000136
30.924973,-0.847598,0.379292,0.866194,-0.614114,-0.977663,0.566972,-0.445019,-0.091160,-0.247221,0.902791,-0.280682,-0.485380,0.375575,-0.252035,-1.211169,-0.021191,1.849254,-1.932349,-1.378432,1.229775,-1.518418,-0.031092,0.003548,-0.000133,-0.002957,0.000046,0.000807,-0.000500
30.926047,-0.846172,0.382015,0.866622,-0.613033,-0.977574,0.567341,-0.444224,-0.085012,-0.251840,0.907932,-0.281306,-0.485124,0.376048,-0.251569,-1.211204,-0.021183,1.849256,-1.932348,-1.378434,1.229774,-1.518414,-0.032168,0.004456,0.000236,-0.001761,-0.000529,-0.000035,0.001694
30.927043,-0.845336,0.380611,0.863526,-0.613504,-0.977289,0.567603,-0.444075,-0.078973,-0.256337,0.913025,-0.282051,-0.484850,0.376526,-0.251091,-1.211237,-0.021183,1.849256,-1.932351,-1.378435,1.229774,-1.518418,-0.032478,0.003070,0.000016,-0.002788,-0.000604,-0.000400,0.000082
30.927951,-0.844592,0.380332,0.865514,-0.614719,-0.976545,0.567003,-0.444552,-0.073768,-0.260036,0.917351,-0.282649,-0.484596,0.376960,-0.250614,-1.211270,-0.021180,1.849259,-1.932354,-1.378436,1.229773,-1.518419,-0.032498,0.003751,0.001548,-0.002242,-0.000880,-0.000656,-0.000196
30.928999,-0.843368,0.381468,0.865430,-0.612408,-0.977179,0.568282,-0.444413,-0.070470,-0.262583,0.919859,-0.283722,-0.484332,0.377249,-0.250140,-1.211303,-0.021174,1.849257,-1.932353,-1.378438,1.229774,-1.518419,-0.032478,0.003814,0.000551,-0.001027,-0.001610,-0.000052,0.000768
30.930000,-0.839364,0.377099,0.866358,-0.612101,-0.977681,0.567612,-0.444911,-0.068282,-0.264538,0.921369,-0.285414,-0.484024,0.377457,-0.249659,-1.211335,-0.021173,1.849257,-1.932362,-1.378438,1.229769,-1.518422,-0.032698,0.003229,0.000603,-0.003173,-0.000961,-0.001320,0.000491
30.930973,-0.838868,0.378600,0.864684,-0.612714,-0.977215,0.567426,-0.444444,-0.064828,-0.267079,0.924241,-0.286086,-0.483796,0.377795,-0.249168,-1.211373,-0.021163,1.849256,-1.932365,-1.378438,1.229772,-1.518417,-0.034268,0.005326,0.000143,-0.003388,-0.000467,-0.000649,0.001479
30.931947,-0.839123,0.377376,0.864018,-0.612688,-0.978262,0.566184,-0.445085,-0.058513,-0.271505,0.930070,-0.285503,-0.483627,0.378377,-0.248678,-1.211408,-0.021161,1.849258,-1.932366,-1.378438,1.229773,-1.518418,-0.034076,0.004522,0.000974,-0.002732,-0.000936,-0.000477,0.000532
30.932938,-0.836522,0.377611,0.865858,-0.612987,-0.979648,0.566792,-0.444610,-0.051701,-0.276602,0.936506,-0.284744,-0.483463,0.378978,-0.248202,-1.211440,-0.021156,1.849260,-1.932369,-1.378434,1.229775,-1.518415,-0.033555,0.005080,0.001282,-0.002688,0.000087,0.000765,0.001821
30.934016,-0.834102,0.375241,0.865211,-0.613773,-0.978382,0.566398,-0.444117,-0.046094,-0.281259,0.941857,-0.284249,-0.483318,0.379442,-0.247748,-1.211476,-0.021151,1.849262,-1.932370,-1.378432,1.229774,-1.518418,-0.034445,0.004902,0.000323,-0.002360,0.001451,0.000142,0.000862
30.935332,-0.835331,0.378241,0.865598,-0.611445,-0.976575,0.565831,-0.444571,-0.039768,-0.286725,0.948050,-0.284456,-0.483099,0.379928,-0.247333,-1.211513,-0.021145,1.849262,-1.932371,-1.378432,1.229774,-1.518420,-0.035206,0.006029,0.000652,-0.001560,0.000164,0.000546,-0.000117
30.936024,-0.833247,0.378140,0.865179,-0.612779,-0.977052,0.566078,-0.443486,-0.032697,-0.292789,0.955101,-0.285109,-0.482831,0.380440,-0.246972,-1.211545,-0.021145,1.849262,-1.932379,-1.378438,1.229775,-1.518418,-0.034188,0.004500,0.000459,-0.003705,-0.001592,0.001110,0.000802
30.937011,-0.830838,0.376717,0.864457,-0.612259,-0.977805,0.566042,-0.444341,-0.027257,-0.297311,0.960620,-0.285210,-0.482667,0.380796,-0.246666,-1.211583,-0.021141,1.849264,-1.932379,-1.378438,1.229775,-1.518423,-0.034794,0.004518,0.000649,-0.002354,-0.001093,0.000856,-0.001376
30.937998,-0.831779,0.377023,0.864619,-0.612502,-0.977991,0.565280,-0.444691,-0.023715,-0.300090,0.964363,-0.284932,-0.482572,0.380990,-0.246412,-1.211620,-0.021134,1.849264,-1.932382,-1.378435,1.229776,-1.518420,-0.035549,0.005144,0.001008,-0.002824,-0.000366,0.000889,0.000361
30.938936,-0.830000,0.377403,0.863325,-0.612261,-0.978070,0.566420,-0.444566,-0.021531,-0.301889,0.966872,-0.284690,-0.482487,0.381057,-0.246188,-1.211652,-0.021130,1.849266,-1.932384,-1.378437,1.229778,-1.518418,-0.034679,0.004935,0.000902,-0.002514,-0.000164,0.001649,0.001040
30.939968,-0.830581,0.378803,0.863598,-0.611811,-0.978515,0.566789,-0.444190,-0.021615,-0.302204,0.967214,-0.284421,-0.482448,0.380924,-0.245980,-1.211687,-0.021126,1.849268,-1.932387,-1.378437,1.229775,-1.518419,-0.035164,0.004701,0.001528,-0.002691,-0.000086,0.000507,0.000787
30.940991,-0.827987,0.379379,0.865253,-0.612519,-0.979805,0.566800,-0.443871,-0.024840,-0.300241,0.964499,-0.283839,-0.482512,0.380572,-0.245784,-1.211722,-0.021124,1.849268,-1.932390,-1.378435,1.229775,-1.518421,-0.034448,0.003969,0.001382,-0.003069,0.000341,0.000146,0.000037
30.941954,-0.828525,0.380464,0.866377,-0.614239,-0.979474,0.567042,-0.444426,-0.030539,-0.296093,0.959356,-0.282773,-0.482681,0.380095,-0.245595,-1.211760,-0.021120,1.849266,-1.932393,-1.378431,1.229775,-1.518424,-0.035297,0.003644,0.000573,-0.002287,0.001598,0.000135,-0.000588
30.943046,-0.829409,0.378913,0.863891,-0.613066,-0.977791,0.567169,-0.444607,-0.036956,-0.290858,0.953496,-0.282278,-0.482784,0.379631,-0.245400,-1.211793,-0.021115,1.849266,-1.932390,-1.378431,1.229778,-1.518422,-0.034616,0.003033,0.000017,-0.000613,0.001255,-0.000128,0.000531
30.944027,-0.825682,0.379395,0.867856,-0.610996,-0.978334,0.567570,-0.443399,-0.044448,-0.284691,0.946522,-0.283295,-0.482742,0.379120,-0.245185,-1.211825,-0.021109,1.849270,-1.932395,-1.378437,1.229775,-1.518421,-0.033797,0.003754,0.001229,-0.001701,-0.000387,-0.000236,0.000882
30.944947,-0.826687,0.381626,0.865289,-0.612957,-0.977734,0.566779,-0.444400,-0.052638,-0.277896,0.938754,-0.284349,-0.482722,0.378570,-0.244951,-1.211861,-0.021108,1.849265,-1.932402,-1.378436,1.229775,-1.518425,-0.035250,0.003483,-0.000722,-0.003615,0.000173,-0.000635,-0.001546
30.945966,-0.824177,0.378114,0.869534,-0.612961,-0.977583,0.566761,-0.443998,-0.059867,-0.271124,0.931819,-0.284155,-0.482807,0.378110,-0.244708,-1.211893,-0.021108,1.849268,-1.932401,-1.378438,1.229778,-1.518420,-0.034339,0.002369,0.000550,-0.001642,-0.000419,0.000145,0.000479
30.947012,-0.824774,0.378326,0.865789,-0.612595,-0.976859,0.567409,-0.444253,-0.065747,-0.264896,0.926142,-0.284023,-0.482818,0.377747,-0.244466,-1.211930,-0.021100,1.849263,-1.932405,-1.378438,1.229776,-1.518422,-0.035168,0.004052,-0.001539,-0.001547,-0.000565,0.000169,-0.000346
30.947986,-0.822861,0.378905,0.866801,-0.611821,-0.978143,0.568034,-0.444305,-0.069647,-0.260318,0.922384,-0.284830,-0.482637,0.377510,-0.244234,-1.211963,-0.021096,1.849267,-1.932409,-1.378442,1.229775,-1.518423,-0.034459,0.003886,0.000327,-0.001828,-0.001255,-0.000481,0.000182
30.948959,-0.825417,0.378909,0.869757,-0.613049,-0.977732,0.566990,-0.444115,-0.072839,-0.256618,0.919284,-0.285704,-0.482414,0.377309,-0.244005,-1.211998,-0.021096,1.849265,-1.932412,-1.378438,1.229774,-1.518423,-0.035000,0.003588,-0.000181,-0.002527,0.000004,-0.001100,0.000285
30.950016,-0.823230,0.380042,0.869168,-0.613535,-0.977387,0.568177,-0.444892,-0.076459,-0.252794,0.915696,-0.286241,-0.482236,0.377063,-0.243759,-1.212029,-0.021092,1.849261,-1.932413,-1.378438,1.229774,-1.518424,-0.033336,0.003541,-0.001622,-0.001269,-0.000422,-0.000039,-0.000098
30.950996,-0.820405,0.377581,0.866538,-0.612202,-0.975733,0.568283,-0.443648,-0.080247,-0.248979,0.911897,-0.287328,-0.481993,0.376792,-0.243484,-1.212064,-0.021089,1.849261,-1.932414,-1.378438,1.229774,-1.518418,-0.034024,0.002934,-0.001310,-0.000761,-0.000761,-0.001244,0.001451
30.951959,-0.823990,0.379570,0.867796,-0.613653,-0.977892,0.568087,-0.444279,-0.083984,-0.245383,0.908127,-0.289107,-0.481655,0.376526,-0.243187,-1.212100,-0.021084,1.849263,-1.932419,-1.378445,1.229774,-1.518427,-0.035014,0.004126,-0.000007,-0.001993,-0.002367,-0.001339,-0.001043
30.953111,-0.820640,0.380201,0.868396,-0.612781,-0.978718,0.567678,-0.443850,-0.088390,-0.241685,0.903623,-0.291046,-0.481308,0.376207,-0.242889,-1.212128,-0.021082,1.849261,-1.932418,-1.378439,1.229778,-1.518425,-0.032849,0.003080,-0.000634,-0.000531,-0.000230,-0.001164,0.000251
30.953983,-0.819659,0.379356,0.869391,-0.612124,-0.977559,0.567931,-0.444499,-0.094652,-0.236963,0.897150,-0.293047,-0.481014,0.375728,-0.242596,-1.212166,-0.021079,1.849259,-1.932421,-1.378436,1.229775,-1.518426,-0.034107,0.002736,-0.000909,-0.001350,0.000552,-0.000739,-0.000624
30.954903,-0.818080,0.380331,0.867489,-0.612734,-0.977591,0.569328,-0.445030,-0.101017,-0.231930,0.890437,-0.294442,-0.480817,0.375224,-0.242304,-1.212201,-0.021076,1.849257,-1.932426,-1.378437,1.229775,-1.518426,-0.034169,0.003134,-0.001384,-0.001896,-0.000613,-0.000996,0.000694
30.956007,-0.816226,0.378961,0.868152,-0.612510,-0.978943,0.568097,-0.443914,-0.105894,-0.227567,0.885085,-0.294957,-0.480713,0.374835,-0.242020,-1.212235,-0.021074,1.849259,-1.932428,-1.378438,1.229773,-1.518421,-0.034546,0.002608,-0.000443,-0.001235,-0.000554,-0.002393,0.001734
30.957044,-0.817436,0.379566,0.868390,-0.611373,-0.978982,0.567186,-0.445023,-0.112235,-0.221063,0.877437,-0.294778,-0.480708,0.374307,-0.241515,-1.212304,-0.021067,1.849257,-1.932433,-1.378437,1.229779,-1.518424,-0.034024,0.002908,-0.000879,-0.002475,0.000826,-0.000262,0.001744
30.958023,-0.815076,0.378686,0.870526,-0.611800,-0.978287,0.566743,-0.443957,-0.113851,-0.218930,0.874882,-0.293468,-0.480876,0.374072,-0.241276,-1.212340,-0.021062,1.849253,-1.932436,-1.378439,1.229778,-1.518428,-0.034789,0.003300,-0.001909,-0.001961,0.000138,0.000179,-0.000415
30.959045,-0.814266,0.379872,0.870156,-0.612110,-0.978580,0.567076,-0.444510,-0.113502,-0.218113,0.874102,-0.291875,-0.481022,0.373922,-0.241040,-1.212375,-0.021060,1.849253,-1.932437,-1.378437,1.229775,-1.518424,-0.034767,0.002675,-0.001708,-0.001625,0.000428,-0.000144,0.000707
30.960089,-0.810140,0.377732,0.869848,-0.610511,-0.978392,0.566285,-0.445089,-0.113502,-0.218113,0.874102,-0.291875,-0.481022,0.373922,-0.241040,-1.212375,-0.021060,1.849253,-1.932437,-1.378437,1.229775,-1.518424,-0.034767,0.002675,-0.001708,-0.001625,0.000428,-0.000144,0.000707
30.960988,-0.813134,0.378253,0.871927,-0.611064,-0.977972,0.565774,-0.443680,-0.110486,-0.219046,0.875844,-0.290114,-0.481097,0.373935,-0.240811,-1.212414,-0.021055,1.849251,-1.932443,-1.378438,1.229777,-1.518420,-0.036382,0.003695,-0.001534,-0.003116,0.000244,0.000651,0.001848
30.961955,-0.811145,0.377163,0.868632,-0.610815,-0.979417,0.565692,-0.444387,-0.104895,-0.221715,0.880036,-0.287703,-0.481168,0.374104,-0.240606,-1.212446,-0.021054,1.849247,-1.932444,-1.378440,1.229779,-1.518427,-0.034472,0.003406,-0.002532,-0.002516,-0.000163,0.001145,-0.000980
30.962974,-0.811198,0.381760,0.867686,-0.609286,-0.978168,0.565223,-0.443395,-0.098914,-0.224969,0.884558,-0.285020,-0.481271,0.374248,-0.240436,-1.212482,-0.021047,1.849248,-1.932447,-1.378438,1.229779,-1.518424,-0.035049,0.003881,-0.000878,-0.002696,0.001285,0.001221,0.000463
30.963977,-0.808223,0.379755,0.868853,-0.609125,-0.978513,0.565203,-0.443892,-0.095992,-0.226321,0.886049,-0.281839,-0.481537,0.374104,-0.240287,-1.212515,-0.021049,1.849251,-1.932452,-1.378440,1.229778,-1.518428,-0.034616,0.001576,-0.000441,-0.004110,0.000026,0.001699,-0.001539
30.965041,-0.806744,0.378247,0.864075,-0.611178,-0.979440,0.565401,-0.443855,-0.096662,-0.224703,0.884009,-0.277299,-0.482063,0.373653,-0.240138,-1.212554,-0.021044,1.849247,-1.932457,-1.378439,1.229778,-1.518425,-0.035661,0.002546,-0.000996,-0.004139,0.000373,0.001719,-0.000526
30.965993,-0.805998,0.378223,0.868395,-0.610418,-0.978647,0.565002,-0.443313,-0.099004,-0.221790,0.880354,-0.272559,-0.482677,0.373059,-0.239988,-1.212591,-0.021038,1.849252,-1.932455,-1.378436,1.229778,-1.518426,-0.035948,0.003233,0.001360,-0.002126,0.001283,0.001518,-0.000607
30.967055,-0.806485,0.377625,0.867706,-0.609046,-0.979194,0.566146,-0.443672,-0.101620,-0.219329,0.876442,-0.269439,-0.483161,0.372435,-0.239848,-1.212626,-0.021036,1.849247,-1.932458,-1.378438,1.229778,-1.518429,-0.035888,0.003215,-0.000775,-0.002844,0.000495,0.001923,-0.001690
30.968093,-0.804560,0.373230,0.866398,-0.608262,-0.978406,0.565411,-0.443349,-0.103186,-0.217917,0.873507,-0.267325,-0.483549,0.371914,-0.239710,-1.212662,-0.021033,1.849247,-1.932464,-1.378436,1.229775,-1.518430,-0.035209,0.003475,-0.000405,-0.004067,0.001030,0.000778,-0.000950
30.969087,-0.803633,0.374645,0.868899,-0.609069,-0.976664,0.567211,-0.443262,-0.103081,-0.217871,0.872145,-0.264746,-0.483998,0.371553,-0.239543,-1.212698,-0.021024,1.849248,-1.932471,-1.378439,1.229777,-1.518428,-0.035752,0.005582,0.000230,-0.004681,0.000261,0.001519,-0.001618
30.969926,-0.801478,0.376273,0.865150,-0.610289,-0.976487,0.566726,-0.443247,-0.100656,-0.219940,0.873052,-0.261878,-0.484453,0.371397,-0.239349,-1.212734,-0.021019,1.849244,-1.932474,-1.378443,1.229774,-1.518430,-0.035784,0.004794,-0.000991,-0.003776,-0.001449,-0.000287,-0.001777
30.971045,-0.800673,0.375147,0.870287,-0.611253,-0.974736,0.566603,-0.443350,-0.096331,-0.223570,0.875898,-0.260081,-0.484713,0.371443,-0.239147,-1.212772,-0.021019,1.849251,-1.932474,-1.378442,1.229776,-1.518431,-0.036413,0.003974,0.000828,-0.002560,-0.001623,0.000207,-0.001803
30.971941,-0.798239,0.376209,0.868729,-0.611308,-0.975354,0.566362,-0.444199,-0.091065,-0.227822,0.879782,-0.260639,-0.484604,0.371621,-0.238955,-1.212809,-0.021014,1.849245,-1.932475,-1.378444,1.229777,-1.518430,-0.036358,0.004488,-0.001700,-0.001577,-0.003373,0.000322,-0.001600
30.973096,-0.800763,0.376222,0.866800,-0.610423,-0.975614,0.567383,-0.443964,-0.083666,-0.233327,0.885884,-0.263797,-0.484043,0.372008,-0.238775,-1.212847,-0.021010,1.849246,-1.932478,-1.378444,1.229777,-1.518427,-0.037131,0.003901,-0.000912,-0.001459,-0.002731,0.000563,0.000103
30.974077,-0.798777,0.376910,0.867876,-0.609916,-0.976087,0.568461,-0.444495,-0.071047,-0.241736,0.896139,-0.272529,-0.482556,0.372744,-0.238455,-1.212916,-0.021003,1.849248,-1.932487,-1.378440,1.229774,-1.518425,-0.036033,0.003474,-0.000520,-0.002646,-0.002041,-0.001530,0.000678
30.975042,-0.799154,0.375543,0.866236,-0.609548,-0.978060,0.567914,-0.443845,-0.071047,-0.241736,0.896139,-0.272529,-0.482556,0.372744,-0.238455,-1.212916,-0.021003,1.849248,-1.932487,-1.378440,1.229774,-1.518425,-0.036033,0.003474,-0.000520,-0.002646,-0.002041,-0.001530,0.000678
30.975999,-0.793308,0.374390,0.869999,-0.608482,-0.976617,0.568016,-0.443907,-0.069139,-0.242256,0.896959,-0.275413,-0.482109,0.372859,-0.238341,-1.212949,-0.020998,1.849248,-1.932492,-1.378436,1.229775,-1.518429,-0.035429,0.004105,0.000314,-0.002894,-0.000089,-0.000974,-0.000628
30.977020,-0.794813,0.373857,0.865763,-0.609633,-0.976621,0.568271,-0.445344,-0.067134,-0.242350,0.897888,-0.276574,-0.481880,0.373015,-0.238247,-1.212991,-0.020991,1.849244,-1.932497,-1.378441,1.229776,-1.518433,-0.037882,0.004591,-0.001539,-0.003828,-0.001518,-0.001088,-0.000473
30.978025,-0.792453,0.376918,0.868868,-0.608489,-0.977182,0.568658,-0.443858,-0.062436,-0.243900,0.901514,-0.276421,-0.481736,0.373406,-0.238140,-1.213026,-0.020985,1.849249,-1.932497,-1.378441,1.229775,-1.518426,-0.036678,0.004782,0.000553,-0.002667,-0.001499,-0.001337,0.002402
30.978945,-0.794415,0.372597,0.865562,-0.609275,-0.976927,0.567774,-0.443804,-0.056816,-0.245771,0.906093,-0.275645,-0.481636,0.373899,-0.237998,-1.213064,-0.020984,1.849245,-1.932502,-1.378438,1.229773,-1.518433,-0.037418,0.003229,-0.000988,-0.003711,-0.000962,-0.001715,-0.000601
30.980008,-0.790358,0.375612,0.864053,-0.608556,-0.977604,0.568108,-0.443595,-0.052459,-0.246618,0.909464,-0.274453,-0.481620,0.374304,-0.237820,-1.213096,-0.020975,1.849251,-1.932503,-1.378442,1.229776,-1.518432,-0.036026,0.005313,0.000624,-0.002881,-0.001181,-0.000835,-0.000687
30.980941,-0.789451,0.373606,0.867705,-0.609091,-0.977440,0.568732,-0.443682,-0.050634,-0.246100,0.910392,-0.273172,-0.481700,0.374484,-0.237601,-1.213138,-0.020973,1.849252,-1.932508,-1.378442,1.229774,-1.518432,-0.037588,0.003745,0.001362,-0.003506,-0.000500,-0.001169,-0.001107
30.981950,-0.789039,0.372908,0.866669,-0.609188,-0.976479,0.567635,-0.444651,-0.050279,-0.244797,0.909950,-0.271914,-0.481822,0.374542,-0.237344,-1.213176,-0.020965,1.849248,-1.932511,-1.378440,1.229773,-1.518432,-0.037568,0.004682,-0.000445,-0.002887,-0.000686,-0.001791,-0.000926
30.983133,-0.790543,0.376098,0.866140,-0.609197,-0.976675,0.567179,-0.443659,-0.048621,-0.244438,0.910874,-0.271046,-0.481837,0.374711,-0.237055,-1.213212,-0.020959,1.849248,-1.932513,-1.378444,1.229778,-1.518430,-0.037338,0.004951,0.000104,-0.002744,-0.001617,-0.000704,0.001023
30.984069,-0.787347,0.371643,0.868710,-0.608310,-0.978201,0.567471,-0.444775,-0.047297,-0.244076,0.911527,-0.270910,-0.481737,0.374825,-0.236733,-1.213246,-0.020958,1.849249,-1.932514,-1.378444,1.229778,-1.518435,-0.036171,0.003326,0.000343,-0.002704,-0.001409,-0.000255,-0.000982
30.984970,-0.786470,0.374189,0.867785,-0.606897,-0.976663,0.567131,-0.444665,-0.047431,-0.242772,0.910798,-0.270911,-0.481626,0.374778,-0.236377,-1.213284,-0.020949,1.849246,-1.932517,-1.378441,1.229777,-1.518430,-0.037336,0.005475,-0.000915,-0.003522,0.000102,-0.000552,0.001270
30.986026,-0.790224,0.371857,0.865232,-0.606098,-0.977437,0.567789,-0.444748,-0.046415,-0.242065,0.911297,-0.269931,-0.481575,0.374795,-0.235989,-1.213321,-0.020947,1.849245,-1.932524,-1.378442,1.229778,-1.518430,-0.037317,0.004144,-0.000429,-0.004787,-0.001460,-0.000211,0.001026
30.986929,-0.786069,0.370382,0.865483,-0.606937,-0.977049,0.566852,-0.444900,-0.045915,-0.240841,0.911380,-0.267088,-0.481753,0.374757,-0.235597,-1.213351,-0.020941,1.849249,-1.932529,-1.378444,1.229777,-1.518429,-0.035060,0.005266,0.000811,-0.005441,-0.000649,-0.000870,0.001194
30.988006,-0.784812,0.370913,0.865976,-0.606616,-0.978328,0.566274,-0.443535,-0.048643,-0.237889,0.908356,-0.262971,-0.482185,0.374444,-0.235244,-1.213390,-0.020933,1.849249,-1.932531,-1.378445,1.229778,-1.518427,-0.036709,0.005907,0.000672,-0.004558,-0.001034,0.000074,0.001491
30.988967,-0.783767,0.370962,0.868228,-0.609461,-0.978714,0.566838,-0.444107,-0.052314,-0.235003,0.904495,-0.258855,-0.482635,0.374026,-0.234969,-1.213427,-0.020929,1.849249,-1.932537,-1.378442,1.229778,-1.518433,-0.036875,0.005584,0.000425,-0.004735,0.000234,0.000648,-0.001245
30.989928,-0.787764,0.370729,0.867166,-0.606734,-0.977040,0.567117,-0.443824,-0.054435,-0.233575,0.902261,-0.256086,-0.482857,0.373715,-0.234788,-1.213463,-0.020924,1.849247,-1.932533,-1.378440,1.229777,-1.518429,-0.036967,0.005495,-0.000688,-0.001957,0.000587,0.000083,-0.000079
30.991055,-0.784519,0.369664,0.867806,-0.608222,-0.978025,0.566533,-0.443986,-0.055929,-0.232923,0.900717,-0.255294,-0.482813,0.373468,-0.234686,-1.213493,-0.020918,1.849249,-1.932542,-1.378444,1.229777,-1.518431,-0.034584,0.005539,-0.000162,-0.004512,-0.001070,-0.000194,-0.000655
30.992022,-0.780650,0.367595,0.865642,-0.608505,-0.977564,0.567160,-0.443668,-0.058699,-0.231786,0.897971,-0.255529,-0.482682,0.373149,-0.234641,-1.213530,-0.020912,1.849249,-1.932541,-1.378442,1.229778,-1.518431,-0.035799,0.006006,-0.000495,-0.003006,-0.000075,0.000389,-0.000323
30.992941,-0.782721,0.369867,0.867458,-0.608303,-0.977050,0.566375,-0.443715,-0.061280,-0.231333,0.895520,-0.256755,-0.482430,0.372873,-0.234642,-1.213571,-0.020904,1.849251,-1.932544,-1.378443,1.229777,-1.518433,-0.037244,0.006953,0.000575,-0.002667,-0.000540,-0.000240,-0.000958
30.994007,-0.780563,0.369718,0.868152,-0.606945,-0.976221,0.566426,-0.444337,-0.062432,-0.232381,0.894603,-0.259310,-0.481982,0.372737,-0.234670,-1.213603,-0.020902,1.849250,-1.932548,-1.378444,1.229779,-1.518435,-0.035794,0.005772,-0.000330,-0.002786,-0.001046,0.000545,-0.000852
30.994987,-0.780269,0.371505,0.866604,-0.607186,-0.977143,0.566551,-0.443148,-0.063185,-0.233577,0.894136,-0.262019,-0.481490,0.372654,-0.234683,-1.213640,-0.020897,1.849248,-1.932553,-1.378444,1.229779,-1.518431,-0.036448,0.005792,-0.000652,-0.004034,-0.001878,0.000486,0.000389
30.996008,-0.778628,0.370867,0.867518,-0.606799,-0.977512,0.566485,-0.443989,-0.064296,-0.233837,0.893352,-0.263666,-0.481108,0.372558,-0.234648,-1.213675,-0.020893,1.849249,-1.932554,-1.378442,1.229779,-1.518437,-0.036163,0.004843,0.000118,-0.003742,-0.000961,0.000360,-0.002000
30.996970,-0.778385,0.368726,0.866884,-0.608462,-0.976924,0.566293,-0.443733,-0.066390,-0.232691,0.891633,-0.264072,-0.480896,0.372393,-0.234565,-1.213713,-0.020888,1.849249,-1.932557,-1.378442,1.229780,-1.518429,-0.036545,0.005118,-0.000349,-0.004066,-0.000598,0.000422,-0.000309
30.997985,-0.780903,0.365807,0.866016,-0.607836,-0.977327,0.566085,-0.444101,-0.068899,-0.231060,0.889517,-0.264303,-0.480751,0.372189,-0.234443,-1.213750,-0.020881,1.849251,-1.932558,-1.378443,1.229779,-1.518434,-0.036212,0.006107,-0.000050,-0.002363,-0.001180,0.000624,-0.000825
30.998974,-0.776483,0.371239,0.868358,-0.607917,-0.978459,0.566473,-0.444439,-0.071943,-0.229946,0.886844,-0.265745,-0.480553,0.371914,-0.234303,-1.213780,-0.020870,1.849251,-1.932562,-1.378442,1.229779,-1.518431,-0.034573,0.007438,0.000382,-0.002923,-0.000775,0.000827,-0.000086
31.000008,-0.775004,0.368600,0.865681,-0.605453,-0.977636,0.565607,-0.443632,-0.076034,-0.228951,0.883085,-0.268142,-0.480351,0.371539,-0.234164,-1.213820,-0.020870,1.849250,-1.932565,-1.378439,1.229778,-1.518429,-0.036347,0.004690,-0.000782,-0.002755,0.000333,0.000438,0.000579
31.000918,-0.773504,0.366580,0.864151,-0.607692,-0.977797,0.565789,-0.444124,-0.079959,-0.227631,0.879458,-0.269684,-0.480290,0.371190,-0.234038,-1.213856,-0.020863,1.849252,-1.932574,-1.378444,1.229779,-1.518433,-0.036640,0.005956,0.000557,-0.005021,-0.000466,0.001313,-0.001040
31.002005,-0.771650,0.367028,0.869363,-0.607749,-0.976980,0.566075,-0.444056,-0.083274,-0.226418,0.876430,-0.269916,-0.480389,0.370876,-0.233935,-1.213893,-0.020853,1.849253,-1.932574,-1.378446,1.229778,-1.518431,-0.036940,0.006842,0.001298,-0.002755,-0.000271,0.001125,-0.000040
31.002995,-0.770650,0.367354,0.867135,-0.607465,-0.976529,0.566961,-0.443744,-0.084712,-0.226925,0.875273,-0.270561,-0.480385,0.370687,-0.233857,-1.213931,-0.020848,1.849247,-1.932577,-1.378445,1.229778,-1.518434,-0.037416,0.006547,-0.001271,-0.002643,-0.001110,0.000838,-0.000175
31.003995,-0.770111,0.366175,0.867368,-0.607494,-0.978037,0.566673,-0.444346,-0.082492,-0.230040,0.877756,-0.272329,-0.480098,0.370807,-0.233792,-1.213968,-0.020842,1.849249,-1.932582,-1.378447,1.229777,-1.518435,-0.037461,0.006314,-0.000142,-0.002801,-0.001531,-0.000044,-0.000801
31.004997,-0.768267,0.370290,0.868351,-0.607395,-0.976636,0.565941,-0.443142,-0.078118,-0.234549,0.882379,-0.274542,-0.479660,0.371142,-0.233709,-1.214006,-0.020834,1.849249,-1.932584,-1.378442,1.229778,-1.518433,-0.037272,0.006815,-0.000270,-0.002725,-0.000059,0.000251,0.000417
31.005947,-0.766431,0.368360,0.869461,-0.606791,-0.977334,0.566617,-0.443907,-0.073641,-0.238881,0.887097,-0.276703,-0.479211,0.371526,-0.233590,-1.214045,-0.020833,1.849249,-1.932585,-1.378445,1.229780,-1.518438,-0.037741,0.004723,-0.000765,-0.002794,-0.001457,0.000974,-0.002009
31.006981,-0.766404,0.369238,0.865815,-0.606649,-0.979053,0.566285,-0.443123,-0.068891,-0.242565,0.892068,-0.278307,-0.478799,0.371962,-0.233442,-1.214083,-0.020823,1.849247,-1.932590,-1.378446,1.229778,-1.518431,-0.038200,0.005603,-0.001299,-0.003290,-0.000724,0.000297,-0.000465
31.007980,-0.766358,0.367219,0.865683,-0.607014,-0.977125,0.566269,-0.443456,-0.064360,-0.245410,0.896797,-0.278956,-0.478508,0.372398,-0.233275,-1.214119,-0.020820,1.849251,-1.932593,-1.378439,1.229778,-1.518437,-0.037771,0.005115,0.000504,-0.003357,0.000927,0.000634,-0.002043
31.008989,-0.765087,0.367573,0.866104,-0.606222,-0.976770,0.566730,-0.443305,-0.062472,-0.246578,0.898870,-0.278993,-0.478409,0.372614,-0.233100,-1.214155,-0.020813,1.849251,-1.932596,-1.378446,1.229779,-1.518435,-0.037362,0.006047,0.000549,-0.002912,-0.000960,0.000643,-0.001362
31.009944,-0.762933,0.368653,0.866647,-0.606374,-0.977804,0.566949,-0.443686,-0.063516,-0.246303,0.898002,-0.278983,-0.478442,0.372572,-0.232926,-1.214191,-0.020807,1.849251,-1.932601,-1.378445,1.229778,-1.518435,-0.037571,0.005784,0.000331,-0.003597,-0.001309,0.000182,-0.001671
31.011121,-0.763807,0.368531,0.867339,-0.607735,-0.977600,0.567216,-0.443772,-0.065538,-0.245560,0.896146,-0.278750,-0.478531,0.372449,-0.232765,-1.214230,-0.020804,1.849251,-1.932606,-1.378442,1.229779,-1.518434,-0.038182,0.005211,0.000060,-0.003310,-0.000297,-0.000040,-0.000906
31.012171,-0.760769,0.368877,0.864805,-0.608110,-0.977372,0.567645,-0.443764,-0.067665,-0.244645,0.894190,-0.278682,-0.478586,0.372334,-0.232630,-1.214265,-0.020799,1.849250,-1.932606,-1.378442,1.229779,-1.518435,-0.037313,0.005210,-0.000267,-0.001954,-0.000515,-0.000307,-0.000734
31.012935,-0.758214,0.367094,0.869910,-0.606029,-0.977590,0.566911,-0.444603,-0.070394,-0.243474,0.891677,-0.279912,-0.478503,0.372186,-0.232522,-1.214305,-0.020794,1.849253,-1.932607,-1.378442,1.229778,-1.518437,-0.038372,0.004985,0.000976,-0.001560,-0.000736,-0.000728,-0.000747
31.013973,-0.757747,0.365875,0.867257,-0.605729,-0.977322,0.567949,-0.443543,-0.071955,-0.243115,0.890363,-0.281863,-0.478306,0.372137,-0.232432,-1.214345,-0.020788,1.849247,-1.932614,-1.378442,1.229779,-1.518431,-0.039167,0.005813,-0.001545,-0.003496,-0.000513,0.000008,0.000927
31.014959,-0.755962,0.370767,0.868447,-0.607285,-0.976832,0.567836,-0.443972,-0.069494,-0.245185,0.893022,-0.282754,-0.478124,0.372409,-0.232347,-1.214384,-0.020779,1.849251,-1.932617,-1.378443,1.229778,-1.518437,-0.038925,0.006305,-0.000226,-0.003703,-0.000779,-0.001043,-0.001205
31.016086,-0.753853,0.366405,0.865821,-0.607041,-0.977493,0.568002,-0.443979,-0.064635,-0.248473,0.898048,-0.282632,-0.477987,0.372885,-0.232267,-1.214423,-0.020779,1.849248,-1.932616,-1.378445,1.229778,-1.518433,-0.039355,0.003838,-0.000801,-0.002162,-0.001256,-0.000914,-0.000334
31.016977,-0.752450,0.365290,0.866818,-0.606585,-0.977470,0.567790,-0.443735,-0.059922,-0.251338,0.902979,-0.282816,-0.477793,0.373369,-0.232184,-1.214463,-0.020768,1.849251,-1.932620,-1.378443,1.229778,-1.518434,-0.039928,0.005924,0.000494,-0.002309,-0.000599,-0.001083,-0.000324
31.017955,-0.755559,0.369325,0.869482,-0.605490,-0.978153,0.568148,-0.444814,-0.055012,-0.254643,0.908149,-0.283568,-0.477516,0.373869,-0.232096,-1.214503,-0.020761,1.849251,-1.932623,-1.378442,1.229782,-1.518435,-0.040141,0.006383,-0.000021,-0.002694,-0.000637,-0.000891,-0.000815
31.019035,-0.754327,0.368453,0.867965,-0.606462,-0.977396,0.567093,-0.443700,-0.050195,-0.258081,0.913189,-0.283849,-0.477299,0.374358,-0.231999,-1.214538,-0.020760,1.849249,-1.932629,-1.378441,1.229779,-1.518431,-0.038147,0.004331,-0.001344,-0.003669,0.000037,-0.001237,0.001355
31.019963,-0.752029,0.367119,0.868804,-0.606266,-0.978457,0.566652,-0.444231,-0.047753,-0.259444,0.915799,-0.283087,-0.477278,0.374663,-0.231898,-1.214577,-0.020752,1.849250,-1.932630,-1.378445,1.229779,-1.518436,-0.038324,0.004697,-0.000568,-0.002650,-0.000694,-0.000173,-0.000899
31.020955,-0.749234,0.366019,0.866968,-0.606979,-0.979772,0.566026,-0.443289,-0.047827,-0.258893,0.915890,-0.282063,-0.477374,0.374738,-0.231821,-1.214617,-0.020745,1.849249,-1.932633,-1.378444,1.229781,-1.518432,-0.038998,0.005283,-0.000994,-0.002781,0.000377,0.000254,0.000182
31.021996,-0.750328,0.365601,0.869642,-0.607587,-0.979856,0.565807,-0.443652,-0.048143,-0.258472,0.915752,-0.281495,-0.477442,0.374731,-0.231788,-1.214659,-0.020739,1.849253,-1.932634,-1.378442,1.229782,-1.518438,-0.039888,0.005754,-0.000108,-0.002033,0.001671,0.000876,-0.001709
31.022983,-0.748653,0.364785,0.868520,-0.606030,-0.980024,0.566546,-0.443883,-0.047630,-0.259124,0.916421,-0.281885,-0.477402,0.374727,-0.231804,-1.214697,-0.020732,1.849250,-1.932635,-1.378442,1.229780,-1.518436,-0.038872,0.005882,-0.001428,-0.001407,0.001752,0.001103,-0.000965
31.023991,-0.748212,0.364791,0.868380,-0.606438,-0.978803,0.566072,-0.443154,-0.046385,-0.260686,0.917762,-0.282986,-0.477296,0.374747,-0.231847,-1.214738,-0.020726,1.849251,-1.932640,-1.378440,1.229779,-1.518435,-0.039231,0.006215,-0.000863,-0.002855,0.001895,0.000360,-0.000509
31.025026,-0.748510,0.365322,0.867190,-0.605505,-0.978884,0.565627,-0.444016,-0.044967,-0.262506,0.919204,-0.283806,-0.477257,0.374774,-0.231893,-1.214776,-0.020724,1.849251,-1.932641,-1.378443,1.229781,-1.518439,-0.038981,0.006182,-0.000801,-0.002409,0.000693,0.000834,-0.001970
31.025962,-0.747381,0.367318,0.870183,-0.605538,-0.978477,0.564994,-0.443841,-0.044922,-0.263393,0.919211,-0.283975,-0.477376,0.374680,-0.231928,-1.214813,-0.020719,1.849252,-1.932644,-1.378443,1.229781,-1.518435,-0.038394,0.005854,-0.000204,-0.003292,0.000782,0.001278,-0.000230
31.027077,-0.746892,0.365395,0.868645,-0.604837,-0.977490,0.566238,-0.443792,-0.047104,-0.262367,0.916937,-0.283259,-0.477697,0.374391,-0.231932,-1.214852,-0.020715,1.849247,-1.932646,-1.378443,1.229781,-1.518436,-0.038489,0.004802,-0.001672,-0.003191,0.000379,0.001912,-0.000596
31.028091,-0.745423,0.366162,0.868560,-0.604793,-0.979833,0.565555,-0.443862,-0.050479,-0.259784,0.913416,-0.281565,-0.478171,0.374001,-0.231910,-1.214890,-0.020707,1.849249,-1.932651,-1.378446,1.229777,-1.518438,-0.038274,0.005689,-0.000900,-0.003777,-0.000586,0.000673,-0.000686
31.029069,-0.746070,0.368116,0.867348,-0.605431,-0.979234,0.565879,-0.443653,-0.054382,-0.256332,0.909307,-0.279034,-0.478737,0.373591,-0.231867,-1.214930,-0.020704,1.849249,-1.932654,-1.378442,1.229777,-1.518438,-0.038533,0.005251,-0.000864,-0.003750,0.001743,0.001375,-0.000543
31.029958,-0.746179,0.364975,0.866523,-0.606543,-0.978901,0.566275,-0.444695,-0.059896,-0.251473,0.903525,-0.276016,-0.479381,0.373094,-0.231796,-1.214966,-0.020702,1.849251,-1.932655,-1.378443,1.229779,-1.518439,-0.037765,0.004249,-0.000274,-0.003090,0.001130,0.001033,-0.000961
31.031107,-0.742443,0.366499,0.869094,-0.607254,-0.978071,0.565881,-0.443864,-0.068282,-0.244777,0.894795,-0.273744,-0.479999,0.372412,-0.231691,-1.215002,-0.020693,1.849253,-1.932653,-1.378442,1.229778,-1.518434,-0.037282,0.005735,0.000110,-0.002004,0.000791,0.000642,0.001126
31.032023,-0.738863,0.366697,0.869057,-0.604732,-0.979089,0.566338,-0.444657,-0.077607,-0.238033,0.885028,-0.273523,-0.480378,0.371678,-0.231566,-1.215044,-0.020691,1.849250,-1.932652,-1.378444,1.229778,-1.518438,-0.038670,0.004929,-0.001157,-0.001332,-0.000028,0.001040,-0.000558
31.032991,-0.739709,0.366347,0.868729,-0.605913,-0.978381,0.567003,-0.444230,-0.083681,-0.233382,0.878368,-0.274417,-0.480481,0.371225,-0.231439,-1.215086,-0.020685,1.849248,-1.932661,-1.378441,1.229778,-1.518434,-0.039956,0.004757,-0.001103,-0.003670,0.000977,0.000578,0.001045
31.033982,-0.740931,0.369123,0.869937,-0.605757,-0.977847,0.565481,-0.443658,-0.085461,-0.230886,0.875814,-0.274633,-0.480499,0.371145,-0.231317,-1.215123,-0.020679,1.849248,-1.932660,-1.378443,1.229778,-1.518435,-0.039071,0.004870,-0.000930,-0.002479,0.000275,-0.000089,0.000172
31.034978,-0.737317,0.367859,0.870288,-0.606096,-0.977614,0.565638,-0.444350,-0.085904,-0.228792,0.874416,-0.274383,-0.480517,0.371184,-0.231218,-1.215159,-0.020679,1.849245,-1.932662,-1.378445,1.229780,-1.518439,-0.038017,0.003467,-0.001514,-0.002590,-0.000242,0.001441,-0.000957
31.036007,-0.735896,0.366734,0.869776,-0.606174,-0.977865,0.565039,-0.444133,-0.086633,-0.226163,0.872615,-0.274335,-0.480492,0.371181,-0.231143,-1.215200,-0.020674,1.849243,-1.932663,-1.378448,1.229781,-1.518437,-0.039359,0.004054,-0.001663,-0.002219,-0.000439,0.001261,0.000441
31.037065,-0.733106,0.367174,0.866763,-0.605928,-0.977747,0.565014,-0.444526,-0.086078,-0.224325,0.872071,-0.274699,-0.480338,0.371255,-0.231066,-1.215241,-0.020668,1.849243,-1.932664,-1.378443,1.229781,-1.518439,-0.039569,0.004549,-0.001402,-0.002119,-0.000228,0.001866,-0.000005
31.038011,-0.735636,0.367278,0.867666,-0.605601,-0.978446,0.565039,-0.444513,-0.084042,-0.223809,0.873062,-0.275486,-0.480065,0.371410,-0.230971,-1.215282,-0.020665,1.849247,-1.932667,-1.378444,1.229783,-1.518437,-0.040478,0.004279,0.000070,-0.002309,-0.000341,0.001876,0.000788
31.038957,-0.734929,0.365821,0.868229,-0.605323,-0.979681,0.565291,-0.444151,-0.082803,-0.223168,0.873326,-0.276247,-0.479827,0.371449,-0.230849,-1.215317,-0.020661,1.849247,-1.932670,-1.378444,1.229780,-1.518437,-0.038768,0.004190,-0.000402,-0.002567,0.000363,0.001870,0.000752
31.040006,-0.732290,0.363586,0.867684,-0.605665,-0.978538,0.566139,-0.445009,-0.083708,-0.221570,0.871496,-0.276534,-0.479744,0.371267,-0.230700,-1.215355,-0.020654,1.849246,-1.932670,-1.378442,1.229779,-1.518439,-0.038676,0.004841,-0.000664,-0.002829,0.001588,0.001621,0.000031
31.040995,-0.731649,0.367002,0.865475,-0.607434,-0.978701,0.566956,-0.443922,-0.085209,-0.220313,0.869130,-0.276483,-0.479767,0.371010,-0.230528,-1.215395,-0.020647,1.849245,-1.932672,-1.378442,1.229779,-1.518434,-0.039524,0.005871,-0.000380,-0.002440,0.000413,0.000768,0.001751
31.042099,-0.730449,0.365831,0.866988,-0.606574,-0.976272,0.566427,-0.445364,-0.086526,-0.220018,0.867052,-0.277208,-0.479728,0.370779,-0.230347,-1.215434,-0.020645,1.849247,-1.932671,-1.378445,1.229778,-1.518439,-0.039370,0.004113,0.000710,-0.000684,0.000621,-0.000044,-0.000440
31.043124,-0.729700,0.366797,0.866332,-0.606461,-0.976663,0.567314,-0.445194,-0.088805,-0.219575,0.864135,-0.279499,-0.479546,0.370506,-0.230178,-1.215473,-0.020639,1.849245,-1.932674,-1.378449,1.229778,-1.518431,-0.039503,0.004649,-0.000040,-0.001499,-0.001793,0.000495,0.002463
31.044057,-0.724632,0.366812,0.863209,-0.607264,-0.978063,0.567137,-0.445101,-0.091731,-0.218789,0.860671,-0.282646,-0.479268,0.370215,-0.230027,-1.215514,-0.020635,1.849247,-1.932676,-1.378448,1.229779,-1.518433,-0.039382,0.004113,0.000273,-0.001554,-0.001385,-0.000411,0.002096
31.044971,-0.724063,0.367086,0.865897,-0.607113,-0.976506,0.566879,-0.445119,-0.094692,-0.217902,0.857265,-0.285961,-0.478952,0.369953,-0.229906,-1.215560,-0.020631,1.849252,-1.932676,-1.378444,1.229782,-1.518435,-0.041393,0.004062,0.001792,-0.000732,-0.000014,-0.000242,0.001919
31.046024,-0.725413,0.367788,0.867634,-0.606619,-0.976868,0.566977,-0.444291,-0.096846,-0.217403,0.854746,-0.289493,-0.478576,0.369766,-0.229840,-1.215600,-0.020630,1.849248,-1.932677,-1.378448,1.229782,-1.518434,-0.041175,0.003903,0.000464,-0.000874,-0.001556,0.000019,0.001952
31.047049,-0.721925,0.367565,0.864868,-0.607215,-0.977770,0.567596,-0.444977,-0.097314,-0.217674,0.853928,-0.292913,-0.478139,0.369708,-0.229831,-1.215638,-0.020626,1.849245,-1.932681,-1.378447,1.229780,-1.518441,-0.040031,0.003505,-0.000367,-0.001269,-0.001192,-0.000070,0.000308
31.047974,-0.719539,0.364734,0.865051,-0.606506,-0.976877,0.566654,-0.444542,-0.096947,-0.218110,0.853972,-0.295825,-0.477706,0.369722,-0.229869,-1.215682,-0.020622,1.849249,-1.932682,-1.378447,1.229778,-1.518436,-0.041265,0.003574,0.000994,-0.000635,-0.000283,-0.000684,0.001693
31.049018,-0.717338,0.369256,0.864204,-0.605453,-0.977606,0.566377,-0.444413,-0.095812,-0.219089,0.854884,-0.298303,-0.477279,0.369805,-0.229930,-1.215725,-0.020615,1.849249,-1.932685,-1.378447,1.229780,-1.518438,-0.041943,0.004920,0.000888,-0.001291,-0.001186,0.000262,0.000807
31.049969,-0.719208,0.365979,0.865587,-0.607187,-0.978161,0.566382,-0.443903,-0.093471,-0.220840,0.857117,-0.299702,-0.476919,0.369981,-0.229990,-1.215769,-0.020615,1.849251,-1.932691,-1.378445,1.229779,-1.518439,-0.042515,0.002623,0.001296,-0.002212,-0.000470,0.000535,0.000558
31.051107,-0.714377,0.364960,0.863384,-0.607442,-0.976943,0.565904,-0.444716,-0.091185,-0.222260,0.859402,-0.299810,-0.476695,0.370159,-0.230035,-1.215806,-0.020607,1.849251,-1.932686,-1.378443,1.229780,-1.518440,-0.041117,0.004203,0.000594,-0.000557,0.000066,0.000528,-0.000463
31.052086,-0.712793,0.366485,0.863237,-0.606004,-0.976565,0.566576,-0.444769,-0.089228,-0.223885,0.861491,-0.300187,-0.476453,0.370305,-0.230066,-1.215854,-0.020601,1.849255,-1.932687,-1.378446,1.229781,-1.518440,-0.042988,0.004626,0.001662,-0.000305,-0.001134,0.001002,0.001186
31.053028,-0.711517,0.364602,0.864444,-0.606196,-0.976894,0.568067,-0.444185,-0.086657,-0.226542,0.864331,-0.301135,-0.476126,0.370479,-0.230061,-1.215897,-0.020600,1.849257,-1.932691,-1.378447,1.229781,-1.518439,-0.043246,0.003845,0.001695,-0.001661,-0.001496,0.000319,0.001277
31.054007,-0.708994,0.364224,0.862245,-0.604616,-0.977861,0.567515,-0.444514,-0.082992,-0.229951,0.868363,-0.301449,-0.475820,0.370744,-0.230002,-1.215940,-0.020595,1.849256,-1.932692,-1.378447,1.229779,-1.518441,-0.043364,0.004740,0.001104,-0.001429,-0.001166,-0.001170,0.000103
31.055051,-0.707344,0.367330,0.862570,-0.605823,-0.977874,0.567248,-0.444557,-0.078044,-0.234152,0.873743,-0.300432,-0.475615,0.371136,-0.229898,-1.215987,-0.020592,1.849260,-1.932697,-1.378446,1.229785,-1.518437,-0.044068,0.004882,0.002177,-0.002911,-0.000200,-0.000632,0.000761
31.056086,-0.705307,0.363482,0.865660,-0.605808,-0.977289,0.566546,-0.444319,-0.072958,-0.238241,0.879323,-0.297964,-0.475565,0.371546,-0.229771,-1.216029,-0.020592,1.849261,-1.932695,-1.378447,1.229782,-1.518434,-0.044391,0.003318,0.001989,-0.001719,-0.000189,-0.000349,0.000831
31.056995,-0.703362,0.366364,0.862257,-0.604601,-0.978535,0.566304,-0.444520,-0.067495,-0.242278,0.885310,-0.295035,-0.475532,0.371961,-0.229655,-1.216075,-0.020585,1.849259,-1.932697,-1.378445,1.229784,-1.518437,-0.044854,0.005193,0.000455,-0.001692,-0.000796,0.000342,0.000362
31.058005,-0.706712,0.364887,0.865981,-0.604684,-0.977256,0.566010,-0.443459,-0.060625,-0.247123,0.892680,-0.292066,-0.475434,0.372435,-0.229584,-1.216121,-0.020584,1.849266,-1.932702,-1.378442,1.229785,-1.518437,-0.045282,0.003699,0.002099,-0.002791,0.000438,0.000574,0.000770
31.058992,-0.706151,0.366508,0.867973,-0.606084,-0.978776,0.566074,-0.444036,-0.054529,-0.251298,0.899214,-0.288390,-0.475438,0.372792,-0.229574,-1.216160,-0.020578,1.849263,-1.932703,-1.378449,1.229785,-1.518443,-0.043111,0.004388,0.000236,-0.002681,-0.000798,0.000867,-0.001351
31.060040,-0.703353,0.367695,0.864748,-0.605924,-0.980017,0.566312,-0.443732,-0.050773,-0.253900,0.903357,-0.284668,-0.475517,0.372925,-0.229627,-1.216202,-0.020576,1.849260,-1.932703,-1.378443,1.229785,-1.518440,-0.042908,0.003546,-0.000707,-0.001270,0.000696,0.000799,-0.000176
31.060975,-0.701313,0.368952,0.864815,-0.606416,-0.977234,0.566099,-0.443239,-0.049463,-0.254919,0.905095,-0.281938,-0.475556,0.372856,-0.229718,-1.216247,-0.020575,1.849264,-1.932704,-1.378441,1.229785,-1.518442,-0.043771,0.002935,0.000879,-0.001414,0.001911,0.000565,-0.000796
31.062096,-0.700396,0.367384,0.866033,-0.604240,-0.976731,0.566275,-0.444113,-0.051144,-0.253757,0.903978,-0.280246,-0.475569,0.372567,-0.229822,-1.216294,-0.020573,1.849262,-1.932703,-1.378447,1.229786,-1.518445,-0.044231,0.002288,0.000847,-0.000949,-0.000851,0.000776,-0.001772
31.063001,-0.699755,0.371615,0.865424,-0.605677,-0.977045,0.565517,-0.443641,-0.054646,-0.250998,0.901156,-0.278864,-0.475589,0.372154,-0.229909,-1.216338,-0.020570,1.849262,-1.932711,-1.378449,1.229784,-1.518440,-0.044148,0.003053,0.000237,-0.002958,-0.001315,0.000606,-0.000016
31.064000,-0.698056,0.366539,0.866099,-0.606273,-0.976266,0.567129,-0.444024,-0.059090,-0.247008,0.897440,-0.276975,-0.475665,0.371682,-0.229951,-1.216381,-0.020573,1.849262,-1.932710,-1.378447,1.229786,-1.518443,-0.043957,0.000944,0.000553,-0.001508,-0.001012,0.001364,-0.000977
31.065020,-0.695177,0.368681,0.865406,-0.606012,-0.977829,0.565840,-0.443981,-0.064383,-0.242127,0.892900,-0.275408,-0.475698,0.371165,-0.229957,-1.216424,-0.020565,1.849262,-1.932709,-1.378450,1.229782,-1.518442,-0.044288,0.003422,0.000209,-0.000940,-0.001770,-0.000253,-0.000198
31.065913,-0.696435,0.367997,0.867839,-0.604248,-0.976597,0.566029,-0.443707,-0.068818,-0.238099,0.889204,-0.275104,-0.475556,0.370744,-0.229941,-1.216472,-0.020565,1.849263,-1.932711,-1.378445,1.229784,-1.518441,-0.045162,0.002321,0.000541,-0.001151,-0.000231,0.001056,-0.000295
31.067058,-0.695774,0.368169,0.865608,-0.605181,-0.976086,0.566202,-0.444336,-0.071629,-0.235203,0.887020,-0.274933,-0.475369,0.370476,-0.229900,-1.216512,-0.020561,1.849262,-1.932718,-1.378445,1.229784,-1.518443,-0.044031,0.002632,-0.000670,-0.002766,-0.001491,0.000852,-0.000842
31.068100,-0.694329,0.366767,0.867053,-0.604163,-0.978511,0.566859,-0.443622,-0.074187,-0.232253,0.884885,-0.273924,-0.475297,0.370244,-0.229835,-1.216557,-0.020558,1.849262,-1.932717,-1.378449,1.229784,-1.518439,-0.043833,0.002509,0.000461,-0.001834,-0.001958,0.000679,0.000423
31.068985,-0.696201,0.368862,0.867831,-0.605026,-0.977141,0.566473,-0.443759,-0.077371,-0.228958,0.881897,-0.272305,-0.475352,0.369980,-0.229757,-1.216600,-0.020554,1.849259,-1.932722,-1.378443,1.229780,-1.518443,-0.044039,0.003162,-0.000236,-0.002762,0.000434,0.000042,-0.001017
31.070002,-0.694259,0.369833,0.867589,-0.605710,-0.978327,0.566753,-0.444642,-0.081213,-0.225334,0.878021,-0.270292,-0.475516,0.369686,-0.229674,-1.216640,-0.020553,1.849256,-1.932720,-1.378447,1.229782,-1.518443,-0.042615,0.002092,-0.000592,-0.001910,-0.000935,0.000425,-0.000729
31.070985,-0.694671,0.368559,0.869308,-0.605458,-0.977432,0.566616,-0.444129,-0.086505,-0.220670,0.872498,-0.268590,-0.475725,0.369301,-0.229582,-1.216683,-0.020554,1.849256,-1.932721,-1.378444,1.229784,-1.518439,-0.043089,0.001623,-0.000464,-0.001215,0.000245,0.000130,0.001039
31.072045,-0.692800,0.366535,0.869858,-0.606178,-0.978669,0.566885,-0.444438,-0.092988,-0.215127,0.865623,-0.267880,-0.475889,0.368838,-0.229487,-1.216723,-0.020552,1.849254,-1.932724,-1.378447,1.229785,-1.518442,-0.042382,0.002247,-0.001307,-0.001405,-0.000632,0.000265,-0.000007
31.072969,-0.692518,0.369609,0.869286,-0.606226,-0.979769,0.567066,-0.443670,-0.098487,-0.210477,0.859569,-0.268271,-0.475944,0.368444,-0.229405,-1.216766,-0.020549,1.849252,-1.932723,-1.378446,1.229783,-1.518439,-0.042813,0.003217,-0.001555,-0.000704,0.000611,0.000001,0.000616
31.074077,-0.691557,0.368551,0.871940,-0.607150,-0.978633,0.566635,-0.443935,-0.102367,-0.207232,0.854987,-0.269735,-0.475879,0.368159,-0.229350,-1.216807,-0.020548,1.849252,-1.932725,-1.378443,1.229782,-1.518443,-0.042453,0.001649,-0.001263,-0.000600,0.001678,-0.000175,-0.000926
31.074936,-0.690595,0.368991,0.870573,-0.607019,-0.979313,0.566329,-0.443981,-0.105348,-0.204551,0.851194,-0.272216,-0.475708,0.367934,-0.229324,-1.216850,-0.020544,1.849248,-1.932724,-1.378448,1.229783,-1.518440,-0.042423,0.002144,-0.002560,0.000299,0.000572,0.000257,-0.000384
31.076084,-0.689952,0.366757,0.871284,-0.607276,-0.979299,0.566045,-0.443153,-0.107289,-0.202452,0.848346,-0.275807,-0.475397,0.367776,-0.229324,-1.216893,-0.020543,1.849248,-1.932726,-1.378448,1.229783,-1.518440,-0.042389,0.001905,-0.001856,0.000207,0.001272,0.000562,-0.000296
31.077002,-0.689954,0.366682,0.871602,-0.604364,-0.978606,0.566718,-0.443715,-0.108205,-0.201218,0.846433,-0.280267,-0.474979,0.367657,-0.229344,-1.216934,-0.020540,1.849247,-1.932726,-1.378449,1.229784,-1.518447,-0.042216,0.003008,-0.002201,0.000455,0.001262,0.000841,-0.001942
31.077914,-0.689676,0.365914,0.869883,-0.605786,-0.978188,0.567221,-0.443753,-0.108174,-0.200848,0.845350,-0.284234,-0.474619,0.367560,-0.229367,-1.216975,-0.020538,1.849243,-1.932734,-1.378451,1.229783,-1.518442,-0.041722,0.003008,-0.002311,-0.002289,0.000579,0.000163,-0.000811
31.079046,-0.685027,0.368234,0.870094,-0.605094,-0.978943,0.566518,-0.443795,-0.107892,-0.200725,0.844393,-0.286482,-0.474463,0.367445,-0.229364,-1.217016,-0.020534,1.849244,-1.932733,-1.378450,1.229781,-1.518444,-0.041367,0.003345,-0.001458,-0.000855,0.000156,-0.000324,-0.000735
31.079978,-0.685647,0.365996,0.870863,-0.605405,-0.977914,0.567019,-0.443870,-0.107945,-0.200282,0.843026,-0.287491,-0.474441,0.367291,-0.229340,-1.217062,-0.020535,1.849242,-1.932737,-1.378447,1.229782,-1.518444,-0.043171,0.002183,-0.001554,-0.001459,0.000892,0.000381,-0.000654
31.080977,-0.682168,0.364861,0.865720,-0.603163,-0.977484,0.567278,-0.444072,-0.107115,-0.200082,0.842500,-0.287890,-0.474427,0.367212,-0.229303,-1.217101,-0.020529,1.849239,-1.932737,-1.378447,1.229782,-1.518443,-0.042357,0.003247,-0.001896,-0.001146,-0.000155,-0.000127,-0.000507
31.081960,-0.680974,0.364965,0.869400,-0.603720,-0.976796,0.566978,-0.445148,-0.105312,-0.200400,0.842908,-0.287352,-0.474491,0.367216,-0.229245,-1.217147,-0.020523,1.849242,-1.932743,-1.378448,1.229779,-1.518443,-0.043572,0.003748,0.000666,-0.003265,-0.000571,-0.000369,-0.000098
31.082979,-0.679273,0.365136,0.867768,-0.603789,-0.977102,0.566924,-0.444138,-0.102837,-0.201235,0.843940,-0.285384,-0.474724,0.367274,-0.229151,-1.217191,-0.020523,1.849238,-1.932745,-1.378448,1.229781,-1.518438,-0.043624,0.003683,-0.001169,-0.002624,-0.001263,-0.000076,0.002049
31.084004,-0.680787,0.366245,0.866465,-0.604482,-0.978340,0.567047,-0.445288,-0.098761,-0.203074,0.846529,-0.282555,-0.475009,0.367455,-0.229037,-1.217236,-0.020517,1.849240,-1.932748,-1.378448,1.229782,-1.518446,-0.043943,0.003526,-0.000347,-0.002491,-0.000941,-0.000029,0.000019
31.084989,-0.676774,0.367219,0.866549,-0.604444,-0.977188,0.567291,-0.444445,-0.094829,-0.204893,0.848972,-0.279954,-0.475256,0.367618,-0.228935,-1.217275,-0.020516,1.849239,-1.932749,-1.378445,1.229782,-1.518440,-0.042704,0.002952,0.000303,-0.001761,0.000275,-0.000155,0.002338
31.085944,-0.677253,0.366701,0.867763,-0.605415,-0.978619,0.567310,-0.444228,-0.093277,-0.205269,0.849091,-0.278083,-0.475487,0.367596,-0.228860,-1.217322,-0.020513,1.849239,-1.932750,-1.378448,1.229782,-1.518443,-0.044165,0.002435,0.000254,-0.001782,-0.000868,-0.000401,0.000624
31.086967,-0.674067,0.368538,0.865956,-0.603613,-0.977945,0.567650,-0.444793,-0.092865,-0.204925,0.848151,-0.277247,-0.475642,0.367501,-0.228818,-1.217363,-0.020510,1.849238,-1.932749,-1.378445,1.229782,-1.518443,-0.043415,0.002665,-0.000336,-0.000843,0.000558,-0.000417,0.000202
31.087949,-0.674759,0.365936,0.863318,-0.603848,-0.978016,0.566261,-0.444185,-0.092480,-0.204462,0.847264,-0.276996,-0.475757,0.367427,-0.228789,-1.217410,-0.020509,1.849239,-1.932755,-1.378445,1.229782,-1.518440,-0.044456,0.001721,0.000560,-0.002523,-0.000137,-0.000761,0.001337
31.088939,-0.671885,0.366572,0.866142,-0.604626,-0.978374,0.565785,-0.443956,-0.093214,-0.203188,0.845303,-0.276274,-0.476003,0.367260,-0.228753,-1.217451,-0.020502,1.849243,-1.932756,-1.378447,1.229786,-1.518443,-0.043599,0.002956,0.001837,-0.002242,-0.000044,0.000626,0.000108
31.089986,-0.672243,0.367415,0.868651,-0.603149,-0.978168,0.566115,-0.443899,-0.095087,-0.201540,0.842196,-0.275323,-0.476353,0.366948,-0.228711,-1.217496,-0.020500,1.849239,-1.932755,-1.378447,1.229784,-1.518445,-0.044519,0.002600,0.000445,-0.001484,0.000324,0.001102,-0.000333
31.091048,-0.671458,0.366373,0.862665,-0.605570,-0.977818,0.567239,-0.443468,-0.095634,-0.200960,0.840374,-0.274460,-0.476671,0.366690,-0.228659,-1.217539,-0.020500,1.849236,-1.932761,-1.378449,1.229783,-1.518442,-0.043811,0.002181,-0.000761,-0.002833,0.000129,0.000772,-0.000455
31.092068,-0.667663,0.364842,0.865799,-0.604475,-0.977525,0.566918,-0.444622,-0.095285,-0.201016,0.839469,-0.273864,-0.476931,0.366496,-0.228598,-1.217582,-0.020497,1.849243,-1.932756,-1.378450,1.229778,-1.518444,-0.043694,0.002672,0.002189,-0.000491,-0.000213,-0.000334,-0.001314
31.092940,-0.667578,0.365235,0.866472,-0.602997,-0.978573,0.567080,-0.444086,-0.095395,-0.201370,0.838215,-0.274547,-0.477044,0.366284,-0.228535,-1.217628,-0.020492,1.849239,-1.932761,-1.378449,1.229780,-1.518442,-0.045048,0.003377,0.000618,-0.001510,-0.000521,-0.000011,0.001014
31.094046,-0.666589,0.362785,0.863593,-0.602479,-0.977482,0.567028,-0.444124,-0.093584,-0.203353,0.838969,-0.275640,-0.477028,0.366259,-0.228465,-1.217673,-0.020488,1.849239,-1.932766,-1.378446,1.229780,-1.518446,-0.044530,0.003131,0.000300,-0.002863,0.000517,-0.000172,-0.000074
31.094964,-0.662697,0.364283,0.866000,-0.602428,-0.977071,0.566203,-0.443113,-0.089614,-0.206762,0.841920,-0.275417,-0.477094,0.366439,-0.228393,-1.217717,-0.020483,1.849244,-1.932769,-1.378449,1.229781,-1.518444,-0.044505,0.004304,0.001691,-0.003311,-0.000572,-0.000128,0.000004
31.095945,-0.662432,0.365282,0.865883,-0.604565,-0.978567,0.567081,-0.443878,-0.084487,-0.211005,0.846067,-0.273828,-0.477288,0.366714,-0.228329,-1.217766,-0.020480,1.849241,-1.932772,-1.378449,1.229783,-1.518447,-0.045878,0.003498,0.000501,-0.003285,-0.000968,0.000695,-0.002026
31.097124,-0.662909,0.365984,0.866343,-0.602838,-0.978727,0.566504,-0.443968,-0.077561,-0.216277,0.852072,-0.272182,-0.477411,0.367140,-0.228284,-1.217810,-0.020476,1.849243,-1.932769,-1.378444,1.229781,-1.518444,-0.045467,0.002954,0.000552,-0.001184,0.000492,-0.000191,-0.000473
31.097906,-0.661056,0.361311,0.865285,-0.602043,-0.978198,0.566612,-0.443347,-0.070297,-0.221448,0.858504,-0.271407,-0.477404,0.367623,-0.228263,-1.217853,-0.020473,1.849241,-1.932776,-1.378446,1.229783,-1.518443,-0.044710,0.002577,0.000338,-0.002787,0.000661,0.000390,-0.000309
31.098950,-0.660476,0.364784,0.865015,-0.603019,-0.978227,0.566560,-0.444141,-0.064022,-0.225924,0.864041,-0.270611,-0.477448,0.368047,-0.228270,-1.217898,-0.020466,1.849242,-1.932780,-1.378448,1.229783,-1.518447,-0.045105,0.004853,0.000860,-0.003472,0.000147,0.000274,-0.001550
31.099936,-0.657038,0.362475,0.863516,-0.602300,-0.977548,0.566830,-0.443769,-0.058640,-0.230149,0.868798,-0.269358,-0.477600,0.368396,-0.228307,-1.217940,-0.020466,1.849244,-1.932779,-1.378451,1.229783,-1.518444,-0.044887,0.003076,0.000967,-0.002503,0.000208,0.000328,0.000054
31.100969,-0.658124,0.364297,0.861128,-0.602897,-0.977331,0.567523,-0.443887,-0.054481,-0.233840,0.872508,-0.268233,-0.477770,0.368653,-0.228368,-1.217989,-0.020460,1.849247,-1.932784,-1.378449,1.229783,-1.518446,-0.046031,0.004191,0.001690,-0.003128,-0.000499,0.000055,-0.000706
31.102050,-0.653747,0.363339,0.863503,-0.601908,-0.977137,0.567599,-0.442659,-0.052522,-0.236277,0.874238,-0.267463,-0.477944,0.368757,-0.228448,-1.218033,-0.020459,1.849251,-1.932785,-1.378449,1.229783,-1.518444,-0.044938,0.003239,0.002844,-0.002483,-0.000711,-0.000643,-0.000467
31.102936,-0.653139,0.362670,0.865740,-0.602762,-0.978531,0.567661,-0.443877,-0.052810,-0.237310,0.873911,-0.266919,-0.478133,0.368720,-0.228548,-1.218082,-0.020455,1.849250,-1.932790,-1.378449,1.229782,-1.518451,-0.046560,0.003693,0.001641,-0.003382,-0.000900,-0.000708,-0.002922
31.104007,-0.653911,0.361935,0.865610,-0.602202,-0.978254,0.567641,-0.444158,-0.051980,-0.238860,0.874778,-0.266369,-0.478249,0.368821,-0.228644,-1.218130,-0.020450,1.849250,-1.932789,-1.378446,1.229782,-1.518446,-0.046279,0.003961,0.000525,-0.002531,0.000479,-0.000770,-0.000455
31.104977,-0.655141,0.362696,0.867142,-0.601602,-0.977815,0.566628,-0.443820,-0.048392,-0.242129,0.878376,-0.265971,-0.478243,0.369184,-0.228702,-1.218173,-0.020446,1.849250,-1.932792,-1.378446,1.229782,-1.518446,-0.045364,0.004282,0.000595,-0.003031,0.000186,-0.000748,0.000084
31.105970,-0.651961,0.364748,0.867162,-0.603996,-0.977086,0.566353,-0.444492,-0.044489,-0.245652,0.882225,-0.265556,-0.478238,0.369590,-0.228714,-1.218216,-0.020443,1.849250,-1.932796,-1.378447,1.229786,-1.518448,-0.044226,0.003853,-0.000175,-0.003529,-0.000247,0.000256,-0.000595
31.106978,-0.651531,0.365030,0.868420,-0.603863,-0.978203,0.566169,-0.444629,-0.041901,-0.248175,0.884730,-0.265530,-0.478230,0.369889,-0.228695,-1.218263,-0.020441,1.849250,-1.932793,-1.378450,1.229787,-1.518443,-0.045274,0.002805,-0.000183,-0.001179,-0.000948,0.000512,0.000751
31.108071,-0.649800,0.364140,0.866098,-0.602525,-0.976655,0.566368,-0.444238,-0.040303,-0.249739,0.886284,-0.267157,-0.478041,0.370113,-0.228668,-1.218307,-0.020438,1.849250,-1.932796,-1.378443,1.229788,-1.518443,-0.044951,0.002634,-0.000813,-0.001280,0.000118,0.000693,0.001010
31.108921,-0.649842,0.366157,0.865867,-0.603115,-0.976493,0.566690,-0.444294,-0.039506,-0.250473,0.887098,-0.269909,-0.477745,0.370282,-0.228664,-1.218352,-0.020433,1.849253,-1.932800,-1.378449,1.229786,-1.518443,-0.045283,0.003021,0.000335,-0.002518,-0.001403,0.000499,0.000222
31.109927,-0.647010,0.365343,0.864703,-0.602864,-0.978458,0.567546,-0.443718,-0.040686,-0.249657,0.886010,-0.272483,-0.477532,0.370299,-0.228710,-1.218397,-0.020433,1.849253,-1.932803,-1.378450,1.229785,-1.518443,-0.044710,0.001996,0.000438,-0.001841,-0.001539,0.000182,0.000342
31.111088,-0.644976,0.365080,0.866255,-0.602820,-0.978405,0.567270,-0.444301,-0.044596,-0.246807,0.882291,-0.274661,-0.477435,0.370112,-0.228818,-1.218444,-0.020429,1.849252,-1.932805,-1.378448,1.229784,-1.518446,-0.045575,0.002376,0.001028,-0.002063,0.000426,-0.000672,-0.000809
31.111995,-0.646419,0.364511,0.865025,-0.601656,-0.979346,0.566516,-0.443710,-0.049432,-0.243149,0.877726,-0.276350,-0.477410,0.369868,-0.228976,-1.218492,-0.020428,1.849254,-1.932805,-1.378449,1.229784,-1.518443,-0.046022,0.002486,0.000221,-0.002092,0.000361,-0.000384,0.000366
31.112925,-0.644493,0.365391,0.865022,-0.602608,-0.977688,0.566152,-0.443344,-0.053974,-0.239573,0.873474,-0.277096,-0.477487,0.369638,-0.229159,-1.218536,-0.020427,1.849256,-1.932810,-1.378444,1.229784,-1.518447,-0.044756,0.002759,0.000823,-0.003151,0.001265,0.000375,-0.000822
31.113932,-0.643465,0.363449,0.865545,-0.603164,-0.979542,0.566464,-0.444377,-0.059534,-0.235343,0.868198,-0.276894,-0.477709,0.369283,-0.229349,-1.218581,-0.020424,1.849257,-1.932811,-1.378449,1.229784,-1.518450,-0.045187,0.002281,0.000812,-0.002165,-0.000367,0.000735,-0.001539
31.115031,-0.643673,0.361461,0.865804,-0.601759,-0.978901,0.565902,-0.443958,-0.066032,-0.230743,0.862014,-0.276819,-0.477935,0.368809,-0.229515,-1.218626,-0.020417,1.849255,-1.932811,-1.378444,1.229783,-1.518446,-0.045156,0.003185,0.000565,-0.001594,0.001475,0.000421,0.000537
31.116014,-0.641878,0.365026,0.864677,-0.603216,-0.977133,0.565967,-0.444350,-0.072049,-0.227069,0.856374,-0.277246,-0.478094,0.368342,-0.229623,-1.218670,-0.020412,1.849255,-1.932814,-1.378447,1.229783,-1.518446,-0.044528,0.004114,0.000442,-0.002944,0.000835,0.000991,-0.000326
31.116988,-0.640652,0.364359,0.862308,-0.601630,-0.979045,0.566629,-0.443806,-0.077988,-0.223992,0.850906,-0.277838,-0.478251,0.367862,-0.229674,-1.218716,-0.020413,1.849256,-1.932813,-1.378454,1.229783,-1.518445,-0.044873,0.002317,0.000992,-0.001501,-0.000873,0.000920,0.000466
31.117931,-0.638431,0.364520,0.865544,-0.601436,-0.978133,0.566261,-0.444521,-0.085660,-0.219814,0.843836,-0.278507,-0.478441,0.367263,-0.229690,-1.218762,-0.020410,1.849260,-1.932821,-1.378447,1.229785,-1.518448,-0.044937,0.002634,0.002137,-0.002919,0.001009,0.000243,-0.000626
31.118977,-0.637831,0.363898,0.868360,-0.601938,-0.979291,0.567113,-0.444421,-0.094546,-0.214525,0.835634,-0.278478,-0.478726,0.366611,-0.229678,-1.218809,-0.020408,1.849258,-1.932825,-1.378449,1.229786,-1.518446,-0.045486,0.002533,0.000513,-0.003012,0.000085,0.000611,0.000820
31.120106,-0.634967,0.362386,0.866829,-0.600696,-0.979485,0.567706,-0.443651,-0.101144,-0.210292,0.829716,-0.277572,-0.479019,0.366190,-0.229648,-1.218855,-0.020406,1.849255,-1.932824,-1.378449,1.229784,-1.518445,-0.045227,0.002815,-0.000846,-0.002518,0.001261,-0.000240,0.000597
31.121002,-0.633304,0.363189,0.866147,-0.603381,-0.977979,0.567693,-0.443995,-0.103345,-0.208642,0.828179,-0.276098,-0.479223,0.366183,-0.229634,-1.218902,-0.020401,1.849257,-1.932828,-1.378447,1.229783,-1.518448,-0.046106,0.003521,-0.000085,-0.003674,0.001429,-0.000826,-0.000943
31.121961,-0.633074,0.365395,0.869696,-0.600602,-0.978478,0.566896,-0.444199,-0.102090,-0.209373,0.830139,-0.274777,-0.479286,0.366514,-0.229654,-1.218948,-0.020400,1.849257,-1.932825,-1.378450,1.229783,-1.518447,-0.046376,0.003099,0.000248,-0.001039,-0.000064,-0.000805,-0.000237
31.123065,-0.633863,0.362725,0.869000,-0.602881,-0.978716,0.566766,-0.443772,-0.098962,-0.211300,0.834027,-0.274196,-0.479161,0.367031,-0.229693,-1.218993,-0.020402,1.849253,-1.932833,-1.378449,1.229788,-1.518446,-0.045949,0.002004,-0.001499,-0.003659,0.000448,-0.000029,0.000165
31.123948,-0.630918,0.362700,0.868733,-0.601593,-0.979642,0.566932,-0.444281,-0.095061,-0.213436,0.838697,-0.273856,-0.478929,0.367610,-0.229729,-1.219036,-0.020395,1.849253,-1.932830,-1.378449,1.229787,-1.518449,-0.045037,0.003284,-0.001128,-0.001402,0.000675,0.000097,-0.000690
31.125111,-0.633291,0.364109,0.865594,-0.601829,-0.979131,0.566922,-0.443384,-0.091157,-0.215789,0.843377,-0.273958,-0.478620,0.368155,-0.229751,-1.219082,-0.020392,1.849255,-1.932835,-1.378448,1.229787,-1.518448,-0.045972,0.003246,-0.001022,-0.002623,0.001600,-0.000069,0.000344
31.125998,-0.630469,0.363527,0.864402,-0.601602,-0.978782,0.566845,-0.444256,-0.089321,-0.217207,0.846018,-0.274334,-0.478347,0.368503,-0.229743,-1.219122,-0.020391,1.849257,-1.932838,-1.378449,1.229786,-1.518451,-0.044276,0.002520,0.000532,-0.002303,0.001083,-0.000052,-0.001467
31.126961,-0.626467,0.362900,0.865401,-0.601667,-0.980609,0.565830,-0.444132,-0.092453,-0.215637,0.843715,-0.274511,-0.478258,0.368429,-0.229700,-1.219169,-0.020388,1.849260,-1.932840,-1.378449,1.229784,-1.518445,-0.045154,0.002784,0.001094,-0.002485,0.000744,0.000036,0.000291
31.127988,-0.627893,0.362523,0.868131,-0.602961,-0.979595,0.565563,-0.443747,-0.098801,-0.212171,0.838175,-0.274509,-0.478289,0.368055,-0.229621,-1.219219,-0.020384,1.849260,-1.932842,-1.378447,1.229787,-1.518446,-0.046557,0.003047,0.000582,-0.002363,0.002569,0.001044,0.000024
31.129060,-0.626367,0.363684,0.865103,-0.604460,-0.978923,0.565137,-0.443995,-0.104140,-0.209530,0.833542,-0.274746,-0.478255,0.367699,-0.229523,-1.219261,-0.020381,1.849256,-1.932841,-1.378449,1.229784,-1.518449,-0.045319,0.003199,-0.000748,-0.001083,0.001542,0.001321,-0.000739
31.130024,-0.622940,0.362529,0.866246,-0.600898,-0.977694,0.566114,-0.443412,-0.108435,-0.207951,0.829829,-0.276636,-0.477983,0.367361,-0.229427,-1.219307,-0.020379,1.849258,-1.932838,-1.378452,1.229787,-1.518449,-0.045546,0.002595,0.000773,0.000348,0.000906,0.001729,-0.000229
31.131021,-0.623311,0.361817,0.869365,-0.602423,-0.979402,0.566855,-0.444090,-0.112586,-0.206628,0.826122,-0.279699,-0.477544,0.366994,-0.229321,-1.219355,-0.020374,1.849256,-1.932848,-1.378453,1.229784,-1.518452,-0.046688,0.003125,0.000202,-0.003009,-0.000321,0.000757,-0.001399
31.131994,-0.622810,0.362597,0.867019,-0.603958,-0.978725,0.566463,-0.443352,-0.114388,-0.206467,0.824556,-0.281809,-0.477113,0.366822,-0.229192,-1.219400,-0.020371,1.849250,-1.932846,-1.378447,1.229784,-1.518450,-0.045948,0.003440,-0.001295,-0.001500,0.001364,0.000023,-0.000028
31.133082,-0.622108,0.366728,0.867328,-0.601060,-0.979202,0.566566,-0.443409,-0.113556,-0.207827,0.825418,-0.283632,-0.476617,0.366889,-0.229052,-1.219444,-0.020370,1.849251,-1.932844,-1.378449,1.229786,-1.518451,-0.045666,0.003030,-0.000108,-0.000011,0.000676,0.000408,-0.001527
31.134064,-0.617226,0.362489,0.868098,-0.603120,-0.978678,0.567670,-0.444362,-0.113497,-0.208279,0.825363,-0.285630,-0.476125,0.366916,-0.228916,-1.219487,-0.020373,1.849251,-1.932853,-1.378448,1.229785,-1.518450,-0.045508,0.000989,-0.000277,-0.002742,0.001156,0.000310,-0.001400
31.135035,-0.617718,0.362339,0.869064,-0.602736,-0.978288,0.567958,-0.443360,-0.114162,-0.207297,0.824454,-0.286650,-0.475773,0.366917,-0.228776,-1.219536,-0.020365,1.849250,-1.932850,-1.378449,1.229785,-1.518444,-0.047376,0.003052,-0.000646,-0.000705,0.000630,-0.000805,0.000499
31.136098,-0.615759,0.365653,0.864918,-0.600865,-0.979852,0.567089,-0.444241,-0.112017,-0.207764,0.826218,-0.287549,-0.475363,0.367177,-0.228637,-1.219581,-0.020362,1.849249,-1.932852,-1.378450,1.229783,-1.518452,-0.046567,0.003065,-0.001124,-0.001054,0.000257,-0.001070,-0.001515
31.137002,-0.614312,0.362988,0.864774,-0.601912,-0.979299,0.567206,-0.443727,-0.108308,-0.209043,0.829380,-0.288160,-0.474963,0.367586,-0.228508,-1.219628,-0.020363,1.849253,-1.932859,-1.378446,1.229786,-1.518446,-0.046989,0.001405,0.000929,-0.002774,0.001801,-0.000210,0.000264
31.137966,-0.612980,0.365313,0.864432,-0.601467,-0.978350,0.565669,-0.443746,-0.107296,-0.206250,0.828714,-0.285611,-0.474919,0.367866,-0.228262,-1.219724,-0.020358,1.849252,-1.932860,-1.378449,1.229789,-1.518450,-0.047228,0.001519,0.001164,-0.002128,0.000297,0.001202,-0.000728
31.139071,-0.613127,0.366018,0.863844,-0.600228,-0.979627,0.566287,-0.444703,-0.107296,-0.206250,0.828714,-0.285611,-0.474919,0.367866,-0.228262,-1.219724,-0.020358,1.849252,-1.932860,-1.378449,1.229789,-1.518450,-0.047228,0.001519,0.001164,-0.002128,0.000297,0.001202,-0.000728
31.140109,-0.610139,0.364102,0.865474,-0.601555,-0.977543,0.565271,-0.444448,-0.110233,-0.202233,0.824671,-0.283180,-0.475208,0.367663,-0.228127,-1.219771,-0.020357,1.849252,-1.932863,-1.378445,1.229787,-1.518447,-0.046587,0.001165,0.001458,-0.003306,0.001565,0.000571,0.001193
31.140954,-0.608037,0.364535,0.863498,-0.602115,-0.978114,0.565473,-0.444903,-0.114715,-0.196875,0.818967,-0.279874,-0.475686,0.367287,-0.227965,-1.219819,-0.020351,1.849250,-1.932862,-1.378450,1.229788,-1.518450,-0.047513,0.002063,0.000658,-0.001989,-0.000504,0.001599,0.000671
31.142106,-0.607905,0.365237,0.867566,-0.601959,-0.978260,0.567106,-0.443547,-0.118267,-0.192387,0.814183,-0.277230,-0.476087,0.366937,-0.227792,-1.219867,-0.020348,1.849253,-1.932862,-1.378447,1.229788,-1.518447,-0.047982,0.001794,0.001625,-0.001416,0.000064,0.001384,0.001582
31.143006,-0.605320,0.363866,0.864683,-0.601622,-0.977835,0.566611,-0.444066,-0.119773,-0.189633,0.811501,-0.276041,-0.476289,0.366742,-0.227631,-1.219914,-0.020348,1.849251,-1.932864,-1.378447,1.229785,-1.518455,-0.047480,0.001446,-0.000410,-0.001530,0.000206,-0.000244,-0.001135
31.143975,-0.602156,0.360431,0.864691,-0.601536,-0.978489,0.566298,-0.443805,-0.119019,-0.188559,0.811147,-0.275696,-0.476361,0.366768,-0.227468,-1.219963,-0.020345,1.849255,-1.932867,-1.378449,1.229788,-1.518453,-0.048195,0.002109,0.001016,-0.001816,-0.000203,0.000254,-0.000065
31.145006,-0.599697,0.363642,0.866735,-0.602901,-0.978460,0.566599,-0.444372,-0.115689,-0.189790,0.813459,-0.275720,-0.476348,0.367014,-0.227270,-1.220014,-0.020339,1.849255,-1.932870,-1.378450,1.229790,-1.518454,-0.049167,0.003756,0.000994,-0.001831,0.000469,0.000552,-0.000601
31.145991,-0.597906,0.361181,0.865750,-0.602192,-0.979068,0.566597,-0.443873,-0.109002,-0.194065,0.819253,-0.276386,-0.476174,0.367512,-0.227024,-1.220065,-0.020341,1.849253,-1.932868,-1.378451,1.229789,-1.518451,-0.049780,0.002150,-0.000011,-0.000496,0.000443,0.000249,0.000536
31.146942,-0.597952,0.361358,0.862634,-0.601970,-0.978836,0.566308,-0.443666,-0.098998,-0.200974,0.828507,-0.277960,-0.475778,0.368262,-0.226747,-1.220117,-0.020337,1.849255,-1.932872,-1.378450,1.229789,-1.518451,-0.050054,0.003356,0.000477,-0.001123,0.001044,0.000253,-0.000482
31.147983,-0.595821,0.364874,0.862580,-0.600403,-0.978289,0.567359,-0.444722,-0.088429,-0.208757,0.838475,-0.279833,-0.475317,0.369031,-0.226468,-1.220165,-0.020336,1.849261,-1.932873,-1.378451,1.229790,-1.518452,-0.049440,0.003244,0.001973,-0.001323,0.000820,0.000540,-0.000884
31.149002,-0.592288,0.363443,0.863326,-0.601568,-0.979417,0.566926,-0.444530,-0.081039,-0.214692,0.845420,-0.280728,-0.475059,0.369525,-0.226203,-1.220215,-0.020337,1.849261,-1.932878,-1.378450,1.229786,-1.518445,-0.049915,0.001485,0.001977,-0.002787,0.000254,-0.000501,0.001226
31.150024,-0.589796,0.365378,0.861800,-0.601638,-0.978540,0.566595,-0.443535,-0.076945,-0.217995,0.849249,-0.280014,-0.475060,0.369777,-0.225967,-1.220269,-0.020335,1.849262,-1.932878,-1.378445,1.229789,-1.518447,-0.051045,0.002195,0.001597,-0.001576,0.001351,-0.000071,0.000825
31.151088,-0.589238,0.364456,0.863695,-0.602310,-0.978907,0.566203,-0.444304,-0.073920,-0.220149,0.852232,-0.278601,-0.475141,0.369965,-0.225793,-1.220321,-0.020336,1.849265,-1.932879,-1.378447,1.229790,-1.518453,-0.051658,0.001227,0.002328,-0.001498,0.000475,0.000256,-0.001160
31.152104,-0.584380,0.364861,0.862790,-0.602782,-0.977939,0.566042,-0.443621,-0.071409,-0.221828,0.854944,-0.277516,-0.475175,0.370108,-0.225693,-1.220370,-0.020335,1.849265,-1.932877,-1.378446,1.229790,-1.518446,-0.051347,0.001692,0.001363,-0.000863,0.000845,0.000646,0.000389
31.153058,-0.583280,0.362218,0.862772,-0.601333,-0.978637,0.566945,-0.443875,-0.068591,-0.223781,0.858199,-0.277328,-0.475077,0.370262,-0.225648,-1.220427,-0.020333,1.849269,-1.932878,-1.378451,1.229792,-1.518451,-0.053104,0.001454,0.001783,-0.000383,-0.000089,0.000796,-0.000988
31.154171,-0.583333,0.362704,0.862297,-0.602379,-0.978471,0.567098,-0.443048,-0.064078,-0.227121,0.863341,-0.277786,-0.474840,0.370541,-0.225638,-1.220480,-0.020328,1.849271,-1.932882,-1.378447,1.229791,-1.518449,-0.053003,0.002737,0.001762,-0.001741,0.000580,-0.000114,-0.000467
31.155045,-0.583069,0.364404,0.862395,-0.601555,-0.978396,0.566705,-0.444432,-0.058587,-0.231665,0.869563,-0.278223,-0.474591,0.370893,-0.225647,-1.220532,-0.020328,1.849274,-1.932883,-1.378448,1.229790,-1.518453,-0.052349,0.002470,0.001967,-0.000663,0.000423,-0.000254,-0.002131
31.156052,-0.578613,0.365128,0.865163,-0.600153,-0.978892,0.566601,-0.444436,-0.052953,-0.238236,0.876802,-0.278042,-0.474421,0.371173,-0.225633,-1.220640,-0.020329,1.849273,-1.932890,-1.378447,1.229793,-1.518446,-0.053433,0.001268,0.000536,-0.002726,0.000839,0.000231,0.000637
31.156974,-0.579612,0.366523,0.863684,-0.602535,-0.979157,0.567272,-0.443834,-0.051557,-0.239840,0.879034,-0.276310,-0.474541,0.371218,-0.225586,-1.220690,-0.020329,1.849275,-1.932887,-1.378446,1.229791,-1.518452,-0.052313,0.000566,0.001265,-0.000392,0.001094,-0.000438,-0.000557
31.157954,-0.580132,0.366201,0.864717,-0.601540,-0.978249,0.567150,-0.445311,-0.052265,-0.239793,0.879217,-0.274823,-0.474674,0.371102,-0.225542,-1.220739,-0.020326,1.849275,-1.932889,-1.378449,1.229791,-1.518445,-0.051460,0.000710,0.000734,-0.001368,0.000205,-0.000309,0.002410
31.158962,-0.577676,0.368744,0.867056,-0.600645,-0.978234,0.566935,-0.443990,-0.052265,-0.239793,0.879217,-0.274823,-0.474674,0.371102,-0.225542,-1.220739,-0.020326,1.849275,-1.932889,-1.378449,1.229791,-1.518445,-0.051460,0.000710,0.000734,-0.001368,0.000205,-0.000309,0.002410
31.160026,-0.575109,0.368335,0.865524,-0.601567,-0.978450,0.567960,-0.444447,-0.055623,-0.237731,0.876812,-0.273344,-0.474858,0.370780,-0.225517,-1.220792,-0.020329,1.849274,-1.932892,-1.378453,1.229792,-1.518449,-0.052069,-0.000538,-0.000422,-0.002195,0.000231,-0.000097,-0.000271
31.161024,-0.575471,0.367138,0.867227,-0.601365,-0.977901,0.567402,-0.443923,-0.059691,-0.234533,0.873758,-0.271117,-0.475094,0.370421,-0.225532,-1.220845,-0.020328,1.849276,-1.932890,-1.378453,1.229790,-1.518446,-0.052719,-0.000339,0.000333,-0.001291,0.000452,-0.001125,0.000668
31.162079,-0.573230,0.368182,0.866544,-0.600673,-0.978871,0.568763,-0.443202,-0.063584,-0.231194,0.870953,-0.268873,-0.475271,0.370096,-0.225597,-1.220895,-0.020328,1.849273,-1.932891,-1.378454,1.229791,-1.518449,-0.051920,0.000262,-0.000495,-0.001485,-0.000094,-0.000556,-0.000391
31.163019,-0.572331,0.368727,0.866574,-0.600085,-0.978781,0.568701,-0.443852,-0.067259,-0.228162,0.868403,-0.266795,-0.475388,0.369799,-0.225713,-1.220948,-0.020326,1.849273,-1.932893,-1.378449,1.229789,-1.518452,-0.052423,-0.000291,-0.000143,-0.002132,0.000845,-0.001926,-0.001822
31.164036,-0.571151,0.370375,0.867766,-0.600417,-0.979373,0.569013,-0.443087,-0.071074,-0.224956,0.865700,-0.264083,-0.475573,0.369519,-0.225867,-1.221000,-0.020329,1.849273,-1.932895,-1.378452,1.229790,-1.518449,-0.052242,-0.000521,-0.000162,-0.002665,0.000767,-0.001856,-0.000507
31.165036,-0.571338,0.366550,0.869080,-0.602382,-0.979773,0.568332,-0.443911,-0.075415,-0.221018,0.862403,-0.260508,-0.475876,0.369234,-0.226033,-1.221050,-0.020332,1.849271,-1.932896,-1.378450,1.229788,-1.518454,-0.052229,-0.001325,-0.000742,-0.002307,0.001348,-0.002157,-0.002043
31.165997,-0.569531,0.366193,0.869512,-0.600221,-0.979678,0.568655,-0.443582,-0.079636,-0.217155,0.859102,-0.257463,-0.476136,0.368969,-0.226199,-1.221100,-0.020327,1.849269,-1.932893,-1.378450,1.229789,-1.518451,-0.051533,0.000563,-0.001374,-0.000413,0.001746,-0.001470,-0.000380
31.166987,-0.567995,0.370011,0.867776,-0.601880,-0.980193,0.568412,-0.443836,-0.082370,-0.214964,0.857111,-0.255937,-0.476215,0.368805,-0.226345,-1.221152,-0.020325,1.849267,-1.932899,-1.378451,1.229789,-1.518452,-0.051818,0.000702,-0.001565,-0.002468,0.001660,-0.001804,-0.001054
31.168012,-0.566511,0.369913,0.869275,-0.602272,-0.978942,0.568134,-0.443466,-0.084179,-0.213737,0.855844,-0.255176,-0.476212,0.368699,-0.226456,-1.221203,-0.020331,1.849267,-1.932897,-1.378449,1.229789,-1.518451,-0.051979,-0.001161,-0.000686,-0.000813,0.002159,-0.001555,-0.000538
31.168944,-0.568761,0.369512,0.869353,-0.601239,-0.978099,0.569067,-0.444168,-0.086833,-0.211626,0.853564,-0.255307,-0.476136,0.368522,-0.226537,-1.221257,-0.020332,1.849264,-1.932898,-1.378453,1.229791,-1.518453,-0.052072,-0.001085,-0.001405,-0.000415,0.000930,-0.001291,-0.001284
31.170129,-0.562904,0.365722,0.868365,-0.600367,-0.976992,0.567539,-0.444617,-0.090842,-0.208251,0.849774,-0.256550,-0.475965,0.368236,-0.226588,-1.221303,-0.020332,1.849262,-1.932899,-1.378451,1.229787,-1.518451,-0.050368,-0.000880,-0.001416,-0.001441,0.000075,-0.002214,0.000135
31.171016,-0.565591,0.368861,0.865111,-0.601248,-0.976764,0.567396,-0.443661,-0.095053,-0.204693,0.845611,-0.257822,-0.475785,0.367921,-0.226603,-1.221363,-0.020326,1.849260,-1.932902,-1.378453,1.229791,-1.518448,-0.052617,0.000966,-0.000895,-0.002226,-0.001018,-0.000681,0.001015
31.171994,-0.563197,0.367064,0.872032,-0.601538,-0.976590,0.567699,-0.443943,-0.099427,-0.201295,0.841122,-0.258735,-0.475639,0.367549,-0.226596,-1.221411,-0.020331,1.849264,-1.932901,-1.378454,1.229791,-1.518453,-0.050662,-0.000581,0.000700,-0.001357,-0.001230,-0.000552,-0.000906
31.172993,-0.561313,0.366940,0.870473,-0.600865,-0.976040,0.567716,-0.443741,-0.104548,-0.197525,0.835730,-0.259959,-0.475463,0.367072,-0.226593,-1.221463,-0.020329,1.849254,-1.932901,-1.378454,1.229789,-1.518450,-0.051259,0.000315,-0.002695,-0.001068,-0.001400,-0.000850,-0.000329
31.173989,-0.563983,0.366377,0.868344,-0.601749,-0.977460,0.567338,-0.443921,-0.107289,-0.195044,0.832530,-0.261655,-0.475140,0.366755,-0.226595,-1.221515,-0.020329,1.849255,-1.932903,-1.378458,1.229787,-1.518452,-0.051577,0.000373,-0.001891,-0.001697,-0.001916,-0.000853,-0.000733
31.175072,-0.562469,0.364320,0.866585,-0.599379,-0.975454,0.568029,-0.444541,-0.107988,-0.193730,0.831185,-0.263583,-0.474724,0.366561,-0.226598,-1.221561,-0.020330,1.849256,-1.932902,-1.378453,1.229790,-1.518450,-0.049662,0.000665,-0.000830,-0.000830,-0.000530,-0.000484,-0.000372
31.176092,-0.561412,0.364644,0.866851,-0.602073,-0.977117,0.567181,-0.444311,-0.110928,-0.191233,0.827435,-0.265331,-0.474420,0.366144,-0.226588,-1.221612,-0.020326,1.849256,-1.932910,-1.378456,1.229787,-1.518449,-0.049829,0.001659,0.000051,-0.003033,-0.002530,-0.001169,0.000869
31.176973,-0.559133,0.365014,0.867964,-0.599726,-0.978450,0.566637,-0.444765,-0.116538,-0.187484,0.820882,-0.266788,-0.474261,0.365492,-0.226553,-1.221663,-0.020324,1.849255,-1.932905,-1.378451,1.229788,-1.518449,-0.049743,0.001461,-0.000085,-0.000415,-0.000887,-0.000316,0.000392
31.177987,-0.559268,0.365369,0.868711,-0.601229,-0.979667,0.566311,-0.443435,-0.122834,-0.183509,0.813539,-0.268210,-0.474155,0.364777,-0.226504,-1.221714,-0.020324,1.849253,-1.932912,-1.378449,1.229791,-1.518448,-0.050275,0.001267,-0.000621,-0.002635,0.000426,0.000207,0.001310
31.178980,-0.555505,0.363088,0.867953,-0.601845,-0.978662,0.567684,-0.444259,-0.128304,-0.179779,0.806933,-0.269055,-0.474129,0.364118,-0.226450,-1.221763,-0.020323,1.849251,-1.932911,-1.378448,1.229792,-1.518455,-0.049603,0.001087,-0.000971,-0.001123,0.001631,0.000526,-0.001357
31.179994,-0.553649,0.361521,0.867206,-0.599848,-0.979233,0.566511,-0.444056,-0.131939,-0.177082,0.802147,-0.269912,-0.474090,0.363605,-0.226394,-1.221816,-0.020320,1.849251,-1.932910,-1.378453,1.229789,-1.518451,-0.050870,0.002195,-0.000584,-0.000537,0.000649,-0.000842,0.000318
31.180956,-0.553702,0.361387,0.864511,-0.602216,-0.978556,0.566818,-0.444451,-0.132463,-0.176696,0.800521,-0.271161,-0.473954,0.363349,-0.226321,-1.221870,-0.020316,1.849251,-1.932914,-1.378450,1.229792,-1.518453,-0.051149,0.002928,-0.000211,-0.002460,0.001206,0.000334,-0.000101
31.182016,-0.550995,0.362678,0.866555,-0.599692,-0.979086,0.566101,-0.444384,-0.130979,-0.178167,0.800978,-0.272368,-0.473802,0.363238,-0.226220,-1.221920,-0.020315,1.849255,-1.932909,-1.378453,1.229792,-1.518452,-0.050513,0.002980,0.001103,-0.000190,0.000549,0.000011,0.000699
31.182928,-0.547086,0.362977,0.866629,-0.600732,-0.977942,0.565869,-0.444086,-0.129636,-0.179961,0.801385,-0.273599,-0.473676,0.363087,-0.226095,-1.221971,-0.020315,1.849253,-1.932916,-1.378452,1.229793,-1.518451,-0.051263,0.002325,0.000080,-0.002575,0.001084,0.000737,0.000549
31.184006,-0.545118,0.365687,0.864075,-0.601075,-0.979644,0.567238,-0.444791,-0.127162,-0.182121,0.802986,-0.274093,-0.473590,0.363014,-0.225950,-1.222026,-0.020313,1.849253,-1.932917,-1.378454,1.229793,-1.518450,-0.052562,0.002158,0.000052,-0.001491,-0.000060,0.000960,-0.000052
31.184920,-0.546661,0.361158,0.865848,-0.602251,-0.979298,0.567440,-0.444207,-0.122850,-0.184623,0.806474,-0.273921,-0.473482,0.363107,-0.225796,-1.222078,-0.020313,1.849257,-1.932917,-1.378449,1.229793,-1.518448,-0.052914,0.000786,0.001296,-0.001138,0.001622,-0.000421,0.001367
31.185985,-0.544042,0.361229,0.866027,-0.602325,-0.979699,0.567393,-0.444147,-0.118428,-0.186877,0.810118,-0.274302,-0.473266,0.363258,-0.225647,-1.222126,-0.020306,1.849255,-1.932914,-1.378453,1.229793,-1.518451,-0.051549,0.003012,0.000413,-0.000041,0.001293,-0.000611,0.000186
31.187020,-0.542301,0.364049,0.864245,-0.599900,-0.978165,0.568501,-0.444591,-0.113844,-0.189930,0.813949,-0.276110,-0.472872,0.363453,-0.225526,-1.222180,-0.020302,1.849255,-1.932916,-1.378451,1.229789,-1.518451,-0.052231,0.002900,0.000332,0.000074,0.001687,-0.000538,0.000077
31.188013,-0.541077,0.360815,0.868266,-0.600811,-0.978198,0.567673,-0.444191,-0.108965,-0.193672,0.818125,-0.278279,-0.472427,0.363714,-0.225432,-1.222232,-0.020304,1.849256,-1.932922,-1.378451,1.229788,-1.518449,-0.052471,0.001503,0.001211,-0.002222,0.000129,-0.001651,0.000967
31.188996,-0.543721,0.364783,0.866734,-0.603068,-0.976492,0.566632,-0.444390,-0.103727,-0.197411,0.822724,-0.279119,-0.472106,0.364069,-0.225361,-1.222286,-0.020298,1.849252,-1.932923,-1.378451,1.229791,-1.518451,-0.052437,0.003074,-0.000777,-0.001265,0.000185,-0.000822,0.000156
31.189914,-0.538698,0.362066,0.866378,-0.600319,-0.976164,0.565737,-0.444460,-0.098491,-0.201215,0.827429,-0.279912,-0.471758,0.364458,-0.225330,-1.222332,-0.020300,1.849255,-1.932918,-1.378455,1.229792,-1.518449,-0.050537,0.001084,-0.000011,0.000881,-0.001499,0.000211,0.000559
31.191108,-0.537698,0.364062,0.863864,-0.601874,-0.976145,0.565568,-0.443605,-0.095164,-0.204081,0.830429,-0.281697,-0.471317,0.364679,-0.225351,-1.222388,-0.020295,1.849255,-1.932924,-1.378453,1.229793,-1.518447,-0.052424,0.002418,0.000160,-0.001766,-0.001840,0.001099,0.000687
31.192112,-0.535393,0.362360,0.864778,-0.601950,-0.975768,0.565349,-0.444706,-0.093764,-0.205829,0.831739,-0.283330,-0.470939,0.364709,-0.225419,-1.222440,-0.020295,1.849260,-1.932920,-1.378453,1.229793,-1.518452,-0.052275,0.001386,0.001367,-0.000261,-0.001855,0.001260,-0.001020
31.193003,-0.533826,0.360199,0.867936,-0.602008,-0.977061,0.565363,-0.443700,-0.093702,-0.206948,0.831936,-0.284923,-0.470622,0.364597,-0.225518,-1.222494,-0.020291,1.849260,-1.932920,-1.378456,1.229793,-1.518446,-0.052784,0.002217,0.000888,-0.000198,-0.002207,0.001480,0.001200
31.194011,-0.529239,0.361416,0.865708,-0.600909,-0.976758,0.565882,-0.444372,-0.092751,-0.209176,0.833184,-0.287104,-0.470233,0.364532,-0.225641,-1.222546,-0.020287,1.849256,-1.932923,-1.378452,1.229795,-1.518453,-0.052938,0.003244,-0.000657,-0.000086,-0.000937,0.001453,-0.000828
31.194941,-0.531571,0.361214,0.864031,-0.601224,-0.977392,0.565166,-0.443966,-0.088031,-0.214274,0.838284,-0.289191,-0.469766,0.364763,-0.225787,-1.222604,-0.020286,1.849260,-1.932927,-1.378451,1.229793,-1.518449,-0.054559,0.002607,0.000444,-0.001084,-0.001263,0.000939,0.000534
31.196086,-0.530015,0.364629,0.866794,-0.600388,-0.978506,0.565218,-0.443747,-0.081690,-0.220503,0.845039,-0.290370,-0.469396,0.365122,-0.225939,-1.222654,-0.020283,1.849264,-1.932926,-1.378449,1.229795,-1.518453,-0.052754,0.002677,0.001227,-0.000785,-0.000636,0.001657,-0.000284
31.196965,-0.529499,0.364274,0.866594,-0.603512,-0.978117,0.565629,-0.444602,-0.077639,-0.224957,0.849480,-0.290278,-0.469304,0.365292,-0.226082,-1.222708,-0.020285,1.849260,-1.932929,-1.378447,1.229797,-1.518455,-0.052900,0.000979,-0.000131,-0.001548,0.000456,0.001584,-0.000710
31.198037,-0.525525,0.362289,0.863933,-0.602421,-0.977434,0.565786,-0.443945,-0.076447,-0.226954,0.851024,-0.289806,-0.469392,0.365242,-0.226191,-1.222759,-0.020284,1.849260,-1.932924,-1.378450,1.229794,-1.518451,-0.052547,0.001162,-0.000017,0.001477,0.000087,0.001191,0.001006
31.198986,-0.523828,0.364468,0.867594,-0.601477,-0.978751,0.566726,-0.444914,-0.076911,-0.227756,0.850920,-0.290697,-0.469396,0.365082,-0.226251,-1.222814,-0.020279,1.849264,-1.932927,-1.378455,1.229794,-1.518455,-0.053887,0.002109,0.001278,0.000412,-0.000552,0.001037,-0.000323
31.199956,-0.523207,0.364180,0.868959,-0.602866,-0.980427,0.566105,-0.444206,-0.077136,-0.228689,0.851054,-0.292311,-0.469300,0.364983,-0.226250,-1.222868,-0.020280,1.849260,-1.932929,-1.378450,1.229792,-1.518451,-0.054076,0.001013,-0.000536,-0.000476,0.000731,0.000099,0.001630
31.200979,-0.523518,0.363944,0.869312,-0.600430,-0.978494,0.566242,-0.444519,-0.075287,-0.230346,0.853198,-0.293341,-0.469180,0.365126,-0.226183,-1.222923,-0.020276,1.849258,-1.932925,-1.378446,1.229793,-1.518454,-0.053725,0.001114,-0.001174,0.000854,0.002373,0.000727,0.000195
31.202044,-0.520924,0.365086,0.865121,-0.602668,-0.979008,0.566938,-0.444995,-0.071838,-0.232414,0.856886,-0.293596,-0.469093,0.365461,-0.226060,-1.222974,-0.020274,1.849258,-1.932933,-1.378452,1.229793,-1.518452,-0.052950,0.001209,-0.001347,-0.001437,0.000465,0.000587,0.000833
31.203017,-0.520582,0.361577,0.865595,-0.601304,-0.978981,0.566740,-0.444499,-0.069375,-0.233526,0.859610,-0.293081,-0.469135,0.365762,-0.225888,-1.223030,-0.020275,1.849262,-1.932930,-1.378451,1.229791,-1.518450,-0.053595,0.000641,0.000717,0.000767,0.000997,-0.000104,0.001779
31.203945,-0.519967,0.363248,0.867105,-0.600853,-0.979542,0.566887,-0.443831,-0.069712,-0.233065,0.859641,-0.292575,-0.469284,0.365868,-0.225691,-1.223082,-0.020269,1.849262,-1.932934,-1.378450,1.229793,-1.518451,-0.053126,0.002343,0.000454,-0.000534,0.000952,0.000089,0.000773
31.204998,-0.515945,0.365633,0.866995,-0.602413,-0.978391,0.566664,-0.444266,-0.071993,-0.231860,0.857815,-0.291881,-0.469550,0.365818,-0.225496,-1.223134,-0.020269,1.849260,-1.932937,-1.378449,1.229793,-1.518454,-0.052809,0.001493,-0.000281,-0.000905,0.001510,-0.000060,-0.000556
31.205931,-0.515445,0.363605,0.864146,-0.599254,-0.981409,0.566411,-0.444330,-0.074719,-0.230307,0.855620,-0.290770,-0.469891,0.365729,-0.225321,-1.223189,-0.020273,1.849260,-1.932932,-1.378452,1.229796,-1.518450,-0.054177,0.000338,-0.000218,0.000561,0.000372,0.000145,0.000321
31.206916,-0.514849,0.366935,0.868423,-0.598007,-0.979149,0.566759,-0.443860,-0.077782,-0.227996,0.853163,-0.289067,-0.470314,0.365612,-0.225178,-1.223242,-0.020269,1.849264,-1.932938,-1.378446,1.229794,-1.518449,-0.053775,0.001326,0.001173,-0.002500,0.003368,0.000412,0.000438
31.208057,-0.512786,0.363100,0.863193,-0.600514,-0.979299,0.566947,-0.443586,-0.081556,-0.224284,0.849961,-0.284802,-0.471074,0.365432,-0.225073,-1.223295,-0.020272,1.849259,-1.932944,-1.378450,1.229793,-1.518452,-0.053434,-0.000333,-0.000933,-0.003583,0.001100,0.000066,-0.000501
31.208957,-0.513977,0.363887,0.867351,-0.600592,-0.978102,0.567391,-0.444351,-0.085939,-0.219338,0.846035,-0.278344,-0.472105,0.365201,-0.225008,-1.223351,-0.020266,1.849264,-1.932937,-1.378452,1.229792,-1.518455,-0.053801,0.001550,0.001661,-0.001208,0.001290,-0.000115,-0.001035
31.210045,-0.512257,0.363360,0.865154,-0.600915,-0.978698,0.566430,-0.443787,-0.090934,-0.214249,0.841386,-0.272817,-0.473022,0.364915,-0.224984,-1.223401,-0.020265,1.849260,-1.932939,-1.378454,1.229791,-1.518449,-0.052589,0.001125,-0.000418,-0.001115,0.000097,-0.000555,0.000495
31.210966,-0.514378,0.364496,0.866309,-0.600221,-0.979901,0.565748,-0.444405,-0.096416,-0.209536,0.836123,-0.269502,-0.473664,0.364585,-0.225000,-1.223455,-0.020263,1.849262,-1.932939,-1.378453,1.229793,-1.518453,-0.052822,0.001367,0.000687,-0.000774,0.000707,0.000410,-0.000644
31.211998,-0.509781,0.366384,0.866308,-0.599308,-0.977730,0.565705,-0.443215,-0.103315,-0.204318,0.829298,-0.267672,-0.474161,0.364127,-0.225052,-1.223504,-0.020262,1.849260,-1.932940,-1.378447,1.229796,-1.518450,-0.051145,0.000789,0.000119,-0.001459,0.001854,0.001070,0.000601
31.212950,-0.510263,0.366106,0.866577,-0.599026,-0.977810,0.566563,-0.444325,-0.112110,-0.197691,0.820422,-0.265990,-0.474696,0.363493,-0.225117,-1.223562,-0.020264,1.849262,-1.932944,-1.378453,1.229794,-1.518456,-0.052790,-0.000142,0.000108,-0.002289,-0.000290,0.001116,-0.001789
31.213937,-0.511613,0.366304,0.867822,-0.600084,-0.978840,0.565462,-0.444068,-0.121189,-0.190063,0.811094,-0.263511,-0.475312,0.362838,-0.225175,-1.223611,-0.020262,1.849262,-1.932946,-1.378454,1.229792,-1.518450,-0.051933,-0.000013,-0.000034,-0.002501,-0.000180,0.000261,0.000452
31.214935,-0.506612,0.366225,0.868893,-0.602082,-0.978159,0.566223,-0.442921,-0.130264,-0.181855,0.801584,-0.260686,-0.475945,0.362188,-0.225228,-1.223660,-0.020261,1.849260,-1.932944,-1.378452,1.229794,-1.518451,-0.050667,-0.000126,-0.000638,-0.001476,0.000846,0.001374,-0.000085
31.215926,-0.504504,0.361810,0.867690,-0.602103,-0.978676,0.565807,-0.444466,-0.138673,-0.174088,0.792590,-0.259243,-0.476381,0.361585,-0.225295,-1.223717,-0.020261,1.849256,-1.932941,-1.378453,1.229793,-1.518459,-0.052509,-0.000091,-0.001126,0.000440,0.000156,0.000599,-0.002364
31.216963,-0.503911,0.364389,0.868352,-0.601162,-0.977235,0.566469,-0.443565,-0.143342,-0.169375,0.787254,-0.260636,-0.476365,0.361264,-0.225372,-1.223771,-0.020253,1.849260,-1.932941,-1.378450,1.229793,-1.518450,-0.052905,0.002049,-0.000553,0.000442,0.000654,0.001023,0.000744
31.217973,-0.502000,0.363166,0.869668,-0.600242,-0.976892,0.566014,-0.445282,-0.143468,-0.168502,0.786383,-0.264184,-0.475978,0.361281,-0.225431,-1.223823,-0.020255,1.849258,-1.932943,-1.378453,1.229792,-1.518456,-0.052576,0.000742,-0.000872,-0.000458,-0.000782,0.000359,-0.001085
31.218995,-0.503512,0.362663,0.868232,-0.599268,-0.977657,0.566097,-0.443785,-0.140440,-0.169927,0.788537,-0.267852,-0.475505,0.361535,-0.225469,-1.223876,-0.020250,1.849256,-1.932947,-1.378454,1.229793,-1.518446,-0.052899,0.001320,-0.001510,-0.001281,-0.001099,0.000821,0.002364
31.220019,-0.501121,0.362377,0.867497,-0.601040,-0.977747,0.566066,-0.444542,-0.135819,-0.172262,0.792123,-0.270126,-0.475166,0.361904,-0.225507,-1.223925,-0.020250,1.849257,-1.932952,-1.378453,1.229793,-1.518453,-0.051535,0.001559,-0.000785,-0.002138,-0.000338,0.000733,-0.000667
31.221096,-0.499718,0.363121,0.868548,-0.599789,-0.976864,0.565888,-0.445319,-0.131924,-0.174369,0.794870,-0.271213,-0.475019,0.362191,-0.225573,-1.223976,-0.020248,1.849257,-1.932949,-1.378453,1.229792,-1.518454,-0.052138,0.001677,-0.000423,-0.000411,-0.000247,0.000769,0.000896
31.221934,-0.497650,0.364258,0.869867,-0.600443,-0.977642,0.566574,-0.444139,-0.129224,-0.176031,0.796377,-0.272108,-0.474945,0.362362,-0.225665,-1.224028,-0.020245,1.849255,-1.932953,-1.378456,1.229793,-1.518449,-0.052205,0.001274,-0.000933,-0.001588,-0.001118,0.000945,0.002427
31.222999,-0.496758,0.364866,0.869997,-0.601502,-0.977532,0.566738,-0.444218,-0.126247,-0.177694,0.798144,-0.272741,-0.474870,0.362562,-0.225779,-1.224080,-0.020246,1.849253,-1.932950,-1.378454,1.229792,-1.518453,-0.052629,0.000715,-0.001572,-0.000991,-0.000338,0.000254,0.000044
31.224006,-0.494769,0.360962,0.867301,-0.600580,-0.977565,0.566390,-0.443665,-0.122305,-0.179485,0.800904,-0.273371,-0.474719,0.362873,-0.225921,-1.224130,-0.020246,1.849251,-1.932946,-1.378454,1.229792,-1.518453,-0.052462,0.000409,-0.001610,-0.000032,-0.000457,0.000095,0.000230
31.224986,-0.492581,0.362301,0.866377,-0.600517,-0.977434,0.566653,-0.443485,-0.117886,-0.181578,0.804210,-0.274650,-0.474450,0.363241,-0.226081,-1.224185,-0.020242,1.849251,-1.932949,-1.378453,1.229792,-1.518456,-0.052804,0.002329,-0.000244,-0.000881,-0.000438,0.000449,-0.000875
31.225966,-0.494298,0.361415,0.867351,-0.599680,-0.977639,0.567558,-0.444318,-0.113728,-0.184032,0.807321,-0.276189,-0.474170,0.363571,-0.226238,-1.224241,-0.020241,1.849252,-1.932950,-1.378453,1.229792,-1.518455,-0.053227,0.001625,0.000196,-0.000920,-0.000562,0.000179,-0.001233
31.227049,-0.489165,0.361914,0.865162,-0.599427,-0.977929,0.567228,-0.444189,-0.110640,-0.186136,0.809374,-0.277262,-0.474012,0.363808,-0.226366,-1.224289,-0.020238,1.849250,-1.932952,-1.378453,1.229791,-1.518453,-0.051770,0.002049,-0.000276,-0.001709,-0.000354,-0.000727,0.000444
31.228033,-0.488462,0.361537,0.865693,-0.597697,-0.978375,0.567252,-0.444012,-0.108812,-0.187385,0.810121,-0.277339,-0.474044,0.363961,-0.226439,-1.224347,-0.020234,1.849252,-1.932954,-1.378453,1.229792,-1.518452,-0.053683,0.001743,0.000809,-0.001904,-0.000071,-0.000390,0.000164
31.228963,-0.485792,0.359581,0.866867,-0.600074,-0.976499,0.567526,-0.443391,-0.107255,-0.188107,0.810521,-0.275753,-0.474309,0.364109,-0.226450,-1.224399,-0.020231,1.849250,-1.932961,-1.378451,1.229793,-1.518455,-0.053388,0.001901,0.000548,-0.003487,0.000361,-0.000422,-0.000181
31.230006,-0.484542,0.363584,0.867482,-0.601134,-0.977679,0.566848,-0.443168,-0.104314,-0.189499,0.812233,-0.273015,-0.474688,0.364369,-0.226408,-1.224453,-0.020226,1.849248,-1.932956,-1.378456,1.229792,-1.518457,-0.054081,0.002826,-0.000010,-0.001191,-0.001492,-0.000693,-0.001422
31.231060,-0.482617,0.360436,0.864773,-0.598257,-0.978185,0.565989,-0.443963,-0.099143,-0.192430,0.816159,-0.271418,-0.474859,0.364796,-0.226339,-1.224508,-0.020229,1.849247,-1.932954,-1.378452,1.229795,-1.518458,-0.054037,0.000827,-0.000309,-0.000203,-0.000321,-0.000025,-0.001858
31.231942,-0.478450,0.361439,0.866945,-0.599138,-0.977479,0.565799,-0.443351,-0.093205,-0.195788,0.820903,-0.271026,-0.474839,0.365257,-0.226241,-1.224562,-0.020223,1.849251,-1.932963,-1.378452,1.229794,-1.518454,-0.054358,0.002362,0.001015,-0.002885,0.000185,0.000844,-0.000264
31.232960,-0.479970,0.361320,0.867514,-0.599616,-0.979022,0.566592,-0.443780,-0.086720,-0.199331,0.826261,-0.269975,-0.474850,0.365717,-0.226112,-1.224621,-0.020220,1.849251,-1.932964,-1.378455,1.229794,-1.518457,-0.055745,0.001803,-0.000089,-0.001953,-0.000511,0.001027,-0.001503
31.234043,-0.476646,0.362234,0.864667,-0.602123,-0.978221,0.566711,-0.443778,-0.078642,-0.203846,0.833304,-0.268422,-0.474830,0.366275,-0.225981,-1.224673,-0.020218,1.849251,-1.932965,-1.378452,1.229794,-1.518453,-0.054335,0.001848,-0.000372,-0.001465,0.001025,0.000225,-0.000641
31.235076,-0.474985,0.360191,0.865442,-0.600377,-0.978577,0.566964,-0.444097,-0.070727,-0.208532,0.840352,-0.268149,-0.474630,0.366821,-0.225868,-1.224730,-0.020217,1.849255,-1.932959,-1.378453,1.229793,-1.518457,-0.055329,0.001374,0.001020,0.000938,0.000209,0.000114,-0.000638
31.235982,-0.475883,0.360998,0.866112,-0.601635,-0.977927,0.566990,-0.443662,-0.064326,-0.212895,0.846126,-0.269940,-0.474223,0.367254,-0.225772,-1.224786,-0.020214,1.849255,-1.932961,-1.378450,1.229793,-1.518455,-0.055479,0.002379,0.000613,-0.000802,0.000554,-0.000141,0.000001
31.237014,-0.470914,0.360318,0.865262,-0.601073,-0.976852,0.566068,-0.443493,-0.059021,-0.217233,0.851051,-0.272947,-0.473722,0.367605,-0.225684,-1.224838,-0.020211,1.849255,-1.932961,-1.378450,1.229794,-1.518454,-0.054394,0.001927,0.000279,0.000479,-0.000107,-0.000169,-0.000887
31.237993,-0.469388,0.360450,0.863623,-0.601529,-0.978557,0.566626,-0.445174,-0.054540,-0.221590,0.855409,-0.276655,-0.473181,0.367884,-0.225600,-1.224899,-0.020210,1.849257,-1.932964,-1.378456,1.229795,-1.518457,-0.056177,0.002256,0.000690,-0.000036,-0.001126,0.000757,-0.001208
31.238980,-0.472009,0.361560,0.865203,-0.600532,-0.978323,0.565841,-0.443596,-0.050383,-0.226129,0.859706,-0.280780,-0.472592,0.368113,-0.225507,-1.224956,-0.020207,1.849261,-1.932963,-1.378454,1.229793,-1.518450,-0.056234,0.002155,0.001462,0.000398,0.000582,0.000194,0.002159
31.239993,-0.469076,0.360583,0.865615,-0.599710,-0.978322,0.565237,-0.444083,-0.047877,-0.229769,0.862564,-0.284523,-0.472073,0.368187,-0.225402,-1.225009,-0.020206,1.849260,-1.932966,-1.378454,1.229794,-1.518459,-0.054278,0.001579,0.000674,-0.000528,0.000332,0.000988,-0.001024
31.240929,-0.466850,0.362265,0.864332,-0.600091,-0.978424,0.565916,-0.444303,-0.048242,-0.231443,0.862696,-0.286874,-0.471773,0.368005,-0.225288,-1.225066,-0.020204,1.849260,-1.932969,-1.378453,1.229797,-1.518456,-0.055082,0.002050,0.000479,-0.001285,0.000326,0.001571,-0.000022
31.242070,-0.468349,0.364846,0.865609,-0.600559,-0.978867,0.566328,-0.444022,-0.050326,-0.231702,0.861243,-0.287450,-0.471695,0.367670,-0.225153,-1.225122,-0.020202,1.849260,-1.932971,-1.378453,1.229798,-1.518454,-0.055516,0.001170,0.001123,-0.000837,0.000430,0.000877,0.000408
31.243050,-0.463815,0.365718,0.864865,-0.601957,-0.979498,0.564896,-0.444515,-0.054422,-0.230152,0.857939,-0.286965,-0.471761,0.367204,-0.225008,-1.225175,-0.020204,1.849260,-1.932972,-1.378450,1.229795,-1.518456,-0.054116,-0.000101,0.000478,-0.000351,0.000844,0.000485,-0.000157
31.243939,-0.463553,0.362564,0.866549,-0.600075,-0.978109,0.566505,-0.444124,-0.061209,-0.226196,0.852093,-0.286570,-0.471862,0.366574,-0.224884,-1.225232,-0.020204,1.849261,-1.932968,-1.378450,1.229799,-1.518455,-0.055725,-0.000518,0.000840,0.000969,0.001476,0.001913,0.000838
31.244994,-0.461166,0.360386,0.865736,-0.599878,-0.978240,0.565918,-0.445291,-0.068337,-0.221577,0.845964,-0.286617,-0.471902,0.365944,-0.224795,-1.225286,-0.020200,1.849259,-1.932972,-1.378453,1.229794,-1.518455,-0.055190,0.001030,0.000008,-0.000847,0.000096,0.000302,0.000037
31.245983,-0.460557,0.363486,0.870419,-0.600560,-0.978122,0.566286,-0.444514,-0.072893,-0.218710,0.842317,-0.286248,-0.471926,0.365529,-0.224734,-1.225342,-0.020196,1.849260,-1.932973,-1.378453,1.229798,-1.518450,-0.055726,0.002063,0.000419,-0.001013,0.000245,0.000887,0.002387
31.246993,-0.460447,0.362064,0.868494,-0.601450,-0.977971,0.567462,-0.444716,-0.073681,-0.218429,0.842255,-0.285259,-0.471928,0.365421,-0.224690,-1.225395,-0.020199,1.849254,-1.932972,-1.378453,1.229796,-1.518456,-0.055385,0.000521,-0.001876,-0.000330,0.000118,0.000520,0.000814
31.247967,-0.461194,0.360916,0.869562,-0.599635,-0.976990,0.567514,-0.444794,-0.071424,-0.219930,0.845038,-0.284633,-0.471796,0.365575,-0.224668,-1.225448,-0.020198,1.849256,-1.932971,-1.378453,1.229794,-1.518456,-0.054798,0.001244,-0.000905,0.000534,-0.000026,-0.000650,0.001239
31.249049,-0.460205,0.359608,0.869988,-0.600867,-0.976929,0.567333,-0.443772,-0.068371,-0.221913,0.848417,-0.284592,-0.471588,0.365806,-0.224660,-1.225499,-0.020194,1.849252,-1.932975,-1.378456,1.229794,-1.518453,-0.053807,0.001770,-0.001411,-0.001209,-0.000984,-0.000690,0.001381
31.249985,-0.461380,0.362911,0.870377,-0.599952,-0.977160,0.568101,-0.444351,-0.065674,-0.223932,0.851239,-0.284613,-0.471403,0.365992,-0.224666,-1.225554,-0.020191,1.849250,-1.932972,-1.378454,1.229793,-1.518458,-0.053655,0.002389,-0.001593,-0.000022,-0.001060,-0.000506,-0.000665
31.251088,-0.460322,0.359016,0.871704,-0.598035,-0.977262,0.567162,-0.444237,-0.064105,-0.225270,0.852763,-0.284641,-0.471251,0.366064,-0.224692,-1.225603,-0.020194,1.849248,-1.932975,-1.378456,1.229792,-1.518457,-0.052469,0.000754,-0.001764,-0.000901,-0.000810,-0.001273,0.000521
31.252096,-0.456961,0.362994,0.872612,-0.598849,-0.976856,0.567121,-0.445430,-0.064242,-0.225071,0.852427,-0.283740,-0.471255,0.365986,-0.224718,-1.225655,-0.020189,1.849246,-1.932981,-1.378457,1.229796,-1.518458,-0.052386,0.002667,-0.002407,-0.002683,-0.000701,-0.000341,0.000283
31.253090,-0.457862,0.363658,0.872391,-0.600337,-0.977385,0.567821,-0.444481,-0.064266,-0.224179,0.852041,-0.281003,-0.471460,0.365895,-0.224716,-1.225710,-0.020192,1.849242,-1.932979,-1.378457,1.229796,-1.518453,-0.053410,0.000681,-0.002811,-0.001876,-0.001111,-0.000311,0.002675
31.253983,-0.457938,0.362470,0.871567,-0.599658,-0.977645,0.568401,-0.443923,-0.063602,-0.222696,0.852203,-0.277708,-0.471682,0.365853,-0.224700,-1.225761,-0.020192,1.849239,-1.932976,-1.378455,1.229796,-1.518455,-0.052327,0.000359,-0.002665,-0.000469,-0.000587,-0.001015,0.000741
31.255010,-0.455330,0.362785,0.873010,-0.598648,-0.977616,0.567219,-0.444336,-0.064196,-0.219608,0.850973,-0.275314,-0.471824,0.365730,-0.224704,-1.225812,-0.020188,1.849239,-1.932978,-1.378455,1.229793,-1.518457,-0.051681,0.000921,-0.002247,-0.001116,-0.000331,-0.001575,-0.000357
31.256039,-0.454047,0.362369,0.872969,-0.600314,-0.976338,0.567216,-0.443443,-0.066067,-0.215265,0.848304,-0.273333,-0.471971,0.365514,-0.224732,-1.225865,-0.020188,1.849235,-1.932982,-1.378456,1.229793,-1.518455,-0.052365,0.000750,-0.002932,-0.002034,-0.000355,-0.000380,0.000479
31.257017,-0.453094,0.359618,0.872973,-0.599395,-0.975436,0.567664,-0.443821,-0.067197,-0.211027,0.846221,-0.271469,-0.472092,0.365333,-0.224773,-1.225918,-0.020185,1.849233,-1.932979,-1.378458,1.229795,-1.518458,-0.052366,0.000933,-0.002878,-0.000420,-0.001627,-0.000401,-0.001323
31.258002,-0.454979,0.359810,0.868979,-0.600154,-0.974758,0.568405,-0.443727,-0.066369,-0.208146,0.845986,-0.270615,-0.472050,0.365260,-0.224813,-1.225969,-0.020181,1.849232,-1.932982,-1.378459,1.229792,-1.518460,-0.052228,0.002267,-0.002872,-0.001281,-0.002514,-0.000835,-0.000532
31.258928,-0.452239,0.359682,0.871509,-0.597862,-0.975047,0.568440,-0.444485,-0.065358,-0.206111,0.845860,-0.271035,-0.471888,0.365159,-0.224820,-1.226016,-0.020178,1.849236,-1.932981,-1.378458,1.229791,-1.518459,-0.050704,0.002128,-0.000899,-0.000535,-0.003199,-0.001574,-0.000732
31.259999,-0.448353,0.359667,0.867188,-0.598912,-0.977163,0.567657,-0.443987,-0.066399,-0.203412,0.843602,-0.271772,-0.471786,0.364878,-0.224769,-1.226069,-0.020178,1.849230,-1.932987,-1.378459,1.229790,-1.518456,-0.051466,0.002184,-0.002127,-0.002707,-0.002886,-0.001596,0.000790
31.260977,-0.450115,0.357552,0.870380,-0.597542,-0.977494,0.567915,-0.443982,-0.068368,-0.200212,0.840319,-0.271547,-0.471843,0.364524,-0.224661,-1.226124,-0.020175,1.849234,-1.932986,-1.378452,1.229795,-1.518459,-0.052751,0.002162,0.000021,-0.001657,-0.000823,-0.000834,-0.000222
31.262008,-0.451545,0.358607,0.864910,-0.598539,-0.976883,0.567672,-0.444912,-0.069937,-0.197317,0.837349,-0.270121,-0.472058,0.364193,-0.224506,-1.226172,-0.020171,1.849228,-1.932992,-1.378456,1.229794,-1.518458,-0.051272,0.003175,-0.001540,-0.002900,-0.000472,-0.001093,-0.000225
31.263092,-0.446580,0.356243,0.869610,-0.599717,-0.979035,0.567980,-0.443829,-0.073085,-0.193822,0.832748,-0.267980,-0.472455,0.363706,-0.224311,-1.226219,-0.020168,1.849233,-1.932989,-1.378456,1.229795,-1.518452,-0.049988,0.002603,0.001179,-0.001957,-0.001087,-0.000856,0.001631
31.263998,-0.448946,0.358635,0.867153,-0.598554,-0.978132,0.567044,-0.444621,-0.078435,-0.189629,0.825970,-0.266310,-0.472910,0.363009,-0.224108,-1.226276,-0.020162,1.849225,-1.932987,-1.378452,1.229792,-1.518457,-0.051818,0.003723,-0.001126,-0.000812,0.001048,-0.001149,-0.000555
31.265020,-0.447127,0.357034,0.866471,-0.600305,-0.977838,0.566475,-0.443794,-0.083557,-0.186177,0.819505,-0.265721,-0.473267,0.362310,-0.223938,-1.226322,-0.020162,1.849226,-1.932991,-1.378454,1.229795,-1.518453,-0.050047,0.002510,0.000126,-0.001903,0.000136,-0.000221,0.001050
31.265980,-0.446623,0.357283,0.869170,-0.598386,-0.978565,0.567291,-0.444413,-0.089252,-0.182729,0.812598,-0.266015,-0.473564,0.361540,-0.223818,-1.226375,-0.020157,1.849229,-1.932987,-1.378456,1.229796,-1.518457,-0.050345,0.003272,0.000423,-0.000216,-0.000137,0.000339,-0.000620
31.267008,-0.444174,0.355986,0.866061,-0.598970,-0.977331,0.566685,-0.444373,-0.095737,-0.179098,0.805035,-0.267019,-0.473808,0.360686,-0.223752,-1.226426,-0.020152,1.849225,-1.932993,-1.378456,1.229793,-1.518453,-0.049979,0.003075,-0.000901,-0.002026,0.000601,-0.000473,0.000630
31.267990,-0.444909,0.355746,0.867484,-0.599015,-0.977187,0.567819,-0.443655,-0.100930,-0.176410,0.798829,-0.267893,-0.474017,0.359939,-0.223734,-1.226477,-0.020148,1.849229,-1.932994,-1.378455,1.229796,-1.518454,-0.050606,0.003684,0.000642,-0.001400,-0.000659,0.000134,0.000540
31.269043,-0.440635,0.352519,0.866217,-0.600489,-0.978463,0.567493,-0.443979,-0.104901,-0.174690,0.793860,-0.268596,-0.474191,0.359301,-0.223774,-1.226525,-0.020146,1.849225,-1.932997,-1.378456,1.229794,-1.518458,-0.049638,0.003778,-0.000050,-0.001301,-0.000784,-0.001007,-0.000893
31.269993,-0.442903,0.351586,0.866963,-0.598613,-0.977792,0.567608,-0.442985,-0.107101,-0.174704,0.790654,-0.270135,-0.474203,0.358817,-0.223869,-1.226580,-0.020137,1.849227,-1.932994,-1.378453,1.229793,-1.518458,-0.051148,0.005295,0.000581,0.000113,0.000474,-0.000662,-0.000224
31.270947,-0.440531,0.354441,0.866021,-0.599329,-0.978790,0.567245,-0.443877,-0.106609,-0.177305,0.790096,-0.272581,-0.474036,0.358544,-0.223993,-1.226625,-0.020130,1.849224,-1.932998,-1.378455,1.229794,-1.518461,-0.049435,0.005669,0.000226,-0.001696,-0.000195,-0.000789,-0.002226
31.272111,-0.441121,0.350073,0.868618,-0.597916,-0.977180,0.567534,-0.443685,-0.105004,-0.180964,0.790578,-0.274808,-0.473875,0.358349,-0.224110,-1.226676,-0.020131,1.849227,-1.932998,-1.378455,1.229792,-1.518456,-0.050029,0.004236,0.000667,-0.000953,0.000822,-0.000407,-0.000426
31.272992,-0.437374,0.352580,0.861742,-0.599565,-0.978097,0.567589,-0.443830,-0.103053,-0.184597,0.791353,-0.276094,-0.473813,0.358194,-0.224192,-1.226724,-0.020122,1.849224,-1.933002,-1.378456,1.229791,-1.518456,-0.049147,0.006342,-0.000611,-0.002277,-0.000805,-0.000699,-0.000829
31.273970,-0.437732,0.352521,0.865973,-0.599104,-0.978020,0.566543,-0.444023,-0.100931,-0.188240,0.792315,-0.276771,-0.473813,0.358082,-0.224244,-1.226777,-0.020120,1.849232,-1.932999,-1.378454,1.229792,-1.518456,-0.050408,0.005025,0.002783,-0.000686,0.000114,-0.000756,-0.000533
31.274944,-0.435814,0.351118,0.866415,-0.597405,-0.978038,0.566644,-0.443500,-0.100289,-0.190777,0.791886,-0.277526,-0.473839,0.357883,-0.224281,-1.226826,-0.020115,1.849228,-1.933001,-1.378455,1.229796,-1.518455,-0.049616,0.005012,0.000658,-0.001113,0.000042,0.000279,-0.000149
31.275954,-0.433827,0.351509,0.865919,-0.599267,-0.976910,0.565686,-0.443732,-0.099959,-0.192525,0.791220,-0.277799,-0.473916,0.357679,-0.224308,-1.226875,-0.020109,1.849226,-1.933006,-1.378453,1.229797,-1.518458,-0.049998,0.005644,0.000477,-0.002713,0.000038,0.000160,-0.001200
31.277023,-0.432114,0.352609,0.863866,-0.598773,-0.978201,0.564763,-0.444600,-0.097847,-0.194751,0.792403,-0.277141,-0.474039,0.357615,-0.224322,-1.226926,-0.020102,1.849224,-1.933002,-1.378456,1.229797,-1.518458,-0.050387,0.005362,0.000756,-0.000904,-0.001070,0.001131,-0.000720
31.278016,-0.429029,0.352235,0.866856,-0.600376,-0.978738,0.565314,-0.444469,-0.094963,-0.196943,0.794502,-0.276552,-0.474117,0.357588,-0.224318,-1.226974,-0.020098,1.849227,-1.933004,-1.378453,1.229797,-1.518454,-0.050657,0.004756,0.001751,-0.001369,0.000212,0.002049,0.001013
31.278941,-0.430335,0.349860,0.864582,-0.598630,-0.979208,0.565234,-0.444290,-0.091671,-0.198837,0.797192,-0.276741,-0.474071,0.357578,-0.224305,-1.227029,-0.020093,1.849224,-1.933002,-1.378453,1.229797,-1.518454,-0.051556,0.004894,0.000273,0.000214,0.000748,0.001483,0.000731
31.279989,-0.430982,0.351567,0.866647,-0.597272,-0.979135,0.565769,-0.443825,-0.087045,-0.201225,0.801371,-0.277619,-0.473907,0.357681,-0.224307,-1.227078,-0.020085,1.849229,-1.933007,-1.378453,1.229797,-1.518455,-0.050284,0.005995,0.001373,-0.001454,0.001217,0.001574,0.000375
31.281001,-0.431820,0.351666,0.868526,-0.598451,-0.978750,0.565650,-0.445069,-0.082578,-0.203224,0.805485,-0.277698,-0.473868,0.357790,-0.224340,-1.227126,-0.020080,1.849225,-1.933011,-1.378453,1.229794,-1.518457,-0.049395,0.005065,0.000364,-0.002710,0.001131,0.001047,-0.000553
31.281973,-0.430887,0.347673,0.869180,-0.599141,-0.978481,0.566039,-0.444177,-0.079780,-0.203525,0.807989,-0.276110,-0.474088,0.357807,-0.224395,-1.227172,-0.020076,1.849225,-1.933010,-1.378456,1.229796,-1.518453,-0.048418,0.004971,-0.000563,-0.001531,0.000774,0.001164,0.001956
31.283026,-0.427485,0.348318,0.866387,-0.600608,-0.978385,0.565724,-0.444103,-0.077573,-0.203262,0.809996,-0.274438,-0.474323,0.357821,-0.224478,-1.227220,-0.020066,1.849223,-1.933008,-1.378455,1.229793,-1.518458,-0.048316,0.006866,-0.000862,-0.000890,0.000498,0.000785,0.000147
31.283979,-0.427597,0.350166,0.867049,-0.598091,-0.977587,0.565256,-0.443799,-0.074664,-0.204176,0.812864,-0.274536,-0.474303,0.357920,-0.224593,-1.227270,-0.020060,1.849228,-1.933006,-1.378454,1.229793,-1.518457,-0.049430,0.006444,0.000486,0.000527,0.000396,0.001107,0.000012
31.285063,-0.426928,0.349311,0.869624,-0.597678,-0.977744,0.564870,-0.443788,-0.071789,-0.205497,0.815848,-0.276016,-0.474073,0.358033,-0.224714,-1.227316,-0.020055,1.849229,-1.933012,-1.378458,1.229795,-1.518459,-0.048805,0.005456,0.000133,-0.001872,-0.000369,0.001564,-0.000591
31.286054,-0.426380,0.347711,0.869685,-0.599431,-0.977066,0.565794,-0.443884,-0.069529,-0.205843,0.818273,-0.276615,-0.473899,0.358113,-0.224796,-1.227364,-0.020048,1.849227,-1.933015,-1.378457,1.229796,-1.518460,-0.048568,0.005812,-0.001141,-0.002201,-0.000215,0.001943,-0.000604
31.286975,-0.422982,0.345621,0.868138,-0.598756,-0.977441,0.565520,-0.444030,-0.066649,-0.206027,0.821330,-0.276182,-0.473771,0.358264,-0.224807,-1.227412,-0.020039,1.849227,-1.933011,-1.378458,1.229795,-1.518460,-0.048267,0.006512,-0.001164,-0.000513,-0.000892,0.001015,-0.000410
31.288018,-0.425065,0.346181,0.867375,-0.599151,-0.978662,0.566477,-0.444788,-0.062207,-0.207458,0.826002,-0.276285,-0.473500,0.358565,-0.224734,-1.227464,-0.020031,1.849227,-1.933014,-1.378456,1.229796,-1.518459,-0.049360,0.007461,-0.000387,-0.001159,-0.000523,0.001291,-0.000120
31.288974,-0.423118,0.346564,0.868407,-0.599092,-0.978454,0.566394,-0.444191,-0.057301,-0.209773,0.831196,-0.277049,-0.473126,0.358916,-0.224569,-1.227508,-0.020027,1.849229,-1.933014,-1.378454,1.229792,-1.518455,-0.047760,0.007117,-0.000030,-0.000751,0.000688,0.000352,0.001392
31.290108,-0.422202,0.346308,0.867886,-0.598844,-0.977810,0.566072,-0.444364,-0.053917,-0.211444,0.834904,-0.278049,-0.472770,0.359177,-0.224334,-1.227558,-0.020021,1.849228,-1.933014,-1.378455,1.229792,-1.518458,-0.048154,0.006858,-0.000535,-0.000797,0.000472,0.000439,0.000180
31.291042,-0.424172,0.344917,0.864391,-0.598730,-0.977657,0.566479,-0.444788,-0.052080,-0.212060,0.837083,-0.279043,-0.472453,0.359359,-0.224066,-1.227606,-0.020013,1.849229,-1.933015,-1.378458,1.229796,-1.518458,-0.048032,0.006891,-0.000287,-0.001041,-0.000145,0.000742,0.000542
31.292003,-0.423047,0.349345,0.867527,-0.597453,-0.977703,0.566102,-0.443609,-0.052757,-0.211105,0.836748,-0.279849,-0.472226,0.359361,-0.223795,-1.227650,-0.020005,1.849232,-1.933017,-1.378457,1.229797,-1.518453,-0.046502,0.007496,0.001444,-0.001102,-0.000305,0.000322,0.001379
31.293032,-0.418463,0.347886,0.865026,-0.599007,-0.977769,0.566716,-0.444450,-0.058021,-0.207111,0.831821,-0.279910,-0.472226,0.359004,-0.223558,-1.227698,-0.020004,1.849228,-1.933021,-1.378456,1.229795,-1.518459,-0.046505,0.005247,-0.000112,-0.002280,-0.000270,0.000720,-0.000990
31.294056,-0.417394,0.347025,0.863961,-0.599190,-0.978948,0.566749,-0.444029,-0.066216,-0.200477,0.823989,-0.278933,-0.472428,0.358432,-0.223378,-1.227748,-0.019994,1.849230,-1.933020,-1.378455,1.229796,-1.518455,-0.048219,0.005887,0.001144,-0.000736,-0.000213,0.000090,0.000716
31.295024,-0.414739,0.348472,0.867083,-0.598392,-0.978463,0.566160,-0.444512,-0.074500,-0.193346,0.816130,-0.278051,-0.472619,0.357872,-0.223252,-1.227797,-0.019988,1.849230,-1.933022,-1.378452,1.229798,-1.518458,-0.048149,0.006238,0.001670,-0.000510,0.000951,0.000050,-0.000139
31.296094,-0.418354,0.347555,0.866308,-0.598832,-0.978996,0.567529,-0.443907,-0.081100,-0.187204,0.809960,-0.277610,-0.472725,0.357448,-0.223166,-1.227846,-0.019982,1.849225,-1.933025,-1.378453,1.229798,-1.518455,-0.048897,0.005433,0.000143,-0.001258,0.000464,0.000644,0.000835
31.297088,-0.416432,0.345932,0.868872,-0.598121,-0.979182,0.567430,-0.443607,-0.085674,-0.182048,0.805714,-0.276936,-0.472822,0.357178,-0.223105,-1.227887,-0.019976,1.849227,-1.933023,-1.378453,1.229794,-1.518458,-0.046558,0.005829,0.000531,-0.000841,0.000998,-0.000722,-0.000384
31.297964,-0.415916,0.345406,0.867362,-0.600083,-0.978535,0.567624,-0.444226,-0.089148,-0.177601,0.802420,-0.275935,-0.472971,0.356987,-0.223053,-1.227936,-0.019966,1.849223,-1.933026,-1.378453,1.229796,-1.518460,-0.046962,0.006523,-0.000724,-0.001494,0.001181,-0.000616,-0.000971
31.299110,-0.414867,0.345804,0.869721,-0.596952,-0.976837,0.569506,-0.443919,-0.091149,-0.174612,0.800467,-0.275283,-0.473092,0.356899,-0.222987,-1.227981,-0.019955,1.849225,-1.933020,-1.378453,1.229793,-1.518456,-0.046668,0.006652,0.000030,0.000355,0.000533,-0.000798,0.000269
31.299955,-0.415696,0.346075,0.867378,-0.599362,-0.976969,0.568770,-0.444538,-0.091205,-0.173318,0.800355,-0.275036,-0.473139,0.356974,-0.222886,-1.228028,-0.019949,1.849221,-1.933029,-1.378460,1.229790,-1.518459,-0.046635,0.006380,-0.001125,-0.002608,-0.001112,-0.002678,-0.000351
31.300970,-0.416443,0.343407,0.867507,-0.600392,-0.977687,0.568305,-0.444842,-0.090416,-0.172622,0.801008,-0.274475,-0.473186,0.357163,-0.222752,-1.228071,-0.019942,1.849223,-1.933026,-1.378461,1.229792,-1.518457,-0.045700,0.006162,0.000048,-0.000219,-0.000952,-0.001929,0.000897
31.302015,-0.415030,0.343258,0.870807,-0.597113,-0.978771,0.567876,-0.444562,-0.091055,-0.171568,0.800207,-0.274903,-0.473134,0.357257,-0.222595,-1.228113,-0.019932,1.849223,-1.933025,-1.378458,1.229794,-1.518455,-0.044823,0.007383,-0.000029,0.000759,-0.000257,-0.001480,0.001492
31.303003,-0.413725,0.344448,0.868017,-0.597763,-0.978868,0.568544,-0.444394,-0.092724,-0.170736,0.798347,-0.276340,-0.472976,0.357239,-0.222430,-1.228158,-0.019923,1.849219,-1.933033,-1.378455,1.229797,-1.518454,-0.044990,0.007333,-0.001648,-0.002356,0.000806,-0.001067,0.000914
31.304037,-0.411841,0.341583,0.869333,-0.598518,-0.979125,0.568330,-0.443909,-0.093548,-0.170487,0.797249,-0.276319,-0.472943,0.357261,-0.222272,-1.228202,-0.019917,1.849221,-1.933032,-1.378455,1.229792,-1.518454,-0.045115,0.006668,-0.000248,-0.001689,0.000890,-0.001719,0.000579
31.304949,-0.411194,0.340223,0.870608,-0.597773,-0.977993,0.567242,-0.444794,-0.093343,-0.170691,0.797100,-0.274935,-0.473019,0.357346,-0.222155,-1.228248,-0.019906,1.849219,-1.933031,-1.378456,1.229794,-1.518458,-0.045511,0.007990,-0.000901,-0.000976,0.001157,-0.001505,-0.000381
31.305935,-0.410930,0.342595,0.868307,-0.598913,-0.976602,0.568973,-0.443871,-0.090765,-0.172708,0.799232,-0.273583,-0.473016,0.357579,-0.222097,-1.228293,-0.019897,1.849215,-1.933035,-1.378458,1.229794,-1.518456,-0.045296,0.008555,-0.001492,-0.001630,0.000036,-0.000408,0.001410
31.306978,-0.410193,0.339408,0.867755,-0.599167,-0.978858,0.567128,-0.443332,-0.086122,-0.176311,0.803333,-0.272748,-0.472885,0.357935,-0.222090,-1.228335,-0.019890,1.849217,-1.933034,-1.378460,1.229791,-1.518458,-0.044916,0.007264,-0.000337,-0.000504,-0.001338,-0.002148,-0.000465
31.308035,-0.407982,0.338256,0.868981,-0.597131,-0.977013,0.566967,-0.444495,-0.082197,-0.179624,0.806661,-0.272974,-0.472652,0.358203,-0.222132,-1.228379,-0.019878,1.849218,-1.933032,-1.378453,1.229795,-1.518462,-0.044758,0.008741,-0.000092,-0.000305,0.000885,-0.000294,-0.001519
31.308951,-0.409727,0.339767,0.872631,-0.597469,-0.978775,0.567204,-0.443773,-0.078668,-0.183005,0.809506,-0.273707,-0.472401,0.358381,-0.222195,-1.228426,-0.019868,1.849216,-1.933039,-1.378459,1.229795,-1.518454,-0.045312,0.009190,-0.000688,-0.002190,-0.000949,-0.000151,0.000809
31.310007,-0.406775,0.338596,0.869829,-0.598788,-0.977121,0.566449,-0.444825,-0.073453,-0.187337,0.813881,-0.273477,-0.472242,0.358639,-0.222253,-1.228466,-0.019863,1.849210,-1.933040,-1.378454,1.229792,-1.518459,-0.043934,0.008356,-0.002456,-0.001811,0.000802,-0.000374,-0.000654
31.310988,-0.408076,0.337511,0.870035,-0.599434,-0.977173,0.566896,-0.444394,-0.066710,-0.192147,0.819664,-0.272632,-0.472121,0.358997,-0.222315,-1.228512,-0.019852,1.849213,-1.933037,-1.378458,1.229796,-1.518455,-0.044882,0.008823,-0.001057,-0.000555,-0.000839,0.000371,0.001470
31.312106,-0.402774,0.337527,0.867814,-0.599244,-0.976878,0.566850,-0.444588,-0.060019,-0.196903,0.825364,-0.272891,-0.471878,0.359328,-0.222388,-1.228553,-0.019841,1.849213,-1.933036,-1.378459,1.229795,-1.518459,-0.043721,0.009227,-0.001172,0.000075,-0.000763,-0.000087,0.000593
31.312993,-0.404062,0.335641,0.869725,-0.598569,-0.977689,0.567117,-0.444812,-0.053961,-0.201531,0.830423,-0.274750,-0.471466,0.359590,-0.222480,-1.228603,-0.019834,1.849217,-1.933037,-1.378459,1.229793,-1.518457,-0.045798,0.009136,-0.000096,-0.000109,-0.001067,-0.000023,0.000989
31.313929,-0.403209,0.332142,0.867743,-0.598527,-0.976911,0.566817,-0.444483,-0.047543,-0.206440,0.835786,-0.277224,-0.470971,0.359881,-0.222588,-1.228645,-0.019822,1.849215,-1.933039,-1.378456,1.229794,-1.518455,-0.044622,0.009950,-0.001049,-0.000735,-0.000275,-0.000297,0.001428
31.314917,-0.400644,0.334936,0.871798,-0.597087,-0.977788,0.566924,-0.444776,-0.040338,-0.212099,0.841820,-0.279487,-0.470499,0.360233,-0.222708,-1.228690,-0.019807,1.849217,-1.933041,-1.378459,1.229792,-1.518458,-0.044514,0.011521,-0.000061,-0.000717,-0.001040,0.000019,0.000771
31.315947,-0.401438,0.334627,0.868645,-0.596990,-0.978572,0.567845,-0.444508,-0.031950,-0.218694,0.848918,-0.280840,-0.470118,0.360685,-0.222828,-1.228738,-0.019802,1.849211,-1.933046,-1.378457,1.229795,-1.518456,-0.045233,0.010035,-0.002045,-0.002057,-0.000164,-0.000106,0.001361
31.316967,-0.398900,0.331126,0.868920,-0.598662,-0.978389,0.566398,-0.444852,-0.022601,-0.225228,0.856918,-0.280267,-0.469925,0.361265,-0.222929,-1.228780,-0.019792,1.849216,-1.933047,-1.378454,1.229793,-1.518457,-0.044315,0.010087,-0.000497,-0.002118,0.000589,-0.001027,0.000818
31.318010,-0.397823,0.331289,0.866797,-0.597769,-0.977591,0.566220,-0.443689,-0.013924,-0.230890,0.864296,-0.278561,-0.469881,0.361840,-0.223005,-1.228825,-0.019779,1.849214,-1.933044,-1.378457,1.229795,-1.518457,-0.045059,0.011692,-0.000630,-0.000513,0.000433,0.000436,0.001520
31.319058,-0.397277,0.334531,0.868239,-0.597875,-0.976707,0.565266,-0.443537,-0.006264,-0.236376,0.870790,-0.277389,-0.469810,0.362327,-0.223072,-1.228870,-0.019767,1.849218,-1.933046,-1.378458,1.229796,-1.518461,-0.045052,0.011452,0.000401,-0.001377,-0.000371,0.000591,-0.000820
31.319983,-0.396377,0.334946,0.867508,-0.598294,-0.978599,0.566235,-0.444160,-0.000325,-0.240871,0.875721,-0.276626,-0.469719,0.362654,-0.223139,-1.228915,-0.019761,1.849214,-1.933047,-1.378461,1.229798,-1.518460,-0.044780,0.009736,-0.000295,-0.001243,-0.001224,0.001542,-0.001110
31.320977,-0.396123,0.333575,0.868344,-0.596926,-0.978239,0.565731,-0.443746,0.002644,-0.242711,0.877853,-0.275795,-0.469658,0.362748,-0.223194,-1.228961,-0.019752,1.849216,-1.933045,-1.378454,1.229797,-1.518457,-0.044686,0.009444,0.000066,-0.000858,0.000626,0.000562,0.000142
31.322014,-0.391747,0.330296,0.863701,-0.596738,-0.979770,0.565591,-0.444233,0.002985,-0.242009,0.877539,-0.274607,-0.469671,0.362656,-0.223228,-1.229004,-0.019742,1.849215,-1.933049,-1.378456,1.229797,-1.518461,-0.044289,0.010014,-0.000357,-0.002149,0.000267,0.001080,-0.000692
31.323056,-0.392378,0.332933,0.863495,-0.596946,-0.978968,0.565839,-0.442992,0.002006,-0.240187,0.876064,-0.272479,-0.469842,0.362468,-0.223247,-1.229054,-0.019728,1.849221,-1.933052,-1.378453,1.229797,-1.518458,-0.045902,0.011500,0.001918,-0.002258,0.001791,0.001217,0.000286
31.324079,-0.389977,0.333814,0.865422,-0.597773,-0.979389,0.566440,-0.442630,-0.000268,-0.237723,0.873433,-0.269542,-0.470184,0.362174,-0.223268,-1.229098,-0.019720,1.849222,-1.933052,-1.378455,1.229794,-1.518463,-0.045033,0.010055,0.001991,-0.002041,0.000980,0.000984,-0.002209
31.325039,-0.391377,0.333891,0.861520,-0.597793,-0.978526,0.566464,-0.443734,-0.004261,-0.234009,0.869221,-0.266615,-0.470587,0.361780,-0.223298,-1.229146,-0.019712,1.849220,-1.933052,-1.378454,1.229793,-1.518465,-0.045674,0.009520,0.001041,-0.001204,0.001405,0.000382,-0.002909
31.326024,-0.389376,0.331895,0.861374,-0.597940,-0.978554,0.567062,-0.442741,-0.010269,-0.228590,0.863145,-0.264455,-0.470943,0.361292,-0.223318,-1.229188,-0.019702,1.849227,-1.933053,-1.378459,1.229794,-1.518459,-0.044450,0.009366,0.002934,-0.001174,0.000577,0.000361,-0.000692
31.327015,-0.386308,0.331774,0.865040,-0.598719,-0.977265,0.566590,-0.443577,-0.019365,-0.221222,0.854131,-0.263371,-0.471254,0.360606,-0.223306,-1.229233,-0.019689,1.849230,-1.933053,-1.378458,1.229795,-1.518464,-0.044921,0.010225,0.002961,-0.001020,0.000601,-0.000253,-0.002702
31.327950,-0.386717,0.330893,0.864009,-0.597706,-0.977750,0.566042,-0.443048,-0.028767,-0.213999,0.844909,-0.263562,-0.471400,0.359929,-0.223271,-1.229281,-0.019679,1.849226,-1.933051,-1.378457,1.229797,-1.518460,-0.045894,0.010159,0.001154,-0.000276,-0.000707,0.000220,-0.001010
31.328965,-0.386584,0.330709,0.867337,-0.598887,-0.977563,0.567780,-0.443052,-0.034758,-0.209171,0.839139,-0.264838,-0.471276,0.359544,-0.223216,-1.229325,-0.019668,1.849228,-1.933055,-1.378459,1.229800,-1.518463,-0.045139,0.010461,0.001666,-0.001211,-0.000189,0.000752,-0.002082
31.329974,-0.387337,0.331093,0.866996,-0.596894,-0.977595,0.568477,-0.444001,-0.037558,-0.206500,0.836576,-0.266705,-0.470956,0.359427,-0.223143,-1.229368,-0.019655,1.849224,-1.933054,-1.378459,1.229795,-1.518462,-0.044691,0.010400,0.000027,-0.000034,-0.000383,-0.000981,-0.002069
31.331021,-0.383352,0.330759,0.865754,-0.599764,-0.976601,0.568323,-0.443101,-0.038350,-0.205050,0.836049,-0.268605,-0.470554,0.359509,-0.223050,-1.229411,-0.019647,1.849224,-1.933060,-1.378458,1.229796,-1.518458,-0.043799,0.010104,0.000216,-0.001910,-0.000354,-0.001676,-0.000168
31.331958,-0.385325,0.330909,0.865999,-0.595715,-0.977800,0.568705,-0.444292,-0.038218,-0.204025,0.836536,-0.270467,-0.470118,0.359713,-0.222957,-1.229459,-0.019635,1.849226,-1.933054,-1.378460,1.229795,-1.518463,-0.045236,0.010139,0.000820,0.000839,-0.001334,-0.001507,-0.001987
31.332980,-0.385091,0.331033,0.867414,-0.598846,-0.977501,0.568920,-0.443459,-0.038221,-0.202766,0.837002,-0.272108,-0.469713,0.359931,-0.222885,-1.229499,-0.019627,1.849226,-1.933065,-1.378456,1.229795,-1.518455,-0.043734,0.009964,0.000690,-0.002998,-0.000160,-0.001890,0.000409
31.334018,-0.383182,0.327887,0.867417,-0.599686,-0.978001,0.568513,-0.443777,-0.039414,-0.200475,0.836350,-0.272755,-0.469474,0.360058,-0.222836,-1.229541,-0.019618,1.849224,-1.933060,-1.378456,1.229797,-1.518461,-0.043359,0.009784,-0.000002,0.000077,-0.000469,-0.002117,-0.001276
31.335065,-0.383090,0.328524,0.866984,-0.597609,-0.977346,0.568178,-0.444178,-0.041212,-0.198064,0.835171,-0.274000,-0.469200,0.360114,-0.222822,-1.229585,-0.019604,1.849224,-1.933059,-1.378455,1.229797,-1.518459,-0.043797,0.011208,0.000003,0.000862,0.000027,-0.001704,-0.000623
31.336029,-0.381273,0.329806,0.869488,-0.596047,-0.977342,0.567573,-0.442755,-0.042393,-0.196782,0.834686,-0.276671,-0.468756,0.360165,-0.222847,-1.229628,-0.019596,1.849224,-1.933065,-1.378457,1.229797,-1.518455,-0.043320,0.010773,0.000222,-0.001092,-0.000616,-0.001368,0.000161
31.336947,-0.380723,0.324146,0.870449,-0.598080,-0.977775,0.567862,-0.443771,-0.042879,-0.195837,0.834883,-0.278228,-0.468425,0.360222,-0.222899,-1.229673,-0.019586,1.849220,-1.933070,-1.378457,1.229795,-1.518463,-0.043702,0.010017,-0.000998,-0.002529,-0.000620,-0.000750,-0.002687
31.338169,-0.382697,0.324844,0.868811,-0.597660,-0.977143,0.567410,-0.443860,-0.041128,-0.195913,0.837207,-0.277968,-0.468238,0.360411,-0.222973,-1.229713,-0.019569,1.849219,-1.933065,-1.378458,1.229796,-1.518457,-0.043486,0.012670,-0.001450,-0.000583,-0.000173,-0.001057,-0.000629
31.338982,-0.381879,0.327718,0.872350,-0.599247,-0.978757,0.568895,-0.443912,-0.037066,-0.198042,0.841694,-0.277779,-0.467999,0.360718,-0.223051,-1.229753,-0.019559,1.849218,-1.933066,-1.378461,1.229796,-1.518459,-0.042005,0.012173,-0.000612,-0.000992,-0.000784,-0.000597,-0.000463
31.340012,-0.381705,0.324455,0.870895,-0.597597,-0.980152,0.568464,-0.443520,-0.033411,-0.200455,0.845613,-0.278674,-0.467675,0.360952,-0.223129,-1.229794,-0.019553,1.849212,-1.933062,-1.378456,1.229793,-1.518460,-0.041937,0.010656,-0.002334,0.000518,0.000799,-0.002083,-0.000356
31.340997,-0.384169,0.325285,0.873494,-0.598525,-0.977317,0.568404,-0.443538,-0.030790,-0.202034,0.848313,-0.280212,-0.467341,0.361117,-0.223213,-1.229834,-0.019537,1.849214,-1.933068,-1.378455,1.229796,-1.518462,-0.041539,0.012120,-0.001606,-0.001019,0.002185,-0.001647,-0.001138
31.341958,-0.383619,0.327537,0.868646,-0.598793,-0.977385,0.569252,-0.444441,-0.029006,-0.202974,0.849989,-0.281783,-0.467086,0.361221,-0.223296,-1.229871,-0.019529,1.849209,-1.933067,-1.378459,1.229796,-1.518462,-0.039853,0.011590,-0.002860,-0.000092,-0.000655,-0.001595,-0.001095
31.342993,-0.379721,0.325856,0.871650,-0.597093,-0.977362,0.568135,-0.443678,-0.030370,-0.201846,0.848401,-0.283691,-0.466934,0.361070,-0.223363,-1.229911,-0.019522,1.849214,-1.933067,-1.378456,1.229796,-1.518458,-0.039662,0.010372,-0.000467,0.000174,-0.000580,-0.002449,0.000711
31.343954,-0.378631,0.324011,0.869637,-0.596560,-0.978184,0.568853,-0.444528,-0.035317,-0.198011,0.843168,-0.285593,-0.466911,0.360640,-0.223416,-1.229957,-0.019509,1.849209,-1.933073,-1.378456,1.229797,-1.518462,-0.041071,0.011074,-0.001940,-0.001397,-0.000606,-0.001317,-0.000833
31.345059,-0.383444,0.326520,0.870089,-0.597267,-0.977237,0.568167,-0.443955,-0.039991,-0.193844,0.838086,-0.286045,-0.467061,0.360224,-0.223462,-1.229997,-0.019495,1.849210,-1.933076,-1.378456,1.229793,-1.518459,-0.041130,0.011834,-0.000924,-0.001859,0.000222,-0.002029,0.000886
31.345939,-0.379767,0.324999,0.870776,-0.597408,-0.978103,0.567643,-0.444083,-0.044484,-0.189571,0.833020,-0.284976,-0.467396,0.359800,-0.223512,-1.230029,-0.019488,1.849208,-1.933077,-1.378458,1.229794,-1.518459,-0.038303,0.010479,-0.001139,-0.001125,-0.000717,-0.001338,-0.000287
31.346975,-0.379746,0.326586,0.871259,-0.597887,-0.977529,0.567963,-0.444291,-0.051255,-0.183790,0.825551,-0.283482,-0.467864,0.359166,-0.223575,-1.230071,-0.019475,1.849206,-1.933077,-1.378456,1.229793,-1.518459,-0.039680,0.011095,-0.001461,-0.000971,0.000145,-0.000810,-0.000014
31.348003,-0.375565,0.320309,0.873076,-0.596978,-0.978752,0.567385,-0.442876,-0.058550,-0.177570,0.817495,-0.282266,-0.468317,0.358472,-0.223650,-1.230110,-0.019468,1.849204,-1.933076,-1.378459,1.229793,-1.518457,-0.039212,0.010202,-0.001677,-0.000525,-0.000421,-0.001138,0.000396
31.348970,-0.378407,0.319705,0.872694,-0.598692,-0.979616,0.566231,-0.444234,-0.062606,-0.173507,0.812639,-0.281342,-0.468635,0.358024,-0.223740,-1.230153,-0.019449,1.849199,-1.933078,-1.378454,1.229794,-1.518465,-0.040798,0.013157,-0.002537,-0.001386,0.000773,-0.000556,-0.002438
31.349946,-0.375469,0.316760,0.870438,-0.598160,-0.979436,0.566262,-0.443881,-0.061186,-0.173763,0.813207,-0.280984,-0.468757,0.357977,-0.223842,-1.230188,-0.019436,1.849199,-1.933076,-1.378455,1.229795,-1.518460,-0.038926,0.013269,-0.002332,0.000292,0.001641,0.000598,0.000316
31.351047,-0.377262,0.314171,0.868265,-0.596763,-0.979043,0.566793,-0.443694,-0.056218,-0.177655,0.817299,-0.281921,-0.468697,0.358151,-0.223936,-1.230230,-0.019419,1.849201,-1.933078,-1.378456,1.229793,-1.518462,-0.039918,0.014551,-0.001216,-0.000215,0.001463,0.000569,-0.000416
31.351990,-0.374469,0.318703,0.869682,-0.596823,-0.977913,0.566735,-0.445183,-0.050699,-0.183280,0.821939,-0.283539,-0.468614,0.358317,-0.224005,-1.230266,-0.019403,1.849203,-1.933083,-1.378458,1.229794,-1.518462,-0.038571,0.015657,-0.000154,-0.001503,0.001092,0.000024,-0.000787
31.352956,-0.373377,0.314803,0.867085,-0.596648,-0.978669,0.567166,-0.444026,-0.046254,-0.188775,0.825493,-0.284424,-0.468667,0.358385,-0.224026,-1.230306,-0.019394,1.849199,-1.933084,-1.378461,1.229794,-1.518458,-0.039505,0.013242,-0.000830,-0.001407,-0.000020,0.000089,0.002206
31.354011,-0.373371,0.316150,0.869475,-0.598021,-0.979862,0.566653,-0.445151,-0.043073,-0.192983,0.827781,-0.284234,-0.468837,0.358393,-0.223988,-1.230347,-0.019374,1.849202,-1.933084,-1.378457,1.229793,-1.518463,-0.039557,0.015000,0.000451,-0.001577,0.000718,-0.000339,-0.000139
31.355148,-0.373362,0.313817,0.870426,-0.597262,-0.978993,0.566205,-0.444162,-0.040451,-0.196369,0.829513,-0.283757,-0.469006,0.358406,-0.223916,-1.230386,-0.019360,1.849198,-1.933082,-1.378456,1.229795,-1.518455,-0.039081,0.014129,-0.000718,-0.000236,0.001907,0.000170,0.002123
31.355969,-0.374217,0.314985,0.869553,-0.597201,-0.978158,0.566330,-0.444361,-0.037641,-0.199637,0.831428,-0.283780,-0.469078,0.358460,-0.223837,-1.230423,-0.019343,1.849195,-1.933086,-1.378456,1.229797,-1.518460,-0.038638,0.015114,-0.001152,-0.000913,0.001016,0.000603,0.000123
31.356898,-0.372977,0.311219,0.870635,-0.598445,-0.978071,0.566337,-0.444487,-0.034824,-0.202568,0.833351,-0.284129,-0.469085,0.358515,-0.223774,-1.230459,-0.019331,1.849198,-1.933089,-1.378459,1.229797,-1.518460,-0.037776,0.014365,-0.000742,-0.000900,0.000213,0.000476,0.000544
31.357997,-0.372429,0.313701,0.870741,-0.596285,-0.978292,0.566537,-0.443680,-0.032515,-0.205026,0.834801,-0.284998,-0.469015,0.358512,-0.223742,-1.230498,-0.019312,1.849196,-1.933086,-1.378460,1.229793,-1.518459,-0.037947,0.016043,-0.001276,0.000286,0.000142,0.000489,0.000793
31.359060,-0.368414,0.312823,0.869549,-0.595742,-0.979089,0.566191,-0.444324,-0.029939,-0.207530,0.836569,-0.286281,-0.468850,0.358518,-0.223742,-1.230536,-0.019300,1.849194,-1.933092,-1.378459,1.229795,-1.518463,-0.037758,0.014627,-0.001300,-0.001764,0.000353,0.000279,-0.000823
31.360084,-0.369656,0.316327,0.863913,-0.596204,-0.976087,0.566797,-0.443753,-0.026372,-0.209893,0.839380,-0.286385,-0.468755,0.358614,-0.223758,-1.230576,-0.019284,1.849192,-1.933094,-1.378457,1.229795,-1.518459,-0.038880,0.015069,-0.001409,-0.001762,0.001480,0.000509,0.001004
31.360945,-0.366848,0.315099,0.860857,-0.594689,-0.976542,0.566430,-0.442624,-0.023247,-0.210937,0.841828,-0.285406,-0.468775,0.358712,-0.223775,-1.230609,-0.019273,1.849195,-1.933091,-1.378460,1.229792,-1.518459,-0.036825,0.013573,-0.000419,-0.000212,-0.000688,-0.000372,0.001115
31.362146,-0.362081,0.311150,0.854556,-0.594848,-0.975707,0.565871,-0.441659,-0.023498,-0.209185,0.841019,-0.284829,-0.468839,0.358591,-0.223814,-1.230647,-0.019257,1.849195,-1.933094,-1.378456,1.229794,-1.518460,-0.036942,0.014372,-0.000420,-0.000725,0.000472,-0.000249,-0.000080
31.362969,-0.360944,0.313708,0.852178,-0.590541,-0.974588,0.564851,-0.440817,-0.026355,-0.206015,0.837726,-0.285380,-0.468873,0.358295,-0.223889,-1.230685,-0.019236,1.849197,-1.933088,-1.378456,1.229795,-1.518461,-0.037680,0.016595,0.000602,0.000673,0.000607,-0.000033,-0.000505
31.364001,-0.358118,0.314605,0.848705,-0.591167,-0.973427,0.565096,-0.440606,-0.029440,-0.203459,0.834290,-0.286391,-0.468905,0.357979,-0.223990,-1.230721,-0.019223,1.849195,-1.933098,-1.378455,1.229797,-1.518463,-0.036993,0.015471,0.000356,-0.002532,0.000145,0.000751,-0.001159
31.365002,-0.356364,0.310365,0.843639,-0.589764,-0.971410,0.564361,-0.440292,-0.032882,-0.200722,0.830531,-0.286359,-0.469102,0.357626,-0.224084,-1.230758,-0.019209,1.849194,-1.933095,-1.378458,1.229796,-1.518463,-0.036941,0.015281,0.000284,-0.000780,-0.000139,0.000214,-0.000284
31.366024,-0.352452,0.311393,0.842041,-0.588822,-0.971728,0.563693,-0.439733,-0.036693,-0.197842,0.826415,-0.285884,-0.469371,0.357230,-0.224147,-1.230794,-0.019187,1.849196,-1.933095,-1.378462,1.229797,-1.518461,-0.036391,0.017576,0.001042,-0.001077,-0.001309,0.000674,0.000323
31.367132,-0.350899,0.311614,0.838407,-0.586799,-0.971381,0.563522,-0.438894,-0.039495,-0.196396,0.823287,-0.286052,-0.469530,0.356876,-0.224177,-1.230831,-0.019173,1.849194,-1.933095,-1.378460,1.229796,-1.518460,-0.036900,0.017278,0.000050,-0.000867,-0.000160,0.001061,0.000467
31.368127,-0.346970,0.311819,0.836992,-0.587210,-0.969782,0.563645,-0.438292,-0.040101,-0.196813,0.822281,-0.286360,-0.469586,0.356666,-0.224182,-1.230864,-0.019157,1.849194,-1.933099,-1.378458,1.229795,-1.518460,-0.036171,0.017437,-0.000075,-0.001559,0.000379,0.000922,0.000162
31.369032,-0.348428,0.313450,0.834489,-0.583930,-0.970080,0.563011,-0.437986,-0.038088,-0.198857,0.823804,-0.286719,-0.469532,0.356672,-0.224182,-1.230903,-0.019139,1.849190,-1.933096,-1.378460,1.229795,-1.518458,-0.036699,0.017524,-0.001080,-0.000089,-0.000397,0.000518,0.000189
31.370122,-0.346376,0.315031,0.827711,-0.584225,-0.969811,0.562777,-0.436735,-0.034090,-0.201782,0.827226,-0.287051,-0.469402,0.356875,-0.224190,-1.230933,-0.019122,1.849189,-1.933102,-1.378456,1.229795,-1.518458,-0.034693,0.016865,-0.001406,-0.002241,0.000612,0.000908,0.000706
31.370985,-0.341390,0.313807,0.827509,-0.581565,-0.969584,0.562168,-0.435750,-0.031684,-0.202966,0.829002,-0.286632,-0.469405,0.356996,-0.224207,-1.230966,-0.019107,1.849193,-1.933099,-1.378455,1.229795,-1.518460,-0.034260,0.016338,0.000037,-0.000771,0.001227,0.000833,-0.000448
31.371930,-0.337730,0.312265,0.824312,-0.582458,-0.967632,0.562481,-0.436240,-0.032043,-0.201677,0.828004,-0.285315,-0.469611,0.356938,-0.224241,-1.231004,-0.019089,1.849189,-1.933104,-1.378456,1.229797,-1.518464,-0.035455,0.017093,-0.001361,-0.002363,0.001709,0.001196,-0.001326
31.372955,-0.336814,0.314288,0.819037,-0.580622,-0.968507,0.563817,-0.434461,-0.030854,-0.201012,0.828544,-0.283690,-0.469812,0.357037,-0.224287,-1.231039,-0.019068,1.849187,-1.933103,-1.378458,1.229796,-1.518458,-0.035924,0.017998,-0.001391,-0.000405,0.000529,0.000614,0.000835
31.374022,-0.334792,0.314748,0.816556,-0.582428,-0.965924,0.562772,-0.434683,-0.026919,-0.202082,0.831832,-0.282694,-0.469857,0.357397,-0.224333,-1.231074,-0.019052,1.849189,-1.933107,-1.378452,1.229792,-1.518463,-0.034937,0.017200,-0.000571,-0.001019,0.002218,-0.000995,-0.001471
31.375095,-0.332098,0.313217,0.810617,-0.578446,-0.965581,0.562591,-0.433327,-0.023272,-0.203029,0.834885,-0.283366,-0.469719,0.357789,-0.224389,-1.231108,-0.019035,1.849185,-1.933100,-1.378458,1.229796,-1.518459,-0.034491,0.017209,-0.001176,0.001849,0.000533,-0.000246,0.000322
31.376112,-0.328997,0.314236,0.805202,-0.577201,-0.964609,0.561785,-0.433654,-0.021235,-0.203109,0.836409,-0.285881,-0.469420,0.358076,-0.224454,-1.231141,-0.019014,1.849186,-1.933106,-1.378457,1.229795,-1.518463,-0.034380,0.018173,-0.000091,-0.000837,0.001073,-0.000372,-0.001069
31.376961,-0.328537,0.308254,0.805874,-0.575313,-0.964912,0.560745,-0.432724,-0.021141,-0.202038,0.836067,-0.288391,-0.469196,0.358188,-0.224514,-1.231175,-0.018999,1.849187,-1.933106,-1.378460,1.229796,-1.518458,-0.034513,0.017881,0.000806,-0.000915,0.000959,0.000155,0.000862
31.378040,-0.326017,0.310459,0.800621,-0.575342,-0.962276,0.560487,-0.431531,-0.021918,-0.200642,0.834881,-0.289474,-0.469178,0.358174,-0.224560,-1.231206,-0.018970,1.849183,-1.933112,-1.378457,1.229797,-1.518459,-0.033519,0.020906,-0.000995,-0.001724,0.001937,0.000950,0.000036
31.378947,-0.325485,0.312763,0.795048,-0.575183,-0.961430,0.561380,-0.431185,-0.021476,-0.200777,0.834914,-0.289772,-0.469222,0.358175,-0.224613,-1.231241,-0.018952,1.849184,-1.933111,-1.378459,1.229797,-1.518462,-0.033305,0.019986,-0.000262,-0.000491,0.000174,0.000902,-0.001002
31.379980,-0.320401,0.311400,0.794980,-0.571636,-0.959782,0.561437,-0.430492,-0.021949,-0.200895,0.834097,-0.290604,-0.469217,0.358049,-0.224690,-1.231271,-0.018937,1.849186,-1.933109,-1.378457,1.229796,-1.518461,-0.032298,0.019020,0.000914,0.000325,0.000070,-0.000250,-0.000556
31.381067,-0.318515,0.311873,0.791196,-0.572433,-0.960244,0.561255,-0.430205,-0.024559,-0.199481,0.831229,-0.291786,-0.469194,0.357762,-0.224778,-1.231308,-0.018916,1.849181,-1.933116,-1.378461,1.229793,-1.518462,-0.033402,0.019894,-0.000846,-0.001942,-0.000704,-0.000567,-0.000659
31.381967,-0.316133,0.311745,0.786813,-0.570286,-0.959340,0.559527,-0.430236,-0.025865,-0.198384,0.829677,-0.292341,-0.469147,0.357627,-0.224855,-1.231338,-0.018897,1.849180,-1.933113,-1.378460,1.229793,-1.518460,-0.032886,0.019864,-0.000838,0.000036,0.000660,-0.000691,0.000122
31.382919,-0.317671,0.309682,0.782001,-0.569390,-0.959766,0.559607,-0.428658,-0.025266,-0.198199,0.830023,-0.292622,-0.469016,0.357676,-0.224920,-1.231370,-0.018878,1.849181,-1.933117,-1.378458,1.229795,-1.518455,-0.032812,0.020068,-0.000229,-0.001037,0.000455,0.000789,0.001287
31.384097,-0.312992,0.310105,0.778388,-0.568267,-0.958907,0.559111,-0.429056,-0.025772,-0.197472,0.829262,-0.292703,-0.468915,0.357628,-0.224984,-1.231396,-0.018856,1.849182,-1.933117,-1.378459,1.229797,-1.518462,-0.030770,0.021226,0.000488,-0.000836,0.001679,0.000418,-0.000689
31.384984,-0.312516,0.313764,0.776804,-0.565964,-0.957284,0.559402,-0.427349,-0.028860,-0.195695,0.825918,-0.292514,-0.468929,0.357351,-0.225049,-1.231431,-0.018836,1.849182,-1.933118,-1.378457,1.229797,-1.518456,-0.031551,0.021254,0.000211,-0.000633,0.001757,0.000590,0.001589
31.385914,-0.309209,0.311184,0.773525,-0.565072,-0.955461,0.559040,-0.426669,-0.033589,-0.192938,0.820920,-0.291784,-0.469052,0.356945,-0.225115,-1.231458,-0.018821,1.849180,-1.933122,-1.378456,1.229796,-1.518462,-0.030564,0.019580,-0.000540,-0.001861,0.000834,0.000049,-0.000745
31.386977,-0.308108,0.311011,0.770744,-0.564790,-0.952803,0.558607,-0.426890,-0.038639,-0.189277,0.815565,-0.289867,-0.469298,0.356541,-0.225191,-1.231489,-0.018798,1.849178,-1.933124,-1.378459,1.229796,-1.518462,-0.030938,0.021009,-0.000504,-0.001629,-0.000200,0.000158,-0.000925
31.388018,-0.309130,0.312117,0.765647,-0.563685,-0.952739,0.558505,-0.425807,-0.042713,-0.185982,0.811157,-0.287627,-0.469513,0.356231,-0.225273,-1.231518,-0.018777,1.849175,-1.933123,-1.378462,1.229796,-1.518458,-0.030078,0.021263,-0.000956,-0.000758,-0.001958,0.000294,0.000840
31.389002,-0.302145,0.309219,0.762960,-0.561009,-0.952552,0.558180,-0.424741,-0.046951,-0.182934,0.806585,-0.286302,-0.469576,0.355906,-0.225357,-1.231543,-0.018756,1.849176,-1.933123,-1.378460,1.229795,-1.518459,-0.028227,0.020870,-0.000237,-0.000695,-0.001167,0.000107,-0.000051
31.390053,-0.298663,0.312029,0.762799,-0.560912,-0.952280,0.557455,-0.424426,-0.054227,-0.178418,0.798562,-0.283677,-0.469544,0.355375,-0.225562,-1.231610,-0.018713,1.849168,-1.933126,-1.378459,1.229797,-1.518460,-0.030665,0.021229,-0.002324,-0.001111,0.000019,0.000585,-0.000265
31.391038,-0.300944,0.310431,0.756093,-0.560586,-0.950430,0.557458,-0.424295,-0.054227,-0.178418,0.798562,-0.283677,-0.469544,0.355375,-0.225562,-1.231610,-0.018713,1.849168,-1.933126,-1.378459,1.229797,-1.518460,-0.030665,0.021229,-0.002324,-0.001111,0.000019,0.000585,-0.000265
31.392029,-0.299068,0.315945,0.756516,-0.559523,-0.949787,0.557136,-0.423555,-0.052743,-0.179339,0.799550,-0.282116,-0.469350,0.355534,-0.225672,-1.231633,-0.018688,1.849171,-1.933126,-1.378460,1.229797,-1.518459,-0.028248,0.022148,-0.000709,-0.000326,-0.001028,0.000300,0.000695
31.392916,-0.296181,0.311079,0.749632,-0.556575,-0.947640,0.556193,-0.422480,-0.052261,-0.179490,0.799476,-0.281592,-0.469037,0.355610,-0.225793,-1.231659,-0.018672,1.849165,-1.933127,-1.378460,1.229796,-1.518459,-0.027910,0.019564,-0.002629,-0.000269,-0.000846,0.000354,0.000437
31.394108,-0.292532,0.315078,0.747500,-0.556157,-0.947683,0.556435,-0.422125,-0.054036,-0.177753,0.797118,-0.281205,-0.468749,0.355494,-0.225933,-1.231687,-0.018644,1.849166,-1.933133,-1.378464,1.229797,-1.518462,-0.028144,0.022074,-0.000726,-0.002095,-0.002242,0.001051,-0.000607
31.394983,-0.289313,0.313189,0.746652,-0.554016,-0.947450,0.557091,-0.420760,-0.056630,-0.175116,0.793937,-0.279868,-0.468574,0.355290,-0.226078,-1.231715,-0.018625,1.849162,-1.933132,-1.378459,1.229797,-1.518460,-0.028455,0.020292,-0.001744,-0.001182,-0.001254,0.000463,0.000176
31.396029,-0.289438,0.311308,0.743085,-0.555144,-0.946333,0.556355,-0.421577,-0.057733,-0.172962,0.792236,-0.277440,-0.468471,0.355212,-0.226211,-1.231745,-0.018600,1.849158,-1.933136,-1.378458,1.229797,-1.518465,-0.028838,0.021320,-0.002808,-0.002264,-0.000792,-0.000441,-0.001472
31.396933,-0.291461,0.311365,0.741416,-0.555551,-0.944625,0.557464,-0.419886,-0.055486,-0.172820,0.793852,-0.274789,-0.468311,0.355419,-0.226318,-1.231769,-0.018577,1.849157,-1.933132,-1.378458,1.229797,-1.518456,-0.027436,0.022417,-0.002843,-0.000021,-0.001057,0.000017,0.001474
31.397964,-0.285426,0.309229,0.737697,-0.553983,-0.945323,0.556703,-0.420678,-0.051740,-0.174603,0.796965,-0.274183,-0.467909,0.355735,-0.226395,-1.231792,-0.018555,1.849152,-1.933129,-1.378462,1.229792,-1.518463,-0.025253,0.022477,-0.003546,0.001304,-0.001998,-0.001333,-0.000808
31.398999,-0.283916,0.309605,0.733707,-0.551451,-0.945748,0.555366,-0.419353,-0.047889,-0.177799,0.800228,-0.276590,-0.467199,0.356051,-0.226447,-1.231821,-0.018529,1.849151,-1.933131,-1.378462,1.229794,-1.518456,-0.026934,0.023662,-0.003481,0.000925,-0.000430,-0.000855,0.002080
31.399942,-0.280674,0.310910,0.730487,-0.550211,-0.944229,0.555758,-0.418989,-0.042763,-0.182717,0.804824,-0.280128,-0.466368,0.356461,-0.226466,-1.231847,-0.018505,1.849148,-1.933135,-1.378459,1.229797,-1.518461,-0.026335,0.023601,-0.003273,-0.000354,0.000808,0.000180,0.000697
31.400925,-0.276974,0.306832,0.729269,-0.548437,-0.944505,0.555907,-0.418932,-0.036702,-0.188333,0.810380,-0.282633,-0.465670,0.356926,-0.226446,-1.231873,-0.018484,1.849147,-1.933136,-1.378460,1.229796,-1.518461,-0.026718,0.023072,-0.003309,-0.000512,0.000056,-0.000483,0.001159
31.401958,-0.275717,0.310085,0.724889,-0.547449,-0.943142,0.555082,-0.417675,-0.028958,-0.194716,0.817595,-0.283430,-0.465149,0.357518,-0.226388,-1.231900,-0.018455,1.849140,-1.933138,-1.378459,1.229793,-1.518458,-0.027270,0.025191,-0.004366,-0.001127,0.001139,-0.000891,0.002260
31.402957,-0.277397,0.308869,0.718155,-0.545260,-0.943047,0.554738,-0.416949,-0.018365,-0.202642,0.827617,-0.282727,-0.464746,0.358337,-0.226308,-1.231925,-0.018435,1.849137,-1.933139,-1.378460,1.229796,-1.518460,-0.026564,0.023708,-0.003942,-0.000938,0.000611,-0.000363,0.001017
31.404085,-0.276639,0.305554,0.717718,-0.543617,-0.940878,0.554342,-0.416189,-0.009223,-0.209259,0.836160,-0.280646,-0.464578,0.359014,-0.226235,-1.231946,-0.018409,1.849138,-1.933141,-1.378459,1.229797,-1.518460,-0.024467,0.024439,-0.002326,-0.001959,0.001335,-0.000307,0.000817
31.404958,-0.275080,0.306811,0.715306,-0.544067,-0.940562,0.553898,-0.415104,-0.005157,-0.212604,0.839604,-0.277238,-0.464749,0.359220,-0.226180,-1.231969,-0.018380,1.849131,-1.933144,-1.378461,1.229797,-1.518459,-0.023463,0.026213,-0.004046,-0.002275,0.000090,-0.000222,0.000693
31.405961,-0.271023,0.307780,0.708386,-0.543453,-0.939039,0.553815,-0.415602,-0.004089,-0.214451,0.840039,-0.273476,-0.465066,0.359112,-0.226142,-1.231993,-0.018355,1.849126,-1.933142,-1.378460,1.229796,-1.518463,-0.023107,0.025623,-0.004300,-0.000877,0.000500,-0.000016,-0.000381
31.407047,-0.269046,0.306540,0.707195,-0.542444,-0.938336,0.553137,-0.413230,-0.004754,-0.215390,0.838814,-0.270852,-0.465285,0.358823,-0.226105,-1.232019,-0.018331,1.849125,-1.933142,-1.378463,1.229796,-1.518457,-0.023837,0.025258,-0.002582,-0.000376,-0.000191,-0.000217,0.001872
31.408060,-0.270002,0.306357,0.705042,-0.541795,-0.938174,0.553986,-0.414184,-0.006955,-0.215220,0.836144,-0.269895,-0.465313,0.358400,-0.226063,-1.232041,-0.018303,1.849120,-1.933142,-1.378461,1.229797,-1.518467,-0.023471,0.025996,-0.003864,-0.000172,-0.000013,0.000158,-0.001541
31.408979,-0.268224,0.306375,0.702806,-0.541332,-0.937415,0.553432,-0.412847,-0.009288,-0.214789,0.833358,-0.270418,-0.465132,0.357975,-0.226009,-1.232060,-0.018277,1.849113,-1.933142,-1.378459,1.229792,-1.518459,-0.021753,0.026179,-0.004478,0.000327,0.000636,-0.000960,0.001659
31.409997,-0.265499,0.308272,0.700610,-0.537737,-0.935756,0.552960,-0.411963,-0.011492,-0.214263,0.830695,-0.272323,-0.464769,0.357593,-0.225931,-1.232080,-0.018251,1.849107,-1.933141,-1.378456,1.229794,-1.518462,-0.021504,0.026233,-0.004904,0.000869,0.000596,-0.000662,0.000093
31.411013,-0.262185,0.307683,0.696550,-0.538353,-0.934135,0.553043,-0.412004,-0.013374,-0.213253,0.828390,-0.274459,-0.464366,0.357289,-0.225831,-1.232102,-0.018227,1.849101,-1.933149,-1.378460,1.229794,-1.518463,-0.021608,0.025403,-0.005524,-0.001431,-0.000202,-0.000474,-0.000395
31.412067,-0.261972,0.303047,0.692989,-0.536923,-0.932844,0.552236,-0.410742,-0.014034,-0.211769,0.827364,-0.275553,-0.464024,0.357145,-0.225716,-1.232125,-0.018199,1.849098,-1.933145,-1.378460,1.229794,-1.518459,-0.021980,0.025789,-0.005246,0.000282,-0.000992,-0.000848,0.000952
31.412976,-0.263176,0.306051,0.688330,-0.535810,-0.933092,0.552067,-0.410667,-0.013063,-0.210803,0.828008,-0.276472,-0.463627,0.357181,-0.225597,-1.232145,-0.018166,1.849092,-1.933146,-1.378462,1.229796,-1.518459,-0.020788,0.028165,-0.005255,0.000031,-0.001401,-0.000336,-0.000283
31.413948,-0.259860,0.305207,0.686428,-0.534025,-0.932509,0.553407,-0.410017,-0.012533,-0.209932,0.828196,-0.277884,-0.463195,0.357193,-0.225490,-1.232160,-0.018142,1.849088,-1.933146,-1.378460,1.229796,-1.518459,-0.019099,0.026702,-0.004465,-0.000056,-0.000418,-0.000427,0.000718
31.415017,-0.259923,0.307671,0.683738,-0.533978,-0.932116,0.553381,-0.408780,-0.014803,-0.207273,0.825517,-0.278948,-0.462918,0.357003,-0.225394,-1.232181,-0.018112,1.849082,-1.933150,-1.378460,1.229792,-1.518457,-0.019570,0.027175,-0.005164,-0.000665,-0.000206,-0.002030,0.000607
31.415975,-0.257774,0.307185,0.682771,-0.530188,-0.930836,0.551964,-0.408565,-0.019084,-0.202705,0.820729,-0.279362,-0.462803,0.356723,-0.225306,-1.232196,-0.018087,1.849075,-1.933148,-1.378458,1.229791,-1.518463,-0.018285,0.026065,-0.005624,0.000435,0.000254,-0.002283,-0.000525
31.417012,-0.255457,0.305003,0.678033,-0.530416,-0.931071,0.551658,-0.407128,-0.023962,-0.196743,0.815216,-0.278749,-0.462838,0.356461,-0.225217,-1.232214,-0.018057,1.849067,-1.933153,-1.378461,1.229794,-1.518461,-0.018201,0.026355,-0.006734,-0.002178,-0.000224,-0.001141,0.000250
31.418065,-0.254181,0.306777,0.674547,-0.529125,-0.929756,0.550556,-0.407723,-0.028064,-0.190408,0.810341,-0.276465,-0.463042,0.356273,-0.225097,-1.232231,-0.018026,1.849063,-1.933151,-1.378457,1.229795,-1.518466,-0.018133,0.027512,-0.006122,-0.000797,0.000834,-0.001136,-0.001340
31.419018,-0.253206,0.305228,0.669418,-0.528958,-0.930026,0.551188,-0.406632,-0.031194,-0.184514,0.806351,-0.273383,-0.463312,0.356132,-0.224931,-1.232247,-0.018001,1.849055,-1.933151,-1.378462,1.229793,-1.518461,-0.017529,0.026735,-0.006146,-0.000922,0.000411,-0.000313,0.001180
31.420028,-0.249833,0.303628,0.665902,-0.526642,-0.929583,0.550592,-0.406657,-0.035159,-0.178322,0.801511,-0.270728,-0.463560,0.355886,-0.224714,-1.232261,-0.017971,1.849052,-1.933150,-1.378458,1.229791,-1.518462,-0.016905,0.027543,-0.005215,-0.000055,0.001444,-0.001213,0.000155
31.420981,-0.252979,0.304506,0.665235,-0.524895,-0.928474,0.549445,-0.405695,-0.040313,-0.171879,0.795479,-0.268638,-0.463788,0.355513,-0.224463,-1.232280,-0.017941,1.849046,-1.933154,-1.378460,1.229794,-1.518459,-0.017375,0.028402,-0.005173,-0.001166,0.001836,-0.000904,0.001471
31.422002,-0.248025,0.302768,0.661812,-0.524678,-0.928135,0.549634,-0.404468,-0.045956,-0.165548,0.788904,-0.266247,-0.464075,0.355066,-0.224200,-1.232288,-0.017912,1.849037,-1.933156,-1.378457,1.229795,-1.518459,-0.014729,0.027989,-0.006414,-0.001789,0.001467,-0.000028,0.000709
31.422963,-0.248312,0.301906,0.659083,-0.522698,-0.924560,0.548761,-0.405019,-0.051479,-0.159409,0.782379,-0.263245,-0.464426,0.354591,-0.223946,-1.232305,-0.017878,1.849030,-1.933154,-1.378458,1.229792,-1.518464,-0.016039,0.028882,-0.006411,-0.000881,0.001980,-0.000498,-0.000461
31.424082,-0.247988,0.300191,0.655413,-0.522829,-0.923509,0.547988,-0.403401,-0.055487,-0.154408,0.777349,-0.260324,-0.464710,0.354205,-0.223704,-1.232317,-0.017848,1.849022,-1.933157,-1.378463,1.229795,-1.518459,-0.014768,0.029335,-0.006639,-0.001747,-0.000790,0.000104,0.001853
31.425003,-0.246588,0.296872,0.654349,-0.521339,-0.922631,0.548588,-0.403176,-0.058120,-0.150730,0.773709,-0.258183,-0.464838,0.353878,-0.223468,-1.232328,-0.017814,1.849014,-1.933155,-1.378463,1.229797,-1.518464,-0.013691,0.030250,-0.006682,-0.000388,-0.000904,0.000549,-0.000015
31.425980,-0.247359,0.294762,0.649818,-0.521220,-0.922089,0.546876,-0.402579,-0.059569,-0.148675,0.771269,-0.257502,-0.464728,0.353582,-0.223245,-1.232341,-0.017778,1.849005,-1.933157,-1.378460,1.229795,-1.518461,-0.013339,0.031852,-0.007672,-0.000814,-0.001051,-0.000309,0.000694
31.427107,-0.243152,0.296515,0.648016,-0.518885,-0.921061,0.547218,-0.401476,-0.059299,-0.148974,0.770555,-0.258506,-0.464358,0.353357,-0.223034,-1.232349,-0.017743,1.849000,-1.933155,-1.378460,1.229797,-1.518461,-0.011874,0.032885,-0.007052,0.000125,-0.000797,0.001138,0.000709
31.428045,-0.245197,0.292795,0.644722,-0.516599,-0.919436,0.547656,-0.400945,-0.057870,-0.150929,0.771011,-0.260611,-0.463837,0.353163,-0.222839,-1.232365,-0.017712,1.848990,-1.933157,-1.378460,1.229794,-1.518462,-0.012696,0.032081,-0.008025,-0.000916,-0.000900,0.000480,-0.000102
31.429000,-0.241961,0.292292,0.640920,-0.517282,-0.919487,0.547308,-0.399763,-0.055424,-0.153617,0.772482,-0.262302,-0.463352,0.353036,-0.222660,-1.232371,-0.017674,1.848983,-1.933161,-1.378462,1.229795,-1.518460,-0.010636,0.033886,-0.007930,-0.002042,-0.001751,-0.000225,0.000005
31.430033,-0.240795,0.291698,0.639069,-0.515093,-0.917422,0.547074,-0.399599,-0.052408,-0.156711,0.774510,-0.263173,-0.462973,0.352980,-0.222498,-1.232383,-0.017638,1.848975,-1.933158,-1.378461,1.229795,-1.518466,-0.011193,0.034085,-0.007615,-0.000348,-0.000910,-0.000136,-0.001161
31.430941,-0.240137,0.293752,0.638385,-0.515224,-0.918807,0.546575,-0.399013,-0.048909,-0.160259,0.777005,-0.264064,-0.462590,0.353003,-0.222351,-1.232391,-0.017605,1.848965,-1.933160,-1.378464,1.229795,-1.518464,-0.010651,0.034400,-0.008405,-0.001355,-0.002121,-0.000191,-0.000189
31.431945,-0.240410,0.287427,0.633453,-0.512174,-0.917602,0.547729,-0.398652,-0.044453,-0.163958,0.780412,-0.265032,-0.462149,0.353155,-0.222185,-1.232400,-0.017574,1.848954,-1.933160,-1.378461,1.229796,-1.518465,-0.009972,0.033358,-0.009529,-0.000185,0.000009,0.000052,-0.000240
31.433025,-0.237675,0.286986,0.628746,-0.513464,-0.917721,0.546378,-0.397622,-0.039496,-0.167436,0.784258,-0.265634,-0.461719,0.353408,-0.221973,-1.232406,-0.017531,1.848948,-1.933165,-1.378463,1.229792,-1.518463,-0.008762,0.036460,-0.008741,-0.002032,-0.000377,-0.001375,0.000286
31.434048,-0.237678,0.284866,0.625095,-0.510262,-0.917151,0.547161,-0.397808,-0.034771,-0.171130,0.787837,-0.266117,-0.461327,0.353679,-0.221706,-1.232415,-0.017493,1.848941,-1.933159,-1.378460,1.229795,-1.518464,-0.008967,0.036637,-0.008209,0.000379,0.000607,-0.000318,-0.000441
31.435103,-0.235338,0.283720,0.624240,-0.511674,-0.915813,0.545983,-0.396627,-0.031032,-0.175032,0.790430,-0.267017,-0.460948,0.353884,-0.221394,-1.232421,-0.017453,1.848934,-1.933165,-1.378456,1.229792,-1.518459,-0.007873,0.037644,-0.008099,-0.001582,0.000827,-0.001393,0.001208
31.436095,-0.232861,0.284459,0.617133,-0.510004,-0.914927,0.545419,-0.395843,-0.027799,-0.179274,0.792519,-0.268491,-0.460546,0.354059,-0.221065,-1.232430,-0.017414,1.848923,-1.933159,-1.378457,1.229795,-1.518463,-0.007903,0.038171,-0.009409,0.000922,0.000350,-0.000505,0.000145
31.436998,-0.232128,0.285400,0.616952,-0.507912,-0.913226,0.545289,-0.396056,-0.024525,-0.184012,0.794669,-0.271144,-0.460024,0.354235,-0.220755,-1.232436,-0.017378,1.848918,-1.933161,-1.378457,1.229795,-1.518461,-0.008080,0.037765,-0.007510,0.000375,0.000284,-0.000223,-0.000190
31.437975,-0.232315,0.285287,0.612866,-0.507684,-0.912994,0.543883,-0.395033,-0.022302,-0.187868,0.795805,-0.274284,-0.459474,0.354327,-0.220469,-1.232442,-0.017342,1.848904,-1.933163,-1.378461,1.229792,-1.518460,-0.007474,0.037231,-0.008881,-0.000661,-0.000649,-0.000332,0.001373
31.439160,-0.229849,0.285829,0.610169,-0.506723,-0.911462,0.544366,-0.393269,-0.022054,-0.189603,0.794970,-0.276649,-0.459060,0.354275,-0.220192,-1.232447,-0.017304,1.848896,-1.933163,-1.378459,1.229796,-1.518461,-0.006354,0.037234,-0.008444,0.000227,-0.000095,0.000786,0.000521
31.439927,-0.231638,0.282098,0.609188,-0.505467,-0.910747,0.545552,-0.393596,-0.023964,-0.189136,0.791983,-0.278654,-0.458739,0.354057,-0.219936,-1.232453,-0.017268,1.848887,-1.933162,-1.378460,1.229794,-1.518465,-0.006355,0.037010,-0.009084,0.000552,-0.000653,-0.000033,-0.001526
31.440981,-0.229724,0.282240,0.606358,-0.504324,-0.910850,0.544458,-0.392170,-0.026928,-0.187564,0.787960,-0.280745,-0.458444,0.353771,-0.219704,-1.232455,-0.017225,1.848876,-1.933163,-1.378461,1.229791,-1.518462,-0.004661,0.038686,-0.009805,0.000189,-0.000728,-0.001424,0.000103
31.442062,-0.226954,0.282029,0.602442,-0.503151,-0.909588,0.543135,-0.392207,-0.029552,-0.186230,0.784286,-0.282679,-0.458184,0.353533,-0.219473,-1.232458,-0.017188,1.848865,-1.933164,-1.378462,1.229794,-1.518466,-0.004551,0.038585,-0.010120,0.000244,0.000255,-0.000620,-0.001455
31.442940,-0.226024,0.276670,0.594725,-0.502294,-0.910471,0.542945,-0.391563,-0.031437,-0.185428,0.781373,-0.284214,-0.457969,0.353348,-0.219228,-1.232465,-0.017149,1.848856,-1.933164,-1.378460,1.229796,-1.518462,-0.004784,0.038666,-0.009952,0.000286,-0.000154,0.000392,-0.000023
31.444004,-0.227752,0.278258,0.595344,-0.501002,-0.908035,0.543086,-0.390545,-0.033297,-0.185034,0.778531,-0.285500,-0.457796,0.353118,-0.218962,-1.232469,-0.017102,1.848855,-1.933164,-1.378457,1.229796,-1.518461,-0.004327,0.041168,-0.007596,0.000415,0.001435,0.000330,-0.000238
31.444942,-0.224363,0.274216,0.589400,-0.499208,-0.906908,0.543351,-0.390786,-0.036527,-0.184715,0.774339,-0.286809,-0.457693,0.352720,-0.218680,-1.232466,-0.017064,1.848840,-1.933166,-1.378459,1.229795,-1.518464,-0.002425,0.040321,-0.009649,0.000365,-0.000148,-0.000108,-0.000942
31.445939,-0.223098,0.275307,0.587564,-0.497885,-0.905042,0.542293,-0.389789,-0.040881,-0.184411,0.769001,-0.287930,-0.457680,0.352215,-0.218377,-1.232472,-0.017019,1.848833,-1.933167,-1.378460,1.229792,-1.518460,-0.003155,0.042209,-0.008205,-0.000369,-0.000487,-0.000616,0.000711
31.447062,-0.221857,0.272705,0.583234,-0.495149,-0.905494,0.540913,-0.389373,-0.044954,-0.184598,0.763902,-0.288369,-0.457764,0.351742,-0.218053,-1.232474,-0.016979,1.848821,-1.933167,-1.378463,1.229794,-1.518461,-0.002757,0.041567,-0.008925,-0.000564,-0.001513,0.000163,-0.000064
31.448014,-0.224418,0.275743,0.581277,-0.495329,-0.904334,0.540510,-0.389306,-0.048222,-0.185217,0.759538,-0.287463,-0.457992,0.351330,-0.217734,-1.232475,-0.016934,1.848812,-1.933171,-1.378457,1.229796,-1.518459,-0.002253,0.042799,-0.008614,-0.001959,-0.000174,0.001218,0.000505
31.448953,-0.219316,0.275085,0.578965,-0.494206,-0.902379,0.540555,-0.387778,-0.052235,-0.184923,0.754355,-0.285038,-0.458418,0.350835,-0.217448,-1.232472,-0.016895,1.848802,-1.933170,-1.378460,1.229797,-1.518458,-0.000052,0.041177,-0.009196,-0.000729,-0.000544,0.001341,0.001559
31.449983,-0.216709,0.274345,0.576551,-0.493386,-0.902822,0.540326,-0.387178,-0.057870,-0.182786,0.747513,-0.282062,-0.458921,0.350200,-0.217214,-1.232478,-0.016854,1.848792,-1.933170,-1.378462,1.229796,-1.518461,-0.001643,0.041406,-0.009574,-0.000813,-0.001718,0.001038,-0.000348
31.451060,-0.216029,0.272978,0.573148,-0.492966,-0.903334,0.540290,-0.385946,-0.062188,-0.180456,0.741958,-0.279282,-0.459290,0.349686,-0.217046,-1.232481,-0.016810,1.848782,-1.933170,-1.378461,1.229796,-1.518462,-0.001880,0.041671,-0.010064,-0.000475,-0.000422,0.000982,-0.000242
31.452004,-0.216257,0.272227,0.568499,-0.492628,-0.902822,0.539106,-0.386151,-0.063133,-0.179576,0.739710,-0.277080,-0.459430,0.349466,-0.216932,-1.232481,-0.016768,1.848772,-1.933170,-1.378459,1.229795,-1.518465,-0.001142,0.042290,-0.010139,0.000318,0.000954,0.000720,-0.001368
31.453033,-0.215453,0.268053,0.565619,-0.490600,-0.900873,0.539461,-0.384528,-0.062728,-0.179466,0.738712,-0.276128,-0.459349,0.349367,-0.216843,-1.232479,-0.016723,1.848763,-1.933166,-1.378460,1.229796,-1.518461,-0.000114,0.042514,-0.009352,0.000958,0.001216,0.001648,0.000225
31.454013,-0.213101,0.268303,0.559280,-0.487953,-0.901507,0.540653,-0.384445,-0.062973,-0.179414,0.736947,-0.276501,-0.459116,0.349201,-0.216750,-1.232477,-0.016674,1.848753,-1.933168,-1.378463,1.229794,-1.518466,0.000479,0.044451,-0.009620,0.000110,0.000119,0.000999,-0.001758
31.455127,-0.211463,0.268256,0.557496,-0.487074,-0.899897,0.539899,-0.384282,-0.063990,-0.179422,0.734294,-0.276830,-0.458910,0.348972,-0.216636,-1.232477,-0.016631,1.848747,-1.933173,-1.378458,1.229795,-1.518462,0.000265,0.044184,-0.008085,-0.001339,0.001528,-0.000479,-0.000692
31.456102,-0.207405,0.264163,0.554233,-0.487526,-0.898741,0.540290,-0.383947,-0.065700,-0.178967,0.730846,-0.275764,-0.458889,0.348721,-0.216477,-1.232475,-0.016587,1.848736,-1.933173,-1.378460,1.229795,-1.518461,0.000532,0.044138,-0.009042,-0.000948,0.000830,-0.000021,0.000367
31.457008,-0.206581,0.266936,0.552907,-0.484347,-0.897073,0.539707,-0.383456,-0.066199,-0.179157,0.728537,-0.274263,-0.458869,0.348606,-0.216275,-1.232477,-0.016537,1.848726,-1.933169,-1.378462,1.229791,-1.518461,-0.000524,0.045995,-0.009003,0.000516,0.000489,-0.000668,0.000904
31.458005,-0.204878,0.268580,0.548040,-0.483796,-0.896137,0.539965,-0.382651,-0.063210,-0.181443,0.729669,-0.273172,-0.458667,0.348808,-0.216055,-1.232475,-0.016495,1.848715,-1.933175,-1.378463,1.229794,-1.518461,-0.000050,0.044438,-0.009807,-0.001548,-0.000434,-0.000346,0.001043
31.459111,-0.202151,0.265614,0.543242,-0.483555,-0.895840,0.538945,-0.382143,-0.058373,-0.183828,0.732635,-0.271358,-0.458437,0.349224,-0.215840,-1.232474,-0.016451,1.848707,-1.933173,-1.378461,1.229791,-1.518459,0.000073,0.043507,-0.009018,-0.000999,-0.000563,-0.000871,0.000660
31.460082,-0.201540,0.261648,0.537289,-0.481785,-0.895828,0.538996,-0.381349,-0.054226,-0.184519,0.734934,-0.268990,-0.458227,0.349650,-0.215649,-1.232476,-0.016404,1.848697,-1.933171,-1.378461,1.229796,-1.518458,-0.000182,0.044892,-0.008450,-0.000047,0.000048,-0.000177,0.001023
31.460978,-0.196462,0.261110,0.533061,-0.480936,-0.894083,0.539956,-0.379769,-0.051238,-0.184462,0.736076,-0.267352,-0.457938,0.349991,-0.215499,-1.232474,-0.016354,1.848691,-1.933173,-1.378460,1.229793,-1.518459,0.000751,0.046833,-0.007560,-0.000370,0.000831,-0.000384,0.000603
31.462070,-0.196930,0.261358,0.527155,-0.478512,-0.893605,0.540436,-0.379442,-0.048464,-0.185136,0.736940,-0.266864,-0.457525,0.350286,-0.215409,-1.232477,-0.016306,1.848682,-1.933171,-1.378459,1.229792,-1.518464,-0.000317,0.047185,-0.007859,0.000401,-0.000188,-0.001374,-0.001510
31.463002,-0.193514,0.260208,0.522387,-0.477016,-0.892929,0.539591,-0.378257,-0.045302,-0.186756,0.738101,-0.267451,-0.456983,0.350598,-0.215380,-1.232471,-0.016259,1.848674,-1.933173,-1.378459,1.229791,-1.518462,0.001660,0.047309,-0.007872,0.000036,0.000264,-0.001876,-0.000872
31.463953,-0.191231,0.258366,0.513722,-0.473949,-0.893006,0.539601,-0.378863,-0.042705,-0.188354,0.738605,-0.268682,-0.456406,0.350855,-0.215382,-1.232471,-0.016210,1.848665,-1.933174,-1.378459,1.229795,-1.518465,0.001441,0.048007,-0.007983,0.000287,0.000364,-0.001070,-0.002163
31.465049,-0.186977,0.258834,0.510054,-0.472734,-0.892435,0.538282,-0.377189,-0.041586,-0.189330,0.737541,-0.269772,-0.455941,0.350958,-0.215371,-1.232469,-0.016160,1.848661,-1.933176,-1.378458,1.229795,-1.518460,0.001833,0.049044,-0.006250,-0.000980,0.001237,-0.001114,0.000174
31.466003,-0.181945,0.261938,0.506574,-0.470099,-0.892297,0.538622,-0.378225,-0.041793,-0.189739,0.735057,-0.270114,-0.455659,0.350901,-0.215312,-1.232469,-0.016113,1.848648,-1.933174,-1.378460,1.229797,-1.518464,0.001485,0.049050,-0.007358,-0.000195,0.001592,0.000169,-0.001923
31.467008,-0.178342,0.259627,0.499326,-0.468199,-0.890789,0.537811,-0.376887,-0.041330,-0.190129,0.733153,-0.269514,-0.455486,0.350865,-0.215195,-1.232470,-0.016067,1.848638,-1.933176,-1.378459,1.229796,-1.518461,0.000539,0.047652,-0.008171,-0.001029,0.002251,-0.000207,0.001300
31.468093,-0.176678,0.261591,0.491602,-0.467680,-0.889507,0.537284,-0.376407,-0.038461,-0.190925,0.733581,-0.267739,-0.455371,0.351015,-0.215017,-1.232470,-0.016015,1.848635,-1.933176,-1.378459,1.229797,-1.518462,0.000383,0.048962,-0.007304,-0.001061,0.001575,0.000574,-0.000245
31.469083,-0.171621,0.260958,0.487230,-0.464255,-0.887752,0.538057,-0.376982,-0.035030,-0.191373,0.734522,-0.265579,-0.455295,0.351187,-0.214788,-1.232467,-0.015969,1.848631,-1.933172,-1.378458,1.229799,-1.518464,0.001290,0.048217,-0.006426,0.000350,0.001188,0.001056,0.000086
31.469989,-0.170396,0.258933,0.482367,-0.463658,-0.886303,0.537721,-0.375672,-0.032915,-0.190667,0.734096,-0.263862,-0.455224,0.351217,-0.214516,-1.232467,-0.015921,1.848622,-1.933176,-1.378461,1.229796,-1.518459,0.000357,0.048712,-0.006923,-0.001178,0.000286,0.000259,0.002390
31.471047,-0.163890,0.261309,0.477089,-0.462024,-0.885993,0.537594,-0.374707,-0.030877,-0.189736,0.733520,-0.262383,-0.455127,0.351221,-0.214216,-1.232463,-0.015869,1.848615,-1.933174,-1.378463,1.229797,-1.518462,0.001193,0.049788,-0.006939,-0.000124,-0.000380,0.000574,0.000797
31.472069,-0.164436,0.256697,0.471279,-0.459225,-0.884977,0.538693,-0.374169,-0.027498,-0.189721,0.734232,-0.261524,-0.454895,0.351331,-0.213934,-1.232466,-0.015820,1.848608,-1.933174,-1.378462,1.229797,-1.518462,-0.000326,0.048782,-0.007183,0.000193,0.000195,0.000661,0.000112
31.472931,-0.158843,0.260082,0.462803,-0.458574,-0.884864,0.538477,-0.373094,-0.022655,-0.190824,0.736372,-0.261330,-0.454518,0.351575,-0.213693,-1.232460,-0.015764,1.848602,-1.933176,-1.378460,1.229794,-1.518461,0.001580,0.051224,-0.007060,-0.000676,0.000013,-0.000457,0.000230
31.474047,-0.152896,0.259670,0.457711,-0.456548,-0.882664,0.537861,-0.373099,-0.018042,-0.192183,0.738257,-0.261337,-0.454119,0.351830,-0.213494,-1.232462,-0.015719,1.848601,-1.933174,-1.378459,1.229796,-1.518463,0.000179,0.049592,-0.005209,0.000237,0.000618,-0.000267,-0.000918
31.475039,-0.151981,0.257378,0.449742,-0.453440,-0.883600,0.539293,-0.371622,-0.014692,-0.192843,0.738887,-0.261673,-0.453693,0.352012,-0.213338,-1.232465,-0.015668,1.848596,-1.933174,-1.378462,1.229796,-1.518461,-0.000932,0.050049,-0.005747,0.000267,-0.000638,0.000314,0.000408
31.475972,-0.147661,0.258414,0.445233,-0.452173,-0.882875,0.539184,-0.371868,-0.011794,-0.193111,0.739032,-0.261972,-0.453232,0.352186,-0.213219,-1.232462,-0.015613,1.848592,-1.933178,-1.378460,1.229793,-1.518463,0.000209,0.051286,-0.004478,-0.000926,0.001143,-0.001150,-0.001413
31.476986,-0.147614,0.258557,0.439342,-0.451143,-0.881043,0.539152,-0.371320,-0.009661,-0.192972,0.738314,-0.261459,-0.452858,0.352336,-0.213115,-1.232462,-0.015563,1.848584,-1.933178,-1.378458,1.229796,-1.518461,-0.000452,0.050848,-0.004758,-0.000450,0.001160,-0.001073,0.000191
31.477978,-0.145010,0.253319,0.433210,-0.450175,-0.878722,0.540358,-0.370262,-0.009171,-0.191806,0.735869,-0.260596,-0.452552,0.352391,-0.212995,-1.232457,-0.015513,1.848580,-1.933176,-1.378462,1.229794,-1.518464,0.001147,0.050942,-0.004601,0.000358,0.000207,-0.001057,0.000277
31.478939,-0.137302,0.253612,0.430799,-0.445731,-0.878852,0.539921,-0.370307,-0.010565,-0.189988,0.731529,-0.260903,-0.452148,0.352305,-0.212841,-1.232455,-0.015451,1.848577,-1.933174,-1.378467,1.229793,-1.518467,0.001427,0.053594,-0.004275,0.001186,-0.001239,-0.002301,-0.000680
31.480017,-0.135475,0.250920,0.420994,-0.444852,-0.879230,0.539389,-0.369508,-0.010652,-0.189915,0.728547,-0.262124,-0.451578,0.352324,-0.212631,-1.232461,-0.015397,1.848570,-1.933179,-1.378462,1.229794,-1.518464,-0.000822,0.053481,-0.005683,-0.001405,-0.000333,-0.001885,0.000537
31.480940,-0.131049,0.252625,0.413840,-0.442618,-0.877779,0.539354,-0.369439,-0.006506,-0.192998,0.729867,-0.262523,-0.450964,0.352674,-0.212339,-1.232459,-0.015340,1.848568,-1.933175,-1.378460,1.229797,-1.518465,0.000033,0.054970,-0.003752,-0.000347,0.000927,-0.001399,0.000188
31.481953,-0.131957,0.253072,0.409517,-0.441482,-0.876996,0.538601,-0.368731,-0.001033,-0.197237,0.732606,-0.261973,-0.450428,0.353102,-0.211977,-1.232460,-0.015285,1.848565,-1.933176,-1.378461,1.229796,-1.518462,-0.000675,0.054135,-0.002726,-0.000854,0.000241,-0.001390,0.001125
31.482964,-0.130472,0.249392,0.402618,-0.439966,-0.876162,0.537739,-0.367695,0.001872,-0.199874,0.732869,-0.261128,-0.450013,0.353293,-0.211579,-1.232456,-0.015230,1.848561,-1.933174,-1.378459,1.229796,-1.518459,0.001410,0.054017,-0.003374,-0.000150,0.000298,-0.000661,0.000868
31.483941,-0.124890,0.251367,0.395902,-0.436530,-0.876513,0.537706,-0.367456,0.000643,-0.199984,0.729069,-0.260659,-0.449702,0.353109,-0.211186,-1.232453,-0.015171,1.848558,-1.933171,-1.378461,1.229798,-1.518461,0.002263,0.055923,-0.002709,0.000123,0.000327,0.000157,-0.000028
31.484964,-0.119523,0.249693,0.386874,-0.435237,-0.874875,0.537696,-0.366783,-0.004279,-0.198093,0.721676,-0.260413,-0.449532,0.352575,-0.210825,-1.232454,-0.015117,1.848555,-1.933174,-1.378457,1.229800,-1.518457,0.001058,0.054995,-0.002047,-0.001450,0.001468,0.000142,0.000636
31.486035,-0.116356,0.248746,0.387047,-0.432551,-0.872667,0.537095,-0.366390,-0.011240,-0.194745,0.712365,-0.259376,-0.449581,0.351846,-0.210513,-1.232456,-0.015060,1.848557,-1.933174,-1.378458,1.229798,-1.518458,0.000065,0.055927,-0.000411,-0.000824,0.000682,0.000133,0.000477
31.486918,-0.115296,0.247393,0.380632,-0.431843,-0.872218,0.536673,-0.365272,-0.017105,-0.191678,0.704215,-0.257672,-0.449713,0.351194,-0.210264,-1.232456,-0.015002,1.848549,-1.933177,-1.378462,1.229797,-1.518458,0.000240,0.056511,-0.003444,-0.001482,-0.000597,0.000712,0.000946
31.487930,-0.113333,0.250858,0.374700,-0.430023,-0.869743,0.536781,-0.365420,-0.019122,-0.190753,0.699903,-0.256002,-0.449728,0.350836,-0.210077,-1.232453,-0.014945,1.848547,-1.933174,-1.378463,1.229797,-1.518461,0.001131,0.057160,-0.002656,-0.000602,-0.000282,0.001107,-0.000265
31.488931,-0.107886,0.246524,0.369845,-0.428431,-0.870012,0.538201,-0.364085,-0.019537,-0.190438,0.697191,-0.254939,-0.449597,0.350602,-0.209931,-1.232451,-0.014893,1.848544,-1.933174,-1.378466,1.229797,-1.518458,0.001764,0.055543,-0.002492,-0.000562,-0.001903,0.000962,0.001225
31.490040,-0.104830,0.247066,0.364427,-0.426066,-0.868677,0.537789,-0.363441,-0.020108,-0.189459,0.694352,-0.254715,-0.449323,0.350390,-0.209804,-1.232453,-0.014831,1.848542,-1.933174,-1.378463,1.229793,-1.518464,0.000676,0.057753,-0.002838,-0.000301,-0.000798,-0.000477,-0.000283
31.491031,-0.103464,0.246875,0.355398,-0.424358,-0.868437,0.536938,-0.363573,-0.018490,-0.189556,0.693724,-0.255123,-0.448865,0.350418,-0.209676,-1.232450,-0.014773,1.848539,-1.933176,-1.378464,1.229796,-1.518463,0.000944,0.057591,-0.003206,-0.000569,-0.001203,-0.000098,-0.000265
31.491947,-0.099797,0.245518,0.350248,-0.422887,-0.866780,0.536707,-0.362178,-0.015711,-0.190323,0.694293,-0.255793,-0.448321,0.350583,-0.209520,-1.232450,-0.014715,1.848542,-1.933176,-1.378463,1.229798,-1.518461,0.001875,0.057745,-0.001475,-0.000440,-0.000619,0.000714,0.001159
31.492986,-0.096116,0.245096,0.344457,-0.422030,-0.867486,0.537026,-0.362413,-0.015092,-0.189853,0.692736,-0.256641,-0.447817,0.350570,-0.209321,-1.232450,-0.014656,1.848543,-1.933178,-1.378464,1.229799,-1.518466,0.001528,0.058407,-0.001497,-0.000172,-0.001509,0.000905,-0.000576
31.493969,-0.091333,0.244042,0.338155,-0.421444,-0.866237,0.537012,-0.361720,-0.016221,-0.188679,0.689420,-0.258141,-0.447289,0.350384,-0.209088,-1.232449,-0.014597,1.848541,-1.933176,-1.378459,1.229797,-1.518459,0.001364,0.058677,-0.001489,0.000861,0.000037,0.000557,0.001111
31.494942,-0.088279,0.244827,0.335552,-0.418102,-0.866843,0.537223,-0.361310,-0.017127,-0.188208,0.686282,-0.261084,-0.446595,0.350191,-0.208839,-1.232448,-0.014536,1.848541,-1.933171,-1.378461,1.229797,-1.518460,0.000566,0.059220,-0.001080,0.001976,-0.000387,0.000544,0.000856
31.496010,-0.086638,0.247617,0.325882,-0.415672,-0.864989,0.536965,-0.360463,-0.016308,-0.189121,0.684811,-0.265125,-0.445745,0.350134,-0.208589,-1.232448,-0.014478,1.848534,-1.933174,-1.378457,1.229797,-1.518457,0.000626,0.058846,-0.002447,0.000483,0.001012,0.000302,0.001164
31.496977,-0.084108,0.244124,0.324689,-0.412623,-0.864291,0.538729,-0.358720,-0.014916,-0.189814,0.683862,-0.268352,-0.445009,0.350147,-0.208346,-1.232443,-0.014421,1.848537,-1.933176,-1.378457,1.229799,-1.518459,0.001505,0.057565,-0.000609,0.000087,0.000028,0.000523,0.000714
31.498004,-0.079921,0.241700,0.314229,-0.412788,-0.862701,0.537553,-0.358682,-0.014929,-0.188638,0.681488,-0.269426,-0.444615,0.350088,-0.208114,-1.232443,-0.014359,1.848531,-1.933182,-1.378456,1.229792,-1.518466,0.001801,0.059320,-0.002682,-0.001045,0.000140,-0.001248,-0.001632
31.498947,-0.078732,0.243506,0.313864,-0.410465,-0.861441,0.536833,-0.357292,-0.015127,-0.187215,0.678944,-0.269103,-0.444447,0.350044,-0.207885,-1.232442,-0.014295,1.848536,-1.933177,-1.378462,1.229795,-1.518462,0.001370,0.060524,-0.000340,0.000931,-0.000537,-0.000092,-0.000496
31.499998,-0.068503,0.242770,0.308016,-0.409337,-0.861297,0.536762,-0.357915,-0.014783,-0.186721,0.676988,-0.269004,-0.444279,0.350047,-0.207633,-1.232439,-0.014236,1.848530,-1.933178,-1.378461,1.229796,-1.518467,0.002281,0.059598,-0.002770,0.000368,-0.001012,0.000585,-0.002182
31.500959,-0.071247,0.242022,0.300817,-0.405540,-0.860528,0.536842,-0.357188,-0.011881,-0.187936,0.677649,-0.269439,-0.443950,0.350264,-0.207334,-1.232446,-0.014176,1.848527,-1.933175,-1.378458,1.229797,-1.518461,-0.001079,0.060056,-0.002734,0.001118,-0.000293,0.000617,0.000306
31.502026,-0.064453,0.240603,0.293336,-0.401649,-0.859447,0.536370,-0.356596,-0.005291,-0.191137,0.682051,-0.269508,-0.443505,0.350800,-0.206974,-1.232438,-0.014114,1.848527,-1.933177,-1.378460,1.229793,-1.518465,0.001829,0.060407,-0.001815,-0.000880,-0.000244,0.000525,-0.000038
31.503006,-0.061266,0.241132,0.288715,-0.402798,-0.861091,0.536857,-0.356503,0.001529,-0.194176,0.686719,-0.267444,-0.443283,0.351362,-0.206548,-1.232441,-0.014050,1.848529,-1.933182,-1.378464,1.229797,-1.518463,0.000165,0.061144,-0.001084,-0.002673,-0.000395,0.000947,0.000019
31.503931,-0.063090,0.242387,0.282201,-0.400050,-0.859297,0.536005,-0.356374,0.007522,-0.196509,0.690604,-0.263158,-0.443329,0.351855,-0.206066,-1.232441,-0.013991,1.848525,-1.933175,-1.378457,1.229798,-1.518460,0.000182,0.060893,-0.001481,0.000159,0.002028,0.000417,0.000970
31.504979,-0.055016,0.240753,0.273462,-0.396975,-0.856906,0.536269,-0.355483,0.011534,-0.197585,0.692576,-0.258710,-0.443439,0.352181,-0.205548,-1.232434,-0.013930,1.848524,-1.933178,-1.378461,1.229800,-1.518459,0.002552,0.060231,-0.000796,-0.000825,0.001007,0.001243,0.001783
31.505951,-0.055248,0.240226,0.268448,-0.397239,-0.856686,0.536490,-0.354203,0.011099,-0.195790,0.690174,-0.254318,-0.443673,0.352112,-0.205023,-1.232440,-0.013867,1.848525,-1.933180,-1.378461,1.229800,-1.518460,0.000240,0.061090,0.000630,-0.001916,-0.000513,0.000936,0.001215
31.506999,-0.054644,0.237928,0.260985,-0.395270,-0.856920,0.537628,-0.353053,0.007121,-0.191873,0.684291,-0.249905,-0.444009,0.351699,-0.204527,-1.232433,-0.013804,1.848525,-1.933174,-1.378460,1.229799,-1.518462,0.001897,0.061318,0.000407,0.000029,0.000094,0.000691,-0.000213
31.507963,-0.049252,0.234241,0.259514,-0.392934,-0.854956,0.537053,-0.353336,-0.000099,-0.186693,0.675215,-0.246863,-0.444295,0.350969,-0.204102,-1.232426,-0.013739,1.848528,-1.933174,-1.378458,1.229797,-1.518462,0.003220,0.062489,0.001177,-0.000025,0.001193,-0.000479,-0.001287
31.508957,-0.045181,0.236663,0.255848,-0.391130,-0.852549,0.537098,-0.352116,-0.008737,-0.181897,0.664756,-0.245452,-0.444466,0.350090,-0.203751,-1.232427,-0.013673,1.848522,-1.933176,-1.378460,1.229798,-1.518458,0.002082,0.064270,-0.000741,-0.000532,0.000029,0.000079,0.000414
31.509974,-0.040325,0.234881,0.250998,-0.389494,-0.851898,0.536478,-0.351334,-0.013449,-0.180434,0.658247,-0.244889,-0.444418,0.349514,-0.203458,-1.232426,-0.013615,1.848519,-1.933178,-1.378464,1.229797,-1.518462,0.001662,0.063077,-0.001643,-0.000441,-0.001508,0.000007,-0.000882
31.510983,-0.039468,0.231652,0.242402,-0.388300,-0.850580,0.537281,-0.351205,-0.011764,-0.182968,0.658155,-0.244811,-0.444075,0.349463,-0.203207,-1.232427,-0.013550,1.848518,-1.933179,-1.378464,1.229797,-1.518465,0.000897,0.063972,-0.002054,-0.000175,-0.001287,0.000602,-0.001240
31.512006,-0.035702,0.231545,0.238278,-0.386712,-0.850906,0.536620,-0.349774,-0.005506,-0.188489,0.662653,-0.245568,-0.443459,0.349794,-0.202974,-1.232423,-0.013482,1.848521,-1.933177,-1.378461,1.229797,-1.518463,0.002085,0.065536,-0.000595,0.000456,-0.001798,-0.000246,-0.000317
31.512916,-0.032336,0.229171,0.231800,-0.383707,-0.850172,0.535974,-0.350833,0.002214,-0.195647,0.668628,-0.247597,-0.442645,0.350253,-0.202742,-1.232423,-0.013416,1.848515,-1.933176,-1.378460,1.229798,-1.518465,0.001860,0.065540,-0.001351,0.000743,-0.000609,0.000390,-0.002002
31.514037,-0.031058,0.229985,0.225043,-0.383756,-0.849544,0.536265,-0.349778,0.010171,-0.203491,0.674848,-0.250143,-0.441776,0.350729,-0.202500,-1.232422,-0.013348,1.848514,-1.933180,-1.378461,1.229799,-1.518458,0.001649,0.066608,-0.000633,-0.000513,-0.000581,0.001003,0.001198
31.514958,-0.027947,0.228888,0.222779,-0.380269,-0.847693,0.536448,-0.349037,0.017285,-0.211015,0.680220,-0.252653,-0.440941,0.351112,-0.202239,-1.232416,-0.013281,1.848515,-1.933176,-1.378461,1.229798,-1.518459,0.002780,0.066228,-0.000412,0.001558,-0.000267,0.000673,0.000356
31.515976,-0.020878,0.230769,0.213694,-0.378747,-0.848065,0.536704,-0.348234,0.022596,-0.217316,0.683785,-0.255320,-0.440128,0.351331,-0.201982,-1.232413,-0.013212,1.848511,-1.933178,-1.378462,1.229798,-1.518462,0.002680,0.066638,-0.001821,-0.000204,-0.001352,0.000463,-0.000035
31.517000,-0.022568,0.230233,0.209220,-0.376982,-0.846671,0.536036,-0.347463,0.027359,-0.222491,0.686797,-0.257274,-0.439380,0.351518,-0.201748,-1.232416,-0.013150,1.848512,-1.933178,-1.378458,1.229798,-1.518463,0.000816,0.065710,-0.000108,0.000166,-0.000142,0.000176,-0.000451
31.517988,-0.019822,0.232396,0.204274,-0.376280,-0.846193,0.536867,-0.347638,0.030941,-0.225772,0.688617,-0.258051,-0.438772,0.351634,-0.201545,-1.232408,-0.013084,1.848508,-1.933178,-1.378461,1.229800,-1.518464,0.003279,0.065965,-0.000725,0.000300,-0.000668,0.000812,-0.000794
31.518922,-0.018356,0.227637,0.199727,-0.373043,-0.844306,0.538052,-0.346084,0.030968,-0.225792,0.686861,-0.258510,-0.438284,0.351477,-0.201367,-1.232405,-0.013022,1.848507,-1.933175,-1.378460,1.229797,-1.518460,0.003459,0.064858,-0.001002,0.001350,-0.000318,-0.000050,0.000710
31.520081,-0.013071,0.230106,0.193733,-0.371713,-0.843429,0.537627,-0.345719,0.027863,-0.223149,0.681961,-0.259006,-0.437873,0.351097,-0.201196,-1.232400,-0.012949,1.848505,-1.933178,-1.378462,1.229793,-1.518466,0.004196,0.067105,-0.001313,-0.000103,-0.001421,-0.001238,-0.001319
31.520962,-0.007779,0.230440,0.185328,-0.371565,-0.843944,0.537160,-0.345513,0.024063,-0.219755,0.676371,-0.259164,-0.437516,0.350718,-0.201009,-1.232401,-0.012886,1.848502,-1.933176,-1.378463,1.229796,-1.518464,0.003438,0.065951,-0.001530,0.000688,-0.001305,-0.000850,-0.000678
31.521929,-0.006225,0.227334,0.182730,-0.367989,-0.844514,0.536297,-0.345160,0.020383,-0.216110,0.670946,-0.259487,-0.437123,0.350411,-0.200785,-1.232400,-0.012820,1.848506,-1.933172,-1.378461,1.229795,-1.518465,0.002217,0.065658,0.000187,0.002081,-0.000065,-0.000408,-0.000061
31.522998,-0.000671,0.227477,0.178010,-0.365866,-0.841832,0.536759,-0.344713,0.016902,-0.212361,0.665747,-0.260244,-0.436680,0.350160,-0.200495,-1.232395,-0.012751,1.848501,-1.933176,-1.378458,1.229797,-1.518466,0.002976,0.067120,-0.001192,0.000357,0.001293,0.000417,0.000363
31.523936,0.000765,0.227600,0.170150,-0.364846,-0.841697,0.536085,-0.344443,0.015722,-0.210056,0.662771,-0.260298,-0.436282,0.350109,-0.200116,-1.232394,-0.012685,1.848498,-1.933176,-1.378463,1.229797,-1.518465,0.001910,0.067047,-0.001785,0.000228,-0.000473,-0.000091,0.000709
31.524952,0.004354,0.225256,0.170145,-0.362852,-0.840450,0.535613,-0.344576,0.017186,-0.209447,0.662328,-0.259462,-0.435924,0.350280,-0.199648,-1.232389,-0.012619,1.848499,-1.933174,-1.378459,1.229799,-1.518463,0.002677,0.066897,-0.000479,0.000902,0.000156,0.000557,0.001259
31.526029,0.007304,0.229293,0.160462,-0.359436,-0.839432,0.535252,-0.343480,0.020257,-0.210131,0.663397,-0.258576,-0.435531,0.350565,-0.199107,-1.232388,-0.012548,1.848491,-1.933174,-1.378459,1.229801,-1.518459,0.002519,0.067986,-0.003261,0.000781,-0.000250,0.000986,0.002701
31.526945,0.008875,0.230782,0.157095,-0.358145,-0.838137,0.535653,-0.342665,0.024730,-0.211831,0.665791,-0.257255,-0.435153,0.350919,-0.198523,-1.232383,-0.012485,1.848493,-1.933176,-1.378460,1.229804,-1.518462,0.002748,0.065989,-0.001419,-0.000605,-0.000359,0.001294,0.001751
31.527996,0.012335,0.232507,0.152460,-0.357056,-0.837152,0.536212,-0.341687,0.027702,-0.211977,0.666669,-0.254519,-0.434977,0.351110,-0.197943,-1.232378,-0.012421,1.848489,-1.933176,-1.378463,1.229802,-1.518460,0.003395,0.065173,-0.002275,-0.000183,-0.000852,0.000870,0.001185
31.529002,0.013805,0.234891,0.144270,-0.355168,-0.836388,0.536954,-0.341209,0.027473,-0.209217,0.664398,-0.250914,-0.434966,0.351024,-0.197416,-1.232375,-0.012357,1.848486,-1.933174,-1.378464,1.229801,-1.518461,0.003333,0.064331,-0.002869,0.000629,-0.000949,0.000282,0.000460
31.530112,0.017917,0.231417,0.137088,-0.353260,-0.836098,0.537422,-0.340156,0.023800,-0.203570,0.658806,-0.247507,-0.434994,0.350666,-0.196974,-1.232370,-0.012295,1.848486,-1.933174,-1.378464,1.229799,-1.518460,0.004187,0.063146,-0.001562,0.000593,-0.000867,-0.000481,0.000678
31.530938,0.020042,0.229584,0.134371,-0.350853,-0.834225,0.537437,-0.340173,0.015680,-0.195008,0.648943,-0.244596,-0.435091,0.349963,-0.196632,-1.232366,-0.012225,1.848485,-1.933174,-1.378460,1.229798,-1.518463,0.003885,0.064908,-0.001074,0.000741,-0.000260,-0.000975,-0.000131
31.531997,0.023524,0.228907,0.129732,-0.349039,-0.833892,0.537216,-0.339096,0.005471,-0.186022,0.637144,-0.242093,-0.435236,0.349091,-0.196369,-1.232362,-0.012161,1.848480,-1.933176,-1.378463,1.229797,-1.518461,0.004128,0.065663,-0.001984,-0.000097,-0.001430,-0.001002,0.000877
31.532947,0.027491,0.225301,0.124103,-0.349089,-0.834508,0.537567,-0.339368,-0.003141,-0.179347,0.627029,-0.239668,-0.435361,0.348340,-0.196146,-1.232359,-0.012093,1.848475,-1.933176,-1.378461,1.229795,-1.518464,0.004068,0.065980,-0.002566,0.000058,-0.000877,-0.000801,-0.000050
31.533997,0.033458,0.226595,0.120035,-0.344304,-0.832995,0.536801,-0.337725,-0.008223,-0.176477,0.620510,-0.237958,-0.435338,0.347873,-0.195930,-1.232355,-0.012023,1.848473,-1.933172,-1.378459,1.229796,-1.518460,0.003591,0.067671,-0.002389,0.001791,0.000520,-0.001194,0.001611
31.535081,0.032601,0.226959,0.115318,-0.345406,-0.832714,0.536053,-0.338474,-0.008346,-0.178337,0.619008,-0.237077,-0.435114,0.347803,-0.195699,-1.232355,-0.011960,1.848468,-1.933180,-1.378459,1.229798,-1.518465,0.002313,0.067024,-0.003246,-0.000917,-0.000137,-0.000458,-0.000466
31.536013,0.037358,0.229916,0.110101,-0.343457,-0.830799,0.536212,-0.336223,-0.004162,-0.183847,0.621840,-0.236313,-0.434774,0.348068,-0.195434,-1.232348,-0.011892,1.848465,-1.933172,-1.378457,1.229800,-1.518458,0.004450,0.066850,-0.003881,0.002069,0.000486,0.000241,0.002314
31.537009,0.042674,0.227924,0.107501,-0.341355,-0.829936,0.534451,-0.336655,0.001014,-0.190424,0.625684,-0.236573,-0.434298,0.348389,-0.195152,-1.232346,-0.011831,1.848462,-1.933172,-1.378460,1.229801,-1.518464,0.003545,0.065328,-0.003837,0.001813,-0.000635,0.000045,-0.001139
31.538030,0.044604,0.228757,0.100017,-0.337497,-0.828781,0.534914,-0.336229,0.006929,-0.197484,0.630273,-0.238028,-0.433655,0.348720,-0.194887,-1.232345,-0.011764,1.848453,-1.933170,-1.378461,1.229805,-1.518460,0.002490,0.066281,-0.005230,0.001511,-0.000646,0.001771,0.000923
31.539025,0.044403,0.230478,0.095873,-0.336520,-0.826570,0.536259,-0.334752,0.014995,-0.205610,0.636980,-0.238990,-0.432985,0.349137,-0.194640,-1.232340,-0.011698,1.848451,-1.933176,-1.378462,1.229802,-1.518457,0.003143,0.065835,-0.004299,-0.000337,-0.000940,0.001267,0.001235
31.539954,0.050359,0.231278,0.090972,-0.334069,-0.826278,0.536093,-0.334205,0.022414,-0.212888,0.643010,-0.238419,-0.432493,0.349429,-0.194414,-1.232332,-0.011637,1.848443,-1.933174,-1.378464,1.229799,-1.518464,0.004783,0.064984,-0.004938,0.000503,-0.002303,-0.000099,-0.000554
31.541030,0.053808,0.232201,0.084011,-0.333464,-0.826945,0.537384,-0.332990,0.027024,-0.217712,0.646250,-0.236583,-0.432205,0.349480,-0.194230,-1.232332,-0.011574,1.848439,-1.933176,-1.378462,1.229798,-1.518464,0.003291,0.064520,-0.005037,-0.000194,-0.001827,0.000060,-0.000546
31.541980,0.055398,0.228876,0.078030,-0.331849,-0.826780,0.535219,-0.332844,0.029908,-0.220713,0.647830,-0.234148,-0.432020,0.349425,-0.194082,-1.232328,-0.011511,1.848433,-1.933172,-1.378460,1.229794,-1.518467,0.003292,0.064118,-0.004492,0.001120,-0.000265,-0.001254,-0.001722
31.543161,0.058520,0.230366,0.076211,-0.328144,-0.825700,0.536453,-0.333074,0.031198,-0.222617,0.647863,-0.232093,-0.431865,0.349284,-0.193941,-1.232323,-0.011445,1.848430,-1.933170,-1.378460,1.229797,-1.518464,0.003985,0.065713,-0.004127,0.001209,0.000353,0.000898,-0.000897
31.544022,0.062260,0.231715,0.073627,-0.327884,-0.825577,0.536348,-0.331406,0.031568,-0.224399,0.646926,-0.230434,-0.431752,0.349098,-0.193759,-1.232319,-0.011379,1.848420,-1.933174,-1.378460,1.229794,-1.518459,0.004299,0.065049,-0.006426,-0.000241,0.000261,-0.000382,0.000930
31.544976,0.062505,0.230911,0.067744,-0.324982,-0.822718,0.534928,-0.332182,0.033656,-0.227210,0.647576,-0.228407,-0.431666,0.349114,-0.193518,-1.232317,-0.011319,1.848410,-1.933170,-1.378458,1.229796,-1.518465,0.003802,0.064293,-0.007413,0.001036,0.000844,-0.000307,-0.001418
31.546007,0.065825,0.233484,0.062497,-0.323851,-0.823112,0.534221,-0.330391,0.037698,-0.230852,0.650046,-0.226192,-0.431552,0.349349,-0.193231,-1.232309,-0.011254,1.848403,-1.933172,-1.378463,1.229800,-1.518461,0.005163,0.064641,-0.007048,-0.000082,-0.001189,0.001073,0.001278
31.547186,0.068741,0.233841,0.058037,-0.321676,-0.821686,0.535240,-0.330759,0.040875,-0.233672,0.651561,-0.223994,-0.431470,0.349503,-0.192910,-1.232305,-0.011192,1.848394,-1.933170,-1.378460,1.229804,-1.518465,0.005121,0.063367,-0.007204,0.000670,0.000072,0.001721,-0.001139
31.547982,0.069605,0.236616,0.052257,-0.320434,-0.820327,0.535195,-0.330014,0.041991,-0.234823,0.650970,-0.221983,-0.431439,0.349448,-0.192575,-1.232300,-0.011128,1.848383,-1.933170,-1.378459,1.229800,-1.518458,0.005523,0.063318,-0.008148,0.000670,-0.000398,0.000672,0.000991
31.548997,0.074219,0.233765,0.047842,-0.317474,-0.820543,0.535900,-0.329058,0.040776,-0.233974,0.648048,-0.220429,-0.431432,0.349183,-0.192247,-1.232292,-0.011068,1.848377,-1.933168,-1.378461,1.229800,-1.518459,0.006298,0.061791,-0.007403,0.000853,-0.001073,0.000702,0.000404
31.549971,0.077910,0.233818,0.043953,-0.314963,-0.816966,0.535911,-0.328885,0.037092,-0.231099,0.642690,-0.218958,-0.431503,0.348716,-0.191953,-1.232289,-0.011002,1.848368,-1.933170,-1.378459,1.229798,-1.518462,0.005601,0.063220,-0.007938,-0.000192,-0.000014,-0.000026,-0.000315
31.550992,0.077627,0.232270,0.039284,-0.313043,-0.817635,0.536837,-0.328346,0.033818,-0.228331,0.637750,-0.216838,-0.431653,0.348282,-0.191705,-1.232286,-0.010939,1.848358,-1.933172,-1.378465,1.229797,-1.518460,0.005305,0.063147,-0.008602,-0.000853,-0.002750,-0.000060,0.000482
31.552024,0.082140,0.234444,0.034468,-0.311839,-0.817347,0.535471,-0.327593,0.032786,-0.227170,0.635003,-0.213902,-0.431833,0.348046,-0.191492,-1.232275,-0.010873,1.848348,-1.933172,-1.378460,1.229795,-1.518461,0.007000,0.063901,-0.009008,-0.000877,-0.001228,-0.001011,0.000592
31.553053,0.085442,0.235223,0.029878,-0.309159,-0.816699,0.534664,-0.327174,0.032715,-0.226987,0.633157,-0.210744,-0.432021,0.347921,-0.191306,-1.232272,-0.010813,1.848338,-1.933170,-1.378460,1.229799,-1.518462,0.006367,0.062853,-0.009366,-0.000206,-0.000669,0.000322,0.000287
31.554069,0.090897,0.234935,0.028513,-0.308200,-0.816563,0.533902,-0.325934,0.032983,-0.227105,0.631596,-0.207688,-0.432201,0.347859,-0.191137,-1.232264,-0.010750,1.848326,-1.933172,-1.378460,1.229799,-1.518461,0.006309,0.062490,-0.009810,-0.000953,-0.000461,0.001096,0.000653
31.555049,0.093383,0.236819,0.018663,-0.306789,-0.815436,0.533895,-0.326571,0.035428,-0.228357,0.632162,-0.204738,-0.432308,0.347996,-0.190972,-1.232262,-0.010685,1.848308,-1.933170,-1.378459,1.229799,-1.518464,0.005199,0.062621,-0.011776,-0.000059,0.000251,0.001821,-0.000647
31.556084,0.094915,0.240191,0.015324,-0.303913,-0.813954,0.534617,-0.324435,0.040578,-0.231179,0.635436,-0.202472,-0.432262,0.348356,-0.190799,-1.232257,-0.010626,1.848302,-1.933168,-1.378463,1.229801,-1.518458,0.005501,0.061696,-0.009482,0.000289,-0.000028,0.001782,0.001785
31.556977,0.098636,0.238235,0.011809,-0.301841,-0.813152,0.534037,-0.324968,0.044571,-0.232966,0.637605,-0.200877,-0.432172,0.348624,-0.190614,-1.232249,-0.010569,1.848290,-1.933170,-1.378463,1.229801,-1.518467,0.006333,0.060090,-0.010590,-0.000636,-0.000647,0.001022,-0.001301
31.558034,0.098888,0.240156,0.004089,-0.300176,-0.811578,0.535252,-0.324202,0.045973,-0.232485,0.637191,-0.198976,-0.432157,0.348681,-0.190414,-1.232244,-0.010507,1.848277,-1.933170,-1.378460,1.229801,-1.518460,0.005866,0.061014,-0.011175,-0.001056,-0.000719,0.001589,0.000829
31.559022,0.108688,0.238700,0.003788,-0.300350,-0.812731,0.534966,-0.322965,0.045489,-0.230500,0.634838,-0.196596,-0.432204,0.348559,-0.190204,-1.232233,-0.010450,1.848270,-1.933171,-1.378463,1.229799,-1.518459,0.007350,0.060146,-0.010175,-0.000731,-0.001391,0.000333,0.000500
31.559959,0.108674,0.241325,-0.000345,-0.298103,-0.810569,0.534982,-0.322754,0.044829,-0.228601,0.632250,-0.194945,-0.432129,0.348405,-0.190016,-1.232234,-0.010386,1.848250,-1.933167,-1.378460,1.229799,-1.518462,0.004024,0.060868,-0.012583,0.001196,0.000593,0.000604,-0.000818
31.561003,0.112113,0.241724,-0.005226,-0.295228,-0.809739,0.535722,-0.322088,0.048198,-0.229518,0.633630,-0.195144,-0.431669,0.348577,-0.189871,-1.232224,-0.010327,1.848234,-1.933167,-1.378463,1.229797,-1.518461,0.005711,0.059636,-0.013314,0.000968,-0.000679,0.000563,-0.000040
31.562001,0.117200,0.242863,-0.016240,-0.291738,-0.808372,0.535241,-0.320902,0.055549,-0.233025,0.638939,-0.196862,-0.430870,0.349092,-0.189756,-1.232216,-0.010267,1.848218,-1.933167,-1.378461,1.229795,-1.518461,0.006311,0.059849,-0.014870,0.001035,-0.000290,-0.000212,0.000145
31.562929,0.119668,0.241035,-0.022178,-0.288346,-0.808045,0.535619,-0.319926,0.063810,-0.237212,0.645155,-0.199060,-0.429976,0.349726,-0.189650,-1.232211,-0.010208,1.848207,-1.933169,-1.378461,1.229797,-1.518463,0.006022,0.059632,-0.013192,0.000391,-0.000492,0.000226,-0.000775
31.564062,0.127957,0.246524,-0.027238,-0.288109,-0.806570,0.533471,-0.319261,0.077152,-0.245208,0.654523,-0.202283,-0.428515,0.350852,-0.189442,-1.232199,-0.010091,1.848174,-1.933164,-1.378459,1.229804,-1.518463,0.005293,0.058579,-0.015574,0.002481,0.000104,0.001893,-0.001041
31.565010,0.129817,0.247826,-0.038146,-0.282914,-0.805181,0.533995,-0.318793,0.077152,-0.245208,0.654523,-0.202283,-0.428515,0.350852,-0.189442,-1.232199,-0.010091,1.848174,-1.933164,-1.378459,1.229804,-1.518463,0.005293,0.058579,-0.015574,0.002481,0.000104,0.001893,-0.001041
31.566063,0.135109,0.246633,-0.043160,-0.279767,-0.803311,0.535010,-0.317996,0.082950,-0.249055,0.658391,-0.204319,-0.427788,0.351342,-0.189327,-1.232191,-0.010033,1.848163,-1.933170,-1.378459,1.229805,-1.518463,0.006497,0.058266,-0.013738,0.000035,-0.000176,0.001297,-0.000595
31.567074,0.138963,0.248355,-0.050141,-0.278265,-0.803344,0.535759,-0.317630,0.086739,-0.251482,0.660252,-0.205626,-0.427231,0.351641,-0.189173,-1.232186,-0.009970,1.848143,-1.933168,-1.378462,1.229803,-1.518465,0.006229,0.059259,-0.015236,-0.000161,-0.000791,0.000248,-0.000655
31.567996,0.142604,0.250662,-0.057327,-0.275155,-0.802444,0.535895,-0.317519,0.089789,-0.253643,0.661301,-0.206016,-0.426847,0.351853,-0.188962,-1.232178,-0.009914,1.848126,-1.933164,-1.378459,1.229800,-1.518463,0.006565,0.058790,-0.015584,0.001095,0.000422,-0.000524,0.000090
31.568953,0.143484,0.249382,-0.064651,-0.271994,-0.800281,0.534942,-0.316592,0.092630,-0.255919,0.662063,-0.206496,-0.426502,0.352028,-0.188692,-1.232169,-0.009857,1.848110,-1.933163,-1.378459,1.229798,-1.518459,0.006783,0.057930,-0.015482,0.000560,0.000584,-0.000679,0.001199
31.570083,0.150942,0.251656,-0.072651,-0.267194,-0.799779,0.535814,-0.316107,0.093183,-0.256937,0.660482,-0.206941,-0.426284,0.351984,-0.188378,-1.232158,-0.009795,1.848094,-1.933163,-1.378460,1.229801,-1.518460,0.008455,0.058874,-0.015452,0.000092,-0.000454,0.000228,0.000727
31.570946,0.156151,0.251158,-0.074273,-0.265391,-0.798590,0.535209,-0.314501,0.091052,-0.256511,0.656177,-0.206440,-0.426313,0.351682,-0.188057,-1.232155,-0.009739,1.848077,-1.933167,-1.378461,1.229799,-1.518458,0.007292,0.058260,-0.015775,-0.001444,0.000393,-0.000690,0.001405
31.571978,0.161909,0.255077,-0.082101,-0.262848,-0.797403,0.534913,-0.314482,0.089892,-0.256676,0.652796,-0.204423,-0.426503,0.351451,-0.187763,-1.232150,-0.009680,1.848055,-1.933167,-1.378462,1.229798,-1.518462,0.006646,0.058733,-0.018170,-0.000795,0.000220,-0.000100,-0.000556
31.573003,0.165194,0.256427,-0.091493,-0.259046,-0.794628,0.534764,-0.313408,0.093305,-0.259379,0.653932,-0.201666,-0.426609,0.351606,-0.187519,-1.232144,-0.009626,1.848036,-1.933167,-1.378460,1.229798,-1.518459,0.006096,0.057210,-0.018135,-0.000433,0.000227,0.000148,0.000932
31.574045,0.168512,0.255149,-0.098594,-0.258101,-0.793241,0.533157,-0.312268,0.099324,-0.263148,0.657641,-0.198836,-0.426605,0.351988,-0.187324,-1.232135,-0.009568,1.848019,-1.933171,-1.378464,1.229799,-1.518461,0.006749,0.056955,-0.017326,-0.001269,-0.001330,0.000251,0.000262
31.574945,0.175679,0.258236,-0.100957,-0.255079,-0.792832,0.533527,-0.311850,0.104241,-0.266086,0.660235,-0.196571,-0.426539,0.352265,-0.187173,-1.232126,-0.009507,1.848000,-1.933166,-1.378463,1.229803,-1.518463,0.007411,0.057992,-0.017722,0.000623,-0.001492,0.001805,-0.000491
31.576087,0.176428,0.261599,-0.109805,-0.251111,-0.791225,0.532333,-0.310580,0.108987,-0.269303,0.662627,-0.195891,-0.426253,0.352491,-0.187057,-1.232123,-0.009453,1.847976,-1.933167,-1.378463,1.229801,-1.518462,0.005868,0.056746,-0.019875,0.000152,-0.000837,0.001390,-0.000006
31.577072,0.179155,0.258795,-0.117080,-0.247338,-0.792754,0.533605,-0.310576,0.114886,-0.273011,0.666124,-0.196057,-0.425773,0.352785,-0.186941,-1.232111,-0.009398,1.847957,-1.933168,-1.378464,1.229804,-1.518465,0.008041,0.055625,-0.019760,-0.000592,-0.001101,0.002536,-0.000886
31.578087,0.183981,0.259661,-0.124267,-0.246761,-0.790010,0.533423,-0.309014,0.119221,-0.275300,0.668030,-0.195466,-0.425399,0.352919,-0.186790,-1.232100,-0.009336,1.847935,-1.933171,-1.378459,1.229800,-1.518460,0.008827,0.057370,-0.019807,-0.001519,0.001559,0.001225,0.000546
31.579083,0.188266,0.261942,-0.132317,-0.242294,-0.789755,0.534238,-0.309218,0.120916,-0.276405,0.667315,-0.194469,-0.425178,0.352800,-0.186595,-1.232093,-0.009281,1.847914,-1.933165,-1.378462,1.229801,-1.518466,0.008681,0.057335,-0.020023,0.000654,-0.000007,0.001376,-0.001107
31.580024,0.192582,0.260852,-0.134780,-0.240069,-0.786392,0.534064,-0.307679,0.120878,-0.277191,0.664925,-0.194127,-0.424969,0.352531,-0.186366,-1.232084,-0.009225,1.847896,-1.933169,-1.378459,1.229799,-1.518460,0.008756,0.056588,-0.019755,-0.000953,0.000899,0.000526,0.000764
31.581008,0.195460,0.264925,-0.142993,-0.238567,-0.786462,0.534707,-0.307778,0.120590,-0.278110,0.662321,-0.194040,-0.424754,0.352278,-0.186100,-1.232075,-0.009163,1.847871,-1.933169,-1.378464,1.229800,-1.518465,0.008684,0.057416,-0.022019,-0.000509,-0.001339,0.000661,-0.000957
31.581999,0.200079,0.265898,-0.148289,-0.236427,-0.785352,0.534229,-0.306679,0.121482,-0.279798,0.660913,-0.194376,-0.424445,0.352189,-0.185816,-1.232064,-0.009110,1.847850,-1.933165,-1.378461,1.229798,-1.518460,0.009414,0.055776,-0.021575,0.000677,-0.000111,-0.000014,0.000686
31.582964,0.207292,0.266005,-0.154166,-0.231980,-0.782888,0.533941,-0.305834,0.122394,-0.281343,0.659549,-0.196090,-0.423948,0.352190,-0.185551,-1.232055,-0.009055,1.847825,-1.933161,-1.378460,1.229799,-1.518460,0.009289,0.055696,-0.022600,0.001223,-0.000079,0.000431,-0.000090
31.583967,0.209193,0.268279,-0.159514,-0.227861,-0.781843,0.534475,-0.305338,0.124144,-0.283029,0.659015,-0.198677,-0.423299,0.352335,-0.185329,-1.232051,-0.008999,1.847800,-1.933166,-1.378463,1.229798,-1.518462,0.007875,0.056015,-0.023215,-0.000397,-0.001402,0.000680,-0.000363
31.585148,0.213659,0.266990,-0.166447,-0.227038,-0.781753,0.534168,-0.304198,0.128702,-0.285741,0.661205,-0.200240,-0.422659,0.352757,-0.185148,-1.232038,-0.008944,1.847774,-1.933171,-1.378463,1.229798,-1.518461,0.009130,0.055279,-0.024250,-0.001591,-0.001249,0.000098,0.000111
31.586077,0.219708,0.263826,-0.172839,-0.222020,-0.780867,0.533867,-0.303043,0.135371,-0.289165,0.665378,-0.200572,-0.422080,0.353381,-0.184997,-1.232028,-0.008884,1.847747,-1.933165,-1.378461,1.229801,-1.518462,0.009519,0.056488,-0.025180,0.000817,0.000033,0.000351,-0.000451
31.586990,0.220528,0.266723,-0.178884,-0.221095,-0.779916,0.533081,-0.303394,0.144545,-0.294511,0.671916,-0.200861,-0.421447,0.354197,-0.184867,-1.232020,-0.008823,1.847721,-1.933171,-1.378462,1.229803,-1.518465,0.008553,0.058335,-0.025383,-0.001494,0.000235,0.000600,-0.001399
31.588080,0.224800,0.266243,-0.183861,-0.217040,-0.778716,0.534847,-0.301299,0.156072,-0.302129,0.680671,-0.201104,-0.420789,0.355152,-0.184729,-1.232005,-0.008767,1.847695,-1.933167,-1.378461,1.229805,-1.518460,0.010108,0.057168,-0.025697,0.000105,0.000344,0.001342,0.000640
31.588988,0.226766,0.271591,-0.193210,-0.214566,-0.778475,0.535044,-0.301710,0.167657,-0.310238,0.689379,-0.201324,-0.420166,0.356066,-0.184562,-1.231995,-0.008708,1.847663,-1.933169,-1.378460,1.229800,-1.518466,0.010372,0.057883,-0.027195,-0.000864,0.000413,-0.000465,-0.001985
31.589994,0.231525,0.271554,-0.200210,-0.212245,-0.776130,0.534315,-0.300061,0.176781,-0.316636,0.695595,-0.201283,-0.419678,0.356779,-0.184360,-1.231981,-0.008655,1.847639,-1.933169,-1.378459,1.229799,-1.518461,0.011348,0.055515,-0.025844,-0.000769,0.001237,-0.000672,0.000189
31.591057,0.235458,0.273154,-0.207370,-0.207756,-0.774687,0.534829,-0.300111,0.180571,-0.319032,0.696526,-0.200784,-0.419435,0.357082,-0.184119,-1.231970,-0.008600,1.847613,-1.933167,-1.378459,1.229801,-1.518466,0.011171,0.055977,-0.026065,-0.000297,0.000051,0.000013,-0.001662
31.592075,0.236993,0.274847,-0.209976,-0.206317,-0.774222,0.534014,-0.299313,0.179176,-0.317575,0.692318,-0.199937,-0.419403,0.356974,-0.183836,-1.231959,-0.008545,1.847587,-1.933171,-1.378462,1.229799,-1.518462,0.011553,0.055652,-0.026422,-0.001725,-0.000115,-0.000547,0.000007
31.593054,0.238236,0.276723,-0.218048,-0.203508,-0.772660,0.534420,-0.298282,0.175075,-0.313898,0.685385,-0.198604,-0.419498,0.356659,-0.183508,-1.231943,-0.008488,1.847553,-1.933167,-1.378461,1.229800,-1.518462,0.012972,0.055216,-0.028807,-0.000366,0.000613,0.000236,-0.000124
31.593945,0.244276,0.275694,-0.223341,-0.201153,-0.771868,0.534857,-0.298088,0.168619,-0.308312,0.676065,-0.197458,-0.419620,0.356166,-0.183149,-1.231926,-0.008433,1.847523,-1.933166,-1.378461,1.229798,-1.518463,0.014430,0.054665,-0.028304,-0.000438,0.000190,-0.000207,-0.000761
31.595048,0.248809,0.277561,-0.229664,-0.197062,-0.769394,0.535141,-0.297126,0.159847,-0.301182,0.664460,-0.197015,-0.419720,0.355516,-0.182782,-1.231914,-0.008377,1.847494,-1.933165,-1.378459,1.229798,-1.518461,0.013316,0.055469,-0.028875,-0.000324,0.000434,-0.000680,0.000155
31.595939,0.252775,0.278911,-0.237090,-0.194719,-0.767874,0.534775,-0.295979,0.151432,-0.294360,0.653270,-0.196845,-0.419779,0.354947,-0.182418,-1.231900,-0.008322,1.847461,-1.933168,-1.378462,1.229802,-1.518462,0.013468,0.055052,-0.029736,-0.001235,-0.000737,-0.001029,-0.000167
31.596975,0.253247,0.279133,-0.242932,-0.191430,-0.766582,0.535051,-0.295761,0.144828,-0.288584,0.643931,-0.196383,-0.419811,0.354569,-0.182072,-1.231887,-0.008268,1.847431,-1.933169,-1.378463,1.229802,-1.518466,0.013393,0.054684,-0.029213,-0.001046,-0.001190,-0.000698,-0.001155
31.597944,0.258242,0.282664,-0.244586,-0.189041,-0.766034,0.534630,-0.294928,0.138287,-0.282793,0.634664,-0.195550,-0.419871,0.354206,-0.181732,-1.231868,-0.008213,1.847397,-1.933168,-1.378463,1.229800,-1.518464,0.015370,0.055027,-0.030043,-0.001428,-0.001271,-0.001004,-0.000069
31.599010,0.261094,0.283189,-0.250961,-0.186611,-0.763823,0.533632,-0.295188,0.131676,-0.276890,0.625291,-0.194478,-0.419932,0.353830,-0.181372,-1.231856,-0.008165,1.847358,-1.933170,-1.378462,1.229799,-1.518465,0.014955,0.053704,-0.032643,-0.001046,-0.000685,-0.000615,-0.000330
31.599968,0.262784,0.282325,-0.259251,-0.184858,-0.762895,0.534309,-0.293292,0.127060,-0.271901,0.617833,-0.193547,-0.419866,0.353588,-0.180981,-1.231838,-0.008110,1.847324,-1.933168,-1.378463,1.229802,-1.518459,0.015811,0.053944,-0.033296,-0.000512,-0.001647,0.000329,0.001741
31.600956,0.267111,0.284792,-0.263624,-0.181634,-0.762113,0.535121,-0.293281,0.123856,-0.267971,0.611690,-0.193729,-0.419584,0.353395,-0.180576,-1.231821,-0.008055,1.847293,-1.933166,-1.378463,1.229799,-1.518466,0.016992,0.054744,-0.032600,0.000381,-0.001439,-0.000380,-0.000671
31.601983,0.272811,0.288991,-0.268922,-0.179898,-0.759925,0.534355,-0.292306,0.120239,-0.264533,0.605046,-0.195372,-0.419127,0.353115,-0.180183,-1.231803,-0.008004,1.847257,-1.933168,-1.378462,1.229798,-1.518462,0.016908,0.053937,-0.033943,-0.000025,-0.001076,-0.001229,0.000770
31.603002,0.274524,0.290269,-0.274350,-0.175341,-0.760215,0.533526,-0.292099,0.117058,-0.261563,0.598785,-0.197997,-0.418508,0.352873,-0.179796,-1.231788,-0.007955,1.847220,-1.933165,-1.378463,1.229801,-1.518463,0.016266,0.052341,-0.034958,0.001071,-0.002059,-0.000505,0.000300
31.603933,0.280055,0.292671,-0.278666,-0.171787,-0.759716,0.532674,-0.290952,0.115015,-0.258757,0.593652,-0.200763,-0.417790,0.352743,-0.179414,-1.231769,-0.007902,1.847180,-1.933167,-1.378462,1.229802,-1.518459,0.017575,0.052177,-0.035844,-0.000589,-0.000565,0.000272,0.001371
31.605010,0.282819,0.294349,-0.288660,-0.169496,-0.757802,0.532794,-0.289510,0.113897,-0.255680,0.589441,-0.201980,-0.417207,0.352681,-0.179045,-1.231755,-0.007852,1.847142,-1.933169,-1.378460,1.229803,-1.518462,0.016781,0.051367,-0.036952,-0.001480,0.000002,0.001085,0.000422
31.605953,0.286920,0.294467,-0.293224,-0.168729,-0.758386,0.533496,-0.289190,0.113027,-0.251986,0.585483,-0.201041,-0.416885,0.352612,-0.178709,-1.231736,-0.007803,1.847108,-1.933168,-1.378463,1.229803,-1.518465,0.017704,0.051098,-0.035832,-0.000738,-0.000630,0.000912,-0.000881
31.606934,0.290533,0.292597,-0.300283,-0.164449,-0.756776,0.533585,-0.288553,0.111065,-0.247565,0.580434,-0.199818,-0.416671,0.352430,-0.178414,-1.231720,-0.007751,1.847068,-1.933164,-1.378459,1.229803,-1.518463,0.017643,0.051428,-0.036857,0.001069,0.001035,0.000166,-0.000134
31.607969,0.292776,0.295598,-0.305004,-0.160960,-0.755379,0.533812,-0.287114,0.108797,-0.243812,0.575039,-0.199687,-0.416403,0.352205,-0.178137,-1.231702,-0.007696,1.847030,-1.933167,-1.378461,1.229800,-1.518462,0.017906,0.052769,-0.036795,-0.000397,0.000574,0.000064,0.000011
31.608931,0.299335,0.295615,-0.310436,-0.159754,-0.753434,0.533238,-0.287128,0.107325,-0.241569,0.570348,-0.199683,-0.416157,0.352030,-0.177862,-1.231681,-0.007647,1.846990,-1.933170,-1.378461,1.229800,-1.518465,0.018953,0.051765,-0.038103,-0.000913,0.000400,-0.000210,-0.001362
31.609952,0.299635,0.299156,-0.316421,-0.157713,-0.753304,0.533123,-0.286146,0.107217,-0.240825,0.566924,-0.199396,-0.415928,0.351958,-0.177581,-1.231666,-0.007592,1.846949,-1.933167,-1.378464,1.229803,-1.518463,0.017708,0.052138,-0.038743,0.000561,-0.000398,0.000320,0.000088
31.610945,0.304209,0.300468,-0.321630,-0.156104,-0.751833,0.532571,-0.285656,0.108512,-0.241454,0.564839,-0.200097,-0.415531,0.351998,-0.177293,-1.231641,-0.007544,1.846908,-1.933166,-1.378460,1.229801,-1.518464,0.019669,0.050873,-0.039338,0.001347,0.000650,0.000397,-0.000404
31.611939,0.309840,0.300334,-0.327519,-0.150908,-0.751010,0.533664,-0.284401,0.109414,-0.242213,0.562330,-0.202684,-0.414900,0.351991,-0.177002,-1.231623,-0.007493,1.846866,-1.933162,-1.378462,1.229804,-1.518462,0.019460,0.050678,-0.040201,0.002444,0.000350,0.000896,0.000063
31.612973,0.312235,0.303977,-0.334488,-0.149499,-0.750214,0.534109,-0.283982,0.110472,-0.243213,0.559946,-0.206297,-0.414118,0.351973,-0.176713,-1.231604,-0.007440,1.846824,-1.933167,-1.378461,1.229805,-1.518464,0.018728,0.051176,-0.040729,0.000149,0.000691,-0.000258,-0.001005
31.613981,0.319738,0.302983,-0.341893,-0.144354,-0.749000,0.532801,-0.283285,0.112742,-0.244826,0.558733,-0.209388,-0.413345,0.352040,-0.176428,-1.231582,-0.007394,1.846782,-1.933164,-1.378459,1.229804,-1.518462,0.019695,0.049893,-0.040876,0.001604,0.001086,-0.000730,-0.000324
31.615010,0.319013,0.304966,-0.346602,-0.142567,-0.748123,0.532893,-0.282242,0.115494,-0.246412,0.557956,-0.211256,-0.412705,0.352125,-0.176145,-1.231566,-0.007343,1.846743,-1.933170,-1.378459,1.229803,-1.518462,0.018074,0.050880,-0.040730,-0.000601,0.001047,0.000561,-0.000255
31.615972,0.319452,0.306292,-0.352442,-0.139217,-0.747980,0.532482,-0.281728,0.118482,-0.247937,0.557334,-0.211593,-0.412249,0.352177,-0.175867,-1.231541,-0.007294,1.846699,-1.933167,-1.378459,1.229802,-1.518462,0.020568,0.050395,-0.041982,0.000492,0.001376,0.000417,-0.000849
31.617085,0.323930,0.307324,-0.357008,-0.136881,-0.744800,0.533028,-0.280830,0.119607,-0.248248,0.554729,-0.210751,-0.412008,0.352029,-0.175591,-1.231515,-0.007246,1.846657,-1.933170,-1.378458,1.229803,-1.518463,0.022269,0.050179,-0.042388,-0.000113,0.002359,0.000790,-0.000460
31.617968,0.327465,0.310342,-0.361146,-0.134142,-0.744080,0.532308,-0.280002,0.117711,-0.246679,0.548995,-0.209487,-0.411930,0.351621,-0.175302,-1.231490,-0.007195,1.846610,-1.933166,-1.378464,1.229801,-1.518464,0.022312,0.050255,-0.044014,0.000621,0.000512,0.000199,-0.000637
31.618915,0.329932,0.309713,-0.365812,-0.129933,-0.741805,0.532893,-0.279822,0.115105,-0.244471,0.542498,-0.208304,-0.411864,0.351176,-0.174989,-1.231469,-0.007146,1.846563,-1.933166,-1.378462,1.229803,-1.518466,0.022343,0.049089,-0.044905,0.000345,0.000829,0.000887,-0.001001
31.619975,0.331975,0.311371,-0.371440,-0.127911,-0.741004,0.532857,-0.278881,0.113442,-0.242325,0.536943,-0.206740,-0.411787,0.350850,-0.174640,-1.231444,-0.007093,1.846514,-1.933170,-1.378464,1.229802,-1.518464,0.023026,0.049804,-0.045766,-0.001119,-0.000326,0.000256,0.000023
31.620979,0.337921,0.313051,-0.374493,-0.125010,-0.739336,0.531472,-0.278784,0.112618,-0.240303,0.532260,-0.204281,-0.411763,0.350640,-0.174249,-1.231419,-0.007044,1.846464,-1.933167,-1.378463,1.229801,-1.518466,0.024174,0.049512,-0.046590,-0.000185,0.000116,0.000260,-0.000319
31.622090,0.340619,0.314204,-0.384400,-0.122036,-0.739353,0.531643,-0.277161,0.113177,-0.238965,0.529030,-0.201619,-0.411690,0.350574,-0.173824,-1.231397,-0.006996,1.846412,-1.933167,-1.378465,1.229803,-1.518462,0.023256,0.049162,-0.048464,-0.000270,-0.000361,0.001609,0.000949
31.622971,0.345786,0.314346,-0.388519,-0.120550,-0.738177,0.532435,-0.277310,0.115497,-0.238558,0.527660,-0.199251,-0.411497,0.350660,-0.173380,-1.231372,-0.006944,1.846367,-1.933169,-1.378462,1.229804,-1.518465,0.024207,0.049164,-0.047390,-0.000077,0.000945,0.001373,-0.000696
31.623933,0.346862,0.315225,-0.393780,-0.117541,-0.736185,0.532596,-0.276362,0.118478,-0.238632,0.527033,-0.197572,-0.411195,0.350799,-0.172942,-1.231350,-0.006895,1.846315,-1.933167,-1.378459,1.229803,-1.518462,0.023395,0.049444,-0.048246,0.000886,0.000763,0.000545,0.000906
31.624978,0.349456,0.313633,-0.401003,-0.114483,-0.735551,0.532997,-0.276290,0.121914,-0.239258,0.526873,-0.197088,-0.410751,0.350978,-0.172533,-1.231322,-0.006846,1.846265,-1.933167,-1.378464,1.229801,-1.518462,0.024788,0.049448,-0.048869,0.000576,-0.000064,0.000361,0.000394
31.625971,0.350008,0.316252,-0.402636,-0.111898,-0.733338,0.533338,-0.275409,0.125320,-0.240289,0.526592,-0.197560,-0.410216,0.351153,-0.172171,-1.231296,-0.006791,1.846217,-1.933169,-1.378461,1.229801,-1.518458,0.025605,0.050721,-0.048847,0.000501,0.000509,-0.000079,0.001778
31.626963,0.352267,0.317777,-0.407523,-0.108136,-0.731216,0.533233,-0.273512,0.127933,-0.241298,0.525343,-0.198561,-0.409668,0.351272,-0.171868,-1.231266,-0.006742,1.846159,-1.933167,-1.378462,1.229797,-1.518461,0.027292,0.049860,-0.051335,0.000677,-0.000546,-0.000440,0.001458
31.627995,0.355297,0.319329,-0.414577,-0.105170,-0.732811,0.533314,-0.273322,0.130029,-0.241893,0.523361,-0.199556,-0.409138,0.351386,-0.171624,-1.231236,-0.006694,1.846106,-1.933169,-1.378465,1.229798,-1.518466,0.028103,0.049590,-0.052211,-0.000248,-0.001467,-0.000374,-0.000893
31.628958,0.357905,0.320799,-0.420187,-0.104165,-0.729169,0.533020,-0.271671,0.131129,-0.241225,0.520195,-0.199672,-0.408722,0.351468,-0.171413,-1.231207,-0.006645,1.846054,-1.933170,-1.378458,1.229801,-1.518463,0.028644,0.049337,-0.052178,-0.000299,0.001304,-0.000516,0.000254
31.629964,0.362518,0.319061,-0.423690,-0.100470,-0.728859,0.532665,-0.271611,0.130186,-0.238720,0.514860,-0.199342,-0.408405,0.351415,-0.171206,-1.231178,-0.006597,1.846000,-1.933166,-1.378464,1.229801,-1.518467,0.029240,0.049056,-0.052581,0.001335,-0.001206,-0.000257,-0.001659
31.631134,0.362854,0.320417,-0.432655,-0.097075,-0.726306,0.531941,-0.271958,0.128548,-0.235653,0.508736,-0.199754,-0.408007,0.351302,-0.170988,-1.231151,-0.006545,1.845942,-1.933166,-1.378462,1.229801,-1.518463,0.028943,0.050398,-0.054167,0.000448,-0.000318,0.000056,-0.000296
31.631990,0.370022,0.320293,-0.436490,-0.093840,-0.725775,0.530811,-0.270514,0.127614,-0.233312,0.503228,-0.200713,-0.407521,0.351211,-0.170736,-1.231117,-0.006495,1.845889,-1.933164,-1.378465,1.229803,-1.518460,0.031112,0.050358,-0.053703,0.000310,-0.001495,0.000728,0.002100
31.632968,0.372241,0.320535,-0.440876,-0.089916,-0.725236,0.530433,-0.270772,0.126923,-0.231465,0.497911,-0.201389,-0.407075,0.351079,-0.170447,-1.231092,-0.006445,1.845832,-1.933166,-1.378462,1.229806,-1.518463,0.029177,0.050737,-0.054543,-0.000476,-0.001030,0.001808,0.000433
31.634009,0.374659,0.320853,-0.448180,-0.088404,-0.722499,0.530837,-0.269245,0.128089,-0.230859,0.494428,-0.200876,-0.406717,0.351021,-0.170146,-1.231060,-0.006393,1.845775,-1.933170,-1.378462,1.229806,-1.518457,0.029991,0.051038,-0.055576,-0.001557,-0.000422,0.002142,0.002386
31.635008,0.375249,0.327637,-0.450236,-0.086133,-0.722338,0.531626,-0.269139,0.131539,-0.231779,0.493192,-0.199227,-0.406421,0.351073,-0.169861,-1.231029,-0.006342,1.845719,-1.933165,-1.378466,1.229804,-1.518463,0.030831,0.051387,-0.055408,-0.000214,-0.001923,0.001698,0.000839
31.635983,0.381630,0.327730,-0.459589,-0.082530,-0.720444,0.532470,-0.267592,0.134520,-0.232320,0.491449,-0.197825,-0.406088,0.351052,-0.169613,-1.230992,-0.006300,1.845657,-1.933165,-1.378463,1.229803,-1.518460,0.032425,0.048519,-0.057655,0.000303,-0.000916,0.000871,0.002094
31.636984,0.382451,0.329141,-0.463089,-0.081104,-0.718903,0.532211,-0.266513,0.135290,-0.230644,0.487496,-0.196929,-0.405716,0.350887,-0.169409,-1.230963,-0.006250,1.845601,-1.933168,-1.378464,1.229800,-1.518462,0.031133,0.048953,-0.056171,-0.000479,-0.001676,0.000007,0.000403
31.638059,0.387057,0.326510,-0.471384,-0.077377,-0.718768,0.532078,-0.266230,0.134009,-0.226896,0.481523,-0.196350,-0.405329,0.350616,-0.169256,-1.230927,-0.006202,1.845538,-1.933166,-1.378466,1.229801,-1.518464,0.032652,0.048738,-0.057704,0.000892,-0.002017,0.000229,-0.000281
31.639017,0.387705,0.329557,-0.474602,-0.073227,-0.717965,0.532262,-0.265175,0.131661,-0.222640,0.474512,-0.196581,-0.404870,0.350281,-0.169142,-1.230895,-0.006150,1.845482,-1.933167,-1.378464,1.229803,-1.518461,0.032450,0.050606,-0.057156,0.000187,-0.000898,0.000308,0.000727
31.640026,0.392614,0.329169,-0.478271,-0.071859,-0.716699,0.532540,-0.264343,0.128904,-0.218744,0.467105,-0.196752,-0.404446,0.349914,-0.169015,-1.230858,-0.006104,1.845419,-1.933170,-1.378464,1.229804,-1.518465,0.033933,0.049528,-0.058646,-0.001188,-0.000586,0.000078,0.000009
31.640954,0.393085,0.329885,-0.486235,-0.068309,-0.715752,0.531976,-0.263985,0.126847,-0.215609,0.460392,-0.195974,-0.404127,0.349615,-0.168838,-1.230825,-0.006052,1.845358,-1.933165,-1.378463,1.229804,-1.518466,0.033406,0.050195,-0.060113,0.000180,-0.000682,-0.000243,-0.000172
31.641954,0.399417,0.330131,-0.487661,-0.066592,-0.714854,0.531699,-0.263083,0.125912,-0.213506,0.454787,-0.194850,-0.403830,0.349417,-0.168599,-1.230787,-0.006002,1.845298,-1.933167,-1.378462,1.229803,-1.518462,0.034903,0.050220,-0.059104,-0.000741,-0.000556,0.000295,0.000454
31.643017,0.402978,0.335229,-0.495472,-0.063873,-0.712185,0.532023,-0.263158,0.126042,-0.212586,0.450240,-0.193875,-0.403510,0.349305,-0.168294,-1.230755,-0.005952,1.845231,-1.933164,-1.378461,1.229803,-1.518465,0.033653,0.050573,-0.061621,0.000323,-0.000289,0.000529,0.000111
31.644011,0.403196,0.330682,-0.498203,-0.059702,-0.712146,0.531897,-0.261328,0.128491,-0.213208,0.448004,-0.193499,-0.403055,0.349392,-0.167936,-1.230720,-0.005905,1.845171,-1.933162,-1.378464,1.229806,-1.518457,0.033949,0.048580,-0.061224,0.000548,-0.001691,0.000143,0.001799
31.645000,0.404334,0.335424,-0.503969,-0.057962,-0.711550,0.532250,-0.261538,0.132966,-0.214937,0.447744,-0.193551,-0.402495,0.349651,-0.167551,-1.230680,-0.005849,1.845105,-1.933166,-1.378462,1.229803,-1.518460,0.035689,0.051290,-0.063056,-0.000748,-0.000569,0.000252,-0.000440
31.646077,0.406704,0.336095,-0.507846,-0.054020,-0.711063,0.531955,-0.260441,0.137715,-0.216983,0.447653,-0.193399,-0.401995,0.349926,-0.167172,-1.230640,-0.005804,1.845041,-1.933164,-1.378461,1.229802,-1.518455,0.036939,0.049390,-0.063345,0.000270,-0.000013,-0.000141,0.001442
31.646975,0.410390,0.334596,-0.512116,-0.051054,-0.710309,0.531993,-0.259689,0.141136,-0.218167,0.446158,-0.192919,-0.401617,0.350102,-0.166829,-1.230602,-0.005756,1.844974,-1.933166,-1.378462,1.229802,-1.518456,0.037797,0.049650,-0.064929,-0.000609,0.000769,0.000114,0.000795
31.647969,0.415428,0.338356,-0.514452,-0.050126,-0.709653,0.532210,-0.258713,0.143990,-0.218816,0.444072,-0.191715,-0.401371,0.350244,-0.166549,-1.230565,-0.005704,1.844908,-1.933168,-1.378460,1.229802,-1.518460,0.037595,0.050748,-0.065577,-0.000999,0.001048,0.000038,0.000619
31.649035,0.416845,0.338894,-0.521046,-0.046076,-0.707353,0.532218,-0.257671,0.149287,-0.220948,0.444424,-0.190167,-0.401116,0.350590,-0.166355,-1.230529,-0.005657,1.844836,-1.933164,-1.378459,1.229802,-1.518459,0.036949,0.049352,-0.067544,0.000803,0.001545,-0.000222,0.000108
31.649969,0.419313,0.338338,-0.527311,-0.042702,-0.707129,0.532509,-0.256965,0.157679,-0.224745,0.447884,-0.189186,-0.400703,0.351200,-0.166248,-1.230489,-0.005606,1.844769,-1.933166,-1.378459,1.229801,-1.518460,0.038262,0.049627,-0.067685,-0.000222,0.000484,-0.000266,-0.000417
31.651059,0.422826,0.337190,-0.535440,-0.039389,-0.704762,0.532711,-0.255919,0.166743,-0.228732,0.452055,-0.188231,-0.400276,0.351870,-0.166198,-1.230448,-0.005557,1.844702,-1.933168,-1.378459,1.229801,-1.518462,0.038708,0.050314,-0.067478,-0.000921,0.001366,-0.000596,-0.000453
31.652102,0.426174,0.337926,-0.539040,-0.037094,-0.704620,0.533277,-0.255616,0.174388,-0.232121,0.454878,-0.186560,-0.400013,0.352414,-0.166164,-1.230409,-0.005503,1.844636,-1.933170,-1.378462,1.229801,-1.518463,0.039020,0.051411,-0.066985,-0.001116,0.000287,-0.000841,-0.000959
31.653125,0.431054,0.339728,-0.542241,-0.035669,-0.704475,0.532356,-0.254540,0.180932,-0.235513,0.456676,-0.184585,-0.399852,0.352860,-0.166117,-1.230368,-0.005452,1.844565,-1.933168,-1.378461,1.229798,-1.518460,0.039286,0.051539,-0.068517,-0.000518,0.001381,-0.001433,-0.000043
31.653972,0.433859,0.340932,-0.548255,-0.032983,-0.702601,0.532212,-0.254012,0.188617,-0.240175,0.459671,-0.183363,-0.399569,0.353399,-0.166037,-1.230331,-0.005403,1.844493,-1.933166,-1.378458,1.229801,-1.518464,0.038766,0.051142,-0.070143,0.000896,0.002405,-0.000556,-0.000704
31.655063,0.436880,0.342695,-0.555020,-0.029180,-0.701004,0.532185,-0.253775,0.198493,-0.246329,0.464899,-0.183553,-0.399029,0.354108,-0.165919,-1.230293,-0.005352,1.844422,-1.933166,-1.378460,1.229801,-1.518460,0.038897,0.050844,-0.069657,0.000591,0.001528,-0.000453,-0.000533
31.656018,0.436552,0.345363,-0.557215,-0.028056,-0.698681,0.530875,-0.252364,0.208481,-0.252256,0.470238,-0.184441,-0.398380,0.354805,-0.165764,-1.230252,-0.005301,1.844352,-1.933166,-1.378461,1.229801,-1.518458,0.039440,0.050520,-0.069804,-0.000150,0.001224,-0.000472,0.000584
31.657012,0.442917,0.345552,-0.562741,-0.022525,-0.699064,0.531992,-0.252608,0.216199,-0.256175,0.473213,-0.185530,-0.397752,0.355287,-0.165591,-1.230208,-0.005254,1.844278,-1.933163,-1.378463,1.229806,-1.518462,0.041307,0.049636,-0.071650,0.001379,0.000035,0.000782,-0.000855
31.658006,0.446692,0.346446,-0.568595,-0.020925,-0.696546,0.531823,-0.251978,0.222000,-0.258102,0.474136,-0.186429,-0.397175,0.355585,-0.165409,-1.230169,-0.005202,1.844205,-1.933171,-1.378460,1.229802,-1.518457,0.039939,0.049989,-0.071980,-0.001211,0.001582,-0.000371,0.001094
31.658940,0.450641,0.347005,-0.574439,-0.018083,-0.695587,0.530607,-0.250823,0.228120,-0.259410,0.475291,-0.186068,-0.396697,0.355908,-0.165213,-1.230128,-0.005152,1.844134,-1.933168,-1.378462,1.229802,-1.518457,0.039885,0.050005,-0.072175,-0.000051,0.000213,-0.000230,0.001266
31.660040,0.453896,0.347112,-0.578369,-0.014794,-0.695039,0.530571,-0.250287,0.235198,-0.260865,0.477388,-0.184812,-0.396244,0.356309,-0.165028,-1.230090,-0.005100,1.844061,-1.933168,-1.378462,1.229806,-1.518460,0.039633,0.050110,-0.072103,-0.000272,0.000369,0.000936,0.000315
31.661027,0.459963,0.349658,-0.584589,-0.011550,-0.693655,0.530350,-0.248993,0.243231,-0.262877,0.480436,-0.183475,-0.395723,0.356756,-0.164877,-1.230047,-0.005050,1.843982,-1.933168,-1.378459,1.229803,-1.518458,0.040345,0.050760,-0.074097,-0.000082,0.001222,0.000926,0.000973
31.662068,0.463467,0.350393,-0.593980,-0.007042,-0.691637,0.530698,-0.247629,0.253581,-0.266393,0.485779,-0.182304,-0.395077,0.357356,-0.164751,-1.230008,-0.004999,1.843907,-1.933167,-1.378460,1.229805,-1.518461,0.039811,0.050244,-0.075202,0.000402,0.001324,0.001089,0.000104
31.662999,0.467141,0.352921,-0.604159,-0.003453,-0.688690,0.531172,-0.246625,0.266121,-0.271268,0.493337,-0.181400,-0.394316,0.358118,-0.164638,-1.229966,-0.004947,1.843833,-1.933168,-1.378462,1.229802,-1.518461,0.040729,0.050705,-0.075030,-0.000167,0.000895,0.000704,-0.000800
31.664020,0.471103,0.354580,-0.614126,-0.000453,-0.686889,0.531116,-0.245701,0.277456,-0.275414,0.499791,-0.180465,-0.393596,0.358790,-0.164511,-1.229925,-0.004897,1.843761,-1.933168,-1.378467,1.229801,-1.518461,0.041209,0.050136,-0.073912,-0.000225,-0.000611,0.000187,-0.001174
31.664979,0.475571,0.355730,-0.620568,0.003872,-0.686536,0.531125,-0.246119,0.283778,-0.276559,0.501363,-0.179741,-0.393002,0.359084,-0.164348,-1.229884,-0.004846,1.843690,-1.933166,-1.378465,1.229802,-1.518463,0.041826,0.050114,-0.073378,0.000602,-0.000890,0.000195,-0.001228
31.666056,0.480920,0.355904,-0.630365,0.007370,-0.683757,0.531199,-0.244200,0.284596,-0.274461,0.497538,-0.179542,-0.392502,0.358964,-0.164135,-1.229841,-0.004796,1.843612,-1.933168,-1.378461,1.229801,-1.518457,0.041977,0.050279,-0.074231,-0.000075,0.000185,0.000143,0.001287
31.667051,0.487103,0.356728,-0.639694,0.013056,-0.684336,0.530526,-0.243940,0.282296,-0.270697,0.490670,-0.179655,-0.392047,0.358617,-0.163878,-1.229799,-0.004742,1.843540,-1.933165,-1.378463,1.229801,-1.518460,0.042059,0.051056,-0.074057,0.000453,-0.000981,0.000010,-0.000700
31.667992,0.492505,0.357171,-0.650904,0.012877,-0.681503,0.530475,-0.243029,0.278945,-0.266622,0.482816,-0.179412,-0.391666,0.358194,-0.163603,-1.229757,-0.004690,1.843467,-1.933171,-1.378459,1.229801,-1.518459,0.041472,0.051397,-0.073687,-0.001365,0.001097,0.000641,0.000549
31.669022,0.498424,0.361643,-0.654164,0.017966,-0.679668,0.530814,-0.241680,0.274814,-0.262568,0.474252,-0.179140,-0.391335,0.357690,-0.163346,-1.229715,-0.004636,1.843397,-1.933161,-1.378463,1.229801,-1.518458,0.041124,0.051835,-0.072124,0.002196,-0.000315,0.000638,0.000352
31.670070,0.502963,0.360207,-0.659688,0.023077,-0.679198,0.531433,-0.240165,0.270610,-0.258815,0.465672,-0.180381,-0.390832,0.357169,-0.163149,-1.229676,-0.004587,1.843317,-1.933163,-1.378464,1.229801,-1.518460,0.040810,0.050434,-0.074934,0.001005,-0.000578,0.000245,-0.000540
31.671006,0.506217,0.365073,-0.670449,0.025083,-0.677753,0.531061,-0.238929,0.269733,-0.256689,0.460427,-0.182286,-0.390115,0.356947,-0.163028,-1.229633,-0.004532,1.843236,-1.933167,-1.378464,1.229800,-1.518460,0.041205,0.051973,-0.076642,-0.000057,0.000547,-0.000420,-0.001743
31.671967,0.507382,0.360902,-0.675868,0.030331,-0.677371,0.530287,-0.238818,0.272488,-0.256027,0.458819,-0.183550,-0.389332,0.357071,-0.162967,-1.229589,-0.004483,1.843165,-1.933163,-1.378463,1.229800,-1.518464,0.041887,0.050232,-0.075240,0.001419,0.000488,-0.000084,-0.002557
31.673085,0.513352,0.359470,-0.686015,0.032325,-0.675857,0.530381,-0.237168,0.274953,-0.254815,0.456950,-0.184431,-0.388615,0.357197,-0.162940,-1.229543,-0.004423,1.843084,-1.933167,-1.378461,1.229802,-1.518459,0.043674,0.052980,-0.076580,-0.000141,0.001550,0.000631,-0.001095
31.674075,0.518980,0.360499,-0.690747,0.038262,-0.673962,0.530918,-0.236638,0.276544,-0.253790,0.454209,-0.185471,-0.387974,0.357226,-0.162919,-1.229499,-0.004365,1.843008,-1.933161,-1.378462,1.229802,-1.518462,0.043525,0.054543,-0.076392,0.001993,0.001717,0.000474,-0.002457
31.674979,0.520613,0.363211,-0.698978,0.040169,-0.672972,0.530711,-0.236554,0.279956,-0.255218,0.453275,-0.187047,-0.387291,0.357357,-0.162890,-1.229458,-0.004311,1.842926,-1.933166,-1.378462,1.229801,-1.518462,0.043221,0.054738,-0.078218,-0.000121,0.001308,-0.000113,-0.001766
31.675951,0.525764,0.366396,-0.709398,0.044921,-0.670633,0.529879,-0.235184,0.285530,-0.258565,0.454495,-0.188571,-0.386584,0.357650,-0.162823,-1.229411,-0.004257,1.842848,-1.933164,-1.378461,1.229801,-1.518460,0.044587,0.053985,-0.077842,0.001378,0.001681,0.000057,-0.000354
31.676968,0.530992,0.368769,-0.711282,0.048078,-0.669068,0.529900,-0.235108,0.289436,-0.260606,0.454051,-0.189694,-0.385974,0.357810,-0.162711,-1.229365,-0.004204,1.842773,-1.933166,-1.378462,1.229803,-1.518461,0.044384,0.053116,-0.076778,0.000333,0.000809,0.000838,-0.001416
31.677958,0.535315,0.371251,-0.720559,0.051558,-0.667680,0.531011,-0.233474,0.290607,-0.260078,0.450871,-0.190309,-0.385473,0.357754,-0.162580,-1.229320,-0.004152,1.842685,-1.933164,-1.378462,1.229803,-1.518456,0.044314,0.052724,-0.080116,0.000994,0.000784,0.000758,0.000219
31.679160,0.540936,0.370762,-0.727420,0.057142,-0.665645,0.531371,-0.233352,0.291933,-0.258481,0.447835,-0.190562,-0.384943,0.357739,-0.162459,-1.229275,-0.004101,1.842607,-1.933166,-1.378465,1.229801,-1.518460,0.044618,0.052243,-0.079652,0.001291,0.000914,-0.000404,-0.001335
31.680043,0.542161,0.370866,-0.735455,0.058325,-0.664721,0.531122,-0.232502,0.294722,-0.256939,0.446287,-0.190546,-0.384339,0.357898,-0.162366,-1.229230,-0.004044,1.842524,-1.933169,-1.378463,1.229801,-1.518457,0.044910,0.053492,-0.081501,0.000300,0.000674,-0.000811,0.000543
31.680938,0.548564,0.371772,-0.738016,0.063286,-0.663497,0.531660,-0.230822,0.298673,-0.256119,0.445951,-0.190572,-0.383668,0.358196,-0.162308,-1.229182,-0.003989,1.842444,-1.933163,-1.378460,1.229801,-1.518457,0.046402,0.054006,-0.081084,0.002350,0.001056,-0.000605,0.000367
31.681991,0.550369,0.371272,-0.748153,0.067145,-0.661385,0.528846,-0.230527,0.303778,-0.256575,0.446826,-0.191226,-0.382876,0.358621,-0.162295,-1.229139,-0.003934,1.842356,-1.933166,-1.378460,1.229800,-1.518461,0.045368,0.054142,-0.083430,0.000815,0.001174,-0.001185,-0.001425
31.683010,0.555106,0.374232,-0.758705,0.071767,-0.660172,0.530093,-0.228957,0.310473,-0.258546,0.449339,-0.191816,-0.382031,0.359181,-0.162315,-1.229090,-0.003878,1.842276,-1.933166,-1.378462,1.229805,-1.518459,0.047092,0.055192,-0.082856,0.000951,0.000665,0.001576,-0.000151
31.684016,0.560586,0.373151,-0.763477,0.075246,-0.657270,0.529460,-0.228042,0.315969,-0.260295,0.450699,-0.191574,-0.381323,0.359609,-0.162332,-1.229040,-0.003826,1.842198,-1.933166,-1.378461,1.229801,-1.518463,0.047199,0.054484,-0.081926,0.000185,0.000989,0.000265,-0.001523
31.685013,0.565574,0.371291,-0.772365,0.078208,-0.654932,0.529469,-0.228087,0.318705,-0.260759,0.449348,-0.190475,-0.380804,0.359791,-0.162316,-1.228994,-0.003765,1.842111,-1.933166,-1.378464,1.229803,-1.518465,0.046946,0.055718,-0.083761,0.000513,-0.000388,0.000857,-0.001569
31.686137,0.571539,0.375156,-0.778776,0.083239,-0.653031,0.529508,-0.226684,0.321825,-0.262216,0.448390,-0.189434,-0.380258,0.359996,-0.162234,-1.228948,-0.003704,1.842027,-1.933164,-1.378464,1.229802,-1.518464,0.046923,0.057307,-0.083481,0.001273,-0.001216,0.000793,0.000276
31.687051,0.574788,0.376175,-0.788020,0.085912,-0.652281,0.529803,-0.226657,0.327276,-0.266058,0.449745,-0.189130,-0.379541,0.360372,-0.162052,-1.228900,-0.003653,1.841938,-1.933166,-1.378463,1.229804,-1.518466,0.046769,0.056305,-0.085064,0.000525,-0.001424,0.000690,-0.000582
31.687943,0.577490,0.376621,-0.792584,0.090164,-0.651316,0.530707,-0.225603,0.333903,-0.270900,0.452265,-0.189113,-0.378729,0.360841,-0.161757,-1.228852,-0.003595,1.841858,-1.933164,-1.378460,1.229804,-1.518459,0.047337,0.056382,-0.084207,0.001271,-0.000822,0.000347,0.000959
31.688904,0.579429,0.375158,-0.797162,0.093307,-0.648374,0.530730,-0.225193,0.339638,-0.275089,0.453900,-0.188974,-0.377953,0.361244,-0.161378,-1.228802,-0.003540,1.841771,-1.933165,-1.378460,1.229803,-1.518459,0.048088,0.056738,-0.085549,0.000413,-0.000444,-0.000603,0.000392
31.689931,0.581786,0.381156,-0.806116,0.096770,-0.648895,0.530185,-0.224261,0.344656,-0.278944,0.454831,-0.188577,-0.377258,0.361587,-0.160969,-1.228749,-0.003479,1.841681,-1.933163,-1.378465,1.229803,-1.518457,0.049397,0.058085,-0.087178,0.000876,-0.001912,-0.000664,0.001255
31.691018,0.585850,0.381203,-0.813676,0.102457,-0.646135,0.530018,-0.222908,0.348389,-0.282072,0.454530,-0.188180,-0.376636,0.361811,-0.160585,-1.228695,-0.003426,1.841594,-1.933162,-1.378460,1.229802,-1.518455,0.050682,0.055849,-0.086981,0.001258,0.000147,-0.000160,0.001173
31.691956,0.591751,0.382610,-0.820866,0.106815,-0.645815,0.529253,-0.221806,0.348245,-0.282278,0.450464,-0.187398,-0.376202,0.361703,-0.160268,-1.228641,-0.003369,1.841503,-1.933166,-1.378464,1.229801,-1.518456,0.051286,0.056683,-0.087769,-0.000240,-0.000968,-0.000041,0.000362
31.692965,0.594018,0.382961,-0.824347,0.110143,-0.643894,0.529288,-0.220073,0.344955,-0.279684,0.443369,-0.184970,-0.376078,0.361322,-0.160043,-1.228590,-0.003311,1.841416,-1.933167,-1.378462,1.229805,-1.518457,0.050547,0.056588,-0.087993,-0.001004,0.000123,0.000658,-0.000198
31.694038,0.597432,0.381942,-0.828173,0.113697,-0.642348,0.528848,-0.220473,0.341697,-0.276385,0.436376,-0.180713,-0.376178,0.360930,-0.159919,-1.228535,-0.003253,1.841320,-1.933167,-1.378463,1.229803,-1.518459,0.051831,0.057129,-0.090378,-0.000510,-0.000276,0.000579,-0.001900
31.695024,0.598291,0.383934,-0.836392,0.116666,-0.640215,0.528496,-0.219141,0.341511,-0.274710,0.432447,-0.175945,-0.376241,0.360770,-0.159875,-1.228480,-0.003192,1.841222,-1.933166,-1.378462,1.229802,-1.518455,0.052709,0.058406,-0.092866,-0.000023,-0.000207,0.000974,0.000803
31.695923,0.601707,0.385720,-0.844298,0.119738,-0.638582,0.528732,-0.218344,0.344641,-0.275341,0.431812,-0.172113,-0.376085,0.360847,-0.159874,-1.228423,-0.003134,1.841128,-1.933166,-1.378464,1.229802,-1.518458,0.054587,0.058071,-0.092736,0.000742,-0.000847,0.001273,-0.000160
31.696919,0.599997,0.385535,-0.846061,0.123821,-0.638937,0.529104,-0.217977,0.347124,-0.275838,0.430561,-0.169880,-0.375743,0.360837,-0.159879,-1.228367,-0.003078,1.841035,-1.933165,-1.378465,1.229802,-1.518462,0.054917,0.057752,-0.092339,0.001040,-0.001113,0.000986,-0.000157
31.697919,0.602414,0.387797,-0.849040,0.128063,-0.635861,0.529268,-0.216443,0.346539,-0.274457,0.426279,-0.168905,-0.375336,0.360559,-0.159844,-1.228303,-0.003016,1.840935,-1.933165,-1.378462,1.229802,-1.518460,0.058045,0.058497,-0.095467,0.000712,0.000733,0.000564,0.000853
31.698942,0.604495,0.389694,-0.854749,0.130879,-0.634699,0.529645,-0.216137,0.342755,-0.268847,0.415120,-0.167479,-0.374503,0.359812,-0.159560,-1.228178,-0.002900,1.840727,-1.933163,-1.378463,1.229801,-1.518458,0.060410,0.057831,-0.099134,0.001272,-0.000455,-0.000073,0.000705
31.700013,0.611915,0.387921,-0.864330,0.135623,-0.633542,0.529528,-0.214518,0.342755,-0.268847,0.415120,-0.167479,-0.374503,0.359812,-0.159560,-1.228178,-0.002900,1.840727,-1.933163,-1.378463,1.229801,-1.518458,0.060410,0.057831,-0.099134,0.001272,-0.000455,-0.000073,0.000705
31.701014,0.613403,0.388723,-0.870601,0.138508,-0.631229,0.530231,-0.214431,0.342289,-0.266047,0.411078,-0.166996,-0.373974,0.359586,-0.159343,-1.228122,-0.002838,1.840629,-1.933163,-1.378463,1.229802,-1.518459,0.059244,0.059487,-0.098711,0.000549,0.000003,-0.000008,-0.000682
31.701926,0.609845,0.390831,-0.871129,0.143846,-0.630752,0.530243,-0.213009,0.343663,-0.264401,0.408951,-0.166901,-0.373344,0.359510,-0.159119,-1.228057,-0.002777,1.840527,-1.933160,-1.378465,1.229801,-1.518454,0.060774,0.059740,-0.099574,0.001412,-0.000799,-0.000765,0.000906
31.703045,0.615139,0.390904,-0.881180,0.147207,-0.628276,0.530455,-0.210932,0.345558,-0.262999,0.407348,-0.166732,-0.372725,0.359473,-0.158915,-1.227985,-0.002718,1.840417,-1.933164,-1.378462,1.229801,-1.518456,0.064479,0.059241,-0.102755,-0.000412,0.000094,-0.000815,-0.000366
31.703980,0.616904,0.390850,-0.886792,0.151071,-0.626513,0.530266,-0.211344,0.346064,-0.260256,0.404365,-0.165690,-0.372270,0.359326,-0.158749,-1.227921,-0.002656,1.840313,-1.933162,-1.378465,1.229801,-1.518461,0.064405,0.060020,-0.102262,0.000439,-0.000691,-0.001080,-0.002552
31.704970,0.617137,0.393083,-0.893450,0.155771,-0.627009,0.528735,-0.209555,0.344927,-0.256264,0.399824,-0.164103,-0.371947,0.359042,-0.158629,-1.227853,-0.002595,1.840207,-1.933162,-1.378465,1.229800,-1.518454,0.065557,0.060617,-0.103065,0.000102,-0.001032,-0.000928,-0.000073
31.705959,0.622652,0.391633,-0.893796,0.157203,-0.625039,0.529275,-0.208833,0.341467,-0.250745,0.393071,-0.162039,-0.371769,0.358549,-0.158539,-1.227782,-0.002532,1.840105,-1.933166,-1.378462,1.229805,-1.518461,0.067590,0.060114,-0.103653,-0.000773,0.000941,0.000538,-0.001935
31.706942,0.621852,0.390224,-0.902285,0.161722,-0.622931,0.529883,-0.208399,0.337219,-0.244584,0.385588,-0.159690,-0.371668,0.357966,-0.158463,-1.227715,-0.002468,1.839989,-1.933160,-1.378463,1.229802,-1.518463,0.067005,0.061465,-0.107260,0.001427,0.000452,-0.000054,-0.001620
31.707935,0.625781,0.389398,-0.906917,0.166210,-0.620364,0.529001,-0.206786,0.335805,-0.240530,0.380919,-0.158439,-0.371377,0.357595,-0.158377,-1.227642,-0.002404,1.839883,-1.933162,-1.378462,1.229801,-1.518461,0.069528,0.062775,-0.106813,0.000628,-0.000185,-0.000707,-0.000773
31.709030,0.630557,0.390635,-0.914054,0.170323,-0.618623,0.528005,-0.206840,0.337098,-0.238969,0.378897,-0.158183,-0.370922,0.357429,-0.158246,-1.227572,-0.002339,1.839770,-1.933164,-1.378465,1.229802,-1.518464,0.069714,0.063784,-0.108322,-0.000056,-0.001228,0.000132,-0.002274
31.710020,0.628323,0.387517,-0.915387,0.172952,-0.617777,0.529617,-0.206399,0.340635,-0.239425,0.379058,-0.157916,-0.370414,0.357408,-0.158045,-1.227502,-0.002276,1.839657,-1.933165,-1.378465,1.229806,-1.518460,0.069795,0.063930,-0.109088,0.000019,-0.001308,0.001055,-0.000232
31.710946,0.636949,0.390791,-0.923374,0.177767,-0.616429,0.530084,-0.205203,0.347197,-0.242335,0.382190,-0.157931,-0.369767,0.357591,-0.157779,-1.227421,-0.002206,1.839538,-1.933162,-1.378464,1.229803,-1.518457,0.072978,0.066048,-0.112170,0.001063,-0.000670,-0.000614,0.000592
31.711998,0.638497,0.391236,-0.929070,0.179880,-0.616356,0.529675,-0.204865,0.356868,-0.247657,0.388409,-0.158411,-0.368950,0.358035,-0.157478,-1.227356,-0.002143,1.839425,-1.933165,-1.378468,1.229803,-1.518457,0.070623,0.064910,-0.111598,-0.000196,-0.000590,-0.001116,-0.000196
31.713052,0.641865,0.390798,-0.935899,0.185587,-0.614419,0.528925,-0.203100,0.368963,-0.254309,0.397118,-0.158941,-0.368017,0.358728,-0.157179,-1.227280,-0.002078,1.839310,-1.933161,-1.378464,1.229804,-1.518453,0.072161,0.065391,-0.112857,0.001605,0.000898,-0.000758,0.000974
31.714011,0.640986,0.392092,-0.940484,0.187889,-0.612321,0.528480,-0.202514,0.381780,-0.261047,0.406651,-0.159440,-0.367021,0.359513,-0.156917,-1.227208,-0.002012,1.839196,-1.933165,-1.378465,1.229803,-1.518457,0.072805,0.066286,-0.113549,-0.000059,0.000539,-0.000049,-0.000726
31.715012,0.645935,0.392322,-0.948532,0.191579,-0.611568,0.528439,-0.200876,0.393280,-0.266802,0.414944,-0.159736,-0.366054,0.360187,-0.156718,-1.227130,-0.001947,1.839078,-1.933161,-1.378466,1.229804,-1.518456,0.075222,0.066186,-0.114828,0.001200,-0.000103,0.000335,-0.000203
31.715941,0.647207,0.394396,-0.949149,0.196278,-0.609325,0.528494,-0.200376,0.401680,-0.270521,0.420190,-0.160177,-0.365132,0.360604,-0.156596,-1.227056,-0.001879,1.838965,-1.933159,-1.378463,1.229802,-1.518458,0.074859,0.066654,-0.114644,0.001240,0.000637,0.000338,-0.001745
31.716941,0.653830,0.391809,-0.957398,0.201856,-0.607402,0.527309,-0.198976,0.407717,-0.272399,0.423101,-0.160576,-0.364250,0.360855,-0.156539,-1.226977,-0.001814,1.838842,-1.933161,-1.378465,1.229802,-1.518457,0.076109,0.066125,-0.117722,0.000086,-0.000199,0.000235,-0.001101
31.718045,0.654589,0.392523,-0.964646,0.205518,-0.606646,0.528232,-0.197975,0.414357,-0.273934,0.426605,-0.159352,-0.363500,0.361192,-0.156512,-1.226903,-0.001743,1.838724,-1.933165,-1.378465,1.229806,-1.518458,0.074912,0.067974,-0.117348,-0.001623,-0.000618,0.001360,-0.002166
31.719043,0.656530,0.394651,-0.970498,0.207008,-0.606070,0.528636,-0.197674,0.422497,-0.276059,0.431557,-0.155848,-0.362954,0.361657,-0.156486,-1.226822,-0.001674,1.838605,-1.933165,-1.378461,1.229803,-1.518459,0.076936,0.068313,-0.118050,-0.001093,0.000263,0.000380,-0.002223
31.720184,0.660267,0.397857,-0.972864,0.212891,-0.602651,0.527813,-0.197011,0.429666,-0.277770,0.435471,-0.151752,-0.362525,0.362054,-0.156441,-1.226741,-0.001609,1.838483,-1.933158,-1.378459,1.229802,-1.518457,0.078003,0.067853,-0.118852,0.001056,0.001176,-0.000065,-0.001077
31.720978,0.660479,0.397477,-0.981710,0.215535,-0.601802,0.528947,-0.196319,0.435080,-0.278298,0.437603,-0.148531,-0.362068,0.362346,-0.156355,-1.226660,-0.001542,1.838358,-1.933162,-1.378462,1.229803,-1.518454,0.078614,0.067037,-0.122120,-0.000463,-0.000522,0.000706,-0.000423
31.721968,0.661177,0.399209,-0.983462,0.218583,-0.600811,0.528683,-0.195762,0.439070,-0.277358,0.438349,-0.145585,-0.361633,0.362562,-0.156228,-1.226577,-0.001472,1.838242,-1.933160,-1.378463,1.229802,-1.518455,0.079931,0.067498,-0.120385,-0.000135,-0.000137,-0.000482,-0.000421
31.722956,0.665755,0.397184,-0.988298,0.221651,-0.598227,0.528406,-0.194809,0.439963,-0.274117,0.436055,-0.142762,-0.361294,0.362557,-0.156083,-1.226491,-0.001406,1.838112,-1.933158,-1.378462,1.229805,-1.518455,0.081543,0.067210,-0.123134,0.000518,0.000349,-0.000267,0.000201
31.724032,0.668850,0.400987,-0.993546,0.227914,-0.597430,0.528373,-0.194270,0.439192,-0.270005,0.432133,-0.140987,-0.360903,0.362425,-0.155943,-1.226412,-0.001333,1.837986,-1.933156,-1.378464,1.229806,-1.518453,0.081276,0.068740,-0.124341,0.001146,-0.000742,-0.000046,0.000010
31.724988,0.664793,0.400859,-0.998864,0.231225,-0.595608,0.529299,-0.192630,0.440005,-0.267062,0.429830,-0.139823,-0.360412,0.362421,-0.155817,-1.226328,-0.001264,1.837857,-1.933162,-1.378462,1.229803,-1.518452,0.081996,0.067493,-0.125765,-0.000939,0.000086,-0.000052,0.000819
31.725956,0.665526,0.399988,-1.003822,0.234424,-0.595357,0.528156,-0.192265,0.440745,-0.263830,0.427498,-0.137677,-0.360059,0.362432,-0.155718,-1.226232,-0.001194,1.837731,-1.933162,-1.378464,1.229800,-1.518456,0.085793,0.068064,-0.126553,-0.000613,-0.000287,-0.001015,-0.000798
31.726893,0.668829,0.399586,-1.007515,0.237748,-0.593351,0.527473,-0.191356,0.437651,-0.258323,0.421376,-0.134640,-0.359958,0.362150,-0.155653,-1.226142,-0.001123,1.837602,-1.933162,-1.378460,1.229802,-1.518455,0.087257,0.068996,-0.127557,-0.000150,0.000897,0.000089,0.000185
31.728028,0.673007,0.399449,-1.014287,0.240136,-0.590920,0.526375,-0.190202,0.431273,-0.251636,0.412020,-0.131865,-0.359962,0.361586,-0.155610,-1.226054,-0.001053,1.837466,-1.933161,-1.378462,1.229802,-1.518456,0.087379,0.069664,-0.128964,0.000061,0.000301,0.000717,-0.000002
31.728950,0.670455,0.403492,-1.020390,0.243889,-0.590820,0.526223,-0.189699,0.425173,-0.246301,0.402969,-0.130496,-0.359797,0.360987,-0.155577,-1.225967,-0.000980,1.837336,-1.933159,-1.378465,1.229807,-1.518457,0.087672,0.070435,-0.129909,0.001921,-0.000385,0.001734,-0.000322
31.729990,0.676767,0.404520,-1.024176,0.247448,-0.588737,0.526933,-0.188250,0.418888,-0.241852,0.393725,-0.131257,-0.359363,0.360294,-0.155544,-1.225870,-0.000912,1.837204,-1.933157,-1.378461,1.229807,-1.518456,0.090603,0.068855,-0.130069,0.001595,0.000880,0.001833,0.000289
31.730918,0.675701,0.402226,-1.029396,0.251293,-0.586418,0.528055,-0.188366,0.410349,-0.236213,0.382202,-0.133354,-0.358802,0.359369,-0.155489,-1.225781,-0.000842,1.837066,-1.933155,-1.378465,1.229804,-1.518459,0.089492,0.068967,-0.131941,0.001919,0.000386,0.001076,-0.000796
31.731983,0.680800,0.402648,-1.036680,0.256356,-0.585178,0.527458,-0.187134,0.401571,-0.230410,0.370397,-0.135899,-0.358155,0.358431,-0.155396,-1.225685,-0.000768,1.836934,-1.933155,-1.378466,1.229802,-1.518454,0.091714,0.070537,-0.132560,0.001573,-0.000523,-0.000081,0.001071
31.733103,0.681037,0.404167,-1.041820,0.260279,-0.584928,0.528132,-0.186111,0.394224,-0.225966,0.359985,-0.138176,-0.357468,0.357627,-0.155259,-1.225594,-0.000700,1.836800,-1.933156,-1.378465,1.229806,-1.518456,0.091271,0.070974,-0.132844,0.000572,-0.000158,0.000453,0.000449
31.733959,0.681911,0.401329,-1.045293,0.264255,-0.582140,0.528434,-0.185799,0.387908,-0.222664,0.350608,-0.139338,-0.356874,0.356921,-0.155087,-1.225496,-0.000630,1.836663,-1.933156,-1.378460,1.229803,-1.518456,0.093392,0.070933,-0.134468,0.000899,0.001238,-0.000266,0.000368
31.734996,0.687002,0.403418,-1.050087,0.268686,-0.580599,0.526952,-0.184312,0.382453,-0.220369,0.342113,-0.139283,-0.356414,0.356306,-0.154897,-1.225400,-0.000552,1.836525,-1.933156,-1.378462,1.229803,-1.518453,0.094388,0.072627,-0.135518,0.000143,-0.000270,-0.000607,0.001238
31.735951,0.689473,0.403313,-1.055077,0.269959,-0.581585,0.527777,-0.183316,0.378888,-0.219783,0.335548,-0.138011,-0.356058,0.355866,-0.154706,-1.225307,-0.000482,1.836383,-1.933160,-1.378463,1.229803,-1.518455,0.093852,0.072161,-0.136815,-0.000283,-0.000220,0.000841,0.000066
31.737038,0.693018,0.403521,-1.057362,0.274337,-0.578937,0.527870,-0.182531,0.378433,-0.221480,0.332143,-0.136178,-0.355668,0.355706,-0.154537,-1.225212,-0.000410,1.836245,-1.933152,-1.378460,1.229803,-1.518456,0.094371,0.072695,-0.137626,0.001904,0.002196,-0.000054,-0.000246
31.738038,0.688457,0.405461,-1.063095,0.278999,-0.576440,0.527656,-0.182065,0.381964,-0.225979,0.332751,-0.135216,-0.355045,0.355917,-0.154404,-1.225114,-0.000335,1.836099,-1.933152,-1.378461,1.229804,-1.518456,0.094721,0.073205,-0.140399,0.001598,0.001167,-0.000201,0.000096
31.739021,0.694010,0.406723,-1.067906,0.282274,-0.576343,0.526645,-0.181464,0.387979,-0.232165,0.335862,-0.135013,-0.354241,0.356368,-0.154291,-1.225007,-0.000263,1.835957,-1.933153,-1.378463,1.229806,-1.518455,0.098781,0.072754,-0.141006,0.000751,0.000194,-0.000049,0.000911
31.739941,0.699183,0.404352,-1.072098,0.285982,-0.573778,0.527007,-0.180102,0.392394,-0.237095,0.337467,-0.134560,-0.353489,0.356694,-0.154179,-1.224912,-0.000189,1.835810,-1.933151,-1.378461,1.229808,-1.518453,0.097789,0.072606,-0.141957,0.001162,0.001586,0.000911,0.001419
31.740966,0.701540,0.408698,-1.078084,0.289109,-0.572841,0.527724,-0.179452,0.396140,-0.241353,0.338577,-0.133750,-0.352763,0.356947,-0.154072,-1.224816,-0.000114,1.835665,-1.933149,-1.378465,1.229804,-1.518456,0.096835,0.074179,-0.142904,0.000876,0.000414,0.000512,0.000300
31.741954,0.708571,0.410455,-1.087135,0.294513,-0.570285,0.527443,-0.178318,0.401889,-0.246651,0.341883,-0.132931,-0.351935,0.357361,-0.153982,-1.224718,-0.000042,1.835521,-1.933147,-1.378462,1.229804,-1.518454,0.097605,0.072549,-0.143504,0.001575,0.001010,-0.000259,0.000799
31.742996,0.705586,0.408919,-1.091595,0.298308,-0.569159,0.526818,-0.177551,0.407958,-0.251392,0.345711,-0.131750,-0.351097,0.357840,-0.153903,-1.224624,0.000031,1.835379,-1.933150,-1.378466,1.229806,-1.518454,0.095921,0.072179,-0.142394,-0.000033,-0.000032,-0.000026,0.000248
31.744028,0.710221,0.410094,-1.095734,0.300431,-0.566935,0.526613,-0.176141,0.411893,-0.253955,0.347565,-0.129424,-0.350432,0.358173,-0.153829,-1.224517,0.000108,1.835236,-1.933150,-1.378463,1.229804,-1.518455,0.099341,0.073489,-0.143901,0.000129,0.000395,0.000561,0.000549
31.744971,0.714534,0.411510,-1.099959,0.305622,-0.565621,0.526645,-0.175489,0.413232,-0.254869,0.346891,-0.126838,-0.349875,0.358278,-0.153772,-1.224420,0.000182,1.835088,-1.933144,-1.378466,1.229807,-1.518454,0.098939,0.073442,-0.145417,0.001783,-0.000253,0.000695,-0.000486
31.745953,0.715544,0.413138,-1.100168,0.307807,-0.563565,0.526241,-0.175018,0.414180,-0.255723,0.345844,-0.124957,-0.349238,0.358337,-0.153725,-1.224322,0.000253,1.834938,-1.933147,-1.378463,1.229807,-1.518455,0.098469,0.073190,-0.146406,0.000196,-0.000162,0.000613,-0.000122
31.746933,0.717646,0.415033,-1.107433,0.311280,-0.561664,0.526034,-0.173280,0.417342,-0.257665,0.346993,-0.123401,-0.348461,0.358592,-0.153668,-1.224219,0.000326,1.834784,-1.933143,-1.378465,1.229808,-1.518453,0.099719,0.072869,-0.149582,0.001663,-0.000729,0.000966,0.000650
31.748045,0.720234,0.413646,-1.112124,0.315806,-0.559392,0.526577,-0.172934,0.422393,-0.260340,0.349999,-0.122556,-0.347501,0.359022,-0.153606,-1.224117,0.000399,1.834636,-1.933141,-1.378464,1.229809,-1.518458,0.100402,0.072411,-0.149228,0.001832,-0.001158,0.001118,-0.001117
31.748989,0.725545,0.416188,-1.116327,0.318787,-0.559679,0.527089,-0.172694,0.427427,-0.262896,0.352964,-0.122726,-0.346400,0.359461,-0.153545,-1.224014,0.000475,1.834479,-1.933140,-1.378466,1.229807,-1.518454,0.101241,0.073753,-0.150802,0.001485,-0.001742,0.000521,0.000147
31.749993,0.726086,0.416380,-1.117917,0.322924,-0.558123,0.527614,-0.170876,0.432909,-0.265899,0.356335,-0.123452,-0.345211,0.359957,-0.153467,-1.223917,0.000546,1.834328,-1.933138,-1.378461,1.229809,-1.518452,0.100262,0.072922,-0.151787,0.002029,-0.000059,-0.000046,0.001311
31.750992,0.725402,0.415235,-1.122654,0.327111,-0.555733,0.527932,-0.170615,0.440508,-0.270219,0.361745,-0.124348,-0.343936,0.360669,-0.153364,-1.223812,0.000619,1.834166,-1.933137,-1.378461,1.229805,-1.518455,0.101800,0.073367,-0.154298,0.001664,-0.000111,-0.000597,-0.000587
31.752052,0.729147,0.419374,-1.128154,0.331296,-0.554809,0.528023,-0.169156,0.449775,-0.275662,0.368698,-0.124979,-0.342671,0.361547,-0.153252,-1.223702,0.000694,1.834011,-1.933137,-1.378464,1.229803,-1.518450,0.103855,0.074427,-0.155239,0.001240,-0.000980,-0.000952,0.000648
31.752986,0.731097,0.420802,-1.134180,0.334359,-0.553562,0.528010,-0.168938,0.458507,-0.280978,0.375000,-0.124916,-0.341549,0.362389,-0.153146,-1.223598,0.000765,1.833851,-1.933136,-1.378463,1.229802,-1.518455,0.103915,0.072963,-0.156075,0.001044,-0.000300,-0.001092,-0.000422
31.754007,0.734508,0.423399,-1.138694,0.337048,-0.552908,0.527403,-0.167637,0.464556,-0.284433,0.378592,-0.124058,-0.340629,0.363027,-0.153055,-1.223492,0.000835,1.833691,-1.933133,-1.378464,1.229802,-1.518450,0.104505,0.072723,-0.156003,0.001464,-0.000136,-0.001122,0.000781
31.754992,0.734507,0.424777,-1.144401,0.341775,-0.550538,0.526723,-0.165823,0.467104,-0.285364,0.378713,-0.123117,-0.339840,0.363388,-0.152986,-1.223389,0.000904,1.833536,-1.933129,-1.378462,1.229805,-1.518453,0.104653,0.072007,-0.157204,0.002531,0.000740,-0.000580,-0.000044
31.756018,0.733553,0.427198,-1.145833,0.344726,-0.550665,0.527396,-0.166175,0.466000,-0.283755,0.375189,-0.122528,-0.339134,0.363427,-0.152948,-1.223277,0.000976,1.833377,-1.933128,-1.378468,1.229807,-1.518456,0.106309,0.071828,-0.157550,0.001499,-0.000107,0.000041,-0.001948
31.757135,0.733992,0.424865,-1.147928,0.349630,-0.548709,0.528001,-0.165104,0.460837,-0.279327,0.367535,-0.121915,-0.338578,0.363097,-0.152919,-1.223163,0.001045,1.833210,-1.933123,-1.378462,1.229806,-1.518451,0.108524,0.071216,-0.160195,0.002325,0.001529,-0.000689,0.000575
31.758021,0.735955,0.427302,-1.154249,0.354113,-0.548544,0.527090,-0.164066,0.453359,-0.273485,0.357467,-0.121183,-0.338139,0.362557,-0.152868,-1.223048,0.001123,1.833041,-1.933122,-1.378463,1.229803,-1.518453,0.110308,0.073037,-0.162926,0.001607,0.001253,-0.001330,0.000369
31.759045,0.742398,0.428668,-1.159535,0.355342,-0.545851,0.526696,-0.163411,0.445681,-0.268000,0.347202,-0.119777,-0.337825,0.361995,-0.152771,-1.222937,0.001194,1.832875,-1.933125,-1.378460,1.229805,-1.518455,0.110653,0.072162,-0.162339,0.000529,0.002410,-0.000462,-0.000158
31.759986,0.741140,0.427474,-1.159400,0.358961,-0.543925,0.525925,-0.162520,0.438049,-0.263097,0.337133,-0.117813,-0.337602,0.361429,-0.152614,-1.222827,0.001267,1.832710,-1.933116,-1.378461,1.229807,-1.518453,0.109206,0.072046,-0.163069,0.003000,0.001239,-0.000132,0.000328
31.760974,0.741930,0.430698,-1.164943,0.365386,-0.542439,0.525685,-0.162202,0.432377,-0.260239,0.329163,-0.117159,-0.337184,0.360995,-0.152392,-1.222712,0.001342,1.832535,-1.933112,-1.378463,1.229808,-1.518453,0.111579,0.073167,-0.166360,0.003148,0.000879,0.000586,0.000287
31.762079,0.749723,0.431028,-1.176657,0.371061,-0.538915,0.524879,-0.160714,0.429646,-0.260202,0.324173,-0.117755,-0.336560,0.360753,-0.152108,-1.222594,0.001411,1.832362,-1.933113,-1.378462,1.229808,-1.518448,0.113438,0.072402,-0.167815,0.001413,0.001211,0.000761,0.001658
31.763043,0.755644,0.435737,-1.184776,0.373249,-0.538066,0.525672,-0.159948,0.428035,-0.261561,0.320361,-0.117640,-0.336015,0.360556,-0.151780,-1.222484,0.001487,1.832195,-1.933113,-1.378465,1.229810,-1.518450,0.112320,0.073239,-0.167011,0.001013,-0.000263,0.001493,0.000925
31.763945,0.752356,0.440818,-1.183359,0.377236,-0.536084,0.525166,-0.158721,0.426446,-0.263522,0.316667,-0.117005,-0.335528,0.360324,-0.151458,-1.222374,0.001556,1.832027,-1.933107,-1.378463,1.229809,-1.518449,0.111626,0.071683,-0.167108,0.003265,0.000665,0.000632,0.001368
31.765017,0.752154,0.443299,-1.193161,0.383550,-0.534279,0.525263,-0.156865,0.424169,-0.265130,0.312313,-0.117379,-0.334902,0.360027,-0.151187,-1.222250,0.001623,1.831849,-1.933101,-1.378464,1.229811,-1.518449,0.115190,0.069889,-0.171497,0.003409,0.000338,0.001088,0.000744
31.765972,0.753727,0.447575,-1.198031,0.387192,-0.532755,0.526631,-0.156663,0.418674,-0.264134,0.304726,-0.118348,-0.334254,0.359470,-0.150975,-1.222129,0.001692,1.831676,-1.933102,-1.378463,1.229811,-1.518454,0.117821,0.069666,-0.171335,0.002188,0.000506,0.000921,-0.000772
31.766947,0.761254,0.450919,-1.205582,0.391594,-0.529288,0.527464,-0.154987,0.407022,-0.258657,0.291057,-0.118734,-0.333837,0.358417,-0.150803,-1.222007,0.001759,1.831497,-1.933097,-1.378462,1.229809,-1.518450,0.119118,0.068354,-0.172886,0.002982,0.000734,-0.000507,0.000787
31.768074,0.760423,0.450459,-1.209106,0.395519,-0.527527,0.527052,-0.154413,0.390428,-0.249461,0.272611,-0.118709,-0.333592,0.357011,-0.150646,-1.221893,0.001825,1.831322,-1.933094,-1.378465,1.229808,-1.518455,0.117598,0.067565,-0.173237,0.003126,-0.000925,-0.001382,-0.000584
31.768972,0.762848,0.452695,-1.211393,0.401399,-0.525639,0.526904,-0.153234,0.373163,-0.239557,0.253637,-0.119274,-0.333258,0.355615,-0.150491,-1.221767,0.001898,1.831139,-1.933086,-1.378463,1.229808,-1.518451,0.120743,0.068868,-0.176526,0.004385,-0.000614,-0.001024,0.000577
31.770077,0.771748,0.450948,-1.218162,0.406101,-0.523536,0.525699,-0.151945,0.358369,-0.231534,0.237196,-0.120575,-0.332736,0.354452,-0.150323,-1.221643,0.001967,1.830956,-1.933086,-1.378463,1.229807,-1.518454,0.121365,0.068452,-0.178924,0.002738,-0.000853,-0.000928,0.000045
31.771075,0.776210,0.455229,-1.231424,0.410467,-0.521595,0.525176,-0.151619,0.349535,-0.227824,0.226760,-0.121639,-0.332051,0.353776,-0.150124,-1.221526,0.002042,1.830772,-1.933083,-1.378465,1.229809,-1.518455,0.119607,0.070334,-0.180387,0.003222,-0.000895,0.000213,-0.000269
31.772017,0.774118,0.456809,-1.235093,0.414280,-0.520158,0.525798,-0.150754,0.347379,-0.229087,0.223088,-0.122361,-0.331202,0.353609,-0.149878,-1.221406,0.002108,1.830594,-1.933078,-1.378465,1.229809,-1.518452,0.119666,0.069079,-0.177971,0.003469,-0.001007,0.000664,0.001119
31.773037,0.777933,0.458912,-1.240136,0.418937,-0.517917,0.524809,-0.149891,0.346274,-0.231745,0.220552,-0.123319,-0.330302,0.353481,-0.149575,-1.221274,0.002178,1.830412,-1.933072,-1.378464,1.229811,-1.518451,0.122676,0.069081,-0.180029,0.004004,-0.000711,-0.000034,0.001293
31.774081,0.780078,0.462967,-1.247045,0.424331,-0.516572,0.525272,-0.148806,0.342762,-0.233316,0.215625,-0.124711,-0.329441,0.353115,-0.149234,-1.221150,0.002248,1.830226,-1.933066,-1.378465,1.229812,-1.518449,0.123051,0.068935,-0.181794,0.004036,-0.001065,0.000904,0.001640
31.774966,0.784581,0.466882,-1.248296,0.428124,-0.514805,0.525078,-0.146982,0.337739,-0.233885,0.209183,-0.126109,-0.328639,0.352597,-0.148897,-1.221021,0.002313,1.830041,-1.933064,-1.378464,1.229809,-1.518447,0.124327,0.067912,-0.182797,0.003548,-0.000492,0.000382,0.001589
31.776037,0.787111,0.470232,-1.256039,0.431698,-0.514446,0.526090,-0.146060,0.332590,-0.233487,0.202643,-0.126799,-0.327918,0.352077,-0.148607,-1.220898,0.002378,1.829850,-1.933059,-1.378466,1.229809,-1.518451,0.123888,0.066684,-0.185555,0.003845,-0.000614,0.000531,-0.000256
31.777006,0.789687,0.472971,-1.263826,0.435288,-0.511826,0.526727,-0.144228,0.328814,-0.232535,0.197526,-0.127126,-0.327183,0.351716,-0.148398,-1.220770,0.002443,1.829659,-1.933051,-1.378461,1.229807,-1.518449,0.125091,0.066070,-0.186237,0.005175,0.000963,-0.000546,0.000103
31.777963,0.790249,0.475085,-1.264660,0.442085,-0.510685,0.525289,-0.144302,0.325196,-0.230526,0.192653,-0.128309,-0.326357,0.351431,-0.148270,-1.220643,0.002508,1.829474,-1.933045,-1.378461,1.229806,-1.518454,0.125882,0.065591,-0.186310,0.006013,0.000111,-0.001231,-0.001587
31.778939,0.797325,0.475075,-1.271820,0.446665,-0.507937,0.524571,-0.142958,0.320383,-0.226909,0.186699,-0.129951,-0.325571,0.351101,-0.148194,-1.220512,0.002572,1.829274,-1.933044,-1.378457,1.229809,-1.518450,0.127611,0.065403,-0.189653,0.003724,0.000708,0.000158,0.000535
31.779956,0.804641,0.476582,-1.278824,0.448982,-0.503903,0.525764,-0.141415,0.316741,-0.223298,0.182037,-0.130200,-0.324988,0.350882,-0.148128,-1.220388,0.002638,1.829081,-1.933040,-1.378460,1.229810,-1.518449,0.126195,0.066296,-0.189968,0.003698,-0.000229,0.000804,-0.000194
31.781035,0.803953,0.478648,-1.285595,0.455646,-0.502049,0.523106,-0.141154,0.317769,-0.222492,0.182156,-0.129716,-0.324409,0.351051,-0.148060,-1.220265,0.002705,1.828889,-1.933030,-1.378465,1.229805,-1.518454,0.124850,0.066477,-0.190678,0.005989,-0.002355,-0.000442,-0.001186
31.782060,0.808867,0.482965,-1.291399,0.458907,-0.500897,0.523503,-0.139718,0.323269,-0.224957,0.186804,-0.130102,-0.323616,0.351593,-0.147979,-1.220133,0.002771,1.828694,-1.933030,-1.378465,1.229810,-1.518454,0.127670,0.066501,-0.191863,0.004396,-0.002198,0.002162,0.000517
31.783096,0.811552,0.485328,-1.292920,0.464421,-0.499876,0.523460,-0.139440,0.329652,-0.228391,0.192353,-0.130967,-0.322735,0.352206,-0.147845,-1.220005,0.002835,1.828500,-1.933020,-1.378462,1.229810,-1.518454,0.127460,0.065322,-0.193202,0.005806,-0.001486,0.001676,-0.000289
31.783957,0.812594,0.485780,-1.303446,0.468718,-0.498107,0.524209,-0.138062,0.336363,-0.232031,0.198257,-0.131765,-0.321823,0.352864,-0.147635,-1.219875,0.002898,1.828295,-1.933016,-1.378461,1.229813,-1.518447,0.128435,0.065164,-0.196628,0.005086,-0.000607,0.001642,0.001265
31.785013,0.811388,0.487825,-1.304785,0.473671,-0.496912,0.523971,-0.137100,0.343243,-0.235804,0.204403,-0.131969,-0.320945,0.353568,-0.147364,-1.219744,0.002963,1.828103,-1.933009,-1.378462,1.229815,-1.518449,0.129545,0.065642,-0.194515,0.004725,-0.000789,0.000820,0.000248
31.785978,0.817010,0.492651,-1.309071,0.477097,-0.494394,0.524364,-0.136608,0.347091,-0.238259,0.207630,-0.131120,-0.320271,0.354023,-0.147059,-1.219607,0.003028,1.827900,-1.933005,-1.378463,1.229817,-1.518448,0.132463,0.065649,-0.198222,0.004687,-0.000022,0.000994,0.000487
31.787001,0.815874,0.496081,-1.316038,0.482684,-0.491643,0.525595,-0.135122,0.347966,-0.239443,0.207994,-0.129680,-0.319724,0.354211,-0.146750,-1.219473,0.003088,1.827696,-1.932997,-1.378462,1.229817,-1.518447,0.131607,0.064158,-0.199792,0.005651,-0.000784,0.000537,0.001474
31.788112,0.822454,0.502008,-1.322599,0.487613,-0.491124,0.526519,-0.132906,0.346868,-0.239441,0.206505,-0.128061,-0.319185,0.354219,-0.146483,-1.219333,0.003148,1.827495,-1.932994,-1.378468,1.229812,-1.518448,0.134335,0.063477,-0.200430,0.004849,-0.001597,-0.000730,0.000577
31.788974,0.823283,0.506261,-1.327804,0.491341,-0.488323,0.526834,-0.132099,0.342436,-0.236930,0.201810,-0.125846,-0.318722,0.353974,-0.146296,-1.219201,0.003206,1.827289,-1.932989,-1.378464,1.229811,-1.518451,0.133569,0.061712,-0.201803,0.005070,-0.000083,-0.001710,-0.001591
31.789937,0.818606,0.505280,-1.329921,0.494573,-0.486863,0.526253,-0.131275,0.334448,-0.231353,0.193652,-0.122796,-0.318362,0.353497,-0.146192,-1.219062,0.003264,1.827085,-1.932983,-1.378464,1.229810,-1.518451,0.134726,0.060370,-0.202257,0.005286,-0.001320,-0.002064,-0.001423
31.790959,0.821077,0.510745,-1.330493,0.497804,-0.485974,0.525614,-0.129949,0.322498,-0.222904,0.181522,-0.119837,-0.318042,0.352725,-0.146154,-1.218917,0.003330,1.826876,-1.932974,-1.378462,1.229812,-1.518449,0.138931,0.061747,-0.204876,0.006432,-0.001015,-0.001544,-0.001115
31.792170,0.825063,0.514903,-1.340635,0.504350,-0.483424,0.525138,-0.128505,0.307350,-0.212981,0.166117,-0.118432,-0.317630,0.351656,-0.146173,-1.218773,0.003387,1.826662,-1.932964,-1.378462,1.229813,-1.518449,0.139753,0.060056,-0.208567,0.007821,-0.000016,-0.000972,-0.001688
31.793017,0.822564,0.516821,-1.339044,0.506771,-0.482080,0.525467,-0.128751,0.291358,-0.202933,0.149845,-0.118710,-0.317056,0.350478,-0.146239,-1.218630,0.003445,1.826451,-1.932960,-1.378461,1.229812,-1.518452,0.140549,0.059368,-0.208681,0.006889,-0.000352,-0.000566,-0.002093
31.794011,0.825383,0.518591,-1.343287,0.512862,-0.478898,0.525257,-0.128132,0.275285,-0.192898,0.133527,-0.119900,-0.316386,0.349262,-0.146307,-1.218483,0.003504,1.826234,-1.932949,-1.378460,1.229812,-1.518448,0.143209,0.059147,-0.212324,0.008265,-0.000148,-0.000952,0.000137
31.794995,0.826942,0.518631,-1.346209,0.517116,-0.478365,0.524300,-0.126911,0.248987,-0.177205,0.106848,-0.122765,-0.314869,0.347171,-0.146284,-1.218190,0.003626,1.825793,-1.932938,-1.378464,1.229814,-1.518448,0.144859,0.060187,-0.216106,0.007017,-0.000168,0.000099,0.000467
31.796050,0.829153,0.522007,-1.354509,0.523011,-0.477895,0.524497,-0.125552,0.248987,-0.177205,0.106848,-0.122765,-0.314869,0.347171,-0.146284,-1.218190,0.003626,1.825793,-1.932938,-1.378464,1.229814,-1.518448,0.144859,0.060187,-0.216106,0.007017,-0.000168,0.000099,0.000467
31.797001,0.829451,0.526416,-1.360016,0.527577,-0.476279,0.524547,-0.124687,0.241018,-0.173385,0.098775,-0.122804,-0.314181,0.346452,-0.146178,-1.218042,0.003685,1.825575,-1.932935,-1.378461,1.229814,-1.518449,0.145909,0.059580,-0.216063,0.006054,0.001278,-0.000173,-0.000095
31.797926,0.829865,0.528833,-1.359994,0.529711,-0.474569,0.524152,-0.123852,0.233044,-0.169878,0.090826,-0.121078,-0.313762,0.345690,-0.146023,-1.217889,0.003739,1.825356,-1.932930,-1.378461,1.229813,-1.518450,0.147474,0.058354,-0.216780,0.005898,0.001397,-0.000270,0.000125
31.798979,0.828951,0.530194,-1.359904,0.534786,-0.471858,0.523493,-0.121916,0.223239,-0.165136,0.081176,-0.118318,-0.313568,0.344781,-0.145836,-1.217738,0.003798,1.825131,-1.932918,-1.378462,1.229811,-1.518446,0.148901,0.058028,-0.220038,0.007878,0.001405,0.000084,0.000327
31.799985,0.829921,0.533086,-1.366345,0.539312,-0.470256,0.523709,-0.122138,0.214365,-0.160972,0.072517,-0.116248,-0.313285,0.343954,-0.145653,-1.217579,0.003857,1.824900,-1.932911,-1.378465,1.229812,-1.518449,0.151395,0.058456,-0.224051,0.007611,0.000658,0.000680,-0.001405
31.801002,0.832005,0.535557,-1.373367,0.543683,-0.467640,0.524390,-0.120101,0.208201,-0.158669,0.066608,-0.115139,-0.312806,0.343346,-0.145493,-1.217422,0.003915,1.824675,-1.932903,-1.378462,1.229811,-1.518444,0.152754,0.058028,-0.224540,0.007685,0.000889,0.000400,0.001114
31.802018,0.828770,0.540182,-1.370386,0.549172,-0.465271,0.524445,-0.119910,0.202614,-0.156909,0.061358,-0.114524,-0.312249,0.342809,-0.145358,-1.217267,0.003973,1.824449,-1.932894,-1.378465,1.229811,-1.518449,0.153639,0.057837,-0.224817,0.007929,0.000161,-0.000345,-0.000909
31.802980,0.828965,0.537146,-1.379255,0.553216,-0.463454,0.524108,-0.118101,0.196228,-0.154492,0.055364,-0.113893,-0.311705,0.342271,-0.145247,-1.217099,0.004028,1.824205,-1.932889,-1.378464,1.229811,-1.518444,0.157056,0.056602,-0.229933,0.007125,-0.000342,-0.000454,0.000797
31.804086,0.830046,0.540253,-1.383199,0.559484,-0.461053,0.523963,-0.117080,0.189187,-0.151550,0.048680,-0.112742,-0.311228,0.341742,-0.145152,-1.216939,0.004090,1.823978,-1.932878,-1.378462,1.229812,-1.518448,0.158604,0.059061,-0.228865,0.007405,-0.000398,-0.000175,-0.000874
31.804981,0.833707,0.540048,-1.387137,0.562945,-0.460242,0.522813,-0.116623,0.180886,-0.148484,0.040694,-0.110922,-0.310876,0.341129,-0.145067,-1.216776,0.004146,1.823740,-1.932875,-1.378463,1.229813,-1.518448,0.160228,0.058705,-0.231152,0.006287,-0.000759,-0.000106,-0.000644
31.805932,0.830884,0.542235,-1.385749,0.566934,-0.458908,0.523432,-0.115275,0.172447,-0.146204,0.032546,-0.108291,-0.310634,0.340488,-0.144979,-1.216616,0.004205,1.823506,-1.932866,-1.378462,1.229818,-1.518445,0.159784,0.059638,-0.232093,0.006881,0.000081,0.000972,0.000264
31.807038,0.828148,0.544489,-1.391848,0.571382,-0.456196,0.522650,-0.114457,0.166419,-0.146080,0.026744,-0.105307,-0.310360,0.340008,-0.144874,-1.216447,0.004263,1.823261,-1.932859,-1.378461,1.229815,-1.518448,0.162757,0.059475,-0.235964,0.007235,0.000480,0.000296,-0.000494
31.808023,0.832089,0.548634,-1.393973,0.575905,-0.453801,0.522902,-0.112839,0.161893,-0.147439,0.022348,-0.102805,-0.309986,0.339601,-0.144740,-1.216272,0.004322,1.823020,-1.932850,-1.378461,1.229815,-1.518447,0.166143,0.059529,-0.237071,0.007837,-0.000199,0.001026,0.000133
31.808933,0.834310,0.552433,-1.399149,0.579146,-0.452955,0.522522,-0.112362,0.156597,-0.148511,0.017135,-0.101103,-0.309538,0.339090,-0.144575,-1.216106,0.004379,1.822777,-1.932844,-1.378464,1.229817,-1.518448,0.165818,0.058459,-0.239412,0.007830,-0.000747,0.000697,-0.001105
31.810092,0.835983,0.557696,-1.412710,0.585052,-0.451990,0.522608,-0.111805,0.150958,-0.148878,0.011612,-0.100124,-0.308980,0.338545,-0.144386,-1.215939,0.004435,1.822534,-1.932834,-1.378462,1.229819,-1.518446,0.166099,0.057446,-0.239707,0.008669,0.000073,0.001019,-0.000191
31.811030,0.834082,0.556848,-1.408717,0.585464,-0.450186,0.522916,-0.110697,0.142466,-0.146473,0.003289,-0.099483,-0.308435,0.337797,-0.144174,-1.215768,0.004489,1.822296,-1.932826,-1.378461,1.229816,-1.518446,0.167547,0.056151,-0.237466,0.008068,0.001240,0.000877,0.001063
31.811942,0.839969,0.560053,-1.415554,0.593861,-0.446591,0.522909,-0.110070,0.128554,-0.140054,-0.010451,-0.099943,-0.307931,0.336636,-0.143945,-1.215596,0.004548,1.822046,-1.932809,-1.378460,1.229817,-1.518446,0.169935,0.057495,-0.242538,0.011748,0.001144,0.000502,0.000744
31.812996,0.842221,0.563085,-1.417941,0.597476,-0.445846,0.523047,-0.108356,0.113454,-0.132694,-0.025385,-0.101910,-0.307304,0.335405,-0.143710,-1.215430,0.004604,1.821805,-1.932810,-1.378465,1.229818,-1.518446,0.168356,0.056770,-0.242010,0.007629,-0.000744,0.000455,0.001360
31.813988,0.845590,0.562720,-1.420511,0.603208,-0.443823,0.522267,-0.106391,0.101495,-0.126630,-0.037123,-0.103217,-0.306648,0.334477,-0.143458,-1.215259,0.004658,1.821556,-1.932800,-1.378462,1.229818,-1.518446,0.169127,0.056408,-0.244607,0.008823,0.000453,0.000251,0.000063
31.814932,0.845421,0.567590,-1.420994,0.607238,-0.441218,0.522368,-0.106534,0.094964,-0.123098,-0.043396,-0.102763,-0.306014,0.334031,-0.143183,-1.215091,0.004718,1.821304,-1.932795,-1.378464,1.229821,-1.518450,0.169118,0.057588,-0.246635,0.007666,0.000259,0.000961,-0.001831
31.816005,0.850759,0.574448,-1.426026,0.611762,-0.438516,0.522921,-0.105564,0.095264,-0.123133,-0.042861,-0.100901,-0.305318,0.334146,-0.142874,-1.214915,0.004770,1.821046,-1.932787,-1.378464,1.229818,-1.518445,0.170628,0.056117,-0.249349,0.007925,-0.000606,0.000813,0.000399
31.816924,0.847445,0.574081,-1.432487,0.613906,-0.438564,0.522337,-0.104913,0.101062,-0.125263,-0.036852,-0.098020,-0.304521,0.334735,-0.142520,-1.214747,0.004820,1.820795,-1.932778,-1.378467,1.229816,-1.518446,0.169920,0.053920,-0.250674,0.008283,-0.001309,0.000205,0.000633
31.817936,0.843400,0.577686,-1.438452,0.619359,-0.436846,0.523342,-0.103663,0.108477,-0.126936,-0.029247,-0.095537,-0.303569,0.335495,-0.142146,-1.214566,0.004880,1.820546,-1.932765,-1.378463,1.229818,-1.518442,0.172866,0.054999,-0.250317,0.010218,0.000420,0.000738,0.001195
31.818996,0.847676,0.581284,-1.440197,0.625670,-0.434015,0.523399,-0.102414,0.111171,-0.125205,-0.026421,-0.094581,-0.302603,0.335864,-0.141792,-1.214379,0.004930,1.820297,-1.932758,-1.378463,1.229816,-1.518442,0.176421,0.054315,-0.250828,0.009368,0.000550,-0.000333,0.000748
31.819952,0.847783,0.585505,-1.446424,0.630166,-0.432582,0.521930,-0.102089,0.106876,-0.118882,-0.030635,-0.094016,-0.301879,0.335654,-0.141480,-1.214203,0.004981,1.820037,-1.932753,-1.378465,1.229814,-1.518443,0.176079,0.053712,-0.253646,0.007959,-0.000315,-0.000433,0.000419
31.821045,0.848448,0.587022,-1.446517,0.634265,-0.430993,0.522136,-0.099724,0.098705,-0.109340,-0.038722,-0.092095,-0.301482,0.335134,-0.141211,-1.214024,0.005032,1.819781,-1.932745,-1.378464,1.229815,-1.518440,0.177455,0.052626,-0.253548,0.007823,0.000017,0.000989,0.001724
31.822044,0.847769,0.588625,-1.452213,0.637033,-0.428658,0.522792,-0.099492,0.089114,-0.098192,-0.048200,-0.089013,-0.301289,0.334492,-0.140985,-1.213842,0.005085,1.819516,-1.932735,-1.378463,1.229815,-1.518446,0.179016,0.053124,-0.257359,0.008690,0.000427,0.000702,-0.000791
31.823022,0.849434,0.592424,-1.458922,0.642216,-0.427530,0.521357,-0.097778,0.079947,-0.087377,-0.057241,-0.086591,-0.301034,0.333874,-0.140804,-1.213656,0.005140,1.819254,-1.932721,-1.378464,1.229813,-1.518442,0.180850,0.053374,-0.257726,0.010337,-0.000062,-0.000004,0.000809
31.823913,0.848032,0.593488,-1.451494,0.647805,-0.424910,0.521778,-0.096700,0.070509,-0.077037,-0.066543,-0.085900,-0.300629,0.333216,-0.140648,-1.213473,0.005191,1.818997,-1.932713,-1.378462,1.229819,-1.518446,0.181451,0.052528,-0.257537,0.009576,0.000598,0.001357,-0.000638
31.825004,0.845072,0.595998,-1.460221,0.651678,-0.422790,0.521947,-0.095802,0.061583,-0.067391,-0.075337,-0.085484,-0.300201,0.332566,-0.140495,-1.213288,0.005245,1.818722,-1.932707,-1.378464,1.229817,-1.518445,0.183262,0.052889,-0.263718,0.008056,-0.000375,0.000878,-0.000968
31.825972,0.845085,0.597781,-1.459045,0.656211,-0.420961,0.521943,-0.094565,0.050783,-0.053545,-0.085900,-0.082093,-0.299379,0.331753,-0.140154,-1.212902,0.005350,1.818181,-1.932686,-1.378463,1.229817,-1.518445,0.187775,0.053000,-0.266606,0.008952,-0.000529,0.000595,-0.001041
31.827038,0.844686,0.598617,-1.458511,0.659980,-0.418039,0.521623,-0.094813,0.048468,-0.049803,-0.088107,-0.080496,-0.298820,0.331552,-0.139957,-1.212710,0.005405,1.817901,-1.932674,-1.378464,1.229817,-1.518438,0.189650,0.053759,-0.270340,0.009964,-0.001487,0.000851,0.001634
31.828096,0.844636,0.604091,-1.461675,0.665885,-0.416423,0.522244,-0.093076,0.050908,-0.049767,-0.085568,-0.079183,-0.298030,0.331712,-0.139745,-1.212515,0.005455,1.817621,-1.932668,-1.378465,1.229817,-1.518443,0.191275,0.052217,-0.272147,0.008901,-0.001134,0.000162,0.000299
31.828969,0.847331,0.604354,-1.466884,0.667567,-0.416043,0.522133,-0.092801,0.056238,-0.051982,-0.080069,-0.077925,-0.297095,0.332100,-0.139532,-1.212327,0.005508,1.817349,-1.932650,-1.378461,1.229817,-1.518440,0.190901,0.052958,-0.271839,0.010964,0.000064,0.000224,0.001543
31.830011,0.852065,0.605365,-1.470156,0.672291,-0.414387,0.521808,-0.091152,0.064118,-0.056561,-0.071919,-0.077398,-0.295969,0.332675,-0.139332,-1.212136,0.005562,1.817070,-1.932638,-1.378463,1.229817,-1.518444,0.190122,0.053596,-0.273547,0.010897,0.000339,0.000494,0.000359
31.830973,0.852273,0.606658,-1.465186,0.677295,-0.413408,0.521992,-0.089890,0.064118,-0.056561,-0.071919,-0.077398,-0.295969,0.332675,-0.139332,-1.212136,0.005562,1.817070,-1.932638,-1.378463,1.229817,-1.518444,0.190122,0.053596,-0.273547,0.010897,0.000339,0.000494,0.000359
31.831968,0.854823,0.608496,-1.462749,0.681793,-0.411134,0.522125,-0.089635,0.078416,-0.065984,-0.057333,-0.077336,-0.294577,0.333732,-0.139155,-1.211939,0.005616,1.816785,-1.932628,-1.378461,1.229817,-1.518444,0.191259,0.053946,-0.278798,0.010204,0.001112,0.000243,-0.000194
31.833012,0.851863,0.610468,-1.464048,0.686699,-0.410243,0.522856,-0.087713,0.103762,-0.082524,-0.031811,-0.076495,-0.292906,0.335661,-0.138990,-1.211748,0.005670,1.816493,-1.932620,-1.378461,1.229816,-1.518441,0.191389,0.054086,-0.282881,0.010238,0.000667,0.000061,0.001338
31.833938,0.855360,0.617667,-1.470030,0.688931,-0.408048,0.521860,-0.086932,0.139917,-0.105658,0.004390,-0.074449,-0.291006,0.338465,-0.138832,-1.211546,0.005723,1.816200,-1.932608,-1.378461,1.229814,-1.518443,0.194367,0.054251,-0.285376,0.010014,0.001705,-0.000728,-0.000400
31.834968,0.857826,0.618790,-1.471047,0.693065,-0.405982,0.522387,-0.086372,0.180118,-0.130907,0.044623,-0.071777,-0.289028,0.341618,-0.138677,-1.211354,0.005769,1.815918,-1.932590,-1.378461,1.229816,-1.518441,0.193728,0.051662,-0.284899,0.011767,0.001201,0.000221,-0.000064
31.836100,0.860584,0.621486,-1.475243,0.697947,-0.403928,0.521345,-0.085611,0.218926,-0.154568,0.083526,-0.069746,-0.287001,0.344698,-0.138506,-1.211157,0.005823,1.815626,-1.932578,-1.378458,1.229814,-1.518440,0.193981,0.052246,-0.287506,0.012217,0.001013,-0.000372,0.000919
31.836968,0.856026,0.622545,-1.475471,0.703410,-0.402398,0.521613,-0.084351,0.256584,-0.176994,0.121286,-0.068925,-0.284868,0.347718,-0.138304,-1.210958,0.005875,1.815337,-1.932566,-1.378460,1.229817,-1.518439,0.194430,0.052213,-0.289176,0.012419,0.001059,0.000603,0.001701
31.837963,0.857398,0.625785,-1.472533,0.706516,-0.400600,0.520753,-0.083132,0.292533,-0.198239,0.157274,-0.068325,-0.282804,0.350604,-0.138072,-1.210756,0.005928,1.815041,-1.932556,-1.378460,1.229816,-1.518441,0.197555,0.052538,-0.291063,0.010823,0.001134,0.000275,0.000944
31.838976,0.858911,0.628026,-1.480931,0.712125,-0.399025,0.519827,-0.082635,0.325535,-0.217630,0.190244,-0.066983,-0.280972,0.353238,-0.137817,-1.210555,0.005979,1.814735,-1.932542,-1.378460,1.229821,-1.518440,0.198131,0.051996,-0.295260,0.012121,0.001168,0.001060,0.000537
31.839981,0.856498,0.632221,-1.478046,0.717798,-0.396429,0.520645,-0.081225,0.355647,-0.235208,0.220299,-0.065006,-0.279342,0.355609,-0.137561,-1.210355,0.006033,1.814444,-1.932533,-1.378460,1.229824,-1.518437,0.198757,0.051968,-0.293990,0.011096,0.001462,0.001906,0.001611
31.841015,0.855592,0.631692,-1.482781,0.721573,-0.394974,0.520821,-0.080152,0.381366,-0.249861,0.245971,-0.061800,-0.278017,0.357584,-0.137313,-1.210147,0.006084,1.814134,-1.932525,-1.378464,1.229820,-1.518437,0.201229,0.050979,-0.298196,0.009996,0.000745,0.001032,0.000825
31.841996,0.855696,0.637146,-1.482028,0.724226,-0.393478,0.521473,-0.078740,0.401878,-0.261131,0.266465,-0.056977,-0.277056,0.359100,-0.137088,-1.209941,0.006139,1.813834,-1.932513,-1.378461,1.229822,-1.518437,0.203057,0.052377,-0.298816,0.010850,0.001171,0.000792,0.000793
31.842935,0.857379,0.636177,-1.481579,0.728638,-0.391168,0.520278,-0.077715,0.417732,-0.269794,0.282378,-0.052147,-0.276252,0.360214,-0.136906,-1.209736,0.006185,1.813528,-1.932496,-1.378459,1.229819,-1.518439,0.204192,0.050742,-0.301821,0.012465,0.001466,0.000093,-0.000029
31.844091,0.860455,0.643623,-1.481903,0.732095,-0.387755,0.520119,-0.076801,0.431339,-0.277444,0.296151,-0.048770,-0.275356,0.361129,-0.136775,-1.209529,0.006241,1.813218,-1.932485,-1.378460,1.229823,-1.518440,0.204358,0.052206,-0.304330,0.012228,0.000891,0.001231,-0.000152
31.845004,0.861475,0.643198,-1.486216,0.736645,-0.386234,0.520670,-0.075072,0.446709,-0.286232,0.311775,-0.047209,-0.274176,0.362162,-0.136680,-1.209321,0.006286,1.812904,-1.932468,-1.378463,1.229822,-1.518438,0.204631,0.049875,-0.307813,0.013860,-0.000370,0.001316,0.000378
31.846003,0.861045,0.644032,-1.486683,0.739906,-0.385073,0.521053,-0.074211,0.464793,-0.296335,0.330203,-0.047426,-0.272648,0.363403,-0.136600,-1.209116,0.006343,1.812594,-1.932457,-1.378463,1.229824,-1.518442,0.205066,0.051012,-0.307747,0.013354,-0.000195,0.000693,-0.001223
31.847111,0.862062,0.643531,-1.488254,0.746527,-0.384041,0.521537,-0.072787,0.483971,-0.307014,0.349807,-0.049054,-0.270874,0.364727,-0.136514,-1.208903,0.006396,1.812278,-1.932442,-1.378463,1.229821,-1.518442,0.206460,0.051665,-0.310133,0.014500,0.000481,0.000266,-0.000888
31.847906,0.860982,0.646257,-1.486387,0.748064,-0.381683,0.521163,-0.073190,0.504188,-0.318784,0.370460,-0.051234,-0.268995,0.366120,-0.136385,-1.208697,0.006450,1.811962,-1.932431,-1.378460,1.229819,-1.518443,0.207596,0.053173,-0.312649,0.012845,0.001469,-0.000270,-0.001479
31.848984,0.851360,0.651067,-1.484389,0.754278,-0.379557,0.520887,-0.071348,0.526266,-0.332099,0.392886,-0.053247,-0.267093,0.367655,-0.136177,-1.208484,0.006499,1.811642,-1.932413,-1.378462,1.229817,-1.518437,0.208545,0.052559,-0.314827,0.014704,0.000573,0.000080,0.000956
31.849994,0.854544,0.650050,-1.487422,0.757149,-0.376996,0.521297,-0.069853,0.547360,-0.344538,0.414169,-0.054984,-0.265265,0.369128,-0.135892,-1.208255,0.006550,1.811316,-1.932402,-1.378461,1.229818,-1.518439,0.214682,0.051388,-0.318832,0.013301,0.000432,0.000282,-0.000559
31.851049,0.854965,0.654403,-1.491461,0.764637,-0.375582,0.520156,-0.070029,0.563941,-0.353555,0.430787,-0.056392,-0.263628,0.370266,-0.135564,-1.208042,0.006607,1.810990,-1.932384,-1.378463,1.229818,-1.518441,0.214226,0.052974,-0.319835,0.014829,-0.000258,-0.000194,-0.001478
31.852070,0.854562,0.656001,-1.494289,0.765845,-0.373792,0.520947,-0.067498,0.576328,-0.359514,0.443126,-0.056934,-0.262239,0.371087,-0.135209,-1.207820,0.006656,1.810665,-1.932378,-1.378460,1.229820,-1.518432,0.215301,0.051984,-0.320663,0.012162,0.000259,0.000886,0.001023
31.852978,0.848063,0.660144,-1.490527,0.771136,-0.372956,0.520299,-0.066926,0.584769,-0.362549,0.451444,-0.056381,-0.261109,0.371591,-0.134846,-1.207601,0.006709,1.810340,-1.932358,-1.378462,1.229817,-1.518439,0.216681,0.052321,-0.321901,0.015361,0.000368,0.000034,-0.001979
31.854001,0.851063,0.662831,-1.494113,0.775381,-0.369552,0.520726,-0.066600,0.588343,-0.362066,0.454775,-0.055673,-0.260144,0.371697,-0.134508,-1.207372,0.006758,1.810005,-1.932346,-1.378459,1.229820,-1.518438,0.220589,0.051205,-0.325587,0.014051,0.001180,0.000624,-0.001236
31.855076,0.853611,0.663502,-1.493825,0.778207,-0.366569,0.519944,-0.065067,0.587435,-0.358092,0.453530,-0.054751,-0.259326,0.371450,-0.134201,-1.207151,0.006808,1.809676,-1.932330,-1.378462,1.229818,-1.518434,0.220211,0.051014,-0.326372,0.014302,-0.000339,0.000140,0.000186
31.856094,0.849077,0.667149,-1.493798,0.784957,-0.364802,0.520450,-0.064379,0.585585,-0.352926,0.451297,-0.053909,-0.258500,0.371132,-0.133927,-1.206932,0.006861,1.809337,-1.932312,-1.378463,1.229821,-1.518436,0.220315,0.051894,-0.329349,0.016170,-0.001319,0.000851,-0.000702
31.856955,0.848056,0.668681,-1.485563,0.788442,-0.363508,0.520195,-0.063073,0.585901,-0.348867,0.451172,-0.053673,-0.257503,0.370977,-0.133694,-1.206701,0.006910,1.808997,-1.932305,-1.378463,1.229820,-1.518436,0.223643,0.051219,-0.331790,0.014031,-0.001199,0.000276,0.000014
31.858054,0.850796,0.671599,-1.486547,0.792725,-0.361473,0.521080,-0.062521,0.589313,-0.346252,0.454100,-0.052536,-0.256474,0.371071,-0.133472,-1.206472,0.006962,1.808652,-1.932290,-1.378462,1.229821,-1.518438,0.224584,0.051313,-0.337315,0.014295,-0.000921,0.000482,-0.000848
31.859033,0.851887,0.672989,-1.485865,0.797078,-0.360041,0.520504,-0.061910,0.598803,-0.346716,0.463137,-0.050011,-0.255365,0.371693,-0.133230,-1.206249,0.007015,1.808308,-1.932274,-1.378461,1.229818,-1.518436,0.224624,0.051097,-0.339686,0.014854,-0.000943,-0.000461,0.000303
31.859959,0.853922,0.674047,-1.488224,0.800512,-0.358067,0.520907,-0.060472,0.616212,-0.351587,0.480187,-0.046855,-0.254035,0.373011,-0.132950,-1.206019,0.007064,1.807955,-1.932258,-1.378463,1.229820,-1.518434,0.224975,0.051497,-0.342060,0.014753,-0.000547,0.000061,0.001066
31.861029,0.853817,0.676817,-1.494357,0.805275,-0.355366,0.520777,-0.059875,0.640098,-0.360396,0.503812,-0.043597,-0.252478,0.374898,-0.132635,-1.205796,0.007118,1.807608,-1.932241,-1.378462,1.229817,-1.518437,0.224955,0.052010,-0.343016,0.015623,-0.000723,-0.000395,0.000167
31.862022,0.848242,0.678462,-1.487474,0.810572,-0.353930,0.521093,-0.058965,0.693293,-0.382928,0.556620,-0.039906,-0.248828,0.379174,-0.131970,-1.205319,0.007226,1.806900,-1.932207,-1.378459,1.229814,-1.518428,0.231240,0.052703,-0.350621,0.016544,-0.000392,-0.000702,0.001939
31.863064,0.852118,0.682011,-1.490859,0.815498,-0.351966,0.519847,-0.057303,0.693293,-0.382928,0.556620,-0.039906,-0.248828,0.379174,-0.131970,-1.205319,0.007226,1.806900,-1.932207,-1.378459,1.229814,-1.518428,0.231240,0.052703,-0.350621,0.016544,-0.000392,-0.000702,0.001939
31.864099,0.849821,0.682261,-1.489142,0.819482,-0.349377,0.520032,-0.055720,0.720015,-0.395105,0.583131,-0.039445,-0.246842,0.381334,-0.131668,-1.205092,0.007279,1.806544,-1.932189,-1.378461,1.229818,-1.518431,0.231146,0.052402,-0.352532,0.017140,-0.000071,0.000462,0.001043
31.864948,0.843266,0.685434,-1.492531,0.826335,-0.347772,0.520374,-0.054539,0.748502,-0.408894,0.611413,-0.039886,-0.244700,0.383621,-0.131438,-1.204853,0.007335,1.806175,-1.932169,-1.378460,1.229818,-1.518433,0.234029,0.053733,-0.356847,0.018581,-0.000427,0.000194,0.000302
31.865963,0.845629,0.688335,-1.492889,0.828972,-0.346412,0.519860,-0.052876,0.775903,-0.422724,0.638588,-0.040820,-0.242574,0.385787,-0.131287,-1.204606,0.007386,1.805813,-1.932157,-1.378457,1.229816,-1.518431,0.238123,0.053240,-0.357234,0.016274,-0.000205,-0.000195,-0.000083
31.866935,0.839730,0.686066,-1.496458,0.835339,-0.342545,0.519783,-0.051906,0.797716,-0.433654,0.660159,-0.041233,-0.240767,0.387483,-0.131191,-1.204365,0.007439,1.805448,-1.932135,-1.378456,1.229820,-1.518433,0.238498,0.053225,-0.360415,0.018952,0.000641,0.000234,-0.001042
31.868027,0.839106,0.691367,-1.497297,0.840955,-0.339974,0.519537,-0.050204,0.813386,-0.441656,0.675601,-0.041576,-0.239264,0.388650,-0.131125,-1.204113,0.007500,1.805087,-1.932120,-1.378459,1.229819,-1.518430,0.242759,0.055633,-0.361663,0.017734,-0.001109,0.000241,-0.000713
31.869012,0.838567,0.693677,-1.496605,0.845655,-0.338469,0.519395,-0.049440,0.823103,-0.447320,0.685126,-0.041800,-0.238059,0.389277,-0.131072,-1.203865,0.007552,1.804711,-1.932103,-1.378461,1.229820,-1.518434,0.244909,0.054546,-0.365054,0.017963,-0.001269,0.000412,-0.001569
31.870051,0.837900,0.694799,-1.501288,0.851818,-0.336167,0.519238,-0.048686,0.827990,-0.450892,0.689906,-0.041305,-0.237152,0.389484,-0.131008,-1.203613,0.007606,1.804331,-1.932083,-1.378458,1.229820,-1.518433,0.246514,0.054758,-0.368319,0.018409,-0.000651,0.000484,-0.000788
31.870985,0.837869,0.698867,-1.498952,0.857923,-0.334114,0.519756,-0.048054,0.830251,-0.453412,0.692217,-0.039975,-0.236467,0.389488,-0.130890,-1.203366,0.007665,1.803961,-1.932066,-1.378457,1.229820,-1.518432,0.248480,0.055618,-0.369417,0.017770,-0.000698,0.000570,0.000127
31.872016,0.839755,0.700229,-1.496007,0.861636,-0.331770,0.519578,-0.046248,0.830942,-0.455368,0.693161,-0.036980,-0.236052,0.389400,-0.130689,-1.203112,0.007720,1.803578,-1.932052,-1.378459,1.229817,-1.518430,0.249573,0.054805,-0.373106,0.016652,-0.000706,-0.000005,0.001029
31.873053,0.835064,0.705862,-1.499012,0.867418,-0.329240,0.519367,-0.046138,0.833821,-0.458601,0.696437,-0.032215,-0.235772,0.389557,-0.130411,-1.202857,0.007777,1.803192,-1.932030,-1.378457,1.229820,-1.518432,0.250128,0.055549,-0.377799,0.018346,-0.000821,0.000095,-0.000192
31.874041,0.838325,0.702818,-1.498252,0.871956,-0.327146,0.520003,-0.044429,0.840679,-0.463969,0.703747,-0.026976,-0.235405,0.390101,-0.130087,-1.202599,0.007829,1.802806,-1.932014,-1.378458,1.229820,-1.518427,0.253997,0.054203,-0.379512,0.018076,-0.001087,0.000231,0.002020
31.875006,0.840107,0.707746,-1.500206,0.877565,-0.324798,0.519419,-0.043834,0.849646,-0.470593,0.713194,-0.022088,-0.234929,0.390856,-0.129745,-1.202344,0.007891,1.802416,-1.931992,-1.378460,1.229819,-1.518428,0.253643,0.057026,-0.382744,0.018660,-0.001013,-0.000473,0.000879
31.876076,0.838877,0.707423,-1.501390,0.883442,-0.322917,0.519567,-0.042721,0.861970,-0.479648,0.726032,-0.017602,-0.234299,0.391913,-0.129425,-1.202086,0.007944,1.802033,-1.931975,-1.378459,1.229819,-1.518425,0.253930,0.055860,-0.384480,0.018149,-0.001264,0.000057,0.001947
31.877062,0.835705,0.708402,-1.497059,0.886324,-0.321062,0.519046,-0.041488,0.878022,-0.491296,0.742615,-0.013101,-0.233533,0.393305,-0.129153,-1.201827,0.008006,1.801639,-1.931958,-1.378459,1.229820,-1.518423,0.256190,0.057474,-0.387314,0.017978,-0.000808,-0.000177,0.002201
31.878006,0.833077,0.711921,-1.499219,0.892003,-0.319125,0.518425,-0.040720,0.896550,-0.504960,0.761608,-0.009094,-0.232614,0.394916,-0.128942,-1.201559,0.008067,1.801232,-1.931933,-1.378459,1.229820,-1.518424,0.258936,0.058263,-0.392107,0.020149,-0.000525,0.000283,0.002032
31.879059,0.838189,0.712449,-1.500895,0.896600,-0.317437,0.518806,-0.038913,0.916042,-0.519886,0.781466,-0.006616,-0.231478,0.396593,-0.128802,-1.201293,0.008122,1.800841,-1.931915,-1.378459,1.229821,-1.518423,0.261230,0.057745,-0.393478,0.019406,-0.000402,0.000830,0.002701
31.880000,0.832249,0.717740,-1.499977,0.900348,-0.315317,0.518559,-0.037906,0.934956,-0.534790,0.800732,-0.005366,-0.230212,0.398204,-0.128728,-1.201033,0.008183,1.800441,-1.931893,-1.378457,1.229821,-1.518426,0.260171,0.058910,-0.395845,0.020320,0.000182,0.000371,0.001534
31.880968,0.832101,0.723006,-1.499556,0.904023,-0.312089,0.518584,-0.035823,0.953103,-0.549210,0.819279,-0.005256,-0.228837,0.399739,-0.128705,-1.200756,0.008239,1.800042,-1.931869,-1.378455,1.229821,-1.518425,0.264037,0.057479,-0.398673,0.021372,0.000089,0.000559,0.001726
31.881969,0.831838,0.720682,-1.505997,0.909728,-0.310881,0.519268,-0.035050,0.968255,-0.561070,0.834891,-0.006882,-0.227344,0.401032,-0.128712,-1.200490,0.008291,1.799634,-1.931844,-1.378459,1.229821,-1.518430,0.265168,0.056195,-0.401347,0.022629,-0.001005,0.000465,-0.000184
31.883015,0.827239,0.721855,-1.513845,0.914233,-0.308245,0.519856,-0.033275,0.978437,-0.568993,0.845616,-0.010109,-0.225811,0.401920,-0.128706,-1.200220,0.008354,1.799232,-1.931823,-1.378455,1.229820,-1.518428,0.266493,0.058669,-0.400866,0.022121,-0.000056,-0.000290,0.000622
31.884013,0.825814,0.724458,-1.512649,0.920787,-0.307833,0.520104,-0.032133,0.981170,-0.572471,0.848985,-0.014281,-0.224444,0.402168,-0.128639,-1.199942,0.008415,1.798836,-1.931798,-1.378456,1.229818,-1.518430,0.270115,0.059470,-0.400146,0.022999,-0.000413,-0.000939,-0.000502
31.885053,0.821648,0.729122,-1.515706,0.924400,-0.305383,0.519438,-0.031572,0.974062,-0.570473,0.842578,-0.018383,-0.223474,0.401576,-0.128471,-1.199663,0.008476,1.798427,-1.931778,-1.378453,1.229817,-1.518428,0.271879,0.059461,-0.403465,0.021652,0.001336,-0.001243,-0.000453
31.886026,0.820195,0.728342,-1.521436,0.928786,-0.301692,0.519359,-0.029692,0.958394,-0.563073,0.827612,-0.021513,-0.222940,0.400292,-0.128190,-1.199379,0.008534,1.798022,-1.931753,-1.378452,1.229817,-1.518426,0.275160,0.058543,-0.404964,0.023396,0.001121,-0.000640,0.000854
31.886970,0.820848,0.728047,-1.523752,0.934117,-0.300373,0.518620,-0.029595,0.934827,-0.550453,0.804731,-0.024407,-0.222710,0.398389,-0.127821,-1.199099,0.008596,1.797618,-1.931729,-1.378459,1.229817,-1.518427,0.276815,0.060187,-0.404623,0.023986,-0.000402,-0.000634,-0.000664
31.888100,0.817955,0.730370,-1.529458,0.940201,-0.297346,0.518443,-0.028590,0.904898,-0.534180,0.775507,-0.027633,-0.222659,0.395978,-0.127391,-1.198818,0.008659,1.797209,-1.931705,-1.378456,1.229817,-1.518423,0.277294,0.061499,-0.405745,0.023477,0.000328,0.000047,0.001367
31.889002,0.817316,0.734102,-1.530805,0.943350,-0.293595,0.517646,-0.026200,0.871443,-0.516306,0.742787,-0.030229,-0.222792,0.393286,-0.126915,-1.198535,0.008722,1.796804,-1.931682,-1.378457,1.229817,-1.518419,0.280366,0.061874,-0.406616,0.023289,-0.000243,0.000141,0.001960
31.890086,0.818988,0.732641,-1.531805,0.948684,-0.290879,0.516945,-0.025609,0.834933,-0.496750,0.707019,-0.031991,-0.223078,0.390374,-0.126436,-1.198248,0.008782,1.796392,-1.931655,-1.378459,1.229818,-1.518425,0.281205,0.061113,-0.407858,0.024658,-0.002019,0.000872,-0.000725
31.891187,0.822385,0.735000,-1.536883,0.955671,-0.289459,0.516242,-0.024315,0.798100,-0.476970,0.670914,-0.033780,-0.223291,0.387473,-0.126001,-1.197960,0.008849,1.795974,-1.931629,-1.378461,1.229820,-1.518421,0.281705,0.063274,-0.410596,0.024880,-0.002342,0.001488,0.000642
31.891969,0.819229,0.738004,-1.532136,0.957344,-0.287808,0.516966,-0.022666,0.766222,-0.460379,0.639736,-0.035200,-0.223302,0.384983,-0.125614,-1.197681,0.008912,1.795566,-1.931607,-1.378458,1.229825,-1.518421,0.281530,0.063559,-0.411510,0.023634,-0.001383,0.002083,0.000610
31.892947,0.817866,0.744554,-1.533336,0.964088,-0.286273,0.516054,-0.021835,0.741374,-0.448000,0.615562,-0.035516,-0.223136,0.383043,-0.125269,-1.197392,0.008973,1.795145,-1.931577,-1.378457,1.229827,-1.518426,0.283114,0.062902,-0.414800,0.025749,-0.001348,0.001282,-0.000860
31.893981,0.811310,0.744156,-1.544104,0.967705,-0.284661,0.518349,-0.021057,0.721858,-0.437842,0.596686,-0.034664,-0.222846,0.381507,-0.124943,-1.197100,0.009032,1.794729,-1.931555,-1.378456,1.229829,-1.518425,0.284624,0.060900,-0.416626,0.024037,-0.000760,0.002127,-0.000226
31.894997,0.809960,0.748829,-1.545414,0.971732,-0.283300,0.517573,-0.019888,0.701103,-0.425570,0.576572,-0.032365,-0.222691,0.379827,-0.124586,-1.196807,0.009099,1.794321,-1.931525,-1.378455,1.229824,-1.518423,0.288986,0.062433,-0.414163,0.025629,-0.000132,-0.000239,0.000624
31.896076,0.809058,0.751029,-1.550436,0.976327,-0.281051,0.517980,-0.018019,0.671889,-0.407589,0.548053,-0.029616,-0.222833,0.377412,-0.124173,-1.196511,0.009157,1.793901,-1.931496,-1.378453,1.229826,-1.518423,0.290578,0.061450,-0.416229,0.026719,0.000705,0.000487,0.000647
31.896975,0.802162,0.751594,-1.555414,0.979407,-0.279765,0.517950,-0.017711,0.634109,-0.384319,0.511021,-0.027756,-0.223143,0.374275,-0.123714,-1.196215,0.009219,1.793488,-1.931467,-1.378451,1.229823,-1.518425,0.292260,0.061809,-0.416945,0.027593,0.000780,0.000012,-0.000581
31.898012,0.804587,0.755516,-1.559105,0.985859,-0.277472,0.518499,-0.017537,0.588983,-0.356878,0.466699,-0.027329,-0.223546,0.370540,-0.123217,-1.195911,0.009280,1.793070,-1.931435,-1.378448,1.229823,-1.518423,0.296055,0.062628,-0.416264,0.028882,0.001426,-0.000015,0.000917
31.899022,0.799961,0.755835,-1.563317,0.990820,-0.275560,0.519014,-0.016364,0.536505,-0.325599,0.415137,-0.027954,-0.224126,0.366234,-0.122686,-1.195614,0.009341,1.792655,-1.931412,-1.378446,1.229822,-1.518416,0.295822,0.062040,-0.417335,0.027773,0.001363,-0.000635,0.002968
31.900077,0.799323,0.756147,-1.563631,0.993553,-0.271532,0.517210,-0.013649,0.479426,-0.291945,0.359131,-0.028108,-0.224985,0.361626,-0.122143,-1.195310,0.009407,1.792235,-1.931382,-1.378446,1.229821,-1.518414,0.298998,0.063162,-0.417865,0.027872,0.001651,-0.001214,0.002946
31.900985,0.796043,0.762327,-1.565935,0.999441,-0.268499,0.516406,-0.013604,0.421417,-0.258493,0.302334,-0.028027,-0.225976,0.356996,-0.121638,-1.195005,0.009473,1.791808,-1.931346,-1.378450,1.229827,-1.518422,0.300311,0.064361,-0.420617,0.030328,-0.000062,0.000502,-0.000022
31.902109,0.803785,0.763312,-1.568207,1.003653,-0.268278,0.516056,-0.011828,0.364936,-0.226815,0.247190,-0.028700,-0.226857,0.352491,-0.121205,-1.194698,0.009532,1.791389,-1.931320,-1.378453,1.229829,-1.518416,0.302286,0.062379,-0.421320,0.028964,-0.001081,0.001222,0.002030
31.902970,0.804403,0.766932,-1.568527,1.006868,-0.266979,0.516794,-0.010286,0.312930,-0.197922,0.196659,-0.029385,-0.227553,0.348341,-0.120834,-1.194402,0.009598,1.790962,-1.931287,-1.378445,1.229830,-1.518418,0.299790,0.063408,-0.423617,0.030400,0.001100,0.001484,0.001080
31.904005,0.805373,0.767814,-1.569947,1.013873,-0.263519,0.517228,-0.009387,0.270683,-0.174648,0.156000,-0.029908,-0.227912,0.344983,-0.120526,-1.194098,0.009658,1.790538,-1.931253,-1.378448,1.229829,-1.518419,0.299671,0.062617,-0.424903,0.031299,0.001692,0.000680,0.000006
31.905039,0.805290,0.770908,-1.578457,1.019035,-0.261229,0.517684,-0.007933,0.240775,-0.158398,0.127732,-0.029965,-0.227905,0.342630,-0.120276,-1.193798,0.009722,1.790107,-1.931227,-1.378450,1.229829,-1.518415,0.300168,0.063522,-0.426895,0.029546,0.000485,0.000181,0.000622
31.906017,0.803077,0.774099,-1.579929,1.022906,-0.259917,0.518099,-0.006448,0.220079,-0.147141,0.108697,-0.028130,-0.227798,0.341015,-0.120062,-1.193495,0.009785,1.789681,-1.931199,-1.378451,1.229827,-1.518416,0.301160,0.063314,-0.425348,0.029644,0.000467,-0.000336,0.000117
31.907047,0.804216,0.778014,-1.591029,1.026224,-0.256910,0.518832,-0.004977,0.202918,-0.137437,0.093208,-0.024382,-0.227771,0.339664,-0.119876,-1.193187,0.009848,1.789255,-1.931168,-1.378449,1.229826,-1.518416,0.302898,0.062949,-0.426964,0.030621,0.001270,-0.000809,-0.000574
31.908128,0.803894,0.778977,-1.589798,1.030022,-0.255064,0.518218,-0.004382,0.184230,-0.126153,0.076152,-0.020349,-0.227800,0.338177,-0.119711,-1.192885,0.009909,1.788835,-1.931132,-1.378450,1.229822,-1.518418,0.303253,0.062354,-0.424159,0.032333,0.000506,-0.001597,-0.001105
31.909023,0.801123,0.783169,-1.597051,1.034998,-0.253761,0.518768,-0.004148,0.162827,-0.112766,0.056245,-0.017865,-0.227720,0.336466,-0.119532,-1.192575,0.009974,1.788395,-1.931096,-1.378447,1.229822,-1.518416,0.304487,0.063310,-0.427782,0.033835,0.000994,-0.001039,0.000237
31.910006,0.797489,0.783517,-1.593310,1.039781,-0.251647,0.517340,-0.001852,0.139722,-0.098044,0.034427,-0.017146,-0.227490,0.334636,-0.119290,-1.192267,0.010034,1.787973,-1.931064,-1.378446,1.229819,-1.518412,0.306142,0.062302,-0.425832,0.033202,0.001630,-0.001648,0.001842
31.911130,0.799921,0.784209,-1.597342,1.044594,-0.247912,0.516100,-0.001911,0.114828,-0.081818,0.010619,-0.016692,-0.227311,0.332710,-0.118965,-1.191953,0.010099,1.787531,-1.931032,-1.378447,1.229822,-1.518415,0.308542,0.063367,-0.429933,0.033267,0.001657,-0.000282,-0.000486
31.912062,0.802281,0.783543,-1.598258,1.050218,-0.244569,0.515300,0.000106,0.091307,-0.066301,-0.011961,-0.015804,-0.227185,0.330925,-0.118573,-1.191641,0.010166,1.787098,-1.930996,-1.378449,1.229823,-1.518409,0.308543,0.064506,-0.431243,0.034024,0.000376,0.000868,0.002279
31.912974,0.799811,0.790828,-1.596490,1.053699,-0.242816,0.515059,0.001284,0.074680,-0.055402,-0.027721,-0.014471,-0.226931,0.329678,-0.118150,-1.191334,0.010235,1.786660,-1.930965,-1.378450,1.229826,-1.518411,0.307796,0.065903,-0.432604,0.032959,-0.000924,0.001586,0.000379
31.914174,0.802343,0.788930,-1.602338,1.060883,-0.240667,0.514842,0.002783,0.066535,-0.049749,-0.035006,-0.012178,-0.226523,0.329090,-0.117743,-1.191021,0.010296,1.786216,-1.930930,-1.378447,1.229826,-1.518410,0.309331,0.063356,-0.435102,0.033870,-0.000707,0.001754,0.000164
31.914949,0.799618,0.788198,-1.601143,1.062386,-0.238862,0.514248,0.003734,0.065319,-0.047812,-0.035326,-0.008462,-0.226039,0.329040,-0.117388,-1.190713,0.010365,1.785781,-1.930897,-1.378448,1.229827,-1.518410,0.309667,0.065961,-0.436065,0.032735,-0.000235,0.001883,-0.000038
31.915997,0.795002,0.792425,-1.605248,1.068351,-0.236106,0.515702,0.004945,0.069999,-0.049627,-0.029732,-0.003754,-0.225491,0.329390,-0.117101,-1.190397,0.010433,1.785339,-1.930860,-1.378445,1.229829,-1.518408,0.310676,0.067074,-0.437245,0.034797,-0.000384,0.002413,-0.000138
31.917016,0.794182,0.795698,-1.604553,1.071473,-0.234076,0.515855,0.006726,0.077574,-0.053916,-0.021295,0.000975,-0.224890,0.329857,-0.116889,-1.190074,0.010498,1.784902,-1.930827,-1.378446,1.229826,-1.518410,0.313764,0.066298,-0.437906,0.033998,-0.000856,0.000885,-0.000110
31.918049,0.794664,0.801532,-1.607905,1.075708,-0.232402,0.516242,0.007152,0.083745,-0.057491,-0.014359,0.005357,-0.224319,0.330137,-0.116743,-1.189760,0.010565,1.784454,-1.930788,-1.378445,1.229826,-1.518412,0.314897,0.065934,-0.440657,0.035788,-0.000672,0.000680,-0.001298
31.919085,0.793176,0.801864,-1.610864,1.082223,-0.229827,0.516345,0.009130,0.087708,-0.059128,-0.009718,0.008900,-0.223705,0.330241,-0.116640,-1.189446,0.010627,1.784009,-1.930750,-1.378445,1.229826,-1.518409,0.315449,0.064363,-0.441462,0.036522,-0.000087,0.000220,0.000273
31.920072,0.796640,0.805794,-1.615139,1.088026,-0.228867,0.515670,0.010246,0.089630,-0.058582,-0.007168,0.011950,-0.223060,0.330232,-0.116537,-1.189129,0.010697,1.783566,-1.930716,-1.378447,1.229825,-1.518414,0.316982,0.065500,-0.442549,0.035104,-0.000403,0.000053,-0.001278
31.921080,0.790691,0.804318,-1.611091,1.091423,-0.226476,0.515631,0.010643,0.089764,-0.056059,-0.006444,0.016439,-0.222611,0.330137,-0.116391,-1.188814,0.010762,1.783119,-1.930683,-1.378446,1.229827,-1.518413,0.315808,0.064743,-0.442537,0.034151,0.000796,0.000653,-0.001196
31.922126,0.795048,0.807676,-1.612196,1.095061,-0.224367,0.516043,0.011230,0.089924,-0.053062,-0.005749,0.022846,-0.222374,0.330080,-0.116167,-1.188487,0.010833,1.782660,-1.930644,-1.378448,1.229827,-1.518410,0.319374,0.066704,-0.446754,0.035593,0.000601,0.000617,0.000363
31.923013,0.794978,0.805584,-1.605678,1.098337,-0.222508,0.515923,0.012098,0.093375,-0.052192,-0.001807,0.029234,-0.222021,0.330299,-0.115863,-1.188174,0.010899,1.782211,-1.930604,-1.378447,1.229826,-1.518404,0.318016,0.066337,-0.448739,0.036979,0.000767,0.000133,0.001602
31.924041,0.796663,0.803550,-1.609980,1.103059,-0.219906,0.516064,0.014123,0.105193,-0.056851,0.010490,0.033833,-0.221169,0.331198,-0.115509,-1.187857,0.010971,1.781746,-1.930564,-1.378445,1.229827,-1.518404,0.318188,0.068347,-0.453185,0.037800,0.000811,0.000192,0.001923
31.925075,0.796424,0.808013,-1.608459,1.109372,-0.219077,0.516984,0.014922,0.128877,-0.069588,0.034610,0.036316,-0.219683,0.333028,-0.115148,-1.187536,0.011047,1.781297,-1.930526,-1.378448,1.229826,-1.518404,0.318038,0.070548,-0.453421,0.038030,0.000481,-0.000018,0.000250
31.926057,0.790606,0.809633,-1.604672,1.114656,-0.216641,0.516272,0.016235,0.162620,-0.089279,0.068675,0.037902,-0.217784,0.335625,-0.114814,-1.187216,0.011115,1.780833,-1.930491,-1.378444,1.229824,-1.518402,0.318905,0.069572,-0.456493,0.036776,0.001881,-0.001002,0.001079
31.926930,0.784874,0.811225,-1.607456,1.117877,-0.213598,0.517234,0.017648,0.201974,-0.112165,0.108217,0.040719,-0.215855,0.338669,-0.114512,-1.186885,0.011187,1.780364,-1.930453,-1.378445,1.229826,-1.518402,0.322217,0.069911,-0.460228,0.036183,0.001571,-0.000351,0.000731
31.927987,0.777764,0.813893,-1.610147,1.122303,-0.212316,0.516646,0.018170,0.240831,-0.133982,0.147164,0.045310,-0.214137,0.341680,-0.114246,-1.186556,0.011258,1.779908,-1.930413,-1.378449,1.229823,-1.518404,0.324996,0.070042,-0.459960,0.037020,0.000457,-0.001376,-0.000055
31.928966,0.778326,0.815190,-1.612779,1.127294,-0.210714,0.516467,0.019802,0.271075,-0.150015,0.177448,0.050450,-0.212728,0.343991,-0.114018,-1.186217,0.011328,1.779443,-1.930374,-1.378444,1.229825,-1.518399,0.329171,0.070012,-0.461082,0.037690,0.001451,-0.000855,0.001367
31.930015,0.775419,0.817408,-1.615878,1.130858,-0.208256,0.515503,0.021522,0.288707,-0.158041,0.195134,0.055541,-0.211675,0.345275,-0.113815,-1.185885,0.011401,1.778982,-1.930335,-1.378443,1.229824,-1.518401,0.329187,0.070490,-0.461671,0.037342,0.001967,-0.000742,0.000368
31.931158,0.771506,0.821807,-1.617120,1.135348,-0.206431,0.515790,0.022192,0.295500,-0.159305,0.202039,0.060444,-0.210916,0.345669,-0.113622,-1.185549,0.011472,1.778513,-1.930295,-1.378442,1.229825,-1.518405,0.331273,0.070661,-0.462473,0.038834,0.001778,0.000152,-0.000608
31.931973,0.776669,0.819391,-1.612350,1.138270,-0.202894,0.515858,0.022937,0.293203,-0.154891,0.199907,0.064304,-0.210308,0.345323,-0.113407,-1.185208,0.011540,1.778040,-1.930252,-1.378441,1.229826,-1.518402,0.334207,0.069959,-0.464878,0.039829,0.002435,-0.000231,0.000728
31.933004,0.772933,0.821129,-1.608533,1.142861,-0.200715,0.515194,0.023779,0.287088,-0.148054,0.194018,0.066484,-0.209607,0.344693,-0.113127,-1.184883,0.011615,1.777570,-1.930209,-1.378443,1.229826,-1.518402,0.331282,0.071950,-0.467817,0.040531,0.000671,-0.000353,0.001128
31.933982,0.772781,0.820144,-1.610953,1.146751,-0.198132,0.515836,0.025399,0.286535,-0.144826,0.193763,0.067170,-0.208522,0.344544,-0.112767,-1.184546,0.011689,1.777089,-1.930169,-1.378443,1.229827,-1.518399,0.333720,0.072276,-0.471801,0.040859,0.000754,0.000239,0.001839
31.934972,0.766745,0.823805,-1.610848,1.153266,-0.195541,0.515563,0.025328,0.294519,-0.147341,0.202058,0.066860,-0.207015,0.345087,-0.112345,-1.184208,0.011764,1.776620,-1.930126,-1.378444,1.229827,-1.518400,0.334042,0.073876,-0.472363,0.041546,0.000303,-0.000484,0.000868
31.936087,0.766379,0.824656,-1.616716,1.155318,-0.193638,0.516728,0.027987,0.306726,-0.152956,0.214520,0.066799,-0.205376,0.345951,-0.111884,-1.183866,0.011837,1.776140,-1.930090,-1.378445,1.229827,-1.518392,0.337368,0.073164,-0.474189,0.039790,-0.000126,-0.000270,0.003317
31.937041,0.770844,0.825261,-1.617644,1.160578,-0.192551,0.517229,0.028530,0.317365,-0.157957,0.225370,0.067608,-0.203857,0.346670,-0.111422,-1.183523,0.011909,1.775661,-1.930041,-1.378441,1.229825,-1.518397,0.338350,0.074153,-0.473963,0.042975,0.000376,-0.001512,0.000571
31.938071,0.760653,0.828465,-1.618160,1.165465,-0.189147,0.517369,0.029713,0.325339,-0.161851,0.233589,0.068378,-0.202390,0.347185,-0.110997,-1.183191,0.011986,1.775186,-1.929999,-1.378441,1.229825,-1.518395,0.336321,0.074871,-0.475057,0.042108,0.001360,-0.002072,0.001738
31.939075,0.758605,0.826439,-1.621908,1.170104,-0.187424,0.516306,0.030458,0.332075,-0.165479,0.240992,0.071813,-0.199941,0.347611,-0.110274,-1.182490,0.012139,1.774222,-1.929912,-1.378442,1.229826,-1.518388,0.343063,0.076603,-0.476809,0.042135,0.000667,-0.001279,0.002593
31.940019,0.753690,0.829437,-1.618236,1.173525,-0.184489,0.516877,0.031068,0.332075,-0.165479,0.240992,0.071813,-0.199941,0.347611,-0.110274,-1.182490,0.012139,1.774222,-1.929912,-1.378442,1.229826,-1.518388,0.343063,0.076603,-0.476809,0.042135,0.000667,-0.001279,0.002593
31.941105,0.753207,0.834919,-1.622232,1.176198,-0.181137,0.516185,0.033859,0.326217,-0.162756,0.235529,0.074998,-0.199209,0.347100,-0.109985,-1.182144,0.012214,1.773739,-1.929867,-1.378441,1.229825,-1.518387,0.345552,0.076098,-0.480051,0.043043,-0.000228,-0.001925,0.003572
31.942069,0.751174,0.835785,-1.621910,1.181861,-0.179931,0.516171,0.035038,0.315521,-0.157484,0.225245,0.077669,-0.198565,0.346222,-0.109768,-1.181793,0.012286,1.773253,-1.929817,-1.378444,1.229826,-1.518396,0.346378,0.074690,-0.480445,0.045381,-0.001187,-0.001301,0.000517
31.943007,0.747629,0.838004,-1.614972,1.184782,-0.179017,0.514797,0.036009,0.300916,-0.149517,0.211047,0.079141,-0.197861,0.345075,-0.109612,-1.181440,0.012363,1.772770,-1.929776,-1.378441,1.229826,-1.518396,0.347427,0.075309,-0.482148,0.044206,-0.000310,-0.001360,0.000436
31.944043,0.745690,0.836386,-1.616482,1.188673,-0.175706,0.514641,0.036120,0.285821,-0.140757,0.196331,0.080376,-0.197108,0.343917,-0.109464,-1.181088,0.012439,1.772272,-1.929727,-1.378441,1.229829,-1.518391,0.349127,0.075198,-0.486807,0.045500,0.000814,-0.000061,0.000667
31.945076,0.737813,0.838647,-1.615689,1.193100,-0.173682,0.514305,0.038262,0.274518,-0.134192,0.185327,0.081443,-0.196206,0.343045,-0.109281,-1.180732,0.012520,1.771777,-1.929680,-1.378441,1.229829,-1.518387,0.350402,0.077158,-0.487952,0.046384,-0.000257,0.000015,0.002862
31.946018,0.737126,0.838849,-1.615270,1.198057,-0.171654,0.514085,0.039256,0.258999,-0.127161,0.170182,0.081924,-0.194095,0.341688,-0.108753,-1.180016,0.012676,1.770789,-1.929588,-1.378440,1.229830,-1.518389,0.354826,0.078070,-0.491719,0.046066,-0.000009,0.000427,0.001182
31.947157,0.733430,0.842323,-1.615193,1.204460,-0.170403,0.515487,0.040345,0.258999,-0.127161,0.170182,0.081924,-0.194095,0.341688,-0.108753,-1.180016,0.012676,1.770789,-1.929588,-1.378440,1.229830,-1.518389,0.354826,0.078070,-0.491719,0.046066,-0.000009,0.000427,0.001182
31.948025,0.728965,0.843763,-1.609770,1.207266,-0.167774,0.515129,0.041410,0.251991,-0.124700,0.163376,0.083643,-0.193261,0.341037,-0.108388,-1.179652,0.012755,1.770292,-1.929544,-1.378439,1.229826,-1.518385,0.357372,0.077686,-0.494455,0.045115,0.001223,-0.001045,0.001649
31.949062,0.726898,0.843602,-1.610849,1.212397,-0.164120,0.515189,0.041864,0.246517,-0.122839,0.158145,0.087622,-0.192680,0.340563,-0.107959,-1.179291,0.012834,1.769786,-1.929496,-1.378440,1.229826,-1.518385,0.359110,0.077796,-0.497707,0.046145,0.000473,-0.000728,0.001539
31.950041,0.725872,0.842931,-1.604725,1.213791,-0.162509,0.515073,0.043384,0.243436,-0.121958,0.155314,0.093074,-0.192207,0.340324,-0.107500,-1.178927,0.012916,1.769280,-1.929450,-1.378444,1.229828,-1.518379,0.360353,0.079011,-0.498942,0.045812,-0.000894,-0.000876,0.003037
31.951059,0.726501,0.843414,-1.609519,1.217096,-0.160423,0.514621,0.044893,0.254499,-0.130946,0.166814,0.101435,-0.190337,0.341177,-0.106681,-1.178200,0.013082,1.768267,-1.929341,-1.378442,1.229827,-1.518380,0.360654,0.081168,-0.502611,0.049924,-0.000247,-0.000433,0.001617
31.952052,0.721902,0.845634,-1.607450,1.221900,-0.158649,0.513759,0.046285,0.254499,-0.130946,0.166814,0.101435,-0.190337,0.341177,-0.106681,-1.178200,0.013082,1.768267,-1.929341,-1.378442,1.229827,-1.518380,0.360654,0.081168,-0.502611,0.049924,-0.000247,-0.000433,0.001617
31.953083,0.717220,0.844659,-1.604338,1.226633,-0.157270,0.514644,0.048171,0.268842,-0.141146,0.181291,0.102030,-0.188628,0.342229,-0.106382,-1.177830,0.013163,1.767760,-1.929293,-1.378443,1.229826,-1.518376,0.362930,0.081104,-0.505143,0.049621,0.000158,0.000369,0.001136
31.954149,0.713397,0.847031,-1.607370,1.228675,-0.155976,0.514091,0.048324,0.285315,-0.152319,0.197810,0.101984,-0.186736,0.343402,-0.106138,-1.177460,0.013248,1.767246,-1.929243,-1.378441,1.229823,-1.518378,0.365399,0.082680,-0.508378,0.049594,0.001001,-0.000587,-0.000230
31.955073,0.714861,0.843991,-1.606425,1.234126,-0.154428,0.513629,0.050024,0.302023,-0.163239,0.214505,0.101776,-0.184810,0.344583,-0.105926,-1.177087,0.013329,1.766729,-1.929185,-1.378437,1.229821,-1.518376,0.367542,0.082675,-0.508724,0.052269,0.001990,-0.000078,0.001973
31.956044,0.712581,0.847525,-1.599481,1.235184,-0.151879,0.515245,0.051058,0.336244,-0.185121,0.248881,0.100044,-0.180889,0.347092,-0.105508,-1.176355,0.013503,1.765695,-1.929076,-1.378432,1.229820,-1.518372,0.367543,0.084193,-0.514707,0.053961,0.001959,-0.001382,0.000888
31.956970,0.708308,0.849660,-1.594243,1.240147,-0.148026,0.514612,0.052317,0.360638,-0.199506,0.273412,0.098585,-0.178669,0.349070,-0.105260,-1.175981,0.013587,1.765164,-1.929024,-1.378436,1.229824,-1.518372,0.369295,0.084013,-0.517982,0.053011,0.000143,-0.000811,0.000524
31.958015,0.712249,0.850055,-1.592183,1.243749,-0.146036,0.514483,0.053234,0.360638,-0.199506,0.273412,0.098585,-0.178669,0.349070,-0.105260,-1.175981,0.013587,1.765164,-1.929024,-1.378436,1.229824,-1.518372,0.369295,0.084013,-0.517982,0.053011,0.000143,-0.000811,0.000524
31.959065,0.717026,0.847018,-1.588674,1.244670,-0.144478,0.513539,0.053927,0.392057,-0.216738,0.304981,0.097230,-0.176204,0.351736,-0.104943,-1.175621,0.013673,1.764641,-1.928968,-1.378433,1.229824,-1.518370,0.367602,0.084919,-0.520667,0.054060,0.000423,-0.000758,0.001126
31.959974,0.717632,0.848225,-1.585295,1.248680,-0.141188,0.514167,0.055924,0.434536,-0.239936,0.347681,0.095362,-0.173284,0.355360,-0.104543,-1.175258,0.013763,1.764106,-1.928903,-1.378432,1.229825,-1.518364,0.365499,0.087509,-0.523992,0.057600,0.001140,0.000111,0.002169
31.961017,0.709585,0.851571,-1.584292,1.254890,-0.138173,0.513237,0.056218,0.491778,-0.272226,0.405162,0.091311,-0.169609,0.360178,-0.104082,-1.174890,0.013850,1.763580,-1.928847,-1.378432,1.229822,-1.518366,0.365048,0.087798,-0.526664,0.057721,-0.000074,-0.000580,0.000371
31.962061,0.711882,0.858819,-1.587476,1.261012,-0.136455,0.513560,0.057634,0.559028,-0.310490,0.472576,0.086213,-0.165470,0.365775,-0.103582,-1.174513,0.013938,1.763042,-1.928792,-1.378433,1.229824,-1.518356,0.369941,0.087512,-0.529898,0.057142,-0.000448,0.000270,0.002516
31.963061,0.710832,0.858131,-1.590488,1.265779,-0.133355,0.514426,0.059273,0.686753,-0.379095,0.600632,0.082339,-0.158069,0.376402,-0.102544,-1.173769,0.014111,1.761965,-1.928677,-1.378433,1.229819,-1.518352,0.370828,0.086994,-0.531847,0.057164,-0.000132,-0.001065,0.001727
31.964042,0.710139,0.864635,-1.596169,1.267969,-0.132858,0.514378,0.060777,0.686753,-0.379095,0.600632,0.082339,-0.158069,0.376402,-0.102544,-1.173769,0.014111,1.761965,-1.928677,-1.378433,1.229819,-1.518352,0.370828,0.086994,-0.531847,0.057164,-0.000132,-0.001065,0.001727
31.965083,0.702336,0.859721,-1.593198,1.273284,-0.129995,0.513985,0.062624,0.776677,-0.421211,0.691360,0.084531,-0.152600,0.384177,-0.101686,-1.173003,0.014288,1.760896,-1.928552,-1.378431,1.229824,-1.518350,0.376282,0.088862,-0.535484,0.060151,0.001566,-0.000796,0.000316
31.966006,0.704205,0.863777,-1.595230,1.276917,-0.128191,0.512541,0.063777,0.805562,-0.433663,0.720733,0.084686,-0.150385,0.386790,-0.101339,-1.172630,0.014373,1.760353,-1.928490,-1.378429,1.229824,-1.518348,0.375554,0.087948,-0.536045,0.061212,0.002065,0.000584,0.000435
31.967069,0.707478,0.864603,-1.594004,1.281327,-0.124395,0.512215,0.065181,0.805562,-0.433663,0.720733,0.084686,-0.150385,0.386790,-0.101339,-1.172630,0.014373,1.760353,-1.928490,-1.378429,1.229824,-1.518348,0.375554,0.087948,-0.536045,0.061212,0.002065,0.000584,0.000435
31.968060,0.713348,0.862454,-1.594956,1.287770,-0.121753,0.511126,0.066073,0.829389,-0.444442,0.745194,0.084045,-0.148316,0.388972,-0.101010,-1.172257,0.014464,1.759804,-1.928428,-1.378430,1.229827,-1.518343,0.374884,0.088967,-0.539446,0.062411,0.000935,0.000797,0.000395
31.969047,0.701981,0.868259,-1.596229,1.292318,-0.119701,0.511777,0.066679,0.855450,-0.458023,0.772062,0.083034,-0.146161,0.391295,-0.100662,-1.171892,0.014560,1.759261,-1.928370,-1.378429,1.229830,-1.518338,0.372630,0.091233,-0.541160,0.061173,0.000779,0.001797,0.001199
31.970131,0.704942,0.866216,-1.595701,1.298318,-0.117041,0.510477,0.068189,0.884340,-0.474852,0.801827,0.083009,-0.144045,0.393773,-0.100263,-1.171502,0.014649,1.758714,-1.928306,-1.378429,1.229830,-1.518331,0.378770,0.089556,-0.542637,0.061709,0.001220,0.001050,0.002554
31.971087,0.707762,0.874071,-1.599146,1.302009,-0.113586,0.510352,0.068236,0.910166,-0.491157,0.828490,0.084624,-0.142241,0.395913,-0.099807,-1.171122,0.014744,1.758163,-1.928244,-1.378428,1.229837,-1.518331,0.378227,0.092033,-0.545853,0.061441,0.001264,0.002241,0.002359
31.972012,0.707858,0.874837,-1.600204,1.304844,-0.110541,0.510881,0.069474,0.951955,-0.520645,0.872046,0.090078,-0.139189,0.399125,-0.098774,-1.170370,0.014921,1.757060,-1.928112,-1.378430,1.229837,-1.518316,0.377387,0.090012,-0.546895,0.064322,-0.000498,0.001673,0.004666
31.973052,0.707923,0.878833,-1.604021,1.311642,-0.107493,0.510815,0.070667,0.966850,-0.532483,0.888004,0.091858,-0.137693,0.400139,-0.098240,-1.169986,0.015008,1.756514,-1.928052,-1.378428,1.229837,-1.518311,0.378079,0.089402,-0.547573,0.062996,-0.000947,0.001663,0.004992
31.974079,0.710632,0.884974,-1.603309,1.316511,-0.106304,0.512271,0.071585,0.966850,-0.532483,0.888004,0.091858,-0.137693,0.400139,-0.098240,-1.169986,0.015008,1.756514,-1.928052,-1.378428,1.229837,-1.518311,0.378079,0.089402,-0.547573,0.062996,-0.000947,0.001663,0.004992
31.974990,0.713534,0.888064,-1.607082,1.321884,-0.103413,0.513063,0.073200,0.977215,-0.541706,0.899583,0.094034,-0.136345,0.400751,-0.097722,-1.169611,0.015094,1.755955,-1.927988,-1.378427,1.229836,-1.518303,0.377476,0.087713,-0.550287,0.063486,0.000444,0.000119,0.005821
31.976051,0.715276,0.889056,-1.613914,1.326762,-0.102754,0.513752,0.073844,0.984435,-0.548494,0.908214,0.097714,-0.135210,0.401151,-0.097233,-1.169234,0.015181,1.755400,-1.927926,-1.378427,1.229835,-1.518297,0.376165,0.087279,-0.549729,0.062697,-0.000175,-0.000732,0.004940
31.977100,0.707457,0.889692,-1.615045,1.331387,-0.100012,0.513784,0.075259,0.988494,-0.553024,0.913871,0.103044,-0.134318,0.401355,-0.096776,-1.168862,0.015273,1.754855,-1.927860,-1.378422,1.229836,-1.518289,0.376278,0.088199,-0.549098,0.063327,0.001810,-0.001508,0.006427
31.978014,0.701499,0.894128,-1.619048,1.334136,-0.099024,0.513207,0.076865,0.986678,-0.554613,0.913713,0.109221,-0.133732,0.401088,-0.096342,-1.168470,0.015362,1.754298,-1.927795,-1.378421,1.229832,-1.518285,0.380900,0.089286,-0.551113,0.064143,0.001674,-0.001594,0.006318
31.979148,0.701270,0.895674,-1.629755,1.339415,-0.094276,0.512320,0.077934,0.974159,-0.550903,0.902778,0.114755,-0.133507,0.399918,-0.095921,-1.168078,0.015449,1.753752,-1.927725,-1.378417,1.229832,-1.518283,0.383844,0.088155,-0.550581,0.065847,0.002957,-0.001084,0.005487
31.980011,0.700625,0.895897,-1.629848,1.344245,-0.093499,0.510431,0.079663,0.946189,-0.539005,0.876326,0.118481,-0.133690,0.397448,-0.095498,-1.167694,0.015539,1.753204,-1.927657,-1.378419,1.229832,-1.518273,0.385149,0.088993,-0.548608,0.066498,0.001036,-0.000281,0.006301
31.980972,0.701667,0.901572,-1.633269,1.347247,-0.091355,0.510521,0.080187,0.903715,-0.519621,0.835388,0.120728,-0.134283,0.393735,-0.095053,-1.167310,0.015630,1.752648,-1.927591,-1.378415,1.229837,-1.518268,0.385268,0.089821,-0.549513,0.065838,0.002427,0.001522,0.005068
31.982005,0.699133,0.902995,-1.630434,1.351223,-0.087075,0.509647,0.081733,0.852572,-0.496007,0.785803,0.122453,-0.135187,0.389265,-0.094589,-1.166929,0.015715,1.752099,-1.927521,-1.378412,1.229838,-1.518258,0.385101,0.088203,-0.549673,0.067580,0.002653,0.001326,0.006528
31.983047,0.699511,0.907550,-1.632651,1.356453,-0.084615,0.509940,0.083048,0.798611,-0.470959,0.733342,0.123234,-0.136126,0.384558,-0.094118,-1.166539,0.015805,1.751537,-1.927448,-1.378415,1.229841,-1.518252,0.387001,0.088877,-0.553462,0.068754,0.000982,0.002112,0.006101
31.984042,0.696061,0.909300,-1.640214,1.359453,-0.080931,0.510112,0.083730,0.746694,-0.446948,0.682812,0.122761,-0.136855,0.380018,-0.093642,-1.166150,0.015888,1.750986,-1.927378,-1.378415,1.229842,-1.518245,0.387470,0.088038,-0.554897,0.068800,0.001153,0.001720,0.006180
31.985082,0.690319,0.917736,-1.644374,1.364729,-0.079719,0.511993,0.086355,0.696778,-0.423735,0.634169,0.121315,-0.137365,0.375626,-0.093160,-1.165762,0.015978,1.750432,-1.927305,-1.378417,1.229842,-1.518235,0.389650,0.088444,-0.553197,0.070706,-0.000027,0.001471,0.007397
31.986067,0.682901,0.921138,-1.644793,1.369253,-0.078724,0.511366,0.085703,0.579004,-0.363323,0.518632,0.116855,-0.138578,0.365411,-0.092193,-1.164960,0.016141,1.749318,-1.927163,-1.378408,1.229841,-1.518214,0.397003,0.085332,-0.555385,0.070991,0.002794,0.000074,0.008706
31.987036,0.686490,0.925451,-1.652701,1.372178,-0.076490,0.512855,0.087480,0.579004,-0.363323,0.518632,0.116855,-0.138578,0.365411,-0.092193,-1.164960,0.016141,1.749318,-1.927163,-1.378408,1.229841,-1.518214,0.397003,0.085332,-0.555385,0.070991,0.002794,0.000074,0.008706
31.987989,0.680137,0.926326,-1.657543,1.376269,-0.074722,0.513384,0.088760,0.506466,-0.322390,0.447244,0.115471,-0.139630,0.359308,-0.091700,-1.164566,0.016224,1.748766,-1.927087,-1.378406,1.229835,-1.518210,0.395388,0.084456,-0.553292,0.072738,0.002954,-0.001477,0.007629
31.989003,0.677557,0.931566,-1.659622,1.378881,-0.071301,0.513038,0.089940,0.427582,-0.276501,0.369662,0.114167,-0.140876,0.352823,-0.091203,-1.164158,0.016309,1.748210,-1.927013,-1.378402,1.229835,-1.518202,0.398596,0.085264,-0.552601,0.073220,0.003549,-0.002074,0.007546
31.990065,0.677541,0.936698,-1.663516,1.384912,-0.067424,0.512559,0.091261,0.343704,-0.227031,0.287214,0.112181,-0.142215,0.346088,-0.090706,-1.163758,0.016391,1.747660,-1.926935,-1.378402,1.229833,-1.518191,0.400268,0.084026,-0.553910,0.075526,0.002663,-0.001784,0.007807
31.991067,0.681346,0.941304,-1.670964,1.389914,-0.064602,0.512777,0.092173,0.257654,-0.175559,0.202664,0.109353,-0.143520,0.339344,-0.090195,-1.163353,0.016469,1.747101,-1.926861,-1.378402,1.229834,-1.518184,0.400852,0.083026,-0.554600,0.074788,0.001447,-0.001392,0.007921
31.992015,0.679938,0.942470,-1.672817,1.393972,-0.060883,0.511682,0.094020,0.094029,-0.074372,0.042240,0.106392,-0.145966,0.327055,-0.089032,-1.162557,0.016633,1.746000,-1.926707,-1.378399,1.229836,-1.518166,0.400090,0.082790,-0.553891,0.075066,-0.000221,-0.000675,0.007432
31.993048,0.679602,0.947553,-1.680532,1.396074,-0.058383,0.511457,0.093680,0.020311,-0.027604,-0.029893,0.106351,-0.146967,0.321692,-0.088374,-1.162153,0.016711,1.745443,-1.926622,-1.378399,1.229839,-1.518149,0.400698,0.081720,-0.552418,0.077855,-0.000119,-0.000559,0.010796
31.994035,0.673766,0.946872,-1.681782,1.402445,-0.056143,0.511472,0.095094,-0.049398,0.016776,-0.098202,0.105966,-0.147724,0.316611,-0.087691,-1.161746,0.016797,1.744890,-1.926547,-1.378398,1.229839,-1.518140,0.403818,0.083383,-0.553865,0.076227,0.000109,-0.000655,0.010487
31.994960,0.673949,0.950988,-1.682871,1.403407,-0.054084,0.511797,0.096215,-0.114693,0.058108,-0.162333,0.105359,-0.148249,0.311792,-0.087013,-1.161340,0.016878,1.744335,-1.926464,-1.378396,1.229838,-1.518129,0.403556,0.082509,-0.554795,0.079505,0.000355,-0.001048,0.010632
31.996055,0.672937,0.954696,-1.692505,1.408819,-0.052764,0.512661,0.097698,-0.114693,0.058108,-0.162333,0.105359,-0.148249,0.311792,-0.087013,-1.161340,0.016878,1.744335,-1.926464,-1.378396,1.229838,-1.518129,0.403556,0.082509,-0.554795,0.079505,0.000355,-0.001048,0.010632
31.997092,0.666347,0.961022,-1.688073,1.415678,-0.047262,0.512325,0.099616,-0.174913,0.095993,-0.221594,0.103863,-0.148454,0.307306,-0.086366,-1.160930,0.016957,1.743788,-1.926386,-1.378392,1.229836,-1.518120,0.404777,0.082295,-0.553022,0.079504,0.001757,-0.001990,0.010497
31.998124,0.667485,0.961502,-1.689171,1.418657,-0.046122,0.511212,0.100525,-0.231647,0.131957,-0.277541,0.102386,-0.148523,0.303082,-0.085752,-1.160518,0.017036,1.743219,-1.926313,-1.378395,1.229835,-1.518113,0.408468,0.080621,-0.557601,0.077785,-0.001145,-0.001719,0.009345
31.999129,0.669694,0.964156,-1.695721,1.423341,-0.041650,0.509436,0.102146,-0.283056,0.165257,-0.328303,0.102428,-0.148580,0.299293,-0.085156,-1.160108,0.017118,1.742653,-1.926229,-1.378391,1.229835,-1.518102,0.408226,0.081849,-0.559319,0.079715,0.000309,-0.000679,0.010209
32.000028,0.665269,0.967719,-1.693516,1.427254,-0.041768,0.510737,0.102940,-0.325387,0.193105,-0.370069,0.103143,-0.148411,0.296200,-0.084561,-1.159705,0.017201,1.742099,-1.926150,-1.378395,1.229840,-1.518095,0.407421,0.081886,-0.558204,0.079840,-0.001640,0.000996,0.009558
32.001084,0.658927,0.972722,-1.693871,1.431718,-0.038432,0.511317,0.104073,-0.358683,0.215199,-0.402867,0.103930,-0.147968,0.293779,-0.083954,-1.159289,0.017281,1.741533,-1.926071,-1.378390,1.229835,-1.518081,0.409277,0.081261,-0.560460,0.080043,0.000734,-0.000374,0.010288
32.002091,0.659862,0.972661,-1.693222,1.433452,-0.037379,0.511215,0.105617,-0.385595,0.233564,-0.429382,0.105065,-0.147399,0.291871,-0.083315,-1.158866,0.017358,1.740971,-1.925990,-1.378389,1.229836,-1.518069,0.412798,0.080313,-0.562844,0.080679,0.000011,-0.001039,0.010741
32.002959,0.656175,0.972253,-1.697087,1.438309,-0.033825,0.511626,0.105923,-0.406851,0.248650,-0.450381,0.105443,-0.146633,0.290436,-0.082650,-1.158458,0.017443,1.740398,-1.925900,-1.378383,1.229836,-1.518058,0.412555,0.081726,-0.565142,0.083539,0.001451,-0.001007,0.010243
32.004026,0.660730,0.974291,-1.693435,1.443457,-0.030279,0.510355,0.107600,-0.421430,0.259010,-0.464813,0.103834,-0.145532,0.289517,-0.081973,-1.158040,0.017528,1.739830,-1.925823,-1.378387,1.229835,-1.518044,0.413852,0.082947,-0.564000,0.082593,0.000081,-0.001488,0.011870
32.005095,0.659436,0.972851,-1.686543,1.447550,-0.026696,0.509699,0.108631,-0.427519,0.262994,-0.470791,0.101175,-0.144136,0.289229,-0.081286,-1.157632,0.017613,1.739258,-1.925741,-1.378388,1.229841,-1.518034,0.412111,0.083423,-0.568405,0.082607,-0.000763,-0.000318,0.011251
32.005973,0.657256,0.974903,-1.685601,1.449619,-0.025531,0.509936,0.110620,-0.391446,0.237805,-0.434649,0.094819,-0.139660,0.292288,-0.079983,-1.156804,0.017785,1.738088,-1.925568,-1.378387,1.229841,-1.518013,0.413922,0.085637,-0.575389,0.085312,-0.000611,-0.000068,0.010227
32.007081,0.666940,0.977845,-1.685595,1.456150,-0.022684,0.510064,0.111906,-0.347900,0.208181,-0.391055,0.090411,-0.136335,0.295729,-0.079407,-1.156407,0.017872,1.737508,-1.925485,-1.378389,1.229841,-1.517999,0.409938,0.085734,-0.578192,0.084166,-0.000665,-0.000282,0.010524
32.008042,0.664168,0.979979,-1.690721,1.461073,-0.020246,0.510545,0.113412,-0.347900,0.208181,-0.391055,0.090411,-0.136335,0.295729,-0.079407,-1.156407,0.017872,1.737508,-1.925485,-1.378389,1.229841,-1.517999,0.409938,0.085734,-0.578192,0.084166,-0.000665,-0.000282,0.010524
32.009024,0.656475,0.983683,-1.689523,1.462393,-0.018824,0.511442,0.115404,-0.231394,0.131313,-0.274076,0.084499,-0.128712,0.304892,-0.078298,-1.155569,0.018042,1.736349,-1.925311,-1.378388,1.229836,-1.517983,0.415146,0.085342,-0.579419,0.086773,0.000352,-0.001788,0.008544
32.010083,0.653078,0.990191,-1.692321,1.467514,-0.017236,0.511509,0.115946,-0.231394,0.131313,-0.274076,0.084499,-0.128712,0.304892,-0.078298,-1.155569,0.018042,1.736349,-1.925311,-1.378388,1.229836,-1.517983,0.415146,0.085342,-0.579419,0.086773,0.000352,-0.001788,0.008544
32.011112,0.653874,0.989080,-1.687696,1.471129,-0.014584,0.510633,0.117759,-0.132763,0.068593,-0.175067,0.078233,-0.121305,0.312637,-0.077147,-1.154735,0.018213,1.735166,-1.925134,-1.378380,1.229837,-1.517962,0.417101,0.085534,-0.584530,0.087704,0.001265,-0.001132,0.009231
32.011972,0.655183,0.987606,-1.679812,1.475231,-0.012167,0.509912,0.118855,-0.086461,0.040145,-0.128647,0.075007,-0.117656,0.316278,-0.076508,-1.154322,0.018303,1.734576,-1.925047,-1.378379,1.229835,-1.517951,0.415888,0.087215,-0.588969,0.087245,0.000996,-0.000472,0.009260
32.013043,0.660283,0.989644,-1.679407,1.480559,-0.009396,0.509197,0.120378,-0.029912,0.005379,-0.072015,0.072962,-0.113835,0.320723,-0.075811,-1.153917,0.018392,1.733975,-1.924960,-1.378376,1.229836,-1.517944,0.413964,0.087649,-0.591363,0.086999,0.000885,0.000154,0.008992
32.014030,0.663713,0.992123,-1.677866,1.484247,-0.005414,0.509490,0.121054,-0.029912,0.005379,-0.072015,0.072962,-0.113835,0.320723,-0.075811,-1.153917,0.018392,1.733975,-1.924960,-1.378376,1.229836,-1.517944,0.413964,0.087649,-0.591363,0.086999,0.000885,0.000154,0.008992
32.014967,0.665594,0.992762,-1.670806,1.485882,-0.004105,0.509847,0.121648,0.039229,-0.036894,-0.002819,0.072694,-0.109834,0.326179,-0.075053,-1.153509,0.018480,1.733381,-1.924869,-1.378378,1.229838,-1.517929,0.412406,0.087674,-0.593685,0.087725,-0.000605,-0.000241,0.010183
32.016016,0.662192,0.996331,-1.667266,1.492596,-0.001472,0.509781,0.123801,0.120699,-0.086181,0.078638,0.073075,-0.105510,0.332640,-0.074249,-1.153103,0.018572,1.732773,-1.924775,-1.378374,1.229839,-1.517914,0.411404,0.088465,-0.598188,0.090108,0.000422,-0.000677,0.011396
32.017070,0.663453,0.996494,-1.669171,1.494820,0.000905,0.508391,0.124648,0.212735,-0.141200,0.170538,0.073647,-0.100844,0.339968,-0.073432,-1.152687,0.018659,1.732159,-1.924690,-1.378374,1.229839,-1.517907,0.413523,0.088094,-0.601808,0.088305,0.000408,-0.000687,0.009784
32.017976,0.658564,1.001044,-1.665075,1.499059,0.003087,0.508700,0.125666,0.309650,-0.198491,0.267205,0.075152,-0.096098,0.347665,-0.072634,-1.152280,0.018750,1.731558,-1.924593,-1.378372,1.229838,-1.517893,0.413385,0.089417,-0.602890,0.090839,0.000661,0.000638,0.010823
32.019086,0.662578,1.002895,-1.667719,1.504438,0.004627,0.506980,0.126959,0.404700,-0.254064,0.361946,0.077309,-0.091459,0.355147,-0.071876,-1.151863,0.018836,1.730942,-1.924504,-1.378372,1.229837,-1.517882,0.415488,0.088221,-0.605545,0.090489,0.000762,0.000250,0.011116
32.020015,0.659912,1.003719,-1.659794,1.507645,0.008601,0.506965,0.129004,0.577920,-0.352365,0.534559,0.085494,-0.083104,0.368609,-0.070511,-1.151039,0.019018,1.729715,-1.924318,-1.378369,1.229837,-1.517865,0.415367,0.089526,-0.611425,0.091074,0.000317,0.001828,0.009697
32.020987,0.660143,1.006627,-1.652010,1.510204,0.010537,0.508740,0.131194,0.661297,-0.398243,0.617532,0.091482,-0.079211,0.375065,-0.069915,-1.150624,0.019108,1.729081,-1.924222,-1.378365,1.229830,-1.517860,0.415238,0.089280,-0.616258,0.092717,0.000810,0.000003,0.007846
32.022016,0.664908,1.007843,-1.651874,1.512867,0.010225,0.508812,0.131753,0.661297,-0.398243,0.617532,0.091482,-0.079211,0.375065,-0.069915,-1.150624,0.019108,1.729081,-1.924222,-1.378365,1.229830,-1.517860,0.415238,0.089280,-0.616258,0.092717,0.000810,0.000003,0.007846
32.022954,0.665314,1.004858,-1.646189,1.516262,0.012200,0.508413,0.133226,0.747618,-0.444974,0.703280,0.097042,-0.075158,0.381856,-0.069348,-1.150215,0.019201,1.728462,-1.924125,-1.378354,1.229829,-1.517846,0.413198,0.089986,-0.617929,0.094589,0.003617,-0.000132,0.009404
32.024010,0.655011,1.011006,-1.645189,1.520128,0.015958,0.508218,0.134126,0.838777,-0.494282,0.793689,0.101483,-0.070856,0.389159,-0.068764,-1.149806,0.019301,1.727832,-1.924028,-1.378348,1.229833,-1.517839,0.412910,0.092507,-0.621479,0.095116,0.003915,0.000176,0.008870
32.024962,0.654409,1.010790,-1.638924,1.525147,0.018192,0.506632,0.134778,0.930783,-0.544237,0.884737,0.105068,-0.066513,0.396606,-0.068138,-1.149379,0.019389,1.727200,-1.923931,-1.378350,1.229831,-1.517825,0.418403,0.090827,-0.623668,0.095965,0.002808,0.000299,0.009799
32.025960,0.646750,1.010031,-1.639870,1.528026,0.022154,0.506802,0.136697,1.015885,-0.589864,0.968684,0.108796,-0.062512,0.403542,-0.067455,-1.148965,0.019484,1.726567,-1.923837,-1.378344,1.229836,-1.517812,0.418565,0.092060,-0.627604,0.095041,0.002918,0.001795,0.010945
32.027055,0.652588,1.008759,-1.637093,1.531020,0.023399,0.507014,0.137760,1.156158,-0.664493,1.106482,0.117963,-0.055978,0.414960,-0.065925,-1.148120,0.019683,1.725294,-1.923634,-1.378336,1.229836,-1.517794,0.420045,0.095637,-0.631657,0.098311,0.002905,0.001227,0.010392
32.028046,0.648751,1.014295,-1.630670,1.534842,0.025483,0.507172,0.138774,1.156158,-0.664493,1.106482,0.117963,-0.055978,0.414960,-0.065925,-1.148120,0.019683,1.725294,-1.923634,-1.378336,1.229836,-1.517794,0.420045,0.095637,-0.631657,0.098311,0.002905,0.001227,0.010392
32.028968,0.639535,1.018709,-1.630061,1.537818,0.029262,0.506807,0.139382,1.216989,-0.698093,1.166204,0.121350,-0.052997,0.419878,-0.065119,-1.147701,0.019776,1.724647,-1.923531,-1.378331,1.229839,-1.517782,0.422050,0.094041,-0.635834,0.098613,0.003251,0.000974,0.010918
32.030044,0.633102,1.020402,-1.636841,1.542378,0.030902,0.507097,0.141082,1.271416,-0.728118,1.219695,0.123966,-0.050159,0.424307,-0.064310,-1.147265,0.019867,1.724002,-1.923429,-1.378331,1.229839,-1.517767,0.426166,0.092922,-0.636470,0.099347,0.001771,0.001276,0.012064
32.030966,0.633544,1.022267,-1.637412,1.544941,0.031330,0.506467,0.142364,1.308991,-0.747747,1.256552,0.126335,-0.047826,0.427389,-0.063529,-1.146835,0.019963,1.723373,-1.923327,-1.378326,1.229838,-1.517758,0.429739,0.093480,-0.634984,0.099536,0.002811,0.000900,0.011434
32.032084,0.627462,1.024585,-1.643392,1.547321,0.032452,0.505872,0.143589,1.324257,-0.754162,1.271364,0.128693,-0.046188,0.428650,-0.062805,-1.146404,0.020058,1.722733,-1.923224,-1.378319,1.229839,-1.517746,0.429022,0.093576,-0.635148,0.100662,0.004634,0.001459,0.011239
32.033036,0.626849,1.021532,-1.638115,1.552270,0.035892,0.505730,0.146146,1.296989,-0.735031,1.243902,0.130677,-0.044380,0.426363,-0.061562,-1.145531,0.020256,1.721458,-1.923014,-1.378307,1.229845,-1.517727,0.432507,0.096462,-0.637752,0.102084,0.005118,0.001993,0.009007
32.033985,0.628398,1.023793,-1.634280,1.556944,0.039761,0.506904,0.146373,1.296989,-0.735031,1.243902,0.130677,-0.044380,0.426363,-0.061562,-1.145531,0.020256,1.721458,-1.923014,-1.378307,1.229845,-1.517727,0.432507,0.096462,-0.637752,0.102084,0.005118,0.001993,0.009007
32.034976,0.626555,1.025680,-1.639549,1.557531,0.040495,0.506349,0.147250,1.269532,-0.719578,1.216595,0.131452,-0.043860,0.424033,-0.061010,-1.145099,0.020351,1.720809,-1.922914,-1.378306,1.229845,-1.517712,0.431402,0.096406,-0.640215,0.101344,0.003619,0.000733,0.011026
32.036043,0.617033,1.030492,-1.642800,1.559366,0.044252,0.505454,0.148459,1.242684,-0.705927,1.189994,0.133135,-0.043358,0.421785,-0.060445,-1.144665,0.020449,1.720177,-1.922800,-1.378295,1.229845,-1.517697,0.432220,0.096622,-0.638681,0.104694,0.005303,0.001223,0.011805
32.036954,0.613710,1.032583,-1.644608,1.560727,0.043328,0.505715,0.149047,1.165405,-0.666780,1.113239,0.129930,-0.042074,0.415448,-0.059208,-1.143770,0.020642,1.718891,-1.922574,-1.378281,1.229848,-1.517669,0.438034,0.095522,-0.638142,0.109262,0.007304,0.001679,0.013287
32.037954,0.606601,1.032147,-1.642107,1.562562,0.045106,0.505407,0.150558,1.107288,-0.636214,1.055348,0.123334,-0.041351,0.410696,-0.058520,-1.143323,0.020742,1.718255,-1.922460,-1.378271,1.229849,-1.517656,0.441377,0.096911,-0.640587,0.111388,0.007922,0.001905,0.012821
32.039059,0.601527,1.034713,-1.652210,1.566664,0.046908,0.506238,0.151049,1.037909,-0.599760,0.986210,0.114489,-0.040698,0.405001,-0.057775,-1.142871,0.020838,1.717619,-1.922346,-1.378261,1.229849,-1.517636,0.444148,0.097064,-0.637569,0.111904,0.008793,0.000975,0.014683
32.040052,0.594004,1.037537,-1.662372,1.568593,0.050201,0.505593,0.152120,0.952648,-0.554671,0.901309,0.104686,-0.040480,0.397972,-0.056987,-1.142413,0.020936,1.716997,-1.922227,-1.378254,1.229854,-1.517619,0.447503,0.096812,-0.633751,0.113768,0.007904,0.001529,0.015063
32.040999,0.589061,1.041168,-1.658692,1.571586,0.051682,0.506492,0.153190,0.849408,-0.499191,0.798624,0.094858,-0.040921,0.389447,-0.056198,-1.141966,0.021031,1.716352,-1.922112,-1.378242,1.229850,-1.517602,0.449444,0.096077,-0.636249,0.114327,0.008701,0.000567,0.015333
32.042248,0.591235,1.043683,-1.670274,1.574659,0.054471,0.506814,0.154783,0.734945,-0.436852,0.684895,0.085507,-0.041875,0.380011,-0.055443,-1.141512,0.021127,1.715721,-1.921988,-1.378233,1.229849,-1.517585,0.449292,0.096626,-0.633838,0.116633,0.008956,0.000157,0.015355
32.042986,0.584537,1.045851,-1.666339,1.576180,0.055427,0.507335,0.154935,0.616426,-0.371715,0.567218,0.076794,-0.043126,0.370276,-0.054727,-1.141064,0.021224,1.715093,-1.921868,-1.378225,1.229850,-1.517563,0.451061,0.096107,-0.634798,0.117159,0.009776,-0.000431,0.016917
32.044050,0.585273,1.047807,-1.674992,1.579976,0.058041,0.507104,0.156064,0.616426,-0.371715,0.567218,0.076794,-0.043126,0.370276,-0.054727,-1.141064,0.021224,1.715093,-1.921868,-1.378225,1.229850,-1.517563,0.451061,0.096107,-0.634798,0.117159,0.009776,-0.000431,0.016917
32.045073,0.580135,1.051629,-1.678581,1.583127,0.059527,0.507937,0.157671,0.379861,-0.239781,0.332401,0.064345,-0.046380,0.350960,-0.053361,-1.140147,0.021418,1.713834,-1.921630,-1.378199,1.229848,-1.517530,0.452958,0.095813,-0.631915,0.118432,0.010659,-0.001185,0.016765
32.045977,0.577471,1.053722,-1.673028,1.585564,0.062324,0.507671,0.157747,0.265762,-0.174809,0.219149,0.061610,-0.048311,0.341728,-0.052687,-1.139694,0.021513,1.713195,-1.921510,-1.378188,1.229847,-1.517506,0.453466,0.095757,-0.635007,0.119157,0.010011,-0.000975,0.018912
32.047147,0.583339,1.057698,-1.680204,1.589809,0.064986,0.506087,0.159159,0.265762,-0.174809,0.219149,0.061610,-0.048311,0.341728,-0.052687,-1.139694,0.021513,1.713195,-1.921510,-1.378188,1.229847,-1.517506,0.453466,0.095757,-0.635007,0.119157,0.010011,-0.000975,0.018912
32.048029,0.582168,1.060790,-1.682797,1.593016,0.067301,0.505809,0.159727,0.161662,-0.114455,0.115941,0.061026,-0.050132,0.333385,-0.051980,-1.139244,0.021607,1.712557,-1.921389,-1.378180,1.229848,-1.517485,0.451101,0.095397,-0.634030,0.119816,0.010218,0.000525,0.019053
32.049044,0.577465,1.060559,-1.680377,1.595752,0.071205,0.506516,0.160227,0.070821,-0.060511,0.026111,0.062602,-0.051692,0.326168,-0.051227,-1.138798,0.021700,1.711931,-1.921269,-1.378173,1.229849,-1.517463,0.450876,0.094810,-0.632980,0.119612,0.010042,0.000717,0.020152
32.050135,0.574088,1.065525,-1.689727,1.600191,0.072164,0.506997,0.162432,-0.007426,-0.012613,-0.051056,0.066222,-0.052961,0.319981,-0.050435,-1.138337,0.021799,1.711291,-1.921147,-1.378166,1.229846,-1.517436,0.452927,0.096151,-0.635471,0.120734,0.008609,-0.000065,0.021714
32.050987,0.571129,1.065582,-1.689847,1.601838,0.074750,0.507458,0.162915,-0.139806,0.072809,-0.181397,0.077883,-0.054815,0.309487,-0.048795,-1.137428,0.021991,1.710036,-1.920901,-1.378146,1.229841,-1.517395,0.455121,0.095913,-0.632753,0.121711,0.009753,-0.001126,0.021264
32.052047,0.570181,1.062531,-1.696730,1.603758,0.075463,0.506916,0.164435,-0.139806,0.072809,-0.181397,0.077883,-0.054815,0.309487,-0.048795,-1.137428,0.021991,1.710036,-1.920901,-1.378146,1.229841,-1.517395,0.455121,0.095913,-0.632753,0.121711,0.009753,-0.001126,0.021264
32.053061,0.574519,1.067806,-1.695920,1.607763,0.079405,0.506385,0.164954,-0.199974,0.113359,-0.240759,0.084417,-0.055479,0.304686,-0.047964,-1.136969,0.022094,1.709400,-1.920772,-1.378131,1.229840,-1.517372,0.455519,0.098717,-0.630983,0.123805,0.011570,-0.000654,0.020899
32.053968,0.569572,1.060527,-1.689328,1.612150,0.081130,0.505656,0.166898,-0.252757,0.149611,-0.293056,0.089968,-0.055755,0.300443,-0.047129,-1.136523,0.022188,1.708767,-1.920647,-1.378124,1.229839,-1.517346,0.453170,0.097298,-0.632761,0.123538,0.010078,-0.000196,0.022437
32.055112,0.578072,1.063190,-1.689605,1.615012,0.086118,0.505771,0.167770,-0.291704,0.177577,-0.331846,0.095773,-0.055604,0.297300,-0.046302,-1.136062,0.022299,1.708121,-1.920527,-1.378114,1.229841,-1.517326,0.454796,0.101806,-0.636299,0.122317,0.010545,0.000455,0.020812
32.056019,0.580940,1.063355,-1.690286,1.615431,0.087560,0.505250,0.169478,-0.309634,0.192379,-0.349857,0.102962,-0.054936,0.295829,-0.045512,-1.135617,0.022399,1.707474,-1.920398,-1.378109,1.229840,-1.517302,0.451008,0.101920,-0.638458,0.124029,0.008355,0.000247,0.022005
32.057007,0.571583,1.064810,-1.687642,1.620512,0.089188,0.506459,0.171317,-0.303484,0.192179,-0.343948,0.109932,-0.053432,0.296290,-0.044805,-1.135174,0.022504,1.706844,-1.920264,-1.378099,1.229842,-1.517282,0.448932,0.102724,-0.638507,0.126450,0.009125,0.000692,0.020862
32.058021,0.569577,1.066559,-1.685288,1.621209,0.091909,0.505654,0.172626,-0.278745,0.180867,-0.319626,0.115819,-0.051152,0.298257,-0.044206,-1.134714,0.022607,1.706192,-1.920142,-1.378087,1.229841,-1.517265,0.453212,0.103082,-0.640722,0.125012,0.009860,-0.000606,0.019709
32.059058,0.569303,1.067836,-1.686580,1.625285,0.094282,0.506078,0.174009,-0.205755,0.145645,-0.248059,0.126563,-0.045613,0.304067,-0.043210,-1.133808,0.022819,1.704902,-1.919876,-1.378068,1.229842,-1.517225,0.453945,0.103860,-0.643807,0.127569,0.009715,-0.000383,0.019556
32.060011,0.570421,1.068394,-1.685848,1.629799,0.097136,0.506045,0.174905,-0.205755,0.145645,-0.248059,0.126563,-0.045613,0.304067,-0.043210,-1.133808,0.022819,1.704902,-1.919876,-1.378068,1.229842,-1.517225,0.453945,0.103860,-0.643807,0.127569,0.009715,-0.000383,0.019556
32.061077,0.571141,1.071992,-1.681166,1.633324,0.099627,0.505663,0.175416,-0.163179,0.125261,-0.206290,0.132052,-0.042608,0.307430,-0.042714,-1.133356,0.022925,1.704248,-1.919752,-1.378059,1.229840,-1.517205,0.452857,0.104566,-0.644760,0.126586,0.009158,-0.000409,0.020067
32.061975,0.578210,1.068718,-1.680358,1.634925,0.099409,0.506014,0.175873,-0.059548,0.075112,-0.104209,0.147747,-0.036436,0.315674,-0.041520,-1.132464,0.023141,1.702939,-1.919490,-1.378035,1.229839,-1.517156,0.448446,0.106528,-0.649328,0.129089,0.011594,-0.000521,0.022446
32.063072,0.576883,1.071381,-1.681716,1.637098,0.102565,0.506409,0.177115,0.007067,0.041239,-0.038461,0.155432,-0.032864,0.321024,-0.040849,-1.132009,0.023248,1.702291,-1.919353,-1.378027,1.229838,-1.517135,0.449396,0.106512,-0.650679,0.131421,0.011077,-0.000988,0.022382
32.064040,0.576465,1.069298,-1.678103,1.641887,0.105131,0.506613,0.177441,0.007067,0.041239,-0.038461,0.155432,-0.032864,0.321024,-0.040849,-1.132009,0.023248,1.702291,-1.919353,-1.378027,1.229838,-1.517135,0.449396,0.106512,-0.650679,0.131421,0.011077,-0.000988,0.022382
32.064982,0.565257,1.070818,-1.679436,1.644494,0.108401,0.505477,0.178536,0.080838,0.002529,0.034282,0.161647,-0.028962,0.326975,-0.040177,-1.131563,0.023362,1.701631,-1.919225,-1.378014,1.229837,-1.517107,0.449279,0.108527,-0.653229,0.130362,0.010820,-0.001256,0.023856
32.066099,0.565732,1.071303,-1.675053,1.646420,0.109448,0.504398,0.179307,0.154756,-0.037031,0.106998,0.167483,-0.025117,0.332954,-0.039521,-1.131098,0.023471,1.700971,-1.919092,-1.378010,1.229838,-1.517084,0.454248,0.108690,-0.653019,0.131258,0.009860,-0.000186,0.023718
32.067046,0.569161,1.069618,-1.676884,1.648327,0.113246,0.503467,0.181085,0.283534,-0.107725,0.233042,0.175939,-0.017989,0.343335,-0.038335,-1.130198,0.023702,1.699651,-1.918816,-1.377990,1.229844,-1.517039,0.452167,0.111467,-0.656883,0.135420,0.009977,0.001636,0.023163
32.068039,0.564201,1.070141,-1.673914,1.650052,0.115430,0.502331,0.181237,0.283534,-0.107725,0.233042,0.175939,-0.017989,0.343335,-0.038335,-1.130198,0.023702,1.699651,-1.918816,-1.377990,1.229844,-1.517039,0.452167,0.111467,-0.656883,0.135420,0.009977,0.001636,0.023163
32.069091,0.561951,1.073877,-1.674351,1.655402,0.117051,0.501430,0.182862,0.342646,-0.142082,0.290852,0.176035,-0.014226,0.348029,-0.037810,-1.129739,0.023817,1.698994,-1.918675,-1.377979,1.229850,-1.517009,0.454343,0.112192,-0.659384,0.137347,0.010195,0.002663,0.025049
32.070009,0.558605,1.072975,-1.680782,1.658174,0.120339,0.502119,0.182699,0.396678,-0.174660,0.343777,0.174160,-0.010448,0.352236,-0.037293,-1.129286,0.023928,1.698328,-1.918541,-1.377969,1.229854,-1.516985,0.455484,0.111488,-0.660543,0.136192,0.011112,0.003459,0.024090
32.070985,0.555917,1.073019,-1.672718,1.660210,0.123927,0.502731,0.182958,0.472447,-0.222469,0.417957,0.172465,-0.004220,0.357781,-0.036130,-1.128365,0.024159,1.697005,-1.918258,-1.377954,1.229855,-1.516926,0.457290,0.113691,-0.662437,0.138048,0.008815,0.002003,0.028033
32.072042,0.548420,1.068043,-1.676753,1.664663,0.127668,0.503461,0.184039,0.472447,-0.222469,0.417957,0.172465,-0.004220,0.357781,-0.036130,-1.128365,0.024159,1.697005,-1.918258,-1.377954,1.229855,-1.516926,0.457290,0.113691,-0.662437,0.138048,0.008815,0.002003,0.028033
32.073006,0.549883,1.072301,-1.673244,1.665837,0.129404,0.504703,0.183651,0.496042,-0.239286,0.440708,0.172936,-0.001669,0.359212,-0.035440,-1.127901,0.024285,1.696338,-1.918122,-1.377949,1.229855,-1.516899,0.460993,0.117218,-0.661794,0.137797,0.007670,0.001194,0.028172
32.074106,0.555070,1.072481,-1.672789,1.667860,0.132534,0.504202,0.185937,0.527836,-0.267139,0.470286,0.174421,0.003113,0.360550,-0.033855,-1.126988,0.024519,1.694997,-1.917829,-1.377933,1.229854,-1.516839,0.457389,0.117107,-0.666146,0.142216,0.007829,0.000316,0.028848
32.075143,0.550497,1.072423,-1.671129,1.671278,0.135676,0.504199,0.186101,0.545874,-0.282598,0.486980,0.173461,0.005940,0.361396,-0.033000,-1.126522,0.024639,1.694322,-1.917686,-1.377929,1.229854,-1.516801,0.459519,0.118171,-0.668129,0.142684,0.007241,0.000237,0.030786
32.076007,0.547417,1.069693,-1.667294,1.671249,0.139345,0.505164,0.187190,0.567117,-0.299903,0.506705,0.171220,0.009115,0.362480,-0.032119,-1.126057,0.024764,1.693658,-1.917533,-1.377925,1.229851,-1.516772,0.459954,0.120111,-0.669793,0.145166,0.005691,-0.000781,0.030453
32.077019,0.539770,1.073359,-1.669781,1.672901,0.141483,0.506640,0.188810,0.567117,-0.299903,0.506705,0.171220,0.009115,0.362480,-0.032119,-1.126057,0.024764,1.693658,-1.917533,-1.377925,1.229851,-1.516772,0.459954,0.120111,-0.669793,0.145166,0.005691,-0.000781,0.030453
32.078102,0.542356,1.078040,-1.676311,1.675601,0.142857,0.506327,0.189458,0.587346,-0.316216,0.525264,0.167268,0.012534,0.363464,-0.031252,-1.125590,0.024883,1.692986,-1.917382,-1.377915,1.229846,-1.516744,0.463466,0.119240,-0.669501,0.147054,0.006005,-0.002309,0.029414
32.079057,0.540529,1.080052,-1.676120,1.676858,0.143804,0.506560,0.190986,0.601368,-0.327753,0.535896,0.154766,0.019126,0.363565,-0.029704,-1.124664,0.025116,1.691651,-1.917076,-1.377894,1.229842,-1.516682,0.462536,0.117979,-0.668512,0.150192,0.008593,-0.002338,0.029493
32.079964,0.539177,1.078558,-1.668321,1.679761,0.147487,0.505053,0.191753,0.601368,-0.327753,0.535896,0.154766,0.019126,0.363565,-0.029704,-1.124664,0.025116,1.691651,-1.917076,-1.377894,1.229842,-1.516682,0.462536,0.117979,-0.668512,0.150192,0.008593,-0.002338,0.029493
32.081124,0.540049,1.074760,-1.667964,1.685754,0.150076,0.504466,0.192943,0.597823,-0.323570,0.530767,0.147869,0.022043,0.363004,-0.029035,-1.124198,0.025239,1.690969,-1.916925,-1.377889,1.229842,-1.516652,0.462332,0.119444,-0.672363,0.150069,0.007112,-0.000885,0.029934
32.082047,0.538626,1.075846,-1.671913,1.685762,0.153373,0.505399,0.193450,0.598210,-0.320280,0.529642,0.143035,0.024679,0.362873,-0.028407,-1.123729,0.025364,1.690297,-1.916776,-1.377882,1.229842,-1.516625,0.462299,0.122629,-0.674824,0.148697,0.007370,-0.000388,0.030105
32.082963,0.537816,1.079425,-1.665276,1.689510,0.156086,0.504686,0.194089,0.606044,-0.320966,0.536071,0.141366,0.026985,0.363412,-0.027785,-1.123273,0.025487,1.689626,-1.916619,-1.377877,1.229836,-1.516592,0.462340,0.122786,-0.672986,0.151487,0.006328,-0.001371,0.031085
32.084064,0.527981,1.084533,-1.670534,1.691640,0.158760,0.505063,0.195346,0.618412,-0.323553,0.547141,0.141948,0.029008,0.364425,-0.027150,-1.122809,0.025604,1.688938,-1.916470,-1.377872,1.229840,-1.516563,0.461928,0.121765,-0.676284,0.150607,0.005869,-0.000731,0.031789
32.085017,0.524751,1.081473,-1.669157,1.692209,0.160374,0.504037,0.195833,0.629922,-0.323707,0.557410,0.144309,0.030713,0.365539,-0.026484,-1.122337,0.025723,1.688268,-1.916314,-1.377868,1.229836,-1.516532,0.466970,0.120419,-0.675398,0.152573,0.005915,-0.001179,0.031667
32.086145,0.521454,1.083232,-1.664460,1.695346,0.164895,0.502836,0.197515,0.633936,-0.317400,0.560169,0.147221,0.032068,0.366179,-0.025781,-1.121864,0.025850,1.687586,-1.916156,-1.377857,1.229840,-1.516494,0.467825,0.122737,-0.676437,0.154968,0.006592,-0.000230,0.032741
32.087104,0.522380,1.085998,-1.668081,1.698465,0.167230,0.503030,0.198144,0.631576,-0.306405,0.556547,0.149042,0.033318,0.366336,-0.025052,-1.121388,0.025974,1.686891,-1.915997,-1.377853,1.229843,-1.516464,0.469625,0.123043,-0.680550,0.155985,0.004828,0.000871,0.031821
32.088050,0.522320,1.085729,-1.658180,1.700070,0.168991,0.502115,0.198587,0.627841,-0.294268,0.551690,0.150139,0.034635,0.366385,-0.024320,-1.120924,0.026096,1.686219,-1.915843,-1.377848,1.229842,-1.516432,0.468560,0.122479,-0.679179,0.155946,0.004861,0.000597,0.032654
32.089034,0.520234,1.087004,-1.666837,1.702277,0.169922,0.503638,0.199977,0.626527,-0.283298,0.549514,0.151727,0.036054,0.366661,-0.023595,-1.120456,0.026219,1.685524,-1.915681,-1.377838,1.229843,-1.516395,0.467887,0.123425,-0.684303,0.157162,0.005383,0.001448,0.033796
32.090073,0.521605,1.088709,-1.668515,1.704459,0.172137,0.502962,0.200310,0.629831,-0.275174,0.552171,0.154244,0.037595,0.367349,-0.022887,-1.119984,0.026343,1.684854,-1.915518,-1.377831,1.229839,-1.516365,0.468400,0.123645,-0.680628,0.158010,0.006856,-0.000148,0.033133
32.091012,0.510614,1.082463,-1.665123,1.706113,0.174924,0.503304,0.201980,0.633763,-0.267811,0.555547,0.157562,0.039101,0.368125,-0.022199,-1.119523,0.026469,1.684169,-1.915354,-1.377825,1.229842,-1.516326,0.467564,0.123755,-0.680881,0.159251,0.007173,0.000455,0.034717
32.092045,0.510716,1.081664,-1.667791,1.707564,0.177247,0.502381,0.201620,0.635048,-0.259960,0.556180,0.161380,0.040457,0.368668,-0.021514,-1.119042,0.026602,1.683476,-1.915193,-1.377820,1.229842,-1.516295,0.472225,0.127562,-0.682663,0.160371,0.006682,0.000034,0.033376
32.093009,0.512214,1.078336,-1.662148,1.711697,0.178809,0.502371,0.203204,0.633705,-0.252942,0.553956,0.165119,0.041701,0.368883,-0.020811,-1.118576,0.026734,1.682800,-1.915025,-1.377813,1.229844,-1.516250,0.471900,0.128831,-0.682419,0.162219,0.006887,0.000883,0.036331
32.094016,0.520532,1.079780,-1.664001,1.714724,0.179511,0.503001,0.204505,0.640960,-0.254319,0.559233,0.174975,0.044176,0.369816,-0.019314,-1.117642,0.027002,1.681426,-1.914706,-1.377791,1.229846,-1.516181,0.465992,0.131261,-0.685429,0.161327,0.009359,0.000087,0.034773
32.095116,0.523914,1.082408,-1.669882,1.716622,0.181912,0.502064,0.204342,0.640960,-0.254319,0.559233,0.174975,0.044176,0.369816,-0.019314,-1.117642,0.027002,1.681426,-1.914706,-1.377791,1.229846,-1.516181,0.465992,0.131261,-0.685429,0.161327,0.009359,0.000087,0.034773
32.096046,0.511370,1.082562,-1.672281,1.715852,0.184747,0.501094,0.204874,0.659079,-0.267592,0.576600,0.182969,0.045490,0.371477,-0.018522,-1.117181,0.027133,1.680744,-1.914539,-1.377781,1.229849,-1.516140,0.464528,0.131002,-0.684114,0.163244,0.009602,0.000941,0.037491
32.097011,0.508502,1.081107,-1.675760,1.717373,0.187918,0.501107,0.205382,0.678390,-0.283097,0.595274,0.190521,0.046804,0.373241,-0.017710,-1.116701,0.027264,1.680054,-1.914367,-1.377777,1.229852,-1.516102,0.469937,0.131582,-0.682946,0.166473,0.009049,0.001828,0.038388
32.098047,0.509457,1.082356,-1.676497,1.723381,0.190691,0.501060,0.206711,0.686892,-0.293529,0.603137,0.195193,0.047958,0.374017,-0.016903,-1.116236,0.027400,1.679382,-1.914195,-1.377771,1.229853,-1.516061,0.470759,0.132989,-0.681750,0.167640,0.008233,0.001725,0.039425
32.099097,0.515546,1.080860,-1.679531,1.724828,0.193514,0.501379,0.206765,0.682384,-0.297681,0.598054,0.198199,0.048742,0.373583,-0.016117,-1.115769,0.027534,1.678693,-1.914036,-1.377765,1.229854,-1.516020,0.470051,0.133220,-0.682386,0.165116,0.007994,0.001691,0.038965
32.099985,0.516127,1.085789,-1.670451,1.726037,0.196551,0.502131,0.207538,0.664014,-0.304062,0.578982,0.206996,0.049462,0.371653,-0.014610,-1.114844,0.027801,1.677324,-1.913693,-1.377751,1.229854,-1.515937,0.465686,0.132910,-0.686323,0.167991,0.006854,0.000468,0.041430
32.101074,0.521802,1.081691,-1.676591,1.728979,0.199205,0.502174,0.207695,0.664014,-0.304062,0.578982,0.206996,0.049462,0.371653,-0.014610,-1.114844,0.027801,1.677324,-1.913693,-1.377751,1.229854,-1.515937,0.465686,0.132910,-0.686323,0.167991,0.006854,0.000468,0.041430
32.102080,0.519507,1.083091,-1.683907,1.731620,0.202379,0.501851,0.209478,0.671149,-0.327335,0.585633,0.216046,0.051034,0.371671,-0.013204,-1.113922,0.028084,1.675967,-1.913349,-1.377737,1.229857,-1.515853,0.463842,0.135897,-0.681948,0.168974,0.006139,0.000591,0.042007
32.103151,0.511578,1.086119,-1.687671,1.734574,0.204260,0.503820,0.210788,0.672979,-0.338417,0.587176,0.220750,0.051799,0.371443,-0.012553,-1.113445,0.028217,1.675282,-1.913180,-1.377730,1.229851,-1.515814,0.467689,0.135341,-0.681428,0.169546,0.006879,-0.001447,0.041698
32.104109,0.502004,1.091204,-1.691142,1.736565,0.204662,0.503662,0.211120,0.672979,-0.338417,0.587176,0.220750,0.051799,0.371443,-0.012553,-1.113445,0.028217,1.675282,-1.913180,-1.377730,1.229851,-1.515814,0.467689,0.135341,-0.681428,0.169546,0.006879,-0.001447,0.041698
32.105047,0.499735,1.095427,-1.689085,1.739329,0.204890,0.503600,0.211800,0.658724,-0.339138,0.572610,0.225861,0.052035,0.369912,-0.011922,-1.112963,0.028345,1.674600,-1.913009,-1.377716,1.229849,-1.515769,0.471675,0.133542,-0.680053,0.170231,0.008756,-0.001325,0.043070
32.106018,0.500077,1.094111,-1.696071,1.740948,0.208112,0.503337,0.212990,0.624071,-0.325978,0.537771,0.231677,0.051546,0.366824,-0.011279,-1.112494,0.028477,1.673921,-1.912836,-1.377700,1.229850,-1.515726,0.472022,0.132089,-0.681330,0.169954,0.010717,-0.001341,0.043682
32.107124,0.499665,1.094103,-1.694760,1.746965,0.210671,0.501711,0.213234,0.515622,-0.272060,0.429653,0.245853,0.048772,0.357820,-0.009912,-1.111546,0.028748,1.672568,-1.912497,-1.377685,1.229858,-1.515636,0.471472,0.134487,-0.680822,0.168868,0.009971,0.000368,0.045229
32.108072,0.497974,1.092705,-1.698269,1.748503,0.213872,0.500680,0.213999,0.515622,-0.272060,0.429653,0.245853,0.048772,0.357820,-0.009912,-1.111546,0.028748,1.672568,-1.912497,-1.377685,1.229858,-1.515636,0.471472,0.134487,-0.680822,0.168868,0.009971,0.000368,0.045229
32.109084,0.498549,1.095611,-1.701804,1.751744,0.215592,0.501902,0.214489,0.456917,-0.242246,0.371349,0.255195,0.046768,0.352940,-0.009160,-1.111075,0.028888,1.671887,-1.912327,-1.377675,1.229862,-1.515589,0.471594,0.135777,-0.679316,0.169996,0.009034,0.001299,0.045671
32.110094,0.493476,1.100408,-1.703660,1.753503,0.217123,0.503098,0.216039,0.399911,-0.213816,0.314793,0.265793,0.044577,0.348088,-0.008371,-1.110602,0.029022,1.671207,-1.912156,-1.377664,1.229860,-1.515540,0.470884,0.135121,-0.678431,0.169808,0.009758,-0.000009,0.046825
32.111011,0.486727,1.098010,-1.706625,1.755249,0.217426,0.500925,0.216507,0.342949,-0.185030,0.258287,0.276564,0.042334,0.343183,-0.007577,-1.110130,0.029152,1.670533,-1.911980,-1.377652,1.229857,-1.515493,0.473032,0.133563,-0.678437,0.170984,0.010642,-0.001260,0.045830
32.112026,0.479911,1.098185,-1.702306,1.760634,0.221960,0.501150,0.216973,0.282625,-0.153382,0.198373,0.286685,0.040051,0.337973,-0.006793,-1.109648,0.029290,1.669857,-1.911808,-1.377636,1.229861,-1.515444,0.475394,0.135335,-0.677016,0.171609,0.012492,0.000850,0.046823
32.112963,0.481978,1.102337,-1.706139,1.763646,0.224214,0.501270,0.218278,0.218177,-0.119019,0.134245,0.296617,0.037639,0.332329,-0.006000,-1.109162,0.029429,1.669181,-1.911642,-1.377633,1.229859,-1.515393,0.478254,0.136003,-0.680180,0.169404,0.010434,0.000540,0.048019
32.113973,0.480645,1.106611,-1.711234,1.764985,0.227468,0.501561,0.217959,0.153014,-0.084132,0.069390,0.308034,0.035053,0.326545,-0.005175,-1.108691,0.029562,1.668500,-1.911477,-1.377622,1.229861,-1.515346,0.476397,0.134547,-0.678413,0.169080,0.010436,0.000341,0.047351
32.115017,0.480276,1.113469,-1.712256,1.767961,0.229565,0.501761,0.218882,0.088568,-0.048769,0.005353,0.320544,0.032460,0.320838,-0.004325,-1.108209,0.029694,1.667823,-1.911302,-1.377613,1.229860,-1.515290,0.476552,0.133245,-0.676759,0.170712,0.009617,-0.000022,0.050116
32.116015,0.474641,1.113331,-1.713420,1.770934,0.232602,0.502195,0.220263,0.023947,-0.011425,-0.058752,0.332209,0.030108,0.315221,-0.003464,-1.107736,0.029821,1.667148,-1.911127,-1.377600,1.229858,-1.515241,0.476482,0.130769,-0.677492,0.170916,0.010014,-0.000285,0.050447
32.116988,0.465596,1.108766,-1.708484,1.772651,0.234240,0.501806,0.220270,-0.040391,0.027978,-0.122579,0.342518,0.028059,0.309768,-0.002608,-1.107250,0.029952,1.666469,-1.910957,-1.377592,1.229857,-1.515194,0.478676,0.131686,-0.677662,0.170916,0.009388,-0.000786,0.049773
32.118149,0.466255,1.112510,-1.719217,1.775059,0.237223,0.501182,0.220271,-0.102453,0.067042,-0.184280,0.351770,0.026265,0.304572,-0.001752,-1.106758,0.030089,1.665780,-1.910780,-1.377579,1.229857,-1.515137,0.482373,0.134674,-0.680586,0.171845,0.010075,-0.000460,0.051793
32.119020,0.470187,1.115664,-1.717285,1.776781,0.237209,0.501869,0.220596,-0.216811,0.138163,-0.298430,0.364697,0.023517,0.294914,0.000018,-1.105800,0.030351,1.664429,-1.910430,-1.377556,1.229854,-1.515023,0.479069,0.132904,-0.678080,0.173706,0.011983,-0.000664,0.055338
32.120109,0.467809,1.113745,-1.713152,1.780003,0.242430,0.501916,0.222131,-0.216811,0.138163,-0.298430,0.364697,0.023517,0.294914,0.000018,-1.105800,0.030351,1.664429,-1.910430,-1.377556,1.229854,-1.515023,0.479069,0.132904,-0.678080,0.173706,0.011983,-0.000664,0.055338
32.121006,0.461841,1.118208,-1.717079,1.784148,0.245622,0.501051,0.222432,-0.263138,0.167127,-0.344797,0.368379,0.022698,0.291034,0.000900,-1.105315,0.030490,1.663741,-1.910254,-1.377550,1.229855,-1.514973,0.480140,0.134820,-0.681651,0.173954,0.009385,-0.000794,0.054543
32.122034,0.463946,1.115936,-1.718651,1.785315,0.245216,0.501891,0.223546,-0.298387,0.189417,-0.380142,0.372068,0.022159,0.288105,0.001759,-1.104832,0.030621,1.663064,-1.910085,-1.377543,1.229856,-1.514913,0.482004,0.133127,-0.679516,0.172088,0.008385,0.000006,0.055782
32.123054,0.463767,1.117027,-1.717066,1.785441,0.248392,0.501821,0.225843,-0.327306,0.207853,-0.409105,0.377005,0.021619,0.285713,0.002607,-1.104355,0.030759,1.662381,-1.909904,-1.377525,1.229854,-1.514859,0.480544,0.135102,-0.679735,0.173909,0.011230,-0.000914,0.055684
32.123977,0.450599,1.120042,-1.704635,1.787850,0.249710,0.501937,0.226278,-0.349111,0.221653,-0.431000,0.381746,0.021288,0.283896,0.003424,-1.103880,0.030896,1.661703,-1.909721,-1.377520,1.229854,-1.514808,0.480246,0.135337,-0.681519,0.176624,0.010518,-0.000906,0.053199
32.125042,0.458443,1.122964,-1.710866,1.788330,0.253658,0.501471,0.227748,-0.361143,0.229345,-0.443379,0.384528,0.021500,0.282873,0.004202,-1.103384,0.031028,1.661004,-1.909547,-1.377511,1.229853,-1.514749,0.485729,0.134436,-0.687618,0.176525,0.011445,-0.001088,0.054246
32.126079,0.463161,1.122980,-1.711723,1.792482,0.256946,0.500420,0.228632,-0.364300,0.232183,-0.447100,0.385207,0.022325,0.282613,0.004964,-1.102906,0.031162,1.660325,-1.909362,-1.377504,1.229854,-1.514696,0.481520,0.133917,-0.685794,0.179174,0.010070,-0.000699,0.053522
32.127036,0.465604,1.118887,-1.708194,1.792867,0.259056,0.500458,0.229194,-0.337671,0.219337,-0.421604,0.382404,0.026085,0.284867,0.006545,-1.101965,0.031444,1.658935,-1.909001,-1.377487,1.229855,-1.514584,0.477026,0.137375,-0.688285,0.180096,0.009519,0.000157,0.054773
32.128098,0.461673,1.118565,-1.701590,1.792396,0.259411,0.500309,0.229448,-0.337671,0.219337,-0.421604,0.382404,0.026085,0.284867,0.006545,-1.101965,0.031444,1.658935,-1.909001,-1.377487,1.229855,-1.514584,0.477026,0.137375,-0.688285,0.180096,0.009519,0.000157,0.054773
32.129029,0.458250,1.118671,-1.696574,1.792866,0.259123,0.501050,0.228898,-0.301088,0.198069,-0.385728,0.379547,0.029219,0.287770,0.007410,-1.101488,0.031584,1.658238,-1.908810,-1.377473,1.229855,-1.514522,0.478835,0.138384,-0.692737,0.183509,0.011704,0.000229,0.056461
32.130022,0.464557,1.121144,-1.693948,1.794591,0.261590,0.501301,0.230035,-0.249663,0.167060,-0.335376,0.374182,0.033300,0.291749,0.008323,-1.101006,0.031726,1.657537,-1.908624,-1.377456,1.229849,-1.514454,0.479593,0.138843,-0.695114,0.185143,0.014159,-0.000552,0.059436
32.131050,0.466383,1.116126,-1.686030,1.798960,0.265818,0.500529,0.230080,-0.186237,0.128669,-0.273331,0.366819,0.038111,0.296666,0.009261,-1.100534,0.031864,1.656840,-1.908435,-1.377440,1.229846,-1.514394,0.475890,0.138317,-0.696924,0.185916,0.013995,-0.000857,0.059168
32.131965,0.465515,1.117741,-1.682597,1.798239,0.267580,0.499769,0.230164,-0.108822,0.081816,-0.197418,0.359708,0.043375,0.302772,0.010201,-1.100067,0.032012,1.656128,-1.908256,-1.377433,1.229843,-1.514329,0.474740,0.141537,-0.701546,0.184494,0.012258,-0.000134,0.061198
32.133016,0.468063,1.119580,-1.681102,1.801218,0.268809,0.499475,0.231174,-0.016186,0.025306,-0.106303,0.354371,0.048878,0.310164,0.011137,-1.099593,0.032154,1.655414,-1.908065,-1.377421,1.229847,-1.514262,0.474249,0.141187,-0.702834,0.187171,0.012689,0.000536,0.062859
32.133995,0.467164,1.118532,-1.674002,1.802892,0.271850,0.499776,0.232796,0.086392,-0.037388,-0.005237,0.350381,0.054451,0.318403,0.012044,-1.099128,0.032298,1.654712,-1.907878,-1.377405,1.229847,-1.514198,0.472855,0.141052,-0.704542,0.187111,0.013939,0.000749,0.062979
32.135050,0.469713,1.120037,-1.668539,1.805295,0.274139,0.500697,0.234412,0.194239,-0.102939,0.101140,0.347643,0.059926,0.327123,0.012896,-1.098658,0.032441,1.653991,-1.907692,-1.377394,1.229847,-1.514138,0.472771,0.142213,-0.708214,0.187920,0.013232,0.000368,0.061729
32.136110,0.469267,1.119778,-1.663428,1.806893,0.277636,0.499384,0.234955,0.307210,-0.171187,0.212634,0.346476,0.065247,0.336320,0.013688,-1.098186,0.032584,1.653266,-1.907501,-1.377380,1.229844,-1.514079,0.471291,0.142256,-0.711653,0.188389,0.013446,-0.000618,0.060683
32.137025,0.477038,1.114164,-1.654186,1.808580,0.281171,0.500038,0.234966,0.425480,-0.242148,0.329336,0.346462,0.070479,0.346012,0.014448,-1.097718,0.032729,1.652550,-1.907310,-1.377367,1.229846,-1.514015,0.471438,0.143187,-0.715083,0.189739,0.012466,0.000630,0.061793
32.138048,0.482473,1.117332,-1.643991,1.811446,0.283416,0.499580,0.236812,0.691034,-0.402090,0.591511,0.348606,0.081423,0.367834,0.015997,-1.096798,0.033026,1.651090,-1.906927,-1.377347,1.229846,-1.513887,0.463830,0.145458,-0.724609,0.189680,0.011358,0.000279,0.061983
32.139062,0.479326,1.121107,-1.641862,1.813225,0.287171,0.499706,0.237060,0.691034,-0.402090,0.591511,0.348606,0.081423,0.367834,0.015997,-1.096798,0.033026,1.651090,-1.906927,-1.377347,1.229846,-1.513887,0.463830,0.145458,-0.724609,0.189680,0.011358,0.000279,0.061983
32.139980,0.478204,1.117120,-1.639446,1.815891,0.289500,0.499579,0.238106,0.842391,-0.493180,0.741228,0.351527,0.087354,0.380341,0.016785,-1.096335,0.033170,1.650358,-1.906734,-1.377341,1.229846,-1.513819,0.465167,0.144266,-0.725901,0.190469,0.010067,0.000074,0.063573
32.141015,0.468873,1.114898,-1.641757,1.815530,0.290618,0.499992,0.238257,1.132803,-0.665950,1.028572,0.360868,0.098832,0.404420,0.018379,-1.095402,0.033472,1.648901,-1.906348,-1.377314,1.229846,-1.513688,0.469385,0.148446,-0.725885,0.192736,0.011275,-0.000356,0.065141
32.142052,0.462142,1.116326,-1.638439,1.817847,0.290887,0.499040,0.239399,1.250028,-0.736026,1.144235,0.365130,0.103807,0.414035,0.019172,-1.094923,0.033619,1.648163,-1.906156,-1.377299,1.229847,-1.513623,0.472372,0.148430,-0.727978,0.193143,0.013462,0.000524,0.064957
32.142951,0.455965,1.114853,-1.640808,1.815990,0.293860,0.498289,0.239181,1.250028,-0.736026,1.144235,0.365130,0.103807,0.414035,0.019172,-1.094923,0.033619,1.648163,-1.906156,-1.377299,1.229847,-1.513623,0.472372,0.148430,-0.727978,0.193143,0.013462,0.000524,0.064957
32.144030,0.461767,1.118930,-1.637083,1.819410,0.296887,0.497581,0.241163,1.403045,-0.828367,1.294232,0.366235,0.111788,0.426359,0.020662,-1.093981,0.033921,1.646702,-1.905757,-1.377275,1.229850,-1.513491,0.471487,0.148225,-0.728797,0.195993,0.012157,0.001821,0.065421
32.144988,0.458838,1.115201,-1.634811,1.821861,0.299418,0.496462,0.242258,1.449383,-0.856560,1.339393,0.363618,0.115023,0.430065,0.021330,-1.093506,0.034076,1.645964,-1.905560,-1.377265,1.229853,-1.513426,0.472264,0.150557,-0.729598,0.195591,0.011928,0.002854,0.065186
32.146102,0.462069,1.110954,-1.634996,1.822444,0.301135,0.496259,0.244079,1.449383,-0.856560,1.339393,0.363618,0.115023,0.430065,0.021330,-1.093506,0.034076,1.645964,-1.905560,-1.377265,1.229853,-1.513426,0.472264,0.150557,-0.729598,0.195591,0.011928,0.002854,0.065186
32.147227,0.453674,1.112000,-1.634191,1.825495,0.303540,0.495872,0.244658,1.515911,-0.901359,1.404138,0.357087,0.120383,0.435294,0.022511,-1.092554,0.034393,1.644497,-1.905156,-1.377238,1.229860,-1.513298,0.475099,0.153683,-0.732311,0.198132,0.013147,0.003229,0.065022
32.148219,0.444690,1.107662,-1.640087,1.826580,0.308719,0.495991,0.246574,1.515911,-0.901359,1.404138,0.357087,0.120383,0.435294,0.022511,-1.092554,0.034393,1.644497,-1.905156,-1.377238,1.229860,-1.513298,0.475099,0.153683,-0.732311,0.198132,0.013147,0.003229,0.065022
32.148989,0.439091,1.109394,-1.635879,1.825257,0.309319,0.496713,0.247445,1.532179,-0.916628,1.419557,0.352843,0.122394,0.436392,0.023041,-1.092067,0.034554,1.643779,-1.904954,-1.377231,1.229864,-1.513238,0.478899,0.156320,-0.729561,0.199233,0.010360,0.003008,0.063198
32.150051,0.437303,1.111767,-1.639480,1.825602,0.312497,0.495489,0.247710,1.502204,-0.914508,1.388279,0.340692,0.124552,0.433170,0.024060,-1.091105,0.034863,1.642312,-1.904544,-1.377207,1.229872,-1.513110,0.480542,0.154909,-0.728631,0.203353,0.010956,0.003341,0.064652
32.151104,0.445692,1.117645,-1.649750,1.825938,0.313982,0.496727,0.248205,1.458065,-0.896160,1.343893,0.330807,0.125186,0.429136,0.024589,-1.090640,0.035013,1.641601,-1.904333,-1.377191,1.229870,-1.513040,0.476187,0.152669,-0.724332,0.205401,0.011963,0.002015,0.065792
32.152021,0.432589,1.118363,-1.656127,1.827616,0.315171,0.497368,0.249937,1.394261,-0.864771,1.280163,0.318698,0.125550,0.423543,0.025139,-1.090145,0.035166,1.640881,-1.904129,-1.377178,1.229871,-1.512978,0.481669,0.152690,-0.720702,0.205312,0.012948,0.001306,0.064154
32.153065,0.427898,1.113622,-1.663849,1.828253,0.317106,0.498707,0.250915,1.394261,-0.864771,1.280163,0.318698,0.125550,0.423543,0.025139,-1.090145,0.035166,1.640881,-1.904129,-1.377178,1.229871,-1.512978,0.481669,0.152690,-0.720702,0.205312,0.012948,0.001306,0.064154
32.154050,0.424693,1.117143,-1.662867,1.828655,0.319118,0.498727,0.251567,1.306568,-0.818240,1.192771,0.306189,0.125246,0.415997,0.025705,-1.089655,0.035327,1.640166,-1.903918,-1.377165,1.229869,-1.512912,0.483521,0.155645,-0.717579,0.207017,0.013491,-0.000107,0.064347
32.155135,0.419574,1.114002,-1.671288,1.833218,0.320782,0.500236,0.253336,1.076309,-0.692146,0.963408,0.283462,0.122649,0.396285,0.026931,-1.088678,0.035644,1.638745,-1.903498,-1.377133,1.229864,-1.512787,0.486731,0.156599,-0.715298,0.206600,0.014688,-0.001761,0.063742
32.156133,0.422264,1.113382,-1.670166,1.834562,0.323253,0.499544,0.253956,1.076309,-0.692146,0.963408,0.283462,0.122649,0.396285,0.026931,-1.088678,0.035644,1.638745,-1.903498,-1.377133,1.229864,-1.512787,0.486731,0.156599,-0.715298,0.206600,0.014688,-0.001761,0.063742
32.157063,0.419400,1.114323,-1.679231,1.832963,0.326484,0.499203,0.254797,0.948620,-0.621710,0.836381,0.276642,0.120419,0.385431,0.027602,-1.088190,0.035803,1.638036,-1.903289,-1.377119,1.229867,-1.512720,0.484668,0.157367,-0.716299,0.207333,0.014564,-0.001136,0.064540
32.158055,0.415114,1.112067,-1.679818,1.834016,0.327704,0.500224,0.255648,0.821545,-0.551662,0.710092,0.272823,0.117836,0.374691,0.028282,-1.087704,0.035965,1.637333,-1.903074,-1.377108,1.229867,-1.512656,0.485141,0.157172,-0.711587,0.210374,0.013548,-0.000867,0.064730
32.159080,0.411530,1.114277,-1.694703,1.833756,0.329960,0.499525,0.257490,0.696072,-0.481995,0.585410,0.269491,0.115199,0.364160,0.028940,-1.087213,0.036127,1.636621,-1.902859,-1.377092,1.229863,-1.512593,0.486547,0.158752,-0.711648,0.211167,0.014677,-0.001952,0.065054
32.159954,0.401199,1.120631,-1.694464,1.831086,0.331535,0.498921,0.258660,0.569113,-0.410550,0.459198,0.265690,0.112471,0.353581,0.029565,-1.086725,0.036284,1.635934,-1.902639,-1.377076,1.229865,-1.512534,0.487817,0.158185,-0.705047,0.213410,0.014823,-0.001324,0.063468
32.161013,0.398639,1.116501,-1.694121,1.835812,0.334820,0.500208,0.260012,0.434512,-0.332533,0.325256,0.260212,0.109572,0.342458,0.030164,-1.086226,0.036431,1.635229,-1.902414,-1.377060,1.229865,-1.512474,0.491514,0.155288,-0.704502,0.216844,0.015250,-0.000785,0.062844
32.161954,0.401591,1.120114,-1.695463,1.834397,0.337297,0.499389,0.260565,0.292470,-0.247207,0.183800,0.253246,0.106489,0.330827,0.030780,-1.085726,0.036594,1.634528,-1.902204,-1.377047,1.229861,-1.512413,0.492144,0.157930,-0.705504,0.214462,0.014404,-0.002142,0.062139
32.162962,0.409043,1.117509,-1.695188,1.836843,0.340872,0.499847,0.260930,0.153699,-0.161485,0.045703,0.247042,0.103347,0.319571,0.031469,-1.085245,0.036748,1.633827,-1.901983,-1.377033,1.229864,-1.512350,0.489631,0.156428,-0.704592,0.217219,0.014077,-0.001380,0.062780
32.164049,0.411188,1.116775,-1.701117,1.837008,0.342020,0.499692,0.262515,0.030325,-0.083054,-0.076796,0.242241,0.100549,0.309671,0.032248,-1.084765,0.036909,1.633119,-1.901768,-1.377024,1.229862,-1.512282,0.485243,0.158177,-0.705028,0.216643,0.012850,-0.001912,0.063918
32.164943,0.404278,1.118589,-1.699380,1.836614,0.344545,0.500646,0.262891,-0.069698,-0.017138,-0.175861,0.238689,0.098453,0.301729,0.033101,-1.084287,0.037071,1.632425,-1.901545,-1.377010,1.229861,-1.512220,0.483973,0.159136,-0.703183,0.218777,0.014230,-0.001823,0.062778
32.166010,0.403173,1.114614,-1.705461,1.836714,0.346167,0.501233,0.264182,-0.212541,0.084411,-0.317491,0.232832,0.096405,0.290488,0.034894,-1.083303,0.037392,1.631014,-1.901096,-1.376982,1.229855,-1.512095,0.486133,0.160953,-0.701158,0.222035,0.014564,-0.003466,0.063099
32.167086,0.401779,1.113098,-1.704238,1.835345,0.349175,0.500921,0.265256,-0.212541,0.084411,-0.317491,0.232832,0.096405,0.290488,0.034894,-1.083303,0.037392,1.631014,-1.901096,-1.376982,1.229855,-1.512095,0.486133,0.160953,-0.701158,0.222035,0.014564,-0.003466,0.063099
32.168028,0.397683,1.114214,-1.700537,1.833527,0.350332,0.500223,0.266893,-0.265268,0.125363,-0.370165,0.228338,0.096406,0.286317,0.035753,-1.082819,0.037557,1.630315,-1.900866,-1.376968,1.229851,-1.512033,0.486483,0.162228,-0.702795,0.225447,0.014023,-0.003202,0.062981
32.168961,0.400421,1.110416,-1.696639,1.832636,0.352721,0.498592,0.268227,-0.330738,0.184691,-0.436597,0.209277,0.099269,0.281089,0.037183,-1.081847,0.037884,1.628901,-1.900395,-1.376938,1.229852,-1.511916,0.484990,0.164025,-0.705960,0.229979,0.014736,-0.000995,0.060532
32.169939,0.400237,1.110513,-1.689747,1.834402,0.357433,0.497773,0.269287,-0.330738,0.184691,-0.436597,0.209277,0.099269,0.281089,0.037183,-1.081847,0.037884,1.628901,-1.900395,-1.376938,1.229852,-1.511916,0.484990,0.164025,-0.705960,0.229979,0.014736,-0.000995,0.060532
32.171029,0.403025,1.109593,-1.699691,1.836920,0.359449,0.497240,0.270378,-0.336830,0.198892,-0.443514,0.195770,0.102151,0.280628,0.037753,-1.081368,0.038049,1.628185,-1.900168,-1.376928,1.229853,-1.511855,0.484307,0.164252,-0.709346,0.229577,0.012284,-0.000257,0.060241
32.172049,0.404179,1.109106,-1.695936,1.838468,0.362855,0.497728,0.271399,-0.299003,0.197149,-0.407191,0.172947,0.109079,0.283801,0.038845,-1.080411,0.038381,1.626778,-1.899706,-1.376907,1.229855,-1.511736,0.481547,0.165908,-0.707727,0.229224,0.011788,-0.000382,0.060007
32.173003,0.400649,1.104006,-1.695492,1.838991,0.364415,0.497830,0.271941,-0.299003,0.197149,-0.407191,0.172947,0.109079,0.283801,0.038845,-1.080411,0.038381,1.626778,-1.899706,-1.376907,1.229855,-1.511736,0.481547,0.165908,-0.707727,0.229224,0.011788,-0.000382,0.060007
32.173969,0.400611,1.098253,-1.689977,1.837791,0.369638,0.496749,0.273452,-0.263748,0.185751,-0.372566,0.166318,0.112430,0.286720,0.039467,-1.079927,0.038555,1.626063,-1.899475,-1.376895,1.229855,-1.511675,0.482360,0.168614,-0.707660,0.229861,0.012445,-0.000552,0.060706
32.175098,0.410300,1.093195,-1.687924,1.838830,0.373884,0.497102,0.273594,-0.158959,0.136584,-0.269194,0.157773,0.119381,0.294959,0.040921,-1.078985,0.038917,1.624631,-1.899003,-1.376884,1.229857,-1.511551,0.476805,0.174556,-0.712532,0.233358,0.007935,0.000017,0.061349
32.176134,0.416362,1.093242,-1.687050,1.840253,0.376886,0.496668,0.275036,-0.158959,0.136584,-0.269194,0.157773,0.119381,0.294959,0.040921,-1.078985,0.038917,1.624631,-1.899003,-1.376884,1.229857,-1.511551,0.476805,0.174556,-0.712532,0.233358,0.007935,0.000017,0.061349
32.177032,0.411847,1.092753,-1.682996,1.842306,0.377687,0.497232,0.276547,-0.079476,0.091762,-0.190485,0.153079,0.123680,0.301024,0.041705,-1.078514,0.039091,1.623910,-1.898767,-1.376876,1.229857,-1.511494,0.473385,0.174837,-0.713323,0.233528,0.007384,0.000386,0.060398
32.178023,0.404545,1.088586,-1.683276,1.840982,0.379960,0.497779,0.277469,0.015801,0.035594,-0.096018,0.149409,0.128339,0.308309,0.042473,-1.078042,0.039270,1.623199,-1.898534,-1.376864,1.229857,-1.511437,0.474573,0.175036,-0.714641,0.232166,0.008668,-0.000249,0.059044
32.179054,0.398273,1.087702,-1.683029,1.842215,0.382423,0.496871,0.278221,0.114960,-0.024158,0.002263,0.147901,0.132821,0.315895,0.043186,-1.077556,0.039454,1.622480,-1.898294,-1.376858,1.229856,-1.511376,0.477448,0.177239,-0.714501,0.234713,0.008729,-0.000860,0.059067
32.179949,0.396063,1.085063,-1.681160,1.842040,0.383738,0.496488,0.279448,0.206285,-0.080528,0.092648,0.147563,0.136829,0.322808,0.043823,-1.077069,0.039632,1.621771,-1.898060,-1.376849,1.229858,-1.511316,0.479954,0.177933,-0.715095,0.235063,0.008678,-0.000019,0.059508
32.181084,0.396265,1.085405,-1.677730,1.841467,0.387026,0.495662,0.281591,0.283791,-0.129982,0.169240,0.147763,0.140244,0.328560,0.044371,-1.076594,0.039816,1.621051,-1.897824,-1.376838,1.229859,-1.511258,0.479880,0.179143,-0.715184,0.235853,0.009440,0.000287,0.058703
32.182038,0.398749,1.077624,-1.679666,1.840918,0.390588,0.495365,0.282366,0.348898,-0.173156,0.233489,0.147948,0.143210,0.333302,0.044829,-1.076114,0.039995,1.620320,-1.897579,-1.376832,1.229862,-1.511207,0.479774,0.179451,-0.718038,0.238518,0.008839,0.001019,0.056599
32.182973,0.400777,1.073960,-1.675690,1.837027,0.391431,0.493415,0.281633,0.463255,-0.254723,0.346045,0.142717,0.149341,0.341340,0.045624,-1.075173,0.040378,1.618880,-1.897081,-1.376816,1.229871,-1.511078,0.475789,0.185003,-0.718225,0.244261,0.008886,0.003093,0.060049
32.184052,0.397875,1.075844,-1.670445,1.838484,0.394151,0.493779,0.284332,0.463255,-0.254723,0.346045,0.142717,0.149341,0.341340,0.045624,-1.075173,0.040378,1.618880,-1.897081,-1.376816,1.229871,-1.511078,0.475789,0.185003,-0.718225,0.244261,0.008886,0.003093,0.060049
32.185118,0.393672,1.073941,-1.669112,1.837492,0.395699,0.494890,0.284639,0.520393,-0.298352,0.402010,0.135198,0.153085,0.345143,0.046037,-1.074690,0.040560,1.618145,-1.896831,-1.376808,1.229873,-1.511030,0.476939,0.184366,-0.721433,0.244344,0.008689,0.002620,0.056676
32.186076,0.386877,1.072239,-1.661222,1.834578,0.397188,0.494528,0.285998,0.576600,-0.342123,0.456770,0.125311,0.157168,0.348779,0.046456,-1.074210,0.040749,1.617425,-1.896585,-1.376796,1.229868,-1.510968,0.478704,0.185558,-0.722725,0.246913,0.009632,0.001454,0.058119
32.187094,0.386973,1.073434,-1.665235,1.832669,0.399743,0.495998,0.285868,0.673213,-0.420090,0.549927,0.098560,0.165848,0.354606,0.047294,-1.073240,0.041123,1.615976,-1.896064,-1.376775,1.229867,-1.510851,0.480413,0.185913,-0.724471,0.253081,0.010164,0.000215,0.059381
32.188017,0.392833,1.075686,-1.663649,1.829759,0.400583,0.496460,0.286782,0.673213,-0.420090,0.549927,0.098560,0.165848,0.354606,0.047294,-1.073240,0.041123,1.615976,-1.896064,-1.376775,1.229867,-1.510851,0.480413,0.185913,-0.724471,0.253081,0.010164,0.000215,0.059381
32.189026,0.387937,1.080195,-1.663727,1.828227,0.402761,0.498318,0.287686,0.710069,-0.450735,0.585050,0.080298,0.170473,0.356638,0.047668,-1.072775,0.041308,1.615251,-1.895797,-1.376759,1.229866,-1.510791,0.476549,0.184717,-0.724620,0.256060,0.011421,-0.000297,0.059242
32.190006,0.384446,1.081017,-1.663273,1.829258,0.403709,0.497611,0.288823,0.739196,-0.474201,0.612442,0.058954,0.175241,0.358245,0.047966,-1.072288,0.041485,1.614519,-1.895535,-1.376745,1.229863,-1.510730,0.478321,0.182688,-0.724581,0.258362,0.011549,-0.002220,0.059326
32.190984,0.382702,1.080582,-1.660265,1.827582,0.406041,0.498081,0.289640,0.757823,-0.488098,0.629201,0.036533,0.179771,0.359284,0.048186,-1.071808,0.041665,1.613799,-1.895276,-1.376731,1.229859,-1.510673,0.479268,0.182414,-0.724705,0.257966,0.012854,-0.001533,0.058891
32.192107,0.383376,1.080910,-1.659261,1.828596,0.407285,0.497973,0.291199,0.765904,-0.490628,0.633083,-0.002300,0.186855,0.359782,0.048503,-1.070846,0.042030,1.612342,-1.894750,-1.376701,1.229855,-1.510557,0.478904,0.183001,-0.727538,0.260749,0.014086,-0.002026,0.058116
32.193034,0.378457,1.084087,-1.650251,1.826069,0.409786,0.495883,0.293019,0.765904,-0.490628,0.633083,-0.002300,0.186855,0.359782,0.048503,-1.070846,0.042030,1.612342,-1.894750,-1.376701,1.229855,-1.510557,0.478904,0.183001,-0.727538,0.260749,0.014086,-0.002026,0.058116
32.194062,0.382628,1.083138,-1.652585,1.827037,0.413346,0.495969,0.293723,0.764856,-0.486056,0.629833,-0.017573,0.189509,0.359945,0.048654,-1.070364,0.042209,1.611600,-1.894482,-1.376689,1.229859,-1.510505,0.480300,0.181398,-0.731241,0.263347,0.013699,-0.000004,0.056218
32.195041,0.381658,1.080938,-1.651369,1.824761,0.413831,0.495510,0.294233,0.764703,-0.480203,0.627514,-0.030247,0.191768,0.360348,0.048838,-1.069888,0.042391,1.610868,-1.894218,-1.376678,1.229860,-1.510450,0.477676,0.182109,-0.730192,0.263211,0.012526,-0.000185,0.056789
32.196037,0.370103,1.082873,-1.652688,1.824298,0.414634,0.496203,0.295814,0.767035,-0.474675,0.627786,-0.040258,0.193740,0.361055,0.049104,-1.069414,0.042579,1.610144,-1.893944,-1.376660,1.229860,-1.510392,0.477463,0.183250,-0.730654,0.265804,0.014266,0.000209,0.057611
32.197138,0.364954,1.087938,-1.650499,1.824342,0.415904,0.496302,0.297028,0.767958,-0.467790,0.626773,-0.047793,0.195355,0.361691,0.049468,-1.068919,0.042761,1.609413,-1.893674,-1.376642,1.229858,-1.510337,0.482406,0.182397,-0.729888,0.266752,0.015701,-0.000557,0.056317
32.198101,0.366312,1.091445,-1.651636,1.824094,0.417785,0.496342,0.297694,0.759005,-0.454088,0.616058,-0.052864,0.196367,0.361588,0.049909,-1.068427,0.042936,1.608674,-1.893402,-1.376622,1.229858,-1.510283,0.484629,0.180325,-0.731726,0.267902,0.016908,-0.000721,0.056010
32.199024,0.372975,1.087422,-1.649533,1.820303,0.419462,0.496458,0.299330,0.737864,-0.431454,0.593469,-0.055185,0.196715,0.360651,0.050397,-1.067951,0.043111,1.607947,-1.893131,-1.376603,1.229856,-1.510224,0.483089,0.178719,-0.730802,0.268392,0.017169,-0.000818,0.056489
32.200121,0.376386,1.089223,-1.657521,1.819054,0.420404,0.495139,0.299762,0.711845,-0.404554,0.566375,-0.055701,0.196787,0.359490,0.050899,-1.067481,0.043294,1.607210,-1.892852,-1.376585,1.229856,-1.510172,0.478761,0.180726,-0.731047,0.271999,0.017559,-0.000999,0.054942
32.201133,0.372725,1.087823,-1.651210,1.815152,0.422356,0.495861,0.301042,0.688958,-0.379258,0.542639,-0.056582,0.197087,0.358649,0.051373,-1.067010,0.043472,1.606490,-1.892572,-1.376562,1.229857,-1.510114,0.476995,0.180214,-0.727942,0.274190,0.019055,0.000251,0.056192
32.201975,0.364438,1.088069,-1.646229,1.815982,0.422706,0.495915,0.301963,0.670896,-0.357115,0.523646,-0.059811,0.197867,0.358141,0.051794,-1.066525,0.043654,1.605748,-1.892288,-1.376541,1.229857,-1.510059,0.478179,0.181113,-0.731072,0.278392,0.019350,-0.000562,0.055535
32.202975,0.365433,1.084061,-1.646460,1.811218,0.425130,0.496405,0.303891,0.643894,-0.320425,0.494136,-0.070647,0.200223,0.357571,0.052488,-1.065566,0.044018,1.604279,-1.891720,-1.376496,1.229854,-1.509954,0.479626,0.182928,-0.731833,0.281617,0.020598,-0.001211,0.053299
32.204032,0.364815,1.083948,-1.647246,1.808785,0.427910,0.494446,0.304331,0.643894,-0.320425,0.494136,-0.070647,0.200223,0.357571,0.052488,-1.065566,0.044018,1.604279,-1.891720,-1.376496,1.229854,-1.509954,0.479626,0.182928,-0.731833,0.281617,0.020598,-0.001211,0.053299
32.205069,0.370809,1.081642,-1.650991,1.808489,0.428784,0.494617,0.304877,0.626805,-0.296350,0.474333,-0.087790,0.203299,0.357355,0.053154,-1.064616,0.044389,1.602824,-1.891143,-1.376451,1.229860,-1.509840,0.476135,0.184568,-0.730334,0.285128,0.021597,0.000397,0.055330
32.206011,0.367636,1.081305,-1.649129,1.806174,0.431118,0.493940,0.305759,0.626805,-0.296350,0.474333,-0.087790,0.203299,0.357355,0.053154,-1.064616,0.044389,1.602824,-1.891143,-1.376451,1.229860,-1.509840,0.476135,0.184568,-0.730334,0.285128,0.021597,0.000397,0.055330
32.207028,0.369522,1.077779,-1.648337,1.805568,0.432949,0.493853,0.306214,0.623542,-0.289807,0.468826,-0.108485,0.206704,0.357880,0.054071,-1.063666,0.044765,1.601354,-1.890561,-1.376408,1.229864,-1.509724,0.475339,0.186557,-0.731104,0.287811,0.021757,0.001001,0.056340
32.208113,0.372638,1.077061,-1.649417,1.805798,0.434357,0.493760,0.307480,0.623542,-0.289807,0.468826,-0.108485,0.206704,0.357880,0.054071,-1.063666,0.044765,1.601354,-1.890561,-1.376408,1.229864,-1.509724,0.475339,0.186557,-0.731104,0.287811,0.021757,0.001001,0.056340
32.209059,0.367432,1.080840,-1.652182,1.804917,0.437373,0.493241,0.308648,0.627996,-0.294171,0.472377,-0.116567,0.208177,0.358515,0.054625,-1.063198,0.044954,1.600628,-1.890268,-1.376385,1.229866,-1.509670,0.473666,0.187176,-0.731302,0.288163,0.022762,0.001009,0.055870
32.209983,0.374121,1.073424,-1.649754,1.803197,0.440137,0.492766,0.309058,0.634041,-0.301785,0.477736,-0.121404,0.209303,0.359227,0.055208,-1.062721,0.045133,1.599900,-1.889980,-1.376365,1.229869,-1.509614,0.475371,0.185318,-0.729394,0.288765,0.021826,0.001447,0.055314
32.211103,0.377872,1.073649,-1.650017,1.801260,0.440701,0.493066,0.309675,0.645643,-0.322494,0.488706,-0.121758,0.210748,0.360349,0.056384,-1.061796,0.045520,1.598439,-1.889390,-1.376315,1.229872,-1.509499,0.469388,0.189053,-0.730779,0.292595,0.022995,0.001453,0.057135
32.212064,0.378850,1.077266,-1.649792,1.799486,0.442626,0.493825,0.311127,0.645643,-0.322494,0.488706,-0.121758,0.210748,0.360349,0.056384,-1.061796,0.045520,1.598439,-1.889390,-1.376315,1.229872,-1.509499,0.469388,0.189053,-0.730779,0.292595,0.022995,0.001453,0.057135
32.213061,0.372560,1.076233,-1.654601,1.800209,0.442512,0.494560,0.311176,0.659125,-0.340134,0.502011,-0.119592,0.211716,0.361324,0.056937,-1.061330,0.045703,1.597705,-1.889090,-1.376292,1.229870,-1.509444,0.468185,0.187270,-0.730447,0.293901,0.023154,0.000631,0.056025
32.214090,0.368166,1.076154,-1.656970,1.798271,0.443350,0.495147,0.312143,0.671443,-0.357329,0.514201,-0.115836,0.212665,0.362131,0.057459,-1.060860,0.045894,1.596990,-1.888796,-1.376261,1.229867,-1.509383,0.470783,0.187843,-0.728120,0.293084,0.025412,-0.000154,0.057824
32.215022,0.365663,1.077637,-1.657358,1.795966,0.443120,0.495688,0.312971,0.660261,-0.369858,0.503176,-0.099770,0.212700,0.360687,0.058481,-1.059901,0.046271,1.595533,-1.888200,-1.376207,1.229863,-1.509267,0.472644,0.187181,-0.726348,0.296785,0.029022,-0.001393,0.057896
32.216023,0.361066,1.078973,-1.662301,1.796348,0.445826,0.495658,0.314266,0.632021,-0.361569,0.475354,-0.088767,0.211599,0.358176,0.058954,-1.059428,0.046457,1.594818,-1.887907,-1.376177,1.229864,-1.509211,0.474362,0.186620,-0.724012,0.296363,0.028425,-0.001431,0.057192
32.216997,0.363309,1.077785,-1.660161,1.796101,0.447748,0.494805,0.316318,0.632021,-0.361569,0.475354,-0.088767,0.211599,0.358176,0.058954,-1.059428,0.046457,1.594818,-1.887907,-1.376177,1.229864,-1.509211,0.474362,0.186620,-0.724012,0.296363,0.028425,-0.001431,0.057192
32.218179,0.359903,1.075358,-1.669022,1.796822,0.449197,0.495492,0.316602,0.590634,-0.344559,0.434789,-0.075191,0.209663,0.354713,0.059394,-1.058957,0.046644,1.594089,-1.887612,-1.376147,1.229866,-1.509159,0.472496,0.187251,-0.724846,0.296353,0.028583,-0.000648,0.054928
32.219047,0.362753,1.073266,-1.669195,1.798062,0.451157,0.494029,0.317264,0.541322,-0.322629,0.386715,-0.058404,0.206949,0.350690,0.059834,-1.058476,0.046835,1.593376,-1.887311,-1.376113,1.229864,-1.509099,0.474452,0.188943,-0.722122,0.296722,0.029677,-0.001423,0.056661
32.220019,0.358018,1.073027,-1.669608,1.797264,0.452965,0.493418,0.318271,0.431184,-0.273830,0.280146,-0.012627,0.199319,0.341729,0.060931,-1.057534,0.047214,1.591931,-1.886727,-1.376053,1.229873,-1.508986,0.473424,0.189829,-0.720542,0.295142,0.029775,0.000482,0.056744
32.220978,0.357247,1.071734,-1.666948,1.798462,0.455334,0.492081,0.318084,0.375358,-0.249648,0.226478,0.016426,0.194704,0.337119,0.061606,-1.057063,0.047407,1.591215,-1.886433,-1.376024,1.229879,-1.508923,0.472996,0.190399,-0.721636,0.293590,0.029438,0.001721,0.058919
32.222081,0.352473,1.074230,-1.668068,1.800152,0.457057,0.491645,0.319109,0.321047,-0.226118,0.174422,0.049015,0.189822,0.332536,0.062331,-1.056580,0.047592,1.590491,-1.886143,-1.375991,1.229879,-1.508864,0.475212,0.189494,-0.721989,0.292683,0.030079,0.002072,0.058943
32.223083,0.351823,1.070704,-1.666478,1.800416,0.459793,0.492153,0.320616,0.268979,-0.203315,0.124719,0.084604,0.184841,0.328014,0.063061,-1.056103,0.047788,1.589775,-1.885849,-1.375961,1.229879,-1.508807,0.474869,0.191270,-0.722934,0.292393,0.029462,0.001483,0.057809
32.224007,0.356071,1.075922,-1.673068,1.802744,0.461558,0.493447,0.320330,0.268979,-0.203315,0.124719,0.084604,0.184841,0.328014,0.063061,-1.056103,0.047788,1.589775,-1.885849,-1.375961,1.229879,-1.508807,0.474869,0.191270,-0.722934,0.292393,0.029462,0.001483,0.057809
32.225121,0.354473,1.074764,-1.679621,1.804052,0.461729,0.494066,0.321785,0.219963,-0.181325,0.078278,0.122573,0.179915,0.323657,0.063762,-1.055640,0.047975,1.589063,-1.885562,-1.375929,1.229878,-1.508744,0.471850,0.188531,-0.719095,0.289626,0.029630,0.000126,0.060119
32.226012,0.347976,1.078613,-1.682665,1.803239,0.463545,0.495806,0.323749,0.171743,-0.158042,0.032875,0.162829,0.175000,0.319378,0.064431,-1.055163,0.048164,1.588344,-1.885278,-1.375894,1.229876,-1.508688,0.472611,0.189474,-0.716912,0.289335,0.031843,-0.000552,0.059309
32.227019,0.341475,1.072809,-1.683495,1.802950,0.466381,0.495610,0.324122,0.118815,-0.129504,-0.017190,0.204069,0.170038,0.314781,0.065052,-1.054686,0.048347,1.587639,-1.884990,-1.375862,1.229871,-1.508635,0.474665,0.187398,-0.714680,0.289475,0.031842,-0.002338,0.057041
32.228020,0.344373,1.072171,-1.687797,1.804267,0.466158,0.495804,0.325098,0.057796,-0.093642,-0.075491,0.244045,0.165131,0.309578,0.065631,-1.054200,0.048544,1.586922,-1.884701,-1.375831,1.229869,-1.508572,0.477199,0.190339,-0.714465,0.289893,0.031138,-0.002178,0.058207
32.228963,0.344360,1.069492,-1.683593,1.803247,0.469076,0.495466,0.325579,-0.008318,-0.053219,-0.139019,0.281807,0.160420,0.303976,0.066207,-1.053725,0.048733,1.586222,-1.884416,-1.375791,1.229868,-1.508512,0.475082,0.190703,-0.712609,0.288730,0.033428,-0.002441,0.058120
32.230005,0.339468,1.064067,-1.681773,1.805733,0.470313,0.494352,0.327200,-0.071537,-0.013818,-0.199773,0.317288,0.156101,0.298632,0.066798,-1.053256,0.048927,1.585503,-1.884126,-1.375758,1.229868,-1.508450,0.474259,0.191919,-0.714342,0.289443,0.032445,-0.002164,0.058914
32.230963,0.344017,1.057814,-1.682089,1.803376,0.470728,0.494025,0.327856,-0.124746,0.019723,-0.250719,0.350791,0.152313,0.294108,0.067395,-1.052778,0.049124,1.584780,-1.883841,-1.375727,1.229873,-1.508394,0.476273,0.194716,-0.715635,0.287369,0.033445,-0.001143,0.057629
32.232010,0.339545,1.059436,-1.688435,1.802270,0.474974,0.494472,0.327524,-0.163655,0.043748,-0.287616,0.382662,0.149091,0.290654,0.067990,-1.052313,0.049327,1.584072,-1.883548,-1.375688,1.229872,-1.508331,0.473237,0.197634,-0.715310,0.289453,0.034970,-0.000888,0.058111
32.233041,0.333238,1.061047,-1.688660,1.803686,0.477953,0.494150,0.327623,-0.189273,0.058892,-0.311557,0.411134,0.146557,0.288146,0.068582,-1.051831,0.049525,1.583360,-1.883257,-1.375659,1.229868,-1.508265,0.475040,0.196864,-0.712695,0.290915,0.032952,-0.001389,0.060748
32.234100,0.333435,1.061046,-1.687307,1.804331,0.481258,0.493681,0.329766,-0.210355,0.071846,-0.331327,0.434931,0.144589,0.285962,0.069166,-1.051344,0.049718,1.582641,-1.882968,-1.375631,1.229871,-1.508199,0.477586,0.196135,-0.712960,0.289754,0.032204,-0.001150,0.062457
32.235019,0.338420,1.061351,-1.679956,1.803941,0.484025,0.494127,0.329872,-0.232414,0.086845,-0.352290,0.455547,0.142903,0.283758,0.069725,-1.050872,0.049916,1.581928,-1.882680,-1.375600,1.229872,-1.508145,0.477167,0.196250,-0.714311,0.289634,0.031166,-0.000763,0.060155
32.236070,0.347140,1.054051,-1.676157,1.804654,0.486628,0.493223,0.330660,-0.249355,0.100250,-0.368212,0.474416,0.141629,0.282098,0.070238,-1.050405,0.050108,1.581202,-1.882389,-1.375570,1.229870,-1.508078,0.473696,0.195930,-0.717296,0.289494,0.030334,-0.001264,0.061657
32.237023,0.342561,1.056955,-1.673676,1.805423,0.487975,0.493994,0.331473,-0.248553,0.103687,-0.366483,0.492376,0.141182,0.281997,0.070705,-1.049940,0.050315,1.580483,-1.882098,-1.375541,1.229872,-1.508015,0.469085,0.199580,-0.719727,0.289154,0.029997,-0.000438,0.062043
32.237991,0.344627,1.051096,-1.670906,1.802817,0.489893,0.494011,0.332334,-0.224530,0.092997,-0.341723,0.510678,0.141652,0.283830,0.071133,-1.049472,0.050513,1.579760,-1.881813,-1.375507,1.229870,-1.507956,0.470647,0.197931,-0.720571,0.288218,0.030643,-0.001278,0.062196
32.239050,0.340765,1.050898,-1.667873,1.800794,0.491512,0.495389,0.334332,-0.183086,0.071815,-0.299866,0.529484,0.142846,0.287090,0.071520,-1.049002,0.050717,1.579033,-1.881517,-1.375474,1.229869,-1.507898,0.468850,0.200711,-0.721656,0.290525,0.030742,-0.001346,0.062283
32.240084,0.345386,1.048719,-1.660625,1.800900,0.492491,0.494501,0.335046,-0.066450,0.010078,-0.184001,0.561215,0.147502,0.296324,0.072166,-1.048068,0.051121,1.577573,-1.880929,-1.375404,1.229861,-1.507781,0.467874,0.201918,-0.727540,0.292992,0.032545,-0.001930,0.060826
32.240981,0.346229,1.049339,-1.660180,1.802066,0.494852,0.494240,0.335818,0.006975,-0.029115,-0.111514,0.574462,0.150740,0.302272,0.072497,-1.047602,0.051322,1.576852,-1.880639,-1.375372,1.229857,-1.507721,0.466418,0.201268,-0.726890,0.291128,0.032024,-0.001708,0.060937
32.242075,0.352425,1.040137,-1.660977,1.801021,0.498796,0.492965,0.336460,0.006975,-0.029115,-0.111514,0.574462,0.150740,0.302272,0.072497,-1.047602,0.051322,1.576852,-1.880639,-1.375372,1.229857,-1.507721,0.466418,0.201268,-0.726890,0.291128,0.032024,-0.001708,0.060937
32.243028,0.354408,1.035742,-1.655505,1.799722,0.501083,0.493469,0.337412,0.088730,-0.073295,-0.030737,0.588276,0.154139,0.309012,0.072911,-1.047150,0.051537,1.576119,-1.880348,-1.375343,1.229859,-1.507658,0.463429,0.205896,-0.727224,0.292891,0.030435,-0.000514,0.061720
32.243999,0.348216,1.033210,-1.651744,1.798325,0.502711,0.492320,0.338093,0.179576,-0.124044,0.058992,0.601925,0.157710,0.316521,0.073413,-1.046691,0.051746,1.575377,-1.880053,-1.375311,1.229857,-1.507598,0.461772,0.207773,-0.729375,0.293778,0.030161,-0.001088,0.061585
32.245020,0.357911,1.031926,-1.644564,1.797838,0.504086,0.491616,0.339809,0.381678,-0.241024,0.257797,0.624851,0.165379,0.333189,0.074554,-1.045772,0.052171,1.573901,-1.879460,-1.375244,1.229858,-1.507473,0.459061,0.209224,-0.734500,0.295390,0.031340,0.000629,0.060491
32.246073,0.361464,1.028672,-1.639605,1.795403,0.507997,0.491146,0.340562,0.381678,-0.241024,0.257797,0.624851,0.165379,0.333189,0.074554,-1.045772,0.052171,1.573901,-1.879460,-1.375244,1.229858,-1.507473,0.459061,0.209224,-0.734500,0.295390,0.031340,0.000629,0.060491
32.247069,0.365518,1.024382,-1.634138,1.797220,0.512003,0.490275,0.342051,0.493800,-0.306269,0.367641,0.632720,0.169670,0.342484,0.075107,-1.045314,0.052384,1.573163,-1.879156,-1.375216,1.229860,-1.507409,0.457160,0.210762,-0.737287,0.297938,0.029686,0.001013,0.060978
32.248012,0.367807,1.020110,-1.628209,1.793914,0.513562,0.490638,0.343181,0.617608,-0.378385,0.488752,0.637468,0.174511,0.352751,0.075606,-1.044868,0.052600,1.572415,-1.878866,-1.375190,1.229864,-1.507354,0.454828,0.212639,-0.739720,0.296089,0.027842,0.001792,0.059868
32.249030,0.361763,1.020092,-1.625811,1.790091,0.515945,0.490449,0.343424,0.751578,-0.456899,0.619698,0.639888,0.179793,0.363796,0.076047,-1.044416,0.052817,1.571661,-1.878563,-1.375159,1.229864,-1.507296,0.453055,0.214369,-0.741845,0.298770,0.028288,0.001349,0.059380
32.250065,0.354622,1.021400,-1.625765,1.790683,0.519808,0.492207,0.344725,0.889274,-0.537510,0.753984,0.638440,0.185536,0.375050,0.076433,-1.043960,0.053032,1.570922,-1.878253,-1.375129,1.229865,-1.507232,0.455805,0.214155,-0.743031,0.302304,0.028070,0.001471,0.060808
32.251106,0.346865,1.018059,-1.625899,1.789610,0.520599,0.492377,0.345785,1.017409,-0.611004,0.878306,0.631485,0.191551,0.385463,0.076765,-1.043494,0.053243,1.570176,-1.877954,-1.375105,1.229860,-1.507175,0.459045,0.213373,-0.743105,0.301750,0.026472,-0.000350,0.060149
32.252120,0.350347,1.015632,-1.629306,1.789355,0.523133,0.492526,0.346694,1.123421,-0.669513,0.980377,0.620664,0.197268,0.394091,0.077048,-1.043027,0.053460,1.569426,-1.877645,-1.375073,1.229860,-1.507118,0.462608,0.214886,-0.743108,0.302734,0.027925,-0.000576,0.060008
32.252997,0.346133,1.012740,-1.626696,1.787475,0.524353,0.490766,0.347930,1.203465,-0.711689,1.056641,0.608108,0.202313,0.400657,0.077302,-1.042574,0.053680,1.568690,-1.877337,-1.375046,1.229857,-1.507057,0.460509,0.215824,-0.741387,0.302692,0.027562,-0.000776,0.060096
32.254107,0.349164,1.008798,-1.628484,1.786605,0.527886,0.488825,0.348561,1.260609,-0.740424,1.110286,0.594956,0.206639,0.405437,0.077552,-1.042110,0.053894,1.567940,-1.877036,-1.375014,1.229858,-1.507001,0.461529,0.216746,-0.741352,0.303492,0.028162,0.000932,0.059243
32.255069,0.340568,1.003516,-1.629424,1.783222,0.530932,0.487810,0.349607,1.299857,-0.759538,1.146283,0.581502,0.210361,0.408818,0.077820,-1.041648,0.054118,1.567203,-1.876727,-1.374990,1.229864,-1.506940,0.460072,0.218633,-0.741277,0.304731,0.027075,0.002761,0.060103
32.256010,0.342264,1.004211,-1.626264,1.780307,0.532469,0.488185,0.350843,1.324232,-0.771696,1.167515,0.567013,0.213651,0.410959,0.078115,-1.041181,0.054344,1.566459,-1.876413,-1.374967,1.229868,-1.506881,0.463698,0.220807,-0.740247,0.307329,0.026135,0.003675,0.059797
32.257099,0.338710,1.004296,-1.628677,1.777077,0.534369,0.487019,0.351756,1.334377,-0.777445,1.174484,0.550444,0.216665,0.411885,0.078424,-1.040717,0.054560,1.565709,-1.876094,-1.374936,1.229869,-1.506822,0.462005,0.220029,-0.741044,0.309191,0.026589,0.003219,0.059077
32.258091,0.336246,1.004714,-1.626010,1.775175,0.535445,0.486660,0.352650,1.331652,-0.776832,1.168488,0.531000,0.219555,0.411780,0.078732,-1.040253,0.054779,1.564973,-1.875771,-1.374910,1.229876,-1.506761,0.463769,0.219906,-0.740480,0.312301,0.027075,0.004282,0.059319
32.259047,0.335158,1.003963,-1.626865,1.769627,0.540413,0.485600,0.353832,1.290645,-0.756326,1.120958,0.483170,0.224959,0.408762,0.079319,-1.039320,0.055215,1.563499,-1.875130,-1.374858,1.229889,-1.506644,0.464204,0.219385,-0.740659,0.318027,0.025223,0.005487,0.058811
32.260049,0.333341,1.005881,-1.632061,1.766332,0.541593,0.484458,0.354723,1.290645,-0.756326,1.120958,0.483170,0.224959,0.408762,0.079319,-1.039320,0.055215,1.563499,-1.875130,-1.374858,1.229889,-1.506644,0.464204,0.219385,-0.740659,0.318027,0.025223,0.005487,0.058811
32.261067,0.332707,1.011942,-1.639202,1.763646,0.543651,0.486479,0.356523,1.253328,-0.736564,1.080528,0.453797,0.227546,0.405790,0.079553,-1.038860,0.055433,1.562767,-1.874800,-1.374827,1.229893,-1.506585,0.464688,0.218134,-0.737985,0.320405,0.026203,0.006534,0.058921
32.261990,0.321685,1.011239,-1.639222,1.757959,0.543348,0.489451,0.356846,1.200618,-0.707041,1.024821,0.420771,0.229911,0.401459,0.079730,-1.038392,0.055641,1.562033,-1.874473,-1.374801,1.229891,-1.506532,0.464550,0.214967,-0.734475,0.322386,0.026351,0.004423,0.057242
32.263022,0.313872,1.012461,-1.648975,1.754900,0.546081,0.490394,0.358236,1.128103,-0.664237,0.949351,0.385014,0.231790,0.395495,0.079869,-1.037921,0.055857,1.561307,-1.874133,-1.374768,1.229885,-1.506472,0.469132,0.214904,-0.733815,0.326402,0.028591,0.001410,0.058336
32.264008,0.319846,1.016953,-1.655786,1.749368,0.547974,0.490380,0.359331,1.032378,-0.606182,0.850607,0.346784,0.233005,0.387659,0.079997,-1.037436,0.056071,1.560583,-1.873803,-1.374740,1.229882,-1.506416,0.472443,0.214133,-0.729200,0.328749,0.028059,0.000433,0.057499
32.265025,0.318393,1.015593,-1.655220,1.747109,0.551845,0.490199,0.359568,0.913624,-0.533091,0.728782,0.305828,0.233580,0.378010,0.080132,-1.036970,0.056277,1.559858,-1.873459,-1.374710,1.229882,-1.506363,0.468796,0.211691,-0.725692,0.332975,0.028273,0.000392,0.057188
32.266111,0.321340,1.017182,-1.659418,1.743294,0.555154,0.489436,0.360321,0.781032,-0.450484,0.593111,0.262003,0.233888,0.367367,0.080291,-1.036503,0.056490,1.559134,-1.873125,-1.374686,1.229884,-1.506300,0.469116,0.212226,-0.726187,0.334302,0.026615,0.000489,0.058632
32.267123,0.317610,1.014021,-1.664284,1.741052,0.558018,0.489948,0.361626,0.646697,-0.366321,0.455705,0.216192,0.234318,0.356694,0.080487,-1.036035,0.056696,1.558410,-1.872780,-1.374660,1.229886,-1.506240,0.467510,0.211476,-0.724839,0.337478,0.025690,0.001173,0.059172
32.267990,0.318318,1.016063,-1.662262,1.737549,0.560686,0.490510,0.362922,0.516626,-0.285045,0.322600,0.169605,0.235030,0.346384,0.080703,-1.035561,0.056911,1.557701,-1.872436,-1.374633,1.229886,-1.506182,0.468858,0.212855,-0.722714,0.338530,0.025018,0.000578,0.058460
32.269082,0.313860,1.019050,-1.663269,1.733255,0.562092,0.491092,0.364649,0.392883,-0.208286,0.195893,0.123675,0.236018,0.336536,0.080912,-1.035099,0.057122,1.556979,-1.872098,-1.374608,1.229885,-1.506128,0.467321,0.211296,-0.722624,0.340000,0.024210,-0.000041,0.057480
32.270066,0.318390,1.017542,-1.668679,1.731221,0.564754,0.491546,0.366291,0.276998,-0.136255,0.077096,0.078690,0.237380,0.327286,0.081086,-1.034624,0.057326,1.556253,-1.871748,-1.374579,1.229883,-1.506075,0.469423,0.209900,-0.722922,0.343564,0.025180,-0.000689,0.056122
32.270992,0.322779,1.017017,-1.675222,1.728088,0.567823,0.491515,0.366304,0.071758,-0.006349,-0.133512,-0.009131,0.241478,0.310830,0.081311,-1.033704,0.057748,1.554831,-1.871055,-1.374531,1.229884,-1.505961,0.463555,0.210323,-0.716475,0.345455,0.023590,-0.001246,0.056427
32.272027,0.324462,1.017995,-1.678664,1.727118,0.570193,0.492423,0.367493,0.071758,-0.006349,-0.133512,-0.009131,0.241478,0.310830,0.081311,-1.033704,0.057748,1.554831,-1.871055,-1.374531,1.229884,-1.505961,0.463555,0.210323,-0.716475,0.345455,0.023590,-0.001246,0.056427
32.273060,0.320957,1.022104,-1.679433,1.724774,0.572471,0.493996,0.369346,-0.015530,0.049641,-0.222997,-0.049603,0.243974,0.303771,0.081407,-1.033242,0.057957,1.554124,-1.870707,-1.374505,1.229881,-1.505907,0.462446,0.209732,-0.715310,0.345317,0.023488,-0.002219,0.056001
32.274044,0.317131,1.022465,-1.678186,1.719081,0.572953,0.494101,0.369575,-0.093638,0.100784,-0.303043,-0.086147,0.246518,0.297470,0.081503,-1.032778,0.058160,1.553406,-1.870360,-1.374479,1.229876,-1.505855,0.463894,0.207638,-0.715322,0.346591,0.023469,-0.003838,0.054261
32.275057,0.323663,1.023595,-1.683573,1.713480,0.574317,0.493377,0.371102,-0.229273,0.196348,-0.442844,-0.152834,0.251921,0.286781,0.081684,-1.031858,0.058569,1.551982,-1.869631,-1.374425,1.229871,-1.505745,0.461584,0.206654,-0.713538,0.354408,0.025942,-0.003302,0.054541
32.276028,0.322530,1.020045,-1.678122,1.710868,0.577927,0.491303,0.371627,-0.229273,0.196348,-0.442844,-0.152834,0.251921,0.286781,0.081684,-1.031858,0.058569,1.551982,-1.869631,-1.374425,1.229871,-1.505745,0.461584,0.206654,-0.713538,0.354408,0.025942,-0.003302,0.054541
32.277018,0.330173,1.019007,-1.676907,1.706851,0.581348,0.491776,0.372758,-0.282375,0.238089,-0.498540,-0.187082,0.255231,0.282719,0.081790,-1.031395,0.058783,1.551262,-1.869276,-1.374404,1.229873,-1.505686,0.461544,0.208158,-0.716126,0.355277,0.024455,-0.001297,0.055327
32.278197,0.336057,1.021259,-1.676349,1.704530,0.583120,0.489446,0.374165,-0.317457,0.269393,-0.536505,-0.220963,0.259041,0.280122,0.081936,-1.030941,0.058990,1.550550,-1.868912,-1.374384,1.229872,-1.505632,0.457255,0.208482,-0.716798,0.357512,0.023250,-0.001860,0.054931
32.279099,0.333225,1.018030,-1.675786,1.700369,0.584570,0.490206,0.374695,-0.319682,0.290736,-0.545065,-0.283536,0.268288,0.280441,0.082346,-1.030038,0.059407,1.549102,-1.868185,-1.374333,1.229873,-1.505520,0.455495,0.208833,-0.718100,0.361141,0.024593,-0.000440,0.055023
32.280031,0.330731,1.018548,-1.670604,1.698336,0.587181,0.489369,0.375792,-0.319682,0.290736,-0.545065,-0.283536,0.268288,0.280441,0.082346,-1.030038,0.059407,1.549102,-1.868185,-1.374333,1.229873,-1.505520,0.455495,0.208833,-0.718100,0.361141,0.024593,-0.000440,0.055023
32.281104,0.325843,1.021290,-1.671646,1.697155,0.590634,0.489329,0.377110,-0.295742,0.285811,-0.524316,-0.309696,0.273227,0.282592,0.082588,-1.029585,0.059616,1.548382,-1.867822,-1.374312,1.229873,-1.505466,0.456039,0.208220,-0.720199,0.360958,0.024029,0.000344,0.054576
32.281981,0.329329,1.018011,-1.663736,1.696776,0.591871,0.490022,0.377792,-0.265334,0.276579,-0.496802,-0.329532,0.277766,0.285258,0.082838,-1.029123,0.059823,1.547661,-1.867460,-1.374293,1.229875,-1.505414,0.458404,0.206863,-0.720344,0.360992,0.022985,0.000291,0.053998
32.283022,0.334678,1.014919,-1.663527,1.691379,0.595784,0.489467,0.379885,-0.190686,0.247300,-0.425979,-0.342764,0.284758,0.291866,0.083349,-1.028230,0.060246,1.546206,-1.866734,-1.374249,1.229869,-1.505309,0.452941,0.209477,-0.723652,0.362815,0.022057,0.000057,0.052070
32.284012,0.347078,1.012500,-1.664418,1.689000,0.596862,0.489947,0.379985,-0.190686,0.247300,-0.425979,-0.342764,0.284758,0.291866,0.083349,-1.028230,0.060246,1.546206,-1.866734,-1.374249,1.229869,-1.505309,0.452941,0.209477,-0.723652,0.362815,0.022057,0.000057,0.052070
32.285194,0.346297,1.007546,-1.661552,1.686914,0.598220,0.488817,0.380495,-0.135016,0.219008,-0.371339,-0.338681,0.287908,0.296710,0.083586,-1.027794,0.060458,1.545480,-1.866366,-1.374224,1.229868,-1.505250,0.446499,0.210440,-0.723114,0.363256,0.023155,-0.000496,0.053766
32.286165,0.342214,1.002906,-1.658544,1.681739,0.599993,0.488936,0.382100,-0.062639,0.178431,-0.299790,-0.330238,0.291240,0.302898,0.083826,-1.027342,0.060674,1.544756,-1.865994,-1.374195,1.229873,-1.505190,0.447519,0.213096,-0.726185,0.364711,0.024388,0.000539,0.055001
32.287064,0.341240,0.999821,-1.654740,1.676355,0.599754,0.488971,0.382393,0.113471,0.070501,-0.125726,-0.305605,0.297949,0.317456,0.084341,-1.026440,0.061113,1.543288,-1.865247,-1.374141,1.229873,-1.505082,0.448702,0.216048,-0.728242,0.370469,0.026864,0.000241,0.054727
32.288020,0.342307,0.996977,-1.660438,1.673973,0.602502,0.488310,0.383253,0.113471,0.070501,-0.125726,-0.305605,0.297949,0.317456,0.084341,-1.026440,0.061113,1.543288,-1.865247,-1.374141,1.229873,-1.505082,0.448702,0.216048,-0.728242,0.370469,0.026864,0.000241,0.054727
32.289061,0.343333,0.992404,-1.658830,1.672425,0.606376,0.486892,0.384276,0.202361,0.012807,-0.038015,-0.292824,0.300983,0.324583,0.084614,-1.025990,0.061332,1.542568,-1.864875,-1.374115,1.229875,-1.505027,0.447617,0.217064,-0.725043,0.370604,0.026152,0.000830,0.054801
32.289990,0.338183,0.989038,-1.652543,1.670093,0.608867,0.486796,0.385027,0.284321,-0.042812,0.043003,-0.279022,0.303393,0.331015,0.084914,-1.025548,0.061553,1.541834,-1.864508,-1.374094,1.229880,-1.504975,0.447083,0.219137,-0.726152,0.370631,0.024590,0.002154,0.054746
32.291132,0.334404,0.986670,-1.651575,1.670626,0.610497,0.486738,0.386852,0.358926,-0.096566,0.117040,-0.262705,0.305043,0.336695,0.085248,-1.025098,0.061776,1.541106,-1.864136,-1.374070,1.229882,-1.504921,0.448991,0.220306,-0.728665,0.370552,0.024128,0.002162,0.054998
32.291999,0.330583,0.980312,-1.650801,1.666985,0.612654,0.486948,0.387264,0.426073,-0.148522,0.184068,-0.242551,0.305883,0.341630,0.085621,-1.024646,0.062001,1.540370,-1.863775,-1.374044,1.229885,-1.504871,0.451257,0.221458,-0.730253,0.369338,0.025030,0.002120,0.053547
32.292982,0.328817,0.981084,-1.649402,1.667872,0.613765,0.486997,0.387589,0.483374,-0.197250,0.241774,-0.217871,0.305865,0.345633,0.086047,-1.024193,0.062226,1.539639,-1.863400,-1.374021,1.229884,-1.504815,0.452113,0.223963,-0.729394,0.370074,0.024734,0.001852,0.054352
32.294017,0.322092,0.978431,-1.645577,1.666035,0.616244,0.487268,0.388409,0.528824,-0.241299,0.288162,-0.188469,0.305018,0.348565,0.086541,-1.023745,0.062451,1.538915,-1.863034,-1.373991,1.229887,-1.504757,0.452600,0.223147,-0.729985,0.367265,0.025733,0.001721,0.055557
32.294970,0.329177,0.975338,-1.642900,1.663284,0.618562,0.487100,0.388429,0.561492,-0.279283,0.322267,-0.153958,0.303398,0.350431,0.087101,-1.023286,0.062680,1.538178,-1.862664,-1.373969,1.229888,-1.504698,0.455730,0.224145,-0.732083,0.367513,0.025540,0.001367,0.055861
32.296005,0.334302,0.969486,-1.644713,1.661578,0.622825,0.487600,0.389543,0.585057,-0.312695,0.347636,-0.115655,0.301374,0.351573,0.087683,-1.022838,0.062906,1.537448,-1.862295,-1.373942,1.229889,-1.504635,0.451573,0.225206,-0.732953,0.368078,0.025266,0.001471,0.057598
32.297069,0.337721,0.967273,-1.649594,1.658416,0.623177,0.488490,0.390677,0.608072,-0.346579,0.372638,-0.076041,0.299557,0.352663,0.088232,-1.022399,0.063140,1.536717,-1.861930,-1.373919,1.229887,-1.504577,0.449003,0.227752,-0.732270,0.368273,0.023267,0.000901,0.057306
32.297995,0.331365,0.964410,-1.649408,1.654515,0.623696,0.489248,0.391594,0.634515,-0.383247,0.401065,-0.037012,0.298278,0.353987,0.088710,-1.021951,0.063367,1.535984,-1.861557,-1.373891,1.229888,-1.504519,0.447328,0.228609,-0.730281,0.369950,0.025262,-0.000071,0.057061
32.299064,0.324892,0.964016,-1.648742,1.655709,0.624555,0.490504,0.393000,0.676740,-0.448978,0.446615,0.034907,0.296693,0.355605,0.089419,-1.021033,0.063828,1.534524,-1.860819,-1.373831,1.229883,-1.504407,0.452891,0.229340,-0.730599,0.368892,0.028130,-0.002201,0.056180
32.300078,0.326149,0.966613,-1.648332,1.653890,0.624455,0.490387,0.393198,0.676740,-0.448978,0.446615,0.034907,0.296693,0.355605,0.089419,-1.021033,0.063828,1.534524,-1.860819,-1.373831,1.229883,-1.504407,0.452891,0.229340,-0.730599,0.368892,0.028130,-0.002201,0.056180
32.301030,0.324918,0.962815,-1.646507,1.654595,0.627232,0.490720,0.392417,0.681548,-0.469627,0.453063,0.070372,0.295439,0.355163,0.089726,-1.020581,0.064052,1.533788,-1.860450,-1.373799,1.229880,-1.504346,0.451937,0.227712,-0.730802,0.368995,0.030385,-0.002119,0.057708
32.302125,0.331356,0.962113,-1.651383,1.652801,0.630771,0.490240,0.393251,0.676756,-0.482033,0.450262,0.107564,0.293497,0.354150,0.090088,-1.020134,0.064286,1.533067,-1.860086,-1.373773,1.229880,-1.504279,0.452026,0.229047,-0.731349,0.366183,0.029631,-0.002522,0.061033
32.303095,0.332606,0.959397,-1.650005,1.656792,0.634427,0.490849,0.394814,0.658518,-0.495233,0.437224,0.188461,0.287710,0.352136,0.091050,-1.019242,0.064747,1.531616,-1.859367,-1.373727,1.229875,-1.504155,0.447942,0.230035,-0.730176,0.361186,0.026987,-0.002771,0.060067
32.304038,0.332235,0.956061,-1.645283,1.653043,0.635967,0.490747,0.395163,0.658518,-0.495233,0.437224,0.188461,0.287710,0.352136,0.091050,-1.019242,0.064747,1.531616,-1.859367,-1.373727,1.229875,-1.504155,0.447942,0.230035,-0.730176,0.361186,0.026987,-0.002771,0.060067
32.305096,0.329106,0.954324,-1.638944,1.650331,0.639696,0.489360,0.396409,0.653723,-0.502042,0.435423,0.233521,0.283975,0.351838,0.091601,-1.018798,0.064982,1.530877,-1.859001,-1.373695,1.229872,-1.504089,0.447584,0.231089,-0.731899,0.362841,0.027444,-0.002709,0.061125
32.306110,0.339033,0.951171,-1.636548,1.651094,0.643797,0.488141,0.396210,0.669433,-0.525460,0.456380,0.321969,0.276833,0.353752,0.092726,-1.017903,0.065450,1.529395,-1.858283,-1.373648,1.229875,-1.503961,0.443916,0.232747,-0.736517,0.362037,0.024151,-0.000254,0.062912
32.306988,0.345464,0.949640,-1.635262,1.649031,0.647972,0.485807,0.395750,0.698103,-0.546872,0.487193,0.362018,0.274259,0.356511,0.093293,-1.017471,0.065687,1.528655,-1.857928,-1.373630,1.229881,-1.503890,0.439977,0.232711,-0.735915,0.361748,0.021934,0.001992,0.065410
32.308055,0.345527,0.945572,-1.633217,1.650344,0.649705,0.486184,0.397041,0.698103,-0.546872,0.487193,0.362018,0.274259,0.356511,0.093293,-1.017471,0.065687,1.528655,-1.857928,-1.373630,1.229881,-1.503890,0.439977,0.232711,-0.735915,0.361748,0.021934,0.001992,0.065410
32.308990,0.339639,0.947881,-1.631980,1.646188,0.650860,0.487089,0.396687,0.741473,-0.575609,0.532544,0.399984,0.272448,0.360454,0.093858,-1.017027,0.065924,1.527918,-1.857571,-1.373606,1.229881,-1.503826,0.440075,0.234408,-0.737413,0.359326,0.022577,0.001513,0.064799
32.309994,0.333114,0.944087,-1.630814,1.645755,0.652336,0.487899,0.398015,0.791685,-0.606670,0.584572,0.435880,0.271219,0.364894,0.094395,-1.016585,0.066152,1.527179,-1.857209,-1.373580,1.229881,-1.503751,0.442472,0.232658,-0.737289,0.361399,0.023434,0.000540,0.067214
32.311081,0.327018,0.945251,-1.638425,1.643606,0.653322,0.490217,0.399357,0.837687,-0.632616,0.632155,0.468554,0.270388,0.368928,0.094876,-1.016133,0.066387,1.526435,-1.856848,-1.373557,1.229878,-1.503689,0.445414,0.234110,-0.737700,0.360179,0.024177,-0.000320,0.066401
32.312092,0.328920,0.943033,-1.633800,1.642201,0.654813,0.489072,0.399418,0.869403,-0.647261,0.665250,0.497556,0.269680,0.371757,0.095281,-1.015682,0.066619,1.525709,-1.856481,-1.373531,1.229869,-1.503624,0.448564,0.233257,-0.734606,0.361139,0.025577,-0.002677,0.065757
32.313045,0.332202,0.935888,-1.634305,1.639928,0.658696,0.487481,0.399736,0.883366,-0.648857,0.680478,0.522768,0.268971,0.373178,0.095619,-1.015237,0.066855,1.524964,-1.856122,-1.373505,1.229870,-1.503553,0.447358,0.233911,-0.736831,0.361018,0.026277,-0.001571,0.067513
32.314006,0.335795,0.932751,-1.629580,1.636964,0.660014,0.486855,0.399085,0.887430,-0.643371,0.685713,0.544063,0.268503,0.373842,0.095934,-1.014795,0.067096,1.524224,-1.855762,-1.373482,1.229871,-1.503482,0.445237,0.236833,-0.735986,0.361322,0.024461,-0.000050,0.068604
32.315050,0.342834,0.928098,-1.631073,1.632790,0.662429,0.485447,0.398773,0.892608,-0.639209,0.691886,0.561507,0.268599,0.374577,0.096268,-1.014362,0.067339,1.523491,-1.855400,-1.373459,1.229873,-1.503403,0.443114,0.237711,-0.737945,0.362352,0.025275,0.000486,0.071643
32.316037,0.334695,0.926536,-1.629850,1.633233,0.663842,0.486181,0.399201,0.905881,-0.641321,0.705748,0.574156,0.269567,0.375908,0.096632,-1.013929,0.067581,1.522750,-1.855029,-1.373436,1.229879,-1.503324,0.439685,0.239581,-0.737371,0.364940,0.025153,0.001796,0.074154
32.317017,0.341027,0.926162,-1.632023,1.632027,0.665034,0.485663,0.398886,0.926368,-0.649455,0.726320,0.582372,0.271283,0.377758,0.097025,-1.013478,0.067822,1.522017,-1.854667,-1.373408,1.229879,-1.503248,0.443418,0.239754,-0.737795,0.362683,0.025869,0.000970,0.075067
32.318045,0.348708,0.924296,-1.633007,1.628440,0.667500,0.485357,0.398887,0.946896,-0.659470,0.746680,0.589212,0.273094,0.379600,0.097451,-1.013047,0.068062,1.521278,-1.854308,-1.373381,1.229883,-1.503162,0.439979,0.239342,-0.736359,0.362150,0.026793,0.001407,0.077437
32.319008,0.355463,0.927525,-1.635263,1.628658,0.670040,0.484534,0.400092,0.986258,-0.682975,0.785610,0.601630,0.276448,0.383257,0.098300,-1.012195,0.068533,1.519809,-1.853576,-1.373331,1.229892,-1.503001,0.432635,0.237629,-0.734451,0.361908,0.026113,0.002349,0.078565
32.320042,0.351572,0.925070,-1.639924,1.622499,0.672176,0.485180,0.400061,0.986258,-0.682975,0.785610,0.601630,0.276448,0.383257,0.098300,-1.012195,0.068533,1.519809,-1.853576,-1.373331,1.229892,-1.503001,0.432635,0.237629,-0.734451,0.361908,0.026113,0.002349,0.078565
32.321038,0.350758,0.921786,-1.636140,1.622887,0.673134,0.486546,0.399702,1.004198,-0.694691,0.803277,0.606061,0.278056,0.384957,0.098655,-1.011756,0.068771,1.519077,-1.853202,-1.373302,1.229892,-1.502916,0.434607,0.238441,-0.732336,0.366410,0.026209,0.001614,0.080501
32.321981,0.348425,0.923881,-1.642572,1.618303,0.673893,0.487764,0.399853,1.014809,-0.702515,0.813412,0.608577,0.279463,0.385963,0.098976,-1.011315,0.069013,1.518348,-1.852839,-1.373272,1.229890,-1.502829,0.434762,0.239503,-0.734196,0.364211,0.027382,0.000185,0.082982
32.322980,0.352580,0.926224,-1.640707,1.612524,0.675643,0.487811,0.399943,1.004128,-0.700884,0.801137,0.608963,0.281098,0.385194,0.099703,-1.010448,0.069483,1.516886,-1.852093,-1.373212,1.229885,-1.502654,0.433272,0.236148,-0.731278,0.370347,0.028982,-0.001174,0.085902
32.324075,0.350628,0.923299,-1.644281,1.610895,0.678302,0.487046,0.399693,1.004128,-0.700884,0.801137,0.608963,0.281098,0.385194,0.099703,-1.010448,0.069483,1.516886,-1.852093,-1.373212,1.229885,-1.502654,0.433272,0.236148,-0.731278,0.370347,0.028982,-0.001174,0.085902
32.325051,0.353608,0.922032,-1.644678,1.605340,0.682652,0.485828,0.399629,0.982379,-0.689365,0.778081,0.603197,0.281710,0.383554,0.100137,-1.010007,0.069722,1.516164,-1.851720,-1.373181,1.229887,-1.502561,0.434541,0.237327,-0.730342,0.370670,0.028664,-0.000487,0.088355
32.325990,0.354801,0.917904,-1.647893,1.604453,0.684326,0.484110,0.399431,0.953656,-0.673686,0.747694,0.592833,0.282403,0.381365,0.100625,-1.009581,0.069960,1.515435,-1.851342,-1.373159,1.229889,-1.502464,0.432855,0.237369,-0.729902,0.374023,0.026455,0.000653,0.090153
32.327232,0.354923,0.922804,-1.660598,1.600002,0.684953,0.483131,0.400929,0.880623,-0.636428,0.670744,0.562842,0.283868,0.375452,0.101650,-1.008716,0.070432,1.513999,-1.850592,-1.373096,1.229897,-1.502280,0.432916,0.236386,-0.723670,0.376654,0.028864,0.003146,0.091403
32.328056,0.346592,0.920396,-1.657555,1.597053,0.686982,0.483498,0.400079,0.880623,-0.636428,0.670744,0.562842,0.283868,0.375452,0.101650,-1.008716,0.070432,1.513999,-1.850592,-1.373096,1.229897,-1.502280,0.432916,0.236386,-0.723670,0.376654,0.028864,0.003146,0.091403
32.328979,0.339718,0.921536,-1.661961,1.592927,0.689677,0.484203,0.400226,0.827115,-0.608586,0.615151,0.544601,0.284262,0.370934,0.102101,-1.008273,0.070668,1.513269,-1.850214,-1.373070,1.229898,-1.502180,0.435954,0.236704,-0.723649,0.376256,0.028558,0.002701,0.094485
32.329972,0.343035,0.924755,-1.660259,1.591803,0.690865,0.483367,0.399566,0.756114,-0.570071,0.542100,0.525096,0.284185,0.364902,0.102502,-1.007833,0.070902,1.512561,-1.849830,-1.373040,1.229898,-1.502082,0.438799,0.235464,-0.720960,0.377654,0.027804,0.001928,0.095734
32.330967,0.339188,0.924573,-1.662327,1.586709,0.693484,0.484551,0.399944,0.574160,-0.467210,0.356866,0.487542,0.282748,0.349566,0.103244,-1.006956,0.071365,1.511117,-1.849064,-1.372981,1.229902,-1.501871,0.438612,0.233039,-0.720790,0.379435,0.028238,0.001415,0.099656
32.332068,0.346162,0.927694,-1.663855,1.585530,0.695581,0.485389,0.399601,0.574160,-0.467210,0.356866,0.487542,0.282748,0.349566,0.103244,-1.006956,0.071365,1.511117,-1.849064,-1.372981,1.229902,-1.501871,0.438612,0.233039,-0.720790,0.379435,0.028238,0.001415,0.099656
32.333018,0.345988,0.924042,-1.671298,1.576086,0.696544,0.486197,0.399213,0.477191,-0.410452,0.258691,0.469237,0.282026,0.341492,0.103593,-1.006530,0.071592,1.510407,-1.848681,-1.372948,1.229900,-1.501765,0.435548,0.231304,-0.721105,0.379096,0.028499,0.000516,0.102263
32.334019,0.342227,0.925705,-1.674035,1.570314,0.697053,0.488028,0.399692,0.383713,-0.354230,0.164029,0.449008,0.281852,0.333752,0.103902,-1.006095,0.071825,1.509695,-1.848284,-1.372919,1.229898,-1.501653,0.435254,0.232577,-0.717067,0.385751,0.029558,-0.000344,0.104600
32.335072,0.339262,0.925897,-1.682128,1.563239,0.698422,0.487867,0.399909,0.293357,-0.297779,0.072087,0.423395,0.282591,0.326251,0.104123,-1.005650,0.072054,1.508988,-1.847886,-1.372885,1.229895,-1.501546,0.436887,0.231306,-0.715966,0.388944,0.031146,-0.002236,0.105314
32.335972,0.334910,0.924701,-1.681343,1.559483,0.700567,0.486323,0.400185,0.201233,-0.237396,-0.022273,0.390258,0.284270,0.318575,0.104220,-1.005211,0.072287,1.508279,-1.847486,-1.372849,1.229895,-1.501435,0.438455,0.230885,-0.712554,0.393834,0.031970,-0.002134,0.106671
32.337041,0.340102,0.928367,-1.679507,1.553416,0.703930,0.485322,0.400686,0.104372,-0.171338,-0.121885,0.350434,0.286610,0.310480,0.104204,-1.004765,0.072516,1.507562,-1.847091,-1.372816,1.229898,-1.501328,0.439839,0.230841,-0.712222,0.394368,0.031679,-0.000655,0.107590
32.338072,0.352737,0.929590,-1.685657,1.551633,0.705994,0.483915,0.400322,-0.080092,-0.037980,-0.312357,0.258289,0.292969,0.295042,0.104033,-1.003911,0.072964,1.506143,-1.846290,-1.372760,1.229903,-1.501101,0.431242,0.227905,-0.711299,0.397683,0.030795,0.001574,0.110863
32.339075,0.346694,0.930193,-1.687425,1.547808,0.709783,0.484502,0.400522,-0.153279,0.020152,-0.388486,0.210056,0.296985,0.288966,0.103967,-1.003465,0.073191,1.505444,-1.845889,-1.372732,1.229901,-1.500985,0.434095,0.227224,-0.710788,0.398945,0.029145,0.000909,0.112112
32.340038,0.337762,0.929513,-1.685196,1.546026,0.712087,0.485345,0.400402,-0.153279,0.020152,-0.388486,0.210056,0.296985,0.288966,0.103967,-1.003465,0.073191,1.505444,-1.845889,-1.372732,1.229901,-1.500985,0.434095,0.227224,-0.710788,0.398945,0.029145,0.000909,0.112112
32.340995,0.336286,0.928188,-1.682856,1.540294,0.714534,0.486241,0.400838,-0.218145,0.074414,-0.456127,0.164353,0.300952,0.283610,0.103957,-1.003022,0.073420,1.504726,-1.845497,-1.372705,1.229899,-1.500869,0.438148,0.227067,-0.711689,0.398040,0.028927,0.000008,0.113932
32.341975,0.341257,0.928143,-1.685441,1.538155,0.716714,0.486101,0.400277,-0.279209,0.126955,-0.519732,0.122875,0.304555,0.278592,0.104002,-1.002582,0.073646,1.504006,-1.845089,-1.372675,1.229896,-1.500751,0.438422,0.227252,-0.712555,0.400735,0.028512,-0.000938,0.114600
32.343057,0.346101,0.926470,-1.684497,1.531810,0.719320,0.485597,0.401873,-0.376530,0.217635,-0.621163,0.051670,0.311533,0.270765,0.104163,-1.001724,0.074101,1.502582,-1.844281,-1.372619,1.229896,-1.500515,0.433648,0.227460,-0.712604,0.404284,0.028180,-0.000419,0.115925
32.344033,0.349116,0.926808,-1.673091,1.527104,0.721098,0.485702,0.402373,-0.376530,0.217635,-0.621163,0.051670,0.311533,0.270765,0.104163,-1.001724,0.074101,1.502582,-1.844281,-1.372619,1.229896,-1.500515,0.433648,0.227460,-0.712604,0.404284,0.028180,-0.000419,0.115925
32.344928,0.347393,0.925219,-1.669995,1.519327,0.721983,0.485710,0.402184,-0.399704,0.248133,-0.646233,0.018903,0.315861,0.269018,0.104200,-1.001296,0.074325,1.501850,-1.843872,-1.372591,1.229893,-1.500396,0.431954,0.226868,-0.718069,0.405989,0.028500,-0.000583,0.116534
32.346156,0.350453,0.924061,-1.674562,1.515586,0.724068,0.486343,0.403603,-0.398949,0.265212,-0.647664,-0.014424,0.321331,0.269245,0.104174,-1.000869,0.074554,1.501135,-1.843456,-1.372560,1.229894,-1.500272,0.432249,0.227014,-0.718788,0.410093,0.029485,-0.000662,0.118325
32.347046,0.349852,0.920901,-1.673759,1.511566,0.726255,0.486189,0.404209,-0.346835,0.271847,-0.600845,-0.083864,0.334984,0.273697,0.103969,-1.000016,0.075011,1.499705,-1.842620,-1.372501,1.229895,-1.500036,0.431520,0.228640,-0.718182,0.412584,0.029758,-0.001287,0.117794
32.348102,0.346067,0.919509,-1.670057,1.507618,0.728525,0.487105,0.405234,-0.346835,0.271847,-0.600845,-0.083864,0.334984,0.273697,0.103969,-1.000016,0.075011,1.499705,-1.842620,-1.372501,1.229895,-1.500036,0.431520,0.228640,-0.718182,0.412584,0.029758,-0.001287,0.117794
32.349019,0.351227,0.916056,-1.670758,1.504239,0.731357,0.485873,0.405433,-0.308251,0.267497,-0.565032,-0.116203,0.342141,0.276847,0.103860,-0.999579,0.075243,1.498980,-1.842205,-1.372469,1.229890,-1.499918,0.433551,0.228999,-0.720552,0.413989,0.029736,-0.002262,0.117501
32.350002,0.360154,0.914487,-1.670674,1.501677,0.735906,0.485295,0.405814,-0.265397,0.259455,-0.524763,-0.144223,0.348942,0.280329,0.103788,-0.999152,0.075472,1.498253,-1.841789,-1.372442,1.229890,-1.499798,0.430442,0.230125,-0.719434,0.413786,0.028853,-0.001068,0.118575
32.351054,0.368081,0.912267,-1.666380,1.495837,0.737314,0.484875,0.406472,-0.216377,0.245847,-0.477907,-0.166444,0.355216,0.284349,0.103764,-0.998739,0.075705,1.497539,-1.841369,-1.372420,1.229889,-1.499675,0.426001,0.230408,-0.719485,0.413170,0.026464,-0.000564,0.119398
32.351986,0.359098,0.912302,-1.663068,1.493561,0.739297,0.484477,0.406560,-0.155847,0.223283,-0.419162,-0.182965,0.361140,0.289386,0.103780,-0.998321,0.075935,1.496808,-1.840949,-1.372391,1.229890,-1.499554,0.422363,0.231217,-0.722044,0.416328,0.027352,-0.000223,0.119820
32.353104,0.367653,0.907531,-1.656756,1.489420,0.741181,0.485301,0.407423,-0.084062,0.192401,-0.349026,-0.194740,0.366809,0.295432,0.103834,-0.997883,0.076165,1.496086,-1.840534,-1.372363,1.229890,-1.499430,0.426402,0.230598,-0.723138,0.415124,0.027343,0.000110,0.121126
32.354046,0.369731,0.904226,-1.658213,1.485955,0.743073,0.483916,0.407909,-0.005490,0.155895,-0.272001,-0.201369,0.372022,0.302118,0.103939,-0.997470,0.076402,1.495351,-1.840113,-1.372334,1.229888,-1.499306,0.422762,0.232775,-0.727247,0.417035,0.027896,-0.000795,0.121260
32.355035,0.380029,0.901596,-1.647605,1.478208,0.746755,0.483393,0.407634,0.080374,0.112752,-0.187501,-0.202740,0.376791,0.309461,0.104093,-0.997049,0.076636,1.494620,-1.839692,-1.372304,1.229892,-1.499186,0.421475,0.233802,-0.725893,0.416985,0.027987,0.000528,0.121804
32.356007,0.382007,0.899817,-1.646173,1.474119,0.747688,0.482419,0.408504,0.176349,0.061195,-0.092794,-0.200709,0.381456,0.317642,0.104268,-0.996645,0.076874,1.493887,-1.839257,-1.372280,1.229893,-1.499058,0.416454,0.234567,-0.731087,0.421273,0.026459,0.000963,0.123950
32.356976,0.386436,0.895586,-1.641117,1.468265,0.748780,0.483763,0.409373,0.284708,0.000684,0.014114,-0.197973,0.386447,0.326806,0.104434,-0.996229,0.077111,1.493151,-1.838836,-1.372251,1.229896,-1.498933,0.415442,0.234873,-0.731383,0.422038,0.027627,0.001856,0.123746
32.358077,0.382525,0.890646,-1.644525,1.466847,0.752047,0.484774,0.411211,0.403168,-0.066937,0.130813,-0.195375,0.391817,0.336725,0.104568,-0.995815,0.077350,1.492422,-1.838406,-1.372220,1.229893,-1.498813,0.413165,0.236395,-0.733620,0.424366,0.028576,0.000440,0.123574
32.358993,0.377969,0.894526,-1.639887,1.460364,0.752702,0.485330,0.412170,0.637289,-0.204599,0.361131,-0.185277,0.402065,0.356067,0.104695,-0.994969,0.077821,1.490943,-1.837556,-1.372161,1.229891,-1.498577,0.417517,0.235942,-0.734060,0.426009,0.028973,-0.001246,0.121303
32.360040,0.374337,0.892015,-1.643994,1.458473,0.753759,0.485974,0.412239,0.637289,-0.204599,0.361131,-0.185277,0.402065,0.356067,0.104695,-0.994969,0.077821,1.490943,-1.837556,-1.372161,1.229891,-1.498577,0.417517,0.235942,-0.734060,0.426009,0.028973,-0.001246,0.121303
32.361036,0.375504,0.883481,-1.637805,1.455431,0.753243,0.485039,0.412183,0.731121,-0.259806,0.453310,-0.176440,0.406088,0.363896,0.104731,-0.994543,0.078060,1.490217,-1.837129,-1.372128,1.229886,-1.498451,0.419525,0.236794,-0.732373,0.424952,0.030131,-0.001937,0.122897
32.361966,0.380479,0.879374,-1.634696,1.452711,0.757268,0.483339,0.412848,0.804656,-0.303302,0.525685,-0.163606,0.409005,0.370200,0.104829,-0.994125,0.078310,1.489475,-1.836707,-1.372092,1.229886,-1.498321,0.418962,0.240420,-0.735292,0.424869,0.032717,-0.001051,0.124598
32.362966,0.381076,0.875349,-1.632851,1.446481,0.757577,0.482648,0.413969,0.926231,-0.383586,0.646846,-0.121759,0.412063,0.380895,0.105312,-0.993294,0.078800,1.487999,-1.835855,-1.372029,1.229888,-1.498073,0.415997,0.243081,-0.736845,0.426913,0.032440,0.001185,0.124092
32.364105,0.374432,0.875307,-1.627999,1.444782,0.759527,0.482826,0.413993,0.926231,-0.383586,0.646846,-0.121759,0.412063,0.380895,0.105312,-0.993294,0.078800,1.487999,-1.835855,-1.372029,1.229888,-1.498073,0.415997,0.243081,-0.736845,0.426913,0.032440,0.001185,0.124092
32.365007,0.374796,0.872660,-1.626892,1.440545,0.761076,0.482652,0.414405,1.029344,-0.460781,0.750494,-0.069068,0.412875,0.390277,0.106063,-0.992442,0.079289,1.486519,-1.835001,-1.371962,1.229893,-1.497812,0.419261,0.243316,-0.739826,0.426630,0.033216,0.001005,0.126508
32.366020,0.375406,0.870191,-1.622065,1.439284,0.764412,0.481264,0.414333,1.029344,-0.460781,0.750494,-0.069068,0.412875,0.390277,0.106063,-0.992442,0.079289,1.486519,-1.835001,-1.371962,1.229893,-1.497812,0.419261,0.243316,-0.739826,0.426630,0.033216,0.001005,0.126508
32.367247,0.385475,0.867935,-1.625884,1.439883,0.767913,0.480634,0.416214,1.068856,-0.493350,0.790509,-0.039816,0.412272,0.394128,0.106496,-0.992024,0.079535,1.485772,-1.834583,-1.371934,1.229898,-1.497678,0.419075,0.243957,-0.742131,0.424957,0.032054,0.002306,0.128271
32.368002,0.377824,0.864582,-1.617182,1.436467,0.768530,0.480977,0.415970,1.104528,-0.524942,0.827056,-0.007420,0.411005,0.397701,0.106930,-0.991612,0.079780,1.485024,-1.834165,-1.371903,1.229901,-1.497556,0.415290,0.245018,-0.741910,0.422921,0.031226,0.002824,0.126582
32.369042,0.378142,0.864607,-1.629327,1.436277,0.770179,0.482438,0.416035,1.139320,-0.557801,0.863155,0.029121,0.409117,0.401149,0.107362,-0.991192,0.080026,1.484285,-1.833745,-1.371869,1.229901,-1.497426,0.417962,0.245493,-0.743983,0.421538,0.032122,0.002419,0.128179
32.370074,0.369530,0.862576,-1.635303,1.434379,0.771961,0.483533,0.415498,1.167073,-0.587756,0.892667,0.070084,0.406417,0.403924,0.107818,-0.990772,0.080267,1.483552,-1.833335,-1.371836,1.229901,-1.497294,0.418016,0.245008,-0.738101,0.419179,0.032667,0.000874,0.129720
32.370971,0.362247,0.863093,-1.638221,1.427307,0.772884,0.485328,0.415347,1.175170,-0.606209,0.902997,0.115024,0.402544,0.405004,0.108313,-0.990336,0.080512,1.482829,-1.832921,-1.371802,1.229895,-1.497154,0.422366,0.245493,-0.735449,0.418376,0.033046,-0.000253,0.132428
32.372098,0.359626,0.865511,-1.638455,1.427919,0.776061,0.483238,0.416123,1.154593,-0.606292,0.884895,0.160853,0.397534,0.403688,0.108824,-0.989907,0.080755,1.482096,-1.832500,-1.371765,1.229888,-1.497016,0.425398,0.244394,-0.733014,0.421679,0.033943,-0.002077,0.134065
32.373008,0.357490,0.861632,-1.631721,1.425416,0.777803,0.482543,0.416582,1.105239,-0.586435,0.837962,0.203811,0.391798,0.400066,0.109299,-0.989472,0.080994,1.481355,-1.832089,-1.371735,1.229890,-1.496880,0.427193,0.242952,-0.733851,0.419050,0.033193,-0.000040,0.134341
32.374046,0.366981,0.861617,-1.639557,1.424800,0.780191,0.481845,0.416393,1.036593,-0.552723,0.771746,0.243915,0.385639,0.394993,0.109719,-0.989049,0.081239,1.480620,-1.831671,-1.371701,1.229892,-1.496744,0.427782,0.244093,-0.736344,0.417919,0.033322,0.000570,0.134802
32.375070,0.363381,0.856081,-1.637869,1.422200,0.782645,0.481336,0.417843,0.961695,-0.514617,0.699465,0.282500,0.379323,0.389539,0.110091,-0.988634,0.081483,1.479894,-1.831266,-1.371667,1.229895,-1.496600,0.423271,0.243584,-0.732698,0.416069,0.033121,0.001177,0.136816
32.375982,0.358101,0.854477,-1.639092,1.417354,0.786379,0.480855,0.418342,0.888592,-0.478100,0.629126,0.319569,0.373101,0.384301,0.110420,-0.988204,0.081731,1.479155,-1.830851,-1.371637,1.229899,-1.496466,0.425175,0.245782,-0.733643,0.415920,0.032857,0.001584,0.135516
32.377025,0.356234,0.853647,-1.634425,1.416111,0.787528,0.480679,0.418433,0.818223,-0.444199,0.561406,0.353862,0.367162,0.379213,0.110718,-0.987778,0.081974,1.478432,-1.830437,-1.371610,1.229902,-1.496327,0.427329,0.245775,-0.732273,0.417218,0.031057,0.001986,0.135909
32.378050,0.364983,0.850181,-1.641683,1.412695,0.789568,0.480680,0.417488,0.749273,-0.411853,0.494807,0.384125,0.361681,0.374079,0.111026,-0.987349,0.082218,1.477694,-1.830023,-1.371574,1.229905,-1.496187,0.428398,0.245698,-0.734871,0.415819,0.032112,0.002069,0.137385
32.378986,0.367062,0.854666,-1.642766,1.408195,0.790832,0.482001,0.416552,0.626317,-0.357641,0.375768,0.432335,0.352902,0.364598,0.111795,-0.986519,0.082705,1.476241,-1.829188,-1.371507,1.229907,-1.495885,0.422946,0.243883,-0.730309,0.417457,0.032900,0.000586,0.144102
32.380020,0.367680,0.852652,-1.644661,1.405354,0.794439,0.481707,0.416168,0.626317,-0.357641,0.375768,0.432335,0.352902,0.364598,0.111795,-0.986519,0.082705,1.476241,-1.829188,-1.371507,1.229907,-1.495885,0.422946,0.243883,-0.730309,0.417457,0.032900,0.000586,0.144102
32.380984,0.360187,0.854579,-1.643304,1.404146,0.792762,0.482492,0.417832,0.573275,-0.334348,0.324041,0.448502,0.350018,0.360429,0.112205,-0.986095,0.082947,1.475503,-1.828771,-1.371478,1.229907,-1.495732,0.422797,0.244433,-0.729524,0.417532,0.031497,0.000824,0.146441
32.382031,0.367362,0.855912,-1.648748,1.401469,0.794707,0.484326,0.416764,0.521496,-0.310441,0.273151,0.460661,0.347899,0.356300,0.112566,-0.985667,0.083188,1.474778,-1.828356,-1.371436,1.229904,-1.495589,0.426339,0.242814,-0.729901,0.415521,0.035143,-0.000025,0.144534
32.382961,0.368301,0.854552,-1.649256,1.398810,0.795831,0.484904,0.417274,0.467653,-0.284326,0.220058,0.471499,0.346073,0.351987,0.112859,-0.985248,0.083427,1.474055,-1.827946,-1.371401,1.229900,-1.495430,0.422962,0.241717,-0.727598,0.415714,0.035364,-0.001915,0.148305
32.384048,0.372154,0.857483,-1.644883,1.396069,0.798671,0.484336,0.418226,0.413214,-0.256974,0.166331,0.481851,0.344395,0.347710,0.113101,-0.984824,0.083669,1.473336,-1.827535,-1.371365,1.229896,-1.495283,0.422144,0.241681,-0.726837,0.415008,0.036143,-0.002521,0.148631
32.385037,0.374015,0.851498,-1.642411,1.393598,0.800818,0.483080,0.417370,0.363204,-0.231564,0.116892,0.491554,0.342951,0.343931,0.113311,-0.984410,0.083910,1.472602,-1.827123,-1.371330,1.229896,-1.495133,0.420750,0.239836,-0.729710,0.415491,0.035584,-0.002022,0.148420
32.385984,0.390737,0.850857,-1.646378,1.388885,0.803731,0.482217,0.416551,0.323564,-0.212259,0.077620,0.500623,0.341857,0.341116,0.113518,-0.983990,0.084156,1.471865,-1.826708,-1.371297,1.229896,-1.494977,0.419808,0.242230,-0.730703,0.414938,0.035515,-0.000828,0.151636
32.387066,0.391803,0.847688,-1.651177,1.384238,0.804626,0.481858,0.415997,0.295510,-0.207334,0.049543,0.514383,0.341371,0.339665,0.114049,-0.983183,0.084645,1.470424,-1.825870,-1.371222,1.229899,-1.494649,0.411528,0.242985,-0.726669,0.418427,0.035900,0.000229,0.157359
32.388131,0.389002,0.847343,-1.650693,1.380445,0.809628,0.480345,0.416048,0.295510,-0.207334,0.049543,0.514383,0.341371,0.339665,0.114049,-0.983183,0.084645,1.470424,-1.825870,-1.371222,1.229899,-1.494649,0.411528,0.242985,-0.726669,0.418427,0.035900,0.000229,0.157359
32.388983,0.387488,0.845704,-1.651277,1.376374,0.810634,0.481717,0.415216,0.301799,-0.217844,0.055005,0.515892,0.342016,0.340425,0.114344,-0.982762,0.084885,1.469702,-1.825450,-1.371194,1.229903,-1.494489,0.413302,0.242746,-0.727559,0.419595,0.033166,0.001654,0.158856
32.390060,0.402059,0.843453,-1.655103,1.373330,0.814685,0.481053,0.414656,0.310333,-0.229468,0.062166,0.513654,0.342857,0.341172,0.114624,-0.982352,0.085132,1.468976,-1.825034,-1.371156,1.229901,-1.494318,0.413442,0.242591,-0.725941,0.419655,0.033886,0.000207,0.161649
32.391095,0.405425,0.845581,-1.652734,1.370508,0.817777,0.482475,0.414839,0.319658,-0.241333,0.069877,0.508797,0.343754,0.341835,0.114881,-0.981953,0.085372,1.468251,-1.824614,-1.371128,1.229904,-1.494149,0.406764,0.243353,-0.724711,0.420158,0.032150,0.000797,0.164373
32.391961,0.403778,0.846856,-1.653422,1.365363,0.823104,0.482220,0.416226,0.335269,-0.256786,0.083763,0.501976,0.344910,0.342933,0.115102,-0.981552,0.085614,1.467525,-1.824192,-1.371098,1.229900,-1.493980,0.405563,0.241784,-0.726230,0.420113,0.031280,-0.000694,0.165502
32.393045,0.401854,0.847828,-1.653090,1.363762,0.822813,0.482019,0.415297,0.356900,-0.274665,0.103511,0.493227,0.346459,0.344522,0.115263,-0.981142,0.085855,1.466799,-1.823772,-1.371075,1.229901,-1.493817,0.405882,0.240271,-0.724690,0.421244,0.027803,-0.000488,0.163881
32.393972,0.404451,0.846463,-1.656775,1.358746,0.823862,0.482290,0.415755,0.390514,-0.298615,0.133352,0.473111,0.350027,0.347030,0.115378,-0.980327,0.086330,1.465355,-1.822919,-1.371006,1.229899,-1.493477,0.405944,0.239475,-0.723193,0.421482,0.031292,-0.000691,0.167737
32.395078,0.402048,0.839736,-1.654206,1.353659,0.826965,0.482443,0.416540,0.398300,-0.303524,0.139438,0.462958,0.351903,0.347548,0.115331,-0.979915,0.086574,1.464624,-1.822492,-1.370979,1.229896,-1.493308,0.407843,0.242515,-0.725387,0.424098,0.030593,-0.000906,0.167830
32.396121,0.399812,0.839766,-1.662390,1.346382,0.826496,0.481431,0.416906,0.398300,-0.303524,0.139438,0.462958,0.351903,0.347548,0.115331,-0.979915,0.086574,1.464624,-1.822492,-1.370979,1.229896,-1.493308,0.407843,0.242515,-0.725387,0.424098,0.030593,-0.000906,0.167830
32.397038,0.399867,0.830438,-1.658028,1.341085,0.829112,0.478894,0.417582,0.400580,-0.305023,0.139913,0.450505,0.354102,0.347480,0.115195,-0.979499,0.086817,1.463912,-1.822053,-1.370941,1.229898,-1.493139,0.409260,0.241991,-0.721770,0.428158,0.033247,0.000037,0.168633
32.397993,0.408064,0.829911,-1.659327,1.335608,0.831511,0.478883,0.418316,0.395948,-0.302663,0.133310,0.434155,0.356696,0.346601,0.114981,-0.979099,0.087071,1.463180,-1.821621,-1.370912,1.229904,-1.492968,0.409059,0.245788,-0.723210,0.429488,0.032537,0.002485,0.168531
32.399047,0.405387,0.829171,-1.660402,1.330532,0.832288,0.478517,0.418644,0.386279,-0.301316,0.119548,0.391307,0.363245,0.343962,0.114422,-0.978293,0.087559,1.461734,-1.820739,-1.370841,1.229909,-1.492629,0.406839,0.245210,-0.722151,0.432959,0.033556,0.002673,0.169308
32.400068,0.402397,0.828030,-1.657040,1.324920,0.838356,0.478691,0.420399,0.386279,-0.301316,0.119548,0.391307,0.363245,0.343962,0.114422,-0.978293,0.087559,1.461734,-1.820739,-1.370841,1.229909,-1.492629,0.406839,0.245210,-0.722151,0.432959,0.033556,0.002673,0.169308
32.401141,0.392044,0.828177,-1.661428,1.320281,0.838495,0.478808,0.420114,0.383076,-0.302051,0.114166,0.365155,0.367016,0.342506,0.114112,-0.977879,0.087803,1.461005,-1.820295,-1.370819,1.229911,-1.492465,0.408544,0.245238,-0.724003,0.435082,0.029701,0.002407,0.167276
32.402233,0.400409,0.825391,-1.660038,1.317327,0.842836,0.479284,0.419983,0.373907,-0.298368,0.102743,0.335914,0.370758,0.340427,0.113791,-0.977454,0.088047,1.460291,-1.819856,-1.370784,1.229914,-1.492293,0.414097,0.244735,-0.722545,0.436692,0.031876,0.002202,0.169468
32.403033,0.401274,0.823754,-1.659134,1.308485,0.845539,0.478800,0.421139,0.334568,-0.276370,0.059362,0.271555,0.377598,0.334261,0.113176,-0.976646,0.088542,1.458840,-1.818976,-1.370733,1.229917,-1.491948,0.409314,0.245422,-0.722765,0.440645,0.028897,0.002066,0.170008
32.404127,0.402472,0.823409,-1.658105,1.303458,0.850924,0.479288,0.420309,0.334568,-0.276370,0.059362,0.271555,0.377598,0.334261,0.113176,-0.976646,0.088542,1.458840,-1.818976,-1.370733,1.229917,-1.491948,0.409314,0.245422,-0.722765,0.440645,0.028897,0.002066,0.170008
32.405064,0.396561,0.823923,-1.664415,1.297464,0.854032,0.480246,0.421834,0.316425,-0.264964,0.039170,0.235077,0.381382,0.331211,0.112846,-0.976231,0.088787,1.458121,-1.818527,-1.370712,1.229918,-1.491769,0.409294,0.245200,-0.724201,0.442541,0.025931,0.001484,0.173309
32.406003,0.395976,0.819069,-1.662399,1.292777,0.854983,0.479912,0.422918,0.297646,-0.251011,0.018053,0.194708,0.385629,0.328102,0.112463,-0.975818,0.089031,1.457403,-1.818084,-1.370687,1.229915,-1.491597,0.412076,0.244190,-0.720554,0.444485,0.024881,0.000477,0.171503
32.407085,0.393589,0.817139,-1.667358,1.284954,0.858675,0.479851,0.423223,0.272324,-0.230956,-0.009811,0.152196,0.390049,0.324494,0.112014,-0.975402,0.089279,1.456686,-1.817636,-1.370656,1.229915,-1.491431,0.412114,0.245857,-0.721174,0.444980,0.025923,0.000757,0.170669
32.408040,0.393311,0.815643,-1.660383,1.278284,0.860376,0.479685,0.424527,0.240047,-0.205371,-0.044791,0.108867,0.394555,0.320339,0.111508,-0.974990,0.089526,1.455966,-1.817178,-1.370633,1.229913,-1.491257,0.413869,0.246383,-0.719463,0.449446,0.024608,0.000748,0.171668
32.409000,0.394887,0.811568,-1.655302,1.273461,0.862042,0.479806,0.424367,0.204433,-0.176495,-0.083394,0.063999,0.399402,0.315948,0.110952,-0.974573,0.089769,1.455234,-1.816716,-1.370609,1.229914,-1.491089,0.413829,0.246431,-0.722525,0.451683,0.025003,0.000846,0.170386
32.410146,0.405732,0.806626,-1.665456,1.267451,0.864160,0.478704,0.425842,0.172612,-0.148904,-0.118424,0.018206,0.404776,0.311986,0.110351,-0.974166,0.090022,1.454511,-1.816258,-1.370581,1.229913,-1.490911,0.413016,0.247678,-0.724736,0.452239,0.025383,0.000659,0.172056
32.411075,0.406362,0.801655,-1.664650,1.262456,0.864199,0.479768,0.426138,0.151618,-0.128046,-0.142594,-0.026633,0.410670,0.309058,0.109732,-0.973762,0.090278,1.453797,-1.815800,-1.370555,1.229916,-1.490741,0.408520,0.249768,-0.721013,0.455297,0.025796,0.001674,0.170819
32.411988,0.400334,0.802588,-1.665136,1.257935,0.868135,0.480889,0.426160,0.142707,-0.115644,-0.154538,-0.069395,0.416923,0.307216,0.109125,-0.973351,0.090530,1.453076,-1.815339,-1.370525,1.229915,-1.490570,0.408029,0.251385,-0.720907,0.455730,0.027731,0.000533,0.171527
32.412954,0.395842,0.804894,-1.660871,1.250869,0.869098,0.480307,0.427002,0.140658,-0.108504,-0.159423,-0.108119,0.423052,0.306054,0.108561,-0.972936,0.090779,1.452361,-1.814887,-1.370500,1.229912,-1.490392,0.410719,0.250034,-0.720014,0.455780,0.025730,-0.000638,0.172711
32.414028,0.403259,0.803185,-1.670807,1.246434,0.872185,0.479593,0.427723,0.136707,-0.099670,-0.165984,-0.141781,0.428598,0.304960,0.108053,-0.972518,0.091022,1.451634,-1.814420,-1.370473,1.229913,-1.490216,0.412848,0.248218,-0.721869,0.458457,0.026872,-0.000111,0.172351
32.415020,0.406155,0.797201,-1.666429,1.242087,0.874346,0.479717,0.426189,0.126671,-0.085040,-0.178408,-0.171237,0.433465,0.303641,0.107601,-0.972110,0.091271,1.450925,-1.813955,-1.370448,1.229913,-1.490047,0.409643,0.248610,-0.717695,0.459237,0.026125,0.000532,0.172511
32.416021,0.410073,0.797003,-1.659952,1.237472,0.877020,0.479646,0.426799,0.114600,-0.067863,-0.192603,-0.196135,0.437670,0.302382,0.107229,-0.971707,0.091526,1.450199,-1.813496,-1.370423,1.229911,-1.489863,0.408407,0.250873,-0.719871,0.459503,0.026139,0.000343,0.176982
32.416958,0.408552,0.796674,-1.653534,1.226372,0.878754,0.482178,0.426670,0.109870,-0.055369,-0.199260,-0.215155,0.441307,0.301909,0.106948,-0.971298,0.091775,1.449465,-1.813033,-1.370397,1.229911,-1.489689,0.406609,0.250289,-0.723027,0.460035,0.025635,0.000345,0.177141
32.417930,0.415404,0.794531,-1.649768,1.223283,0.880888,0.481751,0.427096,0.118860,-0.050642,-0.192376,-0.230181,0.444764,0.302778,0.106720,-0.970891,0.092025,1.448741,-1.812552,-1.370369,1.229902,-1.489507,0.407261,0.249643,-0.725712,0.466201,0.025900,-0.002226,0.178666
32.419090,0.418999,0.792000,-1.656202,1.220344,0.884746,0.481126,0.427304,0.142876,-0.053030,-0.170941,-0.244206,0.448394,0.305151,0.106509,-0.970490,0.092274,1.448008,-1.812093,-1.370341,1.229903,-1.489327,0.403913,0.249999,-0.727254,0.465031,0.025849,-0.001841,0.179140
32.419950,0.417159,0.789760,-1.640557,1.214993,0.885457,0.479837,0.427109,0.180362,-0.062431,-0.136237,-0.255850,0.451968,0.308900,0.106326,-0.970084,0.092527,1.447292,-1.811630,-1.370319,1.229899,-1.489145,0.403158,0.250942,-0.725514,0.464997,0.024580,-0.001275,0.180456
32.420993,0.415647,0.790119,-1.644997,1.211175,0.889651,0.479617,0.427321,0.228596,-0.078690,-0.090664,-0.262500,0.455129,0.313748,0.106196,-0.969682,0.092778,1.446549,-1.811169,-1.370291,1.229900,-1.488960,0.403627,0.251047,-0.731990,0.465320,0.025697,-0.000045,0.181932
32.422040,0.427296,0.784947,-1.644492,1.210714,0.890314,0.478897,0.429125,0.283998,-0.099895,-0.037713,-0.263558,0.457781,0.319355,0.106123,-0.969274,0.093026,1.445815,-1.810704,-1.370270,1.229900,-1.488780,0.404785,0.250321,-0.729962,0.465281,0.023803,0.000094,0.182987
32.423021,0.430593,0.783393,-1.640386,1.209484,0.891865,0.478940,0.427563,0.342774,-0.124281,0.019080,-0.257810,0.459790,0.325384,0.106093,-0.968886,0.093284,1.445088,-1.810241,-1.370242,1.229901,-1.488605,0.399548,0.252275,-0.730639,0.461939,0.025443,0.000737,0.180862
32.423991,0.427066,0.783367,-1.634913,1.205253,0.894563,0.480006,0.428896,0.407061,-0.154811,0.082154,-0.242556,0.461052,0.331992,0.106129,-0.968489,0.093538,1.444347,-1.809792,-1.370218,1.229900,-1.488409,0.398152,0.252273,-0.732357,0.459258,0.026018,0.000627,0.185342
32.424936,0.425009,0.780156,-1.624471,1.197224,0.894328,0.478381,0.428611,0.477614,-0.192201,0.152219,-0.217220,0.461633,0.339259,0.106255,-0.968082,0.093787,1.443616,-1.809330,-1.370192,1.229899,-1.488229,0.399978,0.251548,-0.734771,0.459224,0.025415,-0.000508,0.183951
32.426061,0.433303,0.780772,-1.626122,1.198165,0.896544,0.477900,0.429000,0.550954,-0.232785,0.225375,-0.185686,0.461896,0.346855,0.106442,-0.967683,0.094041,1.442864,-1.808863,-1.370161,1.229901,-1.488040,0.401007,0.252327,-0.739224,0.462714,0.027659,0.001060,0.185797
32.426982,0.436590,0.778437,-1.620496,1.190851,0.897632,0.477486,0.430333,0.626695,-0.275575,0.301003,-0.151460,0.462178,0.354655,0.106672,-0.967290,0.094289,1.442121,-1.808414,-1.370133,1.229902,-1.487851,0.397808,0.251650,-0.739237,0.458802,0.027886,0.001446,0.186636
32.427968,0.443964,0.774129,-1.616457,1.190713,0.899328,0.477017,0.430468,0.705641,-0.321225,0.380008,-0.115421,0.462495,0.362695,0.106943,-0.966901,0.094542,1.441381,-1.807945,-1.370104,1.229905,-1.487668,0.396182,0.251937,-0.741210,0.461397,0.028746,0.001776,0.185158
32.428984,0.444300,0.774477,-1.611006,1.190699,0.903819,0.478756,0.430466,0.789652,-0.371487,0.464273,-0.078073,0.462825,0.371078,0.107237,-0.966514,0.094800,1.440631,-1.807496,-1.370072,1.229909,-1.487479,0.392830,0.253310,-0.742812,0.457599,0.029122,0.002158,0.186244
32.429988,0.445851,0.772684,-1.612034,1.188571,0.904737,0.477641,0.430972,0.879703,-0.428251,0.554969,-0.037666,0.462889,0.379869,0.107547,-0.966123,0.095049,1.439875,-1.807053,-1.370048,1.229905,-1.487288,0.393162,0.252500,-0.745332,0.454106,0.026834,0.000349,0.187639
32.431081,0.445213,0.769657,-1.610039,1.189398,0.906709,0.477865,0.430544,0.970851,-0.488983,0.647424,0.007683,0.462230,0.388714,0.107879,-0.965736,0.095303,1.439137,-1.806605,-1.370017,1.229909,-1.487096,0.392832,0.252694,-0.744668,0.452526,0.028080,0.001397,0.187971
32.432000,0.438968,0.766636,-1.608614,1.186705,0.909093,0.477022,0.431981,1.055980,-0.549459,0.734589,0.058012,0.460537,0.397016,0.108236,-0.965342,0.095557,1.438387,-1.806166,-1.369989,1.229908,-1.486898,0.393984,0.253720,-0.746208,0.448818,0.028486,0.001089,0.190366
32.432917,0.434405,0.763877,-1.603042,1.183713,0.911105,0.476042,0.432198,1.129267,-0.606727,0.810679,0.113192,0.457576,0.404240,0.108608,-0.964938,0.095813,1.437645,-1.805720,-1.369960,1.229908,-1.486714,0.396930,0.254298,-0.746000,0.447260,0.028030,0.001877,0.188660
32.433973,0.440017,0.762411,-1.608703,1.182986,0.914335,0.475604,0.433158,1.185826,-0.657716,0.870770,0.171576,0.453368,0.409937,0.108979,-0.964541,0.096069,1.436889,-1.805277,-1.369932,1.229910,-1.486522,0.399089,0.254750,-0.747731,0.446060,0.027976,0.002781,0.189422
32.435091,0.442492,0.760693,-1.609672,1.182599,0.915542,0.475099,0.433949,1.224591,-0.701221,0.913743,0.230824,0.448184,0.414007,0.109344,-0.964147,0.096320,1.436137,-1.804832,-1.369907,1.229917,-1.486335,0.396872,0.254922,-0.745023,0.443471,0.027051,0.003099,0.188979
32.435984,0.432333,0.762378,-1.610971,1.174785,0.918544,0.474092,0.434224,1.248003,-0.738432,0.941996,0.289759,0.442303,0.416656,0.109685,-0.963756,0.096578,1.435395,-1.804396,-1.369877,1.229924,-1.486144,0.396629,0.255303,-0.745399,0.441242,0.028280,0.003485,0.189002
32.437006,0.426119,0.763388,-1.605419,1.175948,0.921588,0.473984,0.435326,1.254682,-0.767062,0.953814,0.345669,0.436054,0.417718,0.109951,-0.963344,0.096830,1.434647,-1.803949,-1.369851,1.229931,-1.485952,0.401340,0.253491,-0.743537,0.444651,0.027174,0.004396,0.189576
32.437998,0.434835,0.757030,-1.602445,1.171088,0.925014,0.475259,0.435911,1.239324,-0.781694,0.943572,0.395647,0.429683,0.416699,0.110110,-0.962929,0.097081,1.433901,-1.803516,-1.369825,1.229937,-1.485765,0.404645,0.252373,-0.746314,0.440186,0.026359,0.004388,0.188777
32.438940,0.448971,0.759060,-1.603047,1.166800,0.925990,0.476141,0.436396,1.207576,-0.785923,0.916954,0.440064,0.423483,0.414036,0.110171,-0.962539,0.097340,1.433148,-1.803077,-1.369804,1.229939,-1.485573,0.400563,0.254787,-0.747383,0.441516,0.025125,0.003018,0.188944
32.439973,0.451198,0.754810,-1.610975,1.165769,0.927288,0.476749,0.437929,1.175938,-0.790405,0.890249,0.478177,0.418251,0.411077,0.110149,-0.962155,0.097588,1.432400,-1.802634,-1.369776,1.229940,-1.485385,0.393633,0.252954,-0.746289,0.441754,0.026183,0.002067,0.189216
32.440973,0.441776,0.747877,-1.612653,1.162829,0.927968,0.477900,0.438995,1.151782,-0.799204,0.870541,0.509348,0.414411,0.408479,0.110069,-0.961764,0.097845,1.431671,-1.802194,-1.369746,1.229941,-1.485197,0.393132,0.254437,-0.742553,0.439438,0.027093,0.001382,0.187562
32.442017,0.436045,0.751129,-1.612841,1.158019,0.926885,0.478735,0.438787,1.127763,-0.808841,0.850616,0.536576,0.411372,0.405627,0.109957,-0.961353,0.098108,1.430931,-1.801760,-1.369717,1.229939,-1.485009,0.398037,0.257093,-0.741575,0.438994,0.028559,0.000166,0.186804
32.442991,0.440298,0.748346,-1.622012,1.153223,0.927311,0.478519,0.437691,1.093118,-0.813090,0.819839,0.561546,0.408515,0.401642,0.109833,-0.960941,0.098357,1.430186,-1.801317,-1.369679,1.229938,-1.484817,0.401242,0.254869,-0.741637,0.440508,0.031819,-0.000733,0.188689
32.444014,0.447974,0.754115,-1.623767,1.152650,0.927971,0.478578,0.438059,1.042428,-0.806739,0.772749,0.582668,0.405757,0.396234,0.109713,-0.960547,0.098613,1.429464,-1.800881,-1.369645,1.229940,-1.484614,0.399272,0.255477,-0.736828,0.441662,0.033404,-0.000581,0.192145
32.444914,0.449385,0.754868,-1.627535,1.147184,0.929871,0.477361,0.438451,0.977822,-0.789540,0.711538,0.599394,0.403106,0.389799,0.109613,-0.960154,0.098855,1.428728,-1.800444,-1.369607,1.229939,-1.484420,0.395890,0.252035,-0.736063,0.438893,0.034853,-0.000712,0.192769
32.446047,0.449408,0.760975,-1.635389,1.145518,0.932440,0.475978,0.439100,0.904351,-0.763542,0.641330,0.612726,0.400470,0.382942,0.109523,-0.959754,0.099105,1.428003,-1.799999,-1.369573,1.229943,-1.484225,0.394974,0.250781,-0.733293,0.440005,0.034782,0.000430,0.193104
32.447037,0.448965,0.759027,-1.636485,1.141876,0.933311,0.477393,0.438801,0.821804,-0.727337,0.561868,0.622685,0.397699,0.375697,0.109449,-0.959357,0.099347,1.427276,-1.799562,-1.369540,1.229947,-1.484030,0.395967,0.247453,-0.730516,0.439127,0.034643,0.001715,0.193424
32.447983,0.450172,0.759715,-1.638376,1.138645,0.937859,0.477430,0.438537,0.728277,-0.679405,0.471283,0.629650,0.394583,0.367867,0.109421,-0.958955,0.099594,1.426542,-1.799120,-1.369503,1.229944,-1.483833,0.396372,0.247798,-0.729800,0.439106,0.035817,0.000218,0.195345
32.448995,0.454249,0.761048,-1.632011,1.134140,0.938660,0.477358,0.439563,0.627584,-0.623043,0.373429,0.634811,0.391079,0.359718,0.109460,-0.958560,0.099839,1.425826,-1.798678,-1.369474,1.229945,-1.483633,0.395819,0.246716,-0.728503,0.438335,0.033241,0.000125,0.197072
32.449992,0.458564,0.758456,-1.635392,1.129465,0.942566,0.476796,0.437924,0.528289,-0.564142,0.276729,0.638359,0.387503,0.351929,0.109557,-0.958165,0.100079,1.425088,-1.798240,-1.369437,1.229947,-1.483435,0.394169,0.245528,-0.731683,0.439437,0.034565,0.000115,0.196346
32.450933,0.467167,0.754219,-1.633371,1.123778,0.947058,0.476909,0.437162,0.439429,-0.508362,0.189986,0.639369,0.384365,0.345211,0.109706,-0.957772,0.100326,1.424370,-1.797795,-1.369407,1.229947,-1.483226,0.392344,0.246200,-0.730017,0.440429,0.032754,0.000614,0.200949
32.452136,0.469162,0.758772,-1.641883,1.119928,0.946921,0.477466,0.437808,0.367702,-0.460487,0.119708,0.636793,0.382153,0.340010,0.109910,-0.957393,0.100576,1.423638,-1.797352,-1.369378,1.229945,-1.483014,0.388247,0.247523,-0.730466,0.442099,0.030257,0.000439,0.203594
32.452983,0.468647,0.757865,-1.641732,1.113869,0.948569,0.477756,0.437318,0.313806,-0.420936,0.066442,0.629854,0.381155,0.336340,0.110129,-0.957001,0.100815,1.422908,-1.796905,-1.369338,1.229942,-1.482811,0.388686,0.245145,-0.727893,0.443651,0.032971,-0.000188,0.204013
32.454013,0.461821,0.762432,-1.646140,1.106237,0.948316,0.477837,0.436639,0.270032,-0.383884,0.022447,0.618405,0.381258,0.333640,0.110305,-0.956613,0.101059,1.422190,-1.796458,-1.369304,1.229940,-1.482601,0.388590,0.244669,-0.726754,0.444901,0.033010,-0.000525,0.205963
32.455001,0.459074,0.763157,-1.646937,1.100064,0.950229,0.476954,0.434942,0.225797,-0.341606,-0.022814,0.601987,0.382214,0.331099,0.110403,-0.956213,0.101297,1.421464,-1.796007,-1.369265,1.229942,-1.482385,0.392459,0.241906,-0.724787,0.448952,0.035399,-0.000686,0.208641
32.455928,0.462824,0.765514,-1.645938,1.094978,0.950950,0.476319,0.433289,0.172937,-0.288058,-0.077438,0.579418,0.383884,0.328051,0.110436,-0.955813,0.101534,1.420745,-1.795549,-1.369230,1.229943,-1.482163,0.394027,0.241018,-0.724395,0.451041,0.035518,0.000131,0.213258
32.457050,0.470863,0.761342,-1.648842,1.091990,0.952695,0.475032,0.433525,0.111607,-0.223599,-0.141048,0.551059,0.386187,0.324504,0.110440,-0.955430,0.101771,1.420018,-1.795099,-1.369191,1.229943,-1.481935,0.392218,0.239158,-0.724246,0.451818,0.036676,0.000697,0.217612
32.458037,0.468992,0.756854,-1.647800,1.086683,0.954231,0.476161,0.432664,0.050937,-0.155954,-0.204249,0.519342,0.389067,0.321157,0.110428,-0.955045,0.102013,1.419291,-1.794645,-1.369154,1.229948,-1.481714,0.389253,0.240986,-0.723830,0.451747,0.037274,0.001885,0.218591
32.458990,0.472954,0.756104,-1.646172,1.081620,0.956211,0.476806,0.430241,-0.000393,-0.093576,-0.258194,0.486985,0.392388,0.318560,0.110413,-0.954658,0.102259,1.418573,-1.794184,-1.369113,1.229946,-1.481486,0.390601,0.242582,-0.724346,0.452938,0.037729,0.000677,0.221510
32.460079,0.477406,0.756038,-1.648426,1.077365,0.957899,0.477542,0.430883,-0.039091,-0.040358,-0.299603,0.455147,0.396017,0.316860,0.110420,-0.954274,0.102503,1.417847,-1.793729,-1.369077,1.229947,-1.481244,0.388808,0.242230,-0.724740,0.453741,0.037702,-0.000035,0.227434
32.460983,0.478208,0.749348,-1.649261,1.069164,0.960134,0.476866,0.428508,-0.064664,0.003465,-0.328117,0.423562,0.399917,0.316114,0.110450,-0.953889,0.102741,1.417120,-1.793262,-1.369038,1.229946,-1.481017,0.387490,0.241945,-0.724369,0.454421,0.038276,-0.000843,0.227489
32.461933,0.483500,0.745806,-1.650311,1.063063,0.964332,0.476868,0.428542,-0.078004,0.038555,-0.344797,0.391055,0.404130,0.316227,0.110478,-0.953507,0.102990,1.416402,-1.792808,-1.369003,1.229950,-1.480769,0.387103,0.244441,-0.723210,0.458092,0.037878,-0.000241,0.233216
32.463162,0.490234,0.749823,-1.652976,1.059720,0.968203,0.476134,0.429300,-0.080226,0.065159,-0.350940,0.355840,0.408800,0.316992,0.110474,-0.953129,0.103236,1.415678,-1.792345,-1.368970,1.229949,-1.480529,0.384718,0.245460,-0.722271,0.459727,0.035640,-0.000314,0.234149
32.464045,0.495160,0.749082,-1.648669,1.052999,0.969046,0.474984,0.427615,-0.071733,0.083800,-0.347006,0.317189,0.414076,0.318380,0.110400,-0.952748,0.103478,1.414958,-1.791882,-1.368936,1.229951,-1.480295,0.383017,0.243392,-0.723026,0.460569,0.034436,0.000332,0.234287
32.464978,0.492207,0.751145,-1.645031,1.046519,0.971339,0.475200,0.426872,-0.052785,0.095771,-0.333271,0.275436,0.420053,0.320475,0.110248,-0.952374,0.103722,1.414229,-1.791411,-1.368898,1.229957,-1.480049,0.380536,0.242902,-0.724122,0.462173,0.035375,0.001393,0.238582
32.466117,0.495245,0.749882,-1.650585,1.040818,0.975360,0.475008,0.427067,-0.025257,0.103175,-0.311629,0.230904,0.426742,0.323163,0.110034,-0.951988,0.103958,1.413497,-1.790946,-1.368866,1.229956,-1.479802,0.382155,0.241198,-0.725274,0.464047,0.035020,0.001102,0.241036
32.466979,0.491187,0.741922,-1.647990,1.033206,0.975006,0.475248,0.425761,0.005217,0.109935,-0.287609,0.183840,0.433989,0.325967,0.109754,-0.951609,0.104200,1.412782,-1.790468,-1.368836,1.229957,-1.479556,0.381852,0.241612,-0.723822,0.466267,0.033450,0.001211,0.242059
32.467944,0.492296,0.735138,-1.646092,1.023809,0.975931,0.477109,0.425608,0.033812,0.117907,-0.265799,0.135124,0.441558,0.328404,0.109427,-0.951221,0.104450,1.412056,-1.789998,-1.368796,1.229956,-1.479300,0.383611,0.244627,-0.723938,0.468638,0.035542,0.000912,0.245494
32.469007,0.495279,0.734679,-1.644601,1.019863,0.978617,0.477222,0.424250,0.061069,0.124531,-0.245527,0.085539,0.449340,0.330395,0.109104,-0.950833,0.104700,1.411336,-1.789514,-1.368760,1.229952,-1.479049,0.383274,0.247266,-0.724652,0.473201,0.036587,-0.001004,0.246816
32.469959,0.496379,0.731698,-1.648652,1.015017,0.979493,0.476330,0.423657,0.090294,0.126740,-0.223481,0.035566,0.457333,0.332247,0.108808,-0.950455,0.104951,1.410607,-1.789044,-1.368726,1.229951,-1.478791,0.382633,0.246937,-0.725915,0.473276,0.036132,-0.001170,0.250774
32.471049,0.496123,0.726565,-1.651839,1.009263,0.982486,0.474410,0.424594,0.120908,0.124732,-0.199967,-0.012460,0.465196,0.334099,0.108538,-0.950071,0.105197,1.409880,-1.788568,-1.368686,1.229952,-1.478536,0.382310,0.247706,-0.723415,0.473365,0.037183,-0.000339,0.252937
32.472085,0.492390,0.725808,-1.651807,1.003850,0.982869,0.474391,0.424142,0.148106,0.120892,-0.179471,-0.055852,0.472397,0.335637,0.108282,-0.949691,0.105452,1.409164,-1.788082,-1.368650,1.229956,-1.478282,0.383421,0.249771,-0.722748,0.475123,0.036466,0.001490,0.252326
32.472944,0.487362,0.725703,-1.645523,0.996157,0.984075,0.473297,0.424143,0.167729,0.117541,-0.166108,-0.093809,0.478626,0.336500,0.108020,-0.949299,0.105703,1.408434,-1.787605,-1.368605,1.229956,-1.478021,0.385851,0.249526,-0.723037,0.476331,0.038172,0.001417,0.254402
32.474037,0.496045,0.724780,-1.648203,0.991211,0.987731,0.472153,0.423338,0.177333,0.117260,-0.162362,-0.126738,0.483783,0.336549,0.107754,-0.948905,0.105949,1.407701,-1.787121,-1.368564,1.229959,-1.477768,0.387994,0.248623,-0.724881,0.478432,0.038638,0.002443,0.255194
32.474935,0.500391,0.721066,-1.645536,0.981328,0.987318,0.472630,0.421127,0.179060,0.120127,-0.166110,-0.155671,0.488038,0.336032,0.107490,-0.948531,0.106199,1.406981,-1.786645,-1.368527,1.229962,-1.477503,0.384644,0.248640,-0.724392,0.479607,0.037251,0.003496,0.258077
32.475933,0.504014,0.720651,-1.645660,0.977686,0.988352,0.472648,0.420363,0.180338,0.122302,-0.170081,-0.182339,0.491847,0.335546,0.107240,-0.948155,0.106448,1.406254,-1.786151,-1.368486,1.229964,-1.477226,0.382525,0.249619,-0.724829,0.483962,0.039468,0.002926,0.263314
32.476971,0.499307,0.718507,-1.644829,0.971493,0.988789,0.474583,0.421507,0.186736,0.120541,-0.168875,-0.207409,0.495465,0.335508,0.107017,-0.947778,0.106698,1.405539,-1.785663,-1.368445,1.229967,-1.476958,0.381262,0.249140,-0.724883,0.482840,0.040441,0.002824,0.265853
32.477972,0.494233,0.717650,-1.647388,0.968446,0.990871,0.476613,0.421079,0.196713,0.115559,-0.163927,-0.229084,0.498625,0.335801,0.106808,-0.947386,0.106950,1.404811,-1.785181,-1.368400,1.229961,-1.476692,0.384227,0.249618,-0.725603,0.484752,0.042083,0.000833,0.264662
32.479051,0.497762,0.722373,-1.653811,0.964716,0.989614,0.477728,0.421715,0.202987,0.111517,-0.162237,-0.245053,0.500822,0.335882,0.106596,-0.946991,0.107198,1.404085,-1.784701,-1.368357,1.229957,-1.476422,0.387096,0.249398,-0.724325,0.483277,0.041988,-0.001241,0.266588
32.479960,0.498376,0.718706,-1.651685,0.961336,0.990350,0.478475,0.419492,0.197751,0.113523,-0.171271,-0.253572,0.501623,0.335263,0.106376,-0.946611,0.107439,1.403370,-1.784213,-1.368306,1.229952,-1.476154,0.386200,0.246631,-0.721913,0.482868,0.045391,-0.002392,0.266507
32.480929,0.502183,0.719929,-1.648697,0.958549,0.992903,0.477294,0.419319,0.179809,0.122597,-0.191997,-0.253540,0.500907,0.334021,0.106169,-0.946222,0.107685,1.402644,-1.783740,-1.368260,1.229949,-1.475872,0.385846,0.247675,-0.722204,0.481247,0.046384,-0.003180,0.271799
32.481916,0.505722,0.718035,-1.646055,0.952475,0.993637,0.475020,0.419883,0.155828,0.133808,-0.217712,-0.244195,0.498882,0.332752,0.106009,-0.945836,0.107928,1.401923,-1.783261,-1.368217,1.229949,-1.475598,0.384215,0.246381,-0.723499,0.479339,0.045739,-0.002052,0.273058
32.482991,0.509945,0.717892,-1.645961,0.949275,0.994674,0.472731,0.419041,0.133967,0.141786,-0.240482,-0.226555,0.496037,0.332057,0.105897,-0.945458,0.108175,1.401194,-1.782784,-1.368166,1.229954,-1.475326,0.382911,0.246684,-0.724666,0.480899,0.046910,0.000135,0.272918
32.483998,0.509120,0.721101,-1.644083,0.946939,0.994691,0.471528,0.418776,0.119224,0.143934,-0.255670,-0.203387,0.492934,0.332180,0.105814,-0.945074,0.108416,1.400464,-1.782302,-1.368120,1.229963,-1.475047,0.381646,0.246358,-0.725314,0.480048,0.048024,0.002297,0.275788
32.485129,0.521959,0.721480,-1.639912,0.945332,0.997262,0.472188,0.417773,0.111186,0.140883,-0.263703,-0.175797,0.489729,0.332951,0.105756,-0.944691,0.108656,1.399744,-1.781829,-1.368066,1.229967,-1.474765,0.382594,0.244206,-0.726390,0.478076,0.049925,0.003394,0.277310
32.486033,0.520699,0.721573,-1.637307,0.944572,0.997779,0.474531,0.417935,0.110745,0.132452,-0.263563,-0.143721,0.486453,0.334403,0.105707,-0.944319,0.108901,1.399008,-1.781363,-1.368017,1.229968,-1.474475,0.377380,0.243731,-0.729512,0.476440,0.049591,0.002629,0.280565
32.486968,0.529919,0.717771,-1.628749,0.943215,0.999387,0.475344,0.417819,0.122363,0.115623,-0.250721,-0.106714,0.483180,0.336893,0.105639,-0.943936,0.109140,1.398282,-1.780899,-1.367965,1.229965,-1.474192,0.378061,0.242925,-0.729951,0.472369,0.050768,0.000225,0.280993
32.488013,0.526791,0.715812,-1.631890,0.941083,0.999760,0.476796,0.418747,0.148448,0.087714,-0.222610,-0.063393,0.479796,0.340588,0.105536,-0.943572,0.109386,1.397539,-1.780444,-1.367911,1.229965,-1.473906,0.373783,0.244073,-0.733487,0.469366,0.050884,-0.000639,0.282067
32.489014,0.530268,0.719061,-1.629791,0.937091,1.001293,0.477254,0.418557,0.188140,0.048157,-0.180023,-0.013515,0.476211,0.345332,0.105390,-0.943193,0.109628,1.396800,-1.779970,-1.367857,1.229962,-1.473630,0.376163,0.244578,-0.732104,0.467460,0.052524,-0.002152,0.281296
32.490048,0.524722,0.718052,-1.624648,0.938214,0.999402,0.476916,0.419624,0.234065,0.002502,-0.130520,0.040284,0.472440,0.350480,0.105213,-0.942825,0.109867,1.396072,-1.779506,-1.367802,1.229959,-1.473344,0.375049,0.242397,-0.733153,0.467343,0.052859,-0.002649,0.282672
32.491014,0.523599,0.723755,-1.617000,0.933221,1.001094,0.475643,0.418813,0.278563,-0.042853,-0.081940,0.095652,0.468460,0.355458,0.105033,-0.942441,0.110112,1.395327,-1.779056,-1.367740,1.229956,-1.473064,0.378503,0.242393,-0.735812,0.462639,0.056679,-0.002357,0.281581
32.491935,0.527976,0.723743,-1.610499,0.931897,1.004048,0.474145,0.417882,0.318389,-0.084948,-0.037592,0.151566,0.464240,0.360066,0.104879,-0.942058,0.110342,1.394575,-1.778595,-1.367684,1.229956,-1.472776,0.379340,0.238999,-0.739038,0.463375,0.056745,-0.001144,0.284128
32.492989,0.541191,0.721174,-1.607312,0.928027,1.007857,0.473112,0.418368,0.354666,-0.123002,0.003416,0.205479,0.460089,0.364422,0.104751,-0.941690,0.110580,1.393835,-1.778146,-1.367633,1.229961,-1.472481,0.377376,0.238327,-0.741420,0.460352,0.055503,0.000259,0.286761
32.493928,0.545180,0.717486,-1.600559,0.927343,1.008931,0.473612,0.418154,0.395972,-0.162092,0.049356,0.255016,0.456594,0.369154,0.104599,-0.941329,0.110820,1.393087,-1.777683,-1.367584,1.229965,-1.472194,0.371751,0.239205,-0.743209,0.460541,0.053757,0.001194,0.286844
32.494921,0.546167,0.714560,-1.593344,0.923300,1.011879,0.474663,0.418625,0.452041,-0.209829,0.109762,0.299950,0.454153,0.374916,0.104396,-0.940960,0.111063,1.392342,-1.777233,-1.367527,1.229964,-1.471905,0.370126,0.240329,-0.745828,0.456959,0.054426,0.000616,0.288115
32.496009,0.550102,0.709307,-1.587293,0.919673,1.012660,0.475454,0.418582,0.525170,-0.269103,0.186864,0.341291,0.452785,0.381805,0.104156,-0.940591,0.111307,1.391580,-1.776781,-1.367478,1.229962,-1.471618,0.370256,0.241172,-0.748949,0.457136,0.053385,-0.000496,0.288115
32.496937,0.558019,0.704987,-1.583999,0.918731,1.013080,0.473721,0.416530,0.613202,-0.339117,0.278426,0.378866,0.452497,0.389587,0.103885,-0.940221,0.111554,1.390816,-1.776324,-1.367423,1.229961,-1.471324,0.369363,0.243394,-0.752291,0.457445,0.054724,-0.001356,0.289338
32.497952,0.562697,0.707051,-1.575864,0.919099,1.013786,0.471747,0.418284,0.714844,-0.419832,0.383238,0.412949,0.453270,0.398129,0.103594,-0.939866,0.111802,1.390067,-1.775870,-1.367365,1.229965,-1.471025,0.365826,0.244734,-0.753005,0.453940,0.055980,0.000314,0.294246
32.499047,0.559349,0.703435,-1.570945,0.917980,1.014396,0.470469,0.418530,0.827679,-0.510573,0.499280,0.446424,0.454749,0.407297,0.103299,-0.939503,0.112041,1.389298,-1.775430,-1.367310,1.229972,-1.470735,0.364289,0.243168,-0.756714,0.450130,0.057184,0.002177,0.291651
32.499987,0.560685,0.707116,-1.573310,0.914758,1.014354,0.471027,0.417337,0.945772,-0.607518,0.620928,0.481807,0.456478,0.416658,0.102992,-0.939130,0.112290,1.388536,-1.774982,-1.367251,1.229975,-1.470440,0.367089,0.244576,-0.759554,0.448186,0.058652,0.003355,0.292326
32.500944,0.559387,0.707759,-1.570882,0.910336,1.012698,0.472418,0.416751,1.058397,-0.702789,0.737583,0.519043,0.458066,0.425343,0.102661,-0.938766,0.112528,1.387776,-1.774530,-1.367188,1.229975,-1.470143,0.366790,0.242029,-0.757395,0.447158,0.060355,0.002712,0.295540
32.502066,0.554299,0.703188,-1.570081,0.905092,1.014945,0.473982,0.416827,1.154249,-0.786698,0.837860,0.555698,0.459314,0.432523,0.102279,-0.938398,0.112766,1.387008,-1.774081,-1.367120,1.229974,-1.469845,0.367891,0.241105,-0.757751,0.447540,0.063674,0.001254,0.297532
32.503020,0.556271,0.699211,-1.569754,0.900632,1.016530,0.473517,0.417635,1.228215,-0.854308,0.916360,0.588759,0.460239,0.437837,0.101819,-0.938023,0.113013,1.386252,-1.773626,-1.367058,1.229970,-1.469542,0.371654,0.243063,-0.758854,0.449744,0.063498,-0.000363,0.298532
32.504011,0.554497,0.698220,-1.561533,0.896407,1.016770,0.473630,0.416498,1.281270,-0.906665,0.973799,0.616251,0.460925,0.441306,0.101300,-0.937652,0.113264,1.385489,-1.773180,-1.366993,1.229970,-1.469242,0.371014,0.244258,-0.758156,0.450170,0.063580,0.000055,0.297716
32.505013,0.562544,0.693356,-1.565597,0.894703,1.019437,0.470331,0.415429,1.318234,-0.947567,1.014883,0.637823,0.461432,0.443338,0.100801,-0.937275,0.113507,1.384726,-1.772729,-1.366925,1.229970,-1.468935,0.372420,0.244140,-0.761785,0.450496,0.065080,-0.000136,0.300896
32.506024,0.557621,0.690518,-1.562257,0.890972,1.019561,0.469731,0.415793,1.345093,-0.981707,1.045648,0.654821,0.461736,0.444476,0.100407,-0.936913,0.113758,1.383966,-1.772289,-1.366863,1.229978,-1.468622,0.369092,0.245923,-0.759301,0.448642,0.064214,0.003080,0.303903
32.507053,0.557955,0.687164,-1.558656,0.883417,1.021721,0.469236,0.416103,1.364008,-1.011830,1.068404,0.669376,0.461647,0.444874,0.100146,-0.936535,0.114004,1.383195,-1.771840,-1.366791,1.229982,-1.468320,0.372201,0.246727,-0.760572,0.448709,0.065849,0.003557,0.304078
32.508087,0.550955,0.688578,-1.556125,0.880727,1.022205,0.468132,0.415729,1.374553,-1.037699,1.082530,0.681184,0.461209,0.444437,0.099976,-0.936163,0.114254,1.382437,-1.771378,-1.366727,1.229986,-1.468013,0.372772,0.247813,-0.762241,0.452425,0.065535,0.003953,0.304406
32.509043,0.558236,0.684594,-1.553217,0.876740,1.022934,0.468402,0.415527,1.375406,-1.057140,1.086372,0.688424,0.460677,0.443037,0.099838,-0.935779,0.114500,1.381668,-1.770931,-1.366660,1.229991,-1.467704,0.376944,0.246541,-0.763278,0.451588,0.066908,0.004967,0.306120
32.510013,0.561654,0.689032,-1.556770,0.869297,1.024518,0.468356,0.414855,1.366224,-1.069515,1.079715,0.691919,0.460107,0.440693,0.099702,-0.935409,0.114749,1.380900,-1.770476,-1.366590,1.229995,-1.467397,0.373633,0.247799,-0.763828,0.451357,0.067800,0.004588,0.307311
32.511073,0.562105,0.688565,-1.561226,0.864978,1.022756,0.468711,0.415745,1.349927,-1.075752,1.065474,0.691614,0.459781,0.437708,0.099542,-0.935043,0.114991,1.380151,-1.770018,-1.366520,1.229999,-1.467079,0.372475,0.244900,-0.761485,0.454651,0.067864,0.004549,0.309447
32.511973,0.562065,0.689575,-1.564658,0.858676,1.024210,0.468994,0.417349,1.325055,-1.072589,1.041926,0.685318,0.460055,0.434008,0.099320,-0.934666,0.115233,1.379395,-1.769560,-1.366441,1.230003,-1.466769,0.373119,0.244723,-0.759427,0.455374,0.071448,0.004089,0.308638
32.513013,0.552744,0.690748,-1.566435,0.853590,1.021338,0.471439,0.417457,1.286491,-1.055809,1.003968,0.672899,0.460866,0.429181,0.099000,-0.934288,0.115474,1.378653,-1.769096,-1.366369,1.230006,-1.466467,0.373164,0.243417,-0.756634,0.456865,0.071424,0.003725,0.306110
32.513961,0.557781,0.692471,-1.576344,0.847251,1.020295,0.471474,0.417640,1.229524,-1.022450,0.947055,0.655478,0.461944,0.422874,0.098576,-0.933902,0.115720,1.377886,-1.768639,-1.366281,1.230003,-1.466157,0.378515,0.242313,-0.755629,0.458273,0.075992,0.001203,0.306888
32.514982,0.559776,0.687343,-1.586340,0.842239,1.019370,0.472933,0.419928,1.150098,-0.969716,0.867313,0.633562,0.463010,0.414860,0.098075,-0.933527,0.115955,1.377149,-1.768178,-1.366199,1.230006,-1.465853,0.376225,0.240834,-0.750030,0.460189,0.078502,0.001112,0.307305
32.516098,0.566946,0.688428,-1.592958,0.836296,1.020460,0.470999,0.418910,1.049654,-0.899265,0.766357,0.607596,0.463900,0.405334,0.097519,-0.933153,0.116202,1.376420,-1.767711,-1.366115,1.230001,-1.465554,0.375947,0.242858,-0.745199,0.461143,0.081064,-0.000404,0.303655
32.517122,0.568165,0.692467,-1.589258,0.832637,1.020856,0.469691,0.420556,0.935203,-0.816939,0.651152,0.577888,0.464637,0.394862,0.096924,-0.932780,0.116442,1.375677,-1.767246,-1.366033,1.230007,-1.465242,0.373523,0.242005,-0.742709,0.463766,0.081855,0.001449,0.306868
32.518008,0.567466,0.693497,-1.588354,0.824328,1.019135,0.470238,0.418755,0.816118,-0.728675,0.530723,0.544219,0.465448,0.384237,0.096303,-0.932402,0.116675,1.374938,-1.766782,-1.365948,1.230011,-1.464944,0.373592,0.239556,-0.744654,0.463429,0.083105,0.002658,0.304500
32.518973,0.567186,0.693640,-1.590943,0.819934,1.021239,0.470239,0.419549,0.699520,-0.637990,0.411870,0.506318,0.466554,0.374104,0.095684,-0.932026,0.116914,1.374193,-1.766311,-1.365859,1.230011,-1.464625,0.373929,0.238254,-0.743866,0.466679,0.086103,0.002028,0.308764
32.519990,0.570211,0.695031,-1.584014,0.813744,1.021735,0.469965,0.420203,0.587046,-0.545708,0.296203,0.464247,0.467984,0.364579,0.095106,-0.931649,0.117147,1.373452,-1.765841,-1.365775,1.230013,-1.464318,0.374444,0.237645,-0.742062,0.466540,0.085465,0.001954,0.307941
32.521040,0.575336,0.693734,-1.588176,0.808068,1.026066,0.469166,0.419440,0.481135,-0.454098,0.186319,0.418769,0.469758,0.355794,0.094557,-0.931279,0.117383,1.372709,-1.765366,-1.365686,1.230015,-1.464011,0.373629,0.236481,-0.745523,0.468459,0.086566,0.002149,0.307557
32.522050,0.579779,0.691499,-1.585246,0.802766,1.026975,0.471033,0.420168,0.387951,-0.367744,0.088387,0.370127,0.472149,0.348156,0.094001,-0.930911,0.117622,1.371969,-1.764898,-1.365607,1.230019,-1.463693,0.371977,0.236733,-0.743662,0.470271,0.083967,0.002854,0.310065
32.522984,0.584816,0.692411,-1.590797,0.798161,1.024556,0.473029,0.419993,0.311987,-0.290406,0.006892,0.318591,0.475414,0.341914,0.093422,-0.930541,0.117858,1.371219,-1.764421,-1.365520,1.230016,-1.463386,0.370427,0.237370,-0.744951,0.471183,0.084673,0.000911,0.309485
32.523920,0.585625,0.693454,-1.596115,0.788735,1.024383,0.473823,0.418314,0.253458,-0.223399,-0.057737,0.266156,0.479465,0.337086,0.092808,-0.930182,0.118092,1.370490,-1.763953,-1.365424,1.230011,-1.463073,0.368339,0.236271,-0.741516,0.471105,0.088431,-0.001121,0.310574
32.525043,0.580331,0.692719,-1.594776,0.784796,1.025162,0.473227,0.418759,0.206062,-0.162393,-0.111699,0.213676,0.484076,0.333258,0.092144,-0.929813,0.118323,1.369756,-1.763458,-1.365330,1.230006,-1.462748,0.368270,0.235166,-0.738203,0.475248,0.089922,-0.001940,0.314645
32.525947,0.577799,0.692629,-1.595707,0.777727,1.023175,0.473438,0.417740,0.161397,-0.101383,-0.163440,0.160756,0.489046,0.329772,0.091414,-0.929438,0.118558,1.369020,-1.762980,-1.365234,1.230005,-1.462435,0.372149,0.235338,-0.739862,0.475543,0.090907,-0.001404,0.314836
32.526972,0.590429,0.697072,-1.598933,0.770942,1.023131,0.471395,0.416357,0.114777,-0.038288,-0.217408,0.108789,0.494066,0.326232,0.090639,-0.929062,0.118793,1.368281,-1.762504,-1.365132,1.230005,-1.462104,0.373462,0.234670,-0.738382,0.477557,0.094092,-0.001687,0.317488
32.528017,0.597462,0.691258,-1.601012,0.765716,1.020746,0.471948,0.415481,0.066855,0.026394,-0.272780,0.058229,0.499079,0.322741,0.089874,-0.928701,0.119017,1.367541,-1.762018,-1.365031,1.230009,-1.461779,0.367945,0.232125,-0.736813,0.479862,0.095607,0.000284,0.321134
32.529000,0.604773,0.690119,-1.598725,0.762350,1.021462,0.471919,0.414292,0.024943,0.087998,-0.322341,0.008646,0.504302,0.319904,0.089152,-0.928342,0.119259,1.366812,-1.761530,-1.364924,1.230008,-1.461449,0.365457,0.234615,-0.736138,0.480689,0.099482,-0.000359,0.323764
32.529948,0.599867,0.685939,-1.592809,0.754389,1.021450,0.472182,0.416359,-0.002476,0.138598,-0.357464,-0.037417,0.509615,0.318336,0.088486,-0.927981,0.119490,1.366073,-1.761052,-1.364823,1.230008,-1.461112,0.362452,0.234684,-0.736995,0.479441,0.100116,-0.000393,0.326883
32.531100,0.609859,0.682037,-1.592497,0.748923,1.022006,0.472402,0.415445,-0.012516,0.174150,-0.375085,-0.077420,0.514720,0.318192,0.087873,-0.927608,0.119731,1.365337,-1.760560,-1.364717,1.230007,-1.460799,0.365291,0.236109,-0.739392,0.482293,0.101375,-0.000720,0.323433
32.531917,0.613131,0.681484,-1.594499,0.744391,1.019939,0.471783,0.412967,-0.005219,0.194166,-0.375287,-0.111874,0.519577,0.319368,0.087322,-0.927255,0.119973,1.364594,-1.760077,-1.364608,1.230006,-1.460465,0.361845,0.237839,-0.740647,0.484222,0.102533,-0.001015,0.326427
32.533025,0.623437,0.683541,-1.590747,0.739510,1.021512,0.469724,0.411709,0.018025,0.199330,-0.359331,-0.141105,0.524090,0.321733,0.086883,-0.926904,0.120208,1.363856,-1.759592,-1.364498,1.230007,-1.460125,0.360151,0.237188,-0.737879,0.482810,0.105505,-0.000449,0.331775
32.533935,0.625313,0.687884,-1.586168,0.736457,1.020740,0.470268,0.412722,0.053699,0.192434,-0.330521,-0.164458,0.528040,0.325096,0.086588,-0.926559,0.120442,1.363116,-1.759103,-1.364391,1.230013,-1.459782,0.356457,0.235924,-0.740569,0.483737,0.105522,0.001509,0.335246
32.535045,0.625953,0.690530,-1.590409,0.730936,1.021333,0.469155,0.412466,0.099733,0.176412,-0.291022,-0.182030,0.531427,0.329399,0.086399,-0.926204,0.120672,1.362368,-1.758629,-1.364281,1.230010,-1.459444,0.355909,0.233102,-0.741792,0.481764,0.107421,0.000892,0.333742
32.536071,0.630682,0.688418,-1.590860,0.729938,1.019763,0.471232,0.412871,0.149938,0.156863,-0.247039,-0.194207,0.534186,0.334202,0.086251,-0.925843,0.120899,1.361634,-1.758139,-1.364167,1.230012,-1.459108,0.356899,0.231654,-0.740512,0.483353,0.108385,0.001935,0.335290
32.537008,0.628383,0.688720,-1.588237,0.723116,1.017373,0.472621,0.411714,0.196213,0.138876,-0.206383,-0.200485,0.536085,0.338823,0.086119,-0.925491,0.121134,1.360888,-1.757670,-1.364050,1.230006,-1.458772,0.355489,0.232305,-0.740281,0.480218,0.111294,-0.000211,0.335289
32.537932,0.625964,0.689371,-1.582773,0.718296,1.015779,0.472880,0.412483,0.236189,0.122589,-0.171097,-0.199755,0.537018,0.343041,0.086020,-0.925131,0.121363,1.360141,-1.757183,-1.363926,1.230004,-1.458428,0.357099,0.231585,-0.740792,0.481984,0.114731,-0.001644,0.338239
32.539037,0.624015,0.684563,-1.583387,0.719434,1.016953,0.470887,0.412547,0.268703,0.108677,-0.142306,-0.192839,0.537104,0.346785,0.085951,-0.924773,0.121592,1.359397,-1.756701,-1.363801,1.230004,-1.458095,0.358704,0.230660,-0.742659,0.481679,0.117311,-0.001956,0.337284
32.540026,0.631093,0.682840,-1.578867,0.716384,1.017770,0.470485,0.410925,0.292446,0.096884,-0.121036,-0.179053,0.536255,0.349926,0.085903,-0.924410,0.121832,1.358650,-1.756234,-1.363684,1.230005,-1.457752,0.360935,0.232788,-0.743012,0.477033,0.117633,-0.000023,0.338140
32.540962,0.633298,0.682938,-1.579723,0.713441,1.014325,0.468737,0.410268,0.310435,0.082423,-0.103750,-0.155554,0.534264,0.352628,0.085921,-0.924055,0.122064,1.357898,-1.755759,-1.363563,1.230007,-1.457401,0.358104,0.233157,-0.744866,0.475665,0.118007,0.000278,0.342105
32.542110,0.631931,0.679984,-1.577261,0.710111,1.013461,0.467415,0.410782,0.327634,0.061716,-0.085600,-0.122848,0.531329,0.355252,0.086048,-0.923702,0.122297,1.357162,-1.755293,-1.363432,1.230012,-1.457047,0.357527,0.232491,-0.743737,0.473981,0.122455,0.001946,0.343963
32.542967,0.634045,0.678884,-1.575099,0.710225,1.015987,0.467947,0.410588,0.344075,0.035942,-0.066983,-0.083570,0.527646,0.357743,0.086264,-0.923336,0.122529,1.356411,-1.754818,-1.363300,1.230018,-1.456700,0.359672,0.233875,-0.745982,0.473966,0.124773,0.003149,0.343953
32.543990,0.635484,0.677117,-1.568198,0.706249,1.015140,0.467734,0.410051,0.358170,0.006251,-0.049612,-0.038785,0.523167,0.359895,0.086532,-0.922974,0.122763,1.355671,-1.754358,-1.363180,1.230022,-1.456355,0.358588,0.233596,-0.745625,0.468771,0.123089,0.002515,0.344783
32.544926,0.645674,0.682569,-1.571314,0.704321,1.014996,0.466369,0.408472,0.371580,-0.028349,-0.031844,0.011112,0.517930,0.361824,0.086856,-0.922618,0.123000,1.354917,-1.753889,-1.363051,1.230027,-1.456000,0.358795,0.234040,-0.748972,0.468704,0.125170,0.002630,0.346616
32.546130,0.645356,0.684779,-1.580227,0.706249,1.016865,0.466794,0.406695,0.386452,-0.067229,-0.011867,0.063398,0.512293,0.363713,0.087244,-0.922270,0.123223,1.354168,-1.753437,-1.362922,1.230033,-1.455647,0.354223,0.230785,-0.746524,0.466336,0.126295,0.003906,0.350358
32.546982,0.644193,0.684447,-1.577142,0.705302,1.016231,0.467392,0.407088,0.398125,-0.104932,0.005463,0.115931,0.506359,0.365225,0.087678,-0.921914,0.123452,1.353433,-1.752984,-1.362794,1.230035,-1.455281,0.356288,0.229756,-0.743732,0.461936,0.126060,0.003367,0.355004
32.548004,0.637296,0.686565,-1.575482,0.702554,1.018734,0.468277,0.406143,0.398110,-0.135838,0.011920,0.169900,0.499767,0.365681,0.088115,-0.921556,0.123677,1.352684,-1.752539,-1.362663,1.230035,-1.454926,0.356870,0.229211,-0.743727,0.458194,0.127462,0.002711,0.354552
32.549088,0.638989,0.688299,-1.573589,0.699659,1.016510,0.470650,0.405508,0.382818,-0.157790,0.003930,0.225582,0.492464,0.364758,0.088520,-0.921185,0.123902,1.351942,-1.752082,-1.362534,1.230036,-1.454564,0.361089,0.227835,-0.744570,0.457158,0.126134,0.001744,0.357185
32.549976,0.644189,0.690463,-1.571459,0.699444,1.015590,0.470553,0.406198,0.353262,-0.169917,-0.017871,0.280202,0.484907,0.362553,0.088895,-0.920827,0.124128,1.351190,-1.751630,-1.362396,1.230032,-1.454199,0.361407,0.226787,-0.745939,0.456820,0.129658,-0.000698,0.359282
32.550978,0.646712,0.685119,-1.566311,0.697049,1.014463,0.470121,0.406710,0.315012,-0.174595,-0.048144,0.331789,0.477596,0.359628,0.089229,-0.920470,0.124347,1.350441,-1.751181,-1.362261,1.230032,-1.453846,0.358995,0.225144,-0.745730,0.452442,0.131368,-0.000635,0.358340
32.551949,0.650410,0.683516,-1.571627,0.693373,1.013875,0.469582,0.408004,0.276948,-0.178482,-0.077945,0.381076,0.470815,0.356765,0.089501,-0.920114,0.124579,1.349695,-1.750731,-1.362123,1.230032,-1.453486,0.358566,0.227401,-0.748118,0.451093,0.133554,-0.000271,0.357999
32.552968,0.650534,0.686091,-1.561947,0.692561,1.011308,0.468777,0.406989,0.244621,-0.186544,-0.101809,0.428033,0.464806,0.354302,0.089699,-0.919755,0.124811,1.348952,-1.750285,-1.361987,1.230035,-1.453131,0.357323,0.227663,-0.744941,0.450871,0.135134,0.000186,0.356030
32.554027,0.650524,0.686087,-1.567110,0.691090,1.008206,0.468293,0.406131,0.218324,-0.198660,-0.119712,0.471597,0.459729,0.352191,0.089822,-0.919391,0.125031,1.348191,-1.749838,-1.361839,1.230036,-1.452768,0.358089,0.226091,-0.749592,0.448077,0.138722,0.000913,0.358809
32.555025,0.652247,0.687597,-1.562344,0.686912,1.008201,0.468751,0.407778,0.195789,-0.212597,-0.133970,0.512210,0.455441,0.350274,0.089904,-0.919032,0.125258,1.347455,-1.749401,-1.361686,1.230041,-1.452398,0.359159,0.225859,-0.747339,0.446492,0.142874,0.001291,0.361283
32.555954,0.652236,0.690266,-1.553298,0.682459,1.007953,0.468687,0.407854,0.173926,-0.225520,-0.147738,0.549734,0.451751,0.348286,0.089958,-0.918674,0.125479,1.346701,-1.748953,-1.361539,1.230041,-1.452041,0.359045,0.224766,-0.749414,0.446934,0.143803,0.000757,0.358624
32.557003,0.659445,0.690209,-1.551613,0.680678,1.008987,0.469288,0.408045,0.154122,-0.236412,-0.160085,0.581936,0.448852,0.346317,0.089958,-0.918316,0.125698,1.345945,-1.748506,-1.361392,1.230040,-1.451686,0.359476,0.222968,-0.752975,0.447163,0.144839,0.000765,0.359047
32.558004,0.667154,0.686578,-1.548049,0.680922,1.007863,0.470323,0.409708,0.141708,-0.247393,-0.166053,0.607602,0.446995,0.344813,0.089908,-0.917962,0.125923,1.345186,-1.748064,-1.361244,1.230040,-1.451327,0.356912,0.222763,-0.753816,0.445660,0.144870,0.000087,0.359445
32.558993,0.669589,0.688766,-1.545738,0.675891,1.006064,0.471682,0.410607,0.142182,-0.263469,-0.159954,0.629126,0.446032,0.344240,0.089823,-0.917610,0.126145,1.344419,-1.747628,-1.361096,1.230037,-1.450979,0.353916,0.224263,-0.755117,0.441956,0.146970,-0.001004,0.356816
32.559982,0.660261,0.685794,-1.539240,0.671398,1.007244,0.472752,0.411578,0.157988,-0.287734,-0.139130,0.648945,0.445667,0.344835,0.089685,-0.917259,0.126367,1.343666,-1.747186,-1.360939,1.230030,-1.450624,0.353521,0.222787,-0.755847,0.443367,0.149606,-0.002395,0.355707
32.561027,0.661277,0.686682,-1.534398,0.669948,1.005071,0.472452,0.410644,0.183663,-0.315853,-0.109147,0.666187,0.445699,0.346191,0.089475,-0.916887,0.126591,1.342896,-1.746731,-1.360789,1.230025,-1.450270,0.358797,0.223906,-0.758480,0.443843,0.149302,-0.003504,0.354438
32.562076,0.673936,0.684228,-1.531422,0.667512,1.003410,0.471599,0.410641,0.211860,-0.342899,-0.077152,0.680669,0.445836,0.347759,0.089238,-0.916524,0.126815,1.342135,-1.746290,-1.360634,1.230025,-1.449909,0.359177,0.223201,-0.760874,0.442033,0.152492,-0.003263,0.357115
32.563044,0.684733,0.683627,-1.526794,0.661604,1.003731,0.470546,0.411552,0.244259,-0.370870,-0.041131,0.693803,0.445975,0.349777,0.089046,-0.916183,0.127041,1.341367,-1.745857,-1.360472,1.230023,-1.449548,0.354023,0.224177,-0.762274,0.441442,0.155080,-0.002466,0.357876
32.563945,0.682187,0.681753,-1.516189,0.655249,1.003553,0.468510,0.412086,0.289989,-0.405381,0.007757,0.704624,0.446583,0.353040,0.088894,-0.915842,0.127263,1.340595,-1.745411,-1.360318,1.230024,-1.449197,0.349442,0.224060,-0.763758,0.443443,0.155552,-0.001484,0.356674
32.564964,0.675869,0.678439,-1.508188,0.651597,1.004417,0.469013,0.412593,0.353441,-0.447869,0.073216,0.710348,0.448232,0.357827,0.088735,-0.915493,0.127488,1.339827,-1.744957,-1.360157,1.230026,-1.448840,0.351165,0.224407,-0.767715,0.445227,0.156316,0.000487,0.356092
32.566035,0.682635,0.678387,-1.503464,0.649185,1.001005,0.468102,0.410399,0.429369,-0.494810,0.149825,0.710508,0.450940,0.363578,0.088563,-0.915128,0.127716,1.339044,-1.744518,-1.360000,1.230025,-1.448479,0.355137,0.225718,-0.771195,0.445449,0.156355,-0.000107,0.355796
32.567042,0.697897,0.675627,-1.502610,0.641786,1.000268,0.467551,0.410576,0.600851,-0.594890,0.320186,0.701329,0.458562,0.376433,0.088285,-0.914446,0.128173,1.337497,-1.743626,-1.359662,1.230028,-1.447749,0.346372,0.226478,-0.773474,0.448457,0.162189,0.001204,0.361311
32.568064,0.705791,0.674891,-1.495692,0.637133,0.998688,0.467340,0.410874,0.600851,-0.594890,0.320186,0.701329,0.458562,0.376433,0.088285,-0.914446,0.128173,1.337497,-1.743626,-1.359662,1.230028,-1.447749,0.346372,0.226478,-0.773474,0.448457,0.162189,0.001204,0.361311
32.569001,0.704421,0.673346,-1.491317,0.634480,0.996098,0.468250,0.411051,0.703067,-0.651391,0.420290,0.690055,0.464009,0.384119,0.088093,-0.914106,0.128398,1.336709,-1.743171,-1.359492,1.230030,-1.447389,0.343570,0.226522,-0.776417,0.449339,0.164560,0.001330,0.361435
32.569942,0.701706,0.674959,-1.484803,0.626511,0.992115,0.466848,0.410217,0.816124,-0.712034,0.530115,0.674326,0.470521,0.392654,0.087823,-0.913766,0.128626,1.335936,-1.742725,-1.359317,1.230028,-1.447025,0.344961,0.226743,-0.777472,0.447837,0.167683,0.000355,0.361605
32.571116,0.701869,0.672955,-1.487826,0.620814,0.989386,0.468562,0.411992,0.929268,-0.770567,0.639395,0.656272,0.477416,0.401199,0.087514,-0.913414,0.128849,1.335150,-1.742263,-1.359133,1.230032,-1.446650,0.346882,0.225437,-0.779500,0.451360,0.172130,0.001691,0.363789
32.571963,0.700882,0.674508,-1.480894,0.616262,0.989042,0.468228,0.412891,1.031697,-0.819273,0.737404,0.634648,0.484346,0.408845,0.087167,-0.913062,0.129076,1.334365,-1.741807,-1.358950,1.230026,-1.446298,0.348524,0.226486,-0.778775,0.454330,0.175878,-0.000099,0.361264
32.572979,0.709352,0.673163,-1.477777,0.610559,0.985517,0.466866,0.412256,1.117638,-0.854228,0.818427,0.608435,0.491104,0.415142,0.086747,-0.912716,0.129298,1.333589,-1.741360,-1.358772,1.230027,-1.445938,0.349154,0.224993,-0.780330,0.454045,0.176466,0.000190,0.359831
32.574059,0.708534,0.677029,-1.480244,0.604108,0.984683,0.466479,0.410357,1.188671,-0.877168,0.884182,0.578366,0.497559,0.420301,0.086265,-0.912373,0.129522,1.332802,-1.740901,-1.358585,1.230030,-1.445572,0.345919,0.225359,-0.781285,0.455879,0.180626,0.001470,0.361817
32.575042,0.704563,0.676017,-1.482797,0.600728,0.983763,0.465296,0.411763,1.247575,-0.889746,0.937323,0.543727,0.503780,0.424579,0.085756,-0.912027,0.129744,1.332030,-1.740433,-1.358399,1.230033,-1.445201,0.347705,0.223258,-0.780177,0.458690,0.182201,0.001757,0.366445
32.576084,0.697494,0.674078,-1.480840,0.597094,0.983070,0.465026,0.412353,1.288419,-0.888064,0.972043,0.504233,0.509505,0.427469,0.085235,-0.911670,0.129971,1.331252,-1.739978,-1.358211,1.230039,-1.444839,0.350392,0.223362,-0.778108,0.457999,0.183627,0.002843,0.364194
32.577013,0.696711,0.671169,-1.481322,0.587931,0.981534,0.465605,0.412853,1.303566,-0.869442,0.981300,0.462856,0.514116,0.428280,0.084712,-0.911304,0.130194,1.330464,-1.739519,-1.358023,1.230042,-1.444481,0.354843,0.224091,-0.778733,0.457916,0.184978,0.003010,0.363802
32.578057,0.702018,0.670277,-1.483196,0.581114,0.982014,0.464918,0.410722,1.292797,-0.835841,0.965114,0.421226,0.517468,0.426879,0.084213,-0.910950,0.130423,1.329690,-1.739043,-1.357831,1.230043,-1.444118,0.355660,0.224961,-0.777272,0.462219,0.186854,0.002356,0.363316
32.578989,0.706750,0.667676,-1.476123,0.577107,0.982084,0.464053,0.411954,1.262458,-0.790796,0.929327,0.376811,0.520159,0.423691,0.083781,-0.910597,0.130646,1.328912,-1.738576,-1.357643,1.230046,-1.443736,0.354033,0.225167,-0.776096,0.465117,0.187019,0.002962,0.368312
32.579943,0.712818,0.665142,-1.482570,0.570063,0.983575,0.464290,0.410619,1.223538,-0.741131,0.884525,0.328584,0.522816,0.419590,0.083420,-0.910244,0.130871,1.328133,-1.738106,-1.357454,1.230051,-1.443376,0.352164,0.225940,-0.778444,0.464355,0.187326,0.003735,0.366314
32.580993,0.717465,0.665597,-1.493153,0.560167,0.980687,0.466171,0.408946,1.185119,-0.693690,0.839818,0.278298,0.525690,0.415320,0.083087,-0.909898,0.131100,1.327364,-1.737637,-1.357268,1.230054,-1.442998,0.349807,0.226687,-0.774227,0.466852,0.186279,0.003402,0.369541
32.581980,0.712243,0.669674,-1.493086,0.555642,0.976407,0.466373,0.407043,1.146047,-0.646692,0.793857,0.224973,0.528938,0.410771,0.082751,-0.909548,0.131325,1.326597,-1.737151,-1.357072,1.230050,-1.442617,0.348625,0.226196,-0.768870,0.472494,0.189805,0.001453,0.373593
32.583038,0.707958,0.672018,-1.491280,0.549133,0.975131,0.468369,0.407071,1.097958,-0.592424,0.738045,0.167142,0.532442,0.405336,0.082419,-0.909192,0.131544,1.325836,-1.736671,-1.356868,1.230050,-1.442226,0.352017,0.223817,-0.768421,0.472357,0.194458,0.001199,0.377925
32.584023,0.711800,0.671981,-1.494982,0.545486,0.973267,0.468310,0.408134,1.034686,-0.526219,0.666495,0.106941,0.535701,0.398689,0.082113,-0.908832,0.131767,1.325065,-1.736195,-1.356671,1.230043,-1.441840,0.355204,0.222439,-0.769302,0.474875,0.196308,-0.000846,0.378525
32.585039,0.718896,0.674747,-1.499537,0.538795,0.973987,0.468575,0.406913,0.957014,-0.449516,0.580479,0.047532,0.538308,0.391035,0.081821,-0.908478,0.131987,1.324311,-1.735720,-1.356469,1.230044,-1.441468,0.353988,0.222133,-0.766950,0.473992,0.198542,-0.000840,0.376974
32.586043,0.719080,0.673124,-1.503673,0.534954,0.971831,0.468321,0.404214,0.870440,-0.366850,0.485746,-0.009212,0.540153,0.382900,0.081549,-0.908136,0.132205,1.323554,-1.735241,-1.356271,1.230042,-1.441081,0.351467,0.220493,-0.764432,0.476336,0.198293,-0.001170,0.380066
32.587093,0.727476,0.679291,-1.498316,0.529148,0.972067,0.469226,0.404413,0.779294,-0.281574,0.386641,-0.062323,0.541178,0.374661,0.081353,-0.907780,0.132423,1.322792,-1.734765,-1.356068,1.230042,-1.440689,0.352227,0.221045,-0.761969,0.475756,0.200890,-0.000978,0.386046
32.588020,0.725490,0.676304,-1.504310,0.519514,0.973245,0.469220,0.405670,0.688430,-0.197060,0.287911,-0.110932,0.541379,0.366745,0.081239,-0.907438,0.132636,1.322033,-1.734278,-1.355866,1.230036,-1.440299,0.349212,0.217821,-0.764736,0.477268,0.201156,-0.001930,0.386250
32.588952,0.725451,0.675839,-1.503318,0.515521,0.971364,0.469505,0.402850,0.602781,-0.115326,0.194127,-0.156433,0.541045,0.359552,0.081156,-0.907084,0.132859,1.321279,-1.733793,-1.355669,1.230034,-1.439913,0.350703,0.218838,-0.760695,0.481771,0.200252,-0.001969,0.384130
32.590073,0.733457,0.676575,-1.507799,0.509511,0.973826,0.467975,0.402825,0.520873,-0.035418,0.103870,-0.199705,0.540203,0.352876,0.081110,-0.906727,0.133077,1.320517,-1.733309,-1.355461,1.230031,-1.439515,0.351166,0.218622,-0.760203,0.480634,0.202349,-0.002302,0.390234
32.591165,0.742109,0.677063,-1.503673,0.505602,0.974382,0.467754,0.402809,0.372684,0.110776,-0.060278,-0.273837,0.536661,0.341289,0.081275,-0.906048,0.133510,1.318999,-1.732340,-1.355058,1.230034,-1.438725,0.345872,0.217969,-0.761117,0.482831,0.200661,-0.000720,0.391783
32.591964,0.748148,0.675135,-1.506692,0.501629,0.973670,0.468182,0.402750,0.372684,0.110776,-0.060278,-0.273837,0.536661,0.341289,0.081275,-0.906048,0.133510,1.318999,-1.732340,-1.355058,1.230034,-1.438725,0.345872,0.217969,-0.761117,0.482831,0.200661,-0.000720,0.391783
32.592952,0.754055,0.680839,-1.508843,0.498317,0.973312,0.470316,0.401468,0.319634,0.167257,-0.120869,-0.303056,0.534451,0.337439,0.081442,-0.905709,0.133729,1.318253,-1.731859,-1.354853,1.230034,-1.438337,0.342836,0.218170,-0.757557,0.480838,0.201275,-0.001211,0.392036
32.594011,0.755698,0.685824,-1.509629,0.498228,0.972666,0.470024,0.398543,0.280692,0.211755,-0.166666,-0.324389,0.531801,0.334990,0.081653,-0.905373,0.133938,1.317497,-1.731387,-1.354648,1.230029,-1.437934,0.340876,0.215093,-0.756036,0.479752,0.201982,-0.003398,0.395103
32.595037,0.751917,0.684846,-1.502254,0.492280,0.969363,0.469788,0.400418,0.248703,0.249755,-0.204544,-0.336416,0.528416,0.333519,0.081933,-0.905029,0.134143,1.316736,-1.730915,-1.354447,1.230028,-1.437520,0.341323,0.212611,-0.755754,0.475914,0.203202,-0.003155,0.401577
32.596003,0.757497,0.682957,-1.498059,0.490761,0.970653,0.469604,0.400027,0.219162,0.284237,-0.238798,-0.338446,0.524158,0.332667,0.082276,-0.904685,0.134356,1.315976,-1.730431,-1.354237,1.230028,-1.437127,0.344306,0.212965,-0.759290,0.477478,0.206916,-0.002990,0.398326
32.597099,0.767719,0.687881,-1.504595,0.488615,0.971468,0.467221,0.398017,0.194333,0.312348,-0.267008,-0.330847,0.519208,0.332443,0.082649,-0.904346,0.134569,1.315211,-1.729963,-1.354034,1.230025,-1.436721,0.342306,0.213612,-0.760589,0.474502,0.205897,-0.002852,0.399572
32.598000,0.771953,0.685166,-1.502729,0.484780,0.969766,0.466108,0.396747,0.178023,0.330910,-0.285203,-0.314556,0.513854,0.333054,0.083082,-0.904014,0.134776,1.314465,-1.729494,-1.353830,1.230028,-1.436312,0.338751,0.211195,-0.757889,0.473070,0.205720,-0.000546,0.404312
32.598933,0.766748,0.685010,-1.501597,0.484276,0.970025,0.465935,0.396010,0.169789,0.340870,-0.293828,-0.291379,0.508263,0.334416,0.083602,-0.903683,0.134990,1.313707,-1.729030,-1.353615,1.230028,-1.435900,0.337257,0.212121,-0.757598,0.472096,0.207483,0.000492,0.407091
32.600031,0.771377,0.685083,-1.498108,0.485533,0.970982,0.466619,0.395845,0.165632,0.344266,-0.296814,-0.261816,0.502259,0.336105,0.084171,-0.903335,0.135198,1.312944,-1.728569,-1.353411,1.230028,-1.435490,0.340459,0.211860,-0.757130,0.468052,0.207427,0.000590,0.408887
32.601028,0.776379,0.682404,-1.497189,0.484087,0.971268,0.465813,0.393817,0.161628,0.341774,-0.297691,-0.223965,0.495396,0.337774,0.084766,-0.903000,0.135412,1.312190,-1.728117,-1.353206,1.230030,-1.435075,0.339652,0.211819,-0.759414,0.463643,0.207094,-0.000192,0.409872
32.602065,0.787881,0.681338,-1.494819,0.482571,0.972713,0.466010,0.394124,0.159966,0.330924,-0.294152,-0.177276,0.487639,0.339606,0.085394,-0.902664,0.135627,1.311427,-1.727670,-1.353003,1.230033,-1.434648,0.338166,0.212914,-0.759379,0.461355,0.207203,0.000544,0.414360
32.603058,0.790972,0.679833,-1.494158,0.484596,0.975949,0.464344,0.395850,0.167266,0.307755,-0.280010,-0.124165,0.479495,0.342079,0.086049,-0.902340,0.135839,1.310673,-1.727217,-1.352797,1.230032,-1.434238,0.333760,0.213316,-0.760561,0.459266,0.206211,0.000273,0.414258
32.603999,0.792474,0.679677,-1.491687,0.484400,0.976836,0.463218,0.394223,0.187294,0.270362,-0.251925,-0.066645,0.471381,0.345440,0.086693,-0.902011,0.136051,1.309910,-1.726778,-1.352598,1.230037,-1.433831,0.333340,0.213838,-0.760374,0.453639,0.203375,0.001855,0.411248
32.605086,0.790205,0.682465,-1.493690,0.482062,0.976703,0.463002,0.393712,0.216336,0.221023,-0.213632,-0.004478,0.463221,0.349350,0.087320,-0.901676,0.136263,1.309144,-1.726336,-1.352397,1.230042,-1.433415,0.333352,0.213569,-0.760612,0.449828,0.202789,0.002878,0.414894
32.606018,0.793911,0.682382,-1.496427,0.481898,0.978092,0.461914,0.394411,0.245259,0.167095,-0.174408,0.060887,0.454911,0.353026,0.087954,-0.901338,0.136472,1.308387,-1.725885,-1.352193,1.230044,-1.432990,0.335962,0.212183,-0.759982,0.449009,0.203535,0.002998,0.416498
32.607069,0.791655,0.683077,-1.493824,0.482156,0.979084,0.461808,0.394446,0.265383,0.116755,-0.143216,0.126265,0.446525,0.355732,0.088585,-0.901005,0.136684,1.307626,-1.725450,-1.351992,1.230050,-1.432571,0.334809,0.211873,-0.757597,0.445236,0.202392,0.003996,0.415367
32.608066,0.789740,0.682607,-1.491456,0.482475,0.982014,0.462687,0.395153,0.272931,0.073165,-0.123817,0.190726,0.438056,0.357142,0.089187,-0.900663,0.136894,1.306853,-1.725009,-1.351794,1.230051,-1.432156,0.337201,0.211449,-0.758802,0.441764,0.201980,0.004012,0.415879
32.608941,0.790409,0.677765,-1.484671,0.478476,0.984011,0.464153,0.397561,0.268212,0.035616,-0.115769,0.254927,0.429473,0.357286,0.089728,-0.900324,0.137107,1.306097,-1.724585,-1.351597,1.230053,-1.431743,0.339137,0.211465,-0.759599,0.438249,0.199479,0.003043,0.414905
32.609969,0.792149,0.671284,-1.488257,0.478548,0.983668,0.464711,0.396701,0.255360,0.001195,-0.115091,0.318299,0.421030,0.356464,0.090162,-0.899983,0.137321,1.305326,-1.724146,-1.351404,1.230052,-1.431337,0.339129,0.213377,-0.761376,0.437883,0.197687,0.001515,0.410281
32.610969,0.789118,0.672233,-1.480101,0.477982,0.985985,0.464146,0.397052,0.240591,-0.035017,-0.115854,0.380043,0.413045,0.355101,0.090469,-0.899640,0.137541,1.304577,-1.723715,-1.351204,1.230052,-1.430925,0.339363,0.216382,-0.759510,0.434631,0.198555,0.000892,0.412594
32.611941,0.783756,0.671439,-1.477818,0.474753,0.987348,0.462128,0.398526,0.209408,-0.117568,-0.117853,0.500179,0.398200,0.351207,0.090820,-0.898944,0.137973,1.303037,-1.722860,-1.350817,1.230056,-1.430109,0.345231,0.215696,-0.763439,0.431752,0.195785,0.003341,0.409804
32.613040,0.784222,0.669853,-1.472903,0.473950,0.988615,0.461784,0.397830,0.209408,-0.117568,-0.117853,0.500179,0.398200,0.351207,0.090820,-0.898944,0.137973,1.303037,-1.722860,-1.350817,1.230056,-1.430109,0.345231,0.215696,-0.763439,0.431752,0.195785,0.003341,0.409804
32.613950,0.789376,0.664577,-1.472429,0.471023,0.992047,0.460227,0.398934,0.188659,-0.158041,-0.123795,0.556178,0.391255,0.348451,0.090942,-0.898598,0.138191,1.302272,-1.722432,-1.350623,1.230060,-1.429692,0.346402,0.216435,-0.766318,0.429988,0.195249,0.003564,0.411899
32.614930,0.793050,0.668638,-1.473436,0.472896,0.992946,0.461182,0.399832,0.167427,-0.198946,-0.130359,0.608042,0.384730,0.345347,0.091098,-0.898255,0.138410,1.301508,-1.722008,-1.350436,1.230071,-1.429286,0.344294,0.218580,-0.765268,0.429127,0.192132,0.005009,0.409952
32.615964,0.789514,0.673968,-1.474735,0.469638,0.996575,0.463004,0.399782,0.149045,-0.242267,-0.134321,0.656296,0.378595,0.342162,0.091306,-0.897911,0.138620,1.300756,-1.721595,-1.350247,1.230073,-1.428884,0.343306,0.216272,-0.764288,0.424162,0.191757,0.003948,0.408630
32.617168,0.783972,0.675137,-1.468917,0.469164,0.998038,0.464907,0.400616,0.128534,-0.282311,-0.140829,0.700949,0.372597,0.338663,0.091557,-0.897559,0.138831,1.299991,-1.721177,-1.350067,1.230071,-1.428474,0.346137,0.213482,-0.763462,0.424681,0.188811,0.002055,0.409296
32.618011,0.787154,0.675635,-1.470475,0.467343,1.000624,0.465074,0.400935,0.099496,-0.311787,-0.156659,0.740416,0.366627,0.334474,0.091832,-0.897195,0.139041,1.299213,-1.720755,-1.349884,1.230068,-1.428072,0.350661,0.213216,-0.767570,0.423452,0.188470,0.000088,0.408551
32.618979,0.789886,0.670798,-1.467641,0.467096,1.002619,0.465447,0.402345,0.061796,-0.330222,-0.182008,0.774583,0.360671,0.329650,0.092121,-0.896849,0.139253,1.298457,-1.720335,-1.349702,1.230067,-1.427663,0.349132,0.212382,-0.764994,0.421085,0.186096,-0.000116,0.408064
32.619939,0.796591,0.673942,-1.467422,0.459811,1.003515,0.464880,0.404245,0.020065,-0.342562,-0.211934,0.805519,0.354688,0.324633,0.092424,-0.896501,0.139473,1.297688,-1.719927,-1.349521,1.230066,-1.427259,0.348515,0.214453,-0.765657,0.418345,0.184654,-0.000553,0.405657
32.621038,0.795326,0.670942,-1.469984,0.457426,1.006612,0.464441,0.405535,-0.019116,-0.353340,-0.240124,0.832644,0.349046,0.319974,0.092706,-0.896157,0.139683,1.296915,-1.719500,-1.349341,1.230067,-1.426865,0.345883,0.212553,-0.764835,0.422158,0.184301,-0.000047,0.402302
32.622003,0.794483,0.669840,-1.469451,0.455928,1.006996,0.464633,0.406341,-0.052987,-0.362054,-0.264597,0.852268,0.344372,0.315849,0.092923,-0.895809,0.139901,1.296157,-1.719085,-1.349160,1.230065,-1.426466,0.347952,0.214043,-0.764027,0.422250,0.182049,0.000322,0.400463
32.622941,0.794262,0.664597,-1.464248,0.451594,1.010338,0.463823,0.407009,-0.084463,-0.366942,-0.288234,0.864533,0.340686,0.311965,0.093066,-0.895457,0.140112,1.295388,-1.718667,-1.348977,1.230065,-1.426074,0.349033,0.214293,-0.763465,0.420471,0.182201,0.000060,0.399334
32.623988,0.795404,0.664746,-1.458935,0.449084,1.010431,0.463941,0.406849,-0.114122,-0.369867,-0.311121,0.872514,0.337727,0.308233,0.093144,-0.895108,0.140332,1.294627,-1.718244,-1.348805,1.230067,-1.425677,0.349716,0.216480,-0.765134,0.421237,0.179391,0.000801,0.398398
32.625042,0.802013,0.666411,-1.454379,0.444816,1.013156,0.463715,0.408257,-0.137462,-0.374521,-0.328735,0.877149,0.335600,0.304972,0.093175,-0.894754,0.140550,1.293850,-1.717830,-1.348622,1.230066,-1.425270,0.350200,0.216212,-0.767594,0.421144,0.180046,0.000603,0.399324
32.625950,0.806677,0.669117,-1.446832,0.442192,1.012450,0.463556,0.408617,-0.149287,-0.382946,-0.336193,0.877413,0.334623,0.302644,0.093174,-0.894407,0.140762,1.293070,-1.717403,-1.348448,1.230067,-1.424883,0.348056,0.215285,-0.769694,0.422573,0.178120,0.000758,0.397156
32.626939,0.813120,0.667183,-1.448954,0.440071,1.011497,0.465327,0.408883,-0.145703,-0.395447,-0.329908,0.872062,0.335061,0.301689,0.093122,-0.894067,0.140973,1.292301,-1.716981,-1.348269,1.230066,-1.424485,0.346253,0.213510,-0.772150,0.421398,0.179275,0.000857,0.396784
32.628098,0.807448,0.666468,-1.447098,0.434804,1.013589,0.465582,0.408779,-0.126425,-0.411797,-0.309477,0.862063,0.336736,0.302240,0.093020,-0.893725,0.141188,1.291532,-1.716566,-1.348086,1.230063,-1.424085,0.343941,0.214228,-0.770427,0.420502,0.180811,-0.000984,0.396748
32.628999,0.802208,0.663588,-1.441956,0.431560,1.013845,0.466650,0.406668,-0.097063,-0.429183,-0.280284,0.848512,0.339188,0.303817,0.092889,-0.893366,0.141405,1.290765,-1.716138,-1.347908,1.230060,-1.423692,0.348409,0.214685,-0.772280,0.423648,0.179729,-0.001286,0.397845
32.629983,0.807408,0.660770,-1.433859,0.429475,1.015147,0.466537,0.407174,-0.066021,-0.442859,-0.250593,0.831270,0.341999,0.305629,0.092754,-0.893013,0.141623,1.289985,-1.715721,-1.347727,1.230054,-1.423277,0.351354,0.215612,-0.773338,0.423186,0.179865,-0.002391,0.402349
32.631092,0.824122,0.659240,-1.439626,0.424851,1.017738,0.464848,0.405708,-0.034992,-0.453489,-0.221731,0.811833,0.344833,0.307521,0.092645,-0.892669,0.141839,1.289197,-1.715300,-1.347552,1.230052,-1.422879,0.349560,0.216731,-0.776520,0.422052,0.179196,-0.002320,0.401776
32.631950,0.836870,0.660382,-1.429477,0.419783,1.019589,0.463542,0.404138,0.003655,-0.467104,-0.186053,0.790656,0.347837,0.310126,0.092571,-0.892344,0.142059,1.288432,-1.714871,-1.347379,1.230051,-1.422464,0.342876,0.217432,-0.774058,0.424170,0.177562,-0.000690,0.405435
32.632955,0.833983,0.658880,-1.423192,0.414045,1.019108,0.461843,0.405924,0.059475,-0.488188,-0.134771,0.764749,0.351666,0.314209,0.092525,-0.892016,0.142273,1.287647,-1.714441,-1.347207,1.230054,-1.422046,0.336927,0.216285,-0.777249,0.424923,0.176078,0.000539,0.408715
32.634027,0.833543,0.661715,-1.411599,0.412088,1.021067,0.462001,0.404382,0.135608,-0.516939,-0.065456,0.731719,0.356747,0.319993,0.092463,-0.891670,0.142488,1.286868,-1.714013,-1.347028,1.230060,-1.421649,0.339406,0.216809,-0.779789,0.427446,0.177242,0.002133,0.405618
32.635006,0.843372,0.665631,-1.413163,0.407792,1.020575,0.462472,0.403393,0.225984,-0.549541,0.015927,0.692193,0.362902,0.326932,0.092345,-0.891329,0.142700,1.286072,-1.713590,-1.346852,1.230062,-1.421234,0.340963,0.215325,-0.785402,0.426735,0.176105,0.001871,0.409378
32.636048,0.849869,0.666392,-1.405789,0.402424,1.020874,0.463239,0.403949,0.323112,-0.581220,0.102393,0.647649,0.369858,0.334481,0.092172,-0.891002,0.142909,1.285284,-1.713160,-1.346671,1.230062,-1.420812,0.337033,0.213147,-0.783620,0.427598,0.177183,0.001327,0.411728
32.637067,0.859740,0.663372,-1.408918,0.397572,1.022097,0.462917,0.404739,0.424077,-0.609218,0.191217,0.597944,0.377658,0.342485,0.091930,-0.890674,0.143120,1.284499,-1.712720,-1.346495,1.230061,-1.420402,0.335148,0.212670,-0.787001,0.429704,0.177648,0.000488,0.411147
32.637982,0.857685,0.657387,-1.405097,0.394434,1.021287,0.465337,0.404164,0.529247,-0.634260,0.282771,0.542736,0.386441,0.350891,0.091593,-0.890347,0.143339,1.283711,-1.712284,-1.346322,1.230061,-1.419992,0.331443,0.213958,-0.784807,0.431238,0.177170,0.000749,0.410077
32.639007,0.851559,0.657763,-1.402494,0.388243,1.018708,0.465540,0.405255,0.636346,-0.658295,0.375279,0.484673,0.395895,0.359370,0.091175,-0.890009,0.143555,1.282920,-1.711850,-1.346139,1.230054,-1.419582,0.333116,0.216501,-0.785221,0.430356,0.178395,-0.001719,0.411550
32.640063,0.856655,0.659684,-1.403888,0.380104,1.016844,0.465508,0.404295,0.736930,-0.679360,0.461120,0.427440,0.405326,0.367183,0.090716,-0.889667,0.143772,1.282135,-1.711414,-1.345950,1.230053,-1.419174,0.337293,0.216069,-0.786034,0.433293,0.181587,-0.001960,0.409872
32.641050,0.857248,0.655444,-1.400900,0.372946,1.013979,0.465332,0.404920,0.822605,-0.691215,0.531974,0.370160,0.414468,0.373695,0.090222,-0.889335,0.143982,1.281349,-1.710964,-1.345761,1.230049,-1.418757,0.336060,0.215044,-0.785083,0.438051,0.184123,-0.001981,0.412398
32.641928,0.866611,0.649949,-1.396009,0.369177,1.014693,0.462264,0.405051,0.892387,-0.691142,0.586388,0.309791,0.423487,0.378871,0.089675,-0.888995,0.144203,1.280565,-1.710509,-1.345569,1.230048,-1.418352,0.336711,0.216848,-0.785784,0.441197,0.187477,-0.001867,0.411585
32.642979,0.863072,0.648086,-1.396456,0.359963,1.014413,0.461889,0.404348,0.953119,-0.685500,0.631232,0.247513,0.432347,0.383239,0.089110,-0.888672,0.144429,1.279775,-1.710073,-1.345380,1.230058,-1.417939,0.332555,0.218932,-0.786400,0.440622,0.186969,0.001113,0.411534
32.644003,0.865129,0.649769,-1.395861,0.355116,1.012805,0.461158,0.404301,1.009989,-0.680211,0.671930,0.185578,0.440847,0.387144,0.088606,-0.888330,0.144648,1.278977,-1.709612,-1.345192,1.230058,-1.417524,0.335622,0.219673,-0.785739,0.446205,0.187942,0.001387,0.413525
32.645104,0.868167,0.654736,-1.394368,0.353508,1.013215,0.458939,0.404156,1.059146,-0.672238,0.704672,0.123600,0.448736,0.390258,0.088194,-0.887998,0.144864,1.278196,-1.709157,-1.344997,1.230063,-1.417109,0.335778,0.218613,-0.785594,0.447272,0.190097,0.002022,0.414113
32.645996,0.865570,0.651335,-1.380642,0.346777,1.011309,0.459318,0.405014,1.095608,-0.657418,0.724767,0.062646,0.455603,0.392312,0.087855,-0.887663,0.145073,1.277399,-1.708714,-1.344807,1.230071,-1.416688,0.335817,0.216176,-0.786375,0.445931,0.190443,0.004126,0.415050
32.647096,0.879414,0.651657,-1.383591,0.343100,1.012520,0.460279,0.402789,1.121499,-0.637792,0.734752,0.005454,0.461187,0.393586,0.087572,-0.887319,0.145292,1.276604,-1.708258,-1.344608,1.230070,-1.416282,0.337537,0.217360,-0.791512,0.448002,0.192549,0.003666,0.413576
32.647976,0.881761,0.652921,-1.375203,0.335807,1.010341,0.462934,0.402476,1.144871,-0.619526,0.742689,-0.047089,0.465706,0.394700,0.087335,-0.886998,0.145512,1.275810,-1.707811,-1.344418,1.230070,-1.415853,0.332274,0.217116,-0.790025,0.448646,0.192085,0.002626,0.418701
32.649001,0.882470,0.655361,-1.377620,0.332066,1.012629,0.464438,0.402742,1.172501,-0.606313,0.755019,-0.096040,0.469613,0.396216,0.087152,-0.886667,0.145724,1.275008,-1.707352,-1.344214,1.230067,-1.415431,0.331628,0.215977,-0.792303,0.451110,0.194398,-0.000092,0.419457
32.649947,0.873546,0.654985,-1.374265,0.325607,1.011477,0.465815,0.403477,1.202482,-0.595332,0.769721,-0.142338,0.473097,0.398069,0.087016,-0.886333,0.145937,1.274228,-1.706899,-1.344025,1.230064,-1.415009,0.332480,0.214588,-0.790616,0.451144,0.192667,-0.001638,0.419395
32.651075,0.872642,0.661182,-1.372925,0.320681,1.010519,0.466470,0.403460,1.224678,-0.579662,0.777121,-0.185527,0.475904,0.399482,0.086916,-0.885987,0.146154,1.273437,-1.706449,-1.343829,1.230060,-1.414588,0.337638,0.214397,-0.791062,0.453448,0.194191,-0.003054,0.418233
32.651984,0.879980,0.659561,-1.375894,0.317221,1.008921,0.465152,0.401673,1.229719,-0.552882,0.768338,-0.225629,0.477807,0.399719,0.086871,-0.885641,0.146358,1.272640,-1.705993,-1.343629,1.230053,-1.414167,0.339627,0.211452,-0.791999,0.455324,0.195893,-0.003738,0.418990
32.652930,0.884529,0.660223,-1.373615,0.315386,1.007780,0.463553,0.400841,1.216917,-0.514261,0.742916,-0.262735,0.478847,0.398789,0.086918,-0.885312,0.146572,1.271866,-1.705545,-1.343428,1.230052,-1.413737,0.336565,0.211851,-0.789108,0.454393,0.197688,-0.002463,0.422796
32.654026,0.892270,0.660634,-1.373984,0.315138,1.007804,0.462424,0.403448,1.192334,-0.469836,0.707279,-0.294418,0.478999,0.397211,0.087058,-0.884979,0.146779,1.271079,-1.705098,-1.343227,1.230057,-1.413304,0.335106,0.211236,-0.789065,0.452102,0.199123,-0.000953,0.424712
32.655100,0.891269,0.663899,-1.373862,0.313375,1.008938,0.461619,0.404577,1.163238,-0.427249,0.669043,-0.317198,0.478165,0.395563,0.087258,-0.884652,0.146989,1.270300,-1.704648,-1.343027,1.230058,-1.412886,0.332869,0.211070,-0.789088,0.449236,0.199749,0.000088,0.420077
32.655992,0.888086,0.664190,-1.372718,0.310888,1.005717,0.461538,0.403276,1.132599,-0.389501,0.631260,-0.329432,0.476314,0.394070,0.087479,-0.884315,0.147197,1.269511,-1.704205,-1.342825,1.230060,-1.412471,0.334805,0.209427,-0.789022,0.447889,0.199200,0.000804,0.418461
32.656986,0.894754,0.664475,-1.367938,0.308996,1.005356,0.460671,0.406135,1.096355,-0.353580,0.589942,-0.331282,0.473336,0.392378,0.087717,-0.883969,0.147403,1.268720,-1.703758,-1.342617,1.230059,-1.412052,0.336780,0.208899,-0.787869,0.445913,0.202547,0.000820,0.421318
32.657995,0.898816,0.664439,-1.362627,0.306724,1.005547,0.459311,0.405859,1.053375,-0.318526,0.543949,-0.323418,0.469219,0.390349,0.087977,-0.883641,0.147611,1.267937,-1.703317,-1.342412,1.230062,-1.411645,0.334504,0.208579,-0.789553,0.444195,0.203246,0.001607,0.415995
32.658990,0.907306,0.666033,-1.361483,0.307113,1.004567,0.458953,0.403452,1.011582,-0.289287,0.500816,-0.307326,0.464338,0.388530,0.088241,-0.883307,0.147818,1.267138,-1.702873,-1.342208,1.230067,-1.411225,0.333600,0.208479,-0.791406,0.442885,0.203462,0.002872,0.417063
32.659950,0.910841,0.668082,-1.366615,0.307582,1.003437,0.459986,0.406082,0.978194,-0.270117,0.467443,-0.284427,0.459056,0.387413,0.088529,-0.882979,0.148022,1.266345,-1.702445,-1.342001,1.230068,-1.410796,0.330442,0.207535,-0.791109,0.439158,0.204804,0.003146,0.422307
32.661069,0.908826,0.676608,-1.361442,0.306086,1.005665,0.461256,0.405730,0.951852,-0.259906,0.442645,-0.254680,0.453269,0.386889,0.088868,-0.882656,0.148227,1.265569,-1.702023,-1.341789,1.230066,-1.410383,0.329686,0.206292,-0.787568,0.435290,0.206149,0.002042,0.417325
32.661999,0.904329,0.677160,-1.364095,0.307185,1.005001,0.461632,0.407169,0.889486,-0.238677,0.387944,-0.180009,0.439610,0.385410,0.089557,-0.881981,0.148622,1.263997,-1.701172,-1.341381,1.230061,-1.409552,0.335280,0.201796,-0.787819,0.429621,0.205477,0.000288,0.416188
32.663068,0.911125,0.680400,-1.355942,0.306594,1.005233,0.462369,0.407977,0.889486,-0.238677,0.387944,-0.180009,0.439610,0.385410,0.089557,-0.881981,0.148622,1.263997,-1.701172,-1.341381,1.230061,-1.409552,0.335280,0.201796,-0.787819,0.429621,0.205477,0.000288,0.416188
32.664106,0.921485,0.678925,-1.361743,0.306689,1.006634,0.462591,0.406857,0.844140,-0.219768,0.348670,-0.137249,0.431677,0.383767,0.089879,-0.881650,0.148821,1.263197,-1.700753,-1.341174,1.230059,-1.409136,0.333272,0.200273,-0.791657,0.427688,0.205773,-0.000513,0.415183
32.664979,0.926050,0.679239,-1.355893,0.305510,1.006499,0.460852,0.406901,0.797915,-0.201732,0.309740,-0.091939,0.423481,0.382177,0.090213,-0.881325,0.149023,1.262421,-1.700336,-1.340971,1.230057,-1.408718,0.329442,0.201037,-0.788421,0.424842,0.204854,-0.000792,0.417986
32.666043,0.926996,0.683557,-1.359665,0.305089,1.006511,0.460011,0.407816,0.758733,-0.190160,0.278697,-0.045603,0.415543,0.381189,0.090565,-0.881005,0.149224,1.261628,-1.699926,-1.340765,1.230060,-1.408297,0.327765,0.200488,-0.789476,0.422302,0.205059,0.000892,0.418032
32.666986,0.923225,0.677988,-1.351776,0.302396,1.005974,0.459084,0.408133,0.725423,-0.184028,0.254229,0.000656,0.408043,0.380613,0.090930,-0.880671,0.149415,1.260836,-1.699512,-1.340557,1.230061,-1.407883,0.328716,0.198499,-0.787319,0.420248,0.205555,0.001643,0.416784
32.667975,0.928421,0.676870,-1.356274,0.304443,1.006403,0.457793,0.409193,0.693118,-0.179878,0.231404,0.045922,0.401028,0.379920,0.091298,-0.880337,0.149625,1.260048,-1.699093,-1.340349,1.230067,-1.407468,0.331390,0.201016,-0.790078,0.419504,0.206313,0.002468,0.416496
32.669069,0.939138,0.675987,-1.353431,0.303392,1.006068,0.459898,0.409316,0.660298,-0.178709,0.208965,0.091203,0.394432,0.378804,0.091653,-0.880010,0.149827,1.259258,-1.698694,-1.340143,1.230072,-1.407055,0.329843,0.201430,-0.786901,0.414771,0.206210,0.003663,0.414802
32.670024,0.947127,0.673730,-1.355495,0.305022,1.003777,0.460177,0.409289,0.630474,-0.184184,0.190580,0.137592,0.388332,0.377500,0.091982,-0.879688,0.150029,1.258460,-1.698286,-1.339935,1.230074,-1.406642,0.326142,0.201998,-0.788320,0.413730,0.207138,0.001436,0.415240
32.670918,0.950807,0.671514,-1.350052,0.303847,1.000150,0.461344,0.409625,0.609763,-0.199933,0.182091,0.184888,0.383010,0.376564,0.092270,-0.879375,0.150236,1.257679,-1.697892,-1.339721,1.230075,-1.406227,0.323247,0.202882,-0.786199,0.409323,0.209626,0.001102,0.415655
32.672080,0.944593,0.670664,-1.354037,0.305559,0.997770,0.461501,0.411170,0.600658,-0.227733,0.185822,0.233707,0.378470,0.376254,0.092495,-0.879054,0.150439,1.256885,-1.697489,-1.339500,1.230074,-1.405818,0.322100,0.203631,-0.787214,0.407111,0.213226,-0.000129,0.415229
32.672966,0.942394,0.672227,-1.349600,0.303887,0.993737,0.461431,0.411503,0.597203,-0.264065,0.195941,0.285171,0.374301,0.376122,0.092670,-0.878720,0.150646,1.256104,-1.697089,-1.339271,1.230072,-1.405407,0.327154,0.204286,-0.785951,0.403933,0.216141,-0.000349,0.412931
32.673915,0.945877,0.668199,-1.353826,0.304426,0.992005,0.461704,0.410255,0.588315,-0.301018,0.201575,0.339353,0.369965,0.375317,0.092852,-0.878385,0.150848,1.255314,-1.696695,-1.339043,1.230072,-1.404992,0.328700,0.203126,-0.786416,0.402379,0.220054,-0.000334,0.412503
32.674994,0.939403,0.669932,-1.347606,0.302922,0.990180,0.460815,0.411058,0.568340,-0.333818,0.197060,0.395439,0.365152,0.373458,0.093095,-0.878056,0.151053,1.254526,-1.696303,-1.338819,1.230070,-1.404578,0.327799,0.204924,-0.783075,0.399058,0.221829,-0.000666,0.415378
32.676050,0.942652,0.670468,-1.345116,0.302854,0.988712,0.460326,0.409323,0.537580,-0.362042,0.182489,0.452451,0.359770,0.370601,0.093418,-0.877720,0.151258,1.253740,-1.695904,-1.338588,1.230075,-1.404165,0.332528,0.204090,-0.786214,0.398577,0.223972,0.000132,0.414368
32.676959,0.939256,0.674898,-1.345759,0.301555,0.985005,0.460484,0.407291,0.498107,-0.385619,0.159527,0.508676,0.353909,0.366919,0.093807,-0.877388,0.151459,1.252947,-1.695514,-1.338361,1.230077,-1.403737,0.332226,0.203879,-0.787118,0.396675,0.225732,0.000529,0.418407
32.678046,0.934431,0.671627,-1.341351,0.303551,0.987075,0.460888,0.408459,0.451091,-0.403075,0.128879,0.562260,0.347663,0.362571,0.094254,-0.877047,0.151656,1.252173,-1.695124,-1.338123,1.230076,-1.403307,0.334467,0.201397,-0.785413,0.394974,0.229290,0.000305,0.422678
32.678940,0.936219,0.670864,-1.337835,0.302467,0.986452,0.460121,0.407146,0.394514,-0.412716,0.088534,0.613472,0.340837,0.357468,0.094753,-0.876704,0.151865,1.251379,-1.694737,-1.337897,1.230079,-1.402890,0.338289,0.203104,-0.787593,0.391301,0.227553,-0.000192,0.420912
32.679971,0.939312,0.672588,-1.333630,0.304856,0.987755,0.460113,0.406668,0.330457,-0.417719,0.040782,0.663952,0.333347,0.351757,0.095310,-0.876364,0.152067,1.250586,-1.694356,-1.337668,1.230082,-1.402454,0.337815,0.203124,-0.787597,0.389519,0.228075,0.000508,0.423732
32.680931,0.942381,0.674650,-1.336787,0.303859,0.985659,0.459313,0.404772,0.265541,-0.423201,-0.007813,0.714296,0.325477,0.345977,0.095934,-0.876032,0.152269,1.249801,-1.693973,-1.337439,1.230082,-1.402026,0.337518,0.202239,-0.789282,0.385142,0.226979,0.000434,0.425145
32.682050,0.946937,0.673104,-1.336551,0.302874,0.984147,0.459947,0.403154,0.202886,-0.430012,-0.054338,0.763891,0.317550,0.340452,0.096611,-0.875695,0.152472,1.249020,-1.693596,-1.337208,1.230084,-1.401588,0.336790,0.201003,-0.786638,0.383847,0.229122,0.001160,0.429240
32.682966,0.943240,0.673568,-1.336216,0.297036,0.982932,0.458247,0.403146,0.142761,-0.436632,-0.098984,0.810929,0.309902,0.335183,0.097304,-0.875357,0.152676,1.248240,-1.693211,-1.336970,1.230085,-1.401151,0.336141,0.201962,-0.787171,0.383432,0.230975,0.000429,0.433092
32.684098,0.944549,0.675605,-1.334447,0.298254,0.981562,0.458851,0.402804,0.085118,-0.441048,-0.142579,0.852121,0.303022,0.330004,0.097957,-0.875016,0.152880,1.247456,-1.692822,-1.336730,1.230090,-1.400711,0.338573,0.201403,-0.785895,0.386406,0.232010,0.002058,0.433249
32.685023,0.942405,0.676866,-1.339851,0.293283,0.977501,0.459636,0.401571,0.027874,-0.440198,-0.187662,0.885182,0.297209,0.324647,0.098514,-0.874672,0.153078,1.246665,-1.692440,-1.336493,1.230085,-1.400279,0.339515,0.200646,-0.787178,0.383901,0.233773,0.001382,0.434614
32.685957,0.949708,0.679563,-1.331494,0.288361,0.975631,0.459801,0.402606,-0.032649,-0.430983,-0.237782,0.910185,0.292369,0.318885,0.098954,-0.874331,0.153280,1.245899,-1.692050,-1.336249,1.230085,-1.399836,0.341194,0.199752,-0.783285,0.386031,0.237664,0.000534,0.437280
32.687033,0.944518,0.678910,-1.333095,0.284631,0.975597,0.459320,0.400034,-0.095861,-0.412065,-0.292610,0.925712,0.288636,0.312863,0.099259,-0.873994,0.153477,1.245105,-1.691661,-1.336008,1.230085,-1.399397,0.338190,0.198216,-0.786143,0.388179,0.239365,0.000309,0.435383
32.688062,0.950599,0.676342,-1.333992,0.285228,0.973666,0.461087,0.399311,-0.156620,-0.385076,-0.347567,0.929612,0.286356,0.307001,0.099423,-0.873642,0.153676,1.244316,-1.691270,-1.335765,1.230085,-1.398951,0.342086,0.198677,-0.785217,0.390051,0.239572,0.000720,0.441095
32.688979,0.950081,0.674245,-1.336389,0.282105,0.974179,0.460118,0.399687,-0.213220,-0.353296,-0.400533,0.924200,0.285263,0.301418,0.099485,-0.873308,0.153878,1.243543,-1.690884,-1.335519,1.230081,-1.398502,0.340196,0.199941,-0.784450,0.387368,0.241565,-0.001119,0.442880
32.690110,0.947026,0.674882,-1.334155,0.279501,0.972906,0.460954,0.398553,-0.265871,-0.320533,-0.450835,0.914201,0.284747,0.296108,0.099502,-0.872964,0.154079,1.242763,-1.690498,-1.335284,1.230082,-1.398054,0.341016,0.200724,-0.781863,0.387686,0.240903,-0.000191,0.442254
32.690971,0.947721,0.676010,-1.329345,0.276143,0.972589,0.459947,0.397883,-0.315642,-0.287439,-0.499220,0.901413,0.284478,0.290987,0.099531,-0.872612,0.154278,1.241986,-1.690108,-1.335037,1.230079,-1.397605,0.344065,0.200637,-0.783547,0.388860,0.242477,-0.001107,0.445154
32.692037,0.961968,0.675152,-1.325234,0.275311,0.972525,0.459329,0.396814,-0.363241,-0.252459,-0.546542,0.885094,0.284412,0.286035,0.099593,-0.872268,0.154477,1.241197,-1.689724,-1.334796,1.230079,-1.397152,0.343929,0.199686,-0.783962,0.389017,0.242457,-0.000139,0.446487
32.692953,0.971197,0.678179,-1.325822,0.272740,0.975457,0.458907,0.394398,-0.401450,-0.219399,-0.585902,0.864864,0.284781,0.281914,0.099660,-0.871938,0.154678,1.240400,-1.689336,-1.334553,1.230081,-1.396705,0.338192,0.200209,-0.785761,0.387988,0.242689,0.000390,0.449104
32.693969,0.969935,0.676714,-1.325335,0.269809,0.973519,0.460789,0.395806,-0.419989,-0.194340,-0.607420,0.840570,0.285964,0.279513,0.099708,-0.871612,0.154875,1.239622,-1.688945,-1.334314,1.230080,-1.396241,0.334341,0.198449,-0.784071,0.387606,0.239567,0.000750,0.454042
32.695054,0.967027,0.680952,-1.325082,0.266933,0.975042,0.459995,0.396050,-0.419161,-0.176363,-0.611505,0.811945,0.288013,0.278826,0.099711,-0.871273,0.155073,1.238834,-1.688556,-1.334068,1.230074,-1.395790,0.336104,0.199189,-0.783719,0.388327,0.241564,-0.001192,0.451495
32.696018,0.968100,0.683547,-1.317787,0.262232,0.974911,0.461455,0.396707,-0.409261,-0.158562,-0.608156,0.779037,0.290588,0.278984,0.099641,-0.870926,0.155269,1.238053,-1.688162,-1.333831,1.230075,-1.395337,0.338910,0.197226,-0.783929,0.389362,0.240269,-0.000450,0.451518
32.697066,0.979743,0.678789,-1.319836,0.261246,0.973897,0.461204,0.397552,-0.381295,-0.108600,-0.597859,0.697845,0.297154,0.280250,0.099266,-0.870263,0.155664,1.236465,-1.687373,-1.333350,1.230069,-1.394436,0.334724,0.198300,-0.785017,0.390200,0.241524,-0.001770,0.449153
32.697968,0.996714,0.677935,-1.311171,0.255575,0.975335,0.459454,0.395440,-0.381295,-0.108600,-0.597859,0.697845,0.297154,0.280250,0.099266,-0.870263,0.155664,1.236465,-1.687373,-1.333350,1.230069,-1.394436,0.334724,0.198300,-0.785017,0.390200,0.241524,-0.001770,0.449153
32.699009,1.002630,0.681286,-1.305150,0.250020,0.977515,0.460273,0.396383,-0.348120,-0.089432,-0.575791,0.650915,0.301723,0.282479,0.099022,-0.869953,0.155864,1.235679,-1.686972,-1.333112,1.230071,-1.393977,0.327072,0.198416,-0.787819,0.392598,0.239871,-0.000080,0.453508
32.700076,0.998004,0.680980,-1.300935,0.247707,0.976180,0.459236,0.398071,-0.287338,-0.083848,-0.528425,0.598291,0.308008,0.286842,0.098746,-0.869631,0.156059,1.234880,-1.686570,-1.332882,1.230069,-1.393526,0.325583,0.196807,-0.790292,0.395825,0.237913,-0.000983,0.451957
32.701073,0.999727,0.680677,-1.297824,0.243704,0.974669,0.460365,0.397447,-0.203605,-0.087481,-0.460570,0.538961,0.316061,0.292946,0.098408,-0.869293,0.156254,1.234078,-1.686168,-1.332637,1.230070,-1.393086,0.329301,0.197134,-0.792059,0.395926,0.239435,-0.000008,0.449067
32.701945,1.002925,0.679770,-1.293068,0.238528,0.971964,0.461328,0.397441,-0.111062,-0.093485,-0.385243,0.476319,0.325041,0.299663,0.098030,-0.868966,0.156450,1.233289,-1.685766,-1.332390,1.230066,-1.392627,0.329546,0.197257,-0.792826,0.397275,0.240892,-0.001203,0.450631
32.703007,1.018423,0.680782,-1.295865,0.233235,0.974012,0.460182,0.396666,-0.017717,-0.098962,-0.309524,0.413169,0.334309,0.306405,0.097659,-0.868641,0.156646,1.232494,-1.685360,-1.332142,1.230064,-1.392186,0.328447,0.197386,-0.793255,0.398831,0.243248,-0.002216,0.450708
32.704042,1.018703,0.680848,-1.291530,0.230162,0.974528,0.458811,0.396728,0.076651,-0.103992,-0.233128,0.349165,0.343824,0.313258,0.097306,-0.868333,0.156843,1.231711,-1.684946,-1.331901,1.230066,-1.391734,0.322350,0.196993,-0.791696,0.401656,0.241328,-0.001133,0.452720
32.704957,1.017909,0.681702,-1.287397,0.225089,0.974295,0.458742,0.397335,0.173443,-0.109134,-0.154810,0.283598,0.353637,0.320347,0.096947,-0.868011,0.157042,1.230913,-1.684537,-1.331660,1.230069,-1.391278,0.323660,0.196988,-0.793337,0.402126,0.240941,0.000149,0.452944
32.706036,1.023000,0.680051,-1.289556,0.218279,0.970006,0.458111,0.396672,0.268408,-0.112747,-0.078465,0.217950,0.363344,0.327323,0.096583,-0.867683,0.157235,1.230112,-1.684125,-1.331423,1.230070,-1.390827,0.324764,0.196374,-0.793745,0.403750,0.241028,0.000137,0.451844
32.706959,1.025985,0.680710,-1.288593,0.212852,0.970996,0.458480,0.397145,0.433173,-0.105363,0.049444,0.088349,0.380968,0.339179,0.095963,-0.867041,0.157630,1.228535,-1.683290,-1.330927,1.230069,-1.389917,0.323151,0.196797,-0.791647,0.409961,0.244221,0.000258,0.452826
32.708050,1.025231,0.679500,-1.281552,0.210325,0.972814,0.457872,0.397257,0.433173,-0.105363,0.049444,0.088349,0.380968,0.339179,0.095963,-0.867041,0.157630,1.228535,-1.683290,-1.330927,1.230069,-1.389917,0.323151,0.196797,-0.791647,0.409961,0.244221,0.000258,0.452826
32.709004,1.034341,0.679011,-1.278297,0.206985,0.978081,0.457324,0.396383,0.500981,-0.094041,0.099097,0.024471,0.388525,0.343883,0.095695,-0.866711,0.157831,1.227742,-1.682874,-1.330684,1.230070,-1.389467,0.325130,0.197546,-0.795200,0.410136,0.242618,0.000794,0.453119
32.710005,1.037994,0.679059,-1.280559,0.203746,0.978841,0.456872,0.397744,0.622837,-0.074765,0.186661,-0.091468,0.400519,0.352329,0.095304,-0.866079,0.158229,1.226147,-1.682050,-1.330218,1.230075,-1.388560,0.321051,0.197547,-0.793528,0.410655,0.236694,0.001625,0.452626
32.710943,1.033523,0.679680,-1.274316,0.200003,0.978430,0.455802,0.397084,0.622837,-0.074765,0.186661,-0.091468,0.400519,0.352329,0.095304,-0.866079,0.158229,1.226147,-1.682050,-1.330218,1.230075,-1.388560,0.321051,0.197547,-0.793528,0.410655,0.236694,0.001625,0.452626
32.711998,1.028757,0.680763,-1.273127,0.195166,0.978068,0.456363,0.398971,0.675924,-0.067690,0.224043,-0.141134,0.404807,0.356046,0.095209,-0.865751,0.158425,1.225356,-1.681635,-1.329978,1.230079,-1.388104,0.324146,0.197065,-0.795360,0.411004,0.237000,0.002612,0.454146
32.713013,1.037676,0.680489,-1.261507,0.192665,0.977757,0.455939,0.400223,0.715241,-0.056854,0.249014,-0.184486,0.407699,0.358722,0.095208,-0.865416,0.158624,1.224559,-1.681219,-1.329742,1.230079,-1.387657,0.327869,0.196594,-0.795563,0.413264,0.237571,0.001964,0.450765
32.714046,1.049911,0.681358,-1.265185,0.189401,0.979355,0.456270,0.399525,0.742329,-0.042780,0.263069,-0.222004,0.409463,0.360465,0.095297,-0.865096,0.158820,1.223757,-1.680804,-1.329501,1.230083,-1.387214,0.324649,0.196762,-0.800640,0.412906,0.237935,0.002303,0.448650
32.715064,1.051550,0.678656,-1.266762,0.181850,0.980074,0.457112,0.399870,0.768770,-0.032495,0.277358,-0.254356,0.410797,0.362209,0.095455,-0.864789,0.159015,1.222962,-1.680394,-1.329266,1.230084,-1.386764,0.320071,0.196389,-0.798193,0.413583,0.236482,0.001882,0.450471
32.716120,1.045558,0.681232,-1.264905,0.180528,0.978226,0.457720,0.401783,0.799304,-0.027702,0.296149,-0.283597,0.412272,0.364261,0.095644,-0.864464,0.159214,1.222164,-1.679967,-1.329031,1.230080,-1.386320,0.320569,0.197744,-0.796697,0.418048,0.235887,0.000992,0.450136
32.716972,1.040159,0.680081,-1.261475,0.181334,0.976005,0.458832,0.402919,0.826394,-0.022653,0.312009,-0.310934,0.413864,0.365930,0.095816,-0.864132,0.159411,1.221372,-1.679550,-1.328787,1.230080,-1.385875,0.324970,0.196523,-0.797340,0.416702,0.237890,0.000313,0.446734
32.718069,1.048519,0.684170,-1.266943,0.177662,0.972735,0.459871,0.403594,0.839560,-0.012938,0.315704,-0.332239,0.414816,0.366491,0.095959,-0.863797,0.159609,1.220577,-1.679147,-1.328547,1.230075,-1.385435,0.327957,0.196732,-0.796930,0.412184,0.239787,-0.000839,0.444518
32.718961,1.055573,0.684202,-1.264680,0.176280,0.972015,0.459524,0.403582,0.834294,0.002412,0.303779,-0.343761,0.414549,0.365786,0.096070,-0.863475,0.159797,1.219783,-1.678731,-1.328293,1.230071,-1.384999,0.325430,0.194966,-0.794200,0.413612,0.243200,-0.001930,0.443754
32.719992,1.057316,0.683975,-1.261144,0.175038,0.973207,0.458986,0.403017,0.791981,0.040948,0.254719,-0.344373,0.411651,0.362728,0.096229,-0.862834,0.160189,1.218197,-1.677919,-1.327812,1.230069,-1.384100,0.323115,0.194866,-0.794855,0.410204,0.242542,-0.001147,0.445406
32.721050,1.062660,0.685512,-1.261504,0.174587,0.969972,0.457740,0.402480,0.791981,0.040948,0.254719,-0.344373,0.411651,0.362728,0.096229,-0.862834,0.160189,1.218197,-1.677919,-1.327812,1.230069,-1.384100,0.323115,0.194866,-0.794855,0.410204,0.242542,-0.001147,0.445406
32.721965,1.062918,0.683473,-1.262681,0.175294,0.967120,0.457622,0.402842,0.768448,0.055547,0.230275,-0.334861,0.409491,0.361365,0.096328,-0.862514,0.160382,1.217410,-1.677508,-1.327557,1.230072,-1.383653,0.321955,0.194246,-0.794438,0.408205,0.245851,0.000011,0.446933
32.722930,1.062358,0.686803,-1.247504,0.176024,0.962130,0.456846,0.403434,0.744466,0.064957,0.207175,-0.317842,0.406646,0.360117,0.096468,-0.862190,0.160579,1.216617,-1.677115,-1.327302,1.230074,-1.383208,0.322590,0.195038,-0.792273,0.404454,0.248366,0.000045,0.446343
32.724077,1.066616,0.687903,-1.245454,0.175140,0.964600,0.457174,0.403152,0.719721,0.068011,0.185447,-0.291744,0.402798,0.358945,0.096673,-0.861861,0.160765,1.215798,-1.676719,-1.327043,1.230078,-1.382768,0.323831,0.193376,-0.798534,0.400986,0.253134,0.000733,0.445436
32.724999,1.070887,0.688773,-1.241302,0.179407,0.963432,0.457499,0.401785,0.698850,0.062591,0.169439,-0.257600,0.398166,0.358204,0.096952,-0.861543,0.160960,1.214999,-1.676318,-1.326792,1.230078,-1.382311,0.323685,0.193176,-0.799913,0.400293,0.250872,0.000313,0.446618
32.726098,1.083698,0.689527,-1.240886,0.181042,0.962635,0.458196,0.400942,0.685349,0.047739,0.162412,-0.217188,0.393094,0.358154,0.097302,-0.861220,0.161149,1.214192,-1.675939,-1.326538,1.230076,-1.381855,0.322346,0.192618,-0.800326,0.393343,0.251768,-0.000059,0.449495
32.726994,1.082817,0.688639,-1.232722,0.183192,0.960871,0.457616,0.402016,0.681186,0.021856,0.166481,-0.170215,0.387687,0.358988,0.097707,-0.860908,0.161342,1.213396,-1.675555,-1.326282,1.230074,-1.381402,0.317729,0.192497,-0.800552,0.390226,0.252678,-0.000826,0.451689
32.728039,1.080493,0.685478,-1.229758,0.181380,0.958341,0.456815,0.402059,0.688701,-0.016702,0.183814,-0.116876,0.382136,0.360876,0.098143,-0.860590,0.161536,1.212583,-1.675182,-1.326025,1.230075,-1.380952,0.318963,0.192704,-0.802701,0.385392,0.254061,-0.000305,0.449593
32.729036,1.076574,0.686881,-1.226594,0.183168,0.954779,0.457736,0.401619,0.704665,-0.065796,0.210997,-0.058473,0.376575,0.363407,0.098592,-0.860261,0.161732,1.211766,-1.674796,-1.325762,1.230075,-1.380503,0.321492,0.194383,-0.803461,0.385303,0.256512,0.000425,0.449948
32.729917,1.079639,0.687254,-1.220985,0.180042,0.955150,0.455392,0.401687,0.720640,-0.119494,0.239642,0.003278,0.370978,0.365775,0.099044,-0.859936,0.161923,1.210952,-1.674419,-1.325497,1.230070,-1.380049,0.324609,0.193687,-0.803960,0.381433,0.259854,-0.000551,0.451127
32.731010,1.087807,0.686039,-1.215555,0.180321,0.951101,0.454501,0.401719,0.730968,-0.171906,0.263870,0.065674,0.365475,0.367533,0.099482,-0.859613,0.162118,1.210145,-1.674043,-1.325242,1.230076,-1.379595,0.323629,0.193220,-0.804757,0.381744,0.259028,0.001731,0.451025
32.731916,1.090267,0.682934,-1.218141,0.180489,0.948905,0.455060,0.400390,0.739867,-0.222962,0.287052,0.125093,0.360627,0.368983,0.099896,-0.859294,0.162310,1.209339,-1.673667,-1.324973,1.230078,-1.379143,0.321243,0.194091,-0.807339,0.380086,0.263095,0.002515,0.451472
32.732979,1.085294,0.681097,-1.209900,0.183218,0.947034,0.455731,0.400275,0.752950,-0.275977,0.314256,0.180410,0.356728,0.370493,0.100317,-0.858978,0.162508,1.208534,-1.673301,-1.324701,1.230081,-1.378676,0.320836,0.195387,-0.804218,0.377474,0.264755,0.001865,0.454202
32.733976,1.087573,0.677864,-1.208592,0.185203,0.944635,0.456907,0.400228,0.767235,-0.331320,0.342928,0.234284,0.353323,0.371808,0.100781,-0.858645,0.162705,1.207709,-1.672935,-1.324432,1.230082,-1.378218,0.324768,0.196419,-0.807769,0.373403,0.266515,0.001109,0.454827
32.734970,1.095552,0.675965,-1.202889,0.186175,0.943867,0.457183,0.400543,0.778754,-0.389085,0.369734,0.290211,0.349819,0.372655,0.101278,-0.858324,0.162906,1.206903,-1.672571,-1.324162,1.230083,-1.377767,0.324791,0.197949,-0.807394,0.369661,0.268648,-0.000144,0.455226
32.735937,1.100736,0.674099,-1.199754,0.186975,0.941128,0.457649,0.399176,0.790043,-0.451766,0.397227,0.349401,0.346069,0.373298,0.101788,-0.858005,0.163106,1.206086,-1.672215,-1.323890,1.230081,-1.377309,0.321984,0.198813,-0.809123,0.367115,0.269095,-0.000472,0.454855
32.737012,1.106199,0.671922,-1.197424,0.190277,0.944646,0.456990,0.397186,0.806743,-0.521707,0.430450,0.410503,0.342300,0.374249,0.102317,-0.857686,0.163306,1.205266,-1.671852,-1.323618,1.230082,-1.376846,0.320480,0.199600,-0.809250,0.364393,0.271485,-0.001013,0.457819
32.737952,1.107552,0.675723,-1.192949,0.191252,0.941798,0.455818,0.397656,0.830897,-0.599205,0.471018,0.472644,0.338592,0.375718,0.102893,-0.857372,0.163509,1.204456,-1.671502,-1.323355,1.230081,-1.376372,0.319444,0.200767,-0.810078,0.360201,0.267886,-0.000413,0.462189
32.738996,1.105529,0.673186,-1.191514,0.191783,0.938938,0.455635,0.398594,0.859354,-0.681121,0.515620,0.535564,0.334814,0.377517,0.103534,-0.857050,0.163703,1.203638,-1.671140,-1.323084,1.230082,-1.375909,0.319686,0.198689,-0.810676,0.357157,0.270367,0.000693,0.461334
32.740077,1.104974,0.673540,-1.195850,0.189514,0.934808,0.455362,0.397693,0.885327,-0.761181,0.557377,0.598293,0.330745,0.379160,0.104228,-0.856720,0.163906,1.202832,-1.670791,-1.322806,1.230082,-1.375452,0.322053,0.200001,-0.810810,0.355574,0.272986,0.000793,0.459834
32.740963,1.103532,0.673846,-1.191221,0.189037,0.933665,0.454182,0.397325,0.900520,-0.832436,0.587954,0.658810,0.326169,0.379944,0.104974,-0.856397,0.164109,1.202019,-1.670435,-1.322522,1.230083,-1.374984,0.323930,0.199893,-0.808277,0.356895,0.276919,0.000987,0.462087
32.741954,1.109656,0.669878,-1.190204,0.191061,0.933478,0.453149,0.396613,0.899093,-0.889297,0.601336,0.714443,0.321061,0.379345,0.105766,-0.856069,0.164307,1.201200,-1.670088,-1.322242,1.230087,-1.374518,0.325194,0.199424,-0.808511,0.355219,0.277383,0.002091,0.462819
32.743089,1.113833,0.678264,-1.192580,0.194213,0.932066,0.452772,0.399013,0.883041,-0.933237,0.599473,0.765090,0.315513,0.377512,0.106566,-0.855754,0.164514,1.200395,-1.669742,-1.321963,1.230091,-1.374053,0.323347,0.201256,-0.807978,0.351819,0.277183,0.003029,0.464488
32.744040,1.111451,0.679998,-1.192487,0.195724,0.931324,0.454549,0.401374,0.857332,-0.968493,0.587387,0.812434,0.309600,0.374897,0.107332,-0.855428,0.164703,1.199584,-1.669404,-1.321685,1.230093,-1.373597,0.323127,0.197392,-0.806945,0.348524,0.278591,0.003305,0.460205
32.744965,1.107854,0.680673,-1.190701,0.193028,0.928935,0.454464,0.400952,0.820349,-0.992623,0.563448,0.856843,0.303305,0.371515,0.108018,-0.855095,0.164899,1.198784,-1.669065,-1.321402,1.230094,-1.373152,0.325160,0.196419,-0.805671,0.345551,0.278804,0.001436,0.455712
32.746046,1.111764,0.682176,-1.194876,0.192600,0.929589,0.455164,0.401374,0.767992,-1.001609,0.523550,0.897451,0.296659,0.367070,0.108601,-0.854767,0.165094,1.197975,-1.668721,-1.321117,1.230095,-1.372692,0.327730,0.195898,-0.804925,0.346517,0.280603,0.001469,0.456729
32.747026,1.122315,0.682853,-1.199225,0.193455,0.929029,0.453718,0.402267,0.700219,-0.994436,0.467363,0.932022,0.290022,0.361436,0.109095,-0.854439,0.165290,1.197166,-1.668378,-1.320837,1.230092,-1.372242,0.327282,0.195317,-0.802518,0.346258,0.279750,0.000703,0.456357
32.747963,1.119314,0.682737,-1.195144,0.193423,0.927066,0.452590,0.402639,0.622181,-0.973824,0.399565,0.959048,0.283886,0.354945,0.109500,-0.854127,0.165485,1.196376,-1.668037,-1.320555,1.230096,-1.371786,0.323203,0.194930,-0.799393,0.344083,0.279881,0.002077,0.454811
32.748978,1.116052,0.685631,-1.195832,0.191781,0.923454,0.453707,0.403532,0.540294,-0.945074,0.326373,0.979596,0.278494,0.348075,0.109811,-0.853793,0.165681,1.195568,-1.667702,-1.320266,1.230099,-1.371330,0.325514,0.194820,-0.799934,0.342637,0.281252,0.003121,0.454235
32.749973,1.119826,0.688380,-1.197757,0.189507,0.919045,0.455013,0.404017,0.455117,-0.909496,0.248422,0.994837,0.273808,0.340851,0.110034,-0.853456,0.165870,1.194762,-1.667358,-1.319977,1.230099,-1.370885,0.328251,0.193466,-0.798738,0.343170,0.284455,0.001913,0.452806
32.750983,1.120771,0.692732,-1.200225,0.187453,0.916068,0.455965,0.404030,0.364315,-0.864302,0.163320,1.003746,0.269839,0.333131,0.110172,-0.853133,0.166063,1.193973,-1.667011,-1.319677,1.230094,-1.370435,0.327501,0.192097,-0.796976,0.344098,0.288289,0.000562,0.452151
32.751982,1.126304,0.690838,-1.196782,0.185166,0.914341,0.455538,0.405084,0.268200,-0.807380,0.071084,1.004289,0.266739,0.325036,0.110230,-0.852802,0.166246,1.193178,-1.666669,-1.319384,1.230091,-1.369986,0.328194,0.190065,-0.794993,0.345017,0.290776,-0.000434,0.452472
32.752950,1.131355,0.692098,-1.195663,0.185940,0.909936,0.454728,0.403647,0.171266,-0.741073,-0.024053,0.995731,0.264643,0.316950,0.110218,-0.852482,0.166439,1.192385,-1.666320,-1.319086,1.230091,-1.369537,0.326629,0.191057,-0.795926,0.345923,0.291939,-0.000066,0.450662
32.753987,1.144270,0.693140,-1.194636,0.184309,0.908738,0.455206,0.404666,0.081799,-0.673044,-0.113762,0.979939,0.263562,0.309480,0.110169,-0.852159,0.166629,1.191588,-1.665984,-1.318780,1.230093,-1.369073,0.325132,0.190395,-0.795341,0.343832,0.295669,0.000670,0.453774
32.755051,1.137724,0.697680,-1.193608,0.181970,0.908482,0.455614,0.405745,-0.049227,-0.554023,-0.251334,0.933710,0.264355,0.298414,0.110095,-0.851513,0.167000,1.190002,-1.665283,-1.318180,1.230091,-1.368175,0.324912,0.188036,-0.795650,0.345742,0.296189,-0.000364,0.450385
32.755994,1.133908,0.699204,-1.187557,0.178251,0.904685,0.457193,0.405329,-0.049227,-0.554023,-0.251334,0.933710,0.264355,0.298414,0.110095,-0.851513,0.167000,1.190002,-1.665283,-1.318180,1.230091,-1.368175,0.324912,0.188036,-0.795650,0.345742,0.296189,-0.000364,0.450385
32.757038,1.141617,0.698580,-1.188757,0.176395,0.903803,0.455919,0.406263,-0.097239,-0.496782,-0.305609,0.902338,0.265953,0.294315,0.110059,-0.851179,0.167183,1.189201,-1.664934,-1.317876,1.230086,-1.367717,0.327573,0.187293,-0.797284,0.347714,0.299267,-0.001988,0.451407
32.757925,1.149883,0.697130,-1.184154,0.174386,0.902254,0.456600,0.405419,-0.140256,-0.436672,-0.356436,0.865439,0.267977,0.290618,0.110013,-0.850856,0.167371,1.188418,-1.664582,-1.317577,1.230087,-1.367277,0.325094,0.187795,-0.796366,0.348412,0.299676,-0.000767,0.449964
32.758930,1.161835,0.699716,-1.187737,0.171841,0.903477,0.457235,0.407050,-0.172312,-0.379531,-0.397722,0.824261,0.270464,0.287754,0.109953,-0.850544,0.167562,1.187621,-1.664238,-1.317270,1.230082,-1.366820,0.321703,0.188298,-0.796843,0.348389,0.300314,-0.001496,0.451733
32.760009,1.157006,0.702098,-1.184258,0.170614,0.901586,0.457510,0.406598,-0.187034,-0.330295,-0.423286,0.779448,0.273601,0.286238,0.109885,-0.850235,0.167747,1.186828,-1.663886,-1.316978,1.230078,-1.366372,0.317100,0.187107,-0.794249,0.349539,0.298588,-0.002181,0.448755
32.761018,1.152782,0.705127,-1.180423,0.170124,0.900483,0.457909,0.406394,-0.180750,-0.244053,-0.443002,0.680649,0.281251,0.286205,0.109704,-0.849577,0.168114,1.185237,-1.663188,-1.316375,1.230077,-1.365471,0.324408,0.184869,-0.797042,0.349107,0.300653,-0.002991,0.450918
32.762115,1.164712,0.707436,-1.182325,0.170014,0.901965,0.456329,0.407357,-0.180750,-0.244053,-0.443002,0.680649,0.281251,0.286205,0.109704,-0.849577,0.168114,1.185237,-1.663188,-1.316375,1.230077,-1.365471,0.324408,0.184869,-0.797042,0.349107,0.300653,-0.002991,0.450918
32.762928,1.180942,0.703930,-1.179575,0.166999,0.904733,0.454971,0.405036,-0.174923,-0.199640,-0.450808,0.630573,0.284901,0.286614,0.109606,-0.849267,0.168295,1.184452,-1.662839,-1.316076,1.230077,-1.365030,0.320206,0.184103,-0.796207,0.348529,0.298826,-0.001469,0.449528
32.763953,1.193542,0.704678,-1.176432,0.166107,0.906832,0.454597,0.404404,-0.161148,-0.159562,-0.451006,0.580669,0.288732,0.287763,0.109520,-0.848972,0.168484,1.183656,-1.662493,-1.315789,1.230083,-1.364564,0.312643,0.185507,-0.795106,0.348963,0.295141,-0.000203,0.454085
32.765005,1.189659,0.710130,-1.171638,0.162647,0.904756,0.453710,0.405666,-0.126922,-0.132443,-0.431811,0.530069,0.293438,0.290499,0.109445,-0.848673,0.168667,1.182855,-1.662139,-1.315504,1.230082,-1.364110,0.307987,0.185318,-0.796017,0.348527,0.292701,0.000093,0.455674
32.765972,1.190714,0.709248,-1.166818,0.156670,0.903786,0.455631,0.404497,-0.071831,-0.117808,-0.393137,0.477935,0.299219,0.294775,0.109347,-0.848359,0.168845,1.182059,-1.661785,-1.315208,1.230086,-1.363651,0.311571,0.182883,-0.798030,0.350887,0.294407,0.000889,0.453499
32.766937,1.198198,0.709099,-1.167577,0.155265,0.904660,0.455507,0.403701,-0.006624,-0.106668,-0.345617,0.422478,0.305896,0.299678,0.109218,-0.848047,0.169030,1.181256,-1.661426,-1.314911,1.230080,-1.363190,0.312174,0.183396,-0.799231,0.355043,0.294744,-0.001095,0.456088
32.768004,1.206540,0.710981,-1.163153,0.152772,0.905835,0.454910,0.402869,0.061963,-0.094588,-0.295656,0.363003,0.313285,0.304615,0.109086,-0.847740,0.169211,1.180456,-1.661069,-1.314623,1.230080,-1.362731,0.309614,0.183537,-0.797626,0.354616,0.293327,-0.001017,0.457879
32.769000,1.210990,0.708469,-1.159068,0.149670,0.908317,0.454714,0.402618,0.134208,-0.083491,-0.242567,0.300928,0.321225,0.309638,0.108956,-0.847442,0.169395,1.179661,-1.660715,-1.314338,1.230083,-1.362269,0.307283,0.182874,-0.799626,0.356104,0.291892,-0.000505,0.459953
32.769996,1.217455,0.709002,-1.157844,0.147155,0.906957,0.455130,0.403604,0.212629,-0.076471,-0.183633,0.237446,0.329652,0.314976,0.108816,-0.847137,0.169578,1.178855,-1.660350,-1.314056,1.230081,-1.361803,0.306464,0.184272,-0.800663,0.357425,0.288994,-0.000373,0.460682
32.770972,1.219919,0.710738,-1.158512,0.147679,0.908261,0.455649,0.403580,0.297406,-0.075291,-0.118384,0.173766,0.338406,0.320637,0.108664,-0.846843,0.169764,1.178062,-1.659985,-1.313762,1.230081,-1.361350,0.304744,0.184089,-0.800428,0.358148,0.289875,-0.000864,0.458983
32.772312,1.222612,0.714495,-1.159886,0.145470,0.912474,0.453750,0.401897,0.383172,-0.078123,-0.051492,0.112336,0.346980,0.326301,0.108507,-0.846537,0.169947,1.177262,-1.659634,-1.313475,1.230077,-1.360889,0.304808,0.183286,-0.798980,0.356012,0.288043,-0.001424,0.459269
32.773159,1.217620,0.711644,-1.154821,0.141940,0.911705,0.452816,0.402206,0.462171,-0.080132,0.009819,0.054658,0.354897,0.331475,0.108370,-0.846224,0.170128,1.176455,-1.659268,-1.313202,1.230080,-1.360422,0.306520,0.182367,-0.800296,0.358884,0.284346,0.000386,0.463643
32.773994,1.219663,0.708221,-1.152529,0.137838,0.911158,0.451336,0.400299,0.528875,-0.077333,0.060165,0.000374,0.361992,0.335698,0.108270,-0.845913,0.170313,1.175661,-1.658904,-1.312919,1.230083,-1.359958,0.309588,0.183565,-0.800671,0.359585,0.284375,0.001233,0.462912
32.774960,1.224166,0.710755,-1.152830,0.135736,0.911387,0.451112,0.400980,0.581223,-0.069899,0.097812,-0.049833,0.368115,0.338715,0.108226,-0.845603,0.170498,1.174858,-1.658545,-1.312640,1.230086,-1.359479,0.309047,0.185005,-0.799450,0.360940,0.284161,0.002640,0.466620
32.775927,1.222201,0.706666,-1.147421,0.133208,0.910191,0.451322,0.399325,0.620180,-0.059396,0.123903,-0.095153,0.373221,0.340597,0.108254,-0.845295,0.170680,1.174065,-1.658183,-1.312354,1.230086,-1.359017,0.307997,0.183782,-0.798200,0.361102,0.283413,0.002788,0.465408
32.776979,1.221614,0.707818,-1.147451,0.130825,0.913469,0.450598,0.399919,0.647880,-0.047001,0.140487,-0.135244,0.377375,0.341569,0.108348,-0.844983,0.170872,1.173260,-1.657823,-1.312067,1.230088,-1.358540,0.310177,0.185812,-0.799684,0.361792,0.284103,0.002488,0.468900
32.778075,1.222412,0.707473,-1.145325,0.130229,0.914411,0.450990,0.399039,0.665063,-0.033764,0.148368,-0.169422,0.380551,0.341688,0.108495,-0.844667,0.171057,1.172452,-1.657460,-1.311798,1.230092,-1.358079,0.312005,0.185443,-0.799116,0.362816,0.280654,0.003130,0.468048
32.778961,1.231107,0.708865,-1.142589,0.129999,0.914334,0.453603,0.396508,0.671312,-0.019331,0.147184,-0.197638,0.382745,0.340919,0.108694,-0.844348,0.171245,1.171653,-1.657095,-1.311520,1.230093,-1.357604,0.313336,0.185932,-0.800160,0.362320,0.279625,0.002644,0.470259
32.780046,1.243098,0.708777,-1.145243,0.128460,0.919400,0.454012,0.395934,0.669846,-0.005434,0.140128,-0.219437,0.384041,0.339643,0.108982,-0.844047,0.171430,1.170850,-1.656739,-1.311245,1.230087,-1.357113,0.309817,0.185070,-0.799591,0.360214,0.279102,-0.000020,0.475260
32.781070,1.245937,0.706460,-1.151547,0.128641,0.919924,0.454129,0.396104,0.668329,0.003976,0.134446,-0.235128,0.384778,0.338615,0.109356,-0.843749,0.171615,1.170061,-1.656376,-1.310979,1.230087,-1.356634,0.305741,0.185436,-0.798244,0.360680,0.273973,-0.000481,0.476753
32.781948,1.238777,0.709524,-1.145313,0.125164,0.923727,0.454120,0.395484,0.669628,0.007794,0.132619,-0.245675,0.385174,0.338041,0.109745,-0.843445,0.171804,1.169268,-1.656024,-1.310707,1.230087,-1.356159,0.305915,0.186717,-0.794454,0.359204,0.273261,-0.000670,0.476659
32.782960,1.233235,0.708612,-1.148320,0.126966,0.921619,0.455377,0.395708,0.666879,0.010620,0.127932,-0.251392,0.384986,0.337292,0.110090,-0.843124,0.171985,1.168463,-1.655662,-1.310447,1.230087,-1.355683,0.310129,0.185042,-0.795615,0.360161,0.268957,-0.000716,0.477870
32.784013,1.235583,0.710029,-1.151597,0.126845,0.922426,0.454247,0.394615,0.650013,0.019247,0.110819,-0.251893,0.383780,0.335590,0.110403,-0.842803,0.172173,1.167677,-1.655311,-1.310177,1.230084,-1.355205,0.314180,0.185616,-0.793462,0.356999,0.270887,-0.002040,0.477635
32.785027,1.244880,0.707618,-1.149657,0.126955,0.926068,0.453555,0.396025,0.613223,0.036427,0.076226,-0.245610,0.381155,0.332552,0.110711,-0.842488,0.172359,1.166884,-1.654961,-1.309907,1.230084,-1.354715,0.314529,0.185121,-0.791477,0.356107,0.269913,-0.000960,0.480116
32.786056,1.249280,0.709532,-1.148587,0.125753,0.928893,0.453798,0.397876,0.562214,0.058159,0.029817,-0.232623,0.377350,0.328626,0.110986,-0.842181,0.172546,1.166083,-1.654608,-1.309652,1.230084,-1.354238,0.311304,0.186466,-0.791693,0.354645,0.266159,-0.000343,0.477479
32.786941,1.242966,0.708923,-1.142788,0.126450,0.928649,0.452620,0.396279,0.510039,0.077558,-0.016342,-0.215308,0.373164,0.324775,0.111165,-0.841875,0.172733,1.165297,-1.654252,-1.309393,1.230083,-1.353773,0.310681,0.185651,-0.791753,0.354512,0.263252,-0.000663,0.474088
32.788005,1.243722,0.705834,-1.142081,0.126331,0.929131,0.454458,0.397545,0.461426,0.092803,-0.058048,-0.194987,0.368957,0.321345,0.111262,-0.841550,0.172917,1.164498,-1.653909,-1.309135,1.230085,-1.353287,0.314470,0.185821,-0.792785,0.351751,0.263099,0.000458,0.477274
32.788948,1.242440,0.703277,-1.135454,0.127833,0.933768,0.453901,0.398691,0.413957,0.104428,-0.097455,-0.170676,0.364542,0.318121,0.111332,-0.841228,0.173106,1.163711,-1.653560,-1.308878,1.230079,-1.352819,0.315594,0.187594,-0.792958,0.350978,0.262628,-0.001451,0.475068
32.790126,1.251808,0.706736,-1.131489,0.130243,0.937737,0.453709,0.398450,0.368636,0.109775,-0.133282,-0.141088,0.359826,0.315124,0.111375,-0.840911,0.173297,1.162910,-1.653223,-1.308627,1.230083,-1.352350,0.317225,0.188770,-0.794894,0.347974,0.257734,-0.000958,0.472898
32.791029,1.262653,0.705670,-1.125601,0.130324,0.938797,0.453324,0.399786,0.331104,0.105342,-0.160135,-0.106496,0.355114,0.312793,0.111384,-0.840600,0.173480,1.162103,-1.652883,-1.308386,1.230082,-1.351881,0.314739,0.187568,-0.797451,0.345674,0.254229,-0.000847,0.474027
32.791978,1.258335,0.705173,-1.122092,0.131937,0.937247,0.453570,0.400085,0.310066,0.088102,-0.170224,-0.068887,0.351014,0.311842,0.111394,-0.840302,0.173669,1.161309,-1.652541,-1.308136,1.230084,-1.351415,0.310303,0.187953,-0.798731,0.343719,0.252884,-0.000537,0.471365
32.793102,1.260655,0.708374,-1.118157,0.133173,0.938259,0.453274,0.401806,0.307943,0.057836,-0.161653,-0.029228,0.347726,0.312436,0.111452,-0.839981,0.173855,1.160508,-1.652209,-1.307883,1.230083,-1.350942,0.313504,0.188189,-0.799119,0.340772,0.254238,-0.000846,0.470905
32.794103,1.254393,0.708145,-1.115084,0.135908,0.938402,0.453639,0.402667,0.316818,0.019649,-0.142077,0.012894,0.344860,0.313927,0.111579,-0.839662,0.174038,1.159711,-1.651872,-1.307632,1.230082,-1.350486,0.314179,0.186997,-0.801336,0.339340,0.253431,-0.000619,0.467988
32.795034,1.261015,0.711082,-1.105063,0.135616,0.938643,0.453963,0.402787,0.327592,-0.020240,-0.120224,0.057574,0.341997,0.315618,0.111765,-0.839339,0.174227,1.158905,-1.651547,-1.307376,1.230082,-1.350023,0.318552,0.187187,-0.801897,0.335798,0.253161,-0.001061,0.466548
32.795992,1.274399,0.709039,-1.102591,0.139447,0.937163,0.454261,0.403568,0.337077,-0.059278,-0.099149,0.104400,0.339014,0.317293,0.112020,-0.839028,0.174408,1.158089,-1.651217,-1.307131,1.230078,-1.349552,0.316164,0.185708,-0.805255,0.334734,0.252728,-0.001426,0.466407
32.797015,1.272319,0.710943,-1.096556,0.142416,0.937711,0.452578,0.404542,0.352547,-0.101482,-0.072087,0.152415,0.336246,0.319565,0.112362,-0.838732,0.174596,1.157291,-1.650897,-1.306869,1.230076,-1.349093,0.310749,0.186727,-0.805223,0.329884,0.253940,-0.001776,0.465022
32.798078,1.274789,0.708066,-1.093590,0.145035,0.936740,0.453658,0.406853,0.415154,-0.209149,0.013535,0.255363,0.331300,0.326942,0.113229,-0.838093,0.174971,1.155661,-1.650263,-1.306365,1.230075,-1.348185,0.313527,0.187591,-0.808343,0.323729,0.254389,-0.001319,0.459208
32.798989,1.278148,0.709150,-1.086413,0.146067,0.939410,0.454563,0.408298,0.415154,-0.209149,0.013535,0.255363,0.331300,0.326942,0.113229,-0.838093,0.174971,1.155661,-1.650263,-1.306365,1.230075,-1.348185,0.313527,0.187591,-0.808343,0.323729,0.254389,-0.001319,0.459208
32.799979,1.282631,0.710224,-1.082030,0.148894,0.937148,0.454564,0.408097,0.454748,-0.271818,0.065043,0.310983,0.328707,0.331351,0.113662,-0.837786,0.175157,1.154855,-1.649950,-1.306116,1.230073,-1.347736,0.312770,0.186923,-0.810204,0.321582,0.251401,-0.002277,0.456460
32.800952,1.291062,0.708975,-1.075123,0.152178,0.936890,0.452118,0.410308,0.498894,-0.338295,0.121004,0.367227,0.326213,0.336170,0.114086,-0.837473,0.175341,1.154038,-1.649636,-1.305860,1.230074,-1.347282,0.311794,0.186486,-0.811206,0.318129,0.253565,-0.002341,0.457176
32.802069,1.288101,0.710740,-1.073060,0.154292,0.935309,0.451361,0.412265,0.549044,-0.408866,0.182609,0.423271,0.323922,0.341521,0.114510,-0.837172,0.175528,1.153227,-1.649331,-1.305606,1.230080,-1.346835,0.308885,0.187146,-0.813412,0.314344,0.253628,0.000024,0.452977
32.802950,1.289226,0.711080,-1.068118,0.155282,0.934442,0.450308,0.411460,0.604415,-0.483393,0.249053,0.478860,0.321764,0.347248,0.114917,-0.836853,0.175716,1.152408,-1.649025,-1.305346,1.230082,-1.346389,0.312259,0.186603,-0.814331,0.312753,0.255343,0.000674,0.449648
32.804006,1.293290,0.713812,-1.065371,0.156644,0.933240,0.450493,0.412524,0.657981,-0.556470,0.313376,0.532587,0.319560,0.352684,0.115303,-0.836540,0.175901,1.151587,-1.648721,-1.305090,1.230086,-1.345940,0.312374,0.186270,-0.814627,0.310623,0.255773,0.001645,0.451378
32.804982,1.291477,0.712091,-1.062746,0.160323,0.933978,0.451745,0.411485,0.704915,-0.623112,0.370506,0.582380,0.317329,0.357384,0.115674,-0.836233,0.176085,1.150777,-1.648411,-1.304828,1.230087,-1.345490,0.312009,0.185143,-0.815486,0.309248,0.256939,0.001369,0.449650
32.806053,1.290052,0.714930,-1.056445,0.164523,0.934490,0.452660,0.410735,0.744211,-0.682277,0.419271,0.627716,0.315093,0.361268,0.116020,-0.835912,0.176272,1.149959,-1.648115,-1.304577,1.230086,-1.345035,0.314043,0.186061,-0.815474,0.305261,0.256037,0.000042,0.452012
32.806978,1.290854,0.710450,-1.046965,0.161961,0.936798,0.451263,0.411453,0.773906,-0.734658,0.458135,0.670584,0.312573,0.364262,0.116341,-0.835591,0.176455,1.149144,-1.647822,-1.304319,1.230082,-1.344581,0.316337,0.184923,-0.818203,0.301546,0.255555,-0.000922,0.453959
32.807993,1.295535,0.706369,-1.046380,0.166916,0.934189,0.450578,0.410306,0.796147,-0.782373,0.489183,0.711033,0.309864,0.366523,0.116631,-0.835278,0.176648,1.148318,-1.647519,-1.304068,1.230088,-1.344128,0.316851,0.187032,-0.821076,0.303380,0.252963,0.000401,0.452635
32.809011,1.301381,0.710798,-1.040038,0.167023,0.935657,0.450901,0.408717,0.816828,-0.830090,0.517962,0.748263,0.307304,0.368366,0.116902,-0.834962,0.176840,1.147493,-1.647224,-1.303809,1.230090,-1.343674,0.315853,0.189137,-0.820279,0.298381,0.255502,0.000996,0.455301
32.809963,1.296582,0.709327,-1.040245,0.167652,0.935436,0.450613,0.409810,0.839429,-0.880703,0.547774,0.782813,0.305000,0.370049,0.117179,-0.834651,0.177026,1.146673,-1.646927,-1.303555,1.230089,-1.343206,0.314354,0.187032,-0.822512,0.298340,0.253923,0.000595,0.458768
32.811002,1.295837,0.709207,-1.031720,0.170016,0.936754,0.450001,0.409323,0.861485,-0.929836,0.575738,0.813198,0.303036,0.371467,0.117437,-0.834326,0.177214,1.145852,-1.646635,-1.303305,1.230090,-1.342753,0.317730,0.187761,-0.820813,0.297363,0.253977,0.000818,0.456731
32.812011,1.301811,0.708267,-1.033077,0.171581,0.932640,0.449787,0.409736,0.877249,-0.972713,0.596238,0.838984,0.301260,0.372182,0.117658,-0.834000,0.177403,1.145034,-1.646344,-1.303055,1.230093,-1.342287,0.319440,0.187967,-0.824349,0.295277,0.252672,0.001345,0.458068
32.813101,1.307531,0.710121,-1.034873,0.173231,0.932004,0.450128,0.409177,0.886145,-1.010286,0.609081,0.861833,0.299489,0.372164,0.117866,-0.833690,0.177592,1.144214,-1.646055,-1.302791,1.230093,-1.341832,0.317823,0.188524,-0.822571,0.293859,0.256656,0.001480,0.457541
32.814108,1.305596,0.711533,-1.034203,0.173396,0.930861,0.451275,0.411154,0.890066,-1.043482,0.616100,0.882083,0.297720,0.371603,0.118074,-0.833373,0.177778,1.143391,-1.645763,-1.302533,1.230093,-1.341368,0.316689,0.187895,-0.821298,0.292840,0.257322,0.001062,0.459130
32.814984,1.296053,0.720236,-1.030526,0.172545,0.930275,0.452064,0.412064,0.887207,-1.069364,0.615259,0.898842,0.295913,0.370405,0.118238,-0.833049,0.177964,1.142577,-1.645470,-1.302269,1.230091,-1.340926,0.318913,0.187311,-0.820645,0.292713,0.258284,-0.000154,0.455486
32.816028,1.302601,0.720927,-1.027599,0.174049,0.929872,0.452323,0.411368,0.870183,-1.080024,0.599083,0.910463,0.293901,0.368092,0.118319,-0.832714,0.178141,1.141757,-1.645182,-1.302012,1.230087,-1.340472,0.324140,0.182843,-0.820283,0.292791,0.258415,-0.000976,0.453722
32.816981,1.309451,0.723826,-1.029472,0.175792,0.927403,0.451906,0.411440,0.834572,-1.069939,0.563172,0.915747,0.291588,0.364458,0.118353,-0.832393,0.178321,1.140932,-1.644888,-1.301749,1.230086,-1.340020,0.322233,0.182812,-0.820944,0.291551,0.258734,-0.001294,0.455552
32.817928,1.318778,0.724397,-1.027203,0.173605,0.928058,0.450440,0.412853,0.787501,-1.044407,0.514618,0.915601,0.289103,0.360141,0.118395,-0.832081,0.178501,1.140128,-1.644606,-1.301481,1.230085,-1.339560,0.319892,0.181410,-0.818629,0.289712,0.260853,-0.000931,0.455563
32.819050,1.323498,0.732649,-1.024923,0.175443,0.929152,0.449963,0.411870,0.739087,-1.010980,0.463188,0.910427,0.286758,0.355900,0.118452,-0.831770,0.178679,1.139308,-1.644312,-1.301223,1.230088,-1.339110,0.316288,0.181212,-0.818185,0.291514,0.259893,0.000460,0.452915
32.820013,1.322215,0.729417,-1.026098,0.173169,0.923220,0.450382,0.412321,0.696126,-0.972505,0.414941,0.898516,0.285033,0.352197,0.118511,-0.831453,0.178850,1.138498,-1.644021,-1.300967,1.230087,-1.338654,0.315847,0.177614,-0.819391,0.290511,0.258961,0.000856,0.455482
32.821006,1.326691,0.732106,-1.018978,0.173418,0.920169,0.451349,0.410597,0.658550,-0.928654,0.369777,0.879630,0.284032,0.348986,0.118571,-0.831132,0.179033,1.137684,-1.643724,-1.300690,1.230085,-1.338198,0.317548,0.179338,-0.817407,0.292452,0.264528,0.000371,0.454762
32.822065,1.337260,0.740245,-1.017269,0.174615,0.919169,0.450723,0.409979,0.624089,-0.880562,0.326105,0.855623,0.283530,0.346025,0.118642,-0.830816,0.179207,1.136859,-1.643435,-1.300422,1.230082,-1.337740,0.316518,0.178187,-0.819750,0.292187,0.267290,-0.000655,0.458523
32.823015,1.343429,0.739420,-1.014606,0.174861,0.918015,0.449468,0.411274,0.596259,-0.830989,0.287568,0.827248,0.283660,0.343641,0.118709,-0.830513,0.179376,1.136048,-1.643143,-1.300147,1.230082,-1.337279,0.312952,0.174535,-0.820074,0.291404,0.268092,-0.000087,0.460132
32.824001,1.348788,0.737784,-1.016769,0.170061,0.915679,0.450611,0.409319,0.579236,-0.781704,0.258251,0.794525,0.284721,0.342240,0.118731,-0.830203,0.179552,1.135230,-1.642857,-1.299877,1.230085,-1.336819,0.310973,0.175093,-0.819861,0.290970,0.268853,0.001094,0.457671
32.824997,1.349305,0.743790,-1.013844,0.172048,0.913645,0.451381,0.410209,0.573523,-0.734189,0.238844,0.757468,0.286878,0.341707,0.118689,-0.829891,0.179732,1.134426,-1.642554,-1.299598,1.230083,-1.336351,0.309552,0.176059,-0.817695,0.295445,0.270812,-0.000132,0.461863
32.826068,1.349220,0.744833,-1.015320,0.173437,0.909584,0.451655,0.411080,0.574987,-0.686543,0.225505,0.715807,0.290109,0.341589,0.118563,-0.829583,0.179901,1.133607,-1.642268,-1.299318,1.230082,-1.335892,0.310680,0.173319,-0.818042,0.293527,0.272469,-0.000959,0.460298
32.826984,1.360452,0.749096,-1.009575,0.173272,0.908230,0.450831,0.411854,0.575528,-0.634984,0.211059,0.671885,0.293905,0.341368,0.118338,-0.829267,0.180074,1.132787,-1.641976,-1.299035,1.230077,-1.335441,0.312365,0.173238,-0.816768,0.292640,0.276317,-0.001276,0.459017
32.827981,1.363387,0.750735,-1.014802,0.172315,0.908441,0.450780,0.411756,0.572826,-0.579973,0.193939,0.628450,0.297883,0.341000,0.118033,-0.828970,0.180241,1.131961,-1.641682,-1.298756,1.230077,-1.334985,0.307768,0.171223,-0.817735,0.292160,0.277076,-0.000504,0.457581
32.829075,1.370080,0.751063,-1.011407,0.173594,0.906052,0.451203,0.411248,0.570257,-0.523212,0.177345,0.585050,0.302184,0.340776,0.117682,-0.828663,0.180412,1.131161,-1.641389,-1.298481,1.230075,-1.334516,0.307728,0.170689,-0.814159,0.293100,0.276528,-0.000520,0.458033
32.829998,1.370611,0.753267,-1.014263,0.170443,0.900667,0.450980,0.412326,0.568668,-0.465445,0.162083,0.541372,0.306799,0.340715,0.117331,-0.828357,0.180581,1.130342,-1.641097,-1.298196,1.230074,-1.334060,0.306240,0.171057,-0.815607,0.292461,0.278753,-0.001018,0.459545
32.830980,1.377704,0.748952,-1.005475,0.167358,0.900732,0.450280,0.413556,0.567141,-0.407300,0.147365,0.497953,0.311499,0.340678,0.117003,-0.828052,0.180751,1.129541,-1.640799,-1.297902,1.230074,-1.333607,0.307016,0.170062,-0.812569,0.294959,0.283466,-0.000852,0.457496
32.832007,1.386902,0.750788,-1.008392,0.166325,0.900806,0.450120,0.412918,0.567236,-0.349975,0.134482,0.453862,0.316278,0.340671,0.116693,-0.827751,0.180926,1.128719,-1.640495,-1.297620,1.230075,-1.333147,0.304805,0.172439,-0.815706,0.297633,0.282923,-0.000222,0.455269
32.833069,1.393486,0.749606,-1.001973,0.169902,0.900994,0.450173,0.412897,0.575338,-0.297863,0.129347,0.407969,0.321406,0.341073,0.116404,-0.827458,0.181097,1.127919,-1.640193,-1.297339,1.230075,-1.332691,0.301897,0.171835,-0.813547,0.298602,0.282532,-0.000140,0.456934
32.834170,1.397275,0.749021,-1.002746,0.169501,0.901702,0.449493,0.413950,0.595797,-0.255474,0.136431,0.361948,0.326853,0.342276,0.116148,-0.827162,0.181273,1.127098,-1.639905,-1.297054,1.230073,-1.332234,0.300449,0.172812,-0.816196,0.295521,0.282073,-0.000254,0.457381
32.835023,1.399009,0.750078,-0.998943,0.167932,0.900522,0.449641,0.414968,0.627709,-0.225326,0.155567,0.319389,0.332230,0.344315,0.115927,-0.826859,0.181446,1.126277,-1.639604,-1.296777,1.230076,-1.331784,0.300523,0.173585,-0.815511,0.296452,0.281271,0.000338,0.455785
32.836002,1.401358,0.753169,-1.004932,0.167155,0.902804,0.449356,0.415609,0.666023,-0.204971,0.182184,0.281185,0.337294,0.346802,0.115728,-0.826563,0.181617,1.125471,-1.639310,-1.296491,1.230076,-1.331332,0.300426,0.172980,-0.815176,0.296939,0.281677,0.000124,0.453744
32.836955,1.403958,0.753941,-1.002563,0.167374,0.903168,0.448700,0.414346,0.701429,-0.186162,0.207171,0.245695,0.341914,0.349047,0.115528,-0.826263,0.181787,1.124662,-1.639010,-1.296222,1.230076,-1.330877,0.300614,0.171672,-0.810956,0.297364,0.279050,0.000343,0.452720
32.837924,1.400761,0.753389,-1.004156,0.167031,0.901779,0.447856,0.415859,0.726094,-0.162292,0.222915,0.212098,0.345949,0.350510,0.115338,-0.825961,0.181957,1.123859,-1.638710,-1.295945,1.230078,-1.330421,0.300529,0.171482,-0.810855,0.296622,0.278255,0.000925,0.455476
32.839065,1.394281,0.755196,-1.003771,0.166317,0.902155,0.446956,0.417182,0.736450,-0.132142,0.226181,0.181426,0.349219,0.350926,0.115183,-0.825649,0.182131,1.123050,-1.638413,-1.295661,1.230079,-1.329975,0.303329,0.171940,-0.808778,0.296638,0.279181,0.001695,0.452664
32.840027,1.399459,0.754125,-1.005749,0.165397,0.901515,0.446335,0.418235,0.728080,-0.094597,0.213039,0.154712,0.351469,0.349901,0.115060,-0.825335,0.182300,1.122235,-1.638110,-1.295387,1.230083,-1.329522,0.308610,0.171660,-0.809151,0.298096,0.278824,0.002491,0.450624
32.840992,1.404144,0.755825,-1.002950,0.166649,0.901064,0.446451,0.417402,0.699258,-0.048867,0.181886,0.131417,0.352691,0.347232,0.114972,-0.825035,0.182474,1.121440,-1.637807,-1.295105,1.230086,-1.329079,0.307232,0.172363,-0.806968,0.298479,0.278988,0.003024,0.448786
32.841914,1.399618,0.753495,-1.001435,0.164522,0.901027,0.447460,0.419095,0.656965,0.000668,0.139228,0.111003,0.353204,0.343459,0.114937,-0.824730,0.182643,1.120630,-1.637517,-1.294831,1.230088,-1.328625,0.306127,0.171720,-0.807086,0.297005,0.279045,0.002824,0.450716
32.842970,1.397545,0.753840,-0.998057,0.167454,0.901463,0.447091,0.419194,0.607894,0.049504,0.091285,0.093512,0.353241,0.339128,0.114974,-0.824411,0.182818,1.119833,-1.637217,-1.294554,1.230088,-1.328185,0.309287,0.172961,-0.806295,0.298422,0.278547,0.001742,0.447469
32.843921,1.399537,0.750732,-0.996878,0.169787,0.904223,0.447961,0.419006,0.552682,0.096060,0.038753,0.079656,0.352732,0.334276,0.115079,-0.824095,0.182993,1.119023,-1.636930,-1.294281,1.230093,-1.327729,0.311882,0.173134,-0.807484,0.295964,0.277941,0.002023,0.447712
32.845040,1.411446,0.748308,-1.008520,0.170441,0.906937,0.447582,0.419154,0.492299,0.137198,-0.016915,0.071685,0.351496,0.328993,0.115232,-0.823784,0.183169,1.118212,-1.636636,-1.294011,1.230095,-1.327292,0.311947,0.174818,-0.806600,0.293243,0.274776,0.001059,0.448359
32.846015,1.418220,0.748874,-1.008313,0.170113,0.909026,0.448380,0.420147,0.430660,0.169208,-0.071736,0.070462,0.349636,0.323543,0.115424,-0.823485,0.183349,1.117431,-1.636345,-1.293743,1.230096,-1.326841,0.308033,0.176468,-0.801107,0.293459,0.272098,0.001369,0.448622
32.847089,1.409553,0.746057,-1.009889,0.169612,0.909859,0.448092,0.419691,0.372280,0.192029,-0.122172,0.072977,0.347678,0.318153,0.115628,-0.823178,0.183527,1.116630,-1.636054,-1.293480,1.230096,-1.326395,0.305937,0.176306,-0.800137,0.293663,0.269756,0.000490,0.446894
32.848000,1.402464,0.749220,-1.011920,0.168899,0.905813,0.449028,0.418797,0.316832,0.209248,-0.169417,0.076193,0.345957,0.312712,0.115803,-0.822852,0.183707,1.115833,-1.635756,-1.293211,1.230096,-1.325939,0.311878,0.178085,-0.799140,0.294545,0.268861,0.000712,0.448284
32.848981,1.409989,0.747383,-1.010390,0.167835,0.905723,0.449352,0.418781,0.254278,0.228572,-0.223153,0.079482,0.344158,0.306454,0.115944,-0.822529,0.183883,1.115047,-1.635460,-1.292930,1.230094,-1.325492,0.316150,0.176478,-0.796606,0.294520,0.272350,-0.000288,0.450215
32.850087,1.419463,0.748622,-1.016836,0.170025,0.906701,0.449118,0.417509,0.179662,0.254952,-0.288161,0.082063,0.342134,0.299113,0.116052,-0.822221,0.184061,1.114251,-1.635166,-1.292656,1.230094,-1.325041,0.313601,0.177573,-0.796393,0.295405,0.272047,-0.000671,0.450503
32.851025,1.420266,0.745154,-1.010258,0.169797,0.907612,0.448383,0.417052,0.102166,0.284285,-0.355997,0.082788,0.340316,0.291501,0.116132,-0.821918,0.184240,1.113469,-1.634876,-1.292389,1.230093,-1.324582,0.310834,0.177383,-0.793385,0.293981,0.271081,-0.000503,0.453579
32.851964,1.415584,0.746888,-1.016738,0.169297,0.910327,0.449035,0.416359,0.031651,0.310131,-0.417392,0.082061,0.339014,0.284403,0.116197,-0.821600,0.184426,1.112670,-1.634585,-1.292120,1.230094,-1.324129,0.311413,0.179090,-0.795314,0.293813,0.269762,0.000166,0.454644
32.852919,1.410991,0.743037,-1.009232,0.167583,0.909293,0.450622,0.415619,-0.032232,0.332235,-0.472656,0.080802,0.338098,0.277769,0.116251,-0.821278,0.184601,1.111882,-1.634289,-1.291866,1.230090,-1.323675,0.314674,0.178283,-0.790726,0.293789,0.266773,-0.000546,0.456207
32.854103,1.412632,0.744420,-1.013601,0.170902,0.912959,0.451627,0.414895,-0.095985,0.354974,-0.527960,0.079261,0.337259,0.271085,0.116310,-0.820956,0.184786,1.111089,-1.633991,-1.291595,1.230085,-1.323210,0.317947,0.180241,-0.793353,0.295060,0.267449,-0.002176,0.457846
32.854963,1.421218,0.742243,-1.008718,0.172968,0.915442,0.451059,0.414132,-0.160775,0.378543,-0.584217,0.078326,0.336313,0.264315,0.116402,-0.820634,0.184964,1.110291,-1.633703,-1.291341,1.230082,-1.322741,0.319249,0.180154,-0.791871,0.293094,0.264090,-0.003238,0.459929
32.856052,1.429046,0.738079,-1.004971,0.172501,0.916928,0.450774,0.413900,-0.220906,0.398108,-0.635654,0.079968,0.335237,0.258046,0.116537,-0.820323,0.185148,1.109504,-1.633414,-1.291088,1.230078,-1.322279,0.315531,0.181050,-0.792377,0.290125,0.261170,-0.002695,0.461420
32.857016,1.424379,0.736355,-1.005274,0.174667,0.916839,0.450452,0.411982,-0.265307,0.406023,-0.671792,0.085123,0.334346,0.253183,0.116709,-0.820014,0.185337,1.108702,-1.633125,-1.290830,1.230077,-1.321815,0.313454,0.183420,-0.794121,0.291322,0.259768,-0.002479,0.462324
32.857989,1.421146,0.735892,-1.000115,0.175201,0.915123,0.451498,0.412664,-0.289386,0.398865,-0.688470,0.093919,0.333781,0.250009,0.116915,-0.819690,0.185522,1.107904,-1.632839,-1.290575,1.230074,-1.321345,0.316846,0.184299,-0.792758,0.289007,0.259655,-0.002208,0.466352
32.858999,1.425386,0.733635,-0.998125,0.175512,0.918021,0.451983,0.411878,-0.302048,0.381691,-0.693958,0.107471,0.333019,0.247867,0.117157,-0.819367,0.185709,1.107111,-1.632548,-1.290311,1.230071,-1.320877,0.319516,0.184555,-0.794324,0.288322,0.261115,-0.003317,0.465122
32.860008,1.431492,0.738413,-0.993797,0.177531,0.918836,0.449545,0.410030,-0.308941,0.358875,-0.693618,0.125637,0.331826,0.246407,0.117408,-0.819052,0.185898,1.106310,-1.632262,-1.290063,1.230066,-1.320403,0.318699,0.185771,-0.794492,0.288238,0.258151,-0.003838,0.466964
32.860913,1.440333,0.731975,-0.988295,0.177973,0.919204,0.448706,0.409957,-0.307484,0.331531,-0.685455,0.146152,0.330554,0.245897,0.117628,-0.818736,0.186076,1.105516,-1.631973,-1.289806,1.230072,-1.319930,0.316960,0.183566,-0.795931,0.286349,0.257235,-0.001475,0.470926
32.862029,1.445944,0.735984,-0.988566,0.178721,0.922548,0.447336,0.410336,-0.292189,0.297848,-0.664595,0.167579,0.329598,0.246776,0.117804,-0.818432,0.186268,1.104713,-1.631694,-1.289548,1.230071,-1.319461,0.313459,0.186647,-0.796922,0.285563,0.256488,-0.000709,0.471071
32.862965,1.447285,0.734114,-0.981635,0.178447,0.920463,0.446932,0.409028,-0.259208,0.255594,-0.627626,0.189089,0.329241,0.249238,0.117939,-0.818122,0.186448,1.103908,-1.631408,-1.289303,1.230074,-1.318990,0.312633,0.185037,-0.796849,0.285775,0.253388,0.000568,0.470790
32.863939,1.451459,0.735001,-0.973583,0.178405,0.921364,0.445949,0.409871,-0.211401,0.207867,-0.577653,0.209098,0.329587,0.252961,0.118047,-0.817812,0.186638,1.103108,-1.631122,-1.289043,1.230073,-1.318509,0.313000,0.185905,-0.798884,0.285748,0.255191,0.000907,0.473486
32.864996,1.460241,0.737403,-0.969397,0.179015,0.922430,0.446426,0.408704,-0.152064,0.157435,-0.518005,0.226732,0.330645,0.257644,0.118133,-0.817501,0.186825,1.102296,-1.630841,-1.288795,1.230074,-1.318036,0.312103,0.185475,-0.801646,0.285865,0.254152,0.001821,0.471928
32.865935,1.470419,0.741264,-0.965124,0.176141,0.922055,0.446453,0.407022,-0.080562,0.104476,-0.448168,0.241178,0.332555,0.263351,0.118184,-0.817196,0.187008,1.101484,-1.630553,-1.288544,1.230073,-1.317562,0.309390,0.184543,-0.803195,0.285759,0.253146,0.001260,0.474644
32.866925,1.473341,0.735679,-0.968970,0.178026,0.920485,0.446659,0.408746,0.004193,0.051186,-0.367572,0.249785,0.335646,0.270211,0.118202,-0.816901,0.187188,1.100685,-1.630260,-1.288287,1.230074,-1.317073,0.305522,0.182625,-0.803907,0.288192,0.253245,0.001164,0.478046
32.868023,1.469948,0.737845,-0.960795,0.178536,0.919304,0.447348,0.409269,0.098776,-0.000122,-0.279555,0.251854,0.339838,0.277908,0.118193,-0.816596,0.187377,1.099886,-1.629982,-1.288031,1.230075,-1.316601,0.305455,0.185511,-0.800992,0.286547,0.254682,0.000885,0.474738
32.869025,1.471777,0.739851,-0.956974,0.178754,0.915521,0.447759,0.408722,0.194210,-0.048819,-0.191763,0.251116,0.344371,0.285652,0.118154,-0.816284,0.187564,1.099081,-1.629693,-1.287768,1.230072,-1.316132,0.309011,0.184703,-0.805045,0.286805,0.255894,0.000130,0.474164
32.870009,1.472792,0.737559,-0.961411,0.179560,0.914368,0.446370,0.409041,0.283207,-0.093066,-0.110493,0.249987,0.348716,0.292897,0.118087,-0.815972,0.187748,1.098271,-1.629409,-1.287500,1.230073,-1.315652,0.309407,0.183831,-0.805946,0.286800,0.259458,-0.000354,0.475479
32.871051,1.472503,0.733184,-0.955969,0.180964,0.910222,0.446135,0.410082,0.360517,-0.130089,-0.040445,0.248882,0.352611,0.299288,0.117995,-0.815662,0.187935,1.097470,-1.629126,-1.287238,1.230076,-1.315184,0.310169,0.185054,-0.802638,0.286084,0.260355,0.000969,0.475034
32.871983,1.472461,0.736005,-0.947917,0.180550,0.910431,0.443130,0.409412,0.422496,-0.161109,0.015582,0.249991,0.355641,0.304515,0.117901,-0.815349,0.188130,1.096667,-1.628841,-1.286965,1.230075,-1.314711,0.311854,0.187345,-0.804851,0.285149,0.264336,0.001123,0.473252
32.872936,1.471709,0.739788,-0.949824,0.181954,0.909578,0.443021,0.410939,0.471318,-0.189785,0.059928,0.254584,0.357735,0.308695,0.117823,-0.815031,0.188312,1.095853,-1.628553,-1.286702,1.230083,-1.314235,0.312778,0.185884,-0.807241,0.285194,0.263722,0.004045,0.474688
32.874055,1.481114,0.735197,-0.948713,0.182390,0.907685,0.443043,0.410870,0.507485,-0.213799,0.092655,0.260879,0.359110,0.311885,0.117733,-0.814710,0.188496,1.095060,-1.628276,-1.286433,1.230090,-1.313772,0.314145,0.184004,-0.805017,0.283814,0.264209,0.004016,0.471756
32.874944,1.479755,0.737084,-0.945959,0.179532,0.906540,0.443586,0.410365,0.530975,-0.231010,0.113437,0.267368,0.359951,0.314059,0.117623,-0.814407,0.188687,1.094250,-1.627991,-1.286164,1.230093,-1.313298,0.311440,0.186665,-0.805636,0.284400,0.266146,0.003895,0.472401
32.875951,1.475959,0.738577,-0.937870,0.180727,0.899702,0.444198,0.410140,0.546974,-0.244240,0.126875,0.272800,0.360612,0.315466,0.117509,-0.814092,0.188868,1.093442,-1.627703,-1.285898,1.230097,-1.312830,0.312892,0.185585,-0.805039,0.286588,0.266777,0.003263,0.473423
32.876950,1.481733,0.738932,-0.933791,0.179677,0.901962,0.444662,0.410079,0.556538,-0.252680,0.133612,0.275788,0.361263,0.316117,0.117397,-0.813770,0.189054,1.092635,-1.627419,-1.285612,1.230096,-1.312349,0.316050,0.184962,-0.808209,0.285594,0.273264,0.002584,0.474077
32.877972,1.492238,0.739998,-0.936938,0.183200,0.899204,0.446549,0.409684,0.560252,-0.255988,0.134219,0.276357,0.361900,0.316086,0.117301,-0.813458,0.189240,1.091826,-1.627131,-1.285346,1.230097,-1.311874,0.314431,0.184885,-0.809223,0.286776,0.270688,0.002048,0.474408
32.878966,1.489163,0.743207,-0.940381,0.182946,0.895147,0.449192,0.410251,0.563666,-0.257865,0.134107,0.275108,0.362695,0.315851,0.117231,-0.813154,0.189422,1.091019,-1.626852,-1.285066,1.230094,-1.311402,0.310692,0.184545,-0.806830,0.283652,0.273170,0.000094,0.475479
32.880000,1.484335,0.742974,-0.928506,0.183648,0.896576,0.448818,0.410048,0.565531,-0.257777,0.132245,0.273222,0.363460,0.315447,0.117211,-0.812837,0.189602,1.090226,-1.626570,-1.284784,1.230086,-1.310926,0.313536,0.183093,-0.804250,0.284149,0.276842,-0.002583,0.474523
32.880998,1.478785,0.743102,-0.920597,0.186192,0.894892,0.449809,0.411727,0.559659,-0.252031,0.122832,0.271514,0.363824,0.314484,0.117253,-0.812511,0.189785,1.089406,-1.626282,-1.284517,1.230085,-1.310453,0.317289,0.183438,-0.809435,0.283775,0.275200,-0.002242,0.475243
32.881971,1.491405,0.750592,-0.920909,0.185008,0.896523,0.449654,0.411953,0.546267,-0.242593,0.106471,0.271395,0.363659,0.312990,0.117323,-0.812183,0.189970,1.088601,-1.626006,-1.284235,1.230079,-1.309983,0.321194,0.183477,-0.812389,0.281585,0.276522,-0.003283,0.472077
32.883030,1.503347,0.748477,-0.925714,0.188441,0.896267,0.449296,0.412257,0.529781,-0.231557,0.087523,0.272478,0.363193,0.311401,0.117379,-0.811876,0.190144,1.087795,-1.625726,-1.283962,1.230075,-1.309506,0.316050,0.179884,-0.810998,0.282913,0.274488,-0.003155,0.471805
32.883967,1.501578,0.749931,-0.921176,0.188778,0.893933,0.448909,0.413926,0.516209,-0.218958,0.071168,0.271810,0.362950,0.310281,0.117409,-0.811570,0.190325,1.086988,-1.625452,-1.283689,1.230074,-1.309040,0.311780,0.181289,-0.808126,0.280274,0.274616,-0.002868,0.471570
32.884955,1.495784,0.750469,-0.913696,0.190955,0.889951,0.447459,0.415093,0.508590,-0.207599,0.060330,0.269983,0.362956,0.309853,0.117427,-0.811256,0.190505,1.086187,-1.625170,-1.283407,1.230074,-1.308572,0.313706,0.180561,-0.808977,0.279757,0.276421,-0.002543,0.468316
32.885991,1.496792,0.750918,-0.906770,0.194086,0.890821,0.445811,0.416397,0.502815,-0.198145,0.051630,0.269759,0.362736,0.309735,0.117444,-0.810927,0.190682,1.085370,-1.624900,-1.283124,1.230077,-1.308110,0.317697,0.180483,-0.811533,0.278004,0.279995,-0.001170,0.466234
32.886931,1.515799,0.751627,-0.907867,0.196245,0.889919,0.444557,0.414695,0.495749,-0.191074,0.042656,0.273224,0.361962,0.309621,0.117471,-0.810603,0.190864,1.084558,-1.624629,-1.282837,1.230080,-1.307653,0.318525,0.180496,-0.814282,0.275638,0.278727,0.000387,0.463986
32.887958,1.521688,0.752845,-0.901075,0.199867,0.888731,0.445307,0.415499,0.493354,-0.190850,0.039278,0.280701,0.360894,0.309917,0.117555,-0.810309,0.191044,1.083745,-1.624361,-1.282556,1.230083,-1.307178,0.310170,0.180169,-0.812119,0.273637,0.279117,0.001555,0.467538
32.889022,1.525950,0.755343,-0.900569,0.204499,0.889380,0.445981,0.417313,0.505478,-0.202269,0.050460,0.290822,0.360111,0.311364,0.117711,-0.810004,0.191222,1.082921,-1.624097,-1.282276,1.230083,-1.306718,0.308840,0.179821,-0.814622,0.270877,0.280004,0.000716,0.466216
32.889938,1.522270,0.756703,-0.888343,0.206725,0.886382,0.445871,0.418065,0.533579,-0.225855,0.077386,0.303572,0.359710,0.314102,0.117875,-0.809698,0.191399,1.082114,-1.623835,-1.281997,1.230081,-1.306260,0.308447,0.178923,-0.814424,0.267398,0.279138,-0.000021,0.462985
32.891054,1.525812,0.758183,-0.890336,0.210441,0.886831,0.447100,0.417157,0.571225,-0.258036,0.114061,0.319780,0.359409,0.317661,0.118003,-0.809381,0.191574,1.081287,-1.623574,-1.281711,1.230080,-1.305799,0.311155,0.178278,-0.818638,0.265345,0.281536,0.000037,0.461596
32.892087,1.532160,0.762304,-0.882124,0.210258,0.885411,0.447194,0.416603,0.611795,-0.294666,0.154321,0.339309,0.359034,0.321523,0.118122,-0.809068,0.191750,1.080478,-1.623316,-1.281431,1.230077,-1.305336,0.311266,0.178036,-0.817597,0.263262,0.280972,-0.001264,0.463956
32.892983,1.540341,0.763201,-0.876362,0.214443,0.882794,0.444922,0.416238,0.653067,-0.332028,0.195707,0.359511,0.358832,0.325492,0.118268,-0.808765,0.191923,1.079647,-1.623048,-1.281145,1.230074,-1.304865,0.309679,0.176295,-0.820780,0.264291,0.282058,-0.001399,0.465359
32.893949,1.541757,0.760176,-0.869826,0.214481,0.880031,0.445285,0.417535,0.752236,-0.410083,0.293861,0.393067,0.360576,0.334731,0.118601,-0.808158,0.192278,1.077998,-1.622537,-1.280569,1.230073,-1.303935,0.307065,0.177472,-0.823346,0.260831,0.286221,0.000379,0.463676
32.895125,1.544675,0.762028,-0.874894,0.218498,0.877385,0.445053,0.415601,0.752236,-0.410083,0.293861,0.393067,0.360576,0.334731,0.118601,-0.808158,0.192278,1.077998,-1.622537,-1.280569,1.230073,-1.303935,0.307065,0.177472,-0.823346,0.260831,0.286221,0.000379,0.463676
32.896065,1.543861,0.759256,-0.859527,0.219086,0.873762,0.445518,0.414309,0.809256,-0.453509,0.350223,0.407912,0.362372,0.339780,0.118771,-0.807848,0.192455,1.077175,-1.622285,-1.280278,1.230077,-1.303457,0.307842,0.177149,-0.821136,0.258980,0.288815,0.000516,0.468183
32.897060,1.551557,0.756902,-0.861455,0.222581,0.874653,0.444879,0.416626,0.864599,-0.497649,0.405516,0.422504,0.364420,0.344555,0.118958,-0.807537,0.192637,1.076331,-1.622025,-1.279981,1.230075,-1.302986,0.309289,0.178559,-0.826953,0.258767,0.291760,-0.000012,0.470854
32.897986,1.559730,0.754775,-0.851326,0.224271,0.872354,0.444080,0.416152,0.919804,-0.544919,0.461421,0.437787,0.366672,0.349171,0.119130,-0.807237,0.192819,1.075515,-1.621776,-1.279692,1.230076,-1.302523,0.306851,0.179869,-0.824791,0.256261,0.290354,0.000563,0.466405
32.898939,1.559606,0.750006,-0.853871,0.225938,0.871558,0.444807,0.415181,0.979526,-0.599213,0.522394,0.454365,0.369232,0.353971,0.119244,-0.806936,0.193002,1.074676,-1.621524,-1.279393,1.230079,-1.302058,0.303846,0.180890,-0.827900,0.255005,0.291937,0.001281,0.467507
32.899947,1.560904,0.748626,-0.848812,0.229502,0.868477,0.445338,0.415752,1.044584,-0.661415,0.589118,0.472508,0.372084,0.358985,0.119325,-0.806630,0.193190,1.073861,-1.621270,-1.279102,1.230079,-1.301581,0.305115,0.183257,-0.825094,0.253931,0.292132,0.000472,0.469567
32.901019,1.556910,0.750465,-0.851428,0.231270,0.866855,0.444413,0.416142,1.108637,-0.728485,0.655717,0.493252,0.374814,0.363730,0.119435,-0.806323,0.193377,1.073029,-1.621024,-1.278805,1.230078,-1.301109,0.305888,0.184038,-0.826461,0.251520,0.294711,-0.000119,0.468639
32.901941,1.556702,0.748834,-0.849825,0.231119,0.863391,0.443118,0.416223,1.162078,-0.793739,0.713106,0.516992,0.376882,0.367553,0.119595,-0.806004,0.193557,1.072202,-1.620771,-1.278511,1.230078,-1.300643,0.309520,0.183445,-0.824535,0.251210,0.295990,0.000745,0.468267
32.903057,1.558345,0.747880,-0.851619,0.237189,0.864249,0.442760,0.413761,1.196434,-0.848845,0.752847,0.541878,0.377984,0.369854,0.119791,-0.805694,0.193745,1.071386,-1.620514,-1.278208,1.230081,-1.300171,0.310554,0.184174,-0.823579,0.251665,0.298682,0.001961,0.468173
32.904022,1.558921,0.746299,-0.846116,0.236708,0.863570,0.443470,0.412249,1.209129,-0.891182,0.772373,0.567293,0.377953,0.370459,0.120060,-0.805379,0.193929,1.070564,-1.620276,-1.277914,1.230083,-1.299686,0.311623,0.185049,-0.822547,0.247661,0.297552,0.002221,0.473571
32.904952,1.559009,0.742746,-0.842740,0.240400,0.864421,0.444389,0.413483,1.204405,-0.924068,0.775754,0.593983,0.376808,0.369746,0.120448,-0.805064,0.194116,1.069745,-1.620023,-1.277613,1.230083,-1.299207,0.312438,0.185848,-0.823897,0.248879,0.297576,0.001433,0.476696
32.905940,1.560080,0.737832,-0.842932,0.241151,0.865829,0.444154,0.413046,1.188510,-0.951275,0.768718,0.621645,0.374765,0.368213,0.120919,-0.804750,0.194308,1.068921,-1.619785,-1.277318,1.230079,-1.298736,0.313342,0.187494,-0.823776,0.245967,0.296024,0.000467,0.474260
32.907070,1.566211,0.737385,-0.845318,0.244302,0.869395,0.443870,0.412285,1.165414,-0.976224,0.755075,0.650569,0.371911,0.366149,0.121412,-0.804433,0.194500,1.068096,-1.619537,-1.277030,1.230081,-1.298264,0.314012,0.189954,-0.822380,0.246220,0.294139,0.000632,0.475368
32.908008,1.565306,0.733883,-0.837337,0.247333,0.869716,0.443247,0.410295,1.137066,-1.000159,0.736594,0.680243,0.368394,0.363656,0.121916,-0.804126,0.194692,1.067287,-1.619295,-1.276743,1.230082,-1.297774,0.312973,0.190489,-0.821316,0.245152,0.290425,0.000832,0.477332
32.908989,1.570860,0.738474,-0.839878,0.248655,0.872965,0.442359,0.412096,1.106541,-1.023874,0.715912,0.709710,0.364516,0.360980,0.122448,-0.803806,0.194889,1.066457,-1.619057,-1.276461,1.230085,-1.297286,0.314373,0.192085,-0.823557,0.242974,0.289593,0.001378,0.481362
32.910101,1.581363,0.735908,-0.847780,0.251927,0.874149,0.441875,0.414285,1.075399,-1.046292,0.694188,0.737990,0.360531,0.358311,0.122993,-0.803492,0.195074,1.065640,-1.618814,-1.276182,1.230089,-1.296818,0.312777,0.189817,-0.820977,0.242726,0.285919,0.002176,0.477890
32.910980,1.579414,0.739350,-0.855170,0.251893,0.874684,0.443229,0.411591,1.042650,-1.063052,0.669920,0.762625,0.356734,0.355587,0.123504,-0.803190,0.195267,1.064838,-1.618579,-1.275902,1.230091,-1.296346,0.309525,0.191416,-0.817074,0.241585,0.284654,0.002564,0.473971
32.911975,1.573659,0.740278,-0.855336,0.253834,0.875979,0.443943,0.412275,1.003613,-1.068781,0.638317,0.781834,0.353187,0.352405,0.123980,-0.802872,0.195453,1.064039,-1.618338,-1.275621,1.230090,-1.295863,0.311187,0.189476,-0.811439,0.242012,0.283451,0.001140,0.479382
32.912997,1.571663,0.742267,-0.856136,0.258590,0.875154,0.445364,0.413390,0.948710,-1.056170,0.590214,0.794930,0.349630,0.348023,0.124436,-0.802552,0.195641,1.063242,-1.618100,-1.275340,1.230089,-1.295386,0.315299,0.189096,-0.810505,0.241321,0.281758,0.000368,0.478144
32.913941,1.576043,0.746094,-0.857331,0.259030,0.880533,0.445838,0.414848,0.872501,-1.022901,0.520861,0.803427,0.345732,0.342089,0.124848,-0.802229,0.195830,1.062436,-1.617869,-1.275055,1.230086,-1.294909,0.317583,0.188205,-0.809330,0.238179,0.282238,-0.001113,0.476159
32.915034,1.591223,0.746499,-0.864825,0.261128,0.880266,0.445577,0.416285,0.778692,-0.972342,0.434097,0.808621,0.341524,0.334966,0.125192,-0.801909,0.196011,1.061630,-1.617628,-1.274792,1.230086,-1.294443,0.316306,0.186319,-0.807264,0.238599,0.276463,-0.001644,0.473368
32.916021,1.591336,0.739942,-0.866868,0.263183,0.884449,0.446336,0.414551,0.677984,-0.908970,0.339536,0.808295,0.337664,0.327452,0.125454,-0.801611,0.196199,1.060843,-1.617389,-1.274518,1.230086,-1.293975,0.310641,0.186428,-0.803584,0.238412,0.276704,-0.001452,0.470939
32.916958,1.582470,0.742695,-0.866260,0.265787,0.887204,0.446786,0.416624,0.581497,-0.841001,0.247547,0.802144,0.334619,0.320240,0.125658,-0.801294,0.196394,1.060046,-1.617155,-1.274256,1.230082,-1.293492,0.311855,0.189694,-0.801613,0.237660,0.272260,-0.002266,0.474625
32.917955,1.582204,0.743769,-0.858756,0.267405,0.889522,0.446203,0.418381,0.488975,-0.773264,0.158635,0.793457,0.332027,0.313201,0.125830,-0.800971,0.196583,1.059256,-1.616920,-1.273993,1.230079,-1.293037,0.317196,0.188193,-0.800605,0.235963,0.269163,-0.002759,0.470562
32.919087,1.597245,0.743532,-0.866848,0.269741,0.892844,0.446014,0.418428,0.395404,-0.704139,0.068549,0.783974,0.329492,0.306013,0.125954,-0.800647,0.196771,1.058450,-1.616683,-1.273730,1.230076,-1.292576,0.318466,0.187737,-0.803412,0.235661,0.266650,-0.002222,0.467320
32.920006,1.605967,0.739111,-0.863711,0.270812,0.893121,0.444234,0.417767,0.306352,-0.635437,-0.017639,0.772550,0.327347,0.299165,0.126056,-0.800342,0.196960,1.057654,-1.616450,-1.273478,1.230076,-1.292111,0.312965,0.188241,-0.799603,0.235688,0.263548,-0.002115,0.467798
32.921010,1.605999,0.739317,-0.865854,0.271028,0.898248,0.443776,0.418113,0.233511,-0.574072,-0.089156,0.758190,0.326165,0.293499,0.126183,-0.800043,0.197154,1.056862,-1.616211,-1.273215,1.230079,-1.291635,0.309688,0.190284,-0.799718,0.235307,0.262899,-0.000403,0.469170
32.922088,1.599740,0.738020,-0.866046,0.276686,0.899210,0.445326,0.420076,0.181155,-0.523487,-0.142059,0.740983,0.326137,0.289231,0.126331,-0.799727,0.197346,1.056066,-1.615978,-1.272971,1.230079,-1.291166,0.311023,0.190195,-0.797819,0.236549,0.257729,-0.000028,0.468709
32.922993,1.603556,0.740067,-0.865843,0.277568,0.901225,0.445647,0.419388,0.140812,-0.480052,-0.183958,0.722806,0.326773,0.285704,0.126451,-0.799399,0.197538,1.055278,-1.615750,-1.272716,1.230076,-1.290711,0.315715,0.191055,-0.797670,0.232931,0.256884,-0.001654,0.465213
32.923995,1.605163,0.739785,-0.864556,0.279628,0.905489,0.444780,0.417697,0.102307,-0.439394,-0.223756,0.706647,0.327360,0.282285,0.126533,-0.799087,0.197726,1.054482,-1.615519,-1.272462,1.230074,-1.290240,0.314600,0.189872,-0.796087,0.232884,0.254510,-0.002011,0.466666
32.925063,1.616101,0.737485,-0.871331,0.282906,0.906680,0.445017,0.420800,0.064244,-0.399634,-0.262767,0.692458,0.327815,0.278971,0.126610,-0.798769,0.197914,1.053685,-1.615286,-1.272217,1.230075,-1.289766,0.315074,0.190101,-0.795909,0.232247,0.250218,-0.001207,0.470293
32.926029,1.618679,0.735587,-0.859036,0.280080,0.913039,0.444630,0.421328,0.030096,-0.362174,-0.297915,0.679479,0.328299,0.276019,0.126686,-0.798471,0.198108,1.052904,-1.615056,-1.271973,1.230073,-1.289313,0.311399,0.191429,-0.792417,0.230930,0.249211,-0.001520,0.464444
32.927009,1.621942,0.741503,-0.867169,0.282479,0.915581,0.443960,0.421554,0.007154,-0.331451,-0.322678,0.666778,0.329148,0.273890,0.126737,-0.798160,0.198304,1.052098,-1.614814,-1.271747,1.230072,-1.288849,0.311316,0.192272,-0.797388,0.234763,0.242892,-0.001185,0.463623
32.928022,1.625074,0.740775,-0.862397,0.281042,0.917221,0.444723,0.421143,-0.001517,-0.306021,-0.335005,0.651238,0.330785,0.272752,0.126771,-0.797846,0.198486,1.051310,-1.614583,-1.271515,1.230072,-1.288389,0.310884,0.189383,-0.792308,0.233650,0.240449,-0.000581,0.463413
32.929036,1.629027,0.741670,-0.867698,0.283509,0.920748,0.444242,0.420768,-0.002001,-0.278830,-0.341106,0.630843,0.333117,0.272214,0.126825,-0.797537,0.198678,1.050520,-1.614347,-1.271280,1.230068,-1.287919,0.310751,0.189841,-0.794102,0.236558,0.238927,-0.001409,0.464508
32.930039,1.635714,0.737667,-0.860383,0.283792,0.920740,0.442897,0.421273,0.001544,-0.247627,-0.344752,0.606027,0.335863,0.272021,0.126922,-0.797227,0.198867,1.049730,-1.614112,-1.271057,1.230069,-1.287459,0.310199,0.189483,-0.790755,0.235512,0.235615,-0.000992,0.465566
32.931060,1.645821,0.738264,-0.865367,0.285639,0.926478,0.442574,0.421894,0.010642,-0.216837,-0.343913,0.579129,0.338825,0.272282,0.127065,-0.796928,0.199063,1.048937,-1.613872,-1.270821,1.230071,-1.286995,0.308335,0.191496,-0.793696,0.236512,0.235746,0.000282,0.464804
32.932052,1.650852,0.736406,-0.863535,0.286955,0.929611,0.442616,0.421502,0.030142,-0.192594,-0.333545,0.552072,0.342040,0.273324,0.127254,-0.796628,0.199256,1.048146,-1.613639,-1.270603,1.230071,-1.286528,0.304847,0.191235,-0.790539,0.236224,0.230246,0.000524,0.463849
32.932988,1.648491,0.734289,-0.864702,0.286473,0.931701,0.442403,0.419325,0.061711,-0.176905,-0.311954,0.525310,0.345622,0.275249,0.127485,-0.796325,0.199450,1.047346,-1.613402,-1.270381,1.230073,-1.286067,0.303742,0.192164,-0.790524,0.236184,0.227327,0.000397,0.464906
32.933930,1.642059,0.734827,-0.857931,0.288298,0.933867,0.443487,0.419630,0.099999,-0.167503,-0.283961,0.499370,0.349385,0.277616,0.127749,-0.796018,0.199646,1.046562,-1.613164,-1.270158,1.230075,-1.285588,0.306028,0.193055,-0.788672,0.237520,0.225295,0.000534,0.469361
32.935005,1.647625,0.738586,-0.864437,0.290243,0.934535,0.443432,0.420153,0.135801,-0.160203,-0.257803,0.475220,0.352904,0.279716,0.128034,-0.795697,0.199838,1.045762,-1.612926,-1.269941,1.230071,-1.285115,0.310188,0.192661,-0.790697,0.236558,0.223250,-0.000602,0.468802
32.935973,1.653549,0.739300,-0.860368,0.292869,0.937325,0.441025,0.418296,0.161466,-0.150061,-0.240426,0.453186,0.355836,0.281080,0.128337,-0.795388,0.200028,1.044970,-1.612692,-1.269715,1.230070,-1.284650,0.309100,0.191002,-0.787261,0.236554,0.222955,-0.000609,0.468170
32.937197,1.657659,0.739182,-0.859871,0.295128,0.942271,0.439505,0.418529,0.176857,-0.135266,-0.232130,0.432337,0.358234,0.281803,0.128667,-0.795087,0.200220,1.044186,-1.612461,-1.269500,1.230079,-1.284169,0.307430,0.190616,-0.788355,0.235148,0.220345,0.001703,0.472052
32.938141,1.650469,0.740796,-0.852944,0.298656,0.943685,0.439721,0.419723,0.188456,-0.119553,-0.227013,0.411986,0.360454,0.282322,0.129012,-0.794777,0.200411,1.043388,-1.612220,-1.269293,1.230084,-1.283699,0.307873,0.191244,-0.789688,0.235704,0.216285,0.003094,0.472256
32.938989,1.647297,0.742348,-0.849049,0.299258,0.944559,0.440184,0.418480,0.198897,-0.106180,-0.222438,0.392927,0.362596,0.282731,0.129314,-0.794459,0.200598,1.042598,-1.611991,-1.269082,1.230086,-1.283231,0.312493,0.190373,-0.791907,0.233276,0.215086,0.002785,0.469973
32.940112,1.653824,0.738466,-0.850111,0.298267,0.944140,0.439796,0.418668,0.203008,-0.093002,-0.222922,0.376378,0.364360,0.282653,0.129555,-0.794140,0.200788,1.041801,-1.611760,-1.268874,1.230089,-1.282750,0.314520,0.189295,-0.791662,0.233097,0.214197,0.002245,0.472373
32.940981,1.648254,0.739852,-0.845523,0.300197,0.946516,0.439908,0.418133,0.199578,-0.078412,-0.229723,0.361206,0.365824,0.281923,0.129758,-0.793827,0.200984,1.041018,-1.611519,-1.268656,1.230092,-1.282278,0.313163,0.191545,-0.791518,0.236207,0.215189,0.002543,0.472465
32.941987,1.655909,0.740373,-0.839245,0.303970,0.947012,0.440444,0.417195,0.191792,-0.063534,-0.240141,0.345521,0.367320,0.280622,0.129934,-0.793506,0.201175,1.040223,-1.611290,-1.268447,1.230095,-1.281799,0.316552,0.190555,-0.791845,0.234819,0.212798,0.002350,0.473464
32.942999,1.661783,0.742215,-0.840287,0.306364,0.949014,0.439714,0.416978,0.182168,-0.050254,-0.251693,0.329890,0.368923,0.278986,0.130081,-0.793195,0.201364,1.039424,-1.611063,-1.268236,1.230092,-1.281324,0.314036,0.190375,-0.794170,0.232642,0.212659,0.001757,0.475580
32.943933,1.658043,0.743468,-0.839966,0.309200,0.946814,0.441850,0.415681,0.172179,-0.036130,-0.264482,0.301446,0.372998,0.276280,0.130261,-0.792564,0.201743,1.037850,-1.610606,-1.267810,1.230089,-1.280357,0.315315,0.188817,-0.791842,0.230076,0.213352,0.000214,0.478859
32.944967,1.659344,0.745142,-0.838493,0.312577,0.947277,0.441508,0.414917,0.172179,-0.036130,-0.264482,0.301446,0.372998,0.276280,0.130261,-0.792564,0.201743,1.037850,-1.610606,-1.267810,1.230089,-1.280357,0.315315,0.188817,-0.791842,0.230076,0.213352,0.000214,0.478859
32.945923,1.657740,0.749769,-0.837818,0.314335,0.947588,0.443073,0.415121,0.163823,-0.029635,-0.273291,0.289643,0.375048,0.274745,0.130345,-0.792242,0.201929,1.037053,-1.610378,-1.267597,1.230091,-1.279873,0.316031,0.188153,-0.792032,0.228473,0.213253,0.000499,0.480630
32.946937,1.667941,0.746264,-0.832228,0.315463,0.946818,0.442794,0.414285,0.147007,-0.018720,-0.289606,0.279641,0.376766,0.272713,0.130427,-0.791925,0.202112,1.036271,-1.610154,-1.267382,1.230087,-1.279391,0.317883,0.185860,-0.791295,0.228067,0.213108,-0.001128,0.480295
32.948020,1.674460,0.748249,-0.833918,0.318143,0.949677,0.442289,0.413295,0.126030,-0.004149,-0.309775,0.269859,0.378430,0.270495,0.130473,-0.791615,0.202300,1.035471,-1.609924,-1.267166,1.230084,-1.278903,0.314154,0.187765,-0.793359,0.228521,0.214206,-0.000887,0.482186
32.948973,1.675856,0.748310,-0.832642,0.319709,0.948088,0.444582,0.412101,0.111569,0.007787,-0.324073,0.259312,0.380527,0.268792,0.130491,-0.791306,0.202489,1.034690,-1.609693,-1.266959,1.230086,-1.278418,0.312701,0.187003,-0.792542,0.227895,0.211870,-0.000463,0.484520
32.950070,1.668573,0.748849,-0.832721,0.323376,0.948220,0.443592,0.411970,0.106894,0.015149,-0.329547,0.247909,0.383160,0.267809,0.130507,-0.790990,0.202675,1.033900,-1.609469,-1.266742,1.230079,-1.277919,0.313066,0.186972,-0.792016,0.227624,0.213648,-0.002812,0.486930
32.950978,1.667928,0.744416,-0.823725,0.321730,0.949759,0.444034,0.412979,0.104149,0.021668,-0.333241,0.237207,0.385781,0.266999,0.130537,-0.790658,0.202860,1.033106,-1.609241,-1.266529,1.230079,-1.277433,0.318332,0.187040,-0.792002,0.226170,0.214039,-0.001861,0.487552
32.952017,1.678378,0.746174,-0.822306,0.325353,0.949217,0.445113,0.411513,0.097406,0.028617,-0.340198,0.228991,0.387898,0.265877,0.130573,-0.790341,0.203052,1.032314,-1.609005,-1.266316,1.230077,-1.276948,0.319419,0.189089,-0.794930,0.228539,0.212559,-0.002371,0.485487
32.952964,1.690340,0.749355,-0.816804,0.327294,0.949323,0.444358,0.410150,0.092426,0.032325,-0.345033,0.222852,0.389743,0.264845,0.130621,-0.790031,0.203237,1.031516,-1.608782,-1.266103,1.230073,-1.276451,0.315691,0.188395,-0.795094,0.226812,0.213518,-0.003505,0.488680
32.954022,1.688941,0.753942,-0.818235,0.327221,0.950148,0.443967,0.411388,0.100201,0.028887,-0.337976,0.217224,0.391880,0.264870,0.130697,-0.789726,0.203422,1.030727,-1.608557,-1.265885,1.230074,-1.275956,0.310841,0.186772,-0.796632,0.226116,0.213532,-0.002803,0.491424
32.955015,1.681701,0.754111,-0.818404,0.327716,0.950980,0.443455,0.413299,0.122641,0.021635,-0.318023,0.209665,0.394615,0.266215,0.130775,-0.789411,0.203605,1.029929,-1.608323,-1.265670,1.230072,-1.275466,0.313193,0.184755,-0.795532,0.228015,0.213116,-0.002479,0.489178
32.956018,1.676824,0.753347,-0.812205,0.328703,0.951091,0.443732,0.413457,0.147298,0.020523,-0.297183,0.198579,0.397631,0.267880,0.130802,-0.789082,0.203790,1.029132,-1.608094,-1.265459,1.230071,-1.274983,0.317928,0.184789,-0.794531,0.228979,0.212591,-0.002027,0.485506
32.957115,1.685675,0.759069,-0.808885,0.331269,0.952873,0.442772,0.412634,0.161595,0.030635,-0.286677,0.185625,0.400315,0.268822,0.130792,-0.788758,0.203976,1.028334,-1.607862,-1.265244,1.230068,-1.274501,0.321555,0.185284,-0.796821,0.229457,0.212772,-0.002362,0.485421
32.957933,1.699274,0.754730,-0.811805,0.330947,0.952793,0.441473,0.413693,0.166981,0.048800,-0.284660,0.172418,0.402632,0.269177,0.130800,-0.788442,0.204155,1.027530,-1.607634,-1.265036,1.230068,-1.274009,0.318836,0.182798,-0.798382,0.229083,0.211565,-0.001466,0.487439
32.958935,1.704141,0.754453,-0.803897,0.335163,0.956441,0.440830,0.415805,0.174092,0.068890,-0.281268,0.158538,0.405086,0.269800,0.130825,-0.788139,0.204341,1.026734,-1.607403,-1.264824,1.230069,-1.273533,0.312515,0.184690,-0.794444,0.229613,0.211522,-0.000230,0.485109
32.959949,1.699973,0.756010,-0.798606,0.335520,0.958723,0.441040,0.416068,0.192712,0.082744,-0.267174,0.145116,0.407964,0.271395,0.130816,-0.787834,0.204528,1.025936,-1.607185,-1.264622,1.230072,-1.273057,0.311556,0.184903,-0.797613,0.227147,0.208264,0.000321,0.481080
32.960928,1.708441,0.758270,-0.793847,0.337776,0.958283,0.440535,0.417112,0.224240,0.086587,-0.240675,0.134241,0.411172,0.274035,0.130763,-0.787511,0.204709,1.025126,-1.606955,-1.264419,1.230071,-1.272579,0.314953,0.184314,-0.799368,0.228437,0.206426,0.000037,0.480828
32.962078,1.712563,0.758508,-0.796609,0.341474,0.961142,0.441509,0.418375,0.264616,0.083454,-0.205649,0.125649,0.414632,0.277408,0.130687,-0.787207,0.204891,1.024328,-1.606729,-1.264209,1.230070,-1.272103,0.311967,0.183270,-0.800692,0.227584,0.207173,0.000486,0.478885
32.962936,1.716802,0.757213,-0.784577,0.342384,0.961907,0.440302,0.419315,0.365030,0.061419,-0.116511,0.114669,0.422038,0.285902,0.130483,-0.786583,0.205260,1.022706,-1.606283,-1.263805,1.230070,-1.271162,0.310506,0.184072,-0.803372,0.226345,0.204375,0.000586,0.474968
32.963939,1.722717,0.755351,-0.782264,0.345889,0.963950,0.439404,0.420250,0.427341,0.037961,-0.059823,0.113892,0.425898,0.291142,0.130386,-0.786283,0.205450,1.021902,-1.606061,-1.263605,1.230070,-1.270689,0.309038,0.185075,-0.803583,0.224544,0.202766,0.001410,0.473331
32.965049,1.724643,0.756939,-0.776051,0.348616,0.962435,0.438538,0.418517,0.427341,0.037961,-0.059823,0.113892,0.425898,0.291142,0.130386,-0.786283,0.205450,1.021902,-1.606061,-1.263605,1.230070,-1.270689,0.309038,0.185075,-0.803583,0.224544,0.202766,0.001410,0.473331
32.965974,1.721406,0.757809,-0.776631,0.349607,0.962603,0.439762,0.421144,0.570818,-0.035068,0.073287,0.123984,0.433499,0.303005,0.130377,-0.785649,0.205817,1.020285,-1.605614,-1.263189,1.230068,-1.269746,0.312437,0.184170,-0.804704,0.224366,0.204916,0.000898,0.472042
32.966929,1.715952,0.752510,-0.774494,0.351907,0.964608,0.439940,0.425402,0.570818,-0.035068,0.073287,0.123984,0.433499,0.303005,0.130377,-0.785649,0.205817,1.020285,-1.605614,-1.263189,1.230068,-1.269746,0.312437,0.184170,-0.804704,0.224366,0.204916,0.000898,0.472042
32.967997,1.715381,0.752272,-0.776173,0.353853,0.964742,0.439266,0.424793,0.632893,-0.072119,0.131945,0.134060,0.436451,0.308179,0.130405,-0.785330,0.206009,1.019476,-1.605396,-1.262987,1.230066,-1.269297,0.316201,0.186767,-0.804392,0.223516,0.203193,0.000680,0.463717
32.968979,1.721102,0.750511,-0.767326,0.356876,0.965601,0.438438,0.424573,0.705356,-0.134649,0.204850,0.166394,0.438675,0.314419,0.130518,-0.784700,0.206385,1.017855,-1.604950,-1.262583,1.230075,-1.268367,0.316404,0.188023,-0.806417,0.222215,0.203156,0.001993,0.466083
32.970089,1.725437,0.750903,-0.771438,0.360468,0.967925,0.438352,0.425967,0.727438,-0.165604,0.229484,0.186679,0.438483,0.316388,0.130650,-0.784380,0.206574,1.017044,-1.604731,-1.262389,1.230078,-1.267905,0.316046,0.188148,-0.804247,0.221153,0.201583,0.001979,0.463763
32.970989,1.721050,0.753330,-0.762379,0.358942,0.968021,0.438621,0.428155,0.745211,-0.195340,0.250102,0.206569,0.437913,0.317982,0.130760,-0.784051,0.206759,1.016237,-1.604503,-1.262186,1.230079,-1.267458,0.318888,0.186791,-0.806980,0.223547,0.201656,0.001633,0.459486
32.971948,1.721721,0.749508,-0.762241,0.359829,0.970896,0.438386,0.429889,0.745211,-0.195340,0.250102,0.206569,0.437913,0.317982,0.130760,-0.784051,0.206759,1.016237,-1.604503,-1.262186,1.230079,-1.267458,0.318888,0.186791,-0.806980,0.223547,0.201656,0.001633,0.459486
32.973019,1.725146,0.750091,-0.758162,0.362922,0.973581,0.438465,0.427412,0.756640,-0.218866,0.264039,0.222800,0.437245,0.318961,0.130807,-0.783735,0.206954,1.015423,-1.604276,-1.261992,1.230082,-1.267006,0.319595,0.188640,-0.805591,0.223920,0.199149,0.001793,0.456249
32.974058,1.730874,0.748759,-0.752254,0.365750,0.974153,0.438909,0.426929,0.762885,-0.236967,0.272302,0.235003,0.436678,0.319330,0.130834,-0.783415,0.207140,1.014603,-1.604057,-1.261802,1.230083,-1.266542,0.319466,0.188591,-0.807149,0.223055,0.197172,0.001625,0.461698
32.975042,1.733157,0.748545,-0.749491,0.365254,0.977241,0.438570,0.427239,0.769617,-0.254351,0.280344,0.244504,0.436453,0.319535,0.130877,-0.783102,0.207333,1.013790,-1.603834,-1.261601,1.230085,-1.266074,0.318105,0.189369,-0.809411,0.222159,0.197138,0.001095,0.462949
32.975930,1.734400,0.744772,-0.749655,0.366404,0.973822,0.439648,0.425615,0.782430,-0.273750,0.293228,0.251202,0.436948,0.319994,0.130907,-0.782780,0.207525,1.012977,-1.603609,-1.261413,1.230090,-1.265609,0.318108,0.189466,-0.809572,0.224172,0.194535,0.001346,0.462530
32.976976,1.732055,0.744333,-0.743300,0.365359,0.970649,0.441346,0.425211,0.799856,-0.293477,0.309483,0.254530,0.438273,0.320531,0.130922,-0.782458,0.207717,1.012162,-1.603385,-1.261208,1.230086,-1.265141,0.318121,0.191127,-0.807429,0.223845,0.198120,0.000214,0.465822
32.977977,1.729805,0.743275,-0.749925,0.363632,0.968928,0.443744,0.424614,0.817052,-0.311034,0.324752,0.255005,0.440236,0.320759,0.130956,-0.782135,0.207910,1.011352,-1.603154,-1.260998,1.230081,-1.264668,0.320747,0.191457,-0.810046,0.226714,0.201737,-0.001531,0.466933
32.979072,1.737284,0.741752,-0.748123,0.369260,0.968338,0.443322,0.424944,0.829737,-0.323295,0.332885,0.245596,0.445317,0.318949,0.131007,-0.781489,0.208301,1.009749,-1.602692,-1.260586,1.230070,-1.263732,0.320972,0.192952,-0.806630,0.226363,0.205003,-0.003568,0.468140
32.980064,1.740551,0.739454,-0.748164,0.368621,0.969303,0.443034,0.426906,0.829737,-0.323295,0.332885,0.245596,0.445317,0.318949,0.131007,-0.781489,0.208301,1.009749,-1.602692,-1.260586,1.230070,-1.263732,0.320972,0.192952,-0.806630,0.226363,0.205003,-0.003568,0.468140
32.980950,1.738087,0.738398,-0.748050,0.372116,0.967276,0.442074,0.424203,0.825773,-0.320766,0.327078,0.238884,0.448005,0.317256,0.130955,-0.781170,0.208498,1.008940,-1.602456,-1.260382,1.230070,-1.263267,0.320548,0.194052,-0.805530,0.228340,0.204394,-0.003351,0.464420
32.981940,1.735807,0.737987,-0.747192,0.372415,0.964340,0.441242,0.426249,0.818526,-0.317030,0.318526,0.233490,0.450547,0.315465,0.130883,-0.780838,0.208692,1.008132,-1.602236,-1.260172,1.230069,-1.262783,0.322320,0.194309,-0.803597,0.225716,0.206497,-0.002441,0.469855
32.983063,1.732969,0.738084,-0.744570,0.375006,0.966355,0.439066,0.428857,0.802866,-0.309703,0.302660,0.230702,0.452437,0.313263,0.130833,-0.780513,0.208886,1.007333,-1.602005,-1.259958,1.230068,-1.262328,0.324582,0.194496,-0.803080,0.226856,0.209716,-0.001669,0.465949
32.984071,1.741277,0.736993,-0.740904,0.376298,0.967543,0.439184,0.427848,0.775978,-0.296724,0.276824,0.230627,0.453368,0.310440,0.130780,-0.780177,0.209081,1.006522,-1.601780,-1.259754,1.230070,-1.261869,0.327670,0.194731,-0.804456,0.226731,0.208343,0.000428,0.461262
32.984996,1.747130,0.733448,-0.737154,0.375825,0.968732,0.439237,0.427275,0.743368,-0.280072,0.245854,0.232091,0.453583,0.307365,0.130725,-0.779854,0.209276,1.005720,-1.601551,-1.259547,1.230069,-1.261405,0.324696,0.195287,-0.805444,0.226994,0.207536,0.000221,0.463627
32.986020,1.750357,0.730917,-0.736400,0.376145,0.968066,0.439895,0.427112,0.716811,-0.265486,0.220335,0.233638,0.453697,0.304868,0.130720,-0.779541,0.209478,1.004911,-1.601322,-1.259343,1.230070,-1.260936,0.322713,0.196802,-0.805650,0.228477,0.206557,0.000096,0.464840
32.987029,1.753181,0.730860,-0.735494,0.379041,0.970403,0.439681,0.427796,0.703420,-0.256597,0.206573,0.234155,0.454119,0.303394,0.130792,-0.779217,0.209678,1.004100,-1.601087,-1.259137,1.230070,-1.260475,0.322417,0.198064,-0.805210,0.229691,0.207672,-0.000634,0.465486
32.988009,1.749254,0.732262,-0.734721,0.379936,0.969861,0.441396,0.429937,0.701413,-0.252854,0.202933,0.234126,0.454755,0.302790,0.130925,-0.778900,0.209876,1.003303,-1.600858,-1.258933,1.230070,-1.260010,0.322321,0.198047,-0.804894,0.228354,0.205717,-0.000483,0.464372
32.989110,1.754032,0.731003,-0.731426,0.382252,0.968684,0.440890,0.426943,0.703501,-0.250047,0.202813,0.234615,0.455266,0.302619,0.131082,-0.778568,0.210074,1.002496,-1.600629,-1.258726,1.230063,-1.259550,0.325302,0.197257,-0.804128,0.228833,0.206604,-0.002244,0.460292
32.990017,1.760529,0.732670,-0.730551,0.384905,0.968579,0.441826,0.425698,0.703982,-0.244511,0.201038,0.236019,0.455470,0.302553,0.131267,-0.778242,0.210271,1.001682,-1.600402,-1.258513,1.230062,-1.259075,0.324546,0.198105,-0.805614,0.228792,0.208334,-0.001786,0.466818
32.990931,1.765206,0.729542,-0.724796,0.385730,0.969617,0.438566,0.425402,0.704750,-0.237516,0.199470,0.238484,0.455544,0.302809,0.131498,-0.777929,0.210468,1.000885,-1.600182,-1.258302,1.230060,-1.258599,0.322130,0.197003,-0.804367,0.227195,0.208524,-0.002788,0.469282
32.991976,1.772145,0.731155,-0.725928,0.386485,0.971408,0.438653,0.426050,0.710409,-0.232102,0.202458,0.242054,0.455801,0.303749,0.131757,-0.777610,0.210669,1.000074,-1.599955,-1.258095,1.230067,-1.258131,0.320616,0.198315,-0.805502,0.227343,0.207621,0.000407,0.469918
32.992928,1.769490,0.732102,-0.723884,0.387246,0.970080,0.438410,0.426879,0.723816,-0.229530,0.212482,0.245647,0.456568,0.305462,0.131996,-0.777295,0.210864,0.999281,-1.599723,-1.257892,1.230065,-1.257659,0.318662,0.197578,-0.804496,0.228369,0.206337,0.000223,0.468929
32.993966,1.770980,0.728761,-0.724724,0.386805,0.968774,0.437869,0.425656,0.742145,-0.226407,0.226564,0.247458,0.457963,0.307628,0.132182,-0.776971,0.211059,0.998477,-1.599496,-1.257682,1.230068,-1.257190,0.320960,0.196982,-0.804167,0.228809,0.207910,0.000388,0.467402
32.994946,1.774038,0.727080,-0.724051,0.394464,0.969913,0.437516,0.424925,0.758265,-0.218434,0.238107,0.246985,0.459727,0.309635,0.132327,-0.776646,0.211258,0.997671,-1.599260,-1.257467,1.230069,-1.256720,0.321572,0.198710,-0.803114,0.230881,0.209592,0.000854,0.470207
32.995942,1.781397,0.725709,-0.721328,0.394740,0.973851,0.438095,0.426172,0.768780,-0.208061,0.244841,0.247164,0.461368,0.311200,0.132473,-0.776331,0.211461,0.996878,-1.599047,-1.257263,1.230070,-1.256245,0.321215,0.199398,-0.802476,0.224898,0.208764,0.001131,0.471829
32.996970,1.787323,0.721657,-0.724153,0.396832,0.975447,0.438030,0.425917,0.776595,-0.201379,0.250346,0.251387,0.462605,0.312620,0.132637,-0.776016,0.211659,0.996073,-1.598817,-1.257063,1.230069,-1.255774,0.318799,0.200027,-0.802862,0.226159,0.205228,0.000477,0.469520
32.997968,1.790545,0.729483,-0.727045,0.402425,0.974098,0.439137,0.426803,0.787360,-0.201533,0.259664,0.258725,0.463723,0.314274,0.132820,-0.775701,0.211863,0.995284,-1.598590,-1.256862,1.230070,-1.255306,0.317267,0.202012,-0.800912,0.225799,0.204137,0.000474,0.470362
32.998981,1.784965,0.724075,-0.726693,0.406263,0.975616,0.439523,0.427829,0.799792,-0.205485,0.271070,0.267314,0.464772,0.316061,0.133018,-0.775386,0.212054,0.994489,-1.598376,-1.256655,1.230068,-1.254839,0.316957,0.198080,-0.798618,0.222052,0.205874,-0.000703,0.468814
33.000028,1.783027,0.729742,-0.726631,0.408566,0.976868,0.438150,0.428079,0.804909,-0.207706,0.276307,0.278117,0.465170,0.317459,0.133218,-0.775054,0.212258,0.993688,-1.598158,-1.256452,1.230068,-1.254385,0.320944,0.200765,-0.798024,0.220099,0.204762,-0.001152,0.467085
33.000989,1.785114,0.730297,-0.727152,0.413014,0.974796,0.438482,0.429440,0.795181,-0.204852,0.268634,0.291909,0.464455,0.317915,0.133410,-0.774733,0.212451,0.992899,-1.597937,-1.256251,1.230072,-1.253918,0.323359,0.198002,-0.797710,0.219832,0.204052,0.000140,0.466948
33.002000,1.794043,0.730226,-0.726155,0.415724,0.978569,0.435439,0.428135,0.768461,-0.194144,0.245824,0.307096,0.462651,0.317259,0.133594,-0.774410,0.212646,0.992106,-1.597725,-1.256043,1.230072,-1.253451,0.323287,0.197657,-0.796282,0.217017,0.206403,-0.000278,0.464368
33.002984,1.793912,0.728603,-0.726939,0.421417,0.979263,0.434900,0.428476,0.730743,-0.177751,0.213091,0.322199,0.460148,0.315915,0.133792,-0.774093,0.212844,0.991319,-1.597510,-1.255846,1.230082,-1.252984,0.320110,0.197676,-0.796159,0.216240,0.203064,0.002668,0.467302
33.003987,1.786546,0.731057,-0.728596,0.426115,0.982957,0.435252,0.431974,0.690425,-0.162160,0.178225,0.337510,0.457337,0.314353,0.134017,-0.773770,0.213044,0.990525,-1.597304,-1.255645,1.230085,-1.252519,0.321339,0.198384,-0.794798,0.212476,0.202783,0.003094,0.466809
33.004916,1.784018,0.727511,-0.726272,0.426001,0.986974,0.436720,0.431435,0.644798,-0.148316,0.139162,0.354916,0.454021,0.312273,0.134245,-0.773433,0.213239,0.989730,-1.597101,-1.255454,1.230088,-1.252077,0.326097,0.197142,-0.793167,0.209942,0.199595,0.002648,0.460104
33.005989,1.793010,0.730166,-0.729332,0.431696,0.987188,0.438025,0.429400,0.586887,-0.132555,0.089678,0.374604,0.450025,0.309081,0.134462,-0.773105,0.213440,0.988944,-1.596884,-1.255262,1.230088,-1.251604,0.328113,0.198698,-0.793000,0.211404,0.195907,0.001103,0.461334
33.006992,1.797389,0.725492,-0.729060,0.436039,0.989147,0.437601,0.432034,0.520125,-0.115022,0.032613,0.394402,0.445846,0.304957,0.134699,-0.772783,0.213634,0.988158,-1.596683,-1.255064,1.230088,-1.251132,0.325147,0.197520,-0.791370,0.208352,0.196366,-0.000275,0.465818
33.007934,1.798504,0.727789,-0.727712,0.436943,0.989540,0.439159,0.432929,0.453967,-0.101334,-0.023404,0.414218,0.441943,0.300627,0.134970,-0.772456,0.213835,0.987365,-1.596478,-1.254873,1.230093,-1.250688,0.324140,0.199810,-0.790733,0.206149,0.194909,0.000068,0.460802
33.009063,1.796864,0.726333,-0.735409,0.438992,0.991024,0.438128,0.433684,0.393968,-0.095079,-0.073351,0.434271,0.438536,0.296493,0.135239,-0.772133,0.214033,0.986584,-1.596272,-1.254676,1.230088,-1.250230,0.324490,0.198456,-0.790249,0.206924,0.194849,-0.001549,0.459209
33.009995,1.793889,0.725372,-0.740775,0.442625,0.990625,0.438537,0.433163,0.337143,-0.091751,-0.120549,0.452284,0.435733,0.292258,0.135497,-0.771798,0.214234,0.985801,-1.596062,-1.254486,1.230092,-1.249776,0.327033,0.199420,-0.786801,0.207739,0.194210,-0.000591,0.458274
33.010933,1.790591,0.724171,-0.738418,0.446058,0.990634,0.437950,0.432759,0.274042,-0.084951,-0.173821,0.467738,0.433142,0.287181,0.135778,-0.771470,0.214435,0.985034,-1.595859,-1.254289,1.230086,-1.249317,0.329314,0.199656,-0.783027,0.205753,0.194912,-0.001046,0.459477
33.012059,1.797417,0.727819,-0.739265,0.450592,0.992087,0.437545,0.435448,0.198572,-0.073475,-0.238283,0.483088,0.430172,0.280883,0.136088,-0.771131,0.214638,0.984246,-1.595658,-1.254092,1.230086,-1.248851,0.331654,0.200018,-0.782964,0.204066,0.195213,-0.000515,0.460400
33.012967,1.804099,0.727245,-0.739119,0.452482,0.991865,0.437552,0.434523,0.114810,-0.059706,-0.310122,0.499272,0.426795,0.273817,0.136395,-0.770800,0.214833,0.983455,-1.595457,-1.253897,1.230085,-1.248408,0.329943,0.198452,-0.782852,0.202611,0.194535,-0.000185,0.455572
33.013984,1.809792,0.723975,-0.742004,0.454680,0.992705,0.438707,0.434133,0.033115,-0.046464,-0.380320,0.514529,0.423519,0.266873,0.136689,-0.770478,0.215034,0.982680,-1.595254,-1.253706,1.230085,-1.247945,0.327334,0.198463,-0.781518,0.202211,0.195066,-0.000259,0.457561
33.015051,1.806310,0.724114,-0.744516,0.458299,0.995330,0.439043,0.435616,-0.037951,-0.036881,-0.441337,0.527433,0.420765,0.260689,0.136999,-0.770146,0.215235,0.981899,-1.595054,-1.253513,1.230083,-1.247484,0.325673,0.200081,-0.779565,0.202342,0.194764,-0.001481,0.458641
33.016062,1.799052,0.718002,-0.738561,0.461168,0.996969,0.440475,0.434361,-0.098147,-0.032061,-0.492784,0.538561,0.418454,0.255227,0.137328,-0.769815,0.215437,0.981128,-1.594853,-1.253321,1.230080,-1.247037,0.328891,0.200052,-0.778348,0.201369,0.192791,-0.001869,0.456108
33.016936,1.803043,0.716995,-0.729522,0.462147,1.001005,0.440599,0.434226,-0.153335,-0.031484,-0.539411,0.550297,0.416122,0.250042,0.137658,-0.769476,0.215648,0.980340,-1.594655,-1.253132,1.230075,-1.246571,0.333599,0.202971,-0.780720,0.200855,0.191727,-0.003353,0.458947
33.018014,1.813430,0.717827,-0.727386,0.467522,1.004446,0.439219,0.432966,-0.202413,-0.037917,-0.579699,0.564210,0.413715,0.245228,0.138003,-0.769146,0.215849,0.979544,-1.594454,-1.252950,1.230072,-1.246106,0.332014,0.203073,-0.783291,0.201163,0.187978,-0.003507,0.459176
33.018997,1.825365,0.716205,-0.724460,0.471047,1.006779,0.438928,0.431247,-0.235307,-0.054976,-0.604643,0.578968,0.411854,0.241613,0.138386,-0.768826,0.216052,0.978763,-1.594258,-1.252765,1.230072,-1.245643,0.328430,0.202721,-0.784369,0.198614,0.185314,-0.002186,0.462151
33.019948,1.815514,0.716630,-0.721180,0.474597,1.007756,0.438756,0.432210,-0.242617,-0.085117,-0.606033,0.593256,0.411105,0.240019,0.138825,-0.768506,0.216259,0.977976,-1.594065,-1.252587,1.230072,-1.245168,0.323601,0.203353,-0.784947,0.197376,0.183601,-0.001971,0.465778
33.020977,1.810418,0.720264,-0.714927,0.478698,1.009201,0.439673,0.431821,-0.226561,-0.126457,-0.585985,0.607510,0.411350,0.240349,0.139293,-0.768162,0.216461,0.977199,-1.593873,-1.252404,1.230070,-1.244712,0.329318,0.202927,-0.785543,0.195880,0.183120,-0.001857,0.463983
33.022006,1.811018,0.716572,-0.713880,0.480764,1.013292,0.439502,0.428917,-0.202234,-0.169908,-0.558268,0.622613,0.411891,0.241561,0.139739,-0.767823,0.216662,0.976406,-1.593683,-1.252222,1.230064,-1.244242,0.332998,0.201078,-0.788133,0.194437,0.182353,-0.002822,0.465088
33.023051,1.817670,0.718063,-0.717607,0.486438,1.013912,0.439679,0.429273,-0.180055,-0.208722,-0.532420,0.638458,0.412332,0.242915,0.140167,-0.767488,0.216866,0.975610,-1.593489,-1.252051,1.230065,-1.243760,0.333863,0.202922,-0.788037,0.194933,0.179030,-0.002716,0.471197
33.024084,1.824927,0.716315,-0.712798,0.490025,1.018643,0.438375,0.429211,-0.160409,-0.243018,-0.508729,0.654712,0.412680,0.244341,0.140612,-0.767163,0.217066,0.974834,-1.593302,-1.251871,1.230063,-1.243292,0.331914,0.202190,-0.785955,0.192073,0.179187,-0.002960,0.470759
33.024961,1.820931,0.715250,-0.701608,0.493613,1.021576,0.436682,0.429520,-0.139017,-0.275733,-0.483286,0.671371,0.413060,0.246147,0.141065,-0.766835,0.217271,0.974039,-1.593115,-1.251708,1.230064,-1.242815,0.329591,0.203022,-0.787859,0.191252,0.175292,-0.001719,0.471170
33.026139,1.827371,0.714224,-0.703635,0.495608,1.021130,0.436539,0.428187,-0.109734,-0.310893,-0.450573,0.688351,0.413732,0.248743,0.141515,-0.766499,0.217473,0.973237,-1.592930,-1.251540,1.230067,-1.242342,0.332051,0.203173,-0.791486,0.189355,0.172826,-0.000098,0.470500
33.026931,1.830303,0.714855,-0.696432,0.499404,1.022039,0.437152,0.425286,-0.070999,-0.349672,-0.409280,0.705070,0.414847,0.252131,0.141982,-0.766173,0.217678,0.972451,-1.592737,-1.251361,1.230066,-1.241866,0.330854,0.203984,-0.791259,0.191031,0.174388,-0.000049,0.473795
33.027960,1.835551,0.713538,-0.693721,0.503167,1.023629,0.436372,0.426053,-0.023987,-0.390217,-0.360778,0.720212,0.416469,0.256185,0.142471,-0.765845,0.217876,0.971656,-1.592555,-1.251191,1.230065,-1.241385,0.329467,0.203116,-0.792233,0.188364,0.173679,-0.000719,0.479373
33.028936,1.839610,0.715251,-0.686888,0.505367,1.028007,0.436490,0.427896,0.031210,-0.432088,-0.305256,0.733565,0.418592,0.260955,0.142963,-0.765522,0.218082,0.970867,-1.592370,-1.251017,1.230067,-1.240906,0.328196,0.203722,-0.793089,0.187398,0.172852,-0.000006,0.478033
33.030060,1.846182,0.711688,-0.683314,0.512557,1.032441,0.435348,0.426939,0.095183,-0.475252,-0.242321,0.744609,0.421323,0.266484,0.143402,-0.765196,0.218283,0.970065,-1.592186,-1.250854,1.230065,-1.240424,0.327202,0.202712,-0.795389,0.187632,0.169190,-0.000192,0.474460
33.031036,1.852251,0.715810,-0.685467,0.514159,1.030465,0.436584,0.425289,0.169378,-0.521139,-0.170661,0.753155,0.424831,0.272815,0.143782,-0.764873,0.218489,0.969258,-1.592009,-1.250694,1.230067,-1.239948,0.325731,0.204672,-0.797274,0.184033,0.165883,0.000872,0.476905
33.031970,1.841885,0.716099,-0.685894,0.518881,1.030226,0.435399,0.424542,0.252213,-0.570278,-0.091546,0.760069,0.429030,0.279811,0.144149,-0.764557,0.218688,0.968476,-1.591822,-1.250518,1.230068,-1.239460,0.323847,0.202460,-0.795278,0.184831,0.168534,-0.000464,0.480327
33.032944,1.838724,0.717945,-0.684577,0.520678,1.032239,0.434120,0.425429,0.331339,-0.614694,-0.016445,0.765163,0.433390,0.286576,0.144486,-0.764216,0.218887,0.967681,-1.591645,-1.250349,1.230070,-1.238974,0.329762,0.202127,-0.793668,0.182365,0.169341,0.000669,0.481838
33.034120,1.840714,0.717596,-0.687976,0.522006,1.033971,0.433680,0.425909,0.390158,-0.644839,0.039485,0.768754,0.437123,0.291862,0.144756,-0.763876,0.219087,0.966898,-1.591460,-1.250187,1.230075,-1.238492,0.332167,0.201060,-0.793418,0.182987,0.168047,0.001856,0.480161
33.034985,1.846332,0.713133,-0.679917,0.523788,1.033092,0.433758,0.425919,0.423679,-0.657417,0.071529,0.769640,0.440087,0.295173,0.144965,-0.763543,0.219290,0.966104,-1.591271,-1.250021,1.230077,-1.238011,0.333126,0.201568,-0.792431,0.185391,0.167528,0.002190,0.479776
33.036050,1.846279,0.712071,-0.685339,0.527873,1.035947,0.433709,0.425107,0.440810,-0.657422,0.087589,0.766124,0.442784,0.297006,0.145146,-0.763219,0.219495,0.965300,-1.591087,-1.249850,1.230079,-1.237539,0.330779,0.203360,-0.794384,0.185220,0.168821,0.002038,0.479703
33.036929,1.840683,0.712412,-0.676569,0.529250,1.038153,0.434091,0.425957,0.451122,-0.653590,0.096788,0.759783,0.445421,0.298025,0.145300,-0.762886,0.219701,0.964519,-1.590901,-1.249687,1.230081,-1.237057,0.332249,0.203896,-0.791518,0.184135,0.166887,0.001999,0.481671
33.037950,1.835037,0.708269,-0.678132,0.533550,1.037846,0.433516,0.427446,0.454346,-0.647674,0.099133,0.752412,0.447762,0.298256,0.145391,-0.762545,0.219907,0.963719,-1.590719,-1.249528,1.230082,-1.236577,0.335426,0.203293,-0.794014,0.184558,0.165229,0.001547,0.479874
33.038937,1.843217,0.706588,-0.674105,0.533487,1.039064,0.434991,0.427416,0.445991,-0.638334,0.090743,0.745493,0.449455,0.297404,0.145419,-0.762194,0.220115,0.962921,-1.590538,-1.249360,1.230087,-1.236106,0.339225,0.205273,-0.792507,0.183043,0.166368,0.002032,0.477165
33.040056,1.854155,0.706793,-0.673231,0.536049,1.041065,0.433396,0.428195,0.427874,-0.628035,0.073539,0.739977,0.450495,0.295592,0.145418,-0.761864,0.220322,0.962131,-1.590347,-1.249194,1.230084,-1.235629,0.336114,0.205924,-0.793666,0.185496,0.165878,0.000480,0.477433
33.040985,1.861930,0.702762,-0.679777,0.538771,1.042592,0.433097,0.428731,0.412127,-0.620688,0.058073,0.733170,0.451689,0.293673,0.145400,-0.761536,0.220527,0.961330,-1.590158,-1.249033,1.230086,-1.235157,0.332381,0.205955,-0.794239,0.186214,0.164977,0.002018,0.476341
33.042025,1.856018,0.703714,-0.675799,0.539070,1.038872,0.434580,0.427868,0.408013,-0.618603,0.052292,0.722985,0.453673,0.292295,0.145352,-0.761216,0.220740,0.960558,-1.589972,-1.248871,1.230087,-1.234683,0.329362,0.207604,-0.789737,0.185524,0.164094,0.002232,0.475338
33.042949,1.848875,0.700575,-0.677210,0.540244,1.040167,0.436273,0.426384,0.411289,-0.619373,0.052344,0.710280,0.456226,0.291142,0.145274,-0.760872,0.220947,0.959758,-1.589779,-1.248690,1.230086,-1.234198,0.333546,0.207044,-0.791253,0.187910,0.168585,0.000667,0.477354
33.043976,1.854114,0.695947,-0.678588,0.544467,1.037466,0.438730,0.428433,0.410703,-0.616354,0.048034,0.695901,0.458855,0.289432,0.145202,-0.760523,0.221157,0.958967,-1.589589,-1.248523,1.230081,-1.233713,0.337614,0.208271,-0.789066,0.188639,0.167816,-0.001060,0.480347
33.044926,1.858925,0.699068,-0.674106,0.547190,1.038546,0.439286,0.428538,0.399887,-0.608171,0.034192,0.682272,0.461100,0.286808,0.145171,-0.760192,0.221372,0.958189,-1.589406,-1.248346,1.230073,-1.233244,0.336178,0.210406,-0.787991,0.187203,0.171275,-0.003550,0.476475
33.046049,1.868489,0.697961,-0.672118,0.549584,1.040113,0.437925,0.428871,0.384054,-0.599379,0.016115,0.671470,0.462966,0.283860,0.145156,-0.759859,0.221576,0.957394,-1.589220,-1.248176,1.230069,-1.232763,0.334592,0.208581,-0.788990,0.186675,0.170767,-0.004128,0.476391
33.047046,1.866263,0.695371,-0.670180,0.551292,1.038820,0.438935,0.427844,0.373963,-0.592594,0.003180,0.661683,0.465047,0.281538,0.145145,-0.759534,0.221787,0.956608,-1.589030,-1.248007,1.230069,-1.232291,0.331592,0.209246,-0.790344,0.187612,0.170241,-0.002831,0.476213
33.048018,1.867021,0.697145,-0.665949,0.553392,1.036804,0.439336,0.428440,0.375515,-0.588862,0.000393,0.651063,0.467743,0.280270,0.145155,-0.759194,0.221999,0.955817,-1.588841,-1.247828,1.230064,-1.231808,0.333731,0.210319,-0.790490,0.188352,0.172196,-0.003900,0.478466
33.048964,1.858940,0.689774,-0.659162,0.552431,1.035925,0.438340,0.429650,0.385759,-0.586782,0.005149,0.639781,0.470849,0.279846,0.145199,-0.758857,0.222204,0.955021,-1.588652,-1.247649,1.230057,-1.231332,0.334216,0.209226,-0.791525,0.188524,0.174795,-0.004325,0.477396
33.050050,1.870325,0.690217,-0.652133,0.556215,1.036204,0.436633,0.432699,0.399426,-0.584229,0.012834,0.628326,0.473999,0.279883,0.145260,-0.758512,0.222425,0.954231,-1.588452,-1.247471,1.230059,-1.230859,0.338961,0.212507,-0.793695,0.191354,0.176178,-0.003389,0.475074
33.050939,1.879684,0.688234,-0.652636,0.555407,1.037020,0.435858,0.432211,0.418545,-0.584310,0.025613,0.617235,0.477173,0.280446,0.145317,-0.758181,0.222634,0.953428,-1.588263,-1.247290,1.230060,-1.230400,0.334718,0.212275,-0.797049,0.190606,0.176725,-0.001759,0.469401
33.051974,1.883290,0.688281,-0.642513,0.557564,1.037943,0.434271,0.432383,0.451785,-0.590856,0.051206,0.605273,0.480841,0.282148,0.145389,-0.757853,0.222847,0.952646,-1.588065,-1.247113,1.230060,-1.229932,0.330613,0.212789,-0.795098,0.192911,0.176288,-0.001057,0.470450
33.052976,1.886806,0.689320,-0.643550,0.560607,1.037517,0.434048,0.434979,0.504020,-0.603430,0.093473,0.590115,0.485437,0.285335,0.145501,-0.757527,0.223064,0.951836,-1.587871,-1.246938,1.230066,-1.229459,0.330176,0.212571,-0.799513,0.193349,0.176127,0.000433,0.470396
33.053950,1.882396,0.692536,-0.635651,0.561433,1.035377,0.434055,0.435425,0.571870,-0.619406,0.149209,0.571741,0.490865,0.289749,0.145621,-0.757197,0.223271,0.951035,-1.587679,-1.246759,1.230064,-1.228998,0.329538,0.211894,-0.798053,0.192694,0.177213,0.000584,0.465429
33.055055,1.882965,0.691254,-0.635555,0.563317,1.034730,0.434052,0.435185,0.645528,-0.633157,0.209576,0.551158,0.496678,0.294720,0.145727,-0.756864,0.223479,0.950241,-1.587480,-1.246572,1.230065,-1.228539,0.332737,0.210056,-0.801006,0.193960,0.179869,0.000501,0.464807
33.055994,1.893332,0.686997,-0.631359,0.564858,1.034279,0.434396,0.435741,0.715207,-0.638998,0.265735,0.528629,0.502493,0.299531,0.145860,-0.756528,0.223692,0.949437,-1.587287,-1.246388,1.230065,-1.228072,0.333998,0.210741,-0.801001,0.195168,0.181349,0.000427,0.465772
33.056995,1.897201,0.686459,-0.628682,0.565437,1.036641,0.434607,0.435908,0.780749,-0.639315,0.317914,0.505129,0.508261,0.304106,0.146047,-0.756202,0.223907,0.948629,-1.587091,-1.246204,1.230062,-1.227613,0.329614,0.212492,-0.801589,0.195493,0.182233,0.000032,0.464790
33.057961,1.898369,0.685675,-0.624019,0.566186,1.038531,0.434745,0.435819,0.921382,-0.642888,0.431041,0.456297,0.520713,0.313939,0.146375,-0.755546,0.224328,0.947025,-1.586694,-1.245849,1.230062,-1.226687,0.329243,0.212678,-0.803144,0.198435,0.179193,-0.000454,0.465108
33.059037,1.903832,0.685324,-0.625676,0.567746,1.036514,0.436458,0.434843,0.921382,-0.642888,0.431041,0.456297,0.520713,0.313939,0.146375,-0.755546,0.224328,0.947025,-1.586694,-1.245849,1.230062,-1.226687,0.329243,0.212678,-0.803144,0.198435,0.179193,-0.000454,0.465108
33.060030,1.897342,0.687692,-0.622392,0.570218,1.035411,0.434665,0.436464,0.994499,-0.644079,0.489936,0.429491,0.527531,0.319044,0.146437,-0.755226,0.224543,0.946233,-1.586491,-1.245660,1.230059,-1.226215,0.328111,0.212782,-0.802163,0.199543,0.181982,-0.002238,0.467467
33.060934,1.902182,0.685733,-0.618167,0.569398,1.036623,0.434215,0.436863,1.061384,-0.640561,0.543077,0.401642,0.534274,0.323761,0.146457,-0.754885,0.224754,0.945428,-1.586291,-1.245472,1.230064,-1.225751,0.332357,0.211363,-0.802809,0.199236,0.183603,-0.000513,0.464413
33.062102,1.908873,0.687735,-0.617283,0.575931,1.038127,0.431388,0.435934,1.116158,-0.629399,0.585230,0.373290,0.540531,0.327682,0.146444,-0.754554,0.224966,0.944618,-1.586085,-1.245293,1.230065,-1.225291,0.330484,0.211931,-0.803077,0.201459,0.182781,-0.000140,0.463713
33.062986,1.916938,0.683013,-0.617679,0.576865,1.039750,0.432194,0.434560,1.161971,-0.613311,0.619421,0.344912,0.546324,0.331004,0.146414,-0.754230,0.225177,0.943821,-1.585889,-1.245110,1.230073,-1.224819,0.329178,0.211102,-0.804125,0.198356,0.182283,0.002581,0.466185
33.064015,1.916001,0.685152,-0.616465,0.578238,1.041498,0.432154,0.434773,1.205107,-0.598541,0.651769,0.318363,0.551712,0.334162,0.146411,-0.753908,0.225392,0.943017,-1.585692,-1.244931,1.230071,-1.224340,0.325750,0.212976,-0.801954,0.198939,0.181013,0.001687,0.468888
33.064916,1.907517,0.681524,-0.615004,0.582828,1.039787,0.432926,0.434827,1.246676,-0.586741,0.683281,0.294123,0.556685,0.337169,0.146460,-0.753575,0.225602,0.942226,-1.585489,-1.244750,1.230075,-1.223872,0.327498,0.211759,-0.802055,0.199899,0.179957,0.001638,0.468740
33.065932,1.905283,0.679383,-0.615060,0.584731,1.039080,0.431602,0.436550,1.279100,-0.574522,0.707114,0.272975,0.560838,0.339461,0.146564,-0.753236,0.225819,0.941425,-1.585300,-1.244567,1.230070,-1.223402,0.332268,0.213088,-0.801011,0.197053,0.182056,0.000828,0.468656
33.067032,1.910465,0.677567,-0.618537,0.587822,1.038983,0.430532,0.435253,1.292307,-0.560358,0.714850,0.258241,0.563379,0.340353,0.146706,-0.752896,0.226034,0.940621,-1.585099,-1.244379,1.230074,-1.222948,0.334430,0.213950,-0.800192,0.197485,0.183354,0.002077,0.465515
33.067997,1.916344,0.681671,-0.616367,0.590319,1.037648,0.430520,0.434125,1.285143,-0.545261,0.705693,0.250570,0.564145,0.339728,0.146871,-0.752570,0.226251,0.939833,-1.584902,-1.244190,1.230077,-1.222474,0.333472,0.214818,-0.798567,0.197355,0.184228,0.003050,0.468603
33.069010,1.919658,0.681034,-0.617311,0.593435,1.036039,0.430782,0.436065,1.264494,-0.529323,0.685201,0.246909,0.563701,0.338093,0.147053,-0.752241,0.226462,0.939037,-1.584703,-1.244005,1.230078,-1.221996,0.331475,0.212454,-0.798523,0.196845,0.186068,0.002979,0.470982
33.070071,1.918625,0.686508,-0.611705,0.597947,1.037235,0.430894,0.435287,1.237129,-0.511635,0.658654,0.244297,0.562631,0.336029,0.147210,-0.751909,0.226672,0.938236,-1.584507,-1.243811,1.230082,-1.221535,0.330984,0.212645,-0.797245,0.196121,0.188207,0.002616,0.467339
33.070933,1.916092,0.684733,-0.615297,0.599135,1.039871,0.431150,0.435237,1.205526,-0.491382,0.627881,0.241745,0.561199,0.333779,0.147314,-0.751575,0.226877,0.937441,-1.584315,-1.243623,1.230085,-1.221060,0.332895,0.209887,-0.799787,0.194437,0.187679,0.002412,0.469294
33.071987,1.917939,0.686244,-0.616531,0.601931,1.038404,0.431661,0.434080,1.167237,-0.466429,0.590599,0.239096,0.559439,0.331149,0.147388,-0.751234,0.227084,0.936650,-1.584121,-1.243441,1.230087,-1.220595,0.334432,0.210326,-0.795944,0.194651,0.185294,0.002085,0.469342
33.073033,1.926849,0.686846,-0.620563,0.603874,1.040387,0.432576,0.433540,1.118189,-0.434571,0.543233,0.236181,0.557311,0.327738,0.147462,-0.750901,0.227294,0.935869,-1.583924,-1.243247,1.230088,-1.220118,0.334857,0.209504,-0.795166,0.194520,0.187437,0.001492,0.472000
33.073972,1.928347,0.685778,-0.618999,0.605740,1.039672,0.433107,0.433498,1.060565,-0.396527,0.487712,0.232216,0.555046,0.323607,0.147541,-0.750574,0.227502,0.935078,-1.583731,-1.243063,1.230086,-1.219636,0.331743,0.209156,-0.792761,0.195273,0.186122,0.000510,0.473354
33.075049,1.925753,0.684755,-0.624335,0.605773,1.037698,0.435473,0.432110,1.001154,-0.355251,0.429987,0.226320,0.553052,0.319195,0.147611,-0.750241,0.227710,0.934286,-1.583534,-1.242876,1.230086,-1.219165,0.331793,0.209380,-0.792227,0.195266,0.187273,-0.000084,0.473530
33.075995,1.923701,0.684369,-0.627983,0.606107,1.037999,0.435384,0.432344,0.940796,-0.311952,0.370864,0.218743,0.551353,0.314507,0.147702,-0.749902,0.227923,0.933507,-1.583335,-1.242683,1.230080,-1.218679,0.334511,0.209859,-0.789575,0.198017,0.189946,-0.002505,0.476668
33.076982,1.923515,0.684404,-0.631248,0.608576,1.036989,0.435360,0.434687,0.873531,-0.263723,0.304992,0.209543,0.549656,0.309071,0.147852,-0.749560,0.228129,0.932726,-1.583132,-1.242493,1.230079,-1.218208,0.336224,0.209772,-0.786613,0.199446,0.190018,-0.002453,0.476285
33.078083,1.931351,0.693796,-0.635178,0.611031,1.035619,0.434616,0.433392,0.794868,-0.208436,0.228484,0.199114,0.547681,0.302610,0.148044,-0.749222,0.228338,0.931951,-1.582933,-1.242296,1.230076,-1.217744,0.337254,0.209551,-0.784291,0.199093,0.191472,-0.002476,0.471789
33.079007,1.935423,0.693016,-0.632338,0.612920,1.035373,0.433011,0.432715,0.706299,-0.144992,0.142623,0.187029,0.545456,0.295427,0.148237,-0.748890,0.228537,0.931169,-1.582732,-1.242099,1.230075,-1.217260,0.334905,0.204994,-0.782532,0.199538,0.193561,-0.001798,0.474846
33.079986,1.938171,0.697180,-0.635404,0.616451,1.035183,0.433130,0.433848,0.615003,-0.073531,0.053472,0.171483,0.543368,0.288223,0.148414,-0.748557,0.228740,0.930379,-1.582533,-1.241909,1.230078,-1.216783,0.333569,0.205143,-0.782533,0.199345,0.194132,-0.000266,0.476229
33.080924,1.940578,0.695368,-0.632423,0.616027,1.033209,0.433365,0.435364,0.527555,0.001721,-0.032842,0.153170,0.541588,0.281520,0.148572,-0.748228,0.228940,0.929610,-1.582338,-1.241712,1.230077,-1.216310,0.333224,0.202926,-0.780284,0.197970,0.194732,-0.000465,0.474110
33.082104,1.938975,0.699390,-0.636505,0.619528,1.031120,0.433125,0.438560,0.446444,0.076788,-0.113624,0.133845,0.540066,0.275453,0.148695,-0.747893,0.229143,0.928826,-1.582136,-1.241512,1.230075,-1.215842,0.332761,0.203611,-0.780559,0.200154,0.197012,-0.000752,0.471179
33.083000,1.938645,0.693558,-0.626849,0.619603,1.032802,0.433346,0.436685,0.371595,0.150284,-0.188725,0.114166,0.538762,0.269928,0.148764,-0.747548,0.229343,0.928058,-1.581936,-1.241306,1.230075,-1.215388,0.335441,0.201934,-0.779568,0.200110,0.199911,-0.000591,0.465441
33.083996,1.943967,0.694462,-0.630373,0.620679,1.033642,0.433159,0.437307,0.303115,0.219443,-0.257554,0.095533,0.537613,0.264868,0.148808,-0.747211,0.229553,0.927267,-1.581734,-1.241108,1.230072,-1.214912,0.336079,0.204455,-0.782756,0.201474,0.198382,-0.000864,0.469278
33.085067,1.948909,0.693937,-0.625025,0.625401,1.032216,0.434124,0.438918,0.245079,0.279322,-0.315912,0.079027,0.536805,0.260488,0.148868,-0.746879,0.229756,0.926488,-1.581527,-1.240911,1.230070,-1.214452,0.334458,0.203865,-0.780260,0.202425,0.198002,-0.000728,0.468252
33.086045,1.948034,0.691974,-0.628589,0.627903,1.031422,0.433593,0.440028,0.201679,0.326806,-0.359799,0.065111,0.536559,0.257120,0.148946,-0.746549,0.229961,0.925708,-1.581332,-1.240704,1.230069,-1.213982,0.333468,0.204171,-0.782956,0.200489,0.199992,-0.001773,0.465398
33.087002,1.942109,0.691091,-0.621718,0.630326,1.027780,0.434179,0.440862,0.172187,0.360497,-0.389548,0.055773,0.536700,0.254818,0.149037,-0.746211,0.230169,0.924931,-1.581135,-1.240504,1.230068,-1.213523,0.334832,0.204944,-0.780311,0.200126,0.201153,-0.001291,0.463421
33.088071,1.944437,0.691687,-0.625950,0.634862,1.027275,0.433595,0.439697,0.149790,0.381785,-0.410979,0.053110,0.536752,0.253134,0.149153,-0.745862,0.230373,0.924140,-1.580937,-1.240291,1.230065,-1.213069,0.338490,0.205168,-0.782642,0.199666,0.205022,-0.001937,0.461965
33.088995,1.946492,0.693057,-0.623463,0.637800,1.028893,0.432455,0.439973,0.127486,0.394061,-0.430342,0.057769,0.536320,0.251619,0.149316,-0.745526,0.230579,0.923367,-1.580742,-1.240082,1.230064,-1.212599,0.338675,0.204885,-0.780514,0.197921,0.206000,-0.001411,0.464717
33.089926,1.950559,0.689934,-0.619768,0.640228,1.029328,0.431938,0.441223,0.103318,0.400139,-0.449607,0.068811,0.535353,0.250216,0.149516,-0.745187,0.230780,0.922587,-1.580550,-1.239880,1.230068,-1.212132,0.338259,0.203937,-0.780465,0.196863,0.204582,-0.000350,0.464220
33.090954,1.956742,0.694329,-0.615253,0.643050,1.029417,0.430325,0.440984,0.080944,0.400216,-0.465844,0.084365,0.534137,0.249184,0.149717,-0.744855,0.230989,0.921811,-1.580355,-1.239676,1.230065,-1.211677,0.336959,0.205187,-0.781127,0.196293,0.204384,0.000111,0.461852
33.091971,1.959813,0.690751,-0.615379,0.643639,1.028711,0.429725,0.441424,0.067551,0.392772,-0.473083,0.102155,0.533143,0.248962,0.149917,-0.744525,0.231187,0.921024,-1.580162,-1.239470,1.230072,-1.211211,0.335109,0.202968,-0.782905,0.196035,0.204744,0.001622,0.462670
33.092978,1.961376,0.687668,-0.617052,0.648216,1.027556,0.432056,0.442383,0.067162,0.378926,-0.468397,0.119354,0.532749,0.249712,0.150124,-0.744188,0.231395,0.920237,-1.579962,-1.239264,1.230075,-1.210755,0.334710,0.204680,-0.782221,0.197791,0.205870,0.002122,0.462107
33.094053,1.959098,0.687098,-0.612630,0.651320,1.027905,0.432197,0.442830,0.077431,0.358938,-0.453910,0.136135,0.532774,0.251135,0.150333,-0.743855,0.231603,0.919468,-1.579768,-1.239055,1.230070,-1.210296,0.335048,0.206065,-0.780923,0.195580,0.207386,-0.000278,0.460470
33.095048,1.961705,0.680670,-0.607107,0.652728,1.030685,0.432125,0.442613,0.092893,0.331716,-0.433950,0.155371,0.532664,0.252852,0.150539,-0.743511,0.231809,0.918673,-1.579573,-1.238844,1.230068,-1.209832,0.337522,0.206373,-0.782994,0.195356,0.207527,-0.000458,0.460006
33.096021,1.969650,0.679637,-0.610725,0.658312,1.032989,0.431534,0.442434,0.112527,0.295960,-0.409148,0.178037,0.532299,0.254798,0.150757,-0.743177,0.232025,0.917893,-1.579375,-1.238643,1.230068,-1.209372,0.337229,0.209352,-0.785060,0.196187,0.205129,-0.000452,0.460716
33.096941,1.971338,0.680089,-0.607588,0.658765,1.034174,0.431811,0.442992,0.139352,0.249297,-0.376658,0.204002,0.531875,0.257162,0.151026,-0.742849,0.232237,0.917109,-1.579190,-1.238445,1.230067,-1.208908,0.334233,0.209558,-0.782278,0.192933,0.203211,0.000081,0.461277
33.097916,1.967533,0.677345,-0.606022,0.660629,1.036003,0.431575,0.442994,0.172846,0.194292,-0.337293,0.232065,0.531507,0.259976,0.151351,-0.742514,0.232443,0.916321,-1.578993,-1.238243,1.230066,-1.208455,0.334067,0.209004,-0.782436,0.194253,0.202260,-0.000265,0.460281
33.098993,1.960972,0.673007,-0.608931,0.661660,1.035853,0.431207,0.443484,0.208043,0.138084,-0.296352,0.259505,0.531263,0.262912,0.151707,-0.742175,0.232659,0.915542,-1.578800,-1.238045,1.230067,-1.207994,0.336879,0.210077,-0.782352,0.194578,0.200814,-0.000096,0.460506
33.099989,1.960513,0.674932,-0.605246,0.664728,1.035884,0.431203,0.441811,0.236314,0.085955,-0.261841,0.285533,0.530874,0.265264,0.152082,-0.741824,0.232875,0.914759,-1.578601,-1.237844,1.230068,-1.207532,0.341430,0.212168,-0.780873,0.196335,0.201598,0.000194,0.459949
33.100946,1.960722,0.672635,-0.606241,0.666182,1.038755,0.428443,0.440702,0.250702,0.041093,-0.239928,0.310477,0.530023,0.266501,0.152479,-0.741475,0.233084,0.913979,-1.578407,-1.237641,1.230068,-1.207065,0.342482,0.210990,-0.782058,0.195561,0.201953,0.000120,0.463576
33.102027,1.965045,0.671740,-0.605983,0.667509,1.041306,0.428111,0.441394,0.251718,0.005090,-0.230352,0.333496,0.528832,0.266714,0.152921,-0.741135,0.233298,0.913198,-1.578210,-1.237444,1.230075,-1.206589,0.343150,0.211828,-0.780488,0.196098,0.199406,0.002803,0.465902
33.103044,1.959868,0.667117,-0.609044,0.669258,1.041393,0.428435,0.442691,0.244120,-0.022602,-0.229174,0.353157,0.527678,0.266195,0.153409,-0.740792,0.233510,0.912404,-1.578009,-1.237254,1.230077,-1.206127,0.342344,0.212244,-0.780530,0.197532,0.197592,0.003020,0.464921
33.103944,1.949678,0.662558,-0.597994,0.667604,1.043126,0.428725,0.439811,0.230453,-0.043461,-0.234248,0.369206,0.526701,0.265017,0.153897,-0.740445,0.233730,0.911633,-1.577806,-1.237057,1.230079,-1.205667,0.345957,0.214300,-0.778580,0.198032,0.198023,0.002609,0.462626
33.105001,1.954678,0.660293,-0.598732,0.671391,1.043027,0.430273,0.439513,0.209000,-0.058878,-0.246882,0.382977,0.525690,0.262966,0.154376,-0.740082,0.233950,0.910838,-1.577602,-1.236863,1.230079,-1.205185,0.351287,0.216038,-0.782471,0.201137,0.196523,0.002252,0.468445
33.106022,1.958499,0.654211,-0.596042,0.671555,1.043601,0.431249,0.439665,0.181824,-0.071558,-0.264972,0.395497,0.524624,0.260185,0.154866,-0.739730,0.234170,0.910052,-1.577403,-1.236667,1.230076,-1.204721,0.349854,0.216994,-0.781823,0.199928,0.197251,0.000636,0.469370
33.106916,1.970618,0.650664,-0.594871,0.673069,1.048573,0.431019,0.440661,0.157223,-0.086548,-0.280901,0.407414,0.523758,0.257367,0.155361,-0.739384,0.234398,0.909273,-1.577198,-1.236471,1.230074,-1.204247,0.348982,0.219695,-0.782737,0.202042,0.197199,-0.000391,0.469322
33.107960,1.968079,0.651351,-0.593466,0.673846,1.050177,0.431447,0.440752,0.145455,-0.109008,-0.285543,0.418439,0.523539,0.255313,0.155833,-0.739048,0.234620,0.908491,-1.576993,-1.236288,1.230073,-1.203780,0.343369,0.220873,-0.781696,0.201849,0.192517,-0.000205,0.467335
33.109054,1.964152,0.651870,-0.600268,0.677261,1.050984,0.431916,0.439117,0.150857,-0.138302,-0.275531,0.426925,0.524341,0.254396,0.156257,-0.738695,0.234839,0.907718,-1.576785,-1.236096,1.230072,-1.203317,0.345783,0.220321,-0.782240,0.203397,0.191569,-0.000704,0.467529
33.110045,1.956333,0.650660,-0.593720,0.678241,1.050958,0.433322,0.438596,0.162662,-0.165546,-0.260924,0.432206,0.525772,0.253977,0.156650,-0.738342,0.235061,0.906945,-1.576583,-1.235905,1.230068,-1.202840,0.349067,0.219951,-0.779043,0.202791,0.191521,-0.001226,0.471242
33.110935,1.957900,0.653235,-0.598072,0.678807,1.053118,0.432174,0.438880,0.165924,-0.182518,-0.254969,0.435662,0.527007,0.253131,0.157051,-0.737978,0.235281,0.906157,-1.576377,-1.235715,1.230064,-1.202369,0.353651,0.220233,-0.781561,0.203818,0.192063,-0.002686,0.472472
33.112062,1.968327,0.645716,-0.602970,0.683944,1.054423,0.431573,0.438146,0.155043,-0.185512,-0.262608,0.437635,0.527706,0.251563,0.157451,-0.737630,0.235498,0.905393,-1.576166,-1.235528,1.230062,-1.201895,0.353151,0.218392,-0.777911,0.204430,0.190172,-0.001565,0.471871
33.112949,1.968318,0.642432,-0.599088,0.682497,1.056295,0.431397,0.437111,0.134049,-0.177310,-0.280046,0.438618,0.527934,0.249595,0.157846,-0.737288,0.235725,0.904623,-1.575970,-1.235342,1.230060,-1.201414,0.349512,0.222117,-0.776053,0.202460,0.189758,-0.001039,0.473823
33.113942,1.965080,0.641020,-0.596837,0.685081,1.057193,0.430419,0.436136,0.112979,-0.167775,-0.297727,0.440849,0.527886,0.247872,0.158271,-0.736933,0.235950,0.903853,-1.575757,-1.235157,1.230059,-1.200938,0.349797,0.223096,-0.776499,0.205071,0.188185,-0.000918,0.475870
33.115042,1.964165,0.641121,-0.601522,0.688086,1.060220,0.431404,0.435826,0.096829,-0.161037,-0.311150,0.444608,0.527771,0.246647,0.158738,-0.736576,0.236176,0.903076,-1.575555,-1.234968,1.230061,-1.200459,0.352189,0.223409,-0.776949,0.204562,0.187822,-0.000013,0.478004
33.115982,1.962443,0.637615,-0.598085,0.685983,1.059936,0.429751,0.435736,0.081153,-0.153660,-0.324444,0.449606,0.527450,0.245612,0.159216,-0.736217,0.236399,0.902297,-1.575347,-1.234790,1.230056,-1.199972,0.353908,0.223240,-0.774817,0.204270,0.185676,-0.001068,0.478993
33.116945,1.964892,0.636621,-0.598095,0.686636,1.060880,0.430073,0.434655,0.061806,-0.142345,-0.341425,0.455221,0.526810,0.244471,0.159668,-0.735861,0.236627,0.901528,-1.575129,-1.234603,1.230060,-1.199495,0.355264,0.224468,-0.775522,0.207767,0.186398,0.000522,0.479246
33.118007,1.972803,0.633829,-0.597673,0.689613,1.062029,0.429884,0.435318,0.040784,-0.126168,-0.360648,0.459197,0.526139,0.243269,0.160076,-0.735508,0.236852,0.900749,-1.574918,-1.234420,1.230058,-1.199008,0.354665,0.224500,-0.774539,0.208790,0.185961,0.000123,0.481515
33.118941,1.974804,0.633231,-0.593459,0.690984,1.062636,0.429305,0.435918,0.018520,-0.093086,-0.383494,0.461107,0.525825,0.242452,0.160678,-0.734814,0.237302,0.899190,-1.574503,-1.234054,1.230061,-1.198058,0.351506,0.225437,-0.775551,0.208437,0.185394,0.000743,0.479376
33.120027,1.973698,0.632599,-0.590886,0.691349,1.064369,0.428907,0.435715,0.018520,-0.093086,-0.383494,0.461107,0.525825,0.242452,0.160678,-0.734814,0.237302,0.899190,-1.574503,-1.234054,1.230061,-1.198058,0.351506,0.225437,-0.775551,0.208437,0.185394,0.000743,0.479376
33.120964,1.978939,0.631995,-0.590956,0.694833,1.066672,0.429455,0.436073,0.025007,-0.081624,-0.380051,0.459934,0.526470,0.243403,0.160835,-0.734454,0.237524,0.898406,-1.574291,-1.233870,1.230060,-1.197580,0.353273,0.225628,-0.776898,0.210623,0.184451,0.001073,0.480190
33.121937,1.982292,0.635073,-0.589229,0.696033,1.067676,0.430394,0.437019,0.040932,-0.071727,-0.368836,0.456797,0.527667,0.245056,0.160932,-0.734110,0.237747,0.897636,-1.574082,-1.233690,1.230058,-1.197090,0.351238,0.225436,-0.775757,0.208667,0.182622,0.000459,0.479482
33.123009,1.979248,0.634475,-0.583773,0.696908,1.072548,0.429251,0.438077,0.064404,-0.061787,-0.351511,0.451643,0.529348,0.247358,0.160998,-0.733759,0.237969,0.896857,-1.573875,-1.233511,1.230057,-1.196618,0.350293,0.223494,-0.775756,0.209334,0.182204,-0.000546,0.477747
33.123950,1.983646,0.631581,-0.578800,0.699045,1.076919,0.429706,0.439633,0.093641,-0.049046,-0.329910,0.443262,0.531546,0.250205,0.161032,-0.733397,0.238192,0.896065,-1.573659,-1.233342,1.230060,-1.196149,0.352946,0.223639,-0.778347,0.210801,0.178214,0.000529,0.476025
33.124910,1.988509,0.631744,-0.575012,0.698445,1.078300,0.430151,0.437667,0.128707,-0.034717,-0.303821,0.431565,0.534311,0.253497,0.161043,-0.733054,0.238420,0.895290,-1.573450,-1.233176,1.230060,-1.195680,0.351366,0.224542,-0.779710,0.210207,0.174469,-0.000007,0.473015
33.126009,1.994109,0.629701,-0.576597,0.701673,1.080109,0.429818,0.438264,0.229206,-0.015384,-0.225845,0.399833,0.542137,0.262032,0.161126,-0.732366,0.238866,0.893729,-1.573022,-1.232833,1.230059,-1.194725,0.348313,0.224930,-0.780004,0.211742,0.172885,-0.000250,0.476311
33.127123,1.991056,0.626771,-0.572352,0.706802,1.085270,0.429495,0.441522,0.229206,-0.015384,-0.225845,0.399833,0.542137,0.262032,0.161126,-0.732366,0.238866,0.893729,-1.573022,-1.232833,1.230059,-1.194725,0.348313,0.224930,-0.780004,0.211742,0.172885,-0.000250,0.476311
33.128007,1.995333,0.623605,-0.564838,0.710058,1.090521,0.429241,0.442456,0.292798,-0.014054,-0.175070,0.382501,0.546856,0.267104,0.161167,-0.732007,0.239097,0.892939,-1.572816,-1.232674,1.230060,-1.194268,0.351223,0.226231,-0.782375,0.209470,0.168815,-0.000010,0.470267
33.128933,2.000620,0.620486,-0.553761,0.712474,1.095296,0.428151,0.443417,0.361204,-0.023729,-0.118831,0.369645,0.551437,0.272463,0.161175,-0.731657,0.239323,0.892147,-1.572612,-1.232520,1.230060,-1.193808,0.349330,0.227158,-0.784317,0.207505,0.164158,0.000177,0.468474
33.129944,2.011236,0.620375,-0.558064,0.713254,1.097293,0.429209,0.442877,0.439140,-0.049002,-0.052503,0.362548,0.556007,0.278460,0.161186,-0.731317,0.239553,0.891358,-1.572404,-1.232368,1.230064,-1.193335,0.347298,0.228115,-0.788480,0.206603,0.160123,0.001192,0.466616
33.130985,2.011822,0.621761,-0.553410,0.719360,1.098836,0.429710,0.443799,0.531764,-0.089452,0.028002,0.358646,0.561036,0.285422,0.161212,-0.730982,0.239778,0.890575,-1.572195,-1.232212,1.230063,-1.192870,0.343072,0.227819,-0.785682,0.207915,0.159055,0.000047,0.468009
33.132022,2.001737,0.619968,-0.552272,0.719964,1.101882,0.428836,0.447291,0.635086,-0.138636,0.118365,0.355374,0.566519,0.293092,0.161231,-0.730636,0.240003,0.889795,-1.571996,-1.232056,1.230062,-1.192416,0.343962,0.226856,-0.787751,0.204271,0.158489,-0.000517,0.466525
33.132941,2.000837,0.616988,-0.548261,0.722203,1.101816,0.428973,0.447602,0.736185,-0.189091,0.206934,0.353167,0.571782,0.300605,0.161237,-0.730279,0.240232,0.889004,-1.571789,-1.231903,1.230065,-1.191968,0.350030,0.227438,-0.787850,0.206030,0.156416,0.000280,0.459891
33.133927,2.000488,0.617830,-0.547876,0.727129,1.103957,0.428014,0.447826,0.822113,-0.235365,0.282338,0.352903,0.576139,0.306956,0.161284,-0.729925,0.240461,0.888210,-1.571584,-1.231747,1.230066,-1.191512,0.350844,0.228322,-0.788331,0.205295,0.157187,0.000064,0.459448
33.135003,2.013921,0.616560,-0.546045,0.730401,1.107094,0.428151,0.450084,0.888661,-0.276333,0.341036,0.355297,0.579281,0.311819,0.161440,-0.729575,0.240688,0.887428,-1.571385,-1.231594,1.230067,-1.191052,0.351816,0.227454,-0.787716,0.202485,0.155891,0.000956,0.459248
33.136045,2.008994,0.612129,-0.546472,0.733927,1.111774,0.426895,0.451960,0.941747,-0.314612,0.388300,0.360373,0.581421,0.315691,0.161675,-0.729235,0.240920,0.886637,-1.571184,-1.231445,1.230069,-1.190601,0.346423,0.227838,-0.788534,0.201954,0.153877,0.000723,0.455167
33.136973,2.004501,0.614228,-0.544177,0.734842,1.113062,0.427546,0.452239,0.989164,-0.353956,0.430950,0.367509,0.582986,0.319091,0.161910,-0.728878,0.241153,0.885843,-1.570987,-1.231302,1.230071,-1.190159,0.349965,0.229700,-0.787842,0.200977,0.150286,0.001905,0.451858
33.137961,1.993680,0.612881,-0.541603,0.737095,1.116061,0.429422,0.452510,1.046620,-0.422491,0.483589,0.385616,0.583968,0.322791,0.162374,-0.728152,0.241606,0.884270,-1.570582,-1.231009,1.230068,-1.189263,0.358664,0.228341,-0.788111,0.201549,0.147743,-0.000769,0.451261
33.139096,1.997037,0.608133,-0.539812,0.743062,1.120044,0.429166,0.455024,1.046620,-0.422491,0.483589,0.385616,0.583968,0.322791,0.162374,-0.728152,0.241606,0.884270,-1.570582,-1.231009,1.230068,-1.189263,0.358664,0.228341,-0.788111,0.201549,0.147743,-0.000769,0.451261
33.140047,2.009704,0.604446,-0.541317,0.743362,1.124488,0.427655,0.456864,1.044768,-0.444346,0.482934,0.396517,0.582951,0.322382,0.162624,-0.727798,0.241842,0.883488,-1.570386,-1.230871,1.230072,-1.188826,0.358427,0.230546,-0.789516,0.198799,0.145127,-0.000590,0.446840
33.140968,2.015316,0.605296,-0.540082,0.746895,1.127663,0.426870,0.453845,1.033359,-0.467074,0.474552,0.410459,0.581288,0.321271,0.162844,-0.727455,0.242080,0.882700,-1.570186,-1.230737,1.230076,-1.188382,0.352750,0.231744,-0.787558,0.200415,0.141647,0.000842,0.443409
33.142027,2.017727,0.605798,-0.545375,0.748765,1.128247,0.427092,0.452253,1.026046,-0.494735,0.469990,0.424826,0.579871,0.320362,0.163038,-0.727107,0.242308,0.881912,-1.569989,-1.230605,1.230080,-1.187919,0.350470,0.230706,-0.786749,0.198566,0.139405,0.001531,0.449637
33.143107,2.008035,0.604983,-0.546498,0.752860,1.131490,0.428240,0.454363,1.024088,-0.522931,0.469473,0.436920,0.579037,0.319761,0.163233,-0.726755,0.242539,0.881138,-1.569785,-1.230466,1.230077,-1.187465,0.350435,0.230157,-0.784016,0.199246,0.140032,0.001244,0.453220
33.144003,2.005613,0.606767,-0.549272,0.754265,1.133198,0.428546,0.453630,1.017084,-0.544885,0.463517,0.446961,0.578306,0.318758,0.163411,-0.726386,0.242769,0.880352,-1.569589,-1.230333,1.230077,-1.187020,0.356385,0.230330,-0.783454,0.197999,0.138064,0.000012,0.449430
33.144939,2.011003,0.604507,-0.544677,0.755912,1.135946,0.428279,0.453876,0.992746,-0.554741,0.441432,0.456196,0.577005,0.316521,0.163553,-0.726022,0.242998,0.879581,-1.569392,-1.230197,1.230076,-1.186570,0.357727,0.228769,-0.780595,0.198167,0.137180,-0.000343,0.451046
33.145937,2.014677,0.601793,-0.551734,0.758607,1.139006,0.429255,0.451917,0.951196,-0.551456,0.403356,0.464074,0.575173,0.313094,0.163679,-0.725676,0.243232,0.878792,-1.569196,-1.230066,1.230076,-1.186117,0.355589,0.229297,-0.781617,0.198361,0.135388,-0.000137,0.450702
33.147008,2.018541,0.604008,-0.553423,0.762012,1.140435,0.428772,0.452053,0.902459,-0.540395,0.358321,0.470074,0.573278,0.309176,0.163820,-0.725320,0.243460,0.878013,-1.569000,-1.229940,1.230073,-1.185657,0.354560,0.230241,-0.777379,0.197950,0.133493,-0.001176,0.454941
33.148041,2.011214,0.602847,-0.549984,0.765840,1.141400,0.428204,0.454041,0.851486,-0.525286,0.310941,0.474811,0.571446,0.305140,0.163988,-0.724971,0.243688,0.877244,-1.568802,-1.229807,1.230074,-1.185192,0.353869,0.228880,-0.776676,0.197310,0.133362,-0.000759,0.455031
33.148936,2.012899,0.601673,-0.547694,0.768804,1.140905,0.429688,0.453211,0.797487,-0.506377,0.260696,0.479301,0.569512,0.300996,0.164163,-0.724601,0.243917,0.876460,-1.568607,-1.229676,1.230073,-1.184742,0.358382,0.229138,-0.777995,0.196028,0.133600,-0.000257,0.451404
33.150091,2.018296,0.600679,-0.546874,0.769851,1.143401,0.430410,0.452583,0.739784,-0.485755,0.207552,0.485693,0.567221,0.296764,0.164348,-0.724241,0.244143,0.875677,-1.568414,-1.229538,1.230068,-1.184290,0.357715,0.229095,-0.777527,0.194707,0.134897,-0.001795,0.453205
33.151013,2.019757,0.602252,-0.546946,0.775134,1.145579,0.427761,0.455204,0.683398,-0.466518,0.156190,0.494020,0.564776,0.292816,0.164549,-0.723887,0.244372,0.874902,-1.568215,-1.229407,1.230065,-1.183830,0.356625,0.229538,-0.778724,0.197016,0.133876,-0.002569,0.455062
33.152005,2.022019,0.603640,-0.544600,0.779387,1.146251,0.428153,0.454597,0.634297,-0.449810,0.111677,0.502497,0.562618,0.289540,0.164727,-0.723527,0.244596,0.874129,-1.568029,-1.229276,1.230069,-1.183393,0.356251,0.228197,-0.777411,0.193671,0.132633,0.000022,0.449954
33.152973,2.021460,0.600536,-0.546512,0.781977,1.146517,0.428204,0.454321,0.592186,-0.435157,0.073808,0.511476,0.560707,0.286958,0.164852,-0.723175,0.244821,0.873359,-1.567838,-1.229141,1.230067,-1.182937,0.355933,0.227123,-0.778008,0.191818,0.133039,-0.000456,0.451507
33.153993,2.023397,0.602887,-0.542731,0.785052,1.149361,0.429786,0.455380,0.554545,-0.422502,0.040547,0.522167,0.558834,0.284926,0.164934,-0.722817,0.245050,0.872586,-1.567652,-1.229004,1.230068,-1.182479,0.356827,0.228202,-0.776174,0.191563,0.133758,-0.000576,0.452267
33.154942,2.021313,0.605074,-0.544662,0.787640,1.149753,0.428882,0.454907,0.520125,-0.411537,0.010732,0.534258,0.557025,0.283293,0.164989,-0.722459,0.245271,0.871802,-1.567462,-1.228877,1.230064,-1.182035,0.356737,0.226727,-0.777576,0.191070,0.132098,-0.002224,0.450507
33.156066,2.027762,0.605042,-0.543843,0.792925,1.151066,0.428349,0.455857,0.487323,-0.398897,-0.017478,0.545784,0.555459,0.281909,0.165012,-0.722102,0.245495,0.871038,-1.567277,-1.228744,1.230067,-1.181581,0.358322,0.225159,-0.775669,0.190694,0.132707,-0.001375,0.451675
33.156949,2.028483,0.602581,-0.544086,0.793746,1.153526,0.427720,0.454086,0.454963,-0.382457,-0.045353,0.555661,0.554220,0.280678,0.164994,-0.721746,0.245718,0.870258,-1.567093,-1.228611,1.230066,-1.181136,0.356497,0.225141,-0.776551,0.188841,0.132785,-0.000921,0.450349
33.157949,2.037971,0.596792,-0.540668,0.796549,1.153855,0.427596,0.452705,0.405729,-0.353114,-0.086652,0.572108,0.553241,0.279353,0.164892,-0.721047,0.246180,0.868717,-1.566713,-1.228346,1.230070,-1.180211,0.352523,0.228139,-0.776037,0.189319,0.131930,-0.000324,0.456978
33.159122,2.039185,0.598763,-0.548829,0.800070,1.154874,0.427097,0.454103,0.397759,-0.349142,-0.091758,0.579195,0.553874,0.279638,0.164845,-0.720691,0.246404,0.867942,-1.566523,-1.228210,1.230070,-1.179758,0.353643,0.227172,-0.772838,0.189466,0.132406,0.000098,0.454800
33.160027,2.035089,0.600428,-0.543495,0.803166,1.153066,0.427627,0.452899,0.397759,-0.349142,-0.091758,0.579195,0.553874,0.279638,0.164845,-0.720691,0.246404,0.867942,-1.566523,-1.228210,1.230070,-1.179758,0.353643,0.227172,-0.772838,0.189466,0.132406,0.000098,0.454800
33.160948,2.033261,0.593420,-0.543094,0.806196,1.154407,0.427428,0.453917,0.394539,-0.348064,-0.092323,0.585062,0.554999,0.280103,0.164781,-0.720332,0.246629,0.867174,-1.566337,-1.228071,1.230068,-1.179293,0.355986,0.225743,-0.774220,0.188231,0.135044,-0.000499,0.457308
33.161957,2.036572,0.592143,-0.542263,0.808475,1.154542,0.425701,0.453248,0.388298,-0.346607,-0.095073,0.590829,0.556132,0.280283,0.164687,-0.719974,0.246861,0.866398,-1.566154,-1.227939,1.230068,-1.178839,0.357269,0.228656,-0.773101,0.187267,0.134597,-0.000357,0.455362
33.162990,2.042905,0.586032,-0.550182,0.812889,1.158468,0.426459,0.451253,0.379183,-0.348487,-0.099304,0.598406,0.557088,0.280154,0.164583,-0.719615,0.247094,0.865632,-1.565967,-1.227802,1.230071,-1.178383,0.356399,0.228826,-0.773125,0.187600,0.135550,0.001301,0.457046
33.164106,2.046820,0.579652,-0.549524,0.817512,1.160025,0.427092,0.453015,0.370069,-0.356319,-0.102340,0.607879,0.557981,0.279848,0.164514,-0.719269,0.247334,0.864864,-1.565787,-1.227673,1.230070,-1.177907,0.354308,0.231426,-0.768902,0.186080,0.132808,0.000451,0.461342
33.164908,2.043338,0.577126,-0.545555,0.818911,1.161581,0.426715,0.454270,0.364098,-0.373913,-0.101178,0.620397,0.558834,0.279569,0.164487,-0.718914,0.247573,0.864087,-1.565603,-1.227543,1.230070,-1.177459,0.353763,0.234362,-0.769682,0.184868,0.132693,-0.000257,0.458318
33.165986,2.036866,0.572206,-0.552507,0.821729,1.161990,0.426850,0.454235,0.362963,-0.403674,-0.094243,0.637009,0.559606,0.279425,0.164452,-0.718556,0.247811,0.863319,-1.565418,-1.227410,1.230071,-1.177008,0.355296,0.234611,-0.769429,0.184649,0.131746,0.000067,0.455700
33.166997,2.038335,0.572898,-0.550489,0.824019,1.160831,0.425923,0.455788,0.360018,-0.439974,-0.087865,0.656685,0.560057,0.278936,0.164399,-0.718189,0.248054,0.862558,-1.565230,-1.227274,1.230071,-1.176548,0.359623,0.236689,-0.766173,0.184882,0.132618,-0.000150,0.456244
33.167941,2.034109,0.567455,-0.544929,0.825277,1.163668,0.425185,0.454662,0.346463,-0.474857,-0.090414,0.677660,0.559894,0.277502,0.164352,-0.717827,0.248287,0.861783,-1.565044,-1.227134,1.230072,-1.176100,0.359633,0.235869,-0.766723,0.185221,0.134852,0.000711,0.453450
33.169038,2.038546,0.563813,-0.548854,0.831272,1.164281,0.424098,0.454835,0.323909,-0.505442,-0.101072,0.697654,0.559352,0.275276,0.164318,-0.717465,0.248532,0.861019,-1.564858,-1.227004,1.230075,-1.175641,0.362222,0.237892,-0.768579,0.186112,0.132967,0.001366,0.455915
33.170040,2.035766,0.560073,-0.548082,0.831906,1.162670,0.424989,0.456547,0.298157,-0.534871,-0.114685,0.716792,0.558659,0.272698,0.164299,-0.717102,0.248772,0.860253,-1.564676,-1.226870,1.230079,-1.175181,0.361172,0.239381,-0.766946,0.183407,0.133705,0.002356,0.456030
33.170937,2.033397,0.557565,-0.547657,0.833027,1.163423,0.426458,0.455031,0.271297,-0.566148,-0.129140,0.736681,0.557739,0.269945,0.164308,-0.716737,0.249016,0.859494,-1.564486,-1.226730,1.230079,-1.174737,0.363294,0.240663,-0.766963,0.185277,0.136374,0.001376,0.452916
33.171980,2.031979,0.558743,-0.549929,0.834242,1.165352,0.427134,0.455643,0.242249,-0.596658,-0.145805,0.756287,0.556644,0.266950,0.164366,-0.716368,0.249259,0.858730,-1.564301,-1.226588,1.230077,-1.174276,0.364593,0.241075,-0.765809,0.185999,0.136356,-0.000152,0.456061
33.172973,2.031797,0.553904,-0.546627,0.835667,1.168026,0.427096,0.456945,0.208412,-0.619996,-0.167827,0.772735,0.555544,0.263555,0.164469,-0.715995,0.249497,0.857962,-1.564110,-1.226454,1.230075,-1.173828,0.366118,0.240049,-0.764540,0.187506,0.135609,-0.000880,0.455216
33.174059,2.038984,0.552195,-0.550031,0.837847,1.168840,0.426542,0.456721,0.170110,-0.632867,-0.195476,0.784139,0.554660,0.259810,0.164567,-0.715628,0.249743,0.857202,-1.563918,-1.226322,1.230075,-1.173381,0.366833,0.241865,-0.765748,0.188444,0.134024,-0.000904,0.452907
33.175067,2.043138,0.541778,-0.547841,0.839371,1.169693,0.426665,0.457323,0.133319,-0.638788,-0.223424,0.790668,0.554266,0.256117,0.164632,-0.715263,0.249986,0.856437,-1.563726,-1.226185,1.230074,-1.172924,0.364336,0.242327,-0.764300,0.189257,0.134496,-0.000415,0.453854
33.175997,2.043940,0.540366,-0.553517,0.841022,1.166786,0.426710,0.457262,0.106387,-0.645581,-0.243828,0.794207,0.554558,0.253014,0.164703,-0.714903,0.250242,0.855679,-1.563531,-1.226052,1.230072,-1.172472,0.363065,0.246855,-0.765106,0.190121,0.134765,-0.000606,0.452962
33.176932,2.036442,0.538649,-0.549963,0.841764,1.171043,0.427031,0.458227,0.091673,-0.658596,-0.254047,0.797331,0.555361,0.250643,0.164820,-0.714536,0.250490,0.854921,-1.563341,-1.225908,1.230070,-1.172019,0.362987,0.246703,-0.761220,0.190432,0.138524,-0.000701,0.453251
33.178045,2.034780,0.540049,-0.559487,0.844390,1.170849,0.427050,0.461182,0.081207,-0.673165,-0.261153,0.800505,0.556219,0.248518,0.164951,-0.714159,0.250738,0.854153,-1.563145,-1.225783,1.230068,-1.171578,0.366989,0.246772,-0.761972,0.191528,0.135220,-0.001080,0.451511
33.179013,2.040179,0.540572,-0.560747,0.845136,1.171591,0.426666,0.458727,0.063718,-0.679687,-0.275484,0.802349,0.556725,0.245959,0.165048,-0.713788,0.250981,0.853408,-1.562951,-1.225643,1.230067,-1.171140,0.368989,0.245733,-0.757916,0.192039,0.136774,-0.001164,0.446167
33.180062,2.048455,0.538268,-0.556222,0.848376,1.172573,0.427273,0.458810,0.034813,-0.672037,-0.301297,0.800959,0.556810,0.242742,0.165132,-0.713425,0.251223,0.852652,-1.562755,-1.225507,1.230066,-1.170677,0.366809,0.244833,-0.756676,0.193398,0.137012,-0.000839,0.451380
33.180984,2.049378,0.537834,-0.553215,0.847672,1.174817,0.426893,0.461684,0.004428,-0.653220,-0.330049,0.794930,0.556980,0.239628,0.165239,-0.713063,0.251471,0.851895,-1.562566,-1.225369,1.230062,-1.170228,0.363641,0.245468,-0.759028,0.192944,0.137197,-0.001505,0.451590
33.181973,2.048562,0.534898,-0.551993,0.849509,1.176376,0.426392,0.461643,-0.013498,-0.630891,-0.349386,0.784109,0.557848,0.237601,0.165339,-0.712705,0.251715,0.851137,-1.562366,-1.225232,1.230061,-1.169791,0.363591,0.244903,-0.759447,0.195359,0.135814,-0.001173,0.445984
33.182984,2.045824,0.533529,-0.554433,0.851170,1.174956,0.426004,0.461557,-0.016748,-0.607395,-0.357207,0.768844,0.559513,0.236740,0.165407,-0.712337,0.251961,0.850373,-1.562171,-1.225097,1.230061,-1.169347,0.364602,0.245734,-0.759490,0.195733,0.135315,-0.000738,0.446440
33.184085,2.050897,0.536333,-0.552011,0.852743,1.175711,0.425495,0.459888,-0.012468,-0.582245,-0.359314,0.751117,0.561532,0.236478,0.165481,-0.711969,0.252207,0.849624,-1.561971,-1.224956,1.230062,-1.168900,0.366699,0.245817,-0.758073,0.196371,0.137808,-0.000431,0.446964
33.185066,2.054318,0.532660,-0.549265,0.852134,1.175599,0.425782,0.458728,-0.005880,-0.554052,-0.360062,0.731967,0.563603,0.236465,0.165608,-0.711607,0.252449,0.848860,-1.561769,-1.224820,1.230063,-1.168440,0.365362,0.244060,-0.759743,0.197676,0.138358,-0.000004,0.450829
33.186004,2.058673,0.532436,-0.544392,0.857377,1.177641,0.423844,0.460562,0.006443,-0.522707,-0.356717,0.709844,0.566035,0.236947,0.165777,-0.711239,0.252695,0.848092,-1.561563,-1.224678,1.230061,-1.167985,0.364216,0.245270,-0.760432,0.200227,0.139439,-0.000354,0.453389
33.187048,2.065270,0.533626,-0.545712,0.857602,1.177705,0.423837,0.459537,0.030279,-0.493042,-0.343873,0.685472,0.569048,0.238333,0.165952,-0.710883,0.252937,0.847336,-1.561371,-1.224541,1.230066,-1.167537,0.362522,0.244643,-0.761977,0.196894,0.138278,0.001508,0.449855
33.188033,2.056633,0.533571,-0.539302,0.858843,1.176544,0.423576,0.457634,0.067312,-0.468437,-0.319606,0.660609,0.572596,0.240776,0.166111,-0.710527,0.253175,0.846574,-1.561169,-1.224399,1.230067,-1.167084,0.360235,0.243621,-0.761241,0.199185,0.139353,0.001418,0.452359
33.188943,2.056563,0.535811,-0.536838,0.858303,1.173917,0.424000,0.458099,0.113001,-0.445703,-0.288116,0.634642,0.576587,0.243931,0.166251,-0.710156,0.253417,0.845814,-1.560963,-1.224252,1.230066,-1.166618,0.365175,0.243049,-0.763951,0.199894,0.141451,0.001621,0.456402
33.190009,2.061106,0.535773,-0.538374,0.861324,1.177601,0.424238,0.457268,0.158518,-0.419228,-0.257399,0.606628,0.580754,0.247143,0.166350,-0.709790,0.253657,0.845047,-1.560760,-1.224101,1.230063,-1.166159,0.365384,0.241160,-0.763868,0.201945,0.144790,0.001141,0.455510
33.190989,2.066208,0.535572,-0.538658,0.858471,1.179500,0.423027,0.457286,0.199694,-0.386214,-0.231166,0.576025,0.584961,0.250136,0.166366,-0.709429,0.253894,0.844279,-1.560557,-1.223962,1.230066,-1.165701,0.364175,0.240833,-0.763174,0.201508,0.142253,0.000817,0.457627
33.191992,2.073765,0.534378,-0.536904,0.860934,1.181189,0.423123,0.455092,0.238871,-0.347142,-0.207462,0.541650,0.589439,0.253000,0.166297,-0.709074,0.254136,0.843521,-1.560339,-1.223823,1.230072,-1.165237,0.362319,0.240316,-0.762464,0.206050,0.141359,0.001939,0.457788
33.193042,2.079444,0.537123,-0.536472,0.862989,1.179827,0.423797,0.454773,0.281317,-0.304479,-0.181809,0.502322,0.594571,0.255938,0.166193,-0.708719,0.254375,0.842753,-1.560134,-1.223686,1.230069,-1.164763,0.359359,0.240396,-0.762881,0.205641,0.140747,0.001773,0.462448
33.194015,2.080927,0.532675,-0.525986,0.864784,1.182066,0.426086,0.455383,0.331524,-0.261999,-0.150094,0.459007,0.600485,0.259255,0.166095,-0.708361,0.254610,0.841993,-1.559928,-1.223535,1.230071,-1.164294,0.357570,0.238623,-0.763114,0.205999,0.143180,0.001010,0.463393
33.195058,2.078960,0.533317,-0.526545,0.866108,1.184573,0.425644,0.453636,0.392117,-0.224487,-0.109450,0.414472,0.607048,0.263240,0.165994,-0.708005,0.254855,0.841213,-1.559719,-1.223394,1.230067,-1.163835,0.357501,0.240212,-0.767511,0.206008,0.141860,-0.001339,0.462377
33.196083,2.083659,0.532313,-0.522213,0.867785,1.182754,0.425114,0.451995,0.461789,-0.195450,-0.060278,0.371369,0.613985,0.267831,0.165891,-0.707642,0.255091,0.840439,-1.559511,-1.223256,1.230068,-1.163369,0.359439,0.239473,-0.766988,0.207020,0.140504,-0.000947,0.466260
33.196997,2.085338,0.530188,-0.515835,0.869213,1.182511,0.425260,0.452604,0.534948,-0.173693,-0.007063,0.330629,0.620993,0.272606,0.165797,-0.707290,0.255332,0.839675,-1.559302,-1.223105,1.230069,-1.162890,0.358031,0.239475,-0.768929,0.207498,0.143347,-0.000497,0.469793
33.197925,2.088654,0.532560,-0.510329,0.871497,1.183966,0.424367,0.451917,0.610360,-0.158882,0.049254,0.292456,0.627985,0.277464,0.165685,-0.706933,0.255575,0.838897,-1.559096,-1.222957,1.230067,-1.162421,0.357548,0.239762,-0.770740,0.207542,0.144319,-0.000699,0.468584
33.199125,2.092256,0.533202,-0.507787,0.873073,1.184097,0.423302,0.453097,0.689610,-0.151711,0.110115,0.257096,0.634996,0.282560,0.165512,-0.706576,0.255808,0.838115,-1.558887,-1.222815,1.230069,-1.161953,0.356310,0.237918,-0.772193,0.206734,0.143686,0.000130,0.470074
33.200029,2.093807,0.530330,-0.511363,0.875734,1.183669,0.423180,0.450918,0.772233,-0.149398,0.174779,0.223312,0.642151,0.287893,0.165247,-0.706222,0.256048,0.837343,-1.558678,-1.222666,1.230070,-1.161486,0.356366,0.237531,-0.774669,0.208579,0.144997,0.001102,0.468357
33.200935,2.087461,0.530811,-0.505222,0.877056,1.180175,0.423295,0.448917,0.854623,-0.149613,0.239990,0.190856,0.649346,0.293182,0.164915,-0.705865,0.256287,0.836578,-1.558469,-1.222518,1.230071,-1.161011,0.355878,0.238223,-0.771511,0.207212,0.146140,0.001150,0.472787
33.201989,2.087358,0.524178,-0.506811,0.881515,1.178812,0.424076,0.450562,0.928339,-0.150812,0.298704,0.161880,0.655989,0.297864,0.164592,-0.705500,0.256521,0.835809,-1.558260,-1.222356,1.230067,-1.160525,0.359308,0.237275,-0.773295,0.207220,0.150245,0.000989,0.476756
33.202914,2.093225,0.518999,-0.495545,0.883908,1.178380,0.422511,0.450570,0.986521,-0.153822,0.345526,0.139619,0.661430,0.301534,0.164319,-0.705136,0.256767,0.835036,-1.558057,-1.222197,1.230068,-1.160052,0.360312,0.240133,-0.772379,0.205275,0.152562,0.000125,0.473735
33.204011,2.097960,0.520982,-0.497123,0.886831,1.174459,0.421898,0.450726,1.033738,-0.166642,0.385280,0.127393,0.665538,0.304510,0.164101,-0.704782,0.257010,0.834248,-1.557854,-1.222043,1.230070,-1.159580,0.357782,0.241952,-0.776660,0.204503,0.153697,0.001636,0.473818
33.204944,2.092564,0.519754,-0.492805,0.885582,1.173296,0.422312,0.449671,1.080483,-0.194377,0.427056,0.124681,0.668811,0.307477,0.163946,-0.704431,0.257249,0.833477,-1.557652,-1.221875,1.230075,-1.159105,0.356787,0.240620,-0.776134,0.204429,0.158643,0.002134,0.473930
33.205972,2.085120,0.520699,-0.492645,0.888883,1.171781,0.422794,0.449692,1.126661,-0.229575,0.469530,0.126854,0.671645,0.310385,0.163837,-0.704065,0.257487,0.832698,-1.557439,-1.221711,1.230076,-1.158624,0.359868,0.240563,-0.777082,0.207119,0.160403,0.001638,0.476109
33.206920,2.088911,0.519534,-0.485308,0.889576,1.171987,0.422752,0.453235,1.161890,-0.261449,0.502675,0.130717,0.673863,0.312482,0.163754,-0.703695,0.257725,0.831927,-1.557234,-1.221540,1.230075,-1.158152,0.364375,0.239623,-0.776853,0.206073,0.162713,0.001087,0.476334
33.207939,2.095407,0.520171,-0.492037,0.890640,1.171674,0.423437,0.452610,1.181533,-0.285949,0.522217,0.135616,0.675326,0.313476,0.163673,-0.703334,0.257966,0.831142,-1.557026,-1.221374,1.230076,-1.157694,0.362897,0.239537,-0.779386,0.207052,0.163126,0.001062,0.469348
33.208935,2.100632,0.516823,-0.489476,0.890374,1.169458,0.423218,0.451521,1.191464,-0.303582,0.533004,0.139984,0.676438,0.313793,0.163576,-0.702975,0.258201,0.830366,-1.556812,-1.221207,1.230075,-1.157227,0.360492,0.238768,-0.775514,0.207984,0.164258,0.000309,0.470972
33.210051,2.097467,0.515018,-0.494912,0.895133,1.169110,0.424153,0.452724,1.198179,-0.315115,0.540294,0.141772,0.677656,0.313835,0.163488,-0.702620,0.258444,0.829592,-1.556601,-1.221037,1.230075,-1.156746,0.358682,0.239869,-0.776238,0.210182,0.167208,0.000467,0.473343
33.210920,2.086812,0.511679,-0.496010,0.896171,1.166810,0.423909,0.452378,1.202049,-0.322922,0.544667,0.142254,0.678874,0.313606,0.163429,-0.702248,0.258684,0.828816,-1.556400,-1.220865,1.230072,-1.156276,0.361509,0.240492,-0.773894,0.208392,0.168533,-0.000538,0.471371
33.211945,2.083683,0.511096,-0.496443,0.894215,1.165299,0.424996,0.453790,1.193212,-0.327803,0.538386,0.145775,0.679255,0.312487,0.163393,-0.701868,0.258925,0.828054,-1.556191,-1.220693,1.230069,-1.155808,0.366707,0.241300,-0.771780,0.208438,0.171239,-0.000329,0.472056
33.212930,2.085641,0.509601,-0.494466,0.896505,1.163546,0.424119,0.452561,1.161540,-0.325917,0.512795,0.153403,0.678238,0.309809,0.163362,-0.701495,0.259167,0.827278,-1.555974,-1.220513,1.230065,-1.155339,0.368963,0.241064,-0.771183,0.212413,0.173442,-0.001477,0.469491
33.213927,2.089702,0.511175,-0.494749,0.895764,1.164722,0.423307,0.452550,1.110367,-0.315124,0.470230,0.162261,0.676208,0.305818,0.163341,-0.701126,0.259407,0.826498,-1.555760,-1.220334,1.230064,-1.154857,0.368532,0.241230,-0.771406,0.211853,0.175794,-0.000639,0.472160
33.214932,2.087386,0.509737,-0.492369,0.897921,1.165657,0.422401,0.453956,1.050671,-0.297021,0.419736,0.169695,0.673860,0.301343,0.163330,-0.700765,0.259645,0.825732,-1.555539,-1.220157,1.230064,-1.154387,0.367216,0.239898,-0.770740,0.214309,0.175246,0.000100,0.472385
33.215981,2.089727,0.502010,-0.490502,0.897237,1.163277,0.422291,0.453579,0.990179,-0.272713,0.367647,0.174002,0.671688,0.296945,0.163292,-0.700390,0.259889,0.824956,-1.555326,-1.219986,1.230068,-1.153918,0.369002,0.240055,-0.771392,0.214051,0.175047,0.000910,0.469795
33.216931,2.086545,0.503992,-0.491454,0.899582,1.164028,0.422209,0.452658,0.933302,-0.246933,0.318153,0.176433,0.669786,0.292857,0.163221,-0.700018,0.260136,0.824178,-1.555102,-1.219802,1.230070,-1.153450,0.368660,0.243427,-0.772127,0.216739,0.178168,0.000929,0.470932
33.217947,2.092802,0.501536,-0.488516,0.901867,1.162559,0.422994,0.454213,0.881656,-0.224529,0.273289,0.179256,0.668028,0.289115,0.163157,-0.699646,0.260376,0.823421,-1.554889,-1.219622,1.230073,-1.152970,0.370634,0.241727,-0.770821,0.215912,0.177902,0.000928,0.472874
33.219016,2.093232,0.496541,-0.486527,0.902180,1.163095,0.424564,0.454910,0.834767,-0.205079,0.232732,0.183035,0.666328,0.285743,0.163109,-0.699281,0.260619,0.822646,-1.554672,-1.219439,1.230070,-1.152512,0.368228,0.242429,-0.771871,0.215540,0.180028,0.000078,0.470032
33.220003,2.097382,0.499840,-0.489316,0.905072,1.164559,0.423241,0.456186,0.796658,-0.190800,0.200071,0.188139,0.664827,0.283072,0.163070,-0.698909,0.260870,0.821881,-1.554451,-1.219257,1.230066,-1.152044,0.369005,0.244420,-0.772994,0.217440,0.180259,-0.001547,0.469045
33.220925,2.101823,0.496279,-0.493314,0.905725,1.163673,0.422995,0.456551,0.769223,-0.182110,0.176872,0.194029,0.663681,0.281236,0.163045,-0.698540,0.261111,0.821115,-1.554236,-1.219076,1.230069,-1.151576,0.367495,0.242140,-0.770968,0.216281,0.179366,-0.000282,0.466698
33.222001,2.091131,0.500026,-0.493358,0.907513,1.163405,0.424044,0.456816,0.748146,-0.173990,0.158959,0.199350,0.662853,0.279965,0.163020,-0.698174,0.261354,0.820349,-1.554017,-1.218895,1.230067,-1.151116,0.365551,0.243188,-0.767799,0.216839,0.180707,-0.000101,0.466095
33.222956,2.093556,0.496359,-0.498912,0.910954,1.164045,0.424791,0.459976,0.725207,-0.160702,0.138921,0.203553,0.662051,0.278721,0.162950,-0.697794,0.261591,0.819588,-1.553798,-1.218712,1.230063,-1.150651,0.371878,0.240953,-0.768057,0.217329,0.181758,-0.001211,0.465985
33.223953,2.092220,0.494231,-0.497624,0.910973,1.163758,0.424735,0.460010,0.690582,-0.138151,0.108383,0.207660,0.660769,0.276900,0.162804,-0.697425,0.261835,0.818828,-1.553587,-1.218530,1.230060,-1.150199,0.371001,0.242113,-0.764431,0.215508,0.181605,-0.002006,0.459820
33.224985,2.097097,0.491992,-0.500685,0.912435,1.162472,0.424301,0.458453,0.643194,-0.108476,0.066839,0.213375,0.658819,0.274455,0.162601,-0.697048,0.262079,0.818071,-1.553364,-1.218347,1.230060,-1.149741,0.372225,0.242576,-0.764718,0.217149,0.182503,-0.002010,0.460093
33.225924,2.099142,0.490658,-0.501944,0.913730,1.163704,0.423950,0.458908,0.589866,-0.075928,0.020241,0.220476,0.656546,0.271771,0.162389,-0.696683,0.262326,0.817307,-1.553148,-1.218158,1.230060,-1.149269,0.370603,0.243134,-0.762983,0.217719,0.184411,-0.001648,0.463530
33.226972,2.101567,0.489254,-0.507451,0.916654,1.164916,0.423437,0.459075,0.536666,-0.042363,-0.026393,0.227701,0.654333,0.269189,0.162195,-0.696315,0.262568,0.816544,-1.552931,-1.217977,1.230061,-1.148816,0.369947,0.243084,-0.761382,0.217806,0.183625,-0.001368,0.462755
33.227972,2.105552,0.485934,-0.505767,0.915015,1.165048,0.422483,0.459650,0.485374,-0.008411,-0.071519,0.234878,0.652261,0.266800,0.162002,-0.695950,0.262812,0.815795,-1.552716,-1.217791,1.230060,-1.148350,0.369673,0.243301,-0.758761,0.217060,0.183109,-0.000917,0.462783
33.228898,2.105557,0.476409,-0.506108,0.915615,1.164525,0.423486,0.457611,0.437611,0.025350,-0.113758,0.241480,0.650436,0.264634,0.161796,-0.695584,0.263060,0.815031,-1.552492,-1.217608,1.230064,-1.147887,0.368341,0.244331,-0.759175,0.220356,0.183586,-0.000053,0.461882
33.230021,2.114421,0.480059,-0.510089,0.916770,1.163771,0.423757,0.457533,0.398153,0.054647,-0.148740,0.247441,0.649044,0.262875,0.161615,-0.695211,0.263312,0.814283,-1.552269,-1.217423,1.230061,-1.147409,0.368580,0.248257,-0.758081,0.220876,0.184512,-0.001126,0.466059
33.231010,2.111777,0.479901,-0.508381,0.918161,1.166833,0.423277,0.458434,0.370131,0.076267,-0.173497,0.253095,0.648112,0.261706,0.161492,-0.694851,0.263553,0.813530,-1.552047,-1.217234,1.230059,-1.146948,0.365491,0.246094,-0.756826,0.222263,0.186111,-0.001455,0.466715
33.232041,2.114263,0.477542,-0.510480,0.920812,1.166947,0.423004,0.457247,0.352419,0.094935,-0.189555,0.256350,0.647689,0.261157,0.161396,-0.694478,0.263794,0.812768,-1.551824,-1.217058,1.230060,-1.146488,0.367411,0.245608,-0.757172,0.222450,0.183658,-0.001039,0.465141
33.232935,2.112850,0.482150,-0.516267,0.920826,1.166990,0.422604,0.457588,0.340926,0.114446,-0.200657,0.256764,0.647597,0.261040,0.161310,-0.694114,0.264040,0.812022,-1.551601,-1.216873,1.230060,-1.146015,0.366998,0.246248,-0.756134,0.221653,0.184226,-0.000839,0.467847
33.233944,2.108530,0.482359,-0.518712,0.921083,1.168094,0.421627,0.455939,0.329000,0.137745,-0.212520,0.255140,0.647456,0.260950,0.161247,-0.693744,0.264279,0.811277,-1.551379,-1.216686,1.230059,-1.145543,0.367808,0.243125,-0.752058,0.222599,0.184485,-0.000496,0.467136
33.234970,2.104224,0.482199,-0.519519,0.922488,1.170077,0.421460,0.456119,0.307665,0.172768,-0.233562,0.249733,0.647018,0.260278,0.161204,-0.693366,0.264519,0.810524,-1.551151,-1.216501,1.230064,-1.145070,0.370568,0.242518,-0.750612,0.223944,0.183972,0.000387,0.470718
33.235920,2.100568,0.475652,-0.520803,0.923608,1.168873,0.420960,0.458688,0.271391,0.222526,-0.268750,0.240208,0.646115,0.258597,0.161167,-0.692992,0.264763,0.809783,-1.550927,-1.216325,1.230061,-1.144601,0.373448,0.242062,-0.750273,0.224363,0.182726,0.000487,0.470614
33.237077,2.103196,0.474901,-0.523147,0.924087,1.172247,0.419158,0.456961,0.220796,0.280491,-0.316698,0.229861,0.644561,0.255893,0.161120,-0.692611,0.265011,0.809034,-1.550700,-1.216141,1.230063,-1.144145,0.375511,0.244606,-0.748898,0.224432,0.184422,0.000915,0.465613
33.237958,2.108625,0.466511,-0.527304,0.923914,1.170588,0.419239,0.455763,0.161004,0.337953,-0.372111,0.221650,0.642411,0.252425,0.161080,-0.692239,0.265257,0.808295,-1.550467,-1.215963,1.230068,-1.143656,0.375582,0.244713,-0.748953,0.226499,0.182039,0.002616,0.469652
33.238922,2.114058,0.465693,-0.532982,0.925348,1.170804,0.419166,0.456762,0.100772,0.388410,-0.427167,0.215872,0.640102,0.248670,0.161087,-0.691869,0.265512,0.807551,-1.550239,-1.215774,1.230068,-1.143178,0.372867,0.247923,-0.745582,0.227364,0.183999,0.002460,0.471981
33.240029,2.109677,0.466665,-0.531158,0.930709,1.171642,0.419665,0.456044,0.046854,0.427559,-0.476002,0.212712,0.637923,0.245064,0.161131,-0.691500,0.265758,0.806808,-1.550009,-1.215592,1.230069,-1.142716,0.370611,0.247604,-0.742228,0.227164,0.184287,0.002457,0.470131
33.241019,2.105507,0.464477,-0.525745,0.933265,1.173587,0.419072,0.456292,-0.000837,0.455510,-0.518755,0.213085,0.635768,0.241749,0.161172,-0.691121,0.266004,0.806064,-1.549789,-1.215405,1.230072,-1.142239,0.373924,0.246734,-0.743899,0.224239,0.184271,0.001858,0.472038
33.241918,2.109838,0.464803,-0.524060,0.931352,1.172991,0.418552,0.454152,-0.045231,0.473295,-0.557786,0.218572,0.633395,0.238699,0.161210,-0.690735,0.266249,0.805312,-1.549568,-1.215226,1.230076,-1.141759,0.376400,0.247213,-0.746222,0.223355,0.182928,0.002369,0.471696
33.243030,2.116671,0.457707,-0.528652,0.934037,1.172910,0.419493,0.453742,-0.084600,0.481932,-0.591778,0.228043,0.631032,0.236003,0.161243,-0.690361,0.266495,0.804574,-1.549335,-1.215040,1.230078,-1.141283,0.374254,0.246183,-0.746006,0.225992,0.183869,0.002815,0.476021
33.244036,2.117067,0.463878,-0.528593,0.935347,1.173097,0.419634,0.453983,-0.113152,0.481899,-0.616232,0.238525,0.629197,0.233905,0.161254,-0.689995,0.266751,0.803831,-1.549108,-1.214852,1.230077,-1.140800,0.372085,0.249287,-0.744469,0.225638,0.184774,0.001788,0.477230
33.244943,2.110982,0.458204,-0.529701,0.934399,1.170600,0.421429,0.453276,-0.129334,0.473912,-0.630049,0.248971,0.628001,0.232480,0.161232,-0.689621,0.266991,0.803083,-1.548882,-1.214665,1.230078,-1.140328,0.372527,0.245603,-0.744297,0.225959,0.185155,0.001580,0.476974
33.245970,2.110397,0.455605,-0.531752,0.936190,1.169440,0.422442,0.453153,-0.139865,0.464015,-0.639451,0.258327,0.627177,0.231321,0.161183,-0.689242,0.267243,0.802350,-1.548648,-1.214469,1.230071,-1.139844,0.375646,0.247585,-0.742839,0.227663,0.187925,-0.000257,0.478385
33.247004,2.111354,0.454447,-0.529822,0.939433,1.169729,0.424712,0.453670,-0.152667,0.454927,-0.651122,0.267481,0.626225,0.229887,0.161143,-0.688863,0.267495,0.801610,-1.548422,-1.214276,1.230070,-1.139357,0.376580,0.248242,-0.741875,0.227614,0.189634,-0.001323,0.478845
33.247920,2.112884,0.449082,-0.534703,0.938152,1.172038,0.424242,0.452787,-0.168515,0.443422,-0.665097,0.278872,0.624819,0.228206,0.161130,-0.688482,0.267742,0.800860,-1.548200,-1.214083,1.230063,-1.138884,0.376766,0.248268,-0.742869,0.226283,0.189922,-0.003638,0.478097
33.249027,2.118477,0.442105,-0.533815,0.942914,1.173521,0.423206,0.455613,-0.184085,0.427288,-0.678271,0.292922,0.622996,0.226599,0.161113,-0.688112,0.267995,0.800132,-1.547968,-1.213898,1.230062,-1.138400,0.376202,0.250067,-0.739628,0.228444,0.187962,-0.003196,0.479891
33.249921,2.121752,0.440741,-0.529041,0.941237,1.176433,0.421667,0.455062,-0.195176,0.402340,-0.686650,0.310213,0.620827,0.225303,0.161088,-0.687740,0.268252,0.799383,-1.547748,-1.213711,1.230061,-1.137934,0.374540,0.253068,-0.740768,0.226126,0.187313,-0.002229,0.474643
33.250931,2.126323,0.440050,-0.528713,0.944006,1.178011,0.420844,0.454401,-0.194505,0.363636,-0.683705,0.330966,0.618607,0.224752,0.161085,-0.687373,0.268506,0.798645,-1.547512,-1.213527,1.230064,-1.137457,0.373037,0.252752,-0.742089,0.228452,0.184715,-0.000767,0.475795
33.252098,2.127523,0.440382,-0.524168,0.945623,1.179122,0.420440,0.456417,-0.177037,0.313766,-0.665794,0.352023,0.616876,0.225287,0.161112,-0.687002,0.268760,0.797899,-1.547290,-1.213341,1.230061,-1.136974,0.371412,0.252405,-0.742090,0.227407,0.183753,-0.000004,0.477326
33.252952,2.124062,0.437480,-0.515018,0.945929,1.181065,0.419449,0.457274,-0.143191,0.258475,-0.634035,0.370410,0.615919,0.226940,0.161129,-0.686623,0.269011,0.797143,-1.547059,-1.213159,1.230064,-1.136514,0.372219,0.251955,-0.745485,0.228441,0.183663,0.000300,0.473872
33.254029,2.132365,0.435370,-0.518258,0.950462,1.183544,0.419117,0.458402,-0.095245,0.200591,-0.590494,0.385413,0.615764,0.229598,0.161080,-0.686248,0.269267,0.796395,-1.546832,-1.212980,1.230068,-1.136046,0.373782,0.252330,-0.748522,0.228664,0.181997,0.001216,0.472110
33.255071,2.130534,0.431186,-0.514864,0.954053,1.184130,0.420002,0.459235,-0.035720,0.140055,-0.536915,0.398072,0.616310,0.233084,0.160980,-0.685880,0.269519,0.795649,-1.546610,-1.212805,1.230072,-1.135574,0.370636,0.252875,-0.747288,0.226334,0.180381,0.001436,0.470242
33.255999,2.135611,0.425154,-0.512866,0.955435,1.187260,0.421407,0.458224,0.032266,0.074247,-0.475184,0.411442,0.617236,0.237209,0.160894,-0.685507,0.269779,0.794902,-1.546389,-1.212624,1.230073,-1.135111,0.372405,0.254279,-0.749129,0.224735,0.180539,0.000466,0.468933
33.256936,2.126644,0.423945,-0.507826,0.958287,1.186697,0.421385,0.460449,0.106318,0.000289,-0.406734,0.428068,0.618290,0.241805,0.160857,-0.685141,0.270040,0.794150,-1.546169,-1.212450,1.230069,-1.134632,0.370132,0.256334,-0.749168,0.224593,0.177894,-0.000987,0.471037
33.257915,2.123910,0.420167,-0.506039,0.958962,1.185681,0.421625,0.458762,0.182518,-0.081063,-0.334843,0.448480,0.619349,0.246583,0.160865,-0.684757,0.270292,0.793393,-1.545950,-1.212271,1.230068,-1.134177,0.374834,0.256085,-0.750784,0.223045,0.178982,-0.001011,0.466687
33.259079,2.127020,0.427506,-0.508934,0.965152,1.185511,0.420751,0.457568,0.252217,-0.164337,-0.267226,0.472059,0.620165,0.250961,0.160918,-0.684380,0.270553,0.792645,-1.545725,-1.212089,1.230066,-1.133695,0.376618,0.257142,-0.751221,0.223848,0.180566,-0.001313,0.470282
33.259995,2.130875,0.425198,-0.505750,0.968854,1.186852,0.419606,0.458382,0.309022,-0.241938,-0.210073,0.496591,0.620650,0.254594,0.161035,-0.684006,0.270795,0.791892,-1.545513,-1.211904,1.230067,-1.133214,0.376459,0.253224,-0.750862,0.220699,0.181714,-0.000514,0.473203
33.260917,2.139652,0.424197,-0.505053,0.972170,1.190585,0.418808,0.459101,0.394380,-0.368515,-0.120530,0.541282,0.621505,0.260874,0.161276,-0.683275,0.271306,0.790391,-1.545089,-1.211551,1.230070,-1.132281,0.370654,0.253068,-0.750792,0.216385,0.177534,0.001286,0.470249
33.261922,2.136252,0.419280,-0.499808,0.975669,1.189815,0.417444,0.458349,0.394380,-0.368515,-0.120530,0.541282,0.621505,0.260874,0.161276,-0.683275,0.271306,0.790391,-1.545089,-1.211551,1.230070,-1.132281,0.370654,0.253068,-0.750792,0.216385,0.177534,0.001286,0.470249
33.262925,2.142689,0.420711,-0.496716,0.977763,1.190594,0.418879,0.459483,0.437137,-0.426185,-0.075828,0.562124,0.622399,0.264390,0.161313,-0.682894,0.271560,0.789625,-1.544878,-1.211371,1.230075,-1.131808,0.372945,0.254848,-0.753015,0.214880,0.178988,0.002554,0.472020
33.264068,2.145575,0.417759,-0.500930,0.982740,1.193386,0.420686,0.459480,0.483849,-0.484678,-0.027599,0.582851,0.623674,0.268238,0.161320,-0.682530,0.271813,0.788874,-1.544663,-1.211194,1.230073,-1.131341,0.370394,0.253408,-0.754269,0.214670,0.178861,0.001030,0.469966
33.264950,2.150503,0.411180,-0.490274,0.983348,1.192992,0.421618,0.459500,0.534805,-0.542860,0.024163,0.602496,0.625365,0.272395,0.161289,-0.682156,0.272072,0.788119,-1.544456,-1.211021,1.230070,-1.130861,0.370282,0.254460,-0.753034,0.212723,0.177108,-0.000838,0.470498
33.265936,2.151001,0.414374,-0.484371,0.984773,1.193743,0.422790,0.459371,0.591965,-0.602864,0.081271,0.621428,0.627461,0.276967,0.161228,-0.681786,0.272331,0.787349,-1.544241,-1.210843,1.230069,-1.130398,0.367832,0.256717,-0.756860,0.213161,0.177890,-0.001817,0.470464
33.266948,2.151229,0.409276,-0.486742,0.988634,1.195462,0.423295,0.458294,0.734667,-0.729672,0.219354,0.653684,0.633423,0.287896,0.161139,-0.681046,0.272838,0.785836,-1.543819,-1.210488,1.230061,-1.129451,0.368748,0.256235,-0.757812,0.211732,0.176711,-0.003583,0.473341
33.267987,2.148322,0.407204,-0.483220,0.990530,1.194930,0.423362,0.457888,0.734667,-0.729672,0.219354,0.653684,0.633423,0.287896,0.161139,-0.681046,0.272838,0.785836,-1.543819,-1.210488,1.230061,-1.129451,0.368748,0.256235,-0.757812,0.211732,0.176711,-0.003583,0.473341
33.269026,2.141795,0.404793,-0.482374,0.995208,1.195653,0.422081,0.457252,0.807417,-0.789747,0.289183,0.667147,0.636646,0.293420,0.161182,-0.680675,0.273096,0.785081,-1.543607,-1.210311,1.230060,-1.128972,0.371044,0.256589,-0.759598,0.212028,0.178018,-0.003710,0.474420
33.270001,2.140394,0.400587,-0.475542,0.996356,1.196163,0.421000,0.455950,0.869183,-0.846089,0.349796,0.681797,0.639206,0.298210,0.161274,-0.680292,0.273356,0.784307,-1.543401,-1.210132,1.230058,-1.128490,0.374989,0.257098,-0.759761,0.209664,0.178022,-0.002479,0.475967
33.271051,2.136720,0.398899,-0.478689,0.998633,1.194266,0.419608,0.455819,0.915526,-0.898364,0.397611,0.698966,0.640786,0.302001,0.161396,-0.679915,0.273614,0.783544,-1.543190,-1.209957,1.230059,-1.128012,0.376085,0.258383,-0.762545,0.210330,0.178124,-0.001474,0.478731
33.271961,2.136121,0.394384,-0.474859,1.000666,1.192745,0.419181,0.456389,0.946793,-0.946369,0.432812,0.718206,0.641455,0.304784,0.161557,-0.679535,0.273875,0.782794,-1.542977,-1.209771,1.230060,-1.127528,0.378699,0.258534,-0.761080,0.210297,0.180745,-0.000160,0.479260
33.272965,2.140477,0.390365,-0.471018,1.002185,1.194147,0.416833,0.456682,0.963182,-0.988839,0.455261,0.738611,0.641285,0.306532,0.161749,-0.679157,0.274136,0.782029,-1.542768,-1.209586,1.230063,-1.127046,0.379060,0.259801,-0.761750,0.209613,0.182620,0.000181,0.478096
33.273997,2.145881,0.388801,-0.474438,1.003494,1.192665,0.417273,0.456035,0.970405,-1.028119,0.469729,0.759848,0.640543,0.307589,0.161941,-0.678779,0.274399,0.781267,-1.542553,-1.209404,1.230068,-1.126573,0.377419,0.260997,-0.763292,0.209977,0.181808,0.002444,0.477752
33.275052,2.145214,0.381213,-0.474036,1.005525,1.192298,0.415716,0.454467,0.977790,-1.066250,0.483789,0.780137,0.639838,0.308508,0.162130,-0.678412,0.274662,0.780505,-1.542343,-1.209215,1.230069,-1.126088,0.375542,0.261018,-0.761400,0.210863,0.183943,0.001898,0.479311
33.276061,2.144860,0.382445,-0.474860,1.006211,1.190009,0.416242,0.455756,0.987767,-1.103058,0.499190,0.798527,0.639411,0.309385,0.162361,-0.678030,0.274929,0.779734,-1.542130,-1.209033,1.230075,-1.125602,0.376673,0.264096,-0.761551,0.211111,0.185043,0.003365,0.482753
33.276927,2.141301,0.381671,-0.466951,1.008339,1.188939,0.418378,0.455218,0.997232,-1.137591,0.513211,0.815473,0.639103,0.309975,0.162647,-0.677651,0.275189,0.778978,-1.541912,-1.208839,1.230073,-1.125123,0.377419,0.262670,-0.760849,0.212269,0.187866,0.002761,0.480333
33.277960,2.147227,0.374341,-0.466798,1.008990,1.190903,0.418650,0.453258,1.003047,-1.165362,0.522746,0.829976,0.638857,0.310174,0.162950,-0.677267,0.275451,0.778204,-1.541703,-1.208648,1.230068,-1.124634,0.378983,0.261933,-0.763087,0.211190,0.189108,0.000581,0.481321
33.278963,2.147511,0.377534,-0.468321,1.011089,1.186239,0.420457,0.452503,1.007788,-1.186550,0.529997,0.841805,0.638805,0.310275,0.163273,-0.676889,0.275719,0.777437,-1.541488,-1.208462,1.230067,-1.124144,0.376691,0.264828,-0.762927,0.212633,0.187776,0.000263,0.485497
33.279947,2.141489,0.378739,-0.465711,1.011214,1.186051,0.420389,0.452767,1.015090,-1.203692,0.538287,0.851123,0.639080,0.310544,0.163620,-0.676515,0.275977,0.776683,-1.541279,-1.208258,1.230063,-1.123653,0.377178,0.262428,-0.761844,0.212533,0.192897,-0.001607,0.487140
33.281078,2.134014,0.378109,-0.461145,1.014988,1.186222,0.420975,0.453310,1.020119,-1.210833,0.542922,0.856035,0.639572,0.310726,0.163926,-0.676123,0.276232,0.775916,-1.541059,-1.208063,1.230062,-1.123167,0.380501,0.261067,-0.762528,0.214036,0.193487,-0.001584,0.486728
33.281935,2.133996,0.377177,-0.462154,1.014695,1.183049,0.420665,0.452747,1.015324,-1.202955,0.537227,0.856077,0.639954,0.310384,0.164141,-0.675733,0.276494,0.775153,-1.540849,-1.207865,1.230060,-1.122679,0.385312,0.260895,-0.765541,0.213128,0.194084,-0.002245,0.486080
33.282977,2.140187,0.376135,-0.468559,1.016537,1.182866,0.419189,0.450201,0.997966,-1.181619,0.519410,0.852847,0.639941,0.309359,0.164279,-0.675347,0.276756,0.774392,-1.540635,-1.207659,1.230060,-1.122182,0.384988,0.260211,-0.763320,0.214325,0.197308,-0.001981,0.487049
33.284098,2.143310,0.375718,-0.464062,1.020390,1.182212,0.417843,0.449168,0.969871,-1.148614,0.491249,0.846391,0.639540,0.307747,0.164368,-0.674969,0.277015,0.773634,-1.540419,-1.207462,1.230062,-1.121675,0.382620,0.260055,-0.760089,0.214578,0.198028,-0.000581,0.492359
33.285057,2.139975,0.379474,-0.465586,1.022222,1.180580,0.418166,0.449457,0.937685,-1.107880,0.458500,0.836647,0.639003,0.305946,0.164412,-0.674590,0.277274,0.772871,-1.540210,-1.207260,1.230066,-1.121182,0.382206,0.259769,-0.763006,0.213554,0.199392,0.000662,0.494796
33.285981,2.142607,0.371909,-0.470666,1.024917,1.178596,0.416786,0.448571,0.905893,-1.062468,0.425098,0.824283,0.638484,0.304281,0.164388,-0.674202,0.277525,0.772114,-1.539995,-1.207055,1.230067,-1.120689,0.384114,0.257095,-0.761463,0.213300,0.201311,0.000246,0.494244
33.287042,2.145033,0.371074,-0.466100,1.021967,1.179250,0.415215,0.448699,0.871280,-1.013064,0.388578,0.810815,0.637743,0.302516,0.164307,-0.673824,0.277791,0.771368,-1.539784,-1.206841,1.230073,-1.120192,0.382914,0.259895,-0.758002,0.211993,0.203400,0.001545,0.496007
33.288030,2.145204,0.372239,-0.464689,1.025460,1.181266,0.416018,0.448208,0.834873,-0.963413,0.350154,0.797064,0.636837,0.300503,0.164220,-0.673441,0.278050,0.770603,-1.539560,-1.206639,1.230078,-1.119692,0.382489,0.259640,-0.760396,0.217086,0.203290,0.003014,0.495978
33.288955,2.149489,0.365598,-0.468290,1.026375,1.178595,0.417866,0.447832,0.803200,-0.914561,0.315054,0.780549,0.636399,0.298488,0.164131,-0.673054,0.278305,0.769835,-1.539344,-1.206442,1.230078,-1.119201,0.382779,0.258297,-0.760477,0.215251,0.201689,0.002122,0.497095
33.290002,2.150080,0.370355,-0.471732,1.028719,1.180318,0.418178,0.447912,0.778005,-0.867355,0.284895,0.761438,0.636568,0.296624,0.164036,-0.672678,0.278569,0.769089,-1.539128,-1.206230,1.230079,-1.118701,0.380796,0.260640,-0.757748,0.215671,0.204534,0.000189,0.497801
33.290944,2.153513,0.371369,-0.473181,1.027199,1.179228,0.417293,0.449072,0.756394,-0.822645,0.257652,0.741638,0.637081,0.294796,0.163952,-0.672293,0.278818,0.768329,-1.538913,-1.206034,1.230075,-1.118199,0.381213,0.257663,-0.756039,0.215488,0.203357,-0.000156,0.497842
33.291939,2.148623,0.375695,-0.473708,1.033097,1.178404,0.419599,0.449492,0.734807,-0.773924,0.229658,0.718625,0.638048,0.292776,0.163858,-0.671911,0.279072,0.767583,-1.538688,-1.205825,1.230076,-1.117704,0.379674,0.256327,-0.754566,0.218251,0.204669,0.000670,0.495511
33.293065,2.149868,0.376650,-0.474148,1.033364,1.181682,0.418274,0.451982,0.709459,-0.715323,0.197221,0.690714,0.639480,0.290407,0.163722,-0.671525,0.279321,0.766826,-1.538483,-1.205614,1.230069,-1.117212,0.382581,0.253477,-0.753907,0.214330,0.205801,-0.001699,0.494826
33.293959,2.151047,0.376468,-0.468053,1.033662,1.177526,0.418330,0.450877,0.676867,-0.646606,0.157771,0.659686,0.641077,0.287632,0.163527,-0.671137,0.279571,0.766065,-1.538260,-1.205419,1.230070,-1.116730,0.382983,0.252647,-0.754370,0.216668,0.203277,-0.000421,0.490262
33.294964,2.159363,0.372318,-0.472131,1.036230,1.178230,0.418315,0.450785,0.609433,-0.495627,0.076094,0.591383,0.645371,0.282191,0.163007,-0.670384,0.280080,0.764565,-1.537824,-1.204995,1.230066,-1.115744,0.378795,0.253165,-0.753888,0.216628,0.207120,-0.000584,0.492777
33.295980,2.158808,0.369744,-0.472697,1.037138,1.178088,0.417408,0.453569,0.609433,-0.495627,0.076094,0.591383,0.645371,0.282191,0.163007,-0.670384,0.280080,0.764565,-1.537824,-1.204995,1.230066,-1.115744,0.378795,0.253165,-0.753888,0.216628,0.207120,-0.000584,0.492777
33.297119,2.160336,0.369995,-0.473899,1.037119,1.173831,0.417145,0.455244,0.587265,-0.428560,0.046187,0.558647,0.648133,0.280321,0.162750,-0.670002,0.280331,0.763811,-1.537602,-1.204781,1.230070,-1.115271,0.379684,0.253797,-0.753417,0.217505,0.207607,0.000239,0.487408
33.298058,2.160960,0.365300,-0.470570,1.038516,1.174925,0.417174,0.455925,0.571742,-0.370673,0.023195,0.528915,0.651009,0.278856,0.162475,-0.669624,0.280585,0.763063,-1.537377,-1.204559,1.230069,-1.114789,0.380153,0.253268,-0.753772,0.220135,0.212457,0.000420,0.484563
33.298936,2.163421,0.368213,-0.470999,1.040400,1.173413,0.417828,0.456188,0.561220,-0.320834,0.005609,0.501808,0.653927,0.277633,0.162183,-0.669244,0.280842,0.762307,-1.537155,-1.204350,1.230066,-1.114314,0.380037,0.254747,-0.754549,0.219956,0.211494,0.000344,0.483305
33.300022,2.166852,0.365945,-0.469653,1.045534,1.174048,0.417832,0.456782,0.555850,-0.279370,-0.006287,0.477925,0.656798,0.276749,0.161904,-0.668871,0.281088,0.761563,-1.536936,-1.204136,1.230065,-1.113834,0.378771,0.252338,-0.753034,0.218965,0.213023,-0.000371,0.482722
33.300964,2.167418,0.365603,-0.478666,1.046273,1.175685,0.417680,0.459462,0.555123,-0.245992,-0.012745,0.458327,0.659444,0.276353,0.161662,-0.668495,0.281343,0.760804,-1.536727,-1.203919,1.230064,-1.113349,0.378065,0.252977,-0.754078,0.216407,0.212839,-0.000439,0.481891
33.301938,2.167532,0.368392,-0.477551,1.046631,1.173356,0.418311,0.460098,0.555915,-0.220032,-0.016243,0.444098,0.661582,0.276306,0.161469,-0.668115,0.281594,0.760058,-1.536507,-1.203707,1.230064,-1.112885,0.377999,0.252327,-0.748763,0.217027,0.211361,-0.000349,0.476622
33.303044,2.159578,0.368892,-0.481490,1.048679,1.171244,0.418958,0.460108,0.551970,-0.195628,-0.022653,0.433401,0.663087,0.276121,0.161323,-0.667738,0.281840,0.759311,-1.536286,-1.203489,1.230062,-1.112408,0.378365,0.250235,-0.748901,0.218195,0.213917,-0.001047,0.475543
33.303945,2.160782,0.367711,-0.485606,1.049032,1.172101,0.416736,0.461480,0.537008,-0.165263,-0.038110,0.423459,0.663937,0.275359,0.161233,-0.667342,0.282088,0.758562,-1.536066,-1.203266,1.230061,-1.111932,0.383239,0.249606,-0.747554,0.218620,0.216494,-0.001764,0.475976
33.305057,2.156859,0.366332,-0.483083,1.051378,1.169716,0.416109,0.463562,0.505917,-0.126651,-0.066992,0.414164,0.663957,0.273673,0.161191,-0.666964,0.282337,0.757830,-1.535844,-1.203049,1.230061,-1.111469,0.382616,0.249308,-0.744545,0.219267,0.215622,0.000423,0.473253
33.305981,2.158587,0.362200,-0.484757,1.053000,1.168402,0.414433,0.462587,0.459743,-0.082661,-0.108088,0.406361,0.663171,0.271081,0.161165,-0.666572,0.282592,0.757077,-1.535626,-1.202825,1.230063,-1.111001,0.385552,0.249538,-0.746501,0.219464,0.218508,0.000942,0.469561
33.306987,2.156512,0.357157,-0.480639,1.056305,1.164416,0.415672,0.463581,0.404987,-0.040124,-0.155342,0.401720,0.661762,0.267979,0.161152,-0.666183,0.282842,0.756331,-1.535406,-1.202604,1.230067,-1.110533,0.384668,0.250773,-0.744732,0.219027,0.219837,0.002541,0.471654
33.308010,2.157319,0.355643,-0.485039,1.058158,1.160331,0.414266,0.463099,0.348325,-0.007736,-0.202333,0.403155,0.659797,0.264813,0.161165,-0.665796,0.283097,0.755589,-1.535191,-1.202371,1.230067,-1.110067,0.386190,0.252586,-0.746687,0.217621,0.223972,0.001203,0.469889
33.309053,2.154159,0.350206,-0.476736,1.059177,1.160337,0.413662,0.463129,0.293466,0.009426,-0.245533,0.412451,0.657306,0.261830,0.161197,-0.665406,0.283352,0.754845,-1.534975,-1.202134,1.230076,-1.109594,0.386283,0.252648,-0.744426,0.217755,0.228171,0.002513,0.471158
33.309951,2.151630,0.348924,-0.478508,1.059335,1.160240,0.413447,0.463110,0.242272,0.011435,-0.283625,0.428512,0.654509,0.259057,0.161238,-0.665012,0.283608,0.754098,-1.534753,-1.201907,1.230080,-1.109129,0.388438,0.254753,-0.748759,0.218736,0.228397,0.003011,0.471432
33.310941,2.147657,0.353647,-0.477612,1.061743,1.158195,0.413554,0.461052,0.196438,0.000554,-0.315705,0.448688,0.651803,0.256441,0.161285,-0.664621,0.283863,0.753353,-1.534535,-1.201680,1.230082,-1.108653,0.389555,0.254400,-0.746695,0.219634,0.228398,0.003143,0.471466
33.312085,2.153202,0.353046,-0.479631,1.063462,1.157468,0.415250,0.460905,0.151862,-0.014673,-0.346263,0.469200,0.649398,0.253667,0.161347,-0.664224,0.284108,0.752601,-1.534317,-1.201446,1.230086,-1.108168,0.391817,0.251386,-0.746762,0.218923,0.230530,0.002945,0.475777
33.312963,2.148060,0.352305,-0.479525,1.062620,1.152898,0.416005,0.460739,0.105714,-0.025383,-0.378820,0.486346,0.647503,0.250616,0.161422,-0.663841,0.284359,0.751859,-1.534092,-1.201208,1.230083,-1.107695,0.390200,0.251362,-0.746812,0.219839,0.231656,0.001167,0.476564
33.313940,2.145242,0.351057,-0.482376,1.063626,1.153560,0.416271,0.461335,0.060145,-0.029485,-0.412062,0.498346,0.646348,0.247423,0.161488,-0.663446,0.284612,0.751112,-1.533869,-1.200966,1.230083,-1.107215,0.392531,0.250750,-0.745540,0.221470,0.235971,0.000365,0.476826
33.315069,2.141887,0.349183,-0.489350,1.065591,1.152584,0.418343,0.461002,0.012507,-0.025888,-0.448296,0.505093,0.645768,0.243849,0.161527,-0.663044,0.284861,0.750364,-1.533644,-1.200731,1.230080,-1.106744,0.394069,0.250660,-0.743639,0.221915,0.235280,0.000050,0.475808
33.316008,2.140320,0.347464,-0.484730,1.065422,1.150684,0.418537,0.460199,-0.042715,-0.014144,-0.491892,0.507933,0.645338,0.239512,0.161541,-0.662647,0.285115,0.749632,-1.533423,-1.200491,1.230075,-1.106260,0.396712,0.251198,-0.741201,0.222567,0.236620,-0.002086,0.476947
33.316920,2.140942,0.340164,-0.482627,1.067403,1.149975,0.419067,0.461578,-0.105526,0.003522,-0.542450,0.508218,0.644860,0.234463,0.161548,-0.662248,0.285364,0.748888,-1.533197,-1.200252,1.230072,-1.105783,0.397457,0.251253,-0.742804,0.223889,0.238420,-0.002313,0.478639
33.318040,2.147189,0.336235,-0.484514,1.068794,1.148373,0.418132,0.462117,-0.167955,0.020384,-0.592654,0.507577,0.644433,0.229312,0.161550,-0.661861,0.285624,0.748154,-1.532975,-1.200010,1.230067,-1.105312,0.397108,0.253937,-0.742973,0.222951,0.238913,-0.002876,0.475879
33.318946,2.144054,0.332951,-0.481368,1.067690,1.148164,0.417929,0.462317,-0.219650,0.027202,-0.633053,0.508386,0.644177,0.224804,0.161552,-0.661468,0.285884,0.747413,-1.532750,-1.199762,1.230066,-1.104832,0.394934,0.255382,-0.742883,0.224036,0.240771,-0.002000,0.475270
33.319996,2.152773,0.334484,-0.481809,1.070262,1.151223,0.416741,0.462902,-0.255336,0.021571,-0.659280,0.510362,0.644226,0.221305,0.161565,-0.661069,0.286139,0.746662,-1.532520,-1.199525,1.230063,-1.104361,0.396345,0.256066,-0.743357,0.225980,0.240791,-0.001848,0.474908
33.321077,2.148017,0.332187,-0.483019,1.073890,1.152870,0.414890,0.462254,-0.273670,0.008239,-0.671047,0.510542,0.644822,0.218943,0.161567,-0.660688,0.286392,0.745929,-1.532293,-1.199292,1.230063,-1.103884,0.392686,0.254697,-0.743476,0.225300,0.237927,-0.000727,0.474046
33.322032,2.147285,0.328606,-0.481158,1.076162,1.155057,0.413350,0.462095,-0.276416,-0.008486,-0.670318,0.507864,0.645959,0.217685,0.161546,-0.660289,0.286647,0.745182,-1.532073,-1.199060,1.230068,-1.103402,0.395826,0.255322,-0.743319,0.223939,0.236606,0.001029,0.475727
33.323072,2.152118,0.324511,-0.486925,1.079530,1.156666,0.413384,0.463836,-0.270288,-0.027891,-0.662390,0.504775,0.647150,0.217111,0.161529,-0.659890,0.286907,0.744444,-1.531850,-1.198828,1.230071,-1.102930,0.396228,0.256227,-0.743715,0.223019,0.234408,0.002479,0.476162
33.324095,2.153547,0.324958,-0.486202,1.077864,1.157633,0.414215,0.461790,-0.259694,-0.051602,-0.650439,0.504009,0.648007,0.216895,0.161542,-0.659504,0.287168,0.743702,-1.531634,-1.198596,1.230072,-1.102457,0.394431,0.257564,-0.740961,0.221753,0.233022,0.002350,0.472953
33.325028,2.158524,0.321451,-0.484966,1.078673,1.159828,0.414826,0.461331,-0.244373,-0.077669,-0.634534,0.504516,0.648703,0.217002,0.161592,-0.659109,0.287423,0.742953,-1.531398,-1.198367,1.230072,-1.101978,0.394180,0.256645,-0.741266,0.224973,0.232253,0.001439,0.477368
33.325913,2.156176,0.313590,-0.482642,1.079340,1.159890,0.417462,0.460292,-0.221724,-0.101154,-0.613363,0.502539,0.649798,0.217554,0.161677,-0.658728,0.287682,0.742218,-1.531173,-1.198140,1.230069,-1.101496,0.391832,0.257489,-0.741195,0.225265,0.230041,0.000788,0.478300
33.327052,2.154382,0.316535,-0.481573,1.079516,1.159192,0.417969,0.459228,-0.189208,-0.123658,-0.584732,0.498317,0.651494,0.218741,0.161801,-0.658335,0.287948,0.741473,-1.530950,-1.197910,1.230060,-1.101006,0.392803,0.260313,-0.741122,0.225465,0.229854,-0.001879,0.480298
33.328055,2.156491,0.317292,-0.484428,1.079438,1.161817,0.416893,0.461269,-0.149684,-0.146691,-0.550730,0.493886,0.653511,0.220465,0.161973,-0.657935,0.288202,0.740725,-1.530716,-1.197679,1.230056,-1.100519,0.394686,0.258404,-0.742616,0.227658,0.231024,-0.002417,0.482896
33.329056,2.160215,0.317149,-0.480951,1.080590,1.160059,0.418477,0.460981,-0.108669,-0.162746,-0.516837,0.486793,0.655774,0.222431,0.162148,-0.657543,0.288458,0.739994,-1.530482,-1.197455,1.230056,-1.100042,0.393995,0.257291,-0.741118,0.229141,0.228562,-0.001397,0.478961
33.330060,2.171382,0.317402,-0.479777,1.079839,1.162675,0.417712,0.459333,-0.067112,-0.166479,-0.484581,0.474493,0.658396,0.224648,0.162274,-0.657153,0.288710,0.739248,-1.530254,-1.197225,1.230052,-1.099567,0.392514,0.256679,-0.742661,0.229522,0.230498,-0.003053,0.479799
33.330950,2.181637,0.313626,-0.478148,1.076622,1.165544,0.416245,0.460598,-0.018055,-0.159996,-0.448167,0.456356,0.661685,0.227643,0.162355,-0.656778,0.288966,0.738510,-1.530017,-1.197002,1.230053,-1.099072,0.387489,0.255824,-0.743129,0.231644,0.228051,-0.002342,0.483269
33.331928,2.179260,0.312859,-0.474198,1.075491,1.166419,0.414719,0.460489,0.049005,-0.146710,-0.398952,0.430704,0.666246,0.232009,0.162402,-0.656402,0.289228,0.737771,-1.529776,-1.196781,1.230055,-1.098591,0.382373,0.256667,-0.742818,0.235335,0.225131,-0.000945,0.480639
33.332981,2.177170,0.309668,-0.469221,1.073104,1.168918,0.414141,0.463039,0.136495,-0.128434,-0.335004,0.396912,0.672250,0.237696,0.162408,-0.656010,0.289480,0.737017,-1.529532,-1.196558,1.230057,-1.098112,0.383881,0.256286,-0.744282,0.237457,0.224424,0.000504,0.481036
33.333988,2.183988,0.304242,-0.471754,1.073239,1.168593,0.414577,0.462585,0.236372,-0.105383,-0.262714,0.356871,0.679177,0.244032,0.162386,-0.655623,0.289740,0.736272,-1.529285,-1.196340,1.230058,-1.097641,0.385619,0.257237,-0.747014,0.241296,0.222289,0.000993,0.476226
33.335002,2.189749,0.310863,-0.473285,1.072331,1.172304,0.413737,0.461048,0.341804,-0.080407,-0.186917,0.313836,0.686427,0.250512,0.162366,-0.655244,0.290000,0.735526,-1.529037,-1.196117,1.230056,-1.097166,0.382731,0.259191,-0.745522,0.242264,0.222854,0.000486,0.477426
33.336089,2.190783,0.307371,-0.470620,1.073473,1.175539,0.414342,0.463232,0.450169,-0.053963,-0.109367,0.269050,0.693734,0.257024,0.162373,-0.654870,0.290247,0.734789,-1.528788,-1.195904,1.230057,-1.096678,0.380509,0.255214,-0.744751,0.244292,0.219439,0.001264,0.480714
33.336972,2.188723,0.312768,-0.472268,1.074368,1.177998,0.414917,0.462638,0.558871,-0.021970,-0.032436,0.221522,0.701086,0.263523,0.162393,-0.654487,0.290507,0.734035,-1.528544,-1.195690,1.230056,-1.096204,0.380933,0.256431,-0.746527,0.244909,0.216710,0.000573,0.476678
33.337934,2.185630,0.311794,-0.467152,1.073621,1.176193,0.415877,0.463875,0.662356,0.017270,0.039469,0.172454,0.708217,0.269777,0.162407,-0.654101,0.290751,0.733289,-1.528301,-1.195483,1.230054,-1.095729,0.381818,0.252811,-0.744410,0.244359,0.214332,-0.000049,0.477884
33.338930,2.189072,0.309517,-0.468466,1.073853,1.175652,0.414970,0.463004,0.752917,0.065535,0.100161,0.123565,0.714716,0.275422,0.162410,-0.653721,0.291004,0.732545,-1.528050,-1.195263,1.230049,-1.095255,0.383686,0.252541,-0.746454,0.245846,0.216323,-0.001052,0.475515
33.340003,2.191066,0.312596,-0.463733,1.075746,1.175677,0.415258,0.462144,0.828952,0.120704,0.148662,0.076345,0.720450,0.280384,0.162408,-0.653339,0.291258,0.731799,-1.527804,-1.195047,1.230052,-1.094776,0.382403,0.252963,-0.745495,0.246674,0.217111,-0.000213,0.477492
33.340998,2.194639,0.307997,-0.464047,1.074537,1.176173,0.413708,0.464639,0.895282,0.177029,0.189506,0.032366,0.725535,0.284968,0.162408,-0.652956,0.291502,0.731054,-1.527556,-1.194832,1.230052,-1.094301,0.382263,0.250977,-0.748304,0.246350,0.217542,-0.000588,0.479582
33.342104,2.196710,0.307083,-0.459556,1.079457,1.179737,0.412126,0.465265,0.957257,0.230707,0.227370,-0.007973,0.730194,0.289503,0.162385,-0.652583,0.291758,0.730305,-1.527305,-1.194613,1.230056,-1.093829,0.381043,0.252556,-0.747794,0.248527,0.217275,0.000886,0.474741
33.342963,2.194227,0.300106,-0.458671,1.077658,1.177502,0.411487,0.464246,1.018627,0.276017,0.265942,-0.042855,0.734457,0.294150,0.162326,-0.652204,0.292010,0.729547,-1.527062,-1.194410,1.230061,-1.093363,0.381074,0.252557,-0.750612,0.245487,0.214338,0.002363,0.474004
33.343984,2.195315,0.301963,-0.458407,1.077611,1.179857,0.411789,0.466292,1.079284,0.306842,0.305987,-0.068953,0.738015,0.298815,0.162271,-0.651823,0.292271,0.728803,-1.526809,-1.194190,1.230064,-1.092879,0.382106,0.254946,-0.749566,0.247262,0.216515,0.002913,0.475951
33.344979,2.195689,0.300801,-0.460933,1.075557,1.183955,0.411801,0.466032,1.135270,0.324336,0.344174,-0.086352,0.740629,0.303114,0.162242,-0.651438,0.292520,0.728052,-1.526561,-1.193980,1.230066,-1.092415,0.382113,0.253364,-0.749591,0.248523,0.214500,0.002520,0.472105
33.345922,2.200990,0.297184,-0.460576,1.074358,1.185496,0.411196,0.467305,1.182935,0.336878,0.376368,-0.099604,0.742450,0.306676,0.162207,-0.651051,0.292769,0.727297,-1.526302,-1.193779,1.230069,-1.091945,0.382335,0.253290,-0.747918,0.251332,0.210793,0.002423,0.472897
33.347004,2.201392,0.299049,-0.462259,1.076081,1.188178,0.412505,0.466633,1.222756,0.349481,0.402190,-0.112493,0.743777,0.309413,0.162163,-0.650678,0.293025,0.726553,-1.526044,-1.193574,1.230072,-1.091474,0.379965,0.254242,-0.747393,0.252944,0.209519,0.002950,0.470431
33.347991,2.200978,0.298016,-0.456415,1.076601,1.192252,0.413551,0.466802,1.257204,0.361785,0.423673,-0.125716,0.744754,0.311466,0.162128,-0.650293,0.293275,0.725798,-1.525792,-1.193369,1.230069,-1.090997,0.380667,0.252807,-0.746922,0.252751,0.207409,0.001564,0.472196
33.348958,2.197993,0.294524,-0.459442,1.076065,1.196689,0.413951,0.468171,1.287144,0.373540,0.441695,-0.138689,0.745376,0.313038,0.162095,-0.649911,0.293529,0.725051,-1.525537,-1.193172,1.230067,-1.090529,0.381283,0.252592,-0.749496,0.253018,0.203747,0.000466,0.472055
33.349992,2.198156,0.294288,-0.459187,1.074833,1.196822,0.414058,0.467652,1.311522,0.383922,0.455713,-0.150298,0.745550,0.314161,0.162050,-0.649522,0.293784,0.724306,-1.525283,-1.192982,1.230066,-1.090062,0.383028,0.253541,-0.747421,0.254243,0.199754,0.000010,0.469472
33.350923,2.194160,0.290217,-0.461075,1.075223,1.198080,0.415289,0.465381,1.327220,0.393255,0.463282,-0.160158,0.745171,0.314608,0.161987,-0.649135,0.294035,0.723551,-1.525021,-1.192782,1.230064,-1.089593,0.383534,0.253052,-0.747520,0.256458,0.200185,-0.000151,0.470859
33.351931,2.187932,0.288449,-0.455477,1.074354,1.197686,0.414381,0.464848,1.331208,0.402542,0.461850,-0.168122,0.744162,0.314207,0.161928,-0.648748,0.294291,0.722816,-1.524763,-1.192586,1.230057,-1.089106,0.385625,0.254202,-0.745847,0.256366,0.199212,-0.001420,0.475455
33.353022,2.188009,0.286102,-0.450990,1.074700,1.200316,0.413092,0.464378,1.321604,0.410416,0.450117,-0.172703,0.742378,0.312925,0.161895,-0.648350,0.294544,0.722061,-1.524504,-1.192388,1.230061,-1.088622,0.389095,0.254386,-0.748404,0.258108,0.200098,-0.000584,0.476685
33.354006,2.193472,0.282260,-0.456804,1.074906,1.205094,0.411498,0.464296,1.301341,0.414570,0.430767,-0.173348,0.739996,0.311001,0.161878,-0.647957,0.294803,0.721314,-1.524240,-1.192193,1.230064,-1.088146,0.389841,0.255006,-0.751201,0.259074,0.198139,0.000615,0.478030
33.354904,2.194176,0.275584,-0.453461,1.078405,1.206536,0.411297,0.462673,1.277601,0.412564,0.409884,-0.170724,0.737498,0.308877,0.161869,-0.647578,0.295064,0.720572,-1.523982,-1.192002,1.230069,-1.087663,0.387517,0.256090,-0.747889,0.259555,0.193824,0.002113,0.478330
33.356026,2.189519,0.271483,-0.464430,1.079194,1.208046,0.412270,0.461831,1.254980,0.399684,0.391831,-0.163036,0.734987,0.306849,0.161896,-0.647191,0.295327,0.719820,-1.523731,-1.191813,1.230071,-1.087181,0.387095,0.258380,-0.748403,0.256291,0.192706,0.002223,0.481581
33.356939,2.182137,0.267518,-0.461298,1.076773,1.209524,0.413416,0.460471,1.230150,0.372296,0.374543,-0.146607,0.731990,0.304729,0.161984,-0.646792,0.295593,0.719088,-1.523471,-1.191621,1.230071,-1.086691,0.390366,0.259851,-0.743848,0.257160,0.192003,0.001165,0.483662
33.357920,2.185661,0.262761,-0.462157,1.079864,1.209801,0.413449,0.460377,1.193466,0.335250,0.349740,-0.121632,0.728068,0.301836,0.162127,-0.646394,0.295858,0.718339,-1.523209,-1.191431,1.230069,-1.086198,0.393913,0.260782,-0.744433,0.259705,0.190843,-0.000037,0.486350
33.358973,2.187401,0.257937,-0.464858,1.084329,1.210876,0.414005,0.460133,1.143422,0.292969,0.315637,-0.090466,0.723323,0.298042,0.162309,-0.646003,0.296122,0.717588,-1.522956,-1.191240,1.230070,-1.085713,0.392386,0.262277,-0.743519,0.257392,0.191051,-0.000132,0.486652
33.359976,2.191524,0.258709,-0.462622,1.085986,1.211782,0.414208,0.459533,1.087355,0.241288,0.278718,-0.051997,0.717903,0.293960,0.162530,-0.645614,0.296390,0.716852,-1.522709,-1.191048,1.230068,-1.085219,0.392205,0.263935,-0.742514,0.254368,0.190614,-0.000757,0.487396
33.360921,2.186739,0.257565,-0.464464,1.089559,1.212834,0.414050,0.458639,1.032158,0.177876,0.244851,-0.005746,0.712010,0.290193,0.162765,-0.645225,0.296647,0.716103,-1.522451,-1.190860,1.230067,-1.084732,0.390547,0.262775,-0.743394,0.253565,0.190268,-0.001022,0.488773
33.361938,2.179655,0.259255,-0.462458,1.089674,1.214186,0.415123,0.458812,0.979710,0.107854,0.214860,0.045619,0.705938,0.286955,0.162951,-0.644829,0.296912,0.715373,-1.522205,-1.190674,1.230066,-1.084234,0.393021,0.262385,-0.741923,0.250681,0.189653,-0.000917,0.490572
33.362918,2.180799,0.255730,-0.467799,1.092482,1.211690,0.415327,0.457920,0.923897,0.039769,0.182790,0.099246,0.699658,0.283876,0.163039,-0.644421,0.297171,0.714627,-1.521952,-1.190488,1.230062,-1.083738,0.396837,0.260784,-0.742861,0.251681,0.188911,-0.002049,0.490373
33.363989,2.183892,0.254237,-0.468580,1.095221,1.213999,0.413637,0.457728,0.859003,-0.020323,0.143320,0.152964,0.693075,0.280562,0.163027,-0.644021,0.297436,0.713887,-1.521710,-1.190292,1.230059,-1.083242,0.396397,0.261683,-0.739814,0.249903,0.191865,-0.002299,0.492271
33.364963,2.188320,0.252036,-0.469134,1.096415,1.213809,0.413339,0.458814,0.787400,-0.073842,0.098480,0.206459,0.686257,0.277139,0.162942,-0.643628,0.297698,0.713156,-1.521462,-1.190107,1.230063,-1.082743,0.395565,0.261772,-0.740006,0.248713,0.190261,-0.000684,0.492910
33.365952,2.191329,0.247276,-0.470908,1.099529,1.215538,0.413223,0.457108,0.717195,-0.124898,0.055114,0.259323,0.679565,0.274068,0.162794,-0.643234,0.297958,0.712415,-1.521219,-1.189919,1.230063,-1.082250,0.393551,0.262031,-0.739318,0.248519,0.190962,-0.000468,0.490799
33.366968,2.186304,0.244729,-0.473369,1.101175,1.215329,0.412819,0.455678,0.655636,-0.176851,0.019239,0.310984,0.673417,0.271724,0.162583,-0.642846,0.298228,0.711690,-1.520976,-1.189727,1.230063,-1.081750,0.392415,0.263483,-0.738334,0.246488,0.189702,-0.000426,0.494361
33.367976,2.179067,0.240377,-0.474133,1.105581,1.214629,0.413980,0.456060,0.601845,-0.231737,-0.009681,0.362574,0.667765,0.269958,0.162349,-0.642441,0.298496,0.710948,-1.520732,-1.189536,1.230066,-1.081244,0.395252,0.263908,-0.737053,0.246141,0.190493,-0.000109,0.497341
33.368982,2.181131,0.242379,-0.475660,1.110201,1.214936,0.413455,0.458135,0.546908,-0.288887,-0.038773,0.416130,0.662108,0.268161,0.162136,-0.642029,0.298761,0.710206,-1.520494,-1.189344,1.230062,-1.080752,0.399052,0.265264,-0.736556,0.243042,0.191726,-0.001330,0.496704
33.369996,2.178874,0.234935,-0.473816,1.109760,1.215961,0.412703,0.456628,0.484785,-0.347052,-0.072882,0.473081,0.656059,0.266037,0.161940,-0.641633,0.299024,0.709477,-1.520261,-1.189152,1.230063,-1.080265,0.398328,0.263420,-0.735798,0.239889,0.191930,-0.000863,0.492700
33.370981,2.180365,0.231665,-0.470144,1.111896,1.214480,0.412983,0.457839,0.418875,-0.405400,-0.109469,0.531902,0.649892,0.263807,0.161748,-0.641228,0.299294,0.708735,-1.520018,-1.188963,1.230064,-1.079758,0.399752,0.266316,-0.736665,0.241644,0.191474,-0.000189,0.495901
33.372014,2.178629,0.227305,-0.482641,1.117367,1.213756,0.412118,0.457472,0.357278,-0.465685,-0.142106,0.590155,0.644187,0.261815,0.161573,-0.640825,0.299564,0.708001,-1.519780,-1.188766,1.230063,-1.079270,0.399146,0.266982,-0.738279,0.240682,0.193406,-0.000537,0.493555
33.372918,2.172623,0.221173,-0.476262,1.119007,1.213424,0.411675,0.458911,0.301175,-0.529603,-0.169777,0.648060,0.638916,0.260068,0.161427,-0.640422,0.299837,0.707281,-1.519553,-1.188567,1.230064,-1.078776,0.400439,0.268302,-0.732312,0.236983,0.194643,0.000262,0.494533
33.374035,2.170318,0.218005,-0.483919,1.121689,1.214930,0.412139,0.459586,0.243745,-0.597089,-0.197970,0.707777,0.633500,0.258151,0.161313,-0.640008,0.300109,0.706538,-1.519319,-1.188374,1.230064,-1.078293,0.403076,0.270214,-0.734541,0.236089,0.195238,0.000638,0.491598
33.374952,2.168662,0.215119,-0.482785,1.126305,1.213184,0.411778,0.457390,0.181485,-0.667174,-0.229754,0.769494,0.627732,0.255800,0.161255,-0.639600,0.300383,0.705816,-1.519084,-1.188181,1.230063,-1.077800,0.404990,0.271104,-0.731727,0.235601,0.194503,0.000092,0.490657
33.375925,2.164483,0.211758,-0.484602,1.129826,1.213759,0.410713,0.457231,0.114219,-0.737129,-0.265776,0.831677,0.621678,0.253027,0.161280,-0.639192,0.300658,0.705085,-1.518860,-1.187980,1.230064,-1.077295,0.405553,0.271382,-0.731526,0.232009,0.196497,0.000392,0.495022
33.376986,2.167536,0.208230,-0.484827,1.131584,1.214745,0.410377,0.458750,0.042249,-0.805450,-0.306068,0.893897,0.615285,0.249949,0.161385,-0.638775,0.300929,0.704349,-1.518636,-1.187783,1.230067,-1.076800,0.407597,0.272091,-0.730265,0.229934,0.196290,0.001372,0.495378
33.377923,2.161833,0.207634,-0.487987,1.130683,1.213037,0.409984,0.457181,-0.031008,-0.871575,-0.348162,0.954847,0.608744,0.246771,0.161515,-0.638370,0.301204,0.703612,-1.518407,-1.187586,1.230070,-1.076312,0.406556,0.273031,-0.730566,0.230140,0.195915,0.001613,0.492602
33.378953,2.162444,0.202695,-0.491173,1.136165,1.214584,0.409645,0.459345,-0.102196,-0.931102,-0.390266,1.010377,0.602526,0.243547,0.161632,-0.637951,0.301474,0.702892,-1.518172,-1.187381,1.230071,-1.075814,0.409169,0.272252,-0.728469,0.231984,0.197870,0.001931,0.495790
33.380062,2.157099,0.199925,-0.486540,1.136200,1.217513,0.411350,0.457836,-0.172560,-0.980031,-0.434083,1.058330,0.596736,0.240095,0.161747,-0.637545,0.301751,0.702174,-1.517949,-1.187183,1.230073,-1.075330,0.409198,0.273830,-0.727258,0.228325,0.196819,0.002190,0.491635
33.380996,2.156088,0.199114,-0.488483,1.137222,1.216110,0.412436,0.459315,-0.241289,-1.020870,-0.478664,1.100171,0.591301,0.236466,0.161890,-0.637124,0.302031,0.701438,-1.517717,-1.186991,1.230071,-1.074823,0.412469,0.274434,-0.730434,0.230542,0.194658,0.000395,0.495043
33.381962,2.158126,0.198173,-0.485623,1.139131,1.217812,0.412688,0.458622,-0.304946,-1.054093,-0.521237,1.135258,0.586480,0.232888,0.162063,-0.636705,0.302300,0.700709,-1.517486,-1.186793,1.230074,-1.074339,0.412647,0.273769,-0.728808,0.230494,0.196392,-0.000764,0.492062
33.382997,2.162425,0.191874,-0.491589,1.140830,1.216910,0.412108,0.458672,-0.360870,-1.077039,-0.560075,1.161721,0.582555,0.229583,0.162259,-0.636294,0.302572,0.699984,-1.517256,-1.186597,1.230072,-1.073840,0.411590,0.273238,-0.729969,0.229837,0.195047,-0.001067,0.493537
33.384023,2.167220,0.193921,-0.492310,1.140946,1.218196,0.412825,0.460369,-0.404994,-1.092254,-0.591651,1.180338,0.579611,0.226843,0.162488,-0.635885,0.302850,0.699259,-1.517030,-1.186405,1.230073,-1.073343,0.409772,0.275493,-0.727267,0.229969,0.196574,-0.000556,0.493629
33.384929,2.170903,0.188862,-0.495988,1.141096,1.219861,0.413818,0.461420,-0.434298,-1.102104,-0.613329,1.191642,0.577712,0.224816,0.162729,-0.635482,0.303121,0.698540,-1.516794,-1.186209,1.230071,-1.072862,0.407743,0.273568,-0.727245,0.231396,0.195797,-0.001344,0.490448
33.386047,2.169614,0.186957,-0.502985,1.142773,1.220572,0.414073,0.461231,-0.447599,-1.104691,-0.624496,1.194314,0.577011,0.223567,0.162907,-0.635075,0.303400,0.697816,-1.516564,-1.186014,1.230065,-1.072379,0.405609,0.274890,-0.724577,0.232073,0.194377,-0.002367,0.488340
33.386999,2.171824,0.186336,-0.500189,1.141161,1.218829,0.413944,0.462107,-0.448768,-1.099535,-0.628278,1.189306,0.577266,0.222878,0.162986,-0.634661,0.303671,0.697094,-1.516331,-1.185818,1.230062,-1.071892,0.406990,0.275191,-0.722156,0.232636,0.194434,-0.002672,0.489163
33.387982,2.176161,0.187353,-0.502350,1.143062,1.218292,0.413561,0.462595,-0.443465,-1.086319,-0.629085,1.178135,0.578107,0.222424,0.162980,-0.634261,0.303945,0.696374,-1.516087,-1.185618,1.230060,-1.071408,0.405890,0.274417,-0.723243,0.235092,0.196513,-0.002594,0.487466
33.388994,2.176947,0.188848,-0.498672,1.145031,1.218947,0.413044,0.464097,-0.430938,-1.063524,-0.626398,1.160142,0.579597,0.222341,0.162887,-0.633857,0.304218,0.695655,-1.515856,-1.185423,1.230059,-1.070923,0.403852,0.272927,-0.722074,0.234513,0.197484,-0.002272,0.486637
33.390001,2.179778,0.188949,-0.499581,1.148069,1.218342,0.411920,0.462648,-0.408741,-1.031463,-0.618077,1.135673,0.581767,0.222939,0.162719,-0.633448,0.304482,0.694924,-1.515621,-1.185225,1.230060,-1.070450,0.403706,0.271368,-0.723988,0.233979,0.197301,-0.001828,0.483865
33.391057,2.180906,0.191050,-0.502005,1.147766,1.218224,0.412131,0.461937,-0.337894,-0.947447,-0.584874,1.074947,0.587259,0.226410,0.162344,-0.632646,0.305016,0.693487,-1.515156,-1.184821,1.230060,-1.069467,0.402564,0.268665,-0.723019,0.234563,0.199004,-0.001066,0.488661
33.392048,2.179162,0.191313,-0.502845,1.149559,1.218817,0.411708,0.461526,-0.337894,-0.947447,-0.584874,1.074947,0.587259,0.226410,0.162344,-0.632646,0.305016,0.693487,-1.515156,-1.184821,1.230060,-1.069467,0.402564,0.268665,-0.723019,0.234563,0.199004,-0.001066,0.488661
33.393034,2.181577,0.196150,-0.499192,1.149792,1.222256,0.411007,0.461488,-0.296735,-0.894360,-0.565886,1.039671,0.590133,0.228752,0.162188,-0.632244,0.305282,0.692770,-1.514920,-1.184620,1.230060,-1.068977,0.403642,0.267670,-0.722632,0.234029,0.198803,-0.000712,0.489610
33.393931,2.186280,0.194061,-0.496828,1.150099,1.220248,0.410317,0.461387,-0.256009,-0.831659,-0.548864,1.000431,0.592986,0.231171,0.162037,-0.631840,0.305544,0.692041,-1.514685,-1.184432,1.230061,-1.068483,0.402569,0.264386,-0.724327,0.235104,0.195849,-0.000080,0.489789
33.394990,2.194684,0.192442,-0.493646,1.151520,1.222376,0.410737,0.461069,-0.155096,-0.688468,-0.502762,0.909083,0.599860,0.237428,0.161702,-0.631053,0.306068,0.690580,-1.514216,-1.184030,1.230061,-1.067503,0.396468,0.264539,-0.726597,0.235798,0.196480,0.000042,0.490852
33.395947,2.195051,0.193775,-0.493407,1.155801,1.222259,0.410086,0.459843,-0.155096,-0.688468,-0.502762,0.909083,0.599860,0.237428,0.161702,-0.631053,0.306068,0.690580,-1.514216,-1.184030,1.230061,-1.067503,0.396468,0.264539,-0.726597,0.235798,0.196480,0.000042,0.490852
33.397038,2.201770,0.196502,-0.491581,1.156053,1.218993,0.410158,0.460754,-0.083038,-0.623150,-0.462185,0.861700,0.604186,0.242001,0.161507,-0.630654,0.306327,0.689849,-1.513986,-1.183838,1.230064,-1.067008,0.396388,0.262986,-0.726272,0.232686,0.197025,0.000622,0.493368
33.398057,2.201297,0.192250,-0.491542,1.156921,1.222193,0.409558,0.459717,0.000820,-0.565061,-0.411337,0.815892,0.608914,0.247446,0.161294,-0.630267,0.306584,0.689124,-1.513747,-1.183627,1.230064,-1.066520,0.393889,0.261076,-0.727999,0.234390,0.200868,0.000467,0.491857
33.398971,2.202678,0.192113,-0.485517,1.156338,1.221031,0.409662,0.460953,0.092668,-0.512422,-0.353408,0.771106,0.614068,0.253442,0.161069,-0.629868,0.306850,0.688395,-1.513513,-1.183432,1.230066,-1.066018,0.394542,0.262415,-0.728129,0.235040,0.198123,0.000988,0.494118
33.399970,2.199889,0.194197,-0.477584,1.156933,1.219132,0.409849,0.460911,0.189607,-0.466033,-0.290556,0.727374,0.619676,0.259642,0.160846,-0.629472,0.307108,0.687653,-1.513273,-1.183231,1.230067,-1.065534,0.393715,0.261506,-0.730212,0.236277,0.199541,0.000809,0.491596
33.401021,2.211851,0.197140,-0.477302,1.156461,1.218509,0.409176,0.459432,0.289291,-0.424849,-0.224614,0.684172,0.625791,0.265853,0.160613,-0.629078,0.307362,0.686918,-1.513036,-1.183024,1.230067,-1.065042,0.395475,0.259727,-0.734081,0.236975,0.201804,0.000547,0.491852
33.402009,2.215614,0.199048,-0.473794,1.158535,1.215918,0.408902,0.459291,0.393093,-0.384834,-0.154839,0.638745,0.632763,0.272185,0.160357,-0.628695,0.307615,0.686179,-1.512795,-1.182821,1.230067,-1.064533,0.390159,0.257679,-0.734480,0.239052,0.202948,0.001160,0.495028
33.402983,2.218149,0.197099,-0.475611,1.160829,1.213436,0.410641,0.460626,0.504657,-0.343486,-0.078590,0.588766,0.640946,0.278889,0.160078,-0.628308,0.307867,0.685449,-1.512557,-1.182607,1.230068,-1.064040,0.388679,0.256008,-0.736088,0.238159,0.205815,0.001351,0.495402
33.404090,2.205601,0.196865,-0.471380,1.161118,1.215325,0.410006,0.460076,0.621784,-0.302699,0.002729,0.536389,0.650014,0.285906,0.159756,-0.627925,0.308125,0.684710,-1.512322,-1.182393,1.230065,-1.063550,0.387765,0.256172,-0.734774,0.237054,0.208523,-0.000457,0.492800
33.405080,2.213575,0.193999,-0.472293,1.163022,1.213535,0.411501,0.459000,0.732736,-0.264487,0.080263,0.486034,0.659044,0.292522,0.159388,-0.627516,0.308379,0.683962,-1.512081,-1.182187,1.230067,-1.063057,0.394829,0.255815,-0.737594,0.238777,0.207227,0.000114,0.494311
33.405954,2.218113,0.195518,-0.464782,1.161385,1.211642,0.410971,0.457314,0.828498,-0.229538,0.147120,0.440098,0.667432,0.298116,0.159022,-0.627136,0.308637,0.683218,-1.511842,-1.181973,1.230063,-1.062554,0.391196,0.256482,-0.736791,0.238050,0.209322,-0.001446,0.496553
33.407019,2.224201,0.186716,-0.457124,1.163373,1.211916,0.410351,0.456829,0.914787,-0.199486,0.207999,0.397915,0.675432,0.303066,0.158702,-0.626752,0.308891,0.682477,-1.511598,-1.181758,1.230064,-1.062039,0.388764,0.254689,-0.739309,0.239985,0.211188,-0.000963,0.499724
33.408037,2.225653,0.185321,-0.459677,1.162510,1.208820,0.410451,0.457793,1.005119,-0.179324,0.274075,0.358677,0.683619,0.308235,0.158436,-0.626367,0.309153,0.681723,-1.511359,-1.181549,1.230065,-1.061537,0.386504,0.258477,-0.743374,0.239695,0.211393,-0.000425,0.500917
33.408983,2.220686,0.176410,-0.449770,1.164023,1.208594,0.410439,0.457776,1.105154,-0.175358,0.350544,0.324196,0.692001,0.313913,0.158200,-0.625989,0.309412,0.680989,-1.511112,-1.181329,1.230066,-1.061039,0.386419,0.258410,-0.742104,0.241781,0.214794,-0.000608,0.499124
33.410119,2.216583,0.177138,-0.451082,1.167853,1.210248,0.410840,0.455927,1.209098,-0.189219,0.433037,0.296915,0.700015,0.319679,0.157984,-0.625595,0.309678,0.680231,-1.510870,-1.181115,1.230068,-1.060535,0.389003,0.261913,-0.746254,0.241065,0.215148,-0.000671,0.499161
33.410982,2.216238,0.176342,-0.449041,1.168005,1.208305,0.410451,0.458428,1.307429,-0.220249,0.514077,0.279575,0.706935,0.324989,0.157819,-0.625201,0.309935,0.679492,-1.510631,-1.180902,1.230065,-1.060028,0.392095,0.261069,-0.746595,0.239459,0.214113,-0.001138,0.503276
33.412015,2.215093,0.170978,-0.447300,1.168019,1.208084,0.409905,0.459184,1.391556,-0.262289,0.586227,0.271986,0.712330,0.329440,0.157699,-0.624807,0.310194,0.678745,-1.510393,-1.180681,1.230064,-1.059535,0.391881,0.260368,-0.746150,0.239646,0.215976,-0.000797,0.498033
33.413007,2.212294,0.174972,-0.439939,1.169000,1.208673,0.410580,0.459236,1.458539,-0.308107,0.646154,0.271220,0.716269,0.332876,0.157593,-0.624409,0.310458,0.677990,-1.510143,-1.180463,1.230065,-1.059047,0.392927,0.262323,-0.746970,0.240906,0.216515,-0.000329,0.496791
33.413925,2.207844,0.170674,-0.443443,1.170330,1.205660,0.409990,0.459960,1.511066,-0.354190,0.695346,0.274601,0.719119,0.335451,0.157525,-0.624015,0.310712,0.677242,-1.509904,-1.180248,1.230064,-1.058539,0.394638,0.259549,-0.750343,0.241119,0.216176,-0.001076,0.496768
33.414969,2.200965,0.171574,-0.442260,1.169407,1.205684,0.410159,0.460155,1.548411,-0.396126,0.732594,0.280408,0.721023,0.337187,0.157534,-0.623610,0.310972,0.676495,-1.509662,-1.180024,1.230064,-1.058056,0.396659,0.260754,-0.747562,0.240411,0.219215,-0.000542,0.495317
33.415997,2.202054,0.169340,-0.447470,1.170642,1.205243,0.409801,0.461395,1.564350,-0.430271,0.752493,0.288584,0.721733,0.337704,0.157631,-0.623205,0.311230,0.675753,-1.509414,-1.179801,1.230064,-1.057564,0.400555,0.259625,-0.748383,0.242719,0.219473,-0.000786,0.495178
33.417013,2.200785,0.169004,-0.451005,1.171112,1.203303,0.408562,0.461852,1.555663,-0.453835,0.752075,0.298258,0.721224,0.336752,0.157801,-0.622800,0.311493,0.675005,-1.509172,-1.179579,1.230064,-1.057071,0.400316,0.259991,-0.745720,0.242863,0.220194,-0.000499,0.492880
33.418056,2.205186,0.162428,-0.446481,1.172489,1.204952,0.408063,0.461471,1.524529,-0.466201,0.732871,0.308448,0.719691,0.334447,0.158027,-0.622391,0.311753,0.674259,-1.508927,-1.179352,1.230069,-1.056584,0.401215,0.259403,-0.743865,0.243638,0.222348,0.000648,0.492186
33.419051,2.208778,0.157646,-0.446172,1.170729,1.204594,0.408210,0.463008,1.479129,-0.472637,0.701842,0.319823,0.717444,0.331289,0.158309,-0.621994,0.312023,0.673511,-1.508681,-1.179134,1.230069,-1.056087,0.399516,0.261912,-0.746265,0.243669,0.221019,0.001066,0.493182
33.419957,2.210789,0.154763,-0.444540,1.169472,1.202623,0.408722,0.462483,1.433848,-0.482277,0.671257,0.333101,0.715099,0.328121,0.158633,-0.621596,0.312291,0.672765,-1.508432,-1.178914,1.230069,-1.055599,0.397985,0.263397,-0.746120,0.246463,0.221615,0.000843,0.490221
33.421044,2.199487,0.153243,-0.445430,1.169596,1.203728,0.408771,0.462186,1.398089,-0.498336,0.648684,0.346880,0.713217,0.325451,0.158961,-0.621194,0.312555,0.672026,-1.508180,-1.178682,1.230069,-1.055108,0.396755,0.263771,-0.745957,0.247999,0.223480,0.000265,0.491264
33.422030,2.194973,0.155517,-0.449289,1.169716,1.203011,0.409471,0.462020,1.367386,-0.516099,0.629903,0.359384,0.711740,0.322973,0.159291,-0.620779,0.312822,0.671278,-1.507930,-1.178460,1.230071,-1.054610,0.403015,0.263862,-0.745999,0.249481,0.222770,0.000136,0.492164
33.422942,2.191088,0.156663,-0.450450,1.174389,1.203021,0.409187,0.462446,1.327619,-0.527005,0.602828,0.369631,0.710077,0.319850,0.159642,-0.620364,0.313081,0.670536,-1.507678,-1.178236,1.230070,-1.054121,0.405256,0.261896,-0.743736,0.250217,0.223663,-0.000637,0.492623
33.424109,2.196713,0.156557,-0.453413,1.174355,1.203829,0.407293,0.462770,1.268787,-0.524598,0.558989,0.377501,0.707697,0.315638,0.159997,-0.619956,0.313342,0.669803,-1.507436,-1.178011,1.230070,-1.053631,0.406916,0.260329,-0.742314,0.246096,0.223613,-0.000402,0.491722
33.425041,2.189654,0.155920,-0.453834,1.174065,1.204482,0.407566,0.462371,1.193697,-0.509518,0.500772,0.383440,0.704594,0.310662,0.160324,-0.619548,0.313605,0.669062,-1.507187,-1.177790,1.230073,-1.053141,0.405097,0.259960,-0.742110,0.248376,0.223430,0.001403,0.491592
33.426105,2.191091,0.152859,-0.465639,1.176868,1.204751,0.407273,0.463185,1.109930,-0.483451,0.434247,0.385919,0.701220,0.305286,0.160600,-0.619128,0.313861,0.668317,-1.506938,-1.177567,1.230072,-1.052651,0.408368,0.259373,-0.741079,0.249229,0.222809,0.001055,0.492411
33.426981,2.182451,0.145116,-0.468838,1.175608,1.204717,0.409135,0.463315,1.017505,-0.447410,0.359460,0.384902,0.697596,0.299362,0.160821,-0.618719,0.314125,0.667598,-1.506695,-1.177341,1.230071,-1.052158,0.408096,0.260238,-0.735774,0.248024,0.222870,0.001280,0.491041
33.428024,2.178796,0.144501,-0.465950,1.179082,1.206807,0.407966,0.463153,0.911863,-0.406075,0.273364,0.383928,0.693247,0.292538,0.161006,-0.618296,0.314392,0.666866,-1.506443,-1.177122,1.230068,-1.051673,0.411826,0.262961,-0.733036,0.249395,0.222841,-0.000645,0.490704
33.429034,2.183819,0.143988,-0.468567,1.177875,1.208170,0.408625,0.462259,0.793335,-0.365375,0.176964,0.386054,0.687987,0.284829,0.161184,-0.617878,0.314655,0.666135,-1.506197,-1.176903,1.230070,-1.051181,0.413907,0.262514,-0.734843,0.247299,0.221081,0.000471,0.491277
33.430023,2.186212,0.145974,-0.469308,1.182363,1.208374,0.408175,0.460159,0.671001,-0.326827,0.077657,0.389994,0.682417,0.276866,0.161387,-0.617467,0.314919,0.665401,-1.505945,-1.176684,1.230071,-1.050685,0.411540,0.261957,-0.733485,0.249575,0.219990,-0.000281,0.493230
33.430941,2.187535,0.144139,-0.468106,1.181371,1.210189,0.406504,0.459824,0.556410,-0.288143,-0.015744,0.392028,0.677423,0.269454,0.161617,-0.617052,0.315174,0.664665,-1.505704,-1.176467,1.230070,-1.050185,0.410398,0.260201,-0.732913,0.246178,0.220030,0.000116,0.497545
33.431932,2.183738,0.139810,-0.474838,1.180194,1.209856,0.408135,0.460542,0.455975,-0.248193,-0.098349,0.390545,0.673472,0.263033,0.161832,-0.616643,0.315435,0.663942,-1.505452,-1.176252,1.230074,-1.049677,0.409487,0.260145,-0.732837,0.247620,0.218287,0.001711,0.498090
33.433037,2.180106,0.138814,-0.476420,1.180070,1.208728,0.409173,0.460158,0.368961,-0.206701,-0.170837,0.385336,0.670623,0.257437,0.161973,-0.616226,0.315695,0.663217,-1.505198,-1.176033,1.230071,-1.049178,0.411430,0.261515,-0.729374,0.249650,0.218861,-0.000006,0.496738
33.433933,2.175123,0.138813,-0.483676,1.181861,1.207785,0.410064,0.459290,0.288562,-0.162445,-0.238763,0.376771,0.668565,0.252105,0.162026,-0.615810,0.315955,0.662496,-1.504943,-1.175811,1.230066,-1.048685,0.413865,0.261455,-0.729582,0.251386,0.220457,-0.001088,0.497893
33.434931,2.173667,0.136999,-0.486082,1.181431,1.207275,0.410139,0.459587,0.206659,-0.113315,-0.308681,0.366070,0.666749,0.246592,0.162018,-0.615388,0.316216,0.661775,-1.504694,-1.175588,1.230063,-1.048184,0.415832,0.260399,-0.725063,0.249862,0.221345,-0.002020,0.499524
33.435999,2.178299,0.135664,-0.493078,1.183881,1.206555,0.409179,0.459193,0.117976,-0.057804,-0.384800,0.354513,0.664684,0.240697,0.161994,-0.614965,0.316474,0.661049,-1.504441,-1.175368,1.230061,-1.047682,0.416535,0.260559,-0.723880,0.251253,0.222084,-0.002141,0.499014
33.437021,2.182657,0.135743,-0.491679,1.184090,1.209659,0.407951,0.458337,0.025192,0.001813,-0.464722,0.343009,0.662273,0.234640,0.162011,-0.614557,0.316733,0.660336,-1.504189,-1.175142,1.230060,-1.047184,0.414714,0.260600,-0.721107,0.250220,0.223139,-0.001244,0.500082
33.438031,2.185916,0.137926,-0.496189,1.183154,1.210427,0.408846,0.458733,-0.061788,0.061367,-0.540237,0.331480,0.659852,0.229053,0.162119,-0.614145,0.316993,0.659613,-1.503939,-1.174928,1.230061,-1.046673,0.412770,0.259817,-0.722064,0.251178,0.220336,-0.000089,0.501922
33.438983,2.185105,0.136077,-0.496065,1.181132,1.210132,0.407918,0.458588,-0.133912,0.121102,-0.604430,0.317482,0.657979,0.224488,0.162284,-0.613734,0.317247,0.658892,-1.503682,-1.174704,1.230060,-1.046178,0.411339,0.258032,-0.719932,0.253035,0.219816,-0.001067,0.501260
33.440025,2.180168,0.135318,-0.493561,1.178482,1.212119,0.407661,0.456930,-0.189173,0.184373,-0.656354,0.298349,0.656930,0.221012,0.162419,-0.613325,0.317505,0.658178,-1.503423,-1.174486,1.230057,-1.045675,0.411684,0.258096,-0.719734,0.255530,0.220246,-0.000173,0.501564
33.441023,2.187420,0.134756,-0.499175,1.179075,1.212537,0.407281,0.456464,-0.230412,0.251935,-0.698440,0.273801,0.656591,0.218359,0.162487,-0.612905,0.317760,0.657451,-1.503155,-1.174273,1.230057,-1.045167,0.414427,0.257848,-0.721363,0.259063,0.218645,0.000008,0.505085
33.441969,2.190099,0.134304,-0.487323,1.179948,1.212291,0.406415,0.457200,-0.259391,0.321957,-0.731768,0.244973,0.656802,0.216386,0.162507,-0.612507,0.318016,0.656744,-1.502892,-1.174057,1.230056,-1.044658,0.411017,0.257381,-0.718720,0.259115,0.218510,0.000322,0.506065
33.443066,2.193376,0.132416,-0.495378,1.180784,1.216270,0.405798,0.457248,-0.271329,0.388995,-0.751783,0.214244,0.657575,0.215501,0.162498,-0.612101,0.318271,0.656010,-1.502632,-1.173835,1.230058,-1.044147,0.409622,0.256746,-0.724151,0.258628,0.218844,0.001117,0.504528
33.443990,2.192097,0.132613,-0.493016,1.178716,1.217034,0.406337,0.455085,-0.261334,0.446604,-0.753747,0.184498,0.658919,0.216103,0.162484,-0.611690,0.318525,0.655287,-1.502372,-1.173629,1.230060,-1.043647,0.408619,0.257212,-0.720927,0.259240,0.215426,0.001641,0.504766
33.445067,2.191379,0.132713,-0.497575,1.178346,1.217978,0.407254,0.452122,-0.234539,0.494888,-0.741633,0.156699,0.660600,0.217814,0.162495,-0.611285,0.318781,0.654571,-1.502105,-1.173415,1.230060,-1.043130,0.409097,0.256182,-0.721588,0.261401,0.214800,0.001031,0.509019
33.445948,2.180077,0.130061,-0.496481,1.176347,1.220068,0.406453,0.453020,-0.199919,0.538842,-0.723040,0.129794,0.662390,0.219997,0.162548,-0.610871,0.319032,0.653848,-1.501840,-1.173204,1.230057,-1.042609,0.409953,0.255638,-0.720001,0.262957,0.214366,0.000049,0.515159
33.446949,2.182290,0.131425,-0.494373,1.176652,1.217471,0.407187,0.454792,-0.167913,0.582169,-0.706505,0.103822,0.663901,0.221956,0.162619,-0.610450,0.319289,0.653134,-1.501574,-1.172996,1.230059,-1.042095,0.415074,0.255947,-0.719671,0.264735,0.212327,0.000796,0.513090
33.448067,2.185308,0.129129,-0.494313,1.179517,1.217481,0.406218,0.453541,-0.145659,0.625496,-0.697558,0.079915,0.664787,0.223252,0.162656,-0.610038,0.319544,0.652408,-1.501309,-1.172777,1.230057,-1.041590,0.414031,0.254521,-0.720747,0.265095,0.215218,-0.000013,0.509628
33.449078,2.191906,0.127040,-0.492761,1.183257,1.220123,0.404910,0.452786,-0.128290,0.664749,-0.691792,0.059374,0.665183,0.224307,0.162668,-0.609624,0.319797,0.651679,-1.501048,-1.172560,1.230058,-1.041073,0.413234,0.255261,-0.721764,0.263773,0.215729,0.000890,0.512493
33.450097,2.189852,0.126182,-0.490369,1.183406,1.219861,0.404744,0.453390,-0.105790,0.691073,-0.680218,0.045063,0.665329,0.225883,0.162719,-0.609222,0.320055,0.650961,-1.500792,-1.172351,1.230060,-1.040555,0.410219,0.255566,-0.722733,0.260966,0.213425,0.002116,0.514057
33.451081,2.184251,0.121800,-0.489575,1.182758,1.220445,0.404122,0.453978,-0.072829,0.699219,-0.658051,0.038682,0.665400,0.228342,0.162807,-0.608807,0.320307,0.650232,-1.500530,-1.172136,1.230064,-1.040040,0.411476,0.255342,-0.724051,0.261706,0.214042,0.002178,0.512915
33.452048,2.184056,0.119994,-0.491418,1.182988,1.220927,0.403830,0.454438,-0.033410,0.691591,-0.628817,0.039241,0.665384,0.231289,0.162899,-0.608386,0.320566,0.649515,-1.500264,-1.171925,1.230070,-1.039533,0.414227,0.256735,-0.724406,0.262868,0.213734,0.002700,0.511795
33.452954,2.189938,0.115655,-0.487590,1.182485,1.219272,0.404649,0.454913,0.004269,0.672476,-0.599489,0.045443,0.665075,0.234000,0.163000,-0.607978,0.320824,0.648788,-1.500003,-1.171712,1.230074,-1.039023,0.414308,0.256782,-0.723169,0.263135,0.213473,0.002897,0.510881
33.454067,2.195270,0.114523,-0.486887,1.184351,1.220480,0.405300,0.456020,0.040200,0.643549,-0.570304,0.055878,0.664598,0.236361,0.163121,-0.607573,0.321082,0.648055,-1.499737,-1.171493,1.230074,-1.038520,0.411060,0.257980,-0.724200,0.263614,0.215156,0.002001,0.509838
33.455059,2.198792,0.114272,-0.485665,1.186372,1.222235,0.406758,0.457690,0.082926,0.603621,-0.534477,0.069021,0.664447,0.238902,0.163234,-0.607172,0.321343,0.647330,-1.499472,-1.171277,1.230075,-1.038015,0.409243,0.257994,-0.725546,0.263172,0.214469,0.001269,0.507949
33.455971,2.199518,0.110090,-0.484821,1.186478,1.219354,0.407578,0.458058,0.137776,0.553199,-0.487856,0.083628,0.664963,0.242033,0.163301,-0.606767,0.321602,0.646600,-1.499214,-1.171068,1.230073,-1.037512,0.407653,0.257319,-0.726030,0.261905,0.213032,-0.000252,0.504678
33.457037,2.195761,0.112666,-0.487454,1.185272,1.221100,0.408194,0.459212,0.202615,0.494709,-0.432313,0.099305,0.666085,0.245706,0.163332,-0.606360,0.321860,0.645871,-1.498952,-1.170845,1.230071,-1.037014,0.407044,0.258467,-0.725634,0.261927,0.215937,-0.001115,0.503905
33.458131,2.194429,0.110851,-0.491597,1.184806,1.216823,0.407852,0.460609,0.269489,0.433772,-0.374731,0.114777,0.667556,0.249420,0.163366,-0.605949,0.322117,0.645156,-1.498686,-1.170629,1.230067,-1.036519,0.409434,0.256556,-0.725037,0.264230,0.214591,-0.001784,0.501861
33.458977,2.195945,0.110819,-0.486432,1.184030,1.213912,0.406733,0.460940,0.327681,0.379671,-0.324648,0.127134,0.669111,0.252449,0.163426,-0.605532,0.322370,0.644435,-1.498413,-1.170403,1.230067,-1.036034,0.410624,0.256993,-0.723823,0.265803,0.219320,-0.001505,0.499434
33.459925,2.198053,0.106611,-0.488597,1.184637,1.213855,0.406869,0.461620,0.373649,0.336007,-0.285264,0.135202,0.670623,0.254577,0.163532,-0.605128,0.322623,0.643713,-1.498143,-1.170177,1.230067,-1.035527,0.409281,0.255928,-0.725132,0.266008,0.222004,-0.000437,0.498552
33.460981,2.199011,0.102643,-0.489762,1.189826,1.211895,0.407360,0.462424,0.412120,0.299212,-0.252373,0.140186,0.672151,0.256177,0.163709,-0.604721,0.322887,0.642990,-1.497874,-1.169951,1.230066,-1.035034,0.408158,0.257110,-0.723618,0.265602,0.222086,-0.000647,0.497220
33.462015,2.199958,0.097890,-0.488418,1.186412,1.211404,0.405700,0.464307,0.446162,0.261457,-0.222457,0.146471,0.673457,0.257581,0.163968,-0.604310,0.323147,0.642258,-1.497621,-1.169724,1.230066,-1.034537,0.408114,0.258435,-0.723454,0.261693,0.224368,-0.001215,0.495858
33.462924,2.194369,0.094526,-0.480076,1.186489,1.210032,0.405285,0.466478,0.477154,0.216039,-0.193545,0.157800,0.674327,0.258913,0.164282,-0.603904,0.323409,0.641536,-1.497350,-1.169500,1.230069,-1.034059,0.408013,0.260082,-0.724482,0.265937,0.225114,0.000374,0.492347
33.464037,2.192164,0.092673,-0.477406,1.187719,1.207277,0.404512,0.466821,0.507809,0.162917,-0.163562,0.172916,0.675066,0.260196,0.164592,-0.603488,0.323669,0.640797,-1.497083,-1.169274,1.230073,-1.033587,0.410448,0.260758,-0.727722,0.265797,0.226441,0.000694,0.488031
33.464958,2.189418,0.088176,-0.474722,1.189724,1.206655,0.405343,0.468317,0.538585,0.103933,-0.132284,0.190631,0.675838,0.261408,0.164873,-0.603077,0.323930,0.640071,-1.496812,-1.169040,1.230073,-1.033100,0.412259,0.261136,-0.730026,0.265856,0.229578,0.001390,0.487791
33.466075,2.189899,0.085050,-0.472133,1.191444,1.206429,0.405835,0.469921,0.567615,0.039101,-0.100960,0.212205,0.676426,0.262527,0.165138,-0.602660,0.324196,0.639338,-1.496554,-1.168808,1.230068,-1.032616,0.413287,0.262356,-0.730579,0.264097,0.230091,0.000507,0.484785
33.467043,2.193804,0.084473,-0.462998,1.193409,1.205399,0.407404,0.469832,0.594673,-0.032802,-0.069483,0.239107,0.676673,0.263629,0.165393,-0.602241,0.324460,0.638595,-1.496288,-1.168576,1.230065,-1.032146,0.413679,0.263353,-0.732702,0.263838,0.230720,-0.000039,0.482062
33.468041,2.190823,0.081520,-0.466233,1.192934,1.203637,0.407863,0.470803,0.625621,-0.112302,-0.033201,0.270893,0.676887,0.265184,0.165649,-0.601835,0.324722,0.637856,-1.496024,-1.168343,1.230060,-1.031659,0.411746,0.262738,-0.736852,0.262300,0.231778,-0.001656,0.482370
33.469008,2.189740,0.078430,-0.461933,1.196157,1.197956,0.409429,0.469562,0.664397,-0.196263,0.010505,0.305336,0.677427,0.267521,0.165918,-0.601420,0.324987,0.637123,-1.495762,-1.168108,1.230056,-1.031179,0.413353,0.263376,-0.735075,0.263510,0.233622,-0.002154,0.480597
33.469928,2.185330,0.075996,-0.463189,1.195008,1.198589,0.407229,0.468247,0.705382,-0.280972,0.056696,0.341939,0.678014,0.270341,0.166211,-0.601000,0.325252,0.636378,-1.495506,-1.167855,1.230050,-1.030695,0.413754,0.263996,-0.736753,0.260876,0.239157,-0.003760,0.483236
33.471005,2.190006,0.076128,-0.458519,1.195313,1.196178,0.407801,0.468071,0.741557,-0.364430,0.099510,0.381358,0.678180,0.273244,0.166527,-0.600585,0.325516,0.635650,-1.495239,-1.167614,1.230052,-1.030201,0.415652,0.264189,-0.735364,0.262116,0.238288,-0.001601,0.485834
33.471999,2.193805,0.069805,-0.459397,1.196388,1.195057,0.407157,0.467587,0.772057,-0.442541,0.137570,0.421065,0.678038,0.276123,0.166839,-0.600173,0.325777,0.634902,-1.494978,-1.167371,1.230048,-1.029718,0.413799,0.263493,-0.738144,0.263086,0.240925,-0.002252,0.486515
33.472933,2.201714,0.063790,-0.451223,1.198092,1.195649,0.404957,0.468185,0.803251,-0.514617,0.175574,0.458514,0.678032,0.279303,0.167128,-0.599772,0.326047,0.634170,-1.494716,-1.167128,1.230047,-1.029227,0.412121,0.265764,-0.737545,0.262681,0.242013,-0.001658,0.487624
33.474046,2.196087,0.063320,-0.446837,1.199985,1.194090,0.403870,0.467251,0.844713,-0.588383,0.221800,0.495298,0.678376,0.283327,0.167406,-0.599370,0.326321,0.633419,-1.494459,-1.166888,1.230053,-1.028739,0.408060,0.267660,-0.740795,0.261349,0.241277,0.000455,0.486428
33.474946,2.195593,0.059713,-0.447182,1.200071,1.194683,0.403826,0.466753,0.900886,-0.669050,0.280246,0.533084,0.679075,0.288408,0.167693,-0.598951,0.326587,0.632664,-1.494201,-1.166642,1.230058,-1.028248,0.411569,0.267273,-0.743618,0.261070,0.243103,0.001425,0.488725
33.476019,2.193060,0.058597,-0.448176,1.200574,1.195341,0.403484,0.466010,0.964298,-0.752142,0.344510,0.571083,0.679833,0.294012,0.168004,-0.598546,0.326857,0.631917,-1.493942,-1.166397,1.230059,-1.027752,0.411478,0.267943,-0.742272,0.261078,0.242223,0.001389,0.489623
33.477047,2.188598,0.057065,-0.443450,1.204922,1.193997,0.403497,0.466058,1.023822,-0.830285,0.404998,0.607405,0.680305,0.299336,0.168352,-0.598132,0.327122,0.631179,-1.493678,-1.166159,1.230060,-1.027265,0.413242,0.267820,-0.742293,0.261781,0.241803,0.001653,0.491445
33.478009,2.187798,0.055387,-0.442692,1.207785,1.194086,0.404199,0.467995,1.073210,-0.900223,0.456454,0.641525,0.680251,0.303962,0.168736,-0.597717,0.327390,0.630439,-1.493425,-1.165915,1.230061,-1.026772,0.415712,0.267769,-0.744750,0.258518,0.243222,0.001560,0.491533
33.478930,2.192918,0.053557,-0.443054,1.208307,1.192176,0.403001,0.467687,1.110273,-0.963354,0.497474,0.675171,0.679415,0.307869,0.169124,-0.597301,0.327661,0.629696,-1.493175,-1.165669,1.230058,-1.026289,0.415979,0.267600,-0.744568,0.256405,0.242997,0.000804,0.487721
33.480009,2.193774,0.057401,-0.449371,1.215202,1.193136,0.404397,0.467758,1.137682,-1.020671,0.530249,0.708325,0.677935,0.311263,0.169465,-0.596892,0.327926,0.628950,-1.492919,-1.165421,1.230062,-1.025803,0.413149,0.267479,-0.743439,0.256223,0.244679,0.001928,0.488387
33.481021,2.187053,0.051671,-0.453721,1.216329,1.190698,0.404907,0.469120,1.157639,-1.069741,0.555999,0.739191,0.676113,0.314283,0.169723,-0.596485,0.328187,0.628221,-1.492675,-1.165177,1.230060,-1.025310,0.413335,0.264914,-0.740918,0.250982,0.243874,0.000446,0.488550
33.481912,2.179537,0.053232,-0.453039,1.218413,1.189601,0.404340,0.468991,1.164151,-1.108658,0.569629,0.768443,0.673703,0.316604,0.169889,-0.596061,0.328456,0.627481,-1.492428,-1.164927,1.230061,-1.024827,0.416781,0.266967,-0.738687,0.251077,0.246314,-0.000134,0.486009
33.482992,2.184894,0.052904,-0.462255,1.219282,1.190674,0.402430,0.469990,1.148252,-1.136793,0.563891,0.797364,0.670267,0.317599,0.169979,-0.595635,0.328716,0.626750,-1.492181,-1.164680,1.230064,-1.024345,0.419938,0.265107,-0.738028,0.249274,0.247085,0.000367,0.486253
33.484004,2.188533,0.045648,-0.458764,1.221597,1.188157,0.401025,0.467312,1.108533,-1.151078,0.537121,0.823799,0.665957,0.317044,0.170033,-0.595226,0.328981,0.626017,-1.491932,-1.164434,1.230069,-1.023861,0.417783,0.264613,-0.733995,0.250023,0.246166,0.002185,0.484585
33.484965,2.188843,0.044858,-0.457430,1.223063,1.188394,0.398969,0.465947,1.055177,-1.154265,0.497360,0.846042,0.661388,0.315413,0.170110,-0.594815,0.329250,0.625271,-1.491681,-1.164181,1.230075,-1.023366,0.416165,0.267405,-0.735669,0.248755,0.248644,0.003476,0.490175
33.486048,2.185641,0.046372,-0.457811,1.224452,1.188034,0.400062,0.465526,1.001931,-1.155982,0.456334,0.865593,0.657060,0.313426,0.170260,-0.594404,0.329516,0.624528,-1.491433,-1.163931,1.230086,-1.022864,0.415974,0.266826,-0.735776,0.248097,0.248220,0.005409,0.492903
33.486938,2.181380,0.042613,-0.462674,1.226632,1.186156,0.401236,0.465502,0.952989,-1.156944,0.417411,0.881965,0.653186,0.311278,0.170468,-0.593984,0.329779,0.623799,-1.491186,-1.163685,1.230088,-1.022365,0.418044,0.265431,-0.736266,0.248370,0.248755,0.004192,0.494020
33.487931,2.180444,0.049800,-0.470439,1.225920,1.184042,0.403101,0.466530,0.902396,-1.152442,0.375532,0.894362,0.649508,0.308598,0.170689,-0.593560,0.330042,0.623070,-1.490942,-1.163429,1.230089,-1.021876,0.419590,0.266242,-0.732808,0.246563,0.250249,0.002949,0.493984
33.488968,2.186143,0.047481,-0.468755,1.226105,1.181460,0.405704,0.465705,0.841293,-1.136630,0.323274,0.902093,0.645594,0.304878,0.170886,-0.593145,0.330296,0.622357,-1.490693,-1.163173,1.230088,-1.021385,0.420110,0.261867,-0.729009,0.248282,0.252214,0.001016,0.492044
33.489974,2.188526,0.048013,-0.472746,1.228988,1.181850,0.405948,0.466069,0.770308,-1.103016,0.260389,0.901585,0.641717,0.300203,0.171021,-0.592733,0.330556,0.621626,-1.490440,-1.162915,1.230081,-1.020893,0.417540,0.262380,-0.730165,0.249285,0.254748,-0.001623,0.493959
33.491088,2.194648,0.050139,-0.479782,1.229196,1.182385,0.406911,0.465930,0.700168,-1.055540,0.195725,0.892559,0.638404,0.295314,0.171090,-0.592322,0.330815,0.620909,-1.490192,-1.162658,1.230080,-1.020397,0.416539,0.261339,-0.728299,0.247467,0.254203,-0.001907,0.493353
33.491985,2.193878,0.050085,-0.486729,1.230743,1.177021,0.407423,0.466449,0.636840,-0.999733,0.134679,0.876986,0.635830,0.290657,0.171123,-0.591912,0.331073,0.620186,-1.489940,-1.162402,1.230077,-1.019898,0.414193,0.259763,-0.725791,0.249068,0.253815,-0.002938,0.494002
33.492951,2.190138,0.049151,-0.488256,1.228803,1.172818,0.406606,0.467821,0.577833,-0.935042,0.075337,0.855530,0.633912,0.286115,0.171130,-0.591497,0.331328,0.619464,-1.489694,-1.162139,1.230072,-1.019414,0.414175,0.258838,-0.721460,0.247866,0.258783,-0.003480,0.492906
33.494037,2.190824,0.048649,-0.489053,1.232353,1.171075,0.405305,0.468192,0.516683,-0.861775,0.012817,0.830080,0.632255,0.281302,0.171107,-0.591082,0.331585,0.618750,-1.489439,-1.161870,1.230072,-1.018925,0.415984,0.258476,-0.720579,0.250499,0.262635,-0.002718,0.490238
33.494982,2.187552,0.045015,-0.491002,1.232161,1.170630,0.405080,0.468563,0.450873,-0.783685,-0.054180,0.803256,0.630577,0.276087,0.171043,-0.590668,0.331838,0.618028,-1.489189,-1.161602,1.230073,-1.018442,0.416156,0.258225,-0.720984,0.248522,0.264323,-0.001488,0.489879
33.495938,2.192196,0.043610,-0.491797,1.232081,1.169459,0.403821,0.469625,0.382881,-0.707566,-0.122584,0.778175,0.628768,0.270696,0.170941,-0.590252,0.332097,0.617320,-1.488941,-1.161332,1.230070,-1.017949,0.417607,0.259145,-0.719723,0.249414,0.264347,-0.001328,0.489163
33.496979,2.191825,0.043946,-0.492478,1.232263,1.167730,0.403808,0.469635,0.316460,-0.638196,-0.188634,0.756291,0.626868,0.265388,0.170817,-0.589843,0.332358,0.616603,-1.488690,-1.161066,1.230074,-1.017461,0.415181,0.258935,-0.719050,0.250162,0.265180,-0.000144,0.487096
33.497982,2.191298,0.045567,-0.502688,1.234912,1.164071,0.404066,0.471426,0.256922,-0.575643,-0.248085,0.736051,0.625177,0.260470,0.170697,-0.589422,0.332612,0.615880,-1.488437,-1.160795,1.230070,-1.016971,0.415634,0.258143,-0.719105,0.251203,0.266738,-0.000196,0.487342
33.498994,2.188237,0.047793,-0.508907,1.238936,1.163980,0.404211,0.469506,0.202687,-0.516677,-0.302442,0.716321,0.623588,0.255903,0.170618,-0.589009,0.332865,0.615180,-1.488188,-1.160519,1.230072,-1.016495,0.416028,0.256628,-0.714302,0.249577,0.270100,-0.000536,0.483940
33.500001,2.181769,0.047520,-0.509318,1.241534,1.164204,0.404417,0.469224,0.143774,-0.457399,-0.359762,0.698203,0.621415,0.251225,0.170632,-0.588587,0.333118,0.614468,-1.487948,-1.160248,1.230070,-1.015997,0.417638,0.254836,-0.711477,0.246876,0.269903,-0.000742,0.488003
33.500996,2.183916,0.051508,-0.510323,1.244204,1.165119,0.404034,0.469805,0.073130,-0.397129,-0.425410,0.683719,0.618127,0.246145,0.170775,-0.588158,0.333369,0.613763,-1.487705,-1.159979,1.230069,-1.015508,0.420849,0.254323,-0.711612,0.245512,0.269441,-0.001011,0.488711
33.501932,2.187522,0.050416,-0.505541,1.244326,1.165297,0.403804,0.470973,-0.007057,-0.336859,-0.497421,0.673000,0.613872,0.240857,0.171013,-0.587743,0.333618,0.613049,-1.487468,-1.159712,1.230066,-1.015023,0.419803,0.251651,-0.711208,0.244131,0.268264,-0.000672,0.487694
33.502988,2.193541,0.045626,-0.502003,1.246408,1.166661,0.402954,0.472008,-0.085097,-0.277620,-0.566627,0.663520,0.609485,0.236056,0.171262,-0.587329,0.333865,0.612329,-1.487222,-1.159448,1.230066,-1.014547,0.417761,0.251430,-0.713131,0.244681,0.267727,-0.000512,0.485424
33.503932,2.192316,0.047548,-0.501053,1.246575,1.166978,0.403258,0.472605,-0.144694,-0.226137,-0.619738,0.654320,0.605928,0.232632,0.171476,-0.586921,0.334121,0.611617,-1.486974,-1.159182,1.230064,-1.014064,0.415207,0.253239,-0.715558,0.244050,0.266258,0.000285,0.483660
33.505042,2.188559,0.045368,-0.503248,1.248256,1.169449,0.401549,0.472487,-0.177547,-0.188355,-0.649704,0.645933,0.603711,0.230989,0.171640,-0.586503,0.334374,0.610901,-1.486732,-1.158913,1.230062,-1.013581,0.415622,0.251413,-0.715644,0.244688,0.265553,-0.000082,0.482535
33.506034,2.186213,0.049806,-0.504102,1.248513,1.168231,0.401551,0.472637,-0.190341,-0.160950,-0.662118,0.637634,0.602742,0.230637,0.171742,-0.586076,0.334626,0.610182,-1.486487,-1.158658,1.230064,-1.013099,0.418026,0.252092,-0.715590,0.244922,0.263220,0.001557,0.483212
33.506970,2.185253,0.042972,-0.508769,1.248581,1.168268,0.400549,0.473375,-0.195244,-0.137068,-0.667217,0.628218,0.602646,0.230759,0.171802,-0.585657,0.334870,0.609473,-1.486237,-1.158392,1.230064,-1.012613,0.419185,0.249217,-0.715281,0.245618,0.264222,0.001464,0.483059
33.507989,2.187780,0.043108,-0.508903,1.252579,1.168484,0.402359,0.473684,-0.200263,-0.113063,-0.671669,0.617304,0.603088,0.230805,0.171856,-0.585235,0.335125,0.608761,-1.485993,-1.158133,1.230069,-1.012139,0.419336,0.251819,-0.712540,0.246238,0.263852,0.002382,0.481650
33.509051,2.189276,0.045910,-0.507418,1.253984,1.171689,0.402515,0.471851,-0.206892,-0.092883,-0.676198,0.607340,0.603754,0.230680,0.171934,-0.584820,0.335375,0.608050,-1.485754,-1.157869,1.230065,-1.011654,0.418260,0.251097,-0.712849,0.243628,0.263479,0.000501,0.481259
33.509930,2.191224,0.036628,-0.500809,1.254595,1.173079,0.401286,0.471647,-0.210695,-0.079308,-0.677080,0.599382,0.604722,0.230778,0.172047,-0.584400,0.335624,0.607334,-1.485513,-1.157611,1.230065,-1.011158,0.417861,0.249174,-0.714256,0.243906,0.260246,0.000286,0.485235
33.510963,2.186808,0.034753,-0.501484,1.255403,1.174170,0.401549,0.471556,-0.204161,-0.073993,-0.668462,0.592779,0.606363,0.231583,0.172163,-0.583983,0.335880,0.606607,-1.485268,-1.157356,1.230068,-1.010675,0.416324,0.252838,-0.716505,0.243564,0.258459,0.001450,0.485532
33.511948,2.183840,0.032796,-0.501649,1.254916,1.173535,0.401825,0.470107,-0.184180,-0.082778,-0.647468,0.589500,0.608605,0.233159,0.172274,-0.583559,0.336135,0.605895,-1.485019,-1.157099,1.230065,-1.010185,0.418724,0.253101,-0.716597,0.244047,0.257313,0.001114,0.485940
33.512922,2.184850,0.035104,-0.498596,1.260325,1.172122,0.401321,0.470308,-0.157353,-0.103916,-0.619592,0.589842,0.611024,0.235019,0.172398,-0.583132,0.336385,0.605180,-1.484774,-1.156839,1.230065,-1.009687,0.420067,0.253368,-0.716503,0.245566,0.257753,0.000768,0.488954
33.514043,2.188276,0.035561,-0.495518,1.261159,1.175835,0.403067,0.469270,-0.129854,-0.131053,-0.590465,0.592400,0.613312,0.236858,0.172550,-0.582715,0.336634,0.604464,-1.484541,-1.156576,1.230070,-1.009191,0.419485,0.251482,-0.717942,0.241316,0.258919,0.001185,0.488597
33.515009,2.190006,0.030878,-0.494210,1.264591,1.176883,0.402724,0.466374,-0.098879,-0.161288,-0.558318,0.596115,0.615563,0.239009,0.172715,-0.582297,0.336887,0.603736,-1.484300,-1.156330,1.230065,-1.008699,0.418438,0.250842,-0.720523,0.242617,0.255418,-0.000634,0.491103
33.515950,2.192781,0.027150,-0.496900,1.263626,1.176315,0.402653,0.466428,-0.058820,-0.195330,-0.518800,0.600452,0.618021,0.241856,0.172882,-0.581878,0.337140,0.603005,-1.484063,-1.156084,1.230066,-1.008187,0.417438,0.252426,-0.720799,0.240233,0.254284,-0.000343,0.496926
33.517056,2.188864,0.021337,-0.499651,1.262802,1.176516,0.401555,0.466599,-0.009179,-0.236322,-0.471243,0.606718,0.620586,0.245335,0.173061,-0.581467,0.337394,0.602296,-1.483815,-1.155828,1.230066,-1.007696,0.415894,0.253423,-0.719112,0.241888,0.254596,-0.000338,0.496783
33.518033,2.179963,0.021794,-0.498996,1.264362,1.176985,0.402465,0.467897,0.044335,-0.283735,-0.420276,0.615207,0.622988,0.248894,0.173233,-0.581042,0.337660,0.601572,-1.483568,-1.155576,1.230064,-1.007198,0.418395,0.255739,-0.718711,0.244541,0.254555,0.000706,0.496793
33.518953,2.175614,0.017837,-0.498879,1.264847,1.177507,0.402579,0.465602,0.091205,-0.332854,-0.374681,0.625289,0.624835,0.251770,0.173366,-0.580607,0.337910,0.600847,-1.483324,-1.155320,1.230062,-1.006712,0.422603,0.254753,-0.718838,0.243938,0.253898,-0.000283,0.494293
33.519997,2.174201,0.019073,-0.503849,1.266315,1.177842,0.401835,0.464958,0.122049,-0.379217,-0.342177,0.637207,0.625701,0.253502,0.173466,-0.580184,0.338170,0.600136,-1.483081,-1.155068,1.230061,-1.006204,0.424343,0.255778,-0.718377,0.244084,0.253090,-0.000447,0.498866
33.520992,2.174132,0.012414,-0.497798,1.265888,1.177993,0.400191,0.465146,0.134246,-0.419823,-0.325097,0.650508,0.625489,0.254055,0.173559,-0.579754,0.338421,0.599421,-1.482837,-1.154818,1.230063,-1.005704,0.425178,0.254558,-0.716394,0.244075,0.252802,0.000224,0.500335
33.521966,2.179106,0.010746,-0.496819,1.263397,1.180221,0.400491,0.464294,0.133014,-0.454923,-0.319472,0.664129,0.624489,0.253755,0.173662,-0.579333,0.338684,0.598702,-1.482589,-1.154565,1.230067,-1.005201,0.425197,0.257096,-0.719504,0.245541,0.252533,0.001779,0.500032
33.523034,2.175088,0.011222,-0.502622,1.265576,1.180397,0.400327,0.463961,0.131310,-0.487817,-0.315105,0.676261,0.623429,0.253285,0.173780,-0.578915,0.338942,0.597977,-1.482336,-1.154320,1.230067,-1.004692,0.422603,0.257081,-0.719755,0.248809,0.250205,0.001391,0.501782
33.523972,2.175428,0.010950,-0.500432,1.263674,1.181073,0.401370,0.462798,0.135145,-0.516762,-0.307745,0.684281,0.622785,0.252940,0.173914,-0.578484,0.339197,0.597257,-1.482090,-1.154071,1.230067,-1.004191,0.424905,0.256256,-0.717487,0.248157,0.250154,0.001486,0.502693
33.524939,2.173363,0.010323,-0.498814,1.262340,1.184807,0.400722,0.462488,0.139483,-0.535930,-0.302038,0.686632,0.622424,0.252467,0.174070,-0.578064,0.339452,0.596540,-1.481839,-1.153826,1.230068,-1.003676,0.424425,0.255524,-0.718181,0.250637,0.249312,0.000360,0.504960
33.526065,2.182372,0.011386,-0.492504,1.263969,1.186263,0.399725,0.463390,0.143389,-0.541910,-0.299118,0.681791,0.622419,0.251829,0.174220,-0.577638,0.339707,0.595817,-1.481580,-1.153592,1.230071,-1.003161,0.425267,0.255037,-0.718732,0.252538,0.245551,0.000938,0.505550
33.527042,2.187385,0.009315,-0.494106,1.263795,1.187725,0.399258,0.463237,0.154832,-0.535805,-0.292649,0.668523,0.623249,0.251499,0.174321,-0.577229,0.339961,0.595090,-1.481324,-1.153351,1.230076,-1.002662,0.421519,0.254079,-0.723015,0.252641,0.244452,0.001834,0.504112
33.527980,2.193960,0.007034,-0.495995,1.263518,1.188869,0.401757,0.463269,0.184321,-0.522600,-0.273804,0.647447,0.625354,0.252140,0.174358,-0.576815,0.340217,0.594368,-1.481072,-1.153111,1.230077,-1.002157,0.419013,0.254332,-0.722000,0.253614,0.242964,0.002222,0.504479
33.529093,2.187748,0.006349,-0.503041,1.263146,1.192004,0.404709,0.463191,0.234698,-0.506259,-0.239835,0.620238,0.628743,0.253925,0.174345,-0.576403,0.340472,0.593646,-1.480816,-1.152876,1.230071,-1.001656,0.415519,0.254598,-0.720555,0.254324,0.241753,-0.000335,0.504392
33.529978,2.180052,0.005109,-0.500975,1.262961,1.193062,0.404739,0.466057,0.296730,-0.486227,-0.197886,0.588673,0.632905,0.256307,0.174277,-0.575982,0.340729,0.592939,-1.480555,-1.152644,1.230063,-1.001147,0.419299,0.254454,-0.718248,0.256236,0.238988,-0.003325,0.504875
33.530977,2.183962,0.006720,-0.505425,1.261612,1.195633,0.405547,0.464930,0.353785,-0.458927,-0.161113,0.554562,0.637013,0.258326,0.174151,-0.575553,0.340980,0.592220,-1.480299,-1.152410,1.230061,-1.000652,0.422488,0.254132,-0.718375,0.256485,0.237754,-0.003372,0.498972
33.531993,2.195220,0.008390,-0.504951,1.263851,1.196253,0.403635,0.465390,0.396868,-0.421207,-0.136677,0.518267,0.640693,0.259495,0.173980,-0.575134,0.341230,0.591511,-1.480037,-1.152183,1.230056,-1.000152,0.420516,0.252643,-0.716323,0.258558,0.235331,-0.004228,0.501422
33.532959,2.198747,0.009706,-0.496431,1.266272,1.200720,0.403209,0.465939,0.433727,-0.372534,-0.118594,0.478029,0.644457,0.260376,0.173764,-0.574733,0.341480,0.590788,-1.479780,-1.151951,1.230056,-0.999652,0.415195,0.251170,-0.716755,0.257235,0.234874,-0.002364,0.500616
33.534044,2.206172,0.005612,-0.499011,1.267825,1.204413,0.402247,0.465464,0.479614,-0.317646,-0.094484,0.433780,0.648995,0.262050,0.173485,-0.574322,0.341727,0.590053,-1.479528,-1.151730,1.230058,-0.999154,0.413428,0.249799,-0.720644,0.255535,0.230512,-0.002030,0.499566
33.535128,2.205803,0.007955,-0.496868,1.267038,1.205967,0.402300,0.466427,0.544147,-0.264799,-0.055844,0.388384,0.654550,0.265186,0.173143,-0.573920,0.341982,0.589340,-1.479271,-1.151509,1.230059,-0.998655,0.410386,0.251356,-0.720211,0.255432,0.227254,-0.001143,0.500841
33.536003,2.204627,0.004875,-0.493239,1.265614,1.204499,0.402097,0.466980,0.626262,-0.217425,-0.003054,0.343609,0.660973,0.269616,0.172766,-0.573507,0.342229,0.588613,-1.479011,-1.151286,1.230058,-0.998150,0.411153,0.249718,-0.722025,0.257595,0.226126,-0.001277,0.499159
33.537010,2.199517,0.006009,-0.490249,1.264655,1.202973,0.401995,0.465875,0.718610,-0.172442,0.057824,0.298951,0.667952,0.274760,0.172389,-0.573091,0.342479,0.587883,-1.478747,-1.151055,1.230057,-0.997658,0.411179,0.250314,-0.722680,0.258799,0.227438,-0.001127,0.497938
33.538008,2.201870,0.004671,-0.486868,1.262809,1.203748,0.401609,0.465424,0.812247,-0.126806,0.119552,0.254564,0.674988,0.280011,0.172043,-0.572677,0.342725,0.587162,-1.478483,-1.150824,1.230057,-0.997152,0.413902,0.249127,-0.724307,0.260498,0.229110,-0.001096,0.500291
33.539075,2.206222,0.005855,-0.488120,1.265966,1.204775,0.400497,0.464624,0.901687,-0.078752,0.177793,0.210501,0.681747,0.285011,0.171756,-0.572265,0.342972,0.586429,-1.478214,-1.150600,1.230059,-0.996656,0.412793,0.249172,-0.725890,0.262871,0.228499,-0.000792,0.501309
33.540068,2.208275,0.008929,-0.492233,1.264113,1.204182,0.401462,0.466313,0.987920,-0.029146,0.233520,0.167029,0.688219,0.289828,0.171539,-0.571865,0.343216,0.585709,-1.477953,-1.150370,1.230059,-0.996149,0.411230,0.248130,-0.725910,0.260892,0.227761,0.000254,0.503146
33.540999,2.201339,0.008828,-0.490553,1.260506,1.204114,0.401722,0.466476,1.070781,0.022212,0.286632,0.124493,0.694350,0.294500,0.171375,-0.571453,0.343459,0.584983,-1.477686,-1.150139,1.230057,-0.995648,0.410305,0.245987,-0.723764,0.263347,0.228477,-0.000786,0.499809
33.541924,2.201015,0.014177,-0.491835,1.260107,1.201966,0.402312,0.468224,1.143906,0.081166,0.331483,0.080925,0.700010,0.298594,0.171233,-0.571033,0.343700,0.584252,-1.477411,-1.149913,1.230056,-0.995152,0.413496,0.245333,-0.723972,0.266883,0.228542,-0.001099,0.499500
33.543030,2.200071,0.015952,-0.495789,1.259620,1.200389,0.402257,0.467992,1.200347,0.153186,0.362062,0.034500,0.705070,0.301671,0.171082,-0.570622,0.343936,0.583535,-1.477139,-1.149679,1.230056,-0.994659,0.413386,0.241950,-0.722765,0.267222,0.230610,-0.001758,0.495958
33.543965,2.203591,0.013268,-0.491737,1.258088,1.201837,0.399383,0.467103,1.237177,0.239795,0.375993,-0.014676,0.709421,0.303663,0.170899,-0.570209,0.344172,0.582813,-1.476868,-1.149446,1.230056,-0.994163,0.414519,0.240836,-0.721768,0.268977,0.232548,-0.001769,0.496822
33.544974,2.207391,0.017292,-0.486397,1.256430,1.200585,0.398287,0.469656,1.258694,0.335490,0.377209,-0.064699,0.713180,0.304848,0.170706,-0.569796,0.344414,0.582093,-1.476595,-1.149217,1.230060,-0.993667,0.412519,0.241474,-0.723323,0.270484,0.231052,0.001039,0.498605
33.546099,2.214229,0.014039,-0.492306,1.256960,1.200406,0.396782,0.470752,1.276893,0.432038,0.375820,-0.114332,0.716942,0.305864,0.170531,-0.569395,0.344651,0.581361,-1.476320,-1.148978,1.230064,-0.993181,0.410927,0.238936,-0.725998,0.272630,0.232388,0.002023,0.493619
33.546976,2.210868,0.014088,-0.486605,1.253720,1.197331,0.397282,0.470367,1.301192,0.524359,0.379621,-0.163233,0.721214,0.307214,0.170383,-0.568992,0.344893,0.580638,-1.476045,-1.148746,1.230070,-0.992698,0.408365,0.240328,-0.724123,0.273370,0.232981,0.003420,0.491908
33.547980,2.210670,0.007826,-0.491519,1.254002,1.196180,0.397432,0.469552,1.331708,0.608234,0.389205,-0.209528,0.725880,0.308828,0.170288,-0.568587,0.345131,0.579914,-1.475762,-1.148506,1.230071,-0.992203,0.409665,0.239463,-0.725959,0.275985,0.235812,0.002834,0.492577
33.549053,2.206592,0.007886,-0.494899,1.254691,1.195344,0.398128,0.468821,1.362649,0.679762,0.400660,-0.250284,0.730431,0.310294,0.170273,-0.568176,0.345378,0.579194,-1.475488,-1.148267,1.230073,-0.991707,0.409915,0.242005,-0.723574,0.276137,0.236990,0.002604,0.494357
33.550053,2.207868,0.005743,-0.497332,1.255453,1.195865,0.400692,0.468787,1.385017,0.735741,0.407608,-0.281953,0.734125,0.311073,0.170333,-0.567759,0.345616,0.578467,-1.475211,-1.148026,1.230073,-0.991203,0.412422,0.241597,-0.722523,0.276329,0.238022,0.001827,0.496077
33.550953,2.207701,0.005776,-0.500107,1.257645,1.196949,0.400978,0.469700,1.392575,0.776153,0.405481,-0.302922,0.736507,0.310876,0.170435,-0.567351,0.345860,0.577753,-1.474940,-1.147786,1.230069,-0.990708,0.411934,0.242081,-0.721445,0.276050,0.237520,-0.000801,0.496261
33.551981,2.209915,0.003726,-0.499771,1.257421,1.197429,0.401004,0.470668,1.385505,0.802516,0.394480,-0.313519,0.737579,0.309868,0.170522,-0.566943,0.346097,0.577035,-1.474671,-1.147553,1.230067,-0.990225,0.411680,0.241310,-0.719272,0.273701,0.236293,-0.001118,0.494388
33.552974,2.207779,0.002954,-0.500169,1.256732,1.196193,0.402046,0.469215,1.367579,0.815584,0.377542,-0.314627,0.737559,0.308387,0.170546,-0.566536,0.346342,0.576321,-1.474394,-1.147314,1.230066,-0.989733,0.410897,0.241803,-0.719848,0.274514,0.235927,-0.001204,0.492662
33.553970,2.203555,0.001491,-0.500972,1.258910,1.194458,0.401508,0.467815,1.343462,0.817411,0.357971,-0.308670,0.736863,0.306706,0.170505,-0.566121,0.346588,0.575604,-1.474121,-1.147073,1.230061,-0.989222,0.412049,0.241550,-0.719685,0.275606,0.237184,-0.002296,0.495671
33.555081,2.197225,-0.005061,-0.501292,1.258943,1.195469,0.400497,0.469098,1.313115,0.810389,0.335399,-0.297126,0.735607,0.304831,0.170456,-0.565698,0.346828,0.574883,-1.473848,-1.146831,1.230061,-0.988728,0.414141,0.241722,-0.719298,0.273838,0.238923,-0.001811,0.498602
33.556002,2.193550,-0.009265,-0.507842,1.258849,1.195353,0.399215,0.468554,1.272354,0.793099,0.306808,-0.278393,0.733456,0.302522,0.170470,-0.565280,0.347081,0.574170,-1.473573,-1.146591,1.230060,-0.988233,0.417939,0.244586,-0.720275,0.275017,0.238184,-0.000867,0.496354
33.556971,2.196296,-0.009455,-0.511326,1.261353,1.196373,0.397276,0.468163,1.217169,0.762793,0.269499,-0.250723,0.730072,0.299445,0.170587,-0.564856,0.347328,0.573457,-1.473298,-1.146356,1.230065,-0.987741,0.419345,0.245857,-0.716426,0.274967,0.238200,0.000320,0.497457
33.558030,2.198122,-0.015239,-0.514365,1.259124,1.194249,0.397224,0.467566,1.146718,0.721269,0.222619,-0.214978,0.725423,0.295488,0.170796,-0.564447,0.347577,0.572752,-1.473029,-1.146118,1.230073,-0.987231,0.417945,0.245199,-0.714677,0.272756,0.237148,0.002155,0.498241
33.558933,2.183316,-0.020017,-0.516537,1.257585,1.193871,0.399201,0.467022,0.981850,0.615672,0.115067,-0.129570,0.714006,0.286003,0.171273,-0.563590,0.348081,0.571320,-1.472471,-1.145632,1.230072,-0.986235,0.424190,0.249034,-0.711988,0.276920,0.239569,0.000060,0.500694
33.559995,2.182050,-0.019910,-0.520229,1.259295,1.194941,0.400196,0.467895,0.981850,0.615672,0.115067,-0.129570,0.714006,0.286003,0.171273,-0.563590,0.348081,0.571320,-1.472471,-1.145632,1.230072,-0.986235,0.424190,0.249034,-0.711988,0.276920,0.239569,0.000060,0.500694
33.561036,2.179281,-0.023594,-0.526199,1.261295,1.194645,0.400979,0.467411,0.883176,0.557530,0.050331,-0.082633,0.707315,0.280085,0.171464,-0.563165,0.348332,0.570617,-1.472194,-1.145392,1.230071,-0.985736,0.425046,0.248419,-0.710949,0.275996,0.238672,-0.000994,0.499172
33.562020,2.180060,-0.029433,-0.524379,1.262693,1.192856,0.400530,0.466890,0.770779,0.499478,-0.024244,-0.033344,0.699910,0.273335,0.171626,-0.562735,0.348582,0.569910,-1.471924,-1.145155,1.230068,-0.985232,0.426551,0.249708,-0.708540,0.274806,0.239137,-0.001832,0.500355
33.563109,2.176098,-0.029908,-0.530189,1.263667,1.193922,0.400393,0.465454,0.652089,0.437476,-0.102540,0.019542,0.692038,0.266302,0.171795,-0.562302,0.348839,0.569209,-1.471649,-1.144907,1.230068,-0.984730,0.425942,0.251847,-0.709640,0.273713,0.240854,-0.001439,0.501470
33.563942,2.176981,-0.033751,-0.530005,1.265173,1.191149,0.399474,0.463140,0.534235,0.368243,-0.178860,0.076478,0.684005,0.259436,0.171982,-0.561872,0.349094,0.568503,-1.471376,-1.144670,1.230067,-0.984217,0.428307,0.251540,-0.707715,0.273823,0.240036,-0.001377,0.504612
33.564916,2.174032,-0.037061,-0.530808,1.264835,1.189823,0.400750,0.462808,0.419606,0.294274,-0.251839,0.135868,0.676055,0.252886,0.172168,-0.561442,0.349346,0.567792,-1.471107,-1.144427,1.230067,-0.983706,0.426893,0.252401,-0.706545,0.271677,0.242438,-0.000507,0.508973
33.565984,2.167851,-0.038090,-0.537201,1.264728,1.188957,0.400637,0.463561,0.310574,0.217052,-0.320054,0.196716,0.668374,0.246813,0.172336,-0.561014,0.349602,0.567089,-1.470831,-1.144179,1.230064,-0.983194,0.428199,0.253248,-0.706197,0.272249,0.243641,-0.001855,0.509611
33.567113,2.159493,-0.037907,-0.532835,1.265926,1.185925,0.400331,0.465046,0.206008,0.139665,-0.384953,0.257489,0.661036,0.241118,0.172449,-0.560572,0.349858,0.566386,-1.470559,-1.143938,1.230064,-0.982685,0.431427,0.253183,-0.703853,0.273325,0.244699,-0.001798,0.508309
33.567993,2.154284,-0.042370,-0.532790,1.268686,1.180855,0.399071,0.464857,0.100017,0.068217,-0.451846,0.315970,0.653935,0.235410,0.172454,-0.560123,0.350109,0.565669,-1.470284,-1.143685,1.230062,-0.982176,0.435955,0.252704,-0.707326,0.273422,0.247960,-0.001559,0.505677
33.569028,2.157609,-0.048505,-0.527801,1.271759,1.178708,0.398061,0.463966,-0.009141,0.002404,-0.521977,0.373048,0.646843,0.229639,0.172354,-0.559686,0.350367,0.564971,-1.470016,-1.143424,1.230066,-0.981675,0.437746,0.253909,-0.706594,0.270366,0.252569,-0.000378,0.505943
33.570073,2.154892,-0.045485,-0.529347,1.273044,1.177569,0.398890,0.466238,-0.114833,-0.067211,-0.589145,0.432896,0.639601,0.224273,0.172223,-0.559250,0.350625,0.564256,-1.469756,-1.143166,1.230069,-0.981161,0.436075,0.256306,-0.709554,0.268305,0.254637,0.000539,0.507875
33.571052,2.148123,-0.053991,-0.531989,1.272857,1.176907,0.399663,0.466880,-0.207404,-0.145544,-0.645473,0.496258,0.632496,0.219875,0.172125,-0.558818,0.350877,0.563553,-1.469489,-1.142906,1.230067,-0.980671,0.437569,0.254165,-0.709422,0.267965,0.255698,-0.000369,0.503516
33.571958,2.139925,-0.054126,-0.534159,1.274407,1.175485,0.399561,0.466962,-0.287710,-0.227668,-0.692329,0.560239,0.625678,0.216291,0.172075,-0.558369,0.351145,0.562847,-1.469223,-1.142645,1.230067,-0.980171,0.440549,0.257539,-0.708147,0.268637,0.256122,-0.001205,0.502336
33.573001,2.140778,-0.052961,-0.534507,1.273951,1.172253,0.399702,0.466265,-0.365613,-0.309617,-0.737848,0.624126,0.618722,0.212809,0.172107,-0.557915,0.351396,0.562136,-1.468961,-1.142379,1.230067,-0.979670,0.443809,0.256660,-0.706413,0.267119,0.257098,-0.001163,0.502095
33.573993,2.140441,-0.052958,-0.530935,1.274810,1.170349,0.399180,0.467587,-0.445638,-0.386024,-0.786187,0.685764,0.611550,0.209116,0.172250,-0.557475,0.351652,0.561435,-1.468694,-1.142116,1.230066,-0.979160,0.443351,0.255439,-0.706937,0.268513,0.260259,-0.001370,0.503675
33.575085,2.146180,-0.057109,-0.532330,1.278740,1.171147,0.399369,0.468680,-0.521040,-0.450872,-0.832936,0.740376,0.604825,0.205604,0.172455,-0.557029,0.351904,0.560722,-1.468427,-1.141851,1.230065,-0.978669,0.443198,0.254737,-0.708821,0.268174,0.261905,-0.000905,0.501121
33.576071,2.150662,-0.060902,-0.523355,1.280062,1.170055,0.398266,0.469076,-0.580802,-0.507455,-0.869333,0.787329,0.599102,0.202960,0.172663,-0.556595,0.352165,0.560017,-1.468163,-1.141590,1.230064,-0.978173,0.440631,0.256243,-0.709160,0.265544,0.261129,-0.001173,0.499267
33.576994,2.152659,-0.060108,-0.529364,1.279987,1.169897,0.396793,0.469609,-0.613785,-0.565805,-0.885730,0.829664,0.594694,0.201907,0.172862,-0.556157,0.352429,0.559296,-1.467905,-1.141323,1.230068,-0.977674,0.438137,0.257269,-0.713616,0.264952,0.261961,-0.000150,0.498577
33.577938,2.149916,-0.064717,-0.529009,1.282378,1.165417,0.397373,0.468042,-0.615243,-0.628450,-0.878242,0.867454,0.591890,0.202681,0.173061,-0.555719,0.352681,0.558587,-1.467639,-1.141064,1.230070,-0.977179,0.436583,0.255984,-0.710077,0.265139,0.261763,0.001251,0.497483
33.579113,2.148999,-0.066045,-0.535250,1.284020,1.164857,0.396492,0.469280,-0.594391,-0.690311,-0.854544,0.899752,0.590377,0.204663,0.173273,-0.555276,0.352942,0.557885,-1.467378,-1.140789,1.230067,-0.976668,0.437448,0.257375,-0.710082,0.263084,0.265830,0.000602,0.500613
33.580016,2.150612,-0.069367,-0.537310,1.285714,1.164128,0.396527,0.470146,-0.564526,-0.749602,-0.825037,0.928397,0.589400,0.207050,0.173495,-0.554839,0.353204,0.557173,-1.467118,-1.140520,1.230069,-0.976168,0.438620,0.257634,-0.708636,0.263439,0.266528,0.001408,0.498567
33.581011,2.152121,-0.074192,-0.530213,1.287566,1.161011,0.396310,0.467774,-0.499169,-0.861070,-0.764863,0.978970,0.587768,0.211665,0.173923,-0.553976,0.353727,0.555743,-1.466598,-1.139978,1.230071,-0.975169,0.436306,0.259872,-0.710577,0.260711,0.269585,0.001433,0.501669
33.582047,2.152766,-0.072568,-0.535442,1.289946,1.162340,0.396285,0.469609,-0.499169,-0.861070,-0.764863,0.978970,0.587768,0.211665,0.173923,-0.553976,0.353727,0.555743,-1.466598,-1.139978,1.230071,-0.975169,0.436306,0.259872,-0.710577,0.260711,0.269585,0.001433,0.501669
33.583034,2.156728,-0.072072,-0.530296,1.291729,1.162598,0.396967,0.470386,-0.457554,-0.917397,-0.728865,1.001918,0.587300,0.214309,0.174153,-0.553540,0.353979,0.555035,-1.466338,-1.139718,1.230070,-0.974683,0.436012,0.258420,-0.708436,0.259361,0.268135,0.001392,0.498166
33.583932,2.160607,-0.074263,-0.525785,1.290619,1.163564,0.396823,0.470259,-0.407926,-0.969827,-0.687672,1.020953,0.587341,0.217365,0.174335,-0.553116,0.354234,0.554326,-1.466083,-1.139448,1.230068,-0.974185,0.433934,0.257416,-0.711144,0.258362,0.267587,0.000649,0.496728
33.584989,2.161542,-0.076088,-0.529131,1.294574,1.163458,0.396544,0.469628,-0.345498,-1.014336,-0.638073,1.033016,0.588423,0.221118,0.174443,-0.552689,0.354496,0.553605,-1.465823,-1.139184,1.230069,-0.973681,0.431424,0.257479,-0.712559,0.259567,0.266152,0.000729,0.496878
33.585934,2.160532,-0.073339,-0.526134,1.295212,1.162007,0.397744,0.469409,-0.267943,-1.051721,-0.578229,1.037960,0.590720,0.225673,0.174519,-0.552260,0.354752,0.552894,-1.465570,-1.138918,1.230069,-0.973189,0.431194,0.257787,-0.711534,0.256892,0.266184,0.000940,0.498424
33.587040,2.165135,-0.077141,-0.523637,1.295668,1.161929,0.397176,0.470177,-0.182335,-1.081700,-0.513533,1.037597,0.593750,0.230666,0.174592,-0.551834,0.355003,0.552180,-1.465310,-1.138647,1.230065,-0.972691,0.431384,0.255570,-0.712711,0.256676,0.267236,-0.000322,0.498859
33.588070,2.174298,-0.078697,-0.522660,1.295520,1.164965,0.398371,0.468614,-0.092220,-1.102765,-0.446824,1.032170,0.597309,0.235917,0.174664,-0.551408,0.355261,0.551459,-1.465053,-1.138383,1.230066,-0.972191,0.429559,0.256989,-0.714956,0.257795,0.267349,0.000183,0.497646
33.588979,2.176184,-0.080680,-0.517521,1.295788,1.162210,0.398751,0.467642,0.008464,-1.117398,-0.373193,1.021279,0.601712,0.241702,0.174755,-0.550996,0.355519,0.550745,-1.464790,-1.138118,1.230062,-0.971687,0.425233,0.257065,-0.715839,0.258860,0.264138,-0.001076,0.500981
33.590002,2.182136,-0.078613,-0.516261,1.296074,1.162138,0.398757,0.468306,0.125472,-1.128699,-0.287846,1.005139,0.607214,0.248327,0.174899,-0.550576,0.355779,0.550021,-1.464534,-1.137844,1.230062,-0.971172,0.423880,0.257055,-0.717650,0.258817,0.266417,-0.001510,0.502770
33.591091,2.180339,-0.079436,-0.519559,1.296990,1.160382,0.398891,0.467660,0.257753,-1.135801,-0.191579,0.983848,0.613721,0.255780,0.175085,-0.550155,0.356028,0.549297,-1.464274,-1.137582,1.230061,-0.970673,0.421038,0.255405,-0.718490,0.259464,0.266334,-0.001579,0.501581
33.591995,2.175359,-0.078036,-0.514256,1.295951,1.158060,0.399173,0.466941,0.397570,-1.135527,-0.090570,0.957686,0.620790,0.263647,0.175254,-0.549733,0.356281,0.548583,-1.464011,-1.137313,1.230059,-0.970165,0.422427,0.255331,-0.717744,0.259860,0.268061,-0.001781,0.503174
33.592939,2.178965,-0.077989,-0.516413,1.298686,1.160335,0.397937,0.466678,0.532307,-1.124923,0.005325,0.927881,0.627704,0.271220,0.175381,-0.549303,0.356531,0.547859,-1.463744,-1.137042,1.230056,-0.969654,0.424350,0.253734,-0.719604,0.260841,0.269868,-0.002110,0.504477
33.594049,2.185629,-0.078468,-0.512510,1.301380,1.162151,0.397413,0.467789,0.653827,-1.103399,0.090008,0.896115,0.633941,0.278103,0.175483,-0.548888,0.356781,0.547149,-1.463491,-1.136781,1.230059,-0.969150,0.422315,0.252911,-0.718202,0.258605,0.267234,-0.000940,0.504974
33.595047,2.195597,-0.079698,-0.515475,1.298598,1.163309,0.397787,0.467722,0.765418,-1.075582,0.166671,0.864611,0.639509,0.284597,0.175580,-0.548469,0.357035,0.546419,-1.463236,-1.136517,1.230059,-0.968646,0.419582,0.252701,-0.721100,0.257590,0.265483,-0.000500,0.503061
33.595938,2.194028,-0.077616,-0.511113,1.298149,1.161144,0.396522,0.467182,0.877263,-1.046428,0.243620,0.833631,0.644944,0.291281,0.175681,-0.548060,0.357287,0.545694,-1.462968,-1.136255,1.230055,-0.968136,0.414731,0.252626,-0.719564,0.260978,0.264138,-0.000929,0.503289
33.597014,2.190917,-0.074610,-0.510514,1.300530,1.157796,0.395833,0.464849,0.993701,-1.014152,0.323800,0.800458,0.650754,0.298281,0.175791,-0.547646,0.357533,0.544973,-1.462704,-1.135984,1.230059,-0.967633,0.415117,0.250692,-0.720885,0.261317,0.265795,0.000263,0.504247
33.597967,2.192646,-0.075320,-0.502826,1.301447,1.160447,0.394707,0.464411,1.107267,-0.974739,0.401032,0.764384,0.656674,0.305150,0.175937,-0.547222,0.357778,0.544247,-1.462447,-1.135708,1.230062,-0.967111,0.417052,0.248754,-0.721831,0.260280,0.269006,0.000858,0.509144
33.598969,2.193080,-0.071614,-0.501539,1.298139,1.161866,0.393589,0.465037,1.211580,-0.929154,0.470707,0.727532,0.662254,0.311586,0.176134,-0.546802,0.358023,0.543510,-1.462187,-1.135445,1.230064,-0.966606,0.415962,0.248406,-0.725162,0.259828,0.265985,0.001907,0.509975
33.600004,2.196492,-0.074068,-0.500630,1.300986,1.164111,0.394628,0.464770,1.308717,-0.878307,0.534642,0.689347,0.667699,0.317630,0.176339,-0.546389,0.358267,0.542789,-1.461919,-1.135182,1.230069,-0.966097,0.415877,0.245944,-0.725855,0.263768,0.264387,0.002925,0.508785
33.600977,2.199874,-0.075765,-0.501064,1.304545,1.164798,0.395263,0.463874,1.400910,-0.821713,0.594566,0.648188,0.673308,0.323267,0.176517,-0.545975,0.358511,0.542056,-1.461659,-1.134927,1.230068,-0.965587,0.414437,0.246692,-0.726534,0.261859,0.262102,0.001797,0.509488
33.601987,2.194958,-0.074796,-0.504081,1.304324,1.165403,0.397949,0.462929,1.488603,-0.767195,0.651808,0.608152,0.678802,0.328576,0.176683,-0.545570,0.358758,0.541340,-1.461406,-1.134668,1.230068,-0.965061,0.412814,0.246843,-0.726191,0.259039,0.261205,0.001098,0.511246
33.602948,2.184846,-0.073110,-0.507182,1.308371,1.167203,0.397785,0.462076,1.567837,-0.720724,0.704093,0.573522,0.683667,0.333438,0.176852,-0.545144,0.359004,0.540615,-1.461145,-1.134405,1.230062,-0.964548,0.415323,0.245748,-0.724757,0.260115,0.260426,-0.001640,0.513221
33.603956,2.183331,-0.072142,-0.512738,1.307094,1.169312,0.397045,0.461420,1.625184,-0.677833,0.740735,0.544681,0.687261,0.337126,0.177022,-0.544709,0.359244,0.539890,-1.460894,-1.134152,1.230061,-0.964026,0.420066,0.244261,-0.722886,0.256729,0.258416,-0.001510,0.514870
33.604918,2.187877,-0.072068,-0.517281,1.311488,1.166791,0.395034,0.460498,1.648446,-0.632610,0.751854,0.520795,0.689085,0.338941,0.177209,-0.544289,0.359487,0.539177,-1.460630,-1.133897,1.230061,-0.963513,0.420850,0.243212,-0.720324,0.258811,0.256209,-0.000835,0.516260
33.605938,2.189230,-0.075338,-0.511364,1.310663,1.169005,0.394579,0.461420,1.639480,-0.583669,0.738679,0.500395,0.689302,0.338951,0.177418,-0.543871,0.359725,0.538461,-1.460384,-1.133642,1.230064,-0.962990,0.418403,0.242565,-0.717833,0.255197,0.258558,0.001103,0.518050
33.607053,2.194292,-0.074649,-0.517149,1.312883,1.172473,0.392414,0.461594,1.612433,-0.536687,0.712475,0.483386,0.688531,0.337955,0.177632,-0.543454,0.359972,0.537738,-1.460123,-1.133386,1.230064,-0.962481,0.417923,0.243641,-0.721056,0.256939,0.256217,0.001471,0.516294
33.608029,2.189160,-0.079979,-0.512534,1.314320,1.167601,0.393659,0.462507,1.582169,-0.497080,0.685002,0.469108,0.687560,0.336727,0.177812,-0.543038,0.360215,0.537021,-1.459870,-1.133140,1.230074,-0.961960,0.416032,0.242959,-0.719224,0.256459,0.252996,0.003515,0.516233
33.608979,2.180718,-0.078020,-0.516712,1.313186,1.173455,0.393421,0.464152,1.553951,-0.467541,0.660426,0.457625,0.686691,0.335478,0.177929,-0.542609,0.360461,0.536291,-1.459613,-1.132877,1.230074,-0.961453,0.418451,0.244976,-0.721318,0.255695,0.257693,0.002172,0.514429
33.609997,2.173774,-0.079491,-0.513148,1.314924,1.171770,0.393694,0.463688,1.521628,-0.447593,0.633983,0.450011,0.685575,0.333815,0.177984,-0.542180,0.360703,0.535582,-1.459351,-1.132640,1.230076,-0.960947,0.422357,0.243274,-0.718936,0.257215,0.251667,0.002342,0.511109
33.610978,2.177587,-0.080400,-0.519021,1.313779,1.172676,0.393788,0.464092,1.475673,-0.430949,0.597823,0.444906,0.683916,0.331133,0.178009,-0.541745,0.360946,0.534857,-1.459099,-1.132386,1.230081,-0.960429,0.425768,0.243484,-0.720944,0.256540,0.253366,0.001965,0.512164
33.611931,2.179012,-0.084192,-0.520371,1.315490,1.173960,0.395900,0.464302,1.415320,-0.414115,0.551086,0.440773,0.681819,0.327356,0.178058,-0.541320,0.361190,0.534137,-1.458837,-1.132136,1.230083,-0.959924,0.423675,0.243298,-0.717854,0.258286,0.252309,0.001794,0.511391
33.613040,2.173079,-0.082327,-0.526886,1.319874,1.175022,0.396632,0.466658,1.348023,-0.398797,0.499628,0.437183,0.679635,0.322922,0.178154,-0.540901,0.361438,0.533428,-1.458584,-1.131885,1.230078,-0.959414,0.422783,0.244450,-0.716992,0.257164,0.250834,-0.000374,0.510950
33.613938,2.170716,-0.082512,-0.533120,1.319304,1.174506,0.398139,0.467056,1.275798,-0.387490,0.445248,0.435807,0.677285,0.318071,0.178274,-0.540464,0.361676,0.532712,-1.458332,-1.131642,1.230076,-0.958917,0.426178,0.243232,-0.714800,0.254497,0.250044,-0.001159,0.506559
33.614942,2.161698,-0.086049,-0.529030,1.320543,1.172360,0.399310,0.468199,1.192034,-0.378029,0.382663,0.437871,0.674331,0.312574,0.178393,-0.540033,0.361919,0.532013,-1.458074,-1.131392,1.230072,-0.958414,0.426707,0.242503,-0.711093,0.255191,0.250254,-0.002710,0.505684
33.616064,2.161472,-0.083994,-0.536352,1.322112,1.171478,0.397111,0.470502,1.093204,-0.367726,0.308844,0.443010,0.670626,0.306275,0.178499,-0.539594,0.362165,0.531294,-1.457822,-1.131139,1.230066,-0.957915,0.431085,0.243678,-0.713319,0.254930,0.252331,-0.003914,0.503513
33.616942,2.159920,-0.087406,-0.534032,1.321324,1.171127,0.395938,0.470791,0.981531,-0.357530,0.225571,0.451348,0.666253,0.299326,0.178590,-0.539161,0.362405,0.530582,-1.457563,-1.130887,1.230069,-0.957430,0.431653,0.242361,-0.710845,0.255015,0.253407,-0.001780,0.499323
33.617926,2.156690,-0.087570,-0.531532,1.319457,1.169679,0.395350,0.472702,0.862240,-0.347168,0.136751,0.461743,0.661526,0.292011,0.178678,-0.538734,0.362652,0.529879,-1.457308,-1.130629,1.230069,-0.956931,0.431753,0.243173,-0.711234,0.255836,0.253301,-0.000678,0.498637
33.618980,2.160597,-0.087870,-0.535536,1.323279,1.167433,0.394786,0.472996,0.743688,-0.336189,0.048625,0.472012,0.657032,0.284748,0.178794,-0.538298,0.362893,0.529161,-1.457044,-1.130370,1.230069,-0.956444,0.433141,0.242654,-0.712451,0.258295,0.254569,-0.000166,0.494922
33.619988,2.158143,-0.093259,-0.539473,1.323054,1.165117,0.394721,0.473709,0.632813,-0.325315,-0.033451,0.481279,0.653167,0.277939,0.178970,-0.537875,0.363135,0.528462,-1.456790,-1.130113,1.230070,-0.955952,0.431418,0.242360,-0.711211,0.255719,0.256814,0.000321,0.494628
33.620981,2.153996,-0.094283,-0.543240,1.324699,1.164002,0.394211,0.474658,0.531620,-0.318245,-0.107520,0.491627,0.649795,0.271754,0.179233,-0.537441,0.363385,0.527755,-1.456535,-1.129851,1.230069,-0.955457,0.432583,0.244426,-0.709547,0.256928,0.258963,0.000316,0.493346
33.621922,2.151796,-0.096933,-0.544446,1.322716,1.163263,0.394739,0.476326,0.436174,-0.318269,-0.176234,0.505602,0.646451,0.265938,0.179576,-0.536999,0.363628,0.527046,-1.456281,-1.129593,1.230071,-0.954976,0.434389,0.244309,-0.707796,0.256117,0.259894,0.000751,0.491621
33.623034,2.151587,-0.094363,-0.553316,1.324453,1.160254,0.396223,0.477576,0.342116,-0.323452,-0.243128,0.522730,0.642919,0.260179,0.179953,-0.536563,0.363876,0.526348,-1.456016,-1.129331,1.230067,-0.954496,0.435025,0.244867,-0.707024,0.258370,0.260293,0.000169,0.488339
33.623941,2.152922,-0.092339,-0.551562,1.326051,1.159766,0.396768,0.478068,0.248428,-0.328425,-0.309559,0.540155,0.639326,0.254422,0.180320,-0.536122,0.364112,0.525650,-1.455763,-1.129064,1.230062,-0.954007,0.435479,0.243318,-0.703881,0.258327,0.263371,-0.001374,0.486249
33.624957,2.157171,-0.091502,-0.552014,1.325428,1.159034,0.395474,0.479915,0.156738,-0.327941,-0.374853,0.555148,0.635882,0.248892,0.180646,-0.535691,0.364352,0.524954,-1.455508,-1.128803,1.230058,-0.953530,0.434219,0.241541,-0.704332,0.256961,0.263421,-0.001947,0.485285
33.625977,2.154765,-0.090381,-0.556842,1.328335,1.159080,0.395623,0.479021,0.074654,-0.320042,-0.433491,0.565534,0.633066,0.244159,0.180884,-0.535259,0.364592,0.524246,-1.455249,-1.128534,1.230059,-0.953052,0.432061,0.240620,-0.704460,0.258522,0.263935,-0.000710,0.481805
33.626961,2.151890,-0.091625,-0.561972,1.327909,1.156886,0.393803,0.477790,0.007116,-0.305062,-0.481827,0.570354,0.631191,0.240519,0.181031,-0.534817,0.364830,0.523545,-1.454996,-1.128270,1.230059,-0.952571,0.433152,0.239580,-0.702494,0.256650,0.263720,-0.000944,0.483878
33.628035,2.144092,-0.096979,-0.568806,1.331630,1.157851,0.393820,0.478566,-0.052155,-0.283934,-0.524673,0.571086,0.629865,0.237572,0.181159,-0.534384,0.365072,0.522852,-1.454733,-1.128000,1.230064,-0.952077,0.434388,0.239604,-0.700181,0.257689,0.265626,0.000798,0.486451
33.628993,2.138899,-0.098247,-0.566178,1.329379,1.153998,0.393004,0.477530,-0.114042,-0.260967,-0.569935,0.571678,0.628283,0.234592,0.181312,-0.533936,0.365319,0.522156,-1.454482,-1.127739,1.230064,-0.951585,0.438396,0.241844,-0.697770,0.255425,0.264642,0.000683,0.485169
33.629929,2.138594,-0.098882,-0.565492,1.327276,1.157313,0.391924,0.476902,-0.184889,-0.241550,-0.621906,0.575593,0.625892,0.231090,0.181493,-0.533491,0.365560,0.521446,-1.454218,-1.127465,1.230067,-0.951098,0.440480,0.241800,-0.698942,0.258108,0.268126,0.001426,0.487349
33.631125,2.143301,-0.099677,-0.566607,1.330997,1.158452,0.392061,0.476734,-0.259999,-0.223938,-0.677292,0.580071,0.623154,0.227168,0.181669,-0.533057,0.365801,0.520752,-1.453957,-1.127205,1.230070,-0.950604,0.440148,0.241407,-0.699092,0.260510,0.264412,0.002425,0.488600
33.631961,2.142263,-0.104095,-0.567190,1.332060,1.158090,0.391532,0.477084,-0.327409,-0.205694,-0.727334,0.580862,0.620998,0.223415,0.181810,-0.532622,0.366041,0.520049,-1.453702,-1.126943,1.230073,-0.950117,0.438640,0.241727,-0.700533,0.259025,0.263592,0.002173,0.489517
33.632950,2.137206,-0.100464,-0.564006,1.331161,1.158899,0.392842,0.477018,-0.378760,-0.191745,-0.765189,0.579291,0.619695,0.220369,0.181914,-0.532182,0.366287,0.519359,-1.453444,-1.126680,1.230078,-0.949626,0.438118,0.242937,-0.699215,0.257627,0.263362,0.002621,0.488603
33.634064,2.135841,-0.098649,-0.571180,1.332527,1.155777,0.394264,0.477318,-0.414634,-0.182809,-0.791324,0.576344,0.619118,0.218037,0.181996,-0.531742,0.366525,0.518655,-1.453184,-1.126417,1.230077,-0.949129,0.440411,0.240540,-0.701004,0.259248,0.262311,0.001228,0.488850
33.634975,2.136847,-0.102592,-0.574577,1.332970,1.154271,0.393442,0.475657,-0.441729,-0.170088,-0.811872,0.568974,0.619214,0.216024,0.182072,-0.531297,0.366762,0.517953,-1.452924,-1.126148,1.230075,-0.948646,0.441394,0.239399,-0.698657,0.259419,0.265501,-0.000259,0.488671
33.636000,2.144507,-0.100670,-0.568358,1.332693,1.157912,0.393876,0.477076,-0.466024,-0.149790,-0.831856,0.556639,0.619760,0.213975,0.182164,-0.530862,0.367003,0.517267,-1.452665,-1.125878,1.230077,-0.948144,0.440275,0.240623,-0.696672,0.259139,0.266500,0.000509,0.491949
33.636994,2.149421,-0.102275,-0.571260,1.331435,1.156310,0.394433,0.477421,-0.481825,-0.125861,-0.846599,0.540469,0.620983,0.212199,0.182275,-0.530431,0.367238,0.516558,-1.452400,-1.125627,1.230077,-0.947666,0.436445,0.239207,-0.700255,0.260270,0.262793,-0.000011,0.489307
33.637994,2.152767,-0.108016,-0.565493,1.331543,1.154440,0.394624,0.478101,-0.475978,-0.099971,-0.846007,0.518850,0.623731,0.211444,0.182369,-0.530005,0.367479,0.515870,-1.452132,-1.125359,1.230074,-0.947175,0.433923,0.239455,-0.699159,0.262061,0.264180,-0.000617,0.488775
33.639075,2.151552,-0.102374,-0.572633,1.329993,1.151357,0.394945,0.478453,-0.442664,-0.075571,-0.825348,0.492541,0.628276,0.212046,0.182427,-0.529574,0.367726,0.515163,-1.451869,-1.125088,1.230073,-0.946682,0.432165,0.241708,-0.702310,0.262634,0.265774,-0.000869,0.487557
33.640072,2.148812,-0.105998,-0.576253,1.327987,1.149932,0.396331,0.477848,-0.387001,-0.053681,-0.788362,0.463325,0.634216,0.213729,0.182447,-0.529135,0.367957,0.514463,-1.451598,-1.124815,1.230069,-0.946192,0.433011,0.238590,-0.699695,0.265283,0.268771,-0.001245,0.487186
33.641109,2.148176,-0.106192,-0.582331,1.327333,1.148333,0.396540,0.478376,-0.323498,-0.026424,-0.746833,0.430144,0.640857,0.215677,0.182412,-0.528703,0.368199,0.513774,-1.451323,-1.124538,1.230064,-0.945706,0.434250,0.239866,-0.698321,0.267679,0.269830,-0.002679,0.488578
33.642011,2.146284,-0.104459,-0.578661,1.323907,1.146401,0.395649,0.477432,-0.265458,0.009715,-0.711168,0.393835,0.647375,0.217161,0.182332,-0.528265,0.368436,0.513074,-1.451051,-1.124266,1.230062,-0.945216,0.434566,0.239520,-0.695901,0.269051,0.271226,-0.002937,0.487734
33.643017,2.149291,-0.105020,-0.573648,1.322523,1.142361,0.395084,0.475828,-0.216784,0.054918,-0.684255,0.355246,0.653367,0.218026,0.182234,-0.527828,0.368673,0.512380,-1.450772,-1.123985,1.230061,-0.944726,0.434838,0.237901,-0.697296,0.272130,0.272547,-0.002093,0.489597
33.644008,2.153538,-0.104145,-0.581860,1.323416,1.140021,0.394845,0.476277,-0.171770,0.109887,-0.661672,0.313172,0.659085,0.218680,0.182143,-0.527399,0.368912,0.511672,-1.450497,-1.123699,1.230060,-0.944223,0.433274,0.237678,-0.700088,0.273949,0.276196,-0.001597,0.492934
33.645074,2.155984,-0.103160,-0.575668,1.322499,1.136997,0.393949,0.475306,-0.123636,0.170932,-0.637723,0.268792,0.664669,0.219634,0.182078,-0.526972,0.369143,0.510976,-1.450221,-1.123420,1.230058,-0.943739,0.431051,0.236768,-0.696203,0.273360,0.278133,-0.001416,0.492157
33.646087,2.146688,-0.102146,-0.577051,1.318824,1.133306,0.394044,0.474279,-0.070291,0.233941,-0.610315,0.224533,0.670006,0.221125,0.182038,-0.526548,0.369376,0.510279,-1.449941,-1.123133,1.230061,-0.943240,0.430158,0.235971,-0.700288,0.275034,0.280891,-0.000605,0.494387
33.647056,2.151679,-0.103169,-0.575483,1.319588,1.131119,0.393957,0.475021,-0.013976,0.299108,-0.581113,0.180654,0.675061,0.223009,0.182018,-0.526108,0.369610,0.509577,-1.449652,-1.122840,1.230061,-0.942736,0.434714,0.235016,-0.699957,0.278898,0.284113,-0.000780,0.496570
33.648012,2.151660,-0.102508,-0.578016,1.320227,1.128670,0.393420,0.476379,0.039921,0.367068,-0.554138,0.137457,0.679683,0.224918,0.181995,-0.525680,0.369844,0.508870,-1.449377,-1.122551,1.230061,-0.942244,0.431930,0.234991,-0.700702,0.278280,0.285755,-0.000760,0.495131
33.649064,2.162071,-0.101509,-0.573025,1.316452,1.128503,0.392646,0.476062,0.091048,0.433442,-0.529036,0.097519,0.683751,0.226892,0.181933,-0.525256,0.370074,0.508175,-1.449098,-1.122255,1.230064,-0.941757,0.431721,0.234115,-0.699400,0.277639,0.287570,-0.000306,0.492473
33.650017,2.163451,-0.098991,-0.565662,1.317913,1.126184,0.392920,0.474621,0.146489,0.495413,-0.500080,0.060869,0.687732,0.229340,0.181831,-0.524839,0.370301,0.507462,-1.448810,-1.121971,1.230063,-0.941263,0.426803,0.233350,-0.702554,0.281925,0.287431,0.000406,0.493393
33.651009,2.165016,-0.098291,-0.570075,1.316694,1.121148,0.393606,0.476451,0.217446,0.553474,-0.458787,0.024604,0.692550,0.232849,0.181719,-0.524423,0.370530,0.506758,-1.448531,-1.121680,1.230062,-0.940767,0.425995,0.231553,-0.706087,0.280398,0.289173,0.000059,0.496328
33.651950,2.157458,-0.098448,-0.561441,1.315790,1.119144,0.393685,0.476871,0.305077,0.607509,-0.404139,-0.011408,0.698353,0.237532,0.181597,-0.523998,0.370760,0.506055,-1.448249,-1.121376,1.230060,-0.940282,0.425148,0.230773,-0.704033,0.281838,0.293612,-0.000684,0.492765
33.653063,2.161129,-0.099874,-0.563726,1.316687,1.119516,0.392380,0.477748,0.398247,0.657710,-0.344468,-0.045352,0.704468,0.242763,0.181433,-0.523560,0.370986,0.505336,-1.447967,-1.121079,1.230058,-0.939797,0.428477,0.230331,-0.707976,0.282554,0.294904,-0.000813,0.492000
33.654007,2.165734,-0.096593,-0.560244,1.316407,1.117015,0.393219,0.478066,0.489325,0.701824,-0.285152,-0.075286,0.710364,0.248055,0.181214,-0.523138,0.371218,0.504631,-1.447683,-1.120782,1.230060,-0.939303,0.427175,0.230874,-0.708031,0.282629,0.294249,0.000414,0.490621
33.655055,2.170525,-0.099285,-0.562840,1.320031,1.119404,0.392800,0.478250,0.579328,0.737665,-0.225051,-0.100712,0.715985,0.253454,0.180940,-0.522717,0.371442,0.503918,-1.447401,-1.120486,1.230057,-0.938813,0.424604,0.228717,-0.709456,0.282777,0.296114,-0.000494,0.490032
33.656082,2.174639,-0.096175,-0.553520,1.318153,1.120183,0.391595,0.479989,0.672148,0.763841,-0.161029,-0.121649,0.721405,0.259244,0.180604,-0.522299,0.371673,0.503213,-1.447128,-1.120199,1.230057,-0.938331,0.422512,0.229764,-0.708798,0.279906,0.293356,-0.000135,0.489956
33.657017,2.178909,-0.097754,-0.547847,1.316950,1.123491,0.392150,0.479762,0.771875,0.778411,-0.089793,-0.137995,0.726750,0.265679,0.180232,-0.521880,0.371898,0.502488,-1.446846,-1.119907,1.230060,-0.937847,0.420633,0.227879,-0.713766,0.282265,0.292160,0.000992,0.486681
33.657964,2.180220,-0.098061,-0.547546,1.318615,1.124771,0.391956,0.479845,0.884845,0.783365,-0.006750,-0.152711,0.732583,0.273013,0.179860,-0.521461,0.372126,0.501762,-1.446560,-1.119626,1.230059,-0.937364,0.418212,0.228131,-0.716002,0.283156,0.288288,0.000359,0.487221
33.659010,2.182654,-0.106684,-0.540014,1.316923,1.125955,0.391544,0.479274,1.011525,0.780080,0.088344,-0.167046,0.739057,0.281199,0.179543,-0.521048,0.372355,0.501049,-1.446282,-1.119339,1.230060,-0.936871,0.417409,0.227740,-0.715827,0.281419,0.286461,0.000484,0.487077
33.660020,2.177803,-0.105679,-0.540814,1.317956,1.125541,0.391262,0.479809,1.146937,0.763693,0.192213,-0.177741,0.745677,0.289903,0.179340,-0.520629,0.372596,0.500321,-1.445996,-1.119056,1.230061,-0.936378,0.416478,0.231649,-0.720004,0.283626,0.285002,0.000821,0.488476
33.661007,2.179879,-0.109443,-0.536452,1.316917,1.127250,0.391479,0.480993,1.284866,0.730147,0.300513,-0.181948,0.751922,0.298665,0.179236,-0.520202,0.372822,0.499593,-1.445713,-1.118773,1.230060,-0.935898,0.418927,0.230735,-0.719618,0.282848,0.285053,0.001036,0.487602
33.662047,2.179628,-0.112977,-0.532203,1.318054,1.129197,0.390819,0.480027,1.416701,0.682547,0.406386,-0.179721,0.757381,0.306951,0.179173,-0.519788,0.373060,0.498875,-1.445429,-1.118490,1.230060,-0.935415,0.417896,0.232090,-0.721819,0.284007,0.282893,0.000745,0.485375
33.662947,2.177239,-0.113815,-0.537654,1.317758,1.129643,0.391645,0.481750,1.540335,0.623052,0.507996,-0.171700,0.762034,0.314655,0.179121,-0.519366,0.373295,0.498142,-1.445148,-1.118218,1.230063,-0.934929,0.418251,0.233463,-0.724209,0.283391,0.280755,0.001327,0.487608
33.663993,2.165590,-0.115392,-0.538715,1.321925,1.130415,0.392035,0.483308,1.653295,0.552970,0.603255,-0.157952,0.765802,0.321661,0.179057,-0.518947,0.373528,0.497437,-1.444864,-1.117941,1.230064,-0.934450,0.418979,0.233163,-0.720798,0.283183,0.279735,0.000419,0.484095
33.664912,2.164867,-0.119099,-0.541625,1.320481,1.132589,0.391694,0.480962,1.741871,0.477255,0.681210,-0.137794,0.767965,0.327270,0.178958,-0.518507,0.373766,0.496707,-1.444592,-1.117666,1.230063,-0.933973,0.424889,0.233551,-0.720652,0.279787,0.278754,-0.000034,0.481290
33.665932,2.162520,-0.122072,-0.543170,1.324461,1.133751,0.392056,0.482077,1.794828,0.398775,0.733018,-0.110020,0.767903,0.330904,0.178870,-0.518079,0.374001,0.495986,-1.444309,-1.117396,1.230063,-0.933485,0.424709,0.234728,-0.718525,0.280924,0.276099,0.000250,0.486048
33.667015,2.163668,-0.126450,-0.543952,1.327849,1.135254,0.392522,0.481664,1.814186,0.316925,0.760163,-0.074503,0.765748,0.332685,0.178865,-0.517653,0.374240,0.495273,-1.444039,-1.117123,1.230059,-0.933001,0.425957,0.235724,-0.718104,0.277575,0.274703,-0.000171,0.483971
33.668092,2.160803,-0.132464,-0.540848,1.328888,1.137969,0.389277,0.481507,1.808681,0.227386,0.769528,-0.030047,0.761842,0.333208,0.178956,-0.517224,0.374479,0.494551,-1.443765,-1.116859,1.230058,-0.932517,0.425709,0.237580,-0.718485,0.275201,0.273184,-0.000707,0.485183
33.668954,2.160054,-0.135519,-0.540583,1.329970,1.136314,0.388631,0.481228,1.787929,0.124797,0.768717,0.024677,0.756557,0.333048,0.179127,-0.516797,0.374726,0.493833,-1.443489,-1.116592,1.230068,-0.932025,0.427505,0.240149,-0.720820,0.275129,0.270404,0.002439,0.485804
33.669934,2.152066,-0.142450,-0.539776,1.328452,1.134226,0.388137,0.478738,1.758773,0.008755,0.762711,0.088335,0.750328,0.332459,0.179374,-0.516368,0.374968,0.493110,-1.443220,-1.116318,1.230073,-0.931537,0.427080,0.240762,-0.719758,0.273601,0.271459,0.002970,0.486230
33.670993,2.148052,-0.140832,-0.549166,1.329203,1.138067,0.388787,0.479138,1.721340,-0.116674,0.751017,0.158504,0.743292,0.331300,0.179719,-0.515925,0.375214,0.492388,-1.442940,-1.116043,1.230079,-0.931039,0.430766,0.243583,-0.720052,0.275304,0.273186,0.003358,0.491341
33.671978,2.139433,-0.142759,-0.544361,1.329474,1.138711,0.388907,0.478231,1.669096,-0.243253,0.727742,0.231674,0.735332,0.329054,0.180179,-0.515492,0.375454,0.491682,-1.442664,-1.115782,1.230079,-0.930549,0.432936,0.242320,-0.716062,0.275348,0.269249,0.002621,0.490762
33.673052,2.138374,-0.139391,-0.554597,1.334164,1.142283,0.390867,0.477561,1.596107,-0.360642,0.687322,0.303375,0.726445,0.325323,0.180722,-0.515044,0.375695,0.490957,-1.442389,-1.115519,1.230081,-0.930046,0.436883,0.242703,-0.718395,0.275371,0.268401,0.002427,0.492671
33.674060,2.143655,-0.139439,-0.561032,1.338225,1.144665,0.391228,0.475725,1.502079,-0.463086,0.629081,0.371186,0.716724,0.320209,0.181313,-0.514605,0.375934,0.490253,-1.442127,-1.115263,1.230079,-0.929547,0.437557,0.240632,-0.714131,0.271879,0.264854,0.000387,0.494289
33.674932,2.144706,-0.136809,-0.555925,1.338048,1.149499,0.393279,0.475129,1.391195,-0.549606,0.556239,0.434819,0.706299,0.314173,0.181927,-0.514176,0.376175,0.489547,-1.441870,-1.115003,1.230075,-0.929043,0.434850,0.240131,-0.711224,0.268720,0.262333,-0.000005,0.498097
33.675977,2.140694,-0.137158,-0.565912,1.341936,1.154028,0.392731,0.476512,1.275353,-0.620523,0.477813,0.492762,0.695840,0.308043,0.182505,-0.513744,0.376409,0.488826,-1.441602,-1.114755,1.230066,-0.928549,0.433574,0.238034,-0.712770,0.268607,0.257112,-0.002080,0.499131
33.676949,2.133842,-0.136006,-0.566544,1.345648,1.154725,0.392660,0.475843,1.162913,-0.675686,0.400021,0.543163,0.685971,0.302314,0.182970,-0.513299,0.376649,0.488133,-1.441340,-1.114511,1.230067,-0.928054,0.435580,0.237781,-0.708509,0.265736,0.252688,-0.001585,0.496558
33.677915,2.129256,-0.134505,-0.573279,1.348246,1.154949,0.391620,0.475002,1.047973,-0.716749,0.318593,0.587842,0.676338,0.296662,0.183312,-0.512859,0.376883,0.487426,-1.441086,-1.114261,1.230066,-0.927550,0.438658,0.236656,-0.708208,0.262742,0.251892,-0.001581,0.497977
33.678990,2.136486,-0.136483,-0.579147,1.350799,1.155247,0.390306,0.474420,0.922599,-0.745721,0.227861,0.629390,0.666406,0.290663,0.183587,-0.512411,0.377117,0.486721,-1.440829,-1.114006,1.230067,-0.927049,0.440464,0.235346,-0.704769,0.260758,0.251468,-0.000604,0.499701
33.680010,2.136801,-0.138178,-0.579185,1.355492,1.160246,0.389467,0.473672,0.788923,-0.764561,0.129682,0.668122,0.656277,0.284376,0.183845,-0.511982,0.377354,0.486028,-1.440574,-1.113756,1.230071,-0.926544,0.437101,0.236021,-0.702900,0.259624,0.251292,0.000618,0.501117
33.680935,2.129989,-0.140676,-0.584539,1.354419,1.162019,0.388662,0.472802,0.658806,-0.780080,0.033697,0.704914,0.646487,0.278375,0.184098,-0.511541,0.377589,0.485318,-1.440324,-1.113520,1.230075,-0.926043,0.436863,0.236426,-0.703272,0.256058,0.246361,0.001355,0.502770
33.681984,2.127757,-0.141976,-0.588347,1.359185,1.160137,0.389753,0.471160,0.537723,-0.797209,-0.055349,0.740737,0.637327,0.272849,0.184353,-0.511100,0.377829,0.484633,-1.440065,-1.113280,1.230078,-0.925535,0.439691,0.236955,-0.700392,0.257447,0.244468,0.002076,0.504431
33.682989,2.122080,-0.142105,-0.595175,1.361368,1.159885,0.391044,0.472385,0.420052,-0.815331,-0.141605,0.775706,0.628602,0.267364,0.184627,-0.510654,0.378068,0.483935,-1.439819,-1.113029,1.230077,-0.925016,0.440763,0.237183,-0.699265,0.254069,0.246435,0.000899,0.507880
33.684020,2.113944,-0.144129,-0.596930,1.366512,1.162431,0.390770,0.473290,0.300171,-0.833712,-0.229323,0.810571,0.619957,0.261633,0.184898,-0.510202,0.378301,0.483241,-1.439567,-1.112791,1.230072,-0.924519,0.443284,0.236778,-0.696258,0.252903,0.246727,-0.000435,0.505508
33.684978,2.113983,-0.142597,-0.597445,1.368732,1.165244,0.391238,0.473059,0.173515,-0.852469,-0.321924,0.846589,0.611004,0.255487,0.185123,-0.509753,0.378539,0.482553,-1.439324,-1.112552,1.230069,-0.924015,0.447215,0.237348,-0.696134,0.249131,0.244271,-0.000197,0.503872
33.686112,2.118494,-0.139835,-0.602886,1.372244,1.168731,0.390883,0.473442,0.041127,-0.871655,-0.418593,0.883815,0.601761,0.249045,0.185300,-0.509306,0.378774,0.481853,-1.439080,-1.112318,1.230068,-0.923506,0.446635,0.235987,-0.695816,0.247805,0.241443,-0.000732,0.504345
33.686971,2.121580,-0.143071,-0.605030,1.374780,1.169503,0.391160,0.473842,-0.086754,-0.888012,-0.511990,0.918860,0.592983,0.242913,0.185443,-0.508869,0.379003,0.481168,-1.438834,-1.112090,1.230070,-0.923009,0.444887,0.234501,-0.694755,0.246326,0.238428,-0.000462,0.503981
33.687896,2.113943,-0.146381,-0.602044,1.374085,1.167988,0.390779,0.475905,-0.199358,-0.899693,-0.594349,0.948926,0.585395,0.237687,0.185550,-0.508431,0.379241,0.480476,-1.438596,-1.111853,1.230067,-0.922507,0.442438,0.235282,-0.692847,0.244103,0.237395,-0.000788,0.502983
33.688948,2.110422,-0.146094,-0.601872,1.373949,1.167116,0.389989,0.475265,-0.372120,-0.919031,-0.720599,0.997064,0.573891,0.229999,0.185678,-0.507530,0.379717,0.479086,-1.438098,-1.111373,1.230067,-0.921516,0.447261,0.235688,-0.694989,0.246856,0.239810,0.000258,0.500381
33.690025,2.109674,-0.145928,-0.608167,1.379654,1.166878,0.390287,0.475405,-0.372120,-0.919031,-0.720599,0.997064,0.573891,0.229999,0.185678,-0.507530,0.379717,0.479086,-1.438098,-1.111373,1.230067,-0.921516,0.447261,0.235688,-0.694989,0.246856,0.239810,0.000258,0.500381
33.690936,2.113926,-0.146950,-0.603194,1.376833,1.167339,0.389939,0.475740,-0.440671,-0.924189,-0.771065,1.014735,0.569613,0.226891,0.185743,-0.507079,0.379956,0.478395,-1.437863,-1.111134,1.230067,-0.921012,0.447672,0.235249,-0.692901,0.243018,0.240266,-0.000126,0.500345
33.691917,2.111018,-0.152337,-0.610894,1.377302,1.169009,0.389901,0.475852,-0.497549,-0.925489,-0.813220,1.028222,0.566264,0.224314,0.185815,-0.506636,0.380189,0.477691,-1.437609,-1.110896,1.230070,-0.920522,0.444823,0.235085,-0.694915,0.246189,0.239635,0.000145,0.499639
33.692993,2.114102,-0.153886,-0.606869,1.380375,1.169125,0.389272,0.476484,-0.538392,-0.923755,-0.843707,1.036747,0.564128,0.222421,0.185855,-0.506191,0.380431,0.477008,-1.437364,-1.110659,1.230068,-0.920022,0.445944,0.237190,-0.691357,0.246686,0.237968,0.000125,0.499496
33.693978,2.115821,-0.151845,-0.610155,1.381153,1.166737,0.390434,0.475979,-0.563546,-0.923059,-0.862417,1.042169,0.563062,0.221122,0.185858,-0.505747,0.380665,0.476307,-1.437117,-1.110418,1.230069,-0.919527,0.444509,0.237651,-0.694404,0.245226,0.238076,0.000679,0.498518
33.694938,2.111759,-0.153962,-0.614536,1.381875,1.166826,0.390877,0.476958,-0.572170,-0.925733,-0.868467,1.046180,0.562950,0.220582,0.185854,-0.505309,0.380897,0.475623,-1.436870,-1.110172,1.230063,-0.919022,0.443399,0.236120,-0.693085,0.245436,0.240420,-0.000536,0.499611
33.696058,2.115706,-0.149816,-0.608875,1.382591,1.167246,0.391356,0.476851,-0.567889,-0.927561,-0.865021,1.047758,0.563643,0.220707,0.185852,-0.504861,0.381136,0.474932,-1.436625,-1.109926,1.230060,-0.918521,0.444949,0.236578,-0.690961,0.245565,0.240183,-0.001019,0.497653
33.697037,2.115604,-0.151077,-0.611657,1.381816,1.168152,0.390261,0.475034,-0.555203,-0.923916,-0.855957,1.045350,0.565010,0.221298,0.185846,-0.504418,0.381363,0.474225,-1.436376,-1.109687,1.230059,-0.918029,0.443309,0.234364,-0.695125,0.246717,0.240099,-0.001571,0.498293
33.698004,2.122327,-0.153626,-0.607137,1.385091,1.164654,0.389137,0.476785,-0.530519,-0.911737,-0.838890,1.036487,0.567413,0.222570,0.185839,-0.503981,0.381598,0.473538,-1.436127,-1.109451,1.230060,-0.917521,0.443089,0.234479,-0.693963,0.248397,0.239197,-0.000538,0.501997
33.698980,2.121059,-0.149546,-0.606363,1.385686,1.162741,0.388829,0.477414,-0.490006,-0.894366,-0.810653,1.022082,0.570932,0.224732,0.185849,-0.503548,0.381832,0.472837,-1.435880,-1.109202,1.230063,-0.917034,0.439404,0.235207,-0.696263,0.245924,0.242605,0.000506,0.498520
33.699987,2.126701,-0.156203,-0.612128,1.388189,1.163990,0.389122,0.479390,-0.432305,-0.877296,-0.769686,1.005157,0.575325,0.227922,0.185874,-0.503114,0.382061,0.472141,-1.435633,-1.108954,1.230064,-0.916537,0.439823,0.232667,-0.696782,0.246259,0.244387,0.000727,0.497364
33.700993,2.126192,-0.153235,-0.610082,1.389907,1.162160,0.389518,0.479630,-0.361157,-0.862223,-0.718586,0.987503,0.580207,0.231943,0.185894,-0.502681,0.382303,0.471448,-1.435387,-1.108711,1.230064,-0.916044,0.436888,0.235488,-0.694329,0.244899,0.243127,0.000359,0.493543
33.702077,2.131281,-0.160800,-0.616574,1.388834,1.163622,0.389172,0.480121,-0.281992,-0.851931,-0.661113,0.971375,0.585133,0.236454,0.185898,-0.502240,0.382530,0.470743,-1.435146,-1.108464,1.230064,-0.915559,0.436974,0.233587,-0.695695,0.244455,0.244970,-0.000105,0.493286
33.702931,2.122263,-0.155190,-0.612638,1.390954,1.162739,0.388638,0.481804,-0.197544,-0.847657,-0.599227,0.957300,0.589954,0.241219,0.185873,-0.501810,0.382776,0.470060,-1.434893,-1.108220,1.230064,-0.915068,0.434744,0.236996,-0.693657,0.247099,0.243668,0.000173,0.492631
33.703935,2.122712,-0.154541,-0.612761,1.393142,1.162102,0.388430,0.482214,-0.037955,-0.843265,-0.482588,0.930789,0.598453,0.249903,0.185754,-0.500920,0.383232,0.468671,-1.434413,-1.107728,1.230064,-0.914098,0.437790,0.232683,-0.695101,0.244244,0.244804,0.000784,0.488492
33.705062,2.128350,-0.151399,-0.614269,1.393678,1.166776,0.386140,0.481780,-0.037955,-0.843265,-0.482588,0.930789,0.598453,0.249903,0.185754,-0.500920,0.383232,0.468671,-1.434413,-1.107728,1.230064,-0.914098,0.437790,0.232683,-0.695101,0.244244,0.244804,0.000784,0.488492
33.706044,2.134828,-0.151426,-0.618656,1.394518,1.166114,0.385994,0.482417,0.030059,-0.832598,-0.434176,0.914788,0.602040,0.253559,0.185716,-0.500489,0.383461,0.467972,-1.434166,-1.107494,1.230068,-0.913601,0.435500,0.230981,-0.695783,0.245710,0.240485,0.002988,0.489775
33.706932,2.131253,-0.150238,-0.615546,1.394321,1.166939,0.385496,0.481705,0.097970,-0.813112,-0.386972,0.893609,0.605868,0.257113,0.185695,-0.500062,0.383690,0.467270,-1.433919,-1.107253,1.230071,-0.913118,0.432106,0.230553,-0.693688,0.245812,0.241174,0.003030,0.488625
33.708079,2.126770,-0.148670,-0.610545,1.397563,1.169678,0.385660,0.481767,0.167837,-0.784997,-0.339571,0.866797,0.610141,0.260615,0.185660,-0.499630,0.383915,0.466579,-1.433673,-1.107015,1.230072,-0.912627,0.433261,0.229319,-0.694720,0.246331,0.240106,0.003460,0.489988
33.708958,2.126605,-0.152672,-0.604467,1.395613,1.166452,0.386061,0.480742,0.236165,-0.750186,-0.294413,0.836167,0.614651,0.263890,0.185602,-0.499188,0.384145,0.465868,-1.433431,-1.106780,1.230075,-0.912129,0.436034,0.228458,-0.698712,0.245313,0.237791,0.003191,0.490286
33.709934,2.130487,-0.153074,-0.605212,1.395884,1.166345,0.386775,0.481428,0.302336,-0.713329,-0.251374,0.804320,0.619286,0.266923,0.185528,-0.498752,0.384374,0.465159,-1.433179,-1.106537,1.230075,-0.911635,0.435298,0.229777,-0.700874,0.247398,0.240775,0.002726,0.492237
33.710995,2.132422,-0.153247,-0.601748,1.394489,1.169401,0.386513,0.481419,0.370393,-0.679499,-0.206828,0.772916,0.624166,0.269885,0.185422,-0.498329,0.384604,0.464466,-1.432930,-1.106294,1.230078,-0.911141,0.433223,0.229479,-0.700661,0.247971,0.240796,0.001926,0.490922
33.712011,2.130693,-0.153647,-0.599685,1.395248,1.168539,0.387916,0.480194,0.444362,-0.648896,-0.157701,0.741025,0.629577,0.272920,0.185255,-0.497897,0.384833,0.463757,-1.432673,-1.106063,1.230079,-0.910646,0.432457,0.229300,-0.703160,0.250659,0.237984,0.002116,0.491220
33.712950,2.130897,-0.150650,-0.604132,1.397515,1.169930,0.390010,0.479641,0.524898,-0.619687,-0.103639,0.707414,0.635679,0.276039,0.185028,-0.497465,0.385060,0.463058,-1.432420,-1.105821,1.230072,-0.910150,0.433314,0.229138,-0.704642,0.250925,0.238937,0.000668,0.493858
33.714046,2.130352,-0.147494,-0.605432,1.398045,1.169431,0.389706,0.480268,0.606176,-0.590303,-0.049059,0.672860,0.642099,0.279056,0.184772,-0.497031,0.385286,0.462356,-1.432174,-1.105584,1.230066,-0.909650,0.432758,0.227102,-0.702131,0.249325,0.237431,-0.001459,0.494939
33.715011,2.127716,-0.146528,-0.602302,1.398907,1.169269,0.389284,0.480596,0.679990,-0.556830,-0.000394,0.637691,0.648328,0.281712,0.184486,-0.496596,0.385505,0.461646,-1.431920,-1.105343,1.230064,-0.909151,0.433373,0.225461,-0.702540,0.250394,0.238208,-0.001197,0.493984
33.716005,2.128033,-0.147940,-0.598685,1.401376,1.168712,0.389200,0.479572,0.743008,-0.516320,0.039643,0.601277,0.654177,0.283906,0.184147,-0.496163,0.385729,0.460945,-1.431673,-1.105104,1.230063,-0.908661,0.434399,0.224546,-0.704115,0.250372,0.238317,-0.000836,0.493413
33.717174,2.137217,-0.142208,-0.595585,1.400423,1.169552,0.388857,0.477962,0.797450,-0.472783,0.073202,0.565512,0.659555,0.285829,0.183771,-0.495729,0.385954,0.460235,-1.431425,-1.104869,1.230061,-0.908168,0.434054,0.224884,-0.706059,0.248899,0.238952,-0.000815,0.495620
33.717949,2.135456,-0.152252,-0.588126,1.399797,1.169317,0.387536,0.478656,0.852504,-0.429904,0.107588,0.530930,0.664830,0.288049,0.183373,-0.495309,0.386170,0.459526,-1.431166,-1.104632,1.230060,-0.907652,0.430322,0.222117,-0.709301,0.251866,0.238570,-0.000546,0.499266
33.718903,2.138496,-0.149492,-0.591981,1.401113,1.167351,0.387076,0.478385,0.919073,-0.390459,0.151250,0.496741,0.670585,0.291106,0.182949,-0.494879,0.386404,0.458810,-1.430914,-1.104392,1.230063,-0.907163,0.430007,0.226208,-0.711171,0.251852,0.238290,0.000717,0.497503
33.720015,2.134631,-0.151385,-0.595280,1.400629,1.163278,0.388003,0.478125,0.997046,-0.361065,0.204715,0.466161,0.676562,0.294918,0.182519,-0.494450,0.386623,0.458104,-1.430662,-1.104151,1.230064,-0.906668,0.428163,0.224367,-0.709045,0.251181,0.240190,0.001092,0.498109
33.720956,2.129500,-0.149701,-0.589770,1.402135,1.164812,0.387754,0.476957,1.075453,-0.341177,0.259602,0.440998,0.682068,0.298848,0.182120,-0.494015,0.386851,0.457396,-1.430403,-1.103898,1.230064,-0.906162,0.430558,0.225204,-0.708595,0.253252,0.244452,0.000074,0.498961
33.722037,2.129282,-0.150574,-0.596591,1.405748,1.161529,0.388742,0.475887,1.143496,-0.325592,0.307294,0.420451,0.686665,0.302275,0.181775,-0.493576,0.387074,0.456676,-1.430154,-1.103658,1.230064,-0.905653,0.432625,0.223859,-0.710935,0.252328,0.242753,0.000268,0.501265
33.723025,2.130718,-0.147793,-0.591796,1.403297,1.162174,0.387253,0.474667,1.195502,-0.313570,0.343653,0.405360,0.690047,0.304949,0.181470,-0.493139,0.387297,0.455963,-1.429906,-1.103405,1.230063,-0.905150,0.432951,0.224156,-0.708332,0.250332,0.246180,-0.000797,0.503681
33.723990,2.129077,-0.145910,-0.590170,1.402567,1.162864,0.387551,0.473082,1.232327,-0.303683,0.369291,0.394866,0.692347,0.306942,0.181192,-0.492710,0.387516,0.455253,-1.429649,-1.103158,1.230067,-0.904636,0.432084,0.222417,-0.710867,0.253601,0.245427,0.000623,0.506157
33.725041,2.127077,-0.140464,-0.591164,1.403343,1.159622,0.387590,0.474755,1.260764,-0.289885,0.388654,0.383916,0.694370,0.308506,0.180941,-0.492273,0.387732,0.454537,-1.429391,-1.102917,1.230065,-0.904127,0.432562,0.221138,-0.711483,0.254873,0.244672,0.000253,0.509337
33.726071,2.121757,-0.137207,-0.590946,1.407600,1.158361,0.386760,0.475222,1.283440,-0.265824,0.403014,0.368347,0.696636,0.309739,0.180687,-0.491840,0.387946,0.453833,-1.429132,-1.102659,1.230064,-0.903623,0.433710,0.218285,-0.711687,0.255256,0.247925,0.000147,0.506134
33.727040,2.122293,-0.140238,-0.592348,1.404591,1.159467,0.386040,0.475654,1.295531,-0.229819,0.408576,0.348612,0.698870,0.310485,0.180377,-0.491398,0.388160,0.453119,-1.428886,-1.102404,1.230064,-0.903117,0.436299,0.216500,-0.712201,0.252279,0.249121,0.000911,0.505379
33.728008,2.124104,-0.134801,-0.590725,1.404946,1.158908,0.385367,0.474803,1.294203,-0.185974,0.403572,0.327357,0.700711,0.310617,0.179981,-0.490960,0.388379,0.452402,-1.428623,-1.102162,1.230067,-0.902608,0.435657,0.217675,-0.711321,0.255816,0.247933,0.001544,0.504529
33.728987,2.123799,-0.136710,-0.598306,1.407286,1.157415,0.384343,0.476113,1.284276,-0.137281,0.391741,0.304372,0.702408,0.310256,0.179518,-0.490532,0.388591,0.451693,-1.428366,-1.101910,1.230071,-0.902106,0.434524,0.214638,-0.712071,0.256040,0.248338,0.002130,0.506297
33.729957,2.124520,-0.141517,-0.590577,1.407385,1.156279,0.384715,0.478942,1.269490,-0.084663,0.375838,0.279114,0.704141,0.309534,0.179015,-0.490099,0.388806,0.450985,-1.428115,-1.101659,1.230076,-0.901613,0.434463,0.215333,-0.708273,0.254546,0.249716,0.003056,0.503735
33.731016,2.122959,-0.138720,-0.595167,1.408398,1.156353,0.383867,0.478379,1.251294,-0.036599,0.357728,0.255682,0.705589,0.308520,0.178499,-0.489671,0.389027,0.450273,-1.427859,-1.101404,1.230079,-0.901126,0.433870,0.217355,-0.712112,0.255118,0.250647,0.002584,0.498149
33.731950,2.123872,-0.137871,-0.596303,1.410004,1.154657,0.385030,0.478720,1.233511,-0.000414,0.341023,0.236817,0.706707,0.307348,0.178012,-0.489235,0.389240,0.449563,-1.427606,-1.101149,1.230084,-0.900619,0.434815,0.215837,-0.710473,0.255445,0.250591,0.003341,0.499560
33.733111,2.116808,-0.135450,-0.597802,1.414319,1.155874,0.386761,0.478632,1.215273,0.026994,0.324843,0.221058,0.707552,0.305924,0.177595,-0.488801,0.389452,0.448849,-1.427349,-1.100895,1.230084,-0.900125,0.433860,0.215051,-0.709477,0.254193,0.252035,0.002096,0.498855
33.734108,2.118243,-0.130539,-0.604641,1.416353,1.154432,0.388220,0.478391,1.191425,0.049165,0.305112,0.208038,0.707883,0.304064,0.177264,-0.488361,0.389662,0.448144,-1.427103,-1.100643,1.230081,-0.899623,0.438053,0.214028,-0.710393,0.252102,0.251096,0.000296,0.499492
33.735073,2.122200,-0.133480,-0.606800,1.419404,1.157929,0.389454,0.479671,1.156549,0.069189,0.277680,0.197791,0.707447,0.301626,0.177013,-0.487924,0.389867,0.447439,-1.426856,-1.100393,1.230079,-0.899120,0.437099,0.211427,-0.707164,0.251142,0.252484,-0.001221,0.500070
33.736048,2.122147,-0.136728,-0.607789,1.417711,1.158221,0.389476,0.478728,1.111570,0.088769,0.243140,0.189767,0.706372,0.298736,0.176828,-0.487497,0.390082,0.446744,-1.426609,-1.100151,1.230075,-0.898629,0.434881,0.212601,-0.706171,0.248929,0.248863,-0.002493,0.497556
33.737043,2.123566,-0.138986,-0.616233,1.418376,1.156896,0.389587,0.478343,1.064589,0.103005,0.207905,0.184933,0.705094,0.295784,0.176698,-0.487060,0.390300,0.446033,-1.426350,-1.099899,1.230071,-0.898123,0.434627,0.213883,-0.705632,0.251279,0.248447,-0.002552,0.499528
33.738025,2.123457,-0.140792,-0.615934,1.420009,1.158351,0.388380,0.478882,1.018915,0.108682,0.174592,0.183719,0.703862,0.292809,0.176605,-0.486624,0.390512,0.445335,-1.426098,-1.099648,1.230070,-0.897627,0.433722,0.214785,-0.701672,0.251524,0.249699,-0.002723,0.500404
33.738957,2.114390,-0.144543,-0.619646,1.418878,1.152866,0.388395,0.478952,0.973185,0.105840,0.142096,0.186226,0.702623,0.289691,0.176528,-0.486190,0.390730,0.444637,-1.425849,-1.099403,1.230071,-0.897131,0.433560,0.215363,-0.702046,0.250780,0.248153,-0.001582,0.499406
33.740053,2.116653,-0.147981,-0.627535,1.418774,1.152561,0.387667,0.479620,0.923701,0.094375,0.107665,0.193441,0.701065,0.286260,0.176475,-0.485742,0.390951,0.443938,-1.425596,-1.099146,1.230070,-0.896630,0.437481,0.216770,-0.699897,0.252388,0.253404,-0.001664,0.499237
33.741035,2.108362,-0.147057,-0.631411,1.420255,1.151311,0.387157,0.479485,0.864329,0.075545,0.066594,0.205706,0.698755,0.282142,0.176501,-0.485301,0.391171,0.443244,-1.425340,-1.098890,1.230071,-0.896138,0.436569,0.218405,-0.697155,0.254031,0.253770,-0.001010,0.498246
33.741963,2.102581,-0.145550,-0.627368,1.417331,1.152816,0.387978,0.480447,0.791407,0.052460,0.015858,0.222127,0.695426,0.277124,0.176635,-0.484855,0.391387,0.442557,-1.425092,-1.098634,1.230068,-0.895636,0.440397,0.217624,-0.695544,0.253472,0.254856,-0.000556,0.498599
33.743064,2.102752,-0.142736,-0.636122,1.416797,1.155207,0.388188,0.479928,0.704371,0.032097,-0.045557,0.239675,0.691151,0.271250,0.176838,-0.484406,0.391598,0.441855,-1.424828,-1.098383,1.230066,-0.895144,0.442581,0.216493,-0.697261,0.256593,0.253060,-0.001441,0.496646
33.743980,2.094903,-0.142639,-0.635292,1.415880,1.152656,0.388990,0.479707,0.606939,0.023686,-0.115681,0.253168,0.686436,0.264780,0.177054,-0.483966,0.391811,0.441173,-1.424564,-1.098136,1.230064,-0.894642,0.442789,0.215097,-0.694233,0.258503,0.250870,-0.001713,0.498037
33.744981,2.094431,-0.145604,-0.638650,1.418261,1.157022,0.387664,0.479879,0.502395,0.032121,-0.192498,0.259701,0.681616,0.257950,0.177269,-0.483515,0.392027,0.440478,-1.424306,-1.097878,1.230061,-0.894139,0.445970,0.214606,-0.694324,0.259636,0.253120,-0.002565,0.498395
33.746119,2.090644,-0.145620,-0.643209,1.419099,1.158476,0.387709,0.479763,0.392429,0.052491,-0.274249,0.262043,0.676524,0.250979,0.177501,-0.483065,0.392245,0.439786,-1.424047,-1.097637,1.230064,-0.893644,0.445844,0.215822,-0.693038,0.258031,0.248709,-0.001303,0.498182
33.747054,2.096664,-0.147123,-0.639333,1.414512,1.158028,0.387423,0.478774,0.280629,0.075678,-0.357406,0.264732,0.671013,0.244158,0.177759,-0.482617,0.392461,0.439104,-1.423787,-1.097392,1.230063,-0.893143,0.448159,0.215878,-0.692490,0.258939,0.247604,-0.001436,0.498825
33.747945,2.095926,-0.148887,-0.647697,1.416007,1.159374,0.385821,0.476711,0.175388,0.099163,-0.435570,0.267367,0.665627,0.237889,0.178035,-0.482178,0.392677,0.438405,-1.423517,-1.097144,1.230063,-0.892638,0.444570,0.216228,-0.694225,0.263642,0.247854,-0.001211,0.500778
33.749069,2.099528,-0.151372,-0.653125,1.416796,1.158807,0.385914,0.477903,0.086096,0.123707,-0.501952,0.267448,0.661113,0.232568,0.178344,-0.481736,0.392894,0.437729,-1.423259,-1.096900,1.230067,-0.892121,0.444191,0.216574,-0.689627,0.262135,0.246215,0.000317,0.504742
33.750043,2.099346,-0.151918,-0.654397,1.417309,1.158996,0.386458,0.477324,0.012417,0.146383,-0.556642,0.266620,0.657377,0.228157,0.178701,-0.481290,0.393117,0.437043,-1.422998,-1.096649,1.230065,-0.891621,0.442717,0.217770,-0.688501,0.262994,0.247032,0.000137,0.502673
33.751014,2.092973,-0.151480,-0.658678,1.414939,1.160729,0.385908,0.476437,-0.047787,0.163943,-0.600998,0.267188,0.654224,0.224580,0.179090,-0.480841,0.393333,0.436352,-1.422735,-1.096404,1.230062,-0.891119,0.442377,0.217713,-0.688066,0.262985,0.246755,-0.000460,0.503918
33.751931,2.085622,-0.155039,-0.656059,1.415140,1.157782,0.385993,0.476209,-0.097664,0.179073,-0.637629,0.268219,0.651703,0.221648,0.179499,-0.480393,0.393551,0.435677,-1.422461,-1.096161,1.230063,-0.890607,0.445147,0.217137,-0.686263,0.265607,0.244926,0.000029,0.505700
33.752964,2.080584,-0.153221,-0.667540,1.418847,1.157073,0.386627,0.476470,-0.145635,0.195539,-0.673101,0.268857,0.649553,0.218845,0.179916,-0.479938,0.393773,0.434989,-1.422201,-1.095906,1.230062,-0.890095,0.448013,0.218418,-0.687334,0.265559,0.247606,-0.000121,0.506036
33.754037,2.081528,-0.157906,-0.670045,1.416662,1.160153,0.385752,0.477192,-0.200369,0.211946,-0.713649,0.271496,0.647110,0.215767,0.180310,-0.479481,0.393987,0.434324,-1.421941,-1.095659,1.230060,-0.889595,0.450274,0.217322,-0.682552,0.262829,0.248338,-0.000818,0.505692
33.754944,2.078093,-0.157951,-0.671093,1.416308,1.160989,0.385259,0.476887,-0.265352,0.226490,-0.761713,0.277844,0.643932,0.212278,0.180641,-0.479036,0.394212,0.433637,-1.421671,-1.095417,1.230061,-0.889087,0.449879,0.219494,-0.682455,0.266127,0.245405,-0.000012,0.504477
33.756010,2.086998,-0.157529,-0.672270,1.419292,1.162890,0.385759,0.475849,-0.334543,0.239128,-0.812898,0.286224,0.640336,0.208594,0.180886,-0.478585,0.394429,0.432950,-1.421404,-1.095177,1.230062,-0.888585,0.450799,0.219013,-0.681575,0.266405,0.244390,0.000409,0.505016
33.756978,2.086176,-0.160264,-0.671187,1.418720,1.164788,0.385522,0.474697,-0.396523,0.249570,-0.858748,0.294851,0.636899,0.205337,0.181055,-0.478150,0.394646,0.432272,-1.421141,-1.094939,1.230060,-0.888072,0.446479,0.218682,-0.682148,0.264545,0.242700,-0.000167,0.507315
33.757931,2.080079,-0.161116,-0.670265,1.416789,1.165697,0.385705,0.475308,-0.439698,0.255667,-0.890512,0.303482,0.634055,0.203244,0.181184,-0.477702,0.394868,0.431586,-1.420875,-1.094703,1.230061,-0.887554,0.446469,0.219653,-0.682891,0.265548,0.240788,0.000006,0.509593
33.758969,2.080277,-0.160171,-0.670918,1.419239,1.164669,0.387353,0.475001,-0.462494,0.257202,-0.907140,0.311744,0.631830,0.202351,0.181311,-0.477245,0.395086,0.430897,-1.420602,-1.094466,1.230060,-0.887050,0.448895,0.219681,-0.683380,0.267630,0.239843,-0.000243,0.508332
33.759929,2.081514,-0.158307,-0.671559,1.417734,1.163852,0.386468,0.473248,-0.471756,0.257158,-0.914059,0.319028,0.629895,0.202255,0.181459,-0.476802,0.395303,0.430221,-1.420342,-1.094223,1.230058,-0.886537,0.448712,0.219016,-0.683992,0.266170,0.240985,-0.001964,0.509113
33.761037,2.085704,-0.159945,-0.670302,1.416136,1.168537,0.386085,0.472404,-0.470200,0.258584,-0.913582,0.324594,0.628143,0.202873,0.181643,-0.476355,0.395515,0.429534,-1.420064,-1.093981,1.230062,-0.886021,0.447591,0.217769,-0.683776,0.267773,0.241710,-0.001142,0.512616
33.762087,2.086829,-0.161051,-0.677025,1.415518,1.167990,0.384575,0.472160,-0.454530,0.264166,-0.903570,0.326268,0.626966,0.204301,0.181844,-0.475916,0.395735,0.428849,-1.419790,-1.093751,1.230062,-0.885493,0.445838,0.218552,-0.685857,0.270561,0.237364,-0.000842,0.514516
33.762981,2.081956,-0.159850,-0.669187,1.413546,1.170101,0.384914,0.472156,-0.422734,0.273826,-0.882585,0.322919,0.626710,0.206449,0.182026,-0.475472,0.395957,0.428167,-1.419518,-1.093508,1.230065,-0.884978,0.445293,0.218886,-0.683419,0.271989,0.238084,0.000586,0.515156
33.764006,2.082216,-0.157484,-0.674257,1.414060,1.167145,0.384644,0.472986,-0.379364,0.287162,-0.853962,0.315138,0.627271,0.208982,0.182170,-0.475020,0.396169,0.427467,-1.419239,-1.093274,1.230063,-0.884467,0.446855,0.217822,-0.686778,0.273545,0.235776,0.000176,0.515002
33.764989,2.084880,-0.156722,-0.674805,1.414432,1.168161,0.384334,0.473548,-0.330537,0.306108,-0.822328,0.303199,0.628449,0.211623,0.182272,-0.474579,0.396382,0.426792,-1.418965,-1.093026,1.230064,-0.883956,0.446616,0.216467,-0.685023,0.273623,0.238802,0.000375,0.513452
33.765978,2.084297,-0.156458,-0.667740,1.413102,1.169082,0.383875,0.472866,-0.279775,0.331134,-0.790276,0.287964,0.630045,0.214284,0.182322,-0.474136,0.396594,0.426103,-1.418694,-1.092792,1.230065,-0.883441,0.444944,0.215846,-0.685057,0.273626,0.237790,0.000612,0.512352
33.767008,2.089853,-0.155755,-0.673312,1.412473,1.169386,0.384363,0.472810,-0.224749,0.359630,-0.755759,0.270589,0.632136,0.217147,0.182322,-0.473699,0.396808,0.425414,-1.418412,-1.092555,1.230066,-0.882929,0.445017,0.215447,-0.688978,0.275150,0.236905,0.000998,0.513786
33.768065,2.099370,-0.154405,-0.670394,1.414259,1.169244,0.384075,0.474453,-0.160858,0.389348,-0.715037,0.251238,0.635029,0.220449,0.182294,-0.473261,0.397023,0.424727,-1.418137,-1.092316,1.230064,-0.882415,0.442184,0.214914,-0.686852,0.276394,0.236721,0.000439,0.514007
33.768964,2.102954,-0.157837,-0.669396,1.412493,1.163474,0.384443,0.475873,-0.083683,0.418403,-0.664612,0.230177,0.638957,0.224438,0.182247,-0.472830,0.397236,0.424026,-1.417862,-1.092073,1.230066,-0.881915,0.437594,0.214157,-0.689154,0.275386,0.237013,0.000648,0.510924
33.769934,2.092862,-0.158499,-0.662426,1.414173,1.159352,0.384376,0.475264,0.012117,0.441914,-0.600079,0.209322,0.644014,0.229441,0.182184,-0.472402,0.397453,0.423342,-1.417578,-1.091826,1.230068,-0.881414,0.435253,0.215379,-0.689250,0.276665,0.242551,0.000202,0.507983
33.771067,2.103059,-0.160662,-0.665088,1.415401,1.157738,0.384116,0.477565,0.121378,0.454587,-0.524730,0.192301,0.649619,0.235213,0.182143,-0.471951,0.397672,0.422638,-1.417309,-1.091569,1.230067,-0.880897,0.439873,0.215335,-0.692774,0.275303,0.246444,0.000212,0.509229
33.771978,2.100551,-0.160989,-0.661974,1.416342,1.155667,0.384656,0.478980,0.234621,0.453163,-0.445106,0.182287,0.655006,0.241285,0.182154,-0.471518,0.397888,0.421943,-1.417033,-1.091320,1.230065,-0.880405,0.435233,0.216483,-0.692939,0.275386,0.248298,0.000409,0.504998
33.773008,2.108078,-0.162418,-0.655260,1.416364,1.155040,0.384435,0.480564,0.350486,0.436546,-0.361904,0.179925,0.659990,0.247613,0.182197,-0.471084,0.398105,0.421252,-1.416759,-1.091065,1.230062,-0.879906,0.435951,0.216147,-0.694152,0.274255,0.250031,-0.000187,0.502114
33.774027,2.111818,-0.162663,-0.660759,1.416696,1.154283,0.385179,0.481047,0.471758,0.406122,-0.273003,0.183784,0.664767,0.254371,0.182262,-0.470657,0.398321,0.420546,-1.416487,-1.090817,1.230061,-0.879409,0.432237,0.216680,-0.698030,0.274931,0.250680,-0.000026,0.499137
33.774945,2.112002,-0.162370,-0.653287,1.418324,1.152778,0.385616,0.481332,0.601355,0.364921,-0.176402,0.191384,0.669648,0.261711,0.182367,-0.470233,0.398539,0.419857,-1.416209,-1.090564,1.230060,-0.878916,0.430470,0.216558,-0.695835,0.275072,0.251384,-0.000846,0.498376
33.775939,2.114153,-0.159430,-0.653699,1.421407,1.153272,0.383544,0.482651,0.736749,0.316753,-0.074304,0.200964,0.674630,0.269507,0.182528,-0.469804,0.398754,0.419148,-1.415941,-1.090306,1.230056,-0.878421,0.429894,0.215965,-0.699113,0.273439,0.252536,-0.001319,0.497771
33.776963,2.112984,-0.162429,-0.649069,1.420491,1.150525,0.382244,0.483164,0.872906,0.264986,0.029283,0.211997,0.679543,0.277563,0.182732,-0.469373,0.398966,0.418442,-1.415676,-1.090057,1.230059,-0.877934,0.428685,0.214264,-0.699061,0.270948,0.251952,0.000690,0.495269
33.777961,2.111102,-0.161750,-0.647129,1.422847,1.148407,0.382153,0.484773,1.006142,0.211731,0.131433,0.224035,0.684321,0.285640,0.182969,-0.468948,0.399185,0.417741,-1.415404,-1.089797,1.230063,-0.877440,0.429391,0.215552,-0.701910,0.272547,0.254627,0.001888,0.494450
33.778978,2.106860,-0.163981,-0.643578,1.426020,1.146444,0.382092,0.486599,1.132362,0.157099,0.229052,0.237171,0.688840,0.293397,0.183223,-0.468516,0.399398,0.417034,-1.415136,-1.089538,1.230063,-0.876959,0.430207,0.214965,-0.703067,0.270725,0.256570,0.001901,0.491394
33.780029,2.110810,-0.165630,-0.640255,1.426093,1.147477,0.381254,0.488032,1.246635,0.099011,0.318650,0.253247,0.692751,0.300564,0.183466,-0.468086,0.399616,0.416329,-1.414872,-1.089276,1.230065,-0.876478,0.432330,0.215850,-0.705250,0.268325,0.258380,0.001878,0.487967
33.780975,2.105818,-0.170499,-0.646795,1.427980,1.146830,0.382070,0.488740,1.348362,0.034912,0.400001,0.273651,0.695941,0.307091,0.183671,-0.467659,0.399836,0.415612,-1.414598,-1.089017,1.230070,-0.875994,0.430526,0.216487,-0.707466,0.269077,0.257290,0.002619,0.485399
33.782036,2.102781,-0.171558,-0.648815,1.434651,1.143506,0.382483,0.487915,1.437765,-0.036250,0.473305,0.298295,0.698457,0.312849,0.183846,-0.467223,0.400057,0.414906,-1.414335,-1.088762,1.230071,-0.875506,0.432629,0.218485,-0.703907,0.267498,0.257698,0.001714,0.484042
33.782943,2.095235,-0.171012,-0.645215,1.433568,1.143662,0.382878,0.488463,1.506395,-0.116429,0.532377,0.329602,0.699659,0.317380,0.184051,-0.466789,0.400278,0.414207,-1.414083,-1.088496,1.230072,-0.875021,0.434320,0.218827,-0.703778,0.262181,0.260974,0.001225,0.486031
33.783969,2.094795,-0.173871,-0.647962,1.436805,1.143476,0.383195,0.490817,1.547540,-0.204230,0.572044,0.368474,0.699089,0.320422,0.184313,-0.466348,0.400491,0.413492,-1.413822,-1.088239,1.230074,-0.874539,0.437416,0.218102,-0.704912,0.263422,0.260412,0.000756,0.484896
33.785094,2.096770,-0.168638,-0.644436,1.439845,1.147461,0.382930,0.488610,1.562935,-0.293601,0.592991,0.411368,0.697101,0.322043,0.184599,-0.465907,0.400714,0.412797,-1.413564,-1.087978,1.230072,-0.874074,0.437511,0.219270,-0.704115,0.261155,0.260489,0.000381,0.480463
33.786027,2.098931,-0.168166,-0.643058,1.440796,1.146891,0.382546,0.487197,1.560818,-0.380009,0.600866,0.454596,0.694386,0.322685,0.184896,-0.465479,0.400926,0.412082,-1.413309,-1.087726,1.230071,-0.873577,0.437090,0.216694,-0.707141,0.259891,0.256686,0.000577,0.485365
33.787023,2.098286,-0.166833,-0.645004,1.444193,1.145804,0.382052,0.487105,1.553154,-0.458157,0.603996,0.493912,0.691856,0.323039,0.185213,-0.465044,0.401139,0.411370,-1.413052,-1.087475,1.230072,-0.873086,0.435514,0.216090,-0.707387,0.259303,0.257052,0.000890,0.488180
33.787967,2.101690,-0.167128,-0.643662,1.447597,1.140619,0.381301,0.486992,1.545614,-0.525032,0.606141,0.527219,0.689914,0.323420,0.185521,-0.464615,0.401354,0.410672,-1.412798,-1.087217,1.230074,-0.872596,0.435752,0.215167,-0.706702,0.256774,0.257983,0.001306,0.488484
33.788935,2.091803,-0.169492,-0.648636,1.448384,1.139457,0.381297,0.487209,1.538070,-0.583538,0.607245,0.556686,0.688312,0.323853,0.185783,-0.464182,0.401571,0.409960,-1.412549,-1.086942,1.230075,-0.872103,0.433621,0.214925,-0.707064,0.253997,0.262752,0.001989,0.488734
33.789980,2.090548,-0.170704,-0.655080,1.450499,1.139249,0.382416,0.486382,1.525714,-0.637555,0.603914,0.585462,0.686497,0.324062,0.186013,-0.463733,0.401789,0.409253,-1.412294,-1.086678,1.230077,-0.871618,0.438148,0.215753,-0.704492,0.253914,0.263587,0.001905,0.488404
33.791043,2.082822,-0.169771,-0.651653,1.452586,1.137770,0.383374,0.487072,1.497378,-0.688326,0.587906,0.615568,0.683739,0.323330,0.186243,-0.463292,0.402005,0.408559,-1.412042,-1.086411,1.230075,-0.871123,0.438750,0.216208,-0.702036,0.253072,0.263658,0.000711,0.490308
33.792029,2.081948,-0.171474,-0.653532,1.452743,1.139546,0.383451,0.485918,1.447920,-0.735392,0.555424,0.647298,0.679756,0.321337,0.186478,-0.462840,0.402217,0.407847,-1.411789,-1.086149,1.230073,-0.870628,0.442609,0.215660,-0.704519,0.252357,0.265119,-0.000305,0.489169
33.792946,2.079882,-0.168141,-0.657977,1.455069,1.136623,0.384815,0.486030,1.381607,-0.778165,0.509761,0.679567,0.674837,0.318337,0.186721,-0.462398,0.402434,0.407153,-1.411533,-1.085891,1.230074,-0.870139,0.442716,0.216228,-0.703816,0.252973,0.263124,-0.000447,0.491642
33.793929,2.076144,-0.164383,-0.659924,1.458423,1.136340,0.385420,0.487363,1.303198,-0.814528,0.454406,0.710530,0.669330,0.314621,0.186985,-0.461953,0.402647,0.406457,-1.411287,-1.085618,1.230071,-0.869647,0.443052,0.214109,-0.701206,0.251164,0.265587,-0.001869,0.491364
33.795002,2.072856,-0.164141,-0.663483,1.460967,1.138009,0.384516,0.487125,1.213766,-0.840522,0.389877,0.738673,0.663340,0.310375,0.187256,-0.461498,0.402852,0.405755,-1.411039,-1.085351,1.230068,-0.869167,0.444465,0.212060,-0.700385,0.248742,0.265565,-0.002521,0.488834
33.796012,2.067527,-0.159768,-0.665494,1.462569,1.136554,0.383899,0.488541,1.113301,-0.855029,0.316109,0.764016,0.656844,0.305717,0.187491,-0.461051,0.403067,0.405063,-1.410790,-1.085089,1.230069,-0.868674,0.446189,0.211885,-0.699644,0.247752,0.263864,-0.001681,0.489640
33.797042,2.068392,-0.159692,-0.670049,1.463997,1.135135,0.383928,0.487274,1.002394,-0.858667,0.233649,0.786594,0.649921,0.300651,0.187658,-0.460600,0.403270,0.404362,-1.410546,-1.084826,1.230070,-0.868189,0.448565,0.209599,-0.699033,0.247383,0.265175,-0.001143,0.486970
33.797943,2.070994,-0.158601,-0.667199,1.464996,1.131797,0.382102,0.486903,0.883112,-0.850834,0.144076,0.805374,0.642829,0.295212,0.187771,-0.460155,0.403482,0.403673,-1.410299,-1.084557,1.230069,-0.867700,0.447990,0.209440,-0.697448,0.247230,0.266411,-0.001246,0.489780
33.799044,2.072985,-0.160663,-0.670325,1.464771,1.132160,0.381251,0.488950,0.764117,-0.834105,0.054106,0.820019,0.636087,0.289804,0.187866,-0.459714,0.403689,0.402973,-1.410051,-1.084277,1.230073,-0.867207,0.445953,0.208501,-0.698356,0.246607,0.269154,0.000512,0.490439
33.800060,2.062085,-0.161965,-0.674497,1.464069,1.129395,0.380807,0.487881,0.657037,-0.813334,-0.027220,0.830661,0.630352,0.284944,0.187941,-0.459264,0.403900,0.402273,-1.409805,-1.084009,1.230073,-0.866731,0.445154,0.209592,-0.697965,0.248653,0.268754,0.001276,0.486724
33.801026,2.061930,-0.162205,-0.679718,1.465474,1.124456,0.382402,0.486111,0.561336,-0.791048,-0.100072,0.837638,0.625704,0.280421,0.187992,-0.458805,0.404112,0.401587,-1.409553,-1.083733,1.230075,-0.866236,0.450311,0.210057,-0.696490,0.250432,0.271260,0.001633,0.489094
33.801947,2.057470,-0.163126,-0.685235,1.466305,1.121619,0.381538,0.484493,0.466177,-0.767539,-0.172373,0.842182,0.621572,0.275587,0.188066,-0.458352,0.404326,0.400898,-1.409305,-1.083450,1.230069,-0.865729,0.449793,0.209865,-0.694015,0.249830,0.275739,-0.000015,0.492660
33.803000,2.055099,-0.165928,-0.689293,1.471157,1.123963,0.381828,0.485258,0.365812,-0.743434,-0.248263,0.845693,0.617499,0.270242,0.188195,-0.457892,0.404533,0.400206,-1.409060,-1.083168,1.230070,-0.865232,0.451195,0.209987,-0.690967,0.249576,0.277970,0.000805,0.495853
33.804000,2.051141,-0.164445,-0.687380,1.472141,1.126334,0.382707,0.486793,0.259563,-0.722808,-0.327859,0.850640,0.613185,0.264485,0.188339,-0.457443,0.404748,0.399524,-1.408822,-1.082893,1.230070,-0.864735,0.452320,0.211283,-0.689944,0.246359,0.275386,0.000431,0.494516
33.804981,2.050948,-0.162160,-0.689803,1.475997,1.125688,0.382273,0.485449,0.150578,-0.709704,-0.408377,0.858824,0.608643,0.258604,0.188428,-0.456984,0.404954,0.398829,-1.408576,-1.082629,1.230069,-0.864254,0.453866,0.210376,-0.691282,0.246519,0.272805,-0.000519,0.491623
33.806009,2.057563,-0.164963,-0.694674,1.476543,1.122549,0.382116,0.485306,0.045233,-0.701772,-0.485176,0.868363,0.604335,0.253028,0.188434,-0.456538,0.405161,0.398148,-1.408337,-1.082352,1.230070,-0.863752,0.453571,0.209027,-0.690427,0.243757,0.273094,-0.000144,0.494434
33.806994,2.049689,-0.169750,-0.694217,1.476764,1.120662,0.382022,0.486194,-0.049390,-0.696427,-0.553289,0.877112,0.600707,0.248140,0.188371,-0.456092,0.405377,0.397462,-1.408091,-1.082068,1.230069,-0.863249,0.450099,0.210268,-0.688701,0.244545,0.275923,-0.000057,0.494859
33.807937,2.046851,-0.170544,-0.697344,1.481902,1.124886,0.382632,0.487031,-0.129291,-0.696297,-0.609764,0.885440,0.597849,0.244032,0.188258,-0.455632,0.405591,0.396767,-1.407843,-1.081789,1.230069,-0.862762,0.453582,0.212392,-0.689195,0.245298,0.277402,-0.000033,0.493201
33.808958,2.048818,-0.171726,-0.699093,1.481502,1.123522,0.382415,0.486643,-0.198889,-0.705058,-0.657697,0.895741,0.595339,0.240414,0.188126,-0.455178,0.405803,0.396085,-1.407609,-1.081526,1.230067,-0.862274,0.454310,0.212428,-0.687648,0.241100,0.272779,-0.000706,0.491568
33.809938,2.049575,-0.177132,-0.698369,1.480117,1.124782,0.381716,0.485876,-0.261235,-0.722505,-0.699398,0.908870,0.592961,0.237177,0.188026,-0.454724,0.406016,0.395393,-1.407363,-1.081252,1.230066,-0.861774,0.453029,0.212852,-0.687371,0.242817,0.273946,-0.000542,0.492527
33.810931,2.050202,-0.178237,-0.697944,1.479611,1.126380,0.381797,0.487024,-0.311094,-0.745597,-0.731324,0.922212,0.591177,0.234498,0.187984,-0.454277,0.406237,0.394708,-1.407114,-1.080982,1.230069,-0.861282,0.452264,0.215201,-0.688052,0.245084,0.272334,0.000071,0.494175
33.811989,2.045941,-0.178067,-0.697458,1.481165,1.129768,0.381743,0.486786,-0.342662,-0.772067,-0.749454,0.933025,0.590485,0.232504,0.187964,-0.453824,0.406455,0.394015,-1.406865,-1.080713,1.230069,-0.860789,0.451552,0.215442,-0.688606,0.246583,0.270464,-0.000082,0.491970
33.812939,2.041562,-0.180412,-0.699334,1.480850,1.131736,0.382937,0.487202,-0.356293,-0.798359,-0.754375,0.939615,0.590986,0.231137,0.187919,-0.453364,0.406670,0.393319,-1.406621,-1.080451,1.230071,-0.860301,0.453553,0.215234,-0.689712,0.246570,0.267013,-0.000112,0.492762
33.813987,2.040758,-0.180805,-0.705242,1.482163,1.130710,0.383265,0.488256,-0.358921,-0.821052,-0.751505,0.941830,0.592336,0.230108,0.187842,-0.452909,0.406885,0.392637,-1.406370,-1.080189,1.230065,-0.859811,0.455096,0.216056,-0.688843,0.247512,0.264739,-0.001348,0.491965
33.815041,2.041849,-0.179757,-0.710115,1.482717,1.131779,0.383151,0.487913,-0.358849,-0.839121,-0.747135,0.940942,0.593956,0.229078,0.187755,-0.452456,0.407100,0.391952,-1.406121,-1.079920,1.230061,-0.859322,0.455366,0.216109,-0.686795,0.247576,0.265656,-0.001717,0.490108
33.816002,2.043438,-0.177866,-0.707822,1.484068,1.130947,0.383607,0.488934,-0.360218,-0.850940,-0.744671,0.937325,0.595470,0.227933,0.187679,-0.452006,0.407316,0.391276,-1.405869,-1.079663,1.230060,-0.858835,0.454758,0.215446,-0.685427,0.248361,0.264563,-0.001667,0.491103
33.816945,2.044382,-0.180667,-0.703200,1.481450,1.134360,0.381534,0.488421,-0.360235,-0.853976,-0.742498,0.929969,0.596966,0.226952,0.187607,-0.451555,0.407532,0.390581,-1.405624,-1.079392,1.230056,-0.858344,0.453427,0.214138,-0.686638,0.247854,0.265032,-0.002175,0.489102
33.818050,2.045047,-0.183362,-0.703341,1.483389,1.133064,0.380347,0.488798,-0.350553,-0.848171,-0.734621,0.917893,0.598897,0.226633,0.187533,-0.451101,0.407748,0.389884,-1.405366,-1.079135,1.230062,-0.857858,0.452286,0.215170,-0.688803,0.250927,0.261305,-0.000175,0.490207
33.818957,2.046897,-0.182740,-0.705316,1.481698,1.134329,0.380492,0.490606,-0.324958,-0.838281,-0.716130,0.902296,0.601523,0.227221,0.187466,-0.450653,0.407970,0.389197,-1.405114,-1.078872,1.230065,-0.857369,0.452194,0.216441,-0.690109,0.250654,0.262705,0.000908,0.489822
33.819949,2.043251,-0.189144,-0.704032,1.481548,1.134188,0.380089,0.490565,-0.284342,-0.828108,-0.687393,0.885207,0.604663,0.228603,0.187395,-0.450202,0.408185,0.388510,-1.404859,-1.078619,1.230063,-0.856886,0.450436,0.215633,-0.688749,0.252596,0.261082,0.000695,0.486160
33.821014,2.041969,-0.190340,-0.704436,1.482793,1.134215,0.380642,0.489855,-0.233769,-0.818803,-0.652081,0.868027,0.607965,0.230462,0.187305,-0.449743,0.408408,0.387814,-1.404602,-1.078357,1.230066,-0.856403,0.451807,0.218515,-0.689691,0.253530,0.261033,0.001015,0.486445
33.821999,2.039720,-0.190897,-0.710656,1.482704,1.137433,0.380425,0.490667,-0.179000,-0.814497,-0.614065,0.853677,0.610957,0.232476,0.187223,-0.449294,0.408629,0.387125,-1.404349,-1.078092,1.230066,-0.855907,0.452466,0.218917,-0.690497,0.253654,0.260944,0.000384,0.488149
33.822974,2.044365,-0.191901,-0.706429,1.481273,1.137369,0.380253,0.490194,-0.126584,-0.815734,-0.578014,0.843501,0.613268,0.234333,0.187183,-0.448840,0.408847,0.386438,-1.404093,-1.077839,1.230066,-0.855430,0.453130,0.218884,-0.687705,0.254515,0.257559,0.000538,0.486671
33.824005,2.050902,-0.185716,-0.708785,1.482599,1.139234,0.380075,0.490765,-0.077868,-0.817743,-0.545220,0.835100,0.615070,0.235959,0.187184,-0.448400,0.409067,0.385748,-1.403831,-1.077583,1.230067,-0.854943,0.450443,0.219015,-0.690071,0.256515,0.257468,0.000637,0.487759
33.825023,2.053490,-0.180521,-0.707201,1.480711,1.136686,0.380104,0.490303,-0.024292,-0.814725,-0.509799,0.824207,0.617141,0.237831,0.187217,-0.447958,0.409279,0.385056,-1.403578,-1.077332,1.230068,-0.854455,0.447097,0.215745,-0.689548,0.256318,0.255576,0.000734,0.486821
33.825928,2.053125,-0.179616,-0.708434,1.480723,1.136950,0.380900,0.488945,0.041113,-0.797528,-0.467330,0.805387,0.620250,0.240367,0.187258,-0.447515,0.409485,0.384361,-1.403314,-1.077074,1.230068,-0.853966,0.445667,0.213057,-0.690874,0.259026,0.258062,0.000632,0.487965
33.827177,2.057195,-0.175296,-0.712143,1.483115,1.142024,0.379741,0.488619,0.116489,-0.760581,-0.419616,0.776030,0.624549,0.243469,0.187284,-0.447072,0.409695,0.383679,-1.403053,-1.076816,1.230066,-0.853466,0.445135,0.212213,-0.689938,0.259068,0.257388,-0.000221,0.490611
33.828012,2.063567,-0.177107,-0.712020,1.481318,1.139466,0.379688,0.488545,0.196844,-0.706631,-0.370042,0.738063,0.629730,0.246874,0.187287,-0.446629,0.409902,0.382985,-1.402796,-1.076572,1.230068,-0.852975,0.444112,0.210481,-0.690656,0.259276,0.252874,0.000855,0.491928
33.828912,2.052139,-0.174960,-0.706835,1.481740,1.140237,0.379359,0.489295,0.281885,-0.641563,-0.318248,0.694213,0.635652,0.250545,0.187253,-0.446200,0.410113,0.382303,-1.402534,-1.076312,1.230069,-0.852479,0.439983,0.210819,-0.689785,0.260651,0.254926,0.000835,0.491846
33.829935,2.053504,-0.177327,-0.702891,1.481773,1.140877,0.378493,0.487013,0.369845,-0.570927,-0.264978,0.647130,0.642032,0.254350,0.187177,-0.445744,0.410319,0.381605,-1.402276,-1.076055,1.230070,-0.851987,0.444870,0.209360,-0.691874,0.260321,0.253745,0.001099,0.490265
33.830940,2.057342,-0.175588,-0.703845,1.483195,1.143146,0.379024,0.486218,0.454187,-0.499852,-0.214412,0.599976,0.648263,0.257932,0.187091,-0.445297,0.410529,0.380902,-1.402013,-1.075806,1.230071,-0.851483,0.443965,0.210435,-0.694319,0.261156,0.253104,0.001889,0.495042
33.831952,2.056335,-0.171895,-0.705070,1.483142,1.146260,0.379741,0.485920,0.536002,-0.433453,-0.165100,0.554813,0.654177,0.261348,0.187028,-0.444863,0.410737,0.380215,-1.401753,-1.075560,1.230072,-0.850979,0.441916,0.209385,-0.694332,0.260513,0.250806,0.001269,0.496712
33.833064,2.057081,-0.168549,-0.704248,1.484754,1.150864,0.379543,0.484169,0.618073,-0.371161,-0.114889,0.510759,0.659916,0.264771,0.186982,-0.444418,0.410940,0.379521,-1.401487,-1.075322,1.230069,-0.850475,0.442240,0.207451,-0.694202,0.261294,0.247760,0.000498,0.497423
33.833972,2.060645,-0.162825,-0.707741,1.488022,1.153971,0.381520,0.485088,0.698178,-0.307596,-0.065770,0.465263,0.665533,0.268112,0.186922,-0.443972,0.411140,0.378818,-1.401227,-1.075088,1.230069,-0.849971,0.442155,0.205985,-0.695884,0.261235,0.243513,0.000626,0.501290
33.835017,2.061805,-0.162404,-0.701146,1.491003,1.154840,0.380525,0.483343,0.775322,-0.239768,-0.018686,0.417250,0.671038,0.271412,0.186821,-0.443541,0.411334,0.378133,-1.400978,-1.074854,1.230064,-0.849476,0.439778,0.202888,-0.693780,0.258307,0.240276,-0.001406,0.499336
33.835986,2.062885,-0.165459,-0.695551,1.490459,1.159041,0.380268,0.483345,0.851589,-0.169947,0.028077,0.368421,0.676425,0.274937,0.186649,-0.443103,0.411535,0.377421,-1.400725,-1.074618,1.230067,-0.848962,0.439257,0.202740,-0.697710,0.256592,0.239613,-0.000471,0.503036
33.836993,2.066275,-0.165316,-0.690249,1.489944,1.160288,0.380316,0.483402,0.932340,-0.106212,0.079136,0.322263,0.681832,0.278977,0.186409,-0.442674,0.411742,0.376720,-1.400461,-1.074389,1.230069,-0.848460,0.438480,0.204060,-0.700519,0.257616,0.235441,-0.000298,0.503037
33.837997,2.065252,-0.163326,-0.691170,1.488778,1.161540,0.380641,0.483424,1.023422,-0.054651,0.139325,0.280380,0.687657,0.283676,0.186126,-0.442240,0.411945,0.376009,-1.400201,-1.074155,1.230068,-0.847953,0.436671,0.203888,-0.703406,0.258964,0.234333,-0.000415,0.503026
33.839047,2.060431,-0.170255,-0.693427,1.487820,1.163830,0.379931,0.482575,1.124545,-0.012576,0.208206,0.241008,0.694213,0.288860,0.185804,-0.441801,0.412141,0.375302,-1.399935,-1.073928,1.230067,-0.847454,0.437029,0.202869,-0.703173,0.260786,0.233258,-0.000804,0.503111
33.840027,2.052629,-0.168941,-0.693530,1.491260,1.162593,0.380429,0.480861,1.225411,0.022659,0.277930,0.203918,0.701110,0.293848,0.185475,-0.441360,0.412353,0.374609,-1.399669,-1.073702,1.230069,-0.846946,0.439495,0.206279,-0.702870,0.262721,0.231253,-0.000172,0.505013
33.840967,2.055364,-0.166408,-0.697024,1.489286,1.165573,0.380438,0.480117,1.311032,0.047249,0.337764,0.173266,0.707293,0.297839,0.185205,-0.440910,0.412556,0.373900,-1.399408,-1.073469,1.230068,-0.846437,0.442984,0.205439,-0.702853,0.259845,0.232574,-0.000745,0.508498
33.842036,2.054351,-0.167069,-0.697524,1.489399,1.169292,0.381930,0.483250,1.373259,0.062825,0.381621,0.150228,0.712141,0.300522,0.185013,-0.440476,0.412756,0.373208,-1.399143,-1.073248,1.230067,-0.845920,0.441115,0.203957,-0.700972,0.262085,0.229622,-0.000810,0.509887
33.843003,2.059716,-0.164238,-0.698643,1.491393,1.172444,0.383135,0.483361,1.415418,0.076961,0.411329,0.130852,0.715969,0.302107,0.184830,-0.440029,0.412962,0.372499,-1.398880,-1.073027,1.230063,-0.845420,0.441708,0.204318,-0.701549,0.263147,0.226295,-0.002364,0.503805
33.844003,2.058904,-0.162423,-0.698781,1.488618,1.172613,0.383040,0.482876,1.446109,0.092003,0.432988,0.113026,0.719254,0.303113,0.184605,-0.439591,0.413160,0.371792,-1.398620,-1.072815,1.230060,-0.844919,0.438642,0.202765,-0.700925,0.261673,0.223376,-0.003618,0.503685
33.845095,2.056594,-0.162651,-0.702047,1.488846,1.173128,0.381429,0.482703,1.472348,0.109524,0.451563,0.095550,0.722327,0.304024,0.184349,-0.439154,0.413362,0.371094,-1.398347,-1.072593,1.230058,-0.844413,0.438903,0.201771,-0.701186,0.264948,0.223441,-0.003565,0.504755
33.846067,2.055439,-0.162750,-0.698690,1.492642,1.172785,0.380433,0.486116,1.494074,0.132357,0.466636,0.076948,0.725208,0.304807,0.184082,-0.438707,0.413563,0.370391,-1.398082,-1.072372,1.230059,-0.843903,0.440243,0.202035,-0.700625,0.265985,0.223368,-0.002020,0.505368
33.846948,2.056177,-0.166525,-0.698952,1.490850,1.172998,0.379249,0.485405,1.508017,0.156345,0.476019,0.060041,0.727450,0.305331,0.183824,-0.438269,0.413766,0.369695,-1.397825,-1.072148,1.230060,-0.843420,0.440484,0.201917,-0.702446,0.262792,0.223843,-0.001109,0.498594
33.848009,2.057647,-0.169373,-0.698686,1.491269,1.174935,0.377630,0.485868,1.515625,0.173028,0.481440,0.049534,0.728722,0.305790,0.183643,-0.437830,0.413973,0.368991,-1.397560,-1.071923,1.230059,-0.842915,0.439308,0.203383,-0.701521,0.264459,0.223517,0.000021,0.499940
33.849017,2.056140,-0.169437,-0.702309,1.490598,1.175665,0.378357,0.484626,1.520958,0.177460,0.486277,0.047062,0.729133,0.306329,0.183631,-0.437389,0.414182,0.368281,-1.397296,-1.071706,1.230066,-0.842417,0.438657,0.204782,-0.702389,0.265120,0.221979,0.001533,0.499247
33.850016,2.055165,-0.168198,-0.707614,1.491313,1.175028,0.378459,0.484438,1.524956,0.170025,0.491200,0.051675,0.728893,0.306864,0.183807,-0.436950,0.414386,0.367588,-1.397023,-1.071483,1.230065,-0.841913,0.439279,0.204704,-0.701020,0.266325,0.221482,0.000718,0.501882
33.851115,2.048678,-0.167723,-0.710781,1.492086,1.174720,0.378595,0.486156,1.522759,0.156208,0.492225,0.061113,0.728014,0.307098,0.184089,-0.436511,0.414591,0.366891,-1.396760,-1.071258,1.230065,-0.841407,0.439551,0.203949,-0.698698,0.266287,0.222307,0.000552,0.502323
33.852040,2.042838,-0.163645,-0.714932,1.493774,1.171762,0.378843,0.484858,1.506566,0.141828,0.483187,0.073500,0.726328,0.306642,0.184397,-0.436060,0.414794,0.366190,-1.396493,-1.071035,1.230066,-0.840916,0.442991,0.203839,-0.698289,0.266809,0.223059,0.000332,0.499212
33.853075,2.041366,-0.164021,-0.714902,1.494586,1.175064,0.378496,0.486002,1.468667,0.130932,0.458149,0.087962,0.723578,0.305152,0.184713,-0.435615,0.414995,0.365503,-1.396227,-1.070797,1.230066,-0.840406,0.445259,0.201527,-0.696016,0.265203,0.225905,0.000018,0.501783
33.854064,2.040847,-0.157626,-0.721910,1.496751,1.176029,0.377785,0.486554,1.407705,0.125763,0.415967,0.103657,0.719806,0.302624,0.185017,-0.435168,0.415196,0.364807,-1.395966,-1.070580,1.230066,-0.839904,0.445858,0.201743,-0.696715,0.265387,0.222882,0.000299,0.499631
33.855108,2.038548,-0.159086,-0.726657,1.499837,1.171826,0.376182,0.485705,1.329788,0.127576,0.361009,0.118956,0.715485,0.299383,0.185248,-0.434727,0.415389,0.364126,-1.395707,-1.070358,1.230067,-0.839414,0.445830,0.198500,-0.693614,0.263917,0.222131,0.000941,0.498671
33.855981,2.040764,-0.156508,-0.728190,1.498961,1.169875,0.376049,0.485763,1.238631,0.136251,0.295902,0.133402,0.710837,0.295619,0.185377,-0.434276,0.415591,0.363433,-1.395452,-1.070121,1.230071,-0.838909,0.446876,0.199280,-0.692043,0.262022,0.226556,0.002456,0.500587
33.856977,2.037947,-0.155941,-0.735200,1.500131,1.167366,0.376013,0.486921,1.138048,0.148427,0.223560,0.148083,0.705921,0.291497,0.185459,-0.433830,0.415784,0.362740,-1.395187,-1.069889,1.230073,-0.838412,0.444809,0.197684,-0.690551,0.262689,0.228277,0.002499,0.500306
33.857980,2.031799,-0.158218,-0.734461,1.502284,1.166332,0.376275,0.490181,1.033275,0.163230,0.147792,0.162275,0.700987,0.287184,0.185537,-0.433382,0.415983,0.362052,-1.394928,-1.069653,1.230074,-0.837916,0.445932,0.197351,-0.687452,0.262276,0.230857,0.002460,0.498093
33.858977,2.028347,-0.160174,-0.738371,1.503569,1.167214,0.376998,0.488926,0.924062,0.178232,0.068587,0.176904,0.695902,0.282592,0.185606,-0.432925,0.416180,0.361367,-1.394668,-1.069418,1.230076,-0.837441,0.448616,0.198478,-0.688382,0.260907,0.231968,0.002111,0.491754
33.859934,2.024129,-0.159396,-0.738293,1.502722,1.164814,0.378693,0.487577,0.809353,0.186278,-0.014185,0.195518,0.690343,0.277652,0.185682,-0.432474,0.416382,0.360693,-1.394409,-1.069189,1.230076,-0.836945,0.449985,0.199362,-0.686996,0.260397,0.231197,0.001314,0.494479
33.861001,2.020295,-0.160278,-0.746597,1.504201,1.164170,0.380571,0.489230,0.691056,0.185800,-0.098895,0.218326,0.684391,0.272429,0.185793,-0.432018,0.416583,0.360007,-1.394147,-1.068949,1.230073,-0.836440,0.451467,0.198774,-0.687154,0.261671,0.233559,-0.000438,0.497182
33.861952,2.012793,-0.156753,-0.755110,1.503528,1.165266,0.380888,0.490841,0.569727,0.180739,-0.185401,0.242981,0.678195,0.266924,0.185923,-0.431558,0.416782,0.359321,-1.393884,-1.068714,1.230068,-0.835958,0.453290,0.199326,-0.684043,0.261357,0.234432,-0.002365,0.494148
33.862942,2.012681,-0.162504,-0.752365,1.504725,1.164215,0.381452,0.491888,0.440115,0.176602,-0.278009,0.267280,0.671560,0.260860,0.186022,-0.431102,0.416977,0.358656,-1.393618,-1.068484,1.230066,-0.835468,0.456397,0.197414,-0.680078,0.262323,0.233330,-0.002718,0.490976
33.863986,2.011087,-0.158799,-0.756981,1.506645,1.166276,0.379540,0.489840,0.301437,0.175029,-0.377466,0.290404,0.664435,0.254218,0.186070,-0.430644,0.417184,0.357968,-1.393359,-1.068250,1.230059,-0.834977,0.455948,0.200160,-0.681873,0.261835,0.234465,-0.003316,0.489027
33.864973,2.009868,-0.155923,-0.758332,1.508867,1.166771,0.378011,0.488706,0.163813,0.171488,-0.476071,0.313413,0.657214,0.247607,0.186102,-0.430181,0.417380,0.357285,-1.393098,-1.068021,1.230059,-0.834482,0.456490,0.198344,-0.680423,0.260948,0.232622,-0.001450,0.493413
33.866015,2.005144,-0.155118,-0.758916,1.509872,1.166804,0.376721,0.490211,0.034663,0.166847,-0.568497,0.335419,0.650322,0.241497,0.186140,-0.429725,0.417574,0.356614,-1.392841,-1.067790,1.230063,-0.833983,0.456630,0.196889,-0.680314,0.259476,0.232232,-0.000015,0.495752
33.866992,2.000268,-0.157256,-0.757364,1.506230,1.164919,0.376468,0.489403,-0.084513,0.165049,-0.653956,0.354757,0.643969,0.235998,0.186165,-0.429258,0.417769,0.355928,-1.392579,-1.067559,1.230065,-0.833499,0.458692,0.196584,-0.680868,0.259512,0.232426,0.001184,0.492962
33.867986,2.001773,-0.160485,-0.760688,1.508589,1.166054,0.376017,0.488476,-0.193427,0.166638,-0.732284,0.370822,0.638267,0.231029,0.186178,-0.428796,0.417971,0.355249,-1.392306,-1.067322,1.230067,-0.832998,0.460540,0.197532,-0.682018,0.263493,0.234335,0.001347,0.494685
33.868968,1.996496,-0.163313,-0.766398,1.508373,1.163634,0.376903,0.487538,-0.290541,0.168794,-0.802103,0.384277,0.633291,0.226539,0.186213,-0.428339,0.418177,0.354568,-1.392048,-1.067087,1.230070,-0.832489,0.459315,0.198994,-0.680815,0.261835,0.233235,0.001716,0.496609
33.870007,1.990657,-0.170166,-0.766889,1.505451,1.164740,0.378010,0.487838,-0.376442,0.165393,-0.863348,0.398494,0.628772,0.222487,0.186272,-0.427873,0.418378,0.353889,-1.391782,-1.066847,1.230069,-0.831997,0.461371,0.200288,-0.678356,0.262587,0.235684,0.000753,0.498591
33.870964,1.984492,-0.172888,-0.767842,1.508155,1.163287,0.377473,0.487906,-0.456423,0.152622,-0.919658,0.416079,0.624298,0.218553,0.186315,-0.427407,0.418591,0.353218,-1.391510,-1.066611,1.230067,-0.831496,0.463968,0.203595,-0.679131,0.266283,0.234705,-0.000419,0.498163
33.871970,1.988158,-0.171769,-0.770016,1.507111,1.160184,0.379224,0.486567,-0.534123,0.128094,-0.973551,0.438502,0.619624,0.214498,0.186341,-0.426932,0.418797,0.352538,-1.391248,-1.066375,1.230067,-0.831002,0.466211,0.204697,-0.678823,0.263944,0.236142,0.000067,0.498077
33.872948,1.989528,-0.176918,-0.772397,1.511245,1.161057,0.378514,0.488634,-0.607411,0.092882,-1.023549,0.465574,0.614827,0.210548,0.186388,-0.426475,0.419002,0.351867,-1.390977,-1.066128,1.230062,-0.830494,0.463950,0.204001,-0.678443,0.265580,0.239246,-0.001743,0.500881
33.873941,1.992076,-0.170982,-0.769717,1.508185,1.161759,0.378249,0.488424,-0.669097,0.049440,-1.064619,0.495916,0.610257,0.207251,0.186452,-0.426012,0.419213,0.351185,-1.390725,-1.065890,1.230060,-0.830003,0.462677,0.206355,-0.677592,0.262206,0.238325,-0.001068,0.496783
33.874934,1.996731,-0.171857,-0.763497,1.508001,1.161783,0.378738,0.486174,-0.711734,0.001290,-1.091634,0.527096,0.606404,0.205080,0.186502,-0.425550,0.419410,0.350494,-1.390451,-1.065651,1.230059,-0.829510,0.460890,0.203291,-0.679303,0.265714,0.237649,-0.000867,0.497379
33.876010,1.995160,-0.165594,-0.768555,1.507436,1.159096,0.378483,0.485739,-0.726736,-0.041657,-1.099040,0.552792,0.604195,0.204462,0.186540,-0.425100,0.419615,0.349811,-1.390183,-1.065419,1.230057,-0.828998,0.458193,0.203611,-0.682892,0.266380,0.237731,-0.001422,0.501968
33.876960,1.991129,-0.172536,-0.766083,1.511344,1.155053,0.377207,0.485521,-0.711389,-0.070838,-1.085454,0.568155,0.604161,0.205504,0.186599,-0.424640,0.419811,0.349130,-1.389913,-1.065175,1.230058,-0.828488,0.458952,0.200607,-0.681522,0.268024,0.240622,-0.001242,0.503044
33.878032,1.988048,-0.170393,-0.770362,1.511779,1.153399,0.376933,0.486815,-0.676701,-0.088021,-1.058826,0.575872,0.605529,0.207648,0.186678,-0.424182,0.420023,0.348453,-1.389652,-1.064921,1.230062,-0.827980,0.460295,0.203814,-0.682919,0.264463,0.244443,-0.000046,0.503451
33.879018,1.991928,-0.173031,-0.774490,1.510401,1.151507,0.376845,0.484560,-0.635919,-0.102756,-1.028169,0.582906,0.607080,0.210224,0.186766,-0.423718,0.420227,0.347769,-1.389389,-1.064667,1.230064,-0.827488,0.461697,0.202758,-0.681885,0.265282,0.246141,0.000133,0.501133
33.879922,1.993751,-0.173395,-0.767611,1.511654,1.146925,0.378691,0.483125,-0.595153,-0.117504,-0.997801,0.590938,0.608396,0.212822,0.186858,-0.423259,0.420431,0.347084,-1.389120,-1.064416,1.230064,-0.826981,0.459217,0.203950,-0.680189,0.267125,0.247918,0.000148,0.505769
33.880944,1.999572,-0.174107,-0.769326,1.511127,1.147845,0.377055,0.483195,-0.550234,-0.131145,-0.964765,0.598324,0.609849,0.215601,0.186969,-0.422809,0.420636,0.346400,-1.388852,-1.064152,1.230060,-0.826463,0.457494,0.203770,-0.683343,0.265744,0.252081,-0.001757,0.508464
33.881994,2.001729,-0.173140,-0.770176,1.512650,1.147362,0.378985,0.484544,-0.491856,-0.145624,-0.922054,0.604634,0.611934,0.219095,0.187092,-0.422357,0.420840,0.345715,-1.388588,-1.063899,1.230065,-0.825951,0.454333,0.204065,-0.683129,0.267109,0.251064,-0.000185,0.508406
33.883010,1.996786,-0.174299,-0.766718,1.514685,1.144588,0.377185,0.484333,-0.416408,-0.159950,-0.867085,0.608481,0.614931,0.223469,0.187191,-0.421904,0.421041,0.345025,-1.388322,-1.063641,1.230061,-0.825456,0.453158,0.203602,-0.683580,0.266557,0.251534,-0.002199,0.505926
33.883962,1.997636,-0.167195,-0.764005,1.518184,1.145362,0.375944,0.482378,-0.329003,-0.173865,-0.803626,0.610147,0.618575,0.228456,0.187260,-0.421450,0.421249,0.344338,-1.388062,-1.063381,1.230065,-0.824948,0.455370,0.204074,-0.685934,0.265376,0.254198,-0.000456,0.506497
33.885027,2.002321,-0.163454,-0.765149,1.522476,1.145353,0.375257,0.483850,-0.237109,-0.186389,-0.737156,0.610406,0.622456,0.233735,0.187330,-0.420996,0.421441,0.343647,-1.387808,-1.063132,1.230067,-0.824436,0.454292,0.200391,-0.687275,0.262446,0.253214,0.000699,0.510406
33.885930,2.011523,-0.162884,-0.760354,1.521411,1.144290,0.374627,0.485249,-0.142570,-0.192969,-0.669234,0.607863,0.626613,0.239293,0.187387,-0.420556,0.421634,0.342960,-1.387553,-1.062874,1.230067,-0.823928,0.452062,0.198705,-0.687736,0.259502,0.253246,0.001304,0.507615
33.886926,2.011689,-0.162547,-0.752302,1.521528,1.142680,0.374229,0.485644,-0.039075,-0.191900,-0.595351,0.601022,0.631521,0.245449,0.187386,-0.420121,0.421833,0.342263,-1.387290,-1.062616,1.230070,-0.823427,0.446784,0.198152,-0.689651,0.260624,0.253926,0.001856,0.504724
33.888038,2.016405,-0.162683,-0.760241,1.522610,1.139898,0.375438,0.486002,0.082185,-0.185063,-0.508989,0.588971,0.637762,0.252505,0.187306,-0.419674,0.422030,0.341556,-1.387028,-1.062360,1.230072,-0.822928,0.446440,0.197952,-0.693888,0.261201,0.255413,0.002167,0.504068
33.888939,2.016792,-0.163799,-0.754128,1.524710,1.138435,0.376590,0.486546,0.219680,-0.174805,-0.411125,0.572380,0.645270,0.260236,0.187176,-0.419235,0.422229,0.340875,-1.386763,-1.062096,1.230071,-0.822427,0.444436,0.198228,-0.691358,0.261536,0.258268,0.000874,0.503703
33.889968,2.010068,-0.168307,-0.758328,1.526547,1.138142,0.377563,0.487215,0.364417,-0.165127,-0.308056,0.554369,0.653364,0.268157,0.187049,-0.418791,0.422425,0.340175,-1.386508,-1.061839,1.230068,-0.821923,0.443498,0.198542,-0.693925,0.259623,0.259336,-0.000325,0.502497
33.891092,2.010366,-0.165698,-0.760567,1.528626,1.136838,0.378826,0.488211,0.506052,-0.162682,-0.206810,0.539849,0.661128,0.275807,0.186978,-0.418341,0.422630,0.339489,-1.386251,-1.061579,1.230065,-0.821424,0.446714,0.200747,-0.692506,0.258833,0.259515,-0.001349,0.501340
33.891960,2.014876,-0.165236,-0.754732,1.529065,1.137494,0.379617,0.488055,0.632262,-0.170512,-0.116106,0.531949,0.667657,0.282598,0.187002,-0.417890,0.422826,0.338793,-1.385997,-1.061315,1.230063,-0.820926,0.446828,0.199687,-0.692852,0.258534,0.260933,-0.002683,0.499730
33.892886,2.019870,-0.165884,-0.751921,1.530356,1.138863,0.379107,0.487140,0.742722,-0.184497,-0.036420,0.528686,0.673005,0.288568,0.187117,-0.417449,0.423021,0.338086,-1.385737,-1.061062,1.230059,-0.820429,0.443655,0.199140,-0.694862,0.257951,0.259823,-0.003505,0.499907
33.893925,2.022948,-0.165427,-0.743620,1.530919,1.138639,0.377916,0.487408,0.849962,-0.201726,0.041228,0.527196,0.677950,0.294443,0.187303,-0.417017,0.423220,0.337394,-1.385480,-1.060800,1.230058,-0.819925,0.440668,0.199249,-0.696026,0.256968,0.258085,-0.003037,0.501699
33.895091,2.020658,-0.159570,-0.747079,1.533260,1.140940,0.376548,0.488263,0.964723,-0.222652,0.124709,0.526400,0.683101,0.300798,0.187539,-0.416579,0.423418,0.336681,-1.385222,-1.060547,1.230060,-0.819422,0.439163,0.199054,-0.700698,0.257506,0.258325,-0.001930,0.501328
33.896040,2.012331,-0.164642,-0.740820,1.534102,1.138897,0.375030,0.489212,1.086882,-0.243529,0.213655,0.524426,0.688613,0.307583,0.187790,-0.416131,0.423609,0.335975,-1.384962,-1.060295,1.230063,-0.818923,0.440870,0.196539,-0.700602,0.257108,0.256315,-0.000657,0.500077
33.896936,2.017861,-0.160011,-0.740361,1.535038,1.137375,0.375378,0.488758,1.204119,-0.261371,0.298848,0.521356,0.693892,0.314100,0.188051,-0.415685,0.423812,0.335274,-1.384706,-1.060033,1.230067,-0.818423,0.444518,0.198902,-0.703616,0.256763,0.258079,0.000771,0.498181
33.897991,2.012284,-0.165377,-0.733520,1.532984,1.138447,0.375365,0.488435,1.308315,-0.278464,0.374520,0.519486,0.698357,0.319908,0.188334,-0.415250,0.424003,0.334568,-1.384450,-1.059774,1.230070,-0.817928,0.441007,0.196334,-0.703147,0.255947,0.259187,0.000327,0.499029
33.898986,2.013743,-0.158556,-0.739309,1.535812,1.139582,0.376131,0.488707,1.402249,-0.295574,0.442772,0.518654,0.702151,0.325102,0.188630,-0.414807,0.424206,0.333861,-1.384185,-1.059516,1.230070,-0.817427,0.443893,0.199089,-0.707318,0.259076,0.258070,0.000270,0.499905
33.900014,2.010415,-0.164574,-0.739190,1.534994,1.140977,0.377499,0.490019,1.486047,-0.310895,0.503619,0.517522,0.705414,0.329609,0.188912,-0.414364,0.424398,0.333158,-1.383932,-1.059260,1.230067,-0.816925,0.442856,0.195631,-0.704583,0.257109,0.256795,-0.000559,0.499443
33.900971,2.012932,-0.161647,-0.743581,1.535076,1.140357,0.378933,0.489552,1.555106,-0.323301,0.553663,0.516042,0.707949,0.333192,0.189169,-0.413916,0.424601,0.332447,-1.383671,-1.059008,1.230065,-0.816434,0.444382,0.198674,-0.705090,0.258905,0.255378,-0.001989,0.497011
33.901988,2.009723,-0.160918,-0.747891,1.539002,1.139149,0.378616,0.488983,1.607750,-0.334112,0.591776,0.514868,0.709662,0.335779,0.189436,-0.413480,0.424798,0.331754,-1.383415,-1.058750,1.230062,-0.815931,0.442711,0.197026,-0.702900,0.259373,0.255765,-0.003471,0.497994
33.902993,2.013769,-0.162586,-0.748744,1.539268,1.141742,0.376307,0.487799,1.643043,-0.343528,0.617257,0.514381,0.710496,0.337428,0.189756,-0.413031,0.424993,0.331053,-1.383163,-1.058492,1.230057,-0.815436,0.444124,0.196715,-0.701195,0.256502,0.256871,-0.003180,0.499304
33.903996,2.011236,-0.162524,-0.752203,1.541585,1.140988,0.374938,0.485300,1.661511,-0.353153,0.630554,0.515751,0.710390,0.338300,0.190137,-0.412594,0.425193,0.330362,-1.382904,-1.058240,1.230061,-0.814931,0.441909,0.197502,-0.701249,0.257079,0.254159,-0.000944,0.501792
33.904956,2.009378,-0.162850,-0.745697,1.541778,1.141568,0.372486,0.486363,1.667380,-0.366308,0.634927,0.519922,0.709514,0.338614,0.190553,-0.412146,0.425393,0.329661,-1.382653,-1.057985,1.230063,-0.814414,0.442926,0.197402,-0.699826,0.255766,0.254834,0.000332,0.506867
33.905985,2.006037,-0.161958,-0.754936,1.541811,1.139190,0.371639,0.486283,1.663797,-0.383378,0.632674,0.526443,0.708094,0.338492,0.190975,-0.411699,0.425593,0.328948,-1.382395,-1.057732,1.230071,-0.813916,0.443345,0.197401,-0.702928,0.256111,0.254053,0.002680,0.504708
33.906992,2.004549,-0.166689,-0.760740,1.544026,1.139343,0.370212,0.487334,1.650199,-0.401681,0.623198,0.533763,0.706259,0.337802,0.191380,-0.411254,0.425791,0.328258,-1.382137,-1.057474,1.230077,-0.813406,0.444917,0.196977,-0.698920,0.257104,0.256380,0.003401,0.505031
33.907971,1.999881,-0.171172,-0.761994,1.545681,1.136712,0.371816,0.486301,1.620828,-0.420486,0.602199,0.541906,0.703729,0.336095,0.191755,-0.410806,0.425992,0.327562,-1.381885,-1.057221,1.230085,-0.812903,0.445370,0.199306,-0.696456,0.255880,0.256119,0.004714,0.503024
33.908961,1.989791,-0.171305,-0.766225,1.547758,1.139001,0.373433,0.486012,1.572108,-0.446681,0.567517,0.554795,0.700021,0.333134,0.192106,-0.410357,0.426197,0.326872,-1.381629,-1.056956,1.230084,-0.812397,0.447302,0.201371,-0.696096,0.254938,0.258510,0.003019,0.505178
33.910041,1.981887,-0.170080,-0.765746,1.550766,1.140591,0.375143,0.485307,1.502301,-0.484682,0.518275,0.575168,0.694853,0.328890,0.192458,-0.409897,0.426401,0.326177,-1.381380,-1.056707,1.230083,-0.811888,0.451872,0.201277,-0.694249,0.253832,0.256084,0.001343,0.505799
33.911021,1.983374,-0.170385,-0.770693,1.552456,1.142547,0.375705,0.485208,1.407767,-0.529927,0.451678,0.601621,0.688166,0.323280,0.192836,-0.409429,0.426597,0.325476,-1.381128,-1.056455,1.230080,-0.811382,0.455684,0.200822,-0.695517,0.252341,0.254612,-0.000429,0.507483
33.911964,1.986109,-0.169059,-0.770655,1.550745,1.147370,0.375838,0.486150,1.292713,-0.576935,0.370563,0.631275,0.680387,0.316612,0.193227,-0.408983,0.426800,0.324792,-1.380875,-1.056209,1.230078,-0.810872,0.454500,0.200838,-0.693330,0.251466,0.252570,-0.001033,0.507699
33.912945,1.984209,-0.167012,-0.772298,1.551941,1.146813,0.377581,0.483961,1.171111,-0.620562,0.284738,0.659760,0.672527,0.309581,0.193578,-0.408531,0.426998,0.324098,-1.380618,-1.055972,1.230078,-0.810366,0.452491,0.199983,-0.693257,0.253638,0.247645,-0.001227,0.505763
33.913987,1.983931,-0.167638,-0.780771,1.552110,1.146910,0.376938,0.483582,1.055636,-0.654357,0.202891,0.682081,0.665612,0.302781,0.193851,-0.408072,0.427194,0.323398,-1.380364,-1.055725,1.230072,-0.809850,0.452928,0.198896,-0.692578,0.253203,0.248172,-0.003022,0.510213
33.915038,1.975428,-0.165231,-0.780260,1.555699,1.149398,0.376628,0.484463,0.948055,-0.675601,0.125999,0.696820,0.659827,0.296328,0.194039,-0.407619,0.427393,0.322722,-1.380111,-1.055478,1.230071,-0.809334,0.452914,0.199267,-0.689281,0.254268,0.248130,-0.002423,0.511077
33.916005,1.969046,-0.163578,-0.782566,1.555023,1.146577,0.375333,0.484791,0.842385,-0.686194,0.049792,0.706056,0.654677,0.289974,0.194123,-0.407150,0.427587,0.322028,-1.379859,-1.055240,1.230071,-0.808824,0.456908,0.198170,-0.690401,0.251958,0.245792,-0.002184,0.509472
33.917036,1.968949,-0.165693,-0.784078,1.556798,1.148235,0.374909,0.482724,0.732111,-0.687385,-0.030276,0.711654,0.649659,0.283458,0.194098,-0.406690,0.427783,0.321347,-1.379602,-1.054986,1.230072,-0.808321,0.459463,0.197248,-0.689484,0.253299,0.248473,-0.000957,0.508862
33.917962,1.964375,-0.162412,-0.786797,1.557334,1.147514,0.374419,0.481780,0.616623,-0.680905,-0.114379,0.714644,0.644611,0.276754,0.194025,-0.406228,0.427984,0.320659,-1.379353,-1.054739,1.230073,-0.807801,0.459171,0.198316,-0.689456,0.252748,0.246808,-0.000618,0.513148
33.918972,1.968052,-0.161146,-0.797348,1.557263,1.150185,0.376028,0.481473,0.500295,-0.669795,-0.198996,0.716062,0.639636,0.270071,0.193982,-0.405763,0.428177,0.319967,-1.379096,-1.054489,1.230075,-0.807286,0.460592,0.196497,-0.687849,0.252544,0.247306,-0.000207,0.514910
33.919943,1.957875,-0.162218,-0.798890,1.557239,1.151353,0.376806,0.481883,0.385294,-0.652398,-0.282634,0.715019,0.634885,0.263509,0.193977,-0.405311,0.428374,0.319297,-1.378844,-1.054255,1.230069,-0.806764,0.458421,0.195865,-0.683296,0.253656,0.244720,-0.001870,0.515559
33.921010,1.956500,-0.163341,-0.802863,1.560021,1.151070,0.376234,0.481425,0.270196,-0.627016,-0.366520,0.710766,0.630352,0.256965,0.193970,-0.404839,0.428572,0.318611,-1.378587,-1.054015,1.230065,-0.806251,0.462831,0.196301,-0.682784,0.254316,0.243524,-0.002684,0.514725
33.922025,1.957666,-0.163018,-0.806686,1.560888,1.150787,0.377159,0.480695,0.152592,-0.598853,-0.452110,0.706209,0.625743,0.250357,0.193941,-0.404377,0.428770,0.317937,-1.378335,-1.053773,1.230063,-0.805733,0.463347,0.196980,-0.682004,0.252926,0.243998,-0.002157,0.515848
33.922942,1.957548,-0.160075,-0.807545,1.561728,1.152154,0.376925,0.480385,0.035916,-0.574297,-0.536510,0.704425,0.620986,0.243969,0.193883,-0.403911,0.428968,0.317259,-1.378085,-1.053523,1.230058,-0.805215,0.462306,0.196800,-0.680796,0.253205,0.244250,-0.003139,0.517388
33.924006,1.959133,-0.159520,-0.803302,1.560953,1.154789,0.375158,0.482284,-0.071809,-0.553303,-0.613898,0.704640,0.616484,0.238299,0.193784,-0.403450,0.429159,0.316575,-1.377834,-1.053285,1.230057,-0.804698,0.461489,0.195163,-0.680145,0.252753,0.242707,-0.002952,0.517866
33.925030,1.955694,-0.162172,-0.806916,1.563105,1.155184,0.374560,0.483384,-0.162058,-0.531984,-0.678346,0.703684,0.612874,0.233764,0.193623,-0.402993,0.429355,0.315892,-1.377575,-1.053051,1.230061,-0.804189,0.460608,0.195027,-0.683387,0.254793,0.240311,-0.001270,0.514244
33.925946,1.961997,-0.160190,-0.807682,1.560527,1.151430,0.374693,0.484189,-0.230299,-0.511565,-0.726491,0.701098,0.610445,0.230497,0.193412,-0.402529,0.429551,0.315206,-1.377325,-1.052811,1.230062,-0.803675,0.461973,0.196407,-0.682230,0.253795,0.240025,-0.000760,0.512171
33.926943,1.950436,-0.160756,-0.807044,1.561812,1.149207,0.374695,0.483613,-0.277543,-0.494660,-0.758996,0.697917,0.609079,0.228361,0.193185,-0.402075,0.429745,0.314520,-1.377063,-1.052561,1.230061,-0.803171,0.457967,0.195194,-0.681587,0.256532,0.243546,-0.000958,0.510487
33.928056,1.948228,-0.160370,-0.814429,1.564366,1.148682,0.373795,0.484665,-0.307978,-0.479054,-0.779169,0.693332,0.608603,0.227102,0.192961,-0.401607,0.429942,0.313842,-1.376809,-1.052307,1.230059,-0.802659,0.463275,0.195461,-0.682473,0.256128,0.245645,-0.001014,0.511726
33.928953,1.947404,-0.161585,-0.809149,1.565523,1.146235,0.374131,0.486715,-0.333338,-0.464612,-0.795612,0.688691,0.608316,0.226143,0.192752,-0.401137,0.430137,0.313165,-1.376554,-1.052061,1.230063,-0.802159,0.464343,0.195522,-0.680323,0.255229,0.246396,-0.000210,0.509947
33.929988,1.948876,-0.159545,-0.816904,1.565548,1.148345,0.372861,0.487520,-0.359698,-0.455005,-0.812558,0.686737,0.607702,0.225226,0.192552,-0.400676,0.430333,0.312486,-1.376300,-1.051807,1.230064,-0.801656,0.463761,0.195866,-0.682675,0.254279,0.248493,-0.000625,0.505709
33.931040,1.952321,-0.160555,-0.814049,1.565903,1.145425,0.372660,0.489447,-0.382138,-0.450430,-0.826512,0.686829,0.607055,0.224586,0.192358,-0.400215,0.430529,0.311805,-1.376046,-1.051562,1.230067,-0.801152,0.462741,0.194898,-0.679582,0.255436,0.246410,0.000574,0.504301
33.932028,1.947373,-0.159467,-0.811954,1.564639,1.145362,0.371432,0.488527,-0.395245,-0.447546,-0.833951,0.686083,0.606872,0.224377,0.192183,-0.399756,0.430725,0.311114,-1.375789,-1.051308,1.230067,-0.800662,0.460828,0.195523,-0.681938,0.256289,0.249403,0.000690,0.500691
33.932945,1.947232,-0.160794,-0.812553,1.564659,1.142478,0.370355,0.489511,-0.394910,-0.444187,-0.832209,0.682298,0.607546,0.224677,0.192028,-0.399292,0.430918,0.310432,-1.375530,-1.051056,1.230074,-0.800156,0.462788,0.194952,-0.683391,0.258260,0.249314,0.001817,0.502650
33.933994,1.947849,-0.154749,-0.810539,1.565715,1.142299,0.369698,0.490238,-0.382590,-0.439288,-0.822505,0.674659,0.609095,0.225308,0.191889,-0.398831,0.431112,0.309747,-1.375269,-1.050802,1.230078,-0.799666,0.461947,0.195442,-0.682848,0.258385,0.251913,0.002805,0.500627
33.934981,1.954466,-0.160581,-0.810440,1.567342,1.140268,0.369293,0.491395,-0.360772,-0.430526,-0.806840,0.662379,0.611462,0.226107,0.191762,-0.398377,0.431302,0.309063,-1.375008,-1.050552,1.230083,-0.799166,0.461519,0.192552,-0.684809,0.258410,0.252121,0.003353,0.499399
33.935996,1.952340,-0.160855,-0.805917,1.567420,1.138486,0.369257,0.493085,-0.325607,-0.418865,-0.782362,0.645938,0.614813,0.227298,0.191656,-0.397923,0.431506,0.308376,-1.374755,-1.050293,1.230083,-0.798672,0.457737,0.195370,-0.685189,0.257635,0.253983,0.003687,0.497186
33.937067,1.953423,-0.164214,-0.814162,1.566791,1.139554,0.370791,0.494322,-0.272616,-0.411819,-0.745358,0.628772,0.619121,0.229113,0.191574,-0.397459,0.431702,0.307681,-1.374494,-1.050035,1.230086,-0.798188,0.458415,0.195497,-0.687981,0.258406,0.255648,0.003629,0.494005
33.937927,1.954319,-0.164550,-0.811009,1.566247,1.138891,0.372646,0.495083,-0.206043,-0.413023,-0.698665,0.613012,0.624041,0.231282,0.191485,-0.397005,0.431903,0.307004,-1.374227,-1.049778,1.230085,-0.797701,0.457851,0.197286,-0.685000,0.260155,0.254584,0.002009,0.491861
33.938949,1.952904,-0.163923,-0.813798,1.566310,1.140049,0.372460,0.496635,-0.133526,-0.420157,-0.647946,0.598269,0.629267,0.233393,0.191362,-0.396550,0.432097,0.306316,-1.373970,-1.049524,1.230080,-0.797220,0.456292,0.197111,-0.685844,0.260532,0.254810,0.000123,0.490236
33.939985,1.947716,-0.164356,-0.812593,1.565920,1.136777,0.373168,0.496670,-0.058618,-0.429473,-0.595971,0.583453,0.634730,0.235332,0.191216,-0.396097,0.432293,0.305638,-1.373705,-1.049271,1.230077,-0.796735,0.456770,0.196827,-0.685207,0.261275,0.253590,0.000279,0.487344
33.940948,1.942937,-0.167214,-0.812085,1.566389,1.134758,0.373784,0.498290,0.013299,-0.436889,-0.546900,0.567645,0.640228,0.236902,0.191083,-0.395633,0.432491,0.304946,-1.373442,-1.049005,1.230074,-0.796244,0.459065,0.197085,-0.686552,0.262625,0.256764,-0.000495,0.487531
33.941942,1.946974,-0.163397,-0.813337,1.568678,1.136703,0.373709,0.497109,0.075318,-0.442698,-0.505737,0.552225,0.645250,0.237848,0.191002,-0.395169,0.432690,0.304257,-1.373178,-1.048746,1.230073,-0.795761,0.460769,0.198388,-0.686919,0.262563,0.258518,-0.001172,0.484366
33.943058,1.949184,-0.160592,-0.810323,1.565097,1.137449,0.373360,0.494766,0.126891,-0.448708,-0.472707,0.538955,0.649504,0.238314,0.191000,-0.394720,0.432882,0.303572,-1.372914,-1.048487,1.230072,-0.795275,0.458359,0.196456,-0.686720,0.260889,0.256362,-0.001155,0.486944
33.944053,1.956744,-0.165180,-0.807628,1.563008,1.137139,0.373043,0.494459,0.176082,-0.449660,-0.442230,0.524796,0.653513,0.238783,0.191089,-0.394263,0.433075,0.302875,-1.372640,-1.048237,1.230074,-0.794773,0.457449,0.195348,-0.689616,0.265772,0.255845,-0.000890,0.492008
33.944924,1.952318,-0.161468,-0.804635,1.561369,1.134799,0.373197,0.494710,0.235249,-0.440948,-0.405584,0.505547,0.658173,0.239758,0.191260,-0.393813,0.433275,0.302171,-1.372365,-1.047973,1.230072,-0.794282,0.453273,0.197594,-0.691164,0.268223,0.255937,-0.000633,0.492719
33.945996,1.951082,-0.161488,-0.805527,1.562508,1.131121,0.373906,0.495388,0.309860,-0.424362,-0.358588,0.481212,0.663729,0.241434,0.191467,-0.393359,0.433468,0.301482,-1.372094,-1.047711,1.230075,-0.793787,0.454518,0.195421,-0.691978,0.269453,0.257803,-0.000868,0.492068
33.946977,1.951253,-0.161085,-0.808659,1.559915,1.130473,0.374788,0.494168,0.392183,-0.400587,-0.306605,0.453740,0.669610,0.243519,0.191642,-0.392899,0.433662,0.300787,-1.371823,-1.047439,1.230069,-0.793302,0.455050,0.195620,-0.692527,0.269312,0.261381,-0.001625,0.491033
33.947933,1.946490,-0.164014,-0.797589,1.560439,1.129451,0.374365,0.493363,0.472280,-0.370461,-0.256598,0.425285,0.675142,0.245616,0.191761,-0.392450,0.433858,0.300106,-1.371544,-1.047176,1.230065,-0.792803,0.454536,0.195355,-0.691308,0.272091,0.261749,-0.002553,0.493590
33.949048,1.953050,-0.159661,-0.801396,1.560763,1.129760,0.375099,0.494681,0.547747,-0.338093,-0.209866,0.398170,0.680077,0.247660,0.191845,-0.391991,0.434055,0.299400,-1.371275,-1.046908,1.230063,-0.792300,0.456283,0.196696,-0.696775,0.271784,0.262418,-0.002168,0.495200
33.949944,1.955106,-0.157800,-0.795351,1.558571,1.126318,0.374359,0.495460,0.622521,-0.307221,-0.163094,0.373849,0.684567,0.249957,0.191915,-0.391539,0.434245,0.298699,-1.370999,-1.046650,1.230059,-0.791814,0.453185,0.194810,-0.696108,0.272670,0.262230,-0.002968,0.492938
33.950941,1.965814,-0.158438,-0.794623,1.558489,1.128154,0.375105,0.494724,0.702542,-0.275036,-0.112031,0.350270,0.689110,0.252884,0.191968,-0.391098,0.434435,0.298004,-1.370724,-1.046382,1.230056,-0.791323,0.451415,0.193697,-0.698620,0.274551,0.265199,-0.002257,0.491317
33.952064,1.967514,-0.155058,-0.791339,1.558456,1.126240,0.373726,0.494479,0.795299,-0.239120,-0.051376,0.325137,0.694337,0.256831,0.192009,-0.390661,0.434631,0.297299,-1.370446,-1.046124,1.230053,-0.790820,0.445836,0.194010,-0.699185,0.274921,0.263158,-0.003071,0.492921
33.953016,1.965668,-0.153256,-0.790732,1.557440,1.123576,0.371879,0.494228,0.906427,-0.201680,0.023136,0.298679,0.700662,0.262091,0.192038,-0.390222,0.434818,0.296596,-1.370164,-1.045853,1.230055,-0.790330,0.445469,0.192672,-0.702204,0.276073,0.265131,-0.001761,0.493818
33.954078,1.959384,-0.151726,-0.787442,1.559694,1.121658,0.371162,0.495681,1.030230,-0.161889,0.107376,0.270863,0.707957,0.268317,0.192005,-0.389774,0.435009,0.295889,-1.369888,-1.045581,1.230058,-0.789832,0.445849,0.191703,-0.702290,0.277140,0.267401,0.000004,0.494339
33.955017,1.962343,-0.150980,-0.783784,1.557971,1.117452,0.370164,0.495169,1.152272,-0.119357,0.190915,0.243012,0.715493,0.274727,0.191873,-0.389316,0.435199,0.295174,-1.369609,-1.045312,1.230057,-0.789351,0.448910,0.191146,-0.704626,0.275611,0.269202,0.000643,0.491726
33.956057,1.963473,-0.153437,-0.788420,1.556653,1.116527,0.371516,0.495604,1.264080,-0.076918,0.267904,0.217503,0.722715,0.280885,0.191656,-0.388875,0.435390,0.294474,-1.369329,-1.045028,1.230061,-0.788855,0.446850,0.190673,-0.706228,0.277234,0.272868,0.001556,0.492788
33.956967,1.964120,-0.156035,-0.783907,1.555500,1.113100,0.370955,0.494785,1.366105,-0.036978,0.338908,0.194947,0.729622,0.286722,0.191390,-0.388428,0.435582,0.293767,-1.369052,-1.044752,1.230058,-0.788360,0.446213,0.192036,-0.704449,0.279190,0.273527,0.000127,0.492122
33.957988,1.957704,-0.154103,-0.785845,1.557327,1.111244,0.371379,0.492976,1.459402,-0.003132,0.404881,0.176208,0.736197,0.292170,0.191107,-0.387987,0.435777,0.293052,-1.368771,-1.044467,1.230061,-0.787871,0.445213,0.193121,-0.706089,0.279963,0.276343,0.000620,0.493751
33.958933,1.954585,-0.157454,-0.789091,1.556604,1.106866,0.371788,0.492759,1.541071,0.021705,0.463834,0.162904,0.742120,0.297082,0.190846,-0.387530,0.435969,0.292349,-1.368496,-1.044182,1.230058,-0.787364,0.448154,0.192208,-0.705557,0.278683,0.277815,0.000139,0.497523
33.959952,1.948687,-0.156089,-0.783838,1.558553,1.107751,0.371711,0.492479,1.602859,0.037300,0.509712,0.156270,0.746774,0.301094,0.190648,-0.387077,0.436163,0.291647,-1.368217,-1.043893,1.230056,-0.786868,0.449049,0.193778,-0.703728,0.279339,0.281628,-0.000327,0.497936
33.961115,1.948574,-0.153858,-0.793490,1.557953,1.106915,0.371119,0.493590,1.640047,0.043128,0.539040,0.157125,0.749753,0.304013,0.190522,-0.386618,0.436355,0.290939,-1.367940,-1.043612,1.230058,-0.786363,0.451678,0.193146,-0.706784,0.277860,0.280358,-0.000328,0.498639
33.961989,1.956532,-0.154427,-0.782705,1.556171,1.106083,0.369882,0.493037,1.653834,0.042438,0.552428,0.163587,0.751184,0.305905,0.190426,-0.386170,0.436548,0.290239,-1.367657,-1.043333,1.230058,-0.785866,0.452230,0.192436,-0.703625,0.279847,0.281248,0.000186,0.496860
33.962964,1.954400,-0.156395,-0.784366,1.556610,1.102969,0.368715,0.492606,1.653962,0.041014,0.556423,0.171269,0.751827,0.307184,0.190318,-0.385731,0.436737,0.289518,-1.367373,-1.043052,1.230062,-0.785368,0.447364,0.192491,-0.708048,0.280942,0.281391,0.001343,0.497852
33.964053,1.952495,-0.153865,-0.791410,1.556732,1.101660,0.368520,0.492666,1.656131,0.038390,0.562218,0.178393,0.752548,0.308588,0.190195,-0.385289,0.436933,0.288817,-1.367096,-1.042759,1.230067,-0.784864,0.448121,0.193409,-0.707245,0.280670,0.283974,0.002417,0.498762
33.964956,1.943628,-0.151651,-0.796790,1.555658,1.099016,0.368989,0.493438,1.659421,0.033046,0.569044,0.185951,0.753181,0.310035,0.190091,-0.384836,0.437124,0.288113,-1.366809,-1.042472,1.230066,-0.784369,0.449176,0.192377,-0.704753,0.281301,0.285042,0.002531,0.498956
33.965957,1.940365,-0.151912,-0.803034,1.554821,1.100115,0.369465,0.495312,1.648165,0.030135,0.565077,0.193241,0.752960,0.310657,0.190017,-0.384382,0.437312,0.287421,-1.366527,-1.042181,1.230068,-0.783863,0.452759,0.191116,-0.701604,0.281932,0.286981,0.001980,0.497279
33.967011,1.939595,-0.152965,-0.804665,1.556557,1.100571,0.369365,0.493632,1.610282,0.034797,0.541151,0.198941,0.751362,0.309781,0.189965,-0.383914,0.437504,0.286723,-1.366245,-1.041898,1.230069,-0.783376,0.453828,0.191290,-0.698837,0.283039,0.285451,0.001429,0.493683
33.968032,1.943325,-0.155454,-0.807933,1.557446,1.101754,0.370831,0.493981,1.546249,0.044382,0.497759,0.204235,0.748326,0.307433,0.189958,-0.383462,0.437697,0.286018,-1.365963,-1.041619,1.230070,-0.782876,0.454119,0.191962,-0.698766,0.281876,0.284775,0.001455,0.497346
33.969028,1.939229,-0.156891,-0.807892,1.556696,1.105536,0.371507,0.494251,1.467670,0.050591,0.443812,0.212258,0.744207,0.304307,0.190038,-0.383016,0.437895,0.285328,-1.365679,-1.041337,1.230067,-0.782380,0.452070,0.193226,-0.697744,0.281346,0.283244,-0.000084,0.496782
33.970002,1.934105,-0.158715,-0.811173,1.559699,1.105513,0.371133,0.495445,1.385510,0.047697,0.387570,0.224833,0.739467,0.301032,0.190200,-0.382556,0.438087,0.284627,-1.365396,-1.041066,1.230066,-0.781883,0.453677,0.193954,-0.698035,0.282308,0.279150,-0.000815,0.496360
33.970970,1.927762,-0.160024,-0.811423,1.560828,1.104798,0.370856,0.497429,1.300880,0.033942,0.329918,0.242856,0.734177,0.297680,0.190414,-0.382100,0.438284,0.283939,-1.365119,-1.040789,1.230068,-0.781399,0.455718,0.194777,-0.696608,0.279429,0.278804,-0.000510,0.494077
33.971931,1.927781,-0.158963,-0.823266,1.560231,1.103009,0.370222,0.495938,1.208568,0.007738,0.267163,0.268191,0.727974,0.294039,0.190666,-0.381634,0.438480,0.283243,-1.364846,-1.040508,1.230068,-0.780910,0.458203,0.195331,-0.696574,0.278573,0.279074,-0.000298,0.490187
33.973108,1.926438,-0.157717,-0.823025,1.564753,1.106236,0.368486,0.496828,1.104379,-0.027872,0.196038,0.299965,0.720678,0.289884,0.190965,-0.381175,0.438672,0.282554,-1.364561,-1.040229,1.230070,-0.780414,0.457536,0.194722,-0.690693,0.279069,0.280414,0.000261,0.493285
33.973965,1.918076,-0.160987,-0.825434,1.560784,1.107140,0.368602,0.498202,0.989282,-0.066959,0.116819,0.335085,0.712521,0.285209,0.191312,-0.380719,0.438867,0.281864,-1.364292,-1.039956,1.230074,-0.779918,0.458721,0.194509,-0.692864,0.276306,0.277273,0.001901,0.491967
33.974992,1.918615,-0.155574,-0.834883,1.564309,1.108828,0.369401,0.498312,0.867292,-0.107238,0.032319,0.371733,0.703867,0.280146,0.191681,-0.380248,0.439067,0.281175,-1.364005,-1.039680,1.230075,-0.779430,0.461612,0.195767,-0.690815,0.279445,0.275715,0.001702,0.489066
33.975917,1.912918,-0.156167,-0.830537,1.567275,1.109472,0.370399,0.498194,0.738535,-0.144880,-0.057519,0.407549,0.694924,0.274604,0.192065,-0.379782,0.439253,0.280492,-1.363737,-1.039413,1.230072,-0.778943,0.460923,0.193173,-0.686823,0.276641,0.273842,0.000839,0.489100
33.976920,1.911902,-0.151512,-0.846350,1.569742,1.111880,0.371831,0.497600,0.604638,-0.177085,-0.151611,0.441452,0.685793,0.268768,0.192495,-0.379316,0.439450,0.279809,-1.363470,-1.039140,1.230071,-0.778448,0.462902,0.193300,-0.688914,0.273733,0.272727,-0.000216,0.489314
33.978048,1.905926,-0.153001,-0.852153,1.574050,1.115021,0.372518,0.499312,0.467762,-0.204585,-0.248256,0.474336,0.676445,0.262934,0.192985,-0.378851,0.439635,0.279141,-1.363203,-1.038879,1.230066,-0.777952,0.462889,0.191060,-0.681638,0.271911,0.270136,-0.001694,0.490654
33.978927,1.899581,-0.151676,-0.853172,1.572936,1.113752,0.371959,0.498059,0.323785,-0.228024,-0.350398,0.507046,0.666566,0.256961,0.193507,-0.378382,0.439829,0.278469,-1.362939,-1.038612,1.230061,-0.777472,0.465998,0.192144,-0.680549,0.269160,0.267064,-0.002424,0.487650
33.979937,1.905539,-0.149990,-0.855382,1.577218,1.115430,0.368913,0.498694,0.170680,-0.249294,-0.459404,0.540282,0.656024,0.250722,0.194045,-0.377910,0.440022,0.277790,-1.362670,-1.038343,1.230062,-0.776976,0.467964,0.191202,-0.679553,0.270016,0.267812,-0.001922,0.490087
33.981108,1.905880,-0.147984,-0.858338,1.580347,1.115721,0.368041,0.500062,0.017243,-0.269011,-0.568862,0.572872,0.645371,0.244587,0.194592,-0.377447,0.440209,0.277111,-1.362410,-1.038082,1.230066,-0.776495,0.464488,0.190469,-0.679110,0.266528,0.265956,0.001056,0.488992
33.981982,1.904015,-0.148947,-0.864263,1.581807,1.117290,0.367297,0.498392,-0.122106,-0.288127,-0.668303,0.603657,0.635412,0.239238,0.195118,-0.376985,0.440399,0.276439,-1.362151,-1.037819,1.230068,-0.776008,0.464758,0.189923,-0.679779,0.265414,0.265899,0.001813,0.486775
33.982932,1.898201,-0.147529,-0.863014,1.585879,1.120322,0.366555,0.498720,-0.242161,-0.308563,-0.753888,0.632921,0.626400,0.234881,0.195598,-0.376517,0.440588,0.275766,-1.361888,-1.037557,1.230071,-0.775518,0.464496,0.190183,-0.676305,0.263774,0.263811,0.002480,0.490058
33.983931,1.893076,-0.148787,-0.871389,1.589284,1.120073,0.368916,0.497252,-0.347545,-0.331670,-0.828895,0.661679,0.618085,0.231227,0.196044,-0.376048,0.440776,0.275094,-1.361636,-1.037305,1.230074,-0.775024,0.466623,0.189423,-0.677185,0.260278,0.260563,0.003137,0.489399
33.985085,1.889157,-0.141697,-0.875713,1.591881,1.123764,0.368717,0.496449,-0.445338,-0.359712,-0.898255,0.691931,0.610024,0.227943,0.196491,-0.375577,0.440966,0.274424,-1.361385,-1.037045,1.230071,-0.774524,0.468595,0.190118,-0.673622,0.257874,0.260673,0.000694,0.492486
33.986006,1.885722,-0.144132,-0.866912,1.592549,1.128092,0.368659,0.496642,-0.542518,-0.389938,-0.967123,0.723023,0.601941,0.224677,0.196968,-0.375099,0.441144,0.273747,-1.361128,-1.036800,1.230071,-0.774022,0.470668,0.187086,-0.673420,0.257215,0.257298,0.000833,0.494514
33.986999,1.891057,-0.141940,-0.873846,1.596006,1.129808,0.368941,0.495665,-0.636417,-0.416259,-1.033856,0.751233,0.594288,0.221478,0.197454,-0.374630,0.441336,0.273069,-1.360872,-1.036556,1.230072,-0.773530,0.471427,0.188191,-0.677746,0.256865,0.252760,0.000821,0.494084
33.988052,1.896728,-0.138849,-0.871679,1.598630,1.132809,0.368926,0.494379,-0.715473,-0.439271,-1.090027,0.775354,0.587770,0.218866,0.197918,-0.374166,0.441520,0.272398,-1.360624,-1.036312,1.230071,-0.773028,0.468175,0.187182,-0.674806,0.254392,0.251046,0.000476,0.496154
33.989031,1.898886,-0.138336,-0.875695,1.601996,1.135208,0.368835,0.494252,-0.769230,-0.460760,-1.128061,0.795464,0.582870,0.217385,0.198346,-0.373708,0.441703,0.271712,-1.360371,-1.036071,1.230070,-0.772526,0.465193,0.185889,-0.676877,0.253079,0.248188,0.000425,0.498956
33.990052,1.898292,-0.132463,-0.876119,1.602397,1.140303,0.369694,0.494067,-0.792247,-0.480394,-1.144165,0.811290,0.579829,0.217345,0.198719,-0.373244,0.441890,0.271042,-1.360127,-1.035833,1.230070,-0.772025,0.463520,0.185690,-0.675316,0.250705,0.245792,0.000448,0.499251
33.990975,1.889840,-0.136537,-0.874578,1.601121,1.138447,0.370260,0.493851,-0.787645,-0.495751,-1.140824,0.822110,0.578523,0.218575,0.198998,-0.372777,0.442067,0.270363,-1.359875,-1.035603,1.230068,-0.771529,0.463417,0.182988,-0.675881,0.251449,0.240849,-0.000482,0.499798
33.991977,1.892168,-0.133265,-0.874462,1.604988,1.139848,0.370897,0.492578,-0.765705,-0.503022,-1.125697,0.826697,0.578549,0.220473,0.199163,-0.372311,0.442255,0.269691,-1.359617,-1.035357,1.230064,-0.771027,0.466769,0.184961,-0.676626,0.253007,0.242562,-0.001085,0.500173
33.992952,1.891004,-0.138590,-0.871480,1.603312,1.143296,0.369824,0.493312,-0.735162,-0.504856,-1.104942,0.827077,0.579312,0.222588,0.199239,-0.371849,0.442436,0.269010,-1.359373,-1.035121,1.230062,-0.770516,0.465085,0.183457,-0.677239,0.250278,0.241200,-0.001782,0.502817
33.994113,1.898208,-0.135583,-0.877175,1.606095,1.147546,0.369921,0.493873,-0.695984,-0.507321,-1.078201,0.826444,0.580543,0.224967,0.199261,-0.371382,0.442625,0.268325,-1.359116,-1.034888,1.230066,-0.770020,0.465024,0.186168,-0.679012,0.252661,0.237772,-0.000781,0.501387
33.994983,1.896338,-0.138281,-0.874932,1.607005,1.147288,0.369477,0.492818,-0.643890,-0.513571,-1.042190,0.825766,0.582393,0.227772,0.199254,-0.370929,0.442809,0.267651,-1.358865,-1.034657,1.230068,-0.769518,0.461845,0.185134,-0.678170,0.251956,0.234036,-0.000982,0.500721
33.995937,1.900177,-0.135015,-0.880074,1.607070,1.148464,0.370193,0.491741,-0.578090,-0.524241,-0.996284,0.825504,0.584847,0.231041,0.199260,-0.370467,0.442996,0.266969,-1.358615,-1.034424,1.230067,-0.769006,0.461673,0.186288,-0.678693,0.251133,0.234110,-0.000590,0.502650
33.997028,1.901675,-0.133360,-0.881482,1.610346,1.149693,0.370334,0.491961,-0.502092,-0.537707,-0.943076,0.825720,0.587661,0.234668,0.199320,-0.370008,0.443176,0.266302,-1.358363,-1.034193,1.230063,-0.768501,0.459068,0.184690,-0.676401,0.251729,0.232935,-0.001362,0.504803
33.998020,1.901902,-0.135441,-0.876713,1.609775,1.153693,0.368703,0.492051,-0.419801,-0.549663,-0.885623,0.824971,0.590665,0.238517,0.199437,-0.369553,0.443360,0.265620,-1.358120,-1.033960,1.230063,-0.767991,0.458403,0.184204,-0.677047,0.250255,0.232028,-0.001572,0.504607
33.998947,1.907130,-0.131473,-0.877534,1.611189,1.153577,0.369362,0.492915,-0.331685,-0.559268,-0.824296,0.822892,0.593848,0.242608,0.199580,-0.369097,0.443547,0.264931,-1.357865,-1.033737,1.230066,-0.767487,0.457858,0.185338,-0.679827,0.251696,0.228187,-0.000011,0.504512
34.000063,1.911975,-0.129693,-0.872837,1.612189,1.154409,0.368261,0.492770,-0.235124,-0.567173,-0.757104,0.819304,0.597407,0.247073,0.199715,-0.368653,0.443728,0.264259,-1.357616,-1.033514,1.230066,-0.766984,0.454582,0.183308,-0.679395,0.250775,0.228365,-0.000754,0.502719
34.001016,1.918379,-0.130275,-0.870806,1.611075,1.156652,0.366976,0.492830,-0.125771,-0.570463,-0.681012,0.812384,0.601735,0.252162,0.199813,-0.368204,0.443907,0.263567,-1.357362,-1.033288,1.230067,-0.766483,0.452455,0.182890,-0.683202,0.251512,0.227983,0.000282,0.503386
34.001979,1.917647,-0.132190,-0.869179,1.612772,1.155937,0.366549,0.493015,0.001462,-0.567994,-0.592396,0.800868,0.607260,0.258095,0.199878,-0.367766,0.444093,0.262882,-1.357106,-1.033065,1.230071,-0.765979,0.448807,0.183175,-0.684266,0.253168,0.225809,0.001478,0.503261
34.002975,1.915191,-0.124918,-0.869646,1.613395,1.155005,0.367680,0.496215,0.145740,-0.563073,-0.491670,0.786039,0.613962,0.264752,0.199930,-0.367318,0.444281,0.262194,-1.356859,-1.032834,1.230070,-0.765475,0.448721,0.184130,-0.685203,0.252273,0.226581,0.001833,0.502906
34.003981,1.912618,-0.129155,-0.866387,1.613467,1.154300,0.367598,0.494658,0.295911,-0.555759,-0.386785,0.769125,0.621286,0.271606,0.199972,-0.366863,0.444454,0.261503,-1.356607,-1.032603,1.230069,-0.764989,0.449544,0.180699,-0.685350,0.252584,0.227631,0.000626,0.496611
34.005006,1.913491,-0.128276,-0.867045,1.615449,1.153914,0.366869,0.494625,0.439866,-0.542737,-0.286486,0.749748,0.628741,0.278107,0.200005,-0.366414,0.444643,0.260816,-1.356351,-1.032372,1.230068,-0.764483,0.450544,0.182957,-0.687517,0.253429,0.228463,0.000652,0.499925
34.006047,1.918632,-0.128038,-0.868481,1.616379,1.153648,0.367418,0.495527,0.572702,-0.527629,-0.193950,0.729904,0.635979,0.284012,0.200048,-0.365962,0.444827,0.260127,-1.356101,-1.032143,1.230070,-0.763978,0.449869,0.182678,-0.687838,0.252615,0.229048,0.001305,0.500112
34.006999,1.919159,-0.127857,-0.862251,1.617309,1.153667,0.367861,0.494773,0.695780,-0.514712,-0.107888,0.711476,0.642896,0.289403,0.200086,-0.365515,0.445008,0.259434,-1.355847,-1.031910,1.230066,-0.763491,0.447196,0.182814,-0.687857,0.252895,0.229517,0.000695,0.498539
34.007969,1.921647,-0.125169,-0.861464,1.617876,1.154123,0.367797,0.495582,0.814409,-0.503980,-0.024512,0.693991,0.649751,0.294590,0.200068,-0.365073,0.445193,0.258742,-1.355597,-1.031682,1.230065,-0.762992,0.446477,0.182721,-0.691001,0.252632,0.229528,0.000192,0.500098
34.009042,1.919952,-0.125185,-0.858216,1.619118,1.152961,0.367924,0.496087,0.932999,-0.493831,0.059222,0.676313,0.656846,0.299860,0.199967,-0.364630,0.445371,0.258044,-1.355337,-1.031455,1.230063,-0.762497,0.444824,0.181501,-0.691434,0.252623,0.229152,0.000208,0.498522
34.010026,1.922005,-0.129361,-0.858932,1.620201,1.153196,0.366545,0.494915,1.050942,-0.481901,0.142736,0.657424,0.664243,0.305217,0.199797,-0.364188,0.445552,0.257348,-1.355085,-1.031220,1.230066,-0.762002,0.445837,0.181845,-0.694085,0.252874,0.230594,-0.000014,0.497812
34.010962,1.913927,-0.126171,-0.855925,1.619385,1.153494,0.367126,0.494475,1.165093,-0.471255,0.223898,0.639082,0.671649,0.310468,0.199602,-0.363747,0.445740,0.256652,-1.354836,-1.030989,1.230070,-0.761493,0.444484,0.183990,-0.693915,0.252688,0.230421,0.001284,0.500232
34.011995,1.916592,-0.125852,-0.847597,1.617737,1.151996,0.367371,0.494286,1.269983,-0.464378,0.298852,0.622948,0.678625,0.315253,0.199426,-0.363292,0.445918,0.255951,-1.354577,-1.030759,1.230070,-0.760997,0.447859,0.182407,-0.695164,0.253874,0.230103,0.000617,0.501093
34.012996,1.914951,-0.128936,-0.854652,1.617695,1.150736,0.368483,0.496535,1.363329,-0.455598,0.365663,0.606346,0.685236,0.319369,0.199261,-0.362854,0.446103,0.255248,-1.354316,-1.030523,1.230071,-0.760494,0.446462,0.182457,-0.699924,0.256508,0.231771,0.000302,0.501637
34.014056,1.917269,-0.127679,-0.857436,1.616961,1.149795,0.367883,0.496153,1.447687,-0.442417,0.426036,0.587699,0.691703,0.322879,0.199084,-0.362407,0.446287,0.254553,-1.354057,-1.030288,1.230069,-0.759997,0.447021,0.184139,-0.696711,0.257325,0.233112,-0.000879,0.497225
34.015001,1.909520,-0.129830,-0.857202,1.617598,1.149928,0.369733,0.498777,1.520707,-0.427253,0.478270,0.568479,0.697725,0.325625,0.198895,-0.361959,0.446472,0.253864,-1.353791,-1.030045,1.230067,-0.759501,0.445841,0.183743,-0.696300,0.259117,0.234196,-0.000326,0.498301
34.016054,1.904563,-0.127270,-0.865523,1.618085,1.150029,0.370876,0.498322,1.577342,-0.410944,0.518625,0.549893,0.702886,0.327389,0.198684,-0.361508,0.446660,0.253161,-1.353534,-1.029814,1.230062,-0.759017,0.449142,0.184778,-0.696221,0.258919,0.234041,-0.002234,0.493053
34.016984,1.901965,-0.126333,-0.860081,1.615918,1.146715,0.369175,0.498617,1.609889,-0.393388,0.541468,0.533141,0.706626,0.327934,0.198453,-0.361050,0.446842,0.252469,-1.353271,-1.029583,1.230055,-0.758527,0.451453,0.183756,-0.692896,0.259511,0.234193,-0.003400,0.494295
34.017971,1.904425,-0.124354,-0.860967,1.616372,1.148733,0.367921,0.499988,1.614266,-0.371392,0.543635,0.517319,0.708713,0.327176,0.198231,-0.360601,0.447026,0.251773,-1.353001,-1.029340,1.230054,-0.758034,0.452062,0.183248,-0.695415,0.261728,0.237361,-0.001729,0.493679
34.019008,1.904618,-0.122520,-0.857687,1.613998,1.149998,0.365791,0.500817,1.600057,-0.341856,0.531812,0.499998,0.709719,0.325637,0.198041,-0.360149,0.447205,0.251077,-1.352740,-1.029108,1.230055,-0.757542,0.450399,0.182412,-0.695190,0.261903,0.235375,-0.000556,0.491040
34.019987,1.904642,-0.127722,-0.856173,1.613059,1.152151,0.364515,0.500000,1.580431,-0.303840,0.515395,0.479408,0.710388,0.323966,0.197894,-0.359702,0.447385,0.250370,-1.352466,-1.028878,1.230062,-0.757059,0.450204,0.181752,-0.697407,0.265009,0.234334,0.001468,0.489654
34.020996,1.899313,-0.127203,-0.865242,1.615102,1.153084,0.362951,0.499875,1.563588,-0.260346,0.500419,0.455926,0.711138,0.322489,0.197806,-0.359251,0.447575,0.249676,-1.352198,-1.028648,1.230068,-0.756563,0.449744,0.184392,-0.698352,0.266358,0.232253,0.002633,0.491407
34.021984,1.892344,-0.130052,-0.870757,1.615343,1.149553,0.363826,0.498450,1.514865,-0.187326,0.459478,0.417990,0.710618,0.318789,0.197922,-0.358335,0.447946,0.248301,-1.351667,-1.028179,1.230075,-0.755578,0.455061,0.185748,-0.691922,0.265311,0.235069,0.003116,0.494803
34.023060,1.888742,-0.127965,-0.873887,1.612333,1.148236,0.363678,0.498934,1.514865,-0.187326,0.459478,0.417990,0.710618,0.318789,0.197922,-0.358335,0.447946,0.248301,-1.351667,-1.028179,1.230075,-0.755578,0.455061,0.185748,-0.691922,0.265311,0.235069,0.003116,0.494803
34.023991,1.881188,-0.128238,-0.876453,1.609738,1.150888,0.365004,0.498930,1.458408,-0.161914,0.416101,0.408477,0.707825,0.315292,0.198111,-0.357872,0.448133,0.247609,-1.351391,-1.027941,1.230078,-0.755080,0.456754,0.184949,-0.691444,0.269274,0.236608,0.003184,0.494083
34.024947,1.882630,-0.125966,-0.874672,1.608387,1.149702,0.366861,0.498428,1.377948,-0.135735,0.355352,0.400728,0.703649,0.310396,0.198322,-0.357406,0.448317,0.246918,-1.351114,-1.027710,1.230077,-0.754589,0.459680,0.185058,-0.689968,0.271737,0.233870,0.001784,0.494105
34.026028,1.887064,-0.122838,-0.877058,1.608786,1.151575,0.366646,0.498125,1.280660,-0.103051,0.282284,0.390748,0.698854,0.304423,0.198509,-0.356952,0.448501,0.246233,-1.350841,-1.027472,1.230073,-0.754091,0.458313,0.183941,-0.690988,0.273228,0.235033,-0.000122,0.495149
34.027004,1.887520,-0.118138,-0.885267,1.609733,1.154532,0.366758,0.497334,1.181409,-0.062539,0.207618,0.376671,0.694400,0.298238,0.198646,-0.356498,0.448680,0.245543,-1.350565,-1.027242,1.230072,-0.753600,0.456118,0.182739,-0.690920,0.273776,0.233461,0.000044,0.496076
34.027963,1.882329,-0.116839,-0.882084,1.610604,1.152250,0.367517,0.498921,1.090372,-0.013304,0.138635,0.357478,0.690907,0.292476,0.198712,-0.356044,0.448859,0.244869,-1.350292,-1.027018,1.230068,-0.753095,0.455406,0.180519,-0.687191,0.273094,0.230624,-0.000117,0.497712
34.029209,1.881914,-0.115204,-0.897155,1.612034,1.151885,0.366122,0.498202,1.005933,0.043713,0.074208,0.334149,0.688242,0.287179,0.198706,-0.355572,0.449039,0.244174,-1.350023,-1.026781,1.230066,-0.752603,0.457223,0.179951,-0.688848,0.272487,0.232919,-0.000933,0.494550
34.030065,1.873658,-0.112415,-0.893884,1.611435,1.151100,0.365810,0.497189,0.921510,0.104070,0.009868,0.309474,0.685863,0.282082,0.198668,-0.355112,0.449218,0.243493,-1.349747,-1.026545,1.230071,-0.752103,0.458231,0.179910,-0.683940,0.273191,0.233942,0.000365,0.496677
34.031062,1.868311,-0.112273,-0.897594,1.609386,1.150845,0.364925,0.496938,0.829587,0.165022,-0.059587,0.285051,0.683247,0.276759,0.198630,-0.354649,0.449396,0.242810,-1.349475,-1.026311,1.230072,-0.751599,0.461159,0.178353,-0.684892,0.273259,0.234461,0.000597,0.498493
34.031993,1.873815,-0.112302,-0.899212,1.611011,1.152111,0.363810,0.495954,0.726787,0.227164,-0.136483,0.260276,0.680248,0.270945,0.198578,-0.354182,0.449572,0.242131,-1.349195,-1.026077,1.230073,-0.751096,0.463278,0.178509,-0.683545,0.275579,0.234798,0.001416,0.499080
34.032948,1.869903,-0.114122,-0.903673,1.612906,1.149957,0.364140,0.496062,0.618862,0.288030,-0.216445,0.235337,0.677113,0.264845,0.198487,-0.353733,0.449754,0.241454,-1.348922,-1.025843,1.230078,-0.750597,0.459802,0.178511,-0.682729,0.273904,0.233442,0.002436,0.501037
34.034102,1.870354,-0.112929,-0.904962,1.614920,1.149438,0.364162,0.496242,0.514844,0.339938,-0.292617,0.213400,0.674026,0.258916,0.198369,-0.353267,0.449936,0.240777,-1.348654,-1.025604,1.230081,-0.750097,0.461056,0.179480,-0.680668,0.272271,0.235562,0.002010,0.500817
34.035023,1.865984,-0.111133,-0.912170,1.613967,1.150513,0.365284,0.496491,0.417878,0.376616,-0.362453,0.197768,0.670914,0.253375,0.198239,-0.352800,0.450114,0.240086,-1.348383,-1.025367,1.230079,-0.749600,0.461071,0.179430,-0.681821,0.271845,0.236499,0.001922,0.500913
34.035969,1.861035,-0.114857,-0.910932,1.612554,1.147259,0.367047,0.494686,0.326571,0.400239,-0.427022,0.187566,0.667850,0.248139,0.198082,-0.352336,0.450292,0.239419,-1.348107,-1.025132,1.230076,-0.749086,0.462369,0.178526,-0.678191,0.272646,0.235294,0.000739,0.500300
34.037057,1.863725,-0.113256,-0.913767,1.613713,1.147546,0.366998,0.493236,0.237379,0.415486,-0.489081,0.180543,0.664930,0.242973,0.197903,-0.351866,0.450475,0.238736,-1.347832,-1.024889,1.230071,-0.748576,0.464012,0.180428,-0.678898,0.274085,0.238463,-0.001063,0.503916
34.038069,1.858313,-0.113627,-0.910912,1.612863,1.147453,0.366688,0.493629,0.151660,0.422503,-0.547727,0.176407,0.662305,0.237950,0.197731,-0.351402,0.450655,0.238053,-1.347556,-1.024651,1.230071,-0.748069,0.462582,0.179989,-0.678753,0.273919,0.238412,-0.001071,0.507085
34.038960,1.862768,-0.109605,-0.915717,1.611150,1.146190,0.365692,0.491910,0.075372,0.422063,-0.598773,0.174439,0.660342,0.233413,0.197575,-0.350938,0.450838,0.237375,-1.347280,-1.024410,1.230069,-0.747562,0.464892,0.180340,-0.680880,0.275243,0.238549,-0.000819,0.506371
34.040001,1.859602,-0.114196,-0.917932,1.612292,1.147885,0.365310,0.493826,0.011451,0.419756,-0.640443,0.171810,0.659367,0.229488,0.197422,-0.350479,0.451012,0.236698,-1.347000,-1.024170,1.230070,-0.747052,0.461610,0.178298,-0.678057,0.276480,0.239591,0.000117,0.509697
34.040953,1.858092,-0.121916,-0.916068,1.610305,1.143928,0.365604,0.492923,-0.039840,0.418126,-0.672826,0.167499,0.659396,0.226153,0.197269,-0.350017,0.451200,0.236025,-1.346723,-1.023933,1.230070,-0.746549,0.462977,0.180816,-0.677967,0.275970,0.238030,0.000421,0.505983
34.041994,1.854542,-0.123248,-0.920863,1.606939,1.141365,0.367051,0.493532,-0.079791,0.407998,-0.696584,0.166330,0.659937,0.223344,0.197130,-0.349551,0.451395,0.235342,-1.346442,-1.023681,1.230068,-0.746033,0.462957,0.184572,-0.679013,0.277920,0.241834,0.000063,0.507798
34.043117,1.849233,-0.119709,-0.923563,1.609679,1.140992,0.367009,0.494993,-0.111024,0.382266,-0.713424,0.171825,0.660487,0.220896,0.197000,-0.349078,0.451580,0.234660,-1.346151,-1.023432,1.230063,-0.745529,0.464348,0.185410,-0.677471,0.281614,0.244427,-0.001436,0.506736
34.043945,1.844450,-0.119632,-0.922606,1.608633,1.136345,0.367286,0.494795,-0.140025,0.347098,-0.728386,0.181719,0.660701,0.218509,0.196853,-0.348608,0.451765,0.233987,-1.345874,-1.023187,1.230063,-0.745031,0.467083,0.184016,-0.677855,0.280058,0.245058,-0.001460,0.504181
34.044921,1.843181,-0.123086,-0.922411,1.609142,1.137024,0.366335,0.494091,-0.173124,0.310298,-0.746428,0.193810,0.660211,0.216042,0.196700,-0.348136,0.451948,0.233307,-1.345591,-1.022933,1.230060,-0.744531,0.467979,0.183727,-0.677370,0.280113,0.249210,-0.001779,0.504356
34.045951,1.847723,-0.117403,-0.919952,1.608114,1.137627,0.365467,0.494576,-0.209669,0.272095,-0.767217,0.208753,0.658840,0.213655,0.196608,-0.347676,0.452137,0.232632,-1.345309,-1.022685,1.230062,-0.744020,0.468034,0.185482,-0.677877,0.279681,0.248376,-0.000898,0.505796
34.047011,1.846548,-0.119898,-0.920811,1.609682,1.137606,0.364733,0.496608,-0.240704,0.232894,-0.784472,0.225648,0.657053,0.211783,0.196599,-0.347211,0.452317,0.231943,-1.345027,-1.022438,1.230063,-0.743513,0.465390,0.182842,-0.679834,0.281184,0.247814,-0.000107,0.504958
34.047988,1.846831,-0.117324,-0.917483,1.607511,1.137387,0.364185,0.495639,-0.256603,0.196497,-0.791557,0.241757,0.655567,0.210862,0.196609,-0.346740,0.452502,0.231257,-1.344747,-1.022188,1.230066,-0.743023,0.465731,0.184378,-0.680390,0.280281,0.247917,0.000536,0.501144
34.048947,1.844516,-0.120360,-0.918469,1.606783,1.135080,0.363269,0.495498,-0.255179,0.163634,-0.787008,0.256470,0.654610,0.210965,0.196603,-0.346280,0.452688,0.230575,-1.344460,-1.021939,1.230065,-0.742520,0.465009,0.183113,-0.682398,0.282448,0.248018,0.001021,0.503196
34.050021,1.849942,-0.120376,-0.915417,1.610794,1.136246,0.363316,0.497505,-0.238990,0.134205,-0.772694,0.269745,0.654138,0.211898,0.196597,-0.345812,0.452873,0.229893,-1.344178,-1.021689,1.230065,-0.742014,0.465420,0.184678,-0.682040,0.283107,0.250182,0.001869,0.503466
34.051037,1.852065,-0.122160,-0.919864,1.609687,1.135571,0.363441,0.497609,-0.209062,0.103844,-0.749180,0.283890,0.654002,0.213629,0.196602,-0.345359,0.453058,0.229198,-1.343902,-1.021441,1.230062,-0.741522,0.462692,0.184956,-0.684612,0.279962,0.249112,0.001757,0.499715
34.051955,1.848305,-0.120401,-0.922786,1.607141,1.135199,0.362332,0.497124,-0.163627,0.066517,-0.714961,0.302049,0.654133,0.216325,0.196634,-0.344898,0.453248,0.228520,-1.343618,-1.021188,1.230065,-0.741023,0.461266,0.185944,-0.683058,0.281431,0.249748,0.001543,0.499695
34.053009,1.848096,-0.114040,-0.927175,1.608231,1.132373,0.363581,0.496732,-0.108185,0.025747,-0.674201,0.322403,0.654467,0.219600,0.196723,-0.344436,0.453430,0.227841,-1.343331,-1.020936,1.230067,-0.740521,0.462281,0.185002,-0.681447,0.283531,0.249821,0.002587,0.500612
34.054026,1.847550,-0.116691,-0.927994,1.607973,1.129652,0.363264,0.497144,-0.054340,-0.007607,-0.635742,0.339931,0.654847,0.222741,0.196887,-0.343977,0.453611,0.227167,-1.343046,-1.020680,1.230063,-0.740008,0.462211,0.182094,-0.680356,0.282956,0.252682,0.001264,0.501574
34.055031,1.847573,-0.112205,-0.929767,1.609151,1.132856,0.362999,0.497718,-0.007400,-0.028609,-0.603637,0.352548,0.655154,0.225507,0.197120,-0.343513,0.453797,0.226483,-1.342764,-1.020419,1.230066,-0.739513,0.462081,0.183597,-0.680610,0.283592,0.255265,0.001507,0.500905
34.055953,1.850156,-0.110900,-0.927866,1.611293,1.131289,0.363136,0.496767,0.033737,-0.040647,-0.576937,0.361594,0.655325,0.227986,0.197415,-0.343048,0.453974,0.225801,-1.342482,-1.020175,1.230071,-0.739022,0.461579,0.181545,-0.680285,0.282678,0.252000,0.001674,0.499915
34.057032,1.859253,-0.109559,-0.929977,1.612388,1.134194,0.362355,0.497780,0.073333,-0.046460,-0.552350,0.368079,0.655498,0.230435,0.197767,-0.342596,0.454154,0.225124,-1.342203,-1.019917,1.230070,-0.738515,0.459519,0.180898,-0.681152,0.280291,0.253268,0.001473,0.501766
34.058150,1.859926,-0.106248,-0.929527,1.612771,1.134857,0.362164,0.498713,0.120181,-0.049090,-0.523353,0.372954,0.656032,0.233329,0.198158,-0.342145,0.454333,0.224439,-1.341927,-1.019670,1.230073,-0.738013,0.455019,0.180601,-0.681274,0.280157,0.250484,0.002172,0.499982
34.059012,1.854229,-0.102746,-0.921816,1.611699,1.134074,0.362490,0.499214,0.181778,-0.049897,-0.484470,0.375893,0.657335,0.236950,0.198536,-0.341693,0.454508,0.223756,-1.341646,-1.019422,1.230074,-0.737521,0.454963,0.179435,-0.683048,0.280852,0.250079,0.002274,0.498512
34.059935,1.852481,-0.103039,-0.920504,1.612820,1.133202,0.364446,0.498449,0.255886,-0.045103,-0.437304,0.374734,0.659514,0.241080,0.198849,-0.341232,0.454684,0.223063,-1.341367,-1.019168,1.230073,-0.737023,0.456675,0.177579,-0.686107,0.281272,0.250429,0.001888,0.497348
34.060966,1.849525,-0.104016,-0.923426,1.614126,1.129316,0.364103,0.496203,0.335078,-0.033597,-0.386945,0.369529,0.662255,0.245371,0.199115,-0.340772,0.454862,0.222371,-1.341088,-1.018916,1.230071,-0.736527,0.456694,0.177767,-0.686482,0.279924,0.251025,-0.000135,0.498873
34.061974,1.849072,-0.105651,-0.921615,1.614306,1.130151,0.365035,0.497025,0.411497,-0.021754,-0.338564,0.364308,0.664857,0.249517,0.199407,-0.340316,0.455041,0.221693,-1.340809,-1.018656,1.230071,-0.736014,0.457943,0.178518,-0.685853,0.279147,0.254852,0.000154,0.503524
34.063118,1.853949,-0.098601,-0.920947,1.616598,1.129459,0.365123,0.497525,0.479704,-0.017103,-0.295662,0.363212,0.666689,0.253270,0.199755,-0.339855,0.455223,0.221000,-1.340526,-1.018402,1.230067,-0.735518,0.457733,0.179508,-0.687235,0.279243,0.253874,-0.000832,0.501965
34.063922,1.856013,-0.097172,-0.917012,1.613452,1.129971,0.366083,0.496156,0.543309,-0.019407,-0.255555,0.365705,0.667946,0.256807,0.200129,-0.339406,0.455391,0.220312,-1.340251,-1.018148,1.230067,-0.735012,0.455684,0.176589,-0.689282,0.278368,0.254830,-0.000995,0.501372
34.064981,1.865421,-0.097877,-0.914118,1.614546,1.132884,0.365840,0.494757,0.611199,-0.020445,-0.212092,0.366877,0.669447,0.260569,0.200502,-0.338954,0.455568,0.219617,-1.339973,-1.017894,1.230065,-0.734499,0.453311,0.175650,-0.689905,0.280502,0.253709,-0.002004,0.503790
34.066004,1.866734,-0.096988,-0.912199,1.613485,1.132529,0.366178,0.496091,0.692617,-0.016521,-0.158716,0.363793,0.671944,0.264977,0.200863,-0.338509,0.455742,0.218914,-1.339694,-1.017654,1.230063,-0.733992,0.448607,0.176394,-0.692149,0.280099,0.250957,-0.001810,0.506806
34.066957,1.862605,-0.101003,-0.906876,1.613895,1.134906,0.366445,0.497241,0.793701,-0.011564,-0.090811,0.357665,0.675771,0.270329,0.201178,-0.338067,0.455921,0.218223,-1.339408,-1.017400,1.230060,-0.733491,0.447878,0.176178,-0.693727,0.281483,0.251286,-0.002213,0.504241
34.067985,1.861160,-0.103489,-0.907384,1.616131,1.133730,0.364731,0.496361,0.909486,-0.010547,-0.011651,0.351355,0.680571,0.276408,0.201408,-0.337615,0.456107,0.217521,-1.339129,-1.017159,1.230058,-0.732990,0.449370,0.178210,-0.696273,0.281040,0.248788,-0.002534,0.501957
34.068990,1.858948,-0.104863,-0.909055,1.620058,1.133336,0.365632,0.495471,1.027910,-0.020989,0.070508,0.349793,0.685421,0.282666,0.201604,-0.337161,0.456286,0.216819,-1.338852,-1.016907,1.230063,-0.732485,0.449846,0.179694,-0.696527,0.279350,0.249978,-0.000899,0.503915
34.070047,1.857322,-0.105211,-0.909228,1.618387,1.138178,0.365054,0.495599,1.137915,-0.049967,0.148066,0.358096,0.689329,0.288657,0.201857,-0.336711,0.456469,0.216129,-1.338584,-1.016653,1.230059,-0.731973,0.450659,0.180521,-0.696156,0.276027,0.250275,-0.001872,0.505774
34.071006,1.855892,-0.105882,-0.907328,1.616961,1.139189,0.364495,0.495032,1.232598,-0.096286,0.216056,0.376618,0.691843,0.294078,0.202172,-0.336261,0.456651,0.215424,-1.338301,-1.016420,1.230064,-0.731473,0.451429,0.180973,-0.696829,0.278364,0.245622,-0.001383,0.505732
34.071950,1.850739,-0.109558,-0.907873,1.616345,1.137818,0.364821,0.494070,1.311268,-0.151037,0.273672,0.400396,0.693283,0.298741,0.202499,-0.335814,0.456836,0.214728,-1.338016,-1.016178,1.230063,-0.730963,0.451639,0.181327,-0.697790,0.279679,0.244555,-0.000886,0.506870
34.072932,1.851737,-0.110627,-0.910666,1.619261,1.138354,0.364904,0.493608,1.374035,-0.208288,0.320785,0.425885,0.693900,0.302506,0.202830,-0.335357,0.457024,0.214029,-1.337734,-1.015929,1.230061,-0.730447,0.453533,0.183128,-0.697331,0.280115,0.245758,-0.001275,0.508731
34.074077,1.851525,-0.112250,-0.912772,1.623974,1.140591,0.365005,0.494097,1.419186,-0.269762,0.356201,0.454301,0.693430,0.305353,0.203176,-0.334900,0.457207,0.213327,-1.337462,-1.015690,1.230056,-0.729930,0.452503,0.183745,-0.696064,0.277524,0.245199,-0.001390,0.509653
34.075032,1.850206,-0.112268,-0.908697,1.623818,1.142064,0.363950,0.493952,1.448354,-0.339688,0.381175,0.488411,0.691660,0.307573,0.203517,-0.334448,0.457395,0.212634,-1.337198,-1.015444,1.230054,-0.729421,0.453006,0.184966,-0.696683,0.274516,0.243272,-0.001561,0.509049
34.075925,1.854796,-0.112579,-0.908217,1.623134,1.144286,0.362619,0.492204,1.466672,-0.418633,0.399376,0.528562,0.688836,0.309563,0.203812,-0.333992,0.457581,0.211929,-1.336922,-1.015210,1.230055,-0.728910,0.453039,0.184968,-0.698597,0.274766,0.241779,-0.000568,0.509323
34.077067,1.857489,-0.115780,-0.909658,1.628155,1.144639,0.363067,0.492696,1.481768,-0.500406,0.415978,0.570745,0.685745,0.311640,0.204035,-0.333551,0.457768,0.211239,-1.336646,-1.014979,1.230058,-0.728396,0.449948,0.184961,-0.698314,0.275087,0.239416,0.000685,0.512682
34.078015,1.854771,-0.116031,-0.919983,1.625832,1.144916,0.361221,0.492110,1.500938,-0.582222,0.435948,0.612757,0.683021,0.314096,0.204205,-0.333102,0.457961,0.210534,-1.336384,-1.014736,1.230059,-0.727883,0.449024,0.186921,-0.699083,0.271745,0.239430,0.000135,0.512023
34.078997,1.849550,-0.118321,-0.916441,1.629612,1.145076,0.361735,0.492031,1.520591,-0.665197,0.456541,0.655337,0.680484,0.316692,0.204361,-0.332647,0.458149,0.209843,-1.336105,-1.014498,1.230067,-0.727371,0.449750,0.186985,-0.693819,0.274060,0.239069,0.001890,0.513170
34.079982,1.844616,-0.114463,-0.920745,1.631545,1.144219,0.360906,0.492132,1.529144,-0.747024,0.469197,0.697926,0.677623,0.318730,0.204528,-0.332195,0.458341,0.209147,-1.335837,-1.014265,1.230068,-0.726855,0.451935,0.188134,-0.695868,0.270684,0.238979,0.001278,0.513333
34.080983,1.834450,-0.112490,-0.925733,1.631744,1.145624,0.360315,0.492880,1.519497,-0.825260,0.468712,0.740043,0.674139,0.319863,0.204705,-0.331735,0.458522,0.208454,-1.335569,-1.014026,1.230073,-0.726334,0.453874,0.186298,-0.693948,0.269237,0.239841,0.002018,0.513128
34.081989,1.834047,-0.115986,-0.928918,1.634405,1.146653,0.362421,0.493669,1.484551,-0.893450,0.449804,0.779119,0.669845,0.319703,0.204840,-0.331276,0.458706,0.207774,-1.335305,-1.013790,1.230078,-0.725830,0.458547,0.185451,-0.692009,0.269729,0.238492,0.002508,0.511719
34.083060,1.839401,-0.116467,-0.930119,1.638446,1.145447,0.361658,0.494011,1.337034,-0.997559,0.355246,0.845864,0.658738,0.315112,0.204864,-0.330365,0.459084,0.206388,-1.334784,-1.013316,1.230077,-0.724809,0.455600,0.187754,-0.691298,0.265062,0.239004,0.001026,0.509777
34.084042,1.839252,-0.112796,-0.935299,1.638129,1.145721,0.363047,0.494777,1.251207,-1.043974,0.298817,0.876932,0.652925,0.312064,0.204770,-0.329912,0.459266,0.205705,-1.334516,-1.013078,1.230073,-0.724311,0.455249,0.186008,-0.689035,0.265858,0.238717,-0.000423,0.508318
34.085013,1.836842,-0.114713,-0.943628,1.638916,1.144465,0.362877,0.496198,1.164388,-1.081662,0.240950,0.903390,0.647509,0.308790,0.204613,-0.329452,0.459456,0.205024,-1.334254,-1.012836,1.230073,-0.723811,0.455863,0.186972,-0.685149,0.265575,0.239934,-0.000311,0.505518
34.086014,1.832227,-0.114779,-0.943949,1.642581,1.143644,0.361774,0.497806,1.071116,-1.111198,0.177693,0.925938,0.642203,0.304991,0.204415,-0.328984,0.459641,0.204331,-1.333994,-1.012588,1.230076,-0.723317,0.457651,0.187118,-0.685424,0.262679,0.240702,0.000712,0.502441
34.087010,1.829793,-0.114390,-0.952039,1.642778,1.144191,0.362073,0.496542,0.968618,-1.136102,0.107212,0.946810,0.636749,0.300579,0.204236,-0.328527,0.459828,0.203661,-1.333735,-1.012348,1.230077,-0.722806,0.458415,0.187003,-0.681975,0.263267,0.240163,0.000328,0.505091
34.087967,1.821453,-0.114254,-0.944099,1.642997,1.141300,0.362239,0.497839,0.857562,-1.154941,0.030058,0.965226,0.631296,0.295586,0.204097,-0.328056,0.460015,0.202967,-1.333473,-1.012104,1.230076,-0.722315,0.461822,0.186924,-0.686027,0.263470,0.242977,0.000101,0.502502
34.089090,1.822978,-0.114592,-0.957963,1.643226,1.140981,0.362207,0.500375,0.857562,-1.154941,0.030058,0.965226,0.631296,0.295586,0.204097,-0.328056,0.460015,0.202967,-1.333473,-1.012104,1.230076,-0.722315,0.461822,0.186924,-0.686027,0.263470,0.242977,0.000101,0.502502
34.090031,1.820420,-0.115015,-0.961311,1.642054,1.138036,0.363362,0.499771,0.740310,-1.166101,-0.051990,0.980019,0.626063,0.290092,0.203962,-0.327600,0.460202,0.202302,-1.333202,-1.011858,1.230076,-0.721828,0.461244,0.187473,-0.680812,0.264606,0.243545,0.000057,0.497839
34.091015,1.817705,-0.113654,-0.964669,1.642064,1.135324,0.364183,0.501766,0.492438,-1.163242,-0.227177,0.996804,0.616393,0.277691,0.203671,-0.326664,0.460573,0.200942,-1.332665,-1.011353,1.230067,-0.720837,0.462417,0.187025,-0.677946,0.266378,0.248851,-0.002010,0.495172
34.092026,1.806853,-0.114642,-0.971163,1.643464,1.134971,0.364067,0.503466,0.492438,-1.163242,-0.227177,0.996804,0.616393,0.277691,0.203671,-0.326664,0.460573,0.200942,-1.332665,-1.011353,1.230067,-0.720837,0.462417,0.187025,-0.677946,0.266378,0.248851,-0.002010,0.495172
34.093042,1.804661,-0.110013,-0.972957,1.646400,1.129317,0.364366,0.504838,0.361489,-1.149301,-0.320633,0.999269,0.611705,0.270910,0.203524,-0.326188,0.460762,0.200276,-1.332397,-1.011101,1.230065,-0.720351,0.467311,0.187619,-0.675507,0.265622,0.249121,-0.001941,0.491973
34.093938,1.800080,-0.109766,-0.972844,1.644921,1.129412,0.362177,0.504891,0.220308,-1.129673,-0.421810,1.000293,0.606458,0.263704,0.203379,-0.325715,0.460943,0.199600,-1.332141,-1.010843,1.230061,-0.719864,0.467836,0.185487,-0.675369,0.263638,0.254709,-0.002291,0.489438
34.095124,1.798606,-0.104381,-0.976809,1.647691,1.131928,0.361735,0.505817,-0.071835,-1.069251,-0.632420,0.995589,0.595021,0.249383,0.203274,-0.324775,0.461308,0.198254,-1.331612,-1.010334,1.230064,-0.718891,0.470152,0.183144,-0.675421,0.264265,0.251992,0.000185,0.488006
34.096010,1.797302,-0.104435,-0.978578,1.647523,1.131329,0.360496,0.506979,-0.071835,-1.069251,-0.632420,0.995589,0.595021,0.249383,0.203274,-0.324775,0.461308,0.198254,-1.331612,-1.010334,1.230064,-0.718891,0.470152,0.183144,-0.675421,0.264265,0.251992,0.000185,0.488006
34.096977,1.794692,-0.104117,-0.979874,1.648176,1.129135,0.360776,0.507801,-0.208614,-1.025135,-0.731779,0.986758,0.589718,0.242853,0.203301,-0.324301,0.461489,0.197575,-1.331347,-1.010084,1.230068,-0.718414,0.469588,0.183083,-0.674096,0.264280,0.252272,0.001347,0.485638
34.098003,1.794615,-0.105554,-0.977433,1.649324,1.128812,0.360841,0.506831,-0.333229,-0.975319,-0.822782,0.974816,0.584908,0.236974,0.203318,-0.323832,0.461673,0.196907,-1.331082,-1.009823,1.230069,-0.717934,0.470176,0.182967,-0.673863,0.264057,0.254228,0.000979,0.484129
34.098992,1.789589,-0.105516,-0.983955,1.649240,1.128920,0.361510,0.507883,-0.441474,-0.926352,-0.902155,0.962632,0.580642,0.231935,0.203315,-0.323358,0.461858,0.196227,-1.330819,-1.009572,1.230068,-0.717441,0.469727,0.183875,-0.675883,0.263791,0.254522,0.000849,0.486305
34.100041,1.783122,-0.102787,-0.985404,1.650517,1.130201,0.360923,0.508570,-0.532408,-0.882933,-0.968966,0.952249,0.576906,0.227769,0.203296,-0.322886,0.462042,0.195555,-1.330554,-1.009313,1.230065,-0.716959,0.471613,0.183945,-0.673130,0.264448,0.254212,0.000123,0.484323
34.100961,1.782535,-0.104253,-0.985277,1.648333,1.128195,0.361295,0.508274,-0.613676,-0.844045,-1.028609,0.943312,0.573410,0.224051,0.203242,-0.322405,0.462221,0.194887,-1.330293,-1.009061,1.230067,-0.716482,0.474399,0.182870,-0.673548,0.264253,0.252960,0.000636,0.483268
34.102063,1.787575,-0.101292,-0.987056,1.650623,1.129266,0.360995,0.505749,-0.689785,-0.806492,-1.084362,0.934080,0.570096,0.220499,0.203142,-0.321929,0.462403,0.194208,-1.330021,-1.008809,1.230064,-0.716002,0.473620,0.183578,-0.673475,0.266361,0.254711,0.000209,0.483903
34.103081,1.796739,-0.099259,-0.985725,1.652772,1.125803,0.360617,0.504566,-0.791224,-0.733647,-1.159188,0.910396,0.566228,0.215602,0.202982,-0.321008,0.462764,0.192861,-1.329496,-1.008291,1.230068,-0.714995,0.466172,0.181676,-0.675574,0.264159,0.257093,0.000725,0.491793
34.104026,1.797923,-0.100697,-0.983299,1.653065,1.127163,0.361145,0.505362,-0.791224,-0.733647,-1.159188,0.910396,0.566228,0.215602,0.202982,-0.321008,0.462764,0.192861,-1.329496,-1.008291,1.230068,-0.714995,0.466172,0.181676,-0.675574,0.264159,0.257093,0.000725,0.491793
34.105031,1.792381,-0.100146,-0.983471,1.652559,1.129485,0.360523,0.505356,-0.792705,-0.701568,-1.161332,0.896411,0.566934,0.215562,0.202931,-0.320537,0.462946,0.192176,-1.329232,-1.008037,1.230065,-0.714516,0.464754,0.182438,-0.676789,0.264164,0.255439,0.000135,0.490245
34.106203,1.794294,-0.095112,-0.990277,1.655998,1.127332,0.361179,0.505129,-0.762457,-0.675035,-1.140755,0.882219,0.569394,0.217043,0.202841,-0.320069,0.463128,0.191505,-1.328969,-1.007787,1.230068,-0.714028,0.467050,0.182318,-0.677399,0.265407,0.253050,0.000684,0.490450
34.106976,1.790569,-0.098556,-0.988700,1.652255,1.123392,0.360920,0.504303,-0.715405,-0.651053,-1.108167,0.867148,0.572977,0.219250,0.202699,-0.319601,0.463303,0.190827,-1.328707,-1.007526,1.230067,-0.713536,0.466388,0.180410,-0.676052,0.263883,0.255490,-0.000062,0.491422
34.108019,1.795967,-0.093568,-0.991543,1.654420,1.125064,0.360334,0.505547,-0.662841,-0.626621,-1.071763,0.850546,0.577106,0.221611,0.202518,-0.319141,0.463487,0.190159,-1.328434,-1.007263,1.230069,-0.713033,0.466660,0.181764,-0.675564,0.266525,0.258691,0.000144,0.492699
34.109063,1.793013,-0.093890,-0.986695,1.654414,1.125522,0.359960,0.506578,-0.607304,-0.600923,-1.033504,0.832075,0.581555,0.223931,0.202290,-0.318682,0.463663,0.189479,-1.328168,-1.007007,1.230072,-0.712551,0.463712,0.179554,-0.675073,0.265247,0.256939,0.000638,0.490457
34.110089,1.800943,-0.092671,-0.987360,1.654509,1.126710,0.359758,0.505838,-0.545644,-0.573128,-0.991220,0.811216,0.586443,0.226328,0.202013,-0.318214,0.463843,0.188790,-1.327900,-1.006752,1.230072,-0.712072,0.464901,0.180013,-0.678347,0.266164,0.256486,0.000936,0.488688
34.111025,1.799457,-0.095911,-0.982801,1.654902,1.125906,0.360465,0.506094,-0.472751,-0.544279,-0.941206,0.788243,0.591993,0.229048,0.201733,-0.317762,0.464022,0.188115,-1.327631,-1.006498,1.230074,-0.711580,0.460664,0.179647,-0.678837,0.266809,0.255242,0.001057,0.490407
34.111976,1.802328,-0.093035,-0.987821,1.653809,1.122237,0.361896,0.506209,-0.384169,-0.518452,-0.880154,0.764896,0.598279,0.232324,0.201504,-0.317298,0.464206,0.187427,-1.327369,-1.006243,1.230070,-0.711091,0.460625,0.181252,-0.681023,0.266666,0.255792,0.000295,0.489899
34.112975,1.799407,-0.091698,-0.984516,1.652994,1.119614,0.361475,0.505658,-0.282568,-0.498044,-0.809929,0.742782,0.604998,0.236095,0.201340,-0.316846,0.464384,0.186758,-1.327099,-1.005975,1.230067,-0.710604,0.458574,0.179866,-0.678722,0.267959,0.259119,-0.001187,0.489734
34.114097,1.804267,-0.091134,-0.982787,1.655167,1.121755,0.360305,0.506163,-0.176083,-0.478811,-0.736506,0.720571,0.611807,0.240024,0.201212,-0.316383,0.464565,0.186069,-1.326831,-1.005705,1.230065,-0.710108,0.459580,0.179371,-0.680865,0.269344,0.261465,-0.000807,0.490983
34.115044,1.813688,-0.092144,-0.975333,1.653281,1.121575,0.359788,0.504706,-0.067507,-0.458130,-0.661921,0.697363,0.618671,0.244026,0.201093,-0.315929,0.464741,0.185373,-1.326562,-1.005449,1.230069,-0.709622,0.457356,0.179602,-0.683138,0.268574,0.259444,0.000269,0.490382
34.116015,1.813263,-0.089466,-0.978764,1.654729,1.120610,0.359669,0.505648,0.052222,-0.439191,-0.579540,0.674330,0.626049,0.248572,0.200969,-0.315490,0.464923,0.184682,-1.326283,-1.005188,1.230069,-0.709122,0.452144,0.180133,-0.686839,0.270414,0.259338,0.000709,0.493333
34.117042,1.811375,-0.089564,-0.976358,1.655024,1.115524,0.359866,0.504172,0.189744,-0.423063,-0.484561,0.651803,0.634323,0.253983,0.200816,-0.315041,0.465101,0.183995,-1.326015,-1.004926,1.230070,-0.708630,0.451954,0.178909,-0.685292,0.269323,0.260051,0.000751,0.491487
34.118016,1.807632,-0.092350,-0.972586,1.653749,1.116913,0.360638,0.503763,0.335019,-0.408705,-0.384132,0.630446,0.642965,0.259809,0.200642,-0.314584,0.465278,0.183301,-1.325744,-1.004650,1.230070,-0.708134,0.452633,0.179235,-0.687141,0.269724,0.264912,0.000484,0.494680
34.119084,1.811986,-0.088794,-0.976857,1.653030,1.116054,0.361385,0.504825,0.475698,-0.397774,-0.286897,0.612044,0.651254,0.265473,0.200498,-0.314134,0.465461,0.182613,-1.325466,-1.004387,1.230067,-0.707635,0.454044,0.180717,-0.689256,0.271169,0.263197,-0.000344,0.495537
34.120044,1.811616,-0.088507,-0.975273,1.651756,1.112291,0.361557,0.503406,0.607364,-0.389797,-0.195917,0.596261,0.659029,0.270726,0.200408,-0.313686,0.465636,0.181923,-1.325193,-1.004124,1.230062,-0.707140,0.451869,0.179305,-0.688109,0.272824,0.264047,-0.001137,0.493668
34.120982,1.815791,-0.087237,-0.969999,1.652690,1.110174,0.361668,0.503925,0.729407,-0.379533,-0.111797,0.580290,0.666403,0.275522,0.200371,-0.313239,0.465818,0.181237,-1.324915,-1.003848,1.230063,-0.706641,0.451585,0.179236,-0.689053,0.274145,0.267407,-0.001378,0.496586
34.122093,1.819377,-0.084226,-0.963660,1.653929,1.109442,0.361635,0.503857,0.845311,-0.365324,-0.032155,0.563253,0.673475,0.280096,0.200371,-0.312791,0.465996,0.180538,-1.324644,-1.003575,1.230061,-0.706144,0.448859,0.178646,-0.691486,0.273255,0.269063,-0.001542,0.495505
34.123020,1.826706,-0.080600,-0.961385,1.654205,1.111116,0.362003,0.504301,0.963730,-0.349026,0.049249,0.545919,0.680503,0.284982,0.200371,-0.312342,0.466171,0.179829,-1.324368,-1.003298,1.230062,-0.705652,0.447324,0.177623,-0.695852,0.273203,0.269711,-0.001589,0.496039
34.124004,1.818952,-0.080009,-0.956433,1.654867,1.111281,0.361461,0.506006,1.093183,-0.329541,0.138499,0.527441,0.687932,0.290671,0.200325,-0.311912,0.466346,0.179137,-1.324099,-1.003036,1.230059,-0.705159,0.443174,0.175869,-0.696725,0.272950,0.267642,-0.002007,0.495126
34.125022,1.819358,-0.075561,-0.952203,1.654917,1.111882,0.360260,0.506080,1.231712,-0.305464,0.234194,0.507202,0.695713,0.297085,0.200215,-0.311457,0.466520,0.178432,-1.323825,-1.002773,1.230061,-0.704676,0.446649,0.175790,-0.699324,0.272620,0.267261,-0.001540,0.491844
34.126071,1.821166,-0.074092,-0.951124,1.654776,1.113262,0.360127,0.507230,1.368504,-0.276690,0.328694,0.485581,0.703308,0.303667,0.200046,-0.311016,0.466694,0.177730,-1.323548,-1.002506,1.230062,-0.704182,0.446285,0.173843,-0.701888,0.273061,0.266463,-0.000409,0.491908
34.126983,1.818831,-0.070493,-0.948263,1.657646,1.112878,0.358663,0.506870,1.498274,-0.241798,0.418245,0.461772,0.710564,0.310070,0.199841,-0.310570,0.466867,0.177023,-1.323276,-1.002242,1.230062,-0.703691,0.445346,0.173490,-0.703059,0.274025,0.264982,-0.000360,0.489839
34.128022,1.818283,-0.071732,-0.953281,1.656506,1.116640,0.358864,0.507258,1.726911,-0.159963,0.575940,0.410855,0.723575,0.321656,0.199503,-0.309680,0.467209,0.175616,-1.322729,-1.001727,1.230066,-0.702710,0.446008,0.172768,-0.702068,0.272862,0.261176,0.000741,0.490004
34.129248,1.812608,-0.070826,-0.961989,1.659347,1.115543,0.359060,0.506900,1.809824,-0.121129,0.633055,0.388244,0.728364,0.325928,0.199448,-0.309226,0.467384,0.174919,-1.322462,-1.001467,1.230068,-0.702213,0.449652,0.173067,-0.700019,0.272182,0.262706,0.000448,0.491344
34.129951,1.811494,-0.070618,-0.962014,1.657127,1.114401,0.361057,0.506728,1.860149,-0.087294,0.667410,0.369493,0.731363,0.328547,0.199476,-0.308777,0.467554,0.174219,-1.322189,-1.001206,1.230065,-0.701727,0.448338,0.172561,-0.697733,0.272776,0.262935,-0.001595,0.491215
34.131038,1.805943,-0.063981,-0.965923,1.657891,1.113916,0.359289,0.507592,1.877950,-0.054132,0.678780,0.352387,0.732742,0.329525,0.199531,-0.308327,0.467718,0.173534,-1.321917,-1.000941,1.230069,-0.701236,0.451274,0.169787,-0.697034,0.273099,0.263414,0.000110,0.489810
34.132073,1.809337,-0.061778,-0.967835,1.657362,1.116380,0.359460,0.507558,1.868890,-0.014489,0.670863,0.332860,0.733094,0.329096,0.199566,-0.307879,0.467883,0.172833,-1.321641,-1.000683,1.230066,-0.700750,0.449388,0.169137,-0.696689,0.274273,0.260851,-0.000138,0.490137
34.132989,1.807223,-0.058934,-0.970109,1.657321,1.118782,0.358250,0.507511,1.842116,0.033396,0.649987,0.309317,0.733016,0.327661,0.199564,-0.307430,0.468049,0.172148,-1.321363,-1.000430,1.230068,-0.700258,0.449734,0.167853,-0.695292,0.274047,0.258142,0.001012,0.490202
34.134103,1.808323,-0.056701,-0.970665,1.656960,1.120367,0.358281,0.508452,1.842116,0.033396,0.649987,0.309317,0.733016,0.327661,0.199564,-0.307430,0.468049,0.172148,-1.321363,-1.000430,1.230068,-0.700258,0.449734,0.167853,-0.695292,0.274047,0.258142,0.001012,0.490202
34.135063,1.802446,-0.054152,-0.973810,1.661500,1.120464,0.357552,0.508893,1.805406,0.087651,0.621640,0.282167,0.732872,0.325589,0.199536,-0.306980,0.468217,0.171443,-1.321086,-1.000171,1.230073,-0.699774,0.449430,0.167330,-0.696286,0.275581,0.256689,0.000859,0.488724
34.136044,1.801514,-0.054916,-0.975162,1.660083,1.118387,0.358458,0.509522,1.760609,0.143987,0.587269,0.253861,0.732537,0.323038,0.199511,-0.306519,0.468380,0.170748,-1.320823,-0.999917,1.230076,-0.699294,0.451732,0.166331,-0.694715,0.271409,0.256402,0.001509,0.487961
34.137197,1.796434,-0.052347,-0.977139,1.657026,1.120678,0.358361,0.509175,1.705506,0.195609,0.545551,0.228652,0.731517,0.320012,0.199525,-0.306070,0.468548,0.170061,-1.320542,-0.999656,1.230076,-0.698804,0.451756,0.167003,-0.694352,0.273021,0.258272,0.000521,0.486815
34.138212,1.787154,-0.053958,-0.982817,1.657621,1.122136,0.358951,0.508853,1.639656,0.241897,0.496257,0.206628,0.729777,0.316404,0.199616,-0.305607,0.468714,0.169363,-1.320259,-0.999405,1.230077,-0.698318,0.454615,0.166407,-0.695038,0.277393,0.256236,0.000543,0.488029
34.139015,1.787168,-0.056529,-0.984598,1.655771,1.120951,0.360058,0.510092,1.461231,0.323994,0.365056,0.168223,0.723776,0.306265,0.200061,-0.304688,0.469057,0.167996,-1.319704,-0.998894,1.230071,-0.697343,0.457407,0.168641,-0.690718,0.278027,0.255297,-0.001260,0.486101
34.140059,1.783068,-0.056977,-0.986836,1.657194,1.122959,0.360199,0.509476,1.461231,0.323994,0.365056,0.168223,0.723776,0.306265,0.200061,-0.304688,0.469057,0.167996,-1.319704,-0.998894,1.230071,-0.697343,0.457407,0.168641,-0.690718,0.278027,0.255297,-0.001260,0.486101
34.141095,1.789420,-0.061447,-0.988874,1.655019,1.122874,0.359955,0.509016,1.349329,0.350132,0.283976,0.157349,0.719045,0.299911,0.200381,-0.304222,0.469224,0.167303,-1.319424,-0.998647,1.230069,-0.696858,0.459192,0.169284,-0.690394,0.277202,0.253341,-0.001449,0.487641
34.141977,1.784933,-0.058028,-0.994522,1.655243,1.123213,0.361300,0.508156,1.234721,0.361059,0.201465,0.154346,0.713584,0.293410,0.200750,-0.303776,0.469402,0.166618,-1.319139,-0.998389,1.230071,-0.696356,0.455861,0.171825,-0.690180,0.279821,0.253377,-0.001286,0.488744
34.143038,1.779108,-0.058988,-0.995590,1.656532,1.125998,0.360570,0.507492,1.125483,0.358133,0.123168,0.158041,0.707886,0.287172,0.201164,-0.303313,0.469568,0.165938,-1.318862,-0.998138,1.230066,-0.695865,0.457061,0.170133,-0.686841,0.279097,0.252666,-0.002681,0.490370
34.143997,1.776165,-0.056337,-0.998494,1.653682,1.125120,0.359687,0.508030,1.018760,0.346593,0.046967,0.166373,0.701945,0.281165,0.201609,-0.302850,0.469741,0.165260,-1.318582,-0.997891,1.230065,-0.695376,0.459824,0.171041,-0.687445,0.278516,0.249971,-0.001995,0.491984
34.144964,1.776091,-0.054943,-1.002059,1.651501,1.125260,0.358974,0.506681,0.909328,0.331668,-0.030863,0.177200,0.695672,0.275190,0.202085,-0.302384,0.469913,0.164574,-1.318298,-0.997637,1.230066,-0.694885,0.460540,0.169870,-0.686096,0.281318,0.250674,-0.001187,0.490949
34.146065,1.768195,-0.054907,-1.008774,1.653423,1.128087,0.358539,0.506122,0.798315,0.320899,-0.109643,0.186279,0.689439,0.269195,0.202600,-0.301923,0.470080,0.163888,-1.318010,-0.997393,1.230067,-0.694391,0.459941,0.169431,-0.684500,0.283347,0.250436,-0.000548,0.493754
34.147071,1.769055,-0.055412,-1.013094,1.653751,1.132095,0.357752,0.505100,0.566359,0.316045,-0.273415,0.197207,0.676952,0.256817,0.203807,-0.300992,0.470425,0.162533,-1.317448,-0.996918,1.230069,-0.693383,0.462977,0.170445,-0.681080,0.282363,0.243934,0.000516,0.497339
34.147970,1.766740,-0.057584,-1.013056,1.651956,1.133689,0.359423,0.504501,0.447118,0.312407,-0.356699,0.204000,0.670505,0.250605,0.204469,-0.300525,0.470598,0.161850,-1.317162,-0.996683,1.230063,-0.692886,0.463093,0.171561,-0.680753,0.283597,0.242195,-0.001204,0.498438
34.149103,1.760101,-0.060144,-1.024699,1.650940,1.136334,0.359796,0.505132,0.447118,0.312407,-0.356699,0.204000,0.670505,0.250605,0.204469,-0.300525,0.470598,0.161850,-1.317162,-0.996683,1.230063,-0.692886,0.463093,0.171561,-0.680753,0.283597,0.242195,-0.001204,0.498438
34.150094,1.760850,-0.058920,-1.025186,1.651114,1.139346,0.361387,0.504118,0.329324,0.304285,-0.438183,0.212995,0.664081,0.244532,0.205110,-0.300054,0.470776,0.161187,-1.316872,-0.996444,1.230062,-0.692391,0.466545,0.173357,-0.676802,0.285613,0.239913,-0.001637,0.497573
34.151007,1.757418,-0.061290,-1.030269,1.650195,1.138783,0.360789,0.504671,0.209908,0.291793,-0.520049,0.224124,0.657548,0.238455,0.205694,-0.299587,0.470947,0.160511,-1.316585,-0.996215,1.230057,-0.691894,0.465543,0.172976,-0.677121,0.285486,0.237014,-0.003281,0.499740
34.152024,1.757439,-0.065038,-1.033459,1.651065,1.142414,0.359909,0.504163,0.092354,0.276092,-0.599938,0.236880,0.651116,0.232633,0.206199,-0.299121,0.471127,0.159833,-1.316297,-0.995975,1.230055,-0.691390,0.466319,0.174153,-0.674372,0.285879,0.237427,-0.002714,0.498516
34.153032,1.758221,-0.068068,-1.030777,1.650224,1.143715,0.359084,0.504171,-0.019351,0.254532,-0.675099,0.252637,0.644905,0.227310,0.206630,-0.298658,0.471309,0.159166,-1.316013,-0.995746,1.230055,-0.690884,0.465902,0.176225,-0.673647,0.285321,0.233945,-0.001901,0.499682
34.153982,1.753216,-0.069549,-1.034870,1.647318,1.147042,0.359069,0.503580,-0.119393,0.222461,-0.741387,0.273374,0.639134,0.222757,0.207012,-0.298192,0.471491,0.158483,-1.315724,-0.995518,1.230056,-0.690388,0.465018,0.177901,-0.675603,0.286310,0.232833,-0.001156,0.499803
34.155097,1.758570,-0.071702,-1.034710,1.647387,1.148915,0.358179,0.502749,-0.202813,0.181151,-0.795380,0.297894,0.634209,0.219132,0.207364,-0.297728,0.471672,0.157819,-1.315429,-0.995294,1.230056,-0.689884,0.466793,0.178675,-0.673818,0.288789,0.229556,-0.001215,0.500988
34.156022,1.750579,-0.072196,-1.040037,1.645243,1.149383,0.358097,0.503062,-0.268999,0.135587,-0.836863,0.323378,0.630384,0.216349,0.207696,-0.297264,0.471853,0.157142,-1.315140,-0.995073,1.230059,-0.689376,0.464161,0.180185,-0.675528,0.289589,0.228201,-0.000409,0.502989
34.157035,1.746320,-0.071196,-1.041045,1.643701,1.151092,0.358256,0.503625,-0.319168,0.089037,-0.866911,0.348319,0.627655,0.214295,0.207998,-0.296795,0.472034,0.156479,-1.314842,-0.994846,1.230058,-0.688877,0.467286,0.180400,-0.672918,0.291083,0.227721,-0.000396,0.502293
34.158087,1.743512,-0.069522,-1.046336,1.645045,1.152840,0.359047,0.504430,-0.362307,0.046452,-0.892130,0.370988,0.625569,0.212524,0.208250,-0.296321,0.472215,0.155802,-1.314546,-0.994624,1.230057,-0.688373,0.468842,0.180090,-0.673148,0.292616,0.226241,-0.000619,0.501294
34.159001,1.742641,-0.071919,-1.045644,1.644843,1.153974,0.358348,0.505758,-0.450210,-0.013631,-0.944872,0.406002,0.621802,0.209001,0.208591,-0.295383,0.472579,0.154459,-1.313963,-0.994182,1.230056,-0.687387,0.469377,0.180687,-0.671848,0.291238,0.223725,-0.000833,0.497223
34.159997,1.743874,-0.069172,-1.037889,1.642616,1.155830,0.358541,0.505826,-0.485482,-0.034446,-0.965829,0.420215,0.620182,0.207875,0.208702,-0.294914,0.472760,0.153774,-1.313665,-0.993967,1.230054,-0.686883,0.468182,0.179439,-0.676232,0.293324,0.222140,-0.001095,0.497208
34.161006,1.750438,-0.066540,-1.041735,1.641210,1.155545,0.357657,0.507049,-0.499270,-0.045089,-0.972371,0.429262,0.619680,0.207884,0.208805,-0.294462,0.472936,0.153097,-1.313367,-0.993744,1.230057,-0.686392,0.464565,0.178372,-0.674907,0.294648,0.222667,-0.000289,0.494907
34.162008,1.752960,-0.068823,-1.043010,1.639431,1.156286,0.357001,0.506837,-0.486638,-0.043237,-0.961340,0.431534,0.620640,0.209169,0.208925,-0.293999,0.473121,0.152426,-1.313069,-0.993521,1.230057,-0.685893,0.462852,0.179648,-0.674963,0.296294,0.222121,0.000298,0.495484
34.163100,1.747526,-0.069390,-1.044916,1.640296,1.157529,0.355537,0.508568,-0.454255,-0.034734,-0.937519,0.430184,0.622519,0.211351,0.209063,-0.293526,0.473301,0.151745,-1.312771,-0.993304,1.230061,-0.685400,0.465479,0.180320,-0.675359,0.295903,0.221365,0.001669,0.492323
34.164029,1.747633,-0.073481,-1.046430,1.641718,1.156517,0.355976,0.508158,-0.413763,-0.029286,-0.908929,0.430893,0.624386,0.213931,0.209220,-0.293066,0.473485,0.151077,-1.312480,-0.993083,1.230058,-0.684915,0.464581,0.182332,-0.674658,0.294003,0.222436,0.001161,0.493206
34.164976,1.752147,-0.074318,-1.042274,1.638205,1.155398,0.354856,0.506976,-0.366872,-0.033080,-0.876604,0.436881,0.625985,0.216875,0.209401,-0.292607,0.473668,0.150395,-1.312179,-0.992856,1.230061,-0.684415,0.461595,0.182744,-0.676829,0.296985,0.223590,0.002216,0.495592
34.166150,1.751532,-0.074228,-1.045110,1.639506,1.158051,0.355220,0.507217,-0.308770,-0.043916,-0.837099,0.446346,0.627782,0.220345,0.209599,-0.292144,0.473852,0.149712,-1.311883,-0.992637,1.230064,-0.683922,0.462333,0.183234,-0.677431,0.296772,0.221571,0.001738,0.495600
34.167141,1.748369,-0.075147,-1.044653,1.638621,1.156519,0.356787,0.508866,-0.243243,-0.058430,-0.793003,0.457576,0.629792,0.224133,0.209800,-0.291681,0.474039,0.149042,-1.311586,-0.992410,1.230062,-0.683435,0.463391,0.183766,-0.678254,0.297485,0.223282,0.000099,0.492417
34.168047,1.748034,-0.077538,-1.045074,1.637860,1.152991,0.357548,0.508838,-0.177487,-0.076795,-0.749333,0.471001,0.631636,0.227931,0.210017,-0.291221,0.474223,0.148362,-1.311287,-0.992175,1.230061,-0.682947,0.462614,0.184870,-0.677759,0.297411,0.226674,-0.000711,0.492466
34.169017,1.748427,-0.070264,-1.050465,1.640476,1.153440,0.357475,0.507893,-0.177487,-0.076795,-0.749333,0.471001,0.631636,0.227931,0.210017,-0.291221,0.474223,0.148362,-1.311287,-0.992175,1.230061,-0.682947,0.462614,0.184870,-0.677759,0.297411,0.226674,-0.000711,0.492466
34.170057,1.752097,-0.066918,-1.051220,1.641904,1.151064,0.355914,0.507262,-0.115660,-0.096633,-0.709152,0.485875,0.633097,0.231601,0.210295,-0.290764,0.474397,0.147696,-1.310996,-0.991949,1.230062,-0.682448,0.461856,0.181356,-0.675497,0.294580,0.226290,-0.000703,0.494433
34.171019,1.749886,-0.060327,-1.048033,1.640908,1.150991,0.354893,0.508978,-0.058623,-0.110936,-0.673288,0.499256,0.634249,0.235176,0.210647,-0.290306,0.474577,0.147015,-1.310704,-0.991713,1.230068,-0.681946,0.459781,0.179974,-0.676031,0.293444,0.228856,0.000762,0.495884
34.172055,1.750415,-0.063056,-1.036819,1.640283,1.151071,0.354322,0.509582,0.057337,-0.099063,-0.603338,0.507772,0.637327,0.242515,0.211440,-0.289381,0.474928,0.145639,-1.310116,-0.991253,1.230072,-0.680966,0.459681,0.178517,-0.684187,0.294985,0.229082,0.002185,0.491525
34.172983,1.753600,-0.061416,-1.034059,1.644002,1.148645,0.353893,0.510132,0.057337,-0.099063,-0.603338,0.507772,0.637327,0.242515,0.211440,-0.289381,0.474928,0.145639,-1.310116,-0.991253,1.230072,-0.680966,0.459681,0.178517,-0.684187,0.294985,0.229082,0.002185,0.491525
34.173993,1.754716,-0.060566,-1.042356,1.645144,1.148522,0.354618,0.511441,0.216069,-0.063882,-0.505382,0.501505,0.643156,0.251573,0.212294,-0.288477,0.475280,0.144283,-1.309545,-0.990781,1.230076,-0.679994,0.456500,0.177554,-0.681925,0.289970,0.231627,0.001713,0.488004
34.175132,1.751256,-0.061894,-1.043951,1.648579,1.147837,0.354960,0.511858,0.301120,-0.055877,-0.452479,0.502485,0.645899,0.256271,0.212699,-0.288013,0.475462,0.143592,-1.309266,-0.990543,1.230076,-0.679506,0.458471,0.178698,-0.682799,0.287811,0.232714,0.001297,0.487647
34.176025,1.746959,-0.061771,-1.039538,1.646364,1.147912,0.354256,0.512320,0.376491,-0.057595,-0.406206,0.507912,0.647794,0.260355,0.213074,-0.287549,0.475641,0.142900,-1.308973,-0.990314,1.230077,-0.679024,0.459572,0.178562,-0.684493,0.289297,0.232503,0.001945,0.486681
34.177027,1.747715,-0.061180,-1.032656,1.651081,1.146259,0.355309,0.512387,0.376491,-0.057595,-0.406206,0.507912,0.647794,0.260355,0.213074,-0.287549,0.475641,0.142900,-1.308973,-0.990314,1.230077,-0.679024,0.459572,0.178562,-0.684493,0.289297,0.232503,0.001945,0.486681
34.178048,1.756627,-0.062383,-1.035635,1.650117,1.146590,0.356421,0.512614,0.513875,-0.088620,-0.321427,0.529325,0.650408,0.267525,0.213809,-0.286648,0.475997,0.141521,-1.308406,-0.989848,1.230070,-0.678047,0.454123,0.179321,-0.687495,0.286106,0.234084,-0.000338,0.486469
34.179083,1.764080,-0.062993,-1.029870,1.652765,1.150386,0.355456,0.512305,0.513875,-0.088620,-0.321427,0.529325,0.650408,0.267525,0.213809,-0.286648,0.475997,0.141521,-1.308406,-0.989848,1.230070,-0.678047,0.454123,0.179321,-0.687495,0.286106,0.234084,-0.000338,0.486469
34.180126,1.768593,-0.056199,-1.031884,1.652501,1.148874,0.355553,0.511792,0.598820,-0.118926,-0.266479,0.544506,0.652460,0.271834,0.214150,-0.286200,0.476176,0.140821,-1.308125,-0.989623,1.230069,-0.677566,0.450276,0.179899,-0.691024,0.283940,0.230514,0.000580,0.487362
34.181031,1.765348,-0.059634,-1.028871,1.654156,1.146077,0.355706,0.511597,0.827238,-0.186668,-0.113479,0.571268,0.660716,0.283110,0.214648,-0.285308,0.476525,0.139434,-1.307561,-0.989146,1.230068,-0.676580,0.448872,0.178582,-0.691826,0.282677,0.234858,0.000188,0.488953
34.182028,1.766006,-0.059573,-1.027779,1.653907,1.147431,0.355240,0.512053,0.951746,-0.219793,-0.028798,0.582199,0.666030,0.289215,0.214801,-0.284855,0.476703,0.138744,-1.307275,-0.988910,1.230071,-0.676095,0.448151,0.178721,-0.692779,0.283073,0.233523,0.000577,0.488196
34.182957,1.762969,-0.059983,-1.025622,1.651626,1.144258,0.354672,0.512772,0.951746,-0.219793,-0.028798,0.582199,0.666030,0.289215,0.214801,-0.284855,0.476703,0.138744,-1.307275,-0.988910,1.230071,-0.676095,0.448151,0.178721,-0.692779,0.283073,0.233523,0.000577,0.488196
34.183966,1.759295,-0.062880,-1.021111,1.652328,1.142975,0.356478,0.510598,1.071366,-0.254277,0.053201,0.592924,0.671408,0.294996,0.214905,-0.284408,0.476883,0.138045,-1.306989,-0.988668,1.230070,-0.675606,0.449033,0.178940,-0.693567,0.284999,0.236583,0.001086,0.486764
34.185044,1.755957,-0.062789,-1.026938,1.654376,1.142724,0.356317,0.509991,1.180605,-0.289140,0.128728,0.603152,0.676544,0.300122,0.214983,-0.283957,0.477063,0.137339,-1.306703,-0.988429,1.230067,-0.675112,0.450573,0.180589,-0.696145,0.284496,0.237910,-0.000800,0.491331
34.186018,1.754184,-0.064630,-1.020521,1.655210,1.141235,0.357596,0.510550,1.273119,-0.328057,0.193471,0.615477,0.680828,0.304384,0.215081,-0.283506,0.477246,0.136651,-1.306424,-0.988189,1.230063,-0.674617,0.452310,0.180855,-0.694326,0.283300,0.238371,-0.000671,0.492815
34.186962,1.753938,-0.063681,-1.021129,1.655307,1.140936,0.358055,0.510123,1.401228,-0.425621,0.286050,0.652913,0.685537,0.310480,0.215389,-0.282606,0.477609,0.135254,-1.305862,-0.987712,1.230054,-0.673630,0.452227,0.181409,-0.697192,0.282335,0.240056,-0.002495,0.492654
34.188098,1.752713,-0.061406,-1.024950,1.657967,1.140285,0.356729,0.509743,1.401228,-0.425621,0.286050,0.652913,0.685537,0.310480,0.215389,-0.282606,0.477609,0.135254,-1.305862,-0.987712,1.230054,-0.673630,0.452227,0.181409,-0.697192,0.282335,0.240056,-0.002495,0.492654
34.189023,1.751270,-0.063669,-1.021652,1.657590,1.139900,0.355919,0.509749,1.443969,-0.479165,0.318676,0.675827,0.686276,0.312816,0.215598,-0.282150,0.477792,0.134556,-1.305587,-0.987469,1.230054,-0.673129,0.453142,0.180727,-0.696797,0.281023,0.241039,-0.001226,0.493815
34.190001,1.753606,-0.059680,-1.017440,1.657833,1.139989,0.355024,0.509368,1.473410,-0.531763,0.342542,0.699572,0.686031,0.314757,0.215799,-0.281694,0.477975,0.133848,-1.305307,-0.987228,1.230054,-0.672641,0.453071,0.181838,-0.698028,0.281164,0.241260,-0.000488,0.493795
34.190993,1.760220,-0.058352,-1.014649,1.660027,1.141065,0.353538,0.509847,1.495386,-0.581610,0.361612,0.722818,0.685226,0.316570,0.215933,-0.281247,0.478152,0.133149,-1.305024,-0.986984,1.230056,-0.672146,0.451480,0.179972,-0.700266,0.280987,0.241108,0.000330,0.494658
34.191962,1.755713,-0.057789,-1.015325,1.659477,1.138110,0.353016,0.509504,1.521569,-0.624934,0.383969,0.743205,0.684726,0.318810,0.215972,-0.280804,0.478330,0.132443,-1.304751,-0.986749,1.230060,-0.671645,0.447862,0.179491,-0.701826,0.279169,0.240077,0.001725,0.493773
34.192996,1.756530,-0.054405,-1.020426,1.660137,1.133756,0.352508,0.509790,1.556369,-0.660759,0.412614,0.760110,0.684928,0.321653,0.215942,-0.280346,0.478508,0.131737,-1.304471,-0.986499,1.230063,-0.671150,0.449590,0.179343,-0.701441,0.279829,0.242928,0.002155,0.494547
34.194016,1.750472,-0.060023,-1.025334,1.659991,1.132743,0.350493,0.509796,1.590543,-0.688310,0.440912,0.773322,0.685495,0.324541,0.215867,-0.279901,0.478684,0.131051,-1.304195,-0.986240,1.230069,-0.670650,0.449068,0.177940,-0.699639,0.279788,0.247225,0.002553,0.494150
34.194980,1.745571,-0.060619,-1.030258,1.659745,1.129079,0.351546,0.505895,1.611213,-0.709244,0.459710,0.783729,0.685794,0.326700,0.215773,-0.279442,0.478869,0.130352,-1.303914,-0.985990,1.230075,-0.670161,0.451790,0.180947,-0.697681,0.280334,0.248178,0.004477,0.494344
34.196028,1.744861,-0.055991,-1.035325,1.662052,1.125491,0.352512,0.505486,1.607426,-0.730502,0.461316,0.794593,0.685118,0.327462,0.215714,-0.278991,0.479052,0.129668,-1.303633,-0.985728,1.230077,-0.669640,0.453711,0.181272,-0.695408,0.280594,0.251593,0.003315,0.502180
34.196988,1.739474,-0.055761,-1.037035,1.663761,1.126180,0.351702,0.505912,1.574594,-0.752730,0.442454,0.806322,0.683231,0.326611,0.215718,-0.278535,0.479228,0.128973,-1.303358,-0.985468,1.230074,-0.669129,0.453897,0.179267,-0.693678,0.279030,0.255131,0.002290,0.503104
34.197966,1.740100,-0.050496,-1.036566,1.667000,1.123800,0.352578,0.507172,1.515625,-0.771794,0.405061,0.817124,0.680364,0.324378,0.215739,-0.278073,0.479405,0.128278,-1.303082,-0.985214,1.230078,-0.668629,0.455930,0.179284,-0.692846,0.277411,0.254193,0.003028,0.502261
34.199075,1.737981,-0.046124,-1.040246,1.666874,1.123624,0.352441,0.506685,1.348930,-0.792281,0.295291,0.831884,0.673289,0.317456,0.215559,-0.277162,0.479748,0.126895,-1.302536,-0.984695,1.230076,-0.667629,0.456323,0.175208,-0.692827,0.275856,0.256639,0.002147,0.501154
34.200059,1.738021,-0.042945,-1.041371,1.667183,1.121676,0.353964,0.505596,1.348930,-0.792281,0.295291,0.831884,0.673289,0.317456,0.215559,-0.277162,0.479748,0.126895,-1.302536,-0.984695,1.230076,-0.667629,0.456323,0.175208,-0.692827,0.275856,0.256639,0.002147,0.501154
34.200971,1.730041,-0.046948,-1.047076,1.667698,1.118887,0.353972,0.506837,1.256211,-0.783984,0.233239,0.830236,0.670193,0.313449,0.215295,-0.276709,0.479921,0.126212,-1.302258,-0.984432,1.230077,-0.667119,0.455843,0.173845,-0.692644,0.275759,0.258368,0.000536,0.503383
34.202063,1.727469,-0.045018,-1.052417,1.670098,1.116723,0.354536,0.507977,1.158653,-0.764641,0.167356,0.822751,0.667388,0.309067,0.214936,-0.276242,0.480101,0.125524,-1.301986,-0.984164,1.230077,-0.666618,0.458882,0.175843,-0.689453,0.275100,0.260700,0.000479,0.500777
34.203029,1.722999,-0.047932,-1.053701,1.672234,1.117120,0.354014,0.508599,1.049865,-0.744254,0.093250,0.814718,0.664049,0.304027,0.214532,-0.275776,0.480274,0.124835,-1.301711,-0.983903,1.230078,-0.666127,0.460105,0.175317,-0.688040,0.273742,0.262903,-0.000169,0.498853
34.203975,1.720031,-0.048046,-1.059589,1.670499,1.116400,0.354374,0.508138,0.928089,-0.730485,0.009837,0.810329,0.659683,0.298309,0.214160,-0.275315,0.480453,0.124152,-1.301439,-0.983642,1.230078,-0.665626,0.461707,0.176904,-0.687631,0.271838,0.262219,0.000291,0.497654
34.205052,1.717752,-0.044939,-1.068552,1.671857,1.116988,0.355211,0.507374,0.796694,-0.726356,-0.080395,0.810992,0.654312,0.292062,0.213881,-0.274851,0.480630,0.123473,-1.301161,-0.983382,1.230077,-0.665131,0.462413,0.177035,-0.684748,0.273578,0.262646,-0.000134,0.498620
34.205995,1.710138,-0.047152,-1.073889,1.669487,1.116053,0.356110,0.508856,0.656960,-0.727497,-0.176592,0.814276,0.648154,0.285259,0.213691,-0.274389,0.480802,0.122806,-1.300891,-0.983120,1.230073,-0.664629,0.463470,0.175911,-0.681636,0.273263,0.262053,-0.001028,0.500426
34.206951,1.709400,-0.042924,-1.078325,1.666868,1.113625,0.356639,0.508550,0.348204,-0.722804,-0.390308,0.817107,0.633994,0.269641,0.213465,-0.273444,0.481149,0.121453,-1.300329,-0.982587,1.230066,-0.663641,0.465927,0.175159,-0.677062,0.278104,0.264719,-0.002544,0.498126
34.208091,1.712251,-0.044179,-1.087942,1.668677,1.114426,0.356023,0.510041,0.348204,-0.722804,-0.390308,0.817107,0.633994,0.269641,0.213465,-0.273444,0.481149,0.121453,-1.300329,-0.982587,1.230066,-0.663641,0.465927,0.175159,-0.677062,0.278104,0.264719,-0.002544,0.498126
34.209023,1.707370,-0.041600,-1.086340,1.670085,1.114821,0.354272,0.509592,0.187033,-0.709464,-0.502523,0.812434,0.626622,0.261219,0.213404,-0.272984,0.481327,0.120789,-1.300050,-0.982324,1.230062,-0.663148,0.464751,0.176340,-0.674219,0.277559,0.264036,-0.001971,0.495552
34.210024,1.700699,-0.037580,-1.083330,1.668973,1.114302,0.352199,0.508424,0.032165,-0.691879,-0.610713,0.805363,0.619432,0.253057,0.213375,-0.272512,0.481501,0.120112,-1.299776,-0.982063,1.230066,-0.662647,0.466290,0.175116,-0.675052,0.276104,0.263301,-0.000296,0.496453
34.211061,1.703194,-0.034813,-1.087760,1.668043,1.115217,0.352485,0.508687,-0.112548,-0.671173,-0.712045,0.796839,0.612591,0.245445,0.213381,-0.272033,0.481667,0.119428,-1.299496,-0.981796,1.230068,-0.662149,0.468956,0.173439,-0.677072,0.277539,0.263588,0.001697,0.498931
34.211983,1.700720,-0.036453,-1.089585,1.666746,1.112671,0.351882,0.509291,-0.244066,-0.642077,-0.804289,0.784126,0.606525,0.238497,0.213435,-0.271575,0.481841,0.118761,-1.299218,-0.981536,1.230066,-0.661648,0.467431,0.172400,-0.675849,0.279055,0.262580,0.001328,0.498564
34.213067,1.697740,-0.036151,-1.094931,1.665940,1.111943,0.353119,0.510711,-0.359060,-0.604487,-0.885079,0.766793,0.601482,0.232303,0.213552,-0.271104,0.482014,0.118087,-1.298930,-0.981269,1.230069,-0.661156,0.467711,0.173309,-0.674885,0.279904,0.264735,0.001852,0.497332
34.214107,1.692563,-0.036745,-1.097463,1.664769,1.113701,0.353378,0.509799,-0.459096,-0.564211,-0.955477,0.747589,0.597207,0.226752,0.213745,-0.270635,0.482190,0.117420,-1.298649,-0.981000,1.230065,-0.660662,0.469086,0.173574,-0.673646,0.281560,0.265390,0.000545,0.494795
34.214974,1.691682,-0.033091,-1.090088,1.664899,1.112544,0.352838,0.509829,-0.549864,-0.525147,-1.019389,0.728386,0.593299,0.221553,0.213997,-0.270156,0.482368,0.116746,-1.298366,-0.980738,1.230065,-0.660158,0.471207,0.174158,-0.673367,0.283240,0.263513,0.000224,0.496847
34.216028,1.692194,-0.034902,-1.095188,1.664576,1.113258,0.353074,0.509116,-0.630973,-0.487294,-1.076443,0.709108,0.589790,0.216767,0.214261,-0.269683,0.482534,0.116062,-1.298083,-0.980472,1.230065,-0.659666,0.470337,0.172337,-0.676431,0.282353,0.264143,0.000711,0.496631
34.217007,1.698490,-0.035852,-1.087975,1.665698,1.114634,0.351117,0.511248,-0.736590,-0.420635,-1.150506,0.672347,0.585092,0.210095,0.214696,-0.268760,0.482886,0.114712,-1.297520,-0.979951,1.230067,-0.658673,0.466136,0.174261,-0.679003,0.282306,0.261766,0.002295,0.494082
34.218107,1.699790,-0.029490,-1.095799,1.666031,1.116721,0.351659,0.512342,-0.736590,-0.420635,-1.150506,0.672347,0.585092,0.210095,0.214696,-0.268760,0.482886,0.114712,-1.297520,-0.979951,1.230067,-0.658673,0.466136,0.174261,-0.679003,0.282306,0.261766,0.002295,0.494082
34.219115,1.702470,-0.030298,-1.095922,1.664514,1.116687,0.350709,0.510524,-0.730864,-0.372175,-1.146620,0.638775,0.585358,0.208963,0.214924,-0.267836,0.483230,0.113362,-1.296951,-0.979433,1.230073,-0.657681,0.463772,0.172278,-0.677156,0.284625,0.259669,0.002509,0.496104
34.220027,1.701249,-0.030612,-1.096969,1.664262,1.117893,0.350077,0.507919,-0.730864,-0.372175,-1.146620,0.638775,0.585358,0.208963,0.214924,-0.267836,0.483230,0.113362,-1.296951,-0.979433,1.230073,-0.657681,0.463772,0.172278,-0.677156,0.284625,0.259669,0.002509,0.496104
34.220988,1.704502,-0.032313,-1.101368,1.668991,1.112276,0.350605,0.507786,-0.695137,-0.345723,-1.122006,0.618376,0.587437,0.209799,0.214998,-0.267369,0.483402,0.112680,-1.296666,-0.979179,1.230075,-0.657175,0.463415,0.172487,-0.676379,0.284424,0.258132,0.003062,0.501230
34.222029,1.700805,-0.037323,-1.094425,1.667614,1.115294,0.351190,0.507261,-0.645960,-0.324973,-1.088201,0.599623,0.590140,0.211175,0.215076,-0.266915,0.483579,0.112011,-1.296390,-0.978905,1.230077,-0.656670,0.461199,0.173473,-0.674512,0.279763,0.263409,0.002446,0.501463
34.222996,1.697847,-0.039220,-1.096984,1.663576,1.116514,0.351453,0.508431,-0.522673,-0.331542,-1.003576,0.583945,0.595489,0.215093,0.215283,-0.265984,0.483939,0.110640,-1.295815,-0.978391,1.230079,-0.655672,0.463571,0.177285,-0.677755,0.285536,0.258850,0.001446,0.500402
34.224118,1.702673,-0.034916,-1.101408,1.664542,1.117261,0.352220,0.507886,-0.522673,-0.331542,-1.003576,0.583945,0.595489,0.215093,0.215283,-0.265984,0.483939,0.110640,-1.295815,-0.978391,1.230079,-0.655672,0.463571,0.177285,-0.677755,0.285536,0.258850,0.001446,0.500402
34.225060,1.698908,-0.036801,-1.099855,1.662162,1.117600,0.352462,0.508139,-0.455712,-0.349607,-0.957679,0.581123,0.598396,0.216964,0.215342,-0.265531,0.484111,0.109970,-1.295531,-0.978130,1.230078,-0.655165,0.461374,0.175664,-0.677270,0.285579,0.258225,0.000600,0.501874
34.226083,1.700229,-0.036413,-1.104024,1.661179,1.117661,0.353656,0.507062,-0.388017,-0.364731,-0.911508,0.575344,0.601775,0.218540,0.215324,-0.265066,0.484287,0.109286,-1.295237,-0.977876,1.230076,-0.654671,0.462496,0.176720,-0.678061,0.287522,0.257641,0.000313,0.501366
34.227105,1.703669,-0.033043,-1.099159,1.661912,1.119691,0.355235,0.507882,-0.321406,-0.374509,-0.866421,0.565810,0.605518,0.219765,0.215252,-0.264612,0.484465,0.108616,-1.294944,-0.977621,1.230076,-0.654162,0.461550,0.176756,-0.676826,0.288621,0.257517,-0.000961,0.503677
34.227985,1.707811,-0.035443,-1.098271,1.662146,1.122824,0.354954,0.507945,-0.253898,-0.377774,-0.821051,0.552400,0.609620,0.220833,0.215157,-0.264157,0.484639,0.107927,-1.294658,-0.977367,1.230073,-0.653661,0.459542,0.175352,-0.679937,0.288185,0.255414,-0.002596,0.502159
34.229105,1.714961,-0.033728,-1.093674,1.659742,1.125122,0.354808,0.506977,-0.176829,-0.375310,-0.769302,0.536045,0.614354,0.222342,0.215062,-0.263701,0.484815,0.107242,-1.294370,-0.977126,1.230072,-0.653166,0.456455,0.176527,-0.679788,0.287202,0.251991,-0.002355,0.501924
34.230139,1.721055,-0.032207,-1.096299,1.657586,1.126688,0.354603,0.506002,-0.081462,-0.369768,-0.705024,0.518104,0.620035,0.224774,0.214994,-0.263258,0.484990,0.106558,-1.294076,-0.976881,1.230071,-0.652654,0.453245,0.176157,-0.683677,0.290438,0.249981,-0.002284,0.504208
34.230994,1.718266,-0.034892,-1.091020,1.655110,1.124413,0.354963,0.506820,0.174213,-0.338853,-0.531942,0.471509,0.635284,0.232579,0.214936,-0.262368,0.485342,0.105190,-1.293478,-0.976387,1.230063,-0.651644,0.450527,0.176947,-0.685029,0.293935,0.250382,-0.002529,0.504437
34.232043,1.719778,-0.036637,-1.092623,1.657787,1.127443,0.356246,0.506561,0.174213,-0.338853,-0.531942,0.471509,0.635284,0.232579,0.214936,-0.262368,0.485342,0.105190,-1.293478,-0.976387,1.230063,-0.651644,0.450527,0.176947,-0.685029,0.293935,0.250382,-0.002529,0.504437
34.232998,1.716131,-0.036276,-1.087338,1.656765,1.126589,0.356407,0.507328,0.318819,-0.319139,-0.434023,0.447197,0.643771,0.237316,0.214890,-0.261920,0.485524,0.104500,-1.293190,-0.976143,1.230060,-0.651135,0.449707,0.178076,-0.685066,0.291659,0.247413,-0.003874,0.505164
34.233985,1.713456,-0.040591,-1.086195,1.653059,1.127268,0.356614,0.505592,0.461933,-0.306464,-0.337132,0.428868,0.651727,0.242285,0.214836,-0.261464,0.485699,0.103803,-1.292896,-0.975893,1.230059,-0.650642,0.450927,0.178011,-0.687692,0.292355,0.248130,-0.004083,0.503654
34.235024,1.714994,-0.041298,-1.089520,1.655822,1.129435,0.356546,0.505557,0.596971,-0.301350,-0.245683,0.417152,0.658814,0.247217,0.214803,-0.261018,0.485885,0.103120,-1.292593,-0.975647,1.230054,-0.650124,0.451910,0.180265,-0.688636,0.295721,0.247372,-0.004331,0.507192
34.235996,1.716492,-0.036705,-1.077382,1.653906,1.128603,0.355345,0.505315,0.719193,-0.304407,-0.162881,0.412204,0.664786,0.251863,0.214830,-0.260568,0.486064,0.102429,-1.292305,-0.975406,1.230053,-0.649607,0.450988,0.180876,-0.687725,0.293283,0.245313,-0.004324,0.507360
34.236956,1.724172,-0.034851,-1.081851,1.652064,1.130281,0.354982,0.506078,0.831968,-0.313755,-0.086382,0.413222,0.669851,0.256468,0.214924,-0.260127,0.486240,0.101730,-1.292004,-0.975159,1.230050,-0.649101,0.449875,0.178709,-0.693939,0.294819,0.246061,-0.003161,0.507879
34.238072,1.728459,-0.034024,-1.080596,1.652673,1.130678,0.354007,0.504555,0.945610,-0.319651,-0.009058,0.415073,0.674903,0.261543,0.215052,-0.259688,0.486417,0.101038,-1.291706,-0.974915,1.230048,-0.648598,0.445609,0.177911,-0.691669,0.296251,0.244247,-0.002864,0.506353
34.238997,1.730975,-0.026852,-1.072618,1.648894,1.129528,0.353152,0.503948,1.194086,-0.301637,0.160695,0.409406,0.686784,0.273736,0.215356,-0.258807,0.486762,0.099633,-1.291103,-0.974422,1.230049,-0.647577,0.442015,0.174501,-0.697275,0.299274,0.245063,-0.001179,0.510874
34.239995,1.725501,-0.028322,-1.072187,1.651614,1.128750,0.351485,0.506632,1.194086,-0.301637,0.160695,0.409406,0.686784,0.273736,0.215356,-0.258807,0.486762,0.099633,-1.291103,-0.974422,1.230049,-0.647577,0.442015,0.174501,-0.697275,0.299274,0.245063,-0.001179,0.510874
34.241066,1.727110,-0.027828,-1.068991,1.648268,1.128842,0.350665,0.508155,1.326926,-0.272487,0.251686,0.398678,0.693761,0.280685,0.215472,-0.258354,0.486942,0.098933,-1.290811,-0.974171,1.230053,-0.647077,0.444418,0.175450,-0.697750,0.296471,0.245759,0.000402,0.505552
34.241994,1.726518,-0.029107,-1.066758,1.647722,1.126685,0.349891,0.508528,1.454454,-0.235670,0.339173,0.385443,0.700657,0.287631,0.215521,-0.257907,0.487118,0.098226,-1.290508,-0.973928,1.230056,-0.646582,0.443642,0.175584,-0.700205,0.300107,0.245835,0.001121,0.502814
34.242961,1.725752,-0.028292,-1.066687,1.650188,1.125308,0.349903,0.508131,1.572512,-0.197570,0.420374,0.372200,0.707124,0.294243,0.215539,-0.257468,0.487297,0.097529,-1.290212,-0.973672,1.230059,-0.646080,0.443378,0.176246,-0.701019,0.300019,0.247705,0.001810,0.502046
34.244062,1.723468,-0.031159,-1.070879,1.648064,1.124451,0.349681,0.510157,1.769849,-0.138279,0.556781,0.355674,0.717641,0.305872,0.215567,-0.256579,0.487648,0.096129,-1.289613,-0.973170,1.230063,-0.645090,0.444751,0.177898,-0.700161,0.299825,0.249938,0.001852,0.499174
34.245009,1.711239,-0.026325,-1.074102,1.646145,1.122936,0.350182,0.510102,1.769849,-0.138279,0.556781,0.355674,0.717641,0.305872,0.215567,-0.256579,0.487648,0.096129,-1.289613,-0.973170,1.230063,-0.645090,0.444751,0.177898,-0.700161,0.299825,0.249938,0.001852,0.499174
34.245986,1.709816,-0.028283,-1.075400,1.645209,1.118514,0.349756,0.511767,1.831798,-0.119905,0.599789,0.353718,0.720800,0.309955,0.215554,-0.256121,0.487818,0.095432,-1.289312,-0.972917,1.230063,-0.644590,0.450211,0.175606,-0.698430,0.301162,0.251224,0.001276,0.499326
34.247088,1.708977,-0.030285,-1.076726,1.646664,1.118336,0.349304,0.512289,1.844333,-0.085794,0.608531,0.351482,0.722032,0.312559,0.215583,-0.255224,0.488175,0.094034,-1.288710,-0.972398,1.230067,-0.643600,0.451071,0.178187,-0.698470,0.300726,0.255683,0.001994,0.495381
34.248062,1.710080,-0.026697,-1.073666,1.647684,1.116404,0.348097,0.513215,1.844333,-0.085794,0.608531,0.351482,0.722032,0.312559,0.215583,-0.255224,0.488175,0.094034,-1.288710,-0.972398,1.230067,-0.643600,0.451071,0.178187,-0.698470,0.300726,0.255683,0.001994,0.495381
34.249018,1.703470,-0.028282,-1.076590,1.649984,1.115093,0.346311,0.513910,1.813392,-0.078108,0.586900,0.354690,0.720824,0.312061,0.215626,-0.254773,0.488347,0.093330,-1.288410,-0.972137,1.230070,-0.643125,0.450039,0.176574,-0.700045,0.299329,0.257387,0.003122,0.493679
34.250211,1.704030,-0.023261,-1.083082,1.646719,1.111547,0.346492,0.514349,1.713149,-0.083281,0.516208,0.371135,0.716364,0.309273,0.215648,-0.253866,0.488700,0.091946,-1.287808,-0.971612,1.230080,-0.642142,0.453085,0.175623,-0.697418,0.300974,0.262236,0.004506,0.492037
34.250991,1.697067,-0.028914,-1.082493,1.647288,1.109898,0.346844,0.516251,1.713149,-0.083281,0.516208,0.371135,0.716364,0.309273,0.215648,-0.253866,0.488700,0.091946,-1.287808,-0.971612,1.230080,-0.642142,0.453085,0.175623,-0.697418,0.300974,0.262236,0.004506,0.492037
34.252083,1.693793,-0.029479,-1.092555,1.645852,1.112012,0.347408,0.519000,1.639868,-0.088307,0.464208,0.380201,0.713105,0.306511,0.215660,-0.253403,0.488882,0.091243,-1.287512,-0.971350,1.230081,-0.641662,0.454987,0.178128,-0.696072,0.298704,0.263135,0.004087,0.487929
34.253043,1.689959,-0.028292,-1.090982,1.646378,1.108883,0.349313,0.518821,1.548500,-0.097553,0.399304,0.390868,0.708865,0.302593,0.215678,-0.252947,0.489064,0.090563,-1.287207,-0.971093,1.230084,-0.641189,0.456686,0.178762,-0.692379,0.300504,0.261077,0.003430,0.482837
34.254069,1.691043,-0.025945,-1.092424,1.646660,1.110089,0.351143,0.517869,1.438514,-0.112842,0.321286,0.404177,0.703506,0.297508,0.215705,-0.252481,0.489243,0.089865,-1.286911,-0.970827,1.230082,-0.640705,0.457879,0.178248,-0.693181,0.299576,0.263922,0.001454,0.483346
34.255090,1.693069,-0.024934,-1.092368,1.647617,1.109856,0.352162,0.519687,1.318188,-0.129858,0.236059,0.418266,0.697562,0.291752,0.215781,-0.252022,0.489415,0.089170,-1.286607,-0.970560,1.230079,-0.640220,0.457001,0.177396,-0.693049,0.299205,0.262498,-0.000428,0.485498
34.255973,1.689628,-0.023945,-1.096651,1.645649,1.109840,0.353425,0.521685,1.200553,-0.145902,0.152787,0.431991,0.691751,0.286078,0.215909,-0.251570,0.489593,0.088484,-1.286314,-0.970299,1.230075,-0.639740,0.455742,0.177146,-0.693753,0.298355,0.262624,-0.001486,0.482047
34.257018,1.685134,-0.024142,-1.098072,1.648889,1.110759,0.354087,0.521987,1.091872,-0.159499,0.075860,0.444589,0.686425,0.280834,0.216035,-0.251112,0.489765,0.087795,-1.286012,-0.970041,1.230069,-0.639276,0.456471,0.176637,-0.691002,0.299293,0.262197,-0.002776,0.478055
34.257994,1.682044,-0.024397,-1.104834,1.648779,1.110459,0.353295,0.520353,0.988055,-0.171711,0.002467,0.456861,0.681321,0.275906,0.216125,-0.250652,0.489944,0.087110,-1.285718,-0.969782,1.230063,-0.638796,0.458509,0.177042,-0.691203,0.296269,0.261228,-0.003467,0.477779
34.258976,1.682103,-0.022430,-1.107507,1.648051,1.106741,0.353926,0.519268,0.772990,-0.205390,-0.148732,0.488788,0.670102,0.266375,0.216356,-0.249726,0.490295,0.085733,-1.285121,-0.969251,1.230061,-0.637826,0.458821,0.176520,-0.687006,0.296550,0.264731,-0.003431,0.483506
34.260100,1.678662,-0.022497,-1.108329,1.652622,1.105403,0.352614,0.520456,0.772990,-0.205390,-0.148732,0.488788,0.670102,0.266375,0.216356,-0.249726,0.490295,0.085733,-1.285121,-0.969251,1.230061,-0.637826,0.458821,0.176520,-0.687006,0.296550,0.264731,-0.003431,0.483506
34.261031,1.674355,-0.021581,-1.112260,1.651174,1.105187,0.352611,0.518922,0.662452,-0.226339,-0.225914,0.508325,0.664015,0.261873,0.216524,-0.249263,0.490475,0.085049,-1.284840,-0.968983,1.230060,-0.637343,0.460707,0.177038,-0.688193,0.293075,0.266102,-0.002174,0.481533
34.262008,1.671433,-0.021874,-1.112925,1.651350,1.104545,0.352897,0.517663,0.552253,-0.251398,-0.302291,0.531032,0.657655,0.257732,0.216725,-0.248797,0.490651,0.084367,-1.284542,-0.968716,1.230060,-0.636854,0.461985,0.176628,-0.686123,0.293943,0.265900,-0.002248,0.484666
34.263041,1.666503,-0.018069,-1.120304,1.652984,1.105974,0.352181,0.517756,0.441370,-0.279059,-0.378365,0.555784,0.651077,0.253838,0.216971,-0.248335,0.490829,0.083688,-1.284247,-0.968450,1.230059,-0.636361,0.462850,0.176921,-0.686174,0.293513,0.266263,-0.002599,0.487272
34.264031,1.669758,-0.017224,-1.123165,1.656391,1.105194,0.351792,0.517985,0.328573,-0.305795,-0.454858,0.580407,0.644381,0.250055,0.217226,-0.247869,0.491004,0.083008,-1.283961,-0.968184,1.230059,-0.635871,0.464975,0.175312,-0.683290,0.292244,0.264669,-0.001945,0.487286
34.265113,1.666036,-0.010086,-1.124447,1.659854,1.104093,0.351339,0.518493,0.214502,-0.330443,-0.531355,0.604297,0.637604,0.246427,0.217430,-0.247405,0.491177,0.082324,-1.283679,-0.967919,1.230058,-0.635387,0.462755,0.175131,-0.682288,0.288992,0.265224,-0.001624,0.486982
34.266050,1.670911,-0.009909,-1.124961,1.663455,1.104855,0.350607,0.517830,0.104915,-0.352622,-0.604017,0.627411,0.631014,0.243285,0.217572,-0.246940,0.491343,0.081647,-1.283397,-0.967648,1.230057,-0.634899,0.464567,0.172066,-0.682970,0.286344,0.266251,-0.001240,0.486299
34.267126,1.673455,-0.001937,-1.123419,1.664267,1.104825,0.350504,0.518714,-0.069285,-0.385748,-0.716655,0.668926,0.620314,0.240013,0.217779,-0.246027,0.491679,0.080283,-1.282845,-0.967121,1.230063,-0.633928,0.460084,0.168656,-0.684658,0.282816,0.265125,-0.000587,0.486223
34.268080,1.671711,-0.002498,-1.119241,1.666357,1.104198,0.348059,0.519617,-0.069285,-0.385748,-0.716655,0.668926,0.620314,0.240013,0.217779,-0.246027,0.491679,0.080283,-1.282845,-0.967121,1.230063,-0.633928,0.460084,0.168656,-0.684658,0.282816,0.265125,-0.000587,0.486223
34.269032,1.665423,-0.002817,-1.119975,1.664881,1.103152,0.348353,0.518449,-0.118470,-0.391505,-0.746249,0.683447,0.617456,0.240382,0.217806,-0.245564,0.491850,0.079590,-1.282568,-0.966852,1.230068,-0.633445,0.460244,0.169141,-0.686737,0.280754,0.265392,0.001791,0.484501
34.270175,1.663871,-0.002901,-1.127466,1.670296,1.099198,0.347955,0.519504,-0.164617,-0.392157,-0.768680,0.702358,0.615969,0.243124,0.217743,-0.244634,0.492191,0.078224,-1.282016,-0.966307,1.230069,-0.632469,0.463649,0.170151,-0.684456,0.278222,0.270064,0.001717,0.485256
34.271095,1.658650,-0.002580,-1.131555,1.673135,1.096398,0.349074,0.519096,-0.164617,-0.392157,-0.768680,0.702358,0.615969,0.243124,0.217743,-0.244634,0.492191,0.078224,-1.282016,-0.966307,1.230069,-0.632469,0.463649,0.170151,-0.684456,0.278222,0.270064,0.001717,0.485256
34.272124,1.655530,-0.001697,-1.132383,1.674034,1.094117,0.349756,0.519633,-0.187526,-0.401359,-0.779654,0.714345,0.615534,0.244209,0.217724,-0.244164,0.492362,0.077545,-1.281747,-0.966035,1.230069,-0.631976,0.465279,0.170077,-0.682266,0.275378,0.272368,0.000519,0.486072
34.273033,1.656198,0.001853,-1.130634,1.672692,1.091607,0.349988,0.519769,-0.219928,-0.421127,-0.797316,0.731065,0.614513,0.244741,0.217685,-0.243690,0.492530,0.076855,-1.281474,-0.965759,1.230066,-0.631496,0.466364,0.170010,-0.682555,0.275186,0.274387,-0.000213,0.485239
34.273995,1.661555,0.003013,-1.129719,1.674823,1.090594,0.349465,0.517808,-0.257411,-0.444437,-0.818726,0.748597,0.613374,0.244853,0.217585,-0.243230,0.492695,0.076176,-1.281198,-0.965479,1.230065,-0.631012,0.465104,0.168358,-0.683200,0.276286,0.276307,-0.000493,0.484959
34.274972,1.663645,0.005074,-1.131965,1.676041,1.088661,0.348957,0.517527,-0.287530,-0.463583,-0.835393,0.762500,0.613018,0.245044,0.217429,-0.242773,0.492863,0.075489,-1.280928,-0.965201,1.230067,-0.630521,0.461794,0.168029,-0.683798,0.274380,0.276865,-0.000042,0.488993
34.275977,1.661432,0.004542,-1.132239,1.674039,1.088927,0.348143,0.517083,-0.299961,-0.477620,-0.840402,0.772263,0.613891,0.245803,0.217264,-0.242319,0.493027,0.074811,-1.280656,-0.964918,1.230069,-0.630021,0.460277,0.167297,-0.683033,0.273495,0.278348,0.000387,0.489591
34.277051,1.657137,0.005592,-1.130262,1.680191,1.085235,0.347246,0.516629,-0.295004,-0.487330,-0.834258,0.778330,0.615810,0.247074,0.217118,-0.241854,0.493195,0.074122,-1.280377,-0.964641,1.230070,-0.629525,0.460926,0.167908,-0.683400,0.275864,0.277742,0.001123,0.490625
34.278063,1.657392,0.009109,-1.131584,1.681248,1.082641,0.346297,0.517214,-0.279969,-0.495546,-0.822182,0.782430,0.618144,0.248504,0.216995,-0.241386,0.493360,0.073425,-1.280113,-0.964357,1.230072,-0.629035,0.462923,0.167905,-0.685391,0.270830,0.281245,0.001935,0.491847
34.279007,1.656895,0.008198,-1.130522,1.683149,1.084420,0.347523,0.515620,-0.260883,-0.506733,-0.808354,0.787805,0.620171,0.249948,0.216897,-0.240930,0.493525,0.072744,-1.279840,-0.964068,1.230075,-0.628546,0.462427,0.166508,-0.685353,0.270381,0.283396,0.002795,0.490838
34.279988,1.660225,0.011349,-1.135415,1.682227,1.085737,0.348315,0.516005,-0.238844,-0.521098,-0.793490,0.795178,0.621633,0.251423,0.216836,-0.240470,0.493693,0.072054,-1.279576,-0.963792,1.230072,-0.628043,0.461941,0.167167,-0.685833,0.268743,0.281102,0.001501,0.494053
34.281076,1.664918,0.014533,-1.135003,1.684332,1.085915,0.349247,0.516953,-0.212229,-0.536242,-0.776425,0.803234,0.622649,0.252948,0.216838,-0.240019,0.493856,0.071377,-1.279302,-0.963515,1.230073,-0.627552,0.459824,0.165915,-0.683785,0.269990,0.279404,0.000641,0.493354
34.282032,1.663536,0.017783,-1.141716,1.685988,1.084473,0.350182,0.516659,-0.177580,-0.547396,-0.754757,0.809377,0.623588,0.254624,0.216911,-0.239564,0.494020,0.070688,-1.279038,-0.963231,1.230070,-0.627063,0.457533,0.164894,-0.685236,0.269165,0.279051,-0.000353,0.491794
34.282980,1.667218,0.016786,-1.145495,1.686691,1.084341,0.351492,0.516982,-0.088388,-0.550449,-0.700516,0.813307,0.625241,0.258489,0.217238,-0.238652,0.494343,0.069335,-1.278501,-0.962672,1.230060,-0.626083,0.455089,0.164341,-0.680299,0.267255,0.279659,-0.002675,0.491855
34.284110,1.665581,0.020541,-1.141835,1.688815,1.087179,0.349376,0.516702,-0.088388,-0.550449,-0.700516,0.813307,0.625241,0.258489,0.217238,-0.238652,0.494343,0.069335,-1.278501,-0.962672,1.230060,-0.626083,0.455089,0.164341,-0.680299,0.267255,0.279659,-0.002675,0.491855
34.285012,1.663383,0.025328,-1.139162,1.687265,1.087229,0.347722,0.517986,-0.041076,-0.547900,-0.672918,0.814167,0.625453,0.260530,0.217460,-0.238192,0.494504,0.068642,-1.278239,-0.962402,1.230062,-0.625587,0.456161,0.163152,-0.683709,0.266748,0.276841,-0.000612,0.492838
34.286032,1.666106,0.026972,-1.135496,1.688516,1.088269,0.346740,0.518122,0.008998,-0.540146,-0.644090,0.812531,0.625627,0.262674,0.217662,-0.237739,0.494661,0.067952,-1.277967,-0.962125,1.230065,-0.625095,0.456385,0.160972,-0.684605,0.268125,0.276240,0.000953,0.490176
34.286996,1.670541,0.026198,-1.132930,1.689112,1.088123,0.345643,0.518849,0.063441,-0.521847,-0.612677,0.805273,0.626210,0.264916,0.217808,-0.237288,0.494822,0.067268,-1.277703,-0.961851,1.230069,-0.624610,0.454765,0.160611,-0.687126,0.267666,0.274934,0.001837,0.490147
34.287978,1.668687,0.025119,-1.134195,1.686903,1.091730,0.345484,0.520523,0.128254,-0.496523,-0.574385,0.793762,0.627499,0.267517,0.217883,-0.236838,0.494983,0.066575,-1.277438,-0.961576,1.230074,-0.624133,0.452030,0.161326,-0.688475,0.267464,0.274686,0.002838,0.488809
34.289115,1.670203,0.029142,-1.138020,1.689242,1.091013,0.346606,0.518612,0.287708,-0.445927,-0.477502,0.766847,0.631905,0.273437,0.217870,-0.235935,0.495310,0.065203,-1.276895,-0.961035,1.230078,-0.623156,0.452126,0.160856,-0.687903,0.269145,0.271541,0.001680,0.489913
34.290033,1.670308,0.029558,-1.136764,1.690095,1.090370,0.348043,0.519905,0.287708,-0.445927,-0.477502,0.766847,0.631905,0.273437,0.217870,-0.235935,0.495310,0.065203,-1.276895,-0.961035,1.230078,-0.623156,0.452126,0.160856,-0.687903,0.269145,0.271541,0.001680,0.489913
34.291023,1.665735,0.029146,-1.134011,1.690160,1.091151,0.348889,0.520312,0.369049,-0.420956,-0.427793,0.751807,0.634476,0.276086,0.217863,-0.235480,0.495469,0.064511,-1.276629,-0.960765,1.230076,-0.622672,0.451276,0.160890,-0.688239,0.268358,0.271713,0.000185,0.487268
34.292047,1.670776,0.028487,-1.130677,1.690066,1.091700,0.349304,0.520488,0.446842,-0.398104,-0.380267,0.737217,0.636962,0.278429,0.217879,-0.235026,0.495631,0.063822,-1.276361,-0.960496,1.230074,-0.622186,0.453163,0.161464,-0.689982,0.268798,0.270641,-0.000709,0.486620
34.292978,1.676679,0.025129,-1.122878,1.690165,1.096364,0.350572,0.521574,0.522185,-0.379881,-0.334019,0.724136,0.639382,0.280544,0.217908,-0.234578,0.495796,0.063123,-1.276089,-0.960231,1.230071,-0.621706,0.450405,0.162215,-0.692181,0.269554,0.269927,-0.001173,0.486522
34.294086,1.680563,0.029021,-1.131830,1.691190,1.097823,0.351279,0.520710,0.606072,-0.369073,-0.281348,0.713472,0.642326,0.282969,0.217952,-0.234142,0.495962,0.062429,-1.275818,-0.959975,1.230067,-0.621227,0.446933,0.164077,-0.695870,0.269463,0.264931,-0.002495,0.484383
34.295013,1.675527,0.027382,-1.121767,1.689766,1.097011,0.349240,0.521589,0.814991,-0.366446,-0.145889,0.697744,0.650940,0.289711,0.218057,-0.233246,0.496288,0.061027,-1.275272,-0.959450,1.230062,-0.620253,0.447145,0.163777,-0.697348,0.271033,0.264033,-0.001242,0.484766
34.296021,1.676325,0.027324,-1.124646,1.691133,1.099385,0.348049,0.522379,0.814991,-0.366446,-0.145889,0.697744,0.650940,0.289711,0.218057,-0.233246,0.496288,0.061027,-1.275272,-0.959450,1.230062,-0.620253,0.447145,0.163777,-0.697348,0.271033,0.264033,-0.001242,0.484766
34.297059,1.672669,0.027921,-1.123380,1.692080,1.102776,0.347175,0.522669,0.923406,-0.368372,-0.074495,0.690180,0.655955,0.293276,0.218080,-0.232805,0.496451,0.060337,-1.275001,-0.959191,1.230064,-0.619771,0.446537,0.164201,-0.696354,0.270212,0.261489,-0.000139,0.483393
34.298130,1.675058,0.023439,-1.123020,1.689733,1.103888,0.347282,0.522117,1.024379,-0.373111,-0.007494,0.683690,0.660819,0.296539,0.218086,-0.232356,0.496615,0.059634,-1.274732,-0.958938,1.230064,-0.619287,0.448266,0.164345,-0.697615,0.270087,0.258086,0.000658,0.483082
34.299004,1.672667,0.023841,-1.122870,1.685986,1.105009,0.347090,0.521761,1.194417,-0.391003,0.106806,0.673939,0.669517,0.301598,0.218146,-0.231471,0.496957,0.058242,-1.274171,-0.958427,1.230064,-0.618317,0.447492,0.166824,-0.698084,0.276378,0.255489,0.000600,0.485145
34.300092,1.670779,0.021607,-1.121439,1.687689,1.106976,0.348410,0.523304,1.194417,-0.391003,0.106806,0.673939,0.669517,0.301598,0.218146,-0.231471,0.496957,0.058242,-1.274171,-0.958427,1.230064,-0.618317,0.447492,0.166824,-0.698084,0.276378,0.255489,0.000600,0.485145
34.301007,1.671018,0.019484,-1.123225,1.684946,1.108309,0.349553,0.521762,1.263552,-0.399968,0.154043,0.668239,0.673425,0.303274,0.218177,-0.231016,0.497126,0.057534,-1.273894,-0.958179,1.230059,-0.617840,0.448505,0.168467,-0.699804,0.275607,0.253677,-0.000782,0.482419
34.301950,1.667997,0.017306,-1.127280,1.683493,1.111656,0.349046,0.520136,1.321135,-0.409956,0.193893,0.663120,0.676761,0.304466,0.218217,-0.230573,0.497299,0.056843,-1.273605,-0.957929,1.230058,-0.617340,0.447688,0.169582,-0.698554,0.277877,0.252079,-0.001981,0.485497
34.302983,1.671320,0.020648,-1.131557,1.683885,1.114802,0.349008,0.520347,1.395067,-0.433550,0.246437,0.655855,0.680907,0.305206,0.218561,-0.229673,0.497639,0.055446,-1.273045,-0.957452,1.230056,-0.616367,0.446746,0.169502,-0.694834,0.279317,0.245599,-0.001546,0.488582
34.304015,1.668916,0.025246,-1.125363,1.683901,1.117118,0.349496,0.519077,1.395067,-0.433550,0.246437,0.655855,0.680907,0.305206,0.218561,-0.229673,0.497639,0.055446,-1.273045,-0.957452,1.230056,-0.616367,0.446746,0.169502,-0.694834,0.279317,0.245599,-0.001546,0.488582
34.305091,1.678089,0.022743,-1.124634,1.682426,1.120453,0.348162,0.518705,1.413914,-0.437138,0.260699,0.649462,0.682043,0.304929,0.218860,-0.229225,0.497804,0.054745,-1.272765,-0.957209,1.230054,-0.615869,0.447835,0.167623,-0.698566,0.279825,0.243372,-0.002101,0.491342
34.306003,1.676665,0.022876,-1.126623,1.680166,1.120771,0.347605,0.517964,1.433602,-0.428958,0.275889,0.638383,0.683456,0.304916,0.219212,-0.228787,0.497975,0.054041,-1.272479,-0.956981,1.230057,-0.615378,0.443404,0.169371,-0.699831,0.281994,0.240366,-0.000842,0.492384
34.307015,1.675202,0.023600,-1.127419,1.679082,1.123122,0.347812,0.518241,1.494735,-0.388941,0.322050,0.606478,0.688093,0.306304,0.220016,-0.227901,0.498316,0.052655,-1.271900,-0.956507,1.230056,-0.614383,0.444024,0.169319,-0.698555,0.284911,0.237644,-0.000638,0.493388
34.308028,1.666907,0.024690,-1.138369,1.677415,1.127324,0.346345,0.519270,1.494735,-0.388941,0.322050,0.606478,0.688093,0.306304,0.220016,-0.227901,0.498316,0.052655,-1.271900,-0.956507,1.230056,-0.614383,0.444024,0.169319,-0.698555,0.284911,0.237644,-0.000638,0.493388
34.309069,1.660697,0.026451,-1.138056,1.677315,1.125377,0.346713,0.518567,1.516109,-0.358934,0.339040,0.586632,0.690367,0.306663,0.220365,-0.227446,0.498486,0.051963,-1.271609,-0.956280,1.230060,-0.613898,0.447870,0.169087,-0.693544,0.286700,0.233609,0.000752,0.491514
34.310033,1.657498,0.026550,-1.145892,1.678237,1.128113,0.347487,0.517712,1.510205,-0.321856,0.337335,0.564230,0.691592,0.305779,0.220625,-0.226993,0.498654,0.051272,-1.271321,-0.956043,1.230061,-0.613399,0.450812,0.168621,-0.694534,0.287159,0.235782,0.000287,0.493160
34.311044,1.658406,0.025977,-1.148481,1.674638,1.129769,0.346612,0.518271,1.405450,-0.238375,0.270126,0.518433,0.689714,0.300050,0.220946,-0.226096,0.498993,0.049904,-1.270741,-0.955587,1.230063,-0.612396,0.451179,0.169405,-0.690090,0.289793,0.231594,0.000255,0.493894
34.311956,1.660247,0.029405,-1.143585,1.674297,1.131400,0.346004,0.518396,1.326654,-0.194086,0.218358,0.495077,0.687549,0.296068,0.221035,-0.225648,0.499159,0.049206,-1.270456,-0.955356,1.230065,-0.611906,0.449501,0.167814,-0.692135,0.289665,0.229871,0.000782,0.493620
34.313084,1.663778,0.030904,-1.149908,1.677052,1.135376,0.345169,0.517878,1.326654,-0.194086,0.218358,0.495077,0.687549,0.296068,0.221035,-0.225648,0.499159,0.049206,-1.270456,-0.955356,1.230065,-0.611906,0.449501,0.167814,-0.692135,0.289665,0.229871,0.000782,0.493620
34.314048,1.662210,0.034270,-1.151721,1.674494,1.136123,0.344676,0.516593,1.250871,-0.146496,0.168591,0.470107,0.685706,0.292272,0.221094,-0.225199,0.499325,0.048515,-1.270169,-0.955137,1.230068,-0.611403,0.448065,0.167716,-0.690469,0.287903,0.226433,0.001521,0.495051
34.315118,1.657252,0.032037,-1.160849,1.672064,1.136784,0.345909,0.517590,1.182783,-0.096343,0.123929,0.444024,0.684387,0.288903,0.221160,-0.224751,0.499486,0.047836,-1.269872,-0.954910,1.230070,-0.610905,0.448379,0.166331,-0.689814,0.290127,0.225780,0.001933,0.497679
34.316064,1.656959,0.032235,-1.164044,1.671470,1.136800,0.346018,0.518614,1.115325,-0.042692,0.079442,0.415939,0.683313,0.285515,0.221225,-0.224290,0.499657,0.047150,-1.269576,-0.954690,1.230069,-0.610405,0.450778,0.167919,-0.686322,0.292971,0.225528,0.000613,0.495903
34.317039,1.655325,0.030368,-1.164083,1.670047,1.134345,0.345261,0.518603,1.039500,0.011912,0.028890,0.386660,0.681977,0.281591,0.221263,-0.223844,0.499824,0.046464,-1.269281,-0.954465,1.230072,-0.609919,0.450350,0.168014,-0.684751,0.293075,0.225561,0.000431,0.493910
34.318101,1.645518,0.030956,-1.166671,1.667326,1.137883,0.345530,0.518337,0.955637,0.062149,-0.027504,0.358818,0.680218,0.277152,0.221285,-0.223391,0.499996,0.045782,-1.268985,-0.954230,1.230075,-0.609424,0.450676,0.169173,-0.685051,0.294236,0.228061,0.001112,0.494038
34.319005,1.641987,0.029179,-1.170929,1.664530,1.136204,0.345718,0.518708,0.865028,0.106423,-0.088700,0.333124,0.678113,0.272242,0.221329,-0.222921,0.500161,0.045098,-1.268680,-0.954011,1.230075,-0.608932,0.455373,0.169358,-0.684798,0.297094,0.224863,0.000757,0.494853
34.319966,1.637934,0.030555,-1.177090,1.661373,1.135339,0.346039,0.520723,0.762547,0.146558,-0.158002,0.308424,0.675560,0.266562,0.221386,-0.222469,0.500335,0.044418,-1.268378,-0.953780,1.230074,-0.608436,0.456255,0.170281,-0.682362,0.298966,0.226474,0.000511,0.494021
34.320962,1.632759,0.034642,-1.181942,1.660919,1.133915,0.347346,0.519978,0.645520,0.184866,-0.237227,0.283517,0.672497,0.259954,0.221417,-0.222007,0.500503,0.043748,-1.268074,-0.953550,1.230073,-0.607945,0.457623,0.169796,-0.679614,0.301583,0.227367,0.000132,0.490033
34.321977,1.626505,0.032771,-1.186981,1.657753,1.131593,0.348429,0.520447,0.369797,0.269975,-0.424501,0.228022,0.665053,0.244376,0.221311,-0.221070,0.500841,0.042408,-1.267462,-0.953084,1.230066,-0.606967,0.462306,0.169344,-0.676110,0.304603,0.231363,-0.002364,0.490960
34.323083,1.629206,0.037201,-1.186401,1.660275,1.131671,0.348098,0.522274,0.217976,0.316076,-0.527966,0.198847,0.660815,0.236006,0.221150,-0.220609,0.501004,0.041728,-1.267161,-0.952856,1.230064,-0.606494,0.460992,0.167723,-0.677911,0.302577,0.231669,-0.002084,0.487727
34.324117,1.627751,0.037085,-1.184140,1.659193,1.132061,0.346614,0.521106,0.217976,0.316076,-0.527966,0.198847,0.660815,0.236006,0.221150,-0.220609,0.501004,0.041728,-1.267161,-0.952856,1.230064,-0.606494,0.460992,0.167723,-0.677911,0.302577,0.231669,-0.002084,0.487727
34.324964,1.626419,0.031958,-1.191136,1.656865,1.131383,0.344779,0.521345,0.074225,0.360513,-0.626065,0.171389,0.656899,0.228226,0.220927,-0.220151,0.501174,0.041051,-1.266853,-0.952625,1.230068,-0.605997,0.461485,0.168178,-0.679923,0.303540,0.231481,-0.000688,0.490322
34.326047,1.619152,0.033404,-1.197509,1.658456,1.128579,0.344108,0.520853,-0.053485,0.397986,-0.713371,0.148365,0.653508,0.221372,0.220708,-0.219689,0.501348,0.040382,-1.266547,-0.952390,1.230071,-0.605500,0.460890,0.170642,-0.675721,0.304470,0.231869,0.001076,0.489615
34.327072,1.617338,0.034668,-1.203120,1.656455,1.125815,0.344679,0.520305,-0.172357,0.421730,-0.795004,0.133176,0.649944,0.215008,0.220569,-0.219215,0.501518,0.039708,-1.266244,-0.952149,1.230071,-0.605011,0.464364,0.170386,-0.673888,0.303167,0.234925,0.001658,0.490951
34.327938,1.609569,0.029778,-1.200063,1.654618,1.124434,0.345413,0.520697,-0.292030,0.432145,-0.877674,0.126090,0.645570,0.208682,0.220525,-0.218753,0.501689,0.039043,-1.265933,-0.951906,1.230070,-0.604516,0.464898,0.170088,-0.672034,0.304915,0.237746,0.001007,0.492238
34.329057,1.614900,0.034951,-1.201481,1.651795,1.124806,0.347099,0.519807,-0.413909,0.432080,-0.962293,0.125759,0.640326,0.202335,0.220546,-0.218279,0.501865,0.038367,-1.265627,-0.951663,1.230068,-0.604023,0.467514,0.172465,-0.673032,0.305477,0.238791,0.000226,0.491290
34.330095,1.614370,0.031654,-1.202723,1.652682,1.124439,0.348225,0.520068,-0.529998,0.424783,-1.043198,0.130141,0.634762,0.196327,0.220595,-0.217820,0.502033,0.037686,-1.265311,-0.951424,1.230063,-0.603531,0.464968,0.170429,-0.673893,0.308571,0.238738,-0.001520,0.493500
34.331116,1.619966,0.034313,-1.202162,1.649253,1.126892,0.347515,0.522251,-0.700351,0.404758,-1.162819,0.143511,0.625685,0.187556,0.220691,-0.216892,0.502382,0.036336,-1.264692,-0.950956,1.230055,-0.602558,0.461732,0.171378,-0.675291,0.310688,0.236947,-0.002002,0.489013
34.332114,1.618969,0.037067,-1.206891,1.647855,1.126685,0.347139,0.522794,-0.700351,0.404758,-1.162819,0.143511,0.625685,0.187556,0.220691,-0.216892,0.502382,0.036336,-1.264692,-0.950956,1.230055,-0.602558,0.461732,0.171378,-0.675291,0.310688,0.236947,-0.002002,0.489013
34.333043,1.619447,0.044166,-1.198698,1.648308,1.127828,0.345490,0.523282,-0.743480,0.397571,-1.193799,0.148993,0.623014,0.185326,0.220694,-0.216433,0.502551,0.035669,-1.264377,-0.950716,1.230053,-0.602070,0.461820,0.170304,-0.673589,0.311509,0.237213,-0.001692,0.488120
34.333993,1.623367,0.044006,-1.203087,1.652463,1.130111,0.345309,0.523748,-0.750784,0.414555,-1.201286,0.145755,0.622211,0.185076,0.220580,-0.215519,0.502880,0.034306,-1.263773,-0.950250,1.230057,-0.601100,0.458147,0.167279,-0.675495,0.305512,0.233662,-0.000018,0.486308
34.335008,1.618321,0.036945,-1.205598,1.648248,1.128516,0.345782,0.524471,-0.721296,0.425192,-1.182289,0.144991,0.623295,0.186965,0.220507,-0.215058,0.503059,0.033636,-1.263460,-0.950009,1.230059,-0.600612,0.460332,0.171060,-0.675054,0.309408,0.235356,-0.000578,0.485051
34.336047,1.623201,0.033112,-1.196656,1.645648,1.128491,0.345974,0.525373,-0.721296,0.425192,-1.182289,0.144991,0.623295,0.186965,0.220507,-0.215058,0.503059,0.033636,-1.263460,-0.950009,1.230059,-0.600612,0.460332,0.171060,-0.675054,0.309408,0.235356,-0.000578,0.485051
34.336964,1.624919,0.031968,-1.203309,1.644914,1.127539,0.345535,0.524746,-0.677492,0.422058,-1.153664,0.151349,0.624647,0.189660,0.220481,-0.214602,0.503234,0.032947,-1.263144,-0.949775,1.230058,-0.600137,0.457650,0.173283,-0.680359,0.311690,0.235554,-0.000836,0.483544
34.338111,1.628215,0.032722,-1.205808,1.644518,1.125615,0.345930,0.525796,-0.616728,0.403398,-1.113611,0.164819,0.626493,0.193124,0.220510,-0.214153,0.503413,0.032282,-1.262831,-0.949538,1.230059,-0.599648,0.456064,0.173834,-0.676962,0.311311,0.236374,-0.000460,0.484810
34.339040,1.624216,0.032227,-1.204888,1.644849,1.128564,0.345604,0.524672,-0.541913,0.372576,-1.064160,0.183925,0.628744,0.197195,0.220567,-0.213700,0.503590,0.031599,-1.262518,-0.949291,1.230058,-0.599167,0.454801,0.174007,-0.677540,0.312261,0.238625,-0.000937,0.483182
34.340049,1.626876,0.033050,-1.209296,1.644860,1.128454,0.344813,0.524398,-0.460705,0.333974,-1.010495,0.206875,0.631082,0.201536,0.220632,-0.213239,0.503763,0.030913,-1.262208,-0.949060,1.230058,-0.598680,0.456000,0.174346,-0.677861,0.310979,0.235573,-0.000669,0.485488
34.341079,1.626750,0.031378,-1.205319,1.642259,1.129513,0.345653,0.524608,-0.379053,0.290336,-0.956590,0.232608,0.633251,0.205912,0.220705,-0.212793,0.503940,0.030243,-1.261900,-0.948819,1.230061,-0.598188,0.454403,0.174156,-0.676376,0.310655,0.235758,0.000038,0.486185
34.342033,1.633380,0.037631,-1.201280,1.643864,1.126598,0.346159,0.524483,-0.298435,0.244429,-0.903439,0.259651,0.635256,0.210234,0.220776,-0.212339,0.504118,0.029556,-1.261585,-0.948590,1.230056,-0.597707,0.454259,0.175275,-0.679145,0.312941,0.234901,-0.000858,0.486013
34.343139,1.638731,0.035592,-1.200758,1.644101,1.129001,0.344674,0.523996,-0.110773,0.164347,-0.779093,0.308503,0.640879,0.220294,0.220866,-0.211457,0.504465,0.028187,-1.260968,-0.948112,1.230057,-0.596727,0.448106,0.173814,-0.682931,0.310693,0.235627,-0.000008,0.487688
34.344092,1.643442,0.032769,-1.199495,1.641470,1.128560,0.343676,0.522096,-0.110773,0.164347,-0.779093,0.308503,0.640879,0.220294,0.220866,-0.211457,0.504465,0.028187,-1.260968,-0.948112,1.230057,-0.596727,0.448106,0.173814,-0.682931,0.310693,0.235627,-0.000008,0.487688
34.345029,1.647635,0.034788,-1.195498,1.644042,1.128307,0.342260,0.522639,0.008950,0.129960,-0.699345,0.330533,0.645105,0.226683,0.220946,-0.211016,0.504640,0.027496,-1.260646,-0.947873,1.230060,-0.596228,0.445300,0.175348,-0.683558,0.312300,0.236027,0.000905,0.491534
34.346002,1.647122,0.033141,-1.194391,1.643545,1.127897,0.342153,0.523121,0.145848,0.093898,-0.608098,0.353317,0.650152,0.233855,0.221074,-0.210580,0.504814,0.026813,-1.260344,-0.947637,1.230062,-0.595724,0.442721,0.174411,-0.685530,0.309002,0.236195,0.002245,0.490363
34.347031,1.650325,0.032017,-1.192183,1.645438,1.126309,0.342657,0.522840,0.450304,0.010302,-0.405350,0.405876,0.661408,0.249636,0.221314,-0.209699,0.505170,0.025425,-1.259734,-0.947162,1.230064,-0.594755,0.440972,0.176208,-0.687973,0.307008,0.238320,0.001674,0.490342
34.348039,1.646809,0.032418,-1.190447,1.643727,1.123621,0.343664,0.522924,0.450304,0.010302,-0.405350,0.405876,0.661408,0.249636,0.221314,-0.209699,0.505170,0.025425,-1.259734,-0.947162,1.230064,-0.594755,0.440972,0.176208,-0.687973,0.307008,0.238320,0.001674,0.490342
34.349057,1.648503,0.028705,-1.192588,1.645302,1.122129,0.344157,0.522237,0.603324,-0.039852,-0.303664,0.437204,0.666827,0.257592,0.221387,-0.209253,0.505347,0.024740,-1.259422,-0.946914,1.230064,-0.594261,0.442514,0.176231,-0.689397,0.308322,0.240994,0.000595,0.490323
34.350029,1.652436,0.036806,-1.181099,1.647307,1.120572,0.344236,0.522814,0.746943,-0.095056,-0.208407,0.471420,0.671649,0.265136,0.221434,-0.208810,0.505527,0.024047,-1.259121,-0.946667,1.230060,-0.593760,0.441487,0.178317,-0.688862,0.306638,0.242478,0.000058,0.491860
34.351015,1.653472,0.036294,-1.183380,1.649223,1.120221,0.343873,0.521961,1.016288,-0.208092,-0.029637,0.543017,0.680367,0.279826,0.221436,-0.207940,0.505873,0.022651,-1.258522,-0.946175,1.230057,-0.592775,0.438502,0.174929,-0.693767,0.302064,0.244211,0.000232,0.492616
34.352096,1.652175,0.043044,-1.182763,1.648737,1.118698,0.343979,0.520555,1.016288,-0.208092,-0.029637,0.543017,0.680367,0.279826,0.221436,-0.207940,0.505873,0.022651,-1.258522,-0.946175,1.230057,-0.592775,0.438502,0.174929,-0.693767,0.302064,0.244211,0.000232,0.492616
34.353021,1.653093,0.045552,-1.173108,1.652966,1.114878,0.342465,0.519894,1.146390,-0.254066,0.057154,0.574779,0.684823,0.287273,0.221435,-0.207496,0.506039,0.021949,-1.258217,-0.945926,1.230056,-0.592281,0.439313,0.172047,-0.695081,0.302826,0.245889,0.000051,0.495753
34.354010,1.655223,0.046791,-1.172832,1.652530,1.116613,0.341580,0.519352,1.268331,-0.287530,0.138866,0.600810,0.689242,0.294520,0.221467,-0.207066,0.506207,0.021248,-1.257930,-0.945669,1.230060,-0.591781,0.438375,0.170949,-0.699598,0.298153,0.249410,0.001493,0.497014
34.355038,1.656034,0.043538,-1.167806,1.655946,1.116959,0.339772,0.519323,1.499954,-0.330850,0.295272,0.641532,0.698060,0.308923,0.221580,-0.206200,0.506551,0.019842,-1.257342,-0.945179,1.230069,-0.590778,0.436739,0.172562,-0.702919,0.295199,0.247290,0.003998,0.498398
34.356002,1.656542,0.046585,-1.169034,1.658731,1.116562,0.340664,0.518084,1.499954,-0.330850,0.295272,0.641532,0.698060,0.308923,0.221580,-0.206200,0.506551,0.019842,-1.257342,-0.945179,1.230069,-0.590778,0.436739,0.172562,-0.702919,0.295199,0.247290,0.003998,0.498398
34.356990,1.655359,0.053757,-1.175511,1.659392,1.114907,0.341636,0.517826,1.610053,-0.356852,0.369977,0.663290,0.701984,0.315942,0.221656,-0.205765,0.506722,0.019138,-1.257059,-0.944929,1.230067,-0.590267,0.436155,0.171208,-0.702219,0.292393,0.247539,0.003022,0.500895
34.357983,1.651807,0.053461,-1.177745,1.660563,1.112972,0.343166,0.517713,1.708577,-0.385231,0.437002,0.685758,0.705185,0.322435,0.221735,-0.205330,0.506882,0.018438,-1.256768,-0.944680,1.230067,-0.589766,0.436548,0.167984,-0.699164,0.291685,0.249109,0.001979,0.501478
34.359037,1.641859,0.054133,-1.180936,1.662055,1.113249,0.344912,0.516842,1.784952,-0.407696,0.489140,0.704718,0.707415,0.327839,0.221775,-0.204890,0.507052,0.017743,-1.256478,-0.944425,1.230066,-0.589266,0.438098,0.168448,-0.698379,0.290510,0.250917,0.000381,0.501800
34.360123,1.648692,0.055065,-1.184187,1.664755,1.112799,0.344739,0.518369,1.829453,-0.425885,0.519650,0.720589,0.708195,0.331669,0.221764,-0.204438,0.507219,0.017044,-1.256192,-0.944176,1.230063,-0.588755,0.443022,0.168565,-0.697576,0.289533,0.250692,-0.001425,0.503748
34.361052,1.644594,0.056138,-1.181723,1.668663,1.110092,0.345506,0.518082,1.840747,-0.445185,0.527538,0.735746,0.707358,0.333873,0.221723,-0.204007,0.507388,0.016344,-1.255909,-0.943922,1.230064,-0.588261,0.439866,0.168606,-0.697019,0.287650,0.251248,-0.001314,0.500969
34.361991,1.643689,0.056387,-1.177355,1.668376,1.110855,0.343047,0.519753,1.829811,-0.469510,0.520167,0.752320,0.705327,0.335025,0.221676,-0.203562,0.507558,0.015650,-1.255636,-0.943662,1.230062,-0.587758,0.441332,0.168190,-0.698014,0.283673,0.253635,-0.002140,0.501525
34.363001,1.641779,0.056574,-1.182097,1.668280,1.111358,0.341451,0.519449,1.807311,-0.500590,0.504726,0.771438,0.702570,0.335663,0.221607,-0.203115,0.507724,0.014945,-1.255352,-0.943414,1.230067,-0.587271,0.441164,0.168270,-0.699938,0.283768,0.252636,0.000252,0.498187
34.363996,1.648375,0.053523,-1.185148,1.670083,1.110939,0.341932,0.519353,1.741793,-0.575214,0.459443,0.811848,0.696168,0.335461,0.221364,-0.202239,0.508068,0.013558,-1.254786,-0.942910,1.230069,-0.586274,0.438439,0.170262,-0.696830,0.282519,0.252402,0.001190,0.499273
34.364963,1.637499,0.053164,-1.184411,1.668193,1.108881,0.339919,0.521408,1.741793,-0.575214,0.459443,0.811848,0.696168,0.335461,0.221364,-0.202239,0.508068,0.013558,-1.254786,-0.942910,1.230069,-0.586274,0.438439,0.170262,-0.696830,0.282519,0.252402,0.001190,0.499273
34.365970,1.633893,0.050432,-1.188831,1.670342,1.109700,0.340270,0.522796,1.701519,-0.620721,0.431312,0.833680,0.692669,0.334535,0.221228,-0.201782,0.508236,0.012854,-1.254498,-0.942651,1.230075,-0.585789,0.443382,0.170661,-0.697176,0.284293,0.254230,0.003120,0.495225
34.367104,1.628209,0.048371,-1.193313,1.672373,1.107105,0.341132,0.523703,1.574318,-0.732931,0.342536,0.883602,0.682996,0.329465,0.220979,-0.200878,0.508590,0.011474,-1.253938,-0.942139,1.230078,-0.584818,0.448020,0.173821,-0.694811,0.281661,0.256108,0.001716,0.491308
34.368050,1.628504,0.046142,-1.194550,1.671315,1.105766,0.341493,0.521883,1.574318,-0.732931,0.342536,0.883602,0.682996,0.329465,0.220979,-0.200878,0.508590,0.011474,-1.253938,-0.942139,1.230078,-0.584818,0.448020,0.173821,-0.694811,0.281661,0.256108,0.001716,0.491308
34.369047,1.627714,0.047583,-1.194965,1.669675,1.106800,0.341673,0.520426,1.480811,-0.803837,0.277460,0.914701,0.676024,0.325184,0.220958,-0.200438,0.508767,0.010789,-1.253651,-0.941879,1.230078,-0.584317,0.447358,0.175014,-0.694214,0.282484,0.257129,0.001294,0.494995
34.370007,1.626676,0.049546,-1.196862,1.672800,1.107254,0.344125,0.522635,1.376722,-0.878769,0.205094,0.947040,0.668210,0.320164,0.221077,-0.199987,0.508944,0.010094,-1.253365,-0.941623,1.230078,-0.583809,0.447404,0.174479,-0.694354,0.284253,0.255928,0.001045,0.497978
34.371111,1.622151,0.054685,-1.202126,1.670496,1.109464,0.345485,0.523263,1.165125,-1.007067,0.058403,0.999870,0.652611,0.309452,0.221583,-0.199086,0.509286,0.008713,-1.252802,-0.941125,1.230066,-0.582831,0.449864,0.171628,-0.692178,0.284397,0.253302,-0.002849,0.492724
34.372026,1.616656,0.053133,-1.207086,1.672260,1.109054,0.344963,0.521877,1.165125,-1.007067,0.058403,0.999870,0.652611,0.309452,0.221583,-0.199086,0.509286,0.008713,-1.252802,-0.941125,1.230066,-0.582831,0.449864,0.171628,-0.692178,0.284397,0.253302,-0.002849,0.492724
34.372990,1.617322,0.053143,-1.208194,1.674638,1.108378,0.344708,0.520820,1.053044,-1.047881,-0.018768,1.014780,0.645067,0.303735,0.221900,-0.198630,0.509459,0.008026,-1.252524,-0.940875,1.230064,-0.582336,0.451772,0.172488,-0.689403,0.282327,0.253452,-0.002366,0.495486
34.374027,1.614326,0.051090,-1.206998,1.672467,1.110645,0.343211,0.522098,0.932665,-1.077579,-0.101346,1.024545,0.637346,0.297702,0.222257,-0.198181,0.509633,0.007346,-1.252244,-0.940619,1.230065,-0.581837,0.450918,0.172639,-0.689107,0.279990,0.253914,-0.002184,0.497638
34.374958,1.613592,0.048209,-1.208578,1.671960,1.113148,0.341738,0.523622,0.695025,-1.128140,-0.263731,1.040480,0.622329,0.286020,0.222859,-0.197268,0.509988,0.005960,-1.251675,-0.940128,1.230071,-0.580852,0.451811,0.175440,-0.689417,0.282827,0.248990,0.000623,0.492203
34.376084,1.612984,0.047948,-1.215552,1.674513,1.113098,0.342885,0.524720,0.695025,-1.128140,-0.263731,1.040480,0.622329,0.286020,0.222859,-0.197268,0.509988,0.005960,-1.251675,-0.940128,1.230071,-0.580852,0.451811,0.175440,-0.689417,0.282827,0.248990,0.000623,0.492203
34.377000,1.610598,0.042787,-1.219677,1.669726,1.110888,0.342919,0.522747,0.586002,-1.153363,-0.337656,1.047777,0.615630,0.280572,0.223036,-0.196816,0.510168,0.005283,-1.251394,-0.939874,1.230067,-0.580369,0.452415,0.176026,-0.687605,0.281390,0.249263,-0.000601,0.490473
34.377953,1.607398,0.041123,-1.227195,1.669302,1.113897,0.342101,0.523718,0.481147,-1.181370,-0.408274,1.055881,0.609303,0.275262,0.223190,-0.196362,0.510352,0.004599,-1.251102,-0.939624,1.230069,-0.579867,0.452798,0.178556,-0.685315,0.285665,0.251222,-0.000700,0.494404
34.378993,1.598390,0.045818,-1.230499,1.672625,1.114805,0.342489,0.522584,0.375573,-1.211373,-0.478906,1.063802,0.603159,0.269743,0.223358,-0.195902,0.510530,0.003919,-1.250814,-0.939383,1.230071,-0.579384,0.453723,0.179466,-0.681683,0.285818,0.248069,0.000046,0.492491
34.379969,1.600015,0.045259,-1.232704,1.669004,1.115374,0.342948,0.521960,0.262755,-1.240209,-0.553917,1.070099,0.596961,0.263732,0.223521,-0.195440,0.510702,0.003243,-1.250540,-0.939135,1.230069,-0.578882,0.457990,0.177448,-0.680994,0.283164,0.247227,-0.000414,0.494990
34.381063,1.601046,0.047335,-1.231214,1.671381,1.119116,0.342427,0.521674,0.141543,-1.261677,-0.633925,1.072343,0.590834,0.257299,0.223675,-0.194983,0.510880,0.002563,-1.250245,-0.938890,1.230068,-0.578383,0.456584,0.177899,-0.680240,0.286628,0.246588,-0.000937,0.496296
34.382051,1.608147,0.049680,-1.234899,1.671551,1.120675,0.342118,0.521070,0.023397,-1.271078,-0.711054,1.068298,0.585550,0.250983,0.223839,-0.194531,0.511056,0.001884,-1.249962,-0.938652,1.230063,-0.577873,0.456211,0.177281,-0.682394,0.285064,0.243098,-0.000455,0.497139
34.382973,1.604182,0.044643,-1.234979,1.670011,1.122069,0.341391,0.520751,-0.151010,-1.255141,-0.821329,1.043384,0.579997,0.241244,0.224126,-0.193621,0.511412,0.000518,-1.249389,-0.938179,1.230066,-0.576880,0.453423,0.178841,-0.680737,0.286094,0.240080,0.000438,0.499053
34.384081,1.599377,0.047135,-1.238381,1.671811,1.125031,0.340867,0.520335,-0.151010,-1.255141,-0.821329,1.043384,0.579997,0.241244,0.224126,-0.193621,0.511412,0.000518,-1.249389,-0.938179,1.230066,-0.576880,0.453423,0.178841,-0.680737,0.286094,0.240080,0.000438,0.499053
34.385069,1.597255,0.049919,-1.240137,1.673260,1.126615,0.341981,0.520664,-0.208191,-1.239105,-0.855559,1.027469,0.579292,0.237777,0.224177,-0.193165,0.511590,-0.000156,-1.249101,-0.937946,1.230065,-0.576376,0.455984,0.178018,-0.680595,0.285135,0.237465,0.000887,0.500216
34.386072,1.591340,0.045180,-1.246934,1.670590,1.127979,0.341610,0.522021,-0.257929,-1.220582,-0.884452,1.011223,0.579142,0.234747,0.224161,-0.192704,0.511762,-0.000835,-1.248822,-0.937718,1.230063,-0.575881,0.456502,0.176864,-0.680178,0.283905,0.236015,-0.000305,0.499651
34.387006,1.589700,0.047512,-1.244269,1.668966,1.129572,0.342507,0.521940,-0.307415,-1.199295,-0.912935,0.994884,0.579051,0.231874,0.224073,-0.192247,0.511943,-0.001499,-1.248530,-0.937487,1.230061,-0.575387,0.459084,0.179438,-0.677528,0.286640,0.234786,0.000025,0.497065
34.388057,1.592192,0.044733,-1.239011,1.666173,1.129902,0.343043,0.519865,-0.360623,-1.176174,-0.943904,0.978581,0.578688,0.228893,0.223914,-0.191785,0.512121,-0.002182,-1.248240,-0.937254,1.230056,-0.574886,0.459073,0.178280,-0.678837,0.287830,0.233130,-0.000921,0.497223
34.388992,1.597678,0.044429,-1.249789,1.662842,1.130229,0.342704,0.518620,-0.409199,-1.148963,-0.971830,0.960952,0.578508,0.226149,0.223731,-0.191326,0.512302,-0.002875,-1.247943,-0.937024,1.230053,-0.574379,0.457631,0.179974,-0.682319,0.290872,0.233064,-0.001506,0.501614
34.389965,1.592674,0.046530,-1.248210,1.664362,1.131533,0.342339,0.519603,-0.441567,-1.116426,-0.989058,0.941168,0.579096,0.224130,0.223575,-0.190879,0.512482,-0.003538,-1.247642,-0.936791,1.230053,-0.573870,0.454253,0.180127,-0.677034,0.293542,0.232682,-0.001221,0.504024
34.391100,1.592813,0.049740,-1.245793,1.664168,1.131765,0.341850,0.520015,-0.465166,-1.036451,-0.997536,0.896621,0.581747,0.222058,0.223293,-0.189963,0.512832,-0.004914,-1.247062,-0.936335,1.230053,-0.572870,0.456417,0.178174,-0.680956,0.293044,0.231716,-0.000517,0.501663
34.392030,1.596614,0.049045,-1.248995,1.661350,1.133743,0.339731,0.519679,-0.465166,-1.036451,-0.997536,0.896621,0.581747,0.222058,0.223293,-0.189963,0.512832,-0.004914,-1.247062,-0.936335,1.230053,-0.572870,0.456417,0.178174,-0.680956,0.293044,0.231716,-0.000517,0.501663
34.393011,1.595875,0.053581,-1.244783,1.660231,1.132184,0.338711,0.518545,-0.459894,-0.987250,-0.991274,0.871665,0.583667,0.221987,0.223137,-0.189513,0.513012,-0.005584,-1.246764,-0.936109,1.230060,-0.572364,0.453808,0.178549,-0.679373,0.295255,0.229718,0.001515,0.502292
34.394050,1.598865,0.053691,-1.247031,1.660709,1.132701,0.336694,0.518301,-0.440234,-0.929697,-0.976002,0.843419,0.586307,0.222569,0.222989,-0.189061,0.513184,-0.006272,-1.246467,-0.935875,1.230063,-0.571860,0.453743,0.176480,-0.681812,0.296088,0.231358,0.002436,0.504636
34.394983,1.597181,0.056644,-1.250176,1.656737,1.134983,0.335464,0.517973,-0.405991,-0.863853,-0.951653,0.811844,0.589702,0.223760,0.222854,-0.188617,0.513363,-0.006950,-1.246169,-0.935644,1.230066,-0.571350,0.452180,0.176719,-0.681577,0.295736,0.231038,0.004369,0.505264
34.395949,1.601182,0.060016,-1.249177,1.656646,1.135484,0.336419,0.518559,-0.361223,-0.791240,-0.921046,0.777472,0.593633,0.225296,0.222731,-0.188166,0.513538,-0.007632,-1.245865,-0.935423,1.230071,-0.570839,0.452357,0.175313,-0.679928,0.298990,0.228793,0.005497,0.505850
34.396947,1.593805,0.057962,-1.250784,1.656722,1.132403,0.337039,0.518270,-0.310100,-0.710451,-0.886946,0.739161,0.598030,0.226881,0.222616,-0.187719,0.513707,-0.008320,-1.245568,-0.935195,1.230070,-0.570342,0.449864,0.173845,-0.680609,0.298686,0.228372,0.004463,0.504717
34.398024,1.593740,0.059974,-1.256735,1.655035,1.130786,0.337803,0.518018,-0.256245,-0.624806,-0.851827,0.698518,0.602642,0.228402,0.222530,-0.187266,0.513885,-0.008997,-1.245272,-0.934956,1.230072,-0.569832,0.453245,0.175090,-0.680371,0.298510,0.231530,0.003763,0.505381
34.399011,1.597185,0.066743,-1.255031,1.655560,1.126999,0.337233,0.518307,-0.208955,-0.542270,-0.822113,0.659294,0.606712,0.229514,0.222500,-0.186810,0.514058,-0.009675,-1.244967,-0.934717,1.230073,-0.569326,0.453228,0.174502,-0.678630,0.300440,0.233361,0.002919,0.506144
34.400020,1.602017,0.065263,-1.249111,1.654577,1.127276,0.336861,0.519223,-0.170762,-0.461874,-0.799453,0.620725,0.610116,0.230094,0.222493,-0.186366,0.514224,-0.010350,-1.244669,-0.934476,1.230077,-0.568820,0.451170,0.171407,-0.680003,0.299656,0.237159,0.003409,0.505614
34.401039,1.604597,0.071000,-1.247726,1.656346,1.128566,0.336265,0.521097,-0.129486,-0.380136,-0.775488,0.581085,0.613621,0.230691,0.222451,-0.185921,0.514400,-0.011042,-1.244367,-0.934238,1.230078,-0.568318,0.448517,0.172423,-0.683468,0.300489,0.236914,0.003700,0.503898
34.401969,1.605487,0.070303,-1.249539,1.657265,1.127989,0.336919,0.522239,-0.072827,-0.298835,-0.741798,0.541216,0.617912,0.231871,0.222335,-0.185471,0.514566,-0.011737,-1.244070,-0.934008,1.230081,-0.567828,0.447011,0.169906,-0.684675,0.298693,0.235791,0.004207,0.500328
34.403091,1.608259,0.067924,-1.251078,1.655794,1.127356,0.337219,0.522556,0.081241,-0.152205,-0.648465,0.468184,0.628469,0.235845,0.221947,-0.184584,0.514913,-0.013101,-1.243477,-0.933530,1.230083,-0.566838,0.444953,0.172114,-0.684502,0.299447,0.237230,0.003090,0.497823
34.404026,1.604950,0.066868,-1.248328,1.653678,1.125719,0.338179,0.523025,0.081241,-0.152205,-0.648465,0.468184,0.628469,0.235845,0.221947,-0.184584,0.514913,-0.013101,-1.243477,-0.933530,1.230083,-0.566838,0.444953,0.172114,-0.684502,0.299447,0.237230,0.003090,0.497823
34.404984,1.603329,0.067027,-1.243565,1.653295,1.123659,0.339027,0.523911,0.166063,-0.096727,-0.597207,0.439015,0.634003,0.237939,0.221769,-0.184140,0.515089,-0.013783,-1.243170,-0.933285,1.230084,-0.566341,0.446042,0.172702,-0.685840,0.300733,0.238696,0.002053,0.496870
34.406018,1.607426,0.069611,-1.243182,1.651221,1.123533,0.339966,0.524890,0.249595,-0.053882,-0.546992,0.414594,0.639516,0.239740,0.221612,-0.183693,0.515263,-0.014476,-1.242869,-0.933040,1.230083,-0.565848,0.446337,0.172753,-0.688257,0.300599,0.240638,0.001144,0.495145
34.406969,1.610583,0.068815,-1.240230,1.648876,1.122165,0.340663,0.524547,0.332208,-0.019380,-0.497247,0.392987,0.645216,0.241294,0.221463,-0.183250,0.515434,-0.015174,-1.242560,-0.932802,1.230081,-0.565362,0.444198,0.171816,-0.689074,0.302523,0.240879,0.000146,0.493429
34.407962,1.609958,0.071297,-1.239364,1.649025,1.120190,0.342049,0.526023,0.418913,0.012349,-0.444305,0.371514,0.651549,0.242814,0.221328,-0.182816,0.515608,-0.015864,-1.242250,-0.932553,1.230079,-0.564865,0.442226,0.172358,-0.690551,0.304069,0.242083,-0.000605,0.494160
34.409050,1.613669,0.075252,-1.243585,1.648237,1.119595,0.344076,0.527644,0.511488,0.043285,-0.386771,0.349422,0.658591,0.244427,0.221194,-0.182371,0.515780,-0.016561,-1.241943,-0.932307,1.230074,-0.564376,0.442258,0.171353,-0.691269,0.303498,0.244017,-0.002034,0.491322
34.410053,1.618300,0.077099,-1.239970,1.645508,1.118960,0.344207,0.528135,0.606031,0.075040,-0.327074,0.326524,0.666032,0.246110,0.221007,-0.181936,0.515946,-0.017257,-1.241635,-0.932058,1.230067,-0.563888,0.440690,0.169918,-0.690268,0.304532,0.244753,-0.004101,0.488427
34.410973,1.620369,0.073601,-1.238569,1.643583,1.116667,0.343962,0.528332,0.802628,0.152832,-0.199516,0.273876,0.682176,0.250127,0.220469,-0.181063,0.516291,-0.018644,-1.241015,-0.931563,1.230056,-0.562930,0.436607,0.171126,-0.692885,0.307798,0.247422,-0.004032,0.487312
34.412088,1.621148,0.074398,-1.231824,1.644691,1.116692,0.344635,0.530954,0.802628,0.152832,-0.199516,0.273876,0.682176,0.250127,0.220469,-0.181063,0.516291,-0.018644,-1.241015,-0.931563,1.230056,-0.562930,0.436607,0.171126,-0.692885,0.307798,0.247422,-0.004032,0.487312
34.413010,1.626795,0.072908,-1.230412,1.644697,1.118386,0.344205,0.530467,0.909964,0.190202,-0.128388,0.248902,0.690684,0.252900,0.220207,-0.180629,0.516465,-0.019343,-1.240705,-0.931313,1.230050,-0.562454,0.436687,0.171225,-0.697629,0.307050,0.247585,-0.004757,0.482478
34.413993,1.626187,0.070272,-1.223415,1.642950,1.118202,0.342070,0.532449,1.025088,0.217676,-0.051444,0.230127,0.699088,0.256519,0.219983,-0.180199,0.516641,-0.020044,-1.240401,-0.931071,1.230048,-0.561968,0.433340,0.172007,-0.697908,0.306211,0.245693,-0.004369,0.483518
34.415013,1.625395,0.070611,-1.224662,1.642395,1.119794,0.341805,0.531566,1.276095,0.233642,0.117861,0.217012,0.714911,0.266314,0.219706,-0.179330,0.516990,-0.021455,-1.239784,-0.930584,1.230048,-0.561013,0.433808,0.173634,-0.701291,0.307743,0.244288,-0.002114,0.481746
34.416075,1.619367,0.068854,-1.231786,1.642512,1.119395,0.341380,0.532410,1.391372,0.223706,0.196467,0.221706,0.721320,0.271421,0.219664,-0.178887,0.517166,-0.022155,-1.239475,-0.930336,1.230048,-0.560542,0.436920,0.174889,-0.698559,0.307654,0.244816,-0.001762,0.480389
34.417059,1.615608,0.065932,-1.229407,1.642140,1.119212,0.341279,0.533823,1.391372,0.223706,0.196467,0.221706,0.721320,0.271421,0.219664,-0.178887,0.517166,-0.022155,-1.239475,-0.930336,1.230048,-0.560542,0.436920,0.174889,-0.698559,0.307654,0.244816,-0.001762,0.480389
34.418010,1.611337,0.067198,-1.226717,1.642848,1.115269,0.342470,0.533178,1.479337,0.201009,0.257139,0.234260,0.725605,0.275715,0.219644,-0.178450,0.517348,-0.022851,-1.239164,-0.930093,1.230048,-0.560066,0.438536,0.176471,-0.700010,0.307457,0.244952,-0.001733,0.477725
34.418997,1.617077,0.068620,-1.222535,1.640275,1.114483,0.342331,0.530993,1.574160,0.122612,0.324934,0.281195,0.728010,0.282120,0.219610,-0.177574,0.517698,-0.024271,-1.238553,-0.929585,1.230045,-0.559092,0.437068,0.175417,-0.703290,0.308269,0.249325,-0.002900,0.483665
34.420116,1.619637,0.073291,-1.224687,1.640172,1.116148,0.340444,0.531519,1.574160,0.122612,0.324934,0.281195,0.728010,0.282120,0.219610,-0.177574,0.517698,-0.024271,-1.238553,-0.929585,1.230045,-0.559092,0.437068,0.175417,-0.703290,0.308269,0.249325,-0.002900,0.483665
34.421107,1.625300,0.076380,-1.226717,1.640752,1.116268,0.340195,0.530724,1.636456,0.058459,0.372880,0.327955,0.728630,0.288644,0.219636,-0.176717,0.518038,-0.025674,-1.237940,-0.929095,1.230045,-0.558125,0.433373,0.172379,-0.702707,0.307833,0.247750,-0.000910,0.484766
34.422010,1.618342,0.079229,-1.224234,1.636890,1.115546,0.337572,0.531594,1.667777,0.047886,0.397574,0.342519,0.729709,0.292199,0.219640,-0.176280,0.518207,-0.026388,-1.237621,-0.928840,1.230052,-0.557639,0.436253,0.171029,-0.703269,0.310415,0.248128,0.001632,0.482961
34.423081,1.612028,0.080644,-1.226012,1.639103,1.111435,0.335618,0.529607,1.687710,0.052157,0.414790,0.350170,0.730797,0.295263,0.219629,-0.175834,0.518380,-0.027086,-1.237323,-0.928581,1.230059,-0.557140,0.439493,0.170755,-0.703323,0.308490,0.252294,0.003462,0.487263
34.424075,1.615232,0.083601,-1.229069,1.639344,1.113429,0.334695,0.529474,1.687710,0.052157,0.414790,0.350170,0.730797,0.295263,0.219629,-0.175834,0.518380,-0.027086,-1.237323,-0.928581,1.230059,-0.557140,0.439493,0.170755,-0.703323,0.308490,0.252294,0.003462,0.487263
34.425000,1.612831,0.083885,-1.229934,1.638106,1.114611,0.334130,0.530914,1.688489,0.065935,0.419103,0.353307,0.731238,0.297453,0.219604,-0.175398,0.518547,-0.027787,-1.237016,-0.928336,1.230063,-0.556656,0.437645,0.169584,-0.702031,0.307858,0.250204,0.004284,0.487659
34.426161,1.618218,0.086596,-1.230873,1.637744,1.113804,0.334990,0.530310,1.649070,0.107806,0.399640,0.352400,0.730418,0.299732,0.219474,-0.174529,0.518884,-0.029183,-1.236396,-0.927838,1.230068,-0.555682,0.436309,0.168910,-0.702562,0.309233,0.249944,0.003796,0.486515
34.427051,1.614094,0.083515,-1.236122,1.639029,1.114094,0.336834,0.530782,1.619708,0.130624,0.382940,0.350354,0.729612,0.300197,0.219402,-0.174086,0.519058,-0.029881,-1.236093,-0.927590,1.230066,-0.555200,0.437602,0.170463,-0.699270,0.306874,0.249326,0.001890,0.485498
34.428086,1.609661,0.085542,-1.243379,1.639828,1.111343,0.337579,0.531121,1.577951,0.145668,0.357198,0.351684,0.727881,0.300032,0.219341,-0.173644,0.519226,-0.030568,-1.235785,-0.927332,1.230066,-0.554717,0.439767,0.169819,-0.696412,0.305960,0.252042,0.001085,0.485083
34.429041,1.604067,0.085345,-1.244100,1.639747,1.109281,0.337056,0.529883,1.514103,0.150381,0.315717,0.357568,0.724619,0.298832,0.219279,-0.173195,0.519394,-0.031269,-1.235484,-0.927073,1.230067,-0.554222,0.442024,0.170145,-0.695985,0.305495,0.253828,0.001550,0.487628
34.429972,1.606996,0.086922,-1.246942,1.638335,1.109600,0.337246,0.531153,1.430457,0.147878,0.260144,0.366187,0.720127,0.296639,0.219226,-0.172761,0.519562,-0.031955,-1.235174,-0.926819,1.230067,-0.553747,0.440031,0.169501,-0.694436,0.306003,0.253209,0.001287,0.485111
34.431115,1.610105,0.084137,-1.249302,1.640561,1.106696,0.336576,0.529882,1.338977,0.138739,0.198589,0.377116,0.715110,0.293934,0.219205,-0.172321,0.519736,-0.032653,-1.234875,-0.926556,1.230071,-0.553252,0.439005,0.171496,-0.694852,0.304609,0.256295,0.001863,0.488143
34.431969,1.609046,0.087111,-1.249503,1.639426,1.106037,0.337127,0.531009,1.338977,0.138739,0.198589,0.377116,0.715110,0.293934,0.219205,-0.172321,0.519736,-0.032653,-1.234875,-0.926556,1.230071,-0.553252,0.439005,0.171496,-0.694852,0.304609,0.256295,0.001863,0.488143
34.432964,1.606237,0.089412,-1.251357,1.641384,1.102554,0.336836,0.530411,1.249560,0.121614,0.137707,0.391175,0.710051,0.291176,0.219214,-0.171880,0.519901,-0.033351,-1.234568,-0.926304,1.230071,-0.552776,0.438579,0.169983,-0.693800,0.304375,0.256481,0.001238,0.485741
34.434031,1.598524,0.089458,-1.261600,1.638787,1.101666,0.337789,0.528063,1.163588,0.099816,0.078624,0.407113,0.705139,0.288472,0.219213,-0.171441,0.520068,-0.034033,-1.234264,-0.926037,1.230073,-0.552278,0.439769,0.169165,-0.693360,0.302060,0.259744,0.001453,0.487083
34.435074,1.587568,0.091098,-1.272143,1.641035,1.099860,0.337563,0.529409,0.958076,0.054861,-0.062710,0.437819,0.694007,0.281105,0.219120,-0.170532,0.520403,-0.035388,-1.233657,-0.925510,1.230070,-0.551300,0.448949,0.169225,-0.685060,0.302630,0.262284,0.000597,0.489604
34.436008,1.585231,0.094288,-1.277305,1.637927,1.097005,0.339294,0.529095,0.810669,0.033880,-0.163356,0.450767,0.686289,0.275117,0.219021,-0.170083,0.520567,-0.036068,-1.233345,-0.925241,1.230065,-0.550805,0.449411,0.167828,-0.682466,0.304841,0.264724,-0.001189,0.490258
34.437032,1.582368,0.094864,-1.279478,1.640564,1.095741,0.340461,0.528899,0.638803,0.016702,-0.280225,0.461079,0.677273,0.267927,0.218897,-0.169627,0.520736,-0.036753,-1.233049,-0.924979,1.230061,-0.550315,0.450568,0.167918,-0.682097,0.302246,0.265844,-0.002394,0.490857
34.437966,1.580908,0.101355,-1.278016,1.637694,1.095123,0.339794,0.528636,0.459216,0.005910,-0.401935,0.468014,0.667767,0.260394,0.218784,-0.169177,0.520896,-0.037429,-1.232738,-0.924712,1.230062,-0.549822,0.450628,0.164902,-0.682863,0.304242,0.266060,-0.001782,0.491383
34.439067,1.585728,0.098390,-1.287064,1.641453,1.097517,0.339605,0.527664,0.286631,0.002009,-0.518565,0.471647,0.658480,0.253223,0.218716,-0.168727,0.521070,-0.038102,-1.232449,-0.924454,1.230062,-0.549320,0.448376,0.166917,-0.679816,0.301216,0.263731,-0.001675,0.493670
34.440033,1.584724,0.101024,-1.289192,1.641939,1.099577,0.338711,0.529216,0.286631,0.002009,-0.518565,0.471647,0.658480,0.253223,0.218716,-0.168727,0.521070,-0.038102,-1.232449,-0.924454,1.230062,-0.549320,0.448376,0.166917,-0.679816,0.301216,0.263731,-0.001675,0.493670
34.440939,1.578207,0.094925,-1.288432,1.643513,1.098718,0.337429,0.528995,0.129925,-0.002102,-0.624491,0.475702,0.649581,0.246864,0.218716,-0.168280,0.521233,-0.038784,-1.232150,-0.924196,1.230059,-0.548840,0.448435,0.165857,-0.679004,0.300328,0.261441,-0.000824,0.490632
34.442098,1.573119,0.095508,-1.295147,1.643119,1.098304,0.337741,0.530176,-0.010515,-0.015425,-0.719820,0.484685,0.640778,0.241382,0.218789,-0.167821,0.521410,-0.039461,-1.231859,-0.923929,1.230060,-0.548345,0.450813,0.168941,-0.679165,0.298106,0.261860,0.000394,0.491048
34.443019,1.572906,0.100026,-1.290129,1.645933,1.098183,0.337757,0.530205,-0.141583,-0.043781,-0.809307,0.501043,0.631583,0.236445,0.218924,-0.167356,0.521581,-0.040137,-1.231559,-0.923667,1.230059,-0.547863,0.453661,0.169279,-0.677772,0.299475,0.262480,-0.000009,0.489189
34.444075,1.575246,0.095799,-1.295150,1.649165,1.102747,0.336571,0.529011,-0.265989,-0.083679,-0.894493,0.522852,0.622051,0.231923,0.219103,-0.166909,0.521746,-0.040815,-1.231270,-0.923403,1.230060,-0.547375,0.453035,0.167163,-0.680207,0.296118,0.262191,-0.000093,0.489142
34.445039,1.575244,0.098917,-1.288132,1.649452,1.106488,0.335399,0.531004,-0.376020,-0.130963,-0.969967,0.548516,0.612780,0.228218,0.219328,-0.166456,0.521923,-0.041493,-1.230983,-0.923155,1.230063,-0.546876,0.451783,0.169660,-0.678720,0.293414,0.257671,0.001016,0.491795
34.446037,1.574599,0.101301,-1.290018,1.649772,1.106376,0.335797,0.530460,-0.462793,-0.186602,-1.029792,0.578639,0.604336,0.225685,0.219619,-0.166003,0.522088,-0.042184,-1.230693,-0.922913,1.230065,-0.546401,0.451241,0.168325,-0.682387,0.292939,0.253858,0.002106,0.487884
34.447034,1.567676,0.099148,-1.299243,1.650975,1.105693,0.336830,0.530695,-0.564838,-0.297190,-1.100434,0.637861,0.591784,0.223637,0.220363,-0.165091,0.522426,-0.043534,-1.230113,-0.922404,1.230064,-0.545426,0.454230,0.168837,-0.677928,0.291467,0.254451,0.000519,0.488858
34.448040,1.569644,0.099399,-1.299276,1.651733,1.105657,0.336731,0.530825,-0.564838,-0.297190,-1.100434,0.637861,0.591784,0.223637,0.220363,-0.165091,0.522426,-0.043534,-1.230113,-0.922404,1.230064,-0.545426,0.454230,0.168837,-0.677928,0.291467,0.254451,0.000519,0.488858
34.449034,1.568538,0.100435,-1.303600,1.652221,1.106699,0.337126,0.528987,-0.602884,-0.350210,-1.126582,0.665073,0.586754,0.222970,0.220793,-0.164644,0.522597,-0.044207,-1.229823,-0.922149,1.230067,-0.544939,0.452946,0.168997,-0.678648,0.290816,0.254385,0.000540,0.488780
34.450146,1.564871,0.097996,-1.302144,1.653836,1.107583,0.336884,0.531385,-0.637394,-0.402931,-1.150202,0.690964,0.582286,0.222277,0.221239,-0.164188,0.522768,-0.044883,-1.229536,-0.921899,1.230064,-0.544438,0.453085,0.168745,-0.677015,0.290417,0.253248,0.000089,0.492595
34.451091,1.575361,0.100221,-1.301903,1.655048,1.108815,0.335286,0.532975,-0.666511,-0.454378,-1.170115,0.714977,0.578520,0.221632,0.221672,-0.163726,0.522939,-0.045569,-1.229247,-0.921649,1.230064,-0.543962,0.455026,0.170516,-0.679231,0.289639,0.252570,0.000264,0.488162
34.452047,1.573511,0.097652,-1.301421,1.655956,1.107672,0.336783,0.533594,-0.681172,-0.555472,-1.181051,0.759588,0.574141,0.221740,0.222335,-0.162842,0.523284,-0.046927,-1.228677,-0.921151,1.230065,-0.542993,0.449725,0.170988,-0.679831,0.287178,0.252136,0.000206,0.483923
34.452975,1.577026,0.094658,-1.301371,1.654213,1.110671,0.335656,0.533368,-0.655936,-0.605730,-1.165178,0.781318,0.573863,0.222984,0.222560,-0.162405,0.523460,-0.047614,-1.228382,-0.920909,1.230068,-0.542513,0.447400,0.172529,-0.679689,0.288363,0.248933,0.001279,0.484436
34.453989,1.575639,0.092823,-1.302913,1.653037,1.112284,0.335950,0.533938,-0.613992,-0.656437,-1.138521,0.802753,0.574556,0.224693,0.222740,-0.161956,0.523637,-0.048290,-1.228084,-0.920664,1.230065,-0.542031,0.447875,0.173688,-0.679634,0.289495,0.247352,0.000914,0.483498
34.455139,1.578354,0.091430,-1.308218,1.654935,1.113438,0.337561,0.535306,-0.561602,-0.706794,-1.105228,0.823459,0.575888,0.226572,0.222893,-0.161507,0.523815,-0.048970,-1.227798,-0.920423,1.230061,-0.541546,0.446948,0.174934,-0.678828,0.288758,0.246594,-0.000761,0.481243
34.456042,1.575529,0.091176,-1.308079,1.657612,1.112880,0.337924,0.535884,-0.561602,-0.706794,-1.105228,0.823459,0.575888,0.226572,0.222893,-0.161507,0.523815,-0.048970,-1.227798,-0.920423,1.230061,-0.541546,0.446948,0.174934,-0.678828,0.288758,0.246594,-0.000761,0.481243
34.456982,1.582022,0.095044,-1.303705,1.653719,1.113270,0.336911,0.534301,-0.505229,-0.758532,-1.069694,0.845037,0.577305,0.228515,0.223060,-0.161063,0.523991,-0.049643,-1.227517,-0.920174,1.230059,-0.541072,0.447629,0.175047,-0.678697,0.285641,0.246865,-0.001164,0.480110
34.458002,1.587877,0.090050,-1.303502,1.655803,1.114844,0.338217,0.534159,-0.444233,-0.807021,-1.031329,0.866024,0.578874,0.230678,0.223277,-0.160623,0.524162,-0.050329,-1.227222,-0.919927,1.230058,-0.540579,0.443835,0.173228,-0.680870,0.289113,0.246279,-0.000197,0.483336
34.459001,1.590457,0.092345,-1.305961,1.651922,1.117835,0.337629,0.533174,-0.276277,-0.874613,-0.924006,0.897511,0.584806,0.237018,0.223829,-0.159750,0.524518,-0.051694,-1.226640,-0.919449,1.230054,-0.539611,0.439398,0.175020,-0.680915,0.291103,0.241825,-0.001037,0.485978
34.460122,1.593143,0.093371,-1.304914,1.652064,1.117562,0.336618,0.533577,-0.276277,-0.874613,-0.924006,0.897511,0.584806,0.237018,0.223829,-0.159750,0.524518,-0.051694,-1.226640,-0.919449,1.230054,-0.539611,0.439398,0.175020,-0.680915,0.291103,0.241825,-0.001037,0.485978
34.461010,1.592937,0.092152,-1.303277,1.652359,1.118475,0.336492,0.532710,-0.169936,-0.891024,-0.855343,0.906268,0.589331,0.241093,0.224103,-0.159311,0.524693,-0.052384,-1.226347,-0.919208,1.230052,-0.539129,0.438480,0.175037,-0.682953,0.291744,0.242447,-0.000090,0.485595
34.462072,1.596550,0.097135,-1.302537,1.651418,1.118158,0.335858,0.532334,-0.055733,-0.893977,-0.781211,0.909303,0.594630,0.245470,0.224365,-0.158877,0.524869,-0.053064,-1.226055,-0.918969,1.230052,-0.538638,0.437880,0.175612,-0.683328,0.290652,0.241284,-0.000031,0.487261
34.463049,1.597232,0.099773,-1.299417,1.652430,1.120448,0.334779,0.532297,0.062760,-0.885703,-0.704023,0.908059,0.600357,0.250121,0.224623,-0.158443,0.525039,-0.053752,-1.225766,-0.918721,1.230052,-0.538142,0.436237,0.173535,-0.684704,0.292135,0.241714,0.000530,0.488269
34.463959,1.596687,0.098111,-1.293285,1.652199,1.123848,0.334946,0.530889,0.308863,-0.826913,-0.542454,0.889047,0.612934,0.260278,0.225105,-0.157575,0.525384,-0.055139,-1.225185,-0.918260,1.230056,-0.537160,0.435350,0.173332,-0.689139,0.290610,0.235964,0.001278,0.491240
34.465012,1.603029,0.104985,-1.291100,1.650730,1.126607,0.335351,0.530148,0.308863,-0.826913,-0.542454,0.889047,0.612934,0.260278,0.225105,-0.157575,0.525384,-0.055139,-1.225185,-0.918260,1.230056,-0.537160,0.435350,0.173332,-0.689139,0.290610,0.235964,0.001278,0.491240
34.466030,1.600001,0.107862,-1.293380,1.649254,1.129892,0.336509,0.530617,0.437918,-0.780194,-0.457044,0.873071,0.619748,0.265879,0.225367,-0.157150,0.525548,-0.055839,-1.224891,-0.918032,1.230057,-0.536659,0.432392,0.170351,-0.690997,0.292436,0.233501,0.000793,0.492937
34.466965,1.591068,0.103572,-1.285887,1.648858,1.129122,0.337834,0.530969,0.570699,-0.717081,-0.368414,0.849845,0.627170,0.271708,0.225638,-0.156712,0.525715,-0.056523,-1.224594,-0.917805,1.230055,-0.536173,0.433852,0.169298,-0.690481,0.293896,0.230412,-0.000429,0.492182
34.468012,1.594930,0.102715,-1.292913,1.649461,1.128806,0.337452,0.529614,0.695936,-0.640472,-0.284113,0.820040,0.634602,0.277231,0.225872,-0.156273,0.525890,-0.057225,-1.224303,-0.917573,1.230049,-0.535679,0.437825,0.171562,-0.693991,0.293855,0.231168,-0.001788,0.491481
34.469010,1.599463,0.099535,-1.287171,1.648630,1.133674,0.335807,0.529097,0.803042,-0.564730,-0.211729,0.790195,0.641038,0.282051,0.226065,-0.155841,0.526062,-0.057918,-1.224009,-0.917337,1.230051,-0.535186,0.435956,0.172346,-0.691221,0.293542,0.231672,-0.001470,0.494473
34.470065,1.605752,0.102111,-1.281951,1.648368,1.134665,0.334786,0.528898,0.895451,-0.500159,-0.149461,0.765166,0.646345,0.286323,0.226241,-0.155418,0.526240,-0.058610,-1.223710,-0.917119,1.230054,-0.534688,0.433667,0.174134,-0.694536,0.294185,0.226994,0.000099,0.495607
34.471022,1.607434,0.104995,-1.281449,1.648127,1.135745,0.333614,0.530481,1.089641,-0.399328,-0.019632,0.726899,0.657049,0.295308,0.226566,-0.154573,0.526581,-0.060023,-1.223121,-0.916670,1.230059,-0.533700,0.429756,0.171976,-0.697938,0.294653,0.225361,0.002112,0.493099
34.472112,1.611842,0.105264,-1.283138,1.648868,1.139553,0.334342,0.530603,1.198835,-0.351981,0.053201,0.708420,0.663354,0.300256,0.226694,-0.154145,0.526752,-0.060721,-1.222828,-0.916456,1.230060,-0.533202,0.427946,0.172352,-0.698219,0.294515,0.222038,0.001284,0.493204
34.473030,1.601191,0.103624,-1.279787,1.644959,1.136640,0.333709,0.528257,1.198835,-0.351981,0.053201,0.708420,0.663354,0.300256,0.226694,-0.154145,0.526752,-0.060721,-1.222828,-0.916456,1.230060,-0.533202,0.427946,0.172352,-0.698219,0.294515,0.222038,0.001284,0.493204
34.473997,1.606465,0.103737,-1.281193,1.645400,1.138663,0.333779,0.528584,1.304922,-0.306124,0.123841,0.689664,0.669793,0.304945,0.226830,-0.153703,0.526925,-0.061426,-1.222524,-0.916226,1.230063,-0.532701,0.432680,0.173244,-0.699436,0.297590,0.224944,0.001853,0.497878
34.475021,1.598379,0.106290,-1.281583,1.647050,1.142489,0.333450,0.528669,1.470661,-0.225444,0.233595,0.652751,0.680854,0.311716,0.227192,-0.152839,0.527274,-0.062822,-1.221936,-0.915792,1.230067,-0.531702,0.433810,0.172352,-0.699117,0.295296,0.219532,0.001946,0.497221
34.475982,1.595102,0.107324,-1.271867,1.643028,1.142124,0.333715,0.529754,1.470661,-0.225444,0.233595,0.652751,0.680854,0.311716,0.227192,-0.152839,0.527274,-0.062822,-1.221936,-0.915792,1.230067,-0.531702,0.433810,0.172352,-0.699117,0.295296,0.219532,0.001946,0.497221
34.477046,1.596208,0.103907,-1.281133,1.643771,1.142172,0.333757,0.531094,1.524503,-0.189261,0.268990,0.634334,0.685031,0.313609,0.227379,-0.152397,0.527444,-0.063540,-1.221627,-0.915572,1.230068,-0.531212,0.434991,0.172036,-0.703777,0.298702,0.220077,0.001599,0.495103
34.478025,1.598598,0.110004,-1.285130,1.639833,1.141448,0.335771,0.530077,1.559501,-0.154073,0.291903,0.614987,0.688328,0.314475,0.227556,-0.151965,0.527623,-0.064228,-1.221330,-0.915352,1.230071,-0.530721,0.434637,0.174101,-0.700073,0.298256,0.220411,0.001469,0.492710
34.478974,1.590238,0.101125,-1.285675,1.638561,1.141276,0.335798,0.530959,1.575883,-0.088308,0.301636,0.574182,0.691974,0.313082,0.227877,-0.151092,0.527973,-0.065619,-1.220715,-0.914910,1.230062,-0.529739,0.436963,0.175818,-0.697931,0.302212,0.221577,-0.000655,0.493136
34.480038,1.593006,0.109163,-1.288690,1.637729,1.142240,0.335107,0.533489,1.575883,-0.088308,0.301636,0.574182,0.691974,0.313082,0.227877,-0.151092,0.527973,-0.065619,-1.220715,-0.914910,1.230062,-0.529739,0.436963,0.175818,-0.697931,0.302212,0.221577,-0.000655,0.493136
34.481084,1.595824,0.106209,-1.288551,1.635898,1.140950,0.334104,0.531976,1.554312,-0.060386,0.286217,0.553951,0.691974,0.310782,0.228016,-0.150655,0.528141,-0.066317,-1.220405,-0.914687,1.230064,-0.529256,0.435677,0.172178,-0.697309,0.303078,0.220962,-0.000039,0.488364
34.481986,1.596555,0.102648,-1.283438,1.633541,1.141979,0.332271,0.533524,1.519827,-0.033976,0.261949,0.533352,0.691169,0.307805,0.228164,-0.150219,0.528318,-0.067023,-1.220100,-0.914465,1.230067,-0.528757,0.434343,0.174035,-0.698031,0.304919,0.222597,0.000875,0.491685
34.483054,1.596755,0.106459,-1.284591,1.636045,1.143696,0.331985,0.534071,1.455062,0.007157,0.215255,0.495621,0.689379,0.301732,0.228569,-0.149355,0.528670,-0.068424,-1.219489,-0.914029,1.230073,-0.527788,0.433519,0.174250,-0.700358,0.303886,0.220246,0.002813,0.487746
34.484068,1.593740,0.105013,-1.285990,1.635491,1.141567,0.332979,0.533604,1.455062,0.007157,0.215255,0.495621,0.689379,0.301732,0.228569,-0.149355,0.528670,-0.068424,-1.219489,-0.914029,1.230073,-0.527788,0.433519,0.174250,-0.700358,0.303886,0.220246,0.002813,0.487746
34.485062,1.593168,0.105552,-1.291567,1.632097,1.141174,0.334797,0.533605,1.429131,0.016500,0.195744,0.482157,0.688570,0.298996,0.228777,-0.148916,0.528844,-0.069129,-1.219183,-0.913803,1.230073,-0.527301,0.434912,0.175272,-0.700030,0.304232,0.222622,0.001736,0.488898
34.485994,1.587476,0.105026,-1.296545,1.629534,1.141739,0.333889,0.533647,1.356838,0.019947,0.143206,0.462214,0.686169,0.292719,0.229165,-0.148043,0.529195,-0.070512,-1.218564,-0.913350,1.230074,-0.526322,0.437353,0.175542,-0.694906,0.308830,0.222575,0.000702,0.488960
34.486955,1.579979,0.106953,-1.300705,1.631242,1.137688,0.335124,0.533900,1.292635,0.019071,0.098749,0.452111,0.683996,0.288261,0.229338,-0.147600,0.529370,-0.071195,-1.218260,-0.913116,1.230072,-0.525831,0.440668,0.174705,-0.693012,0.306525,0.226668,-0.000607,0.488518
34.488096,1.580777,0.107489,-1.302798,1.632972,1.140098,0.334044,0.533350,1.292635,0.019071,0.098749,0.452111,0.683996,0.288261,0.229338,-0.147600,0.529370,-0.071195,-1.218260,-0.913116,1.230072,-0.525831,0.440668,0.174705,-0.693012,0.306525,0.226668,-0.000607,0.488518
34.489002,1.585898,0.111770,-1.304070,1.632155,1.137687,0.332629,0.531346,1.204719,0.014167,0.038841,0.443459,0.680710,0.282851,0.229489,-0.147161,0.529546,-0.071889,-1.217956,-0.912893,1.230073,-0.525334,0.440749,0.174993,-0.693593,0.305513,0.224734,0.000410,0.490061
34.489986,1.581867,0.112493,-1.297273,1.631053,1.136483,0.334394,0.533359,1.105987,0.006108,-0.027904,0.436536,0.676895,0.277125,0.229625,-0.146725,0.529716,-0.072584,-1.217649,-0.912665,1.230075,-0.524837,0.437523,0.172909,-0.692495,0.305315,0.227116,0.001755,0.494024
34.491001,1.586657,0.111268,-1.305235,1.631212,1.139088,0.335468,0.533620,1.012129,0.000494,-0.090811,0.429005,0.673537,0.271744,0.229724,-0.146286,0.529890,-0.073280,-1.217346,-0.912431,1.230071,-0.524351,0.439312,0.172774,-0.696164,0.306044,0.228363,-0.000087,0.490059
34.491961,1.583645,0.114305,-1.309963,1.627549,1.136927,0.334739,0.535516,0.929805,-0.001987,-0.145319,0.420601,0.671040,0.267020,0.229760,-0.145851,0.530063,-0.073969,-1.217040,-0.912210,1.230067,-0.523856,0.436797,0.173678,-0.692682,0.305650,0.225978,-0.001206,0.489739
34.492997,1.580600,0.108727,-1.307027,1.627570,1.135636,0.336461,0.534510,0.856442,-0.002708,-0.193177,0.411608,0.669255,0.262800,0.229727,-0.145414,0.530236,-0.074648,-1.216723,-0.911976,1.230068,-0.523380,0.437960,0.172310,-0.690540,0.308462,0.228173,-0.000530,0.486039
34.494008,1.579540,0.108140,-1.313771,1.624379,1.136377,0.335255,0.534298,0.786125,-0.002524,-0.238354,0.401893,0.667859,0.258767,0.229639,-0.144968,0.530418,-0.075348,-1.216420,-0.911742,1.230062,-0.522890,0.439398,0.175371,-0.692678,0.308422,0.229642,-0.002311,0.488342
34.495123,1.582553,0.111408,-1.314641,1.624296,1.137798,0.335035,0.536407,0.715480,-0.006769,-0.283240,0.393737,0.666477,0.254780,0.229515,-0.144522,0.530595,-0.076036,-1.216098,-0.911515,1.230062,-0.522405,0.439686,0.175875,-0.689807,0.310972,0.229069,-0.001150,0.488949
34.496082,1.579843,0.115039,-1.314969,1.623249,1.139772,0.334983,0.536479,0.645357,-0.014727,-0.327192,0.386715,0.665121,0.250835,0.229353,-0.144087,0.530767,-0.076722,-1.215792,-0.911287,1.230063,-0.521927,0.438607,0.174765,-0.690896,0.311527,0.228066,-0.001020,0.485133
34.497011,1.575884,0.108876,-1.317639,1.622245,1.139876,0.335737,0.535663,0.579893,-0.018331,-0.367120,0.377309,0.664222,0.247105,0.229141,-0.143643,0.530937,-0.077415,-1.215478,-0.911065,1.230064,-0.521443,0.439521,0.173138,-0.690758,0.311749,0.226204,-0.001046,0.485123
34.497991,1.568816,0.110883,-1.323224,1.620532,1.140129,0.334719,0.535629,0.518201,-0.017871,-0.403665,0.366128,0.663686,0.243621,0.228901,-0.143207,0.531117,-0.078094,-1.215164,-0.910840,1.230061,-0.520953,0.440974,0.176271,-0.689346,0.311734,0.226117,-0.001850,0.486777
34.499016,1.564170,0.111097,-1.331103,1.619120,1.138169,0.336898,0.534698,0.451074,-0.020606,-0.443345,0.356689,0.662760,0.240012,0.228652,-0.142756,0.531294,-0.078782,-1.214850,-0.910612,1.230061,-0.520468,0.444087,0.175397,-0.686824,0.312783,0.225971,-0.000883,0.486963
34.499962,1.566035,0.109925,-1.326818,1.620950,1.135026,0.335717,0.535563,0.367967,-0.026938,-0.493321,0.349069,0.660852,0.235818,0.228385,-0.142303,0.531470,-0.079465,-1.214532,-0.910383,1.230053,-0.519982,0.446163,0.175578,-0.683613,0.313747,0.228151,-0.003118,0.489066
34.501091,1.567678,0.114928,-1.328789,1.620176,1.135745,0.334465,0.534696,0.270359,-0.036546,-0.552825,0.343746,0.657951,0.231223,0.228109,-0.141865,0.531647,-0.080150,-1.214224,-0.910147,1.230054,-0.519498,0.444743,0.176247,-0.685827,0.311115,0.231244,-0.001975,0.487363
34.502021,1.570757,0.111402,-1.324000,1.619270,1.136371,0.333924,0.534010,0.173340,-0.049463,-0.612083,0.341878,0.654735,0.227017,0.227857,-0.141424,0.531821,-0.080839,-1.213911,-0.909922,1.230056,-0.518999,0.444363,0.174264,-0.686391,0.312332,0.230991,-0.000814,0.489530
34.503061,1.569601,0.112547,-1.325003,1.617881,1.135934,0.333725,0.533720,0.031008,-0.073729,-0.696864,0.344373,0.650467,0.221718,0.227484,-0.140540,0.532173,-0.082220,-1.213287,-0.909460,1.230059,-0.518012,0.442792,0.175842,-0.688869,0.313464,0.230983,-0.000240,0.491688
34.504003,1.568327,0.113482,-1.322759,1.619068,1.134366,0.334772,0.532726,0.031008,-0.073729,-0.696864,0.344373,0.650467,0.221718,0.227484,-0.140540,0.532173,-0.082220,-1.213287,-0.909460,1.230059,-0.518012,0.442792,0.175842,-0.688869,0.313464,0.230983,-0.000240,0.491688
34.504955,1.558054,0.113542,-1.331220,1.616172,1.133886,0.333971,0.534134,-0.009301,-0.086059,-0.719403,0.349179,0.649697,0.220706,0.227329,-0.140091,0.532346,-0.082914,-1.212972,-0.909225,1.230056,-0.517520,0.442816,0.175499,-0.689872,0.311268,0.232498,-0.001350,0.493713
34.506083,1.563471,0.115484,-1.333526,1.618761,1.131722,0.334288,0.533120,-0.042166,-0.098515,-0.737536,0.356091,0.649061,0.220184,0.227170,-0.139638,0.532521,-0.083590,-1.212657,-0.908993,1.230060,-0.517028,0.447384,0.175590,-0.685776,0.313326,0.232956,-0.000616,0.490895
34.506998,1.560988,0.118287,-1.328322,1.613996,1.133295,0.333630,0.532410,-0.119412,-0.120470,-0.783148,0.372566,0.646182,0.218885,0.226890,-0.138743,0.532865,-0.084976,-1.212034,-0.908518,1.230057,-0.516030,0.445496,0.173848,-0.688444,0.314874,0.233748,-0.000402,0.494712
34.507974,1.562132,0.120731,-1.331836,1.615619,1.132733,0.332093,0.532741,-0.119412,-0.120470,-0.783148,0.372566,0.646182,0.218885,0.226890,-0.138743,0.532865,-0.084976,-1.212034,-0.908518,1.230057,-0.516030,0.445496,0.173848,-0.688444,0.314874,0.233748,-0.000402,0.494712
34.509091,1.567063,0.124756,-1.332304,1.617090,1.130591,0.332226,0.530936,-0.151004,-0.120693,-0.801879,0.377249,0.644903,0.218532,0.226781,-0.138306,0.533038,-0.085654,-1.211727,-0.908282,1.230060,-0.515535,0.444621,0.172818,-0.687023,0.312687,0.234343,0.001058,0.494117
34.510011,1.560345,0.126932,-1.334819,1.613955,1.127659,0.331927,0.530919,-0.171566,-0.111713,-0.813776,0.378727,0.644120,0.218632,0.226689,-0.137864,0.533205,-0.086343,-1.211415,-0.908042,1.230060,-0.515037,0.442503,0.171414,-0.688266,0.311562,0.236815,0.000831,0.498141
34.511082,1.565957,0.127400,-1.340770,1.611971,1.123651,0.331155,0.530997,-0.188359,-0.069583,-0.823424,0.373073,0.643655,0.219723,0.226596,-0.136982,0.533544,-0.087708,-1.210779,-0.907543,1.230063,-0.514032,0.442569,0.170677,-0.684970,0.315406,0.243627,0.001748,0.498175
34.512042,1.565332,0.125231,-1.341644,1.614396,1.119851,0.331628,0.530564,-0.188359,-0.069583,-0.823424,0.373073,0.643655,0.219723,0.226596,-0.136982,0.533544,-0.087708,-1.210779,-0.907543,1.230063,-0.514032,0.442569,0.170677,-0.684970,0.315406,0.243627,0.001748,0.498175
34.512971,1.566580,0.125534,-1.340973,1.610635,1.117432,0.331346,0.529591,-0.193165,-0.043012,-0.827233,0.367804,0.643495,0.220163,0.226565,-0.136538,0.533718,-0.088399,-1.210470,-0.907288,1.230062,-0.513535,0.442448,0.171920,-0.684616,0.312234,0.247204,0.001203,0.499089
34.514026,1.566824,0.124864,-1.334055,1.612016,1.116183,0.330170,0.528246,-0.193431,-0.023828,-0.829420,0.366309,0.643158,0.220694,0.226525,-0.136101,0.533891,-0.089078,-1.210146,-0.907034,1.230062,-0.513031,0.441271,0.171849,-0.684899,0.314797,0.249329,0.001428,0.500994
34.514972,1.571006,0.122560,-1.341977,1.610258,1.113779,0.330601,0.527400,-0.184750,-0.013325,-0.826922,0.369094,0.642923,0.221507,0.226469,-0.135655,0.534062,-0.089775,-1.209832,-0.906780,1.230068,-0.512529,0.441168,0.172603,-0.689224,0.313233,0.250589,0.002508,0.503922
34.515963,1.567638,0.121862,-1.340573,1.609792,1.111103,0.330026,0.527821,-0.163697,-0.012667,-0.817333,0.376556,0.642986,0.222716,0.226409,-0.135226,0.534236,-0.090458,-1.209519,-0.906523,1.230067,-0.512020,0.438700,0.173877,-0.685230,0.314117,0.252731,0.001995,0.505564
34.516993,1.565671,0.124541,-1.346469,1.609625,1.109899,0.332000,0.528041,-0.134668,-0.024085,-0.803556,0.389415,0.643031,0.224071,0.226366,-0.134780,0.534412,-0.091139,-1.209211,-0.906260,1.230069,-0.511509,0.440097,0.174418,-0.686440,0.314132,0.255190,0.002502,0.504754
34.517972,1.565359,0.123562,-1.346200,1.608355,1.106787,0.333430,0.529085,-0.106572,-0.044738,-0.791195,0.405865,0.642681,0.225174,0.226346,-0.134332,0.534583,-0.091826,-1.208895,-0.906000,1.230065,-0.510996,0.440927,0.173411,-0.684186,0.313945,0.256291,0.000452,0.504441
34.518965,1.570559,0.123461,-1.345738,1.608083,1.108171,0.333236,0.528079,-0.066162,-0.097793,-0.778004,0.441684,0.640467,0.226407,0.226338,-0.133460,0.534936,-0.093193,-1.208264,-0.905474,1.230064,-0.509991,0.437983,0.174335,-0.685356,0.314164,0.257527,-0.000895,0.504545
34.519987,1.572697,0.122901,-1.339577,1.609524,1.104337,0.331379,0.528329,-0.066162,-0.097793,-0.778004,0.441684,0.640467,0.226407,0.226338,-0.133460,0.534936,-0.093193,-1.208264,-0.905474,1.230064,-0.509991,0.437983,0.174335,-0.685356,0.314164,0.257527,-0.000895,0.504545
34.521026,1.580680,0.124804,-1.332777,1.609514,1.104542,0.330062,0.527908,-0.038388,-0.129199,-0.766798,0.461315,0.639314,0.227339,0.226391,-0.133023,0.535111,-0.093893,-1.207955,-0.905207,1.230068,-0.509494,0.436873,0.174904,-0.688960,0.312445,0.261223,0.000888,0.504192
34.522023,1.580370,0.124774,-1.335044,1.609920,1.104394,0.330878,0.529478,0.010079,-0.163672,-0.742123,0.482960,0.638905,0.229212,0.226550,-0.132601,0.535285,-0.094588,-1.207647,-0.904946,1.230068,-0.508986,0.433056,0.174267,-0.693077,0.312365,0.260896,0.002125,0.505211
34.523146,1.576507,0.120387,-1.335028,1.607417,1.105057,0.330594,0.530565,0.083798,-0.198466,-0.700715,0.505644,0.639611,0.232202,0.226814,-0.132167,0.535459,-0.095283,-1.207334,-0.904681,1.230066,-0.508492,0.433105,0.174529,-0.692251,0.311429,0.260823,0.001229,0.502169
34.524024,1.575345,0.114098,-1.337525,1.605558,1.104303,0.333329,0.531113,0.171032,-0.234231,-0.650148,0.528957,0.640922,0.235709,0.227140,-0.131734,0.535641,-0.095973,-1.207015,-0.904424,1.230068,-0.507997,0.435558,0.177191,-0.693773,0.314186,0.260314,0.001437,0.500400
34.524994,1.574781,0.112055,-1.336532,1.609313,1.100270,0.334910,0.530176,0.255221,-0.276745,-0.601385,0.554435,0.641942,0.238919,0.227487,-0.131301,0.535827,-0.096666,-1.206705,-0.904161,1.230061,-0.507499,0.435361,0.180154,-0.691830,0.314728,0.260573,-0.001352,0.499176
34.525971,1.576758,0.113333,-1.331844,1.608553,1.102221,0.335346,0.530986,0.328907,-0.333672,-0.559624,0.585758,0.642035,0.241646,0.227866,-0.130863,0.536009,-0.097365,-1.206400,-0.903891,1.230057,-0.506997,0.435319,0.181237,-0.692405,0.310411,0.264300,-0.002965,0.501127
34.526963,1.580252,0.110897,-1.331838,1.608701,1.105501,0.334486,0.533453,0.461628,-0.484351,-0.485531,0.666428,0.640339,0.247217,0.228718,-0.130008,0.536376,-0.098758,-1.205785,-0.903381,1.230055,-0.506009,0.432285,0.181998,-0.695190,0.310093,0.258691,-0.002638,0.494718
34.528128,1.587818,0.109508,-1.320739,1.612228,1.104665,0.334384,0.531133,0.461628,-0.484351,-0.485531,0.666428,0.640339,0.247217,0.228718,-0.130008,0.536376,-0.098758,-1.205785,-0.903381,1.230055,-0.506009,0.432285,0.181998,-0.695190,0.310093,0.258691,-0.002638,0.494718
34.529025,1.591099,0.107932,-1.324071,1.611418,1.102439,0.332996,0.530825,0.539948,-0.565986,-0.439783,0.710538,0.640095,0.250924,0.229153,-0.129587,0.536561,-0.099466,-1.205483,-0.903116,1.230052,-0.505505,0.429344,0.183187,-0.702461,0.307472,0.259750,-0.002611,0.499905
34.529991,1.596687,0.113753,-1.324453,1.615080,1.102848,0.332390,0.530579,0.638406,-0.650801,-0.380193,0.757182,0.640942,0.255799,0.229627,-0.129160,0.536748,-0.100165,-1.205180,-0.902851,1.230054,-0.505001,0.427138,0.183824,-0.700126,0.307309,0.261511,-0.001282,0.500358
34.531094,1.596109,0.115186,-1.324697,1.618796,1.102389,0.331870,0.530984,0.753547,-0.734156,-0.308924,0.804165,0.642774,0.261670,0.230118,-0.128737,0.536924,-0.100868,-1.204885,-0.902592,1.230054,-0.504506,0.424164,0.181018,-0.699928,0.303303,0.260833,-0.000751,0.500913
34.532052,1.601216,0.111958,-1.312329,1.618007,1.103590,0.331200,0.532931,0.876605,-0.809862,-0.231550,0.848625,0.645257,0.268183,0.230572,-0.128315,0.537107,-0.101570,-1.204591,-0.902330,1.230055,-0.504002,0.425023,0.180706,-0.701008,0.300270,0.261375,-0.000313,0.500412
34.533068,1.604929,0.113413,-1.312611,1.620104,1.106234,0.330778,0.532059,1.005091,-0.877446,-0.149665,0.890275,0.648321,0.275228,0.230964,-0.127894,0.537294,-0.102289,-1.204294,-0.902079,1.230057,-0.503511,0.422232,0.182331,-0.706948,0.300688,0.259969,0.000277,0.496542
34.534069,1.610171,0.110370,-1.312399,1.619377,1.106089,0.330838,0.532030,1.142937,-0.938427,-0.060628,0.929443,0.652248,0.282847,0.231300,-0.127480,0.537474,-0.103001,-1.203999,-0.901827,1.230057,-0.503014,0.420577,0.181786,-0.707056,0.298594,0.257262,0.000626,0.498505
34.534964,1.600750,0.109749,-1.306181,1.619367,1.106365,0.331562,0.531172,1.434737,-1.043445,0.130914,0.999558,0.662298,0.298759,0.231904,-0.126628,0.537843,-0.104419,-1.203407,-0.901316,1.230057,-0.502008,0.422118,0.183622,-0.709798,0.298442,0.256653,-0.000303,0.500266
34.536102,1.598594,0.109830,-1.310315,1.620423,1.106796,0.331484,0.531710,1.434737,-1.043445,0.130914,0.999558,0.662298,0.298759,0.231904,-0.126628,0.537843,-0.104419,-1.203407,-0.901316,1.230057,-0.502008,0.422118,0.183622,-0.709798,0.298442,0.256653,-0.000303,0.500266
34.537022,1.593359,0.111221,-1.312839,1.621685,1.106039,0.331698,0.531791,1.563158,-1.089197,0.216506,1.029773,0.667172,0.305817,0.232171,-0.126202,0.538029,-0.105121,-1.203106,-0.901059,1.230056,-0.501514,0.423827,0.184003,-0.709179,0.298135,0.256417,-0.000291,0.499597
34.537995,1.591189,0.110202,-1.316733,1.622426,1.105738,0.331707,0.531325,1.661212,-1.129979,0.282946,1.055864,0.670976,0.311473,0.232393,-0.125768,0.538212,-0.105826,-1.202816,-0.900803,1.230056,-0.501014,0.425912,0.183248,-0.707471,0.296349,0.256859,-0.000572,0.499386
34.539021,1.592904,0.111574,-1.312038,1.621798,1.106504,0.331346,0.531420,1.722554,-1.166233,0.325767,1.078088,0.673235,0.315503,0.232566,-0.125335,0.538395,-0.106539,-1.202522,-0.900547,1.230053,-0.500516,0.426716,0.183844,-0.705438,0.295375,0.256962,-0.000629,0.500398
34.539956,1.593415,0.112187,-1.311153,1.621179,1.105867,0.330900,0.530887,1.751915,-1.197476,0.347839,1.096543,0.674095,0.318149,0.232675,-0.124914,0.538577,-0.107249,-1.202229,-0.900292,1.230053,-0.500013,0.426002,0.183359,-0.708250,0.296175,0.256131,-0.000331,0.500355
34.541066,1.596983,0.115583,-1.314633,1.622298,1.106600,0.329155,0.530051,1.762793,-1.220034,0.358072,1.109964,0.674329,0.319977,0.232714,-0.124485,0.538757,-0.107962,-1.201929,-0.900037,1.230051,-0.499512,0.425344,0.183070,-0.708249,0.296157,0.256501,0.000060,0.501408
34.542065,1.594362,0.112834,-1.314442,1.622593,1.105384,0.328588,0.530396,1.764881,-1.230630,0.362819,1.117313,0.674478,0.321380,0.232729,-0.124067,0.538937,-0.108662,-1.201630,-0.899784,1.230057,-0.499001,0.424157,0.181798,-0.707773,0.295611,0.255926,0.001705,0.503392
34.543035,1.585610,0.111024,-1.316888,1.623683,1.106118,0.328177,0.531168,1.742683,-1.228603,0.354231,1.120875,0.673715,0.322811,0.232843,-0.123195,0.539311,-0.110079,-1.201046,-0.899275,1.230063,-0.498001,0.429417,0.184206,-0.706782,0.294020,0.256102,0.002498,0.501289
34.544043,1.587168,0.114277,-1.315741,1.622308,1.108695,0.327605,0.531184,1.742683,-1.228603,0.354231,1.120875,0.673715,0.322811,0.232843,-0.123195,0.539311,-0.110079,-1.201046,-0.899275,1.230063,-0.498001,0.429417,0.184206,-0.706782,0.294020,0.256102,0.002498,0.501289
34.544966,1.587036,0.116168,-1.317061,1.622313,1.110030,0.329219,0.529781,1.705967,-1.226638,0.331968,1.121887,0.671648,0.322267,0.232962,-0.122770,0.539491,-0.110781,-1.200746,-0.899025,1.230067,-0.497495,0.428610,0.182746,-0.707734,0.295272,0.253465,0.002973,0.501379
34.545963,1.586573,0.115620,-1.326842,1.622706,1.114330,0.329495,0.530357,1.655890,-1.218603,0.300486,1.119828,0.668792,0.320981,0.233137,-0.122339,0.539670,-0.111490,-1.200456,-0.898778,1.230065,-0.496981,0.428190,0.181808,-0.706589,0.294763,0.251908,0.001284,0.504108
34.547049,1.580508,0.120149,-1.330398,1.625278,1.115280,0.330629,0.530409,1.522970,-1.181126,0.214780,1.105371,0.661028,0.316538,0.233608,-0.121475,0.540027,-0.112885,-1.199873,-0.898290,1.230061,-0.495980,0.431683,0.180382,-0.701320,0.292387,0.246857,-0.000241,0.503229
34.548070,1.572515,0.123758,-1.331017,1.624395,1.115718,0.332009,0.529750,1.522970,-1.181126,0.214780,1.105371,0.661028,0.316538,0.233608,-0.121475,0.540027,-0.112885,-1.199873,-0.898290,1.230061,-0.495980,0.431683,0.180382,-0.701320,0.292387,0.246857,-0.000241,0.503229
34.549108,1.573699,0.127110,-1.335205,1.624711,1.115356,0.330309,0.529748,1.428625,-1.153381,0.153052,1.093466,0.655489,0.313028,0.233855,-0.121031,0.540200,-0.113591,-1.199572,-0.898046,1.230059,-0.495477,0.435539,0.178883,-0.701444,0.293249,0.246464,-0.001680,0.504708
34.550058,1.566638,0.129862,-1.337496,1.624914,1.116364,0.330170,0.530130,1.314328,-1.114797,0.078346,1.075719,0.649062,0.308661,0.234097,-0.120601,0.540377,-0.114278,-1.199282,-0.897800,1.230064,-0.494966,0.435004,0.177503,-0.700133,0.293227,0.246892,-0.000055,0.504854
34.551157,1.569870,0.129522,-1.336031,1.625919,1.118653,0.328490,0.530034,1.048402,-1.006218,-0.094852,1.022595,0.635097,0.298182,0.234524,-0.119721,0.540730,-0.115681,-1.198701,-0.897315,1.230065,-0.493945,0.436739,0.176872,-0.700770,0.292432,0.243701,0.001619,0.504534
34.552002,1.568344,0.128914,-1.340096,1.623262,1.118741,0.327458,0.529845,1.048402,-1.006218,-0.094852,1.022595,0.635097,0.298182,0.234524,-0.119721,0.540730,-0.115681,-1.198701,-0.897315,1.230065,-0.493945,0.436739,0.176872,-0.700770,0.292432,0.243701,0.001619,0.504534
34.553024,1.570926,0.131361,-1.345976,1.624477,1.115841,0.328011,0.528752,0.913535,-0.945762,-0.182682,0.991805,0.628404,0.292702,0.234683,-0.119288,0.540905,-0.116368,-1.198407,-0.897072,1.230069,-0.493446,0.436609,0.177032,-0.697791,0.293981,0.243250,0.002559,0.504700
34.554032,1.564068,0.131283,-1.351208,1.623303,1.117570,0.327745,0.528609,0.785201,-0.886315,-0.266440,0.960514,0.622308,0.287282,0.234799,-0.118852,0.541078,-0.117063,-1.198114,-0.896823,1.230071,-0.492942,0.435260,0.176107,-0.695432,0.292870,0.246183,0.001910,0.507054
34.555102,1.557220,0.131282,-1.357008,1.623682,1.118340,0.327074,0.529476,0.528689,-0.776525,-0.434180,0.898057,0.610968,0.275648,0.234955,-0.117958,0.541432,-0.118431,-1.197524,-0.896340,1.230077,-0.491918,0.441968,0.176763,-0.691597,0.294072,0.243873,0.002674,0.505867
34.556029,1.557971,0.129732,-1.354145,1.623592,1.119551,0.328381,0.529931,0.389210,-0.731266,-0.525348,0.868327,0.605154,0.268886,0.235006,-0.117512,0.541609,-0.119129,-1.197232,-0.896106,1.230075,-0.491418,0.440895,0.177582,-0.692755,0.293642,0.242566,0.001296,0.504923
34.557088,1.554380,0.132420,-1.360541,1.623033,1.120505,0.328820,0.528261,0.249668,-0.693759,-0.616402,0.840657,0.599611,0.261878,0.235059,-0.117068,0.541783,-0.119808,-1.196932,-0.895864,1.230074,-0.490898,0.442772,0.176603,-0.690606,0.294443,0.241778,0.000795,0.508472
34.558082,1.554226,0.133681,-1.361959,1.624288,1.121309,0.330326,0.529790,0.249668,-0.693759,-0.616402,0.840657,0.599611,0.261878,0.235059,-0.117068,0.541783,-0.119808,-1.196932,-0.895864,1.230074,-0.490898,0.442772,0.176603,-0.690606,0.294443,0.241778,0.000795,0.508472
34.559033,1.554978,0.137954,-1.365836,1.624030,1.120578,0.332169,0.529010,-0.012692,-0.628886,-0.786018,0.787497,0.590438,0.248219,0.235137,-0.116186,0.542129,-0.121192,-1.196347,-0.895381,1.230064,-0.489890,0.441720,0.174205,-0.688293,0.293034,0.241608,-0.002640,0.507034
34.560004,1.549677,0.132471,-1.365299,1.621498,1.119272,0.332507,0.529625,-0.012692,-0.628886,-0.786018,0.787497,0.590438,0.248219,0.235137,-0.116186,0.542129,-0.121192,-1.196347,-0.895381,1.230064,-0.489890,0.441720,0.174205,-0.688293,0.293034,0.241608,-0.002640,0.507034
34.561115,1.546815,0.134082,-1.369468,1.622507,1.117708,0.332057,0.531825,-0.129325,-0.597516,-0.860279,0.761226,0.587152,0.242023,0.235152,-0.115736,0.542312,-0.121873,-1.196048,-0.895135,1.230060,-0.489381,0.443730,0.176979,-0.688536,0.295033,0.242714,-0.003005,0.505598
34.562153,1.540926,0.130325,-1.370811,1.621337,1.116311,0.332028,0.531503,-0.238787,-0.571081,-0.929377,0.737091,0.584450,0.236149,0.235160,-0.115288,0.542487,-0.122559,-1.195755,-0.894891,1.230062,-0.488891,0.444826,0.176357,-0.686875,0.294256,0.244228,-0.002621,0.500960
34.563023,1.542288,0.132192,-1.364309,1.618196,1.114276,0.330894,0.530600,-0.448691,-0.544547,-1.061073,0.700918,0.579494,0.224939,0.235108,-0.114393,0.542844,-0.123929,-1.195156,-0.894390,1.230059,-0.487882,0.444988,0.176997,-0.687939,0.296697,0.246734,-0.001544,0.502445
34.564083,1.547334,0.128515,-1.368701,1.618164,1.112767,0.329566,0.531411,-0.448691,-0.544547,-1.061073,0.700918,0.579494,0.224939,0.235108,-0.114393,0.542844,-0.123929,-1.195156,-0.894390,1.230059,-0.487882,0.444988,0.176997,-0.687939,0.296697,0.246734,-0.001544,0.502445
34.565054,1.541695,0.133403,-1.361655,1.617034,1.112605,0.329898,0.533026,-0.535691,-0.539971,-1.114874,0.687629,0.577892,0.220183,0.235048,-0.113960,0.543027,-0.124617,-1.194859,-0.894137,1.230057,-0.487392,0.442080,0.178889,-0.685721,0.296506,0.247987,-0.000261,0.500506
34.566051,1.541874,0.132619,-1.359958,1.613849,1.111496,0.329711,0.534649,-0.600368,-0.537714,-1.153920,0.676743,0.577325,0.216461,0.234963,-0.113509,0.543199,-0.125304,-1.194563,-0.893887,1.230057,-0.486901,0.443945,0.176362,-0.688620,0.296895,0.247706,-0.000664,0.496826
34.567123,1.540692,0.134228,-1.364703,1.611307,1.107659,0.329013,0.532504,-0.670765,-0.517312,-1.191640,0.650881,0.579411,0.211750,0.234818,-0.112621,0.543550,-0.126674,-1.193951,-0.893378,1.230060,-0.485915,0.443173,0.176082,-0.686760,0.301478,0.252037,0.000096,0.497271
34.568098,1.541937,0.139720,-1.359469,1.610688,1.106314,0.327329,0.532812,-0.670765,-0.517312,-1.191640,0.650881,0.579411,0.211750,0.234818,-0.112621,0.543550,-0.126674,-1.193951,-0.893378,1.230060,-0.485915,0.443173,0.176082,-0.686760,0.301478,0.252037,0.000096,0.497271
34.568991,1.539364,0.141037,-1.356235,1.609341,1.103712,0.327899,0.534103,-0.684491,-0.491564,-1.195283,0.631475,0.581767,0.210249,0.234815,-0.112182,0.543719,-0.127369,-1.193652,-0.893124,1.230061,-0.485417,0.441697,0.173325,-0.688692,0.301285,0.252900,0.001728,0.496152
34.570071,1.540586,0.145386,-1.349178,1.610198,1.106374,0.327666,0.534077,-0.684083,-0.451921,-1.188911,0.606447,0.584958,0.209334,0.234821,-0.111738,0.543890,-0.128066,-1.193348,-0.892870,1.230057,-0.484937,0.441732,0.172505,-0.688888,0.301163,0.254886,0.001106,0.493038
34.571012,1.548619,0.142389,-1.349390,1.610191,1.106190,0.327783,0.536654,-0.667021,-0.399855,-1.171055,0.577088,0.589031,0.209236,0.234829,-0.111305,0.544059,-0.128759,-1.193053,-0.892619,1.230057,-0.484445,0.440823,0.170550,-0.692572,0.300291,0.251982,0.001286,0.492858
34.571988,1.547342,0.146296,-1.347955,1.610018,1.107922,0.326713,0.536437,-0.627793,-0.341315,-1.138594,0.546759,0.594110,0.210279,0.234873,-0.110879,0.544234,-0.129452,-1.192756,-0.892370,1.230060,-0.483973,0.435925,0.171950,-0.691438,0.299330,0.251717,0.001094,0.487245
34.573022,1.548423,0.148068,-1.345067,1.608001,1.104313,0.327574,0.535585,-0.563982,-0.283511,-1.090590,0.519072,0.600149,0.212563,0.234959,-0.110450,0.544401,-0.130138,-1.192456,-0.892119,1.230061,-0.483486,0.435900,0.169999,-0.691556,0.298686,0.249543,0.002110,0.487329
34.574058,1.542286,0.147421,-1.343430,1.606717,1.104137,0.326225,0.538013,-0.482189,-0.226377,-1.031446,0.493377,0.606935,0.215725,0.235065,-0.110017,0.544571,-0.130837,-1.192155,-0.891863,1.230061,-0.482993,0.434851,0.169246,-0.692691,0.300274,0.252858,0.001175,0.488707
34.575024,1.547251,0.147190,-1.342257,1.608089,1.106114,0.325573,0.537428,-0.303212,-0.112858,-0.904814,0.443177,0.621284,0.222590,0.235262,-0.109151,0.544911,-0.132222,-1.191554,-0.891365,1.230067,-0.482035,0.434126,0.169790,-0.693081,0.298816,0.250312,0.003040,0.484346
34.576091,1.545142,0.153241,-1.340570,1.610132,1.103955,0.326864,0.538502,-0.213517,-0.064046,-0.842738,0.421879,0.628194,0.225974,0.235348,-0.108716,0.545073,-0.132922,-1.191263,-0.891116,1.230066,-0.481551,0.434841,0.167019,-0.693865,0.296774,0.252303,0.001671,0.481915
34.577088,1.550919,0.152483,-1.333155,1.610427,1.104612,0.327251,0.537995,-0.213517,-0.064046,-0.842738,0.421879,0.628194,0.225974,0.235348,-0.108716,0.545073,-0.132922,-1.191263,-0.891116,1.230066,-0.481551,0.434841,0.167019,-0.693865,0.296774,0.252303,0.001671,0.481915
34.577982,1.551531,0.152635,-1.333293,1.608330,1.103754,0.326054,0.535881,-0.119461,-0.019634,-0.778748,0.403462,0.635055,0.229662,0.235399,-0.108293,0.545243,-0.133629,-1.190967,-0.890867,1.230064,-0.481074,0.431371,0.167482,-0.696895,0.295905,0.251268,0.001250,0.482621
34.579061,1.553685,0.153878,-1.332945,1.606365,1.100297,0.327906,0.534923,-0.016477,0.020714,-0.709916,0.387824,0.642104,0.233821,0.235395,-0.107865,0.545409,-0.134320,-1.190673,-0.890615,1.230069,-0.480580,0.430011,0.167276,-0.695468,0.296804,0.251530,0.002378,0.486318
34.580093,1.551407,0.151059,-1.329818,1.607750,1.099904,0.327135,0.534148,0.093107,0.057766,-0.637811,0.373901,0.649302,0.238196,0.235364,-0.107434,0.545570,-0.135020,-1.190369,-0.890352,1.230065,-0.480094,0.428669,0.166973,-0.695674,0.298538,0.254694,0.000458,0.487972
34.580973,1.551642,0.155895,-1.326522,1.605593,1.098771,0.326656,0.535011,0.202566,0.090421,-0.566902,0.361666,0.656295,0.242438,0.235336,-0.107006,0.545743,-0.135716,-1.190071,-0.890097,1.230068,-0.479596,0.429387,0.168488,-0.696951,0.296721,0.254717,0.001183,0.489156
34.582088,1.553375,0.156486,-1.322305,1.603944,1.098219,0.326739,0.533970,0.307668,0.117069,-0.499968,0.351870,0.662779,0.246380,0.235318,-0.106578,0.545903,-0.136415,-1.189775,-0.889839,1.230070,-0.479107,0.428101,0.165941,-0.697065,0.297552,0.255160,0.001595,0.486825
34.583036,1.559725,0.160408,-1.318427,1.601257,1.098679,0.327656,0.532121,0.511393,0.177402,-0.371773,0.327585,0.675393,0.253323,0.235288,-0.105734,0.546226,-0.137820,-1.189172,-0.889331,1.230072,-0.478117,0.423289,0.164128,-0.700360,0.300932,0.254577,0.000448,0.491962
34.584040,1.561753,0.160027,-1.313106,1.599665,1.098416,0.328275,0.532443,0.622737,0.220531,-0.301440,0.309083,0.682560,0.256765,0.235306,-0.105312,0.546390,-0.138530,-1.188860,-0.889080,1.230070,-0.477634,0.421792,0.164472,-0.702351,0.301599,0.254491,-0.000213,0.490929
34.585042,1.561390,0.164642,-1.314023,1.599733,1.095523,0.329401,0.531843,0.622737,0.220531,-0.301440,0.309083,0.682560,0.256765,0.235306,-0.105312,0.546390,-0.138530,-1.188860,-0.889080,1.230070,-0.477634,0.421792,0.164472,-0.702351,0.301599,0.254491,-0.000213,0.490929
34.586039,1.556854,0.162171,-1.315953,1.600541,1.095506,0.328359,0.532447,0.740850,0.270787,-0.226602,0.287554,0.690297,0.260309,0.235352,-0.104894,0.546548,-0.139226,-1.188560,-0.888819,1.230067,-0.477139,0.421517,0.162335,-0.701325,0.300855,0.256944,-0.001379,0.491747
34.587009,1.553884,0.162673,-1.314018,1.599347,1.090765,0.329468,0.531946,0.946733,0.363968,-0.097586,0.248811,0.703787,0.266117,0.235457,-0.104037,0.546875,-0.140629,-1.187965,-0.888294,1.230059,-0.476164,0.423937,0.163524,-0.699850,0.299854,0.260687,-0.001515,0.490744
34.588043,1.552948,0.165971,-1.314281,1.599621,1.085364,0.330885,0.530763,0.946733,0.363968,-0.097586,0.248811,0.703787,0.266117,0.235457,-0.104037,0.546875,-0.140629,-1.187965,-0.888294,1.230059,-0.476164,0.423937,0.163524,-0.699850,0.299854,0.260687,-0.001515,0.490744
34.589066,1.555609,0.163652,-1.305855,1.599053,1.085528,0.329298,0.531938,1.017434,0.395670,-0.054861,0.236705,0.708232,0.267877,0.235485,-0.103615,0.547034,-0.141321,-1.187663,-0.888019,1.230053,-0.475667,0.424038,0.162116,-0.699484,0.299072,0.265556,-0.002955,0.492769
34.590077,1.558641,0.160865,-1.305779,1.596678,1.081776,0.329157,0.532463,1.072161,0.418420,-0.022874,0.229498,0.711431,0.269249,0.235490,-0.103195,0.547198,-0.142033,-1.187365,-0.887758,1.230054,-0.475179,0.422290,0.163481,-0.703179,0.299202,0.264914,-0.001405,0.490036
34.591110,1.561643,0.161779,-1.300092,1.596312,1.077426,0.328259,0.532428,1.177084,0.430604,0.036823,0.233895,0.716357,0.272539,0.235496,-0.102366,0.547529,-0.143438,-1.186763,-0.887200,1.230054,-0.474205,0.418623,0.164695,-0.705132,0.300866,0.271864,-0.000488,0.488411
34.592015,1.558918,0.158026,-1.297094,1.594611,1.074645,0.326704,0.531279,1.235821,0.420170,0.070102,0.245412,0.718576,0.274713,0.235557,-0.101943,0.547699,-0.144152,-1.186456,-0.886921,1.230059,-0.473718,0.419036,0.166442,-0.705098,0.301108,0.273772,0.000992,0.490212
34.592957,1.553706,0.157619,-1.291381,1.591643,1.070969,0.327856,0.530380,1.235821,0.420170,0.070102,0.245412,0.718576,0.274713,0.235557,-0.101943,0.547699,-0.144152,-1.186456,-0.886921,1.230059,-0.473718,0.419036,0.166442,-0.705098,0.301108,0.273772,0.000992,0.490212
34.593944,1.551973,0.156536,-1.288744,1.590434,1.070469,0.328932,0.527975,1.292794,0.399516,0.101961,0.262080,0.720343,0.276921,0.235664,-0.101521,0.547866,-0.144858,-1.186152,-0.886638,1.230058,-0.473222,0.420879,0.166590,-0.706856,0.302964,0.276649,-0.000235,0.491509
34.595079,1.552492,0.157995,-1.285787,1.589385,1.070401,0.328346,0.529261,1.380445,0.342100,0.149599,0.300815,0.721959,0.280382,0.236063,-0.100685,0.548200,-0.146285,-1.185548,-0.886088,1.230059,-0.472221,0.421080,0.166830,-0.709094,0.304596,0.276226,-0.000840,0.493050
34.595974,1.554758,0.156695,-1.278128,1.587656,1.069263,0.328563,0.529573,1.380445,0.342100,0.149599,0.300815,0.721959,0.280382,0.236063,-0.100685,0.548200,-0.146285,-1.185548,-0.886088,1.230059,-0.472221,0.421080,0.166830,-0.709094,0.304596,0.276226,-0.000840,0.493050
34.597029,1.550171,0.162173,-1.281457,1.588389,1.066092,0.328091,0.527941,1.416916,0.313602,0.169923,0.318636,0.722326,0.281820,0.236375,-0.100270,0.548370,-0.146994,-1.185245,-0.885811,1.230058,-0.471730,0.419009,0.167319,-0.711402,0.304910,0.276517,-0.001105,0.491892
34.597959,1.544419,0.162090,-1.277865,1.586018,1.067150,0.329186,0.527050,1.453050,0.289676,0.191105,0.333551,0.722709,0.283245,0.236757,-0.099844,0.548530,-0.147701,-1.184946,-0.885532,1.230060,-0.471238,0.421026,0.164830,-0.709439,0.303881,0.279179,-0.000702,0.494896
34.599114,1.538261,0.159713,-1.285268,1.585859,1.066375,0.329407,0.527517,1.486175,0.263285,0.211561,0.349142,0.721890,0.284562,0.237600,-0.098994,0.548866,-0.149109,-1.184328,-0.884974,1.230054,-0.470239,0.426261,0.166435,-0.706900,0.305239,0.277762,-0.002109,0.494999
34.600018,1.540810,0.155559,-1.287727,1.584364,1.066464,0.328485,0.527624,1.486175,0.263285,0.211561,0.349142,0.721890,0.284562,0.237600,-0.098994,0.548866,-0.149109,-1.184328,-0.884974,1.230054,-0.470239,0.426261,0.166435,-0.706900,0.305239,0.277762,-0.002109,0.494999
34.601038,1.541179,0.153809,-1.286462,1.582221,1.068238,0.326767,0.529278,1.465987,0.249581,0.198736,0.353894,0.719592,0.283721,0.237990,-0.098571,0.549037,-0.149816,-1.184023,-0.884701,1.230055,-0.469749,0.423966,0.168354,-0.704254,0.305325,0.276868,-0.001230,0.494256
34.601971,1.543823,0.150103,-1.279615,1.581566,1.069877,0.325345,0.528033,1.426832,0.226955,0.173173,0.360901,0.716093,0.282054,0.238344,-0.098155,0.549209,-0.150516,-1.183717,-0.884431,1.230059,-0.469262,0.423444,0.169284,-0.704468,0.306798,0.274557,0.000414,0.490581
34.603207,1.542496,0.148430,-1.280478,1.583186,1.071198,0.324911,0.528949,1.383458,0.195805,0.144228,0.370833,0.712255,0.280130,0.238653,-0.097738,0.549384,-0.151230,-1.183407,-0.884165,1.230063,-0.468774,0.421340,0.170995,-0.706622,0.306100,0.272262,0.001756,0.492649
34.603981,1.541521,0.142945,-1.275007,1.581000,1.073195,0.326166,0.528122,1.345880,0.155639,0.118285,0.384887,0.708658,0.278394,0.238914,-0.097322,0.549557,-0.151933,-1.183105,-0.883897,1.230066,-0.468284,0.422664,0.172326,-0.707392,0.305327,0.270917,0.002091,0.490772
34.605027,1.536977,0.139376,-1.278068,1.578634,1.073335,0.326187,0.528478,1.315354,0.104605,0.096076,0.404491,0.705338,0.276947,0.239142,-0.096900,0.549739,-0.152643,-1.182802,-0.883636,1.230067,-0.467786,0.421582,0.174515,-0.707640,0.305312,0.267950,0.000769,0.491683
34.605970,1.532948,0.137865,-1.278794,1.576637,1.070953,0.326696,0.529714,1.287126,0.042649,0.074609,0.429474,0.702068,0.275552,0.239371,-0.096472,0.549918,-0.153347,-1.182492,-0.883371,1.230071,-0.467304,0.423504,0.176337,-0.705800,0.307095,0.267422,0.000677,0.490671
34.606967,1.532435,0.138387,-1.286441,1.578915,1.073108,0.329494,0.527968,1.202608,-0.099824,0.012376,0.486919,0.694164,0.271183,0.239869,-0.095629,0.550274,-0.154739,-1.181880,-0.882842,1.230061,-0.466321,0.424452,0.176595,-0.700034,0.304757,0.266494,-0.002711,0.490868
34.608028,1.531598,0.142505,-1.287911,1.578630,1.074385,0.330645,0.528787,1.138952,-0.170779,-0.032586,0.515875,0.689127,0.268149,0.240147,-0.095207,0.550444,-0.155445,-1.181574,-0.882582,1.230055,-0.465839,0.424632,0.174690,-0.699138,0.304666,0.264898,-0.003872,0.488926
34.609024,1.533368,0.143729,-1.285294,1.576385,1.075721,0.332276,0.527972,1.138952,-0.170779,-0.032586,0.515875,0.689127,0.268149,0.240147,-0.095207,0.550444,-0.155445,-1.181574,-0.882582,1.230055,-0.465839,0.424632,0.174690,-0.699138,0.304666,0.264898,-0.003872,0.488926
34.610019,1.533003,0.141490,-1.282719,1.575458,1.075586,0.332173,0.528170,1.068245,-0.230150,-0.081356,0.540594,0.683992,0.265036,0.240432,-0.094786,0.550618,-0.156141,-1.181267,-0.882323,1.230047,-0.465342,0.423207,0.174082,-0.699882,0.306088,0.263110,-0.005515,0.490172
34.611029,1.532570,0.144563,-1.284869,1.572469,1.076616,0.330910,0.531415,0.940863,-0.301002,-0.166486,0.572079,0.675721,0.260195,0.240956,-0.093942,0.550969,-0.157534,-1.180645,-0.881804,1.230042,-0.464386,0.422600,0.173642,-0.699006,0.308193,0.261322,-0.004207,0.482544
34.611971,1.528723,0.146963,-1.280107,1.576747,1.078835,0.330855,0.530321,0.940863,-0.301002,-0.166486,0.572079,0.675721,0.260195,0.240956,-0.093942,0.550969,-0.157534,-1.180645,-0.881804,1.230042,-0.464386,0.422600,0.173642,-0.699006,0.308193,0.261322,-0.004207,0.482544
34.613012,1.526895,0.143991,-1.284922,1.573824,1.081154,0.329537,0.529026,0.886506,-0.313659,-0.201330,0.579387,0.672550,0.258651,0.241119,-0.093513,0.551141,-0.158235,-1.180352,-0.881549,1.230037,-0.463895,0.423662,0.172351,-0.700355,0.302986,0.258557,-0.004189,0.484342
34.614012,1.530520,0.143496,-1.287455,1.576185,1.082307,0.327945,0.530590,0.781932,-0.317070,-0.266449,0.588829,0.666156,0.257139,0.241325,-0.092660,0.551491,-0.159623,-1.179752,-0.881051,1.230044,-0.462935,0.421774,0.174163,-0.695913,0.302501,0.254481,-0.001420,0.483133
34.614942,1.527134,0.142155,-1.287922,1.573653,1.082768,0.326971,0.530474,0.729917,-0.320769,-0.298867,0.596586,0.662366,0.256939,0.241437,-0.092238,0.551668,-0.160320,-1.179441,-0.880802,1.230046,-0.462446,0.422662,0.174657,-0.694588,0.303717,0.253538,-0.000520,0.482910
34.616049,1.529034,0.143392,-1.289588,1.575739,1.082857,0.325978,0.531670,0.678631,-0.327640,-0.330970,0.606904,0.658195,0.257002,0.241594,-0.091820,0.551842,-0.161006,-1.179144,-0.880549,1.230048,-0.461974,0.421703,0.174249,-0.694167,0.301689,0.253288,0.000399,0.480355
34.616971,1.519126,0.141020,-1.292093,1.571936,1.084262,0.325381,0.530125,0.623710,-0.336339,-0.365430,0.618268,0.653584,0.257010,0.241802,-0.091385,0.552020,-0.161695,-1.178840,-0.880300,1.230054,-0.461487,0.425668,0.175244,-0.691813,0.304272,0.251350,0.000906,0.483003
34.617926,1.517886,0.142634,-1.290819,1.576540,1.084176,0.325573,0.527381,0.623710,-0.336339,-0.365430,0.618268,0.653584,0.257010,0.241802,-0.091385,0.552020,-0.161695,-1.178840,-0.880300,1.230054,-0.461487,0.425668,0.175244,-0.691813,0.304272,0.251350,0.000906,0.483003
34.618982,1.513470,0.142433,-1.294899,1.578991,1.087535,0.325161,0.528249,0.483532,-0.364567,-0.454323,0.644652,0.642135,0.255959,0.242373,-0.090525,0.552366,-0.163069,-1.178258,-0.879813,1.230053,-0.460510,0.427300,0.174573,-0.689622,0.296369,0.247499,0.001010,0.485978
34.620010,1.512968,0.145857,-1.295687,1.577586,1.090604,0.324785,0.528413,0.483532,-0.364567,-0.454323,0.644652,0.642135,0.255959,0.242373,-0.090525,0.552366,-0.163069,-1.178258,-0.879813,1.230053,-0.460510,0.427300,0.174573,-0.689622,0.296369,0.247499,0.001010,0.485978
34.620963,1.511506,0.150365,-1.299436,1.580015,1.093401,0.326398,0.528585,0.401244,-0.386056,-0.507110,0.661041,0.635409,0.255137,0.242679,-0.090095,0.552535,-0.163764,-1.177957,-0.879578,1.230056,-0.460028,0.427043,0.172968,-0.688932,0.297305,0.244291,0.001314,0.485360
34.622039,1.507961,0.151980,-1.295223,1.578817,1.096706,0.325104,0.526099,0.315623,-0.403158,-0.561778,0.674676,0.628747,0.254190,0.242951,-0.089669,0.552703,-0.164449,-1.177674,-0.879344,1.230050,-0.459533,0.426994,0.170687,-0.686253,0.294288,0.241190,-0.000340,0.484538
34.622964,1.500768,0.153240,-1.295404,1.577632,1.098208,0.324939,0.524413,0.230950,-0.409265,-0.615138,0.682245,0.622732,0.253235,0.243183,-0.089239,0.552874,-0.165139,-1.177379,-0.879110,1.230055,-0.459039,0.428509,0.170086,-0.688522,0.295469,0.237849,0.000889,0.489289
34.623918,1.495377,0.156711,-1.296258,1.579550,1.098305,0.323661,0.525463,0.147569,-0.402475,-0.666779,0.682186,0.617622,0.252171,0.243376,-0.088801,0.553042,-0.165826,-1.177083,-0.878881,1.230058,-0.458541,0.431061,0.169374,-0.687371,0.295593,0.236057,0.000977,0.492109
34.624999,1.494374,0.152913,-1.294131,1.579181,1.100998,0.323430,0.525517,0.061209,-0.384253,-0.719563,0.674584,0.613190,0.250732,0.243516,-0.088361,0.553206,-0.166502,-1.176794,-0.878646,1.230062,-0.458059,0.432803,0.167653,-0.686280,0.292949,0.235669,0.002186,0.489533
34.625990,1.490126,0.152812,-1.295200,1.580745,1.100952,0.323832,0.525110,-0.028540,-0.360641,-0.774303,0.662485,0.609107,0.248885,0.243601,-0.087930,0.553382,-0.167195,-1.176503,-0.878420,1.230065,-0.457566,0.433038,0.169742,-0.687487,0.293441,0.233011,0.002325,0.489183
34.626998,1.490298,0.151299,-1.296827,1.580007,1.102327,0.323713,0.524193,-0.117240,-0.340282,-0.828866,0.650396,0.605200,0.246788,0.243660,-0.087495,0.553550,-0.167884,-1.176215,-0.878188,1.230067,-0.457078,0.434453,0.169821,-0.686401,0.291426,0.232883,0.001851,0.489620
34.628100,1.488454,0.149692,-1.303214,1.577899,1.106042,0.325396,0.522988,-0.202596,-0.328438,-0.882265,0.641146,0.601299,0.244501,0.243714,-0.087065,0.553721,-0.168565,-1.175927,-0.877958,1.230068,-0.456587,0.433764,0.170638,-0.685278,0.291874,0.231345,0.001908,0.491089
34.628987,1.487730,0.144057,-1.296925,1.579736,1.104048,0.326839,0.523827,-0.284290,-0.324987,-0.934388,0.634613,0.597386,0.241935,0.243756,-0.086628,0.553895,-0.169243,-1.175626,-0.877738,1.230067,-0.456092,0.434470,0.171665,-0.682530,0.293983,0.227771,0.000153,0.493267
34.629997,1.484591,0.144363,-1.297490,1.577913,1.105643,0.326450,0.523547,-0.360324,-0.332209,-0.984208,0.632115,0.593452,0.239160,0.243792,-0.086198,0.554074,-0.169924,-1.175337,-0.877505,1.230063,-0.455602,0.433678,0.174202,-0.684470,0.290953,0.229387,-0.001318,0.490983
34.630990,1.487740,0.145686,-1.296429,1.579165,1.105632,0.325676,0.523778,-0.426443,-0.353467,-1.029292,0.636133,0.589494,0.236477,0.243850,-0.085758,0.554250,-0.170607,-1.175044,-0.877282,1.230063,-0.455106,0.434584,0.174015,-0.683847,0.292400,0.227689,-0.000965,0.491180
34.631924,1.487468,0.142194,-1.296616,1.580800,1.107594,0.325896,0.523683,-0.479291,-0.383712,-1.067095,0.644796,0.585763,0.234078,0.243953,-0.085324,0.554419,-0.171293,-1.174753,-0.877058,1.230065,-0.454622,0.432286,0.173405,-0.683910,0.290645,0.227612,-0.000258,0.490341
34.632965,1.491764,0.145678,-1.292724,1.578616,1.111530,0.325745,0.521448,-0.515650,-0.419452,-1.095325,0.657103,0.582417,0.232171,0.244108,-0.084896,0.554596,-0.171970,-1.174467,-0.876837,1.230061,-0.454132,0.431542,0.174995,-0.682965,0.288236,0.225413,-0.000519,0.490051
34.633935,1.496212,0.148376,-1.296684,1.580010,1.113488,0.325320,0.521660,-0.531535,-0.458989,-1.111255,0.672848,0.579685,0.231005,0.244325,-0.084470,0.554766,-0.172661,-1.174173,-0.876625,1.230061,-0.453636,0.428989,0.173355,-0.684764,0.290215,0.221575,-0.000425,0.494223
34.634966,1.497046,0.146759,-1.296228,1.583568,1.111797,0.326792,0.524233,-0.523292,-0.493197,-1.111688,0.687826,0.578156,0.230716,0.244599,-0.084051,0.554937,-0.173332,-1.173887,-0.876411,1.230061,-0.453141,0.426143,0.171992,-0.682270,0.288259,0.219571,-0.000052,0.493301
34.635932,1.496197,0.145785,-1.288564,1.580143,1.111298,0.326092,0.524479,-0.492244,-0.520484,-1.097292,0.701731,0.577813,0.231336,0.244900,-0.083626,0.555115,-0.174014,-1.173610,-0.876183,1.230056,-0.452659,0.425329,0.172839,-0.682383,0.284787,0.221230,-0.001573,0.487810
34.636954,1.493894,0.147043,-1.296587,1.579908,1.106261,0.325632,0.524565,-0.443091,-0.546472,-1.071454,0.717363,0.578233,0.232784,0.245207,-0.083196,0.555286,-0.174710,-1.173316,-0.875963,1.230057,-0.452177,0.424985,0.173292,-0.685423,0.287551,0.221581,-0.000911,0.486960
34.637990,1.494826,0.147253,-1.296420,1.581639,1.105044,0.325435,0.524141,-0.384058,-0.570264,-1.039224,0.733154,0.579148,0.234645,0.245506,-0.082774,0.555459,-0.175379,-1.173026,-0.875728,1.230057,-0.451690,0.425729,0.172702,-0.681291,0.287477,0.226507,-0.000512,0.486458
34.639041,1.492683,0.148127,-1.292003,1.580113,1.107301,0.324513,0.525187,-0.273754,-0.608654,-0.979058,0.760394,0.580717,0.237937,0.246029,-0.081926,0.555806,-0.176758,-1.172456,-0.875278,1.230059,-0.450720,0.425642,0.172360,-0.683387,0.287243,0.225364,0.000482,0.484611
34.640008,1.497484,0.148273,-1.290989,1.580992,1.107015,0.324822,0.526232,-0.273754,-0.608654,-0.979058,0.760394,0.580717,0.237937,0.246029,-0.081926,0.555806,-0.176758,-1.172456,-0.875278,1.230059,-0.450720,0.425642,0.172360,-0.683387,0.287243,0.225364,0.000482,0.484611
34.640973,1.499064,0.149957,-1.286549,1.581322,1.106553,0.325731,0.526196,-0.220290,-0.621693,-0.949320,0.770959,0.581662,0.239486,0.246235,-0.081508,0.555980,-0.177436,-1.172174,-0.875053,1.230059,-0.450243,0.422589,0.172223,-0.683281,0.285903,0.225488,0.000106,0.482138
34.641917,1.500280,0.149660,-1.282033,1.580019,1.103009,0.325554,0.525119,-0.159072,-0.629428,-0.913836,0.779524,0.583332,0.241385,0.246398,-0.081091,0.556150,-0.178127,-1.171891,-0.874827,1.230057,-0.449767,0.421187,0.171353,-0.684760,0.285102,0.225755,-0.000855,0.481851
34.643002,1.502286,0.145851,-1.281533,1.580012,1.103355,0.325238,0.525179,-0.085928,-0.631724,-0.869858,0.786438,0.586011,0.243863,0.246539,-0.080677,0.556322,-0.178809,-1.171602,-0.874591,1.230057,-0.449284,0.419911,0.171424,-0.686199,0.285666,0.229000,-0.000720,0.483584
34.644000,1.505900,0.148317,-1.278402,1.581013,1.104175,0.324585,0.525549,-0.001947,-0.631230,-0.818243,0.792588,0.589614,0.246841,0.246655,-0.080261,0.556500,-0.179498,-1.171316,-0.874361,1.230058,-0.448800,0.418849,0.173481,-0.686643,0.285908,0.228639,-0.000471,0.483221
34.645073,1.510213,0.148567,-1.272239,1.579603,1.103845,0.325197,0.524466,0.091204,-0.632090,-0.760359,0.799600,0.593936,0.250208,0.246743,-0.079849,0.556668,-0.180196,-1.171032,-0.874139,1.230059,-0.448321,0.416616,0.172276,-0.687626,0.284604,0.227732,0.000119,0.482135
34.645962,1.513223,0.146655,-1.264666,1.580310,1.103922,0.325081,0.524916,0.195978,-0.631971,-0.694447,0.806482,0.599207,0.254047,0.246844,-0.079443,0.556841,-0.180887,-1.170745,-0.873912,1.230057,-0.447831,0.414469,0.172336,-0.690811,0.286165,0.228100,-0.000553,0.484062
34.646977,1.512260,0.147240,-1.262326,1.580507,1.101682,0.325928,0.523973,0.316772,-0.628459,-0.617467,0.812402,0.605755,0.258543,0.246979,-0.079035,0.557013,-0.181587,-1.170462,-0.873688,1.230057,-0.447353,0.412105,0.173086,-0.693117,0.284457,0.227678,-0.000480,0.482618
34.647954,1.514332,0.144750,-1.257584,1.579338,1.099337,0.325435,0.523777,0.451590,-0.624260,-0.530866,0.818768,0.613363,0.263674,0.247127,-0.078627,0.557188,-0.182277,-1.170180,-0.873452,1.230052,-0.446867,0.412327,0.172814,-0.693919,0.284146,0.229764,-0.001366,0.484197
34.648995,1.509292,0.148029,-1.259206,1.579500,1.100505,0.325648,0.523635,0.592355,-0.621512,-0.439949,0.826147,0.621500,0.269143,0.247265,-0.078219,0.557366,-0.182978,-1.169892,-0.873218,1.230053,-0.446382,0.410817,0.173974,-0.695515,0.284793,0.231853,-0.000921,0.484173
34.650113,1.511443,0.148848,-1.257966,1.579641,1.098010,0.327879,0.524614,0.729007,-0.619221,-0.351025,0.833163,0.629667,0.274511,0.247388,-0.077801,0.557535,-0.183675,-1.169608,-0.872989,1.230052,-0.445899,0.413087,0.172455,-0.694434,0.284614,0.230592,-0.001196,0.484169
34.650955,1.514643,0.153608,-1.258764,1.578484,1.099750,0.326854,0.526367,0.851925,-0.614065,-0.269964,0.837506,0.637445,0.279398,0.247491,-0.077396,0.557708,-0.184367,-1.169321,-0.872752,1.230045,-0.445419,0.412209,0.172320,-0.695501,0.284897,0.233153,-0.003468,0.482036
34.651949,1.519451,0.151915,-1.249851,1.579607,1.100658,0.326705,0.527617,0.960237,-0.601619,-0.197133,0.837153,0.644809,0.283811,0.247546,-0.076991,0.557870,-0.185061,-1.169038,-0.872530,1.230047,-0.444952,0.409553,0.169738,-0.693307,0.284770,0.230949,-0.002467,0.477973
34.653069,1.522981,0.152313,-1.248170,1.580589,1.100909,0.326089,0.525941,1.062623,-0.580193,-0.127151,0.832193,0.652092,0.288133,0.247538,-0.076595,0.558042,-0.185773,-1.168754,-0.872302,1.230045,-0.444482,0.406911,0.170629,-0.697034,0.283330,0.229900,-0.002374,0.475174
34.653943,1.523854,0.157024,-1.245140,1.576477,1.102533,0.323617,0.526611,1.168632,-0.554470,-0.054508,0.825874,0.659494,0.292812,0.247521,-0.076195,0.558214,-0.186471,-1.168476,-0.872071,1.230045,-0.443993,0.405450,0.170696,-0.698213,0.283001,0.229752,-0.001817,0.478397
34.654942,1.521598,0.158255,-1.234895,1.576057,1.102558,0.322698,0.526939,1.279686,-0.524231,0.021607,0.817988,0.667057,0.297831,0.247544,-0.075790,0.558377,-0.187171,-1.168184,-0.871844,1.230051,-0.443522,0.404121,0.168179,-0.698130,0.285852,0.227701,0.000586,0.476505
34.656002,1.522202,0.157809,-1.240274,1.574908,1.103793,0.322584,0.527320,1.391649,-0.482093,0.099091,0.804142,0.674880,0.302843,0.247597,-0.075386,0.558544,-0.187874,-1.167896,-0.871619,1.230055,-0.443050,0.404968,0.167671,-0.702661,0.285878,0.227587,0.001411,0.475543
34.656998,1.519950,0.159886,-1.236165,1.574520,1.105552,0.321677,0.527679,1.498776,-0.428914,0.174176,0.784125,0.682664,0.307532,0.247667,-0.074982,0.558713,-0.188572,-1.167609,-0.871399,1.230057,-0.442577,0.404613,0.168091,-0.699795,0.287072,0.226413,0.001442,0.474563
34.657937,1.518450,0.162194,-1.237809,1.573161,1.104198,0.322234,0.525439,1.593078,-0.371180,0.241194,0.760473,0.689750,0.311529,0.247763,-0.074573,0.558878,-0.189282,-1.167320,-0.871175,1.230060,-0.442111,0.405370,0.167143,-0.701151,0.287037,0.224543,0.002280,0.473553
34.659071,1.519833,0.163097,-1.242580,1.575288,1.103715,0.323570,0.526099,1.668988,-0.311091,0.296375,0.733919,0.695772,0.314578,0.247888,-0.074171,0.559042,-0.189972,-1.167033,-0.870948,1.230061,-0.441625,0.405558,0.165986,-0.699338,0.287657,0.225662,0.001650,0.477625
34.660001,1.517986,0.164750,-1.242721,1.574852,1.107032,0.323711,0.524564,1.723764,-0.251115,0.337653,0.705737,0.700490,0.316611,0.248017,-0.073763,0.559206,-0.190670,-1.166748,-0.870722,1.230059,-0.441148,0.405126,0.165945,-0.697426,0.286084,0.226308,0.000256,0.476131
34.661052,1.511708,0.164199,-1.242370,1.572980,1.106415,0.323874,0.524773,1.756959,-0.196138,0.364188,0.678547,0.703743,0.317700,0.248125,-0.073360,0.559367,-0.191360,-1.166462,-0.870504,1.230059,-0.440669,0.405133,0.164972,-0.695812,0.285376,0.222610,0.000078,0.478604
34.662026,1.511524,0.166956,-1.239565,1.571670,1.105798,0.322312,0.524871,1.767750,-0.148243,0.375272,0.653154,0.705568,0.317838,0.248209,-0.072947,0.559530,-0.192053,-1.166178,-0.870280,1.230059,-0.440194,0.407204,0.165088,-0.694316,0.286216,0.222825,-0.000130,0.477352
34.663020,1.510426,0.166504,-1.240632,1.572839,1.105221,0.322246,0.522793,1.756177,-0.105923,0.371092,0.628420,0.706190,0.316976,0.248268,-0.072538,0.559687,-0.192748,-1.165890,-0.870054,1.230063,-0.439722,0.405949,0.163454,-0.693556,0.285974,0.222842,0.001385,0.476296
34.663924,1.505354,0.165677,-1.230478,1.569922,1.105312,0.321087,0.522547,1.727859,-0.068617,0.355196,0.604518,0.705960,0.315342,0.248307,-0.072135,0.559850,-0.193428,-1.165616,-0.869830,1.230063,-0.439237,0.405324,0.163422,-0.691129,0.283664,0.222884,0.001394,0.479597
34.664931,1.503777,0.163643,-1.235189,1.569595,1.104598,0.320340,0.520891,1.689178,-0.038337,0.331422,0.583035,0.705121,0.313213,0.248337,-0.071724,0.560015,-0.194128,-1.165331,-0.869611,1.230069,-0.438761,0.406280,0.163399,-0.693581,0.284724,0.222138,0.002484,0.479100
34.665940,1.506255,0.163532,-1.236835,1.568854,1.105002,0.319950,0.520717,1.642370,-0.017173,0.301112,0.564916,0.703731,0.310601,0.248373,-0.071321,0.560179,-0.194807,-1.165048,-0.869386,1.230075,-0.438275,0.405925,0.164159,-0.689387,0.283775,0.222339,0.003151,0.481557
34.667020,1.505805,0.160497,-1.230340,1.566989,1.101877,0.321062,0.521648,1.587836,-0.007400,0.264415,0.551153,0.701705,0.307419,0.248432,-0.070917,0.560341,-0.195492,-1.164768,-0.869165,1.230079,-0.437793,0.403538,0.163968,-0.686735,0.283349,0.221439,0.003467,0.481008
34.667985,1.496938,0.159621,-1.233261,1.563360,1.098931,0.322536,0.520005,1.530794,-0.009606,0.224700,0.542415,0.699259,0.303843,0.248508,-0.070508,0.560508,-0.196191,-1.164484,-0.868940,1.230081,-0.437323,0.402859,0.165334,-0.688481,0.284342,0.224191,0.002287,0.478379
34.668977,1.494956,0.157942,-1.229037,1.562860,1.096309,0.323926,0.519118,1.471806,-0.021663,0.182720,0.537487,0.696516,0.299869,0.248589,-0.070098,0.560675,-0.196864,-1.164190,-0.868708,1.230078,-0.436838,0.405958,0.165387,-0.684994,0.286242,0.226471,0.000781,0.480791
34.669919,1.486224,0.157004,-1.227524,1.559061,1.093313,0.325433,0.518617,1.403426,-0.041398,0.134144,0.534684,0.693155,0.295214,0.248684,-0.069689,0.560844,-0.197549,-1.163907,-0.868478,1.230075,-0.436353,0.405667,0.165880,-0.685206,0.285363,0.228477,-0.000631,0.481649
34.671030,1.488455,0.155177,-1.227416,1.555766,1.093433,0.326615,0.517676,1.322478,-0.066874,0.077304,0.533000,0.689025,0.289850,0.248810,-0.069278,0.561010,-0.198235,-1.163617,-0.868240,1.230069,-0.435875,0.408601,0.165955,-0.683673,0.287405,0.230716,-0.002141,0.481725
34.671946,1.488488,0.152332,-1.229084,1.553311,1.093690,0.326917,0.518967,1.230507,-0.094583,0.013649,0.530671,0.684322,0.283896,0.248977,-0.068871,0.561179,-0.198910,-1.163325,-0.868006,1.230066,-0.435390,0.406649,0.166727,-0.682666,0.289797,0.230120,-0.003352,0.482844
34.672979,1.485609,0.153392,-1.227305,1.549454,1.093035,0.326044,0.516375,1.134017,-0.122664,-0.052470,0.527073,0.679466,0.277633,0.249175,-0.068461,0.561348,-0.199587,-1.163031,-0.867781,1.230063,-0.434922,0.405090,0.167677,-0.679476,0.290223,0.229183,-0.003663,0.479305
34.674026,1.480164,0.153466,-1.222959,1.547345,1.091461,0.324569,0.513861,1.038669,-0.150046,-0.117357,0.522211,0.674814,0.271323,0.249385,-0.068057,0.561515,-0.200259,-1.162729,-0.867550,1.230063,-0.434428,0.405506,0.166877,-0.678868,0.292510,0.229300,-0.002827,0.483678
34.674931,1.479135,0.148636,-1.229193,1.544946,1.089240,0.323629,0.514212,0.944428,-0.172057,-0.180498,0.513973,0.670618,0.264992,0.249593,-0.067641,0.561685,-0.200940,-1.162435,-0.867316,1.230067,-0.433928,0.407107,0.166571,-0.679501,0.293318,0.230338,-0.001412,0.487806
34.675929,1.473109,0.143625,-1.224330,1.546410,1.088438,0.323149,0.514065,0.848711,-0.189554,-0.243494,0.502948,0.666735,0.258597,0.249777,-0.067231,0.561859,-0.201605,-1.162139,-0.867082,1.230067,-0.433449,0.406011,0.168465,-0.674076,0.293570,0.231773,-0.000515,0.486082
34.677060,1.472106,0.141355,-1.225557,1.542169,1.090262,0.322904,0.514939,0.748769,-0.213785,-0.309112,0.495148,0.662540,0.252162,0.249937,-0.066820,0.562034,-0.202277,-1.161851,-0.866847,1.230065,-0.432962,0.407801,0.170560,-0.674815,0.290648,0.231914,-0.000072,0.485486
34.677983,1.471893,0.138269,-1.226471,1.538363,1.089309,0.323768,0.513153,0.645449,-0.251841,-0.377412,0.494638,0.657796,0.245829,0.250076,-0.066410,0.562205,-0.202951,-1.161552,-0.866621,1.230067,-0.432485,0.407531,0.171546,-0.673250,0.293986,0.229740,0.000113,0.483001
34.678931,1.466580,0.134225,-1.223902,1.538097,1.087070,0.325257,0.512993,0.542415,-0.298849,-0.445567,0.499162,0.652921,0.239673,0.250184,-0.066008,0.562383,-0.203610,-1.161254,-0.866390,1.230063,-0.431994,0.406199,0.172522,-0.670714,0.295696,0.229984,-0.000782,0.485628
34.680005,1.456997,0.130706,-1.223138,1.537148,1.084044,0.326654,0.513685,0.442074,-0.351069,-0.511759,0.507221,0.648151,0.233773,0.250247,-0.065592,0.562562,-0.204281,-1.160963,-0.866153,1.230061,-0.431507,0.407385,0.174010,-0.669966,0.294161,0.231492,-0.002301,0.484967
34.680961,1.453967,0.130858,-1.219109,1.534245,1.082319,0.326060,0.513157,0.340782,-0.411479,-0.578621,0.520730,0.643096,0.228136,0.250270,-0.065168,0.562740,-0.204954,-1.160665,-0.865915,1.230055,-0.431031,0.411066,0.175452,-0.669072,0.293879,0.233986,-0.003710,0.482792
34.681925,1.451751,0.123055,-1.221577,1.531686,1.081847,0.327357,0.514860,0.234261,-0.478505,-0.648727,0.538993,0.637528,0.222677,0.250276,-0.064758,0.562914,-0.205613,-1.160366,-0.865676,1.230054,-0.430546,0.411149,0.174878,-0.669236,0.294864,0.234936,-0.003132,0.482936
34.683089,1.449484,0.125784,-1.222908,1.529773,1.083198,0.326444,0.513791,0.125126,-0.548035,-0.720091,0.560071,0.631678,0.217471,0.250274,-0.064344,0.563098,-0.206276,-1.160072,-0.865443,1.230047,-0.430082,0.410834,0.178245,-0.666112,0.295666,0.234722,-0.004441,0.478643
34.683999,1.449259,0.125436,-1.213085,1.524002,1.084451,0.325527,0.512516,0.016745,-0.618046,-0.790537,0.582921,0.625725,0.212618,0.250257,-0.063932,0.563273,-0.206943,-1.159770,-0.865211,1.230044,-0.429591,0.411332,0.176706,-0.664838,0.296731,0.233028,-0.003541,0.480098
34.684994,1.454147,0.124149,-1.209523,1.520731,1.084424,0.324622,0.515426,-0.084841,-0.678562,-0.855460,0.602719,0.620327,0.208300,0.250229,-0.063523,0.563450,-0.207609,-1.159466,-0.864980,1.230043,-0.429112,0.409861,0.176315,-0.667545,0.300229,0.231017,-0.002657,0.481691
34.686070,1.448467,0.124531,-1.206534,1.519168,1.084097,0.323520,0.514652,-0.166215,-0.718858,-0.905516,0.614817,0.616580,0.204983,0.250184,-0.063121,0.563624,-0.208279,-1.159161,-0.864752,1.230043,-0.428654,0.406244,0.176558,-0.667567,0.301614,0.230480,-0.001794,0.475004
34.687014,1.448690,0.124402,-1.203751,1.517333,1.085424,0.322500,0.514970,-0.221151,-0.738540,-0.936892,0.619403,0.614772,0.202914,0.250120,-0.062712,0.563799,-0.208939,-1.158858,-0.864517,1.230044,-0.428174,0.408193,0.176085,-0.667948,0.301814,0.230302,-0.000741,0.475837
34.688017,1.445140,0.126381,-1.207785,1.514990,1.086267,0.321462,0.513426,-0.277255,-0.729892,-0.961534,0.611576,0.614949,0.201619,0.250040,-0.061894,0.564147,-0.210271,-1.158254,-0.864069,1.230048,-0.427224,0.407204,0.174275,-0.663619,0.302201,0.226965,0.001205,0.476548
34.688930,1.441226,0.122219,-1.203435,1.511096,1.083251,0.322660,0.511998,-0.277255,-0.729892,-0.961534,0.611576,0.614949,0.201619,0.250040,-0.061894,0.564147,-0.210271,-1.158254,-0.864069,1.230048,-0.427224,0.407204,0.174275,-0.663619,0.302201,0.226965,0.001205,0.476548
34.689921,1.437216,0.122693,-1.197269,1.508645,1.082847,0.321528,0.512337,-0.294867,-0.707192,-0.966004,0.600711,0.615841,0.201648,0.250042,-0.061488,0.564324,-0.210932,-1.157951,-0.863834,1.230047,-0.426742,0.407653,0.175809,-0.663676,0.303848,0.229229,-0.000045,0.478432
34.691033,1.437073,0.119207,-1.192214,1.507978,1.081836,0.322147,0.512807,-0.325383,-0.645505,-0.971804,0.573445,0.617777,0.202225,0.250059,-0.060675,0.564679,-0.212261,-1.157337,-0.863380,1.230052,-0.425797,0.407703,0.176617,-0.666664,0.303755,0.229687,0.000352,0.475211
34.691953,1.436081,0.120331,-1.190562,1.505522,1.082509,0.321994,0.512396,-0.325383,-0.645505,-0.971804,0.573445,0.617777,0.202225,0.250059,-0.060675,0.564679,-0.212261,-1.157337,-0.863380,1.230052,-0.425797,0.407703,0.176617,-0.666664,0.303755,0.229687,0.000352,0.475211
34.692963,1.434920,0.118141,-1.194836,1.503967,1.081929,0.322474,0.513625,-0.330491,-0.613793,-0.968973,0.561612,0.618956,0.203109,0.250059,-0.060268,0.564855,-0.212925,-1.157035,-0.863152,1.230054,-0.425322,0.406706,0.175476,-0.665307,0.304023,0.228288,0.000464,0.475117
34.693999,1.433071,0.117860,-1.192398,1.500850,1.081834,0.322787,0.511824,-0.329045,-0.583771,-0.962838,0.552171,0.620161,0.204318,0.250059,-0.059860,0.565030,-0.213587,-1.156732,-0.862928,1.230053,-0.424859,0.406120,0.176203,-0.661606,0.303868,0.228367,-0.000061,0.471835
34.694977,1.436852,0.113461,-1.192701,1.500454,1.081601,0.323355,0.513585,-0.326346,-0.556117,-0.956986,0.544805,0.621105,0.205543,0.250054,-0.059457,0.565203,-0.214243,-1.156423,-0.862700,1.230052,-0.424376,0.406022,0.176011,-0.661533,0.305258,0.227954,-0.000407,0.474655
34.696015,1.434607,0.113093,-1.185005,1.498075,1.082133,0.322694,0.512916,-0.321720,-0.533230,-0.951357,0.540622,0.621735,0.206791,0.250042,-0.059058,0.565382,-0.214902,-1.156122,-0.862474,1.230049,-0.423910,0.402922,0.177736,-0.659649,0.303787,0.227597,-0.001005,0.470223
34.697015,1.437325,0.114582,-1.181708,1.497713,1.081318,0.322312,0.512427,-0.309465,-0.517859,-0.942722,0.541498,0.622208,0.208344,0.250034,-0.058658,0.565560,-0.215561,-1.155812,-0.862249,1.230050,-0.423441,0.403105,0.177531,-0.662207,0.304450,0.226587,-0.000382,0.470829
34.698023,1.436563,0.112896,-1.182108,1.494875,1.080721,0.321482,0.512994,-0.284876,-0.507074,-0.927860,0.546429,0.622828,0.210441,0.250055,-0.058262,0.565736,-0.216225,-1.155517,-0.862020,1.230052,-0.422972,0.400649,0.176364,-0.662186,0.303200,0.226830,-0.000058,0.470978
34.699036,1.438627,0.113792,-1.179520,1.497649,1.079070,0.320196,0.511149,-0.247757,-0.496354,-0.906204,0.553075,0.623737,0.213074,0.250127,-0.057860,0.565909,-0.216888,-1.155210,-0.861797,1.230054,-0.422514,0.399938,0.176842,-0.660390,0.304230,0.226924,0.000723,0.469048
34.700016,1.438506,0.115111,-1.178065,1.494433,1.079553,0.320469,0.509928,-0.201488,-0.486998,-0.879990,0.561730,0.624665,0.216081,0.250266,-0.057468,0.566084,-0.217545,-1.154916,-0.861566,1.230059,-0.422033,0.397926,0.176005,-0.660234,0.299929,0.228005,0.001942,0.471929
34.700913,1.436499,0.112228,-1.172661,1.492495,1.076548,0.320792,0.511364,-0.147976,-0.479637,-0.850418,0.572651,0.625445,0.219387,0.250464,-0.057070,0.566257,-0.218206,-1.154615,-0.861339,1.230059,-0.421552,0.396828,0.174934,-0.659220,0.301354,0.226906,0.001611,0.473462
34.702092,1.433449,0.116318,-1.172846,1.497100,1.074742,0.320974,0.509271,-0.089494,-0.472067,-0.818558,0.584233,0.626104,0.222826,0.250684,-0.056677,0.566431,-0.218869,-1.154313,-0.861109,1.230059,-0.421092,0.396423,0.175816,-0.659655,0.300960,0.229179,0.001250,0.469641
34.702976,1.433054,0.115039,-1.169513,1.495485,1.076274,0.321159,0.510793,-0.031078,-0.465742,-0.787541,0.596746,0.626371,0.226213,0.250928,-0.056274,0.566602,-0.219522,-1.154026,-0.860874,1.230057,-0.420610,0.397480,0.173687,-0.659182,0.295890,0.230640,0.001028,0.473213
34.703996,1.435804,0.111461,-1.166374,1.494317,1.077363,0.320628,0.509506,0.023375,-0.463038,-0.759911,0.611505,0.625938,0.229522,0.251232,-0.055875,0.566773,-0.220182,-1.153733,-0.860651,1.230058,-0.420154,0.396114,0.173801,-0.658513,0.295370,0.228355,0.000801,0.469198
34.704997,1.436020,0.111316,-1.169734,1.494066,1.079329,0.320667,0.508513,0.076056,-0.465205,-0.734247,0.628948,0.624955,0.232811,0.251597,-0.055488,0.566952,-0.220836,-1.153437,-0.860427,1.230059,-0.419676,0.393849,0.175178,-0.658706,0.295059,0.226781,0.001286,0.470989
34.705978,1.431571,0.112390,-1.158476,1.496216,1.079484,0.320944,0.508948,0.129960,-0.474025,-0.708662,0.649397,0.623655,0.236076,0.252027,-0.055094,0.567128,-0.221486,-1.153148,-0.860204,1.230060,-0.419200,0.392710,0.174828,-0.655529,0.293858,0.224286,0.001194,0.472117
34.707031,1.433336,0.110854,-1.162468,1.495034,1.080155,0.321210,0.509092,0.183979,-0.488887,-0.683599,0.672250,0.622117,0.239275,0.252516,-0.054695,0.567299,-0.222154,-1.152864,-0.859982,1.230061,-0.418735,0.393793,0.173891,-0.659421,0.290268,0.223604,0.000867,0.470392
34.708045,1.431677,0.108991,-1.160429,1.496715,1.083779,0.322118,0.509068,0.237074,-0.507959,-0.659314,0.696535,0.620436,0.242422,0.253030,-0.054308,0.567475,-0.222798,-1.152577,-0.859762,1.230059,-0.418266,0.392115,0.174348,-0.656292,0.290379,0.222536,0.000567,0.469340
34.709024,1.435449,0.113501,-1.155837,1.498962,1.086516,0.322260,0.509112,0.287563,-0.532153,-0.636824,0.722231,0.618558,0.245426,0.253530,-0.053917,0.567648,-0.223455,-1.152298,-0.859553,1.230058,-0.417805,0.392001,0.174915,-0.655860,0.287532,0.218526,-0.000382,0.468612
34.710026,1.430817,0.109114,-1.147688,1.499063,1.089105,0.322329,0.506484,0.337527,-0.560978,-0.614707,0.749237,0.616666,0.248423,0.253991,-0.053537,0.567818,-0.224110,-1.152019,-0.859343,1.230059,-0.417340,0.389136,0.172253,-0.656502,0.283961,0.215372,-0.000567,0.467689
34.710932,1.434828,0.112034,-1.141171,1.498677,1.089360,0.321570,0.507888,0.392599,-0.591599,-0.589000,0.776770,0.615248,0.251723,0.254419,-0.053145,0.567996,-0.224776,-1.151738,-0.859136,1.230060,-0.416857,0.390486,0.174045,-0.658951,0.282642,0.212424,-0.000683,0.472123
34.712114,1.432145,0.110909,-1.143735,1.500320,1.089473,0.322461,0.509035,0.455958,-0.622160,-0.557275,0.803906,0.614659,0.255404,0.254832,-0.052762,0.568164,-0.225439,-1.151463,-0.858928,1.230063,-0.416400,0.387170,0.172072,-0.659965,0.281409,0.211668,0.000031,0.468357
34.713023,1.428215,0.109229,-1.141895,1.500039,1.091202,0.322282,0.507833,0.526672,-0.650582,-0.519762,0.829371,0.614976,0.259334,0.255211,-0.052378,0.568336,-0.226091,-1.151185,-0.858718,1.230057,-0.415939,0.388312,0.172598,-0.658317,0.279577,0.211481,-0.000895,0.465470
34.714018,1.422378,0.110843,-1.139598,1.500434,1.090385,0.322613,0.506930,0.595492,-0.678808,-0.482396,0.853330,0.615672,0.263103,0.255566,-0.051987,0.568506,-0.226748,-1.150909,-0.858517,1.230057,-0.415464,0.388924,0.172934,-0.657109,0.278254,0.209271,-0.000740,0.466977
34.714929,1.424518,0.108452,-1.141907,1.500717,1.091944,0.324972,0.506300,0.651576,-0.708885,-0.452105,0.875907,0.616162,0.266274,0.255928,-0.051600,0.568676,-0.227410,-1.150635,-0.858304,1.230055,-0.415001,0.390873,0.171756,-0.656613,0.276748,0.209688,-0.001107,0.467968
34.716099,1.426722,0.108831,-1.133333,1.498925,1.093754,0.323569,0.506706,0.691723,-0.740092,-0.430851,0.896761,0.616290,0.268769,0.256294,-0.051216,0.568849,-0.228054,-1.150366,-0.858098,1.230049,-0.414529,0.388509,0.172446,-0.653473,0.274994,0.207603,-0.003492,0.468293
34.716984,1.430849,0.106453,-1.123562,1.499495,1.097128,0.322300,0.507218,0.723475,-0.771075,-0.413903,0.916018,0.616421,0.270922,0.256640,-0.050831,0.569021,-0.228722,-1.150086,-0.857900,1.230050,-0.414066,0.387108,0.172165,-0.657222,0.276527,0.205817,-0.002106,0.466841
34.717939,1.434765,0.106133,-1.126474,1.499003,1.097256,0.322989,0.505516,0.762569,-0.798537,-0.391164,0.933391,0.617458,0.273339,0.256959,-0.050457,0.569195,-0.229380,-1.149816,-0.857705,1.230051,-0.413604,0.383800,0.172777,-0.659801,0.274302,0.201985,-0.000881,0.464893
34.718940,1.434453,0.106344,-1.117431,1.497069,1.096681,0.321633,0.505376,0.819071,-0.822473,-0.356446,0.950129,0.619847,0.276441,0.257272,-0.050080,0.569367,-0.230033,-1.149544,-0.857503,1.230049,-0.413129,0.380847,0.172475,-0.656491,0.273528,0.201506,-0.001621,0.467444
34.719961,1.435013,0.105457,-1.116102,1.497729,1.098005,0.321103,0.505698,0.974169,-0.857236,-0.257880,0.981011,0.627881,0.284251,0.257929,-0.049324,0.569711,-0.231355,-1.148995,-0.857103,1.230054,-0.412201,0.379114,0.172120,-0.658629,0.272727,0.200201,0.000161,0.465458
34.721078,1.438238,0.107162,-1.113728,1.497975,1.098526,0.321671,0.507204,0.974169,-0.857236,-0.257880,0.981011,0.627881,0.284251,0.257929,-0.049324,0.569711,-0.231355,-1.148995,-0.857103,1.230054,-0.412201,0.379114,0.172120,-0.658629,0.272727,0.200201,0.000161,0.465458
34.722082,1.439874,0.106923,-1.110444,1.498593,1.098422,0.321154,0.506095,1.156833,-0.870246,-0.138810,1.005399,0.638296,0.293047,0.258465,-0.048578,0.570051,-0.232673,-1.148457,-0.856710,1.230052,-0.411282,0.375548,0.170891,-0.659082,0.270603,0.199500,0.000032,0.463244
34.722926,1.436414,0.108777,-1.097643,1.498747,1.099366,0.320307,0.506883,1.156833,-0.870246,-0.138810,1.005399,0.638296,0.293047,0.258465,-0.048578,0.570051,-0.232673,-1.148457,-0.856710,1.230052,-0.411282,0.375548,0.170891,-0.659082,0.270603,0.199500,0.000032,0.463244
34.724087,1.439118,0.112376,-1.103258,1.499149,1.099895,0.320521,0.509209,1.254246,-0.868788,-0.074538,1.015540,0.643877,0.297772,0.258714,-0.048203,0.570220,-0.233345,-1.148194,-0.856513,1.230051,-0.410824,0.375900,0.169361,-0.662796,0.268786,0.198015,0.000851,0.460684
34.725017,1.433215,0.114527,-1.099334,1.500943,1.097974,0.321711,0.510539,1.352256,-0.859622,-0.009066,1.023004,0.649561,0.302618,0.258924,-0.047826,0.570383,-0.234005,-1.147926,-0.856319,1.230050,-0.410382,0.374292,0.167573,-0.659341,0.268332,0.197542,0.000588,0.455457
34.725924,1.430455,0.117505,-1.092863,1.499859,1.096424,0.321009,0.507696,1.442449,-0.841498,0.052387,1.026515,0.654954,0.307258,0.259040,-0.047452,0.570548,-0.234659,-1.147664,-0.856118,1.230045,-0.409935,0.376213,0.166089,-0.659376,0.265357,0.199064,-0.000627,0.452007
34.726968,1.431270,0.119832,-1.098076,1.500710,1.095948,0.319740,0.509668,1.517319,-0.815076,0.105010,1.025841,0.659683,0.311451,0.259103,-0.047076,0.570708,-0.235322,-1.147401,-0.855914,1.230046,-0.409476,0.376404,0.164214,-0.660398,0.265125,0.200123,0.000051,0.456891
34.728028,1.431648,0.120743,-1.094382,1.498887,1.093977,0.319362,0.510996,1.574895,-0.780046,0.147541,1.020440,0.663750,0.315094,0.259177,-0.046708,0.570870,-0.235967,-1.147142,-0.855710,1.230047,-0.409029,0.375415,0.162881,-0.656619,0.263787,0.200334,0.001277,0.452161
34.728981,1.432993,0.120662,-1.099009,1.499550,1.095003,0.318251,0.512902,1.616062,-0.737165,0.180300,1.010186,0.667275,0.318106,0.259255,-0.046335,0.571033,-0.236625,-1.146877,-0.855505,1.230048,-0.408584,0.374660,0.162274,-0.657311,0.265109,0.202082,0.001595,0.448854
34.730084,1.432536,0.119716,-1.092954,1.497055,1.094413,0.316771,0.511851,1.643319,-0.689658,0.204343,0.996271,0.670347,0.320494,0.259315,-0.045963,0.571191,-0.237279,-1.146619,-0.855307,1.230050,-0.408154,0.373029,0.162034,-0.653144,0.263464,0.200675,0.002659,0.444313
34.730968,1.437350,0.124011,-1.088547,1.498415,1.090218,0.316271,0.510859,1.659537,-0.641681,0.220931,0.980385,0.673045,0.322284,0.259398,-0.045593,0.571354,-0.237933,-1.146350,-0.855105,1.230058,-0.407704,0.372895,0.162430,-0.655358,0.265584,0.201146,0.004049,0.445832
34.731964,1.432708,0.128757,-1.089309,1.498835,1.091908,0.315385,0.513047,1.671869,-0.593162,0.234514,0.962823,0.675777,0.323694,0.259545,-0.045228,0.571511,-0.238590,-1.146096,-0.854895,1.230063,-0.407250,0.369331,0.159873,-0.655254,0.262928,0.204794,0.004470,0.446925
34.733033,1.428129,0.129947,-1.082673,1.499119,1.090707,0.316509,0.514189,1.685061,-0.540155,0.248428,0.942383,0.678855,0.324921,0.259719,-0.044859,0.571661,-0.239244,-1.145835,-0.854693,1.230070,-0.406822,0.370946,0.157381,-0.653308,0.261756,0.202732,0.005277,0.441825
34.733928,1.425192,0.129353,-1.090359,1.497834,1.089725,0.316855,0.513704,1.693288,-0.480823,0.259329,0.917768,0.682044,0.325707,0.259858,-0.044481,0.571819,-0.239898,-1.145580,-0.854486,1.230073,-0.406390,0.372635,0.156725,-0.655580,0.261230,0.203714,0.004068,0.438955
34.734967,1.425273,0.131555,-1.093184,1.498043,1.088440,0.318616,0.515333,1.687776,-0.418923,0.261579,0.889668,0.684828,0.325628,0.259989,-0.044108,0.571971,-0.240541,-1.145319,-0.854280,1.230076,-0.405952,0.372922,0.156717,-0.649612,0.261172,0.204168,0.003676,0.439148
34.736095,1.420405,0.132104,-1.090526,1.499006,1.088620,0.320620,0.515054,1.662387,-0.360230,0.250841,0.860096,0.686660,0.324379,0.260161,-0.043740,0.572122,-0.241177,-1.145057,-0.854073,1.230074,-0.405523,0.372278,0.155550,-0.647176,0.260374,0.205163,0.001864,0.435224
34.736982,1.417382,0.134961,-1.090948,1.496916,1.088479,0.321981,0.516377,1.617226,-0.307154,0.227009,0.830311,0.687415,0.322015,0.260361,-0.043362,0.572279,-0.241828,-1.144804,-0.853865,1.230070,-0.405088,0.374357,0.155314,-0.647864,0.259541,0.204814,-0.000163,0.435270
34.737987,1.416298,0.136516,-1.095685,1.499030,1.086782,0.323319,0.517892,1.555528,-0.258334,0.192426,0.800054,0.687335,0.318775,0.260549,-0.042982,0.572427,-0.242471,-1.144542,-0.853664,1.230065,-0.404669,0.374567,0.153599,-0.645522,0.260225,0.204461,-0.001526,0.431845
34.739078,1.415999,0.137033,-1.097223,1.499247,1.085969,0.322299,0.516283,1.479111,-0.212287,0.148449,0.768993,0.686569,0.314829,0.260712,-0.042611,0.572578,-0.243099,-1.144290,-0.853452,1.230059,-0.404245,0.374352,0.152728,-0.641969,0.257560,0.205774,-0.002873,0.428172
34.740087,1.419690,0.139160,-1.103179,1.497410,1.085118,0.321292,0.518255,1.390810,-0.171587,0.096547,0.739094,0.685134,0.310402,0.260886,-0.042234,0.572729,-0.243741,-1.144034,-0.853247,1.230060,-0.403813,0.374001,0.152510,-0.640419,0.257213,0.206399,-0.001878,0.430872
34.741028,1.415049,0.130864,-1.100545,1.496515,1.084175,0.320866,0.519551,1.295956,-0.137215,0.039928,0.711385,0.683257,0.305695,0.261080,-0.041869,0.572878,-0.244361,-1.143772,-0.853043,1.230060,-0.403396,0.371469,0.151359,-0.636360,0.258303,0.206932,-0.000918,0.426246
34.742023,1.411441,0.132197,-1.102454,1.491251,1.084594,0.321617,0.516511,1.198793,-0.111758,-0.018971,0.687178,0.681062,0.300789,0.261252,-0.041492,0.573041,-0.244991,-1.143515,-0.852834,1.230062,-0.402974,0.372764,0.155193,-0.636104,0.258190,0.207400,-0.000548,0.422968
34.743006,1.409937,0.133655,-1.104777,1.490906,1.082104,0.320254,0.515338,1.098225,-0.099570,-0.081118,0.667992,0.678367,0.295582,0.261410,-0.041110,0.573192,-0.245625,-1.143241,-0.852631,1.230060,-0.402542,0.373652,0.154352,-0.633823,0.262396,0.206641,-0.001341,0.428457
34.743926,1.412088,0.131640,-1.103786,1.489237,1.082954,0.321642,0.515344,0.991780,-0.095332,-0.147400,0.650732,0.675222,0.289930,0.261592,-0.040737,0.573343,-0.246245,-1.142977,-0.852419,1.230064,-0.402108,0.373547,0.153476,-0.631441,0.261753,0.208717,-0.000023,0.430061
34.744998,1.404675,0.131936,-1.108280,1.490634,1.086487,0.320769,0.515909,0.883323,-0.094112,-0.214911,0.633818,0.671839,0.284047,0.261794,-0.040367,0.573500,-0.246874,-1.142716,-0.852215,1.230059,-0.401680,0.371395,0.154185,-0.630221,0.262231,0.207367,-0.001449,0.429279
34.745990,1.398200,0.129948,-1.108079,1.488428,1.084866,0.321511,0.514387,0.776076,-0.098437,-0.281855,0.619443,0.668138,0.278193,0.262005,-0.039990,0.573651,-0.247498,-1.142459,-0.852020,1.230063,-0.401254,0.374585,0.154026,-0.627249,0.260529,0.203695,-0.000623,0.427562
34.746978,1.394254,0.131500,-1.111333,1.485013,1.082653,0.320012,0.513171,0.663565,-0.110877,-0.352413,0.608511,0.663666,0.272177,0.262226,-0.039606,0.573808,-0.248115,-1.142198,-0.851813,1.230059,-0.400813,0.376859,0.154826,-0.626247,0.261945,0.204993,-0.001399,0.429928
34.747937,1.392568,0.129519,-1.115067,1.480951,1.080034,0.320643,0.512989,0.539821,-0.128823,-0.429984,0.598965,0.658243,0.265704,0.262485,-0.039225,0.573962,-0.248736,-1.141929,-0.851604,1.230061,-0.400380,0.377879,0.153865,-0.623395,0.264361,0.206814,0.000065,0.431659
34.748937,1.384039,0.128329,-1.114215,1.482537,1.079650,0.319631,0.512443,0.405451,-0.146386,-0.513658,0.587518,0.652139,0.258668,0.262765,-0.038852,0.574119,-0.249345,-1.141656,-0.851391,1.230058,-0.399947,0.377779,0.154609,-0.620287,0.267132,0.208948,-0.000609,0.431277
34.749984,1.379578,0.129340,-1.115619,1.478688,1.082086,0.319477,0.512797,0.111127,-0.183569,-0.695940,0.561077,0.638081,0.243359,0.263190,-0.038078,0.574428,-0.250583,-1.141119,-0.850980,1.230059,-0.399084,0.382540,0.154447,-0.618120,0.267765,0.206230,0.000471,0.430350
34.750969,1.388560,0.121896,-1.117464,1.478195,1.084528,0.319081,0.513352,0.111127,-0.183569,-0.695940,0.561077,0.638081,0.243359,0.263190,-0.038078,0.574428,-0.250583,-1.141119,-0.850980,1.230059,-0.399084,0.382540,0.154447,-0.618120,0.267765,0.206230,0.000471,0.430350
34.751990,1.395076,0.128802,-1.120717,1.478719,1.086418,0.318319,0.513677,-0.038515,-0.206238,-0.788504,0.548624,0.630678,0.235665,0.263320,-0.037715,0.574593,-0.251191,-1.140855,-0.850779,1.230058,-0.398656,0.377251,0.157902,-0.616137,0.267285,0.203466,0.000837,0.428562
34.752959,1.389538,0.131762,-1.117703,1.477108,1.085156,0.316970,0.512947,-0.167469,-0.232885,-0.868564,0.539577,0.624163,0.228886,0.263412,-0.037344,0.574741,-0.251801,-1.140587,-0.850583,1.230060,-0.398234,0.373324,0.154336,-0.613644,0.265952,0.201370,0.001545,0.427300
34.754030,1.386889,0.127937,-1.118742,1.475390,1.085670,0.316674,0.512482,-0.266811,-0.255204,-0.929977,0.531218,0.619289,0.223407,0.263476,-0.036970,0.574891,-0.252412,-1.140321,-0.850376,1.230064,-0.397807,0.375223,0.152704,-0.613980,0.266518,0.202243,0.002838,0.428092
34.754937,1.388152,0.126025,-1.125307,1.474189,1.085390,0.317687,0.513677,-0.344357,-0.267329,-0.977004,0.519802,0.616002,0.218830,0.263517,-0.036591,0.575052,-0.253024,-1.140053,-0.850177,1.230071,-0.397371,0.375946,0.154539,-0.612890,0.267686,0.201558,0.003035,0.428402
34.755967,1.386429,0.129820,-1.125254,1.471918,1.083742,0.318629,0.513871,-0.409865,-0.276032,-1.016385,0.507329,0.613656,0.214658,0.263540,-0.036216,0.575208,-0.253633,-1.139784,-0.849980,1.230072,-0.396953,0.374127,0.155153,-0.607996,0.267398,0.201422,0.001964,0.425256
34.757065,1.386340,0.125594,-1.119297,1.471959,1.085973,0.318072,0.512488,-0.467716,-0.283978,-1.051243,0.494670,0.611924,0.210660,0.263541,-0.035844,0.575359,-0.254235,-1.139510,-0.849774,1.230070,-0.396532,0.374340,0.153160,-0.607352,0.268781,0.202789,0.000992,0.424288
34.758043,1.383214,0.127297,-1.120437,1.470909,1.086853,0.318079,0.512244,-0.516230,-0.288038,-1.080251,0.480592,0.611018,0.206891,0.263535,-0.035467,0.575520,-0.254851,-1.139243,-0.849581,1.230073,-0.396099,0.373902,0.155246,-0.609927,0.268336,0.200474,0.001498,0.426512
34.758924,1.380260,0.123307,-1.117422,1.469022,1.084230,0.318939,0.512093,-0.552750,-0.289306,-1.101780,0.466013,0.611057,0.203466,0.263534,-0.035097,0.575672,-0.255461,-1.138975,-0.849385,1.230073,-0.395674,0.374636,0.154196,-0.608176,0.268337,0.199315,0.001440,0.426301
34.760069,1.375448,0.120164,-1.112829,1.468592,1.085434,0.321140,0.509762,-0.580376,-0.290153,-1.117975,0.451956,0.611764,0.200268,0.263517,-0.034720,0.575831,-0.256065,-1.138711,-0.849178,1.230071,-0.395249,0.374828,0.155801,-0.608036,0.268741,0.201410,0.000546,0.425827
34.761004,1.373978,0.118905,-1.111609,1.465943,1.082199,0.321786,0.510309,-0.602920,-0.294171,-1.131523,0.440026,0.612775,0.197213,0.263472,-0.034340,0.575990,-0.256678,-1.138440,-0.848984,1.230065,-0.394816,0.376619,0.157270,-0.609729,0.268524,0.200045,-0.001675,0.429880
34.761922,1.374921,0.115182,-1.111539,1.462533,1.080343,0.322628,0.508496,-0.621498,-0.304004,-1.143291,0.431759,0.613887,0.194366,0.263422,-0.033971,0.576147,-0.257278,-1.138169,-0.848776,1.230062,-0.394387,0.375686,0.157279,-0.607897,0.268905,0.202521,-0.002322,0.427719
34.763021,1.380332,0.116353,-1.104483,1.459692,1.082831,0.321754,0.508065,-0.635552,-0.318290,-1.152856,0.426902,0.615077,0.191791,0.263380,-0.033604,0.576310,-0.257878,-1.137897,-0.848571,1.230058,-0.393948,0.373537,0.158454,-0.605427,0.269964,0.203584,-0.003167,0.430337
34.764008,1.383357,0.115497,-1.101967,1.457367,1.079607,0.321583,0.509693,-0.638135,-0.332583,-1.155583,0.424179,0.616778,0.189765,0.263335,-0.033244,0.576465,-0.258496,-1.137620,-0.848376,1.230054,-0.393523,0.369782,0.157499,-0.607223,0.271145,0.200613,-0.002289,0.430307
34.764910,1.384802,0.115714,-1.092022,1.451830,1.078076,0.321524,0.507394,-0.618570,-0.340286,-1.144276,0.421658,0.619718,0.188747,0.263268,-0.032882,0.576623,-0.259095,-1.137347,-0.848167,1.230052,-0.393103,0.366882,0.157398,-0.606320,0.271355,0.203156,-0.002147,0.426077
34.766061,1.390706,0.115185,-1.089339,1.448259,1.077847,0.319963,0.505669,-0.572095,-0.336288,-1.115492,0.417487,0.624259,0.188953,0.263183,-0.032519,0.576777,-0.259708,-1.137071,-0.847966,1.230050,-0.392663,0.364502,0.156676,-0.608597,0.274401,0.203900,-0.002109,0.429678
34.766920,1.384302,0.113185,-1.089510,1.444961,1.076588,0.320283,0.507892,-0.498127,-0.316694,-1.068401,0.409693,0.630540,0.190361,0.263109,-0.032168,0.576934,-0.260314,-1.136790,-0.847760,1.230052,-0.392229,0.360761,0.156641,-0.608550,0.276431,0.203649,-0.000579,0.432258
34.767926,1.388948,0.118084,-1.081074,1.441764,1.075538,0.319880,0.506902,-0.404388,-0.283191,-1.007895,0.398287,0.638075,0.192615,0.263040,-0.031804,0.577092,-0.260916,-1.136513,-0.847553,1.230050,-0.391813,0.362213,0.156924,-0.605616,0.276939,0.204020,-0.000937,0.426718
34.768963,1.385948,0.115246,-1.079364,1.438593,1.075342,0.321059,0.506829,-0.302495,-0.238444,-0.941373,0.383778,0.646112,0.195289,0.262964,-0.031448,0.577238,-0.261532,-1.136231,-0.847348,1.230051,-0.391388,0.358564,0.154074,-0.607650,0.277932,0.204405,-0.000564,0.427831
34.769960,1.383700,0.115375,-1.079575,1.435995,1.074748,0.321335,0.507333,-0.195658,-0.181536,-0.870642,0.365803,0.654477,0.198338,0.262895,-0.031092,0.577396,-0.262133,-1.135952,-0.847144,1.230046,-0.390965,0.358937,0.155062,-0.606585,0.279124,0.203980,-0.001762,0.427053
34.770969,1.381739,0.112479,-1.071537,1.432225,1.073526,0.320365,0.507282,-0.090478,-0.117318,-0.800256,0.346131,0.662634,0.201579,0.262839,-0.030735,0.577548,-0.262736,-1.135672,-0.846944,1.230042,-0.390549,0.358747,0.154521,-0.604339,0.279489,0.203945,-0.002038,0.425125
34.772068,1.379196,0.111519,-1.070282,1.429175,1.074638,0.320288,0.507415,0.005131,-0.052702,-0.735835,0.327149,0.669902,0.204746,0.262779,-0.030383,0.577706,-0.263345,-1.135387,-0.846738,1.230042,-0.390125,0.358508,0.155473,-0.606270,0.281013,0.204507,-0.001093,0.424311
34.773025,1.383068,0.111594,-1.062301,1.428084,1.074051,0.318961,0.506937,0.090003,0.009067,-0.678388,0.309951,0.676115,0.207796,0.262694,-0.030023,0.577865,-0.263948,-1.135105,-0.846535,1.230041,-0.389700,0.358753,0.155547,-0.605265,0.282263,0.202857,-0.001051,0.423177
34.773929,1.382157,0.112862,-1.059537,1.425117,1.072264,0.318667,0.507609,0.167819,0.066683,-0.625741,0.295414,0.681422,0.210896,0.262592,-0.029671,0.578019,-0.264559,-1.134825,-0.846331,1.230044,-0.389276,0.355408,0.154976,-0.606854,0.280948,0.202732,0.000238,0.423175
34.775004,1.383242,0.107584,-1.056534,1.423497,1.072629,0.317318,0.507750,0.245659,0.120960,-0.573537,0.284111,0.686195,0.214378,0.262499,-0.029321,0.578169,-0.265161,-1.134540,-0.846123,1.230045,-0.388863,0.354396,0.153776,-0.605623,0.281184,0.203694,0.000486,0.420844
34.775939,1.378184,0.107222,-1.052299,1.420954,1.073536,0.317526,0.507653,0.325038,0.170075,-0.521153,0.277016,0.690498,0.218269,0.262420,-0.028970,0.578330,-0.265769,-1.134264,-0.845925,1.230050,-0.388445,0.352843,0.155986,-0.605355,0.281038,0.202804,0.001778,0.419718
34.776917,1.381193,0.100463,-1.049256,1.420907,1.071976,0.318260,0.506323,0.401379,0.208929,-0.471907,0.275645,0.694052,0.222302,0.262379,-0.028620,0.578484,-0.266377,-1.133983,-0.845730,1.230049,-0.388032,0.353987,0.155581,-0.604961,0.281064,0.201229,0.001531,0.418974
34.778072,1.381064,0.102863,-1.046473,1.416635,1.073120,0.317034,0.506032,0.471749,0.232354,-0.428092,0.281874,0.696626,0.226348,0.262411,-0.028272,0.578649,-0.266977,-1.133710,-0.845524,1.230046,-0.387608,0.351185,0.158360,-0.604306,0.278969,0.202096,0.000779,0.420706
34.779050,1.379660,0.101879,-1.038408,1.414880,1.074488,0.316984,0.507922,0.538090,0.239720,-0.388625,0.295831,0.698365,0.230441,0.262518,-0.027920,0.578802,-0.267584,-1.133424,-0.845329,1.230051,-0.387190,0.350499,0.156863,-0.604339,0.281667,0.200566,0.001950,0.420474
34.779929,1.380923,0.101121,-1.034861,1.413274,1.074810,0.316185,0.507448,0.603055,0.239702,-0.350902,0.312848,0.699846,0.234523,0.262662,-0.027574,0.578955,-0.268189,-1.133142,-0.845137,1.230055,-0.386785,0.349978,0.156879,-0.606152,0.281042,0.198621,0.001933,0.415770
34.781063,1.379037,0.103304,-1.026009,1.410416,1.078031,0.316857,0.506691,0.668660,0.238452,-0.312945,0.329751,0.701500,0.238571,0.262826,-0.027228,0.579111,-0.268792,-1.132865,-0.844939,1.230059,-0.386367,0.347794,0.156591,-0.605165,0.279975,0.197539,0.002690,0.415764
34.782056,1.375877,0.101331,-1.024386,1.408808,1.078425,0.316176,0.508574,0.737127,0.238633,-0.273028,0.345311,0.703611,0.242619,0.263026,-0.026876,0.579263,-0.269408,-1.132583,-0.844754,1.230059,-0.385951,0.347930,0.155224,-0.608056,0.281227,0.194008,0.001966,0.416483
34.782920,1.366785,0.105251,-1.024171,1.403066,1.076226,0.317530,0.507229,0.806328,0.243719,-0.231946,0.357221,0.706301,0.246490,0.263232,-0.026529,0.579418,-0.270009,-1.132306,-0.844563,1.230062,-0.385548,0.348309,0.155725,-0.606703,0.280678,0.193095,0.002608,0.411803
34.784120,1.366664,0.102690,-1.019487,1.402074,1.076773,0.318030,0.508303,0.864918,0.255249,-0.196452,0.363124,0.709082,0.249642,0.263381,-0.026172,0.579567,-0.270609,-1.132015,-0.844370,1.230061,-0.385136,0.351177,0.153141,-0.604032,0.283389,0.194574,0.001209,0.413568
34.785038,1.366703,0.105268,-1.020459,1.401142,1.077911,0.317471,0.508217,0.903126,0.274505,-0.172416,0.361099,0.711460,0.251659,0.263458,-0.025826,0.579726,-0.271209,-1.131732,-0.844177,1.230059,-0.384730,0.350632,0.154201,-0.605357,0.282976,0.193726,0.000695,0.410658
34.785954,1.364484,0.100988,-1.013759,1.399948,1.076204,0.317600,0.508164,0.924537,0.298437,-0.158057,0.353255,0.713369,0.252771,0.263491,-0.025479,0.579874,-0.271809,-1.131453,-0.843988,1.230060,-0.384319,0.349179,0.152366,-0.602333,0.281370,0.191950,0.001226,0.409909
34.787163,1.373060,0.098137,-1.011023,1.400909,1.078673,0.318832,0.508202,0.948829,0.332512,-0.142538,0.339547,0.715699,0.254028,0.263543,-0.024791,0.580187,-0.273019,-1.130900,-0.843608,1.230058,-0.383510,0.344068,0.155124,-0.603464,0.277950,0.190304,-0.000212,0.408317
34.788108,1.372646,0.095886,-1.008146,1.398199,1.080979,0.318425,0.507947,0.948829,0.332512,-0.142538,0.339547,0.715699,0.254028,0.263543,-0.024791,0.580187,-0.273019,-1.130900,-0.843608,1.230058,-0.383510,0.344068,0.155124,-0.603464,0.277950,0.190304,-0.000212,0.408317
34.788990,1.369819,0.091926,-1.003781,1.397885,1.078857,0.318069,0.507005,0.972252,0.329665,-0.130298,0.343065,0.716524,0.255167,0.263588,-0.024449,0.580343,-0.273622,-1.130624,-0.843426,1.230060,-0.383109,0.343020,0.155669,-0.602501,0.278335,0.187469,0.000171,0.407942
34.790065,1.367873,0.089400,-1.004666,1.395492,1.080919,0.318534,0.506516,1.005642,0.311522,-0.113759,0.354918,0.717196,0.256724,0.263673,-0.024110,0.580504,-0.274225,-1.130348,-0.843237,1.230061,-0.382689,0.343010,0.156934,-0.601978,0.275980,0.188964,0.000489,0.408832
34.791030,1.365142,0.086922,-1.000498,1.395431,1.082213,0.319269,0.505298,1.039719,0.277360,-0.098644,0.374570,0.717245,0.258291,0.263810,-0.023770,0.580663,-0.274818,-1.130072,-0.843056,1.230060,-0.382281,0.343116,0.157756,-0.599915,0.276646,0.186531,-0.000013,0.408985
34.792001,1.370489,0.087203,-0.993235,1.395394,1.081742,0.320399,0.505561,1.067715,0.228393,-0.088872,0.400822,0.716405,0.259601,0.263999,-0.023423,0.580821,-0.275416,-1.129799,-0.842877,1.230056,-0.381866,0.343203,0.158427,-0.599788,0.274500,0.184779,-0.000761,0.410506
34.793067,1.363385,0.082262,-0.991184,1.395253,1.082509,0.320139,0.505756,1.093607,0.168476,-0.081522,0.432754,0.714999,0.260922,0.264243,-0.023092,0.580977,-0.276010,-1.129526,-0.842694,1.230054,-0.381466,0.339411,0.157733,-0.601299,0.272394,0.184770,-0.001912,0.409089
34.794054,1.370333,0.084062,-0.990578,1.392741,1.083213,0.319736,0.503319,1.123186,0.100029,-0.072751,0.470424,0.713362,0.262596,0.264541,-0.022744,0.581142,-0.276612,-1.129260,-0.842510,1.230052,-0.381057,0.342036,0.159709,-0.600535,0.270989,0.183624,-0.001662,0.407878
34.794978,1.361769,0.082824,-0.986257,1.392751,1.082665,0.319423,0.502768,1.154295,0.025386,-0.063555,0.512439,0.711490,0.264496,0.264901,-0.022419,0.581297,-0.277212,-1.128988,-0.842332,1.230051,-0.380640,0.337540,0.158271,-0.598700,0.271459,0.182494,-0.001284,0.411887
34.796098,1.358268,0.087129,-0.988134,1.391402,1.083430,0.320528,0.501925,1.184175,-0.049610,-0.054898,0.555505,0.709488,0.266429,0.265321,-0.022073,0.581457,-0.277801,-1.128724,-0.842150,1.230048,-0.380227,0.340507,0.158254,-0.598537,0.269280,0.182504,-0.000984,0.411998
34.797069,1.358191,0.084930,-0.988745,1.391587,1.080786,0.320606,0.503612,1.205563,-0.119083,-0.050465,0.595992,0.707233,0.268120,0.265747,-0.021728,0.581607,-0.278395,-1.128453,-0.841978,1.230044,-0.379816,0.341436,0.155821,-0.596196,0.269207,0.181548,-0.002117,0.412901
34.798005,1.357383,0.086896,-0.988184,1.390359,1.079878,0.321791,0.502605,1.211864,-0.180517,-0.054023,0.631989,0.704458,0.269370,0.266117,-0.021393,0.581767,-0.278979,-1.128190,-0.841792,1.230043,-0.379407,0.340335,0.156360,-0.593867,0.267095,0.183702,-0.002212,0.408573
34.799152,1.357348,0.085658,-0.990927,1.390648,1.078443,0.319438,0.501795,1.205426,-0.235299,-0.064420,0.664516,0.701138,0.270354,0.266412,-0.021053,0.581920,-0.279571,-1.127927,-0.841607,1.230036,-0.378996,0.339458,0.154811,-0.591840,0.266247,0.184027,-0.003395,0.409710
34.799985,1.354386,0.085947,-0.989184,1.390460,1.080952,0.318423,0.502927,1.189745,-0.285258,-0.079840,0.694761,0.697289,0.271243,0.266651,-0.020712,0.582076,-0.280160,-1.127668,-0.841420,1.230041,-0.378589,0.338808,0.155146,-0.589283,0.264937,0.185182,-0.001077,0.410570
34.801113,1.354619,0.085974,-0.984150,1.392021,1.083308,0.316307,0.501367,1.166018,-0.332375,-0.099884,0.723499,0.692846,0.272040,0.266837,-0.020376,0.582230,-0.280738,-1.127413,-0.841242,1.230043,-0.378188,0.338756,0.154287,-0.587498,0.262766,0.181994,-0.000116,0.407294
34.802000,1.359485,0.086292,-0.982660,1.394534,1.088134,0.314116,0.501299,1.137844,-0.378300,-0.122580,0.751676,0.687936,0.272859,0.266969,-0.020040,0.582382,-0.281332,-1.127161,-0.841069,1.230046,-0.377768,0.337967,0.154009,-0.588698,0.260257,0.179462,0.001958,0.409647
34.802904,1.360657,0.084375,-0.974845,1.395224,1.088694,0.314089,0.501545,1.114791,-0.423915,-0.142203,0.780771,0.683054,0.274073,0.267069,-0.019718,0.582535,-0.281908,-1.126913,-0.840901,1.230052,-0.377363,0.334286,0.153227,-0.587053,0.255790,0.174152,0.004086,0.408806
34.803938,1.361299,0.084491,-0.977642,1.394327,1.087728,0.313720,0.500263,1.107349,-0.471295,-0.152605,0.813064,0.678713,0.276090,0.267164,-0.019387,0.582692,-0.282498,-1.126666,-0.840728,1.230056,-0.376957,0.332447,0.153554,-0.588540,0.253298,0.173144,0.004033,0.407370
34.804958,1.359205,0.085127,-0.979281,1.396860,1.089753,0.314331,0.500307,1.117091,-0.520801,-0.152833,0.848597,0.675107,0.278874,0.267278,-0.019057,0.582843,-0.283085,-1.126413,-0.840552,1.230059,-0.376547,0.331258,0.153090,-0.585360,0.252830,0.173792,0.004352,0.409110
34.806060,1.357515,0.085750,-0.976515,1.398019,1.091477,0.315551,0.501127,1.134783,-0.571426,-0.148375,0.885322,0.671937,0.281905,0.267408,-0.018727,0.582993,-0.283657,-1.126168,-0.840386,1.230060,-0.376140,0.331409,0.152373,-0.582919,0.249007,0.171481,0.003693,0.408145
34.807034,1.360093,0.089014,-0.976302,1.396946,1.094583,0.317329,0.499662,1.151244,-0.622674,-0.144690,0.921711,0.668856,0.284766,0.267524,-0.018396,0.583142,-0.284239,-1.125932,-0.840222,1.230059,-0.375737,0.331566,0.151787,-0.582984,0.247184,0.169632,0.002436,0.405712
34.807964,1.357283,0.085598,-0.974390,1.395391,1.097628,0.316851,0.500320,1.165216,-0.670010,-0.141914,0.955048,0.666087,0.287382,0.267624,-0.018076,0.583287,-0.284824,-1.125687,-0.840062,1.230056,-0.375327,0.329333,0.149739,-0.581057,0.246813,0.166253,0.000638,0.407790
34.809000,1.362153,0.089455,-0.972066,1.399677,1.101349,0.316697,0.500048,1.177730,-0.708440,-0.138770,0.982327,0.664015,0.289703,0.267720,-0.017744,0.583439,-0.285395,-1.125443,-0.839902,1.230058,-0.374925,0.329551,0.150934,-0.579930,0.246714,0.162893,0.001099,0.405531
34.809999,1.355569,0.092973,-0.974132,1.400136,1.102976,0.316859,0.501459,1.190681,-0.739409,-0.134203,1.004215,0.662752,0.291790,0.267794,-0.017422,0.583581,-0.285974,-1.125212,-0.839755,1.230059,-0.374522,0.326310,0.148694,-0.579466,0.241522,0.159123,0.001210,0.405267
34.810935,1.352792,0.094809,-0.976531,1.397204,1.104447,0.317408,0.500504,1.204384,-0.763629,-0.128077,1.021613,0.662244,0.293758,0.267828,-0.017094,0.583724,-0.286541,-1.124972,-0.839603,1.230059,-0.374125,0.328699,0.146583,-0.576730,0.239878,0.157371,0.001012,0.401580
34.812069,1.355277,0.097139,-0.979872,1.400626,1.103888,0.317820,0.500727,1.209497,-0.777322,-0.125574,1.031714,0.662161,0.295212,0.267808,-0.016763,0.583865,-0.287107,-1.124729,-0.839451,1.230059,-0.373713,0.328897,0.145271,-0.573529,0.241238,0.155665,0.000429,0.402602
34.812951,1.356916,0.095416,-0.979795,1.398553,1.102081,0.318662,0.502079,1.199703,-0.779487,-0.130405,1.033173,0.662207,0.295833,0.267739,-0.016438,0.584004,-0.287678,-1.124497,-0.839300,1.230056,-0.373323,0.327118,0.144000,-0.570831,0.237334,0.156294,-0.000005,0.401438
34.813928,1.356497,0.093598,-0.981433,1.397422,1.104100,0.317971,0.502402,1.180063,-0.774990,-0.140214,1.029298,0.662306,0.295883,0.267622,-0.016117,0.584150,-0.288238,-1.124262,-0.839142,1.230054,-0.372930,0.325084,0.144337,-0.568684,0.237802,0.157741,-0.000867,0.397805
34.815057,1.349281,0.093235,-0.982005,1.397065,1.105805,0.316711,0.502774,1.155563,-0.769416,-0.152772,1.023384,0.662378,0.295576,0.267456,-0.015792,0.584294,-0.288798,-1.124026,-0.838995,1.230055,-0.372540,0.324321,0.144859,-0.566144,0.237683,0.155569,-0.000197,0.396365
34.816024,1.352335,0.097001,-0.981215,1.396279,1.106920,0.315644,0.502661,1.123148,-0.766067,-0.170306,1.016385,0.662118,0.294737,0.267282,-0.015464,0.584437,-0.289354,-1.123786,-0.838842,1.230057,-0.372141,0.327398,0.144867,-0.564991,0.237398,0.153881,0.001017,0.394883
34.816952,1.351668,0.095768,-0.980536,1.397131,1.110265,0.316945,0.503232,1.079839,-0.763144,-0.194371,1.007173,0.661399,0.293221,0.267135,-0.015143,0.584576,-0.289915,-1.123552,-0.838692,1.230062,-0.371754,0.324857,0.142621,-0.563608,0.236943,0.152610,0.002021,0.394303
34.818069,1.346403,0.094165,-0.977924,1.396435,1.110958,0.318507,0.504514,1.031929,-0.757234,-0.220801,0.995409,0.660548,0.291329,0.267007,-0.014818,0.584718,-0.290477,-1.123318,-0.838552,1.230059,-0.371366,0.324073,0.142837,-0.561966,0.234660,0.149113,0.000684,0.392301
34.819007,1.344391,0.093003,-0.984654,1.396140,1.113091,0.319040,0.502074,0.983500,-0.751352,-0.247433,0.983666,0.659566,0.289348,0.266899,-0.014489,0.584862,-0.291035,-1.123080,-0.838405,1.230055,-0.370980,0.326122,0.143443,-0.562324,0.234736,0.148516,-0.000895,0.389026
34.820059,1.338448,0.097152,-0.989155,1.397143,1.115469,0.318716,0.500956,0.929622,-0.750700,-0.277750,0.974139,0.658001,0.287160,0.266829,-0.014161,0.585005,-0.291583,-1.122850,-0.838267,1.230052,-0.370585,0.325973,0.143589,-0.557140,0.233738,0.146275,-0.001428,0.393115
34.820967,1.333053,0.097641,-0.988607,1.394148,1.117819,0.318931,0.503794,0.862523,-0.755960,-0.316555,0.966432,0.655410,0.284483,0.266786,-0.013834,0.585141,-0.292133,-1.122622,-0.838129,1.230051,-0.370186,0.328183,0.141304,-0.553702,0.232030,0.143966,-0.001125,0.394530
34.821982,1.331855,0.099073,-0.990363,1.393481,1.117429,0.318637,0.501616,0.777228,-0.762199,-0.366335,0.957603,0.651739,0.281120,0.266718,-0.013502,0.585281,-0.292677,-1.122387,-0.837992,1.230047,-0.369806,0.329597,0.140642,-0.552124,0.233520,0.141490,-0.001351,0.387941
34.822969,1.331562,0.102079,-0.992459,1.392785,1.119668,0.318419,0.500863,0.567428,-0.759905,-0.487789,0.928838,0.642767,0.272910,0.266524,-0.012842,0.585555,-0.293758,-1.121920,-0.837716,1.230048,-0.369017,0.328388,0.137883,-0.547483,0.232716,0.139638,-0.000906,0.392242
34.824073,1.330216,0.101802,-0.989907,1.394364,1.120932,0.317512,0.502919,0.567428,-0.759905,-0.487789,0.928838,0.642767,0.272910,0.266524,-0.012842,0.585555,-0.293758,-1.121920,-0.837716,1.230048,-0.369017,0.328388,0.137883,-0.547483,0.232716,0.139638,-0.000906,0.392242
34.824949,1.328004,0.106226,-0.990451,1.391483,1.124913,0.316058,0.501339,0.459670,-0.749877,-0.549391,0.910160,0.638315,0.268832,0.266439,-0.012512,0.585694,-0.294310,-1.121694,-0.837579,1.230046,-0.368633,0.328401,0.137884,-0.547814,0.230697,0.138538,-0.000019,0.387374
34.826054,1.326612,0.103223,-0.994429,1.396846,1.126729,0.314624,0.500410,0.358562,-0.734557,-0.606462,0.889891,0.634326,0.265129,0.266339,-0.012188,0.585825,-0.294853,-1.121460,-0.837453,1.230051,-0.368235,0.328239,0.135279,-0.545500,0.231964,0.134473,0.001384,0.389681
34.827051,1.328947,0.102278,-0.995020,1.393819,1.125547,0.315014,0.500465,0.264509,-0.716895,-0.659051,0.869490,0.630774,0.261778,0.266244,-0.011858,0.585962,-0.295385,-1.121244,-0.837324,1.230056,-0.367846,0.328269,0.136686,-0.542783,0.226356,0.132905,0.002748,0.390810
34.828013,1.329667,0.102935,-1.001419,1.393114,1.126677,0.315255,0.500234,0.177817,-0.706151,-0.708082,0.853616,0.627351,0.258780,0.266182,-0.011532,0.586098,-0.295924,-1.121017,-0.837191,1.230058,-0.367461,0.326153,0.136890,-0.541145,0.228521,0.134157,0.002297,0.389898
34.829008,1.331823,0.102264,-1.010932,1.392316,1.127091,0.315737,0.501781,0.100454,-0.704500,-0.752676,0.843160,0.624099,0.256094,0.266152,-0.011211,0.586234,-0.296444,-1.120790,-0.837059,1.230059,-0.367074,0.324821,0.136241,-0.536613,0.228118,0.133015,0.002015,0.389548
34.829990,1.321285,0.102229,-1.003556,1.391624,1.123929,0.316891,0.501233,0.030439,-0.708957,-0.793848,0.835926,0.621007,0.253487,0.266132,-0.010891,0.586372,-0.296967,-1.120563,-0.836927,1.230059,-0.366692,0.322858,0.136291,-0.530674,0.227991,0.132656,0.001498,0.385649
34.830993,1.321591,0.100151,-1.005008,1.390581,1.124988,0.316561,0.501212,-0.038012,-0.719038,-0.835163,0.830777,0.617795,0.250702,0.266108,-0.010554,0.586508,-0.297507,-1.120337,-0.836786,1.230059,-0.366310,0.327082,0.136022,-0.533002,0.227701,0.135792,0.000309,0.386006
34.831939,1.323959,0.102371,-1.007046,1.388988,1.125347,0.315985,0.503911,-0.108187,-0.733701,-0.878388,0.826583,0.614385,0.247645,0.266079,-0.010233,0.586646,-0.298030,-1.120113,-0.836656,1.230060,-0.365929,0.326020,0.136789,-0.531099,0.227902,0.134766,0.000612,0.385272
34.832973,1.319966,0.101385,-0.998532,1.391686,1.124275,0.316697,0.501670,-0.176024,-0.750378,-0.920719,0.822321,0.611077,0.244449,0.266023,-0.009912,0.586777,-0.298554,-1.119885,-0.836523,1.230063,-0.365567,0.323801,0.135394,-0.528630,0.228303,0.134386,0.001144,0.379093
34.834101,1.322344,0.100193,-1.008432,1.392444,1.126787,0.315902,0.502378,-0.234076,-0.766581,-0.957360,0.817837,0.608298,0.241426,0.265934,-0.009587,0.586913,-0.299089,-1.119665,-0.836387,1.230061,-0.365177,0.325014,0.135689,-0.531833,0.224985,0.135535,0.000395,0.382900
34.834984,1.322706,0.100201,-1.005754,1.390317,1.125771,0.316080,0.502948,-0.280054,-0.785303,-0.987209,0.815377,0.606035,0.238781,0.265872,-0.009266,0.587051,-0.299605,-1.119444,-0.836258,1.230066,-0.364798,0.323316,0.136179,-0.526385,0.224061,0.133256,0.001139,0.380765
34.835943,1.319753,0.099361,-1.002998,1.389943,1.125334,0.316904,0.503052,-0.315804,-0.808858,-1.011648,0.815942,0.604144,0.236423,0.265845,-0.008946,0.587185,-0.300131,-1.119218,-0.836125,1.230064,-0.364428,0.321928,0.135776,-0.525989,0.224782,0.134186,0.000931,0.378818
34.836999,1.317714,0.102101,-1.010718,1.388674,1.126048,0.316906,0.503591,-0.341686,-0.833888,-1.030484,0.817737,0.602793,0.234275,0.265794,-0.008623,0.587322,-0.300652,-1.118995,-0.835990,1.230062,-0.364053,0.322419,0.135870,-0.526036,0.224115,0.134591,0.000082,0.377848
34.837992,1.320337,0.097158,-1.007791,1.386364,1.122573,0.317834,0.501724,-0.361757,-0.856416,-1.045718,0.818435,0.601934,0.232171,0.265706,-0.008299,0.587455,-0.301168,-1.118769,-0.835860,1.230060,-0.363677,0.322702,0.134336,-0.521363,0.224768,0.134017,0.000064,0.376058
34.838945,1.320124,0.094531,-1.003737,1.387335,1.122370,0.317988,0.501176,-0.380557,-0.875259,-1.060072,0.816971,0.601344,0.229911,0.265625,-0.007985,0.587593,-0.301693,-1.118540,-0.835718,1.230059,-0.363296,0.320562,0.136554,-0.521666,0.226088,0.137473,-0.000896,0.379072
34.840089,1.318007,0.095008,-1.007867,1.387683,1.123196,0.317231,0.502917,-0.393336,-0.894881,-1.071280,0.816281,0.601023,0.227753,0.265571,-0.007666,0.587733,-0.302209,-1.118322,-0.835578,1.230057,-0.362915,0.319700,0.137488,-0.522394,0.224163,0.137558,-0.001064,0.379340
34.840971,1.315474,0.094727,-1.004839,1.387460,1.120919,0.315505,0.500295,-0.397339,-0.919567,-1.078195,0.819300,0.600843,0.225939,0.265512,-0.007343,0.587869,-0.302729,-1.118099,-0.835447,1.230059,-0.362547,0.320311,0.137176,-0.519924,0.223665,0.136983,-0.000351,0.375215
34.841969,1.324407,0.095370,-0.999528,1.387369,1.122044,0.314779,0.498372,-0.397716,-0.947950,-1.083763,0.825185,0.600525,0.224298,0.265442,-0.007028,0.588006,-0.303242,-1.117879,-0.835303,1.230061,-0.362162,0.320420,0.136878,-0.519830,0.222592,0.139061,0.001346,0.379671
34.842972,1.329272,0.093081,-1.008413,1.384957,1.120442,0.317062,0.499719,-0.390340,-0.975654,-1.084896,0.832634,0.600401,0.222976,0.265410,-0.006720,0.588141,-0.303765,-1.117661,-0.835167,1.230066,-0.361768,0.315195,0.136309,-0.521346,0.221975,0.137925,0.002001,0.382688
34.843996,1.324743,0.093838,-1.007590,1.385396,1.121868,0.318052,0.499122,-0.364683,-0.999430,-1.074798,0.841494,0.601092,0.222359,0.265416,-0.006412,0.588279,-0.304275,-1.117434,-0.835024,1.230062,-0.361398,0.312080,0.137185,-0.515849,0.223509,0.139503,-0.000322,0.379210
34.844995,1.328113,0.093927,-1.005394,1.380332,1.120278,0.320075,0.498243,-0.324959,-1.019557,-1.056036,0.851388,0.602402,0.222279,0.265399,-0.006097,0.588417,-0.304786,-1.117214,-0.834885,1.230059,-0.361016,0.313669,0.136537,-0.515437,0.222388,0.138064,-0.001316,0.379692
34.845988,1.329385,0.090827,-1.006537,1.379004,1.119138,0.320884,0.497737,-0.280366,-1.033476,-1.033710,0.859853,0.604051,0.222412,0.265339,-0.005793,0.588553,-0.305302,-1.116978,-0.834745,1.230052,-0.360635,0.311280,0.136238,-0.515470,0.226366,0.139653,-0.003341,0.380693
34.846927,1.330268,0.091662,-1.007669,1.378466,1.116684,0.319728,0.497348,-0.231756,-1.037804,-1.007767,0.864804,0.606187,0.222748,0.265245,-0.005488,0.588697,-0.305808,-1.116749,-0.834603,1.230047,-0.360249,0.309961,0.137446,-0.513899,0.226658,0.140732,-0.004136,0.380906
34.848079,1.330531,0.087963,-1.006063,1.378982,1.117399,0.317438,0.498389,-0.180021,-1.035562,-0.979139,0.867526,0.608612,0.223319,0.265121,-0.005180,0.588832,-0.306317,-1.116526,-0.834452,1.230045,-0.359862,0.308630,0.136672,-0.512046,0.226101,0.142986,-0.002980,0.380847
34.848988,1.329165,0.085622,-0.997435,1.376110,1.117332,0.316075,0.496263,-0.127622,-1.032302,-0.950037,0.870592,0.610929,0.224119,0.264960,-0.004872,0.588973,-0.306833,-1.116302,-0.834308,1.230048,-0.359494,0.308241,0.138442,-0.512583,0.225414,0.142388,-0.000735,0.378142
34.849937,1.328485,0.088375,-0.997570,1.376247,1.116222,0.315779,0.496099,-0.074063,-1.031706,-0.920440,0.875635,0.613073,0.225181,0.264771,-0.004567,0.589114,-0.307352,-1.116071,-0.834167,1.230049,-0.359109,0.307978,0.139150,-0.515352,0.226894,0.142296,0.000580,0.381603
34.851137,1.330871,0.086378,-1.003121,1.374197,1.116011,0.314966,0.496686,-0.018426,-1.031638,-0.889241,0.881430,0.615267,0.226521,0.264593,-0.004260,0.589247,-0.307864,-1.115851,-0.834024,1.230051,-0.358730,0.307466,0.137457,-0.513964,0.225743,0.143293,0.000823,0.381098
34.852000,1.333290,0.092786,-1.001927,1.371738,1.116307,0.315854,0.494285,0.036107,-1.028328,-0.857730,0.885654,0.617551,0.227972,0.264442,-0.003960,0.589388,-0.308371,-1.115619,-0.833879,1.230052,-0.358348,0.306253,0.138443,-0.511246,0.227674,0.143697,0.001593,0.379295
34.852914,1.330666,0.087903,-0.998069,1.369476,1.117456,0.316916,0.495572,0.087343,-1.017100,-0.826591,0.885564,0.620074,0.229357,0.264311,-0.003659,0.589517,-0.308876,-1.115388,-0.833731,1.230052,-0.357959,0.303995,0.134829,-0.510227,0.228509,0.143103,0.000659,0.383256
34.853940,1.332583,0.093819,-1.002294,1.369605,1.118501,0.316752,0.493938,0.136977,-0.993367,-0.794214,0.878958,0.623197,0.230703,0.264197,-0.003353,0.589657,-0.309390,-1.115158,-0.833591,1.230050,-0.357582,0.304400,0.136898,-0.510690,0.229384,0.141801,-0.000421,0.379792
34.854989,1.336737,0.094297,-0.997068,1.369815,1.115786,0.316261,0.494222,0.184602,-0.958974,-0.761089,0.866677,0.626873,0.232041,0.264092,-0.003055,0.589787,-0.309886,-1.114930,-0.833451,1.230048,-0.357199,0.302909,0.133747,-0.507850,0.228411,0.140771,-0.000269,0.382371
34.855984,1.335131,0.094295,-1.001937,1.370107,1.118449,0.316772,0.493463,0.232333,-0.915360,-0.726226,0.849975,0.631090,0.233510,0.263985,-0.002760,0.589920,-0.310399,-1.114706,-0.833302,1.230051,-0.356819,0.300405,0.133376,-0.509742,0.227585,0.143477,0.000173,0.381041
34.856925,1.334093,0.091698,-0.993478,1.368815,1.119129,0.315170,0.492108,0.283045,-0.865638,-0.688428,0.831002,0.635791,0.235272,0.263872,-0.002463,0.590051,-0.310904,-1.114480,-0.833166,1.230049,-0.356438,0.300643,0.133178,-0.506286,0.226364,0.140769,-0.000365,0.381811
34.857969,1.341770,0.095924,-0.985232,1.368114,1.119466,0.313829,0.491890,0.333859,-0.816966,-0.650350,0.812709,0.640574,0.237193,0.263763,-0.002162,0.590188,-0.311414,-1.114256,-0.833031,1.230055,-0.356046,0.300359,0.134137,-0.509298,0.226550,0.140054,0.001188,0.383679
34.858992,1.337452,0.096910,-0.986619,1.364982,1.121467,0.315337,0.491500,0.390429,-0.769258,-0.608500,0.795437,0.645803,0.239406,0.263664,-0.001871,0.590314,-0.311932,-1.114028,-0.832896,1.230060,-0.355666,0.296101,0.131914,-0.512554,0.226513,0.139806,0.002464,0.383367
34.860174,1.343652,0.100653,-0.991009,1.366400,1.121612,0.314457,0.490085,0.459482,-0.715416,-0.557861,0.776266,0.652154,0.242060,0.263560,-0.001574,0.590443,-0.312435,-1.113796,-0.832762,1.230055,-0.355278,0.297812,0.131283,-0.511023,0.228717,0.137857,0.000924,0.383372
34.860917,1.343986,0.099560,-0.985212,1.364429,1.121496,0.316791,0.490025,0.534076,-0.652698,-0.502290,0.752839,0.659394,0.244817,0.263454,-0.001285,0.590568,-0.312939,-1.113574,-0.832623,1.230057,-0.354885,0.294350,0.129353,-0.508186,0.226784,0.137787,0.001778,0.385394
34.861992,1.337312,0.098341,-0.982709,1.365247,1.122723,0.317016,0.490035,0.610304,-0.584941,-0.444816,0.726914,0.667075,0.247597,0.263366,-0.000993,0.590696,-0.313452,-1.113349,-0.832485,1.230052,-0.354504,0.292399,0.129163,-0.507872,0.226017,0.137286,-0.000572,0.384309
34.862981,1.333398,0.099743,-0.977351,1.363528,1.122707,0.317069,0.490610,0.686082,-0.519376,-0.387753,0.702261,0.674728,0.250478,0.263287,-0.000698,0.590827,-0.313956,-1.113128,-0.832351,1.230048,-0.354120,0.294692,0.129340,-0.507306,0.223704,0.135837,-0.000777,0.383255
34.863934,1.331673,0.098533,-0.975928,1.361037,1.119888,0.315227,0.489065,0.753025,-0.461196,-0.336830,0.680528,0.681736,0.253217,0.263198,-0.000400,0.590952,-0.314464,-1.112907,-0.832217,1.230049,-0.353746,0.295319,0.128161,-0.507782,0.223662,0.135552,-0.000859,0.381062
34.864988,1.330175,0.097740,-0.968268,1.363052,1.119955,0.314647,0.487401,0.848426,-0.365456,-0.261002,0.643210,0.693163,0.257524,0.263058,0.000185,0.591209,-0.315478,-1.112470,-0.831933,1.230052,-0.352970,0.294500,0.128205,-0.508046,0.220780,0.137550,0.001504,0.385362
34.865928,1.323993,0.095214,-0.959841,1.357586,1.120192,0.314782,0.489897,0.882966,-0.330166,-0.233013,0.629708,0.697635,0.259261,0.263032,0.000486,0.591336,-0.315994,-1.112237,-0.831801,1.230054,-0.352603,0.296147,0.128933,-0.509760,0.224068,0.136964,0.001329,0.379258
34.866943,1.321143,0.096542,-0.961771,1.356651,1.115963,0.314981,0.491006,0.908185,-0.301174,-0.211658,0.618403,0.701303,0.260610,0.263005,0.000779,0.591461,-0.316492,-1.112013,-0.831801,1.230054,-0.352603,0.296355,0.127819,-0.506767,0.223183,0.140802,0.001101,0.376059
34.867921,1.331102,0.095353,-0.958453,1.356117,1.115076,0.316449,0.488565,0.908185,-0.301174,-0.211658,0.618403,0.701303,0.260610,0.263005,0.000779,0.591461,-0.316492,-1.112013,-0.831651,1.230055,-0.352232,0.296355,0.127819,-0.506767,0.223183,0.140802,0.001101,0.376059
34.868926,1.324922,0.095880,-0.957642,1.353095,1.113242,0.316901,0.490073,0.927064,-0.276870,-0.195069,0.609175,0.704239,0.261668,0.263008,0.001059,0.591591,-0.316998,-1.111794,-0.831511,1.230053,-0.351843,0.290200,0.127902,-0.506211,0.221943,0.141267,-0.000394,0.379912
34.869984,1.327554,0.097469,-0.957570,1.350728,1.113721,0.317963,0.490899,0.948054,-0.256959,-0.178392,0.603402,0.706701,0.262813,0.263082,0.001353,0.591715,-0.317507,-1.111566,-0.831368,1.230052,-0.351477,0.292136,0.127202,-0.504455,0.223099,0.142727,-0.000854,0.375825
34.871011,1.325896,0.097136,-0.951410,1.351030,1.113500,0.317503,0.491516,0.969517,-0.237933,-0.162330,0.598963,0.708725,0.263933,0.263184,0.001637,0.591838,-0.318003,-1.111343,-0.831227,1.230047,-0.351109,0.289786,0.126030,-0.502685,0.223893,0.141914,-0.001914,0.373209
34.872005,1.327489,0.101150,-0.948906,1.346716,1.113172,0.318020,0.490799,0.990120,-0.217089,-0.147434,0.594221,0.710353,0.264969,0.263267,0.001928,0.591966,-0.318509,-1.111126,-0.831086,1.230048,-0.350745,0.289502,0.125754,-0.503763,0.222003,0.141805,-0.001470,0.371006
34.872938,1.327623,0.100168,-0.941458,1.345779,1.112336,0.316737,0.490521,1.013766,-0.192028,-0.131130,0.588508,0.711865,0.266118,0.263355,0.002209,0.592084,-0.319008,-1.110894,-0.830944,1.230045,-0.350371,0.287583,0.123355,-0.502908,0.224347,0.141751,-0.002001,0.371435
34.873991,1.324567,0.099958,-0.938793,1.343648,1.112818,0.315205,0.492279,1.043495,-0.159038,-0.111146,0.580200,0.713592,0.267485,0.263482,0.002493,0.592206,-0.319514,-1.110673,-0.830802,1.230048,-0.349997,0.286256,0.123389,-0.504256,0.223265,0.142142,-0.000740,0.370925
34.874936,1.327405,0.096887,-0.928964,1.341088,1.111917,0.313773,0.491033,1.079160,-0.120443,-0.087747,0.570223,0.715528,0.269043,0.263640,0.002781,0.592329,-0.320021,-1.110447,-0.830666,1.230053,-0.349645,0.286746,0.123127,-0.503614,0.223748,0.141381,0.000741,0.366450
34.876003,1.324853,0.096775,-0.930154,1.339403,1.107981,0.314054,0.490583,1.119701,-0.081869,-0.062078,0.560951,0.717545,0.270697,0.263815,0.003059,0.592455,-0.320530,-1.110222,-0.830522,1.230059,-0.349272,0.284127,0.124156,-0.506169,0.224261,0.141835,0.002114,0.367956
34.876987,1.330625,0.095788,-0.926470,1.339908,1.106559,0.314259,0.489850,1.165020,-0.047215,-0.034502,0.554084,0.719596,0.272377,0.264051,0.003344,0.592576,-0.321027,-1.109995,-0.830370,1.230059,-0.348906,0.284451,0.123870,-0.503749,0.224310,0.145394,0.001787,0.367875
34.877941,1.327978,0.097313,-0.924898,1.335807,1.105424,0.314935,0.489807,1.213622,-0.020031,-0.006285,0.551375,0.721457,0.274033,0.264378,0.003614,0.592700,-0.321526,-1.109777,-0.830222,1.230060,-0.348534,0.280534,0.123906,-0.503486,0.222042,0.146336,0.001554,0.368320
34.878980,1.323496,0.095257,-0.922518,1.334516,1.104947,0.316379,0.490213,1.265268,0.000147,0.022491,0.552726,0.723122,0.275681,0.264757,0.003896,0.592821,-0.322028,-1.109550,-0.830072,1.230060,-0.348167,0.280701,0.122685,-0.501987,0.224143,0.146954,0.000854,0.367369
34.879978,1.319796,0.099336,-0.918438,1.332459,1.100703,0.315942,0.489746,1.314308,0.016654,0.048947,0.555392,0.724544,0.277088,0.265139,0.004181,0.592945,-0.322532,-1.109328,-0.829925,1.230052,-0.347807,0.281908,0.123338,-0.501220,0.223782,0.147040,-0.000576,0.365597
34.880972,1.318961,0.098474,-0.916400,1.332352,1.098209,0.315301,0.489611,1.352099,0.031926,0.068330,0.556756,0.725494,0.277957,0.265505,0.004463,0.593062,-0.323027,-1.109101,-0.829765,1.230053,-0.347440,0.282647,0.120914,-0.501248,0.223964,0.150759,-0.000152,0.365546
34.882025,1.318786,0.096634,-0.916133,1.330287,1.096876,0.314236,0.491329,1.376916,0.048006,0.079890,0.555731,0.725959,0.278291,0.265858,0.004746,0.593182,-0.323526,-1.108885,-0.829609,1.230055,-0.347076,0.281923,0.120972,-0.500176,0.222414,0.152715,0.000462,0.364822
34.883042,1.313563,0.096675,-0.910137,1.330427,1.092086,0.313008,0.490613,1.390833,0.062315,0.084515,0.553963,0.725892,0.278192,0.266196,0.005023,0.593306,-0.324027,-1.108660,-0.829452,1.230059,-0.346723,0.281105,0.121526,-0.498426,0.222830,0.153555,0.001482,0.360429
34.884096,1.320082,0.095210,-0.905445,1.332079,1.089444,0.313761,0.489669,1.394823,0.070479,0.082291,0.553734,0.725150,0.277679,0.266522,0.005310,0.593428,-0.324523,-1.108444,-0.829282,1.230062,-0.346358,0.282619,0.121096,-0.499490,0.221108,0.157737,0.002667,0.360925
34.884973,1.317240,0.093092,-0.909342,1.331445,1.088395,0.314330,0.489323,1.394356,0.070008,0.076324,0.557441,0.723850,0.277040,0.266869,0.005582,0.593548,-0.325024,-1.108225,-0.829119,1.230061,-0.345997,0.278448,0.121508,-0.499958,0.217957,0.159823,0.001873,0.361867
34.885930,1.320747,0.091301,-0.912566,1.330179,1.086841,0.314743,0.489923,1.396237,0.057152,0.070337,0.568417,0.722108,0.276666,0.267251,0.005859,0.593671,-0.325509,-1.108010,-0.828953,1.230062,-0.345635,0.278593,0.122008,-0.495592,0.216575,0.160112,0.001283,0.361511
34.887034,1.321607,0.090547,-0.908025,1.327867,1.083911,0.316178,0.490155,1.397670,0.029542,0.062434,0.587466,0.719728,0.276443,0.267638,0.006129,0.593795,-0.325992,-1.107796,-0.828787,1.230058,-0.345276,0.275757,0.122421,-0.491952,0.216130,0.161008,0.000873,0.359303
34.888020,1.317000,0.090808,-0.910104,1.324765,1.083199,0.317562,0.490570,1.397102,-0.009491,0.052168,0.612345,0.716872,0.276231,0.267996,0.006400,0.593916,-0.326491,-1.107575,-0.828615,1.230053,-0.344924,0.274619,0.122504,-0.492606,0.217084,0.163386,-0.000568,0.357957
34.888964,1.317579,0.093902,-0.912889,1.324315,1.080196,0.318244,0.489658,1.394137,-0.052260,0.040435,0.638718,0.713942,0.275962,0.268302,0.006680,0.594036,-0.326970,-1.107355,-0.828449,1.230049,-0.344569,0.275838,0.121968,-0.489659,0.218425,0.163433,-0.001949,0.356165
34.890022,1.316663,0.094843,-0.905378,1.321855,1.079398,0.316585,0.489626,1.382692,-0.091812,0.024606,0.662142,0.710934,0.275418,0.268556,0.006953,0.594150,-0.327450,-1.107140,-0.828280,1.230047,-0.344207,0.274406,0.120028,-0.486208,0.217034,0.165750,-0.002636,0.357010
34.890956,1.305867,0.097040,-0.902054,1.321803,1.077032,0.315628,0.488219,1.362987,-0.122892,0.005468,0.680192,0.708008,0.274662,0.268772,0.007224,0.594270,-0.327934,-1.106917,-0.828113,1.230048,-0.343857,0.274043,0.119246,-0.488367,0.217950,0.165962,-0.000983,0.356150
34.891972,1.305343,0.101264,-0.904761,1.322274,1.076093,0.315277,0.487809,1.336433,-0.142427,-0.015619,0.691602,0.705338,0.273779,0.268953,0.007509,0.594388,-0.328420,-1.106706,-0.827941,1.230049,-0.343495,0.278206,0.117705,-0.487846,0.216221,0.167591,-0.000065,0.357981
34.892937,1.309236,0.099219,-0.899786,1.319054,1.075327,0.315890,0.487960,1.297488,-0.150822,-0.041830,0.696115,0.702604,0.272595,0.269085,0.007787,0.594497,-0.328904,-1.106494,-0.827773,1.230051,-0.343140,0.277402,0.115351,-0.484645,0.214301,0.167899,0.000247,0.357837
34.893998,1.309166,0.100936,-0.904580,1.314878,1.076848,0.316525,0.486007,1.249503,-0.149818,-0.071309,0.695293,0.699857,0.271254,0.269161,0.008055,0.594613,-0.329385,-1.106279,-0.827603,1.230049,-0.342780,0.274432,0.116022,-0.485194,0.215826,0.167965,-0.000389,0.356539
34.894977,1.306056,0.099039,-0.906080,1.310641,1.073612,0.316946,0.486847,1.202088,-0.140004,-0.098257,0.690279,0.697626,0.270010,0.269209,0.008327,0.594724,-0.329857,-1.106056,-0.827444,1.230048,-0.342419,0.273655,0.114929,-0.481254,0.218438,0.165938,-0.001039,0.359537
34.895940,1.306812,0.099446,-0.905149,1.308083,1.072977,0.318800,0.485778,1.153527,-0.121887,-0.123677,0.680396,0.695945,0.268638,0.269247,0.008600,0.594842,-0.330336,-1.105830,-0.827270,1.230045,-0.342060,0.274179,0.115512,-0.478613,0.220748,0.168495,-0.001463,0.356822
34.896919,1.300052,0.099498,-0.906063,1.307992,1.070324,0.317201,0.486172,1.099540,-0.098234,-0.150589,0.666101,0.694560,0.266952,0.269262,0.008871,0.594956,-0.330805,-1.105609,-0.827099,1.230037,-0.341702,0.272733,0.114941,-0.477243,0.221414,0.168396,-0.003310,0.358021
34.897935,1.293805,0.098215,-0.907728,1.303998,1.069327,0.316850,0.485535,1.039631,-0.073525,-0.180070,0.649712,0.693227,0.265080,0.269252,0.009152,0.595069,-0.331275,-1.105392,-0.826928,1.230037,-0.341354,0.275019,0.114597,-0.474983,0.219765,0.170376,-0.001700,0.356268
34.898979,1.288774,0.098231,-0.906641,1.305583,1.066959,0.314273,0.485574,0.968008,-0.052363,-0.216344,0.632817,0.691419,0.262905,0.269222,0.009433,0.595185,-0.331738,-1.105165,-0.826756,1.230037,-0.340993,0.277094,0.114922,-0.472581,0.221960,0.170695,-0.001383,0.356596
34.900031,1.284361,0.097818,-0.907016,1.303285,1.068508,0.313593,0.486643,0.879354,-0.038417,-0.263222,0.616408,0.688661,0.260220,0.269175,0.009716,0.595297,-0.332213,-1.104954,-0.826579,1.230041,-0.340637,0.278591,0.114657,-0.471542,0.218975,0.172398,0.001170,0.355567
34.900968,1.281738,0.101859,-0.903052,1.304173,1.071053,0.312620,0.485968,0.775482,-0.033768,-0.320018,0.601853,0.684857,0.257086,0.269098,0.009993,0.595411,-0.332681,-1.104734,-0.826415,1.230046,-0.340293,0.279877,0.114610,-0.469864,0.219776,0.170261,0.001773,0.352525
34.901954,1.286381,0.099117,-0.905787,1.300160,1.070623,0.313759,0.485219,0.662935,-0.035419,-0.382410,0.588756,0.680393,0.253730,0.268987,0.010272,0.595519,-0.333146,-1.104524,-0.826254,1.230052,-0.339937,0.279971,0.112247,-0.469970,0.217158,0.167075,0.002690,0.352926
34.902981,1.289392,0.100691,-0.910418,1.302041,1.071773,0.314504,0.485438,0.552685,-0.038319,-0.443193,0.576282,0.676001,0.250502,0.268870,0.010545,0.595635,-0.333609,-1.104300,-0.826086,1.230053,-0.339585,0.276601,0.113305,-0.466885,0.219368,0.166875,0.001500,0.353480
34.903977,1.290010,0.095870,-0.909417,1.298452,1.069798,0.314513,0.484246,0.454850,-0.042959,-0.496593,0.566241,0.672140,0.247731,0.268777,0.010812,0.595746,-0.334060,-1.104087,-0.825926,1.230054,-0.339234,0.274250,0.112243,-0.463187,0.215968,0.165180,0.000733,0.352099
34.904928,1.284722,0.094984,-0.906853,1.297645,1.069678,0.315396,0.485498,0.373383,-0.053630,-0.541065,0.561469,0.668832,0.245543,0.268708,0.011083,0.595863,-0.334519,-1.103867,-0.825758,1.230055,-0.338875,0.272981,0.114323,-0.462117,0.217871,0.166546,0.000698,0.353544
34.906008,1.289349,0.096588,-0.912926,1.295717,1.068728,0.315035,0.484364,0.305861,-0.073386,-0.578587,0.562981,0.665925,0.243798,0.268645,0.011362,0.595975,-0.334982,-1.103651,-0.825596,1.230050,-0.338534,0.274470,0.114403,-0.461583,0.216856,0.166012,-0.000184,0.350071
34.906913,1.283326,0.096734,-0.910518,1.295704,1.067340,0.313802,0.483756,0.248016,-0.100409,-0.611626,0.569171,0.663313,0.242310,0.268571,0.011625,0.596088,-0.335429,-1.103430,-0.825430,1.230047,-0.338180,0.271427,0.113380,-0.457393,0.217344,0.166437,0.000182,0.351476
34.907941,1.280593,0.097059,-0.908986,1.293625,1.068744,0.313525,0.484777,0.196944,-0.130498,-0.641619,0.577701,0.660926,0.240984,0.268502,0.011903,0.596198,-0.335885,-1.103220,-0.825262,1.230046,-0.337822,0.273218,0.112941,-0.456706,0.215521,0.167089,0.001409,0.351673
34.909093,1.283943,0.100213,-0.911768,1.294918,1.069194,0.312272,0.484879,0.148900,-0.161251,-0.670548,0.586824,0.658602,0.239706,0.268433,0.012176,0.596309,-0.336335,-1.103002,-0.825102,1.230051,-0.337481,0.273657,0.112531,-0.456113,0.216052,0.165132,0.001625,0.348716
34.910022,1.276239,0.101724,-0.908529,1.296360,1.068511,0.312580,0.483594,0.103916,-0.190040,-0.697984,0.595162,0.656382,0.238487,0.268341,0.012442,0.596416,-0.336787,-1.102794,-0.824940,1.230055,-0.337134,0.271395,0.110860,-0.453806,0.213843,0.164265,0.002832,0.347681
34.910931,1.280423,0.103557,-0.907506,1.294381,1.068749,0.314543,0.482691,0.063760,-0.215549,-0.722693,0.602644,0.654287,0.237441,0.268264,0.012725,0.596524,-0.337243,-1.102587,-0.824781,1.230057,-0.336783,0.274017,0.109790,-0.453628,0.210740,0.164339,0.002477,0.349310
34.912051,1.285702,0.105159,-0.910212,1.291296,1.068941,0.315887,0.482327,0.028963,-0.237516,-0.744259,0.609627,0.652266,0.236652,0.268251,0.012987,0.596631,-0.337689,-1.102374,-0.824620,1.230055,-0.336431,0.270809,0.108552,-0.452353,0.210890,0.163430,0.000490,0.350126
34.913022,1.286355,0.103190,-0.910310,1.290910,1.069377,0.317608,0.482804,0.005505,-0.251990,-0.758515,0.614783,0.650753,0.236294,0.268310,0.013249,0.596735,-0.338134,-1.102160,-0.824460,1.230054,-0.336083,0.267591,0.107682,-0.450045,0.212847,0.162799,-0.000869,0.349980
34.913909,1.288531,0.106091,-0.908846,1.291270,1.068742,0.317445,0.482743,-0.001920,-0.257906,-0.762544,0.617769,0.650045,0.236461,0.268423,0.013512,0.596846,-0.338584,-1.101952,-0.824302,1.230050,-0.335737,0.266340,0.108375,-0.448422,0.211666,0.161790,-0.002594,0.348077
34.915045,1.288029,0.102576,-0.914556,1.290313,1.067697,0.315534,0.480251,0.006081,-0.259721,-0.757399,0.620730,0.649950,0.237179,0.268575,0.013773,0.596949,-0.339021,-1.101749,-0.824138,1.230048,-0.335388,0.264150,0.106593,-0.447403,0.209593,0.161724,-0.002423,0.347230
34.915934,1.284072,0.100226,-0.909123,1.291195,1.070386,0.314776,0.481256,0.025548,-0.262349,-0.746206,0.625650,0.650096,0.238322,0.268780,0.014038,0.597058,-0.339457,-1.101541,-0.823976,1.230052,-0.335031,0.263831,0.108277,-0.443751,0.209606,0.162330,-0.000544,0.351367
34.917045,1.284923,0.100557,-0.913415,1.290759,1.071597,0.313447,0.481316,0.048637,-0.272820,-0.734569,0.634609,0.649907,0.239523,0.269032,0.014302,0.597167,-0.339900,-1.101339,-0.823821,1.230053,-0.334685,0.264693,0.109068,-0.444690,0.207036,0.158979,0.000178,0.348319
34.918105,1.283727,0.101881,-0.915079,1.292150,1.071055,0.312714,0.481898,0.070240,-0.295084,-0.725953,0.648585,0.649071,0.240554,0.269285,0.014564,0.597277,-0.340338,-1.101137,-0.823665,1.230056,-0.334339,0.263637,0.108743,-0.441606,0.206585,0.157382,0.001466,0.347355
34.918950,1.284630,0.102528,-0.912754,1.293193,1.071057,0.313881,0.480343,0.088327,-0.326480,-0.721152,0.665966,0.647635,0.241317,0.269525,0.014828,0.597382,-0.340777,-1.100937,-0.823510,1.230059,-0.334000,0.263499,0.107922,-0.439686,0.204155,0.157499,0.002149,0.345322
34.920031,1.282818,0.105644,-0.913762,1.293285,1.069425,0.314345,0.480391,0.103610,-0.363753,-0.719234,0.685544,0.645780,0.241885,0.269790,0.015085,0.597490,-0.341211,-1.100740,-0.823353,1.230062,-0.333648,0.261883,0.107197,-0.438972,0.201407,0.156792,0.000929,0.347461
34.920965,1.289189,0.107417,-0.917451,1.294073,1.070213,0.314749,0.482546,0.118828,-0.403071,-0.717906,0.706158,0.643817,0.242450,0.270101,0.015348,0.597590,-0.341647,-1.100541,-0.823193,1.230061,-0.333309,0.262131,0.105563,-0.437468,0.200403,0.157975,0.000450,0.346484
34.921950,1.281526,0.109389,-0.915317,1.296045,1.068736,0.315760,0.482110,0.136073,-0.439658,-0.715188,0.725850,0.642052,0.243090,0.270423,0.015593,0.597693,-0.342073,-1.100349,-0.823041,1.230059,-0.332976,0.258098,0.104435,-0.434161,0.198313,0.156613,0.000038,0.341238
34.923006,1.284159,0.112741,-0.910932,1.296936,1.069316,0.313732,0.482202,0.155326,-0.472113,-0.710871,0.744077,0.640552,0.243811,0.270734,0.015862,0.597795,-0.342508,-1.100161,-0.822882,1.230056,-0.332636,0.261026,0.103257,-0.433905,0.195342,0.157548,-0.000987,0.341262
34.924040,1.287151,0.110527,-0.912085,1.297195,1.070228,0.315405,0.483656,0.175065,-0.499841,-0.705674,0.760475,0.639342,0.244595,0.271051,0.016119,0.597891,-0.342948,-1.099968,-0.822727,1.230062,-0.332300,0.258992,0.101532,-0.434986,0.193601,0.156498,0.001014,0.340217
34.924910,1.281801,0.112681,-0.906883,1.295393,1.068277,0.314705,0.484830,0.199188,-0.522421,-0.697133,0.775190,0.638722,0.245575,0.271367,0.016365,0.597996,-0.343376,-1.099783,-0.822575,1.230057,-0.331970,0.256902,0.102503,-0.433312,0.192580,0.155135,-0.000688,0.336446
34.926027,1.276601,0.110392,-0.905245,1.295571,1.070142,0.314797,0.485639,0.229340,-0.541093,-0.684379,0.788604,0.638792,0.246756,0.271634,0.016628,0.598094,-0.343811,-1.099590,-0.822417,1.230058,-0.331643,0.258457,0.101133,-0.434134,0.192865,0.156433,0.000006,0.333203
34.926931,1.276615,0.114278,-0.904444,1.297337,1.067117,0.314938,0.485530,0.258066,-0.556621,-0.671763,0.799558,0.639211,0.247788,0.271831,0.016889,0.598198,-0.344244,-1.099399,-0.822267,1.230058,-0.331322,0.260480,0.102236,-0.434133,0.192085,0.154201,-0.000120,0.330831
34.928008,1.275786,0.116306,-0.911166,1.295828,1.066000,0.314511,0.485175,0.279763,-0.570810,-0.662692,0.808165,0.639588,0.248464,0.271981,0.017144,0.598294,-0.344670,-1.099217,-0.822105,1.230057,-0.330996,0.259451,0.100055,-0.432968,0.189145,0.156586,-0.000277,0.330186
34.929030,1.275708,0.116149,-0.908621,1.296848,1.066095,0.315161,0.487274,0.293304,-0.583177,-0.657806,0.814429,0.639729,0.248768,0.272115,0.017406,0.598391,-0.345092,-1.099024,-0.821951,1.230059,-0.330669,0.259193,0.099026,-0.428741,0.189900,0.157267,0.000120,0.330097
34.929997,1.275566,0.120065,-0.909954,1.295760,1.067995,0.316317,0.487203,0.298624,-0.592505,-0.657086,0.817866,0.639544,0.248659,0.272239,0.017663,0.598491,-0.345515,-1.098841,-0.821796,1.230056,-0.330356,0.258478,0.098991,-0.428994,0.188085,0.156682,-0.000549,0.325077
34.931139,1.276612,0.121541,-0.909211,1.296926,1.067969,0.316445,0.488388,0.299149,-0.598359,-0.658451,0.818798,0.639143,0.248285,0.272346,0.017920,0.598582,-0.345936,-1.098654,-0.821647,1.230052,-0.330030,0.257681,0.096928,-0.427046,0.188155,0.154276,-0.001709,0.324412
34.932027,1.275035,0.119625,-0.910386,1.298468,1.069850,0.315613,0.488829,0.299485,-0.598272,-0.658824,0.816830,0.638829,0.247887,0.272445,0.018172,0.598678,-0.346363,-1.098470,-0.821492,1.230051,-0.329721,0.256736,0.096264,-0.426805,0.186628,0.153961,-0.001845,0.321317
34.932943,1.277810,0.117628,-0.907339,1.296347,1.071090,0.315339,0.488138,0.301444,-0.595692,-0.657648,0.814121,0.638569,0.247619,0.272561,0.018431,0.598777,-0.346780,-1.098290,-0.821344,1.230052,-0.329406,0.256464,0.096978,-0.424686,0.183928,0.151503,-0.001028,0.319603
34.933964,1.278078,0.120549,-0.910354,1.297221,1.070302,0.315026,0.489617,0.306614,-0.598023,-0.655049,0.814511,0.638200,0.247575,0.272722,0.018683,0.598876,-0.347203,-1.098107,-0.821200,1.230051,-0.329087,0.254119,0.097746,-0.424752,0.184950,0.149780,-0.000777,0.320165
34.934980,1.275990,0.119719,-0.911455,1.294927,1.072593,0.315336,0.488922,0.317316,-0.605783,-0.649733,0.818373,0.637881,0.247799,0.272931,0.018933,0.598970,-0.347612,-1.097926,-0.821049,1.230051,-0.328778,0.253344,0.096210,-0.422314,0.183340,0.150143,-0.000487,0.316407
34.936034,1.280071,0.118172,-0.920874,1.294452,1.074213,0.315428,0.489266,0.330866,-0.615276,-0.642740,0.823405,0.637668,0.248139,0.273164,0.019189,0.599068,-0.348030,-1.097742,-0.820908,1.230050,-0.328459,0.253642,0.096539,-0.420751,0.184879,0.147467,-0.000823,0.317039
34.937031,1.277939,0.118866,-0.917451,1.294997,1.074944,0.315436,0.490486,0.341539,-0.626524,-0.637448,0.828576,0.637334,0.248314,0.273414,0.019436,0.599166,-0.348437,-1.097555,-0.820768,1.230050,-0.328150,0.251019,0.097254,-0.415263,0.184608,0.145557,-0.000938,0.315588
34.937971,1.273397,0.122618,-0.923808,1.293924,1.074678,0.314795,0.490398,0.347922,-0.642104,-0.635130,0.834938,0.636726,0.248265,0.273674,0.019686,0.599262,-0.348849,-1.097378,-0.820627,1.230049,-0.327846,0.251405,0.096793,-0.416001,0.183355,0.144461,-0.000963,0.312379
34.939009,1.276518,0.119880,-0.921229,1.293802,1.075696,0.315642,0.492148,0.347719,-0.659880,-0.636908,0.841408,0.635790,0.247957,0.273916,0.019942,0.599354,-0.349253,-1.097195,-0.820485,1.230050,-0.327539,0.252755,0.094785,-0.411626,0.183385,0.144288,-0.000343,0.311795
34.940009,1.273267,0.123715,-0.925367,1.295134,1.077833,0.314968,0.493658,0.339030,-0.676731,-0.643510,0.846346,0.634506,0.247339,0.274120,0.020186,0.599452,-0.349660,-1.097011,-0.820345,1.230046,-0.327242,0.250605,0.096102,-0.412150,0.182791,0.142941,-0.001205,0.307557
34.941093,1.276517,0.126509,-0.926143,1.297074,1.079832,0.314486,0.493736,0.325507,-0.693356,-0.652941,0.850773,0.632958,0.246601,0.274293,0.020438,0.599544,-0.350067,-1.096836,-0.820210,1.230049,-0.326942,0.251527,0.094104,-0.409092,0.180817,0.140485,-0.000557,0.303811
34.942136,1.275050,0.126411,-0.925538,1.296370,1.080362,0.314103,0.494501,0.310636,-0.708666,-0.663098,0.855024,0.631267,0.245939,0.274466,0.020685,0.599634,-0.350472,-1.096662,-0.820079,1.230051,-0.326642,0.249383,0.092768,-0.408123,0.178551,0.138309,-0.000115,0.302992
34.943010,1.275503,0.126224,-0.920955,1.296317,1.081206,0.315089,0.493968,0.297893,-0.720614,-0.671735,0.858745,0.629629,0.245490,0.274647,0.020933,0.599729,-0.350875,-1.096484,-0.819945,1.230054,-0.326350,0.249559,0.092786,-0.407690,0.178726,0.137532,0.000226,0.300767
34.944040,1.276810,0.127145,-0.927951,1.295586,1.083256,0.314029,0.495228,0.290908,-0.729479,-0.676712,0.862322,0.628242,0.245363,0.274810,0.021179,0.599821,-0.351286,-1.096309,-0.819812,1.230050,-0.326049,0.248368,0.092696,-0.408505,0.177686,0.136266,-0.000772,0.301063
34.945082,1.275102,0.126977,-0.926298,1.296223,1.085258,0.314645,0.496225,0.290240,-0.736170,-0.677773,0.865961,0.627141,0.245540,0.274938,0.021421,0.599910,-0.351684,-1.096132,-0.819685,1.230053,-0.325760,0.247165,0.092244,-0.404214,0.177842,0.134005,0.000269,0.297834
34.945945,1.273795,0.126247,-0.926476,1.296922,1.084592,0.313927,0.495174,0.292895,-0.741711,-0.676849,0.869472,0.626191,0.245847,0.275027,0.021669,0.600005,-0.352083,-1.095959,-0.819554,1.230051,-0.325472,0.247435,0.092291,-0.404402,0.176754,0.131781,-0.000377,0.295182
34.946943,1.269615,0.128911,-0.924307,1.296334,1.084839,0.313710,0.495283,0.295985,-0.748520,-0.676004,0.873542,0.625214,0.246171,0.275102,0.021918,0.600096,-0.352483,-1.095786,-0.819422,1.230053,-0.325176,0.247068,0.092472,-0.402878,0.174990,0.132046,0.000320,0.296546
34.947993,1.265115,0.128741,-0.928149,1.297268,1.083225,0.313161,0.496068,0.297483,-0.756993,-0.676493,0.878071,0.624143,0.246449,0.275186,0.022163,0.600186,-0.352880,-1.095610,-0.819289,1.230053,-0.324878,0.248517,0.091100,-0.403136,0.174903,0.131502,0.000508,0.295581
34.948969,1.266818,0.130660,-0.927971,1.297292,1.084346,0.312356,0.495104,0.292091,-0.765030,-0.681151,0.881124,0.622850,0.246433,0.275265,0.022416,0.600277,-0.353277,-1.095439,-0.819150,1.230055,-0.324589,0.250144,0.091204,-0.400556,0.173608,0.132839,0.001028,0.293331
34.950015,1.265961,0.131723,-0.927559,1.299261,1.084913,0.311953,0.494673,0.277156,-0.772280,-0.691570,0.882055,0.621235,0.245974,0.275344,0.022663,0.600365,-0.353676,-1.095266,-0.819021,1.230056,-0.324293,0.248526,0.090213,-0.399706,0.172922,0.131416,0.001802,0.294570
34.950966,1.269478,0.133066,-0.927464,1.298907,1.084406,0.312372,0.492897,0.258194,-0.778276,-0.704523,0.881528,0.619569,0.245271,0.275443,0.022907,0.600454,-0.354069,-1.095101,-0.818893,1.230059,-0.323999,0.248427,0.089715,-0.399308,0.170690,0.130665,0.002158,0.294734
34.951941,1.265918,0.133328,-0.926277,1.300000,1.086010,0.312910,0.492038,0.242941,-0.781915,-0.715340,0.880301,0.618257,0.244629,0.275564,0.023151,0.600540,-0.354464,-1.094931,-0.818764,1.230063,-0.323698,0.245898,0.089005,-0.398343,0.170382,0.130878,0.001689,0.297554
34.952995,1.266817,0.132014,-0.933003,1.300729,1.086582,0.313375,0.491376,0.235006,-0.782950,-0.721840,0.878836,0.617465,0.244186,0.275699,0.023399,0.600628,-0.354857,-1.094764,-0.818640,1.230064,-0.323396,0.246969,0.088854,-0.398054,0.168748,0.129034,0.001121,0.298501
34.953976,1.268390,0.136587,-0.929516,1.300466,1.087420,0.315118,0.489415,0.231076,-0.784344,-0.726312,0.878065,0.616910,0.243803,0.275832,0.023643,0.600720,-0.355243,-1.094601,-0.818514,1.230062,-0.323092,0.245984,0.089521,-0.394164,0.167861,0.128304,0.000644,0.299101
34.954917,1.274551,0.135664,-0.928847,1.300899,1.088001,0.315656,0.489495,0.229022,-0.786527,-0.730008,0.877917,0.616473,0.243395,0.275948,0.023886,0.600801,-0.355641,-1.094435,-0.818388,1.230058,-0.322788,0.244520,0.087264,-0.395037,0.167635,0.127225,-0.001110,0.302291
34.956000,1.274596,0.137676,-0.927312,1.301150,1.087336,0.315683,0.489067,0.236277,-0.784442,-0.727826,0.877158,0.616698,0.243271,0.276034,0.024116,0.600890,-0.356029,-1.094268,-0.818265,1.230054,-0.322489,0.240803,0.087678,-0.394392,0.166543,0.126394,-0.001637,0.301333
34.956992,1.275239,0.138933,-0.928547,1.300983,1.085900,0.316090,0.487957,0.259731,-0.776476,-0.715504,0.876120,0.617951,0.243736,0.276096,0.024357,0.600974,-0.356426,-1.094104,-0.818139,1.230053,-0.322190,0.240400,0.086787,-0.394668,0.166219,0.126946,-0.001680,0.301511
34.957914,1.273746,0.138530,-0.930368,1.301549,1.085969,0.315852,0.488118,0.296593,-0.763121,-0.694749,0.874584,0.620057,0.244694,0.276174,0.024591,0.601058,-0.356819,-1.093936,-0.818010,1.230053,-0.321881,0.239532,0.086197,-0.393206,0.165886,0.128126,-0.002113,0.302973
34.958986,1.276234,0.139821,-0.926026,1.300783,1.087756,0.315716,0.487538,0.338934,-0.746165,-0.670431,0.872187,0.622537,0.245856,0.276285,0.024832,0.601144,-0.357203,-1.093776,-0.817884,1.230051,-0.321580,0.239508,0.086348,-0.391317,0.164777,0.127737,-0.001878,0.301856
34.959926,1.273129,0.143273,-0.926242,1.300903,1.087038,0.315020,0.488112,0.383150,-0.727718,-0.644867,0.869329,0.625128,0.247100,0.276403,0.025068,0.601229,-0.357600,-1.093609,-0.817764,1.230051,-0.321278,0.237864,0.085798,-0.392960,0.165364,0.125852,-0.001769,0.302321
34.960994,1.274258,0.141160,-0.927185,1.301665,1.087407,0.314786,0.487921,0.429641,-0.705116,-0.617288,0.864690,0.627953,0.248433,0.276506,0.025306,0.601310,-0.357985,-1.093445,-0.817639,1.230050,-0.320981,0.238543,0.083989,-0.391551,0.164355,0.126225,-0.001080,0.300320
34.962073,1.273280,0.146674,-0.925326,1.299255,1.086282,0.313795,0.487822,0.475760,-0.678747,-0.589210,0.858268,0.630811,0.249764,0.276597,0.025540,0.601394,-0.358374,-1.093288,-0.817515,1.230049,-0.320677,0.236838,0.084848,-0.389325,0.162598,0.125363,-0.000859,0.299689
34.962963,1.268069,0.141777,-0.921135,1.297026,1.085289,0.314533,0.488497,0.519282,-0.650240,-0.562160,0.850739,0.633468,0.251004,0.276680,0.025773,0.601469,-0.358763,-1.093120,-0.817388,1.230049,-0.320386,0.236262,0.081940,-0.388540,0.163808,0.125987,0.000124,0.298913
34.963958,1.270886,0.142032,-0.917514,1.297701,1.087514,0.314383,0.488560,0.558515,-0.617758,-0.536803,0.840823,0.635948,0.252039,0.276738,0.026013,0.601559,-0.359149,-1.092955,-0.817260,1.230048,-0.320094,0.237409,0.084011,-0.388436,0.164375,0.126325,-0.000634,0.296537
34.964986,1.272931,0.139182,-0.912136,1.295168,1.085731,0.313910,0.488992,0.593580,-0.585155,-0.513511,0.830389,0.638170,0.252904,0.276764,0.026243,0.601640,-0.359540,-1.092795,-0.817141,1.230048,-0.319804,0.234785,0.083610,-0.388270,0.162442,0.123588,-0.000490,0.295439
34.965951,1.275549,0.143640,-0.909880,1.291547,1.084817,0.314925,0.489660,0.631810,-0.557116,-0.488639,0.823015,0.640358,0.253957,0.276792,0.026469,0.601728,-0.359929,-1.092627,-0.817016,1.230048,-0.319512,0.232689,0.084743,-0.389113,0.163642,0.124885,-0.000027,0.293579
34.966991,1.271852,0.141287,-0.908025,1.290013,1.083021,0.313793,0.488392,0.680014,-0.529282,-0.457655,0.817493,0.643096,0.255424,0.276834,0.026695,0.601807,-0.360315,-1.092459,-0.816890,1.230046,-0.319224,0.230202,0.082237,-0.388219,0.165748,0.125214,-0.001061,0.291258
34.968093,1.270363,0.140462,-0.899221,1.291577,1.080019,0.314077,0.488782,0.736041,-0.495673,-0.421048,0.810315,0.646598,0.257154,0.276869,0.026927,0.601891,-0.360704,-1.092294,-0.816764,1.230048,-0.318930,0.230950,0.083200,-0.387320,0.165993,0.126487,0.000064,0.292844
34.968995,1.269067,0.138656,-0.899991,1.289430,1.080848,0.313011,0.489251,0.793981,-0.460094,-0.382854,0.802571,0.650466,0.258974,0.276878,0.027155,0.601975,-0.361095,-1.092138,-0.816629,1.230048,-0.318643,0.230698,0.083404,-0.390074,0.163527,0.128932,-0.000245,0.291076
34.969935,1.273087,0.140558,-0.893460,1.289219,1.079952,0.312319,0.488693,0.850938,-0.429894,-0.345811,0.797717,0.654272,0.260865,0.276850,0.027384,0.602059,-0.361480,-1.091972,-0.816504,1.230052,-0.318356,0.230033,0.083958,-0.387470,0.164064,0.127447,0.000799,0.289146
34.970967,1.271495,0.141153,-0.890769,1.288196,1.078471,0.312851,0.488591,0.908076,-0.405691,-0.309356,0.796284,0.658026,0.262859,0.276801,0.027604,0.602139,-0.361865,-1.091809,-0.816371,1.230051,-0.318068,0.226847,0.082714,-0.388723,0.162788,0.127699,0.001477,0.289298
34.971998,1.272494,0.144876,-0.886571,1.286586,1.076130,0.313446,0.487047,0.969151,-0.383601,-0.270773,0.796977,0.662009,0.265086,0.276753,0.027831,0.602221,-0.362251,-1.091649,-0.816243,1.230050,-0.317779,0.226581,0.082194,-0.388228,0.162648,0.128631,0.000922,0.288521
34.973009,1.276874,0.142868,-0.887390,1.285132,1.076474,0.313290,0.487455,1.034203,-0.358625,-0.229324,0.797369,0.666369,0.267556,0.276710,0.028056,0.602295,-0.362642,-1.091486,-0.816108,1.230049,-0.317487,0.225014,0.080182,-0.388463,0.163035,0.130360,0.000319,0.290651
34.974034,1.276960,0.145878,-0.885150,1.281276,1.075689,0.314169,0.487604,1.102150,-0.328316,-0.185342,0.795948,0.671101,0.270189,0.276683,0.028269,0.602378,-0.363021,-1.091321,-0.815979,1.230050,-0.317200,0.221858,0.080957,-0.386240,0.163168,0.129415,0.000464,0.288828
34.974952,1.277854,0.145458,-0.875439,1.282403,1.074427,0.313620,0.485162,1.172639,-0.292721,-0.139144,0.792383,0.676169,0.272894,0.276685,0.028490,0.602454,-0.363406,-1.091149,-0.815848,1.230049,-0.316911,0.220813,0.079270,-0.385550,0.165571,0.129621,-0.000434,0.287561
34.975942,1.277079,0.145695,-0.876905,1.278445,1.074301,0.313526,0.483900,1.245516,-0.251381,-0.090769,0.786326,0.681599,0.275649,0.276725,0.028703,0.602533,-0.363800,-1.090990,-0.815715,1.230049,-0.316616,0.219265,0.079220,-0.388214,0.162971,0.130204,0.000116,0.291477
34.976968,1.272635,0.144459,-0.866939,1.278414,1.069830,0.314042,0.482850,1.320320,-0.206223,-0.040716,0.778731,0.687309,0.278470,0.276808,0.028921,0.602611,-0.364177,-1.090824,-0.815586,1.230049,-0.316319,0.218609,0.078879,-0.385608,0.165548,0.129732,0.000192,0.292967
34.977963,1.274794,0.146302,-0.869370,1.276340,1.070689,0.313381,0.483225,1.391741,-0.160938,0.007433,0.770449,0.692935,0.281145,0.276909,0.029356,0.602766,-0.364950,-1.090493,-0.815311,1.230049,-0.315734,0.219807,0.079315,-0.388685,0.164258,0.133546,-0.000335,0.294069
34.978981,1.271640,0.145746,-0.868173,1.274520,1.068503,0.312955,0.483743,1.455578,-0.117900,0.050912,0.761945,0.698177,0.283529,0.276997,0.029356,0.602766,-0.364950,-1.090493,-0.815311,1.230049,-0.315734,0.217731,0.078192,-0.385607,0.164952,0.132010,0.000315,0.292300
34.979955,1.269863,0.146237,-0.864256,1.273246,1.067599,0.314138,0.482160,1.509370,-0.077694,0.088193,0.753051,0.702849,0.285498,0.277060,0.029575,0.602847,-0.365334,-1.090329,-0.815174,1.230050,-0.315446,0.218324,0.078248,-0.384389,0.165467,0.133570,0.000719,0.290289
34.980966,1.271160,0.144048,-0.861168,1.272776,1.066878,0.314044,0.481898,1.550126,-0.040715,0.117490,0.743340,0.706764,0.286905,0.277114,0.029793,0.602924,-0.365723,-1.090163,-0.815043,1.230048,-0.315148,0.218140,0.077790,-0.384358,0.165288,0.133837,-0.000479,0.292476
34.981930,1.267723,0.143132,-0.859552,1.272394,1.065234,0.313730,0.483494,1.580172,-0.009152,0.139892,0.734253,0.709908,0.287906,0.277181,0.030005,0.603005,-0.366103,-1.090003,-0.814907,1.230048,-0.314854,0.216533,0.078664,-0.384088,0.164550,0.133914,-0.000391,0.291977
34.982967,1.262083,0.147425,-0.861114,1.270697,1.065317,0.313836,0.482826,1.602965,0.013185,0.156867,0.728225,0.712256,0.288699,0.277247,0.030222,0.603084,-0.366485,-1.089842,-0.814768,1.230048,-0.314576,0.217202,0.078863,-0.382936,0.163555,0.134858,-0.000088,0.287808
34.983986,1.261126,0.145269,-0.856378,1.268858,1.062432,0.312917,0.483049,1.614209,0.027037,0.165993,0.724239,0.713625,0.289113,0.277289,0.030444,0.603157,-0.366858,-1.089677,-0.814634,1.230048,-0.314285,0.219024,0.076575,-0.380496,0.164012,0.134150,-0.000213,0.288205
34.984959,1.259607,0.145552,-0.851683,1.267314,1.061035,0.313151,0.481624,1.609416,0.037763,0.165401,0.718883,0.714044,0.288915,0.277308,0.030660,0.603236,-0.367241,-1.089511,-0.814492,1.230049,-0.313997,0.218499,0.077488,-0.381078,0.164502,0.136365,0.000698,0.286773
34.986060,1.255245,0.144116,-0.851370,1.266882,1.060395,0.313077,0.481659,1.593240,0.047179,0.158035,0.711850,0.713838,0.288239,0.277329,0.030882,0.603313,-0.367625,-1.089346,-0.814354,1.230052,-0.313709,0.218144,0.077118,-0.381468,0.164607,0.137054,0.000421,0.288676
34.986958,1.256886,0.143394,-0.847248,1.264229,1.060337,0.312273,0.483238,1.570044,0.053808,0.146190,0.704559,0.713172,0.287243,0.277367,0.031100,0.603392,-0.368001,-1.089181,-0.814215,1.230054,-0.313423,0.219473,0.077702,-0.380110,0.163940,0.137073,0.000474,0.287625
34.987989,1.255246,0.138698,-0.845407,1.262170,1.060614,0.311952,0.482141,1.510695,0.053351,0.112853,0.692791,0.710768,0.284427,0.277440,0.031531,0.603552,-0.368757,-1.088847,-0.813951,1.230056,-0.312861,0.217350,0.079920,-0.379287,0.165659,0.135564,0.001559,0.284779
34.989057,1.254970,0.140597,-0.844021,1.262860,1.060978,0.312986,0.482306,1.481334,0.043613,0.094898,0.690376,0.709356,0.282780,0.277500,0.031748,0.603630,-0.369129,-1.088690,-0.813816,1.230056,-0.312582,0.216574,0.078779,-0.378430,0.163951,0.134599,0.000501,0.283495
34.990046,1.254521,0.140439,-0.842283,1.260609,1.061272,0.313073,0.482984,1.481334,0.043613,0.094898,0.690376,0.709356,0.282780,0.277500,0.031748,0.603630,-0.369129,-1.088690,-0.813816,1.230056,-0.312582,0.216574,0.078779,-0.378430,0.163951,0.134599,0.000501,0.283495
34.990988,1.255103,0.141324,-0.847814,1.259449,1.059753,0.313491,0.483823,1.453942,0.029430,0.077357,0.689952,0.707953,0.281116,0.277582,0.031962,0.603708,-0.369505,-1.088522,-0.813685,1.230056,-0.312306,0.215803,0.078656,-0.377479,0.164765,0.133701,0.000406,0.281204
34.992090,1.251075,0.139927,-0.844945,1.259510,1.060627,0.314305,0.484323,1.427596,0.014628,0.060148,0.689688,0.706627,0.279410,0.277664,0.032172,0.603785,-0.369866,-1.088356,-0.813548,1.230056,-0.312029,0.214490,0.077969,-0.372912,0.164377,0.134522,-0.000025,0.278581
34.992978,1.250779,0.139705,-0.850518,1.258488,1.059759,0.313389,0.482923,1.398326,-0.001209,0.040789,0.689254,0.705129,0.277522,0.277728,0.032391,0.603865,-0.370242,-1.088196,-0.813414,1.230054,-0.311760,0.215651,0.078529,-0.372893,0.163345,0.133063,-0.000848,0.276704
34.993950,1.251916,0.140682,-0.847598,1.254182,1.057794,0.312677,0.483794,1.362321,-0.020841,0.016645,0.689529,0.703129,0.275360,0.277782,0.032601,0.603941,-0.370604,-1.088036,-0.813283,1.230056,-0.311481,0.214660,0.078366,-0.368138,0.162832,0.133266,0.000058,0.278583
34.994993,1.248208,0.142443,-0.847711,1.255578,1.057240,0.312896,0.482842,1.319701,-0.042383,-0.011953,0.689457,0.700682,0.272868,0.277841,0.032813,0.604017,-0.370967,-1.087865,-0.813146,1.230059,-0.311211,0.213086,0.077672,-0.367931,0.165575,0.134556,0.000741,0.275888
34.995994,1.247190,0.142212,-0.844573,1.255742,1.057947,0.312848,0.483239,1.273644,-0.060297,-0.042336,0.686718,0.698149,0.270118,0.277914,0.033033,0.604090,-0.371335,-1.087705,-0.813015,1.230058,-0.310936,0.213990,0.076679,-0.366299,0.163010,0.134523,0.000501,0.276914
34.996944,1.246435,0.142698,-0.841680,1.254854,1.058048,0.313431,0.483160,1.225998,-0.074399,-0.073279,0.681926,0.695605,0.267304,0.278013,0.033243,0.604167,-0.371697,-1.087545,-0.812883,1.230057,-0.310665,0.213557,0.076605,-0.366263,0.161627,0.133199,0.000545,0.275187
34.997955,1.243292,0.140439,-0.840050,1.254073,1.057777,0.312578,0.482470,1.179700,-0.086932,-0.103213,0.677011,0.693118,0.264672,0.278124,0.033455,0.604243,-0.372061,-1.087385,-0.812753,1.230055,-0.310391,0.212889,0.076142,-0.365933,0.161129,0.132466,-0.000046,0.274425
34.998944,1.247758,0.140832,-0.841663,1.252982,1.055379,0.312695,0.483543,1.136651,-0.099356,-0.131055,0.672947,0.690791,0.262303,0.278223,0.033669,0.604320,-0.372424,-1.087223,-0.812621,1.230056,-0.310118,0.213516,0.077100,-0.365141,0.160666,0.132139,0.000804,0.274903
35.000049,1.242709,0.144512,-0.841629,1.250775,1.054482,0.314145,0.483928,1.096970,-0.113892,-0.157006,0.670704,0.688574,0.260146,0.278307,0.033872,0.604395,-0.372780,-1.087066,-0.812484,1.230056,-0.309855,0.210386,0.076715,-0.362751,0.160555,0.133885,0.000664,0.271845
35.000987,1.240828,0.142609,-0.837375,1.251980,1.054996,0.314142,0.482990,1.060397,-0.127648,-0.180865,0.668751,0.686562,0.258137,0.278384,0.034088,0.604464,-0.373140,-1.086901,-0.812352,1.230052,-0.309590,0.212119,0.074838,-0.361480,0.161691,0.134229,-0.000795,0.270226
35.001948,1.235807,0.142705,-0.840853,1.248257,1.054669,0.313480,0.482859,1.024129,-0.137165,-0.203727,0.665055,0.684786,0.256195,0.278482,0.034299,0.604540,-0.373499,-1.086745,-0.812223,1.230052,-0.309317,0.211998,0.075583,-0.361875,0.159144,0.133067,-0.000786,0.271203
35.002966,1.234989,0.145953,-0.833891,1.247450,1.052671,0.314126,0.482212,0.984036,-0.144986,-0.228232,0.660251,0.683004,0.254186,0.278604,0.034515,0.604617,-0.373855,-1.086581,-0.812093,1.230053,-0.309046,0.213453,0.075303,-0.358443,0.161457,0.132781,-0.000140,0.270533
35.004007,1.232634,0.144324,-0.834316,1.245173,1.050027,0.314503,0.483995,0.889082,-0.148232,-0.282666,0.642957,0.679731,0.249735,0.278809,0.034941,0.604763,-0.374574,-1.086254,-0.811809,1.230048,-0.308517,0.213194,0.074259,-0.358714,0.162031,0.136064,-0.001171,0.266470
35.004988,1.230245,0.142018,-0.839651,1.243343,1.051088,0.314043,0.484620,0.836690,-0.144517,-0.311258,0.631379,0.678271,0.247419,0.278862,0.035154,0.604840,-0.374921,-1.086091,-0.811677,1.230048,-0.308256,0.213393,0.075213,-0.354531,0.162500,0.134337,-0.000715,0.264374
35.006045,1.224141,0.144866,-0.837632,1.242407,1.049329,0.313824,0.483821,0.775047,-0.143321,-0.345207,0.619850,0.676326,0.244793,0.278893,0.035372,0.604911,-0.375277,-1.085928,-0.811540,1.230048,-0.307992,0.215519,0.073684,-0.354190,0.162257,0.135495,-0.000512,0.265134
35.006989,1.221546,0.146371,-0.839261,1.241972,1.049066,0.314546,0.484816,0.775047,-0.143321,-0.345207,0.619850,0.676326,0.244793,0.278893,0.035372,0.604911,-0.375277,-1.085928,-0.811540,1.230048,-0.307992,0.215519,0.073684,-0.354190,0.162257,0.135495,-0.000512,0.265134
35.007979,1.221086,0.147579,-0.836456,1.241570,1.049068,0.313612,0.484243,0.702402,-0.142879,-0.385386,0.607515,0.673790,0.241846,0.278906,0.035589,0.604982,-0.375623,-1.085770,-0.811403,1.230045,-0.307735,0.215698,0.072774,-0.351789,0.161355,0.135046,-0.001243,0.262244
35.008992,1.213902,0.146097,-0.838407,1.239504,1.048182,0.313082,0.486139,0.623585,-0.141196,-0.428865,0.594531,0.670853,0.238848,0.278897,0.035804,0.605052,-0.375974,-1.085609,-0.811271,1.230047,-0.307476,0.214911,0.072048,-0.351698,0.160470,0.134413,-0.000315,0.262563
35.009993,1.218221,0.144946,-0.838423,1.238183,1.047341,0.312787,0.486569,0.458796,-0.140431,-0.520490,0.571239,0.663966,0.233049,0.278892,0.036232,0.605202,-0.376661,-1.085284,-0.810997,1.230049,-0.306972,0.214377,0.073046,-0.347958,0.161292,0.134838,0.000461,0.256230
35.010991,1.215610,0.146649,-0.835562,1.235992,1.046681,0.312780,0.486547,0.458796,-0.140431,-0.520490,0.571239,0.663966,0.233049,0.278892,0.036232,0.605202,-0.376661,-1.085284,-0.810997,1.230049,-0.306972,0.214377,0.073046,-0.347958,0.161292,0.134838,0.000461,0.256230
35.012054,1.214559,0.145076,-0.833411,1.237559,1.046609,0.312673,0.486143,0.379758,-0.143893,-0.565075,0.562698,0.660331,0.230372,0.278940,0.036449,0.605272,-0.377010,-1.085119,-0.810864,1.230049,-0.306718,0.214708,0.072080,-0.347933,0.162111,0.134866,0.000452,0.255445
35.013057,1.220235,0.145127,-0.835595,1.231279,1.046565,0.313457,0.485536,0.310568,-0.148373,-0.604160,0.556588,0.657065,0.228127,0.279030,0.036662,0.605348,-0.377352,-1.084967,-0.810730,1.230050,-0.306464,0.214351,0.072749,-0.347800,0.159633,0.134338,0.000540,0.255430
35.013952,1.222535,0.143362,-0.838374,1.228840,1.045070,0.313726,0.486905,0.254118,-0.153578,-0.635937,0.553105,0.654427,0.226408,0.279153,0.036865,0.605418,-0.377692,-1.084793,-0.810594,1.230048,-0.306210,0.210642,0.072600,-0.345343,0.164415,0.133739,-0.000257,0.255809
35.015043,1.220828,0.143063,-0.839657,1.224334,1.042962,0.314070,0.487662,0.213278,-0.156837,-0.658341,0.550852,0.652793,0.225184,0.279289,0.037070,0.605493,-0.378026,-1.084626,-0.810455,1.230048,-0.305960,0.208473,0.073246,-0.342384,0.165122,0.134486,-0.000529,0.252192
35.016035,1.217431,0.140178,-0.843044,1.221626,1.040162,0.313201,0.486665,0.184839,-0.156976,-0.673094,0.548270,0.652162,0.224231,0.279402,0.037280,0.605568,-0.378364,-1.084452,-0.810316,1.230047,-0.305712,0.208563,0.073289,-0.340680,0.168318,0.135981,-0.000884,0.249891
35.016978,1.214941,0.142502,-0.840927,1.219687,1.037849,0.312493,0.486699,0.159306,-0.155995,-0.685973,0.544498,0.652061,0.223158,0.279474,0.037492,0.605644,-0.378697,-1.084280,-0.810172,1.230048,-0.305462,0.209295,0.074560,-0.337675,0.169460,0.138050,-0.000026,0.251094
35.018021,1.214735,0.142360,-0.839009,1.218658,1.033389,0.312909,0.485717,0.129124,-0.155630,-0.701593,0.539110,0.652041,0.221694,0.279512,0.037698,0.605714,-0.379028,-1.084109,-0.810028,1.230051,-0.305211,0.209562,0.073218,-0.337362,0.169734,0.139582,0.000654,0.250168
35.019064,1.211664,0.141930,-0.845855,1.216937,1.031972,0.312360,0.486792,0.095454,-0.154821,-0.719158,0.532155,0.652085,0.219985,0.279521,0.037907,0.605785,-0.379364,-1.083944,-0.809879,1.230051,-0.304958,0.208798,0.073205,-0.337145,0.169516,0.143307,0.000212,0.251327
35.019913,1.210908,0.145479,-0.842452,1.217560,1.028106,0.313160,0.486365,0.059773,-0.154202,-0.737980,0.524536,0.652112,0.218164,0.279495,0.038118,0.605859,-0.379690,-1.083773,-0.809735,1.230052,-0.304712,0.209474,0.073302,-0.332613,0.169846,0.143990,0.000747,0.248338
35.020944,1.205975,0.147250,-0.846885,1.214532,1.025019,0.312507,0.484410,0.020708,-0.155518,-0.759217,0.517253,0.651854,0.216232,0.279436,0.038328,0.605925,-0.380019,-1.083609,-0.809583,1.230051,-0.304464,0.208674,0.071335,-0.332728,0.167455,0.146951,-0.000069,0.248377
35.021953,1.204317,0.145123,-0.844531,1.216397,1.024814,0.312941,0.483252,-0.021745,-0.156024,-0.782515,0.509301,0.651303,0.214236,0.279371,0.038542,0.605992,-0.380345,-1.083438,-0.809432,1.230054,-0.304202,0.210225,0.070410,-0.329377,0.169092,0.149254,0.000565,0.251454
35.022982,1.205338,0.142921,-0.843168,1.212914,1.024198,0.312096,0.482702,-0.068440,-0.156053,-0.808371,0.500735,0.650354,0.212160,0.279337,0.038752,0.606066,-0.380668,-1.083275,-0.809285,1.230051,-0.303948,0.210128,0.071335,-0.329462,0.165894,0.148672,0.000123,0.252916
35.024003,1.206774,0.144151,-0.846487,1.211951,1.024323,0.312284,0.482261,-0.115378,-0.160806,-0.835152,0.494578,0.649006,0.210171,0.279344,0.038959,0.606141,-0.380998,-1.083104,-0.809134,1.230052,-0.303693,0.208757,0.072294,-0.328988,0.168013,0.148507,0.000962,0.253164
35.024994,1.202910,0.144468,-0.846632,1.209574,1.022412,0.312886,0.481354,-0.155780,-0.170654,-0.858982,0.491781,0.647635,0.208463,0.279400,0.039162,0.606211,-0.381320,-1.082937,-0.808990,1.230052,-0.303443,0.207223,0.071562,-0.326224,0.167587,0.147659,0.000751,0.253227
35.025929,1.202791,0.143460,-0.845719,1.207467,1.019754,0.312964,0.480873,-0.189468,-0.181896,-0.879270,0.490425,0.646462,0.206971,0.279504,0.039373,0.606282,-0.381641,-1.082769,-0.808840,1.230051,-0.303186,0.208215,0.071289,-0.325023,0.168507,0.148786,0.000136,0.254196
35.026984,1.202762,0.140942,-0.843794,1.208050,1.020354,0.313363,0.480761,-0.219275,-0.192596,-0.897372,0.489155,0.645484,0.205578,0.279630,0.039580,0.606354,-0.381965,-1.082598,-0.808684,1.230051,-0.302934,0.207259,0.071607,-0.324146,0.168937,0.150553,0.000050,0.254309
35.027923,1.201741,0.142486,-0.841594,1.205094,1.018870,0.313064,0.481123,-0.243749,-0.205150,-0.912760,0.489502,0.644709,0.204383,0.279757,0.039783,0.606429,-0.382286,-1.082432,-0.808540,1.230049,-0.302681,0.206511,0.072747,-0.324142,0.167097,0.149229,-0.000357,0.253699
35.028918,1.200031,0.140731,-0.845421,1.203982,1.015408,0.313131,0.480387,-0.259495,-0.221324,-0.923660,0.493068,0.644246,0.203574,0.279886,0.039988,0.606499,-0.382608,-1.082262,-0.808389,1.230051,-0.302428,0.206060,0.071802,-0.323934,0.168446,0.149883,-0.000073,0.252118
35.030024,1.201273,0.139766,-0.847716,1.203255,1.015007,0.312948,0.479598,-0.268403,-0.239295,-0.930879,0.498671,0.644096,0.203057,0.280028,0.040194,0.606572,-0.382927,-1.082092,-0.808233,1.230048,-0.302174,0.206028,0.072550,-0.320885,0.168048,0.152504,-0.000144,0.252773
35.030912,1.202445,0.147223,-0.850643,1.203321,1.015101,0.312944,0.480663,-0.275085,-0.260659,-0.937390,0.506381,0.643930,0.202629,0.280194,0.040395,0.606645,-0.383239,-1.081926,-0.808080,1.230049,-0.301918,0.204748,0.072967,-0.319022,0.167668,0.152127,0.000023,0.253526
35.031982,1.201712,0.151814,-0.848886,1.203214,1.013247,0.312462,0.478878,-0.279548,-0.283560,-0.943037,0.515570,0.643719,0.202328,0.280365,0.040595,0.606706,-0.383550,-1.081766,-0.807930,1.230049,-0.301676,0.203165,0.069109,-0.316238,0.166044,0.151158,0.000012,0.250544
35.032976,1.200392,0.149942,-0.850928,1.202588,1.014091,0.313080,0.479481,-0.278861,-0.298094,-0.944794,0.522355,0.643880,0.202315,0.280525,0.040795,0.606769,-0.383867,-1.081600,-0.807778,1.230049,-0.301417,0.202842,0.066853,-0.316265,0.164947,0.152263,0.000484,0.253328
35.033985,1.202766,0.146237,-0.857383,1.202397,1.012750,0.312393,0.480196,-0.272994,-0.301402,-0.942257,0.525559,0.644456,0.202625,0.280682,0.040998,0.606840,-0.384175,-1.081440,-0.807630,1.230046,-0.301163,0.202648,0.067688,-0.314234,0.164325,0.150610,-0.000139,0.251233
35.034967,1.201812,0.147537,-0.852168,1.202800,1.010247,0.313752,0.479100,-0.265206,-0.303853,-0.938839,0.529522,0.644837,0.203119,0.280833,0.041196,0.606912,-0.384479,-1.081277,-0.807480,1.230050,-0.300922,0.200670,0.069427,-0.310083,0.163222,0.151185,0.000524,0.249017
35.035979,1.205794,0.146684,-0.855472,1.201245,1.012474,0.313999,0.479177,-0.256127,-0.314949,-0.936334,0.538713,0.644573,0.203782,0.280996,0.041393,0.606980,-0.384789,-1.081117,-0.807325,1.230047,-0.300669,0.200363,0.068656,-0.311707,0.161532,0.152842,-0.000854,0.250404
35.036969,1.206034,0.147994,-0.855767,1.200269,1.011857,0.313432,0.478432,-0.241659,-0.333848,-0.932184,0.553403,0.643889,0.204805,0.281206,0.041585,0.607052,-0.385090,-1.080957,-0.807183,1.230048,-0.300417,0.197645,0.068972,-0.309169,0.161890,0.149866,-0.001110,0.249399
35.037915,1.209003,0.148015,-0.855006,1.198857,1.010251,0.313850,0.479183,-0.219330,-0.356006,-0.924193,0.571510,0.643142,0.206232,0.281471,0.041779,0.607118,-0.385399,-1.080795,-0.807034,1.230049,-0.300168,0.196794,0.068233,-0.308028,0.161548,0.149722,-0.000554,0.250084
35.039046,1.210765,0.148655,-0.858485,1.197544,1.012186,0.313079,0.480054,-0.189064,-0.377863,-0.911737,0.591034,0.642562,0.207987,0.281763,0.041971,0.607186,-0.385703,-1.080636,-0.806883,1.230048,-0.299926,0.194491,0.068109,-0.307350,0.161592,0.150493,-0.000985,0.247751
35.040008,1.208385,0.148659,-0.856052,1.198558,1.014430,0.312962,0.478195,-0.150896,-0.397120,-0.894438,0.610626,0.642337,0.210014,0.282049,0.042164,0.607252,-0.386005,-1.080473,-0.806743,1.230049,-0.299690,0.193104,0.067819,-0.305051,0.161935,0.147926,-0.000228,0.245264
35.041006,1.208987,0.149124,-0.859204,1.197627,1.014036,0.312700,0.478405,-0.107457,-0.414119,-0.873774,0.629874,0.642448,0.212189,0.282341,0.042357,0.607320,-0.386307,-1.080317,-0.806611,1.230049,-0.299438,0.193519,0.067708,-0.305292,0.159667,0.145030,-0.000130,0.248199
35.042072,1.207311,0.151905,-0.859229,1.194891,1.015164,0.313175,0.478293,-0.063020,-0.430838,-0.852392,0.649122,0.642734,0.214383,0.282655,0.042547,0.607388,-0.386606,-1.080159,-0.806467,1.230048,-0.299191,0.192507,0.067387,-0.302824,0.159419,0.144720,0.000124,0.246924
35.043037,1.208845,0.149752,-0.858283,1.193041,1.016219,0.312541,0.479893,-0.021376,-0.445296,-0.832087,0.666637,0.643204,0.216424,0.282956,0.042742,0.607451,-0.386911,-1.079993,-0.806331,1.230048,-0.298945,0.192717,0.066001,-0.302087,0.160950,0.142969,-0.000370,0.246362
35.043979,1.208669,0.150825,-0.854533,1.192613,1.013415,0.312819,0.479353,0.016396,-0.453556,-0.812795,0.679852,0.644076,0.218193,0.283197,0.042929,0.607522,-0.387207,-1.079834,-0.806192,1.230049,-0.298708,0.191220,0.066955,-0.301633,0.161474,0.141200,0.000254,0.242349
35.044944,1.204446,0.151210,-0.857204,1.190564,1.016774,0.312388,0.477657,0.053628,-0.456574,-0.792691,0.689556,0.645510,0.219823,0.283393,0.043119,0.607587,-0.387510,-1.079672,-0.806048,1.230050,-0.298467,0.190537,0.066310,-0.302454,0.160444,0.143273,-0.000052,0.242674
35.045954,1.204654,0.148318,-0.857227,1.191830,1.016488,0.312993,0.479470,0.090134,-0.456358,-0.772177,0.696736,0.647368,0.221360,0.283591,0.043309,0.607653,-0.387804,-1.079510,-0.805919,1.230050,-0.298213,0.191913,0.066041,-0.300198,0.161134,0.139239,0.000377,0.245243
35.047018,1.203939,0.156010,-0.854699,1.192825,1.016733,0.313385,0.479418,0.120937,-0.456731,-0.754668,0.702473,0.649198,0.222659,0.283788,0.043498,0.607724,-0.388102,-1.079358,-0.805780,1.230049,-0.297981,0.191124,0.067389,-0.299377,0.158814,0.138891,-0.000248,0.240799
35.047990,1.203531,0.156565,-0.859871,1.190770,1.018024,0.312860,0.479502,0.147018,-0.459614,-0.739912,0.708257,0.650869,0.223868,0.283943,0.043690,0.607781,-0.388402,-1.079202,-0.805645,1.230046,-0.297740,0.190878,0.063586,-0.299967,0.156843,0.138040,-0.000637,0.240166
35.048993,1.206213,0.156244,-0.857175,1.189992,1.020908,0.312605,0.479063,0.171227,-0.458914,-0.725427,0.711987,0.652654,0.225129,0.284059,0.043877,0.607844,-0.388688,-1.079040,-0.805513,1.230049,-0.297505,0.190382,0.063294,-0.296554,0.157575,0.136105,-0.000135,0.239224
35.050033,1.203134,0.163725,-0.858643,1.191022,1.022129,0.313415,0.479558,0.194385,-0.451932,-0.710390,0.712304,0.654675,0.226358,0.284166,0.044061,0.607908,-0.388987,-1.078886,-0.805388,1.230048,-0.297272,0.188411,0.063422,-0.297088,0.157232,0.132664,0.000110,0.239359
35.051041,1.205411,0.157876,-0.862575,1.191138,1.023093,0.312413,0.481171,0.218739,-0.438320,-0.693486,0.709397,0.657027,0.227603,0.284261,0.044250,0.607960,-0.389282,-1.078733,-0.805261,1.230047,-0.297039,0.189359,0.059777,-0.295632,0.155233,0.130926,-0.000717,0.237603
35.051991,1.205683,0.159170,-0.862944,1.190258,1.023917,0.312124,0.479537,0.243297,-0.420175,-0.675684,0.704474,0.659514,0.228886,0.284320,0.044434,0.608029,-0.389565,-1.078583,-0.805136,1.230048,-0.296812,0.187587,0.062675,-0.293011,0.154137,0.129420,0.000280,0.233624
35.052923,1.208093,0.158872,-0.861259,1.187293,1.023109,0.312159,0.478090,0.266548,-0.406286,-0.659313,0.701630,0.661666,0.230144,0.284373,0.044621,0.608091,-0.389858,-1.078428,-0.805012,1.230049,-0.296572,0.186729,0.061949,-0.291922,0.153775,0.128027,0.000544,0.236164
35.054003,1.211026,0.157432,-0.859991,1.183767,1.026437,0.312113,0.479159,0.290947,-0.398063,-0.643265,0.701762,0.663550,0.231399,0.284484,0.044800,0.608154,-0.390145,-1.078268,-0.804886,1.230049,-0.296328,0.184849,0.062028,-0.291865,0.155327,0.128248,0.000492,0.238246
35.054958,1.208952,0.156185,-0.863295,1.182798,1.025428,0.312212,0.479473,0.320803,-0.390032,-0.624232,0.702530,0.665647,0.232709,0.284652,0.044977,0.608218,-0.390436,-1.078103,-0.804770,1.230048,-0.296095,0.182972,0.062772,-0.291962,0.157723,0.124486,0.000529,0.235317
35.055914,1.211417,0.158334,-0.862377,1.182831,1.024752,0.312648,0.479790,0.355682,-0.381493,-0.602340,0.703214,0.668020,0.233988,0.284832,0.045159,0.608284,-0.390721,-1.077948,-0.804648,1.230046,-0.295869,0.183360,0.063305,-0.289469,0.157426,0.124988,0.000429,0.233967
35.057037,1.212858,0.156447,-0.867999,1.182470,1.028969,0.311946,0.479160,0.391277,-0.374709,-0.580497,0.704556,0.670325,0.235156,0.285009,0.045336,0.608344,-0.391009,-1.077797,-0.804526,1.230045,-0.295638,0.181502,0.062188,-0.289107,0.156242,0.125113,-0.000015,0.232579
35.058021,1.218385,0.160662,-0.865190,1.182337,1.028359,0.311844,0.480249,0.426695,-0.371360,-0.559562,0.707780,0.672368,0.236315,0.285210,0.045516,0.608407,-0.391286,-1.077642,-0.804415,1.230046,-0.295405,0.180409,0.063214,-0.286001,0.155809,0.120540,0.000674,0.233124
35.058907,1.217863,0.161928,-0.867052,1.182842,1.030774,0.312551,0.482261,0.465059,-0.370894,-0.537691,0.713418,0.674282,0.237651,0.285446,0.045685,0.608465,-0.391570,-1.077488,-0.804292,1.230046,-0.295182,0.177166,0.061098,-0.286720,0.154789,0.120659,0.000757,0.230195
35.060003,1.213155,0.161708,-0.866268,1.181686,1.032609,0.312251,0.481340,0.510411,-0.369566,-0.512042,0.720661,0.676374,0.239385,0.285680,0.045860,0.608526,-0.391852,-1.077338,-0.804180,1.230045,-0.294966,0.176761,0.060401,-0.284796,0.152980,0.117718,0.000039,0.225442
35.061014,1.213926,0.159352,-0.865278,1.182810,1.032647,0.312793,0.480883,0.558412,-0.366712,-0.484971,0.728608,0.678478,0.241401,0.285903,0.046043,0.608589,-0.392135,-1.077184,-0.804071,1.230045,-0.294740,0.178426,0.060451,-0.284369,0.152949,0.115455,0.000332,0.226528
35.061903,1.213733,0.160723,-0.861074,1.180090,1.034500,0.312441,0.482467,0.601607,-0.367373,-0.461433,0.738371,0.680079,0.243431,0.286147,0.046215,0.608650,-0.392413,-1.077042,-0.803957,1.230046,-0.294513,0.176844,0.061319,-0.283065,0.150032,0.114664,-0.000227,0.226406
35.063048,1.213404,0.157957,-0.860319,1.179479,1.034362,0.311293,0.481762,0.641144,-0.374385,-0.441173,0.751436,0.681114,0.245525,0.286401,0.046388,0.608706,-0.392697,-1.076892,-0.803849,1.230047,-0.294300,0.175659,0.060307,-0.283123,0.150642,0.112042,0.000126,0.222245
35.063947,1.209727,0.162603,-0.861655,1.178713,1.036035,0.311539,0.482425,0.680197,-0.386044,-0.422082,0.767164,0.681824,0.247715,0.286630,0.046559,0.608770,-0.392977,-1.076743,-0.803740,1.230048,-0.294073,0.174799,0.061404,-0.281886,0.149543,0.111536,0.001267,0.222662
35.064941,1.211986,0.162617,-0.858892,1.176883,1.035888,0.312487,0.482034,0.716261,-0.400244,-0.405241,0.783841,0.682216,0.249808,0.286831,0.046735,0.608823,-0.393248,-1.076601,-0.803634,1.230048,-0.293857,0.175338,0.058781,-0.279327,0.148360,0.109113,0.001003,0.220341
35.066042,1.206317,0.164324,-0.855835,1.176912,1.035506,0.312219,0.482497,0.747208,-0.412803,-0.391259,0.799037,0.682381,0.251696,0.287025,0.046905,0.608880,-0.393526,-1.076452,-0.803525,1.230046,-0.293640,0.173023,0.058512,-0.278904,0.148255,0.108563,0.000058,0.220162
35.067026,1.207138,0.161966,-0.851082,1.174348,1.034610,0.311177,0.481356,0.774446,-0.420736,-0.378874,0.811449,0.682534,0.253449,0.287218,0.047081,0.608934,-0.393800,-1.076308,-0.803418,1.230051,-0.293426,0.174763,0.057454,-0.278833,0.146554,0.108280,0.000304,0.218238
35.067926,1.207869,0.159484,-0.853315,1.173671,1.034413,0.311716,0.481497,0.798519,-0.425446,-0.367916,0.821629,0.682702,0.255082,0.287389,0.047253,0.608994,-0.394079,-1.076164,-0.803312,1.230052,-0.293208,0.173131,0.058341,-0.279373,0.147281,0.108484,0.001344,0.219566
35.068934,1.200205,0.164288,-0.848855,1.172559,1.034091,0.311400,0.481856,0.820905,-0.431409,-0.358183,0.831638,0.682830,0.256591,0.287537,0.047420,0.609053,-0.394352,-1.076021,-0.803204,1.230051,-0.292996,0.171568,0.059245,-0.276322,0.145970,0.107930,0.000791,0.218310
35.069914,1.204192,0.160718,-0.847426,1.171531,1.034391,0.311423,0.482292,0.839950,-0.440337,-0.350862,0.841884,0.682795,0.257879,0.287678,0.047599,0.609106,-0.394627,-1.075880,-0.803098,1.230052,-0.292781,0.174187,0.056584,-0.276830,0.145353,0.107569,0.001108,0.216610
35.070982,1.201953,0.164062,-0.850218,1.170201,1.036643,0.311871,0.482912,0.853780,-0.449483,-0.346525,0.850708,0.682652,0.258868,0.287822,0.047765,0.609166,-0.394899,-1.075736,-0.802997,1.230052,-0.292571,0.171022,0.058093,-0.275762,0.144531,0.106617,0.001077,0.214784
35.071938,1.201217,0.162937,-0.842425,1.170921,1.036207,0.311920,0.482790,0.865244,-0.458445,-0.343445,0.858263,0.682570,0.259646,0.287977,0.047934,0.609218,-0.395164,-1.075592,-0.802901,1.230050,-0.292363,0.171085,0.056191,-0.272795,0.144157,0.103785,0.000630,0.212587
35.072943,1.200076,0.163910,-0.845277,1.170631,1.037299,0.312012,0.481138,0.876455,-0.467211,-0.340409,0.864895,0.682641,0.260323,0.288135,0.048104,0.609275,-0.395444,-1.075457,-0.802800,1.230051,-0.292152,0.170262,0.056482,-0.274845,0.141723,0.103592,0.000576,0.211890
35.073907,1.192795,0.164981,-0.846278,1.171266,1.037275,0.311751,0.480346,0.888819,-0.476734,-0.336712,0.871465,0.682857,0.261035,0.288295,0.048272,0.609330,-0.395710,-1.075319,-0.802704,1.230051,-0.291936,0.169711,0.055742,-0.271704,0.140364,0.101895,0.000479,0.214249
35.075025,1.192583,0.165479,-0.839633,1.171541,1.038573,0.312109,0.479685,0.897388,-0.489453,-0.335556,0.878438,0.682839,0.261629,0.288457,0.048448,0.609382,-0.395974,-1.075187,-0.802605,1.230052,-0.291719,0.172131,0.054972,-0.269528,0.138124,0.101295,0.000731,0.214837
35.075931,1.191188,0.170197,-0.842934,1.170534,1.040790,0.312074,0.481155,0.897168,-0.505677,-0.339832,0.885180,0.682311,0.261923,0.288600,0.048616,0.609435,-0.396248,-1.075053,-0.802511,1.230052,-0.291501,0.171180,0.054556,-0.271308,0.136466,0.099463,0.000366,0.215157
35.076999,1.189846,0.168078,-0.841072,1.169226,1.041430,0.312520,0.480461,0.892170,-0.521308,-0.346561,0.890378,0.681608,0.262061,0.288709,0.048785,0.609483,-0.396505,-1.074919,-0.802422,1.230052,-0.291298,0.170660,0.051968,-0.267908,0.135737,0.096678,0.000402,0.211258
35.078014,1.188347,0.169691,-0.838665,1.170430,1.043534,0.313359,0.479008,0.884998,-0.532227,-0.353624,0.892323,0.681006,0.262070,0.288793,0.048954,0.609539,-0.396772,-1.074785,-0.802332,1.230052,-0.291084,0.170258,0.052826,-0.267286,0.135587,0.095554,-0.000054,0.211708
35.078996,1.185095,0.169088,-0.840430,1.171803,1.045365,0.313027,0.479429,0.876596,-0.540291,-0.360749,0.892045,0.680482,0.261981,0.288893,0.049124,0.609589,-0.397038,-1.074655,-0.802247,1.230050,-0.290869,0.169871,0.051816,-0.266861,0.132892,0.092959,-0.000892,0.213653
35.079944,1.185025,0.170791,-0.840123,1.169744,1.043981,0.313372,0.478481,0.867761,-0.550127,-0.368153,0.892301,0.679866,0.261913,0.289025,0.049295,0.609639,-0.397293,-1.074532,-0.802163,1.230052,-0.290661,0.170325,0.051933,-0.264391,0.130166,0.090651,-0.000561,0.211830
35.080954,1.184714,0.167734,-0.837890,1.168817,1.045044,0.312296,0.478251,0.856776,-0.563653,-0.377172,0.893988,0.678994,0.261816,0.289169,0.049462,0.609686,-0.397557,-1.074402,-0.802071,1.230050,-0.290450,0.169189,0.050893,-0.262844,0.130667,0.091506,-0.000908,0.212801
35.081958,1.184599,0.169887,-0.838260,1.171030,1.046772,0.312326,0.479369,0.844529,-0.579730,-0.387186,0.896468,0.678002,0.261627,0.289320,0.049624,0.609742,-0.397820,-1.074273,-0.801986,1.230052,-0.290240,0.168300,0.052182,-0.262347,0.130154,0.089942,0.000164,0.212290
35.082913,1.180458,0.170836,-0.840679,1.169193,1.049781,0.312853,0.478622,0.834313,-0.599045,-0.396418,0.900598,0.677046,0.261440,0.289485,0.049788,0.609790,-0.398075,-1.074153,-0.801903,1.230054,-0.290032,0.167277,0.050918,-0.260634,0.126665,0.087749,0.000109,0.209083
35.083922,1.178816,0.170701,-0.838152,1.168298,1.053661,0.313423,0.478486,0.825105,-0.621279,-0.405404,0.906340,0.676080,0.261250,0.289668,0.049957,0.609838,-0.398328,-1.074028,-0.801826,1.230050,-0.289824,0.168186,0.050258,-0.257832,0.127099,0.084311,-0.000405,0.209671
35.084907,1.178424,0.174046,-0.835102,1.169619,1.054638,0.313234,0.479179,0.812783,-0.642976,-0.415905,0.911248,0.675096,0.260886,0.289867,0.050123,0.609888,-0.398582,-1.073904,-0.801757,1.230049,-0.289617,0.167907,0.050147,-0.257620,0.126648,0.080105,-0.000970,0.208988
35.085957,1.177297,0.177423,-0.833630,1.170733,1.055189,0.312967,0.477929,0.799180,-0.661049,-0.426346,0.914119,0.674346,0.260447,0.290062,0.050288,0.609935,-0.398840,-1.073784,-0.801681,1.230049,-0.289412,0.166994,0.048304,-0.257551,0.124030,0.078764,-0.000781,0.206654
35.086918,1.179549,0.176098,-0.835151,1.169330,1.057612,0.312359,0.477895,0.789651,-0.672695,-0.433298,0.914962,0.674142,0.260234,0.290238,0.050451,0.609978,-0.399099,-1.073668,-0.801606,1.230050,-0.289201,0.166538,0.046521,-0.256780,0.121852,0.077851,-0.000523,0.208227
35.087921,1.176828,0.175488,-0.835512,1.168049,1.060193,0.312071,0.479031,0.786442,-0.677676,-0.435525,0.914228,0.674551,0.260332,0.290397,0.050611,0.610028,-0.399346,-1.073548,-0.801537,1.230052,-0.288993,0.164327,0.047007,-0.254511,0.121983,0.075083,0.000076,0.207330
35.088940,1.174829,0.175771,-0.832267,1.167089,1.059538,0.311783,0.480050,0.788122,-0.679460,-0.434372,0.912968,0.675391,0.260556,0.290532,0.050778,0.610074,-0.399596,-1.073425,-0.801473,1.230049,-0.288793,0.164605,0.047164,-0.252869,0.121950,0.072234,0.000371,0.204119
35.089923,1.171904,0.177429,-0.831760,1.169667,1.059368,0.313584,0.480400,0.791109,-0.680651,-0.432238,0.911475,0.676436,0.260676,0.290616,0.050941,0.610119,-0.399844,-1.073304,-0.801401,1.230051,-0.288600,0.164543,0.046893,-0.253090,0.121652,0.072571,0.000645,0.201193
35.090910,1.173615,0.177675,-0.831642,1.168679,1.064024,0.313584,0.478978,0.793345,-0.682467,-0.430507,0.910228,0.677496,0.260704,0.290647,0.051107,0.610163,-0.400096,-1.073195,-0.801332,1.230046,-0.288406,0.164894,0.045930,-0.251808,0.118027,0.072416,-0.001150,0.199619
35.091938,1.171357,0.177617,-0.829825,1.168955,1.065066,0.312831,0.480888,0.795784,-0.686132,-0.428885,0.910450,0.678443,0.260848,0.290662,0.051268,0.610210,-0.400344,-1.073075,-0.801276,1.230045,-0.288202,0.162971,0.045657,-0.250398,0.117791,0.067516,-0.001132,0.201569
35.092938,1.167965,0.179173,-0.833344,1.169161,1.067762,0.311860,0.481376,0.800554,-0.691647,-0.426182,0.912482,0.679304,0.261220,0.290680,0.051429,0.610255,-0.400590,-1.072959,-0.801211,1.230046,-0.288012,0.163103,0.045569,-0.249938,0.116399,0.066241,-0.000383,0.196806
35.093970,1.166545,0.183692,-0.829603,1.168666,1.070678,0.312306,0.481265,0.805179,-0.699051,-0.423875,0.915713,0.679923,0.261661,0.290672,0.051595,0.610297,-0.400832,-1.072849,-0.801153,1.230048,-0.287822,0.163702,0.044687,-0.246766,0.115178,0.063320,0.000576,0.194983
35.095036,1.162970,0.187903,-0.828297,1.169813,1.071142,0.312848,0.482559,0.805848,-0.705185,-0.423733,0.917865,0.680214,0.261971,0.290634,0.051756,0.610333,-0.401081,-1.072735,-0.801101,1.230047,-0.287633,0.163379,0.042405,-0.247267,0.114640,0.060269,0.000117,0.194341
35.095970,1.162789,0.188515,-0.828981,1.171535,1.074439,0.312550,0.482359,0.803703,-0.703116,-0.424067,0.915831,0.680498,0.262197,0.290590,0.051923,0.610370,-0.401325,-1.072627,-0.801043,1.230046,-0.287449,0.164129,0.040288,-0.246610,0.112624,0.059637,-0.000426,0.190870
35.097071,1.163890,0.186996,-0.829312,1.170998,1.075362,0.311990,0.483452,0.800595,-0.692100,-0.423758,0.909871,0.680861,0.262478,0.290543,0.052087,0.610409,-0.401569,-1.072524,-0.800992,1.230048,-0.287264,0.163069,0.039916,-0.244758,0.109939,0.056151,-0.000133,0.190450
35.098062,1.156744,0.186314,-0.825845,1.173086,1.076124,0.312146,0.482607,0.798446,-0.678986,-0.422839,0.903730,0.681108,0.262889,0.290488,0.052244,0.610453,-0.401806,-1.072414,-0.800941,1.230049,-0.287082,0.161608,0.040611,-0.243432,0.109653,0.055153,0.000416,0.187387
35.099025,1.156095,0.193931,-0.826017,1.172143,1.079895,0.311580,0.481926,0.797051,-0.671112,-0.422547,0.900762,0.680993,0.263378,0.290443,0.052413,0.610493,-0.402050,-1.072313,-0.800888,1.230050,-0.286889,0.164072,0.040873,-0.243766,0.106748,0.054223,0.000243,0.188231
35.100008,1.155678,0.190652,-0.827619,1.172856,1.080112,0.312206,0.482718,0.793321,-0.667212,-0.424370,0.899757,0.680502,0.263790,0.290432,0.052574,0.610523,-0.402290,-1.072207,-0.800845,1.230052,-0.286701,0.163288,0.037063,-0.242252,0.106726,0.050356,0.000798,0.188724
35.100986,1.156051,0.195445,-0.825595,1.172658,1.081991,0.312487,0.482309,0.787168,-0.661712,-0.427522,0.897890,0.679918,0.264048,0.290448,0.052736,0.610565,-0.402527,-1.072103,-0.800794,1.230052,-0.286520,0.162422,0.038652,-0.240105,0.105119,0.050032,0.000161,0.186275
35.101960,1.155980,0.192570,-0.825685,1.171494,1.083483,0.313407,0.482892,0.781587,-0.654810,-0.430415,0.895631,0.679425,0.264221,0.290476,0.052897,0.610596,-0.402766,-1.072002,-0.800748,1.230050,-0.286332,0.161172,0.036241,-0.239765,0.104486,0.048034,-0.000111,0.186256
35.102942,1.149643,0.196175,-0.821134,1.169656,1.083957,0.314006,0.482157,0.779799,-0.647002,-0.431291,0.893572,0.679217,0.264414,0.290517,0.053056,0.610638,-0.402999,-1.071899,-0.800705,1.230049,-0.286151,0.160174,0.037612,-0.238399,0.104787,0.046483,-0.001037,0.184231
35.103942,1.149901,0.192827,-0.822631,1.170195,1.087862,0.313510,0.481964,0.780582,-0.637075,-0.430539,0.890509,0.679372,0.264557,0.290561,0.053221,0.610669,-0.403239,-1.071793,-0.800662,1.230048,-0.285963,0.162264,0.035806,-0.239320,0.105684,0.045951,-0.001628,0.184862
35.105091,1.152386,0.197979,-0.820843,1.171729,1.088941,0.313353,0.482274,0.779919,-0.625907,-0.430429,0.885909,0.679723,0.264498,0.290581,0.053382,0.610709,-0.403472,-1.071691,-0.800630,1.230049,-0.285780,0.161062,0.037442,-0.237280,0.104325,0.042058,-0.001135,0.184393
35.106072,1.149234,0.202642,-0.816261,1.169960,1.089303,0.313271,0.480064,0.780097,-0.616032,-0.430028,0.881595,0.680223,0.264383,0.290560,0.053535,0.610738,-0.403706,-1.071595,-0.800592,1.230049,-0.285601,0.159001,0.034949,-0.237137,0.102341,0.041053,-0.000986,0.182913
35.107067,1.150213,0.199198,-0.820270,1.172087,1.091092,0.312330,0.480658,0.786572,-0.602813,-0.425563,0.876605,0.681217,0.264469,0.290510,0.053695,0.610764,-0.403945,-1.071489,-0.800549,1.230049,-0.285410,0.159553,0.032707,-0.238067,0.103208,0.040637,-0.000908,0.186511
35.108035,1.149080,0.202292,-0.821592,1.171834,1.091158,0.312614,0.481323,0.798878,-0.584014,-0.416966,0.869921,0.682696,0.264736,0.290456,0.053849,0.610803,-0.404172,-1.071392,-0.800516,1.230052,-0.285229,0.158076,0.034414,-0.234818,0.100338,0.038868,0.000018,0.184428
35.108927,1.146826,0.203465,-0.817327,1.170231,1.092130,0.312440,0.480395,0.812785,-0.567764,-0.407929,0.864933,0.684047,0.265035,0.290399,0.054005,0.610832,-0.404402,-1.071295,-0.800478,1.230050,-0.285046,0.157643,0.032876,-0.232892,0.099863,0.038805,-0.000265,0.182254
35.110047,1.149583,0.203283,-0.818943,1.170603,1.094140,0.312946,0.479301,0.825799,-0.555018,-0.399969,0.861644,0.685084,0.265266,0.290333,0.054163,0.610864,-0.404636,-1.071193,-0.800448,1.230049,-0.284863,0.157672,0.032289,-0.233610,0.100492,0.037848,-0.000085,0.183307
35.111039,1.148655,0.202301,-0.819451,1.171664,1.093055,0.312429,0.477593,0.839131,-0.542533,-0.391784,0.858394,0.686028,0.265461,0.290274,0.054312,0.610895,-0.404862,-1.071095,-0.800417,1.230048,-0.284675,0.155486,0.032473,-0.231779,0.099565,0.035940,-0.000597,0.184616
35.111928,1.145981,0.205201,-0.812383,1.169912,1.093926,0.311701,0.477354,0.854624,-0.534003,-0.382907,0.857237,0.686814,0.265719,0.290242,0.054465,0.610929,-0.405091,-1.071000,-0.800382,1.230050,-0.284479,0.155013,0.032958,-0.230292,0.097844,0.037066,-0.000087,0.187149
35.113035,1.145637,0.201810,-0.814341,1.172448,1.096740,0.310896,0.476497,0.871990,-0.530834,-0.373715,0.858793,0.687402,0.266027,0.290234,0.054620,0.610957,-0.405328,-1.070899,-0.800349,1.230052,-0.284296,0.155285,0.031516,-0.232369,0.098653,0.036182,0.000627,0.186762
35.114034,1.140735,0.205156,-0.812879,1.173040,1.097263,0.311527,0.473973,0.890609,-0.531888,-0.364257,0.862245,0.687898,0.266336,0.290233,0.054772,0.610994,-0.405551,-1.070813,-0.800325,1.230053,-0.284103,0.154612,0.033256,-0.230366,0.095804,0.033516,0.001425,0.187589
35.114905,1.136257,0.208696,-0.811739,1.173842,1.098650,0.312469,0.474827,0.907514,-0.540098,-0.356602,0.868567,0.688107,0.266579,0.290249,0.054930,0.611022,-0.405784,-1.070719,-0.800297,1.230051,-0.283906,0.156074,0.031624,-0.229850,0.094625,0.033108,0.000784,0.191769
35.115951,1.137971,0.208921,-0.816941,1.175026,1.100954,0.310528,0.474022,0.917614,-0.553097,-0.353267,0.875946,0.687942,0.266628,0.290270,0.055089,0.611047,-0.406007,-1.070629,-0.800267,1.230048,-0.283723,0.157179,0.029905,-0.229069,0.093077,0.031729,-0.000145,0.189162
35.117069,1.135212,0.210957,-0.807344,1.174655,1.098553,0.311621,0.474147,0.919047,-0.566647,-0.354700,0.882089,0.687534,0.266417,0.290261,0.055241,0.611078,-0.406228,-1.070542,-0.800244,1.230056,-0.283532,0.155396,0.029865,-0.225393,0.091501,0.029576,0.001773,0.189921
35.117956,1.138176,0.213609,-0.810770,1.175428,1.101069,0.311805,0.473049,0.915803,-0.580074,-0.358604,0.887254,0.687138,0.266059,0.290220,0.055397,0.611106,-0.406466,-1.070450,-0.800208,1.230053,-0.283347,0.155922,0.028962,-0.229112,0.091511,0.032081,0.000662,0.188782
35.118966,1.133943,0.212283,-0.814196,1.175760,1.101608,0.312287,0.472519,0.914785,-0.590166,-0.360559,0.890935,0.687218,0.265800,0.290173,0.055546,0.611132,-0.406685,-1.070365,-0.800184,1.230052,-0.283151,0.153408,0.027688,-0.226062,0.090136,0.029606,0.000488,0.190122
35.120008,1.132595,0.215125,-0.808919,1.175633,1.100616,0.312127,0.473367,0.916278,-0.597472,-0.360511,0.893405,0.687719,0.265636,0.290127,0.055704,0.611161,-0.406904,-1.070280,-0.800156,1.230053,-0.282962,0.154574,0.028429,-0.223263,0.089403,0.029182,-0.000010,0.190299
35.120958,1.130388,0.214966,-0.810706,1.178488,1.103823,0.311383,0.473088,0.915607,-0.605086,-0.361633,0.895275,0.688265,0.265360,0.290058,0.055857,0.611187,-0.407131,-1.070190,-0.800127,1.230050,-0.282777,0.154315,0.027110,-0.224820,0.089092,0.030278,0.000171,0.187712
35.121947,1.136765,0.218350,-0.815698,1.176364,1.104859,0.310603,0.473397,0.912530,-0.613497,-0.364158,0.896816,0.688780,0.264986,0.289956,0.056012,0.611213,-0.407352,-1.070111,-0.800107,1.230051,-0.282588,0.154412,0.027273,-0.222688,0.085863,0.027186,0.000911,0.187428
35.122928,1.134247,0.217286,-0.807752,1.177388,1.104837,0.312528,0.472325,0.909945,-0.622476,-0.366517,0.898529,0.689327,0.264609,0.289836,0.056156,0.611236,-0.407565,-1.070022,-0.800085,1.230056,-0.282404,0.150334,0.025696,-0.219132,0.087508,0.026315,0.001661,0.185948
35.124023,1.131204,0.218662,-0.811953,1.178192,1.107053,0.312224,0.471989,0.912704,-0.629618,-0.365675,0.899969,0.690197,0.264357,0.289706,0.056308,0.611262,-0.407790,-1.069941,-0.800058,1.230050,-0.282214,0.150689,0.026335,-0.221972,0.086100,0.026443,-0.000258,0.187248
35.125011,1.128213,0.222969,-0.817527,1.180178,1.109064,0.312393,0.472099,0.921047,-0.635304,-0.361480,0.901395,0.691379,0.264294,0.289567,0.056460,0.611286,-0.408004,-1.069858,-0.800039,1.230051,-0.282029,0.151367,0.025798,-0.218914,0.085091,0.024423,0.000053,0.187041
35.125981,1.125696,0.224782,-0.809747,1.180831,1.110108,0.314069,0.470124,0.926147,-0.641730,-0.359243,0.902656,0.692319,0.264142,0.289424,0.056610,0.611307,-0.408216,-1.069778,-0.800021,1.230050,-0.281845,0.151932,0.023791,-0.215085,0.082795,0.022598,-0.000119,0.185963
35.126916,1.124796,0.224564,-0.813996,1.181530,1.111247,0.311949,0.471417,0.923561,-0.646968,-0.361202,0.902430,0.692844,0.263773,0.289284,0.056765,0.611326,-0.408435,-1.069700,-0.799999,1.230046,-0.281649,0.152197,0.023058,-0.217898,0.081879,0.021708,-0.001789,0.189059
35.127934,1.126411,0.226490,-0.813430,1.183172,1.112851,0.313098,0.472615,0.916586,-0.650040,-0.365286,0.900961,0.693164,0.263345,0.289153,0.056917,0.611350,-0.408645,-1.069625,-0.799982,1.230054,-0.281472,0.151639,0.023275,-0.214621,0.080884,0.020738,0.000317,0.185594
35.128977,1.124910,0.227972,-0.813665,1.182695,1.113757,0.314292,0.471130,0.908388,-0.653468,-0.370130,0.900042,0.693320,0.262942,0.289023,0.057062,0.611370,-0.408857,-1.069549,-0.799965,1.230049,-0.281294,0.149997,0.022472,-0.213941,0.079089,0.019340,-0.000837,0.182370
35.130092,1.124840,0.229327,-0.815326,1.183497,1.114843,0.312062,0.471213,0.901699,-0.657466,-0.374263,0.900323,0.693423,0.262664,0.288918,0.057211,0.611391,-0.409071,-1.069470,-0.799949,1.230045,-0.281103,0.149900,0.021918,-0.212846,0.079378,0.018671,-0.002013,0.184512
35.131034,1.123281,0.231741,-0.818274,1.183545,1.116234,0.310939,0.470808,0.896830,-0.660171,-0.377198,0.900849,0.693588,0.262503,0.288863,0.057357,0.611410,-0.409278,-1.069392,-0.799935,1.230049,-0.280924,0.149169,0.021463,-0.211225,0.078512,0.017859,0.000224,0.183471
35.131998,1.118000,0.230058,-0.817867,1.184250,1.115034,0.311007,0.471058,0.891159,-0.661023,-0.380345,0.900732,0.693736,0.262283,0.288846,0.057509,0.611427,-0.409481,-1.069314,-0.799922,1.230047,-0.280740,0.148966,0.020429,-0.208748,0.078149,0.016678,0.001341,0.183448
35.132975,1.120710,0.234057,-0.824033,1.186246,1.118406,0.311437,0.469627,0.880317,-0.661930,-0.386500,0.900086,0.693591,0.261817,0.288837,0.057664,0.611450,-0.409689,-1.069240,-0.799905,1.230046,-0.280565,0.150628,0.021409,-0.207948,0.077229,0.018090,0.001266,0.182121
35.134065,1.122391,0.236611,-0.821935,1.187692,1.119812,0.310824,0.469188,0.861714,-0.665991,-0.397649,0.900107,0.692854,0.261077,0.288825,0.057805,0.611466,-0.409883,-1.069170,-0.799896,1.230045,-0.280375,0.148402,0.019598,-0.203993,0.075141,0.014953,0.000835,0.184147
35.134998,1.122838,0.239929,-0.821147,1.187103,1.121092,0.312084,0.469724,0.840819,-0.671678,-0.410522,0.901306,0.691748,0.260352,0.288829,0.057952,0.611482,-0.410089,-1.069101,-0.799884,1.230047,-0.280189,0.146781,0.018579,-0.204279,0.073820,0.013850,0.001436,0.184133
35.135964,1.117349,0.243563,-0.821859,1.187575,1.123089,0.310663,0.468887,0.825789,-0.673472,-0.419637,0.902471,0.690853,0.259957,0.288841,0.058095,0.611494,-0.410295,-1.069025,-0.799876,1.230046,-0.280013,0.145673,0.017149,-0.203623,0.074125,0.012835,0.000164,0.182233
35.136924,1.117471,0.247135,-0.825454,1.187407,1.123861,0.311036,0.468182,0.816217,-0.666741,-0.424425,0.901021,0.690402,0.259825,0.288825,0.058244,0.611506,-0.410494,-1.068954,-0.799867,1.230052,-0.279829,0.147517,0.015583,-0.202349,0.073527,0.011099,0.001573,0.183089
35.138013,1.117898,0.247165,-0.823666,1.189682,1.123952,0.311457,0.466700,0.805176,-0.649764,-0.428524,0.894643,0.690204,0.259622,0.288772,0.058388,0.611518,-0.410689,-1.068882,-0.799857,1.230050,-0.279643,0.146563,0.014053,-0.199666,0.073525,0.010592,0.001185,0.183642
35.139102,1.119638,0.251609,-0.825322,1.189790,1.125863,0.310711,0.466048,0.791447,-0.625530,-0.433125,0.884488,0.690099,0.259303,0.288700,0.058529,0.611532,-0.410886,-1.068815,-0.799845,1.230050,-0.279455,0.145627,0.014327,-0.199888,0.071405,0.010788,0.000763,0.185744
35.139961,1.120224,0.250055,-0.829135,1.192062,1.126288,0.311494,0.466429,0.779977,-0.597903,-0.436014,0.873257,0.690175,0.259090,0.288614,0.058670,0.611541,-0.411082,-1.068747,-0.799839,1.230051,-0.279269,0.144026,0.012421,-0.198349,0.071470,0.009209,0.001509,0.186161
35.140989,1.114644,0.252881,-0.827243,1.193659,1.126338,0.311739,0.466070,0.773167,-0.570172,-0.436323,0.862829,0.690443,0.259068,0.288496,0.058811,0.611557,-0.411273,-1.068684,-0.799831,1.230050,-0.279087,0.142804,0.013388,-0.195450,0.069047,0.009032,0.000712,0.184554
35.141972,1.116202,0.254862,-0.827868,1.192970,1.128563,0.311718,0.466004,0.767655,-0.547877,-0.436792,0.855280,0.690578,0.259137,0.288353,0.058957,0.611568,-0.411467,-1.068620,-0.799821,1.230051,-0.278902,0.144784,0.012250,-0.195668,0.067600,0.009269,0.000463,0.184428
35.142957,1.118425,0.257908,-0.829233,1.193657,1.126902,0.312289,0.465169,0.760099,-0.531187,-0.439192,0.849931,0.690519,0.259169,0.288207,0.059098,0.611575,-0.411660,-1.068551,-0.799817,1.230051,-0.278720,0.143162,0.011574,-0.194537,0.068258,0.007353,0.000483,0.183715
35.144014,1.120199,0.261107,-0.829357,1.194179,1.126899,0.312439,0.464770,0.753157,-0.514992,-0.441101,0.844376,0.690686,0.259189,0.288068,0.059235,0.611582,-0.411851,-1.068485,-0.799805,1.230050,-0.278533,0.141276,0.010366,-0.193058,0.067585,0.009291,-0.000094,0.184539
35.145114,1.114300,0.263902,-0.828118,1.193444,1.129696,0.312088,0.464474,0.751671,-0.495960,-0.439295,0.837664,0.691443,0.259349,0.287946,0.059371,0.611589,-0.412040,-1.068417,-0.799796,1.230050,-0.278347,0.139695,0.009121,-0.192350,0.067164,0.009582,-0.000245,0.184463
35.146117,1.117299,0.265051,-0.830330,1.195880,1.129121,0.310524,0.463027,0.754773,-0.471589,-0.433860,0.828206,0.692871,0.259587,0.287851,0.059520,0.611595,-0.412236,-1.068348,-0.799793,1.230052,-0.278163,0.141878,0.008096,-0.192315,0.068065,0.007134,0.000097,0.184189
35.146971,1.116561,0.268569,-0.833463,1.196986,1.127818,0.311830,0.463909,0.758229,-0.442707,-0.427228,0.815444,0.694771,0.259707,0.287782,0.059654,0.611602,-0.412420,-1.068286,-0.799783,1.230055,-0.277973,0.139615,0.007857,-0.190514,0.065745,0.008015,0.001649,0.186233
35.148033,1.112065,0.269351,-0.831834,1.197179,1.130885,0.311829,0.462363,0.761461,-0.413898,-0.420488,0.801792,0.696841,0.259735,0.287739,0.059792,0.611606,-0.412603,-1.068224,-0.799772,1.230051,-0.277792,0.139115,0.006388,-0.188054,0.064542,0.009528,0.000337,0.183602
35.148924,1.111640,0.272035,-0.830128,1.198007,1.130773,0.312446,0.461198,0.762884,-0.387566,-0.414940,0.788413,0.698811,0.259678,0.287723,0.059934,0.611612,-0.412794,-1.068159,-0.799772,1.230051,-0.277605,0.140615,0.006373,-0.188225,0.064540,0.006817,0.000343,0.185870
35.149959,1.110390,0.270590,-0.834307,1.200261,1.131097,0.311940,0.461586,0.760481,-0.363219,-0.411519,0.774681,0.700602,0.259468,0.287736,0.060073,0.611616,-0.412979,-1.068098,-0.799764,1.230049,-0.277413,0.139936,0.005344,-0.188212,0.063698,0.007212,-0.000272,0.187322
35.151045,1.109393,0.275189,-0.837408,1.201270,1.130879,0.312500,0.460139,0.755091,-0.343366,-0.410107,0.762127,0.702117,0.259154,0.287749,0.060214,0.611623,-0.413160,-1.068040,-0.799758,1.230049,-0.277232,0.139799,0.006426,-0.185505,0.061732,0.007204,0.000241,0.185674
35.151947,1.105860,0.269719,-0.833638,1.203308,1.132407,0.312524,0.459582,0.745708,-0.331674,-0.411977,0.752694,0.703067,0.258719,0.287737,0.060352,0.611626,-0.413335,-1.067980,-0.799752,1.230048,-0.277040,0.139604,0.004502,-0.183518,0.061071,0.007769,-0.000330,0.187710
35.152926,1.110311,0.273792,-0.833485,1.201580,1.135192,0.312845,0.458634,0.731458,-0.330429,-0.418064,0.747566,0.703263,0.258155,0.287705,0.060492,0.611640,-0.413524,-1.067924,-0.799746,1.230050,-0.276846,0.140500,0.007493,-0.184555,0.059146,0.006503,-0.000362,0.187930
35.153960,1.104468,0.274551,-0.838393,1.203278,1.134099,0.312585,0.460169,0.716926,-0.339757,-0.425747,0.747535,0.702935,0.257639,0.287659,0.060624,0.611640,-0.413705,-1.067859,-0.799747,1.230048,-0.276658,0.137531,0.005811,-0.183935,0.060943,0.004076,-0.000677,0.188967
35.154962,1.101016,0.276954,-0.837277,1.203167,1.134449,0.312320,0.460002,0.704504,-0.354368,-0.432879,0.750299,0.702439,0.257204,0.287588,0.060767,0.611644,-0.413878,-1.067801,-0.799739,1.230048,-0.276481,0.139705,0.005813,-0.180965,0.059506,0.005505,-0.000417,0.185023
35.155998,1.102661,0.277596,-0.839448,1.204353,1.135793,0.311219,0.458422,0.687684,-0.370526,-0.442707,0.753022,0.701611,0.256568,0.287498,0.060908,0.611650,-0.414058,-1.067741,-0.799733,1.230051,-0.276296,0.140614,0.004951,-0.180913,0.059821,0.005459,-0.000173,0.184537
35.156945,1.105282,0.281196,-0.845395,1.204573,1.135993,0.311264,0.459673,0.664182,-0.387260,-0.456464,0.755002,0.700361,0.255627,0.287435,0.061041,0.611653,-0.414233,-1.067682,-0.799733,1.230053,-0.276108,0.139091,0.005022,-0.179295,0.058902,0.004483,0.000917,0.186855
35.157917,1.101563,0.280215,-0.841643,1.205724,1.136967,0.312470,0.459096,0.639307,-0.402951,-0.471022,0.756546,0.698958,0.254554,0.287428,0.061176,0.611654,-0.414400,-1.067625,-0.799727,1.230053,-0.275928,0.137006,0.003581,-0.175751,0.058865,0.004592,0.000859,0.183467
35.158928,1.100149,0.283521,-0.844442,1.206657,1.139578,0.312518,0.460158,0.616269,-0.417301,-0.484637,0.758258,0.697530,0.253490,0.287460,0.061316,0.611662,-0.414580,-1.067569,-0.799725,1.230049,-0.275746,0.138077,0.004397,-0.177001,0.057958,0.003951,-0.000339,0.183818
35.160006,1.099974,0.280278,-0.851088,1.206130,1.138859,0.312496,0.460685,0.594633,-0.430965,-0.497590,0.760507,0.696063,0.252495,0.287512,0.061451,0.611663,-0.414750,-1.067511,-0.799728,1.230048,-0.275569,0.138052,0.003133,-0.175078,0.057289,0.001727,-0.000375,0.180834
35.161072,1.097896,0.285438,-0.844932,1.204661,1.139395,0.311556,0.459984,0.571354,-0.446389,-0.511965,0.763897,0.694348,0.251456,0.287588,0.061588,0.611669,-0.414910,-1.067451,-0.799718,1.230047,-0.275393,0.137191,0.005028,-0.171016,0.057796,0.002658,-0.000345,0.178859
35.161925,1.092317,0.286817,-0.839361,1.205936,1.138341,0.311379,0.461136,0.545497,-0.463407,-0.528349,0.767927,0.692371,0.250262,0.287707,0.061724,0.611666,-0.415086,-1.067392,-0.799719,1.230049,-0.275214,0.136814,0.002533,-0.172386,0.058551,0.002155,0.000601,0.179134
35.163018,1.093859,0.285841,-0.841741,1.205324,1.139720,0.310783,0.460503,0.520498,-0.475826,-0.543824,0.770154,0.690557,0.249043,0.287868,0.061865,0.611668,-0.415258,-1.067339,-0.799715,1.230052,-0.275047,0.138084,0.001921,-0.173384,0.056544,0.003212,0.000756,0.175779
35.163984,1.096311,0.284893,-0.843431,1.203182,1.137392,0.312064,0.459961,0.498830,-0.482851,-0.556820,0.770818,0.689028,0.247951,0.288050,0.061998,0.611671,-0.415421,-1.067282,-0.799717,1.230050,-0.274874,0.135896,0.002479,-0.170562,0.056538,0.001869,0.001375,0.175945
35.164957,1.096161,0.289134,-0.839575,1.203414,1.139482,0.312534,0.459331,0.482180,-0.489591,-0.567223,0.772576,0.687629,0.247035,0.288264,0.062124,0.611674,-0.415583,-1.067219,-0.799710,1.230048,-0.274696,0.133341,0.003000,-0.168094,0.057840,0.004195,0.000088,0.175923
35.165924,1.092758,0.288645,-0.842872,1.203924,1.139378,0.312323,0.459612,0.473976,-0.495430,-0.573016,0.775511,0.686535,0.246415,0.288522,0.062252,0.611672,-0.415749,-1.067165,-0.799712,1.230047,-0.274519,0.132069,0.000970,-0.168374,0.056929,0.002115,-0.000361,0.176084
35.166950,1.094277,0.291519,-0.844661,1.204204,1.139372,0.312463,0.459919,0.473818,-0.498135,-0.574030,0.778531,0.685817,0.246135,0.288794,0.062387,0.611673,-0.415906,-1.067111,-0.799712,1.230048,-0.274351,0.132355,0.001310,-0.165122,0.055757,0.002279,-0.000143,0.174436
35.167922,1.091114,0.289515,-0.839540,1.201531,1.140529,0.312218,0.461512,0.476745,-0.499835,-0.573432,0.781940,0.685153,0.246042,0.289041,0.062511,0.611669,-0.416063,-1.067056,-0.799709,1.230048,-0.274179,0.130285,-0.000016,-0.162699,0.054857,0.002297,-0.000280,0.172718
35.169062,1.094220,0.289024,-0.840184,1.199364,1.138892,0.312539,0.461205,0.481011,-0.501358,-0.572329,0.785639,0.684486,0.246031,0.289246,0.062641,0.611671,-0.416229,-1.066997,-0.799710,1.230048,-0.274023,0.130507,0.001073,-0.163611,0.056793,0.001166,-0.000032,0.168488
35.170057,1.095051,0.294064,-0.836731,1.200893,1.139648,0.313988,0.461903,0.488321,-0.501779,-0.569451,0.788877,0.684063,0.246064,0.289423,0.062763,0.611673,-0.416387,-1.066936,-0.799705,1.230046,-0.273856,0.127686,0.001390,-0.161738,0.058246,0.002822,-0.000337,0.168010
35.170916,1.090005,0.294481,-0.834195,1.199950,1.139524,0.313726,0.461306,0.524881,-0.490724,-0.549381,0.791981,0.684925,0.246871,0.289732,0.063013,0.611670,-0.416707,-1.066828,-0.799704,1.230048,-0.273529,0.127179,-0.001139,-0.161521,0.056288,0.002233,-0.001521,0.165754
35.172016,1.089173,0.298517,-0.833511,1.199605,1.140625,0.312849,0.462391,0.524881,-0.490724,-0.549381,0.791981,0.684925,0.246871,0.289732,0.063013,0.611670,-0.416707,-1.066828,-0.799704,1.230048,-0.273529,0.127179,-0.001139,-0.161521,0.056288,0.002233,-0.001521,0.165754
35.173003,1.086788,0.295033,-0.832914,1.199103,1.140506,0.313203,0.461986,0.549952,-0.475518,-0.533733,0.789712,0.686164,0.247611,0.289848,0.063137,0.611664,-0.416864,-1.066772,-0.799704,1.230051,-0.273373,0.126296,-0.003014,-0.160337,0.056025,0.001157,-0.000648,0.162479
35.173955,1.087107,0.296783,-0.832787,1.199059,1.139946,0.312757,0.461678,0.573271,-0.456258,-0.518149,0.784773,0.687587,0.248273,0.289923,0.063265,0.611667,-0.417021,-1.066719,-0.799701,1.230051,-0.273212,0.126158,-0.001176,-0.159075,0.055896,0.001299,-0.001008,0.162272
35.174979,1.080070,0.295759,-0.835794,1.195933,1.140943,0.313555,0.462604,0.593507,-0.439133,-0.504388,0.779850,0.688858,0.248772,0.289962,0.063386,0.611662,-0.417175,-1.066665,-0.799701,1.230052,-0.273052,0.124709,-0.001943,-0.157591,0.055276,0.001896,-0.000555,0.161863
35.175996,1.077833,0.298051,-0.828944,1.196951,1.142172,0.313051,0.462981,0.606695,-0.426754,-0.495161,0.775329,0.689679,0.248908,0.289967,0.063518,0.611662,-0.417323,-1.066605,-0.799701,1.230049,-0.272895,0.126875,-0.001325,-0.154638,0.057673,0.000919,-0.001342,0.158942
35.177085,1.076606,0.296440,-0.828475,1.196809,1.141700,0.312184,0.462241,0.608449,-0.417279,-0.492615,0.769346,0.689961,0.248497,0.289930,0.063646,0.611659,-0.417484,-1.066553,-0.799706,1.230047,-0.272746,0.126634,-0.002353,-0.156520,0.056046,-0.000222,-0.000811,0.157189
35.177964,1.072339,0.297300,-0.828005,1.196212,1.141230,0.311644,0.462125,0.602575,-0.410194,-0.494460,0.762520,0.689913,0.247761,0.289870,0.063769,0.611661,-0.417636,-1.066497,-0.799704,1.230049,-0.272588,0.125969,-0.001458,-0.155251,0.055583,0.000281,0.000053,0.157618
35.178938,1.069898,0.297386,-0.824802,1.198711,1.140327,0.311448,0.461309,0.592596,-0.407401,-0.499048,0.756647,0.689607,0.246893,0.289806,0.063898,0.611658,-0.417789,-1.066441,-0.799701,1.230050,-0.272435,0.126745,-0.001785,-0.153933,0.055423,0.000752,0.000593,0.156868
35.179966,1.068479,0.296526,-0.824657,1.196595,1.142106,0.311459,0.461849,0.577976,-0.410788,-0.507045,0.752831,0.688900,0.245925,0.289731,0.064025,0.611657,-0.417945,-1.066394,-0.799697,1.230050,-0.272279,0.126615,-0.001734,-0.153999,0.052428,0.001660,0.000791,0.157495
35.180967,1.066160,0.298071,-0.824425,1.195102,1.141976,0.312596,0.460803,0.560754,-0.420938,-0.517417,0.751980,0.687813,0.244978,0.289636,0.064151,0.611656,-0.418093,-1.066337,-0.799701,1.230049,-0.272128,0.126010,-0.001190,-0.152624,0.053895,-0.000070,0.000785,0.155367
35.181939,1.063685,0.297498,-0.822272,1.195908,1.140764,0.312037,0.459837,0.522627,-0.449290,-0.541052,0.753162,0.685232,0.243047,0.289406,0.064402,0.611649,-0.418390,-1.066228,-0.799700,1.230050,-0.271817,0.125773,-0.001429,-0.150903,0.053260,0.001357,0.000219,0.157374
35.182918,1.059320,0.299838,-0.818045,1.193330,1.139897,0.312413,0.460508,0.522627,-0.449290,-0.541052,0.753162,0.685232,0.243047,0.289406,0.064402,0.611649,-0.418390,-1.066228,-0.799700,1.230050,-0.271817,0.125773,-0.001429,-0.150903,0.053260,0.001357,0.000219,0.157374
35.183926,1.053007,0.296738,-0.817316,1.193533,1.138228,0.312508,0.460226,0.501963,-0.462261,-0.553479,0.752721,0.683967,0.242041,0.289317,0.064530,0.611645,-0.418544,-1.066171,-0.799694,1.230047,-0.271665,0.126611,-0.002475,-0.151509,0.055149,0.002199,-0.000143,0.154993
35.184940,1.052374,0.295515,-0.818641,1.190855,1.140123,0.312245,0.460767,0.477782,-0.472872,-0.567511,0.750484,0.682668,0.240917,0.289247,0.064660,0.611647,-0.418693,-1.066118,-0.799688,1.230045,-0.271512,0.128407,-0.000839,-0.150394,0.054320,0.003848,-0.000217,0.154557
35.186014,1.049962,0.298256,-0.814963,1.192373,1.139114,0.312120,0.459292,0.446473,-0.484877,-0.585831,0.747594,0.680991,0.239518,0.289188,0.064785,0.611648,-0.418835,-1.066059,-0.799692,1.230048,-0.271362,0.127401,-0.000150,-0.148346,0.056284,0.001996,0.000034,0.152447
35.186931,1.046040,0.294934,-0.816532,1.191020,1.140215,0.312673,0.458883,0.410421,-0.499142,-0.607333,0.745003,0.678954,0.237913,0.289147,0.064912,0.611642,-0.418984,-1.066008,-0.799687,1.230049,-0.271210,0.127294,-0.001375,-0.148780,0.054215,0.003026,0.000161,0.154391
35.187941,1.040867,0.299715,-0.813327,1.189841,1.139996,0.312724,0.459667,0.373115,-0.514704,-0.629989,0.743201,0.676694,0.236266,0.289135,0.065039,0.611647,-0.419125,-1.065950,-0.799687,1.230048,-0.271054,0.127912,0.000339,-0.146575,0.054830,0.001937,-0.000392,0.154193
35.188955,1.045198,0.295491,-0.812053,1.188046,1.140922,0.312454,0.458372,0.333023,-0.530592,-0.654544,0.741559,0.674162,0.234521,0.289139,0.065170,0.611641,-0.419272,-1.065895,-0.799683,1.230047,-0.270910,0.129122,-0.001935,-0.146774,0.055355,0.002165,-0.000422,0.151615
35.189940,1.044717,0.298215,-0.811895,1.189474,1.141953,0.312273,0.458405,0.292918,-0.543124,-0.678836,0.738616,0.671642,0.232743,0.289143,0.065288,0.611646,-0.419415,-1.065836,-0.799684,1.230048,-0.270754,0.125687,0.000247,-0.146014,0.056426,0.001268,-0.000149,0.153209
35.190952,1.041036,0.297018,-0.811171,1.188329,1.141536,0.312353,0.457218,0.261382,-0.552799,-0.698133,0.736144,0.669489,0.231270,0.289159,0.065411,0.611643,-0.419555,-1.065787,-0.799686,1.230048,-0.270606,0.124673,-0.001024,-0.144737,0.054427,0.000291,0.000032,0.152128
35.191993,1.039823,0.301096,-0.811832,1.186961,1.141434,0.312916,0.457911,0.240128,-0.561876,-0.711869,0.735792,0.667671,0.230216,0.289202,0.065537,0.611643,-0.419697,-1.065731,-0.799683,1.230048,-0.270451,0.125203,-0.000320,-0.143731,0.054944,0.000733,-0.000046,0.153493
35.192981,1.040525,0.297758,-0.810232,1.185660,1.141066,0.313238,0.458088,0.224231,-0.568504,-0.722508,0.735868,0.666070,0.229389,0.289266,0.065663,0.611637,-0.419836,-1.065673,-0.799682,1.230046,-0.270306,0.124487,-0.002222,-0.142058,0.055602,0.000858,-0.000593,0.151068
35.194087,1.039855,0.297868,-0.810714,1.185019,1.141772,0.313360,0.457366,0.212256,-0.570594,-0.730464,0.734961,0.664755,0.228704,0.289318,0.065783,0.611641,-0.419976,-1.065616,-0.799681,1.230046,-0.270164,0.122880,-0.000478,-0.141514,0.056187,0.001253,-0.000908,0.149754
35.194984,1.039368,0.299861,-0.810056,1.184083,1.141729,0.313095,0.456998,0.205884,-0.570970,-0.735181,0.734574,0.663725,0.228232,0.289352,0.065903,0.611639,-0.420116,-1.065557,-0.799682,1.230046,-0.270012,0.121984,-0.000429,-0.139953,0.056156,0.000582,-0.001022,0.150161
35.195917,1.040000,0.300794,-0.810376,1.184442,1.141570,0.312368,0.456418,0.205300,-0.571153,-0.736766,0.735377,0.662942,0.227995,0.289390,0.066022,0.611636,-0.420251,-1.065500,-0.799682,1.230047,-0.269861,0.120975,-0.001322,-0.138961,0.056317,0.000672,-0.000753,0.149923
35.197009,1.036983,0.301986,-0.809774,1.182646,1.141947,0.312286,0.456523,0.210536,-0.569046,-0.734872,0.736402,0.662475,0.227997,0.289442,0.066139,0.611636,-0.420387,-1.065448,-0.799679,1.230048,-0.269709,0.119429,-0.001698,-0.137471,0.055334,0.000833,-0.000022,0.150097
35.197997,1.033125,0.299106,-0.813124,1.180594,1.144491,0.312415,0.456495,0.220543,-0.563684,-0.729908,0.736993,0.662320,0.228178,0.289498,0.066259,0.611635,-0.420522,-1.065389,-0.799678,1.230046,-0.269562,0.119718,-0.002185,-0.136510,0.056464,0.000479,0.000070,0.148842
35.199021,1.035533,0.303114,-0.808071,1.179991,1.144670,0.312550,0.455647,0.229192,-0.556415,-0.725401,0.736406,0.662216,0.228243,0.289535,0.066381,0.611637,-0.420649,-1.065329,-0.799685,1.230046,-0.269416,0.120386,-0.000660,-0.133623,0.057734,-0.001983,-0.000056,0.147916
35.200024,1.034945,0.300476,-0.813859,1.178529,1.142211,0.312876,0.456714,0.234231,-0.547797,-0.722529,0.734262,0.662120,0.228083,0.289559,0.066494,0.611633,-0.420785,-1.065270,-0.799685,1.230045,-0.269266,0.117981,-0.002555,-0.134893,0.057572,-0.002100,-0.000181,0.148611
35.201007,1.031646,0.301754,-0.807319,1.176655,1.143030,0.312553,0.456029,0.240193,-0.536940,-0.718571,0.731045,0.662262,0.227920,0.289585,0.066609,0.611634,-0.420907,-1.065209,-0.799679,1.230044,-0.269127,0.117110,-0.001133,-0.130817,0.058262,0.000360,-0.000494,0.145476
35.201932,1.032175,0.304089,-0.808802,1.175880,1.142062,0.312917,0.456620,0.247371,-0.525239,-0.713636,0.727484,0.662566,0.227793,0.289608,0.066725,0.611632,-0.421044,-1.065147,-0.799681,1.230045,-0.268981,0.117564,-0.001684,-0.132820,0.059296,-0.000433,-0.000169,0.145902
35.202928,1.035208,0.301065,-0.812067,1.174890,1.141825,0.311726,0.456748,0.255263,-0.511248,-0.707738,0.722741,0.663056,0.227702,0.289611,0.066839,0.611628,-0.421171,-1.065088,-0.799676,1.230044,-0.268844,0.116092,-0.002731,-0.130813,0.059264,0.000538,-0.000525,0.143770
35.203922,1.036016,0.298710,-0.809549,1.171933,1.143533,0.311552,0.456236,0.266057,-0.495137,-0.699719,0.717430,0.663757,0.227747,0.289596,0.066947,0.611630,-0.421296,-1.065025,-0.799674,1.230046,-0.268701,0.113462,-0.001125,-0.128006,0.059410,0.000780,0.000673,0.142548
35.204949,1.035305,0.295471,-0.809428,1.171497,1.143115,0.312950,0.457615,0.281745,-0.482358,-0.689401,0.714453,0.664498,0.227960,0.289583,0.067055,0.611632,-0.421424,-1.064959,-0.799678,1.230046,-0.268557,0.111959,0.000111,-0.128085,0.061463,-0.000868,0.000842,0.142606
35.206024,1.029055,0.297453,-0.805943,1.170351,1.142200,0.312788,0.457431,0.303082,-0.476847,-0.676939,0.715636,0.665198,0.228350,0.289582,0.067164,0.611637,-0.421548,-1.064897,-0.799675,1.230044,-0.268424,0.111216,0.001773,-0.126983,0.061083,-0.000426,-0.000551,0.138860
35.206925,1.031410,0.300960,-0.805922,1.170137,1.142389,0.313105,0.456750,0.326097,-0.479046,-0.664597,0.720618,0.665694,0.228842,0.289587,0.067281,0.611636,-0.421676,-1.064836,-0.799672,1.230043,-0.268287,0.113158,0.000856,-0.127557,0.061475,0.000506,-0.000363,0.138272
35.207917,1.033922,0.299069,-0.800450,1.167780,1.141350,0.312389,0.457256,0.347376,-0.483093,-0.653400,0.726296,0.666055,0.229387,0.289612,0.067389,0.611631,-0.421799,-1.064777,-0.799674,1.230041,-0.268150,0.110824,-0.000763,-0.126376,0.060866,0.000350,-0.000671,0.138731
35.209033,1.030104,0.296940,-0.801643,1.167551,1.142500,0.311477,0.457519,0.371975,-0.482582,-0.639554,0.730663,0.666754,0.230193,0.289669,0.067491,0.611632,-0.421927,-1.064710,-0.799670,1.230045,-0.268018,0.108526,0.000279,-0.127928,0.062300,0.001406,0.000038,0.136767
35.210004,1.027351,0.300405,-0.804415,1.165806,1.141428,0.312155,0.459093,0.403093,-0.479301,-0.621562,0.735020,0.667883,0.231323,0.289748,0.067602,0.611636,-0.422050,-1.064650,-0.799673,1.230048,-0.267884,0.109345,0.001400,-0.126187,0.061822,0.000296,0.000940,0.135257
35.210927,1.025519,0.300160,-0.801237,1.163740,1.141079,0.312614,0.458221,0.432967,-0.476608,-0.604369,0.739488,0.668957,0.232408,0.289827,0.067711,0.611632,-0.422169,-1.064585,-0.799669,1.230047,-0.267765,0.109603,-0.000229,-0.123679,0.062670,0.001392,0.000259,0.131208
35.211931,1.023774,0.298345,-0.799576,1.163906,1.141340,0.312116,0.457335,0.454796,-0.471977,-0.591466,0.741608,0.669759,0.233149,0.289906,0.067818,0.611632,-0.422291,-1.064520,-0.799670,1.230046,-0.267628,0.109402,-0.000007,-0.124142,0.063785,0.001774,-0.000188,0.132080
35.212923,1.022198,0.300947,-0.799917,1.162578,1.141235,0.313613,0.458063,0.469567,-0.465110,-0.582216,0.741363,0.670362,0.233596,0.290023,0.067926,0.611636,-0.422413,-1.064459,-0.799671,1.230048,-0.267494,0.109169,0.000952,-0.123826,0.062802,0.001557,0.000315,0.132910
35.214080,1.020305,0.299801,-0.800796,1.161670,1.141380,0.311710,0.456948,0.479536,-0.458609,-0.575708,0.740507,0.670753,0.233892,0.290177,0.068034,0.611634,-0.422531,-1.064395,-0.799669,1.230043,-0.267368,0.108856,-0.000260,-0.122562,0.063280,0.001672,-0.001168,0.130514
35.215000,1.017881,0.298736,-0.798492,1.159964,1.142974,0.312657,0.457521,0.484654,-0.452221,-0.571949,0.738922,0.670922,0.234034,0.290335,0.068144,0.611636,-0.422649,-1.064331,-0.799667,1.230049,-0.267231,0.108706,0.000410,-0.121085,0.063398,0.001548,0.000738,0.131762
35.215924,1.012656,0.298498,-0.803544,1.158102,1.143527,0.312688,0.457354,0.484468,-0.446901,-0.571358,0.736754,0.670831,0.233939,0.290476,0.068252,0.611638,-0.422769,-1.064265,-0.799669,1.230048,-0.267108,0.108802,0.001002,-0.121114,0.064154,-0.000007,-0.000226,0.129719
35.217035,1.015473,0.301436,-0.796868,1.160722,1.142580,0.313923,0.456242,0.476341,-0.444547,-0.575703,0.734140,0.670329,0.233451,0.290583,0.068364,0.611639,-0.422877,-1.064196,-0.799669,1.230048,-0.266980,0.110256,0.001177,-0.117552,0.064983,-0.000509,-0.000245,0.129181
35.218021,1.014580,0.299864,-0.796743,1.158786,1.141503,0.314187,0.457313,0.461312,-0.444792,-0.584400,0.731230,0.669453,0.232673,0.290671,0.068467,0.611636,-0.423002,-1.064140,-0.799667,1.230049,-0.266845,0.107780,-0.000168,-0.119813,0.061720,0.000468,-0.001491,0.130430
35.218928,1.012444,0.298897,-0.795275,1.158664,1.141827,0.313018,0.457615,0.448996,-0.446262,-0.591896,0.729528,0.668616,0.232105,0.290754,0.068572,0.611638,-0.423120,-1.064077,-0.799662,1.230048,-0.266722,0.107180,0.000702,-0.118755,0.062825,0.001534,-0.001731,0.127355
35.219948,1.011507,0.300989,-0.795104,1.158110,1.143201,0.312247,0.457809,0.443227,-0.449897,-0.596166,0.730137,0.667933,0.231876,0.290818,0.068677,0.611638,-0.423235,-1.064016,-0.799662,1.230048,-0.266600,0.107167,0.001258,-0.118406,0.062066,0.001226,-0.000547,0.125912
35.220928,1.011743,0.302398,-0.793459,1.157446,1.143310,0.312864,0.457046,0.441283,-0.456258,-0.598777,0.732652,0.667271,0.231791,0.290860,0.068783,0.611636,-0.423351,-1.063954,-0.799666,1.230052,-0.266481,0.106555,0.000313,-0.117429,0.061821,-0.000078,0.000201,0.124635
35.221968,1.009200,0.301627,-0.795471,1.158267,1.143205,0.312560,0.457343,0.443388,-0.461840,-0.599026,0.735470,0.666790,0.231827,0.290893,0.068885,0.611634,-0.423466,-1.063892,-0.799667,1.230050,-0.266353,0.105389,-0.000276,-0.117202,0.061650,-0.000130,-0.000407,0.125270
35.223022,1.010207,0.302467,-0.793149,1.154664,1.142982,0.313519,0.457497,0.449296,-0.465733,-0.596950,0.738283,0.666508,0.231994,0.290920,0.068993,0.611636,-0.423577,-1.063836,-0.799667,1.230050,-0.266232,0.105581,0.000188,-0.115189,0.060163,0.000010,-0.000089,0.123749
35.223928,1.007985,0.300974,-0.794591,1.152706,1.141120,0.312977,0.456716,0.457253,-0.469030,-0.593749,0.741321,0.666308,0.232219,0.290927,0.069094,0.611636,-0.423693,-1.063767,-0.799667,1.230047,-0.266114,0.104045,-0.000147,-0.115322,0.062857,0.000273,-0.001039,0.122542
35.224917,1.008260,0.300020,-0.793456,1.154777,1.142333,0.313265,0.456874,0.466153,-0.470031,-0.589758,0.743193,0.666252,0.232380,0.290923,0.069199,0.611638,-0.423803,-1.063700,-0.799662,1.230048,-0.265989,0.104088,0.000670,-0.113559,0.063807,0.002129,-0.000482,0.123256
35.226034,1.009624,0.303002,-0.791186,1.154577,1.142604,0.313242,0.456280,0.475135,-0.471374,-0.585874,0.744998,0.666180,0.232456,0.290930,0.069300,0.611639,-0.423915,-1.063646,-0.799663,1.230048,-0.265868,0.102915,0.001211,-0.113126,0.061058,0.000935,-0.000773,0.122034
35.226936,1.006036,0.302734,-0.791505,1.153330,1.142270,0.314346,0.456643,0.487393,-0.476079,-0.580786,0.749313,0.666045,0.232700,0.290949,0.069400,0.611638,-0.424027,-1.063582,-0.799663,1.230048,-0.265746,0.101240,-0.000180,-0.113289,0.060496,0.000711,-0.000740,0.122295
35.227919,1.002239,0.303549,-0.790214,1.152563,1.143140,0.313657,0.456733,0.505041,-0.481144,-0.572791,0.755365,0.666040,0.233252,0.290968,0.069502,0.611639,-0.424138,-1.063520,-0.799663,1.230045,-0.265625,0.102006,0.000028,-0.112077,0.060858,0.001084,-0.001836,0.120700
35.229064,1.001728,0.301440,-0.787775,1.151410,1.144619,0.313537,0.455532,0.522492,-0.484685,-0.564658,0.761106,0.666031,0.233869,0.290983,0.069606,0.611638,-0.424250,-1.063459,-0.799664,1.230045,-0.265508,0.102846,-0.000278,-0.111709,0.060808,0.000246,-0.001124,0.119658
35.229937,0.999146,0.303437,-0.787478,1.151485,1.144237,0.313399,0.455724,0.535898,-0.487728,-0.558618,0.766086,0.665865,0.234366,0.291010,0.069707,0.611641,-0.424361,-1.063396,-0.799662,1.230045,-0.265381,0.102098,0.000847,-0.111987,0.061217,-0.001213,-0.001003,0.121114
35.230907,0.998617,0.303691,-0.787272,1.149186,1.142884,0.313310,0.455045,0.546420,-0.491229,-0.554141,0.770871,0.665584,0.234781,0.291053,0.069810,0.611639,-0.424472,-1.063336,-0.799662,1.230045,-0.265263,0.102320,-0.000071,-0.111074,0.060275,-0.000782,-0.000861,0.119877
35.231936,0.999837,0.305580,-0.783888,1.147202,1.143116,0.312556,0.453471,0.554482,-0.493975,-0.550857,0.774982,0.665239,0.235128,0.291096,0.069910,0.611639,-0.424582,-1.063272,-0.799657,1.230045,-0.265141,0.101567,-0.000102,-0.110176,0.061713,0.000564,-0.000767,0.120369
35.232900,0.998884,0.305484,-0.785816,1.148480,1.143192,0.311949,0.453032,0.562276,-0.492071,-0.546940,0.776776,0.665091,0.235436,0.291134,0.070009,0.611637,-0.424693,-1.063206,-0.799659,1.230048,-0.265013,0.099953,-0.000936,-0.110885,0.062778,0.000374,-0.000015,0.122606
35.233930,0.996642,0.302495,-0.781408,1.146550,1.143346,0.312829,0.452497,0.573357,-0.484409,-0.540241,0.776331,0.665339,0.235812,0.291171,0.070109,0.611637,-0.424799,-1.063150,-0.799659,1.230048,-0.264889,0.099428,-0.000800,-0.108946,0.060771,0.000333,0.000591,0.122576
35.235025,0.996118,0.303241,-0.775860,1.146800,1.144144,0.313223,0.451830,0.587265,-0.476229,-0.531901,0.776273,0.665725,0.236277,0.291197,0.070209,0.611641,-0.424913,-1.063086,-0.799659,1.230047,-0.264768,0.099554,0.000753,-0.110154,0.061887,0.000217,-0.000288,0.122744
35.235942,0.993860,0.304876,-0.776072,1.144646,1.145260,0.312484,0.451380,0.604146,-0.471336,-0.522371,0.778444,0.666133,0.236882,0.291203,0.070305,0.611641,-0.425027,-1.063027,-0.799658,1.230047,-0.264644,0.098864,0.000457,-0.111919,0.060934,-0.000563,-0.000672,0.123138
35.236903,0.990637,0.305803,-0.772325,1.142301,1.145405,0.312211,0.449849,0.625006,-0.467117,-0.510579,0.781664,0.666748,0.237677,0.291194,0.070403,0.611639,-0.425135,-1.062960,-0.799658,1.230050,-0.264523,0.099002,-0.000259,-0.110791,0.062121,-0.001651,0.000064,0.123181
35.238014,0.989284,0.303829,-0.773375,1.141785,1.144974,0.312518,0.450862,0.646458,-0.458757,-0.497621,0.782731,0.667637,0.238457,0.291190,0.070506,0.611638,-0.425248,-1.062895,-0.799657,1.230049,-0.264394,0.099558,-0.000625,-0.111640,0.063551,-0.001762,0.000346,0.125355
35.239005,0.990839,0.305686,-0.772611,1.141427,1.144507,0.311965,0.450270,0.664444,-0.446059,-0.485731,0.780552,0.668651,0.239014,0.291201,0.070605,0.611642,-0.425354,-1.062835,-0.799656,1.230048,-0.264278,0.099250,0.000430,-0.110189,0.063328,-0.001288,0.000043,0.122364
35.239918,0.987086,0.304260,-0.772704,1.142285,1.145697,0.312368,0.450257,0.679044,-0.433039,-0.475577,0.777190,0.669587,0.239384,0.291229,0.070697,0.611641,-0.425461,-1.062772,-0.799656,1.230049,-0.264155,0.097543,-0.000417,-0.109624,0.062851,-0.000787,0.000607,0.122686
35.240929,0.987675,0.304918,-0.772263,1.141302,1.144168,0.313079,0.449553,0.691715,-0.422986,-0.466977,0.774823,0.670315,0.239692,0.291281,0.070799,0.611643,-0.425565,-1.062713,-0.799657,1.230048,-0.264036,0.098395,0.000364,-0.108622,0.061171,-0.001953,0.000204,0.121856
35.241924,0.988752,0.305549,-0.772239,1.139952,1.146533,0.312873,0.449489,0.701901,-0.418434,-0.460683,0.774838,0.670683,0.239984,0.291361,0.070895,0.611642,-0.425673,-1.062652,-0.799653,1.230047,-0.263913,0.097128,0.000130,-0.107884,0.061386,-0.000399,-0.000500,0.122375
35.242941,0.986664,0.303117,-0.768318,1.138846,1.143872,0.312264,0.451222,0.711018,-0.418033,-0.455678,0.776797,0.670812,0.240315,0.291456,0.070989,0.611642,-0.425778,-1.062591,-0.799657,1.230047,-0.263793,0.095654,-0.000093,-0.106955,0.061927,-0.002730,-0.000278,0.121606
35.244028,0.983748,0.306008,-0.771731,1.138093,1.146211,0.313004,0.450167,0.721570,-0.419536,-0.450176,0.779785,0.670935,0.240727,0.291549,0.071085,0.611645,-0.425888,-1.062527,-0.799650,1.230049,-0.263686,0.095751,0.001184,-0.107946,0.062180,-0.000053,0.000326,0.117262
35.244908,0.982524,0.305962,-0.770002,1.139762,1.145043,0.311569,0.450673,0.731114,-0.422799,-0.445510,0.783094,0.670966,0.241096,0.291638,0.071179,0.611642,-0.425987,-1.062465,-0.799656,1.230048,-0.263562,0.096289,-0.000154,-0.105380,0.062164,-0.002335,-0.000418,0.118490
35.246110,0.980110,0.307528,-0.770681,1.138967,1.145468,0.311285,0.450354,0.735748,-0.427378,-0.443839,0.785941,0.670723,0.241287,0.291738,0.071275,0.611643,-0.426092,-1.062409,-0.799654,1.230054,-0.263449,0.095910,-0.000055,-0.105295,0.059720,-0.001126,0.001011,0.116638
35.247045,0.978676,0.306260,-0.768713,1.139183,1.144413,0.311596,0.450159,0.734951,-0.433594,-0.445569,0.788628,0.670150,0.241300,0.291846,0.071374,0.611641,-0.426195,-1.062348,-0.799656,1.230055,-0.263336,0.096165,-0.000716,-0.104103,0.059867,-0.001507,0.001283,0.116350
35.247927,0.977379,0.310430,-0.765978,1.137217,1.145230,0.311047,0.450590,0.729435,-0.441910,-0.450360,0.791502,0.669282,0.241146,0.291949,0.071469,0.611643,-0.426300,-1.062288,-0.799652,1.230051,-0.263221,0.095913,-0.000007,-0.104148,0.058831,-0.000443,0.000993,0.115900
35.248905,0.978545,0.307826,-0.767086,1.138672,1.145498,0.312313,0.449740,0.721274,-0.449645,-0.456508,0.793447,0.668358,0.240881,0.292041,0.071564,0.611638,-0.426403,-1.062227,-0.799653,1.230052,-0.263109,0.095593,-0.001976,-0.104579,0.059941,-0.001232,0.001552,0.114221
35.250049,0.978274,0.307203,-0.764561,1.137912,1.144562,0.312222,0.450329,0.714014,-0.454241,-0.461510,0.793755,0.667655,0.240638,0.292124,0.071653,0.611641,-0.426502,-1.062175,-0.799653,1.230050,-0.262993,0.094113,-0.000599,-0.103132,0.057862,-0.001463,0.000284,0.115085
35.250988,0.974836,0.305988,-0.766519,1.137043,1.144445,0.312210,0.450203,0.710401,-0.459695,-0.464444,0.794925,0.667122,0.240567,0.292205,0.071746,0.611641,-0.426606,-1.062117,-0.799652,1.230050,-0.262886,0.093360,-0.000196,-0.103543,0.058001,-0.000482,0.000395,0.112984
35.251913,0.976303,0.307254,-0.766755,1.136186,1.145313,0.312674,0.449687,0.708977,-0.470051,-0.466780,0.798566,0.666532,0.240609,0.292283,0.071844,0.611641,-0.426705,-1.062057,-0.799650,1.230049,-0.262776,0.094104,0.000497,-0.101658,0.058068,-0.000355,0.000416,0.112430
35.252924,0.971763,0.309210,-0.764217,1.135132,1.145408,0.312372,0.449826,0.706170,-0.484500,-0.470389,0.803445,0.665767,0.240576,0.292361,0.071934,0.611639,-0.426802,-1.061999,-0.799653,1.230048,-0.262662,0.092439,-0.000043,-0.100688,0.058146,-0.001177,-0.000042,0.112640
35.253942,0.966077,0.307963,-0.768159,1.135005,1.145590,0.312918,0.449772,0.701446,-0.498611,-0.474837,0.807279,0.664985,0.240431,0.292441,0.072033,0.611638,-0.426904,-1.061940,-0.799652,1.230048,-0.262554,0.093751,-0.000915,-0.101080,0.058447,-0.001236,0.000273,0.111506
35.255090,0.964892,0.307992,-0.764202,1.135408,1.145142,0.312492,0.450281,0.690582,-0.510114,-0.482094,0.808236,0.664101,0.240020,0.292507,0.072130,0.611639,-0.426996,-1.061884,-0.799651,1.230048,-0.262445,0.095628,-0.000207,-0.098306,0.057905,-0.001391,-0.000277,0.110767
35.255946,0.966002,0.311007,-0.766335,1.134946,1.144938,0.312328,0.451416,0.669046,-0.522290,-0.495239,0.807229,0.662770,0.239202,0.292548,0.072225,0.611639,-0.427098,-1.061830,-0.799652,1.230049,-0.262340,0.095280,-0.000126,-0.099486,0.056976,-0.000882,0.000161,0.108849
35.256921,0.963334,0.311157,-0.763012,1.133156,1.145588,0.313195,0.449661,0.641926,-0.535043,-0.511432,0.805382,0.661194,0.238197,0.292564,0.072316,0.611636,-0.427190,-1.061773,-0.799652,1.230050,-0.262239,0.093776,-0.001532,-0.097558,0.056642,-0.000658,0.000322,0.105818
35.258017,0.960886,0.311192,-0.762329,1.130663,1.144068,0.312365,0.450438,0.615714,-0.543799,-0.526298,0.801742,0.659838,0.237227,0.292570,0.072411,0.611636,-0.427289,-1.061714,-0.799653,1.230048,-0.262125,0.094177,-0.001508,-0.098383,0.057686,-0.001273,-0.000540,0.108533
35.258922,0.959666,0.310473,-0.765611,1.133051,1.144293,0.312867,0.451177,0.591239,-0.545791,-0.538862,0.794868,0.658893,0.236249,0.292570,0.072508,0.611636,-0.427386,-1.061652,-0.799651,1.230050,-0.262023,0.094450,-0.001429,-0.097907,0.059433,0.000292,0.000303,0.106077
35.259957,0.956669,0.308525,-0.765081,1.130834,1.143831,0.312860,0.450667,0.566625,-0.544252,-0.550717,0.785986,0.658148,0.235180,0.292545,0.072601,0.611635,-0.427477,-1.061600,-0.799655,1.230046,-0.261922,0.094113,-0.000970,-0.095447,0.056343,0.000126,-0.000185,0.103830
35.260971,0.955062,0.310540,-0.764729,1.129120,1.144299,0.312878,0.451810,0.539974,-0.546334,-0.564197,0.778598,0.657168,0.234037,0.292490,0.072696,0.611636,-0.427570,-1.061539,-0.799649,1.230046,-0.261817,0.094499,0.000001,-0.094649,0.057590,0.000479,-0.000166,0.103958
35.261956,0.954490,0.309281,-0.759414,1.129073,1.144674,0.313629,0.450700,0.510839,-0.552957,-0.579751,0.773139,0.655876,0.232826,0.292425,0.072787,0.611632,-0.427661,-1.061480,-0.799648,1.230046,-0.261723,0.093817,-0.001154,-0.093080,0.057747,-0.000244,-0.000170,0.100612
35.262942,0.950419,0.310000,-0.759447,1.128180,1.144183,0.312602,0.450648,0.483128,-0.560294,-0.594593,0.768513,0.654591,0.231705,0.292380,0.072877,0.611632,-0.427758,-1.061425,-0.799650,1.230044,-0.261620,0.092657,-0.000676,-0.093977,0.056371,-0.000828,-0.000899,0.101834
35.263954,0.949909,0.306403,-0.758193,1.123998,1.142532,0.313311,0.451001,0.460734,-0.567774,-0.606494,0.765427,0.653470,0.230889,0.292379,0.072972,0.611630,-0.427846,-1.061371,-0.799648,1.230045,-0.261519,0.093203,-0.001189,-0.092246,0.055849,-0.000574,0.000148,0.100882
35.264953,0.945456,0.310145,-0.756056,1.123123,1.142198,0.312728,0.449913,0.442019,-0.576270,-0.616581,0.763920,0.652395,0.230276,0.292406,0.073062,0.611632,-0.427934,-1.061308,-0.799645,1.230045,-0.261425,0.091991,0.000435,-0.091179,0.058456,0.000822,-0.000560,0.099144
35.266009,0.944600,0.305122,-0.754879,1.121378,1.141499,0.313245,0.450005,0.424563,-0.583879,-0.625963,0.762361,0.651349,0.229689,0.292453,0.073154,0.611627,-0.428022,-1.061250,-0.799645,1.230046,-0.261325,0.092765,-0.001578,-0.090564,0.057792,0.000908,0.000040,0.100309
35.267055,0.945683,0.306666,-0.749250,1.120425,1.141238,0.313513,0.450197,0.407743,-0.589691,-0.634907,0.760257,0.650324,0.229099,0.292534,0.073243,0.611632,-0.428110,-1.061192,-0.799644,1.230045,-0.261229,0.091708,0.000732,-0.089422,0.058029,0.001356,-0.000470,0.099042
35.267986,0.942346,0.307819,-0.747805,1.118654,1.141836,0.312433,0.449268,0.395219,-0.596012,-0.641801,0.759576,0.649366,0.228691,0.292653,0.073329,0.611630,-0.428204,-1.061135,-0.799644,1.230046,-0.261133,0.089740,-0.000226,-0.090464,0.057491,0.001368,-0.000726,0.097602
35.268947,0.942057,0.303759,-0.746923,1.116988,1.141292,0.312537,0.450276,0.391691,-0.600779,-0.643706,0.760307,0.648767,0.228659,0.292799,0.073421,0.611628,-0.428292,-1.061076,-0.799646,1.230050,-0.261035,0.089988,-0.000939,-0.089524,0.057763,0.000560,0.000356,0.098494
35.269989,0.937665,0.306156,-0.744113,1.115892,1.140381,0.312538,0.448597,0.395550,-0.602999,-0.641372,0.761664,0.648517,0.228890,0.292953,0.073508,0.611632,-0.428379,-1.061018,-0.799646,1.230049,-0.260945,0.088713,0.000909,-0.088306,0.057935,0.000899,0.000260,0.095465
35.270971,0.936199,0.305208,-0.743040,1.112087,1.141495,0.311347,0.449682,0.402730,-0.605638,-0.637544,0.764294,0.648336,0.229202,0.293109,0.073596,0.611628,-0.428465,-1.060962,-0.799645,1.230050,-0.260845,0.089483,-0.000454,-0.088016,0.057570,0.001556,0.000269,0.097810
35.271961,0.932982,0.305553,-0.740333,1.110820,1.141590,0.311885,0.449303,0.410011,-0.606663,-0.633635,0.766517,0.648191,0.229431,0.293268,0.073683,0.611628,-0.428551,-1.060900,-0.799647,1.230048,-0.260755,0.088796,-0.000131,-0.086890,0.059802,0.000209,0.001495,0.094598
35.272929,0.932101,0.300726,-0.744237,1.109584,1.141199,0.311976,0.448281,0.415475,-0.603061,-0.630135,0.766273,0.648160,0.229445,0.293423,0.073772,0.611626,-0.428639,-1.060842,-0.799646,1.230047,-0.260660,0.088977,-0.000453,-0.086571,0.059548,-0.000114,0.000956,0.094371
35.273946,0.934631,0.307704,-0.742630,1.106860,1.142123,0.312948,0.449551,0.417707,-0.599080,-0.628499,0.765361,0.648008,0.229226,0.293582,0.073857,0.611633,-0.428714,-1.060785,-0.799646,1.230048,-0.260564,0.088027,0.001739,-0.083065,0.059296,0.000055,0.000879,0.095424
35.274989,0.932018,0.304624,-0.742680,1.106020,1.140795,0.312113,0.449235,0.418127,-0.596378,-0.628249,0.764975,0.647695,0.228881,0.293758,0.073938,0.611624,-0.428794,-1.060721,-0.799648,1.230046,-0.260483,0.085403,-0.001875,-0.082293,0.060404,-0.001098,-0.000079,0.091862
35.275912,0.928020,0.304235,-0.741707,1.104654,1.141300,0.312524,0.449071,0.420988,-0.589493,-0.626176,0.763290,0.647620,0.228588,0.293948,0.074022,0.611627,-0.428870,-1.060663,-0.799644,1.230049,-0.260391,0.085340,-0.000498,-0.080686,0.059715,-0.000029,0.000774,0.091491
35.276930,0.929505,0.303897,-0.738351,1.102819,1.138985,0.312440,0.449555,0.424789,-0.580337,-0.623454,0.760952,0.647643,0.228324,0.294153,0.074109,0.611627,-0.428949,-1.060605,-0.799645,1.230047,-0.260301,0.085962,-0.000477,-0.079641,0.059599,-0.000760,0.000371,0.090863
35.277931,0.927898,0.301668,-0.734666,1.101549,1.141108,0.312522,0.448008,0.427947,-0.572978,-0.621615,0.759573,0.647522,0.228073,0.294369,0.074191,0.611628,-0.429031,-1.060544,-0.799640,1.230047,-0.260215,0.083833,-0.000484,-0.079706,0.059842,0.001298,0.000473,0.088885
35.278951,0.926869,0.302339,-0.734536,1.098613,1.139003,0.312909,0.448658,0.434957,-0.567287,-0.618041,0.759816,0.647468,0.228027,0.294604,0.074272,0.611631,-0.429112,-1.060484,-0.799645,1.230047,-0.260121,0.083301,0.000424,-0.079939,0.059574,-0.001050,0.000404,0.091007
35.280114,0.923324,0.299105,-0.729052,1.098610,1.139579,0.312823,0.447600,0.447592,-0.563039,-0.611595,0.761736,0.647600,0.228235,0.294872,0.074353,0.611631,-0.429187,-1.060422,-0.799641,1.230048,-0.260036,0.082467,-0.000089,-0.078435,0.060913,0.000820,0.000022,0.088668
35.281067,0.919808,0.302541,-0.724727,1.096485,1.139698,0.312266,0.447862,0.463533,-0.560600,-0.603550,0.765008,0.647808,0.228605,0.295171,0.074436,0.611634,-0.429270,-1.060366,-0.799643,1.230047,-0.259944,0.082828,0.001308,-0.079470,0.059412,-0.000036,0.000132,0.089705
35.281941,0.921744,0.299150,-0.726095,1.093722,1.139128,0.311029,0.448030,0.481120,-0.559564,-0.594644,0.769205,0.648033,0.229109,0.295493,0.074520,0.611629,-0.429349,-1.060305,-0.799645,1.230049,-0.259858,0.083225,-0.000538,-0.080075,0.060009,-0.000357,0.000696,0.088203
35.282900,0.921037,0.300675,-0.724145,1.093812,1.138857,0.312302,0.447382,0.499927,-0.557113,-0.584555,0.772783,0.648383,0.229676,0.295819,0.074597,0.611632,-0.429421,-1.060242,-0.799642,1.230048,-0.259774,0.080983,0.000997,-0.077940,0.061152,-0.000008,0.001956,0.086973
35.284034,0.917793,0.299469,-0.721200,1.090135,1.139727,0.311211,0.447712,0.520976,-0.553632,-0.572800,0.776047,0.648876,0.230298,0.296128,0.074675,0.611630,-0.429497,-1.060185,-0.799642,1.230046,-0.259685,0.080053,0.000071,-0.077411,0.059572,0.000034,0.000684,0.087313
35.284989,0.915872,0.297860,-0.720381,1.089479,1.139216,0.311258,0.446758,0.544271,-0.549739,-0.559499,0.779356,0.649483,0.230999,0.296401,0.074757,0.611630,-0.429575,-1.060121,-0.799645,1.230051,-0.259602,0.080288,0.000495,-0.077228,0.061621,-0.001081,0.001782,0.085577
35.285933,0.912646,0.298105,-0.722413,1.086607,1.138475,0.311867,0.446447,0.566874,-0.545401,-0.546255,0.782005,0.650112,0.231639,0.296635,0.074836,0.611632,-0.429650,-1.060060,-0.799644,1.230048,-0.259516,0.079943,0.001115,-0.076123,0.060696,-0.000794,0.001755,0.086555
35.287030,0.910177,0.299035,-0.714938,1.087075,1.137026,0.312824,0.447195,0.584500,-0.542737,-0.535831,0.784173,0.650493,0.232035,0.296847,0.074916,0.611630,-0.429719,-1.059996,-0.799643,1.230048,-0.259429,0.080247,0.000848,-0.073663,0.061933,-0.000281,0.001152,0.086214
35.288024,0.910447,0.300876,-0.712866,1.084576,1.137475,0.313205,0.446956,0.595858,-0.541260,-0.528922,0.785596,0.650574,0.232203,0.297039,0.074996,0.611631,-0.429797,-1.059939,-0.799639,1.230046,-0.259349,0.080109,0.000176,-0.075811,0.059961,0.000885,0.000216,0.083675
35.288952,0.910573,0.298261,-0.712394,1.084885,1.139115,0.312528,0.447081,0.605985,-0.537174,-0.522093,0.785627,0.650726,0.232425,0.297204,0.075071,0.611630,-0.429869,-1.059877,-0.799640,1.230046,-0.259265,0.078700,-0.000900,-0.075324,0.060879,0.000193,-0.000145,0.083200
35.289998,0.908210,0.303932,-0.711772,1.083510,1.138854,0.313654,0.445897,0.619952,-0.529740,-0.512398,0.784919,0.651202,0.232915,0.297355,0.075146,0.611632,-0.429942,-1.059823,-0.799645,1.230048,-0.259187,0.077391,0.000251,-0.074096,0.059138,-0.001628,0.000541,0.082035
35.291137,0.906714,0.300990,-0.709719,1.081197,1.137897,0.312944,0.445567,0.637746,-0.520148,-0.500124,0.784136,0.651941,0.233658,0.297500,0.075224,0.611626,-0.430012,-1.059763,-0.799642,1.230046,-0.259102,0.077266,-0.002731,-0.072902,0.058990,-0.001622,-0.000575,0.083419
35.291963,0.904238,0.298826,-0.706779,1.078592,1.137288,0.312257,0.445894,0.656642,-0.506570,-0.486595,0.781909,0.652892,0.234516,0.297640,0.075297,0.611629,-0.430083,-1.059703,-0.799641,1.230047,-0.259020,0.076704,-0.001453,-0.072360,0.059744,-0.000931,0.000164,0.083006
35.292962,0.902034,0.298369,-0.709144,1.077634,1.135236,0.312243,0.445154,0.673998,-0.491071,-0.473635,0.778357,0.653898,0.235296,0.297767,0.075373,0.611631,-0.430155,-1.059639,-0.799641,1.230048,-0.258944,0.076739,-0.000540,-0.072440,0.060731,-0.000521,0.000851,0.081506
35.294000,0.898589,0.297615,-0.710707,1.076182,1.136303,0.312458,0.444528,0.686897,-0.478820,-0.463713,0.775147,0.654639,0.235822,0.297887,0.075448,0.611630,-0.430222,-1.059582,-0.799637,1.230051,-0.258860,0.076568,-0.000473,-0.069797,0.060189,0.001274,0.000857,0.082031
35.295179,0.902243,0.298830,-0.710712,1.074437,1.135275,0.313029,0.444298,0.691124,-0.472538,-0.459696,0.772935,0.654763,0.235937,0.298023,0.075526,0.611631,-0.430284,-1.059523,-0.799639,1.230050,-0.258777,0.076973,-0.000292,-0.067613,0.060123,-0.000044,0.000662,0.082282
35.296011,0.900226,0.300473,-0.706522,1.073986,1.136158,0.313811,0.444043,0.687426,-0.471383,-0.461098,0.771662,0.654285,0.235697,0.298181,0.075593,0.611628,-0.430349,-1.059461,-0.799638,1.230048,-0.258698,0.073865,-0.001066,-0.066088,0.060250,0.000714,0.000111,0.081666
35.296906,0.897217,0.295621,-0.708069,1.072673,1.135893,0.313292,0.444112,0.683429,-0.470661,-0.462910,0.770694,0.653716,0.235451,0.298349,0.075666,0.611626,-0.430415,-1.059405,-0.799640,1.230045,-0.258617,0.073725,-0.002004,-0.066878,0.059239,-0.000359,-0.000646,0.081321
35.297955,0.898920,0.296050,-0.705499,1.071194,1.135168,0.313567,0.443214,0.681680,-0.470487,-0.463689,0.770705,0.653184,0.235357,0.298511,0.075740,0.611631,-0.430476,-1.059348,-0.799641,1.230047,-0.258540,0.074016,0.000233,-0.064778,0.059100,-0.000283,-0.000111,0.080294
35.298989,0.897709,0.295371,-0.703187,1.068242,1.133157,0.313048,0.442161,0.680233,-0.475569,-0.465263,0.773564,0.652452,0.235346,0.298667,0.075807,0.611630,-0.430540,-1.059290,-0.799641,1.230046,-0.258458,0.071950,-0.000170,-0.064647,0.059077,0.000201,-0.000376,0.081110
35.299971,0.895454,0.295155,-0.700362,1.067607,1.132183,0.312940,0.443098,0.681256,-0.484378,-0.466174,0.778805,0.651711,0.235462,0.298826,0.075877,0.611630,-0.430602,-1.059227,-0.799637,1.230045,-0.258375,0.071341,-0.000004,-0.064403,0.060429,0.001945,0.000170,0.082224
35.300916,0.891096,0.295273,-0.699506,1.065194,1.133043,0.312217,0.442576,0.685867,-0.492950,-0.465153,0.784652,0.651188,0.235718,0.298969,0.075949,0.611630,-0.430665,-1.059169,-0.799635,1.230046,-0.258304,0.071253,-0.000064,-0.064440,0.059528,0.002661,0.000282,0.079397
35.302028,0.892251,0.294225,-0.698339,1.065991,1.133087,0.312496,0.442339,0.690604,-0.500270,-0.463956,0.789990,0.650778,0.235977,0.299073,0.076022,0.611629,-0.430725,-1.059106,-0.799638,1.230049,-0.258225,0.072217,-0.000279,-0.063532,0.060349,0.001591,0.001004,0.079551
35.303008,0.888935,0.295147,-0.696836,1.063245,1.133298,0.312050,0.441989,0.693253,-0.507107,-0.463925,0.794894,0.650344,0.236172,0.299163,0.076089,0.611632,-0.430787,-1.059053,-0.799640,1.230048,-0.258147,0.070392,0.000036,-0.062667,0.058129,0.001312,0.000738,0.078996
35.303960,0.886553,0.295320,-0.694809,1.061851,1.133453,0.312659,0.441318,0.695057,-0.514270,-0.464472,0.800130,0.649884,0.236376,0.299265,0.076161,0.611631,-0.430847,-1.058991,-0.799640,1.230050,-0.258067,0.070847,-0.000600,-0.062085,0.059319,0.000874,0.001189,0.078752
35.305072,0.885454,0.294291,-0.694922,1.058567,1.131979,0.313273,0.441427,0.695696,-0.519521,-0.465325,0.804470,0.649487,0.236549,0.299378,0.076231,0.611630,-0.430906,-1.058933,-0.799641,1.230046,-0.257989,0.070836,-0.000825,-0.061780,0.059188,0.000506,0.000606,0.079177
35.306015,0.882299,0.296244,-0.691456,1.058688,1.133413,0.313103,0.440786,0.693834,-0.521070,-0.466874,0.806562,0.649185,0.236601,0.299493,0.076302,0.611631,-0.430962,-1.058868,-0.799637,1.230046,-0.257912,0.070121,-0.000514,-0.060340,0.060826,0.001699,0.000005,0.077924
35.306945,0.880816,0.296026,-0.691905,1.055761,1.132942,0.313638,0.439937,0.689924,-0.518823,-0.468862,0.806378,0.648983,0.236556,0.299613,0.076372,0.611628,-0.431022,-1.058811,-0.799639,1.230046,-0.257833,0.070516,-0.001627,-0.060772,0.059197,0.000040,0.000198,0.078302
35.307959,0.878314,0.291854,-0.692925,1.054839,1.133037,0.314535,0.439979,0.684641,-0.512222,-0.470833,0.803864,0.648897,0.236457,0.299747,0.076444,0.611626,-0.431078,-1.058750,-0.799637,1.230045,-0.257751,0.070046,-0.001642,-0.059257,0.060580,0.000290,-0.000327,0.079079
35.308920,0.875196,0.292719,-0.687503,1.051265,1.133419,0.314250,0.439183,0.676835,-0.504843,-0.474041,0.800522,0.648703,0.236261,0.299880,0.076514,0.611629,-0.431132,-1.058690,-0.799638,1.230043,-0.257674,0.070085,0.000252,-0.057461,0.059926,-0.000040,-0.001200,0.078022
35.309958,0.877213,0.290141,-0.685308,1.050628,1.134547,0.313869,0.439945,0.665547,-0.500817,-0.479687,0.798009,0.648193,0.235924,0.299995,0.076585,0.611628,-0.431191,-1.058623,-0.799635,1.230043,-0.257594,0.070436,-0.000354,-0.058874,0.061813,-0.000673,-0.000891,0.078696
35.311079,0.872554,0.292786,-0.683595,1.048299,1.131119,0.314386,0.438535,0.655005,-0.498847,-0.485129,0.796311,0.647643,0.235602,0.300096,0.076649,0.611632,-0.431249,-1.058563,-0.799641,1.230045,-0.257522,0.068254,0.000729,-0.058604,0.060890,-0.001991,-0.000504,0.076186
35.312036,0.875435,0.290091,-0.684006,1.046654,1.131680,0.313721,0.438455,0.649171,-0.496904,-0.487791,0.795238,0.647301,0.235466,0.300190,0.076720,0.611626,-0.431305,-1.058499,-0.799637,1.230044,-0.257439,0.069343,-0.000741,-0.058070,0.061559,0.001174,-0.001011,0.078002
35.312911,0.873649,0.291736,-0.682409,1.044587,1.131186,0.313787,0.439117,0.647537,-0.494141,-0.487848,0.794392,0.647132,0.235500,0.300277,0.076782,0.611629,-0.431358,-1.058437,-0.799636,1.230045,-0.257363,0.066774,0.000434,-0.056608,0.061618,0.000344,-0.000326,0.077220
35.314093,0.870284,0.286181,-0.680463,1.043718,1.130756,0.313548,0.438373,0.650609,-0.490418,-0.485025,0.793754,0.647142,0.235691,0.300345,0.076848,0.611629,-0.431415,-1.058374,-0.799637,1.230045,-0.257293,0.066569,-0.000558,-0.056180,0.062079,0.000658,-0.000393,0.075041
35.314978,0.870644,0.292642,-0.680547,1.042415,1.129115,0.313771,0.439277,0.657191,-0.488418,-0.480442,0.794372,0.647187,0.235987,0.300385,0.076915,0.611636,-0.431469,-1.058315,-0.799638,1.230045,-0.257217,0.067023,0.001977,-0.055758,0.061375,0.000822,-0.000136,0.075492
35.315938,0.869359,0.290096,-0.678630,1.041233,1.131252,0.313719,0.438595,0.664634,-0.489375,-0.475837,0.796513,0.647120,0.236312,0.300405,0.076977,0.611628,-0.431521,-1.058254,-0.799635,1.230046,-0.257149,0.065748,-0.001371,-0.054513,0.061123,0.002230,-0.000356,0.072817
35.317004,0.867584,0.294571,-0.677038,1.037024,1.129723,0.314924,0.437715,0.673719,-0.489126,-0.470191,0.798532,0.647147,0.236711,0.300410,0.077041,0.611629,-0.431576,-1.058193,-0.799642,1.230047,-0.257073,0.065280,-0.000233,-0.054210,0.060747,-0.000090,-0.000293,0.073290
35.318003,0.865259,0.289477,-0.675336,1.037069,1.131539,0.313698,0.439053,0.684939,-0.482796,-0.462464,0.798045,0.647537,0.237170,0.300412,0.077104,0.611624,-0.431629,-1.058125,-0.799638,1.230045,-0.257000,0.065018,-0.002619,-0.053697,0.063242,0.001183,-0.001488,0.074084
35.319016,0.865109,0.286709,-0.672592,1.036140,1.130416,0.313937,0.438434,0.696629,-0.470066,-0.453524,0.794295,0.648283,0.237580,0.300415,0.077170,0.611627,-0.431682,-1.058067,-0.799640,1.230047,-0.256937,0.065021,-0.000236,-0.053278,0.061644,-0.000881,-0.000233,0.070470
35.320152,0.863821,0.288380,-0.671239,1.034811,1.129523,0.313223,0.438847,0.708412,-0.459560,-0.444996,0.791373,0.649011,0.237954,0.300428,0.077230,0.611631,-0.431735,-1.058006,-0.799636,1.230047,-0.256865,0.063988,0.000915,-0.053377,0.061017,-0.000004,-0.000473,0.070811
35.321016,0.864904,0.288022,-0.671830,1.032224,1.129925,0.313204,0.439168,0.721735,-0.456916,-0.437020,0.792428,0.649505,0.238390,0.300463,0.077293,0.611630,-0.431785,-1.057946,-0.799634,1.230049,-0.256800,0.063461,-0.000119,-0.052723,0.060769,0.000605,0.000250,0.068977
35.321930,0.864285,0.286794,-0.670964,1.030965,1.129470,0.314276,0.439852,0.737234,-0.457785,-0.428551,0.795462,0.649939,0.238877,0.300513,0.077353,0.611629,-0.431836,-1.057880,-0.799637,1.230047,-0.256735,0.062124,0.000044,-0.051689,0.061773,0.000177,0.000279,0.067961
35.323032,0.861352,0.289682,-0.671212,1.031198,1.130225,0.314606,0.439660,0.754640,-0.459475,-0.419270,0.798952,0.650412,0.239372,0.300568,0.077414,0.611632,-0.431886,-1.057817,-0.799635,1.230047,-0.256671,0.061704,0.000632,-0.051534,0.061517,0.000618,-0.000804,0.066334
35.323982,0.861628,0.286562,-0.675001,1.028503,1.130585,0.313560,0.439982,0.772230,-0.461962,-0.410088,0.802662,0.650837,0.239883,0.300624,0.077478,0.611627,-0.431934,-1.057762,-0.799638,1.230046,-0.256606,0.062417,-0.000769,-0.050822,0.059951,-0.000117,-0.001122,0.066473
35.325004,0.864477,0.289307,-0.673555,1.027609,1.131000,0.313219,0.440366,0.786210,-0.465669,-0.403175,0.806223,0.651020,0.240303,0.300681,0.077538,0.611630,-0.431977,-1.057699,-0.799640,1.230048,-0.256542,0.061550,0.000778,-0.048401,0.061153,-0.000457,-0.000076,0.065563
35.325974,0.862838,0.284589,-0.674069,1.026748,1.130986,0.313646,0.440117,0.796749,-0.470540,-0.398429,0.809493,0.650998,0.240569,0.300734,0.077591,0.611626,-0.432026,-1.057641,-0.799639,1.230049,-0.256476,0.059467,-0.000577,-0.048561,0.060633,-0.000879,0.000253,0.064531
35.326996,0.861954,0.287503,-0.676995,1.024022,1.129116,0.313074,0.440974,0.807632,-0.477093,-0.393795,0.813393,0.650948,0.240810,0.300769,0.077650,0.611631,-0.432072,-1.057581,-0.799640,1.230048,-0.256411,0.059607,0.001757,-0.047747,0.060048,-0.000846,-0.000177,0.064782
35.328028,0.857589,0.287321,-0.677481,1.023808,1.129717,0.313853,0.440445,0.817314,-0.486993,-0.390382,0.818448,0.650757,0.240967,0.300763,0.077707,0.611628,-0.432113,-1.057518,-0.799635,1.230050,-0.256354,0.059357,0.000307,-0.045779,0.061282,0.000988,0.000395,0.062816
35.329008,0.856871,0.286675,-0.676610,1.023239,1.129789,0.314401,0.440759,0.820328,-0.498353,-0.390935,0.822741,0.650249,0.240809,0.300698,0.077771,0.611628,-0.432157,-1.057459,-0.799635,1.230048,-0.256288,0.060792,0.000414,-0.045018,0.060053,0.000361,-0.000388,0.063638
35.330029,0.859625,0.285454,-0.677210,1.023130,1.130664,0.314476,0.441730,0.814690,-0.510409,-0.396397,0.825783,0.649341,0.240321,0.300573,0.077830,0.611630,-0.432201,-1.057400,-0.799635,1.230048,-0.256231,0.060426,0.000712,-0.044935,0.059219,0.000300,-0.000933,0.062767
35.331006,0.854964,0.286283,-0.675722,1.021144,1.131345,0.314869,0.442639,0.805159,-0.525610,-0.404457,0.829908,0.648128,0.239769,0.300399,0.077884,0.611634,-0.432244,-1.057344,-0.799639,1.230050,-0.256178,0.058381,0.001279,-0.044108,0.057975,-0.000552,-0.001014,0.060599
35.332058,0.854596,0.286467,-0.679176,1.017749,1.129993,0.314588,0.442936,0.796296,-0.543750,-0.412467,0.835886,0.646836,0.239343,0.300185,0.077948,0.611632,-0.432288,-1.057281,-0.799640,1.230046,-0.256125,0.059985,0.000874,-0.044336,0.058476,-0.001215,-0.001388,0.058568
35.332950,0.856352,0.285724,-0.677591,1.016744,1.130100,0.314697,0.443572,0.785541,-0.561077,-0.421156,0.841126,0.645564,0.238881,0.299940,0.078008,0.611632,-0.432327,-1.057216,-0.799636,1.230046,-0.256069,0.059423,0.000791,-0.042114,0.060318,0.000120,-0.001100,0.057765
35.333962,0.854103,0.284171,-0.678432,1.014745,1.129079,0.314529,0.443234,0.772123,-0.574760,-0.430459,0.843810,0.644427,0.238283,0.299675,0.078063,0.611635,-0.432370,-1.057158,-0.799637,1.230045,-0.256017,0.057878,0.001125,-0.042418,0.059908,0.000003,-0.001207,0.056278
35.334971,0.854097,0.285807,-0.681116,1.013685,1.129500,0.315344,0.444172,0.759198,-0.586115,-0.438806,0.845149,0.643504,0.237678,0.299412,0.078123,0.611639,-0.432408,-1.057097,-0.799635,1.230045,-0.255961,0.058302,0.001859,-0.041522,0.060449,0.001012,-0.001035,0.056749
35.335970,0.851827,0.287184,-0.683451,1.014163,1.129906,0.315039,0.444137,0.746304,-0.596744,-0.446717,0.845968,0.642674,0.237084,0.299165,0.078177,0.611638,-0.432445,-1.057037,-0.799635,1.230045,-0.255912,0.057640,0.001044,-0.039735,0.060075,0.000576,-0.001856,0.054651
35.337000,0.850129,0.286298,-0.682510,1.012212,1.128677,0.314129,0.444992,0.731295,-0.606468,-0.455435,0.846138,0.641781,0.236476,0.298935,0.078237,0.611636,-0.432481,-1.056981,-0.799634,1.230045,-0.255860,0.058075,0.000377,-0.038139,0.058220,0.000169,-0.001540,0.054534
35.337962,0.849944,0.285656,-0.681209,1.009691,1.128216,0.313448,0.445899,0.713136,-0.615687,-0.465679,0.845975,0.640719,0.235849,0.298733,0.078295,0.611638,-0.432518,-1.056921,-0.799633,1.230045,-0.255809,0.058225,0.000810,-0.038173,0.058766,0.001405,-0.000628,0.052601
35.338965,0.850917,0.286245,-0.681089,1.008556,1.128137,0.314048,0.446539,0.692947,-0.624444,-0.476816,0.845558,0.639574,0.235180,0.298553,0.078351,0.611639,-0.432558,-1.056858,-0.799636,1.230047,-0.255762,0.057638,0.001109,-0.038353,0.059779,0.001881,0.000042,0.050601
35.340024,0.850541,0.287514,-0.685661,1.006308,1.129771,0.314038,0.446622,0.674634,-0.631317,-0.486398,0.844716,0.638616,0.234555,0.298376,0.078406,0.611639,-0.432598,-1.056798,-0.799634,1.230045,-0.255718,0.056478,0.000809,-0.037925,0.059469,0.001935,-0.000562,0.049148
35.340962,0.850775,0.289613,-0.683807,1.004098,1.129495,0.314181,0.447888,0.660106,-0.634795,-0.493141,0.843092,0.637983,0.234039,0.298189,0.078460,0.611638,-0.432628,-1.056735,-0.799638,1.230045,-0.255671,0.056029,0.000192,-0.035250,0.060212,0.000323,-0.000546,0.048805
35.341980,0.845903,0.284722,-0.683852,1.003807,1.128077,0.313915,0.448177,0.648615,-0.632255,-0.497110,0.839262,0.637750,0.233584,0.297981,0.078513,0.611634,-0.432664,-1.056674,-0.799638,1.230044,-0.255629,0.055273,-0.000817,-0.035787,0.060954,0.000626,-0.000680,0.046082
35.342969,0.848289,0.287973,-0.683325,1.001615,1.128692,0.314372,0.449642,0.638404,-0.625688,-0.499666,0.833865,0.637777,0.233146,0.297741,0.078573,0.611639,-0.432698,-1.056615,-0.799635,1.230045,-0.255585,0.057009,0.001597,-0.035341,0.059822,0.002018,-0.000415,0.045347
35.343999,0.844599,0.285825,-0.684043,1.001904,1.129348,0.314335,0.449655,0.628121,-0.620408,-0.502474,0.829324,0.637788,0.232735,0.297480,0.078625,0.611636,-0.432733,-1.056555,-0.799636,1.230045,-0.255549,0.055156,-0.000027,-0.035188,0.060570,0.001398,-0.000880,0.042252
35.344944,0.845900,0.287200,-0.685406,0.998449,1.129681,0.313910,0.449980,0.618756,-0.616975,-0.505116,0.826208,0.637780,0.232430,0.297216,0.078686,0.611639,-0.432766,-1.056499,-0.799637,1.230045,-0.255506,0.056302,0.001032,-0.034427,0.058923,0.000748,-0.000843,0.042082
35.345930,0.842639,0.288412,-0.686330,0.996352,1.128915,0.313867,0.450960,0.610095,-0.614902,-0.507672,0.824202,0.637759,0.232205,0.296967,0.078738,0.611637,-0.432797,-1.056435,-0.799637,1.230048,-0.255467,0.055010,0.000353,-0.033377,0.060875,0.000419,-0.000428,0.041268
35.346934,0.846395,0.286348,-0.690974,0.997126,1.129634,0.313641,0.451393,0.600408,-0.611384,-0.510679,0.821323,0.637787,0.231909,0.296740,0.078794,0.611637,-0.432826,-1.056372,-0.799636,1.230046,-0.255433,0.055989,-0.000253,-0.032557,0.061461,0.001189,-0.000381,0.039157
35.347972,0.845533,0.287143,-0.689510,0.994583,1.129431,0.313083,0.451552,0.589538,-0.606467,-0.514333,0.817533,0.637817,0.231517,0.296543,0.078842,0.611638,-0.432852,-1.056315,-0.799636,1.230046,-0.255398,0.053501,0.000785,-0.029910,0.059289,0.000450,-0.000154,0.038163
35.349074,0.844148,0.288662,-0.689569,0.992483,1.129103,0.312379,0.452092,0.580209,-0.604537,-0.517958,0.815664,0.637716,0.231177,0.296392,0.078895,0.611636,-0.432881,-1.056253,-0.799633,1.230049,-0.255359,0.053314,0.000398,-0.030321,0.060365,0.000638,0.000395,0.037696
35.350004,0.842511,0.286353,-0.690254,0.992365,1.128854,0.312821,0.452057,0.574133,-0.603186,-0.520231,0.814745,0.637670,0.230915,0.296282,0.078949,0.611634,-0.432910,-1.056192,-0.799634,1.230050,-0.255326,0.053362,-0.000340,-0.029944,0.061011,0.000972,0.001089,0.036477
35.350926,0.842303,0.286521,-0.692903,0.990180,1.129277,0.314212,0.453203,0.564277,-0.600199,-0.524412,0.813187,0.637580,0.230372,0.296121,0.079053,0.611637,-0.432959,-1.056075,-0.799634,1.230045,-0.255260,0.053028,0.000701,-0.027670,0.060493,0.000790,-0.000732,0.033978
35.351986,0.843488,0.288072,-0.690771,0.988542,1.128588,0.313956,0.453159,0.564277,-0.600199,-0.524412,0.813187,0.637580,0.230372,0.296121,0.079053,0.611637,-0.432959,-1.056075,-0.799634,1.230045,-0.255260,0.053028,0.000701,-0.027670,0.060493,0.000790,-0.000732,0.033978
35.352939,0.847021,0.289593,-0.690741,0.988864,1.128860,0.314287,0.454196,0.559518,-0.601240,-0.527270,0.813747,0.637371,0.230154,0.296055,0.079102,0.611636,-0.432989,-1.056013,-0.799631,1.230045,-0.255226,0.051840,-0.000065,-0.028402,0.060648,0.001461,-0.000457,0.033953
35.354034,0.843003,0.284905,-0.694477,0.988001,1.129288,0.313582,0.454654,0.561287,-0.599335,-0.526302,0.814188,0.637494,0.230245,0.296006,0.079147,0.611634,-0.433014,-1.055959,-0.799629,1.230046,-0.255195,0.049527,-0.000804,-0.028103,0.059005,0.001162,-0.000801,0.031736
35.355087,0.845561,0.288703,-0.696165,0.986117,1.128785,0.313149,0.454128,0.570804,-0.597597,-0.521334,0.816393,0.637826,0.230705,0.295973,0.079202,0.611639,-0.433035,-1.055900,-0.799628,1.230050,-0.255168,0.050906,0.001505,-0.025964,0.058460,0.000723,-0.000110,0.030722
35.356117,0.846606,0.291866,-0.698592,0.983678,1.130238,0.313787,0.454513,0.582111,-0.600652,-0.516421,0.821384,0.637912,0.231250,0.295960,0.079247,0.611638,-0.433060,-1.055840,-0.799628,1.230051,-0.255135,0.049057,-0.000415,-0.024839,0.058917,0.001238,0.000313,0.031661
35.356926,0.846400,0.290319,-0.694915,0.985141,1.129137,0.312875,0.454705,0.593893,-0.602116,-0.511210,0.825596,0.637981,0.231749,0.295974,0.079293,0.611634,-0.433080,-1.055779,-0.799632,1.230047,-0.255106,0.047992,-0.001949,-0.023375,0.059899,-0.000195,-0.000314,0.030756
35.357985,0.843474,0.288509,-0.697583,0.982861,1.128833,0.312419,0.454359,0.609034,-0.597085,-0.503206,0.827176,0.638389,0.232325,0.296000,0.079341,0.611634,-0.433108,-1.055726,-0.799629,1.230049,-0.255078,0.047528,-0.001153,-0.024907,0.057136,0.000894,0.000604,0.030265
35.358975,0.846471,0.288305,-0.701148,0.980922,1.130365,0.312421,0.455642,0.626518,-0.591495,-0.493833,0.828862,0.638866,0.233003,0.296019,0.079390,0.611636,-0.433127,-1.055668,-0.799631,1.230050,-0.255047,0.048416,-0.000270,-0.023320,0.058047,0.001216,0.001047,0.030843
35.359949,0.846471,0.292085,-0.699231,0.980200,1.131567,0.312728,0.455098,0.642246,-0.589967,-0.486039,0.831852,0.639074,0.233595,0.296020,0.079432,0.611635,-0.433144,-1.055609,-0.799633,1.230049,-0.255026,0.046380,-0.000171,-0.021324,0.058574,-0.000311,0.001048,0.028162
35.360928,0.845955,0.291651,-0.701851,0.979704,1.132001,0.313285,0.456652,0.656928,-0.589214,-0.478828,0.834469,0.639220,0.234092,0.295999,0.079477,0.611631,-0.433167,-1.055552,-0.799636,1.230049,-0.254993,0.045861,-0.002033,-0.022032,0.057912,-0.001484,0.000739,0.029155
35.361926,0.845847,0.290812,-0.704797,0.978274,1.130046,0.311759,0.456845,0.673139,-0.585013,-0.470021,0.835331,0.639609,0.234636,0.295966,0.079523,0.611632,-0.433184,-1.055497,-0.799636,1.230049,-0.254974,0.045568,-0.001801,-0.020495,0.057078,-0.001912,0.000177,0.025931
35.362965,0.844096,0.288385,-0.703738,0.978386,1.127581,0.312026,0.456935,0.688558,-0.579663,-0.461286,0.835277,0.640054,0.235151,0.295922,0.079566,0.611630,-0.433199,-1.055438,-0.799633,1.230050,-0.254949,0.045104,-0.001355,-0.018845,0.057101,0.000041,0.001718,0.025471
35.363970,0.846236,0.292822,-0.704138,0.976767,1.129462,0.312378,0.457046,0.700091,-0.579095,-0.455364,0.836656,0.640176,0.235514,0.295880,0.079611,0.611633,-0.433218,-1.055384,-0.799628,1.230048,-0.254927,0.045441,-0.000172,-0.019167,0.055678,0.002462,0.001446,0.025206
35.364947,0.846800,0.284794,-0.705184,0.976595,1.129747,0.313690,0.457973,0.709056,-0.583358,-0.451524,0.839875,0.640025,0.235820,0.295865,0.079651,0.611627,-0.433236,-1.055328,-0.799634,1.230048,-0.254902,0.043877,-0.002345,-0.018743,0.055980,0.000599,0.001093,0.024881
35.366055,0.846993,0.285312,-0.707931,0.972791,1.128748,0.312191,0.457929,0.719161,-0.591313,-0.447442,0.845156,0.639822,0.236248,0.295883,0.079692,0.611636,-0.433252,-1.055275,-0.799636,1.230045,-0.254882,0.043117,0.001619,-0.018025,0.054866,0.000340,-0.000212,0.022930
35.367065,0.845199,0.285878,-0.708701,0.970544,1.130985,0.313382,0.458831,0.730157,-0.607163,-0.443881,0.854276,0.639423,0.236745,0.295922,0.079732,0.611636,-0.433266,-1.055214,-0.799631,1.230049,-0.254858,0.042536,0.001317,-0.016472,0.057228,0.001308,0.001296,0.022944
35.367928,0.845710,0.285896,-0.709691,0.968997,1.129723,0.313784,0.459618,0.738437,-0.627990,-0.442329,0.864776,0.638839,0.237066,0.295950,0.079775,0.611636,-0.433280,-1.055153,-0.799636,1.230046,-0.254844,0.042929,0.001034,-0.015931,0.058013,-0.000907,0.000096,0.021063
35.368972,0.848467,0.287812,-0.710725,0.967459,1.129816,0.313206,0.460354,0.742410,-0.646749,-0.442491,0.872888,0.638308,0.237140,0.295928,0.079815,0.611636,-0.433295,-1.055097,-0.799635,1.230045,-0.254828,0.042178,0.001027,-0.015251,0.058200,0.000373,-0.000294,0.019428
35.369919,0.846109,0.287915,-0.712879,0.967145,1.129198,0.313329,0.460440,0.744874,-0.660473,-0.442359,0.877979,0.638038,0.237134,0.295838,0.079852,0.611634,-0.433309,-1.055039,-0.799632,1.230045,-0.254815,0.040343,0.000084,-0.014571,0.058351,0.000237,0.000291,0.017906
35.370973,0.843751,0.290686,-0.715777,0.963973,1.129355,0.312080,0.461918,0.748088,-0.668206,-0.440606,0.880369,0.638099,0.237173,0.295681,0.079895,0.611634,-0.433320,-1.054983,-0.799630,1.230044,-0.254799,0.041037,0.000041,-0.013357,0.057305,0.000845,0.000171,0.017682
35.372078,0.846540,0.285277,-0.715529,0.963711,1.129734,0.313258,0.462108,0.748075,-0.669903,-0.439521,0.879488,0.638273,0.237098,0.295459,0.079939,0.611628,-0.433329,-1.054921,-0.799629,1.230045,-0.254790,0.041682,-0.001287,-0.011793,0.059020,0.000670,0.001424,0.014662
35.372956,0.845628,0.288381,-0.711905,0.960760,1.131050,0.313946,0.462016,0.742681,-0.667843,-0.440719,0.875991,0.638372,0.236809,0.295196,0.079975,0.611635,-0.433340,-1.054867,-0.799631,1.230044,-0.254777,0.039838,0.001372,-0.011804,0.057952,0.000312,0.000232,0.014259
35.373955,0.845773,0.287954,-0.718039,0.960050,1.130594,0.313012,0.462723,0.737265,-0.665131,-0.441690,0.872338,0.638531,0.236562,0.294940,0.080013,0.611632,-0.433356,-1.054805,-0.799635,1.230044,-0.254762,0.039849,-0.000183,-0.013445,0.059453,-0.000980,-0.000452,0.014388
35.375021,0.843781,0.288189,-0.718712,0.959156,1.129183,0.312301,0.463079,0.734380,-0.660128,-0.440741,0.868215,0.638932,0.236482,0.294715,0.080052,0.611632,-0.433359,-1.054749,-0.799633,1.230045,-0.254753,0.039304,0.000046,-0.010286,0.058786,-0.000528,0.000489,0.012921
35.376022,0.847086,0.288400,-0.716848,0.956979,1.128347,0.313170,0.463301,0.730089,-0.653539,-0.440310,0.863378,0.639327,0.236384,0.294520,0.080093,0.611632,-0.433370,-1.054692,-0.799630,1.230046,-0.254739,0.039822,-0.000076,-0.009844,0.058320,0.000868,0.001194,0.012159
35.376993,0.842214,0.289199,-0.720759,0.955206,1.128871,0.312866,0.463816,0.724430,-0.647121,-0.440748,0.858852,0.639607,0.236261,0.294358,0.080124,0.611632,-0.433382,-1.054630,-0.799628,1.230045,-0.254730,0.037771,-0.000181,-0.010646,0.059027,0.001679,0.000318,0.011683
35.377982,0.843754,0.283208,-0.720486,0.955213,1.131214,0.314629,0.463601,0.719009,-0.639135,-0.440856,0.854039,0.639925,0.236163,0.294220,0.080168,0.611630,-0.433387,-1.054570,-0.799629,1.230048,-0.254719,0.039724,-0.000560,-0.008604,0.059346,0.001149,0.000614,0.010603
35.378974,0.842296,0.289762,-0.723855,0.953284,1.130445,0.314094,0.464357,0.710986,-0.633621,-0.442832,0.850284,0.640006,0.236007,0.294092,0.080203,0.611638,-0.433396,-1.054514,-0.799634,1.230042,-0.254707,0.038496,0.002380,-0.008658,0.057976,-0.001157,-0.001132,0.010998
35.379938,0.839562,0.290858,-0.721602,0.950260,1.130682,0.313080,0.464299,0.700068,-0.633828,-0.447360,0.849150,0.639714,0.235833,0.293964,0.080243,0.611630,-0.433398,-1.054456,-0.799631,1.230045,-0.254700,0.038764,-0.000868,-0.006929,0.058526,-0.000395,-0.000593,0.009440
35.381036,0.841014,0.288745,-0.720495,0.950272,1.128914,0.313398,0.463821,0.686686,-0.631312,-0.452853,0.846517,0.639427,0.235594,0.293824,0.080284,0.611629,-0.433410,-1.054392,-0.799631,1.230047,-0.254689,0.039639,-0.001382,-0.007943,0.060028,-0.000635,0.000415,0.009527
35.381926,0.840460,0.287778,-0.724494,0.947869,1.129191,0.313592,0.464076,0.672072,-0.621545,-0.457875,0.840239,0.639410,0.235267,0.293687,0.080320,0.611632,-0.433418,-1.054336,-0.799629,1.230044,-0.254676,0.038465,-0.000340,-0.008391,0.058638,0.001126,0.000099,0.010442
35.382935,0.840170,0.291914,-0.725114,0.947396,1.129826,0.312920,0.463538,0.659003,-0.610632,-0.461878,0.833782,0.639533,0.234999,0.293584,0.080357,0.611632,-0.433420,-1.054274,-0.799630,1.230044,-0.254670,0.038308,0.000137,-0.006344,0.059575,0.000843,-0.000094,0.009890
35.383973,0.840322,0.289180,-0.723451,0.945421,1.129248,0.312899,0.465121,0.647157,-0.600327,-0.465375,0.827946,0.639677,0.234792,0.293520,0.080396,0.611627,-0.433425,-1.054217,-0.799633,1.230045,-0.254656,0.037984,-0.001892,-0.005984,0.058672,0.000229,0.000578,0.010928
35.384912,0.841339,0.288267,-0.726704,0.942072,1.128140,0.313080,0.464866,0.637311,-0.588203,-0.467554,0.821711,0.639966,0.234660,0.293476,0.080433,0.611628,-0.433433,-1.054157,-0.799631,1.230045,-0.254655,0.037461,-0.000512,-0.006733,0.059214,0.000804,0.000593,0.007715
35.385953,0.840513,0.286453,-0.725992,0.941214,1.128555,0.313792,0.465114,0.630935,-0.575613,-0.467802,0.815810,0.640440,0.234609,0.293426,0.080468,0.611628,-0.433437,-1.054093,-0.799626,1.230045,-0.254643,0.036527,-0.000065,-0.005040,0.061044,0.001863,0.000414,0.008214
35.387088,0.841131,0.288271,-0.726356,0.939442,1.129622,0.313182,0.465799,0.627220,-0.565428,-0.467041,0.811216,0.640953,0.234572,0.293364,0.080505,0.611630,-0.433443,-1.054034,-0.799627,1.230047,-0.254641,0.036512,0.000826,-0.005343,0.060477,0.001447,-0.000316,0.007698
35.387947,0.839566,0.287188,-0.726772,0.938115,1.129481,0.312889,0.466095,0.626173,-0.557855,-0.465302,0.808043,0.641470,0.234582,0.293277,0.080537,0.611630,-0.433448,-1.053975,-0.799629,1.230046,-0.254638,0.035802,-0.000101,-0.005089,0.060820,0.000388,0.000310,0.006309
35.388941,0.840054,0.291569,-0.730209,0.937419,1.127856,0.313095,0.467281,0.627936,-0.551005,-0.462204,0.805469,0.642049,0.234659,0.293159,0.080575,0.611632,-0.433452,-1.053914,-0.799627,1.230047,-0.254634,0.036148,0.000431,-0.004832,0.060699,0.000528,0.000595,0.005710
35.390010,0.840316,0.288729,-0.724230,0.934641,1.129017,0.312392,0.466788,0.630860,-0.542945,-0.458431,0.802397,0.642637,0.234739,0.293007,0.080610,0.611627,-0.433452,-1.053855,-0.799623,1.230049,-0.254634,0.035466,-0.001721,-0.003104,0.059951,0.002130,0.000375,0.003321
35.391012,0.838292,0.286193,-0.728026,0.933438,1.127637,0.313779,0.467345,0.635881,-0.531651,-0.453175,0.798100,0.643317,0.234859,0.292827,0.080645,0.611628,-0.433463,-1.053791,-0.799625,1.230048,-0.254627,0.034926,-0.000286,-0.006007,0.061214,0.000961,0.001092,0.004311
35.391999,0.840507,0.289311,-0.727645,0.934624,1.129389,0.312780,0.467344,0.644115,-0.519775,-0.446177,0.793826,0.644076,0.235054,0.292635,0.080682,0.611632,-0.433463,-1.053729,-0.799622,1.230046,-0.254626,0.035504,0.000936,-0.004060,0.060913,0.002332,-0.000303,0.003174
35.393008,0.838055,0.289001,-0.725330,0.931849,1.130323,0.312316,0.467759,0.654312,-0.511986,-0.438910,0.791666,0.644667,0.235327,0.292433,0.080713,0.611628,-0.433469,-1.053676,-0.799628,1.230047,-0.254623,0.033997,-0.000607,-0.004205,0.058449,0.000611,0.000712,0.003175
35.394020,0.835997,0.288745,-0.726974,0.931206,1.129012,0.312603,0.468190,0.667436,-0.506379,-0.430548,0.791082,0.645204,0.235747,0.292222,0.080750,0.611628,-0.433478,-1.053615,-0.799629,1.230051,-0.254622,0.034799,-0.000435,-0.005264,0.059800,-0.000305,0.001147,0.002332
35.394977,0.835706,0.288405,-0.731113,0.929867,1.130020,0.313268,0.467853,0.681856,-0.500473,-0.421506,0.790407,0.645775,0.236200,0.292008,0.080787,0.611626,-0.433482,-1.053556,-0.799627,1.230048,-0.254621,0.035389,-0.000281,-0.004371,0.058993,0.001009,0.000870,0.001464
35.396003,0.837707,0.286803,-0.729256,0.928485,1.129205,0.311893,0.467897,0.692564,-0.496267,-0.414869,0.789614,0.646082,0.236480,0.291794,0.080821,0.611628,-0.433480,-1.053498,-0.799631,1.230047,-0.254619,0.035118,-0.000128,-0.002308,0.058944,0.000017,0.000206,0.002147
35.397074,0.835949,0.286235,-0.729621,0.927086,1.129453,0.312531,0.467810,0.699551,-0.495847,-0.411014,0.789716,0.646029,0.236581,0.291572,0.080853,0.611630,-0.433486,-1.053438,-0.799626,1.230049,-0.254618,0.033716,0.000653,-0.003198,0.058897,0.000803,0.001593,0.002047
35.398000,0.835769,0.286499,-0.728088,0.927290,1.129666,0.312403,0.467702,0.706340,-0.499517,-0.408030,0.791420,0.645800,0.236617,0.291336,0.080888,0.611630,-0.433488,-1.053378,-0.799628,1.230050,-0.254619,0.034202,0.000930,-0.002978,0.058862,0.000558,0.000926,0.002227
35.399085,0.832700,0.290578,-0.730718,0.926989,1.129376,0.310954,0.468494,0.714255,-0.506736,-0.405080,0.794799,0.645497,0.236671,0.291090,0.080921,0.611630,-0.433493,-1.053324,-0.799629,1.230051,-0.254615,0.033881,0.000793,-0.003690,0.057339,0.000361,0.001055,0.002427
35.400027,0.834266,0.284761,-0.728995,0.924589,1.130838,0.312195,0.468371,0.721937,-0.514836,-0.402506,0.798631,0.645139,0.236742,0.290824,0.080957,0.611625,-0.433495,-1.053269,-0.799630,1.230052,-0.254618,0.035000,-0.001198,-0.002333,0.056326,0.000658,0.002511,0.000837
35.400930,0.833701,0.286715,-0.727466,0.924548,1.129117,0.312676,0.468883,0.727905,-0.522535,-0.400916,0.802089,0.644721,0.236762,0.290535,0.080989,0.611631,-0.433499,-1.053210,-0.799631,1.230048,-0.254616,0.033815,0.001677,-0.003169,0.057320,-0.000806,0.001266,0.001093
35.402040,0.830998,0.288357,-0.728751,0.922176,1.130023,0.312660,0.468840,0.734379,-0.532096,-0.399362,0.806531,0.644300,0.236826,0.290242,0.081023,0.611630,-0.433504,-1.053156,-0.799625,1.230047,-0.254618,0.033694,0.000680,-0.003873,0.056053,0.000885,0.000799,0.000064
35.403077,0.829476,0.286956,-0.731410,0.921119,1.130404,0.312882,0.468771,0.742165,-0.541474,-0.397006,0.811148,0.644003,0.236992,0.289964,0.081059,0.611628,-0.433507,-1.053096,-0.799629,1.230047,-0.254616,0.034629,-0.000116,-0.003186,0.057014,-0.000010,0.000822,0.000155
35.404045,0.828623,0.287196,-0.730127,0.918627,1.130996,0.314083,0.469031,0.746638,-0.547640,-0.395885,0.813603,0.643741,0.237044,0.289701,0.081093,0.611631,-0.433506,-1.053042,-0.799629,1.230047,-0.254615,0.034977,0.000557,-0.001857,0.056756,-0.000387,0.000598,0.000289
35.405040,0.830809,0.288070,-0.731332,0.919232,1.131127,0.314267,0.468439,0.745160,-0.551520,-0.397547,0.813760,0.643378,0.236853,0.289447,0.081126,0.611632,-0.433509,-1.052982,-0.799629,1.230046,-0.254613,0.034996,0.000424,-0.002484,0.057823,-0.000978,-0.000608,-0.000248
35.405989,0.829618,0.282261,-0.734650,0.917455,1.130609,0.314578,0.468444,0.741199,-0.553248,-0.400050,0.812476,0.643053,0.236594,0.289193,0.081157,0.611632,-0.433510,-1.052930,-0.799629,1.230046,-0.254609,0.033524,-0.000019,-0.001862,0.055950,-0.001104,-0.000782,0.000940
35.406968,0.831789,0.285669,-0.733785,0.916268,1.132346,0.314669,0.469358,0.737646,-0.557037,-0.402531,0.812567,0.642673,0.236423,0.288933,0.081190,0.611639,-0.433508,-1.052872,-0.799627,1.230045,-0.254609,0.033732,0.002832,-0.000207,0.056335,-0.000594,-0.001089,0.000917
35.408003,0.828587,0.287399,-0.729894,0.913736,1.130036,0.314919,0.468464,0.734738,-0.566984,-0.405589,0.816040,0.642066,0.236340,0.288652,0.081221,0.611638,-0.433509,-1.052815,-0.799631,1.230045,-0.254614,0.032267,0.001103,-0.000658,0.056168,-0.002316,-0.001173,-0.000908
35.408936,0.827649,0.283986,-0.734632,0.913496,1.130545,0.314698,0.469241,0.734524,-0.576161,-0.406924,0.819809,0.641634,0.236394,0.288354,0.081256,0.611636,-0.433514,-1.052756,-0.799626,1.230045,-0.254609,0.033470,0.000267,-0.002549,0.057285,-0.000020,-0.001425,0.000895
35.410030,0.828624,0.286273,-0.735265,0.911435,1.131072,0.313653,0.468802,0.735535,-0.580800,-0.406690,0.821742,0.641484,0.236525,0.288054,0.081290,0.611641,-0.433509,-1.052702,-0.799629,1.230044,-0.254613,0.033524,0.001934,-0.000205,0.056213,-0.000528,-0.001194,-0.000677
35.411091,0.826108,0.289082,-0.734970,0.911807,1.129771,0.313496,0.469195,0.730818,-0.587147,-0.409114,0.823441,0.641082,0.236558,0.287483,0.081355,0.611636,-0.433508,-1.052590,-0.799626,1.230046,-0.254612,0.033520,-0.000580,-0.000064,0.055203,0.000233,-0.000005,-0.000579
35.412003,0.824494,0.286056,-0.733348,0.911049,1.129096,0.312621,0.468922,0.730818,-0.587147,-0.409114,0.823441,0.641082,0.236558,0.287483,0.081355,0.611636,-0.433508,-1.052590,-0.799626,1.230046,-0.254612,0.033520,-0.000580,-0.000064,0.055203,0.000233,-0.000005,-0.000579
35.413090,0.825038,0.287026,-0.735307,0.910824,1.129415,0.313824,0.468210,0.725836,-0.586536,-0.411023,0.822609,0.640899,0.236535,0.287239,0.081389,0.611639,-0.433511,-1.052534,-0.799625,1.230049,-0.254611,0.033913,0.000921,-0.000854,0.054640,0.000900,0.000858,-0.000026
35.413966,0.823913,0.284842,-0.735212,0.907672,1.128550,0.313640,0.468091,0.719625,-0.587656,-0.413788,0.823019,0.640560,0.236567,0.287036,0.081421,0.611639,-0.433509,-1.052483,-0.799627,1.230046,-0.254607,0.033245,0.000416,0.000118,0.053627,0.000584,-0.000346,0.001391
35.415003,0.818974,0.286021,-0.733271,0.907218,1.129230,0.313864,0.469215,0.712874,-0.591901,-0.417228,0.825319,0.640059,0.236664,0.286850,0.081455,0.611643,-0.433509,-1.052423,-0.799625,1.230048,-0.254603,0.033406,0.001479,0.000061,0.055376,0.001439,-0.000164,0.001600
35.416089,0.823624,0.286476,-0.733013,0.905128,1.131091,0.313447,0.468279,0.703721,-0.597709,-0.422059,0.828056,0.639426,0.236700,0.286627,0.081493,0.611641,-0.433511,-1.052373,-0.799626,1.230044,-0.254607,0.035437,0.000894,-0.000893,0.054605,0.000760,-0.000367,-0.000655
35.417012,0.820236,0.288126,-0.732424,0.905191,1.131056,0.313660,0.469351,0.693071,-0.602148,-0.427217,0.829766,0.638857,0.236683,0.286334,0.081521,0.611641,-0.433513,-1.052316,-0.799628,1.230046,-0.254603,0.032739,0.000670,-0.000988,0.055323,-0.001096,0.000042,0.001241
35.417948,0.819408,0.285248,-0.735978,0.902017,1.129495,0.314698,0.469180,0.685565,-0.602326,-0.429639,0.829933,0.638668,0.236795,0.285982,0.081557,0.611639,-0.433513,-1.052264,-0.799626,1.230045,-0.254607,0.034038,-0.000137,-0.001281,0.054009,-0.001065,-0.000171,-0.000926
35.419050,0.820836,0.287704,-0.735289,0.900290,1.131205,0.315939,0.468870,0.679496,-0.599542,-0.430551,0.828894,0.638697,0.236963,0.285588,0.081591,0.611643,-0.433509,-1.052206,-0.799623,1.230043,-0.254607,0.034027,0.001280,0.000465,0.055804,0.000487,-0.001202,-0.000558
35.420024,0.817688,0.289436,-0.737270,0.900141,1.129194,0.315387,0.468661,0.671882,-0.595299,-0.431924,0.826684,0.638739,0.237046,0.285181,0.081623,0.611641,-0.433511,-1.052149,-0.799626,1.230041,-0.254606,0.032924,0.000046,0.000123,0.056155,-0.001228,-0.002434,0.000061
35.420926,0.818890,0.289328,-0.736696,0.898682,1.129839,0.315311,0.468033,0.663598,-0.587435,-0.432997,0.822471,0.638904,0.237076,0.284789,0.081659,0.611639,-0.433509,-1.052097,-0.799621,1.230044,-0.254604,0.034084,-0.000791,0.001100,0.055035,0.000773,-0.001881,0.000466
35.422077,0.817384,0.290820,-0.736198,0.897275,1.130326,0.314655,0.468521,0.654642,-0.575612,-0.433818,0.816315,0.639163,0.237072,0.284426,0.081690,0.611641,-0.433509,-1.052042,-0.799623,1.230045,-0.254600,0.033090,-0.000745,0.000801,0.055203,0.000117,-0.001816,0.001714
35.423018,0.814150,0.287400,-0.736734,0.896241,1.128594,0.314144,0.468729,0.646277,-0.560651,-0.433852,0.808819,0.639531,0.237061,0.284092,0.081725,0.611639,-0.433509,-1.051986,-0.799624,1.230047,-0.254604,0.033438,-0.001480,0.000552,0.055270,-0.000354,-0.001165,0.000735
35.424016,0.814011,0.289091,-0.736848,0.894601,1.129081,0.313777,0.468233,0.637771,-0.545024,-0.433914,0.800891,0.639896,0.236981,0.283774,0.081762,0.611643,-0.433509,-1.051932,-0.799620,1.230048,-0.254603,0.034622,0.000207,0.000830,0.054984,0.001362,-0.000661,0.000320
35.425010,0.813795,0.286824,-0.733940,0.891807,1.129330,0.314120,0.469112,0.626328,-0.532755,-0.436250,0.793865,0.639971,0.236697,0.283468,0.081795,0.611641,-0.433508,-1.051875,-0.799623,1.230050,-0.254601,0.034280,-0.000644,0.000867,0.055273,0.000876,-0.000309,0.001318
35.425936,0.812685,0.289863,-0.736805,0.892283,1.129723,0.314035,0.469292,0.613798,-0.523184,-0.439707,0.787589,0.639887,0.236252,0.283174,0.081827,0.611643,-0.433511,-1.051816,-0.799622,1.230047,-0.254606,0.033996,0.000489,-0.000561,0.056669,0.000622,-0.000642,-0.000449
35.427059,0.812705,0.285735,-0.734018,0.890720,1.128410,0.314208,0.469075,0.602908,-0.514136,-0.442383,0.781478,0.639866,0.235766,0.282879,0.081862,0.611639,-0.433507,-1.051766,-0.799623,1.230047,-0.254606,0.034136,-0.001012,0.000852,0.054946,0.000235,-0.000553,-0.000794
35.428053,0.810983,0.287414,-0.734210,0.891296,1.128635,0.314307,0.469334,0.594171,-0.507025,-0.444257,0.776550,0.639836,0.235331,0.282588,0.081895,0.611643,-0.433511,-1.051710,-0.799621,1.230047,-0.254604,0.033724,0.001043,-0.000524,0.055200,0.001550,-0.000727,-0.000362
35.428930,0.813106,0.287908,-0.736003,0.889848,1.129261,0.314470,0.468750,0.588243,-0.504944,-0.445488,0.774618,0.639667,0.235040,0.282321,0.081930,0.611643,-0.433511,-1.051659,-0.799621,1.230046,-0.254605,0.034172,0.000174,-0.000413,0.053371,0.001309,-0.000821,-0.000882
35.430005,0.810712,0.287440,-0.734358,0.889572,1.129672,0.314440,0.468606,0.585828,-0.507286,-0.445600,0.775628,0.639389,0.234951,0.282089,0.081960,0.611643,-0.433509,-1.051607,-0.799621,1.230046,-0.254601,0.032731,-0.000072,0.000466,0.053594,0.000679,-0.000985,0.000282
35.431008,0.805297,0.291518,-0.736006,0.890320,1.130281,0.314476,0.469304,0.587132,-0.511579,-0.444106,0.778394,0.639106,0.235065,0.281883,0.081996,0.611644,-0.433511,-1.051557,-0.799624,1.230047,-0.254600,0.033529,0.000164,-0.000348,0.052643,0.000295,-0.000957,0.000558
35.431924,0.807784,0.288010,-0.735819,0.886882,1.129749,0.315249,0.468852,0.588533,-0.516396,-0.442803,0.781599,0.638719,0.235252,0.281674,0.082036,0.611638,-0.433509,-1.051509,-0.799626,1.230048,-0.254603,0.035762,-0.001827,0.000467,0.050755,-0.000290,-0.000999,-0.000839
35.432993,0.807037,0.288010,-0.734228,0.886682,1.128917,0.314549,0.469063,0.586169,-0.520417,-0.443630,0.783867,0.638119,0.235349,0.281441,0.082067,0.611641,-0.433509,-1.051453,-0.799621,1.230047,-0.254599,0.034117,-0.000078,0.000364,0.052869,0.000199,-0.001774,0.000069
35.434005,0.807028,0.284889,-0.735699,0.884317,1.128921,0.313896,0.468927,0.582743,-0.524454,-0.445209,0.785744,0.637439,0.235381,0.281176,0.082101,0.611641,-0.433511,-1.051404,-0.799620,1.230050,-0.254600,0.034090,-0.000095,-0.000413,0.051863,0.001024,-0.001078,-0.000359
35.434910,0.807540,0.287642,-0.732919,0.885524,1.128957,0.314681,0.469812,0.581094,-0.530998,-0.446366,0.788677,0.636737,0.235395,0.280877,0.082134,0.611645,-0.433509,-1.051350,-0.799621,1.230049,-0.254599,0.033697,0.001435,0.000312,0.052955,0.001024,-0.000418,-0.000087
35.436068,0.803158,0.286951,-0.733518,0.883804,1.129841,0.314410,0.469699,0.582416,-0.540653,-0.446532,0.793180,0.636031,0.235444,0.280549,0.082165,0.611642,-0.433513,-1.051305,-0.799620,1.230046,-0.254603,0.033070,0.000067,-0.001052,0.050653,0.000980,-0.001204,-0.001861
35.437007,0.804733,0.285818,-0.735190,0.885356,1.129627,0.313560,0.468960,0.586812,-0.551215,-0.445256,0.798406,0.635398,0.235597,0.280207,0.082201,0.611642,-0.433513,-1.051254,-0.799622,1.230049,-0.254605,0.034847,0.000435,-0.000736,0.051159,0.000104,-0.000939,-0.001604
35.437975,0.804109,0.284341,-0.735491,0.884943,1.130120,0.313875,0.469144,0.591297,-0.563477,-0.444305,0.804318,0.634663,0.235777,0.279894,0.082232,0.611644,-0.433511,-1.051211,-0.799622,1.230049,-0.254599,0.033662,0.000980,0.000084,0.048544,0.000329,-0.000081,-0.000139
35.439030,0.801107,0.288646,-0.734344,0.884260,1.131107,0.314176,0.468524,0.595486,-0.581765,-0.444638,0.813060,0.633610,0.235990,0.279659,0.082265,0.611644,-0.433511,-1.051164,-0.799623,1.230046,-0.254600,0.033592,0.001718,0.000228,0.047848,-0.000164,-0.000393,-0.000524
35.440070,0.804400,0.286578,-0.735909,0.883680,1.129650,0.314305,0.469560,0.599908,-0.604092,-0.445642,0.823814,0.632359,0.236270,0.279500,0.082298,0.611640,-0.433513,-1.051118,-0.799624,1.230047,-0.254598,0.034700,-0.000413,-0.000332,0.047441,-0.001140,-0.000697,0.000726
35.440921,0.805644,0.286809,-0.731251,0.881938,1.131348,0.314761,0.468597,0.604829,-0.624513,-0.446165,0.833684,0.631199,0.236612,0.279379,0.082326,0.611644,-0.433511,-1.051073,-0.799621,1.230048,-0.254602,0.032690,0.000605,0.000443,0.046941,0.000311,-0.000828,-0.001363
35.442054,0.801191,0.291692,-0.736343,0.883095,1.130223,0.313363,0.468170,0.614870,-0.641381,-0.443332,0.842584,0.630432,0.237162,0.279271,0.082356,0.611642,-0.433518,-1.051026,-0.799625,1.230047,-0.254596,0.031718,0.000496,-0.001827,0.047569,-0.001380,-0.001283,0.000579
35.442968,0.798832,0.284201,-0.735588,0.882535,1.129060,0.313155,0.469244,0.630545,-0.652775,-0.436506,0.849642,0.630174,0.237905,0.279165,0.082393,0.611636,-0.433511,-1.050985,-0.799625,1.230050,-0.254593,0.033525,-0.001899,0.000685,0.045402,-0.000227,0.000115,0.001409
35.443987,0.799913,0.288510,-0.734189,0.882107,1.129961,0.314859,0.468883,0.643590,-0.661869,-0.430836,0.855053,0.629906,0.238515,0.279034,0.082429,0.611642,-0.433513,-1.050941,-0.799621,1.230050,-0.254598,0.034270,0.001837,0.000300,0.044905,0.000897,0.000309,-0.000746
35.444923,0.800989,0.288306,-0.732978,0.881788,1.129583,0.314791,0.469167,0.651033,-0.674990,-0.428974,0.861418,0.629243,0.238916,0.278867,0.082461,0.611638,-0.433514,-1.050898,-0.799624,1.230046,-0.254596,0.033329,-0.000325,-0.000397,0.044308,0.000007,-0.001388,-0.000005
35.446063,0.800887,0.285901,-0.734482,0.882815,1.130285,0.314216,0.468846,0.658913,-0.688665,-0.426909,0.868263,0.628605,0.239404,0.278690,0.082491,0.611638,-0.433515,-1.050856,-0.799623,1.230046,-0.254598,0.032433,-0.000203,-0.000982,0.043621,0.000390,-0.001301,-0.000576
35.446935,0.801773,0.287996,-0.735323,0.880587,1.130492,0.314473,0.468466,0.671020,-0.701618,-0.422306,0.875818,0.628203,0.240155,0.278531,0.082522,0.611642,-0.433515,-1.050818,-0.799624,1.230047,-0.254598,0.032114,0.000961,-0.000224,0.041673,-0.000315,-0.000728,0.000074
35.448002,0.799349,0.288425,-0.735182,0.879149,1.131064,0.314749,0.468665,0.686419,-0.716357,-0.416077,0.885087,0.627902,0.241094,0.278410,0.082551,0.611639,-0.433514,-1.050773,-0.799623,1.230046,-0.254595,0.031312,-0.000065,0.000191,0.042843,-0.000525,-0.000988,0.000824
35.448980,0.799236,0.291429,-0.734093,0.879510,1.131289,0.314105,0.468705,0.702633,-0.728721,-0.408862,0.893320,0.627804,0.242034,0.278322,0.082586,0.611638,-0.433515,-1.050730,-0.799623,1.230045,-0.254596,0.032120,-0.000264,0.000118,0.043232,-0.001100,-0.001260,0.000418
35.450097,0.795753,0.289173,-0.738740,0.879714,1.129162,0.314101,0.467924,0.717806,-0.734094,-0.400884,0.897809,0.628035,0.242865,0.278240,0.082619,0.611634,-0.433515,-1.050690,-0.799626,1.230046,-0.254596,0.031776,-0.001731,-0.000427,0.041909,-0.001299,-0.000612,0.000343
35.450986,0.797523,0.294569,-0.731720,0.878722,1.129975,0.313642,0.469085,0.729341,-0.734418,-0.393961,0.899227,0.628354,0.243537,0.278150,0.082655,0.611638,-0.433509,-1.050651,-0.799620,1.230047,-0.254593,0.033104,-0.000621,0.001851,0.040767,0.000789,-0.000620,0.001910
35.452023,0.797346,0.293118,-0.730756,0.876896,1.128819,0.313426,0.468451,0.736736,-0.731259,-0.388688,0.898416,0.628625,0.244086,0.278041,0.082685,0.611630,-0.433517,-1.050611,-0.799623,1.230046,-0.254598,0.031828,-0.003267,-0.001625,0.040815,-0.000021,-0.000149,-0.000434
35.452975,0.791861,0.291064,-0.731264,0.875343,1.130577,0.312280,0.468724,0.745994,-0.720009,-0.380912,0.894158,0.629313,0.244735,0.277907,0.082716,0.611630,-0.433517,-1.050568,-0.799618,1.230046,-0.254593,0.031555,-0.002508,-0.002073,0.041623,0.001107,0.000065,0.000851
35.453938,0.791260,0.293919,-0.736256,0.874626,1.131531,0.313540,0.468185,0.756790,-0.701923,-0.370937,0.886651,0.630401,0.245392,0.277761,0.082754,0.611630,-0.433519,-1.050526,-0.799622,1.230049,-0.254594,0.033867,-0.001478,-0.001792,0.042147,-0.000636,0.001199,0.000292
35.455035,0.789707,0.289926,-0.734062,0.874624,1.131131,0.312941,0.468177,0.760750,-0.682476,-0.364321,0.876769,0.631319,0.245674,0.277618,0.082789,0.611625,-0.433514,-1.050487,-0.799625,1.230046,-0.254593,0.033723,-0.002864,0.000668,0.041919,-0.001560,-0.000068,0.001383
35.456057,0.789656,0.291858,-0.733340,0.874583,1.129466,0.311998,0.468690,0.755398,-0.664864,-0.363064,0.865753,0.631805,0.245519,0.277496,0.082825,0.611628,-0.433516,-1.050448,-0.799624,1.230049,-0.254594,0.034075,-0.000879,-0.000440,0.040986,-0.001151,0.000536,0.001389
35.456938,0.786112,0.292207,-0.733256,0.875617,1.129960,0.312130,0.468065,0.744885,-0.652562,-0.365537,0.856325,0.631870,0.245145,0.277405,0.082856,0.611625,-0.433515,-1.050408,-0.799621,1.230049,-0.254596,0.033715,-0.001829,-0.000798,0.040062,0.000494,0.001482,0.000362
35.458071,0.788875,0.293217,-0.735856,0.874032,1.131963,0.312480,0.469047,0.732439,-0.645602,-0.370027,0.849398,0.631612,0.244729,0.277334,0.082895,0.611623,-0.433516,-1.050373,-0.799622,1.230050,-0.254590,0.035045,-0.001976,-0.000823,0.038191,-0.000007,0.001333,0.001609
35.459012,0.784647,0.291367,-0.733925,0.871583,1.131538,0.312803,0.469038,0.719206,-0.641588,-0.375531,0.844178,0.631165,0.244346,0.277258,0.082926,0.611619,-0.433515,-1.050333,-0.799627,1.230052,-0.254592,0.033258,-0.002439,0.000470,0.038829,-0.001979,0.000971,-0.000378
35.459963,0.786564,0.291408,-0.734245,0.870131,1.128987,0.313774,0.468598,0.705901,-0.638055,-0.381205,0.839310,0.630725,0.243963,0.277158,0.082965,0.611619,-0.433515,-1.050292,-0.799626,1.230049,-0.254592,0.034941,-0.001500,-0.000511,0.040307,-0.001535,0.000662,-0.000338
35.460967,0.787880,0.292905,-0.733056,0.870377,1.129788,0.313303,0.469296,0.692501,-0.633582,-0.386798,0.833731,0.630414,0.243501,0.277034,0.082996,0.611618,-0.433514,-1.050248,-0.799621,1.230046,-0.254591,0.033580,-0.001510,-0.000363,0.040695,0.000982,-0.000295,0.000545
35.461961,0.785303,0.290553,-0.734479,0.870054,1.129323,0.312769,0.469682,0.682353,-0.627260,-0.390366,0.827682,0.630383,0.243101,0.276906,0.083027,0.611613,-0.433517,-1.050211,-0.799624,1.230045,-0.254594,0.032553,-0.002215,-0.000925,0.039550,0.000177,0.000192,-0.000860
35.462957,0.781409,0.293105,-0.734972,0.868720,1.129638,0.312850,0.468619,0.677682,-0.620153,-0.390920,0.822322,0.630631,0.242890,0.276791,0.083063,0.611616,-0.433515,-1.050175,-0.799621,1.230045,-0.254597,0.033426,-0.001057,-0.000220,0.039005,0.000622,0.000728,-0.001613
35.464058,0.784522,0.292421,-0.731566,0.869021,1.129216,0.313187,0.468765,0.673220,-0.614187,-0.391701,0.817618,0.630835,0.242669,0.276726,0.083103,0.611613,-0.433515,-1.050135,-0.799621,1.230045,-0.254593,0.034902,-0.002309,0.000019,0.039395,0.000309,0.000641,0.000523
35.464906,0.787533,0.289477,-0.733813,0.866206,1.130512,0.312205,0.468140,0.667383,-0.607696,-0.393246,0.812469,0.630986,0.242394,0.276743,0.083132,0.611612,-0.433519,-1.050099,-0.799620,1.230045,-0.254593,0.032960,-0.001951,-0.001653,0.038213,0.000721,0.000301,0.000210
35.465925,0.784184,0.287458,-0.737198,0.866892,1.129354,0.311469,0.468476,0.666691,-0.600609,-0.391847,0.807964,0.631377,0.242317,0.276843,0.083161,0.611615,-0.433515,-1.050055,-0.799623,1.230050,-0.254589,0.031112,-0.000493,-0.000547,0.040003,-0.000560,0.001268,0.001457
35.467032,0.783151,0.288108,-0.734990,0.866920,1.130520,0.313446,0.469027,0.671275,-0.597697,-0.388235,0.806180,0.631824,0.242375,0.276995,0.083196,0.611615,-0.433513,-1.050020,-0.799619,1.230052,-0.254589,0.032389,0.000506,0.001122,0.038449,0.000583,0.001991,0.000767
35.468015,0.783980,0.288411,-0.735696,0.865420,1.129084,0.312487,0.468802,0.675146,-0.602514,-0.386366,0.807850,0.631889,0.242362,0.277145,0.083230,0.611615,-0.433517,-1.049984,-0.799621,1.230046,-0.254590,0.032489,0.000173,0.000035,0.037558,-0.000582,0.000022,-0.000334
35.468907,0.783885,0.290699,-0.737318,0.864398,1.130761,0.312255,0.468857,0.677845,-0.612112,-0.385982,0.811716,0.631649,0.242338,0.277250,0.083262,0.611614,-0.433517,-1.049946,-0.799621,1.230049,-0.254590,0.031682,0.000025,0.000410,0.038152,0.000873,0.000993,0.000129
35.470028,0.779876,0.291287,-0.735151,0.863554,1.130859,0.312404,0.469859,0.681191,-0.620173,-0.385009,0.815013,0.631440,0.242342,0.277298,0.083292,0.611610,-0.433514,-1.049907,-0.799621,1.230050,-0.254590,0.031372,-0.001078,0.001185,0.038249,-0.000835,0.001213,0.000012
35.471026,0.782231,0.287857,-0.737868,0.862484,1.129587,0.313428,0.468971,0.683821,-0.622225,-0.383452,0.815264,0.631410,0.242287,0.277283,0.083327,0.611610,-0.433515,-1.049869,-0.799621,1.230051,-0.254594,0.032972,-0.001360,0.000101,0.038169,-0.000919,0.001054,-0.001991
35.471982,0.780966,0.284607,-0.737123,0.859678,1.129984,0.314057,0.468774,0.684114,-0.619922,-0.382452,0.812991,0.631451,0.242137,0.277222,0.083357,0.611614,-0.433513,-1.049829,-0.799621,1.230047,-0.254588,0.031412,0.000324,0.001458,0.038270,0.000373,0.000045,-0.000204
35.473040,0.779211,0.289279,-0.732504,0.862947,1.130866,0.314218,0.468050,0.682471,-0.619449,-0.382788,0.811093,0.631357,0.241916,0.277151,0.083391,0.611620,-0.433514,-1.049786,-0.799621,1.230046,-0.254588,0.031657,0.001881,0.001074,0.040071,-0.000038,-0.000574,0.000176
35.473980,0.778591,0.291337,-0.735298,0.860932,1.129329,0.313076,0.468999,0.680982,-0.621812,-0.383412,0.810490,0.631184,0.241751,0.277087,0.083423,0.611616,-0.433519,-1.049757,-0.799622,1.230044,-0.254584,0.032146,-0.000450,-0.001188,0.036058,-0.000917,-0.000719,0.001617
35.474961,0.778141,0.288579,-0.735149,0.859204,1.129679,0.312295,0.468314,0.681452,-0.621559,-0.382427,0.809356,0.631188,0.241787,0.277016,0.083455,0.611612,-0.433516,-1.049717,-0.799619,1.230049,-0.254587,0.032064,-0.001421,0.000203,0.037155,0.000612,0.000408,-0.000300
35.476031,0.776860,0.287599,-0.735588,0.858509,1.129882,0.312433,0.468801,0.682368,-0.616104,-0.380296,0.806122,0.631401,0.241888,0.276923,0.083487,0.611614,-0.433516,-1.049679,-0.799620,1.230047,-0.254583,0.031904,-0.000043,0.000114,0.037961,0.000257,0.001194,0.001086
35.476966,0.774522,0.288173,-0.736703,0.859071,1.128951,0.312580,0.468727,0.681528,-0.609049,-0.378837,0.801735,0.631626,0.241857,0.276800,0.083519,0.611616,-0.433515,-1.049642,-0.799620,1.230046,-0.254586,0.032165,0.000418,0.000332,0.037754,0.000048,0.001051,0.000101
35.477944,0.775774,0.288286,-0.736258,0.858708,1.130099,0.312509,0.469254,0.677460,-0.604191,-0.379501,0.797806,0.631624,0.241659,0.276636,0.083553,0.611614,-0.433515,-1.049607,-0.799617,1.230046,-0.254585,0.032931,0.000144,0.000889,0.036363,0.000968,0.000905,0.000256
35.479029,0.774177,0.285937,-0.734912,0.857027,1.129321,0.312102,0.469374,0.670457,-0.602192,-0.382258,0.794987,0.631334,0.241369,0.276433,0.083583,0.611612,-0.433516,-1.049572,-0.799623,1.230049,-0.254587,0.031929,0.000115,0.000665,0.035894,-0.000149,0.000964,-0.000800
35.480023,0.776430,0.286807,-0.734589,0.857675,1.131769,0.313309,0.469143,0.663303,-0.602624,-0.385468,0.793545,0.630912,0.241090,0.276211,0.083616,0.611615,-0.433516,-1.049534,-0.799618,1.230050,-0.254589,0.032347,0.001264,-0.000011,0.036666,0.000603,0.001368,-0.001026
35.481002,0.773524,0.287350,-0.733998,0.856558,1.129497,0.313051,0.468959,0.658949,-0.605155,-0.387379,0.793679,0.630546,0.240935,0.276003,0.083644,0.611616,-0.433516,-1.049503,-0.799624,1.230046,-0.254589,0.030866,0.000807,-0.000167,0.035252,-0.001821,0.000167,-0.000557
35.481947,0.771704,0.289322,-0.732475,0.855536,1.129859,0.313629,0.468656,0.658826,-0.608125,-0.386919,0.794880,0.630368,0.241004,0.275841,0.083679,0.611614,-0.433516,-1.049467,-0.799619,1.230047,-0.254587,0.031930,0.000562,-0.000459,0.035518,0.000451,0.000432,-0.000196
35.483067,0.773735,0.287926,-0.735025,0.854547,1.130876,0.312594,0.468578,0.660533,-0.608027,-0.384858,0.794982,0.630407,0.241202,0.275735,0.083712,0.611612,-0.433516,-1.049430,-0.799621,1.230045,-0.254588,0.032435,-0.000403,-0.001221,0.035658,0.000087,-0.000143,0.000414
35.484096,0.776931,0.287830,-0.736207,0.857530,1.129642,0.312296,0.468074,0.662219,-0.603016,-0.381922,0.792574,0.630666,0.241400,0.275678,0.083741,0.611613,-0.433514,-1.049396,-0.799623,1.230049,-0.254586,0.031047,0.000289,0.000047,0.035816,-0.000921,0.000885,0.000561
35.484942,0.773099,0.285016,-0.735488,0.856977,1.130377,0.312091,0.468603,0.666727,-0.597204,-0.377300,0.790293,0.631060,0.241704,0.275667,0.083767,0.611614,-0.433512,-1.049370,-0.799621,1.230047,-0.254583,0.029139,0.000328,0.000604,0.032173,0.000315,0.001188,0.001561
35.486053,0.773113,0.287647,-0.734631,0.855058,1.131299,0.312760,0.468917,0.675359,-0.597470,-0.371486,0.792043,0.631293,0.242233,0.275678,0.083800,0.611617,-0.433513,-1.049338,-0.799621,1.230051,-0.254583,0.030684,0.001704,0.000252,0.032005,-0.000439,0.001368,0.000485
35.487032,0.770105,0.287422,-0.736772,0.855378,1.129516,0.313930,0.469193,0.684859,-0.603539,-0.366155,0.796925,0.631269,0.242845,0.275661,0.083831,0.611616,-0.433514,-1.049303,-0.799621,1.230048,-0.254583,0.030289,0.000379,-0.000173,0.033096,-0.001364,0.000709,-0.000138
35.487949,0.769369,0.286707,-0.738305,0.856176,1.128239,0.311491,0.469380,0.691660,-0.609606,-0.362240,0.801159,0.631120,0.243350,0.275577,0.083864,0.611616,-0.433512,-1.049274,-0.799617,1.230046,-0.254583,0.031410,0.000506,0.000889,0.032046,0.000406,-0.000452,-0.000689
35.488933,0.767859,0.285469,-0.738908,0.855646,1.129740,0.312412,0.468949,0.692556,-0.615888,-0.361591,0.804329,0.630660,0.243633,0.275414,0.083895,0.611617,-0.433509,-1.049246,-0.799615,1.230052,-0.254583,0.031394,0.000847,0.001620,0.030587,0.001658,0.001987,-0.001063
35.489945,0.766706,0.288554,-0.736584,0.856038,1.131219,0.312831,0.469161,0.686262,-0.626205,-0.365572,0.808101,0.629649,0.243632,0.275171,0.083929,0.611617,-0.433509,-1.049216,-0.799620,1.230052,-0.254581,0.031752,0.001469,0.001918,0.030396,0.000184,0.001030,-0.000196
35.491149,0.768036,0.288288,-0.735952,0.853604,1.130992,0.312945,0.469271,0.675172,-0.638827,-0.372502,0.812035,0.628299,0.243436,0.274851,0.083960,0.611613,-0.433512,-1.049189,-0.799624,1.230051,-0.254582,0.031950,-0.000044,0.000771,0.029347,-0.001262,0.000624,-0.000630
35.492006,0.765678,0.290807,-0.737550,0.854325,1.129626,0.313396,0.469017,0.663790,-0.647481,-0.378774,0.813819,0.627136,0.243216,0.274478,0.083988,0.611615,-0.433512,-1.049156,-0.799620,1.230049,-0.254583,0.030939,0.000083,0.000466,0.031032,-0.001055,0.000523,-0.000842
35.492969,0.765745,0.288217,-0.734818,0.855892,1.130821,0.311877,0.468784,0.654167,-0.648336,-0.382641,0.811845,0.626440,0.243023,0.274097,0.084021,0.611611,-0.433510,-1.049130,-0.799618,1.230050,-0.254584,0.031740,-0.001145,0.001255,0.029658,0.000306,0.000064,-0.000324
35.494046,0.765795,0.287943,-0.733328,0.854270,1.129943,0.312866,0.469212,0.645799,-0.644493,-0.384964,0.807695,0.626031,0.242869,0.273746,0.084052,0.611613,-0.433512,-1.049106,-0.799621,1.230051,-0.254581,0.031320,0.000155,-0.000111,0.027509,-0.000887,0.001595,0.000131
35.494912,0.764817,0.288268,-0.736855,0.853828,1.129796,0.311567,0.468558,0.640551,-0.641167,-0.385557,0.804369,0.625781,0.242866,0.273434,0.084084,0.611615,-0.433514,-1.049076,-0.799620,1.230051,-0.254583,0.030915,0.000255,-0.000824,0.028436,0.000004,0.000583,-0.000733
35.495990,0.762416,0.288829,-0.735775,0.852339,1.130615,0.312318,0.468638,0.638333,-0.639016,-0.384562,0.801977,0.625690,0.242969,0.273159,0.084116,0.611614,-0.433510,-1.049050,-0.799617,1.230052,-0.254580,0.031022,0.000107,0.000918,0.028233,0.000106,0.001895,0.000587
35.496958,0.761993,0.289862,-0.734718,0.855739,1.129688,0.312775,0.468430,0.634927,-0.636033,-0.384028,0.798558,0.625642,0.242947,0.272914,0.084148,0.611613,-0.433510,-1.049021,-0.799617,1.230048,-0.254580,0.031843,-0.000169,0.000350,0.029033,-0.000714,0.001148,0.000412
35.497934,0.759946,0.288719,-0.734817,0.854156,1.129917,0.314158,0.467843,0.629152,-0.631896,-0.384583,0.793930,0.625549,0.242806,0.272687,0.084180,0.611611,-0.433511,-1.049004,-0.799617,1.230047,-0.254582,0.031662,-0.000665,-0.000160,0.025189,0.000228,0.000701,0.000841
35.499046,0.759177,0.288652,-0.737064,0.854082,1.129975,0.314394,0.468462,0.622543,-0.628693,-0.385738,0.789839,0.625332,0.242734,0.272470,0.084212,0.611613,-0.433512,-1.048975,-0.799619,1.230045,-0.254578,0.032308,-0.000103,-0.000101,0.026132,0.000002,-0.000681,0.002006
35.500034,0.758550,0.288588,-0.737853,0.853879,1.130445,0.314593,0.468465,0.613964,-0.627834,-0.388359,0.786750,0.624893,0.242699,0.272255,0.084244,0.611613,-0.433511,-1.048952,-0.799619,1.230045,-0.254581,0.032309,-0.000075,0.001028,0.025624,-0.000053,-0.000905,0.000756
35.501047,0.759520,0.287476,-0.739059,0.854620,1.130230,0.314307,0.468325,0.602033,-0.629203,-0.393203,0.784156,0.624201,0.242596,0.272028,0.084276,0.611613,-0.433509,-1.048926,-0.799619,1.230048,-0.254582,0.032235,-0.000043,0.001396,0.025216,-0.000526,-0.001118,0.000769
35.502136,0.753848,0.289880,-0.738975,0.853753,1.130146,0.314136,0.468395,0.588341,-0.633522,-0.399557,0.782734,0.623285,0.242472,0.271798,0.084305,0.611615,-0.433509,-1.048905,-0.799617,1.230047,-0.254582,0.031398,0.000495,0.001999,0.023947,-0.000318,-0.000823,0.001049
35.502985,0.755566,0.288145,-0.736076,0.851970,1.131543,0.313505,0.467820,0.572751,-0.640095,-0.407428,0.782161,0.622165,0.242301,0.271589,0.084344,0.611611,-0.433508,-1.048881,-0.799617,1.230046,-0.254583,0.033797,-0.000680,0.001935,0.024269,-0.000238,-0.000645,0.000911
35.504101,0.751460,0.287241,-0.735515,0.852678,1.130353,0.313726,0.468497,0.554252,-0.645017,-0.416698,0.780148,0.621015,0.241971,0.271412,0.084373,0.611613,-0.433512,-1.048854,-0.799622,1.230047,-0.254578,0.032557,0.000187,0.000517,0.025396,-0.001603,-0.000017,0.002051
35.504967,0.755242,0.290975,-0.734452,0.853890,1.130410,0.314196,0.468267,0.534807,-0.647469,-0.426063,0.776424,0.620017,0.241512,0.271265,0.084408,0.611615,-0.433512,-1.048831,-0.799618,1.230049,-0.254579,0.034209,0.000611,0.000249,0.024130,-0.000425,-0.000261,0.000679
35.505909,0.755242,0.290319,-0.735901,0.853367,1.131101,0.314483,0.468959,0.517823,-0.648360,-0.433785,0.772318,0.619242,0.241123,0.271121,0.084435,0.611611,-0.433512,-1.048812,-0.799617,1.230047,-0.254575,0.031959,-0.001234,-0.000286,0.022454,-0.000509,-0.000719,0.001138
35.506992,0.751165,0.289183,-0.735896,0.854700,1.129709,0.315129,0.468580,0.507785,-0.645780,-0.437124,0.768105,0.618888,0.241049,0.270955,0.084465,0.611611,-0.433511,-1.048788,-0.799619,1.230048,-0.254578,0.031620,-0.000884,0.000443,0.022425,-0.001178,-0.001011,-0.000250
35.508048,0.752955,0.288175,-0.735422,0.854485,1.131515,0.314438,0.468479,0.503316,-0.641815,-0.437223,0.764593,0.618788,0.241245,0.270752,0.084502,0.611611,-0.433510,-1.048772,-0.799617,1.230046,-0.254577,0.033236,-0.000314,0.000418,0.020678,0.000211,-0.001649,0.000523
35.508987,0.752185,0.288983,-0.735800,0.853139,1.130942,0.314111,0.469033,0.500040,-0.641326,-0.437314,0.763285,0.618565,0.241534,0.270512,0.084530,0.611613,-0.433510,-1.048753,-0.799622,1.230047,-0.254576,0.031970,0.000168,0.000181,0.020442,-0.001580,-0.000948,0.000719
35.509921,0.750596,0.289331,-0.734360,0.853098,1.130867,0.314157,0.468652,0.498507,-0.645256,-0.435775,0.763980,0.618217,0.242161,0.270011,0.084593,0.611611,-0.433511,-1.048709,-0.799619,1.230050,-0.254578,0.032408,-0.000395,-0.000341,0.020783,-0.000942,-0.000691,0.000383
35.511024,0.751956,0.290472,-0.734795,0.852820,1.130171,0.314672,0.468720,0.498507,-0.645256,-0.435775,0.763980,0.618217,0.242161,0.270011,0.084593,0.611611,-0.433511,-1.048709,-0.799619,1.230050,-0.254578,0.032408,-0.000395,-0.000341,0.020783,-0.000942,-0.000691,0.000383
35.512016,0.753022,0.286140,-0.736310,0.852204,1.130417,0.314570,0.469405,0.503895,-0.640400,-0.429343,0.761170,0.618681,0.242744,0.269661,0.084649,0.611613,-0.433508,-1.048669,-0.799619,1.230047,-0.254582,0.030510,0.001202,0.000613,0.020716,-0.000495,-0.001084,-0.001126
35.512928,0.750575,0.290352,-0.733569,0.851365,1.131077,0.313705,0.468091,0.510174,-0.637600,-0.424265,0.760023,0.619123,0.243072,0.269593,0.084681,0.611607,-0.433512,-1.048646,-0.799622,1.230049,-0.254575,0.031367,-0.000876,-0.000735,0.021011,-0.001126,-0.000225,0.001512
35.514015,0.748039,0.288740,-0.734259,0.851236,1.130186,0.312831,0.468159,0.510174,-0.637600,-0.424265,0.760023,0.619123,0.243072,0.269593,0.084681,0.611607,-0.433512,-1.048646,-0.799622,1.230049,-0.254575,0.031367,-0.000876,-0.000735,0.021011,-0.001126,-0.000225,0.001512
35.515008,0.749848,0.287124,-0.733204,0.851783,1.130527,0.313718,0.468064,0.516033,-0.632124,-0.419124,0.757255,0.619700,0.243273,0.269584,0.084717,0.611610,-0.433510,-1.048626,-0.799619,1.230048,-0.254574,0.032212,-0.000082,-0.000399,0.020659,-0.000252,0.000655,0.001346
35.516000,0.749429,0.287170,-0.731923,0.850129,1.130353,0.313690,0.468395,0.520220,-0.625606,-0.414881,0.753514,0.620276,0.243333,0.269588,0.084744,0.611613,-0.433511,-1.048609,-0.799620,1.230046,-0.254573,0.030958,0.000700,-0.000918,0.019684,-0.000598,-0.000241,0.001536
35.516979,0.745614,0.287754,-0.731758,0.850720,1.131368,0.314194,0.468781,0.525483,-0.621048,-0.410464,0.750802,0.620843,0.243406,0.269563,0.084774,0.611613,-0.433513,-1.048588,-0.799618,1.230046,-0.254574,0.030817,0.000667,-0.001542,0.020853,-0.000436,-0.000203,0.000869
35.517995,0.747632,0.289850,-0.734114,0.851147,1.130699,0.313502,0.468743,0.531751,-0.616747,-0.405561,0.748215,0.621489,0.243499,0.269484,0.084808,0.611613,-0.433515,-1.048571,-0.799618,1.230045,-0.254575,0.032333,0.000371,-0.001593,0.019832,-0.001464,-0.000707,0.000101
35.518958,0.745956,0.287478,-0.734683,0.851430,1.130032,0.313129,0.468673,0.536388,-0.611097,-0.401386,0.744633,0.622130,0.243529,0.269345,0.084836,0.611609,-0.433513,-1.048554,-0.799618,1.230045,-0.254575,0.030956,-0.000640,-0.000421,0.019006,-0.000778,-0.000003,0.000182
35.519951,0.746179,0.287503,-0.737439,0.848836,1.132614,0.313845,0.469004,0.539264,-0.605301,-0.398300,0.740837,0.622639,0.243509,0.269161,0.084868,0.611611,-0.433513,-1.048537,-0.799617,1.230048,-0.254575,0.031429,0.000545,-0.000151,0.018320,-0.000119,0.000347,0.000324
35.521013,0.745038,0.286380,-0.735964,0.851440,1.132094,0.312389,0.468369,0.539631,-0.601323,-0.397065,0.737459,0.622911,0.243372,0.268945,0.084899,0.611611,-0.433511,-1.048515,-0.799624,1.230046,-0.254579,0.030945,0.000520,0.001215,0.020416,-0.002664,-0.000366,-0.000330
35.522001,0.745567,0.287023,-0.733650,0.850766,1.131782,0.311972,0.469045,0.537160,-0.599830,-0.397964,0.734541,0.622956,0.243077,0.268717,0.084931,0.611613,-0.433512,-1.048505,-0.799624,1.230050,-0.254573,0.031139,0.001067,0.000465,0.017521,-0.002110,0.001092,0.000934
35.522958,0.747390,0.288768,-0.733081,0.852159,1.131122,0.312343,0.468638,0.535028,-0.601306,-0.399345,0.733071,0.622903,0.242780,0.268517,0.084961,0.611613,-0.433514,-1.048486,-0.799622,1.230048,-0.254577,0.030506,0.000737,-0.000669,0.017765,-0.001821,0.001508,-0.000425
35.524006,0.744426,0.286021,-0.732737,0.852249,1.130210,0.312451,0.468975,0.538130,-0.603495,-0.398154,0.733092,0.623047,0.242713,0.268368,0.084987,0.611609,-0.433514,-1.048473,-0.799621,1.230048,-0.254575,0.029272,-0.000095,-0.000943,0.016043,-0.001175,0.001128,0.000401
35.525023,0.742150,0.288353,-0.732349,0.853292,1.130818,0.312077,0.469019,0.547496,-0.605634,-0.393715,0.734552,0.623446,0.242956,0.268274,0.085018,0.611614,-0.433516,-1.048459,-0.799619,1.230050,-0.254577,0.030408,0.001239,-0.001092,0.015630,-0.000279,0.001009,-0.000280
35.525982,0.742813,0.291189,-0.732776,0.851650,1.129939,0.312865,0.468987,0.558428,-0.609812,-0.388947,0.737623,0.623802,0.243350,0.268221,0.085050,0.611613,-0.433515,-1.048448,-0.799620,1.230048,-0.254575,0.031151,0.000066,-0.001291,0.014313,-0.000887,0.001401,-0.000370
35.526980,0.743668,0.283612,-0.735473,0.853400,1.130350,0.313576,0.469278,0.567898,-0.612120,-0.384818,0.739784,0.624148,0.243740,0.268189,0.085081,0.611609,-0.433517,-1.048427,-0.799619,1.230050,-0.254572,0.030433,-0.001312,-0.001057,0.015474,-0.000009,0.000592,-0.000315
35.527982,0.741252,0.289133,-0.734579,0.852626,1.128154,0.313589,0.469316,0.576445,-0.612930,-0.381022,0.741209,0.624492,0.244122,0.268165,0.085109,0.611618,-0.433514,-1.048416,-0.799621,1.230047,-0.254573,0.029676,0.002417,0.000266,0.013443,-0.000410,-0.000103,-0.000902
35.528997,0.744292,0.287575,-0.731929,0.852370,1.128783,0.312849,0.469304,0.583591,-0.618140,-0.378769,0.744633,0.624562,0.244491,0.268133,0.085142,0.611613,-0.433514,-1.048401,-0.799615,1.230049,-0.254573,0.030507,-0.000342,-0.000197,0.013872,0.001750,-0.000119,-0.000973
35.529930,0.740860,0.289340,-0.734954,0.853399,1.129383,0.313883,0.469057,0.590883,-0.623790,-0.376531,0.748366,0.624595,0.244878,0.268080,0.085167,0.611615,-0.433518,-1.048386,-0.799618,1.230047,-0.254572,0.028659,0.000447,-0.001487,0.013762,0.001121,0.000639,-0.000948
35.531010,0.740809,0.286829,-0.735288,0.853746,1.128722,0.314140,0.468380,0.600363,-0.625813,-0.372466,0.750753,0.624865,0.245336,0.268012,0.085199,0.611613,-0.433516,-1.048377,-0.799620,1.230046,-0.254574,0.030016,-0.000427,0.000032,0.012497,0.000544,-0.000408,-0.000445
35.532033,0.738973,0.288547,-0.739873,0.852496,1.129184,0.313516,0.468676,0.608844,-0.627500,-0.368864,0.752901,0.625090,0.245779,0.267951,0.085228,0.611615,-0.433516,-1.048366,-0.799617,1.230046,-0.254571,0.029680,0.000830,0.000186,0.011904,0.001189,-0.000656,0.000909
35.532932,0.741021,0.289939,-0.736725,0.852865,1.129156,0.313927,0.467686,0.612106,-0.631046,-0.368435,0.755028,0.624994,0.246019,0.267911,0.085258,0.611614,-0.433508,-1.048352,-0.799618,1.230050,-0.254573,0.030241,-0.000047,0.002406,0.012824,0.000724,-0.000047,0.000303
35.533918,0.739783,0.286556,-0.733677,0.854721,1.129765,0.312986,0.468862,0.610635,-0.633349,-0.370422,0.755551,0.624736,0.246002,0.267894,0.085283,0.611613,-0.433511,-1.048342,-0.799617,1.230046,-0.254567,0.028899,-0.000722,0.000832,0.012209,0.000749,-0.000446,0.002286
35.535126,0.741099,0.287602,-0.734867,0.856479,1.129423,0.313051,0.468702,0.610189,-0.633616,-0.371480,0.755232,0.624604,0.245982,0.267890,0.085313,0.611617,-0.433516,-1.048335,-0.799618,1.230050,-0.254574,0.029177,0.000946,-0.000639,0.010166,0.000142,0.000485,-0.000084
35.536012,0.740574,0.289901,-0.735307,0.855017,1.130111,0.312282,0.469080,0.615010,-0.636960,-0.370063,0.757600,0.624556,0.246210,0.267877,0.085340,0.611614,-0.433512,-1.048332,-0.799618,1.230050,-0.254571,0.028190,0.000426,-0.000068,0.008330,0.000493,0.000409,0.000251
35.536973,0.738409,0.286854,-0.732053,0.855526,1.129684,0.312486,0.468456,0.624644,-0.642533,-0.366292,0.762227,0.624589,0.246662,0.267841,0.085368,0.611612,-0.433511,-1.048319,-0.799619,1.230052,-0.254572,0.028126,-0.000702,0.000141,0.009517,-0.000189,0.001176,-0.000513
35.538045,0.738518,0.287991,-0.736070,0.857355,1.129780,0.312996,0.468689,0.636710,-0.646269,-0.360783,0.766429,0.624810,0.247170,0.267779,0.085398,0.611616,-0.433516,-1.048312,-0.799618,1.230049,-0.254571,0.028855,0.000798,-0.001452,0.008819,0.000234,0.000980,0.000752
35.539034,0.739059,0.287608,-0.737711,0.855637,1.130903,0.313255,0.469436,0.648433,-0.650505,-0.355426,0.770774,0.625026,0.247634,0.267698,0.085425,0.611615,-0.433510,-1.048309,-0.799618,1.230047,-0.254571,0.028459,0.000227,0.000522,0.006909,0.000133,0.000479,0.000272
35.539973,0.740199,0.285271,-0.738790,0.856068,1.129319,0.314142,0.469124,0.657800,-0.656918,-0.351656,0.775798,0.625051,0.247998,0.267607,0.085451,0.611615,-0.433509,-1.048299,-0.799621,1.230049,-0.254574,0.027879,0.000425,0.001323,0.008414,-0.000970,0.000210,-0.001220
35.540988,0.735932,0.288322,-0.739296,0.857471,1.130730,0.313561,0.468424,0.664633,-0.664840,-0.349493,0.780956,0.624921,0.248223,0.267529,0.085477,0.611618,-0.433509,-1.048292,-0.799617,1.230047,-0.254574,0.026994,0.001562,0.001857,0.007808,0.000602,-0.000670,-0.000578
35.541977,0.736940,0.287889,-0.739392,0.856196,1.130101,0.313745,0.468898,0.668352,-0.674522,-0.349310,0.786269,0.624608,0.248312,0.267491,0.085509,0.611615,-0.433509,-1.048288,-0.799621,1.230046,-0.254568,0.028773,0.000051,0.002107,0.006291,-0.000798,-0.000066,0.000807
35.542946,0.738752,0.288390,-0.740159,0.856581,1.130274,0.313391,0.467799,0.667384,-0.683358,-0.351532,0.790296,0.624138,0.248229,0.267500,0.085536,0.611615,-0.433509,-1.048279,-0.799621,1.230045,-0.254572,0.027908,0.000285,0.002157,0.007388,-0.000146,-0.000256,-0.000147
35.544053,0.739985,0.288074,-0.737666,0.857665,1.129535,0.312250,0.468340,0.664125,-0.688453,-0.354330,0.791963,0.623741,0.248035,0.267548,0.085561,0.611613,-0.433508,-1.048275,-0.799619,1.230050,-0.254566,0.026706,0.000055,0.002530,0.006886,-0.000348,0.000076,0.002059
35.544936,0.736698,0.288597,-0.733668,0.857609,1.129921,0.313214,0.468725,0.664008,-0.690090,-0.354770,0.792434,0.623626,0.247934,0.267628,0.085585,0.611614,-0.433508,-1.048272,-0.799618,1.230052,-0.254568,0.025803,0.000200,0.001266,0.005708,0.000383,0.001214,0.000949
35.545913,0.737842,0.288157,-0.736422,0.857018,1.129930,0.312602,0.468132,0.669649,-0.688850,-0.351476,0.792612,0.623885,0.248054,0.267712,0.085614,0.611615,-0.433513,-1.048267,-0.799619,1.230047,-0.254568,0.027116,-0.000071,-0.000676,0.005671,-0.000002,0.000256,0.000185
35.546997,0.734325,0.290297,-0.734720,0.856752,1.130812,0.312025,0.469181,0.678927,-0.684447,-0.345503,0.791918,0.624468,0.248309,0.267775,0.085640,0.611614,-0.433510,-1.048261,-0.799617,1.230049,-0.254567,0.026215,0.000156,0.000694,0.006125,-0.000024,0.000874,0.001385
35.547948,0.734466,0.288956,-0.734801,0.857073,1.129026,0.312283,0.469151,0.687798,-0.676005,-0.338926,0.789030,0.625257,0.248496,0.267804,0.085671,0.611612,-0.433512,-1.048256,-0.799619,1.230050,-0.254569,0.027623,-0.000899,-0.000155,0.006250,-0.000892,0.001442,-0.000738
35.548980,0.733528,0.291037,-0.736432,0.858567,1.128552,0.313298,0.468770,0.693568,-0.663396,-0.333214,0.783382,0.626138,0.248506,0.267797,0.085697,0.611614,-0.433512,-1.048251,-0.799615,1.230051,-0.254569,0.027219,-0.000237,-0.000105,0.005818,0.000873,0.001174,-0.000655
35.549940,0.734162,0.290124,-0.736772,0.857257,1.129460,0.314486,0.469813,0.695835,-0.648994,-0.329012,0.776329,0.626935,0.248401,0.267777,0.085725,0.611612,-0.433510,-1.048253,-0.799611,1.230048,-0.254566,0.027358,-0.001268,0.000697,0.004357,0.001295,0.000166,0.000100
35.550947,0.731761,0.289764,-0.734977,0.857661,1.130739,0.313919,0.468929,0.695348,-0.634254,-0.326194,0.768950,0.627554,0.248273,0.267770,0.085749,0.611613,-0.433508,-1.048245,-0.799612,1.230045,-0.254574,0.026743,-0.000802,0.000835,0.005492,0.000387,-0.001004,-0.001984
35.551890,0.734690,0.287635,-0.732682,0.859753,1.129563,0.313628,0.468920,0.692814,-0.619288,-0.324351,0.761279,0.628046,0.248131,0.267785,0.085778,0.611612,-0.433511,-1.048241,-0.799616,1.230047,-0.254567,0.027612,-0.000618,-0.000034,0.004989,-0.000852,-0.000432,-0.000204
35.552977,0.735234,0.288751,-0.739220,0.860189,1.128987,0.314218,0.468663,0.690977,-0.606926,-0.322370,0.755148,0.628454,0.248090,0.267835,0.085800,0.611616,-0.433514,-1.048243,-0.799613,1.230046,-0.254567,0.025861,0.000411,-0.001154,0.002933,0.000310,-0.000140,-0.000204
35.553944,0.729460,0.287354,-0.736096,0.858582,1.128470,0.314208,0.468928,0.692602,-0.600813,-0.319382,0.753104,0.628707,0.248307,0.267913,0.085824,0.611615,-0.433506,-1.048241,-0.799613,1.230046,-0.254566,0.025315,-0.000150,0.002067,0.002447,0.000888,-0.000735,0.000311
35.554947,0.732599,0.289037,-0.737003,0.860053,1.131033,0.314342,0.469229,0.693232,-0.600498,-0.317886,0.754043,0.628602,0.248570,0.267993,0.085856,0.611616,-0.433508,-1.048234,-0.799613,1.230046,-0.254567,0.027841,0.000543,0.000479,0.003908,0.001398,-0.000721,-0.000224
35.556005,0.730586,0.288463,-0.733626,0.858912,1.130489,0.313523,0.468681,0.689154,-0.602378,-0.319335,0.755228,0.628170,0.248663,0.268060,0.085879,0.611616,-0.433505,-1.048234,-0.799618,1.230049,-0.254570,0.025962,-0.000311,0.000923,0.002425,-0.001146,-0.000875,-0.000816
35.556939,0.729297,0.286896,-0.732119,0.860571,1.130792,0.314596,0.468314,0.684225,-0.602957,-0.320955,0.755558,0.627767,0.248700,0.268129,0.085906,0.611616,-0.433509,-1.048230,-0.799616,1.230050,-0.254567,0.026661,-0.000019,-0.000742,0.003491,-0.000586,-0.000048,0.000286
35.558023,0.730324,0.288238,-0.736286,0.859622,1.129957,0.313593,0.468272,0.677759,-0.601823,-0.321546,0.755446,0.627352,0.248857,0.268332,0.085959,0.611617,-0.433506,-1.048227,-0.799616,1.230050,-0.254567,0.026151,0.000081,0.000588,0.002702,-0.000050,-0.000123,0.001094
35.559019,0.729106,0.286218,-0.738111,0.859846,1.130706,0.313086,0.467638,0.677759,-0.601823,-0.321546,0.755446,0.627352,0.248857,0.268332,0.085959,0.611617,-0.433506,-1.048227,-0.799616,1.230050,-0.254567,0.026151,0.000081,0.000588,0.002702,-0.000050,-0.000123,0.001094
35.560032,0.727141,0.287406,-0.735920,0.861089,1.130418,0.311793,0.467985,0.672579,-0.602801,-0.323136,0.755595,0.627039,0.248800,0.268454,0.085985,0.611618,-0.433503,-1.048224,-0.799618,1.230050,-0.254562,0.026450,0.001087,0.001456,0.002405,-0.000801,0.000384,0.002352
35.560921,0.728372,0.287826,-0.735120,0.861396,1.129771,0.312178,0.468037,0.663519,-0.605861,-0.327336,0.755825,0.626488,0.248488,0.268573,0.086011,0.611616,-0.433507,-1.048228,-0.799619,1.230051,-0.254564,0.027123,0.000503,0.000389,0.001231,-0.000495,0.001675,0.001648
35.561977,0.726707,0.287796,-0.736637,0.860879,1.128704,0.311803,0.468614,0.652780,-0.609915,-0.332785,0.756173,0.625840,0.248047,0.268665,0.086037,0.611618,-0.433508,-1.048228,-0.799615,1.230048,-0.254563,0.026184,0.000279,-0.000001,0.000931,0.000117,0.001296,0.001547
35.562978,0.726250,0.286675,-0.736154,0.861143,1.130536,0.312009,0.469102,0.642708,-0.612677,-0.337816,0.756031,0.625276,0.247590,0.268709,0.086065,0.611618,-0.433505,-1.048224,-0.799612,1.230049,-0.254564,0.026691,0.000291,0.000742,0.001361,0.001165,0.001671,0.000386
35.563920,0.725052,0.290286,-0.737201,0.860417,1.129711,0.312897,0.469090,0.632324,-0.614338,-0.342981,0.755187,0.624736,0.247070,0.268699,0.086092,0.611618,-0.433507,-1.048223,-0.799617,1.230047,-0.254569,0.026596,0.000857,0.000515,0.001072,-0.000651,0.001469,-0.000568
35.564980,0.725696,0.293011,-0.734424,0.860528,1.129031,0.313567,0.468427,0.620790,-0.613572,-0.348497,0.752754,0.624252,0.246471,0.268664,0.086120,0.611616,-0.433506,-1.048219,-0.799615,1.230046,-0.254569,0.026863,-0.000946,0.001028,0.001707,0.000183,0.000579,-0.000534
35.565975,0.726526,0.288603,-0.735287,0.860744,1.130225,0.313653,0.468824,0.609776,-0.604616,-0.352501,0.746313,0.624138,0.245888,0.268652,0.086144,0.611611,-0.433508,-1.048218,-0.799613,1.230046,-0.254567,0.026236,-0.002239,-0.000356,0.001569,0.000838,-0.000088,0.000796
35.566955,0.723307,0.290311,-0.733874,0.862008,1.130784,0.313654,0.468471,0.602409,-0.587444,-0.353251,0.736486,0.624531,0.245471,0.268687,0.086168,0.611618,-0.433507,-1.048218,-0.799616,1.230049,-0.254569,0.025534,-0.000084,0.000086,0.001346,-0.000342,-0.000186,-0.000009
35.567977,0.724496,0.287153,-0.737124,0.860695,1.130151,0.314147,0.468871,0.598646,-0.569415,-0.351934,0.726840,0.625124,0.245237,0.268773,0.086198,0.611615,-0.433511,-1.048221,-0.799616,1.230050,-0.254566,0.026811,-0.000933,-0.000587,0.000156,-0.000893,-0.000188,0.000697
35.568912,0.724457,0.288996,-0.736224,0.861823,1.130776,0.311911,0.467577,0.595116,-0.554992,-0.351118,0.718901,0.625577,0.245049,0.268899,0.086222,0.611618,-0.433508,-1.048217,-0.799614,1.230046,-0.254569,0.025908,0.000626,0.001026,0.001398,-0.000271,-0.000664,-0.000103
35.570006,0.724763,0.288853,-0.736596,0.860885,1.130431,0.312201,0.468287,0.590662,-0.544884,-0.351579,0.712717,0.625798,0.244809,0.269053,0.086245,0.611618,-0.433508,-1.048220,-0.799615,1.230050,-0.254561,0.025651,-0.000321,0.000553,0.000324,-0.000901,0.001577,0.002484
35.571058,0.723015,0.290828,-0.740029,0.860782,1.129518,0.311661,0.468770,0.586803,-0.536855,-0.352141,0.707475,0.625926,0.244524,0.269216,0.086269,0.611620,-0.433507,-1.048217,-0.799614,1.230047,-0.254565,0.025210,-0.000264,0.000738,0.001199,-0.000554,0.001281,0.001040
35.572044,0.722316,0.287298,-0.734966,0.863103,1.130969,0.312768,0.469102,0.582582,-0.527595,-0.352835,0.701387,0.626042,0.244134,0.269362,0.086295,0.611618,-0.433503,-1.048216,-0.799613,1.230047,-0.254566,0.025788,-0.001238,0.002421,0.001280,0.000354,0.001824,0.000083
35.572918,0.720501,0.288427,-0.732478,0.861487,1.128973,0.313557,0.469819,0.576647,-0.518598,-0.354666,0.695055,0.626033,0.243642,0.269471,0.086320,0.611622,-0.433509,-1.048222,-0.799616,1.230047,-0.254566,0.025825,0.000510,-0.000081,-0.000924,-0.001084,0.000703,-0.000577
35.574047,0.721003,0.289480,-0.737244,0.861584,1.129073,0.312961,0.469711,0.571427,-0.512750,-0.356659,0.690493,0.625934,0.243242,0.269550,0.086347,0.611622,-0.433512,-1.048219,-0.799610,1.230049,-0.254567,0.026411,-0.000078,-0.001283,0.000644,0.000877,-0.000092,-0.002014
35.574957,0.719356,0.285768,-0.732885,0.861949,1.130749,0.313687,0.469588,0.567202,-0.507635,-0.358205,0.686482,0.625870,0.242929,0.269608,0.086373,0.611620,-0.433504,-1.048218,-0.799610,1.230049,-0.254566,0.025841,-0.000583,0.001044,0.000519,0.000764,0.000516,-0.001785
35.576059,0.722598,0.286558,-0.734286,0.862928,1.131304,0.312572,0.469307,0.562376,-0.502878,-0.360143,0.682426,0.625766,0.242599,0.269650,0.086398,0.611624,-0.433509,-1.048218,-0.799616,1.230046,-0.254567,0.026370,0.001255,-0.001120,0.000147,-0.000866,-0.000206,-0.001536
35.576959,0.720103,0.286724,-0.735789,0.863145,1.130656,0.312834,0.468686,0.559451,-0.501919,-0.361607,0.680492,0.625609,0.242379,0.269686,0.086417,0.611624,-0.433509,-1.048222,-0.799617,1.230047,-0.254566,0.024497,0.000838,-0.000389,-0.000737,-0.001401,0.000924,-0.000977
35.577935,0.722985,0.286003,-0.735398,0.861943,1.129749,0.313450,0.469037,0.559983,-0.504765,-0.361752,0.681097,0.625473,0.242332,0.269716,0.086444,0.611624,-0.433508,-1.048222,-0.799615,1.230049,-0.254561,0.025459,0.000758,0.000345,-0.000940,-0.000760,0.000635,0.000254
35.579051,0.723688,0.284475,-0.737191,0.862719,1.130297,0.312330,0.468933,0.562408,-0.509210,-0.361131,0.682886,0.625362,0.242370,0.269724,0.086464,0.611626,-0.433507,-1.048220,-0.799611,1.230046,-0.254561,0.023746,0.001099,0.000134,0.000222,0.000109,0.000034,-0.000465
35.580037,0.722553,0.283853,-0.732696,0.861771,1.130219,0.312081,0.469110,0.567339,-0.514674,-0.359311,0.685561,0.625318,0.242484,0.269696,0.086487,0.611630,-0.433505,-1.048224,-0.799613,1.230049,-0.254560,0.023132,0.001821,0.001019,-0.000482,-0.000439,0.001152,-0.000254
35.580939,0.721281,0.288471,-0.735847,0.862504,1.128529,0.313653,0.469174,0.585488,-0.526613,-0.351237,0.692474,0.625601,0.242912,0.269537,0.086534,0.611627,-0.433508,-1.048222,-0.799612,1.230048,-0.254563,0.023776,-0.000172,0.000389,-0.000306,0.001341,-0.000190,-0.000726
35.582082,0.720184,0.283420,-0.735532,0.862719,1.129995,0.313418,0.468685,0.593470,-0.528334,-0.347112,0.693681,0.625875,0.243096,0.269429,0.086559,0.611635,-0.433508,-1.048223,-0.799613,1.230047,-0.254561,0.024029,0.002297,0.000215,-0.000511,-0.000148,0.000069,0.000253
35.583022,0.719681,0.282994,-0.736110,0.862207,1.129553,0.313426,0.468358,0.593470,-0.528334,-0.347112,0.693681,0.625875,0.243096,0.269429,0.086559,0.611635,-0.433508,-1.048223,-0.799613,1.230047,-0.254561,0.024029,0.002297,0.000215,-0.000511,-0.000148,0.000069,0.000253
35.583995,0.719294,0.283695,-0.734850,0.861597,1.130218,0.313489,0.469430,0.597308,-0.532122,-0.345614,0.695108,0.625895,0.243142,0.269327,0.086582,0.611638,-0.433506,-1.048222,-0.799614,1.230045,-0.254558,0.024000,0.002456,0.000483,-0.000005,0.000327,0.000070,0.000890
35.585051,0.716783,0.286842,-0.733782,0.862831,1.130899,0.312408,0.468152,0.597622,-0.538635,-0.346462,0.696964,0.625703,0.243030,0.269230,0.086607,0.611638,-0.433509,-1.048220,-0.799615,1.230046,-0.254566,0.023896,0.002104,-0.000117,0.000558,-0.000339,-0.000003,-0.001248
35.585959,0.722314,0.283388,-0.737424,0.863446,1.131199,0.312113,0.468534,0.595716,-0.542582,-0.348026,0.696954,0.625575,0.242802,0.269136,0.086632,0.611635,-0.433510,-1.048224,-0.799615,1.230049,-0.254559,0.024860,0.000545,-0.000644,-0.000600,-0.001025,0.001071,0.001328
35.587074,0.718647,0.287475,-0.733489,0.863912,1.129952,0.312203,0.468504,0.593929,-0.543410,-0.348941,0.695452,0.625593,0.242561,0.269051,0.086647,0.611642,-0.433502,-1.048225,-0.799616,1.230049,-0.254560,0.021869,0.002230,0.001108,-0.001192,-0.001305,0.001361,0.000531
35.587999,0.719277,0.282886,-0.732461,0.862833,1.128656,0.313505,0.468760,0.595291,-0.543378,-0.347992,0.694285,0.625754,0.242447,0.268955,0.086673,0.611638,-0.433505,-1.048225,-0.799615,1.230046,-0.254559,0.023437,0.000197,-0.000858,-0.001652,-0.000052,0.001284,0.000599
35.588998,0.719018,0.286395,-0.734916,0.864370,1.129006,0.313571,0.468734,0.599829,-0.542143,-0.345126,0.693233,0.626095,0.242503,0.268823,0.086694,0.611647,-0.433509,-1.048223,-0.799614,1.230045,-0.254560,0.022853,0.002426,-0.001313,-0.000607,0.001227,-0.000024,0.000084
35.589996,0.718736,0.282485,-0.733481,0.862877,1.129699,0.313124,0.468424,0.605841,-0.540659,-0.341423,0.692333,0.626505,0.242695,0.268648,0.086716,0.611642,-0.433506,-1.048228,-0.799613,1.230045,-0.254561,0.022718,0.000684,-0.000107,-0.002041,0.000856,-0.000081,0.000146
35.591065,0.717104,0.284304,-0.732201,0.863372,1.128965,0.312681,0.468642,0.612052,-0.540234,-0.337822,0.691926,0.626862,0.242954,0.268438,0.086739,0.611650,-0.433506,-1.048224,-0.799615,1.230048,-0.254562,0.022591,0.002588,-0.000842,-0.000610,0.000181,0.000358,0.000775
35.592040,0.717409,0.282606,-0.731670,0.861971,1.129901,0.311585,0.468804,0.617500,-0.540966,-0.334837,0.691701,0.627161,0.243177,0.268211,0.086762,0.611646,-0.433507,-1.048226,-0.799612,1.230049,-0.254561,0.023130,0.001693,-0.001468,-0.001086,0.000897,0.000795,0.000323
35.592979,0.716546,0.284444,-0.732792,0.865106,1.129074,0.311951,0.468113,0.621904,-0.541781,-0.332380,0.690917,0.627474,0.243296,0.267995,0.086784,0.611651,-0.433509,-1.048223,-0.799614,1.230049,-0.254563,0.022707,0.002495,-0.001706,0.000252,-0.000040,0.001895,0.000009
35.593973,0.719886,0.287412,-0.735239,0.862905,1.129559,0.311923,0.468359,0.625377,-0.542536,-0.330333,0.689679,0.627785,0.243333,0.267823,0.086808,0.611650,-0.433510,-1.048230,-0.799610,1.230047,-0.254557,0.022855,0.001578,-0.001129,-0.002753,0.000765,0.001528,0.001387
35.594986,0.720331,0.282083,-0.735849,0.864120,1.130241,0.312512,0.468664,0.629024,-0.541753,-0.327890,0.687835,0.628120,0.243385,0.267709,0.086827,0.611648,-0.433506,-1.048226,-0.799610,1.230047,-0.254557,0.020941,0.000113,0.000056,-0.000597,0.000274,0.001557,0.000875
35.595969,0.717467,0.282453,-0.735198,0.863546,1.128145,0.313595,0.468013,0.634583,-0.538839,-0.324031,0.685446,0.628554,0.243509,0.267637,0.086847,0.611656,-0.433505,-1.048228,-0.799613,1.230045,-0.254559,0.020486,0.002723,0.000344,-0.001788,-0.000380,0.000973,0.000272
35.596929,0.718539,0.285290,-0.737599,0.863263,1.128359,0.314885,0.468225,0.640712,-0.539386,-0.320401,0.684840,0.628834,0.243660,0.267591,0.086871,0.611656,-0.433505,-1.048230,-0.799608,1.230045,-0.254556,0.021650,0.002508,0.000010,-0.001157,0.001695,-0.000115,0.001582
35.597991,0.715791,0.284990,-0.734169,0.862541,1.128965,0.313648,0.468255,0.644308,-0.543113,-0.318675,0.685337,0.628844,0.243761,0.267547,0.086891,0.611654,-0.433502,-1.048228,-0.799609,1.230045,-0.254558,0.020855,0.001097,0.001182,-0.000916,0.001466,-0.001401,0.001147
35.599016,0.715925,0.282965,-0.735159,0.860968,1.130556,0.313801,0.469011,0.644802,-0.543899,-0.318178,0.683825,0.628821,0.243768,0.267490,0.086915,0.611656,-0.433506,-1.048226,-0.799608,1.230049,-0.254559,0.021964,0.001242,-0.000510,-0.000245,0.000848,-0.000163,0.001096
35.599995,0.715251,0.286690,-0.734561,0.861808,1.128363,0.314720,0.468402,0.642444,-0.540651,-0.318550,0.679530,0.628882,0.243616,0.267426,0.086936,0.611660,-0.433504,-1.048222,-0.799613,1.230046,-0.254563,0.021623,0.002218,-0.000012,0.001240,-0.000706,-0.000317,-0.000413
35.601007,0.716904,0.287692,-0.739799,0.862343,1.129843,0.314352,0.467891,0.637700,-0.533905,-0.319604,0.672656,0.629054,0.243299,0.267366,0.086958,0.611658,-0.433504,-1.048224,-0.799608,1.230046,-0.254559,0.021704,0.000347,-0.000322,0.000418,0.001478,-0.001244,0.000814
35.601985,0.715688,0.284629,-0.737304,0.863021,1.130050,0.314346,0.468610,0.631631,-0.522670,-0.320695,0.663254,0.629359,0.242918,0.267325,0.086978,0.611657,-0.433496,-1.048226,-0.799612,1.230046,-0.254554,0.020628,-0.000124,0.002228,-0.000065,-0.000007,-0.000861,0.001814
35.603093,0.716687,0.285081,-0.733013,0.862344,1.129329,0.314210,0.468357,0.624829,-0.510255,-0.322137,0.653296,0.629646,0.242528,0.267299,0.087000,0.611662,-0.433498,-1.048230,-0.799613,1.230048,-0.254560,0.020985,0.001363,0.000961,-0.000650,-0.000185,-0.000869,0.000375
35.603969,0.715489,0.281791,-0.735620,0.862509,1.129505,0.313421,0.468557,0.619819,-0.500916,-0.323200,0.645266,0.629894,0.242230,0.267268,0.087018,0.611662,-0.433503,-1.048228,-0.799610,1.230047,-0.254556,0.020257,0.001113,-0.001126,0.000015,0.000515,-0.000728,0.000883
35.604944,0.715760,0.287086,-0.735175,0.862474,1.130247,0.311731,0.468438,0.618391,-0.496015,-0.323045,0.640004,0.630158,0.242078,0.267222,0.087040,0.611666,-0.433499,-1.048227,-0.799610,1.230050,-0.254556,0.020607,0.002730,0.000168,-0.000205,0.000331,0.000048,0.000478
35.606023,0.715936,0.281883,-0.733684,0.861082,1.128888,0.313097,0.468194,0.618463,-0.494472,-0.322658,0.636518,0.630379,0.241927,0.267153,0.087060,0.611661,-0.433502,-1.048228,-0.799612,1.230052,-0.254557,0.020224,0.000109,-0.000044,-0.000132,-0.000395,0.001737,0.000724
35.607022,0.712126,0.287535,-0.735785,0.862522,1.128842,0.313358,0.468825,0.619303,-0.493042,-0.321929,0.633027,0.630658,0.241696,0.267061,0.087079,0.611668,-0.433502,-1.048224,-0.799611,1.230048,-0.254556,0.019899,0.002672,-0.000790,0.001184,0.000969,0.000364,0.001211
35.607981,0.713693,0.282070,-0.736927,0.862664,1.128930,0.313790,0.468845,0.619452,-0.490868,-0.321515,0.628867,0.630972,0.241363,0.266956,0.087105,0.611663,-0.433500,-1.048230,-0.799610,1.230050,-0.254560,0.021513,-0.000144,0.000251,-0.000151,0.000993,0.000105,-0.000053
35.608976,0.715347,0.284998,-0.733643,0.860957,1.129394,0.312924,0.468067,0.615697,-0.489863,-0.323541,0.624623,0.631059,0.240887,0.266855,0.087123,0.611671,-0.433497,-1.048230,-0.799609,1.230050,-0.254561,0.020485,0.002545,0.000790,-0.000270,0.000896,-0.000329,-0.000078
35.609936,0.712669,0.283032,-0.735209,0.863303,1.130200,0.313006,0.468964,0.610660,-0.491119,-0.326727,0.621301,0.630991,0.240374,0.266798,0.087141,0.611670,-0.433501,-1.048226,-0.799609,1.230050,-0.254557,0.019444,0.001058,-0.000828,0.001350,0.000428,0.000549,0.001478
35.610948,0.712318,0.282668,-0.735886,0.861574,1.130439,0.311793,0.468176,0.607892,-0.493385,-0.328852,0.618849,0.630996,0.239943,0.266811,0.087164,0.611672,-0.433499,-1.048232,-0.799610,1.230048,-0.254562,0.020528,0.002039,-0.000043,-0.000887,-0.000374,0.000472,-0.000327
35.611992,0.715135,0.282657,-0.733818,0.862763,1.129678,0.311951,0.468446,0.604813,-0.497891,-0.331537,0.617442,0.630902,0.239502,0.266882,0.087184,0.611674,-0.433497,-1.048230,-0.799612,1.230051,-0.254556,0.020452,0.002184,0.000266,0.000827,-0.000590,0.001674,0.001255
35.612976,0.713168,0.283780,-0.736024,0.861331,1.129259,0.311920,0.468512,0.601492,-0.505235,-0.334846,0.617366,0.630689,0.239026,0.266991,0.087201,0.611674,-0.433500,-1.048232,-0.799611,1.230050,-0.254555,0.018831,0.002185,-0.000747,-0.000336,0.000172,0.001508,0.000692
35.613990,0.711223,0.284031,-0.737941,0.861459,1.129803,0.313541,0.468424,0.600711,-0.512590,-0.336781,0.617803,0.630589,0.238610,0.267098,0.087222,0.611675,-0.433498,-1.048230,-0.799610,1.230050,-0.254554,0.019578,0.001616,0.000353,0.001067,0.000579,0.001545,0.000560
35.614909,0.712639,0.286146,-0.732843,0.863784,1.129529,0.312172,0.469254,0.598859,-0.517980,-0.339036,0.617134,0.630517,0.238134,0.267157,0.087244,0.611677,-0.433498,-1.048229,-0.799609,1.230045,-0.254551,0.020297,0.001469,0.001309,0.000893,0.000018,-0.000064,0.000728
35.616089,0.712020,0.286809,-0.738373,0.862646,1.131041,0.311994,0.468684,0.594842,-0.520743,-0.342084,0.615007,0.630426,0.237633,0.267145,0.087261,0.611674,-0.433508,-1.048234,-0.799608,1.230049,-0.254559,0.019362,0.000440,-0.001160,-0.001313,0.000292,0.001312,-0.000920
35.616926,0.714818,0.285763,-0.737579,0.863269,1.131398,0.312469,0.468007,0.592163,-0.520409,-0.343859,0.612067,0.630459,0.237288,0.267081,0.087280,0.611673,-0.433503,-1.048233,-0.799610,1.230048,-0.254558,0.019451,0.000121,0.001598,-0.000183,-0.001222,0.001483,0.000246
35.618014,0.711310,0.286203,-0.739452,0.861579,1.131382,0.313644,0.469127,0.591186,-0.517794,-0.344270,0.608663,0.630602,0.237060,0.267012,0.087296,0.611675,-0.433503,-1.048234,-0.799610,1.230046,-0.254554,0.017849,0.000634,0.001172,-0.000779,-0.001568,0.001011,0.001584
35.619019,0.711629,0.283185,-0.735690,0.862898,1.131128,0.312835,0.468522,0.590661,-0.514576,-0.344282,0.605159,0.630760,0.236862,0.266954,0.087319,0.611675,-0.433499,-1.048231,-0.799611,1.230045,-0.254558,0.019359,0.000407,0.002080,0.000840,-0.001539,-0.000165,-0.000674
35.620064,0.713456,0.284319,-0.737782,0.862738,1.130598,0.312878,0.468938,0.588867,-0.512697,-0.345154,0.602019,0.630817,0.236627,0.266896,0.087338,0.611680,-0.433503,-1.048234,-0.799609,1.230049,-0.254555,0.018951,0.001863,0.000214,-0.000414,-0.001300,0.000646,0.000556
35.620921,0.713618,0.286200,-0.736826,0.864150,1.129213,0.312798,0.468339,0.587414,-0.514630,-0.346414,0.600762,0.630758,0.236431,0.266838,0.087355,0.611681,-0.433499,-1.048234,-0.799610,1.230046,-0.254555,0.017826,0.001267,0.001242,-0.000241,-0.000753,0.000611,-0.000293
35.622091,0.713096,0.287309,-0.736378,0.863664,1.128151,0.313346,0.468866,0.589399,-0.519069,-0.346201,0.601562,0.630742,0.236421,0.266781,0.087371,0.611679,-0.433498,-1.048238,-0.799609,1.230046,-0.254552,0.017557,0.000344,0.000741,-0.001574,0.000624,0.000693,0.000911
35.623020,0.713732,0.288925,-0.735273,0.862618,1.127971,0.312573,0.469229,0.594964,-0.522265,-0.343870,0.602848,0.630884,0.236633,0.266731,0.087389,0.611682,-0.433500,-1.048237,-0.799606,1.230045,-0.254554,0.017608,-0.000234,0.000542,-0.001095,0.001654,0.000145,-0.000158
35.623940,0.712933,0.285210,-0.735151,0.863469,1.129393,0.313209,0.469570,0.603286,-0.520694,-0.339273,0.602651,0.631294,0.237002,0.266681,0.087405,0.611679,-0.433503,-1.048234,-0.799607,1.230045,-0.254556,0.017092,-0.001011,0.000015,-0.000133,0.001839,0.000927,-0.000870
35.625012,0.715587,0.287338,-0.734954,0.862522,1.128499,0.313797,0.469237,0.613432,-0.515267,-0.333000,0.600971,0.631930,0.237442,0.266625,0.087423,0.611683,-0.433503,-1.048235,-0.799612,1.230045,-0.254557,0.017286,0.000829,-0.000039,-0.000974,0.000447,0.000281,-0.001548
35.626038,0.713915,0.282489,-0.736035,0.862245,1.128965,0.313552,0.469280,0.625385,-0.510165,-0.325673,0.599740,0.632651,0.237967,0.266572,0.087435,0.611681,-0.433503,-1.048233,-0.799606,1.230045,-0.254555,0.015791,-0.000250,-0.000137,-0.000057,0.001303,-0.000311,-0.000877
35.627007,0.716127,0.285925,-0.735499,0.862880,1.128994,0.313165,0.468666,0.638683,-0.507665,-0.317904,0.599867,0.633365,0.238553,0.266538,0.087453,0.611687,-0.433501,-1.048233,-0.799606,1.230045,-0.254555,0.016441,0.002135,0.000389,0.000211,0.000822,-0.000057,-0.000972
35.627964,0.711952,0.290109,-0.739436,0.863781,1.130202,0.312993,0.468801,0.651983,-0.509145,-0.310689,0.601707,0.633957,0.239120,0.266540,0.087466,0.611684,-0.433501,-1.048235,-0.799607,1.230047,-0.254553,0.015154,0.000418,0.000109,-0.000381,0.000811,0.000322,0.000261
35.629003,0.713923,0.285780,-0.736114,0.863079,1.128441,0.313908,0.467904,0.663236,-0.510583,-0.304581,0.603198,0.634453,0.239591,0.266584,0.087487,0.611679,-0.433497,-1.048237,-0.799607,1.230048,-0.254553,0.017018,-0.001613,0.002049,-0.001234,-0.000408,0.000481,-0.000025
35.629939,0.713350,0.286781,-0.736789,0.862406,1.129473,0.314496,0.468534,0.670006,-0.509179,-0.300519,0.602754,0.634828,0.239889,0.266658,0.087501,0.611682,-0.433499,-1.048235,-0.799603,1.230046,-0.254548,0.015833,0.000548,0.000383,-0.000571,0.001344,-0.000432,0.001769
35.631088,0.713854,0.287015,-0.733295,0.863065,1.129275,0.313447,0.468587,0.673823,-0.507923,-0.298107,0.601983,0.635055,0.240087,0.266734,0.087517,0.611683,-0.433497,-1.048233,-0.799604,1.230046,-0.254550,0.015940,0.000020,0.000716,0.000055,0.000289,-0.001012,0.000488
35.632005,0.713135,0.285754,-0.732416,0.862762,1.128707,0.313760,0.468971,0.677902,-0.506764,-0.295514,0.601344,0.635300,0.240304,0.266772,0.087531,0.611681,-0.433503,-1.048234,-0.799607,1.230049,-0.254550,0.015517,-0.000076,-0.000986,-0.000575,0.000531,0.000031,0.000393
35.632962,0.714190,0.285012,-0.736334,0.862555,1.128878,0.313133,0.469739,0.683829,-0.505076,-0.291725,0.600858,0.635651,0.240591,0.266749,0.087546,0.611683,-0.433504,-1.048234,-0.799605,1.230046,-0.254551,0.015704,0.000543,-0.001403,-0.000263,0.001088,-0.000278,-0.000378
35.633971,0.711212,0.288401,-0.732509,0.863814,1.128861,0.314473,0.469834,0.690474,-0.505047,-0.287730,0.601336,0.635957,0.240884,0.266669,0.087561,0.611686,-0.433498,-1.048235,-0.799606,1.230048,-0.254553,0.014988,0.000867,0.000508,-0.000048,0.000919,0.000349,-0.001913
35.634968,0.713304,0.288585,-0.734544,0.861879,1.130362,0.313518,0.469216,0.695379,-0.506406,-0.284872,0.602274,0.636111,0.241093,0.266550,0.087580,0.611683,-0.433502,-1.048237,-0.799603,1.230045,-0.254555,0.016269,-0.000810,-0.001384,-0.001270,0.000904,-0.000995,-0.002080
35.636012,0.713373,0.288462,-0.736877,0.861577,1.130401,0.314394,0.469412,0.698475,-0.504757,-0.282418,0.601619,0.636308,0.241231,0.266428,0.087591,0.611683,-0.433501,-1.048233,-0.799608,1.230046,-0.254553,0.015063,-0.000889,-0.000354,0.000599,-0.000566,-0.000021,-0.000839
35.637040,0.712504,0.288976,-0.736739,0.861709,1.129335,0.313524,0.468590,0.700036,-0.498048,-0.279847,0.598205,0.636683,0.241253,0.266336,0.087606,0.611684,-0.433497,-1.048233,-0.799611,1.230045,-0.254554,0.014858,-0.000827,0.000769,0.000881,-0.000559,-0.000911,-0.001241
35.637966,0.712919,0.289205,-0.737277,0.860366,1.128149,0.313217,0.469141,0.698906,-0.488438,-0.278216,0.592759,0.637113,0.241093,0.266290,0.087622,0.611682,-0.433497,-1.048233,-0.799607,1.230048,-0.254551,0.015114,-0.001067,0.000688,0.000743,0.000482,-0.000043,0.000407
35.638988,0.717552,0.285535,-0.736412,0.862435,1.129078,0.312481,0.468700,0.694415,-0.477334,-0.278215,0.585870,0.637502,0.240726,0.266286,0.087634,0.611680,-0.433495,-1.048229,-0.799604,1.230049,-0.254554,0.014749,-0.001156,0.000936,0.002007,0.001638,0.000255,-0.000706
35.639982,0.716068,0.286081,-0.738596,0.861571,1.129211,0.312550,0.468293,0.690196,-0.467811,-0.278383,0.579734,0.637863,0.240290,0.266314,0.087643,0.611684,-0.433497,-1.048233,-0.799605,1.230047,-0.254552,0.012307,0.000648,0.000513,-0.000002,0.000701,0.001007,0.000186
35.640954,0.711768,0.287637,-0.737414,0.862593,1.129790,0.313273,0.467932,0.690134,-0.464870,-0.277401,0.577619,0.638132,0.239985,0.266380,0.087658,0.611681,-0.433493,-1.048231,-0.799606,1.230046,-0.254550,0.012903,0.000396,0.001571,0.000841,0.000583,0.000935,0.000991
35.641978,0.714805,0.285902,-0.737521,0.862523,1.129607,0.313426,0.468464,0.690214,-0.467731,-0.277352,0.578499,0.638161,0.239707,0.266458,0.087677,0.611678,-0.433494,-1.048233,-0.799608,1.230047,-0.254547,0.014839,-0.000361,0.000984,-0.000150,0.000023,0.000202,0.001698
35.642995,0.713376,0.287958,-0.736990,0.860519,1.128277,0.313414,0.468324,0.686811,-0.473478,-0.279750,0.580389,0.637918,0.239365,0.266509,0.087687,0.611682,-0.433494,-1.048233,-0.799605,1.230048,-0.254552,0.013161,0.000480,0.001044,-0.000070,0.000184,0.000050,0.000638
35.643946,0.715129,0.287885,-0.734376,0.862140,1.129462,0.314988,0.468468,0.682053,-0.479619,-0.282999,0.582369,0.637615,0.239011,0.266522,0.087704,0.611680,-0.433494,-1.048229,-0.799604,1.230047,-0.254549,0.013689,-0.000542,0.000774,0.001861,0.001508,0.000069,0.000921
35.645007,0.712723,0.287024,-0.736505,0.860698,1.129008,0.315008,0.467971,0.678611,-0.482336,-0.284971,0.582939,0.637538,0.238717,0.266514,0.087715,0.611682,-0.433498,-1.048233,-0.799607,1.230045,-0.254551,0.012670,-0.000521,-0.000492,0.000298,0.000334,-0.001512,0.000633
35.645992,0.710661,0.290200,-0.736370,0.862400,1.129273,0.314408,0.468743,0.677083,-0.481825,-0.285348,0.582347,0.637707,0.238550,0.266503,0.087732,0.611683,-0.433495,-1.048229,-0.799605,1.230045,-0.254545,0.013687,-0.000093,0.000554,0.001676,0.000782,-0.001516,0.001618
35.646924,0.712538,0.287864,-0.738463,0.860715,1.130152,0.314164,0.467930,0.673624,-0.479544,-0.286539,0.580611,0.637881,0.238365,0.266480,0.087750,0.611681,-0.433497,-1.048233,-0.799604,1.230048,-0.254551,0.014501,-0.001677,0.000495,0.000037,0.000503,-0.000925,0.000072
35.647920,0.712805,0.289164,-0.733843,0.861526,1.129556,0.314161,0.467835,0.665836,-0.475500,-0.289932,0.577266,0.637933,0.238035,0.266439,0.087761,0.611683,-0.433494,-1.048229,-0.799608,1.230050,-0.254547,0.013411,-0.000514,0.001525,0.001661,-0.000351,-0.000695,0.001715
35.649020,0.711952,0.287525,-0.736071,0.861966,1.130558,0.313366,0.467895,0.657286,-0.470329,-0.293651,0.573163,0.638001,0.237673,0.266403,0.087775,0.611680,-0.433500,-1.048231,-0.799605,1.230046,-0.254547,0.013124,-0.001141,-0.000747,0.000869,0.000236,-0.000672,0.001890
35.649934,0.710122,0.287791,-0.734876,0.861768,1.129763,0.312334,0.468238,0.651161,-0.465418,-0.296134,0.569572,0.638179,0.237417,0.266386,0.087788,0.611681,-0.433497,-1.048231,-0.799608,1.230046,-0.254547,0.013391,-0.000319,0.000362,0.000433,-0.000750,0.000131,0.001765
35.650973,0.714613,0.284048,-0.735988,0.861839,1.129675,0.313376,0.468476,0.645480,-0.463112,-0.298879,0.567308,0.638280,0.237183,0.266380,0.087803,0.611678,-0.433498,-1.048231,-0.799607,1.230049,-0.254547,0.014130,-0.000421,-0.000237,0.000637,0.000048,0.001144,0.001076
35.652058,0.711274,0.284767,-0.735987,0.861487,1.130017,0.313577,0.467939,0.639782,-0.465840,-0.302557,0.567400,0.638186,0.236932,0.266381,0.087811,0.611683,-0.433498,-1.048231,-0.799608,1.230047,-0.254551,0.011764,0.001403,0.000329,0.000563,0.000137,0.000094,0.000617
35.653015,0.711305,0.283834,-0.736468,0.862247,1.130014,0.313649,0.469063,0.635799,-0.474980,-0.306428,0.570810,0.637908,0.236758,0.266392,0.087827,0.611681,-0.433498,-1.048231,-0.799606,1.230048,-0.254546,0.013277,0.001042,0.000323,0.000928,-0.000223,-0.000100,0.001686
35.653978,0.710922,0.286483,-0.735997,0.861524,1.130374,0.313409,0.468896,0.631357,-0.489419,-0.311492,0.576621,0.637374,0.236606,0.266405,0.087840,0.611683,-0.433496,-1.048231,-0.799606,1.230049,-0.254551,0.013093,0.001496,0.000544,0.000166,-0.000224,-0.000180,-0.000577
35.654965,0.711709,0.287755,-0.734048,0.862779,1.129965,0.312201,0.468693,0.625157,-0.505343,-0.317827,0.582809,0.636665,0.236421,0.266418,0.087853,0.611681,-0.433496,-1.048229,-0.799606,1.230047,-0.254550,0.013121,0.000174,0.000304,0.000849,-0.000581,0.000074,-0.000217
35.655927,0.710545,0.286624,-0.736678,0.863479,1.130810,0.313046,0.467924,0.619582,-0.517462,-0.323230,0.587343,0.636094,0.236264,0.266456,0.087863,0.611681,-0.433500,-1.048231,-0.799604,1.230047,-0.254550,0.012602,-0.000455,-0.000635,-0.000386,-0.000182,0.001291,0.000189
35.657023,0.708923,0.285275,-0.734981,0.862973,1.130548,0.311972,0.468131,0.615721,-0.525278,-0.326986,0.590360,0.635717,0.236184,0.266546,0.087877,0.611681,-0.433496,-1.048233,-0.799608,1.230047,-0.254546,0.013035,0.000122,0.000659,-0.001032,-0.001007,0.000427,0.001721
35.658000,0.714914,0.289135,-0.735405,0.862241,1.130693,0.312679,0.468696,0.610940,-0.533182,-0.331205,0.593506,0.635242,0.236093,0.266686,0.087890,0.611683,-0.433498,-1.048233,-0.799605,1.230050,-0.254546,0.013686,0.000777,-0.000189,-0.000515,-0.000764,0.001505,0.001286
35.658934,0.711920,0.282307,-0.735739,0.861723,1.130088,0.311679,0.468142,0.606604,-0.539790,-0.334829,0.596191,0.634807,0.236014,0.266839,0.087894,0.611678,-0.433498,-1.048233,-0.799606,1.230047,-0.254547,0.010610,-0.001113,0.000033,0.000220,-0.000895,0.000798,0.000156
35.659998,0.714938,0.289746,-0.738179,0.860396,1.129889,0.313390,0.468623,0.606195,-0.543699,-0.335664,0.598217,0.634639,0.236046,0.266977,0.087909,0.611685,-0.433498,-1.048231,-0.799605,1.230050,-0.254544,0.011973,0.002264,0.000204,0.000685,-0.000294,0.001796,0.001274
35.660948,0.715670,0.284706,-0.736438,0.860860,1.130500,0.314683,0.468410,0.607595,-0.546053,-0.335079,0.599614,0.634618,0.236085,0.267081,0.087916,0.611676,-0.433495,-1.048227,-0.799604,1.230047,-0.254546,0.010344,-0.001416,0.001392,0.001927,-0.000115,0.000078,0.000297
35.661969,0.716089,0.285671,-0.735066,0.862048,1.130267,0.314646,0.468255,0.610543,-0.544346,-0.332849,0.599168,0.634828,0.236162,0.267130,0.087928,0.611681,-0.433497,-1.048227,-0.799605,1.230045,-0.254546,0.009849,0.001100,0.000521,0.001445,-0.000719,-0.001202,0.000736
35.663051,0.715645,0.289239,-0.735429,0.861401,1.129766,0.313636,0.468886,0.617469,-0.541379,-0.328087,0.598882,0.635249,0.236473,0.267123,0.087936,0.611681,-0.433496,-1.048229,-0.799604,1.230046,-0.254545,0.009538,0.000588,-0.000166,0.000301,-0.000486,-0.001159,0.001043
35.664011,0.713127,0.288209,-0.733853,0.862123,1.129928,0.313988,0.469318,0.627927,-0.538215,-0.321230,0.599337,0.635804,0.237022,0.267062,0.087946,0.611678,-0.433496,-1.048227,-0.799602,1.230048,-0.254547,0.009647,-0.001164,0.000024,0.000915,-0.000007,-0.000149,-0.000226
35.664927,0.713820,0.288939,-0.733839,0.862838,1.130287,0.314449,0.469230,0.638647,-0.531047,-0.313503,0.598082,0.636502,0.237615,0.266953,0.087960,0.611678,-0.433498,-1.048229,-0.799605,1.230048,-0.254550,0.010754,-0.000626,-0.000749,0.000231,-0.000145,-0.000514,-0.001075
35.665998,0.713590,0.286348,-0.734429,0.863795,1.128954,0.315086,0.468849,0.647016,-0.521581,-0.306631,0.595485,0.637174,0.238136,0.266830,0.087968,0.611676,-0.433499,-1.048231,-0.799605,1.230047,-0.254550,0.010288,-0.000973,-0.000743,-0.000442,-0.000508,-0.000971,-0.000890
35.666979,0.713780,0.288492,-0.735161,0.862415,1.128932,0.314098,0.468550,0.653074,-0.514509,-0.301380,0.593960,0.637624,0.238620,0.266738,0.087980,0.611679,-0.433498,-1.048235,-0.799602,1.230043,-0.254548,0.010264,0.000297,-0.000451,-0.001299,0.000813,-0.001585,-0.000129
35.667976,0.715703,0.290439,-0.734101,0.861548,1.129335,0.313569,0.468755,0.656696,-0.511603,-0.298148,0.594290,0.637765,0.239048,0.266701,0.087991,0.611677,-0.433496,-1.048231,-0.799603,1.230048,-0.254545,0.010042,-0.000781,-0.000108,0.000019,0.000829,-0.000616,0.000456
35.669090,0.712887,0.289307,-0.735882,0.860532,1.129864,0.313109,0.468530,0.658884,-0.507484,-0.295514,0.593759,0.637888,0.239372,0.266699,0.087997,0.611674,-0.433498,-1.048229,-0.799603,1.230050,-0.254546,0.008999,-0.001708,-0.000626,0.000826,0.000429,-0.000097,0.000038
35.669993,0.713228,0.286511,-0.736357,0.861372,1.129197,0.313243,0.468553,0.659915,-0.497693,-0.292598,0.589953,0.638220,0.239522,0.266697,0.088010,0.611675,-0.433496,-1.048227,-0.799607,1.230050,-0.254543,0.010269,-0.001145,0.000257,0.001790,-0.000068,0.000360,0.000488
35.670928,0.716543,0.288141,-0.736360,0.862653,1.128906,0.312573,0.468625,0.656703,-0.486955,-0.291904,0.584486,0.638439,0.239381,0.266670,0.088022,0.611677,-0.433496,-1.048227,-0.799601,1.230046,-0.254545,0.009942,0.000234,0.000488,0.000930,0.000556,0.000243,0.000442
35.672065,0.715667,0.288956,-0.735652,0.861718,1.128105,0.312414,0.468245,0.650846,-0.481107,-0.293563,0.580732,0.638344,0.239099,0.266620,0.088029,0.611676,-0.433496,-1.048229,-0.799602,1.230047,-0.254545,0.008191,-0.000584,0.000487,-0.000305,0.000851,0.000914,0.000297
35.673050,0.715335,0.287657,-0.732859,0.861520,1.129246,0.312447,0.468945,0.647260,-0.478664,-0.294660,0.579155,0.638160,0.238926,0.266544,0.088038,0.611674,-0.433496,-1.048227,-0.799599,1.230046,-0.254542,0.008532,-0.000964,0.000130,0.000601,0.001632,0.001077,0.001057
35.673950,0.715863,0.286192,-0.734705,0.861300,1.129027,0.313578,0.468646,0.646646,-0.476054,-0.294182,0.578048,0.638072,0.238889,0.266434,0.088046,0.611676,-0.433500,-1.048227,-0.799605,1.230047,-0.254547,0.008605,-0.000328,-0.001230,0.000791,0.000526,0.001033,-0.000348
35.675051,0.715651,0.285826,-0.731756,0.862642,1.128156,0.312738,0.468253,0.647821,-0.474152,-0.292851,0.577449,0.638037,0.238940,0.266299,0.088055,0.611676,-0.433497,-1.048226,-0.799602,1.230045,-0.254545,0.008230,0.000405,-0.000323,0.000995,0.000735,-0.000098,0.000262
35.676052,0.717960,0.283816,-0.734742,0.861534,1.129978,0.313506,0.469144,0.650303,-0.475804,-0.291398,0.578742,0.637927,0.239085,0.266166,0.088062,0.611674,-0.433502,-1.048229,-0.799601,1.230048,-0.254544,0.008253,0.000607,-0.001758,-0.000300,0.001597,0.000747,0.001047
35.676959,0.714582,0.286291,-0.737433,0.861635,1.129762,0.314352,0.468843,0.654457,-0.482462,-0.289858,0.582790,0.637692,0.239333,0.266050,0.088067,0.611676,-0.433500,-1.048227,-0.799603,1.230046,-0.254547,0.007026,0.001596,-0.000259,0.000786,-0.000229,-0.000026,-0.000749
35.678030,0.716572,0.287640,-0.734815,0.861386,1.128903,0.313186,0.468890,0.657591,-0.492686,-0.289491,0.588316,0.637271,0.239537,0.265940,0.088079,0.611674,-0.433495,-1.048227,-0.799601,1.230045,-0.254542,0.008595,0.000360,0.001021,0.000674,-0.000017,-0.000869,-0.000141
35.678960,0.714709,0.286382,-0.733697,0.862842,1.129533,0.313456,0.468531,0.656696,-0.501621,-0.291220,0.592424,0.636726,0.239556,0.265826,0.088085,0.611672,-0.433498,-1.048225,-0.799601,1.230048,-0.254541,0.007513,-0.000288,-0.000274,0.000883,0.000854,0.000298,-0.000248
35.679938,0.714395,0.288042,-0.736968,0.862059,1.130414,0.312814,0.468801,0.653975,-0.506995,-0.293459,0.594557,0.636246,0.239497,0.265698,0.088095,0.611672,-0.433500,-1.048229,-0.799602,1.230046,-0.254540,0.008338,0.000359,-0.000802,-0.000494,0.000216,0.000027,0.000474
35.681111,0.715771,0.285851,-0.734301,0.861493,1.130697,0.312807,0.469557,0.649688,-0.510566,-0.296315,0.595674,0.635788,0.239389,0.265542,0.088103,0.611671,-0.433497,-1.048226,-0.799604,1.230050,-0.254540,0.008390,-0.000477,0.000817,0.000232,-0.000652,0.000654,-0.000076
35.682006,0.713971,0.290386,-0.736528,0.862704,1.129592,0.313120,0.468650,0.642963,-0.512811,-0.300320,0.595675,0.635326,0.239160,0.265346,0.088109,0.611675,-0.433499,-1.048223,-0.799603,1.230050,-0.254544,0.007616,0.000596,-0.000523,0.000734,-0.000934,0.000655,-0.001583
35.683042,0.719151,0.284466,-0.734111,0.860473,1.130128,0.314260,0.469486,0.635270,-0.512538,-0.304439,0.594205,0.634973,0.238856,0.265124,0.088122,0.611670,-0.433497,-1.048226,-0.799602,1.230048,-0.254540,0.008385,-0.001644,0.000586,-0.000420,0.000170,0.000355,0.000249
35.684077,0.715713,0.288152,-0.739026,0.861473,1.129706,0.313852,0.468998,0.628898,-0.509854,-0.307386,0.591786,0.634810,0.238602,0.264902,0.088121,0.611676,-0.433500,-1.048221,-0.799605,1.230045,-0.254546,0.005766,0.001294,-0.000605,0.001717,-0.000344,-0.000778,-0.001437
35.685051,0.716801,0.290111,-0.735621,0.862367,1.128982,0.314583,0.468830,0.624717,-0.507070,-0.309019,0.589550,0.634791,0.238428,0.264703,0.088133,0.611670,-0.433495,-1.048222,-0.799603,1.230047,-0.254545,0.007386,-0.000528,0.001824,0.000723,0.000064,-0.000366,-0.000438
35.685962,0.716292,0.288899,-0.735281,0.862825,1.128319,0.315293,0.468100,0.620232,-0.503244,-0.310619,0.586758,0.634812,0.238269,0.264554,0.088138,0.611668,-0.433497,-1.048225,-0.799602,1.230049,-0.254546,0.006761,-0.001471,0.000109,-0.000114,0.000784,-0.001118,-0.000106
35.687071,0.716010,0.289858,-0.738244,0.861631,1.128045,0.313245,0.468290,0.615880,-0.496742,-0.311718,0.583040,0.634919,0.238214,0.264480,0.088145,0.611669,-0.433498,-1.048227,-0.799602,1.230046,-0.254543,0.006944,-0.000867,-0.000029,-0.000521,0.001444,-0.001810,0.001354
35.688056,0.716438,0.287578,-0.736125,0.862125,1.130389,0.312587,0.468379,0.611567,-0.489095,-0.312624,0.579026,0.635059,0.238228,0.264486,0.088151,0.611669,-0.433494,-1.048225,-0.799602,1.230050,-0.254541,0.007007,-0.001357,0.001420,0.000639,0.001713,0.000241,0.000949
35.688984,0.714981,0.286466,-0.735209,0.861589,1.128368,0.313193,0.467857,0.605243,-0.481831,-0.314723,0.574758,0.635116,0.238113,0.264543,0.088157,0.611673,-0.433496,-1.048226,-0.799608,1.230050,-0.254543,0.006713,-0.000247,0.000359,0.000163,-0.000600,0.000886,0.000782
35.689984,0.716056,0.289151,-0.733463,0.862596,1.128580,0.313150,0.467857,0.597606,-0.477349,-0.317966,0.571374,0.635060,0.237867,0.264623,0.088166,0.611673,-0.433498,-1.048225,-0.799603,1.230048,-0.254541,0.007349,0.000297,-0.000071,0.000678,0.001413,0.000280,0.001829
35.691003,0.715634,0.290514,-0.735936,0.863209,1.128192,0.313276,0.467636,0.590179,-0.475436,-0.321418,0.569175,0.634959,0.237612,0.264707,0.088172,0.611671,-0.433500,-1.048227,-0.799602,1.230046,-0.254538,0.006721,-0.001034,-0.000923,-0.000297,0.001177,0.000339,0.001807
35.692001,0.717631,0.285373,-0.734604,0.861102,1.129198,0.313833,0.467837,0.584172,-0.472508,-0.323840,0.566934,0.634965,0.237451,0.264776,0.088177,0.611670,-0.433497,-1.048229,-0.799603,1.230048,-0.254537,0.006880,-0.001693,0.000296,-0.000855,0.001577,0.000199,0.002253
35.692996,0.720707,0.288161,-0.733528,0.862123,1.129350,0.314852,0.468134,0.579571,-0.469194,-0.325375,0.564901,0.635042,0.237378,0.264817,0.088182,0.611676,-0.433497,-1.048223,-0.799604,1.230046,-0.254540,0.005819,0.000836,-0.000386,0.001142,0.000566,-0.000353,0.001849
35.693924,0.720733,0.284769,-0.736821,0.862630,1.131264,0.313741,0.467853,0.579004,-0.467646,-0.324927,0.564316,0.635247,0.237477,0.264832,0.088184,0.611672,-0.433500,-1.048225,-0.799603,1.230046,-0.254540,0.004245,-0.000554,-0.000888,0.000134,0.000411,-0.001373,0.001256
35.694926,0.717704,0.287882,-0.736407,0.863083,1.131037,0.314501,0.468285,0.584763,-0.468614,-0.321393,0.566006,0.635618,0.237854,0.264835,0.088189,0.611676,-0.433496,-1.048225,-0.799606,1.230049,-0.254540,0.004192,0.001126,0.000735,-0.000376,-0.001488,-0.000263,0.001830
35.696061,0.716114,0.288403,-0.735329,0.863237,1.130510,0.313812,0.468357,0.592061,-0.473277,-0.317687,0.569786,0.635858,0.238318,0.264848,0.088197,0.611672,-0.433498,-1.048228,-0.799604,1.230046,-0.254543,0.005625,-0.000412,0.000534,-0.000743,-0.001264,-0.001024,0.000964
35.697039,0.716095,0.285887,-0.734306,0.862780,1.129714,0.313116,0.467887,0.595161,-0.478913,-0.316571,0.573360,0.635831,0.238633,0.264896,0.088203,0.611671,-0.433499,-1.048229,-0.799603,1.230046,-0.254540,0.006336,-0.000651,0.000000,-0.000884,-0.000737,-0.000320,0.000814
35.697945,0.719104,0.290394,-0.733927,0.861404,1.130076,0.312855,0.468554,0.593062,-0.483761,-0.318299,0.575661,0.635596,0.238733,0.264990,0.088210,0.611675,-0.433499,-1.048229,-0.799600,1.230049,-0.254538,0.006261,0.000580,-0.000512,-0.000417,0.000026,0.000359,0.001757
35.699009,0.717015,0.288143,-0.735112,0.862806,1.128728,0.313531,0.467939,0.589186,-0.486184,-0.320691,0.576319,0.635404,0.238677,0.265125,0.088210,0.611669,-0.433500,-1.048225,-0.799602,1.230050,-0.254541,0.004732,-0.001642,-0.000685,0.000875,-0.000324,0.000610,0.000411
35.700009,0.718393,0.285876,-0.735327,0.860667,1.129898,0.313924,0.467885,0.586374,-0.483267,-0.321704,0.574432,0.635480,0.238564,0.265293,0.088219,0.611673,-0.433500,-1.048227,-0.799600,1.230047,-0.254538,0.005692,-0.000530,-0.000087,-0.000509,0.001017,-0.000059,0.001654
35.700927,0.720525,0.286914,-0.737220,0.862899,1.129928,0.313684,0.467996,0.583173,-0.479052,-0.322784,0.571702,0.635578,0.238383,0.265491,0.088222,0.611676,-0.433500,-1.048219,-0.799602,1.230047,-0.254537,0.004958,0.000571,0.000019,0.001476,-0.000154,-0.000443,0.001748
35.701968,0.720153,0.289326,-0.736173,0.864250,1.129713,0.312883,0.467970,0.579720,-0.477952,-0.324555,0.570219,0.635530,0.238160,0.265703,0.088224,0.611674,-0.433497,-1.048224,-0.799603,1.230049,-0.254535,0.003867,0.000059,0.000935,-0.000669,-0.000165,-0.000209,0.001518
35.702949,0.724115,0.289959,-0.736395,0.862080,1.130460,0.313214,0.468993,0.578573,-0.479285,-0.325563,0.570434,0.635439,0.238046,0.265901,0.088229,0.611672,-0.433498,-1.048229,-0.799601,1.230051,-0.254536,0.004006,-0.001128,0.000413,-0.001908,0.000036,0.000582,0.001574
35.703974,0.718628,0.288524,-0.735758,0.863126,1.130198,0.313133,0.468474,0.581929,-0.478987,-0.323979,0.570954,0.635565,0.238132,0.266057,0.088227,0.611668,-0.433498,-1.048223,-0.799604,1.230051,-0.254539,0.002025,-0.001394,0.000528,0.000164,-0.000697,0.000242,-0.000480
35.705058,0.721303,0.289137,-0.733715,0.861757,1.129957,0.313008,0.468926,0.588420,-0.475078,-0.320185,0.570294,0.635976,0.238307,0.266169,0.088236,0.611669,-0.433498,-1.048227,-0.799603,1.230049,-0.254537,0.004708,-0.000680,0.000205,-0.000826,-0.000430,0.000336,0.000580
35.706001,0.721187,0.289914,-0.737353,0.861675,1.128857,0.312848,0.468989,0.594035,-0.469508,-0.316659,0.568485,0.636445,0.238408,0.266251,0.088237,0.611669,-0.433502,-1.048225,-0.799602,1.230050,-0.254539,0.003318,-0.000995,-0.000777,0.000515,-0.000203,0.000457,-0.000335
35.706929,0.722066,0.285092,-0.736285,0.862679,1.129685,0.311822,0.468178,0.598181,-0.461975,-0.313652,0.565223,0.636953,0.238408,0.266318,0.088240,0.611669,-0.433498,-1.048224,-0.799599,1.230050,-0.254540,0.003353,-0.001384,0.001023,0.000576,0.000879,0.000617,-0.000451
35.708073,0.720301,0.288146,-0.738552,0.863736,1.128461,0.312780,0.468654,0.600875,-0.455647,-0.311685,0.562097,0.637339,0.238308,0.266390,0.088241,0.611676,-0.433500,-1.048227,-0.799603,1.230051,-0.254535,0.002895,0.000966,0.000487,-0.000384,0.000070,0.001647,0.001171
35.708936,0.720185,0.286638,-0.735078,0.860876,1.128506,0.312701,0.468481,0.600886,-0.456134,-0.312371,0.561813,0.637281,0.238117,0.266476,0.088246,0.611675,-0.433496,-1.048229,-0.799602,1.230048,-0.254537,0.003734,-0.000582,0.001594,-0.001387,0.001307,0.000689,0.000200
35.709956,0.722946,0.282776,-0.736365,0.863382,1.129797,0.313413,0.468503,0.597456,-0.460797,-0.315656,0.562956,0.636865,0.237824,0.266552,0.088248,0.611676,-0.433500,-1.048223,-0.799601,1.230050,-0.254535,0.003754,0.000187,-0.000124,0.001375,0.001236,0.000765,0.000551
35.711030,0.722925,0.289271,-0.734823,0.862922,1.128837,0.312897,0.468537,0.592875,-0.468160,-0.319950,0.565018,0.636298,0.237497,0.266597,0.088247,0.611681,-0.433497,-1.048229,-0.799605,1.230050,-0.254535,0.002370,0.002061,0.000504,-0.001046,-0.000026,0.000045,0.000501
35.711940,0.722642,0.287791,-0.736727,0.863505,1.130312,0.313146,0.468962,0.591311,-0.478424,-0.322987,0.569029,0.635740,0.237338,0.266597,0.088249,0.611674,-0.433498,-1.048227,-0.799602,1.230050,-0.254535,0.002370,-0.001147,-0.000265,-0.000608,0.000923,0.000572,0.000433
35.712933,0.722353,0.290135,-0.734730,0.863665,1.130321,0.313409,0.469883,0.593026,-0.485859,-0.323748,0.572509,0.635411,0.237371,0.266532,0.088251,0.611675,-0.433496,-1.048229,-0.799605,1.230048,-0.254535,0.002491,-0.000386,0.000681,-0.001148,-0.000543,0.000330,-0.000421
35.713922,0.724598,0.286626,-0.735858,0.862968,1.129717,0.313083,0.469160,0.595873,-0.488092,-0.323029,0.573920,0.635330,0.237497,0.266397,0.088255,0.611672,-0.433498,-1.048229,-0.799605,1.230047,-0.254540,0.002586,-0.001538,-0.000316,-0.001298,-0.000539,0.000073,-0.002256
35.715029,0.725071,0.288501,-0.733689,0.862136,1.130104,0.313160,0.468493,0.599671,-0.487358,-0.321258,0.574230,0.635421,0.237691,0.266218,0.088254,0.611676,-0.433496,-1.048230,-0.799602,1.230049,-0.254538,0.001466,0.000199,0.000242,-0.000569,0.000042,0.000388,-0.000783
35.716080,0.722322,0.288845,-0.736751,0.859886,1.130100,0.313050,0.468905,0.605632,-0.485103,-0.317968,0.574175,0.635699,0.237940,0.266041,0.088254,0.611674,-0.433498,-1.048229,-0.799603,1.230046,-0.254535,0.001236,-0.000742,-0.000838,0.000229,-0.000340,0.000325,0.000534
35.717026,0.723557,0.288019,-0.733817,0.862551,1.127996,0.313742,0.468158,0.611296,-0.479262,-0.314160,0.572050,0.636178,0.238083,0.265888,0.088258,0.611672,-0.433494,-1.048221,-0.799604,1.230046,-0.254536,0.002575,-0.000880,0.000673,0.002307,-0.000328,0.000437,-0.000304
35.718039,0.724327,0.283960,-0.731532,0.861144,1.129645,0.313083,0.468719,0.612992,-0.469947,-0.311917,0.567255,0.636696,0.237995,0.265769,0.088255,0.611673,-0.433498,-1.048226,-0.799599,1.230043,-0.254534,0.001979,-0.000477,-0.000777,-0.000284,0.001749,-0.000243,0.001203
35.718920,0.723417,0.286751,-0.733383,0.862308,1.130043,0.312396,0.468484,0.613258,-0.463211,-0.310822,0.563417,0.637089,0.237867,0.265696,0.088255,0.611679,-0.433502,-1.048223,-0.799601,1.230048,-0.254536,0.001602,0.001501,-0.001870,0.001080,0.000087,0.000397,0.000066
35.719977,0.725232,0.282972,-0.733999,0.862570,1.129107,0.312454,0.468768,0.614490,-0.461869,-0.309938,0.562309,0.637349,0.237795,0.265653,0.088258,0.611675,-0.433500,-1.048226,-0.799602,1.230048,-0.254535,0.002017,0.000114,-0.000945,-0.000027,-0.000292,0.001090,0.000547
35.720969,0.726789,0.284265,-0.731625,0.863113,1.129526,0.312658,0.468197,0.615282,-0.465815,-0.310033,0.563648,0.637391,0.237701,0.265612,0.088257,0.611682,-0.433501,-1.048226,-0.799600,1.230048,-0.254535,0.001113,0.001951,-0.000635,-0.000268,0.000642,0.001022,-0.000031
35.722025,0.725669,0.284631,-0.733532,0.860852,1.128460,0.313847,0.468015,0.617192,-0.475665,-0.310384,0.568157,0.637225,0.237671,0.265565,0.088256,0.611683,-0.433503,-1.048228,-0.799602,1.230049,-0.254533,0.000354,0.001272,-0.001813,-0.000769,0.000225,0.000807,0.001117
35.722914,0.727636,0.287006,-0.732367,0.861958,1.129752,0.314521,0.468537,0.621384,-0.487624,-0.309719,0.574117,0.637065,0.237741,0.265516,0.088257,0.611683,-0.433501,-1.048224,-0.799599,1.230046,-0.254532,0.000905,0.001092,-0.000858,0.001411,0.001274,-0.000373,0.001470
35.723990,0.727513,0.283710,-0.734673,0.861657,1.129550,0.313837,0.468357,0.626363,-0.495700,-0.307888,0.578233,0.637100,0.237844,0.265458,0.088256,0.611679,-0.433501,-1.048226,-0.799600,1.230046,-0.254534,-0.000073,-0.000059,-0.001460,0.000317,-0.000026,-0.001038,0.000420
35.724969,0.726038,0.285386,-0.733964,0.862950,1.129308,0.312400,0.468957,0.631783,-0.499969,-0.305133,0.580540,0.637293,0.237991,0.265393,0.088256,0.611684,-0.433498,-1.048226,-0.799600,1.230046,-0.254532,-0.000002,0.001554,-0.000319,0.000630,0.000191,-0.000343,0.000788
35.725968,0.728482,0.285994,-0.736384,0.861948,1.129679,0.312588,0.468764,0.635663,-0.504820,-0.303317,0.582867,0.637359,0.238089,0.265332,0.088257,0.611683,-0.433500,-1.048232,-0.799600,1.230050,-0.254536,0.000722,0.000710,-0.000670,-0.000534,0.000426,0.001078,-0.000413
35.727059,0.728033,0.282969,-0.735545,0.861457,1.128633,0.313895,0.468320,0.636371,-0.510460,-0.303422,0.585056,0.637207,0.238034,0.265288,0.088254,0.611681,-0.433496,-1.048230,-0.799600,1.230050,-0.254535,-0.000478,0.000430,0.000512,0.000457,0.000048,0.000872,-0.000015
35.728066,0.727925,0.284109,-0.734842,0.863307,1.128309,0.313615,0.468915,0.634911,-0.515961,-0.304757,0.586781,0.636923,0.237850,0.265288,0.088254,0.611685,-0.433498,-1.048229,-0.799598,1.230047,-0.254533,-0.000239,0.001915,0.000097,0.000905,0.001092,-0.000424,0.000870
35.729084,0.726939,0.280989,-0.737081,0.861804,1.129865,0.314643,0.468230,0.632110,-0.523760,-0.307269,0.589414,0.636446,0.237628,0.265342,0.088254,0.611685,-0.433500,-1.048233,-0.799599,1.230047,-0.254534,-0.000187,0.001324,-0.000233,-0.000873,0.001423,-0.000128,-0.000339
35.730028,0.729885,0.286869,-0.737505,0.861977,1.129733,0.313935,0.469151,0.627261,-0.535787,-0.311644,0.593855,0.635677,0.237394,0.265437,0.088256,0.611691,-0.433499,-1.048229,-0.799603,1.230045,-0.254529,0.000290,0.002840,0.000893,0.000571,-0.000113,-0.001163,0.001039
35.730993,0.728247,0.284858,-0.736397,0.862604,1.129255,0.314142,0.468663,0.620222,-0.548706,-0.317370,0.598321,0.634780,0.237103,0.265540,0.088252,0.611685,-0.433498,-1.048229,-0.799603,1.230046,-0.254533,-0.001158,-0.000081,0.001080,0.000382,0.000033,-0.000441,-0.000820
35.732033,0.727549,0.286887,-0.736963,0.862567,1.130503,0.313952,0.468951,0.613323,-0.556964,-0.322259,0.600558,0.634071,0.236815,0.265618,0.088254,0.611688,-0.433500,-1.048229,-0.799599,1.230046,-0.254530,-0.000340,0.000936,0.000542,-0.000250,0.000479,-0.000657,0.000173
35.732978,0.728903,0.287643,-0.735679,0.861067,1.130763,0.313674,0.469123,0.606565,-0.560509,-0.326308,0.600629,0.633527,0.236547,0.265653,0.088254,0.611685,-0.433500,-1.048229,-0.799602,1.230048,-0.254531,0.000004,-0.000072,0.000834,-0.000207,-0.000756,-0.000478,-0.000413
35.734050,0.728239,0.286942,-0.734604,0.862501,1.131811,0.314823,0.468909,0.599314,-0.558965,-0.329765,0.598070,0.633167,0.236242,0.265635,0.088252,0.611683,-0.433500,-1.048225,-0.799603,1.230046,-0.254532,-0.000659,-0.000418,0.000183,0.001206,-0.001001,-0.000185,-0.000751
35.735038,0.729971,0.282869,-0.732843,0.862548,1.129326,0.315098,0.470000,0.593418,-0.551687,-0.331454,0.592785,0.633143,0.235964,0.265566,0.088252,0.611683,-0.433502,-1.048228,-0.799605,1.230044,-0.254531,-0.000317,-0.000060,-0.000328,-0.000172,-0.002040,-0.001335,-0.000319
35.736051,0.733558,0.287279,-0.736662,0.864110,1.130284,0.314718,0.468848,0.590565,-0.544888,-0.331452,0.588229,0.633274,0.235864,0.265466,0.088248,0.611689,-0.433504,-1.048229,-0.799599,1.230044,-0.254538,-0.001149,0.001925,-0.001182,-0.000194,0.000426,-0.001600,-0.002503
35.737088,0.729441,0.284858,-0.730867,0.861829,1.129888,0.314041,0.469257,0.592662,-0.543026,-0.329518,0.587140,0.633406,0.236077,0.265369,0.088242,0.611685,-0.433500,-1.048233,-0.799601,1.230044,-0.254530,-0.002878,-0.000277,0.000703,-0.001674,-0.000554,-0.001213,-0.000184
35.738010,0.729174,0.288643,-0.734271,0.862445,1.130247,0.313960,0.468727,0.599380,-0.542878,-0.325355,0.587869,0.633640,0.236544,0.265313,0.088246,0.611689,-0.433508,-1.048229,-0.799599,1.230049,-0.254532,-0.000828,0.000921,-0.002151,0.000553,-0.000160,-0.000562,-0.001023
35.738968,0.726962,0.285401,-0.738454,0.864141,1.130178,0.314146,0.468593,0.606648,-0.536652,-0.319490,0.584917,0.634081,0.237188,0.265369,0.088248,0.611687,-0.433500,-1.048234,-0.799600,1.230046,-0.254534,0.000380,0.000676,0.001601,-0.001678,-0.000438,-0.000658,0.000323
35.739983,0.731188,0.286815,-0.733054,0.863331,1.129324,0.312962,0.467514,0.606648,-0.536652,-0.319490,0.584917,0.634081,0.237188,0.265369,0.088248,0.611687,-0.433500,-1.048234,-0.799600,1.230046,-0.254534,0.000380,0.000676,0.001601,-0.001678,-0.000438,-0.000658,0.000323
35.740968,0.730598,0.285923,-0.734176,0.861582,1.130438,0.314084,0.468132,0.601492,-0.536609,-0.322056,0.583438,0.633706,0.237163,0.265518,0.088241,0.611685,-0.433508,-1.048232,-0.799599,1.230049,-0.254531,-0.001681,-0.000031,-0.001055,-0.000876,0.000408,0.000522,0.002489
35.741912,0.729753,0.286094,-0.732883,0.863486,1.130116,0.313943,0.468681,0.597307,-0.537478,-0.324277,0.582553,0.633318,0.237131,0.265763,0.088240,0.611687,-0.433506,-1.048229,-0.799603,1.230046,-0.254532,-0.001356,0.000401,-0.000480,0.000793,-0.000686,-0.000606,0.001218
35.743021,0.727709,0.286157,-0.735590,0.863269,1.130023,0.313474,0.467811,0.595685,-0.537019,-0.324831,0.581307,0.633124,0.237143,0.266067,0.088240,0.611686,-0.433508,-1.048233,-0.799602,1.230046,-0.254533,-0.000930,0.000327,-0.001119,-0.001052,-0.000358,-0.000457,0.000130
35.743939,0.730224,0.282963,-0.737168,0.862354,1.129953,0.313542,0.468130,0.592698,-0.537789,-0.326329,0.580409,0.632841,0.237092,0.266379,0.088242,0.611684,-0.433506,-1.048233,-0.799602,1.230049,-0.254525,0.000078,0.000318,0.000236,-0.000814,-0.000267,0.000003,0.001866
35.744976,0.733123,0.286458,-0.733890,0.861728,1.129763,0.313033,0.469067,0.585563,-0.542377,-0.330791,0.580606,0.632242,0.236847,0.266659,0.088238,0.611689,-0.433506,-1.048231,-0.799601,1.230046,-0.254526,-0.001160,0.001869,0.001017,0.000056,-0.000205,-0.000057,0.001209
35.746048,0.729255,0.286781,-0.735671,0.863484,1.129938,0.312730,0.468407,0.578007,-0.549180,-0.335907,0.581614,0.631575,0.236495,0.266866,0.088232,0.611684,-0.433511,-1.048230,-0.799601,1.230048,-0.254531,-0.002541,0.000152,-0.000594,0.000664,-0.000014,0.000447,-0.000657
35.747024,0.730322,0.288566,-0.735013,0.862911,1.129954,0.313611,0.468267,0.573793,-0.553417,-0.338809,0.581927,0.631190,0.236199,0.266989,0.088235,0.611683,-0.433509,-1.048234,-0.799601,1.230050,-0.254527,-0.000611,0.000013,0.000299,-0.001011,-0.000192,0.000739,0.000675
35.747928,0.732248,0.288260,-0.736331,0.862467,1.130099,0.312937,0.469722,0.570131,-0.553822,-0.340849,0.580708,0.630979,0.235922,0.267037,0.088235,0.611682,-0.433509,-1.048232,-0.799600,1.230045,-0.254525,-0.001166,-0.000864,-0.000042,-0.000463,-0.000215,-0.000127,0.000941
35.749057,0.733997,0.287891,-0.733685,0.861959,1.131372,0.313632,0.469634,0.566620,-0.550261,-0.342225,0.577849,0.630917,0.235666,0.267012,0.088231,0.611681,-0.433508,-1.048232,-0.799601,1.230044,-0.254535,-0.002087,-0.000700,0.000619,-0.000028,-0.000353,0.000569,-0.001963
35.750020,0.732194,0.287631,-0.733532,0.863241,1.131304,0.313601,0.468681,0.566751,-0.542773,-0.340977,0.573837,0.631170,0.235544,0.266938,0.088228,0.611681,-0.433512,-1.048230,-0.799603,1.230044,-0.254537,-0.002916,-0.000515,-0.000671,0.000443,-0.001619,-0.000138,-0.001749
35.750920,0.730974,0.284128,-0.735640,0.862979,1.130688,0.312603,0.468663,0.571776,-0.533639,-0.336744,0.569966,0.631705,0.235638,0.266879,0.088228,0.611681,-0.433512,-1.048233,-0.799603,1.230047,-0.254531,-0.001997,-0.000386,-0.000737,-0.000803,-0.001537,-0.000119,0.000150
35.751971,0.732623,0.286275,-0.736957,0.862619,1.131721,0.313275,0.469301,0.577483,-0.528081,-0.332717,0.568023,0.632121,0.235816,0.266884,0.088228,0.611689,-0.433510,-1.048233,-0.799602,1.230049,-0.254530,-0.001390,0.001291,0.000298,-0.000524,-0.000926,0.000878,0.000165
35.752958,0.732904,0.289461,-0.734236,0.862579,1.131184,0.313391,0.468559,0.579622,-0.529150,-0.331784,0.568587,0.632115,0.235876,0.266943,0.088224,0.611686,-0.433510,-1.048233,-0.799602,1.230047,-0.254532,-0.002182,0.000226,0.000955,-0.000163,-0.001976,0.000198,-0.001118
35.753957,0.731243,0.288165,-0.733981,0.862872,1.130261,0.313931,0.468577,0.580267,-0.530919,-0.331849,0.569139,0.632029,0.235867,0.267031,0.088223,0.611681,-0.433512,-1.048233,-0.799601,1.230048,-0.254528,-0.002308,-0.001308,-0.000397,-0.000126,-0.001431,0.000083,0.000377
35.754928,0.733000,0.284412,-0.731604,0.862857,1.130291,0.313606,0.468506,0.581920,-0.528023,-0.330650,0.567676,0.632179,0.235903,0.267132,0.088225,0.611682,-0.433512,-1.048233,-0.799599,1.230046,-0.254528,-0.001485,-0.000651,-0.000510,-0.000422,-0.000529,-0.000447,0.000325
35.755938,0.732185,0.288514,-0.732144,0.862055,1.129285,0.314380,0.468820,0.584673,-0.524669,-0.328785,0.566269,0.632393,0.236010,0.267233,0.088221,0.611687,-0.433516,-1.048232,-0.799601,1.230045,-0.254527,-0.002338,0.001170,-0.001665,-0.000413,-0.000547,-0.000109,0.000465
35.756963,0.731787,0.287824,-0.730370,0.862261,1.131446,0.314194,0.468963,0.589139,-0.523468,-0.326296,0.566195,0.632606,0.236204,0.267316,0.088221,0.611683,-0.433516,-1.048232,-0.799599,1.230045,-0.254528,-0.001918,-0.000862,-0.001376,0.000389,0.000452,-0.000893,-0.000164
35.758065,0.731793,0.284459,-0.732723,0.861687,1.131120,0.314449,0.468305,0.594889,-0.520118,-0.322682,0.565257,0.632977,0.236446,0.267366,0.088221,0.611682,-0.433519,-1.048232,-0.799603,1.230045,-0.254529,-0.001721,-0.000491,-0.002245,0.000184,-0.001698,-0.000696,-0.000443
35.759040,0.731630,0.288512,-0.733884,0.862100,1.129374,0.313568,0.469242,0.600116,-0.515710,-0.319106,0.563583,0.633399,0.236650,0.267391,0.088219,0.611688,-0.433517,-1.048231,-0.799602,1.230047,-0.254527,-0.001705,0.001142,-0.001071,0.000720,-0.001364,-0.000969,0.000878
35.759923,0.734733,0.287646,-0.730475,0.862214,1.129987,0.313605,0.468776,0.602671,-0.513599,-0.317373,0.562365,0.633635,0.236715,0.267398,0.088217,0.611682,-0.433519,-1.048231,-0.799599,1.230048,-0.254531,-0.001597,-0.000857,-0.000477,0.000298,0.000372,-0.000083,-0.001008
35.761054,0.730294,0.288133,-0.734850,0.861835,1.129705,0.314036,0.468292,0.604548,-0.511068,-0.316000,0.560785,0.633851,0.236725,0.267398,0.088211,0.611684,-0.433523,-1.048231,-0.799604,1.230047,-0.254529,-0.003091,-0.000419,-0.002157,0.000188,-0.000219,-0.000121,-0.000058
35.762036,0.730730,0.287267,-0.734669,0.863512,1.129732,0.314046,0.468866,0.607121,-0.506906,-0.314003,0.558545,0.634149,0.236748,0.267411,0.088214,0.611682,-0.433520,-1.048228,-0.799603,1.230045,-0.254526,-0.000873,-0.000650,0.000041,0.000520,0.000060,-0.000547,0.000898
35.762953,0.729145,0.290407,-0.736092,0.863107,1.130042,0.313364,0.468008,0.605446,-0.504374,-0.314631,0.556341,0.634173,0.236613,0.267434,0.088212,0.611684,-0.433524,-1.048234,-0.799602,1.230045,-0.254529,-0.001088,-0.000229,-0.000022,-0.001049,0.000023,-0.000551,-0.000259
35.763997,0.730699,0.287811,-0.737159,0.861018,1.130023,0.312861,0.468390,0.597554,-0.504258,-0.319101,0.554349,0.633788,0.236259,0.267443,0.088215,0.611679,-0.433522,-1.048234,-0.799601,1.230045,-0.254524,-0.000327,-0.001760,0.000666,-0.000613,-0.000298,0.000139,0.001467
35.764956,0.733033,0.288309,-0.734257,0.863639,1.129921,0.311633,0.468708,0.585000,-0.503654,-0.326055,0.551290,0.633200,0.235675,0.267424,0.088212,0.611681,-0.433519,-1.048231,-0.799601,1.230046,-0.254525,-0.001075,-0.000456,0.001170,0.001403,-0.000275,0.000631,0.000682
35.766005,0.732331,0.285904,-0.734340,0.861049,1.129298,0.312587,0.468207,0.572161,-0.502693,-0.333092,0.547872,0.632614,0.234983,0.267357,0.088208,0.611679,-0.433523,-1.048236,-0.799602,1.230049,-0.254526,-0.002198,-0.000696,-0.000255,-0.001126,-0.000164,0.001850,0.000050
35.767060,0.730846,0.286182,-0.735723,0.861662,1.129467,0.312562,0.469116,0.564148,-0.503625,-0.337753,0.546223,0.632152,0.234428,0.267230,0.088207,0.611682,-0.433524,-1.048231,-0.799600,1.230045,-0.254522,-0.001825,0.000479,-0.000196,0.001379,0.000439,0.000897,0.001054
35.768004,0.731569,0.285301,-0.732384,0.861086,1.130148,0.312800,0.468429,0.558936,-0.506992,-0.341237,0.546129,0.631712,0.233953,0.267042,0.088208,0.611681,-0.433522,-1.048231,-0.799600,1.230045,-0.254528,-0.001090,0.000347,0.000486,0.000733,0.000262,0.000932,-0.000770
35.768967,0.730696,0.287680,-0.734144,0.862679,1.130565,0.314056,0.468996,0.553902,-0.512302,-0.344899,0.546799,0.631200,0.233473,0.266816,0.088206,0.611682,-0.433526,-1.048230,-0.799599,1.230045,-0.254526,-0.001438,0.000774,-0.001158,0.001306,-0.000432,0.000688,0.000630
35.770052,0.729960,0.287083,-0.734652,0.860954,1.130539,0.313771,0.468896,0.550341,-0.517871,-0.347738,0.547875,0.630725,0.233098,0.266600,0.088206,0.611679,-0.433525,-1.048235,-0.799601,1.230044,-0.254528,-0.000993,-0.000388,-0.000273,-0.000196,-0.000825,-0.000567,-0.000521
35.771036,0.730958,0.286248,-0.734290,0.862348,1.129792,0.314404,0.469315,0.547224,-0.521775,-0.350035,0.548393,0.630311,0.232817,0.266413,0.088206,0.611680,-0.433525,-1.048229,-0.799602,1.230044,-0.254527,-0.000626,-0.000094,-0.000025,0.001437,-0.000787,-0.000267,-0.000312
35.771930,0.726779,0.287340,-0.734829,0.861803,1.129422,0.313703,0.469051,0.543190,-0.524518,-0.352672,0.548292,0.629882,0.232559,0.266256,0.088202,0.611681,-0.433525,-1.048231,-0.799601,1.230044,-0.254526,-0.001087,0.000319,-0.000210,0.000046,-0.000039,-0.000909,-0.001163
35.773049,0.729954,0.289230,-0.733255,0.862102,1.130742,0.312861,0.468903,0.537292,-0.527856,-0.356490,0.548245,0.629318,0.232289,0.266130,0.088207,0.611679,-0.433526,-1.048229,-0.799600,1.230045,-0.254528,0.000971,-0.000218,0.000086,0.000564,0.000320,-0.000199,-0.000615
35.774030,0.731067,0.287969,-0.732708,0.863569,1.130643,0.312823,0.468876,0.529110,-0.529832,-0.361389,0.547220,0.628679,0.231956,0.266038,0.088203,0.611675,-0.433529,-1.048229,-0.799604,1.230046,-0.254526,-0.000605,-0.001119,-0.000686,0.000256,-0.000977,0.000635,-0.000329
35.774940,0.730580,0.286614,-0.734384,0.863150,1.131030,0.313414,0.468791,0.523517,-0.528891,-0.364377,0.545418,0.628256,0.231734,0.265981,0.088201,0.611676,-0.433531,-1.048231,-0.799604,1.230046,-0.254525,-0.001129,-0.000490,-0.000921,-0.001180,-0.000872,0.000668,-0.000284
35.776026,0.731372,0.287589,-0.731363,0.863245,1.130064,0.313345,0.468380,0.523105,-0.528713,-0.364621,0.545203,0.628025,0.231760,0.265944,0.088201,0.611679,-0.433531,-1.048231,-0.799602,1.230046,-0.254526,-0.000873,0.000158,-0.000082,-0.000742,-0.001281,0.000070,-0.000108
35.776966,0.729508,0.284612,-0.731562,0.862294,1.130085,0.313077,0.469415,0.526168,-0.531092,-0.363371,0.547037,0.627868,0.231965,0.265913,0.088198,0.611675,-0.433534,-1.048231,-0.799601,1.230045,-0.254522,-0.001246,-0.000293,-0.001569,-0.000843,-0.000310,0.000147,0.000707
35.777935,0.731390,0.286819,-0.734418,0.864636,1.130353,0.313512,0.467964,0.531499,-0.535150,-0.361110,0.550071,0.627803,0.232251,0.265870,0.088200,0.611678,-0.433535,-1.048227,-0.799600,1.230049,-0.254530,-0.000318,0.001178,-0.001448,0.000025,-0.000351,0.000399,-0.001362
35.778977,0.731170,0.290495,-0.730704,0.862985,1.129824,0.314239,0.469416,0.537045,-0.542014,-0.359164,0.554454,0.627677,0.232523,0.265816,0.088196,0.611676,-0.433532,-1.048233,-0.799602,1.230046,-0.254522,-0.001231,0.000072,-0.000045,-0.002206,-0.000597,-0.000026,0.001560
35.779962,0.728731,0.290926,-0.733129,0.864069,1.130936,0.313252,0.468678,0.543284,-0.547957,-0.356735,0.558676,0.627617,0.232833,0.265764,0.088195,0.611672,-0.433538,-1.048231,-0.799601,1.230045,-0.254529,-0.001102,-0.001728,-0.001859,-0.000565,-0.000075,-0.000752,-0.001376
35.780929,0.730647,0.288744,-0.732946,0.863009,1.130569,0.313559,0.468183,0.550274,-0.546450,-0.352747,0.559615,0.627892,0.233174,0.265720,0.088198,0.611671,-0.433537,-1.048234,-0.799604,1.230045,-0.254525,0.000090,-0.001906,-0.000628,-0.001583,-0.001170,0.000250,0.000129
35.781987,0.730334,0.287841,-0.730810,0.862059,1.129756,0.314029,0.468998,0.555344,-0.539350,-0.348981,0.557554,0.628325,0.233395,0.265691,0.088197,0.611673,-0.433537,-1.048233,-0.799603,1.230045,-0.254522,-0.000867,-0.000828,-0.000730,-0.000546,-0.000803,-0.000070,0.001102
35.782974,0.731164,0.288116,-0.733971,0.861553,1.129955,0.313978,0.468543,0.559122,-0.531437,-0.345835,0.554753,0.628775,0.233494,0.265683,0.088196,0.611673,-0.433541,-1.048231,-0.799599,1.230045,-0.254527,-0.000700,-0.000386,-0.001763,0.000353,-0.000025,-0.000542,-0.000537
35.783982,0.729367,0.286737,-0.733994,0.861907,1.130597,0.314521,0.468414,0.562757,-0.523742,-0.342801,0.551770,0.629261,0.233497,0.265693,0.088195,0.611673,-0.433539,-1.048229,-0.799601,1.230045,-0.254526,-0.001100,-0.000529,-0.000174,0.000812,-0.000212,-0.000486,0.000397
35.784995,0.730014,0.288776,-0.731563,0.862000,1.128933,0.314549,0.468170,0.564294,-0.517432,-0.341171,0.548831,0.629619,0.233340,0.265727,0.088196,0.611673,-0.433540,-1.048229,-0.799604,1.230045,-0.254523,-0.000209,0.000167,-0.000169,0.000450,-0.000829,-0.001030,0.000636
35.785920,0.734889,0.289173,-0.730838,0.862734,1.129533,0.314901,0.468884,0.563324,-0.512961,-0.341257,0.546235,0.629792,0.233060,0.265770,0.088194,0.611671,-0.433544,-1.048229,-0.799599,1.230044,-0.254521,-0.000519,-0.000843,-0.001346,0.000359,0.000805,-0.001047,0.001117
35.786965,0.730059,0.288467,-0.731819,0.862723,1.129205,0.314268,0.468879,0.565427,-0.507633,-0.339530,0.543931,0.630109,0.232939,0.265796,0.088188,0.611671,-0.433547,-1.048231,-0.799599,1.230045,-0.254523,-0.002903,-0.001031,-0.001670,-0.000338,0.000187,-0.001408,-0.000319
35.787979,0.732270,0.288912,-0.734385,0.861629,1.129250,0.314441,0.468873,0.573252,-0.501003,-0.334454,0.542301,0.630692,0.233100,0.265789,0.088193,0.611671,-0.433547,-1.048231,-0.799601,1.230045,-0.254523,-0.000503,-0.000672,-0.001168,-0.000320,0.000539,-0.000765,-0.000294
35.788986,0.732032,0.288567,-0.732865,0.860787,1.130558,0.312796,0.469056,0.581065,-0.494855,-0.329499,0.540993,0.631227,0.233273,0.265756,0.088192,0.611671,-0.433546,-1.048229,-0.799601,1.230044,-0.254523,-0.001623,-0.000901,0.000107,0.000742,0.000492,-0.000941,-0.000284
35.790025,0.729877,0.286459,-0.731667,0.862757,1.129307,0.313558,0.468675,0.586189,-0.488364,-0.326009,0.538810,0.631660,0.233267,0.265710,0.088190,0.611669,-0.433551,-1.048227,-0.799605,1.230048,-0.254524,-0.001474,-0.000707,-0.000617,0.001531,-0.000787,0.000693,-0.000650
35.791030,0.729750,0.284668,-0.729105,0.862893,1.129732,0.313055,0.468311,0.589523,-0.482893,-0.323695,0.536537,0.631993,0.233116,0.265666,0.088192,0.611671,-0.433551,-1.048231,-0.799603,1.230045,-0.254521,-0.000406,0.000337,-0.001203,-0.000373,0.000467,-0.000070,0.000109
35.791944,0.729540,0.287927,-0.732343,0.862607,1.129181,0.312427,0.468944,0.591186,-0.483525,-0.323278,0.536922,0.632022,0.232926,0.265637,0.088192,0.611672,-0.433556,-1.048231,-0.799604,1.230046,-0.254521,-0.000350,0.001212,-0.002440,-0.000491,0.000034,0.000440,0.000837
35.792932,0.728624,0.285354,-0.730425,0.861860,1.131560,0.312382,0.468333,0.591470,-0.489740,-0.324496,0.539890,0.631773,0.232733,0.265624,0.088192,0.611669,-0.433553,-1.048231,-0.799600,1.230049,-0.254523,-0.000245,-0.000397,-0.000826,-0.000201,0.000563,0.001047,-0.000440
35.794053,0.729264,0.288561,-0.729456,0.862851,1.131043,0.312781,0.468023,0.589631,-0.496732,-0.326989,0.542841,0.631414,0.232434,0.265613,0.088193,0.611672,-0.433555,-1.048229,-0.799605,1.230048,-0.254519,0.000196,0.000874,-0.001781,0.000508,-0.001798,0.001095,0.000794
35.795032,0.727214,0.285977,-0.731268,0.862274,1.128670,0.312753,0.468445,0.586698,-0.501970,-0.329758,0.544688,0.631114,0.232061,0.265584,0.088191,0.611669,-0.433558,-1.048231,-0.799606,1.230046,-0.254516,-0.000105,-0.000713,-0.002230,-0.000458,-0.001245,0.000703,0.001395
35.795947,0.728491,0.289112,-0.729765,0.861927,1.129746,0.313655,0.468078,0.583267,-0.505206,-0.332457,0.545560,0.630896,0.231691,0.265505,0.088194,0.611672,-0.433556,-1.048231,-0.799600,1.230045,-0.254517,0.000895,0.000562,-0.001328,0.000135,0.001092,0.000741,0.000539
35.797028,0.729977,0.285208,-0.729454,0.861981,1.130623,0.312241,0.469099,0.578158,-0.506476,-0.335782,0.545287,0.630681,0.231294,0.265356,0.088193,0.611667,-0.433560,-1.048229,-0.799600,1.230045,-0.254516,0.000260,-0.000968,-0.002048,0.000436,-0.000026,-0.000169,0.001287
35.798008,0.729679,0.284907,-0.728659,0.861849,1.131071,0.312757,0.469065,0.573910,-0.505637,-0.338262,0.544167,0.630593,0.230950,0.265146,0.088190,0.611672,-0.433562,-1.048229,-0.799602,1.230048,-0.254524,-0.000456,0.000959,-0.002185,0.000379,-0.000879,0.001250,-0.000752
35.798940,0.727731,0.287329,-0.730781,0.862867,1.130816,0.311603,0.468469,0.573205,-0.505754,-0.338865,0.544062,0.630646,0.230739,0.264911,0.088190,0.611673,-0.433564,-1.048227,-0.799603,1.230046,-0.254524,-0.000297,0.001074,-0.002551,0.000462,-0.001309,0.000723,-0.000663
35.799993,0.729332,0.287877,-0.727786,0.862085,1.131132,0.312132,0.468616,0.573873,-0.508068,-0.339018,0.545194,0.630687,0.230576,0.264698,0.088192,0.611670,-0.433563,-1.048229,-0.799601,1.230050,-0.254519,0.000666,-0.000115,-0.001493,-0.000517,-0.001069,0.001875,0.000519
35.800977,0.730280,0.288638,-0.729589,0.861684,1.128983,0.311911,0.468260,0.574148,-0.508985,-0.339163,0.545611,0.630764,0.230394,0.264527,0.088190,0.611670,-0.433570,-1.048229,-0.799604,1.230046,-0.254520,-0.000131,-0.000376,-0.002934,0.000283,-0.001361,0.001352,0.000213
35.801997,0.727397,0.285753,-0.729296,0.861565,1.129885,0.311885,0.468272,0.575987,-0.505463,-0.337742,0.544163,0.631094,0.230251,0.264397,0.088188,0.611670,-0.433569,-1.048229,-0.799598,1.230045,-0.254517,-0.000581,-0.000755,-0.002019,0.000681,0.000757,0.001585,0.000925
35.803066,0.728850,0.289223,-0.728624,0.863109,1.129212,0.312184,0.468189,0.578326,-0.499384,-0.335672,0.541453,0.631554,0.230098,0.264299,0.088192,0.611674,-0.433571,-1.048229,-0.799603,1.230045,-0.254517,0.000838,0.000658,-0.002146,0.000796,-0.000128,0.001607,0.000894
35.803980,0.731154,0.286278,-0.728511,0.862585,1.128195,0.312332,0.468090,0.578824,-0.493989,-0.334777,0.538721,0.631894,0.229884,0.264214,0.088190,0.611671,-0.433574,-1.048233,-0.799603,1.230045,-0.254516,0.000111,-0.001069,-0.002453,-0.000670,0.000562,0.001304,0.001058
35.804971,0.728237,0.288037,-0.732536,0.861153,1.129569,0.312408,0.469045,0.580465,-0.489583,-0.333456,0.536917,0.632204,0.229779,0.264124,0.088188,0.611674,-0.433576,-1.048233,-0.799600,1.230045,-0.254516,-0.001025,0.000393,-0.002478,-0.000125,0.001552,0.001159,0.001256
35.806072,0.730312,0.287445,-0.729073,0.862428,1.128162,0.313031,0.468609,0.583169,-0.486173,-0.331757,0.535913,0.632491,0.229739,0.264014,0.088192,0.611672,-0.433573,-1.048227,-0.799605,1.230045,-0.254521,0.000418,-0.000489,-0.000481,0.001188,0.000208,0.001088,-0.000658
35.807044,0.731830,0.288548,-0.729397,0.862480,1.128779,0.312753,0.468598,0.583953,-0.483054,-0.331210,0.534617,0.632693,0.229609,0.263890,0.088190,0.611674,-0.433578,-1.048231,-0.799600,1.230045,-0.254520,-0.000623,-0.000202,-0.002196,-0.000031,0.001587,0.000459,0.000241
35.808065,0.729481,0.288648,-0.729073,0.863074,1.127963,0.312467,0.468321,0.586238,-0.479426,-0.329777,0.533419,0.632986,0.229575,0.263786,0.088188,0.611672,-0.433579,-1.048231,-0.799600,1.230046,-0.254521,-0.001359,-0.000741,-0.002005,-0.000075,0.000951,0.000737,0.000256
35.809057,0.726097,0.289463,-0.730436,0.861753,1.128180,0.312773,0.468097,0.591953,-0.475250,-0.326398,0.532785,0.633425,0.229742,0.263735,0.088190,0.611672,-0.433580,-1.048233,-0.799601,1.230046,-0.254520,-0.000186,-0.000786,-0.002159,-0.000626,0.001789,0.001022,0.000814
35.810044,0.730463,0.287726,-0.730199,0.862653,1.129396,0.314184,0.467946,0.595376,-0.470271,-0.324221,0.531450,0.633768,0.229860,0.263743,0.088195,0.611671,-0.433578,-1.048229,-0.799600,1.230046,-0.254519,0.001445,-0.001176,-0.001487,0.000620,0.001552,0.000714,0.001253
35.810937,0.727990,0.288208,-0.728640,0.862915,1.128731,0.313042,0.467993,0.594116,-0.465125,-0.324666,0.529169,0.633910,0.229820,0.263802,0.088190,0.611672,-0.433580,-1.048231,-0.799604,1.230044,-0.254517,-0.000710,-0.000316,-0.001590,-0.000259,0.000367,-0.000697,0.001549
35.811991,0.729927,0.287692,-0.730534,0.862216,1.130317,0.312948,0.468186,0.592295,-0.461697,-0.325739,0.527672,0.633961,0.229806,0.263891,0.088194,0.611671,-0.433584,-1.048231,-0.799599,1.230048,-0.254516,0.000515,-0.000547,-0.002325,-0.000516,0.000998,0.000446,0.001446
35.812966,0.732374,0.284566,-0.730422,0.860771,1.129903,0.313876,0.468770,0.591467,-0.460352,-0.326611,0.527412,0.633973,0.229855,0.263979,0.088192,0.611671,-0.433585,-1.048230,-0.799602,1.230048,-0.254516,-0.000449,-0.000285,-0.001352,0.000177,-0.000579,0.000529,0.001058
35.814052,0.728456,0.287355,-0.731732,0.863681,1.130227,0.313490,0.468423,0.592106,-0.461091,-0.326984,0.528232,0.633987,0.229910,0.264038,0.088189,0.611674,-0.433586,-1.048227,-0.799599,1.230045,-0.254519,-0.001648,0.001250,-0.001406,0.001547,-0.000172,-0.000391,-0.000108
35.815017,0.731398,0.286081,-0.731101,0.862621,1.128524,0.313660,0.468559,0.593933,-0.465181,-0.327229,0.530714,0.633928,0.229968,0.264062,0.088195,0.611671,-0.433585,-1.048233,-0.799602,1.230046,-0.254517,0.000272,-0.000133,-0.000762,-0.001258,-0.000472,0.000001,0.000598
35.816013,0.730200,0.287906,-0.732716,0.864140,1.130065,0.312615,0.469186,0.594887,-0.472299,-0.328498,0.534665,0.633667,0.230013,0.264054,0.088190,0.611674,-0.433586,-1.048231,-0.799599,1.230048,-0.254516,-0.001165,0.000483,-0.001064,-0.000208,0.001220,-0.000185,0.000314
35.817064,0.732016,0.285023,-0.727753,0.862475,1.130734,0.312466,0.468674,0.595494,-0.480688,-0.330252,0.539463,0.633283,0.230063,0.264028,0.088193,0.611672,-0.433585,-1.048234,-0.799603,1.230046,-0.254521,-0.000587,-0.000424,-0.000263,-0.001659,-0.000315,0.000886,-0.000929
35.818059,0.730602,0.288962,-0.732919,0.863439,1.130327,0.313118,0.468539,0.597831,-0.489040,-0.331073,0.544702,0.632978,0.230160,0.264016,0.088190,0.611676,-0.433593,-1.048231,-0.799603,1.230043,-0.254520,-0.001471,0.001002,-0.002675,-0.000056,-0.000974,0.001040,0.000110
35.819044,0.729040,0.287520,-0.733379,0.863555,1.130269,0.313585,0.467939,0.602361,-0.495675,-0.330375,0.549489,0.632894,0.230315,0.264053,0.088192,0.611673,-0.433587,-1.048233,-0.799603,1.230043,-0.254518,-0.000771,-0.000974,-0.000124,-0.000995,-0.000561,0.000381,0.000368
35.819945,0.727237,0.287608,-0.731898,0.863173,1.130854,0.312695,0.469078,0.604928,-0.499745,-0.330388,0.552725,0.632844,0.230419,0.264137,0.088194,0.611676,-0.433587,-1.048233,-0.799603,1.230045,-0.254515,-0.000014,-0.000256,0.000082,-0.001104,-0.000506,-0.000093,0.001565
35.820953,0.730583,0.285964,-0.730389,0.862411,1.131724,0.314163,0.468546,0.601685,-0.502750,-0.333529,0.554438,0.632582,0.230345,0.264234,0.088195,0.611676,-0.433589,-1.048233,-0.799603,1.230046,-0.254520,0.000868,-0.000310,-0.000639,-0.000716,-0.001097,0.000801,-0.000730
35.821980,0.726919,0.286507,-0.725331,0.861030,1.129765,0.314333,0.468970,0.595446,-0.505442,-0.338288,0.555290,0.632251,0.230163,0.264322,0.088192,0.611678,-0.433591,-1.048231,-0.799602,1.230044,-0.254517,-0.000786,0.000499,-0.001366,-0.000000,-0.001978,-0.000676,0.000356
35.822988,0.723677,0.286234,-0.724911,0.859993,1.128926,0.314431,0.469706,0.591178,-0.506604,-0.341631,0.555474,0.632144,0.230055,0.264400,0.088193,0.611678,-0.433596,-1.048229,-0.799600,1.230045,-0.254518,0.000487,-0.000119,-0.002786,0.000288,-0.001220,-0.000543,-0.000257
35.824012,0.723404,0.283774,-0.719353,0.859091,1.125237,0.315161,0.469111,0.587906,-0.505032,-0.343872,0.554263,0.632236,0.229989,0.264461,0.088197,0.611678,-0.433592,-1.048231,-0.799603,1.230045,-0.254518,0.001171,-0.000501,-0.001338,-0.000281,-0.002240,-0.000184,-0.001341
35.824948,0.725379,0.285843,-0.717507,0.856747,1.123325,0.315387,0.469980,0.583344,-0.502482,-0.346590,0.552263,0.632286,0.229890,0.264511,0.088195,0.611680,-0.433596,-1.048233,-0.799598,1.230045,-0.254515,0.000401,0.000187,-0.002405,-0.000996,-0.000471,-0.000455,0.000260
35.826021,0.721359,0.282516,-0.715415,0.854756,1.121583,0.316326,0.469589,0.581320,-0.499516,-0.347792,0.550600,0.632392,0.229912,0.264569,0.088190,0.611676,-0.433596,-1.048231,-0.799598,1.230046,-0.254517,-0.001364,-0.001309,-0.001756,-0.000212,-0.000318,-0.000255,-0.001140
35.826996,0.717772,0.282557,-0.713341,0.851823,1.119153,0.316970,0.469857,0.583657,-0.494410,-0.346225,0.548707,0.632704,0.230079,0.264634,0.088192,0.611680,-0.433595,-1.048231,-0.799597,1.230047,-0.254517,-0.000298,-0.000221,-0.001042,0.000029,-0.000577,-0.000717,0.000084
35.828011,0.718565,0.277034,-0.710067,0.852673,1.117961,0.317820,0.470081,0.584855,-0.488210,-0.345133,0.545847,0.632970,0.230137,0.264696,0.088194,0.611677,-0.433594,-1.048227,-0.799600,1.230046,-0.254518,0.000606,-0.000724,-0.000472,0.001292,0.000074,-0.000907,-0.000082
35.829011,0.712426,0.277123,-0.707040,0.850493,1.116598,0.318239,0.469191,0.582153,-0.485305,-0.346775,0.543616,0.632903,0.230013,0.264753,0.088190,0.611682,-0.433596,-1.048233,-0.799599,1.230045,-0.254517,-0.000662,0.001476,-0.000412,-0.001101,-0.000640,-0.001294,-0.000139
35.829875,0.711279,0.277962,-0.704978,0.848334,1.113356,0.319945,0.470804,0.576622,-0.490603,-0.351341,0.544791,0.632344,0.229827,0.264816,0.088197,0.611681,-0.433595,-1.048231,-0.799603,1.230045,-0.254510,0.001473,0.000906,-0.000287,-0.000553,-0.001091,-0.001256,0.002022
35.830921,0.711136,0.276450,-0.700959,0.847905,1.112650,0.319724,0.470177,0.566595,-0.501242,-0.359247,0.547708,0.631362,0.229521,0.264877,0.088197,0.611678,-0.433595,-1.048229,-0.799601,1.230041,-0.254516,0.001252,0.000067,0.000112,0.000148,0.000546,-0.002559,-0.000897
35.832013,0.708349,0.276576,-0.698011,0.845102,1.110013,0.319236,0.470398,0.553595,-0.511463,-0.368691,0.549878,0.630270,0.229134,0.264924,0.088195,0.611680,-0.433595,-1.048233,-0.799605,1.230046,-0.254513,0.000408,0.000269,-0.000166,-0.001056,-0.000681,-0.001868,0.000796
35.833093,0.708173,0.274446,-0.692204,0.843883,1.108471,0.318815,0.471125,0.541588,-0.519715,-0.377238,0.551342,0.629310,0.228795,0.264954,0.088197,0.611677,-0.433594,-1.048231,-0.799602,1.230046,-0.254511,0.000826,-0.000327,0.000153,-0.000048,-0.000082,-0.000882,0.000753
35.833993,0.706523,0.272773,-0.689176,0.840922,1.107745,0.318834,0.471020,0.532294,-0.525218,-0.383823,0.551951,0.628621,0.228510,0.264942,0.088195,0.611678,-0.433596,-1.048231,-0.799602,1.230048,-0.254513,-0.000036,0.000175,-0.000954,-0.000595,-0.000557,0.000018,-0.000285
35.834998,0.704424,0.272132,-0.687211,0.840812,1.103650,0.318944,0.472203,0.527380,-0.528302,-0.387549,0.552004,0.628293,0.228300,0.264873,0.088195,0.611680,-0.433596,-1.048227,-0.799603,1.230049,-0.254511,0.000001,0.000522,-0.000969,0.000818,-0.001499,0.000398,0.000280
35.835932,0.701671,0.269990,-0.684101,0.838498,1.102294,0.319993,0.471777,0.525919,-0.530455,-0.389190,0.552004,0.628208,0.228133,0.264754,0.088195,0.611678,-0.433594,-1.048231,-0.799597,1.230051,-0.254517,0.000160,0.000335,-0.000301,-0.000648,0.000703,0.000734,-0.001699
35.837001,0.700022,0.273672,-0.681438,0.838211,1.101710,0.319107,0.471608,0.522000,-0.536570,-0.393487,0.552623,0.627850,0.227672,0.264470,0.088197,0.611676,-0.433594,-1.048233,-0.799601,1.230050,-0.254513,0.000563,-0.001464,0.000125,-0.001257,-0.001076,0.001496,0.000279
35.838024,0.698263,0.270778,-0.678743,0.835265,1.099658,0.319522,0.472610,0.518429,-0.535655,-0.395999,0.550887,0.627683,0.227352,0.264362,0.088197,0.611678,-0.433592,-1.048231,-0.799599,1.230050,-0.254517,0.000537,-0.000533,0.000445,0.000000,-0.000924,0.001534,-0.001337
35.838994,0.696589,0.268352,-0.675426,0.833718,1.096875,0.320945,0.471245,0.513994,-0.532573,-0.398708,0.547966,0.627533,0.226966,0.264289,0.088197,0.611680,-0.433592,-1.048231,-0.799598,1.230044,-0.254508,0.000513,0.000152,0.000388,-0.000044,0.000056,0.000580,0.001782
35.839923,0.695011,0.270323,-0.668704,0.831361,1.094430,0.321194,0.472617,0.510054,-0.528196,-0.400966,0.544444,0.627459,0.226604,0.264254,0.088197,0.611676,-0.433596,-1.048229,-0.799598,1.230046,-0.254516,0.000479,-0.001290,-0.001407,0.000767,0.000770,0.000752,-0.000627
35.841031,0.693238,0.266640,-0.668357,0.830215,1.092835,0.320979,0.471985,0.510054,-0.528196,-0.400966,0.544444,0.627459,0.226604,0.264254,0.088197,0.611676,-0.433596,-1.048229,-0.799598,1.230046,-0.254516,0.000479,-0.001290,-0.001407,0.000767,0.000770,0.000752,-0.000627
35.841975,0.690696,0.262948,-0.662606,0.828624,1.090514,0.321471,0.472417,0.508003,-0.521250,-0.401767,0.539979,0.627592,0.226340,0.264252,0.088197,0.611680,-0.433592,-1.048231,-0.799602,1.230049,-0.254513,0.000384,-0.000039,0.000241,0.000140,0.000334,0.001459,0.001094
35.842912,0.690418,0.262984,-0.661321,0.826910,1.088764,0.323100,0.472735,0.506533,-0.516723,-0.402638,0.536736,0.627683,0.226119,0.264285,0.088199,0.611685,-0.433596,-1.048231,-0.799599,1.230050,-0.254511,0.000802,0.001253,-0.001054,0.000200,0.000880,0.001380,0.000569
35.844005,0.687204,0.266337,-0.658973,0.826196,1.087459,0.324244,0.472910,0.505145,-0.518349,-0.404433,0.536432,0.627569,0.225933,0.264339,0.088199,0.611684,-0.433594,-1.048231,-0.799600,1.230048,-0.254510,0.000100,0.000745,-0.000145,0.000391,0.000894,0.000182,0.000292
35.844940,0.687416,0.260712,-0.653624,0.823168,1.085517,0.324039,0.473483,0.503488,-0.522571,-0.407435,0.536983,0.627366,0.225791,0.264399,0.088199,0.611682,-0.433594,-1.048229,-0.799601,1.230048,-0.254513,-0.000198,0.000886,-0.000659,0.000804,0.000389,0.000181,-0.000413
35.845945,0.685800,0.263452,-0.648663,0.821857,1.083484,0.323958,0.473635,0.505799,-0.521494,-0.406559,0.536433,0.627557,0.225882,0.264392,0.088199,0.611677,-0.433596,-1.048229,-0.799600,1.230046,-0.254514,-0.000271,-0.000981,-0.001451,0.000462,0.000547,0.000733,-0.000314
35.846992,0.685311,0.260648,-0.646075,0.820366,1.082410,0.325235,0.474000,0.505799,-0.521494,-0.406559,0.536433,0.627557,0.225882,0.264392,0.088199,0.611677,-0.433596,-1.048229,-0.799600,1.230046,-0.254514,-0.000271,-0.000981,-0.001451,0.000462,0.000547,0.000733,-0.000314
35.847993,0.683034,0.261515,-0.641464,0.819689,1.080813,0.324838,0.473859,0.523848,-0.511492,-0.395731,0.534145,0.628870,0.226629,0.264346,0.088199,0.611677,-0.433597,-1.048231,-0.799599,1.230049,-0.254515,-0.000699,-0.001066,-0.001638,-0.000665,-0.000606,0.000770,0.000043
35.848914,0.678777,0.257694,-0.643328,0.817379,1.079307,0.326469,0.473826,0.523848,-0.511492,-0.395731,0.534145,0.628870,0.226629,0.264346,0.088199,0.611677,-0.433597,-1.048231,-0.799599,1.230049,-0.254515,-0.000699,-0.001066,-0.001638,-0.000665,-0.000606,0.000770,0.000043
35.850091,0.681080,0.257987,-0.640491,0.815200,1.075850,0.328342,0.474229,0.534400,-0.506447,-0.389288,0.533485,0.629550,0.227133,0.264344,0.088203,0.611681,-0.433592,-1.048229,-0.799599,1.230046,-0.254513,0.000577,0.000343,0.000781,0.000121,-0.000806,-0.000449,0.000454
35.850995,0.677483,0.260521,-0.633494,0.814514,1.075726,0.328297,0.473931,0.540054,-0.504609,-0.386022,0.533498,0.629847,0.227482,0.264368,0.088197,0.611680,-0.433591,-1.048229,-0.799598,1.230044,-0.254513,-0.001588,-0.000415,0.001284,0.000379,0.000468,-0.001774,0.000095
35.851917,0.673245,0.258620,-0.635007,0.812393,1.073738,0.327481,0.473905,0.544079,-0.502340,-0.383570,0.533062,0.630053,0.227817,0.264415,0.088199,0.611676,-0.433597,-1.048231,-0.799602,1.230047,-0.254512,-0.000580,-0.002115,-0.000669,-0.000374,-0.001083,-0.001317,0.001052
35.853049,0.670726,0.256276,-0.628490,0.811669,1.071504,0.327861,0.474538,0.546917,-0.495551,-0.381014,0.530325,0.630366,0.228133,0.264482,0.088203,0.611676,-0.433592,-1.048229,-0.799602,1.230050,-0.254508,0.000676,-0.001620,0.001589,0.000218,-0.000786,-0.000090,0.001437
35.854032,0.667774,0.256340,-0.625466,0.810658,1.067462,0.328467,0.475334,0.544031,-0.487729,-0.381445,0.526061,0.630462,0.228207,0.264548,0.088203,0.611678,-0.433594,-1.048231,-0.799603,1.230046,-0.254508,0.000918,-0.001052,0.000189,-0.000873,-0.000638,0.000055,0.000599
35.854955,0.669729,0.252596,-0.623486,0.807769,1.066405,0.328380,0.475862,0.535788,-0.482903,-0.385314,0.522408,0.630183,0.228076,0.264591,0.088205,0.611674,-0.433595,-1.048233,-0.799599,1.230045,-0.254514,0.001511,-0.001559,0.000336,-0.001407,0.001551,-0.000100,-0.000593
35.855968,0.665993,0.252960,-0.619459,0.805199,1.065537,0.329448,0.475495,0.525599,-0.481791,-0.390827,0.520375,0.629641,0.227878,0.264612,0.088201,0.611678,-0.433595,-1.048229,-0.799599,1.230046,-0.254516,-0.000265,-0.000190,0.000883,-0.000094,0.000866,0.000406,-0.001277
35.856918,0.666879,0.250920,-0.617491,0.806839,1.061936,0.329512,0.475678,0.515947,-0.483098,-0.396345,0.519478,0.629020,0.227640,0.264644,0.088205,0.611676,-0.433597,-1.048227,-0.799601,1.230048,-0.254512,0.000687,-0.000896,0.000562,0.000774,-0.000129,-0.000222,-0.000148
35.857990,0.663294,0.249226,-0.612806,0.802305,1.061807,0.328138,0.475910,0.508118,-0.486204,-0.401034,0.519689,0.628384,0.227428,0.264704,0.088200,0.611678,-0.433594,-1.048237,-0.799596,1.230047,-0.254511,-0.000558,-0.000375,0.001115,-0.002213,0.001681,0.000160,-0.000165
35.859048,0.660520,0.247329,-0.611325,0.801227,1.058610,0.329701,0.475246,0.502606,-0.492315,-0.404854,0.521862,0.627675,0.227296,0.264781,0.088201,0.611678,-0.433592,-1.048230,-0.799602,1.230049,-0.254511,0.000287,-0.000089,0.000511,0.000463,-0.000157,0.002024,-0.000212
35.859956,0.660524,0.246004,-0.603423,0.797643,1.056080,0.330039,0.475565,0.497042,-0.500769,-0.409026,0.524986,0.626867,0.227097,0.264864,0.088203,0.611678,-0.433589,-1.048231,-0.799601,1.230046,-0.254506,0.000714,0.000310,0.001504,-0.000182,0.001097,0.000932,0.001524
35.861040,0.657697,0.246944,-0.600789,0.798969,1.056007,0.331159,0.475921,0.490748,-0.509514,-0.413596,0.527757,0.626061,0.226801,0.264944,0.088201,0.611680,-0.433595,-1.048225,-0.799597,1.230049,-0.254505,-0.000084,0.000482,-0.000908,0.001811,0.001898,0.001002,0.001214
35.861975,0.655647,0.245851,-0.595667,0.796215,1.054399,0.330487,0.476313,0.487308,-0.516329,-0.416197,0.529931,0.625494,0.226614,0.264990,0.088203,0.611678,-0.433593,-1.048233,-0.799600,1.230048,-0.254506,0.000360,-0.000535,-0.000420,-0.001145,-0.000039,0.000373,0.000926
35.862930,0.655591,0.247026,-0.596029,0.795376,1.052702,0.331704,0.477064,0.487613,-0.520148,-0.416140,0.531456,0.625211,0.226632,0.264970,0.088203,0.611678,-0.433597,-1.048229,-0.799600,1.230050,-0.254507,0.000554,-0.000460,-0.001408,0.000037,-0.000149,0.001476,0.000504
35.863981,0.652991,0.245688,-0.591583,0.792915,1.050868,0.332438,0.476902,0.490216,-0.520306,-0.414132,0.531832,0.625157,0.226785,0.264875,0.088201,0.611676,-0.433593,-1.048231,-0.799600,1.230049,-0.254510,-0.000253,-0.001532,0.000341,-0.000654,-0.000226,0.000679,-0.000622
35.864930,0.653085,0.243455,-0.590314,0.792150,1.046535,0.333172,0.476963,0.493960,-0.516099,-0.410747,0.530470,0.625299,0.227003,0.264725,0.088203,0.611676,-0.433595,-1.048229,-0.799602,1.230049,-0.254508,0.000101,-0.001394,-0.000151,0.000068,-0.000326,0.000429,0.000121
35.865951,0.649187,0.242213,-0.589868,0.789140,1.047143,0.333460,0.477340,0.497995,-0.510033,-0.406912,0.528424,0.625483,0.227262,0.264553,0.088200,0.611676,-0.433593,-1.048231,-0.799596,1.230048,-0.254505,-0.000758,-0.000763,0.000776,-0.000674,0.002208,0.000130,0.000350
35.867013,0.646510,0.240464,-0.582092,0.788621,1.044689,0.334156,0.476914,0.500165,-0.505836,-0.404479,0.526985,0.625452,0.227462,0.264379,0.088201,0.611676,-0.433589,-1.048225,-0.799602,1.230049,-0.254508,0.000287,-0.000675,0.002201,0.000559,-0.000285,0.000307,-0.000004
35.867947,0.649090,0.241157,-0.580188,0.786185,1.044445,0.335055,0.476778,0.498243,-0.504619,-0.404857,0.526127,0.625089,0.227501,0.264211,0.088203,0.611676,-0.433594,-1.048228,-0.799599,1.230049,-0.254506,0.000659,-0.000347,0.000104,-0.000602,0.000194,0.000090,0.001269
35.868953,0.641549,0.239875,-0.575466,0.785235,1.041024,0.335669,0.476832,0.496047,-0.504369,-0.405548,0.525589,0.624683,0.227548,0.264049,0.088197,0.611674,-0.433592,-1.048227,-0.799603,1.230045,-0.254507,-0.001417,-0.001164,0.000702,0.000294,-0.001277,-0.000362,0.001900
35.870032,0.642869,0.236410,-0.572114,0.783021,1.039295,0.336851,0.477413,0.496069,-0.502591,-0.404738,0.524691,0.624458,0.227711,0.263884,0.088204,0.611674,-0.433594,-1.048229,-0.799598,1.230046,-0.254507,0.001425,-0.001033,0.000014,-0.000356,0.000259,-0.000519,0.002177
35.870954,0.639675,0.233897,-0.569656,0.782414,1.037226,0.336848,0.478395,0.495435,-0.500929,-0.404264,0.523704,0.624219,0.227889,0.263704,0.088201,0.611676,-0.433594,-1.048229,-0.799600,1.230044,-0.254507,-0.000195,0.000127,0.000133,0.000113,-0.000021,-0.001203,0.001421
35.871934,0.640958,0.236080,-0.568401,0.780325,1.037130,0.337828,0.478674,0.493825,-0.503894,-0.405022,0.524762,0.623748,0.228070,0.263510,0.088204,0.611678,-0.433594,-1.048231,-0.799598,1.230048,-0.254509,0.000568,0.000883,0.000431,-0.000749,0.000328,-0.000794,-0.000184
35.873047,0.638342,0.234005,-0.560168,0.778425,1.034190,0.338066,0.479334,0.492481,-0.511198,-0.406291,0.528013,0.623090,0.228285,0.263307,0.088201,0.611674,-0.433593,-1.048231,-0.799601,1.230046,-0.254507,-0.000923,-0.000694,0.001415,-0.000231,-0.001385,-0.001324,-0.000356
35.874031,0.637749,0.235373,-0.555842,0.775768,1.032821,0.338410,0.479095,0.493669,-0.517477,-0.405944,0.531307,0.622570,0.228599,0.263111,0.088201,0.611674,-0.433599,-1.048230,-0.799600,1.230047,-0.254510,-0.000584,-0.000209,-0.000819,-0.000181,-0.000503,-0.001057,-0.001241
35.875153,0.633699,0.236032,-0.553262,0.774603,1.030043,0.338252,0.478601,0.500059,-0.518248,-0.401719,0.532861,0.622529,0.229087,0.262931,0.088199,0.611673,-0.433599,-1.048227,-0.799600,1.230046,-0.254507,-0.001145,-0.001412,-0.001332,0.000821,-0.000969,-0.000946,-0.000375
35.875986,0.632074,0.230669,-0.552604,0.772891,1.028666,0.337962,0.479260,0.510249,-0.510924,-0.393959,0.531112,0.623020,0.229669,0.262782,0.088201,0.611668,-0.433597,-1.048229,-0.799599,1.230047,-0.254506,-0.000122,-0.002257,-0.000780,0.000192,-0.000277,-0.000282,0.001046
35.876953,0.632875,0.229681,-0.548296,0.773057,1.026688,0.339430,0.479472,0.519024,-0.499394,-0.386254,0.526997,0.623623,0.230129,0.262668,0.088201,0.611673,-0.433593,-1.048227,-0.799601,1.230050,-0.254508,-0.000057,-0.000036,0.000223,0.000506,-0.000433,0.000373,0.000037
35.877960,0.630119,0.229033,-0.545031,0.769517,1.024627,0.338131,0.479379,0.524932,-0.492318,-0.380885,0.524521,0.623897,0.230447,0.262578,0.088197,0.611674,-0.433594,-1.048233,-0.799600,1.230044,-0.254505,-0.001283,-0.000068,-0.000327,-0.001111,-0.000265,-0.000640,-0.000016
35.879029,0.625085,0.226326,-0.542490,0.767180,1.022327,0.339167,0.479220,0.530761,-0.491059,-0.376575,0.524919,0.623911,0.230757,0.262504,0.088197,0.611673,-0.433596,-1.048229,-0.799599,1.230049,-0.254502,-0.000780,-0.000262,-0.000262,0.000733,-0.000082,0.001118,0.000557
35.879991,0.626351,0.227301,-0.537966,0.765219,1.020720,0.339598,0.479926,0.534064,-0.492292,-0.374138,0.525885,0.623725,0.230898,0.262432,0.088201,0.611676,-0.433595,-1.048227,-0.799599,1.230045,-0.254501,0.000755,0.000518,0.000224,0.001267,0.000233,0.000569,0.001286
35.880940,0.626054,0.224860,-0.536884,0.764397,1.019188,0.340869,0.480763,0.532592,-0.493824,-0.374441,0.525761,0.623343,0.230756,0.262338,0.088197,0.611674,-0.433596,-1.048225,-0.799599,1.230047,-0.254503,-0.000716,-0.000463,-0.000443,0.001619,0.000050,0.000571,0.000234
35.881960,0.624159,0.220897,-0.529894,0.763488,1.016860,0.341111,0.480213,0.530754,-0.494303,-0.374826,0.524863,0.622983,0.230571,0.262215,0.088195,0.611676,-0.433594,-1.048227,-0.799600,1.230045,-0.254507,-0.001380,0.000258,0.000582,0.000928,-0.000175,-0.000266,-0.001057
35.883045,0.620110,0.222007,-0.530297,0.761481,1.015114,0.341999,0.480538,0.532179,-0.497071,-0.373836,0.525682,0.622637,0.230571,0.262089,0.088195,0.611681,-0.433600,-1.048229,-0.799599,1.230046,-0.254505,-0.001324,0.001666,-0.001183,0.000228,0.000259,-0.000038,0.000456
35.883966,0.618044,0.221762,-0.527317,0.760261,1.013063,0.342508,0.480949,0.535112,-0.504959,-0.372886,0.529357,0.622112,0.230720,0.261998,0.088198,0.611677,-0.433595,-1.048229,-0.799600,1.230048,-0.254505,-0.000289,0.000569,0.000788,0.000479,-0.000011,-0.000452,0.000209
35.884940,0.618914,0.221258,-0.520309,0.759369,1.012080,0.342453,0.480637,0.534980,-0.514818,-0.374004,0.533562,0.621328,0.230805,0.261957,0.088199,0.611676,-0.433595,-1.048229,-0.799599,1.230045,-0.254506,-0.000086,0.000235,0.000797,0.000195,0.000328,-0.000520,-0.000251
35.886048,0.616804,0.222471,-0.518526,0.757723,1.009321,0.344061,0.481452,0.533267,-0.523070,-0.375769,0.536918,0.620501,0.230870,0.261968,0.088195,0.611677,-0.433600,-1.048231,-0.799600,1.230047,-0.254504,-0.001360,-0.000031,-0.001043,-0.000459,-0.000496,-0.000031,0.000755
35.886923,0.615144,0.222431,-0.515786,0.754494,1.007782,0.342805,0.480909,0.535443,-0.527196,-0.374700,0.539313,0.619988,0.231145,0.262037,0.088193,0.611676,-0.433597,-1.048233,-0.799599,1.230043,-0.254507,-0.001249,-0.001204,-0.000116,-0.000558,0.000206,-0.001128,-0.000455
35.887923,0.614467,0.220362,-0.514192,0.754704,1.006530,0.343547,0.481288,0.540848,-0.524410,-0.370720,0.539156,0.619885,0.231567,0.262159,0.088193,0.611674,-0.433596,-1.048226,-0.799599,1.230048,-0.254503,-0.001186,-0.001606,-0.000052,0.001094,0.000111,0.000525,0.000978
35.888931,0.610789,0.217183,-0.510099,0.751695,1.003940,0.343398,0.482113,0.546708,-0.515832,-0.365592,0.536258,0.620033,0.231965,0.262322,0.088192,0.611674,-0.433594,-1.048229,-0.799601,1.230045,-0.254502,-0.001737,-0.001079,0.000790,-0.000695,-0.000475,0.000238,0.000586
35.889935,0.610774,0.216932,-0.505764,0.750426,1.002047,0.344535,0.481850,0.551522,-0.507460,-0.361159,0.533174,0.620131,0.232276,0.262497,0.088194,0.611676,-0.433594,-1.048227,-0.799600,1.230045,-0.254504,-0.000796,-0.000030,0.000399,0.000650,0.000239,0.000854,-0.000675
35.890970,0.606804,0.211780,-0.499676,0.749076,0.999626,0.345585,0.482791,0.554795,-0.502272,-0.358163,0.531152,0.620065,0.232486,0.262655,0.088192,0.611674,-0.433594,-1.048229,-0.799600,1.230047,-0.254500,-0.001676,-0.000414,-0.000111,0.000318,0.000259,0.000149,0.000248
35.892021,0.606418,0.216606,-0.498313,0.747444,0.997478,0.345355,0.483356,0.558026,-0.501259,-0.355867,0.530958,0.619876,0.232695,0.262781,0.088194,0.611680,-0.433599,-1.048229,-0.799596,1.230043,-0.254503,-0.000609,0.001582,-0.001387,-0.000017,0.000730,-0.000407,-0.001244
35.893062,0.602028,0.210929,-0.496898,0.746070,0.996152,0.345740,0.483141,0.561711,-0.503694,-0.353828,0.532497,0.619598,0.232968,0.262859,0.088192,0.611672,-0.433598,-1.048229,-0.799597,1.230046,-0.254506,-0.001345,-0.001334,-0.000321,-0.000091,0.000929,0.000295,-0.001951
35.893951,0.600550,0.212654,-0.492281,0.744718,0.993250,0.347329,0.482821,0.563537,-0.506986,-0.352920,0.534175,0.619196,0.233204,0.262898,0.088196,0.611678,-0.433596,-1.048227,-0.799599,1.230049,-0.254503,-0.000094,0.000953,0.000670,-0.000446,0.000338,0.000363,-0.001113
35.894973,0.600107,0.213135,-0.489278,0.742965,0.992938,0.347581,0.483069,0.561034,-0.512221,-0.354695,0.536066,0.618501,0.233310,0.262933,0.088196,0.611676,-0.433598,-1.048227,-0.799596,1.230044,-0.254504,-0.000161,-0.000379,-0.000159,-0.000551,0.001577,-0.000807,-0.000124
35.896007,0.597730,0.212119,-0.486148,0.739937,0.991056,0.348930,0.483782,0.556316,-0.516881,-0.357539,0.537357,0.617704,0.233383,0.262989,0.088193,0.611675,-0.433598,-1.048229,-0.799600,1.230044,-0.254501,-0.000813,-0.001139,0.000040,-0.000411,-0.000005,-0.000579,-0.000248
35.896938,0.596873,0.210487,-0.482852,0.739708,0.987918,0.348663,0.483369,0.552318,-0.516160,-0.359018,0.536139,0.617148,0.233503,0.263072,0.088193,0.611674,-0.433598,-1.048225,-0.799600,1.230044,-0.254504,-0.000527,-0.001138,0.000186,0.000851,-0.000029,-0.001467,-0.001270
35.897971,0.592051,0.209089,-0.477425,0.737695,0.987508,0.349320,0.483522,0.549150,-0.511217,-0.359273,0.532880,0.616806,0.233643,0.263186,0.088191,0.611675,-0.433598,-1.048227,-0.799597,1.230046,-0.254500,-0.000907,-0.000819,0.000077,-0.000418,0.001363,-0.000774,-0.000075
35.898932,0.593092,0.205891,-0.477758,0.737309,0.984236,0.349980,0.483918,0.546215,-0.505738,-0.359248,0.529316,0.616496,0.233793,0.263333,0.088194,0.611676,-0.433600,-1.048227,-0.799599,1.230047,-0.254499,0.000566,-0.000662,-0.000914,-0.000061,-0.000151,-0.000976,0.000003
35.899930,0.592515,0.207714,-0.471655,0.733983,0.983579,0.350566,0.484140,0.542604,-0.503539,-0.360072,0.527182,0.616007,0.233942,0.263486,0.088190,0.611678,-0.433594,-1.048230,-0.799594,1.230048,-0.254499,-0.000787,0.000427,0.000801,-0.001195,0.001321,-0.001206,-0.000423
35.901028,0.589193,0.205542,-0.470286,0.732455,0.981759,0.350356,0.484535,0.540154,-0.504737,-0.360802,0.526865,0.615390,0.234154,0.263618,0.088188,0.611674,-0.433598,-1.048225,-0.799599,1.230044,-0.254499,-0.001347,-0.000981,-0.000582,0.000431,0.000142,-0.001314,-0.000475
35.901963,0.586137,0.202568,-0.464477,0.732029,0.979682,0.351623,0.484740,0.540360,-0.504896,-0.359922,0.526357,0.614902,0.234430,0.263725,0.088189,0.611674,-0.433594,-1.048227,-0.799598,1.230047,-0.254501,-0.000664,-0.000444,0.000524,0.000193,-0.000076,-0.000614,-0.000837
35.902989,0.583251,0.202277,-0.464181,0.728069,0.978343,0.351348,0.484930,0.540676,-0.505180,-0.359035,0.525756,0.614407,0.234672,0.263817,0.088191,0.611676,-0.433600,-1.048231,-0.799595,1.230044,-0.254502,0.000016,0.000540,-0.000789,-0.000819,0.000239,-0.001451,-0.000879
35.904061,0.582319,0.201680,-0.458230,0.727437,0.976865,0.352025,0.484876,0.538039,-0.508458,-0.360288,0.525923,0.613665,0.234777,0.263918,0.088193,0.611676,-0.433594,-1.048227,-0.799596,1.230047,-0.254502,0.000528,0.000141,0.000726,0.001420,-0.000328,-0.000708,-0.000858
35.905046,0.581646,0.198742,-0.454581,0.727276,0.975550,0.351425,0.484598,0.532008,-0.511908,-0.363436,0.525315,0.612776,0.234688,0.264052,0.088193,0.611676,-0.433597,-1.048230,-0.799597,1.230044,-0.254502,0.000033,-0.000114,-0.000466,0.000333,-0.000834,-0.000891,-0.000333
35.905938,0.582849,0.199597,-0.452284,0.725855,0.973662,0.351740,0.485342,0.526470,-0.515506,-0.366292,0.524843,0.611887,0.234595,0.264236,0.088191,0.611678,-0.433599,-1.048232,-0.799599,1.230047,-0.254499,-0.000483,0.000838,-0.000629,-0.001056,-0.001326,0.000155,0.000598
35.907044,0.577240,0.199943,-0.449496,0.722519,0.970329,0.352616,0.485150,0.525939,-0.521373,-0.366689,0.526671,0.611083,0.234728,0.264471,0.088187,0.611676,-0.433598,-1.048232,-0.799599,1.230048,-0.254500,-0.001842,-0.000048,-0.000311,-0.001069,-0.001086,0.000226,-0.000560
35.908053,0.577379,0.196641,-0.447094,0.720840,0.969680,0.352132,0.484744,0.529281,-0.526263,-0.364759,0.528978,0.610457,0.235017,0.264727,0.088190,0.611672,-0.433596,-1.048228,-0.799597,1.230048,-0.254499,-0.000022,-0.000741,0.000103,0.000381,0.000187,-0.000148,0.000267
35.908914,0.573011,0.196474,-0.444419,0.720321,0.967475,0.352660,0.484844,0.531717,-0.527786,-0.362790,0.529459,0.609936,0.235217,0.264973,0.088188,0.611675,-0.433595,-1.048227,-0.799601,1.230048,-0.254492,-0.000984,0.000371,0.000564,0.000387,-0.001023,0.000803,0.001448
35.909992,0.574080,0.194802,-0.438185,0.717113,0.964900,0.354107,0.485395,0.530913,-0.528896,-0.362555,0.529035,0.609316,0.235230,0.265179,0.088191,0.611675,-0.433595,-1.048231,-0.799598,1.230048,-0.254494,0.000418,-0.000003,0.000647,-0.000408,-0.000437,0.000656,0.001575
35.910941,0.568947,0.194318,-0.438097,0.715847,0.963583,0.354864,0.486376,0.528317,-0.530467,-0.363361,0.528472,0.608620,0.235157,0.265316,0.088188,0.611677,-0.433597,-1.048228,-0.799595,1.230048,-0.254496,-0.001055,0.000257,-0.000672,0.000991,0.000113,-0.000305,0.000894
35.911937,0.569624,0.193448,-0.434037,0.715364,0.961437,0.355228,0.485616,0.525135,-0.530894,-0.364239,0.527173,0.607961,0.235068,0.265377,0.088191,0.611677,-0.433595,-1.048226,-0.799597,1.230047,-0.254501,0.000658,-0.000005,0.000856,0.000648,-0.000323,-0.000619,-0.000690
35.913023,0.566635,0.189022,-0.431468,0.712806,0.960678,0.354085,0.486069,0.520340,-0.530894,-0.365891,0.525386,0.607230,0.234959,0.265388,0.088188,0.611678,-0.433597,-1.048227,-0.799598,1.230047,-0.254496,-0.000548,-0.000091,0.000475,-0.000470,-0.000019,-0.000525,0.001229
35.913951,0.564377,0.190096,-0.426164,0.711940,0.958550,0.354803,0.486923,0.514457,-0.533487,-0.368535,0.524728,0.606311,0.234853,0.265383,0.088187,0.611680,-0.433597,-1.048225,-0.799602,1.230050,-0.254499,0.000006,0.001549,0.001001,0.000292,-0.001252,0.001108,0.000732
35.914936,0.565489,0.187266,-0.424042,0.710889,0.956956,0.355250,0.486648,0.508193,-0.540010,-0.371959,0.525821,0.605209,0.234725,0.265387,0.088188,0.611676,-0.433597,-1.048229,-0.799600,1.230048,-0.254504,0.000295,0.000556,-0.000128,-0.000272,-0.000844,0.000807,-0.000607
35.916063,0.560128,0.184612,-0.419533,0.707694,0.952922,0.355099,0.486525,0.503260,-0.549027,-0.374965,0.528345,0.604073,0.234639,0.265423,0.088187,0.611678,-0.433595,-1.048232,-0.799600,1.230047,-0.254498,-0.001129,0.001462,0.000431,-0.000757,-0.001087,0.000816,0.000325
35.916992,0.560282,0.187561,-0.416708,0.708186,0.953673,0.355987,0.486480,0.500374,-0.560700,-0.377216,0.532543,0.602934,0.234634,0.265523,0.088191,0.611680,-0.433596,-1.048228,-0.799596,1.230048,-0.254496,0.000537,0.002181,0.000038,0.000536,0.000829,0.001477,0.000995
35.917993,0.559441,0.183948,-0.411119,0.705841,0.951963,0.355789,0.487129,0.497598,-0.573529,-0.379573,0.537328,0.601762,0.234633,0.265686,0.088188,0.611674,-0.433595,-1.048234,-0.799602,1.230045,-0.254494,-0.000362,0.000272,0.000161,-0.001362,-0.001629,0.001024,0.001436
35.919050,0.557888,0.184214,-0.409573,0.704354,0.950230,0.357648,0.486991,0.497095,-0.584162,-0.380277,0.541660,0.600780,0.234750,0.265885,0.088188,0.611677,-0.433599,-1.048232,-0.799601,1.230047,-0.254495,-0.000824,0.001556,-0.000947,-0.000662,-0.001764,0.001672,0.000519
35.920012,0.555897,0.186575,-0.405668,0.702001,0.947141,0.357770,0.486940,0.500966,-0.592424,-0.378097,0.545865,0.600109,0.235074,0.266094,0.088187,0.611677,-0.433597,-1.048232,-0.799599,1.230044,-0.254494,-0.000964,0.000860,0.000028,-0.000905,-0.002017,0.000292,0.001214
35.920923,0.554267,0.185077,-0.403607,0.702126,0.944711,0.358428,0.488047,0.514500,-0.592472,-0.367699,0.547962,0.599685,0.236027,0.266460,0.088186,0.611677,-0.433596,-1.048234,-0.799594,1.230047,-0.254495,-0.000804,-0.000531,0.000127,-0.001694,-0.000011,0.000358,-0.000193
35.922060,0.550948,0.182561,-0.399449,0.698214,0.943394,0.359483,0.487212,0.520402,-0.585077,-0.361777,0.545586,0.599670,0.236506,0.266598,0.088188,0.611677,-0.433595,-1.048230,-0.799599,1.230046,-0.254490,-0.000171,0.000134,-0.000087,0.000310,-0.000775,-0.000173,0.001937
35.923049,0.548699,0.182054,-0.395639,0.696562,0.941628,0.358762,0.488140,0.520402,-0.585077,-0.361777,0.545586,0.599670,0.236506,0.266598,0.088188,0.611677,-0.433595,-1.048230,-0.799599,1.230046,-0.254490,-0.000171,0.000134,-0.000087,0.000310,-0.000775,-0.000173,0.001937
35.923938,0.544687,0.181090,-0.390256,0.694636,0.937784,0.359888,0.488034,0.523264,-0.576679,-0.357367,0.542082,0.599550,0.236845,0.266730,0.088187,0.611675,-0.433594,-1.048230,-0.799601,1.230048,-0.254496,-0.000246,-0.000310,0.000366,-0.000409,-0.001283,0.000990,0.000930
35.925082,0.542048,0.178326,-0.383691,0.690715,0.934574,0.359548,0.488601,0.522591,-0.567817,-0.354854,0.537620,0.599288,0.237023,0.266871,0.088188,0.611677,-0.433595,-1.048231,-0.799598,1.230044,-0.254490,0.000547,-0.000552,0.000044,-0.000809,0.000332,0.000252,0.002074
35.926067,0.539554,0.177155,-0.378763,0.686449,0.932302,0.359860,0.489414,0.518831,-0.559277,-0.354145,0.532775,0.598860,0.237082,0.267023,0.088188,0.611677,-0.433595,-1.048230,-0.799596,1.230047,-0.254488,0.000308,-0.000080,-0.000182,0.000045,0.000651,0.001094,0.002124
35.926911,0.533853,0.175202,-0.373857,0.686786,0.931179,0.359453,0.489888,0.513078,-0.550485,-0.354523,0.527226,0.598378,0.237008,0.267166,0.088188,0.611678,-0.433595,-1.048224,-0.799598,1.230048,-0.254488,0.000223,-0.000287,-0.000012,0.001566,0.000469,0.001196,0.001531
35.927996,0.537226,0.173327,-0.370656,0.683529,0.929053,0.360504,0.490504,0.504991,-0.541876,-0.356223,0.521024,0.597829,0.236764,0.267267,0.088194,0.611678,-0.433595,-1.048231,-0.799600,1.230048,-0.254491,0.001884,0.000022,-0.000221,-0.000883,-0.000502,0.001977,0.001485
35.928957,0.531348,0.169941,-0.364654,0.679037,0.925940,0.361168,0.491502,0.495840,-0.536412,-0.359037,0.516135,0.597111,0.236464,0.267313,0.088186,0.611678,-0.433592,-1.048232,-0.799599,1.230048,-0.254489,-0.001229,0.000093,0.001057,-0.000468,-0.001095,0.001390,0.001387
35.930052,0.531109,0.168437,-0.360092,0.678598,0.924020,0.361776,0.491484,0.488601,-0.534741,-0.361425,0.513425,0.596318,0.236230,0.267302,0.088190,0.611680,-0.433594,-1.048228,-0.799595,1.230047,-0.254492,0.000410,0.001006,0.000622,0.001395,-0.000411,0.001154,0.000404
35.931041,0.526444,0.172239,-0.355891,0.674352,0.921802,0.362581,0.492779,0.483127,-0.536654,-0.363417,0.512646,0.595454,0.236056,0.267247,0.088186,0.611680,-0.433592,-1.048234,-0.799597,1.230047,-0.254489,-0.000938,0.000875,0.001253,-0.000983,-0.001224,0.001026,0.001604
35.932051,0.524090,0.166575,-0.348191,0.670946,0.918814,0.363067,0.493086,0.478780,-0.538963,-0.364880,0.512373,0.594589,0.235967,0.267174,0.088188,0.611672,-0.433590,-1.048230,-0.799598,1.230046,-0.254495,0.000055,-0.001743,0.001764,0.000582,-0.001458,0.000654,0.000049
35.933053,0.520754,0.167849,-0.339563,0.669080,0.916363,0.363747,0.494249,0.472231,-0.529543,-0.364427,0.505518,0.593534,0.235906,0.267026,0.088189,0.611673,-0.433594,-1.048229,-0.799600,1.230049,-0.254493,0.000156,-0.001152,-0.000998,0.000466,-0.001036,0.000352,-0.000776
35.934032,0.519708,0.159823,-0.336020,0.667936,0.913286,0.364248,0.494681,0.472231,-0.529543,-0.364427,0.505518,0.593534,0.235906,0.267026,0.088189,0.611673,-0.433594,-1.048229,-0.799600,1.230049,-0.254493,0.000156,-0.001152,-0.000998,0.000466,-0.001036,0.000352,-0.000776
35.935042,0.515622,0.165275,-0.331547,0.664261,0.910956,0.364997,0.494473,0.473152,-0.523920,-0.361706,0.502500,0.593269,0.236081,0.266972,0.088187,0.611681,-0.433592,-1.048234,-0.799599,1.230048,-0.254493,-0.000638,0.002030,-0.000159,-0.000896,-0.000408,0.000289,-0.000597
35.935925,0.513668,0.162967,-0.325985,0.661539,0.909132,0.365264,0.495409,0.476494,-0.522738,-0.358386,0.502361,0.592932,0.236416,0.266956,0.088191,0.611672,-0.433590,-1.048232,-0.799599,1.230044,-0.254490,0.000012,-0.001454,0.000271,0.000078,-0.000613,-0.000003,0.000882
35.937190,0.506615,0.158219,-0.317549,0.657414,0.903265,0.365585,0.495384,0.480056,-0.519734,-0.354686,0.501611,0.592680,0.236778,0.266985,0.088190,0.611673,-0.433590,-1.048230,-0.799600,1.230046,-0.254492,-0.000201,-0.000982,-0.000163,0.000398,-0.000981,0.000111,-0.000075
35.937958,0.508278,0.158489,-0.315693,0.656965,0.903436,0.365588,0.496131,0.481691,-0.513071,-0.351473,0.498759,0.592508,0.237044,0.267050,0.088193,0.611676,-0.433592,-1.048228,-0.799593,1.230045,-0.254489,0.001586,0.000364,-0.000985,0.001122,0.001678,0.000349,0.001316
35.938912,0.505784,0.158355,-0.307856,0.654318,0.900349,0.366186,0.495652,0.480540,-0.507834,-0.350056,0.496041,0.592154,0.237186,0.267144,0.088190,0.611674,-0.433588,-1.048232,-0.799600,1.230048,-0.254489,-0.000278,-0.000381,0.000105,-0.000399,-0.000393,0.000664,0.000609
35.939923,0.505214,0.152477,-0.303598,0.650163,0.897826,0.367962,0.497146,0.480435,-0.503676,-0.348294,0.494210,0.591757,0.237377,0.267259,0.088190,0.611672,-0.433591,-1.048232,-0.799597,1.230048,-0.254483,-0.000305,-0.001047,-0.001255,-0.000271,0.000315,0.000477,0.002573
35.941024,0.499386,0.154909,-0.298783,0.647395,0.896087,0.367744,0.497687,0.484797,-0.499676,-0.344123,0.493429,0.591514,0.237748,0.267384,0.088186,0.611677,-0.433590,-1.048228,-0.799597,1.230045,-0.254489,-0.001355,0.001054,-0.000668,0.001115,0.000297,-0.000851,0.000635
35.942049,0.496845,0.152483,-0.293142,0.645451,0.893805,0.367955,0.497938,0.491373,-0.496325,-0.338832,0.493243,0.591332,0.238187,0.267500,0.088190,0.611673,-0.433590,-1.048228,-0.799598,1.230047,-0.254489,0.000049,-0.001032,-0.000141,0.000943,-0.000709,-0.000142,0.000729
35.943043,0.496619,0.150080,-0.289563,0.642522,0.890592,0.368898,0.499581,0.496188,-0.491821,-0.334326,0.492030,0.591097,0.238546,0.267594,0.088189,0.611674,-0.433590,-1.048230,-0.799598,1.230048,-0.254484,-0.000079,-0.000630,-0.000232,0.000200,-0.000982,0.000080,0.001291
35.944012,0.493822,0.148685,-0.285785,0.638772,0.888404,0.368720,0.499428,0.499294,-0.486973,-0.330717,0.490315,0.590756,0.238849,0.267657,0.088187,0.611676,-0.433588,-1.048230,-0.799595,1.230045,-0.254491,-0.001295,-0.000244,0.000616,0.000495,-0.000278,-0.000412,-0.000949
35.944911,0.490904,0.151514,-0.278557,0.637945,0.886527,0.369253,0.500036,0.502128,-0.483552,-0.327510,0.489127,0.590306,0.239124,0.267691,0.088187,0.611679,-0.433586,-1.048226,-0.799598,1.230047,-0.254486,-0.001196,-0.000348,0.001279,0.001594,-0.000491,0.000187,0.000394
35.946001,0.485042,0.145660,-0.270613,0.636038,0.883539,0.369395,0.501428,0.504797,-0.478495,-0.324136,0.486967,0.589894,0.239352,0.267711,0.088186,0.611671,-0.433589,-1.048230,-0.799600,1.230047,-0.254488,-0.000936,-0.002413,0.000091,0.000090,-0.000841,0.000040,0.000115
35.946990,0.482852,0.141203,-0.266231,0.631126,0.881473,0.369887,0.501240,0.507293,-0.471303,-0.320477,0.483849,0.589557,0.239601,0.267726,0.088189,0.611677,-0.433590,-1.048232,-0.799600,1.230048,-0.254492,0.000491,-0.000377,-0.000969,-0.000844,-0.000576,0.000372,-0.001521
35.948006,0.480276,0.140329,-0.263763,0.630492,0.876598,0.370994,0.502094,0.507850,-0.468074,-0.318427,0.482318,0.589024,0.239819,0.267740,0.088187,0.611681,-0.433589,-1.048226,-0.799601,1.230048,-0.254486,0.000249,0.001006,-0.000510,0.001333,-0.000982,0.000308,-0.000094
35.948946,0.480418,0.140562,-0.257828,0.626710,0.875446,0.370514,0.501526,0.504680,-0.472730,-0.319620,0.483718,0.588075,0.239900,0.267767,0.088187,0.611680,-0.433585,-1.048230,-0.799593,1.230045,-0.254488,0.000168,0.000635,0.000933,-0.000690,0.001302,-0.000342,-0.000749
35.950004,0.475462,0.136777,-0.253517,0.626302,0.872712,0.371146,0.502402,0.499690,-0.482356,-0.322634,0.487129,0.586846,0.239920,0.267811,0.088183,0.611678,-0.433587,-1.048226,-0.799596,1.230047,-0.254482,-0.001141,-0.000212,0.000471,0.000540,0.000099,0.000546,0.001382
35.951110,0.471308,0.135063,-0.246572,0.621231,0.870237,0.372141,0.503188,0.495423,-0.494007,-0.325634,0.491726,0.585522,0.239977,0.267866,0.088185,0.611680,-0.433586,-1.048234,-0.799596,1.230047,-0.254484,-0.000095,0.000834,0.001144,-0.001710,0.000201,0.000366,0.000719
35.951998,0.471485,0.131870,-0.241791,0.619735,0.868190,0.372178,0.503492,0.490271,-0.508430,-0.329608,0.497535,0.584002,0.240010,0.267901,0.088187,0.611680,-0.433587,-1.048229,-0.799596,1.230046,-0.254484,0.000459,0.000799,0.000614,0.000335,-0.000092,-0.000141,0.000318
35.953037,0.466793,0.133347,-0.235313,0.616590,0.866256,0.373426,0.504559,0.483996,-0.525158,-0.334547,0.504118,0.582315,0.239995,0.267897,0.088185,0.611681,-0.433586,-1.048231,-0.799596,1.230045,-0.254483,-0.000830,0.001677,0.000591,-0.000518,-0.000263,0.000223,0.000644
35.953926,0.465949,0.132616,-0.233302,0.615282,0.864519,0.374550,0.505575,0.479276,-0.541398,-0.338466,0.510579,0.580703,0.240037,0.267854,0.088185,0.611676,-0.433588,-1.048229,-0.799598,1.230047,-0.254485,0.000132,0.000153,0.000143,-0.000151,-0.000914,-0.000591,-0.000401
35.954939,0.459298,0.129532,-0.229436,0.610352,0.860241,0.374640,0.505578,0.476265,-0.553725,-0.340727,0.515478,0.579292,0.240178,0.267771,0.088181,0.611674,-0.433582,-1.048231,-0.799601,1.230047,-0.254488,-0.000618,-0.000152,0.001456,-0.001183,-0.001368,-0.001331,-0.001486
35.956004,0.458253,0.128177,-0.221875,0.609562,0.858137,0.374836,0.505582,0.461629,-0.568405,-0.348438,0.518740,0.576393,0.240115,0.267597,0.088184,0.611675,-0.433581,-1.048232,-0.799596,1.230046,-0.254485,0.000382,0.000407,0.001252,-0.000963,-0.000230,-0.000691,0.000696
35.957094,0.455931,0.127186,-0.215593,0.606237,0.854055,0.374353,0.506932,0.451212,-0.573977,-0.353818,0.518893,0.574814,0.239926,0.267583,0.088184,0.611675,-0.433581,-1.048231,-0.799592,1.230047,-0.254488,0.000073,0.000027,0.001027,-0.000541,0.001110,0.000270,-0.000869
35.958052,0.455117,0.123902,-0.208050,0.603829,0.853867,0.374328,0.506830,0.451212,-0.573977,-0.353818,0.518893,0.574814,0.239926,0.267583,0.088184,0.611675,-0.433581,-1.048231,-0.799592,1.230047,-0.254488,0.000073,0.000027,0.001027,-0.000541,0.001110,0.000270,-0.000869
35.958981,0.451477,0.120881,-0.205983,0.600902,0.851680,0.375404,0.506774,0.445432,-0.578198,-0.356450,0.519332,0.573437,0.239903,0.267641,0.088182,0.611677,-0.433585,-1.048231,-0.799598,1.230048,-0.254485,-0.000801,0.000893,-0.000152,-0.000688,-0.001071,0.000699,0.000355
35.960001,0.448695,0.122322,-0.195732,0.597731,0.849702,0.377339,0.507652,0.444755,-0.582949,-0.356313,0.520885,0.572251,0.240046,0.267775,0.088181,0.611681,-0.433579,-1.048230,-0.799598,1.230048,-0.254479,-0.000221,0.001621,0.001248,-0.000241,-0.001186,0.000017,0.001422
35.960911,0.446226,0.121461,-0.195901,0.594124,0.848754,0.376659,0.507928,0.447058,-0.587605,-0.354410,0.522794,0.571236,0.240289,0.267967,0.088181,0.611677,-0.433586,-1.048230,-0.799600,1.230043,-0.254479,-0.000208,0.000104,-0.001108,0.000214,-0.001743,-0.001447,0.000720
35.961933,0.444383,0.120477,-0.185311,0.591927,0.844322,0.377303,0.508641,0.450856,-0.586860,-0.350655,0.522184,0.570570,0.240568,0.268165,0.088180,0.611675,-0.433578,-1.048228,-0.799603,1.230046,-0.254478,-0.000202,-0.000154,0.001365,0.001365,-0.003051,-0.000362,0.001132
35.963108,0.440664,0.116348,-0.185603,0.588304,0.841460,0.377245,0.509744,0.455631,-0.578787,-0.345045,0.518017,0.570311,0.240834,0.268323,0.088179,0.611675,-0.433583,-1.048228,-0.799597,1.230046,-0.254478,-0.000647,-0.000468,-0.001192,0.000828,-0.001203,-0.000571,0.000773
35.964001,0.439477,0.117608,-0.176988,0.586548,0.838000,0.377714,0.509796,0.460614,-0.567349,-0.338728,0.512156,0.570231,0.241071,0.268417,0.088178,0.611679,-0.433575,-1.048228,-0.799600,1.230047,-0.254481,-0.000367,0.000628,0.002052,0.001337,-0.001269,0.000001,-0.000189
35.965077,0.435783,0.113549,-0.173240,0.584571,0.835757,0.377971,0.511076,0.464413,-0.556231,-0.333163,0.506226,0.570070,0.241246,0.268445,0.088176,0.611676,-0.433581,-1.048230,-0.799596,1.230048,-0.254479,-0.000962,-0.000700,0.000139,0.000762,-0.000069,-0.000089,0.000654
35.965920,0.433072,0.115468,-0.167976,0.582306,0.835361,0.378973,0.510907,0.467738,-0.546560,-0.328168,0.501079,0.569780,0.241424,0.268427,0.088175,0.611677,-0.433577,-1.048233,-0.799597,1.230047,-0.254483,-0.000555,0.000477,0.001120,-0.000065,-0.000525,0.000131,-0.000777
35.966936,0.430755,0.110305,-0.161137,0.580575,0.832096,0.378816,0.511495,0.470806,-0.538741,-0.323664,0.497093,0.569346,0.241650,0.268385,0.088176,0.611673,-0.433576,-1.048233,-0.799597,1.230046,-0.254479,-0.000359,-0.001129,0.000718,-0.000027,-0.002242,-0.000506,0.000455
35.967964,0.426528,0.110900,-0.156456,0.575818,0.828561,0.379399,0.511932,0.473606,-0.532860,-0.319627,0.494322,0.568779,0.241939,0.268352,0.088173,0.611677,-0.433576,-1.048235,-0.799597,1.230048,-0.254481,-0.000539,0.000635,0.000002,-0.000954,-0.001491,0.000097,0.000342
35.969012,0.421423,0.107559,-0.150783,0.573661,0.825428,0.380560,0.511790,0.476147,-0.529183,-0.316069,0.492759,0.568091,0.242262,0.268361,0.088174,0.611673,-0.433575,-1.048229,-0.799593,1.230048,-0.254483,0.000177,-0.000464,0.000409,0.000954,-0.000565,-0.000049,0.000562
35.970008,0.421407,0.107157,-0.145453,0.571005,0.822684,0.380231,0.512604,0.475219,-0.526658,-0.314583,0.491086,0.567196,0.242441,0.268438,0.088178,0.611674,-0.433575,-1.048231,-0.799594,1.230046,-0.254479,0.001273,0.000371,0.000360,0.000336,-0.000050,-0.000744,0.001946
35.971088,0.418955,0.102928,-0.139090,0.567765,0.820783,0.380857,0.512952,0.470326,-0.524910,-0.315373,0.489024,0.566084,0.242452,0.268580,0.088176,0.611673,-0.433575,-1.048231,-0.799595,1.230048,-0.254476,-0.000068,-0.000214,0.000352,0.000363,0.000215,0.000025,0.001334
35.971990,0.416485,0.103265,-0.134575,0.566510,0.816792,0.381027,0.514030,0.465592,-0.524676,-0.316257,0.487711,0.564914,0.242457,0.268753,0.088173,0.611677,-0.433575,-1.048230,-0.799598,1.230047,-0.254474,-0.000268,0.001011,0.000047,0.000694,-0.000565,-0.000133,0.001776
35.972939,0.415478,0.098773,-0.133337,0.564781,0.813697,0.381990,0.515114,0.463277,-0.526487,-0.316060,0.487834,0.563783,0.242550,0.268915,0.088173,0.611673,-0.433574,-1.048231,-0.799594,1.230048,-0.254477,-0.000243,0.000142,0.000192,-0.000418,0.001158,0.000089,0.000567
35.974037,0.414078,0.098568,-0.124234,0.559371,0.811351,0.382402,0.515319,0.462376,-0.532566,-0.315767,0.490496,0.562522,0.242735,0.269036,0.088170,0.611677,-0.433570,-1.048233,-0.799594,1.230047,-0.254479,-0.001004,0.001615,0.002074,-0.001166,0.001862,-0.000462,-0.000596
35.975015,0.410514,0.094627,-0.120578,0.558449,0.811267,0.381783,0.516309,0.463100,-0.542817,-0.315288,0.495624,0.561132,0.243006,0.269116,0.088168,0.611674,-0.433571,-1.048228,-0.799595,1.230046,-0.254476,-0.001760,0.000862,0.000436,0.001224,0.001464,-0.000384,0.000155
35.975963,0.408770,0.098518,-0.113213,0.555261,0.808333,0.383006,0.516795,0.466565,-0.554157,-0.313441,0.501600,0.559837,0.243344,0.269178,0.088168,0.611677,-0.433569,-1.048231,-0.799596,1.230050,-0.254479,-0.001288,0.002034,0.001213,-0.000403,-0.000902,0.000647,-0.000801
35.976980,0.405987,0.093677,-0.110261,0.553383,0.806636,0.383042,0.517380,0.472602,-0.563393,-0.309761,0.506859,0.558774,0.243748,0.269242,0.088168,0.611671,-0.433570,-1.048230,-0.799595,1.230046,-0.254478,-0.001708,-0.000634,0.000055,0.000246,-0.000324,-0.000156,-0.000766
35.977964,0.402350,0.093036,-0.103676,0.550698,0.802578,0.383940,0.516975,0.480718,-0.567929,-0.304115,0.510219,0.558007,0.244242,0.269331,0.088165,0.611674,-0.433566,-1.048230,-0.799600,1.230046,-0.254478,-0.001663,0.000976,0.001265,-0.000578,-0.001130,0.000263,-0.000870
35.979016,0.400075,0.093136,-0.100647,0.549045,0.799062,0.383780,0.517384,0.488944,-0.570246,-0.298024,0.512555,0.557346,0.244781,0.269461,0.088166,0.611674,-0.433565,-1.048232,-0.799598,1.230045,-0.254472,-0.001184,0.000493,0.000571,-0.000458,0.000473,-0.000208,0.000973
35.979937,0.397208,0.090147,-0.094035,0.544065,0.798712,0.384105,0.518375,0.495209,-0.572306,-0.293013,0.514535,0.556594,0.245307,0.269625,0.088164,0.611673,-0.433561,-1.048234,-0.799594,1.230046,-0.254470,-0.001450,-0.000378,0.001826,-0.001565,0.001316,0.000419,0.001238
35.980947,0.393986,0.087304,-0.087944,0.543557,0.795616,0.384282,0.518387,0.499117,-0.572289,-0.289026,0.515129,0.555808,0.245769,0.269793,0.088163,0.611674,-0.433560,-1.048228,-0.799600,1.230046,-0.254472,-0.001249,0.000379,0.000953,0.000862,-0.000611,0.000490,0.000220
35.982035,0.392601,0.089417,-0.079937,0.539948,0.793763,0.385076,0.518969,0.501128,-0.571388,-0.285945,0.514745,0.555018,0.246137,0.269947,0.088163,0.611676,-0.433559,-1.048232,-0.799598,1.230047,-0.254469,-0.001003,0.000971,0.000600,-0.001264,-0.000033,0.000751,0.001268
35.983038,0.387947,0.087286,-0.076277,0.537745,0.790739,0.385802,0.520652,0.503769,-0.569886,-0.282378,0.514084,0.554339,0.246541,0.270080,0.088159,0.611673,-0.433561,-1.048230,-0.799598,1.230047,-0.254468,-0.001746,-0.000932,-0.000494,-0.000574,-0.000911,0.000426,0.001229
35.983980,0.386973,0.084702,-0.074133,0.534996,0.789079,0.387153,0.519656,0.508391,-0.564534,-0.277045,0.511996,0.553936,0.247054,0.270171,0.088160,0.611673,-0.433556,-1.048232,-0.799598,1.230046,-0.254474,-0.000772,-0.000643,0.000314,-0.001001,-0.000388,0.000145,-0.001080
35.984972,0.382162,0.083464,-0.067045,0.533463,0.786590,0.386968,0.521225,0.512176,-0.556855,-0.271785,0.508686,0.553592,0.247558,0.270208,0.088156,0.611675,-0.433551,-1.048230,-0.799598,1.230045,-0.254466,-0.001529,-0.000125,0.001706,-0.000786,-0.001095,-0.000797,0.001927
35.985977,0.381826,0.081611,-0.059934,0.529654,0.783970,0.387223,0.521911,0.513027,-0.551160,-0.268519,0.505871,0.553016,0.247987,0.270212,0.088159,0.611673,-0.433552,-1.048233,-0.799599,1.230045,-0.254471,-0.000483,-0.000285,0.000801,-0.001828,-0.001063,-0.000164,-0.000198
35.986972,0.379720,0.079412,-0.056552,0.527979,0.780266,0.387199,0.521710,0.512755,-0.547391,-0.266228,0.503847,0.552301,0.248404,0.270199,0.088154,0.611673,-0.433553,-1.048232,-0.799598,1.230046,-0.254471,-0.001646,-0.000150,-0.000060,-0.000708,-0.000963,0.000012,-0.000495
35.988030,0.373988,0.077528,-0.050443,0.524983,0.778451,0.388392,0.522098,0.514234,-0.544686,-0.263143,0.502675,0.551623,0.248888,0.270195,0.088152,0.611675,-0.433549,-1.048234,-0.799596,1.230048,-0.254468,-0.001902,0.000135,0.000873,-0.001640,0.000239,0.000464,0.000958
35.989029,0.375423,0.074683,-0.048907,0.521475,0.774886,0.388706,0.522526,0.516110,-0.544278,-0.260216,0.502731,0.550863,0.249379,0.270227,0.088153,0.611675,-0.433548,-1.048235,-0.799600,1.230046,-0.254467,-0.000467,0.000230,0.000616,-0.001439,-0.000573,-0.000269,0.001281
35.990010,0.370038,0.075186,-0.040374,0.518171,0.773220,0.388965,0.523888,0.515729,-0.547033,-0.259069,0.503883,0.549884,0.249757,0.270295,0.088147,0.611677,-0.433541,-1.048232,-0.799597,1.230046,-0.254465,-0.002492,0.000844,0.002454,-0.000630,0.000489,-0.000139,0.001467
35.991006,0.369731,0.073385,-0.037349,0.515620,0.769325,0.389381,0.523833,0.513847,-0.550643,-0.258907,0.504971,0.548844,0.250008,0.270381,0.088149,0.611675,-0.433544,-1.048230,-0.799599,1.230046,-0.254468,-0.001127,-0.000178,0.000800,0.000006,-0.000297,0.000030,-0.000231
35.991993,0.366531,0.074042,-0.032053,0.513403,0.767794,0.389094,0.525029,0.511640,-0.551547,-0.258475,0.504437,0.547947,0.250164,0.270470,0.088145,0.611674,-0.433540,-1.048232,-0.799598,1.230045,-0.254464,-0.002300,-0.000058,0.001924,-0.000053,0.001114,0.000053,0.000941
35.992975,0.360450,0.071668,-0.027246,0.511502,0.764882,0.390245,0.524466,0.509778,-0.548539,-0.257226,0.501954,0.547241,0.250275,0.270556,0.088143,0.611674,-0.433538,-1.048233,-0.799599,1.230047,-0.254466,-0.001994,-0.001176,0.001883,-0.000446,0.000172,0.000768,-0.000430
35.993973,0.359196,0.069757,-0.022069,0.507538,0.762843,0.390991,0.525367,0.506528,-0.542749,-0.256321,0.497923,0.546580,0.250319,0.270636,0.088146,0.611674,-0.433535,-1.048235,-0.799595,1.230046,-0.254461,-0.000300,-0.000761,0.002064,-0.001110,0.000595,0.000037,0.001742
35.995008,0.359226,0.066260,-0.018403,0.505254,0.761367,0.390810,0.526103,0.499298,-0.536358,-0.257492,0.492924,0.545775,0.250226,0.270714,0.088143,0.611675,-0.433534,-1.048231,-0.799597,1.230046,-0.254462,-0.001016,-0.000611,0.002127,0.000128,0.000150,-0.000269,0.000965
35.995947,0.355303,0.063537,-0.015101,0.503669,0.757239,0.390971,0.525930,0.490449,-0.531508,-0.259735,0.488270,0.544867,0.250064,0.270791,0.088138,0.611675,-0.433528,-1.048231,-0.799598,1.230047,-0.254463,-0.002387,0.000318,0.002987,-0.000356,-0.000953,0.000369,0.000589
35.996952,0.353308,0.064896,-0.009326,0.498850,0.755636,0.392316,0.527507,0.482368,-0.531801,-0.262374,0.486147,0.543789,0.249914,0.270868,0.088138,0.611677,-0.433524,-1.048233,-0.799595,1.230047,-0.254460,-0.001665,0.000910,0.003797,-0.001220,0.000821,0.000613,0.001931
35.998045,0.348162,0.065022,-0.005120,0.496857,0.754041,0.392961,0.527584,0.473943,-0.536486,-0.265968,0.486012,0.542492,0.249731,0.270944,0.088134,0.611673,-0.433523,-1.048227,-0.799596,1.230045,-0.254464,-0.001990,-0.000543,0.003566,0.000813,-0.000099,-0.000295,-0.000185
35.999011,0.348198,0.061720,0.002259,0.495123,0.749665,0.393116,0.528046,0.464061,-0.538232,-0.269937,0.484022,0.541226,0.249461,0.271013,0.088134,0.611669,-0.433518,-1.048230,-0.799600,1.230045,-0.254459,-0.000893,-0.001426,0.004336,-0.000053,-0.001201,-0.000450,0.000820
35.999940,0.348508,0.056982,0.007138,0.492777,0.746407,0.393223,0.528263,0.453752,-0.535558,-0.273477,0.479805,0.540093,0.249192,0.271085,0.088129,0.611669,-0.433516,-1.048233,-0.799596,1.230045,-0.254458,-0.002180,-0.000521,0.003180,-0.000823,0.000753,-0.000179,0.000901
36.001090,0.342094,0.056046,0.013986,0.489002,0.744627,0.394643,0.528923,0.447774,-0.534586,-0.274967,0.477402,0.539036,0.249167,0.271175,0.088123,0.611674,-0.433513,-1.048235,-0.799593,1.230046,-0.254457,-0.003516,0.001054,0.003191,-0.000886,0.001647,0.000111,0.001446
36.001933,0.338642,0.052996,0.016769,0.486988,0.742002,0.394316,0.529995,0.447516,-0.538679,-0.274145,0.478612,0.537994,0.249437,0.271281,0.088123,0.611674,-0.433508,-1.048232,-0.799597,1.230045,-0.254456,-0.001837,0.000581,0.002768,-0.000235,0.000576,-0.000815,0.001326
36.002947,0.336899,0.054877,0.025224,0.486081,0.738969,0.394916,0.529707,0.447358,-0.546802,-0.273891,0.481720,0.536803,0.249750,0.271391,0.088123,0.611676,-0.433502,-1.048230,-0.799597,1.230047,-0.254459,-0.001262,0.001421,0.003569,-0.000524,0.001101,-0.000113,0.000065
36.003997,0.337395,0.051816,0.028880,0.480082,0.737310,0.394329,0.530850,0.445126,-0.556973,-0.275069,0.485475,0.535447,0.250025,0.271497,0.088120,0.611673,-0.433502,-1.048236,-0.799595,1.230046,-0.254454,-0.001737,-0.000308,0.002030,-0.002172,0.001577,-0.000273,0.001719
36.004936,0.334720,0.054304,0.033299,0.476396,0.735241,0.395163,0.531639,0.445020,-0.564736,-0.274604,0.488547,0.534284,0.250384,0.271594,0.088114,0.611676,-0.433497,-1.048231,-0.799595,1.230047,-0.254453,-0.003358,0.000366,0.002962,0.000957,0.000606,0.000779,0.000506
36.005977,0.332945,0.049343,0.037089,0.474708,0.732419,0.395155,0.531479,0.448982,-0.564021,-0.270379,0.487950,0.533685,0.250765,0.271664,0.088111,0.611671,-0.433493,-1.048227,-0.799595,1.230045,-0.254453,-0.003238,-0.001584,0.003206,0.002042,0.000335,0.000350,-0.000076
36.007005,0.327047,0.050230,0.043892,0.472793,0.730285,0.395773,0.532919,0.454997,-0.554545,-0.263466,0.483027,0.533567,0.251058,0.271701,0.088106,0.611674,-0.433488,-1.048229,-0.799595,1.230049,-0.254449,-0.003700,0.000059,0.004028,0.000986,0.000552,0.000802,0.001342
36.007972,0.326003,0.047609,0.046294,0.471136,0.725942,0.395861,0.532233,0.460296,-0.542422,-0.256435,0.476564,0.533506,0.251271,0.271711,0.088106,0.611671,-0.433484,-1.048229,-0.799596,1.230047,-0.254454,-0.002124,-0.001187,0.003315,0.000170,0.000124,0.000636,-0.000470
36.008990,0.322675,0.048707,0.051401,0.466474,0.724454,0.395590,0.533845,0.462628,-0.531760,-0.251247,0.470487,0.533188,0.251416,0.271695,0.088101,0.611673,-0.433476,-1.048231,-0.799592,1.230047,-0.254447,-0.002874,-0.000652,0.004620,-0.000700,0.002036,0.000974,0.001933
36.010053,0.319335,0.042767,0.058853,0.464460,0.722855,0.397484,0.534930,0.461444,-0.521775,-0.248144,0.464336,0.532598,0.251453,0.271656,0.088097,0.611669,-0.433471,-1.048227,-0.799596,1.230051,-0.254452,-0.002535,-0.001986,0.004705,0.001197,0.000989,0.001671,-0.000245
36.011032,0.318597,0.040181,0.061019,0.462958,0.720439,0.398363,0.534331,0.457444,-0.511667,-0.246590,0.457581,0.531844,0.251351,0.271603,0.088095,0.611673,-0.433469,-1.048231,-0.799597,1.230046,-0.254454,-0.002282,0.000128,0.003778,0.000452,-0.000067,0.000248,-0.001277
36.012009,0.314414,0.040184,0.064276,0.459115,0.719988,0.399223,0.535319,0.452238,-0.506538,-0.246472,0.452992,0.530806,0.251233,0.271559,0.088090,0.611674,-0.433460,-1.048234,-0.799596,1.230046,-0.254447,-0.003186,0.000605,0.005233,-0.000593,-0.000096,-0.000189,0.000958
36.013035,0.315558,0.039685,0.072585,0.456637,0.716556,0.399906,0.535779,0.439593,-0.512516,-0.250028,0.451559,0.527887,0.251133,0.271531,0.088082,0.611671,-0.433452,-1.048233,-0.799598,1.230045,-0.254447,-0.004294,-0.000708,0.004662,0.000399,-0.001187,-0.000854,0.000147
36.014023,0.310943,0.035633,0.075164,0.453811,0.713645,0.399966,0.535643,0.439593,-0.512516,-0.250028,0.451559,0.527887,0.251133,0.271531,0.088082,0.611671,-0.433452,-1.048233,-0.799598,1.230045,-0.254447,-0.004294,-0.000708,0.004662,0.000399,-0.001187,-0.000854,0.000147
36.014960,0.312052,0.035393,0.079717,0.450559,0.712996,0.400564,0.536806,0.436286,-0.514928,-0.250008,0.451208,0.526616,0.251264,0.271518,0.088081,0.611673,-0.433442,-1.048232,-0.799596,1.230046,-0.254442,-0.003281,0.000526,0.005917,0.000575,-0.000770,-0.000481,0.001449
36.015987,0.309299,0.029705,0.087078,0.448836,0.710151,0.399351,0.536345,0.435505,-0.517754,-0.248679,0.451498,0.525459,0.251496,0.271492,0.088074,0.611671,-0.433435,-1.048228,-0.799599,1.230045,-0.254443,-0.005048,-0.000095,0.006049,0.001252,-0.002456,-0.000670,0.000089
36.016980,0.307480,0.031303,0.089864,0.446440,0.708464,0.399602,0.538274,0.438178,-0.522490,-0.245769,0.453206,0.524393,0.251826,0.271449,0.088071,0.611674,-0.433433,-1.048231,-0.799599,1.230049,-0.254438,-0.005004,0.001914,0.005079,0.000306,-0.002166,0.000985,0.002105
36.017960,0.303013,0.027904,0.094209,0.445409,0.704149,0.400047,0.538343,0.445086,-0.530533,-0.241050,0.457207,0.523387,0.252281,0.271383,0.088065,0.611672,-0.433423,-1.048230,-0.799600,1.230050,-0.254445,-0.005380,0.000317,0.006238,0.000032,-0.002956,0.001148,-0.000729
36.019030,0.299737,0.030455,0.099896,0.440907,0.699093,0.400770,0.538326,0.452832,-0.541650,-0.236393,0.462997,0.522262,0.252763,0.271292,0.088062,0.611676,-0.433414,-1.048233,-0.799595,1.230048,-0.254443,-0.004421,0.001211,0.006562,-0.001473,-0.001111,0.001146,0.000194
36.019972,0.296625,0.027717,0.103570,0.437844,0.698831,0.400956,0.539237,0.457620,-0.553138,-0.233499,0.468714,0.520920,0.253156,0.271196,0.088057,0.611669,-0.433407,-1.048231,-0.799591,1.230047,-0.254443,-0.004175,-0.000854,0.006483,0.000169,0.001227,0.000888,0.001354
36.021019,0.297922,0.021457,0.109915,0.435421,0.694657,0.402144,0.539209,0.457737,-0.559984,-0.232487,0.471410,0.519501,0.253343,0.271112,0.088053,0.611670,-0.433398,-1.048230,-0.799597,1.230050,-0.254442,-0.003846,-0.000227,0.007062,0.000680,-0.000845,0.001100,0.000500
36.022048,0.293218,0.024820,0.115385,0.433471,0.692712,0.402004,0.539655,0.455524,-0.564208,-0.232349,0.472244,0.518059,0.253380,0.271057,0.088043,0.611676,-0.433393,-1.048231,-0.799594,1.230046,-0.254438,-0.005821,0.002017,0.006608,0.000350,0.000717,0.000384,0.001663
36.022981,0.290186,0.023784,0.117044,0.428535,0.689104,0.401591,0.539884,0.455067,-0.570011,-0.231495,0.474089,0.516605,0.253473,0.271046,0.088041,0.611672,-0.433386,-1.048234,-0.799597,1.230046,-0.254436,-0.004811,-0.000485,0.006542,-0.000384,0.000100,0.000991,0.001836
36.023980,0.285938,0.021672,0.126494,0.424850,0.686032,0.403542,0.540917,0.454897,-0.572857,-0.230033,0.474567,0.515255,0.253554,0.271061,0.088036,0.611670,-0.433373,-1.048230,-0.799596,1.230047,-0.254433,-0.004877,-0.000889,0.008802,0.001123,0.000731,0.001895,0.002521
36.025001,0.284155,0.018426,0.134694,0.422983,0.682392,0.403429,0.542390,0.451613,-0.569485,-0.229340,0.471359,0.514005,0.253450,0.271071,0.088032,0.611670,-0.433367,-1.048230,-0.799595,1.230045,-0.254434,-0.004631,-0.000960,0.007788,0.000748,0.000280,0.000510,0.001757
36.026011,0.279770,0.017149,0.137790,0.416211,0.678172,0.404730,0.542726,0.447789,-0.563400,-0.228531,0.466781,0.512823,0.253337,0.271056,0.088024,0.611672,-0.433361,-1.048236,-0.799595,1.230046,-0.254436,-0.005630,-0.000515,0.007504,-0.001395,0.000359,0.001221,0.000154
36.026945,0.277252,0.016666,0.144934,0.413243,0.675256,0.405169,0.544502,0.445436,-0.557747,-0.227004,0.462865,0.511666,0.253341,0.271005,0.088019,0.611670,-0.433347,-1.048230,-0.799596,1.230045,-0.254431,-0.005323,-0.001018,0.009674,0.001201,0.001062,0.000492,0.000816
36.028023,0.273089,0.014292,0.153034,0.409459,0.670433,0.406800,0.544151,0.442367,-0.550662,-0.225697,0.458116,0.510538,0.253317,0.270908,0.088013,0.611668,-0.433340,-1.048232,-0.799597,1.230047,-0.254437,-0.005802,-0.001812,0.009551,0.000401,0.000701,0.000587,-0.001518
36.028986,0.271215,0.008053,0.159835,0.405522,0.668380,0.406728,0.544533,0.438776,-0.540764,-0.224293,0.451950,0.509506,0.253285,0.270780,0.088006,0.611666,-0.433331,-1.048234,-0.799592,1.230045,-0.254432,-0.005724,-0.001820,0.009505,-0.000121,0.001714,-0.000425,0.000628
36.029985,0.266191,0.004824,0.166851,0.402589,0.665115,0.407131,0.545423,0.436615,-0.532309,-0.222396,0.446908,0.508466,0.253365,0.270668,0.087998,0.611672,-0.433322,-1.048233,-0.799595,1.230049,-0.254430,-0.006562,0.000155,0.009667,-0.000110,0.000409,0.000198,0.001105
36.031051,0.259060,0.005917,0.175882,0.396920,0.661560,0.408364,0.546125,0.435946,-0.531518,-0.220965,0.445924,0.507179,0.253550,0.270611,0.087994,0.611672,-0.433311,-1.048236,-0.799596,1.230047,-0.254431,-0.005916,0.000615,0.009829,-0.001142,0.000198,0.000372,0.000633
36.031986,0.256502,0.002383,0.183569,0.393863,0.658774,0.408709,0.546921,0.434089,-0.536957,-0.221231,0.447746,0.505606,0.253723,0.270613,0.087992,0.611668,-0.433303,-1.048233,-0.799596,1.230046,-0.254431,-0.004380,-0.001116,0.009278,0.000156,0.000017,-0.000252,0.000635
36.032947,0.256391,-0.000758,0.186050,0.389534,0.655706,0.408918,0.546469,0.429215,-0.541926,-0.223078,0.448743,0.503959,0.253790,0.270675,0.087986,0.611670,-0.433295,-1.048236,-0.799597,1.230047,-0.254432,-0.004857,-0.000411,0.008909,-0.000509,-0.000459,-0.000055,0.000277
36.034017,0.247797,-0.001655,0.197257,0.387174,0.651111,0.409275,0.548355,0.423620,-0.546210,-0.225216,0.449212,0.502343,0.253808,0.270807,0.087976,0.611671,-0.433280,-1.048235,-0.799598,1.230049,-0.254426,-0.006552,0.000046,0.011173,-0.000092,-0.000741,0.000276,0.002445
36.034932,0.249411,-0.003688,0.205265,0.381897,0.647375,0.409838,0.547802,0.418315,-0.552263,-0.227539,0.450669,0.500676,0.253814,0.271002,0.087975,0.611670,-0.433273,-1.048240,-0.799596,1.230046,-0.254429,-0.004273,-0.000716,0.009528,-0.001951,0.000097,0.000551,0.000046
36.035932,0.243790,-0.007042,0.210488,0.377622,0.644165,0.411425,0.549396,0.414392,-0.558153,-0.229103,0.452544,0.499080,0.253876,0.271234,0.087963,0.611668,-0.433267,-1.048237,-0.799594,1.230046,-0.254421,-0.006758,-0.000716,0.008955,-0.000425,0.000610,0.000510,0.002371
36.037021,0.241189,-0.011785,0.216425,0.372229,0.640311,0.411261,0.549695,0.414243,-0.561764,-0.228156,0.454129,0.497753,0.254078,0.271482,0.087960,0.611668,-0.433256,-1.048237,-0.799595,1.230044,-0.254424,-0.005816,-0.000165,0.010035,-0.000203,0.000319,-0.000496,0.000467
36.038071,0.238540,-0.014020,0.226361,0.369042,0.636626,0.412287,0.550083,0.415419,-0.565405,-0.226398,0.455823,0.496493,0.254290,0.271718,0.087954,0.611671,-0.433242,-1.048233,-0.799596,1.230045,-0.254420,-0.006562,0.000931,0.011050,0.000709,0.000375,0.000307,0.001311
36.039007,0.234398,-0.013156,0.232585,0.364984,0.632327,0.411772,0.551803,0.416784,-0.571900,-0.224917,0.458700,0.495129,0.254478,0.271922,0.087944,0.611669,-0.433234,-1.048235,-0.799596,1.230045,-0.254415,-0.007154,0.000869,0.009966,-0.000328,0.000383,-0.000131,0.001898
36.040081,0.228984,-0.018526,0.240470,0.359876,0.628681,0.412371,0.552626,0.420532,-0.578900,-0.222134,0.462172,0.493839,0.254760,0.272078,0.087940,0.611667,-0.433222,-1.048235,-0.799594,1.230048,-0.254420,-0.006827,-0.000614,0.010291,-0.000042,0.001402,0.000920,-0.000320
36.041061,0.227749,-0.018612,0.246754,0.356981,0.626936,0.413923,0.552792,0.424757,-0.583500,-0.218651,0.464486,0.492651,0.255047,0.272177,0.087933,0.611671,-0.433211,-1.048234,-0.799596,1.230046,-0.254421,-0.006118,0.000829,0.010315,0.000684,0.001294,0.000942,-0.000530
36.041922,0.223236,-0.022786,0.253796,0.356189,0.622836,0.414810,0.553188,0.427728,-0.586580,-0.215567,0.465682,0.491462,0.255274,0.272243,0.087923,0.611668,-0.433199,-1.048237,-0.799597,1.230043,-0.254417,-0.007287,-0.000225,0.010771,-0.000309,-0.000398,-0.000043,0.000422
36.043038,0.220623,-0.025877,0.259915,0.349763,0.618211,0.414336,0.553099,0.431269,-0.591083,-0.212372,0.467881,0.490192,0.255631,0.272318,0.087918,0.611671,-0.433188,-1.048242,-0.799595,1.230045,-0.254416,-0.006616,0.000859,0.010396,-0.002915,0.000702,-0.000438,0.000753
36.044055,0.217076,-0.023074,0.266721,0.345780,0.616365,0.415400,0.553568,0.435512,-0.600280,-0.209568,0.472934,0.488686,0.256176,0.272419,0.087908,0.611673,-0.433176,-1.048237,-0.799593,1.230046,-0.254410,-0.007364,0.001103,0.011450,-0.001061,0.001400,0.000683,0.002387
36.044920,0.212609,-0.029578,0.272900,0.340509,0.613474,0.416288,0.554966,0.439488,-0.609972,-0.207026,0.478372,0.487108,0.256753,0.272538,0.087901,0.611668,-0.433163,-1.048239,-0.799596,1.230045,-0.254407,-0.007468,-0.001414,0.011765,-0.001164,-0.000315,0.000198,0.002763
36.046041,0.210738,-0.031403,0.282039,0.337842,0.609302,0.416847,0.554592,0.442324,-0.614262,-0.204224,0.480848,0.485719,0.257228,0.272647,0.087896,0.611673,-0.433151,-1.048234,-0.799596,1.230046,-0.254410,-0.006844,0.000832,0.011824,0.000502,-0.000431,-0.000201,0.001096
36.046924,0.206096,-0.030569,0.288489,0.333284,0.606479,0.417255,0.555847,0.444079,-0.616182,-0.201579,0.481697,0.484447,0.257604,0.272727,0.087886,0.611673,-0.433140,-1.048242,-0.799596,1.230045,-0.254404,-0.007970,0.000444,0.011399,-0.001221,-0.000177,-0.000107,0.003331
36.047971,0.202529,-0.035443,0.291812,0.329133,0.602623,0.418591,0.556050,0.446774,-0.616786,-0.198159,0.481933,0.483325,0.257988,0.272777,0.087880,0.611670,-0.433127,-1.048239,-0.799598,1.230046,-0.254405,-0.007275,-0.000945,0.011390,-0.000274,-0.000439,-0.000012,0.001952
36.049042,0.201204,-0.036799,0.299955,0.325134,0.599147,0.419380,0.557870,0.448874,-0.614497,-0.194594,0.480587,0.482316,0.258315,0.272791,0.087871,0.611670,-0.433110,-1.048239,-0.799598,1.230044,-0.254401,-0.007419,0.000321,0.013538,-0.000375,-0.000240,-0.000740,0.002932
36.050027,0.193890,-0.041087,0.311400,0.319043,0.595408,0.418963,0.557011,0.448879,-0.612072,-0.192220,0.478726,0.481203,0.258535,0.272766,0.087861,0.611670,-0.433097,-1.048240,-0.799599,1.230045,-0.254404,-0.008710,-0.000231,0.013370,-0.000669,-0.000508,-0.000913,0.000679
36.050924,0.192277,-0.042848,0.315049,0.316124,0.591851,0.420353,0.558268,0.448575,-0.610105,-0.190121,0.476864,0.480063,0.258711,0.272714,0.087857,0.611671,-0.433090,-1.048237,-0.799596,1.230049,-0.254395,-0.006887,0.000790,0.011297,0.001374,-0.000242,0.000058,0.003710
36.052091,0.190666,-0.046205,0.323735,0.312347,0.588045,0.421198,0.559471,0.447597,-0.607741,-0.188261,0.474301,0.478970,0.258797,0.272654,0.087848,0.611671,-0.433073,-1.048239,-0.799597,1.230046,-0.254396,-0.007730,0.000639,0.012723,0.000689,0.000190,-0.000817,0.002337
36.052986,0.189764,-0.047031,0.326946,0.310414,0.584240,0.422092,0.558677,0.447063,-0.606727,-0.186296,0.472281,0.477868,0.258887,0.272599,0.087835,0.611673,-0.433060,-1.048242,-0.799597,1.230046,-0.254396,-0.009032,0.000971,0.012651,-0.000188,-0.000096,-0.000986,0.001468
36.053996,0.182306,-0.044627,0.335156,0.303847,0.580970,0.421991,0.559475,0.450688,-0.608815,-0.182530,0.472787,0.476762,0.259214,0.272573,0.087823,0.611673,-0.433042,-1.048246,-0.799595,1.230045,-0.254386,-0.010172,0.000357,0.014259,-0.001774,0.000566,-0.001362,0.004230
36.054989,0.179597,-0.047789,0.341678,0.301353,0.577904,0.422463,0.559338,0.457186,-0.609851,-0.177045,0.473663,0.475724,0.259715,0.272587,0.087819,0.611665,-0.433028,-1.048239,-0.799595,1.230048,-0.254383,-0.008317,-0.001916,0.013818,0.000568,0.000292,-0.000688,0.003922
36.056023,0.176593,-0.054440,0.344059,0.296255,0.573728,0.423655,0.559618,0.462157,-0.603738,-0.171240,0.470914,0.474832,0.260144,0.272618,0.087810,0.611667,-0.433012,-1.048242,-0.799596,1.230046,-0.254373,-0.008790,-0.001454,0.014152,-0.000912,-0.000108,-0.000582,0.005479
36.056926,0.173306,-0.056813,0.350069,0.292746,0.571391,0.423534,0.560858,0.463521,-0.595509,-0.167050,0.466462,0.473798,0.260409,0.272648,0.087800,0.611671,-0.432989,-1.048242,-0.799597,1.230044,-0.254367,-0.009173,0.000663,0.016657,0.000031,0.000467,-0.001178,0.006245
36.058134,0.169481,-0.060570,0.358542,0.287159,0.566629,0.424723,0.561105,0.460070,-0.593845,-0.166580,0.464160,0.472217,0.260466,0.272661,0.087790,0.611671,-0.432973,-1.048243,-0.799598,1.230048,-0.254366,-0.009156,0.000800,0.016878,-0.000108,-0.000354,-0.000549,0.004929
36.058972,0.165373,-0.059367,0.365952,0.284599,0.563267,0.425266,0.561595,0.452436,-0.599391,-0.169590,0.464308,0.470122,0.260325,0.272654,0.087780,0.611673,-0.432957,-1.048241,-0.799595,1.230045,-0.254359,-0.009460,0.001283,0.017055,0.000554,0.000162,-0.001037,0.006018
36.059906,0.165952,-0.063474,0.372469,0.281774,0.561874,0.426224,0.560361,0.443102,-0.607603,-0.173945,0.465252,0.467833,0.260114,0.272654,0.087772,0.611670,-0.432941,-1.048243,-0.799595,1.230045,-0.254349,-0.008922,-0.000247,0.016339,-0.000238,0.000589,-0.001094,0.006094
36.060911,0.165461,-0.064369,0.378811,0.277171,0.558004,0.426129,0.560491,0.435917,-0.615091,-0.176933,0.466319,0.465658,0.260047,0.272710,0.087756,0.611671,-0.432924,-1.048247,-0.799597,1.230045,-0.254332,-0.010858,0.000749,0.016451,-0.001101,-0.001290,-0.001517,0.009757
36.062013,0.156362,-0.065870,0.385120,0.272581,0.553986,0.425961,0.559911,0.436152,-0.621571,-0.175593,0.468472,0.463848,0.260341,0.272855,0.087741,0.611671,-0.432906,-1.048246,-0.799595,1.230045,-0.254319,-0.012362,0.000045,0.016892,-0.000572,-0.000936,-0.000833,0.010740
36.063005,0.152630,-0.065701,0.394678,0.268556,0.550331,0.426794,0.559109,0.442003,-0.625714,-0.170770,0.470613,0.462396,0.260853,0.273088,0.087736,0.611669,-0.432887,-1.048246,-0.799597,1.230048,-0.254299,-0.009852,-0.000436,0.017717,-0.000447,-0.000763,-0.000050,0.013283
36.063913,0.151477,-0.069179,0.399343,0.264236,0.548808,0.426751,0.558387,0.446198,-0.624716,-0.166059,0.469953,0.461109,0.261256,0.273388,0.087727,0.611667,-0.432871,-1.048247,-0.799597,1.230046,-0.254276,-0.009813,-0.001630,0.016516,-0.000399,-0.000578,-0.000311,0.016103
36.064978,0.147739,-0.072456,0.406146,0.260125,0.543905,0.427353,0.557236,0.448025,-0.617486,-0.161618,0.465809,0.460016,0.261519,0.273747,0.087713,0.611669,-0.432852,-1.048246,-0.799600,1.230048,-0.254250,-0.010843,-0.000936,0.017438,0.000220,-0.002220,0.000248,0.018636
36.066019,0.143369,-0.072642,0.411057,0.257685,0.539185,0.429229,0.557410,0.449807,-0.607220,-0.156646,0.460089,0.459090,0.261724,0.274163,0.087701,0.611671,-0.432833,-1.048246,-0.799596,1.230050,-0.254219,-0.010880,-0.000533,0.017857,0.000022,-0.001058,0.000242,0.022226
36.066939,0.142029,-0.075368,0.419869,0.252106,0.538027,0.430547,0.556510,0.450563,-0.598018,-0.152397,0.454786,0.458058,0.261888,0.274627,0.087691,0.611667,-0.432811,-1.048251,-0.799596,1.230045,-0.254195,-0.010588,-0.001594,0.019118,-0.001653,0.000017,-0.001021,0.023122
36.068096,0.134029,-0.076210,0.427274,0.248607,0.533322,0.428985,0.557365,0.450556,-0.589663,-0.148696,0.450020,0.456894,0.262096,0.275129,0.087678,0.611667,-0.432795,-1.048245,-0.799599,1.230043,-0.254164,-0.011550,-0.001256,0.018007,0.000108,-0.002040,-0.001794,0.026031
36.069024,0.134506,-0.081795,0.431881,0.245417,0.528645,0.430137,0.558106,0.450432,-0.580005,-0.144766,0.444666,0.455754,0.262342,0.275663,0.087672,0.611665,-0.432774,-1.048247,-0.799601,1.230048,-0.254139,-0.009689,-0.002135,0.018472,-0.001055,-0.001338,0.000435,0.025709
36.069921,0.129475,-0.083485,0.436438,0.240832,0.525831,0.430445,0.557906,0.448847,-0.571536,-0.141763,0.439606,0.454486,0.262536,0.276218,0.087657,0.611668,-0.432753,-1.048249,-0.799598,1.230045,-0.254115,-0.011574,-0.000416,0.019460,-0.001562,0.000061,-0.000194,0.025350
36.070947,0.126478,-0.084268,0.442250,0.235635,0.522415,0.432349,0.558878,0.445420,-0.568848,-0.140675,0.436983,0.452868,0.262658,0.276793,0.087648,0.611668,-0.432731,-1.048247,-0.799598,1.230049,-0.254082,-0.010663,-0.000609,0.020334,-0.000640,-0.000280,-0.000002,0.026817
36.072102,0.121132,-0.089169,0.451896,0.232280,0.517349,0.431729,0.559580,0.439270,-0.569756,-0.141589,0.435360,0.450971,0.262642,0.277385,0.087636,0.611664,-0.432709,-1.048246,-0.799600,1.230044,-0.254058,-0.011024,-0.001346,0.021079,0.000363,-0.000432,-0.001303,0.026103
36.072929,0.121906,-0.094071,0.457120,0.228864,0.514924,0.432069,0.560236,0.430154,-0.571427,-0.144149,0.433261,0.448912,0.262470,0.277990,0.087626,0.611664,-0.432691,-1.048249,-0.799598,1.230047,-0.254030,-0.010455,-0.000190,0.020426,-0.000883,0.000588,-0.000013,0.026114
36.074021,0.119104,-0.096885,0.465930,0.223563,0.511424,0.432006,0.561715,0.421239,-0.577764,-0.147236,0.433277,0.446676,0.262295,0.278617,0.087611,0.611669,-0.432669,-1.048252,-0.799599,1.230046,-0.254005,-0.012274,0.001275,0.020715,-0.000744,0.000114,0.000120,0.025788
36.074935,0.115468,-0.098014,0.465878,0.219833,0.506441,0.432218,0.561075,0.416965,-0.590896,-0.148727,0.437236,0.444398,0.262284,0.279281,0.087596,0.611669,-0.432649,-1.048250,-0.799600,1.230049,-0.253985,-0.012796,0.001417,0.020223,0.000110,-0.000202,0.000800,0.024173
36.075959,0.110274,-0.097176,0.474332,0.216091,0.503963,0.433412,0.562009,0.416602,-0.607611,-0.148553,0.443378,0.442183,0.262372,0.280004,0.087584,0.611667,-0.432618,-1.048251,-0.799597,1.230049,-0.253954,-0.012604,0.000959,0.023403,0.000141,0.001572,0.001110,0.026572
36.077118,0.106901,-0.099535,0.483044,0.212645,0.499879,0.434060,0.561340,0.414797,-0.623250,-0.149035,0.448632,0.439940,0.262361,0.280801,0.087573,0.611663,-0.432595,-1.048251,-0.799599,1.230046,-0.253929,-0.011849,-0.000583,0.022768,-0.000259,0.000463,0.000509,0.025918
36.078024,0.103400,-0.101761,0.489288,0.206793,0.496684,0.435044,0.562634,0.410842,-0.633958,-0.149985,0.451325,0.437770,0.262289,0.281674,0.087560,0.611662,-0.432573,-1.048255,-0.799600,1.230048,-0.253897,-0.012254,-0.000700,0.022565,-0.001406,0.000510,0.000525,0.028686
36.078971,0.101486,-0.105341,0.494290,0.204015,0.491276,0.434215,0.563207,0.407036,-0.638767,-0.149950,0.451459,0.435851,0.262270,0.282605,0.087548,0.611664,-0.432551,-1.048250,-0.799599,1.230045,-0.253873,-0.012104,-0.000632,0.022633,0.000692,0.000523,0.000072,0.027152
36.080064,0.097773,-0.106350,0.497141,0.200583,0.490542,0.434997,0.563925,0.403611,-0.639674,-0.149120,0.449807,0.434149,0.262259,0.283557,0.087534,0.611666,-0.432526,-1.048252,-0.799595,1.230047,-0.253846,-0.012820,0.000058,0.023460,-0.000342,0.002600,0.001449,0.027159
36.080973,0.098572,-0.108415,0.508919,0.197893,0.486895,0.435652,0.565175,0.399550,-0.640505,-0.148740,0.448055,0.432423,0.262206,0.284506,0.087519,0.611664,-0.432496,-1.048256,-0.799602,1.230047,-0.253822,-0.012901,-0.000673,0.025855,-0.001234,-0.000477,0.001280,0.027062
36.081962,0.093449,-0.108813,0.512813,0.191749,0.483589,0.436176,0.565912,0.397515,-0.642375,-0.147546,0.447490,0.430694,0.262273,0.285444,0.087500,0.611664,-0.432477,-1.048259,-0.799600,1.230048,-0.253800,-0.014838,-0.000666,0.023143,-0.002151,0.000005,0.001146,0.025657
36.083121,0.090524,-0.114238,0.519236,0.187616,0.480294,0.438065,0.566498,0.401473,-0.641808,-0.142719,0.447142,0.429313,0.262637,0.286368,0.087486,0.611663,-0.432450,-1.048255,-0.799600,1.230049,-0.253774,-0.014003,-0.001581,0.024682,-0.000064,-0.000157,0.001187,0.025390
36.083978,0.084182,-0.118282,0.526978,0.184004,0.477098,0.438575,0.567084,0.408313,-0.637750,-0.135768,0.445652,0.428242,0.263133,0.287279,0.087470,0.611664,-0.432422,-1.048257,-0.799602,1.230046,-0.253747,-0.014602,-0.000185,0.025555,-0.000600,-0.000902,-0.000034,0.025638
36.084989,0.086238,-0.117454,0.530695,0.179577,0.473688,0.440718,0.567651,0.412962,-0.635474,-0.130317,0.444514,0.427065,0.263573,0.288167,0.087462,0.611666,-0.432400,-1.048257,-0.799602,1.230049,-0.253724,-0.012966,0.000835,0.024668,-0.000441,-0.000696,-0.000057,0.025500
36.085999,0.080361,-0.118412,0.534997,0.174872,0.470036,0.440453,0.568417,0.415493,-0.636590,-0.126529,0.444579,0.425722,0.263979,0.289029,0.087441,0.611661,-0.432370,-1.048256,-0.799603,1.230044,-0.253700,-0.015744,-0.000684,0.026324,-0.000125,-0.000816,-0.001605,0.025604
36.086930,0.081385,-0.123820,0.541610,0.171435,0.465418,0.441262,0.568026,0.417395,-0.635749,-0.122730,0.443579,0.424472,0.264379,0.289881,0.087429,0.611658,-0.432339,-1.048255,-0.799604,1.230047,-0.253675,-0.014577,-0.001316,0.027658,0.000452,-0.000691,-0.000755,0.025297
36.087964,0.075919,-0.125192,0.547974,0.169917,0.462480,0.441147,0.568798,0.418738,-0.632377,-0.118835,0.441214,0.423326,0.264741,0.290742,0.087410,0.611661,-0.432312,-1.048255,-0.799601,1.230048,-0.253644,-0.016692,0.000313,0.027558,0.000116,0.000650,-0.001046,0.027201
36.088944,0.072383,-0.125828,0.552874,0.163357,0.459182,0.441084,0.569062,0.420877,-0.631995,-0.115013,0.440551,0.422098,0.265158,0.291606,0.087394,0.611660,-0.432283,-1.048262,-0.799603,1.230049,-0.253618,-0.015740,-0.000176,0.027968,-0.002384,-0.000027,-0.000328,0.026889
36.090074,0.069380,-0.133017,0.558663,0.159264,0.454893,0.441038,0.569978,0.422728,-0.634833,-0.111873,0.441623,0.420720,0.265595,0.292442,0.087380,0.611658,-0.432252,-1.048257,-0.799604,1.230049,-0.253590,-0.015706,-0.000955,0.028900,0.000124,-0.000146,0.000293,0.027548
36.091061,0.066332,-0.130957,0.563417,0.154471,0.453085,0.441388,0.570212,0.421148,-0.638943,-0.110775,0.442597,0.419170,0.265828,0.293221,0.087362,0.611665,-0.432221,-1.048257,-0.799603,1.230049,-0.253563,-0.016190,0.001299,0.029932,-0.000367,0.000179,0.000993,0.027082
36.092013,0.061369,-0.134877,0.573391,0.151809,0.448555,0.442762,0.571119,0.415876,-0.644770,-0.111889,0.443387,0.417439,0.265791,0.293921,0.087345,0.611660,-0.432189,-1.048254,-0.799607,1.230048,-0.253534,-0.016361,-0.000831,0.030932,0.000362,-0.001446,0.001210,0.027807
36.092970,0.058721,-0.135825,0.577373,0.146497,0.445144,0.442843,0.571451,0.408310,-0.649733,-0.113965,0.443082,0.415689,0.265598,0.294530,0.087331,0.611663,-0.432162,-1.048257,-0.799605,1.230049,-0.253508,-0.015541,0.000030,0.029231,-0.000767,-0.000233,0.000367,0.027126
36.094098,0.057319,-0.137193,0.582247,0.142529,0.442066,0.443182,0.571625,0.399584,-0.652228,-0.116040,0.441212,0.414036,0.265362,0.295050,0.087315,0.611660,-0.432130,-1.048255,-0.799604,1.230048,-0.253477,-0.015890,-0.000562,0.030537,0.000648,-0.000198,0.000855,0.027613
36.094986,0.054495,-0.140330,0.588839,0.140949,0.439149,0.444373,0.573009,0.390507,-0.651638,-0.117560,0.437612,0.412513,0.265102,0.295510,0.087295,0.611656,-0.432094,-1.048256,-0.799606,1.230049,-0.253447,-0.017144,-0.001110,0.031972,0.000048,-0.001053,0.001153,0.028635
36.095962,0.051034,-0.146219,0.596862,0.135575,0.435266,0.446386,0.573159,0.383160,-0.649175,-0.117630,0.433458,0.411109,0.264925,0.295938,0.087277,0.611654,-0.432064,-1.048262,-0.799609,1.230047,-0.253423,-0.017225,-0.000518,0.031676,-0.001827,-0.001212,0.000477,0.026910
36.096973,0.046004,-0.145247,0.600820,0.131706,0.433311,0.446680,0.573364,0.379024,-0.650058,-0.116297,0.431745,0.409671,0.264964,0.296355,0.087259,0.611658,-0.432034,-1.048259,-0.799607,1.230043,-0.253393,-0.017164,0.001286,0.031020,-0.000440,-0.000758,-0.000962,0.027796
36.097925,0.042728,-0.149440,0.607483,0.129326,0.427967,0.446803,0.574169,0.376071,-0.655181,-0.114822,0.432358,0.408117,0.265127,0.296774,0.087244,0.611652,-0.431997,-1.048259,-0.799611,1.230048,-0.253363,-0.016417,-0.000313,0.032479,-0.000670,-0.002324,-0.000685,0.028597
36.098968,0.041154,-0.152125,0.611752,0.124595,0.423085,0.448693,0.574584,0.371245,-0.662321,-0.114593,0.433655,0.406412,0.265260,0.297190,0.087228,0.611653,-0.431966,-1.048263,-0.799607,1.230048,-0.253336,-0.016436,0.000709,0.032391,-0.002061,-0.000310,-0.000260,0.028119
36.100096,0.037250,-0.155204,0.619468,0.120704,0.419871,0.448521,0.574973,0.364630,-0.672609,-0.115847,0.436389,0.404477,0.265376,0.297601,0.087209,0.611653,-0.431930,-1.048263,-0.799605,1.230044,-0.253306,-0.017442,0.000856,0.033812,-0.001527,0.000893,-0.001541,0.028546
36.101033,0.033893,-0.155385,0.624802,0.115124,0.417439,0.449458,0.576058,0.357990,-0.686578,-0.117758,0.441163,0.402335,0.265539,0.298006,0.087191,0.611655,-0.431895,-1.048265,-0.799608,1.230045,-0.253274,-0.017445,0.001096,0.033819,-0.002160,0.000164,-0.000708,0.029131
36.101932,0.032803,-0.154306,0.630819,0.110091,0.414831,0.449641,0.576173,0.351787,-0.700409,-0.119444,0.446028,0.400181,0.265712,0.298388,0.087173,0.611653,-0.431859,-1.048262,-0.799610,1.230044,-0.253249,-0.017372,0.000135,0.034298,-0.000429,-0.000660,-0.001112,0.028074
36.102954,0.029226,-0.158153,0.634445,0.106596,0.411269,0.449790,0.576986,0.346633,-0.706268,-0.119249,0.446974,0.398423,0.265821,0.298727,0.087153,0.611647,-0.431826,-1.048260,-0.799613,1.230047,-0.253215,-0.018327,-0.001361,0.034313,0.000919,-0.001168,-0.000790,0.028910
36.103920,0.027854,-0.161487,0.640761,0.104116,0.408130,0.449726,0.577491,0.343164,-0.700818,-0.116279,0.442356,0.397247,0.265841,0.299020,0.087136,0.611650,-0.431786,-1.048260,-0.799611,1.230047,-0.253189,-0.018303,-0.000619,0.035940,0.000272,-0.001193,-0.000351,0.028509
36.104915,0.021782,-0.161402,0.647216,0.099143,0.402776,0.451251,0.577965,0.341155,-0.691033,-0.111860,0.435721,0.396320,0.265818,0.299286,0.087115,0.611651,-0.431748,-1.048264,-0.799614,1.230048,-0.253159,-0.019249,-0.000057,0.035992,-0.001071,-0.001410,0.000267,0.028659
36.105976,0.019638,-0.166608,0.652937,0.094833,0.399052,0.451263,0.578363,0.339962,-0.681797,-0.107183,0.429556,0.395384,0.265812,0.299553,0.087100,0.611647,-0.431712,-1.048262,-0.799610,1.230045,-0.253130,-0.017933,-0.001201,0.036125,-0.000143,0.000442,-0.000683,0.028901
36.106971,0.016707,-0.165250,0.657294,0.091636,0.395252,0.451467,0.578322,0.337687,-0.672804,-0.103254,0.423358,0.394366,0.265776,0.299840,0.087079,0.611650,-0.431675,-1.048263,-0.799611,1.230048,-0.253099,-0.018680,0.000179,0.036865,-0.000125,0.000442,-0.000088,0.029382
36.107945,0.013246,-0.170565,0.662112,0.088136,0.390984,0.452969,0.578438,0.333822,-0.664521,-0.100454,0.417252,0.393208,0.265683,0.300156,0.087061,0.611645,-0.431633,-1.048265,-0.799609,1.230047,-0.253068,-0.018916,-0.001600,0.037984,-0.000901,0.000747,0.000278,0.030656
36.109080,0.011655,-0.173644,0.672309,0.083659,0.389228,0.452484,0.578246,0.328746,-0.657911,-0.098784,0.411941,0.391845,0.265575,0.300504,0.087043,0.611648,-0.431593,-1.048268,-0.799608,1.230046,-0.253035,-0.018852,-0.000054,0.038798,-0.001279,0.001599,-0.000670,0.031567
36.110031,0.010298,-0.176425,0.674467,0.079123,0.385226,0.453118,0.579210,0.324038,-0.655258,-0.097722,0.408837,0.390260,0.265547,0.300879,0.087021,0.611650,-0.431558,-1.048268,-0.799613,1.230049,-0.253000,-0.020000,0.000158,0.037592,-0.001375,-0.000596,0.000473,0.033315
36.110977,0.009415,-0.175208,0.681317,0.075730,0.381371,0.453746,0.578583,0.322937,-0.656868,-0.095448,0.408489,0.388632,0.265696,0.301261,0.087001,0.611650,-0.431515,-1.048269,-0.799612,1.230049,-0.252969,-0.020918,0.000464,0.039660,-0.000671,0.000092,0.000373,0.032488
36.112099,0.005585,-0.181498,0.688316,0.070230,0.378125,0.454339,0.579366,0.326780,-0.658846,-0.090575,0.409194,0.387188,0.266027,0.301631,0.086977,0.611646,-0.431476,-1.048270,-0.799611,1.230049,-0.252930,-0.022027,-0.001188,0.039348,-0.001069,0.000630,0.000289,0.034861
36.112994,0.001992,-0.180217,0.691980,0.068732,0.374822,0.454529,0.580929,0.335477,-0.658573,-0.082706,0.409686,0.386036,0.266527,0.301979,0.086957,0.611652,-0.431435,-1.048269,-0.799611,1.230049,-0.252895,-0.022033,0.000647,0.039638,-0.000129,-0.000064,0.000342,0.034602
36.113951,0.000414,-0.183405,0.696457,0.063291,0.372433,0.455976,0.580228,0.346431,-0.657586,-0.073503,0.410273,0.385007,0.267103,0.302291,0.086937,0.611646,-0.431392,-1.048275,-0.799613,1.230049,-0.252864,-0.021725,-0.000984,0.040702,-0.002124,0.000134,0.000670,0.032512
36.115053,-0.004974,-0.186382,0.706831,0.060594,0.367593,0.455910,0.580812,0.356470,-0.656255,-0.064802,0.410676,0.383926,0.267653,0.302571,0.086914,0.611648,-0.431350,-1.048273,-0.799612,1.230046,-0.252823,-0.022512,-0.000475,0.041607,-0.000581,-0.000844,-0.000226,0.035053
36.116096,-0.007801,-0.186273,0.712868,0.055324,0.365173,0.457176,0.581095,0.365175,-0.654452,-0.056791,0.410752,0.382784,0.268183,0.302848,0.086895,0.611648,-0.431312,-1.048277,-0.799611,1.230049,-0.252785,-0.021709,-0.000240,0.040148,-0.002274,0.000142,0.000471,0.035159
36.116947,-0.007265,-0.189974,0.714152,0.052478,0.362217,0.457656,0.581484,0.373147,-0.651792,-0.048986,0.410402,0.381646,0.268736,0.303140,0.086872,0.611644,-0.431270,-1.048276,-0.799615,1.230048,-0.252748,-0.022056,-0.001445,0.040615,-0.001217,-0.001072,-0.000200,0.035822
36.118038,-0.013645,-0.191969,0.719594,0.048357,0.359404,0.459175,0.582169,0.381081,-0.646938,-0.040733,0.409070,0.380605,0.269323,0.303450,0.086844,0.611647,-0.431223,-1.048276,-0.799612,1.230048,-0.252713,-0.023648,-0.000583,0.042677,-0.001824,-0.001105,-0.000184,0.036019
36.119025,-0.016853,-0.193663,0.725225,0.044082,0.354976,0.459270,0.581958,0.387600,-0.642351,-0.033212,0.407655,0.379494,0.269881,0.303790,0.086825,0.611645,-0.431179,-1.048280,-0.799617,1.230046,-0.252676,-0.022303,-0.000817,0.043568,-0.002016,-0.002079,-0.001076,0.035935
36.119961,-0.017714,-0.195700,0.728970,0.039038,0.352046,0.460474,0.582987,0.389281,-0.639486,-0.028559,0.406217,0.378112,0.270287,0.304169,0.086802,0.611645,-0.431134,-1.048281,-0.799616,1.230047,-0.252634,-0.022352,-0.001086,0.043970,-0.001712,-0.001087,-0.000594,0.037505
36.121039,-0.020309,-0.198475,0.735636,0.035373,0.347662,0.460198,0.583327,0.386049,-0.636126,-0.026440,0.403528,0.376577,0.270510,0.304580,0.086776,0.611645,-0.431086,-1.048280,-0.799620,1.230045,-0.252600,-0.023426,-0.001127,0.045106,-0.000480,-0.001411,-0.001262,0.036515
36.122017,-0.021746,-0.199136,0.741921,0.031695,0.343455,0.460378,0.583761,0.381099,-0.631328,-0.024941,0.399593,0.375082,0.270643,0.304998,0.086751,0.611645,-0.431041,-1.048283,-0.799619,1.230047,-0.252561,-0.023905,-0.000963,0.045329,-0.001121,-0.000801,-0.000361,0.037112
36.122959,-0.026305,-0.205236,0.749478,0.026605,0.340784,0.460841,0.584782,0.377677,-0.625368,-0.022344,0.395224,0.373743,0.270825,0.305396,0.086725,0.611642,-0.430995,-1.048284,-0.799619,1.230049,-0.252522,-0.024778,-0.001730,0.045365,-0.001374,-0.000017,0.000006,0.037371
36.124053,-0.030616,-0.206964,0.758411,0.020044,0.336592,0.462507,0.584027,0.377141,-0.619527,-0.018083,0.391317,0.372569,0.271110,0.305748,0.086703,0.611646,-0.430949,-1.048284,-0.799622,1.230049,-0.252488,-0.024407,0.000018,0.045334,-0.000938,-0.001249,0.000168,0.036585
36.125035,-0.034507,-0.208511,0.766061,0.015456,0.330889,0.463208,0.585128,0.378181,-0.615419,-0.013036,0.388244,0.371482,0.271422,0.306038,0.086679,0.611644,-0.430901,-1.048284,-0.799622,1.230046,-0.252445,-0.024712,-0.000740,0.045721,-0.000310,-0.001974,-0.000715,0.039688
36.125987,-0.037007,-0.215508,0.771883,0.011147,0.324188,0.463062,0.584532,0.379778,-0.611232,-0.007421,0.384967,0.370517,0.271739,0.306267,0.086653,0.611640,-0.430851,-1.048287,-0.799623,1.230046,-0.252408,-0.024933,-0.001369,0.046165,-0.001002,-0.000671,-0.000707,0.038851
36.127083,-0.045359,-0.213039,0.782840,0.003370,0.319727,0.464389,0.585300,0.381703,-0.608507,-0.001693,0.382440,0.369536,0.272100,0.306444,0.086626,0.611645,-0.430803,-1.048290,-0.799620,1.230048,-0.252364,-0.025757,0.000688,0.047396,-0.001801,0.001734,0.000117,0.041402
36.127969,-0.047922,-0.221069,0.788180,-0.000981,0.319104,0.464632,0.585688,0.382097,-0.608380,0.002877,0.380903,0.368375,0.272430,0.306587,0.086606,0.611640,-0.430756,-1.048285,-0.799623,1.230046,-0.252326,-0.024069,-0.002147,0.046770,-0.000075,0.001261,-0.000434,0.041417
36.128990,-0.051981,-0.222265,0.792797,-0.006354,0.312792,0.465435,0.586415,0.378682,-0.607245,0.005690,0.377952,0.367129,0.272595,0.306716,0.086580,0.611646,-0.430706,-1.048287,-0.799632,1.230048,-0.252283,-0.024732,0.000539,0.047908,-0.000514,-0.002036,-0.000045,0.041872
36.130081,-0.056007,-0.223496,0.802008,-0.012626,0.308712,0.465932,0.586707,0.370828,-0.607561,0.006027,0.374552,0.365704,0.272559,0.306849,0.086555,0.611644,-0.430651,-1.048289,-0.799627,1.230045,-0.252239,-0.024961,-0.000385,0.050016,-0.000635,-0.000327,-0.000111,0.041851
36.131032,-0.061331,-0.228500,0.808932,-0.015800,0.303269,0.466105,0.585860,0.359331,-0.609481,0.004214,0.371055,0.364103,0.272362,0.307006,0.086529,0.611642,-0.430602,-1.048290,-0.799630,1.230045,-0.252195,-0.025387,-0.001357,0.050203,-0.000257,-0.001147,0.000173,0.042820
36.131988,-0.064492,-0.232281,0.814274,-0.020944,0.298854,0.466844,0.587283,0.345476,-0.610989,0.001231,0.366919,0.362433,0.272090,0.307203,0.086505,0.611644,-0.430551,-1.048297,-0.799629,1.230048,-0.252143,-0.024820,-0.000269,0.050849,-0.002104,0.000023,0.000665,0.045829
36.132971,-0.067836,-0.236697,0.823752,-0.027543,0.294593,0.467994,0.587255,0.329392,-0.616607,-0.003632,0.364564,0.360473,0.271805,0.307432,0.086478,0.611644,-0.430496,-1.048298,-0.799630,1.230049,-0.252101,-0.025323,0.000203,0.052269,-0.002113,0.000142,0.000597,0.044281
36.133934,-0.071567,-0.235415,0.833851,-0.031055,0.291199,0.469030,0.588215,0.312048,-0.628250,-0.010175,0.365014,0.358188,0.271518,0.307664,0.086451,0.611645,-0.430445,-1.048296,-0.799629,1.230048,-0.252053,-0.025807,0.000945,0.051769,-0.000874,-0.000038,0.000149,0.045724
36.135010,-0.074527,-0.237967,0.843653,-0.037249,0.285607,0.470666,0.588636,0.297343,-0.640989,-0.015408,0.366483,0.355992,0.271354,0.307875,0.086425,0.611639,-0.430396,-1.048301,-0.799633,1.230048,-0.252011,-0.026043,-0.001074,0.050892,-0.002504,-0.000941,-0.000200,0.045134
36.136105,-0.077997,-0.243346,0.848588,-0.044417,0.279215,0.469499,0.589042,0.289400,-0.648391,-0.015994,0.366818,0.354321,0.271513,0.308060,0.086396,0.611639,-0.430345,-1.048303,-0.799631,1.230046,-0.251964,-0.026928,-0.001365,0.050720,-0.002080,-0.000199,-0.001066,0.045817
36.137033,-0.079960,-0.244423,0.857405,-0.048408,0.275225,0.471083,0.589418,0.287972,-0.649702,-0.011989,0.365558,0.353177,0.271946,0.308226,0.086368,0.611641,-0.430285,-1.048303,-0.799629,1.230052,-0.251916,-0.027606,-0.000310,0.052982,-0.000872,0.001262,0.000877,0.046540
36.137998,-0.086935,-0.249977,0.860077,-0.052098,0.271405,0.472185,0.589605,0.290638,-0.648132,-0.005342,0.363604,0.352303,0.272477,0.308387,0.086338,0.611637,-0.430232,-1.048305,-0.799632,1.230049,-0.251867,-0.028598,-0.001113,0.052507,-0.001877,0.001083,-0.000057,0.047056
36.139027,-0.091988,-0.252479,0.866822,-0.059687,0.267907,0.473533,0.590148,0.294414,-0.647728,0.001578,0.362540,0.351352,0.273035,0.308540,0.086313,0.611641,-0.430170,-1.048314,-0.799631,1.230049,-0.251818,-0.027214,0.000216,0.055251,-0.003230,0.000553,-0.000467,0.048010
36.139986,-0.095891,-0.255895,0.876011,-0.065834,0.262841,0.474536,0.590819,0.292830,-0.652157,0.004579,0.363000,0.349891,0.273401,0.308677,0.086286,0.611639,-0.430111,-1.048311,-0.799637,1.230049,-0.251770,-0.026962,-0.000052,0.056251,-0.001255,-0.000530,-0.001083,0.048352
36.141081,-0.099248,-0.257594,0.882090,-0.070679,0.258428,0.475618,0.591044,0.283317,-0.658979,0.002688,0.362989,0.347966,0.273407,0.308804,0.086257,0.611639,-0.430055,-1.048310,-0.799635,1.230048,-0.251721,-0.027081,0.000244,0.055719,-0.000348,0.000216,-0.001394,0.048324
36.142042,-0.101960,-0.260619,0.888738,-0.075121,0.254854,0.475936,0.591739,0.269482,-0.664311,-0.001431,0.361199,0.345902,0.273172,0.308939,0.086226,0.611636,-0.429995,-1.048313,-0.799637,1.230047,-0.251670,-0.027797,-0.000504,0.057410,-0.001399,-0.000284,-0.001690,0.049410
36.143028,-0.108012,-0.262592,0.893309,-0.080298,0.250369,0.476275,0.591274,0.254933,-0.668150,-0.005826,0.358565,0.343797,0.272894,0.309096,0.086198,0.611638,-0.429935,-1.048317,-0.799640,1.230048,-0.251623,-0.028513,-0.000428,0.058117,-0.002099,-0.001014,-0.001321,0.049339
36.143940,-0.109172,-0.268323,0.900446,-0.083895,0.246342,0.475923,0.592382,0.239888,-0.671509,-0.010594,0.355768,0.341587,0.272606,0.309288,0.086173,0.611635,-0.429872,-1.048320,-0.799640,1.230047,-0.251567,-0.027651,-0.000865,0.059968,-0.002195,-0.000952,-0.000953,0.051623
36.145118,-0.113972,-0.270690,0.908225,-0.092771,0.242127,0.476608,0.592679,0.223333,-0.676980,-0.016722,0.353867,0.339134,0.272258,0.309520,0.086141,0.611638,-0.429810,-1.048327,-0.799641,1.230048,-0.251519,-0.029003,0.000633,0.060162,-0.003398,-0.001019,0.000051,0.050619
36.145987,-0.115272,-0.271660,0.918352,-0.097320,0.237366,0.477561,0.592872,0.206973,-0.685825,-0.023405,0.353598,0.336505,0.271876,0.309772,0.086112,0.611636,-0.429746,-1.048322,-0.799644,1.230050,-0.251466,-0.029205,0.000080,0.061357,-0.000996,-0.002091,0.000182,0.051693
36.146982,-0.116494,-0.278751,0.923623,-0.101018,0.232933,0.478099,0.593939,0.193957,-0.692698,-0.027914,0.352661,0.334109,0.271530,0.310013,0.086078,0.611634,-0.429690,-1.048324,-0.799643,1.230048,-0.251412,-0.030353,-0.000701,0.059897,-0.001136,-0.001226,-0.000143,0.052461
36.148000,-0.122335,-0.278876,0.926203,-0.106012,0.228812,0.479355,0.594113,0.188133,-0.696480,-0.027848,0.351302,0.332155,0.271422,0.310216,0.086043,0.611638,-0.429624,-1.048331,-0.799647,1.230047,-0.251362,-0.031820,0.001358,0.061427,-0.002690,-0.001244,0.000037,0.051681
36.148982,-0.123845,-0.282985,0.937550,-0.111322,0.225421,0.478665,0.594874,0.187981,-0.702970,-0.025015,0.352392,0.330279,0.271582,0.310361,0.086014,0.611634,-0.429554,-1.048336,-0.799649,1.230046,-0.251305,-0.031095,-0.000070,0.064365,-0.003100,-0.001692,-0.000496,0.052732
36.150018,-0.128366,-0.283380,0.943842,-0.116820,0.221691,0.479827,0.595045,0.189373,-0.712193,-0.021741,0.355309,0.328293,0.271854,0.310446,0.085979,0.611635,-0.429495,-1.048340,-0.799651,1.230050,-0.251254,-0.032411,0.000537,0.062805,-0.003032,-0.002697,0.000891,0.052541
36.151000,-0.133092,-0.288225,0.950510,-0.123084,0.218532,0.481322,0.596092,0.198997,-0.723397,-0.009933,0.359176,0.324943,0.272696,0.310490,0.085918,0.611635,-0.429361,-1.048340,-0.799660,1.230047,-0.251146,-0.032107,0.000182,0.064741,-0.002207,-0.004808,-0.000329,0.052851
36.152054,-0.136540,-0.289881,0.959221,-0.126778,0.212551,0.482436,0.595825,0.198997,-0.723397,-0.009933,0.359176,0.324943,0.272696,0.310490,0.085918,0.611635,-0.429361,-1.048340,-0.799660,1.230047,-0.251146,-0.032107,0.000182,0.064741,-0.002207,-0.004808,-0.000329,0.052851
36.153018,-0.142903,-0.291411,0.963495,-0.131807,0.206211,0.483388,0.596306,0.203754,-0.724570,-0.003122,0.358943,0.323514,0.273156,0.310489,0.085883,0.611633,-0.429296,-1.048347,-0.799657,1.230046,-0.251087,-0.032620,-0.000539,0.064820,-0.004100,-0.003572,-0.000686,0.054843
36.154116,-0.144023,-0.296204,0.974807,-0.138062,0.201727,0.484328,0.596562,0.206277,-0.724846,0.002685,0.358110,0.322021,0.273633,0.310506,0.085852,0.611630,-0.429225,-1.048350,-0.799655,1.230047,-0.251031,-0.031474,-0.001167,0.066627,-0.004218,-0.001587,-0.000954,0.055164
36.154964,-0.148900,-0.296160,0.975697,-0.142941,0.198632,0.486080,0.596479,0.206130,-0.724361,0.007189,0.356722,0.320404,0.274108,0.310554,0.085815,0.611632,-0.429161,-1.048353,-0.799661,1.230048,-0.250973,-0.033269,-0.000401,0.065617,-0.003852,-0.002004,-0.001115,0.056158
36.155929,-0.152947,-0.304807,0.987404,-0.150008,0.194882,0.485265,0.596693,0.204885,-0.722353,0.011413,0.354494,0.318780,0.274582,0.310643,0.085784,0.611628,-0.429086,-1.048356,-0.799665,1.230045,-0.250913,-0.032567,-0.001651,0.068506,-0.003512,-0.002691,-0.002258,0.057423
36.156997,-0.153113,-0.301973,0.987495,-0.153299,0.189784,0.485729,0.597214,0.201547,-0.719362,0.014771,0.351174,0.317139,0.274937,0.310758,0.085751,0.611635,-0.429023,-1.048354,-0.799668,1.230049,-0.250852,-0.032580,0.001197,0.066636,-0.001731,-0.003254,-0.000748,0.058271
36.158088,-0.157493,-0.306062,0.998031,-0.160642,0.184678,0.486360,0.598259,0.196485,-0.717061,0.017192,0.347497,0.315452,0.275135,0.310870,0.085713,0.611628,-0.428943,-1.048362,-0.799670,1.230050,-0.250792,-0.034743,-0.001762,0.070988,-0.004082,-0.002932,-0.000469,0.058670
36.158971,-0.160746,-0.310776,1.006925,-0.164478,0.180378,0.486863,0.599412,0.192470,-0.713270,0.020439,0.343205,0.313866,0.275309,0.310948,0.085677,0.611629,-0.428874,-1.048364,-0.799674,1.230048,-0.250735,-0.034850,-0.001315,0.070251,-0.002590,-0.002692,-0.000312,0.058066
36.159962,-0.166545,-0.311616,1.015759,-0.169567,0.176870,0.487042,0.599409,0.191097,-0.707441,0.025458,0.338409,0.312470,0.275554,0.310973,0.085641,0.611629,-0.428806,-1.048367,-0.799675,1.230050,-0.250679,-0.035014,-0.000261,0.069360,-0.003489,-0.002356,-0.000200,0.056924
36.161052,-0.166999,-0.316298,1.021474,-0.176018,0.172875,0.488436,0.599436,0.192629,-0.701766,0.032124,0.334191,0.311231,0.275909,0.310951,0.085608,0.611625,-0.428736,-1.048372,-0.799679,1.230049,-0.250618,-0.034189,-0.001274,0.069011,-0.003656,-0.003273,0.000337,0.058272
36.162042,-0.174942,-0.321966,1.027425,-0.181827,0.166643,0.487596,0.600300,0.196570,-0.695835,0.040250,0.330312,0.310156,0.276360,0.310898,0.085568,0.611625,-0.428661,-1.048374,-0.799681,1.230048,-0.250555,-0.036257,-0.000526,0.070678,-0.003074,-0.004163,-0.000283,0.059688
36.162909,-0.176492,-0.325779,1.032890,-0.186751,0.162904,0.488101,0.600665,0.200286,-0.691836,0.047972,0.327201,0.309045,0.276762,0.310822,0.085536,0.611629,-0.428585,-1.048375,-0.799681,1.230051,-0.250499,-0.034351,0.000806,0.071698,-0.002615,-0.002364,0.001265,0.059279
36.164048,-0.181599,-0.328313,1.042113,-0.193899,0.155899,0.489116,0.600524,0.199190,-0.693986,0.052013,0.325886,0.307512,0.276904,0.310729,0.085498,0.611630,-0.428511,-1.048378,-0.799685,1.230051,-0.250439,-0.035333,0.001404,0.072368,-0.002340,-0.002509,0.001362,0.059687
36.164974,-0.183777,-0.327915,1.047592,-0.197707,0.152704,0.490716,0.601272,0.193180,-0.701112,0.052507,0.325739,0.305575,0.276784,0.310643,0.085462,0.611630,-0.428437,-1.048379,-0.799684,1.230049,-0.250373,-0.035203,0.000976,0.072507,-0.001349,-0.000612,0.001169,0.061517
36.166142,-0.190981,-0.332305,1.052560,-0.204662,0.148008,0.491268,0.602174,0.185389,-0.707388,0.052141,0.324700,0.303567,0.276573,0.310580,0.085425,0.611627,-0.428360,-1.048384,-0.799686,1.230048,-0.250312,-0.036001,-0.000558,0.073447,-0.002467,-0.001593,0.000228,0.061215
36.166994,-0.193332,-0.334284,1.057324,-0.207889,0.145016,0.492481,0.601412,0.175516,-0.709705,0.051226,0.321463,0.301556,0.276304,0.310538,0.085392,0.611626,-0.428278,-1.048385,-0.799691,1.230051,-0.250250,-0.034921,-0.000068,0.075780,-0.001814,-0.002106,0.000499,0.061009
36.168005,-0.196120,-0.338156,1.065162,-0.213393,0.142342,0.493787,0.602680,0.160855,-0.710259,0.047845,0.316693,0.299317,0.275880,0.310533,0.085356,0.611626,-0.428201,-1.048390,-0.799694,1.230051,-0.250182,-0.035480,-0.000337,0.076676,-0.003107,-0.002914,-0.000112,0.063632
36.169044,-0.201431,-0.340044,1.074168,-0.218456,0.136185,0.494461,0.602825,0.143369,-0.711524,0.042664,0.312017,0.296857,0.275402,0.310579,0.085317,0.611625,-0.428121,-1.048393,-0.799702,1.230050,-0.250123,-0.036164,0.000115,0.076808,-0.003004,-0.004722,-0.000695,0.062417
36.170039,-0.202674,-0.343989,1.081764,-0.223020,0.132273,0.494363,0.603748,0.127216,-0.713309,0.038053,0.308121,0.294407,0.275064,0.310662,0.085283,0.611623,-0.428045,-1.048397,-0.799704,1.230046,-0.250056,-0.035700,-0.000464,0.076536,-0.003499,-0.003193,-0.000598,0.063523
36.170935,-0.207479,-0.350461,1.087333,-0.228848,0.127479,0.494531,0.604126,0.114726,-0.715096,0.035415,0.305170,0.292105,0.274960,0.310758,0.085242,0.611623,-0.427968,-1.048403,-0.799705,1.230050,-0.249992,-0.037105,0.000050,0.076746,-0.004207,-0.003762,0.000193,0.062975
36.171923,-0.207715,-0.347904,1.091295,-0.233724,0.123077,0.495462,0.603822,0.106463,-0.719596,0.034637,0.304429,0.289874,0.275069,0.310839,0.085208,0.611629,-0.427889,-1.048404,-0.799706,1.230051,-0.249929,-0.036523,0.001906,0.077461,-0.003202,-0.002983,0.000656,0.063392
36.173022,-0.213793,-0.352039,1.100352,-0.238981,0.117584,0.496326,0.604407,0.101029,-0.726758,0.034917,0.305421,0.287649,0.275270,0.310884,0.085166,0.611621,-0.427807,-1.048409,-0.799710,1.230051,-0.249858,-0.038417,-0.000785,0.079412,-0.003579,-0.002994,0.000421,0.065288
36.174020,-0.216740,-0.354960,1.107472,-0.245712,0.113152,0.497493,0.605558,0.098011,-0.731493,0.036758,0.305726,0.285582,0.275546,0.310882,0.085130,0.611622,-0.427727,-1.048413,-0.799713,1.230051,-0.249791,-0.037677,-0.000326,0.079344,-0.004194,-0.002408,0.000340,0.065571
36.174907,-0.221708,-0.357037,1.118110,-0.250354,0.110210,0.497403,0.605785,0.096727,-0.732283,0.040028,0.304505,0.283713,0.275884,0.310824,0.085090,0.611622,-0.427647,-1.048413,-0.799716,1.230049,-0.249729,-0.038248,-0.000343,0.079771,-0.002871,-0.002445,-0.000109,0.064581
36.176090,-0.225456,-0.361957,1.122478,-0.255727,0.103198,0.498266,0.606179,0.096810,-0.728978,0.044663,0.301351,0.282089,0.276249,0.310720,0.085053,0.611622,-0.427574,-1.048416,-0.799720,1.230051,-0.249664,-0.037541,-0.000617,0.077954,-0.002979,-0.003456,0.000615,0.065284
36.176976,-0.230070,-0.364201,1.125776,-0.259649,0.099765,0.499621,0.606677,0.097945,-0.722900,0.050359,0.296787,0.280652,0.276634,0.310599,0.085013,0.611624,-0.427488,-1.048423,-0.799719,1.230052,-0.249600,-0.038177,0.000082,0.080650,-0.003883,-0.001754,0.000583,0.066110
36.178037,-0.233657,-0.367808,1.133321,-0.265819,0.094816,0.501114,0.608640,0.096814,-0.719253,0.054393,0.292962,0.278987,0.276951,0.310495,0.084976,0.611622,-0.427404,-1.048431,-0.799726,1.230050,-0.249534,-0.037646,-0.000094,0.082368,-0.004591,-0.002263,-0.000138,0.066241
36.178979,-0.236206,-0.370318,1.140930,-0.271013,0.089678,0.501599,0.608950,0.090954,-0.720119,0.055015,0.290578,0.276876,0.277129,0.310412,0.084936,0.611622,-0.427321,-1.048433,-0.799727,1.230046,-0.249476,-0.038044,0.000146,0.082844,-0.004105,-0.002067,-0.000846,0.063733
36.179961,-0.241507,-0.374270,1.147031,-0.276183,0.087812,0.501393,0.609994,0.082550,-0.723358,0.053800,0.288919,0.274531,0.277250,0.310348,0.084895,0.611620,-0.427240,-1.048435,-0.799730,1.230045,-0.249409,-0.038651,0.000030,0.082726,-0.003984,-0.001136,-0.000650,0.064360
36.181057,-0.245853,-0.378511,1.156640,-0.280671,0.082067,0.502040,0.609090,0.073893,-0.727430,0.052305,0.287501,0.272148,0.277374,0.310316,0.084856,0.611621,-0.427155,-1.048439,-0.799738,1.230050,-0.249347,-0.037989,0.000547,0.083536,-0.004073,-0.003643,0.000237,0.063562
36.181976,-0.246600,-0.377851,1.159452,-0.286089,0.079081,0.501985,0.610418,0.064769,-0.733714,0.050228,0.286920,0.269692,0.277481,0.310329,0.084816,0.611623,-0.427073,-1.048448,-0.799741,1.230051,-0.249273,-0.038096,0.001027,0.083173,-0.005332,-0.002770,0.000357,0.066844
36.182971,-0.252986,-0.380138,1.166336,-0.292129,0.072702,0.503931,0.610440,0.056377,-0.741414,0.048348,0.287128,0.267249,0.277611,0.310379,0.084772,0.611619,-0.426986,-1.048452,-0.799748,1.230052,-0.249211,-0.039525,-0.000631,0.085301,-0.004791,-0.003867,0.001062,0.065344
36.184100,-0.254331,-0.385117,1.174895,-0.297689,0.069408,0.504437,0.611035,0.048806,-0.745327,0.047498,0.285662,0.265022,0.277724,0.310437,0.084736,0.611618,-0.426900,-1.048455,-0.799745,1.230049,-0.249141,-0.038375,-0.000943,0.085740,-0.004067,-0.001967,-0.000176,0.066615
36.185047,-0.254922,-0.386995,1.179237,-0.303000,0.066046,0.504706,0.612062,0.041296,-0.744253,0.047469,0.281756,0.263033,0.277784,0.310484,0.084693,0.611620,-0.426813,-1.048461,-0.799753,1.230050,-0.249072,-0.040049,-0.000136,0.086014,-0.004514,-0.003707,0.000133,0.066925
36.185968,-0.260149,-0.389555,1.184149,-0.306743,0.062205,0.505353,0.611680,0.037188,-0.740910,0.049729,0.277330,0.261322,0.277942,0.310518,0.084647,0.611620,-0.426723,-1.048465,-0.799758,1.230049,-0.249006,-0.041587,-0.000602,0.087460,-0.004245,-0.004547,0.000545,0.066085
36.187021,-0.265455,-0.391905,1.192097,-0.311681,0.057900,0.506387,0.613076,0.037510,-0.736644,0.054594,0.273293,0.259861,0.278250,0.310543,0.084607,0.611621,-0.426633,-1.048473,-0.799764,1.230050,-0.248934,-0.040779,-0.000699,0.088483,-0.005330,-0.004788,0.000545,0.068045
36.188038,-0.263655,-0.395415,1.199350,-0.318219,0.053370,0.506596,0.612796,0.038203,-0.732628,0.059559,0.269648,0.258398,0.278605,0.310570,0.084567,0.611619,-0.426543,-1.048479,-0.799768,1.230049,-0.248867,-0.040307,-0.001061,0.088643,-0.005954,-0.005180,0.000263,0.066613
36.189145,-0.268559,-0.399137,1.205900,-0.324375,0.047694,0.507625,0.612889,0.039764,-0.728701,0.064920,0.266414,0.256972,0.279042,0.310614,0.084518,0.611619,-0.426453,-1.048480,-0.799773,1.230051,-0.248794,-0.043206,-0.000804,0.088980,-0.004910,-0.005177,0.000778,0.068517
36.189948,-0.273379,-0.401361,1.209993,-0.326368,0.045216,0.508358,0.613774,0.045910,-0.723948,0.072892,0.263586,0.255800,0.279654,0.310692,0.084476,0.611619,-0.426360,-1.048483,-0.799773,1.230051,-0.248724,-0.043005,-0.000580,0.090079,-0.004688,-0.004472,0.000529,0.069796
36.190923,-0.274024,-0.402908,1.216787,-0.331687,0.040180,0.509892,0.612619,0.053951,-0.720335,0.081637,0.261623,0.254664,0.280340,0.310800,0.084437,0.611619,-0.426270,-1.048496,-0.799780,1.230052,-0.248655,-0.042135,-0.000659,0.090937,-0.006790,-0.005551,0.000365,0.068994
36.191937,-0.279329,-0.410113,1.226132,-0.336960,0.036054,0.510044,0.613427,0.060889,-0.719256,0.089241,0.260921,0.253340,0.281051,0.310927,0.084388,0.611615,-0.426179,-1.048503,-0.799784,1.230050,-0.248575,-0.043705,-0.001283,0.091267,-0.006577,-0.004845,-0.000471,0.072567
36.192929,-0.280532,-0.410365,1.228651,-0.343701,0.031795,0.511736,0.613788,0.068262,-0.720957,0.096573,0.261883,0.251896,0.281853,0.311052,0.084346,0.611620,-0.426086,-1.048509,-0.799790,1.230051,-0.248507,-0.043077,0.000786,0.090497,-0.006656,-0.005236,0.000108,0.072240
36.194020,-0.284046,-0.414441,1.236724,-0.347147,0.027852,0.512643,0.615275,0.075877,-0.725512,0.103587,0.264228,0.250363,0.282682,0.311139,0.084299,0.611617,-0.425987,-1.048510,-0.799795,1.230049,-0.248431,-0.044428,-0.000548,0.092995,-0.005267,-0.005387,-0.000883,0.072789
36.194906,-0.286523,-0.416770,1.240989,-0.353082,0.025083,0.512757,0.615201,0.083066,-0.731017,0.110186,0.266870,0.248774,0.283495,0.311157,0.084252,0.611617,-0.425891,-1.048522,-0.799803,1.230049,-0.248361,-0.044843,-0.000099,0.093195,-0.007496,-0.006288,-0.000999,0.071237
36.196021,-0.292528,-0.418420,1.246041,-0.359796,0.020510,0.513564,0.615699,0.090274,-0.736895,0.116660,0.269723,0.247143,0.284339,0.311103,0.084205,0.611616,-0.425796,-1.048527,-0.799812,1.230052,-0.248288,-0.045264,-0.000247,0.094321,-0.006223,-0.007406,-0.000496,0.072516
36.196929,-0.294486,-0.421774,1.254625,-0.363559,0.015750,0.513355,0.616274,0.094875,-0.741339,0.121842,0.271256,0.245458,0.285063,0.310985,0.084162,0.611614,-0.425696,-1.048531,-0.799818,1.230050,-0.248215,-0.044536,-0.001052,0.096129,-0.005460,-0.007784,-0.000500,0.072981
36.197937,-0.300851,-0.425766,1.256669,-0.368165,0.012502,0.514170,0.615909,0.094877,-0.742134,0.124994,0.269913,0.243748,0.285555,0.310807,0.084115,0.611616,-0.425601,-1.048540,-0.799824,1.230051,-0.248144,-0.045297,-0.000722,0.095167,-0.006434,-0.007046,0.000355,0.072977
36.198955,-0.306630,-0.427567,1.261448,-0.373971,0.007459,0.514558,0.616113,0.077356,-0.745646,0.121138,0.264688,0.239476,0.285810,0.310347,0.084029,0.611614,-0.425398,-1.048553,-0.799837,1.230056,-0.247988,-0.043271,-0.000813,0.099390,-0.006699,-0.007743,0.000562,0.075882
36.199987,-0.305814,-0.428473,1.270077,-0.378795,0.004655,0.515859,0.615790,0.077356,-0.745646,0.121138,0.264688,0.239476,0.285810,0.310347,0.084029,0.611614,-0.425398,-1.048553,-0.799837,1.230056,-0.247988,-0.043271,-0.000813,0.099390,-0.006699,-0.007743,0.000562,0.075882
36.200942,-0.309266,-0.433784,1.273758,-0.383161,-0.000229,0.517885,0.615631,0.057190,-0.748918,0.112584,0.260671,0.236710,0.285455,0.310120,0.083977,0.611611,-0.425299,-1.048562,-0.799852,1.230051,-0.247905,-0.045682,-0.001858,0.098983,-0.007289,-0.009449,0.000019,0.077834
36.201918,-0.311807,-0.438827,1.276337,-0.388974,-0.001938,0.516989,0.614635,0.038088,-0.750281,0.104957,0.255977,0.234003,0.285154,0.309934,0.083930,0.611613,-0.425194,-1.048570,-0.799861,1.230048,-0.247823,-0.045764,-0.000613,0.100633,-0.007899,-0.008749,-0.001320,0.079325
36.203028,-0.314645,-0.436837,1.279882,-0.393964,-0.006307,0.518661,0.614427,0.021365,-0.754436,0.098282,0.253033,0.231229,0.284982,0.309816,0.083882,0.611615,-0.425086,-1.048577,-0.799879,1.230053,-0.247734,-0.046381,0.000444,0.102890,-0.007211,-0.011287,0.000275,0.082519
36.204070,-0.320461,-0.442502,1.287172,-0.400270,-0.009864,0.518370,0.614940,0.004356,-0.761885,0.090997,0.251445,0.228260,0.284788,0.309760,0.083833,0.611607,-0.424978,-1.048588,-0.799892,1.230048,-0.247647,-0.047173,-0.002137,0.105316,-0.007996,-0.011763,-0.000603,0.084327
36.204958,-0.320038,-0.445081,1.293335,-0.404078,-0.013884,0.519247,0.614966,-0.013918,-0.767925,0.083292,0.248778,0.225254,0.284515,0.309727,0.083789,0.611608,-0.424868,-1.048594,-0.799906,1.230053,-0.247563,-0.046333,-0.000820,0.105506,-0.007205,-0.012761,0.000421,0.084592
36.206087,-0.325327,-0.446460,1.299903,-0.409616,-0.018859,0.519204,0.614766,-0.031948,-0.772543,0.076062,0.245270,0.222309,0.284230,0.309686,0.083736,0.611606,-0.424760,-1.048605,-0.799917,1.230049,-0.247476,-0.048176,-0.000832,0.105522,-0.007978,-0.012611,0.000188,0.085601
36.206995,-0.328514,-0.450528,1.305253,-0.414494,-0.020594,0.521712,0.614769,-0.046208,-0.776359,0.071206,0.241954,0.219553,0.284088,0.309629,0.083689,0.611602,-0.424652,-1.048614,-0.799933,1.230052,-0.247382,-0.047777,-0.001770,0.106545,-0.008344,-0.012559,0.001031,0.087418
36.208029,-0.329235,-0.452487,1.307020,-0.418910,-0.024053,0.522871,0.615300,-0.056843,-0.778368,0.068835,0.238467,0.217009,0.284118,0.309545,0.083639,0.611601,-0.424542,-1.048621,-0.799954,1.230048,-0.247294,-0.047873,-0.001052,0.107054,-0.008219,-0.014729,-0.000837,0.088484
36.209011,-0.327823,-0.456645,1.313531,-0.424712,-0.029038,0.523205,0.615678,-0.065139,-0.779790,0.068066,0.235229,0.214585,0.284316,0.309424,0.083588,0.611598,-0.424426,-1.048632,-0.799971,1.230051,-0.247203,-0.049522,-0.001578,0.109924,-0.009176,-0.015741,-0.001259,0.088681
36.209946,-0.330893,-0.458007,1.315267,-0.428486,-0.032134,0.524844,0.615568,-0.068229,-0.781807,0.070250,0.233392,0.212357,0.284800,0.309273,0.083531,0.611598,-0.424315,-1.048639,-0.799987,1.230050,-0.247112,-0.052017,-0.000935,0.110174,-0.008518,-0.014992,-0.000881,0.089112
36.211019,-0.337854,-0.465060,1.321924,-0.434961,-0.037850,0.525298,0.614832,-0.063637,-0.784312,0.076694,0.233366,0.210439,0.285630,0.309123,0.083478,0.611594,-0.424196,-1.048652,-0.800005,1.230047,-0.247017,-0.052179,-0.001603,0.112534,-0.009527,-0.015941,-0.001852,0.090439
36.212070,-0.341028,-0.466123,1.330153,-0.439951,-0.041883,0.524795,0.615347,-0.056364,-0.789183,0.084269,0.235114,0.208550,0.286592,0.308993,0.083431,0.611597,-0.424084,-1.048658,-0.800019,1.230050,-0.246919,-0.050814,0.000334,0.113156,-0.008719,-0.014897,-0.001542,0.093227
36.213048,-0.343977,-0.465939,1.331912,-0.446203,-0.045983,0.525465,0.614031,-0.052161,-0.797943,0.089561,0.238175,0.206422,0.287424,0.308886,0.083377,0.611594,-0.423968,-1.048669,-0.800039,1.230051,-0.246827,-0.051242,-0.000686,0.112858,-0.009185,-0.015409,-0.000291,0.093460
36.213963,-0.343428,-0.467736,1.335840,-0.449420,-0.048631,0.525925,0.613108,-0.051065,-0.805442,0.093402,0.239944,0.204282,0.288070,0.308793,0.083324,0.611590,-0.423846,-1.048674,-0.800056,1.230050,-0.246721,-0.051590,-0.002181,0.115389,-0.008106,-0.015532,-0.000270,0.097247
36.214995,-0.347778,-0.473855,1.337228,-0.456640,-0.052124,0.525702,0.612976,-0.050860,-0.806175,0.097825,0.238264,0.202407,0.288605,0.308709,0.083267,0.611585,-0.423729,-1.048687,-0.800072,1.230052,-0.246613,-0.053490,-0.002572,0.116543,-0.009571,-0.016851,-0.000086,0.100098
36.215989,-0.350163,-0.472536,1.344359,-0.460362,-0.056619,0.528058,0.612698,-0.050675,-0.802685,0.102807,0.234532,0.200695,0.289064,0.308614,0.083214,0.611588,-0.423605,-1.048691,-0.800091,1.230054,-0.246509,-0.053267,-0.001046,0.119492,-0.007831,-0.017820,0.000866,0.101563
36.217032,-0.354285,-0.477235,1.349020,-0.465117,-0.061639,0.528593,0.612870,-0.051716,-0.797960,0.107148,0.229888,0.198960,0.289395,0.308485,0.083159,0.611582,-0.423486,-1.048704,-0.800108,1.230051,-0.246400,-0.053913,-0.003140,0.119392,-0.009227,-0.017612,-0.000789,0.103251
36.218113,-0.353797,-0.481089,1.353691,-0.471380,-0.067130,0.529378,0.611835,-0.053451,-0.791542,0.111170,0.224438,0.197198,0.289694,0.308300,0.083104,0.611581,-0.423361,-1.048717,-0.800124,1.230051,-0.246297,-0.053804,-0.002297,0.120746,-0.009837,-0.017121,-0.000562,0.104132
36.218953,-0.357642,-0.481339,1.358614,-0.475860,-0.070625,0.530276,0.612164,-0.053943,-0.785657,0.115528,0.219753,0.195351,0.290088,0.308051,0.083042,0.611578,-0.423232,-1.048724,-0.800138,1.230052,-0.246180,-0.056056,-0.001932,0.122224,-0.009247,-0.016347,-0.000584,0.107465
36.219998,-0.361842,-0.483233,1.364581,-0.481551,-0.075670,0.530670,0.611023,-0.051667,-0.780633,0.120988,0.216115,0.193445,0.290609,0.307751,0.082988,0.611572,-0.423110,-1.048732,-0.800156,1.230047,-0.246072,-0.055565,-0.002997,0.122437,-0.009146,-0.016459,-0.000858,0.107668
36.221044,-0.363077,-0.489047,1.367711,-0.484683,-0.079238,0.530802,0.610483,-0.047546,-0.772605,0.127686,0.211388,0.191592,0.291202,0.307429,0.082932,0.611567,-0.422986,-1.048742,-0.800171,1.230050,-0.245954,-0.055427,-0.003530,0.123156,-0.008895,-0.015965,-0.000518,0.111165
36.221990,-0.365958,-0.491956,1.373893,-0.490362,-0.082681,0.531500,0.610510,-0.043400,-0.763431,0.134317,0.206199,0.189616,0.291819,0.307143,0.082873,0.611567,-0.422859,-1.048758,-0.800190,1.230051,-0.245834,-0.056740,-0.002151,0.125265,-0.011081,-0.016926,0.000093,0.113399
36.222998,-0.366817,-0.492750,1.380448,-0.495365,-0.087468,0.532205,0.609605,-0.038660,-0.759051,0.140250,0.203595,0.187288,0.292505,0.306925,0.082815,0.611566,-0.422732,-1.048767,-0.800212,1.230049,-0.245717,-0.056973,-0.002094,0.125316,-0.010294,-0.017517,0.000071,0.114357
36.224067,-0.373396,-0.495104,1.384711,-0.503302,-0.091510,0.532922,0.608551,-0.030984,-0.758292,0.147031,0.203391,0.184799,0.293342,0.306776,0.082753,0.611561,-0.422603,-1.048780,-0.800232,1.230052,-0.245592,-0.058732,-0.003363,0.126255,-0.011403,-0.017724,0.000159,0.117454
36.225064,-0.376000,-0.500717,1.394234,-0.510386,-0.098832,0.533752,0.607291,-0.020574,-0.755737,0.155442,0.202872,0.182406,0.294279,0.306681,0.082696,0.611556,-0.422471,-1.048788,-0.800255,1.230053,-0.245463,-0.058047,-0.004068,0.129074,-0.010540,-0.019352,0.000348,0.121020
36.225935,-0.383908,-0.502539,1.399825,-0.515517,-0.103600,0.535051,0.606982,-0.011001,-0.750141,0.163731,0.200579,0.180061,0.295109,0.306611,0.082632,0.611555,-0.422339,-1.048799,-0.800268,1.230055,-0.245331,-0.059081,-0.003040,0.128785,-0.009998,-0.017338,0.000353,0.124850
36.227034,-0.385918,-0.507312,1.403071,-0.520909,-0.108380,0.535311,0.606439,-0.004910,-0.743515,0.170192,0.196828,0.177625,0.295714,0.306529,0.082578,0.611549,-0.422209,-1.048812,-0.800284,1.230056,-0.245198,-0.057151,-0.003667,0.129759,-0.010506,-0.017225,-0.000216,0.126519
36.228030,-0.390258,-0.509846,1.406292,-0.528071,-0.113732,0.535948,0.605173,-0.004669,-0.738933,0.173043,0.192840,0.174866,0.296049,0.306417,0.082517,0.611547,-0.422070,-1.048829,-0.800307,1.230058,-0.245061,-0.058843,-0.003247,0.133190,-0.012211,-0.018276,0.000460,0.129090
36.228926,-0.393970,-0.512189,1.417022,-0.534240,-0.118011,0.536060,0.605417,-0.011246,-0.738905,0.171272,0.189806,0.171619,0.296089,0.306271,0.082457,0.611544,-0.421927,-1.048840,-0.800324,1.230056,-0.244924,-0.059022,-0.003760,0.135929,-0.011546,-0.018216,0.000677,0.132917
36.230074,-0.399692,-0.514149,1.424267,-0.541843,-0.124455,0.538085,0.605279,-0.022476,-0.740918,0.166471,0.186754,0.168134,0.295884,0.306089,0.082396,0.611539,-0.421795,-1.048851,-0.800347,1.230058,-0.244787,-0.059211,-0.004153,0.134408,-0.011225,-0.018641,0.001317,0.133499
36.231057,-0.403377,-0.517899,1.431890,-0.546848,-0.129951,0.538559,0.604146,-0.035018,-0.739608,0.161436,0.181529,0.164852,0.295569,0.305869,0.082336,0.611533,-0.421653,-1.048863,-0.800363,1.230053,-0.244648,-0.059183,-0.005197,0.136116,-0.011167,-0.018338,0.000280,0.135349
36.231924,-0.406660,-0.519779,1.437216,-0.552324,-0.132886,0.539586,0.604901,-0.047123,-0.733885,0.157369,0.174024,0.161880,0.295275,0.305640,0.082276,0.611527,-0.421513,-1.048878,-0.800383,1.230056,-0.244504,-0.059670,-0.005032,0.136605,-0.012527,-0.018055,0.000643,0.138864
36.232996,-0.411974,-0.524685,1.440095,-0.558263,-0.137686,0.540758,0.604284,-0.057799,-0.725979,0.154515,0.165662,0.159126,0.295100,0.305424,0.082215,0.611521,-0.421372,-1.048893,-0.800405,1.230053,-0.244368,-0.059973,-0.005609,0.137550,-0.012591,-0.019690,0.000362,0.138367
36.233897,-0.412965,-0.529608,1.447049,-0.563842,-0.142061,0.540579,0.605231,-0.068192,-0.718609,0.151818,0.157612,0.156395,0.295015,0.305216,0.082153,0.611517,-0.421226,-1.048910,-0.800425,1.230054,-0.244220,-0.059889,-0.005048,0.140909,-0.013542,-0.020578,0.000097,0.141014
36.234916,-0.415237,-0.531576,1.451671,-0.571234,-0.146230,0.541805,0.604776,-0.079899,-0.715873,0.147707,0.151571,0.153407,0.294949,0.305006,0.082089,0.611517,-0.421085,-1.048926,-0.800447,1.230056,-0.244080,-0.061434,-0.004221,0.141219,-0.013729,-0.020934,0.001041,0.140182
36.236051,-0.419150,-0.533978,1.459796,-0.576770,-0.152534,0.542598,0.604954,-0.090081,-0.718136,0.143702,0.148132,0.150259,0.294971,0.304804,0.082025,0.611512,-0.420937,-1.048937,-0.800468,1.230056,-0.243928,-0.062682,-0.005046,0.143365,-0.013002,-0.022167,0.000671,0.142391
36.236957,-0.419056,-0.541799,1.465231,-0.582295,-0.155806,0.543003,0.605817,-0.096050,-0.721229,0.141980,0.145807,0.147219,0.295169,0.304614,0.081961,0.611505,-0.420790,-1.048958,-0.800490,1.230056,-0.243783,-0.063461,-0.005819,0.144440,-0.014733,-0.021867,0.000848,0.143534
36.237923,-0.424662,-0.541636,1.473130,-0.588986,-0.160295,0.544495,0.604664,-0.096224,-0.726075,0.143295,0.145555,0.144297,0.295638,0.304421,0.081893,0.611506,-0.420644,-1.048973,-0.800516,1.230057,-0.243642,-0.065506,-0.003544,0.145502,-0.014998,-0.023339,0.001211,0.142895
36.238946,-0.428629,-0.545369,1.477276,-0.595983,-0.164112,0.546285,0.606349,-0.089908,-0.734537,0.147829,0.148405,0.141492,0.296410,0.304224,0.081830,0.611498,-0.420499,-1.048987,-0.800539,1.230055,-0.243490,-0.064915,-0.005328,0.145697,-0.014555,-0.023923,0.000540,0.146413
36.239992,-0.433699,-0.551238,1.482450,-0.601558,-0.169187,0.547214,0.606138,-0.080663,-0.742152,0.154408,0.151434,0.138892,0.297323,0.304035,0.081764,0.611492,-0.420347,-1.049000,-0.800569,1.230054,-0.243347,-0.065310,-0.005237,0.148064,-0.014218,-0.025440,-0.000378,0.144300
36.240979,-0.436875,-0.553523,1.486773,-0.607676,-0.174134,0.547716,0.606371,-0.073720,-0.748860,0.160152,0.153665,0.136297,0.298187,0.303850,0.081699,0.611490,-0.420194,-1.049018,-0.800594,1.230053,-0.243199,-0.065235,-0.004173,0.150017,-0.015366,-0.025859,-0.000404,0.146097
36.241921,-0.438312,-0.556151,1.491467,-0.614760,-0.176828,0.549061,0.605961,-0.071839,-0.758981,0.162804,0.156787,0.133414,0.298921,0.303668,0.081634,0.611485,-0.420036,-1.049034,-0.800622,1.230053,-0.243051,-0.065931,-0.004774,0.151972,-0.015581,-0.026058,-0.000063,0.146845
36.243037,-0.444244,-0.560683,1.497488,-0.621348,-0.180835,0.549432,0.606266,-0.073746,-0.770628,0.163370,0.160085,0.130390,0.299555,0.303497,0.081564,0.611481,-0.419878,-1.049046,-0.800655,1.230053,-0.242898,-0.067295,-0.005126,0.153477,-0.014624,-0.028234,-0.000615,0.148799
36.244018,-0.445175,-0.561343,1.501387,-0.628008,-0.185143,0.550214,0.606654,-0.077682,-0.780657,0.163363,0.162172,0.127454,0.300120,0.303344,0.081498,0.611477,-0.419718,-1.049062,-0.800690,1.230053,-0.242743,-0.066976,-0.004843,0.155356,-0.015280,-0.030014,-0.000026,0.149610
36.244924,-0.447767,-0.564220,1.510200,-0.633505,-0.189735,0.550745,0.606680,-0.083410,-0.788102,0.163011,0.162554,0.124657,0.300604,0.303208,0.081427,0.611468,-0.419559,-1.049076,-0.800723,1.230053,-0.242594,-0.068713,-0.006204,0.157482,-0.014956,-0.030760,0.000021,0.150042
36.246034,-0.453993,-0.568510,1.514656,-0.640528,-0.194590,0.551919,0.607410,-0.087924,-0.790425,0.164284,0.160583,0.122205,0.301125,0.303075,0.081355,0.611462,-0.419404,-1.049092,-0.800754,1.230053,-0.242440,-0.069348,-0.006331,0.156710,-0.015260,-0.030831,0.000263,0.151049
36.246931,-0.456573,-0.571914,1.521872,-0.645079,-0.197934,0.552425,0.609134,-0.089834,-0.787730,0.167888,0.156592,0.120109,0.301755,0.302935,0.081289,0.611457,-0.419239,-1.049108,-0.800788,1.230053,-0.242291,-0.068864,-0.006134,0.159309,-0.015417,-0.031748,0.000028,0.151025
36.247977,-0.458113,-0.575335,1.524566,-0.650836,-0.204647,0.553586,0.610245,-0.091609,-0.783961,0.171807,0.152122,0.118048,0.302427,0.302772,0.081218,0.611451,-0.419079,-1.049126,-0.800824,1.230054,-0.242147,-0.069502,-0.005993,0.159220,-0.016569,-0.032977,0.000285,0.148630
36.248957,-0.462944,-0.580476,1.531155,-0.657725,-0.207604,0.554653,0.610102,-0.092876,-0.782306,0.175671,0.148992,0.115868,0.303189,0.302577,0.081143,0.611445,-0.418911,-1.049146,-0.800853,1.230054,-0.242003,-0.071080,-0.006117,0.162269,-0.017462,-0.031704,0.000008,0.147772
36.249971,-0.465969,-0.583085,1.537643,-0.664131,-0.213043,0.554427,0.610295,-0.093169,-0.784516,0.179348,0.148210,0.113498,0.304052,0.302367,0.081072,0.611441,-0.418745,-1.049161,-0.800892,1.230053,-0.241847,-0.070828,-0.005273,0.162941,-0.016878,-0.033783,-0.000220,0.149261
36.251009,-0.470873,-0.585610,1.538593,-0.671498,-0.218151,0.555378,0.610763,-0.093678,-0.790050,0.182223,0.149086,0.110957,0.304912,0.302159,0.080999,0.611432,-0.418580,-1.049178,-0.800924,1.230057,-0.241696,-0.071595,-0.005724,0.163904,-0.016984,-0.033577,0.000857,0.150135
36.252023,-0.478830,-0.589855,1.546805,-0.673339,-0.223780,0.556820,0.610909,-0.096406,-0.796143,0.183572,0.149706,0.108309,0.305621,0.301945,0.080927,0.611423,-0.418404,-1.049191,-0.800956,1.230059,-0.241546,-0.071482,-0.006235,0.167674,-0.016367,-0.033863,0.000771,0.150505
36.252931,-0.483405,-0.592836,1.553609,-0.682961,-0.228660,0.557011,0.611053,-0.105413,-0.803863,0.180854,0.150086,0.105304,0.306071,0.301718,0.080862,0.611415,-0.418234,-1.049221,-0.800989,1.230056,-0.241395,-0.069849,-0.005860,0.167678,-0.020774,-0.033478,0.000204,0.151480
36.253975,-0.487295,-0.596722,1.557098,-0.687573,-0.234332,0.557834,0.611551,-0.122391,-0.815013,0.172835,0.151004,0.101795,0.306271,0.301501,0.080793,0.611410,-0.418066,-1.049231,-0.801024,1.230057,-0.241244,-0.069548,-0.005960,0.167800,-0.017037,-0.033243,0.000788,0.152257
36.254970,-0.486776,-0.596765,1.561621,-0.695527,-0.239742,0.557343,0.611463,-0.145841,-0.826914,0.160841,0.151135,0.098005,0.306201,0.301321,0.080722,0.611403,-0.417890,-1.049254,-0.801054,1.230056,-0.241090,-0.069994,-0.005833,0.170337,-0.019052,-0.033017,0.000855,0.152563
36.256053,-0.493261,-0.602690,1.569397,-0.699275,-0.245651,0.559144,0.613056,-0.171658,-0.836158,0.147676,0.149402,0.094228,0.305926,0.301199,0.080644,0.611392,-0.417717,-1.049267,-0.801087,1.230060,-0.240931,-0.072415,-0.007509,0.172055,-0.017519,-0.032746,0.002180,0.153948
36.256964,-0.499058,-0.601005,1.574333,-0.706055,-0.248830,0.559916,0.611600,-0.194962,-0.841863,0.136157,0.146402,0.090637,0.305638,0.301140,0.080572,0.611387,-0.417541,-1.049294,-0.801119,1.230055,-0.240785,-0.071637,-0.006430,0.172662,-0.020567,-0.032476,0.001307,0.152139
36.257975,-0.501555,-0.604418,1.574389,-0.711902,-0.254090,0.561380,0.611402,-0.216099,-0.844694,0.126045,0.142588,0.087143,0.305405,0.301123,0.080505,0.611374,-0.417365,-1.049311,-0.801158,1.230059,-0.240619,-0.070744,-0.008807,0.173638,-0.019537,-0.033929,0.001293,0.156122
36.258966,-0.501418,-0.607641,1.578161,-0.716963,-0.259051,0.562393,0.611148,-0.238592,-0.842520,0.115769,0.136326,0.083654,0.305116,0.301120,0.080432,0.611366,-0.417179,-1.049332,-0.801192,1.230060,-0.240455,-0.071771,-0.008823,0.177572,-0.020098,-0.033874,0.000682,0.157701
36.259932,-0.504223,-0.614561,1.584277,-0.722968,-0.263979,0.564314,0.610274,-0.261781,-0.836482,0.105446,0.128319,0.080129,0.304792,0.301114,0.080355,0.611356,-0.416993,-1.049355,-0.801226,1.230058,-0.240294,-0.073995,-0.008900,0.179472,-0.021247,-0.034026,0.000525,0.159392
36.261019,-0.505685,-0.614702,1.588899,-0.729492,-0.269087,0.566307,0.610689,-0.281026,-0.832806,0.096632,0.122501,0.076521,0.304649,0.301108,0.080277,0.611353,-0.416813,-1.049376,-0.801262,1.230057,-0.240126,-0.074637,-0.007134,0.180141,-0.021319,-0.034052,-0.000577,0.162257
36.262010,-0.510400,-0.618822,1.598270,-0.737647,-0.272301,0.567197,0.611643,-0.293189,-0.833436,0.090830,0.120344,0.072935,0.304826,0.301100,0.080196,0.611339,-0.416622,-1.049397,-0.801298,1.230054,-0.239964,-0.076311,-0.008918,0.182185,-0.021708,-0.034573,-0.001628,0.162755
36.262942,-0.514323,-0.623521,1.601843,-0.742831,-0.276602,0.567550,0.611638,-0.297629,-0.833380,0.089309,0.119369,0.069666,0.305308,0.301070,0.080121,0.611331,-0.416441,-1.049415,-0.801340,1.230057,-0.239802,-0.076094,-0.008544,0.181335,-0.019855,-0.036397,-0.001681,0.162012
36.264071,-0.513531,-0.626240,1.604402,-0.751684,-0.282615,0.568465,0.611460,-0.296505,-0.830156,0.091441,0.117660,0.066811,0.305948,0.301027,0.080044,0.611326,-0.416254,-1.049436,-0.801376,1.230058,-0.239635,-0.076095,-0.007816,0.183017,-0.020531,-0.036843,-0.001243,0.163090
36.264920,-0.513612,-0.630095,1.608652,-0.756231,-0.287953,0.568383,0.610356,-0.292456,-0.825850,0.095508,0.115575,0.064209,0.306607,0.301008,0.079958,0.611316,-0.416060,-1.049454,-0.801412,1.230057,-0.239470,-0.078987,-0.008410,0.186312,-0.018925,-0.036678,-0.001194,0.164870
36.265950,-0.514332,-0.632033,1.614090,-0.760106,-0.292297,0.569381,0.611022,-0.284085,-0.820893,0.102177,0.113550,0.061886,0.307321,0.301021,0.079873,0.611308,-0.415872,-1.049475,-0.801447,1.230058,-0.239294,-0.080542,-0.007922,0.187086,-0.019694,-0.035652,-0.000388,0.167952
36.267013,-0.520514,-0.638124,1.619225,-0.767934,-0.297814,0.569627,0.610175,-0.268001,-0.816623,0.113088,0.113120,0.059894,0.308306,0.301037,0.079785,0.611301,-0.415680,-1.049502,-0.801486,1.230057,-0.239128,-0.082317,-0.008750,0.188354,-0.022209,-0.036599,-0.000514,0.167820
36.267947,-0.517748,-0.637687,1.621036,-0.774731,-0.302006,0.570959,0.609920,-0.245539,-0.815576,0.127149,0.115566,0.058064,0.309604,0.301022,0.079706,0.611295,-0.415485,-1.049524,-0.801524,1.230058,-0.238953,-0.081538,-0.007557,0.189929,-0.021068,-0.036537,0.000142,0.170801
36.268928,-0.516872,-0.640995,1.619090,-0.782233,-0.305687,0.570863,0.610013,-0.220844,-0.816155,0.142411,0.119187,0.056340,0.311010,0.300956,0.079615,0.611282,-0.415289,-1.049543,-0.801560,1.230058,-0.238774,-0.084755,-0.009349,0.192379,-0.020193,-0.037135,-0.000402,0.172300
36.270024,-0.519189,-0.647173,1.628823,-0.787143,-0.313081,0.572637,0.610449,-0.194177,-0.813139,0.159573,0.121108,0.054967,0.312413,0.300818,0.079521,0.611273,-0.415081,-1.049560,-0.801600,1.230061,-0.238597,-0.087101,-0.009348,0.196864,-0.018969,-0.038451,0.000523,0.173205
36.271008,-0.521500,-0.649611,1.635936,-0.796349,-0.317140,0.572813,0.609315,-0.164483,-0.807660,0.178984,0.122043,0.053952,0.313847,0.300589,0.079431,0.611267,-0.414885,-1.049585,-0.801634,1.230057,-0.238417,-0.088233,-0.008170,0.196280,-0.020957,-0.036718,-0.000314,0.173628
36.271944,-0.524605,-0.650704,1.636879,-0.799883,-0.320776,0.573626,0.607470,-0.131043,-0.803045,0.200588,0.123737,0.053229,0.315413,0.300276,0.079339,0.611257,-0.414690,-1.049598,-0.801673,1.230058,-0.238234,-0.089016,-0.008644,0.196386,-0.018104,-0.037702,0.000356,0.177005
36.273007,-0.525560,-0.653803,1.637329,-0.804759,-0.326752,0.575061,0.606958,-0.095629,-0.796793,0.223927,0.124560,0.052851,0.317058,0.299898,0.079248,0.611246,-0.414482,-1.049624,-0.801715,1.230058,-0.238044,-0.089270,-0.009670,0.199160,-0.020373,-0.038800,0.000334,0.181672
36.273940,-0.529216,-0.656754,1.647172,-0.810994,-0.330094,0.575073,0.605439,-0.062752,-0.789642,0.246320,0.124401,0.052514,0.318671,0.299478,0.079153,0.611237,-0.414276,-1.049651,-0.801752,1.230058,-0.237854,-0.090955,-0.009933,0.202953,-0.022097,-0.038281,-0.000201,0.183870
36.274936,-0.530102,-0.658728,1.646962,-0.814822,-0.334779,0.575761,0.604325,-0.033518,-0.784427,0.266617,0.124767,0.052003,0.320273,0.299044,0.079062,0.611225,-0.414077,-1.049672,-0.801793,1.230061,-0.237659,-0.090904,-0.010015,0.201288,-0.021709,-0.039681,0.000575,0.187862
36.276045,-0.537721,-0.663789,1.649677,-0.822753,-0.338614,0.577643,0.604775,-0.006331,-0.780830,0.285772,0.125783,0.051415,0.321910,0.298618,0.078967,0.611214,-0.413862,-1.049700,-0.801831,1.230057,-0.237457,-0.092423,-0.010710,0.204935,-0.024023,-0.040090,0.000749,0.191111
36.277010,-0.539786,-0.667328,1.655082,-0.830356,-0.344724,0.577462,0.604509,0.015422,-0.780179,0.301645,0.127526,0.050532,0.323437,0.298203,0.078878,0.611204,-0.413651,-1.049720,-0.801874,1.230057,-0.237264,-0.090954,-0.010070,0.207810,-0.023132,-0.041941,-0.000200,0.191451
36.277947,-0.537567,-0.668879,1.656682,-0.833344,-0.348504,0.577496,0.603474,0.026224,-0.783150,0.311009,0.129060,0.049103,0.324585,0.297796,0.078786,0.611194,-0.413440,-1.049739,-0.801910,1.230060,-0.237069,-0.091819,-0.009940,0.208435,-0.021652,-0.040738,0.000801,0.192989
36.279081,-0.539889,-0.675754,1.661519,-0.842701,-0.356064,0.579087,0.603945,0.029794,-0.787815,0.316194,0.129936,0.047372,0.325450,0.297415,0.078686,0.611180,-0.413224,-1.049769,-0.801954,1.230061,-0.236867,-0.094648,-0.010715,0.210777,-0.024375,-0.041694,0.001555,0.195992
36.280078,-0.545958,-0.678704,1.666871,-0.848564,-0.360868,0.579857,0.603814,0.033627,-0.794343,0.321237,0.131742,0.045596,0.326331,0.297063,0.078589,0.611174,-0.413008,-1.049787,-0.801992,1.230061,-0.236667,-0.095813,-0.009241,0.212678,-0.022258,-0.039969,0.000919,0.196312
36.280988,-0.547971,-0.680731,1.668737,-0.852986,-0.364718,0.581229,0.604151,0.037515,-0.803740,0.325801,0.134822,0.043707,0.327196,0.296727,0.078497,0.611164,-0.412792,-1.049812,-0.802031,1.230061,-0.236470,-0.094741,-0.009482,0.213477,-0.022634,-0.040281,0.001004,0.197632
36.282071,-0.554886,-0.681256,1.671882,-0.860737,-0.370789,0.582885,0.604235,0.037866,-0.815055,0.328014,0.138098,0.041561,0.327920,0.296404,0.078400,0.611153,-0.412572,-1.049839,-0.802076,1.230058,-0.236269,-0.095405,-0.009987,0.215472,-0.023777,-0.040987,0.000418,0.197820
36.283071,-0.554629,-0.685911,1.677810,-0.868250,-0.375391,0.583940,0.603610,0.031975,-0.824992,0.326824,0.139743,0.039108,0.328444,0.296101,0.078308,0.611139,-0.412351,-1.049859,-0.802114,1.230057,-0.236069,-0.094176,-0.011539,0.217846,-0.022895,-0.040473,-0.000317,0.198854
36.284005,-0.556460,-0.692018,1.679670,-0.873505,-0.379149,0.584643,0.603559,0.019569,-0.829487,0.322671,0.137676,0.036487,0.328723,0.295825,0.078208,0.611129,-0.412134,-1.049879,-0.802157,1.230059,-0.235863,-0.096242,-0.010893,0.218372,-0.021722,-0.040962,-0.000527,0.201132
36.285077,-0.557475,-0.690252,1.684925,-0.877669,-0.385776,0.585685,0.602901,0.005228,-0.830548,0.317802,0.133469,0.033839,0.328886,0.295571,0.078109,0.611123,-0.411907,-1.049902,-0.802203,1.230058,-0.235664,-0.097005,-0.009453,0.220423,-0.022299,-0.041875,-0.000425,0.202144
36.286063,-0.560947,-0.692840,1.686153,-0.884524,-0.389656,0.585980,0.602909,-0.006150,-0.831985,0.314324,0.130070,0.031198,0.329166,0.295321,0.078008,0.611103,-0.411680,-1.049933,-0.802239,1.230057,-0.235453,-0.098616,-0.012089,0.221596,-0.024736,-0.040772,-0.000554,0.204604
36.286979,-0.559640,-0.699519,1.688505,-0.890410,-0.394680,0.587342,0.602901,-0.013215,-0.831307,0.313312,0.126936,0.028671,0.329658,0.295062,0.077909,0.611088,-0.411451,-1.049956,-0.802284,1.230060,-0.235246,-0.098729,-0.012394,0.224265,-0.024012,-0.041887,-0.000020,0.205561
36.288037,-0.563404,-0.697576,1.692886,-0.897925,-0.399212,0.588232,0.604000,-0.017016,-0.828587,0.314147,0.123821,0.026233,0.330270,0.294777,0.077802,0.611083,-0.411219,-1.049979,-0.802325,1.230060,-0.235039,-0.100951,-0.010639,0.225888,-0.023818,-0.041474,-0.000616,0.206435
36.288995,-0.566864,-0.701467,1.696681,-0.903136,-0.404509,0.588211,0.605555,-0.017722,-0.824678,0.316617,0.120788,0.023903,0.330937,0.294450,0.077702,0.611064,-0.410992,-1.050001,-0.802366,1.230060,-0.234835,-0.101124,-0.013344,0.227427,-0.022991,-0.042360,-0.000597,0.205351
36.289956,-0.567951,-0.703896,1.695783,-0.908885,-0.408700,0.588900,0.605192,-0.016495,-0.815633,0.320722,0.115605,0.021828,0.331596,0.294079,0.077600,0.611052,-0.410762,-1.050028,-0.802409,1.230062,-0.234634,-0.101133,-0.012972,0.228605,-0.023676,-0.041887,0.000232,0.203189
36.291002,-0.568656,-0.708462,1.697933,-0.914990,-0.413816,0.589587,0.604949,-0.016202,-0.802463,0.324726,0.108269,0.019845,0.332136,0.293688,0.077497,0.611037,-0.410521,-1.050054,-0.802454,1.230062,-0.234427,-0.102343,-0.013338,0.232047,-0.023840,-0.042546,0.000357,0.204895
36.291963,-0.569257,-0.710754,1.704104,-0.920173,-0.420798,0.590075,0.605709,-0.017587,-0.790142,0.327404,0.101076,0.017700,0.332534,0.293306,0.077390,0.611024,-0.410284,-1.050079,-0.802493,1.230062,-0.234216,-0.103952,-0.012790,0.234503,-0.024288,-0.042785,0.000556,0.206464
36.292917,-0.570971,-0.715653,1.704708,-0.927195,-0.422773,0.591400,0.605818,-0.017693,-0.781016,0.330021,0.095722,0.015413,0.332928,0.292941,0.077281,0.611009,-0.410048,-1.050106,-0.802530,1.230064,-0.234015,-0.105307,-0.013219,0.234414,-0.025005,-0.040697,0.000878,0.205885
36.294043,-0.574828,-0.720525,1.710385,-0.931296,-0.428847,0.592952,0.606576,-0.013774,-0.775115,0.334159,0.092627,0.013112,0.333443,0.292596,0.077174,0.610997,-0.409805,-1.050131,-0.802578,1.230059,-0.233807,-0.106119,-0.012357,0.237052,-0.023881,-0.043540,0.000383,0.206609
36.294959,-0.573889,-0.717469,1.715451,-0.936279,-0.433658,0.593737,0.605929,-0.007344,-0.774513,0.338701,0.092439,0.010650,0.334062,0.292303,0.077066,0.610985,-0.409567,-1.050164,-0.802623,1.230060,-0.233600,-0.106379,-0.011824,0.238208,-0.026703,-0.043180,-0.000217,0.206326
36.295972,-0.576866,-0.723610,1.717545,-0.941843,-0.439233,0.594557,0.605432,0.002199,-0.778251,0.344151,0.095082,0.008043,0.334908,0.292098,0.076955,0.610966,-0.409326,-1.050191,-0.802668,1.230062,-0.233388,-0.108361,-0.014826,0.238356,-0.027295,-0.042957,-0.000229,0.208482
36.296997,-0.581451,-0.724800,1.722889,-0.947166,-0.443358,0.594540,0.605506,0.017126,-0.781109,0.352624,0.098621,0.005546,0.336100,0.291983,0.076843,0.610954,-0.409083,-1.050220,-0.802710,1.230063,-0.233172,-0.108656,-0.013416,0.240596,-0.027947,-0.042536,-0.000193,0.210475
36.297975,-0.580422,-0.727750,1.718077,-0.951547,-0.447307,0.595619,0.604877,0.034067,-0.783414,0.362243,0.102459,0.002990,0.337445,0.291922,0.076733,0.610935,-0.408840,-1.050251,-0.802758,1.230066,-0.232963,-0.108205,-0.014476,0.241251,-0.028876,-0.043577,0.000691,0.211370
36.298944,-0.581475,-0.731904,1.721357,-0.958736,-0.452253,0.596267,0.605229,0.048429,-0.787410,0.370084,0.106815,0.000091,0.338716,0.291873,0.076619,0.610920,-0.408580,-1.050284,-0.802805,1.230067,-0.232745,-0.110402,-0.014592,0.246543,-0.030367,-0.044533,0.000425,0.213567
36.299973,-0.584728,-0.731278,1.727875,-0.964611,-0.457441,0.598083,0.606753,0.059192,-0.793969,0.375360,0.111838,-0.003193,0.339821,0.291815,0.076505,0.610908,-0.408332,-1.050311,-0.802851,1.230068,-0.232526,-0.111494,-0.014123,0.247795,-0.029104,-0.044448,0.000599,0.213752
36.300979,-0.582188,-0.737756,1.729071,-0.970483,-0.461319,0.598559,0.606235,0.067946,-0.800097,0.379427,0.116096,-0.006561,0.340778,0.291735,0.076389,0.610888,-0.408082,-1.050341,-0.802897,1.230064,-0.232318,-0.111661,-0.016096,0.247809,-0.029556,-0.044463,-0.000330,0.211744
36.302004,-0.588529,-0.740318,1.735679,-0.977889,-0.466936,0.599135,0.605874,0.078234,-0.802505,0.384843,0.118497,-0.009629,0.341728,0.291639,0.076272,0.610875,-0.407830,-1.050372,-0.802944,1.230066,-0.232100,-0.114669,-0.014505,0.250338,-0.029790,-0.045662,0.000050,0.213801
36.302952,-0.591575,-0.744637,1.735216,-0.981305,-0.470557,0.599908,0.604852,0.091236,-0.803256,0.392019,0.120089,-0.012344,0.342702,0.291544,0.076161,0.610859,-0.407577,-1.050400,-0.802989,1.230067,-0.231883,-0.113293,-0.014911,0.250226,-0.028695,-0.045218,0.000341,0.215540
36.303988,-0.589906,-0.744287,1.734461,-0.987116,-0.473798,0.600539,0.605733,0.102235,-0.805202,0.397986,0.121334,-0.014963,0.343515,0.291453,0.076048,0.610846,-0.407317,-1.050435,-0.803035,1.230067,-0.231659,-0.113357,-0.014311,0.253146,-0.030917,-0.046361,0.000369,0.218446
36.305036,-0.591917,-0.747921,1.740561,-0.992661,-0.480425,0.601748,0.605756,0.108273,-0.809603,0.400913,0.122606,-0.017694,0.344106,0.291343,0.075927,0.610826,-0.407053,-1.050467,-0.803087,1.230069,-0.231442,-0.115978,-0.016154,0.256683,-0.031383,-0.048307,0.000612,0.217687
36.306057,-0.594719,-0.750378,1.739607,-0.998570,-0.485288,0.602322,0.606344,0.112924,-0.814315,0.403091,0.123752,-0.020338,0.344636,0.291197,0.075810,0.610811,-0.406794,-1.050503,-0.803130,1.230068,-0.231222,-0.116793,-0.016045,0.256888,-0.032130,-0.046982,0.000293,0.218711
36.306942,-0.595824,-0.751803,1.743359,-1.002087,-0.489790,0.603739,0.605079,0.117783,-0.818066,0.405623,0.124481,-0.022791,0.345164,0.291030,0.075693,0.610793,-0.406526,-1.050536,-0.803179,1.230070,-0.231003,-0.117140,-0.016460,0.260412,-0.032396,-0.047264,0.000579,0.218523
36.307946,-0.592732,-0.753631,1.744549,-1.009661,-0.494340,0.604833,0.604855,0.121112,-0.821762,0.407403,0.125005,-0.025215,0.345637,0.290859,0.075572,0.610774,-0.406264,-1.050572,-0.803224,1.230067,-0.230774,-0.117883,-0.017137,0.260760,-0.034054,-0.047173,-0.000072,0.221801
36.309074,-0.596805,-0.758823,1.747583,-1.016186,-0.500880,0.605716,0.604577,0.125860,-0.823400,0.410399,0.124901,-0.027451,0.346193,0.290679,0.075447,0.610756,-0.405993,-1.050601,-0.803276,1.230068,-0.230550,-0.121057,-0.017838,0.263051,-0.032602,-0.047633,-0.000319,0.223186
36.310053,-0.598570,-0.759149,1.746989,-1.022591,-0.506742,0.606131,0.604658,0.134822,-0.821646,0.416380,0.123790,-0.029339,0.346911,0.290482,0.075325,0.610741,-0.405726,-1.050636,-0.803323,1.230068,-0.230322,-0.121013,-0.017094,0.265210,-0.032949,-0.046814,-0.000239,0.224910
36.311037,-0.598805,-0.765292,1.750934,-1.028659,-0.512108,0.606590,0.606362,0.143749,-0.817780,0.422706,0.121372,-0.031143,0.347595,0.290273,0.075199,0.610721,-0.405452,-1.050667,-0.803368,1.230069,-0.230095,-0.121664,-0.018501,0.268197,-0.032459,-0.045879,0.000176,0.225631
36.312175,-0.602094,-0.768483,1.753708,-1.035293,-0.516508,0.607209,0.607575,0.149552,-0.812915,0.427441,0.117566,-0.033077,0.348113,0.290061,0.075074,0.610705,-0.405178,-1.050702,-0.803412,1.230069,-0.229872,-0.123095,-0.016995,0.268916,-0.032275,-0.045498,0.000553,0.223112
36.312983,-0.599240,-0.772536,1.749419,-1.038132,-0.519476,0.609114,0.607007,0.153284,-0.809469,0.430841,0.113638,-0.035210,0.348504,0.289840,0.074948,0.610686,-0.404905,-1.050737,-0.803465,1.230070,-0.229650,-0.123451,-0.017263,0.271217,-0.032558,-0.046847,0.000901,0.221907
36.313982,-0.604048,-0.775050,1.760659,-1.043326,-0.524892,0.608983,0.607450,0.155500,-0.811025,0.432651,0.111599,-0.037714,0.348849,0.289615,0.074816,0.610672,-0.404622,-1.050775,-0.803513,1.230069,-0.229423,-0.125808,-0.016518,0.274896,-0.034339,-0.047834,-0.000328,0.223647
36.315034,-0.607639,-0.778377,1.757752,-1.050039,-0.529626,0.609286,0.606770,0.158046,-0.819020,0.433674,0.112816,-0.040593,0.349315,0.289406,0.074693,0.610652,-0.404356,-1.050811,-0.803559,1.230073,-0.229199,-0.124990,-0.016857,0.272125,-0.035068,-0.047437,0.000650,0.223691
36.315995,-0.608757,-0.782835,1.758136,-1.054687,-0.532095,0.608105,0.608251,0.160237,-0.831137,0.433926,0.116128,-0.043745,0.349882,0.289218,0.074567,0.610633,-0.404071,-1.050845,-0.803608,1.230071,-0.228967,-0.124944,-0.016880,0.276636,-0.034696,-0.048007,0.001246,0.226082
36.317032,-0.615786,-0.781038,1.764732,-1.058926,-0.538445,0.610165,0.609054,0.157004,-0.846429,0.430643,0.120047,-0.047336,0.350250,0.289028,0.074439,0.610618,-0.403785,-1.050883,-0.803660,1.230077,-0.228745,-0.125838,-0.016210,0.278853,-0.035710,-0.050323,0.003225,0.223958
36.318093,-0.619910,-0.784373,1.765911,-1.065601,-0.543933,0.611594,0.608768,0.146428,-0.863644,0.422838,0.123764,-0.051403,0.350320,0.288797,0.074318,0.610596,-0.403504,-1.050923,-0.803707,1.230077,-0.228525,-0.124051,-0.018759,0.278493,-0.037609,-0.049169,0.002015,0.223394
36.318984,-0.620605,-0.789008,1.768558,-1.068936,-0.547592,0.613123,0.608286,0.128167,-0.877719,0.411059,0.125093,-0.055744,0.350136,0.288512,0.074194,0.610577,-0.403217,-1.050958,-0.803755,1.230077,-0.228300,-0.123811,-0.018775,0.280955,-0.037291,-0.049046,0.001493,0.225043
36.320009,-0.621894,-0.792864,1.770087,-1.073772,-0.551519,0.614451,0.607840,0.102974,-0.888883,0.395672,0.124358,-0.060305,0.349757,0.288188,0.074068,0.610560,-0.402938,-1.051002,-0.803806,1.230077,-0.228068,-0.124712,-0.017868,0.281698,-0.039003,-0.049793,0.000724,0.226722
36.320915,-0.622739,-0.794433,1.771995,-1.081141,-0.555380,0.615972,0.607267,0.075561,-0.902524,0.378497,0.125021,-0.065061,0.349389,0.287843,0.073941,0.610542,-0.402648,-1.051043,-0.803861,1.230076,-0.227835,-0.125716,-0.017591,0.283727,-0.040167,-0.050954,0.000275,0.228571
36.321959,-0.626952,-0.795128,1.773165,-1.087653,-0.559770,0.615723,0.609648,0.049973,-0.918316,0.361876,0.127494,-0.069780,0.349163,0.287489,0.073814,0.610521,-0.402358,-1.051075,-0.803913,1.230074,-0.227602,-0.126576,-0.018210,0.284806,-0.038160,-0.051549,-0.000469,0.230451
36.323010,-0.629667,-0.799197,1.779336,-1.094535,-0.565884,0.616766,0.608854,0.025934,-0.929288,0.346747,0.127919,-0.074147,0.348946,0.287127,0.073687,0.610500,-0.402066,-1.051114,-0.803967,1.230078,-0.227381,-0.126167,-0.019513,0.287095,-0.037870,-0.052364,0.000668,0.226671
36.324029,-0.628374,-0.803923,1.782902,-1.100536,-0.572398,0.618225,0.609774,0.001750,-0.931496,0.332794,0.123867,-0.078087,0.348603,0.286772,0.073556,0.610481,-0.401776,-1.051155,-0.804016,1.230076,-0.227147,-0.126894,-0.019382,0.287691,-0.038110,-0.052201,0.000608,0.229501
36.324948,-0.630788,-0.809648,1.784075,-1.108804,-0.576578,0.618808,0.607980,-0.019373,-0.928319,0.321297,0.117679,-0.081676,0.348317,0.286455,0.073422,0.610462,-0.401478,-1.051196,-0.804069,1.230077,-0.226919,-0.129699,-0.018991,0.289736,-0.039501,-0.051781,0.000146,0.228858
36.326033,-0.636152,-0.811285,1.793438,-1.115648,-0.583309,0.619114,0.608159,-0.033715,-0.925357,0.313411,0.112744,-0.085054,0.348270,0.286196,0.073291,0.610444,-0.401184,-1.051231,-0.804124,1.230077,-0.226675,-0.130265,-0.017896,0.292269,-0.037897,-0.053038,0.000480,0.233457
36.327007,-0.636638,-0.810487,1.793757,-1.121979,-0.589228,0.620647,0.609020,-0.043019,-0.923667,0.307951,0.109044,-0.088354,0.348367,0.285991,0.073162,0.610423,-0.400891,-1.051274,-0.804177,1.230079,-0.226441,-0.130022,-0.019184,0.291914,-0.038944,-0.052824,0.001239,0.234414
36.327971,-0.639787,-0.818056,1.796765,-1.127591,-0.592988,0.622129,0.606875,-0.048872,-0.918381,0.304736,0.104032,-0.091489,0.348568,0.285812,0.073027,0.610396,-0.400592,-1.051316,-0.804229,1.230079,-0.226205,-0.131754,-0.021372,0.295250,-0.039584,-0.052708,0.000655,0.233779
36.328993,-0.644842,-0.822739,1.803506,-1.134052,-0.597289,0.623212,0.605522,-0.051815,-0.908931,0.303514,0.097620,-0.094540,0.348918,0.285658,0.072894,0.610377,-0.400286,-1.051360,-0.804290,1.230079,-0.225957,-0.132116,-0.019409,0.297044,-0.040842,-0.054624,0.000126,0.239164
36.329962,-0.651550,-0.824953,1.802139,-1.140215,-0.603519,0.624866,0.603978,-0.053844,-0.902678,0.302139,0.093075,-0.097878,0.349391,0.285554,0.072762,0.610357,-0.399983,-1.051403,-0.804349,1.230079,-0.225708,-0.131752,-0.019046,0.297423,-0.041717,-0.056376,0.000058,0.243012
36.331021,-0.653680,-0.828941,1.804676,-1.148513,-0.607312,0.624662,0.603643,-0.059944,-0.903361,0.297384,0.091356,-0.101830,0.349809,0.285494,0.072634,0.610334,-0.399676,-1.051449,-0.804406,1.230078,-0.225450,-0.130413,-0.019774,0.301484,-0.042422,-0.055853,-0.000635,0.247111
36.331980,-0.653771,-0.829161,1.805174,-1.153476,-0.612958,0.626593,0.603754,-0.075607,-0.908652,0.286567,0.090349,-0.106518,0.349902,0.285458,0.072498,0.610315,-0.399362,-1.051491,-0.804467,1.230079,-0.225197,-0.131633,-0.019832,0.304110,-0.041798,-0.058363,0.000626,0.248975
36.332938,-0.655385,-0.835487,1.806393,-1.161470,-0.618130,0.627090,0.602511,-0.098605,-0.914664,0.271507,0.088540,-0.111651,0.349697,0.285442,0.072359,0.610291,-0.399052,-1.051539,-0.804527,1.230077,-0.224941,-0.133452,-0.021525,0.307076,-0.043563,-0.058327,-0.000366,0.249735
36.334004,-0.656574,-0.840193,1.808050,-1.170680,-0.622887,0.628091,0.602884,-0.123132,-0.919545,0.255688,0.086103,-0.116858,0.349417,0.285449,0.072222,0.610273,-0.398733,-1.051579,-0.804587,1.230077,-0.224681,-0.134513,-0.020182,0.309579,-0.042433,-0.058786,0.000099,0.253223
36.334991,-0.660953,-0.841492,1.812286,-1.175650,-0.628855,0.627631,0.601326,-0.147058,-0.924599,0.240101,0.083713,-0.122025,0.349097,0.285460,0.072082,0.610253,-0.398412,-1.051617,-0.804650,1.230080,-0.224427,-0.136169,-0.019905,0.312621,-0.041051,-0.060343,0.000128,0.253675
36.336015,-0.660265,-0.847309,1.815318,-1.183807,-0.633873,0.629283,0.601670,-0.170039,-0.929605,0.224997,0.081090,-0.127068,0.348708,0.285454,0.071944,0.610229,-0.398097,-1.051665,-0.804712,1.230083,-0.224158,-0.135929,-0.021116,0.313854,-0.043073,-0.060151,0.001561,0.257829
36.337117,-0.662266,-0.850921,1.816867,-1.191131,-0.638866,0.630485,0.602035,-0.190479,-0.933765,0.211444,0.078322,-0.131862,0.348359,0.285428,0.071798,0.610211,-0.397775,-1.051706,-0.804778,1.230083,-0.223899,-0.138318,-0.020179,0.315904,-0.042316,-0.061145,0.000899,0.258221
36.338044,-0.661035,-0.852563,1.823129,-1.196844,-0.644461,0.631262,0.600413,-0.205886,-0.938201,0.200728,0.076435,-0.136305,0.348176,0.285382,0.071657,0.610189,-0.397451,-1.051750,-0.804840,1.230084,-0.223639,-0.139666,-0.020508,0.319235,-0.042980,-0.062698,0.000787,0.258770
36.338920,-0.664729,-0.856584,1.821691,-1.202245,-0.648252,0.632887,0.600480,-0.213242,-0.942148,0.194670,0.075639,-0.140216,0.348295,0.285325,0.071509,0.610166,-0.397129,-1.051795,-0.804903,1.230084,-0.223367,-0.141918,-0.021414,0.318927,-0.043801,-0.062483,0.000928,0.262916
36.340062,-0.663660,-0.862610,1.827211,-1.210340,-0.654217,0.634372,0.599810,-0.211545,-0.944262,0.194053,0.075617,-0.143520,0.348795,0.285273,0.071369,0.610146,-0.396797,-1.051842,-0.804968,1.230082,-0.223103,-0.141580,-0.021049,0.322031,-0.044454,-0.063745,0.000169,0.263532
36.340946,-0.665160,-0.861443,1.829436,-1.218886,-0.660452,0.635847,0.601390,-0.203273,-0.947075,0.197119,0.077181,-0.146458,0.349601,0.285239,0.071216,0.610127,-0.396473,-1.051885,-0.805032,1.230082,-0.222829,-0.144514,-0.020268,0.323645,-0.044687,-0.064554,-0.000179,0.266197
36.341907,-0.672152,-0.866176,1.830456,-1.224706,-0.666060,0.636922,0.601409,-0.188940,-0.948664,0.203894,0.079096,-0.148985,0.350661,0.285224,0.071068,0.610102,-0.396144,-1.051924,-0.805092,1.230081,-0.222565,-0.145213,-0.022493,0.324979,-0.042452,-0.063452,-0.000778,0.263793
36.342948,-0.672155,-0.871352,1.835345,-1.232345,-0.670662,0.636558,0.600994,-0.172778,-0.943471,0.212864,0.077741,-0.151093,0.351772,0.285221,0.070927,0.610083,-0.395807,-1.051970,-0.805157,1.230082,-0.222299,-0.143536,-0.021951,0.327398,-0.043430,-0.063449,-0.000903,0.264745
36.343968,-0.673187,-0.879101,1.835117,-1.239759,-0.676243,0.637700,0.601130,-0.161147,-0.934210,0.220043,0.073345,-0.153235,0.352687,0.285247,0.070777,0.610063,-0.395478,-1.052013,-0.805226,1.230085,-0.222028,-0.145595,-0.021366,0.328541,-0.043306,-0.064945,0.000487,0.266694
36.344931,-0.674324,-0.881235,1.841367,-1.245470,-0.680087,0.638752,0.601076,-0.153226,-0.928096,0.224766,0.069526,-0.155712,0.353427,0.285326,0.070626,0.610047,-0.395139,-1.052057,-0.805288,1.230083,-0.221762,-0.147007,-0.019489,0.331990,-0.043197,-0.065351,0.000345,0.267491
36.346057,-0.681489,-0.888482,1.846931,-1.254613,-0.688790,0.638986,0.602162,-0.145715,-0.928579,0.228333,0.068591,-0.158546,0.354136,0.285471,0.070476,0.610025,-0.394811,-1.052103,-0.805359,1.230083,-0.221490,-0.148185,-0.020273,0.331874,-0.044294,-0.067075,0.000250,0.268543
36.346948,-0.683497,-0.891900,1.846227,-1.258100,-0.691933,0.641088,0.601205,-0.138428,-0.934666,0.231005,0.070242,-0.161696,0.354853,0.285677,0.070330,0.610009,-0.394474,-1.052144,-0.805416,1.230087,-0.221228,-0.146954,-0.018860,0.333208,-0.043390,-0.065083,0.001111,0.267672
36.347935,-0.688128,-0.893043,1.854194,-1.265627,-0.698370,0.640763,0.600077,-0.135415,-0.946903,0.230412,0.074205,-0.165380,0.355447,0.285930,0.070181,0.609990,-0.394130,-1.052196,-0.805489,1.230085,-0.220952,-0.147467,-0.018871,0.335916,-0.046012,-0.067045,-0.000118,0.270395
36.348946,-0.689694,-0.897045,1.857553,-1.273914,-0.700863,0.642139,0.600373,-0.138388,-0.963861,0.225755,0.079773,-0.169639,0.355890,0.286217,0.070033,0.609969,-0.393799,-1.052239,-0.805556,1.230088,-0.220670,-0.146988,-0.020190,0.335068,-0.045505,-0.066327,0.001188,0.273601
36.349922,-0.688183,-0.901792,1.862064,-1.280030,-0.707599,0.643755,0.600831,-0.144427,-0.978050,0.219836,0.083735,-0.173957,0.356236,0.286511,0.069881,0.609949,-0.393459,-1.052282,-0.805632,1.230089,-0.220398,-0.148108,-0.020123,0.336652,-0.044472,-0.069682,0.000790,0.274020
36.351045,-0.691933,-0.906720,1.866151,-1.287247,-0.713052,0.644619,0.602162,-0.148522,-0.986258,0.216016,0.085111,-0.177842,0.356610,0.286781,0.069727,0.609931,-0.393124,-1.052329,-0.805697,1.230089,-0.220121,-0.150616,-0.019639,0.337434,-0.045249,-0.068598,0.000139,0.274048
36.351992,-0.696992,-0.906321,1.867805,-1.295139,-0.717698,0.645411,0.602349,-0.146681,-0.991963,0.215997,0.086309,-0.181193,0.357201,0.287007,0.069573,0.609912,-0.392780,-1.052377,-0.805770,1.230089,-0.219849,-0.151003,-0.019366,0.339414,-0.046116,-0.069730,0.000393,0.272646
36.353073,-0.700682,-0.911065,1.874049,-1.304217,-0.725253,0.646984,0.601951,-0.142313,-0.995178,0.217840,0.086793,-0.184133,0.357869,0.287180,0.069425,0.609888,-0.392435,-1.052420,-0.805842,1.230090,-0.219579,-0.150168,-0.021351,0.341301,-0.044944,-0.070524,0.000527,0.273204
36.353937,-0.701753,-0.912072,1.874019,-1.307786,-0.729881,0.647319,0.602144,-0.141274,-0.990963,0.219046,0.082930,-0.186675,0.358314,0.287311,0.069273,0.609866,-0.392090,-1.052462,-0.805907,1.230091,-0.219296,-0.150482,-0.021032,0.341860,-0.043731,-0.069329,0.000012,0.275160
36.354980,-0.705185,-0.916082,1.878426,-1.315171,-0.736911,0.649106,0.602034,-0.144041,-0.978794,0.219448,0.074326,-0.188839,0.358516,0.287421,0.069119,0.609844,-0.391740,-1.052513,-0.805975,1.230095,-0.219024,-0.151287,-0.022138,0.343951,-0.046045,-0.069649,0.000520,0.275485
36.356023,-0.710912,-0.920314,1.879423,-1.320979,-0.740593,0.650500,0.601871,-0.148635,-0.962461,0.219522,0.063406,-0.190802,0.358641,0.287517,0.068969,0.609820,-0.391386,-1.052562,-0.806043,1.230090,-0.218740,-0.151599,-0.022093,0.345051,-0.046018,-0.068709,-0.000224,0.276773
36.356937,-0.711733,-0.921843,1.877018,-1.326545,-0.746540,0.651204,0.602142,-0.156282,-0.946203,0.217885,0.052133,-0.192894,0.358730,0.287594,0.068819,0.609798,-0.391036,-1.052612,-0.806119,1.230091,-0.218454,-0.150747,-0.021962,0.347913,-0.047590,-0.071078,-0.000590,0.278154
36.358046,-0.717569,-0.928299,1.878641,-1.333937,-0.752484,0.651878,0.600805,-0.170242,-0.933409,0.212132,0.041618,-0.195485,0.358697,0.287628,0.068666,0.609774,-0.390676,-1.052663,-0.806185,1.230094,-0.218175,-0.151878,-0.022897,0.351428,-0.048303,-0.070377,-0.000402,0.278405
36.358992,-0.714695,-0.929353,1.882089,-1.339157,-0.757109,0.651789,0.601739,-0.192509,-0.926065,0.200750,0.032460,-0.198823,0.358442,0.287608,0.068515,0.609754,-0.390322,-1.052711,-0.806257,1.230095,-0.217882,-0.151211,-0.021809,0.354390,-0.048835,-0.070932,0.000016,0.282279
36.359981,-0.715211,-0.931551,1.887050,-1.347041,-0.762016,0.653659,0.601747,-0.219891,-0.924571,0.185452,0.025306,-0.202813,0.358039,0.287553,0.068353,0.609728,-0.389965,-1.052766,-0.806331,1.230098,-0.217603,-0.154223,-0.023034,0.355212,-0.050077,-0.071720,0.001030,0.281238
36.360973,-0.714735,-0.933599,1.889312,-1.348549,-0.767953,0.653466,0.601361,-0.242301,-0.923651,0.172786,0.019230,-0.206755,0.357840,0.287485,0.068197,0.609703,-0.389605,-1.052814,-0.806405,1.230096,-0.217314,-0.155704,-0.023765,0.355576,-0.049137,-0.072498,0.000131,0.282165
36.361970,-0.715771,-0.943031,1.894104,-1.357938,-0.772805,0.654400,0.602655,-0.251796,-0.919501,0.167877,0.013946,-0.210108,0.358183,0.287432,0.068034,0.609678,-0.389247,-1.052877,-0.806478,1.230097,-0.217020,-0.157647,-0.024583,0.357356,-0.054328,-0.072279,0.001322,0.283859
36.363045,-0.717596,-0.947195,1.900572,-1.364351,-0.778608,0.655623,0.602451,-0.230333,-0.921492,0.179723,0.015944,-0.215505,0.360633,0.287368,0.067711,0.609638,-0.388527,-1.052977,-0.806624,1.230099,-0.216451,-0.159948,-0.021783,0.358074,-0.053072,-0.073638,0.001183,0.283758
36.364078,-0.719209,-0.948466,1.901170,-1.371811,-0.783334,0.656200,0.601933,-0.230333,-0.921492,0.179723,0.015944,-0.215505,0.360633,0.287368,0.067711,0.609638,-0.388527,-1.052977,-0.806624,1.230099,-0.216451,-0.159948,-0.021783,0.358074,-0.053072,-0.073638,0.001183,0.283758
36.364979,-0.722630,-0.951762,1.900235,-1.377054,-0.786427,0.655884,0.600851,-0.204497,-0.929659,0.193593,0.022525,-0.217591,0.362421,0.287333,0.067548,0.609611,-0.388160,-1.053030,-0.806701,1.230100,-0.216162,-0.160981,-0.023069,0.360883,-0.052814,-0.074861,0.001627,0.285819
36.365935,-0.719846,-0.954451,1.902646,-1.383126,-0.793029,0.658146,0.600117,-0.176028,-0.936915,0.209394,0.028628,-0.219306,0.364236,0.287292,0.067392,0.609588,-0.387789,-1.053086,-0.806780,1.230105,-0.215871,-0.160689,-0.023073,0.363416,-0.053625,-0.076842,0.002810,0.288722
36.366972,-0.724942,-0.955418,1.905123,-1.389060,-0.797818,0.659144,0.601748,-0.148653,-0.942151,0.225088,0.033107,-0.220769,0.365921,0.287240,0.067224,0.609563,-0.387425,-1.053142,-0.806855,1.230104,-0.215575,-0.163611,-0.023501,0.364753,-0.054039,-0.075671,0.001476,0.291013
36.367999,-0.727847,-0.960788,1.904229,-1.397139,-0.803422,0.660587,0.603384,-0.121310,-0.944234,0.241368,0.035829,-0.221921,0.367577,0.287169,0.067059,0.609536,-0.387054,-1.053199,-0.806935,1.230105,-0.215292,-0.162860,-0.024946,0.366577,-0.055252,-0.076845,0.001510,0.288755
36.368938,-0.724732,-0.961035,1.911062,-1.403384,-0.808594,0.661650,0.602499,-0.097696,-0.942490,0.256216,0.035965,-0.222948,0.369086,0.287065,0.066895,0.609513,-0.386681,-1.053252,-0.807017,1.230105,-0.215009,-0.163231,-0.024183,0.370011,-0.054316,-0.077096,0.001076,0.286511
36.370063,-0.726569,-0.963812,1.908313,-1.409642,-0.814585,0.661728,0.601343,-0.078358,-0.936404,0.269410,0.033051,-0.223882,0.370398,0.286943,0.066722,0.609484,-0.386313,-1.053308,-0.807099,1.230106,-0.214715,-0.166181,-0.025760,0.368924,-0.054449,-0.077195,0.000944,0.289128
36.370943,-0.724065,-0.966001,1.910537,-1.413937,-0.820031,0.663388,0.601333,-0.057321,-0.923969,0.284583,0.027182,-0.224458,0.371739,0.286842,0.066555,0.609458,-0.385926,-1.053367,-0.807179,1.230108,-0.214418,-0.167377,-0.026486,0.373864,-0.056018,-0.077725,0.001975,0.292631
36.372034,-0.726205,-0.971215,1.915153,-1.420323,-0.822583,0.664518,0.604156,-0.032811,-0.907038,0.302336,0.019906,-0.224803,0.373216,0.286779,0.066378,0.609433,-0.385552,-1.053426,-0.807258,1.230108,-0.214119,-0.169754,-0.026989,0.374593,-0.057511,-0.077199,0.001166,0.293279
36.372958,-0.727200,-0.973872,1.916319,-1.426864,-0.828260,0.666551,0.602343,-0.003869,-0.889969,0.322539,0.013721,-0.225110,0.374925,0.286719,0.066201,0.609408,-0.385172,-1.053487,-0.807346,1.230110,-0.213841,-0.170560,-0.026425,0.375644,-0.058627,-0.080899,0.001112,0.288767
36.373966,-0.727186,-0.978332,1.917267,-1.434244,-0.831507,0.666994,0.600932,0.029223,-0.874957,0.344823,0.009525,-0.225442,0.376884,0.286629,0.066029,0.609380,-0.384785,-1.053545,-0.807430,1.230109,-0.213542,-0.171392,-0.026770,0.377115,-0.058250,-0.080343,-0.000012,0.293229
36.374961,-0.724368,-0.981094,1.916751,-1.439498,-0.836015,0.666761,0.600304,0.063312,-0.861627,0.367544,0.006280,-0.225854,0.378926,0.286535,0.065850,0.609354,-0.384403,-1.053603,-0.807520,1.230112,-0.213234,-0.172964,-0.026392,0.379361,-0.057744,-0.082783,0.000538,0.296933
36.376072,-0.726898,-0.983445,1.918699,-1.445525,-0.843298,0.667743,0.600364,0.097981,-0.849707,0.390475,0.003570,-0.226294,0.380967,0.286478,0.065666,0.609325,-0.384011,-1.053668,-0.807605,1.230112,-0.212931,-0.175832,-0.026826,0.382125,-0.059130,-0.083877,0.001761,0.299055
36.376918,-0.729508,-0.986748,1.917543,-1.451148,-0.845551,0.668959,0.602078,0.133714,-0.839782,0.413684,0.001959,-0.226755,0.383019,0.286461,0.065487,0.609296,-0.383623,-1.053733,-0.807690,1.230117,-0.212625,-0.176486,-0.027710,0.384538,-0.060654,-0.082950,0.001836,0.300035
36.377914,-0.728997,-0.991568,1.919054,-1.458402,-0.851447,0.670312,0.600952,0.166673,-0.831810,0.434959,0.001028,-0.227384,0.384944,0.286441,0.065312,0.609270,-0.383229,-1.053796,-0.807782,1.230118,-0.212333,-0.176172,-0.027556,0.386507,-0.060438,-0.085306,0.001446,0.297181
36.378962,-0.726813,-0.996262,1.916389,-1.465620,-0.854940,0.670848,0.601051,0.214302,-0.822873,0.466207,-0.000583,-0.229226,0.387824,0.286328,0.064946,0.609218,-0.382433,-1.053915,-0.807958,1.230120,-0.211721,-0.180682,-0.026601,0.392372,-0.059900,-0.087448,0.001575,0.301128
36.379989,-0.725317,-1.002110,1.916608,-1.472021,-0.860931,0.672332,0.601805,0.214302,-0.822873,0.466207,-0.000583,-0.229226,0.387824,0.286328,0.064946,0.609218,-0.382433,-1.053915,-0.807958,1.230120,-0.211721,-0.180682,-0.026601,0.392372,-0.059900,-0.087448,0.001575,0.301128
36.380973,-0.730522,-1.000439,1.915033,-1.477832,-0.864355,0.673350,0.600464,0.233701,-0.825059,0.478347,0.000692,-0.230255,0.388869,0.286280,0.064759,0.609196,-0.382031,-1.053978,-0.808044,1.230120,-0.211420,-0.182955,-0.025615,0.394854,-0.060417,-0.087241,0.001095,0.300560
36.381973,-0.735099,-1.006061,1.917922,-1.484723,-0.870516,0.673657,0.601450,0.250050,-0.831401,0.488042,0.003289,-0.231407,0.389691,0.286228,0.064579,0.609162,-0.381629,-1.054041,-0.808135,1.230122,-0.211107,-0.181770,-0.028206,0.397955,-0.061166,-0.089325,0.001041,0.304104
36.382923,-0.737031,-1.008641,1.912318,-1.489409,-0.875684,0.674496,0.599749,0.257124,-0.837410,0.492428,0.004148,-0.232847,0.390105,0.286137,0.064400,0.609137,-0.381228,-1.054101,-0.808223,1.230124,-0.210804,-0.181007,-0.027218,0.398913,-0.061022,-0.088756,0.001718,0.302975
36.384027,-0.735504,-1.008938,1.915519,-1.496889,-0.882504,0.675190,0.602889,0.250015,-0.843756,0.488634,0.002892,-0.234882,0.389960,0.286000,0.064219,0.609108,-0.380812,-1.054167,-0.808312,1.230125,-0.210490,-0.181373,-0.027658,0.403650,-0.062563,-0.088881,0.001809,0.307175
36.385008,-0.736717,-1.011684,1.915047,-1.503058,-0.888436,0.676482,0.602455,0.231082,-0.850588,0.477904,0.000227,-0.237493,0.389383,0.285845,0.064030,0.609076,-0.380407,-1.054229,-0.808401,1.230126,-0.210195,-0.183951,-0.029523,0.405150,-0.062655,-0.088342,0.002200,0.301945
36.385936,-0.738608,-1.017234,1.911333,-1.508592,-0.892780,0.678228,0.602781,0.207803,-0.853027,0.465128,-0.004793,-0.240196,0.388670,0.285692,0.063841,0.609045,-0.379992,-1.054292,-0.808486,1.230123,-0.209891,-0.184660,-0.029883,0.407517,-0.063019,-0.087931,0.001888,0.303729
36.386993,-0.738535,-1.019374,1.911494,-1.516061,-0.897129,0.678925,0.603818,0.182327,-0.852190,0.451387,-0.011276,-0.242923,0.387919,0.285567,0.063657,0.609020,-0.379573,-1.054358,-0.808578,1.230122,-0.209584,-0.184923,-0.028791,0.411082,-0.063527,-0.088720,0.001060,0.303787
36.387991,-0.739449,-1.024938,1.907561,-1.522750,-0.903528,0.680918,0.603881,0.152981,-0.852441,0.435135,-0.017494,-0.245895,0.387088,0.285491,0.063466,0.608988,-0.379155,-1.054419,-0.808671,1.230126,-0.209283,-0.186557,-0.029650,0.413635,-0.063239,-0.090317,0.001394,0.302721
36.388913,-0.736479,-1.024270,1.912107,-1.529398,-0.910642,0.681195,0.603319,0.120363,-0.854625,0.416564,-0.023099,-0.249103,0.386191,0.285466,0.063276,0.608962,-0.378727,-1.054482,-0.808758,1.230126,-0.208981,-0.187485,-0.028694,0.417713,-0.063232,-0.089512,0.000379,0.303506
36.389931,-0.743944,-1.030388,1.907330,-1.536047,-0.914755,0.681141,0.604033,0.088189,-0.856580,0.398043,-0.028625,-0.252298,0.385366,0.285488,0.063081,0.608926,-0.378315,-1.054544,-0.808845,1.230130,-0.208672,-0.190032,-0.030609,0.417125,-0.062666,-0.087506,0.001003,0.305346
36.390920,-0.745430,-1.033136,1.908868,-1.541481,-0.922002,0.682791,0.603285,0.057570,-0.855760,0.380573,-0.035227,-0.255336,0.384631,0.285530,0.062896,0.608899,-0.377882,-1.054606,-0.808938,1.230133,-0.208372,-0.187780,-0.029394,0.421743,-0.062873,-0.089117,0.002050,0.304834
36.391968,-0.744023,-1.038266,1.909203,-1.547059,-0.926999,0.682248,0.606358,0.022241,-0.855240,0.360190,-0.042474,-0.258649,0.383734,0.285562,0.062709,0.608868,-0.377450,-1.054673,-0.809021,1.230133,-0.208060,-0.188450,-0.029802,0.422919,-0.063971,-0.087434,0.001363,0.307193
36.392936,-0.744781,-1.039573,1.910445,-1.554981,-0.930197,0.681839,0.605218,-0.017384,-0.859194,0.336533,-0.048114,-0.262425,0.382736,0.285578,0.062515,0.608838,-0.377022,-1.054741,-0.809114,1.230139,-0.207764,-0.190699,-0.029139,0.425218,-0.065364,-0.088346,0.002925,0.301991
36.393956,-0.746877,-1.042936,1.910375,-1.561719,-0.934908,0.684539,0.605364,-0.054189,-0.866017,0.313918,-0.051817,-0.266268,0.381863,0.285589,0.062320,0.608807,-0.376585,-1.054802,-0.809208,1.230142,-0.207455,-0.191523,-0.030220,0.426353,-0.063889,-0.090514,0.004269,0.305159
36.394989,-0.746178,-1.045498,1.904778,-1.567702,-0.939087,0.685512,0.604912,-0.086414,-0.870364,0.294265,-0.056204,-0.269812,0.381074,0.285625,0.062128,0.608776,-0.376157,-1.054869,-0.809300,1.230140,-0.207146,-0.191916,-0.030364,0.428652,-0.063919,-0.091500,0.002558,0.305748
36.395960,-0.741838,-1.051423,1.907863,-1.571878,-0.944419,0.687411,0.603846,-0.116467,-0.870651,0.276516,-0.062453,-0.273080,0.380275,0.285693,0.061928,0.608746,-0.375707,-1.054935,-0.809400,1.230142,-0.206832,-0.193672,-0.030950,0.433560,-0.064845,-0.093036,0.002613,0.307584
36.396907,-0.742815,-1.053722,1.903329,-1.578310,-0.948475,0.687413,0.603683,-0.142258,-0.871270,0.261180,-0.067786,-0.276178,0.379648,0.285790,0.061726,0.608719,-0.375269,-1.055008,-0.809492,1.230142,-0.206520,-0.197000,-0.029746,0.433738,-0.066900,-0.093081,0.001665,0.310520
36.398017,-0.744785,-1.058234,1.897211,-1.585686,-0.954273,0.688717,0.603465,-0.159148,-0.876010,0.250297,-0.069430,-0.279038,0.379454,0.285906,0.061525,0.608688,-0.374827,-1.055072,-0.809588,1.230145,-0.206206,-0.197562,-0.030289,0.437601,-0.066663,-0.094235,0.002597,0.311564
36.398974,-0.749262,-1.061813,1.897520,-1.591388,-0.959628,0.689213,0.601613,-0.172546,-0.885101,0.240687,-0.068313,-0.281893,0.379447,0.285994,0.061323,0.608656,-0.374373,-1.055140,-0.809679,1.230146,-0.205890,-0.198225,-0.030045,0.443270,-0.066769,-0.094737,0.002378,0.313078
36.400011,-0.757050,-1.065800,1.896681,-1.598535,-0.964357,0.689591,0.602306,-0.192392,-0.898399,0.226617,-0.066352,-0.285183,0.379197,0.286028,0.061130,0.608626,-0.373929,-1.055209,-0.809772,1.230150,-0.205563,-0.197176,-0.029964,0.444680,-0.067268,-0.094666,0.002808,0.317518
36.400978,-0.755949,-1.068973,1.894229,-1.603635,-0.968692,0.689573,0.601761,-0.225268,-0.915550,0.204416,-0.064981,-0.289167,0.378446,0.286008,0.060938,0.608596,-0.373475,-1.055274,-0.809871,1.230155,-0.205243,-0.194776,-0.029852,0.447171,-0.067072,-0.095699,0.003425,0.316984
36.402074,-0.760824,-1.072543,1.901476,-1.607769,-0.975689,0.689432,0.602741,-0.272837,-0.935320,0.173394,-0.065225,-0.293852,0.377105,0.285927,0.060740,0.608565,-0.373016,-1.055346,-0.809967,1.230162,-0.204925,-0.196544,-0.029984,0.449904,-0.068204,-0.096693,0.004363,0.318861
36.402931,-0.764973,-1.075330,1.895167,-1.615358,-0.978624,0.690117,0.601205,-0.328261,-0.957439,0.137500,-0.065899,-0.298955,0.375441,0.285792,0.060542,0.608535,-0.372572,-1.055422,-0.810062,1.230170,-0.204607,-0.195737,-0.030209,0.448846,-0.071250,-0.095856,0.005544,0.317907
36.403927,-0.761741,-1.074563,1.895004,-1.618729,-0.981725,0.692422,0.599846,-0.387251,-0.980758,0.099407,-0.066708,-0.304269,0.373587,0.285645,0.060348,0.608503,-0.372108,-1.055489,-0.810162,1.230176,-0.204279,-0.194475,-0.030281,0.452688,-0.069027,-0.097510,0.005657,0.321515
36.405044,-0.764416,-1.080356,1.890410,-1.625437,-0.986729,0.694033,0.599693,-0.448716,-1.000783,0.060450,-0.069713,-0.309591,0.371504,0.285545,0.060146,0.608468,-0.371643,-1.055568,-0.810263,1.230178,-0.203944,-0.197377,-0.032415,0.454382,-0.071992,-0.099880,0.004308,0.324990
36.406020,-0.766861,-1.082377,1.890741,-1.632376,-0.989630,0.695765,0.598714,-0.507567,-1.015843,0.023704,-0.074629,-0.314685,0.369410,0.285509,0.059947,0.608438,-0.371178,-1.055641,-0.810367,1.230182,-0.203613,-0.197732,-0.031539,0.459230,-0.072674,-0.101082,0.003785,0.326299
36.407058,-0.768576,-1.088879,1.889318,-1.640087,-0.994280,0.696497,0.599769,-0.563192,-1.028244,-0.010874,-0.080144,-0.319599,0.367364,0.285509,0.059749,0.608404,-0.370712,-1.055712,-0.810475,1.230186,-0.203279,-0.197714,-0.032249,0.460509,-0.072027,-0.103463,0.002990,0.328993
36.408074,-0.766422,-1.090354,1.885586,-1.645191,-0.998554,0.697091,0.599183,-0.617585,-1.038554,-0.044431,-0.086699,-0.324316,0.365269,0.285531,0.059550,0.608374,-0.370246,-1.055782,-0.810582,1.230190,-0.202949,-0.198286,-0.030857,0.463149,-0.071157,-0.104477,0.003272,0.327704
36.409066,-0.766156,-1.096434,1.880810,-1.649900,-1.003960,0.698104,0.599969,-0.669082,-1.047531,-0.076096,-0.093885,-0.328722,0.363222,0.285573,0.059345,0.608340,-0.369771,-1.055858,-0.810693,1.230195,-0.202618,-0.200655,-0.031936,0.466693,-0.072582,-0.105696,0.003656,0.329725
36.410059,-0.772585,-1.098026,1.882175,-1.654546,-1.007763,0.697339,0.600224,-0.715003,-1.058205,-0.104890,-0.099591,-0.332876,0.361438,0.285616,0.059143,0.608314,-0.369288,-1.055936,-0.810799,1.230198,-0.202283,-0.202001,-0.030700,0.470468,-0.074134,-0.105670,0.003599,0.328871
36.411010,-0.774327,-1.100147,1.881489,-1.661564,-1.012199,0.695809,0.600800,-0.756757,-1.073547,-0.132119,-0.102325,-0.337036,0.359973,0.285618,0.058945,0.608281,-0.368816,-1.056017,-0.810913,1.230207,-0.201954,-0.200032,-0.031676,0.471286,-0.075703,-0.107192,0.005309,0.329144
36.411964,-0.774438,-1.102747,1.881120,-1.664008,-1.014066,0.695537,0.598994,-0.798367,-1.090522,-0.159563,-0.104256,-0.341265,0.358651,0.285568,0.058744,0.608249,-0.368335,-1.056090,-0.811021,1.230218,-0.201620,-0.200269,-0.032286,0.472755,-0.074716,-0.107847,0.007719,0.328652
36.413009,-0.769454,-1.105418,1.878116,-1.670222,-1.016473,0.695582,0.598556,-0.838806,-1.104586,-0.185877,-0.107499,-0.345338,0.357446,0.285506,0.058542,0.608215,-0.367863,-1.056176,-0.811140,1.230229,-0.201281,-0.201298,-0.032635,0.474176,-0.078058,-0.111013,0.008858,0.332962
36.414053,-0.774354,-1.107800,1.878160,-1.675387,-1.018609,0.697560,0.598448,-0.871184,-1.115850,-0.207138,-0.110679,-0.349002,0.356630,0.285470,0.058329,0.608182,-0.367377,-1.056257,-0.811264,1.230239,-0.200936,-0.205106,-0.033168,0.477430,-0.078466,-0.114154,0.009782,0.334631
36.414957,-0.775924,-1.109859,1.874206,-1.680466,-1.022394,0.699739,0.598545,-0.891588,-1.124130,-0.221062,-0.113106,-0.352091,0.356360,0.285457,0.058126,0.608148,-0.366886,-1.056338,-0.811388,1.230244,-0.200599,-0.204011,-0.033827,0.479064,-0.079916,-0.117569,0.008789,0.335688
36.415929,-0.773191,-1.114253,1.876443,-1.686808,-1.023846,0.700933,0.596414,-0.904958,-1.128615,-0.230252,-0.115904,-0.354756,0.356469,0.285451,0.057922,0.608112,-0.366401,-1.056421,-0.811508,1.230252,-0.200261,-0.204105,-0.034315,0.481777,-0.080251,-0.118442,0.007453,0.336036
36.417028,-0.772693,-1.120156,1.866588,-1.693615,-1.026455,0.703276,0.596946,-0.913771,-1.129147,-0.236023,-0.119589,-0.357045,0.356890,0.285457,0.057709,0.608082,-0.365914,-1.056503,-0.811640,1.230259,-0.199914,-0.206512,-0.033842,0.481832,-0.079914,-0.122013,0.007182,0.341002
36.418004,-0.774754,-1.123968,1.861073,-1.697626,-1.030672,0.705130,0.597750,-0.916877,-1.131526,-0.238882,-0.123605,-0.360892,0.358724,0.285471,0.057285,0.608016,-0.364912,-1.056672,-0.811903,1.230271,-0.199231,-0.208247,-0.032684,0.492562,-0.082103,-0.126019,0.004962,0.339908
36.418932,-0.780059,-1.125667,1.860947,-1.703041,-1.032694,0.704573,0.596618,-0.916877,-1.131526,-0.238882,-0.123605,-0.360892,0.358724,0.285471,0.057285,0.608016,-0.364912,-1.056672,-0.811903,1.230271,-0.199231,-0.208247,-0.032684,0.492562,-0.082103,-0.126019,0.004962,0.339908
36.420112,-0.780840,-1.130637,1.863435,-1.708312,-1.037673,0.704647,0.595874,-0.923815,-1.141541,-0.244610,-0.121719,-0.363445,0.359747,0.285454,0.057082,0.607983,-0.364412,-1.056754,-0.812038,1.230282,-0.198884,-0.206560,-0.033454,0.493323,-0.082308,-0.128703,0.006397,0.342775
36.421020,-0.776284,-1.134154,1.865094,-1.711257,-1.039390,0.703255,0.593762,-0.937456,-1.155104,-0.254700,-0.118821,-0.366479,0.360740,0.285455,0.056871,0.607951,-0.363919,-1.056843,-0.812171,1.230291,-0.198527,-0.207998,-0.033119,0.494712,-0.084602,-0.130042,0.007429,0.345317
36.421887,-0.778054,-1.132042,1.857227,-1.715848,-1.039501,0.702942,0.594565,-0.948709,-1.171705,-0.263878,-0.113694,-0.369573,0.362042,0.285514,0.056651,0.607916,-0.363421,-1.056935,-0.812310,1.230305,-0.198169,-0.210992,-0.032913,0.494466,-0.086896,-0.132851,0.009645,0.350041
36.423012,-0.780265,-1.139248,1.862793,-1.722116,-1.043867,0.704533,0.593587,-0.950292,-1.188521,-0.267560,-0.106519,-0.372308,0.363842,0.285644,0.056440,0.607876,-0.362909,-1.057023,-0.812458,1.230319,-0.197825,-0.210730,-0.035385,0.498575,-0.087291,-0.136912,0.010720,0.348821
36.423996,-0.780351,-1.142102,1.862407,-1.729514,-1.047495,0.706840,0.594097,-0.944963,-1.201316,-0.266669,-0.099867,-0.374621,0.365881,0.285836,0.056228,0.607845,-0.362414,-1.057115,-0.812602,1.230328,-0.197463,-0.211614,-0.034029,0.498732,-0.088985,-0.139064,0.010261,0.351918
36.424936,-0.779310,-1.140132,1.860175,-1.734486,-1.051479,0.709434,0.594488,-0.934551,-1.211051,-0.262308,-0.093696,-0.376552,0.368012,0.286088,0.056010,0.607808,-0.361905,-1.057204,-0.812749,1.230333,-0.197117,-0.213146,-0.034641,0.501098,-0.088879,-0.141355,0.009026,0.351809
36.426021,-0.786835,-1.144561,1.863968,-1.742544,-1.054729,0.711375,0.594339,-0.917717,-1.215310,-0.253383,-0.089000,-0.377876,0.370270,0.286394,0.055795,0.607763,-0.361401,-1.057299,-0.812895,1.230337,-0.196759,-0.215094,-0.037460,0.504062,-0.090674,-0.142950,0.007464,0.351824
36.426935,-0.785332,-1.146605,1.861105,-1.749681,-1.058355,0.713356,0.595021,-0.897023,-1.209246,-0.240736,-0.088475,-0.378477,0.372586,0.286726,0.055583,0.607726,-0.360892,-1.057388,-0.813048,1.230342,-0.196408,-0.213375,-0.037494,0.505134,-0.090863,-0.146328,0.006728,0.353300
36.427987,-0.789077,-1.155168,1.865358,-1.755115,-1.062754,0.713502,0.595053,-0.877173,-1.192984,-0.227043,-0.093058,-0.378515,0.374807,0.287034,0.055368,0.607685,-0.360373,-1.057478,-0.813201,1.230347,-0.196053,-0.215469,-0.038267,0.508023,-0.090332,-0.148009,0.005741,0.352661
36.428929,-0.791046,-1.159702,1.862437,-1.760944,-1.065823,0.713340,0.595937,-0.858936,-1.172354,-0.213533,-0.100393,-0.378234,0.376950,0.287298,0.055150,0.607651,-0.359868,-1.057574,-0.813356,1.230357,-0.195691,-0.215441,-0.036187,0.508630,-0.092702,-0.149959,0.006740,0.353655
36.429955,-0.795021,-1.162348,1.862544,-1.767595,-1.066414,0.713675,0.596275,-0.842559,-1.157101,-0.201710,-0.105937,-0.378059,0.379056,0.287542,0.054931,0.607616,-0.359348,-1.057673,-0.813512,1.230368,-0.195345,-0.215837,-0.035877,0.511778,-0.093543,-0.152395,0.007900,0.352716
36.430983,-0.796461,-1.161151,1.868170,-1.770901,-1.070638,0.713759,0.597972,-0.823312,-1.146088,-0.187950,-0.111570,-0.378626,0.382711,0.287956,0.054496,0.607533,-0.358317,-1.057876,-0.813850,1.230391,-0.194645,-0.216655,-0.039322,0.513735,-0.098430,-0.159602,0.009651,0.350691
36.432005,-0.791155,-1.165190,1.870541,-1.779110,-1.073203,0.714261,0.599138,-0.823312,-1.146088,-0.187950,-0.111570,-0.378626,0.382711,0.287956,0.054496,0.607533,-0.358317,-1.057876,-0.813850,1.230391,-0.194645,-0.216655,-0.039322,0.513735,-0.098430,-0.159602,0.009651,0.350691
36.432943,-0.792495,-1.165182,1.868679,-1.785119,-1.073724,0.715267,0.598797,-0.809285,-1.137485,-0.177766,-0.115680,-0.378408,0.384647,0.288097,0.054268,0.607495,-0.357793,-1.057974,-0.814019,1.230401,-0.194298,-0.220957,-0.039370,0.514844,-0.097623,-0.163026,0.010239,0.349403
36.434006,-0.793065,-1.170539,1.868465,-1.790722,-1.077993,0.717764,0.598506,-0.781239,-1.120021,-0.158108,-0.122301,-0.377058,0.386971,0.288236,0.054043,0.607448,-0.357273,-1.058074,-0.814195,1.230411,-0.193942,-0.221540,-0.041182,0.517425,-0.098225,-0.167790,0.010225,0.350907
36.434966,-0.795681,-1.173744,1.870572,-1.796075,-1.082867,0.720069,0.599173,-0.742270,-1.094657,-0.130934,-0.131548,-0.374752,0.389545,0.288411,0.053814,0.607408,-0.356749,-1.058178,-0.814372,1.230415,-0.193589,-0.223046,-0.040654,0.520151,-0.100352,-0.169697,0.008885,0.352598
36.435995,-0.798056,-1.179494,1.868687,-1.801301,-1.085518,0.719816,0.600074,-0.698122,-1.067884,-0.100545,-0.140866,-0.372079,0.392296,0.288625,0.053591,0.607365,-0.356221,-1.058282,-0.814548,1.230420,-0.193238,-0.223128,-0.040952,0.520800,-0.101704,-0.170247,0.007632,0.352110
36.437030,-0.799404,-1.184104,1.870431,-1.807262,-1.088226,0.719794,0.601179,-0.653408,-1.046141,-0.070591,-0.147662,-0.369563,0.395177,0.288855,0.053365,0.607324,-0.355694,-1.058389,-0.814732,1.230433,-0.192886,-0.223616,-0.040144,0.524064,-0.103790,-0.173499,0.008995,0.351334
36.438052,-0.804302,-1.184873,1.874076,-1.814325,-1.092154,0.721759,0.600771,-0.611830,-1.033790,-0.043872,-0.150431,-0.367573,0.398054,0.289085,0.053137,0.607284,-0.355163,-1.058497,-0.814915,1.230444,-0.192541,-0.224613,-0.039959,0.525492,-0.105143,-0.176721,0.010109,0.350188
36.438957,-0.799153,-1.188721,1.869717,-1.818219,-1.093206,0.721453,0.601477,-0.574482,-1.028517,-0.020681,-0.150569,-0.366064,0.400836,0.289306,0.052913,0.607238,-0.354642,-1.058604,-0.815096,1.230452,-0.192182,-0.223807,-0.041594,0.525977,-0.105310,-0.178639,0.009228,0.352019
36.439937,-0.801743,-1.186551,1.867622,-1.822883,-1.095159,0.722209,0.601605,-0.539667,-1.024505,0.000776,-0.150613,-0.364731,0.403534,0.289521,0.052674,0.607196,-0.354104,-1.058715,-0.815287,1.230467,-0.191834,-0.227413,-0.041413,0.529316,-0.107450,-0.182490,0.010485,0.351333
36.441049,-0.800249,-1.193835,1.872670,-1.831166,-1.099889,0.724506,0.599617,-0.467838,-1.009309,0.045271,-0.153090,-0.361857,0.408842,0.289953,0.052208,0.607107,-0.353034,-1.058939,-0.815674,1.230485,-0.191108,-0.230172,-0.043008,0.532515,-0.109164,-0.187598,0.009659,0.357160
36.441931,-0.795532,-1.197388,1.867725,-1.837001,-1.101714,0.726858,0.599807,-0.467838,-1.009309,0.045271,-0.153090,-0.361857,0.408842,0.289953,0.052208,0.607107,-0.353034,-1.058939,-0.815674,1.230485,-0.191108,-0.230172,-0.043008,0.532515,-0.109164,-0.187598,0.009659,0.357160
36.442956,-0.795969,-1.198776,1.869247,-1.841945,-1.105863,0.728358,0.601536,-0.425533,-0.997393,0.071328,-0.154955,-0.360002,0.411582,0.290194,0.051966,0.607064,-0.352487,-1.059049,-0.815873,1.230491,-0.190752,-0.233387,-0.042943,0.535855,-0.109174,-0.190417,0.008263,0.357394
36.444030,-0.801348,-1.204513,1.868931,-1.848851,-1.111601,0.728808,0.602282,-0.375226,-0.984928,0.101629,-0.155615,-0.357770,0.414545,0.290433,0.051731,0.607018,-0.351949,-1.059163,-0.816066,1.230500,-0.190401,-0.234685,-0.044272,0.537217,-0.111325,-0.192004,0.007871,0.354931
36.444967,-0.806013,-1.208731,1.868553,-1.853175,-1.115141,0.727617,0.602229,-0.322003,-0.972843,0.132992,-0.155247,-0.355477,0.417590,0.290643,0.051496,0.606977,-0.351400,-1.059277,-0.816262,1.230510,-0.190052,-0.233727,-0.043579,0.539803,-0.111976,-0.192349,0.008585,0.354609
36.446056,-0.807143,-1.211227,1.870038,-1.858833,-1.115900,0.728460,0.601881,-0.276272,-0.965353,0.158772,-0.153490,-0.353800,0.420321,0.290850,0.051267,0.606935,-0.350852,-1.059393,-0.816461,1.230522,-0.189696,-0.232629,-0.043309,0.541268,-0.113863,-0.193863,0.010773,0.355518
36.446914,-0.807649,-1.215346,1.871115,-1.862312,-1.117577,0.728184,0.602828,-0.217645,-0.969178,0.186982,-0.145429,-0.353096,0.424443,0.291370,0.050791,0.606845,-0.349762,-1.059635,-0.816883,1.230543,-0.188975,-0.234403,-0.043797,0.543214,-0.117599,-0.201819,0.012263,0.356024
36.448000,-0.807801,-1.216299,1.873096,-1.869023,-1.117535,0.728977,0.603169,-0.194355,-0.975448,0.196305,-0.140143,-0.353394,0.426185,0.291650,0.050553,0.606795,-0.349209,-1.059757,-0.817106,1.230557,-0.188621,-0.236100,-0.045456,0.544715,-0.118358,-0.207806,0.012598,0.356513
36.449079,-0.807392,-1.219271,1.875069,-1.874572,-1.120542,0.731271,0.602770,-0.194355,-0.975448,0.196305,-0.140143,-0.353394,0.426185,0.291650,0.050553,0.606795,-0.349209,-1.059757,-0.817106,1.230557,-0.188621,-0.236100,-0.045456,0.544715,-0.118358,-0.207806,0.012598,0.356513
36.449940,-0.804943,-1.222347,1.869518,-1.877357,-1.124168,0.734316,0.603092,-0.168148,-0.978417,0.207483,-0.136087,-0.353499,0.427879,0.291952,0.050308,0.606748,-0.348662,-1.059881,-0.817322,1.230565,-0.188254,-0.237956,-0.046097,0.546219,-0.120209,-0.210710,0.011456,0.358415
36.451019,-0.808690,-1.227334,1.867428,-1.882120,-1.125447,0.735589,0.603907,-0.136803,-0.977922,0.221858,-0.132809,-0.353296,0.429638,0.292302,0.050064,0.606702,-0.348104,-1.060011,-0.817537,1.230569,-0.187902,-0.239931,-0.046157,0.549538,-0.122578,-0.211364,0.009350,0.358382
36.452057,-0.805725,-1.231153,1.866014,-1.888483,-1.127077,0.736413,0.604538,-0.103888,-0.979868,0.236499,-0.127741,-0.353219,0.431429,0.292667,0.049825,0.606656,-0.347547,-1.060141,-0.817765,1.230579,-0.187545,-0.239759,-0.045804,0.552946,-0.125030,-0.215938,0.009250,0.357872
36.452984,-0.812435,-1.237323,1.863901,-1.891521,-1.128337,0.735833,0.604380,-0.073633,-0.987881,0.248409,-0.119873,-0.353590,0.433132,0.293009,0.049575,0.606607,-0.346985,-1.060269,-0.817992,1.230590,-0.187191,-0.242686,-0.045907,0.555603,-0.125543,-0.219816,0.009534,0.357652
36.454011,-0.811863,-1.239197,1.856646,-1.897758,-1.128378,0.733635,0.603067,-0.048535,-1.003147,0.255984,-0.109348,-0.354510,0.434644,0.293325,0.049342,0.606566,-0.346418,-1.060405,-0.818226,1.230603,-0.186829,-0.240429,-0.044641,0.557634,-0.128162,-0.223170,0.011096,0.358732
36.455080,-0.812535,-1.243457,1.864710,-1.901467,-1.129576,0.734291,0.603186,-0.030101,-1.054216,0.249130,-0.084457,-0.358611,0.436279,0.293926,0.048846,0.606475,-0.345290,-1.060674,-0.818711,1.230637,-0.186092,-0.243377,-0.045734,0.561230,-0.131853,-0.232807,0.014782,0.363129
36.456035,-0.818285,-1.242244,1.864356,-1.905617,-1.127742,0.734593,0.603069,-0.030101,-1.054216,0.249130,-0.084457,-0.358611,0.436279,0.293926,0.048846,0.606475,-0.345290,-1.060674,-0.818711,1.230637,-0.186092,-0.243377,-0.045734,0.561230,-0.131853,-0.232807,0.014782,0.363129
36.457052,-0.810111,-1.246948,1.860520,-1.910774,-1.126380,0.735602,0.602997,-0.028768,-1.080418,0.240976,-0.073517,-0.361005,0.436686,0.294181,0.048608,0.606421,-0.344727,-1.060813,-0.818963,1.230655,-0.185719,-0.241685,-0.048111,0.562696,-0.133521,-0.239309,0.015448,0.364134
36.458012,-0.810256,-1.246222,1.856679,-1.912329,-1.127934,0.736653,0.603027,-0.026196,-1.100121,0.234756,-0.065752,-0.362977,0.437090,0.294411,0.048348,0.606373,-0.344150,-1.060951,-0.819229,1.230671,-0.185355,-0.247055,-0.047700,0.566239,-0.134809,-0.245639,0.015487,0.365232
36.458999,-0.813780,-1.250585,1.857277,-1.918564,-1.127337,0.740168,0.603118,-0.017188,-1.113180,0.233582,-0.060213,-0.364278,0.437693,0.294642,0.048099,0.606319,-0.343570,-1.061098,-0.819481,1.230685,-0.184986,-0.248035,-0.049839,0.569242,-0.138946,-0.248728,0.015430,0.365963
36.460034,-0.810520,-1.255827,1.855616,-1.921628,-1.129994,0.741222,0.603893,-0.002304,-1.121098,0.236948,-0.055912,-0.365004,0.438557,0.294875,0.047851,0.606269,-0.343002,-1.061236,-0.819745,1.230694,-0.184613,-0.247484,-0.049500,0.570390,-0.138840,-0.254104,0.012948,0.366626
36.461031,-0.818127,-1.263017,1.859966,-1.927714,-1.131376,0.741994,0.603314,0.014806,-1.126936,0.242381,-0.051890,-0.365402,0.439646,0.295106,0.047593,0.606223,-0.342418,-1.061383,-0.820006,1.230707,-0.184251,-0.250452,-0.048923,0.572906,-0.142200,-0.256573,0.013006,0.366067
36.462137,-0.823987,-1.263319,1.862990,-1.932335,-1.133059,0.741040,0.602640,0.032766,-1.136926,0.248232,-0.045542,-0.365714,0.440993,0.295350,0.047352,0.606179,-0.341852,-1.061527,-0.820274,1.230721,-0.183875,-0.247948,-0.047271,0.572264,-0.142184,-0.259997,0.013275,0.368109
36.463049,-0.823797,-1.266113,1.865184,-1.934287,-1.134089,0.739863,0.605758,0.052659,-1.167361,0.250928,-0.030600,-0.366636,0.443796,0.295870,0.046858,0.606074,-0.340697,-1.061832,-0.820821,1.230765,-0.183146,-0.247811,-0.049538,0.572727,-0.147685,-0.266948,0.017433,0.365006
36.464104,-0.830990,-1.264051,1.863840,-1.939925,-1.134788,0.738438,0.604304,0.052659,-1.167361,0.250928,-0.030600,-0.366636,0.443796,0.295870,0.046858,0.606074,-0.340697,-1.061832,-0.820821,1.230765,-0.183146,-0.247811,-0.049538,0.572727,-0.147685,-0.266948,0.017433,0.365006
36.464976,-0.829531,-1.268221,1.860057,-1.945098,-1.133887,0.739148,0.603990,0.053895,-1.177860,0.248760,-0.026842,-0.366952,0.445134,0.296088,0.046613,0.606016,-0.340122,-1.061982,-0.821107,1.230789,-0.182766,-0.245726,-0.052544,0.575371,-0.148556,-0.271315,0.019905,0.368983
36.465952,-0.829955,-1.266036,1.861066,-1.946680,-1.135278,0.741753,0.604170,0.047039,-1.178487,0.243877,-0.029359,-0.367038,0.446094,0.296298,0.046361,0.605966,-0.339537,-1.062132,-0.821389,1.230809,-0.182396,-0.247183,-0.051993,0.577556,-0.148129,-0.275937,0.020037,0.370169
36.466968,-0.833301,-1.272990,1.854908,-1.952025,-1.138609,0.744597,0.603831,0.034730,-1.167888,0.237981,-0.038516,-0.366724,0.446671,0.296506,0.046114,0.605907,-0.338951,-1.062293,-0.821678,1.230825,-0.182023,-0.248152,-0.054866,0.578185,-0.152073,-0.278954,0.018419,0.370622
36.468027,-0.835814,-1.276335,1.856181,-1.957161,-1.140573,0.746284,0.604277,0.020314,-1.150223,0.232329,-0.051385,-0.366102,0.447087,0.296674,0.045864,0.605857,-0.338365,-1.062447,-0.821968,1.230837,-0.181645,-0.247786,-0.053276,0.582790,-0.152765,-0.280327,0.016640,0.372203
36.469056,-0.837481,-1.278486,1.862112,-1.960893,-1.142187,0.747412,0.604052,-0.022237,-1.118021,0.213526,-0.077327,-0.365452,0.447461,0.296824,0.045367,0.605750,-0.337200,-1.062766,-0.822555,1.230870,-0.180901,-0.248637,-0.054498,0.582677,-0.156282,-0.286564,0.016000,0.373726
36.470068,-0.836002,-1.281578,1.867204,-1.964295,-1.144091,0.746515,0.603988,-0.038412,-1.103184,0.207159,-0.088908,-0.364792,0.448016,0.296864,0.045111,0.605694,-0.336616,-1.062926,-0.822851,1.230891,-0.180529,-0.250628,-0.054804,0.581606,-0.158742,-0.289288,0.017930,0.374757
36.470969,-0.837696,-1.285452,1.862030,-1.966653,-1.142922,0.745502,0.605219,-0.038412,-1.103184,0.207159,-0.088908,-0.364792,0.448016,0.296864,0.045111,0.605694,-0.336616,-1.062926,-0.822851,1.230891,-0.180529,-0.250628,-0.054804,0.581606,-0.158742,-0.289288,0.017930,0.374757
36.472107,-0.835346,-1.291529,1.865703,-1.974832,-1.146370,0.745495,0.603201,-0.043158,-1.089638,0.207400,-0.098152,-0.363453,0.449118,0.296915,0.044863,0.605641,-0.336020,-1.063093,-0.823156,1.230915,-0.180156,-0.250608,-0.054474,0.584630,-0.161025,-0.294181,0.019810,0.372906
36.473008,-0.834243,-1.294069,1.865483,-1.978925,-1.148454,0.747535,0.603103,-0.038694,-1.080149,0.212649,-0.104297,-0.361560,0.450499,0.296988,0.044602,0.605589,-0.335437,-1.063249,-0.823461,1.230939,-0.179763,-0.253527,-0.053664,0.585324,-0.159980,-0.296189,0.020951,0.378135
36.473957,-0.832615,-1.295842,1.863283,-1.982639,-1.146915,0.750668,0.602916,-0.000108,-1.065871,0.240465,-0.111839,-0.355466,0.453519,0.297203,0.044084,0.605479,-0.334256,-1.063578,-0.824077,1.230968,-0.178999,-0.256543,-0.054827,0.587895,-0.162052,-0.303393,0.017653,0.379991
36.474994,-0.833546,-1.297646,1.864007,-1.987609,-1.147526,0.754334,0.602993,-0.000108,-1.065871,0.240465,-0.111839,-0.355466,0.453519,0.297203,0.044084,0.605479,-0.334256,-1.063578,-0.824077,1.230968,-0.178999,-0.256543,-0.054827,0.587895,-0.162052,-0.303393,0.017653,0.379991
36.476041,-0.831843,-1.299871,1.861055,-1.995322,-1.149239,0.755200,0.601993,0.032919,-1.054586,0.263289,-0.116280,-0.351110,0.455178,0.297283,0.043824,0.605420,-0.333664,-1.063741,-0.824394,1.230979,-0.178618,-0.257358,-0.055815,0.589117,-0.163118,-0.307374,0.015089,0.380765
36.476943,-0.834028,-1.302018,1.864658,-1.998136,-1.151430,0.754705,0.601842,0.071322,-1.036323,0.290342,-0.123640,-0.345997,0.456920,0.297342,0.043563,0.605364,-0.333061,-1.063899,-0.824710,1.230994,-0.178227,-0.259555,-0.056650,0.592155,-0.161626,-0.310349,0.015337,0.383702
36.478061,-0.836021,-1.302872,1.863097,-2.002177,-1.151486,0.754700,0.601590,0.112280,-1.009286,0.320104,-0.135380,-0.340293,0.458700,0.297403,0.043301,0.605307,-0.332476,-1.064064,-0.825027,1.231011,-0.177837,-0.259134,-0.057142,0.590860,-0.163530,-0.311739,0.016758,0.384557
36.479010,-0.833188,-1.303293,1.858602,-2.002809,-1.151653,0.753049,0.601955,0.152944,-0.975393,0.350605,-0.150799,-0.334340,0.460551,0.297470,0.043037,0.605245,-0.331874,-1.064236,-0.825352,1.231031,-0.177452,-0.259735,-0.058783,0.593837,-0.166101,-0.316857,0.017899,0.386174
36.479934,-0.837303,-1.305257,1.861557,-2.008965,-1.151915,0.753899,0.599295,0.227234,-0.899534,0.408080,-0.185445,-0.323043,0.464666,0.297631,0.042512,0.605119,-0.330678,-1.064583,-0.826017,1.231077,-0.176656,-0.260738,-0.060757,0.595922,-0.168918,-0.323798,0.020523,0.392060
36.481002,-0.835728,-1.311402,1.857867,-2.012792,-1.152937,0.756567,0.600236,0.227234,-0.899534,0.408080,-0.185445,-0.323043,0.464666,0.297631,0.042512,0.605119,-0.330678,-1.064583,-0.826017,1.231077,-0.176656,-0.260738,-0.060757,0.595922,-0.168918,-0.323798,0.020523,0.392060
36.482039,-0.832470,-1.314337,1.857070,-2.015362,-1.157287,0.759424,0.603183,0.289636,-0.827961,0.457567,-0.217822,-0.313379,0.469001,0.297739,0.041975,0.605000,-0.329470,-1.064942,-0.826682,1.231109,-0.175891,-0.265721,-0.060057,0.601350,-0.174129,-0.327536,0.017158,0.386095
36.482953,-0.832858,-1.314501,1.854178,-2.017654,-1.156858,0.760536,0.602138,0.321790,-0.804294,0.481015,-0.226657,-0.309423,0.471580,0.297676,0.041704,0.604937,-0.328864,-1.065124,-0.827020,1.231122,-0.175495,-0.266137,-0.061505,0.603189,-0.176220,-0.331468,0.017015,0.388843
36.484023,-0.832789,-1.319567,1.850987,-2.023655,-1.157924,0.761609,0.603104,0.354166,-0.786728,0.503527,-0.231504,-0.306018,0.474434,0.297562,0.041437,0.604878,-0.328249,-1.065302,-0.827366,1.231140,-0.175112,-0.267521,-0.060928,0.606389,-0.176199,-0.334968,0.017040,0.387873
36.484948,-0.834684,-1.320054,1.855564,-2.025467,-1.158116,0.761415,0.603960,0.354166,-0.786728,0.503527,-0.231504,-0.306018,0.474434,0.297562,0.041437,0.604878,-0.328249,-1.065302,-0.827366,1.231140,-0.175112,-0.267521,-0.060928,0.606389,-0.176199,-0.334968,0.017040,0.387873
36.485939,-0.835099,-1.325978,1.853520,-2.028675,-1.160518,0.761589,0.605685,0.384623,-0.772834,0.524176,-0.234257,-0.303073,0.477406,0.297416,0.041169,0.604812,-0.327647,-1.065486,-0.827714,1.231161,-0.174726,-0.267290,-0.062225,0.604590,-0.178880,-0.338229,0.018160,0.386808
36.487010,-0.834801,-1.326825,1.855704,-2.031246,-1.161864,0.762502,0.605672,0.413662,-0.762826,0.543227,-0.234897,-0.300478,0.480483,0.297228,0.040897,0.604755,-0.327036,-1.065667,-0.828055,1.231183,-0.174351,-0.268037,-0.061028,0.606629,-0.180810,-0.339836,0.018968,0.384190
36.488055,-0.832627,-1.329417,1.855175,-2.038206,-1.163562,0.763217,0.605909,0.442105,-0.758878,0.560833,-0.232177,-0.298225,0.483648,0.297012,0.040627,0.604687,-0.326423,-1.065858,-0.828407,1.231206,-0.173964,-0.269516,-0.062496,0.607149,-0.183950,-0.343025,0.019116,0.385239
36.489006,-0.832379,-1.330376,1.847926,-2.043337,-1.164185,0.764162,0.607712,0.472450,-0.757829,0.578866,-0.227431,-0.295982,0.486839,0.296810,0.040349,0.604622,-0.325814,-1.066038,-0.828761,1.231227,-0.173579,-0.271725,-0.063029,0.608886,-0.182660,-0.345621,0.019457,0.385693
36.490079,-0.835037,-1.331615,1.847923,-2.044240,-1.166894,0.765642,0.609256,0.503991,-0.752534,0.597876,-0.224864,-0.293385,0.489751,0.296628,0.040073,0.604556,-0.325190,-1.066223,-0.829116,1.231247,-0.173201,-0.272572,-0.064137,0.613022,-0.182197,-0.348577,0.019461,0.382793
36.490995,-0.832117,-1.329992,1.852092,-2.045950,-1.170757,0.766959,0.608515,0.554157,-0.725871,0.629420,-0.230405,-0.287936,0.493958,0.296252,0.039521,0.604416,-0.323964,-1.066615,-0.829822,1.231281,-0.172437,-0.274550,-0.067646,0.612843,-0.189285,-0.349826,0.018691,0.382889
36.492074,-0.834759,-1.332517,1.845945,-2.048564,-1.173400,0.766925,0.608939,0.554157,-0.725871,0.629420,-0.230405,-0.287936,0.493958,0.296252,0.039521,0.604416,-0.323964,-1.066615,-0.829822,1.231281,-0.172437,-0.274550,-0.067646,0.612843,-0.189285,-0.349826,0.018691,0.382889
36.493002,-0.833370,-1.333034,1.844017,-2.053417,-1.173442,0.767265,0.609496,0.576946,-0.706350,0.644077,-0.236123,-0.285161,0.495769,0.296084,0.039248,0.604345,-0.323340,-1.066816,-0.830180,1.231304,-0.172054,-0.274521,-0.068212,0.617554,-0.192218,-0.351725,0.019821,0.383046
36.493953,-0.835752,-1.336507,1.842095,-2.056328,-1.176036,0.768428,0.611026,0.595963,-0.683950,0.656599,-0.243662,-0.282519,0.497344,0.295897,0.038968,0.604273,-0.322712,-1.067007,-0.830542,1.231324,-0.171670,-0.275819,-0.069421,0.618728,-0.191651,-0.355037,0.020399,0.382587
36.494983,-0.840384,-1.342052,1.837409,-2.060354,-1.175365,0.767739,0.610821,0.608019,-0.659123,0.665142,-0.253807,-0.280117,0.498492,0.295650,0.038695,0.604205,-0.322085,-1.067204,-0.830899,1.231348,-0.171299,-0.275393,-0.069235,0.620147,-0.193150,-0.355980,0.020155,0.380274
36.495941,-0.846988,-1.342827,1.834903,-2.060234,-1.177133,0.768047,0.611753,0.608951,-0.636309,0.666773,-0.265341,-0.278288,0.499012,0.295357,0.038421,0.604139,-0.321460,-1.067400,-0.831269,1.231375,-0.170913,-0.274153,-0.068240,0.623640,-0.194283,-0.360710,0.021861,0.381616
36.497036,-0.846532,-1.346544,1.832493,-2.065206,-1.178656,0.768338,0.614023,0.590928,-0.622474,0.656141,-0.275858,-0.277716,0.498604,0.295052,0.038151,0.604067,-0.320826,-1.067608,-0.831641,1.231399,-0.170542,-0.271679,-0.069404,0.625298,-0.198638,-0.362381,0.022476,0.380509
36.498071,-0.851369,-1.352653,1.833996,-2.067791,-1.179936,0.769453,0.613354,0.552589,-0.619018,0.632311,-0.284491,-0.278642,0.497267,0.294743,0.037878,0.603996,-0.320185,-1.067812,-0.832015,1.231428,-0.170176,-0.273339,-0.069423,0.628006,-0.199231,-0.365335,0.023251,0.377074
36.499005,-0.855590,-1.352967,1.822006,-2.070716,-1.179987,0.768141,0.614248,0.500008,-0.625653,0.598834,-0.290443,-0.280851,0.495272,0.294476,0.037609,0.603929,-0.319559,-1.068017,-0.832388,1.231451,-0.169788,-0.272065,-0.068134,0.628400,-0.201693,-0.368091,0.023152,0.379369
36.500039,-0.851322,-1.356471,1.824744,-2.069899,-1.177429,0.769458,0.615606,0.433958,-0.642640,0.556127,-0.293536,-0.284344,0.492645,0.294302,0.037344,0.603857,-0.318911,-1.068225,-0.832766,1.231481,-0.169417,-0.270742,-0.069477,0.634509,-0.202709,-0.371266,0.025359,0.378275
36.501038,-0.855556,-1.353105,1.825301,-2.075731,-1.177839,0.769093,0.616517,0.356545,-0.668367,0.505597,-0.294000,-0.288987,0.489498,0.294201,0.037065,0.603786,-0.318281,-1.068445,-0.833159,1.231506,-0.169042,-0.273977,-0.069449,0.634192,-0.208217,-0.377683,0.025031,0.376499
36.501961,-0.857033,-1.360277,1.816141,-2.076989,-1.174536,0.770685,0.615848,0.279602,-0.695734,0.455079,-0.293368,-0.293899,0.486365,0.294156,0.036794,0.603707,-0.317641,-1.068650,-0.833545,1.231535,-0.168669,-0.272814,-0.072721,0.634627,-0.206984,-0.380878,0.026366,0.375559
36.503007,-0.857524,-1.362294,1.814445,-2.081714,-1.174313,0.771528,0.615499,0.206264,-0.717834,0.407461,-0.294719,-0.298504,0.483355,0.294178,0.036524,0.603640,-0.316988,-1.068865,-0.833947,1.231563,-0.168289,-0.272775,-0.070583,0.639143,-0.209444,-0.387114,0.025625,0.377590
36.504029,-0.863251,-1.367820,1.806976,-2.082208,-1.178237,0.771900,0.616616,0.132300,-0.737606,0.360054,-0.297421,-0.302956,0.480301,0.294259,0.036248,0.603565,-0.316345,-1.069077,-0.834349,1.231588,-0.167903,-0.273686,-0.071320,0.641025,-0.209652,-0.391139,0.025819,0.379221
36.504959,-0.861407,-1.369869,1.803786,-2.085805,-1.175854,0.771255,0.616864,0.054910,-0.760936,0.310516,-0.298848,-0.307556,0.477191,0.294353,0.035977,0.603498,-0.315689,-1.069301,-0.834738,1.231618,-0.167532,-0.271889,-0.070286,0.645480,-0.213605,-0.390947,0.026423,0.377889
36.506091,-0.859112,-1.372292,1.805157,-2.088377,-1.176391,0.771062,0.613580,-0.028219,-0.790771,0.257133,-0.297684,-0.312504,0.474022,0.294423,0.035702,0.603427,-0.315045,-1.069520,-0.835147,1.231648,-0.167156,-0.273503,-0.070756,0.647115,-0.213633,-0.396265,0.027941,0.378105
36.506998,-0.860041,-1.376141,1.796453,-2.087412,-1.174903,0.770815,0.613614,-0.109664,-0.824171,0.204687,-0.294394,-0.317264,0.471087,0.294501,0.035421,0.603352,-0.314392,-1.069740,-0.835558,1.231680,-0.166759,-0.276113,-0.071478,0.648090,-0.216689,-0.400103,0.029215,0.385843
36.507973,-0.864204,-1.372395,1.791127,-2.091163,-1.172544,0.771733,0.613591,-0.246199,-0.895214,0.116205,-0.280873,-0.324930,0.466853,0.294712,0.034874,0.603201,-0.313068,-1.070195,-0.836392,1.231743,-0.165975,-0.274964,-0.074345,0.655024,-0.220996,-0.409731,0.030272,0.387068
36.508992,-0.864683,-1.377456,1.787371,-2.094351,-1.173839,0.774065,0.614062,-0.246199,-0.895214,0.116205,-0.280873,-0.324930,0.466853,0.294712,0.034874,0.603201,-0.313068,-1.070195,-0.836392,1.231743,-0.165975,-0.274964,-0.074345,0.655024,-0.220996,-0.409731,0.030272,0.387068
36.510022,-0.870504,-1.376926,1.780999,-2.096509,-1.175162,0.773940,0.611854,-0.312005,-0.924696,0.075023,-0.276002,-0.328004,0.465090,0.294765,0.034597,0.603129,-0.312405,-1.070419,-0.836809,1.231769,-0.165585,-0.275759,-0.073460,0.657483,-0.222230,-0.411881,0.028922,0.386972
36.510962,-0.874957,-1.378558,1.781906,-2.097994,-1.174186,0.774813,0.612002,-0.458215,-0.961833,-0.011477,-0.278043,-0.333484,0.461444,0.294797,0.034060,0.602969,-0.311076,-1.070875,-0.837661,1.231832,-0.164786,-0.272538,-0.075937,0.660757,-0.226531,-0.417799,0.030029,0.392565
36.512026,-0.873731,-1.379350,1.779091,-2.102305,-1.167206,0.775134,0.612548,-0.458215,-0.961833,-0.011477,-0.278043,-0.333484,0.461444,0.294797,0.034060,0.602969,-0.311076,-1.070875,-0.837661,1.231832,-0.164786,-0.272538,-0.075937,0.660757,-0.226531,-0.417799,0.030029,0.392565
36.512954,-0.874931,-1.376986,1.775328,-2.102874,-1.160105,0.776252,0.611656,-0.537757,-0.968442,-0.056148,-0.285476,-0.336107,0.459633,0.294775,0.033785,0.602891,-0.310403,-1.071107,-0.838110,1.231861,-0.164401,-0.274416,-0.077273,0.663052,-0.226849,-0.428340,0.030739,0.392446
36.514176,-0.879433,-1.380159,1.778251,-2.105667,-1.159741,0.777747,0.612378,-0.611886,-0.962063,-0.095460,-0.298665,-0.338097,0.458167,0.294718,0.033509,0.602804,-0.309737,-1.071342,-0.838569,1.231893,-0.163998,-0.274443,-0.079752,0.664715,-0.229558,-0.437806,0.030463,0.394838
36.515013,-0.879201,-1.382536,1.775415,-2.105239,-1.154211,0.778097,0.612912,-0.732080,-0.915336,-0.152016,-0.337373,-0.339967,0.456873,0.294693,0.032963,0.602644,-0.308395,-1.071828,-0.839497,1.231954,-0.163208,-0.274517,-0.080174,0.665822,-0.235294,-0.449840,0.030577,0.394015
36.516014,-0.878577,-1.388649,1.767574,-2.107205,-1.149923,0.780103,0.613068,-0.732080,-0.915336,-0.152016,-0.337373,-0.339967,0.456873,0.294693,0.032963,0.602644,-0.308395,-1.071828,-0.839497,1.231954,-0.163208,-0.274517,-0.080174,0.665822,-0.235294,-0.449840,0.030577,0.394015
36.516994,-0.877613,-1.390557,1.764088,-2.111456,-1.147543,0.783192,0.614553,-0.777006,-0.891095,-0.170709,-0.354491,-0.340426,0.457136,0.294755,0.032683,0.602566,-0.307721,-1.072067,-0.839971,1.231982,-0.162810,-0.275735,-0.078679,0.670091,-0.237181,-0.456894,0.029519,0.394488
36.518083,-0.879111,-1.394077,1.769902,-2.111142,-1.145073,0.783328,0.613049,-0.813156,-0.874480,-0.184909,-0.366524,-0.340810,0.457888,0.294851,0.032401,0.602487,-0.307041,-1.072303,-0.840441,1.232002,-0.162421,-0.277006,-0.079246,0.671862,-0.236638,-0.461903,0.027404,0.392255
36.519009,-0.874064,-1.395213,1.759809,-2.111247,-1.139829,0.782779,0.612954,-0.838561,-0.864093,-0.193430,-0.373976,-0.340832,0.459216,0.294993,0.032126,0.602407,-0.306375,-1.072557,-0.840923,1.232032,-0.162015,-0.277585,-0.079247,0.670059,-0.241355,-0.467722,0.028344,0.396279
36.519984,-0.874037,-1.396733,1.756200,-2.111333,-1.139302,0.783917,0.616008,-0.848914,-0.859526,-0.193844,-0.376188,-0.340211,0.461358,0.295162,0.031837,0.602324,-0.305690,-1.072807,-0.841420,1.232065,-0.161618,-0.280607,-0.080005,0.674720,-0.244122,-0.474962,0.029743,0.397041
36.521025,-0.874725,-1.396640,1.755215,-2.113456,-1.136858,0.783284,0.613608,-0.844632,-0.861349,-0.186674,-0.372717,-0.338961,0.464271,0.295296,0.031556,0.602241,-0.305003,-1.073061,-0.841907,1.232093,-0.161233,-0.281379,-0.080692,0.676436,-0.247284,-0.477889,0.029520,0.391640
36.522033,-0.877190,-1.396719,1.752476,-2.117804,-1.137514,0.784341,0.613951,-0.808243,-0.867595,-0.157454,-0.359480,-0.334400,0.471241,0.295427,0.030991,0.602070,-0.303643,-1.073562,-0.842891,1.232162,-0.160430,-0.281733,-0.083772,0.679162,-0.248403,-0.485190,0.030986,0.397448
36.523044,-0.883966,-1.394121,1.750113,-2.118550,-1.139591,0.786895,0.615400,-0.788976,-0.858015,-0.141188,-0.359015,-0.330997,0.474432,0.295425,0.030717,0.601977,-0.302964,-1.073825,-0.843377,1.232191,-0.160033,-0.279747,-0.086748,0.681480,-0.252072,-0.486532,0.029485,0.395520
36.524059,-0.884551,-1.392296,1.749778,-2.118807,-1.139206,0.788388,0.614445,-0.777031,-0.836104,-0.128087,-0.365318,-0.327223,0.477118,0.295370,0.030432,0.601880,-0.302273,-1.074089,-0.843881,1.232218,-0.159628,-0.280970,-0.089382,0.683025,-0.256631,-0.490533,0.029121,0.398531
36.524979,-0.886295,-1.394415,1.748652,-2.120996,-1.139935,0.789040,0.612509,-0.777031,-0.836104,-0.128087,-0.365318,-0.327223,0.477118,0.295370,0.030432,0.601880,-0.302273,-1.074089,-0.843881,1.232218,-0.159628,-0.280970,-0.089382,0.683025,-0.256631,-0.490533,0.029121,0.398531
36.526204,-0.891537,-1.395402,1.747411,-2.124370,-1.141946,0.790801,0.612238,-0.765324,-0.768690,-0.107685,-0.389503,-0.319442,0.481647,0.295326,0.029869,0.601694,-0.300889,-1.074620,-0.844883,1.232280,-0.158806,-0.281096,-0.091681,0.688072,-0.261866,-0.496006,0.029048,0.405291
36.527026,-0.890649,-1.396384,1.743027,-2.121634,-1.140430,0.790620,0.612466,-0.765565,-0.733985,-0.102005,-0.402216,-0.316177,0.483529,0.295403,0.029584,0.601601,-0.300192,-1.074899,-0.845384,1.232313,-0.158407,-0.282094,-0.092400,0.689704,-0.266954,-0.499495,0.030086,0.405381
36.528140,-0.896895,-1.401629,1.743780,-2.126812,-1.139575,0.790537,0.612387,-0.765565,-0.733985,-0.102005,-0.402216,-0.316177,0.483529,0.295403,0.029584,0.601601,-0.300192,-1.074899,-0.845384,1.232313,-0.158407,-0.282094,-0.092400,0.689704,-0.266954,-0.499495,0.030086,0.405381
36.529092,-0.903039,-1.406368,1.741071,-2.126959,-1.139081,0.791663,0.612387,-0.770017,-0.706289,-0.100530,-0.411703,-0.313768,0.485170,0.295522,0.029309,0.601508,-0.299492,-1.075172,-0.845898,1.232346,-0.157992,-0.281041,-0.091815,0.691554,-0.267412,-0.504702,0.031384,0.406822
36.530007,-0.903080,-1.408973,1.743900,-2.126387,-1.142171,0.793123,0.611552,-0.782020,-0.690448,-0.105735,-0.416517,-0.312538,0.486335,0.295678,0.029031,0.601416,-0.298801,-1.075449,-0.846419,1.232377,-0.157576,-0.279236,-0.091044,0.693691,-0.271106,-0.508058,0.031261,0.407657
36.531145,-0.906582,-1.415361,1.742983,-2.130088,-1.139927,0.793035,0.611792,-0.824151,-0.706471,-0.134751,-0.405169,-0.313980,0.487526,0.296124,0.028468,0.601236,-0.297406,-1.076012,-0.847456,1.232441,-0.156751,-0.280652,-0.090223,0.695569,-0.276965,-0.514326,0.032113,0.410946
36.532048,-0.905786,-1.416918,1.746358,-2.131337,-1.138265,0.793563,0.613424,-0.824151,-0.706471,-0.134751,-0.405169,-0.313980,0.487526,0.296124,0.028468,0.601236,-0.297406,-1.076012,-0.847456,1.232441,-0.156751,-0.280652,-0.090223,0.695569,-0.276965,-0.514326,0.032113,0.410946
36.533054,-0.911373,-1.422972,1.741886,-2.132565,-1.139362,0.794602,0.613189,-0.841954,-0.735448,-0.150846,-0.388698,-0.315861,0.488074,0.296378,0.028180,0.601144,-0.296710,-1.076296,-0.847978,1.232473,-0.156349,-0.281969,-0.090936,0.694091,-0.278826,-0.518417,0.032526,0.408418
36.534012,-0.911325,-1.429579,1.737805,-2.135594,-1.140478,0.793327,0.612686,-0.854120,-0.773522,-0.165273,-0.367107,-0.317922,0.488695,0.296646,0.027904,0.601055,-0.296003,-1.076584,-0.848501,1.232505,-0.155937,-0.280701,-0.089678,0.697475,-0.281736,-0.520614,0.032563,0.409921
36.534983,-0.913162,-1.434244,1.735966,-2.136029,-1.143555,0.792288,0.614619,-0.880078,-0.885038,-0.200923,-0.307136,-0.323202,0.489326,0.297291,0.027332,0.600885,-0.294595,-1.077164,-0.849553,1.232587,-0.155119,-0.282289,-0.087486,0.701911,-0.285550,-0.522284,0.036846,0.408821
36.536019,-0.913113,-1.439190,1.731557,-2.137703,-1.148726,0.794025,0.614576,-0.880078,-0.885038,-0.200923,-0.307136,-0.323202,0.489326,0.297291,0.027332,0.600885,-0.294595,-1.077164,-0.849553,1.232587,-0.155119,-0.282289,-0.087486,0.701911,-0.285550,-0.522284,0.036846,0.408821
36.537010,-0.915469,-1.442700,1.735654,-2.141562,-1.148318,0.796275,0.614225,-0.895982,-0.960828,-0.223677,-0.267632,-0.326485,0.489203,0.297627,0.027046,0.600796,-0.293889,-1.077456,-0.850072,1.232622,-0.154705,-0.283914,-0.086898,0.705531,-0.288230,-0.520701,0.036177,0.410016
36.538057,-0.915161,-1.441101,1.738063,-2.141961,-1.145126,0.796912,0.616740,-0.910820,-1.045791,-0.247380,-0.223081,-0.329887,0.488981,0.297930,0.026760,0.600707,-0.293180,-1.077744,-0.850609,1.232656,-0.154296,-0.284082,-0.086899,0.704376,-0.288314,-0.524221,0.034972,0.411697
36.539097,-0.916551,-1.440256,1.742496,-2.143576,-1.152456,0.800184,0.616204,-0.912279,-1.199179,-0.276621,-0.137055,-0.334016,0.489543,0.298430,0.026183,0.600516,-0.291765,-1.078342,-0.851677,1.232727,-0.153477,-0.286709,-0.091786,0.703879,-0.294895,-0.527071,0.033269,0.409956
36.540044,-0.915222,-1.439640,1.734366,-2.145129,-1.152375,0.800775,0.617405,-0.912279,-1.199179,-0.276621,-0.137055,-0.334016,0.489543,0.298430,0.026183,0.600516,-0.291765,-1.078342,-0.851677,1.232727,-0.153477,-0.286709,-0.091786,0.703879,-0.294895,-0.527071,0.033269,0.409956
36.541070,-0.912898,-1.445072,1.732938,-2.146329,-1.152786,0.799849,0.617628,-0.892473,-1.250631,-0.276035,-0.102320,-0.333973,0.490840,0.298672,0.025889,0.600421,-0.291046,-1.078644,-0.852205,1.232764,-0.153076,-0.288442,-0.093638,0.708390,-0.296473,-0.529989,0.033678,0.408405
36.542138,-0.923292,-1.447697,1.735015,-2.148654,-1.154849,0.802035,0.617048,-0.863210,-1.286417,-0.267931,-0.073098,-0.332966,0.492683,0.298949,0.025596,0.600330,-0.290338,-1.078950,-0.852746,1.232805,-0.152662,-0.291053,-0.092716,0.710354,-0.299209,-0.532893,0.035668,0.409026
36.543055,-0.921388,-1.450252,1.734310,-2.147792,-1.152854,0.801997,0.616953,-0.800759,-1.341946,-0.246823,-0.020152,-0.330599,0.497094,0.299675,0.025022,0.600141,-0.288904,-1.079565,-0.853829,1.232876,-0.151829,-0.289516,-0.093517,0.711361,-0.304764,-0.538877,0.035597,0.412264
36.544117,-0.925880,-1.455803,1.746514,-2.150563,-1.154887,0.802273,0.618557,-0.800759,-1.341946,-0.246823,-0.020152,-0.330599,0.497094,0.299675,0.025022,0.600141,-0.288904,-1.079565,-0.853829,1.232876,-0.151829,-0.289516,-0.093517,0.711361,-0.304764,-0.538877,0.035597,0.412264
36.545056,-0.923357,-1.455277,1.741896,-2.151934,-1.156952,0.803107,0.619688,-0.770595,-1.369132,-0.236128,0.006507,-0.329721,0.499699,0.300075,0.024734,0.600049,-0.288210,-1.079879,-0.854384,1.232914,-0.151425,-0.288929,-0.092643,0.707015,-0.306109,-0.540293,0.036434,0.410205
36.546084,-0.924309,-1.461745,1.746057,-2.155585,-1.155609,0.802875,0.618626,-0.733599,-1.395310,-0.220662,0.033427,-0.328640,0.502863,0.300472,0.024436,0.599952,-0.287490,-1.080191,-0.854918,1.232952,-0.151025,-0.291176,-0.094447,0.709697,-0.307563,-0.540861,0.036550,0.408821
36.547103,-0.928870,-1.464037,1.743113,-2.154012,-1.154452,0.802554,0.621086,-0.688630,-1.417587,-0.199372,0.058763,-0.327107,0.506487,0.300859,0.024143,0.599861,-0.286772,-1.080502,-0.855474,1.232991,-0.150607,-0.292149,-0.093002,0.708759,-0.307711,-0.545422,0.037860,0.412020
36.547984,-0.932270,-1.459417,1.746208,-2.154121,-1.153170,0.802627,0.622383,-0.639182,-1.438875,-0.174646,0.083093,-0.325281,0.510295,0.301222,0.023852,0.599763,-0.286061,-1.080823,-0.856038,1.233032,-0.150202,-0.291278,-0.093604,0.711446,-0.312820,-0.549593,0.039223,0.408091
36.549081,-0.934078,-1.463121,1.744300,-2.153438,-1.150727,0.803773,0.620891,-0.591644,-1.459184,-0.150265,0.105734,-0.323376,0.513982,0.301511,0.023561,0.599660,-0.285350,-1.081145,-0.856594,1.233071,-0.149803,-0.290344,-0.097214,0.709717,-0.314629,-0.552788,0.040021,0.406238
36.550056,-0.923986,-1.465243,1.748265,-2.156428,-1.149015,0.803549,0.621986,-0.548735,-1.473357,-0.127211,0.124055,-0.321244,0.517414,0.301712,0.023268,0.599564,-0.284640,-1.081478,-0.857163,1.233110,-0.149384,-0.291259,-0.097290,0.712654,-0.319397,-0.558899,0.040025,0.410490
36.551026,-0.923188,-1.467839,1.754226,-2.154434,-1.145882,0.805910,0.623718,-0.439075,-1.485613,-0.063158,0.152697,-0.314145,0.524782,0.301944,0.022656,0.599366,-0.283215,-1.082133,-0.858309,1.233191,-0.148579,-0.298773,-0.098082,0.709083,-0.324036,-0.568820,0.039845,0.406667
36.552014,-0.919391,-1.471679,1.749697,-2.156223,-1.142935,0.806824,0.623672,-0.439075,-1.485613,-0.063158,0.152697,-0.314145,0.524782,0.301944,0.022656,0.599366,-0.283215,-1.082133,-0.858309,1.233191,-0.148579,-0.298773,-0.098082,0.709083,-0.324036,-0.568820,0.039845,0.406667
36.553051,-0.929225,-1.471574,1.756912,-2.153603,-1.144891,0.808290,0.623634,-0.352490,-1.487813,-0.011018,0.167077,-0.308214,0.529461,0.301970,0.022348,0.599267,-0.282500,-1.082462,-0.858899,1.233231,-0.148164,-0.301768,-0.097786,0.712242,-0.325153,-0.574255,0.039954,0.407737
36.554086,-0.926528,-1.468043,1.753145,-2.157153,-1.143425,0.808409,0.621345,-0.253703,-1.491842,0.048643,0.182776,-0.301324,0.534505,0.301974,0.022053,0.599165,-0.281789,-1.082803,-0.859469,1.233272,-0.147753,-0.298258,-0.099576,0.709931,-0.331014,-0.575369,0.039550,0.408894
36.555071,-0.924620,-1.472791,1.754935,-2.157894,-1.140147,0.808603,0.622229,-0.060521,-1.485553,0.168371,0.204310,-0.286347,0.544178,0.302005,0.021443,0.598952,-0.280361,-1.083469,-0.860661,1.233357,-0.146913,-0.303069,-0.102129,0.713056,-0.332884,-0.585412,0.041292,0.413641
36.555995,-0.923180,-1.472245,1.754109,-2.158798,-1.137544,0.808867,0.623316,-0.060521,-1.485553,0.168371,0.204310,-0.286347,0.544178,0.302005,0.021443,0.598952,-0.280361,-1.083469,-0.860661,1.233357,-0.146913,-0.303069,-0.102129,0.713056,-0.332884,-0.585412,0.041292,0.413641
36.557052,-0.924353,-1.476654,1.757006,-2.158603,-1.137798,0.808268,0.621009,0.033842,-1.468746,0.228932,0.206470,-0.278263,0.548661,0.301970,0.021140,0.598846,-0.279645,-1.083808,-0.861257,1.233403,-0.146503,-0.304607,-0.103781,0.713681,-0.333995,-0.589899,0.041920,0.412250
36.558017,-0.925872,-1.477246,1.754951,-2.157070,-1.138097,0.808233,0.620374,0.128173,-1.447120,0.290183,0.205159,-0.270063,0.552977,0.301903,0.020830,0.598741,-0.278932,-1.084150,-0.861855,1.233448,-0.146074,-0.305406,-0.103301,0.713754,-0.337608,-0.592629,0.043595,0.417998
36.559029,-0.927749,-1.480472,1.751505,-2.156583,-1.135066,0.809513,0.620561,0.300601,-1.412445,0.402169,0.203683,-0.255465,0.560835,0.301802,0.020216,0.598530,-0.277484,-1.084856,-0.863063,1.233535,-0.145230,-0.305896,-0.104496,0.717996,-0.344381,-0.600116,0.044310,0.420667
36.560089,-0.931922,-1.484238,1.752363,-2.163141,-1.135300,0.809297,0.619607,0.300601,-1.412445,0.402169,0.203683,-0.255465,0.560835,0.301802,0.020216,0.598530,-0.277484,-1.084856,-0.863063,1.233535,-0.145230,-0.305896,-0.104496,0.717996,-0.344381,-0.600116,0.044310,0.420667
36.561098,-0.934036,-1.483896,1.756149,-2.161002,-1.138040,0.812369,0.619788,0.366987,-1.404152,0.445339,0.204880,-0.249787,0.563939,0.301759,0.019911,0.598423,-0.276769,-1.085191,-0.863677,1.233582,-0.144798,-0.305278,-0.104335,0.719076,-0.341364,-0.602720,0.045599,0.423660
36.561961,-0.928486,-1.490333,1.755925,-2.160108,-1.134462,0.810866,0.619728,0.416780,-1.397077,0.478510,0.204204,-0.245035,0.566257,0.301697,0.019604,0.598316,-0.276049,-1.085548,-0.864273,1.233620,-0.144377,-0.305419,-0.106104,0.718130,-0.346089,-0.602572,0.043538,0.424243
36.563072,-0.924862,-1.488257,1.754495,-2.159123,-1.133244,0.810713,0.619403,0.501674,-1.391301,0.534786,0.205129,-0.236946,0.570318,0.301569,0.018967,0.598102,-0.274605,-1.086265,-0.865505,1.233717,-0.143520,-0.311947,-0.106980,0.720479,-0.352429,-0.611873,0.047143,0.426793
36.564095,-0.928843,-1.490529,1.758238,-2.162927,-1.135636,0.810961,0.619275,0.501674,-1.391301,0.534786,0.205129,-0.236946,0.570318,0.301569,0.018967,0.598102,-0.274605,-1.086265,-0.865505,1.233717,-0.143520,-0.311947,-0.106980,0.720479,-0.352429,-0.611873,0.047143,0.426793
36.565026,-0.927937,-1.491692,1.753434,-2.162270,-1.136112,0.811465,0.620155,0.551555,-1.391551,0.566419,0.208441,-0.232839,0.572647,0.301521,0.018660,0.597993,-0.273879,-1.086621,-0.866124,1.233768,-0.143090,-0.311169,-0.107429,0.719618,-0.351256,-0.611942,0.047879,0.428011
36.566048,-0.929935,-1.493413,1.746003,-2.161114,-1.134811,0.811126,0.621050,0.601550,-1.387139,0.598166,0.209558,-0.228521,0.574847,0.301454,0.018346,0.597881,-0.273159,-1.086977,-0.866744,1.233815,-0.142660,-0.312379,-0.108146,0.722288,-0.353618,-0.613197,0.048266,0.426958
36.567085,-0.932739,-1.489715,1.750878,-2.160969,-1.134888,0.812349,0.619219,0.643439,-1.380641,0.624847,0.208733,-0.224454,0.576547,0.301354,0.018029,0.597772,-0.272421,-1.087344,-0.867362,1.233867,-0.142239,-0.312505,-0.108883,0.726909,-0.357215,-0.617023,0.049591,0.426177
36.568033,-0.927403,-1.490505,1.748485,-2.159584,-1.135208,0.811840,0.619247,0.672573,-1.372829,0.643621,0.206095,-0.220906,0.577605,0.301243,0.017719,0.597654,-0.271707,-1.087711,-0.867986,1.233914,-0.141797,-0.312402,-0.112299,0.725719,-0.359904,-0.619504,0.049380,0.430853
36.569072,-0.930943,-1.487601,1.744679,-2.160668,-1.135696,0.812469,0.619128,0.694060,-1.358914,0.658113,0.200024,-0.217447,0.578280,0.301172,0.017396,0.597538,-0.270973,-1.088076,-0.868618,1.233968,-0.141369,-0.315813,-0.113176,0.727168,-0.362950,-0.620917,0.050781,0.431538
36.570070,-0.938827,-1.487837,1.751179,-2.160728,-1.138255,0.812345,0.618717,0.713304,-1.335992,0.671844,0.189553,-0.213740,0.578780,0.301153,0.017081,0.597417,-0.270231,-1.088446,-0.869236,1.234020,-0.140926,-0.315250,-0.116148,0.730095,-0.364380,-0.623089,0.051146,0.432742
36.571054,-0.943471,-1.487823,1.750778,-2.162696,-1.135421,0.810364,0.619313,0.724582,-1.257368,0.685667,0.148569,-0.206238,0.578244,0.301132,0.016461,0.597177,-0.268774,-1.089182,-0.870487,1.234135,-0.140064,-0.311129,-0.118787,0.728430,-0.366443,-0.627727,0.055090,0.434122
36.572018,-0.946247,-1.487315,1.745842,-2.160766,-1.138278,0.810853,0.618027,0.724582,-1.257368,0.685667,0.148569,-0.206238,0.578244,0.301132,0.016461,0.597177,-0.268774,-1.089182,-0.870487,1.234135,-0.140064,-0.311129,-0.118787,0.728430,-0.366443,-0.627727,0.055090,0.434122
36.573039,-0.948996,-1.488328,1.748947,-2.163365,-1.138967,0.810460,0.618167,0.707553,-1.203221,0.680376,0.116781,-0.202882,0.576689,0.301088,0.016152,0.597053,-0.268042,-1.089564,-0.871115,1.234191,-0.139618,-0.310702,-0.120292,0.731324,-0.369826,-0.626723,0.055457,0.437485
36.574039,-0.951542,-1.492685,1.743456,-2.165633,-1.136536,0.810439,0.618629,0.675295,-1.143418,0.666314,0.079319,-0.200141,0.574216,0.301016,0.015843,0.596927,-0.267311,-1.089934,-0.871751,1.234250,-0.139175,-0.310552,-0.121172,0.730695,-0.369516,-0.628385,0.056797,0.438089
36.575049,-0.955128,-1.490748,1.741038,-2.161309,-1.130546,0.810175,0.619566,0.575788,-1.020628,0.616773,-0.005518,-0.196925,0.566845,0.300719,0.015223,0.596683,-0.265832,-1.090693,-0.873045,1.234370,-0.138304,-0.309764,-0.122763,0.736075,-0.375468,-0.641012,0.058903,0.437076
36.576024,-0.956402,-1.490370,1.742560,-2.160541,-1.131346,0.809867,0.620447,0.575788,-1.020628,0.616773,-0.005518,-0.196925,0.566845,0.300719,0.015223,0.596683,-0.265832,-1.090693,-0.873045,1.234370,-0.138304,-0.309764,-0.122763,0.736075,-0.375468,-0.641012,0.058903,0.437076
36.576970,-0.955769,-1.493213,1.739164,-2.161483,-1.129273,0.808027,0.618812,0.513142,-0.965180,0.583342,-0.047696,-0.196659,0.562368,0.300517,0.014911,0.596557,-0.265098,-1.091074,-0.873680,1.234434,-0.137870,-0.310109,-0.124199,0.735776,-0.377769,-0.642078,0.060058,0.436143
36.578131,-0.957307,-1.495485,1.743434,-2.161000,-1.131147,0.808592,0.621056,0.449838,-0.913980,0.548915,-0.087895,-0.196928,0.557838,0.300330,0.014600,0.596431,-0.264349,-1.091457,-0.874331,1.234502,-0.137422,-0.311274,-0.123942,0.737530,-0.377999,-0.645704,0.062704,0.440161
36.579028,-0.960088,-1.493323,1.738533,-2.161123,-1.128418,0.807803,0.622351,0.391500,-0.868269,0.516809,-0.124872,-0.197414,0.553487,0.300154,0.014286,0.596306,-0.263616,-1.091842,-0.874983,1.234566,-0.136988,-0.312354,-0.124609,0.737651,-0.382038,-0.647165,0.063201,0.436919
36.580070,-0.955321,-1.502914,1.740769,-2.161461,-1.129834,0.808063,0.621731,0.339561,-0.827839,0.488013,-0.158246,-0.197946,0.549457,0.299952,0.013977,0.596174,-0.262870,-1.092227,-0.875636,1.234631,-0.136557,-0.311571,-0.126672,0.739709,-0.382470,-0.651009,0.064746,0.434976
36.581016,-0.954225,-1.498014,1.737059,-2.161097,-1.128733,0.807389,0.622332,0.294682,-0.793270,0.462961,-0.187559,-0.198421,0.545834,0.299737,0.013654,0.596057,-0.262134,-1.092617,-0.876297,1.234697,-0.136114,-0.315163,-0.123385,0.739666,-0.384234,-0.651811,0.065396,0.437225
36.581956,-0.961927,-1.493791,1.736118,-2.158949,-1.127263,0.808278,0.622098,0.261678,-0.766794,0.444315,-0.211238,-0.198640,0.542851,0.299539,0.013334,0.595922,-0.261384,-1.093002,-0.876948,1.234768,-0.135681,-0.316427,-0.126969,0.741558,-0.385752,-0.654452,0.066847,0.436752
36.583066,-0.969983,-1.495148,1.733879,-2.159089,-1.124197,0.807464,0.621560,0.238135,-0.740653,0.431519,-0.233030,-0.198415,0.540495,0.299364,0.013027,0.595785,-0.260633,-1.093396,-0.877616,1.234834,-0.135241,-0.313399,-0.130109,0.741961,-0.388770,-0.657239,0.066735,0.437951
36.584091,-0.970395,-1.490407,1.729924,-2.160768,-1.124641,0.808198,0.621927,0.210728,-0.708052,0.417511,-0.257327,-0.198129,0.538314,0.299203,0.012718,0.595651,-0.259889,-1.093786,-0.878298,1.234909,-0.134794,-0.311035,-0.130958,0.744764,-0.391451,-0.662951,0.068523,0.440174
36.584954,-0.970813,-1.486947,1.726105,-2.157891,-1.120841,0.809141,0.622123,0.170503,-0.668025,0.397151,-0.285548,-0.198214,0.535927,0.299026,0.012401,0.595514,-0.259130,-1.094185,-0.878976,1.234980,-0.134353,-0.312021,-0.134619,0.747395,-0.391444,-0.664396,0.068644,0.440351
36.586034,-0.967302,-1.487464,1.729547,-2.157740,-1.111550,0.808841,0.621578,0.120086,-0.615970,0.372493,-0.319738,-0.198457,0.533386,0.298811,0.012091,0.595371,-0.258389,-1.094582,-0.879653,1.235050,-0.133905,-0.312248,-0.137077,0.748622,-0.394276,-0.668792,0.068365,0.440434
36.587053,-0.971829,-1.487033,1.722104,-2.155539,-1.108727,0.810743,0.621674,0.070566,-0.551441,0.350244,-0.358908,-0.198370,0.531168,0.298579,0.011769,0.595231,-0.257638,-1.094982,-0.880358,1.235123,-0.133468,-0.315389,-0.138194,0.748167,-0.396681,-0.680277,0.069608,0.442635
36.587934,-0.973201,-1.487574,1.724747,-2.154018,-1.106261,0.809869,0.621146,0.029469,-0.481161,0.334250,-0.398921,-0.197839,0.529630,0.298377,0.011458,0.595087,-0.256875,-1.095390,-0.881047,1.235190,-0.133023,-0.314289,-0.139589,0.752501,-0.400291,-0.684809,0.068573,0.443329
36.589007,-0.970213,-1.492562,1.722369,-2.154697,-1.104274,0.810610,0.622389,-0.006355,-0.412451,0.321860,-0.436485,-0.197256,0.528692,0.298219,0.011143,0.594944,-0.256136,-1.095793,-0.881742,1.235262,-0.132574,-0.314087,-0.140097,0.750647,-0.401797,-0.687799,0.070149,0.444918
36.589965,-0.968337,-1.493799,1.720215,-2.156318,-1.102727,0.809787,0.622109,-0.037133,-0.351234,0.312333,-0.469031,-0.196745,0.528319,0.298077,0.010818,0.594808,-0.255378,-1.096200,-0.882436,1.235334,-0.132130,-0.316902,-0.139003,0.752994,-0.403127,-0.691979,0.070321,0.443445
36.590999,-0.968514,-1.497925,1.722690,-2.153411,-1.102494,0.810389,0.622654,-0.067539,-0.262188,0.310237,-0.514732,-0.195062,0.529419,0.297832,0.010176,0.594527,-0.253866,-1.097018,-0.883850,1.235479,-0.131235,-0.319664,-0.138613,0.753648,-0.406684,-0.696520,0.072190,0.444586
36.592124,-0.973002,-1.496415,1.721035,-2.151212,-1.098725,0.810389,0.622661,-0.067539,-0.262188,0.310237,-0.514732,-0.195062,0.529419,0.297832,0.010176,0.594527,-0.253866,-1.097018,-0.883850,1.235479,-0.131235,-0.319664,-0.138613,0.753648,-0.406684,-0.696520,0.072190,0.444586
36.593017,-0.966804,-1.497154,1.718315,-2.149164,-1.091671,0.810226,0.624579,-0.067617,-0.238165,0.316872,-0.526292,-0.193988,0.530837,0.297736,0.009858,0.594381,-0.253099,-1.097442,-0.884558,1.235552,-0.130793,-0.319022,-0.140854,0.756029,-0.411066,-0.702822,0.073186,0.445782
36.593992,-0.964425,-1.497211,1.718412,-2.147904,-1.097123,0.812199,0.626034,-0.061022,-0.226546,0.326651,-0.530886,-0.192823,0.532713,0.297607,0.009528,0.594239,-0.252347,-1.097855,-0.885283,1.235629,-0.130356,-0.322527,-0.141300,0.756864,-0.412981,-0.710225,0.074015,0.442500
36.595034,-0.967736,-1.496721,1.717870,-2.148584,-1.097442,0.812450,0.624981,-0.016784,-0.219126,0.364041,-0.529022,-0.188504,0.537813,0.297186,0.008876,0.593950,-0.250817,-1.098697,-0.886697,1.235772,-0.129470,-0.323954,-0.143796,0.757942,-0.415475,-0.707407,0.073478,0.443522
36.595998,-0.974588,-1.497543,1.708299,-2.146089,-1.096342,0.813272,0.625171,0.007572,-0.216347,0.384242,-0.527644,-0.185719,0.540307,0.296955,0.008560,0.593804,-0.250049,-1.099114,-0.887416,1.235850,-0.129024,-0.321372,-0.144362,0.762740,-0.418566,-0.709516,0.073403,0.443866
36.596968,-0.977375,-1.498268,1.712168,-2.140129,-1.098282,0.814838,0.625927,0.007572,-0.216347,0.384242,-0.527644,-0.185719,0.540307,0.296955,0.008560,0.593804,-0.250049,-1.099114,-0.887416,1.235850,-0.129024,-0.321372,-0.144362,0.762740,-0.418566,-0.709516,0.073403,0.443866
36.597994,-0.977033,-1.499624,1.705496,-2.140735,-1.097164,0.814540,0.626337,0.016262,-0.218536,0.394646,-0.525309,-0.183586,0.542103,0.296731,0.008235,0.593658,-0.249286,-1.099552,-0.888118,1.235922,-0.128583,-0.320791,-0.145004,0.760837,-0.424702,-0.708770,0.072620,0.443129
36.599050,-0.973273,-1.500050,1.705150,-2.139382,-1.099156,0.814124,0.625057,-0.003957,-0.247790,0.390267,-0.510672,-0.181482,0.544248,0.296290,0.007581,0.593364,-0.247749,-1.100408,-0.889548,1.236077,-0.127681,-0.325105,-0.146511,0.765766,-0.427718,-0.711295,0.075055,0.446783
36.600113,-0.980282,-1.504148,1.697273,-2.136104,-1.101392,0.816544,0.624679,-0.003957,-0.247790,0.390267,-0.510672,-0.181482,0.544248,0.296290,0.007581,0.593364,-0.247749,-1.100408,-0.889548,1.236077,-0.127681,-0.325105,-0.146511,0.765766,-0.427718,-0.711295,0.075055,0.446783
36.601137,-0.989698,-1.503976,1.686873,-2.132018,-1.103938,0.815121,0.625698,-0.022845,-0.272346,0.381411,-0.498676,-0.180990,0.544850,0.296060,0.007264,0.593220,-0.246965,-1.100848,-0.890250,1.236150,-0.127232,-0.322885,-0.145729,0.770461,-0.432143,-0.711074,0.073517,0.448520
36.601991,-0.994663,-1.503749,1.686066,-2.130571,-1.104502,0.816131,0.624441,-0.059304,-0.310012,0.360136,-0.481150,-0.181830,0.544691,0.295775,0.006951,0.593071,-0.246183,-1.101290,-0.890967,1.236232,-0.126783,-0.319358,-0.146969,0.776055,-0.436867,-0.710062,0.075781,0.447349
36.603007,-0.991204,-1.505967,1.680774,-2.129082,-1.103630,0.817659,0.622690,-0.125807,-0.360036,0.318915,-0.459642,-0.184689,0.543244,0.295428,0.006633,0.592923,-0.245411,-1.101729,-0.891672,1.236306,-0.126328,-0.317202,-0.147731,0.775274,-0.437106,-0.709714,0.075377,0.450335
36.603982,-0.984607,-1.508443,1.679363,-2.124263,-1.102233,0.815866,0.624004,-0.215056,-0.414350,0.262969,-0.437682,-0.188922,0.540760,0.295066,0.006310,0.592775,-0.244621,-1.102177,-0.892390,1.236382,-0.125862,-0.320020,-0.147723,0.778149,-0.439002,-0.712056,0.074676,0.454656
36.604952,-0.994918,-1.510883,1.681674,-2.122866,-1.101541,0.815968,0.623502,-0.306533,-0.470514,0.204780,-0.414409,-0.193523,0.538110,0.294739,0.005978,0.592626,-0.243849,-1.102637,-0.893123,1.236463,-0.125412,-0.324059,-0.147467,0.778867,-0.443525,-0.714418,0.077248,0.452730
36.606092,-0.999156,-1.515983,1.675625,-2.123069,-1.100387,0.818045,0.622133,-0.464838,-0.593922,0.099719,-0.357514,-0.202748,0.533765,0.294317,0.005350,0.592334,-0.242289,-1.103530,-0.894566,1.236617,-0.124483,-0.319412,-0.146186,0.782161,-0.446424,-0.719783,0.076777,0.458366
36.607017,-1.002577,-1.519092,1.664589,-2.114953,-1.099819,0.818428,0.621829,-0.549237,-0.666608,0.041880,-0.322786,-0.208419,0.531398,0.294286,0.005029,0.592191,-0.241489,-1.103999,-0.895282,1.236696,-0.124026,-0.318314,-0.145545,0.786890,-0.453485,-0.721021,0.077103,0.459551
36.607947,-1.002930,-1.521595,1.668561,-2.113359,-1.099765,0.818889,0.621492,-0.549237,-0.666608,0.041880,-0.322786,-0.208419,0.531398,0.294286,0.005029,0.592191,-0.241489,-1.103999,-0.895282,1.236696,-0.124026,-0.318314,-0.145545,0.786890,-0.453485,-0.721021,0.077103,0.459551
36.608941,-1.001220,-1.525173,1.661859,-2.110278,-1.098703,0.819728,0.622987,-0.730384,-0.847718,-0.087013,-0.232012,-0.222865,0.526527,0.294485,0.004389,0.591902,-0.239914,-1.104919,-0.896743,1.236849,-0.123099,-0.320650,-0.144511,0.787684,-0.457157,-0.723887,0.077315,0.458553
36.609987,-1.009024,-1.531034,1.656004,-2.108352,-1.094518,0.820979,0.623328,-0.730384,-0.847718,-0.087013,-0.232012,-0.222865,0.526527,0.294485,0.004389,0.591902,-0.239914,-1.104919,-0.896743,1.236849,-0.123099,-0.320650,-0.144511,0.787684,-0.457157,-0.723887,0.077315,0.458553
36.610963,-1.014556,-1.531385,1.655669,-2.104454,-1.094955,0.823359,0.621096,-0.815133,-0.949800,-0.150002,-0.178188,-0.230791,0.524422,0.294642,0.004076,0.591764,-0.239113,-1.105382,-0.897475,1.236925,-0.122641,-0.318011,-0.142881,0.790967,-0.459472,-0.729688,0.076927,0.458815
36.611961,-1.012729,-1.531991,1.654855,-2.105495,-1.096444,0.824871,0.621553,-0.902887,-1.058580,-0.215865,-0.120092,-0.239421,0.522284,0.294822,0.003762,0.591617,-0.238326,-1.105853,-0.898211,1.236998,-0.122162,-0.316197,-0.143744,0.790966,-0.462773,-0.730137,0.075332,0.463980
36.613064,-1.014339,-1.533795,1.656491,-2.105127,-1.094031,0.825295,0.621091,-0.992609,-1.165550,-0.282984,-0.061928,-0.248381,0.520252,0.295031,0.003437,0.591469,-0.237529,-1.106320,-0.898932,1.237070,-0.121703,-0.318074,-0.144500,0.791324,-0.461441,-0.729911,0.074657,0.463804
36.614051,-1.017916,-1.535198,1.653421,-2.102751,-1.093250,0.824961,0.620932,-1.074260,-1.259336,-0.344089,-0.008801,-0.256759,0.518748,0.295261,0.003121,0.591322,-0.236727,-1.106782,-0.899680,1.237150,-0.121233,-0.318798,-0.144973,0.791386,-0.462852,-0.734262,0.075158,0.465767
36.614951,-1.024844,-1.532767,1.651041,-2.096958,-1.088774,0.825008,0.620018,-1.205506,-1.398876,-0.442465,0.077645,-0.271132,0.517681,0.295814,0.002493,0.591026,-0.235142,-1.107727,-0.901173,1.237306,-0.120292,-0.315097,-0.147314,0.793080,-0.469097,-0.740635,0.076896,0.469119
36.616090,-1.022601,-1.534285,1.655771,-2.097499,-1.092145,0.825299,0.617364,-1.205506,-1.398876,-0.442465,0.077645,-0.271132,0.517681,0.295814,0.002493,0.591026,-0.235142,-1.107727,-0.901173,1.237306,-0.120292,-0.315097,-0.147314,0.793080,-0.469097,-0.740635,0.076896,0.469119
36.617124,-1.025714,-1.531384,1.649024,-2.095883,-1.090077,0.826392,0.618046,-1.262135,-1.446670,-0.483995,0.111386,-0.277561,0.517875,0.296151,0.002172,0.590875,-0.234359,-1.108201,-0.901911,1.237385,-0.119803,-0.317936,-0.147967,0.792164,-0.469651,-0.739509,0.077575,0.475508
36.617988,-1.030287,-1.534516,1.651393,-2.091445,-1.093074,0.827341,0.618718,-1.308716,-1.477304,-0.517622,0.137728,-0.283127,0.518591,0.296510,0.001854,0.590718,-0.233552,-1.108669,-0.902665,1.237461,-0.119325,-0.317538,-0.150492,0.795746,-0.471382,-0.742865,0.077322,0.474880
36.619033,-1.028792,-1.535757,1.655608,-2.092095,-1.088767,0.827714,0.619759,-1.346935,-1.492026,-0.544455,0.156797,-0.287878,0.519633,0.296848,0.001546,0.590573,-0.232756,-1.109152,-0.903397,1.237538,-0.118854,-0.315712,-0.149607,0.793188,-0.473741,-0.739829,0.077002,0.473920
36.620079,-1.018725,-1.537194,1.655175,-2.087191,-1.084804,0.826958,0.619143,-1.376430,-1.495818,-0.564579,0.170578,-0.291835,0.520916,0.297156,0.001223,0.590422,-0.231973,-1.109625,-0.904157,1.237618,-0.118379,-0.317684,-0.150167,0.791659,-0.473179,-0.745514,0.077481,0.472687
36.620990,-1.017136,-1.538380,1.655731,-2.082390,-1.087934,0.827851,0.617374,-1.384587,-1.491467,-0.570459,0.181120,-0.294293,0.522841,0.297489,0.000884,0.590272,-0.231175,-1.110115,-0.904919,1.237698,-0.117905,-0.323738,-0.150620,0.792278,-0.477862,-0.750734,0.079086,0.474807
36.622108,-1.017959,-1.543406,1.661787,-2.084242,-1.088695,0.830669,0.618172,-1.303878,-1.476596,-0.521434,0.204871,-0.293357,0.529954,0.298354,0.000230,0.589971,-0.229600,-1.111081,-0.906414,1.237851,-0.116935,-0.326046,-0.149656,0.789392,-0.479843,-0.749100,0.076987,0.478178
36.623005,-1.023061,-1.546596,1.660726,-2.084536,-1.087650,0.830952,0.620728,-1.303878,-1.476596,-0.521434,0.204871,-0.293357,0.529954,0.298354,0.000230,0.589971,-0.229600,-1.111081,-0.906414,1.237851,-0.116935,-0.326046,-0.149656,0.789392,-0.479843,-0.749100,0.076987,0.478178
36.624038,-1.021484,-1.545081,1.672520,-2.085379,-1.092737,0.831799,0.620482,-1.228163,-1.470538,-0.474740,0.217925,-0.290352,0.534504,0.298781,-0.000091,0.589826,-0.228803,-1.111559,-0.907161,1.237931,-0.116471,-0.324338,-0.149096,0.789700,-0.478846,-0.750978,0.077475,0.473709
36.625009,-1.014110,-1.546293,1.672207,-2.085556,-1.091660,0.832840,0.620745,-1.141828,-1.460234,-0.420355,0.226787,-0.285786,0.539040,0.299115,-0.000425,0.589669,-0.228032,-1.112037,-0.907912,1.238010,-0.115989,-0.326751,-0.151288,0.785520,-0.479319,-0.748145,0.077601,0.475318
36.625974,-1.015513,-1.541816,1.673459,-2.081539,-1.091753,0.831308,0.621414,-1.040743,-1.438339,-0.355055,0.228048,-0.279223,0.543755,0.299355,-0.000771,0.589518,-0.227239,-1.112520,-0.908658,1.238085,-0.115512,-0.331572,-0.151946,0.786588,-0.479554,-0.751048,0.077467,0.475682
36.627054,-1.018165,-1.540089,1.677611,-2.080065,-1.095958,0.831809,0.622469,-0.791364,-1.350467,-0.189606,0.204802,-0.260346,0.554147,0.299500,-0.001437,0.589194,-0.225663,-1.113503,-0.910171,1.238251,-0.114564,-0.332587,-0.157692,0.786791,-0.486769,-0.751004,0.080377,0.474349
36.628108,-1.024854,-1.542323,1.680811,-2.079422,-1.100129,0.831205,0.622963,-0.791364,-1.350467,-0.189606,0.204802,-0.260346,0.554147,0.299500,-0.001437,0.589194,-0.225663,-1.113503,-0.910171,1.238251,-0.114564,-0.332587,-0.157692,0.786791,-0.486769,-0.751004,0.080377,0.474349
36.629041,-1.020978,-1.542417,1.674386,-2.080554,-1.099206,0.831490,0.624225,-0.662960,-1.288680,-0.102315,0.181734,-0.249511,0.559177,0.299368,-0.001764,0.589037,-0.224872,-1.113999,-0.910914,1.238337,-0.114096,-0.331011,-0.158023,0.786945,-0.488533,-0.749410,0.081952,0.474547
36.630068,-1.022814,-1.541836,1.680468,-2.075256,-1.098812,0.832124,0.623274,-0.545759,-1.221277,-0.021076,0.152887,-0.238823,0.563476,0.299104,-0.002106,0.588875,-0.224085,-1.114489,-0.911675,1.238422,-0.113625,-0.333941,-0.159018,0.790714,-0.487141,-0.751625,0.082456,0.472822
36.631005,-1.019367,-1.539552,1.675029,-2.072092,-1.098657,0.832482,0.622841,-0.440540,-1.151095,0.053200,0.119592,-0.228611,0.566971,0.298757,-0.002447,0.588710,-0.223299,-1.114988,-0.912442,1.238505,-0.113152,-0.334465,-0.160602,0.789142,-0.493240,-0.754110,0.082759,0.475848
36.631970,-1.019991,-1.540040,1.681116,-2.074218,-1.096273,0.830730,0.623160,-0.342559,-1.081197,0.122862,0.084695,-0.219060,0.570011,0.298411,-0.002789,0.588544,-0.222500,-1.115490,-0.913199,1.238589,-0.112672,-0.337183,-0.162742,0.792327,-0.495917,-0.755588,0.083216,0.477495
36.633071,-1.020423,-1.546529,1.681908,-2.074738,-1.097920,0.830818,0.623491,-0.248489,-1.010190,0.189861,0.048195,-0.210118,0.572760,0.298113,-0.003130,0.588379,-0.221723,-1.115976,-0.913969,1.238681,-0.112187,-0.337984,-0.163570,0.790208,-0.494013,-0.759455,0.085786,0.477694
36.634082,-1.016175,-1.544013,1.682703,-2.074199,-1.099201,0.831453,0.625053,-0.067993,-0.866712,0.317889,-0.029981,-0.193820,0.577114,0.297679,-0.003821,0.588049,-0.220144,-1.116977,-0.915493,1.238860,-0.111239,-0.343075,-0.164372,0.793049,-0.496166,-0.761332,0.086933,0.476203
36.635018,-1.021133,-1.549072,1.685858,-2.071013,-1.095089,0.831300,0.624411,0.019499,-0.800766,0.378786,-0.067752,-0.186832,0.578890,0.297580,-0.004162,0.587886,-0.219357,-1.117477,-0.916278,1.238948,-0.110754,-0.341523,-0.162831,0.791997,-0.498925,-0.766524,0.087874,0.478296
36.636029,-1.024465,-1.550461,1.687785,-2.070093,-1.089625,0.831836,0.625315,0.100532,-0.743641,0.434452,-0.101903,-0.181033,0.580391,0.297585,-0.004502,0.587723,-0.218558,-1.117978,-0.917057,1.239040,-0.110282,-0.341269,-0.163412,0.792241,-0.500311,-0.773828,0.088199,0.477499
36.637007,-1.027808,-1.548559,1.683952,-2.068724,-1.087712,0.833863,0.624860,0.167977,-0.694925,0.480740,-0.132858,-0.176665,0.581411,0.297647,-0.004845,0.587551,-0.217765,-1.118478,-0.917850,1.239126,-0.109796,-0.340774,-0.165432,0.795107,-0.501773,-0.777057,0.087011,0.479319
36.638032,-1.027653,-1.550269,1.691420,-2.068547,-1.085186,0.832153,0.626240,0.220546,-0.648796,0.517379,-0.163174,-0.173530,0.581943,0.297713,-0.005194,0.587384,-0.216975,-1.118984,-0.918635,1.239222,-0.109329,-0.342235,-0.165821,0.792787,-0.502487,-0.781485,0.089622,0.477622
36.639064,-1.031486,-1.547828,1.689253,-2.069708,-1.084451,0.831234,0.626146,0.220546,-0.648796,0.517379,-0.163174,-0.173530,0.581943,0.297713,-0.005194,0.587384,-0.216975,-1.118984,-0.918635,1.239222,-0.109329,-0.342235,-0.165821,0.792787,-0.502487,-0.781485,0.089622,0.477622
36.640114,-1.038034,-1.544539,1.688438,-2.064913,-1.084052,0.829664,0.625294,0.261703,-0.599841,0.546879,-0.195110,-0.171165,0.582074,0.297786,-0.005532,0.587209,-0.216169,-1.119491,-0.919429,1.239315,-0.108847,-0.341833,-0.168243,0.795262,-0.501909,-0.784065,0.091419,0.478899
36.641168,-1.043766,-1.545712,1.693374,-2.062115,-1.082971,0.828912,0.626689,0.288118,-0.544483,0.567404,-0.230374,-0.169564,0.581623,0.297899,-0.005871,0.587031,-0.215372,-1.120002,-0.920231,1.239414,-0.108356,-0.340170,-0.171100,0.797319,-0.507485,-0.786424,0.093877,0.481692
36.642101,-1.041514,-1.542834,1.697352,-2.064083,-1.081959,0.829656,0.625682,0.294489,-0.486320,0.575251,-0.266751,-0.169186,0.580461,0.298051,-0.006203,0.586858,-0.214575,-1.120520,-0.921022,1.239512,-0.107884,-0.339032,-0.171771,0.796499,-0.510855,-0.789605,0.095507,0.480017
36.643065,-1.037499,-1.538903,1.692722,-2.062355,-1.084086,0.828918,0.624611,0.276346,-0.358939,0.571118,-0.341764,-0.170199,0.577080,0.298390,-0.006901,0.586497,-0.212981,-1.121538,-0.922608,1.239710,-0.106903,-0.344099,-0.176909,0.797979,-0.509623,-0.790616,0.096971,0.485787
36.644059,-1.045396,-1.540480,1.694803,-2.056665,-1.084293,0.828532,0.624964,0.276346,-0.358939,0.571118,-0.341764,-0.170199,0.577080,0.298390,-0.006901,0.586497,-0.212981,-1.121538,-0.922608,1.239710,-0.106903,-0.344099,-0.176909,0.797979,-0.509623,-0.790616,0.096971,0.485787
36.645103,-1.047143,-1.536056,1.696026,-2.058637,-1.083210,0.827211,0.625353,0.266598,-0.283946,0.568688,-0.382602,-0.170520,0.575300,0.298604,-0.007236,0.586318,-0.212175,-1.122066,-0.923400,1.239811,-0.106414,-0.341468,-0.177117,0.797861,-0.514977,-0.791954,0.098146,0.485974
36.646035,-1.045488,-1.532960,1.688845,-2.052871,-1.085241,0.828227,0.626399,0.252151,-0.208866,0.562814,-0.422318,-0.171208,0.573317,0.298836,-0.007580,0.586129,-0.211379,-1.122576,-0.924208,1.239916,-0.105923,-0.342148,-0.180413,0.798850,-0.513599,-0.794897,0.100313,0.486251
36.647001,-1.045311,-1.530912,1.694549,-2.046007,-1.082304,0.826727,0.626696,0.231448,-0.132406,0.552857,-0.462023,-0.172245,0.571045,0.299037,-0.007927,0.585943,-0.210564,-1.123105,-0.924996,1.240015,-0.105443,-0.343865,-0.182683,0.802625,-0.518256,-0.793788,0.099981,0.484921
36.648035,-1.044708,-1.530611,1.696207,-2.048287,-1.086039,0.825865,0.624880,0.209397,-0.057167,0.541685,-0.499770,-0.173556,0.568820,0.299184,-0.008274,0.585754,-0.209774,-1.123644,-0.925800,1.240121,-0.104955,-0.345025,-0.184518,0.800551,-0.524133,-0.797917,0.102224,0.485187
36.649088,-1.045133,-1.532689,1.692935,-2.042609,-1.088071,0.827321,0.626969,0.185443,0.074983,0.529928,-0.560881,-0.176341,0.565768,0.299397,-0.008973,0.585380,-0.208151,-1.124702,-0.927393,1.240330,-0.103979,-0.348027,-0.185762,0.804211,-0.527963,-0.796012,0.103279,0.486743
36.650089,-1.050966,-1.533179,1.693927,-2.039663,-1.090132,0.830390,0.627131,0.185443,0.074983,0.529928,-0.560881,-0.176341,0.565768,0.299397,-0.008973,0.585380,-0.208151,-1.124702,-0.927393,1.240330,-0.103979,-0.348027,-0.185762,0.804211,-0.527963,-0.796012,0.103279,0.486743
36.651021,-1.052244,-1.539222,1.701514,-2.036800,-1.093924,0.828211,0.626832,0.179495,0.122401,0.526333,-0.580709,-0.178240,0.564803,0.299424,-0.009316,0.585190,-0.207350,-1.125234,-0.928185,1.240426,-0.103484,-0.346388,-0.186438,0.804772,-0.530483,-0.795531,0.101020,0.487372
36.652022,-1.050548,-1.542668,1.703845,-2.034555,-1.091108,0.826583,0.625095,0.171777,0.148873,0.520231,-0.589934,-0.180944,0.564110,0.299377,-0.009664,0.585013,-0.206548,-1.125772,-0.928967,1.240532,-0.102989,-0.346640,-0.184234,0.801256,-0.531961,-0.792747,0.103917,0.488694
36.653141,-1.043985,-1.542968,1.702442,-2.030201,-1.095033,0.824573,0.625664,0.167239,0.152070,0.514786,-0.587871,-0.184126,0.563815,0.299279,-0.010014,0.584828,-0.205752,-1.126311,-0.929777,1.240645,-0.102491,-0.348725,-0.183488,0.801249,-0.533625,-0.797044,0.106269,0.493099
36.654045,-1.045918,-1.538314,1.705204,-2.025186,-1.093503,0.822367,0.625973,0.174257,0.133058,0.515384,-0.574782,-0.187292,0.564159,0.299132,-0.010377,0.584640,-0.204940,-1.126857,-0.930573,1.240760,-0.101997,-0.353747,-0.184665,0.804185,-0.538751,-0.795732,0.109162,0.493182
36.655001,-1.050763,-1.540626,1.710505,-2.015677,-1.093288,0.825434,0.626072,0.196725,0.099580,0.525063,-0.553864,-0.190004,0.565258,0.298915,-0.010728,0.584451,-0.204132,-1.127409,-0.931383,1.240875,-0.101510,-0.353416,-0.187614,0.802722,-0.541674,-0.797788,0.111943,0.493232
36.656043,-1.049296,-1.543814,1.709356,-2.012283,-1.094963,0.827724,0.624155,0.230937,0.057806,0.542206,-0.527873,-0.192158,0.567022,0.298630,-0.011080,0.584263,-0.203339,-1.127970,-0.932179,1.240981,-0.101012,-0.351932,-0.187225,0.800750,-0.549613,-0.799124,0.109532,0.493815
36.657036,-1.044806,-1.548953,1.715823,-2.011205,-1.093758,0.827978,0.624770,0.270837,0.003810,0.562933,-0.494744,-0.194104,0.569350,0.298300,-0.011445,0.584080,-0.202529,-1.128530,-0.932965,1.241085,-0.100508,-0.353969,-0.186747,0.802768,-0.552390,-0.799470,0.108088,0.498687
36.658039,-1.035909,-1.555356,1.710333,-2.005145,-1.093663,0.828555,0.624539,0.317564,-0.064781,0.587806,-0.453406,-0.195753,0.572276,0.297936,-0.011807,0.583896,-0.201727,-1.129089,-0.933773,1.241195,-0.100009,-0.357256,-0.185114,0.800475,-0.552300,-0.802055,0.108583,0.498284
36.658978,-1.034931,-1.556898,1.713635,-2.000147,-1.095761,0.828796,0.622599,0.456253,-0.248498,0.664427,-0.344182,-0.196813,0.580702,0.297215,-0.012547,0.583535,-0.200116,-1.130219,-0.935381,1.241415,-0.098994,-0.363807,-0.183017,0.802971,-0.560272,-0.802378,0.109169,0.504232
36.660014,-1.040798,-1.563597,1.715420,-1.999349,-1.099522,0.827905,0.622566,0.456253,-0.248498,0.664427,-0.344182,-0.196813,0.580702,0.297215,-0.012547,0.583535,-0.200116,-1.130219,-0.935381,1.241415,-0.098994,-0.363807,-0.183017,0.802971,-0.560272,-0.802378,0.109169,0.504232
36.661088,-1.043983,-1.570921,1.715446,-1.993250,-1.100316,0.828036,0.623207,0.542070,-0.363291,0.711953,-0.276493,-0.196604,0.586017,0.296968,-0.012908,0.583360,-0.199319,-1.130786,-0.936181,1.241531,-0.098484,-0.362127,-0.180837,0.803585,-0.560255,-0.800450,0.110829,0.505222
36.662096,-1.041165,-1.575726,1.711887,-1.989529,-1.102204,0.830114,0.625805,0.620847,-0.491955,0.754483,-0.202210,-0.196837,0.591249,0.296759,-0.013273,0.583184,-0.198504,-1.131358,-0.936981,1.241641,-0.097984,-0.361987,-0.178486,0.805273,-0.565970,-0.801899,0.111533,0.505036
36.662999,-1.041060,-1.582994,1.712901,-1.988773,-1.103336,0.832379,0.623598,0.735591,-0.799545,0.809531,-0.029517,-0.201359,0.600571,0.296255,-0.014008,0.582842,-0.196882,-1.132496,-0.938592,1.241854,-0.096966,-0.364991,-0.174431,0.807463,-0.566690,-0.800905,0.108567,0.505760
36.664026,-1.044470,-1.587212,1.715001,-1.985470,-1.103077,0.833855,0.622642,0.774939,-0.967253,0.824656,0.063543,-0.205648,0.604753,0.296048,-0.014374,0.582671,-0.196069,-1.133070,-0.939393,1.241962,-0.096458,-0.364447,-0.173556,0.807616,-0.568939,-0.802931,0.107895,0.508592
36.665022,-1.045152,-1.589784,1.713161,-1.982330,-1.105668,0.834474,0.626488,0.774939,-0.967253,0.824656,0.063543,-0.205648,0.604753,0.296048,-0.014374,0.582671,-0.196069,-1.133070,-0.939393,1.241962,-0.096458,-0.364447,-0.173556,0.807616,-0.568939,-0.802931,0.107895,0.508592
36.666076,-1.048910,-1.592745,1.707944,-1.981103,-1.106089,0.834168,0.626995,0.801615,-1.134480,0.831741,0.156169,-0.211277,0.608667,0.295888,-0.014741,0.582498,-0.195260,-1.133650,-0.940199,1.242071,-0.095971,-0.365104,-0.173366,0.809472,-0.570482,-0.801709,0.108024,0.501734
36.667009,-1.051543,-1.593930,1.713155,-1.976871,-1.106654,0.830436,0.626241,0.802648,-1.441985,0.814168,0.326661,-0.226934,0.615183,0.295578,-0.015471,0.582153,-0.193618,-1.134799,-0.941805,1.242306,-0.094964,-0.363910,-0.173498,0.810953,-0.572950,-0.803554,0.113481,0.504045
36.667994,-1.049723,-1.597211,1.709914,-1.970843,-1.109697,0.828669,0.627908,0.802648,-1.441985,0.814168,0.326661,-0.226934,0.615183,0.295578,-0.015471,0.582153,-0.193618,-1.134799,-0.941805,1.242306,-0.094964,-0.363910,-0.173498,0.810953,-0.572950,-0.803554,0.113481,0.504045
36.669088,-1.045616,-1.602569,1.709634,-1.968360,-1.107042,0.827470,0.630645,0.779410,-1.575150,0.791151,0.401164,-0.236575,0.617708,0.295498,-0.015843,0.581983,-0.192802,-1.135380,-0.942610,1.242428,-0.094462,-0.365710,-0.172933,0.813342,-0.577229,-0.801804,0.115879,0.501505
36.670022,-1.047474,-1.606183,1.708830,-1.965232,-1.104136,0.828891,0.631267,0.750950,-1.698848,0.764556,0.471687,-0.247012,0.620014,0.295440,-0.016223,0.581815,-0.191975,-1.135966,-0.943417,1.242547,-0.093976,-0.369152,-0.171721,0.815231,-0.579147,-0.806844,0.117893,0.497234
36.671003,-1.046247,-1.612740,1.711169,-1.966183,-1.110425,0.829387,0.629783,0.723418,-1.815903,0.737863,0.539773,-0.257773,0.622158,0.295376,-0.016587,0.581646,-0.191150,-1.136552,-0.944235,1.242666,-0.093481,-0.368870,-0.170861,0.815689,-0.579765,-0.810427,0.117040,0.496748
36.672117,-1.049748,-1.617693,1.703231,-1.967176,-1.113828,0.830745,0.632180,0.697860,-1.924539,0.711983,0.603811,-0.268246,0.623979,0.295338,-0.016962,0.581479,-0.190339,-1.137122,-0.945040,1.242783,-0.092971,-0.370317,-0.168691,0.815245,-0.577228,-0.805324,0.117230,0.500559
36.673015,-1.054259,-1.616314,1.701871,-1.965096,-1.115791,0.827487,0.634342,0.669454,-2.022943,0.684216,0.661528,-0.278148,0.625074,0.295341,-0.017329,0.581314,-0.189499,-1.137697,-0.945850,1.242898,-0.092482,-0.370176,-0.167796,0.821091,-0.576227,-0.804443,0.116738,0.496959
36.673983,-1.058475,-1.615872,1.692635,-1.964615,-1.120641,0.824867,0.634145,0.628167,-2.107214,0.648827,0.709425,-0.287486,0.624852,0.295336,-0.017693,0.581142,-0.188680,-1.138267,-0.946642,1.243029,-0.091995,-0.368399,-0.169305,0.821469,-0.575724,-0.803085,0.120508,0.493283
36.675008,-1.058961,-1.614256,1.691782,-1.962519,-1.124232,0.823157,0.633850,0.564834,-2.169605,0.601002,0.742439,-0.296205,0.622776,0.295298,-0.018060,0.580969,-0.187837,-1.138844,-0.947426,1.243158,-0.091501,-0.367139,-0.170534,0.826349,-0.574324,-0.799567,0.123707,0.494555
36.676107,-1.057798,-1.614651,1.694002,-1.961170,-1.127795,0.825160,0.635795,0.477684,-2.204442,0.540296,0.757328,-0.304143,0.618654,0.295242,-0.018426,0.580793,-0.186996,-1.139424,-0.948221,1.243290,-0.091003,-0.368077,-0.172500,0.827598,-0.575201,-0.797788,0.126054,0.496120
36.676986,-1.062508,-1.610346,1.687386,-1.961982,-1.128633,0.825543,0.637452,0.376946,-2.211242,0.473222,0.754780,-0.310889,0.612971,0.295126,-0.018800,0.580618,-0.186172,-1.139998,-0.949019,1.243416,-0.090514,-0.370133,-0.173695,0.828326,-0.576375,-0.796692,0.124799,0.493412
36.678032,-1.072801,-1.610580,1.687034,-1.959279,-1.133009,0.825617,0.639187,0.272060,-2.188646,0.405966,0.734777,-0.316051,0.606250,0.294880,-0.019169,0.580437,-0.185329,-1.140568,-0.949812,1.243545,-0.090031,-0.368068,-0.176489,0.830913,-0.572703,-0.796282,0.124891,0.490706
36.679059,-1.076693,-1.607267,1.683337,-1.957703,-1.132101,0.823716,0.636432,0.026130,-2.055810,0.257323,0.639505,-0.323286,0.589264,0.294023,-0.019889,0.580072,-0.183656,-1.141720,-0.951412,1.243805,-0.089042,-0.363581,-0.180252,0.834995,-0.575000,-0.796537,0.128087,0.494884
36.679933,-1.074938,-1.605481,1.680307,-1.955355,-1.134371,0.819071,0.636335,0.026130,-2.055810,0.257323,0.639505,-0.323286,0.589264,0.294023,-0.019889,0.580072,-0.183656,-1.141720,-0.951412,1.243805,-0.089042,-0.363581,-0.180252,0.834995,-0.575000,-0.796537,0.128087,0.494884
36.681087,-1.076977,-1.605827,1.683339,-1.953783,-1.134335,0.817236,0.638385,-0.117509,-1.954824,0.173839,0.568658,-0.326245,0.579338,0.293538,-0.020254,0.579888,-0.182810,-1.142297,-0.952200,1.243951,-0.088546,-0.364835,-0.181706,0.835671,-0.574307,-0.794652,0.133106,0.495566
36.682031,-1.078744,-1.603390,1.684343,-1.950933,-1.131690,0.815652,0.636396,-0.394395,-1.706521,0.018863,0.396440,-0.330295,0.559359,0.292512,-0.020989,0.579515,-0.181142,-1.143449,-0.953814,1.244232,-0.087551,-0.365465,-0.184957,0.836008,-0.577034,-0.801166,0.137752,0.497571
36.682988,-1.084390,-1.609040,1.680962,-1.951742,-1.132077,0.813872,0.634076,-0.394395,-1.706521,0.018863,0.396440,-0.330295,0.559359,0.292512,-0.020989,0.579515,-0.181142,-1.143449,-0.953814,1.244232,-0.087551,-0.365465,-0.184957,0.836008,-0.577034,-0.801166,0.137752,0.497571
36.684088,-1.084053,-1.610766,1.687020,-1.950147,-1.130850,0.815713,0.635460,-0.631435,-1.436190,-0.106264,0.207336,-0.332334,0.540364,0.291720,-0.021711,0.579146,-0.179467,-1.144601,-0.955427,1.244514,-0.086534,-0.365304,-0.183371,0.836514,-0.575601,-0.805423,0.138853,0.501262
36.684952,-1.086950,-1.615968,1.685847,-1.946910,-1.127586,0.815623,0.635182,-0.732335,-1.311513,-0.156934,0.116667,-0.333008,0.531522,0.291410,-0.022072,0.578967,-0.178623,-1.145172,-0.956232,1.244654,-0.086035,-0.364178,-0.181352,0.836218,-0.575814,-0.808842,0.139327,0.502353
36.685997,-1.087000,-1.619363,1.683625,-1.945301,-1.125745,0.812183,0.634265,-0.818868,-1.203482,-0.198641,0.034480,-0.333574,0.523539,0.291132,-0.022441,0.578785,-0.177787,-1.145741,-0.957055,1.244803,-0.085522,-0.365409,-0.180813,0.838470,-0.576709,-0.812385,0.143374,0.505176
36.687065,-1.097555,-1.620361,1.689913,-1.945012,-1.125658,0.809433,0.632546,-0.896440,-1.112760,-0.234801,-0.038710,-0.334180,0.516298,0.290931,-0.022798,0.578602,-0.176951,-1.146316,-0.957865,1.244957,-0.084999,-0.361574,-0.181541,0.836665,-0.576378,-0.814500,0.146693,0.509627
36.687974,-1.101644,-1.620004,1.687967,-1.939502,-1.126472,0.808613,0.634407,-0.896440,-1.112760,-0.234801,-0.038710,-0.334180,0.516298,0.290931,-0.022798,0.578602,-0.176951,-1.146316,-0.957865,1.244957,-0.084999,-0.361574,-0.181541,0.836665,-0.576378,-0.814500,0.146693,0.509627
36.689079,-1.096194,-1.621538,1.691340,-1.943081,-1.125672,0.811337,0.635883,-0.971946,-1.034262,-0.269282,-0.105032,-0.334875,0.509634,0.290800,-0.023152,0.578418,-0.176105,-1.146905,-0.958680,1.245108,-0.084502,-0.360230,-0.182403,0.837201,-0.579037,-0.814146,0.147857,0.506470
36.689999,-1.096813,-1.625334,1.687432,-1.941221,-1.124237,0.811738,0.635094,-1.042970,-0.962152,-0.300171,-0.166348,-0.335370,0.503784,0.290678,-0.023525,0.578232,-0.175274,-1.147466,-0.959515,1.245252,-0.083996,-0.364516,-0.182919,0.837334,-0.575580,-0.817127,0.145787,0.504705
36.691051,-1.095687,-1.627143,1.688282,-1.940658,-1.124550,0.812944,0.633947,-1.139665,-0.823847,-0.331156,-0.277697,-0.334060,0.495926,0.290460,-0.024256,0.577871,-0.173598,-1.148623,-0.961159,1.245543,-0.082973,-0.366657,-0.182062,0.839807,-0.574649,-0.820527,0.145215,0.510243
36.692049,-1.100036,-1.623764,1.683923,-1.939879,-1.128800,0.811884,0.635845,-1.139665,-0.823847,-0.331156,-0.277697,-0.334060,0.495926,0.290460,-0.024256,0.577871,-0.173598,-1.148623,-0.961159,1.245543,-0.082973,-0.366657,-0.182062,0.839807,-0.574649,-0.820527,0.145215,0.510243
36.693009,-1.107903,-1.626640,1.681856,-1.933283,-1.130178,0.811412,0.636180,-1.167982,-0.756917,-0.333556,-0.327978,-0.332598,0.493771,0.290368,-0.024621,0.577680,-0.172749,-1.149191,-0.961980,1.245694,-0.082476,-0.365485,-0.184658,0.842475,-0.574148,-0.817506,0.146791,0.507286
36.694051,-1.104759,-1.624224,1.685034,-1.929228,-1.128868,0.809602,0.636860,-1.195870,-0.690365,-0.335779,-0.375523,-0.331484,0.492267,0.290246,-0.024974,0.577496,-0.171902,-1.149782,-0.962792,1.245848,-0.081967,-0.362502,-0.184043,0.843575,-0.578484,-0.817154,0.147680,0.507384
36.695067,-1.100895,-1.625251,1.692664,-1.925018,-1.128932,0.808774,0.634162,-1.227986,-0.629878,-0.341561,-0.417143,-0.331446,0.491282,0.290118,-0.025348,0.577303,-0.171071,-1.150364,-0.963620,1.246000,-0.081454,-0.365281,-0.186272,0.843126,-0.581439,-0.820120,0.150049,0.506983
36.695958,-1.097437,-1.623911,1.688503,-1.918729,-1.130005,0.811268,0.634230,-1.250539,-0.576451,-0.342647,-0.450861,-0.332067,0.491386,0.290065,-0.025728,0.577118,-0.170239,-1.150952,-0.964440,1.246154,-0.080935,-0.368165,-0.186757,0.840148,-0.584092,-0.821494,0.151368,0.513313
36.697066,-1.097372,-1.629665,1.691198,-1.918497,-1.133689,0.815705,0.634191,-1.249590,-0.528514,-0.330395,-0.476201,-0.332697,0.493074,0.290121,-0.026100,0.576928,-0.169407,-1.151549,-0.965263,1.246300,-0.080417,-0.370240,-0.187989,0.841787,-0.587065,-0.820623,0.149212,0.513621
36.698027,-1.102531,-1.634930,1.694597,-1.917128,-1.139765,0.818167,0.632473,-1.225140,-0.488220,-0.305147,-0.492179,-0.333346,0.496238,0.290260,-0.026475,0.576742,-0.168566,-1.152134,-0.966085,1.246438,-0.079905,-0.371766,-0.186391,0.842167,-0.586938,-0.819245,0.145488,0.514868
36.698979,-1.099507,-1.632056,1.692032,-1.912103,-1.143191,0.817292,0.632416,-1.138315,-0.442012,-0.237248,-0.495818,-0.335743,0.505108,0.290844,-0.027216,0.576372,-0.166889,-1.153308,-0.967694,1.246726,-0.078849,-0.372173,-0.186874,0.842060,-0.588830,-0.811807,0.144904,0.519721
36.700123,-1.095088,-1.636215,1.693746,-1.906533,-1.144635,0.814747,0.632772,-1.084683,-0.433959,-0.200037,-0.486036,-0.337511,0.510242,0.291249,-0.027601,0.576189,-0.166043,-1.153916,-0.968502,1.246878,-0.078333,-0.375982,-0.186219,0.843257,-0.593986,-0.813189,0.148159,0.520252
36.700976,-1.093408,-1.640190,1.690504,-1.894211,-1.146448,0.813299,0.632866,-1.021241,-0.443375,-0.159605,-0.464327,-0.339740,0.515871,0.291634,-0.027975,0.576007,-0.165198,-1.154541,-0.969313,1.247030,-0.077803,-0.376931,-0.184759,0.843850,-0.601887,-0.811346,0.149877,0.520414
36.701957,-1.096743,-1.640779,1.694961,-1.894176,-1.151556,0.815482,0.633382,-0.951125,-0.475260,-0.118393,-0.428460,-0.342605,0.521729,0.291952,-0.028350,0.575818,-0.164367,-1.155144,-0.970117,1.247176,-0.077280,-0.376059,-0.185343,0.842090,-0.599489,-0.807498,0.148162,0.520120
36.703005,-1.098881,-1.646657,1.694162,-1.890021,-1.156815,0.816790,0.633747,-0.881904,-0.522148,-0.080455,-0.383518,-0.345892,0.527261,0.292177,-0.028723,0.575639,-0.163521,-1.155747,-0.970908,1.247321,-0.076765,-0.376190,-0.183564,0.843557,-0.602172,-0.804296,0.147460,0.520368
36.704018,-1.097643,-1.651196,1.695675,-1.883045,-1.161447,0.818494,0.635670,-0.817865,-0.583137,-0.048340,-0.330745,-0.349684,0.532208,0.292297,-0.029105,0.575459,-0.162685,-1.156357,-0.971711,1.247466,-0.076255,-0.377731,-0.182362,0.843560,-0.607057,-0.801251,0.146304,0.517383
36.705084,-1.097516,-1.650822,1.702024,-1.879623,-1.162825,0.816703,0.634955,-0.817865,-0.583137,-0.048340,-0.330745,-0.349684,0.532208,0.292297,-0.029105,0.575459,-0.162685,-1.156357,-0.971711,1.247466,-0.076255,-0.377731,-0.182362,0.843560,-0.607057,-0.801251,0.146304,0.517383
36.706012,-1.090096,-1.652428,1.702748,-1.869421,-1.164940,0.816042,0.635002,-0.755855,-0.658234,-0.020054,-0.269888,-0.353926,0.536780,0.292350,-0.029491,0.575270,-0.161845,-1.156976,-0.972507,1.247618,-0.075739,-0.378939,-0.183703,0.841667,-0.608776,-0.802085,0.148711,0.519885
36.707052,-1.091035,-1.652079,1.706698,-1.861735,-1.168035,0.816097,0.636455,-0.605806,-0.827311,0.047272,-0.132510,-0.361780,0.546367,0.292555,-0.030267,0.574893,-0.160164,-1.158234,-0.974109,1.247923,-0.074694,-0.383517,-0.184819,0.840176,-0.620846,-0.799529,0.150227,0.518356
36.707994,-1.092213,-1.655138,1.708311,-1.858486,-1.169830,0.820693,0.638740,-0.605806,-0.827311,0.047272,-0.132510,-0.361780,0.546367,0.292555,-0.030267,0.574893,-0.160164,-1.158234,-0.974109,1.247923,-0.074694,-0.383517,-0.184819,0.840176,-0.620846,-0.799529,0.150227,0.518356
36.708971,-1.094034,-1.662922,1.707070,-1.855322,-1.174224,0.824654,0.637810,-0.515068,-0.916744,0.088709,-0.057167,-0.365321,0.551565,0.292730,-0.030655,0.574713,-0.159317,-1.158859,-0.974899,1.248061,-0.074190,-0.383368,-0.184106,0.839260,-0.620699,-0.798789,0.146081,0.514476
36.710015,-1.092260,-1.662953,1.704412,-1.857177,-1.178131,0.830316,0.635880,-0.424761,-1.006680,0.129244,0.019880,-0.369006,0.556499,0.292945,-0.031037,0.574534,-0.158481,-1.159486,-0.975691,1.248201,-0.073668,-0.383167,-0.181159,0.840307,-0.620888,-0.795733,0.142657,0.517140
36.710947,-1.089425,-1.665735,1.706051,-1.852144,-1.179318,0.829902,0.638138,-0.342831,-1.094479,0.164447,0.095664,-0.373137,0.560843,0.293237,-0.031426,0.574347,-0.157627,-1.160092,-0.976488,1.248332,-0.073142,-0.385054,-0.182264,0.842530,-0.617353,-0.793778,0.137655,0.521938
36.711975,-1.091453,-1.661902,1.709220,-1.848760,-1.179755,0.826099,0.640161,-0.269511,-1.172221,0.194997,0.165291,-0.377563,0.564765,0.293598,-0.031817,0.574168,-0.156779,-1.160718,-0.977275,1.248471,-0.072632,-0.386827,-0.181675,0.841460,-0.618959,-0.793602,0.138603,0.517993
36.713030,-1.090094,-1.660729,1.708039,-1.843223,-1.182652,0.824857,0.640778,-0.200910,-1.233675,0.224001,0.225406,-0.382044,0.568676,0.293985,-0.032205,0.573977,-0.155943,-1.161347,-0.978073,1.248624,-0.072120,-0.386710,-0.184612,0.840819,-0.619951,-0.794958,0.142964,0.514882
36.713992,-1.088740,-1.659214,1.712274,-1.831215,-1.180205,0.823879,0.639800,-0.136715,-1.275229,0.252102,0.274145,-0.386575,0.572737,0.294410,-0.032601,0.573788,-0.155093,-1.161976,-0.978858,1.248772,-0.071608,-0.388368,-0.186271,0.842494,-0.623466,-0.794214,0.144770,0.514681
36.714968,-1.081962,-1.661125,1.719448,-1.828321,-1.180836,0.828158,0.641919,-0.007910,-1.319223,0.313413,0.350927,-0.396363,0.582341,0.295441,-0.033392,0.573408,-0.153423,-1.163253,-0.980470,1.249051,-0.070573,-0.393472,-0.187670,0.837397,-0.631647,-0.798344,0.142456,0.513837
36.716072,-1.072901,-1.662719,1.724674,-1.829377,-1.181775,0.831774,0.642496,0.080309,-1.329525,0.361612,0.384168,-0.400413,0.588770,0.295948,-0.033799,0.573221,-0.152579,-1.163880,-0.981268,1.249184,-0.070064,-0.399114,-0.188155,0.836456,-0.629168,-0.799911,0.139600,0.513870
36.717032,-1.065489,-1.665137,1.725018,-1.825757,-1.181905,0.833857,0.642695,0.196793,-1.328064,0.430046,0.411071,-0.402477,0.596436,0.296435,-0.034209,0.573032,-0.151746,-1.164506,-0.982070,1.249320,-0.069549,-0.403073,-0.187721,0.836544,-0.629647,-0.800871,0.138062,0.514193
36.718011,-1.071731,-1.667392,1.729283,-1.827084,-1.186766,0.834058,0.642666,0.332507,-1.315318,0.513173,0.429977,-0.402451,0.604694,0.296926,-0.034607,0.572847,-0.150910,-1.165132,-0.982852,1.249460,-0.069040,-0.400415,-0.187491,0.834812,-0.625373,-0.797450,0.138412,0.515055
36.719069,-1.067653,-1.664377,1.729208,-1.823832,-1.188430,0.830944,0.642385,0.470034,-1.289610,0.600317,0.437814,-0.400628,0.612553,0.297405,-0.035011,0.572652,-0.150063,-1.165767,-0.983655,1.249611,-0.068519,-0.403397,-0.190057,0.836000,-0.626526,-0.797844,0.142135,0.516600
36.720096,-1.064328,-1.663729,1.734155,-1.818792,-1.189716,0.829454,0.643728,0.470034,-1.289610,0.600317,0.437814,-0.400628,0.612553,0.297405,-0.035011,0.572652,-0.150063,-1.165767,-0.983655,1.249611,-0.068519,-0.403397,-0.190057,0.836000,-0.626526,-0.797844,0.142135,0.516600
36.721022,-1.056708,-1.662272,1.728523,-1.815449,-1.189184,0.829908,0.640680,0.603172,-1.249534,0.687738,0.433233,-0.397041,0.619599,0.297836,-0.035423,0.572457,-0.149236,-1.166409,-0.984460,1.249760,-0.067999,-0.405665,-0.191296,0.834545,-0.628851,-0.798266,0.144155,0.514774
36.722026,-1.060768,-1.659728,1.731237,-1.812948,-1.192405,0.835346,0.640440,0.860935,-1.135551,0.865393,0.392177,-0.384498,0.631117,0.298571,-0.036238,0.572063,-0.147561,-1.167668,-0.986066,1.250032,-0.066940,-0.408083,-0.194732,0.836524,-0.628330,-0.797834,0.139271,0.522730
36.723059,-1.064934,-1.660288,1.731676,-1.815987,-1.198678,0.840365,0.642646,0.860935,-1.135551,0.865393,0.392177,-0.384498,0.631117,0.298571,-0.036238,0.572063,-0.147561,-1.167668,-0.986066,1.250032,-0.066940,-0.408083,-0.194732,0.836524,-0.628330,-0.797834,0.139271,0.522730
36.724016,-1.072240,-1.658517,1.733342,-1.813920,-1.201398,0.840034,0.641178,0.971776,-1.059947,0.946862,0.353711,-0.376001,0.634993,0.298773,-0.036645,0.571866,-0.146720,-1.168283,-0.986845,1.250162,-0.066425,-0.407139,-0.195609,0.838070,-0.624255,-0.794284,0.135023,0.519391
36.725090,-1.072637,-1.651961,1.737574,-1.813628,-1.204278,0.834823,0.640309,1.054971,-0.970003,1.013533,0.300940,-0.366713,0.637071,0.298763,-0.037039,0.571666,-0.145877,-1.168909,-0.987637,1.250302,-0.065889,-0.404476,-0.197471,0.838425,-0.624519,-0.793730,0.136041,0.523276
36.726031,-1.071441,-1.650470,1.737591,-1.809836,-1.208296,0.829383,0.639519,1.106670,-0.864311,1.062809,0.233109,-0.356959,0.637285,0.298605,-0.037448,0.571456,-0.145044,-1.169527,-0.988434,1.250453,-0.065357,-0.405854,-0.202050,0.839014,-0.624747,-0.794169,0.142054,0.526268
36.727036,-1.070517,-1.650909,1.737706,-1.807485,-1.207888,0.828583,0.641912,1.133586,-0.741804,1.098577,0.150799,-0.346741,0.635916,0.298388,-0.037860,0.571251,-0.144201,-1.170157,-0.989233,1.250611,-0.064832,-0.407156,-0.203619,0.840012,-0.626361,-0.792005,0.147991,0.528712
36.728119,-1.076210,-1.657175,1.743620,-1.808372,-1.209239,0.831985,0.641874,1.144260,-0.609516,1.125211,0.058887,-0.336375,0.633217,0.298109,-0.038268,0.571043,-0.143365,-1.170791,-0.990026,1.250762,-0.064309,-0.408754,-0.204440,0.841813,-0.627331,-0.795103,0.149389,0.524947
36.729000,-1.077117,-1.661988,1.737826,-1.803152,-1.214972,0.834924,0.638849,1.126645,-0.366151,1.152171,-0.124691,-0.317916,0.623995,0.297274,-0.039076,0.570646,-0.141670,-1.172043,-0.991611,1.251042,-0.063237,-0.407513,-0.201039,0.844636,-0.628635,-0.792708,0.144350,0.533085
36.729944,-1.076194,-1.669095,1.737679,-1.801212,-1.214677,0.836974,0.638671,1.126645,-0.366151,1.152171,-0.124691,-0.317916,0.623995,0.297274,-0.039076,0.570646,-0.141670,-1.172043,-0.991611,1.251042,-0.063237,-0.407513,-0.201039,0.844636,-0.628635,-0.792708,0.144350,0.533085
36.731016,-1.083872,-1.676825,1.738721,-1.803091,-1.213089,0.838234,0.640233,1.049607,-0.229658,1.131360,-0.262802,-0.307878,0.610344,0.296305,-0.039892,0.570263,-0.139982,-1.173292,-0.993213,1.251329,-0.062176,-0.406415,-0.196116,0.847736,-0.626409,-0.799826,0.142444,0.532349
36.732065,-1.095390,-1.677077,1.738094,-1.800307,-1.219127,0.836885,0.639699,1.049607,-0.229658,1.131360,-0.262802,-0.307878,0.610344,0.296305,-0.039892,0.570263,-0.139982,-1.173292,-0.993213,1.251329,-0.062176,-0.406415,-0.196116,0.847736,-0.626409,-0.799826,0.142444,0.532349
36.733083,-1.099392,-1.679740,1.740390,-1.797197,-1.219157,0.834558,0.637872,0.981417,-0.206330,1.097303,-0.311323,-0.306982,0.602051,0.295822,-0.040281,0.570060,-0.139126,-1.173925,-0.994009,1.251475,-0.061635,-0.402255,-0.197299,0.850181,-0.628478,-0.796775,0.144560,0.534607
36.734021,-1.103779,-1.676804,1.735439,-1.793692,-1.215266,0.831730,0.636625,0.884137,-0.203341,1.041976,-0.350054,-0.309084,0.592667,0.295416,-0.040680,0.569865,-0.138281,-1.174554,-0.994823,1.251630,-0.061084,-0.401607,-0.197195,0.850906,-0.630472,-0.799344,0.147532,0.539294
36.734972,-1.103634,-1.680281,1.733202,-1.789057,-1.218355,0.833719,0.639263,0.620737,-0.225488,0.880882,-0.408571,-0.320557,0.571690,0.294949,-0.041478,0.569460,-0.136570,-1.175822,-0.996438,1.251934,-0.060000,-0.401262,-0.198722,0.856315,-0.634179,-0.803795,0.149413,0.538048
36.736001,-1.103119,-1.676520,1.730380,-1.786642,-1.216221,0.834398,0.641437,0.620737,-0.225488,0.880882,-0.408571,-0.320557,0.571690,0.294949,-0.041478,0.569460,-0.136570,-1.175822,-0.996438,1.251934,-0.060000,-0.401262,-0.198722,0.856315,-0.634179,-0.803795,0.149413,0.538048
36.737062,-1.104195,-1.678626,1.736118,-1.784815,-1.213910,0.835358,0.639077,0.471898,-0.240376,0.786589,-0.430434,-0.328908,0.560914,0.294795,-0.041882,0.569255,-0.135705,-1.176462,-0.997250,1.252083,-0.059476,-0.402849,-0.201811,0.859513,-0.635371,-0.808676,0.149439,0.534864
36.738063,-1.106905,-1.677569,1.735690,-1.781858,-1.219797,0.833189,0.639414,0.326617,-0.250481,0.693142,-0.449219,-0.338013,0.550765,0.294680,-0.042281,0.569053,-0.134838,-1.177103,-0.998072,1.252235,-0.058923,-0.403877,-0.202044,0.858740,-0.636395,-0.813912,0.149201,0.540813
36.739027,-1.103534,-1.679765,1.739173,-1.780084,-1.221499,0.831437,0.640498,0.191991,-0.252223,0.605392,-0.466137,-0.347234,0.541672,0.294640,-0.042682,0.568846,-0.133979,-1.177740,-0.998889,1.252396,-0.058378,-0.403695,-0.203625,0.860503,-0.637847,-0.810275,0.151974,0.541062
36.739979,-1.111807,-1.681248,1.734949,-1.774237,-1.219439,0.829467,0.640835,-0.036925,-0.236930,0.452151,-0.491672,-0.365366,0.526996,0.294755,-0.043485,0.568438,-0.132249,-1.179034,-1.000515,1.252721,-0.057311,-0.403075,-0.203631,0.862776,-0.640761,-0.814561,0.156697,0.540000
36.741024,-1.116459,-1.682941,1.744300,-1.772588,-1.227147,0.829950,0.641595,-0.036925,-0.236930,0.452151,-0.491672,-0.365366,0.526996,0.294755,-0.043485,0.568438,-0.132249,-1.179034,-1.000515,1.252721,-0.057311,-0.403075,-0.203631,0.862776,-0.640761,-0.814561,0.156697,0.540000
36.741964,-1.115813,-1.682224,1.736806,-1.764205,-1.228943,0.830772,0.640321,-0.140341,-0.228812,0.380723,-0.497175,-0.374732,0.520793,0.294899,-0.043883,0.568232,-0.131389,-1.179675,-1.001326,1.252877,-0.056781,-0.402261,-0.204006,0.860071,-0.641372,-0.809626,0.156864,0.539654
36.742976,-1.115199,-1.683317,1.735470,-1.755434,-1.228861,0.833006,0.641888,-0.339068,-0.230870,0.239807,-0.485158,-0.395233,0.509900,0.295349,-0.044690,0.567818,-0.129645,-1.180999,-1.002945,1.253187,-0.055690,-0.404929,-0.205726,0.866668,-0.653670,-0.812288,0.154932,0.540844
36.744010,-1.124130,-1.686047,1.736019,-1.758445,-1.236973,0.836097,0.643673,-0.339068,-0.230870,0.239807,-0.485158,-0.395233,0.509900,0.295349,-0.044690,0.567818,-0.129645,-1.180999,-1.002945,1.253187,-0.055690,-0.404929,-0.205726,0.866668,-0.653670,-0.812288,0.154932,0.540844
36.744960,-1.126827,-1.686923,1.739531,-1.750237,-1.238647,0.836259,0.643606,-0.434007,-0.247736,0.170673,-0.464495,-0.406585,0.505382,0.295568,-0.045089,0.567616,-0.128770,-1.181646,-1.003739,1.253336,-0.055159,-0.401830,-0.205576,0.868103,-0.649220,-0.807019,0.152535,0.538413
36.745975,-1.129043,-1.687057,1.737996,-1.743239,-1.240505,0.834985,0.642801,-0.531117,-0.270634,0.099951,-0.438243,-0.418456,0.501250,0.295758,-0.045487,0.567409,-0.127909,-1.182317,-1.004547,1.253490,-0.054614,-0.401439,-0.206019,0.867231,-0.654502,-0.807306,0.152936,0.539402
36.747181,-1.123172,-1.694172,1.742432,-1.738290,-1.245120,0.835115,0.641195,-0.719132,-0.339703,-0.037222,-0.367412,-0.442967,0.495154,0.296268,-0.046301,0.566998,-0.126149,-1.183662,-1.006165,1.253805,-0.053520,-0.406868,-0.205266,0.870930,-0.664706,-0.807964,0.155614,0.546894
36.748022,-1.123740,-1.699645,1.744008,-1.729507,-1.247841,0.837552,0.642405,-0.719132,-0.339703,-0.037222,-0.367412,-0.442967,0.495154,0.296268,-0.046301,0.566998,-0.126149,-1.183662,-1.006165,1.253805,-0.053520,-0.406868,-0.205266,0.870930,-0.664706,-0.807964,0.155614,0.546894
36.749011,-1.121038,-1.707901,1.738878,-1.728544,-1.252120,0.839847,0.644514,-0.789954,-0.400807,-0.091601,-0.314424,-0.455141,0.494189,0.296634,-0.046710,0.566798,-0.125290,-1.184331,-1.006968,1.253955,-0.052974,-0.406670,-0.203085,0.869736,-0.668995,-0.806019,0.153548,0.544877
36.749996,-1.124418,-1.713256,1.744922,-1.728777,-1.255407,0.843845,0.646514,-0.839687,-0.487292,-0.133237,-0.246439,-0.467002,0.494694,0.297003,-0.047127,0.566606,-0.124409,-1.184999,-1.007761,1.254100,-0.052443,-0.408969,-0.200140,0.873470,-0.667461,-0.804201,0.151906,0.541645
36.750965,-1.119737,-1.719037,1.751535,-1.727788,-1.260239,0.845179,0.646311,-0.891308,-0.705344,-0.185173,-0.088120,-0.487889,0.498277,0.297570,-0.047953,0.566213,-0.122678,-1.186323,-1.009367,1.254386,-0.051362,-0.411436,-0.196750,0.869398,-0.663327,-0.800529,0.147880,0.539938
36.752028,-1.123001,-1.724091,1.752444,-1.726618,-1.264515,0.844133,0.647145,-0.891308,-0.705344,-0.185173,-0.088120,-0.487889,0.498277,0.297570,-0.047953,0.566213,-0.122678,-1.186323,-1.009367,1.254386,-0.051362,-0.411436,-0.196750,0.869398,-0.663327,-0.800529,0.147880,0.539938
36.753007,-1.121637,-1.725415,1.755077,-1.719530,-1.268285,0.840260,0.646850,-0.889880,-0.817228,-0.191692,-0.009860,-0.495663,0.501323,0.297795,-0.048363,0.566023,-0.121793,-1.186986,-1.010156,1.254538,-0.050825,-0.411226,-0.195694,0.870930,-0.663200,-0.799535,0.149676,0.539462
36.753980,-1.132962,-1.723378,1.759384,-1.716745,-1.272352,0.839378,0.647851,-0.874378,-0.926370,-0.187558,0.064857,-0.501775,0.505034,0.297996,-0.048781,0.565826,-0.120931,-1.187658,-1.010958,1.254699,-0.050281,-0.412780,-0.196140,0.870821,-0.667684,-0.798023,0.154117,0.540984
36.755084,-1.129414,-1.723256,1.760992,-1.713147,-1.272251,0.841444,0.648712,-0.837300,-1.114963,-0.169358,0.192733,-0.510510,0.512716,0.298162,-0.049598,0.565426,-0.119174,-1.189009,-1.012553,1.255006,-0.049212,-0.411571,-0.199755,0.871351,-0.670196,-0.799980,0.154234,0.539524
36.756038,-1.126926,-1.724021,1.762499,-1.713997,-1.272553,0.847581,0.646024,-0.837300,-1.114963,-0.169358,0.192733,-0.510510,0.512716,0.298162,-0.049598,0.565426,-0.119174,-1.189009,-1.012553,1.255006,-0.049212,-0.411571,-0.199755,0.871351,-0.670196,-0.799980,0.154234,0.539524
36.757059,-1.121648,-1.736187,1.763115,-1.713880,-1.274553,0.849835,0.646222,-0.818975,-1.178273,-0.156377,0.238014,-0.512853,0.516427,0.298080,-0.050019,0.565223,-0.118306,-1.189667,-1.013364,1.255145,-0.048652,-0.413466,-0.200287,0.871438,-0.666620,-0.801554,0.148688,0.545734
36.758070,-1.126752,-1.733772,1.768556,-1.717081,-1.276471,0.850857,0.646092,-0.790850,-1.221033,-0.134644,0.270713,-0.513396,0.520401,0.297963,-0.050445,0.565042,-0.117427,-1.190329,-1.014159,1.255289,-0.048111,-0.417121,-0.195580,0.872656,-0.664898,-0.802311,0.147181,0.546341
36.758975,-1.130426,-1.737910,1.765242,-1.713446,-1.277563,0.846470,0.648602,-0.711894,-1.257698,-0.071281,0.300605,-0.509630,0.528409,0.297760,-0.051265,0.564642,-0.115684,-1.191640,-1.015778,1.255594,-0.047026,-0.414340,-0.196705,0.873324,-0.660237,-0.803226,0.151730,0.543239
36.760073,-1.129159,-1.737224,1.766688,-1.710915,-1.278686,0.841657,0.645779,-0.711894,-1.257698,-0.071281,0.300605,-0.509630,0.528409,0.297760,-0.051265,0.564642,-0.115684,-1.191640,-1.015778,1.255594,-0.047026,-0.414340,-0.196705,0.873324,-0.660237,-0.803226,0.151730,0.543239
36.761013,-1.127280,-1.740383,1.769717,-1.710233,-1.277393,0.840168,0.643657,-0.679715,-1.251189,-0.042368,0.296194,-0.506343,0.531361,0.297706,-0.051683,0.564442,-0.114802,-1.192307,-1.016579,1.255764,-0.046463,-0.416579,-0.198550,0.874990,-0.661880,-0.805646,0.157224,0.550212
36.762097,-1.127022,-1.744716,1.769934,-1.712347,-1.278280,0.844684,0.645705,-0.653042,-1.232873,-0.016557,0.281673,-0.502685,0.533316,0.297771,-0.052103,0.564245,-0.113936,-1.192959,-1.017397,1.255925,-0.045891,-0.418103,-0.197903,0.874169,-0.659801,-0.808634,0.159162,0.555116
36.763011,-1.126861,-1.747668,1.771775,-1.710417,-1.279554,0.851474,0.646222,-0.626057,-1.203401,0.009601,0.257576,-0.498576,0.534267,0.297940,-0.052530,0.564053,-0.113053,-1.193612,-1.018221,1.256071,-0.045346,-0.419618,-0.197247,0.876315,-0.656918,-0.810884,0.155381,0.552185
36.763956,-1.133893,-1.750577,1.771262,-1.712043,-1.282777,0.854457,0.646026,-0.571524,-1.118987,0.061508,0.184836,-0.489628,0.533112,0.298217,-0.053359,0.563661,-0.111309,-1.194911,-1.019836,1.256355,-0.044237,-0.417334,-0.196171,0.876673,-0.651604,-0.809720,0.146779,0.553014
36.764968,-1.139499,-1.750434,1.776240,-1.709398,-1.282123,0.852273,0.643544,-0.571524,-1.118987,0.061508,0.184836,-0.489628,0.533112,0.298217,-0.053359,0.563661,-0.111309,-1.194911,-1.019836,1.256355,-0.044237,-0.417334,-0.196171,0.876673,-0.651604,-0.809720,0.146779,0.553014
36.765997,-1.139336,-1.749296,1.775368,-1.708812,-1.280058,0.847273,0.643415,-0.557441,-1.065280,0.078389,0.136472,-0.485454,0.530791,0.298313,-0.053765,0.563463,-0.110432,-1.195567,-1.020650,1.256509,-0.043659,-0.415734,-0.197449,0.875597,-0.652448,-0.812899,0.149648,0.558908
36.767024,-1.135003,-1.752494,1.784863,-1.704598,-1.281201,0.842537,0.643538,-0.563359,-0.929687,0.089130,0.014839,-0.477597,0.522972,0.298594,-0.054612,0.563060,-0.108690,-1.196872,-1.022292,1.256844,-0.042545,-0.420201,-0.198817,0.874658,-0.654236,-0.818972,0.160563,0.560901
36.767989,-1.134529,-1.754133,1.785920,-1.704279,-1.281767,0.841003,0.642536,-0.563359,-0.929687,0.089130,0.014839,-0.477597,0.522972,0.298594,-0.054612,0.563060,-0.108690,-1.196872,-1.022292,1.256844,-0.042545,-0.420201,-0.198817,0.874658,-0.654236,-0.818972,0.160563,0.560901
36.769029,-1.136492,-1.758073,1.795953,-1.703455,-1.283988,0.842515,0.640863,-0.560774,-0.854562,0.096879,-0.052376,-0.472953,0.518432,0.298745,-0.055031,0.562858,-0.107807,-1.197523,-1.023124,1.257013,-0.041978,-0.421173,-0.198987,0.874977,-0.652164,-0.820228,0.162539,0.563708
36.769991,-1.130133,-1.762802,1.789050,-1.702486,-1.288146,0.845008,0.641049,-0.545776,-0.779730,0.111598,-0.119861,-0.467373,0.513769,0.298863,-0.055451,0.562658,-0.106944,-1.198165,-1.023950,1.257172,-0.041391,-0.421382,-0.198271,0.871856,-0.651903,-0.820650,0.161647,0.568001
36.771037,-1.128919,-1.764171,1.802264,-1.705805,-1.290084,0.844575,0.641351,-0.480371,-0.641950,0.160620,-0.247792,-0.453458,0.504306,0.298943,-0.056307,0.562263,-0.105199,-1.199457,-1.025584,1.257493,-0.040260,-0.426954,-0.197581,0.871475,-0.646116,-0.819301,0.160774,0.568798
36.772003,-1.126283,-1.764765,1.796004,-1.703090,-1.293592,0.840138,0.643653,-0.480371,-0.641950,0.160620,-0.247792,-0.453458,0.504306,0.298943,-0.056307,0.562263,-0.105199,-1.199457,-1.025584,1.257493,-0.040260,-0.426954,-0.197581,0.871475,-0.646116,-0.819301,0.160774,0.568798
36.772925,-1.127662,-1.765844,1.796486,-1.698910,-1.298734,0.837124,0.641394,-0.428096,-0.573702,0.196590,-0.310187,-0.444792,0.499866,0.298936,-0.056743,0.562063,-0.104309,-1.200098,-1.026407,1.257666,-0.039706,-0.428838,-0.198287,0.875438,-0.646776,-0.817681,0.165696,0.564990
36.774000,-1.134549,-1.759778,1.799973,-1.697947,-1.304322,0.835865,0.640536,-0.370986,-0.504567,0.235034,-0.371730,-0.435494,0.495435,0.298943,-0.057168,0.561864,-0.103428,-1.200750,-1.027208,1.257839,-0.039126,-0.428557,-0.198602,0.875484,-0.648000,-0.814196,0.169083,0.570185
36.775116,-1.138665,-1.764246,1.804850,-1.698370,-1.308265,0.840372,0.643584,-0.286242,-0.359160,0.291546,-0.492170,-0.418128,0.485323,0.299147,-0.058023,0.561454,-0.101676,-1.202040,-1.028824,1.258174,-0.037971,-0.425927,-0.202192,0.876165,-0.647688,-0.811542,0.167121,0.568001
36.776051,-1.132410,-1.759507,1.804536,-1.690572,-1.309248,0.845253,0.645157,-0.286242,-0.359160,0.291546,-0.492170,-0.418128,0.485323,0.299147,-0.058023,0.561454,-0.101676,-1.202040,-1.028824,1.258174,-0.037971,-0.425927,-0.202192,0.876165,-0.647688,-0.811542,0.167121,0.568001
36.776955,-1.125966,-1.763668,1.801244,-1.683830,-1.308173,0.849174,0.644406,-0.263108,-0.279897,0.307441,-0.551092,-0.410915,0.479958,0.299274,-0.058459,0.561240,-0.100803,-1.202708,-1.029640,1.258331,-0.037413,-0.429466,-0.205337,0.876900,-0.652356,-0.812219,0.162736,0.565597
36.778060,-1.126258,-1.761473,1.815943,-1.681672,-1.308897,0.850078,0.643338,-0.239256,-0.205274,0.323585,-0.602620,-0.405024,0.475610,0.299390,-0.058902,0.561037,-0.099922,-1.203362,-1.030469,1.258484,-0.036842,-0.432805,-0.203959,0.878682,-0.655844,-0.814528,0.159298,0.567716
36.779090,-1.125186,-1.761435,1.813878,-1.677606,-1.311672,0.848923,0.644700,-0.203348,-0.141378,0.347060,-0.642647,-0.400405,0.473231,0.299542,-0.059335,0.560827,-0.099051,-1.204023,-1.031282,1.258645,-0.036271,-0.434064,-0.206478,0.873866,-0.657314,-0.817274,0.159162,0.571068
36.779959,-1.116334,-1.762320,1.821682,-1.671777,-1.310471,0.846850,0.646640,-0.151930,-0.085809,0.380436,-0.672398,-0.396778,0.473203,0.299739,-0.059776,0.560615,-0.098181,-1.204683,-1.032100,1.258810,-0.035705,-0.435481,-0.207563,0.876698,-0.659711,-0.817105,0.160932,0.569280
36.781078,-1.108567,-1.765098,1.825376,-1.665903,-1.310212,0.846349,0.646062,-0.084809,-0.036629,0.424155,-0.693236,-0.393931,0.475532,0.299955,-0.060230,0.560407,-0.097309,-1.205350,-1.032916,1.258974,-0.035153,-0.439704,-0.207683,0.872540,-0.661466,-0.819295,0.163366,0.565917
36.782026,-1.099207,-1.768899,1.826010,-1.656751,-1.310579,0.849587,0.643162,0.005197,0.001820,0.482810,-0.703045,-0.391549,0.480386,0.300221,-0.060683,0.560198,-0.096427,-1.206033,-1.033746,1.259139,-0.034583,-0.444865,-0.207719,0.873376,-0.666361,-0.823007,0.164587,0.568381
36.782952,-1.098358,-1.774547,1.817474,-1.647344,-1.310352,0.856863,0.646142,0.262956,0.009027,0.648929,-0.669811,-0.388687,0.497419,0.301095,-0.061590,0.559790,-0.094669,-1.207404,-1.035404,1.259441,-0.033435,-0.450288,-0.204689,0.878419,-0.677825,-0.825959,0.155070,0.569472
36.784034,-1.102276,-1.775104,1.825903,-1.645485,-1.313214,0.861295,0.649047,0.262956,0.009027,0.648929,-0.669811,-0.388687,0.497419,0.301095,-0.061590,0.559790,-0.094669,-1.207404,-1.035404,1.259441,-0.033435,-0.450288,-0.204689,0.878419,-0.677825,-0.825959,0.155070,0.569472
36.784988,-1.104052,-1.779427,1.829890,-1.638879,-1.310831,0.862946,0.649719,0.404180,-0.035832,0.738417,-0.621144,-0.389517,0.508146,0.301550,-0.062039,0.559580,-0.093801,-1.208076,-1.036230,1.259589,-0.032875,-0.449415,-0.205737,0.876518,-0.678377,-0.826174,0.151449,0.564844
36.785971,-1.101192,-1.779303,1.829942,-1.632400,-1.313039,0.863321,0.648538,0.535015,-0.103660,0.820777,-0.557825,-0.391884,0.519321,0.301950,-0.062491,0.559380,-0.092925,-1.208769,-1.037061,1.259738,-0.032309,-0.448820,-0.204521,0.875293,-0.681508,-0.830310,0.150396,0.564287
36.787024,-1.098939,-1.777304,1.830125,-1.622986,-1.313640,0.863536,0.648475,0.756290,-0.277953,0.959806,-0.406256,-0.399690,0.542107,0.302854,-0.063406,0.558957,-0.091170,-1.210172,-1.038738,1.260044,-0.031162,-0.452630,-0.207716,0.878202,-0.691761,-0.832088,0.151122,0.568631
36.788072,-1.103906,-1.781661,1.832229,-1.615890,-1.313675,0.865501,0.651419,0.756290,-0.277953,0.959806,-0.406256,-0.399690,0.542107,0.302854,-0.063406,0.558957,-0.091170,-1.210172,-1.038738,1.260044,-0.031162,-0.452630,-0.207716,0.878202,-0.691761,-0.832088,0.151122,0.568631
36.788973,-1.097418,-1.787524,1.828709,-1.611809,-1.316214,0.869595,0.652418,0.844973,-0.376929,1.015343,-0.321826,-0.404953,0.553418,0.303345,-0.063860,0.558754,-0.090290,-1.210879,-1.039571,1.260188,-0.030610,-0.450948,-0.206767,0.878965,-0.696272,-0.834729,0.149888,0.563782
36.790067,-1.096934,-1.791113,1.822221,-1.609287,-1.324368,0.876783,0.651068,0.915575,-0.485798,1.058970,-0.231261,-0.411312,0.564179,0.303750,-0.064317,0.558553,-0.089414,-1.211579,-1.040408,1.260325,-0.030045,-0.454167,-0.204590,0.880877,-0.695892,-0.833238,0.146337,0.562401
36.791133,-1.094258,-1.799243,1.826190,-1.609708,-1.324571,0.880414,0.648500,1.004252,-0.727364,1.110886,-0.039454,-0.426897,0.583030,0.304387,-0.065235,0.558154,-0.087629,-1.212969,-1.042061,1.260586,-0.028895,-0.457670,-0.201553,0.886221,-0.694318,-0.831074,0.137287,0.572533
36.791971,-1.093468,-1.804081,1.816011,-1.603038,-1.329160,0.878066,0.647942,1.004252,-0.727364,1.110886,-0.039454,-0.426897,0.583030,0.304387,-0.065235,0.558154,-0.087629,-1.212969,-1.042061,1.260586,-0.028895,-0.457670,-0.201553,0.886221,-0.694318,-0.831074,0.137287,0.572533
36.793082,-1.100937,-1.808568,1.825431,-1.600131,-1.334307,0.874751,0.649377,1.024393,-0.853818,1.120250,0.056080,-0.435868,0.590964,0.304757,-0.065692,0.557959,-0.086745,-1.213675,-1.042887,1.260733,-0.028313,-0.457584,-0.199753,0.890641,-0.695614,-0.826953,0.140101,0.573919
36.793988,-1.106774,-1.808562,1.823209,-1.591739,-1.332933,0.872052,0.648443,1.024816,-0.984011,1.115786,0.149778,-0.445892,0.597553,0.305155,-0.066149,0.557763,-0.085859,-1.214373,-1.043702,1.260881,-0.027753,-0.455010,-0.199080,0.888371,-0.697051,-0.825352,0.144249,0.572283
36.795035,-1.110372,-1.812013,1.830375,-1.589641,-1.338586,0.873554,0.647228,0.949960,-1.241708,1.055079,0.323780,-0.469488,0.605302,0.305934,-0.067049,0.557362,-0.084088,-1.215782,-1.045361,1.261177,-0.026587,-0.451213,-0.199441,0.887726,-0.700561,-0.824970,0.146628,0.578132
36.796069,-1.109230,-1.817505,1.824314,-1.587599,-1.342858,0.879313,0.650018,0.949960,-1.241708,1.055079,0.323780,-0.469488,0.605302,0.305934,-0.067049,0.557362,-0.084088,-1.215782,-1.045361,1.261177,-0.026587,-0.451213,-0.199441,0.887726,-0.700561,-0.824970,0.146628,0.578132
36.796975,-1.109610,-1.823100,1.818026,-1.587602,-1.341990,0.884524,0.650739,0.880114,-1.359394,1.003103,0.399465,-0.482256,0.606320,0.306301,-0.067499,0.557170,-0.083177,-1.216482,-1.046174,1.261307,-0.026028,-0.452612,-0.198022,0.892118,-0.700016,-0.823449,0.141640,0.573503
36.798179,-1.115922,-1.827343,1.826337,-1.590069,-1.350295,0.884515,0.650832,0.795033,-1.466578,0.941070,0.465611,-0.494940,0.605481,0.306598,-0.067952,0.556978,-0.082280,-1.217164,-1.047001,1.261437,-0.025456,-0.452401,-0.196112,0.895187,-0.696070,-0.825585,0.137049,0.572668
36.799051,-1.112051,-1.827298,1.818935,-1.586803,-1.353783,0.879014,0.649505,0.586692,-1.631890,0.792826,0.556791,-0.517483,0.598341,0.307058,-0.068852,0.556588,-0.080470,-1.218552,-1.048628,1.261733,-0.024302,-0.452849,-0.196675,0.897556,-0.692152,-0.819285,0.144085,0.577115
36.800056,-1.106410,-1.831700,1.819184,-1.580931,-1.353792,0.872307,0.649036,0.586692,-1.631890,0.792826,0.556791,-0.517483,0.598341,0.307058,-0.068852,0.556588,-0.080470,-1.218552,-1.048628,1.261733,-0.024302,-0.452849,-0.196675,0.897556,-0.692152,-0.819285,0.144085,0.577115
36.800978,-1.114477,-1.831835,1.817367,-1.579612,-1.353846,0.870842,0.648992,0.475012,-1.684176,0.714529,0.578488,-0.526183,0.592573,0.307297,-0.069317,0.556391,-0.079572,-1.219249,-1.049459,1.261901,-0.023711,-0.456137,-0.195644,0.898501,-0.695163,-0.821562,0.151345,0.578847
36.801963,-1.119774,-1.835264,1.813803,-1.582844,-1.355195,0.870518,0.649568,0.365502,-1.720597,0.638005,0.586904,-0.532904,0.585612,0.307512,-0.069758,0.556194,-0.078669,-1.219939,-1.050279,1.262055,-0.023133,-0.452270,-0.196473,0.899477,-0.692530,-0.822986,0.153254,0.579523
36.803016,-1.116627,-1.835659,1.806465,-1.583190,-1.357664,0.873860,0.649090,0.249394,-1.737489,0.558065,0.579578,-0.537671,0.576903,0.307621,-0.070207,0.555996,-0.077769,-1.220621,-1.051107,1.262213,-0.022550,-0.450151,-0.195844,0.902115,-0.686451,-0.823687,0.154141,0.579136
36.803999,-1.125411,-1.835995,1.811619,-1.583312,-1.361150,0.874473,0.649539,0.119620,-1.728469,0.470750,0.552683,-0.540407,0.566060,0.307553,-0.070667,0.555794,-0.076851,-1.221294,-1.051936,1.262360,-0.021969,-0.452564,-0.196956,0.907237,-0.684477,-0.823975,0.151499,0.581113
36.805047,-1.128657,-1.832136,1.810871,-1.583130,-1.360836,0.870570,0.648563,-0.020954,-1.691609,0.378228,0.505860,-0.541048,0.553507,0.307301,-0.071106,0.555592,-0.075941,-1.221973,-1.052752,1.262517,-0.021382,-0.448742,-0.197827,0.905284,-0.681573,-0.822644,0.151483,0.580952
36.806144,-1.128936,-1.831060,1.812294,-1.579867,-1.358814,0.864716,0.648924,-0.169528,-1.624967,0.282679,0.439081,-0.539669,0.539809,0.306922,-0.071554,0.555382,-0.075033,-1.222638,-1.053587,1.262682,-0.020782,-0.448056,-0.200947,0.907184,-0.680208,-0.825648,0.156057,0.583843
36.807020,-1.124188,-1.829248,1.807982,-1.572625,-1.357961,0.862379,0.647752,-0.321932,-1.528445,0.187038,0.353475,-0.536413,0.525466,0.306485,-0.072010,0.555176,-0.074119,-1.223326,-1.054415,1.262858,-0.020198,-0.449045,-0.202866,0.908453,-0.682085,-0.830931,0.162566,0.584219
36.808078,-1.124959,-1.833275,1.811868,-1.573105,-1.358024,0.864714,0.645823,-0.468750,-1.409976,0.097097,0.254960,-0.531582,0.511141,0.306024,-0.072459,0.554968,-0.073211,-1.224018,-1.055259,1.263032,-0.019603,-0.451296,-0.204364,0.910089,-0.684767,-0.832506,0.165168,0.586977
36.809023,-1.123917,-1.841348,1.810851,-1.568913,-1.352478,0.869598,0.648505,-0.600580,-1.281045,0.018452,0.151205,-0.525587,0.497477,0.305562,-0.072913,0.554763,-0.072299,-1.224689,-1.056108,1.263188,-0.019004,-0.451784,-0.203597,0.909674,-0.682698,-0.835075,0.163484,0.591797
36.809978,-1.116143,-1.850602,1.810241,-1.570364,-1.354296,0.873495,0.648782,-0.712547,-1.154306,-0.046175,0.049671,-0.518912,0.484923,0.305096,-0.073360,0.554567,-0.071378,-1.225372,-1.056953,1.263339,-0.018423,-0.452613,-0.200522,0.910311,-0.683507,-0.842142,0.159122,0.586997
36.810997,-1.117926,-1.855699,1.812307,-1.569306,-1.354693,0.873130,0.647858,-0.800501,-1.043648,-0.094619,-0.042123,-0.512030,0.473954,0.304608,-0.073824,0.554373,-0.070475,-1.226043,-1.057801,1.263491,-0.017828,-0.456690,-0.196926,0.911069,-0.679053,-0.841795,0.155794,0.587123
36.811983,-1.122370,-1.858207,1.810212,-1.567369,-1.351154,0.869563,0.646758,-0.861875,-0.955235,-0.125518,-0.120852,-0.505178,0.464991,0.304140,-0.074282,0.554180,-0.069558,-1.226711,-1.058644,1.263653,-0.017241,-0.456376,-0.195684,0.911073,-0.678122,-0.843693,0.156803,0.589866
36.813002,-1.135509,-1.855334,1.810718,-1.564329,-1.356960,0.864684,0.647897,-0.904816,-0.885961,-0.144080,-0.187925,-0.498639,0.457913,0.303745,-0.074728,0.553982,-0.068634,-1.227389,-1.059501,1.263820,-0.016641,-0.454694,-0.195540,0.912699,-0.677345,-0.849039,0.160915,0.592781
36.814105,-1.139126,-1.857846,1.816699,-1.561849,-1.357204,0.862262,0.651601,-0.948413,-0.827703,-0.162473,-0.247081,-0.492994,0.451962,0.303409,-0.075170,0.553774,-0.067724,-1.228061,-1.060347,1.263997,-0.016050,-0.448892,-0.198100,0.913552,-0.678292,-0.845387,0.166315,0.591312
36.815031,-1.131399,-1.855243,1.808758,-1.554685,-1.354801,0.865717,0.650847,-1.006627,-0.772995,-0.189575,-0.301277,-0.488694,0.446492,0.303071,-0.075612,0.553576,-0.066810,-1.228743,-1.061197,1.264168,-0.015483,-0.448455,-0.198328,0.912614,-0.679572,-0.848289,0.169386,0.585071
36.816023,-1.128717,-1.856623,1.814627,-1.555306,-1.357944,0.868865,0.649943,-1.073790,-0.720136,-0.221718,-0.349908,-0.485569,0.441774,0.302712,-0.076076,0.553371,-0.065896,-1.229426,-1.062057,1.264330,-0.014893,-0.452346,-0.200451,0.916604,-0.683099,-0.851819,0.166326,0.587223
36.817010,-1.131846,-1.861200,1.809490,-1.554559,-1.357963,0.869878,0.652593,-1.133660,-0.667109,-0.248387,-0.392673,-0.482888,0.438582,0.302376,-0.076538,0.553170,-0.064980,-1.230099,-1.062901,1.264487,-0.014305,-0.454070,-0.200838,0.914342,-0.679903,-0.850606,0.163767,0.589817
36.818083,-1.132372,-1.861852,1.815309,-1.549912,-1.359436,0.868406,0.654784,-1.179413,-0.611184,-0.265297,-0.431162,-0.480102,0.437113,0.302076,-0.076985,0.552973,-0.064054,-1.230780,-1.063760,1.264653,-0.013727,-0.453035,-0.199639,0.917521,-0.677905,-0.852389,0.163298,0.585246
36.819034,-1.129013,-1.858290,1.815827,-1.544390,-1.365887,0.864400,0.656727,-1.239964,-0.501573,-0.279429,-0.492034,-0.474642,0.438367,0.301468,-0.077895,0.552561,-0.062232,-1.232155,-1.065455,1.264999,-0.012581,-0.455699,-0.203333,0.916369,-0.682946,-0.848702,0.169866,0.578799
36.820048,-1.121339,-1.862430,1.821954,-1.536005,-1.368879,0.858919,0.654886,-1.239964,-0.501573,-0.279429,-0.492034,-0.474642,0.438367,0.301468,-0.077895,0.552561,-0.062232,-1.232155,-1.065455,1.264999,-0.012581,-0.455699,-0.203333,0.916369,-0.682946,-0.848702,0.169866,0.578799
36.821008,-1.121711,-1.868777,1.817265,-1.529060,-1.370368,0.856832,0.655789,-1.245599,-0.452564,-0.271658,-0.511143,-0.471890,0.441390,0.301241,-0.078363,0.552359,-0.061328,-1.232858,-1.066301,1.265184,-0.011986,-0.460025,-0.202376,0.914433,-0.688438,-0.847943,0.175817,0.583380
36.822005,-1.128471,-1.876757,1.820896,-1.526718,-1.375326,0.864259,0.658170,-1.227961,-0.420362,-0.250590,-0.515959,-0.469489,0.445935,0.301144,-0.078825,0.552162,-0.060403,-1.233552,-1.067160,1.265362,-0.011399,-0.460010,-0.200207,0.917062,-0.691911,-0.847953,0.178276,0.582198
36.823136,-1.136273,-1.885840,1.830337,-1.527979,-1.383532,0.869008,0.659480,-1.170030,-0.441545,-0.201930,-0.470255,-0.469052,0.455876,0.301033,-0.079728,0.551782,-0.058575,-1.234928,-1.068824,1.265684,-0.010257,-0.455019,-0.194845,0.914477,-0.690203,-0.841107,0.167462,0.577087
36.824035,-1.133150,-1.888919,1.828751,-1.524692,-1.386536,0.870876,0.659045,-1.170030,-0.441545,-0.201930,-0.470255,-0.469052,0.455876,0.301033,-0.079728,0.551782,-0.058575,-1.234928,-1.068824,1.265684,-0.010257,-0.455019,-0.194845,0.914477,-0.690203,-0.841107,0.167462,0.577087
36.825011,-1.127837,-1.888759,1.829430,-1.517360,-1.388099,0.868928,0.657768,-1.148205,-0.489379,-0.186238,-0.425693,-0.471507,0.460134,0.300930,-0.080195,0.551591,-0.057653,-1.235626,-1.069659,1.265845,-0.009682,-0.456854,-0.194466,0.915741,-0.690270,-0.839967,0.166124,0.578662
36.826068,-1.131146,-1.894400,1.831194,-1.508097,-1.388488,0.865659,0.657176,-1.127064,-0.550411,-0.173290,-0.373296,-0.475273,0.464208,0.300890,-0.080659,0.551391,-0.056739,-1.236337,-1.070503,1.266020,-0.009089,-0.460305,-0.195897,0.916920,-0.695247,-0.841043,0.168664,0.582092
36.827065,-1.127826,-1.906148,1.839177,-1.507247,-1.392504,0.863652,0.659260,-1.101813,-0.622370,-0.160146,-0.313498,-0.480310,0.468497,0.300985,-0.081121,0.551196,-0.055817,-1.237052,-1.071360,1.266196,-0.008491,-0.459920,-0.194748,0.918506,-0.703264,-0.844072,0.172626,0.584373
36.827965,-1.120095,-1.913188,1.837994,-1.505442,-1.395330,0.866251,0.656710,-1.071462,-0.712233,-0.146638,-0.242653,-0.486910,0.472992,0.301202,-0.081583,0.551019,-0.054897,-1.237754,-1.072196,1.266372,-0.007916,-0.462542,-0.190518,0.916190,-0.702169,-0.842945,0.175197,0.581152
36.829039,-1.110818,-1.923233,1.846769,-1.507169,-1.396566,0.870100,0.658306,-1.029744,-0.821599,-0.128656,-0.161046,-0.494652,0.477658,0.301501,-0.082058,0.550836,-0.053987,-1.238458,-1.073035,1.266541,-0.007314,-0.466566,-0.188250,0.917396,-0.700582,-0.841918,0.173013,0.586912
36.830022,-1.110912,-1.931592,1.853158,-1.505505,-1.396413,0.869918,0.656827,-0.965746,-0.943160,-0.098512,-0.073490,-0.502561,0.482761,0.301882,-0.082546,0.550659,-0.053068,-1.239148,-1.073874,1.266705,-0.006731,-0.472332,-0.185201,0.915704,-0.698443,-0.844499,0.169930,0.584865
36.830962,-1.112620,-1.934937,1.851086,-1.503578,-1.396118,0.867106,0.657326,-0.762154,-1.197728,0.006335,0.103492,-0.516980,0.494638,0.302891,-0.083494,0.550298,-0.051234,-1.240544,-1.075596,1.267059,-0.005539,-0.472480,-0.182381,0.916176,-0.697431,-0.849502,0.174015,0.588439
36.832037,-1.113556,-1.940367,1.857820,-1.499059,-1.394786,0.864670,0.657666,-0.762154,-1.197728,0.006335,0.103492,-0.516980,0.494638,0.302891,-0.083494,0.550298,-0.051234,-1.240544,-1.075596,1.267059,-0.005539,-0.472480,-0.182381,0.916176,-0.697431,-0.849502,0.174015,0.588439
36.833020,-1.110009,-1.938408,1.868185,-1.494547,-1.397222,0.865032,0.656698,-0.649208,-1.319846,0.064561,0.186130,-0.524014,0.500234,0.303447,-0.083963,0.550121,-0.050314,-1.241255,-1.076451,1.267242,-0.004956,-0.473377,-0.181643,0.915489,-0.701084,-0.854488,0.177115,0.588995
36.834018,-1.100324,-1.945501,1.869016,-1.498095,-1.397370,0.866123,0.656062,-0.537134,-1.431756,0.121974,0.262031,-0.530963,0.505401,0.304014,-0.084446,0.549932,-0.049416,-1.241969,-1.077314,1.267421,-0.004357,-0.475747,-0.184140,0.912081,-0.703234,-0.854513,0.177259,0.591811
36.835002,-1.095381,-1.944775,1.868210,-1.497520,-1.393757,0.868889,0.657797,-0.284501,-1.592612,0.258304,0.378212,-0.541254,0.516077,0.305245,-0.085428,0.549567,-0.047572,-1.243349,-1.079044,1.267769,-0.003181,-0.484153,-0.184138,0.915353,-0.696876,-0.863182,0.174536,0.591416
36.835964,-1.097068,-1.954672,1.876983,-1.500346,-1.400770,0.872102,0.656191,-0.284501,-1.592612,0.258304,0.378212,-0.541254,0.516077,0.305245,-0.085428,0.549567,-0.047572,-1.243349,-1.079044,1.267769,-0.003181,-0.484153,-0.184138,0.915353,-0.696876,-0.863182,0.174536,0.591416
36.837012,-1.086888,-1.954137,1.882911,-1.499354,-1.401522,0.868356,0.656101,-0.143966,-1.631537,0.338488,0.411757,-0.543496,0.521509,0.305836,-0.085918,0.549395,-0.046670,-1.244027,-1.079904,1.267939,-0.002576,-0.483644,-0.180736,0.912393,-0.692211,-0.858350,0.171878,0.595460
36.837997,-1.083912,-1.952786,1.887642,-1.498759,-1.398776,0.866153,0.655342,0.001936,-1.646013,0.424319,0.429626,-0.543740,0.527009,0.306365,-0.086424,0.549210,-0.045754,-1.244723,-1.080762,1.268124,-0.001981,-0.489535,-0.182838,0.911881,-0.692298,-0.860965,0.176302,0.596703
36.838964,-1.072238,-1.955402,1.891711,-1.498507,-1.401623,0.863953,0.654896,0.156845,-1.634907,0.518507,0.431237,-0.541645,0.532906,0.306836,-0.086918,0.549021,-0.044851,-1.245419,-1.081639,1.268312,-0.001376,-0.491449,-0.185014,0.911274,-0.690983,-0.866123,0.178975,0.599069
36.840069,-1.071782,-1.955433,1.891253,-1.503312,-1.402950,0.864409,0.654708,0.323320,-1.595524,0.623054,0.415296,-0.536913,0.539336,0.307262,-0.087427,0.548836,-0.043938,-1.246101,-1.082515,1.268503,-0.000776,-0.497486,-0.185151,0.910660,-0.689402,-0.865414,0.181615,0.600759
36.841011,-1.073359,-1.959581,1.900029,-1.502730,-1.410115,0.865341,0.655251,0.498492,-1.528748,0.736122,0.381777,-0.529626,0.546004,0.307640,-0.087927,0.548646,-0.043012,-1.246781,-1.083382,1.268685,-0.000172,-0.498842,-0.187094,0.913943,-0.684843,-0.867959,0.181852,0.602371
36.841998,-1.073020,-1.960092,1.903042,-1.505215,-1.409517,0.869215,0.655733,0.671089,-1.437107,0.850189,0.331310,-0.520292,0.552188,0.307922,-0.088429,0.548462,-0.042113,-1.247456,-1.084236,1.268862,0.000434,-0.498128,-0.186378,0.910759,-0.683431,-0.862853,0.181397,0.601962
36.843000,-1.074048,-1.960932,1.907028,-1.504430,-1.408907,0.868441,0.657684,0.973081,-1.200080,1.057460,0.188912,-0.497902,0.561436,0.308094,-0.089429,0.548080,-0.040288,-1.248811,-1.085979,1.269216,0.001626,-0.498706,-0.188734,0.910849,-0.679111,-0.869244,0.179455,0.598889
36.844004,-1.067555,-1.960963,1.907139,-1.500981,-1.407849,0.864590,0.655820,0.973081,-1.200080,1.057460,0.188912,-0.497902,0.561436,0.308094,-0.089429,0.548080,-0.040288,-1.248811,-1.085979,1.269216,0.001626,-0.498706,-0.188734,0.910849,-0.679111,-0.869244,0.179455,0.598889
36.845103,-1.070843,-1.959750,1.915390,-1.499065,-1.409295,0.862389,0.656476,1.096815,-1.063314,1.146766,0.101693,-0.485601,0.564448,0.308036,-0.089942,0.547885,-0.039381,-1.249489,-1.086865,1.269411,0.002244,-0.502345,-0.190214,0.912767,-0.681400,-0.872814,0.183808,0.603545
36.846048,-1.074326,-1.964413,1.920744,-1.496886,-1.410270,0.864308,0.657941,1.204337,-0.922834,1.227298,0.009388,-0.472975,0.566613,0.307930,-0.090438,0.547690,-0.038466,-1.250179,-1.087738,1.269604,0.002841,-0.501847,-0.192680,0.911698,-0.683258,-0.875075,0.186641,0.603434
36.847023,-1.078530,-1.962095,1.925984,-1.497924,-1.413406,0.865092,0.658827,1.362991,-0.651499,1.355388,-0.176019,-0.447979,0.568331,0.307432,-0.091440,0.547300,-0.036655,-1.251526,-1.089489,1.269973,0.004035,-0.498428,-0.194158,0.909221,-0.680874,-0.875158,0.184837,0.600300
36.848129,-1.075786,-1.969416,1.929270,-1.498359,-1.417175,0.863984,0.660375,1.362991,-0.651499,1.355388,-0.176019,-0.447979,0.568331,0.307432,-0.091440,0.547300,-0.036655,-1.251526,-1.089489,1.269973,0.004035,-0.498428,-0.194158,0.909221,-0.680874,-0.875158,0.184837,0.600300
36.849121,-1.076503,-1.973751,1.923057,-1.499420,-1.411901,0.862991,0.658335,1.409204,-0.523412,1.399301,-0.266779,-0.435829,0.567672,0.307013,-0.091944,0.547108,-0.035734,-1.252208,-1.090371,1.270161,0.004631,-0.500977,-0.192370,0.910700,-0.680729,-0.875105,0.186651,0.598473
36.850049,-1.084887,-1.972567,1.926262,-1.499356,-1.418281,0.860231,0.659532,1.434290,-0.405617,1.429799,-0.353353,-0.424095,0.565937,0.306556,-0.092451,0.546915,-0.034815,-1.252875,-1.091271,1.270354,0.005249,-0.500955,-0.191685,0.915511,-0.678536,-0.882699,0.188107,0.603435
36.851084,-1.095617,-1.977063,1.918039,-1.498458,-1.420403,0.856928,0.661024,1.432256,-0.299448,1.442387,-0.435090,-0.413171,0.562757,0.306114,-0.092942,0.546718,-0.033898,-1.253552,-1.092136,1.270550,0.005843,-0.496849,-0.193479,0.914721,-0.676304,-0.878055,0.191229,0.601672
36.852041,-1.100590,-1.979717,1.913543,-1.493029,-1.419499,0.857501,0.663251,1.389509,-0.201482,1.427683,-0.513434,-0.403765,0.557459,0.305671,-0.093421,0.546525,-0.032977,-1.254234,-1.093023,1.270752,0.006438,-0.492455,-0.192844,0.921080,-0.676419,-0.878834,0.195022,0.599727
36.853038,-1.099079,-1.975344,1.907348,-1.488202,-1.423063,0.860587,0.662133,1.294750,-0.116951,1.377553,-0.584894,-0.397033,0.549514,0.305203,-0.093912,0.546330,-0.032044,-1.254925,-1.093916,1.270949,0.007022,-0.490305,-0.192826,0.924349,-0.679685,-0.881666,0.194801,0.596091
36.854011,-1.098053,-1.974739,1.907852,-1.483381,-1.422023,0.862489,0.662093,1.152809,-0.049947,1.294683,-0.645609,-0.393538,0.539333,0.304752,-0.094402,0.546127,-0.031101,-1.255609,-1.094794,1.271135,0.007633,-0.491697,-0.196424,0.928903,-0.683059,-0.880582,0.192206,0.599253
36.855012,-1.102855,-1.977008,1.908504,-1.483023,-1.420251,0.862533,0.665364,0.799561,0.050082,1.078033,-0.736803,-0.394522,0.516786,0.304092,-0.095388,0.545727,-0.029237,-1.256977,-1.096584,1.271512,0.008822,-0.490756,-0.198298,0.931175,-0.685045,-0.887905,0.191264,0.594480
36.856035,-1.109449,-1.980260,1.914083,-1.477372,-1.422497,0.862653,0.667276,0.799561,0.050082,1.078033,-0.736803,-0.394522,0.516786,0.304092,-0.095388,0.545727,-0.029237,-1.256977,-1.096584,1.271512,0.008822,-0.490756,-0.198298,0.931175,-0.685045,-0.887905,0.191264,0.594480
36.857162,-1.115585,-1.982048,1.922956,-1.473525,-1.423288,0.859311,0.664698,0.610900,0.086517,0.959067,-0.768286,-0.398220,0.505710,0.303817,-0.095867,0.545529,-0.028315,-1.257680,-1.097474,1.271706,0.009413,-0.488349,-0.198189,0.930393,-0.689252,-0.888311,0.191659,0.591708
36.858045,-1.110944,-1.985666,1.910924,-1.461939,-1.424163,0.853567,0.664273,0.419855,0.108472,0.836606,-0.787390,-0.404052,0.495209,0.303603,-0.096353,0.545328,-0.027379,-1.258376,-1.098377,1.271909,0.010031,-0.486780,-0.199195,0.929146,-0.693345,-0.891286,0.195669,0.598218
36.859070,-1.123017,-1.995166,1.914892,-1.457864,-1.426570,0.854695,0.664225,0.040838,0.076873,0.586963,-0.769820,-0.423001,0.476568,0.303632,-0.097316,0.544942,-0.025497,-1.259793,-1.100162,1.272324,0.011238,-0.483857,-0.195243,0.935013,-0.703660,-0.891734,0.200872,0.600598
36.860089,-1.123513,-2.003857,1.912907,-1.455626,-1.424565,0.854113,0.665004,0.040838,0.076873,0.586963,-0.769820,-0.423001,0.476568,0.303632,-0.097316,0.544942,-0.025497,-1.259793,-1.100162,1.272324,0.011238,-0.483857,-0.195243,0.935013,-0.703660,-0.891734,0.200872,0.600598
36.861041,-1.126372,-2.011138,1.913837,-1.448959,-1.432303,0.856258,0.665309,-0.153692,0.007389,0.455044,-0.725800,-0.436585,0.467777,0.303790,-0.097803,0.544756,-0.024549,-1.260501,-1.101073,1.272525,0.011833,-0.484432,-0.192562,0.937691,-0.704190,-0.896210,0.201940,0.600011
36.861962,-1.117688,-2.015581,1.914866,-1.446900,-1.431391,0.857219,0.664389,-0.349815,-0.097428,0.320010,-0.659869,-0.452227,0.459184,0.303953,-0.098278,0.544571,-0.023601,-1.261222,-1.101949,1.272723,0.012437,-0.483467,-0.190333,0.937996,-0.707886,-0.890387,0.200136,0.600144
36.863119,-1.118286,-2.021655,1.911266,-1.443126,-1.432191,0.855098,0.664315,-0.535106,-0.230102,0.190742,-0.576242,-0.468776,0.451412,0.304128,-0.098776,0.544381,-0.022665,-1.261925,-1.102847,1.272924,0.013055,-0.487869,-0.189369,0.938036,-0.706856,-0.892827,0.199492,0.602587
36.863950,-1.123048,-2.024199,1.912118,-1.433733,-1.434730,0.854257,0.664164,-0.697656,-0.379143,0.075846,-0.481278,-0.484960,0.445074,0.304354,-0.099260,0.544198,-0.021707,-1.262649,-1.103741,1.273128,0.013657,-0.489244,-0.188551,0.943198,-0.710696,-0.896214,0.202317,0.604149
36.864955,-1.122090,-2.030821,1.917004,-1.430840,-1.442744,0.856837,0.663290,-0.839784,-0.537656,-0.025826,-0.378754,-0.500369,0.440072,0.304613,-0.099744,0.544011,-0.020772,-1.263371,-1.104633,1.273334,0.014270,-0.486403,-0.188215,0.942131,-0.715272,-0.894115,0.203268,0.604740
36.865974,-1.119558,-2.035920,1.914211,-1.428999,-1.447138,0.859778,0.663777,-0.966877,-0.702911,-0.117542,-0.270045,-0.514976,0.436205,0.304850,-0.100235,0.543828,-0.019832,-1.264092,-1.105498,1.273530,0.014889,-0.487555,-0.186527,0.941257,-0.715910,-0.888784,0.201129,0.607357
36.867063,-1.118644,-2.034140,1.915442,-1.431063,-1.452913,0.862799,0.662505,-1.076090,-0.869681,-0.196902,-0.158335,-0.528341,0.433581,0.305029,-0.100726,0.543648,-0.018872,-1.264813,-1.106386,1.273723,0.015498,-0.489554,-0.185714,0.944209,-0.715765,-0.887090,0.198697,0.607296
36.868027,-1.116668,-2.036612,1.910480,-1.428649,-1.454840,0.866404,0.662538,-1.165525,-1.024834,-0.261951,-0.051274,-0.539869,0.432193,0.305152,-0.101219,0.543453,-0.017928,-1.265517,-1.107271,1.273917,0.016118,-0.491162,-0.188462,0.946192,-0.713154,-0.884804,0.196300,0.611004
36.869049,-1.122013,-2.038638,1.910517,-1.427077,-1.461285,0.865645,0.661690,-1.237258,-1.152492,-0.313449,0.042077,-0.549169,0.431933,0.305222,-0.101714,0.543269,-0.016968,-1.266233,-1.108152,1.274105,0.016728,-0.492467,-0.188667,0.949489,-0.712892,-0.885006,0.193138,0.611654
36.869972,-1.129500,-2.036371,1.913452,-1.419124,-1.461427,0.863499,0.661153,-1.357593,-1.315801,-0.395730,0.179444,-0.563142,0.433683,0.305180,-0.102683,0.542882,-0.015070,-1.267672,-1.109922,1.274504,0.017972,-0.487002,-0.191590,0.950074,-0.717147,-0.882763,0.196891,0.615900
36.871048,-1.121969,-2.036681,1.922366,-1.416786,-1.458722,0.862826,0.662576,-1.357593,-1.315801,-0.395730,0.179444,-0.563142,0.433683,0.305180,-0.102683,0.542882,-0.015070,-1.267672,-1.109922,1.274504,0.017972,-0.487002,-0.191590,0.950074,-0.717147,-0.882763,0.196891,0.615900
36.872055,-1.110332,-2.041297,1.923953,-1.416708,-1.463025,0.861334,0.662652,-1.413830,-1.357593,-0.431877,0.226148,-0.569068,0.435599,0.305109,-0.103183,0.542687,-0.014120,-1.268400,-1.110815,1.274708,0.018591,-0.491835,-0.193194,0.947965,-0.718163,-0.888767,0.198093,0.614105
36.873033,-1.105534,-2.041338,1.930218,-1.420106,-1.459858,0.860773,0.660730,-1.445941,-1.375571,-0.450421,0.259302,-0.573758,0.439253,0.305072,-0.103693,0.542497,-0.013174,-1.269106,-1.111705,1.274913,0.019214,-0.498081,-0.192423,0.948740,-0.716388,-0.886890,0.200011,0.614817
36.874068,-1.109799,-2.051258,1.933468,-1.417958,-1.457536,0.859871,0.664647,-1.437530,-1.368924,-0.440588,0.277211,-0.576386,0.445095,0.305116,-0.104203,0.542300,-0.012225,-1.269814,-1.112598,1.275115,0.019843,-0.500675,-0.193795,0.946702,-0.710678,-0.892280,0.200958,0.619424
36.874987,-1.106599,-2.046727,1.937308,-1.415391,-1.460266,0.858820,0.663733,-1.323923,-1.294988,-0.353567,0.268869,-0.575957,0.460681,0.305370,-0.105205,0.541913,-0.010334,-1.271235,-1.114406,1.275524,0.021072,-0.500800,-0.193934,0.945482,-0.710704,-0.895862,0.203663,0.614948
36.876112,-1.107466,-2.053501,1.941652,-1.412783,-1.455550,0.857330,0.665261,-1.323923,-1.294988,-0.353567,0.268869,-0.575957,0.460681,0.305370,-0.105205,0.541913,-0.010334,-1.271235,-1.114406,1.275524,0.021072,-0.500800,-0.193934,0.945482,-0.710704,-0.895862,0.203663,0.614948
36.877080,-1.104072,-2.054006,1.932492,-1.411730,-1.453759,0.857681,0.663406,-1.241769,-1.240239,-0.292553,0.248760,-0.574167,0.468944,0.305554,-0.105708,0.541725,-0.009384,-1.271955,-1.115324,1.275732,0.021680,-0.501622,-0.192532,0.946317,-0.712952,-0.904228,0.205757,0.613140
36.878096,-1.103975,-2.058305,1.941742,-1.413519,-1.453720,0.861665,0.662405,-1.154314,-1.179647,-0.228112,0.221337,-0.571919,0.476704,0.305815,-0.106216,0.541526,-0.008435,-1.272659,-1.116246,1.275936,0.022310,-0.503518,-0.193616,0.951943,-0.711632,-0.907718,0.205742,0.617598
36.878969,-1.104912,-2.055655,1.945159,-1.414144,-1.453610,0.863923,0.663356,-0.984224,-1.037814,-0.103719,0.141543,-0.565598,0.488947,0.306464,-0.107227,0.541134,-0.006539,-1.274060,-1.118066,1.276325,0.023553,-0.503204,-0.195308,0.946945,-0.703952,-0.911033,0.200248,0.618919
36.880118,-1.107125,-2.055575,1.955482,-1.418902,-1.454961,0.863093,0.664734,-0.984224,-1.037814,-0.103719,0.141543,-0.565598,0.488947,0.306464,-0.107227,0.541134,-0.006539,-1.274060,-1.118066,1.276325,0.023553,-0.503204,-0.195308,0.946945,-0.703952,-0.911033,0.200248,0.618919
36.881021,-1.093596,-2.053713,1.953360,-1.416890,-1.450503,0.858052,0.661746,-0.899736,-0.940211,-0.042185,0.080219,-0.560236,0.493503,0.306708,-0.107733,0.540929,-0.005603,-1.274750,-1.118996,1.276532,0.024175,-0.503500,-0.197276,0.945262,-0.699902,-0.913417,0.201754,0.617482
36.881967,-1.086301,-2.053800,1.946121,-1.411146,-1.445452,0.851701,0.663327,-0.811099,-0.816575,0.022026,0.000464,-0.552759,0.497289,0.306889,-0.108249,0.540729,-0.004649,-1.275450,-1.119917,1.276750,0.024806,-0.509992,-0.199248,0.946459,-0.698723,-0.918929,0.207005,0.624003
36.883023,-1.090157,-2.051999,1.953711,-1.406970,-1.453628,0.850202,0.663981,-0.608110,-0.524947,0.164925,-0.192878,-0.532753,0.503146,0.307217,-0.109287,0.540314,-0.002752,-1.276861,-1.121774,1.277198,0.026043,-0.512173,-0.202771,0.949094,-0.704907,-0.919795,0.215412,0.621145
36.883967,-1.088989,-2.058087,1.957647,-1.408348,-1.452191,0.848201,0.666338,-0.608110,-0.524947,0.164925,-0.192878,-0.532753,0.503146,0.307217,-0.109287,0.540314,-0.002752,-1.276861,-1.121774,1.277198,0.026043,-0.512173,-0.202771,0.949094,-0.704907,-0.919795,0.215412,0.621145
36.885062,-1.089088,-2.063887,1.965344,-1.409270,-1.455616,0.848710,0.665356,-0.507751,-0.380259,0.233093,-0.291445,-0.522145,0.504613,0.307319,-0.109796,0.540118,-0.001804,-1.277551,-1.122693,1.277421,0.026658,-0.512795,-0.200929,0.947835,-0.701079,-0.922813,0.217628,0.617059
36.886089,-1.075970,-2.072981,1.959986,-1.410063,-1.459393,0.847044,0.666039,-0.413041,-0.246559,0.295807,-0.385515,-0.511801,0.504804,0.307399,-0.110315,0.539919,-0.000866,-1.278240,-1.123620,1.277643,0.027288,-0.513631,-0.199828,0.946745,-0.700108,-0.922494,0.217562,0.620198
36.886946,-1.077566,-2.074613,1.957451,-1.407944,-1.460584,0.847789,0.665298,-0.229110,-0.040160,0.412842,-0.545476,-0.492744,0.501961,0.307698,-0.111366,0.539531,0.001045,-1.279632,-1.125445,1.278091,0.028531,-0.518983,-0.197016,0.951866,-0.696331,-0.920597,0.218875,0.621564
36.888109,-1.078489,-2.080084,1.966300,-1.409252,-1.469349,0.848784,0.666533,-0.229110,-0.040160,0.412842,-0.545476,-0.492744,0.501961,0.307698,-0.111366,0.539531,0.001045,-1.279632,-1.125445,1.278091,0.028531,-0.518983,-0.197016,0.951866,-0.696331,-0.920597,0.218875,0.621564
36.889035,-1.078533,-2.078651,1.974373,-1.402179,-1.467681,0.847154,0.665956,-0.145267,0.030904,0.463656,-0.609215,-0.484575,0.499147,0.307891,-0.111889,0.539333,0.002001,-1.280320,-1.126361,1.278310,0.029142,-0.519822,-0.196334,0.950845,-0.696009,-0.915809,0.218474,0.620473
36.890057,-1.067010,-2.082171,1.980344,-1.403224,-1.466136,0.843415,0.666234,-0.069860,0.084992,0.507754,-0.662607,-0.477502,0.495900,0.308036,-0.112405,0.539130,0.002948,-1.281028,-1.127277,1.278537,0.029767,-0.519616,-0.198180,0.947256,-0.700037,-0.918883,0.220281,0.622217
36.890985,-1.054060,-2.086676,1.981996,-1.396174,-1.466440,0.843933,0.665356,0.101017,0.155704,0.608582,-0.741118,-0.464411,0.491615,0.308228,-0.113493,0.538740,0.004834,-1.282425,-1.129127,1.278994,0.031030,-0.531515,-0.196892,0.945790,-0.701814,-0.923691,0.223935,0.624827
36.891988,-1.060885,-2.089940,1.994626,-1.399011,-1.465496,0.841541,0.663820,0.101017,0.155704,0.608582,-0.741118,-0.464411,0.491615,0.308228,-0.113493,0.538740,0.004834,-1.282425,-1.129127,1.278994,0.031030,-0.531515,-0.196892,0.945790,-0.701814,-0.923691,0.223935,0.624827
36.893062,-1.060540,-2.092195,1.996380,-1.397685,-1.471928,0.841351,0.664938,0.216124,0.172543,0.679342,-0.765767,-0.457404,0.491776,0.308344,-0.114012,0.538541,0.005778,-1.283120,-1.130061,1.279228,0.031662,-0.528296,-0.196712,0.940944,-0.697297,-0.926680,0.226599,0.628711
36.894069,-1.050464,-2.095081,1.998568,-1.391807,-1.472556,0.840850,0.663476,0.339076,0.182019,0.756403,-0.783447,-0.450124,0.493000,0.308435,-0.114546,0.538340,0.006717,-1.283814,-1.130985,1.279463,0.032289,-0.529071,-0.197277,0.942590,-0.698166,-0.923097,0.227114,0.627469
36.895032,-1.043047,-2.094376,1.995430,-1.382192,-1.471564,0.837534,0.662984,0.459906,0.186151,0.833475,-0.794852,-0.442904,0.494982,0.308478,-0.115085,0.538143,0.007665,-1.284528,-1.131918,1.279692,0.032920,-0.534221,-0.197313,0.942993,-0.702062,-0.924599,0.227895,0.631250
36.896084,-1.035944,-2.099991,1.991401,-1.377345,-1.475433,0.837568,0.660522,0.580645,0.179546,0.911963,-0.796000,-0.436152,0.498084,0.308521,-0.115632,0.537943,0.008609,-1.285246,-1.132843,1.279933,0.033554,-0.537598,-0.198951,0.945585,-0.708947,-0.927258,0.231374,0.632866
36.897062,-1.037717,-2.103916,2.002360,-1.373354,-1.478613,0.842525,0.662202,0.815450,0.115111,1.068211,-0.755039,-0.426079,0.507544,0.308660,-0.116718,0.537553,0.010514,-1.286693,-1.134686,1.280388,0.034838,-0.540361,-0.197231,0.945160,-0.713522,-0.924729,0.226900,0.635970
36.897981,-1.043046,-2.112613,2.005994,-1.369940,-1.474760,0.849595,0.663392,0.921314,0.055214,1.140383,-0.712775,-0.423323,0.513536,0.308637,-0.117255,0.537361,0.011448,-1.287402,-1.135636,1.280595,0.035465,-0.537210,-0.194054,0.943925,-0.713721,-0.929565,0.220072,0.634134
36.899119,-1.032475,-2.118597,2.010703,-1.366612,-1.478873,0.852441,0.661065,1.016811,-0.023103,1.206956,-0.657247,-0.422213,0.520420,0.308541,-0.117809,0.537171,0.012400,-1.288132,-1.136561,1.280807,0.036107,-0.543325,-0.193154,0.944723,-0.716664,-0.929028,0.217862,0.640064
36.900054,-1.027121,-2.122379,2.007059,-1.354956,-1.479769,0.851048,0.659792,1.016811,-0.023103,1.206956,-0.657247,-0.422213,0.520420,0.308541,-0.117809,0.537171,0.012400,-1.288132,-1.136561,1.280807,0.036107,-0.543325,-0.193154,0.944723,-0.716664,-0.929028,0.217862,0.640064
36.901080,-1.041063,-2.130256,2.006363,-1.351941,-1.476872,0.847311,0.658985,1.107761,-0.121751,1.271545,-0.587461,-0.422826,0.528644,0.308470,-0.118360,0.536977,0.013345,-1.288877,-1.137496,1.281033,0.036756,-0.545416,-0.192512,0.947193,-0.724543,-0.929386,0.219475,0.643085
36.902111,-1.049641,-2.140104,2.007842,-1.347474,-1.478948,0.847742,0.659883,1.185122,-0.242340,1.327565,-0.502416,-0.425779,0.537664,0.308451,-0.118891,0.536791,0.014299,-1.289603,-1.138450,1.281260,0.037414,-0.538638,-0.190232,0.949198,-0.725465,-0.934404,0.223555,0.645452
36.903034,-1.043062,-2.146217,2.004418,-1.344617,-1.479354,0.848067,0.660247,1.220282,-0.543970,1.360095,-0.293128,-0.440993,0.552431,0.308411,-0.119963,0.536427,0.016203,-1.291060,-1.140314,1.281708,0.038702,-0.537561,-0.185352,0.952333,-0.727187,-0.935378,0.223270,0.644218
36.904004,-1.040729,-2.149880,2.002996,-1.341107,-1.481620,0.849824,0.658638,1.220282,-0.543970,1.360095,-0.293128,-0.440993,0.552431,0.308411,-0.119963,0.536427,0.016203,-1.291060,-1.140314,1.281708,0.038702,-0.537561,-0.185352,0.952333,-0.727187,-0.935378,0.223270,0.644218
36.904989,-1.041355,-2.155317,1.994380,-1.339054,-1.484177,0.851035,0.658509,1.186066,-0.711897,1.342019,-0.177464,-0.451977,0.557840,0.308439,-0.120510,0.536243,0.017165,-1.291791,-1.141240,1.281926,0.039350,-0.538444,-0.185031,0.953906,-0.727753,-0.934823,0.221786,0.648098
36.905985,-1.046650,-2.155529,2.000819,-1.337181,-1.485938,0.849650,0.660777,1.053284,-1.028833,1.263001,0.045333,-0.476278,0.565665,0.308701,-0.121576,0.535873,0.019081,-1.293246,-1.143121,1.282368,0.040650,-0.535525,-0.185345,0.957314,-0.726517,-0.934141,0.222585,0.645100
36.907052,-1.050765,-2.159659,1.996966,-1.333382,-1.488985,0.846923,0.662801,0.953178,-1.160657,1.200469,0.142331,-0.488603,0.567670,0.308798,-0.122104,0.535691,0.020058,-1.293981,-1.144045,1.282600,0.041287,-0.534061,-0.185139,0.961220,-0.728717,-0.933932,0.225680,0.642044
36.908043,-1.050575,-2.159712,1.993360,-1.333233,-1.493499,0.845211,0.663403,0.953178,-1.160657,1.200469,0.142331,-0.488603,0.567670,0.308798,-0.122104,0.535691,0.020058,-1.293981,-1.144045,1.282600,0.041287,-0.534061,-0.185139,0.961220,-0.728717,-0.933932,0.225680,0.642044
36.908984,-1.048740,-2.158965,1.987958,-1.334030,-1.496313,0.844084,0.662463,0.830232,-1.269087,1.121979,0.226143,-0.500635,0.568049,0.308825,-0.122641,0.535501,0.021018,-1.294699,-1.144973,1.282832,0.041936,-0.534158,-0.186645,0.964171,-0.726507,-0.931343,0.227618,0.641552
36.909969,-1.058325,-2.159853,1.980282,-1.339066,-1.497213,0.844991,0.664152,0.687972,-1.346913,1.029747,0.292130,-0.511775,0.566597,0.308805,-0.123180,0.535313,0.021996,-1.295416,-1.145895,1.283064,0.042582,-0.534730,-0.188347,0.967178,-0.722619,-0.929979,0.228885,0.643992
36.911022,-1.069767,-2.158073,1.985080,-1.337567,-1.499460,0.846897,0.666236,0.526708,-1.383471,0.924017,0.333242,-0.521333,0.562920,0.308736,-0.123697,0.535121,0.022986,-1.296126,-1.146829,1.283293,0.043218,-0.530079,-0.189361,0.971757,-0.715318,-0.930913,0.228199,0.641280
36.912002,-1.064777,-2.158415,1.987207,-1.336489,-1.503494,0.846126,0.663794,0.338853,-1.374299,0.799778,0.345892,-0.529272,0.556423,0.308590,-0.124214,0.534925,0.023952,-1.296837,-1.147764,1.283517,0.043855,-0.524974,-0.191931,0.971190,-0.715646,-0.931238,0.226671,0.638045
36.912971,-1.058015,-2.153490,1.975072,-1.331087,-1.502419,0.841560,0.664950,0.129847,-1.324538,0.660822,0.332505,-0.535676,0.547494,0.308399,-0.124743,0.534730,0.024929,-1.297555,-1.148684,1.283745,0.044504,-0.527566,-0.193146,0.970936,-0.714210,-0.929075,0.227704,0.643664
36.914037,-1.061015,-2.152466,1.973172,-1.332070,-1.501957,0.838353,0.664145,-0.081351,-1.243015,0.519888,0.297883,-0.540424,0.537225,0.308237,-0.125281,0.534527,0.025912,-1.298281,-1.149627,1.283990,0.045146,-0.530789,-0.196895,0.977678,-0.716799,-0.931753,0.232426,0.641921
36.914972,-1.065335,-2.155014,1.972960,-1.332381,-1.502269,0.838942,0.665386,-0.286158,-1.135150,0.382539,0.244957,-0.543648,0.526040,0.308128,-0.125811,0.534323,0.026903,-1.298986,-1.150573,1.284231,0.045788,-0.529808,-0.199007,0.980335,-0.714858,-0.934827,0.235923,0.644534
36.915953,-1.068196,-2.155891,1.971315,-1.334966,-1.499373,0.835690,0.666249,-0.486477,-1.005552,0.247359,0.175531,-0.545678,0.513824,0.308055,-0.126329,0.534124,0.027891,-1.299692,-1.151501,1.284472,0.046426,-0.527490,-0.198892,0.980515,-0.711629,-0.935808,0.235381,0.642549
36.916992,-1.065747,-2.156886,1.971371,-1.336870,-1.498468,0.830077,0.666627,-0.683682,-0.859824,0.113525,0.091333,-0.546742,0.500568,0.307969,-0.126855,0.533921,0.028870,-1.300380,-1.152454,1.284721,0.047068,-0.526121,-0.199768,0.982155,-0.707265,-0.940317,0.238787,0.641510
36.917995,-1.063695,-2.158724,1.967697,-1.331972,-1.488569,0.824204,0.668068,-0.874730,-0.701096,-0.016645,-0.006909,-0.546837,0.486519,0.307851,-0.127387,0.533719,0.029863,-1.301080,-1.153403,1.284976,0.047700,-0.527742,-0.200813,0.983503,-0.704187,-0.943487,0.244596,0.641675
36.919003,-1.067138,-2.158545,1.977040,-1.328186,-1.482341,0.819234,0.666094,-1.211352,-0.374010,-0.247047,-0.228796,-0.544628,0.458037,0.307681,-0.128436,0.533304,0.031830,-1.302502,-1.155368,1.285508,0.048985,-0.527480,-0.202691,0.982748,-0.709017,-0.962786,0.255532,0.644307
36.920012,-1.071023,-2.168504,1.976227,-1.324154,-1.480270,0.822072,0.666589,-1.211352,-0.374010,-0.247047,-0.228796,-0.544628,0.458037,0.307681,-0.128436,0.533304,0.031830,-1.302502,-1.155368,1.285508,0.048985,-0.527480,-0.202691,0.982748,-0.709017,-0.962786,0.255532,0.644307
36.920998,-1.059922,-2.169894,1.982464,-1.323559,-1.477592,0.823876,0.666344,-1.349547,-0.229711,-0.341822,-0.336980,-0.543057,0.444456,0.307676,-0.128950,0.533112,0.032826,-1.303215,-1.156336,1.285759,0.049629,-0.525913,-0.199208,0.984155,-0.711121,-0.966563,0.252764,0.644031
36.922012,-1.051872,-2.179685,1.977622,-1.324254,-1.478137,0.823233,0.666853,-1.462438,-0.112950,-0.419034,-0.433631,-0.541461,0.431918,0.307696,-0.129492,0.532909,0.033798,-1.303914,-1.157319,1.286009,0.050279,-0.531440,-0.199884,0.981952,-0.709723,-0.970585,0.251088,0.645199
36.922979,-1.039682,-2.183691,1.967850,-1.320193,-1.477950,0.821851,0.666333,-1.571653,0.035314,-0.492399,-0.587479,-0.536201,0.412727,0.307909,-0.130587,0.532525,0.035803,-1.305327,-1.159276,1.286519,0.051568,-0.541158,-0.195845,0.990371,-0.708979,-0.972751,0.253241,0.646329
36.924042,-1.048738,-2.191025,1.983641,-1.321176,-1.477849,0.819708,0.666335,-1.571653,0.035314,-0.492399,-0.587479,-0.536201,0.412727,0.307909,-0.130587,0.532525,0.035803,-1.305327,-1.159276,1.286519,0.051568,-0.541158,-0.195845,0.990371,-0.708979,-0.972751,0.253241,0.646329
36.924973,-1.049903,-2.190068,1.986328,-1.318623,-1.476344,0.817492,0.667619,-1.571549,0.065885,-0.491236,-0.642323,-0.532644,0.406282,0.308137,-0.131117,0.532334,0.036768,-1.306027,-1.160255,1.286780,0.052221,-0.536848,-0.193804,0.983947,-0.707140,-0.974589,0.255413,0.646735
36.926095,-1.039733,-2.193041,1.989540,-1.318860,-1.482321,0.814529,0.670200,-1.547661,0.074258,-0.473300,-0.684520,-0.528698,0.401708,0.308389,-0.131648,0.532136,0.037751,-1.306733,-1.161225,1.287044,0.052857,-0.535789,-0.195383,0.982403,-0.706752,-0.976493,0.257434,0.644251
36.927118,-1.030877,-2.195360,1.989092,-1.314677,-1.486195,0.814653,0.667728,-1.504565,0.071431,-0.441391,-0.718495,-0.524294,0.399017,0.308596,-0.132203,0.531940,0.038726,-1.307433,-1.162200,1.287317,0.053494,-0.541332,-0.195677,0.983022,-0.706587,-0.972867,0.260447,0.639719
36.927999,-1.026461,-2.198100,1.988904,-1.306545,-1.482752,0.818117,0.666734,-1.437373,0.062136,-0.392211,-0.745211,-0.519450,0.398575,0.308781,-0.132760,0.531745,0.039713,-1.308146,-1.163160,1.287580,0.054156,-0.545499,-0.195970,0.984094,-0.709066,-0.970498,0.260241,0.645029
36.929104,-1.031757,-2.202296,2.001627,-1.309881,-1.481992,0.821670,0.668088,-1.344386,0.042931,-0.324838,-0.761351,-0.514636,0.400588,0.309012,-0.133305,0.531551,0.040699,-1.308870,-1.164143,1.287827,0.054806,-0.546682,-0.195519,0.983258,-0.713062,-0.973709,0.256580,0.646894
36.930043,-1.023494,-2.210520,2.009124,-1.300413,-1.487900,0.822717,0.667403,-1.231877,0.012933,-0.243594,-0.765707,-0.510242,0.404843,0.309287,-0.133849,0.531358,0.041680,-1.309568,-1.165127,1.288076,0.055452,-0.544423,-0.195191,0.978786,-0.709539,-0.976605,0.253190,0.644714
36.931042,-1.003704,-2.213855,2.006014,-1.299773,-1.485528,0.821183,0.665710,-1.103345,-0.028999,-0.150833,-0.757767,-0.506395,0.411228,0.309592,-0.134398,0.531173,0.042642,-1.310298,-1.166080,1.288322,0.056096,-0.547924,-0.192301,0.975134,-0.715683,-0.971264,0.252088,0.646220
36.931977,-0.999038,-2.223500,2.001869,-1.290447,-1.487006,0.820320,0.661596,-0.951238,-0.088323,-0.041713,-0.734857,-0.503100,0.420104,0.309994,-0.134980,0.530981,0.043611,-1.311019,-1.167067,1.288575,0.056759,-0.557172,-0.192056,0.977502,-0.713954,-0.974681,0.253626,0.649823
36.932982,-1.010879,-2.233213,2.003234,-1.287293,-1.492558,0.819831,0.662673,-0.772552,-0.168342,0.085165,-0.695652,-0.500418,0.431369,0.310579,-0.135546,0.530798,0.044593,-1.311749,-1.168046,1.288830,0.057426,-0.558519,-0.188465,0.979384,-0.719900,-0.973495,0.254347,0.658094
36.934087,-1.021169,-2.238575,2.016293,-1.281126,-1.490246,0.822337,0.664092,-0.588827,-0.275242,0.214353,-0.637207,-0.499361,0.443540,0.311303,-0.136084,0.530620,0.045573,-1.312480,-1.169001,1.289085,0.058083,-0.552395,-0.185193,0.979384,-0.720554,-0.969265,0.254809,0.656076
36.935038,-1.004877,-2.249359,2.014811,-1.278161,-1.491046,0.824868,0.662559,-0.296295,-0.571012,0.417526,-0.462156,-0.504904,0.464976,0.312632,-0.137205,0.530267,0.047510,-1.313942,-1.170950,1.289580,0.059395,-0.555008,-0.180477,0.975844,-0.725491,-0.973609,0.249841,0.656969
36.935993,-0.995794,-2.255698,2.012464,-1.270115,-1.492814,0.824137,0.661380,-0.296295,-0.571012,0.417526,-0.462156,-0.504904,0.464976,0.312632,-0.137205,0.530267,0.047510,-1.313942,-1.170950,1.289580,0.059395,-0.555008,-0.180477,0.975844,-0.725491,-0.973609,0.249841,0.656969
36.937057,-1.002259,-2.258519,2.007078,-1.264724,-1.492750,0.824859,0.662174,-0.054982,-0.944518,0.580199,-0.230155,-0.516225,0.483931,0.313816,-0.138324,0.529910,0.049471,-1.315426,-1.172911,1.290084,0.060721,-0.555482,-0.179127,0.981240,-0.733707,-0.974198,0.249867,0.658149
36.938044,-1.008359,-2.258663,2.017587,-1.260800,-1.494211,0.827056,0.664268,-0.054982,-0.944518,0.580199,-0.230155,-0.516225,0.483931,0.313816,-0.138324,0.529910,0.049471,-1.315426,-1.172911,1.290084,0.060721,-0.555482,-0.179127,0.981240,-0.733707,-0.974198,0.249867,0.658149
36.938978,-0.996594,-2.263323,2.023508,-1.256376,-1.493209,0.830556,0.665191,0.111711,-1.317640,0.685647,0.016418,-0.530797,0.498223,0.314813,-0.139435,0.529551,0.051399,-1.316900,-1.174859,1.290563,0.062014,-0.557146,-0.179503,0.973635,-0.735533,-0.975073,0.244138,0.652413
36.940040,-0.979578,-2.264937,2.015343,-1.254835,-1.497046,0.833287,0.665384,0.111711,-1.317640,0.685647,0.016418,-0.530797,0.498223,0.314813,-0.139435,0.529551,0.051399,-1.316900,-1.174859,1.290563,0.062014,-0.557146,-0.179503,0.973635,-0.735533,-0.975073,0.244138,0.652413
36.941078,-0.981770,-2.273550,2.014895,-1.251558,-1.499623,0.835516,0.666365,0.186339,-1.474972,0.730786,0.128571,-0.537243,0.504544,0.315280,-0.140023,0.529373,0.052392,-1.317651,-1.175818,1.290801,0.062660,-0.565319,-0.180506,0.979052,-0.734995,-0.973131,0.241580,0.652491
36.942007,-0.987059,-2.277849,2.021334,-1.253139,-1.498678,0.837548,0.667104,0.268892,-1.609506,0.780215,0.230237,-0.542613,0.510938,0.315813,-0.140582,0.529198,0.053382,-1.318388,-1.176793,1.291035,0.063312,-0.563946,-0.177907,0.980226,-0.736216,-0.972062,0.239502,0.650863
36.943215,-0.989537,-2.280702,2.032081,-1.250491,-1.502964,0.835345,0.669901,0.410313,-1.816539,0.859356,0.400547,-0.552330,0.521344,0.316931,-0.141690,0.528843,0.055321,-1.319848,-1.178742,1.291517,0.064597,-0.560220,-0.178004,0.974824,-0.734379,-0.972403,0.240022,0.644716
36.944040,-0.971441,-2.278935,2.032899,-1.244474,-1.500921,0.830789,0.671153,0.410313,-1.816539,0.859356,0.400547,-0.552330,0.521344,0.316931,-0.141690,0.528843,0.055321,-1.319848,-1.178742,1.291517,0.064597,-0.560220,-0.178004,0.974824,-0.734379,-0.972403,0.240022,0.644716
36.945082,-0.957898,-2.285358,2.031640,-1.244400,-1.495958,0.827071,0.669359,0.468292,-1.884884,0.889236,0.465500,-0.556516,0.525494,0.317452,-0.142275,0.528659,0.056286,-1.320594,-1.179719,1.291773,0.065240,-0.567525,-0.179747,0.973065,-0.734872,-0.973637,0.244291,0.642011
36.946043,-0.957057,-2.286198,2.038023,-1.244680,-1.496412,0.827795,0.672893,0.539945,-1.928901,0.928380,0.515716,-0.559346,0.530085,0.318008,-0.142862,0.528485,0.057269,-1.321317,-1.180705,1.292029,0.065889,-0.573787,-0.178260,0.974853,-0.733236,-0.980086,0.248028,0.646042
36.947013,-0.962434,-2.287118,2.039974,-1.244112,-1.497347,0.832478,0.674038,0.632547,-1.948870,0.982110,0.550015,-0.560289,0.535253,0.318592,-0.143429,0.528302,0.058242,-1.322044,-1.181686,1.292273,0.066517,-0.573383,-0.179223,0.971840,-0.729935,-0.980171,0.247227,0.639089
36.948044,-0.950694,-2.281503,2.044323,-1.242890,-1.502301,0.833903,0.673924,0.733350,-1.942149,1.042254,0.566424,-0.559376,0.540266,0.319093,-0.143997,0.528119,0.059207,-1.322759,-1.182675,1.292512,0.067158,-0.569947,-0.180151,0.971328,-0.727938,-0.979854,0.242521,0.637051
36.949052,-0.935183,-2.286133,2.037781,-1.244763,-1.495875,0.834941,0.673660,0.830857,-1.903413,1.101601,0.562465,-0.556588,0.544712,0.319462,-0.144586,0.527927,0.060177,-1.323490,-1.183635,1.292751,0.067791,-0.575326,-0.184501,0.970290,-0.727131,-0.976440,0.241237,0.637712
36.950042,-0.937266,-2.284222,2.025174,-1.240656,-1.499519,0.835751,0.671398,0.931362,-1.830149,1.164949,0.536609,-0.551390,0.549073,0.319736,-0.145176,0.527744,0.061155,-1.324210,-1.184632,1.292994,0.068443,-0.582355,-0.183674,0.974379,-0.723103,-0.983936,0.240255,0.638509
36.951133,-0.953535,-2.285835,2.035939,-1.248305,-1.503558,0.836972,0.672019,1.032926,-1.728233,1.231039,0.491308,-0.543954,0.553253,0.319924,-0.145756,0.527553,0.062153,-1.324932,-1.185618,1.293230,0.069082,-0.580505,-0.186032,0.981007,-0.724825,-0.981062,0.239511,0.643340
36.952034,-0.954019,-2.286860,2.033118,-1.246667,-1.502521,0.838220,0.671262,1.110806,-1.602646,1.282800,0.429053,-0.535372,0.555975,0.319970,-0.146308,0.527364,0.063133,-1.325635,-1.186588,1.293466,0.069731,-0.572546,-0.186975,0.977286,-0.716610,-0.979160,0.238504,0.642561
36.953114,-0.943432,-2.284266,2.029124,-1.254826,-1.503247,0.833923,0.670104,1.147229,-1.453693,1.308225,0.349502,-0.526248,0.556361,0.319840,-0.146880,0.527174,0.064106,-1.326338,-1.187576,1.293704,0.070376,-0.571173,-0.187515,0.978239,-0.714968,-0.980112,0.237172,0.644080
36.954117,-0.939004,-2.287072,2.025772,-1.252787,-1.496239,0.830828,0.669195,1.148194,-1.280745,1.311631,0.251422,-0.516331,0.554712,0.319582,-0.147469,0.526977,0.065095,-1.327034,-1.188554,1.293953,0.071028,-0.576247,-0.190460,0.981776,-0.706269,-0.981311,0.241644,0.646879
36.954981,-0.946323,-2.288906,2.016310,-1.248915,-1.492388,0.830790,0.669129,1.129856,-1.084189,1.304024,0.134394,-0.505171,0.551772,0.319267,-0.148050,0.526786,0.066094,-1.327743,-1.189559,1.294205,0.071675,-0.577769,-0.190450,0.983890,-0.706470,-0.989211,0.244714,0.648967
36.956024,-0.962253,-2.295771,2.028484,-1.246243,-1.496667,0.831410,0.668819,1.094144,-0.876511,1.286379,0.005525,-0.493500,0.547627,0.318922,-0.148615,0.526593,0.067081,-1.328441,-1.190566,1.294454,0.072323,-0.572701,-0.190411,0.987508,-0.706580,-0.992310,0.244520,0.648948
36.957040,-0.962486,-2.301613,2.024306,-1.246259,-1.494609,0.832468,0.669622,1.027606,-0.677815,1.249092,-0.122939,-0.483048,0.541730,0.318547,-0.149159,0.526409,0.068058,-1.329148,-1.191545,1.294694,0.072974,-0.564739,-0.188611,0.982532,-0.707956,-0.989485,0.244011,0.649946
36.958025,-0.956345,-2.305942,2.002399,-1.247012,-1.489209,0.831333,0.669302,0.924955,-0.503116,1.188440,-0.241685,-0.474939,0.533978,0.318157,-0.149727,0.526223,0.069041,-1.329841,-1.192552,1.294938,0.073620,-0.564274,-0.187214,0.985493,-0.706553,-0.992537,0.243004,0.648631
36.959071,-0.959887,-2.317643,2.003436,-1.247635,-1.481505,0.832746,0.668354,0.629465,-0.236573,1.008252,-0.442088,-0.466269,0.513600,0.317441,-0.150858,0.525864,0.071065,-1.331241,-1.194583,1.295419,0.074927,-0.564752,-0.182377,0.996792,-0.702095,-1.007407,0.242874,0.651763
36.959982,-0.977250,-2.325555,2.002464,-1.246324,-1.480710,0.835637,0.669017,0.629465,-0.236573,1.008252,-0.442088,-0.466269,0.513600,0.317441,-0.150858,0.525864,0.071065,-1.331241,-1.194583,1.295419,0.074927,-0.564752,-0.182377,0.996792,-0.702095,-1.007407,0.242874,0.651763
36.961125,-0.985420,-2.332259,2.004075,-1.245286,-1.480961,0.836469,0.668277,0.442560,-0.148602,0.891638,-0.521064,-0.465740,0.501093,0.317167,-0.151399,0.525688,0.072052,-1.331943,-1.195600,1.295655,0.075584,-0.555240,-0.179697,0.996726,-0.700254,-1.007825,0.239910,0.650372
36.962037,-0.974994,-2.338217,1.996526,-1.240055,-1.479666,0.832395,0.669123,0.224972,-0.094578,0.753693,-0.582368,-0.468132,0.486992,0.316919,-0.151942,0.525515,0.073057,-1.332640,-1.196606,1.295891,0.076234,-0.551889,-0.178503,0.998052,-0.701795,-1.009921,0.239397,0.652544
36.962981,-0.977496,-2.339516,1.986572,-1.237239,-1.473866,0.827261,0.665475,-0.259334,-0.080481,0.442071,-0.649652,-0.480489,0.456789,0.316523,-0.153059,0.525163,0.075072,-1.334042,-1.198669,1.296392,0.077560,-0.554143,-0.177532,1.005655,-0.704080,-1.016538,0.248428,0.658192
36.964028,-0.988651,-2.349669,1.985512,-1.236827,-1.472321,0.826212,0.665907,-0.259334,-0.080481,0.442071,-0.649652,-0.480489,0.456789,0.316523,-0.153059,0.525163,0.075072,-1.334042,-1.198669,1.296392,0.077560,-0.554143,-0.177532,1.005655,-0.704080,-1.016538,0.248428,0.658192
36.965058,-0.999187,-2.349250,1.995770,-1.237461,-1.476505,0.831608,0.665664,-0.508212,-0.108118,0.279933,-0.660023,-0.489329,0.441394,0.316465,-0.153590,0.524996,0.076093,-1.334744,-1.199687,1.296642,0.078220,-0.548738,-0.174290,1.006881,-0.703372,-1.019220,0.249502,0.657592
36.966066,-0.996319,-2.352031,1.991000,-1.235506,-1.475096,0.832231,0.666283,-0.765603,-0.148427,0.110671,-0.659410,-0.499446,0.425466,0.316460,-0.154123,0.524819,0.077080,-1.335439,-1.200700,1.296877,0.078884,-0.543555,-0.176238,1.002624,-0.701545,-1.016020,0.244177,0.658374
36.967123,-0.983281,-2.358654,1.984126,-1.230897,-1.478583,0.831897,0.665454,-1.023660,-0.189829,-0.060115,-0.653086,-0.509987,0.409630,0.316452,-0.154673,0.524644,0.078097,-1.336144,-1.201711,1.297119,0.079536,-0.544799,-0.176458,1.005361,-0.701734,-1.018292,0.243651,0.657384
36.967987,-0.987187,-2.364034,1.973347,-1.225492,-1.482553,0.830173,0.664117,-1.265683,-0.229372,-0.220968,-0.642058,-0.520266,0.394941,0.316466,-0.155228,0.524472,0.079126,-1.336862,-1.202730,1.297366,0.080199,-0.551357,-0.174976,1.009579,-0.705024,-1.016030,0.244096,0.659434
36.969104,-0.990796,-2.371658,1.987240,-1.218558,-1.485657,0.828867,0.664090,-1.482742,-0.276060,-0.366197,-0.621375,-0.530408,0.381889,0.316553,-0.155767,0.524303,0.080137,-1.337565,-1.203740,1.297611,0.080856,-0.548278,-0.173448,1.013554,-0.706537,-1.011308,0.245653,0.661948
36.970028,-0.984309,-2.374278,1.995374,-1.216135,-1.486142,0.830753,0.666853,-1.678035,-0.339288,-0.498358,-0.585831,-0.540919,0.370331,0.316691,-0.156305,0.524136,0.081140,-1.338295,-1.204745,1.297862,0.081521,-0.547064,-0.171765,1.008321,-0.712792,-1.010292,0.247122,0.662508
36.971069,-0.973222,-2.385283,1.995649,-1.211863,-1.486605,0.830306,0.668522,-1.843206,-0.421260,-0.611483,-0.534451,-0.551443,0.360794,0.316798,-0.156859,0.523964,0.082129,-1.339000,-1.205759,1.298105,0.082169,-0.549511,-0.171824,1.003846,-0.712110,-1.009682,0.245124,0.656963
36.972033,-0.967438,-2.388245,1.989861,-1.211556,-1.486028,0.830709,0.667504,-1.959979,-0.518353,-0.692548,-0.470261,-0.560936,0.354196,0.316853,-0.157426,0.523807,0.083136,-1.339723,-1.206757,1.298350,0.082813,-0.554820,-0.168242,1.004571,-0.714710,-1.010534,0.245684,0.654039
36.972967,-0.968712,-2.394704,1.999008,-1.203895,-1.489480,0.832221,0.669560,-2.023468,-0.626226,-0.737967,-0.396941,-0.568843,0.350542,0.316921,-0.157984,0.523639,0.084163,-1.340440,-1.207773,1.298594,0.083475,-0.557047,-0.168348,1.007114,-0.712252,-1.011398,0.245246,0.656229
36.974085,-0.968922,-2.400685,2.010386,-1.198966,-1.492977,0.835351,0.668638,-2.042371,-0.739255,-0.753609,-0.318107,-0.575172,0.349236,0.317046,-0.158536,0.523475,0.085148,-1.341161,-1.208781,1.298834,0.084127,-0.555630,-0.166596,1.002224,-0.716724,-1.007955,0.243682,0.652107
36.975107,-0.948595,-2.403451,2.009956,-1.194894,-1.494101,0.834274,0.672148,-2.024583,-0.857769,-0.744611,-0.233316,-0.580313,0.350064,0.317218,-0.159085,0.523313,0.086143,-1.341897,-1.209782,1.299067,0.084783,-0.555986,-0.165796,0.998464,-0.720780,-1.006583,0.240807,0.654581
36.975962,-0.924903,-2.406732,1.997442,-1.190379,-1.492530,0.833649,0.670738,-1.966815,-0.982263,-0.708249,-0.142164,-0.584318,0.353489,0.317426,-0.159673,0.523147,0.087139,-1.342617,-1.210792,1.299316,0.085423,-0.565617,-0.166215,0.999457,-0.722942,-1.006458,0.241962,0.647827
36.977116,-0.929854,-2.412691,2.008115,-1.192742,-1.499380,0.837033,0.670967,-1.858345,-1.105343,-0.636982,-0.049353,-0.586578,0.360131,0.317683,-0.160272,0.522984,0.088156,-1.343342,-1.211807,1.299558,0.086073,-0.575654,-0.165778,1.004136,-0.722857,-1.007149,0.242406,0.650575
36.978043,-0.929152,-2.411367,2.017469,-1.187439,-1.498020,0.838917,0.673424,-1.701538,-1.218780,-0.532633,0.039548,-0.586901,0.369776,0.318000,-0.160837,0.522821,0.089160,-1.344061,-1.212796,1.299792,0.086730,-0.573545,-0.165099,1.000974,-0.720586,-1.002865,0.239309,0.650754
36.979083,-0.918996,-2.413341,2.014705,-1.188792,-1.500162,0.839427,0.673352,-1.310275,-1.387693,-0.270924,0.188026,-0.583656,0.394946,0.318609,-0.162000,0.522481,0.091141,-1.345502,-1.214800,1.300261,0.088016,-0.577450,-0.167984,0.998354,-0.719492,-1.003396,0.237063,0.646452
36.980104,-0.898738,-2.416555,2.021330,-1.182086,-1.500031,0.837408,0.672612,-1.310275,-1.387693,-0.270924,0.188026,-0.583656,0.394946,0.318609,-0.162000,0.522481,0.091141,-1.345502,-1.214800,1.300261,0.088016,-0.577450,-0.167984,0.998354,-0.719492,-1.003396,0.237063,0.646452
36.981007,-0.894819,-2.419379,2.011263,-1.180564,-1.493434,0.834727,0.670764,-1.086597,-1.434915,-0.120687,0.242019,-0.580600,0.410061,0.318873,-0.162610,0.522312,0.092120,-1.346242,-1.215813,1.300505,0.088668,-0.586732,-0.168127,0.995895,-0.723877,-1.004480,0.239175,0.648247
36.982075,-0.906734,-2.419595,2.031422,-1.178784,-1.498429,0.838666,0.671632,-0.840855,-1.463549,0.044750,0.284597,-0.576896,0.426818,0.319165,-0.163206,0.522143,0.093128,-1.346957,-1.216840,1.300746,0.089330,-0.587131,-0.168016,1.000095,-0.721734,-1.010653,0.241764,0.651892
36.982997,-0.902125,-2.419368,2.043000,-1.179782,-1.494536,0.841490,0.671258,-0.350524,-1.465556,0.374917,0.334565,-0.569275,0.460664,0.319814,-0.164367,0.521794,0.095076,-1.348390,-1.218854,1.301206,0.090624,-0.582067,-0.171214,0.985413,-0.718009,-1.010948,0.235158,0.651368
36.984000,-0.877913,-2.421043,2.027763,-1.178962,-1.495655,0.837350,0.670939,-0.350524,-1.465556,0.374917,0.334565,-0.569275,0.460664,0.319814,-0.164367,0.521794,0.095076,-1.348390,-1.218854,1.301206,0.090624,-0.582067,-0.171214,0.985413,-0.718009,-1.010948,0.235158,0.651368
36.984956,-0.867537,-2.420047,2.034972,-1.176206,-1.494429,0.835315,0.667429,-0.114042,-1.429965,0.534728,0.335924,-0.564550,0.477070,0.320144,-0.164990,0.521621,0.096085,-1.349121,-1.219857,1.301448,0.091271,-0.593110,-0.172004,0.993507,-0.716395,-1.010636,0.239418,0.652285
36.985961,-0.876745,-2.418820,2.035725,-1.172780,-1.492401,0.833441,0.669862,0.127785,-1.370433,0.698584,0.320264,-0.558378,0.493401,0.320510,-0.165593,0.521446,0.097075,-1.349837,-1.220876,1.301695,0.091945,-0.597003,-0.173941,0.989749,-0.716361,-1.012050,0.241379,0.659392
36.987080,-0.887713,-2.417937,2.054450,-1.175795,-1.498130,0.832248,0.669159,0.584542,-1.195179,1.007837,0.247015,-0.542697,0.523116,0.321143,-0.166752,0.521083,0.099027,-1.351259,-1.222899,1.302187,0.093250,-0.586277,-0.178499,0.982892,-0.714554,-1.011091,0.244662,0.656718
36.988015,-0.875071,-2.414277,2.053224,-1.180721,-1.496976,0.829733,0.668991,0.584542,-1.195179,1.007837,0.247015,-0.542697,0.523116,0.321143,-0.166752,0.521083,0.099027,-1.351259,-1.222899,1.302187,0.093250,-0.586277,-0.178499,0.982892,-0.714554,-1.011091,0.244662,0.656718
36.988977,-0.856551,-2.418051,2.040907,-1.179381,-1.494782,0.827586,0.667298,0.767986,-1.075228,1.131658,0.187086,-0.533348,0.534558,0.321257,-0.167358,0.520894,0.100003,-1.351943,-1.223910,1.302441,0.093914,-0.591314,-0.181526,0.983458,-0.707207,-1.012312,0.247059,0.657047
36.989953,-0.862169,-2.417421,2.042533,-1.184993,-1.498400,0.824939,0.666853,0.930712,-0.929129,1.241455,0.107186,-0.521974,0.543822,0.321268,-0.167979,0.520714,0.101002,-1.352649,-1.224922,1.302690,0.094587,-0.599203,-0.181005,0.989614,-0.706133,-1.014833,0.249147,0.660517
36.990997,-0.880359,-2.414214,2.057465,-1.184748,-1.502628,0.826149,0.667753,1.076006,-0.763889,1.339202,0.009865,-0.508683,0.550745,0.321210,-0.168564,0.520526,0.101996,-1.353341,-1.225929,1.302947,0.095250,-0.595398,-0.182693,0.988902,-0.698515,-1.011674,0.251718,0.661513
36.992041,-0.872695,-2.409574,2.058014,-1.181913,-1.499722,0.825445,0.665455,1.188559,-0.582561,1.414174,-0.102913,-0.494241,0.554454,0.321065,-0.169134,0.520331,0.102957,-1.354032,-1.226946,1.303194,0.095909,-0.585972,-0.185840,0.982792,-0.697947,-1.008582,0.250549,0.660028
36.992983,-0.859043,-2.414225,2.055713,-1.174590,-1.496413,0.821645,0.665002,1.258878,-0.386603,1.460102,-0.228617,-0.479372,0.554766,0.320836,-0.169724,0.520135,0.103950,-1.354737,-1.227960,1.303444,0.096581,-0.589420,-0.189665,0.983601,-0.699579,-1.012740,0.251335,0.664976
36.993964,-0.855436,-2.419337,2.040926,-1.178804,-1.495951,0.816575,0.664150,1.301102,-0.188729,1.487135,-0.358999,-0.464586,0.552803,0.320603,-0.170330,0.519948,0.104932,-1.355448,-1.228985,1.303707,0.097252,-0.594920,-0.188535,0.984651,-0.704013,-1.016005,0.254994,0.665843
36.995055,-0.874398,-2.426560,2.050225,-1.178907,-1.492867,0.818757,0.665953,1.325226,0.151460,1.500521,-0.600739,-0.438414,0.543382,0.320219,-0.171493,0.519578,0.106932,-1.356821,-1.231031,1.304241,0.098578,-0.586172,-0.185587,0.989036,-0.697839,-1.021564,0.257715,0.664505
36.996017,-0.882214,-2.431332,2.051595,-1.174352,-1.492559,0.818564,0.667029,1.325226,0.151460,1.500521,-0.600739,-0.438414,0.543382,0.320219,-0.171493,0.519578,0.106932,-1.356821,-1.231031,1.304241,0.098578,-0.586172,-0.185587,0.989036,-0.697839,-1.021564,0.257715,0.664505
36.996933,-0.869929,-2.436570,2.047625,-1.175467,-1.489492,0.811668,0.667362,1.278205,0.279450,1.466675,-0.703332,-0.429256,0.534654,0.319927,-0.172066,0.519392,0.107911,-1.357517,-1.232066,1.304501,0.099240,-0.581489,-0.184528,0.988570,-0.700201,-1.021906,0.257811,0.662460
36.998086,-0.857985,-2.444425,2.046122,-1.174196,-1.481772,0.805370,0.663641,1.191368,0.373666,1.405936,-0.789215,-0.423466,0.523802,0.319583,-0.172665,0.519214,0.108909,-1.358209,-1.233089,1.304779,0.099894,-0.586292,-0.183159,0.989949,-0.696180,-1.024689,0.264474,0.661802
36.999028,-0.861491,-2.448342,2.038191,-1.167499,-1.477277,0.804667,0.666344,0.989365,0.465507,1.267309,-0.913119,-0.419265,0.501137,0.319195,-0.173846,0.518854,0.110907,-1.359614,-1.235210,1.305335,0.101222,-0.589444,-0.180713,0.996683,-0.702011,-1.038424,0.271207,0.664454
37.000016,-0.876274,-2.452639,2.050882,-1.162080,-1.472665,0.804784,0.665646,0.989365,0.465507,1.267309,-0.913119,-0.419265,0.501137,0.319195,-0.173846,0.518854,0.110907,-1.359614,-1.235210,1.305335,0.101222,-0.589444,-0.180713,0.996683,-0.702011,-1.038424,0.271207,0.664454
37.001025,-0.866286,-2.459680,2.050347,-1.161342,-1.471143,0.805462,0.666104,0.879995,0.461084,1.193377,-0.946467,-0.421029,0.489902,0.319146,-0.174406,0.518677,0.111899,-1.360324,-1.236252,1.305604,0.101895,-0.581497,-0.180091,0.990584,-0.705208,-1.043332,0.270944,0.666040
37.002044,-0.849279,-2.470133,2.028830,-1.157494,-1.469358,0.807335,0.665607,0.759832,0.425938,1.113218,-0.959424,-0.425381,0.478731,0.319169,-0.175005,0.518504,0.112885,-1.361019,-1.237305,1.305876,0.102570,-0.585773,-0.178213,0.991601,-0.704402,-1.045226,0.270142,0.665279
37.002961,-0.856031,-2.474724,2.021414,-1.156038,-1.471744,0.804497,0.665568,0.527559,0.271850,0.962461,-0.927281,-0.439413,0.458863,0.319406,-0.176188,0.518168,0.114936,-1.362439,-1.239400,1.306417,0.103905,-0.588797,-0.173832,1.005471,-0.704722,-1.044610,0.270789,0.666541
37.004030,-0.877312,-2.479256,2.029753,-1.153145,-1.474018,0.804973,0.667242,0.527559,0.271850,0.962461,-0.927281,-0.439413,0.458863,0.319406,-0.176188,0.518168,0.114936,-1.362439,-1.239400,1.306417,0.103905,-0.588797,-0.173832,1.005471,-0.704722,-1.044610,0.270789,0.666541
37.005006,-0.871488,-2.482511,2.036502,-1.145014,-1.475183,0.803768,0.667374,0.242168,0.043282,0.777850,-0.831156,-0.460360,0.439445,0.319536,-0.177326,0.517824,0.116923,-1.363870,-1.241491,1.306961,0.105227,-0.580345,-0.173378,0.999368,-0.712218,-1.042451,0.271293,0.663469
37.005970,-0.856994,-2.484766,2.022843,-1.136429,-1.478553,0.800396,0.666919,0.083897,-0.088190,0.676174,-0.762116,-0.472571,0.430809,0.319521,-0.177927,0.517651,0.117934,-1.364603,-1.242528,1.307247,0.105895,-0.586482,-0.173744,1.006123,-0.717694,-1.039136,0.274414,0.664466
37.007058,-0.854583,-2.497115,2.015562,-1.138283,-1.472206,0.799176,0.666960,0.083897,-0.088190,0.676174,-0.762116,-0.472571,0.430809,0.319521,-0.177927,0.517651,0.117934,-1.364603,-1.242528,1.307247,0.105895,-0.586482,-0.173744,1.006123,-0.717694,-1.039136,0.274414,0.664466
37.008053,-0.873708,-2.498900,2.019788,-1.129643,-1.477232,0.803788,0.668505,-0.207788,-0.382294,0.492251,-0.586308,-0.497951,0.417971,0.319325,-0.179077,0.517323,0.119970,-1.366044,-1.244612,1.307782,0.107215,-0.577272,-0.170449,1.008953,-0.721228,-1.042178,0.270846,0.661916
37.008940,-0.881051,-2.504322,2.028035,-1.123162,-1.483198,0.811558,0.667765,-0.363940,-0.540563,0.393810,-0.482148,-0.511594,0.412238,0.319100,-0.179640,0.517157,0.120960,-1.366769,-1.245641,1.308030,0.107878,-0.572464,-0.169001,1.003912,-0.723591,-1.035515,0.262882,0.663314
37.009984,-0.871461,-2.505402,2.014944,-1.117408,-1.489159,0.811770,0.667065,-0.363940,-0.540563,0.393810,-0.482148,-0.511594,0.412238,0.319100,-0.179640,0.517157,0.120960,-1.366769,-1.245641,1.308030,0.107878,-0.572464,-0.169001,1.003912,-0.723591,-1.035515,0.262882,0.663314
37.010937,-0.866963,-2.516292,2.004516,-1.115467,-1.482418,0.807365,0.665823,-0.528951,-0.701669,0.289709,-0.369151,-0.525912,0.407082,0.318817,-0.180220,0.516985,0.121991,-1.367509,-1.246660,1.308291,0.108539,-0.576963,-0.170292,1.011148,-0.727291,-1.030695,0.262739,0.665051
37.011980,-0.879151,-2.518987,2.000234,-1.113121,-1.487455,0.805195,0.667559,-0.693114,-0.861130,0.186259,-0.251253,-0.540409,0.402785,0.318534,-0.180804,0.516827,0.123009,-1.368241,-1.247716,1.308568,0.109229,-0.578163,-0.166416,1.015933,-0.725955,-1.037330,0.266949,0.667498
37.013067,-0.895015,-2.523257,2.011859,-1.109134,-1.489641,0.807535,0.665552,-0.859678,-1.015448,0.080421,-0.132380,-0.554896,0.398619,0.318277,-0.181364,0.516657,0.124032,-1.368966,-1.248754,1.308840,0.109876,-0.571845,-0.166930,1.018714,-0.726608,-1.033111,0.269032,0.664358
37.014083,-0.886933,-2.528944,2.011585,-1.108421,-1.488236,0.808008,0.666818,-1.040471,-1.159653,-0.036576,-0.015845,-0.569474,0.393636,0.318031,-0.181909,0.516490,0.125047,-1.369707,-1.249778,1.309104,0.110551,-0.564191,-0.166814,1.014129,-0.729169,-1.032501,0.266686,0.668847
37.014983,-0.868890,-2.530630,2.000325,-1.106513,-1.487009,0.808491,0.665084,-1.406116,-1.402536,-0.277157,0.197737,-0.596791,0.383019,0.317619,-0.183082,0.516164,0.127088,-1.371152,-1.251844,1.309629,0.111898,-0.575389,-0.166296,1.019236,-0.725841,-1.035254,0.265458,0.669845
37.016101,-0.865665,-2.536964,2.003093,-1.106413,-1.486984,0.808598,0.664932,-1.406116,-1.402536,-0.277157,0.197737,-0.596791,0.383019,0.317619,-0.183082,0.516164,0.127088,-1.371152,-1.251844,1.309629,0.111898,-0.575389,-0.166296,1.019236,-0.725841,-1.035254,0.265458,0.669845
37.017069,-0.877731,-2.531730,2.013874,-1.101877,-1.489428,0.810797,0.664219,-1.544857,-1.492907,-0.369009,0.285720,-0.607558,0.379495,0.317511,-0.183657,0.516000,0.128116,-1.371880,-1.252890,1.309893,0.112577,-0.577075,-0.165279,1.019329,-0.725308,-1.036940,0.265446,0.670595
37.018159,-0.881860,-2.529800,2.026943,-1.100170,-1.490611,0.816006,0.662742,-1.647444,-1.558407,-0.437598,0.357557,-0.616109,0.377383,0.317460,-0.184217,0.515820,0.129111,-1.372606,-1.253936,1.310147,0.113256,-0.570321,-0.169377,1.013942,-0.726992,-1.034489,0.263146,0.672071
37.019092,-0.860125,-2.533447,2.016858,-1.099467,-1.485967,0.815047,0.662192,-1.772083,-1.593469,-0.523803,0.443492,-0.626971,0.376613,0.317459,-0.185376,0.515474,0.131130,-1.374048,-1.256017,1.310658,0.114613,-0.578108,-0.171801,1.013419,-0.725162,-1.039150,0.258887,0.676464
37.020126,-0.847104,-2.538263,2.014494,-1.101661,-1.485120,0.812982,0.659999,-1.772083,-1.593469,-0.523803,0.443492,-0.626971,0.376613,0.317459,-0.185376,0.515474,0.131130,-1.374048,-1.256017,1.310658,0.114613,-0.578108,-0.171801,1.013419,-0.725162,-1.039150,0.258887,0.676464
37.021039,-0.855449,-2.533972,2.025161,-1.100284,-1.477569,0.811696,0.659847,-1.778124,-1.566161,-0.529957,0.456303,-0.628609,0.378637,0.317535,-0.185974,0.515306,0.132148,-1.374766,-1.257051,1.310922,0.115294,-0.583906,-0.171200,1.015164,-0.721259,-1.040830,0.260929,0.681110
37.022037,-0.850932,-2.528652,2.040162,-1.100318,-1.480798,0.809756,0.658910,-1.742598,-1.512935,-0.508857,0.448495,-0.627375,0.382128,0.317653,-0.186538,0.515123,0.133156,-1.375488,-1.258112,1.311184,0.115978,-0.578601,-0.174563,1.008983,-0.719060,-1.047722,0.261999,0.681234
37.023113,-0.836599,-2.530914,2.044275,-1.098923,-1.483437,0.805174,0.659138,-1.571739,-1.310552,-0.401456,0.361762,-0.615519,0.392714,0.318012,-0.187721,0.514754,0.135140,-1.376919,-1.260196,1.311731,0.117368,-0.587005,-0.179308,1.001375,-0.717288,-1.043415,0.268373,0.683003
37.024125,-0.821754,-2.533770,2.044648,-1.101878,-1.479745,0.798174,0.657417,-1.571739,-1.310552,-0.401456,0.361762,-0.615519,0.392714,0.318012,-0.187721,0.514754,0.135140,-1.376919,-1.260196,1.311731,0.117368,-0.587005,-0.179308,1.001375,-0.717288,-1.043415,0.268373,0.683003
37.025039,-0.818657,-2.532164,2.038616,-1.102095,-1.478438,0.795969,0.659151,-1.427148,-1.172324,-0.307862,0.288153,-0.604833,0.400356,0.318263,-0.188332,0.514572,0.136134,-1.377616,-1.261260,1.312021,0.118055,-0.593457,-0.179438,1.001818,-0.712743,-1.047479,0.275167,0.686619
37.026083,-0.826934,-2.532532,2.057904,-1.104992,-1.479978,0.800239,0.658127,-1.248910,-1.019851,-0.191474,0.199045,-0.591397,0.408799,0.318493,-0.188930,0.514384,0.137143,-1.378318,-1.262314,1.312303,0.118725,-0.593512,-0.181380,1.004073,-0.709430,-1.048119,0.276996,0.683006
37.027004,-0.811811,-2.533922,2.057955,-1.107441,-1.481846,0.803045,0.658042,-1.057086,-0.852918,-0.066162,0.094968,-0.575750,0.416806,0.318658,-0.189505,0.514199,0.138128,-1.379022,-1.263348,1.312565,0.119416,-0.588995,-0.182832,0.995442,-0.705328,-1.047549,0.272656,0.685328
37.028111,-0.792243,-2.539656,2.048515,-1.105165,-1.477735,0.800049,0.659034,-0.859866,-0.672784,0.062947,-0.022789,-0.558201,0.424152,0.318762,-0.190115,0.514012,0.139114,-1.379705,-1.264392,1.312830,0.120101,-0.595135,-0.183289,0.995089,-0.700324,-1.045207,0.269648,0.685358
37.029053,-0.784516,-2.541810,2.048483,-1.107363,-1.480205,0.798721,0.659424,-0.651004,-0.488802,0.200736,-0.149185,-0.539127,0.431416,0.318796,-0.190746,0.513832,0.140128,-1.380412,-1.265438,1.313108,0.120775,-0.604341,-0.182335,1.001430,-0.702359,-1.050938,0.272694,0.683818
37.030039,-0.794839,-2.543654,2.062268,-1.105776,-1.481030,0.793107,0.662190,-0.429242,-0.313407,0.348078,-0.277062,-0.519375,0.438780,0.318749,-0.191353,0.513646,0.141117,-1.381106,-1.266489,1.313388,0.121455,-0.606783,-0.182522,1.001189,-0.697595,-1.048077,0.273728,0.683014
37.031121,-0.796400,-2.541106,2.080944,-1.104942,-1.484709,0.794900,0.661680,0.006128,-0.001166,0.638413,-0.524355,-0.481261,0.452090,0.318541,-0.192538,0.513270,0.143076,-1.382492,-1.268582,1.313953,0.122799,-0.599592,-0.186043,0.987014,-0.697893,-1.045067,0.277223,0.679046
37.032073,-0.775563,-2.549277,2.076252,-1.104001,-1.481991,0.792993,0.661870,0.006128,-0.001166,0.638413,-0.524355,-0.481261,0.452090,0.318541,-0.192538,0.513270,0.143076,-1.382492,-1.268582,1.313953,0.122799,-0.599592,-0.186043,0.987014,-0.697893,-1.045067,0.277223,0.679046
37.032989,-0.762300,-2.556579,2.065407,-1.102704,-1.475354,0.786950,0.662658,0.212209,0.134835,0.776944,-0.639526,-0.463878,0.458401,0.318488,-0.193172,0.513089,0.144064,-1.383176,-1.269639,1.314239,0.123484,-0.608497,-0.183248,0.989405,-0.696711,-1.047587,0.278867,0.678620
37.034093,-0.774214,-2.566319,2.079957,-1.107952,-1.476098,0.786063,0.662776,0.421292,0.248114,0.918868,-0.743597,-0.447998,0.465201,0.318544,-0.193801,0.512913,0.145067,-1.383865,-1.270693,1.314537,0.124155,-0.613294,-0.180871,0.994167,-0.695225,-1.053644,0.284534,0.676959
37.035043,-0.785591,-2.567778,2.092883,-1.102014,-1.469899,0.789984,0.664706,0.625110,0.332159,1.058066,-0.833147,-0.434265,0.471776,0.318729,-0.194390,0.512739,0.146051,-1.384548,-1.271765,1.314827,0.124834,-0.607104,-0.177990,0.988665,-0.690147,-1.054085,0.285281,0.677170
37.036007,-0.767932,-2.573408,2.091758,-1.097423,-1.472712,0.791404,0.662606,0.805383,0.387974,1.181748,-0.907208,-0.423347,0.477197,0.319025,-0.194978,0.512562,0.147014,-1.385242,-1.272829,1.315101,0.125501,-0.600321,-0.178684,0.982417,-0.693784,-1.059999,0.281089,0.673312
37.037092,-0.755676,-2.584495,2.087870,-1.096424,-1.468302,0.787919,0.661374,0.958662,0.416097,1.287926,-0.963596,-0.415600,0.481713,0.319432,-0.195601,0.512388,0.148002,-1.385944,-1.273872,1.315377,0.126180,-0.607885,-0.177336,0.983135,-0.696008,-1.057110,0.279475,0.677627
37.038133,-0.762585,-2.591978,2.083437,-1.094903,-1.465990,0.788659,0.663393,1.226044,0.374422,1.477006,-1.011719,-0.409434,0.490832,0.320686,-0.196832,0.512054,0.149983,-1.387330,-1.276014,1.315946,0.127522,-0.609052,-0.171892,0.989914,-0.697216,-1.065521,0.281994,0.676667
37.039004,-0.780075,-2.593472,2.092444,-1.087579,-1.469974,0.788097,0.662678,1.316511,0.306893,1.542343,-1.002422,-0.411543,0.493959,0.321343,-0.197407,0.511880,0.150961,-1.388041,-1.277067,1.316231,0.128203,-0.598820,-0.172303,0.984380,-0.700605,-1.060372,0.282159,0.677905
37.040034,-0.781989,-2.598296,2.093027,-1.086749,-1.468951,0.787616,0.664614,1.316511,0.306893,1.542343,-1.002422,-0.411543,0.493959,0.321343,-0.197407,0.511880,0.150961,-1.388041,-1.277067,1.316231,0.128203,-0.598820,-0.172303,0.984380,-0.700605,-1.060372,0.282159,0.677905
37.041009,-0.768884,-2.610992,2.082783,-1.083278,-1.465516,0.783166,0.664859,1.353809,0.219504,1.570866,-0.974278,-0.417263,0.494989,0.321927,-0.198006,0.511710,0.151938,-1.388735,-1.278141,1.316520,0.128877,-0.597245,-0.171647,0.985206,-0.700210,-1.061879,0.282445,0.674224
37.041985,-0.766054,-2.612127,2.076291,-1.078466,-1.464528,0.781115,0.663699,1.345041,0.116332,1.567671,-0.929945,-0.425918,0.494290,0.322491,-0.198614,0.511553,0.152942,-1.389444,-1.279202,1.316811,0.129547,-0.602701,-0.166985,0.990408,-0.701348,-1.065294,0.286652,0.673864
37.043068,-0.783359,-2.616522,2.085812,-1.072863,-1.469803,0.780098,0.665523,1.236747,-0.133810,1.498662,-0.798300,-0.449158,0.489411,0.323677,-0.199794,0.511212,0.154922,-1.390874,-1.281332,1.317392,0.130906,-0.594110,-0.167790,0.990576,-0.708427,-1.061957,0.289278,0.672944
37.044107,-0.784735,-2.621501,2.093493,-1.065879,-1.474358,0.785747,0.665513,1.236747,-0.133810,1.498662,-0.798300,-0.449158,0.489411,0.323677,-0.199794,0.511212,0.154922,-1.390874,-1.281332,1.317392,0.130906,-0.594110,-0.167790,0.990576,-0.708427,-1.061957,0.289278,0.672944
37.044953,-0.770264,-2.621731,2.077719,-1.059362,-1.476686,0.787666,0.663894,1.135295,-0.273094,1.431339,-0.713228,-0.463118,0.485048,0.324237,-0.200384,0.511049,0.155912,-1.391600,-1.282372,1.317667,0.131575,-0.592957,-0.167177,0.987734,-0.713599,-1.058261,0.283462,0.673286
37.046116,-0.769882,-2.631424,2.068199,-1.057880,-1.479942,0.786393,0.662756,1.012782,-0.419189,1.349911,-0.616267,-0.477955,0.480061,0.324782,-0.200994,0.510878,0.156911,-1.392313,-1.283428,1.317944,0.132261,-0.598254,-0.168158,0.994211,-0.715701,-1.054532,0.281180,0.676219
37.047095,-0.787273,-2.634281,2.067985,-1.053311,-1.481458,0.784206,0.662652,0.879290,-0.566852,1.261235,-0.511284,-0.492900,0.474845,0.325299,-0.201593,0.510720,0.157931,-1.393037,-1.284470,1.318226,0.132937,-0.598529,-0.165680,1.001155,-0.717284,-1.053502,0.282541,0.679107
37.048017,-0.806110,-2.637897,2.070493,-1.047373,-1.484604,0.785165,0.662849,0.724919,-0.713037,1.157820,-0.400807,-0.507914,0.468566,0.325712,-0.202157,0.510553,0.158925,-1.393766,-1.285523,1.318513,0.133631,-0.589129,-0.165904,1.001407,-0.719079,-1.052063,0.284476,0.679302
37.049041,-0.793031,-2.641549,2.068261,-1.046077,-1.484999,0.784190,0.660666,0.530478,-0.854499,1.025978,-0.286586,-0.523342,0.460114,0.325976,-0.202720,0.510388,0.159922,-1.394490,-1.286570,1.318795,0.134296,-0.578746,-0.165512,0.999597,-0.721506,-1.048418,0.283169,0.678871
37.050092,-0.784330,-2.648191,2.064889,-1.046860,-1.489088,0.779658,0.659749,0.298968,-0.986632,0.868031,-0.172018,-0.538821,0.449790,0.326123,-0.203310,0.510224,0.160936,-1.395216,-1.287607,1.319080,0.134985,-0.584814,-0.165508,1.001274,-0.720753,-1.048792,0.283984,0.683454
37.051002,-0.791020,-2.647694,2.057872,-1.044141,-1.485531,0.779727,0.661362,-0.163755,-1.204940,0.552541,0.036776,-0.565391,0.429480,0.326304,-0.204484,0.509896,0.162958,-1.396648,-1.289696,1.319666,0.136351,-0.583962,-0.165765,1.006529,-0.717796,-1.048658,0.287850,0.682107
37.052106,-0.801516,-2.648672,2.064541,-1.042939,-1.492085,0.784499,0.661001,-0.163755,-1.204940,0.552541,0.036776,-0.565391,0.429480,0.326304,-0.204484,0.509896,0.162958,-1.396648,-1.289696,1.319666,0.136351,-0.583962,-0.165765,1.006529,-0.717796,-1.048658,0.287850,0.682107
37.053044,-0.801809,-2.647365,2.066964,-1.037958,-1.493167,0.787140,0.657674,-0.384495,-1.279223,0.402008,0.121978,-0.575986,0.419896,0.326373,-0.205044,0.509723,0.163968,-1.397378,-1.290737,1.319943,0.137042,-0.578924,-0.167287,1.004710,-0.718071,-1.043572,0.283025,0.683256
37.053996,-0.784478,-2.650199,2.052621,-1.030800,-1.489329,0.785749,0.658819,-0.603522,-1.325355,0.252646,0.192111,-0.585251,0.410666,0.326483,-0.205621,0.509548,0.164961,-1.398095,-1.291784,1.320222,0.137752,-0.577798,-0.169312,1.003210,-0.719972,-1.042229,0.280131,0.689799
37.055052,-0.782286,-2.649273,2.047129,-1.030382,-1.484567,0.785810,0.660313,-0.988753,-1.354708,-0.007816,0.295915,-0.600746,0.396598,0.326798,-0.206802,0.509202,0.167005,-1.399545,-1.293902,1.320779,0.139114,-0.586039,-0.171637,1.013546,-0.722903,-1.051480,0.281146,0.684709
37.056097,-0.795790,-2.649819,2.050630,-1.031395,-1.485475,0.785183,0.660909,-0.988753,-1.354708,-0.007816,0.295915,-0.600746,0.396598,0.326798,-0.206802,0.509202,0.167005,-1.399545,-1.293902,1.320779,0.139114,-0.586039,-0.171637,1.013546,-0.722903,-1.051480,0.281146,0.684709
37.057105,-0.804654,-2.653631,2.061427,-1.032418,-1.485372,0.784765,0.659700,-1.149277,-1.339789,-0.115458,0.328624,-0.607176,0.391971,0.326898,-0.207370,0.509024,0.168016,-1.400263,-1.294938,1.321061,0.139784,-0.578965,-0.173083,1.012576,-0.720331,-1.051482,0.281648,0.683831
37.058038,-0.784466,-2.658004,2.066804,-1.028986,-1.485032,0.779690,0.661129,-1.303068,-1.300528,-0.218737,0.345017,-0.612775,0.388085,0.326969,-0.207930,0.508852,0.169021,-1.400981,-1.295998,1.321351,0.140477,-0.574179,-0.172825,1.007567,-0.717232,-1.051916,0.281834,0.686387
37.059059,-0.767945,-2.656733,2.058632,-1.033524,-1.479565,0.774814,0.664256,-1.527862,-1.176600,-0.366593,0.334688,-0.619361,0.385768,0.327170,-0.209133,0.508502,0.171036,-1.402401,-1.298120,1.321944,0.141832,-0.590514,-0.174323,1.009109,-0.711394,-1.057733,0.291191,0.677338
37.060065,-0.780067,-2.657700,2.067448,-1.030210,-1.476676,0.769040,0.663264,-1.527862,-1.176600,-0.366593,0.334688,-0.619361,0.385768,0.327170,-0.209133,0.508502,0.171036,-1.402401,-1.298120,1.321944,0.141832,-0.590514,-0.174323,1.009109,-0.711394,-1.057733,0.291191,0.677338
37.060960,-0.786745,-2.653804,2.078097,-1.029114,-1.478749,0.771932,0.664457,-1.566667,-1.093609,-0.388760,0.305141,-0.618652,0.388482,0.327328,-0.209704,0.508323,0.172024,-1.403122,-1.299192,1.322253,0.142509,-0.583784,-0.175398,1.005223,-0.712593,-1.060778,0.296626,0.679568
37.062064,-0.777150,-2.654249,2.080434,-1.031315,-1.482431,0.778033,0.664546,-1.576809,-0.994214,-0.391107,0.259213,-0.615419,0.392179,0.327525,-0.210283,0.508136,0.173012,-1.403823,-1.300251,1.322538,0.143184,-0.579147,-0.178434,0.999114,-0.710295,-1.057754,0.293272,0.676982
37.063085,-0.758991,-2.657158,2.073715,-1.033774,-1.482166,0.774726,0.667419,-1.567477,-0.878525,-0.379883,0.198180,-0.609768,0.396288,0.327743,-0.210872,0.507953,0.174022,-1.404528,-1.301294,1.322811,0.143859,-0.583913,-0.180082,0.999578,-0.707759,-1.055614,0.287155,0.677282
37.063993,-0.761053,-2.655908,2.070020,-1.035766,-1.481833,0.771110,0.667399,-1.463683,-0.606160,-0.298551,0.032166,-0.590152,0.406650,0.328035,-0.212073,0.507585,0.176033,-1.405904,-1.303420,1.323407,0.145182,-0.589611,-0.181978,1.004573,-0.699246,-1.055877,0.293477,0.671783
37.065019,-0.773497,-2.658159,2.077886,-1.034122,-1.484837,0.768080,0.668515,-1.463683,-0.606160,-0.298551,0.032166,-0.590152,0.406650,0.328035,-0.212073,0.507585,0.176033,-1.405904,-1.303420,1.323407,0.145182,-0.589611,-0.181978,1.004573,-0.699246,-1.055877,0.293477,0.671783
37.065971,-0.760171,-2.648151,2.083961,-1.032037,-1.487375,0.767832,0.668884,-1.389057,-0.455787,-0.243674,-0.069643,-0.577106,0.411358,0.328006,-0.212642,0.507399,0.177032,-1.406608,-1.304461,1.323715,0.145848,-0.582980,-0.182398,1.001328,-0.699484,-1.053574,0.296192,0.669792
37.066986,-0.746800,-2.655907,2.079458,-1.029638,-1.486310,0.761196,0.668204,-1.235264,-0.141038,-0.135446,-0.295906,-0.548075,0.418394,0.327641,-0.213845,0.507014,0.179025,-1.408000,-1.306566,1.324325,0.147179,-0.594387,-0.186147,1.001084,-0.700130,-1.052414,0.302393,0.670735
37.068118,-0.743702,-2.665031,2.084861,-1.035819,-1.484425,0.755358,0.667882,-1.235264,-0.141038,-0.135446,-0.295906,-0.548075,0.418394,0.327641,-0.213845,0.507014,0.179025,-1.408000,-1.306566,1.324325,0.147179,-0.594387,-0.186147,1.001084,-0.700130,-1.052414,0.302393,0.670735
37.068994,-0.749833,-2.668600,2.087111,-1.032460,-1.482594,0.756685,0.669399,-1.133965,0.006065,-0.066209,-0.410787,-0.532831,0.422091,0.327380,-0.214449,0.506836,0.180013,-1.408675,-1.307634,1.324647,0.147857,-0.595769,-0.183630,1.000511,-0.694711,-1.055899,0.307981,0.671886
37.069982,-0.747345,-2.670761,2.099010,-1.028716,-1.479376,0.757858,0.668958,-1.022473,0.130327,0.008939,-0.518546,-0.518295,0.425232,0.327100,-0.215035,0.506656,0.181009,-1.409367,-1.308679,1.324949,0.148513,-0.591114,-0.182944,0.998289,-0.694686,-1.056750,0.306077,0.668686
37.070998,-0.737872,-2.678294,2.097201,-1.028712,-1.477354,0.755052,0.666448,-0.796964,0.298284,0.158185,-0.699092,-0.494386,0.429112,0.326742,-0.216228,0.506289,0.182983,-1.410754,-1.310821,1.325564,0.149881,-0.595479,-0.181095,0.994432,-0.695252,-1.062315,0.307060,0.674912
37.072040,-0.720195,-2.689043,2.095398,-1.028613,-1.470788,0.749484,0.667934,-0.796964,0.298284,0.158185,-0.699092,-0.494386,0.429112,0.326742,-0.216228,0.506289,0.182983,-1.410754,-1.310821,1.325564,0.149881,-0.595479,-0.181095,0.994432,-0.695252,-1.062315,0.307060,0.674912
37.073074,-0.716926,-2.691797,2.098551,-1.024650,-1.471920,0.748882,0.667059,-0.671610,0.335844,0.240889,-0.766923,-0.485668,0.430836,0.326790,-0.216845,0.506119,0.183986,-1.411448,-1.311897,1.325885,0.150548,-0.603509,-0.177526,0.996221,-0.694367,-1.069465,0.312288,0.672165
37.074030,-0.720320,-2.696311,2.112345,-1.016429,-1.469660,0.750455,0.666844,-0.530362,0.338957,0.334180,-0.817442,-0.479352,0.432830,0.326962,-0.217453,0.505942,0.184970,-1.412154,-1.312975,1.326203,0.151231,-0.604275,-0.177884,0.995627,-0.696955,-1.068675,0.312477,0.674175
37.074945,-0.713067,-2.700284,2.121115,-1.012359,-1.465944,0.750539,0.665981,-0.378950,0.308747,0.433900,-0.848452,-0.475824,0.435144,0.327209,-0.218052,0.505764,0.185946,-1.412859,-1.314061,1.326507,0.151897,-0.601367,-0.177009,0.988802,-0.702663,-1.070466,0.310489,0.674651
37.076109,-0.698072,-2.714057,2.125244,-1.013001,-1.463994,0.748406,0.666744,-0.221922,0.247044,0.537208,-0.858149,-0.475172,0.438048,0.327501,-0.218656,0.505590,0.186927,-1.413564,-1.315134,1.326818,0.152579,-0.603552,-0.176325,0.984007,-0.703520,-1.073375,0.309921,0.676272
37.077007,-0.688026,-2.715791,2.122724,-1.011474,-1.456972,0.745608,0.667146,-0.052525,0.155566,0.649448,-0.847226,-0.476725,0.442149,0.327814,-0.219285,0.505425,0.187907,-1.414260,-1.316223,1.327135,0.153255,-0.610878,-0.171727,0.984670,-0.703656,-1.077063,0.311918,0.675335
37.077978,-0.697498,-2.720731,2.138428,-1.006964,-1.459172,0.747314,0.665346,0.134260,0.039656,0.774335,-0.819330,-0.479507,0.447651,0.328139,-0.219907,0.505256,0.188899,-1.414961,-1.317304,1.327451,0.153922,-0.614040,-0.172203,0.985152,-0.701845,-1.083027,0.314163,0.674423
37.079053,-0.698117,-2.727027,2.147620,-1.005285,-1.463609,0.751056,0.664080,0.516552,-0.224189,1.031411,-0.730473,-0.486440,0.460466,0.328903,-0.221106,0.504920,0.190827,-1.416383,-1.319456,1.328054,0.155302,-0.607438,-0.170098,0.974900,-0.704701,-1.076957,0.308092,0.680906
37.079978,-0.673342,-2.732868,2.141045,-0.997536,-1.465227,0.751162,0.665443,0.516552,-0.224189,1.031411,-0.730473,-0.486440,0.460466,0.328903,-0.221106,0.504920,0.190827,-1.416383,-1.319456,1.328054,0.155302,-0.607438,-0.170098,0.974900,-0.704701,-1.076957,0.308092,0.680906
37.081085,-0.661553,-2.737601,2.139980,-0.994851,-1.471777,0.751245,0.664116,0.695809,-0.366681,1.153187,-0.669736,-0.490410,0.467151,0.329360,-0.221743,0.504758,0.191818,-1.417106,-1.320520,1.328361,0.155972,-0.618118,-0.168647,0.977827,-0.709016,-1.074732,0.307560,0.678080
37.082015,-0.661967,-2.743173,2.140271,-0.987748,-1.475292,0.756935,0.664399,0.877966,-0.517984,1.278697,-0.597162,-0.494365,0.474736,0.329836,-0.222377,0.504589,0.192796,-1.417814,-1.321583,1.328676,0.156666,-0.623316,-0.168361,0.980337,-0.711324,-1.069525,0.307246,0.681173
37.082955,-0.677937,-2.746928,2.146594,-0.982048,-1.477940,0.762552,0.663836,1.221647,-0.839224,1.519791,-0.418446,-0.502943,0.491377,0.330635,-0.223588,0.504264,0.194755,-1.419268,-1.323695,1.329248,0.158041,-0.612201,-0.166719,0.976648,-0.717342,-1.062532,0.295247,0.681545
37.083975,-0.671940,-2.750707,2.147515,-0.976649,-1.483649,0.762537,0.664097,1.342887,-1.001791,1.606905,-0.314347,-0.508671,0.498552,0.330862,-0.224211,0.504097,0.195723,-1.420004,-1.324753,1.329543,0.158718,-0.614259,-0.166593,0.977260,-0.720429,-1.057277,0.295075,0.681210
37.085082,-0.662172,-2.758777,2.144005,-0.977773,-1.483533,0.762162,0.664505,1.428454,-1.159186,1.670378,-0.205245,-0.515192,0.504889,0.330962,-0.224833,0.503938,0.196712,-1.420718,-1.325804,1.329839,0.159386,-0.618669,-0.164730,0.980889,-0.718756,-1.058947,0.295332,0.680879
37.086030,-0.668516,-2.764158,2.138098,-0.973964,-1.479192,0.763713,0.664990,1.483941,-1.307086,1.713862,-0.095885,-0.522081,0.510401,0.330939,-0.225440,0.503778,0.197691,-1.421432,-1.326873,1.330126,0.160066,-0.614091,-0.163632,0.983849,-0.719723,-1.062909,0.293457,0.679887
37.087008,-0.686081,-2.768281,2.146236,-0.968923,-1.483671,0.766467,0.666441,1.496837,-1.443096,1.728229,0.011931,-0.529650,0.514122,0.330817,-0.226030,0.503616,0.198666,-1.422163,-1.327911,1.330406,0.160731,-0.604327,-0.163251,0.980138,-0.721924,-1.058565,0.290475,0.677095
37.087964,-0.686480,-2.767317,2.149313,-0.968408,-1.487466,0.766967,0.667323,1.459669,-1.562024,1.708133,0.115433,-0.538015,0.515563,0.330659,-0.226628,0.503446,0.199651,-1.422886,-1.328962,1.330692,0.161407,-0.603045,-0.165260,0.978662,-0.719422,-1.054629,0.289707,0.675360
37.089008,-0.673726,-2.777095,2.138694,-0.968339,-1.490810,0.767313,0.665632,1.459669,-1.562024,1.708133,0.115433,-0.538015,0.515563,0.330659,-0.226628,0.503446,0.199651,-1.422886,-1.328962,1.330692,0.161407,-0.603045,-0.165260,0.978662,-0.719422,-1.054629,0.289707,0.675360
37.089980,-0.672908,-2.776263,2.125609,-0.964048,-1.487872,0.770241,0.667347,1.386129,-1.657948,1.663182,0.209462,-0.546544,0.515366,0.330540,-0.227253,0.503288,0.200641,-1.423598,-1.330024,1.330982,0.162095,-0.608560,-0.162276,0.985110,-0.718095,-1.051993,0.289183,0.679021
37.091031,-0.692359,-2.779710,2.124430,-0.960327,-1.486455,0.771108,0.667471,1.160647,-1.783181,1.518694,0.364160,-0.563745,0.511092,0.330424,-0.228432,0.502952,0.202629,-1.425053,-1.332150,1.331547,0.163440,-0.597663,-0.164450,0.993400,-0.721627,-1.057054,0.285017,0.675694
37.092120,-0.707424,-2.780000,2.137050,-0.960346,-1.489346,0.775799,0.669509,1.160647,-1.783181,1.518694,0.364160,-0.563745,0.511092,0.330424,-0.228432,0.502952,0.202629,-1.425053,-1.332150,1.331547,0.163440,-0.597663,-0.164450,0.993400,-0.721627,-1.057054,0.285017,0.675694
37.093019,-0.695341,-2.779084,2.132697,-0.958742,-1.481730,0.775500,0.670474,0.985400,-1.812102,1.401597,0.425579,-0.573347,0.505668,0.330316,-0.229011,0.502779,0.203614,-1.425778,-1.333210,1.331816,0.164099,-0.590054,-0.166271,0.988720,-0.720567,-1.055337,0.280307,0.672053
37.093993,-0.688208,-2.786094,2.123899,-0.962591,-1.479545,0.773773,0.670301,0.775806,-1.814778,1.259666,0.473018,-0.583017,0.498557,0.330097,-0.229611,0.502609,0.204616,-1.426487,-1.334271,1.332095,0.164777,-0.594673,-0.168014,0.990069,-0.718654,-1.062161,0.280320,0.669988
37.095006,-0.702765,-2.780568,2.126228,-0.962560,-1.475333,0.770899,0.671372,0.347389,-1.733037,0.966925,0.508258,-0.597655,0.483685,0.329464,-0.230788,0.502266,0.206608,-1.427889,-1.336411,1.332671,0.166102,-0.589215,-0.170541,0.994014,-0.711050,-1.068680,0.284463,0.668562
37.095982,-0.716127,-2.780171,2.128070,-0.960430,-1.477211,0.770068,0.670140,0.347389,-1.733037,0.966925,0.508258,-0.597655,0.483685,0.329464,-0.230788,0.502266,0.206608,-1.427889,-1.336411,1.332671,0.166102,-0.589215,-0.170541,0.994014,-0.711050,-1.068680,0.284463,0.668562
37.097055,-0.716348,-2.782971,2.131623,-0.964162,-1.479504,0.768550,0.669991,0.123337,-1.644780,0.811593,0.492430,-0.602046,0.474915,0.329160,-0.231351,0.502089,0.207607,-1.428606,-1.337483,1.332957,0.166774,-0.581921,-0.172194,0.993203,-0.710670,-1.066599,0.285014,0.671167
37.098066,-0.709458,-2.789915,2.123106,-0.966331,-1.476494,0.767896,0.670684,-0.116939,-1.527901,0.643606,0.456667,-0.604673,0.464354,0.328880,-0.231933,0.501915,0.208596,-1.429299,-1.338555,1.333246,0.167448,-0.581650,-0.172660,0.992875,-0.706391,-1.065227,0.286413,0.671805
37.099009,-0.716664,-2.788322,2.110244,-0.966301,-1.474744,0.771861,0.671333,-0.599609,-1.246696,0.304396,0.339067,-0.603839,0.439391,0.328365,-0.233086,0.501569,0.210614,-1.430684,-1.340700,1.333807,0.168781,-0.579908,-0.173072,1.003630,-0.700393,-1.069741,0.282598,0.669341
37.100077,-0.730492,-2.784605,2.114825,-0.970647,-1.475350,0.772126,0.668812,-0.599609,-1.246696,0.304396,0.339067,-0.603839,0.439391,0.328365,-0.233086,0.501569,0.210614,-1.430684,-1.340700,1.333807,0.168781,-0.579908,-0.173072,1.003630,-0.700393,-1.069741,0.282598,0.669341
37.101082,-0.729525,-2.790937,2.123400,-0.972006,-1.477736,0.772100,0.669784,-0.846428,-1.086452,0.129636,0.259469,-0.600601,0.424790,0.328110,-0.233644,0.501387,0.211620,-1.431372,-1.341772,1.334088,0.169458,-0.572993,-0.176715,1.002439,-0.695580,-1.069982,0.282286,0.674789
37.101943,-0.714473,-2.794316,2.121579,-0.973987,-1.473609,0.768842,0.669289,-1.099154,-0.909854,-0.050428,0.165102,-0.595496,0.409085,0.327830,-0.234209,0.501214,0.212619,-1.432061,-1.342826,1.334372,0.170135,-0.573088,-0.175132,0.998592,-0.692816,-1.067925,0.282114,0.672928
37.103147,-0.708356,-2.797777,2.120584,-0.977620,-1.476550,0.767935,0.669687,-1.518572,-0.550396,-0.350404,-0.053018,-0.578803,0.381042,0.327109,-0.235380,0.500865,0.214624,-1.433415,-1.344971,1.334950,0.171483,-0.582641,-0.175182,1.001604,-0.685733,-1.070050,0.285909,0.673635
37.103984,-0.711739,-2.800507,2.115567,-0.974602,-1.475613,0.766157,0.666750,-1.518572,-0.550396,-0.350404,-0.053018,-0.578803,0.381042,0.327109,-0.235380,0.500865,0.214624,-1.433415,-1.344971,1.334950,0.171483,-0.582641,-0.175182,1.001604,-0.685733,-1.070050,0.285909,0.673635
37.104984,-0.724020,-2.809659,2.131304,-0.975669,-1.475678,0.769899,0.663914,-1.661420,-0.381601,-0.453148,-0.169647,-0.567846,0.370099,0.326712,-0.235950,0.500690,0.215617,-1.434101,-1.346044,1.335242,0.172178,-0.579298,-0.174808,1.002545,-0.684886,-1.069323,0.287189,0.679169
37.105986,-0.705918,-2.815434,2.130507,-0.978094,-1.473401,0.770270,0.665944,-1.775671,-0.230206,-0.535549,-0.282817,-0.556791,0.360249,0.326354,-0.236516,0.500523,0.216604,-1.434770,-1.347128,1.335515,0.172879,-0.572631,-0.171898,0.995158,-0.682791,-1.069279,0.283252,0.684895
37.107107,-0.685860,-2.829531,2.127018,-0.977007,-1.472586,0.773952,0.664360,-1.898021,-0.011200,-0.622175,-0.479556,-0.536378,0.345232,0.325752,-0.237719,0.500196,0.218610,-1.436116,-1.349276,1.336075,0.174236,-0.590795,-0.165875,0.999648,-0.681103,-1.073916,0.279012,0.684603
37.108116,-0.688915,-2.838834,2.126996,-0.981616,-1.467439,0.775000,0.662252,-1.898021,-0.011200,-0.622175,-0.479556,-0.536378,0.345232,0.325752,-0.237719,0.500196,0.218610,-1.436116,-1.349276,1.336075,0.174236,-0.590795,-0.165875,0.999648,-0.681103,-1.073916,0.279012,0.684603
37.109036,-0.696636,-2.845532,2.139432,-0.975689,-1.461861,0.777902,0.661976,-1.824851,0.059142,-0.565165,-0.614650,-0.520226,0.340530,0.325457,-0.238878,0.499881,0.220588,-1.437469,-1.351449,1.336619,0.175636,-0.583492,-0.161250,0.993528,-0.678963,-1.083849,0.274690,0.689243
37.110013,-0.676751,-2.848351,2.147600,-0.972781,-1.464643,0.776838,0.663133,-1.824851,0.059142,-0.565165,-0.614650,-0.520226,0.340530,0.325457,-0.238878,0.499881,0.220588,-1.437469,-1.351449,1.336619,0.175636,-0.583492,-0.161250,0.993528,-0.678963,-1.083849,0.274690,0.689243
37.111029,-0.658149,-2.859225,2.145422,-0.972601,-1.458934,0.777155,0.663563,-1.607028,-0.004694,-0.402007,-0.679235,-0.511305,0.345986,0.325523,-0.240104,0.499566,0.222574,-1.438824,-1.353624,1.337169,0.176991,-0.600690,-0.157986,0.991481,-0.679431,-1.086638,0.275142,0.686318
37.112123,-0.657091,-2.870466,2.148355,-0.974429,-1.459160,0.777944,0.664712,-1.607028,-0.004694,-0.402007,-0.679235,-0.511305,0.345986,0.325523,-0.240104,0.499566,0.222574,-1.438824,-1.353624,1.337169,0.176991,-0.600690,-0.157986,0.991481,-0.679431,-1.086638,0.275142,0.686318
37.113026,-0.663206,-2.873792,2.154632,-0.969685,-1.460978,0.777837,0.663103,-1.426950,-0.078259,-0.269034,-0.687459,-0.508853,0.354003,0.325587,-0.240711,0.499419,0.223553,-1.439493,-1.354720,1.337444,0.177674,-0.600735,-0.154649,0.991816,-0.678003,-1.087265,0.274338,0.684396
37.114006,-0.663158,-2.873966,2.160829,-0.967673,-1.460454,0.779233,0.664385,-1.222647,-0.174882,-0.118995,-0.679962,-0.508122,0.364001,0.325707,-0.241304,0.499268,0.224537,-1.440181,-1.355790,1.337716,0.178362,-0.596193,-0.154542,0.988016,-0.679836,-1.084490,0.274165,0.687486
37.114977,-0.648173,-2.880998,2.165883,-0.962334,-1.459816,0.777944,0.663061,-0.815749,-0.395689,0.177579,-0.629316,-0.511831,0.385576,0.326119,-0.242513,0.498959,0.226495,-1.441550,-1.357975,1.338261,0.179735,-0.601583,-0.154426,0.983105,-0.683680,-1.084986,0.273721,0.687634
37.116100,-0.634436,-2.887963,2.164672,-0.960611,-1.465026,0.777394,0.663897,-0.815749,-0.395689,0.177579,-0.629316,-0.511831,0.385576,0.326119,-0.242513,0.498959,0.226495,-1.441550,-1.357975,1.338261,0.179735,-0.601583,-0.154426,0.983105,-0.683680,-1.084986,0.273721,0.687634
37.117072,-0.632826,-2.887064,2.167282,-0.956919,-1.464364,0.778540,0.663969,-0.605065,-0.513140,0.329898,-0.588919,-0.515305,0.397486,0.326411,-0.243133,0.498810,0.227488,-1.442244,-1.359041,1.338534,0.180414,-0.608082,-0.153318,0.985763,-0.685626,-1.081246,0.274305,0.686412
37.118012,-0.638826,-2.896973,2.178167,-0.949001,-1.465731,0.782864,0.661646,-0.385342,-0.634565,0.487614,-0.539093,-0.519351,0.410164,0.326773,-0.243745,0.498652,0.228459,-1.442929,-1.360125,1.338804,0.181104,-0.607576,-0.155497,0.984815,-0.687480,-1.081641,0.272969,0.686287
37.119020,-0.632240,-2.900203,2.176476,-0.947461,-1.470959,0.786281,0.663308,-0.169989,-0.756758,0.640853,-0.480546,-0.523949,0.422754,0.327181,-0.244344,0.498508,0.229430,-1.443637,-1.361185,1.339059,0.181796,-0.603266,-0.152238,0.979341,-0.692578,-1.079846,0.268490,0.690897
37.120050,-0.615820,-2.910848,2.173849,-0.945923,-1.475395,0.785290,0.665070,0.029597,-0.883089,0.781819,-0.411073,-0.529279,0.434581,0.327580,-0.244953,0.498354,0.230420,-1.444337,-1.362256,1.339318,0.182481,-0.605658,-0.152545,0.980860,-0.692419,-1.074799,0.265035,0.687629
37.120960,-0.615739,-2.915015,2.174024,-0.943280,-1.475624,0.786513,0.665074,0.214519,-1.013397,0.911456,-0.332159,-0.534962,0.445630,0.327911,-0.245587,0.498210,0.231401,-1.445029,-1.363325,1.339588,0.183166,-0.612789,-0.149257,0.983179,-0.692835,-1.070853,0.265991,0.684297
37.122008,-0.623732,-2.917202,2.187536,-0.937250,-1.477565,0.787484,0.665706,0.389216,-1.145053,1.032755,-0.247286,-0.540417,0.455998,0.328150,-0.246194,0.498062,0.232384,-1.445722,-1.364384,1.339848,0.183843,-0.611182,-0.148797,0.982544,-0.692516,-1.069922,0.264548,0.684207
37.122980,-0.625565,-2.924765,2.190604,-0.934492,-1.481356,0.787819,0.664970,0.547295,-1.274165,1.141005,-0.158876,-0.545489,0.465299,0.328294,-0.246794,0.497908,0.233342,-1.446433,-1.365454,1.340109,0.184527,-0.606553,-0.149747,0.977242,-0.697274,-1.068640,0.263581,0.683186
37.123951,-0.612740,-2.925337,2.190058,-0.931867,-1.485538,0.787202,0.667117,0.678923,-1.398266,1.229449,-0.067660,-0.550347,0.473039,0.328342,-0.247398,0.497763,0.234319,-1.447126,-1.366517,1.340368,0.185209,-0.604523,-0.147792,0.976082,-0.697970,-1.064728,0.263148,0.684728
37.125066,-0.603052,-2.929782,2.190580,-0.933708,-1.484368,0.786430,0.665576,0.785386,-1.515444,1.299433,0.024501,-0.554904,0.479285,0.328291,-0.248017,0.497611,0.235300,-1.447830,-1.367559,1.340634,0.185881,-0.609695,-0.149308,0.976623,-0.698287,-1.060649,0.263632,0.680458
37.126038,-0.608764,-2.931836,2.188748,-0.935978,-1.488556,0.789315,0.665968,0.878848,-1.617774,1.359674,0.111269,-0.558532,0.484727,0.328148,-0.248644,0.497461,0.236279,-1.448519,-1.368628,1.340902,0.186575,-0.614014,-0.149388,0.978449,-0.696656,-1.063282,0.264467,0.684021
37.127012,-0.620934,-2.927599,2.187582,-0.934487,-1.488926,0.792906,0.665908,0.961759,-1.695604,1.411565,0.185804,-0.560883,0.489493,0.327962,-0.249249,0.497310,0.237264,-1.449208,-1.369669,1.341157,0.187254,-0.609929,-0.150154,0.979598,-0.692450,-1.059150,0.261464,0.683249
37.128020,-0.614102,-2.927399,2.190680,-0.931799,-1.492749,0.794035,0.664042,1.015643,-1.738820,1.441394,0.243049,-0.562384,0.492620,0.327784,-0.249833,0.497147,0.238237,-1.449907,-1.370731,1.341408,0.187939,-0.602937,-0.153948,0.980572,-0.691834,-1.058763,0.257820,0.683415
37.129086,-0.604962,-2.928326,2.190564,-0.928760,-1.487758,0.791747,0.664076,1.028769,-1.742011,1.440756,0.281044,-0.563611,0.493758,0.327635,-0.250447,0.496985,0.239219,-1.450608,-1.371793,1.341662,0.188631,-0.605417,-0.155817,0.979711,-0.692868,-1.055201,0.256694,0.687286
37.130001,-0.603268,-2.927364,2.189999,-0.925051,-1.483619,0.790366,0.663203,1.015560,-1.711574,1.420686,0.302225,-0.564770,0.494025,0.327502,-0.251060,0.496827,0.240208,-1.451304,-1.372857,1.341925,0.189331,-0.609359,-0.157397,0.981144,-0.695241,-1.061204,0.259033,0.687426
37.131050,-0.611087,-2.926161,2.197300,-0.923053,-1.484274,0.791983,0.661872,0.960412,-1.584484,1.360953,0.307425,-0.567122,0.494919,0.327216,-0.252262,0.496494,0.242164,-1.452692,-1.374988,1.342440,0.190706,-0.604134,-0.161755,0.978612,-0.697145,-1.064607,0.258604,0.691960
37.132036,-0.613600,-2.932775,2.204408,-0.927865,-1.480150,0.792415,0.660739,0.960412,-1.584484,1.360953,0.307425,-0.567122,0.494919,0.327216,-0.252262,0.496494,0.242164,-1.452692,-1.374988,1.342440,0.190706,-0.604134,-0.161755,0.978612,-0.697145,-1.064607,0.258604,0.691960
37.133011,-0.603981,-2.934586,2.202731,-0.928508,-1.477700,0.789839,0.661601,0.915489,-1.495419,1.320124,0.294323,-0.568225,0.495178,0.327097,-0.252856,0.496336,0.243143,-1.453372,-1.376083,1.342699,0.191402,-0.601977,-0.160154,0.975533,-0.690752,-1.068514,0.258105,0.694246
37.134031,-0.591267,-2.933386,2.192798,-0.931703,-1.475512,0.786341,0.661125,0.863940,-1.393570,1.276332,0.270109,-0.568516,0.495307,0.326989,-0.253472,0.496171,0.244130,-1.454051,-1.377152,1.342967,0.192103,-0.605594,-0.160898,0.976653,-0.688520,-1.070827,0.260563,0.692460
37.134976,-0.610205,-2.936509,2.192561,-0.930102,-1.479712,0.786070,0.659871,0.816103,-1.278446,1.237118,0.232276,-0.567106,0.495694,0.326887,-0.254085,0.496004,0.245118,-1.454732,-1.378237,1.343233,0.192794,-0.611021,-0.163285,0.982455,-0.684296,-1.073220,0.263998,0.693582
37.135979,-0.627201,-2.935559,2.192263,-0.931504,-1.481833,0.785440,0.655207,0.764484,-1.148887,1.196798,0.180612,-0.563895,0.495750,0.326793,-0.254664,0.495843,0.246091,-1.455407,-1.379292,1.343499,0.193500,-0.600390,-0.163256,0.982546,-0.683926,-1.068639,0.264048,0.695974
37.137033,-0.622934,-2.934836,2.191142,-0.934947,-1.483209,0.786907,0.656799,0.680418,-1.008518,1.134760,0.119657,-0.559816,0.493713,0.326694,-0.255244,0.495669,0.247079,-1.456087,-1.380362,1.343764,0.194215,-0.591249,-0.165378,0.983278,-0.681273,-1.066711,0.264598,0.705368
37.137971,-0.604824,-2.934565,2.184757,-0.937847,-1.483406,0.785516,0.655972,0.551048,-0.857323,1.041765,0.050616,-0.555158,0.488844,0.326524,-0.255836,0.495497,0.248071,-1.456762,-1.381419,1.344022,0.194914,-0.593023,-0.167574,0.985021,-0.677466,-1.066211,0.263134,0.702271
37.138960,-0.614339,-2.932609,2.182196,-0.940845,-1.480989,0.782865,0.654845,0.249890,-0.512630,0.829053,-0.126001,-0.540493,0.476219,0.325811,-0.257027,0.495152,0.250047,-1.458083,-1.383547,1.344559,0.196329,-0.595078,-0.171677,0.989664,-0.668831,-1.068070,0.266878,0.706069
37.140144,-0.640885,-2.933782,2.196638,-0.945510,-1.479311,0.785473,0.655875,0.249890,-0.512630,0.829053,-0.126001,-0.540493,0.476219,0.325811,-0.257027,0.495152,0.250047,-1.458083,-1.383547,1.344559,0.196329,-0.595078,-0.171677,0.989664,-0.668831,-1.068070,0.266878,0.706069
37.141028,-0.642299,-2.928381,2.193731,-0.940208,-1.480339,0.785233,0.656121,0.091459,-0.318463,0.718125,-0.235573,-0.530301,0.469139,0.325311,-0.257589,0.494973,0.251019,-1.458749,-1.384627,1.344820,0.197040,-0.582442,-0.173310,0.985398,-0.665979,-1.071788,0.264421,0.704499
37.142061,-0.637327,-2.933590,2.185160,-0.940097,-1.483203,0.781894,0.656745,-0.292216,0.087342,0.450710,-0.473904,-0.509175,0.450614,0.324125,-0.258747,0.494610,0.253017,-1.460082,-1.386774,1.345358,0.198440,-0.582524,-0.176116,0.991013,-0.668228,-1.067145,0.267694,0.702630
37.143006,-0.642826,-2.937942,2.177027,-0.937274,-1.479744,0.781326,0.656772,-0.504548,0.272553,0.303993,-0.586732,-0.500348,0.439737,0.323472,-0.259322,0.494436,0.254011,-1.460742,-1.387843,1.345630,0.199145,-0.578760,-0.175340,0.994857,-0.669456,-1.070211,0.268020,0.702458
37.144111,-0.659959,-2.947564,2.175897,-0.941764,-1.477658,0.785888,0.657611,-0.504548,0.272553,0.303993,-0.586732,-0.500348,0.439737,0.323472,-0.259322,0.494436,0.254011,-1.460742,-1.387843,1.345630,0.199145,-0.578760,-0.175340,0.994857,-0.669456,-1.070211,0.268020,0.702458
37.144999,-0.668253,-2.951095,2.184062,-0.937803,-1.474086,0.787385,0.658969,-0.733436,0.429579,0.146433,-0.685829,-0.494171,0.427298,0.322799,-0.259878,0.494270,0.255013,-1.461399,-1.388916,1.345882,0.199838,-0.570434,-0.172608,0.997085,-0.665745,-1.073549,0.263547,0.701149
37.145966,-0.655045,-2.962101,2.186949,-0.933831,-1.465565,0.783476,0.658428,-0.982694,0.553459,-0.024883,-0.767978,-0.491241,0.413147,0.322130,-0.260427,0.494098,0.256003,-1.462072,-1.390004,1.346142,0.200530,-0.565319,-0.172085,0.992060,-0.666954,-1.075862,0.261843,0.698183
37.146966,-0.644116,-2.972784,2.185603,-0.935591,-1.461462,0.780430,0.658776,-1.231320,0.637021,-0.194542,-0.830170,-0.491397,0.398801,0.321522,-0.261014,0.493934,0.256985,-1.462739,-1.391113,1.346410,0.201233,-0.571075,-0.168162,0.990860,-0.669484,-1.083832,0.265649,0.699250
37.148033,-0.647969,-2.977241,2.192270,-0.933198,-1.454824,0.774722,0.660897,-1.445480,0.671586,-0.337969,-0.869999,-0.493983,0.386333,0.321054,-0.261591,0.493778,0.257979,-1.463400,-1.392200,1.346688,0.201928,-0.575890,-0.164643,0.992016,-0.666829,-1.087859,0.268511,0.698604
37.149014,-0.658824,-2.976016,2.201500,-0.931893,-1.452637,0.776084,0.661694,-1.735640,0.612645,-0.523880,-0.892754,-0.503907,0.368535,0.320632,-0.262720,0.493443,0.259939,-1.464740,-1.394394,1.347245,0.203305,-0.567762,-0.166643,0.985897,-0.669187,-1.096925,0.272535,0.693094
37.149990,-0.652615,-2.981878,2.212138,-0.927799,-1.449167,0.780635,0.661457,-1.735640,0.612645,-0.523880,-0.892754,-0.503907,0.368535,0.320632,-0.262720,0.493443,0.259939,-1.464740,-1.394394,1.347245,0.203305,-0.567762,-0.166643,0.985897,-0.669187,-1.096925,0.272535,0.693094
37.151035,-0.631920,-2.991497,2.208144,-0.926246,-1.453462,0.781535,0.662561,-1.828763,0.546718,-0.580236,-0.885130,-0.510233,0.362182,0.320629,-0.263289,0.493281,0.260920,-1.465421,-1.395498,1.347501,0.204003,-0.570268,-0.165343,0.980893,-0.671621,-1.099938,0.267873,0.693577
37.151966,-0.627852,-2.993277,2.201223,-0.922966,-1.455866,0.780403,0.662358,-1.875632,0.353652,-0.594214,-0.834033,-0.522944,0.356711,0.320894,-0.264463,0.492964,0.262897,-1.466769,-1.397701,1.348039,0.205379,-0.580973,-0.163159,0.987193,-0.673788,-1.092561,0.267888,0.691904
37.152965,-0.633429,-2.999903,2.213417,-0.917951,-1.458136,0.781053,0.662593,-1.837787,0.229182,-0.558714,-0.789813,-0.529133,0.357037,0.321089,-0.265036,0.492806,0.263861,-1.467458,-1.398784,1.348306,0.206068,-0.577553,-0.161634,0.981833,-0.677309,-1.090311,0.267111,0.691519
37.154061,-0.629943,-2.999823,2.226384,-0.917957,-1.463469,0.781143,0.660673,-1.775409,0.093240,-0.507024,-0.734698,-0.535151,0.358714,0.321309,-0.265621,0.492640,0.264833,-1.468134,-1.399866,1.348570,0.206762,-0.579213,-0.163768,0.977276,-0.677524,-1.086007,0.267084,0.695755
37.155069,-0.614925,-3.003485,2.229488,-0.913705,-1.465869,0.778081,0.661811,-1.775409,0.093240,-0.507024,-0.734698,-0.535151,0.358714,0.321309,-0.265621,0.492640,0.264833,-1.468134,-1.399866,1.348570,0.206762,-0.579213,-0.163768,0.977276,-0.677524,-1.086007,0.267084,0.695755
37.155962,-0.600939,-3.007371,2.225687,-0.909899,-1.465344,0.775770,0.663378,-1.683276,-0.046362,-0.435406,-0.673114,-0.540297,0.362322,0.321552,-0.266216,0.492479,0.265817,-1.468826,-1.400935,1.348847,0.207457,-0.585980,-0.163715,0.976453,-0.680348,-1.083861,0.270019,0.693508
37.157067,-0.598332,-3.013557,2.226701,-0.906748,-1.466816,0.777319,0.662551,-1.554339,-0.185503,-0.338765,-0.608249,-0.544109,0.368274,0.321787,-0.266822,0.492318,0.266790,-1.469506,-1.402015,1.349123,0.208146,-0.591305,-0.163135,0.977774,-0.681240,-1.083295,0.272000,0.690155
37.158092,-0.604466,-3.015849,2.239594,-0.899428,-1.471116,0.783700,0.662497,-1.394801,-0.324896,-0.221538,-0.539868,-0.546898,0.376007,0.321984,-0.267421,0.492162,0.267771,-1.470199,-1.403080,1.349384,0.208841,-0.592332,-0.162249,0.979191,-0.684414,-1.083155,0.270500,0.692232
37.159162,-0.590475,-3.020130,2.244700,-0.897564,-1.471425,0.787160,0.662784,-1.221498,-0.466173,-0.095633,-0.465606,-0.549467,0.384515,0.322148,-0.268000,0.492001,0.268728,-1.470908,-1.404149,1.349636,0.209537,-0.588708,-0.162972,0.973893,-0.690141,-1.079234,0.264093,0.692459
37.160088,-0.569213,-3.025612,2.243176,-0.892260,-1.473783,0.787551,0.661835,-1.041646,-0.609415,0.034263,-0.384500,-0.552236,0.393618,0.322270,-0.268612,0.491838,0.269703,-1.471597,-1.405229,1.349887,0.210221,-0.595201,-0.162833,0.972954,-0.691504,-1.079768,0.260758,0.692194
37.161044,-0.558261,-3.031713,2.240745,-0.891185,-1.477641,0.784628,0.660559,-0.619777,-0.896064,0.337573,-0.212490,-0.556906,0.416658,0.322420,-0.269848,0.491525,0.271656,-1.472989,-1.407358,1.350414,0.211624,-0.608284,-0.160235,0.974844,-0.692729,-1.072609,0.263000,0.696428
37.162164,-0.568052,-3.041020,2.252618,-0.888180,-1.481482,0.783876,0.659144,-0.619777,-0.896064,0.337573,-0.212490,-0.556906,0.416658,0.322420,-0.269848,0.491525,0.271656,-1.472989,-1.407358,1.350414,0.211624,-0.608284,-0.160235,0.974844,-0.692729,-1.072609,0.263000,0.696428
37.163018,-0.568103,-3.043669,2.265409,-0.883622,-1.481179,0.787137,0.659582,-0.150675,-1.183173,0.672653,-0.033810,-0.561435,0.443606,0.322673,-0.271043,0.491216,0.273576,-1.474396,-1.409496,1.350935,0.213023,-0.601384,-0.157853,0.963862,-0.696217,-1.069122,0.260254,0.698375
37.164033,-0.545543,-3.046990,2.265123,-0.882837,-1.481315,0.786839,0.658026,-0.150675,-1.183173,0.672653,-0.033810,-0.561435,0.443606,0.322673,-0.271043,0.491216,0.273576,-1.474396,-1.409496,1.350935,0.213023,-0.601384,-0.157853,0.963862,-0.696217,-1.069122,0.260254,0.698375
37.165022,-0.532413,-3.050973,2.267743,-0.883612,-1.480777,0.788315,0.657661,0.076860,-1.323185,0.834930,0.056198,-0.564275,0.457254,0.322819,-0.271679,0.491056,0.274535,-1.475084,-1.410568,1.351197,0.213737,-0.611532,-0.158034,0.965162,-0.695753,-1.069282,0.260534,0.701570
37.166006,-0.541171,-3.051141,2.270883,-0.881860,-1.476904,0.789022,0.656357,0.315475,-1.449831,1.005012,0.138165,-0.566500,0.472080,0.322966,-0.272300,0.490901,0.275505,-1.475775,-1.411630,1.351453,0.214436,-0.616828,-0.157832,0.964466,-0.693231,-1.069924,0.258984,0.702302
37.167081,-0.551462,-3.044754,2.282401,-0.879649,-1.480409,0.789835,0.654119,0.560401,-1.554715,1.178947,0.206914,-0.567827,0.487745,0.323138,-0.272903,0.490736,0.276460,-1.476463,-1.412707,1.351709,0.215145,-0.611287,-0.159431,0.963622,-0.693287,-1.073723,0.258218,0.704894
37.168007,-0.536212,-3.042702,2.285690,-0.876973,-1.482942,0.789945,0.656044,0.784367,-1.628363,1.336544,0.259833,-0.568665,0.502674,0.323336,-0.273501,0.490563,0.277412,-1.477161,-1.413763,1.351963,0.215855,-0.605724,-0.164552,0.959737,-0.694914,-1.071240,0.257491,0.709614
37.169022,-0.522764,-3.037321,2.281350,-0.878282,-1.481534,0.788540,0.656639,0.975735,-1.663452,1.469326,0.294728,-0.569074,0.516336,0.323520,-0.274126,0.490391,0.278373,-1.477863,-1.414830,1.352217,0.216555,-0.611791,-0.166913,0.958056,-0.694651,-1.068067,0.257242,0.705520
37.170041,-0.523367,-3.037020,2.285857,-0.878959,-1.481383,0.790066,0.657111,1.147905,-1.656891,1.587090,0.308496,-0.568388,0.529533,0.323649,-0.274757,0.490209,0.279327,-1.478545,-1.415916,1.352476,0.217265,-0.617329,-0.171197,0.961418,-0.692231,-1.069674,0.258632,0.704414
37.170987,-0.538711,-3.038190,2.284923,-0.879965,-1.479943,0.791332,0.655961,1.307908,-1.607426,1.694780,0.298775,-0.566033,0.542476,0.323730,-0.275365,0.490033,0.280291,-1.479236,-1.416979,1.352727,0.217963,-0.616073,-0.172971,0.960179,-0.690271,-1.070219,0.257091,0.703584
37.172027,-0.548082,-3.042382,2.287804,-0.881246,-1.484548,0.792440,0.657517,1.440302,-1.519767,1.781338,0.268171,-0.562299,0.553970,0.323766,-0.275957,0.489856,0.281242,-1.479921,-1.418057,1.352982,0.218673,-0.607162,-0.173754,0.960978,-0.687042,-1.071144,0.255708,0.705773
37.173008,-0.536801,-3.041703,2.283789,-0.883865,-1.481386,0.789636,0.659798,1.520649,-1.405028,1.829711,0.223433,-0.558063,0.562316,0.323719,-0.276554,0.489679,0.282207,-1.480598,-1.419124,1.353234,0.219365,-0.601893,-0.173371,0.960845,-0.685160,-1.067091,0.254651,0.702807
37.173956,-0.534202,-3.045754,2.277626,-0.886211,-1.481895,0.783504,0.659444,1.545776,-1.272698,1.838272,0.168622,-0.553560,0.567220,0.323548,-0.277164,0.489501,0.283184,-1.481273,-1.420185,1.353498,0.220065,-0.606492,-0.175229,0.963319,-0.681078,-1.070352,0.257376,0.698222
37.175063,-0.543240,-3.040713,2.284152,-0.890366,-1.482325,0.781676,0.658459,1.486928,-0.969162,1.777351,0.025856,-0.541885,0.569446,0.322961,-0.278365,0.489136,0.285117,-1.482607,-1.422313,1.354039,0.221456,-0.601687,-0.178960,0.965378,-0.673450,-1.070388,0.265155,0.701269
37.176005,-0.554484,-3.039352,2.280881,-0.891212,-1.486231,0.784026,0.661042,1.486928,-0.969162,1.777351,0.025856,-0.541885,0.569446,0.322961,-0.278365,0.489136,0.285117,-1.482607,-1.422313,1.354039,0.221456,-0.601687,-0.178960,0.965378,-0.673450,-1.070388,0.265155,0.701269
37.177034,-0.551711,-3.042224,2.284951,-0.894339,-1.486579,0.788102,0.662491,1.404115,-0.794209,1.708234,-0.064904,-0.534573,0.566546,0.322647,-0.278945,0.488947,0.286094,-1.483276,-1.423379,1.354291,0.222141,-0.595010,-0.180840,0.966990,-0.670697,-1.065967,0.262651,0.695968
37.178099,-0.550411,-3.044932,2.281152,-0.897798,-1.486061,0.786844,0.665569,1.283336,-0.604832,1.611826,-0.167139,-0.526691,0.560863,0.322288,-0.279544,0.488762,0.287053,-1.483933,-1.424457,1.354540,0.222834,-0.595761,-0.180968,0.966187,-0.667265,-1.066046,0.258604,0.693260
37.179122,-0.557025,-3.043506,2.273176,-0.897795,-1.480149,0.785829,0.665839,1.138576,-0.410597,1.498917,-0.276949,-0.518453,0.553280,0.321862,-0.280131,0.488579,0.288034,-1.484590,-1.425523,1.354805,0.223503,-0.596055,-0.181358,0.969553,-0.664063,-1.067459,0.259917,0.687430
37.179967,-0.572536,-3.047825,2.267753,-0.891905,-1.476007,0.784080,0.665598,0.975701,-0.217202,1.373851,-0.391432,-0.510187,0.544152,0.321391,-0.280717,0.488389,0.289008,-1.485244,-1.426613,1.355068,0.224194,-0.592113,-0.183595,0.974559,-0.663773,-1.073603,0.260885,0.687102
37.181097,-0.581872,-3.056221,2.272044,-0.896676,-1.477636,0.781447,0.664257,0.781519,-0.030971,1.227064,-0.504605,-0.502931,0.532705,0.320936,-0.281287,0.488210,0.289989,-1.485918,-1.427679,1.355334,0.224874,-0.582782,-0.182382,0.975929,-0.666231,-1.076213,0.262303,0.687278
37.182008,-0.575000,-3.062349,2.272030,-0.892455,-1.468120,0.780139,0.665726,0.546196,0.135816,1.051999,-0.607825,-0.497811,0.518341,0.320519,-0.281850,0.488033,0.290972,-1.486574,-1.428758,1.355605,0.225571,-0.578516,-0.180221,0.975989,-0.662632,-1.076019,0.265012,0.690423
37.183055,-0.571945,-3.065688,2.271546,-0.897485,-1.465707,0.780063,0.664409,0.023148,0.376190,0.671162,-0.770039,-0.493912,0.485250,0.319680,-0.283015,0.487681,0.292928,-1.487886,-1.430956,1.356139,0.226946,-0.581868,-0.178524,0.977047,-0.659740,-1.087219,0.266094,0.690200
37.184036,-0.575598,-3.076210,2.270336,-0.892321,-1.464284,0.782084,0.664944,0.023148,0.376190,0.671162,-0.770039,-0.493912,0.485250,0.319680,-0.283015,0.487681,0.292928,-1.487886,-1.430956,1.356139,0.226946,-0.581868,-0.178524,0.977047,-0.659740,-1.087219,0.266094,0.690200
37.184999,-0.590456,-3.081402,2.271516,-0.897964,-1.463082,0.781379,0.660451,-0.221678,0.448644,0.496742,-0.830337,-0.494074,0.469321,0.319298,-0.283586,0.487511,0.293898,-1.488556,-1.432051,1.356401,0.227635,-0.579323,-0.174817,0.978177,-0.663682,-1.088303,0.263944,0.689131
37.186061,-0.590490,-3.088976,2.279299,-0.894920,-1.462865,0.784340,0.663948,-0.456349,0.488452,0.332211,-0.874497,-0.495789,0.453799,0.319020,-0.284143,0.487338,0.294882,-1.489195,-1.433160,1.356665,0.228346,-0.571215,-0.173728,0.977697,-0.657062,-1.088843,0.264535,0.698118
37.186993,-0.573950,-3.094722,2.273319,-0.891208,-1.457775,0.783056,0.663064,-0.898629,0.480576,0.030121,-0.914762,-0.503297,0.424301,0.318657,-0.285300,0.487004,0.296839,-1.490520,-1.435355,1.357188,0.229731,-0.578277,-0.170436,0.978060,-0.662081,-1.093861,0.262705,0.692966
37.187958,-0.581691,-3.098375,2.266757,-0.888147,-1.458439,0.779917,0.662533,-0.898629,0.480576,0.030121,-0.914762,-0.503297,0.424301,0.318657,-0.285300,0.487004,0.296839,-1.490520,-1.435355,1.357188,0.229731,-0.578277,-0.170436,0.978060,-0.662081,-1.093861,0.262705,0.692966
37.189041,-0.594765,-3.102097,2.272582,-0.888340,-1.459871,0.780099,0.660319,-1.080936,0.433589,-0.089200,-0.910035,-0.508357,0.412195,0.318494,-0.285868,0.486837,0.297835,-1.491186,-1.436435,1.357458,0.230422,-0.573546,-0.170186,0.981361,-0.663657,-1.092802,0.265687,0.694011
37.190071,-0.589900,-3.108837,2.287989,-0.891282,-1.460837,0.781001,0.660821,-1.249047,0.366489,-0.197004,-0.890318,-0.514288,0.401164,0.318373,-0.286416,0.486665,0.298802,-1.491853,-1.437529,1.357723,0.231134,-0.567227,-0.170269,0.980233,-0.663725,-1.092180,0.265503,0.698713
37.190998,-0.572624,-3.110655,2.288599,-0.884882,-1.460495,0.781849,0.662719,-1.530392,0.200988,-0.371299,-0.821670,-0.526445,0.383501,0.318140,-0.287577,0.486333,0.300751,-1.493181,-1.439700,1.358250,0.232510,-0.576822,-0.169254,0.973095,-0.664772,-1.091055,0.263507,0.693900
37.192048,-0.568270,-3.116557,2.290056,-0.884573,-1.467136,0.778105,0.659887,-1.530392,0.200988,-0.371299,-0.821670,-0.526445,0.383501,0.318140,-0.287577,0.486333,0.300751,-1.493181,-1.439700,1.358250,0.232510,-0.576822,-0.169254,0.973095,-0.664772,-1.091055,0.263507,0.693900
37.192990,-0.576714,-3.121446,2.289480,-0.881203,-1.466758,0.777146,0.659190,-1.599183,0.104999,-0.405554,-0.777682,-0.531012,0.379854,0.317974,-0.288159,0.486167,0.301720,-1.493853,-1.440782,1.358525,0.233228,-0.578560,-0.168170,0.973770,-0.664686,-1.084916,0.267219,0.699788
37.194019,-0.584115,-3.117580,2.292380,-0.876090,-1.472988,0.779363,0.658851,-1.625947,0.000574,-0.409383,-0.726606,-0.534795,0.379113,0.317840,-0.288728,0.486003,0.302698,-1.494519,-1.441857,1.358792,0.233930,-0.573373,-0.167249,0.973998,-0.666264,-1.084821,0.267951,0.701012
37.195067,-0.576111,-3.125672,2.305763,-0.875347,-1.476404,0.782652,0.658186,-1.643558,-0.212824,-0.393711,-0.604765,-0.542155,0.380292,0.317687,-0.289868,0.485660,0.304624,-1.495869,-1.444009,1.359307,0.235350,-0.573134,-0.168685,0.968434,-0.670904,-1.076126,0.262423,0.703262
37.196064,-0.559590,-3.130980,2.300999,-0.870321,-1.476609,0.784485,0.657449,-1.643558,-0.212824,-0.393711,-0.604765,-0.542155,0.380292,0.317687,-0.289868,0.485660,0.304624,-1.495869,-1.444009,1.359307,0.235350,-0.573134,-0.168685,0.968434,-0.670904,-1.076126,0.262423,0.703262
37.196966,-0.557135,-3.133089,2.305350,-0.862682,-1.476260,0.786367,0.656669,-1.569690,-0.436501,-0.314296,-0.460923,-0.548633,0.387855,0.317578,-0.291045,0.485326,0.306561,-1.497240,-1.446156,1.359813,0.236761,-0.580417,-0.168010,0.968965,-0.679271,-1.075406,0.258519,0.706067
37.198107,-0.564930,-3.140566,2.313797,-0.861815,-1.477284,0.786441,0.657171,-1.569690,-0.436501,-0.314296,-0.460923,-0.548633,0.387855,0.317578,-0.291045,0.485326,0.306561,-1.497240,-1.446156,1.359813,0.236761,-0.580417,-0.168010,0.968965,-0.679271,-1.075406,0.258519,0.706067
37.199025,-0.566640,-3.146252,2.317711,-0.857328,-1.479568,0.782878,0.657147,-1.489125,-0.560315,-0.243880,-0.378787,-0.551908,0.394614,0.317562,-0.291617,0.485164,0.307527,-1.497923,-1.447221,1.360071,0.237460,-0.576789,-0.166530,0.967298,-0.680857,-1.076115,0.258629,0.705502
37.200039,-0.551968,-3.154444,2.320690,-0.856428,-1.478960,0.781370,0.660732,-1.400062,-0.691346,-0.168425,-0.289489,-0.555834,0.402050,0.317553,-0.292189,0.485003,0.308492,-1.498615,-1.448293,1.360342,0.238166,-0.574864,-0.165152,0.965135,-0.682539,-1.073026,0.261968,0.705344
37.201037,-0.537833,-3.159606,2.320250,-0.855565,-1.479010,0.778596,0.660587,-1.305648,-0.828819,-0.090394,-0.194781,-0.560463,0.409853,0.317499,-0.292786,0.484842,0.309448,-1.499306,-1.449371,1.360612,0.238857,-0.581501,-0.162871,0.964760,-0.682079,-1.073884,0.263355,0.698233
37.201966,-0.544370,-3.160361,2.328139,-0.850926,-1.479698,0.777329,0.660737,-1.192810,-0.970018,-0.000542,-0.099045,-0.565311,0.418672,0.317415,-0.293381,0.484683,0.310414,-1.499983,-1.450441,1.360880,0.239550,-0.587701,-0.162089,0.965773,-0.681688,-1.073950,0.266025,0.698672
37.203053,-0.549577,-3.163330,2.335732,-0.851654,-1.480635,0.779870,0.659594,-0.919728,-1.235609,0.206841,0.079260,-0.575005,0.438377,0.317515,-0.294541,0.484352,0.312321,-1.501351,-1.452606,1.361410,0.240950,-0.580501,-0.163722,0.960116,-0.683085,-1.072522,0.264533,0.700828
37.204077,-0.531382,-3.167188,2.342535,-0.848238,-1.483233,0.781591,0.662220,-0.779830,-1.347906,0.309204,0.157565,-0.579943,0.447965,0.317762,-0.295142,0.484190,0.313281,-1.502044,-1.453659,1.361672,0.241630,-0.588942,-0.163631,0.957885,-0.685283,-1.070469,0.262775,0.695696
37.204944,-0.512005,-3.169394,2.343371,-0.847635,-1.479642,0.782997,0.663699,-0.779830,-1.347906,0.309204,0.157565,-0.579943,0.447965,0.317762,-0.295142,0.484190,0.313281,-1.502044,-1.453659,1.361672,0.241630,-0.588942,-0.163631,0.957885,-0.685283,-1.070469,0.262775,0.695696
37.206022,-0.509606,-3.163030,2.339277,-0.845617,-1.480782,0.782337,0.662660,-0.620001,-1.445954,0.423973,0.226012,-0.584217,0.458523,0.318093,-0.295757,0.484024,0.314232,-1.502715,-1.454738,1.361931,0.242322,-0.596698,-0.163741,0.956811,-0.682762,-1.072713,0.261114,0.692464
37.207043,-0.519142,-3.161212,2.350960,-0.846455,-1.479209,0.782379,0.663672,-0.433952,-1.523344,0.555311,0.280084,-0.587145,0.470513,0.318516,-0.296361,0.483846,0.315200,-1.503404,-1.455815,1.362192,0.243014,-0.597368,-0.168826,0.960665,-0.684497,-1.072463,0.261843,0.694904
37.207980,-0.516366,-3.161817,2.356483,-0.846091,-1.482496,0.782419,0.666065,-0.243709,-1.567417,0.686154,0.315396,-0.588588,0.482680,0.319024,-0.296940,0.483669,0.316155,-1.504092,-1.456881,1.362455,0.243711,-0.592013,-0.171365,0.955930,-0.682465,-1.074465,0.261741,0.692957
37.209007,-0.504268,-3.160197,2.362776,-0.851366,-1.486937,0.779786,0.667750,-0.068266,-1.574266,0.802613,0.331360,-0.588593,0.493927,0.319517,-0.297534,0.483494,0.317094,-1.504764,-1.457950,1.362714,0.244382,-0.592218,-0.172414,0.953533,-0.680790,-1.070587,0.261548,0.688131
37.210008,-0.499340,-3.167551,2.361330,-0.853387,-1.488917,0.775898,0.667741,0.095509,-1.546560,0.907646,0.327724,-0.586791,0.504475,0.319891,-0.298136,0.483315,0.318046,-1.505434,-1.458999,1.362985,0.245065,-0.597552,-0.174886,0.951693,-0.674827,-1.066783,0.264116,0.684973
37.211092,-0.500248,-3.165375,2.364918,-0.856695,-1.490409,0.772615,0.666169,0.409796,-1.410216,1.102244,0.264946,-0.576873,0.524265,0.320325,-0.299344,0.482963,0.319951,-1.506760,-1.461124,1.363546,0.246441,-0.598129,-0.175789,0.953648,-0.669054,-1.064707,0.271047,0.688641
37.212122,-0.500090,-3.164195,2.376763,-0.858190,-1.490337,0.773503,0.664420,0.409796,-1.410216,1.102244,0.264946,-0.576873,0.524265,0.320325,-0.299344,0.482963,0.319951,-1.506760,-1.461124,1.363546,0.246441,-0.598129,-0.175789,0.953648,-0.669054,-1.064707,0.271047,0.688641
37.212957,-0.490127,-3.155068,2.375473,-0.857295,-1.491111,0.774814,0.665853,0.548012,-1.311324,1.184050,0.210585,-0.569305,0.532441,0.320518,-0.299934,0.482780,0.320899,-1.507427,-1.462193,1.363810,0.247142,-0.597605,-0.177975,0.949061,-0.667033,-1.065257,0.270072,0.692274
37.213991,-0.474226,-3.153889,2.374901,-0.862264,-1.492016,0.776250,0.664905,0.674681,-1.189240,1.256844,0.139617,-0.559944,0.539716,0.320716,-0.300544,0.482584,0.321839,-1.508080,-1.463260,1.364077,0.247824,-0.600557,-0.183311,0.948822,-0.664818,-1.062833,0.268402,0.688993
37.215009,-0.468181,-3.154942,2.368691,-0.857764,-1.492938,0.777976,0.664788,0.799741,-1.040031,1.328142,0.049033,-0.548548,0.546952,0.320907,-0.301161,0.482395,0.322800,-1.508733,-1.464308,1.364339,0.248517,-0.607644,-0.185430,0.950411,-0.659674,-1.062672,0.266938,0.691117
37.215976,-0.485449,-3.150177,2.367005,-0.860781,-1.487198,0.779970,0.663638,0.927582,-0.869333,1.401652,-0.058668,-0.535622,0.554519,0.321121,-0.301777,0.482208,0.323755,-1.509407,-1.465376,1.364601,0.249211,-0.609626,-0.186409,0.954707,-0.663392,-1.062111,0.265162,0.691460
37.217027,-0.492150,-3.152666,2.379644,-0.862156,-1.492106,0.778596,0.663041,1.039536,-0.687307,1.464198,-0.175641,-0.522657,0.561305,0.321352,-0.302362,0.482007,0.324716,-1.510051,-1.466442,1.364859,0.249910,-0.599937,-0.189983,0.955968,-0.659370,-1.067721,0.263058,0.693741
37.218053,-0.481136,-3.153050,2.373722,-0.863696,-1.485326,0.775596,0.662537,1.110795,-0.497522,1.497803,-0.297259,-0.510830,0.565910,0.321534,-0.302948,0.481817,0.325667,-1.510705,-1.467509,1.365128,0.250610,-0.596228,-0.190310,0.951202,-0.658127,-1.063444,0.264428,0.695123
37.218966,-0.477269,-3.159280,2.375134,-0.861810,-1.475382,0.773037,0.661259,1.142899,-0.306574,1.504231,-0.420388,-0.500537,0.568557,0.321593,-0.303565,0.481621,0.326617,-1.511348,-1.468604,1.365401,0.251314,-0.600872,-0.191565,0.955568,-0.656590,-1.070501,0.267334,0.696235
37.220077,-0.482164,-3.159939,2.378995,-0.863459,-1.469439,0.770241,0.659631,1.152565,-0.125651,1.496585,-0.540884,-0.491864,0.570239,0.321527,-0.304161,0.481436,0.327574,-1.512007,-1.469697,1.365675,0.252011,-0.601357,-0.189582,0.954648,-0.656382,-1.079431,0.269613,0.698621
37.221009,-0.494117,-3.167282,2.388960,-0.857338,-1.464746,0.773783,0.658848,1.147709,0.036448,1.481253,-0.654564,-0.484886,0.571269,0.321399,-0.304752,0.481239,0.328522,-1.512659,-1.470801,1.365952,0.252723,-0.598774,-0.191025,0.955136,-0.655790,-1.086365,0.272412,0.702210
37.222039,-0.493179,-3.174254,2.391528,-0.858693,-1.461797,0.778406,0.658761,1.124198,0.172056,1.455893,-0.755423,-0.479926,0.571230,0.321249,-0.305336,0.481054,0.329468,-1.513318,-1.471903,1.366211,0.253422,-0.591610,-0.188550,0.950311,-0.660176,-1.090108,0.268647,0.703619
37.223088,-0.486759,-3.183304,2.384628,-0.858604,-1.459295,0.780036,0.660241,1.079382,0.271491,1.419645,-0.836257,-0.477306,0.569859,0.321077,-0.305925,0.480872,0.330428,-1.513972,-1.472991,1.366467,0.254135,-0.591549,-0.186684,0.950310,-0.658528,-1.093329,0.264012,0.703862
37.223932,-0.490318,-3.185467,2.375452,-0.858588,-1.460603,0.778468,0.658850,1.019258,0.330281,1.377304,-0.894494,-0.476756,0.567414,0.320889,-0.306526,0.480690,0.331386,-1.514624,-1.474094,1.366732,0.254839,-0.594176,-0.183854,0.955328,-0.658761,-1.096173,0.262393,0.701046
37.225016,-0.509508,-3.185531,2.372852,-0.853460,-1.462807,0.779560,0.657885,0.944360,0.353870,1.328343,-0.932653,-0.477728,0.563791,0.320699,-0.307112,0.480507,0.332356,-1.515287,-1.475173,1.366997,0.255543,-0.590611,-0.183721,0.958709,-0.655510,-1.093156,0.263660,0.703470
37.225940,-0.517315,-3.190206,2.373981,-0.853773,-1.466399,0.780671,0.658749,0.838035,0.353167,1.259082,-0.953274,-0.480141,0.557930,0.320515,-0.307668,0.480317,0.333327,-1.515953,-1.476268,1.367255,0.256254,-0.581112,-0.185434,0.961796,-0.661051,-1.091775,0.262620,0.705643
37.226945,-0.507323,-3.191998,2.373463,-0.854214,-1.469499,0.777414,0.659215,0.491992,0.306484,1.027729,-0.945549,-0.489231,0.537415,0.319962,-0.308819,0.479951,0.335251,-1.517257,-1.478434,1.367788,0.257660,-0.580660,-0.184939,0.962300,-0.657924,-1.084325,0.264495,0.702832
37.228124,-0.513038,-3.197246,2.379211,-0.856409,-1.467893,0.778532,0.660400,0.491992,0.306484,1.027729,-0.945549,-0.489231,0.537415,0.319962,-0.308819,0.479951,0.335251,-1.517257,-1.478434,1.367788,0.257660,-0.580660,-0.184939,0.962300,-0.657924,-1.084325,0.264495,0.702832
37.229013,-0.526242,-3.199366,2.370456,-0.854139,-1.465992,0.779742,0.659878,0.290174,0.268869,0.892514,-0.925455,-0.494166,0.525162,0.319522,-0.309392,0.479770,0.336208,-1.517908,-1.479534,1.368054,0.258357,-0.578277,-0.184485,0.962557,-0.657848,-1.087770,0.263499,0.701025
37.230007,-0.533974,-3.201331,2.372487,-0.847951,-1.469790,0.781611,0.658607,0.081845,0.226478,0.752974,-0.898511,-0.498701,0.512296,0.319052,-0.309955,0.479589,0.337188,-1.518569,-1.480611,1.368310,0.259053,-0.570452,-0.184545,0.966222,-0.657599,-1.088498,0.262080,0.701845
37.230944,-0.535677,-3.204075,2.376362,-0.847455,-1.471062,0.782698,0.658906,-0.145645,0.179998,0.599609,-0.862993,-0.503353,0.497988,0.318632,-0.310505,0.479404,0.338157,-1.519244,-1.481687,1.368568,0.259769,-0.566286,-0.185030,0.965865,-0.662583,-1.084681,0.260144,0.704376
37.231977,-0.536409,-3.212083,2.378065,-0.844930,-1.466942,0.785882,0.660153,-0.389221,0.127533,0.434814,-0.817349,-0.508392,0.482512,0.318277,-0.311064,0.479220,0.339112,-1.519899,-1.482770,1.368824,0.260476,-0.564643,-0.184904,0.964060,-0.661390,-1.082744,0.258927,0.703588
37.233072,-0.534836,-3.217233,2.373680,-0.840931,-1.469752,0.788242,0.658929,-0.861221,-0.006917,0.118623,-0.698280,-0.518932,0.452265,0.317687,-0.312187,0.478866,0.341050,-1.521259,-1.484938,1.369325,0.261883,-0.564999,-0.181938,0.968587,-0.667325,-1.085453,0.253548,0.704017
37.234054,-0.543397,-3.222009,2.374345,-0.838007,-1.472459,0.788624,0.659261,-1.078284,-0.095602,-0.024345,-0.623013,-0.524922,0.438282,0.317499,-0.312738,0.478685,0.342027,-1.521929,-1.486017,1.369576,0.262573,-0.560227,-0.181012,0.968673,-0.668892,-1.082582,0.253145,0.703357
37.234966,-0.547077,-3.230096,2.371690,-0.832786,-1.472406,0.789425,0.659662,-1.078284,-0.095602,-0.024345,-0.623013,-0.524922,0.438282,0.317499,-0.312738,0.478685,0.342027,-1.521929,-1.486017,1.369576,0.262573,-0.560227,-0.181012,0.968673,-0.668892,-1.082582,0.253145,0.703357
37.236084,-0.546005,-3.237451,2.386525,-0.829670,-1.472921,0.789113,0.663511,-1.288501,-0.199359,-0.161930,-0.536419,-0.531964,0.424722,0.317333,-0.313286,0.478514,0.343004,-1.522607,-1.487090,1.369829,0.263279,-0.557565,-0.178270,0.969585,-0.671574,-1.081814,0.252187,0.702330
37.237092,-0.535864,-3.247095,2.389245,-0.829195,-1.472068,0.787928,0.662376,-1.486472,-0.321214,-0.290065,-0.438013,-0.540208,0.411928,0.317115,-0.313846,0.478342,0.343951,-1.523284,-1.488179,1.370086,0.263963,-0.558450,-0.176667,0.964594,-0.675245,-1.082535,0.252638,0.695016
37.238007,-0.534710,-3.252874,2.388445,-0.820172,-1.470591,0.788144,0.660788,-1.771552,-0.624128,-0.462818,-0.214437,-0.558576,0.393323,0.316612,-0.314978,0.478007,0.345880,-1.524658,-1.490348,1.370594,0.265373,-0.562603,-0.172054,0.964379,-0.680698,-1.084016,0.253427,0.700408
37.239097,-0.541761,-3.257732,2.397676,-0.821562,-1.466234,0.790445,0.660078,-1.852658,-0.798235,-0.503599,-0.094352,-0.568277,0.387806,0.316460,-0.315532,0.477834,0.346844,-1.525333,-1.491452,1.370837,0.266069,-0.559251,-0.171588,0.961673,-0.679429,-1.089195,0.251281,0.702142
37.240064,-0.537028,-3.264234,2.401564,-0.816881,-1.469704,0.794084,0.660666,-1.852658,-0.798235,-0.503599,-0.094352,-0.568277,0.387806,0.316460,-0.315532,0.477834,0.346844,-1.525333,-1.491452,1.370837,0.266069,-0.559251,-0.171588,0.961673,-0.679429,-1.089195,0.251281,0.702142
37.240984,-0.522025,-3.269736,2.408310,-0.815387,-1.468022,0.795538,0.659694,-1.915097,-1.152794,-0.513579,0.143541,-0.587183,0.383035,0.316351,-0.316673,0.477502,0.348766,-1.526698,-1.493607,1.371325,0.267475,-0.567395,-0.168581,0.956693,-0.681221,-1.086268,0.246090,0.702668
37.242046,-0.504290,-3.272549,2.405887,-0.811249,-1.471242,0.799155,0.659300,-1.873575,-1.325556,-0.466279,0.254382,-0.595236,0.385396,0.316411,-0.317270,0.477333,0.349725,-1.527388,-1.494680,1.371559,0.268182,-0.575803,-0.169079,0.959617,-0.684788,-1.083800,0.242632,0.703646
37.243067,-0.506555,-3.275259,2.413373,-0.810295,-1.473201,0.802722,0.655522,-1.873575,-1.325556,-0.466279,0.254382,-0.595236,0.385396,0.316411,-0.317270,0.477333,0.349725,-1.527388,-1.494680,1.371559,0.268182,-0.575803,-0.169079,0.959617,-0.684788,-1.083800,0.242632,0.703646
37.243971,-0.508606,-3.277035,2.423259,-0.810911,-1.477948,0.805870,0.658211,-1.779064,-1.488292,-0.381528,0.355967,-0.601932,0.391384,0.316567,-0.317837,0.477163,0.350679,-1.528077,-1.495762,1.371795,0.268911,-0.574187,-0.169460,0.957028,-0.684538,-1.082097,0.239181,0.711265
37.245027,-0.494803,-3.274698,2.426683,-0.812600,-1.481008,0.807126,0.657313,-1.648315,-1.633073,-0.272445,0.445644,-0.607262,0.400085,0.316747,-0.318410,0.476988,0.351614,-1.528746,-1.496841,1.372022,0.269613,-0.571962,-0.169815,0.952044,-0.681406,-1.076309,0.236020,0.705521
37.246047,-0.480623,-3.280417,2.427749,-0.818597,-1.482993,0.802711,0.656331,-1.491474,-1.750011,-0.147292,0.518198,-0.610824,0.410992,0.316836,-0.318998,0.476811,0.352566,-1.529424,-1.497902,1.372254,0.270328,-0.578543,-0.172796,0.952045,-0.679319,-1.074124,0.234972,0.707545
37.247057,-0.488970,-3.277924,2.428832,-0.819731,-1.484184,0.801901,0.654479,-1.100323,-1.874237,0.147836,0.591723,-0.610631,0.438962,0.316788,-0.320177,0.476458,0.354461,-1.530751,-1.500034,1.372738,0.271759,-0.579959,-0.174456,0.953403,-0.670880,-1.071646,0.240351,0.713292
37.248013,-0.495169,-3.277285,2.437868,-0.816210,-1.483002,0.805041,0.654122,-1.100323,-1.874237,0.147836,0.591723,-0.610631,0.438962,0.316788,-0.320177,0.476458,0.354461,-1.530751,-1.500034,1.372738,0.271759,-0.579959,-0.174456,0.953403,-0.670880,-1.071646,0.240351,0.713292
37.249012,-0.487847,-3.275015,2.443290,-0.820332,-1.485321,0.809235,0.654191,-0.899672,-1.879683,0.292592,0.593573,-0.607658,0.453399,0.316766,-0.320746,0.476281,0.355410,-1.531433,-1.501107,1.372972,0.272468,-0.576058,-0.176175,0.949300,-0.672421,-1.072475,0.237192,0.713865
37.250058,-0.471955,-3.279526,2.450547,-0.821943,-1.490255,0.811022,0.652539,-0.715059,-1.851106,0.421821,0.576740,-0.603687,0.466835,0.316745,-0.321333,0.476096,0.356349,-1.532085,-1.502183,1.373199,0.273188,-0.579029,-0.178789,0.947752,-0.667633,-1.070203,0.233124,0.713692
37.251092,-0.461487,-3.278930,2.451125,-0.827366,-1.492254,0.813527,0.650585,-0.335640,-1.714157,0.679342,0.488610,-0.592274,0.494188,0.316900,-0.322537,0.475736,0.358232,-1.533406,-1.504313,1.373654,0.274636,-0.590861,-0.180199,0.947038,-0.660136,-1.064517,0.229229,0.721081
37.252016,-0.464194,-3.276976,2.453290,-0.824197,-1.488614,0.816601,0.650417,-0.335640,-1.714157,0.679342,0.488610,-0.592274,0.494188,0.316900,-0.322537,0.475736,0.358232,-1.533406,-1.504313,1.373654,0.274636,-0.590861,-0.180199,0.947038,-0.660136,-1.064517,0.229229,0.721081
37.253009,-0.466756,-3.276659,2.454858,-0.827037,-1.487391,0.818040,0.649435,-0.128342,-1.614961,0.817406,0.418688,-0.585002,0.508719,0.317138,-0.323128,0.475550,0.359177,-1.534067,-1.505391,1.373873,0.275350,-0.588157,-0.182361,0.946056,-0.661402,-1.067436,0.226216,0.721158
37.254044,-0.460365,-3.278334,2.456978,-0.832079,-1.485183,0.817851,0.652236,0.069411,-1.497656,0.945995,0.335038,-0.577492,0.522448,0.317394,-0.323707,0.475364,0.360130,-1.534720,-1.506456,1.374096,0.276077,-0.586177,-0.183960,0.946148,-0.657757,-1.068760,0.224940,0.723063
37.255062,-0.452419,-3.282791,2.466351,-0.830908,-1.476854,0.817266,0.653773,0.405697,-1.221237,1.153262,0.134219,-0.562696,0.545309,0.317653,-0.324908,0.474995,0.362005,-1.536009,-1.508620,1.374546,0.277504,-0.591906,-0.184028,0.943324,-0.653860,-1.079985,0.226103,0.714481
37.256010,-0.449954,-3.282969,2.467110,-0.834495,-1.470495,0.817553,0.653540,0.405697,-1.221237,1.153262,0.134219,-0.562696,0.545309,0.317653,-0.324908,0.474995,0.362005,-1.536009,-1.508620,1.374546,0.277504,-0.591906,-0.184028,0.943324,-0.653860,-1.079985,0.226103,0.714481
37.257210,-0.450978,-3.287601,2.480311,-0.838072,-1.466712,0.815777,0.655844,0.559668,-1.077934,1.245028,0.022734,-0.555269,0.555221,0.317612,-0.325496,0.474806,0.362957,-1.536653,-1.509720,1.374773,0.278216,-0.592023,-0.185201,0.943313,-0.649022,-1.085591,0.225863,0.714837
37.258123,-0.449782,-3.291337,2.482594,-0.838877,-1.466153,0.817074,0.656477,0.706946,-0.937252,1.331767,-0.093043,-0.547620,0.564201,0.317486,-0.326089,0.474622,0.363885,-1.537290,-1.510828,1.375006,0.278923,-0.591928,-0.185095,0.940409,-0.648239,-1.091292,0.228059,0.710776
37.259096,-0.441774,-3.295701,2.485095,-0.839083,-1.465723,0.819131,0.655080,0.968873,-0.681745,1.483810,-0.322706,-0.531727,0.578345,0.317066,-0.327277,0.474255,0.365756,-1.538565,-1.513016,1.375452,0.280337,-0.594181,-0.183622,0.938983,-0.644988,-1.090800,0.224803,0.712098
37.260026,-0.438987,-3.299433,2.479848,-0.835602,-1.467173,0.817946,0.656471,0.968873,-0.681745,1.483810,-0.322706,-0.531727,0.578345,0.317066,-0.327277,0.474255,0.365756,-1.538565,-1.513016,1.375452,0.280337,-0.594181,-0.183622,0.938983,-0.644988,-1.090800,0.224803,0.712098
37.260970,-0.440281,-3.305265,2.469226,-0.840070,-1.464252,0.820759,0.658744,1.081379,-0.579022,1.549308,-0.426710,-0.523843,0.583423,0.316856,-0.327876,0.474074,0.366705,-1.539213,-1.514096,1.375678,0.281033,-0.594206,-0.183017,0.941769,-0.646912,-1.088605,0.226054,0.709125
37.262090,-0.451550,-3.314130,2.469733,-0.842921,-1.466172,0.823600,0.658456,1.170021,-0.495833,1.599708,-0.518495,-0.516424,0.586457,0.316660,-0.328459,0.473896,0.367670,-1.539848,-1.515195,1.375895,0.281733,-0.592476,-0.181444,0.947237,-0.641315,-1.090808,0.223312,0.704453
37.262957,-0.452177,-3.319826,2.473093,-0.843653,-1.469995,0.823017,0.658968,1.217485,-0.378495,1.611353,-0.661783,-0.504015,0.582887,0.316272,-0.329616,0.473543,0.369567,-1.541107,-1.517355,1.376335,0.283154,-0.585146,-0.177279,0.947085,-0.637402,-1.084930,0.221418,0.704018
37.264037,-0.448238,-3.321465,2.479632,-0.845607,-1.472807,0.823262,0.660880,1.184136,-0.344595,1.578754,-0.712338,-0.499065,0.577292,0.316037,-0.330206,0.473360,0.370504,-1.541744,-1.518436,1.376558,0.283843,-0.586870,-0.178286,0.945973,-0.636427,-1.083047,0.221443,0.700497
37.264982,-0.441316,-3.319960,2.469626,-0.846401,-1.470856,0.819413,0.659307,1.184136,-0.344595,1.578754,-0.712338,-0.499065,0.577292,0.316037,-0.330206,0.473360,0.370504,-1.541744,-1.518436,1.376558,0.283843,-0.586870,-0.178286,0.945973,-0.636427,-1.083047,0.221443,0.700497
37.265977,-0.444849,-3.324741,2.468140,-0.844244,-1.472552,0.817587,0.658313,1.134584,-0.318546,1.536172,-0.754332,-0.494311,0.571039,0.315797,-0.330803,0.473177,0.371471,-1.542369,-1.519530,1.376790,0.284552,-0.589116,-0.180346,0.951148,-0.634833,-1.084330,0.225352,0.703566
37.267050,-0.457633,-3.326323,2.475411,-0.846834,-1.472458,0.818948,0.658579,1.071183,-0.293339,1.484673,-0.790460,-0.489700,0.564400,0.315608,-0.331380,0.473002,0.372430,-1.543012,-1.520599,1.377019,0.285251,-0.586631,-0.179510,0.952687,-0.636548,-1.082700,0.227273,0.705584
37.268006,-0.450925,-3.327762,2.484460,-0.843278,-1.475300,0.820944,0.660214,0.986776,-0.269529,1.419075,-0.818583,-0.485711,0.556859,0.315488,-0.331949,0.472819,0.373371,-1.543636,-1.521689,1.377243,0.285960,-0.580118,-0.180503,0.951030,-0.635070,-1.083552,0.226140,0.705252
37.269096,-0.441792,-3.332496,2.476772,-0.845919,-1.476553,0.823437,0.659313,0.884650,-0.248851,1.342401,-0.837340,-0.482493,0.548692,0.315429,-0.332538,0.472639,0.374317,-1.544281,-1.522755,1.377461,0.286652,-0.582506,-0.181158,0.946979,-0.637569,-1.080373,0.224260,0.701912
37.269968,-0.442993,-3.336770,2.460992,-0.839582,-1.474135,0.825172,0.657609,0.782141,-0.233168,1.268051,-0.847278,-0.479750,0.541140,0.315446,-0.333129,0.472458,0.375276,-1.544922,-1.523840,1.377681,0.287362,-0.586867,-0.180638,0.952925,-0.635895,-1.080110,0.222073,0.704035
37.270972,-0.461535,-3.341543,2.460085,-0.839290,-1.471717,0.825651,0.658072,0.681868,-0.224960,1.198055,-0.847324,-0.477601,0.534361,0.315559,-0.333711,0.472280,0.376254,-1.545563,-1.524930,1.377898,0.288071,-0.584701,-0.179588,0.959903,-0.640010,-1.081094,0.220344,0.707104
37.271963,-0.468120,-3.346973,2.470616,-0.837230,-1.475810,0.827221,0.658303,0.562526,-0.226341,1.116365,-0.833873,-0.476814,0.526905,0.315734,-0.334262,0.472104,0.377222,-1.546208,-1.526008,1.378122,0.288777,-0.575061,-0.178800,0.961136,-0.639871,-1.083629,0.220034,0.706176
37.273046,-0.457388,-3.351028,2.466783,-0.836169,-1.474160,0.827480,0.657796,0.410181,-0.239130,1.012654,-0.804812,-0.477876,0.517881,0.315887,-0.334829,0.471928,0.378160,-1.546847,-1.527083,1.378335,0.289486,-0.571249,-0.177638,0.956827,-0.641508,-1.079455,0.218655,0.705707
37.273952,-0.450595,-3.359572,2.466357,-0.835227,-1.470506,0.827369,0.655516,0.238766,-0.264997,0.897487,-0.761676,-0.480561,0.508280,0.315972,-0.335421,0.471754,0.379133,-1.547497,-1.528157,1.378552,0.290204,-0.576411,-0.177530,0.960584,-0.643240,-1.082175,0.218730,0.706952
37.274919,-0.468827,-3.359156,2.459892,-0.827637,-1.466924,0.828240,0.656444,0.073354,-0.304894,0.789333,-0.708109,-0.484332,0.499697,0.316010,-0.335998,0.471584,0.380102,-1.548148,-1.529252,1.378771,0.290931,-0.578561,-0.174546,0.960347,-0.642154,-1.084700,0.218883,0.711217
37.276060,-0.489019,-3.364447,2.475636,-0.824796,-1.471366,0.830403,0.655668,-0.083963,-0.357844,0.689191,-0.645695,-0.489215,0.492142,0.316022,-0.336548,0.471404,0.381067,-1.548803,-1.530353,1.378990,0.291633,-0.568805,-0.176213,0.964031,-0.648630,-1.087759,0.218135,0.709249
37.276992,-0.481284,-3.369460,2.468584,-0.822620,-1.472742,0.831830,0.652841,-0.255547,-0.421703,0.580035,-0.572058,-0.495933,0.484143,0.315979,-0.337084,0.471232,0.382018,-1.549468,-1.531426,1.379198,0.292340,-0.559457,-0.175703,0.958800,-0.652629,-1.084887,0.216417,0.711265
37.277942,-0.479064,-3.375742,2.462566,-0.815717,-1.474009,0.832533,0.652080,-0.447568,-0.495649,0.457195,-0.486518,-0.504662,0.475285,0.315888,-0.337652,0.471059,0.382979,-1.550116,-1.532509,1.379409,0.293070,-0.562500,-0.174561,0.962442,-0.653247,-1.082799,0.215126,0.716692
37.279040,-0.484265,-3.384680,2.466509,-0.815098,-1.473067,0.829610,0.652069,-0.645264,-0.580879,0.331514,-0.390909,-0.514935,0.466389,0.315780,-0.338217,0.470891,0.383951,-1.550789,-1.533582,1.379621,0.293784,-0.562774,-0.172910,0.965570,-0.658332,-1.081104,0.214580,0.718027
37.280028,-0.497188,-3.384924,2.469670,-0.814561,-1.471935,0.830580,0.652777,-0.839052,-0.680085,0.209881,-0.285614,-0.526452,0.457845,0.315648,-0.338766,0.470727,0.384922,-1.551459,-1.534676,1.379844,0.294506,-0.560473,-0.170528,0.965523,-0.659337,-1.083045,0.217841,0.718282
37.280921,-0.494003,-3.390584,2.470758,-0.809477,-1.473153,0.833679,0.652160,-1.029783,-0.789092,0.090841,-0.173689,-0.538718,0.449391,0.315471,-0.339306,0.470550,0.385877,-1.552111,-1.535769,1.380061,0.295229,-0.553702,-0.171972,0.964718,-0.659049,-1.083945,0.217008,0.716773
37.281931,-0.483695,-3.395769,2.472288,-0.812314,-1.474827,0.833535,0.653032,-1.217647,-0.898838,-0.026782,-0.060542,-0.550995,0.440962,0.315264,-0.339857,0.470383,0.386842,-1.552781,-1.536837,1.380269,0.295943,-0.554369,-0.170417,0.963661,-0.661502,-1.081695,0.213969,0.717719
37.282916,-0.479133,-3.403664,2.471485,-0.811747,-1.478131,0.832582,0.653384,-1.388013,-1.006187,-0.132510,0.049737,-0.562494,0.433471,0.315051,-0.340426,0.470216,0.387799,-1.553439,-1.537912,1.380484,0.296660,-0.559090,-0.169564,0.963939,-0.657993,-1.080223,0.214372,0.715961
37.284065,-0.490555,-3.404195,2.477957,-0.819091,-1.479693,0.833586,0.655657,-1.523307,-1.110515,-0.213648,0.153269,-0.572489,0.427891,0.314832,-0.340992,0.470053,0.388768,-1.554091,-1.538988,1.380701,0.297378,-0.560750,-0.167291,0.964942,-0.657758,-1.076822,0.215501,0.715202
37.285048,-0.493649,-3.403052,2.482006,-0.815082,-1.485271,0.836407,0.654434,-1.625067,-1.205985,-0.272249,0.245746,-0.580666,0.423971,0.314621,-0.341532,0.469884,0.389740,-1.554738,-1.540056,1.380917,0.298077,-0.555715,-0.169287,0.964267,-0.652100,-1.077072,0.214905,0.711103
37.286029,-0.482830,-3.398442,2.488446,-0.816251,-1.491083,0.836227,0.655459,-1.707133,-1.282050,-0.319693,0.322944,-0.587032,0.420882,0.314489,-0.342086,0.469706,0.390694,-1.555391,-1.541124,1.381122,0.298798,-0.553739,-0.171361,0.962971,-0.655299,-1.071402,0.212298,0.713534
37.287119,-0.476745,-3.404858,2.493826,-0.816777,-1.493676,0.838494,0.657704,-1.770107,-1.332327,-0.356941,0.382420,-0.591644,0.418840,0.314481,-0.342656,0.469525,0.391652,-1.556046,-1.542170,1.381334,0.299498,-0.558534,-0.175132,0.960401,-0.653115,-1.065762,0.212702,0.711437
37.287964,-0.477433,-3.401780,2.491362,-0.814825,-1.489134,0.838738,0.659870,-1.799932,-1.358351,-0.373390,0.423436,-0.594531,0.418910,0.314549,-0.343220,0.469353,0.392602,-1.556701,-1.543236,1.381545,0.300202,-0.561659,-0.173840,0.959838,-0.653269,-1.064362,0.210779,0.707214
37.288977,-0.475624,-3.397128,2.493801,-0.814697,-1.487577,0.839590,0.660233,-1.794026,-1.365647,-0.366726,0.447806,-0.596168,0.421219,0.314639,-0.343777,0.469170,0.393565,-1.557347,-1.544315,1.381750,0.300891,-0.559892,-0.176346,0.959997,-0.652415,-1.067327,0.210585,0.702531
37.289988,-0.472904,-3.398038,2.499605,-0.818572,-1.486699,0.839417,0.659925,-1.764432,-1.352926,-0.346163,0.455893,-0.597101,0.425024,0.314770,-0.344334,0.468986,0.394532,-1.558002,-1.545376,1.381958,0.301593,-0.560509,-0.180228,0.959739,-0.652051,-1.069249,0.209993,0.701930
37.290980,-0.460300,-3.400096,2.504886,-0.819726,-1.483288,0.836118,0.661339,-1.718023,-1.314993,-0.317359,0.445188,-0.597424,0.430010,0.314983,-0.344901,0.468801,0.395481,-1.558647,-1.546451,1.382170,0.302301,-0.561426,-0.181266,0.957961,-0.647870,-1.070324,0.210417,0.702606
37.292059,-0.454239,-3.400700,2.513549,-0.821772,-1.483665,0.831863,0.664158,-1.649249,-1.255163,-0.275865,0.415376,-0.597144,0.436513,0.315263,-0.345482,0.468621,0.396437,-1.559286,-1.547523,1.382387,0.302987,-0.567040,-0.181729,0.956137,-0.646290,-1.073782,0.213928,0.699828
37.293041,-0.446182,-3.397704,2.515094,-0.817971,-1.479308,0.831378,0.661095,-1.548590,-1.182131,-0.213731,0.368807,-0.596364,0.444987,0.315577,-0.346055,0.468434,0.397392,-1.559930,-1.548610,1.382615,0.303671,-0.569963,-0.183191,0.953726,-0.645028,-1.074211,0.218438,0.694506
37.293924,-0.446217,-3.398929,2.521923,-0.819666,-1.472858,0.831906,0.661152,-1.415242,-1.102376,-0.129623,0.309168,-0.595316,0.455346,0.315951,-0.346634,0.468243,0.398338,-1.560577,-1.549707,1.382836,0.304385,-0.573223,-0.186035,0.953796,-0.648112,-1.078269,0.219027,0.700692
37.295042,-0.441797,-3.400835,2.536639,-0.823627,-1.471037,0.834843,0.661052,-1.257529,-1.018812,-0.029188,0.239694,-0.594074,0.466921,0.316403,-0.347197,0.468056,0.399282,-1.561216,-1.550796,1.383049,0.305082,-0.571956,-0.186423,0.949966,-0.644292,-1.083416,0.218526,0.700242
37.295979,-0.414999,-3.397142,2.539151,-0.824598,-1.464719,0.834555,0.662536,-1.081122,-0.933053,0.083989,0.161491,-0.592193,0.479223,0.316869,-0.347783,0.467866,0.400205,-1.561846,-1.551893,1.383261,0.305786,-0.574204,-0.187333,0.945380,-0.642038,-1.086363,0.215972,0.700822
37.296996,-0.406642,-3.396652,2.536952,-0.826664,-1.461449,0.832563,0.660960,-0.877110,-0.844973,0.217061,0.072973,-0.588688,0.492869,0.317278,-0.348398,0.467668,0.401152,-1.562482,-1.553001,1.383476,0.306473,-0.586212,-0.190284,0.944413,-0.639871,-1.091775,0.216399,0.697740
37.297995,-0.415554,-3.397672,2.547313,-0.826367,-1.462053,0.832098,0.656905,-0.636543,-0.751791,0.376611,-0.028075,-0.582619,0.508534,0.317631,-0.348989,0.467474,0.402111,-1.563115,-1.554089,1.383700,0.307182,-0.589617,-0.191960,0.946647,-0.637901,-1.095178,0.218586,0.701018
37.298961,-0.420428,-3.394805,2.558415,-0.830169,-1.465173,0.831403,0.659379,-0.376349,-0.653989,0.550038,-0.138364,-0.574082,0.525085,0.317983,-0.349569,0.467277,0.403038,-1.563746,-1.555180,1.383920,0.307911,-0.584395,-0.192764,0.942658,-0.638098,-1.094446,0.219206,0.709112
37.299927,-0.405557,-3.397033,2.557991,-0.829454,-1.472980,0.830660,0.659496,-0.123765,-0.554065,0.717499,-0.252022,-0.563687,0.540753,0.318330,-0.350142,0.467077,0.403969,-1.564374,-1.556252,1.384144,0.308598,-0.581175,-0.195385,0.937904,-0.633687,-1.091048,0.220006,0.704040
37.301004,-0.397479,-3.401123,2.560549,-0.833165,-1.480746,0.829987,0.659847,0.112348,-0.453465,0.872888,-0.366184,-0.551678,0.555017,0.318580,-0.350744,0.466881,0.404902,-1.565009,-1.557322,1.384364,0.309305,-0.587563,-0.195465,0.938953,-0.633727,-1.082964,0.220872,0.703777
37.301926,-0.400437,-3.403212,2.559503,-0.835095,-1.480755,0.829961,0.658901,0.337668,-0.358544,1.021227,-0.477168,-0.538433,0.568187,0.318700,-0.351347,0.466684,0.405841,-1.565629,-1.558405,1.384587,0.310016,-0.591121,-0.195042,0.939753,-0.631317,-1.076058,0.221816,0.703299
37.302901,-0.404780,-3.403839,2.571443,-0.836981,-1.480714,0.830168,0.657669,0.549975,-0.274318,1.161345,-0.581463,-0.524588,0.579983,0.318745,-0.351927,0.466491,0.406785,-1.566250,-1.559476,1.384810,0.310721,-0.588411,-0.195092,0.940385,-0.628339,-1.075392,0.221877,0.705026
37.304031,-0.399428,-3.402634,2.586405,-0.838417,-1.487103,0.833039,0.656809,0.738213,-0.199396,1.284960,-0.678167,-0.510657,0.589681,0.318764,-0.352512,0.466293,0.407704,-1.566866,-1.560561,1.385035,0.311435,-0.585355,-0.196011,0.935414,-0.626335,-1.075152,0.221775,0.707417
37.304930,-0.386691,-3.400809,2.585261,-0.837894,-1.481115,0.832673,0.657642,0.903841,-0.131994,1.393383,-0.767418,-0.496908,0.597657,0.318765,-0.353109,0.466093,0.408630,-1.567495,-1.561615,1.385247,0.312140,-0.588028,-0.198416,0.930836,-0.626816,-1.070427,0.219295,0.709539
37.306016,-0.392043,-3.400034,2.583879,-0.837418,-1.478162,0.830835,0.655269,1.060871,-0.070351,1.497292,-0.850541,-0.483394,0.605237,0.318745,-0.353707,0.465889,0.409570,-1.568120,-1.562702,1.385469,0.312847,-0.592905,-0.200197,0.931321,-0.625842,-1.075388,0.219701,0.707567
37.307024,-0.405070,-3.402716,2.588113,-0.839516,-1.476325,0.830896,0.654681,1.209483,-0.011445,1.596550,-0.928177,-0.470412,0.612627,0.318773,-0.354297,0.465682,0.410502,-1.568746,-1.563793,1.385695,0.313579,-0.589902,-0.202121,0.934321,-0.627645,-1.079203,0.221825,0.712548
37.308014,-0.413167,-3.403915,2.585400,-0.833487,-1.475697,0.833762,0.654994,1.328292,0.046451,1.674879,-0.997963,-0.458742,0.618384,0.318922,-0.354859,0.465482,0.411435,-1.569373,-1.564865,1.385917,0.314288,-0.582935,-0.202090,0.933460,-0.625600,-1.081221,0.221919,0.713726
37.308914,-0.404102,-3.415812,2.579630,-0.833909,-1.475957,0.833849,0.655700,1.395449,0.100007,1.716333,-1.054565,-0.449378,0.621039,0.319140,-0.355431,0.465279,0.412366,-1.570007,-1.565953,1.386133,0.315008,-0.578277,-0.202713,0.935947,-0.631371,-1.081682,0.219211,0.713022
37.309984,-0.405084,-3.421836,2.583400,-0.837998,-1.475340,0.835928,0.656633,1.408210,0.138511,1.720027,-1.091258,-0.443137,0.620371,0.319330,-0.356023,0.465091,0.413308,-1.570635,-1.567024,1.386352,0.315709,-0.581446,-0.197789,0.938694,-0.629343,-1.080454,0.219180,0.711364
37.310995,-0.404068,-3.425015,2.588562,-0.832333,-1.473790,0.832489,0.655265,1.382450,0.153037,1.698645,-1.106432,-0.439978,0.617350,0.319458,-0.356601,0.464896,0.414252,-1.571260,-1.568118,1.386567,0.316413,-0.580711,-0.196426,0.938711,-0.626313,-1.081751,0.217397,0.709732
37.311957,-0.410730,-3.421946,2.590076,-0.825178,-1.469707,0.829773,0.655985,1.334375,0.142916,1.664315,-1.102656,-0.439374,0.613099,0.319558,-0.357182,0.464698,0.415181,-1.571900,-1.569215,1.386795,0.317136,-0.580609,-0.196211,0.937508,-0.631916,-1.083284,0.221028,0.712502
37.312949,-0.418450,-3.426688,2.591979,-0.822030,-1.469727,0.831022,0.659660,1.268355,0.110644,1.620146,-1.080193,-0.441166,0.608027,0.319659,-0.357744,0.464497,0.416125,-1.572553,-1.570302,1.387022,0.317834,-0.576550,-0.198925,0.937361,-0.637865,-1.086954,0.223817,0.710970
37.313941,-0.412470,-3.424125,2.587828,-0.819968,-1.469585,0.833203,0.659075,1.178861,0.060632,1.561721,-1.038981,-0.445290,0.601781,0.319733,-0.358310,0.464302,0.417055,-1.573199,-1.571393,1.387241,0.318530,-0.572128,-0.197837,0.937538,-0.640363,-1.086736,0.222696,0.703607
37.315014,-0.422503,-3.424874,2.585517,-0.820076,-1.470798,0.839340,0.661658,1.064372,-0.000139,1.487270,-0.982469,-0.451246,0.594206,0.319751,-0.358893,0.464097,0.418006,-1.573840,-1.572486,1.387456,0.319228,-0.574440,-0.200366,0.940544,-0.641967,-1.086711,0.220701,0.704898
37.315992,-0.431433,-3.426857,2.579248,-0.812455,-1.467876,0.842209,0.660028,0.928186,-0.060864,1.398063,-0.917509,-0.458181,0.585554,0.319729,-0.359445,0.463893,0.418963,-1.574489,-1.573561,1.387663,0.319924,-0.569467,-0.201499,0.943510,-0.642401,-1.086364,0.214886,0.699944
37.316917,-0.438379,-3.430402,2.575564,-0.808854,-1.471304,0.843774,0.661916,0.763721,-0.115645,1.288412,-0.846673,-0.465848,0.575450,0.319704,-0.360001,0.463692,0.419907,-1.575143,-1.574655,1.387870,0.320639,-0.564487,-0.201698,0.947441,-0.649066,-1.088978,0.212267,0.703216
37.317959,-0.443904,-3.437333,2.579898,-0.804903,-1.477505,0.846168,0.662681,0.562871,-0.168959,1.152543,-0.766522,-0.474611,0.563334,0.319676,-0.360557,0.463493,0.420866,-1.575802,-1.575722,1.388080,0.321322,-0.560172,-0.200949,0.949230,-0.650715,-1.084836,0.210839,0.699275
37.318967,-0.444401,-3.437960,2.581992,-0.804663,-1.481386,0.844707,0.664896,0.331035,-0.228542,0.995169,-0.674207,-0.484598,0.549531,0.319587,-0.361100,0.463297,0.421819,-1.576467,-1.576794,1.388288,0.322018,-0.557455,-0.198977,0.948509,-0.654389,-1.079192,0.208747,0.697958
37.319902,-0.447957,-3.444935,2.576472,-0.803140,-1.482860,0.843148,0.665082,0.084246,-0.297972,0.828603,-0.570987,-0.495445,0.535116,0.319412,-0.361657,0.463092,0.422761,-1.577117,-1.577873,1.388505,0.322694,-0.556888,-0.199963,0.948672,-0.654144,-1.075470,0.210448,0.693667
37.320937,-0.456487,-3.452175,2.569439,-0.803152,-1.482843,0.846292,0.665586,-0.164529,-0.373886,0.662059,-0.461886,-0.506558,0.520878,0.319214,-0.362201,0.462901,0.423722,-1.577778,-1.578937,1.388719,0.323392,-0.554451,-0.197609,0.951511,-0.653871,-1.073511,0.212125,0.693205
37.321910,-0.467171,-3.456639,2.570755,-0.803590,-1.484912,0.848730,0.665658,-0.676428,-0.536379,0.320654,-0.236220,-0.529365,0.491502,0.318931,-0.363279,0.462518,0.425640,-1.579079,-1.581072,1.389121,0.324774,-0.544506,-0.194593,0.956216,-0.652359,-1.071865,0.207090,0.692257
37.322995,-0.465316,-3.457085,2.580084,-0.803519,-1.487203,0.850075,0.666974,-0.676428,-0.536379,0.320654,-0.236220,-0.529365,0.491502,0.318931,-0.363279,0.462518,0.425640,-1.579079,-1.581072,1.389121,0.324774,-0.544506,-0.194593,0.956216,-0.652359,-1.071865,0.207090,0.692257
37.324026,-0.456186,-3.461974,2.574940,-0.803076,-1.489975,0.851174,0.664447,-0.938658,-0.616851,0.145519,-0.125071,-0.540997,0.476347,0.318854,-0.363820,0.462318,0.426597,-1.579735,-1.582141,1.389323,0.325462,-0.545832,-0.196006,0.953492,-0.653016,-1.070661,0.206172,0.689942
37.324954,-0.458440,-3.465830,2.567228,-0.800672,-1.487864,0.851889,0.662136,-1.180667,-0.692336,-0.014831,-0.021120,-0.552281,0.462709,0.318867,-0.364379,0.462123,0.427558,-1.580386,-1.583212,1.389530,0.326173,-0.550204,-0.195016,0.957383,-0.653330,-1.068343,0.205376,0.695168
37.325924,-0.464189,-3.466496,2.573437,-0.796611,-1.488881,0.852076,0.661875,-1.391959,-0.763632,-0.152867,0.074337,-0.563311,0.451289,0.319016,-0.364919,0.461932,0.428531,-1.581044,-1.584278,1.389729,0.326886,-0.548380,-0.194224,0.961066,-0.653905,-1.069889,0.204850,0.699574
37.327056,-0.466648,-3.462019,2.583901,-0.801672,-1.489067,0.855715,0.663461,-1.578609,-0.831997,-0.273539,0.162700,-0.574595,0.441640,0.319271,-0.365454,0.461734,0.429475,-1.581702,-1.585352,1.389938,0.327580,-0.545173,-0.195130,0.958599,-0.656776,-1.068625,0.204868,0.700048
37.328010,-0.456343,-3.462828,2.588559,-0.798642,-1.484906,0.857218,0.662002,-1.742064,-0.891624,-0.378767,0.241197,-0.586036,0.433850,0.319554,-0.365998,0.461527,0.430430,-1.582353,-1.586417,1.390133,0.328262,-0.544561,-0.199096,0.955931,-0.653042,-1.070079,0.201718,0.697342
37.328986,-0.447504,-3.466192,2.592290,-0.802685,-1.481027,0.854679,0.660929,-1.870764,-0.933337,-0.460834,0.303003,-0.596798,0.428945,0.319838,-0.366553,0.461327,0.431384,-1.583016,-1.587505,1.390332,0.328969,-0.549100,-0.199788,0.953985,-0.654559,-1.073724,0.200465,0.700210
37.329990,-0.459823,-3.472684,2.595004,-0.801701,-1.475304,0.854393,0.659677,-1.949450,-0.957475,-0.508360,0.345203,-0.606203,0.427875,0.320144,-0.367111,0.461129,0.432332,-1.583652,-1.588601,1.390539,0.329686,-0.552957,-0.199331,0.952860,-0.649856,-1.077222,0.203266,0.702262
37.330988,-0.467048,-3.470974,2.601636,-0.802987,-1.472035,0.854766,0.661380,-1.980744,-0.970817,-0.522851,0.370303,-0.614181,0.430054,0.320482,-0.367640,0.460939,0.433286,-1.584304,-1.589683,1.390745,0.330392,-0.546671,-0.197499,0.952517,-0.650336,-1.083034,0.203794,0.704811
37.331926,-0.448790,-3.476685,2.603390,-0.804430,-1.470949,0.856803,0.657566,-1.987365,-0.976884,-0.521020,0.382597,-0.620996,0.433567,0.320807,-0.368180,0.460736,0.434221,-1.584956,-1.590779,1.390950,0.331090,-0.542882,-0.199646,0.950331,-0.648373,-1.086134,0.203676,0.701398
37.332912,-0.436501,-3.478789,2.604699,-0.805728,-1.476880,0.857481,0.657192,-1.975706,-0.975960,-0.507486,0.382933,-0.626362,0.437796,0.321094,-0.368751,0.460540,0.435172,-1.585593,-1.591871,1.391143,0.331805,-0.551172,-0.197869,0.949678,-0.645731,-1.086428,0.201865,0.708950
37.333926,-0.439883,-3.484521,2.610608,-0.809031,-1.476547,0.859739,0.657405,-1.928546,-0.971338,-0.469022,0.370331,-0.629602,0.443785,0.321391,-0.369315,0.460343,0.436123,-1.586235,-1.592939,1.391347,0.332523,-0.556725,-0.198122,0.949840,-0.643874,-1.080449,0.201451,0.709570
37.335004,-0.437642,-3.481424,2.613056,-0.811564,-1.479234,0.860012,0.657454,-1.840693,-0.966678,-0.401548,0.345845,-0.630527,0.451803,0.321714,-0.369871,0.460147,0.437061,-1.586864,-1.594028,1.391542,0.333237,-0.554669,-0.196637,0.948186,-0.640689,-1.080942,0.199523,0.709166
37.335944,-0.432014,-3.478584,2.618391,-0.816303,-1.481802,0.858428,0.657839,-1.726191,-0.959043,-0.316094,0.309955,-0.629199,0.460926,0.322019,-0.370433,0.459944,0.438014,-1.587500,-1.595098,1.391739,0.333941,-0.555854,-0.199787,0.948923,-0.639122,-1.079231,0.199702,0.709332
37.336992,-0.422483,-3.478532,2.626102,-0.821875,-1.484418,0.854606,0.658527,-1.595612,-0.938473,-0.221786,0.259193,-0.625279,0.470612,0.322267,-0.370995,0.459737,0.438963,-1.588127,-1.596174,1.391945,0.334652,-0.557853,-0.202187,0.946478,-0.633419,-1.076064,0.201470,0.708384
37.338023,-0.419585,-3.479914,2.628168,-0.824562,-1.485068,0.851388,0.658759,-1.446834,-0.896717,-0.117974,0.188844,-0.618186,0.481135,0.322438,-0.371572,0.459529,0.439893,-1.588743,-1.597253,1.392155,0.335362,-0.562316,-0.203586,0.944466,-0.628826,-1.074036,0.205624,0.707156
37.338977,-0.417981,-3.478344,2.629472,-0.823650,-1.482877,0.850570,0.659367,-1.278075,-0.835009,-0.003223,0.099372,-0.607939,0.492512,0.322499,-0.372133,0.459324,0.440842,-1.589363,-1.598318,1.392372,0.336059,-0.563475,-0.204236,0.944844,-0.626785,-1.073931,0.209074,0.706854
37.339960,-0.418119,-3.481386,2.630282,-0.825349,-1.479985,0.850277,0.657967,-1.099165,-0.759648,0.115821,-0.003255,-0.595349,0.503896,0.322423,-0.372700,0.459116,0.441779,-1.589985,-1.599396,1.392586,0.336765,-0.563465,-0.206061,0.944763,-0.627143,-1.075703,0.210008,0.705521
37.341103,-0.410932,-3.485431,2.646768,-0.831140,-1.483986,0.851558,0.660092,-0.924215,-0.677054,0.229470,-0.111957,-0.581376,0.514203,0.322240,-0.373269,0.458912,0.442725,-1.590606,-1.600467,1.392796,0.337474,-0.562746,-0.205707,0.945210,-0.625282,-1.078551,0.210508,0.708330
37.341995,-0.395932,-3.488474,2.645412,-0.833043,-1.486555,0.852571,0.659321,-0.754635,-0.593960,0.337723,-0.222015,-0.566549,0.523276,0.322015,-0.373842,0.458707,0.443659,-1.591223,-1.601540,1.393004,0.338177,-0.566698,-0.205453,0.939864,-0.621855,-1.076158,0.209673,0.704460
37.342926,-0.390235,-3.492830,2.648313,-0.832253,-1.486815,0.849809,0.659990,-0.382731,-0.450573,0.578466,-0.437619,-0.535098,0.541336,0.321589,-0.375003,0.458302,0.445530,-1.592447,-1.603681,1.393431,0.339589,-0.574561,-0.203625,0.939279,-0.618791,-1.071685,0.211622,0.704236
37.344075,-0.395620,-3.492652,2.650282,-0.838035,-1.486351,0.848609,0.659328,-0.382731,-0.450573,0.578466,-0.437619,-0.535098,0.541336,0.321589,-0.375003,0.458302,0.445530,-1.592447,-1.603681,1.393431,0.339589,-0.574561,-0.203625,0.939279,-0.618791,-1.071685,0.211622,0.704236
37.344986,-0.396039,-3.496496,2.652795,-0.836359,-1.488063,0.851391,0.659234,-0.185399,-0.396038,0.708030,-0.537218,-0.519582,0.550235,0.321472,-0.375576,0.458092,0.446466,-1.593058,-1.604769,1.393651,0.340303,-0.572182,-0.205474,0.941339,-0.615585,-1.073755,0.213209,0.706014
37.345997,-0.388518,-3.492170,2.661799,-0.839420,-1.482596,0.850963,0.660837,-0.004376,-0.348522,0.825426,-0.628653,-0.505122,0.557694,0.321446,-0.376147,0.457887,0.447406,-1.593671,-1.605845,1.393856,0.341010,-0.570855,-0.204430,0.940068,-0.616299,-1.071115,0.210517,0.705954
37.347004,-0.379463,-3.490132,2.664852,-0.840281,-1.480975,0.848674,0.662687,0.156617,-0.305256,0.927886,-0.711590,-0.492082,0.563772,0.321435,-0.376725,0.457671,0.448346,-1.594278,-1.606923,1.394070,0.341702,-0.574087,-0.207792,0.936792,-0.613821,-1.076835,0.211201,0.702829
37.347961,-0.374923,-3.492160,2.666038,-0.841596,-1.474089,0.848219,0.662836,0.309336,-0.260705,1.024026,-0.789673,-0.480216,0.569610,0.321372,-0.377313,0.457458,0.449272,-1.594886,-1.608010,1.394289,0.342396,-0.577901,-0.209967,0.936676,-0.613550,-1.078468,0.213701,0.699220
37.348961,-0.370328,-3.487721,2.671417,-0.835745,-1.477406,0.845661,0.660565,0.460192,-0.211499,1.118552,-0.865150,-0.469379,0.575813,0.321291,-0.377891,0.457251,0.450214,-1.595497,-1.609110,1.394503,0.343089,-0.579230,-0.209978,0.936641,-0.611940,-1.084774,0.214288,0.698913
37.350035,-0.375091,-3.492631,2.686657,-0.836675,-1.477701,0.844792,0.662180,0.606624,-0.161601,1.210219,-0.934545,-0.459989,0.582241,0.321261,-0.378477,0.457031,0.451136,-1.596129,-1.610179,1.394728,0.343802,-0.580794,-0.213287,0.935262,-0.617716,-1.081503,0.217008,0.703502
37.351022,-0.365863,-3.491274,2.694260,-0.838983,-1.477252,0.847479,0.661864,0.745174,-0.118494,1.297661,-0.991740,-0.452638,0.588668,0.321280,-0.379053,0.456817,0.452061,-1.596744,-1.611264,1.394947,0.344494,-0.578206,-0.212199,0.929822,-0.618119,-1.082038,0.218155,0.700491
37.351929,-0.350064,-3.490447,2.689898,-0.831293,-1.478462,0.848314,0.659904,0.878548,-0.086765,1.383973,-1.034645,-0.447307,0.595275,0.321333,-0.379641,0.456601,0.452992,-1.597359,-1.612340,1.395160,0.345198,-0.582040,-0.213961,0.927110,-0.615864,-1.082423,0.215624,0.701158
37.353024,-0.352305,-3.491207,2.685563,-0.830962,-1.477027,0.849711,0.658048,1.015098,-0.065991,1.475830,-1.065069,-0.443491,0.602696,0.321447,-0.380243,0.456382,0.453919,-1.597988,-1.613420,1.395373,0.345912,-0.588447,-0.215095,0.929469,-0.622175,-1.080222,0.214888,0.704837
37.353954,-0.370163,-3.495036,2.684552,-0.825980,-1.480372,0.851793,0.657728,1.150838,-0.056115,1.570343,-1.081824,-0.441149,0.610704,0.321631,-0.380832,0.456164,0.454864,-1.598620,-1.614500,1.395582,0.346623,-0.587066,-0.216143,0.933877,-0.623758,-1.082768,0.213874,0.708833
37.355134,-0.376375,-3.490789,2.703166,-0.830245,-1.486243,0.851992,0.659223,1.259073,-0.057295,1.647387,-1.081092,-0.440719,0.617442,0.321842,-0.381386,0.455950,0.455802,-1.599257,-1.615574,1.395792,0.347336,-0.577257,-0.215086,0.934622,-0.627452,-1.078694,0.211910,0.709235
37.356068,-0.362388,-3.491205,2.697711,-0.828078,-1.490751,0.851197,0.657559,1.318975,-0.066499,1.691115,-1.062598,-0.442225,0.621587,0.321995,-0.381960,0.455721,0.456714,-1.599878,-1.616644,1.396006,0.348047,-0.574758,-0.218871,0.928933,-0.625968,-1.074923,0.212212,0.706737
37.356958,-0.362267,-3.492129,2.697648,-0.821303,-1.486814,0.848253,0.656242,1.341383,-0.077017,1.709167,-1.033079,-0.444777,0.624104,0.322045,-0.382556,0.455501,0.457658,-1.600514,-1.617695,1.396219,0.348757,-0.580557,-0.219453,0.932005,-0.626935,-1.070020,0.213135,0.709946
37.358010,-0.374777,-3.486082,2.693596,-0.815958,-1.492942,0.849661,0.654911,1.344585,-0.089003,1.715225,-0.996417,-0.447863,0.626212,0.322021,-0.383128,0.455277,0.458584,-1.601150,-1.618773,1.396438,0.349479,-0.579285,-0.219580,0.931929,-0.631859,-1.072904,0.216116,0.712220
37.358921,-0.384777,-3.489262,2.703625,-0.810500,-1.499059,0.852068,0.653962,1.323788,-0.105547,1.705743,-0.950285,-0.451961,0.627374,0.321960,-0.383694,0.455048,0.459531,-1.601814,-1.619826,1.396646,0.350195,-0.572798,-0.223785,0.935666,-0.637095,-1.067569,0.214989,0.715022
37.360054,-0.382437,-3.490819,2.698441,-0.808823,-1.500029,0.854314,0.653810,1.264553,-0.126412,1.669691,-0.892250,-0.457706,0.626473,0.321864,-0.384243,0.454825,0.460460,-1.602461,-1.620880,1.396856,0.350912,-0.566953,-0.222848,0.930722,-0.640715,-1.060769,0.212671,0.716637
37.361186,-0.380936,-3.500693,2.693088,-0.807799,-1.502991,0.856381,0.653054,1.167934,-0.155424,1.608294,-0.820995,-0.465423,0.623420,0.321728,-0.384817,0.454597,0.461401,-1.603105,-1.621956,1.397066,0.351639,-0.568429,-0.223537,0.936150,-0.643951,-1.061391,0.210868,0.717253
37.361970,-0.394437,-3.501531,2.684488,-0.801842,-1.497684,0.855669,0.651889,1.043577,-0.197565,1.529063,-0.736810,-0.475172,0.618636,0.321604,-0.385383,0.454384,0.462351,-1.603760,-1.623004,1.397271,0.352358,-0.569507,-0.220182,0.941466,-0.646268,-1.060195,0.209265,0.719129
37.362953,-0.406317,-3.505542,2.686655,-0.796185,-1.494192,0.855386,0.650758,0.890885,-0.255115,1.431213,-0.640127,-0.487095,0.611871,0.321557,-0.385929,0.454162,0.463293,-1.604416,-1.624075,1.397486,0.353087,-0.561041,-0.220036,0.944162,-0.648247,-1.063345,0.209878,0.720778
37.363926,-0.410254,-3.511016,2.690568,-0.796165,-1.488028,0.854087,0.650959,0.700641,-0.327158,1.307310,-0.531145,-0.501412,0.602420,0.321594,-0.386475,0.453943,0.464237,-1.605075,-1.625154,1.397695,0.353807,-0.554755,-0.219033,0.943897,-0.652892,-1.066703,0.210374,0.722967
37.364930,-0.399041,-3.513453,2.691154,-0.793880,-1.488674,0.852085,0.652751,0.476071,-0.412533,1.159536,-0.411875,-0.517968,0.590475,0.321679,-0.387019,0.453731,0.465186,-1.605727,-1.626220,1.397910,0.354530,-0.552419,-0.217335,0.942611,-0.651835,-1.072783,0.211852,0.722421
37.366019,-0.399162,-3.518430,2.693901,-0.797339,-1.485559,0.852301,0.653987,0.240688,-0.509644,1.005305,-0.287982,-0.535948,0.577592,0.321780,-0.387589,0.453514,0.466124,-1.606381,-1.627297,1.398130,0.355248,-0.557576,-0.217250,0.943524,-0.653551,-1.072180,0.214038,0.718798
37.367005,-0.412799,-3.517632,2.689617,-0.790041,-1.483914,0.851653,0.655802,0.019586,-0.613639,0.862669,-0.166866,-0.554280,0.565463,0.321874,-0.388149,0.453303,0.467074,-1.607033,-1.628370,1.398342,0.355952,-0.557601,-0.216242,0.944257,-0.650782,-1.076412,0.214163,0.716626
37.368009,-0.421055,-3.523479,2.693556,-0.791312,-1.482374,0.851883,0.655757,-0.186405,-0.718593,0.731252,-0.051873,-0.572387,0.554116,0.321965,-0.388679,0.453082,0.468037,-1.607705,-1.629461,1.398559,0.356665,-0.550548,-0.217655,0.947089,-0.656855,-1.077805,0.214986,0.712940
37.369065,-0.421740,-3.521754,2.697570,-0.794451,-1.482568,0.851297,0.656322,-0.393869,-0.821387,0.598085,0.058537,-0.590161,0.542367,0.322087,-0.389217,0.452867,0.468972,-1.608354,-1.630550,1.398773,0.357376,-0.546309,-0.215835,0.946305,-0.655011,-1.079340,0.214967,0.713090
37.369960,-0.425982,-3.528342,2.688587,-0.791916,-1.479832,0.849891,0.657546,-0.604648,-0.917560,0.461296,0.161845,-0.606833,0.530081,0.322265,-0.389755,0.452647,0.469925,-1.609004,-1.631621,1.398990,0.358084,-0.546199,-0.218003,0.945962,-0.652135,-1.079880,0.215835,0.712125
37.371012,-0.430379,-3.531801,2.696180,-0.794518,-1.484707,0.845776,0.655804,-0.811900,-1.001941,0.325406,0.253302,-0.621402,0.517690,0.322490,-0.390294,0.452434,0.470876,-1.609651,-1.632705,1.399212,0.358791,-0.543211,-0.215415,0.950173,-0.652617,-1.081478,0.217253,0.709382
37.371941,-0.437401,-3.537682,2.687453,-0.796256,-1.486615,0.842243,0.658156,-1.014694,-1.076648,0.191199,0.333528,-0.633620,0.505086,0.322771,-0.390830,0.452222,0.471824,-1.610304,-1.633761,1.399436,0.359517,-0.541206,-0.215056,0.947980,-0.650148,-1.077387,0.221628,0.713027
37.372885,-0.435156,-3.539337,2.688619,-0.798938,-1.491008,0.843661,0.659246,-1.213639,-1.144094,0.058286,0.403322,-0.643419,0.492061,0.323120,-0.391354,0.452013,0.472794,-1.610952,-1.634836,1.399668,0.360211,-0.537233,-0.213033,0.952288,-0.646823,-1.074822,0.225151,0.708111
37.374021,-0.431377,-3.544971,2.700116,-0.803493,-1.498149,0.844565,0.661570,-1.408066,-1.202004,-0.073296,0.460665,-0.650607,0.478639,0.323466,-0.391894,0.451802,0.473737,-1.611584,-1.635902,1.399891,0.360914,-0.537858,-0.213178,0.952051,-0.643146,-1.069982,0.223753,0.705838
37.375026,-0.424852,-3.547303,2.700846,-0.805652,-1.499088,0.842138,0.663354,-1.584102,-1.249427,-0.193236,0.502730,-0.654953,0.465940,0.323715,-0.392440,0.451594,0.474686,-1.612220,-1.636977,1.400115,0.361603,-0.540356,-0.212059,0.948961,-0.640419,-1.064396,0.223214,0.701651
37.376097,-0.425202,-3.544269,2.703203,-0.810038,-1.497887,0.841525,0.661630,-1.721824,-1.288204,-0.286249,0.527601,-0.656369,0.455505,0.323848,-0.392983,0.451383,0.475627,-1.612859,-1.638033,1.400345,0.362297,-0.543436,-0.212083,0.949799,-0.638017,-1.063832,0.225793,0.698177
37.376994,-0.421065,-3.545446,2.707604,-0.811228,-1.495234,0.839253,0.660279,-1.816332,-1.314531,-0.349190,0.532687,-0.654850,0.447793,0.323921,-0.393530,0.451161,0.476586,-1.613485,-1.639110,1.400575,0.362999,-0.543400,-0.214924,0.950386,-0.634717,-1.065893,0.226612,0.701945
37.377942,-0.418249,-3.541959,2.715504,-0.813226,-1.490633,0.839450,0.660629,-1.871887,-1.321172,-0.386257,0.515045,-0.650387,0.442640,0.323988,-0.394071,0.450949,0.477539,-1.614112,-1.640173,1.400810,0.363708,-0.544630,-0.215088,0.947850,-0.631972,-1.067650,0.228831,0.704357
37.379038,-0.407365,-3.542297,2.722965,-0.818454,-1.489326,0.841303,0.661775,-1.888595,-1.306583,-0.397716,0.474337,-0.643080,0.440124,0.324054,-0.394620,0.450726,0.478467,-1.614731,-1.641257,1.401042,0.364415,-0.545408,-0.217679,0.944504,-0.629357,-1.071706,0.228634,0.703500
37.379954,-0.394102,-3.547097,2.719016,-0.816438,-1.483988,0.840375,0.660490,-1.861445,-1.270985,-0.379623,0.410641,-0.632934,0.440725,0.324112,-0.395177,0.450507,0.479412,-1.615350,-1.642321,1.401270,0.365106,-0.551112,-0.218931,0.943032,-0.625755,-1.074233,0.227032,0.701556
37.380952,-0.394751,-3.550760,2.726140,-0.815150,-1.485350,0.839329,0.658701,-1.786116,-1.219830,-0.328049,0.327198,-0.620270,0.444756,0.324176,-0.395746,0.450292,0.480350,-1.615978,-1.643407,1.401500,0.365820,-0.556684,-0.217308,0.945145,-0.626502,-1.078664,0.227981,0.703924
37.382018,-0.400705,-3.557666,2.737360,-0.818050,-1.485249,0.837199,0.659875,-1.668693,-1.167017,-0.246075,0.234091,-0.606229,0.451593,0.324255,-0.396302,0.450075,0.481295,-1.616602,-1.644495,1.401731,0.366541,-0.555904,-0.216573,0.942573,-0.627818,-1.077175,0.229134,0.707479
37.382961,-0.388757,-3.558702,2.741709,-0.823251,-1.487566,0.836177,0.659596,-1.525054,-1.124384,-0.144301,0.141927,-0.592121,0.459983,0.324304,-0.396848,0.449864,0.482233,-1.617222,-1.645570,1.401966,0.367236,-0.553049,-0.214515,0.938911,-0.626029,-1.078111,0.231459,0.705332
37.383983,-0.376148,-3.566253,2.745777,-0.824555,-1.488826,0.835660,0.658023,-1.181279,-1.071433,0.102372,-0.032923,-0.565040,0.480087,0.324096,-0.397999,0.449441,0.484097,-1.618440,-1.647714,1.402437,0.368647,-0.563961,-0.212403,0.936713,-0.619837,-1.074363,0.233089,0.709044
37.384966,-0.372683,-3.564713,2.740827,-0.825214,-1.481459,0.831853,0.656046,-1.181279,-1.071433,0.102372,-0.032923,-0.565040,0.480087,0.324096,-0.397999,0.449441,0.484097,-1.618440,-1.647714,1.402437,0.368647,-0.563961,-0.212403,0.936713,-0.619837,-1.074363,0.233089,0.709044
37.385967,-0.376739,-3.565124,2.748550,-0.825711,-1.483686,0.829440,0.656640,-0.977376,-1.056903,0.249535,-0.117075,-0.552240,0.492261,0.323935,-0.398566,0.449222,0.485046,-1.619058,-1.648817,1.402683,0.369370,-0.565030,-0.214233,0.940036,-0.619147,-1.081444,0.236923,0.712921
37.387059,-0.378074,-3.562507,2.755329,-0.829104,-1.480396,0.829318,0.655369,-0.769955,-1.044303,0.398248,-0.197425,-0.540490,0.504657,0.323836,-0.399127,0.449002,0.485969,-1.619671,-1.649900,1.402925,0.370083,-0.562529,-0.215080,0.937443,-0.618972,-1.079142,0.239369,0.711683
37.387994,-0.361179,-3.564880,2.764432,-0.828186,-1.480344,0.831371,0.656667,-0.574416,-1.026452,0.536123,-0.273871,-0.530028,0.516268,0.323793,-0.399686,0.448781,0.486901,-1.620284,-1.650985,1.403167,0.370798,-0.562054,-0.217786,0.936426,-0.617267,-1.083485,0.239648,0.714517
37.388988,-0.347508,-3.558055,2.761346,-0.826248,-1.478502,0.831355,0.653088,-0.386459,-1.001816,0.666564,-0.346858,-0.520773,0.527477,0.323796,-0.400276,0.448562,0.487818,-1.620896,-1.652069,1.403403,0.371509,-0.569371,-0.217395,0.932428,-0.617574,-1.082781,0.237551,0.711687
37.389923,-0.347783,-3.555327,2.769366,-0.823388,-1.479193,0.830131,0.651681,-0.190192,-0.972660,0.802113,-0.416412,-0.512535,0.539498,0.323879,-0.400871,0.448336,0.488759,-1.621519,-1.653143,1.403642,0.372236,-0.575314,-0.221828,0.935077,-0.619518,-1.084685,0.237645,0.718870
37.391045,-0.355774,-3.556753,2.773552,-0.827232,-1.483758,0.830761,0.653054,0.016101,-0.937969,0.943983,-0.481738,-0.505281,0.552571,0.324066,-0.401435,0.448107,0.489689,-1.622147,-1.654226,1.403880,0.372958,-0.574208,-0.223878,0.931421,-0.621351,-1.083261,0.238850,0.721416
37.392078,-0.350081,-3.553670,2.775528,-0.831949,-1.487381,0.830886,0.654358,0.216061,-0.896830,1.079765,-0.540233,-0.499207,0.565545,0.324298,-0.402004,0.447880,0.490615,-1.622759,-1.655303,1.404119,0.373680,-0.570425,-0.224573,0.932177,-0.619649,-1.080068,0.238443,0.718929
37.392925,-0.334507,-3.556387,2.773793,-0.830404,-1.485816,0.829934,0.654132,0.393985,-0.847150,1.197478,-0.591720,-0.494191,0.577253,0.324508,-0.402590,0.447651,0.491548,-1.623372,-1.656367,1.404357,0.374388,-0.572804,-0.227207,0.932801,-0.615737,-1.077012,0.238441,0.716437
37.394038,-0.340589,-3.553866,2.776753,-0.831413,-1.490149,0.831094,0.654719,0.552685,-0.787769,1.299245,-0.638935,-0.489700,0.587820,0.324704,-0.403174,0.447425,0.492473,-1.623990,-1.657445,1.404603,0.375108,-0.578937,-0.226232,0.933064,-0.615225,-1.077004,0.239192,0.716450
37.394950,-0.340087,-3.562704,2.778960,-0.827520,-1.490580,0.832865,0.653481,0.698538,-0.723912,1.390693,-0.680957,-0.485633,0.597574,0.324913,-0.403747,0.447188,0.493409,-1.624604,-1.658521,1.404840,0.375813,-0.575933,-0.228802,0.934154,-0.616219,-1.073943,0.238256,0.715619
37.396039,-0.342110,-3.554145,2.785021,-0.830011,-1.491555,0.835035,0.656867,0.824217,-0.664704,1.467659,-0.711993,-0.482622,0.605872,0.325136,-0.404316,0.446972,0.494350,-1.625231,-1.659581,1.405073,0.376537,-0.575111,-0.225100,0.933041,-0.618777,-1.072817,0.236443,0.717828
37.396997,-0.332907,-3.552876,2.791669,-0.826954,-1.498337,0.838099,0.656323,0.924251,-0.615241,1.526970,-0.729033,-0.481112,0.612321,0.325348,-0.404893,0.446731,0.495272,-1.625847,-1.660652,1.405304,0.377239,-0.574026,-0.230606,0.932451,-0.617852,-1.072951,0.234509,0.711268
37.397989,-0.328506,-3.551540,2.788681,-0.823276,-1.499098,0.838545,0.659673,1.005033,-0.569608,1.573056,-0.736808,-0.480804,0.617660,0.325504,-0.405472,0.446497,0.496201,-1.626477,-1.661696,1.405528,0.377955,-0.577760,-0.231936,0.929832,-0.620230,-1.066039,0.231523,0.712295
37.398913,-0.335483,-3.550077,2.788873,-0.815195,-1.498885,0.839909,0.659879,1.075860,-0.525787,1.612938,-0.738026,-0.481688,0.622796,0.325586,-0.406055,0.446259,0.497129,-1.627113,-1.662763,1.405761,0.378646,-0.579178,-0.233419,0.932538,-0.623560,-1.065415,0.231190,0.705583
37.400100,-0.343524,-3.554307,2.787487,-0.812949,-1.499185,0.842042,0.662301,1.131867,-0.489056,1.643706,-0.729008,-0.484502,0.627413,0.325617,-0.406627,0.446020,0.498066,-1.627752,-1.663841,1.405990,0.379342,-0.574579,-0.234696,0.932638,-0.630220,-1.064880,0.229824,0.705085
37.400980,-0.345882,-3.552713,2.779378,-0.808475,-1.495294,0.844016,0.662588,1.155822,-0.464177,1.652983,-0.704423,-0.490128,0.630251,0.325626,-0.407186,0.445791,0.499019,-1.628402,-1.664904,1.406212,0.380035,-0.571330,-0.234200,0.936638,-0.634683,-1.066834,0.228130,0.700814
37.401982,-0.347670,-3.563963,2.792094,-0.807060,-1.492791,0.845136,0.665305,1.135135,-0.452098,1.631315,-0.662539,-0.498858,0.630354,0.325621,-0.407749,0.445552,0.499958,-1.629037,-1.665985,1.406432,0.380738,-0.568934,-0.235399,0.940333,-0.637127,-1.069452,0.226147,0.699971
37.402989,-0.340720,-3.569377,2.788027,-0.805505,-1.486449,0.843546,0.664259,1.074843,-0.454524,1.582776,-0.605035,-0.510305,0.627948,0.325614,-0.408320,0.445329,0.500889,-1.629679,-1.667052,1.406654,0.381415,-0.567499,-0.230753,0.935127,-0.638186,-1.072151,0.225207,0.694642
37.403921,-0.340772,-3.576845,2.791531,-0.802637,-1.485374,0.841655,0.664501,0.995081,-0.479026,1.523738,-0.533264,-0.523828,0.624198,0.325644,-0.408893,0.445104,0.501843,-1.630325,-1.668144,1.406881,0.382120,-0.570474,-0.229092,0.938289,-0.639360,-1.078526,0.226962,0.696862
37.404958,-0.347767,-3.579605,2.793296,-0.806326,-1.482370,0.844190,0.662873,0.911216,-0.529183,1.466286,-0.449294,-0.538686,0.619934,0.325741,-0.409459,0.444883,0.502773,-1.630965,-1.669232,1.407116,0.382813,-0.569489,-0.226143,0.936893,-0.640910,-1.078765,0.228841,0.696235
37.405948,-0.356053,-3.583227,2.800886,-0.806937,-1.486641,0.847124,0.663333,0.825434,-0.599460,1.411333,-0.357486,-0.553994,0.615199,0.325900,-0.410013,0.444659,0.503718,-1.631601,-1.670308,1.407335,0.383526,-0.565839,-0.225935,0.937542,-0.637480,-1.082278,0.226502,0.699635
37.406991,-0.343936,-3.585084,2.796146,-0.804374,-1.490728,0.852196,0.664082,0.732976,-0.678483,1.353963,-0.264142,-0.568745,0.609712,0.326105,-0.410569,0.444434,0.504641,-1.632230,-1.671387,1.407551,0.384219,-0.561242,-0.225082,0.934911,-0.636687,-1.077877,0.223743,0.698724
37.408141,-0.341995,-3.586107,2.792682,-0.807741,-1.495816,0.855433,0.662114,0.635392,-0.759273,1.294684,-0.172961,-0.582249,0.603686,0.326309,-0.411150,0.444206,0.505593,-1.632878,-1.672445,1.407762,0.384906,-0.566996,-0.225284,0.938851,-0.639408,-1.074517,0.218949,0.697445
37.409007,-0.353430,-3.586341,2.787133,-0.802823,-1.497318,0.856929,0.661235,0.540401,-0.837767,1.238808,-0.086335,-0.594022,0.597790,0.326464,-0.411713,0.443981,0.506550,-1.633518,-1.673515,1.407974,0.385619,-0.568393,-0.226329,0.943354,-0.637926,-1.071196,0.216179,0.701866
37.410009,-0.368482,-3.580641,2.789546,-0.808687,-1.498922,0.860817,0.662341,0.441929,-0.907703,1.180664,-0.006164,-0.603804,0.591719,0.326557,-0.412264,0.443752,0.507497,-1.634159,-1.674585,1.408184,0.386328,-0.561426,-0.226664,0.945483,-0.640520,-1.068386,0.214726,0.703225
37.410918,-0.370950,-3.581001,2.788985,-0.809208,-1.505393,0.862912,0.660288,0.321415,-0.960158,1.104825,0.065476,-0.611465,0.584341,0.326575,-0.412804,0.443518,0.508446,-1.634788,-1.675638,1.408389,0.387020,-0.553730,-0.230450,0.945294,-0.634556,-1.067135,0.211087,0.701071
37.411929,-0.365231,-3.581502,2.792820,-0.811427,-1.505773,0.860714,0.661840,0.171917,-0.985077,1.004668,0.123136,-0.616551,0.575424,0.326515,-0.413346,0.443286,0.509384,-1.635422,-1.676684,1.408596,0.387731,-0.551764,-0.230812,0.945580,-0.632510,-1.059993,0.209127,0.704985
37.412951,-0.367898,-3.582663,2.782192,-0.812731,-1.505442,0.857590,0.660135,0.007754,-0.983855,0.891211,0.164137,-0.618884,0.566015,0.326397,-0.413910,0.443051,0.510335,-1.636046,-1.677745,1.408810,0.388423,-0.554251,-0.231476,0.944777,-0.630505,-1.060032,0.211595,0.701923
37.413983,-0.381109,-3.586328,2.788873,-0.817126,-1.506321,0.858802,0.660712,-0.156569,-0.964340,0.776178,0.189651,-0.618788,0.556861,0.326257,-0.414450,0.442822,0.511302,-1.636677,-1.678800,1.409034,0.389139,-0.552828,-0.231930,0.951231,-0.629439,-1.060895,0.214911,0.705452
37.414925,-0.393880,-3.586362,2.790973,-0.819397,-1.507863,0.861895,0.658077,-0.324072,-0.931144,0.657389,0.201816,-0.616819,0.547380,0.326112,-0.414985,0.442591,0.512240,-1.637291,-1.679865,1.409246,0.389848,-0.546245,-0.231128,0.949342,-0.625777,-1.060542,0.213931,0.704358
37.416014,-0.382607,-3.589108,2.794281,-0.817850,-1.507493,0.864555,0.658750,-0.502399,-0.887591,0.529324,0.202792,-0.613474,0.536826,0.325948,-0.415516,0.442359,0.513190,-1.637915,-1.680912,1.409448,0.390561,-0.539419,-0.231831,0.948584,-0.622710,-1.058729,0.211010,0.709525
37.416948,-0.380237,-3.587938,2.783670,-0.819967,-1.502097,0.864992,0.658329,-0.684416,-0.839144,0.398200,0.194521,-0.609118,0.525722,0.325751,-0.416066,0.442124,0.514149,-1.638551,-1.681978,1.409656,0.391270,-0.545429,-0.231656,0.948925,-0.625403,-1.060269,0.208736,0.708382
37.417943,-0.396800,-3.588881,2.783553,-0.825315,-1.501753,0.861937,0.657212,-1.012817,-0.739855,0.162651,0.151479,-0.598028,0.505511,0.325405,-0.417131,0.441656,0.516070,-1.639773,-1.684121,1.410078,0.392695,-0.537548,-0.233295,0.955163,-0.617550,-1.065488,0.211761,0.711294
37.419013,-0.406746,-3.580632,2.791652,-0.826992,-1.495486,0.860608,0.656967,-1.012817,-0.739855,0.162651,0.151479,-0.598028,0.505511,0.325405,-0.417131,0.441656,0.516070,-1.639773,-1.684121,1.410078,0.392695,-0.537548,-0.233295,0.955163,-0.617550,-1.065488,0.211761,0.711294
37.419946,-0.395974,-3.581647,2.794725,-0.826686,-1.495435,0.860665,0.658925,-1.176715,-0.676055,0.042105,0.111876,-0.591189,0.495328,0.325359,-0.417653,0.441406,0.517010,-1.640383,-1.685205,1.410293,0.393417,-0.533075,-0.238420,0.953058,-0.617358,-1.072568,0.213382,0.711929
37.420898,-0.380821,-3.584114,2.799884,-0.827688,-1.491789,0.859654,0.659038,-1.339300,-0.598282,-0.080339,0.058686,-0.583440,0.485300,0.325387,-0.418204,0.441171,0.517957,-1.640998,-1.686270,1.410505,0.394110,-0.537815,-0.238491,0.951734,-0.616924,-1.072010,0.213437,0.707854
37.421975,-0.386294,-3.583482,2.799715,-0.831088,-1.492393,0.859550,0.658719,-1.471911,-0.517722,-0.181493,-0.005466,-0.574886,0.477308,0.325443,-0.418756,0.440933,0.518913,-1.641613,-1.687356,1.410722,0.394822,-0.544770,-0.237917,0.949479,-0.615461,-1.075153,0.214576,0.707533
37.422898,-0.397295,-3.589031,2.811027,-0.827749,-1.486238,0.862217,0.659901,-1.558045,-0.444141,-0.247774,-0.077273,-0.565715,0.472240,0.325515,-0.419292,0.440688,0.519864,-1.642218,-1.688447,1.410941,0.395538,-0.542283,-0.239290,0.951534,-0.613731,-1.075282,0.214970,0.708386
37.423970,-0.399205,-3.589846,2.816162,-0.829790,-1.486519,0.864436,0.662078,-1.610156,-0.382041,-0.288240,-0.150985,-0.556470,0.468993,0.325584,-0.419813,0.440455,0.520804,-1.642839,-1.689528,1.411145,0.396230,-0.536196,-0.237046,0.945765,-0.615927,-1.080477,0.212382,0.705727
37.425003,-0.380829,-3.591182,2.809043,-0.832171,-1.488594,0.862848,0.661496,-1.642912,-0.337943,-0.313038,-0.218928,-0.547810,0.466396,0.325626,-0.420347,0.440217,0.521742,-1.643453,-1.690614,1.411349,0.396926,-0.535436,-0.237652,0.944891,-0.614977,-1.080500,0.210460,0.701386
37.425986,-0.376477,-3.594881,2.814707,-0.836342,-1.486897,0.862649,0.663946,-1.655463,-0.311707,-0.321495,-0.279950,-0.539683,0.464566,0.325675,-0.420912,0.439978,0.522699,-1.644053,-1.691699,1.411563,0.397621,-0.544248,-0.237820,0.949448,-0.613446,-1.078364,0.212267,0.702537
37.426915,-0.379771,-3.593414,2.815263,-0.832435,-1.484865,0.860774,0.663186,-1.638592,-0.298423,-0.307523,-0.337781,-0.531583,0.464272,0.325797,-0.421458,0.439744,0.523647,-1.644659,-1.692775,1.411776,0.398319,-0.545798,-0.236676,0.947008,-0.609241,-1.079633,0.212563,0.697368
37.427969,-0.379777,-3.593366,2.825934,-0.834838,-1.486933,0.861234,0.665056,-1.592864,-0.296285,-0.271950,-0.392607,-0.523461,0.465569,0.326037,-0.421997,0.439504,0.524584,-1.645268,-1.693860,1.411995,0.399022,-0.543318,-0.237891,0.946668,-0.612329,-1.080525,0.214449,0.698577
37.428913,-0.366624,-3.590549,2.821169,-0.837571,-1.491366,0.862923,0.664311,-1.528986,-0.303878,-0.222959,-0.441526,-0.515699,0.467855,0.326378,-0.422544,0.439266,0.525526,-1.645875,-1.694940,1.412209,0.399706,-0.543199,-0.238833,0.942670,-0.610879,-1.078658,0.214176,0.694819
37.429976,-0.351180,-3.596894,2.826868,-0.839608,-1.495818,0.860686,0.666530,-1.448804,-0.315775,-0.162434,-0.485913,-0.508300,0.471245,0.326763,-0.423103,0.439021,0.526470,-1.646479,-1.695991,1.412418,0.400404,-0.548892,-0.240702,0.945154,-0.607584,-1.073570,0.212557,0.696046
37.431027,-0.355924,-3.595640,2.829983,-0.839743,-1.498916,0.861454,0.668232,-1.343050,-0.329171,-0.083697,-0.528725,-0.501153,0.476505,0.327134,-0.423676,0.438786,0.527413,-1.647078,-1.697058,1.412635,0.401079,-0.556249,-0.238482,0.943736,-0.606897,-1.069575,0.215032,0.691640
37.431983,-0.358446,-3.593564,2.823725,-0.840036,-1.495234,0.863032,0.667099,-1.209383,-0.348083,0.015443,-0.567792,-0.494744,0.483698,0.327453,-0.424220,0.438547,0.528364,-1.647690,-1.698119,1.412849,0.401773,-0.553670,-0.240058,0.943431,-0.607631,-1.066885,0.214436,0.688235
37.432921,-0.350546,-3.593305,2.834872,-0.837516,-1.496639,0.865038,0.667745,-1.066965,-0.369915,0.120044,-0.600580,-0.489705,0.491452,0.327744,-0.424774,0.438303,0.529306,-1.648290,-1.699197,1.413058,0.402459,-0.551599,-0.241596,0.946797,-0.607050,-1.069853,0.212947,0.690321
37.433973,-0.335299,-3.592982,2.840279,-0.840551,-1.496862,0.867818,0.667513,-0.930457,-0.389712,0.218486,-0.626864,-0.486341,0.498845,0.328064,-0.425342,0.438063,0.530240,-1.648906,-1.700250,1.413264,0.403137,-0.554509,-0.242205,0.941198,-0.608656,-1.067682,0.211027,0.688742
37.434928,-0.323120,-3.595110,2.843088,-0.836260,-1.489408,0.872126,0.669265,-0.786485,-0.409452,0.321604,-0.647921,-0.484581,0.506960,0.328441,-0.425913,0.437818,0.531185,-1.649515,-1.701318,1.413470,0.403828,-0.561750,-0.243209,0.939862,-0.606508,-1.067820,0.208493,0.689228
37.435953,-0.321539,-3.587930,2.840159,-0.830894,-1.488555,0.873193,0.666016,-0.617345,-0.432898,0.443689,-0.665159,-0.484278,0.517142,0.328876,-0.426493,0.437574,0.532116,-1.650127,-1.702406,1.413664,0.404515,-0.566678,-0.242619,0.938774,-0.610274,-1.074447,0.204357,0.685441
37.436994,-0.319952,-3.589538,2.848902,-0.828513,-1.486145,0.874422,0.664745,-0.426946,-0.461462,0.582129,-0.676595,-0.485705,0.529166,0.329387,-0.427057,0.437321,0.533066,-1.650757,-1.703475,1.413868,0.405213,-0.566921,-0.246904,0.941211,-0.615701,-1.075283,0.203549,0.691941
37.437977,-0.316341,-3.586247,2.858517,-0.826782,-1.487480,0.875827,0.663516,-0.232872,-0.493251,0.723424,-0.679270,-0.489237,0.541871,0.329994,-0.427626,0.437072,0.533989,-1.651377,-1.704562,1.414069,0.405917,-0.567236,-0.246799,0.938224,-0.618529,-1.077730,0.202582,0.694359
37.438934,-0.308099,-3.580135,2.854482,-0.822775,-1.484088,0.876562,0.665274,-0.042666,-0.527602,0.862015,-0.672699,-0.494798,0.554790,0.330644,-0.428201,0.436820,0.534921,-1.652005,-1.705651,1.414267,0.406609,-0.568150,-0.248980,0.934057,-0.619717,-1.075754,0.201376,0.696631
37.440053,-0.294788,-3.581234,2.864778,-0.821356,-1.482290,0.877236,0.662655,0.143648,-0.561019,0.997788,-0.659779,-0.501824,0.568038,0.331218,-0.428777,0.436562,0.535864,-1.652640,-1.706728,1.414465,0.407295,-0.571225,-0.252380,0.936331,-0.622631,-1.078425,0.200812,0.692822
37.440931,-0.299339,-3.581351,2.862552,-0.812846,-1.477405,0.879157,0.661169,0.328454,-0.589779,1.132294,-0.643677,-0.509627,0.581843,0.331668,-0.429369,0.436303,0.536786,-1.653274,-1.707821,1.414667,0.408011,-0.577648,-0.252717,0.933535,-0.625359,-1.081019,0.200515,0.698226
37.441904,-0.302396,-3.585731,2.870560,-0.810155,-1.473562,0.880961,0.661899,0.512030,-0.619262,1.266630,-0.622073,-0.517972,0.596014,0.332039,-0.429931,0.436052,0.537724,-1.653913,-1.708899,1.414861,0.408726,-0.573876,-0.252795,0.933988,-0.631542,-1.084313,0.198653,0.700616
37.443034,-0.294700,-3.586375,2.882717,-0.807704,-1.480359,0.883161,0.661275,0.681788,-0.657558,1.392511,-0.589054,-0.526993,0.609288,0.332329,-0.430503,0.435803,0.538640,-1.654554,-1.709992,1.415055,0.409419,-0.571444,-0.251088,0.930653,-0.633186,-1.087402,0.197063,0.698897
37.444030,-0.287995,-3.590725,2.875140,-0.808130,-1.481882,0.883966,0.659037,0.833745,-0.709525,1.507851,-0.542175,-0.536478,0.621125,0.332500,-0.431090,0.435546,0.539565,-1.655190,-1.711066,1.415246,0.410128,-0.575203,-0.251757,0.927073,-0.637101,-1.081615,0.195314,0.700310
37.444905,-0.289009,-3.586260,2.871216,-0.804122,-1.485600,0.885819,0.658661,0.975451,-0.774883,1.618518,-0.483825,-0.545860,0.631974,0.332574,-0.431668,0.435299,0.540513,-1.655824,-1.712130,1.415440,0.410836,-0.577693,-0.250180,0.931551,-0.636110,-1.079912,0.194763,0.704595
37.446024,-0.302992,-3.587854,2.866459,-0.807194,-1.492628,0.886409,0.656630,1.101555,-0.845918,1.719235,-0.418406,-0.554664,0.641465,0.332609,-0.432242,0.435039,0.541443,-1.656460,-1.713197,1.415632,0.411545,-0.575593,-0.252467,0.932851,-0.637821,-1.074650,0.192984,0.704770
37.447009,-0.314904,-3.586883,2.867164,-0.809254,-1.499493,0.887470,0.660350,1.191938,-0.910770,1.792810,-0.349869,-0.562677,0.648282,0.332626,-0.432804,0.434785,0.542387,-1.657094,-1.714246,1.415823,0.412255,-0.568632,-0.252616,0.937384,-0.636008,-1.068830,0.192848,0.708971
37.447901,-0.303268,-3.584095,2.861282,-0.809966,-1.498873,0.888590,0.658166,1.225682,-0.959562,1.821839,-0.281282,-0.569834,0.651060,0.332589,-0.433351,0.434528,0.543316,-1.657730,-1.715302,1.416014,0.412948,-0.562141,-0.253558,0.937713,-0.633238,-1.061704,0.192029,0.701227
37.448927,-0.293658,-3.579243,2.858766,-0.807348,-1.501246,0.889058,0.661084,1.204056,-0.986963,1.806658,-0.217409,-0.575848,0.650025,0.332461,-0.433930,0.434266,0.544261,-1.658350,-1.716369,1.416200,0.413651,-0.566561,-0.255014,0.940050,-0.630823,-1.061047,0.191050,0.705238
37.449929,-0.300772,-3.576730,2.857807,-0.810092,-1.498392,0.889020,0.657809,1.151402,-0.992343,1.765876,-0.163339,-0.580365,0.647055,0.332261,-0.434502,0.434004,0.545218,-1.658993,-1.717414,1.416390,0.414343,-0.570760,-0.257992,0.942174,-0.633235,-1.058956,0.190897,0.699232
37.451004,-0.310335,-3.579767,2.865458,-0.808473,-1.495937,0.890361,0.658796,1.083865,-0.976696,1.711890,-0.121263,-0.583348,0.643366,0.332045,-0.435061,0.433739,0.546158,-1.659613,-1.718484,1.416582,0.415064,-0.566529,-0.259658,0.943421,-0.630367,-1.061642,0.191211,0.705652
37.452115,-0.306494,-3.571250,2.874612,-0.812963,-1.495401,0.890849,0.659233,0.999340,-0.944344,1.643612,-0.089055,-0.585122,0.638711,0.331848,-0.435616,0.433483,0.547098,-1.660254,-1.719538,1.416766,0.415759,-0.561645,-0.258899,0.941205,-0.632525,-1.064813,0.190268,0.703639
37.452998,-0.301132,-3.569901,2.861522,-0.812729,-1.496870,0.890113,0.657953,0.901202,-0.900325,1.564457,-0.065152,-0.585797,0.633283,0.331672,-0.436179,0.433207,0.548044,-1.660882,-1.720610,1.416958,0.416460,-0.563661,-0.263896,0.938635,-0.629321,-1.066241,0.190208,0.702888
37.453929,-0.308612,-3.570500,2.859405,-0.811768,-1.496565,0.889306,0.658240,0.800277,-0.842416,1.482447,-0.053174,-0.584959,0.627979,0.331528,-0.436750,0.432939,0.548991,-1.661502,-1.721674,1.417153,0.417173,-0.564877,-0.264470,0.944527,-0.627742,-1.063324,0.191034,0.704947
37.454982,-0.323714,-3.570186,2.847688,-0.813968,-1.492705,0.889206,0.658242,0.694310,-0.771774,1.395769,-0.052752,-0.582696,0.622531,0.331450,-0.437292,0.432675,0.549943,-1.662133,-1.722735,1.417343,0.417871,-0.560266,-0.264349,0.945321,-0.627340,-1.062798,0.192019,0.703997
37.455990,-0.333893,-3.576060,2.851853,-0.816943,-1.493129,0.891936,0.660656,0.565265,-0.693704,1.291088,-0.058390,-0.579681,0.615343,0.331448,-0.437829,0.432406,0.550902,-1.662752,-1.723815,1.417536,0.418577,-0.552664,-0.265062,0.952408,-0.625830,-1.066924,0.192443,0.703942
37.456925,-0.326495,-3.570814,2.842921,-0.820808,-1.491606,0.892050,0.661234,0.397607,-0.611798,1.156910,-0.066337,-0.576399,0.605082,0.331481,-0.438370,0.432144,0.551854,-1.663372,-1.724888,1.417719,0.419261,-0.547261,-0.262569,0.950946,-0.622849,-1.066275,0.190014,0.698975
37.457990,-0.323360,-3.572889,2.841168,-0.822049,-1.488869,0.892561,0.662395,0.199173,-0.528290,0.999547,-0.077927,-0.572787,0.592309,0.331490,-0.438920,0.431875,0.552829,-1.663985,-1.725948,1.417909,0.419958,-0.550140,-0.265371,0.955004,-0.618041,-1.066984,0.190106,0.697520
37.458955,-0.331907,-3.568833,2.845427,-0.821414,-1.484432,0.892913,0.661431,-0.008268,-0.442105,0.835385,-0.098021,-0.568470,0.578768,0.331454,-0.439475,0.431609,0.553783,-1.664596,-1.727025,1.418100,0.420656,-0.551546,-0.264928,0.957224,-0.617939,-1.070128,0.189950,0.695194
37.459924,-0.335303,-3.569022,2.845251,-0.824958,-1.478838,0.892179,0.661160,-0.211712,-0.355368,0.674545,-0.126972,-0.563541,0.565515,0.331401,-0.440005,0.431339,0.554740,-1.665213,-1.728095,1.418290,0.421349,-0.546736,-0.267205,0.955181,-0.618018,-1.073968,0.189826,0.696927
37.461039,-0.338412,-3.570496,2.851986,-0.826838,-1.478824,0.893365,0.660783,-0.408631,-0.270232,0.519293,-0.163320,-0.558212,0.552802,0.331367,-0.440543,0.431069,0.555687,-1.665828,-1.729184,1.418482,0.422047,-0.544519,-0.267331,0.955590,-0.613995,-1.078824,0.190787,0.697208
37.461964,-0.333280,-3.572205,2.851448,-0.828003,-1.477145,0.893189,0.661267,-0.596265,-0.188102,0.371992,-0.206578,-0.552498,0.540817,0.331361,-0.441089,0.430800,0.556645,-1.666434,-1.730275,1.418669,0.422753,-0.543236,-0.267366,0.954128,-0.614089,-1.079567,0.190042,0.698070
37.462975,-0.332513,-3.571728,2.844564,-0.832152,-1.476585,0.895065,0.660055,-0.766231,-0.114727,0.239959,-0.254354,-0.546500,0.530031,0.331373,-0.441631,0.430536,0.557608,-1.667042,-1.731348,1.418857,0.423442,-0.544976,-0.266659,0.953983,-0.611963,-1.080188,0.190409,0.696755
37.464072,-0.344799,-3.572716,2.843893,-0.834589,-1.476021,0.894547,0.658982,-0.913035,-0.051814,0.127561,-0.305884,-0.540102,0.520753,0.331410,-0.442174,0.430268,0.558566,-1.667638,-1.732441,1.419047,0.424151,-0.544993,-0.267318,0.958126,-0.608436,-1.080395,0.188799,0.699032
37.464970,-0.354089,-3.579184,2.841710,-0.832630,-1.474547,0.894562,0.657998,-1.045817,0.005315,0.026875,-0.361230,-0.533133,0.512324,0.331482,-0.442707,0.430004,0.559532,-1.668243,-1.733514,1.419233,0.424850,-0.539094,-0.267589,0.960048,-0.607724,-1.081723,0.189777,0.701264
37.465958,-0.350721,-3.581385,2.849560,-0.838226,-1.475924,0.893725,0.657726,-1.181128,0.055064,-0.074677,-0.414992,-0.525984,0.503446,0.331568,-0.443223,0.429745,0.560498,-1.668853,-1.734597,1.419427,0.425557,-0.533741,-0.264442,0.960332,-0.608326,-1.081753,0.189863,0.702755
37.467067,-0.346026,-3.585469,2.857113,-0.841124,-1.476312,0.893668,0.655375,-1.318743,0.089847,-0.175859,-0.461884,-0.519020,0.494011,0.331633,-0.443761,0.429481,0.561445,-1.669438,-1.735680,1.419620,0.426267,-0.535072,-0.263735,0.956900,-0.603224,-1.079873,0.190945,0.703043
37.468107,-0.338046,-3.589956,2.857285,-0.843200,-1.478272,0.893318,0.656039,-1.438034,0.106680,-0.260462,-0.503383,-0.512037,0.485561,0.331672,-0.444300,0.429222,0.562402,-1.670038,-1.736748,1.419815,0.426977,-0.537741,-0.262566,0.954991,-0.602348,-1.080432,0.191397,0.707863
37.469013,-0.342574,-3.590593,2.857187,-0.841834,-1.480405,0.894460,0.653861,-1.520846,0.104202,-0.314563,-0.540835,-0.505075,0.479435,0.331703,-0.444848,0.428964,0.563351,-1.670632,-1.737830,1.420008,0.427688,-0.541514,-0.260950,0.956063,-0.601403,-1.078515,0.192061,0.706359
37.470063,-0.349595,-3.586275,2.857568,-0.843111,-1.482765,0.896919,0.653600,-1.567105,0.081999,-0.338390,-0.572242,-0.498728,0.475591,0.331743,-0.445381,0.428707,0.564309,-1.671232,-1.738889,1.420197,0.428397,-0.538309,-0.260823,0.955493,-0.601759,-1.075256,0.191046,0.710310
37.471093,-0.342939,-3.589850,2.865879,-0.846239,-1.484162,0.900978,0.651467,-1.592432,0.047147,-0.345183,-0.596692,-0.493622,0.473031,0.331796,-0.445908,0.428438,0.565270,-1.671834,-1.739968,1.420384,0.429114,-0.534887,-0.263549,0.956425,-0.601525,-1.073099,0.188944,0.710686
37.471981,-0.327580,-3.583687,2.859938,-0.842007,-1.482603,0.900171,0.651639,-1.605403,0.008024,-0.342811,-0.615970,-0.490064,0.471409,0.331847,-0.446454,0.428176,0.566207,-1.672427,-1.741047,1.420564,0.429841,-0.538016,-0.262274,0.953383,-0.599385,-1.071712,0.185246,0.714788
37.473154,-0.334775,-3.585019,2.870894,-0.839346,-1.477831,0.902322,0.650670,-1.595528,-0.033413,-0.323640,-0.632338,-0.488163,0.471686,0.331873,-0.447006,0.427907,0.567170,-1.673033,-1.742114,1.420753,0.430550,-0.544531,-0.265360,0.955520,-0.602228,-1.071908,0.186219,0.713891
37.473995,-0.339271,-3.586405,2.879937,-0.838046,-1.469401,0.901021,0.649306,-1.557601,-0.078489,-0.283709,-0.644408,-0.488307,0.474334,0.331898,-0.447545,0.427640,0.568109,-1.673653,-1.743209,1.420936,0.431275,-0.541524,-0.265666,0.952841,-0.607375,-1.078065,0.184604,0.716039
37.474925,-0.330290,-3.582501,2.888724,-0.834579,-1.463972,0.899104,0.650492,-1.500275,-0.131009,-0.229226,-0.647615,-0.491021,0.478652,0.331973,-0.448080,0.427374,0.569048,-1.674256,-1.744310,1.421122,0.431988,-0.537987,-0.264787,0.947140,-0.606558,-1.084286,0.186008,0.718123
37.475919,-0.308640,-3.585108,2.889621,-0.832748,-1.459142,0.898247,0.652152,-1.425296,-0.193239,-0.161133,-0.640994,-0.496179,0.484394,0.332116,-0.448624,0.427107,0.569989,-1.674873,-1.745395,1.421314,0.432705,-0.541701,-0.266911,0.942666,-0.608992,-1.088584,0.188091,0.715277
37.476968,-0.304417,-3.585081,2.892602,-0.835318,-1.457535,0.897916,0.652320,-1.319979,-0.265245,-0.069604,-0.627119,-0.503120,0.492395,0.332301,-0.449202,0.426843,0.570925,-1.675482,-1.746492,1.421508,0.433415,-0.551722,-0.265976,0.942996,-0.610905,-1.092848,0.189181,0.711719
37.477995,-0.313948,-3.587841,2.896854,-0.831593,-1.459117,0.895047,0.651642,-1.175866,-0.346156,0.051584,-0.608585,-0.511112,0.503118,0.332520,-0.449753,0.426579,0.571866,-1.676091,-1.747580,1.421697,0.434122,-0.553547,-0.266597,0.942820,-0.609179,-1.094518,0.189858,0.711342
37.479020,-0.317628,-3.584448,2.907319,-0.829716,-1.463894,0.894999,0.652885,-1.008580,-0.432886,0.189848,-0.585100,-0.519723,0.515221,0.332803,-0.450293,0.426316,0.572797,-1.676719,-1.748675,1.421898,0.434840,-0.548503,-0.265737,0.941873,-0.613056,-1.092704,0.192996,0.712540
37.480041,-0.299746,-3.586054,2.908970,-0.824586,-1.467158,0.896105,0.655345,-0.843468,-0.523790,0.325750,-0.552780,-0.528897,0.526715,0.333127,-0.450843,0.426042,0.573730,-1.677340,-1.749767,1.422091,0.435546,-0.546346,-0.267850,0.937746,-0.615155,-1.087701,0.193310,0.709878
37.480981,-0.288664,-3.585867,2.906427,-0.823591,-1.468220,0.894250,0.655096,-0.684596,-0.619507,0.456727,-0.509915,-0.538363,0.537314,0.333405,-0.451410,0.425779,0.574676,-1.677972,-1.750836,1.422280,0.436235,-0.554824,-0.267533,0.937897,-0.620240,-1.084455,0.192498,0.704863
37.482031,-0.297302,-3.583680,2.906338,-0.821969,-1.476080,0.894268,0.655670,-0.520033,-0.721147,0.592255,-0.458360,-0.547542,0.547898,0.333590,-0.451981,0.425512,0.575612,-1.678587,-1.751918,1.422479,0.436943,-0.559215,-0.267797,0.939252,-0.620298,-1.082420,0.194517,0.705052
37.483028,-0.301156,-3.582184,2.908577,-0.821424,-1.480088,0.894393,0.658107,-0.354305,-0.823924,0.727977,-0.401193,-0.555923,0.558162,0.333707,-0.452533,0.425242,0.576557,-1.679219,-1.752966,1.422673,0.437639,-0.554585,-0.269431,0.940588,-0.622293,-1.075016,0.194805,0.703862
37.483934,-0.292244,-3.583119,2.904384,-0.815954,-1.484910,0.891819,0.659101,-0.208073,-0.918830,0.846636,-0.340847,-0.563273,0.566753,0.333772,-0.453077,0.424968,0.577501,-1.679849,-1.754029,1.422871,0.438329,-0.552238,-0.270470,0.940116,-0.622423,-1.070848,0.194899,0.698806
37.485028,-0.282937,-3.584356,2.905337,-0.815813,-1.489250,0.889817,0.658967,-0.089890,-1.003711,0.941484,-0.277907,-0.569660,0.573126,0.333774,-0.453642,0.424696,0.578438,-1.680481,-1.755092,1.423077,0.439026,-0.555508,-0.269977,0.941901,-0.626160,-1.064861,0.197543,0.696439
37.485969,-0.283905,-3.586094,2.910089,-0.812274,-1.490748,0.888088,0.658731,0.008736,-1.083173,1.019850,-0.212240,-0.575303,0.577841,0.333717,-0.454208,0.424428,0.579384,-1.681112,-1.756136,1.423282,0.439715,-0.560062,-0.270073,0.943223,-0.627294,-1.061562,0.199863,0.696853
37.487086,-0.288905,-3.585607,2.918291,-0.813495,-1.494118,0.889172,0.658623,0.097230,-1.161346,1.089653,-0.144264,-0.580406,0.581503,0.333627,-0.454767,0.424158,0.580312,-1.681749,-1.757198,1.423486,0.440410,-0.558550,-0.269326,0.941000,-0.629448,-1.059295,0.201692,0.697010
37.487939,-0.284809,-3.579686,2.914661,-0.811003,-1.490849,0.890392,0.659307,0.176312,-1.238693,1.151698,-0.074841,-0.585107,0.584140,0.333528,-0.455320,0.423882,0.581251,-1.682376,-1.758243,1.423683,0.441099,-0.556223,-0.270284,0.939066,-0.629652,-1.057170,0.200976,0.697407
37.489022,-0.277416,-3.582207,2.921819,-0.811641,-1.491481,0.892032,0.659851,0.242902,-1.308842,1.203030,-0.007674,-0.589219,0.585709,0.333418,-0.455877,0.423606,0.582199,-1.683008,-1.759309,1.423882,0.441787,-0.556826,-0.273012,0.939802,-0.629598,-1.058739,0.199765,0.695505
37.489960,-0.258352,-3.584146,2.919321,-0.814422,-1.489304,0.891358,0.660087,0.301132,-1.365698,1.246311,0.052473,-0.592391,0.586773,0.333279,-0.456450,0.423334,0.583126,-1.683633,-1.760375,1.424079,0.442485,-0.560293,-0.272345,0.938104,-0.629969,-1.058772,0.198474,0.694478
37.491032,-0.260493,-3.578770,2.925159,-0.812004,-1.489689,0.891147,0.659685,0.366536,-1.411485,1.293976,0.102745,-0.594386,0.588563,0.333138,-0.457026,0.423064,0.584072,-1.684254,-1.761426,1.424282,0.443171,-0.568692,-0.271498,0.939318,-0.626096,-1.060272,0.199279,0.693730
37.491939,-0.267058,-3.575771,2.922679,-0.811568,-1.486606,0.892085,0.659596,0.448926,-1.447531,1.353771,0.141253,-0.595098,0.591900,0.333056,-0.457592,0.422782,0.584997,-1.684892,-1.762490,1.424482,0.443873,-0.567270,-0.274696,0.938174,-0.629093,-1.060449,0.199800,0.694555
37.492950,-0.265563,-3.580672,2.929764,-0.814133,-1.489787,0.893809,0.658200,0.534873,-1.469682,1.414947,0.168899,-0.594806,0.596020,0.333064,-0.458153,0.422500,0.585945,-1.685516,-1.763560,1.424678,0.444562,-0.562756,-0.276043,0.938963,-0.627932,-1.062347,0.198958,0.694349
37.494068,-0.265558,-3.577342,2.929708,-0.817856,-1.494366,0.892257,0.659139,0.608641,-1.477544,1.465628,0.188423,-0.593963,0.599870,0.333146,-0.458711,0.422232,0.586887,-1.686137,-1.764610,1.424873,0.445263,-0.563038,-0.273972,0.936246,-0.625375,-1.059189,0.197487,0.697020
37.494949,-0.262843,-3.574298,2.926456,-0.817453,-1.486621,0.891480,0.657261,0.668937,-1.474301,1.505494,0.200936,-0.592844,0.603346,0.333262,-0.459275,0.421950,0.587822,-1.686750,-1.765666,1.425078,0.445958,-0.563088,-0.276315,0.938554,-0.623464,-1.055749,0.199423,0.695255
37.496041,-0.262496,-3.579669,2.923119,-0.819820,-1.487928,0.892649,0.657801,0.715116,-1.457591,1.533847,0.204842,-0.591466,0.606484,0.333387,-0.459844,0.421673,0.588768,-1.687374,-1.766733,1.425277,0.446669,-0.563004,-0.277659,0.939419,-0.621923,-1.062148,0.200242,0.698529
37.497030,-0.269729,-3.578035,2.921730,-0.824992,-1.483179,0.891382,0.656895,0.744213,-1.427341,1.548412,0.200256,-0.589904,0.609034,0.333523,-0.460402,0.421398,0.589722,-1.687996,-1.767796,1.425477,0.447362,-0.563151,-0.275558,0.942807,-0.620766,-1.061571,0.199397,0.697502
37.497928,-0.269204,-3.575388,2.924976,-0.827646,-1.482956,0.895563,0.657072,0.751865,-1.387073,1.546257,0.189023,-0.588269,0.610491,0.333677,-0.460956,0.421116,0.590660,-1.688599,-1.768875,1.425682,0.448061,-0.558874,-0.276575,0.944109,-0.615679,-1.065924,0.200857,0.699143
37.499014,-0.260780,-3.577818,2.926896,-0.826996,-1.476017,0.897188,0.654738,0.736361,-1.334383,1.525757,0.169044,-0.586207,0.610715,0.333852,-0.461508,0.420838,0.591599,-1.689205,-1.769926,1.425870,0.448759,-0.558032,-0.277784,0.941998,-0.611774,-1.064989,0.196760,0.698330
37.500006,-0.261002,-3.574923,2.928744,-0.827523,-1.480938,0.900152,0.653748,0.708829,-1.271307,1.496024,0.139354,-0.583429,0.610518,0.334051,-0.462080,0.420561,0.592537,-1.689815,-1.771012,1.426064,0.449477,-0.562056,-0.277122,0.942869,-0.613885,-1.072515,0.195538,0.703034
37.500970,-0.270080,-3.570000,2.916399,-0.826646,-1.482433,0.900896,0.650451,0.681833,-1.206257,1.468141,0.103446,-0.580060,0.610681,0.334280,-0.462643,0.420282,0.593483,-1.690441,-1.772064,1.426245,0.450179,-0.561196,-0.278809,0.942522,-0.612970,-1.067332,0.192874,0.704781
37.502019,-0.283517,-3.573520,2.917483,-0.833570,-1.483107,0.901857,0.651173,0.647882,-1.139121,1.436238,0.064009,-0.576213,0.610642,0.334545,-0.463183,0.419995,0.594450,-1.691049,-1.773127,1.426439,0.450905,-0.556022,-0.281298,0.948754,-0.613510,-1.065329,0.192352,0.711047
37.502904,-0.282295,-3.571825,2.906723,-0.839862,-1.481287,0.902215,0.651573,0.585355,-1.064201,1.382550,0.022031,-0.571845,0.608832,0.334808,-0.463721,0.419716,0.595393,-1.691639,-1.774199,1.426630,0.451616,-0.549225,-0.279909,0.949459,-0.607854,-1.064918,0.191728,0.709437
37.503945,-0.275681,-3.572990,2.907774,-0.842392,-1.482768,0.903025,0.652913,0.485482,-0.977903,1.299449,-0.024836,-0.566542,0.604557,0.334992,-0.464263,0.419435,0.596359,-1.692224,-1.775257,1.426820,0.452318,-0.548802,-0.280584,0.953928,-0.600569,-1.065440,0.191485,0.708156
37.504987,-0.280215,-3.576359,2.898609,-0.845043,-1.484971,0.902118,0.652100,0.360979,-0.880365,1.196459,-0.080477,-0.559827,0.598737,0.335052,-0.464820,0.419152,0.597306,-1.692815,-1.776321,1.427012,0.453020,-0.551822,-0.280336,0.954526,-0.599309,-1.064196,0.190991,0.705387
37.505910,-0.293796,-3.575445,2.904035,-0.846387,-1.479637,0.904901,0.651651,0.225899,-0.778852,1.085237,-0.142862,-0.551996,0.592249,0.335011,-0.465369,0.418874,0.598281,-1.693412,-1.777384,1.427208,0.453723,-0.549274,-0.279040,0.959991,-0.597706,-1.062251,0.192209,0.706977
37.507055,-0.304845,-3.574616,2.912754,-0.850296,-1.482981,0.908203,0.653889,0.079235,-0.680436,0.965831,-0.206594,-0.543834,0.584765,0.334918,-0.465889,0.418595,0.599243,-1.694005,-1.778450,1.427390,0.454432,-0.541823,-0.279488,0.956763,-0.595772,-1.066660,0.189605,0.707458
37.508096,-0.295405,-3.577944,2.908811,-0.851282,-1.485810,0.910125,0.656465,-0.082047,-0.586785,0.836188,-0.268841,-0.535944,0.576028,0.334778,-0.466418,0.418310,0.600190,-1.694590,-1.779518,1.427573,0.455130,-0.536976,-0.280591,0.954831,-0.594752,-1.064558,0.186822,0.703149
37.509060,-0.292929,-3.583649,2.896013,-0.850131,-1.482784,0.911946,0.655812,-0.249025,-0.500853,0.703767,-0.327959,-0.528855,0.566761,0.334580,-0.466964,0.418036,0.601157,-1.695185,-1.780566,1.427753,0.455811,-0.541589,-0.279354,0.957762,-0.594873,-1.062131,0.185305,0.697996
37.509932,-0.309731,-3.586050,2.888988,-0.849129,-1.477871,0.911722,0.656228,-0.410603,-0.429933,0.577952,-0.380436,-0.523278,0.557682,0.334377,-0.467506,0.417763,0.602124,-1.695784,-1.781651,1.427936,0.456514,-0.542171,-0.276672,0.964197,-0.595924,-1.064448,0.183749,0.699084
37.510979,-0.318831,-3.583234,2.894534,-0.851999,-1.470472,0.911545,0.658108,-0.573640,-0.378747,0.453635,-0.421207,-0.519992,0.548125,0.334249,-0.468023,0.417488,0.603097,-1.696371,-1.782737,1.428121,0.457204,-0.532789,-0.275310,0.966472,-0.595697,-1.067632,0.184114,0.697755
37.511938,-0.318334,-3.584112,2.895369,-0.853264,-1.464395,0.912466,0.661220,-0.752401,-0.342669,0.318806,-0.449346,-0.519202,0.537109,0.334210,-0.468538,0.417209,0.604068,-1.696968,-1.783823,1.428307,0.457892,-0.528504,-0.277168,0.964606,-0.593961,-1.075175,0.184655,0.693970
37.512976,-0.309329,-3.584306,2.894394,-0.851965,-1.458473,0.910197,0.661106,-0.941867,-0.313986,0.176183,-0.469538,-0.520367,0.525244,0.334220,-0.469066,0.416933,0.605025,-1.697559,-1.784919,1.428488,0.458573,-0.528309,-0.276835,0.964264,-0.592676,-1.080309,0.183994,0.687516
37.514021,-0.308420,-3.584549,2.900422,-0.856319,-1.453203,0.908102,0.661120,-1.122782,-0.291989,0.040550,-0.484876,-0.522931,0.514003,0.334257,-0.469612,0.416657,0.605997,-1.698152,-1.786006,1.428678,0.459255,-0.532640,-0.277151,0.965581,-0.595116,-1.086226,0.186625,0.687807
37.515019,-0.314442,-3.579450,2.905207,-0.851071,-1.449190,0.909896,0.662696,-1.277617,-0.278875,-0.074413,-0.496483,-0.526367,0.504531,0.334333,-0.470138,0.416379,0.606967,-1.698742,-1.787109,1.428874,0.459945,-0.533122,-0.277444,0.963468,-0.591994,-1.091403,0.189019,0.687761
37.515922,-0.310479,-3.579897,2.910185,-0.846885,-1.450958,0.909694,0.662123,-1.401075,-0.273513,-0.164913,-0.504832,-0.530130,0.497099,0.334429,-0.470662,0.416091,0.607915,-1.699343,-1.788212,1.429062,0.460628,-0.529877,-0.280154,0.961708,-0.597639,-1.094805,0.187467,0.684466
37.517005,-0.293571,-3.571340,2.911216,-0.850716,-1.457562,0.912535,0.662468,-1.496115,-0.277786,-0.232686,-0.506068,-0.534132,0.491382,0.334488,-0.471192,0.415813,0.608872,-1.699953,-1.789294,1.429252,0.461303,-0.531058,-0.279793,0.958588,-0.600503,-1.091601,0.187825,0.685324
37.517935,-0.289966,-3.565788,2.910872,-0.850095,-1.460190,0.913843,0.660812,-1.555969,-0.291753,-0.272278,-0.500108,-0.538010,0.487900,0.334481,-0.471748,0.415519,0.609823,-1.700543,-1.790378,1.429439,0.461985,-0.539524,-0.284483,0.959732,-0.598460,-1.085470,0.185366,0.684734
37.518917,-0.297363,-3.564190,2.910901,-0.848612,-1.464670,0.912498,0.662017,-1.571975,-0.305584,-0.278658,-0.494420,-0.540763,0.487567,0.334431,-0.472292,0.415231,0.610787,-1.701144,-1.791444,1.429619,0.462671,-0.540400,-0.287121,0.959515,-0.598407,-1.081939,0.184308,0.687781
37.520116,-0.304296,-3.558749,2.915649,-0.853301,-1.463972,0.913291,0.660986,-1.554921,-0.313020,-0.261342,-0.490999,-0.542059,0.489690,0.334368,-0.472815,0.414940,0.611754,-1.701754,-1.792517,1.429809,0.463359,-0.536375,-0.287942,0.959712,-0.599793,-1.076986,0.185925,0.685141
37.520994,-0.296410,-3.559249,2.919067,-0.849898,-1.469855,0.911771,0.659998,-1.527118,-0.312998,-0.237835,-0.487050,-0.542167,0.492549,0.334298,-0.473345,0.414641,0.612703,-1.702345,-1.793604,1.429996,0.464057,-0.533884,-0.291398,0.960385,-0.598600,-1.079446,0.185687,0.687613
37.521932,-0.285936,-3.552918,2.925801,-0.848938,-1.471561,0.910054,0.658396,-1.496767,-0.306442,-0.214290,-0.481757,-0.541307,0.495529,0.334222,-0.473885,0.414354,0.613660,-1.702952,-1.794652,1.430187,0.464747,-0.536755,-0.290819,0.957721,-0.600444,-1.072170,0.187324,0.689125
37.523056,-0.273470,-3.549776,2.936514,-0.844112,-1.472947,0.910639,0.657946,-1.451425,-0.300479,-0.179861,-0.474678,-0.539823,0.499508,0.334142,-0.474437,0.414052,0.614599,-1.703563,-1.795718,1.430381,0.465447,-0.541122,-0.293761,0.954367,-0.600575,-1.069680,0.189203,0.692007
37.524033,-0.268991,-3.544571,2.937377,-0.838929,-1.468760,0.914089,0.657753,-1.373168,-0.302017,-0.119507,-0.465863,-0.538103,0.505794,0.334033,-0.474998,0.413751,0.615545,-1.704178,-1.796790,1.430569,0.466143,-0.546931,-0.295409,0.950076,-0.606261,-1.068293,0.188872,0.692585
37.524925,-0.269114,-3.540836,2.938691,-0.835365,-1.469010,0.915016,0.656185,-1.255408,-0.315299,-0.027386,-0.454040,-0.536631,0.514876,0.333862,-0.475548,0.413451,0.616497,-1.704800,-1.797852,1.430751,0.466826,-0.547736,-0.297484,0.948503,-0.609506,-1.070713,0.185422,0.692162
37.525979,-0.256233,-3.542303,2.932459,-0.835257,-1.471099,0.913999,0.656969,-1.109288,-0.339917,0.087841,-0.437850,-0.535766,0.525929,0.333637,-0.476093,0.413149,0.617428,-1.705406,-1.798921,1.430936,0.467523,-0.545859,-0.298508,0.946032,-0.610363,-1.067768,0.184436,0.694299
37.526979,-0.249845,-3.544282,2.935344,-0.826072,-1.467266,0.914318,0.655260,-0.949309,-0.372882,0.214375,-0.418032,-0.535535,0.537841,0.333388,-0.476652,0.412857,0.618385,-1.706019,-1.799971,1.431118,0.468208,-0.551286,-0.297557,0.948797,-0.609798,-1.064686,0.185595,0.692031
37.528003,-0.249568,-3.540214,2.931367,-0.823257,-1.466492,0.911468,0.655225,-0.780702,-0.418157,0.348640,-0.392684,-0.536161,0.550048,0.333126,-0.477212,0.412562,0.619314,-1.706657,-1.801049,1.431307,0.468908,-0.553047,-0.296157,0.946663,-0.617050,-1.066799,0.185280,0.694675
37.529103,-0.255628,-3.548665,2.936920,-0.819833,-1.465518,0.909096,0.653633,-0.610244,-0.480234,0.486078,-0.357790,-0.538025,0.561942,0.332852,-0.477769,0.412260,0.620269,-1.707273,-1.802123,1.431500,0.469597,-0.551930,-0.297806,0.947982,-0.618658,-1.066046,0.188187,0.693981
37.529992,-0.252567,-3.547593,2.940234,-0.822601,-1.464184,0.907785,0.651461,-0.451661,-0.558658,0.615994,-0.311023,-0.541296,0.572450,0.332591,-0.478306,0.411977,0.621215,-1.707902,-1.803179,1.431696,0.470306,-0.548303,-0.293567,0.945365,-0.621661,-1.066393,0.190641,0.696539
37.530934,-0.236629,-3.542395,2.942668,-0.818317,-1.459076,0.906550,0.651736,-0.310948,-0.652147,0.733563,-0.253608,-0.545782,0.581056,0.332372,-0.478858,0.411681,0.622145,-1.708505,-1.804248,1.431893,0.471017,-0.547973,-0.293384,0.941885,-0.616167,-1.065032,0.191786,0.699802
37.532054,-0.219201,-3.547159,2.934445,-0.821266,-1.462092,0.902360,0.651614,-0.177375,-0.753308,0.846138,-0.193431,-0.550698,0.588757,0.332179,-0.479431,0.411384,0.623083,-1.709128,-1.805309,1.432085,0.471706,-0.554150,-0.295390,0.939301,-0.618115,-1.068060,0.192952,0.698312
37.532972,-0.227926,-3.542868,2.932480,-0.817152,-1.459551,0.900979,0.652499,-0.035369,-0.854547,0.964669,-0.138135,-0.555339,0.596882,0.331994,-0.480004,0.411095,0.624041,-1.709742,-1.806371,1.432289,0.472404,-0.561985,-0.293000,0.943754,-0.615299,-1.064466,0.197236,0.697987
37.533970,-0.232697,-3.535266,2.939541,-0.818684,-1.457427,0.902623,0.650870,0.111778,-0.952589,1.085935,-0.088743,-0.559661,0.605064,0.331859,-0.480550,0.410796,0.624975,-1.710357,-1.807445,1.432491,0.473101,-0.555817,-0.294477,0.943124,-0.616921,-1.064577,0.198432,0.695223
37.534961,-0.215285,-3.527490,2.941816,-0.817639,-1.459668,0.904871,0.652661,0.244803,-1.039160,1.193922,-0.045495,-0.563654,0.611959,0.331834,-0.481092,0.410494,0.625902,-1.710967,-1.808508,1.432683,0.473796,-0.552274,-0.297808,0.938922,-0.613992,-1.065085,0.196762,0.697726
37.535989,-0.205980,-3.530025,2.932776,-0.816096,-1.456653,0.906493,0.654846,0.362334,-1.104583,1.286628,-0.012729,-0.566870,0.617880,0.331899,-0.481666,0.410187,0.626830,-1.711577,-1.809566,1.432874,0.474486,-0.559486,-0.301111,0.937075,-0.613616,-1.061152,0.194500,0.693272
37.536965,-0.206437,-3.528819,2.932751,-0.815396,-1.457585,0.907549,0.653578,0.477843,-1.149117,1.374902,0.007595,-0.569068,0.624071,0.331983,-0.482240,0.409894,0.627781,-1.712193,-1.810639,1.433065,0.475158,-0.562692,-0.299501,0.941044,-0.614076,-1.062758,0.192926,0.688246
37.537931,-0.218154,-3.524313,2.933071,-0.817552,-1.452569,0.907889,0.653518,0.591136,-1.180668,1.459834,0.020032,-0.570583,0.630450,0.332069,-0.482791,0.409592,0.628729,-1.712806,-1.811686,1.433253,0.475854,-0.560999,-0.299557,0.939879,-0.613038,-1.060115,0.191870,0.689993
37.538947,-0.217553,-3.514817,2.933687,-0.819073,-1.459367,0.905437,0.654856,0.688342,-1.200912,1.530900,0.027623,-0.571531,0.636024,0.332190,-0.483332,0.409285,0.629658,-1.713406,-1.812754,1.433447,0.476542,-0.553741,-0.301160,0.938715,-0.609304,-1.063216,0.191481,0.689244
37.539931,-0.207132,-3.511876,2.928507,-0.820846,-1.460533,0.900909,0.657724,0.756916,-1.202246,1.577406,0.027938,-0.571543,0.640142,0.332321,-0.483878,0.408975,0.630599,-1.714008,-1.813785,1.433646,0.477214,-0.552969,-0.305397,0.937789,-0.606880,-1.055159,0.193941,0.685865
37.540928,-0.204518,-3.509628,2.916587,-0.824062,-1.459634,0.899177,0.658553,0.799023,-1.179441,1.600538,0.017324,-0.570310,0.643152,0.332409,-0.484442,0.408664,0.631534,-1.714611,-1.814837,1.433854,0.477883,-0.556702,-0.306188,0.939526,-0.603732,-1.052400,0.198371,0.679366
37.541993,-0.212049,-3.504567,2.918567,-0.825044,-1.458005,0.900174,0.658323,0.822075,-1.134369,1.606394,-0.005526,-0.567858,0.645465,0.332448,-0.485003,0.408352,0.632488,-1.715198,-1.815899,1.434056,0.478557,-0.556551,-0.306699,0.944552,-0.599711,-1.051701,0.200015,0.677029
37.542965,-0.217181,-3.495582,2.911959,-0.824695,-1.454444,0.905003,0.658846,0.823295,-1.069825,1.593211,-0.039404,-0.564480,0.646647,0.332502,-0.485542,0.408041,0.633440,-1.715798,-1.816945,1.434254,0.479230,-0.551952,-0.308841,0.943259,-0.598540,-1.052482,0.199031,0.676923
37.544006,-0.207700,-3.495761,2.912743,-0.824140,-1.455817,0.906868,0.661276,0.795708,-0.986143,1.555835,-0.082387,-0.560556,0.646187,0.332625,-0.486084,0.407720,0.634380,-1.716390,-1.818005,1.434444,0.479903,-0.548074,-0.312547,0.945521,-0.597627,-1.054214,0.194143,0.675091
37.544955,-0.196286,-3.492336,2.901558,-0.826933,-1.446807,0.907239,0.658932,0.743017,-0.887349,1.498044,-0.132219,-0.556522,0.644443,0.332800,-0.486646,0.407412,0.635327,-1.716989,-1.819039,1.434631,0.480558,-0.551695,-0.311983,0.944667,-0.597674,-1.051855,0.192386,0.669632
37.545989,-0.193537,-3.492852,2.896973,-0.827879,-1.445192,0.904518,0.658866,0.682594,-0.782517,1.434710,-0.187652,-0.552694,0.642672,0.333007,-0.487205,0.407095,0.636292,-1.717576,-1.820110,1.434824,0.481240,-0.555756,-0.312877,0.948705,-0.593388,-1.058806,0.191959,0.673562
37.546998,-0.198957,-3.485249,2.896174,-0.828283,-1.438916,0.901260,0.656856,0.625977,-0.677423,1.375291,-0.248973,-0.549143,0.641662,0.333263,-0.487762,0.406781,0.637235,-1.718164,-1.821180,1.435023,0.481907,-0.555923,-0.312076,0.950515,-0.592124,-1.058975,0.194711,0.673027
37.548058,-0.203064,-3.478278,2.896887,-0.827740,-1.436461,0.901504,0.657210,0.569671,-0.573613,1.316972,-0.314855,-0.545997,0.641094,0.333563,-0.488302,0.406462,0.638190,-1.718754,-1.822243,1.435228,0.482592,-0.552071,-0.315250,0.950036,-0.591003,-1.063761,0.197903,0.676339
37.549000,-0.200230,-3.477502,2.896200,-0.833477,-1.429266,0.903838,0.655395,0.505469,-0.469032,1.253083,-0.383582,-0.543324,0.640385,0.333865,-0.488846,0.406137,0.639127,-1.719339,-1.823321,1.435424,0.483266,-0.549139,-0.318149,0.949569,-0.591625,-1.064967,0.197672,0.674989
37.549949,-0.193523,-3.477467,2.884910,-0.830667,-1.424606,0.903015,0.655361,0.433081,-0.361567,1.183229,-0.455740,-0.540825,0.639553,0.334119,-0.489398,0.405820,0.640079,-1.719913,-1.824391,1.435614,0.483941,-0.548991,-0.317660,0.948377,-0.584586,-1.069989,0.195262,0.677820
37.550996,-0.196874,-3.475775,2.883330,-0.829352,-1.420247,0.903401,0.654033,0.285764,-0.157581,1.045792,-0.604190,-0.535512,0.638124,0.334454,-0.490495,0.405181,0.641989,-1.721085,-1.826563,1.436003,0.485308,-0.548107,-0.317116,0.952859,-0.587224,-1.075265,0.195683,0.679014
37.552116,-0.205302,-3.473613,2.877540,-0.829350,-1.415023,0.904323,0.652147,0.285764,-0.157581,1.045792,-0.604190,-0.535512,0.638124,0.334454,-0.490495,0.405181,0.641989,-1.721085,-1.826563,1.436003,0.485308,-0.548107,-0.317116,0.952859,-0.587224,-1.075265,0.195683,0.679014
37.553067,-0.213733,-3.475862,2.878362,-0.829293,-1.420013,0.903311,0.650610,0.202699,-0.072882,0.973665,-0.668818,-0.533105,0.636207,0.334601,-0.491023,0.404864,0.642953,-1.721676,-1.827639,1.436195,0.485987,-0.543507,-0.317904,0.955980,-0.587971,-1.079843,0.194895,0.682298
37.553950,-0.201411,-3.478652,2.872296,-0.829009,-1.420001,0.902120,0.650216,-0.015530,0.050583,0.798430,-0.758881,-0.529037,0.626624,0.334902,-0.492110,0.404236,0.644856,-1.722832,-1.829780,1.436593,0.487367,-0.542281,-0.313565,0.955020,-0.584957,-1.069927,0.196843,0.684234
37.555060,-0.194701,-3.471536,2.868420,-0.831490,-1.426922,0.902529,0.650246,-0.015530,0.050583,0.798430,-0.758881,-0.529037,0.626624,0.334902,-0.492110,0.404236,0.644856,-1.722832,-1.829780,1.436593,0.487367,-0.542281,-0.313565,0.955020,-0.584957,-1.069927,0.196843,0.684234
37.556062,-0.207791,-3.472697,2.860786,-0.833233,-1.426455,0.901386,0.646320,-0.127089,0.083316,0.714406,-0.785094,-0.527058,0.620601,0.334953,-0.492656,0.403912,0.645822,-1.723414,-1.830826,1.436790,0.488056,-0.544988,-0.316772,0.957034,-0.583294,-1.062508,0.196515,0.683611
37.556962,-0.218528,-3.470176,2.860381,-0.826301,-1.427960,0.898213,0.646021,-0.232143,0.105252,0.637251,-0.804555,-0.524622,0.614619,0.334917,-0.493181,0.403597,0.646781,-1.723984,-1.831890,1.436991,0.488766,-0.537372,-0.315506,0.959868,-0.581197,-1.061429,0.197618,0.690677
37.557981,-0.220816,-3.469026,2.850378,-0.829288,-1.428961,0.897096,0.644997,-0.348075,0.119849,0.552654,-0.814684,-0.522049,0.607336,0.334820,-0.493695,0.403284,0.647740,-1.724583,-1.832930,1.437195,0.489452,-0.530652,-0.315839,0.957982,-0.585820,-1.057625,0.200627,0.690236
37.559016,-0.214925,-3.465637,2.850354,-0.827014,-1.427752,0.896979,0.646312,-0.485741,0.125451,0.452402,-0.811364,-0.519870,0.597770,0.334650,-0.494221,0.402965,0.648701,-1.725159,-1.833984,1.437401,0.490151,-0.528665,-0.315780,0.962207,-0.582483,-1.055279,0.201660,0.691523
37.560035,-0.207362,-3.455410,2.839651,-0.826536,-1.424669,0.892129,0.646344,-0.638067,0.124014,0.341592,-0.797135,-0.518042,0.586491,0.334399,-0.494760,0.402642,0.649666,-1.725744,-1.835045,1.437603,0.490835,-0.530703,-0.316854,0.961466,-0.584564,-1.055241,0.201751,0.688155
37.561035,-0.222631,-3.453257,2.847214,-0.821553,-1.426370,0.892805,0.644803,-0.789388,0.120406,0.231430,-0.777802,-0.516211,0.574873,0.334104,-0.495296,0.402314,0.650646,-1.726331,-1.836094,1.437817,0.491520,-0.533496,-0.321252,0.965808,-0.584477,-1.057031,0.206534,0.687392
37.561935,-0.221381,-3.449344,2.853603,-0.821162,-1.424465,0.894416,0.646311,-0.934278,0.118272,0.125379,-0.755614,-0.514332,0.563473,0.333846,-0.495805,0.401990,0.651594,-1.726921,-1.837140,1.438022,0.492216,-0.524971,-0.321540,0.961072,-0.588683,-1.053843,0.205726,0.689702
37.562957,-0.210422,-3.446545,2.847519,-0.820328,-1.427643,0.894243,0.644653,-1.071822,0.113743,0.024894,-0.728232,-0.512743,0.552370,0.333663,-0.496327,0.401668,0.652546,-1.727505,-1.838189,1.438220,0.492893,-0.524196,-0.322457,0.955898,-0.586987,-1.053403,0.203955,0.685692
37.564094,-0.203037,-3.448604,2.846328,-0.821328,-1.425931,0.891906,0.644029,-1.190140,0.102594,-0.059978,-0.696677,-0.511446,0.542518,0.333532,-0.496861,0.401343,0.653515,-1.728104,-1.839232,1.438423,0.493587,-0.528781,-0.323161,0.958125,-0.587064,-1.048973,0.204102,0.688318
37.564959,-0.208470,-3.447826,2.838358,-0.816989,-1.426746,0.887473,0.644083,-1.277684,0.083098,-0.120185,-0.663711,-0.510294,0.534802,0.333421,-0.497400,0.401018,0.654469,-1.728685,-1.840297,1.438637,0.494283,-0.532042,-0.321763,0.959196,-0.587252,-1.050345,0.206491,0.689010
37.565913,-0.221501,-3.443546,2.847619,-0.815575,-1.419307,0.884859,0.641926,-1.338353,0.051895,-0.158627,-0.627527,-0.509608,0.528748,0.333316,-0.497911,0.400701,0.655433,-1.729281,-1.841332,1.438854,0.494963,-0.527734,-0.321074,0.960706,-0.588823,-1.046934,0.210635,0.687877
37.566965,-0.214591,-3.437456,2.844346,-0.807740,-1.424162,0.884802,0.642797,-1.388294,0.009265,-0.188089,-0.585538,-0.509796,0.523044,0.333216,-0.498420,0.400373,0.656370,-1.729870,-1.842399,1.439071,0.495660,-0.520165,-0.322290,0.954778,-0.588793,-1.052395,0.213027,0.691335
37.568084,-0.200153,-3.439508,2.846409,-0.808834,-1.421685,0.883141,0.643583,-1.436215,-0.042025,-0.215502,-0.536996,-0.511142,0.517184,0.333098,-0.498952,0.400044,0.657332,-1.730482,-1.843429,1.439285,0.496339,-0.522944,-0.324693,0.955996,-0.596008,-1.046613,0.212985,0.688898
37.569078,-0.196425,-3.442376,2.849218,-0.803065,-1.421616,0.882467,0.645852,-1.471706,-0.103057,-0.232326,-0.482514,-0.513870,0.512073,0.332922,-0.499491,0.399723,0.658292,-1.731083,-1.844486,1.439503,0.497024,-0.529700,-0.323275,0.955171,-0.595314,-1.048685,0.214644,0.686802
37.569991,-0.201618,-3.436200,2.851725,-0.799233,-1.417133,0.881256,0.645787,-1.478605,-0.179827,-0.225097,-0.422555,-0.518127,0.508798,0.332685,-0.500026,0.399402,0.659234,-1.731685,-1.845543,1.439725,0.497703,-0.530377,-0.321099,0.952890,-0.599908,-1.047109,0.215122,0.681481
37.571132,-0.195656,-3.437630,2.867997,-0.799005,-1.418466,0.878949,0.644732,-1.456737,-0.274570,-0.193376,-0.356421,-0.523989,0.507270,0.332424,-0.500538,0.399079,0.660178,-1.732293,-1.846589,1.439945,0.498375,-0.526457,-0.323217,0.949891,-0.601284,-1.049408,0.216067,0.680773
37.572007,-0.178147,-3.442661,2.862306,-0.791545,-1.415089,0.878345,0.645595,-1.410972,-0.382521,-0.141518,-0.285977,-0.531118,0.507248,0.332192,-0.501072,0.398760,0.661099,-1.732906,-1.847642,1.440172,0.499067,-0.529178,-0.322214,0.942653,-0.601994,-1.047797,0.218343,0.682395
37.572943,-0.166155,-3.447386,2.864687,-0.787913,-1.410746,0.879194,0.645223,-1.333037,-0.505491,-0.062459,-0.212360,-0.539162,0.509327,0.331997,-0.501631,0.398447,0.662047,-1.733526,-1.848700,1.440391,0.499734,-0.535936,-0.318668,0.943398,-0.606272,-1.048510,0.218618,0.679689
37.573984,-0.171306,-3.450529,2.869924,-0.789839,-1.416196,0.878543,0.644137,-1.214618,-0.651173,0.051657,-0.133100,-0.548038,0.513917,0.331784,-0.502175,0.398140,0.662990,-1.734130,-1.849744,1.440607,0.500413,-0.540366,-0.315554,0.940673,-0.607835,-1.050867,0.217536,0.679593
37.574930,-0.178834,-3.451359,2.865142,-0.790430,-1.418163,0.877168,0.642909,-1.061165,-0.818527,0.196335,-0.048298,-0.557344,0.520575,0.331525,-0.502705,0.397830,0.663914,-1.734734,-1.850779,1.440827,0.501099,-0.536894,-0.313539,0.937903,-0.605214,-1.044362,0.218082,0.681099
37.575969,-0.172456,-3.450680,2.864562,-0.790770,-1.422868,0.877209,0.643359,-0.895319,-0.995311,0.351865,0.038697,-0.566423,0.527802,0.331239,-0.503226,0.397525,0.664856,-1.735324,-1.851800,1.441047,0.501778,-0.531908,-0.312433,0.938977,-0.603093,-1.040750,0.219236,0.682709
37.576975,-0.165327,-3.451493,2.860801,-0.795807,-1.425810,0.874407,0.642213,-0.738940,-1.167495,0.498934,0.123991,-0.574755,0.534256,0.330965,-0.503768,0.397214,0.665800,-1.735927,-1.852832,1.441264,0.502459,-0.534202,-0.312299,0.938830,-0.602097,-1.035068,0.219076,0.681108
37.577932,-0.162048,-3.450866,2.872205,-0.794932,-1.431958,0.871434,0.641927,-0.594346,-1.325682,0.634131,0.202292,-0.581896,0.540086,0.330729,-0.504314,0.396903,0.666730,-1.736508,-1.853859,1.441486,0.503147,-0.536588,-0.311310,0.940136,-0.596467,-1.030942,0.221731,0.682668
37.578958,-0.155804,-3.442334,2.869936,-0.795328,-1.427752,0.871520,0.639506,-0.453091,-1.466507,0.763415,0.269237,-0.587658,0.546142,0.330559,-0.504851,0.396598,0.667651,-1.737107,-1.854877,1.441718,0.503829,-0.536856,-0.310966,0.933357,-0.595778,-1.023210,0.224417,0.682386
37.579954,-0.157715,-3.437437,2.878599,-0.791824,-1.431089,0.872503,0.639414,-0.308850,-1.588312,0.891574,0.323054,-0.592259,0.553058,0.330492,-0.505395,0.396275,0.668578,-1.737696,-1.855900,1.441943,0.504528,-0.538938,-0.314615,0.934216,-0.594896,-1.026541,0.224130,0.686503
37.580957,-0.152205,-3.432900,2.880047,-0.793305,-1.433299,0.872943,0.636927,-0.163292,-1.687003,1.016880,0.363378,-0.596107,0.560889,0.330540,-0.505931,0.395957,0.669501,-1.738300,-1.856898,1.442161,0.505211,-0.536814,-0.316347,0.929208,-0.597200,-1.022136,0.222977,0.685881
37.582003,-0.144170,-3.435500,2.887851,-0.793975,-1.430146,0.874162,0.637869,-0.020011,-1.761854,1.136688,0.391725,-0.599745,0.569445,0.330648,-0.506472,0.395636,0.670435,-1.738894,-1.857917,1.442387,0.505912,-0.538464,-0.317910,0.927858,-0.594774,-1.018795,0.222342,0.690082
37.583023,-0.140172,-3.436494,2.878219,-0.796971,-1.424453,0.875313,0.636324,0.124878,-1.817627,1.254943,0.409504,-0.603637,0.578964,0.330737,-0.507020,0.395324,0.671344,-1.739486,-1.858945,1.442610,0.506598,-0.541495,-0.316110,0.924005,-0.593833,-1.021154,0.220986,0.687452
37.583983,-0.148003,-3.435776,2.873292,-0.796392,-1.418873,0.873689,0.633352,0.273579,-1.860035,1.374135,0.417763,-0.608004,0.589476,0.330801,-0.507558,0.395014,0.672284,-1.740069,-1.859977,1.442827,0.507288,-0.542456,-0.315093,0.928335,-0.590414,-1.025748,0.219708,0.689848
37.585051,-0.154245,-3.431102,2.884340,-0.802299,-1.408072,0.872453,0.632535,0.411304,-1.889452,1.482453,0.418270,-0.612883,0.599753,0.330907,-0.508089,0.394698,0.673205,-1.740663,-1.861015,1.443052,0.507996,-0.537230,-0.314677,0.929815,-0.589546,-1.029605,0.221115,0.694888
37.585991,-0.144483,-3.423874,2.884748,-0.801042,-1.403535,0.871587,0.632187,0.521341,-1.901483,1.565997,0.410848,-0.617955,0.608535,0.331112,-0.508618,0.394374,0.674120,-1.741233,-1.862060,1.443273,0.508700,-0.533464,-0.316491,0.924446,-0.584116,-1.039648,0.222250,0.695777
37.586967,-0.130934,-3.417616,2.884901,-0.798054,-1.398825,0.869741,0.632037,0.607607,-1.892428,1.627468,0.391850,-0.622512,0.616205,0.331419,-0.509154,0.394050,0.675043,-1.741817,-1.863105,1.443497,0.509396,-0.536995,-0.319180,0.923091,-0.583926,-1.042130,0.222852,0.695537
37.587942,-0.121523,-3.413947,2.881396,-0.798854,-1.399932,0.872401,0.629582,0.686570,-1.864073,1.680438,0.359754,-0.626065,0.623979,0.331819,-0.509711,0.393723,0.675959,-1.742404,-1.864158,1.443727,0.510095,-0.542307,-0.321431,0.922280,-0.585858,-1.045113,0.224450,0.694966
37.589060,-0.131510,-3.412041,2.886931,-0.800297,-1.396383,0.875442,0.630251,0.770336,-1.822181,1.735524,0.316706,-0.628449,0.632571,0.332283,-0.510256,0.393399,0.676887,-1.742983,-1.865194,1.443940,0.510797,-0.545646,-0.322428,0.923150,-0.584100,-1.042392,0.221591,0.699043
37.589920,-0.140580,-3.401516,2.884028,-0.801835,-1.394492,0.875962,0.631338,0.856348,-1.770550,1.791311,0.265641,-0.629452,0.641614,0.332741,-0.510785,0.393072,0.677800,-1.743570,-1.866250,1.444154,0.511494,-0.540179,-0.322948,0.921135,-0.583471,-1.045514,0.218552,0.697066
37.590985,-0.133109,-3.397149,2.871790,-0.808024,-1.395830,0.874505,0.631891,0.927459,-1.706809,1.834041,0.208485,-0.628689,0.649844,0.333103,-0.511313,0.392734,0.678724,-1.744139,-1.867301,1.444370,0.512179,-0.533876,-0.326885,0.920552,-0.579685,-1.044606,0.217751,0.693839
37.592021,-0.130346,-3.390036,2.863484,-0.811137,-1.399110,0.872390,0.632924,0.969214,-1.622560,1.850991,0.142633,-0.625482,0.656378,0.333320,-0.511850,0.392404,0.679667,-1.744703,-1.868329,1.444591,0.512867,-0.536940,-0.328425,0.926605,-0.574120,-1.042588,0.219126,0.692103
37.592957,-0.142508,-3.386218,2.849527,-0.812656,-1.403811,0.868838,0.633746,0.980038,-1.512693,1.839776,0.064600,-0.619377,0.661182,0.333400,-0.512390,0.392066,0.680597,-1.745262,-1.869362,1.444818,0.513555,-0.537340,-0.331181,0.930457,-0.571432,-1.038296,0.221077,0.689322
37.593928,-0.155107,-3.382897,2.847392,-0.815983,-1.402503,0.871847,0.636646,0.954607,-1.378816,1.796168,-0.023403,-0.610717,0.663654,0.333390,-0.512912,0.391733,0.681541,-1.745824,-1.870371,1.445046,0.514232,-0.529899,-0.332004,0.935959,-0.568872,-1.031923,0.224358,0.686826
37.595026,-0.149607,-3.383795,2.853439,-0.815822,-1.405384,0.876712,0.635181,0.880252,-1.225879,1.710954,-0.115477,-0.600332,0.662498,0.333337,-0.513418,0.391395,0.682486,-1.746381,-1.871406,1.445260,0.514906,-0.522714,-0.332658,0.935822,-0.565102,-1.031696,0.221115,0.680207
37.595969,-0.134037,-3.376502,2.844309,-0.820159,-1.405097,0.877341,0.636627,0.764757,-1.065878,1.592490,-0.205965,-0.589140,0.658011,0.333277,-0.513949,0.391061,0.683405,-1.746944,-1.872442,1.445467,0.515585,-0.525035,-0.331624,0.933282,-0.566413,-1.028327,0.216256,0.682682
37.596908,-0.129603,-3.370918,2.838072,-0.816269,-1.400122,0.876330,0.636929,0.638954,-0.911530,1.467302,-0.293379,-0.577734,0.652447,0.333237,-0.514490,0.390723,0.684353,-1.747496,-1.873453,1.445680,0.516261,-0.531399,-0.334207,0.936447,-0.561337,-1.027035,0.215477,0.678892
37.598015,-0.142401,-3.365432,2.838495,-0.818169,-1.395472,0.876283,0.637800,0.524661,-0.765644,1.352817,-0.379851,-0.566254,0.647552,0.333242,-0.515024,0.390380,0.685287,-1.748058,-1.874491,1.445898,0.516942,-0.532156,-0.335808,0.938196,-0.564305,-1.030137,0.216279,0.677442
37.598989,-0.145782,-3.359398,2.840853,-0.819296,-1.388800,0.873241,0.637009,0.418382,-0.627621,1.246009,-0.463328,-0.555006,0.643057,0.333297,-0.515540,0.390043,0.686230,-1.748620,-1.875519,1.446113,0.517606,-0.525396,-0.337982,0.938284,-0.563646,-1.034502,0.216302,0.675228
37.600067,-0.135668,-3.357771,2.834246,-0.823825,-1.394036,0.874101,0.637360,0.308276,-0.496466,1.137468,-0.540728,-0.544156,0.637986,0.333385,-0.516052,0.389697,0.687170,-1.749180,-1.876565,1.446339,0.518295,-0.522783,-0.339899,0.936029,-0.562022,-1.039502,0.219135,0.676007
37.600979,-0.129294,-3.352428,2.828413,-0.822796,-1.390992,0.875520,0.638774,0.196357,-0.371844,1.028823,-0.612819,-0.533450,0.632422,0.333468,-0.516589,0.389355,0.688107,-1.749724,-1.877594,1.446558,0.518964,-0.527220,-0.339967,0.939466,-0.558780,-1.033585,0.218166,0.674741
37.601954,-0.129157,-3.346089,2.819267,-0.821410,-1.388181,0.876630,0.637972,0.093640,-0.256292,0.929192,-0.680537,-0.522752,0.627122,0.333502,-0.517115,0.389011,0.689057,-1.750283,-1.878623,1.446768,0.519620,-0.528924,-0.341388,0.940539,-0.558561,-1.034636,0.216531,0.671069
37.603111,-0.148140,-3.337430,2.822943,-0.825715,-1.391608,0.877875,0.637789,-0.091513,-0.050953,0.750954,-0.798053,-0.501814,0.616825,0.333368,-0.518141,0.388302,0.690948,-1.751395,-1.880700,1.447192,0.520957,-0.518441,-0.347080,0.942964,-0.557338,-1.032432,0.214093,0.671943
37.604070,-0.146983,-3.334010,2.818126,-0.824977,-1.392347,0.878235,0.637079,-0.091513,-0.050953,0.750954,-0.798053,-0.501814,0.616825,0.333368,-0.518141,0.388302,0.690948,-1.751395,-1.880700,1.447192,0.520957,-0.518441,-0.347080,0.942964,-0.557338,-1.032432,0.214093,0.671943
37.604974,-0.130163,-3.326654,2.806373,-0.822148,-1.395002,0.878508,0.637803,-0.199895,0.047280,0.650712,-0.845361,-0.491882,0.610139,0.333293,-0.518657,0.387953,0.691905,-1.751955,-1.881718,1.447407,0.521637,-0.518039,-0.347574,0.943979,-0.557411,-1.030174,0.213555,0.672547
37.605937,-0.133323,-3.325678,2.813543,-0.820672,-1.392987,0.878081,0.636896,-0.315948,0.140248,0.545796,-0.883804,-0.482818,0.602731,0.333265,-0.519194,0.387597,0.692867,-1.752512,-1.882741,1.447620,0.522308,-0.524895,-0.349832,0.947842,-0.558920,-1.025417,0.213047,0.670171
37.606955,-0.141618,-3.322400,2.805826,-0.816919,-1.392767,0.878437,0.636558,-0.422466,0.219833,0.450976,-0.912132,-0.475247,0.595844,0.333268,-0.519713,0.387252,0.693794,-1.753072,-1.883757,1.447833,0.522975,-0.522124,-0.349167,0.943156,-0.559769,-1.026011,0.213311,0.671257
37.607968,-0.150513,-3.323385,2.805636,-0.816482,-1.390019,0.881062,0.635676,-0.518060,0.279132,0.368524,-0.926634,-0.469915,0.589412,0.333288,-0.520216,0.386902,0.694734,-1.753647,-1.884789,1.448047,0.523664,-0.517342,-0.349806,0.946512,-0.563321,-1.025080,0.212836,0.671180
37.608914,-0.150271,-3.321184,2.806558,-0.817162,-1.387279,0.883178,0.634373,-0.616606,0.315779,0.287989,-0.923205,-0.467398,0.582185,0.333330,-0.520720,0.386552,0.695683,-1.754218,-1.885829,1.448250,0.524326,-0.512242,-0.348267,0.945822,-0.563504,-1.026577,0.210138,0.672310
37.609958,-0.142340,-3.314411,2.805764,-0.813269,-1.387664,0.881424,0.632721,-0.721913,0.330475,0.206265,-0.902760,-0.467625,0.573856,0.333391,-0.521228,0.386205,0.696633,-1.754770,-1.886855,1.448453,0.525001,-0.511349,-0.348183,0.943883,-0.562161,-1.027587,0.207899,0.674093
37.610951,-0.140232,-3.304665,2.810278,-0.814457,-1.380789,0.879437,0.632173,-0.822163,0.325418,0.132266,-0.870093,-0.470084,0.565525,0.333444,-0.521749,0.385849,0.697568,-1.755338,-1.887882,1.448666,0.525686,-0.514669,-0.350594,0.944038,-0.566375,-1.026317,0.209615,0.676730
37.611960,-0.146246,-3.304558,2.800599,-0.804357,-1.381224,0.880535,0.631699,-0.904541,0.307102,0.074909,-0.831596,-0.474036,0.558497,0.333475,-0.522266,0.385491,0.698509,-1.755906,-1.888912,1.448878,0.526357,-0.514790,-0.354298,0.940902,-0.564721,-1.031924,0.211473,0.677082
37.613026,-0.149923,-3.298685,2.814906,-0.804799,-1.385625,0.879191,0.628524,-0.970643,0.280222,0.032097,-0.789075,-0.478992,0.552759,0.333511,-0.522767,0.385142,0.699464,-1.756501,-1.889942,1.449090,0.527036,-0.511099,-0.353277,0.944943,-0.574069,-1.030208,0.210237,0.677310
37.613935,-0.138927,-3.303457,2.809814,-0.805693,-1.386166,0.881794,0.628348,-1.030145,0.241825,-0.003141,-0.737649,-0.485007,0.547346,0.333577,-0.523274,0.384782,0.700385,-1.757073,-1.890961,1.449306,0.527734,-0.508884,-0.355262,0.937818,-0.574015,-1.025198,0.211540,0.683028
37.614986,-0.132924,-3.307683,2.812174,-0.804910,-1.388122,0.885912,0.628778,-1.076991,0.188800,-0.025471,-0.677841,-0.491668,0.542531,0.333659,-0.523789,0.384443,0.701330,-1.757644,-1.891973,1.449510,0.528412,-0.513106,-0.351597,0.938651,-0.571486,-1.022756,0.208718,0.682404
37.615982,-0.139024,-3.311488,2.806744,-0.805527,-1.388852,0.884379,0.626465,-1.096875,0.117651,-0.023292,-0.613386,-0.498366,0.539241,0.333697,-0.524310,0.384097,0.702258,-1.758214,-1.892991,1.449713,0.529098,-0.515433,-0.348631,0.937352,-0.572631,-1.020103,0.204579,0.680867
37.616905,-0.150347,-3.311983,2.805897,-0.800435,-1.390424,0.883851,0.625574,-1.091067,0.025672,0.002564,-0.543861,-0.504988,0.537220,0.333664,-0.524817,0.383759,0.703204,-1.758787,-1.893995,1.449918,0.529784,-0.511551,-0.345800,0.939212,-0.571501,-1.018322,0.206084,0.684775
37.617946,-0.147443,-3.314388,2.817067,-0.796884,-1.394814,0.889104,0.625223,-1.078777,-0.083857,0.036258,-0.467039,-0.511712,0.534964,0.333564,-0.525306,0.383418,0.704145,-1.759373,-1.895004,1.450125,0.530473,-0.504913,-0.344367,0.938004,-0.574850,-1.014962,0.206420,0.685596
37.618977,-0.144640,-3.313562,2.811401,-0.792789,-1.401988,0.890328,0.627107,-1.070399,-0.209815,0.069568,-0.380012,-0.519057,0.531752,0.333361,-0.525815,0.383078,0.705060,-1.759953,-1.896013,1.450317,0.531165,-0.505884,-0.342340,0.932343,-0.578357,-1.009863,0.201162,0.685580
37.619942,-0.137277,-3.315692,2.820116,-0.792954,-1.401261,0.891366,0.626998,-1.058492,-0.353334,0.108781,-0.281925,-0.527626,0.528347,0.333030,-0.526319,0.382741,0.705997,-1.760544,-1.896999,1.450512,0.531833,-0.506729,-0.341954,0.934835,-0.582008,-1.002097,0.199995,0.681134
37.620912,-0.137695,-3.313677,2.806964,-0.793132,-1.396946,0.892766,0.626717,-1.034062,-0.511038,0.160320,-0.176180,-0.537647,0.525689,0.332603,-0.526836,0.382405,0.706910,-1.761123,-1.898001,1.450704,0.532511,-0.509373,-0.339865,0.929587,-0.580738,-1.001574,0.198915,0.680587
37.621965,-0.150126,-3.307489,2.816741,-0.791408,-1.393723,0.894064,0.628919,-0.994887,-0.674208,0.224010,-0.069518,-0.548863,0.524224,0.332176,-0.527344,0.382062,0.707855,-1.761696,-1.899021,1.450896,0.533183,-0.508205,-0.339822,0.935122,-0.579734,-1.004473,0.197476,0.680384
37.622936,-0.144912,-3.303001,2.820403,-0.794309,-1.385361,0.894210,0.629480,-0.953091,-0.829527,0.287635,0.032317,-0.560914,0.523367,0.331858,-0.527832,0.381720,0.708781,-1.762284,-1.900023,1.451087,0.533854,-0.501691,-0.342131,0.930072,-0.581389,-1.007173,0.196251,0.675329
37.623998,-0.131265,-3.298251,2.818402,-0.793637,-1.385009,0.892314,0.630256,-0.916179,-0.966026,0.343394,0.124530,-0.573393,0.522895,0.331709,-0.528338,0.381375,0.709693,-1.762844,-1.901047,1.451285,0.534531,-0.503132,-0.343061,0.926826,-0.577090,-1.013479,0.195960,0.673289
37.625106,-0.129399,-3.291909,2.817311,-0.790648,-1.380634,0.891706,0.630526,-0.872416,-1.079537,0.399826,0.201246,-0.585690,0.523908,0.331729,-0.528861,0.381034,0.710621,-1.763431,-1.902065,1.451486,0.535190,-0.508766,-0.344306,0.926662,-0.576361,-1.012093,0.197749,0.670920
37.625940,-0.131747,-3.289339,2.815941,-0.786154,-1.373731,0.892588,0.631479,-0.812922,-1.170514,0.463943,0.260942,-0.597469,0.527027,0.331886,-0.529368,0.380683,0.711554,-1.764013,-1.903081,1.451685,0.535861,-0.508821,-0.346372,0.926378,-0.578636,-1.015239,0.198271,0.669608
37.626946,-0.135636,-3.282342,2.822981,-0.784571,-1.370987,0.894959,0.633134,-0.743899,-1.242608,0.531544,0.308325,-0.608728,0.531472,0.332147,-0.529867,0.380333,0.712461,-1.764585,-1.904109,1.451878,0.536516,-0.505585,-0.345766,0.923976,-0.579328,-1.018550,0.197063,0.666495
37.627987,-0.119262,-3.281555,2.812888,-0.789357,-1.368281,0.898989,0.634037,-0.674141,-1.299829,0.596616,0.348110,-0.619268,0.536257,0.332448,-0.530358,0.379983,0.713371,-1.765165,-1.905118,1.452067,0.537170,-0.502526,-0.347890,0.918913,-0.578983,-1.019236,0.194565,0.662279
37.629011,-0.107058,-3.273850,2.817008,-0.790918,-1.374241,0.900044,0.635162,-0.602298,-1.342315,0.660421,0.378972,-0.628325,0.541419,0.332712,-0.530883,0.379635,0.714289,-1.765725,-1.906138,1.452249,0.537824,-0.509467,-0.346992,0.922790,-0.573136,-1.020099,0.190478,0.659658
37.630034,-0.107964,-3.270310,2.814311,-0.794543,-1.375539,0.902176,0.634551,-0.516932,-1.368110,0.731509,0.395264,-0.634903,0.547942,0.332911,-0.531409,0.379284,0.715206,-1.766289,-1.907131,1.452434,0.538469,-0.514090,-0.349526,0.919227,-0.570258,-1.012327,0.189385,0.656579
37.631077,-0.114010,-3.260685,2.816371,-0.797754,-1.379529,0.903123,0.634236,-0.412080,-1.376188,0.814228,0.393836,-0.638451,0.556392,0.333084,-0.531914,0.378930,0.716132,-1.766852,-1.908141,1.452618,0.539125,-0.512377,-0.349878,0.919074,-0.565302,-1.009181,0.187171,0.656967
37.632014,-0.113010,-3.251870,2.812164,-0.795933,-1.384256,0.901612,0.631862,-0.299330,-1.363643,0.898860,0.374790,-0.638790,0.565985,0.333284,-0.532412,0.378568,0.717037,-1.767404,-1.909141,1.452805,0.539779,-0.508299,-0.353289,0.916927,-0.561295,-1.003524,0.186172,0.656764
37.632935,-0.103770,-3.247161,2.803630,-0.793852,-1.384702,0.903423,0.631524,-0.194736,-1.327488,0.972357,0.339884,-0.636045,0.575550,0.333516,-0.532914,0.378210,0.717960,-1.767975,-1.910116,1.452993,0.540439,-0.507266,-0.356013,0.916757,-0.560632,-0.996555,0.187529,0.660520
37.633968,-0.098897,-3.239921,2.811136,-0.797752,-1.386506,0.905198,0.630681,-0.104201,-1.271652,1.030984,0.293433,-0.630856,0.584458,0.333742,-0.533432,0.377846,0.718872,-1.768525,-1.911103,1.453175,0.541097,-0.510078,-0.356547,0.918711,-0.560509,-0.993657,0.185530,0.660101
37.634971,-0.099892,-3.231143,2.804357,-0.796373,-1.388027,0.907117,0.630436,-0.020968,-1.203877,1.081451,0.238181,-0.623908,0.592976,0.333918,-0.533948,0.377479,0.719780,-1.769070,-1.912096,1.453352,0.541751,-0.511213,-0.358664,0.913657,-0.555802,-0.990203,0.183739,0.660952
37.635938,-0.094411,-3.221018,2.801932,-0.799005,-1.384282,0.906262,0.629387,0.061056,-1.127087,1.129006,0.173713,-0.615616,0.601549,0.334017,-0.534449,0.377112,0.720701,-1.769631,-1.913066,1.453529,0.542410,-0.509434,-0.361462,0.915455,-0.555729,-0.987022,0.181774,0.660515
37.636974,-0.090631,-3.213767,2.799872,-0.802933,-1.380999,0.907231,0.629551,0.137689,-1.039093,1.169925,0.099457,-0.606241,0.609978,0.334044,-0.534963,0.376739,0.721608,-1.770170,-1.914064,1.453714,0.543082,-0.510627,-0.364753,0.914815,-0.551644,-0.988593,0.182528,0.661595
37.637944,-0.089515,-3.199843,2.804863,-0.805765,-1.377729,0.904918,0.630169,0.207610,-0.937219,1.202603,0.013321,-0.595746,0.618314,0.334034,-0.535472,0.376372,0.722523,-1.770707,-1.915048,1.453892,0.543746,-0.511332,-0.366848,0.914572,-0.547193,-0.990342,0.181521,0.660364
37.638978,-0.081656,-3.193655,2.802837,-0.806120,-1.377002,0.904546,0.627355,0.274828,-0.819881,1.229884,-0.087509,-0.583915,0.627035,0.334021,-0.535984,0.375988,0.723417,-1.771245,-1.916043,1.454080,0.544400,-0.510336,-0.371943,0.910375,-0.543010,-0.991437,0.183725,0.658166
37.640067,-0.082169,-3.189916,2.800433,-0.809366,-1.375504,0.904465,0.627751,0.343110,-0.689156,1.255249,-0.202370,-0.570833,0.636434,0.334025,-0.536506,0.375607,0.724330,-1.771783,-1.917036,1.454264,0.545064,-0.512950,-0.373324,0.910160,-0.542130,-0.990501,0.184022,0.662983
37.641003,-0.086201,-3.182691,2.790600,-0.807023,-1.372664,0.904100,0.625404,0.412922,-0.553187,1.280624,-0.325743,-0.557037,0.646203,0.334035,-0.537012,0.375237,0.725250,-1.772315,-1.918020,1.454449,0.545726,-0.511750,-0.373779,0.910517,-0.539072,-0.990903,0.184091,0.661343
37.641942,-0.091481,-3.182416,2.785332,-0.808043,-1.368734,0.907683,0.625667,0.473965,-0.419212,1.299206,-0.450045,-0.543191,0.655108,0.334019,-0.537520,0.374857,0.726162,-1.772845,-1.919022,1.454637,0.546402,-0.508068,-0.375451,0.913271,-0.539891,-0.991229,0.184282,0.664993
37.642996,-0.084807,-3.185345,2.788150,-0.808867,-1.364581,0.909197,0.624984,0.511242,-0.291762,1.300016,-0.568036,-0.529890,0.661683,0.333935,-0.538021,0.374489,0.727079,-1.773377,-1.920007,1.454808,0.547055,-0.503874,-0.373762,0.913678,-0.537286,-0.992853,0.180587,0.663413
37.644023,-0.076757,-3.180207,2.777814,-0.807555,-1.362542,0.906642,0.623254,0.525602,-0.180217,1.285450,-0.674081,-0.517669,0.665750,0.333733,-0.538529,0.374122,0.727993,-1.773914,-1.921011,1.454985,0.547722,-0.506185,-0.370829,0.911138,-0.536148,-0.995424,0.179098,0.663935
37.645019,-0.073504,-3.173443,2.774044,-0.809856,-1.358899,0.904140,0.622145,0.530920,-0.093935,1.268143,-0.765239,-0.506931,0.668267,0.333429,-0.539046,0.373745,0.728904,-1.774443,-1.922015,1.455173,0.548387,-0.508882,-0.371778,0.915037,-0.537048,-0.995625,0.181604,0.666520
37.646022,-0.081564,-3.171588,2.769064,-0.809057,-1.359038,0.900501,0.621047,0.533287,-0.030580,1.252397,-0.842715,-0.497683,0.669876,0.333131,-0.539552,0.373370,0.729823,-1.774970,-1.923008,1.455360,0.549073,-0.509146,-0.373444,0.915182,-0.533931,-0.997346,0.183995,0.667687
37.647001,-0.081805,-3.165194,2.772185,-0.813607,-1.355988,0.898377,0.621152,0.527363,0.017167,1.232620,-0.908356,-0.489770,0.670315,0.332921,-0.540049,0.372993,0.730732,-1.775500,-1.924005,1.455555,0.549736,-0.503857,-0.372631,0.916169,-0.534012,-0.995240,0.187492,0.668950
37.648029,-0.072003,-3.160427,2.767846,-0.812781,-1.353061,0.901655,0.622766,0.507363,0.053413,1.203638,-0.962611,-0.483108,0.669087,0.332811,-0.540551,0.372619,0.731642,-1.776017,-1.924996,1.455743,0.550398,-0.502398,-0.374100,0.912812,-0.528672,-0.996266,0.189466,0.667746
37.649068,-0.066092,-3.158351,2.758759,-0.813799,-1.353265,0.901156,0.621834,0.480102,0.081304,1.170612,-1.008409,-0.477437,0.666761,0.332792,-0.541063,0.372240,0.732566,-1.776553,-1.925998,1.455922,0.551058,-0.506099,-0.374798,0.913552,-0.528955,-0.997409,0.186106,0.663610
37.649978,-0.073962,-3.161674,2.746603,-0.811594,-1.348639,0.901913,0.621703,0.455675,0.101091,1.141785,-1.047165,-0.472677,0.664168,0.332861,-0.541578,0.371865,0.733483,-1.777075,-1.926993,1.456111,0.551732,-0.507786,-0.374223,0.916837,-0.527785,-0.995563,0.186563,0.664610
37.651041,-0.087830,-3.160198,2.749639,-0.813446,-1.349889,0.902600,0.624636,0.428205,0.109811,1.113088,-1.074858,-0.469100,0.660709,0.332995,-0.542063,0.371505,0.734417,-1.777604,-1.927984,1.456294,0.552387,-0.502282,-0.370758,0.920238,-0.528175,-0.997616,0.185615,0.663797
37.651934,-0.083423,-3.158537,2.742342,-0.810738,-1.350520,0.900711,0.625357,0.381573,0.105183,1.072234,-1.086272,-0.466950,0.655046,0.333121,-0.542545,0.371137,0.735319,-1.778132,-1.928977,1.456480,0.553036,-0.494588,-0.370072,0.917785,-0.526300,-0.994908,0.184888,0.657095
37.652954,-0.070603,-3.157296,2.726791,-0.809709,-1.355061,0.894937,0.626245,0.310458,0.087170,1.015365,-1.080082,-0.466177,0.646955,0.333196,-0.543045,0.370768,0.736244,-1.778667,-1.929972,1.456669,0.553679,-0.495120,-0.368962,0.918722,-0.526856,-0.991474,0.186575,0.654654
37.653983,-0.070786,-3.157552,2.727682,-0.810054,-1.352031,0.895222,0.624435,0.224134,0.055908,0.950036,-1.058160,-0.466581,0.637353,0.333239,-0.543552,0.370407,0.737185,-1.779189,-1.930937,1.456871,0.554341,-0.500338,-0.368095,0.924799,-0.527504,-0.985439,0.192208,0.651977
37.654995,-0.087479,-3.158888,2.730727,-0.810559,-1.352768,0.894141,0.628203,0.134083,0.011311,0.885230,-1.023074,-0.467983,0.627194,0.333272,-0.544051,0.370044,0.738100,-1.779710,-1.931926,1.457066,0.555000,-0.499080,-0.366479,0.922929,-0.526927,-0.986900,0.191742,0.654782
37.655988,-0.085864,-3.149434,2.731051,-0.809277,-1.357776,0.893945,0.629209,0.042787,-0.046153,0.822738,-0.976452,-0.470271,0.616683,0.333268,-0.544515,0.369686,0.739021,-1.780237,-1.932895,1.457257,0.555622,-0.489883,-0.364338,0.919815,-0.525842,-0.984553,0.192715,0.646381
37.656940,-0.068511,-3.146606,2.716829,-0.808290,-1.354233,0.896389,0.629676,-0.053329,-0.112346,0.759205,-0.920333,-0.473334,0.605693,0.333199,-0.545007,0.369313,0.739944,-1.780767,-1.933867,1.457451,0.556261,-0.489606,-0.367419,0.917883,-0.526267,-0.977741,0.192742,0.643571
37.657983,-0.066152,-3.141289,2.711759,-0.804721,-1.351145,0.898408,0.627674,-0.147648,-0.179846,0.698781,-0.860438,-0.476904,0.595102,0.333117,-0.545519,0.368943,0.740874,-1.781291,-1.934855,1.457634,0.556902,-0.496728,-0.367015,0.922817,-0.526032,-0.979116,0.190139,0.641717
37.658956,-0.087117,-3.140299,2.710066,-0.796652,-1.352074,0.898072,0.629599,-0.229744,-0.244530,0.648899,-0.801513,-0.480855,0.585981,0.333088,-0.546011,0.368577,0.741801,-1.781832,-1.935832,1.457817,0.557544,-0.496895,-0.368213,0.923956,-0.529083,-0.980806,0.188087,0.644989
37.660005,-0.101921,-3.140887,2.706133,-0.793467,-1.351749,0.899424,0.630639,-0.308336,-0.307784,0.602830,-0.739616,-0.485722,0.577590,0.333115,-0.546475,0.368214,0.742716,-1.782374,-1.936801,1.458007,0.558175,-0.485347,-0.367044,0.922914,-0.535782,-0.977938,0.188292,0.640205
37.661013,-0.099893,-3.140495,2.703715,-0.790574,-1.350276,0.900650,0.629909,-0.406774,-0.373616,0.542979,-0.665632,-0.492404,0.567882,0.333147,-0.546939,0.367858,0.743640,-1.782922,-1.937765,1.458190,0.558797,-0.477389,-0.365395,0.923620,-0.538291,-0.977056,0.186888,0.637453
37.661921,-0.085644,-3.149939,2.696927,-0.786328,-1.342036,0.897327,0.629206,-0.532240,-0.444557,0.464258,-0.576865,-0.501297,0.556251,0.333154,-0.547414,0.367495,0.744569,-1.783470,-1.938750,1.458376,0.559435,-0.477575,-0.364052,0.923095,-0.540039,-0.976764,0.185569,0.638125
37.662915,-0.085510,-3.146665,2.707847,-0.783781,-1.331091,0.893366,0.629995,-0.776407,-0.627703,0.323635,-0.367485,-0.525492,0.533891,0.333010,-0.548380,0.366790,0.746398,-1.784563,-1.940748,1.458768,0.560701,-0.482196,-0.357838,0.916827,-0.543293,-0.991309,0.192482,0.636118
37.664058,-0.089058,-3.147592,2.708577,-0.782383,-1.326707,0.892127,0.629830,-0.776407,-0.627703,0.323635,-0.367485,-0.525492,0.533891,0.333010,-0.548380,0.366790,0.746398,-1.784563,-1.940748,1.458768,0.560701,-0.482196,-0.357838,0.916827,-0.543293,-0.991309,0.192482,0.636118
37.664943,-0.090655,-3.142673,2.707686,-0.778990,-1.320979,0.889744,0.626649,-0.857106,-0.745619,0.292140,-0.254874,-0.539968,0.526048,0.332870,-0.548855,0.366435,0.747307,-1.785107,-1.941749,1.458965,0.561337,-0.480146,-0.356288,0.916326,-0.545282,-0.994799,0.193669,0.635886
37.665938,-0.089681,-3.142324,2.709181,-0.775021,-1.325856,0.890241,0.626115,-0.950555,-0.997728,0.287531,-0.031202,-0.569881,0.516117,0.332764,-0.549804,0.365727,0.749134,-1.786213,-1.943726,1.459356,0.562622,-0.477389,-0.355680,0.911668,-0.548516,-0.990845,0.195100,0.641405
37.667091,-0.084821,-3.135353,2.706357,-0.775567,-1.327626,0.892229,0.625593,-0.950555,-0.997728,0.287531,-0.031202,-0.569881,0.516117,0.332764,-0.549804,0.365727,0.749134,-1.786213,-1.943726,1.459356,0.562622,-0.477389,-0.355680,0.911668,-0.548516,-0.990845,0.195100,0.641405
37.668100,-0.091302,-3.132571,2.706694,-0.770397,-1.324500,0.896440,0.625673,-0.970775,-1.120564,0.306277,0.076275,-0.584074,0.513287,0.332821,-0.550290,0.365362,0.750040,-1.786759,-1.944713,1.459549,0.563268,-0.479487,-0.358044,0.913040,-0.548598,-0.988493,0.193107,0.641842
37.669054,-0.096800,-3.130216,2.695326,-0.769652,-1.325020,0.898634,0.622502,-0.977299,-1.233698,0.334298,0.178344,-0.597060,0.511581,0.332908,-0.550755,0.365009,0.750950,-1.787321,-1.945692,1.459728,0.563902,-0.475403,-0.357991,0.911363,-0.552363,-0.989957,0.188823,0.640861
37.670029,-0.104006,-3.127062,2.696626,-0.772011,-1.335549,0.898626,0.621901,-0.982610,-1.333176,0.360686,0.275853,-0.608580,0.510030,0.333014,-0.551218,0.364651,0.751861,-1.787874,-1.946670,1.459912,0.564558,-0.471622,-0.357530,0.915101,-0.551157,-0.987263,0.186510,0.646277
37.671026,-0.099320,-3.128503,2.695756,-0.777263,-1.337900,0.899870,0.622287,-0.998881,-1.415929,0.374831,0.368696,-0.618418,0.507751,0.333131,-0.551679,0.364289,0.752771,-1.788413,-1.947629,1.460099,0.565204,-0.467120,-0.357486,0.912590,-0.547478,-0.974866,0.186409,0.646518
37.672077,-0.093941,-3.118290,2.699728,-0.780511,-1.340627,0.897808,0.622302,-1.022762,-1.480978,0.378803,0.452915,-0.626307,0.505179,0.333214,-0.552146,0.363939,0.753688,-1.788945,-1.948586,1.460283,0.565852,-0.468649,-0.355330,0.911373,-0.541329,-0.971028,0.185059,0.644845
37.672948,-0.089251,-3.106926,2.695971,-0.775651,-1.338624,0.893034,0.619378,-1.038299,-1.528572,0.384956,0.522304,-0.631987,0.503772,0.333222,-0.552623,0.363570,0.754584,-1.789482,-1.949549,1.460476,0.566501,-0.470609,-0.359001,0.908455,-0.537749,-0.967093,0.187063,0.644028
37.673959,-0.086591,-3.100685,2.695970,-0.774600,-1.344309,0.890492,0.617082,-1.035340,-1.556178,0.400713,0.572743,-0.635392,0.504508,0.333193,-0.553099,0.363201,0.755495,-1.790025,-1.950499,1.460674,0.567156,-0.471379,-0.362694,0.907586,-0.540016,-0.966615,0.191559,0.648806
37.674954,-0.090524,-3.087065,2.704940,-0.774099,-1.346146,0.892697,0.618201,-1.014957,-1.564876,0.425373,0.606650,-0.636999,0.507164,0.333193,-0.553567,0.362833,0.756404,-1.790566,-1.951451,1.460872,0.567822,-0.471882,-0.364194,0.906126,-0.540131,-0.959450,0.193916,0.652455
37.675971,-0.085646,-3.079073,2.702577,-0.774603,-1.345034,0.891128,0.617945,-0.980422,-1.558004,0.456945,0.627523,-0.637375,0.511232,0.333218,-0.554034,0.362451,0.757288,-1.791101,-1.952409,1.461057,0.568472,-0.469006,-0.369232,0.900299,-0.539646,-0.956044,0.191560,0.649257
37.677004,-0.078142,-3.073364,2.703808,-0.779266,-1.347505,0.891311,0.617845,-0.933601,-1.535445,0.493958,0.635237,-0.636661,0.516535,0.333219,-0.554500,0.362079,0.758190,-1.791639,-1.953357,1.461251,0.569115,-0.470727,-0.371586,0.900238,-0.538350,-0.955865,0.193032,0.648968
37.677926,-0.078299,-3.060392,2.687402,-0.780391,-1.336595,0.889546,0.616101,-0.873486,-1.497994,0.537176,0.628102,-0.634717,0.523141,0.333192,-0.554980,0.361702,0.759076,-1.792157,-1.954306,1.461447,0.569766,-0.473644,-0.372790,0.898642,-0.533548,-0.952155,0.192707,0.648334
37.678958,-0.090299,-3.057124,2.688895,-0.781008,-1.338529,0.886836,0.617295,-0.744951,-1.369913,0.614046,0.562434,-0.625760,0.537920,0.333293,-0.555901,0.360943,0.760896,-1.793219,-1.956221,1.461846,0.571060,-0.465696,-0.377238,0.902553,-0.529653,-0.957652,0.196794,0.647578
37.680104,-0.098611,-3.049212,2.698156,-0.787652,-1.339180,0.885277,0.617567,-0.744951,-1.369913,0.614046,0.562434,-0.625760,0.537920,0.333293,-0.555901,0.360943,0.760896,-1.793219,-1.956221,1.461846,0.571060,-0.465696,-0.377238,0.902553,-0.529653,-0.957652,0.196794,0.647578
37.680911,-0.087760,-3.043091,2.696205,-0.786456,-1.336831,0.886457,0.616362,-0.706759,-1.280666,0.623687,0.509648,-0.618798,0.543454,0.333418,-0.556359,0.360555,0.761776,-1.793729,-1.957179,1.462050,0.571704,-0.461508,-0.379771,0.898064,-0.524419,-0.956626,0.198279,0.646448
37.681921,-0.073014,-3.038701,2.683172,-0.784813,-1.334857,0.887757,0.615248,-0.681094,-1.183861,0.620031,0.446755,-0.610496,0.547876,0.333527,-0.556827,0.360176,0.762672,-1.794251,-1.958128,1.462243,0.572348,-0.465231,-0.380512,0.895860,-0.522744,-0.955967,0.196734,0.647689
37.682978,-0.066510,-3.035619,2.686850,-0.784631,-1.333912,0.888657,0.615474,-0.607831,-1.002676,0.627560,0.299129,-0.591671,0.557402,0.333660,-0.557792,0.359403,0.764471,-1.795299,-1.960059,1.462626,0.573648,-0.474086,-0.380741,0.898295,-0.524084,-0.956145,0.194334,0.647781
37.683990,-0.079927,-3.028923,2.696444,-0.786806,-1.331754,0.890251,0.616081,-0.607831,-1.002676,0.627560,0.299129,-0.591671,0.557402,0.333660,-0.557792,0.359403,0.764471,-1.795299,-1.960059,1.462626,0.573648,-0.474086,-0.380741,0.898295,-0.524084,-0.956145,0.194334,0.647781
37.685093,-0.071829,-3.024493,2.698688,-0.794107,-1.332796,0.887829,0.616291,-0.549888,-0.932054,0.649703,0.222465,-0.582337,0.563123,0.333606,-0.558240,0.359020,0.765360,-1.795815,-1.961011,1.462818,0.574281,-0.466705,-0.382336,0.892270,-0.521570,-0.956908,0.192610,0.645763
37.685988,-0.051759,-3.018077,2.692130,-0.799630,-1.327495,0.885894,0.617230,-0.481790,-0.872881,0.680868,0.143969,-0.573192,0.569427,0.333449,-0.558721,0.358632,0.766240,-1.796312,-1.961965,1.463022,0.574924,-0.470331,-0.382967,0.890949,-0.515470,-0.955142,0.194967,0.644668
37.686962,-0.045815,-3.011988,2.692825,-0.799377,-1.325860,0.882584,0.618508,-0.397552,-0.818660,0.724740,0.057128,-0.563726,0.577092,0.333245,-0.559211,0.358247,0.767141,-1.796809,-1.962941,1.463221,0.575555,-0.478786,-0.384057,0.891828,-0.508691,-0.957911,0.196607,0.641784
37.688064,-0.054658,-3.006766,2.692558,-0.802366,-1.320024,0.882332,0.620039,-0.288186,-0.766460,0.787933,-0.041875,-0.553696,0.586898,0.333048,-0.559699,0.357859,0.768019,-1.797317,-1.963891,1.463428,0.576191,-0.480467,-0.385159,0.890034,-0.508432,-0.957827,0.199677,0.638350
37.688943,-0.059579,-3.001549,2.696292,-0.806013,-1.320042,0.885716,0.620872,-0.163192,-0.716284,0.863144,-0.148318,-0.543484,0.597866,0.332884,-0.560167,0.357466,0.768911,-1.797812,-1.964866,1.463628,0.576812,-0.475597,-0.386134,0.889784,-0.506692,-0.962795,0.199815,0.634690
37.689926,-0.047118,-2.993411,2.688604,-0.808084,-1.319123,0.887533,0.619835,-0.041553,-0.666579,0.935486,-0.256383,-0.533423,0.608322,0.332786,-0.560630,0.357082,0.769791,-1.798303,-1.965817,1.463821,0.577446,-0.471763,-0.386587,0.885542,-0.501716,-0.960236,0.196125,0.632008
37.691042,-0.038895,-2.987276,2.693950,-0.812277,-1.318630,0.888752,0.621361,0.070898,-0.614891,1.000440,-0.364836,-0.523505,0.617908,0.332811,-0.561117,0.356689,0.770676,-1.798789,-1.966780,1.464012,0.578087,-0.476909,-0.388696,0.888040,-0.499727,-0.959426,0.194179,0.633238
37.691994,-0.037876,-2.977111,2.705371,-0.813050,-1.314934,0.888277,0.620357,0.182486,-0.560729,1.064963,-0.474241,-0.513676,0.627506,0.332953,-0.561607,0.356302,0.771560,-1.799281,-1.967733,1.464201,0.578708,-0.480431,-0.390230,0.885158,-0.497038,-0.959353,0.192963,0.629570
37.692923,-0.039133,-2.977201,2.700137,-0.812948,-1.320358,0.887033,0.620837,0.303858,-0.505990,1.138234,-0.584045,-0.503965,0.638161,0.333132,-0.562083,0.355902,0.772432,-1.799776,-1.968701,1.464396,0.579345,-0.479703,-0.393188,0.877845,-0.495747,-0.961009,0.193249,0.630707
37.693998,-0.038440,-2.963336,2.702357,-0.816676,-1.320461,0.887799,0.618200,0.434550,-0.455279,1.221130,-0.689442,-0.494693,0.649836,0.333284,-0.562559,0.355514,0.773307,-1.800263,-1.969646,1.464596,0.579980,-0.477758,-0.391023,0.878746,-0.495260,-0.953495,0.194243,0.628772
37.695005,-0.039240,-2.961430,2.699991,-0.818108,-1.323889,0.889601,0.619757,0.562754,-0.409416,1.304694,-0.785455,-0.486168,0.661535,0.333409,-0.563036,0.355111,0.774185,-1.800746,-1.970595,1.464785,0.580619,-0.477506,-0.396199,0.877126,-0.492727,-0.952584,0.193411,0.633394
37.695931,-0.039490,-2.958660,2.695386,-0.822784,-1.320398,0.891270,0.617077,0.679220,-0.363848,1.380905,-0.871559,-0.478397,0.672616,0.333507,-0.563511,0.354714,0.775056,-1.801227,-1.971537,1.464975,0.581246,-0.476182,-0.395144,0.877312,-0.491793,-0.947773,0.191481,0.629418
37.696985,-0.039621,-2.957463,2.689527,-0.827172,-1.320686,0.893837,0.617066,0.779285,-0.318009,1.445965,-0.947348,-0.471471,0.682634,0.333555,-0.563987,0.354326,0.775937,-1.801706,-1.972475,1.465158,0.581882,-0.474738,-0.394458,0.877706,-0.486616,-0.949375,0.189653,0.633902
37.697963,-0.043685,-2.948845,2.684561,-0.827645,-1.321642,0.894403,0.615644,0.859525,-0.273207,1.497215,-1.012865,-0.465498,0.691165,0.333590,-0.564458,0.353932,0.776828,-1.802185,-1.973425,1.465336,0.582531,-0.474041,-0.393260,0.879826,-0.483329,-0.948005,0.187080,0.633083
37.698989,-0.048742,-2.944007,2.681416,-0.827489,-1.322330,0.896442,0.613344,0.915650,-0.228043,1.530826,-1.068460,-0.460660,0.697858,0.333688,-0.564925,0.353526,0.777705,-1.802663,-1.974375,1.465522,0.583170,-0.471023,-0.395471,0.880927,-0.483070,-0.945375,0.186409,0.635077
37.699923,-0.047111,-2.935465,2.680648,-0.827071,-1.317977,0.897839,0.613743,0.941985,-0.181255,1.542022,-1.112363,-0.457361,0.702275,0.333893,-0.565384,0.353131,0.778591,-1.803151,-1.975309,1.465703,0.583811,-0.467863,-0.395993,0.881471,-0.483781,-0.943589,0.184309,0.638889
37.700938,-0.041394,-2.929370,2.677434,-0.826859,-1.312302,0.897247,0.611218,0.939324,-0.133597,1.531575,-1.143430,-0.455926,0.704487,0.334186,-0.565851,0.352727,0.779460,-1.803636,-1.976259,1.465883,0.584449,-0.467535,-0.398041,0.880147,-0.483691,-0.945973,0.182786,0.637087
37.701979,-0.036835,-2.922749,2.671379,-0.826094,-1.311640,0.899146,0.609233,0.917776,-0.087029,1.507816,-1.163134,-0.456400,0.705304,0.334516,-0.566327,0.352321,0.780347,-1.804117,-1.977218,1.466069,0.585094,-0.469524,-0.399037,0.880625,-0.484464,-0.950212,0.183312,0.641354
37.702974,-0.037580,-2.920498,2.662521,-0.824747,-1.304363,0.899205,0.607413,0.887243,-0.043523,1.478794,-1.173207,-0.458680,0.705493,0.334857,-0.566797,0.351919,0.781240,-1.804609,-1.978162,1.466246,0.585747,-0.471108,-0.400440,0.882706,-0.485837,-0.949736,0.181384,0.644488
37.703977,-0.054628,-2.911484,2.669111,-0.822253,-1.298447,0.899599,0.605793,0.848627,-0.005127,1.445288,-1.173223,-0.462628,0.705029,0.335165,-0.567266,0.351517,0.782124,-1.805100,-1.979131,1.466427,0.586401,-0.469806,-0.399499,0.885848,-0.487268,-0.955352,0.181260,0.647214
37.704940,-0.050992,-2.904672,2.659320,-0.823177,-1.294285,0.900013,0.606207,0.793859,0.027209,1.400846,-1.161214,-0.467966,0.703143,0.335374,-0.567706,0.351111,0.782995,-1.805595,-1.980089,1.466605,0.587049,-0.460679,-0.401966,0.881412,-0.489874,-0.959724,0.180817,0.649578
37.705966,-0.055840,-2.899157,2.657713,-0.821943,-1.295763,0.899213,0.605093,0.716538,0.055974,1.339914,-1.137803,-0.474068,0.699340,0.335455,-0.568169,0.350701,0.783895,-1.806085,-1.981057,1.466783,0.587694,-0.461616,-0.403125,0.884602,-0.488626,-0.961910,0.180307,0.647780
37.706962,-0.050522,-2.893949,2.647183,-0.818837,-1.297221,0.899583,0.603760,0.505959,0.108303,1.176670,-1.067211,-0.485995,0.686880,0.335412,-0.569084,0.349886,0.785674,-1.807078,-1.982962,1.467146,0.588990,-0.460493,-0.404350,0.888264,-0.493304,-0.956077,0.180614,0.650992
37.707986,-0.061127,-2.885561,2.633938,-0.814899,-1.297484,0.900798,0.604479,0.505959,0.108303,1.176670,-1.067211,-0.485995,0.686880,0.335412,-0.569084,0.349886,0.785674,-1.807078,-1.982962,1.467146,0.588990,-0.460493,-0.404350,0.888264,-0.493304,-0.956077,0.180614,0.650992
37.708983,-0.074809,-2.881381,2.635032,-0.811678,-1.299783,0.903837,0.604644,0.375467,0.128484,1.076872,-1.018939,-0.491510,0.678052,0.335378,-0.569527,0.349473,0.786572,-1.807579,-1.983917,1.467327,0.589640,-0.454663,-0.406458,0.893707,-0.497445,-0.954486,0.179340,0.648667
37.709918,-0.074322,-2.871616,2.631191,-0.808285,-1.300245,0.907835,0.605978,0.217728,0.145482,0.956175,-0.959516,-0.496774,0.666455,0.335332,-0.569960,0.349067,0.787467,-1.808088,-1.984848,1.467496,0.590279,-0.447343,-0.406439,0.891678,-0.500327,-0.950855,0.176278,0.647500
37.710904,-0.065370,-2.868597,2.626626,-0.805378,-1.305406,0.908071,0.606729,0.034695,0.158118,0.816291,-0.889151,-0.501881,0.652259,0.335245,-0.570399,0.348650,0.788369,-1.808597,-1.985796,1.467661,0.590920,-0.446824,-0.408956,0.891547,-0.502664,-0.948418,0.172229,0.643850
37.712075,-0.066687,-2.866163,2.619954,-0.804608,-1.307947,0.903888,0.607900,-0.154889,0.162879,0.672737,-0.811306,-0.506944,0.637092,0.335081,-0.570856,0.348238,0.789257,-1.809106,-1.986737,1.467836,0.591561,-0.450541,-0.408238,0.892411,-0.505108,-0.941717,0.171981,0.641486
37.713027,-0.078212,-2.859801,2.618664,-0.805599,-1.306915,0.898847,0.610316,-0.335081,0.154970,0.538769,-0.728128,-0.512177,0.622239,0.334820,-0.571297,0.347832,0.790163,-1.809620,-1.987679,1.468019,0.592193,-0.450117,-0.407865,0.895861,-0.507513,-0.939184,0.176298,0.638617
37.713969,-0.088144,-2.855704,2.620187,-0.802358,-1.304528,0.895588,0.612453,-0.506785,0.134856,0.413098,-0.641132,-0.517529,0.607620,0.334473,-0.571728,0.347420,0.791046,-1.810117,-1.988606,1.468211,0.592816,-0.443645,-0.408765,0.894768,-0.505893,-0.938590,0.181158,0.632899
37.715057,-0.084887,-2.852655,2.615617,-0.801297,-1.312403,0.892624,0.611266,-0.677794,0.106949,0.288531,-0.552415,-0.522662,0.592644,0.334071,-0.572156,0.347008,0.791936,-1.810630,-1.989546,1.468398,0.593427,-0.438025,-0.408487,0.892135,-0.508105,-0.939145,0.184232,0.627799
37.715933,-0.082031,-2.851360,2.610463,-0.800351,-1.312926,0.894354,0.612494,-0.847318,0.070562,0.166093,-0.461899,-0.527509,0.577212,0.333681,-0.572596,0.346603,0.792841,-1.811146,-1.990454,1.468592,0.594062,-0.439607,-0.408193,0.893791,-0.509771,-0.930828,0.187135,0.629570
37.716918,-0.085233,-2.857534,2.610182,-0.795886,-1.312637,0.897882,0.613604,-1.005861,0.022582,0.054179,-0.369859,-0.532119,0.561890,0.333366,-0.573037,0.346199,0.793733,-1.811652,-1.991381,1.468778,0.594690,-0.439888,-0.406429,0.893841,-0.508980,-0.928109,0.185127,0.626050
37.717981,-0.096149,-2.852131,2.610751,-0.798444,-1.314106,0.897388,0.615349,-1.144400,-0.042599,-0.038900,-0.275266,-0.536641,0.547197,0.333128,-0.573468,0.345811,0.794629,-1.812172,-1.992296,1.468948,0.595303,-0.437770,-0.401393,0.892434,-0.512771,-0.927161,0.181563,0.623071
37.718970,-0.099933,-2.860471,2.613917,-0.796143,-1.316939,0.896209,0.614688,-1.263358,-0.127947,-0.112851,-0.175944,-0.541204,0.533050,0.332954,-0.573891,0.345406,0.795512,-1.812679,-1.993220,1.469133,0.595916,-0.432251,-0.402271,0.891501,-0.510649,-0.924967,0.182063,0.618938
37.719953,-0.092089,-2.863593,2.609667,-0.798860,-1.318484,0.893689,0.615355,-1.367474,-0.231022,-0.171795,-0.071978,-0.545743,0.519261,0.332854,-0.574321,0.345018,0.796399,-1.813192,-1.994142,1.469319,0.596533,-0.429941,-0.396139,0.888518,-0.512487,-0.920824,0.183134,0.619538
37.720935,-0.089391,-2.870708,2.613616,-0.803910,-1.321688,0.891196,0.617184,-1.452060,-0.353882,-0.211573,0.036329,-0.550376,0.506268,0.332808,-0.574757,0.344638,0.797298,-1.813697,-1.995048,1.469510,0.597152,-0.433351,-0.392786,0.889088,-0.509326,-0.918113,0.185523,0.617386
37.721974,-0.089491,-2.872720,2.610344,-0.807020,-1.315736,0.890628,0.618187,-1.505312,-0.497516,-0.222787,0.145229,-0.555057,0.495127,0.332737,-0.575196,0.344257,0.798169,-1.814190,-1.995957,1.469701,0.597762,-0.434072,-0.387383,0.885826,-0.504129,-0.913684,0.187864,0.612949
37.722977,-0.099638,-2.873597,2.607911,-0.810771,-1.317346,0.892566,0.616678,-1.514177,-0.821450,-0.162455,0.343571,-0.563550,0.479803,0.332329,-0.576049,0.343506,0.799944,-1.815181,-1.997793,1.470070,0.598983,-0.427973,-0.382441,0.885779,-0.496985,-0.915404,0.186216,0.612475
37.724037,-0.099780,-2.871676,2.610990,-0.813595,-1.314772,0.896160,0.615778,-1.514177,-0.821450,-0.162455,0.343571,-0.563550,0.479803,0.332329,-0.576049,0.343506,0.799944,-1.815181,-1.997793,1.470070,0.598983,-0.427973,-0.382441,0.885779,-0.496985,-0.915404,0.186216,0.612475
37.724926,-0.098620,-2.863400,2.610376,-0.809369,-1.310443,0.896974,0.616882,-1.492252,-0.981469,-0.112719,0.426655,-0.567092,0.474523,0.332066,-0.576476,0.343127,0.800809,-1.815665,-1.998715,1.470242,0.599595,-0.427244,-0.381458,0.882545,-0.493719,-0.916230,0.182501,0.613352
37.725905,-0.091287,-2.857850,2.612518,-0.808416,-1.308162,0.897868,0.616024,-1.458032,-1.130597,-0.055571,0.496310,-0.570275,0.470904,0.331824,-0.576900,0.342746,0.801682,-1.816166,-1.999625,1.470420,0.600205,-0.426440,-0.383231,0.879684,-0.495333,-0.917713,0.181425,0.609951
37.727002,-0.093120,-2.855787,2.611909,-0.803722,-1.306623,0.895013,0.613432,-1.407097,-1.266261,0.012517,0.552438,-0.573415,0.469612,0.331635,-0.577335,0.342363,0.802538,-1.816655,-2.000547,1.470602,0.600824,-0.429012,-0.383800,0.876381,-0.494859,-0.917635,0.180296,0.610655
37.728041,-0.090470,-2.856011,2.613540,-0.805178,-1.305794,0.892747,0.612722,-1.338130,-1.390281,0.093258,0.598100,-0.576991,0.470805,0.331545,-0.577764,0.341986,0.803412,-1.817162,-2.001457,1.470788,0.601444,-0.427473,-0.382986,0.875239,-0.498998,-0.917764,0.183035,0.614990
37.728926,-0.088894,-2.855799,2.614926,-0.808477,-1.301135,0.893042,0.612323,-1.255197,-1.507360,0.184324,0.638252,-0.581419,0.473925,0.331567,-0.578189,0.341608,0.804285,-1.817657,-2.002375,1.470978,0.602066,-0.428052,-0.380871,0.872467,-0.496540,-0.916694,0.185065,0.615388
37.729958,-0.080133,-2.859699,2.614416,-0.811253,-1.295534,0.891906,0.611839,-1.159317,-1.619304,0.285039,0.672794,-0.586463,0.478745,0.331635,-0.578618,0.341231,0.805141,-1.818134,-2.003304,1.471163,0.602688,-0.427375,-0.378612,0.868759,-0.491088,-0.918300,0.184409,0.614975
37.730949,-0.068793,-2.854337,2.618489,-0.814570,-1.292528,0.890436,0.610563,-1.046193,-1.726234,0.398587,0.697932,-0.591450,0.485563,0.331658,-0.579494,0.340489,0.806857,-1.819093,-2.005149,1.471536,0.603922,-0.430921,-0.374788,0.867134,-0.487656,-0.921999,0.185355,0.615005
37.731988,-0.064571,-2.850411,2.609104,-0.817305,-1.291683,0.889275,0.608611,-0.909086,-1.828306,0.530188,0.710474,-0.595758,0.494848,0.331591,-0.579494,0.340489,0.806857,-1.819093,-2.005149,1.471536,0.603922,-0.435398,-0.375433,0.862998,-0.483308,-0.922647,0.186565,0.616514
37.733008,-0.070574,-2.843565,2.611069,-0.819386,-1.292249,0.890104,0.608601,-0.748104,-1.920436,0.678600,0.707276,-0.598710,0.506639,0.331453,-0.579935,0.340111,0.807732,-1.819565,-2.006077,1.471722,0.604548,-0.436514,-0.375402,0.865803,-0.480222,-0.921488,0.187520,0.619436
37.733919,-0.075200,-2.832096,2.607696,-0.817020,-1.295547,0.890554,0.607874,-0.578616,-1.994215,0.829734,0.687937,-0.599732,0.519769,0.331254,-0.580357,0.339736,0.808596,-1.820040,-2.006981,1.471906,0.605181,-0.432657,-0.376841,0.862777,-0.477492,-0.919031,0.186458,0.618364
37.734920,-0.076251,-2.821144,2.605638,-0.816845,-1.301078,0.894585,0.605063,-0.419846,-2.043454,0.967049,0.655375,-0.598658,0.532710,0.330988,-0.580781,0.339349,0.809446,-1.820516,-2.007888,1.472090,0.605802,-0.429055,-0.380180,0.861762,-0.478077,-0.913007,0.185707,0.618670
37.735984,-0.074596,-2.805809,2.596883,-0.820125,-1.305062,0.898949,0.603285,-0.283822,-2.064547,1.080464,0.612893,-0.595691,0.544546,0.330673,-0.581203,0.338964,0.810307,-1.820992,-2.008771,1.472260,0.606439,-0.427659,-0.383493,0.860695,-0.477369,-0.905669,0.181498,0.623240
37.736932,-0.073601,-2.799475,2.591929,-0.817064,-1.305789,0.901956,0.602097,-0.174841,-2.052869,1.165746,0.560120,-0.590949,0.555200,0.330363,-0.581635,0.338565,0.811180,-1.821461,-2.009667,1.472430,0.607069,-0.427750,-0.389000,0.863373,-0.474025,-0.900207,0.177042,0.625802
37.737980,-0.084754,-2.792922,2.584517,-0.822441,-1.304286,0.900857,0.601567,-0.092954,-2.007020,1.222454,0.496471,-0.584690,0.564901,0.330065,-0.582065,0.338173,0.812034,-1.821935,-2.010564,1.472596,0.607702,-0.427043,-0.389737,0.863365,-0.475762,-0.897187,0.173881,0.627007
37.739092,-0.086727,-2.784478,2.579393,-0.830650,-1.304828,0.899625,0.600237,-0.040519,-1.932978,1.249533,0.425600,-0.577590,0.573305,0.329757,-0.582472,0.337783,0.812905,-1.822393,-2.011470,1.472774,0.608325,-0.420889,-0.390903,0.865250,-0.470363,-0.897013,0.174873,0.627081
37.740082,-0.085327,-2.774101,2.585713,-0.833772,-1.301051,0.897145,0.599662,-0.021923,-1.833093,1.243430,0.347596,-0.569915,0.579974,0.329450,-0.582891,0.337383,0.813765,-1.822837,-2.012359,1.472953,0.608961,-0.419565,-0.393061,0.866622,-0.463187,-0.895366,0.176006,0.628830
37.740913,-0.067594,-2.765229,2.580484,-0.835118,-1.293887,0.893814,0.600445,-0.029269,-1.708292,1.210340,0.258578,-0.561693,0.585583,0.329173,-0.583314,0.336985,0.814620,-1.823289,-2.013249,1.473134,0.609585,-0.419317,-0.395912,0.861261,-0.459685,-0.897223,0.178279,0.628903
37.742000,-0.067437,-2.751030,2.576228,-0.836135,-1.292722,0.892404,0.600113,-0.039378,-1.567291,1.170544,0.157328,-0.553334,0.591738,0.328921,-0.583752,0.336579,0.815486,-1.823743,-2.014156,1.473319,0.610208,-0.426466,-0.397502,0.860358,-0.456207,-0.901174,0.181235,0.626022
37.742940,-0.066226,-2.736263,2.573281,-0.835360,-1.286666,0.897411,0.599776,-0.036331,-1.418074,1.138414,0.045521,-0.545315,0.599321,0.328688,-0.584181,0.336163,0.816342,-1.824196,-2.015067,1.473505,0.610837,-0.425858,-0.402309,0.861172,-0.455828,-0.900818,0.182467,0.625774
37.744021,-0.071148,-2.725494,2.575466,-0.839307,-1.276308,0.901383,0.599553,-0.023573,-1.261282,1.111462,-0.073358,-0.537932,0.607847,0.328495,-0.584601,0.335749,0.817201,-1.824654,-2.015970,1.473674,0.611454,-0.425342,-0.407028,0.860036,-0.455526,-0.904477,0.177201,0.625342
37.744984,-0.057465,-2.710811,2.570910,-0.839322,-1.272386,0.901756,0.601708,-0.008783,-1.096067,1.083654,-0.196244,-0.531170,0.616666,0.328366,-0.585021,0.335330,0.818046,-1.825093,-2.016902,1.473841,0.612079,-0.422322,-0.410018,0.857671,-0.452396,-0.913151,0.173190,0.624859
37.745919,-0.047719,-2.699174,2.565584,-0.837161,-1.264712,0.901398,0.603091,0.008929,-0.924487,1.056405,-0.321772,-0.524779,0.625856,0.328289,-0.585463,0.334902,0.818904,-1.825544,-2.017825,1.474009,0.612681,-0.427966,-0.414595,0.857589,-0.451727,-0.914530,0.172682,0.619486
37.746905,-0.050580,-2.688529,2.565619,-0.838132,-1.262121,0.898617,0.603270,0.037051,-0.751804,1.036967,-0.447730,-0.518678,0.635962,0.328217,-0.585898,0.334483,0.819769,-1.825999,-2.018746,1.474182,0.613290,-0.431490,-0.417657,0.857560,-0.452837,-0.919590,0.172831,0.615659
37.747932,-0.058769,-2.680767,2.563493,-0.840089,-1.259711,0.895609,0.603990,0.077239,-0.584362,1.028003,-0.569528,-0.512956,0.646942,0.328127,-0.586323,0.334053,0.820613,-1.826442,-2.019672,1.474365,0.613906,-0.429012,-0.420233,0.855502,-0.451607,-0.919798,0.175404,0.614292
37.748942,-0.056627,-2.672944,2.568952,-0.840748,-1.257109,0.895760,0.606126,0.119004,-0.425742,1.021877,-0.682191,-0.507575,0.657711,0.328037,-0.586735,0.333632,0.821471,-1.826887,-2.020585,1.474545,0.614510,-0.424235,-0.421570,0.854709,-0.449796,-0.920283,0.178229,0.611918
37.749996,-0.046215,-2.667195,2.565302,-0.843334,-1.262859,0.897550,0.607520,0.154892,-0.279365,1.013532,-0.782259,-0.502479,0.667397,0.327949,-0.587162,0.333204,0.822305,-1.827337,-2.021504,1.474723,0.615108,-0.424444,-0.422823,0.850245,-0.448998,-0.920790,0.177867,0.606690
37.750990,-0.037389,-2.663008,2.563421,-0.844522,-1.264132,0.899234,0.607837,0.192498,-0.151159,1.010573,-0.868614,-0.497773,0.676362,0.327840,-0.587603,0.332777,0.823162,-1.827775,-2.022412,1.474895,0.615699,-0.428796,-0.423149,0.850489,-0.447008,-0.913269,0.175949,0.603084
37.751904,-0.036299,-2.652639,2.564767,-0.844429,-1.258398,0.899881,0.608325,0.243828,-0.046578,1.023880,-0.941684,-0.493685,0.685391,0.327718,-0.588035,0.332359,0.824015,-1.828217,-2.023308,1.475068,0.616298,-0.432159,-0.422650,0.849344,-0.445679,-0.910062,0.174100,0.601517
37.752967,-0.031913,-2.644983,2.559897,-0.846618,-1.262884,0.900674,0.609352,0.312892,0.033138,1.056968,-1.002373,-0.490359,0.694755,0.327620,-0.588465,0.331926,0.824851,-1.828656,-2.024228,1.475235,0.616899,-0.431305,-0.424903,0.846129,-0.444886,-0.913062,0.173261,0.599459
37.754075,-0.034337,-2.643484,2.564512,-0.853614,-1.267357,0.899499,0.610265,0.394772,0.092469,1.105082,-1.052482,-0.487723,0.704234,0.327567,-0.588902,0.331500,0.825701,-1.829098,-2.025113,1.475406,0.617481,-0.432709,-0.426222,0.847135,-0.443282,-0.907097,0.172376,0.596613
37.754999,-0.029453,-2.633807,2.556600,-0.853843,-1.264829,0.897789,0.609196,0.482836,0.136052,1.161957,-1.094273,-0.485644,0.713516,0.327554,-0.589326,0.331075,0.826548,-1.829531,-2.026011,1.475581,0.618075,-0.431009,-0.424555,0.843726,-0.437539,-0.901418,0.173489,0.594022
37.755962,-0.029178,-2.624841,2.561241,-0.856197,-1.265113,0.895420,0.607436,0.572363,0.166583,1.223180,-1.129857,-0.483978,0.722383,0.327591,-0.589761,0.330641,0.827389,-1.829965,-2.026922,1.475757,0.618674,-0.432107,-0.426491,0.845229,-0.436663,-0.901383,0.174959,0.595140
37.757022,-0.034079,-2.624214,2.557226,-0.854251,-1.263548,0.895199,0.607786,0.659765,0.188156,1.285136,-1.161272,-0.482523,0.730772,0.327697,-0.590184,0.330212,0.828226,-1.830399,-2.027804,1.475940,0.619276,-0.431157,-0.428183,0.840724,-0.434033,-0.899016,0.177076,0.597664
37.757946,-0.039278,-2.621410,2.551566,-0.855795,-1.263440,0.893523,0.606885,0.740781,0.200980,1.344533,-1.186992,-0.481320,0.738364,0.327849,-0.590608,0.329789,0.829063,-1.830838,-2.028698,1.476120,0.619873,-0.428016,-0.425976,0.841453,-0.436676,-0.899101,0.177124,0.596075
37.759043,-0.042843,-2.619594,2.550449,-0.854403,-1.266036,0.893047,0.606261,0.805688,0.201402,1.394367,-1.201908,-0.480596,0.744122,0.327987,-0.591030,0.329370,0.829910,-1.831272,-2.029588,1.476300,0.620471,-0.424211,-0.424623,0.841702,-0.434422,-0.896770,0.178545,0.596850
37.760079,-0.043428,-2.619009,2.549548,-0.854905,-1.263178,0.891982,0.605497,0.846391,0.187822,1.428447,-1.202891,-0.480390,0.747200,0.328055,-0.591446,0.328949,0.830755,-1.831714,-2.030471,1.476481,0.621083,-0.422017,-0.423165,0.841127,-0.436791,-0.893029,0.178885,0.597238
37.760937,-0.040748,-2.608526,2.541891,-0.854047,-1.266146,0.889536,0.604884,0.864295,0.158308,1.448317,-1.188863,-0.480673,0.747600,0.328027,-0.591867,0.328525,0.831587,-1.832147,-2.031367,1.476663,0.621685,-0.421008,-0.420908,0.840093,-0.436806,-0.894242,0.179773,0.597865
37.761915,-0.039168,-2.604272,2.537750,-0.854333,-1.264150,0.886744,0.604480,0.864789,0.114713,1.457962,-1.162214,-0.481183,0.745873,0.327927,-0.592286,0.328099,0.832433,-1.832583,-2.032239,1.476848,0.622287,-0.420912,-0.423187,0.840851,-0.436241,-0.888518,0.181873,0.597920
37.762998,-0.039833,-2.597612,2.532073,-0.853888,-1.263027,0.885816,0.602204,0.851695,0.064674,1.458885,-1.128621,-0.481414,0.742671,0.327804,-0.592707,0.327674,0.833268,-1.833021,-2.033131,1.477039,0.622882,-0.420717,-0.422584,0.840929,-0.435757,-0.888508,0.184377,0.597765
37.764019,-0.046436,-2.595398,2.533665,-0.852080,-1.265377,0.887301,0.602337,0.826361,0.013455,1.451001,-1.091392,-0.481073,0.738274,0.327702,-0.593131,0.327246,0.834118,-1.833455,-2.034024,1.477225,0.623495,-0.419804,-0.423436,0.842472,-0.437215,-0.888297,0.185124,0.601477
37.764936,-0.051588,-2.592331,2.518803,-0.853719,-1.263466,0.888797,0.600917,0.788063,-0.038557,1.433610,-1.049727,-0.480284,0.732593,0.327625,-0.593537,0.326827,0.834960,-1.833898,-2.034895,1.477403,0.624092,-0.415860,-0.422001,0.839922,-0.439175,-0.884374,0.183441,0.600256
37.766022,-0.053433,-2.586537,2.521754,-0.852024,-1.265266,0.887351,0.601785,0.732612,-0.091362,1.403286,-1.002240,-0.479285,0.725286,0.327539,-0.593946,0.326403,0.835809,-1.834326,-2.035783,1.477582,0.624700,-0.412210,-0.420698,0.844772,-0.436887,-0.883873,0.181673,0.602023
37.766987,-0.057668,-2.578174,2.508661,-0.850570,-1.261582,0.886041,0.598797,0.657023,-0.142895,1.357094,-0.949759,-0.478211,0.716251,0.327398,-0.594348,0.325983,0.836653,-1.834768,-2.036651,1.477765,0.625294,-0.411007,-0.421237,0.842027,-0.439452,-0.880990,0.183001,0.599447
37.768066,-0.060946,-2.577623,2.503107,-0.848480,-1.260118,0.880762,0.598618,0.562615,-0.190616,1.295577,-0.893515,-0.477319,0.705834,0.327190,-0.594753,0.325556,0.837502,-1.835213,-2.037538,1.477953,0.625909,-0.408033,-0.422668,0.846376,-0.440399,-0.882620,0.184025,0.604436
37.768985,-0.067262,-2.570873,2.489020,-0.847369,-1.258174,0.876182,0.597672,0.448157,-0.233508,1.217468,-0.832919,-0.477025,0.694056,0.326931,-0.595158,0.325137,0.838357,-1.835656,-2.038430,1.478152,0.626511,-0.406049,-0.420517,0.847740,-0.443236,-0.882724,0.189094,0.603900
37.769974,-0.078495,-2.568466,2.491845,-0.846670,-1.258703,0.874141,0.597102,0.310629,-0.272464,1.120245,-0.766379,-0.477728,0.680579,0.326643,-0.595550,0.324717,0.839225,-1.836103,-2.039309,1.478357,0.627122,-0.402005,-0.421137,0.851938,-0.443300,-0.882317,0.193239,0.604695
37.771044,-0.082165,-2.561225,2.494648,-0.849299,-1.249686,0.872787,0.595674,-0.025993,-0.339762,0.874326,-0.617592,-0.482687,0.648879,0.326092,-0.596330,0.323881,0.840911,-1.836985,-2.041077,1.478759,0.628341,-0.393785,-0.420976,0.845745,-0.441880,-0.887655,0.195999,0.606814
37.772070,-0.066922,-2.553370,2.479826,-0.843932,-1.250560,0.870763,0.595836,-0.025993,-0.339762,0.874326,-0.617592,-0.482687,0.648879,0.326092,-0.596330,0.323881,0.840911,-1.836985,-2.041077,1.478759,0.628341,-0.393785,-0.420976,0.845745,-0.441880,-0.887655,0.195999,0.606814
37.772983,-0.066813,-2.543838,2.475318,-0.843439,-1.246235,0.869112,0.595789,-0.361627,-0.396504,0.628096,-0.466828,-0.491492,0.617588,0.325708,-0.597139,0.323021,0.842620,-1.837891,-2.042860,1.479165,0.629555,-0.399851,-0.424119,0.850854,-0.446453,-0.886827,0.198939,0.604514
37.773978,-0.079495,-2.535228,2.474320,-0.840596,-1.239147,0.868813,0.596367,-0.361627,-0.396504,0.628096,-0.466828,-0.491492,0.617588,0.325708,-0.597139,0.323021,0.842620,-1.837891,-2.042860,1.479165,0.629555,-0.399851,-0.424119,0.850854,-0.446453,-0.886827,0.198939,0.604514
37.775135,-0.084795,-2.531933,2.473013,-0.843896,-1.243507,0.870131,0.596919,-0.510223,-0.418999,0.519620,-0.394266,-0.496677,0.603623,0.325574,-0.597514,0.322598,0.843468,-1.838346,-2.043751,1.479365,0.630148,-0.393110,-0.425776,0.849343,-0.448884,-0.892024,0.198891,0.602417
37.775971,-0.079878,-2.529779,2.466367,-0.839732,-1.246788,0.868570,0.596839,-0.653569,-0.435357,0.414367,-0.322777,-0.501746,0.590198,0.325465,-0.597900,0.322172,0.844309,-1.838785,-2.044632,1.479564,0.630746,-0.390696,-0.425133,0.849427,-0.447208,-0.886869,0.197381,0.600603
37.777002,-0.073847,-2.523407,2.458911,-0.842981,-1.246670,0.866774,0.598688,-0.790391,-0.450545,0.314440,-0.250154,-0.506539,0.577296,0.325347,-0.598294,0.321760,0.845161,-1.839239,-2.045494,1.479767,0.631338,-0.391937,-0.423293,0.849397,-0.449315,-0.880825,0.198482,0.599615
37.778018,-0.087787,-2.519633,2.453468,-0.842082,-1.251682,0.864540,0.599818,-0.911411,-0.470434,0.228418,-0.176164,-0.510977,0.565573,0.325186,-0.598685,0.321334,0.846024,-1.839682,-2.046373,1.479971,0.631921,-0.394575,-0.423924,0.851248,-0.446253,-0.879426,0.199959,0.595046
37.779093,-0.105102,-2.516149,2.458157,-0.844932,-1.256337,0.862422,0.600010,-1.120680,-0.518619,0.084212,-0.027698,-0.518037,0.544636,0.324794,-0.599413,0.320491,0.847719,-1.840569,-2.048087,1.480386,0.633092,-0.378818,-0.422547,0.848414,-0.445064,-0.867258,0.203654,0.590788
37.780206,-0.110061,-2.512513,2.455191,-0.846423,-1.262896,0.859873,0.600214,-1.230136,-0.544166,0.008224,0.049200,-0.520919,0.533616,0.324630,-0.599787,0.320070,0.848562,-1.841018,-2.048938,1.480599,0.633682,-0.376557,-0.422049,0.848973,-0.444552,-0.859984,0.205910,0.589636
37.780961,-0.100808,-2.505485,2.449898,-0.848193,-1.261245,0.857077,0.601824,-1.230136,-0.544166,0.008224,0.049200,-0.520919,0.533616,0.324630,-0.599787,0.320070,0.848562,-1.841018,-2.048938,1.480599,0.633682,-0.376557,-0.422049,0.848973,-0.444552,-0.859984,0.205910,0.589636
37.782001,-0.101969,-2.500516,2.452693,-0.851199,-1.260965,0.855582,0.604009,-1.425556,-0.598391,-0.125108,0.192408,-0.526336,0.513594,0.324332,-0.600550,0.319228,0.850258,-1.841884,-2.050643,1.481024,0.634817,-0.378948,-0.422347,0.844578,-0.437902,-0.857526,0.209211,0.580069
37.782990,-0.104855,-2.497753,2.459151,-0.848832,-1.261254,0.854541,0.604852,-1.425556,-0.598391,-0.125108,0.192408,-0.526336,0.513594,0.324332,-0.600550,0.319228,0.850258,-1.841884,-2.050643,1.481024,0.634817,-0.378948,-0.422347,0.844578,-0.437902,-0.857526,0.209211,0.580069
37.783976,-0.100389,-2.492315,2.451311,-0.850855,-1.260131,0.854640,0.603959,-1.485491,-0.629927,-0.161298,0.250937,-0.529440,0.506892,0.324167,-0.600925,0.318809,0.851085,-1.842326,-2.051503,1.481239,0.635394,-0.377124,-0.421115,0.839542,-0.440117,-0.855564,0.209822,0.577539
37.785027,-0.098823,-2.494261,2.459832,-0.848240,-1.255157,0.856869,0.607183,-1.516253,-0.669180,-0.173107,0.302925,-0.533558,0.502531,0.324020,-0.601305,0.318393,0.851932,-1.842765,-2.052348,1.481445,0.635967,-0.378943,-0.421268,0.841461,-0.437929,-0.855172,0.209343,0.578498
37.785951,-0.098941,-2.493355,2.461440,-0.851518,-1.254469,0.855491,0.608554,-1.517709,-0.718716,-0.160025,0.350043,-0.538977,0.500391,0.323880,-0.601687,0.317982,0.852765,-1.843215,-2.053216,1.481650,0.636530,-0.379510,-0.417902,0.835763,-0.440858,-0.858887,0.206779,0.571244
37.787097,-0.099415,-2.490685,2.468747,-0.851783,-1.249665,0.855911,0.609452,-1.425311,-0.863622,-0.050568,0.434703,-0.553757,0.503017,0.323496,-0.602443,0.317163,0.854411,-1.844084,-2.054941,1.482067,0.637647,-0.378760,-0.414963,0.828572,-0.438271,-0.861658,0.207068,0.565290
37.788120,-0.095016,-2.491706,2.461727,-0.854161,-1.242784,0.855563,0.607247,-1.425311,-0.863622,-0.050568,0.434703,-0.553757,0.503017,0.323496,-0.602443,0.317163,0.854411,-1.844084,-2.054941,1.482067,0.637647,-0.378760,-0.414963,0.828572,-0.438271,-0.861658,0.207068,0.565290
37.789019,-0.100138,-2.490949,2.461126,-0.853252,-1.241646,0.853570,0.607376,-1.338251,-0.955317,0.039586,0.470522,-0.562211,0.507482,0.323334,-0.602827,0.316759,0.855239,-1.844511,-2.055814,1.482277,0.638226,-0.380635,-0.412086,0.830624,-0.436390,-0.866994,0.207060,0.568929
37.789954,-0.101441,-2.481985,2.459588,-0.859005,-1.238245,0.852771,0.606597,-1.236143,-1.054807,0.142431,0.501777,-0.570599,0.513145,0.323238,-0.603202,0.316359,0.856067,-1.844946,-2.056673,1.482486,0.638792,-0.377278,-0.409875,0.828330,-0.436346,-0.865783,0.208602,0.567664
37.791040,-0.097518,-2.477965,2.456505,-0.863096,-1.230641,0.855571,0.606098,-1.130017,-1.154536,0.247555,0.526412,-0.578185,0.519216,0.323177,-0.603570,0.315946,0.856895,-1.845367,-2.057543,1.482694,0.639362,-0.376132,-0.411737,0.826853,-0.430286,-0.867074,0.208959,0.568316
37.792032,-0.094768,-2.472365,2.449726,-0.864855,-1.235590,0.857435,0.603410,-1.024543,-1.242986,0.348991,0.537861,-0.583987,0.525668,0.323139,-0.603952,0.315534,0.857719,-1.845789,-2.058430,1.482897,0.639935,-0.378059,-0.411443,0.827456,-0.427569,-0.873488,0.205859,0.568595
37.792943,-0.090603,-2.468832,2.455533,-0.865650,-1.232410,0.857479,0.602885,-0.920419,-1.314089,0.445071,0.532789,-0.587528,0.532624,0.323135,-0.604328,0.315128,0.858555,-1.846212,-2.059281,1.483094,0.640511,-0.379051,-0.411815,0.828971,-0.426114,-0.866855,0.203690,0.573149
37.794062,-0.094264,-2.466536,2.450676,-0.866490,-1.232649,0.858705,0.601605,-0.815303,-1.370500,0.538329,0.513895,-0.589127,0.540128,0.323155,-0.604714,0.314719,0.859363,-1.846630,-2.060156,1.483300,0.641085,-0.380303,-0.410886,0.823796,-0.424914,-0.867757,0.203227,0.573182
37.795048,-0.097482,-2.464599,2.453543,-0.870741,-1.232350,0.860827,0.600127,-0.707328,-1.418081,0.631541,0.486202,-0.589383,0.548080,0.323175,-0.605093,0.314311,0.860193,-1.847057,-2.061013,1.483498,0.641656,-0.378558,-0.409881,0.825512,-0.425628,-0.866780,0.201783,0.575099
37.796008,-0.095460,-2.462788,2.448472,-0.875988,-1.232254,0.861374,0.599693,-0.601507,-1.459688,0.721241,0.454058,-0.588752,0.555933,0.323191,-0.605467,0.313910,0.861017,-1.847477,-2.061878,1.483690,0.642236,-0.376575,-0.408458,0.822250,-0.421648,-0.865342,0.199362,0.577165
37.797004,-0.098393,-2.458417,2.457843,-0.880191,-1.231090,0.862583,0.596383,-0.500900,-1.494638,0.804703,0.417564,-0.587350,0.563507,0.323206,-0.605849,0.313507,0.861832,-1.847879,-2.062745,1.483889,0.642815,-0.377026,-0.406870,0.822939,-0.416849,-0.863504,0.198475,0.577091
37.797978,-0.098009,-2.452396,2.451761,-0.884011,-1.227899,0.862987,0.597020,-0.402163,-1.522260,0.884411,0.374748,-0.585211,0.571203,0.323230,-0.606222,0.313105,0.862640,-1.848288,-2.063604,1.484083,0.643411,-0.375224,-0.406696,0.816666,-0.413353,-0.863079,0.196973,0.582831
37.798978,-0.098528,-2.447260,2.452656,-0.888467,-1.228220,0.862954,0.596378,-0.207368,-1.549072,1.034133,0.267269,-0.578998,0.587640,0.323279,-0.606978,0.312285,0.864269,-1.849092,-2.065337,1.484475,0.644560,-0.374321,-0.407272,0.815974,-0.406597,-0.862460,0.195991,0.581058
37.800105,-0.101358,-2.439204,2.443573,-0.894670,-1.231228,0.864506,0.594723,-0.207368,-1.549072,1.034133,0.267269,-0.578998,0.587640,0.323279,-0.606978,0.312285,0.864269,-1.849092,-2.065337,1.484475,0.644560,-0.374321,-0.407272,0.815974,-0.406597,-0.862460,0.195991,0.581058
37.800987,-0.102252,-2.426054,2.445160,-0.897522,-1.232204,0.868235,0.594732,-0.120311,-1.541909,1.095847,0.202723,-0.574755,0.595798,0.323280,-0.607345,0.311876,0.865100,-1.849486,-2.066181,1.484665,0.645154,-0.373191,-0.409170,0.819860,-0.402805,-0.858902,0.194271,0.583649
37.801943,-0.104632,-2.411887,2.444135,-0.898795,-1.234204,0.869229,0.592864,-0.047810,-1.514687,1.141487,0.130521,-0.569389,0.603481,0.323276,-0.607715,0.311453,0.865906,-1.849875,-2.067030,1.484848,0.645739,-0.371981,-0.412847,0.816570,-0.399936,-0.855626,0.190192,0.582534
37.802978,-0.097333,-2.400582,2.442156,-0.902405,-1.236364,0.868791,0.593875,0.010002,-1.464472,1.170706,0.050707,-0.562743,0.610838,0.323247,-0.608084,0.311029,0.866722,-1.850271,-2.067866,1.485034,0.646331,-0.370348,-0.417203,0.815163,-0.399242,-0.851970,0.188949,0.585328
37.804019,-0.091096,-2.390452,2.432349,-0.904608,-1.237057,0.869209,0.594078,0.057692,-1.392834,1.187907,-0.035223,-0.554912,0.618200,0.323179,-0.608458,0.310603,0.867545,-1.850664,-2.068714,1.485224,0.646915,-0.373879,-0.420257,0.814797,-0.397091,-0.848598,0.189169,0.582418
37.804971,-0.093307,-2.380840,2.437830,-0.908867,-1.235994,0.869177,0.592234,0.100311,-1.303889,1.198087,-0.125338,-0.546061,0.625770,0.323071,-0.608841,0.310170,0.868364,-1.851058,-2.069560,1.485407,0.647495,-0.376737,-0.422681,0.818465,-0.396429,-0.846769,0.188553,0.581217
37.805974,-0.100363,-2.369488,2.434703,-0.913374,-1.239305,0.868852,0.595229,0.140717,-1.202665,1.204373,-0.217413,-0.536352,0.633513,0.322942,-0.609206,0.309746,0.869178,-1.851438,-2.070396,1.485595,0.648099,-0.375176,-0.424720,0.813701,-0.393054,-0.846170,0.188298,0.583912
37.807006,-0.101926,-2.362382,2.440943,-0.920642,-1.237287,0.871561,0.593019,0.177183,-1.092332,1.205811,-0.309673,-0.525861,0.641110,0.322797,-0.609571,0.309311,0.869984,-1.851816,-2.071233,1.485785,0.648668,-0.371425,-0.427646,0.813872,-0.390053,-0.841475,0.188361,0.577005
37.808072,-0.095431,-2.353601,2.430553,-0.924857,-1.237183,0.871977,0.594130,0.207016,-0.974422,1.200473,-0.401694,-0.514599,0.648297,0.322628,-0.609944,0.308882,0.870792,-1.852189,-2.072067,1.485966,0.649246,-0.370503,-0.428562,0.809499,-0.384706,-0.842456,0.185441,0.580715
37.808981,-0.091901,-2.342593,2.431419,-0.926966,-1.238092,0.871333,0.592850,0.232904,-0.852070,1.191149,-0.493780,-0.502671,0.655245,0.322451,-0.610323,0.308444,0.871619,-1.852570,-2.072905,1.486152,0.649823,-0.373684,-0.430318,0.813601,-0.382602,-0.841641,0.184867,0.577666
37.809987,-0.094315,-2.333500,2.425984,-0.927745,-1.239478,0.873554,0.591671,0.259121,-0.729301,1.182111,-0.585008,-0.490429,0.662132,0.322280,-0.610700,0.308000,0.872423,-1.852946,-2.073746,1.486340,0.650403,-0.374691,-0.432731,0.810931,-0.381057,-0.838692,0.185189,0.579272
37.811048,-0.105437,-2.320870,2.426768,-0.929329,-1.238683,0.877310,0.592741,0.285864,-0.610016,1.174374,-0.672079,-0.478475,0.668713,0.322129,-0.611065,0.307562,0.873244,-1.853332,-2.074571,1.486517,0.650984,-0.373270,-0.434478,0.812096,-0.381639,-0.836113,0.182760,0.580764
37.812026,-0.102539,-2.311962,2.421663,-0.933630,-1.238914,0.881548,0.591372,0.305396,-0.495490,1.162098,-0.750812,-0.467363,0.674207,0.322011,-0.611423,0.307110,0.874048,-1.853719,-2.075404,1.486689,0.651555,-0.367804,-0.437987,0.810752,-0.381949,-0.836045,0.178888,0.577836
37.813002,-0.098572,-2.297386,2.430727,-0.934904,-1.238181,0.882833,0.591766,0.310623,-0.383985,1.139364,-0.820107,-0.457362,0.678168,0.321943,-0.611795,0.306662,0.874865,-1.854091,-2.076245,1.486852,0.652132,-0.368931,-0.439445,0.811554,-0.378997,-0.834254,0.174523,0.579731
37.814039,-0.092402,-2.289297,2.426115,-0.938031,-1.230268,0.883322,0.590937,0.309980,-0.276179,1.113287,-0.882625,-0.448670,0.681572,0.321949,-0.612165,0.306214,0.875669,-1.854470,-2.077072,1.487022,0.652705,-0.370547,-0.443772,0.805323,-0.378950,-0.833575,0.173098,0.578033
37.814983,-0.093071,-2.277576,2.430705,-0.939100,-1.227635,0.881893,0.591760,0.317851,-0.175305,1.096299,-0.940883,-0.441505,0.685810,0.322032,-0.612543,0.305765,0.876475,-1.854842,-2.077925,1.487193,0.653290,-0.373434,-0.444936,0.806555,-0.377821,-0.840304,0.172501,0.578880
37.815928,-0.098098,-2.274909,2.425986,-0.941639,-1.223309,0.881047,0.593259,0.339218,-0.083672,1.092893,-0.995342,-0.435952,0.691312,0.322175,-0.612911,0.305314,0.877276,-1.855220,-2.078763,1.487366,0.653857,-0.372582,-0.447725,0.802356,-0.377643,-0.841126,0.173738,0.576307
37.816953,-0.105258,-2.270443,2.435889,-0.946455,-1.219220,0.882647,0.594295,0.369183,-0.003188,1.099365,-1.044199,-0.431979,0.697444,0.322343,-0.613277,0.304871,0.878071,-1.855596,-2.079614,1.487539,0.654422,-0.369597,-0.446006,0.802979,-0.376022,-0.843592,0.174368,0.572405
37.817928,-0.101188,-2.266422,2.434085,-0.947239,-1.221340,0.883778,0.595703,0.400984,0.063158,1.110720,-1.085100,-0.429398,0.703274,0.322506,-0.613641,0.304424,0.878865,-1.855959,-2.080469,1.487705,0.654980,-0.365913,-0.445401,0.796861,-0.373271,-0.846330,0.172646,0.569597
37.819007,-0.096026,-2.262969,2.436771,-0.948689,-1.220810,0.884863,0.598075,0.435170,0.111566,1.128214,-1.116916,-0.427984,0.708566,0.322640,-0.614010,0.303985,0.879668,-1.856335,-2.081313,1.487871,0.655539,-0.367642,-0.444528,0.796199,-0.373802,-0.842544,0.171380,0.565954
37.820000,-0.100165,-2.258330,2.425336,-0.949257,-1.217904,0.883960,0.596205,0.477825,0.137942,1.157778,-1.138459,-0.427698,0.713632,0.322720,-0.614388,0.303542,0.880456,-1.856708,-2.082148,1.488039,0.656094,-0.370191,-0.443587,0.794245,-0.374757,-0.842334,0.170234,0.560536
37.820904,-0.106219,-2.251888,2.426418,-0.949681,-1.221444,0.886032,0.597087,0.526598,0.142438,1.197504,-1.148531,-0.428369,0.718228,0.322775,-0.614756,0.303104,0.881263,-1.857087,-2.082982,1.488211,0.656661,-0.367805,-0.443094,0.798502,-0.375558,-0.843884,0.170988,0.563538
37.821911,-0.115886,-2.242458,2.419361,-0.954601,-1.224137,0.889755,0.596350,0.568675,0.131063,1.235709,-1.146941,-0.429597,0.721459,0.322849,-0.615109,0.302658,0.882061,-1.857466,-2.083811,1.488377,0.657219,-0.364293,-0.443184,0.795739,-0.375562,-0.838328,0.168683,0.560798
37.823023,-0.109927,-2.237610,2.418837,-0.956746,-1.222302,0.889637,0.596065,0.592624,0.112956,1.261290,-1.136282,-0.430885,0.722795,0.322928,-0.615459,0.302205,0.882855,-1.857830,-2.084645,1.488532,0.657783,-0.359446,-0.444942,0.798075,-0.372507,-0.834379,0.164899,0.561508
37.824009,-0.110559,-2.234637,2.404004,-0.957089,-1.225371,0.888195,0.593444,0.596485,0.095734,1.271170,-1.121392,-0.431775,0.722517,0.322994,-0.615821,0.301764,0.883651,-1.858203,-2.085475,1.488694,0.658340,-0.362400,-0.444551,0.797095,-0.372192,-0.835076,0.164964,0.561275
37.824988,-0.109126,-2.233665,2.401241,-0.959806,-1.225074,0.887197,0.592512,0.585354,0.079277,1.269451,-1.103897,-0.432315,0.721073,0.323064,-0.616179,0.301323,0.884449,-1.858572,-2.086301,1.488863,0.658911,-0.361278,-0.442808,0.801967,-0.372018,-0.829619,0.166132,0.565449
37.826066,-0.116421,-2.228393,2.395747,-0.958683,-1.223457,0.889364,0.592108,0.562666,0.059549,1.259486,-1.082482,-0.432856,0.718490,0.323168,-0.616541,0.300892,0.885249,-1.858939,-2.087114,1.489028,0.659472,-0.361177,-0.440182,0.800620,-0.369445,-0.827720,0.166853,0.566199
37.827018,-0.122412,-2.228874,2.389031,-0.961247,-1.224539,0.892560,0.590650,0.529690,0.034083,1.242552,-1.056109,-0.433674,0.714671,0.323291,-0.616888,0.300452,0.886051,-1.859315,-2.087941,1.489190,0.660040,-0.357195,-0.439836,0.801388,-0.371452,-0.827569,0.164481,0.566008
37.827916,-0.124223,-2.224167,2.377933,-0.957205,-1.222452,0.895805,0.589863,0.484236,0.002549,1.216836,-1.023617,-0.434984,0.709341,0.323400,-0.617234,0.300021,0.886845,-1.859676,-2.088766,1.489347,0.660612,-0.353466,-0.436391,0.801945,-0.368905,-0.823927,0.161037,0.567786
37.829004,-0.124960,-2.219095,2.378779,-0.956549,-1.221949,0.897570,0.588124,0.422892,-0.034902,1.179485,-0.983802,-0.436992,0.702192,0.323503,-0.617580,0.299591,0.887650,-1.860053,-2.089580,1.489499,0.661176,-0.351661,-0.435505,0.804202,-0.372164,-0.823312,0.157541,0.568155
37.829954,-0.123942,-2.218775,2.374298,-0.954249,-1.218200,0.897730,0.588162,0.348661,-0.079103,1.133148,-0.935935,-0.439979,0.693525,0.323629,-0.617930,0.299155,0.888437,-1.860432,-2.090400,1.489653,0.661753,-0.351007,-0.435121,0.801986,-0.373668,-0.822155,0.155669,0.570642
37.830950,-0.121962,-2.207976,2.366676,-0.951239,-1.213609,0.897672,0.586298,0.270624,-0.132816,1.085780,-0.879915,-0.444253,0.684125,0.323780,-0.618282,0.298727,0.889236,-1.860807,-2.091234,1.489805,0.662316,-0.350709,-0.432120,0.801382,-0.375671,-0.823306,0.155318,0.569402
37.832014,-0.123401,-2.197004,2.361475,-0.952229,-1.210139,0.896845,0.585878,0.195297,-0.196789,1.042740,-0.816659,-0.449901,0.674593,0.323930,-0.618629,0.298295,0.890046,-1.861192,-2.092056,1.489960,0.662896,-0.351110,-0.434491,0.802525,-0.378578,-0.825681,0.155182,0.572035
37.832922,-0.130355,-2.191299,2.349508,-0.950283,-1.210577,0.897410,0.583946,0.121711,-0.263178,1.001563,-0.750191,-0.456461,0.665243,0.324053,-0.618974,0.297855,0.890842,-1.861568,-2.092886,1.490119,0.663476,-0.350055,-0.436937,0.803096,-0.378271,-0.827243,0.155850,0.571791
37.834041,-0.138881,-2.184432,2.351665,-0.952553,-1.206254,0.895244,0.583900,0.043251,-0.322447,0.954781,-0.684510,-0.463290,0.655945,0.324133,-0.619309,0.297426,0.891657,-1.861952,-2.093698,1.490270,0.664052,-0.345783,-0.436530,0.805751,-0.379315,-0.824104,0.155031,0.574459
37.835034,-0.140701,-2.183462,2.345244,-0.951188,-1.199824,0.889469,0.583069,-0.046916,-0.371382,0.896034,-0.620081,-0.470061,0.646211,0.324173,-0.619642,0.296989,0.892460,-1.862334,-2.094531,1.490432,0.664629,-0.341542,-0.437088,0.802885,-0.378096,-0.826886,0.157082,0.573535
37.835962,-0.137586,-2.175400,2.336353,-0.947484,-1.198097,0.886602,0.581718,-0.147892,-0.413102,0.826618,-0.555771,-0.476717,0.635870,0.324169,-0.619983,0.296556,0.893262,-1.862711,-2.095376,1.490606,0.665211,-0.340128,-0.434444,0.803534,-0.379529,-0.830850,0.162580,0.574062
37.836958,-0.137999,-2.177523,2.331644,-0.948477,-1.191523,0.888731,0.579781,-0.254007,-0.453724,0.752371,-0.489043,-0.483457,0.624922,0.324125,-0.620322,0.296124,0.894072,-1.863100,-2.096199,1.490775,0.665791,-0.340978,-0.435289,0.804824,-0.382407,-0.829886,0.165087,0.575560
37.838001,-0.144712,-2.174744,2.330178,-0.946916,-1.189140,0.891979,0.580206,-0.358597,-0.498407,0.679680,-0.418017,-0.490493,0.613514,0.324063,-0.620657,0.295696,0.894871,-1.863475,-2.097048,1.490936,0.666380,-0.340309,-0.431140,0.804624,-0.381502,-0.834018,0.162674,0.578274
37.838981,-0.146489,-2.167053,2.324963,-0.945548,-1.188867,0.896476,0.578570,-0.456245,-0.551436,0.613694,-0.342002,-0.497880,0.601837,0.323995,-0.620990,0.295272,0.895675,-1.863864,-2.097876,1.491088,0.666951,-0.336671,-0.429668,0.803078,-0.383300,-0.834357,0.159277,0.576332
37.839917,-0.139611,-2.158882,2.314531,-0.943640,-1.184237,0.896044,0.578273,-0.546304,-0.612961,0.555104,-0.260950,-0.505585,0.589993,0.323916,-0.621319,0.294836,0.896485,-1.864252,-2.098706,1.491235,0.667532,-0.335374,-0.430376,0.802906,-0.384328,-0.832204,0.154604,0.578485
37.840970,-0.138530,-2.156291,2.309523,-0.940797,-1.183311,0.893547,0.578254,-0.628341,-0.678042,0.503506,-0.177367,-0.513422,0.578433,0.323813,-0.621663,0.294399,0.897286,-1.864640,-2.099552,1.491395,0.668112,-0.338085,-0.431195,0.805154,-0.385488,-0.834055,0.154820,0.577843
37.841964,-0.139518,-2.145061,2.305597,-0.940922,-1.183096,0.890508,0.577540,-0.699709,-0.744656,0.460696,-0.092816,-0.521300,0.567638,0.323665,-0.621997,0.293974,0.898098,-1.865032,-2.100375,1.491557,0.668691,-0.338374,-0.429579,0.805345,-0.388579,-0.833056,0.157143,0.576812
37.842970,-0.145950,-2.144569,2.305168,-0.944846,-1.186786,0.891792,0.580081,-0.759712,-0.812755,0.427192,-0.007188,-0.529202,0.557719,0.323460,-0.622329,0.293536,0.898895,-1.865415,-2.101203,1.491720,0.669263,-0.337443,-0.432073,0.804762,-0.388341,-0.830957,0.159944,0.577147
37.844064,-0.150511,-2.133188,2.300299,-0.947026,-1.183024,0.892858,0.580939,-0.809771,-0.879206,0.401135,0.076948,-0.536819,0.548732,0.323186,-0.622660,0.293108,0.899699,-1.865794,-2.102026,1.491872,0.669810,-0.333847,-0.429258,0.802435,-0.384489,-0.825055,0.158449,0.571008
37.844917,-0.148365,-2.137630,2.291562,-0.947722,-1.182620,0.894166,0.584305,-0.852719,-0.939295,0.379247,0.155385,-0.543665,0.540711,0.322839,-0.622985,0.292675,0.900509,-1.866179,-2.102855,1.492028,0.670372,-0.331610,-0.432121,0.802913,-0.383120,-0.827191,0.157256,0.568381
37.845947,-0.151312,-2.131855,2.293836,-0.950823,-1.182987,0.894064,0.584191,-0.890799,-0.991495,0.359454,0.226272,-0.549503,0.533551,0.322450,-0.623320,0.292256,0.901309,-1.866553,-2.103673,1.492180,0.670923,-0.331742,-0.426588,0.803707,-0.381229,-0.824496,0.155656,0.560404
37.846947,-0.141353,-2.130496,2.294278,-0.953775,-1.183549,0.895030,0.585199,-0.920646,-1.040512,0.345483,0.290325,-0.554461,0.527297,0.322087,-0.623644,0.291835,0.902107,-1.866931,-2.104484,1.492335,0.671477,-0.330063,-0.426647,0.800246,-0.378490,-0.822222,0.155609,0.559710
37.848004,-0.142561,-2.125462,2.288538,-0.955982,-1.186967,0.895999,0.584858,-0.932170,-1.091086,0.346590,0.346495,-0.558643,0.522618,0.321830,-0.623988,0.291416,0.902893,-1.867306,-2.105297,1.492486,0.672034,-0.334559,-0.424385,0.797677,-0.375687,-0.819542,0.154461,0.556634
37.848926,-0.150541,-2.120735,2.280337,-0.956282,-1.188221,0.899945,0.584378,-0.918196,-1.144408,0.368979,0.392955,-0.562013,0.520093,0.321703,-0.624325,0.290991,0.903693,-1.867676,-2.106105,1.492636,0.672582,-0.333660,-0.424049,0.798444,-0.374284,-0.814383,0.153375,0.556404
37.850041,-0.155473,-2.120681,2.274788,-0.960427,-1.186750,0.901495,0.585780,-0.859238,-1.244311,0.437811,0.461308,-0.565856,0.518198,0.321621,-0.624967,0.290157,0.905297,-1.868423,-2.107711,1.492924,0.673690,-0.326796,-0.420709,0.800493,-0.370562,-0.810853,0.147649,0.552516
37.851028,-0.158413,-2.110214,2.274135,-0.958921,-1.193897,0.899704,0.586672,-0.859238,-1.244311,0.437811,0.461308,-0.565856,0.518198,0.321621,-0.624967,0.290157,0.905297,-1.868423,-2.107711,1.492924,0.673690,-0.326796,-0.420709,0.800493,-0.370562,-0.810853,0.147649,0.552516
37.851901,-0.148421,-2.103806,2.270889,-0.959830,-1.188914,0.898056,0.588311,-0.837911,-1.284503,0.463700,0.486179,-0.566211,0.517228,0.321531,-0.625289,0.289734,0.906093,-1.868799,-2.108491,1.493076,0.674226,-0.325006,-0.423005,0.798212,-0.372116,-0.801756,0.149286,0.549770
37.852983,-0.155485,-2.102087,2.264943,-0.961345,-1.187605,0.897714,0.588591,-0.818539,-1.318113,0.486901,0.504898,-0.565769,0.516748,0.321351,-0.625621,0.289310,0.906891,-1.869168,-2.109299,1.493231,0.674761,-0.329207,-0.422932,0.796443,-0.370316,-0.804020,0.150649,0.545374
37.853985,-0.168795,-2.097473,2.261146,-0.963227,-1.186960,0.895509,0.589585,-0.794359,-1.346887,0.513232,0.516797,-0.564651,0.517337,0.321060,-0.625944,0.288888,0.907685,-1.869534,-2.110104,1.493380,0.675295,-0.325613,-0.421001,0.797565,-0.369940,-0.803761,0.150880,0.543995
37.854988,-0.172842,-2.097617,2.258833,-0.966048,-1.186950,0.896945,0.590576,-0.773786,-1.370550,0.535534,0.523740,-0.562832,0.518128,0.320695,-0.626248,0.288475,0.908484,-1.869900,-2.110896,1.493534,0.675830,-0.318873,-0.420477,0.796947,-0.368441,-0.802509,0.152922,0.541041
37.856015,-0.172762,-2.088574,2.261612,-0.969954,-1.184601,0.897423,0.590479,-0.767332,-1.388208,0.544899,0.527873,-0.560282,0.518013,0.320335,-0.626561,0.288063,0.909269,-1.870257,-2.111694,1.493681,0.676367,-0.316735,-0.417547,0.795764,-0.366219,-0.800570,0.151310,0.538105
37.857008,-0.160169,-2.091340,2.249375,-0.971295,-1.185328,0.899816,0.589126,-0.769850,-1.400786,0.545733,0.527671,-0.556943,0.517293,0.320053,-0.626878,0.287642,0.910060,-1.870613,-2.112486,1.493826,0.676900,-0.316674,-0.419239,0.792127,-0.363158,-0.801204,0.150727,0.537409
37.858007,-0.162121,-2.089003,2.253497,-0.972716,-1.182531,0.902139,0.586884,-0.767721,-1.410747,0.549719,0.520548,-0.552871,0.517024,0.319887,-0.627208,0.287234,0.910870,-1.870972,-2.113288,1.493967,0.677444,-0.322645,-0.414996,0.795618,-0.362316,-0.798405,0.148200,0.539143
37.859017,-0.169946,-2.078979,2.243122,-0.974483,-1.179394,0.906444,0.585678,-0.750352,-1.424218,0.566674,0.507842,-0.548482,0.517810,0.319807,-0.627530,0.286823,0.911650,-1.871328,-2.114097,1.494109,0.677997,-0.321322,-0.413366,0.791189,-0.361502,-0.799155,0.145766,0.542620
37.859942,-0.167555,-2.071755,2.244813,-0.979808,-1.182089,0.910572,0.585998,-0.721129,-1.440788,0.593701,0.491423,-0.543957,0.519389,0.319774,-0.627835,0.286408,0.912454,-1.871686,-2.114890,1.494244,0.678538,-0.317341,-0.415568,0.793943,-0.360374,-0.800445,0.141373,0.544049
37.860943,-0.170302,-2.061990,2.240023,-0.984968,-1.177772,0.911088,0.586116,-0.689841,-1.450904,0.620879,0.468793,-0.539008,0.521540,0.319764,-0.628156,0.285990,0.913233,-1.872035,-2.115684,1.494372,0.679077,-0.318053,-0.416096,0.790226,-0.355112,-0.795310,0.137164,0.542321
37.862064,-0.170108,-2.054505,2.240511,-0.987201,-1.172734,0.909514,0.586434,-0.657061,-1.447790,0.646307,0.435389,-0.533417,0.524845,0.319734,-0.628470,0.285564,0.914027,-1.872372,-2.116498,1.494506,0.679611,-0.316481,-0.417987,0.790217,-0.351027,-0.797587,0.136619,0.541144
37.863024,-0.170859,-2.041074,2.233219,-0.991031,-1.171261,0.905775,0.585700,-0.621998,-1.429723,0.670257,0.390024,-0.527279,0.529641,0.319661,-0.628784,0.285146,0.914818,-1.872721,-2.117298,1.494645,0.680150,-0.316849,-0.419078,0.788381,-0.350714,-0.801379,0.138205,0.539680
37.864061,-0.179073,-2.034621,2.230127,-0.992501,-1.166735,0.906880,0.584576,-0.587675,-1.396454,0.690246,0.334722,-0.520885,0.535601,0.319581,-0.629101,0.284717,0.915600,-1.873055,-2.118107,1.494792,0.680699,-0.316106,-0.422698,0.789471,-0.347639,-0.800498,0.141791,0.540111
37.864941,-0.178300,-2.025543,2.218776,-0.995947,-1.157707,0.907997,0.584562,-0.560275,-1.347448,0.701125,0.272135,-0.514475,0.541973,0.319558,-0.629402,0.284298,0.916391,-1.873402,-2.118909,1.494929,0.681242,-0.312078,-0.423043,0.788837,-0.347370,-0.803281,0.140582,0.541427
37.865943,-0.186483,-2.011651,2.220613,-0.997936,-1.160966,0.909721,0.582648,-0.546113,-1.283870,0.697889,0.205158,-0.508125,0.547870,0.319629,-0.629712,0.283870,0.917189,-1.873742,-2.119731,1.495069,0.681784,-0.311940,-0.424321,0.791197,-0.343773,-0.809420,0.139278,0.540307
37.866928,-0.185523,-1.998961,2.212311,-0.999549,-1.156866,0.910920,0.580749,-0.546298,-1.206823,0.679833,0.134890,-0.501737,0.552966,0.319799,-0.630015,0.283435,0.917965,-1.874081,-2.120530,1.495201,0.682328,-0.307773,-0.428186,0.787992,-0.342839,-0.804085,0.137495,0.543193
37.868077,-0.181821,-1.989424,2.216064,-1.000719,-1.155100,0.911370,0.577909,-0.559184,-1.116425,0.648523,0.061959,-0.495273,0.557352,0.320061,-0.630319,0.283002,0.918758,-1.874422,-2.121335,1.495336,0.682883,-0.308179,-0.431407,0.789645,-0.342080,-0.806132,0.136218,0.545937
37.868936,-0.177904,-1.976471,2.204994,-1.003846,-1.154099,0.910088,0.576754,-0.577893,-1.017102,0.610686,-0.011534,-0.488916,0.561441,0.320387,-0.630634,0.282563,0.919530,-1.874763,-2.122142,1.495472,0.683451,-0.310389,-0.433312,0.786588,-0.343261,-0.806733,0.135808,0.550735
37.869953,-0.178629,-1.971994,2.208019,-1.007850,-1.155535,0.910991,0.575997,-0.592852,-0.914824,0.575375,-0.084305,-0.482770,0.565849,0.320721,-0.630951,0.282127,0.920323,-1.875097,-2.122939,1.495612,0.683998,-0.311623,-0.436385,0.788735,-0.339945,-0.804906,0.136897,0.551838
37.871053,-0.183384,-1.959499,2.208498,-1.015653,-1.153986,0.912635,0.574113,-0.599023,-0.813309,0.547270,-0.156587,-0.476714,0.570908,0.320991,-0.631262,0.281690,0.921105,-1.875432,-2.123736,1.495747,0.684552,-0.311163,-0.435488,0.784969,-0.337201,-0.801604,0.135913,0.552338
37.871993,-0.180702,-1.953786,2.204090,-1.018248,-1.156335,0.912578,0.573800,-0.594361,-0.714901,0.528296,-0.229304,-0.470505,0.576776,0.321137,-0.631565,0.281240,0.921875,-1.875749,-2.124543,1.495876,0.685118,-0.309081,-0.438692,0.783293,-0.331846,-0.801740,0.134305,0.555175
37.872960,-0.178320,-1.946176,2.201663,-1.020951,-1.158523,0.909904,0.573826,-0.579302,-0.619955,0.518085,-0.303335,-0.463922,0.583471,0.321139,-0.631872,0.280804,0.922663,-1.876081,-2.125327,1.496011,0.685667,-0.310144,-0.438262,0.782695,-0.329921,-0.797163,0.134258,0.554688
37.873997,-0.176706,-1.938220,2.199994,-1.021274,-1.159780,0.908715,0.573464,-0.554119,-0.531841,0.517101,-0.376458,-0.457175,0.590767,0.321012,-0.632184,0.280362,0.923433,-1.876399,-2.126113,1.496155,0.686225,-0.311056,-0.438812,0.781506,-0.328434,-0.792939,0.136807,0.553545
37.875095,-0.180022,-1.925936,2.201815,-1.028114,-1.161403,0.911046,0.572365,-0.518357,-0.456091,0.526957,-0.444203,-0.450830,0.598298,0.320799,-0.632502,0.279920,0.924215,-1.876731,-2.126887,1.496294,0.686778,-0.311766,-0.439684,0.780288,-0.329661,-0.790189,0.137913,0.553298
37.876009,-0.178351,-1.913684,2.194402,-1.032029,-1.161776,0.914903,0.571153,-0.473919,-0.392295,0.546213,-0.505525,-0.445159,0.605811,0.320565,-0.632808,0.279470,0.924993,-1.877049,-2.127674,1.496425,0.687339,-0.310358,-0.442762,0.777802,-0.325191,-0.787310,0.135576,0.554573
37.876929,-0.187335,-1.908197,2.188286,-1.032653,-1.162974,0.917711,0.571654,-0.424588,-0.333203,0.570433,-0.564572,-0.439948,0.613350,0.320364,-0.633121,0.279015,0.925769,-1.877363,-2.128456,1.496550,0.687905,-0.310739,-0.445355,0.778687,-0.322125,-0.784610,0.131625,0.555820
37.878019,-0.187936,-1.899933,2.188160,-1.036314,-1.160438,0.919973,0.571939,-0.378070,-0.273697,0.592338,-0.622729,-0.435186,0.620536,0.320206,-0.633414,0.278576,0.926550,-1.877684,-2.129226,1.496672,0.688461,-0.305984,-0.444740,0.778879,-0.322246,-0.781245,0.128773,0.553654
37.879067,-0.185696,-1.895962,2.194584,-1.039957,-1.154225,0.919898,0.571705,-0.341258,-0.215607,0.606754,-0.676294,-0.431352,0.626747,0.320065,-0.633720,0.278129,0.927317,-1.878003,-2.130018,1.496796,0.689006,-0.305961,-0.445826,0.777422,-0.320891,-0.782470,0.126581,0.552204
37.880079,-0.179037,-1.891783,2.203194,-1.044047,-1.153383,0.919229,0.571342,-0.308196,-0.164368,0.619761,-0.723725,-0.428895,0.632459,0.319902,-0.634034,0.277683,0.928085,-1.878317,-2.130814,1.496923,0.689547,-0.307094,-0.444644,0.772378,-0.319315,-0.787062,0.126688,0.551765
37.881057,-0.170971,-1.888054,2.198246,-1.046483,-1.147569,0.916986,0.573230,-0.261435,-0.128263,0.647399,-0.765792,-0.428124,0.639052,0.319668,-0.634348,0.277246,0.928848,-1.878631,-2.131594,1.497049,0.690097,-0.310304,-0.443627,0.766059,-0.316945,-0.786139,0.127353,0.551494
37.882107,-0.180756,-1.882092,2.199827,-1.048758,-1.147036,0.917397,0.574853,-0.188067,-0.113477,0.701477,-0.802993,-0.429126,0.647433,0.319317,-0.634669,0.276805,0.929610,-1.878940,-2.132393,1.497181,0.690637,-0.314000,-0.442264,0.766375,-0.316052,-0.789890,0.129542,0.546675
37.883053,-0.190032,-1.874166,2.195173,-1.050553,-1.141557,0.917600,0.575666,-0.093555,-0.118436,0.777135,-0.834416,-0.431619,0.657043,0.318864,-0.634967,0.276371,0.930370,-1.879254,-2.133169,1.497306,0.691165,-0.309214,-0.442257,0.763864,-0.315856,-0.788941,0.129130,0.542573
37.884013,-0.185263,-1.869909,2.185758,-1.052484,-1.138819,0.917376,0.576965,0.002200,-0.135087,0.856496,-0.858377,-0.435050,0.666278,0.318387,-0.635265,0.275924,0.931141,-1.879568,-2.133967,1.497436,0.691703,-0.304400,-0.442864,0.763651,-0.315173,-0.792170,0.128849,0.539932
37.884958,-0.181916,-1.861413,2.185112,-1.054402,-1.135335,0.917498,0.576962,0.083829,-0.155732,0.925503,-0.874785,-0.438834,0.673981,0.317956,-0.635577,0.275482,0.931901,-1.879884,-2.134765,1.497563,0.692225,-0.306549,-0.441691,0.766053,-0.314453,-0.792681,0.129023,0.536377
37.885946,-0.180270,-1.851878,2.177801,-1.056256,-1.134388,0.918102,0.578673,0.151797,-0.177954,0.984097,-0.885320,-0.442604,0.680240,0.317592,-0.635886,0.275038,0.932660,-1.880194,-2.135553,1.497690,0.692761,-0.307906,-0.442633,0.763912,-0.313756,-0.793978,0.128836,0.535390
37.887042,-0.190292,-1.844814,2.182307,-1.058558,-1.132532,0.918296,0.579413,0.211889,-0.200099,1.036767,-0.892387,-0.446137,0.685637,0.317297,-0.636198,0.274589,0.933417,-1.880501,-2.136348,1.497814,0.693287,-0.308518,-0.444098,0.765500,-0.313572,-0.792899,0.128212,0.531004
37.888076,-0.202616,-1.835622,2.180002,-1.063161,-1.132864,0.921621,0.581768,0.262952,-0.219140,1.082014,-0.896824,-0.449293,0.690191,0.317061,-0.636497,0.274144,0.934172,-1.880814,-2.137138,1.497937,0.693806,-0.303796,-0.444599,0.761888,-0.313801,-0.793465,0.128089,0.528771
37.888982,-0.201489,-1.830014,2.175661,-1.064923,-1.129995,0.923489,0.582851,0.298210,-0.231767,1.113676,-0.898475,-0.451971,0.693457,0.316867,-0.636783,0.273694,0.934936,-1.881123,-2.137929,1.498055,0.694319,-0.297905,-0.445982,0.761218,-0.311218,-0.791423,0.124791,0.523205
37.889947,-0.200290,-1.832896,2.174619,-1.066162,-1.129157,0.923681,0.583495,0.314020,-0.235620,1.128367,-0.898403,-0.454085,0.695335,0.316698,-0.637083,0.273247,0.935701,-1.881429,-2.138730,1.498176,0.694836,-0.298184,-0.445317,0.760617,-0.310441,-0.791754,0.122875,0.520072
37.891217,-0.198741,-1.832718,2.179812,-1.072367,-1.131170,0.921531,0.583531,0.317965,-0.237151,1.133591,-0.895537,-0.455991,0.696312,0.316546,-0.637381,0.272819,0.936449,-1.881740,-2.139516,1.498299,0.695347,-0.298669,-0.440734,0.758977,-0.310572,-0.790529,0.122680,0.517896
37.891966,-0.198277,-1.826448,2.176858,-1.069955,-1.126788,0.920531,0.583174,0.323730,-0.248655,1.142884,-0.886954,-0.458331,0.697050,0.316409,-0.637686,0.272383,0.937192,-1.882046,-2.140306,1.498428,0.695864,-0.300361,-0.438286,0.756441,-0.308633,-0.788237,0.125015,0.517281
37.893019,-0.203876,-1.816620,2.171153,-1.071809,-1.123357,0.921676,0.583024,0.339710,-0.275957,1.164096,-0.871805,-0.461438,0.697974,0.316274,-0.637983,0.271944,0.937942,-1.882355,-2.141105,1.498551,0.696372,-0.299692,-0.437752,0.754214,-0.310510,-0.789175,0.125814,0.516853
37.893980,-0.213181,-1.807488,2.171605,-1.073662,-1.128007,0.923665,0.581816,0.361682,-0.314574,1.192744,-0.850882,-0.465148,0.698835,0.316124,-0.638272,0.271505,0.938707,-1.882667,-2.141889,1.498673,0.696884,-0.297185,-0.439644,0.755371,-0.310788,-0.791109,0.124699,0.516357
37.895011,-0.214879,-1.795688,2.170042,-1.076801,-1.128106,0.924261,0.581530,0.377522,-0.354404,1.216786,-0.826148,-0.468949,0.698980,0.315960,-0.638556,0.271058,0.939452,-1.882974,-2.142669,1.498794,0.697408,-0.292552,-0.440877,0.752971,-0.310376,-0.784356,0.122683,0.517842
37.896073,-0.218573,-1.785739,2.169318,-1.078651,-1.128139,0.924112,0.580113,0.380909,-0.387493,1.229394,-0.800618,-0.472355,0.698251,0.315808,-0.638843,0.270615,0.940204,-1.883281,-2.143442,1.498912,0.697923,-0.291994,-0.443652,0.752032,-0.309301,-0.782785,0.122151,0.517558
37.897048,-0.213897,-1.779429,2.160720,-1.080385,-1.131106,0.922639,0.579732,0.373049,-0.410122,1.230783,-0.777108,-0.475016,0.696966,0.315714,-0.639132,0.270166,0.940948,-1.883593,-2.144219,1.499037,0.698452,-0.290491,-0.445468,0.750981,-0.309687,-0.781371,0.122346,0.519564
37.897978,-0.219573,-1.774801,2.156970,-1.081181,-1.133926,0.923400,0.578695,0.357018,-0.423152,1.223581,-0.755976,-0.476796,0.695293,0.315699,-0.639430,0.269716,0.941703,-1.883898,-2.144988,1.499162,0.698968,-0.292783,-0.445253,0.753145,-0.309547,-0.776549,0.123796,0.519395
37.899060,-0.228355,-1.770295,2.155500,-1.087013,-1.138440,0.925078,0.576480,0.335104,-0.431501,1.210466,-0.734757,-0.477789,0.693058,0.315731,-0.639710,0.269274,0.942459,-1.884208,-2.145743,1.499287,0.699491,-0.289873,-0.444216,0.752504,-0.309844,-0.771782,0.122951,0.520498
37.900085,-0.231613,-1.769839,2.147794,-1.088869,-1.142216,0.927579,0.575364,0.306246,-0.438803,1.191057,-0.711369,-0.478005,0.689895,0.315793,-0.639987,0.268828,0.943201,-1.884506,-2.146500,1.499407,0.700028,-0.286033,-0.443410,0.751975,-0.306726,-0.766190,0.121341,0.524088
37.900988,-0.235103,-1.761849,2.144227,-1.089712,-1.143571,0.926165,0.574010,0.268116,-0.446855,1.163593,-0.685029,-0.477394,0.685514,0.315892,-0.640270,0.268396,0.943964,-1.884819,-2.147245,1.499523,0.700550,-0.284712,-0.440598,0.753962,-0.306765,-0.761140,0.118898,0.525432
37.902006,-0.237013,-1.760647,2.144703,-1.093469,-1.148011,0.923307,0.575655,0.220994,-0.458024,1.128693,-0.654668,-0.476153,0.679895,0.316011,-0.640548,0.267951,0.944720,-1.885128,-2.147993,1.499650,0.701092,-0.282865,-0.441189,0.753026,-0.306773,-0.757759,0.120252,0.527048
37.903015,-0.234710,-1.750866,2.139378,-1.095787,-1.145610,0.920011,0.574844,0.169490,-0.474897,1.090702,-0.620061,-0.474648,0.673417,0.316097,-0.640830,0.267515,0.945464,-1.885426,-2.148736,1.499776,0.701599,-0.282198,-0.438679,0.751051,-0.305179,-0.751986,0.123121,0.522880
37.903920,-0.237475,-1.741134,2.137032,-1.098824,-1.144731,0.917111,0.574128,0.120335,-0.498531,1.055385,-0.583061,-0.473160,0.666703,0.316104,-0.641111,0.267076,0.946221,-1.885729,-2.149487,1.499913,0.702122,-0.283613,-0.440467,0.751789,-0.304824,-0.753020,0.126340,0.523656
37.905075,-0.238693,-1.732996,2.136521,-1.100297,-1.145508,0.917177,0.573026,0.076276,-0.524997,1.024217,-0.547381,-0.471679,0.660222,0.316044,-0.641391,0.266630,0.946963,-1.886027,-2.150237,1.500050,0.702656,-0.282091,-0.441892,0.750440,-0.302906,-0.751823,0.129087,0.524024
37.905954,-0.239917,-1.726304,2.131739,-1.099368,-1.144586,0.915410,0.573422,0.036826,-0.549752,0.995950,-0.515488,-0.470175,0.654147,0.315940,-0.641676,0.266189,0.947717,-1.886337,-2.150977,1.500177,0.703181,-0.282222,-0.443099,0.749825,-0.304601,-0.750599,0.129082,0.525512
37.906988,-0.244122,-1.722025,2.135754,-1.102888,-1.142598,0.914827,0.572713,0.001691,-0.573342,0.970574,-0.485807,-0.468936,0.648378,0.315778,-0.641952,0.265748,0.948473,-1.886649,-2.151721,1.500308,0.703705,-0.281445,-0.442995,0.749359,-0.306094,-0.749366,0.130725,0.523636
37.908070,-0.242973,-1.717830,2.125251,-1.106364,-1.143687,0.913989,0.570210,-0.028189,-0.598782,0.949580,-0.456156,-0.468248,0.642841,0.315563,-0.642231,0.265308,0.949208,-1.886950,-2.152480,1.500444,0.704232,-0.279702,-0.442032,0.745816,-0.304805,-0.750009,0.131246,0.524198
37.909030,-0.239710,-1.716585,2.123894,-1.106986,-1.140336,0.913817,0.567741,-0.052317,-0.627157,0.933652,-0.426769,-0.468087,0.637611,0.315355,-0.642511,0.264875,0.949968,-1.887255,-2.153232,1.500577,0.704761,-0.280819,-0.441214,0.749672,-0.303907,-0.747879,0.132085,0.528411
37.909915,-0.240143,-1.715324,2.112956,-1.105951,-1.136297,0.912910,0.568794,-0.070286,-0.659284,0.923333,-0.397820,-0.468373,0.632787,0.315232,-0.642795,0.264441,0.950708,-1.887566,-2.153977,1.500712,0.705308,-0.282504,-0.438638,0.748207,-0.304622,-0.749598,0.132152,0.532299
37.911082,-0.246261,-1.721030,2.110804,-1.111866,-1.136268,0.911153,0.569024,-0.081078,-0.698839,0.920247,-0.366856,-0.469270,0.628310,0.315188,-0.643079,0.264011,0.951463,-1.887872,-2.154733,1.500845,0.705825,-0.282030,-0.435973,0.750915,-0.306422,-0.751400,0.132921,0.529105
37.912023,-0.252168,-1.717997,2.109704,-1.116133,-1.135814,0.910743,0.568784,-0.087958,-0.748705,0.922208,-0.330936,-0.470899,0.623707,0.315158,-0.643351,0.263593,0.952221,-1.888172,-2.155477,1.500981,0.706359,-0.279873,-0.430545,0.751132,-0.303962,-0.751000,0.134735,0.527917
37.912906,-0.252823,-1.718116,2.110126,-1.117523,-1.131758,0.909952,0.567915,-0.094686,-0.807937,0.925783,-0.290596,-0.473083,0.618694,0.315092,-0.643623,0.263166,0.952959,-1.888472,-2.156225,1.501116,0.706888,-0.277036,-0.428961,0.749464,-0.301097,-0.749621,0.135013,0.527404
37.914019,-0.247297,-1.716344,2.110255,-1.120332,-1.131409,0.907992,0.568561,-0.099304,-0.874285,0.932259,-0.248479,-0.475630,0.613645,0.314970,-0.643898,0.262747,0.953703,-1.888766,-2.156975,1.501252,0.707413,-0.276597,-0.425716,0.746564,-0.300765,-0.751524,0.135638,0.528104
37.914976,-0.239421,-1.711094,2.102575,-1.122878,-1.128974,0.906987,0.569592,-0.094375,-0.948433,0.948291,-0.205540,-0.478659,0.609253,0.314781,-0.644186,0.262327,0.954451,-1.889066,-2.157729,1.501393,0.707936,-0.279934,-0.423922,0.745408,-0.300945,-0.751011,0.137587,0.526016
37.916018,-0.243560,-1.705215,2.104610,-1.126890,-1.127317,0.906938,0.571784,-0.072962,-1.029701,0.979792,-0.163051,-0.482242,0.606163,0.314529,-0.644477,0.261902,0.955196,-1.889363,-2.158487,1.501529,0.708458,-0.283821,-0.423483,0.747102,-0.300017,-0.751637,0.138473,0.522994
37.916960,-0.246454,-1.700396,2.098968,-1.127580,-1.129068,0.909561,0.571462,-0.035683,-1.111871,1.025144,-0.124018,-0.486079,0.604580,0.314239,-0.644754,0.261482,0.955940,-1.889661,-2.159232,1.501667,0.708961,-0.282117,-0.423589,0.744483,-0.298387,-0.752110,0.138455,0.517813
37.918111,-0.250664,-1.697326,2.100415,-1.134385,-1.131241,0.912256,0.572662,0.009901,-1.188486,1.076884,-0.089399,-0.489862,0.604070,0.313952,-0.645033,0.261059,0.956679,-1.889961,-2.159978,1.501798,0.709478,-0.280702,-0.422904,0.745134,-0.299153,-0.748524,0.135713,0.517557
37.918884,-0.251506,-1.694272,2.089540,-1.135409,-1.126880,0.912427,0.572700,0.055902,-1.256038,1.127851,-0.058336,-0.493447,0.604079,0.313714,-0.645311,0.260646,0.957425,-1.890250,-2.160725,1.501921,0.709983,-0.279389,-0.421906,0.743581,-0.295897,-0.745818,0.133133,0.514478
37.920019,-0.251980,-1.690013,2.090102,-1.139246,-1.129013,0.909921,0.574992,0.097591,-1.312913,1.173779,-0.030822,-0.496664,0.604346,0.313558,-0.645587,0.260227,0.958180,-1.890543,-2.161468,1.502052,0.710496,-0.278434,-0.420027,0.745454,-0.294935,-0.747442,0.132768,0.513290
37.920903,-0.248598,-1.689019,2.080184,-1.142145,-1.128632,0.908251,0.575570,0.132482,-1.359605,1.212709,-0.006029,-0.499471,0.604676,0.313481,-0.645869,0.259805,0.958915,-1.890836,-2.162209,1.502192,0.710996,-0.278900,-0.419496,0.744355,-0.294487,-0.744689,0.135298,0.508013
37.922029,-0.255961,-1.680422,2.079924,-1.146847,-1.132123,0.907320,0.575890,0.184519,-1.430609,1.273195,0.040128,-0.504199,0.605117,0.313434,-0.646421,0.258968,0.960402,-1.891412,-2.163673,1.502469,0.711994,-0.277474,-0.418512,0.745814,-0.291436,-0.739015,0.137705,0.504651
37.923080,-0.263394,-1.676839,2.070092,-1.151171,-1.132511,0.908089,0.577902,0.184519,-1.430609,1.273195,0.040128,-0.504199,0.605117,0.313434,-0.646421,0.258968,0.960402,-1.891412,-2.163673,1.502469,0.711994,-0.277474,-0.418512,0.745814,-0.291436,-0.739015,0.137705,0.504651
37.923986,-0.266438,-1.667326,2.057855,-1.151251,-1.134499,0.908648,0.578768,0.194275,-1.450990,1.287627,0.060727,-0.505815,0.604580,0.313421,-0.646691,0.258547,0.961156,-1.891693,-2.164414,1.502604,0.712484,-0.273854,-0.417185,0.748298,-0.288954,-0.736825,0.136782,0.499686
37.924988,-0.267016,-1.658569,2.050906,-1.154012,-1.135862,0.907644,0.580702,0.182451,-1.456008,1.281466,0.079251,-0.506654,0.602748,0.313392,-0.646956,0.258127,0.961917,-1.891981,-2.165125,1.502736,0.712974,-0.271890,-0.418535,0.750667,-0.289027,-0.732248,0.135975,0.496854
37.925989,-0.268304,-1.646102,2.044242,-1.155604,-1.138900,0.906279,0.582043,0.147479,-1.444664,1.253153,0.095673,-0.506757,0.599526,0.313346,-0.647229,0.257700,0.962663,-1.892262,-2.165849,1.502875,0.713460,-0.271359,-0.419558,0.751103,-0.287300,-0.728685,0.136767,0.491949
37.926918,-0.267269,-1.629779,2.038434,-1.155553,-1.139323,0.905771,0.579741,0.094926,-1.417476,1.207374,0.108720,-0.506249,0.595457,0.313318,-0.647496,0.257274,0.963420,-1.892548,-2.166565,1.503012,0.713935,-0.270515,-0.422464,0.751278,-0.286619,-0.723491,0.137910,0.488301
37.928003,-0.266702,-1.620193,2.030169,-1.157820,-1.139276,0.908104,0.581826,0.031203,-1.374393,1.149451,0.116778,-0.505277,0.591190,0.313361,-0.647767,0.256836,0.964166,-1.892838,-2.167277,1.503150,0.714433,-0.270582,-0.427032,0.750735,-0.286938,-0.720631,0.138140,0.491847
37.928954,-0.278405,-1.612451,2.026338,-1.164142,-1.133318,0.909415,0.581611,-0.038548,-1.316016,1.083718,0.119026,-0.504031,0.587205,0.313482,-0.648039,0.256398,0.964927,-1.893123,-2.167998,1.503279,0.714908,-0.270876,-0.428460,0.752190,-0.286240,-0.718925,0.135659,0.486696
37.929946,-0.281283,-1.608423,2.019756,-1.164864,-1.134104,0.909052,0.582242,-0.112758,-1.244330,1.011557,0.114646,-0.502497,0.583602,0.313650,-0.648289,0.255970,0.965686,-1.893392,-2.168716,1.503409,0.715391,-0.264823,-0.428871,0.750613,-0.280807,-0.722527,0.134145,0.486117
37.931032,-0.278518,-1.596520,2.017636,-1.167962,-1.130490,0.907738,0.582350,-0.192682,-1.163609,0.932430,0.104308,-0.500666,0.580100,0.313855,-0.648548,0.255542,0.966430,-1.893669,-2.169433,1.503542,0.715870,-0.263296,-0.427482,0.750875,-0.281199,-0.719480,0.134324,0.483839
37.931939,-0.274416,-1.587641,2.003995,-1.167886,-1.129587,0.906901,0.581047,-0.274188,-1.080941,0.851125,0.090600,-0.498893,0.576733,0.314094,-0.648813,0.255109,0.967180,-1.893946,-2.170146,1.503677,0.716347,-0.264799,-0.430200,0.749349,-0.279873,-0.721467,0.135490,0.482734
37.932932,-0.278468,-1.578803,1.997717,-1.168211,-1.125471,0.906024,0.580095,-0.350300,-1.000555,0.774353,0.074380,-0.497475,0.573945,0.314347,-0.649083,0.254675,0.967942,-1.894232,-2.170867,1.503814,0.716835,-0.266343,-0.431008,0.752456,-0.280144,-0.719675,0.136042,0.484251
37.933943,-0.288354,-1.567964,1.992456,-1.168752,-1.125342,0.908381,0.580632,-0.420882,-0.923714,0.702448,0.056803,-0.496509,0.571630,0.314582,-0.649342,0.254237,0.968688,-1.894513,-2.171596,1.503951,0.717318,-0.264152,-0.431930,0.752501,-0.280792,-0.721516,0.136692,0.485138
37.935018,-0.296545,-1.560446,1.986094,-1.174789,-1.123491,0.911378,0.577724,-0.492068,-0.850381,0.630305,0.040379,-0.496013,0.569102,0.314774,-0.649592,0.253806,0.969440,-1.894797,-2.172305,1.504081,0.717797,-0.259224,-0.433976,0.752092,-0.281289,-0.719595,0.134130,0.483052
37.935979,-0.296214,-1.551345,1.975589,-1.174117,-1.116043,0.912822,0.578481,-0.570321,-0.777627,0.551997,0.024817,-0.495743,0.565897,0.314952,-0.649839,0.253368,0.970190,-1.895066,-2.173028,1.504207,0.718298,-0.255416,-0.434372,0.752662,-0.277097,-0.719631,0.131015,0.487931
37.937004,-0.297270,-1.545328,1.974118,-1.174266,-1.112241,0.912699,0.576484,-0.657095,-0.703430,0.465873,0.008066,-0.495393,0.562069,0.315158,-0.650095,0.252933,0.970949,-1.895350,-2.173751,1.504332,0.718773,-0.255437,-0.435408,0.754516,-0.278488,-0.724720,0.129415,0.485329
37.937959,-0.295624,-1.538408,1.972047,-1.176555,-1.106230,0.911210,0.575263,-0.746422,-0.631708,0.377734,-0.008947,-0.495125,0.558016,0.315374,-0.650346,0.252500,0.971703,-1.895630,-2.174487,1.504459,0.719269,-0.254977,-0.435022,0.752245,-0.279562,-0.726269,0.129406,0.488344
37.938948,-0.304058,-1.539629,1.968102,-1.177742,-1.102368,0.912736,0.573260,-0.827320,-0.569478,0.298199,-0.024410,-0.495310,0.554380,0.315571,-0.650602,0.252061,0.972443,-1.895908,-2.175230,1.504592,0.719769,-0.255613,-0.434897,0.750055,-0.277993,-0.729657,0.130683,0.489653
37.940058,-0.306602,-1.534498,1.967217,-1.180422,-1.098838,0.912542,0.572877,-0.893058,-0.521997,0.233887,-0.037375,-0.496041,0.551453,0.315749,-0.650843,0.251639,0.973192,-1.896186,-2.175963,1.504715,0.720262,-0.251435,-0.430944,0.748912,-0.277848,-0.731132,0.128986,0.492622
37.940957,-0.312186,-1.529338,1.961333,-1.185019,-1.094669,0.913610,0.572709,-0.944462,-0.492083,0.184689,-0.045978,-0.497263,0.548907,0.315893,-0.651090,0.251208,0.973931,-1.896458,-2.176705,1.504844,0.720756,-0.250562,-0.430323,0.747068,-0.277252,-0.732812,0.129091,0.492402
37.941947,-0.307955,-1.525084,1.955045,-1.186767,-1.094386,0.912877,0.570714,-0.983823,-0.477291,0.148313,-0.051396,-0.498636,0.546625,0.315982,-0.651333,0.250777,0.974679,-1.896723,-2.177446,1.504970,0.721243,-0.247541,-0.429320,0.746373,-0.273225,-0.734078,0.127789,0.491619
37.943062,-0.307781,-1.516437,1.951521,-1.187727,-1.094282,0.912236,0.569219,-1.011707,-0.472857,0.123393,-0.057024,-0.499717,0.544846,0.316018,-0.651582,0.250354,0.975431,-1.896996,-2.178169,1.505099,0.721743,-0.249697,-0.428120,0.746372,-0.272662,-0.732073,0.128363,0.494562
37.944064,-0.311237,-1.512400,1.947422,-1.188473,-1.096360,0.914493,0.567076,-1.026522,-0.477013,0.111015,-0.063324,-0.500452,0.543795,0.316026,-0.651832,0.249921,0.976169,-1.897268,-2.178900,1.505227,0.722261,-0.250131,-0.429244,0.745881,-0.273861,-0.730463,0.128902,0.496503
37.944994,-0.313332,-1.503015,1.939793,-1.190843,-1.096829,0.916527,0.566330,-1.028837,-0.488859,0.110736,-0.068363,-0.501036,0.543402,0.316022,-0.652075,0.249499,0.976914,-1.897542,-2.179617,1.505351,0.722759,-0.248471,-0.427943,0.744934,-0.274309,-0.726214,0.126476,0.499735
37.945956,-0.320849,-1.498751,1.934457,-1.192475,-1.089680,0.918728,0.566382,-1.023136,-0.505408,0.118380,-0.071400,-0.501529,0.543409,0.316000,-0.652321,0.249068,0.977660,-1.897813,-2.180340,1.505473,0.723260,-0.247285,-0.429135,0.745319,-0.272648,-0.723202,0.124271,0.500058
37.946926,-0.325710,-1.494951,1.929807,-1.200196,-1.093971,0.919861,0.563569,-1.015552,-0.521745,0.127922,-0.073733,-0.501749,0.543574,0.315951,-0.652559,0.248638,0.978397,-1.898081,-2.181076,1.505590,0.723751,-0.243529,-0.427788,0.744834,-0.272062,-0.727888,0.121940,0.498864
37.947938,-0.326427,-1.489397,1.924782,-1.203039,-1.091545,0.919211,0.562249,-1.010433,-0.534340,0.134974,-0.077528,-0.501446,0.543759,0.315908,-0.652795,0.248216,0.979139,-1.898334,-2.181782,1.505711,0.724264,-0.241204,-0.426339,0.744008,-0.265747,-0.721293,0.120678,0.503389
37.948976,-0.327735,-1.482395,1.932295,-1.205810,-1.094609,0.919995,0.562928,-1.006826,-0.542111,0.139976,-0.085361,-0.500510,0.544179,0.315915,-0.653037,0.247789,0.979874,-1.898596,-2.182506,1.505832,0.724780,-0.241013,-0.425790,0.743700,-0.264510,-0.721621,0.121224,0.504873
37.949979,-0.318062,-1.476159,1.931827,-1.206420,-1.092199,0.919665,0.562982,-0.997837,-0.547433,0.149217,-0.097584,-0.499216,0.545356,0.315941,-0.653278,0.247365,0.980602,-1.898855,-2.183211,1.505948,0.725277,-0.240581,-0.426050,0.737308,-0.263592,-0.716665,0.120355,0.502450
37.950947,-0.316588,-1.476035,1.933775,-1.208893,-1.093202,0.923064,0.562875,-0.971045,-0.556420,0.174507,-0.112450,-0.498112,0.548075,0.315913,-0.653530,0.246939,0.981339,-1.899123,-2.183931,1.506070,0.725776,-0.245461,-0.425817,0.734673,-0.264358,-0.716957,0.120562,0.501287
37.952053,-0.322481,-1.471062,1.927042,-1.212127,-1.094503,0.924819,0.561022,-0.915840,-0.575917,0.226082,-0.127856,-0.497611,0.552898,0.315787,-0.653781,0.246516,0.982058,-1.899382,-2.184641,1.506179,0.726278,-0.246061,-0.422494,0.730809,-0.263189,-0.713680,0.117057,0.500392
37.952936,-0.328154,-1.458021,1.922626,-1.215729,-1.093282,0.926945,0.563835,-0.835860,-0.607501,0.301017,-0.141721,-0.497686,0.559357,0.315575,-0.654016,0.246100,0.982795,-1.899643,-2.185340,1.506290,0.726783,-0.243589,-0.421968,0.731937,-0.262281,-0.710944,0.115316,0.503137
37.953945,-0.329751,-1.451785,1.913912,-1.216741,-1.095918,0.925305,0.563831,-0.748253,-0.642010,0.383018,-0.155087,-0.497707,0.566396,0.315317,-0.654252,0.245671,0.983515,-1.899895,-2.186041,1.506402,0.727268,-0.240573,-0.424934,0.730717,-0.259461,-0.709600,0.113045,0.496289
37.955086,-0.330406,-1.442112,1.914142,-1.218504,-1.099885,0.924706,0.563207,-0.600804,-0.685922,0.519220,-0.185901,-0.495830,0.579556,0.314764,-0.654734,0.244817,0.984979,-1.900418,-2.187433,1.506631,0.728256,-0.240163,-0.426436,0.730132,-0.260858,-0.699830,0.115226,0.495658
37.955959,-0.326458,-1.430238,1.910126,-1.221527,-1.099781,0.924236,0.563032,-0.600804,-0.685922,0.519220,-0.185901,-0.495830,0.579556,0.314764,-0.654734,0.244817,0.984979,-1.900418,-2.187433,1.506631,0.728256,-0.240163,-0.426436,0.730132,-0.260858,-0.699830,0.115226,0.495658
37.956936,-0.333413,-1.422389,1.908286,-1.222583,-1.099220,0.924904,0.561827,-0.541229,-0.695566,0.573249,-0.201657,-0.494261,0.585573,0.314519,-0.654980,0.244383,0.985697,-1.900670,-2.188131,1.506750,0.728748,-0.241831,-0.428720,0.728708,-0.258562,-0.697363,0.115505,0.494833
37.957939,-0.341273,-1.410497,1.900456,-1.225421,-1.097983,0.925488,0.562801,-0.485753,-0.697716,0.622326,-0.219084,-0.492368,0.591608,0.314294,-0.655209,0.243957,0.986420,-1.900930,-2.188818,1.506864,0.729240,-0.238486,-0.429238,0.726736,-0.258878,-0.695961,0.114723,0.496201
37.958946,-0.344972,-1.404507,1.895924,-1.232390,-1.098757,0.927413,0.562708,-0.440201,-0.690782,0.661137,-0.237760,-0.490085,0.597075,0.314070,-0.655437,0.243520,0.987146,-1.901186,-2.189525,1.506975,0.729732,-0.234835,-0.431730,0.727917,-0.257659,-0.695169,0.114081,0.493168
37.959957,-0.350402,-1.399894,1.894293,-1.235058,-1.095246,0.928794,0.564076,-0.411877,-0.671881,0.682826,-0.258482,-0.487189,0.601382,0.313860,-0.655669,0.243086,0.987874,-1.901426,-2.190208,1.507078,0.730216,-0.233257,-0.431275,0.727395,-0.252726,-0.692592,0.112128,0.492373
37.961063,-0.351443,-1.388192,1.893367,-1.240680,-1.094571,0.927244,0.564089,-0.398882,-0.643080,0.689067,-0.282491,-0.483612,0.604641,0.313669,-0.655892,0.242663,0.988603,-1.901676,-2.190892,1.507189,0.730700,-0.230899,-0.430280,0.725446,-0.251934,-0.694387,0.110696,0.488606
37.962057,-0.348991,-1.384098,1.887110,-1.241236,-1.094368,0.925227,0.562555,-0.394766,-0.609389,0.686096,-0.309314,-0.479576,0.607253,0.313492,-0.656126,0.242224,0.989317,-1.901915,-2.191586,1.507306,0.731190,-0.230922,-0.432857,0.723913,-0.249158,-0.693651,0.112235,0.487672
37.962958,-0.347573,-1.380933,1.879906,-1.243440,-1.094388,0.923817,0.563762,-0.393668,-0.574699,0.679627,-0.337701,-0.475424,0.609573,0.313340,-0.656359,0.241799,0.990044,-1.902168,-2.192273,1.507421,0.731679,-0.232362,-0.431531,0.724228,-0.250302,-0.691955,0.114162,0.489735
37.964117,-0.351785,-1.370867,1.878397,-1.246201,-1.090468,0.923183,0.564313,-0.390800,-0.545615,0.674925,-0.363997,-0.471698,0.611623,0.313204,-0.656592,0.241369,0.990772,-1.902416,-2.192950,1.507541,0.732162,-0.232972,-0.429541,0.724431,-0.249107,-0.689685,0.115387,0.486170
37.964966,-0.357483,-1.368235,1.878830,-1.249541,-1.090794,0.924714,0.565495,-0.385150,-0.525903,0.673497,-0.385524,-0.468745,0.613231,0.313070,-0.656823,0.240930,0.991489,-1.902665,-2.193653,1.507657,0.732638,-0.231561,-0.431387,0.723449,-0.249402,-0.692445,0.116016,0.484250
37.966002,-0.356552,-1.357194,1.873593,-1.255885,-1.088439,0.923253,0.566741,-0.377768,-0.514526,0.674325,-0.402526,-0.466572,0.614377,0.312940,-0.657044,0.240507,0.992204,-1.902905,-2.194336,1.507766,0.733110,-0.228609,-0.429091,0.719650,-0.246866,-0.689487,0.114312,0.480767
37.967096,-0.353539,-1.356543,1.872345,-1.260138,-1.081952,0.923747,0.566180,-0.367830,-0.509284,0.677782,-0.417540,-0.465000,0.615364,0.312828,-0.657276,0.240068,0.992919,-1.903138,-2.195032,1.507886,0.733582,-0.229438,-0.431222,0.719873,-0.242949,-0.690115,0.115705,0.477347
37.968052,-0.354768,-1.348062,1.868899,-1.263271,-1.079516,0.923808,0.565830,-0.351859,-0.508203,0.686464,-0.434127,-0.463767,0.616738,0.312748,-0.657509,0.239646,0.993639,-1.903376,-2.195726,1.508003,0.734054,-0.231449,-0.428369,0.718321,-0.241514,-0.695196,0.115147,0.477628
37.968979,-0.358144,-1.346462,1.865835,-1.267841,-1.076097,0.923304,0.567153,-0.326055,-0.512379,0.703836,-0.452815,-0.462847,0.618808,0.312695,-0.657739,0.239216,0.994360,-1.903616,-2.196424,1.508117,0.734535,-0.230934,-0.429168,0.717068,-0.240046,-0.695402,0.114981,0.477284
37.969970,-0.365407,-1.343598,1.855293,-1.270005,-1.077539,0.925979,0.567927,-0.291405,-0.522286,0.729269,-0.472451,-0.462242,0.621401,0.312631,-0.657964,0.238791,0.995066,-1.903844,-2.197124,1.508232,0.735004,-0.229314,-0.426477,0.715619,-0.237200,-0.696481,0.115356,0.473587
37.971035,-0.368987,-1.342901,1.851628,-1.274856,-1.074810,0.927463,0.568039,-0.255476,-0.536673,0.756289,-0.490971,-0.461867,0.623800,0.312517,-0.658184,0.238372,0.995791,-1.904083,-2.197803,1.508336,0.735464,-0.226018,-0.424639,0.718112,-0.237014,-0.693177,0.112623,0.471130
37.972070,-0.372443,-1.337959,1.853691,-1.276327,-1.075860,0.926852,0.567375,-0.226704,-0.554716,0.777845,-0.505647,-0.461685,0.625240,0.312358,-0.658405,0.237954,0.996500,-1.904312,-2.198499,1.508446,0.735933,-0.224791,-0.421851,0.717716,-0.234921,-0.694328,0.111128,0.470027
37.972980,-0.370308,-1.332791,1.849412,-1.279005,-1.076045,0.926500,0.565340,-0.204933,-0.577486,0.794606,-0.515116,-0.461781,0.625742,0.312186,-0.658631,0.237531,0.997210,-1.904551,-2.199196,1.508557,0.736400,-0.223472,-0.421096,0.714274,-0.235776,-0.691460,0.111713,0.470461
37.973943,-0.372756,-1.326307,1.846666,-1.284402,-1.072900,0.925276,0.564492,-0.183399,-0.606845,0.813024,-0.519323,-0.462341,0.625924,0.312015,-0.658857,0.237116,0.997929,-1.904784,-2.199874,1.508671,0.736890,-0.224586,-0.420311,0.713210,-0.234554,-0.689067,0.111928,0.473436
37.975047,-0.375089,-1.324692,1.844282,-1.289342,-1.074642,0.926461,0.563129,-0.157834,-0.640732,0.836466,-0.520916,-0.463202,0.626383,0.311862,-0.659081,0.236693,0.998632,-1.905005,-2.200567,1.508784,0.737365,-0.223556,-0.420187,0.711844,-0.231318,-0.690155,0.113062,0.474103
37.976045,-0.383737,-1.318237,1.842548,-1.291072,-1.070920,0.927606,0.563122,-0.127976,-0.675467,0.864337,-0.523276,-0.463978,0.627370,0.311736,-0.659301,0.236281,0.999346,-1.905231,-2.201243,1.508890,0.737849,-0.223071,-0.417981,0.711026,-0.229539,-0.687147,0.111881,0.475924
37.976921,-0.386278,-1.315237,1.835303,-1.294921,-1.072646,0.930041,0.562105,-0.096981,-0.709320,0.893592,-0.526333,-0.464539,0.628606,0.311612,-0.659514,0.235863,1.000046,-1.905464,-2.201935,1.508997,0.738318,-0.219160,-0.417975,0.709405,-0.229996,-0.689010,0.110691,0.474958
37.978054,-0.387412,-1.308908,1.830134,-1.298201,-1.068563,0.930698,0.559472,-0.070059,-0.740656,0.919592,-0.528653,-0.464860,0.629618,0.311445,-0.659731,0.235447,1.000758,-1.905686,-2.202612,1.509097,0.738788,-0.217953,-0.416013,0.709700,-0.227605,-0.684846,0.108166,0.475942
37.979047,-0.388324,-1.308366,1.828376,-1.300608,-1.073695,0.933299,0.558550,-0.049610,-0.767708,0.940000,-0.530340,-0.464850,0.630277,0.311229,-0.659948,0.235032,1.001474,-1.905913,-2.203298,1.509203,0.739278,-0.218205,-0.416223,0.710406,-0.227690,-0.687824,0.107569,0.480331
37.979930,-0.387992,-1.301416,1.823712,-1.303193,-1.074816,0.934592,0.557863,-0.033026,-0.791788,0.957298,-0.530850,-0.464627,0.630759,0.310997,-0.660166,0.234623,1.002172,-1.906137,-2.203967,1.509303,0.739765,-0.218117,-0.413312,0.708780,-0.227636,-0.680888,0.104946,0.481111
37.981067,-0.392119,-1.295486,1.826935,-1.308766,-1.077214,0.935597,0.557649,-0.015308,-0.816133,0.976396,-0.529012,-0.464493,0.631358,0.310764,-0.660386,0.234211,1.002880,-1.906366,-2.204631,1.509404,0.740240,-0.218303,-0.413440,0.707851,-0.226384,-0.677594,0.103593,0.481396
37.982090,-0.393690,-1.289287,1.820412,-1.312018,-1.076819,0.936678,0.555434,0.007079,-0.840482,1.000259,-0.526192,-0.464510,0.632488,0.310533,-0.660598,0.233794,1.003584,-1.906586,-2.205298,1.509503,0.740726,-0.217095,-0.413416,0.704511,-0.224364,-0.674230,0.102679,0.480923
37.983017,-0.397457,-1.289092,1.818884,-1.312236,-1.079487,0.936738,0.552733,0.033786,-0.862041,1.028034,-0.524403,-0.464593,0.634354,0.310310,-0.660813,0.233376,1.004287,-1.906805,-2.205974,1.509601,0.741208,-0.216820,-0.413303,0.705440,-0.223825,-0.673023,0.101623,0.484413
37.983948,-0.404115,-1.277134,1.813292,-1.315955,-1.077639,0.935565,0.551816,0.062021,-0.881658,1.057464,-0.521802,-0.464975,0.636645,0.310094,-0.661026,0.232972,1.004994,-1.907032,-2.206632,1.509701,0.741706,-0.215152,-0.410156,0.703192,-0.225371,-0.668386,0.101528,0.488687
37.985002,-0.403988,-1.267147,1.810284,-1.318115,-1.073078,0.933678,0.550852,0.087342,-0.900144,1.084869,-0.515901,-0.465954,0.638869,0.309883,-0.661231,0.232551,1.005688,-1.907249,-2.207304,1.509808,0.742201,-0.212154,-0.412793,0.703204,-0.223658,-0.668238,0.102630,0.489370
37.986109,-0.399356,-1.261724,1.811888,-1.321441,-1.071090,0.932999,0.551176,0.104706,-0.912170,1.104888,-0.508730,-0.467378,0.640866,0.309674,-0.661449,0.232134,1.006389,-1.907474,-2.207972,1.509918,0.742687,-0.212811,-0.414636,0.702528,-0.224304,-0.671439,0.104496,0.490328
37.986983,-0.397715,-1.254127,1.806626,-1.324862,-1.067618,0.932676,0.548543,0.117870,-0.916346,1.120292,-0.502756,-0.469181,0.643017,0.309433,-0.661667,0.231719,1.007087,-1.907698,-2.208650,1.510027,0.743177,-0.215870,-0.414305,0.699903,-0.224185,-0.672174,0.105176,0.488722
37.987980,-0.403542,-1.242529,1.807835,-1.326241,-1.067298,0.933183,0.547146,0.136612,-0.917378,1.139958,-0.498836,-0.471493,0.645858,0.309137,-0.661889,0.231298,1.007791,-1.907915,-2.209328,1.510133,0.743681,-0.216627,-0.414605,0.699284,-0.222332,-0.673260,0.105379,0.492835
37.988968,-0.409863,-1.228956,1.802700,-1.330314,-1.060810,0.933142,0.546116,0.162252,-0.915863,1.164885,-0.497689,-0.474187,0.649370,0.308802,-0.662097,0.230880,1.008477,-1.908142,-2.209992,1.510235,0.744174,-0.214186,-0.417180,0.696340,-0.223280,-0.671916,0.104856,0.494558
37.990092,-0.416598,-1.220299,1.807277,-1.333816,-1.063631,0.933322,0.546402,0.186830,-0.906800,1.187343,-0.499963,-0.476864,0.653035,0.308459,-0.662304,0.230448,1.009166,-1.908359,-2.210678,1.510337,0.744674,-0.211509,-0.420535,0.696529,-0.221637,-0.676559,0.104881,0.495521
37.991034,-0.417087,-1.204937,1.796614,-1.334328,-1.061168,0.934731,0.546584,0.203257,-0.886073,1.200559,-0.506198,-0.479112,0.656452,0.308136,-0.662511,0.230022,1.009855,-1.908581,-2.211351,1.510440,0.745162,-0.209045,-0.421713,0.692594,-0.221562,-0.672557,0.104756,0.494013
37.992012,-0.414253,-1.195294,1.795985,-1.337323,-1.061753,0.934619,0.545752,0.209296,-0.853748,1.202750,-0.515372,-0.480824,0.659487,0.307853,-0.662719,0.229590,1.010558,-1.908807,-2.212021,1.510540,0.745655,-0.209165,-0.425911,0.695141,-0.222957,-0.673094,0.103300,0.492550
37.992988,-0.417888,-1.186429,1.794301,-1.336474,-1.057682,0.933673,0.545426,0.206413,-0.811340,1.195540,-0.526568,-0.482028,0.662285,0.307619,-0.662933,0.229161,1.011240,-1.909031,-2.212690,1.510645,0.746151,-0.210967,-0.427284,0.693015,-0.222156,-0.670701,0.103384,0.493155
37.994021,-0.422784,-1.187351,1.791181,-1.340774,-1.057585,0.932451,0.546990,0.200059,-0.764004,1.184472,-0.538166,-0.482958,0.665086,0.307415,-0.663139,0.228732,1.011928,-1.909260,-2.213364,1.510749,0.746640,-0.209593,-0.428297,0.691398,-0.225125,-0.672980,0.104301,0.492747
37.995014,-0.426753,-1.183811,1.783864,-1.343747,-1.053440,0.931715,0.548415,0.193284,-0.720079,1.173517,-0.546075,-0.484047,0.667597,0.307208,-0.663342,0.228314,1.012622,-1.909482,-2.214038,1.510857,0.747123,-0.207807,-0.424596,0.690767,-0.223487,-0.671480,0.105497,0.488603
37.995909,-0.428553,-1.179998,1.780247,-1.348175,-1.047451,0.931427,0.549686,0.184395,-0.685426,1.162030,-0.547558,-0.485511,0.669224,0.306984,-0.663549,0.227892,1.013311,-1.909702,-2.214721,1.510963,0.747596,-0.206332,-0.423078,0.692071,-0.222962,-0.673817,0.106185,0.484784
37.996954,-0.439222,-1.170073,1.783181,-1.351191,-1.044037,0.931711,0.550201,0.172325,-0.661199,1.149005,-0.543664,-0.487236,0.669789,0.306741,-0.663750,0.227476,1.014000,-1.909916,-2.215398,1.511072,0.748073,-0.205718,-0.421583,0.690886,-0.220317,-0.677540,0.106354,0.481165
37.997942,-0.437458,-1.166587,1.775375,-1.352407,-1.041442,0.932260,0.549780,0.157620,-0.645024,1.134311,-0.537268,-0.488987,0.669520,0.306489,-0.663943,0.227048,1.014673,-1.910133,-2.216085,1.511175,0.748549,-0.201176,-0.423289,0.687518,-0.220236,-0.679302,0.106075,0.479214
37.998950,-0.436167,-1.155431,1.776641,-1.357084,-1.041706,0.932055,0.551340,0.140416,-0.634852,1.117802,-0.529267,-0.490713,0.668546,0.306246,-0.664149,0.226632,1.015365,-1.910357,-2.216759,1.511277,0.749022,-0.202620,-0.421754,0.689024,-0.221334,-0.680108,0.105504,0.479095
38.000074,-0.437853,-1.145815,1.773947,-1.357857,-1.039132,0.933429,0.553529,0.124423,-0.630427,1.102795,-0.520289,-0.492452,0.667222,0.306025,-0.664355,0.226204,1.016050,-1.910577,-2.217434,1.511387,0.749488,-0.203825,-0.424017,0.686102,-0.219186,-0.678124,0.105659,0.475003
38.000967,-0.445133,-1.135949,1.768371,-1.362006,-1.039635,0.935531,0.554342,0.114853,-0.630154,1.093628,-0.512457,-0.494117,0.666147,0.305819,-0.664558,0.225773,1.016731,-1.910802,-2.218121,1.511489,0.749942,-0.203914,-0.425634,0.685967,-0.221773,-0.679499,0.104336,0.469839
38.001899,-0.447013,-1.132477,1.772354,-1.362989,-1.041634,0.938710,0.554698,0.108866,-0.629782,1.087290,-0.506793,-0.495489,0.665298,0.305631,-0.664749,0.225349,1.017419,-1.911021,-2.218792,1.511585,0.750404,-0.200637,-0.427057,0.685804,-0.219256,-0.676729,0.102179,0.467217
38.003109,-0.454854,-1.128560,1.768705,-1.371376,-1.042240,0.938614,0.554178,0.103625,-0.628154,1.081222,-0.502946,-0.496464,0.664533,0.305472,-0.664947,0.224927,1.018088,-1.911243,-2.219460,1.511678,0.750866,-0.200151,-0.425347,0.681260,-0.220226,-0.672717,0.098992,0.465532
38.003984,-0.453761,-1.127824,1.766689,-1.371240,-1.040389,0.936103,0.555996,0.101355,-0.628291,1.077881,-0.500244,-0.497095,0.664045,0.305338,-0.665143,0.224503,1.018771,-1.911452,-2.220136,1.511778,0.751326,-0.197498,-0.424361,0.682122,-0.216180,-0.671452,0.099250,0.465870
38.004993,-0.457764,-1.117960,1.766580,-1.373939,-1.044277,0.932777,0.557429,0.102512,-0.632956,1.078157,-0.497776,-0.497414,0.663837,0.305207,-0.665342,0.224089,1.019452,-1.911673,-2.220802,1.511885,0.751783,-0.198326,-0.421293,0.680117,-0.217851,-0.671037,0.101664,0.461166
38.005930,-0.460011,-1.120913,1.767650,-1.378602,-1.045540,0.931961,0.557784,0.107952,-0.644557,1.083327,-0.493556,-0.497625,0.663802,0.305048,-0.665535,0.223664,1.020118,-1.911887,-2.221459,1.512001,0.752234,-0.197024,-0.422952,0.678159,-0.217851,-0.665590,0.104911,0.457438
38.007016,-0.466642,-1.117716,1.766399,-1.381635,-1.045571,0.933682,0.559370,0.120048,-0.664422,1.095704,-0.486794,-0.497903,0.663942,0.304868,-0.665727,0.223261,1.020788,-1.912099,-2.222109,1.512107,0.752682,-0.196415,-0.418236,0.675132,-0.215357,-0.662548,0.105626,0.455822
38.007956,-0.473958,-1.110764,1.752424,-1.382476,-1.049143,0.934939,0.559299,0.139650,-0.693532,1.116073,-0.477723,-0.498244,0.664133,0.304698,-0.665918,0.222849,1.021458,-1.912314,-2.222769,1.512207,0.753130,-0.194065,-0.416840,0.674176,-0.215604,-0.661385,0.103935,0.451842
38.009005,-0.479971,-1.104535,1.750632,-1.386371,-1.052169,0.935023,0.558774,0.158186,-0.728045,1.136497,-0.465640,-0.498489,0.663661,0.304550,-0.666105,0.222428,1.022143,-1.912533,-2.223418,1.512307,0.753571,-0.190983,-0.416948,0.678574,-0.216843,-0.656001,0.102644,0.451122
38.010059,-0.483373,-1.091402,1.746242,-1.390550,-1.054632,0.934054,0.558750,0.162939,-0.759628,1.144769,-0.450717,-0.498348,0.661807,0.304437,-0.666288,0.222015,1.022823,-1.912746,-2.224054,1.512411,0.754021,-0.188949,-0.416959,0.677471,-0.215961,-0.651890,0.102578,0.451354
38.011079,-0.481428,-1.079051,1.744416,-1.394260,-1.053750,0.931270,0.559472,0.151254,-0.781960,1.137505,-0.435929,-0.497562,0.658844,0.304384,-0.666474,0.221587,1.023494,-1.912957,-2.224692,1.512518,0.754471,-0.188198,-0.420280,0.677873,-0.214900,-0.648341,0.103550,0.450564
38.011984,-0.483444,-1.070893,1.741416,-1.394891,-1.056038,0.929504,0.560186,0.128032,-0.790278,1.118067,-0.425981,-0.495911,0.655706,0.304403,-0.666665,0.221164,1.024171,-1.913168,-2.225326,1.512630,0.754917,-0.189968,-0.423188,0.676695,-0.214046,-0.648041,0.106288,0.448265
38.012956,-0.487650,-1.069890,1.740493,-1.396888,-1.058923,0.929826,0.560665,0.100191,-0.784733,1.092483,-0.422361,-0.493498,0.653093,0.304438,-0.666855,0.220738,1.024851,-1.913385,-2.225962,1.512743,0.755356,-0.189386,-0.423722,0.675404,-0.215259,-0.643885,0.107909,0.445920
38.013988,-0.492862,-1.071565,1.738119,-1.402518,-1.059631,0.930569,0.558629,0.073120,-0.772456,1.066706,-0.421039,-0.490887,0.650989,0.304402,-0.667039,0.220319,1.025516,-1.913598,-2.226593,1.512851,0.755796,-0.187982,-0.420882,0.673636,-0.215693,-0.639571,0.107505,0.444107
38.014969,-0.495344,-1.067273,1.733192,-1.406547,-1.057576,0.930799,0.558386,0.049774,-0.762290,1.044720,-0.417331,-0.488591,0.649034,0.304277,-0.667221,0.219908,1.026193,-1.913804,-2.227217,1.512959,0.756241,-0.186295,-0.416934,0.672833,-0.213102,-0.637823,0.106730,0.447403
38.016075,-0.500704,-1.065545,1.729812,-1.411187,-1.058514,0.930165,0.557608,0.030892,-0.758101,1.027611,-0.410431,-0.486657,0.647053,0.304121,-0.667406,0.219491,1.026858,-1.914010,-2.227855,1.513065,0.756693,-0.185801,-0.415832,0.673144,-0.211771,-0.638445,0.106454,0.446952
38.017093,-0.501567,-1.060361,1.727737,-1.413476,-1.061113,0.927165,0.556714,0.014364,-0.758745,1.013268,-0.401216,-0.484921,0.644934,0.303994,-0.667591,0.219081,1.027536,-1.914218,-2.228493,1.513170,0.757138,-0.184223,-0.413728,0.673255,-0.210732,-0.636652,0.107131,0.447764
38.018012,-0.501849,-1.050347,1.724041,-1.416651,-1.060818,0.926311,0.555406,-0.001107,-0.763575,1.000495,-0.389169,-0.483416,0.642558,0.303937,-0.667773,0.218664,1.028211,-1.914432,-2.229107,1.513288,0.757588,-0.184684,-0.413132,0.672215,-0.211232,-0.633001,0.110057,0.448693
38.019028,-0.497677,-1.038711,1.723804,-1.421250,-1.062032,0.925642,0.554270,-0.013979,-0.771706,0.990494,-0.374387,-0.482225,0.640064,0.303970,-0.667958,0.218240,1.028879,-1.914640,-2.229736,1.513400,0.758044,-0.185085,-0.414694,0.671507,-0.210189,-0.631653,0.110774,0.450345
38.020090,-0.501553,-1.027595,1.712382,-1.422582,-1.065531,0.929412,0.553513,-0.020547,-0.779381,0.985778,-0.360165,-0.481213,0.638045,0.304075,-0.668148,0.217820,1.029551,-1.914845,-2.230351,1.513512,0.758496,-0.187976,-0.417278,0.669572,-0.208548,-0.629368,0.111373,0.451748
38.020925,-0.507751,-1.016426,1.704561,-1.425074,-1.065893,0.930826,0.554406,-0.021385,-0.781567,0.985017,-0.349045,-0.480231,0.636795,0.304197,-0.668334,0.217391,1.030225,-1.915054,-2.230974,1.513614,0.758953,-0.186962,-0.419573,0.673555,-0.210472,-0.624952,0.107585,0.452409
38.022065,-0.521318,-1.010981,1.706267,-1.430319,-1.065059,0.929730,0.553815,-0.026715,-0.772955,0.978628,-0.340081,-0.479212,0.635706,0.304277,-0.668513,0.216961,1.030902,-1.915262,-2.231596,1.513719,0.759398,-0.184216,-0.421466,0.674252,-0.209462,-0.622576,0.106064,0.449579
38.022939,-0.525990,-1.002158,1.701854,-1.432506,-1.061339,0.926187,0.552337,-0.045772,-0.751354,0.958336,-0.331876,-0.478112,0.634123,0.304304,-0.668677,0.216540,1.031574,-1.915469,-2.232224,1.513831,0.759845,-0.178866,-0.421131,0.672070,-0.208094,-0.622874,0.107199,0.450060
38.023914,-0.517565,-0.995767,1.701336,-1.435918,-1.061025,0.923037,0.551055,-0.079499,-0.719559,0.923854,-0.323570,-0.477027,0.631876,0.304314,-0.668851,0.216114,1.032236,-1.915674,-2.232844,1.513952,0.760304,-0.176751,-0.421782,0.670828,-0.206945,-0.624196,0.110481,0.451846
38.024958,-0.512377,-0.993838,1.696039,-1.439793,-1.059133,0.920311,0.548654,-0.118143,-0.684134,0.884759,-0.315392,-0.476268,0.629557,0.304331,-0.669038,0.215695,1.032905,-1.915876,-2.233460,1.514073,0.760751,-0.181150,-0.421329,0.667713,-0.204894,-0.622228,0.113355,0.453263
38.025911,-0.518130,-0.989843,1.692844,-1.439921,-1.054265,0.922064,0.547905,-0.144472,-0.654513,0.857383,-0.308344,-0.476285,0.628241,0.304348,-0.669231,0.215278,1.033576,-1.916077,-2.234084,1.514192,0.761217,-0.183951,-0.418755,0.667328,-0.202867,-0.622093,0.115842,0.456913
38.027058,-0.520260,-0.984600,1.688388,-1.443645,-1.049917,0.922800,0.546675,-0.151549,-0.637551,0.848715,-0.301146,-0.477368,0.628069,0.304371,-0.669409,0.214860,1.034232,-1.916285,-2.234719,1.514302,0.761674,-0.181199,-0.417111,0.665599,-0.203863,-0.624463,0.113824,0.457181
38.027906,-0.517487,-0.976165,1.677552,-1.444229,-1.049439,0.924221,0.545232,-0.145253,-0.633586,0.853773,-0.291683,-0.479441,0.628326,0.304398,-0.669587,0.214448,1.034898,-1.916486,-2.235347,1.514416,0.762141,-0.180808,-0.416437,0.665337,-0.202605,-0.627142,0.112946,0.458546
38.028911,-0.517801,-0.967254,1.675306,-1.446038,-1.048791,0.923776,0.543760,-0.132126,-0.638711,0.866312,-0.280414,-0.482154,0.628606,0.304405,-0.669771,0.214029,1.035561,-1.916688,-2.235975,1.514526,0.762607,-0.182057,-0.416851,0.666885,-0.202586,-0.624703,0.111252,0.460130
38.030016,-0.525966,-0.960932,1.674123,-1.449817,-1.047766,0.920165,0.541857,-0.114881,-0.648924,0.883349,-0.268855,-0.485187,0.628989,0.304365,-0.669952,0.213616,1.036225,-1.916889,-2.236590,1.514636,0.763065,-0.182161,-0.417781,0.664809,-0.202378,-0.623244,0.111518,0.461911
38.031013,-0.526989,-0.954127,1.668702,-1.451186,-1.045178,0.916784,0.541162,-0.095378,-0.661714,0.902900,-0.257826,-0.488268,0.629577,0.304276,-0.670125,0.213200,1.036887,-1.917089,-2.237217,1.514760,0.763537,-0.178652,-0.417521,0.662752,-0.200831,-0.622448,0.114926,0.464569
38.032019,-0.527201,-0.950603,1.661228,-1.452187,-1.047464,0.913104,0.540623,-0.077211,-0.675502,0.921677,-0.247354,-0.491102,0.630183,0.304157,-0.670303,0.212782,1.037544,-1.917290,-2.237847,1.514884,0.764000,-0.178460,-0.417325,0.662361,-0.201002,-0.622748,0.118023,0.464743
38.032983,-0.530479,-0.948418,1.655021,-1.455510,-1.046788,0.911220,0.539945,-0.062464,-0.690961,0.938123,-0.236046,-0.493607,0.630507,0.304005,-0.670482,0.212372,1.038208,-1.917494,-2.238457,1.515012,0.764468,-0.178645,-0.415600,0.662955,-0.201533,-0.618361,0.121404,0.464613
38.033974,-0.541854,-0.950978,1.651491,-1.457619,-1.046153,0.911598,0.539728,-0.051163,-0.710187,0.952599,-0.222418,-0.495830,0.630280,0.303825,-0.670657,0.211964,1.038863,-1.917690,-2.239075,1.515140,0.764934,-0.177235,-0.413163,0.662806,-0.199644,-0.616764,0.122946,0.464746
38.034910,-0.541182,-0.951027,1.640074,-1.462087,-1.045940,0.912867,0.538126,-0.044953,-0.734868,0.963909,-0.205543,-0.497743,0.629115,0.303650,-0.670822,0.211569,1.039525,-1.917888,-2.239685,1.515261,0.765394,-0.171939,-0.408532,0.661350,-0.199122,-0.615277,0.122277,0.463987
38.036049,-0.544184,-0.952280,1.642836,-1.465039,-1.048121,0.913567,0.538209,-0.045712,-0.765995,0.970537,-0.185201,-0.499313,0.626751,0.303515,-0.670994,0.211170,1.040197,-1.918078,-2.240299,1.515381,0.765867,-0.172536,-0.405070,0.663519,-0.196038,-0.613103,0.120711,0.465944
38.036945,-0.540310,-0.948199,1.634833,-1.465574,-1.049235,0.911916,0.538264,-0.049264,-0.805016,0.976223,-0.162537,-0.500667,0.623615,0.303412,-0.671164,0.210770,1.040843,-1.918271,-2.240911,1.515503,0.766333,-0.171751,-0.401268,0.659767,-0.195742,-0.609362,0.119815,0.464636
38.038047,-0.539595,-0.947522,1.630938,-1.467756,-1.047688,0.909351,0.539509,-0.047585,-0.854198,0.988311,-0.137966,-0.502174,0.620443,0.303295,-0.671340,0.210376,1.041507,-1.918467,-2.241508,1.515625,0.766789,-0.173774,-0.399882,0.660138,-0.196230,-0.605880,0.121171,0.463294
38.039056,-0.544699,-0.946036,1.627131,-1.470969,-1.047888,0.908976,0.539935,-0.036876,-0.913515,1.010212,-0.111251,-0.504107,0.617599,0.303134,-0.671518,0.209985,1.042160,-1.918665,-2.242120,1.515752,0.767246,-0.174672,-0.397081,0.659512,-0.196336,-0.605774,0.123492,0.459686
38.040103,-0.552379,-0.941734,1.619717,-1.472882,-1.048662,0.907285,0.540029,-0.018572,-0.980454,1.040274,-0.082855,-0.506438,0.615069,0.302920,-0.671689,0.209593,1.042821,-1.918854,-2.242727,1.515874,0.767696,-0.172483,-0.394566,0.658312,-0.195003,-0.603533,0.123578,0.457716
38.040920,-0.554228,-0.934128,1.608966,-1.474824,-1.047091,0.907410,0.540903,0.000300,-1.049892,1.071580,-0.053388,-0.508949,0.612469,0.302648,-0.671849,0.209202,1.043485,-1.919049,-2.243324,1.516002,0.768147,-0.169250,-0.393538,0.659071,-0.195099,-0.600993,0.124995,0.456426
38.042078,-0.558772,-0.927859,1.606665,-1.479964,-1.046265,0.906784,0.542160,0.010173,-1.113897,1.094600,-0.024191,-0.511284,0.609370,0.302332,-0.672015,0.208809,1.044143,-1.919237,-2.243922,1.516125,0.768595,-0.168344,-0.393805,0.660464,-0.193836,-0.599873,0.124493,0.453409
38.043091,-0.563679,-0.919278,1.597808,-1.482025,-1.044253,0.905709,0.543142,0.007461,-1.165689,1.105089,0.001652,-0.513026,0.605916,0.302018,-0.672177,0.208419,1.044802,-1.919425,-2.244516,1.516247,0.769038,-0.166942,-0.393906,0.659224,-0.191584,-0.599427,0.124933,0.449886
38.043937,-0.570743,-0.915851,1.597405,-1.484796,-1.046565,0.903798,0.543866,-0.007399,-1.201394,1.102737,0.021523,-0.513857,0.602461,0.301764,-0.672336,0.208023,1.045469,-1.919617,-2.245118,1.516374,0.769486,-0.165032,-0.394898,0.660525,-0.191402,-0.599491,0.125719,0.446803
38.044996,-0.573864,-0.914946,1.590244,-1.487820,-1.044889,0.902394,0.543958,-0.033748,-1.221001,1.088189,0.035842,-0.513775,0.599043,0.301599,-0.672492,0.207631,1.046117,-1.919798,-2.245709,1.516504,0.769912,-0.161668,-0.393086,0.656945,-0.189658,-0.594612,0.127247,0.444216
38.045940,-0.572775,-0.910723,1.579356,-1.489633,-1.045113,0.903860,0.545590,-0.067783,-1.229542,1.065640,0.046988,-0.513120,0.595632,0.301529,-0.672649,0.207250,1.046780,-1.919987,-2.246297,1.516635,0.770352,-0.160813,-0.390471,0.657687,-0.188867,-0.594723,0.128349,0.442988
38.046985,-0.578846,-0.904581,1.565450,-1.490720,-1.040395,0.903209,0.545412,-0.105454,-1.232200,1.039388,0.057038,-0.512256,0.592216,0.301522,-0.672810,0.206860,1.047439,-1.920172,-2.246886,1.516758,0.770783,-0.161734,-0.389263,0.659751,-0.188650,-0.592376,0.126554,0.438596
38.047980,-0.591924,-0.896010,1.563308,-1.492753,-1.041092,0.902646,0.547799,-0.148753,-1.228996,1.007568,0.067079,-0.511339,0.588552,0.301524,-0.672966,0.206477,1.048112,-1.920366,-2.247479,1.516886,0.771217,-0.159336,-0.389247,0.663648,-0.189588,-0.595415,0.126938,0.437942
38.048910,-0.596821,-0.889556,1.562102,-1.494563,-1.035357,0.900787,0.550183,-0.204826,-1.216231,0.963247,0.077688,-0.510392,0.584155,0.301507,-0.673105,0.206086,1.048775,-1.920555,-2.248072,1.517014,0.771639,-0.153509,-0.390269,0.661471,-0.189337,-0.592725,0.127194,0.432086
38.049909,-0.593612,-0.877227,1.547397,-1.497560,-1.034161,0.898125,0.550814,-0.274652,-1.192932,0.905348,0.088652,-0.509553,0.579054,0.301447,-0.673254,0.205696,1.049428,-1.920739,-2.248671,1.517143,0.772050,-0.151573,-0.390135,0.658677,-0.189047,-0.596267,0.128721,0.426293
38.050968,-0.595343,-0.871385,1.541395,-1.498721,-1.028471,0.894600,0.551600,-0.352023,-1.160130,0.839350,0.097875,-0.508927,0.573916,0.301339,-0.673412,0.205299,1.050102,-1.920926,-2.249258,1.517281,0.772472,-0.153745,-0.392989,0.662795,-0.187924,-0.595563,0.131022,0.424037
38.051922,-0.602010,-0.859986,1.535610,-1.502994,-1.026828,0.891702,0.552557,-0.432532,-1.117992,0.768908,0.103365,-0.508484,0.569206,0.301206,-0.673563,0.204909,1.050759,-1.921115,-2.249863,1.517425,0.772890,-0.153618,-0.392712,0.662943,-0.189028,-0.599508,0.134186,0.421495
38.052962,-0.607910,-0.850035,1.532594,-1.504749,-1.023069,0.890992,0.551932,-0.514292,-1.067524,0.695531,0.104698,-0.508168,0.564966,0.301074,-0.673709,0.204512,1.051419,-1.921300,-2.250468,1.517567,0.773298,-0.150830,-0.395042,0.662469,-0.186354,-0.598895,0.136665,0.418577
38.053981,-0.607567,-0.840159,1.522240,-1.509061,-1.018252,0.891275,0.553372,-0.596788,-1.008825,0.619456,0.101198,-0.507802,0.561139,0.300979,-0.673851,0.204111,1.052083,-1.921488,-2.251065,1.517707,0.773719,-0.148699,-0.396676,0.660979,-0.186760,-0.600884,0.136994,0.418863
38.054978,-0.610695,-0.831990,1.514642,-1.511187,-1.011299,0.893282,0.553889,-0.678924,-0.942030,0.541592,0.092111,-0.507166,0.557763,0.300943,-0.674002,0.203703,1.052745,-1.921668,-2.251673,1.517843,0.774129,-0.149563,-0.398180,0.663129,-0.184616,-0.603723,0.136352,0.414975
38.055918,-0.616010,-0.822077,1.515663,-1.509417,-1.008146,0.893353,0.553383,-0.758864,-0.868503,0.463700,0.077032,-0.506060,0.554942,0.300955,-0.674149,0.203308,1.053411,-1.921853,-2.252280,1.517970,0.774534,-0.148639,-0.398932,0.663685,-0.184414,-0.608635,0.134031,0.413001
38.057053,-0.614805,-0.816477,1.510872,-1.512542,-1.006039,0.890407,0.552556,-0.834193,-0.792248,0.388582,0.058289,-0.504610,0.552668,0.301003,-0.674292,0.202903,1.054061,-1.922050,-2.252894,1.518106,0.774949,-0.146544,-0.400373,0.659825,-0.187485,-0.609384,0.133597,0.412997
38.058026,-0.605544,-0.812146,1.500060,-1.513284,-1.001532,0.889234,0.549587,-0.899999,-0.720260,0.321824,0.040282,-0.503301,0.550952,0.301069,-0.674442,0.202499,1.054720,-1.922235,-2.253506,1.518246,0.775359,-0.148134,-0.399931,0.659781,-0.187127,-0.609926,0.136258,0.413768
38.058995,-0.601753,-0.808187,1.498159,-1.517204,-0.998993,0.888153,0.548875,-0.949763,-0.659020,0.270179,0.025072,-0.502482,0.550018,0.301129,-0.674604,0.202106,1.055392,-1.922425,-2.254125,1.518386,0.775788,-0.153223,-0.398766,0.661798,-0.188040,-0.612170,0.137019,0.418677
38.060048,-0.611335,-0.803047,1.490655,-1.522143,-0.997836,0.888351,0.548191,-0.976320,-0.613481,0.240479,0.012275,-0.502292,0.550277,0.301150,-0.674763,0.201710,1.056042,-1.922606,-2.254730,1.518528,0.776212,-0.155533,-0.397379,0.659548,-0.185943,-0.612531,0.137701,0.419003
38.060942,-0.618205,-0.798650,1.488550,-1.524400,-0.995937,0.888964,0.546412,-0.980079,-0.583292,0.232019,0.000119,-0.502560,0.551746,0.301104,-0.674906,0.201317,1.056707,-1.922786,-2.255334,1.518664,0.776627,-0.151520,-0.396743,0.660390,-0.183407,-0.611873,0.137158,0.419408
38.061929,-0.617209,-0.790329,1.475666,-1.528492,-0.995136,0.886357,0.546385,-0.971690,-0.563253,0.234631,-0.012393,-0.502925,0.553738,0.301018,-0.675051,0.200921,1.057368,-1.922966,-2.255942,1.518801,0.777055,-0.148527,-0.395461,0.657763,-0.182553,-0.611285,0.136129,0.421865
38.063103,-0.614835,-0.786725,1.473080,-1.533548,-0.991877,0.885050,0.544518,-0.959979,-0.548851,0.240081,-0.025441,-0.503164,0.555709,0.300928,-0.675202,0.200520,1.058027,-1.923140,-2.256554,1.518944,0.777472,-0.149645,-0.396232,0.661071,-0.180551,-0.609915,0.138370,0.420870
38.064055,-0.612214,-0.774115,1.476523,-1.533929,-0.992958,0.884416,0.543544,-0.946143,-0.537657,0.247016,-0.040441,-0.503119,0.557752,0.300833,-0.675357,0.200130,1.058685,-1.923318,-2.257159,1.519086,0.777904,-0.151837,-0.395008,0.660046,-0.178738,-0.611876,0.139352,0.423692
38.064977,-0.610734,-0.767206,1.471626,-1.539189,-0.992576,0.883485,0.542599,-0.923471,-0.530921,0.261562,-0.058242,-0.502903,0.560459,0.300712,-0.675514,0.199725,1.059323,-1.923501,-2.257763,1.519227,0.778336,-0.153572,-0.397854,0.655185,-0.180053,-0.608533,0.139574,0.424525
38.066033,-0.614486,-0.766066,1.471026,-1.542550,-0.992924,0.882417,0.541842,-0.884835,-0.529855,0.290292,-0.079292,-0.502707,0.564430,0.300556,-0.675673,0.199329,1.059978,-1.923672,-2.258358,1.519365,0.778762,-0.154638,-0.397843,0.654228,-0.176536,-0.606679,0.140110,0.425318
38.067016,-0.612600,-0.760979,1.460141,-1.545412,-0.989242,0.881993,0.541033,-0.830481,-0.534300,0.333085,-0.103764,-0.502492,0.569612,0.300372,-0.675824,0.198936,1.060632,-1.923847,-2.258958,1.519505,0.779191,-0.153491,-0.395184,0.651714,-0.175732,-0.604577,0.140822,0.425814
38.068016,-0.615602,-0.758312,1.456352,-1.548998,-0.991224,0.882581,0.541771,-0.765717,-0.544865,0.385560,-0.129755,-0.502205,0.575392,0.300154,-0.675983,0.198540,1.061282,-1.924022,-2.259565,1.519647,0.779621,-0.154938,-0.394393,0.654113,-0.174955,-0.606170,0.140842,0.426362
38.068956,-0.625304,-0.751030,1.455070,-1.553314,-0.995390,0.879666,0.539793,-0.696991,-0.560460,0.442056,-0.155552,-0.501757,0.581211,0.299891,-0.676136,0.198155,1.061933,-1.924193,-2.260157,1.519785,0.780041,-0.154007,-0.392526,0.652943,-0.173625,-0.602236,0.139881,0.423838
38.069958,-0.618731,-0.749138,1.452450,-1.557423,-0.994434,0.877436,0.538945,-0.630028,-0.578341,0.497262,-0.180876,-0.501011,0.586738,0.299592,-0.676275,0.197762,1.062573,-1.924359,-2.260740,1.519933,0.780473,-0.149739,-0.392808,0.650393,-0.171327,-0.595987,0.142374,0.426745
38.071177,-0.619381,-0.743615,1.447496,-1.564003,-0.998781,0.875996,0.538894,-0.498459,-0.619099,0.606618,-0.232957,-0.498599,0.597484,0.298926,-0.676595,0.196989,1.063878,-1.924686,-2.261915,1.520233,0.781330,-0.154307,-0.390417,0.649172,-0.166940,-0.589783,0.145259,0.426547
38.072090,-0.622990,-0.734933,1.437015,-1.565536,-1.000590,0.878273,0.537711,-0.498459,-0.619099,0.606618,-0.232957,-0.498599,0.597484,0.298926,-0.676595,0.196989,1.063878,-1.924686,-2.261915,1.520233,0.781330,-0.154307,-0.390417,0.649172,-0.166940,-0.589783,0.145259,0.426547
38.072986,-0.638376,-0.730214,1.439668,-1.566986,-1.003604,0.880243,0.535919,-0.431413,-0.640024,0.662702,-0.261913,-0.496862,0.603077,0.298581,-0.676745,0.196596,1.064525,-1.924852,-2.262498,1.520374,0.781763,-0.152893,-0.391351,0.651036,-0.167285,-0.585821,0.142520,0.427807
38.073977,-0.641042,-0.726475,1.434493,-1.567701,-1.003513,0.880249,0.536402,-0.374355,-0.655486,0.709496,-0.291201,-0.494678,0.608048,0.298234,-0.676873,0.196212,1.065165,-1.925021,-2.263064,1.520508,0.782194,-0.145778,-0.390362,0.646255,-0.167502,-0.580739,0.140161,0.430273
38.074987,-0.636645,-0.720434,1.421294,-1.570877,-1.006510,0.878653,0.534145,-0.331804,-0.666420,0.743462,-0.316767,-0.492318,0.611800,0.297861,-0.677017,0.195825,1.065814,-1.925192,-2.263643,1.520647,0.782621,-0.145192,-0.389001,0.645830,-0.169019,-0.579052,0.139801,0.428211
38.075925,-0.641401,-0.713806,1.415021,-1.571941,-1.003131,0.877541,0.533251,-0.301903,-0.675348,0.766826,-0.336696,-0.490020,0.614340,0.297448,-0.677172,0.195436,1.066465,-1.925354,-2.264214,1.520793,0.783053,-0.148017,-0.388800,0.649498,-0.168370,-0.574375,0.141006,0.431720
38.076983,-0.648297,-0.708049,1.412311,-1.577474,-1.006128,0.875983,0.532713,-0.283070,-0.681546,0.780836,-0.351949,-0.487749,0.615925,0.297006,-0.677313,0.195050,1.067118,-1.925522,-2.264787,1.520936,0.783492,-0.146184,-0.388823,0.649250,-0.169283,-0.575857,0.141687,0.432345
38.078005,-0.645812,-0.707478,1.407873,-1.581174,-1.006364,0.874781,0.532128,-0.275528,-0.682958,0.784853,-0.364144,-0.485377,0.616721,0.296563,-0.677451,0.194660,1.067755,-1.925678,-2.265357,1.521084,0.783927,-0.143638,-0.388531,0.648012,-0.166714,-0.571347,0.142850,0.432375
38.078945,-0.648445,-0.705011,1.398408,-1.587051,-1.004041,0.875580,0.531948,-0.275199,-0.680742,0.782473,-0.374821,-0.482935,0.617062,0.296142,-0.677597,0.194281,1.068404,-1.925841,-2.265912,1.521229,0.784356,-0.145657,-0.385708,0.647341,-0.165639,-0.569696,0.143651,0.432505
38.079927,-0.650596,-0.701623,1.394012,-1.591249,-1.001769,0.877095,0.532008,-0.275259,-0.678375,0.779994,-0.385410,-0.480504,0.617366,0.295752,-0.677739,0.193897,1.069063,-1.925995,-2.266485,1.521373,0.784790,-0.144895,-0.383683,0.648681,-0.162037,-0.570092,0.142401,0.431744
38.080964,-0.653869,-0.694807,1.388526,-1.593571,-1.004141,0.879210,0.530412,-0.273492,-0.676482,0.779199,-0.397544,-0.477961,0.617798,0.295401,-0.677883,0.193513,1.069703,-1.926152,-2.267055,1.521510,0.785213,-0.144471,-0.382171,0.647880,-0.160357,-0.570606,0.140512,0.430577
38.082085,-0.665432,-0.691157,1.390417,-1.599713,-1.005629,0.879173,0.531449,-0.270430,-0.674126,0.779355,-0.411336,-0.475281,0.618352,0.295106,-0.678022,0.193131,1.070354,-1.926314,-2.267610,1.521646,0.785651,-0.143679,-0.382495,0.647782,-0.160789,-0.566810,0.138053,0.432738
38.083075,-0.668097,-0.678712,1.383229,-1.599622,-1.006106,0.878520,0.531724,-0.267817,-0.670509,0.778887,-0.425425,-0.472598,0.618902,0.294870,-0.678153,0.192747,1.070984,-1.926466,-2.268169,1.521785,0.786081,-0.139016,-0.381305,0.644609,-0.158137,-0.564248,0.137795,0.429637
38.083930,-0.673219,-0.671783,1.380447,-1.601203,-1.003566,0.874876,0.532545,-0.269406,-0.663549,0.774380,-0.438743,-0.469978,0.619234,0.294673,-0.678290,0.192362,1.071634,-1.926632,-2.268722,1.521924,0.786501,-0.138482,-0.384352,0.645180,-0.160602,-0.562223,0.138080,0.428075
38.085019,-0.675486,-0.662026,1.375103,-1.605113,-1.004074,0.873622,0.534036,-0.277795,-0.651664,0.763559,-0.449895,-0.467530,0.619170,0.294470,-0.678420,0.191975,1.072277,-1.926792,-2.269284,1.522071,0.786919,-0.136422,-0.384364,0.642913,-0.160599,-0.562604,0.141266,0.425317
38.085950,-0.682560,-0.651292,1.370370,-1.609619,-1.005816,0.872995,0.534320,-0.292395,-0.634955,0.746975,-0.458522,-0.465327,0.618721,0.294226,-0.678557,0.191584,1.072913,-1.926949,-2.269847,1.522217,0.787335,-0.136313,-0.386122,0.643197,-0.159884,-0.560820,0.142124,0.421381
38.086936,-0.689095,-0.640899,1.365208,-1.610806,-1.004243,0.872361,0.535148,-0.312892,-0.611788,0.724427,-0.466824,-0.463231,0.618047,0.293940,-0.678682,0.191194,1.073555,-1.927102,-2.270393,1.522358,0.787745,-0.133506,-0.388140,0.642301,-0.157626,-0.557337,0.142327,0.419810
38.087926,-0.697932,-0.634058,1.354548,-1.616236,-1.002930,0.871778,0.537221,-0.341525,-0.579576,0.693403,-0.476452,-0.461106,0.617109,0.293620,-0.678807,0.190799,1.074189,-1.927265,-2.270953,1.522501,0.788156,-0.131139,-0.390012,0.641998,-0.158853,-0.557312,0.142561,0.417151
38.088937,-0.706352,-0.629799,1.357633,-1.620859,-0.996766,0.871210,0.537517,-0.382325,-0.537394,0.650164,-0.487085,-0.458883,0.615555,0.293286,-0.678929,0.190404,1.074839,-1.927418,-2.271517,1.522641,0.788555,-0.127650,-0.390086,0.644296,-0.156027,-0.556959,0.142760,0.412041
38.090019,-0.708074,-0.620038,1.350522,-1.624323,-0.995696,0.872166,0.537947,-0.435718,-0.487213,0.594497,-0.498816,-0.456491,0.613258,0.292991,-0.679046,0.190022,1.075477,-1.927569,-2.272081,1.522786,0.788964,-0.124494,-0.389067,0.639865,-0.154248,-0.561590,0.142925,0.410521
38.090998,-0.706958,-0.616187,1.350702,-1.627826,-0.993321,0.871640,0.538515,-0.495250,-0.433868,0.532721,-0.511911,-0.454053,0.610612,0.292789,-0.679172,0.189626,1.076114,-1.927720,-2.272644,1.522928,0.789369,-0.124787,-0.390766,0.641004,-0.154060,-0.561324,0.141603,0.408753
38.091981,-0.705907,-0.613837,1.347287,-1.628178,-0.988132,0.871313,0.539482,-0.551684,-0.382812,0.473802,-0.525923,-0.451894,0.608199,0.292681,-0.679299,0.189244,1.076751,-1.927873,-2.273199,1.523069,0.789777,-0.126201,-0.389473,0.637913,-0.153128,-0.562099,0.141750,0.406628
38.092913,-0.704446,-0.606323,1.342069,-1.633649,-0.985517,0.871241,0.540280,-0.594730,-0.342023,0.428025,-0.538585,-0.450512,0.606457,0.292608,-0.679430,0.188859,1.077390,-1.928032,-2.273770,1.523208,0.790170,-0.127543,-0.387427,0.636686,-0.155263,-0.565550,0.141698,0.403769
38.093919,-0.707567,-0.601610,1.341364,-1.637627,-0.983684,0.873721,0.540616,-0.618530,-0.316654,0.401280,-0.548310,-0.450159,0.605593,0.292490,-0.679562,0.188469,1.078019,-1.928179,-2.274341,1.523346,0.790566,-0.128954,-0.387859,0.636210,-0.152167,-0.566179,0.141370,0.401210
38.095013,-0.712577,-0.597699,1.337547,-1.639106,-0.983943,0.873886,0.542707,-0.623498,-0.304537,0.392714,-0.557300,-0.450551,0.605813,0.292303,-0.679687,0.188089,1.078652,-1.928330,-2.274905,1.523481,0.790960,-0.128319,-0.387077,0.633766,-0.151001,-0.566410,0.138520,0.399638
38.096008,-0.717560,-0.591662,1.332357,-1.641648,-0.984259,0.872463,0.543055,-0.613537,-0.303327,0.398558,-0.565802,-0.451477,0.606950,0.292061,-0.679813,0.187704,1.079275,-1.928488,-2.275470,1.523618,0.791343,-0.126949,-0.385970,0.633449,-0.152746,-0.564871,0.138059,0.394613
38.096932,-0.722575,-0.587965,1.335830,-1.642883,-0.981427,0.871923,0.544423,-0.596264,-0.311457,0.412152,-0.570828,-0.452885,0.608285,0.291783,-0.679937,0.187324,1.079911,-1.928641,-2.276023,1.523761,0.791728,-0.125381,-0.385858,0.633174,-0.152856,-0.563023,0.139099,0.393069
38.098055,-0.719223,-0.587141,1.331117,-1.648367,-0.980545,0.871454,0.545665,-0.576104,-0.327681,0.429687,-0.570708,-0.454677,0.609380,0.291493,-0.680057,0.186938,1.080534,-1.928797,-2.276590,1.523901,0.792113,-0.123683,-0.384384,0.628344,-0.153782,-0.563927,0.139218,0.389384
38.099048,-0.716688,-0.587791,1.327309,-1.650996,-0.984410,0.873940,0.544640,-0.549451,-0.353591,0.454695,-0.565841,-0.456795,0.610430,0.291207,-0.680191,0.186562,1.081155,-1.928944,-2.277160,1.524037,0.792492,-0.126525,-0.381871,0.628663,-0.151915,-0.563602,0.139389,0.386131
38.099934,-0.720789,-0.580916,1.320858,-1.654324,-0.982240,0.876422,0.544334,-0.510320,-0.391669,0.492812,-0.557498,-0.459231,0.611813,0.290947,-0.680323,0.186191,1.081785,-1.929097,-2.277705,1.524168,0.792880,-0.128609,-0.378500,0.627758,-0.151969,-0.558233,0.136546,0.387335
38.101004,-0.729909,-0.577875,1.320410,-1.659471,-0.984331,0.878282,0.547195,-0.458640,-0.440465,0.543869,-0.546962,-0.461875,0.613589,0.290731,-0.680448,0.185811,1.082404,-1.929242,-2.278266,1.524296,0.793261,-0.127177,-0.378686,0.627797,-0.150799,-0.558404,0.133707,0.386993
38.101991,-0.735028,-0.580493,1.324873,-1.664754,-0.983367,0.878587,0.547673,-0.402035,-0.492984,0.600091,-0.536292,-0.464360,0.615486,0.290546,-0.680567,0.185443,1.083028,-1.929387,-2.278819,1.524420,0.793627,-0.123767,-0.377298,0.625634,-0.149001,-0.555050,0.131606,0.380452
38.102960,-0.740258,-0.576619,1.317645,-1.666979,-0.985304,0.878089,0.547070,-0.344304,-0.545981,0.657628,-0.526851,-0.466514,0.617441,0.290361,-0.680686,0.185078,1.083647,-1.929529,-2.279366,1.524547,0.794000,-0.122191,-0.372991,0.620666,-0.146590,-0.554531,0.131010,0.378707
38.104087,-0.738969,-0.576505,1.315067,-1.671399,-0.987234,0.876643,0.546770,-0.284659,-0.601217,0.717517,-0.517793,-0.468543,0.619513,0.290177,-0.680805,0.184708,1.084262,-1.929676,-2.279917,1.524679,0.794379,-0.120498,-0.371906,0.621595,-0.147056,-0.550955,0.131169,0.379059
38.105010,-0.740776,-0.574677,1.321790,-1.672601,-0.985211,0.876260,0.546190,-0.224960,-0.658456,0.778204,-0.507713,-0.470671,0.621573,0.290029,-0.680930,0.184348,1.084884,-1.929823,-2.280450,1.524813,0.794756,-0.122415,-0.369231,0.620804,-0.146290,-0.548231,0.132345,0.378894
38.105963,-0.740940,-0.574187,1.316906,-1.675409,-0.985034,0.876495,0.546022,-0.161400,-0.719707,0.843373,-0.495561,-0.473249,0.623818,0.289910,-0.681052,0.183985,1.085481,-1.929974,-2.281000,1.524944,0.795137,-0.122269,-0.367113,0.614642,-0.147369,-0.548488,0.132354,0.379145
38.107119,-0.740698,-0.571155,1.315207,-1.680156,-0.985800,0.879135,0.544467,-0.087532,-0.788498,0.919222,-0.480491,-0.476600,0.626545,0.289772,-0.681178,0.183623,1.086096,-1.930121,-2.281547,1.525072,0.795509,-0.122998,-0.364372,0.614317,-0.147084,-0.547009,0.131786,0.378615
38.108040,-0.747373,-0.564788,1.309013,-1.684577,-0.988721,0.883076,0.542891,-0.003877,-0.863418,1.005017,-0.463277,-0.480611,0.629711,0.289616,-0.681302,0.183265,1.086711,-1.930267,-2.282087,1.525194,0.795897,-0.124452,-0.363254,0.613322,-0.146230,-0.545486,0.128928,0.380967
38.109035,-0.763211,-0.561025,1.306593,-1.684207,-0.987926,0.886745,0.542715,0.083302,-0.937725,1.094052,-0.446886,-0.484789,0.633171,0.289486,-0.681420,0.182898,1.087317,-1.930407,-2.282623,1.525313,0.796286,-0.121893,-0.363360,0.613558,-0.144312,-0.540875,0.124684,0.383174
38.110052,-0.769641,-0.551207,1.306924,-1.687753,-0.986740,0.887788,0.541739,0.161411,-1.003243,1.173992,-0.432013,-0.488639,0.636253,0.289403,-0.681522,0.182542,1.087929,-1.930561,-2.283154,1.525426,0.796670,-0.115125,-0.362388,0.612170,-0.147385,-0.540397,0.120799,0.382621
38.110936,-0.768391,-0.549624,1.296941,-1.691805,-0.984894,0.888202,0.540171,0.219561,-1.054865,1.234709,-0.416885,-0.491916,0.638205,0.289373,-0.681632,0.182177,1.088540,-1.930705,-2.283691,1.525543,0.797054,-0.113112,-0.364389,0.609526,-0.146835,-0.540306,0.119554,0.383727
38.111983,-0.768190,-0.540551,1.294008,-1.696969,-0.986117,0.890671,0.537451,0.258228,-1.091421,1.276524,-0.402665,-0.494466,0.639221,0.289412,-0.681750,0.181818,1.089146,-1.930845,-2.284231,1.525660,0.797444,-0.114496,-0.362099,0.611527,-0.145031,-0.540303,0.118848,0.385897
38.112994,-0.774520,-0.539945,1.297309,-1.700077,-0.986678,0.891841,0.537385,0.284250,-1.113996,1.305383,-0.392714,-0.496183,0.640037,0.289526,-0.681866,0.181457,1.089757,-1.930987,-2.284760,1.525774,0.797840,-0.115751,-0.363830,0.610642,-0.143160,-0.537977,0.116157,0.390472
38.114009,-0.783347,-0.543902,1.290461,-1.703605,-0.986701,0.893168,0.537506,0.305081,-1.125824,1.328114,-0.388200,-0.497265,0.641229,0.289668,-0.681975,0.181098,1.090352,-1.931129,-2.285292,1.525889,0.798230,-0.113689,-0.361232,0.606657,-0.143094,-0.536161,0.114782,0.389658
38.114944,-0.783786,-0.539842,1.283914,-1.707062,-0.986144,0.893969,0.535980,0.323785,-1.133159,1.348272,-0.385810,-0.498185,0.642611,0.289783,-0.682080,0.180754,1.090962,-1.931271,-2.285818,1.525997,0.798612,-0.110471,-0.356546,0.607671,-0.142628,-0.534959,0.113275,0.388557
38.115959,-0.789789,-0.533002,1.283557,-1.709730,-0.984404,0.894083,0.534084,0.337956,-1.140163,1.364307,-0.382018,-0.499232,0.643598,0.289878,-0.682193,0.180396,1.091575,-1.931413,-2.286352,1.526107,0.799007,-0.111205,-0.355664,0.608053,-0.141740,-0.533938,0.112248,0.390680
38.116995,-0.794367,-0.523943,1.282593,-1.711810,-0.985248,0.894316,0.533927,0.346546,-1.146042,1.375128,-0.377027,-0.500429,0.644164,0.289991,-0.682300,0.180037,1.092170,-1.931555,-2.286894,1.526220,0.799409,-0.109362,-0.356235,0.605928,-0.142165,-0.534347,0.111936,0.393546
38.118005,-0.801187,-0.515839,1.280979,-1.714278,-0.979245,0.893715,0.532648,0.350032,-1.148428,1.380824,-0.371814,-0.501797,0.644511,0.290129,-0.682405,0.179676,1.092774,-1.931700,-2.287423,1.526330,0.799797,-0.108338,-0.357918,0.604125,-0.143203,-0.532357,0.111516,0.392959
38.118999,-0.799406,-0.502246,1.273498,-1.715887,-0.978155,0.895054,0.529874,0.347431,-1.144954,1.380231,-0.366854,-0.503314,0.644625,0.290283,-0.682506,0.179313,1.093370,-1.931845,-2.287966,1.526444,0.800195,-0.106158,-0.359053,0.602616,-0.143704,-0.537046,0.111911,0.394619
38.119934,-0.799621,-0.499883,1.265026,-1.717801,-0.973810,0.897282,0.530021,0.337291,-1.132773,1.371696,-0.363361,-0.504798,0.644474,0.290451,-0.682619,0.178940,1.093976,-1.931991,-2.288503,1.526553,0.800599,-0.108151,-0.362815,0.603869,-0.144948,-0.536711,0.110359,0.399235
38.120984,-0.808041,-0.484216,1.267104,-1.721269,-0.974702,0.901321,0.529419,0.320182,-1.111207,1.355608,-0.362139,-0.506114,0.644102,0.290620,-0.682727,0.178584,1.094589,-1.932138,-2.289040,1.526655,0.800997,-0.109000,-0.361011,0.605222,-0.145449,-0.539471,0.107937,0.397908
38.121985,-0.813569,-0.477481,1.253794,-1.724355,-0.973464,0.902958,0.529248,0.297678,-1.081249,1.333404,-0.363537,-0.507173,0.643600,0.290755,-0.682827,0.178208,1.095181,-1.932283,-2.289577,1.526751,0.801399,-0.106099,-0.365900,0.602051,-0.145196,-0.537377,0.103794,0.398219
38.122993,-0.815240,-0.473675,1.247874,-1.727319,-0.972895,0.901940,0.528773,0.266612,-1.040393,1.301863,-0.368618,-0.507696,0.642927,0.290835,-0.682928,0.177844,1.095796,-1.932427,-2.290119,1.526851,0.801794,-0.104571,-0.366282,0.606198,-0.145046,-0.537238,0.102043,0.397634
38.124039,-0.820279,-0.465323,1.245381,-1.727987,-0.971398,0.898840,0.526147,0.223493,-0.988557,1.257849,-0.376973,-0.507513,0.641854,0.290876,-0.683033,0.177479,1.096396,-1.932570,-2.290648,1.526957,0.802195,-0.104558,-0.365000,0.605987,-0.144158,-0.535900,0.102825,0.397480
38.124927,-0.825616,-0.455379,1.238466,-1.730959,-0.964178,0.896372,0.524322,0.172309,-0.931918,1.205762,-0.386371,-0.506855,0.640404,0.290912,-0.683134,0.177107,1.096999,-1.932717,-2.291190,1.527069,0.802601,-0.102739,-0.365870,0.603784,-0.145212,-0.535143,0.105612,0.401568
38.125922,-0.829109,-0.443530,1.230226,-1.731031,-0.964012,0.895084,0.523973,0.117307,-0.874075,1.149877,-0.396083,-0.505894,0.638763,0.290965,-0.683229,0.176738,1.097607,-1.932856,-2.291732,1.527180,0.803008,-0.100569,-0.367390,0.603204,-0.143310,-0.539671,0.107699,0.403926
38.127022,-0.826156,-0.437552,1.224182,-1.732060,-0.958687,0.895873,0.524020,0.057561,-0.813419,1.089144,-0.407170,-0.504559,0.636926,0.291031,-0.683327,0.176358,1.098205,-1.933005,-2.292268,1.527289,0.803416,-0.099500,-0.369847,0.603779,-0.144657,-0.537418,0.108643,0.403361
38.128009,-0.823769,-0.430820,1.216238,-1.733917,-0.952433,0.897470,0.523815,-0.005276,-0.750738,1.025240,-0.419317,-0.503059,0.634906,0.291080,-0.683432,0.175994,1.098808,-1.933152,-2.292808,1.527393,0.803822,-0.101779,-0.369631,0.603563,-0.145606,-0.540719,0.107568,0.402075
38.128963,-0.830530,-0.423495,1.214429,-1.735083,-0.946835,0.900194,0.524007,-0.063642,-0.691190,0.965572,-0.431740,-0.501802,0.633039,0.291078,-0.683540,0.175624,1.099420,-1.933295,-2.293362,1.527493,0.804216,-0.103503,-0.369632,0.603789,-0.145209,-0.544412,0.105680,0.401310
38.129964,-0.835422,-0.419975,1.205205,-1.735922,-0.942034,0.901605,0.523323,-0.112321,-0.638205,0.915041,-0.444824,-0.500930,0.631646,0.291026,-0.683635,0.175252,1.100011,-1.933441,-2.293916,1.527588,0.804614,-0.100694,-0.369867,0.601041,-0.145316,-0.547343,0.102685,0.399704
38.130922,-0.837254,-0.410293,1.192936,-1.737853,-0.942929,0.902032,0.524070,-0.153344,-0.592342,0.871832,-0.457855,-0.500404,0.630538,0.290936,-0.683730,0.174891,1.100615,-1.933588,-2.294466,1.527688,0.805008,-0.098976,-0.368362,0.602093,-0.145964,-0.549658,0.101010,0.399912
38.131953,-0.834637,-0.404792,1.190561,-1.739245,-0.940141,0.901128,0.525370,-0.192771,-0.551949,0.830428,-0.469775,-0.500067,0.629277,0.290817,-0.683828,0.174518,1.101218,-1.933730,-2.295008,1.527786,0.805400,-0.098666,-0.369797,0.604491,-0.145402,-0.546174,0.100315,0.397204
38.132927,-0.841833,-0.400577,1.183742,-1.741228,-0.940808,0.901911,0.524777,-0.231602,-0.515755,0.789883,-0.480995,-0.499782,0.627909,0.290686,-0.683933,0.174155,1.101819,-1.933877,-2.295563,1.527886,0.805786,-0.100645,-0.369301,0.602174,-0.145635,-0.546564,0.100965,0.393464
38.133948,-0.845540,-0.395088,1.180930,-1.742448,-0.934536,0.903222,0.524265,-0.265393,-0.485920,0.754487,-0.491473,-0.499569,0.626721,0.290573,-0.684023,0.173787,1.102422,-1.934021,-2.296099,1.527986,0.806183,-0.097719,-0.368044,0.601913,-0.145053,-0.543438,0.099887,0.393485
38.135018,-0.842189,-0.391406,1.174626,-1.745610,-0.934209,0.904216,0.524734,-0.293580,-0.463822,0.725004,-0.500287,-0.499366,0.625589,0.290498,-0.684115,0.173417,1.103015,-1.934167,-2.296654,1.528084,0.806572,-0.096661,-0.367460,0.599917,-0.145438,-0.547314,0.098309,0.393361
38.135932,-0.844894,-0.387187,1.166057,-1.747940,-0.933816,0.905321,0.524953,-0.314815,-0.449898,0.702810,-0.507549,-0.499058,0.624554,0.290456,-0.684218,0.173057,1.103616,-1.934308,-2.297192,1.528176,0.806958,-0.099111,-0.366132,0.599760,-0.144213,-0.545437,0.097114,0.391286
38.137001,-0.845569,-0.383795,1.161582,-1.750275,-0.933607,0.906279,0.524590,-0.326250,-0.444405,0.690492,-0.514264,-0.498530,0.623868,0.290428,-0.684316,0.172693,1.104212,-1.934448,-2.297729,1.528271,0.807342,-0.098241,-0.364870,0.600230,-0.143098,-0.543214,0.095736,0.389685
38.137981,-0.855967,-0.378301,1.158948,-1.751919,-0.933740,0.907141,0.523887,-0.328802,-0.446251,0.687047,-0.520678,-0.497651,0.623503,0.290394,-0.684415,0.172330,1.104811,-1.934590,-2.298269,1.528362,0.807732,-0.098700,-0.363371,0.599160,-0.142702,-0.541244,0.094577,0.389288
38.138965,-0.856337,-0.372896,1.151885,-1.753712,-0.933737,0.908057,0.524862,-0.319727,-0.464995,0.695015,-0.529298,-0.494821,0.622835,0.290320,-0.684595,0.171611,1.105996,-1.934872,-2.299327,1.528544,0.808500,-0.094790,-0.362335,0.596950,-0.142286,-0.536461,0.092350,0.386431
38.140026,-0.855919,-0.373826,1.148004,-1.755850,-0.938923,0.908234,0.523942,-0.319727,-0.464995,0.695015,-0.529298,-0.494821,0.622835,0.290320,-0.684595,0.171611,1.105996,-1.934872,-2.299327,1.528544,0.808500,-0.094790,-0.362335,0.596950,-0.142286,-0.536461,0.092350,0.386431
38.141133,-0.860541,-0.372062,1.142341,-1.757585,-0.939598,0.909498,0.524237,-0.311321,-0.479844,0.703669,-0.530127,-0.493140,0.622308,0.290303,-0.684693,0.171260,1.106594,-1.935016,-2.299839,1.528636,0.808884,-0.095791,-0.358787,0.595570,-0.142007,-0.529305,0.091969,0.387197
38.142006,-0.863731,-0.371963,1.140751,-1.760880,-0.939753,0.911718,0.525511,-0.296540,-0.501919,0.719489,-0.526981,-0.491764,0.621734,0.290276,-0.684787,0.170906,1.107190,-1.935161,-2.300362,1.528722,0.809266,-0.094378,-0.356631,0.595291,-0.142317,-0.526789,0.090537,0.385493
38.142994,-0.864323,-0.364628,1.138420,-1.762443,-0.941057,0.914224,0.524126,-0.274786,-0.532177,0.743115,-0.519595,-0.490836,0.621117,0.290222,-0.684878,0.170557,1.107773,-1.935296,-2.300886,1.528804,0.809636,-0.093304,-0.353428,0.592245,-0.140121,-0.524032,0.088100,0.381793
38.143931,-0.869150,-0.358688,1.123387,-1.762727,-0.942847,0.914355,0.523530,-0.244564,-0.569140,0.775607,-0.510021,-0.490283,0.620837,0.290162,-0.684971,0.170207,1.108361,-1.935437,-2.301391,1.528885,0.810024,-0.093735,-0.354010,0.589957,-0.140128,-0.520653,0.085422,0.383460
38.144960,-0.878280,-0.351842,1.124635,-1.764582,-0.950308,0.914288,0.525418,-0.209696,-0.607817,0.812922,-0.499718,-0.489937,0.620965,0.290142,-0.685059,0.169853,1.108956,-1.935581,-2.301896,1.528971,0.810407,-0.091967,-0.353737,0.593805,-0.141088,-0.516635,0.085105,0.383480
38.145975,-0.888342,-0.347667,1.119215,-1.768112,-0.952030,0.914564,0.526334,-0.180288,-0.641742,0.845254,-0.488149,-0.489609,0.620932,0.290180,-0.685142,0.169502,1.109539,-1.935721,-2.302382,1.529056,0.810773,-0.088299,-0.354076,0.589854,-0.140992,-0.507359,0.084996,0.378599
38.146941,-0.891219,-0.340723,1.115404,-1.772883,-0.955353,0.913701,0.526809,-0.153577,-0.684382,0.879302,-0.463272,-0.488432,0.619474,0.290363,-0.685301,0.168792,1.110710,-1.935988,-2.303373,1.529227,0.811514,-0.083606,-0.353263,0.587655,-0.136159,-0.498426,0.085210,0.373671
38.147991,-0.885420,-0.336892,1.111033,-1.773197,-0.953123,0.915571,0.527872,-0.153577,-0.684382,0.879302,-0.463272,-0.488432,0.619474,0.290363,-0.685301,0.168792,1.110710,-1.935988,-2.303373,1.529227,0.811514,-0.083606,-0.353263,0.587655,-0.136159,-0.498426,0.085210,0.373671
38.148969,-0.890110,-0.331364,1.107741,-1.774070,-0.953554,0.916927,0.528836,-0.149458,-0.693666,0.886938,-0.454324,-0.487408,0.618662,0.290495,-0.685394,0.168445,1.111299,-1.936129,-2.303864,1.529307,0.811876,-0.087372,-0.352145,0.586606,-0.137742,-0.498967,0.083170,0.370509
38.149953,-0.897571,-0.328163,1.105488,-1.775470,-0.958070,0.918829,0.529765,-0.126117,-0.709254,0.916061,-0.438919,-0.486053,0.618336,0.290700,-0.685554,0.167747,1.112453,-1.936406,-2.304839,1.529462,0.812584,-0.082941,-0.350268,0.582657,-0.138605,-0.490126,0.079621,0.364674
38.150946,-0.900739,-0.325086,1.101699,-1.774496,-0.957343,0.919476,0.529185,-0.126117,-0.709254,0.916061,-0.438919,-0.486053,0.618336,0.290700,-0.685554,0.167747,1.112453,-1.936406,-2.304839,1.529462,0.812584,-0.082941,-0.350268,0.582657,-0.138605,-0.490126,0.079621,0.364674
38.151987,-0.905204,-0.317522,1.091796,-1.778856,-0.956626,0.921058,0.529453,-0.109395,-0.719415,0.935898,-0.427385,-0.486150,0.618214,0.290781,-0.685633,0.167400,1.113036,-1.936553,-2.305323,1.529540,0.812957,-0.082268,-0.348718,0.581193,-0.141028,-0.489065,0.078838,0.364769
38.152920,-0.911223,-0.315141,1.082977,-1.780823,-0.953689,0.918419,0.529718,-0.085021,-0.737785,0.967922,-0.397018,-0.487190,0.617085,0.291120,-0.685785,0.166710,1.114201,-1.936825,-2.306290,1.529700,0.813670,-0.078837,-0.347545,0.583780,-0.137998,-0.489028,0.079608,0.361625
38.153968,-0.919257,-0.314000,1.086382,-1.783424,-0.955343,0.916453,0.529975,-0.085021,-0.737785,0.967922,-0.397018,-0.487190,0.617085,0.291120,-0.685785,0.166710,1.114201,-1.936825,-2.306290,1.529700,0.813670,-0.078837,-0.347545,0.583780,-0.137998,-0.489028,0.079608,0.361625
38.154905,-0.920244,-0.308801,1.078550,-1.784544,-0.953903,0.916327,0.529492,-0.085253,-0.740921,0.971918,-0.382456,-0.487409,0.615871,0.291361,-0.685854,0.166366,1.114765,-1.936961,-2.306770,1.529783,0.814025,-0.075910,-0.345118,0.579065,-0.137360,-0.485689,0.081409,0.360106
38.155960,-0.919865,-0.299392,1.072242,-1.784266,-0.953941,0.917571,0.527211,-0.089419,-0.744526,0.972241,-0.367790,-0.487626,0.614290,0.291597,-0.685931,0.166020,1.115344,-1.937099,-2.307258,1.529863,0.814388,-0.076265,-0.344608,0.579503,-0.137626,-0.485102,0.081345,0.360008
38.156952,-0.924185,-0.291450,1.072882,-1.784097,-0.951480,0.919670,0.527206,-0.098372,-0.754324,0.972148,-0.338994,-0.488513,0.610847,0.292048,-0.686084,0.165323,1.116493,-1.937390,-2.308220,1.530015,0.815115,-0.076222,-0.347161,0.575961,-0.141322,-0.484096,0.077727,0.362479
38.157996,-0.929044,-0.281120,1.063485,-1.788195,-0.950766,0.921095,0.527929,-0.098372,-0.754324,0.972148,-0.338994,-0.488513,0.610847,0.292048,-0.686084,0.165323,1.116493,-1.937390,-2.308220,1.530015,0.815115,-0.076222,-0.347161,0.575961,-0.141322,-0.484096,0.077727,0.362479
38.158985,-0.936237,-0.277283,1.057615,-1.788515,-0.951370,0.922673,0.526206,-0.102312,-0.756526,0.971896,-0.326811,-0.489031,0.609361,0.292180,-0.686155,0.164974,1.117073,-1.937526,-2.308696,1.530085,0.815468,-0.074873,-0.349287,0.577552,-0.139146,-0.483190,0.076230,0.360027
38.160013,-0.943946,-0.271293,1.050254,-1.789555,-0.952407,0.922113,0.523684,-0.111406,-0.752053,0.965710,-0.318584,-0.489163,0.607965,0.292258,-0.686220,0.164629,1.117652,-1.937668,-2.309173,1.530158,0.815838,-0.072303,-0.348099,0.577128,-0.140385,-0.480783,0.074533,0.362438
38.160942,-0.948041,-0.265725,1.043971,-1.789630,-0.949903,0.920780,0.522622,-0.130419,-0.740982,0.949410,-0.312635,-0.488895,0.606212,0.292372,-0.686285,0.164276,1.118226,-1.937808,-2.309651,1.530235,0.816207,-0.069569,-0.347995,0.577675,-0.141117,-0.478060,0.074986,0.366429
38.161987,-0.953690,-0.258301,1.041228,-1.791957,-0.945076,0.920640,0.523780,-0.160665,-0.725735,0.922290,-0.306248,-0.488433,0.603766,0.292555,-0.686351,0.163931,1.118803,-1.937951,-2.310128,1.530311,0.816577,-0.068460,-0.347640,0.577264,-0.142245,-0.478633,0.076169,0.367415
38.162963,-0.951225,-0.257360,1.033639,-1.790909,-0.941486,0.921742,0.520762,-0.240925,-0.691276,0.849295,-0.291740,-0.487385,0.597491,0.292974,-0.686486,0.163245,1.119951,-1.938238,-2.311098,1.530457,0.817313,-0.069020,-0.345759,0.576023,-0.144191,-0.483461,0.074966,0.369038
38.164100,-0.950922,-0.253248,1.027795,-1.794488,-0.938754,0.921760,0.518537,-0.240925,-0.691276,0.849295,-0.291740,-0.487385,0.597491,0.292974,-0.686486,0.163245,1.119951,-1.938238,-2.311098,1.530457,0.817313,-0.069020,-0.345759,0.576023,-0.144191,-0.483461,0.074966,0.369038
38.164950,-0.954167,-0.254952,1.025055,-1.794139,-0.937341,0.923556,0.518466,-0.277046,-0.680464,0.816989,-0.283351,-0.487210,0.594375,0.293188,-0.686559,0.162900,1.120531,-1.938378,-2.311588,1.530531,0.817698,-0.070396,-0.344936,0.576116,-0.142907,-0.484723,0.074885,0.372385
38.165897,-0.960104,-0.254779,1.021002,-1.794641,-0.933994,0.923485,0.518526,-0.302234,-0.679581,0.795461,-0.273885,-0.487523,0.591647,0.293373,-0.686626,0.162566,1.121108,-1.938522,-2.312079,1.530601,0.818073,-0.069511,-0.340964,0.573637,-0.144057,-0.483770,0.072923,0.371323
38.167123,-0.961605,-0.250991,1.015927,-1.798456,-0.932703,0.925338,0.516344,-0.314620,-0.691931,0.786753,-0.261710,-0.488495,0.589216,0.293449,-0.686688,0.162236,1.121671,-1.938668,-2.312568,1.530674,0.818436,-0.067542,-0.338130,0.572367,-0.144778,-0.485101,0.072881,0.370126
38.168013,-0.966130,-0.246336,1.013934,-1.798626,-0.930145,0.924719,0.515574,-0.316330,-0.716914,0.788878,-0.246380,-0.490053,0.586914,0.293399,-0.686756,0.161898,1.122239,-1.938808,-2.313052,1.530740,0.818815,-0.068263,-0.337320,0.572569,-0.143713,-0.485244,0.071013,0.373509
38.169135,-0.976663,-0.240131,1.011085,-1.799490,-0.928302,0.926306,0.514499,-0.309959,-0.750146,0.798907,-0.230089,-0.491913,0.584864,0.293277,-0.686821,0.161558,1.122807,-1.938954,-2.313542,1.530809,0.819188,-0.066842,-0.336533,0.569960,-0.144495,-0.485588,0.071531,0.373885
38.169990,-0.979355,-0.233823,1.008943,-1.803176,-0.928635,0.925745,0.514788,-0.299468,-0.787142,0.812796,-0.213585,-0.493910,0.582986,0.293129,-0.686877,0.161225,1.123376,-1.939101,-2.314028,1.530877,0.819565,-0.062953,-0.336868,0.568662,-0.145705,-0.485954,0.069878,0.374979
38.170935,-0.980527,-0.233688,1.001926,-1.803403,-0.924692,0.926794,0.512653,-0.289335,-0.823101,0.825998,-0.197914,-0.495842,0.581157,0.292969,-0.686939,0.160889,1.123935,-1.939238,-2.314512,1.530946,0.819938,-0.062477,-0.336916,0.566124,-0.142958,-0.483335,0.070325,0.373224
38.171945,-0.984517,-0.233799,0.998032,-1.806010,-0.922167,0.927358,0.510830,-0.278582,-0.856621,0.839182,-0.184846,-0.497564,0.579608,0.292818,-0.687003,0.160563,1.124502,-1.939387,-2.314997,1.531010,0.820319,-0.062885,-0.334073,0.566290,-0.143926,-0.485330,0.069181,0.376395
38.173034,-0.991965,-0.226401,0.996975,-1.808343,-0.922331,0.927640,0.509163,-0.264459,-0.890554,0.855195,-0.173556,-0.499138,0.578398,0.292722,-0.687064,0.160237,1.125057,-1.939529,-2.315484,1.531075,0.820704,-0.062013,-0.331201,0.565248,-0.142931,-0.486013,0.068557,0.378899
38.174015,-1.001477,-0.222394,0.990704,-1.808522,-0.923012,0.927227,0.508526,-0.247539,-0.925276,0.873580,-0.163247,-0.500536,0.577438,0.292699,-0.687119,0.159902,1.125618,-1.939671,-2.315970,1.531143,0.821085,-0.059620,-0.332103,0.562995,-0.142638,-0.484255,0.068223,0.381140
38.174919,-1.006524,-0.221265,0.983958,-1.810035,-0.923349,0.925338,0.508503,-0.232864,-0.956892,0.889442,-0.153745,-0.501602,0.576482,0.292710,-0.687169,0.159578,1.126182,-1.939817,-2.316447,1.531212,0.821466,-0.056073,-0.331265,0.562961,-0.143872,-0.481757,0.068548,0.381262
38.176081,-1.013098,-0.222759,0.981412,-1.815289,-0.924422,0.926275,0.506008,-0.226306,-0.982974,0.897453,-0.143431,-0.502292,0.575018,0.292715,-0.687222,0.159254,1.126739,-1.939958,-2.316923,1.531284,0.821851,-0.054604,-0.328917,0.562941,-0.143458,-0.479385,0.070314,0.380116
38.176943,-1.016831,-0.221076,0.979650,-1.817340,-0.923638,0.927218,0.504533,-0.227613,-1.004949,0.898030,-0.131979,-0.502633,0.572931,0.292719,-0.687271,0.158938,1.127299,-1.940095,-2.317390,1.531350,0.822237,-0.052869,-0.325625,0.561713,-0.140700,-0.477157,0.069329,0.384077
38.177950,-1.018147,-0.222160,0.972566,-1.819259,-0.923418,0.929473,0.505531,-0.230997,-1.025650,0.896546,-0.121075,-0.502680,0.570666,0.292729,-0.687321,0.158620,1.127856,-1.940233,-2.317866,1.531416,0.822627,-0.052001,-0.323596,0.559040,-0.139661,-0.475789,0.068267,0.385789
38.179055,-1.020818,-0.222877,0.964738,-1.821924,-0.923726,0.929738,0.504526,-0.230717,-1.047862,0.898445,-0.111350,-0.502640,0.568658,0.292720,-0.687375,0.158303,1.128413,-1.940371,-2.318343,1.531476,0.823005,-0.052576,-0.320330,0.559592,-0.139477,-0.474274,0.065965,0.382636
38.180008,-1.026657,-0.218871,0.967190,-1.825214,-0.922095,0.928744,0.503570,-0.225251,-1.073173,0.905306,-0.101866,-0.502740,0.566959,0.292679,-0.687426,0.157994,1.128977,-1.940508,-2.318810,1.531539,0.823397,-0.052669,-0.317475,0.560779,-0.139041,-0.472629,0.065701,0.383556
38.180974,-1.029306,-0.213296,0.960214,-1.828286,-0.921346,0.928940,0.503248,-0.200336,-1.128140,0.931570,-0.085883,-0.503344,0.564856,0.292598,-0.687522,0.157365,1.130076,-1.940774,-2.319742,1.531672,0.824162,-0.050812,-0.316826,0.556825,-0.135862,-0.471489,0.066324,0.383804
38.182126,-1.037792,-0.206608,0.957535,-1.832294,-0.922101,0.927911,0.504409,-0.200336,-1.128140,0.931570,-0.085883,-0.503344,0.564856,0.292598,-0.687522,0.157365,1.130076,-1.940774,-2.319742,1.531672,0.824162,-0.050812,-0.316826,0.556825,-0.135862,-0.471489,0.066324,0.383804
38.182965,-1.040014,-0.201486,0.953500,-1.834187,-0.923271,0.926885,0.504974,-0.185025,-1.149224,0.946012,-0.083730,-0.503386,0.564776,0.292549,-0.687564,0.157045,1.130633,-1.940906,-2.320210,1.531744,0.824535,-0.048168,-0.317596,0.555660,-0.134447,-0.469521,0.067310,0.380424
38.183950,-1.045624,-0.198711,0.945522,-1.834876,-0.921731,0.927508,0.505291,-0.165508,-1.162495,0.960939,-0.093017,-0.502164,0.565794,0.292257,-0.687655,0.156418,1.131737,-1.941173,-2.321132,1.531877,0.825283,-0.046546,-0.315977,0.555089,-0.134595,-0.466191,0.067487,0.376412
38.185025,-1.050933,-0.195638,0.941997,-1.838335,-0.924906,0.929178,0.506388,-0.165508,-1.162495,0.960939,-0.093017,-0.502164,0.565794,0.292257,-0.687655,0.156418,1.131737,-1.941173,-2.321132,1.531877,0.825283,-0.046546,-0.315977,0.555089,-0.134595,-0.466191,0.067487,0.376412
38.186001,-1.049346,-0.190758,0.941654,-1.839457,-0.927872,0.929730,0.507582,-0.163090,-1.157205,0.960585,-0.100034,-0.501102,0.566292,0.292028,-0.687698,0.156105,1.132285,-1.941303,-2.321587,1.531940,0.825650,-0.045370,-0.314930,0.554174,-0.133362,-0.461668,0.065778,0.373161
38.186921,-1.048041,-0.183227,0.931377,-1.841316,-0.927285,0.930539,0.509076,-0.162143,-1.147460,0.958743,-0.106752,-0.499980,0.566829,0.291764,-0.687749,0.155790,1.132833,-1.941437,-2.322039,1.532006,0.826006,-0.047377,-0.314655,0.551296,-0.133898,-0.457120,0.065156,0.369739
38.187983,-1.052169,-0.181301,0.926902,-1.844404,-0.929944,0.930383,0.510994,-0.156406,-1.135684,0.961417,-0.113512,-0.499004,0.567905,0.291462,-0.687801,0.155476,1.133391,-1.941570,-2.322490,1.532069,0.826363,-0.049107,-0.315662,0.553138,-0.133424,-0.456017,0.064266,0.365686
38.188971,-1.056871,-0.180954,0.929264,-1.848638,-0.930476,0.931734,0.509931,-0.146083,-1.121126,0.968277,-0.120989,-0.498090,0.569591,0.291162,-0.687847,0.155164,1.133938,-1.941701,-2.322935,1.532134,0.826719,-0.048434,-0.314012,0.552658,-0.132504,-0.452082,0.064389,0.360840
38.190022,-1.060108,-0.171162,0.919159,-1.849773,-0.930426,0.931443,0.512237,-0.112196,-1.088350,0.994174,-0.138576,-0.496344,0.574576,0.290687,-0.687938,0.154543,1.135043,-1.941960,-2.323822,1.532257,0.827426,-0.047147,-0.313885,0.550728,-0.131121,-0.448913,0.063253,0.356334
38.191066,-1.066090,-0.166612,0.911660,-1.853350,-0.932726,0.930321,0.513828,-0.112196,-1.088350,0.994174,-0.138576,-0.496344,0.574576,0.290687,-0.687938,0.154543,1.135043,-1.941960,-2.323822,1.532257,0.827426,-0.047147,-0.313885,0.550728,-0.131121,-0.448913,0.063253,0.356334
38.191968,-1.071917,-0.164463,0.906644,-1.852982,-0.932123,0.929985,0.514399,-0.096022,-1.066710,1.006128,-0.148891,-0.495409,0.577448,0.290454,-0.687981,0.154230,1.135592,-1.942087,-2.324265,1.532321,0.827767,-0.045555,-0.313513,0.551673,-0.129697,-0.445308,0.064337,0.352217
38.193030,-1.083858,-0.162403,0.901050,-1.857196,-0.930891,0.930400,0.513705,-0.088988,-1.038452,1.009342,-0.158871,-0.494431,0.579890,0.290198,-0.688020,0.153924,1.136145,-1.942221,-2.324699,1.532386,0.828113,-0.043835,-0.311886,0.550818,-0.131366,-0.444318,0.064569,0.350073
38.194115,-1.086609,-0.154453,0.902788,-1.860381,-0.930244,0.930911,0.515688,-0.092877,-1.006071,1.002480,-0.166345,-0.493627,0.581502,0.289942,-0.688050,0.153614,1.136688,-1.942345,-2.325146,1.532451,0.828464,-0.039439,-0.310346,0.550964,-0.129449,-0.444291,0.064099,0.350506
38.195106,-1.081502,-0.146093,0.901872,-1.863716,-0.924815,0.930205,0.517081,-0.106775,-0.970484,0.986359,-0.172053,-0.493037,0.582368,0.289683,-0.688090,0.153302,1.137230,-1.942472,-2.325588,1.532513,0.828796,-0.039633,-0.311791,0.547507,-0.128650,-0.443792,0.063570,0.345591
38.195920,-1.079119,-0.139552,0.893294,-1.864469,-0.921609,0.931275,0.515757,-0.125738,-0.897616,0.961975,-0.190838,-0.492840,0.585608,0.289107,-0.688189,0.152672,1.138318,-1.942721,-2.326492,1.532637,0.829475,-0.045543,-0.313629,0.545821,-0.127604,-0.448844,0.063039,0.343522
38.197028,-1.085787,-0.136155,0.893660,-1.865832,-0.921414,0.933298,0.516127,-0.125738,-0.897616,0.961975,-0.190838,-0.492840,0.585608,0.289107,-0.688189,0.152672,1.138318,-1.942721,-2.326492,1.532637,0.829475,-0.045543,-0.313629,0.545821,-0.127604,-0.448844,0.063039,0.343522
38.198012,-1.095218,-0.132230,0.893223,-1.869802,-0.919121,0.934650,0.516079,-0.119557,-0.865135,0.964301,-0.204691,-0.493451,0.588744,0.288849,-0.688227,0.152362,1.138858,-1.942852,-2.326934,1.532695,0.829815,-0.043760,-0.312793,0.543157,-0.128650,-0.447942,0.061017,0.341834
38.198926,-1.096349,-0.125097,0.884330,-1.869198,-0.916850,0.935008,0.517716,-0.092776,-0.811964,0.983179,-0.230723,-0.495769,0.595808,0.288390,-0.688305,0.151737,1.139934,-1.943106,-2.327834,1.532813,0.830487,-0.041084,-0.312902,0.541867,-0.128666,-0.449249,0.059232,0.336700
38.200069,-1.101612,-0.118008,0.879008,-1.873944,-0.918168,0.932953,0.518363,-0.092776,-0.811964,0.983179,-0.230723,-0.495769,0.595808,0.288390,-0.688305,0.151737,1.139934,-1.943106,-2.327834,1.532813,0.830487,-0.041084,-0.312902,0.541867,-0.128666,-0.449249,0.059232,0.336700
38.200945,-1.109469,-0.116864,0.877333,-1.875845,-0.916572,0.931657,0.519053,-0.079969,-0.761302,0.989782,-0.252180,-0.497541,0.601460,0.287885,-0.688376,0.151109,1.141014,-1.943356,-2.328729,1.532938,0.831146,-0.037367,-0.311648,0.539723,-0.126094,-0.446668,0.062506,0.332214
38.202126,-1.111809,-0.114892,0.873058,-1.878189,-0.915567,0.929226,0.519784,-0.079969,-0.761302,0.989782,-0.252180,-0.497541,0.601460,0.287885,-0.688376,0.151109,1.141014,-1.943356,-2.328729,1.532938,0.831146,-0.037367,-0.311648,0.539723,-0.126094,-0.446668,0.062506,0.332214
38.202917,-1.110472,-0.107533,0.867785,-1.876996,-0.912545,0.929516,0.520186,-0.081924,-0.737795,0.985734,-0.260638,-0.497927,0.603301,0.287621,-0.688414,0.150804,1.141551,-1.943483,-2.329175,1.533006,0.831470,-0.037954,-0.310268,0.539733,-0.126585,-0.446773,0.064922,0.329928
38.203927,-1.110311,-0.104697,0.864401,-1.880764,-0.910450,0.929748,0.520922,-0.084936,-0.720485,0.981555,-0.265463,-0.498337,0.604476,0.287359,-0.688457,0.150490,1.142083,-1.943616,-2.329623,1.533066,0.831793,-0.039577,-0.311064,0.538864,-0.128573,-0.447711,0.064501,0.328152
38.205035,-1.119290,-0.105443,0.862655,-1.881998,-0.909097,0.930406,0.519873,-0.084275,-0.710889,0.981676,-0.267074,-0.498992,0.605354,0.287096,-0.688500,0.150181,1.142621,-1.943738,-2.330077,1.533130,0.832110,-0.041005,-0.309848,0.537780,-0.126875,-0.448320,0.064214,0.325810
38.206019,-1.131036,-0.105499,0.860688,-1.885240,-0.903930,0.931000,0.521144,-0.077538,-0.710110,0.988194,-0.266258,-0.500011,0.606159,0.286834,-0.688532,0.149883,1.143157,-1.943867,-2.330527,1.533193,0.832442,-0.038141,-0.307084,0.536246,-0.128104,-0.448512,0.063530,0.327061
38.207089,-1.134088,-0.101424,0.858442,-1.888788,-0.899508,0.931315,0.521100,-0.061011,-0.733066,1.005954,-0.255611,-0.503171,0.606354,0.286390,-0.688592,0.149281,1.144218,-1.944114,-2.331445,1.533314,0.833077,-0.033844,-0.304129,0.533109,-0.125622,-0.455149,0.062568,0.322865
38.208066,-1.136321,-0.098908,0.852097,-1.889544,-0.897080,0.929107,0.521293,-0.061011,-0.733066,1.005954,-0.255611,-0.503171,0.606354,0.286390,-0.688592,0.149281,1.144218,-1.944114,-2.331445,1.533314,0.833077,-0.033844,-0.304129,0.533109,-0.125622,-0.455149,0.062568,0.322865
38.208947,-1.145707,-0.098686,0.850856,-1.894208,-0.892426,0.927719,0.520783,-0.055128,-0.752229,1.013066,-0.248623,-0.505167,0.605868,0.286225,-0.688627,0.148982,1.144754,-1.944243,-2.331906,1.533383,0.833398,-0.034115,-0.302848,0.533419,-0.126670,-0.455882,0.064701,0.321580
38.209931,-1.147388,-0.090842,0.851252,-1.896292,-0.889149,0.927338,0.519826,-0.050335,-0.774850,1.019312,-0.241724,-0.507452,0.605169,0.286084,-0.688650,0.148683,1.145277,-1.944360,-2.332374,1.533452,0.833722,-0.030741,-0.300314,0.530946,-0.123573,-0.458535,0.065955,0.321668
38.211049,-1.148724,-0.090487,0.849961,-1.898986,-0.883155,0.926629,0.520132,-0.045659,-0.799553,1.025427,-0.236426,-0.509874,0.604431,0.285967,-0.688683,0.148382,1.145800,-1.944483,-2.332835,1.533517,0.834044,-0.031362,-0.301733,0.528049,-0.123459,-0.460164,0.066254,0.322697
38.212056,-1.152075,-0.089085,0.844485,-1.898570,-0.881739,0.926661,0.519609,-0.036962,-0.825933,1.035245,-0.233887,-0.512346,0.604066,0.285874,-0.688717,0.148089,1.146317,-1.944606,-2.333310,1.533586,0.834362,-0.032353,-0.299572,0.526575,-0.123414,-0.464812,0.066917,0.321235
38.212916,-1.156415,-0.088828,0.841171,-1.899837,-0.884294,0.927445,0.517534,-0.021850,-0.855777,1.051426,-0.231970,-0.514907,0.604048,0.285793,-0.688747,0.147797,1.146848,-1.944737,-2.333778,1.533653,0.834680,-0.032166,-0.297870,0.526628,-0.125727,-0.464539,0.066802,0.321425
38.214035,-1.165845,-0.089077,0.839852,-1.902520,-0.884122,0.927470,0.515839,-0.001922,-0.890472,1.072930,-0.227164,-0.517559,0.603944,0.285743,-0.688775,0.147505,1.147374,-1.944862,-2.334231,1.533714,0.835011,-0.031242,-0.295418,0.525090,-0.125728,-0.460007,0.065919,0.324628
38.214961,-1.173858,-0.084092,0.833305,-1.907554,-0.885771,0.927864,0.516173,0.020171,-0.929553,1.097375,-0.217889,-0.520155,0.603463,0.285772,-0.688797,0.147215,1.147887,-1.944987,-2.334687,1.533781,0.835347,-0.028311,-0.293037,0.523668,-0.125640,-0.459028,0.065867,0.327113
38.215923,-1.177758,-0.083538,0.823822,-1.910472,-0.888965,0.926327,0.514802,0.039427,-0.968603,1.119654,-0.206047,-0.522240,0.602523,0.285917,-0.688818,0.146924,1.148416,-1.945103,-2.335132,1.533848,0.835667,-0.025776,-0.293070,0.523976,-0.122410,-0.455701,0.065367,0.325492
38.216982,-1.183774,-0.075042,0.823859,-1.911407,-0.888006,0.925561,0.514103,0.049935,-1.001260,1.133582,-0.195103,-0.523329,0.601144,0.286183,-0.688841,0.146637,1.148943,-1.945223,-2.335575,1.533918,0.836001,-0.025344,-0.290925,0.525914,-0.121441,-0.450968,0.066813,0.327319
38.217979,-1.195795,-0.077438,0.821430,-1.915388,-0.891874,0.924833,0.512904,0.050148,-1.024890,1.137464,-0.186023,-0.523429,0.599367,0.286551,-0.688862,0.146340,1.149460,-1.945349,-2.336029,1.533986,0.836327,-0.024033,-0.292797,0.523503,-0.122793,-0.450621,0.067507,0.327819
38.218966,-1.200312,-0.072966,0.820524,-1.914705,-0.892201,0.924994,0.511948,0.026327,-1.049746,1.121828,-0.168687,-0.522108,0.594587,0.287384,-0.688890,0.145770,1.150495,-1.945594,-2.336900,1.534121,0.836993,-0.019100,-0.289131,0.519983,-0.123548,-0.443689,0.067898,0.330264
38.220083,-1.202194,-0.068060,0.815307,-1.918852,-0.893703,0.927122,0.512142,0.008295,-1.055766,1.108434,-0.158256,-0.521530,0.591769,0.287723,-0.688912,0.145484,1.151018,-1.945715,-2.337336,1.534182,0.837316,-0.019972,-0.289374,0.520407,-0.122038,-0.441194,0.065747,0.329009
38.220971,-1.207126,-0.064688,0.807372,-1.921804,-0.893283,0.926094,0.512085,-0.010897,-1.056640,1.093745,-0.149002,-0.521168,0.589191,0.287981,-0.688928,0.145197,1.151534,-1.945834,-2.337775,1.534250,0.837642,-0.018945,-0.288566,0.521426,-0.120658,-0.439914,0.066684,0.328178
38.221927,-1.215858,-0.063664,0.804493,-1.924797,-0.890055,0.924601,0.510639,-0.033101,-1.050744,1.075597,-0.142873,-0.520844,0.586933,0.288200,-0.688937,0.144914,1.152052,-1.945953,-2.338217,1.534320,0.837970,-0.016220,-0.286707,0.520115,-0.119594,-0.441643,0.068073,0.330165
38.223019,-1.224131,-0.057793,0.803715,-1.925551,-0.889546,0.923032,0.509419,-0.033101,-1.050744,1.075597,-0.142873,-0.520844,0.586933,0.288200,-0.688937,0.144914,1.152052,-1.945953,-2.338217,1.534320,0.837970,-0.016220,-0.286707,0.520115,-0.119594,-0.441643,0.068073,0.330165
38.223930,-1.225498,-0.049205,0.789911,-1.926204,-0.889784,0.923100,0.508340,-0.059369,-1.038761,1.053037,-0.139262,-0.520525,0.584858,0.288419,-0.688944,0.144628,1.152570,-1.946076,-2.338651,1.534392,0.838305,-0.013624,-0.287195,0.517467,-0.120401,-0.440392,0.069468,0.331517
38.225007,-1.230033,-0.047830,0.777390,-1.927095,-0.890154,0.922265,0.508532,-0.090818,-1.019930,1.025069,-0.137573,-0.520150,0.582872,0.288653,-0.688956,0.144338,1.153092,-1.946196,-2.339084,1.534464,0.838642,-0.013972,-0.288691,0.520433,-0.120159,-0.437644,0.069125,0.332447
38.225968,-1.245174,-0.039107,0.779133,-1.925494,-0.889385,0.922263,0.506827,-0.130730,-0.992135,0.988483,-0.137803,-0.519487,0.580757,0.288887,-0.688966,0.144058,1.153620,-1.946316,-2.339505,1.534537,0.838968,-0.012935,-0.286791,0.523051,-0.120256,-0.435249,0.069732,0.330881
38.226933,-1.248045,-0.037795,0.774708,-1.926217,-0.892929,0.922510,0.506302,-0.181572,-0.955669,0.941040,-0.138486,-0.518403,0.578143,0.289101,-0.688959,0.143767,1.154132,-1.946444,-2.339942,1.534606,0.839306,-0.006616,-0.288406,0.518361,-0.122288,-0.433593,0.069489,0.333104
38.227989,-1.246812,-0.035298,0.765453,-1.928554,-0.891969,0.920766,0.504581,-0.240403,-0.913917,0.885868,-0.137644,-0.517008,0.574980,0.289274,-0.688965,0.143484,1.154643,-1.946563,-2.340358,1.534676,0.839639,-0.006395,-0.286352,0.516885,-0.122154,-0.427792,0.068999,0.332931
38.228967,-1.252606,-0.032049,0.754499,-1.927567,-0.895196,0.920881,0.504552,-0.298919,-0.872118,0.831078,-0.135557,-0.515423,0.571741,0.289381,-0.688975,0.143204,1.155167,-1.946681,-2.340775,1.534751,0.839982,-0.008247,-0.285033,0.517881,-0.120796,-0.426759,0.070512,0.335167
38.229954,-1.261059,-0.030319,0.747180,-1.930199,-0.897966,0.918797,0.502811,-0.353082,-0.832936,0.780510,-0.133155,-0.513585,0.568680,0.289400,-0.688977,0.142921,1.155684,-1.946806,-2.341185,1.534820,0.840317,-0.006529,-0.283992,0.519611,-0.122332,-0.421367,0.070141,0.333988
38.230965,-1.264246,-0.026082,0.740310,-1.931051,-0.900271,0.918569,0.501953,-0.406514,-0.795298,0.730629,-0.130172,-0.511360,0.565498,0.289341,-0.688974,0.142645,1.156202,-1.946921,-2.341588,1.534895,0.840654,-0.003583,-0.282279,0.519495,-0.120455,-0.416562,0.071984,0.336289
38.232032,-1.266259,-0.022407,0.730066,-1.932611,-0.901386,0.918185,0.499776,-0.461281,-0.758251,0.679291,-0.127106,-0.508696,0.562101,0.289251,-0.688976,0.142362,1.156726,-1.947042,-2.341990,1.534968,0.840994,-0.003279,-0.281770,0.519178,-0.120382,-0.412285,0.071945,0.336764
38.232918,-1.270617,-0.017380,0.723183,-1.931619,-0.904868,0.917340,0.498140,-0.515366,-0.722001,0.628234,-0.125108,-0.505691,0.558750,0.289182,-0.688979,0.142079,1.157245,-1.947158,-2.342395,1.535040,0.841346,-0.003595,-0.281001,0.520745,-0.119877,-0.409280,0.072099,0.339882
38.233918,-1.275959,-0.016867,0.713121,-1.932666,-0.901019,0.918421,0.497647,-0.567255,-0.686975,0.578856,-0.124126,-0.502604,0.555564,0.289159,-0.688978,0.141801,1.157766,-1.947282,-2.342788,1.535112,0.841687,-0.002528,-0.280846,0.520133,-0.121115,-0.403633,0.072679,0.341899
38.235046,-1.277488,-0.014370,0.705418,-1.936654,-0.899788,0.919645,0.496337,-0.617159,-0.653841,0.531062,-0.123189,-0.499716,0.552417,0.289162,-0.688976,0.141525,1.158288,-1.947404,-2.343196,1.535182,0.842032,-0.001146,-0.278508,0.521417,-0.120725,-0.405492,0.071345,0.341619
38.236060,-1.274125,-0.009340,0.700166,-1.936401,-0.903103,0.919639,0.495688,-0.664694,-0.623120,0.485177,-0.123129,-0.497084,0.549376,0.289165,-0.688980,0.141245,1.158814,-1.947516,-2.343602,1.535248,0.842376,-0.001788,-0.277254,0.521768,-0.118106,-0.404914,0.069937,0.343037
38.236940,-1.270492,-0.003943,0.698785,-1.937826,-0.899013,0.920205,0.494607,-0.704976,-0.596225,0.445691,-0.125846,-0.494826,0.546966,0.289151,-0.688991,0.140970,1.159336,-1.947636,-2.343989,1.535317,0.842723,-0.004646,-0.277232,0.520647,-0.119160,-0.399725,0.069724,0.343070
38.238053,-1.272054,-0.001751,0.688410,-1.938741,-0.897448,0.918927,0.494223,-0.728825,-0.576608,0.421358,-0.131847,-0.493334,0.545932,0.289096,-0.689002,0.140691,1.159846,-1.947752,-2.344394,1.535387,0.843072,-0.007439,-0.277245,0.517386,-0.118113,-0.401621,0.068901,0.343963
38.239041,-1.273352,0.000064,0.682745,-1.937979,-0.895970,0.917660,0.494234,-0.732051,-0.566039,0.416240,-0.141003,-0.492729,0.546586,0.288987,-0.689010,0.140420,1.160373,-1.947872,-2.344793,1.535460,0.843412,-0.007953,-0.275906,0.519089,-0.118342,-0.401413,0.069965,0.343509
38.239938,-1.282193,0.005737,0.675635,-1.941159,-0.895080,0.916221,0.493856,-0.719397,-0.563864,0.426091,-0.151368,-0.492843,0.548405,0.288832,-0.689018,0.140148,1.160893,-1.947994,-2.345189,1.535535,0.843756,-0.008461,-0.274286,0.518118,-0.119759,-0.400921,0.070965,0.342238
38.240990,-1.281162,0.011260,0.666865,-1.943301,-0.896853,0.914603,0.492934,-0.698693,-0.567449,0.443590,-0.161373,-0.493318,0.550688,0.288659,-0.689017,0.139874,1.161405,-1.948106,-2.345580,1.535610,0.844092,-0.005149,-0.274514,0.517780,-0.117070,-0.399703,0.072126,0.341781
38.241972,-1.289015,0.014661,0.659740,-1.942385,-0.896901,0.914806,0.492510,-0.658188,-0.573196,0.476539,-0.186260,-0.493313,0.555550,0.288417,-0.689028,0.139329,1.162440,-1.948344,-2.346359,1.535761,0.844784,-0.004195,-0.273941,0.518390,-0.117509,-0.394197,0.072999,0.341981
38.242948,-1.295510,0.014168,0.655170,-1.943692,-0.897932,0.912678,0.494137,-0.658188,-0.573196,0.476539,-0.186260,-0.493313,0.555550,0.288417,-0.689028,0.139329,1.162440,-1.948344,-2.346359,1.535761,0.844784,-0.004195,-0.273941,0.518390,-0.117509,-0.394197,0.072999,0.341981
38.244077,-1.295807,0.016587,0.654339,-1.944732,-0.899803,0.912163,0.493930,-0.644407,-0.574087,0.486611,-0.198657,-0.492694,0.557463,0.288305,-0.689028,0.139067,1.162953,-1.948458,-2.346738,1.535838,0.845111,-0.002197,-0.271262,0.516948,-0.116982,-0.391328,0.074870,0.337511
38.244985,-1.293935,0.018098,0.649796,-1.949000,-0.899750,0.912466,0.495143,-0.632124,-0.578499,0.495644,-0.207992,-0.491992,0.558824,0.288119,-0.689034,0.138798,1.163464,-1.948576,-2.347122,1.535913,0.845446,-0.003429,-0.270094,0.514034,-0.117180,-0.387892,0.075127,0.336777
38.245920,-1.298532,0.024898,0.648122,-1.947397,-0.897390,0.912612,0.495409,-0.612155,-0.590619,0.512386,-0.215761,-0.491466,0.560315,0.287831,-0.689045,0.138531,1.163968,-1.948682,-2.347507,1.535987,0.845773,-0.005400,-0.268324,0.512539,-0.113616,-0.385941,0.074542,0.333136
38.247043,-1.301048,0.028502,0.639792,-1.951027,-0.897439,0.912368,0.497728,-0.579667,-0.610821,0.541177,-0.224377,-0.491195,0.562505,0.287450,-0.689048,0.138264,1.164473,-1.948801,-2.347885,1.536059,0.846098,-0.004217,-0.269244,0.509641,-0.115784,-0.386430,0.074136,0.331451
38.248056,-1.304353,0.032077,0.637611,-1.953427,-0.897582,0.911256,0.497901,-0.538459,-0.635695,0.578196,-0.234355,-0.491128,0.565298,0.287006,-0.689053,0.137995,1.164981,-1.948909,-2.348266,1.536135,0.846414,-0.004331,-0.268641,0.510552,-0.113577,-0.384817,0.074138,0.325662
38.248913,-1.306329,0.036048,0.633917,-1.954416,-0.896974,0.910261,0.498081,-0.445662,-0.687824,0.661117,-0.261225,-0.491339,0.572268,0.286124,-0.689062,0.137465,1.165988,-1.949131,-2.349021,1.536291,0.847053,-0.003959,-0.267444,0.506044,-0.111608,-0.381506,0.075667,0.322695
38.250062,-1.312116,0.038333,0.628120,-1.958828,-0.894390,0.909599,0.498121,-0.445662,-0.687824,0.661117,-0.261225,-0.491339,0.572268,0.286124,-0.689062,0.137465,1.165988,-1.949131,-2.349021,1.536291,0.847053,-0.003959,-0.267444,0.506044,-0.111608,-0.381506,0.075667,0.322695
38.250964,-1.318553,0.043287,0.627457,-1.959024,-0.892065,0.906790,0.499473,-0.395528,-0.714179,0.705558,-0.278602,-0.491736,0.576491,0.285793,-0.689064,0.137202,1.166491,-1.949235,-2.349408,1.536371,0.847376,-0.002479,-0.266280,0.505800,-0.108837,-0.382563,0.076060,0.321487
38.251910,-1.318175,0.045043,0.625268,-1.957351,-0.890471,0.906254,0.499720,-0.346775,-0.739000,0.748331,-0.298411,-0.492245,0.580931,0.285567,-0.689062,0.136937,1.166986,-1.949344,-2.349788,1.536452,0.847680,-0.000422,-0.266255,0.502408,-0.109294,-0.382908,0.078570,0.317661
38.253032,-1.316889,0.051108,0.620615,-1.959470,-0.883999,0.906860,0.500326,-0.248721,-0.792266,0.835224,-0.334923,-0.494622,0.589596,0.285334,-0.689075,0.136409,1.167975,-1.949571,-2.350572,1.536606,0.848298,-0.003765,-0.265378,0.499153,-0.110859,-0.387345,0.077926,0.313781
38.254030,-1.317900,0.051309,0.616674,-1.959317,-0.881707,0.905969,0.500768,-0.193163,-0.824344,0.885863,-0.349642,-0.496720,0.594000,0.285273,-0.689080,0.136154,1.168474,-1.949685,-2.350959,1.536686,0.848607,-0.004444,-0.263139,0.497625,-0.111891,-0.387745,0.078541,0.311802
38.254982,-1.322107,0.054625,0.619281,-1.957731,-0.880219,0.905780,0.502611,-0.193163,-0.824344,0.885863,-0.349642,-0.496720,0.594000,0.285273,-0.689080,0.136154,1.168474,-1.949685,-2.350959,1.536686,0.848607,-0.004444,-0.263139,0.497625,-0.111891,-0.387745,0.078541,0.311802
38.255981,-1.324337,0.057412,0.608450,-1.960470,-0.876531,0.905047,0.502921,-0.131720,-0.861475,0.942936,-0.360946,-0.499389,0.598449,0.285200,-0.689081,0.135892,1.168956,-1.949802,-2.351347,1.536765,0.848902,-0.003521,-0.262375,0.492878,-0.114106,-0.387263,0.078425,0.307036
38.256917,-1.328023,0.059759,0.604593,-1.960336,-0.874178,0.902450,0.503463,-0.066471,-0.903080,1.004494,-0.368015,-0.502514,0.602793,0.285095,-0.689085,0.135636,1.169455,-1.949911,-2.351733,1.536844,0.849200,-0.003634,-0.261437,0.494870,-0.112330,-0.389132,0.078878,0.305389
38.258052,-1.336348,0.058823,0.599664,-1.961454,-0.873400,0.900062,0.504398,-0.003533,-0.944646,1.064328,-0.372583,-0.505618,0.606853,0.284987,-0.689087,0.135378,1.169948,-1.950025,-2.352123,1.536930,0.849500,-0.002945,-0.260218,0.493183,-0.113116,-0.389449,0.081151,0.303232
38.258976,-1.340590,0.061402,0.590093,-1.962414,-0.870849,0.898941,0.506065,0.052153,-0.983871,1.117601,-0.374719,-0.508437,0.610287,0.284913,-0.689082,0.135124,1.170435,-1.950139,-2.352513,1.537014,0.849791,-0.000260,-0.257533,0.492653,-0.113368,-0.388608,0.083247,0.300344
38.260002,-1.342968,0.069251,0.582345,-1.963075,-0.871727,0.896860,0.505115,0.096435,-1.019475,1.160407,-0.373724,-0.510859,0.612695,0.284896,-0.689080,0.134875,1.170932,-1.950251,-2.352899,1.537097,0.850087,0.000649,-0.256531,0.493800,-0.113030,-0.389174,0.084023,0.295936
38.261123,-1.348652,0.068436,0.576847,-1.965251,-0.870859,0.896857,0.506533,0.125770,-1.047778,1.189112,-0.371013,-0.512684,0.613979,0.284960,-0.689080,0.134614,1.171425,-1.950364,-2.353286,1.537184,0.850383,0.000519,-0.258123,0.494322,-0.113381,-0.386467,0.085783,0.296845
38.261965,-1.351540,0.068963,0.572079,-1.965121,-0.870045,0.896321,0.507212,0.140334,-1.066494,1.203584,-0.368324,-0.513853,0.614347,0.285106,-0.689077,0.134368,1.171919,-1.950475,-2.353670,1.537264,0.850664,0.001914,-0.255555,0.493931,-0.112555,-0.385783,0.085496,0.292991
38.262978,-1.350338,0.073210,0.559471,-1.967051,-0.868710,0.897320,0.508585,0.144442,-1.078311,1.207986,-0.365729,-0.514571,0.614050,0.285302,-0.689075,0.134118,1.172412,-1.950591,-2.354053,1.537352,0.850948,0.002263,-0.253446,0.492494,-0.112950,-0.384458,0.085665,0.290625
38.264005,-1.351557,0.075016,0.554416,-1.965293,-0.868118,0.898092,0.509999,0.142672,-1.086049,1.206758,-0.363326,-0.515024,0.613378,0.285516,-0.689078,0.133863,1.172915,-1.950701,-2.354438,1.537433,0.851227,0.000396,-0.253289,0.495330,-0.112023,-0.383989,0.084354,0.286886
38.265016,-1.354279,0.076445,0.552756,-1.966159,-0.869107,0.897854,0.509799,0.137405,-1.090170,1.202131,-0.361300,-0.515304,0.612566,0.285726,-0.689080,0.133616,1.173405,-1.950822,-2.354815,1.537515,0.851496,-0.000260,-0.251973,0.494509,-0.114613,-0.382882,0.083283,0.283121
38.266041,-1.359328,0.080592,0.545703,-1.966133,-0.867878,0.898351,0.510428,0.132617,-1.093347,1.198061,-0.358106,-0.515692,0.611789,0.285914,-0.689080,0.133364,1.173889,-1.950934,-2.355191,1.537598,0.851780,-0.000173,-0.250423,0.492040,-0.114680,-0.380159,0.083222,0.282553
38.266924,-1.365139,0.081000,0.535899,-1.967176,-0.865851,0.896186,0.510004,0.130751,-1.097336,1.196923,-0.352812,-0.516360,0.611168,0.286082,-0.689077,0.133114,1.174382,-1.951054,-2.355574,1.537679,0.852053,0.001018,-0.250270,0.492239,-0.115546,-0.379644,0.082422,0.280329
38.267943,-1.368625,0.088033,0.526177,-1.967941,-0.867441,0.894726,0.510274,0.127503,-1.099593,1.194410,-0.345942,-0.517111,0.610494,0.286261,-0.689069,0.132872,1.174882,-1.951167,-2.355950,1.537769,0.852334,0.002719,-0.248216,0.493353,-0.114954,-0.379702,0.084241,0.280193
38.269005,-1.376900,0.088599,0.523480,-1.969058,-0.866588,0.893344,0.509661,0.095304,-1.085559,1.163912,-0.331105,-0.517806,0.607809,0.286744,-0.689055,0.132379,1.175864,-1.951397,-2.356689,1.537943,0.852888,0.005798,-0.247645,0.492944,-0.115075,-0.375759,0.086420,0.278952
38.270059,-1.377804,0.090957,0.517280,-1.970177,-0.866527,0.892349,0.510033,0.066947,-1.069537,1.136433,-0.324036,-0.517689,0.605769,0.287006,-0.689052,0.132132,1.176354,-1.951515,-2.357062,1.538029,0.853161,0.004846,-0.246656,0.492820,-0.114922,-0.374215,0.087087,0.277239
38.271000,-1.380399,0.094385,0.513023,-1.969645,-0.867525,0.892943,0.509836,0.037268,-1.052045,1.107525,-0.317074,-0.517507,0.603588,0.287229,-0.689047,0.131886,1.176843,-1.951633,-2.357430,1.538113,0.853436,0.004902,-0.246128,0.491419,-0.116033,-0.371421,0.086149,0.276673
38.272079,-1.378833,0.094191,0.508153,-1.969091,-0.866985,0.893238,0.509718,0.037268,-1.052045,1.107525,-0.317074,-0.517507,0.603588,0.287229,-0.689047,0.131886,1.176843,-1.951633,-2.357430,1.538113,0.853436,0.004902,-0.246128,0.491419,-0.116033,-0.371421,0.086149,0.276673
38.272952,-1.384378,0.098869,0.501057,-1.970855,-0.865980,0.893249,0.508989,0.012119,-1.036998,1.082970,-0.309307,-0.517548,0.601556,0.287397,-0.689051,0.131648,1.177335,-1.951755,-2.357794,1.538197,0.853710,0.002780,-0.243963,0.490644,-0.117559,-0.370512,0.085556,0.275958
38.273951,-1.384591,0.099217,0.484914,-1.970272,-0.866745,0.892362,0.507577,-0.006039,-1.026180,1.065124,-0.300570,-0.517907,0.599828,0.287514,-0.689044,0.131404,1.177821,-1.951866,-2.358166,1.538283,0.853987,0.004392,-0.244040,0.490558,-0.116237,-0.369560,0.085194,0.276437
38.274975,-1.387206,0.099860,0.477737,-1.971326,-0.869209,0.890577,0.505188,-0.022322,-1.016512,1.048850,-0.291970,-0.518308,0.598186,0.287604,-0.689042,0.131168,1.178327,-1.951987,-2.358521,1.538371,0.854265,0.003178,-0.242107,0.495102,-0.117551,-0.367252,0.085750,0.278301
38.275978,-1.396399,0.105074,0.467351,-1.972413,-0.867089,0.889354,0.503152,-0.042310,-1.005934,1.028772,-0.283244,-0.518581,0.596222,0.287708,-0.689039,0.130930,1.178827,-1.952105,-2.358879,1.538460,0.854556,0.003169,-0.240336,0.495204,-0.117335,-0.363260,0.087197,0.282076
38.277004,-1.398610,0.103437,0.457655,-1.973860,-0.867947,0.888179,0.502172,-0.106640,-0.975807,0.963993,-0.266460,-0.518223,0.590474,0.288084,-0.689022,0.130455,1.179825,-1.952338,-2.359597,1.538639,0.855137,0.006089,-0.237933,0.498340,-0.116524,-0.361449,0.088897,0.286031
38.278022,-1.396199,0.106534,0.450760,-1.974660,-0.868960,0.888427,0.500922,-0.106640,-0.975807,0.963993,-0.266460,-0.518223,0.590474,0.288084,-0.689022,0.130455,1.179825,-1.952338,-2.359597,1.538639,0.855137,0.006089,-0.237933,0.498340,-0.116524,-0.361449,0.088897,0.286031
38.278904,-1.396955,0.110134,0.439526,-1.974210,-0.865974,0.888037,0.499546,-0.194542,-0.936618,0.874418,-0.255153,-0.516675,0.583176,0.288540,-0.689022,0.129985,1.180826,-1.952571,-2.360311,1.538816,0.855717,0.002845,-0.237081,0.500151,-0.117465,-0.360154,0.088325,0.289229
38.280038,-1.399420,0.115006,0.435733,-1.975255,-0.867657,0.888674,0.499194,-0.194542,-0.936618,0.874418,-0.255153,-0.516675,0.583176,0.288540,-0.689022,0.129985,1.180826,-1.952571,-2.360311,1.538816,0.855717,0.002845,-0.237081,0.500151,-0.117465,-0.360154,0.088325,0.289229
38.280976,-1.394459,0.118322,0.431418,-1.974120,-0.868028,0.887698,0.499223,-0.270488,-0.900920,0.794337,-0.251465,-0.515105,0.577195,0.288778,-0.689027,0.129513,1.181819,-1.952809,-2.361021,1.538991,0.856296,-0.000999,-0.237052,0.497428,-0.119316,-0.355140,0.088000,0.287812
38.281940,-1.395258,0.117878,0.420304,-1.976184,-0.871022,0.886592,0.498535,-0.293510,-0.888868,0.768199,-0.251710,-0.514724,0.575430,0.288730,-0.689030,0.129284,1.182323,-1.952925,-2.361363,1.539082,0.856581,-0.001752,-0.234789,0.499379,-0.117927,-0.350651,0.088741,0.288195
38.282976,-1.394241,0.119749,0.411943,-1.975773,-0.869025,0.885057,0.498058,-0.306231,-0.882088,0.751910,-0.252642,-0.514630,0.574402,0.288576,-0.689037,0.129054,1.182823,-1.953045,-2.361720,1.539177,0.856874,-0.003501,-0.233743,0.500141,-0.119227,-0.351219,0.089908,0.288115
38.284011,-1.400760,0.122140,0.403224,-1.980122,-0.868688,0.883728,0.497368,-0.306231,-0.882088,0.751910,-0.252642,-0.514630,0.574402,0.288576,-0.689037,0.129054,1.182823,-1.953045,-2.361720,1.539177,0.856874,-0.003501,-0.233743,0.500141,-0.119227,-0.351219,0.089908,0.288115
38.284977,-1.399691,0.123675,0.395422,-1.981491,-0.871874,0.882276,0.497562,-0.313951,-0.877654,0.740336,-0.254974,-0.514536,0.573811,0.288373,-0.689035,0.128822,1.183328,-1.953155,-2.362069,1.539268,0.857162,-0.001535,-0.232931,0.501024,-0.115911,-0.350141,0.090880,0.288488
38.285996,-1.400683,0.128126,0.386236,-1.980990,-0.868231,0.884046,0.496419,-0.320802,-0.872090,0.729318,-0.260596,-0.514144,0.573564,0.288193,-0.689043,0.128595,1.183835,-1.953269,-2.362403,1.539361,0.857455,-0.003237,-0.231685,0.501244,-0.115312,-0.345527,0.091956,0.287040
38.287087,-1.401192,0.133113,0.382529,-1.982807,-0.866218,0.881893,0.496955,-0.327354,-0.864611,0.718383,-0.269508,-0.513499,0.573668,0.288079,-0.689049,0.128363,1.184334,-1.953387,-2.362755,1.539451,0.857745,-0.003955,-0.231902,0.502410,-0.116695,-0.347775,0.089805,0.288333
38.288054,-1.401313,0.134601,0.379621,-1.983910,-0.866897,0.881871,0.495140,-0.332761,-0.855302,0.708484,-0.280589,-0.512809,0.574151,0.288039,-0.689055,0.128134,1.184833,-1.953502,-2.363104,1.539546,0.858025,-0.005016,-0.232462,0.500970,-0.116030,-0.348477,0.091625,0.286255
38.288946,-1.399874,0.138134,0.370499,-1.983222,-0.867250,0.880629,0.494984,-0.333699,-0.845357,0.702860,-0.293666,-0.512279,0.575229,0.288072,-0.689063,0.127907,1.185334,-1.953617,-2.363447,1.539638,0.858320,-0.006087,-0.231185,0.498824,-0.115655,-0.346294,0.091258,0.288883
38.290050,-1.398116,0.145545,0.368367,-1.985452,-0.863776,0.879972,0.494622,-0.326415,-0.837540,0.705360,-0.307621,-0.512215,0.577011,0.288174,-0.689074,0.127673,1.185831,-1.953733,-2.363791,1.539732,0.858606,-0.007811,-0.230824,0.499675,-0.116774,-0.344306,0.092110,0.288140
38.290954,-1.401219,0.148831,0.361648,-1.986966,-0.861337,0.880530,0.494837,-0.310299,-0.832131,0.716675,-0.321785,-0.512751,0.579483,0.288306,-0.689089,0.127441,1.186328,-1.953849,-2.364138,1.539825,0.858893,-0.009916,-0.232588,0.497507,-0.115735,-0.346581,0.092414,0.287870
38.291930,-1.403901,0.149170,0.359381,-1.990013,-0.862493,0.880535,0.494322,-0.286343,-0.826873,0.735584,-0.337612,-0.513720,0.582760,0.288404,-0.689097,0.127209,1.186820,-1.953961,-2.364490,1.539914,0.859179,-0.009383,-0.232090,0.497248,-0.114783,-0.347308,0.091475,0.286408
38.292973,-1.407669,0.151551,0.350817,-1.989730,-0.860024,0.880205,0.494071,-0.256250,-0.820778,0.760285,-0.356029,-0.514903,0.586823,0.288431,-0.689105,0.126986,1.187310,-1.954070,-2.364826,1.540007,0.859462,-0.009193,-0.230300,0.494914,-0.112642,-0.344725,0.091099,0.286454
38.293932,-1.420894,0.156718,0.342907,-1.989234,-0.858081,0.880506,0.493443,-0.222379,-0.814653,0.788711,-0.375780,-0.516216,0.591381,0.288400,-0.689112,0.126756,1.187812,-1.954186,-2.365176,1.540100,0.859749,-0.008541,-0.229522,0.495810,-0.113931,-0.345839,0.091068,0.285943
38.295031,-1.424634,0.160728,0.342629,-1.991651,-0.858904,0.878833,0.492809,-0.193232,-0.806253,0.812998,-0.394025,-0.517513,0.595635,0.288365,-0.689106,0.126525,1.188305,-1.954301,-2.365526,1.540187,0.860033,-0.003168,-0.230062,0.496243,-0.115117,-0.346207,0.090419,0.286204
38.296074,-1.431158,0.165255,0.342492,-1.991686,-0.858932,0.878241,0.492597,-0.176804,-0.792091,0.825531,-0.409287,-0.518592,0.598957,0.288356,-0.689109,0.126296,1.188793,-1.954413,-2.365864,1.540284,0.860319,-0.002700,-0.230130,0.493237,-0.113962,-0.344194,0.091734,0.286476
38.297032,-1.432156,0.166178,0.338568,-1.991193,-0.856840,0.877612,0.491262,-0.169660,-0.773550,0.829520,-0.422135,-0.519518,0.601581,0.288364,-0.689107,0.126063,1.189270,-1.954529,-2.366207,1.540376,0.860604,-0.000773,-0.230382,0.490179,-0.114931,-0.342846,0.091957,0.285895
38.298100,-1.434200,0.170588,0.342639,-1.992422,-0.856266,0.877961,0.490941,-0.164627,-0.755157,0.831997,-0.432165,-0.520554,0.603836,0.288389,-0.689110,0.125840,1.189756,-1.954648,-2.366547,1.540469,0.860899,-0.001478,-0.228863,0.488720,-0.116037,-0.343492,0.092207,0.287537
38.299113,-1.437706,0.177103,0.333783,-1.992321,-0.855525,0.878386,0.489269,-0.154653,-0.741613,0.839925,-0.438998,-0.521931,0.606062,0.288436,-0.689112,0.125610,1.190234,-1.954765,-2.366897,1.540557,0.861183,-0.001782,-0.229121,0.483589,-0.115837,-0.342711,0.091519,0.287167
38.300018,-1.441353,0.178152,0.336692,-1.994746,-0.854639,0.878239,0.488321,-0.136581,-0.733702,0.856214,-0.443926,-0.523601,0.608599,0.288485,-0.689112,0.125377,1.190715,-1.954883,-2.367237,1.540647,0.861475,-0.001304,-0.230350,0.484830,-0.116768,-0.342100,0.090745,0.289507
38.300994,-1.447221,0.185522,0.327795,-1.993803,-0.852238,0.877978,0.487703,-0.112664,-0.729108,0.878377,-0.448648,-0.525286,0.611494,0.288506,-0.689110,0.125154,1.191186,-1.954995,-2.367569,1.540735,0.861765,-0.000645,-0.228840,0.479926,-0.114888,-0.341484,0.090534,0.290351
38.302074,-1.451261,0.186538,0.326906,-1.995312,-0.853282,0.876944,0.487196,-0.085790,-0.726149,0.903369,-0.454174,-0.526751,0.614649,0.288475,-0.689107,0.124920,1.191662,-1.955115,-2.367913,1.540827,0.862057,0.001022,-0.230476,0.481162,-0.116495,-0.342433,0.090429,0.290548
38.303054,-1.455836,0.192567,0.320259,-1.998206,-0.855318,0.876501,0.486401,-0.060401,-0.723017,0.926834,-0.460137,-0.527873,0.617725,0.288393,-0.689104,0.124692,1.192134,-1.955231,-2.368251,1.540920,0.862346,0.001626,-0.229027,0.478601,-0.116089,-0.340159,0.091114,0.290550
38.303991,-1.465051,0.192771,0.315571,-1.996961,-0.852810,0.876187,0.487025,-0.038850,-0.718675,0.946385,-0.466863,-0.528611,0.620561,0.288278,-0.689099,0.124460,1.192614,-1.955342,-2.368582,1.541010,0.862638,0.002613,-0.230009,0.478646,-0.114040,-0.336781,0.091193,0.291111
38.305008,-1.465591,0.194987,0.316919,-1.997549,-0.852552,0.877287,0.486152,-0.023430,-0.712254,0.959718,-0.474736,-0.528948,0.622993,0.288134,-0.689088,0.124235,1.193083,-1.955463,-2.368923,1.541100,0.862924,0.005927,-0.228084,0.477686,-0.115797,-0.337815,0.091140,0.288820
38.306132,-1.468276,0.200131,0.310347,-1.999078,-0.845912,0.877543,0.487422,-0.013694,-0.705958,0.967550,-0.481825,-0.529150,0.624810,0.287952,-0.689084,0.124010,1.193552,-1.955579,-2.369257,1.541187,0.863214,0.004817,-0.227257,0.473894,-0.116088,-0.336756,0.089697,0.289575
38.307135,-1.468295,0.202713,0.310516,-2.000249,-0.844949,0.879085,0.487333,-0.004254,-0.703015,0.975205,-0.487703,-0.529538,0.626305,0.287719,-0.689080,0.123781,1.194031,-1.955694,-2.369612,1.541276,0.863495,0.004691,-0.227933,0.474289,-0.115855,-0.342179,0.089121,0.286021
38.308087,-1.471152,0.207709,0.307959,-1.998837,-0.839292,0.879174,0.487477,0.008176,-0.703451,0.985609,-0.494169,-0.530140,0.627898,0.287421,-0.689079,0.123551,1.194494,-1.955806,-2.369954,1.541357,0.863775,0.003406,-0.227193,0.471112,-0.115595,-0.341688,0.087269,0.285244
38.309075,-1.471908,0.210242,0.301746,-1.999316,-0.834515,0.878473,0.488143,0.026070,-0.707937,1.001057,-0.501452,-0.531043,0.629821,0.287050,-0.689075,0.123326,1.194960,-1.955928,-2.370306,1.541442,0.864055,0.003594,-0.227723,0.469192,-0.117550,-0.345793,0.086863,0.283959
38.310059,-1.473975,0.215519,0.297549,-1.998891,-0.832334,0.877620,0.487782,0.049055,-0.716595,1.021305,-0.508434,-0.532300,0.631990,0.286617,-0.689073,0.123100,1.195424,-1.956046,-2.370665,1.541529,0.864332,0.002686,-0.227002,0.469223,-0.117775,-0.348969,0.087234,0.281643
38.311098,-1.478762,0.216744,0.290335,-1.997931,-0.829954,0.877112,0.489792,0.096370,-0.739514,1.063119,-0.519045,-0.535307,0.636014,0.285718,-0.689064,0.122649,1.196361,-1.956295,-2.371367,1.541704,0.864875,0.003466,-0.226335,0.468742,-0.120511,-0.350564,0.087918,0.276420
38.312122,-1.482685,0.220940,0.285962,-2.001039,-0.828691,0.878050,0.490215,0.096370,-0.739514,1.063119,-0.519045,-0.535307,0.636014,0.285718,-0.689064,0.122649,1.196361,-1.956295,-2.371367,1.541704,0.864875,0.003466,-0.226335,0.468742,-0.120511,-0.350564,0.087918,0.276420
38.312921,-1.488406,0.221630,0.280771,-2.000987,-0.825856,0.877552,0.491329,0.113218,-0.750194,1.077636,-0.521749,-0.536639,0.637295,0.285302,-0.689059,0.122421,1.196827,-1.956407,-2.371722,1.541788,0.865143,0.004058,-0.226471,0.467885,-0.118360,-0.350332,0.086653,0.274676
38.314047,-1.488644,0.225999,0.275896,-1.997703,-0.822097,0.877802,0.492008,0.122972,-0.758026,1.085295,-0.524585,-0.537458,0.638074,0.284937,-0.689049,0.122203,1.197292,-1.956527,-2.372071,1.541877,0.865409,0.005800,-0.224782,0.466891,-0.118431,-0.351303,0.086783,0.271478
38.315025,-1.491327,0.226243,0.267321,-2.000706,-0.819087,0.878053,0.493151,0.126445,-0.763860,1.087042,-0.526751,-0.537821,0.638308,0.284638,-0.689046,0.121978,1.197757,-1.956658,-2.372431,1.541967,0.865673,0.004426,-0.225123,0.466565,-0.122682,-0.353744,0.086195,0.269227
38.315951,-1.487591,0.229140,0.259757,-1.999663,-0.817317,0.878051,0.495477,0.120284,-0.773999,1.078984,-0.525116,-0.537636,0.637074,0.284154,-0.689047,0.121538,1.198702,-1.956900,-2.373144,1.542136,0.866182,0.001478,-0.222831,0.468061,-0.121748,-0.355214,0.085286,0.260480
38.317004,-1.488323,0.232671,0.253133,-1.997199,-0.819349,0.877715,0.495005,0.115410,-0.779649,1.073611,-0.522322,-0.537189,0.636019,0.283885,-0.689046,0.121316,1.199164,-1.957030,-2.373494,1.542223,0.866441,0.000524,-0.222715,0.468454,-0.124909,-0.351772,0.085304,0.260585
38.318048,-1.491770,0.228678,0.248635,-2.000212,-0.817907,0.877056,0.496182,0.111873,-0.787770,1.069889,-0.516599,-0.536795,0.634708,0.283570,-0.689044,0.121107,1.199631,-1.957149,-2.373840,1.542310,0.866689,0.000907,-0.218954,0.467705,-0.122766,-0.351902,0.085637,0.257348
38.319082,-1.495208,0.234686,0.242212,-1.999995,-0.818940,0.876037,0.495739,0.111873,-0.787770,1.069889,-0.516599,-0.536795,0.634708,0.283570,-0.689044,0.121107,1.199631,-1.957149,-2.373840,1.542310,0.866689,0.000907,-0.218954,0.467705,-0.122766,-0.351902,0.085637,0.257348
38.320100,-1.495638,0.235427,0.233010,-2.000634,-0.818920,0.875807,0.497467,0.109066,-0.797922,1.067120,-0.508997,-0.536355,0.633184,0.283220,-0.689042,0.120883,1.200098,-1.957276,-2.374190,1.542398,0.866950,0.001288,-0.220086,0.467902,-0.123687,-0.349426,0.086324,0.257365
38.320967,-1.500359,0.239221,0.224618,-1.999550,-0.818693,0.876512,0.499117,0.104336,-0.807298,1.062584,-0.500924,-0.535690,0.631442,0.282842,-0.689044,0.120664,1.200570,-1.957400,-2.374539,1.542479,0.867190,0.000221,-0.218572,0.469391,-0.123744,-0.348025,0.086247,0.253046
38.321985,-1.502385,0.240440,0.215775,-1.998524,-0.817727,0.878002,0.498786,0.077996,-0.815740,1.037497,-0.482734,-0.533529,0.626706,0.282096,-0.689040,0.120232,1.201516,-1.957653,-2.375223,1.542643,0.867677,0.001168,-0.217295,0.471368,-0.126603,-0.346189,0.083402,0.248756
38.322965,-1.505643,0.241568,0.208072,-1.997201,-0.816412,0.878260,0.498258,0.077996,-0.815740,1.037497,-0.482734,-0.533529,0.626706,0.282096,-0.689040,0.120232,1.201516,-1.957653,-2.375223,1.542643,0.867677,0.001168,-0.217295,0.471368,-0.126603,-0.346189,0.083402,0.248756
38.323967,-1.506727,0.244949,0.200635,-1.996725,-0.817577,0.878086,0.500423,0.025919,-0.811141,0.988587,-0.456732,-0.530833,0.619754,0.281662,-0.689034,0.119805,1.202460,-1.957908,-2.375901,1.542808,0.868158,0.001703,-0.215358,0.470679,-0.127143,-0.341895,0.082491,0.243344
38.324954,-1.505773,0.248028,0.187499,-1.994617,-0.814863,0.875462,0.500195,0.025919,-0.811141,0.988587,-0.456732,-0.530833,0.619754,0.281662,-0.689034,0.119805,1.202460,-1.957908,-2.375901,1.542808,0.868158,0.001703,-0.215358,0.470679,-0.127143,-0.341895,0.082491,0.243344
38.326000,-1.503472,0.250166,0.186617,-1.994742,-0.812449,0.874778,0.500558,-0.004566,-0.806124,0.960183,-0.441741,-0.529515,0.615940,0.281560,-0.689035,0.119589,1.202933,-1.958039,-2.376243,1.542895,0.868401,0.000552,-0.214695,0.472940,-0.128303,-0.342234,0.084662,0.242755
38.327021,-1.508057,0.253491,0.172380,-1.992872,-0.813127,0.875443,0.499473,-0.033394,-0.800732,0.933487,-0.426782,-0.528305,0.612338,0.281521,-0.689040,0.119377,1.203398,-1.958163,-2.376580,1.542980,0.868636,-0.001266,-0.213642,0.469153,-0.127507,-0.342337,0.084867,0.240942
38.328036,-1.509841,0.255665,0.167231,-1.991140,-0.814320,0.877839,0.500490,-0.057262,-0.796238,0.911563,-0.412623,-0.527230,0.609220,0.281523,-0.689038,0.119165,1.203872,-1.958293,-2.376911,1.543063,0.868880,0.000330,-0.213185,0.472037,-0.128542,-0.339359,0.083741,0.242037
38.328953,-1.511307,0.257240,0.152881,-1.992506,-0.812422,0.875350,0.500802,-0.101792,-0.784142,0.870472,-0.386005,-0.524964,0.603632,0.281479,-0.689034,0.118747,1.204822,-1.958551,-2.377572,1.543229,0.869345,0.000573,-0.210812,0.473003,-0.126970,-0.335445,0.082963,0.237247
38.330153,-1.512551,0.258538,0.140300,-1.988867,-0.812625,0.875896,0.501004,-0.101792,-0.784142,0.870472,-0.386005,-0.524964,0.603632,0.281479,-0.689034,0.118747,1.204822,-1.958551,-2.377572,1.543229,0.869345,0.000573,-0.210812,0.473003,-0.126970,-0.335445,0.082963,0.237247
38.330943,-1.517992,0.262650,0.128538,-1.989547,-0.812864,0.875269,0.502225,-0.127774,-0.774141,0.846035,-0.374342,-0.523374,0.600794,0.281390,-0.689034,0.118539,1.205297,-1.958688,-2.377903,1.543311,0.869576,0.000365,-0.209450,0.475212,-0.130054,-0.333133,0.081955,0.235769
38.332003,-1.519632,0.262275,0.118889,-1.987959,-0.817061,0.874665,0.502950,-0.161155,-0.759707,0.814260,-0.363193,-0.521274,0.597490,0.281286,-0.689025,0.118334,1.205774,-1.958813,-2.378227,1.543393,0.869799,0.002460,-0.209377,0.476422,-0.128065,-0.330458,0.082139,0.232314
38.332971,-1.518395,0.268938,0.114366,-1.985459,-0.817627,0.873814,0.503187,-0.203093,-0.740250,0.773951,-0.352798,-0.518619,0.593658,0.281177,-0.689023,0.118129,1.206246,-1.958942,-2.378539,1.543476,0.870025,0.002500,-0.207138,0.477020,-0.128953,-0.324180,0.082294,0.229837
38.333922,-1.518568,0.271069,0.102791,-1.982421,-0.820089,0.873233,0.504814,-0.291510,-0.698151,0.688616,-0.332381,-0.512868,0.585648,0.280927,-0.689025,0.117713,1.207202,-1.959213,-2.379165,1.543644,0.870464,0.000672,-0.207325,0.476202,-0.132259,-0.316861,0.082813,0.224092
38.335039,-1.520709,0.270705,0.094717,-1.981280,-0.819455,0.872701,0.504341,-0.291510,-0.698151,0.688616,-0.332381,-0.512868,0.585648,0.280927,-0.689025,0.117713,1.207202,-1.959213,-2.379165,1.543644,0.870464,0.000672,-0.207325,0.476202,-0.132259,-0.316861,0.082813,0.224092
38.336015,-1.519044,0.271957,0.087345,-1.978162,-0.821540,0.874418,0.505935,-0.330147,-0.680546,0.651454,-0.320395,-0.510361,0.581834,0.280814,-0.689023,0.117512,1.207675,-1.959345,-2.379476,1.543729,0.870689,0.000954,-0.205178,0.476061,-0.132687,-0.315556,0.082888,0.224033
38.336972,-1.518171,0.277876,0.077339,-1.977536,-0.820721,0.873216,0.505938,-0.363024,-0.667897,0.620038,-0.306462,-0.508262,0.578157,0.280722,-0.689026,0.117312,1.208149,-1.959483,-2.379774,1.543805,0.870898,-0.000532,-0.203803,0.475376,-0.134686,-0.311458,0.080743,0.219845
38.338052,-1.520698,0.274587,0.069480,-1.976914,-0.824130,0.872806,0.506965,-0.388016,-0.660709,0.596313,-0.291609,-0.506562,0.574861,0.280623,-0.689029,0.117106,1.208630,-1.959616,-2.380080,1.543886,0.871115,-0.001584,-0.204701,0.475916,-0.134205,-0.310220,0.081533,0.218882
38.339010,-1.522942,0.282752,0.060696,-1.976628,-0.824350,0.870815,0.506079,-0.405750,-0.657435,0.579445,-0.277790,-0.505050,0.572085,0.280492,-0.689029,0.116910,1.209102,-1.959749,-2.380375,1.543966,0.871318,-0.001049,-0.201099,0.475637,-0.134041,-0.304916,0.081509,0.215860
38.340002,-1.522117,0.285128,0.051566,-1.972160,-0.831137,0.871113,0.506576,-0.418859,-0.656152,0.566741,-0.266499,-0.503492,0.569771,0.280341,-0.689029,0.116707,1.209580,-1.959881,-2.380672,1.544049,0.871539,-0.000586,-0.203184,0.475586,-0.133287,-0.302732,0.083059,0.216665
38.341006,-1.523353,0.286726,0.039967,-1.972199,-0.830316,0.870160,0.506999,-0.430206,-0.654600,0.555454,-0.257748,-0.501837,0.567779,0.280188,-0.689033,0.116504,1.210054,-1.960025,-2.380951,1.544132,0.871751,-0.001651,-0.202309,0.475809,-0.136542,-0.294097,0.082288,0.214671
38.342013,-1.527042,0.287120,0.030155,-1.973464,-0.832879,0.870987,0.508248,-0.441171,-0.652489,0.544468,-0.250060,-0.500222,0.565905,0.280022,-0.689034,0.116308,1.210535,-1.960157,-2.381237,1.544214,0.871960,-0.001692,-0.201158,0.477215,-0.135518,-0.293161,0.082814,0.212863
38.342926,-1.522642,0.287280,0.022824,-1.969600,-0.833423,0.872317,0.507540,-0.453190,-0.649434,0.532362,-0.244162,-0.498541,0.564077,0.279845,-0.689033,0.116111,1.211016,-1.960285,-2.381520,1.544292,0.872162,-0.000549,-0.199398,0.477702,-0.133408,-0.288762,0.081548,0.209410
38.344062,-1.519875,0.287339,0.017167,-1.970575,-0.833821,0.873813,0.507446,-0.464720,-0.646529,0.520616,-0.240949,-0.496780,0.562448,0.279686,-0.689041,0.115915,1.211489,-1.960424,-2.381805,1.544371,0.872371,-0.003309,-0.197493,0.476912,-0.136004,-0.286317,0.079783,0.209915
38.344963,-1.518687,0.287909,0.013993,-1.966999,-0.833084,0.873325,0.506685,-0.468331,-0.648697,0.516659,-0.239319,-0.495334,0.561399,0.279547,-0.689051,0.115725,1.211964,-1.960555,-2.382083,1.544446,0.872580,-0.005352,-0.195694,0.475573,-0.134376,-0.284292,0.077893,0.209110
38.345937,-1.519117,0.290591,0.003622,-1.967436,-0.831154,0.873510,0.506043,-0.457180,-0.659933,0.527216,-0.238612,-0.494528,0.561326,0.279418,-0.689059,0.115533,1.212429,-1.960693,-2.382363,1.544525,0.872791,-0.006462,-0.194048,0.472795,-0.136666,-0.283164,0.077967,0.209689
38.347157,-1.522546,0.296534,-0.001696,-1.966879,-0.831968,0.873247,0.504915,-0.431384,-0.679975,0.552156,-0.238504,-0.494394,0.562230,0.279303,-0.689069,0.115343,1.212906,-1.960826,-2.382645,1.544600,0.872999,-0.006790,-0.193507,0.473607,-0.135160,-0.283271,0.077375,0.210012
38.348028,-1.525265,0.299720,-0.006231,-1.963486,-0.831523,0.871976,0.504780,-0.397811,-0.703388,0.584567,-0.240195,-0.494600,0.563865,0.279220,-0.689072,0.115148,1.213378,-1.960963,-2.382922,1.544678,0.873214,-0.005863,-0.194650,0.472229,-0.135158,-0.280907,0.077235,0.211266
38.348950,-1.526684,0.299255,-0.017524,-1.963954,-0.833302,0.873636,0.504141,-0.362826,-0.725320,0.618106,-0.243972,-0.494930,0.565915,0.279172,-0.689075,0.114957,1.213837,-1.961102,-2.383204,1.544760,0.873424,-0.005071,-0.194282,0.470162,-0.137170,-0.279422,0.078061,0.210562
38.349925,-1.533624,0.298763,-0.017155,-1.963268,-0.831760,0.874101,0.502401,-0.329151,-0.745081,0.650253,-0.248384,-0.495432,0.568039,0.279128,-0.689079,0.114770,1.214311,-1.961237,-2.383472,1.544832,0.873636,-0.004947,-0.192164,0.471404,-0.135479,-0.275889,0.075989,0.210890
38.350976,-1.536329,0.303621,-0.025186,-1.962043,-0.832045,0.876004,0.501322,-0.297295,-0.763569,0.680568,-0.253348,-0.496060,0.570109,0.279068,-0.689076,0.114582,1.214767,-1.961372,-2.383747,1.544907,0.873851,-0.002161,-0.190062,0.467011,-0.135107,-0.275700,0.075134,0.213407
38.352047,-1.538373,0.302724,-0.025434,-1.961114,-0.831259,0.876991,0.499374,-0.266977,-0.781182,0.709288,-0.259155,-0.496741,0.572134,0.279000,-0.689076,0.114388,1.215234,-1.961507,-2.384018,1.544976,0.874069,-0.001551,-0.190611,0.466886,-0.135421,-0.273763,0.072850,0.214547
38.352970,-1.541014,0.300899,-0.031134,-1.960052,-0.830055,0.877261,0.498629,-0.236968,-0.798216,0.737584,-0.265545,-0.497494,0.574206,0.278941,-0.689076,0.114208,1.215694,-1.961643,-2.384286,1.545045,0.874287,-0.001269,-0.188403,0.462911,-0.135457,-0.272969,0.071509,0.217451
38.353950,-1.540065,0.303126,-0.025911,-1.959855,-0.828213,0.876155,0.498685,-0.203620,-0.817366,0.769083,-0.271749,-0.498457,0.576494,0.278889,-0.689076,0.114028,1.216148,-1.961779,-2.384558,1.545117,0.874507,-0.000579,-0.185700,0.461587,-0.135304,-0.272396,0.070858,0.217920
38.355052,-1.540903,0.303597,-0.034450,-1.959552,-0.826394,0.876242,0.495564,-0.161557,-0.842132,0.809070,-0.277543,-0.499779,0.579307,0.278828,-0.689078,0.113845,1.216592,-1.961913,-2.384824,1.545190,0.874720,-0.001724,-0.185041,0.454924,-0.134448,-0.272575,0.071590,0.216816
38.356040,-1.545440,0.306894,-0.041859,-1.959903,-0.826968,0.875822,0.496593,-0.107209,-0.873521,0.860933,-0.283911,-0.501447,0.582986,0.278753,-0.689080,0.113663,1.217048,-1.962048,-2.385098,1.545259,0.874951,-0.002031,-0.183525,0.455274,-0.133983,-0.272786,0.071131,0.222057
38.356958,-1.547353,0.310705,-0.044499,-1.958029,-0.826451,0.875715,0.495493,-0.046119,-0.907538,0.919186,-0.291834,-0.503126,0.587301,0.278671,-0.689078,0.113480,1.217498,-1.962176,-2.385368,1.545330,0.875162,-0.000442,-0.183386,0.454915,-0.132742,-0.270486,0.071180,0.218945
38.358015,-1.553096,0.312755,-0.053874,-1.955768,-0.829398,0.875675,0.494855,0.013370,-0.938911,0.975672,-0.301562,-0.504478,0.591779,0.278580,-0.689077,0.113296,1.217945,-1.962311,-2.385632,1.545402,0.875385,-0.000141,-0.183457,0.452091,-0.133434,-0.269307,0.070895,0.220182
38.358998,-1.552622,0.315840,-0.062786,-1.955142,-0.829568,0.874880,0.494389,0.066818,-0.965525,1.026234,-0.311599,-0.505503,0.595999,0.278494,-0.689070,0.113113,1.218393,-1.962447,-2.385887,1.545474,0.875609,0.001935,-0.182715,0.452872,-0.134772,-0.264852,0.070553,0.220415
38.359923,-1.557562,0.319355,-0.069181,-1.953500,-0.832239,0.874877,0.493180,0.110087,-0.986125,1.067040,-0.320252,-0.506246,0.599504,0.278445,-0.689070,0.112932,1.218845,-1.962582,-2.386148,1.545548,0.875830,0.000993,-0.182479,0.453232,-0.134320,-0.263106,0.070958,0.220334
38.361023,-1.562711,0.325149,-0.066034,-1.951752,-0.830362,0.875468,0.491645,0.141549,-0.999857,1.096418,-0.327664,-0.506722,0.602166,0.278454,-0.689063,0.112749,1.219296,-1.962721,-2.386400,1.545614,0.876054,0.002768,-0.182421,0.452257,-0.134710,-0.258827,0.070601,0.221756
38.361969,-1.562519,0.326680,-0.073360,-1.948003,-0.831127,0.876101,0.491297,0.163584,-1.007463,1.116513,-0.334295,-0.507092,0.604168,0.278528,-0.689055,0.112561,1.219735,-1.962858,-2.386662,1.545678,0.876277,0.004489,-0.183514,0.446853,-0.135599,-0.259248,0.069677,0.223802
38.362981,-1.561831,0.332591,-0.073664,-1.947070,-0.829177,0.877150,0.489471,0.180920,-1.011702,1.131953,-0.339428,-0.507693,0.605739,0.278661,-0.689051,0.112381,1.220177,-1.963002,-2.386913,1.545746,0.876503,0.003673,-0.182478,0.446544,-0.138006,-0.256915,0.068680,0.223450
38.363922,-1.562666,0.335299,-0.080986,-1.944873,-0.826003,0.877101,0.488918,0.198596,-1.015700,1.147729,-0.342581,-0.508797,0.607158,0.278838,-0.689049,0.112196,1.220611,-1.963139,-2.387174,1.545811,0.876740,0.002603,-0.183646,0.442837,-0.137882,-0.257309,0.067283,0.226055
38.364902,-1.564870,0.336842,-0.085304,-1.944978,-0.825100,0.877534,0.488298,0.219491,-1.020398,1.166544,-0.345019,-0.510378,0.608750,0.279038,-0.689046,0.112016,1.221055,-1.963282,-2.387436,1.545876,0.876964,0.002353,-0.183206,0.442473,-0.138751,-0.258832,0.066999,0.226119
38.366025,-1.566962,0.342841,-0.090596,-1.942952,-0.823208,0.875835,0.487412,0.242882,-1.025236,1.187568,-0.348238,-0.512184,0.610617,0.279231,-0.689042,0.111838,1.221495,-1.963416,-2.387694,1.545941,0.877196,0.002740,-0.182238,0.440665,-0.137583,-0.258134,0.066220,0.226310
38.367018,-1.566362,0.346444,-0.102643,-1.941378,-0.821755,0.876714,0.486728,0.266191,-1.029083,1.208229,-0.353036,-0.513945,0.612664,0.279386,-0.689038,0.111649,1.221928,-1.963557,-2.387951,1.546013,0.877422,0.002967,-0.183442,0.439649,-0.138747,-0.258604,0.067565,0.227039
38.368011,-1.567422,0.349703,-0.112384,-1.939302,-0.822627,0.876252,0.486169,0.285557,-1.029761,1.224758,-0.359536,-0.515423,0.614671,0.279499,-0.689038,0.111467,1.222374,-1.963698,-2.388208,1.546074,0.877650,0.001972,-0.183452,0.441689,-0.139128,-0.258496,0.066340,0.227368
38.368917,-1.573576,0.353746,-0.115563,-1.938351,-0.820428,0.876049,0.485917,0.298179,-1.015881,1.231743,-0.375515,-0.516929,0.617413,0.279606,-0.689027,0.111096,1.223248,-1.963976,-2.388718,1.546209,0.878100,0.004176,-0.183419,0.440185,-0.139702,-0.256661,0.066298,0.226937
38.370062,-1.574369,0.356433,-0.128789,-1.934760,-0.819895,0.876395,0.485829,0.298179,-1.015881,1.231743,-0.375515,-0.516929,0.617413,0.279606,-0.689027,0.111096,1.223248,-1.963976,-2.388718,1.546209,0.878100,0.004176,-0.183419,0.440185,-0.139702,-0.256661,0.066298,0.226937
38.371047,-1.573889,0.356102,-0.138895,-1.931919,-0.817669,0.877068,0.484050,0.289013,-1.001341,1.219966,-0.383682,-0.516939,0.617801,0.279625,-0.689025,0.110915,1.223697,-1.964122,-2.388971,1.546272,0.878328,0.003728,-0.183040,0.443021,-0.142341,-0.255810,0.065625,0.226054
38.371993,-1.575461,0.361953,-0.144239,-1.929806,-0.817204,0.876143,0.482180,0.269044,-0.983394,1.197895,-0.389498,-0.516688,0.617231,0.279667,-0.689025,0.110737,1.224139,-1.964266,-2.389228,1.546336,0.878562,0.002804,-0.181120,0.444089,-0.143907,-0.256485,0.064609,0.228584
38.373030,-1.574465,0.363390,-0.150254,-1.927080,-0.811705,0.875166,0.481808,0.241313,-0.964553,1.168687,-0.391808,-0.516459,0.615788,0.279758,-0.689021,0.110552,1.224582,-1.964412,-2.389477,1.546404,0.878796,0.002899,-0.182242,0.442700,-0.144615,-0.255408,0.065190,0.231271
38.373944,-1.574382,0.365905,-0.156259,-1.926875,-0.807171,0.873758,0.480599,0.210971,-0.946674,1.137306,-0.391386,-0.516467,0.613904,0.279879,-0.689022,0.110371,1.225026,-1.964562,-2.389744,1.546472,0.879028,0.001691,-0.181185,0.441783,-0.146037,-0.259339,0.065808,0.230925
38.374967,-1.575422,0.368354,-0.165776,-1.925537,-0.805327,0.871900,0.480656,0.158383,-0.918573,1.083113,-0.388271,-0.517316,0.610340,0.280051,-0.689023,0.110015,1.225910,-1.964849,-2.390275,1.546616,0.879498,0.000856,-0.180186,0.441575,-0.144993,-0.262348,0.068317,0.231094
38.376115,-1.574212,0.370274,-0.165386,-1.922490,-0.803102,0.870457,0.479959,0.158383,-0.918573,1.083113,-0.388271,-0.517316,0.610340,0.280051,-0.689023,0.110015,1.225910,-1.964849,-2.390275,1.546616,0.879498,0.000856,-0.180186,0.441575,-0.144993,-0.262348,0.068317,0.231094
38.376967,-1.576969,0.376441,-0.174101,-1.921366,-0.804164,0.869002,0.480219,0.125157,-0.902299,1.048542,-0.385609,-0.519024,0.607814,0.280046,-0.689025,0.109653,1.226782,-1.965148,-2.390789,1.546758,0.879951,0.000293,-0.180712,0.437982,-0.146412,-0.260377,0.070453,0.229900
38.377956,-1.575818,0.373494,-0.180592,-1.918803,-0.802652,0.869773,0.480157,0.116804,-0.898841,1.039755,-0.383068,-0.520205,0.606893,0.279993,-0.689029,0.109482,1.227221,-1.965299,-2.391049,1.546826,0.880180,-0.000938,-0.177540,0.437293,-0.147576,-0.260318,0.069301,0.228986
38.379055,-1.580419,0.377780,-0.188057,-1.918312,-0.802948,0.869852,0.478132,0.111267,-0.897605,1.034047,-0.379386,-0.521410,0.605991,0.279959,-0.689025,0.109303,1.227655,-1.965445,-2.391307,1.546894,0.880420,0.000590,-0.178019,0.437314,-0.146973,-0.258543,0.068874,0.231974
38.379987,-1.583947,0.380882,-0.193861,-1.916579,-0.803314,0.868816,0.478441,0.104936,-0.896151,1.027817,-0.375071,-0.522418,0.604957,0.279976,-0.689021,0.109128,1.228092,-1.965594,-2.391559,1.546965,0.880648,0.001663,-0.177842,0.436219,-0.147223,-0.256606,0.069539,0.230282
38.381001,-1.586966,0.383346,-0.203403,-1.912601,-0.802673,0.868518,0.478715,0.104936,-0.896151,1.027817,-0.375071,-0.522418,0.604957,0.279976,-0.689021,0.109128,1.228092,-1.965594,-2.391559,1.546965,0.880648,0.001663,-0.177842,0.436219,-0.147223,-0.256606,0.069539,0.230282
38.382006,-1.586837,0.385353,-0.207738,-1.910938,-0.802486,0.867428,0.476888,0.077310,-0.885767,1.001649,-0.361571,-0.523702,0.601502,0.280113,-0.689015,0.108773,1.228953,-1.965901,-2.392071,1.547108,0.881107,0.001633,-0.176620,0.435552,-0.149977,-0.254378,0.070170,0.231339
38.382940,-1.592429,0.381609,-0.215277,-1.906804,-0.798765,0.866345,0.476697,0.077310,-0.885767,1.001649,-0.361571,-0.523702,0.601502,0.280113,-0.689015,0.108773,1.228953,-1.965901,-2.392071,1.547108,0.881107,0.001633,-0.176620,0.435552,-0.149977,-0.254378,0.070170,0.231339
38.383960,-1.590912,0.387620,-0.216308,-1.904779,-0.797924,0.865601,0.475537,0.058445,-0.880475,0.984278,-0.349509,-0.524387,0.598924,0.280205,-0.689008,0.108609,1.229390,-1.966059,-2.392330,1.547181,0.881338,0.003724,-0.173138,0.435359,-0.152411,-0.256488,0.070858,0.230645
38.385044,-1.598205,0.389765,-0.222521,-1.902893,-0.796781,0.865503,0.474618,0.040168,-0.878740,0.967981,-0.332842,-0.525376,0.595888,0.280294,-0.689007,0.108432,1.229812,-1.966212,-2.392587,1.547255,0.881573,0.002216,-0.174478,0.432161,-0.153003,-0.255775,0.071202,0.231914
38.386035,-1.597293,0.388212,-0.234092,-1.903055,-0.798237,0.863184,0.475100,0.023892,-0.879749,0.953889,-0.313066,-0.526652,0.592692,0.280369,-0.688996,0.108260,1.230241,-1.966368,-2.392838,1.547327,0.881805,0.005037,-0.173905,0.431622,-0.153549,-0.255514,0.070917,0.232682
38.386932,-1.602020,0.389735,-0.238328,-1.902368,-0.799551,0.863286,0.473912,-0.012214,-0.880496,0.921974,-0.272855,-0.528987,0.586064,0.280456,-0.688987,0.107922,1.231103,-1.966666,-2.393330,1.547475,0.882273,0.005523,-0.170590,0.431725,-0.151115,-0.249714,0.072332,0.231990
38.388111,-1.604542,0.392759,-0.242783,-1.900044,-0.799418,0.862096,0.475039,-0.012214,-0.880496,0.921974,-0.272855,-0.528987,0.586064,0.280456,-0.688987,0.107922,1.231103,-1.966666,-2.393330,1.547475,0.882273,0.005523,-0.170590,0.431725,-0.151115,-0.249714,0.072332,0.231990
38.388928,-1.609085,0.393067,-0.257528,-1.896933,-0.801193,0.861136,0.474668,-0.032760,-0.879198,0.903177,-0.255059,-0.529733,0.582760,0.280478,-0.688982,0.107754,1.231531,-1.966822,-2.393580,1.547551,0.882491,0.005903,-0.170576,0.430413,-0.152329,-0.248563,0.073137,0.228665
38.389939,-1.610709,0.393775,-0.260556,-1.895477,-0.800313,0.860358,0.473913,-0.056862,-0.875854,0.880742,-0.237769,-0.530179,0.579232,0.280495,-0.688972,0.107589,1.231966,-1.966979,-2.393818,1.547627,0.882717,0.007501,-0.169067,0.433717,-0.153485,-0.245222,0.073679,0.228431
38.390967,-1.609435,0.392541,-0.268322,-1.893102,-0.800449,0.859440,0.475242,-0.087408,-0.869812,0.852036,-0.219549,-0.530305,0.575127,0.280534,-0.688965,0.107426,1.232393,-1.967133,-2.394057,1.547698,0.882941,0.007514,-0.167874,0.431430,-0.153481,-0.244773,0.074080,0.228924
38.392094,-1.612809,0.395831,-0.277492,-1.892231,-0.800835,0.858079,0.474707,-0.151477,-0.859690,0.792051,-0.180114,-0.530226,0.566184,0.280649,-0.688954,0.107097,1.233259,-1.967443,-2.394536,1.547853,0.883387,0.006968,-0.165838,0.432451,-0.154068,-0.241645,0.075536,0.225277
38.393004,-1.611710,0.396140,-0.282955,-1.888884,-0.800261,0.858231,0.475220,-0.151477,-0.859690,0.792051,-0.180114,-0.530226,0.566184,0.280649,-0.688954,0.107097,1.233259,-1.967443,-2.394536,1.547853,0.883387,0.006968,-0.165838,0.432451,-0.154068,-0.241645,0.075536,0.225277
38.393950,-1.612956,0.396209,-0.285592,-1.885651,-0.799706,0.857396,0.475452,-0.181811,-0.856365,0.763793,-0.159856,-0.530116,0.561733,0.280674,-0.688951,0.106939,1.233690,-1.967602,-2.394772,1.547929,0.883604,0.005737,-0.164442,0.431227,-0.155634,-0.240788,0.074955,0.223246
38.395098,-1.609083,0.399465,-0.293580,-1.885749,-0.800500,0.857354,0.474638,-0.207793,-0.855827,0.739828,-0.138753,-0.530168,0.557514,0.280646,-0.688945,0.106780,1.234111,-1.967760,-2.395014,1.548006,0.883827,0.005642,-0.162954,0.428753,-0.157174,-0.239880,0.075385,0.221776
38.396070,-1.612575,0.400056,-0.297778,-1.882704,-0.801045,0.855598,0.475166,-0.224982,-0.860117,0.724450,-0.117110,-0.530559,0.553856,0.280567,-0.688947,0.106617,1.234545,-1.967914,-2.395246,1.548082,0.884048,0.002912,-0.163110,0.429122,-0.155902,-0.237928,0.075020,0.222394
38.396974,-1.613195,0.400623,-0.304395,-1.880400,-0.801744,0.855207,0.476208,-0.233067,-0.867960,0.717717,-0.096733,-0.531183,0.550966,0.280456,-0.688940,0.106459,1.234975,-1.968078,-2.395482,1.548160,0.884262,0.003947,-0.161883,0.427361,-0.157208,-0.236013,0.076370,0.220331
38.398156,-1.612832,0.397598,-0.312432,-1.881228,-0.801249,0.853913,0.476729,-0.234317,-0.878202,0.717355,-0.077510,-0.531990,0.548660,0.280307,-0.688937,0.106299,1.235398,-1.968235,-2.395711,1.548239,0.884473,0.003590,-0.160619,0.426832,-0.157741,-0.233938,0.076322,0.217277
38.398998,-1.614460,0.403267,-0.317194,-1.876370,-0.801491,0.853026,0.476716,-0.230439,-0.890600,0.721707,-0.059416,-0.532924,0.546759,0.280111,-0.688936,0.106147,1.235830,-1.968388,-2.395945,1.548318,0.884681,0.002579,-0.157744,0.427270,-0.155822,-0.233319,0.077206,0.215265
38.399994,-1.614961,0.405439,-0.324620,-1.876121,-0.802171,0.852054,0.476040,-0.222712,-0.904249,0.729516,-0.043084,-0.533889,0.545222,0.279868,-0.688933,0.105986,1.236253,-1.968550,-2.396171,1.548394,0.884895,0.002781,-0.159029,0.425707,-0.158724,-0.231658,0.077675,0.214340
38.401009,-1.618790,0.403639,-0.333248,-1.875608,-0.801570,0.850807,0.476300,-0.213464,-0.916795,0.738542,-0.028440,-0.534859,0.543967,0.279597,-0.688930,0.105829,1.236680,-1.968707,-2.396398,1.548475,0.885109,0.002308,-0.158608,0.425657,-0.157378,-0.229718,0.078209,0.214722
38.401979,-1.617030,0.399722,-0.336963,-1.874917,-0.801900,0.851778,0.476634,-0.205490,-0.925846,0.745988,-0.016379,-0.535700,0.542943,0.279329,-0.688924,0.105678,1.237112,-1.968859,-2.396623,1.548557,0.885318,0.003470,-0.156294,0.426167,-0.156488,-0.229115,0.079016,0.213218
38.402929,-1.613605,0.395380,-0.344797,-1.873307,-0.800231,0.851373,0.477434,-0.198118,-0.932614,0.752559,-0.007480,-0.536369,0.542192,0.279089,-0.688926,0.105531,1.237529,-1.969012,-2.396844,1.548631,0.885528,0.001919,-0.152950,0.424313,-0.155679,-0.227552,0.077625,0.211588
38.404093,-1.617216,0.396926,-0.354726,-1.871078,-0.799741,0.851948,0.477795,-0.185300,-0.942152,0.764400,-0.000926,-0.537097,0.541948,0.278879,-0.688932,0.105389,1.237956,-1.969168,-2.397067,1.548707,0.885728,-0.000382,-0.149459,0.424412,-0.155651,-0.227980,0.077633,0.209057
38.405004,-1.615700,0.399146,-0.358980,-1.869152,-0.801174,0.850276,0.475509,-0.165875,-0.956045,0.782851,0.004460,-0.537935,0.542155,0.278700,-0.688930,0.105243,1.238387,-1.969330,-2.397293,1.548784,0.885932,0.000631,-0.148981,0.425795,-0.156597,-0.227391,0.076645,0.207378
38.406068,-1.614731,0.399763,-0.370114,-1.868471,-0.804814,0.849696,0.475442,-0.144767,-0.970865,0.803151,0.009350,-0.538683,0.542506,0.278565,-0.688933,0.105096,1.238803,-1.969486,-2.397513,1.548863,0.886146,-0.000737,-0.148691,0.424135,-0.156785,-0.224663,0.077907,0.211031
38.407047,-1.620332,0.397080,-0.374351,-1.866157,-0.805957,0.847985,0.476559,-0.123923,-0.984070,0.823348,0.013319,-0.539204,0.542998,0.278464,-0.688939,0.104953,1.239233,-1.969641,-2.397722,1.548942,0.886353,-0.001881,-0.147712,0.426016,-0.156088,-0.219989,0.078055,0.210161
38.407932,-1.623422,0.399796,-0.383447,-1.865711,-0.810305,0.847358,0.475894,-0.104657,-0.995005,0.842191,0.016459,-0.539449,0.543561,0.278353,-0.688934,0.104812,1.239647,-1.969798,-2.397934,1.549024,0.886557,0.000222,-0.145056,0.424456,-0.156839,-0.217747,0.079331,0.206962
38.408960,-1.621656,0.398969,-0.391129,-1.863140,-0.811910,0.845222,0.476199,-0.081257,-1.006604,0.865759,0.021801,-0.539089,0.544140,0.278091,-0.688934,0.104526,1.240497,-1.970111,-2.398338,1.549190,0.886967,-0.000464,-0.143345,0.425255,-0.156585,-0.209702,0.081195,0.205818
38.409972,-1.625911,0.398421,-0.396081,-1.864459,-0.812680,0.844780,0.476001,-0.081257,-1.006604,0.865759,0.021801,-0.539089,0.544140,0.278091,-0.688934,0.104526,1.240497,-1.970111,-2.398338,1.549190,0.886967,-0.000464,-0.143345,0.425255,-0.156585,-0.209702,0.081195,0.205818
38.411019,-1.630866,0.394458,-0.394611,-1.863252,-0.813615,0.844156,0.476303,-0.076415,-1.007215,0.870990,0.023231,-0.538646,0.544287,0.277985,-0.688931,0.104387,1.240912,-1.970258,-2.398544,1.549273,0.887168,0.000953,-0.141824,0.424105,-0.153948,-0.207908,0.081175,0.205289
38.412093,-1.633522,0.394658,-0.402283,-1.862018,-0.814979,0.842236,0.477470,-0.071744,-1.006958,0.875891,0.022808,-0.538215,0.544638,0.277871,-0.688926,0.104256,1.241323,-1.970411,-2.398746,1.549354,0.887366,0.002652,-0.138675,0.419828,-0.153830,-0.206022,0.081362,0.203749
38.412977,-1.632167,0.392830,-0.407700,-1.860107,-0.812941,0.840846,0.475738,-0.064717,-1.008152,0.882869,0.021075,-0.537985,0.545229,0.277739,-0.688920,0.104120,1.241738,-1.970560,-2.398942,1.549440,0.887562,0.003161,-0.137590,0.420181,-0.153886,-0.203778,0.082834,0.200477
38.413994,-1.631330,0.393052,-0.409161,-1.858605,-0.815422,0.840088,0.476468,-0.055356,-1.011521,0.891974,0.019228,-0.538049,0.545912,0.277624,-0.688921,0.103990,1.242154,-1.970713,-2.399146,1.549525,0.887768,0.001869,-0.135473,0.419077,-0.154080,-0.204713,0.083747,0.203066
38.414972,-1.632700,0.393353,-0.409548,-1.858312,-0.814589,0.839244,0.477149,-0.018152,-1.030071,0.927661,0.015677,-0.539238,0.548211,0.277531,-0.688920,0.103726,1.242964,-1.971015,-2.399538,1.549699,0.888159,0.000771,-0.133377,0.412964,-0.153051,-0.201164,0.084395,0.198377
38.415932,-1.632700,0.391381,-0.416287,-1.857853,-0.814119,0.838479,0.476334,-0.018152,-1.030071,0.927661,0.015677,-0.539238,0.548211,0.277531,-0.688920,0.103726,1.242964,-1.971015,-2.399538,1.549699,0.888159,0.000771,-0.133377,0.412964,-0.153051,-0.201164,0.084395,0.198377
38.417007,-1.633964,0.394670,-0.424601,-1.856632,-0.817044,0.838293,0.476373,0.014437,-1.046225,0.958612,0.012171,-0.540164,0.550300,0.277544,-0.688922,0.103600,1.243375,-1.971167,-2.399733,1.549783,0.888356,0.000122,-0.131262,0.412736,-0.152001,-0.200658,0.084702,0.199130
38.418013,-1.637855,0.396809,-0.430057,-1.855182,-0.820025,0.837539,0.476504,0.051538,-1.063604,0.993472,0.006433,-0.540880,0.552842,0.277598,-0.688922,0.103469,1.243784,-1.971319,-2.399926,1.549867,0.888550,0.000027,-0.131787,0.413454,-0.151970,-0.196866,0.084434,0.198120
38.418943,-1.640864,0.399275,-0.435408,-1.855702,-0.820998,0.836719,0.477323,0.085782,-1.077587,1.025046,-0.001202,-0.541105,0.555448,0.277679,-0.688919,0.103337,1.244195,-1.971471,-2.400112,1.549953,0.888742,0.001251,-0.131677,0.412598,-0.151999,-0.193042,0.084726,0.196961
38.420104,-1.646872,0.398597,-0.443688,-1.855268,-0.824140,0.835180,0.477999,0.112464,-1.084896,1.048685,-0.010809,-0.540686,0.557908,0.277764,-0.688915,0.103208,1.244605,-1.971616,-2.400296,1.550038,0.888933,0.002069,-0.131734,0.411609,-0.150045,-0.191204,0.085081,0.194427
38.420984,-1.645908,0.397372,-0.448390,-1.853305,-0.827707,0.833473,0.478363,0.128805,-1.083937,1.061620,-0.022917,-0.539520,0.560087,0.277843,-0.688907,0.103081,1.245013,-1.971764,-2.400475,1.550126,0.889121,0.004197,-0.130329,0.412446,-0.149520,-0.187433,0.086159,0.192177
38.421984,-1.648108,0.393442,-0.453725,-1.855267,-0.830430,0.832718,0.479504,0.134625,-1.076133,1.063868,-0.036308,-0.537782,0.561765,0.277935,-0.688907,0.102956,1.245421,-1.971916,-2.400647,1.550215,0.889309,0.003069,-0.128571,0.411071,-0.149794,-0.183033,0.087375,0.190593
38.422966,-1.645527,0.397133,-0.462719,-1.850102,-0.829191,0.833548,0.479714,0.135280,-1.066148,1.060901,-0.049885,-0.535866,0.563047,0.278059,-0.688905,0.102837,1.245829,-1.972057,-2.400819,1.550303,0.889492,0.003473,-0.125574,0.410193,-0.146626,-0.179620,0.087637,0.187437
38.424008,-1.644163,0.401322,-0.470075,-1.846831,-0.830394,0.833506,0.480463,0.135359,-1.056961,1.057316,-0.063634,-0.534051,0.564156,0.278210,-0.688904,0.102710,1.246233,-1.972212,-2.400998,1.550387,0.889675,0.001846,-0.126112,0.410464,-0.149455,-0.179468,0.086247,0.186014
38.425010,-1.645385,0.398841,-0.475713,-1.841768,-0.829353,0.834173,0.481728,0.135484,-1.048377,1.053843,-0.076496,-0.532572,0.565110,0.278376,-0.688905,0.102586,1.246638,-1.972363,-2.401171,1.550474,0.889851,0.001077,-0.126776,0.409493,-0.149939,-0.176526,0.085684,0.183392
38.426057,-1.642263,0.403048,-0.484805,-1.839961,-0.826292,0.834609,0.480398,0.136505,-1.040984,1.051476,-0.086810,-0.531693,0.565896,0.278542,-0.688901,0.102467,1.247039,-1.972518,-2.401342,1.550556,0.890021,0.001541,-0.124148,0.407709,-0.152135,-0.175898,0.084428,0.179781
38.427034,-1.643818,0.403323,-0.489039,-1.837230,-0.823974,0.833359,0.481907,0.139781,-1.036069,1.051627,-0.094207,-0.531509,0.566618,0.278719,-0.688904,0.102344,1.247445,-1.972669,-2.401520,1.550638,0.890203,-0.000119,-0.124871,0.407614,-0.151169,-0.177223,0.083411,0.181359
38.427937,-1.642677,0.407585,-0.496396,-1.835916,-0.825388,0.830735,0.482464,0.145791,-1.032937,1.054608,-0.100600,-0.531845,0.567557,0.278919,-0.688902,0.102223,1.247845,-1.972820,-2.401700,1.550727,0.890369,0.000554,-0.123593,0.405119,-0.151097,-0.177746,0.084055,0.177240
38.428985,-1.645577,0.410722,-0.507066,-1.834097,-0.821629,0.829729,0.482907,0.154310,-1.030232,1.059998,-0.108100,-0.532451,0.568944,0.279128,-0.688904,0.102095,1.248241,-1.972964,-2.401871,1.550817,0.890538,-0.000107,-0.124274,0.404255,-0.149684,-0.174596,0.086069,0.175117
38.429978,-1.642602,0.411802,-0.513383,-1.830152,-0.819183,0.829337,0.483094,0.162029,-1.025093,1.064417,-0.118262,-0.532995,0.570725,0.279337,-0.688900,0.101973,1.248647,-1.973111,-2.402051,1.550905,0.890706,0.001206,-0.124430,0.404945,-0.148860,-0.176626,0.086441,0.173152
38.430917,-1.646660,0.414806,-0.520431,-1.827025,-0.817613,0.828989,0.482385,0.165660,-1.015553,1.064650,-0.131275,-0.533239,0.572681,0.279551,-0.688904,0.101850,1.249043,-1.973262,-2.402232,1.550992,0.890874,-0.000372,-0.123548,0.403543,-0.150017,-0.177274,0.086211,0.171720
38.431987,-1.649989,0.414335,-0.530011,-1.826431,-0.816759,0.829201,0.482749,0.165793,-1.003064,1.061440,-0.145379,-0.533263,0.574603,0.279767,-0.688898,0.101726,1.249447,-1.973412,-2.402413,1.551079,0.891043,0.001526,-0.123632,0.402426,-0.150336,-0.177037,0.085954,0.172116
38.432911,-1.651273,0.414948,-0.539860,-1.821673,-0.815436,0.829237,0.482039,0.161247,-0.987680,1.053644,-0.159949,-0.533022,0.576280,0.279989,-0.688893,0.101607,1.249849,-1.973558,-2.402586,1.551165,0.891210,0.003004,-0.122013,0.402623,-0.148294,-0.176170,0.085129,0.170280
38.434020,-1.651608,0.417794,-0.543645,-1.817455,-0.816933,0.827977,0.481877,0.149435,-0.968814,1.038715,-0.174792,-0.532412,0.577465,0.280224,-0.688888,0.101486,1.250249,-1.973708,-2.402764,1.551248,0.891381,0.003485,-0.120932,0.402943,-0.150252,-0.175739,0.084509,0.170679
38.435175,-1.649250,0.416692,-0.548157,-1.816930,-0.814637,0.825868,0.482784,0.131763,-0.948545,1.018251,-0.187699,-0.531699,0.578024,0.280461,-0.688884,0.101366,1.250644,-1.973862,-2.402932,1.551336,0.891548,0.003480,-0.121000,0.400300,-0.151706,-0.172550,0.085160,0.169892
38.435966,-1.649781,0.419063,-0.559957,-1.812055,-0.811425,0.824561,0.482661,0.114440,-0.930492,0.998471,-0.197791,-0.531235,0.578290,0.280676,-0.688885,0.101249,1.251035,-1.974007,-2.403109,1.551426,0.891711,0.002170,-0.119104,0.398112,-0.149657,-0.173135,0.086630,0.166955
38.436907,-1.645760,0.418712,-0.564799,-1.809060,-0.808840,0.823048,0.482494,0.101271,-0.916344,0.983067,-0.206128,-0.531092,0.578611,0.280857,-0.688884,0.101131,1.251438,-1.974159,-2.403285,1.551517,0.891871,0.002352,-0.118930,0.399384,-0.151599,-0.174607,0.087315,0.166273
38.437938,-1.643826,0.420925,-0.573098,-1.805862,-0.807407,0.821067,0.482636,0.091785,-0.906009,0.971590,-0.212530,-0.531248,0.578933,0.281015,-0.688888,0.101018,1.251832,-1.974310,-2.403464,1.551608,0.892038,0.000268,-0.117449,0.397233,-0.151725,-0.175417,0.088197,0.165574
38.439003,-1.646533,0.425677,-0.578336,-1.803323,-0.805123,0.820973,0.481244,0.088667,-0.897981,0.964808,-0.220244,-0.532518,0.579914,0.281275,-0.688885,0.100779,1.252620,-1.974615,-2.403818,1.551788,0.892369,0.000432,-0.118227,0.394993,-0.151896,-0.175632,0.088993,0.165956
38.440086,-1.646683,0.428172,-0.588191,-1.800267,-0.803293,0.819783,0.481207,0.088667,-0.897981,0.964808,-0.220244,-0.532518,0.579914,0.281275,-0.688885,0.100779,1.252620,-1.974615,-2.403818,1.551788,0.892369,0.000432,-0.118227,0.394993,-0.151896,-0.175632,0.088993,0.165956
38.440958,-1.646727,0.435346,-0.599725,-1.799319,-0.802617,0.817990,0.480631,0.089993,-0.894976,0.964279,-0.223833,-0.533225,0.580535,0.281424,-0.688884,0.100661,1.253018,-1.974769,-2.403996,1.551878,0.892530,0.000370,-0.118110,0.395401,-0.152168,-0.175692,0.089557,0.164935
38.441921,-1.650951,0.432196,-0.605085,-1.794678,-0.799941,0.816916,0.480242,0.075487,-0.873168,0.945901,-0.236219,-0.533311,0.581321,0.281883,-0.688879,0.100425,1.253809,-1.975069,-2.404343,1.552063,0.892862,0.002262,-0.117384,0.394717,-0.152095,-0.175616,0.091149,0.164830
38.443021,-1.650835,0.439188,-0.611823,-1.792473,-0.799071,0.816173,0.480390,0.075487,-0.873168,0.945901,-0.236219,-0.533311,0.581321,0.281883,-0.688879,0.100425,1.253809,-1.975069,-2.404343,1.552063,0.892862,0.002262,-0.117384,0.394717,-0.152095,-0.175616,0.091149,0.164830
38.444051,-1.649523,0.441030,-0.614888,-1.790021,-0.796512,0.815625,0.478249,0.057920,-0.854967,0.926505,-0.243714,-0.532738,0.581196,0.282199,-0.688879,0.100302,1.254200,-1.975219,-2.404518,1.552157,0.893026,0.002064,-0.119520,0.393635,-0.151585,-0.174741,0.091224,0.163439
38.444908,-1.650216,0.439870,-0.622024,-1.784934,-0.795144,0.815251,0.477073,0.038279,-0.834929,0.905079,-0.251503,-0.532030,0.580973,0.282557,-0.688879,0.100184,1.254584,-1.975369,-2.404696,1.552248,0.893197,0.001292,-0.119064,0.390753,-0.151296,-0.175548,0.091135,0.166681
38.446027,-1.645926,0.439861,-0.632190,-1.781973,-0.793111,0.815272,0.475742,0.021680,-0.816326,0.886682,-0.259125,-0.531462,0.580945,0.282933,-0.688875,0.100069,1.254976,-1.975526,-2.404876,1.552337,0.893368,0.001505,-0.117144,0.389818,-0.153360,-0.175127,0.090895,0.167994
38.446935,-1.645412,0.443245,-0.636128,-1.779081,-0.791235,0.814147,0.474556,0.010550,-0.802861,0.873962,-0.264279,-0.531333,0.581010,0.283277,-0.688878,0.099955,1.255365,-1.975680,-2.405055,1.552426,0.893540,-0.000740,-0.115838,0.390491,-0.153532,-0.175396,0.090234,0.169537
38.447993,-1.649999,0.441480,-0.643072,-1.774371,-0.791397,0.812394,0.473656,0.005550,-0.795317,0.867575,-0.266909,-0.531657,0.581215,0.283558,-0.688880,0.099839,1.255752,-1.975835,-2.405231,1.552516,0.893712,-0.001056,-0.116216,0.387977,-0.153455,-0.175525,0.090747,0.170862
38.448960,-1.650829,0.441941,-0.654311,-1.770854,-0.788643,0.809489,0.471357,0.005624,-0.792897,0.866400,-0.267371,-0.532328,0.581542,0.283784,-0.688874,0.099729,1.256132,-1.975995,-2.405401,1.552612,0.893884,0.001081,-0.114059,0.387129,-0.155241,-0.173655,0.091837,0.171558
38.449946,-1.649537,0.447086,-0.657772,-1.765596,-0.787579,0.808742,0.471528,0.005775,-0.794145,0.865653,-0.264395,-0.533219,0.581501,0.283987,-0.688872,0.099619,1.256522,-1.976150,-2.405580,1.552710,0.894066,0.001349,-0.113040,0.388291,-0.155838,-0.174669,0.094081,0.175079
38.451029,-1.653014,0.451311,-0.666854,-1.763579,-0.784892,0.807628,0.470337,0.002806,-0.797384,0.862232,-0.257682,-0.534194,0.580833,0.284201,-0.688873,0.099502,1.256905,-1.976312,-2.405750,1.552806,0.894238,0.000599,-0.114297,0.385596,-0.158048,-0.174031,0.094143,0.173616
38.451959,-1.657927,0.453235,-0.669826,-1.760411,-0.785096,0.807631,0.468717,-0.003561,-0.800280,0.855668,-0.248970,-0.535097,0.579735,0.284448,-0.688869,0.099387,1.257287,-1.976465,-2.405928,1.552902,0.894416,0.002201,-0.115088,0.385812,-0.157263,-0.174978,0.094585,0.174889
38.452966,-1.652017,0.455505,-0.685325,-1.757526,-0.783899,0.807700,0.467917,-0.015090,-0.799851,0.844013,-0.240781,-0.535675,0.578368,0.284761,-0.688860,0.099274,1.257665,-1.976623,-2.406099,1.552993,0.894595,0.004449,-0.114741,0.382927,-0.157424,-0.173055,0.093945,0.177058
38.453957,-1.655902,0.456896,-0.691906,-1.754636,-0.781115,0.807177,0.466933,-0.032144,-0.795206,0.826830,-0.234752,-0.535820,0.576866,0.285154,-0.688864,0.099159,1.258060,-1.976783,-2.406271,1.553086,0.894774,0.001390,-0.114562,0.386209,-0.157287,-0.172559,0.093226,0.177533
38.455044,-1.656853,0.457945,-0.699547,-1.751172,-0.780455,0.805213,0.466525,-0.053943,-0.786715,0.804848,-0.231621,-0.535554,0.575367,0.285604,-0.688857,0.099047,1.258440,-1.976939,-2.406449,1.553180,0.894953,0.003180,-0.113977,0.385105,-0.157273,-0.173599,0.093101,0.178402
38.456034,-1.656570,0.458168,-0.699940,-1.746994,-0.778617,0.802744,0.465876,-0.080217,-0.775042,0.778298,-0.231164,-0.534957,0.573888,0.286071,-0.688852,0.098938,1.258825,-1.977098,-2.406621,1.553278,0.895131,0.003469,-0.113253,0.384538,-0.157835,-0.172534,0.094391,0.178072
38.456937,-1.652741,0.460290,-0.701721,-1.744508,-0.773929,0.801241,0.465306,-0.106950,-0.763541,0.751217,-0.231888,-0.534354,0.572535,0.286513,-0.688849,0.098828,1.259195,-1.977258,-2.406797,1.553379,0.895309,0.003178,-0.112109,0.380463,-0.158999,-0.172647,0.096171,0.178276
38.458084,-1.651227,0.465478,-0.711538,-1.741332,-0.773286,0.800996,0.465698,-0.125636,-0.757297,0.731992,-0.233106,-0.534145,0.571758,0.286911,-0.688851,0.098717,1.259565,-1.977414,-2.406977,1.553479,0.895489,0.001177,-0.111902,0.377109,-0.158468,-0.175578,0.096987,0.178343
38.459052,-1.653564,0.465123,-0.716979,-1.736400,-0.768895,0.799850,0.464360,-0.132217,-0.757227,0.724456,-0.236112,-0.534383,0.571943,0.287256,-0.688852,0.098602,1.259951,-1.977576,-2.407155,1.553576,0.895662,0.000315,-0.113206,0.377677,-0.158718,-0.174419,0.096531,0.176399
38.459942,-1.653687,0.470266,-0.717495,-1.733025,-0.764699,0.800456,0.464874,-0.131115,-0.760239,0.724233,-0.241087,-0.534892,0.572813,0.287534,-0.688848,0.098493,1.260323,-1.977739,-2.407340,1.553672,0.895844,0.001360,-0.111744,0.376114,-0.160571,-0.177012,0.097024,0.178005
38.460993,-1.652603,0.472061,-0.726577,-1.729522,-0.761114,0.798887,0.463311,-0.125692,-0.765061,0.728116,-0.246773,-0.535636,0.573990,0.287735,-0.688847,0.098375,1.260693,-1.977900,-2.407522,1.553765,0.896015,0.001303,-0.112992,0.372094,-0.160809,-0.179402,0.095764,0.175907
38.461978,-1.653017,0.473393,-0.736421,-1.726533,-0.759928,0.796771,0.461680,-0.116159,-0.771225,0.735873,-0.253235,-0.536564,0.575465,0.287881,-0.688848,0.098264,1.261063,-1.978060,-2.407707,1.553864,0.896197,0.000654,-0.112604,0.372453,-0.161356,-0.181147,0.096666,0.177938
38.462966,-1.649346,0.479519,-0.742476,-1.723619,-0.756038,0.794631,0.462088,-0.105764,-0.776843,0.744326,-0.260731,-0.537475,0.577067,0.288032,-0.688848,0.098154,1.261438,-1.978222,-2.407887,1.553964,0.896382,0.000754,-0.112005,0.373087,-0.161261,-0.180528,0.098102,0.180080
38.464076,-1.651461,0.479806,-0.749883,-1.719186,-0.753513,0.792723,0.461402,-0.097650,-0.779990,0.750378,-0.269558,-0.538192,0.578657,0.288220,-0.688853,0.098035,1.261810,-1.978384,-2.408071,1.554065,0.896557,-0.001146,-0.113731,0.371848,-0.161106,-0.182623,0.099544,0.178134
38.464918,-1.652451,0.482844,-0.753059,-1.716392,-0.750343,0.791596,0.461801,-0.091971,-0.780118,0.753874,-0.279743,-0.538695,0.580282,0.288436,-0.688851,0.097924,1.262177,-1.978551,-2.408256,1.554172,0.896736,-0.000201,-0.112577,0.371386,-0.162492,-0.183307,0.100711,0.178378
38.465926,-1.652546,0.480725,-0.763592,-1.714846,-0.747709,0.789394,0.460899,-0.088461,-0.778057,0.755214,-0.290161,-0.539076,0.581853,0.288671,-0.688851,0.097811,1.262541,-1.978708,-2.408442,1.554272,0.896907,0.000199,-0.112814,0.368763,-0.162198,-0.184638,0.101155,0.176549
38.466935,-1.652624,0.485526,-0.766462,-1.710239,-0.742828,0.789192,0.460504,-0.086775,-0.774621,0.754793,-0.300795,-0.539360,0.583342,0.288924,-0.688851,0.097704,1.262908,-1.978867,-2.408634,1.554379,0.897086,0.000133,-0.110501,0.369878,-0.160757,-0.185359,0.102635,0.177269
38.468034,-1.651667,0.482148,-0.774528,-1.705480,-0.738670,0.788451,0.459971,-0.086422,-0.770280,0.753101,-0.312058,-0.539583,0.584772,0.289189,-0.688850,0.097590,1.263273,-1.979029,-2.408828,1.554479,0.897262,0.000059,-0.111634,0.367106,-0.162348,-0.188340,0.102125,0.176952
38.469028,-1.649761,0.486723,-0.772250,-1.704492,-0.735087,0.787367,0.459741,-0.085777,-0.766810,0.751923,-0.322343,-0.539968,0.586089,0.289444,-0.688854,0.097486,1.263644,-1.979196,-2.409023,1.554581,0.897438,-0.000504,-0.108734,0.366945,-0.164016,-0.190561,0.102166,0.176889
38.469997,-1.648917,0.487266,-0.778205,-1.703339,-0.731979,0.788272,0.458465,-0.080472,-0.767024,0.755651,-0.330938,-0.540714,0.587511,0.289672,-0.688858,0.097373,1.263994,-1.979354,-2.409218,1.554685,0.897615,-0.001518,-0.109756,0.361766,-0.162001,-0.192208,0.102534,0.176246
38.470978,-1.648438,0.491576,-0.783727,-1.701019,-0.727657,0.788613,0.459327,-0.065991,-0.771525,0.768443,-0.340717,-0.541720,0.589646,0.289881,-0.688862,0.097269,1.264352,-1.979511,-2.409409,1.554781,0.897795,-0.001990,-0.108830,0.360686,-0.160191,-0.193416,0.100952,0.177723
38.472020,-1.648148,0.494232,-0.788102,-1.697981,-0.724504,0.787459,0.458286,-0.043154,-0.777900,0.789242,-0.354414,-0.542694,0.592772,0.290075,-0.688864,0.097157,1.264710,-1.979670,-2.409612,1.554881,0.897970,-0.002300,-0.109716,0.359362,-0.159520,-0.195736,0.099924,0.174875
38.472956,-1.652289,0.495332,-0.795369,-1.694035,-0.722696,0.785614,0.458128,-0.015984,-0.783503,0.814148,-0.372017,-0.543457,0.596669,0.290238,-0.688866,0.097046,1.265061,-1.979832,-2.409814,1.554982,0.898144,-0.002532,-0.109771,0.357553,-0.159544,-0.196877,0.100398,0.175893
38.473989,-1.650255,0.496151,-0.794419,-1.693613,-0.723113,0.785302,0.455905,0.011202,-0.786975,0.839204,-0.391342,-0.543996,0.600839,0.290370,-0.688863,0.096941,1.265418,-1.979992,-2.410012,1.555087,0.898316,-0.000584,-0.109110,0.357107,-0.160452,-0.196712,0.101533,0.175136
38.475018,-1.655207,0.496637,-0.801423,-1.689831,-0.721802,0.783207,0.455984,0.037007,-0.788847,0.863251,-0.410632,-0.544361,0.604976,0.290482,-0.688867,0.096834,1.265757,-1.980144,-2.410204,1.555190,0.898505,-0.001696,-0.108305,0.352744,-0.158042,-0.194372,0.101121,0.178466
38.475957,-1.655389,0.494191,-0.804877,-1.686804,-0.721006,0.781507,0.455229,0.063176,-0.790637,0.887988,-0.429602,-0.544611,0.609127,0.290585,-0.688861,0.096729,1.266106,-1.980302,-2.410397,1.555296,0.898681,0.000638,-0.107350,0.352317,-0.158918,-0.193782,0.102505,0.177153
38.477032,-1.660516,0.496209,-0.810476,-1.684511,-0.717310,0.779797,0.453734,0.111511,-0.796868,0.934777,-0.460691,-0.544971,0.616402,0.290768,-0.688854,0.096524,1.266798,-1.980617,-2.410788,1.555509,0.899044,0.002987,-0.104812,0.348957,-0.158348,-0.194430,0.104451,0.179449
38.478063,-1.661907,0.494294,-0.815222,-1.681024,-0.717063,0.777475,0.453940,0.111511,-0.796868,0.934777,-0.460691,-0.544971,0.616402,0.290768,-0.688854,0.096524,1.266798,-1.980617,-2.410788,1.555509,0.899044,0.002987,-0.104812,0.348957,-0.158348,-0.194430,0.104451,0.179449
38.479033,-1.662439,0.493002,-0.817846,-1.676432,-0.716151,0.774886,0.452291,0.129715,-0.800502,0.952863,-0.471648,-0.545006,0.619107,0.290890,-0.688849,0.096428,1.267142,-1.980778,-2.410977,1.555619,0.899218,0.003501,-0.102743,0.347415,-0.158847,-0.192766,0.106026,0.177905
38.479997,-1.665208,0.492447,-0.822004,-1.674273,-0.713355,0.773946,0.451627,0.144353,-0.805577,0.967786,-0.478470,-0.545115,0.621062,0.291023,-0.688846,0.096330,1.267475,-1.980939,-2.411168,1.555730,0.899403,0.003616,-0.100987,0.344925,-0.160382,-0.191791,0.107867,0.180125
38.481020,-1.664987,0.497296,-0.824477,-1.672946,-0.711539,0.773020,0.452163,0.158415,-0.814373,0.982448,-0.480436,-0.545555,0.622350,0.291126,-0.688840,0.096234,1.267814,-1.981096,-2.411366,1.555838,0.899582,0.004837,-0.099626,0.343144,-0.159561,-0.192646,0.108059,0.180340
38.481993,-1.662067,0.497801,-0.830748,-1.669955,-0.711382,0.774165,0.450257,0.172594,-0.825385,0.997175,-0.480151,-0.546209,0.623321,0.291161,-0.688835,0.096133,1.268154,-1.981252,-2.411558,1.555946,0.899756,0.004552,-0.100922,0.340509,-0.158002,-0.192553,0.108243,0.178146
38.483022,-1.658702,0.500228,-0.831722,-1.666968,-0.707742,0.771748,0.450536,0.187811,-0.836299,1.012491,-0.480977,-0.546873,0.624471,0.291120,-0.688835,0.096034,1.268490,-1.981410,-2.411745,1.556050,0.899945,0.002971,-0.100030,0.339840,-0.158015,-0.190837,0.106364,0.180875
38.484013,-1.661974,0.501119,-0.831832,-1.666156,-0.706577,0.768635,0.449957,0.207067,-0.847770,1.031247,-0.483718,-0.547572,0.626139,0.291008,-0.688836,0.095936,1.268823,-1.981566,-2.411938,1.556163,0.900122,0.001191,-0.100136,0.336526,-0.158108,-0.192599,0.108051,0.179162
38.484953,-1.656781,0.505009,-0.841145,-1.663679,-0.706721,0.766591,0.449622,0.232906,-0.861136,1.055938,-0.488464,-0.548308,0.628477,0.290819,-0.688830,0.095838,1.269144,-1.981721,-2.412127,1.556280,0.900305,0.002680,-0.099462,0.332935,-0.156027,-0.191866,0.110376,0.179219
38.486021,-1.659643,0.504169,-0.843285,-1.661228,-0.708230,0.765209,0.448724,0.263753,-0.875104,1.084993,-0.495984,-0.548862,0.631412,0.290571,-0.688835,0.095735,1.269479,-1.981874,-2.412320,1.556393,0.900484,0.000003,-0.100247,0.333809,-0.155611,-0.189804,0.111651,0.178801
38.487064,-1.660347,0.505282,-0.853266,-1.659218,-0.708820,0.762359,0.446659,0.296094,-0.887909,1.115075,-0.505893,-0.549048,0.634656,0.290301,-0.688832,0.095640,1.269809,-1.982030,-2.412499,1.556509,0.900662,0.001317,-0.098736,0.331103,-0.155221,-0.186510,0.112231,0.179482
38.488023,-1.662123,0.506877,-0.853589,-1.655969,-0.711341,0.758706,0.445932,0.326060,-0.898622,1.142591,-0.516698,-0.548795,0.637789,0.290053,-0.688830,0.095545,1.270145,-1.982181,-2.412679,1.556631,0.900854,0.001523,-0.098220,0.332327,-0.154479,-0.184144,0.114274,0.182459
38.488951,-1.663802,0.505417,-0.863442,-1.651589,-0.712944,0.757028,0.445558,0.350372,-0.906472,1.164495,-0.527102,-0.548113,0.640434,0.289855,-0.688824,0.095450,1.270468,-1.982337,-2.412851,1.556755,0.901038,0.002247,-0.097944,0.328770,-0.154785,-0.179902,0.117104,0.182776
38.490086,-1.665245,0.505351,-0.869444,-1.649673,-0.711316,0.755174,0.444412,0.368048,-0.912067,1.180060,-0.535234,-0.547195,0.642304,0.289685,-0.688821,0.095358,1.270802,-1.982498,-2.413021,1.556874,0.901219,0.002953,-0.096151,0.329933,-0.156075,-0.176629,0.117964,0.182432
38.491036,-1.665796,0.507253,-0.874551,-1.645450,-0.710734,0.752932,0.445292,0.377623,-0.915843,1.188033,-0.539758,-0.546164,0.643145,0.289522,-0.688817,0.095266,1.271123,-1.982651,-2.413197,1.556997,0.901406,0.003496,-0.095099,0.329294,-0.155266,-0.176539,0.118982,0.183548
38.491922,-1.666080,0.504778,-0.876468,-1.644985,-0.711768,0.753597,0.445036,0.378637,-0.917480,1.187923,-0.541164,-0.545031,0.643011,0.289355,-0.688813,0.095174,1.271452,-1.982809,-2.413370,1.557119,0.901585,0.003615,-0.095009,0.328100,-0.156495,-0.175404,0.120411,0.180662
38.493097,-1.664038,0.506070,-0.882224,-1.641442,-0.709081,0.752504,0.444417,0.374859,-0.918252,1.183302,-0.540860,-0.543909,0.642357,0.289165,-0.688810,0.095085,1.271770,-1.982958,-2.413537,1.557235,0.901765,0.003626,-0.092743,0.325408,-0.154092,-0.172693,0.118942,0.180132
38.493978,-1.663452,0.508071,-0.885618,-1.639500,-0.709935,0.750170,0.444660,0.371538,-0.920344,1.179220,-0.540583,-0.542911,0.641759,0.288938,-0.688810,0.094994,1.272095,-1.983114,-2.413712,1.557353,0.901941,0.002471,-0.092382,0.324654,-0.154889,-0.173696,0.119239,0.180214
38.495069,-1.662920,0.511760,-0.894318,-1.633451,-0.709311,0.748067,0.444193,0.371828,-0.928424,1.178055,-0.542639,-0.541333,0.641476,0.288368,-0.688807,0.094807,1.272735,-1.983432,-2.414048,1.557601,0.902292,0.001677,-0.093123,0.323451,-0.156929,-0.170115,0.122021,0.178486
38.496113,-1.664270,0.508633,-0.896159,-1.633130,-0.708923,0.746671,0.445849,0.371828,-0.928424,1.178055,-0.542639,-0.541333,0.641476,0.288368,-0.688807,0.094807,1.272735,-1.983432,-2.414048,1.557601,0.902292,0.001677,-0.093123,0.323451,-0.156929,-0.170115,0.122021,0.178486
38.497148,-1.661395,0.512619,-0.901136,-1.628872,-0.707052,0.745688,0.446117,0.371562,-0.931915,1.177308,-0.543249,-0.540705,0.641358,0.288020,-0.688802,0.094722,1.273054,-1.983581,-2.414210,1.557726,0.902454,0.002185,-0.090572,0.320739,-0.154496,-0.168905,0.122565,0.174077
38.498070,-1.663193,0.513528,-0.905246,-1.624408,-0.707386,0.744000,0.447384,0.371862,-0.935540,1.177267,-0.543641,-0.540141,0.641271,0.287620,-0.688804,0.094629,1.273368,-1.983736,-2.414377,1.557850,0.902621,0.000635,-0.091550,0.319690,-0.155922,-0.169135,0.122708,0.172496
38.499059,-1.668942,0.514684,-0.907630,-1.621463,-0.707141,0.742753,0.447942,0.373798,-0.939485,1.178995,-0.543612,-0.539676,0.641290,0.287184,-0.688802,0.094539,1.273684,-1.983897,-2.414543,1.557974,0.902782,0.001437,-0.090969,0.318139,-0.157299,-0.167137,0.123576,0.168941
38.500091,-1.665773,0.510159,-0.913546,-1.619342,-0.708934,0.740896,0.448334,0.374848,-0.942574,1.180119,-0.541880,-0.539310,0.641169,0.286750,-0.688795,0.094451,1.273998,-1.984055,-2.414706,1.558099,0.902941,0.004147,-0.090552,0.315761,-0.157260,-0.165779,0.123977,0.166814
38.501030,-1.669259,0.512934,-0.920953,-1.616599,-0.708491,0.739481,0.449375,0.374235,-0.944991,1.179871,-0.538416,-0.539008,0.640838,0.286336,-0.688796,0.094370,1.274310,-1.984211,-2.414857,1.558228,0.903102,0.002417,-0.087355,0.315214,-0.156480,-0.162470,0.124976,0.164991
38.502112,-1.666333,0.513155,-0.928406,-1.613766,-0.709575,0.738981,0.448391,0.372444,-0.947323,1.178652,-0.534053,-0.538736,0.640370,0.285946,-0.688789,0.094283,1.274626,-1.984367,-2.415019,1.558357,0.903255,0.004007,-0.087798,0.315337,-0.156262,-0.161336,0.125529,0.161915
38.503121,-1.671232,0.514414,-0.934501,-1.608821,-0.710285,0.739428,0.448515,0.367534,-0.947876,1.174441,-0.529714,-0.538380,0.639743,0.285599,-0.688789,0.094198,1.274943,-1.984524,-2.415174,1.558481,0.903420,0.002398,-0.086935,0.315477,-0.156248,-0.158707,0.125179,0.162843
38.504058,-1.672060,0.514063,-0.940496,-1.605440,-0.709707,0.738618,0.450674,0.357689,-0.945391,1.165454,-0.525044,-0.537930,0.638824,0.285318,-0.688780,0.094109,1.275255,-1.984686,-2.415325,1.558600,0.903575,0.004672,-0.086574,0.314987,-0.158149,-0.156502,0.123918,0.161561
38.505077,-1.672614,0.518202,-0.944312,-1.601922,-0.709463,0.736195,0.450823,0.341758,-0.939910,1.150672,-0.518672,-0.537465,0.637392,0.285080,-0.688776,0.094027,1.275570,-1.984847,-2.415476,1.558725,0.903719,0.004919,-0.085457,0.314411,-0.158432,-0.155606,0.123908,0.156261
38.506019,-1.673566,0.518179,-0.952702,-1.600616,-0.708446,0.734073,0.452324,0.294788,-0.920140,1.106506,-0.502327,-0.536472,0.633309,0.284634,-0.688765,0.093856,1.276190,-1.985162,-2.415778,1.558983,0.904012,0.005333,-0.085595,0.313491,-0.157332,-0.153881,0.126739,0.151035
38.506956,-1.673723,0.519685,-0.957289,-1.595318,-0.709883,0.732330,0.453976,0.265758,-0.905587,1.078792,-0.494829,-0.535795,0.631039,0.284434,-0.688759,0.093770,1.276502,-1.985325,-2.415923,1.559113,0.904149,0.005234,-0.085379,0.312228,-0.159519,-0.150985,0.127616,0.146818
38.508102,-1.671493,0.522576,-0.966030,-1.590169,-0.709325,0.727863,0.454456,0.265758,-0.905587,1.078792,-0.494829,-0.535795,0.631039,0.284434,-0.688759,0.093770,1.276502,-1.985325,-2.415923,1.559113,0.904149,0.005234,-0.085379,0.312228,-0.159519,-0.150985,0.127616,0.146818
38.509028,-1.677294,0.521385,-0.962060,-1.584271,-0.710477,0.725532,0.456183,0.234370,-0.889501,1.048788,-0.486218,-0.535176,0.628545,0.284249,-0.688759,0.093684,1.276814,-1.985491,-2.416072,1.559246,0.904288,0.003979,-0.085869,0.313108,-0.161656,-0.150100,0.131208,0.144878
38.509967,-1.676460,0.521843,-0.969878,-1.583583,-0.709299,0.725093,0.455992,0.202803,-0.874351,1.018893,-0.473752,-0.534912,0.625646,0.284071,-0.688748,0.093603,1.277112,-1.985663,-2.416213,1.559380,0.904418,0.006687,-0.084344,0.307680,-0.164184,-0.147539,0.132634,0.140516
38.511079,-1.673202,0.521295,-0.976583,-1.579817,-0.712897,0.725510,0.457280,0.149605,-0.852816,0.969591,-0.440686,-0.535336,0.619419,0.283780,-0.688744,0.093441,1.277725,-1.985985,-2.416493,1.559642,0.904683,0.004327,-0.082491,0.308071,-0.162619,-0.142329,0.130875,0.136474
38.512081,-1.673400,0.523478,-0.982864,-1.576160,-0.712018,0.725820,0.458162,0.149605,-0.852816,0.969591,-0.440686,-0.535336,0.619419,0.283780,-0.688744,0.093441,1.277725,-1.985985,-2.416493,1.559642,0.904683,0.004327,-0.082491,0.308071,-0.162619,-0.142329,0.130875,0.136474
38.512979,-1.677759,0.521116,-0.982129,-1.571789,-0.714404,0.725817,0.458015,0.129778,-0.845433,0.951577,-0.425056,-0.535576,0.616715,0.283710,-0.688740,0.093360,1.278038,-1.986150,-2.416632,1.559770,0.904813,0.004288,-0.082678,0.307670,-0.163144,-0.141875,0.129707,0.133804
38.514094,-1.679424,0.519368,-0.990249,-1.569264,-0.714116,0.723446,0.458915,0.114303,-0.840144,0.937746,-0.410134,-0.535764,0.614331,0.283700,-0.688730,0.093282,1.278333,-1.986315,-2.416764,1.559894,0.904943,0.006280,-0.080604,0.303920,-0.164295,-0.138161,0.128888,0.133248
38.515118,-1.679845,0.522222,-0.989441,-1.566101,-0.716260,0.722057,0.459389,0.102306,-0.837508,0.927283,-0.395135,-0.535887,0.612120,0.283750,-0.688723,0.093207,1.278639,-1.986479,-2.416900,1.560026,0.905067,0.006885,-0.078902,0.304586,-0.163806,-0.137128,0.130389,0.130500
38.515983,-1.678243,0.520811,-0.994602,-1.564099,-0.717776,0.721056,0.460367,0.092861,-0.837064,0.919256,-0.380505,-0.535879,0.610065,0.283852,-0.688717,0.093127,1.278928,-1.986643,-2.417027,1.560158,0.905191,0.006910,-0.079451,0.300887,-0.163899,-0.133711,0.130886,0.128663
38.517135,-1.685897,0.518701,-0.998468,-1.559871,-0.717701,0.720692,0.461491,0.087614,-0.838450,0.915123,-0.367772,-0.535759,0.608453,0.283991,-0.688713,0.093052,1.279226,-1.986804,-2.417154,1.560289,0.905311,0.005959,-0.077884,0.300103,-0.162739,-0.130943,0.131018,0.125882
38.518007,-1.686746,0.519499,-1.003113,-1.556698,-0.718395,0.719763,0.460554,0.086157,-0.841506,0.914425,-0.357171,-0.535588,0.607273,0.284136,-0.688696,0.092980,1.279525,-1.986971,-2.417280,1.560416,0.905430,0.009502,-0.076037,0.298677,-0.163936,-0.129797,0.130510,0.122705
38.519037,-1.687002,0.518102,-1.006216,-1.551174,-0.720521,0.718493,0.462098,0.083999,-0.844772,0.912839,-0.347565,-0.535365,0.606103,0.284268,-0.688687,0.092906,1.279820,-1.987137,-2.417405,1.560549,0.905555,0.009692,-0.075617,0.297649,-0.163842,-0.127859,0.130568,0.123782
38.520072,-1.693515,0.519440,-1.006328,-1.549093,-0.719969,0.719653,0.461213,0.080012,-0.848078,0.909393,-0.337641,-0.535233,0.604736,0.284383,-0.688678,0.092837,1.280112,-1.987309,-2.417520,1.560681,0.905662,0.009602,-0.074135,0.295904,-0.166126,-0.124591,0.130958,0.119814
38.521005,-1.693959,0.519421,-1.005794,-1.544194,-0.722145,0.720928,0.462417,0.072064,-0.856674,0.902422,-0.315690,-0.535757,0.601700,0.284555,-0.688646,0.092691,1.280680,-1.987641,-2.417756,1.560929,0.905895,0.012488,-0.073181,0.289283,-0.166761,-0.120641,0.126832,0.117484
38.522080,-1.696696,0.519696,-1.011729,-1.541668,-0.724920,0.720904,0.462251,0.070400,-0.861825,0.901056,-0.304760,-0.536422,0.600358,0.284601,-0.688631,0.092622,1.280969,-1.987805,-2.417862,1.561053,0.906012,0.013571,-0.072560,0.289044,-0.166225,-0.116819,0.126031,0.116957
38.523071,-1.694952,0.518913,-1.020692,-1.537652,-0.723454,0.720355,0.462661,0.068551,-0.866254,0.899397,-0.294430,-0.537161,0.599090,0.284613,-0.688620,0.092554,1.281259,-1.987972,-2.417978,1.561179,0.906126,0.012767,-0.071211,0.289621,-0.166313,-0.116621,0.125662,0.115130
38.524035,-1.695549,0.517857,-1.022080,-1.534415,-0.725941,0.719221,0.462494,0.066049,-0.869663,0.896885,-0.285428,-0.537785,0.597916,0.284592,-0.688605,0.092489,1.281540,-1.988136,-2.418081,1.561305,0.906239,0.013220,-0.069715,0.286272,-0.165386,-0.112352,0.125861,0.114458
38.525085,-1.694159,0.516904,-1.024433,-1.531006,-0.724139,0.717724,0.463283,0.066049,-0.869663,0.896885,-0.285428,-0.537785,0.597916,0.284592,-0.688605,0.092489,1.281540,-1.988136,-2.418081,1.561305,0.906239,0.013220,-0.069715,0.286272,-0.165386,-0.112352,0.125861,0.114458
38.526042,-1.695335,0.518912,-1.026812,-1.528784,-0.725929,0.716931,0.461914,0.075184,-0.881427,0.904631,-0.274052,-0.538704,0.597062,0.284464,-0.688577,0.092357,1.282093,-1.988458,-2.418295,1.561556,0.906463,0.013448,-0.068285,0.280690,-0.162832,-0.108744,0.126250,0.113564
38.526972,-1.694780,0.518109,-1.040678,-1.521998,-0.726319,0.715642,0.463692,0.086279,-0.888578,0.914256,-0.272303,-0.538835,0.597417,0.284394,-0.688563,0.092293,1.282382,-1.988630,-2.418395,1.561686,0.906564,0.013305,-0.066920,0.283597,-0.165340,-0.106678,0.126583,0.108993
38.527996,-1.699589,0.520176,-1.045889,-1.520141,-0.728946,0.714031,0.463582,0.086279,-0.888578,0.914256,-0.272303,-0.538835,0.597417,0.284394,-0.688563,0.092293,1.282382,-1.988630,-2.418395,1.561686,0.906564,0.013305,-0.066920,0.283597,-0.165340,-0.106678,0.126583,0.108993
38.529019,-1.699824,0.520762,-1.050965,-1.515091,-0.729380,0.713563,0.462723,0.089938,-0.890024,0.914401,-0.270598,-0.537841,0.597057,0.284289,-0.688525,0.092161,1.282938,-1.988953,-2.418584,1.561935,0.906779,0.016051,-0.066265,0.280682,-0.164031,-0.100212,0.126766,0.108914
38.530083,-1.699565,0.523070,-1.062708,-1.510313,-0.729572,0.714124,0.462999,0.089938,-0.890024,0.914401,-0.270598,-0.537841,0.597057,0.284289,-0.688525,0.092161,1.282938,-1.988953,-2.418584,1.561935,0.906779,0.016051,-0.066265,0.280682,-0.164031,-0.100212,0.126766,0.108914
38.531082,-1.701134,0.525088,-1.066169,-1.505434,-0.730112,0.715429,0.462135,0.079353,-0.882280,0.901856,-0.270312,-0.536747,0.596126,0.284282,-0.688508,0.092094,1.283226,-1.989121,-2.418677,1.562059,0.906883,0.016074,-0.066413,0.282434,-0.164545,-0.098297,0.125240,0.107297
38.532131,-1.702978,0.522262,-1.068734,-1.501361,-0.732315,0.717039,0.463539,0.060986,-0.869071,0.881510,-0.269762,-0.535420,0.594722,0.284326,-0.688489,0.092026,1.283499,-1.989286,-2.418768,1.562179,0.906992,0.016974,-0.066415,0.280184,-0.165228,-0.096111,0.123017,0.108022
38.533008,-1.702564,0.523976,-1.077826,-1.497011,-0.734783,0.717001,0.462701,0.038506,-0.852684,0.857015,-0.268735,-0.534078,0.593068,0.284419,-0.688470,0.091966,1.283773,-1.989453,-2.418850,1.562293,0.907089,0.018018,-0.064046,0.277490,-0.165060,-0.092295,0.120516,0.104163
38.534024,-1.697496,0.525821,-1.087190,-1.492213,-0.734210,0.716302,0.463054,0.016129,-0.836157,0.832584,-0.267135,-0.532938,0.591405,0.284552,-0.688453,0.091899,1.284050,-1.989619,-2.418930,1.562410,0.907197,0.017887,-0.063952,0.278168,-0.165232,-0.088375,0.119696,0.104938
38.535034,-1.698149,0.530695,-1.091371,-1.490899,-0.736008,0.717006,0.463462,-0.005745,-0.819655,0.808620,-0.265326,-0.532034,0.589811,0.284725,-0.688442,0.091834,1.284329,-1.989784,-2.419016,1.562529,0.907297,0.015537,-0.063897,0.278832,-0.165852,-0.087361,0.119493,0.103207
38.535969,-1.698538,0.530574,-1.100213,-1.485568,-0.736040,0.715954,0.462021,-0.026804,-0.801832,0.785216,-0.265265,-0.531233,0.588550,0.284915,-0.688425,0.091767,1.284605,-1.989943,-2.419089,1.562645,0.907394,0.016022,-0.065348,0.276926,-0.163096,-0.084066,0.117879,0.101409
38.537066,-1.698356,0.530133,-1.103099,-1.483935,-0.737596,0.716080,0.463012,-0.047253,-0.781344,0.761947,-0.268925,-0.530324,0.587842,0.285107,-0.688407,0.091705,1.284883,-1.990107,-2.419165,1.562764,0.907499,0.016318,-0.064332,0.277415,-0.164330,-0.082594,0.118054,0.103357
38.537993,-1.698859,0.534852,-1.106852,-1.477359,-0.737036,0.715352,0.461320,-0.067024,-0.759048,0.738911,-0.276084,-0.529245,0.587634,0.285302,-0.688390,0.091645,1.285153,-1.990264,-2.419236,1.562881,0.907591,0.016382,-0.063171,0.274867,-0.161917,-0.079496,0.117003,0.100309
38.539012,-1.697982,0.532594,-1.114629,-1.471623,-0.738743,0.716623,0.463491,-0.083910,-0.737054,0.718395,-0.285836,-0.528086,0.587926,0.285495,-0.688371,0.091579,1.285424,-1.990436,-2.419314,1.562997,0.907700,0.016715,-0.064589,0.272888,-0.164217,-0.078616,0.116866,0.102766
38.540082,-1.696893,0.535121,-1.123219,-1.468493,-0.741498,0.717133,0.464603,-0.097326,-0.716731,0.701254,-0.295833,-0.527015,0.588488,0.285672,-0.688355,0.091522,1.285693,-1.990606,-2.419381,1.563107,0.907783,0.016423,-0.062537,0.272907,-0.165653,-0.075465,0.114716,0.097413
38.541028,-1.697739,0.534355,-1.128030,-1.464211,-0.742192,0.717924,0.463591,-0.108717,-0.698523,0.686306,-0.304225,-0.526091,0.589000,0.285815,-0.688340,0.091459,1.285966,-1.990769,-2.419444,1.563222,0.907874,0.016052,-0.062860,0.273221,-0.164589,-0.071274,0.113314,0.094215
38.541951,-1.697277,0.534908,-1.132607,-1.459269,-0.745179,0.718499,0.463447,-0.119173,-0.681706,0.672431,-0.311849,-0.525194,0.589454,0.285953,-0.688322,0.091400,1.286234,-1.990934,-2.419509,1.563332,0.907971,0.016582,-0.061572,0.271772,-0.164729,-0.069248,0.111677,0.095338
38.543107,-1.697866,0.532784,-1.136212,-1.454181,-0.746418,0.718197,0.463811,-0.132983,-0.655552,0.652221,-0.324024,-0.523757,0.590353,0.286311,-0.688289,0.091285,1.286765,-1.991271,-2.419626,1.563546,0.908156,0.016943,-0.058985,0.268117,-0.166218,-0.062309,0.109726,0.092900
38.544021,-1.696898,0.530681,-1.138275,-1.449979,-0.749288,0.718182,0.463842,-0.132983,-0.655552,0.652221,-0.324024,-0.523757,0.590353,0.286311,-0.688289,0.091285,1.286765,-1.991271,-2.419626,1.563546,0.908156,0.016943,-0.058985,0.268117,-0.166218,-0.062309,0.109726,0.092900
38.544960,-1.694263,0.527796,-1.143072,-1.446669,-0.748695,0.718074,0.464263,-0.131519,-0.650643,0.650882,-0.326317,-0.523625,0.590819,0.286477,-0.688273,0.091231,1.287025,-1.991438,-2.419676,1.563652,0.908245,0.016570,-0.057114,0.265418,-0.166211,-0.058247,0.108928,0.091951
38.546000,-1.693656,0.526870,-1.149358,-1.440754,-0.749934,0.717685,0.463517,-0.120644,-0.653850,0.659179,-0.326169,-0.524057,0.591498,0.286606,-0.688260,0.091182,1.287286,-1.991605,-2.419731,1.563759,0.908334,0.015402,-0.054894,0.264082,-0.165301,-0.057624,0.108211,0.090193
38.546942,-1.694466,0.525350,-1.157395,-1.437858,-0.750398,0.717243,0.464111,-0.100548,-0.664986,0.676873,-0.324083,-0.525034,0.592418,0.286706,-0.688246,0.091128,1.287546,-1.991772,-2.419779,1.563864,0.908423,0.015280,-0.053591,0.263433,-0.167002,-0.055113,0.107769,0.090742
38.548058,-1.691650,0.526773,-1.163028,-1.432352,-0.750953,0.717582,0.464556,-0.051617,-0.699547,0.721779,-0.314456,-0.527954,0.593864,0.286850,-0.688216,0.091028,1.288074,-1.992108,-2.419878,1.564073,0.908591,0.014599,-0.051944,0.262573,-0.166889,-0.051592,0.106213,0.086752
38.548987,-1.692428,0.525210,-1.165700,-1.425968,-0.752345,0.718588,0.464064,-0.051617,-0.699547,0.721779,-0.314456,-0.527954,0.593864,0.286850,-0.688216,0.091028,1.288074,-1.992108,-2.419878,1.564073,0.908591,0.014599,-0.051944,0.262573,-0.166889,-0.051592,0.106213,0.086752
38.549987,-1.693423,0.527032,-1.168485,-1.423694,-0.752214,0.718936,0.464483,-0.027886,-0.718874,0.743880,-0.307172,-0.529699,0.594149,0.286889,-0.688201,0.090981,1.288327,-1.992279,-2.419919,1.564173,0.908677,0.015134,-0.050409,0.260253,-0.168956,-0.049096,0.104423,0.086863
38.550958,-1.694929,0.530792,-1.172059,-1.419939,-0.753237,0.718560,0.464860,-0.003927,-0.739398,0.766416,-0.297843,-0.531689,0.594200,0.286918,-0.688185,0.090929,1.288583,-1.992444,-2.419963,1.564274,0.908754,0.015772,-0.050518,0.257911,-0.167035,-0.048053,0.103278,0.085111
38.551939,-1.692548,0.531779,-1.178399,-1.414156,-0.755207,0.718844,0.464708,0.018997,-0.758469,0.787895,-0.289049,-0.533639,0.594256,0.286963,-0.688168,0.090876,1.288833,-1.992609,-2.420004,1.564376,0.908835,0.016646,-0.051578,0.256073,-0.166622,-0.045891,0.102859,0.083462
38.553047,-1.690856,0.527924,-1.186352,-1.411851,-0.756377,0.720376,0.467179,0.038836,-0.773539,0.806219,-0.282019,-0.535329,0.594366,0.287036,-0.688155,0.090827,1.289085,-1.992777,-2.420040,1.564476,0.908914,0.015604,-0.051280,0.255583,-0.168168,-0.042823,0.101783,0.082882
38.554065,-1.689337,0.530005,-1.195606,-1.405749,-0.758008,0.721827,0.467469,0.055577,-0.785280,0.821520,-0.275881,-0.536753,0.594429,0.287117,-0.688141,0.090787,1.289343,-1.992940,-2.420076,1.564570,0.908978,0.014967,-0.048623,0.255747,-0.166301,-0.040482,0.099459,0.076979
38.554952,-1.691758,0.525608,-1.196349,-1.402613,-0.760098,0.722809,0.468229,0.069114,-0.794620,0.833791,-0.270155,-0.537865,0.594365,0.287195,-0.688129,0.090739,1.289599,-1.993108,-2.420110,1.564664,0.909049,0.014398,-0.048925,0.256637,-0.168177,-0.037753,0.097244,0.075558
38.556102,-1.690979,0.523089,-1.201988,-1.398666,-0.760658,0.722201,0.467969,0.079208,-0.802116,0.842860,-0.263984,-0.538687,0.594092,0.287303,-0.688111,0.090701,1.289846,-1.993274,-2.420137,1.564752,0.909116,0.015711,-0.046062,0.253424,-0.167104,-0.034727,0.095568,0.073239
38.557040,-1.689253,0.519058,-1.204894,-1.395031,-0.761666,0.720313,0.468614,0.088438,-0.810040,0.851274,-0.256811,-0.539360,0.593701,0.287465,-0.688097,0.090661,1.290100,-1.993439,-2.420166,1.564847,0.909189,0.015519,-0.044111,0.252463,-0.166842,-0.033040,0.095400,0.072805
38.557973,-1.685389,0.519488,-1.208815,-1.389495,-0.763228,0.720270,0.469198,0.100217,-0.821036,0.862392,-0.248562,-0.540057,0.593344,0.287671,-0.688083,0.090624,1.290343,-1.993602,-2.420193,1.564941,0.909254,0.014796,-0.041450,0.250367,-0.166370,-0.031072,0.096555,0.070685
38.559051,-1.687503,0.518268,-1.217797,-1.384861,-0.763964,0.720968,0.468450,0.139076,-0.856625,0.900408,-0.226639,-0.542334,0.592929,0.288103,-0.688058,0.090544,1.290837,-1.993940,-2.420237,1.565124,0.909388,0.014313,-0.039719,0.249606,-0.167999,-0.026838,0.094382,0.069319
38.560058,-1.687171,0.513112,-1.218191,-1.380925,-0.765354,0.721456,0.470661,0.139076,-0.856625,0.900408,-0.226639,-0.542334,0.592929,0.288103,-0.688058,0.090544,1.290837,-1.993940,-2.420237,1.565124,0.909388,0.014313,-0.039719,0.249606,-0.167999,-0.026838,0.094382,0.069319
38.560960,-1.687365,0.516059,-1.223886,-1.378343,-0.765626,0.721733,0.469994,0.161487,-0.878143,0.922676,-0.212271,-0.543946,0.592538,0.288306,-0.688044,0.090514,1.291078,-1.994110,-2.420257,1.565216,0.909442,0.014305,-0.036567,0.246196,-0.167631,-0.024502,0.093150,0.064029
38.562087,-1.688130,0.517907,-1.230282,-1.373326,-0.767184,0.722059,0.469930,0.184706,-0.900749,0.945763,-0.197081,-0.545777,0.592089,0.288493,-0.688029,0.090474,1.291324,-1.994274,-2.420277,1.565306,0.909504,0.014522,-0.037420,0.245530,-0.166052,-0.023376,0.092164,0.064642
38.563029,-1.686867,0.514180,-1.231011,-1.369721,-0.766567,0.722926,0.471539,0.206286,-0.921023,0.967057,-0.183182,-0.547623,0.591703,0.288702,-0.688014,0.090435,1.291567,-1.994442,-2.420292,1.565393,0.909565,0.015108,-0.037658,0.245080,-0.166810,-0.020815,0.091095,0.063850
38.563985,-1.690969,0.515146,-1.231398,-1.365764,-0.767315,0.723103,0.471890,0.224580,-0.937299,0.984917,-0.170856,-0.549429,0.591362,0.288953,-0.688001,0.090405,1.291803,-1.994610,-2.420313,1.565478,0.909615,0.014626,-0.035220,0.241960,-0.166170,-0.020545,0.089528,0.059841
38.565042,-1.688000,0.513796,-1.239776,-1.362148,-0.769450,0.721689,0.471910,0.260521,-0.964787,1.019543,-0.149493,-0.553170,0.591263,0.289555,-0.687969,0.090340,1.292272,-1.994941,-2.420338,1.565655,0.909722,0.015464,-0.033866,0.239437,-0.165370,-0.015898,0.089337,0.057520
38.565991,-1.688687,0.510328,-1.246797,-1.359093,-0.768519,0.722553,0.472520,0.260521,-0.964787,1.019543,-0.149493,-0.553170,0.591263,0.289555,-0.687969,0.090340,1.292272,-1.994941,-2.420338,1.565655,0.909722,0.015464,-0.033866,0.239437,-0.165370,-0.015898,0.089337,0.057520
38.567104,-1.690831,0.510334,-1.247876,-1.352940,-0.769394,0.723162,0.472634,0.287486,-0.983881,1.045181,-0.131880,-0.556237,0.591267,0.290304,-0.687936,0.090285,1.292740,-1.995273,-2.420361,1.565827,0.909825,0.017199,-0.031074,0.236475,-0.166184,-0.014203,0.086407,0.054443
38.568107,-1.692332,0.509525,-1.253617,-1.348256,-0.770960,0.723972,0.473357,0.287486,-0.983881,1.045181,-0.131880,-0.556237,0.591267,0.290304,-0.687936,0.090285,1.292740,-1.995273,-2.420361,1.565827,0.909825,0.017199,-0.031074,0.236475,-0.166184,-0.014203,0.086407,0.054443
38.569036,-1.692037,0.509037,-1.256825,-1.344332,-0.771106,0.723843,0.472935,0.295142,-0.990917,1.052484,-0.121835,-0.557461,0.590827,0.290678,-0.687917,0.090258,1.292973,-1.995443,-2.420367,1.565909,0.909873,0.018057,-0.030140,0.235911,-0.166535,-0.011828,0.084913,0.052200
38.570002,-1.694658,0.507705,-1.261788,-1.338465,-0.772692,0.721941,0.473351,0.298767,-0.996492,1.056048,-0.109897,-0.558548,0.589966,0.291018,-0.687900,0.090229,1.293206,-1.995608,-2.420375,1.565992,0.909925,0.018002,-0.029376,0.234098,-0.166291,-0.010924,0.084373,0.052310
38.571065,-1.695001,0.505695,-1.263040,-1.335582,-0.773565,0.721920,0.474787,0.295045,-1.004555,1.052978,-0.080736,-0.560402,0.586946,0.291549,-0.687856,0.090179,1.293659,-1.995943,-2.420386,1.566160,0.910015,0.019637,-0.026697,0.230429,-0.166549,-0.006851,0.084892,0.047015
38.572020,-1.696850,0.505652,-1.266690,-1.331384,-0.773893,0.720912,0.474611,0.290153,-1.008475,1.048646,-0.064719,-0.561197,0.585024,0.291711,-0.687833,0.090154,1.293881,-1.996111,-2.420390,1.566249,0.910058,0.020609,-0.026204,0.228978,-0.166514,-0.005781,0.085190,0.046664
38.573059,-1.692596,0.505922,-1.272229,-1.327833,-0.774343,0.718530,0.475463,0.284871,-1.012173,1.043892,-0.049787,-0.561831,0.583144,0.291821,-0.687819,0.090130,1.294107,-1.996274,-2.420390,1.566341,0.910096,0.018626,-0.025842,0.228358,-0.165932,-0.004551,0.086833,0.044175
38.574023,-1.694868,0.503838,-1.278437,-1.323646,-0.774507,0.718393,0.475414,0.284871,-1.012173,1.043892,-0.049787,-0.561831,0.583144,0.291821,-0.687819,0.090130,1.294107,-1.996274,-2.420390,1.566341,0.910096,0.018626,-0.025842,0.228358,-0.165932,-0.004551,0.086833,0.044175
38.575021,-1.694944,0.504376,-1.277412,-1.319465,-0.774690,0.719410,0.475957,0.278881,-1.015055,1.038367,-0.036626,-0.562271,0.581335,0.291899,-0.687795,0.090109,1.294336,-1.996439,-2.420391,1.566427,0.910139,0.019831,-0.024355,0.228081,-0.165953,-0.003671,0.086245,0.043550
38.576002,-1.697794,0.503194,-1.281594,-1.317566,-0.774672,0.719397,0.476393,0.272008,-1.017020,1.031901,-0.025296,-0.562532,0.579589,0.291955,-0.687776,0.090086,1.294552,-1.996605,-2.420392,1.566509,0.910177,0.019655,-0.024334,0.224894,-0.166130,-0.003420,0.084705,0.042254
38.576949,-1.695355,0.499236,-1.285166,-1.314459,-0.775335,0.718970,0.475978,0.264772,-1.017776,1.024946,-0.016543,-0.562590,0.578048,0.291998,-0.687753,0.090064,1.294777,-1.996765,-2.420394,1.566593,0.910215,0.020824,-0.023475,0.224310,-0.164170,-0.003417,0.084226,0.041232
38.578004,-1.698561,0.500149,-1.279183,-1.311587,-0.778515,0.718074,0.477598,0.253468,-1.017083,1.013455,-0.010485,-0.561880,0.576208,0.292086,-0.687713,0.090025,1.295204,-1.997087,-2.420387,1.566761,0.910285,0.020723,-0.021498,0.217938,-0.162419,0.000387,0.084548,0.038519
38.579057,-1.695595,0.498023,-1.286666,-1.306393,-0.777467,0.718826,0.477418,0.253468,-1.017083,1.013455,-0.010485,-0.561880,0.576208,0.292086,-0.687713,0.090025,1.295204,-1.997087,-2.420387,1.566761,0.910285,0.020723,-0.021498,0.217938,-0.162419,0.000387,0.084548,0.038519
38.580028,-1.695851,0.496669,-1.287535,-1.301489,-0.776668,0.720789,0.477312,0.255015,-1.018944,1.014498,-0.012241,-0.561399,0.576175,0.292130,-0.687697,0.090009,1.295426,-1.997255,-2.420391,1.566844,0.910324,0.019023,-0.020229,0.219071,-0.163615,-0.000666,0.083284,0.038758
38.581135,-1.699239,0.491460,-1.290268,-1.298891,-0.777661,0.721101,0.479326,0.269998,-1.028752,1.028201,-0.017063,-0.560772,0.577046,0.292199,-0.687653,0.089982,1.295848,-1.997581,-2.420392,1.567003,0.910391,0.020349,-0.016611,0.215790,-0.163253,-0.000442,0.080057,0.034634
38.582035,-1.697891,0.491086,-1.294384,-1.293776,-0.778290,0.721357,0.478613,0.269998,-1.028752,1.028201,-0.017063,-0.560772,0.577046,0.292199,-0.687653,0.089982,1.295848,-1.997581,-2.420392,1.567003,0.910391,0.020349,-0.016611,0.215790,-0.163253,-0.000442,0.080057,0.034634
38.583034,-1.701327,0.488661,-1.298591,-1.292787,-0.777195,0.722318,0.480153,0.279890,-1.036232,1.037412,-0.018601,-0.560569,0.577559,0.292189,-0.687636,0.089967,1.296061,-1.997750,-2.420390,1.567082,0.910429,0.019447,-0.016269,0.215295,-0.164341,0.000159,0.079328,0.035962
38.584042,-1.704795,0.486887,-1.297986,-1.287810,-0.778395,0.720370,0.480224,0.288212,-1.043386,1.045042,-0.020173,-0.560255,0.577990,0.292158,-0.687612,0.089955,1.296274,-1.997903,-2.420391,1.567159,0.910454,0.020902,-0.014891,0.214846,-0.161617,-0.000939,0.077898,0.032737
38.584994,-1.704410,0.487342,-1.301603,-1.285692,-0.778466,0.720610,0.480448,0.292900,-1.048429,1.048969,-0.022745,-0.559665,0.578318,0.292121,-0.687588,0.089944,1.296482,-1.998069,-2.420389,1.567239,0.910484,0.022346,-0.013879,0.212031,-0.162660,0.000266,0.079398,0.032504
38.586093,-1.703700,0.487506,-1.301114,-1.283379,-0.777471,0.720477,0.480883,0.293989,-1.051074,1.049225,-0.026302,-0.558820,0.578535,0.292098,-0.687568,0.089930,1.296688,-1.998226,-2.420390,1.567316,0.910515,0.021893,-0.013949,0.211384,-0.160978,0.000334,0.078671,0.031928
38.587015,-1.702006,0.482243,-1.303002,-1.277528,-0.778058,0.720908,0.480793,0.293628,-1.051256,1.047848,-0.031990,-0.557726,0.578903,0.292104,-0.687548,0.089918,1.296890,-1.998384,-2.420394,1.567392,0.910541,0.021296,-0.013884,0.208694,-0.159506,-0.000634,0.078357,0.030951
38.588008,-1.704040,0.484407,-1.304580,-1.272177,-0.778534,0.721615,0.481065,0.295806,-1.051056,1.048762,-0.039844,-0.556517,0.579651,0.292128,-0.687530,0.089913,1.297093,-1.998551,-2.420393,1.567467,0.910572,0.020231,-0.011172,0.207209,-0.161371,-0.000038,0.077465,0.031017
38.589020,-1.705486,0.483082,-1.313071,-1.267254,-0.777001,0.721902,0.481118,0.302308,-1.053157,1.053981,-0.046783,-0.555508,0.580542,0.292159,-0.687507,0.089900,1.297294,-1.998715,-2.420391,1.567541,0.910600,0.020989,-0.012130,0.205592,-0.162786,0.000417,0.076312,0.030354
38.589958,-1.708256,0.479984,-1.311876,-1.266029,-0.777418,0.722702,0.481296,0.308359,-1.055634,1.058976,-0.050794,-0.554710,0.581102,0.292201,-0.687486,0.089893,1.297507,-1.998883,-2.420396,1.567612,0.910628,0.021450,-0.011366,0.207318,-0.163683,-0.001088,0.075604,0.030141
38.591055,-1.711366,0.477839,-1.313395,-1.259490,-0.777160,0.723071,0.482887,0.309362,-1.055702,1.059123,-0.052917,-0.553868,0.581175,0.292255,-0.687460,0.089887,1.297703,-1.999039,-2.420394,1.567684,0.910658,0.022538,-0.009735,0.204317,-0.161114,-0.000667,0.074369,0.029662
38.592030,-1.708471,0.476804,-1.316099,-1.257819,-0.778819,0.722446,0.482276,0.306342,-1.054105,1.055324,-0.054314,-0.552910,0.580949,0.292294,-0.687435,0.089878,1.297902,-1.999208,-2.420394,1.567754,0.910676,0.023788,-0.008566,0.202698,-0.163661,-0.000940,0.073581,0.026378
38.593068,-1.710143,0.474831,-1.317663,-1.252901,-0.777542,0.721485,0.483557,0.301941,-1.052524,1.050204,-0.054909,-0.551955,0.580592,0.292296,-0.687416,0.089873,1.298104,-1.999366,-2.420390,1.567828,0.910702,0.022085,-0.007996,0.201634,-0.161484,0.000707,0.073771,0.027543
38.593974,-1.712062,0.475743,-1.315759,-1.248783,-0.776095,0.721550,0.483861,0.298226,-1.051656,1.045724,-0.055416,-0.551057,0.580281,0.292277,-0.687391,0.089870,1.298300,-1.999530,-2.420393,1.567902,0.910724,0.022649,-0.006960,0.200059,-0.162499,-0.000570,0.074297,0.024853
38.595018,-1.710318,0.474673,-1.317249,-1.245784,-0.776282,0.721991,0.482998,0.296101,-1.051602,1.042685,-0.056168,-0.550230,0.580056,0.292254,-0.687367,0.089862,1.298493,-1.999694,-2.420396,1.567973,0.910746,0.023313,-0.007345,0.196773,-0.162682,-0.001996,0.073792,0.024179
38.595982,-1.714578,0.472658,-1.316116,-1.242256,-0.776913,0.724575,0.484458,0.300320,-1.053603,1.044236,-0.060399,-0.548758,0.580242,0.292256,-0.687319,0.089854,1.298870,-2.000012,-2.420394,1.568105,0.910790,0.024008,-0.005690,0.192436,-0.161558,-0.001172,0.069950,0.022784
38.597006,-1.716242,0.471127,-1.319736,-1.237646,-0.776623,0.725847,0.484510,0.300320,-1.053603,1.044236,-0.060399,-0.548758,0.580242,0.292256,-0.687319,0.089854,1.298870,-2.000012,-2.420394,1.568105,0.910790,0.024008,-0.005690,0.192436,-0.161558,-0.001172,0.069950,0.022784
38.597991,-1.711365,0.468988,-1.325058,-1.233922,-0.779003,0.726403,0.485337,0.305862,-1.055033,1.047974,-0.064805,-0.547995,0.580744,0.292267,-0.687294,0.089851,1.299062,-2.000178,-2.420397,1.568170,0.910813,0.024530,-0.004889,0.191961,-0.162202,-0.001441,0.068301,0.022613
38.599093,-1.715685,0.473122,-1.322470,-1.228246,-0.778540,0.726511,0.486731,0.316160,-1.056646,1.054462,-0.075055,-0.546376,0.582004,0.292244,-0.687249,0.089842,1.299439,-2.000508,-2.420395,1.568305,0.910844,0.023725,-0.005810,0.188781,-0.163699,0.000459,0.066839,0.018024
38.600134,-1.719746,0.470311,-1.322125,-1.227101,-0.778046,0.727669,0.486811,0.316160,-1.056646,1.054462,-0.075055,-0.546376,0.582004,0.292244,-0.687249,0.089842,1.299439,-2.000508,-2.420395,1.568305,0.910844,0.023725,-0.005810,0.188781,-0.163699,0.000459,0.066839,0.018024
38.601109,-1.719843,0.469656,-1.322855,-1.221292,-0.777669,0.727919,0.487923,0.319948,-1.055164,1.056243,-0.080879,-0.545531,0.582795,0.292172,-0.687221,0.089842,1.299620,-2.000664,-2.420398,1.568367,0.910862,0.025412,-0.004362,0.186439,-0.161039,-0.000013,0.065300,0.017818
38.602000,-1.719061,0.465809,-1.327434,-1.219854,-0.777168,0.728300,0.488512,0.322196,-1.051418,1.056373,-0.088186,-0.544543,0.583754,0.292079,-0.687195,0.089839,1.299801,-2.000829,-2.420398,1.568429,0.910873,0.025132,-0.004015,0.184643,-0.162954,-0.000387,0.064684,0.015530
38.602951,-1.721573,0.465368,-1.324788,-1.213981,-0.779048,0.728201,0.488288,0.323894,-1.046787,1.055950,-0.096787,-0.543423,0.584882,0.291982,-0.687172,0.089843,1.299988,-2.000984,-2.420399,1.568493,0.910885,0.024467,-0.002118,0.184705,-0.160618,-0.000881,0.063923,0.014315
38.603972,-1.725657,0.464632,-1.324373,-1.213041,-0.777869,0.727330,0.490065,0.325962,-1.042462,1.055930,-0.106187,-0.542227,0.586150,0.291891,-0.687147,0.089843,1.300162,-2.001149,-2.420395,1.568557,0.910897,0.025430,-0.001913,0.181260,-0.162568,0.000985,0.063643,0.014730
38.605073,-1.728844,0.466168,-1.328336,-1.208445,-0.779506,0.727045,0.489935,0.328722,-1.032603,1.054311,-0.127617,-0.539549,0.588876,0.291740,-0.687088,0.089841,1.300514,-2.001469,-2.420396,1.568685,0.910914,0.028368,-0.002303,0.178842,-0.160412,0.001449,0.064029,0.011366
38.606104,-1.721800,0.464709,-1.332801,-1.205092,-0.777660,0.726003,0.490153,0.328722,-1.032603,1.054311,-0.127617,-0.539549,0.588876,0.291740,-0.687088,0.089841,1.300514,-2.001469,-2.420396,1.568685,0.910914,0.028368,-0.002303,0.178842,-0.160412,0.001449,0.064029,0.011366
38.607106,-1.727533,0.463011,-1.333584,-1.201578,-0.778815,0.725824,0.491643,0.324414,-1.023148,1.047705,-0.140531,-0.537838,0.590093,0.291688,-0.687071,0.089840,1.300691,-2.001626,-2.420399,1.568750,0.910926,0.024589,-0.001541,0.178952,-0.159989,-0.000401,0.064689,0.010873
38.608014,-1.731910,0.460823,-1.329744,-1.199213,-0.777522,0.726760,0.491035,0.317559,-1.011676,1.038509,-0.154070,-0.535979,0.591181,0.291630,-0.687040,0.089841,1.300866,-2.001784,-2.420397,1.568814,0.910927,0.027142,-0.000712,0.177222,-0.159720,0.000768,0.064474,0.007863
38.609007,-1.731615,0.459223,-1.333597,-1.194544,-0.778182,0.728006,0.491124,0.300408,-0.987006,1.016304,-0.181861,-0.531936,0.593006,0.291424,-0.686979,0.089846,1.301201,-2.002100,-2.420397,1.568935,0.910946,0.028426,0.001128,0.173234,-0.159176,0.000123,0.061553,0.008857
38.610009,-1.731691,0.462917,-1.337968,-1.190865,-0.777384,0.727238,0.490785,0.290162,-0.974043,1.003476,-0.195299,-0.529808,0.593697,0.291270,-0.686951,0.089842,1.301375,-2.002259,-2.420398,1.568998,0.910955,0.028133,-0.000701,0.173326,-0.159022,-0.000675,0.061963,0.009506
38.611019,-1.737803,0.462539,-1.334554,-1.188300,-0.777075,0.727370,0.491579,0.290162,-0.974043,1.003476,-0.195299,-0.529808,0.593697,0.291270,-0.686951,0.089842,1.301375,-2.002259,-2.420398,1.568998,0.910955,0.028133,-0.000701,0.173326,-0.159022,-0.000675,0.061963,0.009506
38.611964,-1.741497,0.458160,-1.331173,-1.184522,-0.778469,0.725949,0.492593,0.276164,-0.958140,0.986881,-0.208688,-0.527522,0.594166,0.291073,-0.686916,0.089842,1.301536,-2.002415,-2.420400,1.569057,0.910959,0.030797,-0.000492,0.169656,-0.157853,-0.000964,0.061469,0.007881
38.613031,-1.740433,0.459908,-1.333013,-1.183955,-0.778530,0.726173,0.491015,0.259856,-0.940285,0.967881,-0.222203,-0.525120,0.594506,0.290832,-0.686882,0.089847,1.301696,-2.002573,-2.420397,1.569123,0.910962,0.032218,0.001652,0.166048,-0.157831,0.000417,0.062507,0.005838
38.614010,-1.739744,0.462211,-1.338353,-1.176452,-0.778812,0.725446,0.490419,0.244918,-0.923128,0.950158,-0.236143,-0.522717,0.594943,0.290572,-0.686852,0.089848,1.301856,-2.002721,-2.420397,1.569185,0.910978,0.031311,0.000743,0.165070,-0.154830,0.000465,0.061897,0.008981
38.614945,-1.739392,0.459104,-1.340000,-1.172283,-0.778608,0.725107,0.491779,0.231139,-0.906032,0.933592,-0.250884,-0.520324,0.595529,0.290333,-0.686823,0.089847,1.302023,-2.002887,-2.420394,1.569248,0.910989,0.030613,-0.000396,0.165754,-0.158412,0.000724,0.062256,0.010110
38.616065,-1.742363,0.463662,-1.338564,-1.171699,-0.779425,0.726015,0.490720,0.216369,-0.888573,0.916292,-0.263986,-0.518092,0.595895,0.290099,-0.686793,0.089851,1.302185,-2.003047,-2.420399,1.569313,0.910991,0.030082,0.001137,0.164607,-0.158710,0.000560,0.062199,0.007343
38.617062,-1.738839,0.454462,-1.341061,-1.167935,-0.779520,0.726069,0.490538,0.200865,-0.871059,0.898440,-0.275300,-0.516036,0.596018,0.289858,-0.686760,0.089845,1.302340,-2.003195,-2.420396,1.569371,0.911004,0.031191,-0.001115,0.162020,-0.155713,0.001363,0.060933,0.009454
38.618002,-1.738799,0.457746,-1.344087,-1.159102,-0.778446,0.725586,0.490731,0.187337,-0.854286,0.882430,-0.287437,-0.514019,0.596304,0.289636,-0.686735,0.089856,1.302500,-2.003350,-2.420397,1.569429,0.911010,0.029090,0.003416,0.161366,-0.155767,0.001459,0.060537,0.009777
38.619034,-1.737162,0.458627,-1.344540,-1.156749,-0.778492,0.726488,0.490062,0.178132,-0.841440,0.870828,-0.298266,-0.512265,0.596647,0.289433,-0.686707,0.089855,1.302660,-2.003521,-2.420399,1.569490,0.911016,0.028754,0.001725,0.160959,-0.160560,0.000396,0.060660,0.009357
38.620039,-1.741862,0.459578,-1.339125,-1.151943,-0.779328,0.726653,0.491398,0.172217,-0.832880,0.862891,-0.304783,-0.510976,0.596727,0.289235,-0.686682,0.089856,1.302815,-2.003674,-2.420401,1.569547,0.911031,0.027624,0.001293,0.159313,-0.159165,0.000471,0.059406,0.010656
38.621052,-1.741630,0.458807,-1.341408,-1.150134,-0.778758,0.727255,0.490604,0.169104,-0.826755,0.857947,-0.308211,-0.510039,0.596715,0.289025,-0.686647,0.089856,1.302964,-2.003838,-2.420398,1.569604,0.911032,0.029588,0.000817,0.154788,-0.160075,0.001285,0.058903,0.007937
38.622035,-1.735491,0.457563,-1.346421,-1.146295,-0.779310,0.726760,0.490997,0.172112,-0.818588,0.857198,-0.314166,-0.508553,0.597284,0.288551,-0.686603,0.089862,1.303272,-2.004146,-2.420397,1.569716,0.911052,0.025824,0.001759,0.154793,-0.158304,0.001250,0.058134,0.008680
38.623019,-1.737785,0.455175,-1.343567,-1.143275,-0.778360,0.727316,0.491890,0.179011,-0.816917,0.862050,-0.319069,-0.507847,0.598050,0.288289,-0.686573,0.089868,1.303418,-2.004306,-2.420396,1.569770,0.911057,0.026654,0.002885,0.151580,-0.157492,0.000277,0.057245,0.006862
38.623985,-1.743042,0.458679,-1.343694,-1.140322,-0.776174,0.727822,0.491649,0.188469,-0.816325,0.869244,-0.325828,-0.507090,0.599082,0.288004,-0.686539,0.089865,1.303561,-2.004462,-2.420400,1.569825,0.911063,0.028889,0.001140,0.149937,-0.156704,-0.001876,0.056405,0.007343
38.625050,-1.739799,0.453437,-1.342890,-1.135919,-0.777341,0.729245,0.491790,0.188469,-0.816325,0.869244,-0.325828,-0.507090,0.599082,0.288004,-0.686539,0.089865,1.303561,-2.004462,-2.420400,1.569825,0.911063,0.028889,0.001140,0.149937,-0.156704,-0.001876,0.056405,0.007343
38.626074,-1.736820,0.459201,-1.349481,-1.134042,-0.777734,0.729821,0.492007,0.198271,-0.815522,0.876608,-0.334434,-0.506204,0.600255,0.287717,-0.686516,0.089873,1.303707,-2.004621,-2.420399,1.569876,0.911068,0.026952,0.003707,0.147789,-0.157286,-0.000691,0.054669,0.007034
38.627077,-1.738283,0.458442,-1.346384,-1.127819,-0.776316,0.729157,0.492094,0.219683,-0.812963,0.892882,-0.356788,-0.504161,0.603216,0.287194,-0.686465,0.089869,1.303997,-2.004938,-2.420399,1.569982,0.911079,0.025606,0.001238,0.146036,-0.157813,-0.001741,0.054141,0.006386
38.628032,-1.739946,0.456131,-1.347325,-1.123888,-0.777959,0.730061,0.493889,0.219683,-0.812963,0.892882,-0.356788,-0.504161,0.603216,0.287194,-0.686465,0.089869,1.303997,-2.004938,-2.420399,1.569982,0.911079,0.025606,0.001238,0.146036,-0.157813,-0.001741,0.054141,0.006386
38.628986,-1.740948,0.455240,-1.348818,-1.118807,-0.776746,0.730450,0.492268,0.229504,-0.810479,0.900148,-0.368383,-0.503146,0.604765,0.286956,-0.686438,0.089873,1.304142,-2.005095,-2.420396,1.570032,0.911075,0.026113,0.002350,0.144788,-0.157949,-0.000098,0.052920,0.002776
38.630101,-1.736661,0.456714,-1.351368,-1.115678,-0.777455,0.731163,0.492104,0.238359,-0.809099,0.906738,-0.377341,-0.502355,0.606007,0.286735,-0.686411,0.089875,1.304282,-2.005255,-2.420400,1.570085,0.911089,0.026287,0.002759,0.143861,-0.159191,-0.001302,0.052222,0.006032
38.631067,-1.733862,0.457222,-1.351627,-1.114283,-0.777034,0.731459,0.494044,0.245747,-0.808584,0.912218,-0.383872,-0.501752,0.606927,0.286541,-0.686392,0.089876,1.304423,-2.005413,-2.420398,1.570132,0.911093,0.023883,0.002008,0.143451,-0.158507,-0.000589,0.051220,0.006311
38.632013,-1.740079,0.458542,-1.346443,-1.110676,-0.777548,0.731194,0.493727,0.253663,-0.808354,0.918285,-0.390576,-0.501198,0.607934,0.286332,-0.686373,0.089878,1.304559,-2.005568,-2.420399,1.570185,0.911087,0.022265,0.001732,0.141931,-0.156168,-0.001014,0.050613,0.002414
38.632970,-1.739520,0.454759,-1.348117,-1.106137,-0.777226,0.729869,0.493529,0.274466,-0.806936,0.934510,-0.410966,-0.499791,0.611063,0.285835,-0.686321,0.089887,1.304822,-2.005884,-2.420399,1.570282,0.911096,0.024477,0.002877,0.137037,-0.156769,-0.000820,0.051637,0.003453
38.634069,-1.735909,0.458062,-1.351008,-1.103192,-0.777279,0.729694,0.493324,0.274466,-0.806936,0.934510,-0.410966,-0.499791,0.611063,0.285835,-0.686321,0.089887,1.304822,-2.005884,-2.420399,1.570282,0.911096,0.024477,0.002877,0.137037,-0.156769,-0.000820,0.051637,0.003453
38.635010,-1.736858,0.456810,-1.348580,-1.098265,-0.777031,0.730529,0.493893,0.285145,-0.806602,0.942800,-0.421814,-0.499043,0.612675,0.285586,-0.686302,0.089885,1.304956,-2.006040,-2.420400,1.570336,0.911100,0.022439,0.001217,0.136870,-0.155952,-0.000756,0.051476,0.003846
38.636033,-1.736850,0.457417,-1.346061,-1.096701,-0.777248,0.730527,0.494538,0.295746,-0.806666,0.951102,-0.432111,-0.498318,0.614185,0.285316,-0.686279,0.089887,1.305084,-2.006199,-2.420401,1.570385,0.911100,0.022650,0.001834,0.134094,-0.157092,-0.000992,0.050337,0.002695
38.637026,-1.740056,0.454747,-1.350991,-1.093071,-0.777975,0.731661,0.493099,0.307753,-0.807673,0.960803,-0.441861,-0.497647,0.615679,0.285001,-0.686257,0.089886,1.305210,-2.006350,-2.420400,1.570433,0.911097,0.022379,0.001532,0.131329,-0.154997,-0.000778,0.050059,0.001414
38.637985,-1.740360,0.455008,-1.351046,-1.087820,-0.777930,0.729631,0.494183,0.320127,-0.809139,0.970778,-0.451573,-0.496916,0.617129,0.284663,-0.686229,0.089893,1.305343,-2.006502,-2.420398,1.570477,0.911105,0.023668,0.002809,0.132231,-0.154992,-0.000069,0.048646,0.004300
38.638973,-1.736102,0.454813,-1.347362,-1.086090,-0.778539,0.728191,0.494862,0.334076,-0.810078,0.980214,-0.466632,-0.495144,0.618789,0.283992,-0.686190,0.089897,1.305588,-2.006812,-2.420399,1.570581,0.911101,0.021188,0.002707,0.127439,-0.154506,0.000502,0.051518,0.000750
38.640120,-1.739821,0.452453,-1.348968,-1.080648,-0.778340,0.728799,0.494733,0.334076,-0.810078,0.980214,-0.466632,-0.495144,0.618789,0.283992,-0.686190,0.089897,1.305588,-2.006812,-2.420399,1.570581,0.911101,0.021188,0.002707,0.127439,-0.154506,0.000502,0.051518,0.000750
38.641053,-1.741710,0.457397,-1.349924,-1.076586,-0.777944,0.729506,0.494480,0.341069,-0.812614,0.985062,-0.471137,-0.494403,0.619245,0.283620,-0.686165,0.089904,1.305712,-2.006974,-2.420399,1.570627,0.911104,0.022777,0.003815,0.126779,-0.156101,0.000295,0.050617,0.001011
38.641985,-1.742502,0.454716,-1.347887,-1.073106,-0.778492,0.730185,0.494580,0.346520,-0.815487,0.988530,-0.473298,-0.493740,0.619317,0.283243,-0.686138,0.089900,1.305836,-2.007132,-2.420400,1.570674,0.911106,0.023398,0.001357,0.125766,-0.156370,-0.000095,0.049627,0.001509
38.643032,-1.740364,0.454354,-1.349771,-1.071176,-0.776867,0.729513,0.495967,0.344951,-0.815451,0.983688,-0.472608,-0.492271,0.618180,0.282538,-0.686092,0.089908,1.306073,-2.007437,-2.420402,1.570769,0.911101,0.022152,0.002812,0.122843,-0.154436,-0.001162,0.049065,-0.001477
38.643985,-1.742456,0.454729,-1.347202,-1.065095,-0.776617,0.730348,0.495401,0.344951,-0.815451,0.983688,-0.472608,-0.492271,0.618180,0.282538,-0.686092,0.089908,1.306073,-2.007437,-2.420402,1.570769,0.911101,0.022152,0.002812,0.122843,-0.154436,-0.001162,0.049065,-0.001477
38.644982,-1.741485,0.458159,-1.345114,-1.061608,-0.777332,0.730578,0.494459,0.340477,-0.814068,0.976454,-0.469991,-0.490713,0.616701,0.281904,-0.686045,0.089906,1.306297,-2.007754,-2.420402,1.570859,0.911112,0.022156,0.000906,0.117812,-0.156408,-0.000669,0.047449,0.001544
38.646099,-1.742927,0.455691,-1.346199,-1.058764,-0.777854,0.730999,0.495026,0.339144,-0.813243,0.973921,-0.467549,-0.490040,0.616008,0.281640,-0.686021,0.089911,1.306412,-2.007908,-2.420399,1.570904,0.911110,0.022591,0.002118,0.116997,-0.155539,-0.000185,0.046754,0.000387
38.647029,-1.741971,0.457065,-1.347474,-1.057876,-0.776435,0.730371,0.494553,0.339144,-0.813243,0.973921,-0.467549,-0.490040,0.616008,0.281640,-0.686021,0.089911,1.306412,-2.007908,-2.420399,1.570904,0.911110,0.022591,0.002118,0.116997,-0.155539,-0.000185,0.046754,0.000387
38.648023,-1.742213,0.457695,-1.342532,-1.053953,-0.777044,0.730367,0.495345,0.337538,-0.811156,0.971065,-0.466574,-0.489253,0.615517,0.281394,-0.686001,0.089910,1.306524,-2.008055,-2.420404,1.570950,0.911113,0.021867,0.001424,0.116288,-0.152897,-0.001570,0.047122,0.001341
38.649004,-1.743584,0.458544,-1.340247,-1.048355,-0.776739,0.730433,0.494650,0.336104,-0.807447,0.968145,-0.468826,-0.488239,0.615417,0.281155,-0.685980,0.089910,1.306632,-2.008209,-2.420401,1.570998,0.911109,0.021743,0.001109,0.112491,-0.153133,-0.000973,0.046829,-0.000253
38.650038,-1.740049,0.456778,-1.340515,-1.045005,-0.777760,0.730507,0.494179,0.337058,-0.803645,0.967427,-0.472933,-0.487201,0.615709,0.280911,-0.685958,0.089910,1.306734,-2.008368,-2.420402,1.571042,0.911113,0.022164,0.000681,0.110134,-0.154936,-0.001280,0.046496,0.001151
38.651008,-1.743121,0.457771,-1.343361,-1.040411,-0.777107,0.730677,0.495418,0.341663,-0.801701,0.970405,-0.476232,-0.486401,0.616172,0.280649,-0.685941,0.089913,1.306838,-2.008522,-2.420399,1.571089,0.911117,0.020169,0.001544,0.109037,-0.154584,-0.000272,0.046142,0.002072
38.652093,-1.740417,0.458606,-1.342489,-1.038229,-0.778052,0.729875,0.494739,0.348234,-0.801448,0.975537,-0.477898,-0.485831,0.616576,0.280355,-0.685917,0.089913,1.306948,-2.008681,-2.420400,1.571134,0.911111,0.021450,0.001030,0.109156,-0.155365,-0.000935,0.045700,-0.000417
38.653125,-1.743086,0.459242,-1.343261,-1.032513,-0.777694,0.730207,0.494320,0.353382,-0.800772,0.979429,-0.478711,-0.485306,0.616774,0.280042,-0.685901,0.089913,1.307050,-2.008835,-2.420397,1.571181,0.911111,0.019875,0.000611,0.107477,-0.153821,0.000003,0.046229,0.000982
38.653985,-1.741501,0.458247,-1.343564,-1.030451,-0.776765,0.729702,0.494259,0.355825,-0.798522,0.980746,-0.479350,-0.484749,0.616768,0.279753,-0.685879,0.089912,1.307155,-2.008995,-2.420399,1.571224,0.911115,0.020981,0.000306,0.106611,-0.155750,-0.000352,0.045629,0.001800
38.655050,-1.736617,0.457693,-1.346156,-1.025367,-0.779467,0.729529,0.494230,0.355365,-0.794788,0.979301,-0.479668,-0.484172,0.616545,0.279509,-0.685862,0.089912,1.307258,-2.009146,-2.420401,1.571272,0.911116,0.019963,0.000814,0.105519,-0.154150,-0.001265,0.045855,0.001908
38.656078,-1.741558,0.461173,-1.342364,-1.021584,-0.778238,0.730433,0.494947,0.353685,-0.790767,0.976740,-0.479764,-0.483625,0.616217,0.279296,-0.685848,0.089914,1.307363,-2.009303,-2.420396,1.571313,0.911119,0.017336,0.001072,0.105567,-0.155489,0.001418,0.045779,0.001956
38.657053,-1.740137,0.459460,-1.338487,-1.018005,-0.778174,0.730763,0.494637,0.352367,-0.787144,0.974583,-0.479561,-0.483181,0.615898,0.279083,-0.685825,0.089910,1.307461,-2.009459,-2.420401,1.571359,0.911114,0.019577,-0.000641,0.102467,-0.155511,0.000205,0.044589,0.000525
38.658115,-1.739788,0.457907,-1.337983,-1.013785,-0.779408,0.730918,0.494331,0.351835,-0.783658,0.973153,-0.479228,-0.482842,0.615662,0.278855,-0.685808,0.089912,1.307552,-2.009613,-2.420400,1.571400,0.911117,0.018635,0.000217,0.099435,-0.155394,0.000145,0.044020,0.001153
38.659040,-1.740216,0.457793,-1.341037,-1.011037,-0.779765,0.729937,0.495092,0.354630,-0.782010,0.974941,-0.478830,-0.482685,0.615653,0.278612,-0.685791,0.089912,1.307647,-2.009770,-2.420396,1.571444,0.911121,0.018259,0.000989,0.098061,-0.155857,0.001348,0.043603,0.001748
38.660129,-1.741153,0.455638,-1.336418,-1.006671,-0.778323,0.730243,0.494366,0.360305,-0.782608,0.979538,-0.478161,-0.482694,0.615775,0.278347,-0.685774,0.089914,1.307746,-2.009923,-2.420398,1.571487,0.911115,0.018272,0.001019,0.098412,-0.154910,0.001715,0.044334,0.000229
38.661082,-1.745323,0.457526,-1.335832,-1.001515,-0.778175,0.729429,0.494845,0.366342,-0.784260,0.984422,-0.477411,-0.482736,0.615848,0.278065,-0.685754,0.089918,1.307832,-2.010079,-2.420399,1.571530,0.911118,0.018502,0.002055,0.095039,-0.155553,0.000262,0.043756,0.001701
38.662024,-1.741118,0.458317,-1.333914,-0.997603,-0.779444,0.730800,0.494332,0.371705,-0.786704,0.988631,-0.475773,-0.482813,0.615710,0.277778,-0.685732,0.089919,1.307923,-2.010238,-2.420400,1.571573,0.911116,0.020335,0.001084,0.093671,-0.156903,0.000137,0.044324,0.000727
38.662989,-1.740923,0.458722,-1.334102,-0.995873,-0.777974,0.729886,0.494880,0.375761,-0.789367,0.991665,-0.472411,-0.482979,0.615285,0.277492,-0.685719,0.089920,1.308008,-2.010391,-2.420395,1.571612,0.911120,0.018037,0.000683,0.091684,-0.157127,0.001374,0.042696,0.001754
38.664060,-1.745313,0.455281,-1.331597,-0.990407,-0.779157,0.729283,0.496115,0.384771,-0.794405,0.998569,-0.465571,-0.483358,0.614525,0.276924,-0.685678,0.089925,1.308179,-2.010701,-2.420399,1.571701,0.911113,0.019689,0.002162,0.088471,-0.156910,0.001122,0.043704,-0.001819
38.665010,-1.745314,0.455793,-1.327658,-0.988662,-0.778894,0.729379,0.494327,0.384771,-0.794405,0.998569,-0.465571,-0.483358,0.614525,0.276924,-0.685678,0.089925,1.308179,-2.010701,-2.420399,1.571701,0.911113,0.019689,0.002162,0.088471,-0.156910,0.001122,0.043704,-0.001819
38.666077,-1.747621,0.455522,-1.324849,-0.984168,-0.778709,0.730143,0.495178,0.389248,-0.797366,1.001907,-0.462329,-0.483472,0.614121,0.276672,-0.685659,0.089925,1.308258,-2.010851,-2.420399,1.571745,0.911123,0.019441,0.001885,0.085548,-0.155018,0.000847,0.043333,0.001778
38.667035,-1.744064,0.456392,-1.325012,-0.981239,-0.777803,0.731346,0.495584,0.394571,-0.801211,1.006026,-0.459365,-0.483552,0.613748,0.276457,-0.685639,0.089927,1.308337,-2.011008,-2.420397,1.571783,0.911118,0.020358,0.001999,0.083198,-0.155758,0.000648,0.042332,0.000044
38.667988,-1.746248,0.456513,-1.321751,-0.978786,-0.778171,0.730481,0.495618,0.401260,-0.805553,1.011413,-0.457365,-0.483588,0.613535,0.276250,-0.685624,0.089928,1.308416,-2.011163,-2.420400,1.571824,0.911119,0.018374,0.001544,0.082350,-0.154962,-0.000241,0.040882,-0.000761
38.669093,-1.746325,0.454106,-1.323149,-0.972828,-0.777649,0.731079,0.495551,0.409331,-0.809793,1.018013,-0.457127,-0.483540,0.613592,0.276038,-0.685603,0.089927,1.308489,-2.011317,-2.420399,1.571868,0.911119,0.019249,0.001502,0.079824,-0.153696,0.000131,0.041507,-0.000824
38.670108,-1.748049,0.458991,-1.320900,-0.970542,-0.777111,0.729660,0.495088,0.417609,-0.813713,1.024719,-0.458157,-0.483405,0.613791,0.275836,-0.685585,0.089932,1.308566,-2.011475,-2.420401,1.571906,0.911120,0.019056,0.002651,0.079629,-0.155897,-0.000374,0.040664,-0.000693
38.670968,-1.742505,0.458703,-1.318136,-0.964303,-0.776882,0.729409,0.496038,0.423307,-0.816492,1.028980,-0.458923,-0.483203,0.613811,0.275656,-0.685563,0.089928,1.308637,-2.011626,-2.420400,1.571949,0.911125,0.019658,0.000222,0.077626,-0.154543,-0.000927,0.041846,0.000223
38.672007,-1.746764,0.460653,-1.318708,-0.962833,-0.777434,0.730148,0.495282,0.426768,-0.817712,1.031203,-0.459120,-0.482996,0.613684,0.275482,-0.685553,0.089929,1.308708,-2.011786,-2.420401,1.571990,0.911121,0.016732,0.000386,0.075392,-0.156977,-0.001144,0.041838,-0.001690
38.672963,-1.746934,0.460700,-1.313904,-0.958418,-0.778262,0.729516,0.494932,0.429873,-0.817954,1.033229,-0.458892,-0.482856,0.613572,0.275291,-0.685531,0.089927,1.308782,-2.011937,-2.420403,1.572028,0.911125,0.018645,-0.000583,0.074802,-0.154769,-0.000563,0.040860,-0.000162
38.673976,-1.745697,0.457365,-1.315612,-0.953245,-0.778023,0.730460,0.496042,0.431841,-0.813951,1.033287,-0.459197,-0.482474,0.613423,0.274905,-0.685498,0.089933,1.308919,-2.012254,-2.420399,1.572109,0.911123,0.017687,0.001016,0.071621,-0.156787,-0.000026,0.040062,-0.001708
38.675078,-1.745380,0.454479,-1.314689,-0.949225,-0.776949,0.729464,0.495564,0.432585,-0.813536,1.033422,-0.457077,-0.482479,0.613152,0.274675,-0.685481,0.089936,1.308989,-2.012410,-2.420402,1.572151,0.911127,0.017336,0.002426,0.070313,-0.157041,-0.001074,0.040822,-0.000737
38.676007,-1.747348,0.458073,-1.313031,-0.945418,-0.777194,0.728124,0.495814,0.432855,-0.814971,1.033367,-0.452636,-0.482635,0.612579,0.274405,-0.685461,0.089932,1.309054,-2.012567,-2.420399,1.572195,0.911125,0.018089,0.000645,0.068692,-0.157099,-0.000847,0.041902,-0.001244
38.676974,-1.743927,0.459235,-1.308847,-0.940744,-0.778207,0.728137,0.495418,0.432855,-0.814971,1.033367,-0.452636,-0.482635,0.612579,0.274405,-0.685461,0.089932,1.309054,-2.012567,-2.420399,1.572195,0.911125,0.018089,0.000645,0.068692,-0.157099,-0.000847,0.041902,-0.001244
38.678010,-1.746101,0.461034,-1.311122,-0.937593,-0.777315,0.728959,0.494940,0.432576,-0.816723,1.032900,-0.446924,-0.482866,0.611814,0.274103,-0.685446,0.089932,1.309115,-2.012728,-2.420398,1.572236,0.911127,0.016172,0.000073,0.065857,-0.157893,0.000167,0.041632,-0.000444
38.679056,-1.743890,0.458553,-1.309124,-0.933790,-0.778008,0.728829,0.495842,0.432206,-0.817706,1.032363,-0.440931,-0.483139,0.611019,0.273784,-0.685428,0.089929,1.309183,-2.012883,-2.420400,1.572274,0.911127,0.017065,-0.000793,0.066213,-0.157313,-0.000730,0.040575,0.000512
38.679991,-1.748517,0.460026,-1.306291,-0.929456,-0.778245,0.729034,0.495202,0.427315,-0.815050,1.027063,-0.430344,-0.483460,0.609278,0.273150,-0.685393,0.089930,1.309298,-2.013202,-2.420401,1.572355,0.911127,0.017872,-0.000303,0.062387,-0.157819,0.000221,0.040020,-0.000008
38.680955,-1.744935,0.458985,-1.307772,-0.925744,-0.776946,0.729364,0.495665,0.427315,-0.815050,1.027063,-0.430344,-0.483460,0.609278,0.273150,-0.685393,0.089930,1.309298,-2.013202,-2.420401,1.572355,0.911127,0.017872,-0.000303,0.062387,-0.157819,0.000221,0.040020,-0.000008
38.681963,-1.746572,0.462318,-1.305175,-0.922503,-0.776881,0.730571,0.495309,0.422296,-0.812013,1.021857,-0.425144,-0.483513,0.608204,0.272865,-0.685382,0.089933,1.309360,-2.013358,-2.420402,1.572393,0.911124,0.015906,0.000199,0.062405,-0.157784,-0.001077,0.039457,-0.000944
38.683109,-1.745836,0.460828,-1.304362,-0.918641,-0.777100,0.730440,0.494965,0.415329,-0.807304,1.014684,-0.420518,-0.483437,0.607056,0.272619,-0.685364,0.089929,1.309417,-2.013514,-2.420402,1.572429,0.911127,0.016534,-0.001446,0.060408,-0.157260,-0.001128,0.038028,-0.000228
38.684061,-1.746789,0.459346,-1.303509,-0.913989,-0.777614,0.730486,0.495826,0.407051,-0.800654,1.006087,-0.417267,-0.483183,0.605996,0.272415,-0.685347,0.089929,1.309473,-2.013674,-2.420402,1.572470,0.911131,0.015957,-0.000677,0.059343,-0.157304,-0.000913,0.037923,0.000441
38.685048,-1.748107,0.462586,-1.299059,-0.908000,-0.776773,0.729160,0.495170,0.398111,-0.793168,0.996777,-0.414593,-0.482844,0.604988,0.272231,-0.685331,0.089931,1.309529,-2.013833,-2.420399,1.572509,0.911129,0.016241,0.000042,0.058237,-0.158140,-0.000425,0.037643,-0.001295
38.686096,-1.748920,0.462009,-1.294063,-0.906559,-0.777720,0.728034,0.495084,0.388803,-0.786093,0.987221,-0.410512,-0.482610,0.603850,0.272043,-0.685315,0.089928,1.309580,-2.013998,-2.420401,1.572550,0.911129,0.016708,-0.001560,0.055387,-0.160190,-0.001259,0.038735,0.000047
38.687042,-1.747238,0.457160,-1.298512,-0.901943,-0.778487,0.727087,0.494543,0.380109,-0.779628,0.978403,-0.404757,-0.482553,0.602639,0.271849,-0.685296,0.089930,1.309624,-2.014152,-2.420400,1.572591,0.911131,0.016893,-0.001278,0.052353,-0.157895,-0.000304,0.039618,0.000198
38.688014,-1.748362,0.461441,-1.295156,-0.899221,-0.779820,0.727050,0.495035,0.373226,-0.774398,0.971457,-0.398507,-0.482594,0.601516,0.271639,-0.685283,0.089936,1.309681,-2.014312,-2.420399,1.572633,0.911134,0.015884,0.001094,0.053947,-0.158690,0.000452,0.040306,0.001278
38.689107,-1.748900,0.460536,-1.296867,-0.895546,-0.779085,0.726154,0.495533,0.366897,-0.770128,0.965147,-0.392252,-0.482630,0.600413,0.271394,-0.685267,0.089931,1.309726,-2.014467,-2.420396,1.572673,0.911132,0.016265,-0.001029,0.051686,-0.157679,0.001760,0.040094,0.000282
38.690043,-1.748864,0.459951,-1.292777,-0.891929,-0.778374,0.726339,0.494813,0.358692,-0.764608,0.956963,-0.386813,-0.482527,0.599259,0.271109,-0.685251,0.089932,1.309778,-2.014627,-2.420398,1.572715,0.911129,0.016338,-0.000573,0.051944,-0.157511,0.001028,0.040749,-0.000704
38.690984,-1.748537,0.456329,-1.289165,-0.889441,-0.778371,0.725224,0.495472,0.339063,-0.750445,0.937069,-0.379538,-0.481895,0.596925,0.270488,-0.685219,0.089936,1.309861,-2.014939,-2.420402,1.572795,0.911130,0.015768,0.001499,0.047070,-0.156112,0.000359,0.041201,-0.000587
38.692090,-1.749086,0.456904,-1.290664,-0.884006,-0.779456,0.725108,0.495545,0.333140,-0.746152,0.930872,-0.376731,-0.481581,0.595927,0.270171,-0.685203,0.089936,1.309909,-2.015103,-2.420398,1.572835,0.911129,0.015856,0.001191,0.047268,-0.157658,0.001416,0.041070,-0.000718
38.693060,-1.749960,0.457234,-1.287876,-0.878752,-0.778848,0.724148,0.495055,0.327947,-0.743523,0.925565,-0.372406,-0.481353,0.594762,0.269870,-0.685185,0.089936,1.309949,-2.015266,-2.420400,1.572873,0.911132,0.016078,0.001027,0.045370,-0.158996,0.000806,0.041810,0.000264
38.693958,-1.750016,0.458267,-1.284989,-0.876409,-0.779957,0.723980,0.495759,0.322224,-0.741450,0.919932,-0.366223,-0.481224,0.593393,0.269601,-0.685171,0.089938,1.309988,-2.015423,-2.420397,1.572915,0.911128,0.015937,0.000481,0.043458,-0.157532,0.001902,0.041718,-0.001153
38.695068,-1.749838,0.459322,-1.281071,-0.870535,-0.778077,0.722766,0.494408,0.317223,-0.739700,0.915106,-0.359284,-0.481189,0.592072,0.269372,-0.685156,0.089937,1.310023,-2.015586,-2.420400,1.572957,0.911136,0.015668,-0.000030,0.041078,-0.159530,0.000023,0.042691,0.001555
38.696003,-1.743110,0.460675,-1.282044,-0.867147,-0.777520,0.722514,0.495202,0.317223,-0.739700,0.915106,-0.359284,-0.481189,0.592072,0.269372,-0.685156,0.089937,1.310023,-2.015586,-2.420400,1.572957,0.911136,0.015668,-0.000030,0.041078,-0.159530,0.000023,0.042691,0.001555
38.697095,-1.748049,0.455180,-1.280220,-0.860999,-0.777492,0.722485,0.494933,0.314814,-0.738818,0.912913,-0.351896,-0.481315,0.590983,0.269180,-0.685151,0.089936,1.310064,-2.015743,-2.420401,1.573000,0.911130,0.012203,-0.000691,0.041094,-0.159128,-0.000506,0.042675,-0.000052
38.698003,-1.746661,0.456033,-1.275718,-0.856438,-0.777181,0.722950,0.494534,0.315491,-0.739827,0.913887,-0.343424,-0.481655,0.590067,0.269007,-0.685130,0.089941,1.310103,-2.015910,-2.420399,1.573038,0.911130,0.014485,0.002024,0.039710,-0.161303,-0.000552,0.042469,0.000508
38.698997,-1.745776,0.458512,-1.275596,-0.854740,-0.777636,0.724005,0.495016,0.318228,-0.743780,0.917092,-0.332476,-0.482254,0.589050,0.268847,-0.685119,0.089943,1.310136,-2.016074,-2.420400,1.573078,0.911133,0.013623,0.001546,0.037046,-0.161899,-0.000850,0.041764,0.001297
38.700063,-1.744593,0.458887,-1.272969,-0.850851,-0.777380,0.724291,0.494698,0.322607,-0.749647,0.921948,-0.320470,-0.483001,0.588047,0.268700,-0.685107,0.089943,1.310171,-2.016228,-2.420401,1.573116,0.911134,0.013036,0.000293,0.036584,-0.159880,-0.000378,0.040472,0.000312
38.701107,-1.744587,0.456818,-1.269787,-0.844684,-0.776846,0.724793,0.495750,0.327942,-0.754740,0.927444,-0.310946,-0.483627,0.587405,0.268557,-0.685096,0.089942,1.310203,-2.016387,-2.420400,1.573158,0.911136,0.012315,0.000128,0.034871,-0.159963,-0.000655,0.039944,0.000957
38.702159,-1.746481,0.458644,-1.269743,-0.840972,-0.775805,0.725452,0.495161,0.340852,-0.763881,0.939933,-0.296971,-0.484725,0.586820,0.268218,-0.685068,0.089945,1.310265,-2.016716,-2.420405,1.573232,0.911134,0.012944,0.000204,0.032536,-0.161950,-0.002192,0.038335,0.000042
38.702959,-1.743847,0.458062,-1.267240,-0.836126,-0.776916,0.724346,0.494880,0.340852,-0.763881,0.939933,-0.296971,-0.484725,0.586820,0.268218,-0.685068,0.089945,1.310265,-2.016716,-2.420405,1.573232,0.911134,0.012944,0.000204,0.032536,-0.161950,-0.002192,0.038335,0.000042
38.704029,-1.744127,0.458230,-1.265330,-0.830856,-0.777313,0.724757,0.495640,0.345479,-0.767697,0.944255,-0.290048,-0.485267,0.586429,0.268031,-0.685060,0.089948,1.310292,-2.016879,-2.420400,1.573272,0.911137,0.011501,0.000479,0.030942,-0.162899,-0.001105,0.039218,0.000587
38.705047,-1.743026,0.457550,-1.263824,-0.827006,-0.777639,0.724378,0.494921,0.348814,-0.771098,0.947288,-0.282594,-0.485841,0.585931,0.267850,-0.685047,0.089949,1.310317,-2.017047,-2.420399,1.573308,0.911132,0.011506,0.000381,0.029689,-0.164152,-0.000722,0.038576,-0.000931
38.706044,-1.746961,0.454032,-1.261060,-0.823142,-0.776678,0.724277,0.495371,0.353810,-0.779001,0.951814,-0.264664,-0.487249,0.584571,0.267495,-0.685023,0.089957,1.310365,-2.017370,-2.420403,1.573387,0.911134,0.012652,0.002393,0.026976,-0.164086,-0.001336,0.038586,-0.000396
38.707018,-1.745581,0.453538,-1.260640,-0.818546,-0.778304,0.724249,0.494939,0.353810,-0.779001,0.951814,-0.264664,-0.487249,0.584571,0.267495,-0.685023,0.089957,1.310365,-2.017370,-2.420403,1.573387,0.911134,0.012652,0.002393,0.026976,-0.164086,-0.001336,0.038586,-0.000396
38.708065,-1.745542,0.452677,-1.258923,-0.815257,-0.779005,0.723645,0.494515,0.354105,-0.783547,0.951928,-0.254605,-0.487921,0.583566,0.267316,-0.685013,0.089960,1.310390,-2.017536,-2.420400,1.573426,0.911136,0.011811,0.002588,0.026479,-0.164717,0.000284,0.038378,0.000476
38.709005,-1.744118,0.454961,-1.257526,-0.811587,-0.778741,0.723463,0.494943,0.352616,-0.788291,0.950286,-0.244099,-0.488502,0.582305,0.267145,-0.685002,0.089963,1.310411,-2.017701,-2.420397,1.573466,0.911137,0.011671,0.002984,0.025362,-0.164012,0.000953,0.038749,0.001320
38.710065,-1.746799,0.457234,-1.254519,-0.809593,-0.778771,0.722800,0.494057,0.349883,-0.792333,0.947297,-0.234355,-0.488930,0.580964,0.266982,-0.684993,0.089962,1.310433,-2.017866,-2.420398,1.573505,0.911134,0.010846,0.001846,0.024401,-0.163736,0.000688,0.038695,0.000459
38.710991,-1.743915,0.457079,-1.251569,-0.803728,-0.777736,0.721747,0.494658,0.345318,-0.793618,0.942164,-0.227192,-0.489063,0.579750,0.266832,-0.684980,0.089961,1.310453,-2.018025,-2.420399,1.573545,0.911140,0.012043,0.000724,0.022647,-0.161901,0.000728,0.039120,0.002231
38.711960,-1.741342,0.454525,-1.253001,-0.798683,-0.779156,0.720204,0.494244,0.339012,-0.791446,0.934929,-0.222934,-0.488884,0.578758,0.266705,-0.684972,0.089962,1.310472,-2.018191,-2.420401,1.573588,0.911137,0.010481,0.000803,0.020952,-0.163823,-0.000294,0.039921,0.001014
38.713003,-1.742127,0.454901,-1.247949,-0.796095,-0.778291,0.719959,0.495190,0.333110,-0.788439,0.927992,-0.218880,-0.488662,0.577854,0.266584,-0.684966,0.089964,1.310493,-2.018357,-2.420399,1.573632,0.911140,0.009122,0.002056,0.021436,-0.164880,0.001127,0.041206,0.001851
38.714063,-1.740953,0.452572,-1.246397,-0.792761,-0.778578,0.718667,0.495170,0.329142,-0.786747,0.923032,-0.213273,-0.488563,0.576944,0.266448,-0.684955,0.089967,1.310504,-2.018519,-2.420401,1.573674,0.911135,0.009395,0.001824,0.018748,-0.163556,0.000262,0.041185,-0.000048
38.715081,-1.740738,0.449888,-1.246103,-0.790062,-0.778259,0.719056,0.494299,0.327818,-0.786534,0.920627,-0.207229,-0.488499,0.576173,0.266287,-0.684949,0.089972,1.310520,-2.018681,-2.420402,1.573716,0.911136,0.008730,0.002946,0.017796,-0.163013,0.000570,0.042235,0.000008
38.716049,-1.739777,0.449505,-1.242736,-0.786203,-0.777584,0.719116,0.495573,0.329118,-0.787804,0.920695,-0.201753,-0.488364,0.575599,0.266114,-0.684942,0.089978,1.310535,-2.018839,-2.420401,1.573756,0.911141,0.008547,0.004208,0.017467,-0.161908,0.000231,0.041589,0.001745
38.717064,-1.738725,0.450442,-1.243529,-0.782863,-0.776857,0.718307,0.494841,0.332374,-0.790447,0.922585,-0.197020,-0.488114,0.575156,0.265939,-0.684935,0.089981,1.310547,-2.019001,-2.420402,1.573797,0.911134,0.007984,0.004355,0.015633,-0.161877,-0.000430,0.041287,-0.000820
38.717938,-1.737833,0.450353,-1.239390,-0.777249,-0.776755,0.719396,0.495260,0.336582,-0.793534,0.925291,-0.193003,-0.487726,0.574781,0.265771,-0.684931,0.089984,1.310563,-2.019160,-2.420403,1.573838,0.911138,0.007406,0.003845,0.015851,-0.161401,-0.001157,0.041858,0.000670
38.719089,-1.736673,0.450369,-1.236507,-0.776893,-0.776531,0.718759,0.495389,0.340563,-0.796140,0.927696,-0.188891,-0.487250,0.574364,0.265619,-0.684926,0.089988,1.310572,-2.019326,-2.420400,1.573875,0.911140,0.006893,0.003851,0.013651,-0.163053,-0.001275,0.040527,-0.000201
38.720055,-1.738191,0.452828,-1.236668,-0.775382,-0.775662,0.717967,0.495095,0.345181,-0.798395,0.930626,-0.184611,-0.486749,0.574015,0.265475,-0.684921,0.089991,1.310578,-2.019479,-2.420402,1.573918,0.911137,0.006263,0.003807,0.012143,-0.159686,-0.001486,0.040923,-0.000437
38.721042,-1.734919,0.447138,-1.234073,-0.771589,-0.777886,0.716590,0.495712,0.349801,-0.798598,0.933213,-0.182847,-0.485995,0.574013,0.265336,-0.684915,0.089992,1.310591,-2.019633,-2.420402,1.573959,0.911141,0.006953,0.002554,0.012087,-0.157515,-0.002363,0.041471,0.000143
38.722071,-1.732904,0.444622,-1.230315,-0.767443,-0.778342,0.716001,0.495049,0.352955,-0.795842,0.933961,-0.184671,-0.484850,0.574368,0.265210,-0.684915,0.090001,1.310598,-2.019793,-2.420397,1.574002,0.911136,0.005300,0.005327,0.010690,-0.157489,-0.000154,0.042595,-0.001090
38.723032,-1.732769,0.445861,-1.229171,-0.764927,-0.777708,0.715408,0.496122,0.358124,-0.794362,0.936586,-0.187178,-0.483685,0.574941,0.265084,-0.684913,0.090008,1.310602,-2.019953,-2.420395,1.574045,0.911139,0.004268,0.006487,0.008759,-0.157807,0.000265,0.042919,0.000248
38.724000,-1.731214,0.446647,-1.225119,-0.760518,-0.777483,0.715501,0.495479,0.367515,-0.796570,0.943420,-0.188428,-0.482761,0.575642,0.264944,-0.684908,0.090011,1.310608,-2.020108,-2.420398,1.574090,0.911134,0.004154,0.005805,0.008125,-0.156572,-0.000351,0.043241,-0.001911
38.724991,-1.731179,0.448758,-1.223062,-0.758178,-0.778172,0.715417,0.495324,0.379023,-0.800511,0.952357,-0.188709,-0.481996,0.576388,0.264801,-0.684907,0.090015,1.310610,-2.020269,-2.420399,1.574135,0.911138,0.003358,0.005367,0.006068,-0.157153,-0.000566,0.042874,-0.000609
38.726023,-1.730051,0.448940,-1.222382,-0.753220,-0.776506,0.715204,0.495215,0.390918,-0.804249,0.961668,-0.188542,-0.481308,0.577137,0.264677,-0.684902,0.090017,1.310611,-2.020420,-2.420398,1.574180,0.911139,0.003294,0.004285,0.005031,-0.155833,0.000127,0.042686,-0.000313
38.726965,-1.729270,0.448144,-1.217206,-0.749864,-0.777029,0.715199,0.495032,0.401177,-0.806261,0.969414,-0.188100,-0.480622,0.577770,0.264596,-0.684902,0.090023,1.310614,-2.020579,-2.420404,1.574224,0.911140,0.002713,0.004138,0.004663,-0.157010,-0.001506,0.042635,-0.000099
38.728039,-1.727108,0.448445,-1.216480,-0.745613,-0.778290,0.715952,0.495597,0.416642,-0.807169,0.980594,-0.183763,-0.479439,0.578364,0.264527,-0.684902,0.090033,1.310611,-2.020894,-2.420399,1.574306,0.911140,0.001242,0.004261,0.001749,-0.157050,0.000255,0.041389,-0.000874
38.729018,-1.725909,0.446709,-1.216490,-0.743349,-0.778547,0.714756,0.495088,0.423683,-0.807797,0.985908,-0.179708,-0.479020,0.578453,0.264500,-0.684904,0.090039,1.310613,-2.021047,-2.420398,1.574353,0.911143,0.000667,0.005064,0.001736,-0.155610,0.000492,0.042323,0.000150
38.729933,-1.725573,0.446866,-1.214432,-0.741685,-0.776286,0.714898,0.495512,0.423683,-0.807797,0.985908,-0.179708,-0.479020,0.578453,0.264500,-0.684904,0.090039,1.310613,-2.021047,-2.420398,1.574353,0.911143,0.000667,0.005064,0.001736,-0.155610,0.000492,0.042323,0.000150
38.731145,-1.722884,0.441413,-1.213359,-0.736823,-0.776368,0.714181,0.495349,0.432786,-0.806988,0.991825,-0.173872,-0.477864,0.578570,0.264417,-0.684907,0.090057,1.310613,-2.021354,-2.420402,1.574439,0.911144,-0.000809,0.007515,0.000165,-0.154815,-0.001641,0.042376,-0.000383
38.732007,-1.719463,0.445049,-1.211876,-0.733220,-0.777832,0.713269,0.494874,0.432786,-0.806988,0.991825,-0.173872,-0.477864,0.578570,0.264417,-0.684907,0.090057,1.310613,-2.021354,-2.420402,1.574439,0.911144,-0.000809,0.007515,0.000165,-0.154815,-0.001641,0.042376,-0.000383
38.733050,-1.723180,0.440326,-1.208532,-0.730588,-0.777477,0.712407,0.494861,0.437156,-0.807941,0.994648,-0.171128,-0.477258,0.578610,0.264321,-0.684913,0.090061,1.310611,-2.021506,-2.420398,1.574485,0.911147,-0.002458,0.005601,-0.000557,-0.154748,-0.000208,0.043011,0.000563
38.733975,-1.719201,0.441621,-1.204787,-0.727322,-0.777300,0.711272,0.494893,0.441858,-0.810227,0.997793,-0.167330,-0.476756,0.578553,0.264183,-0.684909,0.090074,1.310605,-2.021658,-2.420400,1.574530,0.911145,-0.000609,0.007856,-0.002170,-0.153723,-0.000560,0.043605,0.000589
38.735059,-1.715877,0.442156,-1.207498,-0.723097,-0.776486,0.711079,0.494210,0.446625,-0.813446,1.000913,-0.163077,-0.476304,0.578391,0.264016,-0.684916,0.090078,1.310600,-2.021810,-2.420401,1.574574,0.911145,-0.002546,0.007120,-0.003977,-0.153338,-0.000720,0.044478,0.000523
38.736031,-1.716621,0.444637,-1.204357,-0.720897,-0.778602,0.710749,0.495072,0.451988,-0.817387,1.004554,-0.158730,-0.475905,0.578160,0.263838,-0.684924,0.090085,1.310599,-2.021964,-2.420402,1.574618,0.911147,-0.004110,0.006779,-0.002586,-0.153877,-0.001539,0.044398,0.001896
38.737030,-1.715045,0.439564,-1.206003,-0.716107,-0.778793,0.712077,0.494589,0.456053,-0.819953,1.006825,-0.154845,-0.475469,0.577821,0.263668,-0.684927,0.090088,1.310591,-2.022115,-2.420396,1.574664,0.911142,-0.003690,0.005497,-0.004082,-0.152443,0.000553,0.044455,0.000160
38.738022,-1.711532,0.439216,-1.201749,-0.713031,-0.776980,0.712264,0.495048,0.456947,-0.820071,1.005850,-0.151445,-0.474941,0.577287,0.263526,-0.684933,0.090102,1.310590,-2.022269,-2.420396,1.574704,0.911144,-0.004414,0.007903,-0.003229,-0.153570,0.000723,0.042870,0.001144
38.739075,-1.716185,0.440426,-1.199781,-0.710289,-0.777231,0.711101,0.494801,0.456575,-0.819880,1.003586,-0.147567,-0.474468,0.576597,0.263420,-0.684942,0.090109,1.310581,-2.022422,-2.420402,1.574747,0.911143,-0.006066,0.007969,-0.005275,-0.152942,-0.001049,0.042439,0.000211
38.740054,-1.711391,0.435394,-1.196989,-0.708614,-0.776950,0.709313,0.494525,0.456292,-0.820054,1.001347,-0.143509,-0.474065,0.575921,0.263342,-0.684942,0.090116,1.310573,-2.022574,-2.420399,1.574793,0.911145,-0.003711,0.007271,-0.006147,-0.152043,-0.000807,0.043339,0.000712
38.741028,-1.710008,0.436597,-1.198490,-0.706045,-0.777098,0.708999,0.495521,0.455748,-0.819793,0.998719,-0.140592,-0.473588,0.575416,0.263292,-0.684951,0.090130,1.310564,-2.022719,-2.420400,1.574839,0.911147,-0.006040,0.009641,-0.007442,-0.150220,-0.001085,0.044856,0.001255
38.742082,-1.711742,0.431423,-1.197532,-0.702437,-0.776084,0.708179,0.494446,0.456332,-0.819836,0.997087,-0.139712,-0.472990,0.575255,0.263260,-0.684958,0.090138,1.310561,-2.022865,-2.420401,1.574886,0.911142,-0.006635,0.008914,-0.006634,-0.149304,-0.000920,0.044870,-0.000740
38.743137,-1.706847,0.427497,-1.193547,-0.698984,-0.776507,0.707498,0.495717,0.457054,-0.819962,0.995564,-0.140618,-0.472222,0.575343,0.263245,-0.684961,0.090155,1.310553,-2.023016,-2.420403,1.574932,0.911147,-0.005715,0.011338,-0.007027,-0.149303,-0.001929,0.045419,0.001429
38.743990,-1.708759,0.427987,-1.192752,-0.696361,-0.777772,0.707107,0.495068,0.458246,-0.821591,0.994671,-0.141565,-0.471397,0.575469,0.263247,-0.684973,0.090171,1.310540,-2.023164,-2.420402,1.574981,0.911143,-0.008051,0.013099,-0.008876,-0.149180,-0.001506,0.045803,-0.001141
38.745153,-1.708222,0.428256,-1.191747,-0.692320,-0.776961,0.706913,0.495634,0.462659,-0.826586,0.997229,-0.141621,-0.470690,0.575666,0.263259,-0.684978,0.090181,1.310531,-2.023311,-2.420399,1.575027,0.911147,-0.007002,0.012705,-0.009158,-0.148282,-0.000262,0.045921,0.000177
38.746019,-1.708540,0.426762,-1.192459,-0.691026,-0.778154,0.708389,0.496169,0.467913,-0.832543,1.000858,-0.141050,-0.470023,0.575824,0.263282,-0.684985,0.090196,1.310521,-2.023459,-2.420400,1.575073,0.911146,-0.007201,0.012399,-0.009542,-0.148769,-0.001082,0.045837,-0.000973
38.746948,-1.709016,0.417321,-1.192801,-0.687706,-0.778050,0.708259,0.495301,0.470315,-0.836398,1.001832,-0.140545,-0.469224,0.575806,0.263318,-0.684992,0.090210,1.310515,-2.023604,-2.420397,1.575111,0.911142,-0.006953,0.012983,-0.009102,-0.146578,0.000107,0.044113,-0.002028
38.747958,-1.707067,0.416115,-1.189285,-0.684862,-0.778568,0.708406,0.496167,0.469295,-0.838347,0.999529,-0.140480,-0.468230,0.575588,0.263369,-0.684998,0.090236,1.310504,-2.023751,-2.420397,1.575157,0.911148,-0.006641,0.017435,-0.008804,-0.146372,-0.000009,0.043984,-0.000287
38.748965,-1.708149,0.417796,-1.188058,-0.681028,-0.778384,0.708210,0.494987,0.467298,-0.841295,0.996413,-0.139890,-0.467192,0.575172,0.263432,-0.685008,0.090254,1.310491,-2.023893,-2.420396,1.575199,0.911145,-0.007508,0.017776,-0.010415,-0.145811,0.000500,0.043581,-0.002043
38.750004,-1.706221,0.411487,-1.183829,-0.677714,-0.777734,0.708065,0.495653,0.466147,-0.845856,0.994274,-0.138199,-0.466258,0.574669,0.263498,-0.685014,0.090269,1.310479,-2.024041,-2.420398,1.575244,0.911148,-0.006876,0.016746,-0.010876,-0.146110,0.000332,0.043514,0.000347
38.751051,-1.706796,0.412026,-1.183889,-0.676249,-0.777212,0.707618,0.494715,0.466323,-0.851397,0.993566,-0.135218,-0.465492,0.574158,0.263570,-0.685024,0.090294,1.310460,-2.024185,-2.420399,1.575291,0.911145,-0.007733,0.019643,-0.012783,-0.145959,-0.000315,0.043375,-0.001009
38.751952,-1.705409,0.409621,-1.180531,-0.673051,-0.776741,0.707699,0.495170,0.468919,-0.858455,0.995324,-0.131256,-0.464886,0.573729,0.263643,-0.685029,0.090310,1.310449,-2.024326,-2.420401,1.575334,0.911151,-0.007381,0.019147,-0.012597,-0.144020,-0.000812,0.043564,0.000874
38.752993,-1.707788,0.408435,-1.179832,-0.670468,-0.777553,0.707010,0.495205,0.473416,-0.865942,0.998898,-0.127776,-0.464288,0.573493,0.263709,-0.685037,0.090331,1.310432,-2.024471,-2.420402,1.575375,0.911148,-0.007984,0.020105,-0.014087,-0.143760,-0.001281,0.043231,-0.000052
38.753949,-1.708117,0.407977,-1.179611,-0.665380,-0.777574,0.708127,0.494582,0.478250,-0.872523,1.002710,-0.125267,-0.463607,0.573412,0.263769,-0.685043,0.090353,1.310416,-2.024611,-2.420400,1.575421,0.911148,-0.006697,0.020427,-0.014234,-0.142973,-0.000471,0.043653,-0.000110
38.754947,-1.705297,0.407459,-1.178075,-0.665478,-0.777626,0.708252,0.494698,0.480601,-0.876998,1.004088,-0.122692,-0.462832,0.573232,0.263841,-0.685049,0.090376,1.310403,-2.024759,-2.420402,1.575464,0.911150,-0.006478,0.020380,-0.014186,-0.144535,-0.000435,0.042260,0.001139
38.756125,-1.707585,0.404387,-1.176428,-0.660449,-0.777449,0.709135,0.494402,0.479206,-0.878332,1.001762,-0.120178,-0.461922,0.572913,0.263948,-0.685059,0.090397,1.310385,-2.024892,-2.420399,1.575507,0.911149,-0.007778,0.020387,-0.014739,-0.141190,-0.000413,0.041886,0.000894
38.757017,-1.707997,0.402808,-1.173682,-0.657620,-0.777967,0.708223,0.495112,0.475658,-0.876960,0.997149,-0.118879,-0.460866,0.572655,0.264086,-0.685063,0.090422,1.310367,-2.025038,-2.420399,1.575547,0.911151,-0.006564,0.021639,-0.015349,-0.142768,-0.000592,0.040757,0.001488
38.757991,-1.705761,0.399611,-1.171257,-0.655803,-0.777499,0.708460,0.494965,0.470501,-0.874078,0.990834,-0.117881,-0.459772,0.572349,0.264240,-0.685070,0.090445,1.310347,-2.025180,-2.420398,1.575589,0.911148,-0.006285,0.022138,-0.016491,-0.142166,-0.000077,0.041434,0.000062
38.759016,-1.708161,0.400490,-1.169599,-0.650774,-0.777531,0.709408,0.494111,0.465198,-0.871110,0.984300,-0.116701,-0.458747,0.571986,0.264401,-0.685079,0.090473,1.310327,-2.025316,-2.420400,1.575628,0.911149,-0.007305,0.023413,-0.017464,-0.140719,-0.000540,0.040953,0.000365
38.759967,-1.707477,0.395100,-1.165076,-0.649236,-0.778544,0.709436,0.495045,0.457394,-0.866198,0.973669,-0.114604,-0.456979,0.571403,0.264743,-0.685090,0.090525,1.310284,-2.025602,-2.420399,1.575707,0.911150,-0.006310,0.025050,-0.020046,-0.140413,0.000511,0.039503,0.000181
38.761154,-1.707650,0.388764,-1.164206,-0.649002,-0.777738,0.708981,0.494608,0.456412,-0.865732,0.971037,-0.114126,-0.456223,0.571326,0.264874,-0.685095,0.090559,1.310263,-2.025734,-2.420403,1.575744,0.911153,-0.006153,0.027815,-0.020206,-0.137461,-0.000273,0.039742,0.001070
38.762016,-1.706255,0.389901,-1.163010,-0.646168,-0.778057,0.709236,0.494380,0.458448,-0.867187,0.971085,-0.116112,-0.455391,0.571640,0.264955,-0.685104,0.090584,1.310241,-2.025872,-2.420401,1.575784,0.911153,-0.006753,0.026910,-0.020543,-0.137021,0.000036,0.039245,0.001522
38.762986,-1.707628,0.390185,-1.159844,-0.642685,-0.778150,0.708493,0.495773,0.458448,-0.867187,0.971085,-0.116112,-0.455391,0.571640,0.264955,-0.685104,0.090584,1.310241,-2.025872,-2.420401,1.575784,0.911153,-0.006753,0.026910,-0.020543,-0.137021,0.000036,0.039245,0.001522
38.763972,-1.708797,0.387403,-1.155779,-0.639910,-0.778184,0.706747,0.494750,0.462302,-0.867832,0.970101,-0.125761,-0.453394,0.572864,0.264956,-0.685113,0.090641,1.310190,-2.026145,-2.420400,1.575868,0.911151,-0.005368,0.027499,-0.023560,-0.136714,0.000150,0.041245,0.000805
38.764954,-1.708933,0.382143,-1.153924,-0.637116,-0.778768,0.706914,0.495383,0.462302,-0.867832,0.970101,-0.125761,-0.453394,0.572864,0.264956,-0.685113,0.090641,1.310190,-2.026145,-2.420400,1.575868,0.911151,-0.005368,0.027499,-0.023560,-0.136714,0.000150,0.041245,0.000805
38.765977,-1.706926,0.382737,-1.152357,-0.636058,-0.778442,0.707260,0.495133,0.462962,-0.867257,0.968181,-0.130541,-0.452422,0.573376,0.264905,-0.685120,0.090674,1.310164,-2.026280,-2.420399,1.575907,0.911150,-0.005222,0.029749,-0.024169,-0.136274,0.000731,0.040825,-0.000487
38.767025,-1.706431,0.384651,-1.151591,-0.632783,-0.777538,0.706637,0.495132,0.463905,-0.867385,0.966514,-0.135029,-0.451516,0.573834,0.264836,-0.685126,0.090703,1.310140,-2.026409,-2.420399,1.575948,0.911151,-0.006156,0.029072,-0.024662,-0.134222,0.000395,0.040235,0.000025
38.768013,-1.705359,0.379994,-1.149169,-0.629863,-0.777672,0.705273,0.495536,0.464220,-0.866271,0.964088,-0.140774,-0.450542,0.574401,0.264763,-0.685134,0.090731,1.310115,-2.026543,-2.420402,1.575991,0.911152,-0.006300,0.027773,-0.024740,-0.134308,-0.000482,0.040608,0.000016
38.769182,-1.705411,0.377050,-1.150163,-0.627191,-0.776725,0.705575,0.494154,0.462765,-0.862774,0.959772,-0.147669,-0.449481,0.575026,0.264699,-0.685143,0.090764,1.310085,-2.026675,-2.420399,1.576034,0.911147,-0.006739,0.029731,-0.025603,-0.134057,-0.000367,0.041721,-0.000779
38.769974,-1.705936,0.378844,-1.149563,-0.625014,-0.778099,0.706259,0.495014,0.459696,-0.858319,0.953853,-0.154247,-0.448438,0.575517,0.264665,-0.685150,0.090796,1.310061,-2.026806,-2.420402,1.576072,0.911156,-0.006623,0.030814,-0.024800,-0.133573,-0.001301,0.041177,0.001985
38.771024,-1.702916,0.376454,-1.144381,-0.621589,-0.778669,0.706307,0.494409,0.453490,-0.852397,0.944839,-0.160432,-0.447355,0.575768,0.264679,-0.685154,0.090825,1.310037,-2.026937,-2.420399,1.576112,0.911151,-0.006303,0.029542,-0.024820,-0.132598,0.000070,0.040249,0.000239
38.772050,-1.702930,0.377846,-1.143100,-0.619743,-0.778597,0.705644,0.494808,0.444472,-0.844345,0.932990,-0.166685,-0.446223,0.575897,0.264736,-0.685164,0.090859,1.310008,-2.027067,-2.420398,1.576152,0.911152,-0.007708,0.030353,-0.027079,-0.132917,0.000624,0.039966,0.001476
38.772989,-1.703158,0.372681,-1.140108,-0.618753,-0.777511,0.706162,0.494262,0.436066,-0.835571,0.921663,-0.172982,-0.445185,0.576137,0.264825,-0.685171,0.090887,1.309980,-2.027195,-2.420397,1.576193,0.911150,-0.007609,0.029305,-0.027368,-0.131678,0.000538,0.040391,0.000664
38.774012,-1.698367,0.372812,-1.140359,-0.616809,-0.778374,0.705187,0.494257,0.429225,-0.826485,0.911740,-0.180104,-0.444205,0.576600,0.264936,-0.685179,0.090923,1.309952,-2.027319,-2.420401,1.576232,0.911154,-0.007392,0.031481,-0.028535,-0.129695,-0.000520,0.039624,0.001760
38.775033,-1.700251,0.371728,-1.139036,-0.614102,-0.779406,0.705550,0.494915,0.424378,-0.817519,0.903575,-0.189031,-0.443187,0.577375,0.265053,-0.685194,0.090953,1.309926,-2.027443,-2.420400,1.576276,0.911153,-0.009641,0.031029,-0.028083,-0.128671,0.000347,0.040352,0.001761
38.775952,-1.699794,0.369323,-1.138413,-0.613414,-0.778834,0.707556,0.495034,0.421197,-0.808649,0.896847,-0.199524,-0.442119,0.578409,0.265157,-0.685201,0.090985,1.309896,-2.027570,-2.420399,1.576313,0.911151,-0.008581,0.031194,-0.028397,-0.128323,0.001374,0.039753,0.000441
38.777022,-1.702237,0.369263,-1.135329,-0.610363,-0.778596,0.706547,0.495013,0.417233,-0.798606,0.889125,-0.211224,-0.440928,0.579523,0.265249,-0.685209,0.091019,1.309868,-2.027692,-2.420399,1.576349,0.911152,-0.008715,0.032000,-0.028369,-0.126057,0.000786,0.037514,0.000212
38.777992,-1.698670,0.365022,-1.137868,-0.608786,-0.777847,0.707197,0.494553,0.401437,-0.772999,0.865404,-0.237168,-0.437974,0.581532,0.265456,-0.685228,0.091087,1.309813,-2.027936,-2.420399,1.576426,0.911156,-0.009075,0.033343,-0.027962,-0.124860,-0.000207,0.037423,0.001169
38.778988,-1.700104,0.362878,-1.134577,-0.606680,-0.778080,0.707136,0.495344,0.390018,-0.758963,0.850066,-0.249789,-0.436300,0.582238,0.265544,-0.685235,0.091121,1.309779,-2.028057,-2.420399,1.576465,0.911151,-0.008240,0.033992,-0.029225,-0.124046,0.000043,0.037262,-0.000420
38.780077,-1.699016,0.362743,-1.133750,-0.605420,-0.778845,0.707014,0.495449,0.390018,-0.758963,0.850066,-0.249789,-0.436300,0.582238,0.265544,-0.685235,0.091121,1.309779,-2.028057,-2.420399,1.576465,0.911151,-0.008240,0.033992,-0.029225,-0.124046,0.000043,0.037262,-0.000420
38.781104,-1.696284,0.361533,-1.132304,-0.603618,-0.777548,0.706586,0.494360,0.377563,-0.745024,0.833744,-0.262101,-0.434550,0.582804,0.265611,-0.685245,0.091154,1.309749,-2.028176,-2.420398,1.576502,0.911150,-0.008682,0.033663,-0.029275,-0.122450,0.000801,0.037159,-0.000611
38.781979,-1.696479,0.362906,-1.127169,-0.599016,-0.778071,0.707096,0.494989,0.364941,-0.730885,0.817255,-0.274829,-0.432737,0.583374,0.265678,-0.685258,0.091188,1.309718,-2.028295,-2.420400,1.576540,0.911157,-0.009894,0.033865,-0.029628,-0.121410,-0.000493,0.037366,0.001564
38.782966,-1.694433,0.360487,-1.126763,-0.598045,-0.777309,0.706562,0.494497,0.353771,-0.717113,0.802274,-0.287473,-0.430997,0.584029,0.265761,-0.685269,0.091220,1.309683,-2.028421,-2.420398,1.576577,0.911154,-0.009654,0.032780,-0.031787,-0.123007,0.000026,0.036620,0.000284
38.784048,-1.691899,0.358832,-1.125630,-0.593896,-0.778826,0.706983,0.494276,0.345089,-0.704495,0.789965,-0.298855,-0.429488,0.584742,0.265849,-0.685281,0.091254,1.309652,-2.028539,-2.420401,1.576616,0.911156,-0.010541,0.033593,-0.031602,-0.121112,-0.000719,0.036935,0.001280
38.785016,-1.690095,0.358514,-1.126427,-0.592077,-0.778279,0.707456,0.495606,0.339094,-0.693662,0.780590,-0.308641,-0.428256,0.585481,0.265925,-0.685296,0.091289,1.309621,-2.028661,-2.420398,1.576650,0.911158,-0.011640,0.034004,-0.031794,-0.122359,0.000790,0.036298,0.001710
38.786048,-1.690354,0.357630,-1.122166,-0.590957,-0.778847,0.707032,0.494641,0.335096,-0.684708,0.773498,-0.316610,-0.427305,0.586170,0.265972,-0.685309,0.091319,1.309591,-2.028780,-2.420400,1.576685,0.911152,-0.012380,0.033789,-0.031025,-0.121301,0.000238,0.035614,-0.000956
38.786999,-1.688992,0.355279,-1.122364,-0.588662,-0.778867,0.707030,0.495426,0.331847,-0.676491,0.767336,-0.323905,-0.426509,0.586862,0.265993,-0.685320,0.091355,1.309554,-2.028897,-2.420398,1.576720,0.911156,-0.012105,0.033804,-0.032738,-0.119607,0.000801,0.035839,0.001005
38.788020,-1.688454,0.353182,-1.121206,-0.583789,-0.777558,0.706822,0.494786,0.328868,-0.668295,0.761475,-0.332104,-0.425738,0.587677,0.266015,-0.685335,0.091392,1.309521,-2.029015,-2.420397,1.576754,0.911153,-0.012615,0.034543,-0.032223,-0.119084,0.000809,0.035633,-0.000589
38.789079,-1.688399,0.351272,-1.116071,-0.580986,-0.778109,0.706636,0.494897,0.321694,-0.654785,0.749195,-0.346069,-0.424612,0.588951,0.266105,-0.685361,0.091467,1.309450,-2.029261,-2.420400,1.576826,0.911156,-0.012595,0.035644,-0.034543,-0.120863,0.000086,0.035596,0.000470
38.789996,-1.687349,0.350652,-1.116296,-0.580077,-0.777671,0.707799,0.495325,0.321694,-0.654785,0.749195,-0.346069,-0.424612,0.588951,0.266105,-0.685361,0.091467,1.309450,-2.029261,-2.420400,1.576826,0.911156,-0.012595,0.035644,-0.034543,-0.120863,0.000086,0.035596,0.000470
38.791016,-1.684087,0.350961,-1.110325,-0.576326,-0.779219,0.708314,0.494616,0.318542,-0.650902,0.743957,-0.350137,-0.424405,0.589282,0.266162,-0.685374,0.091505,1.309417,-2.029375,-2.420401,1.576860,0.911154,-0.012965,0.035497,-0.034004,-0.119006,-0.000353,0.034217,-0.000385
38.792028,-1.683028,0.345729,-1.109830,-0.573383,-0.778807,0.709597,0.494308,0.317098,-0.648258,0.740529,-0.354276,-0.424314,0.589733,0.266215,-0.685391,0.091539,1.309376,-2.029493,-2.420399,1.576891,0.911158,-0.014405,0.034923,-0.036531,-0.119970,0.001191,0.033519,0.001040
38.793057,-1.685069,0.341051,-1.107968,-0.571138,-0.778012,0.709769,0.494770,0.319584,-0.648013,0.741141,-0.358108,-0.424452,0.590416,0.266247,-0.685406,0.091579,1.309342,-2.029611,-2.420400,1.576920,0.911162,-0.014740,0.037092,-0.036342,-0.120061,0.000767,0.032052,0.001632
38.793974,-1.683087,0.345747,-1.108769,-0.569111,-0.777320,0.709244,0.494983,0.325572,-0.651297,0.745481,-0.360521,-0.424855,0.591141,0.266225,-0.685418,0.091620,1.309304,-2.029732,-2.420402,1.576953,0.911159,-0.013564,0.038932,-0.036829,-0.119398,-0.000009,0.031693,0.000705
38.795054,-1.683307,0.342275,-1.107050,-0.565329,-0.778183,0.708787,0.495307,0.330797,-0.655614,0.749260,-0.362235,-0.425261,0.591697,0.266136,-0.685433,0.091653,1.309270,-2.029847,-2.420402,1.576987,0.911158,-0.014391,0.036145,-0.036006,-0.118659,-0.000700,0.032027,0.000286
38.796095,-1.682784,0.337337,-1.103743,-0.563114,-0.779270,0.708314,0.494965,0.331670,-0.657586,0.748806,-0.364029,-0.425463,0.591982,0.265986,-0.685447,0.091693,1.309232,-2.029968,-2.420401,1.577020,0.911156,-0.014108,0.037441,-0.036417,-0.119566,0.000171,0.032282,-0.000353
38.796973,-1.680721,0.336238,-1.104215,-0.562126,-0.778179,0.707410,0.495760,0.325411,-0.659539,0.740268,-0.364483,-0.425645,0.591615,0.265533,-0.685478,0.091779,1.309155,-2.030198,-2.420400,1.577087,0.911155,-0.015033,0.039419,-0.036905,-0.117217,0.000141,0.033263,-0.001266
38.798042,-1.675576,0.334122,-1.099597,-0.559835,-0.778130,0.708117,0.495760,0.323388,-0.662049,0.737046,-0.364753,-0.425679,0.591398,0.265269,-0.685500,0.091821,1.309111,-2.030314,-2.420400,1.577115,0.911154,-0.017364,0.039977,-0.038707,-0.116740,0.000094,0.032368,-0.001246
38.799025,-1.678333,0.333169,-1.097618,-0.554779,-0.778565,0.708184,0.494939,0.323388,-0.662049,0.737046,-0.364753,-0.425679,0.591398,0.265269,-0.685500,0.091821,1.309111,-2.030314,-2.420400,1.577115,0.911154,-0.017364,0.039977,-0.038707,-0.116740,0.000094,0.032368,-0.001246
38.800006,-1.675664,0.331437,-1.097818,-0.552836,-0.778541,0.708073,0.495406,0.324838,-0.666379,0.737175,-0.365046,-0.425798,0.591358,0.265027,-0.685512,0.091860,1.309072,-2.030435,-2.420400,1.577148,0.911157,-0.015800,0.039972,-0.039220,-0.118922,0.000534,0.032109,0.000397
38.801096,-1.675043,0.331075,-1.093125,-0.549710,-0.777733,0.708045,0.494634,0.327473,-0.671793,0.738562,-0.363394,-0.426088,0.591177,0.264843,-0.685532,0.091901,1.309034,-2.030550,-2.420401,1.577180,0.911154,-0.016923,0.040351,-0.038649,-0.118070,0.000522,0.032033,-0.000547
38.802142,-1.674096,0.326625,-1.093796,-0.548667,-0.777327,0.708032,0.495140,0.329466,-0.677058,0.739425,-0.359833,-0.426483,0.590762,0.264719,-0.685548,0.091941,1.308989,-2.030669,-2.420402,1.577212,0.911158,-0.017023,0.040053,-0.040481,-0.118344,-0.000292,0.031869,0.001004
38.803030,-1.671893,0.325147,-1.091363,-0.547008,-0.778197,0.706999,0.494744,0.331362,-0.682036,0.740223,-0.355539,-0.426904,0.590277,0.264648,-0.685567,0.091986,1.308950,-2.030780,-2.420402,1.577243,0.911154,-0.017278,0.041751,-0.039644,-0.116707,-0.000687,0.031696,-0.000014
38.804048,-1.670801,0.325805,-1.085931,-0.544877,-0.779320,0.706900,0.494614,0.336070,-0.691038,0.742448,-0.349464,-0.427433,0.589621,0.264657,-0.685606,0.092066,1.308859,-2.031006,-2.420397,1.577309,0.911160,-0.018455,0.041178,-0.042526,-0.115095,0.001274,0.032430,0.001022
38.805100,-1.667206,0.325725,-1.084958,-0.541572,-0.777895,0.706585,0.494990,0.341422,-0.695060,0.746222,-0.348585,-0.427616,0.589746,0.264690,-0.685629,0.092105,1.308820,-2.031122,-2.420399,1.577340,0.911159,-0.019988,0.040751,-0.042521,-0.115616,-0.000162,0.032561,0.000265
38.805955,-1.669951,0.325780,-1.080423,-0.539586,-0.777862,0.707624,0.494387,0.348189,-0.697969,0.751186,-0.348619,-0.427808,0.590119,0.264706,-0.685645,0.092145,1.308771,-2.031237,-2.420400,1.577368,0.911162,-0.018394,0.040247,-0.044216,-0.114826,-0.000174,0.031343,0.001477
38.807111,-1.668213,0.322518,-1.084952,-0.539200,-0.778546,0.707296,0.495635,0.352713,-0.697909,0.753693,-0.350102,-0.427829,0.590550,0.264709,-0.685666,0.092190,1.308736,-2.031346,-2.420397,1.577399,0.911156,-0.019028,0.041350,-0.041490,-0.112598,0.000494,0.031501,-0.001031
38.808120,-1.667680,0.320988,-1.080091,-0.536308,-0.777925,0.706964,0.494817,0.352737,-0.694225,0.751518,-0.353600,-0.427543,0.590913,0.264710,-0.685686,0.092232,1.308689,-2.031460,-2.420399,1.577428,0.911160,-0.019050,0.041605,-0.043398,-0.112778,-0.000125,0.031659,0.000631
38.809123,-1.667971,0.319767,-1.078490,-0.533443,-0.777666,0.707051,0.495384,0.352737,-0.694225,0.751518,-0.353600,-0.427543,0.590913,0.264710,-0.685686,0.092232,1.308689,-2.031460,-2.420399,1.577428,0.911160,-0.019050,0.041605,-0.043398,-0.112778,-0.000125,0.031659,0.000631
38.810147,-1.661513,0.321624,-1.076466,-0.530382,-0.777301,0.707438,0.494948,0.349385,-0.688360,0.745898,-0.357998,-0.427088,0.591157,0.264727,-0.685706,0.092275,1.308645,-2.031572,-2.420400,1.577457,0.911157,-0.018666,0.041696,-0.043649,-0.112938,-0.000364,0.031393,-0.000516
38.811047,-1.662245,0.316954,-1.073021,-0.530929,-0.777703,0.708199,0.494401,0.341794,-0.674712,0.733719,-0.366776,-0.426254,0.591773,0.264855,-0.685755,0.092359,1.308551,-2.031792,-2.420400,1.577513,0.911162,-0.020941,0.042113,-0.045269,-0.110146,-0.000321,0.029901,0.001452
38.812128,-1.660833,0.314133,-1.072335,-0.527200,-0.778118,0.708457,0.495024,0.341794,-0.674712,0.733719,-0.366776,-0.426254,0.591773,0.264855,-0.685755,0.092359,1.308551,-2.031792,-2.420400,1.577513,0.911162,-0.020941,0.042113,-0.045269,-0.110146,-0.000321,0.029901,0.001452
38.813012,-1.659909,0.315830,-1.071667,-0.524174,-0.778624,0.709869,0.494161,0.342021,-0.663946,0.728938,-0.378134,-0.425499,0.593342,0.265094,-0.685802,0.092443,1.308461,-2.032014,-2.420399,1.577566,0.911163,-0.021544,0.041637,-0.044854,-0.111604,0.000585,0.027907,0.001935
38.813993,-1.658650,0.312941,-1.069910,-0.521628,-0.778048,0.710209,0.495032,0.342021,-0.663946,0.728938,-0.378134,-0.425499,0.593342,0.265094,-0.685802,0.092443,1.308461,-2.032014,-2.420399,1.577566,0.911163,-0.021544,0.041637,-0.044854,-0.111604,0.000585,0.027907,0.001935
38.814961,-1.661553,0.311046,-1.066625,-0.521319,-0.777431,0.709543,0.495676,0.340801,-0.658554,0.725329,-0.382144,-0.425186,0.593942,0.265213,-0.685827,0.092488,1.308415,-2.032125,-2.420400,1.577596,0.911160,-0.021881,0.042562,-0.045188,-0.111482,0.000015,0.027397,0.000170
38.816133,-1.656251,0.311530,-1.064424,-0.520702,-0.778535,0.708827,0.494506,0.337270,-0.652303,0.719427,-0.385140,-0.424839,0.594331,0.265318,-0.685844,0.092532,1.308368,-2.032229,-2.420401,1.577623,0.911156,-0.020198,0.042974,-0.046270,-0.109273,-0.000596,0.027908,-0.001098
38.817017,-1.656494,0.307471,-1.064244,-0.518497,-0.778495,0.709112,0.495360,0.332289,-0.644951,0.711900,-0.389060,-0.424312,0.594723,0.265422,-0.685872,0.092571,1.308319,-2.032332,-2.420399,1.577653,0.911162,-0.022553,0.042255,-0.046780,-0.107424,0.000503,0.028447,0.001253
38.818081,-1.652744,0.306206,-1.062066,-0.514146,-0.778440,0.709817,0.494355,0.323729,-0.629362,0.697709,-0.400819,-0.422871,0.595911,0.265677,-0.685922,0.092663,1.308228,-2.032550,-2.420400,1.577704,0.911163,-0.023701,0.043818,-0.046869,-0.108773,0.000411,0.027138,0.001548
38.818954,-1.653423,0.304352,-1.060293,-0.514332,-0.778020,0.711259,0.494999,0.321064,-0.623296,0.692286,-0.405287,-0.422272,0.596425,0.265812,-0.685944,0.092709,1.308181,-2.032652,-2.420401,1.577730,0.911162,-0.023079,0.044205,-0.047182,-0.106117,-0.000005,0.025535,0.000233
38.820075,-1.653106,0.302601,-1.058912,-0.513859,-0.778272,0.710985,0.494554,0.318528,-0.617246,0.686928,-0.410089,-0.421600,0.596981,0.265949,-0.685968,0.092755,1.308133,-2.032752,-2.420400,1.577758,0.911163,-0.022956,0.044528,-0.047295,-0.104195,0.000246,0.025657,0.001138
38.821004,-1.648471,0.301245,-1.056589,-0.511112,-0.778049,0.710773,0.493563,0.315947,-0.610644,0.681392,-0.416317,-0.420754,0.597668,0.266091,-0.685997,0.092799,1.308086,-2.032857,-2.420402,1.577785,0.911169,-0.024942,0.044670,-0.047900,-0.104442,0.000034,0.025702,0.003105
38.822061,-1.647887,0.297169,-1.052243,-0.510675,-0.779408,0.710883,0.494756,0.316092,-0.605402,0.678494,-0.423178,-0.419911,0.598566,0.266214,-0.686022,0.092847,1.308034,-2.032956,-2.420400,1.577811,0.911164,-0.024920,0.046140,-0.049458,-0.102466,0.001386,0.025436,0.000700
38.822998,-1.647175,0.298958,-1.051733,-0.508943,-0.778111,0.709329,0.494214,0.316092,-0.605402,0.678494,-0.423178,-0.419911,0.598566,0.266214,-0.686022,0.092847,1.308034,-2.032956,-2.420400,1.577811,0.911164,-0.024920,0.046140,-0.049458,-0.102466,0.001386,0.025436,0.000700
38.823959,-1.644223,0.298650,-1.048877,-0.507883,-0.778896,0.708794,0.494712,0.322853,-0.597713,0.678985,-0.439097,-0.418203,0.600961,0.266314,-0.686076,0.092931,1.307932,-2.033156,-2.420401,1.577866,0.911163,-0.026110,0.044378,-0.049914,-0.100476,0.000884,0.027201,0.000803
38.825009,-1.641798,0.294461,-1.046173,-0.504381,-0.779224,0.708565,0.494727,0.322853,-0.597713,0.678985,-0.439097,-0.418203,0.600961,0.266314,-0.686076,0.092931,1.307932,-2.033156,-2.420401,1.577866,0.911163,-0.026110,0.044378,-0.049914,-0.100476,0.000884,0.027201,0.000803
38.825984,-1.638442,0.294238,-1.044817,-0.503798,-0.779584,0.709098,0.494598,0.327014,-0.593508,0.680098,-0.447829,-0.417309,0.602338,0.266291,-0.686105,0.092979,1.307882,-2.033258,-2.420399,1.577892,0.911163,-0.026976,0.045919,-0.050658,-0.101539,0.001184,0.027270,0.000783
38.826952,-1.636475,0.293465,-1.043789,-0.504379,-0.777966,0.709103,0.495004,0.342062,-0.589824,0.689697,-0.463618,-0.415987,0.605411,0.266100,-0.686166,0.093069,1.307783,-2.033445,-2.420402,1.577945,0.911162,-0.028900,0.045316,-0.050651,-0.097015,-0.000062,0.026412,0.000227
38.828052,-1.635863,0.291131,-1.043124,-0.499960,-0.778921,0.709434,0.493969,0.342062,-0.589824,0.689697,-0.463618,-0.415987,0.605411,0.266100,-0.686166,0.093069,1.307783,-2.033445,-2.420402,1.577945,0.911162,-0.028900,0.045316,-0.050651,-0.097015,-0.000062,0.026412,0.000227
38.829076,-1.633243,0.291839,-1.039005,-0.497656,-0.778772,0.709063,0.495257,0.350048,-0.587701,0.695079,-0.473183,-0.415298,0.607145,0.265964,-0.686195,0.093115,1.307734,-2.033547,-2.420400,1.577969,0.911166,-0.028850,0.045936,-0.050396,-0.099043,0.000895,0.025932,0.002307
38.829940,-1.637356,0.287789,-1.038644,-0.494572,-0.779290,0.708834,0.494009,0.356246,-0.585145,0.698918,-0.481758,-0.414684,0.608638,0.265830,-0.686226,0.093160,1.307679,-2.033645,-2.420402,1.577995,0.911160,-0.029796,0.045033,-0.051814,-0.098968,0.000758,0.026154,-0.000289
38.830968,-1.631585,0.288974,-1.038134,-0.494239,-0.780103,0.708348,0.495125,0.359564,-0.582483,0.700300,-0.487303,-0.414256,0.609611,0.265717,-0.686250,0.093208,1.307628,-2.033745,-2.420400,1.578022,0.911166,-0.027423,0.046499,-0.051363,-0.099669,0.001267,0.026222,0.002233
38.831985,-1.629809,0.289395,-1.033077,-0.493111,-0.779406,0.708809,0.494582,0.358187,-0.578911,0.697447,-0.490014,-0.413908,0.609982,0.265652,-0.686284,0.093253,1.307577,-2.033840,-2.420397,1.578047,0.911161,-0.029946,0.045350,-0.051005,-0.097700,0.002053,0.026557,-0.000026
38.833021,-1.629548,0.289160,-1.032201,-0.491797,-0.778277,0.707961,0.494333,0.354031,-0.573990,0.692041,-0.492225,-0.413533,0.610170,0.265647,-0.686315,0.093295,1.307522,-2.033935,-2.420397,1.578072,0.911162,-0.030448,0.044630,-0.052897,-0.096558,0.001332,0.025941,0.001088
38.834044,-1.626473,0.287610,-1.029976,-0.489204,-0.779450,0.707048,0.494627,0.344408,-0.559939,0.679913,-0.500271,-0.412543,0.611108,0.265860,-0.686379,0.093386,1.307417,-2.034124,-2.420397,1.578131,0.911164,-0.031354,0.044448,-0.053172,-0.095936,0.001399,0.027363,0.000975
38.835076,-1.627811,0.282807,-1.030740,-0.489879,-0.778344,0.706517,0.495031,0.344408,-0.559939,0.679913,-0.500271,-0.412543,0.611108,0.265860,-0.686379,0.093386,1.307417,-2.034124,-2.420397,1.578131,0.911164,-0.031354,0.044448,-0.053172,-0.095936,0.001399,0.027363,0.000975
38.835987,-1.625067,0.283709,-1.027681,-0.487439,-0.778463,0.707667,0.494120,0.337981,-0.551726,0.672383,-0.504707,-0.411933,0.611575,0.266069,-0.686408,0.093436,1.307368,-2.034210,-2.420400,1.578159,0.911163,-0.030309,0.046267,-0.052189,-0.093169,0.000296,0.027718,0.000168
38.837070,-1.622494,0.280305,-1.028908,-0.486667,-0.777997,0.708451,0.495328,0.329674,-0.543219,0.663109,-0.509350,-0.411183,0.611903,0.266324,-0.686442,0.093478,1.307310,-2.034305,-2.420400,1.578180,0.911168,-0.031301,0.045278,-0.053048,-0.093358,0.000428,0.026429,0.001996
38.838010,-1.623970,0.280876,-1.025292,-0.482863,-0.777993,0.707336,0.493673,0.320058,-0.534582,0.652624,-0.514214,-0.410314,0.612129,0.266595,-0.686475,0.093528,1.307262,-2.034393,-2.420401,1.578205,0.911161,-0.032184,0.046402,-0.051830,-0.091998,-0.000028,0.025495,-0.000437
38.838979,-1.616896,0.278531,-1.021420,-0.482531,-0.778666,0.706147,0.494676,0.298834,-0.519089,0.630130,-0.519950,-0.408644,0.611921,0.267070,-0.686544,0.093618,1.307148,-2.034577,-2.420399,1.578263,0.911164,-0.034178,0.046208,-0.054236,-0.091707,0.000629,0.027471,0.000863
38.840092,-1.617012,0.278430,-1.020054,-0.478091,-0.776853,0.707009,0.494592,0.298834,-0.519089,0.630130,-0.519950,-0.408644,0.611921,0.267070,-0.686544,0.093618,1.307148,-2.034577,-2.420399,1.578263,0.911164,-0.034178,0.046208,-0.054236,-0.091707,0.000629,0.027471,0.000863
38.841011,-1.609116,0.278931,-1.018035,-0.476046,-0.778818,0.708700,0.494343,0.292235,-0.515060,0.623140,-0.519335,-0.408159,0.611625,0.267240,-0.686576,0.093664,1.307094,-2.034677,-2.420406,1.578288,0.911165,-0.033706,0.045693,-0.054256,-0.093804,-0.001138,0.026441,0.001046
38.841979,-1.612561,0.278998,-1.017393,-0.475115,-0.777425,0.707560,0.496094,0.290231,-0.514307,0.620956,-0.515814,-0.408046,0.611305,0.267361,-0.686618,0.093707,1.307038,-2.034771,-2.420399,1.578310,0.911167,-0.037186,0.044922,-0.054596,-0.093572,0.000797,0.024608,0.001538
38.843010,-1.612957,0.275797,-1.016271,-0.472792,-0.778284,0.708401,0.494993,0.291110,-0.515154,0.621826,-0.510220,-0.408193,0.610998,0.267439,-0.686647,0.093751,1.306984,-2.034860,-2.420401,1.578339,0.911161,-0.035056,0.044361,-0.054259,-0.092336,-0.000613,0.025603,-0.001978
38.843964,-1.611427,0.275756,-1.014911,-0.472377,-0.777007,0.708165,0.495776,0.290177,-0.514975,0.621028,-0.503859,-0.408322,0.610532,0.267491,-0.686680,0.093797,1.306929,-2.034953,-2.420399,1.578363,0.911169,-0.034475,0.045424,-0.054169,-0.092439,0.000251,0.024598,0.000251
38.845015,-1.609083,0.275060,-1.013536,-0.469700,-0.777477,0.708162,0.494923,0.284469,-0.512679,0.615648,-0.497351,-0.408272,0.609748,0.267531,-0.686716,0.093841,1.306875,-2.035043,-2.420404,1.578387,0.911164,-0.034822,0.044899,-0.054199,-0.090676,-0.001001,0.024702,-0.001336
38.845978,-1.606107,0.271488,-1.011490,-0.467096,-0.778252,0.707273,0.495475,0.274980,-0.508561,0.606658,-0.491539,-0.408027,0.608787,0.267549,-0.686753,0.093887,1.306820,-2.035137,-2.420398,1.578414,0.911172,-0.035549,0.044708,-0.054231,-0.091127,-0.000568,0.024539,0.000372
38.846990,-1.605411,0.272999,-1.010929,-0.466322,-0.776288,0.707006,0.495216,0.264066,-0.504240,0.596468,-0.485755,-0.407748,0.607717,0.267519,-0.686793,0.093936,1.306766,-2.035228,-2.420398,1.578438,0.911170,-0.036568,0.045920,-0.054601,-0.091543,0.000209,0.025292,-0.000751
38.848089,-1.603032,0.269325,-1.010387,-0.462444,-0.777644,0.706996,0.494711,0.253155,-0.500893,0.586521,-0.479390,-0.407542,0.606547,0.267427,-0.686828,0.093977,1.306711,-2.035316,-2.420406,1.578461,0.911169,-0.036480,0.044643,-0.054223,-0.090198,-0.001707,0.025416,-0.000213
38.849019,-1.606003,0.270052,-1.006789,-0.460911,-0.776652,0.707182,0.495379,0.241409,-0.497887,0.575908,-0.472668,-0.407359,0.605255,0.267285,-0.686867,0.094027,1.306659,-2.035411,-2.420399,1.578485,0.911171,-0.037209,0.045904,-0.053862,-0.091822,-0.000384,0.025279,0.000796
38.849991,-1.601889,0.267581,-1.005133,-0.458437,-0.776682,0.708331,0.495253,0.227760,-0.494959,0.563576,-0.464900,-0.407216,0.603726,0.267119,-0.686900,0.094071,1.306601,-2.035500,-2.420400,1.578508,0.911166,-0.035302,0.044994,-0.054983,-0.091195,-0.001390,0.024952,-0.000546
38.851055,-1.602637,0.265886,-1.000322,-0.456009,-0.778387,0.707923,0.494723,0.212445,-0.492115,0.549730,-0.456164,-0.407132,0.602011,0.266958,-0.686940,0.094117,1.306546,-2.035592,-2.420401,1.578532,0.911165,-0.036915,0.045698,-0.055143,-0.091470,-0.001337,0.023649,-0.000274
38.851995,-1.595955,0.266321,-1.000516,-0.454379,-0.777464,0.706324,0.495043,0.186365,-0.490973,0.526959,-0.436831,-0.407480,0.598787,0.266733,-0.687019,0.094204,1.306429,-2.035776,-2.420399,1.578586,0.911167,-0.038953,0.045261,-0.056042,-0.091103,-0.000588,0.025361,0.000131
38.853070,-1.594290,0.261145,-0.997394,-0.452320,-0.777385,0.705898,0.494033,0.186365,-0.490973,0.526959,-0.436831,-0.407480,0.598787,0.266733,-0.687019,0.094204,1.306429,-2.035776,-2.420399,1.578586,0.911167,-0.038953,0.045261,-0.056042,-0.091103,-0.000588,0.025361,0.000131
38.854047,-1.595682,0.264069,-0.994470,-0.450486,-0.777598,0.705204,0.494630,0.179352,-0.494138,0.521723,-0.427017,-0.408009,0.597552,0.266659,-0.687059,0.094256,1.306372,-2.035866,-2.420400,1.578611,0.911172,-0.039281,0.047253,-0.056927,-0.091009,-0.000651,0.025624,0.002155
38.855013,-1.596156,0.264435,-0.992741,-0.447866,-0.777175,0.706603,0.494381,0.172496,-0.504205,0.518371,-0.408627,-0.409415,0.595579,0.266549,-0.687131,0.094340,1.306252,-2.036048,-2.420402,1.578658,0.911171,-0.037463,0.044570,-0.057805,-0.091100,-0.000841,0.024622,0.001447
38.856082,-1.595290,0.261847,-0.988021,-0.446759,-0.778070,0.706482,0.494714,0.166342,-0.506451,0.513880,-0.400443,-0.409997,0.594542,0.266493,-0.687169,0.094388,1.306190,-2.036135,-2.420398,1.578684,0.911171,-0.037451,0.045303,-0.059440,-0.090105,0.000023,0.024602,0.000773
38.857000,-1.592515,0.261530,-0.987514,-0.444309,-0.776806,0.706040,0.495946,0.166342,-0.506451,0.513880,-0.400443,-0.409997,0.594542,0.266493,-0.687169,0.094388,1.306190,-2.036135,-2.420398,1.578684,0.911171,-0.037451,0.045303,-0.059440,-0.090105,0.000023,0.024602,0.000773
38.858008,-1.593678,0.259623,-0.985458,-0.443294,-0.778743,0.705633,0.495539,0.159497,-0.507607,0.508624,-0.392913,-0.410519,0.593524,0.266419,-0.687209,0.094434,1.306131,-2.036225,-2.420401,1.578711,0.911165,-0.038372,0.044907,-0.058969,-0.090399,-0.001231,0.024884,-0.001686
38.859038,-1.594713,0.261960,-0.981392,-0.440247,-0.777733,0.706149,0.494628,0.152117,-0.508026,0.502761,-0.385954,-0.410986,0.592502,0.266349,-0.687244,0.094481,1.306071,-2.036312,-2.420395,1.578736,0.911166,-0.037344,0.045306,-0.059278,-0.089310,0.000681,0.025139,-0.000845
38.859958,-1.588345,0.258237,-0.982143,-0.437510,-0.777957,0.706539,0.494995,0.142401,-0.506706,0.494499,-0.379368,-0.411337,0.591362,0.266332,-0.687279,0.094520,1.306006,-2.036403,-2.420399,1.578757,0.911171,-0.036406,0.043649,-0.060545,-0.090207,-0.000322,0.024487,0.000970
38.861011,-1.585597,0.256522,-0.977401,-0.434686,-0.779521,0.707240,0.494583,0.130758,-0.504009,0.484316,-0.372321,-0.411648,0.590085,0.266383,-0.687323,0.094567,1.305948,-2.036496,-2.420399,1.578779,0.911168,-0.039097,0.044966,-0.059455,-0.090713,-0.000080,0.023970,0.000219
38.861980,-1.588592,0.259731,-0.975767,-0.433963,-0.778630,0.706191,0.495784,0.121201,-0.502884,0.476288,-0.363585,-0.412149,0.588798,0.266462,-0.687364,0.094612,1.305883,-2.036587,-2.420396,1.578804,0.911171,-0.039966,0.045272,-0.061071,-0.091340,0.001462,0.023116,0.001047
38.862952,-1.582438,0.255866,-0.972907,-0.431852,-0.778123,0.705916,0.494281,0.114633,-0.503597,0.471225,-0.353489,-0.412856,0.587588,0.266545,-0.687397,0.094651,1.305822,-2.036675,-2.420398,1.578830,0.911166,-0.038045,0.043184,-0.061134,-0.089933,0.000570,0.024025,-0.001367
38.864031,-1.582982,0.252234,-0.969816,-0.429843,-0.779071,0.706934,0.494666,0.108918,-0.503993,0.466845,-0.343647,-0.413570,0.586475,0.266631,-0.687443,0.094701,1.305759,-2.036767,-2.420399,1.578853,0.911175,-0.040616,0.044554,-0.061814,-0.089842,0.000075,0.024152,0.001656
38.865138,-1.584643,0.253442,-0.969779,-0.428738,-0.778453,0.706213,0.495705,0.105762,-0.505548,0.464834,-0.334242,-0.414327,0.585529,0.266713,-0.687482,0.094750,1.305695,-2.036856,-2.420397,1.578874,0.911173,-0.039840,0.045781,-0.062601,-0.089722,0.001022,0.022995,0.000860
38.866047,-1.581106,0.254336,-0.963279,-0.425314,-0.777941,0.704458,0.495012,0.104147,-0.508436,0.464240,-0.325043,-0.415098,0.584645,0.266771,-0.687518,0.094791,1.305634,-2.036943,-2.420399,1.578901,0.911167,-0.038569,0.044651,-0.061863,-0.088723,0.000403,0.023576,-0.001210
38.867134,-1.579020,0.253823,-0.963805,-0.426152,-0.778197,0.704751,0.495064,0.097081,-0.510966,0.458947,-0.308931,-0.416305,0.582867,0.266830,-0.687603,0.094876,1.305504,-2.037117,-2.420400,1.578952,0.911171,-0.040381,0.043456,-0.063295,-0.087130,0.000164,0.024720,0.000077
38.868064,-1.577628,0.249080,-0.962258,-0.422369,-0.776878,0.703474,0.495295,0.097081,-0.510966,0.458947,-0.308931,-0.416305,0.582867,0.266830,-0.687603,0.094876,1.305504,-2.037117,-2.420400,1.578952,0.911171,-0.040381,0.043456,-0.063295,-0.087130,0.000164,0.024720,0.000077
38.869035,-1.577553,0.248529,-0.958444,-0.420310,-0.777124,0.703813,0.495670,0.089352,-0.510969,0.452546,-0.298333,-0.417016,0.581637,0.266812,-0.687685,0.094969,1.305376,-2.037297,-2.420403,1.579006,0.911169,-0.040127,0.044984,-0.064453,-0.088676,-0.000876,0.025331,-0.001135
38.870007,-1.573057,0.248706,-0.959590,-0.418123,-0.778376,0.704041,0.495219,0.084948,-0.511830,0.448850,-0.292984,-0.417353,0.580956,0.266749,-0.687731,0.095010,1.305314,-2.037387,-2.420400,1.579032,0.911172,-0.041840,0.044405,-0.063114,-0.088693,0.000357,0.024948,-0.000226
38.870980,-1.566992,0.246205,-0.957140,-0.417642,-0.779247,0.703414,0.494484,0.081514,-0.513132,0.446015,-0.288563,-0.417697,0.580434,0.266665,-0.687781,0.095055,1.305249,-2.037472,-2.420398,1.579058,0.911176,-0.044278,0.045121,-0.063583,-0.087132,0.001199,0.025428,0.001233
38.872105,-1.566062,0.244058,-0.954543,-0.415442,-0.778558,0.703064,0.495216,0.081514,-0.513132,0.446015,-0.288563,-0.417697,0.580434,0.266665,-0.687781,0.095055,1.305249,-2.037472,-2.420398,1.579058,0.911176,-0.044278,0.045121,-0.063583,-0.087132,0.001199,0.025428,0.001233
38.873017,-1.566444,0.246788,-0.952819,-0.412588,-0.778744,0.703588,0.494631,0.081690,-0.516028,0.446498,-0.286029,-0.418094,0.580305,0.266569,-0.687825,0.095101,1.305183,-2.037559,-2.420399,1.579083,0.911173,-0.044193,0.045643,-0.064087,-0.087261,0.000509,0.025625,-0.000249
38.873992,-1.562685,0.245257,-0.948489,-0.412269,-0.777164,0.703105,0.494552,0.083956,-0.519779,0.448774,-0.284991,-0.418536,0.580432,0.266465,-0.687866,0.095140,1.305118,-2.037649,-2.420398,1.579107,0.911175,-0.043502,0.043791,-0.064168,-0.087945,0.000695,0.024952,0.000940
38.875014,-1.561121,0.245278,-0.951635,-0.409013,-0.777551,0.703758,0.494135,0.086359,-0.523350,0.450401,-0.287705,-0.419235,0.581066,0.266287,-0.687959,0.095227,1.304991,-2.037821,-2.420403,1.579155,0.911175,-0.045055,0.043515,-0.063208,-0.087411,-0.000448,0.024488,0.001929
38.875978,-1.559605,0.242663,-0.950292,-0.407421,-0.778320,0.703993,0.494541,0.086359,-0.523350,0.450401,-0.287705,-0.419235,0.581066,0.266287,-0.687959,0.095227,1.304991,-2.037821,-2.420403,1.579155,0.911175,-0.045055,0.043515,-0.063208,-0.087411,-0.000448,0.024488,0.001929
38.877051,-1.558644,0.243004,-0.946544,-0.405110,-0.779167,0.704042,0.495061,0.077682,-0.519253,0.440579,-0.294093,-0.419431,0.581405,0.266170,-0.688052,0.095313,1.304862,-2.037995,-2.420399,1.579205,0.911170,-0.045180,0.043621,-0.064243,-0.087124,0.001136,0.023915,0.000078
38.877982,-1.555007,0.240946,-0.947377,-0.404483,-0.779208,0.703581,0.494315,0.077682,-0.519253,0.440579,-0.294093,-0.419431,0.581405,0.266170,-0.688052,0.095313,1.304862,-2.037995,-2.420399,1.579205,0.911170,-0.045180,0.043621,-0.064243,-0.087124,0.001136,0.023915,0.000078
38.878966,-1.553014,0.239410,-0.941615,-0.400597,-0.776658,0.702268,0.494567,0.069693,-0.515373,0.432030,-0.297466,-0.419440,0.581381,0.266131,-0.688101,0.095356,1.304802,-2.038078,-2.420399,1.579230,0.911172,-0.046426,0.044144,-0.063079,-0.085738,0.001166,0.024226,0.001586
38.880001,-1.549896,0.240760,-0.942642,-0.400154,-0.777635,0.702887,0.495143,0.061884,-0.511792,0.423632,-0.300778,-0.419473,0.581376,0.266115,-0.688148,0.095400,1.304733,-2.038170,-2.420406,1.579258,0.911174,-0.046842,0.044377,-0.065164,-0.087456,-0.001340,0.025384,0.001056
38.881016,-1.546889,0.241548,-0.937905,-0.401213,-0.778415,0.702580,0.494339,0.051183,-0.506690,0.411515,-0.307402,-0.419575,0.581731,0.266127,-0.688248,0.095478,1.304601,-2.038332,-2.420400,1.579304,0.911176,-0.048716,0.042358,-0.065428,-0.082913,0.000391,0.024787,0.001523
38.882011,-1.544852,0.239619,-0.938811,-0.398105,-0.778105,0.703100,0.495370,0.051183,-0.506690,0.411515,-0.307402,-0.419575,0.581731,0.266127,-0.688248,0.095478,1.304601,-2.038332,-2.420400,1.579304,0.911176,-0.048716,0.042358,-0.065428,-0.082913,0.000391,0.024787,0.001523
38.883044,-1.543555,0.242112,-0.934759,-0.396668,-0.778053,0.703767,0.494083,0.045710,-0.497382,0.403436,-0.322462,-0.418888,0.583319,0.266224,-0.688348,0.095560,1.304472,-2.038498,-2.420401,1.579349,0.911180,-0.049169,0.041089,-0.065451,-0.083487,0.000033,0.023317,0.002028
38.884097,-1.541329,0.240086,-0.936074,-0.393741,-0.778611,0.703269,0.494849,0.045710,-0.497382,0.403436,-0.322462,-0.418888,0.583319,0.266224,-0.688348,0.095560,1.304472,-2.038498,-2.420401,1.579349,0.911180,-0.049169,0.041089,-0.065451,-0.083487,0.000033,0.023317,0.002028
38.884984,-1.539365,0.238995,-0.932553,-0.391745,-0.778882,0.705609,0.495088,0.041910,-0.490696,0.398183,-0.330090,-0.418368,0.584027,0.266294,-0.688398,0.095603,1.304410,-2.038583,-2.420400,1.579374,0.911177,-0.049688,0.041604,-0.064024,-0.084380,0.000581,0.023674,0.000469
38.886041,-1.538847,0.237454,-0.930576,-0.391893,-0.777940,0.705897,0.495196,0.036566,-0.483412,0.391509,-0.335656,-0.417858,0.584386,0.266353,-0.688448,0.095645,1.304344,-2.038667,-2.420401,1.579390,0.911177,-0.050069,0.041648,-0.065021,-0.084360,0.000858,0.021210,0.000003
38.886994,-1.536262,0.237242,-0.927121,-0.391095,-0.777195,0.706271,0.495307,0.030786,-0.476530,0.384510,-0.339276,-0.417386,0.584482,0.266379,-0.688498,0.095686,1.304277,-2.038745,-2.420401,1.579409,0.911176,-0.049719,0.041928,-0.065192,-0.082319,-0.000094,0.020830,-0.000206
38.887988,-1.535023,0.239589,-0.924805,-0.389101,-0.777850,0.705648,0.494185,0.021495,-0.463197,0.372505,-0.347287,-0.416179,0.584918,0.266341,-0.688602,0.095763,1.304144,-2.038906,-2.420398,1.579450,0.911180,-0.050393,0.039915,-0.066481,-0.081264,-0.000194,0.020841,0.001821
38.889039,-1.534209,0.238944,-0.920836,-0.387376,-0.778031,0.706644,0.494314,0.021495,-0.463197,0.372505,-0.347287,-0.416179,0.584918,0.266341,-0.688602,0.095763,1.304144,-2.038906,-2.420398,1.579450,0.911180,-0.050393,0.039915,-0.066481,-0.081264,-0.000194,0.020841,0.001821
38.890079,-1.532165,0.239744,-0.915721,-0.385492,-0.777873,0.705560,0.494304,0.017710,-0.455652,0.367230,-0.351939,-0.415469,0.585376,0.266319,-0.688653,0.095805,1.304075,-2.038987,-2.420397,1.579471,0.911178,-0.050179,0.039742,-0.067649,-0.081040,-0.000026,0.019705,0.001549
38.890996,-1.527956,0.236948,-0.915151,-0.384815,-0.777853,0.703810,0.494337,0.014882,-0.441656,0.361636,-0.359262,-0.414379,0.586729,0.266287,-0.688759,0.095885,1.303934,-2.039147,-2.420400,1.579523,0.911178,-0.052053,0.039793,-0.068780,-0.079753,-0.000181,0.022254,0.001504
38.892103,-1.526358,0.237072,-0.909005,-0.385062,-0.775972,0.703602,0.494880,0.014882,-0.441656,0.361636,-0.359262,-0.414379,0.586729,0.266287,-0.688759,0.095885,1.303934,-2.039147,-2.420400,1.579523,0.911178,-0.052053,0.039793,-0.068780,-0.079753,-0.000181,0.022254,0.001504
38.893006,-1.526700,0.236094,-0.909090,-0.383090,-0.776962,0.703634,0.494057,0.018902,-0.437538,0.364382,-0.362732,-0.414071,0.587793,0.266274,-0.688812,0.095922,1.303858,-2.039220,-2.420404,1.579547,0.911175,-0.052207,0.039271,-0.070970,-0.077751,-0.002042,0.022302,0.000416
38.894038,-1.524557,0.234047,-0.903946,-0.382906,-0.777231,0.703932,0.494894,0.025983,-0.434942,0.370154,-0.367383,-0.413778,0.589159,0.266280,-0.688861,0.095961,1.303789,-2.039298,-2.420401,1.579569,0.911181,-0.051439,0.039303,-0.070070,-0.077868,-0.001053,0.022136,0.002069
38.895019,-1.524933,0.233219,-0.904335,-0.380647,-0.777697,0.702772,0.495030,0.041102,-0.431385,0.382804,-0.378771,-0.412988,0.592071,0.266374,-0.688962,0.096041,1.303645,-2.039450,-2.420400,1.579614,0.911175,-0.051107,0.039773,-0.070720,-0.076665,-0.000333,0.022739,0.000125
38.896020,-1.521433,0.234551,-0.900638,-0.377267,-0.777364,0.702759,0.495387,0.046355,-0.429890,0.387121,-0.383490,-0.412564,0.593211,0.266434,-0.689017,0.096078,1.303571,-2.039534,-2.420400,1.579635,0.911173,-0.052218,0.038656,-0.071693,-0.078044,-0.000667,0.022616,-0.000585
38.897058,-1.521961,0.233162,-0.897037,-0.377011,-0.777208,0.702493,0.495036,0.049549,-0.428357,0.389660,-0.386264,-0.412233,0.594003,0.266495,-0.689067,0.096116,1.303495,-2.039606,-2.420401,1.579659,0.911176,-0.051327,0.038904,-0.072588,-0.076550,-0.000813,0.022739,0.000119
38.898011,-1.518662,0.235614,-0.897411,-0.376717,-0.777726,0.704432,0.494373,0.049549,-0.428357,0.389660,-0.386264,-0.412233,0.594003,0.266495,-0.689067,0.096116,1.303495,-2.039606,-2.420401,1.579659,0.911176,-0.051327,0.038904,-0.072588,-0.076550,-0.000813,0.022739,0.000119
38.898974,-1.517574,0.231618,-0.893307,-0.373794,-0.777162,0.703526,0.495172,0.050257,-0.421737,0.389271,-0.392396,-0.411372,0.595322,0.266648,-0.689172,0.096193,1.303350,-2.039758,-2.420400,1.579704,0.911177,-0.052277,0.038769,-0.072718,-0.076129,-0.000872,0.021443,-0.000179
38.900147,-1.514552,0.231399,-0.891156,-0.370826,-0.778230,0.704045,0.494323,0.050257,-0.421737,0.389271,-0.392396,-0.411372,0.595322,0.266648,-0.689172,0.096193,1.303350,-2.039758,-2.420400,1.579704,0.911177,-0.052277,0.038769,-0.072718,-0.076129,-0.000872,0.021443,-0.000179
38.901047,-1.516779,0.227117,-0.885835,-0.371124,-0.777789,0.703141,0.494996,0.049518,-0.418389,0.388206,-0.394830,-0.410982,0.595837,0.266721,-0.689225,0.096229,1.303277,-2.039838,-2.420398,1.579721,0.911182,-0.053155,0.038425,-0.072898,-0.077188,0.000190,0.020807,0.001535
38.902103,-1.512970,0.229791,-0.882274,-0.370504,-0.777124,0.703592,0.494303,0.050045,-0.417581,0.388735,-0.394945,-0.410841,0.596114,0.266771,-0.689273,0.096270,1.303198,-2.039910,-2.420400,1.579741,0.911178,-0.051446,0.040093,-0.074637,-0.075139,-0.000250,0.021605,0.000172
38.903038,-1.513298,0.227901,-0.879505,-0.367160,-0.777445,0.704047,0.494466,0.052255,-0.418819,0.391110,-0.394537,-0.410818,0.596330,0.266797,-0.689328,0.096305,1.303122,-2.039981,-2.420400,1.579760,0.911181,-0.052721,0.038311,-0.075490,-0.074056,-0.000911,0.021027,0.001573
38.904007,-1.512959,0.228390,-0.874868,-0.366347,-0.778214,0.704606,0.494968,0.055945,-0.421005,0.395030,-0.394565,-0.410832,0.596592,0.266799,-0.689377,0.096344,1.303045,-2.040059,-2.420400,1.579779,0.911180,-0.051947,0.038807,-0.075945,-0.075545,-0.000580,0.020462,0.001232
38.905172,-1.508693,0.225961,-0.870579,-0.363401,-0.778272,0.705392,0.494431,0.059884,-0.423549,0.399362,-0.393946,-0.410920,0.596752,0.266772,-0.689428,0.096382,1.302966,-2.040131,-2.420399,1.579799,0.911178,-0.051501,0.038093,-0.077323,-0.074601,0.000178,0.019783,0.000231
38.906080,-1.510770,0.224316,-0.872037,-0.361970,-0.777806,0.706112,0.494872,0.064884,-0.427150,0.404940,-0.391945,-0.411168,0.596814,0.266716,-0.689484,0.096422,1.302884,-2.040210,-2.420398,1.579814,0.911181,-0.052986,0.038839,-0.078492,-0.075689,0.000221,0.018903,0.001315
38.907097,-1.514589,0.224119,-0.865042,-0.360133,-0.777891,0.705173,0.494247,0.073612,-0.437089,0.415615,-0.381780,-0.412078,0.596216,0.266555,-0.689576,0.096503,1.302728,-2.040356,-2.420400,1.579852,0.911182,-0.048891,0.038783,-0.079395,-0.075432,-0.000143,0.018908,0.001680
38.908136,-1.511339,0.225237,-0.861242,-0.358892,-0.777145,0.705192,0.494548,0.071498,-0.440146,0.414916,-0.373947,-0.412463,0.595267,0.266463,-0.689629,0.096538,1.302644,-2.040430,-2.420403,1.579870,0.911181,-0.049916,0.037796,-0.080277,-0.074898,-0.000866,0.018772,0.001063
38.909005,-1.505916,0.224884,-0.861682,-0.358051,-0.777145,0.704596,0.495374,0.071498,-0.440146,0.414916,-0.373947,-0.412463,0.595267,0.266463,-0.689629,0.096538,1.302644,-2.040430,-2.420403,1.579870,0.911181,-0.049916,0.037796,-0.080277,-0.074898,-0.000866,0.018772,0.001063
38.910056,-1.507697,0.223608,-0.857927,-0.357089,-0.778349,0.702412,0.495133,0.067531,-0.441816,0.412510,-0.365825,-0.412759,0.594256,0.266350,-0.689685,0.096576,1.302566,-2.040502,-2.420405,1.579890,0.911176,-0.051965,0.037525,-0.079092,-0.073999,-0.000840,0.019255,-0.000580
38.911056,-1.508742,0.222194,-0.855760,-0.355965,-0.778139,0.703312,0.495562,0.062875,-0.442237,0.409462,-0.358338,-0.412926,0.593336,0.266227,-0.689732,0.096616,1.302483,-2.040572,-2.420400,1.579914,0.911177,-0.050481,0.037688,-0.080002,-0.073286,0.000324,0.021312,-0.000080
38.912009,-1.507425,0.221194,-0.847496,-0.353954,-0.778214,0.702803,0.495370,0.056059,-0.441103,0.404273,-0.351302,-0.412915,0.592342,0.266120,-0.689778,0.096654,1.302403,-2.040644,-2.420399,1.579932,0.911177,-0.049404,0.037937,-0.080110,-0.072691,0.000099,0.020275,-0.000951
38.912960,-1.502860,0.218660,-0.845963,-0.353758,-0.778407,0.703080,0.495156,0.047749,-0.439274,0.397604,-0.344099,-0.412802,0.591222,0.266039,-0.689827,0.096690,1.302312,-2.040719,-2.420396,1.579952,0.911177,-0.049485,0.038000,-0.083182,-0.072916,0.000141,0.020673,-0.000553
38.913971,-1.503244,0.216180,-0.845820,-0.353272,-0.778379,0.703196,0.495916,0.042313,-0.439222,0.393798,-0.336506,-0.412780,0.590204,0.265970,-0.689882,0.096730,1.302230,-2.040786,-2.420397,1.579973,0.911180,-0.051130,0.038799,-0.082927,-0.071481,0.000348,0.020266,-0.000138
38.915107,-1.501030,0.218052,-0.838654,-0.350838,-0.777696,0.703607,0.495349,0.040891,-0.441590,0.393953,-0.329253,-0.412834,0.589394,0.265898,-0.689929,0.096770,1.302147,-2.040856,-2.420398,1.579993,0.911177,-0.050347,0.039561,-0.082004,-0.070282,0.000324,0.020030,-0.001665
38.916044,-1.501123,0.215695,-0.833712,-0.348162,-0.777071,0.705293,0.495446,0.041412,-0.445130,0.395976,-0.322640,-0.412876,0.588697,0.265824,-0.689981,0.096806,1.302059,-2.040925,-2.420398,1.580012,0.911179,-0.050841,0.038165,-0.084566,-0.071071,-0.000363,0.019504,-0.000515
38.917011,-1.497926,0.216923,-0.831133,-0.346644,-0.778093,0.705216,0.494847,0.044332,-0.450012,0.400373,-0.315445,-0.413049,0.588073,0.265755,-0.690031,0.096846,1.301970,-2.040998,-2.420400,1.580026,0.911179,-0.050188,0.038884,-0.085952,-0.072008,-0.000963,0.017718,-0.000721
38.918020,-1.497248,0.218535,-0.834706,-0.347354,-0.777923,0.703908,0.495053,0.055273,-0.462329,0.414453,-0.297531,-0.413920,0.586907,0.265627,-0.690133,0.096918,1.301804,-2.041135,-2.420398,1.580066,0.911179,-0.050905,0.036589,-0.083425,-0.069500,-0.000130,0.018895,0.000061
38.919090,-1.495754,0.217312,-0.829498,-0.347018,-0.778973,0.704483,0.495188,0.055458,-0.463546,0.416055,-0.290921,-0.414044,0.586315,0.265572,-0.690184,0.096956,1.301716,-2.041203,-2.420395,1.580081,0.911179,-0.051045,0.036754,-0.085014,-0.068207,0.000900,0.018209,-0.000208
38.920124,-1.498232,0.216099,-0.826642,-0.344679,-0.778306,0.704025,0.494662,0.055458,-0.463546,0.416055,-0.290921,-0.414044,0.586315,0.265572,-0.690184,0.096956,1.301716,-2.041203,-2.420395,1.580081,0.911179,-0.051045,0.036754,-0.085014,-0.068207,0.000900,0.018209,-0.000208
38.921007,-1.495122,0.216824,-0.823995,-0.343886,-0.777401,0.704984,0.496045,0.050803,-0.460725,0.412578,-0.287061,-0.413843,0.585725,0.265523,-0.690231,0.096994,1.301630,-2.041275,-2.420399,1.580102,0.911181,-0.049213,0.036901,-0.085394,-0.068836,0.000254,0.018554,0.000852
38.922067,-1.494106,0.216981,-0.821580,-0.340995,-0.778255,0.706831,0.494961,0.042284,-0.455293,0.405126,-0.284706,-0.413453,0.585049,0.265477,-0.690285,0.097031,1.301545,-2.041344,-2.420402,1.580114,0.911174,-0.050148,0.036092,-0.085703,-0.067966,-0.000616,0.017511,-0.001925
38.923150,-1.494053,0.216193,-0.816525,-0.339926,-0.778129,0.706982,0.494976,0.030947,-0.447921,0.394828,-0.283253,-0.412951,0.584301,0.265445,-0.690336,0.097065,1.301457,-2.041418,-2.420400,1.580131,0.911181,-0.050041,0.035603,-0.085856,-0.069108,0.000235,0.015553,0.000265
38.923946,-1.491459,0.214799,-0.808194,-0.338445,-0.778040,0.706207,0.495199,0.018384,-0.439654,0.383324,-0.282027,-0.412445,0.583532,0.265457,-0.690385,0.097101,1.301369,-2.041484,-2.420401,1.580145,0.911181,-0.049470,0.035570,-0.087342,-0.068563,0.000107,0.015330,0.000216
38.925038,-1.491398,0.211357,-0.808060,-0.338002,-0.779267,0.705851,0.494631,0.007891,-0.432611,0.373882,-0.280734,-0.412078,0.582906,0.265511,-0.690436,0.097137,1.301273,-2.041554,-2.420403,1.580164,0.911181,-0.050166,0.035837,-0.090361,-0.068361,0.000042,0.016006,-0.000237
38.925971,-1.488105,0.212899,-0.806524,-0.335603,-0.778979,0.706784,0.495267,0.002382,-0.428760,0.369383,-0.279659,-0.411917,0.582594,0.265585,-0.690485,0.097177,1.301187,-2.041620,-2.420399,1.580178,0.911184,-0.049603,0.037090,-0.089355,-0.067211,0.001236,0.016273,0.000904
38.926952,-1.487922,0.212991,-0.804818,-0.335106,-0.778829,0.705934,0.494591,-0.000201,-0.427280,0.367836,-0.278904,-0.411869,0.582477,0.265664,-0.690538,0.097213,1.301099,-2.041690,-2.420399,1.580191,0.911181,-0.050630,0.035861,-0.089075,-0.067958,0.000933,0.015248,-0.000380
38.928038,-1.485796,0.209135,-0.797446,-0.332263,-0.778406,0.705731,0.494280,-0.003416,-0.425706,0.365688,-0.278700,-0.411810,0.582419,0.265736,-0.690587,0.097248,1.301009,-2.041754,-2.420399,1.580209,0.911185,-0.050118,0.035409,-0.088854,-0.066902,0.000784,0.016004,0.000983
38.928952,-1.483133,0.209069,-0.798682,-0.331888,-0.777915,0.704431,0.495041,-0.007123,-0.424078,0.363048,-0.278739,-0.411788,0.582416,0.265797,-0.690638,0.097288,1.300913,-2.041825,-2.420400,1.580226,0.911186,-0.050572,0.036866,-0.091417,-0.068072,0.000366,0.016104,0.001591
38.930033,-1.484309,0.211158,-0.794571,-0.329381,-0.777866,0.703509,0.495111,-0.009279,-0.424200,0.361993,-0.278279,-0.411927,0.582483,0.265828,-0.690690,0.097324,1.300829,-2.041888,-2.420403,1.580246,0.911180,-0.051289,0.036451,-0.089748,-0.066894,-0.000093,0.017292,0.000071
38.931051,-1.481419,0.212284,-0.791967,-0.328760,-0.778057,0.702773,0.495812,-0.017650,-0.423047,0.356001,-0.277003,-0.412262,0.582352,0.265800,-0.690793,0.097388,1.300646,-2.042021,-2.420401,1.580285,0.911180,-0.050909,0.034069,-0.090924,-0.066829,0.000034,0.018709,-0.001467
38.931998,-1.477492,0.210172,-0.787566,-0.326336,-0.778612,0.703102,0.496272,-0.017650,-0.423047,0.356001,-0.277003,-0.412262,0.582352,0.265800,-0.690793,0.097388,1.300646,-2.042021,-2.420401,1.580285,0.911180,-0.050909,0.034069,-0.090924,-0.066829,0.000034,0.018709,-0.001467
38.933026,-1.477405,0.209560,-0.785347,-0.324875,-0.777196,0.703691,0.495199,-0.024648,-0.419958,0.350226,-0.276808,-0.412382,0.582160,0.265767,-0.690848,0.097425,1.300552,-2.042091,-2.420399,1.580304,0.911177,-0.052212,0.034703,-0.092005,-0.067612,0.000576,0.018254,-0.002370
38.934164,-1.472635,0.209064,-0.782415,-0.323105,-0.776815,0.702534,0.495627,-0.030084,-0.417498,0.346051,-0.276325,-0.412619,0.582014,0.265750,-0.690898,0.097459,1.300462,-2.042156,-2.420401,1.580320,0.911185,-0.051646,0.034594,-0.092023,-0.067498,-0.000838,0.017567,-0.000226
38.934995,-1.472309,0.210943,-0.782977,-0.322432,-0.776549,0.702470,0.494924,-0.033739,-0.416245,0.343724,-0.275118,-0.412978,0.581876,0.265768,-0.690956,0.097493,1.300366,-2.042223,-2.420400,1.580343,0.911180,-0.053356,0.034433,-0.092347,-0.067662,-0.001217,0.018603,-0.001092
38.936022,-1.469580,0.211745,-0.777791,-0.321887,-0.776664,0.701759,0.495960,-0.042223,-0.411682,0.337728,-0.273346,-0.413499,0.581515,0.265850,-0.691061,0.097554,1.300184,-2.042352,-2.420402,1.580380,0.911180,-0.053613,0.032353,-0.092484,-0.065767,-0.001352,0.019155,-0.001772
38.936976,-1.469190,0.205756,-0.779450,-0.321317,-0.777657,0.702063,0.494795,-0.042223,-0.411682,0.337728,-0.273346,-0.413499,0.581515,0.265850,-0.691061,0.097554,1.300184,-2.042352,-2.420402,1.580380,0.911180,-0.053613,0.032353,-0.092484,-0.065767,-0.001352,0.019155,-0.001772
38.938206,-1.465892,0.208306,-0.776695,-0.321946,-0.776616,0.702477,0.495264,-0.057241,-0.400620,0.324303,-0.277294,-0.413110,0.581091,0.265973,-0.691170,0.097622,1.300008,-2.042472,-2.420404,1.580411,0.911182,-0.054150,0.033249,-0.090908,-0.062807,-0.001389,0.018237,-0.000376
38.938951,-1.466029,0.209583,-0.776505,-0.320799,-0.777299,0.702362,0.495470,-0.057241,-0.400620,0.324303,-0.277294,-0.413110,0.581091,0.265973,-0.691170,0.097622,1.300008,-2.042472,-2.420404,1.580411,0.911182,-0.054150,0.033249,-0.090908,-0.062807,-0.001389,0.018237,-0.000376
38.940083,-1.465697,0.207686,-0.769902,-0.319999,-0.778510,0.702415,0.494644,-0.068161,-0.392410,0.313762,-0.282619,-0.412425,0.580881,0.266072,-0.691222,0.097654,1.299919,-2.042534,-2.420401,1.580426,0.911181,-0.053441,0.032236,-0.089925,-0.062485,-0.000719,0.018271,-0.000780
38.941051,-1.464691,0.208402,-0.767388,-0.318857,-0.777044,0.703133,0.495049,-0.081966,-0.381538,0.300069,-0.289909,-0.411432,0.580652,0.266210,-0.691273,0.097687,1.299822,-2.042594,-2.420397,1.580442,0.911186,-0.052993,0.032799,-0.092093,-0.061841,0.000460,0.018115,0.000876
38.941988,-1.462980,0.205610,-0.766954,-0.317457,-0.778348,0.704715,0.494801,-0.096573,-0.369875,0.285443,-0.297702,-0.410336,0.580389,0.266378,-0.691327,0.097716,1.299730,-2.042656,-2.420401,1.580456,0.911184,-0.052859,0.032079,-0.092224,-0.061498,-0.000997,0.017313,0.000049
38.943097,-1.459647,0.210422,-0.761494,-0.316451,-0.778098,0.705440,0.495433,-0.124472,-0.348142,0.257635,-0.311386,-0.408271,0.579761,0.266707,-0.691435,0.097778,1.299544,-2.042780,-2.420400,1.580481,0.911183,-0.054092,0.030311,-0.092951,-0.060942,0.000068,0.014852,-0.000721
38.944009,-1.460680,0.210622,-0.760409,-0.316644,-0.777687,0.704572,0.495259,-0.124472,-0.348142,0.257635,-0.311386,-0.408271,0.579761,0.266707,-0.691435,0.097778,1.299544,-2.042780,-2.420400,1.580481,0.911183,-0.054092,0.030311,-0.092951,-0.060942,0.000068,0.014852,-0.000721
38.944955,-1.455197,0.212185,-0.758933,-0.314320,-0.778163,0.705026,0.494367,-0.137260,-0.337120,0.244908,-0.317793,-0.407300,0.579583,0.266850,-0.691486,0.097807,1.299453,-2.042835,-2.420400,1.580497,0.911182,-0.052944,0.029880,-0.092385,-0.059411,-0.000345,0.015641,-0.000352
38.946131,-1.453542,0.210342,-0.756245,-0.313147,-0.777968,0.704692,0.495500,-0.150499,-0.324531,0.231708,-0.324635,-0.406261,0.579514,0.266995,-0.691543,0.097836,1.299361,-2.042897,-2.420400,1.580510,0.911187,-0.055026,0.028743,-0.092013,-0.060263,0.000132,0.015097,0.001423
38.947080,-1.454562,0.207924,-0.751291,-0.311490,-0.778103,0.704613,0.495464,-0.174197,-0.301024,0.208421,-0.334639,-0.404481,0.579287,0.267248,-0.691651,0.097898,1.299171,-2.043015,-2.420400,1.580537,0.911182,-0.054018,0.030147,-0.093578,-0.060262,0.000069,0.015350,-0.000766
38.948084,-1.452267,0.209656,-0.746717,-0.310477,-0.777620,0.705903,0.494942,-0.174197,-0.301024,0.208421,-0.334639,-0.404481,0.579287,0.267248,-0.691651,0.097898,1.299171,-2.043015,-2.420400,1.580537,0.911182,-0.054018,0.030147,-0.093578,-0.060262,0.000069,0.015350,-0.000766
38.949071,-1.449531,0.207934,-0.743449,-0.310277,-0.777700,0.705925,0.495927,-0.182346,-0.293505,0.200711,-0.336120,-0.403935,0.578985,0.267343,-0.691707,0.097925,1.299074,-2.043075,-2.420401,1.580551,0.911185,-0.054510,0.028939,-0.094698,-0.059844,-0.000405,0.013966,0.000276
38.950075,-1.447959,0.206312,-0.741776,-0.309043,-0.778398,0.706944,0.494759,-0.186676,-0.289087,0.196857,-0.336353,-0.403589,0.578730,0.267436,-0.691765,0.097956,1.298978,-2.043132,-2.420402,1.580564,0.911180,-0.055182,0.029447,-0.095177,-0.058666,-0.000312,0.013877,-0.001704
38.950968,-1.446976,0.206506,-0.739242,-0.308153,-0.779096,0.705743,0.496002,-0.184728,-0.288542,0.199629,-0.336207,-0.403219,0.578563,0.267639,-0.691876,0.098011,1.298789,-2.043244,-2.420398,1.580586,0.911180,-0.055126,0.029485,-0.095003,-0.058095,0.001052,0.013939,-0.001861
38.952100,-1.443465,0.208602,-0.736294,-0.304837,-0.779654,0.706546,0.495084,-0.184728,-0.288542,0.199629,-0.336207,-0.403219,0.578563,0.267639,-0.691876,0.098011,1.298789,-2.043244,-2.420398,1.580586,0.911180,-0.055126,0.029485,-0.095003,-0.058095,0.001052,0.013939,-0.001861
38.953148,-1.442155,0.210630,-0.735021,-0.304357,-0.778558,0.707699,0.495580,-0.182104,-0.290643,0.202735,-0.335069,-0.403168,0.578364,0.267759,-0.691934,0.098036,1.298692,-2.043308,-2.420397,1.580593,0.911184,-0.056198,0.028134,-0.095311,-0.059905,0.001601,0.013071,0.000002
38.953958,-1.436180,0.207980,-0.735119,-0.303983,-0.777765,0.707689,0.495011,-0.180180,-0.292576,0.205292,-0.332661,-0.403254,0.578011,0.267894,-0.691990,0.098060,1.298597,-2.043364,-2.420398,1.580603,0.911184,-0.056171,0.026829,-0.094808,-0.059003,0.000494,0.011860,-0.001019
38.954987,-1.434016,0.205376,-0.731367,-0.302508,-0.778756,0.708215,0.495837,-0.179503,-0.293341,0.206676,-0.330198,-0.403364,0.577635,0.268048,-0.692053,0.098091,1.298506,-2.043418,-2.420401,1.580617,0.911189,-0.058418,0.027811,-0.093660,-0.058092,-0.000266,0.011797,0.000124
38.955979,-1.432736,0.206001,-0.732136,-0.302698,-0.777125,0.708418,0.495182,-0.178133,-0.294464,0.208765,-0.328352,-0.403468,0.577376,0.268216,-0.692112,0.098121,1.298410,-2.043475,-2.420399,1.580623,0.911184,-0.058775,0.028747,-0.094403,-0.058212,0.000726,0.011230,-0.001538
38.956961,-1.429339,0.208690,-0.728491,-0.301254,-0.779657,0.707550,0.494750,-0.175537,-0.296837,0.212130,-0.327070,-0.403555,0.577216,0.268386,-0.692171,0.098148,1.298322,-2.043528,-2.420403,1.580633,0.911186,-0.058709,0.028100,-0.092932,-0.056725,-0.000890,0.010967,-0.000207
38.958030,-1.425524,0.202838,-0.724226,-0.297631,-0.779409,0.708151,0.494881,-0.174009,-0.298478,0.214473,-0.327052,-0.403491,0.577106,0.268558,-0.692233,0.098172,1.298227,-2.043585,-2.420397,1.580645,0.911190,-0.059665,0.026454,-0.093639,-0.056830,0.001623,0.011774,0.000639
38.959074,-1.423868,0.202426,-0.725558,-0.300017,-0.778106,0.708621,0.494987,-0.172097,-0.300429,0.217353,-0.326927,-0.403465,0.577019,0.268719,-0.692297,0.098206,1.298129,-2.043647,-2.420397,1.580657,0.911187,-0.060813,0.029016,-0.094604,-0.058981,0.001348,0.011089,0.000379
38.960043,-1.420799,0.205788,-0.723461,-0.297109,-0.777343,0.708611,0.494756,-0.167501,-0.305192,0.223154,-0.325370,-0.403672,0.576940,0.268839,-0.692359,0.098236,1.298042,-2.043693,-2.420400,1.580667,0.911188,-0.060884,0.028839,-0.092860,-0.055418,0.000057,0.010561,0.000162
38.961073,-1.415977,0.205699,-0.718871,-0.297802,-0.777789,0.707487,0.495547,-0.162844,-0.310606,0.229125,-0.324070,-0.403878,0.576899,0.268917,-0.692422,0.098260,1.297949,-2.043753,-2.420401,1.580679,0.911188,-0.061671,0.026843,-0.092814,-0.056956,-0.000685,0.010504,0.000632
38.962026,-1.411794,0.204307,-0.716742,-0.295359,-0.778397,0.706853,0.494601,-0.159175,-0.314637,0.234099,-0.324105,-0.403966,0.576985,0.268955,-0.692490,0.098286,1.297852,-2.043803,-2.420402,1.580693,0.911185,-0.063270,0.026590,-0.093954,-0.055031,-0.000220,0.011552,-0.000960
38.962969,-1.408872,0.203273,-0.714495,-0.294962,-0.779250,0.707480,0.495631,-0.144267,-0.324914,0.251617,-0.325702,-0.404326,0.577842,0.268907,-0.692623,0.098343,1.297666,-2.043915,-2.420399,1.580715,0.911182,-0.065221,0.027135,-0.093900,-0.055189,0.001215,0.011412,-0.001121
38.964094,-1.406690,0.205430,-0.715425,-0.294125,-0.778724,0.706486,0.495227,-0.144267,-0.324914,0.251617,-0.325702,-0.404326,0.577842,0.268907,-0.692623,0.098343,1.297666,-2.043915,-2.420399,1.580715,0.911182,-0.065221,0.027135,-0.093900,-0.055189,0.001215,0.011412,-0.001121
38.964960,-1.401990,0.200341,-0.710279,-0.293761,-0.778655,0.706194,0.494302,-0.134272,-0.331513,0.263061,-0.326002,-0.404625,0.578379,0.268858,-0.692689,0.098367,1.297579,-2.043970,-2.420399,1.580729,0.911185,-0.065509,0.025743,-0.092372,-0.054701,0.000675,0.012339,-0.000297
38.965949,-1.401446,0.201690,-0.707478,-0.293052,-0.779403,0.705925,0.494685,-0.125056,-0.337725,0.273796,-0.326334,-0.404876,0.578861,0.268832,-0.692761,0.098400,1.297484,-2.044022,-2.420400,1.580740,0.911189,-0.067011,0.027935,-0.093845,-0.053817,0.000618,0.012555,0.001549
38.966976,-1.398640,0.196460,-0.704124,-0.291098,-0.778233,0.705865,0.494360,-0.103052,-0.354229,0.298983,-0.325776,-0.405535,0.579746,0.268869,-0.692897,0.098458,1.297295,-2.044130,-2.420400,1.580764,0.911189,-0.067052,0.029176,-0.094637,-0.053898,0.000186,0.012738,0.001420
38.968105,-1.397703,0.197294,-0.704102,-0.288370,-0.778060,0.705037,0.493801,-0.103052,-0.354229,0.298983,-0.325776,-0.405535,0.579746,0.268869,-0.692897,0.098458,1.297295,-2.044130,-2.420400,1.580764,0.911189,-0.067052,0.029176,-0.094637,-0.053898,0.000186,0.012738,0.001420
38.969135,-1.394788,0.195299,-0.698519,-0.289033,-0.778931,0.706534,0.494969,-0.091666,-0.365472,0.312309,-0.322204,-0.406092,0.579756,0.268907,-0.692962,0.098485,1.297202,-2.044187,-2.420401,1.580777,0.911192,-0.066730,0.028411,-0.093516,-0.055273,0.000038,0.013495,0.002530
38.970020,-1.391958,0.192829,-0.698231,-0.287782,-0.779157,0.706123,0.493807,-0.081903,-0.378022,0.324370,-0.315364,-0.406803,0.579282,0.268933,-0.693032,0.098513,1.297106,-2.044236,-2.420398,1.580785,0.911186,-0.067354,0.029079,-0.095180,-0.053398,0.000889,0.011924,0.000184
38.971053,-1.391137,0.194298,-0.697820,-0.286056,-0.778096,0.706030,0.495061,-0.072674,-0.391481,0.336081,-0.306842,-0.407576,0.578604,0.268929,-0.693101,0.098543,1.297013,-2.044289,-2.420397,1.580799,0.911191,-0.067937,0.029961,-0.094190,-0.053388,0.001100,0.012270,0.002533
38.972116,-1.389143,0.196153,-0.697392,-0.285810,-0.777908,0.704825,0.494451,-0.063152,-0.415205,0.351032,-0.287021,-0.408907,0.576561,0.268871,-0.693236,0.098595,1.296829,-2.044395,-2.420399,1.580828,0.911191,-0.067727,0.027648,-0.092405,-0.052823,-0.000137,0.013408,0.001238
38.972993,-1.386288,0.196623,-0.693722,-0.283911,-0.778653,0.704294,0.495560,-0.063152,-0.415205,0.351032,-0.287021,-0.408907,0.576561,0.268871,-0.693236,0.098595,1.296829,-2.044395,-2.420399,1.580828,0.911191,-0.067727,0.027648,-0.092405,-0.052823,-0.000137,0.013408,0.001238
38.974071,-1.385389,0.195707,-0.690576,-0.283631,-0.778001,0.705115,0.495109,-0.067806,-0.420916,0.349217,-0.276891,-0.409229,0.575088,0.268845,-0.693305,0.098620,1.296736,-2.044449,-2.420398,1.580840,0.911186,-0.068330,0.027125,-0.093134,-0.053441,0.000610,0.013859,-0.000997
38.975048,-1.383942,0.197376,-0.689113,-0.283376,-0.779235,0.704866,0.494277,-0.076267,-0.423294,0.343582,-0.266953,-0.409404,0.573506,0.268826,-0.693372,0.098648,1.296640,-2.044500,-2.420400,1.580849,0.911187,-0.067963,0.027254,-0.093552,-0.052473,-0.000040,0.012970,-0.000066
38.975970,-1.380798,0.195393,-0.686877,-0.281849,-0.778426,0.705086,0.495315,-0.087004,-0.422990,0.335596,-0.257809,-0.409440,0.571958,0.268831,-0.693439,0.098672,1.296550,-2.044549,-2.420395,1.580866,0.911191,-0.067885,0.026111,-0.093197,-0.051550,0.001165,0.013127,0.001589
38.977044,-1.377051,0.196063,-0.682422,-0.280953,-0.777724,0.705576,0.494752,-0.099631,-0.420149,0.325603,-0.249860,-0.409317,0.570491,0.268865,-0.693508,0.098700,1.296457,-2.044600,-2.420399,1.580880,0.911187,-0.068639,0.026790,-0.093206,-0.051860,0.000373,0.012818,-0.000508
38.977999,-1.378033,0.195453,-0.679376,-0.279407,-0.778472,0.706254,0.495019,-0.111573,-0.416630,0.316153,-0.242483,-0.409169,0.569178,0.268909,-0.693578,0.098726,1.296360,-2.044649,-2.420401,1.580892,0.911189,-0.069669,0.026129,-0.094278,-0.051574,-0.000307,0.012251,0.000640
38.978987,-1.376657,0.195201,-0.674647,-0.278313,-0.777667,0.703619,0.494573,-0.120948,-0.413762,0.309076,-0.235106,-0.409095,0.568068,0.268954,-0.693646,0.098752,1.296267,-2.044701,-2.420400,1.580903,0.911188,-0.068344,0.026125,-0.094671,-0.051875,0.000443,0.011506,0.000096
38.980028,-1.378780,0.190458,-0.673252,-0.278938,-0.778975,0.703215,0.494128,-0.128734,-0.411430,0.303427,-0.227105,-0.409093,0.567014,0.268999,-0.693713,0.098779,1.296166,-2.044753,-2.420402,1.580922,0.911190,-0.068235,0.025934,-0.095834,-0.051715,-0.000354,0.014061,0.000992
38.981070,-1.375406,0.192018,-0.672069,-0.278628,-0.779022,0.704059,0.495252,-0.136441,-0.409614,0.297763,-0.218313,-0.409091,0.565840,0.269041,-0.693777,0.098810,1.296073,-2.044800,-2.420400,1.580937,0.911195,-0.066398,0.027946,-0.095402,-0.049947,0.000952,0.014350,0.001865
38.982052,-1.374050,0.188485,-0.666752,-0.278992,-0.778555,0.704291,0.494636,-0.145582,-0.407696,0.290539,-0.209739,-0.408937,0.564525,0.269065,-0.693845,0.098836,1.295979,-2.044849,-2.420400,1.580948,0.911188,-0.067288,0.026823,-0.094865,-0.049110,0.000987,0.013429,-0.000388
38.982951,-1.371258,0.189732,-0.664029,-0.277844,-0.779472,0.703501,0.495627,-0.162837,-0.404063,0.276296,-0.197175,-0.408124,0.562343,0.269048,-0.693981,0.098891,1.295784,-2.044941,-2.420398,1.580976,0.911185,-0.067728,0.027308,-0.096556,-0.047694,0.001430,0.013835,-0.001122
38.984057,-1.370059,0.189292,-0.661130,-0.279143,-0.778775,0.702413,0.494469,-0.162837,-0.404063,0.276296,-0.197175,-0.408124,0.562343,0.269048,-0.693981,0.098891,1.295784,-2.044941,-2.420398,1.580976,0.911185,-0.067728,0.027308,-0.096556,-0.047694,0.001430,0.013835,-0.001122
38.985031,-1.370448,0.188171,-0.657159,-0.279395,-0.777484,0.702609,0.494785,-0.167802,-0.403264,0.272349,-0.193412,-0.407602,0.561735,0.269042,-0.694048,0.098917,1.295685,-2.044982,-2.420399,1.580991,0.911190,-0.067515,0.027225,-0.096818,-0.045385,0.000725,0.014835,0.001214
38.986029,-1.367045,0.186679,-0.655967,-0.278437,-0.777801,0.703220,0.494948,-0.171657,-0.401741,0.269124,-0.192163,-0.406905,0.561446,0.269068,-0.694114,0.098945,1.295586,-2.045023,-2.420403,1.581005,0.911190,-0.066523,0.027457,-0.097617,-0.044155,-0.000533,0.014545,0.000553
38.987065,-1.362506,0.185887,-0.656102,-0.278390,-0.777208,0.703535,0.494964,-0.175188,-0.399393,0.265882,-0.193229,-0.406025,0.561389,0.269115,-0.694184,0.098973,1.295489,-2.045067,-2.420400,1.581017,0.911188,-0.067409,0.027872,-0.097039,-0.044062,-0.000229,0.013858,0.000236
38.987975,-1.360248,0.186010,-0.648248,-0.276275,-0.777743,0.703630,0.495344,-0.178280,-0.396931,0.262872,-0.195462,-0.405070,0.561461,0.269157,-0.694255,0.098999,1.295396,-2.045108,-2.420402,1.581032,0.911189,-0.068829,0.027949,-0.095850,-0.043115,-0.000814,0.013456,0.000205
38.989019,-1.360445,0.185317,-0.646964,-0.277080,-0.777629,0.703774,0.494185,-0.179270,-0.395498,0.261799,-0.197760,-0.404207,0.561669,0.269184,-0.694325,0.099025,1.295293,-2.045155,-2.420401,1.581045,0.911186,-0.069107,0.027573,-0.098570,-0.044136,-0.000278,0.013288,-0.000550
38.989998,-1.355052,0.183529,-0.648355,-0.277286,-0.777595,0.703165,0.495132,-0.177063,-0.395706,0.263778,-0.199367,-0.403547,0.562020,0.269201,-0.694389,0.099052,1.295196,-2.045193,-2.420401,1.581057,0.911194,-0.068221,0.027596,-0.098022,-0.042375,-0.000400,0.013066,0.001767
38.990956,-1.353653,0.186072,-0.643644,-0.276731,-0.777949,0.703626,0.494975,-0.173827,-0.396320,0.266661,-0.200998,-0.402944,0.562434,0.269220,-0.694465,0.099082,1.295104,-2.045234,-2.420402,1.581072,0.911188,-0.070042,0.028138,-0.096212,-0.041203,-0.000417,0.013594,-0.000144
38.992095,-1.353819,0.183675,-0.641256,-0.276648,-0.778382,0.703761,0.494808,-0.171293,-0.396067,0.268723,-0.203630,-0.402255,0.562895,0.269246,-0.694533,0.099104,1.295005,-2.045274,-2.420400,1.581083,0.911188,-0.069899,0.026575,-0.097402,-0.040799,-0.000075,0.013055,0.000191
38.993003,-1.351600,0.181869,-0.641108,-0.275663,-0.777409,0.704180,0.495217,-0.169788,-0.394556,0.269670,-0.207210,-0.401485,0.563387,0.269285,-0.694601,0.099132,1.294906,-2.045312,-2.420397,1.581096,0.911190,-0.068991,0.027462,-0.097394,-0.039968,0.000328,0.012849,0.000516
38.993959,-1.348838,0.182742,-0.640370,-0.274921,-0.778015,0.704115,0.495298,-0.170455,-0.391976,0.268472,-0.210943,-0.400661,0.563734,0.269340,-0.694672,0.099160,1.294812,-2.045351,-2.420400,1.581103,0.911191,-0.069266,0.028025,-0.096334,-0.040031,-0.000628,0.012382,-0.000316
38.995034,-1.346671,0.181033,-0.631885,-0.275089,-0.778195,0.704628,0.495204,-0.174368,-0.388503,0.264151,-0.213969,-0.399825,0.563768,0.269401,-0.694741,0.099185,1.294719,-2.045389,-2.420399,1.581116,0.911190,-0.069825,0.027287,-0.095592,-0.039856,-0.000022,0.012373,-0.000469
38.995977,-1.342014,0.183171,-0.631497,-0.275656,-0.777052,0.705430,0.494811,-0.181515,-0.382540,0.256064,-0.219112,-0.398477,0.563742,0.269513,-0.694886,0.099235,1.294520,-2.045459,-2.420400,1.581138,0.911189,-0.071498,0.026461,-0.097642,-0.037434,-0.000987,0.010918,0.000518
38.997001,-1.340620,0.180659,-0.627178,-0.276294,-0.777663,0.706136,0.494438,-0.181515,-0.382540,0.256064,-0.219112,-0.398477,0.563742,0.269513,-0.694886,0.099235,1.294520,-2.045459,-2.420400,1.581138,0.911189,-0.071498,0.026461,-0.097642,-0.037434,-0.000987,0.010918,0.000518
38.998044,-1.334136,0.176267,-0.627610,-0.275438,-0.778793,0.707171,0.495361,-0.179762,-0.380858,0.256917,-0.223862,-0.397944,0.564287,0.269577,-0.694957,0.099265,1.294420,-2.045492,-2.420400,1.581147,0.911192,-0.071325,0.027379,-0.098611,-0.035987,-0.000367,0.010160,0.001254
38.998944,-1.332563,0.178730,-0.625722,-0.275490,-0.777659,0.707832,0.495116,-0.164820,-0.382832,0.269381,-0.237006,-0.397186,0.566320,0.269726,-0.695109,0.099318,1.294230,-2.045560,-2.420400,1.581162,0.911190,-0.073539,0.027682,-0.097055,-0.035182,-0.000388,0.008375,-0.000097
39.000131,-1.328198,0.177345,-0.621051,-0.273398,-0.777204,0.709099,0.494524,-0.153606,-0.386196,0.279236,-0.243407,-0.397048,0.567493,0.269790,-0.695187,0.099346,1.294132,-2.045597,-2.420400,1.581170,0.911195,-0.074799,0.028058,-0.098223,-0.036389,-0.000828,0.007051,0.001074
39.001051,-1.328162,0.177208,-0.619011,-0.276206,-0.777504,0.708720,0.494677,-0.153606,-0.386196,0.279236,-0.243407,-0.397048,0.567493,0.269790,-0.695187,0.099346,1.294132,-2.045597,-2.420400,1.581170,0.911195,-0.074799,0.028058,-0.098223,-0.036389,-0.000828,0.007051,0.001074
39.001956,-1.319753,0.180689,-0.620838,-0.275303,-0.777925,0.708944,0.494918,-0.141044,-0.390046,0.290398,-0.249506,-0.397029,0.568718,0.269826,-0.695260,0.099373,1.294034,-2.045625,-2.420400,1.581177,0.911192,-0.073915,0.027800,-0.098052,-0.032876,-0.000529,0.007410,0.000766
39.002995,-1.318752,0.175428,-0.617691,-0.275249,-0.776433,0.708993,0.495892,-0.129021,-0.392321,0.300891,-0.256884,-0.396919,0.570058,0.269818,-0.695344,0.099394,1.293941,-2.045656,-2.420399,1.581184,0.911193,-0.077153,0.025792,-0.096006,-0.033064,-0.000114,0.007137,0.000275
39.003975,-1.318727,0.175926,-0.616144,-0.276853,-0.776972,0.708768,0.495321,-0.118698,-0.392180,0.309560,-0.265607,-0.396658,0.571454,0.269750,-0.695421,0.099425,1.293845,-2.045686,-2.420404,1.581193,0.911190,-0.076696,0.028084,-0.096456,-0.032389,-0.001570,0.007032,-0.001674
39.005070,-1.313716,0.177547,-0.615431,-0.276687,-0.776437,0.708672,0.495819,-0.105612,-0.386705,0.319114,-0.284582,-0.395639,0.573848,0.269477,-0.695575,0.099473,1.293657,-2.045741,-2.420402,1.581204,0.911190,-0.077387,0.026419,-0.095311,-0.029640,-0.001585,0.007289,-0.001517
39.005990,-1.309125,0.174872,-0.617126,-0.277041,-0.777966,0.707882,0.495106,-0.105612,-0.386705,0.319114,-0.284582,-0.395639,0.573848,0.269477,-0.695575,0.099473,1.293657,-2.045741,-2.420402,1.581204,0.911190,-0.077387,0.026419,-0.095311,-0.029640,-0.001585,0.007289,-0.001517
39.006970,-1.304643,0.178950,-0.615369,-0.277651,-0.777856,0.707968,0.495873,-0.106490,-0.370863,0.314526,-0.306391,-0.393725,0.575675,0.269199,-0.695737,0.099522,1.293474,-2.045792,-2.420400,1.581220,0.911187,-0.079970,0.025118,-0.093157,-0.027435,-0.000180,0.007897,-0.001620
39.007945,-1.303176,0.176128,-0.611075,-0.276891,-0.777221,0.708255,0.495566,-0.106490,-0.370863,0.314526,-0.306391,-0.393725,0.575675,0.269199,-0.695737,0.099522,1.293474,-2.045792,-2.420400,1.581220,0.911187,-0.079970,0.025118,-0.093157,-0.027435,-0.000180,0.007897,-0.001620
39.008985,-1.304160,0.179045,-0.613417,-0.277347,-0.777471,0.708508,0.495074,-0.109944,-0.359874,0.309194,-0.317666,-0.392608,0.576504,0.269085,-0.695818,0.099549,1.293380,-2.045821,-2.420400,1.581228,0.911189,-0.079713,0.026238,-0.094192,-0.027512,-0.000821,0.007558,-0.000994
39.010088,-1.296916,0.179297,-0.610816,-0.277260,-0.778287,0.708669,0.495692,-0.115964,-0.346919,0.301377,-0.328221,-0.391438,0.577155,0.269006,-0.695893,0.099570,1.293293,-2.045845,-2.420400,1.581234,0.911190,-0.078310,0.024498,-0.091936,-0.026477,-0.000562,0.007274,-0.000010
39.011009,-1.293181,0.176258,-0.607330,-0.277115,-0.778591,0.708335,0.494290,-0.126735,-0.330890,0.288986,-0.337850,-0.390156,0.577487,0.268984,-0.695981,0.099593,1.293200,-2.045870,-2.420399,1.581241,0.911189,-0.080921,0.024106,-0.092147,-0.025957,0.000252,0.007072,-0.001263
39.012056,-1.289718,0.175701,-0.602449,-0.278593,-0.777280,0.707771,0.494524,-0.138264,-0.314070,0.275970,-0.346373,-0.388938,0.577729,0.269009,-0.696066,0.099622,1.293107,-2.045894,-2.420397,1.581249,0.911195,-0.081752,0.025300,-0.092785,-0.025548,0.000536,0.007362,0.001558
39.013011,-1.290135,0.175250,-0.598554,-0.278894,-0.777943,0.706482,0.495183,-0.144757,-0.300282,0.268013,-0.353616,-0.388007,0.578186,0.269058,-0.696150,0.099647,1.293011,-2.045914,-2.420400,1.581258,0.911195,-0.082478,0.025264,-0.094078,-0.023560,-0.000761,0.007871,0.001055
39.013991,-1.284993,0.173980,-0.599014,-0.278651,-0.778017,0.706010,0.494221,-0.142531,-0.282348,0.267271,-0.366368,-0.386806,0.579882,0.269128,-0.696314,0.099697,1.292826,-2.045958,-2.420400,1.581276,0.911195,-0.082872,0.025532,-0.093549,-0.022475,-0.000018,0.009526,0.001685
39.015010,-1.282089,0.173977,-0.599262,-0.277595,-0.777663,0.704860,0.494923,-0.139288,-0.276207,0.269308,-0.370699,-0.386430,0.580639,0.269146,-0.696398,0.099723,1.292735,-2.045982,-2.420400,1.581288,0.911192,-0.083308,0.025209,-0.092336,-0.022949,-0.000376,0.010612,0.000263
39.016033,-1.279759,0.173610,-0.598916,-0.276961,-0.778345,0.707064,0.494642,-0.139288,-0.276207,0.269308,-0.370699,-0.386430,0.580639,0.269146,-0.696398,0.099723,1.292735,-2.045982,-2.420400,1.581288,0.911192,-0.083308,0.025209,-0.092336,-0.022949,-0.000376,0.010612,0.000263
39.017056,-1.277107,0.172395,-0.595624,-0.277217,-0.777360,0.706082,0.494834,-0.138281,-0.270586,0.269468,-0.372396,-0.386177,0.580982,0.269160,-0.696481,0.099749,1.292647,-2.046005,-2.420398,1.581294,0.911194,-0.083472,0.025092,-0.091450,-0.023029,0.000301,0.008338,0.000835
39.018118,-1.274166,0.171019,-0.593686,-0.279135,-0.778400,0.705176,0.494754,-0.140304,-0.265027,0.266967,-0.371518,-0.386021,0.580881,0.269178,-0.696566,0.099774,1.292552,-2.046025,-2.420400,1.581306,0.911192,-0.083782,0.025399,-0.091976,-0.022289,-0.000685,0.009276,0.000451
39.019079,-1.267204,0.168902,-0.593435,-0.278372,-0.776886,0.705300,0.494476,-0.143720,-0.260014,0.263327,-0.369469,-0.385916,0.580564,0.269204,-0.696652,0.099800,1.292461,-2.046040,-2.420397,1.581320,0.911193,-0.084228,0.025769,-0.091843,-0.019984,0.000352,0.010098,0.000610
39.019971,-1.265877,0.170611,-0.593072,-0.279238,-0.777495,0.704776,0.494898,-0.146358,-0.256444,0.260623,-0.367552,-0.385841,0.580279,0.269243,-0.696745,0.099827,1.292372,-2.046062,-2.420401,1.581329,0.911195,-0.086604,0.026509,-0.090888,-0.020266,-0.001149,0.009913,0.001161
39.021083,-1.259142,0.171341,-0.591131,-0.279234,-0.777264,0.703836,0.494908,-0.148062,-0.254278,0.259011,-0.365981,-0.385789,0.580074,0.269284,-0.696831,0.099850,1.292283,-2.046079,-2.420400,1.581342,0.911194,-0.086216,0.025363,-0.090003,-0.018967,-0.000526,0.010365,0.000310
39.022099,-1.257756,0.167960,-0.592202,-0.278781,-0.777118,0.703493,0.494965,-0.150230,-0.252070,0.257056,-0.365080,-0.385690,0.579926,0.269313,-0.696925,0.099875,1.292194,-2.046096,-2.420400,1.581354,0.911195,-0.088480,0.024703,-0.089921,-0.018571,-0.000766,0.011233,0.000295
39.023162,-1.252763,0.168960,-0.590984,-0.278725,-0.777408,0.703352,0.494911,-0.158144,-0.247560,0.250037,-0.363108,-0.385402,0.579353,0.269300,-0.697107,0.099927,1.292022,-2.046131,-2.420400,1.581376,0.911194,-0.089472,0.025267,-0.087921,-0.018232,-0.000617,0.011577,0.000293
39.024146,-1.249953,0.166602,-0.589080,-0.278414,-0.778168,0.703426,0.495030,-0.158144,-0.247560,0.250037,-0.363108,-0.385402,0.579353,0.269300,-0.697107,0.099927,1.292022,-2.046131,-2.420400,1.581376,0.911194,-0.089472,0.025267,-0.087921,-0.018232,-0.000617,0.011577,0.000293
39.024998,-1.244087,0.167923,-0.590703,-0.278993,-0.777795,0.704101,0.496139,-0.164450,-0.246122,0.244464,-0.360506,-0.385300,0.578668,0.269263,-0.697199,0.099956,1.291936,-2.046149,-2.420400,1.581389,0.911195,-0.089764,0.026121,-0.087842,-0.018115,0.000140,0.011424,0.000048
39.026075,-1.238976,0.166565,-0.588887,-0.279581,-0.779028,0.703568,0.494966,-0.171415,-0.245463,0.238345,-0.357008,-0.385256,0.577784,0.269212,-0.697294,0.099978,1.291853,-2.046163,-2.420400,1.581399,0.911189,-0.091575,0.025177,-0.086019,-0.017210,-0.000236,0.010683,-0.002169
39.027007,-1.235586,0.167177,-0.586799,-0.280016,-0.778018,0.704139,0.494895,-0.184503,-0.245348,0.227001,-0.350906,-0.385201,0.575983,0.269137,-0.697484,0.100026,1.291683,-2.046190,-2.420400,1.581421,0.911195,-0.093530,0.024973,-0.085950,-0.015539,-0.000023,0.010514,0.000318
39.028012,-1.232372,0.166670,-0.585082,-0.277655,-0.778188,0.702548,0.495271,-0.184503,-0.245348,0.227001,-0.350906,-0.385201,0.575983,0.269137,-0.697484,0.100026,1.291683,-2.046190,-2.420400,1.581421,0.911195,-0.093530,0.024973,-0.085950,-0.015539,-0.000023,0.010514,0.000318
39.029009,-1.233400,0.168401,-0.583768,-0.277152,-0.778934,0.703958,0.494650,-0.189084,-0.246284,0.223289,-0.348168,-0.385257,0.575149,0.269125,-0.697578,0.100052,1.291598,-2.046211,-2.420400,1.581433,0.911193,-0.094006,0.024921,-0.085789,-0.017413,0.000159,0.012058,-0.000433
39.030104,-1.228915,0.165094,-0.580456,-0.279009,-0.777503,0.703727,0.495450,-0.194836,-0.247200,0.218634,-0.343351,-0.385448,0.573994,0.269106,-0.697669,0.100075,1.291513,-2.046229,-2.420398,1.581442,0.911199,-0.092387,0.023774,-0.085425,-0.017473,0.000889,0.010563,0.000808
39.031011,-1.227329,0.162198,-0.580092,-0.279068,-0.778584,0.704886,0.494749,-0.203297,-0.247140,0.211503,-0.336677,-0.385685,0.572467,0.269074,-0.697765,0.100102,1.291426,-2.046239,-2.420401,1.581451,0.911193,-0.093498,0.025118,-0.086051,-0.015351,-0.000532,0.010753,-0.000798
39.032016,-1.225590,0.160967,-0.575627,-0.278791,-0.778666,0.705968,0.494513,-0.212465,-0.247043,0.203756,-0.329816,-0.385884,0.570841,0.269031,-0.697859,0.100132,1.291346,-2.046252,-2.420399,1.581460,0.911195,-0.093153,0.026210,-0.085256,-0.014994,0.000552,0.009531,0.000625
39.033013,-1.221686,0.160568,-0.573571,-0.279875,-0.777855,0.706464,0.494660,-0.220730,-0.248211,0.197010,-0.322861,-0.386085,0.569218,0.268981,-0.697952,0.100160,1.291258,-2.046267,-2.420397,1.581464,0.911198,-0.092906,0.026476,-0.086456,-0.014919,0.000609,0.008426,0.001076
39.034074,-1.221766,0.158296,-0.574274,-0.279606,-0.777260,0.705501,0.494152,-0.227109,-0.250843,0.192204,-0.315835,-0.386338,0.567706,0.268919,-0.698045,0.100185,1.291172,-2.046277,-2.420399,1.581475,0.911197,-0.093750,0.026374,-0.086431,-0.013566,-0.000196,0.007869,0.000776
39.035140,-1.215473,0.158775,-0.574065,-0.279673,-0.777945,0.705105,0.495255,-0.238831,-0.256550,0.183682,-0.302748,-0.386747,0.564941,0.268759,-0.698232,0.100239,1.291007,-2.046303,-2.420398,1.581494,0.911193,-0.094621,0.026614,-0.084196,-0.013171,-0.000099,0.009119,-0.000415
39.036034,-1.216070,0.156935,-0.569601,-0.279582,-0.778102,0.704580,0.494455,-0.238831,-0.256550,0.183682,-0.302748,-0.386747,0.564941,0.268759,-0.698232,0.100239,1.291007,-2.046303,-2.420398,1.581494,0.911193,-0.094621,0.026614,-0.084196,-0.013171,-0.000099,0.009119,-0.000415
39.037086,-1.215712,0.157235,-0.568605,-0.279991,-0.778287,0.705591,0.494343,-0.246404,-0.258391,0.177848,-0.295856,-0.386880,0.563464,0.268673,-0.698322,0.100267,1.290920,-2.046315,-2.420397,1.581505,0.911199,-0.093207,0.027214,-0.085408,-0.012979,0.000037,0.009583,0.001198
39.038059,-1.209297,0.156643,-0.561684,-0.280838,-0.777926,0.706104,0.495102,-0.254931,-0.259456,0.171152,-0.288459,-0.387006,0.561914,0.268589,-0.698413,0.100293,1.290835,-2.046324,-2.420398,1.581511,0.911198,-0.092301,0.026741,-0.084867,-0.012332,0.000236,0.008517,0.001413
39.039088,-1.205056,0.157058,-0.566766,-0.283080,-0.778999,0.706304,0.494775,-0.267802,-0.260048,0.161840,-0.276020,-0.387207,0.559542,0.268418,-0.698609,0.100345,1.290664,-2.046336,-2.420397,1.581529,0.911198,-0.095302,0.026202,-0.083709,-0.008947,0.000942,0.007705,0.000556
39.039993,-1.205885,0.153264,-0.560095,-0.279877,-0.777349,0.706640,0.495027,-0.267802,-0.260048,0.161840,-0.276020,-0.387207,0.559542,0.268418,-0.698609,0.100345,1.290664,-2.046336,-2.420397,1.581529,0.911198,-0.095302,0.026202,-0.083709,-0.008947,0.000942,0.007705,0.000556
39.041155,-1.205038,0.153590,-0.557065,-0.282168,-0.777706,0.706684,0.495088,-0.272750,-0.259844,0.160298,-0.267836,-0.387352,0.558373,0.268291,-0.698791,0.100403,1.290486,-2.046357,-2.420400,1.581543,0.911195,-0.093108,0.027240,-0.086456,-0.009362,-0.000326,0.007242,-0.000069
39.041983,-1.199550,0.153753,-0.555262,-0.282900,-0.777666,0.705301,0.494634,-0.272750,-0.259844,0.160298,-0.267836,-0.387352,0.558373,0.268291,-0.698791,0.100403,1.290486,-2.046357,-2.420400,1.581543,0.911195,-0.093108,0.027240,-0.086456,-0.009362,-0.000326,0.007242,-0.000069
39.043016,-1.199765,0.146723,-0.558090,-0.283251,-0.778554,0.706036,0.495314,-0.274480,-0.260582,0.162109,-0.259408,-0.387565,0.557430,0.268242,-0.698981,0.100467,1.290322,-2.046370,-2.420399,1.581560,0.911193,-0.093457,0.029942,-0.083956,-0.007972,0.000519,0.007784,-0.000523
39.044070,-1.193962,0.149723,-0.556140,-0.285207,-0.778374,0.706020,0.494534,-0.274480,-0.260582,0.162109,-0.259408,-0.387565,0.557430,0.268242,-0.698981,0.100467,1.290322,-2.046370,-2.420399,1.581560,0.911193,-0.093457,0.029942,-0.083956,-0.007972,0.000519,0.007784,-0.000523
39.044965,-1.195342,0.151335,-0.552772,-0.286328,-0.778780,0.705684,0.495378,-0.276585,-0.260761,0.161701,-0.256173,-0.387495,0.556913,0.268228,-0.699081,0.100491,1.290239,-2.046372,-2.420400,1.581568,0.911199,-0.095189,0.028113,-0.083953,-0.005960,0.000336,0.007756,0.001042
39.046068,-1.188050,0.148723,-0.554147,-0.285952,-0.777567,0.704642,0.494169,-0.280810,-0.258996,0.158920,-0.255135,-0.387170,0.556476,0.268225,-0.699169,0.100517,1.290154,-2.046376,-2.420398,1.581580,0.911196,-0.093410,0.027000,-0.084620,-0.004745,0.000733,0.008026,-0.000667
39.047069,-1.181660,0.148260,-0.549407,-0.285591,-0.777858,0.704231,0.494496,-0.292215,-0.250210,0.149712,-0.258668,-0.386070,0.556008,0.268245,-0.699373,0.100576,1.289986,-2.046387,-2.420399,1.581597,0.911198,-0.097833,0.027836,-0.084303,-0.005241,-0.000182,0.009379,0.001100
39.048011,-1.185399,0.143299,-0.547707,-0.284546,-0.778825,0.704513,0.494574,-0.292215,-0.250210,0.149712,-0.258668,-0.386070,0.556008,0.268245,-0.699373,0.100576,1.289986,-2.046387,-2.420399,1.581597,0.911198,-0.097833,0.027836,-0.084303,-0.005241,-0.000182,0.009379,0.001100
39.049077,-1.181174,0.145998,-0.547574,-0.285658,-0.777655,0.704264,0.494201,-0.293685,-0.248998,0.149308,-0.258992,-0.385841,0.555840,0.268231,-0.699464,0.100609,1.289903,-2.046395,-2.420397,1.581604,0.911196,-0.094829,0.029949,-0.084133,-0.006100,0.000767,0.009045,0.000955
39.050073,-1.176563,0.140806,-0.544631,-0.287184,-0.778047,0.704546,0.494672,-0.294883,-0.249990,0.149337,-0.256613,-0.385864,0.555362,0.268208,-0.699562,0.100634,1.289823,-2.046397,-2.420401,1.581613,0.911201,-0.095798,0.028261,-0.083231,-0.004910,-0.000380,0.009244,0.001692
39.051035,-1.172407,0.141251,-0.545452,-0.287458,-0.779026,0.705722,0.494786,-0.297842,-0.254757,0.148755,-0.250321,-0.386046,0.554044,0.268161,-0.699763,0.100696,1.289659,-2.046398,-2.420398,1.581626,0.911197,-0.097777,0.029901,-0.082322,-0.003102,0.000984,0.007699,0.000527
39.052073,-1.169996,0.143186,-0.542489,-0.289160,-0.777123,0.705921,0.494391,-0.297842,-0.254757,0.148755,-0.250321,-0.386046,0.554044,0.268161,-0.699763,0.100696,1.289659,-2.046398,-2.420398,1.581626,0.911197,-0.097777,0.029901,-0.082322,-0.003102,0.000984,0.007699,0.000527
39.053099,-1.167046,0.140244,-0.543021,-0.287400,-0.778379,0.706453,0.494009,-0.297536,-0.258003,0.149927,-0.249006,-0.386076,0.553625,0.268129,-0.699861,0.100721,1.289578,-2.046397,-2.420403,1.581633,0.911198,-0.097791,0.028623,-0.082855,-0.001416,-0.000902,0.007464,0.001323
39.054016,-1.165860,0.141426,-0.540213,-0.288043,-0.778456,0.707204,0.494193,-0.298001,-0.259877,0.150076,-0.249214,-0.385992,0.553331,0.268112,-0.699960,0.100754,1.289499,-2.046401,-2.420400,1.581641,0.911200,-0.098087,0.029722,-0.081617,-0.003095,0.000356,0.006884,0.002079
39.055017,-1.158418,0.136836,-0.539619,-0.288513,-0.776566,0.706503,0.495383,-0.303650,-0.261109,0.145470,-0.248341,-0.385841,0.552372,0.268079,-0.700163,0.100817,1.289337,-2.046403,-2.420404,1.581654,0.911196,-0.099986,0.030677,-0.081379,-0.001929,-0.001443,0.006764,-0.000683
39.056018,-1.153967,0.139123,-0.537936,-0.290056,-0.778471,0.706851,0.494800,-0.303650,-0.261109,0.145470,-0.248341,-0.385841,0.552372,0.268079,-0.700163,0.100817,1.289337,-2.046403,-2.420404,1.581654,0.911196,-0.099986,0.030677,-0.081379,-0.001929,-0.001443,0.006764,-0.000683
39.056958,-1.154306,0.134738,-0.536872,-0.289641,-0.777459,0.706926,0.494990,-0.304589,-0.262765,0.144843,-0.247664,-0.385874,0.551992,0.268034,-0.700266,0.100843,1.289255,-2.046399,-2.420400,1.581662,0.911199,-0.100960,0.029191,-0.081252,-0.000469,0.000454,0.006360,0.000504
39.058052,-1.147300,0.133976,-0.533130,-0.289630,-0.779120,0.706346,0.495148,-0.303292,-0.265245,0.146185,-0.247613,-0.385932,0.551816,0.267990,-0.700361,0.100876,1.289177,-2.046400,-2.420402,1.581665,0.911198,-0.099622,0.031016,-0.080837,-0.000867,-0.000564,0.006269,0.000113
39.059053,-1.143352,0.135629,-0.533670,-0.291291,-0.777655,0.707348,0.495902,-0.294669,-0.274203,0.154512,-0.246182,-0.386364,0.551670,0.267898,-0.700571,0.100935,1.289013,-2.046395,-2.420400,1.581677,0.911196,-0.102607,0.029831,-0.080461,0.000666,-0.000396,0.005764,-0.001713
39.060014,-1.138350,0.135658,-0.536544,-0.289919,-0.777370,0.707523,0.495659,-0.294669,-0.274203,0.154512,-0.246182,-0.386364,0.551670,0.267898,-0.700571,0.100935,1.289013,-2.046395,-2.420400,1.581677,0.911196,-0.102607,0.029831,-0.080461,0.000666,-0.000396,0.005764,-0.001713
39.061049,-1.138085,0.133059,-0.532935,-0.292303,-0.777329,0.708404,0.494907,-0.283906,-0.280731,0.164401,-0.246318,-0.386884,0.551959,0.267853,-0.700777,0.100997,1.288860,-2.046392,-2.420400,1.581683,0.911200,-0.102748,0.030392,-0.079018,0.001630,-0.000700,0.004674,0.000290
39.061972,-1.135023,0.131315,-0.531153,-0.290974,-0.778207,0.708201,0.495250,-0.283906,-0.280731,0.164401,-0.246318,-0.386884,0.551959,0.267853,-0.700777,0.100997,1.288860,-2.046392,-2.420400,1.581683,0.911200,-0.102748,0.030392,-0.079018,0.001630,-0.000700,0.004674,0.000290
39.062958,-1.129336,0.132488,-0.530565,-0.292197,-0.777764,0.707701,0.494559,-0.281686,-0.281300,0.166079,-0.246935,-0.387017,0.552038,0.267871,-0.700882,0.101029,1.288782,-2.046394,-2.420400,1.581688,0.911199,-0.103038,0.030877,-0.078961,0.000315,0.000180,0.004859,-0.000411
39.064020,-1.124269,0.129491,-0.533692,-0.291699,-0.777485,0.707461,0.494669,-0.280017,-0.281470,0.167257,-0.247207,-0.387170,0.552105,0.267888,-0.700989,0.101055,1.288704,-2.046391,-2.420400,1.581694,0.911202,-0.104600,0.029963,-0.078312,0.001469,-0.000268,0.005328,0.000978
39.064940,-1.121225,0.130826,-0.534429,-0.292771,-0.778432,0.707676,0.495405,-0.278656,-0.281223,0.168272,-0.247066,-0.387361,0.552180,0.267880,-0.701099,0.101088,1.288632,-2.046391,-2.420400,1.581699,0.911201,-0.105817,0.031088,-0.075872,0.000954,-0.000545,0.005532,0.000746
39.066081,-1.114490,0.129518,-0.525739,-0.293031,-0.776812,0.709374,0.494984,-0.279267,-0.279685,0.167480,-0.246738,-0.387502,0.552167,0.267827,-0.701205,0.101117,1.288561,-2.046387,-2.420399,1.581705,0.911197,-0.106050,0.030051,-0.074666,0.001949,0.000398,0.005278,-0.000723
39.067012,-1.111010,0.128798,-0.527860,-0.292360,-0.777656,0.708958,0.495478,-0.279830,-0.277389,0.166705,-0.246850,-0.387631,0.552256,0.267728,-0.701316,0.101149,1.288478,-2.046383,-2.420402,1.581704,0.911197,-0.108112,0.030339,-0.078051,0.002104,-0.001217,0.003571,0.000142
39.068023,-1.109978,0.127675,-0.524096,-0.293741,-0.777078,0.710081,0.494796,-0.275476,-0.276663,0.170643,-0.247442,-0.387933,0.552757,0.267591,-0.701425,0.101180,1.288406,-2.046382,-2.420400,1.581707,0.911197,-0.108528,0.030323,-0.076080,0.001418,-0.000364,0.003990,-0.000864
39.069068,-1.107680,0.125508,-0.522981,-0.293916,-0.777497,0.709354,0.495517,-0.267312,-0.277508,0.178244,-0.247975,-0.388398,0.553523,0.267432,-0.701532,0.101212,1.288327,-2.046375,-2.420403,1.581710,0.911201,-0.107743,0.030506,-0.077042,0.002634,-0.000933,0.002836,0.000508
39.070037,-1.105594,0.126790,-0.522056,-0.293323,-0.776594,0.710134,0.495520,-0.258669,-0.278602,0.186218,-0.248708,-0.388867,0.554328,0.267261,-0.701639,0.101245,1.288251,-2.046373,-2.420401,1.581715,0.911198,-0.107613,0.031192,-0.076678,0.002767,-0.000519,0.003551,-0.000949
39.071192,-1.099311,0.128216,-0.517918,-0.292811,-0.778110,0.709988,0.494758,-0.251567,-0.279217,0.192617,-0.249475,-0.389269,0.554998,0.267083,-0.701746,0.101273,1.288176,-2.046372,-2.420404,1.581715,0.911196,-0.107369,0.030195,-0.076241,0.002123,-0.001405,0.002757,-0.000935
39.072042,-1.100349,0.122490,-0.519155,-0.293083,-0.777565,0.710820,0.494618,-0.242102,-0.278269,0.200840,-0.248963,-0.390084,0.555808,0.266765,-0.701965,0.101339,1.288022,-2.046369,-2.420404,1.581718,0.911202,-0.107356,0.031587,-0.075826,0.001830,-0.000431,0.002050,0.000848
39.072984,-1.096646,0.121871,-0.515729,-0.294146,-0.779545,0.709991,0.494352,-0.239572,-0.278004,0.202940,-0.247204,-0.390510,0.555885,0.266618,-0.702073,0.101370,1.287943,-2.046363,-2.420399,1.581722,0.911204,-0.107926,0.031500,-0.076617,0.002756,0.001521,0.002870,0.001373
39.073963,-1.093478,0.122675,-0.514309,-0.292912,-0.778129,0.709947,0.495076,-0.238643,-0.278026,0.203557,-0.244855,-0.390914,0.555762,0.266467,-0.702182,0.101398,1.287866,-2.046364,-2.420402,1.581725,0.911200,-0.108204,0.030755,-0.076392,0.001533,0.000102,0.002889,-0.000078
39.075033,-1.091401,0.120755,-0.512731,-0.293876,-0.778921,0.710613,0.494800,-0.238908,-0.277858,0.203064,-0.242150,-0.391329,0.555512,0.266308,-0.702291,0.101432,1.287791,-2.046360,-2.420400,1.581726,0.911200,-0.107932,0.031326,-0.076279,0.002420,0.000893,0.002213,0.000496
39.076038,-1.084857,0.118233,-0.513472,-0.294169,-0.776163,0.710337,0.494091,-0.239993,-0.277398,0.201765,-0.239713,-0.391732,0.555212,0.266145,-0.702399,0.101463,1.287715,-2.046358,-2.420403,1.581730,0.911204,-0.108867,0.031533,-0.076331,0.002706,-0.000162,0.002187,0.002083
39.076970,-1.079279,0.113926,-0.512849,-0.292570,-0.775137,0.711442,0.495422,-0.239686,-0.278026,0.201824,-0.237393,-0.392216,0.554958,0.265967,-0.702509,0.101496,1.287636,-2.046361,-2.420401,1.581727,0.911197,-0.109290,0.032605,-0.077049,0.001222,0.000510,0.000801,-0.000411
39.078061,-1.075926,0.111928,-0.509979,-0.292629,-0.773601,0.711000,0.495049,-0.235838,-0.281382,0.205443,-0.233948,-0.392954,0.554753,0.265772,-0.702616,0.101529,1.287554,-2.046357,-2.420400,1.581730,0.911198,-0.108430,0.032401,-0.079080,0.001269,0.000943,0.000905,0.000570
39.078981,-1.070550,0.111466,-0.512032,-0.293626,-0.771881,0.709054,0.494909,-0.235838,-0.281382,0.205443,-0.233948,-0.392954,0.554753,0.265772,-0.702616,0.101529,1.287554,-2.046357,-2.420400,1.581730,0.911198,-0.108430,0.032401,-0.079080,0.001269,0.000943,0.000905,0.000570
39.079949,-1.070052,0.106785,-0.510561,-0.293789,-0.769114,0.709802,0.495840,-0.228950,-0.286568,0.212073,-0.229811,-0.393902,0.554616,0.265590,-0.702725,0.101558,1.287477,-2.046354,-2.420399,1.581734,0.911204,-0.108784,0.031604,-0.078430,0.002256,0.000886,0.002565,0.001000
39.081028,-1.064654,0.108530,-0.514309,-0.292108,-0.767687,0.710768,0.495547,-0.221768,-0.291308,0.218893,-0.226357,-0.394851,0.554517,0.265440,-0.702827,0.101593,1.287399,-2.046352,-2.420401,1.581731,0.911201,-0.106691,0.032830,-0.079635,0.002414,-0.000106,0.001510,-0.000688
39.082000,-1.060446,0.105000,-0.513331,-0.292213,-0.765668,0.711323,0.495807,-0.217370,-0.293951,0.222874,-0.223444,-0.395693,0.554275,0.265312,-0.702936,0.101620,1.287323,-2.046356,-2.420399,1.581729,0.911201,-0.106895,0.030807,-0.078378,0.000861,0.000423,0.000221,0.000129
39.082983,-1.058526,0.102153,-0.513332,-0.292334,-0.764112,0.711434,0.495717,-0.219840,-0.290891,0.219582,-0.216904,-0.397089,0.553121,0.265075,-0.703145,0.101685,1.287162,-2.046352,-2.420402,1.581727,0.911200,-0.105235,0.031801,-0.079769,0.001121,0.000433,-0.001022,0.000161
39.084059,-1.053670,0.096682,-0.520862,-0.291606,-0.761824,0.710750,0.496117,-0.219840,-0.290891,0.219582,-0.216904,-0.397089,0.553121,0.265075,-0.703145,0.101685,1.287162,-2.046352,-2.420402,1.581727,0.911200,-0.105235,0.031801,-0.079769,0.001121,0.000433,-0.001022,0.000161
39.085066,-1.045270,0.097073,-0.521696,-0.293191,-0.760294,0.710119,0.496327,-0.226182,-0.286492,0.212945,-0.212985,-0.397601,0.552174,0.264975,-0.703248,0.101721,1.287091,-2.046355,-2.420403,1.581728,0.911201,-0.105217,0.033330,-0.076661,0.000523,0.000108,-0.000664,-0.000452
39.085984,-1.040116,0.094833,-0.521453,-0.292008,-0.758620,0.709500,0.495776,-0.237012,-0.280161,0.201979,-0.208938,-0.397887,0.550908,0.264904,-0.703358,0.101749,1.287014,-2.046351,-2.420403,1.581730,0.911200,-0.106990,0.032030,-0.076796,0.002090,0.000421,-0.000356,-0.000670
39.087005,-1.036845,0.091196,-0.519739,-0.291625,-0.755127,0.709015,0.496662,-0.259250,-0.265208,0.179212,-0.203352,-0.398123,0.548598,0.264822,-0.703572,0.101815,1.286854,-2.046352,-2.420405,1.581733,0.911200,-0.106422,0.032769,-0.078666,0.000660,-0.001212,0.000141,-0.000984
39.088027,-1.031764,0.093137,-0.521028,-0.291568,-0.756201,0.708337,0.496205,-0.259250,-0.265208,0.179212,-0.203352,-0.398123,0.548598,0.264822,-0.703572,0.101815,1.286854,-2.046352,-2.420405,1.581733,0.911200,-0.106422,0.032769,-0.078666,0.000660,-0.001212,0.000141,-0.000984
39.088943,-1.025874,0.087469,-0.524786,-0.290440,-0.753547,0.708087,0.496621,-0.266865,-0.258808,0.171195,-0.200497,-0.398342,0.547671,0.264787,-0.703679,0.101841,1.286775,-2.046352,-2.420399,1.581734,0.911201,-0.106534,0.030711,-0.078529,0.000648,0.001702,0.000504,0.000147
39.090039,-1.020927,0.089021,-0.524206,-0.291387,-0.751899,0.707431,0.496379,-0.273428,-0.252415,0.164215,-0.197203,-0.398618,0.546789,0.264769,-0.703787,0.101878,1.286701,-2.046354,-2.420401,1.581734,0.911200,-0.107153,0.032471,-0.077068,-0.000375,0.000702,0.000469,-0.000524
39.090984,-1.017026,0.085563,-0.525016,-0.291481,-0.748903,0.707469,0.496708,-0.279786,-0.245827,0.157441,-0.193462,-0.398932,0.545884,0.264774,-0.703896,0.101903,1.286619,-2.046350,-2.420399,1.581734,0.911204,-0.107077,0.030545,-0.077975,0.000559,0.001039,0.000794,0.000167
39.091968,-1.010570,0.086267,-0.526687,-0.290536,-0.746477,0.706050,0.496665,-0.285852,-0.238617,0.150805,-0.190381,-0.399213,0.545071,0.264804,-0.704001,0.101935,1.286543,-2.046349,-2.420400,1.581734,0.911203,-0.106697,0.031222,-0.078001,0.000686,-0.000237,0.000461,-0.000321
39.093000,-1.005688,0.082344,-0.524519,-0.291072,-0.744762,0.706361,0.495793,-0.291782,-0.230510,0.144087,-0.188381,-0.399431,0.544386,0.264851,-0.704109,0.101964,1.286465,-2.046351,-2.420401,1.581739,0.911201,-0.107529,0.029782,-0.077647,-0.000167,-0.000857,0.001560,-0.000030
39.093989,-1.001988,0.085682,-0.523793,-0.290653,-0.743419,0.706634,0.496677,-0.296577,-0.222410,0.138295,-0.186966,-0.399662,0.543828,0.264904,-0.704216,0.101996,1.286383,-2.046349,-2.420401,1.581737,0.911206,-0.107517,0.030623,-0.079248,0.000391,-0.000685,0.000929,0.001905
39.095219,-0.996552,0.084431,-0.525515,-0.289706,-0.740293,0.706604,0.496777,-0.300119,-0.206397,0.131988,-0.186572,-0.400245,0.543380,0.264995,-0.704431,0.102046,1.286220,-2.046353,-2.420404,1.581736,0.911203,-0.107002,0.027336,-0.079968,-0.000766,-0.001093,0.000017,0.000356
39.095974,-0.992609,0.081979,-0.519970,-0.292738,-0.738718,0.707499,0.497599,-0.300119,-0.206397,0.131988,-0.186572,-0.400245,0.543380,0.264995,-0.704431,0.102046,1.286220,-2.046353,-2.420404,1.581736,0.911203,-0.107002,0.027336,-0.079968,-0.000766,-0.001093,0.000017,0.000356
39.097026,-0.990927,0.078066,-0.523192,-0.290869,-0.737555,0.707247,0.496780,-0.300052,-0.197082,0.130302,-0.188365,-0.400492,0.543533,0.265008,-0.704536,0.102076,1.286133,-2.046345,-2.420404,1.581735,0.911201,-0.106855,0.027654,-0.082813,0.002162,-0.001291,-0.001112,-0.001152
39.097959,-0.985769,0.074596,-0.520600,-0.291646,-0.736228,0.706546,0.497155,-0.297445,-0.188316,0.130885,-0.192124,-0.400666,0.544032,0.264992,-0.704638,0.102108,1.286054,-2.046348,-2.420402,1.581738,0.911205,-0.105279,0.028469,-0.081730,0.000385,-0.000553,-0.001185,0.000701
39.098935,-0.979485,0.072942,-0.523252,-0.290760,-0.733092,0.706568,0.498261,-0.293568,-0.181167,0.132707,-0.196192,-0.400831,0.544579,0.264951,-0.704745,0.102138,1.285967,-2.046346,-2.420400,1.581737,0.911205,-0.105540,0.029150,-0.083356,0.001186,-0.000202,-0.000762,0.000107
39.100045,-0.978247,0.067633,-0.521212,-0.291157,-0.732037,0.705877,0.497661,-0.288499,-0.176460,0.135849,-0.199369,-0.401077,0.545030,0.264878,-0.704854,0.102167,1.285886,-2.046348,-2.420405,1.581737,0.911201,-0.106282,0.028900,-0.082432,0.000390,-0.001525,-0.001089,-0.001919
39.101072,-0.971820,0.064785,-0.520838,-0.289994,-0.729441,0.705614,0.498307,-0.282224,-0.174341,0.140332,-0.201409,-0.401424,0.545349,0.264778,-0.704953,0.102200,1.285797,-2.046346,-2.420403,1.581739,0.911204,-0.104432,0.030361,-0.084002,0.000813,-0.000558,-0.000744,-0.000486
39.101975,-0.964828,0.065628,-0.524675,-0.290579,-0.728991,0.705569,0.497654,-0.274830,-0.175250,0.146115,-0.201644,-0.401912,0.545435,0.264673,-0.705060,0.102231,1.285709,-2.046348,-2.420406,1.581739,0.911201,-0.105226,0.030648,-0.084605,-0.000255,-0.001275,-0.000795,-0.001596
39.103012,-0.959727,0.064542,-0.524026,-0.292242,-0.726814,0.704330,0.497398,-0.266176,-0.178665,0.153345,-0.200278,-0.402537,0.545356,0.264576,-0.705168,0.102258,1.285628,-2.046346,-2.420401,1.581738,0.911205,-0.106415,0.029223,-0.082998,0.000349,-0.000109,-0.001025,-0.000108
39.103995,-0.955148,0.061546,-0.523847,-0.290842,-0.724165,0.703280,0.498258,-0.257551,-0.181950,0.160558,-0.199358,-0.403124,0.545317,0.264511,-0.705275,0.102283,1.285543,-2.046340,-2.420401,1.581739,0.911206,-0.106501,0.028714,-0.083811,0.001944,-0.000413,-0.000097,0.000592
39.104953,-0.947666,0.060743,-0.523782,-0.290296,-0.723439,0.703082,0.497151,-0.249291,-0.184067,0.167264,-0.200042,-0.403586,0.545431,0.264483,-0.705381,0.102313,1.285457,-2.046343,-2.420403,1.581740,0.911201,-0.106406,0.029143,-0.084283,0.000640,-0.001258,0.000645,-0.000943
39.106088,-0.940910,0.061252,-0.527149,-0.290791,-0.720537,0.702890,0.497998,-0.240242,-0.186309,0.174702,-0.200978,-0.404071,0.545621,0.264476,-0.705489,0.102341,1.285372,-2.046343,-2.420401,1.581740,0.911210,-0.107781,0.028488,-0.084672,0.000152,-0.000244,0.000542,0.001458
39.107106,-0.935637,0.060046,-0.525124,-0.290282,-0.719275,0.703170,0.498332,-0.230128,-0.188629,0.183181,-0.201710,-0.404626,0.545886,0.264481,-0.705601,0.102365,1.285290,-2.046342,-2.420403,1.581740,0.911205,-0.108532,0.027114,-0.083627,0.000706,-0.001075,0.000386,-0.000041
39.107996,-0.933148,0.055177,-0.526341,-0.291355,-0.717481,0.701991,0.498346,-0.219676,-0.189762,0.191886,-0.203069,-0.405160,0.546302,0.264480,-0.705708,0.102391,1.285203,-2.046342,-2.420402,1.581739,0.911204,-0.108732,0.026667,-0.085080,0.000257,-0.000478,-0.000204,-0.000499
39.109045,-0.928419,0.050126,-0.523524,-0.290445,-0.714601,0.701800,0.498701,-0.209274,-0.189906,0.200421,-0.205075,-0.405634,0.546824,0.264462,-0.705815,0.102421,1.285117,-2.046339,-2.420402,1.581740,0.911205,-0.107682,0.028100,-0.084703,0.001308,-0.000659,0.000713,-0.000357
39.110064,-0.921526,0.050067,-0.527717,-0.291724,-0.715056,0.700499,0.498169,-0.198632,-0.190858,0.209217,-0.206902,-0.406081,0.547304,0.264421,-0.705924,0.102451,1.285026,-2.046340,-2.420405,1.581740,0.911204,-0.107558,0.029496,-0.086555,0.000468,-0.001606,0.000573,-0.000871
39.110988,-0.918077,0.045508,-0.523327,-0.290138,-0.712799,0.700421,0.499043,-0.175350,-0.197731,0.229307,-0.208877,-0.406991,0.548002,0.264292,-0.706144,0.102506,1.284852,-2.046340,-2.420404,1.581746,0.911202,-0.107901,0.029712,-0.087362,0.000262,0.000125,0.001324,-0.001188
39.112028,-0.911134,0.046134,-0.524716,-0.292016,-0.712391,0.701001,0.499207,-0.175350,-0.197731,0.229307,-0.208877,-0.406991,0.548002,0.264292,-0.706144,0.102506,1.284852,-2.046340,-2.420404,1.581746,0.911202,-0.107901,0.029712,-0.087362,0.000262,0.000125,0.001324,-0.001188
39.112989,-0.910032,0.045918,-0.526147,-0.289272,-0.710136,0.700258,0.497961,-0.161910,-0.203265,0.241416,-0.209285,-0.407469,0.548316,0.264207,-0.706256,0.102532,1.284765,-2.046336,-2.420400,1.581742,0.911201,-0.108873,0.028297,-0.087097,0.002147,0.001589,0.000442,-0.001296
39.113998,-0.907274,0.040533,-0.523292,-0.290847,-0.708779,0.700745,0.499019,-0.148966,-0.208319,0.253163,-0.209719,-0.407881,0.548590,0.264133,-0.706359,0.102559,1.284678,-2.046340,-2.420404,1.581744,0.911207,-0.107075,0.027387,-0.086718,-0.000499,0.001104,0.000895,0.001382
39.115012,-0.900530,0.041533,-0.525023,-0.290575,-0.707425,0.701517,0.498561,-0.139888,-0.211366,0.261283,-0.209488,-0.408168,0.548566,0.264099,-0.706462,0.102591,1.284585,-2.046337,-2.420401,1.581741,0.911203,-0.106081,0.028977,-0.088500,0.001110,0.001563,0.000101,-0.000572
39.116017,-0.896463,0.041003,-0.521775,-0.288995,-0.704827,0.700041,0.498377,-0.133808,-0.213122,0.266597,-0.208841,-0.408351,0.548335,0.264104,-0.706571,0.102615,1.284497,-2.046337,-2.420399,1.581740,0.911208,-0.107030,0.027416,-0.088018,0.000874,0.002039,-0.000975,0.000548
39.117165,-0.889739,0.039452,-0.521779,-0.289124,-0.702815,0.700073,0.499378,-0.128744,-0.213932,0.270982,-0.208260,-0.408482,0.548113,0.264138,-0.706676,0.102640,1.284407,-2.046340,-2.420402,1.581740,0.911209,-0.106649,0.026649,-0.090023,-0.000569,0.001286,0.000214,0.001096
39.118068,-0.888746,0.037730,-0.518255,-0.289765,-0.701878,0.698440,0.498534,-0.123081,-0.214462,0.276063,-0.207051,-0.408679,0.547952,0.264162,-0.706786,0.102666,1.284314,-2.046340,-2.420401,1.581740,0.911205,-0.107409,0.026273,-0.090543,-0.000356,0.001359,-0.000185,-0.000692
39.119021,-0.886050,0.035935,-0.516693,-0.289776,-0.697978,0.698792,0.499210,-0.107896,-0.216002,0.290241,-0.204236,-0.409225,0.547973,0.264113,-0.706990,0.102718,1.284120,-2.046336,-2.420403,1.581744,0.911205,-0.104703,0.026049,-0.093433,0.000306,-0.000096,0.000501,0.000002
39.120025,-0.880813,0.033041,-0.514242,-0.289344,-0.696807,0.697688,0.499049,-0.107896,-0.216002,0.290241,-0.204236,-0.409225,0.547973,0.264113,-0.706990,0.102718,1.284120,-2.046336,-2.420403,1.581744,0.911205,-0.104703,0.026049,-0.093433,0.000306,-0.000096,0.000501,0.000002
39.121135,-0.877883,0.028924,-0.518273,-0.287384,-0.694296,0.697675,0.498750,-0.090915,-0.219023,0.306755,-0.201030,-0.409792,0.548054,0.264063,-0.707196,0.102774,1.283931,-2.046344,-2.420401,1.581742,0.911210,-0.103929,0.027335,-0.093395,-0.001797,0.000065,0.000988,0.001325
39.122119,-0.874000,0.025493,-0.515702,-0.291135,-0.691037,0.698026,0.499586,-0.083856,-0.221910,0.314095,-0.197679,-0.410101,0.547772,0.264070,-0.707300,0.102803,1.283834,-2.046334,-2.420403,1.581745,0.911206,-0.103519,0.027981,-0.094966,0.001830,-0.001388,0.000320,-0.000167
39.123018,-0.868088,0.025305,-0.513730,-0.289222,-0.689682,0.697649,0.498504,-0.077038,-0.225230,0.321290,-0.195240,-0.410285,0.547527,0.264089,-0.707406,0.102827,1.283736,-2.046338,-2.420403,1.581745,0.911211,-0.104201,0.027110,-0.096068,0.000003,-0.001089,0.000430,0.002186
39.124068,-0.863586,0.020460,-0.515348,-0.288458,-0.688109,0.696511,0.499995,-0.077038,-0.225230,0.321290,-0.195240,-0.410285,0.547527,0.264089,-0.707406,0.102827,1.283736,-2.046338,-2.420403,1.581745,0.911211,-0.104201,0.027110,-0.096068,0.000003,-0.001089,0.000430,0.002186
39.125003,-0.864968,0.020673,-0.511928,-0.287631,-0.686837,0.696168,0.500115,-0.068609,-0.229788,0.330138,-0.193114,-0.410474,0.547380,0.264106,-0.707508,0.102857,1.283645,-2.046340,-2.420404,1.581746,0.911206,-0.104033,0.028428,-0.095656,-0.000633,-0.000742,0.001248,-0.000627
39.126101,-0.861360,0.017183,-0.511716,-0.287359,-0.683960,0.695628,0.499585,-0.055614,-0.240390,0.344664,-0.183580,-0.411033,0.546200,0.264138,-0.707702,0.102910,1.283443,-2.046342,-2.420405,1.581746,0.911207,-0.100514,0.027924,-0.097989,-0.001560,-0.001194,0.001503,0.000618
39.127038,-0.855167,0.016189,-0.514054,-0.288324,-0.682922,0.696287,0.499654,-0.054211,-0.244086,0.347183,-0.176936,-0.411215,0.545092,0.264211,-0.707804,0.102937,1.283349,-2.046338,-2.420404,1.581746,0.911207,-0.101354,0.027406,-0.097027,-0.000625,-0.000518,0.000546,0.000647
39.128014,-0.858772,0.011695,-0.510116,-0.287698,-0.681018,0.695561,0.499631,-0.054211,-0.244086,0.347183,-0.176936,-0.411215,0.545092,0.264211,-0.707804,0.102937,1.283349,-2.046338,-2.420404,1.581746,0.911207,-0.101354,0.027406,-0.097027,-0.000625,-0.000518,0.000546,0.000647
39.129131,-0.852106,0.006963,-0.509204,-0.287583,-0.680456,0.695384,0.500304,-0.056355,-0.246108,0.346265,-0.170448,-0.411205,0.543789,0.264337,-0.707891,0.102969,1.283244,-2.046340,-2.420404,1.581746,0.911208,-0.097351,0.028568,-0.099167,-0.001173,-0.000653,0.000983,0.000874
39.129975,-0.851761,0.010398,-0.507492,-0.288668,-0.678253,0.695122,0.500567,-0.067335,-0.249298,0.338127,-0.156752,-0.410879,0.540631,0.264681,-0.708087,0.103022,1.283041,-2.046340,-2.420400,1.581747,0.911204,-0.096318,0.027099,-0.100844,-0.000073,0.000104,0.000813,-0.000616
39.131154,-0.844404,0.004251,-0.503948,-0.287798,-0.675092,0.694645,0.499630,-0.067335,-0.249298,0.338127,-0.156752,-0.410879,0.540631,0.264681,-0.708087,0.103022,1.283041,-2.046340,-2.420400,1.581747,0.911204,-0.096318,0.027099,-0.100844,-0.000073,0.000104,0.000813,-0.000616
39.131951,-0.841240,0.003624,-0.504192,-0.289156,-0.674734,0.693353,0.500656,-0.072957,-0.250407,0.333906,-0.151296,-0.410583,0.539197,0.264890,-0.708185,0.103052,1.282933,-2.046342,-2.420404,1.581747,0.911210,-0.097518,0.028990,-0.103033,-0.000841,-0.000877,0.000932,0.001487
39.132974,-0.839047,-0.002851,-0.503201,-0.288330,-0.673860,0.694039,0.500242,-0.075362,-0.252519,0.332755,-0.147219,-0.410286,0.538102,0.265121,-0.708281,0.103078,1.282831,-2.046339,-2.420399,1.581752,0.911205,-0.097031,0.028377,-0.102816,0.000522,0.000192,0.001960,-0.000434
39.134012,-0.837588,-0.002625,-0.497282,-0.287280,-0.670513,0.693395,0.500399,-0.074657,-0.256346,0.334590,-0.144020,-0.410024,0.537245,0.265353,-0.708373,0.103112,1.282726,-2.046341,-2.420396,1.581749,0.911208,-0.095865,0.030484,-0.103530,-0.000217,0.001149,0.000958,0.000609
39.135030,-0.835405,-0.003946,-0.496519,-0.288619,-0.669437,0.693213,0.500825,-0.072287,-0.261932,0.338100,-0.140440,-0.409871,0.536402,0.265582,-0.708465,0.103139,1.282612,-2.046343,-2.420402,1.581752,0.911208,-0.094325,0.029252,-0.106641,-0.001152,-0.000273,0.001279,0.000479
39.136027,-0.831755,-0.005501,-0.496557,-0.288362,-0.667678,0.693453,0.500554,-0.068908,-0.268490,0.342670,-0.136261,-0.409840,0.535545,0.265806,-0.708557,0.103168,1.282503,-2.046341,-2.420401,1.581752,0.911206,-0.093159,0.028827,-0.107151,0.000218,0.000518,0.001144,-0.000178
39.137028,-0.830163,-0.008528,-0.496508,-0.289817,-0.664688,0.692686,0.500973,-0.066519,-0.273798,0.346240,-0.132832,-0.409746,0.534725,0.266030,-0.708650,0.103197,1.282396,-2.046342,-2.420401,1.581751,0.911208,-0.092759,0.028529,-0.107278,0.000014,0.000569,0.000605,0.000560
39.137977,-0.824223,-0.008960,-0.495214,-0.289061,-0.663707,0.692575,0.500041,-0.067074,-0.276584,0.346828,-0.130987,-0.409434,0.533900,0.266261,-0.708738,0.103225,1.282287,-2.046339,-2.420405,1.581753,0.911207,-0.091354,0.028970,-0.107438,0.001481,-0.000571,0.001062,-0.000095
39.139075,-0.818720,-0.012422,-0.494432,-0.288068,-0.662833,0.692646,0.501575,-0.074820,-0.276198,0.341184,-0.131518,-0.408195,0.532257,0.266699,-0.708925,0.103283,1.282065,-2.046344,-2.420403,1.581752,0.911207,-0.092539,0.028723,-0.108759,-0.000056,0.001296,0.000477,-0.000932
39.139990,-0.822188,-0.014452,-0.491006,-0.289043,-0.659481,0.692529,0.501064,-0.074820,-0.276198,0.341184,-0.131518,-0.408195,0.532257,0.266699,-0.708925,0.103283,1.282065,-2.046344,-2.420403,1.581752,0.911207,-0.092539,0.028723,-0.108759,-0.000056,0.001296,0.000477,-0.000932
39.141006,-0.815936,-0.019094,-0.486626,-0.288222,-0.658237,0.691711,0.501617,-0.078591,-0.275717,0.338459,-0.131669,-0.407569,0.531437,0.266851,-0.709006,0.103313,1.281954,-2.046340,-2.420406,1.581751,0.911211,-0.088767,0.028701,-0.110463,0.000892,-0.000385,0.000321,0.000291
39.142026,-0.814282,-0.020867,-0.487403,-0.287761,-0.656820,0.691256,0.501477,-0.082074,-0.275886,0.336065,-0.131142,-0.406986,0.530566,0.266947,-0.709096,0.103346,1.281836,-2.046341,-2.420402,1.581752,0.911208,-0.089713,0.029887,-0.112711,0.000151,0.000205,0.000829,-0.000635
39.143072,-0.809519,-0.024657,-0.485604,-0.287122,-0.655331,0.690285,0.500989,-0.083838,-0.282234,0.336997,-0.125580,-0.406312,0.528677,0.267014,-0.709270,0.103408,1.281608,-2.046342,-2.420401,1.581753,0.911212,-0.088493,0.030405,-0.113440,-0.000813,0.001051,0.001620,0.001021
39.144044,-0.808444,-0.026636,-0.486848,-0.289214,-0.653429,0.690641,0.501347,-0.084363,-0.287101,0.338126,-0.120840,-0.406125,0.527543,0.267036,-0.709353,0.103438,1.281494,-2.046336,-2.420401,1.581753,0.911209,-0.086921,0.030314,-0.112837,0.001210,0.000911,0.000954,0.000484
39.144994,-0.809601,-0.025443,-0.482675,-0.287820,-0.651935,0.689955,0.501290,-0.084363,-0.287101,0.338126,-0.120840,-0.406125,0.527543,0.267036,-0.709353,0.103438,1.281494,-2.046336,-2.420401,1.581753,0.911209,-0.086921,0.030314,-0.112837,0.001210,0.000911,0.000954,0.000484
39.146021,-0.804712,-0.030155,-0.477508,-0.289071,-0.649426,0.691040,0.501077,-0.088130,-0.289977,0.336024,-0.116709,-0.405756,0.526278,0.267067,-0.709432,0.103466,1.281376,-2.046339,-2.420400,1.581752,0.911209,-0.084312,0.028666,-0.114902,-0.000082,0.001135,0.001366,0.000786
39.147053,-0.802908,-0.031569,-0.478247,-0.287893,-0.647776,0.690645,0.502118,-0.100563,-0.290055,0.326500,-0.111402,-0.404595,0.523875,0.267097,-0.709597,0.103527,1.281136,-2.046339,-2.420404,1.581752,0.911207,-0.083373,0.029497,-0.117167,0.000122,0.000765,0.000043,-0.000489
39.148014,-0.798308,-0.035673,-0.474704,-0.289619,-0.645874,0.692104,0.500953,-0.100563,-0.290055,0.326500,-0.111402,-0.404595,0.523875,0.267097,-0.709597,0.103527,1.281136,-2.046339,-2.420404,1.581752,0.911207,-0.083373,0.029497,-0.117167,0.000122,0.000765,0.000043,-0.000489
39.149113,-0.797459,-0.034910,-0.468000,-0.286976,-0.644704,0.690602,0.502156,-0.104445,-0.290195,0.323788,-0.109947,-0.403996,0.523019,0.267058,-0.709682,0.103561,1.281011,-2.046334,-2.420404,1.581747,0.911213,-0.083590,0.030456,-0.118841,0.001804,0.000609,-0.001699,0.002042
39.150129,-0.794194,-0.035389,-0.472269,-0.287185,-0.642096,0.690036,0.501076,-0.105034,-0.291379,0.324193,-0.108946,-0.403480,0.522476,0.266988,-0.709759,0.103585,1.280879,-2.046339,-2.420401,1.581754,0.911206,-0.081831,0.028951,-0.122214,-0.000682,0.001429,-0.000546,-0.000174
39.151053,-0.789546,-0.041422,-0.472597,-0.288255,-0.641179,0.690805,0.501230,-0.103706,-0.292767,0.326517,-0.107314,-0.403099,0.522064,0.266906,-0.709841,0.103615,1.280762,-2.046338,-2.420403,1.581753,0.911213,-0.081346,0.028097,-0.120085,-0.000426,0.000666,-0.000290,0.002197
39.152009,-0.785741,-0.044800,-0.475165,-0.288332,-0.638877,0.689968,0.501835,-0.104495,-0.292357,0.326869,-0.105205,-0.402677,0.521523,0.266834,-0.709922,0.103648,1.280642,-2.046335,-2.420404,1.581750,0.911211,-0.081661,0.030061,-0.119826,0.000650,0.001464,-0.001338,0.002049
39.153049,-0.781985,-0.047376,-0.469284,-0.288974,-0.636376,0.689011,0.501568,-0.108117,-0.290470,0.324484,-0.103556,-0.402081,0.520846,0.266776,-0.710004,0.103680,1.280525,-2.046335,-2.420404,1.581751,0.911207,-0.081491,0.030652,-0.118508,0.000770,0.000883,-0.000785,0.001031
39.154089,-0.778703,-0.049192,-0.470410,-0.288772,-0.633765,0.689591,0.502954,-0.116237,-0.286841,0.318567,-0.102682,-0.400582,0.519589,0.266733,-0.710166,0.103741,1.280278,-2.046333,-2.420406,1.581752,0.911207,-0.080723,0.030580,-0.120919,0.001276,-0.000418,-0.001060,-0.000829
39.155007,-0.776663,-0.053265,-0.466581,-0.288403,-0.632954,0.688836,0.502594,-0.118320,-0.285888,0.317302,-0.103255,-0.399812,0.519175,0.266731,-0.710243,0.103774,1.280152,-2.046333,-2.420402,1.581752,0.911210,-0.079774,0.031553,-0.122660,0.000960,0.000411,-0.000576,0.000089
39.156058,-0.773000,-0.055619,-0.463760,-0.289221,-0.629572,0.688147,0.503605,-0.118320,-0.285888,0.317302,-0.103255,-0.399812,0.519175,0.266731,-0.710243,0.103774,1.280152,-2.046333,-2.420402,1.581752,0.911210,-0.079774,0.031553,-0.122660,0.000960,0.000411,-0.000576,0.000089
39.156959,-0.770186,-0.059482,-0.461481,-0.288597,-0.629713,0.687757,0.502796,-0.118553,-0.286133,0.317734,-0.103810,-0.399105,0.518861,0.266719,-0.710322,0.103806,1.280023,-2.046329,-2.420405,1.581755,0.911206,-0.079479,0.031566,-0.124028,0.001754,-0.001044,-0.000223,-0.001745
39.157988,-0.772262,-0.060617,-0.458982,-0.287876,-0.627611,0.688076,0.502925,-0.115756,-0.288248,0.321013,-0.104310,-0.398507,0.518695,0.266706,-0.710400,0.103840,1.279897,-2.046331,-2.420402,1.581756,0.911211,-0.078937,0.032437,-0.124955,0.001205,0.000738,-0.000117,0.000062
39.159079,-0.763919,-0.060007,-0.454705,-0.287528,-0.624912,0.687382,0.503438,-0.108053,-0.294673,0.329634,-0.102801,-0.397597,0.518212,0.266727,-0.710553,0.103902,1.279637,-2.046331,-2.420404,1.581756,0.911210,-0.077871,0.030376,-0.128276,0.000278,-0.000214,-0.000388,-0.000839
39.159993,-0.763534,-0.062153,-0.454228,-0.288647,-0.622860,0.686696,0.502234,-0.108053,-0.294673,0.329634,-0.102801,-0.397597,0.518212,0.266727,-0.710553,0.103902,1.279637,-2.046331,-2.420404,1.581756,0.911210,-0.077871,0.030376,-0.128276,0.000278,-0.000214,-0.000388,-0.000839
39.161012,-0.759614,-0.066234,-0.451339,-0.287371,-0.620737,0.686077,0.503561,-0.103515,-0.296971,0.334603,-0.101741,-0.397233,0.518045,0.266740,-0.710624,0.103932,1.279510,-2.046327,-2.420404,1.581755,0.911217,-0.076138,0.030436,-0.128294,0.001373,-0.000597,0.000024,0.001750
39.162036,-0.758655,-0.067453,-0.452336,-0.288412,-0.619005,0.686493,0.502970,-0.098362,-0.298431,0.340110,-0.101349,-0.396872,0.518000,0.266749,-0.710699,0.103965,1.279377,-2.046330,-2.420403,1.581756,0.911213,-0.076064,0.031337,-0.129616,0.000184,-0.000870,0.000324,-0.000746
39.162956,-0.759460,-0.069904,-0.447720,-0.286870,-0.617165,0.685144,0.503129,-0.093543,-0.298011,0.345775,-0.100762,-0.395977,0.517557,0.266686,-0.710837,0.104025,1.279114,-2.046329,-2.420402,1.581754,0.911216,-0.072270,0.031013,-0.131074,-0.000223,-0.000910,0.000679,0.000500
39.164039,-0.754758,-0.072483,-0.443713,-0.286476,-0.614287,0.685581,0.503999,-0.093543,-0.298011,0.345775,-0.100762,-0.395977,0.517557,0.266686,-0.710837,0.104025,1.279114,-2.046329,-2.420402,1.581754,0.911216,-0.072270,0.031013,-0.131074,-0.000223,-0.000910,0.000679,0.000500
39.164945,-0.753370,-0.075806,-0.443634,-0.287505,-0.613540,0.686066,0.503440,-0.097674,-0.294437,0.343027,-0.097310,-0.395057,0.516240,0.266418,-0.710979,0.104089,1.278844,-2.046327,-2.420404,1.581754,0.911215,-0.071379,0.031751,-0.132716,0.000498,-0.000887,-0.000867,0.000274
39.165968,-0.753027,-0.075350,-0.445531,-0.286774,-0.611799,0.685613,0.503765,-0.097674,-0.294437,0.343027,-0.097310,-0.395057,0.516240,0.266418,-0.710979,0.104089,1.278844,-2.046327,-2.420404,1.581754,0.911215,-0.071379,0.031751,-0.132716,0.000498,-0.000887,-0.000867,0.000274
39.167177,-0.748690,-0.078864,-0.443407,-0.287613,-0.609322,0.685398,0.503761,-0.111349,-0.286125,0.330960,-0.094288,-0.393812,0.514419,0.266033,-0.711112,0.104148,1.278580,-2.046325,-2.420403,1.581754,0.911215,-0.069617,0.030923,-0.132892,0.000696,-0.001059,-0.000877,0.000046
39.168006,-0.750308,-0.079457,-0.438007,-0.287695,-0.608353,0.684567,0.504604,-0.111349,-0.286125,0.330960,-0.094288,-0.393812,0.514419,0.266033,-0.711112,0.104148,1.278580,-2.046325,-2.420403,1.581754,0.911215,-0.069617,0.030923,-0.132892,0.000696,-0.001059,-0.000877,0.000046
39.169041,-0.744639,-0.082972,-0.436417,-0.285869,-0.606845,0.683817,0.504660,-0.123964,-0.278022,0.319088,-0.094349,-0.392877,0.513352,0.265826,-0.711175,0.104180,1.278442,-2.046324,-2.420402,1.581753,0.911212,-0.067101,0.030220,-0.135136,0.000807,-0.000526,-0.000282,-0.001488
39.170066,-0.742552,-0.084969,-0.432993,-0.286584,-0.605634,0.685443,0.504864,-0.136498,-0.269604,0.307234,-0.094806,-0.391942,0.512334,0.265608,-0.711242,0.104211,1.278306,-2.046328,-2.420402,1.581754,0.911212,-0.067998,0.030850,-0.135771,-0.000895,-0.000147,0.000142,-0.001384
39.171060,-0.743121,-0.089263,-0.434382,-0.287725,-0.602680,0.684538,0.504725,-0.153201,-0.257830,0.291827,-0.094037,-0.390600,0.510639,0.265215,-0.711369,0.104276,1.278032,-2.046326,-2.420404,1.581753,0.911212,-0.064928,0.031743,-0.136388,0.001058,-0.000631,-0.001189,-0.001126
39.172022,-0.742915,-0.090470,-0.432832,-0.287396,-0.601685,0.684342,0.504215,-0.153201,-0.257830,0.291827,-0.094037,-0.390600,0.510639,0.265215,-0.711369,0.104276,1.278032,-2.046326,-2.420404,1.581753,0.911212,-0.064928,0.031743,-0.136388,0.001058,-0.000631,-0.001189,-0.001126
39.173043,-0.738049,-0.091379,-0.426188,-0.288070,-0.599692,0.682920,0.504872,-0.162085,-0.251961,0.283455,-0.094530,-0.389821,0.509826,0.265113,-0.711427,0.104307,1.277891,-2.046327,-2.420403,1.581754,0.911215,-0.063256,0.031251,-0.136873,0.000808,0.000130,-0.001299,0.000073
39.174053,-0.733294,-0.093669,-0.429521,-0.286233,-0.598198,0.682978,0.504505,-0.181383,-0.238504,0.264866,-0.098136,-0.387906,0.508355,0.265071,-0.711556,0.104367,1.277610,-2.046330,-2.420403,1.581754,0.911216,-0.064248,0.030640,-0.138056,-0.000182,0.000337,-0.000556,-0.000129
39.175091,-0.730037,-0.093286,-0.424318,-0.285291,-0.596436,0.682613,0.504587,-0.187160,-0.233191,0.259397,-0.099397,-0.387111,0.507850,0.265075,-0.711621,0.104395,1.277465,-2.046331,-2.420403,1.581755,0.911216,-0.063921,0.029347,-0.140451,-0.001046,0.000462,-0.000513,-0.000102
39.176017,-0.729608,-0.098512,-0.421946,-0.284529,-0.594326,0.682100,0.505471,-0.187160,-0.233191,0.259397,-0.099397,-0.387111,0.507850,0.265075,-0.711621,0.104395,1.277465,-2.046331,-2.420403,1.581755,0.911216,-0.063921,0.029347,-0.140451,-0.001046,0.000462,-0.000513,-0.000102
39.177109,-0.727035,-0.099781,-0.428174,-0.286825,-0.592768,0.681396,0.505188,-0.190099,-0.229605,0.256825,-0.098655,-0.386568,0.507364,0.265073,-0.711679,0.104431,1.277322,-2.046333,-2.420403,1.581754,0.911210,-0.062383,0.030871,-0.141242,-0.001687,0.000039,-0.000271,-0.001689
39.178054,-0.720091,-0.103442,-0.428338,-0.287705,-0.588926,0.680652,0.506178,-0.193044,-0.226512,0.254280,-0.096531,-0.386102,0.506754,0.265073,-0.711736,0.104460,1.277187,-2.046328,-2.420401,1.581755,0.911215,-0.061044,0.029553,-0.138937,0.000217,0.001141,0.000349,-0.000300
39.179029,-0.714141,-0.110795,-0.424558,-0.287665,-0.586785,0.680960,0.506304,-0.207073,-0.214682,0.240616,-0.095925,-0.384475,0.505396,0.265135,-0.711864,0.104523,1.276902,-2.046325,-2.420405,1.581755,0.911212,-0.062450,0.031417,-0.141838,0.000417,-0.000010,0.000669,-0.001006
39.180002,-0.713045,-0.111753,-0.425799,-0.287168,-0.585807,0.681537,0.506202,-0.207073,-0.214682,0.240616,-0.095925,-0.384475,0.505396,0.265135,-0.711864,0.104523,1.276902,-2.046325,-2.420405,1.581755,0.911212,-0.062450,0.031417,-0.141838,0.000417,-0.000010,0.000669,-0.001006
39.180984,-0.708199,-0.117785,-0.426263,-0.286883,-0.581581,0.681741,0.507293,-0.210379,-0.209375,0.237004,-0.096872,-0.382940,0.504747,0.265198,-0.711979,0.104584,1.276618,-2.046329,-2.420406,1.581753,0.911212,-0.060438,0.031217,-0.142112,-0.000841,-0.000341,-0.000199,-0.001451
39.182092,-0.701590,-0.122656,-0.424936,-0.288033,-0.580390,0.680883,0.507073,-0.210379,-0.209375,0.237004,-0.096872,-0.382940,0.504747,0.265198,-0.711979,0.104584,1.276618,-2.046329,-2.420406,1.581753,0.911212,-0.060438,0.031217,-0.142112,-0.000841,-0.000341,-0.000199,-0.001451
39.183010,-0.694417,-0.123289,-0.426975,-0.288150,-0.577656,0.681486,0.507995,-0.203057,-0.212610,0.243981,-0.094918,-0.381885,0.504423,0.265208,-0.712105,0.104642,1.276327,-2.046329,-2.420402,1.581754,0.911213,-0.062114,0.030174,-0.142967,-0.000157,0.000772,-0.000067,-0.001252
39.184041,-0.692537,-0.127327,-0.426338,-0.287024,-0.575763,0.680941,0.508393,-0.203057,-0.212610,0.243981,-0.094918,-0.381885,0.504423,0.265208,-0.712105,0.104642,1.276327,-2.046329,-2.420402,1.581754,0.911213,-0.062114,0.030174,-0.142967,-0.000157,0.000772,-0.000067,-0.001252
39.185064,-0.690286,-0.132944,-0.427480,-0.288374,-0.572751,0.681004,0.508216,-0.194335,-0.216493,0.252357,-0.094137,-0.381530,0.504634,0.265185,-0.712164,0.104673,1.276183,-2.046331,-2.420399,1.581755,0.911213,-0.060426,0.030265,-0.143979,-0.001534,0.001442,0.000430,-0.001220
39.186000,-0.683187,-0.137006,-0.429687,-0.289688,-0.568898,0.681526,0.509034,-0.179740,-0.223102,0.266267,-0.091496,-0.380773,0.504804,0.265099,-0.712282,0.104736,1.275895,-2.046327,-2.420406,1.581755,0.911216,-0.060119,0.031384,-0.143389,0.000480,-0.000478,-0.000265,-0.000967
39.186974,-0.676588,-0.140668,-0.427698,-0.290054,-0.567962,0.681122,0.508845,-0.173195,-0.225923,0.272357,-0.091715,-0.380181,0.504982,0.265034,-0.712344,0.104768,1.275745,-2.046327,-2.420401,1.581755,0.911219,-0.060881,0.031357,-0.144877,0.000554,0.000997,0.000092,0.000190
39.188044,-0.670962,-0.145511,-0.429433,-0.289188,-0.564460,0.681014,0.509638,-0.173195,-0.225923,0.272357,-0.091715,-0.380181,0.504982,0.265034,-0.712344,0.104768,1.275745,-2.046327,-2.420401,1.581755,0.911219,-0.060881,0.031357,-0.144877,0.000554,0.000997,0.000092,0.000190
39.189019,-0.666761,-0.147946,-0.430255,-0.291187,-0.563285,0.680904,0.509123,-0.163645,-0.230061,0.281350,-0.092845,-0.379589,0.505434,0.264952,-0.712405,0.104799,1.275601,-2.046331,-2.420402,1.581755,0.911215,-0.060995,0.031785,-0.144752,-0.000540,0.000162,0.000140,-0.000552
39.190081,-0.661679,-0.149248,-0.434457,-0.291322,-0.560556,0.680638,0.509904,-0.151803,-0.235289,0.292625,-0.094239,-0.379031,0.506051,0.264863,-0.712464,0.104830,1.275455,-2.046327,-2.420400,1.581755,0.911219,-0.060587,0.031147,-0.144864,0.001111,0.001419,0.000198,0.001262
39.190976,-0.655447,-0.155255,-0.433604,-0.291366,-0.557584,0.680464,0.511408,-0.133641,-0.239869,0.309699,-0.100749,-0.377394,0.507379,0.264725,-0.712585,0.104892,1.275169,-2.046327,-2.420403,1.581755,0.911214,-0.061209,0.031111,-0.144318,0.000706,0.000623,0.000539,-0.001777
39.192026,-0.650241,-0.157442,-0.438595,-0.291697,-0.555256,0.679925,0.510275,-0.133641,-0.239869,0.309699,-0.100749,-0.377394,0.507379,0.264725,-0.712585,0.104892,1.275169,-2.046327,-2.420403,1.581755,0.911214,-0.061209,0.031111,-0.144318,0.000706,0.000623,0.000539,-0.001777
39.193122,-0.652784,-0.160925,-0.434852,-0.290938,-0.551521,0.680608,0.511745,-0.128335,-0.239378,0.314635,-0.104962,-0.376377,0.507931,0.264679,-0.712645,0.104923,1.275030,-2.046327,-2.420399,1.581755,0.911220,-0.061154,0.030219,-0.142572,0.000735,0.000887,0.001021,0.001353
39.193965,-0.646071,-0.164379,-0.436108,-0.292130,-0.549866,0.680167,0.511267,-0.127074,-0.237040,0.315703,-0.108668,-0.375283,0.508197,0.264665,-0.712694,0.104952,1.274877,-2.046329,-2.420402,1.581755,0.911215,-0.057245,0.029952,-0.145203,-0.000301,-0.000082,0.000267,-0.000749
39.195068,-0.642468,-0.167186,-0.435982,-0.291665,-0.545042,0.680647,0.512035,-0.137636,-0.226826,0.305138,-0.113718,-0.372943,0.507755,0.264726,-0.712811,0.105011,1.274583,-2.046329,-2.420406,1.581755,0.911217,-0.057464,0.029427,-0.145626,-0.000134,-0.001667,0.000127,0.000219
39.196101,-0.640612,-0.170823,-0.432914,-0.292061,-0.542350,0.680172,0.512678,-0.137636,-0.226826,0.305138,-0.113718,-0.372943,0.507755,0.264726,-0.712811,0.105011,1.274583,-2.046329,-2.420406,1.581755,0.911217,-0.057464,0.029427,-0.145626,-0.000134,-0.001667,0.000127,0.000219
39.196982,-0.632956,-0.175033,-0.435126,-0.293081,-0.540245,0.680204,0.511861,-0.145367,-0.220795,0.297470,-0.115635,-0.371787,0.507365,0.264790,-0.712863,0.105041,1.274429,-2.046329,-2.420406,1.581757,0.911215,-0.055860,0.029319,-0.147727,-0.000028,-0.001764,0.000547,-0.000235
39.198002,-0.631373,-0.179267,-0.435000,-0.294683,-0.538047,0.680038,0.512200,-0.152528,-0.215294,0.290420,-0.117369,-0.370670,0.507013,0.264872,-0.712924,0.105074,1.274282,-2.046327,-2.420406,1.581757,0.911221,-0.057372,0.029696,-0.146875,0.000694,-0.001665,0.000464,0.002101
39.198957,-0.628029,-0.183378,-0.433678,-0.293153,-0.535115,0.679854,0.512991,-0.163531,-0.206828,0.279612,-0.123052,-0.368352,0.506666,0.265042,-0.713031,0.105135,1.273980,-2.046327,-2.420404,1.581758,0.911220,-0.054900,0.030142,-0.148599,0.000170,-0.001877,0.000705,0.001377
39.200044,-0.622664,-0.188045,-0.434414,-0.292080,-0.531164,0.680066,0.513567,-0.163531,-0.206828,0.279612,-0.123052,-0.368352,0.506666,0.265042,-0.713031,0.105135,1.273980,-2.046327,-2.420404,1.581758,0.911220,-0.054900,0.030142,-0.148599,0.000170,-0.001877,0.000705,0.001377
39.201106,-0.616929,-0.192223,-0.437672,-0.294149,-0.529119,0.680154,0.513724,-0.168230,-0.204782,0.275173,-0.124728,-0.367317,0.506350,0.265055,-0.713083,0.105165,1.273829,-2.046331,-2.420404,1.581758,0.911221,-0.054969,0.030476,-0.148933,-0.001121,-0.003120,0.000432,0.001089
39.202038,-0.616248,-0.192682,-0.436664,-0.294619,-0.527514,0.680726,0.514841,-0.172034,-0.204893,0.271814,-0.124370,-0.366476,0.505832,0.265008,-0.713139,0.105195,1.273682,-2.046327,-2.420403,1.581758,0.911222,-0.055222,0.030593,-0.148008,0.000579,-0.002501,0.000284,0.001624
39.203044,-0.616054,-0.198650,-0.430678,-0.291449,-0.525702,0.680235,0.515774,-0.182996,-0.204167,0.261740,-0.123190,-0.364741,0.504477,0.264796,-0.713233,0.105252,1.273373,-2.046334,-2.420401,1.581758,0.911216,-0.050949,0.030190,-0.152352,-0.002546,-0.001096,0.000110,-0.000933
39.204065,-0.611734,-0.199075,-0.429869,-0.294447,-0.523189,0.680889,0.515837,-0.182996,-0.204167,0.261740,-0.123190,-0.364741,0.504477,0.264796,-0.713233,0.105252,1.273373,-2.046334,-2.420401,1.581758,0.911216,-0.050949,0.030190,-0.152352,-0.002546,-0.001096,0.000110,-0.000933
39.205026,-0.605244,-0.206471,-0.436672,-0.294154,-0.521177,0.680061,0.516830,-0.189521,-0.203940,0.255869,-0.120476,-0.364067,0.503531,0.264637,-0.713283,0.105277,1.273220,-2.046329,-2.420400,1.581758,0.911218,-0.050650,0.028529,-0.153268,0.000080,-0.001066,-0.000614,-0.000237
39.206108,-0.604001,-0.208625,-0.432567,-0.294117,-0.517143,0.680424,0.517044,-0.195762,-0.203872,0.250398,-0.117442,-0.363468,0.502583,0.264478,-0.713337,0.105310,1.273072,-2.046331,-2.420401,1.581762,0.911216,-0.051500,0.030409,-0.150293,-0.000479,-0.000665,0.000153,-0.001472
39.207057,-0.606321,-0.211724,-0.428293,-0.294405,-0.517262,0.680786,0.517172,-0.203000,-0.203480,0.244001,-0.114737,-0.362814,0.501579,0.264350,-0.713383,0.105338,1.272913,-2.046332,-2.420406,1.581759,0.911218,-0.049557,0.029479,-0.153007,-0.000784,-0.001966,-0.000262,-0.001033
39.207994,-0.602043,-0.212663,-0.425583,-0.294275,-0.513716,0.680443,0.517853,-0.211532,-0.202861,0.236358,-0.111704,-0.362131,0.500431,0.264264,-0.713422,0.105367,1.272752,-2.046333,-2.420400,1.581757,0.911219,-0.046164,0.029253,-0.155421,-0.000761,0.000503,-0.000660,-0.000544
39.209084,-0.593827,-0.217083,-0.426811,-0.295819,-0.511686,0.679884,0.517156,-0.220931,-0.201608,0.227844,-0.108434,-0.361442,0.499217,0.264212,-0.713469,0.105393,1.272589,-2.046333,-2.420402,1.581758,0.911219,-0.046057,0.027974,-0.157000,-0.001156,-0.000713,-0.000364,-0.001174
39.210155,-0.590439,-0.225063,-0.428616,-0.296439,-0.508972,0.679304,0.517411,-0.228861,-0.200224,0.220736,-0.105697,-0.360788,0.498187,0.264173,-0.713519,0.105422,1.272432,-2.046331,-2.420401,1.581759,0.911225,-0.047582,0.028203,-0.157021,0.000035,-0.000007,0.000131,0.001093
39.210997,-0.590646,-0.222595,-0.426865,-0.295192,-0.506513,0.679450,0.518357,-0.233000,-0.200165,0.217293,-0.104201,-0.360178,0.497505,0.264133,-0.713562,0.105456,1.272275,-2.046331,-2.420402,1.581759,0.911225,-0.046763,0.030182,-0.156727,0.000332,-0.000045,0.000654,0.001412
39.212044,-0.588175,-0.228411,-0.424794,-0.297694,-0.503558,0.679598,0.518230,-0.235577,-0.201072,0.215358,-0.103269,-0.359554,0.496918,0.264067,-0.713602,0.105476,1.272117,-2.046334,-2.420402,1.581760,0.911220,-0.044622,0.027380,-0.157669,-0.001084,-0.000404,0.000451,0.000192
39.213014,-0.580420,-0.231483,-0.425853,-0.299106,-0.501553,0.679083,0.519671,-0.239841,-0.200798,0.211705,-0.102732,-0.358806,0.496244,0.263965,-0.713644,0.105508,1.271956,-2.046329,-2.420404,1.581756,0.911225,-0.043440,0.028359,-0.159222,0.001015,-0.000717,0.000270,0.001282
39.213982,-0.576488,-0.233567,-0.422570,-0.296626,-0.499391,0.678853,0.519356,-0.244331,-0.199332,0.207624,-0.104095,-0.357854,0.495751,0.263829,-0.713692,0.105536,1.271797,-2.046325,-2.420402,1.581757,0.911220,-0.044997,0.028071,-0.159020,0.002036,-0.000305,0.000735,-0.000845
39.215053,-0.573951,-0.237715,-0.421677,-0.297916,-0.496862,0.679799,0.519794,-0.245710,-0.198520,0.206422,-0.107119,-0.356838,0.495636,0.263666,-0.713734,0.105563,1.271631,-2.046332,-2.420402,1.581759,0.911225,-0.044654,0.027323,-0.160947,-0.000592,-0.000048,0.000903,0.000569
39.216035,-0.574312,-0.241263,-0.416555,-0.299063,-0.494621,0.679560,0.520720,-0.243042,-0.199474,0.209172,-0.109762,-0.355969,0.495769,0.263490,-0.713774,0.105592,1.271468,-2.046330,-2.420402,1.581757,0.911223,-0.043471,0.027425,-0.161920,0.000393,0.000092,-0.000102,0.000535
39.216993,-0.567282,-0.246444,-0.420042,-0.300120,-0.492272,0.678701,0.520179,-0.237332,-0.201841,0.214879,-0.112003,-0.355218,0.496074,0.263308,-0.713808,0.105621,1.271298,-2.046329,-2.420401,1.581758,0.911220,-0.041068,0.027367,-0.164744,0.001216,0.000299,0.000091,-0.000538
39.218118,-0.560740,-0.249563,-0.417411,-0.299774,-0.488595,0.678800,0.520665,-0.229683,-0.205065,0.222463,-0.114906,-0.354461,0.496553,0.263133,-0.713852,0.105651,1.271137,-2.046327,-2.420401,1.581762,0.911226,-0.042332,0.028146,-0.163267,0.001946,0.000342,0.000881,0.001311
39.219078,-0.558158,-0.255508,-0.417679,-0.299839,-0.485548,0.679114,0.520802,-0.219523,-0.209721,0.232587,-0.118490,-0.353733,0.497210,0.262986,-0.713896,0.105676,1.270968,-2.046329,-2.420403,1.581762,0.911224,-0.042999,0.027692,-0.165198,0.001310,-0.000507,0.000711,0.001221
39.220024,-0.559263,-0.257446,-0.414395,-0.298474,-0.483694,0.678405,0.520805,-0.205821,-0.216779,0.246321,-0.121891,-0.353141,0.498009,0.262876,-0.713936,0.105708,1.270800,-2.046327,-2.420405,1.581761,0.911224,-0.042042,0.028845,-0.165274,0.001069,-0.001138,0.000351,0.001713
39.221112,-0.553764,-0.263232,-0.417859,-0.298953,-0.481441,0.678328,0.522443,-0.190930,-0.225794,0.261432,-0.123619,-0.352695,0.498659,0.262814,-0.713969,0.105735,1.270630,-2.046331,-2.420403,1.581761,0.911226,-0.039330,0.028039,-0.167086,-0.000500,-0.000632,0.001020,0.002450
39.222104,-0.545616,-0.265925,-0.417504,-0.299990,-0.479014,0.678442,0.521790,-0.178676,-0.235261,0.274287,-0.122624,-0.352327,0.498841,0.262786,-0.714010,0.105765,1.270465,-2.046331,-2.420403,1.581760,0.911222,-0.039621,0.028934,-0.165886,-0.000323,-0.000164,0.001037,0.000023
39.222971,-0.546049,-0.271146,-0.416038,-0.300654,-0.476432,0.678480,0.523135,-0.168884,-0.244710,0.285011,-0.119837,-0.351978,0.498683,0.262763,-0.714055,0.105792,1.270300,-2.046329,-2.420401,1.581762,0.911228,-0.041348,0.028438,-0.166402,0.000389,-0.000138,0.000855,0.002136
39.224037,-0.546720,-0.275554,-0.408801,-0.299928,-0.472787,0.678684,0.522663,-0.159514,-0.254278,0.295398,-0.117016,-0.351586,0.498490,0.262731,-0.714089,0.105825,1.270132,-2.046327,-2.420401,1.581762,0.911221,-0.039094,0.029359,-0.167142,0.000749,-0.000553,0.000773,0.000120
39.225045,-0.540123,-0.276762,-0.412438,-0.300811,-0.470380,0.678651,0.523165,-0.150418,-0.264196,0.305527,-0.114183,-0.351150,0.498255,0.262693,-0.714121,0.105854,1.269950,-2.046329,-2.420405,1.581762,0.911227,-0.036412,0.029587,-0.171098,-0.000250,-0.001499,0.000509,0.001925
39.225985,-0.534850,-0.281772,-0.413030,-0.300978,-0.469359,0.678303,0.523724,-0.142090,-0.274206,0.314991,-0.110947,-0.350692,0.497928,0.262659,-0.714162,0.105881,1.269784,-2.046327,-2.420405,1.581763,0.911226,-0.037408,0.028329,-0.169571,0.000308,-0.001383,0.000490,0.001704
39.227140,-0.533670,-0.286072,-0.410431,-0.300570,-0.466244,0.677257,0.524422,-0.129602,-0.291370,0.330099,-0.105182,-0.349570,0.497185,0.262632,-0.714232,0.105941,1.269435,-2.046329,-2.420401,1.581764,0.911227,-0.035915,0.029102,-0.171303,-0.000502,-0.000323,0.001775,0.000848
39.228033,-0.533824,-0.289614,-0.408952,-0.302457,-0.464295,0.677976,0.524423,-0.129602,-0.291370,0.330099,-0.105182,-0.349570,0.497185,0.262632,-0.714232,0.105941,1.269435,-2.046329,-2.420401,1.581764,0.911227,-0.035915,0.029102,-0.171303,-0.000502,-0.000323,0.001775,0.000848
39.229112,-0.529146,-0.290794,-0.407850,-0.301905,-0.460935,0.679046,0.524559,-0.126207,-0.298704,0.334939,-0.102251,-0.348939,0.496644,0.262642,-0.714262,0.105970,1.269262,-2.046325,-2.420400,1.581763,0.911229,-0.033836,0.029172,-0.172034,0.001056,-0.000036,0.000996,0.001557
39.230003,-0.525262,-0.296702,-0.413019,-0.301955,-0.459760,0.678119,0.525599,-0.126012,-0.303917,0.336533,-0.100228,-0.348149,0.496019,0.262669,-0.714295,0.105994,1.269085,-2.046327,-2.420402,1.581759,0.911231,-0.033824,0.027814,-0.172971,0.000212,-0.000695,-0.000113,0.002130
39.231070,-0.523966,-0.299189,-0.411495,-0.301041,-0.456268,0.679097,0.526030,-0.138451,-0.306697,0.326943,-0.097387,-0.346062,0.494236,0.262675,-0.714358,0.106052,1.268745,-2.046331,-2.420403,1.581762,0.911229,-0.032041,0.028359,-0.171630,-0.001129,-0.000451,-0.000284,0.000744
39.232010,-0.523783,-0.301987,-0.403590,-0.303252,-0.454653,0.677981,0.526555,-0.138451,-0.306697,0.326943,-0.097387,-0.346062,0.494236,0.262675,-0.714358,0.106052,1.268745,-2.046331,-2.420403,1.581762,0.911229,-0.032041,0.028359,-0.171630,-0.001129,-0.000451,-0.000284,0.000744
39.233058,-0.518661,-0.304761,-0.403085,-0.303398,-0.450192,0.678391,0.527777,-0.151114,-0.305117,0.315722,-0.095279,-0.344852,0.492923,0.262627,-0.714384,0.106078,1.268558,-2.046327,-2.420401,1.581765,0.911229,-0.030092,0.028022,-0.175560,0.000748,0.000271,0.000787,0.000436
39.234001,-0.512101,-0.310321,-0.407159,-0.301687,-0.447479,0.678493,0.527633,-0.163354,-0.302860,0.304641,-0.094249,-0.343608,0.491781,0.262548,-0.714415,0.106104,1.268380,-2.046327,-2.420401,1.581765,0.911226,-0.030382,0.027509,-0.176080,0.000570,-0.001587,0.000305,-0.001177
39.235049,-0.511464,-0.312370,-0.402788,-0.303205,-0.444939,0.679821,0.529032,-0.173316,-0.301153,0.295658,-0.093967,-0.342432,0.490872,0.262448,-0.714448,0.106133,1.268211,-2.046331,-2.420403,1.581764,0.911228,-0.031543,0.028526,-0.174186,-0.001338,-0.001916,0.000161,-0.000124
39.235969,-0.510698,-0.312095,-0.395104,-0.303841,-0.443344,0.680499,0.528617,-0.181561,-0.300566,0.288358,-0.093143,-0.341389,0.490024,0.262350,-0.714474,0.106159,1.268032,-2.046329,-2.420402,1.581762,0.911223,-0.029593,0.027636,-0.176709,-0.000135,-0.001840,-0.001220,-0.002100
39.237079,-0.505410,-0.315090,-0.396878,-0.303659,-0.441695,0.679498,0.528945,-0.187518,-0.300303,0.283093,-0.092864,-0.340419,0.489418,0.262280,-0.714499,0.106180,1.267844,-2.046329,-2.420402,1.581761,0.911228,-0.027995,0.025834,-0.180441,0.000227,-0.001128,-0.001940,-0.000528
39.238035,-0.499108,-0.316991,-0.402166,-0.304318,-0.438126,0.679221,0.528763,-0.190425,-0.299462,0.280532,-0.094154,-0.339480,0.489241,0.262273,-0.714526,0.106205,1.267663,-2.046331,-2.420398,1.581763,0.911229,-0.028297,0.025369,-0.179925,-0.000242,-0.000041,-0.000990,-0.000316
39.239036,-0.496564,-0.320288,-0.402778,-0.303460,-0.435985,0.678909,0.529268,-0.197206,-0.292182,0.274182,-0.099661,-0.337413,0.489296,0.262513,-0.714584,0.106253,1.267313,-2.046333,-2.420404,1.581764,0.911227,-0.028421,0.024421,-0.177340,-0.000963,-0.000802,-0.000518,0.000591
39.240015,-0.493449,-0.321380,-0.399138,-0.304848,-0.434679,0.678984,0.528771,-0.197206,-0.292182,0.274182,-0.099661,-0.337413,0.489296,0.262513,-0.714584,0.106253,1.267313,-2.046333,-2.420404,1.581764,0.911227,-0.028421,0.024421,-0.177340,-0.000963,-0.000802,-0.000518,0.000591
39.241053,-0.491227,-0.328989,-0.397413,-0.303999,-0.432447,0.678940,0.529285,-0.204958,-0.284914,0.266622,-0.102777,-0.336181,0.489116,0.262754,-0.714610,0.106276,1.267131,-2.046329,-2.420401,1.581763,0.911233,-0.027868,0.023204,-0.179280,0.000087,0.000317,-0.000645,0.002356
39.241973,-0.483301,-0.327275,-0.399261,-0.303891,-0.430625,0.678136,0.529726,-0.212743,-0.277417,0.258976,-0.105598,-0.334951,0.488879,0.263027,-0.714634,0.106306,1.266948,-2.046333,-2.420400,1.581763,0.911235,-0.026780,0.025109,-0.180348,-0.001002,0.000664,-0.000651,0.002125
39.243138,-0.484706,-0.331638,-0.396682,-0.305725,-0.427115,0.678831,0.531115,-0.222449,-0.266351,0.249612,-0.108637,-0.332857,0.488363,0.263447,-0.714686,0.106348,1.266585,-2.046332,-2.420402,1.581763,0.911232,-0.025570,0.022743,-0.181221,0.000121,0.000548,-0.000660,0.000113
39.244098,-0.485134,-0.336355,-0.390111,-0.305634,-0.425763,0.678578,0.530804,-0.222449,-0.266351,0.249612,-0.108637,-0.332857,0.488363,0.263447,-0.714686,0.106348,1.266585,-2.046332,-2.420402,1.581763,0.911232,-0.025570,0.022743,-0.181221,0.000121,0.000548,-0.000660,0.000113
39.244973,-0.479543,-0.336944,-0.388769,-0.304173,-0.422970,0.678537,0.531804,-0.225740,-0.261060,0.246310,-0.110510,-0.331805,0.488183,0.263541,-0.714705,0.106372,1.266394,-2.046332,-2.420399,1.581762,0.911238,-0.023374,0.023363,-0.184467,-0.000271,0.001589,-0.000443,0.001509
39.246132,-0.471767,-0.345052,-0.389607,-0.303656,-0.420457,0.678754,0.532872,-0.226640,-0.257405,0.245389,-0.111850,-0.330846,0.488049,0.263559,-0.714731,0.106392,1.266207,-2.046337,-2.420400,1.581759,0.911235,-0.024286,0.022074,-0.184899,-0.001871,0.000973,-0.000436,0.000186
39.247085,-0.471001,-0.345249,-0.387118,-0.305506,-0.417937,0.677733,0.533908,-0.222644,-0.257521,0.249592,-0.110988,-0.330212,0.487964,0.263504,-0.714759,0.106422,1.266022,-2.046339,-2.420398,1.581761,0.911231,-0.025717,0.024051,-0.184958,-0.002662,0.001346,-0.000726,-0.001015
39.247980,-0.470123,-0.350578,-0.387939,-0.308006,-0.415553,0.678756,0.534690,-0.201526,-0.267630,0.271442,-0.105890,-0.329620,0.488164,0.263293,-0.714799,0.106465,1.265647,-2.046333,-2.420397,1.581761,0.911228,-0.022632,0.023482,-0.185590,0.001031,0.001055,-0.000836,-0.003167
39.248974,-0.466105,-0.352452,-0.390882,-0.307875,-0.412359,0.678894,0.533649,-0.201526,-0.267630,0.271442,-0.105890,-0.329620,0.488164,0.263293,-0.714799,0.106465,1.265647,-2.046333,-2.420397,1.581761,0.911228,-0.022632,0.023482,-0.185590,0.001031,0.001055,-0.000836,-0.003167
39.250046,-0.466060,-0.355070,-0.384063,-0.306123,-0.409742,0.678415,0.534064,-0.192618,-0.271441,0.280442,-0.106303,-0.329012,0.488425,0.263263,-0.714821,0.106484,1.265467,-2.046331,-2.420399,1.581759,0.911235,-0.022563,0.022663,-0.184254,0.000552,0.000355,-0.001008,-0.000291
39.251008,-0.464211,-0.360384,-0.379707,-0.307693,-0.406986,0.678059,0.534905,-0.184369,-0.274920,0.288668,-0.108721,-0.327352,0.488544,0.263435,-0.714856,0.106531,1.265075,-2.046335,-2.420397,1.581763,0.911234,-0.019347,0.022999,-0.189913,-0.000108,0.000047,-0.000299,-0.001220
39.252103,-0.460888,-0.359875,-0.382597,-0.307923,-0.403908,0.678295,0.534155,-0.184369,-0.274920,0.288668,-0.108721,-0.327352,0.488544,0.263435,-0.714856,0.106531,1.265075,-2.046335,-2.420397,1.581763,0.911234,-0.019347,0.022999,-0.189913,-0.000108,0.000047,-0.000299,-0.001220
39.253029,-0.460540,-0.365562,-0.375054,-0.307209,-0.401321,0.676500,0.534912,-0.180856,-0.277328,0.292132,-0.109046,-0.326588,0.488487,0.263572,-0.714873,0.106548,1.264886,-2.046333,-2.420401,1.581762,0.911240,-0.018807,0.020857,-0.188712,-0.000253,-0.000247,-0.000591,0.001156
39.254028,-0.458151,-0.367079,-0.373541,-0.308174,-0.399449,0.676880,0.535696,-0.178444,-0.279411,0.294508,-0.109218,-0.325798,0.488360,0.263718,-0.714886,0.106573,1.264688,-2.046337,-2.420402,1.581764,0.911238,-0.017113,0.022030,-0.192316,-0.001158,-0.000510,0.001161,0.000352
39.255060,-0.456463,-0.370520,-0.373146,-0.307385,-0.397437,0.676809,0.536458,-0.175941,-0.282280,0.297076,-0.108509,-0.325062,0.488152,0.263837,-0.714900,0.106592,1.264492,-2.046335,-2.420401,1.581763,0.911236,-0.016308,0.021023,-0.193008,-0.000505,0.000108,0.000710,-0.000416
39.255969,-0.452235,-0.372314,-0.370087,-0.308566,-0.394949,0.676573,0.535945,-0.173417,-0.285991,0.299790,-0.106906,-0.324368,0.487863,0.263916,-0.714911,0.106613,1.264294,-2.046337,-2.420400,1.581767,0.911234,-0.015124,0.020931,-0.193240,-0.001556,0.000676,0.000707,-0.001112
39.257079,-0.453415,-0.378264,-0.369283,-0.309592,-0.391822,0.675535,0.536596,-0.171894,-0.289719,0.301607,-0.104784,-0.323649,0.487489,0.263980,-0.714926,0.106631,1.264096,-2.046335,-2.420399,1.581766,0.911236,-0.015410,0.020226,-0.194512,-0.000667,0.000436,0.000905,0.000652
39.258082,-0.452358,-0.376691,-0.367811,-0.308251,-0.390077,0.675688,0.537311,-0.171225,-0.293420,0.302580,-0.102922,-0.322847,0.487091,0.264061,-0.714933,0.106655,1.263900,-2.046333,-2.420399,1.581769,0.911237,-0.012666,0.021258,-0.195145,-0.000013,0.000090,0.001872,0.000206
39.258943,-0.445629,-0.380894,-0.366868,-0.309683,-0.388434,0.675698,0.536893,-0.179853,-0.296542,0.294804,-0.099948,-0.320743,0.485720,0.264292,-0.714958,0.106687,1.263506,-2.046337,-2.420397,1.581769,0.911240,-0.012881,0.019351,-0.195961,-0.000362,0.001342,0.001598,0.001097
39.260084,-0.447591,-0.387119,-0.359948,-0.309307,-0.384335,0.676029,0.537938,-0.179853,-0.296542,0.294804,-0.099948,-0.320743,0.485720,0.264292,-0.714958,0.106687,1.263506,-2.046337,-2.420397,1.581769,0.911240,-0.012881,0.019351,-0.195961,-0.000362,0.001342,0.001598,0.001097
39.261043,-0.444681,-0.388828,-0.356879,-0.310533,-0.382438,0.676972,0.538176,-0.185735,-0.297382,0.289440,-0.098585,-0.319611,0.484956,0.264407,-0.714959,0.106710,1.263298,-2.046339,-2.420400,1.581770,0.911239,-0.009737,0.020464,-0.199614,-0.001039,0.000111,0.001202,-0.000111
39.261965,-0.441005,-0.388958,-0.355583,-0.310224,-0.380206,0.677082,0.538455,-0.188248,-0.300612,0.287420,-0.097156,-0.318582,0.484377,0.264488,-0.714967,0.106727,1.263097,-2.046337,-2.420396,1.581766,0.911242,-0.009367,0.019642,-0.200947,-0.000124,0.000587,0.000221,0.000176
39.263055,-0.435956,-0.393465,-0.353035,-0.312316,-0.376981,0.677552,0.539096,-0.183660,-0.310137,0.292684,-0.096848,-0.316670,0.484185,0.264575,-0.714988,0.106761,1.262689,-2.046335,-2.420398,1.581765,0.911242,-0.009796,0.018519,-0.202653,0.001037,0.000168,-0.000450,-0.000075
39.264079,-0.432034,-0.394342,-0.350371,-0.311324,-0.375078,0.678176,0.540056,-0.183660,-0.310137,0.292684,-0.096848,-0.316670,0.484185,0.264575,-0.714988,0.106761,1.262689,-2.046335,-2.420398,1.581765,0.911242,-0.009796,0.018519,-0.202653,0.001037,0.000168,-0.000450,-0.000075
39.264960,-0.431497,-0.395583,-0.354302,-0.311544,-0.372332,0.677555,0.540330,-0.175523,-0.315479,0.300778,-0.099229,-0.315788,0.484809,0.264585,-0.714998,0.106775,1.262485,-2.046337,-2.420396,1.581764,0.911238,-0.009754,0.017219,-0.203917,-0.000226,0.000819,-0.001126,-0.001175
39.266029,-0.427463,-0.397729,-0.353700,-0.311671,-0.368893,0.677404,0.539859,-0.165931,-0.320068,0.310125,-0.102486,-0.314941,0.485683,0.264596,-0.715001,0.106790,1.262287,-2.046337,-2.420396,1.581767,0.911238,-0.008346,0.016329,-0.201597,-0.000248,0.000265,-0.000556,-0.001010
39.266983,-0.424729,-0.399347,-0.349376,-0.311031,-0.367277,0.677523,0.540811,-0.160696,-0.321260,0.315108,-0.105834,-0.313965,0.486347,0.264661,-0.715010,0.106805,1.262087,-2.046338,-2.420398,1.581767,0.911244,-0.008311,0.015598,-0.202008,-0.000431,-0.000489,-0.000468,0.000770
39.267989,-0.422108,-0.404448,-0.350009,-0.313583,-0.365045,0.676995,0.541451,-0.159796,-0.319334,0.315787,-0.108838,-0.312885,0.486739,0.264796,-0.715016,0.106820,1.261878,-2.046339,-2.420396,1.581766,0.911239,-0.007856,0.014788,-0.203904,-0.001311,0.000279,-0.000637,-0.000387
39.269016,-0.422829,-0.404672,-0.345847,-0.312737,-0.361478,0.677069,0.541147,-0.159987,-0.316208,0.315321,-0.111562,-0.311807,0.487041,0.264992,-0.715021,0.106837,1.261673,-2.046334,-2.420395,1.581767,0.911239,-0.007251,0.015616,-0.203450,0.000845,0.000552,-0.000162,-0.000861
39.270022,-0.422199,-0.409432,-0.342916,-0.315249,-0.358622,0.676194,0.540673,-0.161088,-0.312100,0.313836,-0.114719,-0.310670,0.487310,0.265252,-0.715021,0.106849,1.261464,-2.046335,-2.420396,1.581766,0.911243,-0.004986,0.014010,-0.205435,-0.000287,-0.000455,-0.000292,0.000566
39.270977,-0.416002,-0.410490,-0.343809,-0.313077,-0.356667,0.675785,0.541195,-0.167629,-0.300483,0.306421,-0.123058,-0.308100,0.487669,0.265931,-0.715030,0.106876,1.261049,-2.046336,-2.420397,1.581770,0.911248,-0.004728,0.013621,-0.206009,-0.000506,-0.000338,0.000868,0.001988
39.272016,-0.411928,-0.413544,-0.341254,-0.314732,-0.354507,0.676083,0.541523,-0.167629,-0.300483,0.306421,-0.123058,-0.308100,0.487669,0.265931,-0.715030,0.106876,1.261049,-2.046336,-2.420397,1.581770,0.911248,-0.004728,0.013621,-0.206009,-0.000506,-0.000338,0.000868,0.001988
39.272983,-0.411285,-0.417610,-0.338499,-0.313915,-0.352734,0.677821,0.542389,-0.170471,-0.294949,0.303256,-0.126991,-0.306852,0.487797,0.266270,-0.715034,0.106889,1.260837,-2.046334,-2.420394,1.581768,0.911250,-0.004802,0.013430,-0.207177,0.000841,0.000073,0.000521,0.002153
39.273986,-0.407895,-0.420409,-0.340196,-0.313089,-0.350319,0.676736,0.543199,-0.170763,-0.290987,0.302668,-0.130191,-0.305762,0.488005,0.266546,-0.715035,0.106904,1.260626,-2.046337,-2.420393,1.581766,0.911248,-0.003323,0.013825,-0.208277,-0.000213,0.000702,-0.001269,0.001182
39.274992,-0.407792,-0.422154,-0.335896,-0.316446,-0.347842,0.675930,0.543040,-0.169499,-0.288875,0.303727,-0.131768,-0.304860,0.488153,0.266731,-0.715038,0.106916,1.260421,-2.046339,-2.420392,1.581770,0.911247,-0.003147,0.013549,-0.207282,-0.001282,0.000787,-0.000231,0.000363
39.275997,-0.406462,-0.423757,-0.331990,-0.313710,-0.345185,0.675403,0.543821,-0.168985,-0.287346,0.304113,-0.132043,-0.304035,0.488128,0.266829,-0.715034,0.106928,1.260206,-2.046332,-2.420393,1.581768,0.911252,-0.001383,0.012752,-0.209220,0.001647,0.000829,0.000526,0.001479
39.276954,-0.404228,-0.429470,-0.331995,-0.314390,-0.342799,0.675255,0.544325,-0.169629,-0.285270,0.303272,-0.132365,-0.303173,0.488040,0.266855,-0.715032,0.106940,1.259989,-2.046339,-2.420394,1.581770,0.911251,-0.000234,0.011887,-0.210912,-0.001258,0.000698,0.000988,0.000702
39.278102,-0.395721,-0.430945,-0.331830,-0.316354,-0.338065,0.675481,0.545601,-0.171030,-0.283458,0.301766,-0.131508,-0.302387,0.487792,0.266815,-0.715029,0.106954,1.259777,-2.046339,-2.420394,1.581769,0.911250,0.001029,0.012592,-0.211426,-0.000951,0.001550,0.001070,0.000630
39.279013,-0.390982,-0.435042,-0.331197,-0.315252,-0.335375,0.676294,0.545168,-0.172010,-0.282531,0.300765,-0.129633,-0.301699,0.487484,0.266735,-0.715033,0.106962,1.259558,-2.046335,-2.420394,1.581768,0.911244,-0.000193,0.010721,-0.212700,0.000426,0.000825,0.000765,-0.000776
39.279974,-0.384334,-0.439549,-0.333751,-0.315153,-0.332090,0.676094,0.545653,-0.170124,-0.282526,0.302455,-0.128463,-0.301058,0.487473,0.266659,-0.715032,0.106973,1.259344,-2.046338,-2.420391,1.581767,0.911249,-0.000172,0.010677,-0.213479,-0.001055,0.001305,-0.000111,0.001008
39.280983,-0.379997,-0.441821,-0.334841,-0.317123,-0.328081,0.676521,0.546065,-0.164539,-0.284258,0.307682,-0.127261,-0.300557,0.487741,0.266617,-0.715033,0.106983,1.259131,-2.046339,-2.420392,1.581769,0.911249,-0.000967,0.010738,-0.212827,-0.001524,0.001392,0.000024,0.000972
39.282007,-0.377562,-0.445114,-0.331721,-0.316593,-0.324478,0.676287,0.546724,-0.156892,-0.287278,0.314798,-0.125868,-0.300136,0.488151,0.266614,-0.715033,0.106990,1.258917,-2.046335,-2.420394,1.581770,0.911251,-0.000481,0.009593,-0.213073,-0.000072,0.000927,-0.000485,0.001142
39.283083,-0.372573,-0.452318,-0.329359,-0.317926,-0.319790,0.675690,0.547081,-0.139363,-0.293367,0.330178,-0.125677,-0.299137,0.489394,0.266637,-0.715027,0.107009,1.258475,-2.046335,-2.420394,1.581772,0.911255,0.001243,0.010081,-0.217522,-0.000198,-0.000017,0.000198,0.001178
39.284161,-0.367313,-0.456089,-0.334147,-0.318925,-0.314975,0.677125,0.547587,-0.139363,-0.293367,0.330178,-0.125677,-0.299137,0.489394,0.266637,-0.715027,0.107009,1.258475,-2.046335,-2.420394,1.581772,0.911255,0.001243,0.010081,-0.217522,-0.000198,-0.000017,0.000198,0.001178
39.284978,-0.361168,-0.459519,-0.333912,-0.317233,-0.312285,0.676258,0.548486,-0.127583,-0.298421,0.340375,-0.126503,-0.298644,0.490229,0.266612,-0.715025,0.107017,1.258263,-2.046334,-2.420397,1.581768,0.911255,0.001418,0.009529,-0.216132,0.000280,-0.001038,-0.001314,0.001233
39.286090,-0.353399,-0.465038,-0.329765,-0.319652,-0.310683,0.676798,0.548969,-0.115457,-0.304446,0.350748,-0.127624,-0.298107,0.491062,0.266552,-0.715027,0.107027,1.258046,-2.046338,-2.420396,1.581771,0.911255,0.000498,0.009352,-0.216372,-0.001703,-0.000859,-0.000495,0.000233
39.287029,-0.350521,-0.468149,-0.331274,-0.318305,-0.305767,0.674987,0.550147,-0.082050,-0.323794,0.380169,-0.128505,-0.297364,0.493014,0.266299,-0.715027,0.107042,1.257600,-2.046338,-2.420396,1.581773,0.911251,0.000572,0.009048,-0.219160,-0.001531,-0.000220,0.000629,-0.001045
39.288133,-0.346209,-0.474200,-0.334508,-0.318622,-0.302834,0.674596,0.549374,-0.082050,-0.323794,0.380169,-0.128505,-0.297364,0.493014,0.266299,-0.715027,0.107042,1.257600,-2.046338,-2.420396,1.581773,0.911251,0.000572,0.009048,-0.219160,-0.001531,-0.000220,0.000629,-0.001045
39.289044,-0.338945,-0.472887,-0.338866,-0.319381,-0.299921,0.674663,0.550646,-0.061782,-0.336892,0.398267,-0.127552,-0.297164,0.493961,0.266142,-0.715023,0.107052,1.257384,-2.046338,-2.420395,1.581774,0.911257,0.001268,0.009571,-0.218621,-0.001685,0.000732,0.000922,0.001613
39.290076,-0.336963,-0.482313,-0.337901,-0.320559,-0.295727,0.674682,0.550786,-0.045817,-0.348692,0.412148,-0.125438,-0.296862,0.494472,0.266013,-0.715025,0.107051,1.257168,-2.046338,-2.420390,1.581773,0.911253,0.000020,0.006918,-0.216865,-0.001321,0.000946,0.000789,-0.000054
39.291034,-0.330688,-0.481618,-0.340538,-0.321770,-0.292717,0.674816,0.550861,-0.030458,-0.363271,0.423114,-0.123067,-0.295485,0.494615,0.265895,-0.715021,0.107063,1.256731,-2.046333,-2.420391,1.581774,0.911258,0.001075,0.006836,-0.217414,0.000097,0.000718,0.000496,0.001495
39.291967,-0.325606,-0.483877,-0.338249,-0.321536,-0.290000,0.674449,0.551585,-0.030458,-0.363271,0.423114,-0.123067,-0.295485,0.494615,0.265895,-0.715021,0.107063,1.256731,-2.046333,-2.420391,1.581774,0.911258,0.001075,0.006836,-0.217414,0.000097,0.000718,0.000496,0.001495
39.293046,-0.320544,-0.489854,-0.337979,-0.320541,-0.285376,0.673518,0.552075,-0.028727,-0.366146,0.422300,-0.124360,-0.294418,0.494591,0.265913,-0.715019,0.107065,1.256511,-2.046337,-2.420389,1.581774,0.911258,0.000963,0.005938,-0.219042,-0.000478,0.001253,0.000797,0.000959
39.293980,-0.317152,-0.490195,-0.341748,-0.324248,-0.281054,0.673735,0.552743,-0.027893,-0.367461,0.420406,-0.126315,-0.293319,0.494627,0.265940,-0.715017,0.107071,1.256284,-2.046341,-2.420391,1.581775,0.911261,0.001236,0.006526,-0.220039,-0.001852,0.000404,0.001653,0.001041
39.294954,-0.311202,-0.496139,-0.342118,-0.324441,-0.279118,0.674846,0.554062,-0.030530,-0.365328,0.411922,-0.132973,-0.290823,0.494781,0.265939,-0.715013,0.107076,1.255846,-2.046335,-2.420389,1.581772,0.911253,0.001512,0.005487,-0.219060,0.001082,0.000831,0.000191,-0.001027
39.296076,-0.303469,-0.497716,-0.345666,-0.323918,-0.275876,0.675706,0.553431,-0.030530,-0.365328,0.411922,-0.132973,-0.290823,0.494781,0.265939,-0.715013,0.107076,1.255846,-2.046335,-2.420389,1.581772,0.911253,0.001512,0.005487,-0.219060,0.001082,0.000831,0.000191,-0.001027
39.297066,-0.300642,-0.499939,-0.346791,-0.324924,-0.271734,0.675574,0.554173,-0.035207,-0.360668,0.404048,-0.139344,-0.289218,0.495009,0.265936,-0.715014,0.107077,1.255628,-2.046338,-2.420389,1.581771,0.911258,0.000596,0.003812,-0.218391,0.000109,0.001507,-0.000739,0.001367
39.297965,-0.297122,-0.503656,-0.342653,-0.325440,-0.269250,0.675438,0.553985,-0.049654,-0.346202,0.382987,-0.153404,-0.285731,0.495469,0.266071,-0.715007,0.107079,1.255186,-2.046335,-2.420392,1.581775,0.911259,0.002314,0.002673,-0.220896,0.000760,0.001519,-0.000616,0.002120
39.299114,-0.288881,-0.508575,-0.341890,-0.324817,-0.264520,0.675582,0.555037,-0.055669,-0.339050,0.373540,-0.160152,-0.284035,0.495788,0.266225,-0.715007,0.107081,1.254960,-2.046338,-2.420395,1.581775,0.911257,0.001192,0.002621,-0.222380,-0.000331,0.000827,-0.000846,0.001137
39.300009,-0.283531,-0.510697,-0.340531,-0.324514,-0.261511,0.673503,0.555237,-0.055669,-0.339050,0.373540,-0.160152,-0.284035,0.495788,0.266225,-0.715007,0.107081,1.254960,-2.046338,-2.420395,1.581775,0.911257,0.001192,0.002621,-0.222380,-0.000331,0.000827,-0.000846,0.001137
39.301000,-0.277858,-0.511485,-0.345343,-0.327140,-0.259467,0.674167,0.555519,-0.055812,-0.335695,0.370014,-0.165100,-0.282668,0.496273,0.266427,-0.715007,0.107082,1.254736,-2.046339,-2.420391,1.581779,0.911260,0.000867,0.001734,-0.223352,-0.000981,0.000925,0.001169,0.001627
39.302026,-0.271843,-0.517474,-0.352118,-0.325014,-0.256062,0.673245,0.556574,-0.051855,-0.334678,0.370656,-0.168905,-0.281512,0.496880,0.266674,-0.715007,0.107077,1.254517,-2.046334,-2.420389,1.581776,0.911265,0.000628,0.000023,-0.221584,0.001101,0.002338,0.000426,0.002026
39.303020,-0.264619,-0.516517,-0.352682,-0.324422,-0.251974,0.673603,0.556668,-0.052360,-0.328620,0.364061,-0.174506,-0.279000,0.497340,0.267225,-0.715008,0.107074,1.254085,-2.046341,-2.420388,1.581776,0.911267,-0.000682,-0.001799,-0.219466,-0.002350,0.001890,0.000850,0.001726
39.304089,-0.259919,-0.522136,-0.353730,-0.325347,-0.247527,0.672718,0.557581,-0.052360,-0.328620,0.364061,-0.174506,-0.279000,0.497340,0.267225,-0.715008,0.107074,1.254085,-2.046341,-2.420388,1.581776,0.911267,-0.000682,-0.001799,-0.219466,-0.002350,0.001890,0.000850,0.001726
39.305015,-0.254549,-0.526727,-0.351942,-0.326699,-0.246100,0.672462,0.558120,-0.058968,-0.323289,0.354893,-0.174371,-0.277753,0.496886,0.267471,-0.715007,0.107073,1.253862,-2.046341,-2.420391,1.581779,0.911266,-0.000235,-0.001267,-0.219818,-0.001881,0.001206,0.001658,0.000948
39.306049,-0.247831,-0.530352,-0.358522,-0.328156,-0.241001,0.674026,0.559003,-0.066137,-0.318027,0.345353,-0.173386,-0.276548,0.496298,0.267661,-0.715007,0.107073,1.253640,-2.046341,-2.420384,1.581780,0.911266,-0.000498,-0.000977,-0.221136,-0.000931,0.002983,0.001839,0.000794
39.307069,-0.243514,-0.534162,-0.356094,-0.327964,-0.237285,0.673109,0.559840,-0.072234,-0.313550,0.336996,-0.172985,-0.275310,0.495805,0.267787,-0.715008,0.107071,1.253425,-2.046339,-2.420387,1.581777,0.911264,-0.001133,-0.001385,-0.218678,0.000020,0.001501,0.000201,0.000056
39.307978,-0.238012,-0.538454,-0.354833,-0.328771,-0.233275,0.673468,0.560552,-0.078009,-0.309080,0.329065,-0.173923,-0.273946,0.495456,0.267867,-0.715007,0.107072,1.253200,-2.046341,-2.420386,1.581780,0.911263,-0.000615,-0.001703,-0.220622,-0.000586,0.001355,0.001050,-0.000600
39.309032,-0.231763,-0.541033,-0.362602,-0.329192,-0.230422,0.673933,0.560748,-0.082237,-0.305437,0.322823,-0.175548,-0.272552,0.495256,0.267929,-0.715009,0.107071,1.252977,-2.046339,-2.420386,1.581780,0.911260,-0.000972,-0.001502,-0.221596,-0.000220,0.000521,0.000615,-0.001113
39.310059,-0.228747,-0.546664,-0.362043,-0.329552,-0.226048,0.674182,0.561080,-0.089191,-0.299296,0.312409,-0.179399,-0.269654,0.494938,0.268175,-0.715009,0.107066,1.252541,-2.046342,-2.420384,1.581776,0.911267,-0.000134,-0.001845,-0.219679,-0.000304,0.000558,-0.000217,-0.000122
39.310985,-0.225240,-0.549731,-0.363226,-0.330850,-0.222626,0.674129,0.561209,-0.096587,-0.294605,0.303634,-0.181330,-0.268009,0.494510,0.268398,-0.715007,0.107062,1.252322,-2.046338,-2.420385,1.581777,0.911268,0.000517,-0.002277,-0.219529,0.000516,0.000392,-0.000235,0.000537
39.312064,-0.215806,-0.558137,-0.365955,-0.329409,-0.219161,0.672776,0.561223,-0.105061,-0.290366,0.294092,-0.182436,-0.266361,0.493894,0.268665,-0.715012,0.107067,1.252102,-2.046342,-2.420384,1.581780,0.911271,-0.001331,-0.000449,-0.219106,-0.001346,0.000693,0.001042,0.001568
39.312998,-0.213275,-0.559032,-0.364658,-0.329003,-0.216048,0.673473,0.561497,-0.105061,-0.290366,0.294092,-0.182436,-0.266361,0.493894,0.268665,-0.715012,0.107067,1.252102,-2.046342,-2.420384,1.581780,0.911271,-0.001331,-0.000449,-0.219106,-0.001346,0.000693,0.001042,0.001568
39.313971,-0.211411,-0.562351,-0.365232,-0.330327,-0.213952,0.673371,0.562147,-0.118533,-0.288534,0.279791,-0.176984,-0.263802,0.492009,0.269182,-0.715007,0.107059,1.251659,-2.046342,-2.420375,1.581778,0.911276,0.001442,-0.002398,-0.220499,-0.001228,0.002081,0.000309,0.001578
39.315061,-0.202807,-0.567190,-0.363271,-0.330255,-0.208443,0.673009,0.562881,-0.118533,-0.288534,0.279791,-0.176984,-0.263802,0.492009,0.269182,-0.715007,0.107059,1.251659,-2.046342,-2.420375,1.581778,0.911276,0.001442,-0.002398,-0.220499,-0.001228,0.002081,0.000309,0.001578
39.316057,-0.199183,-0.573832,-0.369119,-0.333503,-0.204161,0.673134,0.564427,-0.124359,-0.288461,0.273966,-0.172067,-0.262807,0.490937,0.269369,-0.715008,0.107056,1.251435,-2.046346,-2.420377,1.581779,0.911273,-0.000013,-0.002302,-0.222438,-0.001708,0.000383,0.000592,0.001201
39.317019,-0.195699,-0.576685,-0.370674,-0.333861,-0.200051,0.672247,0.564799,-0.127735,-0.289137,0.270623,-0.167691,-0.261910,0.490084,0.269481,-0.715006,0.107058,1.251220,-2.046341,-2.420380,1.581780,0.911270,0.000779,-0.001143,-0.220203,0.001012,-0.000376,0.000387,-0.000905
39.318106,-0.185864,-0.579632,-0.373121,-0.331361,-0.197212,0.672890,0.565309,-0.131254,-0.289070,0.267028,-0.165404,-0.260853,0.489406,0.269538,-0.715002,0.107055,1.250998,-2.046336,-2.420378,1.581783,0.911271,0.001515,-0.001784,-0.219976,0.000819,-0.001142,0.001198,-0.000678
39.319040,-0.182952,-0.584745,-0.372648,-0.331310,-0.193182,0.672564,0.565958,-0.136918,-0.287414,0.261262,-0.164190,-0.259633,0.488684,0.269575,-0.715005,0.107051,1.250781,-2.046344,-2.420374,1.581779,0.911272,-0.000543,-0.002621,-0.219762,-0.002017,-0.000203,0.000486,-0.000626
39.320040,-0.180527,-0.592887,-0.369773,-0.332446,-0.188917,0.672078,0.566047,-0.142603,-0.286008,0.255625,-0.161260,-0.258560,0.487810,0.269619,-0.715003,0.107051,1.250560,-2.046346,-2.420377,1.581782,0.911271,0.000448,-0.002066,-0.220468,-0.002406,-0.000947,0.000742,-0.000996
39.321060,-0.172721,-0.597045,-0.372638,-0.332241,-0.186494,0.672901,0.565911,-0.146316,-0.286835,0.252118,-0.155719,-0.257736,0.486796,0.269696,-0.714999,0.107054,1.250336,-2.046344,-2.420379,1.581781,0.911272,0.001818,-0.000183,-0.222556,-0.001726,-0.001692,0.001164,-0.000179
39.321973,-0.169125,-0.597048,-0.369156,-0.333292,-0.184280,0.673157,0.566184,-0.146638,-0.291094,0.252082,-0.148198,-0.257115,0.485759,0.269821,-0.715000,0.107051,1.250115,-2.046346,-2.420377,1.581779,0.911275,0.000579,-0.000305,-0.221839,-0.002345,-0.000547,0.000271,0.001101
39.322975,-0.162803,-0.607384,-0.372280,-0.333991,-0.181150,0.673164,0.567360,-0.135992,-0.305692,0.263089,-0.132131,-0.256164,0.484357,0.270170,-0.714999,0.107051,1.249667,-2.046345,-2.420372,1.581780,0.911274,0.000636,0.000751,-0.223003,-0.001469,0.000759,-0.000126,0.000076
39.324039,-0.160224,-0.607291,-0.378846,-0.336484,-0.178315,0.673275,0.567371,-0.135992,-0.305692,0.263089,-0.132131,-0.256164,0.484357,0.270170,-0.714999,0.107051,1.249667,-2.046345,-2.420372,1.581780,0.911274,0.000636,0.000751,-0.223003,-0.001469,0.000759,-0.000126,0.000076
39.325150,-0.156094,-0.614129,-0.375502,-0.335204,-0.172763,0.673039,0.568419,-0.128725,-0.313045,0.270295,-0.125797,-0.255536,0.483974,0.270370,-0.714997,0.107045,1.249450,-2.046340,-2.420368,1.581782,0.911279,0.002128,-0.001578,-0.220644,0.000469,0.001611,-0.000326,0.001115
39.325968,-0.149443,-0.617375,-0.378967,-0.339111,-0.172340,0.673951,0.568564,-0.125876,-0.317127,0.272903,-0.121541,-0.254547,0.483526,0.270588,-0.714992,0.107046,1.249220,-2.046346,-2.420370,1.581782,0.911278,0.002909,-0.000543,-0.223297,-0.001208,-0.000064,-0.000161,0.000105
39.327125,-0.142448,-0.621756,-0.383570,-0.337826,-0.165700,0.672932,0.568976,-0.126145,-0.318461,0.272202,-0.119405,-0.253269,0.483105,0.270810,-0.714993,0.107043,1.249004,-2.046339,-2.420364,1.581783,0.911281,0.001725,-0.000675,-0.221656,0.002216,0.002361,-0.001147,0.000629
39.328095,-0.137437,-0.625478,-0.377901,-0.336360,-0.162634,0.672685,0.569430,-0.127688,-0.317868,0.270017,-0.119841,-0.251758,0.482864,0.271022,-0.714992,0.107041,1.248786,-2.046341,-2.420368,1.581784,0.911283,0.001265,-0.000960,-0.220592,0.000425,-0.000244,-0.000200,0.000942
39.329050,-0.136456,-0.630682,-0.380745,-0.338674,-0.158478,0.672294,0.570061,-0.129339,-0.316586,0.267639,-0.120995,-0.250235,0.482692,0.271205,-0.714990,0.107038,1.248557,-2.046345,-2.420366,1.581785,0.911283,0.001281,-0.001169,-0.223944,-0.001374,0.000097,-0.000034,0.000991
39.330050,-0.130373,-0.634446,-0.384981,-0.339065,-0.156615,0.672509,0.570009,-0.129502,-0.316416,0.266787,-0.120833,-0.248931,0.482468,0.271348,-0.714984,0.107037,1.248335,-2.046341,-2.420364,1.581785,0.911281,0.003242,-0.000613,-0.222997,0.000464,-0.000744,0.000291,0.000681
39.331113,-0.127493,-0.639729,-0.384086,-0.337903,-0.152106,0.672008,0.570901,-0.136290,-0.313770,0.258721,-0.119233,-0.246295,0.481403,0.271622,-0.714977,0.107036,1.247888,-2.046342,-2.420362,1.581786,0.911286,0.004080,-0.000543,-0.222845,-0.001210,0.000086,0.000432,0.001023
39.332070,-0.123224,-0.643678,-0.387480,-0.339204,-0.150453,0.671925,0.571377,-0.136290,-0.313770,0.258721,-0.119233,-0.246295,0.481403,0.271622,-0.714977,0.107036,1.247888,-2.046342,-2.420362,1.581786,0.911286,0.004080,-0.000543,-0.222845,-0.001210,0.000086,0.000432,0.001023
39.333047,-0.115632,-0.648998,-0.387804,-0.340119,-0.147301,0.672106,0.571606,-0.145091,-0.310937,0.249415,-0.116641,-0.244936,0.480323,0.271766,-0.714972,0.107035,1.247667,-2.046342,-2.420359,1.581786,0.911287,0.004389,-0.000634,-0.221645,-0.000319,0.001771,0.000440,0.001020
39.334106,-0.108623,-0.655310,-0.390692,-0.339675,-0.144623,0.672291,0.572184,-0.156006,-0.307758,0.237990,-0.113236,-0.243550,0.479016,0.271888,-0.714972,0.107034,1.247445,-2.046341,-2.420359,1.581786,0.911290,0.003131,-0.000076,-0.222092,0.000130,0.002029,0.000193,0.001526
39.335034,-0.106247,-0.652208,-0.391013,-0.341363,-0.138856,0.670526,0.572166,-0.173940,-0.304559,0.218700,-0.106183,-0.240849,0.476593,0.272015,-0.714964,0.107027,1.247001,-2.046339,-2.420359,1.581790,0.911292,0.003580,-0.002730,-0.221761,0.000463,0.000505,0.001624,0.002370
39.336083,-0.099742,-0.657785,-0.394381,-0.340471,-0.136254,0.671830,0.573007,-0.173940,-0.304559,0.218700,-0.106183,-0.240849,0.476593,0.272015,-0.714964,0.107027,1.247001,-2.046339,-2.420359,1.581790,0.911292,0.003580,-0.002730,-0.221761,0.000463,0.000505,0.001624,0.002370
39.337008,-0.091739,-0.662611,-0.394012,-0.341202,-0.132354,0.671174,0.573676,-0.184008,-0.300688,0.207643,-0.104070,-0.239310,0.475517,0.272046,-0.714961,0.107026,1.246783,-2.046341,-2.420355,1.581786,0.911293,0.003024,-0.002163,-0.220942,-0.000865,0.001572,0.000243,0.001712
39.338065,-0.090091,-0.664283,-0.395410,-0.343189,-0.129515,0.671670,0.574143,-0.194731,-0.295155,0.195723,-0.102739,-0.237666,0.474535,0.272078,-0.714961,0.107025,1.246558,-2.046341,-2.420355,1.581786,0.911291,0.001440,-0.001737,-0.221520,-0.000525,0.000898,0.000854,0.001301
39.339015,-0.082360,-0.668216,-0.398409,-0.342867,-0.125830,0.671127,0.574798,-0.203811,-0.289552,0.185167,-0.102274,-0.235983,0.473777,0.272123,-0.714955,0.107020,1.246333,-2.046337,-2.420353,1.581786,0.911292,0.003356,-0.003149,-0.221627,0.000905,0.001752,0.000273,0.001413
39.340031,-0.077735,-0.672735,-0.403044,-0.344220,-0.121566,0.670795,0.574702,-0.223128,-0.273620,0.161885,-0.106581,-0.232072,0.472819,0.272346,-0.714951,0.107015,1.245900,-2.046339,-2.420354,1.581790,0.911297,0.002269,-0.003110,-0.219142,0.001113,0.000675,0.000994,0.002236
39.341018,-0.070404,-0.677089,-0.404903,-0.344437,-0.118302,0.670345,0.575914,-0.223128,-0.273620,0.161885,-0.106581,-0.232072,0.472819,0.272346,-0.714951,0.107015,1.245900,-2.046339,-2.420354,1.581790,0.911297,0.002269,-0.003110,-0.219142,0.001113,0.000675,0.000994,0.002236
39.342046,-0.063983,-0.679924,-0.405829,-0.345244,-0.115342,0.671667,0.576197,-0.246907,-0.253208,0.133482,-0.115048,-0.227536,0.471971,0.272766,-0.714953,0.107007,1.245464,-2.046337,-2.420350,1.581786,0.911297,0.000693,-0.003790,-0.219236,0.001207,0.001475,-0.000014,0.001237
39.343070,-0.059862,-0.685098,-0.407394,-0.343476,-0.111969,0.672177,0.576224,-0.256691,-0.243946,0.121330,-0.119227,-0.225319,0.471677,0.273032,-0.714951,0.107006,1.245241,-2.046340,-2.420349,1.581786,0.911303,0.001304,-0.003392,-0.219183,-0.000954,0.001679,-0.000587,0.002183
39.344012,-0.051594,-0.689734,-0.410857,-0.344669,-0.108476,0.670378,0.576531,-0.256691,-0.243946,0.121330,-0.119227,-0.225319,0.471677,0.273032,-0.714951,0.107006,1.245241,-2.046340,-2.420349,1.581786,0.911303,0.001304,-0.003392,-0.219183,-0.000954,0.001679,-0.000587,0.002183
39.344999,-0.045507,-0.689990,-0.410990,-0.344820,-0.105231,0.671135,0.577043,-0.264616,-0.236584,0.111255,-0.121472,-0.223310,0.471311,0.273311,-0.714954,0.107004,1.245027,-2.046340,-2.420347,1.581789,0.911307,-0.000345,-0.003095,-0.217996,-0.000153,0.001459,0.001151,0.002479
39.345971,-0.036188,-0.692868,-0.412404,-0.345189,-0.101903,0.671334,0.576952,-0.272652,-0.225910,0.099475,-0.122979,-0.219787,0.470837,0.273778,-0.714964,0.106990,1.244588,-2.046341,-2.420343,1.581786,0.911313,-0.002795,-0.005603,-0.218486,-0.000487,0.001700,0.000056,0.003563
39.347079,-0.031701,-0.701562,-0.416369,-0.346594,-0.098448,0.670936,0.578623,-0.270640,-0.222004,0.099672,-0.124120,-0.218220,0.471083,0.273944,-0.714963,0.106991,1.244373,-2.046339,-2.420341,1.581787,0.911312,-0.002120,-0.003644,-0.217593,0.000391,0.002105,0.000378,0.001287
39.347989,-0.027846,-0.701980,-0.419025,-0.347707,-0.094119,0.670598,0.578970,-0.270640,-0.222004,0.099672,-0.124120,-0.218220,0.471083,0.273944,-0.714963,0.106991,1.244373,-2.046339,-2.420341,1.581787,0.911312,-0.002120,-0.003644,-0.217593,0.000391,0.002105,0.000378,0.001287
39.349027,-0.024187,-0.707403,-0.422377,-0.346976,-0.091040,0.670172,0.578906,-0.267055,-0.218564,0.101533,-0.125972,-0.216622,0.471487,0.274085,-0.714963,0.106982,1.244159,-2.046335,-2.420341,1.581787,0.911315,-0.001659,-0.005330,-0.216726,0.001016,0.000951,0.000650,0.001508
39.350154,-0.018237,-0.714827,-0.421769,-0.348455,-0.088590,0.671944,0.579328,-0.266416,-0.213448,0.100683,-0.128466,-0.214823,0.471759,0.274251,-0.714962,0.106979,1.243944,-2.046337,-2.420338,1.581789,0.911321,-0.000781,-0.004818,-0.215931,-0.000158,0.001490,0.000996,0.002650
39.351082,-0.011538,-0.714805,-0.421218,-0.347948,-0.086096,0.671426,0.578829,-0.268887,-0.207359,0.097112,-0.130564,-0.212911,0.471779,0.274479,-0.714962,0.106977,1.243721,-2.046334,-2.420333,1.581782,0.911324,-0.000811,-0.003514,-0.217327,0.000787,0.002938,-0.000839,0.002902
39.352093,-0.008699,-0.722642,-0.419208,-0.348923,-0.081941,0.670491,0.578234,-0.270282,-0.202631,0.094967,-0.131969,-0.211094,0.471791,0.274773,-0.714965,0.106970,1.243505,-2.046338,-2.420327,1.581785,0.911334,-0.001696,-0.005473,-0.218084,-0.000056,0.003630,-0.000381,0.004798
39.353054,-0.002998,-0.725800,-0.417600,-0.350038,-0.079094,0.670463,0.578315,-0.267604,-0.200322,0.097136,-0.132810,-0.209499,0.472017,0.275130,-0.714962,0.106967,1.243281,-2.046336,-2.420326,1.581788,0.911342,-0.000475,-0.003675,-0.219776,0.000450,0.002993,0.000474,0.006960
39.353955,0.001280,-0.729635,-0.421365,-0.350603,-0.077073,0.670929,0.578278,-0.259643,-0.201279,0.104735,-0.133196,-0.208155,0.472507,0.275525,-0.714964,0.106960,1.243057,-2.046336,-2.420322,1.581788,0.911350,-0.000797,-0.004120,-0.221084,0.001141,0.003479,0.000423,0.007708
39.355112,0.004433,-0.732483,-0.425352,-0.349939,-0.070776,0.670181,0.577177,-0.236026,-0.207961,0.127616,-0.134528,-0.205794,0.473943,0.276341,-0.714962,0.106950,1.242623,-2.046336,-2.420319,1.581788,0.911380,0.000882,-0.005120,-0.218829,0.000108,0.002307,0.000568,0.011925
39.356083,0.005676,-0.739129,-0.424591,-0.350366,-0.068269,0.670113,0.576929,-0.230415,-0.209024,0.132993,-0.134271,-0.204497,0.474168,0.276740,-0.714955,0.106949,1.242400,-2.046336,-2.420312,1.581788,0.911397,0.002729,-0.003865,-0.219775,0.000114,0.003162,0.000561,0.013302
39.357155,0.012892,-0.742168,-0.425413,-0.350089,-0.063777,0.670541,0.576181,-0.230415,-0.209024,0.132993,-0.134271,-0.204497,0.474168,0.276740,-0.714955,0.106949,1.242400,-2.046336,-2.420312,1.581788,0.911397,0.002729,-0.003865,-0.219775,0.000114,0.003162,0.000561,0.013302
39.358054,0.015993,-0.743559,-0.426445,-0.351881,-0.061680,0.671081,0.575264,-0.229657,-0.209084,0.133682,-0.132364,-0.203141,0.473909,0.277114,-0.714955,0.106945,1.242181,-2.046338,-2.420314,1.581790,0.911416,0.001899,-0.004634,-0.220297,-0.000593,0.002421,0.000043,0.015795
39.359019,0.024281,-0.752303,-0.422925,-0.352090,-0.057704,0.670686,0.575214,-0.231204,-0.208570,0.132034,-0.129833,-0.201735,0.473460,0.277477,-0.714951,0.106935,1.241959,-2.046336,-2.420308,1.581788,0.911441,0.002675,-0.005776,-0.220100,0.000786,0.003427,-0.000551,0.018421
39.359959,0.025582,-0.753270,-0.424795,-0.352116,-0.054467,0.670510,0.573261,-0.231731,-0.208427,0.131126,-0.127980,-0.200294,0.473163,0.277858,-0.714953,0.106937,1.241735,-2.046335,-2.420306,1.581790,0.911464,0.001061,-0.003474,-0.222402,0.000528,0.002789,-0.000223,0.019368
39.361003,0.033922,-0.756012,-0.423295,-0.353461,-0.051268,0.670144,0.572631,-0.228173,-0.210921,0.133983,-0.126443,-0.198937,0.473128,0.278276,-0.714947,0.106929,1.241511,-2.046335,-2.420306,1.581790,0.911499,0.002841,-0.004970,-0.221880,0.000134,0.002856,-0.000115,0.024104
39.362035,0.042160,-0.759725,-0.429006,-0.353488,-0.048367,0.670854,0.573260,-0.221596,-0.215117,0.139538,-0.125267,-0.197601,0.473298,0.278754,-0.714950,0.106919,1.241280,-2.046332,-2.420303,1.581790,0.911530,0.001414,-0.005740,-0.223360,0.000973,0.003287,0.000175,0.026249
39.362971,0.044574,-0.764774,-0.428962,-0.355331,-0.044557,0.670968,0.571953,-0.212785,-0.219477,0.146921,-0.125348,-0.196182,0.473742,0.279284,-0.714953,0.106912,1.241062,-2.046334,-2.420299,1.581789,0.911557,0.000038,-0.006029,-0.221284,0.000572,0.003957,-0.000608,0.025881
39.364062,0.048450,-0.771453,-0.426933,-0.353956,-0.040153,0.671008,0.572641,-0.202810,-0.223458,0.155077,-0.126960,-0.194616,0.474411,0.279845,-0.714950,0.106910,1.240838,-2.046330,-2.420297,1.581788,0.911593,0.001269,-0.005491,-0.221750,0.001927,0.003390,-0.000778,0.029319
39.364995,0.058936,-0.773266,-0.429764,-0.354198,-0.036573,0.671712,0.572888,-0.192963,-0.227567,0.162887,-0.129208,-0.192925,0.475105,0.280417,-0.714946,0.106906,1.240612,-2.046336,-2.420294,1.581786,0.911621,0.002139,-0.004461,-0.223701,0.000186,0.002768,-0.000884,0.028872
39.365989,0.060891,-0.779324,-0.425419,-0.355787,-0.033353,0.670324,0.573889,-0.181559,-0.233649,0.172245,-0.130527,-0.191313,0.475770,0.280966,-0.714953,0.106898,1.240389,-2.046336,-2.420292,1.581785,0.911651,-0.000609,-0.005502,-0.222683,0.000039,0.002440,-0.001654,0.029190
39.366978,0.069122,-0.780634,-0.428025,-0.356817,-0.030775,0.669378,0.574161,-0.166628,-0.242292,0.185136,-0.131015,-0.189881,0.476562,0.281485,-0.714949,0.106895,1.240157,-2.046334,-2.420287,1.581788,0.911679,0.001022,-0.004576,-0.225410,0.001160,0.002660,-0.000333,0.028046
39.367980,0.076159,-0.786472,-0.426246,-0.357422,-0.026050,0.668245,0.573576,-0.148002,-0.252644,0.201617,-0.132022,-0.188564,0.477627,0.282003,-0.714953,0.106886,1.239935,-2.046331,-2.420284,1.581789,0.911711,-0.000491,-0.005976,-0.224704,0.001660,0.003513,0.000533,0.028369
39.369074,0.078309,-0.792284,-0.431970,-0.353950,-0.022438,0.669562,0.574087,-0.125846,-0.264025,0.221458,-0.134218,-0.187334,0.479014,0.282553,-0.714955,0.106882,1.239705,-2.046328,-2.420284,1.581791,0.911747,-0.001346,-0.005151,-0.226184,0.001763,0.002275,0.001592,0.030406
39.370034,0.084604,-0.793875,-0.433582,-0.357375,-0.019708,0.669964,0.574427,-0.102159,-0.276681,0.242900,-0.135562,-0.186273,0.480385,0.283147,-0.714949,0.106879,1.239483,-2.046338,-2.420280,1.581787,0.911779,0.000409,-0.004589,-0.224260,-0.002001,0.002473,0.000192,0.030321
39.370974,0.088423,-0.796773,-0.434502,-0.357270,-0.014542,0.670650,0.573831,-0.082078,-0.289043,0.261101,-0.134358,-0.185311,0.481272,0.283771,-0.714950,0.106872,1.239261,-2.046329,-2.420274,1.581786,0.911809,-0.000234,-0.005800,-0.224003,0.000852,0.003046,-0.000263,0.030474
39.372104,0.093466,-0.802246,-0.433973,-0.357273,-0.011994,0.670216,0.574549,-0.068057,-0.298160,0.273436,-0.132945,-0.184183,0.481818,0.284410,-0.714949,0.106864,1.239035,-2.046330,-2.420276,1.581783,0.911845,0.000311,-0.006287,-0.223964,0.000330,0.001164,-0.000997,0.032475
39.373010,0.100018,-0.809374,-0.432927,-0.355712,-0.009027,0.669547,0.574552,-0.058789,-0.303862,0.281067,-0.132516,-0.182862,0.482248,0.285050,-0.714947,0.106859,1.238808,-2.046332,-2.420271,1.581786,0.911877,0.000731,-0.005922,-0.225275,-0.000114,0.002553,-0.000649,0.032005
39.373969,0.104740,-0.811488,-0.435881,-0.357028,-0.006248,0.669245,0.575163,-0.050750,-0.309544,0.287694,-0.130926,-0.181638,0.482522,0.285663,-0.714948,0.106856,1.238582,-2.046337,-2.420268,1.581788,0.911914,-0.000169,-0.004271,-0.226092,-0.001979,0.002709,-0.000049,0.032760
39.375070,0.113046,-0.816600,-0.437288,-0.357915,-0.002635,0.668686,0.575493,-0.041569,-0.317512,0.295807,-0.126860,-0.180677,0.482605,0.286228,-0.714947,0.106847,1.238356,-2.046333,-2.420263,1.581788,0.911945,-0.000011,-0.005213,-0.225072,-0.001149,0.003245,0.000181,0.032355
39.376128,0.115348,-0.821569,-0.443466,-0.358661,0.001913,0.669644,0.575242,-0.024094,-0.334130,0.311503,-0.117376,-0.178821,0.482528,0.287331,-0.714947,0.106838,1.237909,-2.046333,-2.420257,1.581787,0.912015,0.000369,-0.004735,-0.223105,-0.000477,0.002578,-0.000379,0.034078
39.377012,0.120285,-0.822715,-0.444402,-0.359369,0.004460,0.668625,0.575152,-0.021765,-0.338299,0.312864,-0.114250,-0.177471,0.482233,0.287970,-0.714946,0.106827,1.237687,-2.046332,-2.420249,1.581791,0.912051,0.000898,-0.006546,-0.223825,-0.000307,0.003956,0.000559,0.035162
39.377974,0.129776,-0.826373,-0.444277,-0.359960,0.008696,0.669185,0.576333,-0.021765,-0.338299,0.312864,-0.114250,-0.177471,0.482233,0.287970,-0.714946,0.106827,1.237687,-2.046332,-2.420249,1.581791,0.912051,0.000898,-0.006546,-0.223825,-0.000307,0.003956,0.000559,0.035162
39.379004,0.134325,-0.829649,-0.445691,-0.359886,0.013610,0.668798,0.576110,-0.026677,-0.335498,0.305281,-0.113330,-0.173939,0.481737,0.289501,-0.714944,0.106809,1.237228,-2.046334,-2.420241,1.581788,0.912121,0.000647,-0.008463,-0.226280,-0.000937,0.003679,0.000224,0.035342
39.380061,0.142937,-0.837777,-0.446311,-0.361763,0.016358,0.669480,0.576183,-0.026677,-0.335498,0.305281,-0.113330,-0.173939,0.481737,0.289501,-0.714944,0.106809,1.237228,-2.046334,-2.420241,1.581788,0.912121,0.000647,-0.008463,-0.226280,-0.000937,0.003679,0.000224,0.035342
39.381122,0.151857,-0.844053,-0.446111,-0.361813,0.021335,0.669133,0.576401,-0.026743,-0.332094,0.303482,-0.114945,-0.172109,0.481954,0.290374,-0.714946,0.106807,1.236999,-2.046332,-2.420231,1.581788,0.912161,-0.000044,-0.007327,-0.227795,0.000294,0.005605,-0.000559,0.036287
39.382040,0.157768,-0.850049,-0.449123,-0.361944,0.024246,0.668878,0.577131,-0.020753,-0.330914,0.307565,-0.117355,-0.170444,0.482644,0.291282,-0.714950,0.106801,1.236764,-2.046333,-2.420227,1.581789,0.912201,-0.000840,-0.007110,-0.229675,-0.000287,0.005340,-0.000298,0.036952
39.383035,0.164877,-0.854630,-0.454823,-0.362997,0.029423,0.669220,0.576984,-0.006868,-0.334098,0.319526,-0.119558,-0.169085,0.483769,0.292172,-0.714950,0.106793,1.236541,-2.046334,-2.420215,1.581789,0.912238,-0.000653,-0.006600,-0.229435,-0.000666,0.006460,-0.000123,0.036422
39.383980,0.171728,-0.857690,-0.460370,-0.363312,0.033778,0.668953,0.577452,0.011012,-0.340248,0.335656,-0.120970,-0.167935,0.485004,0.293010,-0.714952,0.106785,1.236314,-2.046334,-2.420212,1.581788,0.912277,-0.000801,-0.007020,-0.228151,-0.000196,0.005704,-0.000553,0.037761
39.384970,0.177759,-0.865084,-0.457718,-0.364967,0.037949,0.669218,0.577511,0.027125,-0.345903,0.350259,-0.122274,-0.166732,0.486078,0.293788,-0.714952,0.106775,1.236089,-2.046336,-2.420206,1.581789,0.912314,-0.001004,-0.008040,-0.226767,-0.000394,0.005547,-0.000367,0.037790
39.386013,0.184288,-0.869383,-0.461735,-0.364940,0.041223,0.668327,0.578039,0.040163,-0.349861,0.361988,-0.124153,-0.165374,0.486994,0.294504,-0.714952,0.106770,1.235855,-2.046333,-2.420198,1.581787,0.912356,-0.000645,-0.007048,-0.229607,0.000609,0.005754,-0.000714,0.038691
39.387027,0.192099,-0.874704,-0.463993,-0.365397,0.045576,0.669418,0.577770,0.052675,-0.353610,0.373382,-0.126524,-0.163970,0.487892,0.295158,-0.714951,0.106761,1.235625,-2.046334,-2.420186,1.581791,0.912395,-0.000356,-0.007738,-0.229321,-0.000009,0.007070,0.000075,0.038711
39.387984,0.195372,-0.885208,-0.464096,-0.365920,0.048659,0.667876,0.577980,0.065278,-0.357694,0.385146,-0.128770,-0.162611,0.488758,0.295774,-0.714953,0.106751,1.235392,-2.046333,-2.420179,1.581787,0.912439,-0.000790,-0.007814,-0.229786,-0.000186,0.007198,-0.001102,0.040296
39.389101,0.203056,-0.889145,-0.470023,-0.366589,0.054614,0.667620,0.578273,0.078054,-0.363098,0.397472,-0.129927,-0.161369,0.489490,0.296384,-0.714950,0.106749,1.235159,-2.046334,-2.420167,1.581788,0.912481,0.000814,-0.005202,-0.231078,-0.000197,0.008310,0.000379,0.040837
39.390047,0.208424,-0.895025,-0.472162,-0.366960,0.056650,0.667870,0.578737,0.090586,-0.370748,0.409996,-0.129348,-0.160252,0.489950,0.297005,-0.714950,0.106739,1.234928,-2.046334,-2.420162,1.581787,0.912523,0.000764,-0.006300,-0.230157,-0.000182,0.007311,0.000535,0.041409
39.390998,0.211607,-0.897844,-0.470412,-0.368295,0.062219,0.668122,0.578835,0.107875,-0.386618,0.428117,-0.125284,-0.157943,0.489992,0.298258,-0.714942,0.106722,1.234462,-2.046333,-2.420143,1.581789,0.912608,0.002880,-0.007086,-0.232603,0.000378,0.008044,-0.000150,0.042203
39.392015,0.219982,-0.902558,-0.475182,-0.369254,0.065558,0.668907,0.579319,0.107875,-0.386618,0.428117,-0.125284,-0.157943,0.489992,0.298258,-0.714942,0.106722,1.234462,-2.046333,-2.420143,1.581789,0.912608,0.002880,-0.007086,-0.232603,0.000378,0.008044,-0.000150,0.042203
39.392976,0.225461,-0.910722,-0.475222,-0.368172,0.071325,0.667667,0.580338,0.116154,-0.397078,0.436980,-0.123514,-0.155137,0.489872,0.299500,-0.714939,0.106712,1.233995,-2.046336,-2.420127,1.581791,0.912690,0.002657,-0.006068,-0.233138,-0.000872,0.007679,0.000134,0.041206
39.394007,0.230519,-0.914348,-0.479358,-0.370485,0.074672,0.667868,0.580660,0.118811,-0.402018,0.439786,-0.122544,-0.153656,0.489736,0.300092,-0.714933,0.106704,1.233761,-2.046332,-2.420114,1.581790,0.912732,0.003575,-0.007084,-0.232698,0.000776,0.008871,-0.000162,0.041635
39.394993,0.237886,-0.916187,-0.474816,-0.370818,0.078767,0.667571,0.580806,0.121160,-0.406341,0.442067,-0.122278,-0.152075,0.489681,0.300664,-0.714931,0.106693,1.233519,-2.046332,-2.420104,1.581791,0.912778,0.003205,-0.008818,-0.236371,0.000508,0.009106,0.000048,0.042335
39.396007,0.243630,-0.924134,-0.476480,-0.372070,0.083956,0.667330,0.580602,0.126141,-0.410487,0.446604,-0.123608,-0.150433,0.490001,0.301223,-0.714926,0.106688,1.233279,-2.046330,-2.420097,1.581794,0.912826,0.003743,-0.007612,-0.237013,0.001119,0.008403,0.000182,0.043765
39.397053,0.252530,-0.929831,-0.480875,-0.371114,0.088153,0.668542,0.580069,0.134793,-0.416091,0.454556,-0.125447,-0.148824,0.490606,0.301775,-0.714924,0.106682,1.233041,-2.046334,-2.420089,1.581791,0.912876,0.002824,-0.007641,-0.236465,-0.000372,0.008833,-0.001117,0.045881
39.398078,0.257080,-0.935461,-0.482402,-0.371843,0.092214,0.668230,0.580383,0.134793,-0.416091,0.454556,-0.125447,-0.148824,0.490606,0.301775,-0.714924,0.106682,1.233041,-2.046334,-2.420089,1.581791,0.912876,0.002824,-0.007641,-0.236465,-0.000372,0.008833,-0.001117,0.045881
39.398990,0.265162,-0.939168,-0.483244,-0.371669,0.096042,0.667983,0.580114,0.155599,-0.431446,0.473886,-0.126012,-0.145680,0.491680,0.302825,-0.714917,0.106665,1.232563,-2.046333,-2.420066,1.581792,0.912974,0.003023,-0.008232,-0.237935,-0.000983,0.009433,-0.000719,0.047696
39.399970,0.271730,-0.945311,-0.481666,-0.373087,0.098070,0.667110,0.579894,0.155599,-0.431446,0.473886,-0.126012,-0.145680,0.491680,0.302825,-0.714917,0.106665,1.232563,-2.046333,-2.420066,1.581792,0.912974,0.003023,-0.008232,-0.237935,-0.000983,0.009433,-0.000719,0.047696
39.401058,0.279928,-0.949645,-0.487422,-0.373735,0.102329,0.666385,0.580388,0.167881,-0.440888,0.485406,-0.124746,-0.144149,0.492158,0.303305,-0.714913,0.106658,1.232317,-2.046330,-2.420051,1.581791,0.913026,0.003049,-0.007826,-0.240029,-0.000196,0.011691,0.000079,0.049097
39.402065,0.284461,-0.956038,-0.484927,-0.373135,0.105892,0.665838,0.580974,0.182824,-0.451576,0.499476,-0.123329,-0.142658,0.492758,0.303740,-0.714910,0.106646,1.232082,-2.046330,-2.420038,1.581792,0.913076,0.002614,-0.008591,-0.239003,-0.000204,0.012176,0.000703,0.049187
39.402943,0.288623,-0.960155,-0.490662,-0.373940,0.109615,0.666117,0.581702,0.213750,-0.473495,0.528563,-0.119078,-0.139667,0.493768,0.304422,-0.714898,0.106630,1.231598,-2.046335,-2.420013,1.581793,0.913177,0.004558,-0.008443,-0.239711,-0.000976,0.013113,0.000796,0.048391
39.404086,0.293358,-0.971002,-0.496602,-0.375988,0.113362,0.665363,0.582134,0.213750,-0.473495,0.528563,-0.119078,-0.139667,0.493768,0.304422,-0.714898,0.106630,1.231598,-2.046335,-2.420013,1.581793,0.913177,0.004558,-0.008443,-0.239711,-0.000976,0.013113,0.000796,0.048391
39.404995,0.300332,-0.969964,-0.497542,-0.376736,0.115992,0.665257,0.581417,0.222942,-0.482206,0.536995,-0.115862,-0.137904,0.493710,0.304712,-0.714889,0.106627,1.231359,-2.046334,-2.419993,1.581794,0.913227,0.005993,-0.006167,-0.238820,0.000374,0.014329,0.001449,0.048697
39.405940,0.305460,-0.975913,-0.497422,-0.377106,0.118916,0.666660,0.581270,0.224422,-0.487293,0.537764,-0.113327,-0.135698,0.493200,0.305035,-0.714885,0.106613,1.231116,-2.046333,-2.419975,1.581794,0.913286,0.005536,-0.009134,-0.239391,0.000538,0.015607,0.001470,0.050998
39.406995,0.312558,-0.982019,-0.498311,-0.378882,0.122639,0.665910,0.581468,0.220601,-0.488447,0.533111,-0.112356,-0.133120,0.492548,0.305425,-0.714878,0.106605,1.230875,-2.046332,-2.419956,1.581790,0.913340,0.006113,-0.008692,-0.240650,0.000334,0.016741,-0.000006,0.052189
39.408020,0.317282,-0.984207,-0.499416,-0.378346,0.126788,0.665234,0.580559,0.215509,-0.487346,0.526988,-0.112948,-0.130356,0.492038,0.305878,-0.714872,0.106597,1.230631,-2.046330,-2.419936,1.581792,0.913395,0.006082,-0.008517,-0.241834,0.001446,0.017563,0.000661,0.052823
39.409060,0.321545,-0.985395,-0.503414,-0.378440,0.128960,0.666589,0.579932,0.211199,-0.485391,0.521480,-0.114721,-0.127519,0.491742,0.306380,-0.714863,0.106584,1.230387,-2.046332,-2.419919,1.581794,0.913455,0.007126,-0.010167,-0.242788,0.000330,0.017852,0.001239,0.055643
39.409958,0.326805,-0.993147,-0.503795,-0.381040,0.132999,0.666436,0.580025,0.205161,-0.480904,0.514195,-0.117052,-0.124583,0.491487,0.306926,-0.714852,0.106568,1.230144,-2.046334,-2.419894,1.581792,0.913518,0.008413,-0.012311,-0.242344,-0.000141,0.020132,-0.000214,0.057877
39.410986,0.330879,-0.998164,-0.508484,-0.380231,0.136620,0.665085,0.579872,0.195064,-0.472492,0.502831,-0.120096,-0.121465,0.491161,0.307487,-0.714844,0.106561,1.229899,-2.046330,-2.419875,1.581792,0.913579,0.008730,-0.010845,-0.243119,0.001871,0.019924,-0.000127,0.058498
39.411941,0.336785,-1.002433,-0.508390,-0.380450,0.140793,0.664364,0.580110,0.181294,-0.461476,0.487793,-0.123905,-0.118165,0.490719,0.308021,-0.714831,0.106549,1.229659,-2.046333,-2.419854,1.581794,0.913644,0.010054,-0.011101,-0.242321,0.000478,0.020720,0.001137,0.059774
39.413025,0.342027,-1.008289,-0.511417,-0.380831,0.147181,0.664294,0.580103,0.164151,-0.449461,0.469546,-0.127041,-0.114810,0.489972,0.308499,-0.714820,0.106536,1.229412,-2.046334,-2.419832,1.581795,0.913706,0.010212,-0.011508,-0.243557,0.000174,0.020622,0.001762,0.060179
39.414128,0.350483,-1.011483,-0.513968,-0.383498,0.151403,0.663995,0.580682,0.144810,-0.437460,0.449344,-0.128677,-0.111522,0.488907,0.308916,-0.714806,0.106525,1.229170,-2.046336,-2.419817,1.581796,0.913771,0.011130,-0.011495,-0.243812,-0.000046,0.018939,0.001726,0.061227
39.415037,0.354975,-1.017061,-0.513545,-0.383200,0.154257,0.664078,0.581177,0.125000,-0.425491,0.428774,-0.130138,-0.108257,0.487779,0.309280,-0.714796,0.106511,1.228922,-2.046332,-2.419795,1.581797,0.913833,0.010524,-0.012844,-0.244338,0.001907,0.019488,0.001927,0.061120
39.416043,0.357928,-1.023209,-0.512286,-0.384571,0.159901,0.663950,0.581609,0.106438,-0.413397,0.409374,-0.132898,-0.104970,0.486852,0.309598,-0.714783,0.106500,1.228672,-2.046333,-2.419774,1.581796,0.913894,0.011238,-0.012464,-0.245476,0.001058,0.020522,0.001767,0.060970
39.417028,0.364985,-1.027042,-0.513377,-0.383983,0.163649,0.663898,0.580761,0.090592,-0.402469,0.392630,-0.136461,-0.101757,0.486144,0.309899,-0.714766,0.106489,1.228421,-2.046330,-2.419759,1.581796,0.913955,0.012998,-0.012092,-0.247456,0.001789,0.019225,0.001809,0.061061
39.418006,0.369632,-1.032639,-0.516032,-0.385693,0.169328,0.663769,0.580896,0.077944,-0.393811,0.379124,-0.139782,-0.098709,0.485562,0.310233,-0.714755,0.106474,1.228170,-2.046332,-2.419737,1.581796,0.914022,0.012668,-0.012779,-0.248146,0.000646,0.019711,0.001775,0.063682
39.419009,0.376956,-1.037476,-0.520713,-0.383901,0.173687,0.665167,0.580596,0.067928,-0.387150,0.368328,-0.142654,-0.095821,0.485061,0.310627,-0.714737,0.106462,1.227923,-2.046330,-2.419721,1.581796,0.914090,0.013485,-0.012585,-0.248078,0.001749,0.018257,0.001820,0.064287
39.420018,0.382511,-1.039409,-0.517324,-0.384547,0.178588,0.664417,0.580906,0.058555,-0.381644,0.358330,-0.144764,-0.093033,0.484504,0.311069,-0.714725,0.106449,1.227679,-2.046336,-2.419702,1.581795,0.914160,0.013079,-0.012832,-0.247127,-0.000523,0.018231,0.000324,0.065809
39.421026,0.385000,-1.043033,-0.518123,-0.383211,0.182337,0.664787,0.580135,0.049431,-0.377053,0.348774,-0.145363,-0.090384,0.483832,0.311528,-0.714709,0.106431,1.227421,-2.046334,-2.419686,1.581797,0.914226,0.013563,-0.014511,-0.250136,-0.000486,0.017704,0.000998,0.066110
39.422024,0.392111,-1.050386,-0.521098,-0.384583,0.186021,0.664598,0.580672,0.041377,-0.373162,0.340438,-0.144084,-0.087931,0.483099,0.311975,-0.714690,0.106414,1.227171,-2.046340,-2.419668,1.581797,0.914303,0.015538,-0.015319,-0.251076,-0.002303,0.018324,0.000530,0.068568
39.422952,0.396535,-1.053088,-0.527952,-0.384929,0.189908,0.666169,0.580684,0.033634,-0.369743,0.332607,-0.140819,-0.085635,0.482232,0.312381,-0.714675,0.106403,1.226920,-2.046341,-2.419650,1.581798,0.914369,0.015186,-0.014307,-0.250873,-0.001480,0.018947,0.000628,0.068390
39.423966,0.402364,-1.057864,-0.529003,-0.388064,0.193622,0.665019,0.581021,0.023893,-0.365907,0.322986,-0.136342,-0.083319,0.481127,0.312732,-0.714657,0.106386,1.226673,-2.046343,-2.419631,1.581793,0.914439,0.015938,-0.015386,-0.248470,-0.001645,0.019048,-0.001008,0.069198
39.425016,0.406158,-1.066412,-0.531820,-0.388423,0.197884,0.664877,0.580090,0.009722,-0.359435,0.308949,-0.132824,-0.080705,0.479847,0.313047,-0.714641,0.106369,1.226423,-2.046337,-2.419611,1.581796,0.914509,0.016273,-0.015630,-0.249361,0.000784,0.019704,0.000063,0.069445
39.426009,0.411807,-1.070580,-0.533071,-0.387743,0.201942,0.664514,0.580502,-0.008215,-0.350324,0.290964,-0.131602,-0.077699,0.478534,0.313356,-0.714620,0.106357,1.226174,-2.046337,-2.419591,1.581797,0.914587,0.017717,-0.014159,-0.249505,0.000496,0.019961,0.000096,0.072272
39.427086,0.417138,-1.075542,-0.534845,-0.389296,0.205960,0.664791,0.578843,-0.027839,-0.340945,0.271202,-0.131285,-0.074491,0.477125,0.313666,-0.714601,0.106343,1.225925,-2.046341,-2.419570,1.581797,0.914660,0.018038,-0.014721,-0.250182,-0.000687,0.020155,0.000374,0.072310
39.427972,0.423373,-1.080934,-0.534829,-0.388208,0.207938,0.663153,0.580728,-0.047827,-0.332461,0.251091,-0.130509,-0.071269,0.475576,0.313981,-0.714579,0.106327,1.225670,-2.046339,-2.419547,1.581797,0.914744,0.018796,-0.015079,-0.250894,0.000199,0.020764,0.000001,0.076617
39.429013,0.431278,-1.085466,-0.538941,-0.390956,0.213767,0.663293,0.579628,-0.066351,-0.325561,0.232467,-0.128980,-0.068144,0.473987,0.314288,-0.714561,0.106313,1.225414,-2.046343,-2.419524,1.581801,0.914813,0.018465,-0.014698,-0.251669,-0.001343,0.022550,0.001557,0.073551
39.430010,0.438320,-1.087045,-0.541734,-0.393147,0.215770,0.663702,0.579421,-0.081713,-0.320970,0.217037,-0.126803,-0.065153,0.472473,0.314565,-0.714544,0.106295,1.225166,-2.046339,-2.419507,1.581801,0.914897,0.017860,-0.015152,-0.251116,0.000730,0.021203,0.001307,0.076713
39.431022,0.446314,-1.095295,-0.545228,-0.391408,0.219059,0.663962,0.578869,-0.093943,-0.316850,0.204518,-0.126442,-0.062069,0.471316,0.314821,-0.714525,0.106276,1.224913,-2.046336,-2.419479,1.581798,0.914978,0.017501,-0.016962,-0.250996,0.002270,0.023448,0.000825,0.077974
39.432042,0.451742,-1.101344,-0.544792,-0.392515,0.222450,0.662989,0.579370,-0.103467,-0.312140,0.194355,-0.128668,-0.058800,0.470608,0.315054,-0.714508,0.106264,1.224665,-2.046341,-2.419453,1.581796,0.915064,0.016757,-0.015501,-0.250655,-0.000002,0.024439,0.000491,0.079942
39.432988,0.457744,-1.107305,-0.549194,-0.391321,0.225356,0.664156,0.579459,-0.109100,-0.309457,0.187974,-0.130647,-0.055608,0.470108,0.315234,-0.714488,0.106247,1.224411,-2.046339,-2.419425,1.581797,0.915144,0.017295,-0.015164,-0.252253,0.000485,0.025363,0.001384,0.079814
39.434026,0.465181,-1.109096,-0.546206,-0.392676,0.228566,0.664512,0.578557,-0.110630,-0.310535,0.185788,-0.130381,-0.052666,0.469597,0.315348,-0.714470,0.106234,1.224161,-2.046343,-2.419400,1.581796,0.915226,0.017294,-0.014685,-0.251118,-0.001196,0.026456,0.000119,0.080439
39.435111,0.471990,-1.115556,-0.552638,-0.393165,0.231560,0.664125,0.578797,-0.108427,-0.314749,0.187408,-0.127914,-0.050006,0.469094,0.315417,-0.714453,0.106214,1.223904,-2.046341,-2.419373,1.581795,0.915315,0.016903,-0.016495,-0.254052,-0.000472,0.027656,-0.000314,0.083147
39.436037,0.483637,-1.119294,-0.555612,-0.394115,0.237089,0.663814,0.578298,-0.102369,-0.320743,0.192807,-0.124544,-0.047605,0.468789,0.315475,-0.714435,0.106199,1.223653,-2.046341,-2.419343,1.581795,0.915399,0.016989,-0.016115,-0.252468,-0.000633,0.029243,-0.000014,0.083594
39.436967,0.484684,-1.126931,-0.557943,-0.396001,0.241660,0.663194,0.576861,-0.093309,-0.327443,0.201082,-0.121398,-0.045395,0.468738,0.315543,-0.714425,0.106181,1.223401,-2.046339,-2.419319,1.581799,0.915487,0.014171,-0.016647,-0.251973,-0.000278,0.027615,0.000192,0.085356
39.438002,0.494180,-1.130789,-0.564017,-0.396111,0.244071,0.663877,0.576967,-0.072634,-0.340553,0.219697,-0.118478,-0.041121,0.469079,0.315774,-0.714390,0.106152,1.222903,-2.046337,-2.419264,1.581796,0.915675,0.015190,-0.016084,-0.250276,0.000503,0.028952,-0.000036,0.089594
39.439041,0.500026,-1.136827,-0.564976,-0.395112,0.248774,0.664419,0.577200,-0.064875,-0.345892,0.226352,-0.117877,-0.038993,0.469125,0.315920,-0.714371,0.106136,1.222655,-2.046341,-2.419239,1.581795,0.915765,0.015609,-0.015788,-0.251341,-0.001024,0.028654,-0.000657,0.090001
39.440038,0.504500,-1.139112,-0.567801,-0.395491,0.255165,0.663509,0.578252,-0.064875,-0.345892,0.226352,-0.117877,-0.038993,0.469125,0.315920,-0.714371,0.106136,1.222655,-2.046341,-2.419239,1.581795,0.915765,0.015609,-0.015788,-0.251341,-0.001024,0.028654,-0.000657,0.090001
39.441012,0.514051,-1.145281,-0.569772,-0.397746,0.259259,0.663597,0.578643,-0.059049,-0.350643,0.231173,-0.116189,-0.036999,0.468954,0.316030,-0.714353,0.106116,1.222402,-2.046343,-2.419217,1.581795,0.915850,0.016559,-0.017228,-0.251196,-0.001176,0.026512,0.000178,0.088725
39.441986,0.516722,-1.150556,-0.569973,-0.397956,0.264467,0.663145,0.577200,-0.054935,-0.354176,0.234263,-0.114290,-0.035030,0.468677,0.316079,-0.714340,0.106102,1.222149,-2.046339,-2.419190,1.581798,0.915944,0.014916,-0.016696,-0.251382,0.000428,0.026554,-0.000023,0.088742
39.443078,0.521583,-1.156913,-0.575800,-0.399483,0.268882,0.663336,0.577014,-0.050713,-0.356906,0.237271,-0.113543,-0.032978,0.468526,0.316087,-0.714318,0.106086,1.221893,-2.046339,-2.419166,1.581799,0.916045,0.016678,-0.016610,-0.252437,0.000044,0.025477,0.000349,0.092416
39.444112,0.528266,-1.162938,-0.582084,-0.399764,0.272462,0.663803,0.577917,-0.047440,-0.358869,0.239228,-0.113845,-0.030758,0.468403,0.316089,-0.714299,0.106071,1.221640,-2.046337,-2.419137,1.581800,0.916140,0.017730,-0.016334,-0.251186,0.000895,0.025702,0.000049,0.093684
39.445060,0.535821,-1.168450,-0.580378,-0.398361,0.277254,0.663353,0.577779,-0.048721,-0.358867,0.236738,-0.114766,-0.028245,0.468044,0.316094,-0.714281,0.106055,1.221398,-2.046337,-2.419108,1.581800,0.916234,0.017689,-0.016039,-0.249598,0.000553,0.026485,-0.000510,0.092709
39.446000,0.537569,-1.176206,-0.584121,-0.400855,0.280496,0.664178,0.577151,-0.053732,-0.358084,0.230763,-0.115031,-0.025570,0.467384,0.316104,-0.714267,0.106039,1.221141,-2.046343,-2.419083,1.581801,0.916329,0.016968,-0.015760,-0.251508,-0.001290,0.025697,-0.000138,0.093756
39.447014,0.541059,-1.178630,-0.579871,-0.400989,0.283921,0.664876,0.576254,-0.059373,-0.358820,0.224379,-0.113568,-0.022930,0.466498,0.316150,-0.714243,0.106028,1.220890,-2.046339,-2.419054,1.581798,0.916429,0.019044,-0.014383,-0.250664,0.000594,0.026412,-0.001044,0.095740
39.447963,0.545267,-1.181758,-0.583116,-0.400359,0.287290,0.664281,0.575480,-0.065164,-0.360841,0.217863,-0.111312,-0.020257,0.465516,0.316259,-0.714221,0.106009,1.220630,-2.046339,-2.419022,1.581797,0.916535,0.020483,-0.015827,-0.254087,0.000104,0.027231,-0.001821,0.098319
39.448978,0.551957,-1.186558,-0.585040,-0.401182,0.289610,0.663137,0.575585,-0.071530,-0.362762,0.210681,-0.108778,-0.017521,0.464512,0.316413,-0.714198,0.105991,1.220376,-2.046341,-2.418993,1.581799,0.916639,0.021330,-0.016714,-0.253479,-0.001043,0.027837,-0.001308,0.100577
39.450053,0.553297,-1.193172,-0.589224,-0.404658,0.294214,0.663336,0.576026,-0.089634,-0.362637,0.190823,-0.102584,-0.011802,0.462211,0.316648,-0.714149,0.105957,1.219865,-2.046335,-2.418928,1.581801,0.916846,0.023876,-0.016468,-0.253330,0.001925,0.029663,-0.000566,0.101122
39.451038,0.559997,-1.197726,-0.588869,-0.403429,0.297665,0.661944,0.575788,-0.089634,-0.362637,0.190823,-0.102584,-0.011802,0.462211,0.316648,-0.714149,0.105957,1.219865,-2.046335,-2.418928,1.581801,0.916846,0.023876,-0.016468,-0.253330,0.001925,0.029663,-0.000566,0.101122
39.452109,0.573025,-1.204484,-0.591265,-0.404398,0.302463,0.661417,0.575049,-0.116278,-0.356059,0.161927,-0.100369,-0.005226,0.459785,0.316603,-0.714114,0.105926,1.219351,-2.046339,-2.418867,1.581802,0.917062,0.020542,-0.016229,-0.255040,0.000522,0.030054,0.001177,0.104683
39.453038,0.574333,-1.209723,-0.590491,-0.404086,0.304197,0.662313,0.574732,-0.116278,-0.356059,0.161927,-0.100369,-0.005226,0.459785,0.316603,-0.714114,0.105926,1.219351,-2.046339,-2.418867,1.581802,0.917062,0.020542,-0.016229,-0.255040,0.000522,0.030054,0.001177,0.104683
39.453986,0.579030,-1.212926,-0.588157,-0.406200,0.308527,0.662529,0.574652,-0.122900,-0.356564,0.154045,-0.098918,-0.002188,0.458911,0.316454,-0.714086,0.105910,1.219090,-2.046340,-2.418830,1.581800,0.917172,0.022770,-0.016036,-0.256331,-0.000344,0.032157,0.000201,0.105972
39.455057,0.588892,-1.217031,-0.590260,-0.405584,0.314094,0.661352,0.573735,-0.123728,-0.360197,0.151790,-0.097129,0.000593,0.458360,0.316235,-0.714061,0.105892,1.218828,-2.046335,-2.418800,1.581799,0.917282,0.023334,-0.016895,-0.258458,0.001136,0.031764,-0.000087,0.106813
39.456020,0.594704,-1.223361,-0.598147,-0.408135,0.317078,0.660992,0.573400,-0.119417,-0.365568,0.154415,-0.095972,0.003195,0.458239,0.315991,-0.714041,0.105873,1.218572,-2.046337,-2.418770,1.581802,0.917398,0.021792,-0.017632,-0.258941,-0.000100,0.030708,0.000992,0.109475
39.456972,0.598696,-1.225933,-0.598313,-0.407345,0.322227,0.662218,0.571897,-0.111536,-0.371495,0.160357,-0.095981,0.005709,0.458501,0.315781,-0.714017,0.105857,1.218318,-2.046331,-2.418734,1.581802,0.917513,0.021901,-0.016969,-0.256092,0.001775,0.031727,0.001265,0.110821
39.457969,0.601802,-1.233531,-0.598168,-0.406488,0.325946,0.662026,0.571770,-0.101103,-0.378522,0.166496,-0.098449,0.011012,0.458969,0.315577,-0.713966,0.105821,1.217802,-2.046337,-2.418669,1.581800,0.917752,0.024407,-0.016930,-0.258352,-0.000921,0.030967,0.000067,0.115441
39.459129,0.607543,-1.238766,-0.601438,-0.407633,0.328887,0.661834,0.570672,-0.099990,-0.380965,0.165549,-0.097696,0.013613,0.458733,0.315541,-0.713940,0.105803,1.217539,-2.046337,-2.418629,1.581800,0.917877,0.025169,-0.017383,-0.258560,-0.000443,0.032860,0.000164,0.118533
39.460002,0.613106,-1.240817,-0.599264,-0.408365,0.333860,0.662357,0.569619,-0.099990,-0.380965,0.165549,-0.097696,0.013613,0.458733,0.315541,-0.713940,0.105803,1.217539,-2.046337,-2.418629,1.581800,0.917877,0.025169,-0.017383,-0.258560,-0.000443,0.032860,0.000164,0.118533
39.460975,0.617153,-1.249221,-0.600345,-0.409748,0.335561,0.661653,0.569244,-0.100167,-0.383156,0.163309,-0.095842,0.016126,0.458298,0.315515,-0.713916,0.105780,1.217279,-2.046337,-2.418601,1.581799,0.918002,0.025066,-0.018549,-0.260321,-0.000229,0.031504,-0.000439,0.121174
39.461958,0.622370,-1.250638,-0.599861,-0.409664,0.339969,0.660889,0.569118,-0.099468,-0.385221,0.161743,-0.094328,0.018560,0.457961,0.315473,-0.713888,0.105768,1.217014,-2.046335,-2.418562,1.581801,0.918130,0.026034,-0.016907,-0.260792,0.000542,0.033826,0.000183,0.122560
39.463057,0.629327,-1.257349,-0.602466,-0.411091,0.345251,0.660172,0.568650,-0.093115,-0.390548,0.162937,-0.092761,0.023103,0.457728,0.315257,-0.713835,0.105726,1.216486,-2.046335,-2.418497,1.581801,0.918385,0.026404,-0.018218,-0.262398,0.000654,0.032831,0.001482,0.125207
39.464052,0.636472,-1.262231,-0.607212,-0.410782,0.348324,0.660726,0.567641,-0.088304,-0.393272,0.164915,-0.092726,0.025245,0.457793,0.315092,-0.713810,0.105706,1.216224,-2.046337,-2.418460,1.581799,0.918521,0.025918,-0.018340,-0.261170,-0.000216,0.033882,0.000842,0.127873
39.465006,0.638603,-1.266014,-0.604518,-0.411573,0.351725,0.660082,0.566108,-0.088304,-0.393272,0.164915,-0.092726,0.025245,0.457793,0.315092,-0.713810,0.105706,1.216224,-2.046337,-2.418460,1.581799,0.918521,0.025918,-0.018340,-0.261170,-0.000216,0.033882,0.000842,0.127873
39.465983,0.640797,-1.271676,-0.604118,-0.413006,0.357359,0.659897,0.567591,-0.083571,-0.395934,0.166736,-0.092639,0.027330,0.457864,0.314916,-0.713778,0.105686,1.215958,-2.046337,-2.418424,1.581801,0.918663,0.027745,-0.018892,-0.263492,0.000033,0.034411,0.001402,0.131517
39.467060,0.650031,-1.275000,-0.603034,-0.413494,0.361215,0.660810,0.565764,-0.074962,-0.400325,0.169133,-0.093521,0.031558,0.458097,0.314546,-0.713718,0.105645,1.215416,-2.046333,-2.418359,1.581799,0.918931,0.028282,-0.019702,-0.266595,0.000639,0.033514,0.000490,0.133586
39.468063,0.659154,-1.275313,-0.604443,-0.413739,0.363512,0.661384,0.565108,-0.074962,-0.400325,0.169133,-0.093521,0.031558,0.458097,0.314546,-0.713718,0.105645,1.215416,-2.046333,-2.418359,1.581799,0.918931,0.028282,-0.019702,-0.266595,0.000639,0.033514,0.000490,0.133586
39.468981,0.660685,-1.282218,-0.605118,-0.414745,0.365863,0.659775,0.564535,-0.053930,-0.405241,0.183015,-0.099504,0.035817,0.459825,0.314179,-0.713659,0.105598,1.214879,-2.046331,-2.418280,1.581802,0.919211,0.028829,-0.020909,-0.267406,0.000713,0.036724,0.001364,0.137182
39.470000,0.668706,-1.289714,-0.605610,-0.414425,0.370486,0.660210,0.564487,-0.053930,-0.405241,0.183015,-0.099504,0.035817,0.459825,0.314179,-0.713659,0.105598,1.214879,-2.046331,-2.418280,1.581802,0.919211,0.028829,-0.020909,-0.267406,0.000713,0.036724,0.001364,0.137182
39.470967,0.672831,-1.289547,-0.605374,-0.415457,0.372597,0.660346,0.563972,-0.039301,-0.408568,0.193878,-0.103077,0.037917,0.461054,0.313958,-0.713633,0.105579,1.214610,-2.046333,-2.418245,1.581800,0.919353,0.027946,-0.019803,-0.268342,-0.000180,0.036320,0.000834,0.137914
39.471973,0.680886,-1.296529,-0.604851,-0.415932,0.376856,0.659667,0.563250,-0.022681,-0.413702,0.206777,-0.105793,0.039937,0.462294,0.313699,-0.713602,0.105553,1.214338,-2.046333,-2.418205,1.581800,0.919492,0.028834,-0.022331,-0.269377,0.000294,0.038186,0.000621,0.139543
39.473022,0.686556,-1.300257,-0.607401,-0.416340,0.381848,0.660404,0.562657,-0.003860,-0.419756,0.221824,-0.108363,0.041884,0.463655,0.313418,-0.713576,0.105534,1.214061,-2.046333,-2.418167,1.581800,0.919640,0.027897,-0.021406,-0.270662,0.000169,0.038052,0.001217,0.141598
39.473968,0.688343,-1.304817,-0.605526,-0.418664,0.384898,0.660390,0.562110,0.017445,-0.426738,0.239247,-0.111022,0.043734,0.465165,0.313132,-0.713546,0.105510,1.213791,-2.046335,-2.418131,1.581798,0.919787,0.028291,-0.022237,-0.270671,0.000006,0.037413,0.000386,0.143441
39.475053,0.693704,-1.309965,-0.610075,-0.418517,0.388954,0.660494,0.562133,0.059466,-0.439254,0.273113,-0.118653,0.047528,0.468302,0.312631,-0.713480,0.105465,1.213245,-2.046331,-2.418052,1.581799,0.920085,0.030857,-0.022554,-0.271558,0.000884,0.038671,0.000119,0.145702
39.476087,0.700352,-1.314835,-0.609138,-0.418234,0.393320,0.660874,0.561140,0.059466,-0.439254,0.273113,-0.118653,0.047528,0.468302,0.312631,-0.713480,0.105465,1.213245,-2.046331,-2.418052,1.581799,0.920085,0.030857,-0.022554,-0.271558,0.000884,0.038671,0.000119,0.145702
39.476943,0.703540,-1.319616,-0.610915,-0.421341,0.398435,0.661227,0.559596,0.076028,-0.443251,0.285613,-0.123120,0.049545,0.469636,0.312480,-0.713450,0.105441,1.212966,-2.046333,-2.418018,1.581799,0.920238,0.030687,-0.022735,-0.273170,0.000032,0.038608,-0.000348,0.148326
39.478004,0.711854,-1.328024,-0.612044,-0.421271,0.403649,0.659934,0.559444,0.090314,-0.446399,0.295953,-0.127457,0.051554,0.470810,0.312407,-0.713414,0.105418,1.212688,-2.046325,-2.417982,1.581798,0.920400,0.032260,-0.023019,-0.273465,0.002350,0.037814,-0.000784,0.151961
39.479038,0.718178,-1.336196,-0.614966,-0.419264,0.409378,0.658942,0.558337,0.103445,-0.448994,0.305168,-0.132622,0.053602,0.471966,0.312388,-0.713383,0.105395,1.212413,-2.046327,-2.417945,1.581798,0.920556,0.032161,-0.022208,-0.275261,0.001497,0.038074,0.000411,0.153087
39.479950,0.724514,-1.340695,-0.619735,-0.421205,0.414139,0.659331,0.558338,0.117094,-0.453473,0.315142,-0.136569,0.055491,0.472953,0.312386,-0.713348,0.105376,1.212133,-2.046333,-2.417911,1.581802,0.920717,0.032920,-0.021470,-0.275935,-0.001147,0.037688,0.001275,0.156110
39.481179,0.733082,-1.346489,-0.626747,-0.421189,0.421403,0.659906,0.559064,0.130737,-0.460868,0.325603,-0.137174,0.057094,0.473517,0.312375,-0.713316,0.105351,1.211855,-2.046329,-2.417874,1.581800,0.920876,0.033189,-0.022096,-0.275055,0.000075,0.037573,0.000784,0.156716
39.481956,0.737331,-1.348447,-0.623038,-0.422452,0.425480,0.660127,0.558117,0.141194,-0.468293,0.333265,-0.135830,0.058670,0.473661,0.312347,-0.713280,0.105326,1.211582,-2.046331,-2.417837,1.581800,0.921033,0.033643,-0.023160,-0.274811,-0.000830,0.036695,0.000080,0.156334
39.483027,0.745534,-1.355857,-0.626214,-0.424169,0.431222,0.659589,0.558849,0.153303,-0.476553,0.339898,-0.134517,0.062429,0.473689,0.312272,-0.713209,0.105277,1.211020,-2.046329,-2.417763,1.581799,0.921358,0.034307,-0.024287,-0.278178,0.000738,0.036301,0.000223,0.158025
39.484096,0.754751,-1.359708,-0.625279,-0.424586,0.435759,0.658970,0.558971,0.161400,-0.479104,0.344910,-0.136629,0.064596,0.474189,0.312227,-0.713176,0.105250,1.210732,-2.046329,-2.417724,1.581799,0.921515,0.033782,-0.025755,-0.280905,0.000360,0.037265,0.000736,0.158650
39.484991,0.760739,-1.366263,-0.625698,-0.424777,0.441535,0.659067,0.559289,0.161400,-0.479104,0.344910,-0.136629,0.064596,0.474189,0.312227,-0.713176,0.105250,1.210732,-2.046329,-2.417724,1.581799,0.921515,0.033782,-0.025755,-0.280905,0.000360,0.037265,0.000736,0.158650
39.485965,0.764689,-1.369452,-0.626894,-0.426935,0.444965,0.659527,0.559413,0.174640,-0.482820,0.354781,-0.140065,0.066785,0.475188,0.312168,-0.713140,0.105225,1.210446,-2.046331,-2.417686,1.581798,0.921674,0.034129,-0.025252,-0.282001,-0.000066,0.036016,0.000540,0.158612
39.487027,0.779794,-1.379955,-0.633030,-0.426692,0.449431,0.658901,0.560065,0.211485,-0.492845,0.384346,-0.149621,0.071333,0.478229,0.312109,-0.713074,0.105173,1.209882,-2.046331,-2.417604,1.581800,0.921992,0.032304,-0.024833,-0.282390,0.000318,0.038511,0.000493,0.158607
39.487961,0.787894,-1.384826,-0.631545,-0.428104,0.453885,0.658605,0.559919,0.211485,-0.492845,0.384346,-0.149621,0.071333,0.478229,0.312109,-0.713074,0.105173,1.209882,-2.046331,-2.417604,1.581800,0.921992,0.032304,-0.024833,-0.282390,0.000318,0.038511,0.000493,0.158607
39.489025,0.791190,-1.391180,-0.638427,-0.427850,0.459229,0.659353,0.560564,0.236299,-0.501232,0.405456,-0.154750,0.073504,0.480190,0.312120,-0.713042,0.105148,1.209596,-2.046327,-2.417565,1.581799,0.922153,0.031827,-0.025351,-0.284702,0.000969,0.038804,0.000694,0.159569
39.489990,0.794149,-1.397025,-0.638272,-0.428358,0.463836,0.658225,0.560893,0.290972,-0.523378,0.452945,-0.162224,0.077345,0.484046,0.312204,-0.712963,0.105096,1.209023,-2.046331,-2.417487,1.581802,0.922471,0.036285,-0.025650,-0.285253,-0.000195,0.039234,0.000853,0.159154
39.490928,0.802488,-1.403213,-0.639327,-0.429330,0.467615,0.658804,0.560994,0.311267,-0.532749,0.469998,-0.163653,0.079208,0.485249,0.312281,-0.712927,0.105069,1.208737,-2.046331,-2.417445,1.581801,0.922629,0.035601,-0.025487,-0.286273,0.000079,0.040195,0.000168,0.159626
39.492094,0.811916,-1.412751,-0.646786,-0.430896,0.474219,0.657795,0.561856,0.311267,-0.532749,0.469998,-0.163653,0.079208,0.485249,0.312281,-0.712927,0.105069,1.208737,-2.046331,-2.417445,1.581801,0.922629,0.035601,-0.025487,-0.286273,0.000079,0.040195,0.000168,0.159626
39.493023,0.815198,-1.416111,-0.645343,-0.430402,0.479346,0.657410,0.562554,0.328671,-0.541745,0.484361,-0.164203,0.081000,0.486130,0.312339,-0.712893,0.105047,1.208450,-2.046331,-2.417406,1.581802,0.922786,0.035375,-0.024477,-0.285290,0.000779,0.039603,0.001067,0.158879
39.494048,0.821960,-1.424262,-0.650955,-0.432052,0.483892,0.657738,0.563599,0.343560,-0.550469,0.496411,-0.164207,0.082738,0.486739,0.312335,-0.712852,0.105017,1.208160,-2.046333,-2.417367,1.581802,0.922942,0.037160,-0.025683,-0.287508,-0.000367,0.039201,0.001349,0.158152
39.494983,0.829132,-1.427503,-0.653133,-0.430989,0.489769,0.657702,0.564378,0.354733,-0.558115,0.505010,-0.163549,0.084472,0.487013,0.312251,-0.712812,0.104992,1.207876,-2.046331,-2.417324,1.581803,0.923098,0.037583,-0.024837,-0.286719,0.000504,0.039875,0.000903,0.156857
39.495957,0.834053,-1.431211,-0.652570,-0.432865,0.493356,0.657291,0.564988,0.364625,-0.567988,0.510570,-0.160544,0.088118,0.486638,0.311890,-0.712735,0.104932,1.207290,-2.046333,-2.417245,1.581804,0.923409,0.038637,-0.027281,-0.289065,-0.000051,0.040118,0.001153,0.155493
39.497001,0.844109,-1.434567,-0.656268,-0.433939,0.496823,0.657229,0.566366,0.364625,-0.567988,0.510570,-0.160544,0.088118,0.486638,0.311890,-0.712735,0.104932,1.207290,-2.046333,-2.417245,1.581804,0.923409,0.038637,-0.027281,-0.289065,-0.000051,0.040118,0.001153,0.155493
39.498015,0.849204,-1.441704,-0.661531,-0.433531,0.502268,0.656807,0.567423,0.365809,-0.569030,0.509685,-0.159908,0.090130,0.486412,0.311644,-0.712701,0.104902,1.206999,-2.046331,-2.417202,1.581799,0.923559,0.037557,-0.028857,-0.289259,0.000186,0.041971,0.001132,0.153569
39.499051,0.855652,-1.447792,-0.660146,-0.433904,0.507461,0.657465,0.567803,0.363123,-0.563631,0.502786,-0.161165,0.094627,0.486137,0.311158,-0.712617,0.104846,1.206415,-2.046337,-2.417118,1.581802,0.923859,0.039396,-0.028663,-0.291247,-0.001235,0.041748,0.000656,0.152362
39.500086,0.864469,-1.454710,-0.661056,-0.436445,0.512710,0.656960,0.567908,0.363123,-0.563631,0.502786,-0.161165,0.094627,0.486137,0.311158,-0.712617,0.104846,1.206415,-2.046337,-2.417118,1.581802,0.923859,0.039396,-0.028663,-0.291247,-0.001235,0.041748,0.000656,0.152362
39.501007,0.870158,-1.462649,-0.656287,-0.435127,0.515468,0.655640,0.569474,0.367666,-0.561746,0.503040,-0.161463,0.099068,0.486228,0.310809,-0.712538,0.104791,1.205819,-2.046339,-2.417029,1.581807,0.924160,0.039404,-0.027346,-0.296448,-0.001431,0.043626,0.002268,0.150504
39.502003,0.873645,-1.470492,-0.656988,-0.436786,0.519858,0.655686,0.570182,0.367666,-0.561746,0.503040,-0.161463,0.099068,0.486228,0.310809,-0.712538,0.104791,1.205819,-2.046339,-2.417029,1.581807,0.924160,0.039404,-0.027346,-0.296448,-0.001431,0.043626,0.002268,0.150504
39.502926,0.879162,-1.472711,-0.660990,-0.436593,0.524201,0.656109,0.570711,0.398766,-0.579416,0.529741,-0.156648,0.102401,0.487046,0.310493,-0.712448,0.104732,1.205218,-2.046340,-2.416941,1.581805,0.924459,0.041868,-0.028282,-0.297043,-0.001358,0.044550,0.001595,0.149520
39.504001,0.886739,-1.480580,-0.663350,-0.438007,0.528280,0.655432,0.571588,0.398766,-0.579416,0.529741,-0.156648,0.102401,0.487046,0.310493,-0.712448,0.104732,1.205218,-2.046340,-2.416941,1.581805,0.924459,0.041868,-0.028282,-0.297043,-0.001358,0.044550,0.001595,0.149520
39.505152,0.892203,-1.487918,-0.665563,-0.438922,0.534379,0.657073,0.572912,0.414513,-0.590153,0.543425,-0.152713,0.103985,0.487205,0.310326,-0.712405,0.104706,1.204921,-2.046339,-2.416894,1.581804,0.924603,0.042073,-0.027739,-0.298045,-0.000740,0.045927,0.002181,0.148676
39.506069,0.893923,-1.491475,-0.666635,-0.438476,0.539082,0.656774,0.574006,0.427721,-0.599984,0.554621,-0.148762,0.105643,0.487190,0.310131,-0.712359,0.104679,1.204617,-2.046339,-2.416852,1.581801,0.924749,0.043626,-0.027733,-0.299414,-0.000676,0.045728,0.000413,0.147033
39.506988,0.895791,-1.496829,-0.665817,-0.438239,0.544034,0.656998,0.573832,0.440118,-0.613940,0.563320,-0.139960,0.109247,0.486290,0.309692,-0.712255,0.104618,1.204011,-2.046345,-2.416760,1.581803,0.925038,0.048304,-0.028914,-0.301784,-0.002591,0.045247,0.000299,0.146613
39.508105,0.901848,-1.504504,-0.669158,-0.439752,0.549174,0.658800,0.575614,0.440118,-0.613940,0.563320,-0.139960,0.109247,0.486290,0.309692,-0.712255,0.104618,1.204011,-2.046345,-2.416760,1.581803,0.925038,0.048304,-0.028914,-0.301784,-0.002591,0.045247,0.000299,0.146613
39.509056,0.906724,-1.509733,-0.668979,-0.441306,0.554239,0.657748,0.574646,0.427168,-0.617777,0.547477,-0.128134,0.113344,0.483757,0.309303,-0.712153,0.104559,1.203396,-2.046344,-2.416668,1.581806,0.925332,0.050271,-0.028921,-0.303827,-0.001077,0.045500,-0.000670,0.146697
39.510007,0.909393,-1.514253,-0.672180,-0.442229,0.559204,0.656546,0.575402,0.414362,-0.616480,0.533284,-0.123555,0.115720,0.482296,0.309124,-0.712096,0.104527,1.203096,-2.046341,-2.416625,1.581808,0.925475,0.052256,-0.029578,-0.303675,-0.000925,0.045338,0.000424,0.145897
39.510961,0.910857,-1.517893,-0.671682,-0.443893,0.564304,0.656874,0.576273,0.395747,-0.611448,0.513281,-0.120835,0.118502,0.480676,0.308947,-0.712035,0.104494,1.202783,-2.046339,-2.416581,1.581806,0.925617,0.054805,-0.030663,-0.305266,-0.000017,0.045043,-0.000005,0.144911
39.512042,0.920162,-1.526475,-0.671544,-0.444155,0.569234,0.656251,0.576107,0.373210,-0.603565,0.489329,-0.119914,0.121658,0.478989,0.308765,-0.711981,0.104465,1.202476,-2.046341,-2.416535,1.581808,0.925764,0.054007,-0.029755,-0.307397,-0.000518,0.045597,0.000501,0.146178
39.513031,0.923099,-1.530249,-0.673066,-0.443378,0.572811,0.656120,0.577061,0.373210,-0.603565,0.489329,-0.119914,0.121658,0.478989,0.308765,-0.711981,0.104465,1.202476,-2.046341,-2.416535,1.581808,0.925764,0.054007,-0.029755,-0.307397,-0.000518,0.045597,0.000501,0.146178
39.514097,0.930110,-1.538119,-0.672402,-0.446328,0.577173,0.657020,0.577644,0.351409,-0.596108,0.466159,-0.119175,0.124916,0.477336,0.308575,-0.711923,0.104432,1.202164,-2.046343,-2.416488,1.581809,0.925907,0.056018,-0.030910,-0.308146,-0.001982,0.047005,0.000520,0.145045
39.515019,0.935930,-1.542242,-0.675242,-0.445868,0.581257,0.656428,0.579519,0.332185,-0.590353,0.445620,-0.117834,0.128160,0.475749,0.308375,-0.711865,0.104401,1.201852,-2.046339,-2.416438,1.581807,0.926054,0.056269,-0.030289,-0.310429,0.000118,0.048003,-0.000487,0.144776
39.515978,0.937409,-1.548198,-0.676031,-0.447591,0.586380,0.656184,0.579240,0.316528,-0.586273,0.428559,-0.116806,0.131435,0.474389,0.308160,-0.711809,0.104368,1.201542,-2.046344,-2.416387,1.581809,0.926189,0.056558,-0.031030,-0.310162,-0.000950,0.048470,0.000015,0.141740
39.517004,0.939304,-1.555972,-0.675679,-0.448322,0.591512,0.655776,0.579914,0.302846,-0.582954,0.413387,-0.116315,0.134810,0.473180,0.307946,-0.711744,0.104336,1.201227,-2.046342,-2.416340,1.581809,0.926337,0.059084,-0.030984,-0.311107,0.000036,0.048141,0.000155,0.143079
39.517945,0.947085,-1.555676,-0.674311,-0.449788,0.594490,0.655149,0.580112,0.288001,-0.579248,0.397041,-0.116079,0.138368,0.471872,0.307756,-0.711677,0.104305,1.200914,-2.046342,-2.416289,1.581810,0.926479,0.061649,-0.030282,-0.312998,-0.000003,0.048155,0.000454,0.142573
39.519037,0.949713,-1.565667,-0.681172,-0.450322,0.600521,0.654963,0.580714,0.272519,-0.574853,0.379975,-0.116503,0.142070,0.470547,0.307599,-0.711618,0.104267,1.200594,-2.046338,-2.416236,1.581809,0.926622,0.060954,-0.033268,-0.314847,0.000677,0.049831,0.000989,0.142919
39.520056,0.956993,-1.571875,-0.681042,-0.451425,0.603464,0.655190,0.580859,0.256910,-0.569027,0.362621,-0.118053,0.145858,0.469326,0.307494,-0.711548,0.104239,1.200285,-2.046340,-2.416187,1.581808,0.926764,0.063425,-0.031667,-0.313486,0.000428,0.049297,0.001061,0.142657
39.520933,0.960548,-1.574598,-0.686059,-0.451654,0.609267,0.655462,0.580666,0.240236,-0.562183,0.344144,-0.119993,0.149656,0.468052,0.307456,-0.711484,0.104206,1.199965,-2.046338,-2.416129,1.581808,0.926908,0.063259,-0.031722,-0.315160,0.000739,0.051404,0.000726,0.143214
39.522061,0.961716,-1.581045,-0.687292,-0.452377,0.613647,0.655383,0.582194,0.222448,-0.554816,0.324538,-0.121799,0.153383,0.466659,0.307479,-0.711418,0.104172,1.199650,-2.046341,-2.416080,1.581807,0.927055,0.064379,-0.032994,-0.313512,0.000394,0.049895,0.000368,0.144233
39.523018,0.968008,-1.586321,-0.687970,-0.453444,0.619989,0.655327,0.582098,0.201317,-0.545285,0.301554,-0.123544,0.157084,0.465047,0.307536,-0.711343,0.104138,1.199335,-2.046342,-2.416026,1.581810,0.927194,0.067650,-0.033270,-0.315154,0.000295,0.051214,0.000319,0.142155
39.523960,0.970584,-1.588907,-0.686381,-0.453201,0.622544,0.656254,0.582566,0.176137,-0.533254,0.274477,-0.125121,0.160769,0.463173,0.307601,-0.711275,0.104105,1.199014,-2.046340,-2.415980,1.581808,0.927338,0.067672,-0.033548,-0.316037,0.000618,0.049638,0.000284,0.143127
39.525067,0.977479,-1.596139,-0.688576,-0.454959,0.628555,0.655564,0.583319,0.150200,-0.520165,0.246515,-0.126565,0.164342,0.461269,0.307651,-0.711199,0.104066,1.198690,-2.046342,-2.415922,1.581804,0.927481,0.069451,-0.035062,-0.317972,-0.000291,0.051729,-0.000727,0.142917
39.526022,0.982638,-1.599002,-0.686507,-0.454878,0.630775,0.655710,0.583630,0.126263,-0.507065,0.220360,-0.127942,0.167743,0.459533,0.307666,-0.711129,0.104032,1.198371,-2.046339,-2.415873,1.581805,0.927622,0.069793,-0.034857,-0.318920,0.000578,0.051288,-0.000142,0.142380
39.526978,0.986975,-1.605132,-0.683499,-0.454522,0.637576,0.656789,0.584095,0.106698,-0.495041,0.198342,-0.129415,0.170948,0.458117,0.307626,-0.711056,0.103995,1.198044,-2.046340,-2.415815,1.581806,0.927765,0.070345,-0.036301,-0.321125,-0.000184,0.053770,-0.000399,0.142518
39.528024,0.991502,-1.613224,-0.680446,-0.455944,0.640967,0.655795,0.584290,0.094121,-0.485660,0.183075,-0.130448,0.173853,0.457131,0.307541,-0.710982,0.103959,1.197716,-2.046342,-2.415768,1.581805,0.927909,0.071306,-0.036112,-0.323797,-0.001209,0.051711,-0.001583,0.142337
39.529040,0.991992,-1.621824,-0.690972,-0.456591,0.647094,0.655757,0.584821,0.090844,-0.481063,0.176946,-0.130160,0.176349,0.456613,0.307436,-0.710907,0.103924,1.197381,-2.046340,-2.415714,1.581805,0.928053,0.072531,-0.035256,-0.326868,-0.000589,0.053566,-0.000677,0.142828
39.529991,0.999928,-1.627611,-0.685815,-0.457690,0.651224,0.654368,0.586176,0.095263,-0.482855,0.175963,-0.124925,0.180854,0.455597,0.307317,-0.710754,0.103856,1.196731,-2.046338,-2.415612,1.581807,0.928332,0.074709,-0.034070,-0.326849,-0.000358,0.053097,0.000540,0.140647
39.531079,1.005184,-1.632571,-0.687814,-0.459338,0.656782,0.656109,0.586972,0.095263,-0.482855,0.175963,-0.124925,0.180854,0.455597,0.307317,-0.710754,0.103856,1.196731,-2.046338,-2.415612,1.581807,0.928332,0.074709,-0.034070,-0.326849,-0.000358,0.053097,0.000540,0.140647
39.532027,1.005897,-1.640491,-0.683872,-0.460551,0.661935,0.654918,0.587753,0.098972,-0.486892,0.177121,-0.121390,0.183124,0.454972,0.307326,-0.710675,0.103820,1.196399,-2.046336,-2.415562,1.581802,0.928475,0.075720,-0.034934,-0.327636,0.000427,0.053018,-0.001316,0.140007
39.532973,1.008702,-1.641428,-0.686651,-0.461316,0.666740,0.654117,0.588868,0.106576,-0.492784,0.181957,-0.119013,0.185391,0.454672,0.307383,-0.710592,0.103787,1.196065,-2.046335,-2.415510,1.581805,0.928616,0.078364,-0.033845,-0.330668,0.000931,0.052562,-0.000211,0.139196
39.534043,1.011177,-1.649702,-0.686857,-0.461401,0.670849,0.653927,0.588937,0.115002,-0.498648,0.187380,-0.118128,0.187763,0.454544,0.307488,-0.710509,0.103747,1.195735,-2.046336,-2.415460,1.581808,0.928752,0.079929,-0.036215,-0.330320,0.001006,0.052464,0.000470,0.137728
39.534967,1.017478,-1.651385,-0.688303,-0.462406,0.676418,0.653753,0.589885,0.120156,-0.502357,0.189399,-0.118254,0.190314,0.454306,0.307630,-0.710422,0.103711,1.195394,-2.046336,-2.415405,1.581806,0.928893,0.082141,-0.035316,-0.331836,0.000291,0.053699,0.000554,0.138535
39.535969,1.020610,-1.658687,-0.688789,-0.463824,0.680613,0.654105,0.590955,0.118627,-0.502578,0.181337,-0.119929,0.195719,0.453350,0.307912,-0.710253,0.103634,1.194725,-2.046334,-2.415305,1.581806,0.929160,0.083472,-0.036580,-0.333087,0.001238,0.053521,0.000176,0.136082
39.537037,1.025415,-1.664848,-0.685536,-0.462215,0.687153,0.652969,0.591851,0.118627,-0.502578,0.181337,-0.119929,0.195719,0.453350,0.307912,-0.710253,0.103634,1.194725,-2.046334,-2.415305,1.581806,0.929160,0.083472,-0.036580,-0.333087,0.001238,0.053521,0.000176,0.136082
39.538038,1.032913,-1.666007,-0.685346,-0.465175,0.692094,0.654064,0.592369,0.115206,-0.501555,0.170780,-0.122068,0.200925,0.452550,0.308058,-0.710082,0.103552,1.194044,-2.046334,-2.415202,1.581806,0.929430,0.083928,-0.039134,-0.337647,0.001080,0.052384,-0.000010,0.135056
39.539002,1.035047,-1.672820,-0.691209,-0.466069,0.697798,0.652293,0.593416,0.116463,-0.501433,0.168106,-0.124360,0.203493,0.452566,0.308089,-0.709992,0.103515,1.193707,-2.046334,-2.415152,1.581812,0.929562,0.085847,-0.038592,-0.335774,0.001234,0.051475,0.001658,0.133762
39.539999,1.037857,-1.676522,-0.686961,-0.465336,0.701750,0.653213,0.593304,0.115281,-0.499353,0.162823,-0.127998,0.206316,0.452611,0.308109,-0.709900,0.103472,1.193362,-2.046336,-2.415098,1.581809,0.929696,0.087529,-0.039697,-0.339116,-0.000199,0.052487,0.000625,0.134856
39.541041,1.045215,-1.678288,-0.690718,-0.466794,0.708217,0.652841,0.593548,0.111298,-0.495483,0.154694,-0.131903,0.209359,0.452559,0.308130,-0.709813,0.103426,1.193021,-2.046335,-2.415051,1.581811,0.929833,0.087152,-0.041880,-0.338650,0.000468,0.051254,0.000886,0.135261
39.541939,1.052288,-1.686010,-0.688724,-0.465880,0.710804,0.652988,0.594745,0.107293,-0.490940,0.146509,-0.135909,0.212521,0.452576,0.308154,-0.709729,0.103389,1.192676,-2.046339,-2.414993,1.581810,0.929962,0.086369,-0.040650,-0.340294,-0.001039,0.053055,0.000652,0.133573
39.543091,1.057646,-1.690207,-0.690465,-0.465935,0.717256,0.652048,0.593924,0.106174,-0.488406,0.141293,-0.138607,0.215585,0.452657,0.308176,-0.709639,0.103343,1.192335,-2.046340,-2.414941,1.581812,0.930103,0.087468,-0.042024,-0.341469,-0.001789,0.052404,0.001467,0.136296
39.543937,1.063540,-1.689142,-0.692274,-0.468303,0.721572,0.652100,0.594716,0.107090,-0.486736,0.138119,-0.140612,0.218582,0.452808,0.308199,-0.709554,0.103293,1.191994,-2.046339,-2.414889,1.581812,0.930237,0.087037,-0.044898,-0.340952,-0.000065,0.052224,0.001319,0.135315
39.544926,1.070750,-1.697705,-0.694375,-0.468575,0.725580,0.652040,0.595073,0.108150,-0.483325,0.134887,-0.144093,0.221711,0.453142,0.308217,-0.709468,0.103254,1.191655,-2.046338,-2.414833,1.581812,0.930375,0.086544,-0.043527,-0.341107,-0.000559,0.053101,0.001276,0.135432
39.545968,1.072949,-1.704683,-0.694781,-0.470188,0.730850,0.652174,0.594175,0.109799,-0.479647,0.132067,-0.148628,0.224924,0.453585,0.308223,-0.709375,0.103211,1.191307,-2.046336,-2.414778,1.581809,0.930520,0.088735,-0.043145,-0.342287,0.000233,0.053007,0.001055,0.138121
39.546975,1.078945,-1.709837,-0.696150,-0.471433,0.734992,0.652533,0.595022,0.111970,-0.476981,0.129685,-0.153522,0.228167,0.454017,0.308218,-0.709284,0.103165,1.190961,-2.046335,-2.414723,1.581808,0.930654,0.088844,-0.043515,-0.342800,0.000725,0.053855,0.000591,0.137250
39.547949,1.080046,-1.712668,-0.693673,-0.471079,0.738427,0.652872,0.594789,0.114111,-0.474766,0.127241,-0.158677,0.231414,0.454419,0.308198,-0.709187,0.103120,1.190614,-2.046338,-2.414663,1.581811,0.930796,0.091237,-0.044936,-0.345064,-0.000300,0.055186,0.000134,0.138523
39.548966,1.085823,-1.721127,-0.696808,-0.471367,0.742245,0.652672,0.595641,0.115823,-0.473167,0.124457,-0.162854,0.234543,0.454658,0.308165,-0.709095,0.103076,1.190271,-2.046340,-2.414603,1.581813,0.930933,0.091492,-0.043683,-0.344773,-0.000713,0.056363,0.000224,0.137659
39.550062,1.089964,-1.727454,-0.689947,-0.473263,0.746405,0.652785,0.595376,0.119545,-0.474151,0.123731,-0.165325,0.237388,0.454773,0.308131,-0.708999,0.103034,1.189914,-2.046339,-2.414542,1.581811,0.931079,0.092874,-0.043828,-0.349805,0.000344,0.057615,0.000006,0.139152
39.551059,1.090276,-1.729201,-0.689196,-0.474350,0.752475,0.652447,0.594732,0.127795,-0.478021,0.127356,-0.167315,0.239940,0.455040,0.308108,-0.708899,0.102983,1.189559,-2.046336,-2.414489,1.581807,0.931223,0.095718,-0.045812,-0.351192,0.000632,0.056472,0.000269,0.141254
39.551948,1.095217,-1.732868,-0.683734,-0.474995,0.755238,0.652011,0.595541,0.127795,-0.478021,0.127356,-0.167315,0.239940,0.455040,0.308108,-0.708899,0.102983,1.189559,-2.046336,-2.414489,1.581807,0.931223,0.095718,-0.045812,-0.351192,0.000632,0.056472,0.000269,0.141254
39.553002,1.100969,-1.736105,-0.694328,-0.475576,0.762590,0.652894,0.593929,0.139591,-0.482667,0.134289,-0.170117,0.242320,0.455589,0.308080,-0.708803,0.102937,1.189196,-2.046338,-2.414426,1.581807,0.931363,0.095806,-0.046489,-0.354306,0.000650,0.058000,0.000615,0.140281
39.553976,1.108126,-1.742149,-0.688355,-0.476165,0.765150,0.652080,0.594428,0.152084,-0.486098,0.141826,-0.173969,0.244665,0.456318,0.308028,-0.708704,0.102886,1.188852,-2.046338,-2.414373,1.581806,0.931513,0.096167,-0.047930,-0.350428,0.000459,0.055878,-0.000389,0.144416
39.555069,1.113654,-1.747994,-0.687057,-0.476741,0.769040,0.652596,0.593755,0.163365,-0.487641,0.148190,-0.178552,0.247065,0.457086,0.307949,-0.708610,0.102838,1.188489,-2.046338,-2.414314,1.581810,0.931660,0.095534,-0.047687,-0.354311,0.000331,0.058123,0.000323,0.144139
39.555954,1.118287,-1.751624,-0.680788,-0.476851,0.773484,0.651469,0.593125,0.177509,-0.490150,0.157439,-0.182974,0.249338,0.458031,0.307820,-0.708513,0.102789,1.188127,-2.046339,-2.414253,1.581810,0.931813,0.096208,-0.047964,-0.356422,0.000096,0.059633,-0.000320,0.146417
39.557022,1.124894,-1.758433,-0.679856,-0.477054,0.778881,0.651541,0.592586,0.229902,-0.508063,0.200037,-0.188294,0.252780,0.461023,0.307383,-0.708321,0.102692,1.187391,-2.046342,-2.414133,1.581811,0.932122,0.096477,-0.048339,-0.361584,-0.000957,0.059318,0.000528,0.150227
39.557922,1.125999,-1.759962,-0.680378,-0.478879,0.781305,0.650992,0.592252,0.266457,-0.522906,0.231689,-0.189054,0.254045,0.462928,0.307104,-0.708219,0.102638,1.187033,-2.046341,-2.414067,1.581811,0.932279,0.098491,-0.050072,-0.361801,0.000181,0.061205,0.000991,0.151506
39.559069,1.128908,-1.767439,-0.680980,-0.479306,0.786906,0.651238,0.591938,0.266457,-0.522906,0.231689,-0.189054,0.254045,0.462928,0.307104,-0.708219,0.102638,1.187033,-2.046341,-2.414067,1.581811,0.932279,0.098491,-0.050072,-0.361801,0.000181,0.061205,0.000991,0.151506
39.560436,1.136760,-1.777624,-0.684249,-0.479494,0.791682,0.651603,0.590222,0.302164,-0.537290,0.262454,-0.189698,0.255367,0.464742,0.306826,-0.708116,0.102590,1.186667,-2.046339,-2.414010,1.581809,0.932436,0.100610,-0.049705,-0.363224,-0.000292,0.061323,0.000632,0.153104
39.560949,1.137478,-1.778114,-0.682720,-0.480410,0.793326,0.650960,0.587883,0.333931,-0.550775,0.289384,-0.189515,0.256760,0.466186,0.306573,-0.708014,0.102544,1.186298,-2.046340,-2.413942,1.581807,0.932602,0.101184,-0.048796,-0.364434,-0.001100,0.063403,0.000135,0.157799
39.561949,1.145257,-1.783774,-0.683412,-0.482477,0.798281,0.651160,0.587072,0.361636,-0.564484,0.312500,-0.187610,0.258109,0.467151,0.306376,-0.707909,0.102491,1.185939,-2.046340,-2.413875,1.581810,0.932773,0.101725,-0.049706,-0.363592,-0.000562,0.063902,0.000718,0.162508
39.563043,1.144957,-1.786008,-0.684755,-0.483068,0.803289,0.650414,0.585672,0.384946,-0.577407,0.331327,-0.185429,0.259490,0.467784,0.306257,-0.707810,0.102440,1.185568,-2.046336,-2.413812,1.581811,0.932944,0.100826,-0.049725,-0.364135,0.000686,0.063803,0.000400,0.164808
39.564013,1.153859,-1.791559,-0.677255,-0.483526,0.809282,0.651269,0.584260,0.403003,-0.587701,0.344793,-0.184762,0.261048,0.468253,0.306213,-0.707698,0.102385,1.185203,-2.046338,-2.413746,1.581811,0.933119,0.104267,-0.051753,-0.364905,0.000489,0.064165,0.001040,0.168441
39.564933,1.157969,-1.795344,-0.677861,-0.486014,0.812625,0.651385,0.583321,0.417171,-0.595418,0.354217,-0.185763,0.262755,0.468706,0.306232,-0.707599,0.102333,1.184821,-2.046338,-2.413683,1.581809,0.933297,0.102643,-0.051692,-0.369267,0.000230,0.062852,0.000083,0.171895
39.566026,1.162757,-1.802219,-0.674412,-0.484250,0.816527,0.650608,0.582996,0.433021,-0.603108,0.365122,-0.188487,0.264472,0.469515,0.306282,-0.707493,0.102279,1.184448,-2.046333,-2.413618,1.581811,0.933479,0.103203,-0.052351,-0.369342,0.001950,0.063949,-0.000134,0.174311
39.566973,1.168335,-1.805197,-0.671057,-0.484422,0.819753,0.650337,0.582249,0.452906,-0.612518,0.379944,-0.192300,0.266157,0.470741,0.306312,-0.707386,0.102227,1.184070,-2.046341,-2.413551,1.581813,0.933658,0.104107,-0.052070,-0.372370,-0.000475,0.065391,0.000526,0.175754
39.567948,1.173784,-1.813257,-0.670140,-0.486888,0.822646,0.651189,0.581019,0.476833,-0.624990,0.398956,-0.194762,0.267698,0.472108,0.306268,-0.707282,0.102171,1.183691,-2.046342,-2.413483,1.581812,0.933840,0.104034,-0.053206,-0.374530,-0.000960,0.066691,0.000697,0.177841
39.569090,1.180837,-1.814647,-0.671073,-0.487817,0.827489,0.650761,0.581925,0.505793,-0.641306,0.423258,-0.195367,0.269065,0.473605,0.306119,-0.707176,0.102121,1.183317,-2.046339,-2.413410,1.581811,0.934027,0.104130,-0.051921,-0.375688,0.000712,0.068430,-0.000259,0.180916
39.569987,1.180779,-1.819872,-0.667426,-0.487557,0.828420,0.649404,0.581024,0.538705,-0.659797,0.451653,-0.196053,0.270462,0.475361,0.305875,-0.707072,0.102061,1.182939,-2.046336,-2.413339,1.581812,0.934203,0.104153,-0.054502,-0.376753,0.000723,0.069156,0.000058,0.179943
39.571018,1.182530,-1.823947,-0.666116,-0.490115,0.831802,0.649034,0.580559,0.602294,-0.693932,0.506540,-0.198705,0.273849,0.478920,0.305266,-0.706846,0.101949,1.182174,-2.046338,-2.413185,1.581813,0.934579,0.108709,-0.055170,-0.380328,0.001637,0.073909,0.001576,0.183874
39.571996,1.187882,-1.831306,-0.669874,-0.490625,0.836505,0.649362,0.581393,0.602294,-0.693932,0.506540,-0.198705,0.273849,0.478920,0.305266,-0.706846,0.101949,1.182174,-2.046338,-2.413185,1.581813,0.934579,0.108709,-0.055170,-0.380328,0.001637,0.073909,0.001576,0.183874
39.573009,1.189460,-1.832506,-0.669516,-0.489655,0.841069,0.649062,0.579803,0.626447,-0.706977,0.526611,-0.200496,0.275961,0.480233,0.304996,-0.706739,0.101897,1.181796,-2.046338,-2.413112,1.581812,0.934762,0.108821,-0.054233,-0.379085,0.001418,0.073837,0.001149,0.182806
39.574049,1.194208,-1.841327,-0.666088,-0.489993,0.845413,0.649685,0.578949,0.642348,-0.716444,0.538738,-0.202167,0.278332,0.480984,0.304786,-0.706623,0.101834,1.181411,-2.046340,-2.413040,1.581813,0.934956,0.110918,-0.056426,-0.380049,-0.000270,0.074131,0.001346,0.186663
39.574953,1.198238,-1.842026,-0.667420,-0.491691,0.848392,0.649155,0.578867,0.654709,-0.729190,0.544639,-0.200378,0.282951,0.480755,0.304520,-0.706398,0.101723,1.180638,-2.046340,-2.412889,1.581812,0.935342,0.111968,-0.057066,-0.382155,0.000353,0.076006,0.001059,0.189659
39.576146,1.207205,-1.852184,-0.667842,-0.493239,0.854820,0.649230,0.578715,0.654709,-0.729190,0.544639,-0.200378,0.282951,0.480755,0.304520,-0.706398,0.101723,1.180638,-2.046340,-2.412889,1.581812,0.935342,0.111968,-0.057066,-0.382155,0.000353,0.076006,0.001059,0.189659
39.577018,1.216666,-1.853799,-0.666402,-0.490880,0.859641,0.649010,0.579049,0.662270,-0.740812,0.546247,-0.197212,0.286758,0.480165,0.304261,-0.706182,0.101609,1.179861,-2.046346,-2.412740,1.581813,0.935725,0.109528,-0.057555,-0.385263,-0.002031,0.075520,0.000966,0.190802
39.577991,1.219502,-1.860583,-0.662271,-0.492230,0.865870,0.649146,0.579183,0.662270,-0.740812,0.546247,-0.197212,0.286758,0.480165,0.304261,-0.706182,0.101609,1.179861,-2.046346,-2.412740,1.581813,0.935725,0.109528,-0.057555,-0.385263,-0.002031,0.075520,0.000966,0.190802
39.579047,1.223289,-1.864978,-0.664598,-0.496467,0.870538,0.649011,0.580575,0.689397,-0.762063,0.567299,-0.191368,0.288961,0.480681,0.303822,-0.705948,0.101488,1.179068,-2.046337,-2.412587,1.581811,0.936104,0.113549,-0.058861,-0.389452,0.001595,0.076287,0.000730,0.189435
39.580024,1.233410,-1.869562,-0.669932,-0.495075,0.875714,0.648436,0.580946,0.689397,-0.762063,0.567299,-0.191368,0.288961,0.480681,0.303822,-0.705948,0.101488,1.179068,-2.046337,-2.412587,1.581811,0.936104,0.113549,-0.058861,-0.389452,0.001595,0.076287,0.000730,0.189435
39.580972,1.240001,-1.876855,-0.668766,-0.495586,0.880735,0.648582,0.580762,0.704986,-0.771131,0.579601,-0.191070,0.290154,0.481395,0.303567,-0.705838,0.101428,1.178680,-2.046344,-2.412509,1.581813,0.936293,0.112007,-0.059864,-0.388287,-0.000549,0.076676,0.001182,0.189505
39.582014,1.242141,-1.882883,-0.670313,-0.496586,0.884915,0.648644,0.581011,0.719184,-0.778111,0.590524,-0.191979,0.291551,0.482177,0.303317,-0.705725,0.101369,1.178288,-2.046345,-2.412433,1.581811,0.936487,0.112093,-0.059395,-0.390186,-0.000852,0.077059,0.000923,0.190609
39.583055,1.243455,-1.888080,-0.673718,-0.498768,0.889182,0.648705,0.580866,0.741183,-0.789432,0.606314,-0.192254,0.294714,0.483210,0.302944,-0.705483,0.101246,1.177492,-2.046345,-2.412268,1.581813,0.936875,0.117864,-0.060885,-0.391302,0.000487,0.080507,0.000541,0.192154
39.584200,1.251980,-1.895099,-0.678161,-0.498117,0.894970,0.649002,0.580990,0.741183,-0.789432,0.606314,-0.192254,0.294714,0.483210,0.302944,-0.705483,0.101246,1.177492,-2.046345,-2.412268,1.581813,0.936875,0.117864,-0.060885,-0.391302,0.000487,0.080507,0.000541,0.192154
39.584952,1.255487,-1.896316,-0.678380,-0.499135,0.898514,0.647696,0.580968,0.740921,-0.789813,0.603210,-0.192443,0.296758,0.483065,0.302883,-0.705364,0.101183,1.177102,-2.046349,-2.412181,1.581813,0.937070,0.117855,-0.061327,-0.391632,-0.001118,0.081284,0.000105,0.192941
39.586068,1.262874,-1.902709,-0.674950,-0.500341,0.904015,0.648549,0.580431,0.732455,-0.786474,0.592208,-0.192299,0.298997,0.482426,0.302906,-0.705248,0.101116,1.176708,-2.046349,-2.412099,1.581816,0.937267,0.118455,-0.063022,-0.391555,-0.000750,0.081811,0.001317,0.193384
39.586959,1.265721,-1.907795,-0.675280,-0.500420,0.910403,0.648792,0.579477,0.707643,-0.775323,0.562710,-0.192433,0.303306,0.480855,0.303019,-0.705005,0.100985,1.175907,-2.046353,-2.411934,1.581815,0.937671,0.120437,-0.063955,-0.396172,-0.001166,0.081292,-0.000031,0.197956
39.588036,1.274365,-1.911601,-0.676387,-0.501889,0.918261,0.648621,0.579825,0.707643,-0.775323,0.562710,-0.192433,0.303306,0.480855,0.303019,-0.705005,0.100985,1.175907,-2.046353,-2.411934,1.581815,0.937671,0.120437,-0.063955,-0.396172,-0.001166,0.081292,-0.000031,0.197956
39.589026,1.284996,-1.917038,-0.672663,-0.504035,0.923976,0.648577,0.578852,0.697206,-0.770630,0.549902,-0.193055,0.305188,0.480305,0.303023,-0.704884,0.100917,1.175504,-2.046352,-2.411856,1.581815,0.937869,0.120013,-0.065678,-0.397599,-0.000681,0.079656,0.000014,0.198154
39.590013,1.285471,-1.919974,-0.671039,-0.503825,0.931148,0.648939,0.578415,0.691400,-0.767418,0.541482,-0.195265,0.306927,0.480240,0.302983,-0.704769,0.100848,1.175100,-2.046349,-2.411773,1.581816,0.938077,0.118233,-0.066200,-0.400894,0.000528,0.079565,-0.000067,0.200863
39.590982,1.290648,-1.922028,-0.667442,-0.504123,0.935622,0.649235,0.578951,0.700561,-0.767335,0.544128,-0.205359,0.310099,0.482086,0.302873,-0.704515,0.100704,1.174278,-2.046353,-2.411617,1.581813,0.938489,0.122130,-0.070037,-0.405995,-0.001053,0.079087,-0.000945,0.202092
39.592117,1.293058,-1.929638,-0.669615,-0.504128,0.941440,0.647568,0.578325,0.700561,-0.767335,0.544128,-0.205359,0.310099,0.482086,0.302873,-0.704515,0.100704,1.174278,-2.046353,-2.411617,1.581813,0.938489,0.122130,-0.070037,-0.405995,-0.001053,0.079087,-0.000945,0.202092
39.593038,1.293763,-1.932234,-0.670332,-0.506667,0.945180,0.648120,0.577098,0.708666,-0.768120,0.548627,-0.210527,0.311725,0.483292,0.302855,-0.704383,0.100633,1.173874,-2.046356,-2.411535,1.581819,0.938695,0.125019,-0.070032,-0.407214,-0.002007,0.079821,0.000563,0.204345
39.593987,1.296695,-1.936291,-0.670160,-0.507111,0.948607,0.647419,0.576417,0.713054,-0.767671,0.549547,-0.214608,0.313591,0.484126,0.302894,-0.704249,0.100558,1.173466,-2.046352,-2.411451,1.581816,0.938910,0.127646,-0.071640,-0.407770,-0.000351,0.081230,-0.000103,0.207409
39.595021,1.299928,-1.943861,-0.670275,-0.505403,0.954455,0.646437,0.575303,0.698590,-0.757125,0.529180,-0.221248,0.318552,0.483992,0.303169,-0.703981,0.100412,1.172647,-2.046360,-2.411279,1.581821,0.939341,0.131220,-0.072214,-0.410512,-0.003238,0.083116,0.001331,0.212419
39.596016,1.302282,-1.949927,-0.674567,-0.509117,0.959415,0.646285,0.574888,0.680829,-0.749903,0.509340,-0.221279,0.321262,0.482762,0.303337,-0.703842,0.100338,1.172237,-2.046354,-2.411193,1.581821,0.939560,0.133335,-0.072388,-0.409715,-0.000496,0.083766,0.001353,0.213934
39.597060,1.312523,-1.955730,-0.672466,-0.510707,0.966039,0.646693,0.574529,0.680829,-0.749903,0.509340,-0.221279,0.321262,0.482762,0.303337,-0.703842,0.100338,1.172237,-2.046354,-2.411193,1.581821,0.939560,0.133335,-0.072388,-0.409715,-0.000496,0.083766,0.001353,0.213934
39.597970,1.320979,-1.961645,-0.671730,-0.510071,0.970240,0.646875,0.573368,0.658965,-0.742364,0.485814,-0.220845,0.324031,0.481079,0.303485,-0.703711,0.100261,1.171825,-2.046352,-2.411110,1.581819,0.939778,0.131811,-0.072863,-0.412447,0.000093,0.083085,0.000826,0.215438
39.598968,1.324124,-1.965890,-0.676268,-0.512176,0.976234,0.645862,0.572217,0.629720,-0.736218,0.453527,-0.221677,0.328599,0.478486,0.303576,-0.703449,0.100114,1.171004,-2.046356,-2.410945,1.581817,0.940231,0.132400,-0.073866,-0.412721,-0.000043,0.083637,0.001456,0.221292
39.600103,1.336252,-1.973098,-0.672675,-0.513023,0.982967,0.646131,0.571083,0.629720,-0.736218,0.453527,-0.221677,0.328599,0.478486,0.303576,-0.703449,0.100114,1.171004,-2.046356,-2.410945,1.581817,0.940231,0.132400,-0.073866,-0.412721,-0.000043,0.083637,0.001456,0.221292
39.601073,1.338301,-1.978350,-0.677419,-0.513073,0.989356,0.645781,0.571370,0.624360,-0.738048,0.446613,-0.222570,0.330219,0.477726,0.303495,-0.703323,0.100038,1.170580,-2.046359,-2.410860,1.581814,0.940461,0.130452,-0.074018,-0.416647,-0.000163,0.083444,0.001053,0.224442
39.602007,1.342764,-1.981149,-0.677860,-0.514774,0.995139,0.646796,0.571729,0.625820,-0.743064,0.446334,-0.223789,0.331421,0.477380,0.303337,-0.703184,0.099963,1.170163,-2.046361,-2.410783,1.581817,0.940688,0.132634,-0.074485,-0.415360,-0.000915,0.082579,0.001276,0.224467
39.603018,1.347646,-1.985614,-0.682335,-0.515577,1.000880,0.646756,0.571895,0.631225,-0.752904,0.448024,-0.226861,0.333514,0.476886,0.302971,-0.702912,0.099803,1.169336,-2.046361,-2.410619,1.581817,0.941145,0.134378,-0.076943,-0.415271,-0.000147,0.082074,0.000062,0.224677
39.604027,1.353792,-1.986840,-0.683577,-0.517291,1.005822,0.646875,0.571637,0.631225,-0.752904,0.448024,-0.226861,0.333514,0.476886,0.302971,-0.702912,0.099803,1.169336,-2.046361,-2.410619,1.581817,0.941145,0.134378,-0.076943,-0.415271,-0.000147,0.082074,0.000062,0.224677
39.605072,1.352585,-1.992809,-0.684343,-0.516284,1.012485,0.647095,0.571296,0.627915,-0.752092,0.442687,-0.230420,0.334913,0.476538,0.302877,-0.702776,0.099718,1.168917,-2.046358,-2.410533,1.581814,0.941374,0.134689,-0.079471,-0.416005,0.000589,0.082832,-0.000161,0.225886
39.605970,1.354839,-1.998207,-0.678556,-0.518236,1.016388,0.647303,0.572024,0.618702,-0.746028,0.431341,-0.235156,0.336612,0.476025,0.302889,-0.702627,0.099635,1.168501,-2.046363,-2.410454,1.581813,0.941604,0.138753,-0.079764,-0.417237,-0.001241,0.082153,-0.000503,0.227309
39.606987,1.356434,-2.001752,-0.683342,-0.518827,1.022044,0.646019,0.572241,0.604232,-0.736611,0.414807,-0.239370,0.338452,0.475202,0.302989,-0.702482,0.099553,1.168074,-2.046361,-2.410371,1.581816,0.941830,0.140330,-0.079782,-0.420708,-0.000105,0.083276,-0.000837,0.226348
39.608003,1.365089,-2.009994,-0.681638,-0.519256,1.026982,0.645889,0.573169,0.565315,-0.714367,0.372485,-0.244608,0.342249,0.472715,0.303301,-0.702194,0.099390,1.167227,-2.046362,-2.410200,1.581816,0.942281,0.141863,-0.080288,-0.421837,-0.000894,0.084190,0.000333,0.225479
39.608940,1.371136,-2.016024,-0.684151,-0.520097,1.030574,0.645418,0.572385,0.565315,-0.714367,0.372485,-0.244608,0.342249,0.472715,0.303301,-0.702194,0.099390,1.167227,-2.046362,-2.410200,1.581816,0.942281,0.141863,-0.080288,-0.421837,-0.000894,0.084190,0.000333,0.225479
39.610012,1.374597,-2.019589,-0.679823,-0.521444,1.035491,0.646642,0.574251,0.546356,-0.706012,0.352378,-0.244677,0.343953,0.471224,0.303432,-0.702052,0.099309,1.166801,-2.046362,-2.410111,1.581819,0.942511,0.141811,-0.080164,-0.421365,-0.000882,0.085808,0.000676,0.227648
39.611034,1.379618,-2.024641,-0.683281,-0.521112,1.041127,0.647298,0.574974,0.522884,-0.701494,0.327190,-0.240981,0.346641,0.468705,0.303455,-0.701758,0.099139,1.165944,-2.046368,-2.409936,1.581816,0.942956,0.144484,-0.082436,-0.424747,-0.001621,0.087094,-0.001445,0.223981
39.612127,1.383178,-2.026012,-0.688449,-0.522048,1.045158,0.647206,0.576135,0.522884,-0.701494,0.327190,-0.240981,0.346641,0.468705,0.303455,-0.701758,0.099139,1.165944,-2.046368,-2.409936,1.581816,0.942956,0.144484,-0.082436,-0.424747,-0.001621,0.087094,-0.001445,0.223981
39.613141,1.389317,-2.029347,-0.692170,-0.522986,1.050057,0.646364,0.577339,0.513156,-0.701020,0.316734,-0.238339,0.347888,0.467577,0.303326,-0.701607,0.099048,1.165526,-2.046367,-2.409841,1.581816,0.943179,0.146346,-0.085174,-0.424052,-0.001672,0.089242,-0.001480,0.222493
39.614086,1.389765,-2.031732,-0.685682,-0.524478,1.054719,0.645589,0.579268,0.497659,-0.697047,0.300599,-0.235941,0.349367,0.466233,0.303142,-0.701461,0.098958,1.165102,-2.046369,-2.409748,1.581821,0.943398,0.146567,-0.086592,-0.423504,-0.001595,0.089985,-0.000780,0.220817
39.615012,1.390483,-2.032061,-0.684948,-0.524937,1.058004,0.645672,0.579219,0.476358,-0.688787,0.278583,-0.234799,0.351142,0.464761,0.302928,-0.701307,0.098867,1.164661,-2.046369,-2.409653,1.581825,0.943606,0.149219,-0.088190,-0.427474,-0.000927,0.090511,-0.000144,0.217609
39.616119,1.398121,-2.041886,-0.684377,-0.524221,1.063933,0.645093,0.580408,0.451548,-0.677036,0.252847,-0.235394,0.353144,0.463333,0.302706,-0.701151,0.098771,1.164232,-2.046369,-2.409554,1.581824,0.943824,0.151599,-0.090689,-0.428518,-0.001299,0.092268,-0.000340,0.218342
39.617025,1.405951,-2.042031,-0.687641,-0.525565,1.069378,0.645445,0.581083,0.425291,-0.664019,0.225626,-0.236384,0.355167,0.461914,0.302498,-0.701002,0.098685,1.163797,-2.046375,-2.409462,1.581825,0.944035,0.151485,-0.089265,-0.430588,-0.002879,0.092604,0.000106,0.216855
39.618019,1.412831,-2.049845,-0.680359,-0.528175,1.074195,0.646233,0.581668,0.401032,-0.653229,0.200600,-0.236167,0.356952,0.460510,0.302308,-0.700852,0.098587,1.163375,-2.046377,-2.409370,1.581825,0.944247,0.150270,-0.091783,-0.429588,-0.002268,0.092114,-0.000368,0.216102
39.619027,1.419404,-2.051502,-0.679922,-0.527520,1.079830,0.645778,0.583638,0.376413,-0.644945,0.174207,-0.237101,0.359615,0.459290,0.301958,-0.700552,0.098401,1.162491,-2.046380,-2.409185,1.581827,0.944664,0.149930,-0.093047,-0.435515,-0.002046,0.092837,-0.000944,0.212476
39.619983,1.426735,-2.059861,-0.680000,-0.529445,1.084959,0.645726,0.584281,0.376413,-0.644945,0.174207,-0.237101,0.359615,0.459290,0.301958,-0.700552,0.098401,1.162491,-2.046380,-2.409185,1.581827,0.944664,0.149930,-0.093047,-0.435515,-0.002046,0.092837,-0.000944,0.212476
39.621078,1.435859,-2.063189,-0.680506,-0.530764,1.089833,0.644991,0.584364,0.380865,-0.649644,0.177434,-0.238638,0.360426,0.459774,0.301746,-0.700401,0.098309,1.162059,-2.046379,-2.409091,1.581828,0.944873,0.149218,-0.091668,-0.436327,-0.000981,0.092979,-0.001016,0.211897
39.622056,1.438578,-2.066799,-0.682256,-0.529970,1.093111,0.645319,0.584931,0.394845,-0.659933,0.190047,-0.240438,0.360999,0.460805,0.301484,-0.700254,0.098214,1.161618,-2.046381,-2.408994,1.581829,0.945084,0.148345,-0.093391,-0.437716,-0.000607,0.094268,-0.000414,0.212636
39.623069,1.443493,-2.071614,-0.680286,-0.532284,1.097954,0.645568,0.585872,0.414918,-0.673789,0.208652,-0.242274,0.361479,0.462157,0.301176,-0.700099,0.098116,1.161179,-2.046387,-2.408893,1.581828,0.945295,0.150019,-0.094432,-0.437729,-0.002144,0.096345,-0.000862,0.212199
39.624021,1.444760,-2.072010,-0.685607,-0.532669,1.101355,0.645578,0.588058,0.436019,-0.688487,0.228260,-0.243470,0.361997,0.463475,0.300834,-0.699945,0.098019,1.160740,-2.046385,-2.408794,1.581828,0.945502,0.150763,-0.095027,-0.439876,-0.000741,0.097081,-0.001232,0.211089
39.624999,1.451978,-2.074114,-0.687528,-0.533311,1.105125,0.644657,0.587982,0.453248,-0.700897,0.243983,-0.244592,0.362745,0.464540,0.300478,-0.699789,0.097919,1.160306,-2.046386,-2.408696,1.581826,0.945704,0.153013,-0.097563,-0.437970,-0.001204,0.098902,-0.001345,0.207393
39.626075,1.454924,-2.079161,-0.689590,-0.534196,1.111321,0.645001,0.588343,0.461483,-0.707392,0.250791,-0.246262,0.363890,0.465140,0.300153,-0.699636,0.097816,1.159873,-2.046389,-2.408592,1.581825,0.945916,0.152417,-0.099294,-0.438018,-0.001377,0.100451,-0.000527,0.208296
39.627000,1.456792,-2.085165,-0.689825,-0.535126,1.114871,0.643658,0.588979,0.459850,-0.707352,0.247894,-0.248223,0.365373,0.465213,0.299899,-0.699475,0.097716,1.159430,-2.046389,-2.408492,1.581825,0.946120,0.154402,-0.099984,-0.438477,-0.001432,0.100230,-0.001014,0.208458
39.627988,1.461959,-2.089257,-0.690146,-0.536005,1.118668,0.643288,0.589160,0.449965,-0.702691,0.236973,-0.249776,0.367047,0.464752,0.299725,-0.699316,0.097619,1.158986,-2.046390,-2.408384,1.581829,0.946327,0.156157,-0.099609,-0.438876,-0.001320,0.101628,0.000216,0.207815
39.628938,1.472253,-2.094725,-0.688273,-0.535963,1.124352,0.643040,0.589446,0.433771,-0.695657,0.220088,-0.250164,0.368765,0.463750,0.299628,-0.699157,0.097516,1.158545,-2.046390,-2.408274,1.581827,0.946532,0.156572,-0.100405,-0.439677,-0.001322,0.103153,0.000465,0.208211
39.630100,1.485629,-2.104219,-0.691547,-0.538391,1.128719,0.643070,0.590818,0.417104,-0.689458,0.203091,-0.249001,0.370269,0.462517,0.299593,-0.699008,0.097416,1.158097,-2.046394,-2.408173,1.581825,0.946740,0.154347,-0.100373,-0.441241,-0.002126,0.102610,0.000611,0.208308
39.630970,1.485647,-2.105461,-0.686124,-0.539163,1.131494,0.643730,0.591348,0.408692,-0.688430,0.194555,-0.246381,0.371256,0.461599,0.299581,-0.698860,0.097320,1.157657,-2.046390,-2.408063,1.581826,0.946949,0.151672,-0.099244,-0.441656,-0.000790,0.104725,0.000430,0.206555
39.631949,1.489058,-2.112453,-0.681553,-0.540294,1.134826,0.643398,0.591984,0.412625,-0.694047,0.198316,-0.243234,0.371675,0.461355,0.299549,-0.698702,0.097219,1.157204,-2.046392,-2.407956,1.581824,0.947153,0.154150,-0.101013,-0.444457,-0.000769,0.106528,-0.000328,0.206070
39.633003,1.497364,-2.116169,-0.686162,-0.539501,1.138728,0.643671,0.591680,0.426731,-0.704512,0.212101,-0.240133,0.371682,0.461754,0.299475,-0.698545,0.097119,1.156749,-2.046393,-2.407847,1.581827,0.947358,0.155432,-0.100324,-0.447465,-0.000486,0.108474,-0.000118,0.205531
39.634019,1.498814,-2.124795,-0.687553,-0.542771,1.141320,0.641115,0.591378,0.447846,-0.718605,0.232878,-0.236215,0.371377,0.462533,0.299359,-0.698390,0.097013,1.156309,-2.046398,-2.407732,1.581823,0.947568,0.154645,-0.101550,-0.446505,-0.002130,0.110267,-0.000501,0.206994
39.635031,1.500507,-2.127483,-0.690922,-0.541882,1.141952,0.641509,0.592168,0.490280,-0.749640,0.275100,-0.224416,0.370745,0.463682,0.299136,-0.698067,0.096814,1.155408,-2.046396,-2.407483,1.581827,0.947987,0.159331,-0.101850,-0.446126,-0.001594,0.117768,0.001388,0.207533
39.635966,1.501761,-2.128841,-0.688850,-0.544325,1.142910,0.641040,0.592596,0.490280,-0.749640,0.275100,-0.224416,0.370745,0.463682,0.299136,-0.698067,0.096814,1.155408,-2.046396,-2.407483,1.581827,0.947987,0.159331,-0.101850,-0.446126,-0.001594,0.117768,0.001388,0.207533
39.637046,1.502723,-2.134394,-0.693624,-0.547083,1.144914,0.641229,0.594097,0.499811,-0.760287,0.284870,-0.217234,0.370945,0.463381,0.299091,-0.697901,0.096707,1.154959,-2.046392,-2.407354,1.581829,0.948195,0.161370,-0.103739,-0.447711,-0.000045,0.121585,0.001741,0.207338
39.638053,1.510698,-2.143932,-0.695646,-0.546917,1.147911,0.640463,0.594320,0.497724,-0.763744,0.283182,-0.211311,0.371707,0.462542,0.299095,-0.697734,0.096602,1.154507,-2.046387,-2.407224,1.581827,0.948394,0.164279,-0.104132,-0.446698,0.001616,0.125305,0.001429,0.205231
39.639000,1.517513,-2.145153,-0.691576,-0.547443,1.152018,0.639861,0.594428,0.468531,-0.757541,0.255510,-0.202966,0.374286,0.459670,0.299112,-0.697412,0.096397,1.153608,-2.046389,-2.406961,1.581830,0.948808,0.162721,-0.104355,-0.449316,0.000261,0.128243,0.002551,0.206040
39.640057,1.527181,-2.151363,-0.681099,-0.547184,1.156858,0.639998,0.594992,0.468531,-0.757541,0.255510,-0.202966,0.374286,0.459670,0.299112,-0.697412,0.096397,1.153608,-2.046389,-2.406961,1.581830,0.948808,0.162721,-0.104355,-0.449316,0.000261,0.128243,0.002551,0.206040
39.640998,1.532022,-2.157981,-0.680558,-0.548204,1.159500,0.641151,0.595776,0.459755,-0.758443,0.247659,-0.197940,0.375137,0.458496,0.299038,-0.697253,0.096291,1.153135,-2.046392,-2.406830,1.581829,0.949010,0.161243,-0.104302,-0.455592,-0.000883,0.128959,0.002288,0.205774
39.641962,1.540358,-2.161066,-0.686015,-0.550537,1.162239,0.641929,0.596382,0.467314,-0.767936,0.255885,-0.191744,0.375180,0.458252,0.298852,-0.697090,0.096187,1.152681,-2.046392,-2.406689,1.581827,0.949210,0.161564,-0.103612,-0.456305,-0.000684,0.131039,0.001022,0.204891
39.643038,1.544011,-2.164885,-0.686515,-0.550398,1.163275,0.640967,0.597975,0.488458,-0.784681,0.277394,-0.185233,0.374641,0.458859,0.298567,-0.696932,0.096083,1.152232,-2.046388,-2.406551,1.581827,0.949413,0.160298,-0.104800,-0.454254,0.000703,0.133182,0.000133,0.204399
39.644003,1.545091,-2.164325,-0.687745,-0.552690,1.164748,0.641853,0.597675,0.514210,-0.803253,0.303208,-0.179887,0.374010,0.459915,0.298224,-0.696763,0.095973,1.151781,-2.046391,-2.406406,1.581830,0.949611,0.161830,-0.106000,-0.455423,-0.000338,0.137714,0.000961,0.202112
39.644950,1.545576,-2.174839,-0.685236,-0.554360,1.165076,0.642308,0.597586,0.536774,-0.818647,0.325516,-0.176324,0.373649,0.461015,0.297863,-0.696596,0.095858,1.151321,-2.046388,-2.406256,1.581831,0.949814,0.164099,-0.108893,-0.455376,0.001043,0.141003,-0.000065,0.203467
39.646067,1.551901,-2.173367,-0.692315,-0.553305,1.167840,0.642211,0.597201,0.551386,-0.828496,0.339603,-0.174926,0.373810,0.461883,0.297533,-0.696425,0.095757,1.150857,-2.046383,-2.406104,1.581831,0.950018,0.166524,-0.106260,-0.457068,0.001732,0.145321,-0.000627,0.204327
39.646995,1.550599,-2.177976,-0.693231,-0.556749,1.169343,0.641959,0.597093,0.556276,-0.833374,0.343962,-0.174635,0.374507,0.462265,0.297283,-0.696256,0.095639,1.150407,-2.046387,-2.405948,1.581829,0.950227,0.166875,-0.110235,-0.455145,-0.000238,0.148242,-0.000650,0.206041
39.647941,1.556245,-2.181534,-0.688092,-0.557485,1.171274,0.641817,0.598241,0.548348,-0.831686,0.335707,-0.175054,0.375796,0.461950,0.297145,-0.696079,0.095530,1.149948,-2.046383,-2.405792,1.581830,0.950436,0.170066,-0.110413,-0.455064,0.002328,0.151220,-0.000512,0.206884
39.649048,1.560203,-2.186813,-0.688017,-0.558494,1.175406,0.641724,0.598530,0.528719,-0.823235,0.315838,-0.177342,0.377703,0.461121,0.297105,-0.695909,0.095415,1.149487,-2.046382,-2.405634,1.581831,0.950641,0.169877,-0.111149,-0.458106,0.002157,0.153850,-0.000494,0.205241
39.649985,1.564495,-2.192141,-0.684202,-0.560566,1.176805,0.640937,0.598176,0.504900,-0.812223,0.291713,-0.181252,0.379911,0.460194,0.297115,-0.695735,0.095303,1.149023,-2.046382,-2.405474,1.581831,0.950845,0.171349,-0.111714,-0.459555,0.002174,0.155300,-0.000531,0.205623
39.650972,1.568822,-2.199039,-0.686566,-0.558542,1.179146,0.639507,0.598707,0.463813,-0.795520,0.249902,-0.189855,0.384126,0.458686,0.297158,-0.695386,0.095079,1.148099,-2.046382,-2.405142,1.581836,0.951256,0.172421,-0.110823,-0.461333,0.000477,0.160755,0.001435,0.206672
39.652031,1.570257,-2.201503,-0.685519,-0.560322,1.179575,0.640416,0.598536,0.463813,-0.795520,0.249902,-0.189855,0.384126,0.458686,0.297158,-0.695386,0.095079,1.148099,-2.046382,-2.405142,1.581836,0.951256,0.172421,-0.110823,-0.461333,0.000477,0.160755,0.001435,0.206672
39.653042,1.570034,-2.205051,-0.688285,-0.561367,1.180305,0.640350,0.597921,0.447067,-0.793002,0.233081,-0.190750,0.385807,0.457657,0.297120,-0.695207,0.094964,1.147630,-2.046378,-2.404971,1.581834,0.951465,0.174853,-0.112588,-0.462948,0.001267,0.165528,0.000392,0.207873
39.653964,1.576316,-2.207713,-0.690627,-0.561187,1.181125,0.641600,0.598187,0.427698,-0.791003,0.213868,-0.189447,0.387383,0.456155,0.297039,-0.695021,0.094850,1.147166,-2.046377,-2.404791,1.581836,0.951680,0.177773,-0.113597,-0.462358,0.001365,0.169563,0.000330,0.209857
39.655007,1.582338,-2.208164,-0.692887,-0.561021,1.184878,0.640892,0.597410,0.371737,-0.778226,0.158739,-0.184673,0.390779,0.451773,0.296891,-0.694666,0.094609,1.146246,-2.046380,-2.404432,1.581834,0.952105,0.177128,-0.117257,-0.461446,-0.000659,0.174137,-0.000429,0.212297
39.656064,1.578428,-2.215427,-0.691698,-0.564319,1.188697,0.641320,0.597090,0.371737,-0.778226,0.158739,-0.184673,0.390779,0.451773,0.296891,-0.694666,0.094609,1.146246,-2.046380,-2.404432,1.581834,0.952105,0.177128,-0.117257,-0.461446,-0.000659,0.174137,-0.000429,0.212297
39.656952,1.579826,-2.217612,-0.686644,-0.562429,1.187502,0.640171,0.595731,0.337054,-0.766545,0.124501,-0.182306,0.392566,0.449180,0.296878,-0.694473,0.094493,1.145783,-2.046374,-2.404252,1.581830,0.952323,0.182082,-0.116542,-0.463178,0.001577,0.175394,-0.000972,0.213735
39.658059,1.589541,-2.220831,-0.689411,-0.565642,1.192875,0.641290,0.593756,0.298873,-0.752083,0.086679,-0.180392,0.394409,0.446394,0.296933,-0.694287,0.094374,1.145314,-2.046380,-2.404064,1.581832,0.952547,0.183546,-0.117695,-0.465701,-0.001008,0.180519,0.000077,0.216979
39.659064,1.597790,-2.223196,-0.689963,-0.566405,1.194974,0.640685,0.594411,0.261459,-0.737119,0.049559,-0.178582,0.396088,0.443648,0.297068,-0.694106,0.094251,1.144845,-2.046375,-2.403881,1.581827,0.952780,0.181996,-0.119171,-0.465652,0.001132,0.180455,-0.001172,0.221772
39.659964,1.591371,-2.224969,-0.686190,-0.566699,1.197440,0.640001,0.594359,0.230216,-0.722511,0.018303,-0.178678,0.397504,0.441496,0.297255,-0.693923,0.094128,1.144383,-2.046374,-2.403692,1.581829,0.953001,0.180687,-0.120642,-0.466189,0.000960,0.183028,-0.000685,0.221117
39.660974,1.599056,-2.229751,-0.681594,-0.566872,1.202062,0.639935,0.593565,0.205075,-0.707556,-0.007286,-0.181347,0.398705,0.440011,0.297454,-0.693728,0.094004,1.143906,-2.046376,-2.403505,1.581829,0.953224,0.186104,-0.121971,-0.468057,0.000493,0.184534,-0.000107,0.221772
39.662018,1.601637,-2.233180,-0.691491,-0.568368,1.204274,0.640259,0.591584,0.184027,-0.692556,-0.029059,-0.184933,0.399685,0.438862,0.297654,-0.693542,0.093879,1.143431,-2.046378,-2.403316,1.581831,0.953454,0.185005,-0.122226,-0.471046,-0.000187,0.184570,-0.000179,0.224054
39.662973,1.603286,-2.240065,-0.690037,-0.570551,1.204328,0.638913,0.592165,0.166328,-0.678202,-0.047572,-0.188579,0.400501,0.437879,0.297859,-0.693354,0.093754,1.142968,-2.046377,-2.403122,1.581831,0.953692,0.186682,-0.123319,-0.467072,0.000378,0.187230,-0.000633,0.228747
39.663990,1.600205,-2.243713,-0.683864,-0.570054,1.206043,0.639623,0.591203,0.147871,-0.663183,-0.066794,-0.192548,0.401407,0.436790,0.298060,-0.693161,0.093634,1.142494,-2.046374,-2.402921,1.581833,0.953918,0.188309,-0.122339,-0.468190,0.001626,0.191392,0.000604,0.228142
39.665012,1.599560,-2.247196,-0.682590,-0.572571,1.204723,0.639524,0.590972,0.127229,-0.647950,-0.088122,-0.196283,0.402452,0.435427,0.298241,-0.692960,0.093505,1.142021,-2.046377,-2.402717,1.581830,0.954154,0.192522,-0.123172,-0.472051,0.000279,0.194233,-0.000232,0.230767
39.666085,1.607340,-2.248863,-0.688250,-0.572321,1.205110,0.639754,0.589345,0.105761,-0.633556,-0.110203,-0.199058,0.403517,0.433846,0.298411,-0.692761,0.093379,1.141540,-2.046374,-2.402507,1.581832,0.954392,0.195538,-0.124128,-0.473355,0.001827,0.200126,-0.000261,0.231883
39.667122,1.618586,-2.254896,-0.687647,-0.572719,1.207019,0.638947,0.588248,0.082552,-0.618478,-0.133927,-0.201456,0.404624,0.432134,0.298608,-0.692566,0.093249,1.141074,-2.046376,-2.402292,1.581829,0.954639,0.194615,-0.126157,-0.471683,0.000642,0.204553,-0.000604,0.235884
39.667946,1.618643,-2.259483,-0.677236,-0.571789,1.208194,0.638375,0.586443,0.060352,-0.603522,-0.156540,-0.203418,0.405593,0.430511,0.298833,-0.692381,0.093123,1.140595,-2.046376,-2.402079,1.581833,0.954882,0.191917,-0.125873,-0.472821,0.000130,0.207225,0.000064,0.238737
39.668933,1.623260,-2.264473,-0.679135,-0.574845,1.209235,0.638900,0.585858,0.046906,-0.593746,-0.170364,-0.203345,0.406001,0.429277,0.299043,-0.692183,0.092999,1.140104,-2.046379,-2.401869,1.581833,0.955135,0.193671,-0.125477,-0.477368,-0.001465,0.209300,0.000534,0.242653
39.670079,1.633067,-2.268075,-0.682778,-0.576458,1.213079,0.638538,0.586339,0.045775,-0.591914,-0.171940,-0.200821,0.405731,0.428565,0.299198,-0.691987,0.092871,1.139631,-2.046375,-2.401649,1.581831,0.955387,0.193912,-0.125513,-0.476935,0.000651,0.212489,-0.000107,0.244358
39.671005,1.634564,-2.268249,-0.679056,-0.576808,1.213904,0.637555,0.585298,0.053948,-0.595260,-0.164438,-0.198291,0.405128,0.428436,0.299294,-0.691798,0.092743,1.139155,-2.046374,-2.401434,1.581830,0.955631,0.192431,-0.126903,-0.476642,0.001181,0.213933,0.000132,0.244220
39.671953,1.633498,-2.275275,-0.680498,-0.576777,1.214072,0.637749,0.585477,0.067735,-0.599946,-0.151712,-0.197836,0.404498,0.428901,0.299336,-0.691599,0.092609,1.138673,-2.046376,-2.401211,1.581833,0.955883,0.193946,-0.129026,-0.478589,0.000745,0.216908,0.000992,0.246789
39.672979,1.633715,-2.276753,-0.681478,-0.577385,1.217546,0.638878,0.584310,0.082527,-0.604040,-0.138279,-0.198459,0.403935,0.429573,0.299328,-0.691394,0.092484,1.138196,-2.046376,-2.400982,1.581832,0.956128,0.196753,-0.127875,-0.478113,-0.000127,0.220613,0.000676,0.246930
39.673991,1.635993,-2.278839,-0.676447,-0.579209,1.215785,0.637907,0.584072,0.091908,-0.606149,-0.130265,-0.198373,0.403566,0.429858,0.299285,-0.691191,0.092351,1.137715,-2.046378,-2.400756,1.581829,0.956387,0.199319,-0.129800,-0.478346,-0.000391,0.221528,-0.000568,0.249887
39.675064,1.640904,-2.284097,-0.671347,-0.580174,1.216877,0.638062,0.583949,0.092828,-0.600996,-0.132139,-0.198398,0.403685,0.429567,0.299195,-0.690784,0.092084,1.136737,-2.046374,-2.400280,1.581833,0.956897,0.201208,-0.131474,-0.484877,0.000448,0.231015,-0.000017,0.251856
39.676013,1.642291,-2.284126,-0.671600,-0.580248,1.214446,0.638432,0.582189,0.092828,-0.600996,-0.132139,-0.198398,0.403685,0.429567,0.299195,-0.690784,0.092084,1.136737,-2.046374,-2.400280,1.581833,0.956897,0.201208,-0.131474,-0.484877,0.000448,0.231015,-0.000017,0.251856
39.677010,1.650566,-2.293676,-0.671089,-0.580505,1.214138,0.637867,0.580710,0.094559,-0.597358,-0.132090,-0.199411,0.403839,0.429746,0.299159,-0.690577,0.091944,1.136249,-2.046375,-2.400030,1.581829,0.957162,0.202776,-0.133714,-0.484860,-0.000294,0.237140,-0.000476,0.255849
39.677982,1.655180,-2.298343,-0.671124,-0.583082,1.214968,0.638722,0.580219,0.099257,-0.594989,-0.129094,-0.199677,0.403855,0.430112,0.299153,-0.690374,0.091813,1.135761,-2.046377,-2.399773,1.581832,0.957429,0.201849,-0.132011,-0.486477,-0.001020,0.242246,-0.000060,0.259498
39.679056,1.656646,-2.302733,-0.668831,-0.584910,1.215329,0.636816,0.579298,0.123830,-0.600209,-0.107843,-0.197189,0.403387,0.431495,0.299243,-0.689957,0.091541,1.134773,-2.046372,-2.399251,1.581831,0.957968,0.205650,-0.133997,-0.490730,0.001127,0.251177,0.000734,0.263807
39.680191,1.661804,-2.308526,-0.670583,-0.584257,1.218639,0.637133,0.579290,0.123830,-0.600209,-0.107843,-0.197189,0.403387,0.431495,0.299243,-0.689957,0.091541,1.134773,-2.046372,-2.399251,1.581831,0.957968,0.205650,-0.133997,-0.490730,0.001127,0.251177,0.000734,0.263807
39.680936,1.658711,-2.311945,-0.669525,-0.584438,1.216485,0.637007,0.578172,0.140971,-0.604840,-0.092482,-0.196447,0.403202,0.432505,0.299329,-0.689750,0.091405,1.134277,-2.046375,-2.398989,1.581830,0.958231,0.207116,-0.134877,-0.492194,-0.000642,0.253747,0.000244,0.264778
39.682041,1.665702,-2.317097,-0.673462,-0.587508,1.217073,0.637138,0.577751,0.156470,-0.609090,-0.078537,-0.194553,0.403065,0.433271,0.299424,-0.689533,0.091269,1.133782,-2.046377,-2.398724,1.581832,0.958504,0.210378,-0.135077,-0.492224,-0.001184,0.258861,0.000258,0.267271
39.683073,1.667509,-2.326532,-0.677403,-0.588364,1.219408,0.638047,0.578098,0.170621,-0.611361,-0.066394,-0.188618,0.403243,0.433379,0.299588,-0.689101,0.090998,1.132791,-2.046375,-2.398175,1.581828,0.959043,0.213116,-0.134684,-0.492022,0.000457,0.266439,-0.001058,0.269050
39.684058,1.669942,-2.329760,-0.669271,-0.589054,1.221111,0.637691,0.578119,0.170621,-0.611361,-0.066394,-0.188618,0.403243,0.433379,0.299588,-0.689101,0.090998,1.132791,-2.046375,-2.398175,1.581828,0.959043,0.213116,-0.134684,-0.492022,0.000457,0.266439,-0.001058,0.269050
39.685010,1.679968,-2.331230,-0.669521,-0.591248,1.221886,0.637459,0.578112,0.170946,-0.610405,-0.066738,-0.185977,0.403485,0.432931,0.299609,-0.688883,0.090857,1.132281,-2.046377,-2.397898,1.581831,0.959318,0.214958,-0.136108,-0.497232,0.000171,0.269369,-0.000843,0.269671
39.686037,1.687098,-2.335205,-0.668384,-0.592728,1.223084,0.636839,0.577015,0.173862,-0.610502,-0.064502,-0.184055,0.403511,0.432695,0.299571,-0.688670,0.090714,1.131783,-2.046374,-2.397614,1.581831,0.959590,0.212849,-0.138195,-0.498054,0.001305,0.272897,-0.000743,0.270297
39.686952,1.692644,-2.339328,-0.665476,-0.593191,1.224912,0.635999,0.576506,0.184784,-0.611819,-0.054556,-0.184723,0.403207,0.433268,0.299491,-0.688459,0.090574,1.131279,-2.046371,-2.397329,1.581831,0.959873,0.212691,-0.139413,-0.500096,0.001657,0.276544,-0.000261,0.273214
39.688081,1.695990,-2.345984,-0.661419,-0.593140,1.228160,0.635377,0.575953,0.205397,-0.614880,-0.035331,-0.188068,0.402516,0.434757,0.299397,-0.688244,0.090433,1.130775,-2.046372,-2.397043,1.581831,0.960153,0.212620,-0.140009,-0.502204,0.001157,0.278710,0.000455,0.274733
39.689005,1.700629,-2.350781,-0.661287,-0.592870,1.229732,0.636133,0.575946,0.235651,-0.621418,-0.006776,-0.192076,0.401345,0.436911,0.299308,-0.688029,0.090294,1.130259,-2.046374,-2.396757,1.581829,0.960430,0.214900,-0.140393,-0.506320,-0.000029,0.281074,0.000929,0.276747
39.689956,1.704449,-2.356516,-0.664358,-0.594870,1.230180,0.635583,0.575699,0.273656,-0.632583,0.029457,-0.194449,0.399654,0.439346,0.299240,-0.687810,0.090153,1.129749,-2.046377,-2.396465,1.581827,0.960710,0.215271,-0.140704,-0.506987,-0.001177,0.283506,0.000048,0.277277
39.691087,1.713964,-2.360688,-0.661342,-0.598179,1.235877,0.636291,0.576746,0.314882,-0.647261,0.069001,-0.194538,0.397620,0.441694,0.299196,-0.687590,0.090012,1.129246,-2.046375,-2.396167,1.581828,0.960992,0.216217,-0.140668,-0.506368,-0.000191,0.287228,0.000474,0.278347
39.692035,1.706331,-2.368897,-0.657577,-0.596137,1.236313,0.635688,0.577160,0.356938,-0.663127,0.109275,-0.194635,0.395564,0.444036,0.299153,-0.687377,0.089867,1.128727,-2.046370,-2.395878,1.581826,0.961265,0.215405,-0.142253,-0.509959,0.001814,0.287081,-0.000392,0.277154
39.692949,1.716508,-2.371410,-0.652690,-0.597773,1.237300,0.635788,0.577884,0.399240,-0.679469,0.149582,-0.195661,0.393616,0.446431,0.299066,-0.687143,0.089727,1.128211,-2.046377,-2.395576,1.581829,0.961543,0.221955,-0.140951,-0.512577,-0.001089,0.290778,0.000075,0.276917
39.694099,1.729244,-2.375619,-0.656583,-0.599790,1.237179,0.634025,0.577670,0.440548,-0.697460,0.188967,-0.195362,0.391636,0.448575,0.298913,-0.686930,0.089582,1.127688,-2.046377,-2.395279,1.581829,0.961814,0.219499,-0.142339,-0.515433,-0.000371,0.293663,-0.000154,0.276006
39.695077,1.732050,-2.382322,-0.652634,-0.599438,1.240141,0.633634,0.578257,0.484154,-0.717743,0.230741,-0.194226,0.389464,0.450783,0.298706,-0.686717,0.089434,1.127167,-2.046375,-2.394960,1.581828,0.962096,0.217207,-0.143938,-0.515631,0.000404,0.299253,0.001472,0.277383
39.696108,1.732405,-2.388607,-0.650760,-0.601838,1.242985,0.634888,0.579655,0.532906,-0.740230,0.277605,-0.193527,0.387009,0.453400,0.298458,-0.686493,0.089288,1.126645,-2.046377,-2.394655,1.581831,0.962378,0.218796,-0.143470,-0.518510,-0.000946,0.300522,0.001703,0.276805
39.697270,1.739218,-2.391636,-0.651061,-0.602703,1.249338,0.634178,0.581499,0.584050,-0.764652,0.326876,-0.192552,0.384280,0.456153,0.298173,-0.686267,0.089145,1.126118,-2.046375,-2.394353,1.581827,0.962647,0.221870,-0.143532,-0.520663,0.000362,0.302402,0.000310,0.274758
39.697973,1.737533,-2.394772,-0.650069,-0.602993,1.246649,0.634369,0.581172,0.633500,-0.788890,0.374524,-0.191985,0.381473,0.458860,0.297869,-0.686042,0.088993,1.125598,-2.046375,-2.394050,1.581831,0.962919,0.222441,-0.145751,-0.522771,-0.000002,0.301706,0.000861,0.272051
39.699062,1.738650,-2.398216,-0.651556,-0.604346,1.251616,0.634227,0.581548,0.677247,-0.810252,0.416606,-0.192440,0.378786,0.461361,0.297582,-0.685813,0.088847,1.125072,-2.046377,-2.393729,1.581829,0.963191,0.224615,-0.145755,-0.522077,-0.000398,0.306517,0.000576,0.272907
39.700121,1.739841,-2.406840,-0.648233,-0.605097,1.254195,0.634163,0.581529,0.710087,-0.826596,0.448048,-0.193405,0.376392,0.463278,0.297334,-0.685581,0.088699,1.124541,-2.046376,-2.393423,1.581832,0.963470,0.227560,-0.147462,-0.522948,-0.000207,0.306606,0.000550,0.272974
39.700976,1.739277,-2.408939,-0.648974,-0.605230,1.255990,0.633886,0.582493,0.729911,-0.837650,0.466800,-0.194442,0.374365,0.464409,0.297127,-0.685343,0.088554,1.124014,-2.046376,-2.393108,1.581834,0.963744,0.230221,-0.146426,-0.526055,-0.000578,0.308844,0.000459,0.273815
39.702073,1.748042,-2.412965,-0.648961,-0.604208,1.255490,0.632834,0.583809,0.738116,-0.845200,0.474338,-0.194649,0.372614,0.464715,0.296947,-0.685108,0.088405,1.123484,-2.046379,-2.392794,1.581834,0.964012,0.232613,-0.147680,-0.525546,-0.001251,0.310317,0.000620,0.272316
39.703009,1.746707,-2.419389,-0.640908,-0.605531,1.259846,0.633126,0.583416,0.736400,-0.850441,0.472448,-0.192888,0.370999,0.464201,0.296781,-0.684878,0.088251,1.122950,-2.046384,-2.392459,1.581837,0.964281,0.231767,-0.149053,-0.527183,-0.003323,0.315729,0.001514,0.270565
39.704010,1.747903,-2.425741,-0.642516,-0.607804,1.261589,0.633742,0.582298,0.729988,-0.855660,0.466284,-0.188525,0.369298,0.463150,0.296617,-0.684636,0.088104,1.122414,-2.046385,-2.392142,1.581836,0.964549,0.234978,-0.148520,-0.531669,-0.002915,0.315170,0.001085,0.271982
39.705057,1.750272,-2.430257,-0.642874,-0.608470,1.265575,0.634593,0.581625,0.722648,-0.862540,0.459413,-0.182524,0.367527,0.461862,0.296464,-0.684396,0.087958,1.121876,-2.046384,-2.391817,1.581835,0.964829,0.237256,-0.148361,-0.531678,-0.001715,0.317706,0.000334,0.274894
39.706030,1.753407,-2.430317,-0.639834,-0.609518,1.265947,0.633071,0.582726,0.698208,-0.874610,0.435996,-0.171873,0.364749,0.458775,0.296310,-0.683910,0.087648,1.120807,-2.046387,-2.391172,1.581836,0.965386,0.240319,-0.152003,-0.534996,-0.002045,0.322063,0.000740,0.275374
39.707009,1.756098,-2.431669,-0.646274,-0.611234,1.270858,0.632987,0.583817,0.678585,-0.874892,0.416725,-0.169571,0.363982,0.457173,0.296301,-0.683663,0.087489,1.120274,-2.046387,-2.390851,1.581839,0.965659,0.241656,-0.154079,-0.532491,-0.001343,0.321243,0.000662,0.273846
39.708035,1.758785,-2.432264,-0.644610,-0.610859,1.273110,0.633449,0.583657,0.678585,-0.874892,0.416725,-0.169571,0.363982,0.457173,0.296301,-0.683663,0.087489,1.120274,-2.046387,-2.390851,1.581839,0.965659,0.241656,-0.154079,-0.532491,-0.001343,0.321243,0.000662,0.273846
39.709002,1.766378,-2.439330,-0.640060,-0.611590,1.272455,0.633557,0.583891,0.650751,-0.867638,0.389066,-0.170487,0.363783,0.455489,0.296306,-0.683412,0.087323,1.119738,-2.046392,-2.390521,1.581839,0.965934,0.243228,-0.156686,-0.534448,-0.002701,0.323411,0.000052,0.274922
39.709941,1.767282,-2.441655,-0.639267,-0.614061,1.274132,0.633046,0.584181,0.591227,-0.844756,0.329449,-0.176333,0.363737,0.452465,0.296228,-0.682922,0.087006,1.118659,-2.046392,-2.389851,1.581838,0.966487,0.244099,-0.157252,-0.538108,-0.001454,0.329983,0.000208,0.275055
39.711119,1.775421,-2.446478,-0.643999,-0.615425,1.276276,0.633297,0.585156,0.567894,-0.834839,0.305873,-0.180754,0.363519,0.451484,0.296132,-0.682681,0.086845,1.118120,-2.046392,-2.389507,1.581837,0.966755,0.243906,-0.158517,-0.537880,-0.001331,0.333245,-0.000203,0.274127
39.712085,1.782322,-2.448346,-0.639227,-0.613734,1.279464,0.633592,0.585727,0.567894,-0.834839,0.305873,-0.180754,0.363519,0.451484,0.296132,-0.682681,0.086845,1.118120,-2.046392,-2.389507,1.581837,0.966755,0.243906,-0.158517,-0.537880,-0.001331,0.333245,-0.000203,0.274127
39.712928,1.781564,-2.451859,-0.640801,-0.616406,1.281050,0.632776,0.584506,0.549097,-0.825983,0.286767,-0.185960,0.363134,0.450850,0.296017,-0.682436,0.086680,1.117569,-2.046401,-2.389172,1.581835,0.967028,0.243092,-0.160212,-0.540753,-0.003829,0.333931,-0.000621,0.273619
39.714017,1.791163,-2.452614,-0.642377,-0.617762,1.282890,0.633135,0.584712,0.535825,-0.819308,0.273177,-0.190581,0.362458,0.450490,0.295904,-0.682184,0.086517,1.117035,-2.046398,-2.388835,1.581837,0.967312,0.245331,-0.160494,-0.539688,-0.002069,0.335299,0.000081,0.276462
39.715030,1.791522,-2.455322,-0.640996,-0.618649,1.282678,0.632869,0.586759,0.525549,-0.813035,0.262475,-0.195572,0.361704,0.450326,0.295837,-0.681943,0.086349,1.116491,-2.046400,-2.388493,1.581836,0.967587,0.243901,-0.163319,-0.540360,-0.001827,0.338227,-0.000435,0.276870
39.716037,1.785355,-2.460883,-0.641342,-0.621181,1.284736,0.632856,0.586730,0.516859,-0.805188,0.253050,-0.202137,0.361033,0.450406,0.295843,-0.681689,0.086179,1.115943,-2.046402,-2.388143,1.581837,0.967859,0.246553,-0.164737,-0.541895,-0.001944,0.342549,-0.000306,0.273457
39.717017,1.790203,-2.457913,-0.635373,-0.619818,1.283182,0.632307,0.586922,0.506313,-0.794678,0.241488,-0.209862,0.360534,0.450445,0.295938,-0.681424,0.086012,1.115401,-2.046398,-2.387790,1.581836,0.968132,0.252304,-0.164738,-0.542585,-0.000537,0.344494,-0.000430,0.274264
39.718045,1.794509,-2.462436,-0.631070,-0.621933,1.283920,0.632903,0.587790,0.490442,-0.780839,0.224513,-0.217808,0.360247,0.450107,0.296127,-0.681172,0.085837,1.114844,-2.046405,-2.387426,1.581837,0.968405,0.252449,-0.168824,-0.546075,-0.002810,0.349784,-0.000014,0.274529
39.718987,1.799202,-2.465130,-0.627310,-0.623208,1.282767,0.632099,0.589564,0.474368,-0.765757,0.207256,-0.225266,0.359915,0.449696,0.296348,-0.680914,0.085665,1.114297,-2.046404,-2.387062,1.581835,0.968679,0.253131,-0.169363,-0.549177,-0.001759,0.353098,-0.000753,0.273519
39.720007,1.800025,-2.472505,-0.623662,-0.623307,1.279825,0.632051,0.591174,0.465517,-0.753013,0.197060,-0.232372,0.359321,0.449702,0.296519,-0.680665,0.085492,1.113736,-2.046404,-2.386697,1.581836,0.968945,0.253226,-0.170437,-0.551215,-0.001470,0.357688,-0.000070,0.270573
39.720997,1.799991,-2.478011,-0.624841,-0.625169,1.279241,0.632133,0.590521,0.466398,-0.745619,0.196536,-0.238293,0.358380,0.450141,0.296597,-0.680405,0.085320,1.113170,-2.046406,-2.386318,1.581835,0.969205,0.255601,-0.169521,-0.553714,-0.002401,0.364499,-0.000163,0.268135
39.722026,1.801378,-2.477944,-0.618953,-0.627280,1.277054,0.631340,0.590802,0.474237,-0.744801,0.203150,-0.241271,0.357109,0.450596,0.296601,-0.680139,0.085152,1.112620,-2.046406,-2.385941,1.581835,0.969479,0.258142,-0.169479,-0.553742,-0.001547,0.368712,-0.000382,0.270155
39.723052,1.796751,-2.482091,-0.617637,-0.627983,1.273385,0.631713,0.591947,0.484466,-0.748141,0.212348,-0.242153,0.355768,0.450869,0.296579,-0.679879,0.084977,1.112049,-2.046405,-2.385554,1.581839,0.969747,0.260259,-0.172351,-0.557399,-0.000542,0.374776,0.000253,0.270342
39.723977,1.803075,-2.489378,-0.611381,-0.631961,1.271840,0.629029,0.592534,0.500715,-0.755746,0.226860,-0.243509,0.353688,0.450946,0.296571,-0.679338,0.084636,1.110920,-2.046399,-2.384751,1.581842,0.970280,0.264146,-0.171787,-0.561911,0.001994,0.386573,0.002295,0.268218
39.724975,1.808216,-2.492418,-0.608233,-0.631855,1.272247,0.630279,0.592297,0.511993,-0.763261,0.237429,-0.244708,0.352846,0.451091,0.296639,-0.679079,0.084460,1.110341,-2.046402,-2.384352,1.581839,0.970552,0.264240,-0.172931,-0.563826,0.000861,0.389647,0.000892,0.269403
39.726075,1.812930,-2.496678,-0.601649,-0.632564,1.271190,0.629616,0.592358,0.511993,-0.763261,0.237429,-0.244708,0.352846,0.451091,0.296639,-0.679079,0.084460,1.110341,-2.046402,-2.384352,1.581839,0.970552,0.264240,-0.172931,-0.563826,0.000861,0.389647,0.000892,0.269403
39.727062,1.819728,-2.500540,-0.595207,-0.633719,1.271455,0.629822,0.592308,0.564125,-0.796883,0.287977,-0.245951,0.350591,0.452921,0.296896,-0.678550,0.084110,1.109186,-2.046403,-2.383538,1.581838,0.971098,0.264168,-0.174614,-0.571757,0.000584,0.397952,0.001076,0.270918
39.727982,1.821943,-2.505253,-0.594938,-0.633595,1.266127,0.630415,0.591460,0.607478,-0.823737,0.330447,-0.244835,0.349002,0.454719,0.296991,-0.678283,0.083937,1.108616,-2.046407,-2.383113,1.581836,0.971378,0.265182,-0.174548,-0.571749,-0.000410,0.405979,0.000366,0.273151
39.728958,1.823327,-2.514436,-0.590927,-0.637723,1.259662,0.629405,0.592539,0.607478,-0.823737,0.330447,-0.244835,0.349002,0.454719,0.296991,-0.678283,0.083937,1.108616,-2.046407,-2.383113,1.581836,0.971378,0.265182,-0.174548,-0.571749,-0.000410,0.405979,0.000366,0.273151
39.729994,1.820810,-2.515595,-0.584783,-0.638739,1.258013,0.629089,0.590628,0.657108,-0.855871,0.379299,-0.241967,0.347251,0.456684,0.297034,-0.678015,0.083766,1.108035,-2.046398,-2.382676,1.581838,0.971644,0.266907,-0.172545,-0.573940,0.002528,0.415402,0.001245,0.271630
39.730982,1.821991,-2.521992,-0.582516,-0.640071,1.255901,0.629692,0.590391,0.707852,-0.890767,0.429354,-0.238323,0.345582,0.458560,0.297032,-0.677733,0.083588,1.107446,-2.046394,-2.382246,1.581841,0.971931,0.270790,-0.174803,-0.577549,0.002345,0.420486,0.001396,0.276216
39.732011,1.827803,-2.529588,-0.579773,-0.640218,1.254115,0.628986,0.587862,0.798949,-0.958842,0.519488,-0.230622,0.343018,0.461493,0.297006,-0.677184,0.083247,1.106279,-2.046390,-2.381367,1.581840,0.972509,0.272305,-0.173294,-0.580796,0.001605,0.430718,0.001229,0.283049
39.732987,1.834738,-2.534655,-0.574583,-0.640013,1.250086,0.630080,0.587004,0.798949,-0.958842,0.519488,-0.230622,0.343018,0.461493,0.297006,-0.677184,0.083247,1.106279,-2.046390,-2.381367,1.581840,0.972509,0.272305,-0.173294,-0.580796,0.001605,0.430718,0.001229,0.283049
39.733959,1.837267,-2.534783,-0.574611,-0.642402,1.244440,0.630869,0.586081,0.842636,-0.995228,0.563223,-0.223899,0.341707,0.462486,0.297010,-0.676913,0.083074,1.105685,-2.046391,-2.380915,1.581836,0.972804,0.271202,-0.173340,-0.583410,0.000416,0.437567,0.000008,0.285293
39.735038,1.838000,-2.541825,-0.566935,-0.644347,1.242643,0.629982,0.585553,0.888723,-1.033936,0.609673,-0.215139,0.340150,0.463446,0.297010,-0.676637,0.082892,1.105105,-2.046388,-2.380449,1.581835,0.973089,0.272247,-0.175748,-0.583509,0.001722,0.445852,-0.000902,0.287734
39.736042,1.843411,-2.545260,-0.570963,-0.644396,1.236063,0.630692,0.584181,0.934725,-1.070969,0.656142,-0.206919,0.338579,0.464536,0.296982,-0.676358,0.082719,1.104506,-2.046384,-2.379985,1.581838,0.973384,0.274781,-0.175264,-0.588105,0.002449,0.451079,-0.000164,0.289527
39.737004,1.843930,-2.547915,-0.572005,-0.644818,1.232894,0.629572,0.583757,0.978356,-1.104678,0.700302,-0.199932,0.337108,0.465668,0.296912,-0.676080,0.082540,1.103928,-2.046384,-2.379504,1.581833,0.973689,0.274504,-0.176192,-0.586437,0.001433,0.460416,-0.001000,0.292861
39.738062,1.843505,-2.551487,-0.566017,-0.646311,1.230517,0.629123,0.582822,1.015373,-1.133686,0.738035,-0.193077,0.335789,0.466455,0.296802,-0.675803,0.082362,1.103340,-2.046384,-2.379028,1.581834,0.973985,0.276497,-0.177316,-0.585912,0.000855,0.466002,0.000001,0.294219
39.739076,1.845347,-2.560434,-0.567498,-0.646891,1.222046,0.628347,0.582719,1.041770,-1.155903,0.765345,-0.186191,0.334772,0.466630,0.296660,-0.675516,0.082180,1.102740,-2.046382,-2.378534,1.581835,0.974285,0.279376,-0.178390,-0.589498,0.001204,0.471377,0.000290,0.296792
39.739954,1.846085,-2.560267,-0.564259,-0.648271,1.217580,0.628388,0.581028,1.058409,-1.172434,0.783061,-0.179021,0.334047,0.466182,0.296480,-0.675229,0.082006,1.102155,-2.046382,-2.378031,1.581834,0.974584,0.280847,-0.176624,-0.589106,0.000717,0.482479,0.000940,0.297592
39.740969,1.855245,-2.564979,-0.558423,-0.648073,1.218440,0.628266,0.581535,1.070952,-1.194817,0.798396,-0.162932,0.333073,0.463828,0.296109,-0.674670,0.081644,1.100969,-2.046383,-2.377033,1.581837,0.975201,0.280074,-0.179048,-0.593300,-0.000061,0.490202,0.000734,0.300856
39.741987,1.863372,-2.571296,-0.559832,-0.649539,1.212982,0.627724,0.580655,1.078998,-1.204980,0.807891,-0.155123,0.332439,0.462872,0.295978,-0.674389,0.081467,1.100376,-2.046383,-2.376512,1.581837,0.975507,0.278527,-0.178611,-0.592896,0.000352,0.498149,0.001139,0.303243
39.743083,1.863393,-2.576295,-0.559710,-0.652440,1.213464,0.626899,0.580675,1.092050,-1.216309,0.822185,-0.148263,0.331593,0.462354,0.295869,-0.674104,0.081286,1.099776,-2.046381,-2.376009,1.581837,0.975815,0.281459,-0.179168,-0.593785,0.002082,0.500802,0.001816,0.303905
39.743996,1.864281,-2.576371,-0.558071,-0.653871,1.207075,0.627675,0.579831,1.103863,-1.224744,0.834898,-0.144279,0.330821,0.462066,0.295767,-0.673818,0.081101,1.099186,-2.046377,-2.375484,1.581837,0.976125,0.282829,-0.181270,-0.594196,0.002468,0.508846,0.000904,0.305997
39.744956,1.863987,-2.582091,-0.561812,-0.652016,1.206729,0.626967,0.579502,1.103863,-1.224744,0.834898,-0.144279,0.330821,0.462066,0.295767,-0.673818,0.081101,1.099186,-2.046377,-2.375484,1.581837,0.976125,0.282829,-0.181270,-0.594196,0.002468,0.508846,0.000904,0.305997
39.745995,1.857536,-2.585548,-0.554882,-0.654871,1.209168,0.626813,0.578415,1.099438,-1.224144,0.831727,-0.141099,0.329618,0.460338,0.295547,-0.673230,0.080738,1.097988,-2.046381,-2.374449,1.581837,0.976757,0.290728,-0.181843,-0.596078,0.001489,0.511316,0.001500,0.309876
39.746970,1.854491,-2.588165,-0.561450,-0.655160,1.209312,0.627674,0.577892,1.074077,-1.213144,0.807068,-0.140256,0.329247,0.458141,0.295428,-0.672925,0.080552,1.097402,-2.046383,-2.373924,1.581835,0.977071,0.294196,-0.182948,-0.592824,0.000767,0.513245,0.000505,0.311394
39.748086,1.863723,-2.595567,-0.560779,-0.655642,1.209766,0.628060,0.576507,1.074077,-1.213144,0.807068,-0.140256,0.329247,0.458141,0.295428,-0.672925,0.080552,1.097402,-2.046383,-2.373924,1.581835,0.977071,0.294196,-0.182948,-0.592824,0.000767,0.513245,0.000505,0.311394
39.748991,1.867518,-2.593346,-0.553557,-0.657432,1.206530,0.626359,0.576531,1.032158,-1.194778,0.766079,-0.140254,0.329041,0.455053,0.295303,-0.672638,0.080370,1.096801,-2.046384,-2.373408,1.581836,0.977396,0.292518,-0.182365,-0.594160,0.000123,0.516020,-0.000033,0.314875
39.749958,1.866484,-2.598146,-0.558084,-0.657775,1.209579,0.628581,0.576395,0.984073,-1.173724,0.719077,-0.140892,0.328605,0.451757,0.295165,-0.672345,0.080178,1.096205,-2.046382,-2.372878,1.581838,0.977714,0.292345,-0.185515,-0.597260,0.000940,0.520758,0.001551,0.315138
39.751000,1.867815,-2.600205,-0.554232,-0.656514,1.211424,0.627969,0.574569,0.886988,-1.127581,0.624070,-0.146480,0.326833,0.446037,0.294970,-0.671747,0.079806,1.095005,-2.046392,-2.371836,1.581836,0.978361,0.296631,-0.187186,-0.597214,-0.001875,0.520477,-0.000336,0.320099
39.751966,1.867811,-2.602024,-0.557247,-0.657736,1.215831,0.627079,0.573796,0.833026,-1.101370,0.571275,-0.149299,0.325795,0.443075,0.294995,-0.671439,0.079613,1.094418,-2.046393,-2.371318,1.581836,0.978685,0.298512,-0.188550,-0.595698,-0.001619,0.518095,0.000424,0.322051
39.752935,1.873125,-2.607585,-0.559384,-0.657769,1.216531,0.626566,0.571551,0.833026,-1.101370,0.571275,-0.149299,0.325795,0.443075,0.294995,-0.671439,0.079613,1.094418,-2.046393,-2.371318,1.581836,0.978685,0.298512,-0.188550,-0.595698,-0.001619,0.518095,0.000424,0.322051
39.753948,1.870376,-2.612889,-0.559467,-0.658231,1.216829,0.627144,0.570642,0.774270,-1.073011,0.513856,-0.151604,0.324874,0.439866,0.295126,-0.671143,0.079425,1.093825,-2.046397,-2.370801,1.581838,0.979029,0.297867,-0.188120,-0.594601,-0.002509,0.519537,0.000789,0.326921
39.754981,1.871261,-2.614197,-0.557730,-0.660281,1.218776,0.626615,0.568499,0.645584,-1.015340,0.388215,-0.152497,0.323468,0.432463,0.295574,-0.670528,0.079045,1.092634,-2.046399,-2.369755,1.581839,0.979700,0.303252,-0.190019,-0.596127,-0.002060,0.522162,0.000456,0.333993
39.756061,1.881513,-2.620302,-0.559914,-0.662208,1.220300,0.626596,0.568707,0.645584,-1.015340,0.388215,-0.152497,0.323468,0.432463,0.295574,-0.670528,0.079045,1.092634,-2.046399,-2.369755,1.581839,0.979700,0.303252,-0.190019,-0.596127,-0.002060,0.522162,0.000456,0.333993
39.756980,1.886764,-2.626551,-0.557227,-0.661975,1.220019,0.626654,0.568140,0.579898,-0.986195,0.323913,-0.153278,0.323048,0.428726,0.295800,-0.670230,0.078853,1.092037,-2.046399,-2.369228,1.581839,0.980038,0.300733,-0.189790,-0.595768,-0.001262,0.523476,0.000317,0.334104
39.757951,1.885211,-2.628824,-0.558973,-0.661529,1.218403,0.627900,0.569097,0.474939,-0.940803,0.221012,-0.156108,0.321640,0.422951,0.296052,-0.669624,0.078476,1.090847,-2.046409,-2.368171,1.581833,0.980703,0.302564,-0.190014,-0.595775,-0.003706,0.529002,-0.001220,0.334020
39.758985,1.880030,-2.628070,-0.561037,-0.662077,1.219030,0.627123,0.569893,0.429311,-0.922815,0.176225,-0.155114,0.320446,0.420222,0.296062,-0.669304,0.078276,1.090259,-2.046413,-2.367634,1.581837,0.981038,0.307310,-0.192939,-0.595255,-0.004119,0.530746,-0.000588,0.332937
39.759943,1.881310,-2.629323,-0.553843,-0.668123,1.219455,0.627078,0.571212,0.429311,-0.922815,0.176225,-0.155114,0.320446,0.420222,0.296062,-0.669304,0.078276,1.090259,-2.046413,-2.367634,1.581837,0.981038,0.307310,-0.192939,-0.595255,-0.004119,0.530746,-0.000588,0.332937
39.760993,1.888417,-2.635696,-0.565588,-0.666790,1.221288,0.626335,0.570856,0.378871,-0.899883,0.126379,-0.155551,0.319373,0.417379,0.296048,-0.668990,0.078077,1.089655,-2.046404,-2.367095,1.581835,0.981364,0.308384,-0.194475,-0.598660,0.000751,0.532107,-0.000667,0.330694
39.762128,1.886245,-2.635557,-0.559939,-0.669777,1.221154,0.625961,0.570971,0.325660,-0.871032,0.073395,-0.160422,0.318580,0.414836,0.296051,-0.668686,0.077885,1.089065,-2.046411,-2.366561,1.581837,0.981698,0.307218,-0.193967,-0.593301,-0.001579,0.532803,-0.000077,0.331980
39.762993,1.885145,-2.638230,-0.553234,-0.669961,1.215799,0.625368,0.572659,0.270814,-0.837959,0.018584,-0.168613,0.317961,0.412520,0.296086,-0.668367,0.077683,1.088465,-2.046408,-2.366016,1.581838,0.982027,0.311083,-0.197055,-0.597316,0.000190,0.536030,0.000134,0.332448
39.763969,1.893217,-2.642509,-0.556691,-0.670705,1.215849,0.626506,0.573566,0.216213,-0.801944,-0.036086,-0.178823,0.317369,0.410438,0.296135,-0.668054,0.077485,1.087857,-2.046412,-2.365468,1.581839,0.982352,0.312847,-0.197440,-0.599686,-0.000452,0.542422,0.000604,0.329283
39.764939,1.895976,-2.648818,-0.557686,-0.670453,1.212997,0.625863,0.574895,0.166752,-0.766323,-0.085648,-0.189571,0.316599,0.408756,0.296157,-0.667746,0.077291,1.087259,-2.046413,-2.364919,1.581834,0.982682,0.310700,-0.197614,-0.597888,-0.000704,0.544160,-0.000656,0.327910
39.765939,1.893272,-2.652520,-0.559763,-0.672422,1.212760,0.626019,0.576542,0.089054,-0.709071,-0.163080,-0.203732,0.314218,0.405875,0.296006,-0.667112,0.076895,1.086067,-2.046415,-2.363810,1.581835,0.983315,0.314487,-0.197252,-0.596475,-0.000980,0.550933,-0.000439,0.322928
39.766989,1.886548,-2.659862,-0.556261,-0.675109,1.209177,0.625562,0.577859,0.089054,-0.709071,-0.163080,-0.203732,0.314218,0.405875,0.296006,-0.667112,0.076895,1.086067,-2.046415,-2.363810,1.581835,0.983315,0.314487,-0.197252,-0.596475,-0.000980,0.550933,-0.000439,0.322928
39.768062,1.890464,-2.662437,-0.554645,-0.676658,1.207839,0.625393,0.580190,0.013509,-0.663348,-0.237595,-0.208340,0.312190,0.401772,0.295570,-0.666459,0.076499,1.084868,-2.046411,-2.362679,1.581837,0.983938,0.320278,-0.197666,-0.600204,0.000951,0.560483,-0.000112,0.316916
39.769001,1.898210,-2.668165,-0.555848,-0.676686,1.205839,0.624096,0.580453,-0.022357,-0.643952,-0.272756,-0.209411,0.311320,0.399601,0.295298,-0.666146,0.076301,1.084262,-2.046414,-2.362104,1.581841,0.984253,0.318041,-0.196867,-0.599172,0.000053,0.563774,0.001043,0.316843
39.769978,1.901474,-2.668611,-0.553141,-0.678460,1.207697,0.623715,0.581457,-0.050276,-0.629388,-0.299933,-0.209708,0.310127,0.397813,0.295030,-0.665825,0.076095,1.083663,-2.046412,-2.361531,1.581838,0.984563,0.318214,-0.198859,-0.600513,0.000779,0.563475,0.001299,0.315325
39.770942,1.903648,-2.667460,-0.543097,-0.675841,1.206611,0.624636,0.582885,-0.067326,-0.619651,-0.316334,-0.209408,0.308366,0.396689,0.294785,-0.665506,0.075887,1.083047,-2.046420,-2.360961,1.581838,0.984873,0.318870,-0.201539,-0.605230,-0.002700,0.566122,0.000237,0.312940
39.771948,1.908232,-2.668404,-0.545430,-0.677687,1.205543,0.624585,0.584752,-0.067326,-0.619651,-0.316334,-0.209408,0.308366,0.396689,0.294785,-0.665506,0.075887,1.083047,-2.046420,-2.360961,1.581838,0.984873,0.318870,-0.201539,-0.605230,-0.002700,0.566122,0.000237,0.312940
39.772960,1.909537,-2.674568,-0.545481,-0.679893,1.205577,0.624432,0.584207,-0.072823,-0.613624,-0.321312,-0.208335,0.305883,0.396368,0.294565,-0.665190,0.075680,1.082448,-2.046420,-2.360371,1.581837,0.985179,0.318574,-0.203363,-0.604175,-0.001860,0.568834,0.000166,0.309766
39.773950,1.910658,-2.676412,-0.541573,-0.680286,1.206218,0.623864,0.584801,-0.064569,-0.605617,-0.312346,-0.207525,0.299695,0.397382,0.294269,-0.664542,0.075270,1.081225,-2.046421,-2.359208,1.581840,0.985798,0.321164,-0.203980,-0.606106,-0.001332,0.571526,0.000598,0.310792
39.774957,1.909009,-2.677568,-0.537477,-0.682805,1.204651,0.624054,0.585635,-0.056562,-0.601951,-0.304274,-0.208976,0.296541,0.398335,0.294204,-0.664210,0.075059,1.080618,-2.046418,-2.358626,1.581837,0.986107,0.323825,-0.205667,-0.608238,0.000084,0.574851,0.000281,0.309680
39.776087,1.914579,-2.677467,-0.534644,-0.682096,1.200967,0.624153,0.586466,-0.056562,-0.601951,-0.304274,-0.208976,0.296541,0.398335,0.294204,-0.664210,0.075059,1.080618,-2.046418,-2.358626,1.581837,0.986107,0.323825,-0.205667,-0.608238,0.000084,0.574851,0.000281,0.309680
39.776994,1.915174,-2.684475,-0.536263,-0.682809,1.199773,0.623729,0.586227,-0.046890,-0.596967,-0.294813,-0.212255,0.293584,0.399622,0.294198,-0.663890,0.074845,1.080003,-2.046424,-2.358037,1.581834,0.986412,0.323690,-0.208551,-0.610552,-0.001688,0.581151,0.000046,0.308819
39.778017,1.920487,-2.681940,-0.534422,-0.682978,1.199469,0.624562,0.586111,-0.035513,-0.591460,-0.283760,-0.215918,0.290816,0.401119,0.294254,-0.663563,0.074636,1.079386,-2.046427,-2.357440,1.581836,0.986724,0.325416,-0.207390,-0.609819,-0.001979,0.584026,0.000320,0.309862
39.778934,1.924294,-2.691567,-0.527092,-0.685336,1.196935,0.624307,0.585595,-0.023549,-0.586258,-0.272067,-0.218537,0.288276,0.402583,0.294375,-0.663232,0.074414,1.078777,-2.046432,-2.356838,1.581836,0.987035,0.325484,-0.211587,-0.611968,-0.002929,0.587011,-0.000678,0.310878
39.779942,1.926910,-2.697023,-0.527620,-0.685731,1.190897,0.624070,0.587832,-0.008029,-0.582699,-0.256860,-0.220471,0.285962,0.404228,0.294549,-0.662906,0.074211,1.078151,-2.046430,-2.356241,1.581835,0.987353,0.325681,-0.209226,-0.615767,-0.001673,0.591381,-0.000549,0.312462
39.781056,1.932581,-2.699048,-0.529143,-0.686899,1.192933,0.623577,0.588089,0.015975,-0.584802,-0.233290,-0.221176,0.283654,0.406245,0.294727,-0.662575,0.073998,1.077536,-2.046434,-2.355622,1.581835,0.987655,0.327013,-0.209433,-0.616465,-0.002402,0.599835,-0.000469,0.308723
39.782031,1.932401,-2.699747,-0.527112,-0.688328,1.194026,0.623804,0.588261,0.046791,-0.592963,-0.202952,-0.219999,0.281225,0.408428,0.294864,-0.662250,0.073781,1.076916,-2.046437,-2.355023,1.581837,0.987961,0.327570,-0.211856,-0.617528,-0.002506,0.601203,-0.000154,0.309238
39.782930,1.933151,-2.703301,-0.524659,-0.690093,1.190936,0.623742,0.589782,0.079039,-0.602527,-0.171238,-0.218522,0.278812,0.410645,0.294958,-0.661915,0.073561,1.076287,-2.046440,-2.354414,1.581836,0.988272,0.330064,-0.214150,-0.619110,-0.002168,0.602309,-0.000534,0.309582
39.784016,1.938398,-2.707841,-0.515038,-0.690418,1.190920,0.623569,0.590754,0.108969,-0.610005,-0.141970,-0.218553,0.276548,0.412858,0.295003,-0.661579,0.073343,1.075667,-2.046441,-2.353794,1.581836,0.988577,0.331538,-0.214604,-0.620368,-0.001441,0.606872,-0.000608,0.307074
39.785050,1.950349,-2.710359,-0.520144,-0.690442,1.192422,0.623643,0.591302,0.139117,-0.617071,-0.112644,-0.219901,0.274198,0.415200,0.294973,-0.661246,0.073126,1.075026,-2.046446,-2.353185,1.581836,0.988874,0.332029,-0.215621,-0.626573,-0.002313,0.610024,-0.000601,0.306110
39.785940,1.958927,-2.712896,-0.516384,-0.691525,1.193979,0.623518,0.590921,0.175901,-0.627600,-0.076792,-0.221317,0.271327,0.417978,0.294863,-0.660922,0.072904,1.074405,-2.046453,-2.352571,1.581836,0.989180,0.328911,-0.217302,-0.625086,-0.003354,0.611140,-0.000837,0.305848
39.787037,1.957509,-2.712075,-0.512352,-0.691432,1.197866,0.622695,0.591899,0.222066,-0.642967,-0.031577,-0.222459,0.267785,0.421362,0.294723,-0.660602,0.072685,1.073773,-2.046457,-2.351966,1.581835,0.989484,0.326619,-0.218210,-0.626812,-0.003231,0.611088,-0.000842,0.307173
39.788080,1.957023,-2.719722,-0.515209,-0.692885,1.199731,0.622713,0.593547,0.275485,-0.661508,0.020852,-0.223904,0.263747,0.425287,0.294604,-0.660265,0.072454,1.073129,-2.046462,-2.351358,1.581836,0.989793,0.330536,-0.221823,-0.630234,-0.004514,0.610442,-0.000185,0.306134
39.789017,1.963379,-2.724184,-0.511614,-0.693537,1.201006,0.621135,0.592409,0.328396,-0.679735,0.072795,-0.225672,0.259578,0.429238,0.294530,-0.659924,0.072233,1.072503,-2.046468,-2.350742,1.581836,0.990086,0.333520,-0.220943,-0.629935,-0.004160,0.611297,-0.000373,0.303722
39.790061,1.962754,-2.727480,-0.517087,-0.694440,1.202736,0.620013,0.593032,0.375379,-0.697230,0.118989,-0.226855,0.255540,0.432690,0.294505,-0.659595,0.072012,1.071867,-2.046470,-2.350132,1.581840,0.990399,0.332494,-0.221148,-0.631907,-0.004574,0.611886,0.001053,0.306655
39.790961,1.962008,-2.727157,-0.509469,-0.694805,1.204399,0.619697,0.593126,0.415263,-0.714938,0.158333,-0.226839,0.251766,0.435439,0.294527,-0.659251,0.071786,1.071241,-2.046476,-2.349516,1.581840,0.990705,0.335574,-0.222451,-0.630304,-0.004786,0.612876,0.002009,0.306222
39.791952,1.959781,-2.728193,-0.504275,-0.694389,1.204349,0.618479,0.593497,0.444755,-0.730611,0.187524,-0.226066,0.248486,0.437332,0.294576,-0.658912,0.071554,1.070598,-2.046482,-2.348899,1.581842,0.991012,0.337769,-0.224703,-0.633928,-0.005346,0.612676,0.002168,0.306599
39.793057,1.963702,-2.733437,-0.510916,-0.695886,1.205951,0.619900,0.592726,0.463427,-0.742680,0.206115,-0.224922,0.245796,0.438432,0.294625,-0.658567,0.071325,1.069947,-2.046492,-2.348279,1.581846,0.991320,0.341252,-0.226803,-0.636957,-0.006715,0.614974,0.003215,0.306588
39.793999,1.968789,-2.736864,-0.510196,-0.697545,1.206124,0.621061,0.591953,0.471941,-0.750990,0.214846,-0.223279,0.243732,0.438781,0.294665,-0.658220,0.071095,1.069320,-2.046497,-2.347662,1.581845,0.991631,0.342344,-0.227387,-0.635250,-0.006404,0.616590,0.001604,0.309101
39.795111,1.967106,-2.744248,-0.509550,-0.699875,1.203568,0.621489,0.590899,0.470682,-0.755685,0.214092,-0.221781,0.242443,0.438426,0.294707,-0.657881,0.070868,1.068681,-2.046500,-2.347050,1.581843,0.991946,0.341890,-0.228055,-0.635792,-0.005798,0.618302,0.000314,0.311251
39.795993,1.968172,-2.745599,-0.505159,-0.701080,1.203548,0.620766,0.590747,0.462627,-0.758183,0.206602,-0.221335,0.241997,0.437611,0.294768,-0.657522,0.070641,1.068028,-2.046504,-2.346412,1.581845,0.992268,0.345771,-0.227646,-0.637545,-0.004686,0.623970,-0.000289,0.314285
39.796957,1.973707,-2.755086,-0.503352,-0.700837,1.199920,0.619857,0.589814,0.450168,-0.759731,0.194606,-0.222198,0.242366,0.436500,0.294876,-0.657169,0.070408,1.067392,-2.046509,-2.345777,1.581843,0.992583,0.346747,-0.228971,-0.639444,-0.004425,0.625099,0.000320,0.315058
39.798044,1.982212,-2.755054,-0.505308,-0.702342,1.203604,0.618981,0.589796,0.437230,-0.763188,0.182128,-0.223062,0.243304,0.435214,0.295054,-0.656826,0.070187,1.066746,-2.046518,-2.345142,1.581846,0.992906,0.346171,-0.226752,-0.640597,-0.005619,0.630609,0.001062,0.317558
39.799033,1.982984,-2.759515,-0.499231,-0.705250,1.196283,0.619463,0.589339,0.426777,-0.783104,0.172672,-0.222134,0.246016,0.433008,0.295598,-0.656134,0.069723,1.065457,-2.046524,-2.343857,1.581847,0.993552,0.346861,-0.230239,-0.644477,-0.003519,0.639080,0.001120,0.320033
39.800018,1.987407,-2.762917,-0.500577,-0.705643,1.194116,0.619757,0.588156,0.426777,-0.783104,0.172672,-0.222134,0.246016,0.433008,0.295598,-0.656134,0.069723,1.065457,-2.046524,-2.343857,1.581847,0.993552,0.346861,-0.230239,-0.644477,-0.003519,0.639080,0.001120,0.320033
39.800970,1.987636,-2.764160,-0.503383,-0.706037,1.188842,0.620695,0.587915,0.430892,-0.795651,0.176921,-0.223499,0.247852,0.432595,0.295923,-0.655786,0.069491,1.064805,-2.046530,-2.343198,1.581845,0.993881,0.346915,-0.231086,-0.644140,-0.004172,0.642976,0.000685,0.323051
39.802042,1.988010,-2.770088,-0.500381,-0.707248,1.187629,0.619883,0.587225,0.436942,-0.807360,0.182898,-0.225746,0.249984,0.432354,0.296255,-0.655431,0.069252,1.064171,-2.046536,-2.342527,1.581840,0.994207,0.348801,-0.232759,-0.643027,-0.004763,0.649661,-0.000372,0.324097
39.803046,1.985577,-2.772700,-0.503048,-0.709922,1.179937,0.619819,0.588680,0.437343,-0.821152,0.182977,-0.229802,0.255023,0.430964,0.296875,-0.654712,0.068782,1.062880,-2.046543,-2.341183,1.581840,0.994861,0.354825,-0.234082,-0.644964,-0.003186,0.662798,0.000196,0.324031
39.804012,1.989647,-2.776659,-0.500471,-0.709999,1.175767,0.618711,0.587335,0.428479,-0.821535,0.173980,-0.232022,0.257765,0.429639,0.297167,-0.654352,0.068549,1.062228,-2.046548,-2.340497,1.581841,0.995194,0.354773,-0.234530,-0.646487,-0.004150,0.668281,0.001159,0.327360
39.805006,1.997926,-2.779800,-0.496820,-0.711766,1.169470,0.620062,0.586897,0.428479,-0.821535,0.173980,-0.232022,0.257765,0.429639,0.297167,-0.654352,0.068549,1.062228,-2.046548,-2.340497,1.581841,0.995194,0.354773,-0.234530,-0.646487,-0.004150,0.668281,0.001159,0.327360
39.806020,2.004135,-2.786366,-0.497291,-0.712905,1.167950,0.620176,0.585838,0.419478,-0.820095,0.164941,-0.234140,0.260203,0.428308,0.297474,-0.654004,0.068311,1.061568,-2.046552,-2.339813,1.581837,0.995530,0.352966,-0.235489,-0.648666,-0.003469,0.676217,-0.000346,0.328846
39.807062,2.002437,-2.789099,-0.492299,-0.714016,1.164026,0.618508,0.584702,0.419007,-0.820861,0.164439,-0.236022,0.261911,0.427562,0.297796,-0.653653,0.068076,1.060925,-2.046555,-2.339128,1.581838,0.995866,0.352297,-0.234855,-0.649120,-0.003469,0.679453,-0.000612,0.331643
39.807974,2.000220,-2.791754,-0.490740,-0.717626,1.163197,0.621410,0.584112,0.428575,-0.824936,0.173860,-0.237519,0.262802,0.427460,0.298108,-0.653293,0.067837,1.060266,-2.046558,-2.338434,1.581840,0.996206,0.355707,-0.236286,-0.652402,-0.003528,0.685319,0.000899,0.334623
39.808980,2.005659,-2.796329,-0.490826,-0.718475,1.162704,0.621748,0.582125,0.443207,-0.829396,0.188091,-0.239630,0.263181,0.427754,0.298393,-0.652931,0.067595,1.059603,-2.046553,-2.337737,1.581833,0.996548,0.358439,-0.236992,-0.652785,-0.001117,0.686896,-0.002146,0.336233
39.810003,2.011840,-2.802682,-0.482335,-0.718424,1.156357,0.622070,0.582522,0.458428,-0.831126,0.202575,-0.244191,0.263473,0.428350,0.298655,-0.652577,0.067355,1.058953,-2.046555,-2.337030,1.581832,0.996899,0.358040,-0.237260,-0.653313,-0.001443,0.688862,-0.002608,0.340823
39.811071,2.016497,-2.804046,-0.481704,-0.722309,1.158186,0.620779,0.583139,0.477605,-0.832991,0.220738,-0.249957,0.263596,0.429370,0.298883,-0.652221,0.067121,1.058280,-2.046559,-2.336322,1.581831,0.997238,0.357380,-0.236805,-0.658028,-0.002615,0.696890,-0.003080,0.340657
39.811935,2.021675,-2.807327,-0.471099,-0.723207,1.151462,0.620244,0.582441,0.506679,-0.838483,0.248520,-0.255766,0.263325,0.431116,0.299037,-0.651859,0.066876,1.057624,-2.046554,-2.335615,1.581832,0.997581,0.357719,-0.238991,-0.659316,-0.000099,0.696997,-0.001942,0.340167
39.813021,2.025495,-2.809314,-0.473010,-0.724137,1.150213,0.619988,0.580594,0.547605,-0.847033,0.287773,-0.263176,0.262744,0.433882,0.299117,-0.651505,0.066639,1.056951,-2.046554,-2.334891,1.581834,0.997927,0.356530,-0.239157,-0.663753,-0.000256,0.703878,-0.001558,0.341911
39.814023,2.022434,-2.815484,-0.472645,-0.725135,1.146993,0.620496,0.580169,0.599478,-0.857951,0.337616,-0.272239,0.261861,0.437625,0.299169,-0.651146,0.066394,1.056279,-2.046556,-2.334185,1.581835,0.998282,0.357452,-0.241130,-0.663725,-0.000571,0.707268,-0.001479,0.346364
39.815024,2.017357,-2.821361,-0.474600,-0.725727,1.144961,0.618990,0.578773,0.701352,-0.878058,0.435426,-0.288855,0.259490,0.445037,0.299363,-0.650407,0.065911,1.054950,-2.046559,-2.332743,1.581828,0.998991,0.365822,-0.240131,-0.663631,-0.001309,0.715130,-0.000739,0.351133
39.816047,2.015328,-2.827353,-0.469729,-0.728047,1.146773,0.618293,0.578979,0.701352,-0.878058,0.435426,-0.288855,0.259490,0.445037,0.299363,-0.650407,0.065911,1.054950,-2.046559,-2.332743,1.581828,0.998991,0.365822,-0.240131,-0.663631,-0.001309,0.715130,-0.000739,0.351133
39.817041,2.018616,-2.829354,-0.470438,-0.729746,1.147186,0.616107,0.576547,0.732466,-0.883635,0.465173,-0.293558,0.258176,0.447071,0.299551,-0.650031,0.065672,1.054283,-2.046555,-2.332022,1.581831,0.999346,0.369020,-0.239797,-0.666599,-0.000288,0.714758,-0.000225,0.351300
39.817946,2.025340,-2.829738,-0.464193,-0.729739,1.147640,0.616155,0.576296,0.757593,-0.885527,0.489089,-0.300422,0.255010,0.448463,0.300183,-0.649299,0.065182,1.052934,-2.046557,-2.330599,1.581836,1.000075,0.367636,-0.243029,-0.668971,-0.000837,0.715810,0.001586,0.357520
39.819054,2.036839,-2.837291,-0.463872,-0.730142,1.153694,0.616278,0.576702,0.767623,-0.886221,0.498912,-0.304131,0.252690,0.449178,0.300523,-0.648936,0.064938,1.052269,-2.046559,-2.329886,1.581836,1.000431,0.364777,-0.242294,-0.670339,-0.001708,0.712003,0.001291,0.357474
39.820041,2.037504,-2.839394,-0.462718,-0.732265,1.153589,0.617106,0.577201,0.767623,-0.886221,0.498912,-0.304131,0.252690,0.449178,0.300523,-0.648936,0.064938,1.052269,-2.046559,-2.329886,1.581836,1.000431,0.364777,-0.242294,-0.670339,-0.001708,0.712003,0.001291,0.357474
39.820982,2.045166,-2.840422,-0.459665,-0.731092,1.157945,0.617258,0.576115,0.784754,-0.890880,0.515831,-0.307742,0.249714,0.450480,0.300771,-0.648567,0.064694,1.051589,-2.046557,-2.329180,1.581834,1.000788,0.366533,-0.243681,-0.670963,-0.000799,0.713488,0.000314,0.357000
39.822088,2.049407,-2.850249,-0.459697,-0.734019,1.156961,0.616871,0.577326,0.807199,-0.898148,0.537928,-0.311746,0.246330,0.452311,0.300931,-0.648202,0.064445,1.050920,-2.046565,-2.328468,1.581832,1.001155,0.364462,-0.245279,-0.672292,-0.002948,0.709971,0.000039,0.359601
39.823051,2.053603,-2.849859,-0.465975,-0.734867,1.161696,0.616424,0.577937,0.834113,-0.908014,0.564336,-0.315748,0.242687,0.454568,0.301020,-0.647832,0.064201,1.050240,-2.046563,-2.327745,1.581833,1.001508,0.365171,-0.243392,-0.673308,-0.001341,0.713184,0.000251,0.357916
39.824030,2.051856,-2.852362,-0.451421,-0.734678,1.156715,0.615150,0.580257,0.862160,-0.919726,0.591782,-0.319823,0.239064,0.456974,0.301043,-0.647468,0.063952,1.049571,-2.046565,-2.327046,1.581833,1.001866,0.365023,-0.245854,-0.670109,-0.001609,0.709585,0.000552,0.357181
39.824973,2.055703,-2.853352,-0.455854,-0.737346,1.157885,0.615327,0.578616,0.886936,-0.930563,0.615912,-0.324281,0.235769,0.459263,0.301024,-0.647094,0.063701,1.048887,-2.046569,-2.326320,1.581838,1.002211,0.367857,-0.246878,-0.677426,-0.002874,0.715724,0.001655,0.353069
39.826007,2.062386,-2.858829,-0.459830,-0.736445,1.158745,0.615219,0.580875,0.908636,-0.939657,0.636908,-0.329012,0.232909,0.461452,0.301017,-0.646730,0.063451,1.048213,-2.046568,-2.325617,1.581839,1.002575,0.367716,-0.248495,-0.674856,-0.001350,0.715470,0.001314,0.356844
39.827033,2.064756,-2.862607,-0.463364,-0.737497,1.157453,0.614778,0.582133,0.934211,-0.950137,0.661360,-0.338059,0.229205,0.464654,0.301186,-0.645993,0.062953,1.046871,-2.046576,-2.324164,1.581840,1.003268,0.367859,-0.249025,-0.672139,-0.003480,0.718918,0.001544,0.351064
39.828073,2.056612,-2.869358,-0.463963,-0.737655,1.156094,0.615943,0.583753,0.934211,-0.950137,0.661360,-0.338059,0.229205,0.464654,0.301186,-0.645993,0.062953,1.046871,-2.046576,-2.324164,1.581840,1.003268,0.367859,-0.249025,-0.672139,-0.003480,0.718918,0.001544,0.351064
39.828965,2.055263,-2.870365,-0.457123,-0.739513,1.151152,0.615498,0.583455,0.930779,-0.951600,0.657768,-0.339358,0.228472,0.464768,0.301316,-0.645609,0.062705,1.046195,-2.046582,-2.323436,1.581835,1.003611,0.374203,-0.248300,-0.672401,-0.004426,0.721841,0.000232,0.348509
39.829969,2.061491,-2.870445,-0.462384,-0.740116,1.150394,0.614524,0.583799,0.881930,-0.944665,0.609520,-0.334636,0.228892,0.461327,0.301604,-0.644855,0.062197,1.044855,-2.046586,-2.321974,1.581839,1.004311,0.375074,-0.251954,-0.672838,-0.004115,0.729026,0.001358,0.349401
39.831053,2.069824,-2.878203,-0.465032,-0.740461,1.150682,0.612823,0.587641,0.881930,-0.944665,0.609520,-0.334636,0.228892,0.461327,0.301604,-0.644855,0.062197,1.044855,-2.046586,-2.321974,1.581839,1.004311,0.375074,-0.251954,-0.672838,-0.004115,0.729026,0.001358,0.349401
39.832013,2.073403,-2.884266,-0.464326,-0.743341,1.151957,0.612903,0.588232,0.844973,-0.936958,0.573232,-0.330948,0.229497,0.458710,0.301704,-0.644480,0.061950,1.044179,-2.046592,-2.321237,1.581842,1.004643,0.373505,-0.250941,-0.672439,-0.004923,0.730579,0.002879,0.342469
39.832953,2.072454,-2.883820,-0.461635,-0.744417,1.150308,0.612663,0.589515,0.807206,-0.930605,0.536259,-0.326264,0.229914,0.455949,0.301720,-0.644100,0.061697,1.043508,-2.046594,-2.320494,1.581844,1.004978,0.373463,-0.250076,-0.672720,-0.003135,0.730009,0.002624,0.341916
39.834018,2.071911,-2.887189,-0.463625,-0.746966,1.150517,0.614484,0.589470,0.771665,-0.926735,0.501425,-0.321771,0.230136,0.453304,0.301692,-0.643722,0.061444,1.042831,-2.046596,-2.319761,1.581845,1.005316,0.375581,-0.252383,-0.673766,-0.003153,0.732344,0.002718,0.339846
39.835013,2.070451,-2.887266,-0.466679,-0.746471,1.149668,0.613341,0.591453,0.735548,-0.921827,0.465836,-0.319427,0.230471,0.450804,0.301686,-0.643336,0.061188,1.042165,-2.046593,-2.319024,1.581838,1.005663,0.378209,-0.253374,-0.673625,-0.001926,0.733813,0.000750,0.340687
39.836072,2.072696,-2.889880,-0.469402,-0.746362,1.152682,0.612778,0.592016,0.693303,-0.912189,0.424047,-0.319734,0.231257,0.448163,0.301729,-0.642955,0.060929,1.041494,-2.046600,-2.318289,1.581843,1.005995,0.380889,-0.255628,-0.672302,-0.003474,0.735771,0.001742,0.337328
39.837065,2.070607,-2.888005,-0.474043,-0.746367,1.148537,0.614666,0.591946,0.640840,-0.896500,0.372202,-0.321266,0.232685,0.444975,0.301813,-0.642570,0.060669,1.040821,-2.046607,-2.317548,1.581845,1.006328,0.382078,-0.256928,-0.671683,-0.004669,0.734318,0.002122,0.336999
39.837999,2.072610,-2.886529,-0.476700,-0.747531,1.147229,0.614428,0.592150,0.576501,-0.874313,0.308819,-0.322686,0.234858,0.441017,0.301948,-0.642178,0.060400,1.040157,-2.046614,-2.316791,1.581843,1.006661,0.384957,-0.260028,-0.669639,-0.005675,0.739404,0.000069,0.337786
39.839124,2.076232,-2.887376,-0.476484,-0.746759,1.143784,0.616012,0.595368,0.413560,-0.806157,0.148840,-0.327020,0.241621,0.431266,0.302372,-0.641405,0.059861,1.038823,-2.046631,-2.315286,1.581839,1.007323,0.386348,-0.265021,-0.669573,-0.007344,0.746607,-0.001567,0.332313
39.840021,2.072129,-2.891605,-0.475861,-0.747863,1.145754,0.614735,0.596740,0.413560,-0.806157,0.148840,-0.327020,0.241621,0.431266,0.302372,-0.641405,0.059861,1.038823,-2.046631,-2.315286,1.581839,1.007323,0.386348,-0.265021,-0.669573,-0.007344,0.746607,-0.001567,0.332313
39.841049,2.064872,-2.899328,-0.473955,-0.748627,1.143295,0.613493,0.597964,0.325042,-0.764838,0.062094,-0.329296,0.245655,0.426126,0.302543,-0.641012,0.059595,1.038155,-2.046640,-2.314544,1.581839,1.007645,0.389583,-0.264536,-0.669298,-0.007086,0.744760,-0.000400,0.330091
39.841966,2.064949,-2.901300,-0.480306,-0.751459,1.144811,0.612986,0.598306,0.235343,-0.724342,-0.025704,-0.329476,0.249676,0.420694,0.302666,-0.640608,0.059335,1.037479,-2.046647,-2.313792,1.581841,1.007970,0.395126,-0.263114,-0.670711,-0.007388,0.748502,0.000674,0.328389
39.842972,2.070904,-2.906215,-0.479210,-0.750080,1.146579,0.613082,0.599512,0.048169,-0.651368,-0.208411,-0.323477,0.257166,0.408235,0.303013,-0.639817,0.058805,1.036146,-2.046664,-2.312301,1.581844,1.008618,0.395155,-0.263730,-0.668071,-0.007839,0.746611,0.000756,0.326512
39.844103,2.078898,-2.908064,-0.474224,-0.751388,1.149861,0.612497,0.601156,0.048169,-0.651368,-0.208411,-0.323477,0.257166,0.408235,0.303013,-0.639817,0.058805,1.036146,-2.046664,-2.312301,1.581844,1.008618,0.395155,-0.263730,-0.668071,-0.007839,0.746611,0.000756,0.326512
39.845033,2.082969,-2.906392,-0.469629,-0.751218,1.153977,0.613815,0.601659,-0.037227,-0.623298,-0.291411,-0.318223,0.260020,0.402131,0.303232,-0.639423,0.058532,1.035462,-2.046672,-2.311560,1.581845,1.008941,0.393844,-0.265667,-0.671776,-0.007657,0.745518,0.001165,0.324169
39.846020,2.079407,-2.907165,-0.473039,-0.751284,1.156824,0.614568,0.601058,-0.103125,-0.604244,-0.355179,-0.312613,0.261822,0.397260,0.303448,-0.639031,0.058257,1.034790,-2.046684,-2.310819,1.581843,1.009261,0.393217,-0.268255,-0.673739,-0.008670,0.741880,-0.000301,0.323747
39.847185,2.079824,-2.913575,-0.474313,-0.752000,1.160294,0.615823,0.602320,-0.151131,-0.590946,-0.401431,-0.308159,0.262817,0.393714,0.303687,-0.638630,0.057983,1.034121,-2.046696,-2.310083,1.581841,1.009595,0.396695,-0.269916,-0.672172,-0.009499,0.740082,-0.001187,0.325595
39.847949,2.076977,-2.913543,-0.467509,-0.751961,1.159223,0.614926,0.602744,-0.191017,-0.579435,-0.439816,-0.304531,0.263469,0.390785,0.303933,-0.638224,0.057712,1.033451,-2.046706,-2.309348,1.581835,1.009916,0.399239,-0.269740,-0.673212,-0.009925,0.739166,-0.002593,0.324062
39.849020,2.079100,-2.916238,-0.466427,-0.753238,1.157852,0.614170,0.603085,-0.227168,-0.569447,-0.474656,-0.300661,0.264048,0.388049,0.304111,-0.637823,0.057441,1.032771,-2.046718,-2.308617,1.581835,1.010235,0.400843,-0.270655,-0.674800,-0.010590,0.739430,-0.001792,0.323462
39.850025,2.088226,-2.921439,-0.462395,-0.754447,1.159389,0.611978,0.602317,-0.280011,-0.558808,-0.525258,-0.291472,0.265520,0.383737,0.304166,-0.637022,0.056893,1.031408,-2.046739,-2.307124,1.581842,1.010888,0.399180,-0.271349,-0.678275,-0.010056,0.741983,0.000808,0.325850
39.851016,2.087086,-2.922471,-0.456968,-0.752618,1.156706,0.612074,0.600628,-0.280011,-0.558808,-0.525258,-0.291472,0.265520,0.383737,0.304166,-0.637022,0.056893,1.031408,-2.046739,-2.307124,1.581842,1.010888,0.399180,-0.271349,-0.678275,-0.010056,0.741983,0.000808,0.325850
39.852128,2.092119,-2.927008,-0.460759,-0.753786,1.156326,0.612588,0.600382,-0.286785,-0.562728,-0.531068,-0.285800,0.266446,0.382777,0.304111,-0.636617,0.056620,1.030719,-2.046757,-2.306372,1.581842,1.011224,0.401443,-0.272948,-0.680968,-0.012687,0.745606,0.000536,0.329865
39.852990,2.091741,-2.932992,-0.454192,-0.754859,1.152675,0.613354,0.599721,-0.279976,-0.573556,-0.523378,-0.277925,0.267499,0.382473,0.304038,-0.636215,0.056343,1.030048,-2.046769,-2.305617,1.581842,1.011561,0.401364,-0.273363,-0.680230,-0.012519,0.747870,-0.000151,0.331188
39.853950,2.087485,-2.934196,-0.454614,-0.756267,1.148773,0.614243,0.597411,-0.263394,-0.589909,-0.506035,-0.267922,0.268836,0.382517,0.303980,-0.635814,0.056071,1.029359,-2.046780,-2.304856,1.581840,1.011895,0.402411,-0.271751,-0.682446,-0.012204,0.751254,-0.001041,0.332885
39.855030,2.086810,-2.942228,-0.450346,-0.756844,1.144879,0.614356,0.596518,-0.240704,-0.610323,-0.482798,-0.256732,0.270635,0.382687,0.304008,-0.635400,0.055797,1.028669,-2.046792,-2.304094,1.581838,1.012246,0.405885,-0.273086,-0.681912,-0.011659,0.755710,-0.002066,0.338039
39.855967,2.099265,-2.945491,-0.444511,-0.757123,1.144140,0.613767,0.595719,-0.217096,-0.632287,-0.458841,-0.244900,0.272992,0.382682,0.304165,-0.634984,0.055525,1.027982,-2.046803,-2.303319,1.581837,1.012593,0.408300,-0.271630,-0.684809,-0.012108,0.761038,-0.002332,0.340555
39.857055,2.102806,-2.952847,-0.441515,-0.758406,1.138296,0.612644,0.595465,-0.189064,-0.657829,-0.430594,-0.231915,0.275584,0.382720,0.304394,-0.634594,0.055253,1.027285,-2.046817,-2.302557,1.581837,1.012943,0.403460,-0.271819,-0.687155,-0.012635,0.762082,-0.001879,0.342604
39.857975,2.105240,-2.955146,-0.434779,-0.761229,1.134011,0.611491,0.592939,-0.147466,-0.691238,-0.388911,-0.217415,0.277896,0.383416,0.304600,-0.634188,0.054985,1.026587,-2.046828,-2.301772,1.581841,1.013294,0.404011,-0.270799,-0.689316,-0.012379,0.769378,-0.000943,0.343858
39.858938,2.105659,-2.960380,-0.432714,-0.761215,1.130128,0.611947,0.592665,-0.021930,-0.778298,-0.263837,-0.188799,0.281220,0.387379,0.304771,-0.633376,0.054441,1.025197,-2.046847,-2.300197,1.581837,1.014010,0.405197,-0.270710,-0.692684,-0.011353,0.777776,-0.000527,0.350328
39.860120,2.105851,-2.965378,-0.431825,-0.762745,1.126079,0.611649,0.593234,0.050923,-0.825718,-0.191520,-0.176019,0.282399,0.390053,0.304679,-0.632961,0.054169,1.024506,-2.046858,-2.299399,1.581836,1.014359,0.407886,-0.271351,-0.694666,-0.010957,0.783913,-0.000399,0.350123
39.861036,2.110868,-2.964259,-0.430729,-0.764135,1.120780,0.611379,0.594472,0.050923,-0.825718,-0.191520,-0.176019,0.282399,0.390053,0.304679,-0.632961,0.054169,1.024506,-2.046858,-2.299399,1.581836,1.014359,0.407886,-0.271351,-0.694666,-0.010957,0.783913,-0.000399,0.350123
39.861977,2.110629,-2.968093,-0.429310,-0.763018,1.121770,0.611371,0.593070,0.122150,-0.870700,-0.120893,-0.164802,0.283423,0.392762,0.304469,-0.632561,0.053892,1.023804,-2.046867,-2.298604,1.581837,1.014699,0.406541,-0.273568,-0.694382,-0.010453,0.789033,-0.000276,0.348085
39.862986,2.115694,-2.973060,-0.420812,-0.765072,1.114971,0.610852,0.592419,0.188449,-0.910324,-0.055142,-0.155828,0.284445,0.395418,0.304203,-0.632147,0.053618,1.023102,-2.046883,-2.297808,1.581836,1.015056,0.407882,-0.273428,-0.694502,-0.012342,0.788019,-0.000411,0.351379
39.863955,2.117555,-2.979297,-0.415607,-0.767138,1.112085,0.612271,0.593109,0.315897,-0.981982,0.071272,-0.140778,0.286138,0.400788,0.303704,-0.631332,0.053077,1.021690,-2.046898,-2.296192,1.581835,1.015766,0.407600,-0.272038,-0.700883,-0.010177,0.798402,-0.001625,0.352345
39.864963,2.117527,-2.987070,-0.411479,-0.767591,1.110698,0.611963,0.592188,0.385536,-1.020106,0.140070,-0.134177,0.286566,0.403949,0.303471,-0.630917,0.052808,1.020991,-2.046908,-2.295379,1.581834,1.016126,0.409260,-0.270373,-0.702933,-0.010722,0.800220,-0.001445,0.354777
39.865967,2.116960,-2.995021,-0.410089,-0.767961,1.106438,0.611818,0.591496,0.456384,-1.061552,0.209946,-0.126220,0.286589,0.406984,0.303247,-0.630504,0.052545,1.020282,-2.046920,-2.294575,1.581833,1.016482,0.411169,-0.268673,-0.703447,-0.011244,0.804999,-0.001451,0.356723
39.867006,2.116529,-2.996725,-0.410156,-0.769770,1.103726,0.612784,0.591971,0.522390,-1.104037,0.274981,-0.116353,0.286184,0.409459,0.303032,-0.630084,0.052270,1.019574,-2.046929,-2.293756,1.581830,1.016847,0.413155,-0.270185,-0.703551,-0.010463,0.808336,-0.002575,0.356349
39.868075,2.113572,-3.001024,-0.407314,-0.770337,1.111156,0.611642,0.592053,0.522390,-1.104037,0.274981,-0.116353,0.286184,0.409459,0.303032,-0.630084,0.052270,1.019574,-2.046929,-2.293756,1.581830,1.016847,0.413155,-0.270185,-0.703551,-0.010463,0.808336,-0.002575,0.356349
39.869060,2.117127,-3.005445,-0.400265,-0.772316,1.111625,0.610901,0.592335,0.577471,-1.142103,0.329084,-0.106662,0.285513,0.411270,0.302821,-0.629656,0.051999,1.018867,-2.046940,-2.292955,1.581832,1.017197,0.416516,-0.270553,-0.705397,-0.010908,0.801886,-0.001586,0.356914
39.869955,2.117067,-3.004934,-0.394217,-0.772475,1.114302,0.610361,0.590666,0.621496,-1.173642,0.372080,-0.098929,0.284594,0.412642,0.302598,-0.629243,0.051732,1.018151,-2.046948,-2.292161,1.581834,1.017556,0.416211,-0.270464,-0.708531,-0.009914,0.801917,-0.001010,0.356863
39.871019,2.122593,-3.006923,-0.393736,-0.774385,1.119501,0.610992,0.590761,0.659847,-1.199942,0.409349,-0.093958,0.283264,0.414052,0.302363,-0.628821,0.051454,1.017441,-2.046959,-2.291364,1.581835,1.017927,0.417051,-0.272249,-0.710468,-0.010575,0.798837,-0.000619,0.360526
39.871978,2.117355,-3.012031,-0.385847,-0.774767,1.122604,0.611033,0.589075,0.695478,-1.220518,0.443844,-0.092721,0.281529,0.415837,0.302140,-0.628409,0.051175,1.016727,-2.046966,-2.290570,1.581835,1.018287,0.416310,-0.273660,-0.710974,-0.009747,0.794735,-0.001426,0.360975
39.872930,2.110032,-3.009406,-0.381975,-0.775795,1.122641,0.611391,0.587383,0.728119,-1.234788,0.475239,-0.095402,0.279562,0.417976,0.301940,-0.627980,0.050906,1.016002,-2.046977,-2.289790,1.581834,1.018659,0.420113,-0.273059,-0.714222,-0.010269,0.792003,-0.001599,0.364796
39.874169,2.117574,-3.018015,-0.380371,-0.776755,1.126070,0.609823,0.587959,0.754199,-1.241880,0.499950,-0.101097,0.277604,0.420093,0.301773,-0.627544,0.050622,1.015289,-2.046986,-2.288998,1.581831,1.019038,0.424800,-0.276150,-0.715493,-0.010156,0.792164,-0.002093,0.368551
39.874996,2.119847,-3.016398,-0.373470,-0.777871,1.125500,0.609194,0.587129,0.771294,-1.241051,0.515608,-0.108931,0.275865,0.421935,0.301655,-0.627124,0.050351,1.014565,-2.046996,-2.288215,1.581834,1.019405,0.424055,-0.275263,-0.717921,-0.010420,0.791430,-0.000716,0.368347
39.875928,2.131408,-3.014826,-0.372054,-0.780641,1.125049,0.607545,0.586512,0.784806,-1.235430,0.527650,-0.118048,0.274339,0.423783,0.301566,-0.626702,0.050069,1.013835,-2.047005,-2.287423,1.581833,1.019778,0.423270,-0.277195,-0.719479,-0.010073,0.791109,-0.000215,0.370173
39.877043,2.132413,-3.023849,-0.378640,-0.782231,1.124755,0.608087,0.587753,0.801955,-1.227094,0.543222,-0.129389,0.273088,0.426238,0.301475,-0.626288,0.049780,1.013121,-2.047010,-2.286625,1.581836,1.020151,0.418601,-0.279558,-0.719349,-0.008281,0.791513,0.001281,0.371763
39.877962,2.129471,-3.022105,-0.376104,-0.782255,1.126268,0.608166,0.587910,0.842864,-1.200282,0.580472,-0.160373,0.272228,0.432640,0.301238,-0.625434,0.049219,1.011686,-2.047028,-2.285042,1.581831,1.020890,0.423587,-0.280901,-0.718116,-0.008900,0.792700,0.000355,0.369996
39.879092,2.122810,-3.023451,-0.372156,-0.784943,1.126544,0.608589,0.588460,0.842864,-1.200282,0.580472,-0.160373,0.272228,0.432640,0.301238,-0.625434,0.049219,1.011686,-2.047028,-2.285042,1.581831,1.020890,0.423587,-0.280901,-0.718116,-0.008900,0.792700,0.000355,0.369996
39.879960,2.127258,-3.022790,-0.365352,-0.783472,1.122219,0.608168,0.588663,0.852332,-1.177820,0.587895,-0.177802,0.272951,0.435309,0.301115,-0.625000,0.048933,1.010957,-2.047034,-2.284248,1.581831,1.021262,0.429672,-0.283349,-0.721425,-0.007544,0.794710,-0.000250,0.369629
39.880969,2.129581,-3.022599,-0.366245,-0.784197,1.123924,0.609015,0.589514,0.852217,-1.147578,0.585621,-0.196274,0.274356,0.437520,0.301022,-0.624571,0.048640,1.010225,-2.047048,-2.283440,1.581831,1.021627,0.428310,-0.285180,-0.723754,-0.009833,0.798800,0.000039,0.369471
39.881985,2.135430,-3.024269,-0.366149,-0.786458,1.126399,0.607571,0.590617,0.848092,-1.113052,0.579387,-0.214171,0.275930,0.439554,0.300967,-0.624137,0.048345,1.009509,-2.047058,-2.282636,1.581829,1.021994,0.429052,-0.287593,-0.723670,-0.010178,0.798119,-0.000967,0.368279
39.883031,2.136624,-3.026792,-0.364679,-0.789717,1.125340,0.607603,0.591632,0.843023,-1.076048,0.572358,-0.231545,0.277365,0.441628,0.300951,-0.623711,0.048053,1.008784,-2.047065,-2.281834,1.581830,1.022350,0.428117,-0.289134,-0.724056,-0.009057,0.796769,0.000331,0.366640
39.884024,2.140657,-3.031505,-0.371378,-0.791278,1.127816,0.607486,0.593824,0.838083,-1.036816,0.565510,-0.250403,0.278626,0.443950,0.300954,-0.623273,0.047759,1.008063,-2.047069,-2.281035,1.581830,1.022713,0.429639,-0.290402,-0.725467,-0.007069,0.799320,0.000118,0.365219
39.885052,2.131625,-3.027493,-0.364786,-0.790813,1.128019,0.607011,0.594991,0.832454,-0.996145,0.557925,-0.271621,0.279728,0.446457,0.300945,-0.622839,0.047469,1.007342,-2.047077,-2.280236,1.581834,1.023064,0.429364,-0.290311,-0.722257,-0.006634,0.797770,0.000060,0.361360
39.885964,2.134386,-3.025680,-0.360764,-0.793135,1.128213,0.606936,0.595723,0.821025,-0.953365,0.544491,-0.294238,0.280755,0.448664,0.300895,-0.622392,0.047163,1.006601,-2.047089,-2.279444,1.581832,1.023417,0.435799,-0.294649,-0.725879,-0.008167,0.798944,0.000384,0.359656
39.887053,2.148289,-3.027827,-0.356430,-0.793211,1.133890,0.606329,0.597091,0.800954,-0.906625,0.522375,-0.317911,0.281838,0.450407,0.300793,-0.621952,0.046859,1.005872,-2.047093,-2.278641,1.581833,1.023769,0.435471,-0.297162,-0.727234,-0.006911,0.798936,0.000306,0.358583
39.887961,2.154071,-3.031615,-0.352667,-0.793436,1.133217,0.605162,0.597636,0.780149,-0.858667,0.499502,-0.343082,0.283000,0.452329,0.300638,-0.621533,0.046558,1.005133,-2.047105,-2.277863,1.581835,1.024125,0.431088,-0.298780,-0.730249,-0.008004,0.795260,0.000733,0.356557
39.888933,2.150479,-3.029006,-0.350350,-0.794215,1.133164,0.606198,0.599817,0.771007,-0.817306,0.488302,-0.368078,0.284068,0.455069,0.300427,-0.621105,0.046258,1.004392,-2.047116,-2.277064,1.581837,1.024480,0.429465,-0.298534,-0.731295,-0.008689,0.796173,0.001753,0.355844
39.890038,2.145285,-3.031316,-0.353611,-0.797209,1.136547,0.606467,0.599889,0.774676,-0.785486,0.489929,-0.390973,0.285135,0.458428,0.300169,-0.620662,0.045947,1.003666,-2.047126,-2.276255,1.581836,1.024819,0.432816,-0.301770,-0.732392,-0.008949,0.796916,0.000546,0.352009
39.890952,2.140842,-3.032104,-0.356268,-0.798249,1.134636,0.607703,0.600694,0.779293,-0.757229,0.492517,-0.412896,0.286825,0.461653,0.299909,-0.620219,0.045643,1.002934,-2.047130,-2.275468,1.581836,1.025175,0.437871,-0.303352,-0.731797,-0.007287,0.795609,0.000109,0.352658
39.891946,2.141155,-3.036283,-0.355599,-0.796998,1.133815,0.606550,0.600944,0.771454,-0.725819,0.482793,-0.435583,0.289740,0.463950,0.299707,-0.619770,0.045335,1.002213,-2.047137,-2.274666,1.581834,1.025527,0.441101,-0.304554,-0.729939,-0.007272,0.797768,-0.001266,0.351419
39.893083,2.146219,-3.040919,-0.360739,-0.799856,1.140071,0.606394,0.602215,0.746313,-0.691389,0.456209,-0.457382,0.293795,0.464799,0.299570,-0.619332,0.045031,1.001480,-2.047153,-2.273870,1.581836,1.025871,0.442641,-0.304565,-0.730342,-0.009478,0.799595,-0.000261,0.351513
39.894000,2.151642,-3.046000,-0.355819,-0.798096,1.137566,0.606849,0.603562,0.707626,-0.658139,0.416728,-0.475971,0.298493,0.464225,0.299450,-0.618886,0.044723,1.000747,-2.047158,-2.273077,1.581838,1.026220,0.442732,-0.305144,-0.729083,-0.007933,0.795612,-0.000305,0.349794
39.895033,2.156492,-3.053629,-0.361639,-0.799216,1.143467,0.606855,0.604877,0.622875,-0.614550,0.332162,-0.499398,0.307444,0.460686,0.299100,-0.618011,0.044121,0.999288,-2.047182,-2.271492,1.581837,1.026908,0.440775,-0.302849,-0.728467,-0.010560,0.793951,-0.001072,0.345553
39.896015,2.156917,-3.056183,-0.355741,-0.799393,1.149355,0.606180,0.605456,0.622875,-0.614550,0.332162,-0.499398,0.307444,0.460686,0.299100,-0.618011,0.044121,0.999288,-2.047182,-2.271492,1.581837,1.026908,0.440775,-0.302849,-0.728467,-0.010560,0.793951,-0.001072,0.345553
39.896932,2.163176,-3.057386,-0.355844,-0.800658,1.151947,0.606016,0.606047,0.559143,-0.617090,0.270213,-0.501315,0.313211,0.455732,0.298625,-0.617133,0.043508,0.997823,-2.047205,-2.269937,1.581838,1.027589,0.440197,-0.304646,-0.730704,-0.011059,0.787063,-0.000536,0.344233
39.898075,2.171097,-3.065271,-0.354878,-0.801821,1.156390,0.605279,0.608271,0.559143,-0.617090,0.270213,-0.501315,0.313211,0.455732,0.298625,-0.617133,0.043508,0.997823,-2.047205,-2.269937,1.581838,1.027589,0.440197,-0.304646,-0.730704,-0.011059,0.787063,-0.000536,0.344233
39.899155,2.184154,-3.066977,-0.351573,-0.804546,1.163821,0.605877,0.607779,0.536493,-0.654386,0.249997,-0.495702,0.316083,0.452441,0.298209,-0.616262,0.042895,0.996352,-2.047224,-2.268371,1.581837,1.028268,0.434845,-0.305374,-0.735005,-0.009608,0.779548,-0.000752,0.342453
39.900023,2.181173,-3.067415,-0.351758,-0.804022,1.162201,0.605381,0.607653,0.536493,-0.654386,0.249997,-0.495702,0.316083,0.452441,0.298209,-0.616262,0.042895,0.996352,-2.047224,-2.268371,1.581837,1.028268,0.434845,-0.305374,-0.735005,-0.009608,0.779548,-0.000752,0.342453
39.900982,2.178630,-3.066997,-0.355354,-0.802818,1.162532,0.604668,0.607582,0.548750,-0.683038,0.263401,-0.494449,0.316991,0.452508,0.298081,-0.615822,0.042589,0.995619,-2.047238,-2.267597,1.581840,1.028615,0.437206,-0.306511,-0.733805,-0.010967,0.781336,-0.000402,0.343011
39.902023,2.177383,-3.070336,-0.358666,-0.804505,1.168024,0.604571,0.609818,0.565171,-0.711395,0.280944,-0.493767,0.318163,0.452916,0.298011,-0.615374,0.042277,0.994900,-2.047256,-2.266816,1.581840,1.028961,0.439829,-0.308542,-0.731892,-0.012997,0.781819,0.000161,0.343652
39.903004,2.162359,-3.073223,-0.362372,-0.805110,1.161910,0.603547,0.609984,0.559212,-0.745482,0.277607,-0.489931,0.323571,0.450717,0.297976,-0.614460,0.041658,0.993435,-2.047280,-2.265243,1.581839,1.029630,0.451262,-0.309701,-0.728807,-0.012749,0.785029,0.000971,0.340148
39.904182,2.165225,-3.081650,-0.372706,-0.806142,1.159440,0.604904,0.609738,0.559212,-0.745482,0.277607,-0.489931,0.323571,0.450717,0.297976,-0.614460,0.041658,0.993435,-2.047280,-2.265243,1.581839,1.029630,0.451262,-0.309701,-0.728807,-0.012749,0.785029,0.000971,0.340148
39.905012,2.165930,-3.080059,-0.370057,-0.806434,1.156098,0.603701,0.609031,0.518972,-0.745236,0.239137,-0.485919,0.328611,0.446724,0.298028,-0.614001,0.041349,0.992718,-2.047295,-2.264436,1.581835,1.029975,0.452515,-0.308598,-0.725507,-0.012904,0.790034,-0.000571,0.341590
39.906049,2.174203,-3.085927,-0.371185,-0.809186,1.152505,0.604770,0.609607,0.455216,-0.735572,0.177631,-0.479321,0.335045,0.440826,0.298167,-0.613555,0.041040,0.991985,-2.047310,-2.263644,1.581838,1.030317,0.452611,-0.310513,-0.725461,-0.013326,0.792915,0.000509,0.343269
39.907079,2.171524,-3.094727,-0.371050,-0.808153,1.150046,0.603268,0.608038,0.310543,-0.707700,0.038177,-0.461609,0.350061,0.427567,0.298659,-0.612641,0.040424,0.990529,-2.047337,-2.262017,1.581842,1.031007,0.453379,-0.307725,-0.725880,-0.013679,0.801348,0.000597,0.346583
39.907974,2.167472,-3.095840,-0.365957,-0.810285,1.146015,0.603970,0.607918,0.310543,-0.707700,0.038177,-0.461609,0.350061,0.427567,0.298659,-0.612641,0.040424,0.990529,-2.047337,-2.262017,1.581842,1.031007,0.453379,-0.307725,-0.725880,-0.013679,0.801348,0.000597,0.346583
39.908974,2.166074,-3.103835,-0.370078,-0.810573,1.143908,0.603114,0.607246,0.244964,-0.698980,-0.024840,-0.448839,0.357475,0.421012,0.298939,-0.612182,0.040116,0.989794,-2.047347,-2.261214,1.581839,1.031355,0.456176,-0.308686,-0.727597,-0.012451,0.805428,-0.000252,0.347158
39.910017,2.168851,-3.106560,-0.369138,-0.812043,1.143271,0.603702,0.606629,0.183329,-0.694266,-0.084048,-0.433298,0.364384,0.414400,0.299204,-0.611714,0.039812,0.989079,-2.047361,-2.260401,1.581840,1.031713,0.458279,-0.306810,-0.725822,-0.013168,0.808421,0.000454,0.349050
39.910991,2.168151,-3.105106,-0.365772,-0.812317,1.144827,0.604135,0.605835,0.070169,-0.692187,-0.192587,-0.398505,0.376121,0.401493,0.299590,-0.610791,0.039189,0.987614,-2.047390,-2.258779,1.581837,1.032423,0.460305,-0.310433,-0.728369,-0.013348,0.809425,-0.000880,0.353004
39.912076,2.166084,-3.107639,-0.367728,-0.815701,1.145628,0.603855,0.605687,0.070169,-0.692187,-0.192587,-0.398505,0.376121,0.401493,0.299590,-0.610791,0.039189,0.987614,-2.047390,-2.258779,1.581837,1.032423,0.460305,-0.310433,-0.728369,-0.013348,0.809425,-0.000880,0.353004
39.913005,2.167458,-3.106604,-0.371396,-0.812029,1.146216,0.604170,0.604305,0.019844,-0.688590,-0.240863,-0.384429,0.381125,0.395976,0.299717,-0.610319,0.038869,0.986894,-2.047398,-2.257963,1.581836,1.032778,0.463310,-0.311603,-0.728395,-0.011159,0.810262,-0.000759,0.354002
39.914048,2.164347,-3.111394,-0.374804,-0.812911,1.146066,0.605726,0.603964,-0.030327,-0.678833,-0.289165,-0.374361,0.385857,0.391014,0.299862,-0.609856,0.038554,0.986167,-2.047424,-2.257155,1.581834,1.033142,0.463567,-0.313735,-0.726086,-0.015512,0.809973,-0.001214,0.357158
39.915057,2.165195,-3.116224,-0.368844,-0.809243,1.145405,0.605161,0.602674,-0.084078,-0.663249,-0.341138,-0.365554,0.390300,0.386066,0.300059,-0.609381,0.038240,0.985448,-2.047440,-2.256333,1.581832,1.033509,0.466762,-0.313583,-0.725043,-0.015553,0.811328,-0.002939,0.358405
39.915964,2.163883,-3.117742,-0.360636,-0.811462,1.142763,0.604377,0.600615,-0.139978,-0.645967,-0.395337,-0.354369,0.394220,0.380869,0.300307,-0.608910,0.037928,0.984709,-2.047468,-2.255512,1.581831,1.033877,0.467756,-0.313275,-0.728183,-0.019918,0.812877,-0.002503,0.361518
39.917016,2.167596,-3.120897,-0.359248,-0.812595,1.145433,0.603080,0.598651,-0.190064,-0.632656,-0.443847,-0.338826,0.397280,0.375798,0.300605,-0.608435,0.037611,0.983967,-2.047483,-2.254693,1.581827,1.034254,0.469078,-0.313983,-0.731461,-0.018469,0.815529,-0.001840,0.365924
39.918005,2.175196,-3.124655,-0.360420,-0.811942,1.145803,0.602555,0.598750,-0.227473,-0.624913,-0.479836,-0.321029,0.399437,0.371563,0.300939,-0.607963,0.037292,0.983240,-2.047500,-2.253876,1.581830,1.034628,0.468920,-0.314666,-0.732760,-0.018315,0.814126,-0.000722,0.370424
39.918960,2.172569,-3.129825,-0.356748,-0.812703,1.149418,0.602158,0.599051,-0.257667,-0.625712,-0.507642,-0.285554,0.401188,0.366656,0.301415,-0.607030,0.036665,0.981769,-2.047544,-2.252254,1.581828,1.035374,0.468911,-0.313932,-0.733676,-0.019693,0.811450,-0.000106,0.370420
39.920043,2.169859,-3.135248,-0.358488,-0.814842,1.152725,0.601942,0.597640,-0.256104,-0.633894,-0.505265,-0.268116,0.400898,0.365452,0.301479,-0.606547,0.036346,0.981042,-2.047562,-2.251443,1.581830,1.035751,0.472066,-0.313666,-0.733696,-0.018536,0.809806,-0.000072,0.373898
39.920990,2.164595,-3.133674,-0.354957,-0.814423,1.157167,0.601528,0.595248,-0.256104,-0.633894,-0.505265,-0.268116,0.400898,0.365452,0.301479,-0.606547,0.036346,0.981042,-2.047562,-2.251443,1.581830,1.035751,0.472066,-0.313666,-0.733696,-0.018536,0.809806,-0.000072,0.373898
39.921980,2.168663,-3.129729,-0.356872,-0.813668,1.159982,0.601063,0.596739,-0.253070,-0.642505,-0.501762,-0.252706,0.400252,0.364493,0.301476,-0.606067,0.036029,0.980303,-2.047584,-2.250654,1.581832,1.036141,0.475597,-0.316171,-0.735043,-0.019674,0.806003,0.000184,0.379003
39.923018,2.179788,-3.131298,-0.350816,-0.812996,1.160816,0.600708,0.595956,-0.253826,-0.646551,-0.502291,-0.240637,0.399478,0.363630,0.301425,-0.605591,0.035699,0.979575,-2.047608,-2.249849,1.581829,1.036519,0.474746,-0.319935,-0.734131,-0.021161,0.804078,0.000506,0.376378
39.924012,2.182533,-3.131409,-0.350420,-0.813654,1.166103,0.602182,0.594157,-0.254138,-0.645904,-0.502561,-0.231933,0.398454,0.363295,0.301329,-0.605130,0.035379,0.978826,-2.047634,-2.249057,1.581833,1.036900,0.470914,-0.321302,-0.737456,-0.022564,0.804720,0.000677,0.378509
39.925108,2.185052,-3.138020,-0.344079,-0.816330,1.169676,0.601395,0.592776,-0.244980,-0.644611,-0.493631,-0.226009,0.396964,0.364109,0.301222,-0.604660,0.035051,0.978081,-2.047659,-2.248264,1.581829,1.037293,0.470913,-0.323065,-0.737523,-0.022600,0.800414,-0.000949,0.382508
39.926015,2.186092,-3.136577,-0.337090,-0.813468,1.169818,0.601634,0.592524,-0.223134,-0.645194,-0.472404,-0.223202,0.395144,0.366242,0.301160,-0.604183,0.034725,0.977337,-2.047676,-2.247460,1.581830,1.037686,0.471630,-0.322180,-0.741558,-0.020912,0.798711,-0.000322,0.385847
39.926955,2.186944,-3.140837,-0.328705,-0.815719,1.173907,0.600365,0.591773,-0.139975,-0.660878,-0.391808,-0.222612,0.390926,0.373795,0.301069,-0.603240,0.034076,0.975839,-2.047728,-2.245873,1.581832,1.038470,0.472319,-0.323677,-0.747696,-0.022705,0.795250,0.000406,0.388333
39.928022,2.195749,-3.137914,-0.322907,-0.817389,1.173928,0.601206,0.590320,-0.139975,-0.660878,-0.391808,-0.222612,0.390926,0.373795,0.301069,-0.603240,0.034076,0.975839,-2.047728,-2.245873,1.581832,1.038470,0.472319,-0.323677,-0.747696,-0.022705,0.795250,0.000406,0.388333
39.929030,2.198194,-3.142416,-0.319320,-0.816006,1.173081,0.601084,0.589225,-0.077553,-0.677774,-0.331261,-0.224011,0.388756,0.379137,0.300945,-0.602778,0.033744,0.975081,-2.047750,-2.245078,1.581832,1.038867,0.469844,-0.327384,-0.750995,-0.021911,0.796955,-0.000624,0.391771
39.930010,2.207313,-3.145426,-0.316400,-0.815934,1.174030,0.602489,0.591579,-0.000748,-0.699397,-0.256618,-0.228046,0.386789,0.385709,0.300769,-0.602307,0.033416,0.974319,-2.047777,-2.244271,1.581832,1.039268,0.470074,-0.327001,-0.752607,-0.023977,0.798831,-0.000649,0.394329
39.930966,2.205530,-3.148080,-0.309273,-0.816891,1.171097,0.601423,0.591492,0.187994,-0.763251,-0.072542,-0.234588,0.382948,0.400896,0.300211,-0.601376,0.032757,0.972802,-2.047829,-2.242664,1.581828,1.040042,0.468825,-0.327483,-0.756664,-0.024358,0.802221,-0.001262,0.390485
39.931977,2.203868,-3.151494,-0.301114,-0.817044,1.171669,0.601742,0.591245,0.187994,-0.763251,-0.072542,-0.234588,0.382948,0.400896,0.300211,-0.601376,0.032757,0.972802,-2.047829,-2.242664,1.581828,1.040042,0.468825,-0.327483,-0.756664,-0.024358,0.802221,-0.001262,0.390485
39.933076,2.216799,-3.150972,-0.296843,-0.817090,1.173787,0.600695,0.590462,0.293255,-0.805507,0.030184,-0.235401,0.381000,0.408740,0.299862,-0.600899,0.032426,0.972041,-2.047855,-2.241854,1.581827,1.040438,0.471040,-0.327664,-0.760625,-0.024908,0.802642,-0.001751,0.391389
39.934001,2.230925,-3.149871,-0.288945,-0.819862,1.172121,0.599958,0.592958,0.402778,-0.852656,0.137034,-0.235133,0.379033,0.416603,0.299530,-0.600446,0.032088,0.971269,-2.047882,-2.241044,1.581828,1.040832,0.466783,-0.330256,-0.763255,-0.025669,0.802319,-0.000870,0.393554
39.935019,2.234270,-3.156758,-0.288347,-0.820534,1.172660,0.599547,0.593628,0.654420,-0.958528,0.382935,-0.240081,0.374918,0.434988,0.298850,-0.599530,0.031427,0.969725,-2.047926,-2.239432,1.581831,1.041605,0.460729,-0.330660,-0.766253,-0.023701,0.804867,-0.000049,0.387920
39.935973,2.232213,-3.156802,-0.276117,-0.819443,1.174419,0.600462,0.592730,0.654420,-0.958528,0.382935,-0.240081,0.374918,0.434988,0.298850,-0.599530,0.031427,0.969725,-2.047926,-2.239432,1.581831,1.041605,0.460729,-0.330660,-0.766253,-0.023701,0.804867,-0.000049,0.387920
39.936982,2.232113,-3.162170,-0.273409,-0.820283,1.174207,0.600274,0.593086,0.793847,-1.016554,0.519245,-0.245637,0.372842,0.445269,0.298493,-0.599066,0.031096,0.968939,-2.047955,-2.238639,1.581828,1.041994,0.462908,-0.332215,-0.771466,-0.025345,0.803766,-0.001110,0.390067
39.938036,2.232092,-3.166520,-0.279438,-0.822990,1.177081,0.599816,0.595579,0.932422,-1.076350,0.654602,-0.250552,0.370862,0.455257,0.298148,-0.598597,0.030766,0.968155,-2.047980,-2.237832,1.581826,1.042384,0.464404,-0.331403,-0.772359,-0.025219,0.805033,-0.001062,0.389756
39.939067,2.223193,-3.172736,-0.275822,-0.824210,1.177722,0.599671,0.595496,1.060540,-1.134263,0.779601,-0.254923,0.369312,0.464235,0.297817,-0.598127,0.030435,0.967392,-2.048000,-2.237025,1.581826,1.042760,0.466179,-0.331368,-0.769537,-0.023398,0.803566,-0.000767,0.385294
39.939960,2.219683,-3.179794,-0.274150,-0.823892,1.176896,0.598564,0.593671,1.166767,-1.185519,0.883025,-0.259918,0.368651,0.471432,0.297518,-0.597649,0.030108,0.966609,-2.048023,-2.236225,1.581828,1.043146,0.472169,-0.330305,-0.771166,-0.022986,0.804254,-0.000802,0.385998
39.941070,2.224956,-3.178195,-0.272423,-0.826430,1.177632,0.599329,0.595221,1.245388,-1.229470,0.959305,-0.264372,0.368922,0.476301,0.297280,-0.597169,0.029784,0.965841,-2.048048,-2.235421,1.581828,1.043545,0.474393,-0.328041,-0.770709,-0.023883,0.805083,0.000177,0.389838
39.942009,2.228093,-3.186506,-0.272431,-0.825696,1.186437,0.598312,0.594635,1.299234,-1.267276,1.011349,-0.267591,0.369870,0.479066,0.297119,-0.596699,0.029450,0.965058,-2.048069,-2.234614,1.581826,1.043927,0.473884,-0.331325,-0.772070,-0.022270,0.806301,-0.000774,0.387333
39.942959,2.220769,-3.189077,-0.273840,-0.826758,1.182737,0.598111,0.596177,1.335371,-1.299082,1.046172,-0.271060,0.371290,0.480529,0.297018,-0.596226,0.029126,0.964278,-2.048094,-2.233830,1.581831,1.044321,0.473221,-0.328665,-0.771045,-0.023667,0.798031,0.000081,0.388816
39.944064,2.218771,-3.192208,-0.267424,-0.827877,1.192120,0.597327,0.596705,1.355977,-1.326137,1.065884,-0.274117,0.372961,0.480821,0.296937,-0.595736,0.028796,0.963514,-2.048116,-2.233019,1.581829,1.044698,0.477714,-0.328945,-0.769618,-0.023303,0.802306,0.000137,0.386047
39.945137,2.223266,-3.195924,-0.263154,-0.828386,1.200064,0.596680,0.596803,1.358860,-1.347399,1.068204,-0.276505,0.374816,0.479776,0.296874,-0.595252,0.028467,0.962728,-2.048140,-2.232229,1.581831,1.045089,0.480649,-0.329848,-0.773280,-0.023053,0.794882,0.000741,0.385625
39.946110,2.231129,-3.198107,-0.262411,-0.829171,1.200894,0.595904,0.596561,1.348647,-1.362308,1.057662,-0.279792,0.376863,0.477961,0.296843,-0.594773,0.028134,0.961953,-2.048164,-2.231456,1.581831,1.045477,0.480150,-0.330207,-0.775653,-0.023367,0.788898,0.001214,0.385995
39.946992,2.234763,-3.195854,-0.266951,-0.828242,1.201577,0.595636,0.597557,1.334878,-1.373577,1.043819,-0.284441,0.378978,0.476171,0.296834,-0.594305,0.027805,0.961176,-2.048186,-2.230666,1.581833,1.045865,0.477410,-0.330809,-0.775341,-0.023318,0.789007,0.001829,0.386846
39.948049,2.230670,-3.193079,-0.276500,-0.828784,1.209343,0.595783,0.597902,1.320744,-1.381660,1.029945,-0.290081,0.381130,0.474648,0.296839,-0.593830,0.027467,0.960408,-2.048214,-2.229888,1.581835,1.046250,0.476095,-0.333004,-0.771661,-0.024739,0.788491,0.001938,0.385023
39.949023,2.220271,-3.198105,-0.276946,-0.829679,1.205637,0.596234,0.598746,1.297614,-1.380799,1.007417,-0.297202,0.383704,0.472862,0.296886,-0.593336,0.027123,0.959657,-2.048240,-2.229112,1.581837,1.046629,0.479685,-0.336400,-0.767281,-0.024963,0.782442,0.001608,0.384914
39.950109,2.224414,-3.198761,-0.282858,-0.830352,1.206396,0.596287,0.600193,1.182055,-1.332971,0.893962,-0.316852,0.391990,0.465434,0.297239,-0.592352,0.026450,0.958130,-2.048291,-2.227535,1.581836,1.047398,0.485423,-0.337403,-0.764124,-0.024864,0.788268,0.000786,0.381284
39.950992,2.230153,-3.200142,-0.283035,-0.830394,1.207500,0.595213,0.600701,1.094295,-1.290967,0.807743,-0.327504,0.397738,0.459896,0.297528,-0.591878,0.026108,0.957379,-2.048316,-2.226740,1.581838,1.047780,0.483037,-0.337714,-0.762893,-0.025366,0.787168,0.001717,0.380492
39.952035,2.229665,-3.204554,-0.283988,-0.830526,1.206549,0.595338,0.601762,1.094295,-1.290967,0.807743,-0.327504,0.397738,0.459896,0.297528,-0.591878,0.026108,0.957379,-2.048316,-2.226740,1.581838,1.047780,0.483037,-0.337714,-0.762893,-0.025366,0.787168,0.001717,0.380492
39.953085,2.232182,-3.205172,-0.289358,-0.831665,1.206015,0.595246,0.602278,1.000086,-1.244520,0.715316,-0.337167,0.404218,0.453950,0.297827,-0.591387,0.025770,0.956614,-2.048345,-2.225956,1.581835,1.048154,0.484754,-0.337484,-0.762526,-0.025900,0.789713,0.001434,0.378917
39.954040,2.225410,-3.204358,-0.294567,-0.831100,1.204671,0.595052,0.603224,0.803750,-1.145826,0.522750,-0.351687,0.418871,0.441286,0.298342,-0.590393,0.025085,0.955115,-2.048398,-2.224365,1.581837,1.048910,0.489055,-0.341000,-0.757070,-0.026684,0.793771,0.001394,0.376916
39.955026,2.220680,-3.207013,-0.301177,-0.832266,1.202042,0.596455,0.603527,0.691710,-1.088094,0.412669,-0.357564,0.427226,0.433904,0.298610,-0.589899,0.024741,0.954361,-2.048425,-2.223560,1.581834,1.049289,0.492399,-0.341244,-0.753477,-0.026153,0.797252,-0.000163,0.376743
39.955995,2.216014,-3.207930,-0.301726,-0.832590,1.197669,0.596927,0.602900,0.691710,-1.088094,0.412669,-0.357564,0.427226,0.433904,0.298610,-0.589899,0.024741,0.954361,-2.048425,-2.223560,1.581834,1.049289,0.492399,-0.341244,-0.753477,-0.026153,0.797252,-0.000163,0.376743
39.956996,2.217379,-3.210959,-0.303725,-0.833153,1.196359,0.596518,0.603945,0.565561,-1.023328,0.288599,-0.362597,0.436196,0.425440,0.298915,-0.589395,0.024395,0.953612,-2.048451,-2.222743,1.581832,1.049667,0.495478,-0.342248,-0.752877,-0.026470,0.802201,-0.000765,0.378410
39.957996,2.225558,-3.211267,-0.307054,-0.833594,1.190107,0.595714,0.601951,0.430770,-0.954695,0.156041,-0.366542,0.445420,0.416246,0.299271,-0.588901,0.024052,0.952861,-2.048478,-2.221936,1.581833,1.050045,0.495876,-0.342423,-0.751776,-0.026576,0.804459,-0.000512,0.376744
39.959061,2.224085,-3.215582,-0.313452,-0.833800,1.187911,0.595926,0.600355,0.172232,-0.823219,-0.097707,-0.370185,0.462719,0.398269,0.300149,-0.587914,0.023359,0.951379,-2.048534,-2.220286,1.581830,1.050827,0.495189,-0.343755,-0.747493,-0.027277,0.815046,-0.000236,0.384915
39.960030,2.215847,-3.209745,-0.307236,-0.834968,1.190787,0.595833,0.601169,0.172232,-0.823219,-0.097707,-0.370185,0.462719,0.398269,0.300149,-0.587914,0.023359,0.951379,-2.048534,-2.220286,1.581830,1.050827,0.495189,-0.343755,-0.747493,-0.027277,0.815046,-0.000236,0.384915
39.960989,2.212052,-3.205902,-0.308758,-0.835433,1.187245,0.595556,0.599616,0.054117,-0.761971,-0.213601,-0.370767,0.470357,0.389978,0.300639,-0.587403,0.023000,0.950621,-2.048561,-2.219475,1.581831,1.051212,0.499998,-0.348024,-0.750178,-0.026723,0.812736,-0.000301,0.383602
39.962103,2.221077,-3.209920,-0.311642,-0.835214,1.187473,0.595398,0.598112,-0.060635,-0.697763,-0.326469,-0.373990,0.477604,0.382246,0.301142,-0.586893,0.022642,0.949880,-2.048588,-2.218646,1.581831,1.051603,0.502477,-0.351194,-0.749018,-0.026879,0.816707,-0.000170,0.387076
39.963024,2.229619,-3.210469,-0.312220,-0.832750,1.186410,0.596427,0.597644,-0.170464,-0.630251,-0.434639,-0.380534,0.484457,0.375290,0.301660,-0.586403,0.022293,0.949131,-2.048618,-2.217829,1.581832,1.052006,0.499852,-0.351421,-0.748518,-0.027848,0.818333,-0.000195,0.390665
39.964116,2.230544,-3.214619,-0.313611,-0.833932,1.185499,0.595883,0.596418,-0.266590,-0.567085,-0.529153,-0.387084,0.490445,0.369402,0.302151,-0.585913,0.021937,0.948393,-2.048656,-2.217003,1.581827,1.052407,0.496150,-0.352215,-0.747554,-0.030614,0.819427,-0.001353,0.391783
39.965045,2.223765,-3.213132,-0.310470,-0.832081,1.185321,0.596300,0.595989,-0.342270,-0.514937,-0.603320,-0.390658,0.495172,0.364743,0.302547,-0.585417,0.021582,0.947645,-2.048686,-2.216172,1.581830,1.052804,0.497451,-0.352201,-0.747616,-0.030121,0.821893,-0.000985,0.394815
39.966086,2.226217,-3.216811,-0.310996,-0.832859,1.188525,0.596440,0.594697,-0.447191,-0.441505,-0.706088,-0.387748,0.500940,0.357734,0.303017,-0.584403,0.020872,0.946143,-2.048754,-2.214532,1.581824,1.053606,0.501257,-0.353997,-0.748432,-0.032132,0.820196,-0.001824,0.398922
39.967010,2.228606,-3.218139,-0.310585,-0.832421,1.190853,0.595834,0.593135,-0.482899,-0.417880,-0.741163,-0.382376,0.502128,0.354978,0.303178,-0.583906,0.020518,0.945391,-2.048788,-2.213730,1.581826,1.054016,0.500577,-0.354454,-0.747829,-0.032982,0.818176,-0.001371,0.402228
39.968021,2.230991,-3.222541,-0.309619,-0.832788,1.196677,0.594534,0.593629,-0.482899,-0.417880,-0.741163,-0.382376,0.502128,0.354978,0.303178,-0.583906,0.020518,0.945391,-2.048788,-2.213730,1.581826,1.054016,0.500577,-0.354454,-0.747829,-0.032982,0.818176,-0.001371,0.402228
39.968948,2.241780,-3.219039,-0.297381,-0.832036,1.200559,0.594448,0.592300,-0.506338,-0.404233,-0.764167,-0.375108,0.502199,0.352824,0.303318,-0.583406,0.020163,0.944634,-2.048822,-2.212921,1.581825,1.054420,0.500489,-0.353830,-0.748238,-0.033114,0.813354,-0.000214,0.401574
39.969966,2.243228,-3.221778,-0.295787,-0.833022,1.203809,0.594445,0.590627,-0.511710,-0.402290,-0.769351,-0.366718,0.501131,0.351790,0.303421,-0.582916,0.019797,0.943875,-2.048859,-2.212109,1.581828,1.054829,0.495670,-0.356599,-0.753547,-0.034182,0.809734,-0.000305,0.404452
39.971073,2.249017,-3.222951,-0.291697,-0.833080,1.206666,0.593959,0.589584,-0.491741,-0.412663,-0.749598,-0.358721,0.498951,0.352629,0.303492,-0.582422,0.019440,0.943116,-2.048894,-2.211313,1.581828,1.055245,0.496221,-0.356821,-0.754245,-0.033678,0.807720,-0.000464,0.408146
39.972019,2.241411,-3.222932,-0.288627,-0.830625,1.207923,0.593650,0.589408,-0.447836,-0.433442,-0.706385,-0.352065,0.495859,0.355343,0.303537,-0.581929,0.019077,0.942361,-2.048929,-2.210504,1.581826,1.055661,0.495160,-0.358310,-0.757110,-0.034239,0.806763,-0.000136,0.410732
39.973009,2.239108,-3.225051,-0.283860,-0.831195,1.209601,0.593836,0.588892,-0.388418,-0.461609,-0.648100,-0.345816,0.492094,0.359211,0.303523,-0.581425,0.018719,0.941599,-2.048973,-2.209709,1.581827,1.056073,0.499615,-0.359501,-0.757892,-0.036897,0.806098,0.000013,0.411278
39.974059,2.245207,-3.228921,-0.280295,-0.833164,1.210522,0.592980,0.587794,-0.324008,-0.493961,-0.585146,-0.338307,0.487914,0.363305,0.303436,-0.580921,0.018360,0.940830,-2.049011,-2.208906,1.581825,1.056488,0.501636,-0.359852,-0.759870,-0.036686,0.805309,-0.000320,0.412605
39.975029,2.244593,-3.232784,-0.277138,-0.833986,1.213298,0.593135,0.586846,-0.258386,-0.529303,-0.521174,-0.329870,0.483603,0.367359,0.303306,-0.580422,0.017998,0.940069,-2.049043,-2.208095,1.581828,1.056904,0.499930,-0.359658,-0.761870,-0.035309,0.805760,0.000362,0.415215
39.975974,2.248337,-3.238408,-0.272305,-0.832882,1.212013,0.590485,0.585678,-0.189132,-0.568520,-0.453701,-0.321821,0.479368,0.371641,0.303169,-0.579924,0.017642,0.939303,-2.049079,-2.207303,1.581829,1.057330,0.501097,-0.359070,-0.762877,-0.034899,0.803792,0.000039,0.417310
39.977125,2.245788,-3.246182,-0.271672,-0.834622,1.216865,0.591239,0.584423,-0.115486,-0.613648,-0.381942,-0.313152,0.475252,0.376061,0.303028,-0.579424,0.017285,0.938541,-2.049120,-2.206493,1.581834,1.057756,0.499836,-0.357443,-0.764567,-0.036273,0.805544,0.002532,0.419806
39.978002,2.238778,-3.249696,-0.268907,-0.835070,1.214697,0.591537,0.584418,-0.038686,-0.666688,-0.307172,-0.301832,0.471221,0.380254,0.302869,-0.578918,0.016938,0.937773,-2.049154,-2.205688,1.581834,1.058181,0.502910,-0.355853,-0.765586,-0.035197,0.802544,0.001580,0.422618
39.978989,2.243557,-3.248920,-0.262922,-0.832812,1.216160,0.591228,0.581671,0.101576,-0.786960,-0.171417,-0.272258,0.464091,0.386227,0.302578,-0.577901,0.016229,0.936237,-2.049234,-2.204084,1.581835,1.059045,0.504379,-0.356416,-0.767529,-0.037539,0.803261,0.001322,0.427869
39.980021,2.251620,-3.249438,-0.258480,-0.834764,1.218201,0.592008,0.582844,0.101576,-0.786960,-0.171417,-0.272258,0.464091,0.386227,0.302578,-0.577901,0.016229,0.936237,-2.049234,-2.204084,1.581835,1.059045,0.504379,-0.356416,-0.767529,-0.037539,0.803261,0.001322,0.427869
39.981025,2.258907,-3.248701,-0.252068,-0.833731,1.219488,0.592040,0.584215,0.165641,-0.849332,-0.109716,-0.255815,0.460952,0.388435,0.302451,-0.577409,0.015873,0.935457,-2.049269,-2.203289,1.581832,1.059467,0.501410,-0.357644,-0.769249,-0.036034,0.802140,0.000402,0.425516
39.982046,2.255059,-3.252991,-0.251588,-0.834823,1.220800,0.591528,0.583800,0.235280,-0.911518,-0.042502,-0.241247,0.457970,0.391305,0.302273,-0.576915,0.015508,0.934673,-2.049311,-2.202488,1.581833,1.059891,0.498633,-0.359250,-0.771655,-0.037383,0.801485,0.000225,0.422787
39.982971,2.244774,-3.251395,-0.246387,-0.835040,1.218059,0.592180,0.583277,0.382451,-1.026831,0.099563,-0.220324,0.452796,0.398551,0.301786,-0.575890,0.014793,0.933125,-2.049386,-2.200882,1.581830,1.060737,0.506654,-0.360197,-0.772619,-0.036795,0.803623,-0.000186,0.424636
39.984013,2.249029,-3.246797,-0.240684,-0.835865,1.220913,0.591938,0.584914,0.382451,-1.026831,0.099563,-0.220324,0.452796,0.398551,0.301786,-0.575890,0.014793,0.933125,-2.049386,-2.200882,1.581830,1.060737,0.506654,-0.360197,-0.772619,-0.036795,0.803623,-0.000186,0.424636
39.984983,2.251684,-3.251743,-0.237898,-0.837486,1.222094,0.592103,0.586580,0.442236,-1.070260,0.156692,-0.215308,0.451129,0.401692,0.301550,-0.575383,0.014420,0.932349,-2.049424,-2.200083,1.581830,1.061156,0.505425,-0.363862,-0.775102,-0.036415,0.801689,-0.000080,0.421418
39.986026,2.255506,-3.256636,-0.228875,-0.834956,1.222450,0.592869,0.587564,0.493309,-1.101059,0.205135,-0.215954,0.450245,0.404833,0.301327,-0.574883,0.014066,0.931569,-2.049458,-2.199291,1.581826,1.061563,0.504665,-0.362505,-0.775444,-0.035228,0.800946,-0.000365,0.418111
39.986977,2.261264,-3.255094,-0.224542,-0.837063,1.225257,0.593577,0.588015,0.543528,-1.125519,0.252779,-0.219830,0.449833,0.408289,0.301105,-0.574381,0.013704,0.930774,-2.049501,-2.198485,1.581826,1.061978,0.503788,-0.361546,-0.779394,-0.038112,0.801515,-0.001292,0.416276
39.987952,2.254567,-3.256519,-0.215556,-0.837188,1.227259,0.594572,0.589921,0.599897,-1.149734,0.306533,-0.223893,0.449525,0.412271,0.300897,-0.573878,0.013335,0.929996,-2.049534,-2.197682,1.581823,1.062389,0.501290,-0.363226,-0.780358,-0.036400,0.798816,-0.002117,0.415359
39.989003,2.255576,-3.261070,-0.213586,-0.838307,1.227739,0.594440,0.589972,0.663135,-1.172588,0.366980,-0.229180,0.449403,0.416953,0.300715,-0.573367,0.012974,0.929205,-2.049570,-2.196896,1.581820,1.062791,0.505167,-0.363612,-0.783746,-0.036689,0.797355,-0.003237,0.411576
39.990045,2.253208,-3.256865,-0.205870,-0.837234,1.228312,0.594642,0.591894,0.728257,-1.191691,0.429119,-0.236434,0.449632,0.422002,0.300534,-0.572858,0.012610,0.928426,-2.049604,-2.196092,1.581820,1.063205,0.505631,-0.362835,-0.784369,-0.036120,0.797892,-0.003249,0.411649
39.991074,2.248646,-3.260184,-0.202645,-0.838867,1.229563,0.593235,0.591997,0.848648,-1.213174,0.543417,-0.254952,0.450884,0.431956,0.300101,-0.571832,0.011868,0.926834,-2.049681,-2.194494,1.581814,1.064007,0.510818,-0.365944,-0.788519,-0.036383,0.797898,-0.002293,0.407922
39.992040,2.257385,-3.253961,-0.197583,-0.838707,1.228854,0.591974,0.592754,0.848648,-1.213174,0.543417,-0.254952,0.450884,0.431956,0.300101,-0.571832,0.011868,0.926834,-2.049681,-2.194494,1.581814,1.064007,0.510818,-0.365944,-0.788519,-0.036383,0.797898,-0.002293,0.407922
39.992947,2.256103,-3.252220,-0.203613,-0.837913,1.232346,0.590674,0.595253,0.899555,-1.211954,0.591535,-0.267163,0.451749,0.436735,0.299843,-0.571329,0.011484,0.926048,-2.049719,-2.193694,1.581814,1.064404,0.506878,-0.369887,-0.789915,-0.036913,0.798920,-0.001172,0.406454
39.994070,2.248998,-3.250383,-0.198153,-0.838702,1.238044,0.590161,0.594961,0.943908,-1.201451,0.633430,-0.282006,0.452608,0.441481,0.299566,-0.570822,0.011109,0.925270,-2.049760,-2.192912,1.581817,1.064799,0.507622,-0.371300,-0.785282,-0.037910,0.795374,-0.000021,0.401388
39.994982,2.242452,-3.247572,-0.194287,-0.839534,1.237455,0.589709,0.594346,0.990042,-1.144171,0.675266,-0.319589,0.454576,0.449140,0.299128,-0.569783,0.010340,0.923692,-2.049832,-2.191330,1.581818,1.065608,0.515768,-0.375765,-0.788515,-0.037164,0.791977,0.000633,0.403496
39.996155,2.252448,-3.251082,-0.191253,-0.840870,1.243315,0.588199,0.595647,0.990042,-1.144171,0.675266,-0.319589,0.454576,0.449140,0.299128,-0.569783,0.010340,0.923692,-2.049832,-2.191330,1.581818,1.065608,0.515768,-0.375765,-0.788515,-0.037164,0.791977,0.000633,0.403496
39.996989,2.257047,-3.242314,-0.190456,-0.838770,1.245355,0.587925,0.595805,0.991120,-1.098824,0.674315,-0.342723,0.455746,0.451972,0.299061,-0.569276,0.009966,0.922893,-2.049868,-2.190552,1.581819,1.066008,0.512566,-0.376072,-0.790532,-0.036495,0.788383,0.001984,0.401261
39.998024,2.260048,-3.242930,-0.187415,-0.840016,1.245110,0.587776,0.596319,0.988661,-1.049016,0.670033,-0.367713,0.456877,0.454872,0.299065,-0.568768,0.009574,0.922113,-2.049911,-2.189768,1.581820,1.066413,0.509817,-0.380450,-0.788688,-0.038662,0.785680,0.002117,0.400765
39.998950,2.252666,-3.241815,-0.182434,-0.839936,1.246375,0.586661,0.597813,0.987026,-0.945192,0.665408,-0.419723,0.459415,0.461626,0.299100,-0.567744,0.008809,0.920524,-2.049988,-2.188203,1.581825,1.067204,0.513051,-0.382442,-0.790480,-0.038187,0.785898,0.003073,0.396905
40.000038,2.251264,-3.237201,-0.180998,-0.841347,1.250661,0.586540,0.598198,0.987026,-0.945192,0.665408,-0.419723,0.459415,0.461626,0.299100,-0.567744,0.008809,0.920524,-2.049988,-2.188203,1.581825,1.067204,0.513051,-0.382442,-0.790480,-0.038187,0.785898,0.003073,0.396905
40.000996,2.253578,-3.240471,-0.182086,-0.842286,1.241827,0.585250,0.598571,0.982220,-0.891797,0.659240,-0.446099,0.461548,0.464823,0.299080,-0.567221,0.008414,0.919739,-2.050025,-2.187412,1.581825,1.067594,0.514824,-0.386115,-0.791116,-0.037291,0.783037,0.003030,0.396454
40.001976,2.256168,-3.239434,-0.184703,-0.840948,1.241012,0.584363,0.599513,0.952250,-0.783427,0.627270,-0.498934,0.469053,0.469551,0.298932,-0.566203,0.007643,0.918178,-2.050104,-2.185815,1.581832,1.068386,0.513237,-0.386548,-0.787135,-0.038339,0.793424,0.004894,0.393946
40.003150,2.260630,-3.241435,-0.187887,-0.841736,1.241397,0.584997,0.599186,0.929169,-0.735982,0.603646,-0.520831,0.474153,0.470663,0.298814,-0.565694,0.007256,0.917391,-2.050143,-2.185019,1.581836,1.068778,0.512855,-0.387454,-0.786184,-0.038115,0.795184,0.004050,0.395062
40.004187,2.254264,-3.240161,-0.187030,-0.841222,1.234996,0.586182,0.599378,0.929169,-0.735982,0.603646,-0.520831,0.474153,0.470663,0.298814,-0.565694,0.007256,0.917391,-2.050143,-2.185019,1.581836,1.068778,0.512855,-0.387454,-0.786184,-0.038115,0.795184,0.004050,0.395062
40.004961,2.245051,-3.239491,-0.191233,-0.840812,1.231136,0.587230,0.599077,0.900421,-0.694052,0.574433,-0.538895,0.480016,0.470800,0.298714,-0.565167,0.006863,0.916601,-2.050184,-2.184202,1.581837,1.069174,0.516767,-0.389174,-0.786031,-0.038991,0.802384,0.002704,0.394850
40.006053,2.246134,-3.237404,-0.193535,-0.840329,1.228771,0.587363,0.599421,0.860126,-0.655529,0.533658,-0.553082,0.486500,0.469487,0.298669,-0.564638,0.006469,0.915834,-2.050224,-2.183385,1.581834,1.069567,0.520254,-0.389097,-0.781327,-0.039455,0.804684,0.001560,0.395205
40.007061,2.237845,-3.237228,-0.196623,-0.838517,1.224800,0.587460,0.597339,0.802574,-0.618391,0.475661,-0.563362,0.493370,0.466264,0.298696,-0.564120,0.006076,0.915056,-2.050264,-2.182573,1.581835,1.069962,0.520861,-0.391541,-0.780245,-0.040382,0.808338,0.001275,0.394794
40.007955,2.245898,-3.241361,-0.192138,-0.839764,1.223872,0.588268,0.595759,0.727485,-0.581948,0.400248,-0.569784,0.500221,0.461157,0.298792,-0.563586,0.005680,0.914287,-2.050309,-2.181753,1.581836,1.070370,0.525459,-0.392497,-0.778107,-0.042436,0.812783,0.001024,0.399091
40.008954,2.249738,-3.245811,-0.198927,-0.841693,1.227475,0.586748,0.594428,0.555597,-0.526748,0.228477,-0.570268,0.511884,0.447570,0.299115,-0.562553,0.004908,0.912728,-2.050384,-2.180126,1.581836,1.071184,0.519857,-0.389496,-0.774475,-0.039880,0.810035,0.001478,0.404867
40.009926,2.243700,-3.251671,-0.202247,-0.840307,1.227731,0.588690,0.594858,0.555597,-0.526748,0.228477,-0.570268,0.511884,0.447570,0.299115,-0.562553,0.004908,0.912728,-2.050384,-2.180126,1.581836,1.071184,0.519857,-0.389496,-0.774475,-0.039880,0.810035,0.001478,0.404867
40.010992,2.241972,-3.256881,-0.202840,-0.840699,1.227125,0.587876,0.594050,0.392028,-0.517774,0.065884,-0.556886,0.519932,0.431969,0.299468,-0.561494,0.004140,0.911192,-2.050469,-2.178504,1.581836,1.071996,0.524859,-0.386136,-0.771618,-0.041505,0.811750,0.000050,0.405847
40.012097,2.241220,-3.259859,-0.204238,-0.839990,1.230707,0.588109,0.592632,0.392028,-0.517774,0.065884,-0.556886,0.519932,0.431969,0.299468,-0.561494,0.004140,0.911192,-2.050469,-2.178504,1.581836,1.071996,0.524859,-0.386136,-0.771618,-0.041505,0.811750,0.000050,0.405847
40.012933,2.244494,-3.258640,-0.196764,-0.839099,1.227077,0.588686,0.592209,0.310342,-0.530259,-0.015329,-0.543613,0.522795,0.423000,0.299630,-0.560959,0.003752,0.910416,-2.050513,-2.177691,1.581837,1.072410,0.526289,-0.386174,-0.771079,-0.042601,0.809488,-0.000356,0.408921
40.014000,2.256172,-3.265211,-0.204189,-0.837761,1.228381,0.588729,0.590849,0.233789,-0.552269,-0.091414,-0.527097,0.525044,0.413901,0.299768,-0.560445,0.003361,0.909648,-2.050558,-2.176870,1.581835,1.072824,0.524111,-0.386763,-0.772795,-0.043491,0.812154,-0.001048,0.409512
40.015047,2.254236,-3.266200,-0.204805,-0.836614,1.230683,0.589285,0.590354,0.123177,-0.627815,-0.201060,-0.484393,0.527383,0.397795,0.299864,-0.559400,0.002593,0.908128,-2.050655,-2.175252,1.581833,1.073654,0.521033,-0.385576,-0.768654,-0.046388,0.810502,-0.001937,0.413511
40.016025,2.241358,-3.268072,-0.204007,-0.838935,1.229455,0.590241,0.590577,0.123177,-0.627815,-0.201060,-0.484393,0.527383,0.397795,0.299864,-0.559400,0.002593,0.908128,-2.050655,-2.175252,1.581833,1.073654,0.521033,-0.385576,-0.768654,-0.046388,0.810502,-0.001937,0.413511
40.016955,2.239278,-3.267871,-0.199268,-0.836453,1.231277,0.589628,0.589173,0.083592,-0.675111,-0.240501,-0.459586,0.527805,0.390535,0.299801,-0.558863,0.002210,0.907359,-2.050696,-2.174444,1.581829,1.074060,0.527702,-0.385499,-0.768210,-0.044332,0.812098,-0.003014,0.413092
40.018002,2.244603,-3.270740,-0.206359,-0.836631,1.235714,0.588964,0.589039,0.043180,-0.719346,-0.281151,-0.435764,0.528192,0.383279,0.299698,-0.558329,0.001824,0.906586,-2.050748,-2.173633,1.581827,1.074484,0.528561,-0.386171,-0.769309,-0.046812,0.810131,-0.002511,0.415822
40.019011,2.244530,-3.274564,-0.200445,-0.835032,1.236677,0.588883,0.588001,-0.035514,-0.796722,-0.360810,-0.390365,0.528306,0.369308,0.299508,-0.557277,0.001057,0.905062,-2.050849,-2.172029,1.581823,1.075327,0.527221,-0.385090,-0.768075,-0.048463,0.806376,-0.002045,0.418292
40.020085,2.248154,-3.279798,-0.204889,-0.835390,1.241017,0.589730,0.586387,-0.035514,-0.796722,-0.360810,-0.390365,0.528306,0.369308,0.299508,-0.557277,0.001057,0.905062,-2.050849,-2.172029,1.581823,1.075327,0.527221,-0.385090,-0.768075,-0.048463,0.806376,-0.002045,0.418292
40.021008,2.252873,-3.285989,-0.198034,-0.833531,1.239894,0.590367,0.585307,-0.064561,-0.834675,-0.390455,-0.366934,0.527496,0.363182,0.299473,-0.556750,0.000675,0.904306,-2.050898,-2.171226,1.581819,1.075757,0.526335,-0.383889,-0.765954,-0.048316,0.803224,-0.003028,0.421645
40.022044,2.253668,-3.291381,-0.199084,-0.833329,1.241229,0.590482,0.585145,-0.080499,-0.876349,-0.407200,-0.341568,0.525748,0.357987,0.299489,-0.556234,0.000303,0.903531,-2.050954,-2.170428,1.581811,1.076183,0.524022,-0.381482,-0.768051,-0.050047,0.804349,-0.003749,0.423663
40.023050,2.249023,-3.293037,-0.196982,-0.833666,1.245122,0.590010,0.583495,-0.064783,-0.978311,-0.394154,-0.281629,0.518819,0.350851,0.299560,-0.555171,-0.000461,0.901993,-2.051056,-2.168824,1.581805,1.077049,0.527056,-0.380221,-0.767618,-0.050078,0.800589,-0.003640,0.427316
40.024036,2.242479,-3.290731,-0.190323,-0.832263,1.246462,0.588013,0.581985,-0.064783,-0.978311,-0.394154,-0.281629,0.518819,0.350851,0.299560,-0.555171,-0.000461,0.901993,-2.051056,-2.168824,1.581805,1.077049,0.527056,-0.380221,-0.767618,-0.050078,0.800589,-0.003640,0.427316
40.025004,2.249158,-3.290396,-0.185907,-0.833827,1.248722,0.588432,0.580072,-0.044827,-1.029087,-0.376109,-0.250782,0.514244,0.348517,0.299612,-0.554639,-0.000843,0.901211,-2.051113,-2.168034,1.581808,1.077483,0.530618,-0.382313,-0.770044,-0.051416,0.799856,-0.001788,0.430279
40.026040,2.256807,-3.288082,-0.189559,-0.832669,1.247718,0.586376,0.579480,-0.021681,-1.072228,-0.355033,-0.223136,0.509489,0.347139,0.299660,-0.554115,-0.001233,0.900431,-2.051162,-2.167237,1.581805,1.077926,0.527480,-0.383201,-0.771184,-0.049907,0.797940,-0.002357,0.433992
40.026972,2.252310,-3.289776,-0.187741,-0.830218,1.248204,0.585660,0.579338,0.008027,-1.106303,-0.327269,-0.200747,0.504840,0.347238,0.299681,-0.553595,-0.001619,0.899669,-2.051216,-2.166425,1.581809,1.078360,0.524420,-0.385524,-0.769079,-0.051123,0.799764,-0.000449,0.435181
40.027976,2.247650,-3.290608,-0.177249,-0.829087,1.247794,0.586889,0.578493,0.043015,-1.131639,-0.294061,-0.182539,0.500421,0.348588,0.299671,-0.553070,-0.002006,0.898896,-2.051276,-2.165633,1.581810,1.078799,0.526734,-0.385219,-0.768728,-0.053369,0.799359,0.000114,0.435288
40.028987,2.239678,-3.289745,-0.170492,-0.828409,1.246532,0.585349,0.578728,0.079481,-1.150322,-0.259494,-0.165428,0.496213,0.350510,0.299649,-0.552534,-0.002397,0.898121,-2.051332,-2.164830,1.581809,1.079238,0.529426,-0.385724,-0.773336,-0.054447,0.800388,-0.001275,0.436951
40.029960,2.255548,-3.289474,-0.164839,-0.826765,1.245669,0.585080,0.577593,0.156726,-1.173546,-0.186791,-0.131880,0.488525,0.355579,0.299704,-0.551485,-0.003177,0.896552,-2.051449,-2.163219,1.581812,1.080122,0.526217,-0.388020,-0.777707,-0.056545,0.803463,0.000247,0.438601
40.031026,2.265380,-3.289778,-0.166306,-0.828665,1.246119,0.584643,0.577496,0.209338,-1.183021,-0.136372,-0.116798,0.484896,0.359736,0.299800,-0.550964,-0.003572,0.895785,-2.051500,-2.162408,1.581812,1.080566,0.522288,-0.389079,-0.776883,-0.054760,0.804067,0.000531,0.438819
40.031982,2.262683,-3.285994,-0.155358,-0.826315,1.246736,0.584520,0.578268,0.209338,-1.183021,-0.136372,-0.116798,0.484896,0.359736,0.299800,-0.550964,-0.003572,0.895785,-2.051500,-2.162408,1.581812,1.080566,0.522288,-0.389079,-0.776883,-0.054760,0.804067,0.000531,0.438819
40.032948,2.254669,-3.286385,-0.154434,-0.829189,1.247260,0.584677,0.579467,0.276557,-1.192410,-0.071231,-0.104887,0.481476,0.365533,0.299896,-0.550441,-0.003967,0.894993,-2.051562,-2.161608,1.581812,1.080996,0.523890,-0.391597,-0.781125,-0.056897,0.803667,0.000515,0.437166
40.033991,2.262922,-3.283233,-0.145671,-0.827526,1.247108,0.584157,0.580323,0.349882,-1.197885,-0.000025,-0.097625,0.478590,0.372376,0.299956,-0.549902,-0.004365,0.894220,-2.051611,-2.160799,1.581811,1.081427,0.527991,-0.391999,-0.780539,-0.054044,0.803360,0.000220,0.434681
40.035000,2.269191,-3.280163,-0.152832,-0.825117,1.248457,0.583349,0.581509,0.493461,-1.190747,0.139383,-0.099231,0.475081,0.387507,0.299940,-0.548871,-0.005170,0.892648,-2.051736,-2.159189,1.581814,1.082276,0.522173,-0.396930,-0.780051,-0.057845,0.803695,0.001242,0.430701
40.035949,2.270790,-3.272044,-0.138225,-0.825468,1.249121,0.583814,0.581732,0.564188,-1.179803,0.208268,-0.106067,0.474208,0.395675,0.299858,-0.548346,-0.005586,0.891859,-2.051791,-2.158378,1.581815,1.082700,0.521514,-0.401316,-0.786133,-0.057371,0.803088,0.000623,0.430200
40.037034,2.275842,-3.271186,-0.136644,-0.826199,1.248738,0.585056,0.583105,0.636585,-1.163429,0.278933,-0.118234,0.473902,0.404560,0.299758,-0.547831,-0.005990,0.891067,-2.051846,-2.157577,1.581815,1.083123,0.520149,-0.402938,-0.786671,-0.056725,0.804817,-0.000784,0.427588
40.038036,2.280405,-3.268325,-0.134689,-0.824951,1.249294,0.584235,0.584464,0.711770,-1.143076,0.352430,-0.135867,0.474078,0.414180,0.299662,-0.547317,-0.006403,0.890289,-2.051907,-2.156769,1.581816,1.083546,0.518468,-0.405014,-0.786910,-0.057832,0.804775,-0.000096,0.424888
40.038969,2.278002,-3.265364,-0.132939,-0.823169,1.249330,0.585222,0.585347,0.785423,-1.120578,0.424365,-0.156585,0.474553,0.423865,0.299583,-0.546797,-0.006811,0.889499,-2.051968,-2.155958,1.581816,1.083960,0.519774,-0.406801,-0.786298,-0.059370,0.804658,-0.001236,0.423062
40.040198,2.270506,-3.268640,-0.124178,-0.823789,1.255761,0.584946,0.587628,0.785423,-1.120578,0.424365,-0.156585,0.474553,0.423865,0.299583,-0.546797,-0.006811,0.889499,-2.051968,-2.155958,1.581816,1.083960,0.519774,-0.406801,-0.786298,-0.059370,0.804658,-0.001236,0.423062
40.041066,2.265041,-3.266319,-0.125543,-0.822915,1.254698,0.583849,0.587113,0.851927,-1.096970,0.488994,-0.178392,0.475224,0.432890,0.299543,-0.546258,-0.007223,0.888692,-2.052027,-2.155170,1.581814,1.084372,0.525417,-0.407067,-0.791601,-0.058908,0.800881,-0.001113,0.418925
40.041970,2.270744,-3.264510,-0.123310,-0.821270,1.258191,0.582670,0.587491,0.905844,-1.072705,0.540942,-0.200484,0.476114,0.440665,0.299559,-0.545725,-0.007639,0.887912,-2.052086,-2.154366,1.581814,1.084794,0.527593,-0.408097,-0.788933,-0.059497,0.801414,-0.000133,0.419798
40.043033,2.276659,-3.268078,-0.128812,-0.822099,1.262245,0.582870,0.589688,0.971437,-1.027498,0.603360,-0.241907,0.478315,0.451676,0.299685,-0.544687,-0.008459,0.886333,-2.052206,-2.152788,1.581817,1.085614,0.522595,-0.408355,-0.785226,-0.059970,0.794968,0.000532,0.414671
40.043981,2.266176,-3.272806,-0.123413,-0.824494,1.265220,0.581868,0.589940,0.989017,-1.011494,0.619726,-0.260876,0.479592,0.455238,0.299738,-0.544145,-0.008867,0.885548,-2.052259,-2.152000,1.581819,1.086022,0.527823,-0.406379,-0.786679,-0.057507,0.792268,0.001400,0.414190
40.045101,2.262393,-3.276669,-0.121494,-0.821091,1.266633,0.582416,0.592090,0.989017,-1.011494,0.619726,-0.260876,0.479592,0.455238,0.299738,-0.544145,-0.008867,0.885548,-2.052259,-2.152000,1.581819,1.086022,0.527823,-0.406379,-0.786679,-0.057507,0.792268,0.001400,0.414190
40.046048,2.263145,-3.274717,-0.119503,-0.824102,1.268636,0.582059,0.593885,0.995697,-1.001813,0.625116,-0.278186,0.481092,0.457272,0.299788,-0.543612,-0.009272,0.884752,-2.052325,-2.151213,1.581821,1.086424,0.530872,-0.405859,-0.787688,-0.060837,0.792642,0.000660,0.410154
40.046983,2.272207,-3.272735,-0.125591,-0.822687,1.266766,0.583381,0.594106,0.981963,-0.998218,0.608930,-0.307763,0.485001,0.457508,0.299907,-0.542567,-0.010094,0.883190,-2.052434,-2.149633,1.581826,1.087226,0.526084,-0.408493,-0.782997,-0.059043,0.792916,-0.000613,0.406160
40.048134,2.277871,-3.273200,-0.126663,-0.823425,1.269902,0.583572,0.595173,0.981963,-0.998218,0.608930,-0.307763,0.485001,0.457508,0.299907,-0.542567,-0.010094,0.883190,-2.052434,-2.149633,1.581826,1.087226,0.526084,-0.408493,-0.782997,-0.059043,0.792916,-0.000613,0.406160
40.049176,2.270231,-3.272668,-0.128407,-0.824428,1.270807,0.583126,0.595657,0.968524,-0.999082,0.594800,-0.323825,0.487793,0.456840,0.299996,-0.542043,-0.010509,0.882401,-2.052493,-2.148842,1.581827,1.087627,0.524776,-0.409711,-0.782907,-0.058378,0.791733,-0.000968,0.404373
40.050134,2.266767,-3.270998,-0.131638,-0.825081,1.267458,0.583921,0.595669,0.951554,-0.998650,0.577425,-0.341918,0.491428,0.455889,0.300120,-0.541500,-0.010925,0.881623,-2.052547,-2.148040,1.581828,1.088032,0.529189,-0.410802,-0.781635,-0.057422,0.791779,-0.000669,0.403573
40.050963,2.259137,-3.269111,-0.133044,-0.824476,1.263642,0.583300,0.597162,0.880638,-0.977818,0.506009,-0.386765,0.502344,0.451371,0.300516,-0.540427,-0.011755,0.880078,-2.052659,-2.146441,1.581828,1.088822,0.533943,-0.412605,-0.776085,-0.057010,0.798356,-0.001100,0.400424
40.052066,2.265065,-3.268678,-0.138919,-0.824036,1.264164,0.582044,0.596371,0.880638,-0.977818,0.506009,-0.386765,0.502344,0.451371,0.300516,-0.540427,-0.011755,0.880078,-2.052659,-2.146441,1.581828,1.088822,0.533943,-0.412605,-0.776085,-0.057010,0.798356,-0.001100,0.400424
40.053015,2.261825,-3.273084,-0.128673,-0.824135,1.257571,0.583085,0.595540,0.819961,-0.955429,0.445276,-0.411255,0.509525,0.447154,0.300774,-0.539907,-0.012168,0.879307,-2.052716,-2.145646,1.581830,1.089224,0.532144,-0.414037,-0.773368,-0.057520,0.799349,-0.000012,0.402331
40.054005,2.267178,-3.275247,-0.130234,-0.824398,1.254207,0.582869,0.594974,0.750615,-0.930188,0.375960,-0.434397,0.517296,0.442069,0.301066,-0.539367,-0.012577,0.878516,-2.052774,-2.144827,1.581828,1.089628,0.533749,-0.412183,-0.777208,-0.057246,0.805964,-0.001200,0.403991
40.054950,2.268013,-3.277828,-0.131274,-0.824026,1.253359,0.581645,0.593713,0.627836,-0.896347,0.253046,-0.469267,0.532163,0.431921,0.301638,-0.538308,-0.013400,0.876980,-2.052887,-2.143196,1.581829,1.090447,0.531019,-0.410766,-0.774019,-0.057168,0.810452,-0.000022,0.407679
40.056024,2.265629,-3.278640,-0.134242,-0.823780,1.246538,0.582525,0.591942,0.627836,-0.896347,0.253046,-0.469267,0.532163,0.431921,0.301638,-0.538308,-0.013400,0.876980,-2.052887,-2.143196,1.581829,1.090447,0.531019,-0.410766,-0.774019,-0.057168,0.810452,-0.000022,0.407679
40.056977,2.254150,-3.276371,-0.132837,-0.825560,1.246734,0.582864,0.590555,0.577295,-0.890028,0.202260,-0.479830,0.538584,0.426992,0.301939,-0.537770,-0.013815,0.876221,-2.052945,-2.142364,1.581825,1.090868,0.533039,-0.411391,-0.772642,-0.057414,0.818255,-0.001055,0.411382
40.058057,2.258637,-3.272578,-0.134391,-0.824281,1.247874,0.582422,0.591212,0.525460,-0.884396,0.149983,-0.487697,0.544333,0.421735,0.302288,-0.537224,-0.014233,0.875451,-2.052997,-2.141542,1.581823,1.091285,0.538716,-0.412833,-0.772293,-0.055599,0.817953,-0.001514,0.414100
40.058948,2.265040,-3.266510,-0.137197,-0.824205,1.244797,0.582651,0.589184,0.466723,-0.872444,0.090737,-0.496209,0.549691,0.416123,0.302684,-0.536688,-0.014653,0.874677,-2.053057,-2.140725,1.581825,1.091699,0.537283,-0.415750,-0.771494,-0.056866,0.817945,-0.001233,0.412937
40.059972,2.267288,-3.264612,-0.146027,-0.823243,1.242840,0.582557,0.587575,0.403961,-0.851509,0.027670,-0.507131,0.554738,0.410689,0.303102,-0.536157,-0.015081,0.873925,-2.053113,-2.139898,1.581825,1.092118,0.533707,-0.418628,-0.768704,-0.056748,0.820436,-0.001598,0.416888
40.061077,2.257406,-3.263367,-0.147893,-0.820813,1.245427,0.583833,0.588587,0.340524,-0.821599,-0.035759,-0.520415,0.559429,0.405778,0.303519,-0.535627,-0.015502,0.873170,-2.053173,-2.139077,1.581823,1.092546,0.533185,-0.420227,-0.763983,-0.057623,0.822992,-0.001637,0.420133
40.062053,2.253911,-3.259650,-0.146222,-0.820724,1.240514,0.585816,0.588152,0.272272,-0.782685,-0.103925,-0.534357,0.563770,0.400888,0.303919,-0.535074,-0.015931,0.872405,-2.053238,-2.138252,1.581818,1.092965,0.539037,-0.421874,-0.763396,-0.059922,0.821617,-0.003054,0.418262
40.062937,2.255966,-3.263388,-0.148253,-0.818791,1.241483,0.585250,0.587415,0.195188,-0.735041,-0.181131,-0.547237,0.567714,0.395553,0.304294,-0.534524,-0.016366,0.871646,-2.053297,-2.137413,1.581810,1.093381,0.540742,-0.423968,-0.763506,-0.059842,0.826587,-0.005140,0.419162
40.064041,2.265623,-3.260996,-0.156193,-0.817260,1.245810,0.583782,0.588079,0.113244,-0.682766,-0.263407,-0.557615,0.571012,0.389957,0.304657,-0.533990,-0.016783,0.870891,-2.053361,-2.136598,1.581812,1.093803,0.539261,-0.421996,-0.760988,-0.061393,0.825016,-0.004683,0.420461
40.065010,2.273894,-3.259971,-0.151696,-0.817846,1.247746,0.583295,0.587313,0.033814,-0.632647,-0.343174,-0.563412,0.573310,0.384452,0.305011,-0.533461,-0.017214,0.870143,-2.053427,-2.135773,1.581811,1.094224,0.535522,-0.424221,-0.757506,-0.062787,0.821916,-0.003363,0.419304
40.066059,2.269283,-3.253445,-0.148893,-0.814405,1.252561,0.581982,0.586380,-0.034958,-0.588217,-0.412170,-0.565021,0.574428,0.379711,0.305346,-0.532940,-0.017639,0.869383,-2.053488,-2.134966,1.581810,1.094641,0.531686,-0.425038,-0.758995,-0.061968,0.820256,-0.003021,0.420845
40.066950,2.268389,-3.250143,-0.147137,-0.812988,1.259367,0.581539,0.586133,-0.087273,-0.549267,-0.464684,-0.564468,0.574365,0.376398,0.305653,-0.532394,-0.018079,0.868613,-2.053560,-2.134142,1.581814,1.095068,0.534617,-0.428913,-0.760161,-0.065076,0.816196,-0.001874,0.422800
40.068002,2.269352,-3.244618,-0.144838,-0.812645,1.257321,0.581296,0.585060,-0.125799,-0.513368,-0.503501,-0.562497,0.573286,0.374358,0.305943,-0.531858,-0.018515,0.867862,-2.053628,-2.133343,1.581813,1.095491,0.534620,-0.430282,-0.759651,-0.065998,0.809032,-0.001560,0.423103
40.069000,2.272807,-3.238983,-0.141871,-0.809675,1.261236,0.580910,0.585287,-0.154589,-0.478190,-0.532671,-0.560054,0.571463,0.373318,0.306217,-0.531325,-0.018953,0.867098,-2.053695,-2.132538,1.581814,1.095924,0.534865,-0.433695,-0.760671,-0.066099,0.812176,-0.001478,0.425330
40.070069,2.276099,-3.241603,-0.141281,-0.808862,1.266011,0.580741,0.586286,-0.173254,-0.442997,-0.551724,-0.558166,0.569071,0.373402,0.306429,-0.530790,-0.019399,0.866341,-2.053770,-2.131737,1.581811,1.096348,0.533458,-0.436725,-0.761634,-0.068582,0.808768,-0.001221,0.424854
40.070987,2.279581,-3.238469,-0.136907,-0.806902,1.264573,0.579540,0.584484,-0.179777,-0.410320,-0.558610,-0.555918,0.566151,0.374633,0.306550,-0.530264,-0.019832,0.865577,-2.053841,-2.130927,1.581813,1.096766,0.532738,-0.436151,-0.761928,-0.069060,0.805080,-0.001217,0.422992
40.071969,2.275367,-3.243289,-0.139283,-0.804931,1.262829,0.578715,0.582511,-0.172187,-0.385039,-0.551419,-0.551462,0.562714,0.376834,0.306605,-0.529735,-0.020276,0.864806,-2.053915,-2.130127,1.581812,1.097202,0.530843,-0.437540,-0.762750,-0.070443,0.806461,-0.000132,0.426472
40.073083,2.273880,-3.240588,-0.139481,-0.803153,1.265465,0.577389,0.582078,-0.152251,-0.370844,-0.532015,-0.542654,0.558779,0.379501,0.306633,-0.529194,-0.020712,0.864058,-2.053991,-2.129312,1.581812,1.097639,0.533152,-0.435350,-0.760987,-0.071862,0.808523,0.000545,0.430353
40.074056,2.274148,-3.244697,-0.131730,-0.800389,1.261896,0.576353,0.584010,-0.100021,-0.375965,-0.481517,-0.507479,0.550000,0.383519,0.306681,-0.528124,-0.021589,0.862515,-2.054146,-2.127695,1.581811,1.098502,0.535018,-0.435783,-0.764196,-0.075390,0.811239,0.002614,0.427382
40.074987,2.267659,-3.243767,-0.133101,-0.800350,1.263917,0.576594,0.581768,-0.100021,-0.375965,-0.481517,-0.507479,0.550000,0.383519,0.306681,-0.528124,-0.021589,0.862515,-2.054146,-2.127695,1.581811,1.098502,0.535018,-0.435783,-0.764196,-0.075390,0.811239,0.002614,0.427382
40.076061,2.272827,-3.250429,-0.129993,-0.797429,1.266683,0.576950,0.582095,-0.070361,-0.395336,-0.453037,-0.481439,0.545307,0.384645,0.306706,-0.527587,-0.022029,0.861761,-2.054223,-2.126885,1.581812,1.098948,0.538142,-0.436195,-0.762404,-0.074777,0.809069,0.002224,0.431750
40.076924,2.278514,-3.252742,-0.130008,-0.797064,1.266996,0.576878,0.582242,-0.039463,-0.425774,-0.423411,-0.451111,0.540527,0.385159,0.306750,-0.527054,-0.022454,0.860991,-2.054306,-2.126070,1.581816,1.099374,0.536396,-0.433740,-0.763972,-0.077119,0.807392,0.001687,0.431179
40.078056,2.273759,-3.261072,-0.124620,-0.795928,1.268834,0.578482,0.583408,-0.003791,-0.469430,-0.389054,-0.416859,0.535598,0.385338,0.306764,-0.526524,-0.022884,0.860235,-2.054382,-2.125275,1.581815,1.099797,0.533008,-0.432247,-0.762259,-0.076761,0.806558,0.001643,0.430662
40.078985,2.272167,-3.267957,-0.124717,-0.791946,1.272575,0.578296,0.584352,0.040285,-0.528183,-0.346452,-0.379185,0.530434,0.385472,0.306689,-0.525987,-0.023303,0.859460,-2.054462,-2.124480,1.581814,1.100224,0.536672,-0.429372,-0.765426,-0.077461,0.806519,-0.000138,0.428535
40.079985,2.271610,-3.270290,-0.115336,-0.792873,1.272409,0.579080,0.583995,0.090211,-0.602077,-0.298381,-0.337694,0.525009,0.385265,0.306521,-0.525445,-0.023720,0.858686,-2.054550,-2.123680,1.581815,1.100651,0.537219,-0.426105,-0.764013,-0.080553,0.802724,-0.000071,0.426524
40.081087,2.280366,-3.275334,-0.116668,-0.792617,1.276303,0.579114,0.586067,0.143950,-0.690096,-0.246915,-0.292404,0.519367,0.384551,0.306304,-0.524902,-0.024146,0.857913,-2.054626,-2.122868,1.581816,1.101075,0.537754,-0.425441,-0.768060,-0.079047,0.803422,-0.001013,0.427278
40.082037,2.291644,-3.271746,-0.109842,-0.789964,1.277977,0.579790,0.587525,0.203832,-0.788231,-0.189455,-0.247129,0.513835,0.383933,0.306073,-0.524381,-0.024562,0.857138,-2.054705,-2.122076,1.581815,1.101492,0.534538,-0.424083,-0.767506,-0.078853,0.801053,-0.001199,0.423296
40.083142,2.288493,-3.268754,-0.106254,-0.788707,1.281425,0.578662,0.587625,0.274713,-0.892406,-0.120846,-0.205477,0.508731,0.384266,0.305815,-0.523860,-0.024991,0.856370,-2.054791,-2.121276,1.581815,1.101908,0.529049,-0.426066,-0.769878,-0.080697,0.799554,-0.002014,0.420347
40.084018,2.279903,-3.272004,-0.098908,-0.787223,1.278905,0.580400,0.589217,0.357543,-0.996871,-0.040080,-0.169632,0.504356,0.386007,0.305525,-0.523327,-0.025417,0.855591,-2.054873,-2.120493,1.581818,1.102330,0.531785,-0.428634,-0.771808,-0.081407,0.797784,-0.001047,0.420372
40.085054,2.282312,-3.269171,-0.097881,-0.786292,1.280166,0.579578,0.589260,0.444369,-1.094848,0.044739,-0.140687,0.501082,0.388688,0.305241,-0.522782,-0.025836,0.854809,-2.054956,-2.119686,1.581812,1.102740,0.535485,-0.426827,-0.773609,-0.082023,0.799801,-0.002903,0.417009
40.085942,2.287815,-3.273312,-0.091449,-0.785482,1.279423,0.580375,0.590995,0.526787,-1.183041,0.125134,-0.118139,0.499101,0.391571,0.304994,-0.522242,-0.026268,0.854044,-2.055039,-2.118879,1.581811,1.103148,0.534763,-0.428879,-0.773813,-0.082305,0.799355,-0.002201,0.417091
40.087029,2.287599,-3.278689,-0.081392,-0.785249,1.281980,0.577807,0.592981,0.605196,-1.261896,0.201595,-0.101321,0.498328,0.394646,0.304771,-0.521719,-0.026685,0.853268,-2.055121,-2.118089,1.581808,1.103555,0.531724,-0.426730,-0.775352,-0.082296,0.799839,-0.003122,0.413471
40.087947,2.293534,-3.280038,-0.076452,-0.784732,1.280793,0.579008,0.593097,0.686263,-1.336035,0.280785,-0.088616,0.498384,0.398267,0.304534,-0.521184,-0.027106,0.852488,-2.055201,-2.117290,1.581812,1.103963,0.532803,-0.425071,-0.780383,-0.082016,0.798632,-0.000706,0.409718
40.088961,2.293275,-3.285898,-0.076017,-0.782058,1.285429,0.579766,0.591738,0.775261,-1.409506,0.367933,-0.078465,0.498826,0.402671,0.304275,-0.520661,-0.027531,0.851704,-2.055284,-2.116485,1.581808,1.104365,0.529735,-0.424428,-0.781278,-0.081730,0.799684,-0.002050,0.409480
40.089991,2.286289,-3.290798,-0.074365,-0.782559,1.287874,0.578530,0.594039,0.871181,-1.482896,0.462021,-0.069503,0.499291,0.407675,0.304029,-0.520126,-0.027943,0.850920,-2.055372,-2.115702,1.581806,1.104783,0.530339,-0.422210,-0.780777,-0.083639,0.795892,-0.002936,0.412285
40.090999,2.280191,-3.292086,-0.070412,-0.781706,1.287471,0.578845,0.595309,0.965939,-1.554824,0.554875,-0.060099,0.499545,0.412472,0.303814,-0.519585,-0.028360,0.850143,-2.055451,-2.114906,1.581804,1.105180,0.534334,-0.420506,-0.781117,-0.082554,0.794352,-0.001818,0.407778
40.091957,2.279275,-3.285550,-0.068535,-0.782183,1.294264,0.577389,0.596615,1.049655,-1.621172,0.636557,-0.050606,0.499569,0.416301,0.303625,-0.519043,-0.028775,0.849357,-2.055531,-2.114118,1.581802,1.105580,0.537700,-0.420535,-0.782333,-0.082810,0.795584,-0.002285,0.405380
40.093019,2.287660,-3.277887,-0.066128,-0.782760,1.297598,0.577149,0.597381,1.116877,-1.675195,0.701799,-0.044063,0.499518,0.419151,0.303477,-0.518501,-0.029205,0.848568,-2.055610,-2.113340,1.581805,1.105978,0.538104,-0.424034,-0.782008,-0.081656,0.789169,-0.000968,0.402806
40.094049,2.296645,-3.267655,-0.071480,-0.779253,1.300690,0.576310,0.598555,1.168713,-1.709387,0.752132,-0.045488,0.499702,0.421828,0.303411,-0.517972,-0.029645,0.847792,-2.055689,-2.112550,1.581804,1.106376,0.534715,-0.428520,-0.783022,-0.080571,0.787115,-0.000885,0.401504
40.094964,2.285872,-3.259791,-0.064554,-0.778325,1.303517,0.576107,0.599769,1.209876,-1.719367,0.792549,-0.057731,0.500296,0.425234,0.303444,-0.517451,-0.030087,0.847015,-2.055776,-2.111776,1.581806,1.106769,0.530936,-0.434108,-0.779814,-0.083347,0.785135,-0.000204,0.399333
40.095965,2.280148,-3.254394,-0.062081,-0.778138,1.307337,0.575129,0.599046,1.240091,-1.703780,0.822592,-0.079699,0.501385,0.429378,0.303563,-0.516902,-0.030533,0.846239,-2.055859,-2.110995,1.581806,1.107163,0.536005,-0.437780,-0.781866,-0.083459,0.782362,-0.000138,0.396885
40.096949,2.280813,-3.248436,-0.068608,-0.777396,1.304948,0.574196,0.600508,1.254432,-1.662597,0.836994,-0.109952,0.503273,0.433650,0.303773,-0.516364,-0.030976,0.845450,-2.055942,-2.110215,1.581811,1.107562,0.539173,-0.440741,-0.782216,-0.082951,0.779345,0.000675,0.398482
40.098017,2.290161,-3.245147,-0.072461,-0.776839,1.307111,0.574708,0.601729,1.249256,-1.597851,0.832046,-0.147153,0.506312,0.437475,0.304097,-0.515823,-0.031429,0.844677,-2.056026,-2.109431,1.581809,1.107953,0.538973,-0.443784,-0.778070,-0.082950,0.782424,0.001473,0.395631
40.099007,2.291728,-3.247481,-0.072265,-0.775251,1.302962,0.573910,0.601759,1.226267,-1.514605,0.809593,-0.188954,0.510636,0.440670,0.304526,-0.515291,-0.031885,0.843906,-2.056109,-2.108649,1.581810,1.108337,0.535105,-0.445915,-0.776072,-0.082901,0.781584,0.000792,0.393481
40.099997,2.286209,-3.244088,-0.079570,-0.776958,1.297906,0.573800,0.602243,1.193588,-1.422531,0.777738,-0.231417,0.516061,0.443408,0.305023,-0.514762,-0.032328,0.843129,-2.056195,-2.107862,1.581813,1.108733,0.534705,-0.444928,-0.775362,-0.083715,0.786433,0.001438,0.393548
40.100951,2.283522,-3.237495,-0.080417,-0.774329,1.294420,0.573878,0.600186,1.154260,-1.329285,0.739293,-0.271307,0.522400,0.445447,0.305565,-0.514216,-0.032784,0.842370,-2.056272,-2.107054,1.581817,1.109129,0.537641,-0.446710,-0.771061,-0.081405,0.791932,0.001375,0.392675
40.102058,2.287171,-3.234054,-0.085911,-0.775156,1.290834,0.573044,0.600017,1.102912,-1.234504,0.688730,-0.308728,0.529694,0.446242,0.306143,-0.513679,-0.033239,0.841600,-2.056361,-2.106243,1.581815,1.109531,0.538979,-0.449898,-0.769603,-0.083194,0.795489,0.001170,0.396855
40.103054,2.286826,-3.224132,-0.085737,-0.773823,1.287932,0.574007,0.601112,1.038099,-1.136846,0.624610,-0.344662,0.537770,0.445773,0.306724,-0.513140,-0.033698,0.840829,-2.056442,-2.105442,1.581817,1.109932,0.538165,-0.452278,-0.767095,-0.081818,0.800603,0.001838,0.397443
40.103950,2.286575,-3.218400,-0.080754,-0.771134,1.287902,0.574306,0.598915,0.963763,-1.036328,0.550992,-0.380526,0.546274,0.444531,0.307270,-0.512597,-0.034171,0.840070,-2.056526,-2.104631,1.581818,1.110326,0.538564,-0.457155,-0.766644,-0.082442,0.803944,0.000709,0.395347
40.105004,2.292256,-3.211949,-0.087999,-0.769334,1.283666,0.575709,0.598266,0.807453,-0.833037,0.396709,-0.453080,0.562773,0.441662,0.308355,-0.511528,-0.035108,0.838534,-2.056701,-2.103013,1.581819,1.111138,0.536196,-0.462886,-0.763776,-0.085262,0.808813,-0.001282,0.401153
40.106000,2.288036,-3.205862,-0.090835,-0.768722,1.285082,0.575521,0.597350,0.807453,-0.833037,0.396709,-0.453080,0.562773,0.441662,0.308355,-0.511528,-0.035108,0.838534,-2.056701,-2.103013,1.581819,1.111138,0.536196,-0.462886,-0.763776,-0.085262,0.808813,-0.001282,0.401153
40.106962,2.278447,-3.204177,-0.093987,-0.768256,1.288330,0.573248,0.596157,0.645901,-0.636443,0.237952,-0.523228,0.576550,0.438077,0.309645,-0.510436,-0.036050,0.837029,-2.056873,-2.101397,1.581821,1.111953,0.543312,-0.466375,-0.759546,-0.084760,0.804755,0.000916,0.405460
40.108083,2.277745,-3.206737,-0.095746,-0.766716,1.284817,0.574706,0.593993,0.552623,-0.541583,0.145924,-0.557170,0.582526,0.434765,0.310392,-0.509884,-0.036518,0.836279,-2.056961,-2.100578,1.581820,1.112370,0.544585,-0.465736,-0.759301,-0.085636,0.809793,-0.000732,0.410054
40.108966,2.278194,-3.208827,-0.096182,-0.765850,1.284749,0.573729,0.592188,0.552623,-0.541583,0.145924,-0.557170,0.582526,0.434765,0.310392,-0.509884,-0.036518,0.836279,-2.056961,-2.100578,1.581820,1.112370,0.544585,-0.465736,-0.759301,-0.085636,0.809793,-0.000732,0.410054
40.110035,2.285176,-3.209411,-0.097689,-0.766629,1.289067,0.574195,0.591916,0.455467,-0.457313,0.049759,-0.586770,0.587660,0.430295,0.311178,-0.509345,-0.036974,0.835526,-2.057045,-2.099775,1.581820,1.112794,0.543854,-0.464134,-0.757606,-0.085619,0.809378,0.000140,0.413463
40.111050,2.289607,-3.213459,-0.100174,-0.765160,1.284678,0.573253,0.592312,0.284607,-0.340851,-0.119612,-0.630515,0.595236,0.420401,0.312545,-0.508267,-0.037903,0.834024,-2.057214,-2.098142,1.581819,1.113623,0.539294,-0.462305,-0.755468,-0.084974,0.811083,0.000321,0.413407
40.112074,2.284036,-3.214236,-0.099610,-0.763557,1.286209,0.573131,0.590644,0.284607,-0.340851,-0.119612,-0.630515,0.595236,0.420401,0.312545,-0.508267,-0.037903,0.834024,-2.057214,-2.098142,1.581819,1.113623,0.539294,-0.462305,-0.755468,-0.084974,0.811083,0.000321,0.413407
40.112971,2.276967,-3.212758,-0.104975,-0.761798,1.290348,0.572604,0.589126,0.162163,-0.298836,-0.242085,-0.652369,0.599515,0.410618,0.313225,-0.507168,-0.038826,0.832530,-2.057390,-2.096531,1.581819,1.114479,0.545479,-0.462338,-0.751602,-0.086617,0.805737,0.000687,0.419669
40.114046,2.278286,-3.210339,-0.109071,-0.760888,1.291506,0.572192,0.588635,0.102435,-0.293621,-0.302639,-0.656787,0.600984,0.404700,0.313336,-0.506625,-0.039290,0.831781,-2.057477,-2.095738,1.581819,1.114901,0.545545,-0.463997,-0.749814,-0.086814,0.805937,0.000942,0.420777
40.114999,2.285962,-3.210468,-0.111929,-0.761158,1.292016,0.573281,0.588464,0.041650,-0.292137,-0.364458,-0.660049,0.602301,0.398370,0.313338,-0.506087,-0.039754,0.831030,-2.057562,-2.094933,1.581815,1.115324,0.541660,-0.463674,-0.747538,-0.085730,0.805566,-0.000275,0.421043
40.116028,2.286014,-3.205957,-0.113751,-0.757754,1.299182,0.574274,0.587468,0.041650,-0.292137,-0.364458,-0.660049,0.602301,0.398370,0.313338,-0.506087,-0.039754,0.831030,-2.057562,-2.094933,1.581815,1.115324,0.541660,-0.463674,-0.747538,-0.085730,0.805566,-0.000275,0.421043
40.116987,2.282214,-3.208705,-0.106947,-0.757218,1.298998,0.574994,0.586743,-0.014088,-0.293402,-0.421205,-0.663431,0.603451,0.392367,0.313290,-0.505539,-0.040229,0.830294,-2.057654,-2.094138,1.581812,1.115748,0.542060,-0.466010,-0.746637,-0.088288,0.799239,-0.001396,0.423111
40.117948,2.277447,-3.213183,-0.102587,-0.754514,1.300525,0.574975,0.584259,-0.061383,-0.297437,-0.469574,-0.666381,0.604294,0.387007,0.313254,-0.504996,-0.040684,0.829537,-2.057742,-2.093349,1.581809,1.116178,0.543949,-0.464495,-0.749224,-0.087932,0.799847,-0.002235,0.424473
40.119072,2.281178,-3.216317,-0.108197,-0.753763,1.305387,0.575481,0.582611,-0.121637,-0.327634,-0.533131,-0.661167,0.603762,0.378024,0.313313,-0.503903,-0.041598,0.828048,-2.057923,-2.091756,1.581801,1.117051,0.545435,-0.461375,-0.748584,-0.089758,0.795423,-0.002972,0.432820
40.120051,2.278654,-3.216579,-0.102538,-0.750990,1.308326,0.575837,0.582057,-0.135041,-0.356700,-0.548824,-0.650321,0.602027,0.374218,0.313388,-0.503353,-0.042064,0.827289,-2.058019,-2.090975,1.581796,1.117492,0.546743,-0.461127,-0.750742,-0.091507,0.793108,-0.003439,0.433811
40.120983,2.284135,-3.219398,-0.096650,-0.749993,1.307430,0.574040,0.581694,-0.134841,-0.394860,-0.551147,-0.634133,0.599234,0.371254,0.313434,-0.502809,-0.042524,0.826539,-2.058109,-2.090174,1.581800,1.117929,0.543733,-0.459390,-0.752682,-0.091542,0.794041,-0.001777,0.434371
40.122035,2.289979,-3.212635,-0.099267,-0.746504,1.312045,0.571303,0.582547,-0.134841,-0.394860,-0.551147,-0.634133,0.599234,0.371254,0.313434,-0.502809,-0.042524,0.826539,-2.058109,-2.090174,1.581800,1.117929,0.543733,-0.459390,-0.752682,-0.091542,0.794041,-0.001777,0.434371
40.123073,2.292893,-3.213260,-0.105645,-0.741873,1.311797,0.570491,0.585414,-0.088109,-0.491454,-0.509323,-0.587950,0.590710,0.369019,0.313273,-0.501734,-0.043454,0.825041,-2.058309,-2.088594,1.581803,1.118773,0.540610,-0.462982,-0.748079,-0.097601,0.791842,0.001443,0.427056
40.123971,2.284678,-3.206722,-0.108451,-0.743849,1.313806,0.570586,0.582722,-0.088109,-0.491454,-0.509323,-0.587950,0.590710,0.369019,0.313273,-0.501734,-0.043454,0.825041,-2.058309,-2.088594,1.581803,1.118773,0.540610,-0.462982,-0.748079,-0.097601,0.791842,0.001443,0.427056
40.125006,2.279092,-3.207792,-0.109006,-0.738264,1.311758,0.569696,0.583134,-0.057834,-0.538102,-0.481440,-0.560166,0.585641,0.368750,0.313108,-0.501180,-0.043928,0.824300,-2.058398,-2.087803,1.581803,1.119213,0.544201,-0.465611,-0.745507,-0.094598,0.789612,0.001206,0.432323
40.125967,2.282982,-3.206396,-0.105523,-0.739479,1.314571,0.569225,0.585344,-0.037556,-0.575208,-0.463750,-0.532459,0.580743,0.368051,0.312970,-0.500630,-0.044388,0.823549,-2.058505,-2.087012,1.581807,1.119644,0.547390,-0.465305,-0.745114,-0.099033,0.792702,0.001933,0.431479
40.126948,2.291687,-3.206693,-0.097442,-0.737237,1.312052,0.569469,0.585568,-0.015247,-0.630224,-0.447143,-0.476992,0.571830,0.365947,0.312737,-0.499557,-0.045320,0.822044,-2.058698,-2.085429,1.581807,1.120488,0.541290,-0.465534,-0.749545,-0.097914,0.793290,0.001867,0.426551
40.128047,2.299054,-3.205693,-0.095927,-0.735805,1.310458,0.570928,0.584973,-0.015247,-0.630224,-0.447143,-0.476992,0.571830,0.365947,0.312737,-0.499557,-0.045320,0.822044,-2.058698,-2.085429,1.581807,1.120488,0.541290,-0.465534,-0.749545,-0.097914,0.793290,0.001867,0.426551
40.129022,2.293138,-3.200471,-0.089628,-0.734737,1.310291,0.571990,0.586781,0.057433,-0.692602,-0.379602,-0.423236,0.563600,0.369007,0.312586,-0.498469,-0.046269,0.820533,-2.058896,-2.083821,1.581804,1.121333,0.541609,-0.468864,-0.753098,-0.098343,0.796775,-0.000940,0.424249
40.129951,2.288728,-3.197726,-0.080908,-0.733051,1.309322,0.571437,0.585220,0.112616,-0.723882,-0.326877,-0.399937,0.560023,0.372713,0.312555,-0.497926,-0.046736,0.819769,-2.058996,-2.083026,1.581805,1.121765,0.543572,-0.469810,-0.756267,-0.098838,0.797788,-0.000514,0.427293
40.131073,2.290089,-3.193444,-0.084253,-0.729210,1.308723,0.570712,0.585224,0.171244,-0.751346,-0.270678,-0.379689,0.556983,0.377116,0.312500,-0.497380,-0.047214,0.819021,-2.059103,-2.082218,1.581806,1.122201,0.543918,-0.472500,-0.755210,-0.101585,0.799972,0.000046,0.427427
40.132041,2.298710,-3.191599,-0.081708,-0.727929,1.309571,0.569814,0.585637,0.230423,-0.775358,-0.213748,-0.361359,0.554390,0.381820,0.312373,-0.496855,-0.047686,0.818262,-2.059207,-2.081413,1.581807,1.122623,0.539809,-0.473140,-0.755691,-0.101595,0.799370,0.000801,0.426554
40.133041,2.300463,-3.188816,-0.075632,-0.725648,1.309851,0.570214,0.586385,0.230423,-0.775358,-0.213748,-0.361359,0.554390,0.381820,0.312373,-0.496855,-0.047686,0.818262,-2.059207,-2.081413,1.581807,1.122623,0.539809,-0.473140,-0.755691,-0.101595,0.799370,0.000801,0.426554
40.134010,2.306359,-3.193151,-0.068454,-0.724471,1.308270,0.570457,0.587053,0.293179,-0.798257,-0.152910,-0.344731,0.552156,0.386969,0.312144,-0.496314,-0.048163,0.817494,-2.059313,-2.080615,1.581809,1.123047,0.539248,-0.474400,-0.758115,-0.102634,0.799723,0.000229,0.425059
40.134962,2.317419,-3.194849,-0.066716,-0.720678,1.309204,0.569800,0.586794,0.451570,-0.861422,0.002503,-0.311763,0.547868,0.399474,0.311356,-0.495262,-0.049101,0.815970,-2.059528,-2.079015,1.581809,1.123890,0.531090,-0.470830,-0.760739,-0.104962,0.800863,0.000375,0.424161
40.136108,2.315624,-3.198554,-0.061576,-0.720941,1.310679,0.571117,0.586486,0.451570,-0.861422,0.002503,-0.311763,0.547868,0.399474,0.311356,-0.495262,-0.049101,0.815970,-2.059528,-2.079015,1.581809,1.123890,0.531090,-0.470830,-0.760739,-0.104962,0.800863,0.000375,0.424161
40.137053,2.316221,-3.203695,-0.056998,-0.719287,1.312415,0.570652,0.586227,0.553268,-0.911664,0.102872,-0.291450,0.545258,0.406715,0.310849,-0.494722,-0.049568,0.815194,-2.059629,-2.078209,1.581804,1.124318,0.533329,-0.469778,-0.763872,-0.103723,0.801201,-0.001095,0.425027
40.138014,2.321483,-3.199625,-0.054376,-0.714978,1.315612,0.571069,0.587361,0.664632,-0.973344,0.212842,-0.269309,0.542365,0.414117,0.310321,-0.494195,-0.050033,0.814430,-2.059734,-2.077406,1.581805,1.124743,0.533078,-0.466898,-0.765076,-0.104093,0.799539,-0.000753,0.425450
40.139087,2.320378,-3.204629,-0.056742,-0.714777,1.316935,0.571190,0.589098,0.895288,-1.119462,0.440720,-0.221927,0.535970,0.428038,0.309224,-0.493130,-0.050963,0.812900,-2.059951,-2.075825,1.581799,1.125579,0.532001,-0.466641,-0.764278,-0.106024,0.796715,-0.001554,0.419795
40.140084,2.320325,-3.200801,-0.057241,-0.713352,1.318087,0.571088,0.589973,0.895288,-1.119462,0.440720,-0.221927,0.535970,0.428038,0.309224,-0.493130,-0.050963,0.812900,-2.059951,-2.075825,1.581799,1.125579,0.532001,-0.466641,-0.764278,-0.106024,0.796715,-0.001554,0.419795
40.140979,2.315788,-3.200435,-0.056626,-0.711722,1.322244,0.569901,0.591162,1.001357,-1.193694,0.545550,-0.199601,0.532809,0.433921,0.308672,-0.492603,-0.051430,0.812136,-2.060060,-2.075034,1.581796,1.125991,0.532436,-0.468554,-0.763414,-0.106131,0.796229,-0.001578,0.418114
40.142020,2.310107,-3.206719,-0.058736,-0.711241,1.323226,0.569510,0.591288,1.091595,-1.260419,0.634609,-0.181409,0.530057,0.438679,0.308160,-0.492064,-0.051901,0.811367,-2.060165,-2.074249,1.581798,1.126402,0.534311,-0.468065,-0.762175,-0.106403,0.791880,-0.000523,0.415612
40.143042,2.305294,-3.204566,-0.059409,-0.709789,1.326737,0.568367,0.591726,1.161440,-1.317698,0.703139,-0.167373,0.527824,0.441952,0.307707,-0.491517,-0.052364,0.810613,-2.060270,-2.073455,1.581798,1.126814,0.537642,-0.465160,-0.760996,-0.105718,0.791957,-0.000291,0.415509
40.143946,2.309731,-3.201860,-0.051195,-0.708482,1.327945,0.567662,0.591885,1.235392,-1.403957,0.773832,-0.149346,0.525176,0.443512,0.307076,-0.490442,-0.053300,0.809091,-2.060480,-2.071880,1.581804,1.127649,0.537900,-0.467156,-0.763064,-0.105937,0.788035,0.001245,0.414254
40.145053,2.317670,-3.206211,-0.054774,-0.709173,1.327745,0.566311,0.591317,1.254611,-1.434344,0.791693,-0.146187,0.524865,0.443372,0.306918,-0.489915,-0.053754,0.808329,-2.060580,-2.071097,1.581808,1.128062,0.535101,-0.465694,-0.761592,-0.104278,0.789956,0.002424,0.415645
40.145956,2.317058,-3.213981,-0.057880,-0.710294,1.327710,0.565950,0.591767,1.271950,-1.461785,0.807983,-0.145935,0.525241,0.443296,0.306832,-0.489378,-0.054208,0.807571,-2.060678,-2.070305,1.581809,1.128476,0.535096,-0.461374,-0.758682,-0.101960,0.789812,0.002634,0.414607
40.146977,2.308399,-3.211503,-0.053260,-0.706694,1.331587,0.566702,0.591348,1.284491,-1.488307,0.819443,-0.146814,0.526429,0.442777,0.306774,-0.488824,-0.054676,0.806814,-2.060784,-2.069516,1.581810,1.128887,0.539741,-0.462758,-0.760713,-0.104376,0.786795,0.001722,0.415560
40.148109,2.302189,-3.211032,-0.063483,-0.707401,1.326338,0.566146,0.590109,1.283691,-1.509163,0.817357,-0.148629,0.528675,0.441179,0.306721,-0.488278,-0.055141,0.806064,-2.060883,-2.068719,1.581811,1.129311,0.543947,-0.463737,-0.756263,-0.102741,0.793917,0.002119,0.418291
40.149007,2.307104,-3.206906,-0.070110,-0.705616,1.324078,0.566510,0.589667,1.283691,-1.509163,0.817357,-0.148629,0.528675,0.441179,0.306721,-0.488278,-0.055141,0.806064,-2.060883,-2.068719,1.581811,1.129311,0.543947,-0.463737,-0.756263,-0.102741,0.793917,0.002119,0.418291
40.150047,2.310270,-3.196222,-0.078974,-0.704005,1.322883,0.566545,0.588779,1.217715,-1.509682,0.749054,-0.161417,0.537127,0.433836,0.306637,-0.487206,-0.056090,0.804588,-2.061092,-2.067104,1.581817,1.130161,0.540103,-0.470625,-0.747421,-0.103647,0.797836,0.001398,0.420847
40.150999,2.304153,-3.190390,-0.075748,-0.704289,1.316841,0.566457,0.588316,1.217715,-1.509682,0.749054,-0.161417,0.537127,0.433836,0.306637,-0.487206,-0.056090,0.804588,-2.061092,-2.067104,1.581817,1.130161,0.540103,-0.470625,-0.747421,-0.103647,0.797836,0.001398,0.420847
40.152003,2.304320,-3.184572,-0.082617,-0.703331,1.313310,0.565803,0.588051,1.154634,-1.481116,0.685365,-0.176529,0.543392,0.428942,0.306612,-0.486657,-0.056570,0.803835,-2.061192,-2.066297,1.581819,1.130585,0.543051,-0.473073,-0.748228,-0.102192,0.804047,0.001338,0.421694
40.153058,2.309077,-3.179641,-0.096987,-0.700655,1.314902,0.565986,0.585753,1.075154,-1.431449,0.605655,-0.199346,0.550792,0.423752,0.306638,-0.486110,-0.057056,0.803103,-2.061294,-2.065478,1.581820,1.131008,0.543172,-0.475757,-0.744582,-0.102017,0.808001,0.001845,0.422241
40.153977,2.302797,-3.172845,-0.101764,-0.698535,1.306670,0.567376,0.584267,0.980621,-1.363732,0.511218,-0.228219,0.558899,0.418150,0.306747,-0.485575,-0.057539,0.802375,-2.061399,-2.064672,1.581820,1.131445,0.541493,-0.478323,-0.737668,-0.103544,0.807371,0.001501,0.426928
40.154966,2.296943,-3.166361,-0.099209,-0.700209,1.305296,0.567158,0.583565,0.870077,-1.281135,0.401011,-0.260340,0.567246,0.411758,0.306942,-0.485023,-0.058030,0.801642,-2.061507,-2.063843,1.581816,1.131881,0.544277,-0.480965,-0.734412,-0.104259,0.815298,-0.000009,0.429700
40.156085,2.299646,-3.164339,-0.103035,-0.697107,1.304992,0.566844,0.582540,0.745082,-1.185620,0.276552,-0.295200,0.575555,0.404619,0.307216,-0.484473,-0.058525,0.800914,-2.061604,-2.063012,1.581814,1.132314,0.547290,-0.483785,-0.735487,-0.101494,0.816804,0.000093,0.431045
40.157044,2.308252,-3.158666,-0.112531,-0.693458,1.299994,0.566779,0.582163,0.481885,-0.974349,0.015519,-0.371058,0.591135,0.390200,0.307855,-0.483382,-0.059507,0.799475,-2.061822,-2.061359,1.581816,1.133191,0.542535,-0.487457,-0.729321,-0.105774,0.823474,0.000162,0.433879
40.158073,2.311349,-3.151195,-0.119470,-0.691109,1.297773,0.567414,0.581945,0.357231,-0.871518,-0.107483,-0.405350,0.597499,0.383456,0.308063,-0.482846,-0.060006,0.798758,-2.061933,-2.060532,1.581813,1.133622,0.541554,-0.490969,-0.726095,-0.106773,0.826259,-0.000612,0.434342
40.159016,2.296042,-3.144532,-0.116911,-0.691232,1.300265,0.568023,0.581843,0.236770,-0.770297,-0.226255,-0.437523,0.602877,0.377029,0.308155,-0.482279,-0.060508,0.798026,-2.062038,-2.059706,1.581810,1.134058,0.548858,-0.493533,-0.726723,-0.105327,0.823558,-0.001338,0.434407
40.160006,2.293924,-3.139105,-0.118251,-0.689763,1.297244,0.569521,0.580775,0.116644,-0.667409,-0.344934,-0.470409,0.607591,0.370803,0.308171,-0.481723,-0.061012,0.797310,-2.062143,-2.058868,1.581806,1.134497,0.549891,-0.495729,-0.725947,-0.105582,0.826775,-0.002968,0.436497
40.160961,2.295847,-3.134080,-0.124789,-0.688944,1.300590,0.568279,0.578694,0.116644,-0.667409,-0.344934,-0.470409,0.607591,0.370803,0.308171,-0.481723,-0.061012,0.797310,-2.062143,-2.058868,1.581806,1.134497,0.549891,-0.495729,-0.725947,-0.105582,0.826775,-0.002968,0.436497
40.162073,2.308398,-3.131424,-0.126145,-0.686884,1.305959,0.568020,0.579197,-0.112576,-0.464382,-0.571416,-0.538613,0.615049,0.359654,0.308190,-0.480643,-0.062014,0.795876,-2.062357,-2.057235,1.581810,1.135389,0.543614,-0.499080,-0.722535,-0.106025,0.819435,-0.001771,0.439579
40.163028,2.307661,-3.128428,-0.118744,-0.684785,1.307208,0.567564,0.577794,-0.112576,-0.464382,-0.571416,-0.538613,0.615049,0.359654,0.308190,-0.480643,-0.062014,0.795876,-2.062357,-2.057235,1.581810,1.135389,0.543614,-0.499080,-0.722535,-0.106025,0.819435,-0.001771,0.439579
40.163945,2.303433,-3.125666,-0.119436,-0.682793,1.307660,0.567782,0.575590,-0.269485,-0.301852,-0.724737,-0.598708,0.618802,0.353757,0.308287,-0.479551,-0.063015,0.794416,-2.062575,-2.055600,1.581805,1.136288,0.545725,-0.500393,-0.724418,-0.107305,0.817516,-0.001776,0.446442
40.165015,2.306683,-3.123267,-0.122644,-0.679804,1.317415,0.567922,0.573128,-0.269485,-0.301852,-0.724737,-0.598708,0.618802,0.353757,0.308287,-0.479551,-0.063015,0.794416,-2.062575,-2.055600,1.581805,1.136288,0.545725,-0.500393,-0.724418,-0.107305,0.817516,-0.001776,0.446442
40.166060,2.309530,-3.126083,-0.124798,-0.677427,1.315098,0.569830,0.574439,-0.316810,-0.242388,-0.770316,-0.621551,0.619161,0.352559,0.308396,-0.479004,-0.063522,0.793703,-2.062686,-2.054806,1.581804,1.136752,0.544744,-0.501491,-0.723433,-0.109027,0.808935,-0.002064,0.451340
40.166939,2.303913,-3.122143,-0.118445,-0.675501,1.316929,0.570242,0.575114,-0.348350,-0.197759,-0.800409,-0.637959,0.618604,0.351903,0.308508,-0.478466,-0.064015,0.792979,-2.062799,-2.054003,1.581798,1.137195,0.543935,-0.499983,-0.722637,-0.110040,0.812335,-0.004103,0.448651
40.168089,2.316293,-3.125402,-0.115977,-0.673344,1.322297,0.570322,0.574188,-0.364578,-0.169097,-0.815619,-0.646986,0.617113,0.351691,0.308553,-0.477913,-0.064519,0.792245,-2.062909,-2.053196,1.581793,1.137642,0.546093,-0.500842,-0.724588,-0.110458,0.809942,-0.004599,0.447025
40.169018,2.327573,-3.128109,-0.118925,-0.671692,1.320862,0.568909,0.574362,-0.362863,-0.156828,-0.813252,-0.649098,0.614755,0.352251,0.308514,-0.477387,-0.065023,0.791518,-2.063021,-2.052388,1.581789,1.138091,0.541299,-0.499574,-0.726962,-0.111423,0.806372,-0.004817,0.449079
40.169965,2.324470,-3.119136,-0.117280,-0.670188,1.319428,0.568257,0.575223,-0.336585,-0.163995,-0.786476,-0.644058,0.611512,0.354162,0.308410,-0.476860,-0.065511,0.790791,-2.063133,-2.051589,1.581789,1.138540,0.535611,-0.497542,-0.724697,-0.111592,0.807855,-0.003522,0.448494
40.171024,2.321293,-3.126433,-0.113145,-0.670866,1.324823,0.566801,0.576182,-0.286950,-0.188457,-0.736397,-0.633097,0.607545,0.357477,0.308240,-0.476316,-0.066019,0.790071,-2.063245,-2.050776,1.581787,1.138975,0.537123,-0.501282,-0.725023,-0.111639,0.809308,-0.003005,0.446632
40.172065,2.316574,-3.124775,-0.110819,-0.669412,1.323618,0.565859,0.577387,-0.223535,-0.221872,-0.672697,-0.620106,0.603358,0.361747,0.308023,-0.475778,-0.066506,0.789333,-2.063353,-2.049984,1.581786,1.139422,0.539423,-0.497631,-0.727346,-0.109714,0.805035,-0.001689,0.444732
40.173044,2.325881,-3.120924,-0.116050,-0.667425,1.323339,0.565596,0.577368,-0.153872,-0.260186,-0.603068,-0.607223,0.599304,0.366437,0.307814,-0.475230,-0.067006,0.788595,-2.063464,-2.049174,1.581788,1.139864,0.542260,-0.498313,-0.728574,-0.109875,0.807163,-0.000913,0.442324
40.174046,2.333786,-3.127637,-0.111938,-0.665784,1.326935,0.564061,0.579346,-0.082506,-0.300720,-0.531914,-0.595088,0.595483,0.371245,0.307669,-0.474699,-0.067513,0.787883,-2.063576,-2.048359,1.581788,1.140303,0.537786,-0.499636,-0.725769,-0.110441,0.807692,-0.000798,0.442299
40.175002,2.325034,-3.127716,-0.102940,-0.662672,1.326522,0.565609,0.582004,-0.007689,-0.343981,-0.457309,-0.583072,0.591782,0.376329,0.307566,-0.474176,-0.067999,0.787148,-2.063689,-2.047552,1.581791,1.140735,0.534341,-0.495996,-0.727643,-0.110665,0.804603,0.000586,0.438283
40.175968,2.329356,-3.132753,-0.095754,-0.659381,1.325142,0.565499,0.582213,0.075273,-0.395078,-0.374780,-0.568705,0.587917,0.381814,0.307416,-0.473630,-0.068495,0.786415,-2.063804,-2.046756,1.581789,1.141161,0.538710,-0.495369,-0.731579,-0.112275,0.805317,-0.001117,0.432880
40.177110,2.334567,-3.131587,-0.100453,-0.658158,1.330217,0.564695,0.583107,0.167412,-0.457201,-0.283610,-0.549510,0.583616,0.387557,0.307167,-0.473102,-0.068978,0.785673,-2.063921,-2.045957,1.581788,1.141589,0.536685,-0.492428,-0.734547,-0.114027,0.807021,-0.001125,0.432445
40.178011,2.326042,-3.125820,-0.095112,-0.654668,1.330925,0.563672,0.584399,0.267659,-0.529856,-0.184873,-0.525187,0.578834,0.393494,0.306847,-0.472568,-0.069477,0.784936,-2.064037,-2.045157,1.581789,1.142020,0.535410,-0.493445,-0.733104,-0.113917,0.803714,-0.000488,0.430869
40.178944,2.325781,-3.120652,-0.088044,-0.651472,1.331082,0.561755,0.586507,0.368915,-0.605835,-0.085514,-0.498888,0.573942,0.399396,0.306491,-0.472022,-0.069982,0.784203,-2.064156,-2.044353,1.581791,1.142441,0.539270,-0.495305,-0.734739,-0.115739,0.802738,0.000397,0.428127
40.180013,2.332564,-3.115639,-0.087398,-0.650798,1.335292,0.559674,0.588022,0.463156,-0.676824,0.006581,-0.473678,0.569342,0.404978,0.306108,-0.471485,-0.070480,0.783453,-2.064277,-2.043554,1.581795,1.142862,0.539224,-0.497126,-0.737290,-0.117250,0.802623,0.002165,0.423801
40.181213,2.338239,-3.114975,-0.097857,-0.645324,1.336539,0.560533,0.585472,0.550277,-0.739150,0.091657,-0.451678,0.565326,0.410493,0.305734,-0.470951,-0.070987,0.782719,-2.064393,-2.042752,1.581804,1.143277,0.536633,-0.499535,-0.737956,-0.116491,0.799564,0.004041,0.420948
40.182065,2.335992,-3.113281,-0.096841,-0.644596,1.333700,0.559817,0.586409,0.630538,-0.791694,0.170263,-0.433648,0.562103,0.416030,0.305456,-0.470424,-0.071488,0.781988,-2.064523,-2.041944,1.581801,1.143715,0.535607,-0.500541,-0.734209,-0.120454,0.800596,0.002997,0.426428
40.183053,2.326600,-3.110351,-0.081462,-0.639442,1.336978,0.560297,0.588471,0.699888,-0.835767,0.238057,-0.417525,0.559670,0.420963,0.305300,-0.469881,-0.071988,0.781249,-2.064641,-2.041139,1.581807,1.144131,0.535999,-0.500137,-0.733192,-0.119402,0.802721,0.003568,0.424266
40.183980,2.324743,-3.112015,-0.077044,-0.638095,1.336010,0.561917,0.588498,0.757858,-0.874239,0.294092,-0.401451,0.557950,0.424959,0.305195,-0.469326,-0.072492,0.780498,-2.064770,-2.040338,1.581808,1.144542,0.540758,-0.501084,-0.740436,-0.122780,0.799881,0.002924,0.420165
40.185026,2.340288,-3.113083,-0.077371,-0.636134,1.336324,0.561276,0.588661,0.809147,-0.911065,0.342971,-0.384134,0.556781,0.428234,0.305086,-0.468791,-0.072986,0.779753,-2.064892,-2.039532,1.581807,1.144963,0.541501,-0.499477,-0.741590,-0.122373,0.800794,0.001168,0.420046
40.186048,2.337765,-3.110188,-0.072589,-0.631083,1.335508,0.561786,0.590637,0.860587,-0.951317,0.391850,-0.364559,0.555925,0.431216,0.304964,-0.468264,-0.073487,0.779007,-2.065017,-2.038736,1.581808,1.145386,0.534408,-0.498784,-0.741439,-0.122709,0.801523,0.001676,0.419810
40.186961,2.324753,-3.102981,-0.067149,-0.629197,1.339204,0.562245,0.590760,0.918096,-0.998448,0.446956,-0.341893,0.555078,0.434317,0.304815,-0.467718,-0.073995,0.778268,-2.065150,-2.037927,1.581808,1.145788,0.536119,-0.499867,-0.743754,-0.125918,0.803037,0.001007,0.415958
40.187964,2.328208,-3.102564,-0.069749,-0.629733,1.336658,0.562998,0.590990,0.977082,-1.048293,0.503690,-0.316981,0.554142,0.437292,0.304634,-0.467173,-0.074496,0.777520,-2.065278,-2.037146,1.581808,1.146205,0.542298,-0.502569,-0.745322,-0.125866,0.799330,0.000412,0.415635
40.188998,2.327106,-3.103573,-0.078093,-0.626387,1.340362,0.562905,0.591768,1.027597,-1.092388,0.552132,-0.293834,0.553375,0.439666,0.304453,-0.466628,-0.074999,0.776786,-2.065401,-2.036332,1.581806,1.146620,0.540747,-0.502320,-0.743789,-0.123664,0.802434,-0.000476,0.415222
40.190108,2.323363,-3.108525,-0.085313,-0.623613,1.345275,0.562675,0.592711,1.064812,-1.128316,0.587482,-0.274281,0.552813,0.441128,0.304323,-0.466087,-0.075494,0.776052,-2.065528,-2.035550,1.581803,1.147029,0.541825,-0.501653,-0.739665,-0.125347,0.799749,-0.000506,0.413787
40.191072,2.321025,-3.110950,-0.076084,-0.621675,1.347967,0.561802,0.591539,1.084493,-1.159044,0.605166,-0.255591,0.552145,0.440989,0.304259,-0.465538,-0.075990,0.775312,-2.065657,-2.034760,1.581803,1.147439,0.544641,-0.499404,-0.736704,-0.126473,0.796471,-0.000431,0.412152
40.192001,2.327687,-3.116088,-0.068523,-0.621467,1.349308,0.561111,0.593414,1.087537,-1.189271,0.605756,-0.234839,0.551076,0.438986,0.304240,-0.464982,-0.076489,0.774568,-2.065785,-2.033962,1.581805,1.147849,0.545645,-0.497596,-0.740726,-0.126569,0.794098,0.000297,0.414538
40.193041,2.332280,-3.110857,-0.077691,-0.618194,1.353116,0.561948,0.591068,1.087172,-1.225515,0.602706,-0.211370,0.549459,0.436152,0.304238,-0.464449,-0.076973,0.773815,-2.065908,-2.033178,1.581805,1.148256,0.542158,-0.494396,-0.743430,-0.125001,0.792914,0.000852,0.410681
40.194012,2.334806,-3.112794,-0.074869,-0.615742,1.354512,0.562415,0.589630,1.093580,-1.269609,0.606712,-0.186546,0.547448,0.433533,0.304232,-0.463912,-0.077473,0.773092,-2.066036,-2.032391,1.581803,1.148684,0.540468,-0.496877,-0.739035,-0.126599,0.790170,-0.000142,0.415521
40.194983,2.316569,-3.106949,-0.078834,-0.614557,1.353448,0.562198,0.590279,1.113839,-1.361100,0.623289,-0.139954,0.543938,0.428872,0.304158,-0.462808,-0.078462,0.771615,-2.066294,-2.030807,1.581802,1.149520,0.548319,-0.497806,-0.737412,-0.126546,0.790744,-0.000655,0.417006
40.196045,2.311738,-3.102431,-0.082291,-0.611009,1.353468,0.562715,0.591044,1.113839,-1.361100,0.623289,-0.139954,0.543938,0.428872,0.304158,-0.462808,-0.078462,0.771615,-2.066294,-2.030807,1.581802,1.149520,0.548319,-0.497806,-0.737412,-0.126546,0.790744,-0.000655,0.417006
40.197080,2.322647,-3.097781,-0.093134,-0.610161,1.349416,0.562503,0.589567,1.105655,-1.392391,0.613308,-0.122730,0.543606,0.425440,0.304090,-0.462252,-0.078969,0.770888,-2.066427,-2.030013,1.581801,1.149929,0.551190,-0.499915,-0.736096,-0.128298,0.791914,-0.001328,0.415651
40.197966,2.322773,-3.097004,-0.089494,-0.610426,1.345762,0.561439,0.589628,1.076232,-1.405720,0.582240,-0.111891,0.544804,0.420850,0.304059,-0.461717,-0.079469,0.770165,-2.066553,-2.029215,1.581803,1.150354,0.546237,-0.502017,-0.730825,-0.127440,0.796915,-0.001267,0.418713
40.199057,2.317465,-3.101998,-0.093752,-0.609925,1.344245,0.561421,0.587222,1.034083,-1.403494,0.538928,-0.107819,0.547571,0.415910,0.304109,-0.461169,-0.079970,0.769428,-2.066674,-2.028406,1.581802,1.150776,0.545639,-0.501327,-0.731471,-0.125409,0.800086,-0.000320,0.418382
40.200035,2.318835,-3.106369,-0.095849,-0.608464,1.340969,0.561066,0.586716,0.986723,-1.391410,0.490765,-0.109646,0.551754,0.411057,0.304241,-0.460621,-0.080467,0.768705,-2.066796,-2.027594,1.581801,1.151208,0.549140,-0.498945,-0.730005,-0.124410,0.802865,-0.000461,0.423379
40.201002,2.320567,-3.105925,-0.102677,-0.608284,1.334460,0.561024,0.586296,0.936539,-1.376358,0.439697,-0.114171,0.556925,0.406027,0.304415,-0.460070,-0.080954,0.767975,-2.066920,-2.026785,1.581800,1.151636,0.548422,-0.496367,-0.728594,-0.124152,0.806468,-0.000238,0.424307
40.201991,2.313321,-3.109180,-0.104432,-0.605883,1.334216,0.561268,0.586228,0.885211,-1.362923,0.387204,-0.118767,0.562538,0.400670,0.304574,-0.459520,-0.081454,0.767264,-2.067038,-2.025958,1.581800,1.152064,0.547493,-0.496014,-0.724919,-0.122742,0.813055,-0.000338,0.425081
40.203001,2.313918,-3.097700,-0.105321,-0.603841,1.328598,0.560427,0.585545,0.832159,-1.351702,0.332680,-0.122600,0.568134,0.394906,0.304685,-0.458969,-0.081941,0.766540,-2.067161,-2.025151,1.581799,1.152488,0.551246,-0.494055,-0.723866,-0.123505,0.813680,-0.000723,0.425202
40.203951,2.316061,-3.089441,-0.110578,-0.602349,1.329734,0.559904,0.584189,0.713589,-1.317872,0.211011,-0.133634,0.578195,0.382771,0.304760,-0.457860,-0.082967,0.765107,-2.067407,-2.023494,1.581804,1.153346,0.549781,-0.502613,-0.720398,-0.123683,0.818429,0.000337,0.429216
40.205091,2.324393,-3.078624,-0.117545,-0.599935,1.331747,0.559601,0.582151,0.713589,-1.317872,0.211011,-0.133634,0.578195,0.382771,0.304760,-0.457860,-0.082967,0.765107,-2.067407,-2.023494,1.581804,1.153346,0.549781,-0.502613,-0.720398,-0.123683,0.818429,0.000337,0.429216
40.206025,2.321501,-3.062841,-0.119124,-0.597343,1.330880,0.559742,0.581858,0.648905,-1.281314,0.145752,-0.147864,0.582635,0.377582,0.304781,-0.457327,-0.083485,0.764394,-2.067533,-2.022680,1.581802,1.153792,0.546906,-0.508203,-0.718136,-0.124560,0.818081,0.000480,0.433467
40.207055,2.315248,-3.062747,-0.117513,-0.595242,1.332074,0.558915,0.580343,0.581434,-1.224918,0.078776,-0.171265,0.586819,0.373566,0.304830,-0.456770,-0.084015,0.763684,-2.067659,-2.021854,1.581799,1.154231,0.548043,-0.514967,-0.716865,-0.125320,0.818729,0.000219,0.433854
40.207961,2.313112,-3.056405,-0.120788,-0.592302,1.332963,0.560105,0.580415,0.510485,-1.148469,0.009121,-0.203413,0.590775,0.370617,0.304910,-0.456216,-0.084527,0.762962,-2.067788,-2.021043,1.581804,1.154672,0.551503,-0.514550,-0.717858,-0.125662,0.818271,0.000880,0.436900
40.208986,2.321978,-3.058703,-0.126474,-0.589944,1.330787,0.559661,0.579985,0.362852,-0.968980,-0.135306,-0.276055,0.597310,0.365929,0.305101,-0.455116,-0.085568,0.761545,-2.068042,-2.019390,1.581802,1.155555,0.547941,-0.514853,-0.712913,-0.127388,0.819667,-0.000136,0.437355
40.210100,2.324764,-3.055682,-0.128473,-0.587684,1.331174,0.559525,0.576999,0.362852,-0.968980,-0.135306,-0.276055,0.597310,0.365929,0.305101,-0.455116,-0.085568,0.761545,-2.068042,-2.019390,1.581802,1.155555,0.547941,-0.514853,-0.712913,-0.127388,0.819667,-0.000136,0.437355
40.211023,2.321918,-3.050463,-0.126960,-0.582553,1.332953,0.559364,0.575834,0.296567,-0.885753,-0.200022,-0.307315,0.599449,0.363953,0.305180,-0.454572,-0.086087,0.760830,-2.068171,-2.018572,1.581799,1.156006,0.547588,-0.516386,-0.712910,-0.127981,0.820660,-0.000151,0.443476
40.211972,2.320681,-3.039508,-0.128890,-0.580136,1.334000,0.560332,0.575108,0.193902,-0.750711,-0.299974,-0.351237,0.601215,0.361115,0.305260,-0.453476,-0.087139,0.759415,-2.068441,-2.016934,1.581798,1.156905,0.549147,-0.522335,-0.711775,-0.131477,0.817540,-0.001232,0.446804
40.213036,2.318912,-3.030945,-0.131544,-0.576995,1.334895,0.560755,0.574838,0.193902,-0.750711,-0.299974,-0.351237,0.601215,0.361115,0.305260,-0.453476,-0.087139,0.759415,-2.068441,-2.016934,1.581798,1.156905,0.549147,-0.522335,-0.711775,-0.131477,0.817540,-0.001232,0.446804
40.214062,2.309124,-3.026059,-0.133169,-0.576023,1.338571,0.561052,0.574211,0.150631,-0.689343,-0.342028,-0.368115,0.601361,0.360182,0.305275,-0.452919,-0.087676,0.758700,-2.068576,-2.016123,1.581797,1.157358,0.550556,-0.526120,-0.711000,-0.132761,0.817694,-0.001798,0.447340
40.214988,2.310327,-3.028932,-0.133175,-0.572635,1.338053,0.561262,0.573097,0.105914,-0.624452,-0.385594,-0.385838,0.601449,0.359377,0.305302,-0.452348,-0.088214,0.757998,-2.068707,-2.015312,1.581795,1.157806,0.555585,-0.527819,-0.710578,-0.131911,0.814701,-0.002228,0.448559
40.215957,2.317290,-3.026021,-0.128975,-0.570594,1.340971,0.558744,0.573053,0.058316,-0.558921,-0.432309,-0.403539,0.601420,0.358340,0.305333,-0.451798,-0.088731,0.757285,-2.068841,-2.014507,1.581792,1.158260,0.554585,-0.525309,-0.709965,-0.133294,0.815170,-0.002551,0.450556
40.216974,2.321124,-3.025872,-0.128466,-0.567435,1.343729,0.558359,0.574107,-0.010201,-0.462965,-0.499670,-0.425068,0.599381,0.356947,0.305265,-0.450710,-0.089789,0.755859,-2.069111,-2.012886,1.581794,1.159166,0.549562,-0.525248,-0.712251,-0.134590,0.810335,0.000056,0.448261
40.218030,2.321628,-3.034751,-0.130704,-0.566106,1.343574,0.557631,0.573133,-0.017283,-0.443818,-0.506286,-0.425180,0.596927,0.357356,0.305140,-0.450158,-0.090297,0.755148,-2.069245,-2.012081,1.581794,1.159617,0.549847,-0.520576,-0.711654,-0.134053,0.811557,0.000635,0.450244
40.219077,2.317863,-3.032417,-0.128626,-0.565422,1.347069,0.558196,0.575741,-0.008661,-0.445866,-0.497667,-0.417632,0.593565,0.358074,0.304948,-0.449596,-0.090822,0.754439,-2.069376,-2.011269,1.581796,1.160053,0.552089,-0.521341,-0.713192,-0.132944,0.808904,-0.000104,0.444998
40.220024,2.311091,-3.028483,-0.129259,-0.562651,1.351542,0.558132,0.576683,0.008032,-0.461475,-0.481464,-0.406287,0.589791,0.358810,0.304679,-0.449040,-0.091340,0.753728,-2.069513,-2.010467,1.581795,1.160491,0.555219,-0.522382,-0.712435,-0.133694,0.804530,-0.000167,0.443006
40.220973,2.313943,-3.028979,-0.129669,-0.559236,1.347628,0.558320,0.576301,0.026477,-0.483952,-0.463841,-0.393351,0.585957,0.359338,0.304354,-0.448488,-0.091861,0.753012,-2.069652,-2.009657,1.581795,1.160934,0.553540,-0.521172,-0.711785,-0.135008,0.808597,-0.000491,0.443645
40.222060,2.327628,-3.025707,-0.132055,-0.556156,1.351194,0.558709,0.576667,0.026477,-0.483952,-0.463841,-0.393351,0.585957,0.359338,0.304354,-0.448488,-0.091861,0.753012,-2.069652,-2.009657,1.581795,1.160934,0.553540,-0.521172,-0.711785,-0.135008,0.808597,-0.000491,0.443645
40.223076,2.326185,-3.022809,-0.126303,-0.553179,1.353182,0.558260,0.578377,0.049558,-0.513618,-0.441703,-0.377874,0.582041,0.359939,0.303988,-0.447947,-0.092388,0.752305,-2.069790,-2.008850,1.581794,1.161370,0.547519,-0.522577,-0.711440,-0.136184,0.806243,-0.001033,0.443011
40.223960,2.327043,-3.025123,-0.124059,-0.551660,1.348828,0.557575,0.580582,0.083698,-0.550227,-0.408377,-0.360324,0.578127,0.361328,0.303595,-0.447400,-0.092908,0.751580,-2.069930,-2.008054,1.581793,1.161804,0.548624,-0.523462,-0.714376,-0.137102,0.805043,-0.000722,0.439558
40.224955,2.330182,-3.023803,-0.125596,-0.550202,1.348740,0.558708,0.581036,0.130019,-0.592500,-0.362767,-0.341645,0.574387,0.363668,0.303188,-0.446854,-0.093426,0.750872,-2.070066,-2.007239,1.581797,1.162234,0.547609,-0.520997,-0.714556,-0.136508,0.808907,-0.000185,0.434925
40.225989,2.326193,-3.028489,-0.126050,-0.549659,1.348814,0.558427,0.581462,0.186054,-0.640220,-0.307513,-0.322125,0.570939,0.366644,0.302780,-0.446314,-0.093940,0.750158,-2.070202,-2.006433,1.581793,1.162662,0.546285,-0.521063,-0.713746,-0.135993,0.809457,-0.001453,0.434036
40.227017,2.315727,-3.029316,-0.120223,-0.549454,1.343002,0.557369,0.582405,0.307831,-0.744981,-0.188295,-0.284385,0.565584,0.372740,0.302071,-0.445190,-0.094979,0.748725,-2.070463,-2.004786,1.581791,1.163527,0.554043,-0.517356,-0.716971,-0.133145,0.816517,-0.000380,0.431347
40.228123,2.324783,-3.022252,-0.121903,-0.544918,1.345662,0.557388,0.583065,0.364726,-0.796266,-0.133278,-0.268100,0.563806,0.375253,0.301764,-0.444651,-0.095500,0.748008,-2.070603,-2.003981,1.581791,1.163953,0.550437,-0.520860,-0.716988,-0.135796,0.815241,-0.000570,0.430214
40.228953,2.332407,-3.019240,-0.120267,-0.541451,1.344444,0.556949,0.585800,0.364726,-0.796266,-0.133278,-0.268100,0.563806,0.375253,0.301764,-0.444651,-0.095500,0.748008,-2.070603,-2.003981,1.581791,1.163953,0.550437,-0.520860,-0.716988,-0.135796,0.815241,-0.000570,0.430214
40.230031,2.336699,-3.020109,-0.123646,-0.540732,1.342427,0.557104,0.586669,0.421726,-0.843671,-0.077969,-0.253666,0.562447,0.377969,0.301463,-0.444109,-0.096023,0.747288,-2.070739,-2.003159,1.581790,1.164369,0.545733,-0.520688,-0.716270,-0.137041,0.815389,-0.000241,0.424453
40.231059,2.334236,-3.014292,-0.118979,-0.536888,1.343554,0.557814,0.586802,0.483005,-0.888953,-0.018034,-0.239926,0.561285,0.381259,0.301160,-0.443572,-0.096546,0.746579,-2.070874,-2.002333,1.581790,1.164788,0.544469,-0.519989,-0.715319,-0.135900,0.818438,-0.000557,0.422915
40.231960,2.328072,-3.015094,-0.113007,-0.536851,1.343555,0.557306,0.588403,0.547493,-0.931793,0.045189,-0.227029,0.560262,0.385042,0.300875,-0.443021,-0.097069,0.745849,-2.071017,-2.001518,1.581788,1.165213,0.546074,-0.522395,-0.717755,-0.137678,0.817977,-0.001407,0.422717
40.232951,2.331500,-3.013594,-0.108488,-0.533021,1.342433,0.556027,0.588759,0.611965,-0.969871,0.108272,-0.215945,0.559426,0.389139,0.300600,-0.442465,-0.097591,0.745130,-2.071145,-2.000696,1.581788,1.165619,0.548583,-0.520725,-0.719841,-0.135766,0.817499,-0.001017,0.419395
40.234072,2.337022,-3.011780,-0.110832,-0.530396,1.345380,0.555678,0.589401,0.676039,-1.004635,0.170867,-0.206138,0.558671,0.393437,0.300295,-0.441926,-0.098110,0.744402,-2.071285,-1.999886,1.581791,1.166044,0.547066,-0.520802,-0.721858,-0.137572,0.819066,0.000107,0.418700
40.235029,2.336642,-3.013421,-0.106073,-0.528731,1.348697,0.555528,0.590321,0.809585,-1.074446,0.301975,-0.183834,0.556520,0.402726,0.299576,-0.440832,-0.099154,0.742954,-2.071561,-1.998244,1.581794,1.166865,0.545441,-0.519948,-0.723523,-0.137921,0.814202,0.000275,0.415827
40.236121,2.333673,-3.006597,-0.115671,-0.528632,1.345386,0.555211,0.590366,0.809585,-1.074446,0.301975,-0.183834,0.556520,0.402726,0.299576,-0.440832,-0.099154,0.742954,-2.071561,-1.998244,1.581794,1.166865,0.545441,-0.519948,-0.723523,-0.137921,0.814202,0.000275,0.415827
40.237000,2.336010,-2.999877,-0.113578,-0.527331,1.348254,0.554699,0.590742,0.874550,-1.108008,0.366107,-0.172032,0.555217,0.407360,0.299203,-0.440285,-0.099680,0.742238,-2.071694,-1.997431,1.581793,1.167278,0.547776,-0.523203,-0.719454,-0.136214,0.818857,0.000444,0.415966
40.238054,2.327730,-2.999739,-0.118119,-0.524376,1.352461,0.554807,0.590431,0.928145,-1.132103,0.419107,-0.164080,0.554155,0.411486,0.298876,-0.439740,-0.100210,0.741526,-2.071828,-1.996621,1.581796,1.167694,0.545980,-0.525105,-0.719531,-0.135453,0.815364,0.000812,0.415037
40.239073,2.321602,-2.999832,-0.111859,-0.521907,1.350988,0.553929,0.587876,0.988216,-1.146610,0.477725,-0.159904,0.552942,0.417070,0.298448,-0.438624,-0.101256,0.740075,-2.072104,-1.995007,1.581798,1.168540,0.553871,-0.524130,-0.720796,-0.136954,0.814376,0.001272,0.420983
40.239983,2.326648,-3.001604,-0.115367,-0.519517,1.351539,0.553833,0.587964,0.988216,-1.146610,0.477725,-0.159904,0.552942,0.417070,0.298448,-0.438624,-0.101256,0.740075,-2.072104,-1.995007,1.581798,1.168540,0.553871,-0.524130,-0.720796,-0.136954,0.814376,0.001272,0.420983
40.241148,2.341990,-3.005515,-0.124518,-0.521257,1.357234,0.554239,0.585379,0.997835,-1.148055,0.485865,-0.156512,0.552302,0.418032,0.298348,-0.438078,-0.101779,0.739364,-2.072243,-1.994188,1.581796,1.168959,0.550887,-0.522039,-0.718271,-0.137189,0.813434,0.001243,0.420625
40.241990,2.344052,-3.007750,-0.122908,-0.516642,1.352681,0.554072,0.585448,1.003768,-1.154539,0.490142,-0.149457,0.551493,0.418302,0.298280,-0.437549,-0.102293,0.738650,-2.072372,-1.993389,1.581796,1.169397,0.544722,-0.520426,-0.715110,-0.133840,0.809740,0.000663,0.426088
40.242993,2.336841,-3.010578,-0.123758,-0.515722,1.354220,0.553723,0.585563,1.027159,-1.198999,0.510058,-0.121216,0.549569,0.418240,0.298070,-0.436458,-0.103313,0.737225,-2.072645,-1.991744,1.581798,1.170247,0.546787,-0.515957,-0.714248,-0.135235,0.812192,0.000912,0.425408
40.243972,2.331836,-3.002994,-0.128021,-0.513431,1.354859,0.552876,0.584106,1.027159,-1.198999,0.510058,-0.121216,0.549569,0.418240,0.298070,-0.436458,-0.103313,0.737225,-2.072645,-1.991744,1.581798,1.170247,0.546787,-0.515957,-0.714248,-0.135235,0.812192,0.000912,0.425408
40.245021,2.339025,-3.000423,-0.140095,-0.513949,1.347169,0.552486,0.583077,1.037159,-1.233777,0.517608,-0.099911,0.548840,0.417196,0.297888,-0.435903,-0.103838,0.736514,-2.072784,-1.990923,1.581801,1.170683,0.549233,-0.518973,-0.711969,-0.135462,0.811771,0.001603,0.428280
40.246019,2.337029,-3.000977,-0.140470,-0.510130,1.347225,0.554368,0.583084,1.034669,-1.264015,0.512391,-0.079650,0.549017,0.415072,0.297701,-0.435358,-0.104363,0.735825,-2.072912,-1.990099,1.581806,1.171118,0.546152,-0.519795,-0.706638,-0.133219,0.820335,0.001805,0.430382
40.247059,2.337217,-2.997759,-0.139697,-0.509612,1.344835,0.554921,0.582339,0.995079,-1.301895,0.467195,-0.047127,0.552457,0.408397,0.297398,-0.434262,-0.105396,0.734402,-2.073182,-1.988450,1.581802,1.171991,0.547723,-0.520115,-0.707305,-0.133731,0.823653,-0.000907,0.431836
40.247990,2.338086,-3.002387,-0.152377,-0.507738,1.338744,0.555529,0.582203,0.965384,-1.313738,0.434611,-0.033187,0.555390,0.404307,0.297299,-0.433720,-0.105912,0.733720,-2.073313,-1.987608,1.581800,1.172418,0.547072,-0.516764,-0.700686,-0.133673,0.829349,-0.001639,0.431969
40.249018,2.342011,-3.005260,-0.156159,-0.508764,1.333396,0.556755,0.581198,0.965384,-1.313738,0.434611,-0.033187,0.555390,0.404307,0.297299,-0.433720,-0.105912,0.733720,-2.073313,-1.987608,1.581800,1.172418,0.547072,-0.516764,-0.700686,-0.133673,0.829349,-0.001639,0.431969
40.250044,2.327551,-3.009127,-0.163471,-0.508047,1.332268,0.555873,0.580820,0.886843,-1.336027,0.349493,-0.005637,0.562410,0.393739,0.297204,-0.432604,-0.106927,0.732338,-2.073568,-1.985928,1.581796,1.173299,0.552924,-0.512700,-0.696221,-0.129905,0.836648,-0.002240,0.434722
40.250947,2.322758,-3.012647,-0.161932,-0.509312,1.325271,0.556189,0.581040,0.832267,-1.346058,0.290912,0.006757,0.566197,0.386694,0.297172,-0.432051,-0.107428,0.731642,-2.073688,-1.985080,1.581793,1.173730,0.554742,-0.509972,-0.696429,-0.126902,0.842985,-0.002680,0.434084
40.252009,2.324631,-3.011911,-0.167914,-0.508950,1.323461,0.554667,0.580898,0.832267,-1.346058,0.290912,0.006757,0.566197,0.386694,0.297172,-0.432051,-0.107428,0.731642,-2.073688,-1.985080,1.581793,1.173730,0.554742,-0.509972,-0.696429,-0.126902,0.842985,-0.002680,0.434084
40.252980,2.332621,-2.999388,-0.177318,-0.506946,1.320473,0.553247,0.580792,0.699060,-1.356931,0.149574,0.022096,0.573727,0.370629,0.297105,-0.430947,-0.108469,0.730266,-2.073938,-1.983360,1.581801,1.174595,0.550261,-0.515550,-0.689612,-0.125944,0.848027,-0.000067,0.434595
40.253987,2.327815,-2.991336,-0.184745,-0.505445,1.320017,0.552508,0.579261,0.624176,-1.344949,0.071658,0.019517,0.577529,0.362991,0.297120,-0.430393,-0.108989,0.729590,-2.074062,-1.982513,1.581801,1.175039,0.552888,-0.518939,-0.686444,-0.125764,0.848647,0.000519,0.437624
40.255101,2.324319,-2.987960,-0.187888,-0.500761,1.317374,0.553278,0.578530,0.540943,-1.314842,-0.014056,0.009259,0.581291,0.355657,0.297177,-0.429829,-0.109514,0.728913,-2.074194,-1.981648,1.581802,1.175484,0.555407,-0.520531,-0.686327,-0.128767,0.852250,-0.000428,0.439194
40.256053,2.313877,-2.979614,-0.188478,-0.500278,1.318976,0.552816,0.578009,0.449177,-1.268459,-0.108112,-0.006339,0.584770,0.348387,0.297254,-0.429255,-0.110040,0.728230,-2.074319,-1.980808,1.581802,1.175920,0.560200,-0.523730,-0.686016,-0.127429,0.850381,-0.000091,0.440106
40.256991,2.313868,-2.979448,-0.197914,-0.498956,1.317406,0.553377,0.576530,0.449177,-1.268459,-0.108112,-0.006339,0.584770,0.348387,0.297254,-0.429255,-0.110040,0.728230,-2.074319,-1.980808,1.581802,1.175920,0.560200,-0.523730,-0.686016,-0.127429,0.850381,-0.000091,0.440106
40.258048,2.317045,-2.972903,-0.198468,-0.496294,1.320266,0.554175,0.576266,0.349256,-1.208101,-0.210151,-0.026602,0.587937,0.341052,0.297351,-0.428701,-0.110564,0.727556,-2.074444,-1.979948,1.581799,1.176373,0.559853,-0.522718,-0.681206,-0.126976,0.851446,-0.000780,0.442870
40.259148,2.316130,-2.972690,-0.203693,-0.495703,1.323050,0.553301,0.577012,0.145540,-1.066719,-0.417036,-0.074631,0.592889,0.327185,0.297612,-0.427582,-0.111627,0.726200,-2.074698,-1.978258,1.581797,1.177250,0.559912,-0.525408,-0.680593,-0.126941,0.847427,-0.000991,0.442036
40.260043,2.316701,-2.969464,-0.203430,-0.491352,1.324982,0.553392,0.577545,0.145540,-1.066719,-0.417036,-0.074631,0.592889,0.327185,0.297612,-0.427582,-0.111627,0.726200,-2.074698,-1.978258,1.581797,1.177250,0.559912,-0.525408,-0.680593,-0.126941,0.847427,-0.000991,0.442036
40.260969,2.322739,-2.963117,-0.203793,-0.491408,1.327544,0.554255,0.577181,0.054326,-0.996275,-0.509106,-0.098481,0.594392,0.321389,0.297732,-0.427023,-0.112158,0.725519,-2.074831,-1.977411,1.581794,1.177697,0.558947,-0.525651,-0.680234,-0.129297,0.844708,-0.001203,0.440708
40.261995,2.324803,-2.958678,-0.206613,-0.488131,1.331018,0.552426,0.576161,-0.023296,-0.931976,-0.587040,-0.119820,0.595111,0.316711,0.297838,-0.426479,-0.112693,0.724846,-2.074954,-1.976571,1.581791,1.178136,0.555635,-0.527586,-0.679928,-0.127442,0.841702,-0.002188,0.441280
40.263008,2.316726,-2.953879,-0.199439,-0.487752,1.332376,0.552615,0.577604,-0.083256,-0.874236,-0.646606,-0.139401,0.595169,0.313617,0.297942,-0.425921,-0.113224,0.724169,-2.075087,-1.975748,1.581794,1.178586,0.554886,-0.529170,-0.679190,-0.128893,0.838837,-0.000502,0.443282
40.263927,2.310215,-2.946133,-0.201789,-0.486390,1.332294,0.552236,0.580274,-0.157274,-0.770346,-0.718480,-0.177559,0.594086,0.311836,0.298158,-0.424786,-0.114295,0.722806,-2.075338,-1.974078,1.581791,1.179444,0.561664,-0.533392,-0.681814,-0.127080,0.837491,-0.000585,0.434843
40.264935,2.315079,-2.943499,-0.205753,-0.484255,1.336168,0.551384,0.579519,-0.157274,-0.770346,-0.718480,-0.177559,0.594086,0.311836,0.298158,-0.424786,-0.114295,0.722806,-2.075338,-1.974078,1.581791,1.179444,0.561664,-0.533392,-0.681814,-0.127080,0.837491,-0.000585,0.434843
40.265982,2.323772,-2.944273,-0.207744,-0.482933,1.335029,0.551265,0.580961,-0.181998,-0.718286,-0.741693,-0.198188,0.593335,0.312337,0.298251,-0.424227,-0.114833,0.722123,-2.075467,-1.973250,1.581789,1.179885,0.559299,-0.533871,-0.680295,-0.127442,0.833977,0.000140,0.436378
40.267019,2.321248,-2.944314,-0.213709,-0.484234,1.338892,0.551159,0.581863,-0.198250,-0.670025,-0.756095,-0.217413,0.592334,0.313553,0.298345,-0.423674,-0.115368,0.721446,-2.075591,-1.972401,1.581788,1.180306,0.555384,-0.532893,-0.680168,-0.127157,0.835688,0.000107,0.433555
40.267944,2.319159,-2.942543,-0.206821,-0.481596,1.335461,0.551127,0.581909,-0.202635,-0.630847,-0.758343,-0.233325,0.591001,0.315516,0.298433,-0.423121,-0.115896,0.720770,-2.075709,-1.971580,1.581786,1.180733,0.557073,-0.532336,-0.677950,-0.124322,0.832475,0.000069,0.431818
40.268959,2.320642,-2.945013,-0.210189,-0.479206,1.338247,0.550341,0.584598,-0.181126,-0.583892,-0.732833,-0.253994,0.587625,0.320738,0.298569,-0.422005,-0.116950,0.719412,-2.075964,-1.969917,1.581787,1.181581,0.557095,-0.530166,-0.680068,-0.125785,0.833184,0.000609,0.426228
40.270085,2.319283,-2.947887,-0.205793,-0.479485,1.340192,0.551159,0.585337,-0.154331,-0.580864,-0.704724,-0.255434,0.585412,0.323737,0.298586,-0.421444,-0.117477,0.718717,-2.076085,-1.969082,1.581786,1.182004,0.558685,-0.528695,-0.683638,-0.124047,0.832595,-0.000378,0.425020
40.270992,2.320063,-2.944910,-0.204560,-0.477856,1.337352,0.551055,0.585869,-0.116454,-0.591217,-0.666001,-0.251714,0.582964,0.327081,0.298572,-0.420882,-0.118009,0.718036,-2.076207,-1.968239,1.581786,1.182422,0.557656,-0.528889,-0.683830,-0.123931,0.834832,-0.000400,0.423831
40.271964,2.324383,-2.945695,-0.196939,-0.476969,1.337508,0.551149,0.587552,-0.116454,-0.591217,-0.666001,-0.251714,0.582964,0.327081,0.298572,-0.420882,-0.118009,0.718036,-2.076207,-1.968239,1.581786,1.182422,0.557656,-0.528889,-0.683830,-0.123931,0.834832,-0.000400,0.423831
40.273000,2.332777,-2.944925,-0.194188,-0.475151,1.341126,0.550153,0.587154,-0.065698,-0.613053,-0.614567,-0.244374,0.580369,0.331124,0.298524,-0.420335,-0.118530,0.717337,-2.076331,-1.967395,1.581785,1.182836,0.555500,-0.527658,-0.687625,-0.123115,0.834568,-0.000626,0.420446
40.274022,2.334039,-2.939004,-0.191662,-0.473519,1.338582,0.549689,0.588527,0.088374,-0.688601,-0.458056,-0.222014,0.574916,0.343060,0.298299,-0.419234,-0.119588,0.715953,-2.076577,-1.965731,1.581787,1.183672,0.551397,-0.529830,-0.691297,-0.123320,0.834581,0.000527,0.418668
40.275078,2.327919,-2.940448,-0.188715,-0.475311,1.340092,0.548814,0.589818,0.185085,-0.732448,-0.359377,-0.211378,0.572532,0.350808,0.298169,-0.418675,-0.120114,0.715252,-2.076690,-1.964907,1.581787,1.184084,0.554941,-0.528668,-0.693431,-0.120152,0.833875,0.001253,0.416243
40.276001,2.319607,-2.944928,-0.187228,-0.475000,1.340349,0.549088,0.590260,0.282140,-0.774144,-0.260339,-0.204052,0.570840,0.358662,0.298053,-0.418110,-0.120638,0.714561,-2.076808,-1.964068,1.581786,1.184493,0.558558,-0.525272,-0.693780,-0.118859,0.833171,0.000842,0.415309
40.276985,2.332342,-2.942938,-0.184434,-0.474822,1.337354,0.548865,0.591657,0.282140,-0.774144,-0.260339,-0.204052,0.570840,0.358662,0.298053,-0.418110,-0.120638,0.714561,-2.076808,-1.964068,1.581786,1.184493,0.558558,-0.525272,-0.693780,-0.118859,0.833171,0.000842,0.415309
40.277969,2.337747,-2.941253,-0.182353,-0.471812,1.337173,0.549548,0.592396,0.376429,-0.815543,-0.164278,-0.199247,0.569879,0.366137,0.297947,-0.417574,-0.121158,0.713861,-2.076924,-1.963237,1.581784,1.184901,0.552314,-0.525563,-0.695229,-0.117522,0.836356,0.000939,0.412546
40.279063,2.338039,-2.943902,-0.178065,-0.470070,1.339658,0.550171,0.592159,0.577937,-0.906462,0.041082,-0.191194,0.569334,0.381854,0.297729,-0.416484,-0.122211,0.712453,-2.077163,-1.961549,1.581782,1.185716,0.550521,-0.524033,-0.699375,-0.119250,0.835002,-0.000661,0.411862
40.280140,2.343763,-2.939928,-0.172871,-0.466463,1.337055,0.550213,0.594297,0.577937,-0.906462,0.041082,-0.191194,0.569334,0.381854,0.297729,-0.416484,-0.122211,0.712453,-2.077163,-1.961549,1.581782,1.185716,0.550521,-0.524033,-0.699375,-0.119250,0.835002,-0.000661,0.411862
40.281003,2.336130,-2.932366,-0.171863,-0.465686,1.339045,0.549650,0.594106,0.688640,-0.958160,0.153766,-0.184574,0.569246,0.390378,0.297600,-0.415935,-0.122736,0.711740,-2.077287,-1.960719,1.581780,1.186117,0.548331,-0.525773,-0.702649,-0.121293,0.838605,-0.000843,0.407769
40.282058,2.331468,-2.932524,-0.168478,-0.463690,1.339221,0.550904,0.594644,0.801959,-1.009571,0.269097,-0.177037,0.569132,0.399208,0.297460,-0.415373,-0.123270,0.711044,-2.077404,-1.959890,1.581781,1.186528,0.551287,-0.527965,-0.702171,-0.120372,0.835684,-0.000403,0.408022
40.283084,2.334756,-2.928180,-0.175699,-0.463742,1.339304,0.548981,0.595678,1.001453,-1.088363,0.472479,-0.168981,0.569315,0.415528,0.297237,-0.414266,-0.124330,0.709630,-2.077639,-1.958221,1.581780,1.187330,0.552731,-0.528961,-0.701115,-0.119356,0.836673,-0.000017,0.405195
40.284009,2.331419,-2.924673,-0.166766,-0.463036,1.341770,0.547859,0.594190,1.079843,-1.112625,0.552854,-0.170682,0.569592,0.422454,0.297168,-0.413703,-0.124865,0.708926,-2.077754,-1.957391,1.581784,1.187736,0.553927,-0.529453,-0.705138,-0.118513,0.833826,0.000940,0.408173
40.284995,2.333043,-2.925505,-0.172233,-0.459545,1.344786,0.547234,0.593773,1.079843,-1.112625,0.552854,-0.170682,0.569592,0.422454,0.297168,-0.413703,-0.124865,0.708926,-2.077754,-1.957391,1.581784,1.187736,0.553927,-0.529453,-0.705138,-0.118513,0.833826,0.000940,0.408173
40.286045,2.338835,-2.925556,-0.174910,-0.457647,1.343824,0.546372,0.592584,1.202281,-1.145459,0.679359,-0.178873,0.569513,0.433899,0.297187,-0.412608,-0.125918,0.707528,-2.078000,-1.955737,1.581787,1.188569,0.550823,-0.527744,-0.701722,-0.120651,0.832785,0.002110,0.411521
40.287054,2.333669,-2.921673,-0.173911,-0.457535,1.349065,0.546309,0.592419,1.202281,-1.145459,0.679359,-0.178873,0.569513,0.433899,0.297187,-0.412608,-0.125918,0.707528,-2.078000,-1.955737,1.581787,1.188569,0.550823,-0.527744,-0.701722,-0.120651,0.832785,0.002110,0.411521
40.288031,2.325959,-2.924263,-0.174642,-0.455974,1.351584,0.546637,0.592834,1.249411,-1.162227,0.728002,-0.179997,0.568685,0.438154,0.297268,-0.412053,-0.126445,0.706819,-2.078116,-1.954926,1.581789,1.188982,0.553619,-0.529015,-0.702384,-0.119282,0.828053,0.002008,0.411899
40.288957,2.323406,-2.922873,-0.172527,-0.456720,1.351983,0.547434,0.590436,1.285059,-1.177696,0.764632,-0.180376,0.567647,0.441269,0.297383,-0.411488,-0.126971,0.706110,-2.078235,-1.954103,1.581791,1.189390,0.557322,-0.526832,-0.701881,-0.119268,0.825721,0.001524,0.411089
40.289954,2.322299,-2.919519,-0.180483,-0.454659,1.352820,0.547479,0.589841,1.315760,-1.204615,0.795500,-0.180378,0.566301,0.443382,0.297762,-0.410367,-0.128024,0.704719,-2.078469,-1.952457,1.581795,1.190232,0.558685,-0.527348,-0.698740,-0.117461,0.824590,0.000383,0.417009
40.291006,2.321126,-2.922049,-0.183044,-0.455222,1.356899,0.546046,0.588585,1.315760,-1.204615,0.795500,-0.180378,0.566301,0.443382,0.297762,-0.410367,-0.128024,0.704719,-2.078469,-1.952457,1.581795,1.190232,0.558685,-0.527348,-0.698740,-0.117461,0.824590,0.000383,0.417009
40.292042,2.320462,-2.927626,-0.187638,-0.455471,1.351494,0.546478,0.588270,1.292636,-1.224595,0.770833,-0.180176,0.568203,0.440137,0.298331,-0.409241,-0.129064,0.703332,-2.078690,-1.950790,1.581798,1.191084,0.560213,-0.522428,-0.696451,-0.114018,0.827262,0.001061,0.420297
40.292985,2.316377,-2.930961,-0.195257,-0.454290,1.346472,0.543803,0.587125,1.264430,-1.239680,0.740648,-0.176230,0.570649,0.436291,0.298652,-0.408680,-0.129577,0.702643,-2.078805,-1.949955,1.581806,1.191508,0.561914,-0.519886,-0.692437,-0.113690,0.832040,0.003584,0.422514
40.294099,2.313665,-2.932617,-0.203654,-0.451975,1.343143,0.543578,0.584985,1.223457,-1.261395,0.696279,-0.166523,0.573808,0.430432,0.298992,-0.408109,-0.130098,0.701962,-2.078920,-1.949106,1.581808,1.191941,0.563959,-0.519044,-0.689641,-0.114703,0.836447,0.003609,0.426986
40.295042,2.308493,-2.926782,-0.207993,-0.453782,1.339554,0.543893,0.585025,1.167311,-1.284744,0.635444,-0.152956,0.577602,0.422574,0.299344,-0.407543,-0.130616,0.701278,-2.079026,-1.948268,1.581808,1.192371,0.566141,-0.521048,-0.687363,-0.111524,0.839763,0.003151,0.426746
40.296007,2.306350,-2.927805,-0.206406,-0.451104,1.333764,0.544617,0.582868,1.098258,-1.303892,0.561026,-0.139473,0.581953,0.413386,0.299678,-0.406972,-0.131134,0.700585,-2.079144,-1.947413,1.581807,1.192810,0.566873,-0.519671,-0.688148,-0.112681,0.845315,0.002293,0.430993
40.297014,2.305160,-2.921897,-0.215522,-0.452484,1.333751,0.545241,0.581210,1.021119,-1.316843,0.478435,-0.128047,0.586571,0.403578,0.299963,-0.406399,-0.131664,0.699915,-2.079251,-1.946561,1.581804,1.193248,0.567400,-0.521931,-0.684139,-0.109989,0.845417,0.001539,0.434267
40.297968,2.308334,-2.922740,-0.223033,-0.451483,1.331301,0.547607,0.581987,1.021119,-1.316843,0.478435,-0.128047,0.586571,0.403578,0.299963,-0.406399,-0.131664,0.699915,-2.079251,-1.946561,1.581804,1.193248,0.567400,-0.521931,-0.684139,-0.109989,0.845417,0.001539,0.434267
40.298957,2.308112,-2.920868,-0.235796,-0.449349,1.325964,0.548224,0.580079,0.849440,-1.318831,0.296722,-0.116313,0.595699,0.383415,0.300376,-0.405272,-0.132696,0.698584,-2.079471,-1.944845,1.581793,1.194128,0.565538,-0.520884,-0.674679,-0.110390,0.852795,-0.001654,0.436327
40.300135,2.302988,-2.922833,-0.244386,-0.449561,1.326126,0.549569,0.580070,0.849440,-1.318831,0.296722,-0.116313,0.595699,0.383415,0.300376,-0.405272,-0.132696,0.698584,-2.079471,-1.944845,1.581793,1.194128,0.565538,-0.520884,-0.674679,-0.110390,0.852795,-0.001654,0.436327
40.301033,2.302760,-2.925484,-0.243396,-0.448625,1.326863,0.547197,0.578237,0.754187,-1.309997,0.196306,-0.113524,0.599532,0.372892,0.300518,-0.404699,-0.133209,0.697916,-2.079580,-1.943997,1.581785,1.194560,0.569228,-0.520326,-0.672514,-0.109071,0.854252,-0.003129,0.436589
40.301994,2.301794,-2.923348,-0.255843,-0.447402,1.323464,0.548012,0.577484,0.653876,-1.296937,0.090360,-0.111670,0.602614,0.362096,0.300628,-0.404130,-0.133725,0.697242,-2.079687,-1.943142,1.581787,1.195008,0.568550,-0.517807,-0.672656,-0.108628,0.852650,-0.000862,0.440027
40.303019,2.304499,-2.917549,-0.256832,-0.447437,1.325900,0.547260,0.576762,0.553725,-1.283451,-0.015872,-0.109749,0.604827,0.351390,0.300717,-0.403556,-0.134246,0.696595,-2.079792,-1.942275,1.581783,1.195448,0.568659,-0.518023,-0.666857,-0.108571,0.855697,-0.001824,0.441390
40.303962,2.298414,-2.912801,-0.256410,-0.448375,1.326395,0.547043,0.576453,0.456124,-1.268116,-0.119781,-0.108803,0.606283,0.341168,0.300783,-0.402993,-0.134766,0.695926,-2.079897,-1.941435,1.581784,1.195896,0.567478,-0.520422,-0.667192,-0.107346,0.853625,-0.001209,0.442793
40.305016,2.302328,-2.901464,-0.264331,-0.447945,1.328667,0.546450,0.576369,0.363723,-1.245714,-0.218129,-0.112659,0.607390,0.332104,0.300825,-0.402416,-0.135295,0.695265,-2.079996,-1.940577,1.581780,1.196344,0.570006,-0.521704,-0.667554,-0.105234,0.852673,-0.001112,0.443214
40.305976,2.301764,-2.890364,-0.267403,-0.445345,1.328557,0.545764,0.576735,0.277666,-1.210704,-0.309179,-0.125112,0.608593,0.324690,0.300859,-0.401858,-0.135827,0.694608,-2.080101,-1.939723,1.581780,1.196785,0.568445,-0.526920,-0.664725,-0.104526,0.850916,-0.000668,0.443414
40.306963,2.288377,-2.887998,-0.270697,-0.443465,1.332176,0.547122,0.576201,0.117423,-1.087743,-0.475920,-0.178593,0.611956,0.314795,0.300931,-0.400693,-0.136905,0.693290,-2.080315,-1.938034,1.581778,1.197663,0.574692,-0.531546,-0.662457,-0.106420,0.847244,-0.001626,0.443565
40.308136,2.285612,-2.884776,-0.279295,-0.443332,1.336028,0.546152,0.577004,0.117423,-1.087743,-0.475920,-0.178593,0.611956,0.314795,0.300931,-0.400693,-0.136905,0.693290,-2.080315,-1.938034,1.581778,1.197663,0.574692,-0.531546,-0.662457,-0.106420,0.847244,-0.001626,0.443565
40.309112,2.294716,-2.884989,-0.284930,-0.442261,1.337070,0.545759,0.577854,0.035870,-1.004526,-0.560055,-0.213715,0.613858,0.310994,0.300959,-0.400120,-0.137438,0.692634,-2.080417,-1.937199,1.581778,1.198104,0.577098,-0.533328,-0.660339,-0.105602,0.845140,-0.000808,0.442172
40.309954,2.293578,-2.884758,-0.281166,-0.438597,1.336373,0.545780,0.578259,-0.046592,-0.915233,-0.645103,-0.250093,0.615641,0.307372,0.300975,-0.399555,-0.137972,0.691973,-2.080520,-1.936356,1.581779,1.198547,0.572297,-0.532244,-0.657961,-0.105476,0.844074,-0.000566,0.440360
40.311042,2.292902,-2.883578,-0.274191,-0.437957,1.338566,0.545989,0.577968,-0.119372,-0.831819,-0.720448,-0.282558,0.616798,0.304372,0.300954,-0.398978,-0.138508,0.691317,-2.080633,-1.935507,1.581777,1.198976,0.571677,-0.530618,-0.659226,-0.107543,0.843527,-0.000700,0.439277
40.312056,2.300975,-2.877224,-0.276980,-0.436027,1.338767,0.545184,0.578041,-0.172161,-0.764353,-0.775731,-0.306689,0.616834,0.302545,0.300861,-0.398410,-0.139038,0.690642,-2.080738,-1.934673,1.581776,1.199419,0.572587,-0.530945,-0.663994,-0.107040,0.842347,-0.001059,0.439962
40.313043,2.300652,-2.866352,-0.282893,-0.432724,1.340810,0.544573,0.578667,-0.200050,-0.713766,-0.805583,-0.323108,0.615680,0.302461,0.300703,-0.397846,-0.139580,0.689986,-2.080850,-1.933829,1.581775,1.199863,0.568587,-0.533306,-0.663367,-0.107613,0.842436,-0.000384,0.439758
40.314011,2.290163,-2.860659,-0.286516,-0.431250,1.346086,0.543668,0.578209,-0.206375,-0.673886,-0.812943,-0.334857,0.613522,0.304200,0.300495,-0.397283,-0.140124,0.689329,-2.080963,-1.933003,1.581774,1.200293,0.568715,-0.537748,-0.660979,-0.109511,0.840604,0.000087,0.438459
40.315002,2.285409,-2.854651,-0.285850,-0.431445,1.345748,0.543563,0.578768,-0.202657,-0.594450,-0.809662,-0.355750,0.607674,0.309728,0.299981,-0.396118,-0.141218,0.688005,-2.081177,-1.931328,1.581776,1.201176,0.575633,-0.541390,-0.660461,-0.108158,0.835789,0.000796,0.438065
40.316055,2.299217,-2.857638,-0.284743,-0.431165,1.346863,0.542685,0.579281,-0.202657,-0.594450,-0.809662,-0.355750,0.607674,0.309728,0.299981,-0.396118,-0.141218,0.688005,-2.081177,-1.931328,1.581776,1.201176,0.575633,-0.541390,-0.660461,-0.108158,0.835789,0.000796,0.438065
40.317105,2.304680,-2.859687,-0.285569,-0.428201,1.350465,0.542597,0.578678,-0.200564,-0.552250,-0.807114,-0.367986,0.604707,0.312805,0.299760,-0.395568,-0.141750,0.687338,-2.081284,-1.930488,1.581778,1.201609,0.569158,-0.539352,-0.662041,-0.107241,0.835317,0.001514,0.437104
40.317978,2.303876,-2.861394,-0.276572,-0.429422,1.345901,0.542967,0.578264,-0.184520,-0.520676,-0.789829,-0.377762,0.601709,0.316869,0.299567,-0.395003,-0.142286,0.686679,-2.081395,-1.929666,1.581779,1.202053,0.566800,-0.537770,-0.662730,-0.108936,0.832505,0.001438,0.438347
40.319098,2.310118,-2.868501,-0.277080,-0.430070,1.346385,0.543448,0.579158,-0.147377,-0.508308,-0.750858,-0.381474,0.598610,0.322128,0.299381,-0.394446,-0.142810,0.686004,-2.081498,-1.928834,1.581779,1.202487,0.566445,-0.535501,-0.666647,-0.106334,0.836324,0.000937,0.438923
40.320178,2.306153,-2.872358,-0.273254,-0.429799,1.346426,0.543235,0.579605,-0.087936,-0.517836,-0.689266,-0.378976,0.595588,0.328509,0.299164,-0.393884,-0.143336,0.685326,-2.081601,-1.927990,1.581778,1.202923,0.564133,-0.531872,-0.667843,-0.104669,0.836998,0.000298,0.437279
40.320975,2.305560,-2.866042,-0.270082,-0.428706,1.340228,0.544116,0.579866,-0.008435,-0.549531,-0.607600,-0.370894,0.592842,0.335713,0.298882,-0.393309,-0.143865,0.684655,-2.081703,-1.927144,1.581778,1.203353,0.566578,-0.529653,-0.670988,-0.103897,0.837786,0.000367,0.436513
40.322003,2.306290,-2.859915,-0.276112,-0.427883,1.341298,0.544333,0.580446,0.084448,-0.598489,-0.512661,-0.358745,0.590552,0.343286,0.298549,-0.392751,-0.144392,0.683980,-2.081808,-1.926303,1.581776,1.203786,0.565540,-0.530969,-0.671284,-0.103513,0.842472,-0.000630,0.435619
40.323049,2.312706,-2.854764,-0.268189,-0.425716,1.340861,0.544062,0.583147,0.181473,-0.653958,-0.413458,-0.346224,0.588977,0.350901,0.298196,-0.392186,-0.144933,0.683322,-2.081909,-1.925446,1.581776,1.204220,0.565355,-0.533300,-0.669171,-0.103236,0.841617,-0.000990,0.434475
40.323995,2.313885,-2.855618,-0.265231,-0.425984,1.340905,0.543931,0.583511,0.277869,-0.706898,-0.314398,-0.336519,0.588278,0.358633,0.297844,-0.391634,-0.145471,0.682638,-2.082014,-1.924599,1.581775,1.204645,0.562569,-0.535250,-0.673961,-0.104269,0.842587,-0.000860,0.429112
40.325057,2.321491,-2.858962,-0.264859,-0.424761,1.340516,0.542602,0.582237,0.376956,-0.756109,-0.211863,-0.330044,0.588354,0.366935,0.297499,-0.391074,-0.145998,0.681952,-2.082113,-1.923767,1.581775,1.205065,0.561686,-0.533754,-0.675300,-0.102811,0.842353,-0.000866,0.428363
40.326063,2.317200,-2.863324,-0.263091,-0.424832,1.339246,0.543293,0.582798,0.482179,-0.805924,-0.102587,-0.324921,0.588906,0.375873,0.297177,-0.390519,-0.146528,0.681276,-2.082214,-1.922919,1.581777,1.205502,0.558381,-0.531649,-0.676490,-0.103017,0.843404,0.000311,0.431009
40.326988,2.311255,-2.867971,-0.258222,-0.422522,1.337032,0.543595,0.585037,0.592561,-0.860908,0.011894,-0.318571,0.589581,0.384970,0.296896,-0.389959,-0.147046,0.680592,-2.082314,-1.922064,1.581775,1.205928,0.560665,-0.528868,-0.677785,-0.101839,0.844773,-0.000535,0.429860
40.328110,2.310299,-2.866892,-0.252414,-0.423280,1.339669,0.543878,0.583594,0.703611,-0.923561,0.126440,-0.308757,0.590022,0.393500,0.296625,-0.389391,-0.147567,0.679903,-2.082420,-1.921223,1.581774,1.206345,0.563086,-0.525453,-0.679902,-0.102819,0.846549,-0.000963,0.425259
40.329047,2.308032,-2.856233,-0.254857,-0.420106,1.340922,0.543234,0.584991,0.811881,-0.992982,0.237447,-0.295340,0.590002,0.401150,0.296326,-0.388822,-0.148098,0.679215,-2.082518,-1.920377,1.581772,1.206774,0.564311,-0.525920,-0.684197,-0.101151,0.845063,-0.001393,0.428417
40.330073,2.310932,-2.847241,-0.258039,-0.418365,1.341591,0.542558,0.582922,0.914124,-1.061019,0.342266,-0.282072,0.589642,0.408172,0.296023,-0.388260,-0.148630,0.678532,-2.082623,-1.919546,1.581772,1.207197,0.565039,-0.530149,-0.682773,-0.103036,0.843559,-0.000875,0.425472
40.330998,2.305703,-2.844032,-0.262846,-0.418051,1.344535,0.542245,0.582142,1.003960,-1.116087,0.435096,-0.273263,0.589166,0.414683,0.295750,-0.387696,-0.149172,0.677860,-2.082727,-1.918704,1.581773,1.207636,0.563746,-0.533864,-0.681929,-0.103601,0.843304,-0.000353,0.429671
40.332035,2.301294,-2.840100,-0.264577,-0.417061,1.350813,0.541940,0.583009,1.125583,-1.168567,0.563577,-0.275151,0.588270,0.425152,0.295295,-0.386557,-0.150244,0.676493,-2.082932,-1.917038,1.581774,1.208493,0.568206,-0.535509,-0.679093,-0.102538,0.834236,-0.000031,0.429357
40.332968,2.301222,-2.837801,-0.262949,-0.417149,1.351585,0.539509,0.580283,1.154832,-1.168978,0.596007,-0.285240,0.588061,0.428620,0.295138,-0.385986,-0.150783,0.675815,-2.083030,-1.916211,1.581782,1.208935,0.567668,-0.535386,-0.679786,-0.101278,0.833266,0.002243,0.434702
40.334011,2.303194,-2.840775,-0.270042,-0.414235,1.352622,0.539206,0.579558,1.169424,-1.160992,0.613423,-0.297602,0.587974,0.431027,0.295070,-0.385425,-0.151313,0.675142,-2.083137,-1.915390,1.581785,1.209375,0.567014,-0.533350,-0.677080,-0.103022,0.833000,0.002355,0.436133
40.334984,2.301563,-2.840192,-0.265228,-0.412742,1.354980,0.538415,0.578839,1.169424,-1.160992,0.613423,-0.297602,0.587974,0.431027,0.295070,-0.385425,-0.151313,0.675142,-2.083137,-1.915390,1.581785,1.209375,0.567014,-0.533350,-0.677080,-0.103022,0.833000,0.002355,0.436133
40.336032,2.299766,-2.832758,-0.271818,-0.414263,1.354007,0.538797,0.576321,1.175194,-1.153827,0.621350,-0.307137,0.587819,0.432367,0.295058,-0.384852,-0.151846,0.674464,-2.083241,-1.914564,1.581789,1.209816,0.567551,-0.532689,-0.679748,-0.103265,0.830731,0.002988,0.437464
40.336985,2.298919,-2.824208,-0.275822,-0.412525,1.353579,0.537110,0.577257,1.174627,-1.148215,0.622415,-0.313930,0.587864,0.432837,0.295084,-0.384285,-0.152384,0.673790,-2.083338,-1.913721,1.581793,1.210264,0.568742,-0.535850,-0.677302,-0.100756,0.832320,0.002418,0.442535
40.337971,2.298684,-2.821817,-0.287653,-0.413164,1.353296,0.539065,0.574994,1.164459,-1.136218,0.613825,-0.322631,0.588730,0.432568,0.295164,-0.383717,-0.152932,0.673114,-2.083440,-1.912895,1.581797,1.210705,0.568785,-0.538866,-0.675376,-0.101308,0.832670,0.003963,0.440451
40.339024,2.298264,-2.820105,-0.292900,-0.414012,1.349859,0.539943,0.575074,1.101116,-1.080240,0.553176,-0.351381,0.593992,0.428933,0.295503,-0.382578,-0.154010,0.671791,-2.083629,-1.911218,1.581790,1.211595,0.569247,-0.539345,-0.668457,-0.097911,0.837197,0.000852,0.444751
40.340003,2.286794,-2.819640,-0.299976,-0.411505,1.347126,0.541301,0.575211,1.101116,-1.080240,0.553176,-0.351381,0.593992,0.428933,0.295503,-0.382578,-0.154010,0.671791,-2.083629,-1.911218,1.581790,1.211595,0.569247,-0.539345,-0.668457,-0.097911,0.837197,0.000852,0.444751
40.340946,2.282678,-2.822520,-0.297048,-0.411445,1.342798,0.540301,0.573565,1.046607,-1.041287,0.498801,-0.368929,0.598236,0.425082,0.295712,-0.381991,-0.154549,0.671129,-2.083732,-1.910370,1.581786,1.212049,0.574606,-0.538576,-0.665360,-0.099247,0.839862,-0.000632,0.444329
40.342029,2.287009,-2.826280,-0.304592,-0.411051,1.339207,0.539665,0.573179,0.978185,-1.002381,0.428966,-0.384104,0.603020,0.419555,0.295901,-0.381416,-0.155083,0.670465,-2.083829,-1.909512,1.581789,1.212498,0.576106,-0.535971,-0.666994,-0.098159,0.843721,0.000242,0.447466
40.342959,2.290206,-2.823279,-0.311638,-0.410598,1.333141,0.539364,0.572865,0.903291,-0.971589,0.351236,-0.393555,0.607848,0.412719,0.296043,-0.380841,-0.155608,0.669805,-2.083928,-1.908662,1.581790,1.212949,0.574331,-0.533847,-0.664551,-0.097608,0.848134,0.000709,0.448260
40.344005,2.287394,-2.828873,-0.320953,-0.409408,1.328349,0.538901,0.571673,0.829203,-0.952901,0.273452,-0.396432,0.612366,0.405194,0.296127,-0.380268,-0.156145,0.669154,-2.084026,-1.907797,1.581793,1.213395,0.572145,-0.534121,-0.661195,-0.096914,0.853562,0.000858,0.448686
40.344996,2.280775,-2.818056,-0.322405,-0.409022,1.326441,0.539845,0.570182,0.756749,-0.945982,0.196579,-0.392949,0.616294,0.397089,0.296168,-0.379694,-0.156667,0.668504,-2.084127,-1.906937,1.581795,1.213854,0.573791,-0.530871,-0.657709,-0.097025,0.858743,0.001159,0.451039
40.346048,2.272736,-2.813578,-0.336391,-0.408763,1.326069,0.539413,0.568629,0.682933,-0.946393,0.117570,-0.384949,0.619536,0.388313,0.296181,-0.379106,-0.157211,0.667846,-2.084220,-1.906069,1.581790,1.214315,0.576751,-0.535360,-0.657618,-0.096472,0.860461,0.000086,0.453869
40.346964,2.270601,-2.816171,-0.344046,-0.408396,1.321363,0.540224,0.568973,0.507069,-0.929534,-0.070311,-0.374092,0.625003,0.368475,0.296226,-0.377934,-0.158278,0.666571,-2.084407,-1.904330,1.581787,1.215228,0.581072,-0.534424,-0.648348,-0.095166,0.865094,-0.000556,0.455955
40.347974,2.274040,-2.818050,-0.347710,-0.407079,1.320647,0.541996,0.567379,0.405066,-0.913001,-0.179329,-0.370903,0.627110,0.357352,0.296261,-0.377354,-0.158808,0.665928,-2.084502,-1.903459,1.581783,1.215701,0.579202,-0.532780,-0.647499,-0.095523,0.865751,-0.002461,0.459010
40.349056,2.275786,-2.821507,-0.345629,-0.408658,1.323809,0.542188,0.567785,0.405066,-0.913001,-0.179329,-0.370903,0.627110,0.357352,0.296261,-0.377354,-0.158808,0.665928,-2.084502,-1.903459,1.581783,1.215701,0.579202,-0.532780,-0.647499,-0.095523,0.865751,-0.002461,0.459010
40.350057,2.283232,-2.822851,-0.348251,-0.406741,1.319930,0.542229,0.568066,0.308902,-0.901370,-0.282747,-0.365793,0.628505,0.346562,0.296289,-0.376781,-0.159330,0.665273,-2.084589,-1.902603,1.581777,1.216153,0.578792,-0.530837,-0.650001,-0.093216,0.863312,-0.002760,0.458202
40.351008,2.279141,-2.819585,-0.355912,-0.407047,1.320826,0.541138,0.568586,0.230392,-0.899293,-0.368057,-0.358190,0.629161,0.337237,0.296277,-0.376211,-0.159859,0.664624,-2.084685,-1.901730,1.581771,1.216611,0.574967,-0.529405,-0.649459,-0.094164,0.867127,-0.002907,0.457512
40.352028,2.275000,-2.817808,-0.356231,-0.407719,1.325232,0.540910,0.568646,0.171730,-0.906647,-0.432905,-0.348065,0.629039,0.329675,0.296218,-0.375627,-0.160393,0.663988,-2.084774,-1.900862,1.581769,1.217065,0.576493,-0.529961,-0.646128,-0.092951,0.865676,-0.001932,0.456275
40.353062,2.269798,-2.809288,-0.361762,-0.407739,1.327483,0.541458,0.568464,0.086001,-0.921105,-0.529831,-0.333040,0.627513,0.318459,0.296123,-0.374456,-0.161465,0.662704,-2.084952,-1.899150,1.581762,1.217984,0.581020,-0.533750,-0.645437,-0.090647,0.859552,-0.002519,0.456358
40.353951,2.269613,-2.796993,-0.363762,-0.404317,1.328684,0.540148,0.569978,0.086001,-0.921105,-0.529831,-0.333040,0.627513,0.318459,0.296123,-0.374456,-0.161465,0.662704,-2.084952,-1.899150,1.581762,1.217984,0.581020,-0.533750,-0.645437,-0.090647,0.859552,-0.002519,0.456358
40.355002,2.275247,-2.789033,-0.366257,-0.403612,1.334495,0.538469,0.571816,0.047350,-0.911593,-0.573105,-0.335390,0.626679,0.314559,0.296124,-0.373884,-0.162019,0.662060,-2.085048,-1.898292,1.581764,1.218428,0.580227,-0.538232,-0.644344,-0.092943,0.857411,-0.001332,0.453035
40.356041,2.279055,-2.785820,-0.367493,-0.400535,1.337441,0.538834,0.571548,-0.018073,-0.846060,-0.643936,-0.360376,0.624830,0.311360,0.296200,-0.372731,-0.163111,0.660774,-2.085237,-1.896611,1.581766,1.219318,0.575806,-0.542347,-0.644991,-0.094903,0.849824,-0.000349,0.449936
40.357017,2.278708,-2.782336,-0.365181,-0.399199,1.338617,0.539029,0.573455,-0.018073,-0.846060,-0.643936,-0.360376,0.624830,0.311360,0.296200,-0.372731,-0.163111,0.660774,-2.085237,-1.896611,1.581766,1.219318,0.575806,-0.542347,-0.644991,-0.094903,0.849824,-0.000349,0.449936
40.358082,2.278241,-2.782004,-0.370934,-0.400099,1.341937,0.538914,0.574460,-0.033372,-0.801958,-0.659984,-0.376526,0.623401,0.312532,0.296274,-0.372159,-0.163654,0.660125,-2.085332,-1.895777,1.581764,1.219755,0.575728,-0.543036,-0.646745,-0.095206,0.848710,-0.000669,0.445995
40.358985,2.283754,-2.785821,-0.373645,-0.396928,1.342762,0.539220,0.575924,-0.035000,-0.758494,-0.661460,-0.391402,0.621477,0.315219,0.296336,-0.371580,-0.164200,0.659476,-2.085424,-1.894932,1.581763,1.220199,0.576233,-0.542583,-0.645185,-0.093469,0.846085,-0.000700,0.444044
40.359952,2.277167,-2.784788,-0.368623,-0.397162,1.339567,0.539772,0.577577,-0.024931,-0.721446,-0.650872,-0.402769,0.619050,0.318816,0.296362,-0.371009,-0.164742,0.658837,-2.085524,-1.894079,1.581760,1.220629,0.572694,-0.539186,-0.643910,-0.095446,0.844502,-0.001126,0.440923
40.361140,2.278915,-2.772163,-0.380174,-0.396204,1.343990,0.538766,0.576499,-0.002776,-0.698130,-0.628367,-0.407055,0.615964,0.322919,0.296342,-0.370432,-0.165277,0.658182,-2.085617,-1.893235,1.581758,1.221060,0.575664,-0.538718,-0.646915,-0.094185,0.847623,-0.001804,0.437541
40.362088,2.283077,-2.772065,-0.374452,-0.395347,1.342697,0.537821,0.578831,0.027065,-0.684061,-0.598237,-0.406628,0.612517,0.327375,0.296305,-0.369856,-0.165836,0.657548,-2.085712,-1.892396,1.581758,1.221505,0.575892,-0.545018,-0.643661,-0.094435,0.844976,-0.000958,0.440001
40.362978,2.279497,-2.763269,-0.367665,-0.394491,1.343384,0.536794,0.579948,0.059455,-0.669879,-0.565129,-0.406471,0.609213,0.332248,0.296292,-0.369292,-0.166374,0.656894,-2.085807,-1.891556,1.581762,1.221928,0.573433,-0.543839,-0.646874,-0.094229,0.846053,-0.000172,0.435190
40.363976,2.281968,-2.761005,-0.367213,-0.392855,1.344560,0.536566,0.577227,0.097860,-0.655683,-0.525156,-0.407375,0.606205,0.337948,0.296290,-0.368715,-0.166929,0.656233,-2.085901,-1.890714,1.581764,1.222357,0.574358,-0.546590,-0.649963,-0.093986,0.844573,0.000717,0.432782
40.364940,2.281335,-2.764157,-0.364587,-0.392205,1.343599,0.537198,0.579322,0.145419,-0.643567,-0.474991,-0.408858,0.603537,0.344682,0.296306,-0.368143,-0.167481,0.655586,-2.085997,-1.889868,1.581767,1.222800,0.572982,-0.546641,-0.650969,-0.094626,0.843518,0.000773,0.438232
40.366006,2.279377,-2.766202,-0.366560,-0.391860,1.343972,0.536682,0.579653,0.202036,-0.637116,-0.415018,-0.409006,0.601132,0.352156,0.296354,-0.367574,-0.168017,0.654928,-2.086092,-1.889027,1.581766,1.223231,0.573014,-0.543993,-0.652674,-0.094233,0.844393,-0.000003,0.433863
40.367003,2.273109,-2.767418,-0.361743,-0.392737,1.343630,0.536591,0.581976,0.266305,-0.641842,-0.347258,-0.405039,0.598800,0.359799,0.296387,-0.366996,-0.168558,0.654278,-2.086183,-1.888180,1.581767,1.223662,0.574270,-0.542448,-0.653013,-0.093779,0.844708,0.000365,0.433332
40.367995,2.276102,-2.773095,-0.364777,-0.391269,1.342737,0.535514,0.582231,0.402943,-0.687324,-0.204574,-0.384707,0.594366,0.373655,0.296315,-0.365848,-0.169623,0.652954,-2.086367,-1.886489,1.581770,1.224502,0.575568,-0.537309,-0.655077,-0.092550,0.846142,0.001236,0.428210
40.369080,2.285889,-2.770391,-0.364970,-0.392788,1.345964,0.534562,0.582164,0.402943,-0.687324,-0.204574,-0.384707,0.594366,0.373655,0.296315,-0.365848,-0.169623,0.652954,-2.086367,-1.886489,1.581770,1.224502,0.575568,-0.537309,-0.655077,-0.092550,0.846142,0.001236,0.428210
40.370042,2.284887,-2.769529,-0.354633,-0.393546,1.344404,0.536681,0.582989,0.474300,-0.729117,-0.130632,-0.368471,0.592248,0.379697,0.296247,-0.365280,-0.170166,0.652300,-2.086452,-1.885643,1.581774,1.224934,0.571172,-0.538254,-0.656456,-0.090357,0.843757,0.002006,0.428475
40.371048,2.278272,-2.766689,-0.354324,-0.392038,1.342274,0.537135,0.584369,0.638807,-0.835027,0.040740,-0.336067,0.589188,0.392957,0.296096,-0.364130,-0.171237,0.650954,-2.086627,-1.883948,1.581769,1.225776,0.574568,-0.538246,-0.662507,-0.089489,0.847459,-0.000836,0.424021
40.371962,2.277731,-2.759624,-0.351238,-0.391324,1.347303,0.536918,0.584885,0.725021,-0.887656,0.131243,-0.323727,0.588519,0.400071,0.296005,-0.363559,-0.171782,0.650291,-2.086714,-1.883107,1.581768,1.226194,0.574141,-0.540352,-0.663941,-0.089285,0.841803,-0.000739,0.422893
40.373046,2.278698,-2.759202,-0.348006,-0.391445,1.345695,0.537266,0.584605,0.807987,-0.933588,0.218989,-0.315442,0.588524,0.407201,0.295964,-0.362981,-0.172317,0.649614,-2.086800,-1.882270,1.581768,1.226621,0.574050,-0.540177,-0.666746,-0.088515,0.844442,-0.001249,0.423610
40.374076,2.269558,-2.761625,-0.349431,-0.390531,1.344963,0.536727,0.582966,0.886279,-0.973431,0.302389,-0.310231,0.589039,0.414099,0.296006,-0.362391,-0.172852,0.648953,-2.086889,-1.881422,1.581768,1.227048,0.578559,-0.538287,-0.666924,-0.088642,0.845539,-0.000850,0.426965
40.374962,2.264058,-2.762141,-0.347615,-0.391870,1.348562,0.537009,0.583266,0.954997,-1.009320,0.375931,-0.306303,0.589802,0.420010,0.296123,-0.361811,-0.173379,0.648283,-2.086971,-1.880591,1.581764,1.227472,0.580316,-0.536650,-0.667384,-0.086456,0.841191,-0.001244,0.426134
40.376063,2.271168,-2.767617,-0.353389,-0.390279,1.346675,0.536339,0.583029,0.954997,-1.009320,0.375931,-0.306303,0.589802,0.420010,0.296123,-0.361811,-0.173379,0.648283,-2.086971,-1.880591,1.581764,1.227472,0.580316,-0.536650,-0.667384,-0.086456,0.841191,-0.001244,0.426134
40.377016,2.273820,-2.764698,-0.354459,-0.391273,1.347637,0.535354,0.579965,1.013039,-1.044493,0.438204,-0.302017,0.590547,0.424604,0.296282,-0.361236,-0.173909,0.647613,-2.087060,-1.879741,1.581765,1.227908,0.577258,-0.533698,-0.665897,-0.087377,0.844125,-0.000734,0.426757
40.378015,2.265161,-2.759289,-0.353689,-0.388594,1.350359,0.536331,0.580353,1.064444,-1.082449,0.493314,-0.295685,0.590932,0.428163,0.296483,-0.360659,-0.174449,0.646954,-2.087142,-1.878895,1.581767,1.228352,0.575476,-0.534036,-0.665637,-0.085612,0.842859,0.000108,0.432790
40.379073,2.267971,-2.755931,-0.359925,-0.387785,1.351368,0.536220,0.580262,1.145137,-1.150624,0.580222,-0.282894,0.590395,0.433066,0.296979,-0.359498,-0.175527,0.645626,-2.087320,-1.877223,1.581766,1.229221,0.578392,-0.536986,-0.664603,-0.087515,0.840111,-0.001060,0.432172
40.380043,2.261895,-2.748075,-0.362549,-0.387283,1.354873,0.536047,0.580762,1.145137,-1.150624,0.580222,-0.282894,0.590395,0.433066,0.296979,-0.359498,-0.175527,0.645626,-2.087320,-1.877223,1.581766,1.229221,0.578392,-0.536986,-0.664603,-0.087515,0.840111,-0.001060,0.432172
40.380972,2.254473,-2.737061,-0.365804,-0.385107,1.358692,0.536948,0.578939,1.167715,-1.169758,0.605243,-0.280320,0.589631,0.434375,0.297195,-0.358917,-0.176068,0.644963,-2.087408,-1.876405,1.581765,1.229647,0.581058,-0.539850,-0.663671,-0.087177,0.836730,-0.001020,0.431107
40.382068,2.254370,-2.738461,-0.369929,-0.383258,1.359492,0.535126,0.578636,1.173506,-1.171535,0.613184,-0.283615,0.588966,0.434844,0.297395,-0.358327,-0.176621,0.644300,-2.087498,-1.875576,1.581763,1.230091,0.583984,-0.543921,-0.662045,-0.088397,0.832605,-0.002052,0.434604
40.383050,2.253187,-2.729605,-0.375930,-0.382963,1.357835,0.533562,0.578302,1.161142,-1.155398,0.602618,-0.292407,0.588653,0.434355,0.297619,-0.357738,-0.177169,0.643643,-2.087589,-1.874740,1.581767,1.230525,0.584346,-0.542721,-0.661520,-0.089476,0.832908,-0.000388,0.435319
40.383954,2.258088,-2.724161,-0.382693,-0.381943,1.362360,0.531896,0.577317,1.133956,-1.126940,0.576813,-0.303787,0.588765,0.432932,0.297876,-0.357155,-0.177719,0.642985,-2.087677,-1.873912,1.581769,1.230965,0.584589,-0.546082,-0.659024,-0.088922,0.834749,0.001021,0.435897
40.384946,2.249967,-2.725624,-0.381794,-0.382586,1.356377,0.531401,0.575422,1.095362,-1.088923,0.539406,-0.317196,0.589601,0.430812,0.298164,-0.356577,-0.178269,0.642343,-2.087765,-1.873085,1.581774,1.231408,0.581289,-0.547232,-0.655700,-0.089015,0.829672,0.002527,0.437649
40.385927,2.241323,-2.726313,-0.388982,-0.382010,1.353515,0.531286,0.573955,1.049044,-1.045171,0.494064,-0.331938,0.591425,0.428175,0.298505,-0.355990,-0.178818,0.641683,-2.087851,-1.872233,1.581778,1.231854,0.585082,-0.545422,-0.656774,-0.087574,0.835771,0.002847,0.441369
40.386983,2.238276,-2.722643,-0.394744,-0.382920,1.351592,0.532732,0.572319,0.933929,-0.962043,0.377670,-0.356695,0.597859,0.419846,0.299366,-0.354789,-0.179904,0.640387,-2.088020,-1.870540,1.581780,1.232756,0.590277,-0.545285,-0.652195,-0.085824,0.841106,0.001188,0.447435
40.388086,2.235451,-2.723043,-0.408003,-0.383180,1.350215,0.532901,0.572321,0.933929,-0.962043,0.377670,-0.356695,0.597859,0.419846,0.299366,-0.354789,-0.179904,0.640387,-2.088020,-1.870540,1.581780,1.232756,0.590277,-0.545285,-0.652195,-0.085824,0.841106,0.001188,0.447435
40.388939,2.230089,-2.719495,-0.399907,-0.381009,1.342112,0.533904,0.571981,0.860840,-0.922909,0.301916,-0.367112,0.602424,0.413623,0.299808,-0.354200,-0.180445,0.639744,-2.088105,-1.869704,1.581780,1.233201,0.592089,-0.544747,-0.647288,-0.084971,0.843610,0.000872,0.447499
40.389999,2.230458,-2.724048,-0.407358,-0.383579,1.340710,0.533833,0.570350,0.779424,-0.885852,0.216797,-0.376203,0.607565,0.406280,0.300189,-0.353600,-0.180992,0.639082,-2.088194,-1.868838,1.581779,1.233654,0.593333,-0.544731,-0.650794,-0.086141,0.850435,-0.000258,0.447823
40.391044,2.232797,-2.723561,-0.417839,-0.383558,1.336484,0.534152,0.569765,0.697450,-0.855718,0.130541,-0.382103,0.612763,0.398450,0.300515,-0.353011,-0.181534,0.638443,-2.088269,-1.867978,1.581778,1.234111,0.593244,-0.541843,-0.648440,-0.083106,0.852302,-0.000325,0.451097
40.391946,2.232447,-2.724766,-0.425324,-0.382408,1.333574,0.534602,0.567406,0.619180,-0.835402,0.047731,-0.384642,0.617661,0.390476,0.300808,-0.352419,-0.182071,0.637805,-2.088349,-1.867118,1.581778,1.234567,0.592028,-0.541503,-0.644500,-0.082571,0.856945,-0.000799,0.452203
40.392957,2.226531,-2.722547,-0.426845,-0.382728,1.331312,0.534725,0.567258,0.543932,-0.825365,-0.032481,-0.383558,0.621881,0.382249,0.301073,-0.351823,-0.182607,0.637178,-2.088432,-1.866251,1.581778,1.235034,0.591159,-0.539481,-0.640972,-0.082906,0.858903,-0.001380,0.456623
40.394012,2.222720,-2.723838,-0.428405,-0.381345,1.336150,0.534966,0.566613,0.401945,-0.831172,-0.186380,-0.370928,0.627175,0.365166,0.301543,-0.350624,-0.183680,0.635891,-2.088597,-1.864541,1.581781,1.235951,0.595639,-0.538625,-0.641754,-0.082709,0.856946,-0.002055,0.458031
40.394980,2.226471,-2.718209,-0.431799,-0.379444,1.333928,0.536531,0.566250,0.338637,-0.842590,-0.256106,-0.361374,0.628177,0.356941,0.301764,-0.350030,-0.184226,0.635261,-2.088681,-1.863668,1.581773,1.236407,0.593143,-0.540326,-0.640787,-0.083834,0.858813,-0.003727,0.458576
40.396094,2.226750,-2.717574,-0.441028,-0.380263,1.339790,0.536463,0.565542,0.338637,-0.842590,-0.256106,-0.361374,0.628177,0.356941,0.301764,-0.350030,-0.184226,0.635261,-2.088681,-1.863668,1.581773,1.236407,0.593143,-0.540326,-0.640787,-0.083834,0.858813,-0.003727,0.458576
40.396954,2.225487,-2.718479,-0.437566,-0.379001,1.338838,0.539006,0.566627,0.236182,-0.870087,-0.370317,-0.341415,0.627659,0.342968,0.302090,-0.348846,-0.185297,0.633992,-2.088845,-1.861975,1.581758,1.237324,0.592805,-0.538338,-0.639641,-0.082917,0.853940,-0.006406,0.457491
40.397921,2.223992,-2.717518,-0.444031,-0.379376,1.342953,0.538223,0.566792,0.236182,-0.870087,-0.370317,-0.341415,0.627659,0.342968,0.302090,-0.348846,-0.185297,0.633992,-2.088845,-1.861975,1.581758,1.237324,0.592805,-0.538338,-0.639641,-0.082917,0.853940,-0.006406,0.457491
40.398974,2.226529,-2.713780,-0.451577,-0.378358,1.342830,0.537367,0.567877,0.199184,-0.886500,-0.412660,-0.331521,0.626618,0.337486,0.302132,-0.348256,-0.185829,0.633358,-2.088924,-1.861123,1.581754,1.237780,0.593021,-0.537848,-0.637057,-0.081883,0.849570,-0.005705,0.457008
40.400099,2.228091,-2.718662,-0.453801,-0.378796,1.342512,0.534465,0.567585,0.170310,-0.903806,-0.446689,-0.321928,0.625379,0.332955,0.302112,-0.347667,-0.186368,0.632726,-2.089008,-1.860278,1.581751,1.238233,0.591795,-0.539149,-0.634736,-0.082252,0.850348,-0.004981,0.454802
40.401018,2.228830,-2.713821,-0.459236,-0.377784,1.347356,0.533480,0.569911,0.134199,-0.938254,-0.493022,-0.303650,0.622683,0.326633,0.301967,-0.346486,-0.187445,0.631460,-2.089170,-1.858592,1.581752,1.239130,0.590304,-0.537621,-0.633257,-0.081587,0.846484,-0.001393,0.450605
40.402067,2.224433,-2.709717,-0.457008,-0.376028,1.347224,0.533125,0.570345,0.127789,-0.954863,-0.504563,-0.294812,0.621235,0.324935,0.301860,-0.345887,-0.187988,0.630817,-2.089253,-1.857748,1.581750,1.239581,0.592448,-0.539018,-0.635709,-0.082723,0.847263,-0.001186,0.449761
40.403096,2.225541,-2.702063,-0.457387,-0.372579,1.348120,0.532433,0.570519,0.128483,-0.966837,-0.508577,-0.286909,0.619629,0.324397,0.301752,-0.345303,-0.188541,0.630185,-2.089344,-1.856899,1.581750,1.240029,0.591820,-0.541972,-0.636741,-0.085345,0.846710,-0.000640,0.449382
40.404025,2.229534,-2.694076,-0.460030,-0.372013,1.351834,0.532883,0.572104,0.128483,-0.966837,-0.508577,-0.286909,0.619629,0.324397,0.301752,-0.345303,-0.188541,0.630185,-2.089344,-1.856899,1.581750,1.240029,0.591820,-0.541972,-0.636741,-0.085345,0.846710,-0.000640,0.449382
40.405003,2.224941,-2.688790,-0.465623,-0.370096,1.351306,0.532842,0.573620,0.137188,-0.971466,-0.503588,-0.280615,0.617772,0.325318,0.301642,-0.344719,-0.189087,0.629548,-2.089428,-1.856066,1.581748,1.240471,0.589079,-0.544608,-0.635737,-0.085076,0.842625,-0.001227,0.445999
40.406030,2.222915,-2.685090,-0.468447,-0.371028,1.352119,0.532837,0.575316,0.151737,-0.966323,-0.491631,-0.277357,0.615679,0.327616,0.301518,-0.344119,-0.189636,0.628924,-2.089515,-1.855229,1.581746,1.240913,0.590839,-0.546106,-0.633825,-0.086191,0.843230,-0.001307,0.442870
40.406953,2.219275,-2.686931,-0.464509,-0.370211,1.357014,0.532533,0.575383,0.166969,-0.950714,-0.478285,-0.277862,0.613352,0.330733,0.301387,-0.343530,-0.190183,0.628286,-2.089595,-1.854396,1.581742,1.241343,0.591725,-0.547127,-0.633591,-0.084627,0.842907,-0.001427,0.439504
40.408094,2.227463,-2.684836,-0.464772,-0.368558,1.354823,0.529559,0.575596,0.181935,-0.928360,-0.464795,-0.281480,0.610813,0.334338,0.301280,-0.342937,-0.190728,0.627643,-2.089681,-1.853564,1.581742,1.241780,0.592675,-0.544790,-0.635779,-0.084599,0.837583,-0.001254,0.439229
40.408978,2.223686,-2.684716,-0.464894,-0.366881,1.358161,0.527035,0.576900,0.202415,-0.907373,-0.445322,-0.285361,0.607970,0.338611,0.301226,-0.342350,-0.191278,0.627006,-2.089769,-1.852713,1.581749,1.242211,0.589205,-0.545646,-0.637794,-0.085633,0.841172,0.001541,0.439025
40.409933,2.218305,-2.678318,-0.461088,-0.364188,1.362446,0.527596,0.577249,0.271228,-0.889909,-0.377489,-0.283379,0.601085,0.349042,0.301294,-0.341167,-0.192372,0.625725,-2.089951,-1.851064,1.581760,1.243083,0.592090,-0.546061,-0.640054,-0.088027,0.832789,0.003135,0.435360
40.411015,2.219185,-2.672355,-0.456623,-0.362920,1.360486,0.528335,0.577881,0.271228,-0.889909,-0.377489,-0.283379,0.601085,0.349042,0.301294,-0.341167,-0.192372,0.625725,-2.089951,-1.851064,1.581760,1.243083,0.592090,-0.546061,-0.640054,-0.088027,0.832789,0.003135,0.435360
40.412062,2.217775,-2.662420,-0.462523,-0.365137,1.362713,0.529840,0.580484,0.314842,-0.890679,-0.333966,-0.278126,0.597557,0.354712,0.301395,-0.340580,-0.192922,0.625069,-2.090039,-1.850235,1.581763,1.243510,0.591902,-0.548498,-0.643710,-0.088567,0.835843,0.002222,0.434230
40.413018,2.217666,-2.658779,-0.462683,-0.362504,1.360488,0.529856,0.580913,0.361623,-0.888856,-0.286185,-0.275037,0.594711,0.360911,0.301523,-0.339984,-0.193488,0.624428,-2.090118,-1.849400,1.581760,1.243929,0.592553,-0.552537,-0.641995,-0.085782,0.834217,0.000576,0.429095
40.413969,2.213387,-2.658330,-0.459568,-0.364087,1.357563,0.529278,0.581060,0.406876,-0.878446,-0.238597,-0.277727,0.593070,0.367472,0.301676,-0.339389,-0.194044,0.623790,-2.090209,-1.848549,1.581762,1.244354,0.591924,-0.552980,-0.642484,-0.087519,0.836193,0.000422,0.428206
40.415175,2.219759,-2.665984,-0.459425,-0.364846,1.357317,0.529148,0.584410,0.493032,-0.849515,-0.145453,-0.292039,0.593097,0.380424,0.302016,-0.338208,-0.195134,0.622491,-2.090374,-1.846859,1.581764,1.245190,0.591286,-0.548314,-0.647058,-0.083996,0.841015,0.000811,0.421495
40.416026,2.223521,-2.670042,-0.455517,-0.363544,1.354959,0.529676,0.583755,0.493032,-0.849515,-0.145453,-0.292039,0.593097,0.380424,0.302016,-0.338208,-0.195134,0.622491,-2.090374,-1.846859,1.581764,1.245190,0.591286,-0.548314,-0.647058,-0.083996,0.841015,0.000811,0.421495
40.417013,2.224790,-2.672191,-0.451223,-0.364338,1.352804,0.529314,0.584004,0.545227,-0.850592,-0.089202,-0.295627,0.594073,0.386855,0.302160,-0.337631,-0.195675,0.621836,-2.090459,-1.846014,1.581761,1.245609,0.588225,-0.544546,-0.648438,-0.084367,0.842230,0.000174,0.422653
40.417969,2.218814,-2.671407,-0.444299,-0.364308,1.351126,0.530651,0.583880,0.610832,-0.872753,-0.019353,-0.291821,0.595116,0.393448,0.302274,-0.337044,-0.196209,0.621177,-2.090540,-1.845176,1.581761,1.246039,0.587245,-0.542591,-0.651155,-0.082891,0.844498,0.000396,0.422101
40.418979,2.210500,-2.670577,-0.447553,-0.363155,1.353772,0.532582,0.583055,0.771538,-0.965408,0.150245,-0.268670,0.596962,0.406856,0.302448,-0.335848,-0.197287,0.619867,-2.090707,-1.843494,1.581755,1.246881,0.593397,-0.541469,-0.654112,-0.082630,0.843578,-0.003141,0.424005
40.420087,2.210597,-2.655545,-0.456115,-0.364025,1.352560,0.531824,0.581958,0.845976,-1.014232,0.228884,-0.257599,0.597878,0.412670,0.302514,-0.335248,-0.197848,0.619213,-2.090786,-1.842641,1.581753,1.247314,0.593605,-0.548517,-0.651477,-0.081293,0.845833,-0.002501,0.426365
40.421016,2.202745,-2.653551,-0.457921,-0.363396,1.352750,0.531739,0.581149,0.901793,-1.046452,0.288801,-0.254091,0.599008,0.417368,0.302588,-0.334652,-0.198400,0.618568,-2.090866,-1.841788,1.581752,1.247742,0.596697,-0.548007,-0.650816,-0.081227,0.845079,-0.002552,0.427847
40.421978,2.196892,-2.651550,-0.456841,-0.363632,1.356674,0.530150,0.579797,0.937072,-1.060847,0.327928,-0.258263,0.600198,0.420799,0.302678,-0.334045,-0.198941,0.617914,-2.090945,-1.840964,1.581756,1.248180,0.598829,-0.547884,-0.651777,-0.080322,0.841148,-0.001114,0.430450
40.423051,2.198562,-2.654413,-0.454266,-0.364257,1.358758,0.528381,0.580253,0.957994,-1.064963,0.352416,-0.266914,0.601154,0.423195,0.302757,-0.333444,-0.199482,0.617260,-2.091021,-1.840122,1.581758,1.248612,0.598013,-0.545938,-0.654446,-0.079258,0.839901,0.000491,0.429609
40.423969,2.203854,-2.663556,-0.461465,-0.360908,1.361054,0.527243,0.578952,0.974122,-1.071215,0.371717,-0.274033,0.601433,0.424871,0.302790,-0.332860,-0.200008,0.616613,-2.091108,-1.839297,1.581762,1.249047,0.594544,-0.540151,-0.650890,-0.081757,0.837238,0.001466,0.432067
40.425046,2.199909,-2.662785,-0.468440,-0.360240,1.366371,0.527997,0.579875,0.988610,-1.089679,0.388180,-0.273328,0.600653,0.425515,0.302761,-0.332257,-0.200549,0.615962,-2.091190,-1.838472,1.581760,1.249477,0.596626,-0.540116,-0.648857,-0.081827,0.832919,0.000552,0.430292
40.425989,2.190868,-2.651733,-0.474022,-0.359434,1.367054,0.526783,0.578152,0.994565,-1.113647,0.394528,-0.267007,0.599185,0.424710,0.302708,-0.331643,-0.201103,0.615324,-2.091269,-1.837634,1.581765,1.249918,0.600183,-0.544307,-0.646501,-0.081963,0.831999,0.001618,0.433637
40.426981,2.182329,-2.644692,-0.478153,-0.360626,1.365663,0.526792,0.577204,0.982936,-1.127501,0.382140,-0.262681,0.597841,0.422396,0.302707,-0.331038,-0.201651,0.614679,-2.091345,-1.836807,1.581764,1.250360,0.603899,-0.546766,-0.645206,-0.080213,0.833669,0.001461,0.435440
40.427998,2.187692,-2.630840,-0.481441,-0.359957,1.367038,0.526759,0.577502,0.982936,-1.127501,0.382140,-0.262681,0.597841,0.422396,0.302707,-0.331038,-0.201651,0.614679,-2.091345,-1.836807,1.581764,1.250360,0.603899,-0.546766,-0.645206,-0.080213,0.833669,0.001461,0.435440
40.429030,2.187196,-2.628685,-0.487175,-0.360083,1.369575,0.525737,0.577675,0.952565,-1.121130,0.350877,-0.266034,0.597286,0.419146,0.302785,-0.330441,-0.202218,0.614044,-2.091425,-1.835971,1.581765,1.250797,0.600867,-0.552613,-0.644677,-0.080297,0.832651,0.001343,0.434805
40.430053,2.185450,-2.628165,-0.486276,-0.361915,1.369622,0.525727,0.577286,0.909720,-1.093061,0.307957,-0.278586,0.597867,0.415857,0.302914,-0.329846,-0.202763,0.613401,-2.091503,-1.835135,1.581767,1.251226,0.600998,-0.552860,-0.642940,-0.079640,0.830630,0.002213,0.434506
40.431077,2.185671,-2.628632,-0.488435,-0.360891,1.366553,0.524633,0.576880,0.812980,-1.002347,0.213234,-0.319772,0.602370,0.410249,0.303232,-0.328635,-0.203874,0.612112,-2.091654,-1.833468,1.581771,1.252102,0.601062,-0.550982,-0.644427,-0.077880,0.834639,0.002998,0.436093
40.432078,2.182016,-2.628457,-0.500657,-0.359961,1.363767,0.524481,0.576742,0.812980,-1.002347,0.213234,-0.319772,0.602370,0.410249,0.303232,-0.328635,-0.203874,0.612112,-2.091654,-1.833468,1.581771,1.252102,0.601062,-0.550982,-0.644427,-0.077880,0.834639,0.002998,0.436093
40.432928,2.173888,-2.623591,-0.506729,-0.362470,1.356818,0.525244,0.577146,0.766541,-0.958275,0.167944,-0.339150,0.605807,0.407528,0.303408,-0.328035,-0.204418,0.611485,-2.091732,-1.832633,1.581773,1.252540,0.602484,-0.550125,-0.639328,-0.078227,0.837669,0.002983,0.436319
40.434022,2.170648,-2.621301,-0.516937,-0.360748,1.354141,0.526168,0.575891,0.715408,-0.918886,0.116941,-0.354581,0.609744,0.403832,0.303606,-0.327420,-0.204975,0.610853,-2.091800,-1.831777,1.581772,1.252975,0.604931,-0.550644,-0.636022,-0.075165,0.843397,0.002095,0.435207
40.435031,2.166119,-2.615301,-0.525580,-0.361698,1.348473,0.526091,0.575576,0.653644,-0.880743,0.053847,-0.367833,0.614155,0.398672,0.303821,-0.326814,-0.205532,0.610230,-2.091878,-1.830916,1.581770,1.253412,0.606678,-0.551208,-0.632826,-0.076465,0.846856,0.001021,0.437871
40.436004,2.168797,-2.612992,-0.528192,-0.360267,1.345767,0.526838,0.574456,0.579651,-0.841253,-0.022944,-0.379982,0.618826,0.392049,0.304056,-0.326200,-0.206084,0.609606,-2.091950,-1.830061,1.581770,1.253853,0.608394,-0.553240,-0.629677,-0.075064,0.852673,0.000964,0.438437
40.437046,2.171827,-2.609936,-0.529581,-0.361989,1.341464,0.526573,0.572949,0.497035,-0.800329,-0.109388,-0.391245,0.623448,0.384437,0.304300,-0.325594,-0.206641,0.608985,-2.092028,-1.829198,1.581768,1.254292,0.606327,-0.553131,-0.629300,-0.075921,0.855087,0.000077,0.440597
40.438044,2.171456,-2.613283,-0.529189,-0.361353,1.340381,0.528119,0.573297,0.415676,-0.761371,-0.194747,-0.401192,0.627723,0.376848,0.304513,-0.324996,-0.207189,0.608352,-2.092096,-1.828342,1.581768,1.254743,0.604693,-0.553907,-0.629966,-0.073874,0.859810,0.000202,0.443591
40.438905,2.168356,-2.616220,-0.530517,-0.360198,1.341542,0.527260,0.572722,0.291107,-0.711388,-0.325981,-0.411441,0.634156,0.364493,0.304770,-0.323775,-0.208282,0.607097,-2.092247,-1.826610,1.581764,1.255628,0.604365,-0.548000,-0.630369,-0.074495,0.858323,-0.000723,0.443653
40.440023,2.167107,-2.618296,-0.540859,-0.360722,1.337164,0.527952,0.572841,0.291107,-0.711388,-0.325981,-0.411441,0.634156,0.364493,0.304770,-0.323775,-0.208282,0.607097,-2.092247,-1.826610,1.581764,1.255628,0.604365,-0.548000,-0.630369,-0.074495,0.858323,-0.000723,0.443653
40.440981,2.161429,-2.617257,-0.544263,-0.360315,1.333903,0.527603,0.573131,0.250689,-0.711162,-0.369834,-0.406543,0.635837,0.359332,0.304831,-0.323173,-0.208821,0.606475,-2.092318,-1.825743,1.581761,1.256074,0.605350,-0.546750,-0.627301,-0.073690,0.863731,-0.001574,0.443532
40.442053,2.165719,-2.620468,-0.553414,-0.360212,1.337127,0.527947,0.572495,0.217853,-0.725283,-0.406862,-0.395265,0.636496,0.354100,0.304865,-0.322559,-0.209366,0.605859,-2.092391,-1.824864,1.581760,1.256515,0.607310,-0.546087,-0.626443,-0.073605,0.866410,-0.001344,0.442810
40.443037,2.164233,-2.614612,-0.552313,-0.361838,1.333560,0.529207,0.574315,0.165743,-0.780383,-0.469488,-0.361116,0.635350,0.343343,0.304779,-0.321355,-0.210449,0.604608,-2.092529,-1.823130,1.581749,1.257394,0.605352,-0.545931,-0.625075,-0.071421,0.867102,-0.003198,0.440406
40.444011,2.163065,-2.607202,-0.555096,-0.359340,1.336622,0.530062,0.574647,0.165743,-0.780383,-0.469488,-0.361116,0.635350,0.343343,0.304779,-0.321355,-0.210449,0.604608,-2.092529,-1.823130,1.581749,1.257394,0.605352,-0.545931,-0.625075,-0.071421,0.867102,-0.003198,0.440406
40.444972,2.167840,-2.615324,-0.552664,-0.359532,1.341123,0.530946,0.574536,0.149400,-0.810265,-0.490819,-0.344484,0.634028,0.338951,0.304650,-0.320748,-0.211003,0.603990,-2.092607,-1.822266,1.581745,1.257828,0.605236,-0.548434,-0.624613,-0.073354,0.863714,-0.004165,0.439696
40.446076,2.165064,-2.621188,-0.557588,-0.359056,1.343782,0.532078,0.577879,0.143317,-0.838371,-0.501030,-0.329375,0.632309,0.335951,0.304474,-0.320156,-0.211532,0.603360,-2.092676,-1.821422,1.581735,1.258270,0.602222,-0.543325,-0.626532,-0.072708,0.859017,-0.005130,0.439799
40.446948,2.165363,-2.619123,-0.558271,-0.360798,1.344825,0.529569,0.578459,0.174095,-0.917625,-0.477526,-0.289820,0.626838,0.334044,0.303874,-0.318951,-0.212598,0.602114,-2.092814,-1.819699,1.581730,1.259115,0.602388,-0.539718,-0.625708,-0.070688,0.855109,-0.003970,0.431924
40.447999,2.158866,-2.622801,-0.561946,-0.360847,1.348029,0.528211,0.577138,0.174095,-0.917625,-0.477526,-0.289820,0.626838,0.334044,0.303874,-0.318951,-0.212598,0.602114,-2.092814,-1.819699,1.581730,1.259115,0.602388,-0.539718,-0.625708,-0.070688,0.855109,-0.003970,0.431924
40.448981,2.163552,-2.615413,-0.564065,-0.359365,1.348708,0.525851,0.579275,0.204010,-0.967113,-0.451330,-0.266497,0.623228,0.334498,0.303492,-0.318342,-0.213134,0.601484,-2.092883,-1.818851,1.581729,1.259558,0.605481,-0.537297,-0.625330,-0.070368,0.852450,-0.002776,0.434629
40.449987,2.162593,-2.609664,-0.568751,-0.359574,1.348449,0.522640,0.579650,0.237537,-1.017089,-0.421592,-0.243123,0.619217,0.335557,0.303117,-0.317741,-0.213681,0.600866,-2.092956,-1.818005,1.581733,1.259976,0.602517,-0.539960,-0.625282,-0.071392,0.851785,-0.000571,0.430289
40.450978,2.153842,-2.600878,-0.564868,-0.360108,1.354225,0.521827,0.581696,0.305884,-1.092160,-0.359610,-0.205389,0.610606,0.339852,0.302386,-0.316528,-0.214772,0.599602,-2.093094,-1.816331,1.581744,1.260824,0.606388,-0.545298,-0.626878,-0.069907,0.846646,0.003086,0.425460
40.452068,2.159572,-2.596498,-0.564923,-0.361072,1.354499,0.521685,0.582512,0.336890,-1.104523,-0.330219,-0.197808,0.606695,0.343314,0.302071,-0.315937,-0.215328,0.598975,-2.093161,-1.815475,1.581747,1.261243,0.603743,-0.546890,-0.628664,-0.068737,0.847252,0.003047,0.424039
40.452992,2.162455,-2.592006,-0.566178,-0.360643,1.355593,0.522667,0.582506,0.336890,-1.104523,-0.330219,-0.197808,0.606695,0.343314,0.302071,-0.315937,-0.215328,0.598975,-2.093161,-1.815475,1.581747,1.261243,0.603743,-0.546890,-0.628664,-0.068737,0.847252,0.003047,0.424039
40.454003,2.151329,-2.594649,-0.559589,-0.360101,1.356907,0.522386,0.583752,0.370104,-1.100996,-0.296925,-0.198148,0.603323,0.348092,0.301837,-0.315335,-0.215872,0.598346,-2.093230,-1.814638,1.581745,1.261667,0.601336,-0.547767,-0.628405,-0.068716,0.845709,0.001929,0.423944
40.455024,2.148527,-2.593438,-0.564558,-0.360406,1.359311,0.522675,0.584636,0.448433,-1.075808,-0.215602,-0.206476,0.597682,0.360259,0.301539,-0.314112,-0.216960,0.597080,-2.093366,-1.812962,1.581745,1.262503,0.607409,-0.545334,-0.631445,-0.068335,0.842711,0.001635,0.419790
40.456069,2.155117,-2.589221,-0.566691,-0.360149,1.358840,0.522295,0.585660,0.448433,-1.075808,-0.215602,-0.206476,0.597682,0.360259,0.301539,-0.314112,-0.216960,0.597080,-2.093366,-1.812962,1.581745,1.262503,0.607409,-0.545334,-0.631445,-0.068335,0.842711,0.001635,0.419790
40.457047,2.159793,-2.587147,-0.562230,-0.359163,1.357480,0.522380,0.586138,0.488201,-1.063214,-0.174196,-0.209364,0.595376,0.366409,0.301456,-0.313514,-0.217512,0.596442,-2.093434,-1.812113,1.581745,1.262919,0.603955,-0.546672,-0.631708,-0.068299,0.843701,0.001872,0.417856
40.458057,2.158872,-2.579783,-0.553685,-0.358280,1.356511,0.521772,0.587567,0.531145,-1.053002,-0.129177,-0.210562,0.593509,0.372823,0.301418,-0.312912,-0.218065,0.595807,-2.093504,-1.811262,1.581745,1.263330,0.601022,-0.546525,-0.634742,-0.068891,0.844964,0.001639,0.416936
40.458958,2.153594,-2.573016,-0.555454,-0.357745,1.358988,0.522344,0.589181,0.645079,-1.042462,-0.007658,-0.208042,0.591056,0.388515,0.301350,-0.311708,-0.219173,0.594525,-2.093646,-1.809576,1.581747,1.264142,0.602656,-0.550986,-0.639103,-0.069384,0.842995,0.001383,0.410834
40.460123,2.159331,-2.572707,-0.562013,-0.358389,1.356381,0.523016,0.587942,0.645079,-1.042462,-0.007658,-0.208042,0.591056,0.388515,0.301350,-0.311708,-0.219173,0.594525,-2.093646,-1.809576,1.581747,1.264142,0.602656,-0.550986,-0.639103,-0.069384,0.842995,0.001383,0.410834
40.461028,2.155877,-2.567284,-0.563741,-0.356386,1.356431,0.524243,0.589019,0.708051,-1.035478,0.060533,-0.207822,0.590576,0.397180,0.301292,-0.311118,-0.219722,0.593887,-2.093714,-1.808717,1.581746,1.264559,0.600540,-0.551047,-0.638159,-0.068601,0.847092,0.000546,0.413693
40.461991,2.141390,-2.565023,-0.558755,-0.357295,1.358382,0.524102,0.589583,0.767758,-1.026635,0.125522,-0.208427,0.590453,0.405515,0.301247,-0.310510,-0.220277,0.593249,-2.093787,-1.807879,1.581742,1.264967,0.601130,-0.552156,-0.637401,-0.070040,0.846398,-0.000791,0.411399
40.462953,2.135915,-2.570027,-0.566335,-0.357367,1.355549,0.522535,0.589432,0.861236,-1.005865,0.227630,-0.210699,0.590990,0.418981,0.301220,-0.309281,-0.221371,0.591976,-2.093922,-1.806192,1.581746,1.265786,0.609398,-0.548377,-0.637328,-0.068311,0.847008,0.000643,0.410606
40.464015,2.147086,-2.569515,-0.575568,-0.357077,1.356113,0.522942,0.589462,0.861236,-1.005865,0.227630,-0.210699,0.590990,0.418981,0.301220,-0.309281,-0.221371,0.591976,-2.093922,-1.806192,1.581746,1.265786,0.609398,-0.548377,-0.637328,-0.068311,0.847008,0.000643,0.410606
40.465064,2.147559,-2.572755,-0.573716,-0.356974,1.358181,0.522455,0.588766,0.889417,-1.000601,0.258151,-0.209837,0.591421,0.423006,0.301242,-0.308685,-0.221919,0.591341,-2.093991,-1.805338,1.581742,1.266201,0.603771,-0.548012,-0.634209,-0.068315,0.847011,0.000085,0.410696
40.466054,2.139576,-2.575174,-0.575906,-0.358331,1.356221,0.522514,0.587588,0.932799,-1.021290,0.303220,-0.196397,0.591898,0.427489,0.301269,-0.307469,-0.223000,0.590069,-2.094121,-1.803646,1.581744,1.267035,0.606818,-0.543583,-0.636288,-0.066579,0.847524,0.000214,0.414605
40.467023,2.125325,-2.568836,-0.573324,-0.355984,1.358166,0.523641,0.587023,0.932799,-1.021290,0.303220,-0.196397,0.591898,0.427489,0.301269,-0.307469,-0.223000,0.590069,-2.094121,-1.803646,1.581744,1.267035,0.606818,-0.543583,-0.636288,-0.066579,0.847524,0.000214,0.414605
40.467973,2.124136,-2.563903,-0.585763,-0.358399,1.360504,0.523118,0.586268,0.949775,-1.044576,0.319791,-0.185730,0.591866,0.428351,0.301241,-0.306844,-0.223550,0.589433,-2.094193,-1.802800,1.581742,1.267457,0.613026,-0.545617,-0.638293,-0.068487,0.845416,-0.001054,0.415689
40.468994,2.120311,-2.565578,-0.586010,-0.359089,1.358134,0.522954,0.586285,0.955133,-1.065328,0.323921,-0.177056,0.591835,0.427965,0.301193,-0.306236,-0.224090,0.588807,-2.094255,-1.801953,1.581744,1.267875,0.612693,-0.546897,-0.632636,-0.065785,0.842776,-0.000666,0.417150
40.470143,2.113822,-2.562117,-0.594506,-0.360298,1.363335,0.522089,0.585547,0.945866,-1.077806,0.312893,-0.173540,0.592017,0.426343,0.301134,-0.305614,-0.224634,0.588164,-2.094318,-1.801114,1.581744,1.268294,0.614063,-0.545208,-0.633620,-0.064914,0.845592,-0.000653,0.417166
40.471045,2.114648,-2.562149,-0.593742,-0.360018,1.364488,0.522348,0.582783,0.923429,-1.082005,0.288527,-0.175663,0.592419,0.423672,0.301085,-0.304986,-0.225187,0.587541,-2.094378,-1.800277,1.581747,1.268712,0.617574,-0.546756,-0.631732,-0.063751,0.841830,0.000039,0.418946
40.472068,2.122746,-2.564627,-0.598876,-0.358043,1.363987,0.521060,0.581709,0.855499,-1.075325,0.217770,-0.190869,0.593423,0.416614,0.301113,-0.303774,-0.226266,0.586282,-2.094509,-1.798606,1.581749,1.269584,0.611509,-0.543273,-0.630958,-0.065382,0.841074,0.000779,0.426421
40.473025,2.116924,-2.562557,-0.602848,-0.356458,1.367050,0.518939,0.581012,0.855499,-1.075325,0.217770,-0.190869,0.593423,0.416614,0.301113,-0.303774,-0.226266,0.586282,-2.094509,-1.798606,1.581749,1.269584,0.611509,-0.543273,-0.630958,-0.065382,0.841074,0.000779,0.426421
40.473990,2.108435,-2.561226,-0.608427,-0.358449,1.368901,0.519525,0.579776,0.793878,-1.087189,0.154041,-0.194814,0.592738,0.409180,0.301083,-0.302533,-0.227347,0.585022,-2.094637,-1.796946,1.581758,1.270448,0.616852,-0.542752,-0.627542,-0.064377,0.836057,0.001965,0.430110
40.475082,2.102959,-2.558361,-0.613386,-0.357912,1.370260,0.519658,0.580544,0.793878,-1.087189,0.154041,-0.194814,0.592738,0.409180,0.301083,-0.302533,-0.227347,0.585022,-2.094637,-1.796946,1.581758,1.270448,0.616852,-0.542752,-0.627542,-0.064377,0.836057,0.001965,0.430110
40.475972,2.100948,-2.545225,-0.620406,-0.360001,1.369932,0.520167,0.578485,0.756972,-1.094161,0.115321,-0.194390,0.592150,0.404497,0.300998,-0.301909,-0.227900,0.584404,-2.094702,-1.796106,1.581758,1.270880,0.619490,-0.543656,-0.627043,-0.064798,0.835707,0.001675,0.428673
40.477025,2.100003,-2.537393,-0.630195,-0.360773,1.371328,0.520492,0.577337,0.710808,-1.091936,0.067224,-0.197683,0.592043,0.399142,0.300885,-0.301294,-0.228454,0.583786,-2.094758,-1.795280,1.581757,1.271318,0.619106,-0.548597,-0.623716,-0.062483,0.835432,0.001043,0.432606
40.477962,2.093398,-2.531266,-0.628660,-0.361242,1.369596,0.519217,0.576525,0.653810,-1.071621,0.008877,-0.209426,0.593011,0.393509,0.300781,-0.300670,-0.229012,0.583176,-2.094818,-1.794444,1.581757,1.271759,0.619221,-0.551679,-0.620537,-0.061647,0.834722,0.000567,0.434920
40.479010,2.098633,-2.526386,-0.641150,-0.360599,1.365969,0.518676,0.574643,0.514707,-0.975350,-0.130204,-0.258592,0.599007,0.382452,0.300734,-0.299437,-0.230125,0.581937,-2.094941,-1.792749,1.581761,1.272645,0.618510,-0.554894,-0.617214,-0.061454,0.840255,0.002082,0.440165
40.480018,2.099158,-2.531902,-0.641318,-0.361725,1.362697,0.518295,0.573264,0.514707,-0.975350,-0.130204,-0.258592,0.599007,0.382452,0.300734,-0.299437,-0.230125,0.581937,-2.094941,-1.792749,1.581761,1.272645,0.618510,-0.554894,-0.617214,-0.061454,0.840255,0.002082,0.440165
40.480985,2.091130,-2.534309,-0.651578,-0.364765,1.358866,0.520317,0.573212,0.443107,-0.915644,-0.200945,-0.286859,0.603501,0.377256,0.300812,-0.298816,-0.230676,0.581325,-2.095001,-1.791897,1.581763,1.273088,0.617631,-0.551111,-0.618490,-0.060188,0.843661,0.002306,0.442858
40.481976,2.087113,-2.534346,-0.654317,-0.362794,1.353150,0.521434,0.573367,0.376552,-0.863041,-0.267060,-0.310882,0.608429,0.372081,0.300904,-0.298193,-0.231217,0.580715,-2.095052,-1.791045,1.581759,1.273531,0.620752,-0.548826,-0.614286,-0.057167,0.847291,0.000144,0.442811
40.483052,2.086224,-2.529664,-0.658513,-0.366018,1.349556,0.522051,0.571564,0.253345,-0.793104,-0.393233,-0.340112,0.617999,0.360285,0.300937,-0.296951,-0.232324,0.579490,-2.095163,-1.789307,1.581756,1.274428,0.622258,-0.549454,-0.613900,-0.055913,0.857012,-0.001856,0.446080
40.483943,2.085386,-2.521994,-0.661364,-0.363700,1.346414,0.522965,0.570655,0.253345,-0.793104,-0.393233,-0.340112,0.617999,0.360285,0.300937,-0.296951,-0.232324,0.579490,-2.095163,-1.789307,1.581756,1.274428,0.622258,-0.549454,-0.613900,-0.055913,0.857012,-0.001856,0.446080
40.484955,2.085101,-2.520432,-0.663087,-0.363619,1.344760,0.522638,0.571882,0.198489,-0.769567,-0.450423,-0.348486,0.622199,0.354393,0.300864,-0.296329,-0.232877,0.578878,-2.095227,-1.788448,1.581749,1.274878,0.621235,-0.551636,-0.612762,-0.057899,0.859196,-0.002862,0.447595
40.486086,2.090362,-2.521096,-0.664070,-0.363771,1.342594,0.521925,0.572598,0.151186,-0.749326,-0.499722,-0.354715,0.625787,0.349213,0.300743,-0.295702,-0.233429,0.578271,-2.095284,-1.787582,1.581747,1.275323,0.620702,-0.551424,-0.613311,-0.057913,0.860886,-0.002654,0.445048
40.487039,2.095106,-2.525769,-0.667627,-0.363871,1.341329,0.521369,0.571629,0.116054,-0.735302,-0.536226,-0.357352,0.628480,0.345143,0.300584,-0.295092,-0.233973,0.577650,-2.095340,-1.786724,1.581745,1.275759,0.618389,-0.550877,-0.615095,-0.057885,0.864220,-0.002091,0.443814
40.487967,2.085941,-2.530436,-0.667843,-0.362941,1.343777,0.521112,0.571370,0.098449,-0.733189,-0.554437,-0.354412,0.630062,0.342506,0.300408,-0.294482,-0.234514,0.577035,-2.095398,-1.785853,1.581742,1.276208,0.615128,-0.547348,-0.614074,-0.057627,0.864947,-0.001657,0.445611
40.489055,2.087001,-2.532403,-0.670975,-0.363120,1.341686,0.521623,0.573033,0.098859,-0.749013,-0.554570,-0.343278,0.630320,0.340980,0.300223,-0.293853,-0.235055,0.576425,-2.095457,-1.784988,1.581737,1.276650,0.618518,-0.543698,-0.614632,-0.058353,0.861791,-0.001508,0.445931
40.490057,2.086188,-2.538521,-0.675184,-0.363716,1.342787,0.521193,0.572034,0.113023,-0.784089,-0.541772,-0.323138,0.629186,0.339960,0.300021,-0.293239,-0.235591,0.575804,-2.095513,-1.784127,1.581737,1.277090,0.617940,-0.542387,-0.614941,-0.058234,0.864681,-0.002183,0.442660
40.490981,2.082565,-2.526532,-0.672596,-0.363949,1.347899,0.519369,0.572915,0.137711,-0.836150,-0.519495,-0.295259,0.626788,0.339219,0.299793,-0.292620,-0.236126,0.575196,-2.095569,-1.783262,1.581733,1.277538,0.617698,-0.538479,-0.614138,-0.057604,0.863514,-0.001864,0.444628
40.491975,2.080858,-2.521152,-0.675272,-0.365003,1.346291,0.519524,0.574028,0.170176,-0.898156,-0.489983,-0.263737,0.623552,0.338887,0.299527,-0.292009,-0.236670,0.574574,-2.095626,-1.782403,1.581735,1.277981,0.618435,-0.543200,-0.615914,-0.057205,0.857713,-0.000174,0.442632
40.493021,2.080071,-2.521754,-0.677247,-0.365934,1.348610,0.519659,0.573571,0.206258,-0.956334,-0.456383,-0.235780,0.620167,0.339326,0.299239,-0.291388,-0.237217,0.573955,-2.095681,-1.781553,1.581732,1.278413,0.618554,-0.544848,-0.615652,-0.056094,0.859440,-0.000473,0.440370
40.494069,2.078180,-2.527418,-0.676022,-0.365390,1.354895,0.519396,0.573364,0.243315,-1.002908,-0.420920,-0.215231,0.617030,0.340703,0.298953,-0.290765,-0.237761,0.573339,-2.095733,-1.780696,1.581731,1.278848,0.618557,-0.543828,-0.616269,-0.055272,0.857514,-0.000755,0.441360
40.495140,2.081248,-2.528431,-0.680403,-0.363701,1.355738,0.518722,0.573944,0.282500,-1.042392,-0.382845,-0.199618,0.614074,0.342870,0.298666,-0.290149,-0.238290,0.572713,-2.095791,-1.779847,1.581731,1.279292,0.619210,-0.540480,-0.618374,-0.055818,0.851710,-0.000637,0.441780
40.495963,2.076203,-2.528791,-0.670785,-0.364012,1.356696,0.517122,0.574004,0.326339,-1.082797,-0.340152,-0.184033,0.611008,0.345625,0.298378,-0.289531,-0.238828,0.572090,-2.095852,-1.779006,1.581734,1.279734,0.617486,-0.539525,-0.617874,-0.057438,0.851735,-0.000133,0.440663
40.497015,2.069497,-2.528056,-0.668081,-0.362522,1.360884,0.517615,0.573250,0.376779,-1.128429,-0.291077,-0.165421,0.607617,0.348919,0.298117,-0.288921,-0.239369,0.571467,-2.095907,-1.778162,1.581736,1.280171,0.618268,-0.537438,-0.622308,-0.056844,0.849379,0.001346,0.440206
40.497960,2.072341,-2.524068,-0.673886,-0.363823,1.359095,0.518408,0.573726,0.434419,-1.178989,-0.234811,-0.143828,0.603939,0.352823,0.297920,-0.288291,-0.239900,0.570832,-2.095970,-1.777330,1.581735,1.280618,0.621213,-0.537336,-0.625065,-0.058205,0.845917,0.000689,0.441739
40.498953,2.077732,-2.517580,-0.674890,-0.363030,1.363086,0.518255,0.573017,0.496010,-1.230032,-0.174410,-0.121382,0.600155,0.357215,0.297801,-0.287673,-0.240441,0.570217,-2.096024,-1.776478,1.581732,1.281050,0.618715,-0.538127,-0.622831,-0.056823,0.847354,-0.000229,0.440645
40.499962,2.074431,-2.504785,-0.668570,-0.363960,1.363742,0.517311,0.574194,0.558200,-1.275317,-0.112860,-0.101226,0.596516,0.362095,0.297737,-0.287067,-0.240983,0.569591,-2.096081,-1.775648,1.581732,1.281493,0.615459,-0.540436,-0.623361,-0.057536,0.843551,-0.000208,0.442007
40.500994,2.075512,-2.498432,-0.661450,-0.363672,1.364098,0.517384,0.575500,0.620861,-1.307560,-0.049433,-0.087285,0.593389,0.367910,0.297709,-0.286448,-0.241539,0.568951,-2.096133,-1.774799,1.581735,1.281935,0.616542,-0.545817,-0.627545,-0.056650,0.843121,0.000579,0.439566
40.502027,2.076703,-2.501825,-0.668028,-0.363387,1.368537,0.517851,0.576622,0.685586,-1.320618,0.018403,-0.082923,0.591117,0.375220,0.297709,-0.285829,-0.242096,0.568315,-2.096191,-1.773950,1.581734,1.282362,0.615536,-0.548046,-0.632325,-0.056909,0.843152,0.000356,0.437004
40.503077,2.071994,-2.499826,-0.675162,-0.363399,1.367867,0.518559,0.577350,0.753442,-1.318128,0.091489,-0.086259,0.589622,0.383914,0.297726,-0.285222,-0.242635,0.567684,-2.096249,-1.773123,1.581733,1.282794,0.614643,-0.545609,-0.630267,-0.057143,0.839286,-0.000260,0.434798
40.504059,2.059022,-2.495840,-0.667355,-0.364691,1.366374,0.516852,0.578604,0.819702,-1.308809,0.163374,-0.092152,0.588560,0.392840,0.297768,-0.284601,-0.243186,0.567064,-2.096304,-1.772279,1.581731,1.283230,0.616692,-0.545895,-0.628276,-0.057157,0.840600,-0.001111,0.433396
40.505034,2.053163,-2.497704,-0.671797,-0.364878,1.362224,0.517436,0.577795,0.922027,-1.276799,0.273876,-0.106803,0.587490,0.407696,0.297931,-0.283346,-0.244274,0.565792,-2.096413,-1.770584,1.581732,1.284083,0.624280,-0.544804,-0.631482,-0.055612,0.846146,-0.000274,0.432461
40.506070,2.056689,-2.493812,-0.677691,-0.364518,1.362038,0.515581,0.578346,0.922027,-1.276799,0.273876,-0.106803,0.587490,0.407696,0.297931,-0.283346,-0.244274,0.565792,-2.096413,-1.770584,1.581732,1.284083,0.624280,-0.544804,-0.631482,-0.055612,0.846146,-0.000274,0.432461
40.506972,2.059896,-2.481502,-0.679216,-0.365023,1.360291,0.515800,0.579380,0.954679,-1.258261,0.308590,-0.113694,0.587366,0.412991,0.298043,-0.282723,-0.244827,0.565168,-2.096468,-1.769731,1.581737,1.284513,0.622009,-0.545931,-0.629933,-0.055988,0.846680,0.001423,0.431378
40.507961,2.050699,-2.480254,-0.679696,-0.365915,1.357591,0.514856,0.578784,0.977442,-1.238637,0.332561,-0.120020,0.587527,0.417223,0.298175,-0.282114,-0.245385,0.564537,-2.096522,-1.768885,1.581735,1.284939,0.619199,-0.550460,-0.629346,-0.055359,0.847726,0.001065,0.429134
40.509007,2.046266,-2.472930,-0.684104,-0.367542,1.360828,0.514158,0.580628,0.992317,-1.213700,0.348575,-0.128451,0.588201,0.420927,0.298313,-0.281481,-0.245937,0.563911,-2.096576,-1.768025,1.581741,1.285374,0.622965,-0.549942,-0.630095,-0.054444,0.850353,0.001841,0.430309
40.510039,2.040928,-2.475237,-0.694586,-0.368484,1.360033,0.513816,0.578651,0.997668,-1.181540,0.354967,-0.140565,0.589486,0.423951,0.298443,-0.280860,-0.246499,0.563285,-2.096626,-1.767178,1.581749,1.285789,0.624779,-0.552742,-0.629346,-0.052986,0.847588,0.002339,0.426696
40.511147,2.035280,-2.481324,-0.706413,-0.369971,1.360983,0.516099,0.576158,0.989997,-1.142433,0.347741,-0.156568,0.591372,0.425743,0.298576,-0.280216,-0.247040,0.562661,-2.096676,-1.766331,1.581753,1.286228,0.626704,-0.550813,-0.625441,-0.052182,0.848825,0.002508,0.430731
40.511993,2.025626,-2.482774,-0.707304,-0.370117,1.356707,0.516919,0.577354,0.966287,-1.101961,0.322856,-0.173553,0.593591,0.425520,0.298727,-0.279582,-0.247583,0.562050,-2.096726,-1.765480,1.581748,1.286669,0.629430,-0.547423,-0.621704,-0.050926,0.848890,0.000064,0.435854
40.513038,2.033793,-2.486218,-0.713904,-0.372521,1.356350,0.516108,0.576327,0.926441,-1.068262,0.279440,-0.187254,0.595736,0.422779,0.298857,-0.278956,-0.248117,0.561429,-2.096777,-1.764629,1.581749,1.287097,0.632466,-0.545025,-0.621094,-0.050664,0.851955,-0.000867,0.433112
40.514024,2.038496,-2.484891,-0.718814,-0.372884,1.358218,0.516002,0.576529,0.876450,-1.046782,0.224011,-0.195465,0.597569,0.417989,0.298909,-0.278334,-0.248656,0.560810,-2.096821,-1.763770,1.581749,1.287542,0.627912,-0.542670,-0.619316,-0.048543,0.852685,-0.000190,0.435216
40.514947,2.035346,-2.479081,-0.722874,-0.372327,1.358866,0.514862,0.575016,0.826072,-1.039739,0.167604,-0.198224,0.599045,0.412303,0.298889,-0.277719,-0.249203,0.560200,-2.096869,-1.762920,1.581751,1.287971,0.624867,-0.542300,-0.618005,-0.048316,0.850766,-0.000245,0.434750
40.516045,2.027194,-2.472805,-0.726683,-0.373550,1.363512,0.513772,0.573371,0.780170,-1.043887,0.115945,-0.197182,0.600176,0.406555,0.298825,-0.277089,-0.249744,0.559581,-2.096918,-1.762081,1.581752,1.288416,0.625162,-0.543892,-0.616472,-0.048907,0.849674,0.000763,0.437605
40.516928,2.020219,-2.471548,-0.733543,-0.374216,1.367306,0.514568,0.574851,0.735681,-1.050078,0.066270,-0.195938,0.601058,0.400872,0.298746,-0.276447,-0.250296,0.558970,-2.096966,-1.761238,1.581755,1.288858,0.629005,-0.546552,-0.616675,-0.047953,0.846020,0.001678,0.441004
40.518027,2.017549,-2.466892,-0.742114,-0.372524,1.367626,0.515453,0.572769,0.686918,-1.050159,0.012869,-0.198096,0.601872,0.394962,0.298658,-0.275818,-0.250835,0.558365,-2.097011,-1.760413,1.581752,1.289295,0.630902,-0.545606,-0.613528,-0.047339,0.841558,0.000755,0.437738
40.519039,2.016423,-2.468783,-0.751439,-0.375599,1.367945,0.515567,0.571728,0.566562,-1.028829,-0.116481,-0.210455,0.603206,0.381314,0.298502,-0.274541,-0.251932,0.557146,-2.097103,-1.758724,1.581747,1.290191,0.631734,-0.545616,-0.608071,-0.046481,0.842234,-0.000514,0.444051
40.520005,2.013157,-2.474535,-0.752479,-0.375770,1.370604,0.514897,0.573204,0.566562,-1.028829,-0.116481,-0.210455,0.603206,0.381314,0.298502,-0.274541,-0.251932,0.557146,-2.097103,-1.758724,1.581747,1.290191,0.631734,-0.545616,-0.608071,-0.046481,0.842234,-0.000514,0.444051
40.521059,2.016559,-2.469999,-0.758265,-0.378647,1.367183,0.514698,0.570988,0.499149,-1.014784,-0.188542,-0.216728,0.603653,0.373676,0.298450,-0.273914,-0.252463,0.556545,-2.097149,-1.757894,1.581748,1.290629,0.632384,-0.541739,-0.608661,-0.046469,0.839552,0.000020,0.440942
40.522068,2.024123,-2.468079,-0.762748,-0.377452,1.371312,0.513064,0.569934,0.434709,-1.005679,-0.257374,-0.220797,0.604019,0.366044,0.298388,-0.273285,-0.253010,0.555950,-2.097187,-1.757040,1.581747,1.291088,0.630246,-0.543392,-0.607662,-0.044043,0.843569,0.000066,0.445413
40.523169,2.017390,-2.466799,-0.767913,-0.381714,1.372735,0.514502,0.569354,0.334197,-0.996593,-0.363240,-0.225933,0.605447,0.353506,0.298266,-0.272033,-0.254093,0.554739,-2.097270,-1.755365,1.581748,1.291989,0.629131,-0.543768,-0.606416,-0.041692,0.839364,-0.000068,0.448643
40.524232,2.009984,-2.456065,-0.776038,-0.383842,1.371475,0.515183,0.569810,0.294250,-0.985817,-0.404076,-0.232744,0.607268,0.348650,0.298210,-0.271388,-0.254654,0.554145,-2.097306,-1.754517,1.581746,1.292432,0.632285,-0.548376,-0.604320,-0.040096,0.841300,-0.000882,0.447747
40.525015,2.003427,-2.442592,-0.779025,-0.384156,1.367550,0.516598,0.570367,0.250701,-0.957128,-0.447524,-0.248668,0.610368,0.344217,0.298166,-0.270760,-0.255211,0.553548,-2.097346,-1.753675,1.581740,1.292879,0.633310,-0.552805,-0.602378,-0.039859,0.843545,-0.002378,0.446174
40.526082,2.003985,-2.443590,-0.789233,-0.386785,1.364428,0.517324,0.568150,0.201169,-0.908832,-0.496200,-0.273435,0.614717,0.340057,0.298148,-0.270126,-0.255764,0.552949,-2.097380,-1.752816,1.581734,1.293340,0.632620,-0.551582,-0.599235,-0.037785,0.847272,-0.003219,0.450646
40.527145,2.003538,-2.443228,-0.787480,-0.386723,1.359916,0.515336,0.565874,0.150839,-0.851120,-0.545343,-0.301741,0.619858,0.336263,0.298179,-0.269497,-0.256320,0.552346,-2.097420,-1.751945,1.581735,1.293799,0.632494,-0.551031,-0.602051,-0.038299,0.852226,-0.001363,0.455176
40.528052,1.999206,-2.444757,-0.779919,-0.389143,1.352077,0.515942,0.566224,0.150839,-0.851120,-0.545343,-0.301741,0.619858,0.336263,0.298179,-0.269497,-0.256320,0.552346,-2.097420,-1.751945,1.581735,1.293799,0.632494,-0.551031,-0.602051,-0.038299,0.852226,-0.001363,0.455176
40.529017,2.005398,-2.446908,-0.790513,-0.389365,1.348608,0.514202,0.564448,0.109613,-0.796848,-0.584914,-0.327560,0.625187,0.333365,0.298256,-0.268861,-0.256860,0.551733,-2.097452,-1.751081,1.581730,1.294256,0.633171,-0.548837,-0.606272,-0.036258,0.859246,-0.002096,0.454137
40.530056,2.003039,-2.448255,-0.793949,-0.390986,1.345657,0.514436,0.565351,0.084275,-0.755570,-0.608004,-0.346723,0.630157,0.331695,0.298353,-0.268236,-0.257406,0.551143,-2.097487,-1.750211,1.581734,1.294718,0.629056,-0.546599,-0.602104,-0.036462,0.862271,-0.000494,0.457531
40.530999,1.995521,-2.439860,-0.786223,-0.392266,1.341638,0.515666,0.566529,0.075942,-0.722304,-0.612113,-0.360470,0.637542,0.330824,0.298436,-0.266974,-0.258500,0.549917,-2.097556,-1.748454,1.581731,1.295621,0.632327,-0.548121,-0.606627,-0.034474,0.868724,-0.002255,0.453078
40.532186,1.997794,-2.436681,-0.794684,-0.392566,1.341093,0.514529,0.566461,0.075942,-0.722304,-0.612113,-0.360470,0.637542,0.330824,0.298436,-0.266974,-0.258500,0.549917,-2.097556,-1.748454,1.581731,1.295621,0.632327,-0.548121,-0.606627,-0.034474,0.868724,-0.002255,0.453078
40.532938,1.993341,-2.430838,-0.794678,-0.393838,1.339227,0.515489,0.567185,0.087483,-0.717965,-0.597938,-0.361727,0.640032,0.331717,0.298360,-0.266351,-0.259056,0.549318,-2.097593,-1.747578,1.581731,1.296072,0.631714,-0.549655,-0.605337,-0.034830,0.870699,-0.001267,0.453464
40.534033,1.990941,-2.435261,-0.801303,-0.394482,1.337724,0.512746,0.568073,0.105069,-0.713735,-0.576985,-0.363119,0.641860,0.333468,0.298215,-0.265718,-0.259603,0.548713,-2.097625,-1.746712,1.581725,1.296526,0.631443,-0.550205,-0.604532,-0.033760,0.870359,-0.002317,0.451458
40.534978,1.988121,-2.440547,-0.793347,-0.393025,1.337924,0.511651,0.569009,0.149041,-0.717256,-0.526842,-0.360067,0.643022,0.337715,0.297812,-0.264453,-0.260678,0.547494,-2.097697,-1.744967,1.581732,1.297415,0.632680,-0.543810,-0.608131,-0.035508,0.871740,0.001203,0.447730
40.536012,1.993026,-2.444219,-0.788182,-0.394525,1.338710,0.512507,0.570585,0.149041,-0.717256,-0.526842,-0.360067,0.643022,0.337715,0.297812,-0.264453,-0.260678,0.547494,-2.097697,-1.744967,1.581732,1.297415,0.632680,-0.543810,-0.608131,-0.035508,0.871740,0.001203,0.447730
40.536953,1.996790,-2.448247,-0.792333,-0.395646,1.344054,0.511636,0.569970,0.184368,-0.742483,-0.489274,-0.346910,0.641834,0.340298,0.297586,-0.263825,-0.261215,0.546871,-2.097728,-1.744092,1.581728,1.297856,0.629656,-0.541312,-0.612097,-0.034593,0.871105,0.000201,0.444568
40.538032,1.989067,-2.457418,-0.790658,-0.397462,1.345565,0.512556,0.570490,0.304340,-0.856825,-0.364564,-0.293794,0.636362,0.348264,0.297142,-0.262569,-0.262270,0.545642,-2.097790,-1.742372,1.581729,1.298740,0.630300,-0.533320,-0.613435,-0.032771,0.864417,-0.000148,0.444688
40.539021,1.984132,-2.452204,-0.784576,-0.395796,1.349370,0.513610,0.572744,0.304340,-0.856825,-0.364564,-0.293794,0.636362,0.348264,0.297142,-0.262569,-0.262270,0.545642,-2.097790,-1.742372,1.581729,1.298740,0.630300,-0.533320,-0.613435,-0.032771,0.864417,-0.000148,0.444688
40.540112,1.984881,-2.448581,-0.791541,-0.398129,1.355793,0.513935,0.573337,0.380081,-0.939729,-0.287159,-0.257307,0.632484,0.352829,0.296878,-0.261935,-0.262809,0.545020,-2.097827,-1.741516,1.581727,1.299175,0.631819,-0.535044,-0.617512,-0.034882,0.860528,-0.001332,0.440090
40.540944,1.987399,-2.448855,-0.785547,-0.398067,1.353317,0.514141,0.574678,0.458866,-1.026529,-0.206842,-0.219583,0.628340,0.357624,0.296556,-0.261310,-0.263341,0.544406,-2.097856,-1.740661,1.581725,1.299606,0.631308,-0.536561,-0.615962,-0.033222,0.854915,-0.001796,0.439076
40.542022,1.990469,-2.445344,-0.784350,-0.400560,1.358921,0.513622,0.575771,0.537716,-1.108287,-0.126026,-0.184764,0.624352,0.362813,0.296195,-0.260685,-0.263874,0.543777,-2.097890,-1.739817,1.581724,1.300037,0.628161,-0.534653,-0.618599,-0.033571,0.856182,-0.002116,0.436071
40.543062,1.990993,-2.449792,-0.781307,-0.401216,1.358996,0.512839,0.575864,0.619144,-1.183746,-0.041668,-0.153762,0.620692,0.368778,0.295821,-0.260056,-0.264416,0.543155,-2.097918,-1.738971,1.581727,1.300465,0.626385,-0.535953,-0.620987,-0.031782,0.851326,-0.001765,0.434021
40.544039,1.997141,-2.452877,-0.780065,-0.403154,1.360501,0.515022,0.575309,0.705816,-1.253149,0.049245,-0.126725,0.617458,0.375792,0.295460,-0.259441,-0.264936,0.542523,-2.097950,-1.738122,1.581727,1.300896,0.625786,-0.533253,-0.623845,-0.031733,0.851756,-0.001126,0.433900
40.545057,1.991782,-2.451217,-0.787091,-0.405269,1.359984,0.513849,0.575436,0.799161,-1.320007,0.147882,-0.101859,0.614527,0.383769,0.295130,-0.258822,-0.265462,0.541893,-2.097977,-1.737277,1.581722,1.301338,0.621861,-0.530870,-0.625280,-0.030395,0.850186,-0.003451,0.434921
40.546088,1.973776,-2.446634,-0.791462,-0.404546,1.362774,0.513561,0.575928,0.896572,-1.385792,0.250859,-0.078159,0.611764,0.392246,0.294853,-0.258197,-0.265995,0.541281,-2.098004,-1.736418,1.581726,1.301769,0.623995,-0.531009,-0.623113,-0.028945,0.850888,-0.002414,0.434665
40.546988,1.966849,-2.438153,-0.795352,-0.405156,1.360090,0.515307,0.578504,1.050631,-1.482573,0.411421,-0.043563,0.606852,0.405705,0.294464,-0.256910,-0.267070,0.540045,-2.098065,-1.734726,1.581715,1.302617,0.634080,-0.535455,-0.620733,-0.030107,0.850474,-0.004115,0.428382
40.548082,1.972415,-2.424703,-0.807667,-0.407845,1.361943,0.513239,0.578049,1.050631,-1.482573,0.411421,-0.043563,0.606852,0.405705,0.294464,-0.256910,-0.267070,0.540045,-2.098065,-1.734726,1.581715,1.302617,0.634080,-0.535455,-0.620733,-0.030107,0.850474,-0.004115,0.428382
40.548990,1.973174,-2.416320,-0.803504,-0.408137,1.362966,0.512350,0.579651,1.089678,-1.495782,0.450915,-0.038728,0.604967,0.409621,0.294311,-0.256281,-0.267618,0.539435,-2.098090,-1.733873,1.581717,1.303048,0.631095,-0.541756,-0.616610,-0.028226,0.849472,-0.002180,0.429498
40.550023,1.967572,-2.417687,-0.802550,-0.408071,1.363178,0.509729,0.577971,1.107268,-1.478309,0.468738,-0.046582,0.603884,0.412710,0.294198,-0.255656,-0.268169,0.538806,-2.098120,-1.733036,1.581716,1.303479,0.629377,-0.544371,-0.619003,-0.028420,0.847890,-0.001429,0.426074
40.551049,1.960920,-2.418330,-0.810551,-0.408831,1.362926,0.508993,0.578216,1.113178,-1.437691,0.475410,-0.063978,0.603489,0.415799,0.294120,-0.255016,-0.268716,0.538181,-2.098150,-1.732186,1.581722,1.303916,0.631534,-0.542861,-0.620844,-0.029095,0.848081,0.001027,0.429515
40.551985,1.953606,-2.419755,-0.814658,-0.411010,1.363954,0.507467,0.580099,1.111902,-1.387647,0.474660,-0.083857,0.603279,0.418616,0.294059,-0.254386,-0.269252,0.537567,-2.098179,-1.731344,1.581725,1.304335,0.634235,-0.541835,-0.618227,-0.028978,0.848734,0.001578,0.429057
40.553024,1.946667,-2.418269,-0.821371,-0.413271,1.363292,0.506355,0.580114,1.100945,-1.337015,0.462776,-0.102008,0.602960,0.420279,0.293984,-0.253743,-0.269793,0.536960,-2.098203,-1.730501,1.581728,1.304756,0.636510,-0.539859,-0.616938,-0.027420,0.847308,0.002957,0.425172
40.554004,1.940803,-2.413010,-0.833141,-0.413963,1.362280,0.505821,0.580177,1.040030,-1.241557,0.394208,-0.133255,0.602380,0.418331,0.293745,-0.252455,-0.270878,0.535742,-2.098253,-1.728804,1.581738,1.305603,0.641107,-0.541522,-0.610360,-0.025896,0.849390,0.004242,0.425107
40.554957,1.939943,-2.406520,-0.838217,-0.413459,1.363220,0.503974,0.578174,0.986227,-1.192176,0.333953,-0.148673,0.602418,0.414548,0.293631,-0.251812,-0.271431,0.535139,-2.098283,-1.727951,1.581743,1.306042,0.640249,-0.543457,-0.608801,-0.026937,0.848106,0.005934,0.429022
40.556161,1.937465,-2.398663,-0.843967,-0.414476,1.364253,0.504642,0.576879,0.986227,-1.192176,0.333953,-0.148673,0.602418,0.414548,0.293631,-0.251812,-0.271431,0.535139,-2.098283,-1.727951,1.581743,1.306042,0.640249,-0.543457,-0.608801,-0.026937,0.848106,0.005934,0.429022
40.557028,1.931632,-2.394422,-0.838282,-0.416711,1.364023,0.504907,0.577561,0.920298,-1.138392,0.260870,-0.165059,0.602874,0.409561,0.293567,-0.251175,-0.271983,0.534525,-2.098308,-1.727108,1.581744,1.306480,0.642015,-0.547515,-0.608915,-0.026853,0.849011,0.005056,0.431903
40.557963,1.931619,-2.392482,-0.846041,-0.417486,1.362958,0.506377,0.577419,0.848755,-1.078374,0.182842,-0.184173,0.604008,0.404296,0.293554,-0.250526,-0.272532,0.533908,-2.098330,-1.726257,1.581745,1.306913,0.643005,-0.547851,-0.611816,-0.025212,0.848177,0.004666,0.430240
40.559016,1.925757,-2.396671,-0.861151,-0.420492,1.363941,0.506932,0.576642,0.777843,-1.015462,0.106857,-0.205646,0.605866,0.399313,0.293563,-0.249880,-0.273083,0.533310,-2.098355,-1.725403,1.581747,1.307341,0.641561,-0.547426,-0.608727,-0.025070,0.848755,0.003040,0.430426
40.559967,1.912784,-2.394964,-0.866570,-0.421891,1.361691,0.509113,0.575913,0.707470,-0.956060,0.032027,-0.226696,0.608161,0.394166,0.293589,-0.249234,-0.273616,0.532717,-2.098374,-1.724564,1.581750,1.307779,0.643905,-0.544790,-0.603062,-0.022938,0.848426,0.002324,0.432035
40.561043,1.908440,-2.398521,-0.878480,-0.422879,1.362659,0.509563,0.574557,0.631361,-0.903195,-0.049378,-0.245654,0.610531,0.387833,0.293622,-0.248573,-0.274160,0.532126,-2.098394,-1.723705,1.581743,1.308212,0.648918,-0.544452,-0.601465,-0.022320,0.850287,0.000029,0.433384
40.561996,1.910579,-2.397779,-0.889843,-0.425062,1.365545,0.509586,0.574991,0.545661,-0.857765,-0.141980,-0.261617,0.612608,0.379784,0.293633,-0.247927,-0.274693,0.531535,-2.098417,-1.722864,1.581740,1.308655,0.650587,-0.542268,-0.597619,-0.022186,0.850140,-0.000541,0.436170
40.562973,1.914281,-2.397334,-0.882976,-0.426910,1.368192,0.508500,0.573870,0.359310,-0.796159,-0.345904,-0.281705,0.614841,0.360123,0.293600,-0.246643,-0.275776,0.530346,-2.098451,-1.721173,1.581740,1.309544,0.645269,-0.540665,-0.597747,-0.019831,0.844270,0.000257,0.437272
40.564114,1.912721,-2.392733,-0.888337,-0.427610,1.373447,0.508530,0.572156,0.359310,-0.796159,-0.345904,-0.281705,0.614841,0.360123,0.293600,-0.246643,-0.275776,0.530346,-2.098451,-1.721173,1.581740,1.309544,0.645269,-0.540665,-0.597747,-0.019831,0.844270,0.000257,0.437272
40.565016,1.916492,-2.392760,-0.886602,-0.428394,1.375874,0.508023,0.571696,0.216218,-0.772314,-0.501553,-0.292070,0.615065,0.343866,0.293558,-0.245351,-0.276858,0.529154,-2.098488,-1.719512,1.581740,1.310432,0.642469,-0.541374,-0.599138,-0.020107,0.837540,0.000432,0.441538
40.565941,1.905099,-2.388715,-0.896801,-0.431248,1.378437,0.508870,0.570607,0.216218,-0.772314,-0.501553,-0.292070,0.615065,0.343866,0.293558,-0.245351,-0.276858,0.529154,-2.098488,-1.719512,1.581740,1.310432,0.642469,-0.541374,-0.599138,-0.020107,0.837540,0.000432,0.441538
40.567017,1.901860,-2.388799,-0.901269,-0.431256,1.378094,0.511072,0.568599,0.127506,-0.766088,-0.594975,-0.299993,0.614751,0.333056,0.293399,-0.244049,-0.277937,0.527969,-2.098518,-1.717848,1.581730,1.311333,0.647753,-0.541594,-0.594733,-0.019134,0.835934,-0.002867,0.447573
40.568031,1.903999,-2.389199,-0.906407,-0.433460,1.376115,0.511616,0.567298,0.127506,-0.766088,-0.594975,-0.299993,0.614751,0.333056,0.293399,-0.244049,-0.277937,0.527969,-2.098518,-1.717848,1.581730,1.311333,0.647753,-0.541594,-0.594733,-0.019134,0.835934,-0.002867,0.447573
40.569070,1.906402,-2.385808,-0.919111,-0.435962,1.382065,0.512970,0.567329,0.091010,-0.763819,-0.632970,-0.303602,0.614862,0.328295,0.293328,-0.243401,-0.278480,0.527385,-2.098533,-1.717004,1.581726,1.311786,0.645736,-0.540543,-0.593858,-0.017857,0.838205,-0.003522,0.450079
40.570081,1.904436,-2.393144,-0.916031,-0.437802,1.372439,0.510452,0.567531,0.060734,-0.762654,-0.664333,-0.306393,0.615472,0.324114,0.293261,-0.242764,-0.279017,0.526800,-2.098547,-1.716183,1.581719,1.312237,0.643922,-0.541624,-0.589355,-0.016371,0.832907,-0.004991,0.449958
40.571008,1.902100,-2.386227,-0.910260,-0.439977,1.370721,0.510651,0.565359,0.026920,-0.770524,-0.699209,-0.307862,0.618838,0.318217,0.293039,-0.241484,-0.280088,0.525605,-2.098572,-1.714473,1.581717,1.313148,0.643847,-0.539389,-0.596152,-0.014274,0.843882,-0.002925,0.453600
40.572118,1.907804,-2.377053,-0.914595,-0.442216,1.371817,0.509444,0.563072,0.026920,-0.770524,-0.699209,-0.307862,0.618838,0.318217,0.293039,-0.241484,-0.280088,0.525605,-2.098572,-1.714473,1.581717,1.313148,0.643847,-0.539389,-0.596152,-0.014274,0.843882,-0.002925,0.453600
40.573191,1.904676,-2.376611,-0.921814,-0.443371,1.365981,0.510883,0.563613,0.048863,-0.779675,-0.672291,-0.311477,0.625862,0.318987,0.292794,-0.240197,-0.281189,0.524412,-2.098594,-1.712767,1.581712,1.314080,0.641894,-0.543155,-0.594746,-0.013189,0.850382,-0.003460,0.457035
40.574016,1.890359,-2.369473,-0.915528,-0.446810,1.359042,0.510130,0.563281,0.048863,-0.779675,-0.672291,-0.311477,0.625862,0.318987,0.292794,-0.240197,-0.281189,0.524412,-2.098594,-1.712767,1.581712,1.314080,0.641894,-0.543155,-0.594746,-0.013189,0.850382,-0.003460,0.457035
40.575018,1.887413,-2.361957,-0.920759,-0.446865,1.358503,0.509298,0.562605,0.095374,-0.756394,-0.616253,-0.330764,0.635580,0.324672,0.292607,-0.238898,-0.282288,0.523207,-2.098615,-1.711047,1.581714,1.315000,0.647294,-0.547538,-0.596486,-0.011583,0.856313,-0.002124,0.458511
40.576067,1.887902,-2.363492,-0.925697,-0.449679,1.354781,0.507776,0.561952,0.095374,-0.756394,-0.616253,-0.330764,0.635580,0.324672,0.292607,-0.238898,-0.282288,0.523207,-2.098615,-1.711047,1.581714,1.315000,0.647294,-0.547538,-0.596486,-0.011583,0.856313,-0.002124,0.458511
40.576982,1.887370,-2.368106,-0.919428,-0.453278,1.351874,0.507074,0.559850,0.116312,-0.731462,-0.590109,-0.345922,0.640399,0.328022,0.292580,-0.238252,-0.282839,0.522614,-2.098621,-1.710171,1.581714,1.315458,0.646382,-0.545977,-0.595913,-0.009960,0.860338,-0.000751,0.459771
40.578077,1.892343,-2.370312,-0.919221,-0.450766,1.354720,0.504943,0.562040,0.138970,-0.707349,-0.562244,-0.360785,0.644483,0.331593,0.292574,-0.237613,-0.283370,0.522003,-2.098624,-1.709310,1.581719,1.315931,0.645172,-0.542384,-0.599605,-0.007460,0.862484,-0.000214,0.463674
40.578968,1.891161,-2.373182,-0.906655,-0.451777,1.356840,0.503904,0.562725,0.171600,-0.695973,-0.524228,-0.370343,0.647355,0.335774,0.292522,-0.236975,-0.283911,0.521401,-2.098643,-1.708445,1.581723,1.316381,0.642416,-0.540933,-0.601870,-0.011007,0.860362,0.001747,0.459277
40.579971,1.887665,-2.371672,-0.909436,-0.451158,1.355379,0.504031,0.563066,0.221456,-0.705987,-0.468443,-0.369734,0.648700,0.341033,0.292358,-0.236341,-0.284442,0.520780,-2.098653,-1.707598,1.581725,1.316838,0.641447,-0.538087,-0.608381,-0.010861,0.857427,0.002636,0.457623
40.580973,1.884694,-2.369500,-0.912787,-0.453447,1.356512,0.504811,0.563944,0.367257,-0.787128,-0.309486,-0.337676,0.647305,0.354285,0.291722,-0.235049,-0.285524,0.519559,-2.098677,-1.705872,1.581723,1.317743,0.642767,-0.538177,-0.607812,-0.011210,0.857761,0.001430,0.454985
40.581997,1.881850,-2.368990,-0.907828,-0.455212,1.358439,0.504865,0.565590,0.447064,-0.842362,-0.223460,-0.314056,0.645497,0.361140,0.291313,-0.234411,-0.286059,0.518938,-2.098687,-1.705010,1.581723,1.318188,0.643452,-0.537731,-0.611660,-0.010554,0.856003,0.001235,0.451645
40.583063,1.885917,-2.365772,-0.912403,-0.456441,1.359644,0.505427,0.565136,0.527217,-0.899098,-0.137054,-0.290278,0.643663,0.368093,0.290891,-0.233770,-0.286600,0.518333,-2.098696,-1.704157,1.581722,1.318648,0.640906,-0.538808,-0.611217,-0.010486,0.855447,0.000523,0.452574
40.584077,1.891199,-2.370411,-0.908222,-0.457480,1.359781,0.503660,0.567152,0.527217,-0.899098,-0.137054,-0.290278,0.643663,0.368093,0.290891,-0.233770,-0.286600,0.518333,-2.098696,-1.704157,1.581722,1.318648,0.640906,-0.538808,-0.611217,-0.010486,0.855447,0.000523,0.452574
40.584970,1.888115,-2.377798,-0.900675,-0.459537,1.360575,0.504174,0.567412,0.609520,-0.957172,-0.048189,-0.266384,0.641997,0.375386,0.290507,-0.233148,-0.287120,0.517710,-2.098705,-1.703316,1.581724,1.319082,0.637653,-0.535874,-0.614568,-0.010543,0.855627,0.002152,0.448481
40.586055,1.887464,-2.380786,-0.895918,-0.462578,1.364371,0.504494,0.568686,0.796810,-1.102375,0.152874,-0.207520,0.638726,0.391451,0.289923,-0.231862,-0.288174,0.516452,-2.098718,-1.701606,1.581721,1.319969,0.637518,-0.529105,-0.622607,-0.007700,0.850921,0.001032,0.445257
40.587023,1.884114,-2.387889,-0.901371,-0.463957,1.366690,0.504815,0.569595,0.900936,-1.193043,0.263789,-0.172065,0.636973,0.399816,0.289690,-0.231226,-0.288685,0.515837,-2.098724,-1.700771,1.581719,1.320407,0.638108,-0.524805,-0.620739,-0.007423,0.848583,0.000583,0.443340
40.587970,1.878040,-2.388330,-0.910326,-0.464660,1.366420,0.506670,0.569323,0.900936,-1.193043,0.263789,-0.172065,0.636973,0.399816,0.289690,-0.231226,-0.288685,0.515837,-2.098724,-1.700771,1.581719,1.320407,0.638108,-0.524805,-0.620739,-0.007423,0.848583,0.000583,0.443340
40.589139,1.867243,-2.386544,-0.917508,-0.468058,1.367770,0.507873,0.571371,1.083675,-1.388591,0.453785,-0.094393,0.632045,0.412492,0.289199,-0.229932,-0.289739,0.514610,-2.098735,-1.699065,1.581711,1.321292,0.645379,-0.524708,-0.616118,-0.005803,0.848662,-0.002742,0.439838
40.590001,1.861576,-2.380776,-0.915611,-0.468403,1.369076,0.507364,0.571438,1.143182,-1.472501,0.512540,-0.060206,0.628745,0.415628,0.288968,-0.229282,-0.290264,0.513989,-2.098742,-1.698232,1.581709,1.321727,0.646201,-0.526109,-0.617030,-0.006429,0.846424,-0.002331,0.439468
40.591063,1.859655,-2.378333,-0.921514,-0.471192,1.371610,0.505359,0.573621,1.181027,-1.537268,0.547843,-0.033727,0.625034,0.417212,0.288754,-0.228629,-0.290792,0.513382,-2.098745,-1.697389,1.581711,1.322149,0.646515,-0.526927,-0.615883,-0.004923,0.844588,-0.000477,0.435188
40.592030,1.856258,-2.377754,-0.922449,-0.470597,1.378967,0.501327,0.575858,1.181027,-1.537268,0.547843,-0.033727,0.625034,0.417212,0.288754,-0.228629,-0.290792,0.513382,-2.098745,-1.697389,1.581711,1.322149,0.646515,-0.526927,-0.615883,-0.004923,0.844588,-0.000477,0.435188
40.592942,1.856248,-2.381018,-0.927976,-0.473336,1.378961,0.502511,0.574723,1.201573,-1.583570,0.564822,-0.014590,0.621001,0.417764,0.288536,-0.227985,-0.291310,0.512762,-2.098754,-1.696568,1.581721,1.322570,0.647018,-0.526387,-0.616293,-0.006586,0.837280,0.003379,0.430674
40.594049,1.854704,-2.376210,-0.942216,-0.475343,1.381597,0.502080,0.575395,1.209319,-1.617390,0.568140,0.000193,0.616703,0.417481,0.288312,-0.227339,-0.291829,0.512144,-2.098755,-1.695733,1.581720,1.323009,0.645434,-0.523594,-0.613915,-0.004974,0.836855,0.002014,0.432813
40.595038,1.852483,-2.377837,-0.948351,-0.476377,1.383015,0.502749,0.577259,1.205482,-1.642148,0.558848,0.012070,0.612372,0.416287,0.288102,-0.226700,-0.292364,0.511549,-2.098758,-1.694895,1.581724,1.323434,0.646049,-0.525813,-0.609123,-0.004352,0.835347,0.002281,0.431623
40.595985,1.847258,-2.369591,-0.956708,-0.477917,1.376644,0.502094,0.577524,1.156293,-1.658908,0.494730,0.024813,0.605113,0.410501,0.287713,-0.225396,-0.293413,0.510350,-2.098765,-1.693203,1.581729,1.324289,0.647226,-0.527353,-0.604112,-0.004106,0.840097,0.001959,0.427249
40.596998,1.836694,-2.363211,-0.963426,-0.481600,1.376284,0.502403,0.577962,1.156293,-1.658908,0.494730,0.024813,0.605113,0.410501,0.287713,-0.225396,-0.293413,0.510350,-2.098765,-1.693203,1.581729,1.324289,0.647226,-0.527353,-0.604112,-0.004106,0.840097,0.001959,0.427249
40.597984,1.829638,-2.349431,-0.969253,-0.482444,1.377113,0.501749,0.577102,1.108872,-1.645445,0.437908,0.023244,0.602794,0.405900,0.287537,-0.224740,-0.293944,0.509750,-2.098763,-1.692375,1.581729,1.324711,0.651519,-0.529834,-0.602268,-0.001778,0.840842,0.001490,0.426414
40.598970,1.822185,-2.343354,-0.975230,-0.482627,1.371580,0.502489,0.576376,0.959410,-1.543972,0.268660,-0.012561,0.602448,0.393699,0.287331,-0.223414,-0.295039,0.508560,-2.098773,-1.690676,1.581734,1.325578,0.656187,-0.537636,-0.599016,-0.003103,0.845563,0.001085,0.429502
40.600019,1.826089,-2.339103,-0.987431,-0.484947,1.371412,0.502844,0.575618,0.959410,-1.543972,0.268660,-0.012561,0.602448,0.393699,0.287331,-0.223414,-0.295039,0.508560,-2.098773,-1.690676,1.581734,1.325578,0.656187,-0.537636,-0.599016,-0.003103,0.845563,0.001085,0.429502
40.601042,1.825679,-2.335087,-0.991076,-0.488301,1.372665,0.504701,0.573998,0.862552,-1.459380,0.162449,-0.044201,0.604189,0.386534,0.287300,-0.222768,-0.295578,0.507973,-2.098772,-1.689836,1.581736,1.326010,0.653530,-0.539149,-0.594843,-0.002142,0.846309,0.000572,0.431081
40.601966,1.813845,-2.334988,-1.000181,-0.489063,1.366978,0.502956,0.573002,0.759597,-1.362553,0.051002,-0.080901,0.606869,0.379190,0.287313,-0.222112,-0.296122,0.507384,-2.098769,-1.688989,1.581729,1.326452,0.652799,-0.540337,-0.594767,-0.000189,0.845360,-0.001404,0.434313
40.603020,1.811734,-2.334968,-1.009274,-0.490831,1.365784,0.502313,0.573083,0.655050,-1.260876,-0.061225,-0.120283,0.610214,0.371831,0.287386,-0.221452,-0.296655,0.506801,-2.098769,-1.688125,1.581732,1.326888,0.657093,-0.539131,-0.591101,-0.000646,0.850415,0.000224,0.436123
40.603976,1.806643,-2.331349,-1.018209,-0.491967,1.368456,0.502228,0.570843,0.548310,-1.162314,-0.175965,-0.158168,0.613598,0.363900,0.287512,-0.220791,-0.297198,0.506216,-2.098768,-1.687276,1.581734,1.327326,0.657318,-0.538517,-0.588593,-0.000252,0.852148,0.000691,0.435987
40.604952,1.800635,-2.321057,-1.024401,-0.492194,1.368012,0.502488,0.570626,0.439579,-1.071898,-0.293678,-0.191905,0.616532,0.355122,0.287662,-0.220128,-0.297743,0.505642,-2.098768,-1.686428,1.581735,1.327768,0.658381,-0.539145,-0.585437,-0.000367,0.849172,0.000628,0.440373
40.606066,1.801136,-2.318670,-1.023235,-0.495782,1.371992,0.503078,0.571688,0.329890,-0.987815,-0.413037,-0.222431,0.618894,0.345734,0.287812,-0.219468,-0.298290,0.505059,-2.098771,-1.685588,1.581732,1.328212,0.660075,-0.543208,-0.583728,-0.001331,0.849638,0.000241,0.440655
40.607040,1.803186,-2.308419,-1.030955,-0.494339,1.377127,0.504335,0.571311,0.222860,-0.905686,-0.529202,-0.252465,0.620832,0.336462,0.287933,-0.218806,-0.298839,0.504466,-2.098768,-1.684743,1.581730,1.328655,0.659394,-0.544006,-0.586816,0.000755,0.846763,-0.000499,0.438638
40.607959,1.805379,-2.306233,-1.035728,-0.497965,1.377776,0.505583,0.571858,0.125613,-0.824271,-0.633426,-0.283543,0.622597,0.328337,0.288015,-0.218158,-0.299397,0.503890,-2.098775,-1.683904,1.581726,1.329091,0.657173,-0.547904,-0.584336,-0.001819,0.841585,-0.001880,0.439334
40.608978,1.800721,-2.312986,-1.035468,-0.497124,1.379016,0.506370,0.571400,0.042192,-0.744672,-0.721108,-0.315213,0.624322,0.321864,0.288066,-0.217504,-0.299941,0.503310,-2.098770,-1.683069,1.581721,1.329529,0.654437,-0.547566,-0.582896,0.000527,0.840541,-0.003232,0.438033
40.609951,1.802006,-2.316473,-1.039525,-0.501350,1.381642,0.506809,0.570898,-0.024779,-0.673939,-0.790178,-0.343988,0.625885,0.316987,0.288111,-0.216842,-0.300478,0.502731,-2.098777,-1.682228,1.581716,1.329973,0.655758,-0.543401,-0.584845,-0.001494,0.839650,-0.004132,0.438935
40.610978,1.802289,-2.319663,-1.042906,-0.502361,1.382600,0.504948,0.570339,-0.072324,-0.622787,-0.838571,-0.364881,0.627049,0.313469,0.288169,-0.216195,-0.301009,0.502143,-2.098770,-1.681407,1.581712,1.330409,0.653905,-0.540737,-0.584094,0.001349,0.837172,-0.004685,0.439855
40.612023,1.802846,-2.320100,-1.043561,-0.502901,1.381306,0.504042,0.569820,-0.099913,-0.595593,-0.866396,-0.376338,0.627821,0.311114,0.288235,-0.215540,-0.301543,0.501557,-2.098770,-1.680571,1.581711,1.330858,0.652865,-0.538468,-0.584184,0.000985,0.836700,-0.002941,0.440929
40.612951,1.796309,-2.313505,-1.045257,-0.505666,1.383289,0.503435,0.570490,-0.108158,-0.591636,-0.874469,-0.378430,0.628261,0.309881,0.288296,-0.214885,-0.302083,0.500973,-2.098772,-1.679723,1.581707,1.331295,0.651789,-0.537627,-0.585839,0.000205,0.838528,-0.002175,0.442001
40.614054,1.794587,-2.306589,-1.043756,-0.505397,1.383659,0.504932,0.570840,-0.099883,-0.604638,-0.865466,-0.373448,0.628554,0.309766,0.288336,-0.214232,-0.302621,0.500382,-2.098766,-1.678898,1.581710,1.331732,0.653534,-0.539676,-0.585835,0.001652,0.836227,-0.001718,0.440467
40.615087,1.800176,-2.300779,-1.045880,-0.508140,1.385230,0.504634,0.568597,-0.080064,-0.622616,-0.843818,-0.366859,0.629127,0.310817,0.288348,-0.213578,-0.303172,0.499794,-2.098768,-1.678055,1.581704,1.332176,0.653996,-0.542693,-0.589023,-0.000030,0.836948,-0.003361,0.439882
40.615955,1.799937,-2.295463,-1.044911,-0.509320,1.381308,0.503163,0.567803,-0.050179,-0.636611,-0.810083,-0.362613,0.630349,0.313386,0.288366,-0.212942,-0.303716,0.499200,-2.098764,-1.677228,1.581702,1.332630,0.650520,-0.544839,-0.589679,0.001309,0.835976,-0.003186,0.444369
40.617011,1.798540,-2.301247,-1.038981,-0.512888,1.379871,0.503369,0.568199,-0.009339,-0.643884,-0.762873,-0.362114,0.632425,0.317740,0.288417,-0.212294,-0.304263,0.498603,-2.098764,-1.676381,1.581703,1.333076,0.648754,-0.545764,-0.590439,0.001351,0.838926,-0.001836,0.445619
40.618069,1.799768,-2.310258,-1.040824,-0.514808,1.379575,0.501116,0.567306,0.043497,-0.648311,-0.701468,-0.363947,0.635307,0.323740,0.288490,-0.211640,-0.304801,0.497992,-2.098756,-1.675529,1.581703,1.333517,0.648766,-0.542281,-0.595180,0.003379,0.840920,-0.002206,0.444842
40.619052,1.790367,-2.313197,-1.045400,-0.516963,1.375170,0.502493,0.567254,0.110122,-0.660175,-0.624906,-0.363717,0.638654,0.330980,0.288573,-0.211000,-0.305324,0.497396,-2.098753,-1.674678,1.581707,1.333969,0.647613,-0.537387,-0.596145,0.003844,0.841787,-0.000111,0.446649
40.620029,1.789934,-2.307926,-1.039790,-0.517288,1.370194,0.500504,0.567118,0.186965,-0.687209,-0.538336,-0.357516,0.642011,0.338533,0.288652,-0.210344,-0.305857,0.496808,-2.098750,-1.673832,1.581704,1.334420,0.651138,-0.535045,-0.595215,0.004639,0.846220,-0.001647,0.446609
40.620964,1.784835,-2.303351,-1.039324,-0.517833,1.369398,0.501621,0.567566,0.267208,-0.727158,-0.449579,-0.345414,0.645109,0.345680,0.288716,-0.209702,-0.306401,0.496202,-2.098749,-1.672969,1.581709,1.334864,0.650218,-0.536646,-0.599178,0.003651,0.850973,0.000209,0.446771
40.621957,1.783149,-2.294038,-1.032754,-0.515539,1.363114,0.500207,0.566827,0.429272,-0.816563,-0.271802,-0.313814,0.650462,0.359655,0.288765,-0.208390,-0.307490,0.494980,-2.098752,-1.671255,1.581706,1.335756,0.650918,-0.541318,-0.604594,-0.000553,0.857513,0.000236,0.447086
40.623011,1.790751,-2.282440,-1.028054,-0.517718,1.360977,0.499592,0.567929,0.512260,-0.852885,-0.179437,-0.298998,0.652805,0.367601,0.288757,-0.207757,-0.308041,0.494360,-2.098750,-1.670398,1.581708,1.336200,0.646611,-0.546404,-0.608529,0.000253,0.860102,0.000681,0.444866
40.624042,1.786510,-2.279521,-1.029955,-0.519526,1.362745,0.499631,0.568766,0.512260,-0.852885,-0.179437,-0.298998,0.652805,0.367601,0.288757,-0.207757,-0.308041,0.494360,-2.098750,-1.670398,1.581708,1.336200,0.646611,-0.546404,-0.608529,0.000253,0.860102,0.000681,0.444866
40.624997,1.784706,-2.285008,-1.018632,-0.521437,1.356604,0.499102,0.569972,0.598336,-0.875943,-0.081454,-0.289529,0.655298,0.376930,0.288747,-0.207106,-0.308592,0.493743,-2.098747,-1.669535,1.581708,1.336641,0.647960,-0.546963,-0.608994,0.000668,0.858539,0.000486,0.443193
40.625995,1.777284,-2.290829,-1.020231,-0.520040,1.358032,0.498745,0.571343,0.686640,-0.890123,0.020605,-0.284783,0.657927,0.387246,0.288725,-0.206462,-0.309133,0.493120,-2.098743,-1.668657,1.581711,1.337075,0.647574,-0.543023,-0.615427,0.001246,0.864181,0.000865,0.440666
40.626970,1.771924,-2.292893,-1.020498,-0.520356,1.358802,0.500065,0.571546,0.867860,-0.942748,0.228533,-0.264249,0.661415,0.407462,0.288510,-0.205144,-0.310199,0.491885,-2.098755,-1.666938,1.581713,1.337935,0.651524,-0.537329,-0.616561,-0.002135,0.861689,-0.000416,0.437462
40.628006,1.766239,-2.292120,-1.028096,-0.520363,1.355813,0.499471,0.571783,0.867860,-0.942748,0.228533,-0.264249,0.661415,0.407462,0.288510,-0.205144,-0.310199,0.491885,-2.098755,-1.666938,1.581713,1.337935,0.651524,-0.537329,-0.616561,-0.002135,0.861689,-0.000416,0.437462
40.629013,1.764999,-2.282609,-1.032495,-0.522123,1.356758,0.499611,0.573079,0.950072,-0.989847,0.320789,-0.242455,0.661506,0.415448,0.288335,-0.204495,-0.310733,0.491273,-2.098758,-1.666077,1.581714,1.338378,0.653591,-0.537118,-0.614268,-0.003390,0.865022,0.000046,0.436985
40.629974,1.768748,-2.276920,-1.037204,-0.523177,1.362951,0.499903,0.573523,1.017680,-1.041324,0.395689,-0.217254,0.660531,0.421406,0.288171,-0.203842,-0.311283,0.490653,-2.098762,-1.665211,1.581712,1.338808,0.653165,-0.540938,-0.613274,-0.002838,0.864031,-0.000238,0.434364
40.631115,1.768967,-2.276582,-1.040450,-0.522118,1.367848,0.498055,0.575694,1.107651,-1.120475,0.495526,-0.177687,0.656805,0.429259,0.287918,-0.202545,-0.312369,0.489430,-2.098778,-1.663521,1.581714,1.339658,0.649837,-0.542617,-0.612689,-0.005207,0.854097,0.001025,0.429307
40.632105,1.754892,-2.278611,-1.044626,-0.524263,1.373029,0.497225,0.575569,1.107651,-1.120475,0.495526,-0.177687,0.656805,0.429259,0.287918,-0.202545,-0.312369,0.489430,-2.098778,-1.663521,1.581714,1.339658,0.649837,-0.542617,-0.612689,-0.005207,0.854097,0.001025,0.429307
40.633037,1.745860,-2.282810,-1.051542,-0.524972,1.377507,0.498783,0.574142,1.135152,-1.148852,0.526062,-0.163124,0.654091,0.431749,0.287832,-0.201875,-0.312907,0.488827,-2.098781,-1.662679,1.581715,1.340089,0.655598,-0.540668,-0.611841,-0.004253,0.848998,0.001693,0.429561
40.633977,1.740089,-2.293997,-1.061982,-0.523964,1.377148,0.499053,0.577730,1.147645,-1.175053,0.538932,-0.149271,0.650612,0.432449,0.287762,-0.201218,-0.313432,0.488223,-2.098786,-1.661841,1.581710,1.340523,0.658512,-0.537459,-0.609115,-0.004625,0.844151,0.000009,0.432296
40.634935,1.743196,-2.299090,-1.069093,-0.528453,1.379222,0.499694,0.578582,1.123724,-1.254596,0.502958,-0.105081,0.640405,0.426153,0.287512,-0.199894,-0.314474,0.487029,-2.098793,-1.660167,1.581710,1.341358,0.656729,-0.527411,-0.602289,-0.003415,0.842046,-0.001168,0.423267
40.636054,1.743801,-2.292301,-1.070318,-0.529007,1.383260,0.498711,0.578193,1.123724,-1.254596,0.502958,-0.105081,0.640405,0.426153,0.287512,-0.199894,-0.314474,0.487029,-2.098793,-1.660167,1.581710,1.341358,0.656729,-0.527411,-0.602289,-0.003415,0.842046,-0.001168,0.423267
40.637008,1.734410,-2.290695,-1.077144,-0.529779,1.383940,0.498323,0.580054,1.097306,-1.313795,0.465460,-0.072946,0.634058,0.420221,0.287312,-0.199243,-0.315004,0.486421,-2.098800,-1.659328,1.581715,1.341781,0.656209,-0.530768,-0.604037,-0.004178,0.839240,-0.000359,0.424289
40.638023,1.731624,-2.286562,-1.086530,-0.532126,1.384116,0.496666,0.579919,1.066599,-1.372810,0.423022,-0.041108,0.627756,0.413860,0.287132,-0.198574,-0.315535,0.485816,-2.098807,-1.658497,1.581715,1.342195,0.659377,-0.530495,-0.601507,-0.004485,0.838477,-0.000115,0.420491
40.638968,1.718290,-2.287294,-1.089699,-0.533884,1.389767,0.498285,0.579484,0.979246,-1.459960,0.310829,0.010047,0.616359,0.399483,0.286879,-0.197245,-0.316593,0.484631,-2.098808,-1.656842,1.581719,1.343031,0.664762,-0.530439,-0.597844,-0.002875,0.832902,-0.000406,0.421676
40.640006,1.708928,-2.284049,-1.102692,-0.536720,1.387654,0.498624,0.581394,0.979246,-1.459960,0.310829,0.010047,0.616359,0.399483,0.286879,-0.197245,-0.316593,0.484631,-2.098808,-1.656842,1.581719,1.343031,0.664762,-0.530439,-0.597844,-0.002875,0.832902,-0.000406,0.421676
40.641010,1.705928,-2.287367,-1.110395,-0.539696,1.386106,0.498898,0.580958,0.916878,-1.482074,0.234820,0.026639,0.611631,0.390853,0.286799,-0.196561,-0.317129,0.484055,-2.098805,-1.655997,1.581717,1.343441,0.668248,-0.531452,-0.593293,-0.001449,0.835571,-0.000869,0.417939
40.642120,1.710508,-2.285642,-1.122967,-0.543222,1.387373,0.498616,0.581894,0.840059,-1.489567,0.143210,0.037049,0.607647,0.380985,0.286748,-0.195895,-0.317648,0.483468,-2.098802,-1.655164,1.581715,1.343862,0.668523,-0.529145,-0.591049,0.000139,0.837420,-0.001279,0.418886
40.643024,1.707317,-2.282464,-1.126299,-0.544578,1.385435,0.497812,0.582043,0.753184,-1.485783,0.040941,0.042330,0.604390,0.370325,0.286724,-0.195231,-0.318180,0.482884,-2.098796,-1.654325,1.581715,1.344276,0.665729,-0.529842,-0.587246,0.002104,0.837284,-0.001152,0.417221
40.643969,1.699568,-2.273543,-1.122025,-0.546436,1.384118,0.496637,0.580394,0.662865,-1.473241,-0.064413,0.043190,0.601841,0.359653,0.286729,-0.194571,-0.318716,0.482304,-2.098795,-1.653475,1.581714,1.344688,0.665551,-0.530057,-0.586422,0.002235,0.838520,-0.000463,0.416832
40.644992,1.699070,-2.265409,-1.129333,-0.547328,1.387429,0.496673,0.580090,0.574498,-1.451275,-0.166381,0.039403,0.599963,0.349718,0.286774,-0.193899,-0.319253,0.481709,-2.098792,-1.652641,1.581717,1.345114,0.667783,-0.533375,-0.589563,0.002791,0.839618,0.000561,0.420075
40.646004,1.697295,-2.258310,-1.139676,-0.550909,1.388822,0.496954,0.579728,0.491429,-1.416480,-0.260557,0.029615,0.598797,0.341115,0.286853,-0.193227,-0.319799,0.481131,-2.098790,-1.651807,1.581719,1.345541,0.666866,-0.536611,-0.587706,0.002298,0.836724,0.000352,0.420695
40.647027,1.693883,-2.247128,-1.141874,-0.552257,1.389532,0.498199,0.579135,0.412963,-1.365258,-0.347498,0.012079,0.598428,0.333898,0.286951,-0.192562,-0.320341,0.480554,-2.098782,-1.650980,1.581719,1.345962,0.666625,-0.539306,-0.584271,0.004414,0.835782,-0.000079,0.421462
40.647988,1.688908,-2.242159,-1.153346,-0.552381,1.388838,0.499019,0.577946,0.337160,-1.295264,-0.429385,-0.014726,0.598989,0.327882,0.287082,-0.191888,-0.320898,0.479964,-2.098778,-1.650140,1.581714,1.346390,0.667169,-0.543947,-0.584919,0.004320,0.835478,-0.001449,0.422683
40.649029,1.683660,-2.237628,-1.159924,-0.553671,1.387023,0.499974,0.576590,0.263001,-1.207625,-0.507609,-0.049816,0.600476,0.322865,0.287267,-0.191210,-0.321450,0.479397,-2.098777,-1.649299,1.581710,1.346813,0.668018,-0.545138,-0.580559,0.003145,0.836027,-0.002380,0.425018
40.650061,1.684763,-2.237096,-1.155851,-0.554827,1.387138,0.499018,0.575079,0.188870,-1.108600,-0.584973,-0.089079,0.602601,0.318335,0.287505,-0.190542,-0.321999,0.478818,-2.098775,-1.648458,1.581705,1.347255,0.669682,-0.546629,-0.579287,0.003052,0.838409,-0.003458,0.427743
40.650963,1.683375,-2.234354,-1.159085,-0.554620,1.384468,0.498498,0.574027,0.059721,-0.913229,-0.718521,-0.163291,0.607830,0.311452,0.288023,-0.189215,-0.323090,0.477647,-2.098772,-1.646768,1.581704,1.348130,0.666968,-0.545968,-0.582259,0.001412,0.840696,-0.002239,0.432659
40.652078,1.686809,-2.235430,-1.162656,-0.555566,1.385916,0.496712,0.572920,0.059721,-0.913229,-0.718521,-0.163291,0.607830,0.311452,0.288023,-0.189215,-0.323090,0.477647,-2.098772,-1.646768,1.581704,1.348130,0.666968,-0.545968,-0.582259,0.001412,0.840696,-0.002239,0.432659
40.653005,1.682889,-2.231232,-1.161627,-0.557465,1.390225,0.497071,0.573910,0.017808,-0.834492,-0.761003,-0.190702,0.610412,0.309930,0.288194,-0.188549,-0.323640,0.477061,-2.098771,-1.645936,1.581708,1.348568,0.664791,-0.545057,-0.583033,0.000881,0.840496,-0.000625,0.435025
40.653955,1.671628,-2.216693,-1.171815,-0.559340,1.388369,0.498430,0.574279,-0.006555,-0.773135,-0.784852,-0.210320,0.612760,0.309743,0.288227,-0.187878,-0.324191,0.476480,-2.098768,-1.645103,1.581703,1.348992,0.664996,-0.545728,-0.584525,0.001534,0.835778,-0.001112,0.432885
40.654959,1.677064,-2.216998,-1.175037,-0.558527,1.389710,0.497898,0.571052,-0.028437,-0.668521,-0.802823,-0.245596,0.617447,0.311860,0.287961,-0.186548,-0.325304,0.475318,-2.098768,-1.643432,1.581694,1.349880,0.665120,-0.550389,-0.580629,0.000029,0.836427,-0.002158,0.438464
40.656045,1.675560,-2.216995,-1.179070,-0.560541,1.394284,0.497454,0.569267,-0.033094,-0.620333,-0.804784,-0.262932,0.619541,0.313601,0.287813,-0.185890,-0.325857,0.474739,-2.098766,-1.642602,1.581695,1.350326,0.665368,-0.549830,-0.580991,0.000609,0.832864,-0.001880,0.442076
40.657056,1.680745,-2.217276,-1.178164,-0.560780,1.396029,0.495453,0.568198,-0.033094,-0.620333,-0.804784,-0.262932,0.619541,0.313601,0.287813,-0.185890,-0.325857,0.474739,-2.098766,-1.642602,1.581695,1.350326,0.665368,-0.549830,-0.580991,0.000609,0.832864,-0.001880,0.442076
40.658128,1.682325,-2.222661,-1.168976,-0.562959,1.399589,0.494322,0.568791,-0.027678,-0.583878,-0.796004,-0.276013,0.621177,0.316099,0.287698,-0.185232,-0.326400,0.474150,-2.098768,-1.641786,1.581699,1.350778,0.661682,-0.548812,-0.583062,-0.000429,0.831670,-0.000031,0.444114
40.658958,1.677316,-2.225966,-1.159906,-0.564492,1.402719,0.494533,0.567418,-0.005184,-0.565238,-0.768675,-0.282711,0.622329,0.319896,0.287592,-0.184570,-0.326946,0.473552,-2.098766,-1.640956,1.581701,1.351215,0.660215,-0.545540,-0.589722,0.000327,0.829014,0.000921,0.442975
40.660049,1.682915,-2.228021,-1.160849,-0.565107,1.402982,0.495564,0.565735,0.040861,-0.570333,-0.715421,-0.281248,0.623087,0.325469,0.287462,-0.183915,-0.327476,0.472946,-2.098764,-1.640143,1.581702,1.351668,0.660497,-0.542162,-0.594096,0.000736,0.824891,0.000575,0.445362
40.661022,1.676968,-2.228106,-1.157749,-0.566710,1.404688,0.496813,0.566288,0.110482,-0.600492,-0.636176,-0.271222,0.623600,0.332724,0.287295,-0.183263,-0.328015,0.472344,-2.098766,-1.639316,1.581698,1.352128,0.657229,-0.540778,-0.595725,-0.000033,0.825780,-0.000600,0.448760
40.661996,1.676215,-2.224392,-1.164208,-0.567744,1.409342,0.497078,0.565203,0.198654,-0.651588,-0.536553,-0.253754,0.624065,0.341246,0.287082,-0.182599,-0.328559,0.471746,-2.098764,-1.638491,1.581692,1.352572,0.658863,-0.539651,-0.598470,0.000265,0.824172,-0.001953,0.447491
40.663012,1.678211,-2.219897,-1.159770,-0.569602,1.402040,0.495295,0.565122,0.296565,-0.714926,-0.426352,-0.232219,0.624857,0.350377,0.286817,-0.181949,-0.329097,0.471150,-2.098765,-1.637677,1.581688,1.353027,0.658007,-0.540517,-0.596395,0.000065,0.819729,-0.002328,0.449533
40.664049,1.673997,-2.215746,-1.153692,-0.571381,1.399535,0.493365,0.566174,0.396749,-0.780805,-0.313712,-0.210624,0.626396,0.359686,0.286541,-0.181295,-0.329641,0.470548,-2.098764,-1.636838,1.581690,1.353482,0.656024,-0.541917,-0.600162,0.000582,0.827489,-0.000683,0.449589
40.664969,1.668150,-2.212668,-1.151404,-0.573150,1.399918,0.492778,0.565842,0.497867,-0.842380,-0.199516,-0.191839,0.628970,0.369376,0.286298,-0.180643,-0.330182,0.469932,-2.098762,-1.635998,1.581697,1.353922,0.657357,-0.543297,-0.604715,0.000965,0.830475,0.001056,0.447471
40.666077,1.661036,-2.215623,-1.148092,-0.573623,1.395242,0.493847,0.565651,0.598754,-0.895803,-0.084625,-0.177564,0.632697,0.379469,0.286123,-0.179983,-0.330723,0.469316,-2.098759,-1.635168,1.581697,1.354378,0.658578,-0.543468,-0.606336,0.001483,0.829663,0.001496,0.447904
40.667001,1.659800,-2.221370,-1.154375,-0.576000,1.389825,0.493366,0.565480,0.696195,-0.941771,0.027053,-0.166864,0.637331,0.389473,0.286022,-0.179314,-0.331264,0.468702,-2.098761,-1.634323,1.581696,1.354821,0.661621,-0.541662,-0.610152,0.000552,0.835482,0.000260,0.448404
40.667986,1.655938,-2.226776,-1.160492,-0.576709,1.390035,0.494402,0.566556,0.787578,-0.986675,0.131673,-0.155757,0.642212,0.398698,0.285951,-0.178659,-0.331789,0.468096,-2.098756,-1.633481,1.581699,1.355270,0.660602,-0.537631,-0.607605,0.001619,0.840422,0.000605,0.448522
40.669055,1.654519,-2.222341,-1.155618,-0.580154,1.381900,0.494386,0.566561,0.869735,-1.038012,0.224493,-0.140214,0.646601,0.406351,0.285878,-0.177994,-0.332317,0.467487,-2.098755,-1.632631,1.581697,1.355718,0.661235,-0.534106,-0.605696,0.001021,0.840132,-0.000576,0.446234
40.670039,1.650255,-2.214648,-1.163830,-0.579052,1.381498,0.492985,0.566353,0.941515,-1.096275,0.304139,-0.120365,0.650113,0.412330,0.285807,-0.177339,-0.332861,0.466875,-2.098750,-1.631765,1.581694,1.356159,0.661311,-0.535813,-0.610018,0.002965,0.848883,-0.000686,0.446304
40.670967,1.644187,-2.206519,-1.161414,-0.577799,1.387033,0.487898,0.567223,1.050454,-1.199047,0.424338,-0.084033,0.654275,0.421018,0.285687,-0.176004,-0.333951,0.465660,-2.098759,-1.630077,1.581713,1.357043,0.663396,-0.541342,-0.608929,-0.001687,0.843168,0.005460,0.444686
40.672015,1.644642,-2.198438,-1.164307,-0.580315,1.387185,0.487446,0.566814,1.050454,-1.199047,0.424338,-0.084033,0.654275,0.421018,0.285687,-0.176004,-0.333951,0.465660,-2.098759,-1.630077,1.581713,1.357043,0.663396,-0.541342,-0.608929,-0.001687,0.843168,0.005460,0.444686
40.673043,1.639106,-2.191933,-1.171524,-0.579810,1.386935,0.488459,0.565912,1.084057,-1.229541,0.462355,-0.072994,0.654961,0.423973,0.285633,-0.175348,-0.334498,0.465048,-2.098757,-1.629237,1.581719,1.357490,0.662363,-0.544673,-0.609112,-0.000545,0.843696,0.005680,0.445531
40.673941,1.635195,-2.193985,-1.179807,-0.578041,1.390210,0.490597,0.567120,1.109193,-1.238292,0.495483,-0.071021,0.654491,0.427158,0.285624,-0.174007,-0.335597,0.463849,-2.098774,-1.627545,1.581721,1.358382,0.664045,-0.544413,-0.603463,-0.004945,0.840265,0.002211,0.444599
40.675159,1.635183,-2.197179,-1.195146,-0.581007,1.386156,0.493184,0.567602,1.098432,-1.231256,0.485762,-0.071531,0.653045,0.426276,0.285656,-0.173349,-0.336134,0.463252,-2.098773,-1.626691,1.581713,1.358828,0.664399,-0.543194,-0.599075,-0.003551,0.846362,-0.000507,0.443950
40.676026,1.625284,-2.200183,-1.197107,-0.580753,1.385172,0.492526,0.567944,1.098432,-1.231256,0.485762,-0.071531,0.653045,0.426276,0.285656,-0.173349,-0.336134,0.463252,-2.098773,-1.626691,1.581713,1.358828,0.664399,-0.543194,-0.599075,-0.003551,0.846362,-0.000507,0.443950
40.677070,1.617247,-2.197222,-1.202669,-0.581133,1.388812,0.491358,0.566997,1.072446,-1.227788,0.457335,-0.068049,0.650651,0.423227,0.285710,-0.172676,-0.336672,0.462662,-2.098780,-1.625843,1.581713,1.359274,0.667168,-0.540059,-0.598487,-0.004777,0.846255,0.000059,0.442958
40.677975,1.610771,-2.191602,-1.211638,-0.582003,1.391456,0.489060,0.565597,1.032818,-1.230857,0.411740,-0.059777,0.647395,0.418089,0.285805,-0.172005,-0.337207,0.462067,-2.098788,-1.625015,1.581715,1.359719,0.670197,-0.540987,-0.597517,-0.005548,0.843280,0.001069,0.444879
40.678938,1.601125,-2.188562,-1.219742,-0.584319,1.392509,0.490394,0.567503,0.911657,-1.238701,0.270332,-0.039421,0.639534,0.402351,0.286075,-0.170643,-0.338301,0.460893,-2.098797,-1.623335,1.581719,1.360608,0.674549,-0.542624,-0.590903,-0.004557,0.838861,0.001714,0.443440
40.680017,1.599762,-2.185990,-1.220860,-0.584316,1.395762,0.491004,0.569486,0.911657,-1.238701,0.270332,-0.039421,0.639534,0.402351,0.286075,-0.170643,-0.338301,0.460893,-2.098797,-1.623335,1.581719,1.360608,0.674549,-0.542624,-0.590903,-0.004557,0.838861,0.001714,0.443440
40.681030,1.594892,-2.187990,-1.233272,-0.587965,1.398740,0.491996,0.568960,0.831352,-1.234396,0.177402,-0.033015,0.635538,0.392378,0.286175,-0.169972,-0.338841,0.460299,-2.098805,-1.622512,1.581720,1.361039,0.674454,-0.543465,-0.592524,-0.005800,0.836656,0.000950,0.439589
40.682055,1.595617,-2.192181,-1.244192,-0.591861,1.400288,0.492019,0.570516,0.744788,-1.225616,0.078107,-0.029254,0.631651,0.381883,0.286220,-0.169293,-0.339381,0.459726,-2.098803,-1.621678,1.581719,1.361486,0.675602,-0.541618,-0.588064,-0.003470,0.834044,-0.000188,0.440627
40.683051,1.595917,-2.193971,-1.250954,-0.592400,1.401107,0.491104,0.570116,0.564059,-1.210567,-0.128556,-0.025611,0.623840,0.359790,0.286218,-0.167952,-0.340443,0.458570,-2.098803,-1.620020,1.581720,1.362354,0.672648,-0.537164,-0.582723,-0.001686,0.832500,0.000427,0.438288
40.683929,1.588009,-2.194733,-1.255658,-0.591998,1.400939,0.491046,0.570023,0.564059,-1.210567,-0.128556,-0.025611,0.623840,0.359790,0.286218,-0.167952,-0.340443,0.458570,-2.098803,-1.620020,1.581720,1.362354,0.672648,-0.537164,-0.582723,-0.001686,0.832500,0.000427,0.438288
40.684983,1.583446,-2.196183,-1.260556,-0.595300,1.402740,0.491345,0.571726,0.476927,-1.213859,-0.229293,-0.020332,0.619425,0.348500,0.286189,-0.167266,-0.340981,0.457996,-2.098813,-1.619187,1.581719,1.362787,0.674337,-0.535242,-0.581012,-0.003005,0.831884,0.000354,0.438229
40.686049,1.585660,-2.191883,-1.264264,-0.596792,1.407242,0.493044,0.571111,0.394778,-1.226512,-0.325569,-0.010149,0.614432,0.337232,0.286139,-0.166591,-0.341506,0.457419,-2.098810,-1.618366,1.581717,1.363216,0.675652,-0.534107,-0.580705,-0.001109,0.830943,-0.000089,0.434874
40.686950,1.579526,-2.184784,-1.271696,-0.598695,1.406803,0.494957,0.571074,0.252673,-1.257491,-0.493480,0.012703,0.604346,0.316810,0.285978,-0.165247,-0.342591,0.456270,-2.098809,-1.616705,1.581701,1.364087,0.674795,-0.537809,-0.578208,-0.000292,0.827191,-0.003905,0.436082
40.688038,1.578982,-2.178359,-1.273551,-0.600086,1.409208,0.497227,0.571576,0.193106,-1.260221,-0.563193,0.018066,0.600252,0.308601,0.285874,-0.164573,-0.343134,0.455688,-2.098810,-1.615889,1.581690,1.364518,0.674317,-0.540590,-0.579669,-0.000301,0.825968,-0.006268,0.435199
40.689003,1.584115,-2.176052,-1.275015,-0.601842,1.409101,0.497348,0.570107,0.143867,-1.250173,-0.619940,0.017723,0.597284,0.302418,0.285767,-0.163904,-0.343675,0.455112,-2.098809,-1.615066,1.581683,1.364964,0.670220,-0.540619,-0.580301,0.000177,0.826160,-0.006465,0.438037
40.690069,1.589138,-2.177558,-1.279262,-0.604028,1.407084,0.496125,0.570963,0.111008,-1.233172,-0.657278,0.014351,0.595543,0.298822,0.285687,-0.163245,-0.344207,0.454532,-2.098807,-1.614236,1.581679,1.365398,0.667024,-0.539421,-0.580360,0.000946,0.829075,-0.005362,0.436363
40.691069,1.580475,-2.179884,-1.281766,-0.608377,1.404907,0.493154,0.570401,0.095138,-1.215775,-0.675438,0.010505,0.594921,0.297526,0.285645,-0.162565,-0.344745,0.453947,-2.098797,-1.613398,1.581679,1.365839,0.670014,-0.537386,-0.580659,0.003767,0.831462,-0.002517,0.437455
40.691999,1.577740,-2.175749,-1.287203,-0.610276,1.401631,0.492198,0.568737,0.095138,-1.215775,-0.675438,0.010505,0.594921,0.297526,0.285645,-0.162565,-0.344745,0.453947,-2.098797,-1.613398,1.581679,1.365839,0.670014,-0.537386,-0.580659,0.003767,0.831462,-0.002517,0.437455
40.692990,1.574029,-2.168870,-1.297802,-0.612308,1.400468,0.491388,0.569249,0.090727,-1.199352,-0.681285,0.006214,0.595295,0.297648,0.285653,-0.161891,-0.345289,0.453374,-2.098791,-1.612554,1.581680,1.366282,0.669557,-0.538144,-0.579022,0.004291,0.834299,-0.001718,0.440619
40.694041,1.570701,-2.163151,-1.298056,-0.616472,1.399716,0.491001,0.567861,0.090613,-1.179934,-0.683029,-0.000126,0.596554,0.298419,0.285718,-0.161228,-0.345830,0.452803,-2.098785,-1.611720,1.581680,1.366723,0.670176,-0.540647,-0.575356,0.004899,0.835633,-0.001053,0.439475
40.694945,1.573923,-2.151362,-1.294330,-0.615759,1.397975,0.490850,0.566281,0.090186,-1.151263,-0.685462,-0.011488,0.598692,0.299570,0.285831,-0.160554,-0.346382,0.452226,-2.098773,-1.610860,1.581679,1.367174,0.670856,-0.542749,-0.577389,0.007436,0.836821,-0.000819,0.442280
40.696024,1.576966,-2.144542,-1.300499,-0.616556,1.399148,0.490071,0.567448,0.092053,-1.109805,-0.684694,-0.029996,0.601777,0.301687,0.285985,-0.159897,-0.346934,0.451635,-2.098772,-1.610026,1.581678,1.367621,0.667446,-0.547095,-0.579920,0.005487,0.837997,-0.000796,0.445197
40.696971,1.579380,-2.139215,-1.290730,-0.616846,1.397841,0.490657,0.566502,0.101549,-1.056247,-0.674064,-0.054585,0.605666,0.305531,0.286170,-0.159235,-0.347491,0.451053,-2.098768,-1.609194,1.581679,1.368063,0.665289,-0.549830,-0.579082,0.004797,0.837767,-0.000170,0.442880
40.697954,1.569070,-2.137781,-1.288920,-0.616354,1.396869,0.488806,0.567129,0.122676,-0.995098,-0.649030,-0.082371,0.610061,0.311437,0.286374,-0.158573,-0.348052,0.450462,-2.098766,-1.608349,1.581678,1.368508,0.662547,-0.551039,-0.585058,0.003811,0.838786,-0.000900,0.444649
40.699067,1.566071,-2.141623,-1.291536,-0.619832,1.397682,0.488078,0.565598,0.204160,-0.880333,-0.552768,-0.132857,0.618721,0.328303,0.286794,-0.157239,-0.349145,0.449273,-2.098761,-1.606670,1.581685,1.369406,0.667409,-0.548392,-0.588325,0.003970,0.840169,0.001346,0.446454
40.700094,1.568547,-2.142448,-1.293513,-0.619354,1.402197,0.488126,0.563452,0.204160,-0.880333,-0.552768,-0.132857,0.618721,0.328303,0.286794,-0.157239,-0.349145,0.449273,-2.098761,-1.606670,1.581685,1.369406,0.667409,-0.548392,-0.588325,0.003970,0.840169,0.001346,0.446454
40.701014,1.568760,-2.138612,-1.294317,-0.620005,1.400693,0.488764,0.564513,0.256913,-0.839895,-0.491688,-0.150544,0.622275,0.337448,0.287009,-0.156584,-0.349698,0.448689,-2.098762,-1.605837,1.581685,1.369861,0.665217,-0.547088,-0.589129,0.002167,0.836106,0.001140,0.450687
40.702065,1.574916,-2.133359,-1.287957,-0.619832,1.405065,0.488304,0.563487,0.315739,-0.815900,-0.424644,-0.161374,0.625155,0.346585,0.287214,-0.155920,-0.350240,0.448094,-2.098762,-1.605011,1.581683,1.370309,0.663380,-0.547661,-0.589481,0.001626,0.837317,0.000378,0.448274
40.703045,1.574137,-2.123800,-1.279331,-0.620386,1.410275,0.487420,0.563176,0.382126,-0.806457,-0.349437,-0.166187,0.627497,0.356103,0.287373,-0.155262,-0.350797,0.447495,-2.098765,-1.604182,1.581683,1.370759,0.659501,-0.549494,-0.594547,0.000165,0.833644,0.000693,0.450365
40.703948,1.573574,-2.118722,-1.279467,-0.620208,1.411177,0.486507,0.561822,0.459447,-0.805739,-0.260946,-0.168209,0.629732,0.366797,0.287486,-0.154613,-0.351353,0.446880,-2.098767,-1.603367,1.581687,1.371210,0.658760,-0.553088,-0.599884,-0.000500,0.828701,0.001418,0.450839
40.705062,1.571229,-2.121929,-1.278521,-0.622834,1.414289,0.487648,0.560676,0.547056,-0.807658,-0.159075,-0.170488,0.632219,0.378858,0.287572,-0.153957,-0.351906,0.446277,-2.098773,-1.602527,1.581692,1.371671,0.657276,-0.554012,-0.600281,-0.001723,0.827203,0.002171,0.453260
40.706043,1.561467,-2.124062,-1.280627,-0.621578,1.416131,0.488307,0.561638,0.639991,-0.811622,-0.049941,-0.173184,0.634959,0.391562,0.287629,-0.153301,-0.352459,0.445672,-2.098772,-1.601707,1.581693,1.372129,0.658130,-0.551966,-0.603078,-0.000548,0.825465,0.000842,0.455619
40.706965,1.552802,-2.130730,-1.290912,-0.624623,1.410122,0.488777,0.559685,0.816573,-0.844161,0.156586,-0.168833,0.640144,0.414242,0.287596,-0.151956,-0.353537,0.444477,-2.098776,-1.600055,1.581689,1.373053,0.664098,-0.545232,-0.598803,-0.001112,0.829556,-0.000533,0.457162
40.708085,1.554365,-2.135605,-1.296374,-0.626143,1.407246,0.488415,0.559975,0.816573,-0.844161,0.156586,-0.168833,0.640144,0.414242,0.287596,-0.151956,-0.353537,0.444477,-2.098776,-1.600055,1.581689,1.373053,0.664098,-0.545232,-0.598803,-0.001112,0.829556,-0.000533,0.457162
40.708945,1.546093,-2.134631,-1.299421,-0.628858,1.411724,0.488817,0.562063,0.885490,-0.880798,0.234840,-0.156558,0.641881,0.421782,0.287558,-0.151303,-0.354071,0.443876,-2.098776,-1.599222,1.581691,1.373506,0.663029,-0.542671,-0.598511,-0.001075,0.833720,-0.000334,0.456642
40.709937,1.546101,-2.130825,-1.288587,-0.628331,1.406805,0.485589,0.560313,0.939077,-0.930560,0.293408,-0.138257,0.643037,0.426534,0.287518,-0.150632,-0.354610,0.443272,-2.098774,-1.598396,1.581686,1.373956,0.664958,-0.541500,-0.597107,0.000494,0.828279,-0.000838,0.452090
40.710979,1.542260,-2.131211,-1.291885,-0.630825,1.407894,0.483351,0.559589,1.019373,-1.047895,0.377625,-0.094968,0.644892,0.431516,0.287435,-0.149301,-0.355692,0.442054,-2.098775,-1.596725,1.581704,1.374871,0.664655,-0.541606,-0.603725,-0.000141,0.832945,0.004252,0.456906
40.712031,1.533309,-2.130149,-1.300038,-0.632712,1.410966,0.485004,0.561177,1.019373,-1.047895,0.377625,-0.094968,0.644892,0.431516,0.287435,-0.149301,-0.355692,0.442054,-2.098775,-1.596725,1.581704,1.374871,0.664655,-0.541606,-0.603725,-0.000141,0.832945,0.004252,0.456906
40.713002,1.519361,-2.125013,-1.303217,-0.634814,1.404381,0.486380,0.561869,1.051105,-1.106140,0.410761,-0.074105,0.646023,0.432856,0.287421,-0.148624,-0.356233,0.441464,-2.098774,-1.595892,1.581704,1.375326,0.668147,-0.541530,-0.601575,0.000331,0.830567,0.002407,0.453656
40.714025,1.518682,-2.120023,-1.318666,-0.637027,1.399068,0.486539,0.563572,1.068748,-1.155614,0.428574,-0.057528,0.647433,0.432653,0.287419,-0.147949,-0.356772,0.440862,-2.098770,-1.595037,1.581705,1.375771,0.673608,-0.543058,-0.601106,0.001080,0.837035,0.000888,0.452165
40.715052,1.519775,-2.123518,-1.322481,-0.641853,1.397183,0.486667,0.563641,1.065970,-1.189650,0.424103,-0.047689,0.649125,0.430407,0.287411,-0.147278,-0.357322,0.440273,-2.098767,-1.594178,1.581705,1.376212,0.672759,-0.544680,-0.595037,0.001899,0.842551,0.000592,0.448722
40.716010,1.518270,-2.126137,-1.326637,-0.642272,1.391350,0.486961,0.564121,1.043359,-1.207826,0.397970,-0.045033,0.651067,0.426238,0.287403,-0.146604,-0.357865,0.439683,-2.098757,-1.593333,1.581708,1.376654,0.671066,-0.542112,-0.594923,0.005190,0.844786,0.000300,0.448599
40.716980,1.511129,-2.123812,-1.332431,-0.640330,1.388435,0.485615,0.564603,1.008843,-1.218309,0.358725,-0.046458,0.653058,0.420799,0.287427,-0.145937,-0.358394,0.439092,-2.098757,-1.592485,1.581706,1.377100,0.670297,-0.539805,-0.593961,0.004324,0.850409,-0.000123,0.447478
40.717972,1.503632,-2.118619,-1.338850,-0.641439,1.390547,0.485920,0.566750,0.968350,-1.229818,0.312318,-0.046500,0.654573,0.414469,0.287463,-0.145255,-0.358937,0.438496,-2.098763,-1.591621,1.581707,1.377548,0.672281,-0.539898,-0.592226,0.001235,0.852994,0.001094,0.446376
40.719009,1.502458,-2.106796,-1.348989,-0.643877,1.389118,0.488234,0.568294,0.921259,-1.242695,0.257742,-0.043040,0.655265,0.407176,0.287456,-0.144580,-0.359489,0.437915,-2.098763,-1.590765,1.581708,1.377973,0.674653,-0.541429,-0.590566,0.001089,0.850809,0.000621,0.442043
40.720014,1.493285,-2.096955,-1.363358,-0.644219,1.386875,0.490644,0.568608,0.865107,-1.247831,0.193126,-0.040682,0.655405,0.399072,0.287379,-0.143905,-0.360042,0.437335,-2.098758,-1.589914,1.581702,1.378408,0.674125,-0.546533,-0.587412,0.002065,0.852690,-0.001826,0.438998
40.720925,1.487072,-2.088759,-1.369191,-0.645075,1.386094,0.489711,0.568418,0.796617,-1.233670,0.115776,-0.045700,0.655386,0.390356,0.287254,-0.143218,-0.360602,0.436769,-2.098758,-1.589049,1.581694,1.378840,0.677294,-0.550334,-0.582042,0.001099,0.854922,-0.004330,0.438378
40.721945,1.489311,-2.085183,-1.377133,-0.644564,1.387070,0.488842,0.568870,0.713146,-1.195658,0.022741,-0.060113,0.655244,0.380967,0.287121,-0.142539,-0.361156,0.436193,-2.098760,-1.588201,1.581694,1.379286,0.678397,-0.552858,-0.580057,0.000821,0.855032,-0.003498,0.438533
40.722975,1.484848,-2.085111,-1.387362,-0.645079,1.390421,0.486966,0.569933,0.520360,-1.074584,-0.190744,-0.104379,0.653760,0.361508,0.286827,-0.141177,-0.362270,0.435053,-2.098770,-1.586484,1.581696,1.380152,0.677034,-0.552731,-0.574878,-0.001594,0.851136,-0.001049,0.435515
40.724022,1.477026,-2.092050,-1.384188,-0.644486,1.394429,0.484999,0.570129,0.520360,-1.074584,-0.190744,-0.104379,0.653760,0.361508,0.286827,-0.141177,-0.362270,0.435053,-2.098770,-1.586484,1.581696,1.380152,0.677034,-0.552731,-0.574878,-0.001594,0.851136,-0.001049,0.435515
40.725058,1.472523,-2.091598,-1.386835,-0.645167,1.398241,0.484865,0.570314,0.424174,-1.015058,-0.298020,-0.123455,0.651790,0.351936,0.286632,-0.140495,-0.362807,0.434467,-2.098778,-1.585653,1.581700,1.380584,0.679866,-0.548633,-0.578484,-0.003370,0.847823,0.000743,0.435195
40.725958,1.471877,-2.087015,-1.393334,-0.645669,1.400444,0.487464,0.571535,0.336424,-0.970890,-0.396905,-0.134196,0.648755,0.342736,0.286386,-0.139812,-0.363355,0.433893,-2.098784,-1.584810,1.581699,1.381023,0.680917,-0.548100,-0.579122,-0.003880,0.844489,0.000712,0.434838
40.726959,1.469827,-2.076267,-1.401919,-0.647139,1.403441,0.488220,0.572324,0.194093,-0.922042,-0.558550,-0.136544,0.640628,0.326815,0.285727,-0.138464,-0.364467,0.432748,-2.098795,-1.583148,1.581688,1.381877,0.678941,-0.553099,-0.574131,-0.004103,0.839022,-0.002860,0.430631
40.728010,1.467845,-2.068804,-1.404589,-0.647198,1.406870,0.487047,0.571025,0.194093,-0.922042,-0.558550,-0.136544,0.640628,0.326815,0.285727,-0.138464,-0.364467,0.432748,-2.098795,-1.583148,1.581688,1.381877,0.678941,-0.553099,-0.574131,-0.004103,0.839022,-0.002860,0.430631
40.729019,1.466771,-2.069203,-1.408063,-0.648374,1.406826,0.488491,0.572681,0.135220,-0.898007,-0.624768,-0.138187,0.636499,0.320504,0.285357,-0.137779,-0.365030,0.432176,-2.098801,-1.582310,1.581689,1.382309,0.678816,-0.555936,-0.574978,-0.005278,0.836255,-0.001823,0.433336
40.729984,1.460391,-2.077514,-1.410646,-0.649029,1.408643,0.488321,0.572196,0.084784,-0.868541,-0.680596,-0.142787,0.632697,0.315569,0.285024,-0.137104,-0.365580,0.431603,-2.098806,-1.581487,1.581685,1.382735,0.678072,-0.554724,-0.575010,-0.005264,0.836771,-0.003420,0.429981
40.731084,1.458758,-2.086514,-1.411454,-0.652360,1.411212,0.488751,0.571371,0.019398,-0.834923,-0.754037,-0.141046,0.625113,0.308943,0.284473,-0.135744,-0.366657,0.430446,-2.098813,-1.579816,1.581679,1.383603,0.679752,-0.544646,-0.577179,-0.003777,0.833419,-0.003930,0.432700
40.732018,1.456465,-2.088960,-1.411214,-0.653890,1.410757,0.488788,0.571470,0.019398,-0.834923,-0.754037,-0.141046,0.625113,0.308943,0.284473,-0.135744,-0.366657,0.430446,-2.098813,-1.579816,1.581679,1.383603,0.679752,-0.544646,-0.577179,-0.003777,0.833419,-0.003930,0.432700
40.733031,1.459357,-2.082471,-1.415045,-0.656876,1.409946,0.489005,0.570169,0.008698,-0.849628,-0.768480,-0.127199,0.621085,0.306830,0.284207,-0.135068,-0.367192,0.429865,-2.098816,-1.578991,1.581676,1.384034,0.679098,-0.542247,-0.578328,-0.003414,0.833678,-0.004078,0.432350
40.733947,1.466935,-2.078572,-1.418207,-0.658103,1.411021,0.486905,0.568827,0.013331,-0.881932,-0.766602,-0.107149,0.617263,0.305840,0.283924,-0.134392,-0.367743,0.429291,-2.098814,-1.578154,1.581673,1.384470,0.676363,-0.544582,-0.578209,-0.001766,0.834839,-0.004425,0.434968
40.735014,1.465910,-2.077523,-1.415848,-0.659399,1.411690,0.485049,0.569855,0.063919,-0.960014,-0.715694,-0.066290,0.611704,0.308763,0.283314,-0.133063,-0.368827,0.428119,-2.098820,-1.576493,1.581677,1.385352,0.670580,-0.545109,-0.580787,-0.001683,0.833525,-0.000762,0.435401
40.736066,1.461023,-2.077230,-1.414463,-0.663013,1.414283,0.484873,0.568749,0.063919,-0.960014,-0.715694,-0.066290,0.611704,0.308763,0.283314,-0.133063,-0.368827,0.428119,-2.098820,-1.576493,1.581677,1.385352,0.670580,-0.545109,-0.580787,-0.001683,0.833525,-0.000762,0.435401
40.736984,1.455449,-2.076540,-1.418101,-0.665660,1.415068,0.485263,0.569850,0.108680,-0.997855,-0.667489,-0.048391,0.610123,0.312850,0.282965,-0.132382,-0.369374,0.427536,-2.098816,-1.575661,1.581677,1.385790,0.671991,-0.544561,-0.583508,0.000486,0.831639,-0.000751,0.437696
40.737983,1.450870,-2.084294,-1.421209,-0.668216,1.414641,0.485310,0.566774,0.161488,-1.031934,-0.609696,-0.033820,0.609319,0.318066,0.282612,-0.131714,-0.369910,0.426948,-2.098811,-1.574838,1.581675,1.386223,0.672978,-0.543602,-0.582477,0.001809,0.830532,-0.001270,0.435285
40.738969,1.451728,-2.084538,-1.415535,-0.668538,1.414241,0.485700,0.566425,0.216649,-1.064141,-0.549544,-0.021590,0.609076,0.323512,0.282294,-0.131038,-0.370442,0.426372,-2.098805,-1.574001,1.581674,1.386677,0.673904,-0.538886,-0.582584,0.002937,0.831194,-0.001448,0.441406
40.739959,1.463840,-2.083544,-1.416689,-0.671702,1.414588,0.485602,0.566442,0.338444,-1.145218,-0.418740,0.009015,0.609399,0.334871,0.281876,-0.129723,-0.371512,0.425179,-2.098798,-1.572339,1.581667,1.387564,0.664929,-0.537501,-0.587494,0.003682,0.831608,-0.001986,0.441829
40.740993,1.472972,-2.070112,-1.417997,-0.672197,1.414944,0.484170,0.565173,0.338444,-1.145218,-0.418740,0.009015,0.609399,0.334871,0.281876,-0.129723,-0.371512,0.425179,-2.098798,-1.572339,1.581667,1.387564,0.664929,-0.537501,-0.587494,0.003682,0.831608,-0.001986,0.441829
40.741989,1.463180,-2.066394,-1.416425,-0.673172,1.414258,0.482911,0.564078,0.414545,-1.190652,-0.335752,0.025958,0.610417,0.342457,0.281790,-0.129068,-0.372072,0.424591,-2.098798,-1.571497,1.581671,1.388008,0.659519,-0.543330,-0.588658,0.002809,0.831732,-0.000712,0.444381
40.743015,1.458058,-2.052674,-1.412504,-0.675123,1.414316,0.481971,0.563949,0.498840,-1.226941,-0.242113,0.038554,0.612410,0.351711,0.281787,-0.128407,-0.372616,0.423990,-2.098796,-1.570671,1.581673,1.388460,0.663310,-0.544187,-0.590791,0.002453,0.832735,0.000387,0.446457
40.744011,1.451368,-2.050527,-1.419436,-0.676321,1.418271,0.482389,0.562069,0.583674,-1.245799,-0.146198,0.043493,0.615406,0.361942,0.281850,-0.127739,-0.373179,0.423383,-2.098792,-1.569833,1.581675,1.388908,0.664784,-0.550071,-0.594291,0.002990,0.833118,0.001165,0.446655
40.744937,1.445805,-2.049692,-1.423992,-0.678071,1.414674,0.482727,0.562269,0.662020,-1.242730,-0.055881,0.038622,0.619396,0.372358,0.281968,-0.127074,-0.373725,0.422800,-2.098788,-1.569002,1.581674,1.389364,0.666880,-0.550097,-0.592312,0.002797,0.829364,0.000594,0.450323
40.745962,1.446284,-2.053177,-1.424093,-0.680092,1.411608,0.483048,0.560383,0.728340,-1.222257,0.021601,0.026176,0.624024,0.381970,0.282116,-0.126402,-0.374277,0.422207,-2.098782,-1.568171,1.581674,1.389815,0.667857,-0.549056,-0.590870,0.003211,0.832689,0.000127,0.449654
40.746949,1.443630,-2.051266,-1.422582,-0.679705,1.411667,0.483750,0.559210,0.829444,-1.174658,0.139399,-0.000154,0.633000,0.397387,0.282429,-0.125070,-0.375368,0.421018,-2.098776,-1.566493,1.581670,1.390730,0.666569,-0.546425,-0.594611,0.002055,0.836193,-0.001171,0.455572
40.748004,1.448151,-2.047367,-1.427442,-0.678121,1.411294,0.481666,0.559268,0.829444,-1.174658,0.139399,-0.000154,0.633000,0.397387,0.282429,-0.125070,-0.375368,0.421018,-2.098776,-1.566493,1.581670,1.390730,0.666569,-0.546425,-0.594611,0.002055,0.836193,-0.001171,0.455572
40.748961,1.443139,-2.041444,-1.431497,-0.679361,1.415026,0.479992,0.557123,0.873786,-1.162040,0.190458,-0.006529,0.636527,0.403991,0.282595,-0.124411,-0.375922,0.420419,-2.098781,-1.565655,1.581674,1.391191,0.663511,-0.547634,-0.594023,-0.000776,0.837272,0.000767,0.455391
40.750047,1.434952,-2.040100,-1.433478,-0.680302,1.423499,0.479035,0.556154,0.914794,-1.156029,0.237384,-0.007878,0.639047,0.410066,0.282740,-0.123749,-0.376477,0.419833,-2.098782,-1.564822,1.581679,1.391654,0.664579,-0.549277,-0.593159,-0.000746,0.833380,0.002268,0.459502
40.751002,1.425624,-2.039474,-1.443364,-0.682384,1.423546,0.479316,0.556091,0.970421,-1.145622,0.301020,-0.007833,0.641315,0.418871,0.282932,-0.122390,-0.377576,0.418653,-2.098780,-1.563191,1.581689,1.392586,0.670866,-0.548451,-0.590553,-0.000410,0.826141,0.002570,0.461275
40.752040,1.418196,-2.036171,-1.453929,-0.683678,1.427538,0.479835,0.554762,0.970421,-1.145622,0.301020,-0.007833,0.641315,0.418871,0.282932,-0.122390,-0.377576,0.418653,-2.098780,-1.563191,1.581689,1.392586,0.670866,-0.548451,-0.590553,-0.000410,0.826141,0.002570,0.461275
40.753072,1.418197,-2.039908,-1.461627,-0.685578,1.428093,0.480015,0.555673,0.974475,-1.137336,0.305487,-0.009953,0.641266,0.420179,0.282980,-0.121720,-0.378119,0.418070,-2.098781,-1.562380,1.581689,1.393053,0.673555,-0.549406,-0.587190,-0.000425,0.822937,0.001897,0.463862
40.754016,1.415506,-2.037331,-1.465661,-0.686808,1.426481,0.478947,0.554113,0.959228,-1.127300,0.287544,-0.013664,0.640660,0.418933,0.283019,-0.121049,-0.378663,0.417481,-2.098781,-1.561551,1.581691,1.393509,0.672445,-0.546737,-0.585140,0.000140,0.822995,0.001561,0.461930
40.754964,1.419541,-2.036267,-1.467442,-0.687532,1.426319,0.477186,0.552832,0.893058,-1.118101,0.210297,-0.018400,0.638799,0.411152,0.283138,-0.119715,-0.379757,0.416316,-2.098783,-1.559905,1.581703,1.394456,0.668555,-0.546021,-0.584507,-0.000329,0.824587,0.004061,0.467095
40.756114,1.413670,-2.039017,-1.475613,-0.688329,1.434563,0.475866,0.553809,0.893058,-1.118101,0.210297,-0.018400,0.638799,0.411152,0.283138,-0.119715,-0.379757,0.416316,-2.098783,-1.559905,1.581703,1.394456,0.668555,-0.546021,-0.584507,-0.000329,0.824587,0.004061,0.467095
40.757017,1.398073,-2.035964,-1.480772,-0.690899,1.426740,0.477737,0.554762,0.812104,-1.133926,0.116722,-0.012988,0.638031,0.400001,0.283304,-0.118354,-0.380839,0.415161,-2.098784,-1.558248,1.581707,1.395370,0.676927,-0.544663,-0.581582,0.000422,0.825316,0.003154,0.463033
40.758088,1.397196,-2.034898,-1.489131,-0.694489,1.427824,0.479840,0.555227,0.760593,-1.143521,0.057711,-0.010016,0.638642,0.392582,0.283318,-0.117663,-0.381383,0.414585,-2.098777,-1.557413,1.581705,1.395830,0.676260,-0.544649,-0.579673,0.002446,0.825017,0.000907,0.462100
40.759042,1.390981,-2.030251,-1.500698,-0.699289,1.424461,0.481659,0.555901,0.760593,-1.143521,0.057711,-0.010016,0.638642,0.392582,0.283318,-0.117663,-0.381383,0.414585,-2.098777,-1.557413,1.581705,1.395830,0.676260,-0.544649,-0.579673,0.002446,0.825017,0.000907,0.462100
40.760041,1.391313,-2.027852,-1.511088,-0.700764,1.419284,0.481577,0.555679,0.698954,-1.146178,-0.012001,-0.011870,0.640314,0.383925,0.283299,-0.116986,-0.381936,0.414022,-2.098765,-1.556579,1.581700,1.396291,0.677722,-0.545687,-0.575303,0.005734,0.828283,-0.001018,0.460531
40.761084,1.389587,-2.023200,-1.509932,-0.703144,1.412601,0.480369,0.557940,0.627193,-1.138462,-0.092329,-0.020621,0.643082,0.374231,0.283291,-0.116319,-0.382476,0.413455,-2.098759,-1.555746,1.581698,1.396749,0.676290,-0.545975,-0.571888,0.005732,0.833742,-0.001047,0.460866
40.762078,1.385660,-2.022103,-1.516861,-0.702765,1.414694,0.479358,0.558237,0.549383,-1.121243,-0.178679,-0.034998,0.646592,0.364064,0.283296,-0.115639,-0.383027,0.412875,-2.098750,-1.554889,1.581699,1.397199,0.676052,-0.547527,-0.574503,0.006564,0.840844,0.000017,0.456273
40.762921,1.382683,-2.010318,-1.516349,-0.703844,1.407851,0.480749,0.558935,0.472197,-1.097968,-0.263354,-0.052255,0.650353,0.354204,0.283286,-0.114966,-0.383578,0.412306,-2.098749,-1.554046,1.581700,1.397648,0.676676,-0.546993,-0.572699,0.004848,0.838772,0.000877,0.455618
40.764020,1.376764,-2.015548,-1.523025,-0.703405,1.409421,0.481365,0.560362,0.399005,-1.070067,-0.342539,-0.070650,0.653881,0.345051,0.283264,-0.114287,-0.384132,0.411733,-2.098745,-1.553198,1.581696,1.398099,0.675705,-0.550995,-0.573337,0.004748,0.844470,-0.000636,0.453843
40.764960,1.367957,-2.014283,-1.523791,-0.703546,1.409379,0.484450,0.560454,0.331368,-1.038765,-0.414672,-0.088768,0.656766,0.336763,0.283231,-0.113601,-0.384674,0.411170,-2.098745,-1.552353,1.581693,1.398543,0.677906,-0.547954,-0.572667,0.002863,0.843838,-0.001389,0.451078
40.766025,1.368302,-2.005203,-1.535530,-0.703851,1.410280,0.484953,0.561725,0.270145,-1.010176,-0.479631,-0.103225,0.658594,0.329171,0.283153,-0.112922,-0.385219,0.410591,-2.098745,-1.551515,1.581684,1.399000,0.680526,-0.547322,-0.573416,0.001799,0.843585,-0.004577,0.450693
40.767037,1.377160,-2.001277,-1.537549,-0.703931,1.409830,0.485028,0.562616,0.214273,-0.985532,-0.539155,-0.113417,0.659284,0.322113,0.283013,-0.112243,-0.385782,0.410027,-2.098746,-1.550670,1.581677,1.399440,0.679370,-0.551098,-0.569864,0.000732,0.843393,-0.005166,0.448184
40.768014,1.372531,-1.997559,-1.542733,-0.702747,1.412836,0.482564,0.563813,0.164751,-0.960199,-0.591803,-0.121973,0.659159,0.316038,0.282837,-0.111584,-0.386340,0.409461,-2.098747,-1.549818,1.581669,1.399878,0.673836,-0.551988,-0.570795,-0.000471,0.844038,-0.005336,0.446383
40.768951,1.364164,-1.986425,-1.535941,-0.702608,1.414066,0.481192,0.565087,0.125553,-0.934848,-0.633116,-0.128924,0.658468,0.311532,0.282654,-0.110901,-0.386894,0.408888,-2.098752,-1.548989,1.581669,1.400318,0.674634,-0.552649,-0.569694,-0.002802,0.841106,-0.002991,0.443890
40.770103,1.364781,-1.980710,-1.544338,-0.703519,1.415565,0.480464,0.565683,0.097501,-0.909557,-0.662192,-0.134467,0.657425,0.308704,0.282471,-0.110215,-0.387463,0.408310,-2.098758,-1.548145,1.581669,1.400757,0.676942,-0.556664,-0.574255,-0.004005,0.839512,-0.001762,0.441181
40.771032,1.359269,-1.977137,-1.545570,-0.703367,1.417034,0.479901,0.566800,0.078800,-0.879294,-0.680381,-0.141590,0.656394,0.307511,0.282298,-0.109546,-0.388022,0.407740,-2.098762,-1.547299,1.581667,1.401194,0.676362,-0.559231,-0.573035,-0.004495,0.839472,-0.001193,0.440225
40.771987,1.357028,-1.975516,-1.551107,-0.703267,1.416968,0.480188,0.566477,0.067399,-0.842706,-0.689884,-0.151526,0.655564,0.307698,0.282135,-0.108869,-0.388587,0.407158,-2.098770,-1.546474,1.581666,1.401627,0.677290,-0.559400,-0.573428,-0.005674,0.837725,-0.000760,0.437826
40.773045,1.360295,-1.978410,-1.552804,-0.704360,1.417964,0.481482,0.567485,0.061618,-0.805209,-0.693449,-0.161763,0.654794,0.308763,0.281965,-0.108189,-0.389151,0.406595,-2.098779,-1.545632,1.581663,1.402064,0.676708,-0.558775,-0.572075,-0.006784,0.837599,-0.001180,0.438379
40.774168,1.364081,-1.979697,-1.559320,-0.705690,1.421401,0.478897,0.568162,0.062706,-0.774760,-0.690460,-0.168635,0.653858,0.310515,0.281762,-0.107524,-0.389700,0.406018,-2.098785,-1.544805,1.581660,1.402503,0.674224,-0.556630,-0.573406,-0.006902,0.837430,-0.002617,0.436391
40.775040,1.359301,-1.980906,-1.553562,-0.705448,1.426085,0.476453,0.567239,0.073798,-0.757731,-0.677718,-0.169777,0.652613,0.313093,0.281497,-0.106853,-0.390258,0.405452,-2.098791,-1.543975,1.581664,1.402933,0.671885,-0.555573,-0.572979,-0.006886,0.835329,-0.000180,0.435239
40.775952,1.355977,-1.977552,-1.548980,-0.706041,1.427028,0.476734,0.567023,0.096628,-0.757334,-0.653323,-0.164253,0.650951,0.316547,0.281172,-0.106185,-0.390802,0.404866,-2.098801,-1.543152,1.581671,1.403367,0.672189,-0.553301,-0.576342,-0.008034,0.829885,0.002094,0.436862
40.776981,1.353947,-1.978553,-1.543751,-0.705307,1.431842,0.477596,0.565602,0.131758,-0.773697,-0.616318,-0.152035,0.648805,0.320893,0.280798,-0.105515,-0.391361,0.404273,-2.098807,-1.542335,1.581668,1.403803,0.671969,-0.553402,-0.579347,-0.008466,0.828658,0.001671,0.437093
40.778006,1.355293,-1.983285,-1.548107,-0.709594,1.436483,0.478229,0.565499,0.179815,-0.804649,-0.565245,-0.133760,0.646222,0.326316,0.280380,-0.104840,-0.391913,0.403685,-2.098821,-1.541518,1.581666,1.404245,0.671852,-0.552004,-0.583749,-0.010217,0.824489,0.000668,0.439947
40.779020,1.365301,-1.984343,-1.548827,-0.711140,1.433725,0.478504,0.565389,0.240091,-0.848717,-0.500482,-0.110340,0.643356,0.332790,0.279922,-0.104177,-0.392451,0.403099,-2.098822,-1.540709,1.581665,1.404688,0.670144,-0.548883,-0.583278,-0.007192,0.820575,-0.000105,0.440100
40.780017,1.367627,-1.991210,-1.548667,-0.712328,1.437555,0.478973,0.563327,0.393354,-0.975257,-0.334790,-0.051539,0.637667,0.348399,0.278911,-0.102869,-0.393534,0.401918,-2.098833,-1.539056,1.581661,1.405582,0.661878,-0.543155,-0.586101,-0.006844,0.820278,-0.001115,0.444339
40.780976,1.361565,-1.987752,-1.542025,-0.714441,1.438173,0.476583,0.563544,0.485628,-1.057930,-0.235044,-0.015493,0.635125,0.357469,0.278424,-0.102203,-0.394071,0.401317,-2.098837,-1.538242,1.581664,1.406027,0.663438,-0.543843,-0.590465,-0.005856,0.819789,0.001148,0.443711
40.782083,1.355917,-1.991893,-1.548180,-0.715729,1.437587,0.475280,0.561870,0.581781,-1.146682,-0.131402,0.022463,0.632980,0.366738,0.277989,-0.101531,-0.394608,0.400729,-2.098843,-1.537413,1.581667,1.406479,0.665701,-0.541492,-0.589784,-0.005880,0.821632,0.002261,0.447181
40.783073,1.355439,-1.993149,-1.547117,-0.718508,1.439437,0.474926,0.561508,0.675190,-1.236512,-0.031661,0.060573,0.631263,0.375443,0.277585,-0.100874,-0.395139,0.400130,-2.098844,-1.536605,1.581666,1.406932,0.664730,-0.540030,-0.591648,-0.004337,0.820188,0.002468,0.447755
40.784170,1.349680,-1.988315,-1.548632,-0.722137,1.439854,0.475579,0.562089,0.675190,-1.236512,-0.031661,0.060573,0.631263,0.375443,0.277585,-0.100874,-0.395139,0.400130,-2.098844,-1.536605,1.581666,1.406932,0.664730,-0.540030,-0.591648,-0.004337,0.820188,0.002468,0.447755
40.785031,1.350782,-1.981792,-1.551652,-0.723366,1.434496,0.478061,0.561343,0.762587,-1.321709,0.060848,0.095934,0.630211,0.383362,0.277193,-0.100197,-0.395684,0.399529,-2.098842,-1.535776,1.581667,1.407381,0.666941,-0.542073,-0.593088,-0.002183,0.820933,0.001642,0.446649
40.786004,1.350096,-1.985532,-1.557490,-0.728161,1.431390,0.478006,0.561050,0.841528,-1.393265,0.144415,0.124267,0.630142,0.390638,0.276822,-0.099532,-0.396229,0.398943,-2.098843,-1.534935,1.581658,1.407827,0.664179,-0.543597,-0.591911,-0.002059,0.825322,-0.000927,0.447849
40.787024,1.345417,-1.985459,-1.557284,-0.729972,1.428601,0.476177,0.561982,0.969098,-1.492852,0.278964,0.159824,0.632522,0.403134,0.276150,-0.098211,-0.397301,0.397759,-2.098833,-1.533260,1.581658,1.408723,0.664526,-0.540010,-0.592014,0.001713,0.831591,0.000710,0.446354
40.788109,1.338010,-1.985397,-1.564933,-0.731256,1.425664,0.473792,0.559962,0.969098,-1.492852,0.278964,0.159824,0.632522,0.403134,0.276150,-0.098211,-0.397301,0.397759,-2.098833,-1.533260,1.581658,1.408723,0.664526,-0.540010,-0.592014,0.001713,0.831591,0.000710,0.446354
40.788992,1.334517,-1.979867,-1.566775,-0.733943,1.428705,0.470154,0.561215,1.016459,-1.528684,0.327444,0.171201,0.634213,0.407874,0.275817,-0.097543,-0.397833,0.397169,-2.098832,-1.532412,1.581667,1.409177,0.667585,-0.539726,-0.590391,0.001564,0.835390,0.002893,0.450489
40.789945,1.330213,-1.975707,-1.575987,-0.735857,1.427577,0.470991,0.560170,1.068097,-1.569795,0.374671,0.182310,0.637147,0.412811,0.275256,-0.096197,-0.398924,0.395999,-2.098820,-1.530752,1.581678,1.410069,0.667720,-0.541741,-0.586550,0.003503,0.832635,0.005327,0.449613
40.791036,1.314878,-1.970096,-1.580309,-0.738740,1.425973,0.473284,0.560031,1.068097,-1.569795,0.374671,0.182310,0.637147,0.412811,0.275256,-0.096197,-0.398924,0.395999,-2.098820,-1.530752,1.581678,1.410069,0.667720,-0.541741,-0.586550,0.003503,0.832635,0.005327,0.449613
40.792057,1.318313,-1.965661,-1.585929,-0.740721,1.427329,0.474826,0.561564,1.068747,-1.568357,0.370080,0.178349,0.638432,0.412736,0.275048,-0.095517,-0.399466,0.395409,-2.098812,-1.529921,1.581677,1.410526,0.674677,-0.544152,-0.586706,0.004803,0.835329,0.002870,0.449907
40.793007,1.323617,-1.958791,-1.594355,-0.738946,1.424845,0.473964,0.559610,1.051409,-1.548496,0.346155,0.166039,0.639675,0.411039,0.274897,-0.094851,-0.400019,0.394822,-2.098807,-1.529086,1.581678,1.410968,0.671776,-0.545432,-0.585597,0.005318,0.834365,0.001182,0.446781
40.794092,1.316899,-1.952624,-1.602228,-0.740734,1.429186,0.472879,0.557774,1.021756,-1.513697,0.309744,0.147553,0.640878,0.408474,0.274825,-0.094197,-0.400575,0.394249,-2.098809,-1.528236,1.581680,1.411423,0.667698,-0.547505,-0.582650,0.002319,0.836545,0.001920,0.450557
40.795023,1.304139,-1.953851,-1.600535,-0.741597,1.429053,0.471066,0.557975,0.984110,-1.468447,0.265436,0.126143,0.641915,0.405486,0.274861,-0.093518,-0.401123,0.393670,-2.098804,-1.527401,1.581686,1.411888,0.670310,-0.550086,-0.581089,0.002621,0.833141,0.002814,0.454218
40.796030,1.295293,-1.951606,-1.610285,-0.742743,1.430677,0.472034,0.557597,0.938490,-1.415685,0.212921,0.103019,0.642712,0.401843,0.274985,-0.092827,-0.401672,0.393089,-2.098802,-1.526575,1.581691,1.412342,0.674714,-0.548032,-0.582979,0.002222,0.833044,0.004466,0.453545
40.796962,1.288220,-1.947789,-1.625773,-0.744192,1.432722,0.474660,0.558922,0.818857,-1.306920,0.076631,0.058069,0.643026,0.390686,0.275232,-0.091464,-0.402767,0.391952,-2.098798,-1.524928,1.581686,1.413247,0.679420,-0.548783,-0.573272,0.002211,0.829566,0.000579,0.451316
40.797972,1.283739,-1.941472,-1.630508,-0.745484,1.433458,0.475633,0.557033,0.818857,-1.306920,0.076631,0.058069,0.643026,0.390686,0.275232,-0.091464,-0.402767,0.391952,-2.098798,-1.524928,1.581686,1.413247,0.679420,-0.548783,-0.573272,0.002211,0.829566,0.000579,0.451316
40.799106,1.283570,-1.934603,-1.637712,-0.745997,1.432743,0.474458,0.556464,0.739879,-1.251484,-0.013511,0.035749,0.642479,0.382492,0.275335,-0.090793,-0.403328,0.391385,-2.098796,-1.524091,1.581684,1.413704,0.680438,-0.550867,-0.572834,0.002147,0.829161,-0.000509,0.455052
40.800014,1.288718,-1.926327,-1.641389,-0.746394,1.434520,0.473238,0.559290,0.651648,-1.192250,-0.113537,0.011657,0.641764,0.373287,0.275464,-0.090110,-0.403885,0.390814,-2.098796,-1.523261,1.581687,1.414162,0.679972,-0.553967,-0.572104,0.001182,0.831354,0.000504,0.456266
40.801011,1.283701,-1.923203,-1.641241,-0.746101,1.435006,0.471813,0.559174,0.561699,-1.128259,-0.213920,-0.014595,0.641148,0.364195,0.275604,-0.089433,-0.404445,0.390250,-2.098796,-1.522433,1.581689,1.414605,0.675381,-0.556446,-0.571287,0.000395,0.829060,0.001580,0.450320
40.802073,1.272831,-1.921219,-1.642564,-0.749374,1.435973,0.472728,0.559010,0.400949,-0.997525,-0.387210,-0.067925,0.640745,0.348889,0.275884,-0.088062,-0.405558,0.389098,-2.098794,-1.520784,1.581696,1.415507,0.680889,-0.557133,-0.574566,0.000681,0.828845,0.001728,0.450846
40.803035,1.266824,-1.921806,-1.650094,-0.750434,1.435517,0.475120,0.560675,0.400949,-0.997525,-0.387210,-0.067925,0.640745,0.348889,0.275884,-0.088062,-0.405558,0.389098,-2.098794,-1.520784,1.581696,1.415507,0.680889,-0.557133,-0.574566,0.000681,0.828845,0.001728,0.450846
40.803979,1.271473,-1.925262,-1.652901,-0.752641,1.433324,0.477284,0.560362,0.331102,-0.936532,-0.459637,-0.093318,0.641115,0.342234,0.276056,-0.087374,-0.406111,0.388534,-2.098792,-1.519946,1.581689,1.415949,0.682120,-0.555553,-0.572249,0.000434,0.829196,-0.000771,0.447349
40.804973,1.268678,-1.925034,-1.664377,-0.755485,1.429888,0.478259,0.563082,0.267837,-0.884825,-0.524217,-0.115398,0.641886,0.335780,0.276232,-0.086710,-0.406654,0.387962,-2.098788,-1.519121,1.581683,1.416393,0.678157,-0.552572,-0.572102,0.001329,0.831278,-0.003033,0.447850
40.805996,1.269764,-1.925450,-1.666725,-0.757710,1.428712,0.479994,0.562427,0.213475,-0.847863,-0.579260,-0.131814,0.643056,0.329613,0.276387,-0.086029,-0.407205,0.387408,-2.098782,-1.518277,1.581676,1.416828,0.678153,-0.551649,-0.568211,0.002737,0.834839,-0.004102,0.442304
40.807015,1.270090,-1.920502,-1.662185,-0.759997,1.424116,0.477693,0.562101,0.133940,-0.812370,-0.659438,-0.151858,0.646969,0.318964,0.276657,-0.084680,-0.408305,0.386251,-2.098768,-1.516585,1.581666,1.417716,0.675065,-0.552148,-0.573026,0.004262,0.841269,-0.003737,0.444259
40.808046,1.270766,-1.917375,-1.668699,-0.759335,1.422881,0.477025,0.564111,0.133940,-0.812370,-0.659438,-0.151858,0.646969,0.318964,0.276657,-0.084680,-0.408305,0.386251,-2.098768,-1.516585,1.581666,1.417716,0.675065,-0.552148,-0.573026,0.004262,0.841269,-0.003737,0.444259
40.808972,1.264820,-1.909961,-1.668528,-0.759949,1.422081,0.476343,0.564783,0.114437,-0.806212,-0.676990,-0.158889,0.649868,0.315772,0.276783,-0.084002,-0.408863,0.385686,-2.098767,-1.515739,1.581663,1.418145,0.673565,-0.552757,-0.571774,0.002216,0.842874,-0.003218,0.440236
40.809975,1.254179,-1.907799,-1.673329,-0.762978,1.414877,0.478002,0.564414,0.107433,-0.802619,-0.680428,-0.164859,0.653140,0.314171,0.276858,-0.083329,-0.409417,0.385109,-2.098766,-1.514896,1.581659,1.418578,0.674753,-0.555013,-0.572906,0.001620,0.843196,-0.002645,0.438761
40.811066,1.258590,-1.905917,-1.683843,-0.763392,1.412548,0.477331,0.565451,0.109380,-0.787225,-0.670316,-0.179925,0.659759,0.313525,0.276920,-0.081981,-0.410535,0.383972,-2.098760,-1.513163,1.581652,1.419452,0.675818,-0.555293,-0.569530,0.002181,0.853433,-0.003893,0.437495
40.812110,1.268813,-1.909428,-1.688893,-0.764080,1.412223,0.476504,0.565581,0.109380,-0.787225,-0.670316,-0.179925,0.659759,0.313525,0.276920,-0.081981,-0.410535,0.383972,-2.098760,-1.513163,1.581652,1.419452,0.675818,-0.555293,-0.569530,0.002181,0.853433,-0.003893,0.437495
40.812949,1.264661,-1.905155,-1.687800,-0.765713,1.408720,0.473937,0.567310,0.114603,-0.778882,-0.662040,-0.187246,0.662480,0.313899,0.276964,-0.081321,-0.411080,0.383402,-2.098758,-1.512297,1.581653,1.419887,0.669819,-0.552804,-0.569156,0.001477,0.854051,-0.003220,0.437292
40.814028,1.262075,-1.904830,-1.687307,-0.763681,1.410644,0.472608,0.568069,0.128149,-0.778392,-0.645910,-0.190551,0.664533,0.315170,0.276978,-0.080644,-0.411635,0.382831,-2.098755,-1.511445,1.581656,1.420307,0.669505,-0.552991,-0.570061,0.001971,0.856268,-0.000771,0.433552
40.815050,1.257906,-1.898974,-1.678171,-0.762737,1.414055,0.472144,0.568114,0.185301,-0.803303,-0.583017,-0.183592,0.666338,0.320953,0.276830,-0.079305,-0.412747,0.381655,-2.098768,-1.509749,1.581657,1.421172,0.671042,-0.554497,-0.578848,-0.003452,0.851985,0.000687,0.432103
40.815950,1.254031,-1.889134,-1.681245,-0.763025,1.416038,0.473240,0.568334,0.229109,-0.821768,-0.534092,-0.175581,0.666336,0.325868,0.276669,-0.078629,-0.413315,0.381081,-2.098773,-1.508899,1.581654,1.421598,0.670954,-0.557640,-0.578070,-0.004201,0.849248,-0.000535,0.431487
40.817011,1.253395,-1.884779,-1.682800,-0.761675,1.416633,0.473182,0.570071,0.229109,-0.821768,-0.534092,-0.175581,0.666336,0.325868,0.276669,-0.078629,-0.413315,0.381081,-2.098773,-1.508899,1.581654,1.421598,0.670954,-0.557640,-0.578070,-0.004201,0.849248,-0.000535,0.431487
40.817967,1.250383,-1.883273,-1.679927,-0.762081,1.418437,0.473734,0.571000,0.278696,-0.835790,-0.477646,-0.168543,0.666062,0.331958,0.276443,-0.077966,-0.413877,0.380495,-2.098785,-1.508058,1.581652,1.422024,0.670494,-0.558982,-0.579395,-0.006670,0.849396,-0.000610,0.428092
40.818972,1.254969,-1.878613,-1.681594,-0.762170,1.423246,0.473343,0.569640,0.388481,-0.855325,-0.350711,-0.155082,0.664806,0.346700,0.275888,-0.076637,-0.414993,0.379324,-2.098803,-1.506385,1.581650,1.422883,0.666996,-0.559636,-0.582758,-0.008269,0.842867,-0.001035,0.428925
40.820090,1.255717,-1.883550,-1.680648,-0.762084,1.425147,0.472343,0.569037,0.388481,-0.855325,-0.350711,-0.155082,0.664806,0.346700,0.275888,-0.076637,-0.414993,0.379324,-2.098803,-1.506385,1.581650,1.422883,0.666996,-0.559636,-0.582758,-0.008269,0.842867,-0.001035,0.428925
40.821043,1.251189,-1.885843,-1.672290,-0.761991,1.432294,0.468817,0.568762,0.450594,-0.868433,-0.278387,-0.146006,0.663900,0.355327,0.275634,-0.075972,-0.415546,0.378727,-2.098815,-1.505544,1.581653,1.423315,0.666233,-0.556727,-0.585681,-0.009520,0.842210,-0.000208,0.430296
40.821974,1.245208,-1.879506,-1.668419,-0.763352,1.432170,0.469312,0.567674,0.519409,-0.892209,-0.198469,-0.131770,0.662659,0.364627,0.275383,-0.075301,-0.416101,0.378130,-2.098828,-1.504718,1.581663,1.423742,0.666901,-0.554246,-0.590899,-0.010520,0.834934,0.003145,0.430752
40.823094,1.244047,-1.883738,-1.669658,-0.764348,1.435946,0.469821,0.566516,0.594403,-0.928047,-0.111341,-0.112196,0.661129,0.374347,0.275112,-0.074636,-0.416653,0.377530,-2.098839,-1.503877,1.581664,1.424179,0.668220,-0.556035,-0.593595,-0.010101,0.834720,0.002466,0.432780
40.824011,1.242594,-1.881220,-1.680180,-0.767569,1.435031,0.471141,0.566226,0.671928,-0.970873,-0.020756,-0.090030,0.659492,0.384115,0.274841,-0.073964,-0.417205,0.376927,-2.098849,-1.503056,1.581664,1.424622,0.668295,-0.553518,-0.595334,-0.010306,0.832345,0.001797,0.435243
40.825046,1.237924,-1.882923,-1.684762,-0.768200,1.434805,0.471014,0.565377,0.746504,-1.017743,0.066537,-0.066807,0.657755,0.393250,0.274585,-0.073293,-0.417762,0.376348,-2.098852,-1.502219,1.581661,1.425054,0.667173,-0.553233,-0.590936,-0.008184,0.832810,0.000355,0.435635
40.825971,1.234289,-1.889605,-1.686765,-0.770946,1.431972,0.470855,0.565692,0.811678,-1.066521,0.142149,-0.043412,0.655805,0.400930,0.274337,-0.072627,-0.418303,0.375754,-2.098863,-1.501391,1.581660,1.425503,0.668535,-0.551656,-0.590437,-0.008675,0.833654,0.000351,0.437314
40.826995,1.226078,-1.896979,-1.693341,-0.773173,1.436593,0.468023,0.562326,0.906045,-1.180075,0.246368,0.010130,0.650358,0.410430,0.273798,-0.071286,-0.419371,0.374581,-2.098872,-1.499734,1.581666,1.426397,0.671575,-0.542683,-0.588792,-0.005997,0.832023,0.003051,0.443215
40.828029,1.223921,-1.896381,-1.702424,-0.775888,1.436678,0.466955,0.563277,0.906045,-1.180075,0.246368,0.010130,0.650358,0.410430,0.273798,-0.071286,-0.419371,0.374581,-2.098872,-1.499734,1.581666,1.426397,0.671575,-0.542683,-0.588792,-0.005997,0.832023,0.003051,0.443215
40.829026,1.219143,-1.899076,-1.706066,-0.776776,1.436158,0.468127,0.562509,0.933805,-1.250328,0.272353,0.042552,0.646603,0.411729,0.273520,-0.070609,-0.419911,0.373994,-2.098871,-1.498896,1.581672,1.426838,0.671493,-0.542306,-0.586057,-0.004642,0.832477,0.003919,0.441225
40.829968,1.214001,-1.894604,-1.713204,-0.780353,1.438446,0.469532,0.560204,0.947227,-1.324408,0.279716,0.076627,0.642320,0.410735,0.273257,-0.069941,-0.420449,0.373411,-2.098878,-1.498054,1.581670,1.427279,0.672617,-0.540061,-0.585819,-0.004901,0.833157,0.002594,0.442731
40.831164,1.222183,-1.892406,-1.723348,-0.782481,1.438721,0.470262,0.560472,0.935851,-1.459011,0.248451,0.139090,0.633550,0.403811,0.272839,-0.068598,-0.421531,0.372258,-2.098876,-1.496394,1.581672,1.428180,0.669399,-0.542385,-0.581685,-0.001998,0.832393,0.000141,0.446833
40.832110,1.217336,-1.888691,-1.729132,-0.785347,1.435504,0.470124,0.558472,0.935851,-1.459011,0.248451,0.139090,0.633550,0.403811,0.272839,-0.068598,-0.421531,0.372258,-2.098876,-1.496394,1.581672,1.428180,0.669399,-0.542385,-0.581685,-0.001998,0.832393,0.000141,0.446833
40.833018,1.208084,-1.889373,-1.735314,-0.789790,1.433941,0.468615,0.556861,0.915179,-1.506380,0.216743,0.161202,0.629919,0.399124,0.272723,-0.067933,-0.422071,0.371681,-2.098875,-1.495545,1.581671,1.428640,0.670299,-0.543052,-0.579981,-0.000382,0.835277,0.000158,0.450644
40.833970,1.203839,-1.892312,-1.747720,-0.790285,1.432325,0.467556,0.556432,0.885390,-1.537493,0.175730,0.175613,0.626974,0.393843,0.272675,-0.067251,-0.422608,0.371104,-2.098867,-1.494714,1.581672,1.429106,0.672901,-0.541306,-0.577751,0.002718,0.836317,0.001539,0.453543
40.835039,1.200648,-1.895249,-1.760491,-0.791743,1.432097,0.468507,0.555256,0.844342,-1.556334,0.122088,0.184070,0.624448,0.387399,0.272664,-0.066572,-0.423146,0.370547,-2.098868,-1.493869,1.581675,1.429556,0.673296,-0.538692,-0.573012,0.001950,0.837668,0.002439,0.454202
40.835978,1.193497,-1.892521,-1.764226,-0.796142,1.430498,0.469307,0.556081,0.791298,-1.570386,0.053714,0.191209,0.621877,0.379346,0.272626,-0.065903,-0.423676,0.369984,-2.098866,-1.493037,1.581676,1.430016,0.674102,-0.536845,-0.569049,0.001986,0.838766,0.001309,0.456555
40.837027,1.192001,-1.883256,-1.768972,-0.797677,1.429333,0.470546,0.555427,0.727687,-1.581948,-0.027856,0.198295,0.619196,0.369808,0.272537,-0.065219,-0.424217,0.369423,-2.098854,-1.492193,1.581675,1.430473,0.675833,-0.536989,-0.568543,0.004915,0.840005,0.000383,0.454632
40.837993,1.197141,-1.867183,-1.773452,-0.799062,1.431566,0.470842,0.552817,0.656998,-1.584886,-0.117066,0.201242,0.616880,0.359587,0.272431,-0.064552,-0.424761,0.368857,-2.098849,-1.491338,1.581669,1.430930,0.675659,-0.540994,-0.568377,0.004935,0.841644,-0.000981,0.455935
40.838956,1.195844,-1.853405,-1.780370,-0.799835,1.428951,0.468156,0.554035,0.512202,-1.525248,-0.290275,0.175389,0.615486,0.341717,0.272426,-0.063211,-0.425896,0.367731,-2.098839,-1.489657,1.581675,1.431850,0.670678,-0.553088,-0.565695,0.004355,0.841809,0.001134,0.458288
40.840014,1.190241,-1.846209,-1.785505,-0.800297,1.428678,0.468155,0.553587,0.512202,-1.525248,-0.290275,0.175389,0.615486,0.341717,0.272426,-0.063211,-0.425896,0.367731,-2.098839,-1.489657,1.581675,1.431850,0.670678,-0.553088,-0.565695,0.004355,0.841809,0.001134,0.458288
40.841010,1.182418,-1.843882,-1.790148,-0.802407,1.431474,0.468677,0.553819,0.441720,-1.453068,-0.369046,0.143248,0.616633,0.334991,0.272584,-0.062537,-0.426453,0.367166,-2.098837,-1.488818,1.581675,1.432318,0.672589,-0.555880,-0.565451,0.003381,0.842784,0.000959,0.459151
40.841926,1.175041,-1.843931,-1.801669,-0.804700,1.428235,0.471188,0.553324,0.371878,-1.359870,-0.444503,0.102227,0.618494,0.329208,0.272842,-0.061853,-0.427012,0.366599,-2.098831,-1.487974,1.581674,1.432779,0.675032,-0.555871,-0.564859,0.004075,0.840067,0.000291,0.458527
40.843056,1.173368,-1.845013,-1.805318,-0.805729,1.432817,0.473962,0.552063,0.231156,-1.156258,-0.594892,0.012487,0.622280,0.317828,0.273453,-0.060500,-0.428118,0.365487,-2.098823,-1.486297,1.581656,1.433701,0.677136,-0.553462,-0.561507,0.004534,0.839548,-0.005204,0.461873
40.844040,1.168862,-1.838334,-1.807646,-0.805396,1.432917,0.473849,0.555505,0.164585,-1.063530,-0.666491,-0.028463,0.623599,0.312216,0.273711,-0.059816,-0.428682,0.364929,-2.098821,-1.485451,1.581652,1.434140,0.677849,-0.555561,-0.562090,0.002872,0.839483,-0.005179,0.454815
40.844923,1.175864,-1.832921,-1.801971,-0.805154,1.431450,0.471633,0.553999,0.164585,-1.063530,-0.666491,-0.028463,0.623599,0.312216,0.273711,-0.059816,-0.428682,0.364929,-2.098821,-1.485451,1.581652,1.434140,0.677849,-0.555561,-0.562090,0.002872,0.839483,-0.005179,0.454815
40.845938,1.181053,-1.825532,-1.797912,-0.804415,1.437718,0.469319,0.554305,0.108545,-0.980973,-0.725766,-0.064441,0.624622,0.307806,0.273898,-0.059158,-0.429238,0.364354,-2.098822,-1.484622,1.581654,1.434603,0.672364,-0.556511,-0.565635,0.001519,0.840262,-0.003081,0.457577
40.846970,1.175485,-1.820836,-1.800607,-0.805988,1.441738,0.467352,0.555460,0.071433,-0.909787,-0.761988,-0.094814,0.625625,0.305791,0.274022,-0.058492,-0.429804,0.363776,-2.098826,-1.483793,1.581657,1.435064,0.668655,-0.559101,-0.569433,-0.000455,0.834369,-0.000932,0.456817
40.848053,1.168282,-1.819135,-1.803424,-0.806362,1.441436,0.467163,0.555088,0.055880,-0.848288,-0.771558,-0.120869,0.626948,0.306535,0.274086,-0.057822,-0.430371,0.363206,-2.098826,-1.482958,1.581662,1.435513,0.670451,-0.560396,-0.570077,-0.000200,0.830898,0.000854,0.454454
40.849005,1.168781,-1.818621,-1.808022,-0.807200,1.440146,0.466539,0.555562,0.055366,-0.793380,-0.762531,-0.144544,0.628708,0.309086,0.274081,-0.057140,-0.430929,0.362631,-2.098830,-1.482133,1.581661,1.435970,0.673202,-0.560598,-0.571065,-0.001158,0.832310,0.000873,0.455251
40.849994,1.169541,-1.817103,-1.819283,-0.810306,1.444699,0.467744,0.554145,0.063339,-0.746192,-0.743545,-0.165172,0.630809,0.312360,0.274010,-0.056471,-0.431485,0.362070,-2.098832,-1.481295,1.581661,1.436428,0.671321,-0.559482,-0.570179,-0.001500,0.833410,0.001366,0.454074
40.850975,1.172725,-1.818056,-1.820572,-0.813026,1.436177,0.469355,0.552878,0.092269,-0.682272,-0.694277,-0.195610,0.636332,0.318781,0.273891,-0.055144,-0.432599,0.360928,-2.098824,-1.479622,1.581652,1.437352,0.666744,-0.557397,-0.567119,0.001603,0.837657,-0.001701,0.459139
40.852082,1.171774,-1.822480,-1.813131,-0.815183,1.433552,0.467742,0.553886,0.092269,-0.682272,-0.694277,-0.195610,0.636332,0.318781,0.273891,-0.055144,-0.432599,0.360928,-2.098824,-1.479622,1.581652,1.437352,0.666744,-0.557397,-0.567119,0.001603,0.837657,-0.001701,0.459139
40.853009,1.174538,-1.821823,-1.812995,-0.814249,1.433997,0.467444,0.553418,0.115495,-0.668806,-0.662072,-0.205461,0.640019,0.322096,0.273907,-0.054473,-0.433152,0.360347,-2.098822,-1.478766,1.581653,1.437803,0.666681,-0.554725,-0.573427,0.002274,0.841194,-0.000224,0.457162
40.854029,1.169428,-1.820726,-1.810737,-0.816735,1.430368,0.469240,0.552172,0.151430,-0.672879,-0.616337,-0.208989,0.644238,0.326288,0.273929,-0.053820,-0.433701,0.359768,-2.098826,-1.477932,1.581653,1.438262,0.663701,-0.553660,-0.574443,0.000192,0.840336,-0.000071,0.457870
40.854946,1.163850,-1.816352,-1.797697,-0.818960,1.427734,0.468319,0.552450,0.259878,-0.724536,-0.484998,-0.198442,0.653608,0.337672,0.273890,-0.052491,-0.434813,0.358585,-2.098819,-1.476221,1.581648,1.439184,0.666257,-0.553897,-0.584588,0.002260,0.846183,-0.001190,0.459410
40.855970,1.161451,-1.820597,-1.800002,-0.820137,1.428076,0.470447,0.554148,0.328736,-0.761064,-0.401998,-0.190060,0.658644,0.344899,0.273806,-0.051823,-0.435354,0.357997,-2.098817,-1.475382,1.581643,1.439634,0.666352,-0.550963,-0.585088,0.002054,0.846234,-0.003468,0.455932
40.857095,1.169948,-1.815202,-1.809253,-0.822923,1.426362,0.469588,0.555496,0.403129,-0.801380,-0.312432,-0.181101,0.663615,0.352788,0.273647,-0.051165,-0.435913,0.357420,-2.098811,-1.474523,1.581641,1.440085,0.661770,-0.553284,-0.583170,0.003251,0.849051,-0.002732,0.453358
40.858007,1.169466,-1.815123,-1.806678,-0.821304,1.422916,0.467726,0.555846,0.403129,-0.801380,-0.312432,-0.181101,0.663615,0.352788,0.273647,-0.051165,-0.435913,0.357420,-2.098811,-1.474523,1.581641,1.440085,0.661770,-0.553284,-0.583170,0.003251,0.849051,-0.002732,0.453358
40.859030,1.163864,-1.811222,-1.801247,-0.822667,1.424065,0.463751,0.556444,0.555918,-0.885280,-0.130459,-0.161530,0.672115,0.369322,0.273193,-0.049846,-0.437013,0.356223,-2.098816,-1.472819,1.581656,1.440978,0.662143,-0.552871,-0.589478,0.000586,0.850915,0.002768,0.451204
40.860032,1.162131,-1.809692,-1.793931,-0.820440,1.425526,0.462606,0.555668,0.555918,-0.885280,-0.130459,-0.161530,0.672115,0.369322,0.273193,-0.049846,-0.437013,0.356223,-2.098816,-1.472819,1.581656,1.440978,0.662143,-0.552871,-0.589478,0.000586,0.850915,0.002768,0.451204
40.861054,1.162024,-1.809593,-1.804176,-0.821559,1.426504,0.463264,0.557615,0.633830,-0.928493,-0.038298,-0.149269,0.675266,0.377858,0.272967,-0.049181,-0.437570,0.355625,-2.098825,-1.471958,1.581658,1.441433,0.661792,-0.552545,-0.594566,-0.002749,0.849462,0.003728,0.452670
40.862048,1.158874,-1.809159,-1.810861,-0.821735,1.426261,0.467531,0.555939,0.711969,-0.973000,0.053822,-0.134317,0.677554,0.386378,0.272751,-0.048525,-0.438116,0.355035,-2.098827,-1.471117,1.581658,1.441874,0.660881,-0.551742,-0.591042,-0.002881,0.848864,0.002903,0.448703
40.863035,1.146110,-1.808652,-1.810981,-0.822968,1.425675,0.469823,0.556248,0.784972,-1.019106,0.138471,-0.116311,0.678798,0.394096,0.272532,-0.047859,-0.438669,0.354451,-2.098833,-1.470267,1.581650,1.442323,0.661200,-0.550883,-0.589243,-0.003869,0.849170,-0.001491,0.452026
40.864060,1.143825,-1.803742,-1.820266,-0.821328,1.423199,0.468460,0.555698,0.847161,-1.065387,0.208349,-0.096299,0.678947,0.400336,0.272320,-0.047189,-0.439215,0.353857,-2.098837,-1.469419,1.581642,1.442780,0.666269,-0.550099,-0.590554,-0.003806,0.849762,-0.003864,0.451223
40.864962,1.141819,-1.791428,-1.824292,-0.821990,1.425007,0.467126,0.554841,0.894975,-1.109536,0.259451,-0.075360,0.677974,0.404824,0.272108,-0.046524,-0.439772,0.353270,-2.098849,-1.468558,1.581641,1.443233,0.666313,-0.551610,-0.587614,-0.006516,0.852473,-0.002607,0.452277
40.866074,1.140357,-1.790128,-1.822097,-0.821122,1.430115,0.463446,0.555034,0.926465,-1.145977,0.290001,-0.055775,0.675971,0.407654,0.271860,-0.045855,-0.440342,0.352688,-2.098857,-1.467710,1.581640,1.443685,0.665386,-0.556003,-0.586379,-0.006805,0.849888,-0.001397,0.453722
40.866993,1.132402,-1.784795,-1.823102,-0.821652,1.435110,0.460188,0.554662,0.953082,-1.183019,0.308237,-0.028170,0.670151,0.410776,0.271211,-0.044517,-0.441457,0.351501,-2.098880,-1.466038,1.581660,1.444601,0.667812,-0.557247,-0.590169,-0.009222,0.840500,0.005151,0.453872
40.867998,1.132934,-1.785109,-1.828188,-0.825292,1.439033,0.459653,0.552912,0.953082,-1.183019,0.308237,-0.028170,0.670151,0.410776,0.271211,-0.044517,-0.441457,0.351501,-2.098880,-1.466038,1.581660,1.444601,0.667812,-0.557247,-0.590169,-0.009222,0.840500,0.005151,0.453872
40.869012,1.125523,-1.793136,-1.836909,-0.826642,1.438846,0.460886,0.553933,0.954828,-1.188510,0.304904,-0.019661,0.666829,0.411570,0.270829,-0.043859,-0.442006,0.350912,-2.098881,-1.465208,1.581666,1.445060,0.666414,-0.556098,-0.589170,-0.006827,0.836939,0.005474,0.457278
40.870045,1.119015,-1.791079,-1.847302,-0.828053,1.438230,0.462658,0.552171,0.933729,-1.201366,0.269170,-0.004943,0.659416,0.409468,0.269934,-0.042506,-0.443106,0.349754,-2.098896,-1.463530,1.581666,1.445972,0.671017,-0.551359,-0.583258,-0.006389,0.838613,0.002150,0.458604
40.870936,1.120445,-1.794284,-1.851267,-0.828760,1.437084,0.462755,0.551601,0.907841,-1.217858,0.231563,0.006755,0.654832,0.405708,0.269459,-0.041847,-0.443643,0.349174,-2.098904,-1.462703,1.581668,1.446436,0.668381,-0.548257,-0.581976,-0.006666,0.839140,0.001931,0.459379
40.872088,1.118720,-1.798768,-1.868398,-0.831533,1.438747,0.463090,0.551017,0.907841,-1.217858,0.231563,0.006755,0.654832,0.405708,0.269459,-0.041847,-0.443643,0.349174,-2.098904,-1.462703,1.581668,1.446436,0.668381,-0.548257,-0.581976,-0.006666,0.839140,0.001931,0.459379
40.873021,1.108572,-1.796394,-1.872581,-0.833395,1.442275,0.462208,0.549848,0.873530,-1.243569,0.182486,0.023196,0.649539,0.400311,0.269032,-0.041172,-0.444185,0.348604,-2.098907,-1.461859,1.581668,1.446901,0.668967,-0.545958,-0.576420,-0.005287,0.838942,0.001427,0.460658
40.873947,1.097278,-1.791608,-1.873290,-0.834706,1.441926,0.463526,0.550385,0.830085,-1.276797,0.120959,0.043199,0.643611,0.393205,0.268647,-0.040498,-0.444733,0.348036,-2.098912,-1.461023,1.581670,1.447366,0.672298,-0.545808,-0.575564,-0.004524,0.835043,0.002172,0.462736
40.874950,1.098160,-1.797315,-1.885484,-0.836024,1.441417,0.464385,0.549653,0.776620,-1.310223,0.046989,0.063022,0.637396,0.384556,0.268277,-0.039813,-0.445276,0.347459,-2.098916,-1.460196,1.581668,1.447825,0.675994,-0.546872,-0.576250,-0.004331,0.835130,0.000713,0.461372
40.876009,1.096035,-1.792687,-1.893320,-0.838005,1.443550,0.465556,0.548199,0.715289,-1.341089,-0.035921,0.081758,0.631182,0.374839,0.267898,-0.039140,-0.445816,0.346899,-2.098919,-1.459354,1.581664,1.448285,0.674200,-0.543090,-0.571986,-0.004225,0.835838,-0.000263,0.462729
40.877043,1.098488,-1.795796,-1.899242,-0.843080,1.437124,0.464343,0.547291,0.648884,-1.370961,-0.124422,0.100604,0.625151,0.364450,0.267510,-0.038473,-0.446357,0.346334,-2.098922,-1.458525,1.581661,1.448760,0.674442,-0.544882,-0.570395,-0.003557,0.834505,-0.001571,0.465561
40.878102,1.100132,-1.794627,-1.909004,-0.846029,1.434701,0.463783,0.547367,0.580609,-1.397995,-0.214236,0.118092,0.619691,0.353929,0.267130,-0.037801,-0.446896,0.345765,-2.098915,-1.457676,1.581663,1.449231,0.672130,-0.542593,-0.569495,0.000042,0.841420,-0.000494,0.467245
40.879001,1.094712,-1.794003,-1.917906,-0.847120,1.435683,0.462962,0.548005,0.449567,-1.438789,-0.383614,0.143126,0.611445,0.333993,0.266322,-0.036457,-0.447975,0.344647,-2.098910,-1.455982,1.581666,1.450160,0.671171,-0.541485,-0.563518,0.001380,0.842665,0.000582,0.465402
40.880080,1.092679,-1.789591,-1.918481,-0.850136,1.429688,0.463832,0.545335,0.449567,-1.438789,-0.383614,0.143126,0.611445,0.333993,0.266322,-0.036457,-0.447975,0.344647,-2.098910,-1.455982,1.581666,1.450160,0.671171,-0.541485,-0.563518,0.001380,0.842665,0.000582,0.465402
40.881102,1.084330,-1.787289,-1.927433,-0.853558,1.429156,0.466306,0.543816,0.387141,-1.451307,-0.463269,0.150783,0.608552,0.324557,0.265908,-0.035779,-0.448523,0.344087,-2.098904,-1.455118,1.581664,1.450644,0.671350,-0.543185,-0.565829,0.002877,0.849393,-0.000452,0.470718
40.881979,1.081428,-1.782802,-1.923124,-0.855271,1.429960,0.467627,0.544917,0.327229,-1.454176,-0.538412,0.153333,0.606527,0.315668,0.265547,-0.035107,-0.449060,0.343527,-2.098896,-1.454277,1.581656,1.451122,0.674398,-0.543580,-0.563353,0.004792,0.850247,-0.003041,0.473564
40.882957,1.084858,-1.782280,-1.922708,-0.857857,1.426020,0.468658,0.544454,0.222147,-1.426266,-0.665007,0.139405,0.605489,0.300816,0.264938,-0.033764,-0.450155,0.342388,-2.098882,-1.452560,1.581642,1.452068,0.670505,-0.543296,-0.568009,0.006340,0.852189,-0.005562,0.471642
40.884028,1.093495,-1.775499,-1.931173,-0.859752,1.426566,0.469517,0.544809,0.187726,-1.401868,-0.703470,0.125812,0.606591,0.296317,0.264705,-0.033109,-0.450702,0.341821,-2.098876,-1.451716,1.581635,1.452537,0.665563,-0.546143,-0.566120,0.006688,0.852375,-0.006532,0.470870
40.884989,1.092004,-1.767636,-1.925934,-0.859657,1.425039,0.466164,0.543015,0.168556,-1.370421,-0.721863,0.108383,0.608736,0.294352,0.264542,-0.032442,-0.451260,0.341240,-2.098872,-1.450853,1.581639,1.453020,0.664843,-0.548746,-0.570081,0.005231,0.853554,-0.003297,0.474207
40.886082,1.084919,-1.762720,-1.931614,-0.861683,1.425748,0.464035,0.544019,0.162296,-1.329764,-0.723114,0.086797,0.611725,0.294669,0.264383,-0.031775,-0.451822,0.340677,-2.098866,-1.449996,1.581639,1.453484,0.667812,-0.550562,-0.569821,0.005705,0.853657,-0.001343,0.472153
40.886999,1.073638,-1.755539,-1.934049,-0.863109,1.425818,0.463426,0.546193,0.162089,-1.278287,-0.715923,0.060295,0.615199,0.296281,0.264149,-0.031096,-0.452375,0.340105,-2.098857,-1.449146,1.581637,1.453952,0.671522,-0.552634,-0.569600,0.005742,0.852968,-0.000868,0.467470
40.888013,1.071209,-1.751734,-1.944456,-0.863482,1.427572,0.462550,0.545570,0.160922,-1.216406,-0.709636,0.029040,0.618759,0.298140,0.263846,-0.030421,-0.452932,0.339550,-2.098855,-1.448296,1.581637,1.454416,0.671458,-0.553507,-0.566407,0.004719,0.851422,-0.000137,0.468645
40.889113,1.074535,-1.749000,-1.939671,-0.863451,1.427766,0.462298,0.546897,0.160922,-1.216406,-0.709636,0.029040,0.618759,0.298140,0.263846,-0.030421,-0.452932,0.339550,-2.098855,-1.448296,1.581637,1.454416,0.671458,-0.553507,-0.566407,0.004719,0.851422,-0.000137,0.468645
40.889999,1.073102,-1.740305,-1.941761,-0.865389,1.427854,0.461507,0.547553,0.159157,-1.149490,-0.704431,-0.004070,0.622136,0.300158,0.263518,-0.029762,-0.453485,0.338965,-2.098854,-1.447450,1.581636,1.454877,0.669312,-0.554386,-0.571308,0.003250,0.852255,-0.000042,0.465985
40.890961,1.077045,-1.733972,-1.938227,-0.862740,1.430865,0.460731,0.549002,0.162286,-1.082273,-0.693391,-0.037020,0.625364,0.303019,0.263170,-0.029094,-0.454050,0.338390,-2.098850,-1.446598,1.581634,1.455340,0.668010,-0.556914,-0.570902,0.003949,0.851246,0.000638,0.464343
40.891951,1.073977,-1.732385,-1.933204,-0.862750,1.432280,0.457494,0.550022,0.173826,-1.016217,-0.671877,-0.069346,0.628554,0.307231,0.262794,-0.028441,-0.454618,0.337812,-2.098857,-1.445752,1.581636,1.455792,0.664692,-0.558639,-0.574023,0.000179,0.848025,0.001261,0.461261
40.892998,1.069964,-1.732736,-1.929034,-0.862951,1.433127,0.456811,0.549218,0.196329,-0.955550,-0.636866,-0.098472,0.631649,0.313012,0.262414,-0.027775,-0.455172,0.337221,-2.098861,-1.444917,1.581646,1.456253,0.664969,-0.558291,-0.577950,-0.000980,0.846799,0.004320,0.459078
40.894057,1.070792,-1.730864,-1.930451,-0.864348,1.435560,0.457551,0.549598,0.231043,-0.906409,-0.587003,-0.121477,0.634559,0.320205,0.262073,-0.027105,-0.455733,0.336634,-2.098865,-1.444071,1.581651,1.456722,0.666024,-0.557225,-0.581976,-0.002036,0.846500,0.004797,0.460630
40.895028,1.069550,-1.725192,-1.932159,-0.864122,1.436120,0.458126,0.552568,0.276270,-0.871415,-0.524475,-0.137897,0.637333,0.328318,0.261782,-0.026449,-0.456286,0.336047,-2.098865,-1.443242,1.581651,1.457177,0.664883,-0.557450,-0.583283,-0.001992,0.844864,0.003887,0.459833
40.895958,1.068197,-1.726491,-1.929631,-0.865867,1.436271,0.458566,0.551424,0.328546,-0.848187,-0.453613,-0.149318,0.640173,0.336863,0.261506,-0.025785,-0.456849,0.335454,-2.098871,-1.442395,1.581652,1.457618,0.664106,-0.558970,-0.583637,-0.003361,0.844202,0.003169,0.453730
40.897062,1.076600,-1.720473,-1.927267,-0.865842,1.434287,0.460227,0.551176,0.384777,-0.834515,-0.378413,-0.156963,0.643294,0.345453,0.261247,-0.025118,-0.457408,0.334868,-2.098871,-1.441546,1.581652,1.458075,0.663077,-0.556773,-0.585875,-0.002799,0.843565,0.002599,0.455860
40.898006,1.082243,-1.719424,-1.929455,-0.866982,1.432338,0.461487,0.550915,0.445664,-0.830320,-0.297982,-0.160995,0.646946,0.354212,0.261052,-0.024473,-0.457966,0.334271,-2.098878,-1.440702,1.581646,1.458538,0.658575,-0.559301,-0.589368,-0.004101,0.846633,0.000799,0.456371
40.899007,1.078950,-1.719577,-1.924624,-0.869369,1.432566,0.460674,0.553435,0.587493,-0.845688,-0.114003,-0.159572,0.656479,0.373451,0.260826,-0.023175,-0.459074,0.333080,-2.098881,-1.438987,1.581646,1.459446,0.655030,-0.557283,-0.593091,-0.003013,0.847901,0.000100,0.451482
40.900004,1.075841,-1.722786,-1.922735,-0.873352,1.426429,0.461502,0.553641,0.587493,-0.845688,-0.114003,-0.159572,0.656479,0.373451,0.260826,-0.023175,-0.459074,0.333080,-2.098881,-1.438987,1.581646,1.459446,0.655030,-0.557283,-0.593091,-0.003013,0.847901,0.000100,0.451482
40.901032,1.065827,-1.730008,-1.929909,-0.874091,1.423819,0.461817,0.551418,0.741739,-0.894116,0.080921,-0.148453,0.668120,0.392511,0.260676,-0.021844,-0.460167,0.331890,-2.098882,-1.437265,1.581641,1.460352,0.659353,-0.550228,-0.593482,-0.000905,0.856871,-0.001316,0.455440
40.901952,1.063433,-1.729728,-1.939583,-0.878491,1.423391,0.462900,0.552578,0.808726,-0.934521,0.162633,-0.137824,0.673422,0.399671,0.260630,-0.021191,-0.460710,0.331305,-2.098873,-1.436396,1.581636,1.460796,0.658892,-0.549032,-0.589499,0.002117,0.856493,-0.002511,0.452840
40.903150,1.061989,-1.728278,-1.941167,-0.878948,1.414960,0.461605,0.553492,0.861817,-0.981131,0.224863,-0.125451,0.677838,0.404537,0.260546,-0.020528,-0.461264,0.330704,-2.098874,-1.435520,1.581637,1.461248,0.659786,-0.549815,-0.591844,0.001017,0.866569,-0.001371,0.451261
40.903963,1.061835,-1.725085,-1.943064,-0.881700,1.410815,0.458918,0.553497,0.902642,-1.028090,0.270676,-0.113400,0.681311,0.407715,0.260435,-0.019879,-0.461814,0.330120,-2.098870,-1.434641,1.581641,1.461695,0.657547,-0.549348,-0.590826,0.002644,0.868837,0.001190,0.450859
40.905034,1.060163,-1.721564,-1.949783,-0.881213,1.414900,0.456835,0.552374,0.933262,-1.071997,0.303173,-0.102647,0.683796,0.409692,0.260334,-0.019218,-0.462362,0.329531,-2.098874,-1.433786,1.581648,1.462155,0.657710,-0.550522,-0.589583,0.000825,0.865347,0.003064,0.453116
40.906047,1.053822,-1.717103,-1.951188,-0.881473,1.409576,0.455125,0.552412,0.953687,-1.109805,0.322627,-0.093613,0.685209,0.410582,0.260243,-0.018547,-0.462920,0.328942,-2.098876,-1.432904,1.581656,1.462601,0.659706,-0.551728,-0.590541,-0.000180,0.870663,0.004581,0.452962
40.907059,1.045032,-1.723006,-1.962441,-0.881100,1.413539,0.455343,0.552329,0.962421,-1.142610,0.327028,-0.084499,0.685290,0.410077,0.260128,-0.017885,-0.463456,0.328360,-2.098881,-1.432054,1.581659,1.463056,0.663020,-0.547948,-0.586557,-0.001735,0.866803,0.004179,0.453035
40.908022,1.035657,-1.720788,-1.964794,-0.884785,1.411371,0.457577,0.551167,0.957281,-1.173902,0.313333,-0.073790,0.683898,0.407635,0.259976,-0.017214,-0.464007,0.327771,-2.098878,-1.431177,1.581654,1.463519,0.666166,-0.547859,-0.586617,0.000647,0.868538,0.001813,0.455169
40.909033,1.035051,-1.716605,-1.984491,-0.886555,1.411846,0.459247,0.547725,0.936264,-1.200831,0.279398,-0.064095,0.681296,0.403050,0.259841,-0.016555,-0.464566,0.327210,-2.098876,-1.430302,1.581650,1.463991,0.665365,-0.548908,-0.578636,0.001042,0.867992,0.000026,0.461939
40.910071,1.037428,-1.713363,-1.992389,-0.885801,1.408334,0.461976,0.549260,0.899212,-1.219296,0.225200,-0.057397,0.677701,0.396580,0.259740,-0.015892,-0.465113,0.326635,-2.098883,-1.429415,1.581644,1.464444,0.663235,-0.549757,-0.576752,-0.000903,0.871606,-0.002825,0.458725
40.911064,1.030234,-1.708206,-1.994313,-0.883257,1.413789,0.459334,0.549531,0.850458,-1.230403,0.156295,-0.051662,0.673147,0.389023,0.259616,-0.015216,-0.465671,0.326064,-2.098897,-1.428569,1.581650,1.464907,0.665484,-0.551198,-0.577483,-0.004425,0.866135,-0.000310,0.458052
40.911987,1.022873,-1.700880,-1.993240,-0.883500,1.414829,0.457064,0.549558,0.795145,-1.234782,0.080068,-0.045710,0.667798,0.381214,0.259443,-0.014551,-0.466224,0.325479,-2.098903,-1.427716,1.581655,1.465361,0.667422,-0.553381,-0.578923,-0.005196,0.864540,0.001794,0.457760
40.912922,1.017578,-1.691759,-2.002561,-0.883970,1.420415,0.456380,0.547545,0.734608,-1.228920,-0.000708,-0.041804,0.661988,0.373427,0.259259,-0.013879,-0.466790,0.324907,-2.098910,-1.426873,1.581659,1.465832,0.668316,-0.556378,-0.575378,-0.005777,0.858516,0.002304,0.461535
40.914064,1.016724,-1.691544,-2.008034,-0.883088,1.422842,0.456305,0.546710,0.734608,-1.228920,-0.000708,-0.041804,0.661988,0.373427,0.259259,-0.013879,-0.466790,0.324907,-2.098910,-1.426873,1.581659,1.465832,0.668316,-0.556378,-0.575378,-0.005777,0.858516,0.002304,0.461535
40.915076,1.016412,-1.689752,-2.018389,-0.885351,1.425357,0.457016,0.547664,0.600419,-1.187828,-0.171954,-0.041671,0.649889,0.357824,0.258913,-0.012542,-0.467899,0.323769,-2.098926,-1.425172,1.581665,1.466762,0.667417,-0.556084,-0.572292,-0.006777,0.855124,0.001302,0.461191
40.915952,1.011624,-1.686987,-2.030936,-0.888733,1.421955,0.459009,0.547362,0.600419,-1.187828,-0.171954,-0.041671,0.649889,0.357824,0.258913,-0.012542,-0.467899,0.323769,-2.098926,-1.425172,1.581665,1.466762,0.667417,-0.556084,-0.572292,-0.006777,0.855124,0.001302,0.461191
40.917017,1.015103,-1.687775,-2.041991,-0.889723,1.422480,0.459673,0.544650,0.528918,-1.160919,-0.260764,-0.043150,0.643861,0.349745,0.258726,-0.011869,-0.468456,0.323212,-2.098929,-1.424308,1.581664,1.467222,0.667675,-0.555672,-0.566819,-0.004459,0.857473,-0.000820,0.461471
40.918041,1.006593,-1.687543,-2.048228,-0.890388,1.423898,0.459158,0.542400,0.453343,-1.132932,-0.354199,-0.045751,0.637910,0.341046,0.258594,-0.011214,-0.469010,0.322659,-2.098934,-1.423449,1.581660,1.467694,0.665243,-0.554563,-0.563823,-0.004764,0.857487,-0.001602,0.466874
40.919083,0.996508,-1.693275,-2.053116,-0.891409,1.426966,0.458390,0.541776,0.296748,-1.090988,-0.549215,-0.044939,0.625735,0.321981,0.258576,-0.009852,-0.470105,0.321543,-2.098943,-1.421744,1.581663,1.468653,0.672247,-0.550189,-0.562618,-0.005541,0.853696,-0.000621,0.472265
40.920189,1.001238,-1.692341,-2.054807,-0.894732,1.428090,0.460301,0.543423,0.296748,-1.090988,-0.549215,-0.044939,0.625735,0.321981,0.258576,-0.009852,-0.470105,0.321543,-2.098943,-1.421744,1.581663,1.468653,0.672247,-0.550189,-0.562618,-0.005541,0.853696,-0.000621,0.472265
40.921018,1.004100,-1.688408,-2.057118,-0.897255,1.427804,0.462222,0.540791,0.220973,-1.084534,-0.644428,-0.037884,0.619522,0.311994,0.258554,-0.009192,-0.470650,0.320973,-2.098943,-1.420901,1.581658,1.469114,0.669382,-0.550335,-0.564449,-0.003630,0.853675,-0.002691,0.468974
40.922063,1.009252,-1.690966,-2.062598,-0.900274,1.428260,0.463935,0.539350,0.154585,-1.086148,-0.727481,-0.028428,0.613859,0.302864,0.258477,-0.008529,-0.471204,0.320410,-2.098942,-1.420048,1.581652,1.469602,0.665590,-0.550291,-0.563626,-0.002202,0.852557,-0.004691,0.473779
40.923055,1.004429,-1.690513,-2.062944,-0.902930,1.423617,0.463023,0.538831,0.064642,-1.104918,-0.837986,-0.008783,0.605767,0.289807,0.258298,-0.007209,-0.472291,0.319286,-2.098939,-1.418334,1.581636,1.470565,0.663418,-0.547563,-0.564730,0.000747,0.857177,-0.005664,0.477281
40.924117,1.006003,-1.689744,-2.071220,-0.904624,1.426076,0.461676,0.538761,0.064642,-1.104918,-0.837986,-0.008783,0.605767,0.289807,0.258298,-0.007209,-0.472291,0.319286,-2.098939,-1.418334,1.581636,1.470565,0.663418,-0.547563,-0.564730,0.000747,0.857177,-0.005664,0.477281
40.924944,0.998682,-1.689245,-2.069998,-0.906303,1.425014,0.460259,0.538338,0.039870,-1.120592,-0.867495,0.001080,0.603252,0.285813,0.258175,-0.006546,-0.472841,0.318733,-2.098938,-1.417476,1.581636,1.471035,0.661836,-0.547285,-0.563033,0.001039,0.855211,-0.004468,0.477345
40.925972,0.998676,-1.690181,-2.071094,-0.909545,1.421800,0.460001,0.536195,0.024845,-1.138347,-0.884996,0.010817,0.601510,0.283028,0.258049,-0.005886,-0.473376,0.318167,-2.098936,-1.416628,1.581637,1.471514,0.663207,-0.545723,-0.563984,0.001587,0.854920,-0.003172,0.477688
40.927012,0.998726,-1.684653,-2.073178,-0.911800,1.420594,0.460653,0.536189,0.021260,-1.177878,-0.887810,0.029348,0.600050,0.280577,0.257913,-0.004552,-0.474473,0.317034,-2.098924,-1.414892,1.581634,1.472484,0.661146,-0.546449,-0.566540,0.004127,0.859780,-0.003869,0.481626
40.928140,1.004781,-1.684338,-2.074468,-0.914670,1.422622,0.462375,0.537069,0.034166,-1.192593,-0.870220,0.034607,0.600577,0.281411,0.257867,-0.003909,-0.475015,0.316461,-2.098915,-1.414042,1.581626,1.472963,0.658009,-0.546386,-0.568700,0.005328,0.858929,-0.005720,0.479858
40.928939,1.004098,-1.679709,-2.069960,-0.914270,1.419921,0.462437,0.536595,0.059164,-1.201862,-0.836672,0.036667,0.602026,0.284167,0.257815,-0.003259,-0.475564,0.315888,-2.098915,-1.413175,1.581619,1.473449,0.655963,-0.546578,-0.570944,0.003853,0.859845,-0.005837,0.480248
40.929947,1.008808,-1.677976,-2.069635,-0.918455,1.420785,0.461329,0.535626,0.097418,-1.207539,-0.785967,0.036748,0.604288,0.289041,0.257793,-0.002621,-0.476103,0.315308,-2.098903,-1.412307,1.581617,1.473933,0.652762,-0.546601,-0.572793,0.006496,0.858963,-0.004848,0.481980
40.931021,1.005707,-1.684206,-2.070980,-0.920147,1.419717,0.459389,0.536817,0.147527,-1.212413,-0.720435,0.035555,0.607213,0.295708,0.257776,-0.001964,-0.476642,0.314728,-2.098898,-1.411453,1.581616,1.474408,0.653744,-0.542989,-0.574366,0.006634,0.860743,-0.003051,0.479486
40.932014,1.004097,-1.679340,-2.073871,-0.920030,1.421115,0.456596,0.538674,0.147527,-1.212413,-0.720435,0.035555,0.607213,0.295708,0.257776,-0.001964,-0.476642,0.314728,-2.098898,-1.411453,1.581616,1.474408,0.653744,-0.542989,-0.574366,0.006634,0.860743,-0.003051,0.479486
40.933061,1.000731,-1.670952,-2.072136,-0.921290,1.420807,0.455140,0.539813,0.205408,-1.220279,-0.646023,0.034998,0.610405,0.303402,0.257675,-0.001307,-0.477193,0.314154,-2.098894,-1.410589,1.581619,1.474871,0.653361,-0.544405,-0.574536,0.005112,0.859218,-0.000409,0.475600
40.934023,0.996191,-1.657732,-2.065377,-0.922205,1.423259,0.454456,0.538701,0.266213,-1.227706,-0.568686,0.034404,0.613639,0.311576,0.257455,-0.000657,-0.477745,0.313566,-2.098889,-1.409736,1.581625,1.475342,0.654339,-0.547836,-0.577364,0.004918,0.860016,0.000845,0.473237
40.934944,0.991575,-1.649142,-2.066623,-0.921567,1.422001,0.454151,0.540251,0.387030,-1.202405,-0.411310,0.015264,0.621283,0.329609,0.256930,0.000649,-0.478878,0.312387,-2.098887,-1.408015,1.581632,1.476287,0.655985,-0.555658,-0.582102,0.002686,0.857806,0.001508,0.471782
40.936121,1.001151,-1.650302,-2.066276,-0.923670,1.425749,0.454532,0.541246,0.387030,-1.202405,-0.411310,0.015264,0.621283,0.329609,0.256930,0.000649,-0.478878,0.312387,-2.098887,-1.408015,1.581632,1.476287,0.655985,-0.555658,-0.582102,0.002686,0.857806,0.001508,0.471782
40.937065,1.004323,-1.649190,-2.053115,-0.921554,1.427117,0.454046,0.542351,0.445458,-1.165757,-0.332319,-0.004843,0.625764,0.339456,0.256711,0.001294,-0.479430,0.311792,-2.098883,-1.407172,1.581632,1.476755,0.651369,-0.554998,-0.585265,0.003191,0.855726,0.000948,0.469944
40.937964,0.995661,-1.647081,-2.049524,-0.924524,1.426980,0.451842,0.542092,0.508645,-1.126334,-0.246289,-0.025763,0.630478,0.350296,0.256547,0.001941,-0.479987,0.311189,-2.098889,-1.406321,1.581632,1.477220,0.648427,-0.554142,-0.592751,-0.000056,0.853973,0.001310,0.467478
40.939081,0.994642,-1.649476,-2.049314,-0.924324,1.429201,0.452723,0.541186,0.658110,-1.071537,-0.043183,-0.056213,0.639966,0.374937,0.256493,0.003240,-0.481087,0.309979,-2.098888,-1.404622,1.581638,1.478162,0.651349,-0.552056,-0.597375,0.000093,0.852235,0.002292,0.469519
40.940001,0.995451,-1.645858,-2.051585,-0.923930,1.428466,0.452972,0.542641,0.735115,-1.060565,0.061070,-0.064189,0.644209,0.387064,0.256542,0.003891,-0.481645,0.309386,-2.098893,-1.403769,1.581641,1.478617,0.649341,-0.552328,-0.596995,-0.001361,0.852361,0.001899,0.466310
40.940951,0.995399,-1.633482,-2.054350,-0.924721,1.428135,0.454143,0.545048,0.735115,-1.060565,0.061070,-0.064189,0.644209,0.387064,0.256542,0.003891,-0.481645,0.309386,-2.098893,-1.403769,1.581641,1.478617,0.649341,-0.552328,-0.596995,-0.001361,0.852361,0.001899,0.466310
40.941939,0.989022,-1.629264,-2.052430,-0.925545,1.434070,0.454025,0.545611,0.808058,-1.056549,0.159510,-0.068479,0.648053,0.398384,0.256540,0.004533,-0.482207,0.308787,-2.098897,-1.402925,1.581637,1.479071,0.648088,-0.557120,-0.596570,-0.001696,0.852423,0.000601,0.461279
40.943038,0.985585,-1.630472,-2.057843,-0.926183,1.426773,0.454307,0.545529,0.928057,-1.038069,0.323397,-0.081315,0.655863,0.417691,0.256409,0.005835,-0.483320,0.307586,-2.098905,-1.401224,1.581639,1.479986,0.651520,-0.556871,-0.598325,-0.002754,0.854811,0.000138,0.460269
40.944018,0.988402,-1.624787,-2.060831,-0.928361,1.426440,0.454018,0.546526,0.971876,-1.025172,0.384248,-0.089135,0.659839,0.425127,0.256298,0.006480,-0.483879,0.306985,-2.098906,-1.400364,1.581639,1.480438,0.648966,-0.558513,-0.598030,-0.001818,0.854886,0.000286,0.458114
40.944958,0.983483,-1.631155,-2.059800,-0.929930,1.423315,0.453505,0.548584,1.006240,-1.014735,0.431934,-0.095954,0.663799,0.431051,0.256135,0.007139,-0.484432,0.306388,-2.098906,-1.399490,1.581643,1.480881,0.649913,-0.553883,-0.599466,-0.001469,0.857383,0.000642,0.453807
40.945965,0.972936,-1.636613,-2.066238,-0.930861,1.421054,0.453677,0.548117,1.006240,-1.014735,0.431934,-0.095954,0.663799,0.431051,0.256135,0.007139,-0.484432,0.306388,-2.098906,-1.399490,1.581643,1.480881,0.649913,-0.553883,-0.599466,-0.001469,0.857383,0.000642,0.453807
40.946998,0.963051,-1.635192,-2.075091,-0.932371,1.415068,0.453792,0.548160,1.031909,-1.014936,0.466471,-0.098122,0.667404,0.435218,0.255934,0.007797,-0.484969,0.305792,-2.098908,-1.398636,1.581641,1.481340,0.654134,-0.550342,-0.597696,-0.001806,0.859761,0.000331,0.454677
40.947996,0.954666,-1.637728,-2.084814,-0.934354,1.416454,0.454898,0.548583,1.044695,-1.029170,0.481854,-0.093492,0.670073,0.436889,0.255726,0.008464,-0.485519,0.305197,-2.098909,-1.397759,1.581642,1.481797,0.658062,-0.550262,-0.594982,-0.001588,0.865896,0.000063,0.454515
40.948985,0.953205,-1.630897,-2.086387,-0.938384,1.411857,0.454330,0.547636,1.039522,-1.052608,0.471890,-0.084058,0.671514,0.435545,0.255509,0.009121,-0.486059,0.304615,-2.098908,-1.396892,1.581641,1.482242,0.661114,-0.548065,-0.591701,-0.000938,0.864349,-0.001196,0.453579
40.949967,0.956656,-1.629643,-2.091497,-0.939973,1.409772,0.453359,0.545811,1.016412,-1.078196,0.437697,-0.073889,0.671897,0.431486,0.255275,0.009782,-0.486615,0.304022,-2.098900,-1.396021,1.581644,1.482702,0.660569,-0.550376,-0.592323,0.001650,0.868799,-0.000768,0.455350
40.950992,0.956327,-1.630112,-2.097311,-0.940935,1.407654,0.451583,0.544678,0.981002,-1.099345,0.387900,-0.067004,0.671679,0.425805,0.255051,0.010442,-0.487164,0.303440,-2.098896,-1.395142,1.581644,1.483166,0.657545,-0.549871,-0.591198,0.001838,0.870510,0.000064,0.458834
40.951977,0.952657,-1.635681,-2.109933,-0.942121,1.411309,0.450289,0.543601,0.939429,-1.115972,0.330760,-0.063149,0.670999,0.419433,0.254850,0.011093,-0.487710,0.302849,-2.098897,-1.394275,1.581651,1.483633,0.656856,-0.548812,-0.589986,0.001501,0.872774,0.001657,0.460965
40.953041,0.939699,-1.637364,-2.118883,-0.941587,1.408311,0.451184,0.546066,0.893416,-1.133814,0.267627,-0.058752,0.669544,0.412381,0.254626,0.011756,-0.488249,0.302270,-2.098898,-1.393408,1.581656,1.484103,0.657409,-0.545033,-0.585144,0.001423,0.868859,0.002774,0.462918
40.954056,0.931601,-1.638107,-2.136741,-0.944479,1.409666,0.452140,0.543931,0.840222,-1.157821,0.193998,-0.050523,0.666852,0.403995,0.254300,0.012423,-0.488793,0.301700,-2.098900,-1.392520,1.581656,1.484549,0.663137,-0.543626,-0.582987,-0.000455,0.872196,0.001702,0.457946
40.954966,0.936354,-1.625517,-2.143885,-0.945279,1.408159,0.454247,0.542698,0.696226,-1.213937,-0.005513,-0.025834,0.657138,0.381120,0.253342,0.013756,-0.489892,0.300571,-2.098896,-1.390779,1.581653,1.485499,0.661744,-0.547185,-0.573448,0.000652,0.871469,-0.001628,0.464239
40.956080,0.936998,-1.612700,-2.148099,-0.945283,1.413809,0.456463,0.543075,0.696226,-1.213937,-0.005513,-0.025834,0.657138,0.381120,0.253342,0.013756,-0.489892,0.300571,-2.098896,-1.390779,1.581653,1.485499,0.661744,-0.547185,-0.573448,0.000652,0.871469,-0.001628,0.464239
40.956999,0.935023,-1.605817,-2.153503,-0.942533,1.410104,0.456203,0.544103,0.609777,-1.225197,-0.123409,-0.019842,0.651251,0.368139,0.252848,0.014413,-0.490449,0.299996,-2.098899,-1.389925,1.581645,1.485959,0.661105,-0.553137,-0.574032,-0.000724,0.866811,-0.003961,0.463517
40.958040,0.931210,-1.602044,-2.153946,-0.944186,1.414016,0.453786,0.544294,0.522572,-1.214553,-0.240100,-0.022102,0.645515,0.356043,0.252379,0.015078,-0.491013,0.299422,-2.098912,-1.389050,1.581643,1.486416,0.660328,-0.554904,-0.572308,-0.004370,0.869746,-0.003795,0.461184
40.958984,0.925046,-1.598553,-2.152223,-0.944215,1.420006,0.452878,0.542109,0.361675,-1.148348,-0.449931,-0.039792,0.634640,0.336150,0.251604,0.016405,-0.492127,0.298274,-2.098923,-1.387341,1.581645,1.487348,0.662849,-0.556250,-0.576243,-0.004982,0.859728,-0.000763,0.464895
40.960032,0.927273,-1.602328,-2.165807,-0.946631,1.419336,0.451045,0.541437,0.361675,-1.148348,-0.449931,-0.039792,0.634640,0.336150,0.251604,0.016405,-0.492127,0.298274,-2.098923,-1.387341,1.581645,1.487348,0.662849,-0.556250,-0.576243,-0.004982,0.859728,-0.000763,0.464895
40.961014,0.925354,-1.599109,-2.174418,-0.947657,1.420649,0.451803,0.542625,0.292885,-1.107145,-0.537445,-0.050746,0.629692,0.328287,0.251343,0.017064,-0.492681,0.297715,-2.098923,-1.386480,1.581646,1.487817,0.660888,-0.553534,-0.571664,-0.003893,0.860881,0.000922,0.466121
40.962021,0.924730,-1.588942,-2.180109,-0.950210,1.424098,0.452719,0.541912,0.230579,-1.069830,-0.616785,-0.060009,0.624888,0.321096,0.251103,0.017721,-0.493232,0.297150,-2.098929,-1.385617,1.581642,1.488274,0.660617,-0.554056,-0.569018,-0.004020,0.859352,0.000017,0.463553
40.963030,0.925212,-1.589080,-2.189557,-0.951878,1.422055,0.454097,0.542648,0.119714,-0.995238,-0.759235,-0.081319,0.616250,0.308147,0.250597,0.019045,-0.494357,0.296025,-2.098931,-1.383905,1.581633,1.489201,0.658430,-0.556807,-0.565255,-0.002349,0.858202,-0.002521,0.463243
40.964099,0.919822,-1.582339,-2.190758,-0.950542,1.422184,0.453304,0.540689,0.071761,-0.954161,-0.821534,-0.095001,0.612597,0.302671,0.250349,0.019706,-0.494918,0.295454,-2.098941,-1.383055,1.581631,1.489674,0.660467,-0.559470,-0.567016,-0.004873,0.858749,-0.001849,0.467147
40.965008,0.916421,-1.580700,-2.185035,-0.950566,1.425586,0.453481,0.539618,0.071761,-0.954161,-0.821534,-0.095001,0.612597,0.302671,0.250349,0.019706,-0.494918,0.295454,-2.098941,-1.383055,1.581631,1.489674,0.660467,-0.559470,-0.567016,-0.004873,0.858749,-0.001849,0.467147
40.966058,0.920502,-1.591671,-2.187987,-0.952214,1.427229,0.453469,0.541912,0.031882,-0.914724,-0.873929,-0.107102,0.609252,0.298248,0.250100,0.020365,-0.495477,0.294873,-2.098951,-1.382206,1.581628,1.490150,0.660381,-0.558611,-0.570727,-0.005778,0.854629,-0.002147,0.468915
40.966983,0.925954,-1.597483,-2.189064,-0.954992,1.425426,0.452940,0.538758,-0.003784,-0.879755,-0.925043,-0.108671,0.603516,0.294096,0.249493,0.021661,-0.496559,0.293730,-2.098957,-1.380495,1.581623,1.491090,0.653389,-0.548238,-0.571912,-0.003747,0.854717,-0.001852,0.470286
40.967957,0.919154,-1.595970,-2.185944,-0.958186,1.424342,0.453414,0.539119,-0.003784,-0.879755,-0.925043,-0.108671,0.603516,0.294096,0.249493,0.021661,-0.496559,0.293730,-2.098957,-1.380495,1.581623,1.491090,0.653389,-0.548238,-0.571912,-0.003747,0.854717,-0.001852,0.470286
40.969114,0.921338,-1.600660,-2.196660,-0.958293,1.422214,0.452034,0.540466,0.026679,-0.936267,-0.897799,-0.071700,0.599674,0.295912,0.248920,0.022971,-0.497645,0.292586,-2.098959,-1.378778,1.581620,1.492021,0.654427,-0.545548,-0.572638,-0.003183,0.859103,-0.001232,0.466694
40.970019,0.921342,-1.600141,-2.195126,-0.961498,1.418485,0.450966,0.539915,0.026679,-0.936267,-0.897799,-0.071700,0.599674,0.295912,0.248920,0.022971,-0.497645,0.292586,-2.098959,-1.378778,1.581620,1.492021,0.654427,-0.545548,-0.572638,-0.003183,0.859103,-0.001232,0.466694
40.971012,0.925340,-1.599285,-2.194464,-0.965397,1.417806,0.448731,0.540103,0.056831,-0.986791,-0.866746,-0.044655,0.598497,0.298120,0.248629,0.023619,-0.498188,0.292004,-2.098957,-1.377906,1.581621,1.492494,0.652760,-0.544350,-0.574228,-0.001176,0.861891,-0.000301,0.467477
40.972029,0.923427,-1.598530,-2.188257,-0.967007,1.417666,0.448171,0.538893,0.140464,-1.105936,-0.775805,0.011875,0.598227,0.304987,0.248154,0.024910,-0.499272,0.290835,-2.098947,-1.376175,1.581630,1.493436,0.649842,-0.543393,-0.580908,0.001479,0.862660,0.002146,0.469200
40.972945,0.921423,-1.596844,-2.178346,-0.967399,1.416425,0.448233,0.539823,0.140464,-1.105936,-0.775805,0.011875,0.598227,0.304987,0.248154,0.024910,-0.499272,0.290835,-2.098947,-1.376175,1.581630,1.493436,0.649842,-0.543393,-0.580908,0.001479,0.862660,0.002146,0.469200
40.974069,0.931436,-1.596303,-2.179233,-0.971725,1.414338,0.449866,0.543018,0.196896,-1.165872,-0.710051,0.036915,0.599578,0.310340,0.248024,0.025562,-0.499812,0.290242,-2.098948,-1.375305,1.581628,1.493901,0.649211,-0.542865,-0.586616,0.000692,0.863084,0.001954,0.466995
40.975002,0.924914,-1.597730,-2.180624,-0.972613,1.412512,0.450506,0.541600,0.264843,-1.223570,-0.627442,0.059600,0.602001,0.317384,0.247931,0.026189,-0.500346,0.289646,-2.098941,-1.374443,1.581625,1.494345,0.644252,-0.543017,-0.588635,0.003426,0.866241,0.000166,0.460706
40.976018,0.928947,-1.597662,-2.175704,-0.974413,1.410877,0.451326,0.540711,0.341785,-1.277501,-0.531426,0.079323,0.605397,0.325810,0.247881,0.026840,-0.500887,0.289052,-2.098938,-1.373569,1.581622,1.494814,0.646076,-0.541011,-0.588806,0.002999,0.867336,-0.000584,0.463345
40.977051,0.933653,-1.594081,-2.180859,-0.976709,1.406360,0.450426,0.542188,0.423341,-1.328827,-0.428380,0.097250,0.609392,0.334963,0.247894,0.027484,-0.501428,0.288459,-2.098933,-1.372687,1.581618,1.495280,0.643156,-0.540237,-0.592904,0.003360,0.868888,-0.001528,0.464982
40.978071,0.930569,-1.596663,-2.180907,-0.979663,1.407679,0.450741,0.545095,0.507415,-1.377231,-0.321380,0.113824,0.613735,0.344611,0.247944,0.028114,-0.501964,0.287862,-2.098925,-1.371817,1.581619,1.495736,0.640242,-0.541384,-0.591977,0.004133,0.873620,-0.000764,0.461921
40.979082,0.925278,-1.592866,-2.176623,-0.979848,1.413139,0.449681,0.544837,0.591020,-1.420157,-0.214628,0.127636,0.618228,0.354433,0.247966,0.028754,-0.502503,0.287260,-2.098917,-1.370942,1.581619,1.496184,0.641036,-0.539292,-0.593506,0.005575,0.872265,-0.001239,0.456024
40.980042,0.920142,-1.583315,-2.169477,-0.982574,1.412911,0.449401,0.543832,0.670874,-1.456737,-0.112482,0.138013,0.622637,0.363991,0.247947,0.029392,-0.503040,0.286660,-2.098914,-1.370074,1.581619,1.496638,0.642880,-0.540426,-0.597133,0.004366,0.866778,-0.000311,0.456510
40.981064,0.917404,-1.578422,-2.173897,-0.982381,1.414055,0.448238,0.544197,0.745879,-1.482766,-0.015391,0.142986,0.627012,0.373308,0.247950,0.030041,-0.503589,0.286045,-2.098907,-1.369220,1.581620,1.497097,0.644152,-0.544000,-0.601577,0.005685,0.866771,-0.000186,0.458335
40.981959,0.916614,-1.571410,-2.171978,-0.981245,1.414731,0.449199,0.547266,0.814431,-1.492168,0.075595,0.139936,0.631461,0.382403,0.248004,0.030689,-0.504143,0.285451,-2.098904,-1.368349,1.581624,1.497549,0.644643,-0.545482,-0.600964,0.004078,0.865700,0.000816,0.457516
40.983044,0.916796,-1.568350,-2.177996,-0.980592,1.416027,0.448480,0.547265,0.874506,-1.485308,0.157630,0.130205,0.635793,0.391043,0.248075,0.031326,-0.504689,0.284841,-2.098906,-1.367496,1.581622,1.497993,0.643442,-0.547444,-0.602299,0.001811,0.864182,-0.000283,0.451070
40.983974,0.911657,-1.567288,-2.173703,-0.983860,1.413605,0.447009,0.546618,0.925542,-1.466830,0.229116,0.117476,0.639710,0.399082,0.248162,0.031967,-0.505239,0.284238,-2.098909,-1.366633,1.581623,1.498450,0.643000,-0.548429,-0.601337,-0.000156,0.863604,0.000286,0.451161
40.985079,0.914587,-1.567707,-2.188240,-0.984552,1.417081,0.445560,0.547674,0.967714,-1.441540,0.289705,0.103801,0.643069,0.406351,0.248297,0.032608,-0.505792,0.283633,-2.098904,-1.365757,1.581629,1.498902,0.644194,-0.547500,-0.604251,0.001808,0.865286,0.001593,0.452245
40.986044,0.907340,-1.560889,-2.190258,-0.984854,1.417813,0.443837,0.549301,1.000379,-1.414115,0.337926,0.089825,0.645812,0.412433,0.248469,0.033251,-0.506335,0.283037,-2.098904,-1.364906,1.581636,1.499350,0.642455,-0.546951,-0.599230,0.001040,0.862757,0.002840,0.450189
40.986979,0.899799,-1.556817,-2.190564,-0.982696,1.417962,0.445279,0.548341,1.028739,-1.357675,0.383983,0.062133,0.649253,0.419187,0.248667,0.034554,-0.507442,0.281840,-2.098915,-1.363187,1.581644,1.500237,0.647112,-0.549739,-0.600058,-0.003035,0.861045,0.002772,0.448588
40.988033,0.895687,-1.548395,-2.199820,-0.986405,1.417847,0.445531,0.549516,1.022990,-1.325377,0.380749,0.047975,0.650263,0.419761,0.248705,0.035206,-0.508002,0.281242,-2.098911,-1.362324,1.581645,1.500680,0.648466,-0.553141,-0.597267,-0.000731,0.861610,0.002373,0.446220
40.989048,0.903236,-1.539997,-2.211478,-0.986936,1.413997,0.446544,0.550365,1.022990,-1.325377,0.380749,0.047975,0.650263,0.419761,0.248705,0.035206,-0.508002,0.281242,-2.098911,-1.362324,1.581645,1.500680,0.648466,-0.553141,-0.597267,-0.000731,0.861610,0.002373,0.446220
40.990065,0.901875,-1.540505,-2.220098,-0.986815,1.409460,0.446079,0.550774,0.971396,-1.233493,0.323027,0.007993,0.652655,0.415884,0.248893,0.036485,-0.509120,0.280076,-2.098919,-1.360570,1.581645,1.501564,0.643757,-0.554978,-0.590567,-0.002808,0.869966,0.001541,0.443651
40.990942,0.890580,-1.536987,-2.222217,-0.989327,1.406550,0.444615,0.550242,0.929006,-1.181750,0.271679,-0.013701,0.653917,0.411659,0.249052,0.037145,-0.509677,0.279496,-2.098917,-1.359692,1.581649,1.502010,0.647461,-0.554965,-0.590091,-0.001450,0.871612,0.002866,0.444441
40.991996,0.886985,-1.538625,-2.233676,-0.990707,1.403568,0.444039,0.546958,0.876241,-1.133118,0.205871,-0.033784,0.654888,0.405681,0.249260,0.037788,-0.510221,0.278916,-2.098917,-1.358805,1.581651,1.502472,0.648649,-0.553492,-0.586427,-0.001451,0.874810,0.003268,0.451018
40.992936,0.882529,-1.549603,-2.246090,-0.994114,1.402228,0.445910,0.546663,0.813070,-1.094554,0.124912,-0.049755,0.655216,0.397647,0.249500,0.038440,-0.510759,0.278341,-2.098913,-1.357930,1.581647,1.502928,0.649410,-0.546748,-0.581367,0.000665,0.875449,0.001256,0.451324
40.993917,0.877268,-1.545443,-2.253002,-0.995358,1.395135,0.447722,0.548076,0.740660,-1.072561,0.029662,-0.059023,0.654596,0.387508,0.249694,0.039101,-0.511315,0.277773,-2.098913,-1.357033,1.581642,1.503366,0.650747,-0.547717,-0.579543,0.000615,0.882067,-0.000667,0.448383
40.995067,0.880901,-1.538738,-2.257468,-0.998586,1.394231,0.448697,0.546813,0.662508,-1.060603,-0.074002,-0.064737,0.653304,0.376105,0.249813,0.039746,-0.511867,0.277190,-2.098907,-1.356151,1.581638,1.503828,0.648947,-0.550888,-0.580209,0.002221,0.883995,-0.001776,0.451079
40.996033,0.885213,-1.533579,-2.271740,-0.999657,1.391599,0.448099,0.544500,0.662508,-1.060603,-0.074002,-0.064737,0.653304,0.376105,0.249813,0.039746,-0.511867,0.277190,-2.098907,-1.356151,1.581638,1.503828,0.648947,-0.550888,-0.580209,0.002221,0.883995,-0.001776,0.451079
40.996958,0.883435,-1.531140,-2.275576,-1.000128,1.386542,0.445691,0.543254,0.582707,-1.047189,-0.179108,-0.072218,0.651860,0.364538,0.249923,0.040388,-0.512427,0.276622,-2.098907,-1.355255,1.581639,1.504295,0.645597,-0.552129,-0.574482,0.002014,0.885973,-0.001306,0.455500
40.998129,0.872684,-1.531643,-2.279934,-1.002295,1.385960,0.444064,0.543304,0.503283,-1.029516,-0.283117,-0.082113,0.650283,0.353230,0.250052,0.041029,-0.512981,0.276057,-2.098907,-1.354350,1.581646,1.504755,0.645087,-0.551848,-0.573772,0.001291,0.889965,0.000948,0.457712
40.999017,0.865439,-1.537653,-2.286597,-1.003021,1.388927,0.444786,0.542644,0.425187,-1.010106,-0.385111,-0.092524,0.648288,0.342177,0.250154,0.041692,-0.513527,0.275480,-2.098903,-1.353464,1.581647,1.505217,0.650491,-0.551589,-0.574738,0.001851,0.891736,0.002390,0.457739
41.000090,0.867779,-1.538725,-2.297764,-1.004813,1.388475,0.447523,0.541671,0.348574,-0.993630,-0.485058,-0.101306,0.645582,0.331155,0.250189,0.042353,-0.514068,0.274918,-2.098901,-1.352580,1.581645,1.505674,0.652146,-0.547005,-0.572237,0.001357,0.887501,0.001528,0.458752
41.001042,0.867040,-1.537657,-2.297135,-1.006730,1.389372,0.450053,0.540269,0.273862,-0.986403,-0.583304,-0.105648,0.641917,0.319982,0.250162,0.042997,-0.514606,0.274354,-2.098901,-1.351680,1.581638,1.506138,0.650473,-0.546049,-0.569094,0.001770,0.888229,-0.001341,0.460683
41.001968,0.860206,-1.527560,-2.296217,-1.004530,1.391207,0.450829,0.540401,0.203999,-0.989439,-0.676252,-0.105391,0.637434,0.309121,0.250119,0.043649,-0.515151,0.273778,-2.098897,-1.350806,1.581628,1.506616,0.649476,-0.545365,-0.570710,0.002367,0.886758,-0.003949,0.463206
41.003073,0.868087,-1.517577,-2.298808,-1.005386,1.398611,0.448697,0.538714,0.092197,-1.000841,-0.824385,-0.101545,0.627700,0.291837,0.250031,0.044939,-0.516269,0.272627,-2.098906,-1.349066,1.581624,1.507549,0.647179,-0.553388,-0.573486,-0.001412,0.877540,-0.002812,0.466053
41.004027,0.873722,-1.508080,-2.299014,-1.003163,1.403537,0.446932,0.537949,0.092197,-1.000841,-0.824385,-0.101545,0.627700,0.291837,0.250031,0.044939,-0.516269,0.272627,-2.098906,-1.349066,1.581624,1.507549,0.647179,-0.553388,-0.573486,-0.001412,0.877540,-0.002812,0.466053
41.004958,0.869986,-1.503994,-2.302067,-1.002979,1.403113,0.446452,0.536427,0.055112,-0.992505,-0.871142,-0.104338,0.623456,0.286937,0.249985,0.045583,-0.516833,0.272058,-2.098915,-1.348201,1.581623,1.508026,0.643090,-0.556681,-0.574740,-0.004673,0.872174,-0.001183,0.467282
41.006134,0.862923,-1.503494,-2.304631,-1.005934,1.404924,0.446457,0.536934,0.032381,-0.972655,-0.897583,-0.110491,0.619951,0.284835,0.249957,0.046224,-0.517386,0.271481,-2.098923,-1.347340,1.581621,1.508501,0.643612,-0.557262,-0.574263,-0.005856,0.872050,-0.000839,0.470028
41.007004,0.866375,-1.502934,-2.309306,-1.006002,1.407823,0.446571,0.537359,0.020421,-0.945370,-0.909252,-0.118375,0.616986,0.284698,0.249900,0.046878,-0.517948,0.270898,-2.098926,-1.346469,1.581621,1.508973,0.647282,-0.557342,-0.576102,-0.004333,0.871641,-0.001022,0.469096
41.008039,0.865915,-1.508384,-2.320042,-1.007670,1.406679,0.447734,0.533994,0.015815,-0.915514,-0.911267,-0.126993,0.614435,0.285676,0.249752,0.047518,-0.518507,0.270333,-2.098932,-1.345598,1.581620,1.509433,0.643688,-0.555758,-0.574417,-0.005266,0.867475,-0.001254,0.467885
41.008935,0.859855,-1.502073,-2.316896,-1.008613,1.404475,0.449164,0.532619,0.022523,-0.878282,-0.900067,-0.133852,0.609639,0.288849,0.249255,0.048804,-0.519610,0.269192,-2.098940,-1.343858,1.581610,1.510407,0.644636,-0.553765,-0.573534,-0.004963,0.870077,-0.004080,0.476797
41.010014,0.864381,-1.497962,-2.315716,-1.006093,1.407293,0.447141,0.534294,0.033175,-0.873276,-0.888126,-0.130458,0.607332,0.290999,0.249000,0.049447,-0.520165,0.268606,-2.098957,-1.342981,1.581610,1.510873,0.641917,-0.555191,-0.576353,-0.008515,0.867735,-0.002182,0.473366
41.011043,0.870235,-1.493163,-2.314861,-1.007470,1.408774,0.446001,0.535068,0.033175,-0.873276,-0.888126,-0.130458,0.607332,0.290999,0.249000,0.049447,-0.520165,0.268606,-2.098957,-1.342981,1.581610,1.510873,0.641917,-0.555191,-0.576353,-0.008515,0.867735,-0.002182,0.473366
41.012060,0.866734,-1.492681,-2.310510,-1.010419,1.409875,0.444409,0.534884,0.052792,-0.872992,-0.865232,-0.123452,0.605473,0.294443,0.248738,0.050072,-0.520727,0.268018,-2.098963,-1.342126,1.581610,1.511344,0.638441,-0.556596,-0.578552,-0.008285,0.866566,-0.001197,0.471706
41.012951,0.865681,-1.494733,-2.305644,-1.012370,1.408022,0.443243,0.531795,0.083300,-0.875125,-0.828019,-0.114678,0.604405,0.299501,0.248483,0.050714,-0.521286,0.267432,-2.098966,-1.341256,1.581613,1.511810,0.639411,-0.555786,-0.582434,-0.006568,0.865506,0.000234,0.471960
41.014038,0.868179,-1.502935,-2.309766,-1.015573,1.407712,0.443145,0.534540,0.124234,-0.880635,-0.776616,-0.105344,0.604306,0.305938,0.248285,0.051344,-0.521831,0.266839,-2.098971,-1.340393,1.581618,1.512299,0.638387,-0.553180,-0.585382,-0.005674,0.866418,0.001237,0.477760
41.015034,0.867993,-1.508648,-2.311972,-1.017555,1.404330,0.444173,0.535044,0.230717,-0.927209,-0.642482,-0.075907,0.606056,0.320786,0.248068,0.052607,-0.522915,0.265668,-2.098972,-1.338640,1.581614,1.513230,0.636170,-0.544843,-0.586016,-0.003167,0.870517,0.000007,0.471022
41.015999,0.867673,-1.506774,-2.310329,-1.020660,1.403533,0.443147,0.535392,0.290838,-0.975045,-0.568113,-0.052822,0.607268,0.328119,0.247988,0.053240,-0.523454,0.265071,-2.098971,-1.337776,1.581615,1.513700,0.635266,-0.544730,-0.587967,-0.001330,0.870945,0.000912,0.470090
41.017075,0.872439,-1.508092,-2.305418,-1.020826,1.400564,0.444103,0.533689,0.290838,-0.975045,-0.568113,-0.052822,0.607268,0.328119,0.247988,0.053240,-0.523454,0.265071,-2.098971,-1.337776,1.581615,1.513700,0.635266,-0.544730,-0.587967,-0.001330,0.870945,0.000912,0.470090
41.017997,0.883560,-1.507000,-2.296612,-1.022240,1.397957,0.443347,0.532322,0.354400,-1.033533,-0.489633,-0.026426,0.608725,0.335469,0.247969,0.053872,-0.523995,0.264475,-2.098975,-1.336890,1.581614,1.514175,0.632558,-0.543578,-0.592536,-0.002500,0.874330,-0.000215,0.473478
41.018936,0.879667,-1.506843,-2.293596,-1.024200,1.399722,0.444315,0.534452,0.507087,-1.170767,-0.297388,0.034385,0.613000,0.353261,0.248085,0.055110,-0.525070,0.263257,-2.098976,-1.335151,1.581613,1.515126,0.626717,-0.541707,-0.599768,-0.001498,0.873728,-0.000690,0.471240
41.019981,0.877817,-1.508673,-2.286726,-1.025637,1.399156,0.443655,0.534131,0.507087,-1.170767,-0.297388,0.034385,0.613000,0.353261,0.248085,0.055110,-0.525070,0.263257,-2.098976,-1.335151,1.581613,1.515126,0.626717,-0.541707,-0.599768,-0.001498,0.873728,-0.000690,0.471240
41.021023,0.868338,-1.508955,-2.293540,-1.028747,1.401726,0.443201,0.531718,0.595904,-1.244179,-0.183543,0.066653,0.615890,0.363825,0.248136,0.055743,-0.525609,0.262648,-2.098977,-1.334266,1.581616,1.515594,0.627114,-0.540162,-0.604892,-0.001386,0.874466,-0.000179,0.471842
41.022019,0.870850,-1.511044,-2.299354,-1.031767,1.397703,0.444395,0.533877,0.767225,-1.382945,0.037986,0.125688,0.622247,0.383899,0.248351,0.057004,-0.526674,0.261448,-2.098967,-1.332514,1.581607,1.516550,0.629235,-0.537572,-0.601603,0.001876,0.875958,-0.001184,0.471952
41.022973,0.865621,-1.514451,-2.301084,-1.033245,1.395294,0.444096,0.531545,0.767225,-1.382945,0.037986,0.125688,0.622247,0.383899,0.248351,0.057004,-0.526674,0.261448,-2.098967,-1.332514,1.581607,1.516550,0.629235,-0.537572,-0.601603,0.001876,0.875958,-0.001184,0.471952
41.023966,0.859659,-1.509026,-2.301588,-1.035102,1.397770,0.442562,0.532175,0.837277,-1.444875,0.127781,0.150498,0.625099,0.391660,0.248502,0.057633,-0.527200,0.260842,-2.098964,-1.331628,1.581606,1.517032,0.630791,-0.534880,-0.601671,0.002026,0.877685,-0.000997,0.476406
41.024977,0.860553,-1.505277,-2.299388,-1.036362,1.394280,0.440728,0.532565,0.894584,-1.501880,0.200111,0.172654,0.627453,0.397698,0.248664,0.058270,-0.527740,0.260229,-2.098962,-1.330760,1.581609,1.517507,0.632850,-0.536699,-0.602586,0.002559,0.875025,0.000388,0.474880
41.026001,0.862390,-1.505949,-2.294237,-1.039847,1.398116,0.437963,0.531672,0.939708,-1.548604,0.256718,0.190008,0.629413,0.402384,0.248838,0.058901,-0.528285,0.259622,-2.098959,-1.329876,1.581613,1.517974,0.631641,-0.537676,-0.605104,0.002425,0.878435,0.002051,0.473961
41.027042,0.859595,-1.503833,-2.304262,-1.041637,1.402942,0.437483,0.534792,1.008738,-1.604587,0.346358,0.205945,0.632960,0.410197,0.249151,0.060161,-0.529354,0.258398,-2.098945,-1.328152,1.581627,1.518912,0.630993,-0.537110,-0.605633,0.004696,0.870215,0.004902,0.469222
41.028038,0.847143,-1.494882,-2.309212,-1.043483,1.401634,0.437624,0.535849,1.030050,-1.612139,0.375915,0.202991,0.634465,0.412840,0.249218,0.060800,-0.529907,0.257798,-2.098940,-1.327272,1.581628,1.519370,0.636327,-0.540537,-0.604527,0.005111,0.871335,0.004605,0.467015
41.028929,0.841348,-1.492232,-2.314426,-1.042826,1.400365,0.437899,0.534670,1.034933,-1.602201,0.385102,0.192039,0.635434,0.413626,0.249239,0.061439,-0.530444,0.257195,-2.098940,-1.326406,1.581633,1.519849,0.637543,-0.540356,-0.602318,0.003275,0.871606,0.004167,0.469016
41.030006,0.848298,-1.483548,-2.324900,-1.043672,1.401696,0.438768,0.535158,1.034933,-1.602201,0.385102,0.192039,0.635434,0.413626,0.249239,0.061439,-0.530444,0.257195,-2.098940,-1.326406,1.581633,1.519849,0.637543,-0.540356,-0.602318,0.003275,0.871606,0.004167,0.469016
41.031030,0.850574,-1.477281,-2.327863,-1.044119,1.403815,0.439386,0.535278,0.999690,-1.537094,0.346645,0.153918,0.635770,0.410261,0.249362,0.062698,-0.531546,0.256008,-2.098939,-1.324671,1.581634,1.520778,0.632014,-0.546373,-0.599404,0.001834,0.868849,0.002367,0.467646
41.031932,0.839105,-1.475104,-2.329034,-1.044659,1.401976,0.439146,0.537444,0.967718,-1.485723,0.309489,0.128820,0.635678,0.407228,0.249455,0.063346,-0.532096,0.255403,-2.098939,-1.323793,1.581636,1.521236,0.636127,-0.545871,-0.599296,0.001217,0.869689,0.002476,0.462974
41.033060,0.838887,-1.472401,-2.339248,-1.045527,1.403041,0.439170,0.534502,0.927905,-1.428675,0.262400,0.102567,0.635403,0.403293,0.249547,0.063977,-0.532650,0.254818,-2.098939,-1.322923,1.581639,1.521717,0.636261,-0.546890,-0.596827,0.000626,0.869620,0.002267,0.468965
41.034003,0.834219,-1.467255,-2.339587,-1.046029,1.401034,0.440869,0.533564,0.880748,-1.369491,0.205806,0.076565,0.634998,0.398386,0.249653,0.064617,-0.533200,0.254219,-2.098939,-1.322052,1.581638,1.522187,0.637309,-0.548142,-0.597593,-0.000096,0.871038,0.000425,0.470525
41.034953,0.824510,-1.464384,-2.347028,-1.047897,1.399360,0.442540,0.533853,0.827277,-1.309405,0.141075,0.050916,0.634691,0.392598,0.249754,0.065272,-0.533751,0.253632,-2.098939,-1.321169,1.581635,1.522658,0.640754,-0.548259,-0.594945,0.000554,0.872045,-0.001369,0.469659
41.036113,0.826983,-1.456214,-2.360024,-1.048963,1.396420,0.443749,0.534372,0.766420,-1.247056,0.066655,0.024424,0.634613,0.385786,0.249807,0.065907,-0.534305,0.253048,-2.098939,-1.320292,1.581631,1.523122,0.639707,-0.552219,-0.591381,0.000103,0.876229,-0.002717,0.468742
41.037109,0.822681,-1.444207,-2.368655,-1.050716,1.391021,0.442143,0.534728,0.696858,-1.176417,-0.019082,-0.005922,0.634872,0.377945,0.249816,0.066551,-0.534873,0.252463,-2.098937,-1.319399,1.581635,1.523591,0.640882,-0.556971,-0.588608,0.000524,0.881276,-0.001251,0.467853
41.038027,0.817459,-1.441080,-2.377134,-1.053557,1.391051,0.441677,0.531797,0.618443,-1.093740,-0.116238,-0.042422,0.635485,0.369123,0.249822,0.067200,-0.535435,0.251887,-2.098931,-1.318506,1.581633,1.524068,0.641917,-0.556876,-0.585320,0.002033,0.880144,-0.000917,0.473438
41.039106,0.813343,-1.438976,-2.377621,-1.053936,1.384454,0.439320,0.531327,0.533773,-1.004365,-0.221694,-0.083100,0.636232,0.359468,0.249830,0.067842,-0.535988,0.251298,-2.098933,-1.317615,1.581642,1.524548,0.643574,-0.557325,-0.587314,0.001025,0.887193,0.001250,0.474249
41.040027,0.814154,-1.439951,-2.373785,-1.055675,1.381429,0.439408,0.532966,0.450015,-0.918616,-0.325962,-0.122844,0.636868,0.349723,0.249791,0.068485,-0.536542,0.250699,-2.098929,-1.316720,1.581641,1.525019,0.641653,-0.555312,-0.589961,0.001496,0.889139,0.001012,0.470614
41.040955,0.813762,-1.449497,-2.376779,-1.057187,1.382989,0.439673,0.532123,0.450015,-0.918616,-0.325962,-0.122844,0.636868,0.349723,0.249791,0.068485,-0.536542,0.250699,-2.098929,-1.316720,1.581641,1.525019,0.641653,-0.555312,-0.589961,0.001496,0.889139,0.001012,0.470614
41.041975,0.811359,-1.452796,-2.386672,-1.057867,1.381331,0.441022,0.530968,0.375081,-0.849267,-0.418911,-0.155704,0.637184,0.340656,0.249678,0.069121,-0.537075,0.250118,-2.098927,-1.315829,1.581639,1.525490,0.640505,-0.549276,-0.589419,0.001751,0.886605,0.000620,0.472047
41.043033,0.808036,-1.453824,-2.391854,-1.059420,1.380651,0.442954,0.530242,0.255688,-0.792979,-0.570216,-0.185234,0.635321,0.324016,0.249274,0.070413,-0.538167,0.248961,-2.098925,-1.314048,1.581629,1.526447,0.641950,-0.545678,-0.585832,0.001234,0.889033,-0.002915,0.475527
41.043989,0.808340,-1.444186,-2.399266,-1.059536,1.382640,0.443052,0.529787,0.255688,-0.792979,-0.570216,-0.185234,0.635321,0.324016,0.249274,0.070413,-0.538167,0.248961,-2.098925,-1.314048,1.581629,1.526447,0.641950,-0.545678,-0.585832,0.001234,0.889033,-0.002915,0.475527
41.045250,0.812784,-1.440563,-2.409512,-1.062172,1.386148,0.442742,0.531222,0.206075,-0.796205,-0.635813,-0.185814,0.632889,0.316067,0.248955,0.071046,-0.538717,0.248384,-2.098926,-1.313174,1.581624,1.526926,0.640640,-0.549278,-0.583392,0.000128,0.886503,-0.003104,0.476145
41.045970,0.804341,-1.434090,-2.405190,-1.062536,1.386820,0.442777,0.527451,0.121132,-0.802869,-0.751680,-0.187847,0.626809,0.302148,0.248061,0.072338,-0.539831,0.247219,-2.098924,-1.311401,1.581613,1.527892,0.640571,-0.551999,-0.583478,0.000505,0.881614,-0.003049,0.480391
41.047069,0.804744,-1.440257,-2.397875,-1.062509,1.389143,0.441729,0.528044,0.089768,-0.800505,-0.795708,-0.192124,0.623795,0.297015,0.247568,0.072971,-0.540369,0.246616,-2.098927,-1.310535,1.581613,1.528370,0.640195,-0.548564,-0.589372,-0.000863,0.880105,-0.002148,0.479087
41.048039,0.805285,-1.445666,-2.397247,-1.062880,1.392248,0.442712,0.527864,0.072754,-0.806770,-0.821051,-0.192058,0.620945,0.293881,0.247024,0.073608,-0.540906,0.246029,-2.098931,-1.309647,1.581610,1.528843,0.638831,-0.544823,-0.590928,-0.001652,0.876439,-0.003272,0.479222
41.049008,0.811626,-1.444613,-2.402493,-1.063676,1.397862,0.443010,0.525427,0.071946,-0.828250,-0.825883,-0.184373,0.618364,0.292874,0.246437,0.074228,-0.541444,0.245439,-2.098935,-1.308799,1.581608,1.529337,0.634750,-0.544340,-0.589511,-0.002024,0.870652,-0.003690,0.483819
41.049978,0.810113,-1.449858,-2.402546,-1.062788,1.394389,0.441468,0.524999,0.085140,-0.865215,-0.813971,-0.168699,0.616076,0.293658,0.245866,0.074865,-0.541981,0.244843,-2.098943,-1.307923,1.581605,1.529830,0.634461,-0.540658,-0.590679,-0.003996,0.873798,-0.002256,0.484313
41.050927,0.808390,-1.439749,-2.406092,-1.062641,1.392444,0.439782,0.522897,0.085140,-0.865215,-0.813971,-0.168699,0.616076,0.293658,0.245866,0.074865,-0.541981,0.244843,-2.098943,-1.307923,1.581605,1.529830,0.634461,-0.540658,-0.590679,-0.003996,0.873798,-0.002256,0.484313
41.051925,0.808746,-1.429684,-2.414846,-1.063945,1.398531,0.438465,0.524203,0.108415,-0.914102,-0.790653,-0.145954,0.613929,0.295755,0.245336,0.075505,-0.542537,0.244261,-2.098949,-1.307048,1.581607,1.530324,0.634060,-0.544421,-0.590055,-0.005215,0.875140,-0.000714,0.488194
41.053128,0.807869,-1.426162,-2.417641,-1.065243,1.397479,0.438319,0.526002,0.135754,-0.961570,-0.763170,-0.122306,0.611975,0.298604,0.244818,0.076129,-0.543090,0.243674,-2.098953,-1.306193,1.581609,1.530805,0.633141,-0.548395,-0.587162,-0.005093,0.869006,0.000443,0.485293
41.053972,0.806531,-1.416110,-2.410175,-1.065178,1.398289,0.439070,0.523644,0.162315,-0.994197,-0.737069,-0.104820,0.610385,0.301777,0.244278,0.076767,-0.543647,0.243087,-2.098959,-1.305316,1.581609,1.531281,0.634091,-0.550174,-0.589097,-0.005221,0.871724,0.000399,0.481836
41.055025,0.809913,-1.419819,-2.410232,-1.066435,1.401411,0.439002,0.524748,0.188584,-1.008340,-0.710676,-0.095524,0.609271,0.305433,0.243755,0.077393,-0.544200,0.242484,-2.098967,-1.304444,1.581608,1.531771,0.632939,-0.553297,-0.592857,-0.006204,0.869405,-0.000477,0.486109
41.055978,0.812394,-1.418436,-2.404379,-1.065785,1.401058,0.439606,0.525540,0.218420,-1.008458,-0.678168,-0.092283,0.608740,0.310050,0.243322,0.078021,-0.544751,0.241881,-2.098974,-1.303587,1.581610,1.532256,0.630826,-0.550657,-0.594608,-0.006117,0.866767,-0.000563,0.483691
41.057068,0.808751,-1.425367,-2.405498,-1.065542,1.401232,0.439801,0.527238,0.255464,-1.005136,-0.634948,-0.090025,0.608757,0.315899,0.242972,0.078649,-0.545305,0.241280,-2.098987,-1.302718,1.581608,1.532729,0.628489,-0.550035,-0.598513,-0.007725,0.866646,-0.001299,0.481844
41.058033,0.816945,-1.419813,-2.407410,-1.068165,1.400162,0.438826,0.527310,0.300816,-1.009254,-0.580136,-0.082995,0.609061,0.322885,0.242650,0.079274,-0.545840,0.240673,-2.098999,-1.301858,1.581608,1.533204,0.630222,-0.546208,-0.600007,-0.009084,0.867249,-0.001648,0.478392
41.058972,0.822648,-1.415974,-2.403695,-1.068862,1.398319,0.437173,0.525718,0.408789,-1.047367,-0.447383,-0.051815,0.610298,0.338842,0.242093,0.080502,-0.546945,0.239464,-2.099012,-1.300110,1.581609,1.534168,0.621372,-0.548328,-0.602747,-0.007904,0.869060,0.000719,0.480885
41.059975,0.822434,-1.412634,-2.404296,-1.071855,1.394854,0.437173,0.528595,0.408789,-1.047367,-0.447383,-0.051815,0.610298,0.338842,0.242093,0.080502,-0.546945,0.239464,-2.099012,-1.300110,1.581609,1.534168,0.621372,-0.548328,-0.602747,-0.007904,0.869060,0.000719,0.480885
41.060968,0.817605,-1.415437,-2.395688,-1.075241,1.393965,0.436661,0.529259,0.469380,-1.070810,-0.371755,-0.034304,0.611797,0.347696,0.241865,0.081119,-0.547493,0.238853,-2.099014,-1.299239,1.581610,1.534633,0.620894,-0.549030,-0.603704,-0.006153,0.872472,0.000549,0.474892
41.061979,0.820987,-1.421141,-2.395804,-1.077614,1.392941,0.438078,0.528953,0.532237,-1.093132,-0.292209,-0.018555,0.614030,0.356820,0.241596,0.081747,-0.548037,0.238237,-2.099014,-1.298361,1.581612,1.535098,0.622512,-0.546615,-0.609187,-0.004055,0.873096,0.000914,0.473444
41.062977,0.818931,-1.425305,-2.397494,-1.080125,1.392496,0.439199,0.528906,0.596745,-1.118114,-0.209378,-0.003653,0.616916,0.365929,0.241307,0.082359,-0.548567,0.237621,-2.099015,-1.297493,1.581612,1.535572,0.620282,-0.543030,-0.610356,-0.002969,0.874128,-0.000669,0.473903
41.064023,0.816078,-1.424016,-2.401782,-1.083285,1.386502,0.437977,0.528839,0.662011,-1.152010,-0.125140,0.013326,0.620191,0.374689,0.241060,0.082980,-0.549103,0.237001,-2.099016,-1.296612,1.581609,1.536048,0.620632,-0.540101,-0.610633,-0.001741,0.874337,-0.001916,0.473787
41.064976,0.809853,-1.428299,-2.406240,-1.082502,1.381715,0.437819,0.529018,0.724053,-1.194820,-0.045417,0.032630,0.623550,0.382503,0.240874,0.083608,-0.549648,0.236396,-2.099012,-1.295715,1.581613,1.536517,0.621607,-0.540085,-0.610199,-0.000021,0.880423,-0.000841,0.473832
41.066041,0.813286,-1.429582,-2.410839,-1.084917,1.382310,0.437468,0.528371,0.777733,-1.243698,0.022631,0.053795,0.626551,0.388731,0.240712,0.084229,-0.550173,0.235785,-2.099020,-1.294831,1.581609,1.536999,0.623728,-0.536933,-0.608802,-0.001887,0.884538,-0.000808,0.473166
41.067021,0.808787,-1.425215,-2.409979,-1.086297,1.378601,0.436699,0.528928,0.820601,-1.298952,0.075252,0.078251,0.628717,0.393120,0.240551,0.084851,-0.550709,0.235183,-2.099019,-1.293939,1.581607,1.537475,0.621715,-0.535825,-0.608419,-0.000841,0.884134,-0.000601,0.474391
41.067966,0.802817,-1.430444,-2.410044,-1.089575,1.379433,0.435539,0.531244,0.853518,-1.357153,0.113941,0.104600,0.629998,0.395999,0.240398,0.085471,-0.551243,0.234569,-2.099020,-1.293061,1.581609,1.537939,0.623185,-0.537107,-0.609919,-0.000726,0.887529,0.000018,0.473065
41.068952,0.795629,-1.424318,-2.406694,-1.092060,1.385324,0.433402,0.530284,0.877549,-1.413211,0.141069,0.129774,0.630497,0.397710,0.240218,0.086100,-0.551771,0.233950,-2.099014,-1.292173,1.581613,1.538400,0.625017,-0.533385,-0.610552,0.001209,0.885900,0.001027,0.468163
41.070043,0.803670,-1.426854,-2.413410,-1.093418,1.385512,0.436265,0.529036,0.893116,-1.464224,0.158205,0.151351,0.630354,0.398363,0.239967,0.086736,-0.552311,0.233327,-2.099012,-1.291296,1.581620,1.538873,0.627668,-0.535534,-0.613241,0.002351,0.879674,0.002983,0.469939
41.071005,0.800091,-1.427650,-2.419235,-1.094541,1.385043,0.434352,0.528938,0.901643,-1.506644,0.168140,0.167296,0.629874,0.398275,0.239682,0.087348,-0.552837,0.232721,-2.099012,-1.290423,1.581616,1.539345,0.623618,-0.534013,-0.611933,0.002287,0.880200,-0.000060,0.472416
41.071982,0.801778,-1.428092,-2.423901,-1.095762,1.385994,0.434388,0.530310,0.904219,-1.541714,0.171966,0.179108,0.629081,0.397647,0.239415,0.087975,-0.553369,0.232113,-2.099010,-1.289537,1.581622,1.539820,0.624439,-0.532606,-0.609965,0.002107,0.880081,0.001729,0.472329
41.073017,0.795936,-1.426705,-2.427158,-1.096552,1.386310,0.431081,0.530625,0.900155,-1.573278,0.167834,0.189497,0.627786,0.396284,0.239157,0.088591,-0.553893,0.231510,-2.099008,-1.288654,1.581624,1.540278,0.622788,-0.531560,-0.608790,0.002023,0.878684,0.001518,0.469389
41.074026,0.798710,-1.426998,-2.440158,-1.097759,1.386605,0.431714,0.529757,0.888775,-1.601812,0.154634,0.199151,0.625945,0.394037,0.238869,0.089221,-0.554425,0.230900,-2.099007,-1.287781,1.581632,1.540746,0.625193,-0.531662,-0.608729,0.001426,0.878554,0.004659,0.468672
41.074998,0.792266,-1.419140,-2.438212,-1.100343,1.388434,0.431921,0.526114,0.840499,-1.643664,0.095440,0.214096,0.620716,0.386188,0.238220,0.090472,-0.555495,0.229703,-2.099002,-1.286036,1.581634,1.541702,0.625424,-0.533698,-0.605860,0.002555,0.875996,0.003487,0.477327
41.076043,0.785087,-1.405632,-2.448237,-1.100965,1.387077,0.434448,0.527485,0.840499,-1.643664,0.095440,0.214096,0.620716,0.386188,0.238220,0.090472,-0.555495,0.229703,-2.099002,-1.286036,1.581634,1.541702,0.625424,-0.533698,-0.605860,0.002555,0.875996,0.003487,0.477327
41.077031,0.788324,-1.400009,-2.456518,-1.104863,1.390581,0.436066,0.527904,0.802561,-1.643335,0.049068,0.212377,0.618029,0.380668,0.237934,0.091109,-0.556048,0.229102,-2.099001,-1.285151,1.581630,1.542177,0.628446,-0.539686,-0.602546,0.001772,0.877531,0.000810,0.474367
41.077956,0.788526,-1.393467,-2.461382,-1.104307,1.380836,0.436151,0.526405,0.754120,-1.616015,-0.009097,0.198180,0.615975,0.374245,0.237700,0.091727,-0.556599,0.228513,-2.098989,-1.284271,1.581629,1.542646,0.626037,-0.541363,-0.599824,0.004142,0.873664,-0.000937,0.473356
41.079028,0.784389,-1.386981,-2.472986,-1.104779,1.379900,0.435534,0.524473,0.633985,-1.493260,-0.152525,0.139124,0.614437,0.359717,0.237525,0.092988,-0.557696,0.227334,-2.098988,-1.282489,1.581625,1.543618,0.626430,-0.545882,-0.594560,0.001412,0.883746,-0.000646,0.479785
41.079956,0.783624,-1.387508,-2.478990,-1.106988,1.374920,0.433956,0.523370,0.565104,-1.412740,-0.236077,0.102696,0.614446,0.351687,0.237574,0.093609,-0.558234,0.226745,-2.098984,-1.281597,1.581629,1.544100,0.625609,-0.544296,-0.592473,0.002340,0.887819,0.000785,0.481625
41.080938,0.778681,-1.387332,-2.481884,-1.108839,1.373364,0.433185,0.525976,0.565104,-1.412740,-0.236077,0.102696,0.614446,0.351687,0.237574,0.093609,-0.558234,0.226745,-2.098984,-1.281597,1.581629,1.544100,0.625609,-0.544296,-0.592473,0.002340,0.887819,0.000785,0.481625
41.082065,0.772574,-1.381156,-2.489398,-1.110564,1.369905,0.434903,0.524929,0.419442,-1.253464,-0.416689,0.031016,0.614742,0.334094,0.237545,0.094871,-0.559337,0.225569,-2.098976,-1.279796,1.581627,1.545049,0.630299,-0.546071,-0.591266,0.002965,0.892962,-0.000488,0.478311
41.083052,0.773408,-1.378586,-2.490644,-1.112391,1.368872,0.434301,0.523815,0.346654,-1.177709,-0.507564,-0.004217,0.614879,0.325019,0.237433,0.095501,-0.559882,0.224974,-2.098973,-1.278907,1.581626,1.545534,0.628957,-0.546293,-0.591992,0.003450,0.893560,-0.000001,0.480278
41.083989,0.777749,-1.364863,-2.489420,-1.111757,1.364434,0.434671,0.523674,0.278945,-1.101930,-0.591114,-0.040345,0.615255,0.316662,0.237315,0.096126,-0.560448,0.224386,-2.098975,-1.277995,1.581626,1.546018,0.625606,-0.551659,-0.593596,0.001630,0.896960,-0.000516,0.480205
41.085026,0.777783,-1.355196,-2.496136,-1.112296,1.364221,0.434863,0.522883,0.278945,-1.101930,-0.591114,-0.040345,0.615255,0.316662,0.237315,0.096126,-0.560448,0.224386,-2.098975,-1.277995,1.581626,1.546018,0.625606,-0.551659,-0.593596,0.001630,0.896960,-0.000516,0.480205
41.086042,0.774349,-1.351470,-2.499354,-1.113912,1.359814,0.435400,0.521810,0.168862,-0.934760,-0.721404,-0.119853,0.617462,0.304304,0.237155,0.097376,-0.561568,0.223201,-2.098975,-1.276189,1.581622,1.546992,0.626247,-0.556341,-0.592006,0.001129,0.901188,-0.001519,0.483558
41.087014,0.776526,-1.350800,-2.502352,-1.112354,1.356547,0.435233,0.519828,0.124930,-0.847745,-0.771572,-0.160545,0.618855,0.299902,0.237169,0.098003,-0.562125,0.222615,-2.098981,-1.275278,1.581623,1.547483,0.624169,-0.555396,-0.591813,-0.001572,0.903685,-0.001489,0.487232
41.087999,0.774587,-1.355554,-2.506628,-1.113934,1.357308,0.436922,0.519396,0.089327,-0.772549,-0.812319,-0.194662,0.619822,0.296398,0.237216,0.098625,-0.562664,0.222023,-2.098982,-1.274363,1.581615,1.547971,0.624363,-0.552035,-0.591012,-0.001203,0.902201,-0.003291,0.487792
41.088985,0.767758,-1.367048,-2.505544,-1.115851,1.356908,0.438757,0.518066,0.062710,-0.721311,-0.843915,-0.217196,0.619908,0.293507,0.237206,0.099259,-0.563199,0.221423,-2.098981,-1.273473,1.581605,1.548470,0.626875,-0.545341,-0.592848,-0.000600,0.902203,-0.005212,0.490157
41.089952,0.767003,-1.365301,-2.503593,-1.116549,1.358748,0.439660,0.516796,0.045733,-0.700276,-0.865461,-0.226336,0.618925,0.291185,0.237086,0.099877,-0.563748,0.220826,-2.098983,-1.272574,1.581598,1.548964,0.626341,-0.545095,-0.594962,-0.001114,0.899660,-0.006206,0.492366
41.091104,0.769181,-1.365908,-2.501571,-1.117361,1.363571,0.438775,0.515973,0.039929,-0.704481,-0.873701,-0.224736,0.617192,0.289949,0.236861,0.100500,-0.564285,0.220218,-2.098985,-1.271692,1.581595,1.549466,0.625570,-0.544779,-0.598575,-0.001760,0.895912,-0.005451,0.493963
41.092114,0.776443,-1.359259,-2.500944,-1.117441,1.368825,0.436550,0.515290,0.039929,-0.704481,-0.873701,-0.224736,0.617192,0.289949,0.236861,0.100500,-0.564285,0.220218,-2.098985,-1.271692,1.581595,1.549466,0.625570,-0.544779,-0.598575,-0.001760,0.895912,-0.005451,0.493963
41.093067,0.778468,-1.350144,-2.502152,-1.116362,1.368748,0.435738,0.516152,0.066268,-0.746289,-0.839513,-0.208041,0.613545,0.293054,0.236153,0.101731,-0.565392,0.219013,-2.098999,-1.269932,1.581597,1.550451,0.619424,-0.550381,-0.600637,-0.004972,0.890050,-0.002707,0.492974
41.094005,0.773626,-1.349693,-2.502547,-1.118587,1.373790,0.430678,0.514167,0.094067,-0.765631,-0.802313,-0.200206,0.612088,0.297249,0.235701,0.102354,-0.565938,0.218407,-2.099002,-1.269046,1.581605,1.550956,0.620754,-0.549256,-0.601212,-0.003864,0.884164,0.002207,0.496581
41.095136,0.779035,-1.362500,-2.507916,-1.117895,1.376441,0.429586,0.511793,0.126620,-0.786899,-0.759409,-0.191298,0.610614,0.302156,0.235246,0.102962,-0.566473,0.217808,-2.099010,-1.268169,1.581609,1.551473,0.618366,-0.542687,-0.601045,-0.005852,0.882510,0.003077,0.501201
41.096036,0.778942,-1.361537,-2.505426,-1.119185,1.375977,0.429391,0.514531,0.163487,-0.821303,-0.712650,-0.175802,0.608797,0.307270,0.234785,0.103580,-0.567010,0.217199,-2.099015,-1.267300,1.581612,1.551957,0.617095,-0.541815,-0.602724,-0.005608,0.882033,0.003114,0.495220
41.097009,0.773888,-1.368079,-2.503267,-1.121774,1.376522,0.431514,0.514766,0.163487,-0.821303,-0.712650,-0.175802,0.608797,0.307270,0.234785,0.103580,-0.567010,0.217199,-2.099015,-1.267300,1.581612,1.551957,0.617095,-0.541815,-0.602724,-0.005608,0.882033,0.003114,0.495220
41.098073,0.776580,-1.372765,-2.505152,-1.123876,1.377539,0.432369,0.514871,0.204714,-0.871122,-0.661999,-0.152817,0.606674,0.312466,0.234284,0.104204,-0.567541,0.216596,-2.099015,-1.266421,1.581609,1.552452,0.618750,-0.537572,-0.604915,-0.004267,0.881057,0.000845,0.494477
41.099003,0.779661,-1.365738,-2.501144,-1.122762,1.380988,0.434868,0.513508,0.249326,-0.934454,-0.608207,-0.124142,0.604431,0.317615,0.233749,0.104813,-0.568069,0.215985,-2.099016,-1.265550,1.581608,1.552941,0.617266,-0.534860,-0.605768,-0.003513,0.880498,-0.000144,0.494135
41.099952,0.785652,-1.351237,-2.496852,-1.122902,1.375168,0.433636,0.513235,0.297237,-1.006986,-0.550881,-0.091649,0.602361,0.322916,0.233233,0.105424,-0.568611,0.215365,-2.099027,-1.264676,1.581598,1.553441,0.614669,-0.537107,-0.608312,-0.005596,0.876261,-0.002733,0.496468
41.101012,0.788648,-1.345134,-2.495980,-1.128024,1.376871,0.431876,0.515658,0.349484,-1.076059,-0.487413,-0.059896,0.601039,0.329062,0.232779,0.106035,-0.569168,0.214751,-2.099035,-1.263786,1.581597,1.553932,0.610753,-0.543008,-0.611247,-0.006486,0.881437,-0.001599,0.496650
41.101961,0.782867,-1.338451,-2.495453,-1.127419,1.377538,0.430285,0.515750,0.405960,-1.126548,-0.416554,-0.035965,0.601083,0.336475,0.232386,0.106638,-0.569716,0.214130,-2.099034,-1.262914,1.581599,1.554425,0.609215,-0.545385,-0.613315,-0.002728,0.880063,0.000001,0.491587
41.103072,0.787930,-1.341365,-2.499346,-1.128640,1.376940,0.430238,0.516436,0.463661,-1.151677,-0.341903,-0.024170,0.602653,0.344747,0.232044,0.107254,-0.570268,0.213506,-2.099042,-1.262029,1.581604,1.554913,0.611171,-0.547394,-0.614229,-0.004414,0.878712,0.001425,0.491116
41.104007,0.788340,-1.347284,-2.490373,-1.131189,1.374655,0.430671,0.516476,0.519077,-1.156922,-0.269013,-0.021420,0.605224,0.353151,0.231753,0.107854,-0.570805,0.212895,-2.099047,-1.261144,1.581603,1.555393,0.608905,-0.545659,-0.614473,-0.004496,0.880038,0.001300,0.489706
41.104927,0.781800,-1.347393,-2.485707,-1.135154,1.374882,0.432565,0.516271,0.572969,-1.155875,-0.197962,-0.020723,0.608196,0.361445,0.231502,0.108463,-0.571343,0.212263,-2.099049,-1.260266,1.581603,1.555881,0.607729,-0.541444,-0.619444,-0.003118,0.881584,0.000726,0.489281
41.105980,0.785347,-1.343319,-2.494652,-1.134883,1.372396,0.432713,0.518407,0.627958,-1.159309,-0.125268,-0.018127,0.611358,0.369689,0.231278,0.109082,-0.571886,0.211642,-2.099046,-1.259381,1.581599,1.556366,0.609843,-0.540041,-0.622200,-0.000393,0.880396,-0.001290,0.489323
41.107098,0.789892,-1.341199,-2.495022,-1.138434,1.371174,0.431925,0.517003,0.731979,-1.175799,0.012310,-0.010238,0.617472,0.384741,0.230909,0.110282,-0.572975,0.210393,-2.099049,-1.257610,1.581599,1.557341,0.606030,-0.542221,-0.621168,0.000141,0.885089,-0.000936,0.487688
41.108029,0.784753,-1.334382,-2.496651,-1.135393,1.370021,0.431571,0.519172,0.776390,-1.180534,0.070246,-0.007309,0.620106,0.391186,0.230766,0.110891,-0.573526,0.209777,-2.099064,-1.256717,1.581597,1.557808,0.607628,-0.544231,-0.620930,-0.003813,0.885303,-0.000706,0.482996
41.108991,0.777130,-1.334693,-2.498168,-1.136951,1.368848,0.430454,0.520367,0.776390,-1.180534,0.070246,-0.007309,0.620106,0.391186,0.230766,0.110891,-0.573526,0.209777,-2.099064,-1.256717,1.581597,1.557808,0.607628,-0.544231,-0.620930,-0.003813,0.885303,-0.000706,0.482996
41.110129,0.775554,-1.343588,-2.505720,-1.140263,1.374774,0.429717,0.521211,0.813296,-1.182035,0.117547,-0.003818,0.622154,0.396694,0.230596,0.111509,-0.574060,0.209153,-2.099066,-1.255834,1.581602,1.558289,0.610557,-0.543010,-0.620944,-0.003408,0.885926,0.000247,0.480343
41.110996,0.772919,-1.339889,-2.506179,-1.142083,1.370072,0.429923,0.522028,0.840265,-1.185378,0.150529,0.002198,0.623355,0.400744,0.230365,0.112124,-0.574592,0.208540,-2.099064,-1.254955,1.581604,1.558757,0.611639,-0.538499,-0.619559,-0.001611,0.880938,0.000805,0.478734
41.111939,0.764850,-1.344099,-2.500607,-1.145574,1.366945,0.430328,0.522265,0.865112,-1.211513,0.174524,0.021945,0.623757,0.403977,0.229786,0.113356,-0.575655,0.207282,-2.099059,-1.253183,1.581606,1.559710,0.614475,-0.535616,-0.622597,0.001239,0.886695,-0.000093,0.475907
41.112951,0.763783,-1.350817,-2.504966,-1.146022,1.371341,0.428923,0.523309,0.866832,-1.236798,0.172407,0.035383,0.623405,0.403732,0.229461,0.113963,-0.576184,0.206668,-2.099061,-1.252300,1.581610,1.560173,0.614542,-0.531551,-0.621696,0.000394,0.882094,0.001160,0.473677
41.114049,0.766747,-1.349050,-2.511187,-1.146317,1.366032,0.426978,0.522506,0.862989,-1.273886,0.163375,0.053501,0.622615,0.402466,0.229135,0.114574,-0.576712,0.206047,-2.099065,-1.251411,1.581615,1.560654,0.613143,-0.532288,-0.620547,-0.000654,0.888066,0.002923,0.475273
41.114996,0.764143,-1.346004,-2.514933,-1.147846,1.365341,0.426711,0.520633,0.853067,-1.317601,0.146698,0.074991,0.621316,0.400253,0.228855,0.115196,-0.577246,0.205434,-2.099064,-1.250520,1.581619,1.561141,0.613413,-0.532687,-0.619451,-0.000351,0.887937,0.003013,0.478703
41.116023,0.757034,-1.347096,-2.518234,-1.151609,1.368473,0.426368,0.519697,0.853067,-1.317601,0.146698,0.074991,0.621316,0.400253,0.228855,0.115196,-0.577246,0.205434,-2.099064,-1.250520,1.581619,1.561141,0.613413,-0.532687,-0.619451,-0.000351,0.887937,0.003013,0.478703
41.117012,0.756514,-1.341635,-2.522558,-1.154250,1.367170,0.426925,0.519273,0.810780,-1.394863,0.086840,0.111556,0.617533,0.392617,0.228437,0.116432,-0.578305,0.204194,-2.099055,-1.248758,1.581628,1.562104,0.616022,-0.533436,-0.618051,0.003220,0.885821,0.002446,0.480980
41.117957,0.748807,-1.343940,-2.526713,-1.156188,1.368144,0.428745,0.519429,0.777623,-1.418919,0.043508,0.120603,0.615164,0.387081,0.228247,0.117058,-0.578838,0.203584,-2.099050,-1.247874,1.581626,1.562577,0.618798,-0.531137,-0.616770,0.003808,0.884114,0.000489,0.480376
41.119072,0.749218,-1.344685,-2.529855,-1.157766,1.370298,0.430806,0.518596,0.777623,-1.418919,0.043508,0.120603,0.615164,0.387081,0.228247,0.117058,-0.578838,0.203584,-2.099050,-1.247874,1.581626,1.562577,0.618798,-0.531137,-0.616770,0.003808,0.884114,0.000489,0.480376
41.119985,0.750927,-1.342833,-2.532270,-1.160009,1.372269,0.431878,0.517714,0.737779,-1.434884,-0.007102,0.124784,0.612405,0.380573,0.228063,0.117674,-0.579363,0.202963,-2.099046,-1.247000,1.581620,1.563066,0.618704,-0.530703,-0.617316,0.003849,0.882806,-0.001703,0.482009
41.120956,0.748816,-1.342842,-2.539062,-1.161052,1.373843,0.432505,0.518475,0.694473,-1.445537,-0.060751,0.125951,0.609427,0.373596,0.227904,0.118292,-0.579893,0.202346,-2.099039,-1.246118,1.581619,1.563556,0.616594,-0.530368,-0.616524,0.004733,0.879849,-0.002888,0.483368
41.121984,0.744674,-1.343761,-2.545752,-1.160119,1.369670,0.430960,0.517981,0.603767,-1.456164,-0.170790,0.123422,0.603518,0.359368,0.227571,0.119523,-0.580948,0.201134,-2.099038,-1.244351,1.581616,1.564518,0.618508,-0.528407,-0.612387,0.002197,0.882047,-0.002215,0.482391
41.123013,0.741971,-1.334162,-2.549647,-1.164281,1.368498,0.429850,0.517478,0.603767,-1.456164,-0.170790,0.123422,0.603518,0.359368,0.227571,0.119523,-0.580948,0.201134,-2.099038,-1.244351,1.581616,1.564518,0.618508,-0.528407,-0.612387,0.002197,0.882047,-0.002215,0.482391
41.124109,0.746057,-1.330439,-2.557712,-1.167026,1.370651,0.429585,0.519148,0.501802,-1.445143,-0.296210,0.113967,0.598278,0.344167,0.227183,0.120759,-0.582023,0.199921,-2.099021,-1.242588,1.581620,1.565475,0.617331,-0.534073,-0.610088,0.005972,0.881648,-0.001185,0.479808
41.125055,0.743510,-1.323585,-2.558528,-1.167140,1.364311,0.429309,0.518414,0.448409,-1.416476,-0.361903,0.097651,0.597130,0.336614,0.226984,0.121381,-0.582567,0.199308,-2.099019,-1.241690,1.581620,1.565959,0.617556,-0.536261,-0.610457,0.004786,0.887214,-0.001047,0.481000
41.125977,0.732739,-1.312417,-2.552261,-1.170480,1.360327,0.429277,0.518776,0.396079,-1.370667,-0.425461,0.072916,0.597270,0.329538,0.226794,0.122002,-0.583119,0.198691,-2.099007,-1.240788,1.581621,1.566433,0.621777,-0.540387,-0.614134,0.006678,0.890081,-0.001152,0.479929
41.127122,0.737317,-1.311757,-2.558844,-1.172108,1.361211,0.429244,0.517904,0.396079,-1.370667,-0.425461,0.072916,0.597270,0.329538,0.226794,0.122002,-0.583119,0.198691,-2.099007,-1.240788,1.581621,1.566433,0.621777,-0.540387,-0.614134,0.006678,0.890081,-0.001152,0.479929
41.127993,0.742827,-1.304791,-2.563383,-1.170499,1.353271,0.428145,0.517997,0.346457,-1.307531,-0.483872,0.039284,0.598763,0.323182,0.226644,0.122621,-0.583658,0.198078,-2.099000,-1.239901,1.581617,1.566919,0.619744,-0.540607,-0.613266,0.006645,0.890154,-0.001263,0.481709
41.128954,0.733624,-1.297820,-2.563139,-1.172830,1.350772,0.428129,0.518597,0.301472,-1.233747,-0.535535,0.000344,0.601263,0.317695,0.226531,0.123235,-0.584208,0.197478,-2.099001,-1.238987,1.581619,1.567403,0.615484,-0.542370,-0.611261,0.003891,0.896504,-0.000288,0.481049
41.129927,0.727832,-1.298169,-2.562137,-1.172977,1.348978,0.428424,0.517231,0.226275,-1.076670,-0.621696,-0.079840,0.606921,0.309008,0.226245,0.124487,-0.585298,0.196240,-2.098994,-1.237193,1.581615,1.568366,0.621114,-0.543379,-0.613660,0.003708,0.899436,-0.000837,0.482058
41.131100,0.732736,-1.296021,-2.574632,-1.173806,1.351601,0.428698,0.515978,0.194581,-1.001944,-0.658591,-0.117631,0.609096,0.305338,0.226020,0.125103,-0.585852,0.195643,-2.098992,-1.236286,1.581611,1.568850,0.619164,-0.544383,-0.610261,0.002966,0.897806,-0.001257,0.484630
41.132029,0.739500,-1.295822,-2.572613,-1.172691,1.350240,0.430269,0.514853,0.194581,-1.001944,-0.658591,-0.117631,0.609096,0.305338,0.226020,0.125103,-0.585852,0.195643,-2.098992,-1.236286,1.581611,1.568850,0.619164,-0.544383,-0.610261,0.002966,0.897806,-0.001257,0.484630
41.132987,0.734983,-1.289938,-2.567341,-1.171738,1.350134,0.429265,0.515124,0.150878,-0.885816,-0.712451,-0.175505,0.610741,0.300192,0.225418,0.126330,-0.586940,0.194397,-2.099000,-1.234502,1.581607,1.569829,0.616122,-0.544919,-0.615218,-0.001359,0.897669,-0.002059,0.485608
41.133927,0.731998,-1.279951,-2.568994,-1.170132,1.353832,0.429131,0.516292,0.143321,-0.844652,-0.722330,-0.194424,0.610353,0.299600,0.225045,0.126940,-0.587492,0.193784,-2.099010,-1.233610,1.581603,1.570303,0.616652,-0.548559,-0.615071,-0.003963,0.893093,-0.002047,0.482957
41.134945,0.737121,-1.271350,-2.573700,-1.169474,1.359961,0.428901,0.513605,0.142833,-0.805551,-0.723297,-0.210629,0.609469,0.300237,0.224672,0.127550,-0.588048,0.193170,-2.099019,-1.232737,1.581601,1.570801,0.613618,-0.551862,-0.614061,-0.005706,0.886974,-0.001949,0.488153
41.135973,0.740582,-1.277427,-2.574451,-1.170251,1.359548,0.428533,0.513968,0.142833,-0.805551,-0.723297,-0.210629,0.609469,0.300237,0.224672,0.127550,-0.588048,0.193170,-2.099019,-1.232737,1.581601,1.570801,0.613618,-0.551862,-0.614061,-0.005706,0.886974,-0.001949,0.488153
41.137096,0.740230,-1.282499,-2.571038,-1.168152,1.362160,0.428858,0.514398,0.148637,-0.768091,-0.716869,-0.224668,0.608338,0.301946,0.224338,0.128163,-0.588593,0.192557,-2.099027,-1.231851,1.581601,1.571281,0.611499,-0.547956,-0.615179,-0.006064,0.887437,-0.001732,0.487202
41.137976,0.739109,-1.289074,-2.576386,-1.172087,1.368837,0.428769,0.514992,0.184425,-0.739922,-0.676555,-0.227689,0.605373,0.308243,0.223658,0.129382,-0.589662,0.191312,-2.099044,-1.230109,1.581600,1.572254,0.611169,-0.540495,-0.616424,-0.006393,0.877875,-0.002254,0.484672
41.139013,0.741077,-1.295601,-2.576315,-1.171700,1.368505,0.427703,0.516122,0.212047,-0.762090,-0.646853,-0.212579,0.603553,0.311952,0.223221,0.129982,-0.590196,0.190695,-2.099053,-1.229226,1.581599,1.572737,0.609994,-0.536623,-0.617997,-0.007933,0.878369,-0.001323,0.482237
41.140060,0.736748,-1.295588,-2.567662,-1.175450,1.373241,0.426675,0.515456,0.212047,-0.762090,-0.646853,-0.212579,0.603553,0.311952,0.223221,0.129982,-0.590196,0.190695,-2.099053,-1.229226,1.581599,1.572737,0.609994,-0.536623,-0.617997,-0.007933,0.878369,-0.001323,0.482237
41.141080,0.742337,-1.290818,-2.566477,-1.176107,1.373911,0.426504,0.516557,0.244774,-0.806910,-0.612229,-0.188501,0.601764,0.315726,0.222675,0.130600,-0.590726,0.190058,-2.099054,-1.228367,1.581601,1.573217,0.611856,-0.536156,-0.623703,-0.005489,0.874000,-0.000456,0.483471
41.141969,0.746150,-1.278788,-2.566517,-1.176911,1.374184,0.426484,0.517524,0.283617,-0.863431,-0.569215,-0.161006,0.600569,0.319983,0.222025,0.131210,-0.591265,0.189436,-2.099060,-1.227492,1.581602,1.573686,0.608600,-0.537782,-0.625539,-0.006030,0.873390,-0.000451,0.481097
41.143112,0.750455,-1.282379,-2.566520,-1.179149,1.371799,0.426857,0.518737,0.375767,-0.959048,-0.459633,-0.117530,0.601345,0.330825,0.220597,0.132407,-0.592347,0.188169,-2.099070,-1.225743,1.581598,1.574639,0.603937,-0.540346,-0.627762,-0.005392,0.875528,-0.001077,0.476391
41.144169,0.751157,-1.287259,-2.569113,-1.181020,1.373658,0.426485,0.517727,0.375767,-0.959048,-0.459633,-0.117530,0.601345,0.330825,0.220597,0.132407,-0.592347,0.188169,-2.099070,-1.225743,1.581598,1.574639,0.603937,-0.540346,-0.627762,-0.005392,0.875528,-0.001077,0.476391
41.144991,0.750885,-1.296018,-2.561820,-1.184526,1.369430,0.427070,0.517430,0.425723,-0.993138,-0.398238,-0.102346,0.603015,0.337060,0.219928,0.133004,-0.592881,0.187543,-2.099076,-1.224867,1.581598,1.575120,0.603596,-0.537388,-0.628008,-0.004744,0.873958,-0.000849,0.478331
41.146012,0.755519,-1.300113,-2.564934,-1.186742,1.371229,0.427117,0.516264,0.477050,-1.029951,-0.335080,-0.086089,0.604922,0.343323,0.219316,0.133603,-0.593396,0.186904,-2.099075,-1.223991,1.581598,1.575596,0.602087,-0.531387,-0.631067,-0.002299,0.876531,-0.001562,0.478407
41.147023,0.751633,-1.303907,-2.557653,-1.187327,1.366818,0.427644,0.517411,0.529951,-1.077655,-0.270348,-0.065498,0.606750,0.349424,0.218754,0.134200,-0.593921,0.186278,-2.099074,-1.223118,1.581596,1.576082,0.599495,-0.528774,-0.630718,-0.001449,0.874735,-0.001740,0.480554
41.147974,0.753553,-1.300079,-2.558914,-1.188529,1.367644,0.425690,0.518743,0.584217,-1.138014,-0.204285,-0.039437,0.608314,0.355351,0.218231,0.134801,-0.594438,0.185631,-2.099079,-1.222233,1.581595,1.576555,0.601112,-0.526322,-0.635315,-0.002084,0.879051,-0.002409,0.478048
41.149065,0.757747,-1.287963,-2.566952,-1.190923,1.368040,0.426011,0.519158,0.689954,-1.271238,-0.075139,0.020371,0.610660,0.366639,0.217241,0.135996,-0.595520,0.184367,-2.099082,-1.220480,1.581593,1.577499,0.597501,-0.532806,-0.632953,-0.001042,0.877819,-0.001061,0.474273
41.150129,0.750976,-1.281548,-2.566027,-1.190941,1.362019,0.425478,0.518613,0.734117,-1.316187,-0.021294,0.041505,0.611899,0.371590,0.216811,0.136598,-0.596060,0.183728,-2.099086,-1.219593,1.581593,1.577971,0.600915,-0.535450,-0.634922,-0.002321,0.884182,-0.000674,0.475308
41.150966,0.745662,-1.270802,-2.564016,-1.190338,1.359591,0.424953,0.519760,0.734117,-1.316187,-0.021294,0.041505,0.611899,0.371590,0.216811,0.136598,-0.596060,0.183728,-2.099086,-1.219593,1.581593,1.577971,0.600915,-0.535450,-0.634922,-0.002321,0.884182,-0.000674,0.475308
41.151998,0.750156,-1.273035,-2.576275,-1.193505,1.361901,0.423105,0.519665,0.768744,-1.336057,0.020955,0.052987,0.613216,0.375880,0.216451,0.137206,-0.596606,0.183085,-2.099095,-1.218705,1.581594,1.578440,0.601918,-0.538949,-0.635375,-0.003813,0.884872,-0.000273,0.472528
41.153033,0.743704,-1.276769,-2.576333,-1.195327,1.359668,0.422495,0.520875,0.792904,-1.334450,0.049820,0.056753,0.614438,0.379293,0.216136,0.137794,-0.597144,0.182469,-2.099094,-1.217815,1.581601,1.578913,0.599557,-0.537095,-0.630657,-0.001957,0.882508,0.001396,0.472616
41.153993,0.739480,-1.273681,-2.574726,-1.197562,1.357521,0.423379,0.519300,0.806247,-1.321355,0.063514,0.056178,0.615380,0.381413,0.215841,0.138403,-0.597672,0.181833,-2.099094,-1.216935,1.581601,1.579376,0.602528,-0.534667,-0.631928,-0.001493,0.884883,0.001843,0.470081
41.154953,0.741920,-1.270551,-2.572052,-1.200089,1.355388,0.422794,0.519262,0.810110,-1.305758,0.063993,0.054400,0.615996,0.382189,0.215560,0.139013,-0.598211,0.181200,-2.099094,-1.216042,1.581601,1.579850,0.603809,-0.535135,-0.633391,-0.000515,0.886352,0.000810,0.473031
41.155947,0.740001,-1.272156,-2.580211,-1.201635,1.352412,0.423921,0.518970,0.807692,-1.289073,0.056996,0.051438,0.616588,0.382129,0.215309,0.139607,-0.598742,0.180560,-2.099091,-1.215159,1.581603,1.580321,0.601918,-0.535688,-0.635282,0.000710,0.887911,0.001258,0.472825
41.156934,0.733391,-1.263920,-2.584752,-1.203267,1.349771,0.422451,0.518501,0.800953,-1.271920,0.045716,0.047150,0.617292,0.381557,0.215088,0.140212,-0.599281,0.179929,-2.099091,-1.214256,1.581603,1.580797,0.602370,-0.533953,-0.632108,0.000942,0.890412,-0.000034,0.473205
41.157995,0.734816,-1.264471,-2.584284,-1.205295,1.350782,0.421538,0.516039,0.787637,-1.254580,0.026664,0.041815,0.617774,0.380139,0.214871,0.140815,-0.599828,0.179306,-2.099090,-1.213351,1.581607,1.581270,0.605135,-0.537060,-0.630843,0.001285,0.892489,0.001296,0.473937
41.158974,0.735878,-1.266467,-2.590439,-1.204707,1.351651,0.419852,0.516000,0.766211,-1.234278,-0.001967,0.034229,0.617816,0.377700,0.214675,0.141420,-0.600357,0.178670,-2.099088,-1.212473,1.581611,1.581761,0.604316,-0.536335,-0.632587,0.001887,0.891796,0.002030,0.478750
41.159935,0.732253,-1.266759,-2.593865,-1.206595,1.355448,0.420065,0.515631,0.707916,-1.200188,-0.075612,0.020795,0.615997,0.370764,0.214306,0.142629,-0.601415,0.177422,-2.099092,-1.210710,1.581619,1.582721,0.604228,-0.533330,-0.629441,0.000767,0.886148,0.003159,0.478989
41.161126,0.728970,-1.276452,-2.594725,-1.208870,1.356633,0.419991,0.515499,0.673133,-1.197159,-0.118542,0.020211,0.613781,0.366237,0.214077,0.143242,-0.601935,0.176782,-2.099089,-1.209821,1.581622,1.583207,0.606592,-0.528866,-0.631586,0.001429,0.886362,0.003046,0.479339
41.161995,0.729257,-1.278594,-2.601119,-1.210056,1.356316,0.420993,0.512984,0.635928,-1.209086,-0.163659,0.025735,0.610677,0.360989,0.213834,0.143851,-0.602461,0.176167,-2.099088,-1.208931,1.581621,1.583700,0.604980,-0.526351,-0.628407,0.001450,0.885237,0.001916,0.483923
41.163044,0.735800,-1.278812,-2.605159,-1.211225,1.358647,0.423354,0.512284,0.597687,-1.236099,-0.209599,0.037557,0.606868,0.355233,0.213604,0.144444,-0.602979,0.175542,-2.099087,-1.208058,1.581616,1.584198,0.601672,-0.525906,-0.627912,0.001233,0.883191,-0.000579,0.485087
41.164045,0.727062,-1.280128,-2.614413,-1.212702,1.355339,0.423043,0.511114,0.558285,-1.273191,-0.257051,0.053638,0.602605,0.349090,0.213388,0.145060,-0.603505,0.174920,-2.099085,-1.207163,1.581616,1.584687,0.605494,-0.524522,-0.624388,0.001379,0.886210,-0.000387,0.487184
41.164977,0.724685,-1.268996,-2.621697,-1.212380,1.353071,0.422972,0.511363,0.514322,-1.311770,-0.310958,0.070511,0.597983,0.342235,0.213166,0.145661,-0.604036,0.174311,-2.099087,-1.206265,1.581615,1.585169,0.605740,-0.528980,-0.621429,-0.000123,0.887490,-0.000448,0.486318
41.166098,0.731872,-1.266523,-2.628171,-1.215891,1.357631,0.422249,0.510236,0.464816,-1.340642,-0.372559,0.083143,0.593456,0.334723,0.212939,0.146262,-0.604567,0.173694,-2.099082,-1.205397,1.581616,1.585662,0.602480,-0.530077,-0.620432,0.001833,0.883848,0.000114,0.488543
41.167012,0.726056,-1.272339,-2.632801,-1.217134,1.354589,0.421976,0.508880,0.412759,-1.358048,-0.437798,0.090045,0.589577,0.326933,0.212707,0.146876,-0.605089,0.173086,-2.099080,-1.204502,1.581617,1.586156,0.604255,-0.525950,-0.618659,0.001828,0.885850,0.000246,0.490836
41.168012,0.723745,-1.268060,-2.630695,-1.221257,1.350111,0.421857,0.508484,0.412759,-1.358048,-0.437798,0.090045,0.589577,0.326933,0.212707,0.146876,-0.605089,0.173086,-2.099080,-1.204502,1.581617,1.586156,0.604255,-0.525950,-0.618659,0.001828,0.885850,0.000246,0.490836
41.169189,0.728056,-1.269844,-2.635041,-1.225717,1.350407,0.422226,0.508494,0.360641,-1.369379,-0.503329,0.093064,0.586558,0.319020,0.212459,0.147478,-0.605614,0.172459,-2.099072,-1.203610,1.581615,1.586651,0.604943,-0.527433,-0.620804,0.004495,0.890033,0.000231,0.491337
41.170016,0.729248,-1.270828,-2.636439,-1.226645,1.346025,0.422375,0.506481,0.311181,-1.373688,-0.564704,0.090821,0.584770,0.311346,0.212207,0.148079,-0.606140,0.171834,-2.099059,-1.202717,1.581610,1.587145,0.603520,-0.526785,-0.621208,0.007104,0.890895,-0.000286,0.491342
41.170968,0.724511,-1.267434,-2.635692,-1.227896,1.342364,0.424363,0.506129,0.230103,-1.367193,-0.662410,0.073211,0.585184,0.298147,0.211872,0.149283,-0.607187,0.170597,-2.099046,-1.200915,1.581603,1.588146,0.602909,-0.525384,-0.621319,0.006645,0.896236,-0.002653,0.495107
41.172030,0.717641,-1.263197,-2.636974,-1.228026,1.332723,0.422982,0.504548,0.198602,-1.360578,-0.699497,0.062502,0.586628,0.292804,0.211817,0.149900,-0.607721,0.169976,-2.099044,-1.199993,1.581605,1.588648,0.606151,-0.527035,-0.622334,0.005324,0.905858,-0.001400,0.498099
41.173014,0.721799,-1.259402,-2.641932,-1.229344,1.333579,0.422342,0.504545,0.198602,-1.360578,-0.699497,0.062502,0.586628,0.292804,0.211817,0.149900,-0.607721,0.169976,-2.099044,-1.199993,1.581605,1.588648,0.606151,-0.527035,-0.622334,0.005324,0.905858,-0.001400,0.498099
41.174029,0.728811,-1.246632,-2.636101,-1.230506,1.333900,0.422412,0.504771,0.171061,-1.348534,-0.731537,0.050542,0.588317,0.288197,0.211787,0.150493,-0.608247,0.169356,-2.099037,-1.199100,1.581604,1.589148,0.603550,-0.528115,-0.620831,0.005226,0.904423,-0.000906,0.497747
41.174980,0.718873,-1.241576,-2.630735,-1.231140,1.331849,0.422145,0.503669,0.149160,-1.326395,-0.756190,0.035035,0.590314,0.284695,0.211757,0.151088,-0.608794,0.168719,-2.099033,-1.198194,1.581602,1.589649,0.599754,-0.533640,-0.624864,0.004965,0.903771,-0.001117,0.497019
41.176021,0.725756,-1.242843,-2.628813,-1.230097,1.332061,0.421539,0.503615,0.132632,-1.240482,-0.765721,-0.012962,0.595955,0.283008,0.211705,0.152292,-0.609863,0.167454,-2.099032,-1.196380,1.581602,1.590654,0.600313,-0.533770,-0.630405,0.001918,0.904612,-0.000525,0.498714
41.177059,0.726627,-1.235429,-2.639608,-1.231348,1.334981,0.421470,0.506072,0.137458,-1.189029,-0.752053,-0.039138,0.598900,0.284559,0.211614,0.152890,-0.610410,0.166838,-2.099030,-1.195483,1.581600,1.591143,0.599757,-0.536762,-0.626462,0.001794,0.901621,-0.000602,0.493562
41.178045,0.726184,-1.236251,-2.633882,-1.230889,1.335623,0.420411,0.504324,0.147718,-1.137439,-0.732313,-0.064398,0.601438,0.287015,0.211443,0.153484,-0.610940,0.166197,-2.099033,-1.194572,1.581600,1.591640,0.599526,-0.535457,-0.630176,0.000125,0.900364,0.000325,0.496836
41.179067,0.725716,-1.236575,-2.638092,-1.229162,1.338125,0.421403,0.502996,0.147718,-1.137439,-0.732313,-0.064398,0.601438,0.287015,0.211443,0.153484,-0.610940,0.166197,-2.099033,-1.194572,1.581600,1.591640,0.599526,-0.535457,-0.630176,0.000125,0.900364,0.000325,0.496836
41.179964,0.723431,-1.235302,-2.645547,-1.227563,1.338171,0.420320,0.503866,0.179031,-1.058459,-0.684275,-0.099463,0.603900,0.293414,0.210907,0.154686,-0.612016,0.164944,-2.099050,-1.192790,1.581599,1.592630,0.599467,-0.533735,-0.625697,-0.005287,0.896493,0.000143,0.497011
41.180964,0.725748,-1.227698,-2.642150,-1.227452,1.344913,0.420224,0.503120,0.195450,-1.037533,-0.663702,-0.105355,0.603224,0.296600,0.210526,0.155276,-0.612556,0.164305,-2.099058,-1.191918,1.581598,1.593130,0.597982,-0.536689,-0.628365,-0.006504,0.889578,0.000093,0.498243
41.182013,0.725179,-1.221138,-2.634665,-1.226199,1.352943,0.418827,0.502638,0.213773,-1.021391,-0.642059,-0.107671,0.601908,0.300148,0.210124,0.155877,-0.613104,0.163653,-2.099071,-1.191047,1.581600,1.593638,0.598172,-0.539255,-0.633319,-0.008808,0.881851,0.001339,0.498958
41.183088,0.734022,-1.210200,-2.636484,-1.224026,1.352607,0.419498,0.501521,0.213773,-1.021391,-0.642059,-0.107671,0.601908,0.300148,0.210124,0.155877,-0.613104,0.163653,-2.099071,-1.191047,1.581600,1.593638,0.598172,-0.539255,-0.633319,-0.008808,0.881851,0.001339,0.498958
41.183984,0.731154,-1.202738,-2.630517,-1.227191,1.355073,0.419567,0.501094,0.266312,-0.974752,-0.574815,-0.114622,0.600152,0.310647,0.209518,0.157051,-0.614205,0.162377,-2.099094,-1.189296,1.581602,1.594642,0.594433,-0.546242,-0.636970,-0.009779,0.879213,0.000290,0.501389
41.184983,0.726924,-1.208476,-2.628111,-1.228526,1.356831,0.420142,0.499473,0.299528,-0.939528,-0.529746,-0.123020,0.600431,0.317298,0.209345,0.157655,-0.614743,0.161739,-2.099102,-1.188419,1.581600,1.595154,0.596071,-0.542434,-0.639076,-0.009566,0.877284,-0.000425,0.504309
41.186091,0.731217,-1.214136,-2.631706,-1.229267,1.354178,0.420827,0.498974,0.335151,-0.908711,-0.480870,-0.130191,0.601271,0.324079,0.209219,0.158241,-0.615272,0.161097,-2.099112,-1.187546,1.581596,1.595656,0.594351,-0.539457,-0.639063,-0.010018,0.880785,-0.001248,0.505169
41.187150,0.737901,-1.223527,-2.634777,-1.231484,1.354867,0.422044,0.499864,0.372300,-0.894937,-0.430909,-0.129869,0.602209,0.330597,0.209067,0.158828,-0.615797,0.160453,-2.099119,-1.186663,1.581592,1.596160,0.591117,-0.534358,-0.638877,-0.008994,0.880343,-0.002595,0.503150
41.188018,0.741691,-1.226000,-2.629630,-1.234919,1.354385,0.421981,0.499661,0.411788,-0.903764,-0.379597,-0.120009,0.603161,0.336846,0.208835,0.159404,-0.616326,0.159811,-2.099120,-1.185780,1.581589,1.596658,0.588186,-0.531642,-0.641224,-0.006647,0.879453,-0.002631,0.503062
41.189128,0.747547,-1.230638,-2.620236,-1.237925,1.353542,0.420877,0.501626,0.456367,-0.933247,-0.322354,-0.102629,0.604440,0.343266,0.208500,0.159989,-0.616846,0.159149,-2.099121,-1.184902,1.581590,1.597149,0.585761,-0.529291,-0.647546,-0.005065,0.881090,-0.001680,0.499022
41.190128,0.751334,-1.228132,-2.620681,-1.240949,1.356516,0.419871,0.501505,0.456367,-0.933247,-0.322354,-0.102629,0.604440,0.343266,0.208500,0.159989,-0.616846,0.159149,-2.099121,-1.184902,1.581590,1.597149,0.585761,-0.529291,-0.647546,-0.005065,0.881090,-0.001680,0.499022
41.191177,0.747904,-1.221923,-2.623819,-1.242994,1.357941,0.419947,0.501476,0.562568,-1.020509,-0.183502,-0.062461,0.608875,0.357506,0.207627,0.161154,-0.617912,0.157855,-2.099123,-1.183149,1.581588,1.598142,0.585509,-0.532360,-0.647745,-0.002618,0.876759,-0.001047,0.498886
41.192032,0.742881,-1.217559,-2.618539,-1.243253,1.355614,0.419212,0.503173,0.614868,-1.056248,-0.114822,-0.048561,0.611698,0.364352,0.207202,0.161747,-0.618444,0.157195,-2.099128,-1.182274,1.581589,1.598633,0.586670,-0.532916,-0.649822,-0.003366,0.877703,-0.000432,0.494945
41.193049,0.739657,-1.223115,-2.621437,-1.243893,1.352979,0.421115,0.503860,0.661766,-1.084417,-0.053681,-0.037645,0.614340,0.370486,0.206850,0.162344,-0.618972,0.156552,-2.099134,-1.181385,1.581583,1.599117,0.588007,-0.529440,-0.649359,-0.003912,0.880212,-0.002471,0.493394
41.194104,0.738708,-1.223504,-2.623848,-1.246618,1.351701,0.419160,0.501637,0.701666,-1.111667,-0.002776,-0.025690,0.616301,0.375654,0.206613,0.162926,-0.619495,0.155902,-2.099130,-1.180496,1.581587,1.599626,0.588628,-0.528895,-0.649404,-0.002630,0.881657,-0.000654,0.497662
41.194994,0.738122,-1.230085,-2.623051,-1.248313,1.349089,0.419066,0.501139,0.734031,-1.142357,0.036817,-0.011052,0.617364,0.379693,0.206495,0.163515,-0.620009,0.155245,-2.099131,-1.179614,1.581584,1.600126,0.587866,-0.524364,-0.649565,-0.002075,0.883107,-0.000692,0.498139
41.196016,0.741030,-1.236809,-2.621946,-1.249786,1.353020,0.417943,0.501301,0.760805,-1.182316,0.067664,0.008438,0.617558,0.382803,0.206419,0.164094,-0.620518,0.154595,-2.099131,-1.178737,1.581589,1.600620,0.586368,-0.520614,-0.651091,-0.001910,0.879132,0.000265,0.497570
41.196991,0.732289,-1.237029,-2.618461,-1.252442,1.349740,0.415220,0.501282,0.760805,-1.182316,0.067664,0.008438,0.617558,0.382803,0.206419,0.164094,-0.620518,0.154595,-2.099131,-1.178737,1.581589,1.600620,0.586368,-0.520614,-0.651091,-0.001910,0.879132,0.000265,0.497570
41.198024,0.734577,-1.225580,-2.625592,-1.252550,1.351058,0.414224,0.501311,0.800918,-1.287331,0.110998,0.058851,0.616218,0.386846,0.206179,0.165281,-0.621580,0.153293,-2.099131,-1.176971,1.581601,1.601613,0.588940,-0.524790,-0.650842,-0.001775,0.880735,0.003620,0.497006
41.199060,0.733889,-1.216879,-2.627091,-1.254766,1.351264,0.414033,0.500242,0.810220,-1.326927,0.119706,0.077972,0.615444,0.387613,0.206049,0.165867,-0.622113,0.152641,-2.099130,-1.176096,1.581603,1.602117,0.589276,-0.528520,-0.651174,-0.000900,0.880699,0.003638,0.498912
41.200027,0.727267,-1.207856,-2.635127,-1.256260,1.346954,0.413731,0.499492,0.810220,-1.326927,0.119706,0.077972,0.615444,0.387613,0.206049,0.165867,-0.622113,0.152641,-2.099130,-1.176096,1.581603,1.602117,0.589276,-0.528520,-0.651174,-0.000900,0.880699,0.003638,0.498912
41.201058,0.729494,-1.207383,-2.641227,-1.257081,1.342163,0.414199,0.499726,0.796621,-1.332626,0.097110,0.082528,0.614647,0.385697,0.205877,0.167047,-0.623189,0.151354,-2.099131,-1.174299,1.581609,1.603121,0.590815,-0.531476,-0.645789,-0.001166,0.889065,0.003146,0.499312
41.201932,0.725051,-1.205571,-2.636013,-1.260496,1.342950,0.415345,0.499460,0.773532,-1.307607,0.064808,0.072216,0.614153,0.382804,0.205835,0.167644,-0.623715,0.150697,-2.099127,-1.173412,1.581606,1.603621,0.591814,-0.530950,-0.648061,0.001027,0.886849,0.001881,0.499340
41.203038,0.721627,-1.204314,-2.640169,-1.260210,1.344443,0.416399,0.498614,0.773532,-1.307607,0.064808,0.072216,0.614153,0.382804,0.205835,0.167644,-0.623715,0.150697,-2.099127,-1.173412,1.581606,1.603621,0.591814,-0.530950,-0.648061,0.001027,0.886849,0.001881,0.499340
41.203935,0.717839,-1.206057,-2.637200,-1.262813,1.342392,0.417078,0.498607,0.710609,-1.240326,-0.017575,0.042834,0.612469,0.375089,0.205920,0.168839,-0.624772,0.149407,-2.099126,-1.171656,1.581605,1.604618,0.594627,-0.529200,-0.649152,0.000732,0.887107,-0.000130,0.500469
41.204998,0.713461,-1.201471,-2.642035,-1.264792,1.346213,0.417469,0.498860,0.673674,-1.207618,-0.062977,0.027915,0.610947,0.370617,0.206000,0.169439,-0.625309,0.148755,-2.099124,-1.170777,1.581607,1.605121,0.596825,-0.531020,-0.648017,0.001273,0.883595,-0.000682,0.499763
41.206102,0.714530,-1.203996,-2.654000,-1.266453,1.346960,0.418268,0.497584,0.632202,-1.176162,-0.112959,0.012517,0.608825,0.365538,0.206085,0.170043,-0.625839,0.148127,-2.099122,-1.169886,1.581604,1.605622,0.596493,-0.529536,-0.643942,0.001451,0.883465,-0.001626,0.502227
41.206967,0.712083,-1.201345,-2.651699,-1.265593,1.346015,0.416200,0.497274,0.585711,-1.148297,-0.169285,-0.001727,0.605951,0.359746,0.206189,0.170636,-0.626367,0.147479,-2.099128,-1.169011,1.581608,1.606127,0.596451,-0.529376,-0.644787,-0.000417,0.883099,0.000321,0.502277
41.208019,0.708623,-1.199081,-2.658799,-1.266922,1.346624,0.415631,0.496813,0.585711,-1.148297,-0.169285,-0.001727,0.605951,0.359746,0.206189,0.170636,-0.626367,0.147479,-2.099128,-1.169011,1.581608,1.606127,0.596451,-0.529376,-0.644787,-0.000417,0.883099,0.000321,0.502277
41.208956,0.705099,-1.197228,-2.649786,-1.266488,1.347444,0.413773,0.496386,0.483567,-1.109102,-0.293081,-0.021089,0.598329,0.346928,0.206498,0.171834,-0.627426,0.146191,-2.099133,-1.167243,1.581614,1.607138,0.599033,-0.529841,-0.647401,-0.001979,0.881085,0.002424,0.503406
41.209924,0.712579,-1.204399,-2.656838,-1.268884,1.351672,0.412944,0.495383,0.483567,-1.109102,-0.293081,-0.021089,0.598329,0.346928,0.206498,0.171834,-0.627426,0.146191,-2.099133,-1.167243,1.581614,1.607138,0.599033,-0.529841,-0.647401,-0.001979,0.881085,0.002424,0.503406
41.211046,0.713559,-1.209613,-2.663933,-1.271547,1.344565,0.414262,0.493403,0.388071,-1.104296,-0.404562,-0.023088,0.590680,0.334614,0.206859,0.173026,-0.628466,0.144914,-2.099128,-1.165475,1.581618,1.608157,0.594629,-0.522812,-0.642859,0.000285,0.884345,0.001572,0.508890
41.212067,0.709405,-1.211507,-2.666493,-1.274973,1.345169,0.415510,0.492670,0.388071,-1.104296,-0.404562,-0.023088,0.590680,0.334614,0.206859,0.173026,-0.628466,0.144914,-2.099128,-1.165475,1.581618,1.608157,0.594629,-0.522812,-0.642859,0.000285,0.884345,0.001572,0.508890
41.213083,0.704599,-1.210974,-2.669076,-1.276847,1.340944,0.416558,0.492604,0.345285,-1.123110,-0.454845,-0.015761,0.587341,0.328383,0.207005,0.173620,-0.628981,0.144274,-2.099121,-1.164599,1.581615,1.608670,0.596504,-0.521400,-0.642675,0.002212,0.883684,0.000198,0.510020
41.214057,0.704760,-1.204730,-2.674062,-1.279309,1.340582,0.418882,0.493812,0.303940,-1.150700,-0.504316,-0.006242,0.584496,0.321781,0.207105,0.174224,-0.629502,0.143630,-2.099118,-1.163699,1.581613,1.609180,0.598540,-0.521107,-0.642378,0.002687,0.887692,-0.000983,0.509831
41.214983,0.707384,-1.196417,-2.670593,-1.280095,1.333802,0.419609,0.494490,0.263281,-1.178958,-0.553936,0.001797,0.582332,0.314875,0.207145,0.174818,-0.630032,0.142998,-2.099112,-1.162806,1.581604,1.609677,0.597900,-0.523332,-0.640644,0.003750,0.887454,-0.003404,0.507061
41.216068,0.705426,-1.197458,-2.671114,-1.282372,1.330266,0.420203,0.494777,0.224591,-1.198544,-0.601835,0.004709,0.581075,0.308163,0.207144,0.175413,-0.630559,0.142348,-2.099110,-1.161909,1.581602,1.610178,0.595687,-0.526342,-0.642550,0.003276,0.893288,-0.004241,0.505290
41.216929,0.708706,-1.200795,-2.659977,-1.285312,1.328856,0.417974,0.494898,0.190734,-1.205274,-0.643529,0.001418,0.580812,0.302327,0.207132,0.176015,-0.631084,0.141708,-2.099105,-1.161006,1.581597,1.610680,0.596815,-0.525550,-0.643928,0.004021,0.897110,-0.004958,0.504569
41.218011,0.712951,-1.202815,-2.667059,-1.285147,1.330207,0.418075,0.495517,0.165150,-1.204242,-0.673624,-0.005688,0.581427,0.297879,0.207135,0.176600,-0.631592,0.141050,-2.099095,-1.160116,1.581596,1.611181,0.593950,-0.522568,-0.649018,0.005617,0.896980,-0.002821,0.503793
41.218976,0.709182,-1.205865,-2.666380,-1.288349,1.326293,0.415628,0.496493,0.150641,-1.203911,-0.688476,-0.012853,0.582677,0.295104,0.207152,0.177191,-0.632113,0.140400,-2.099094,-1.159214,1.581593,1.611681,0.592056,-0.521377,-0.646887,0.004000,0.895906,-0.003084,0.502391
41.219948,0.710850,-1.206103,-2.672208,-1.288343,1.326764,0.414793,0.497208,0.145772,-1.209191,-0.691346,-0.017467,0.584024,0.293682,0.207164,0.177780,-0.632631,0.139754,-2.099085,-1.158307,1.581594,1.612174,0.593444,-0.519013,-0.647789,0.005757,0.899090,-0.000755,0.500104
41.220975,0.712107,-1.210163,-2.676871,-1.288377,1.329956,0.415620,0.497406,0.151012,-1.240548,-0.684632,-0.016619,0.584945,0.292530,0.207102,0.178964,-0.633655,0.138470,-2.099082,-1.156521,1.581590,1.613173,0.591275,-0.515737,-0.644268,0.003087,0.894687,-0.001046,0.497709
41.221955,0.710521,-1.205540,-2.674659,-1.288768,1.328818,0.416069,0.497165,0.158028,-1.266659,-0.680296,-0.009949,0.584080,0.292453,0.206991,0.179551,-0.634175,0.137820,-2.099081,-1.155621,1.581591,1.613664,0.591665,-0.517330,-0.646005,0.002198,0.895296,-0.001636,0.497905
41.222925,0.712146,-1.193563,-2.675257,-1.289466,1.329329,0.414883,0.498446,0.167905,-1.290217,-0.674159,-0.003243,0.582659,0.292962,0.206819,0.180140,-0.634709,0.137166,-2.099081,-1.154737,1.581590,1.614152,0.590338,-0.522362,-0.646175,0.001629,0.894273,-0.000568,0.495015
41.224069,0.717193,-1.186730,-2.675901,-1.286741,1.335209,0.413694,0.498901,0.181027,-1.299754,-0.664441,-0.001433,0.581185,0.294367,0.206604,0.180726,-0.635245,0.136519,-2.099090,-1.153856,1.581594,1.614639,0.588514,-0.525720,-0.647918,-0.002383,0.889375,0.000432,0.494129
41.224978,0.716947,-1.179946,-2.667913,-1.288140,1.337550,0.414028,0.498026,0.199015,-1.291719,-0.647821,-0.005611,0.580102,0.297037,0.206396,0.181308,-0.635774,0.135858,-2.099092,-1.152981,1.581591,1.615138,0.587816,-0.527831,-0.651796,-0.002067,0.886125,-0.000029,0.495454
41.225969,0.718283,-1.175487,-2.670034,-1.287751,1.338529,0.413633,0.498226,0.199015,-1.291719,-0.647821,-0.005611,0.580102,0.297037,0.206396,0.181308,-0.635774,0.135858,-2.099092,-1.152981,1.581591,1.615138,0.587816,-0.527831,-0.651796,-0.002067,0.886125,-0.000029,0.495454
41.227002,0.721489,-1.178304,-2.667881,-1.288313,1.344256,0.413812,0.498953,0.250844,-1.235749,-0.590187,-0.027873,0.579911,0.305987,0.206053,0.182468,-0.636838,0.134550,-2.099104,-1.151223,1.581589,1.616120,0.585302,-0.527153,-0.653463,-0.004256,0.879216,-0.000095,0.493093
41.228027,0.724714,-1.178895,-2.667196,-1.289265,1.344664,0.412541,0.498537,0.250844,-1.235749,-0.590187,-0.027873,0.579911,0.305987,0.206053,0.182468,-0.636838,0.134550,-2.099104,-1.151223,1.581589,1.616120,0.585302,-0.527153,-0.653463,-0.004256,0.879216,-0.000095,0.493093
41.228991,0.725828,-1.175969,-2.663353,-1.289709,1.346620,0.411619,0.497894,0.319484,-1.178058,-0.507743,-0.048171,0.581877,0.317901,0.205822,0.183636,-0.637892,0.133230,-2.099116,-1.149478,1.581595,1.617107,0.582583,-0.526812,-0.656970,-0.005160,0.876547,0.001788,0.494682
41.230029,0.731519,-1.174870,-2.658682,-1.289617,1.344968,0.412437,0.498731,0.359741,-1.157910,-0.457406,-0.054027,0.583562,0.324696,0.205766,0.184206,-0.638414,0.132561,-2.099125,-1.148606,1.581593,1.617596,0.579904,-0.526886,-0.660182,-0.006364,0.878438,0.000815,0.492791
41.230930,0.733896,-1.166217,-2.662010,-1.289703,1.343725,0.411562,0.499501,0.403287,-1.141349,-0.401750,-0.057598,0.585620,0.332022,0.205694,0.184782,-0.638951,0.131901,-2.099135,-1.147723,1.581594,1.618087,0.577901,-0.529829,-0.658286,-0.007210,0.878587,0.001568,0.490821
41.232059,0.736610,-1.163162,-2.657700,-1.289728,1.347170,0.411389,0.498980,0.403287,-1.141349,-0.401750,-0.057598,0.585620,0.332022,0.205694,0.184782,-0.638951,0.131901,-2.099135,-1.147723,1.581594,1.618087,0.577901,-0.529829,-0.658286,-0.007210,0.878587,0.001568,0.490821
41.233018,0.739529,-1.156268,-2.658004,-1.290778,1.345096,0.412740,0.498351,0.492859,-1.101844,-0.285480,-0.064584,0.590394,0.347349,0.205447,0.185925,-0.640026,0.130573,-2.099154,-1.145972,1.581590,1.619071,0.575505,-0.533562,-0.662285,-0.008396,0.877678,0.000089,0.492777
41.234017,0.740120,-1.153947,-2.657830,-1.292929,1.345840,0.413691,0.498887,0.536775,-1.073883,-0.227572,-0.070534,0.593038,0.355047,0.205288,0.186503,-0.640562,0.129916,-2.099158,-1.145093,1.581590,1.619557,0.575043,-0.533852,-0.663063,-0.007412,0.876710,-0.001001,0.491441
41.235141,0.742024,-1.160775,-2.662101,-1.293584,1.348011,0.415246,0.499659,0.577991,-1.044219,-0.173479,-0.076893,0.595633,0.362299,0.205105,0.187073,-0.641082,0.129250,-2.099165,-1.144225,1.581586,1.620047,0.574858,-0.530442,-0.662572,-0.008065,0.875523,-0.002698,0.489854
41.236004,0.733012,-1.162235,-2.649964,-1.294904,1.343586,0.415784,0.496442,0.615875,-1.022465,-0.124103,-0.079071,0.597898,0.368880,0.204910,0.187660,-0.641607,0.128565,-2.099173,-1.143343,1.581584,1.620559,0.578202,-0.528242,-0.667885,-0.007684,0.878589,-0.003340,0.495785
41.237020,0.730499,-1.169706,-2.651626,-1.300287,1.340828,0.415721,0.495438,0.650186,-1.014733,-0.078839,-0.075009,0.599741,0.374661,0.204739,0.188244,-0.642127,0.127902,-2.099167,-1.142449,1.581582,1.621068,0.579303,-0.523929,-0.667768,-0.003719,0.881150,-0.003409,0.497447
41.238023,0.739161,-1.173809,-2.656079,-1.301891,1.338508,0.414343,0.495572,0.680109,-1.022943,-0.039075,-0.065352,0.601183,0.379390,0.204577,0.188807,-0.642637,0.127235,-2.099172,-1.141554,1.581583,1.621560,0.574942,-0.521379,-0.666117,-0.003334,0.883132,-0.002167,0.496898
41.238975,0.735191,-1.173445,-2.652102,-1.305012,1.337216,0.412574,0.495087,0.705476,-1.045364,-0.005872,-0.051361,0.602305,0.383032,0.204390,0.189389,-0.643154,0.126567,-2.099170,-1.140674,1.581586,1.622060,0.576444,-0.520692,-0.668301,-0.001478,0.883801,-0.000546,0.497505
41.240070,0.735029,-1.170411,-2.657240,-1.306021,1.336203,0.410873,0.494684,0.725720,-1.074707,0.020211,-0.036030,0.603238,0.385656,0.204188,0.189972,-0.643675,0.125894,-2.099172,-1.139781,1.581590,1.622557,0.576937,-0.522101,-0.667018,-0.001858,0.885307,0.000968,0.498192
41.241059,0.734439,-1.168033,-2.658889,-1.308622,1.334702,0.408159,0.494393,0.725720,-1.074707,0.020211,-0.036030,0.603238,0.385656,0.204188,0.189972,-0.643675,0.125894,-2.099172,-1.139781,1.581590,1.622557,0.576937,-0.522101,-0.667018,-0.001858,0.885307,0.000968,0.498192
41.242011,0.735994,-1.167085,-2.654921,-1.311330,1.333625,0.408749,0.493696,0.739119,-1.102497,0.036905,-0.022707,0.604020,0.387146,0.203993,0.190543,-0.644198,0.125222,-2.099170,-1.138898,1.581598,1.623059,0.577058,-0.522528,-0.666624,-0.000576,0.886483,0.003500,0.498449
41.243053,0.733470,-1.168759,-2.658528,-1.312754,1.332580,0.408769,0.494173,0.748312,-1.140444,0.047363,-0.007472,0.605735,0.387326,0.203653,0.191695,-0.645237,0.123887,-2.099165,-1.137121,1.581602,1.624048,0.577233,-0.520823,-0.667887,0.000846,0.887985,0.002552,0.498318
41.244077,0.729906,-1.170544,-2.663541,-1.313679,1.326639,0.409598,0.491714,0.744984,-1.154569,0.042556,-0.002706,0.606491,0.386148,0.203525,0.192277,-0.645755,0.123222,-2.099167,-1.136201,1.581600,1.624563,0.578954,-0.519422,-0.666181,0.000465,0.893579,0.001577,0.502979
41.245019,0.731645,-1.175402,-2.672041,-1.315150,1.322075,0.411103,0.491280,0.733796,-1.171669,0.026310,0.004301,0.606467,0.383719,0.203437,0.192847,-0.646268,0.122570,-2.099166,-1.135299,1.581597,1.625064,0.577592,-0.516085,-0.662170,0.000710,0.897204,-0.000052,0.503410
41.246021,0.726792,-1.179974,-2.680109,-1.318996,1.324447,0.411836,0.491267,0.713305,-1.195861,-0.004577,0.015100,0.605222,0.379749,0.203345,0.193434,-0.646774,0.121915,-2.099159,-1.134419,1.581595,1.625570,0.579792,-0.513333,-0.658881,0.003118,0.894583,-0.000908,0.503112
41.246971,0.723056,-1.178801,-2.677198,-1.319901,1.324963,0.410199,0.490802,0.683761,-1.226514,-0.049415,0.028211,0.602706,0.374286,0.203204,0.194019,-0.647289,0.121260,-2.099158,-1.133530,1.581597,1.626080,0.581057,-0.513065,-0.660674,0.002728,0.893357,0.000601,0.503631
41.247958,0.723658,-1.169893,-2.681651,-1.321055,1.326140,0.408957,0.489128,0.683761,-1.226514,-0.049415,0.028211,0.602706,0.374286,0.203204,0.194019,-0.647289,0.121260,-2.099158,-1.133530,1.581597,1.626080,0.581057,-0.513065,-0.660674,0.002728,0.893357,0.000601,0.503631
41.249005,0.727501,-1.160847,-2.680657,-1.320342,1.331789,0.408911,0.488003,0.647532,-1.256486,-0.103197,0.040110,0.599265,0.367903,0.203019,0.194595,-0.647810,0.120603,-2.099154,-1.132651,1.581600,1.626588,0.580502,-0.516828,-0.658998,0.002506,0.891870,0.001678,0.506654
41.250015,0.724045,-1.150623,-2.686200,-1.320969,1.331630,0.408610,0.487391,0.607703,-1.274944,-0.160251,0.046561,0.595470,0.361367,0.202832,0.195172,-0.648341,0.119935,-2.099157,-1.131773,1.581601,1.627098,0.578722,-0.520824,-0.660498,0.000501,0.886407,0.001556,0.508638
41.250971,0.722249,-1.147904,-2.690720,-1.321517,1.330046,0.407999,0.486867,0.522472,-1.251052,-0.274887,0.034148,0.588377,0.349237,0.202584,0.196335,-0.649402,0.118630,-2.099159,-1.129996,1.581608,1.628119,0.580721,-0.525514,-0.656637,-0.000821,0.887360,0.002152,0.510163
41.252032,0.722302,-1.144874,-2.699073,-1.321763,1.328424,0.407380,0.486288,0.522472,-1.251052,-0.274887,0.034148,0.588377,0.349237,0.202584,0.196335,-0.649402,0.118630,-2.099159,-1.129996,1.581608,1.628119,0.580721,-0.525514,-0.656637,-0.000821,0.887360,0.002152,0.510163
41.253091,0.714238,-1.145173,-2.702292,-1.323974,1.328783,0.407287,0.485421,0.474985,-1.213727,-0.336740,0.018125,0.584967,0.343064,0.202561,0.196922,-0.649932,0.117987,-2.099164,-1.129100,1.581612,1.628638,0.580829,-0.526603,-0.653836,-0.001849,0.889150,0.002594,0.511060
41.253970,0.708634,-1.146794,-2.699258,-1.325126,1.329512,0.409425,0.484412,0.368175,-1.123863,-0.475531,-0.018702,0.581453,0.336334,0.202609,0.197511,-0.650452,0.117332,-2.099163,-1.127325,1.581610,1.629671,0.584996,-0.526120,-0.653483,-0.001040,0.889027,0.002507,0.512552
41.254958,0.714887,-1.142411,-2.705669,-1.326739,1.325056,0.410175,0.484680,0.312435,-1.083736,-0.546925,-0.035203,0.574524,0.321355,0.202728,0.198686,-0.651508,0.116030,-2.099164,-1.126424,1.581604,1.630176,0.583133,-0.525270,-0.652169,-0.000655,0.890943,-0.000595,0.513093
41.256046,0.719406,-1.144549,-2.703574,-1.327767,1.325364,0.411468,0.484594,0.312435,-1.083736,-0.546925,-0.035203,0.574524,0.321355,0.202728,0.198686,-0.651508,0.116030,-2.099164,-1.126424,1.581604,1.630176,0.583133,-0.525270,-0.652169,-0.000655,0.890943,-0.000595,0.513093
41.256990,0.720199,-1.142112,-2.702849,-1.331617,1.325712,0.412454,0.485066,0.259798,-1.049950,-0.613432,-0.049223,0.571726,0.314103,0.202712,0.199259,-0.652025,0.115371,-2.099165,-1.125539,1.581601,1.630691,0.581376,-0.524051,-0.654700,-0.001000,0.891112,-0.002030,0.513070
41.258109,0.722897,-1.136441,-2.705254,-1.333238,1.321202,0.410531,0.486132,0.213858,-1.022522,-0.669876,-0.061253,0.569930,0.307811,0.202666,0.199843,-0.652555,0.114710,-2.099160,-1.124644,1.581598,1.631205,0.580366,-0.524195,-0.655203,0.001520,0.889915,-0.003129,0.511668
41.259032,0.723701,-1.131654,-2.704643,-1.333119,1.315543,0.409930,0.486043,0.144604,-0.970700,-0.748877,-0.088996,0.570217,0.298461,0.202626,0.200994,-0.653614,0.113402,-2.099160,-1.122836,1.581604,1.632214,0.578614,-0.528138,-0.656136,0.000335,0.899619,-0.000922,0.509170
41.260041,0.717160,-1.142331,-2.709841,-1.336255,1.311155,0.410591,0.485125,0.118641,-0.945644,-0.776569,-0.103572,0.571664,0.294924,0.202650,0.201588,-0.654124,0.112754,-2.099154,-1.121923,1.581600,1.632722,0.581625,-0.522249,-0.654393,0.002058,0.903551,-0.001718,0.510710
41.261059,0.717235,-1.151417,-2.710228,-1.336924,1.310870,0.410032,0.485413,0.118641,-0.945644,-0.776569,-0.103572,0.571664,0.294924,0.202650,0.201588,-0.654124,0.112754,-2.099154,-1.121923,1.581600,1.632722,0.581625,-0.522249,-0.654393,0.002058,0.903551,-0.001718,0.510710
41.262063,0.722133,-1.152765,-2.705369,-1.337895,1.308223,0.411183,0.486536,0.095846,-0.935626,-0.801624,-0.111593,0.572990,0.291431,0.202659,0.202163,-0.654628,0.112096,-2.099154,-1.121024,1.581602,1.633241,0.581542,-0.517357,-0.655063,0.001382,0.903557,-0.001305,0.509772
41.262914,0.726066,-1.157936,-2.702005,-1.339236,1.305048,0.412770,0.487561,0.077735,-0.948706,-0.821995,-0.109152,0.573863,0.288123,0.202603,0.202741,-0.655143,0.111429,-2.099154,-1.120093,1.581597,1.633742,0.578925,-0.516142,-0.658129,0.001053,0.905550,-0.002586,0.507219
41.264049,0.729649,-1.154337,-2.699561,-1.340348,1.304415,0.411823,0.487966,0.068293,-0.983988,-0.831457,-0.096304,0.574456,0.285754,0.202450,0.203306,-0.655651,0.110774,-2.099152,-1.119188,1.581588,1.634235,0.575938,-0.512191,-0.659241,0.001246,0.906992,-0.004247,0.504647
41.264990,0.728006,-1.153048,-2.704354,-1.341846,1.307244,0.411595,0.488301,0.069534,-1.035656,-0.826758,-0.075744,0.574968,0.284825,0.202197,0.203881,-0.656162,0.110107,-2.099154,-1.118288,1.581586,1.634736,0.574949,-0.514256,-0.662213,0.000914,0.908379,-0.003430,0.503785
41.265971,0.728512,-1.153715,-2.704741,-1.343841,1.304543,0.409041,0.488684,0.079715,-1.093195,-0.810297,-0.052511,0.575441,0.285235,0.201860,0.204459,-0.656678,0.109455,-2.099152,-1.117382,1.581583,1.635238,0.575213,-0.513945,-0.660009,0.001165,0.904534,-0.003323,0.502708
41.267026,0.728139,-1.152460,-2.702272,-1.343434,1.307709,0.407568,0.490159,0.094792,-1.148912,-0.788456,-0.030560,0.575670,0.286389,0.201468,0.205029,-0.657185,0.108791,-2.099149,-1.116485,1.581584,1.635733,0.574744,-0.513002,-0.660291,0.001803,0.906762,-0.000897,0.501637
41.268070,0.730017,-1.149039,-2.706526,-1.345224,1.312812,0.407791,0.490984,0.112549,-1.200717,-0.764494,-0.010765,0.575465,0.287942,0.201051,0.205608,-0.657700,0.108115,-2.099152,-1.115585,1.581587,1.636223,0.575140,-0.513356,-0.662485,0.000097,0.903611,0.000393,0.498504
41.269037,0.740287,-1.151111,-2.698111,-1.346532,1.315703,0.407530,0.492627,0.156036,-1.281967,-0.707994,0.019313,0.574205,0.292586,0.200289,0.206738,-0.658721,0.106784,-2.099148,-1.113806,1.581582,1.637198,0.569052,-0.512996,-0.665868,0.000504,0.895114,0.000160,0.493094
41.270032,0.739092,-1.155631,-2.698404,-1.346605,1.317336,0.406573,0.491695,0.156036,-1.281967,-0.707994,0.019313,0.574205,0.292586,0.200289,0.206738,-0.658721,0.106784,-2.099148,-1.113806,1.581582,1.637198,0.569052,-0.512996,-0.665868,0.000504,0.895114,0.000160,0.493094
41.271013,0.737667,-1.155327,-2.698569,-1.346601,1.325478,0.406687,0.492066,0.220273,-1.347479,-0.623532,0.044294,0.573003,0.300909,0.199699,0.207874,-0.659732,0.105449,-2.099156,-1.112041,1.581582,1.638196,0.570161,-0.509810,-0.666534,-0.001823,0.884632,0.000716,0.493617
41.271948,0.745047,-1.153382,-2.695954,-1.346851,1.325848,0.405918,0.493219,0.257393,-1.382332,-0.575089,0.059738,0.572264,0.306001,0.199388,0.208433,-0.660242,0.104770,-2.099160,-1.111163,1.581583,1.638678,0.566040,-0.509887,-0.667734,-0.002687,0.883605,0.001349,0.490965
41.272990,0.739713,-1.146075,-2.688435,-1.349666,1.327552,0.405714,0.493744,0.296989,-1.412235,-0.523151,0.074001,0.571859,0.311653,0.199038,0.209012,-0.660765,0.104094,-2.099158,-1.110278,1.581584,1.639159,0.568882,-0.513117,-0.672356,-0.001243,0.882011,0.001392,0.489780
41.274013,0.742169,-1.139299,-2.683419,-1.348912,1.329927,0.406698,0.492757,0.338957,-1.428302,-0.466253,0.082516,0.572285,0.317974,0.198684,0.209571,-0.661284,0.103412,-2.099166,-1.109413,1.581582,1.639655,0.567818,-0.515987,-0.675440,-0.003178,0.879768,0.000263,0.491543
41.274975,0.744136,-1.131276,-2.678659,-1.349601,1.328205,0.406634,0.492448,0.382987,-1.425594,-0.404030,0.083537,0.573809,0.325065,0.198342,0.210138,-0.661811,0.102722,-2.099170,-1.108526,1.581581,1.640153,0.566550,-0.519054,-0.677791,-0.003619,0.880935,0.000203,0.491796
41.276021,0.744737,-1.130139,-2.670805,-1.351700,1.331857,0.406547,0.490952,0.382987,-1.425594,-0.404030,0.083537,0.573809,0.325065,0.198342,0.210138,-0.661811,0.102722,-2.099170,-1.108526,1.581581,1.640153,0.566550,-0.519054,-0.677791,-0.003619,0.880935,0.000203,0.491796
41.277028,0.750835,-1.128990,-2.671855,-1.353875,1.327716,0.406633,0.490593,0.476828,-1.371250,-0.264268,0.066109,0.580422,0.341400,0.197687,0.211261,-0.662848,0.101348,-2.099171,-1.106762,1.581584,1.641146,0.563591,-0.519189,-0.682295,-0.001972,0.881469,-0.000112,0.495036
41.277918,0.746413,-1.129146,-2.669263,-1.354355,1.324356,0.407111,0.491625,0.476828,-1.371250,-0.264268,0.066109,0.580422,0.341400,0.197687,0.211261,-0.662848,0.101348,-2.099171,-1.106762,1.581584,1.641146,0.563591,-0.519189,-0.682295,-0.001972,0.881469,-0.000112,0.495036
41.278994,0.753012,-1.129606,-2.664023,-1.357465,1.325875,0.406469,0.490981,0.569244,-1.294336,-0.122573,0.038819,0.589700,0.358063,0.197078,0.212384,-0.663881,0.099971,-2.099172,-1.104993,1.581585,1.642131,0.562325,-0.517463,-0.686587,-0.000905,0.882463,-0.000229,0.493680
41.279971,0.747189,-1.126536,-2.662533,-1.358376,1.321435,0.405825,0.489866,0.569244,-1.294336,-0.122573,0.038819,0.589700,0.358063,0.197078,0.212384,-0.663881,0.099971,-2.099172,-1.104993,1.581585,1.642131,0.562325,-0.517463,-0.686587,-0.000905,0.882463,-0.000229,0.493680
41.281044,0.746440,-1.127155,-2.656704,-1.359801,1.320730,0.405195,0.490673,0.612051,-1.259544,-0.056335,0.026229,0.594363,0.365734,0.196837,0.212956,-0.664404,0.099277,-2.099175,-1.104104,1.581585,1.642639,0.565044,-0.518198,-0.687360,-0.001199,0.886474,0.000270,0.495553
41.282139,0.753940,-1.113734,-2.658039,-1.359082,1.324951,0.405386,0.489926,0.651344,-1.227892,0.005411,0.014464,0.598631,0.372727,0.196670,0.213516,-0.664926,0.098587,-2.099178,-1.103211,1.581586,1.643125,0.565940,-0.517604,-0.691232,-0.001100,0.887451,0.000743,0.493786
41.282990,0.749775,-1.103987,-2.656903,-1.358940,1.321450,0.405553,0.490066,0.687062,-1.196052,0.062821,0.002645,0.602426,0.379153,0.196585,0.214077,-0.665458,0.097891,-2.099184,-1.102342,1.581585,1.643625,0.562829,-0.524110,-0.691567,-0.003104,0.883898,0.000390,0.495178
41.283970,0.746981,-1.106881,-2.655816,-1.361337,1.318572,0.405836,0.489350,0.745862,-1.105286,0.159646,-0.030057,0.608902,0.390584,0.196749,0.215208,-0.666511,0.096508,-2.099191,-1.100548,1.581582,1.644613,0.565165,-0.525047,-0.691799,-0.003020,0.888147,-0.000312,0.495499
41.284960,0.748789,-1.110287,-2.662792,-1.361623,1.319668,0.405038,0.490526,0.765294,-1.055931,0.192076,-0.046749,0.611074,0.394837,0.196922,0.215775,-0.667032,0.095821,-2.099197,-1.099670,1.581582,1.645107,0.564127,-0.522625,-0.688521,-0.003912,0.886748,0.000355,0.492823
41.286012,0.746049,-1.112536,-2.661704,-1.363145,1.318665,0.404093,0.489135,0.776881,-1.017298,0.210865,-0.057935,0.612208,0.397703,0.197066,0.216348,-0.667552,0.095134,-2.099200,-1.098775,1.581585,1.645600,0.565769,-0.521145,-0.689891,-0.003669,0.887875,0.001135,0.495478
41.287076,0.742927,-1.118895,-2.669652,-1.368682,1.320490,0.403788,0.489436,0.780147,-0.992625,0.215283,-0.063256,0.612375,0.398980,0.197136,0.216912,-0.668060,0.094450,-2.099192,-1.097897,1.581587,1.646095,0.567776,-0.517795,-0.686811,0.000329,0.886395,0.001270,0.494677
41.288061,0.742767,-1.125396,-2.663275,-1.371247,1.317123,0.404187,0.490084,0.780147,-0.992625,0.215283,-0.063256,0.612375,0.398980,0.197136,0.216912,-0.668060,0.094450,-2.099192,-1.097897,1.581587,1.646095,0.567776,-0.517795,-0.686811,0.000329,0.886395,0.001270,0.494677
41.289067,0.746279,-1.123035,-2.665162,-1.371954,1.317134,0.402040,0.489278,0.775572,-0.983287,0.206523,-0.064002,0.611819,0.398600,0.197098,0.217482,-0.668567,0.093752,-2.099187,-1.097002,1.581586,1.646590,0.567652,-0.513956,-0.690134,0.001480,0.889329,0.000726,0.493074
41.290198,0.740566,-1.125133,-2.674077,-1.374580,1.319990,0.402438,0.488581,0.752351,-1.005762,0.166207,-0.053695,0.609595,0.394683,0.196735,0.218619,-0.669592,0.092382,-2.099185,-1.095227,1.581593,1.647581,0.569605,-0.513756,-0.686571,0.001979,0.887039,0.002123,0.495788
41.291040,0.734399,-1.118994,-2.672045,-1.374230,1.315202,0.402284,0.487517,0.731741,-1.025586,0.132177,-0.046550,0.607852,0.391140,0.196499,0.219201,-0.670112,0.091699,-2.099186,-1.094331,1.581595,1.648086,0.571393,-0.515323,-0.686642,0.000536,0.890161,0.002147,0.497335
41.292129,0.737759,-1.121157,-2.681671,-1.376468,1.315396,0.401858,0.487420,0.703394,-1.044735,0.086612,-0.039949,0.605443,0.386417,0.196286,0.219765,-0.670619,0.091022,-2.099183,-1.093445,1.581598,1.648576,0.570269,-0.514207,-0.683008,0.001314,0.890441,0.002400,0.497408
41.292990,0.730725,-1.117555,-2.675715,-1.378155,1.315983,0.401944,0.487051,0.668565,-1.061430,0.031667,-0.034655,0.602362,0.380707,0.196126,0.220346,-0.671134,0.090331,-2.099179,-1.092558,1.581601,1.649076,0.572684,-0.514648,-0.685134,0.001803,0.888368,0.002170,0.497620
41.293976,0.729871,-1.115852,-2.678055,-1.381104,1.314748,0.402506,0.486664,0.629308,-1.073541,-0.028636,-0.032261,0.598778,0.374293,0.196037,0.220912,-0.671654,0.089654,-2.099172,-1.091664,1.581603,1.649568,0.572965,-0.514771,-0.684283,0.003296,0.889166,0.001446,0.498110
41.295021,0.737531,-1.125934,-2.677794,-1.383291,1.315367,0.403345,0.487960,0.588572,-1.083545,-0.089493,-0.032092,0.594835,0.367569,0.196001,0.221478,-0.672148,0.088967,-2.099167,-1.090783,1.581603,1.650066,0.569380,-0.509590,-0.685157,0.004009,0.888718,0.000457,0.495274
41.296008,0.734180,-1.128433,-2.686987,-1.383966,1.317218,0.404341,0.487722,0.588572,-1.083545,-0.089493,-0.032092,0.594835,0.367569,0.196001,0.221478,-0.672148,0.088967,-2.099167,-1.090783,1.581603,1.650066,0.569380,-0.509590,-0.685157,0.004009,0.888718,0.000457,0.495274
41.296938,0.730086,-1.128037,-2.690680,-1.384136,1.316054,0.404009,0.487944,0.548248,-1.099828,-0.148951,-0.030106,0.590449,0.360734,0.195978,0.222057,-0.672653,0.088299,-2.099167,-1.089897,1.581600,1.650557,0.570828,-0.507820,-0.680945,0.003385,0.886467,-0.000666,0.495497
41.297978,0.731812,-1.126905,-2.698347,-1.384718,1.320524,0.404811,0.489814,0.506489,-1.125638,-0.210792,-0.023937,0.585351,0.353521,0.195939,0.222625,-0.673155,0.087624,-2.099167,-1.089016,1.581599,1.651053,0.572350,-0.507203,-0.679008,0.002342,0.886845,-0.000451,0.494644
41.298979,0.730146,-1.112521,-2.705456,-1.385255,1.317358,0.403360,0.489775,0.412631,-1.185309,-0.352785,-0.005901,0.573410,0.337445,0.195760,0.223771,-0.674193,0.086288,-2.099167,-1.087238,1.581601,1.652025,0.572379,-0.513986,-0.673097,0.000816,0.885344,-0.000096,0.490582
41.300036,0.733967,-1.104810,-2.705478,-1.385761,1.317113,0.403075,0.491059,0.412631,-1.185309,-0.352785,-0.005901,0.573410,0.337445,0.195760,0.223771,-0.674193,0.086288,-2.099167,-1.087238,1.581601,1.652025,0.572379,-0.513986,-0.673097,0.000816,0.885344,-0.000096,0.490582
41.301153,0.740600,-1.101598,-2.712467,-1.384695,1.319067,0.402612,0.491193,0.361342,-1.195950,-0.431774,-0.004324,0.567666,0.328979,0.195655,0.224342,-0.674715,0.085612,-2.099169,-1.086358,1.581599,1.652511,0.570746,-0.517451,-0.674083,-0.000008,0.885858,0.000037,0.487845
41.302069,0.740767,-1.094772,-2.706496,-1.387357,1.313470,0.402887,0.490604,0.310770,-1.185353,-0.510147,-0.011056,0.562953,0.320921,0.195589,0.224909,-0.675240,0.084946,-2.099174,-1.085465,1.581600,1.653002,0.568166,-0.518975,-0.672144,-0.002403,0.884552,0.000331,0.487544
41.303129,0.741730,-1.095160,-2.708676,-1.390303,1.306840,0.402557,0.490884,0.264427,-1.157564,-0.582483,-0.024022,0.559692,0.313762,0.195608,0.225473,-0.675758,0.084266,-2.099172,-1.084564,1.581598,1.653488,0.567537,-0.521294,-0.674877,-0.000934,0.889085,-0.000070,0.488352
41.304187,0.735870,-1.097055,-2.715284,-1.393205,1.306162,0.403015,0.491282,0.224291,-1.116533,-0.645243,-0.042529,0.558088,0.307632,0.195754,0.226041,-0.676283,0.083587,-2.099171,-1.083667,1.581597,1.653976,0.567415,-0.520700,-0.674711,0.000595,0.895886,0.000116,0.487632
41.304967,0.738263,-1.100939,-2.706986,-1.392740,1.300772,0.404007,0.490773,0.189133,-1.068588,-0.700223,-0.065168,0.557844,0.302105,0.196009,0.226620,-0.676804,0.082924,-2.099167,-1.082763,1.581596,1.654454,0.570590,-0.519405,-0.672511,0.002035,0.896563,-0.000494,0.486726
41.305981,0.739708,-1.096489,-2.707917,-1.393696,1.297242,0.404096,0.490056,0.157733,-1.024274,-0.749668,-0.087312,0.558339,0.296859,0.196317,0.227182,-0.677309,0.082244,-2.099167,-1.081865,1.581592,1.654955,0.567867,-0.515733,-0.675228,0.000543,0.899695,-0.001580,0.487081
41.307018,0.738648,-1.100110,-2.702775,-1.394274,1.297040,0.404254,0.491241,0.132212,-0.991490,-0.790340,-0.104358,0.559161,0.292293,0.196630,0.227750,-0.677835,0.081562,-2.099167,-1.080952,1.581589,1.655440,0.567209,-0.517364,-0.675263,0.000182,0.902826,-0.001788,0.488313
41.307970,0.746512,-1.097734,-2.697169,-1.396493,1.298206,0.405626,0.492086,0.105368,-0.960960,-0.833418,-0.121241,0.560984,0.286685,0.197041,0.228872,-0.678865,0.080193,-2.099167,-1.079151,1.581578,1.656394,0.563773,-0.515478,-0.681302,0.000406,0.900907,-0.003551,0.483798
41.309094,0.752212,-1.092173,-2.702791,-1.395196,1.302380,0.403413,0.493287,0.106965,-0.957472,-0.831025,-0.124232,0.562005,0.286238,0.197083,0.229435,-0.679391,0.079521,-2.099174,-1.078253,1.581579,1.656873,0.561796,-0.518254,-0.680041,-0.002207,0.897396,-0.001474,0.481392
41.309998,0.750143,-1.091226,-2.696915,-1.396240,1.301047,0.402938,0.493040,0.117335,-0.955244,-0.815439,-0.126234,0.562956,0.287242,0.197043,0.229991,-0.679902,0.078834,-2.099176,-1.077365,1.581578,1.657353,0.562291,-0.517610,-0.682522,-0.002260,0.897658,-0.001141,0.481533
41.310982,0.748141,-1.099722,-2.702190,-1.394521,1.301775,0.401028,0.492876,0.133123,-0.958756,-0.792260,-0.124535,0.563321,0.289148,0.196952,0.230557,-0.680408,0.078151,-2.099186,-1.076468,1.581579,1.657836,0.563167,-0.512745,-0.680083,-0.005052,0.896418,0.000635,0.481607
41.312129,0.751440,-1.105157,-2.700394,-1.394704,1.307833,0.401080,0.493202,0.133123,-0.958756,-0.792260,-0.124535,0.563321,0.289148,0.196952,0.230557,-0.680408,0.078151,-2.099186,-1.076468,1.581579,1.657836,0.563167,-0.512745,-0.680083,-0.005052,0.896418,0.000635,0.481607
41.313016,0.744774,-1.111604,-2.698467,-1.397001,1.306214,0.400795,0.493498,0.151694,-0.978077,-0.765965,-0.113851,0.562641,0.291485,0.196819,0.231114,-0.680918,0.077469,-2.099194,-1.075574,1.581576,1.658307,0.562579,-0.510342,-0.682677,-0.006143,0.891237,0.000416,0.481017
41.313982,0.747087,-1.113004,-2.691760,-1.395526,1.309413,0.401733,0.491794,0.172030,-1.017365,-0.737843,-0.092621,0.560941,0.294056,0.196654,0.231683,-0.681412,0.076779,-2.099196,-1.074694,1.581576,1.658789,0.565111,-0.506119,-0.682955,-0.004918,0.891739,0.000576,0.480007
41.315091,0.753222,-1.109397,-2.687243,-1.398109,1.315605,0.401311,0.490083,0.193970,-1.075143,-0.707256,-0.062220,0.558528,0.296876,0.196483,0.232248,-0.681913,0.076092,-2.099208,-1.073810,1.581572,1.659281,0.563678,-0.504840,-0.686387,-0.007400,0.887962,-0.000485,0.483138
41.316006,0.748261,-1.106832,-2.681702,-1.400237,1.318193,0.399197,0.490689,0.219299,-1.143732,-0.670523,-0.026220,0.556076,0.300377,0.196325,0.232799,-0.682415,0.075391,-2.099213,-1.072927,1.581571,1.659770,0.561488,-0.506843,-0.689741,-0.006107,0.882461,-0.000208,0.486497
41.317097,0.754920,-1.107160,-2.675315,-1.402115,1.315898,0.398637,0.488943,0.282802,-1.266823,-0.571372,0.037745,0.553782,0.309960,0.196031,0.233924,-0.683437,0.073989,-2.099219,-1.071169,1.581577,1.660742,0.560710,-0.506883,-0.696111,-0.004562,0.881930,0.002140,0.488308
41.318031,0.755832,-1.104990,-2.680060,-1.404741,1.316690,0.398304,0.488832,0.318704,-1.311852,-0.512369,0.060540,0.554208,0.315582,0.195913,0.234479,-0.683937,0.073294,-2.099218,-1.070302,1.581579,1.661234,0.559934,-0.507199,-0.693343,-0.003156,0.880448,0.002329,0.488118
41.318977,0.755243,-1.105999,-2.668173,-1.407112,1.314281,0.398307,0.488297,0.354955,-1.345182,-0.451860,0.076925,0.555417,0.321275,0.195829,0.235042,-0.684440,0.072578,-2.099218,-1.069410,1.581581,1.661728,0.559886,-0.505922,-0.698893,-0.002026,0.882109,0.002173,0.488837
41.320117,0.759033,-1.113245,-2.670060,-1.410330,1.315483,0.398817,0.486177,0.354955,-1.345182,-0.451860,0.076925,0.555417,0.321275,0.195829,0.235042,-0.684440,0.072578,-2.099218,-1.069410,1.581581,1.661728,0.559886,-0.505922,-0.698893,-0.002026,0.882109,0.002173,0.488837
41.321030,0.761686,-1.115372,-2.666603,-1.412498,1.314249,0.399227,0.485639,0.391125,-1.370883,-0.390490,0.088717,0.557179,0.326893,0.195782,0.235594,-0.684940,0.071880,-2.099215,-1.068522,1.581580,1.662226,0.559068,-0.502655,-0.699304,-0.000345,0.881810,0.001499,0.493065
41.322097,0.766694,-1.121441,-2.663562,-1.411645,1.312400,0.401293,0.484601,0.427060,-1.395055,-0.328919,0.098711,0.559232,0.332331,0.195786,0.236150,-0.685433,0.071174,-2.099213,-1.067649,1.581577,1.662721,0.557242,-0.500787,-0.700410,0.000581,0.882174,0.000976,0.493679
41.322957,0.760609,-1.113634,-2.664533,-1.412650,1.314951,0.400863,0.484809,0.497140,-1.455164,-0.209980,0.125037,0.563097,0.342799,0.195886,0.237263,-0.686430,0.069772,-2.099218,-1.065890,1.581572,1.663709,0.557498,-0.500507,-0.701123,-0.001653,0.880413,-0.000899,0.494658
41.324041,0.771686,-1.109383,-2.657551,-1.414802,1.310682,0.400927,0.483525,0.497140,-1.455164,-0.209980,0.125037,0.563097,0.342799,0.195886,0.237263,-0.686430,0.069772,-2.099218,-1.065890,1.581572,1.663709,0.557498,-0.500507,-0.701123,-0.001653,0.880413,-0.000899,0.494658
41.325059,0.773356,-1.101237,-2.658419,-1.417725,1.310351,0.401130,0.482638,0.529419,-1.482905,-0.156187,0.139123,0.564762,0.347807,0.195939,0.237811,-0.686937,0.069054,-2.099219,-1.065002,1.581573,1.664214,0.552652,-0.502587,-0.705357,-0.000878,0.885212,-0.001134,0.497087
41.326034,0.770955,-1.096079,-2.655571,-1.418084,1.313328,0.400143,0.482967,0.560837,-1.495510,-0.104712,0.146513,0.566751,0.352855,0.195972,0.238356,-0.687454,0.068354,-2.099215,-1.064108,1.581570,1.664714,0.552201,-0.506167,-0.705214,0.000633,0.885315,-0.001468,0.498593
41.326975,0.778722,-1.088722,-2.654623,-1.419447,1.310306,0.399630,0.481393,0.591167,-1.487550,-0.055958,0.143931,0.569300,0.357880,0.195963,0.238911,-0.687965,0.067643,-2.099218,-1.063235,1.581573,1.665210,0.553356,-0.508037,-0.706483,-0.000233,0.881946,-0.000624,0.497583
41.327993,0.774409,-1.085129,-2.653084,-1.421089,1.308043,0.399303,0.481812,0.619319,-1.459366,-0.011973,0.131637,0.572390,0.362678,0.195911,0.239459,-0.688485,0.066938,-2.099217,-1.062343,1.581573,1.665721,0.549210,-0.510742,-0.706556,-0.000104,0.884200,-0.000255,0.500331
41.329050,0.769426,-1.088378,-2.659023,-1.422046,1.307313,0.400143,0.479753,0.645224,-1.414008,0.026765,0.111280,0.576010,0.367171,0.195856,0.240011,-0.688995,0.066226,-2.099215,-1.061456,1.581576,1.666213,0.551699,-0.512100,-0.707538,0.000183,0.886354,-0.000096,0.499221
41.330088,0.770220,-1.088336,-2.662567,-1.422916,1.303040,0.399305,0.479395,0.666559,-1.358320,0.056646,0.086067,0.579832,0.370904,0.195829,0.240572,-0.689505,0.065520,-2.099217,-1.060565,1.581573,1.666726,0.554619,-0.510223,-0.705123,-0.000186,0.887245,-0.001078,0.503142
41.331018,0.769108,-1.080635,-2.661494,-1.425222,1.299090,0.399004,0.479052,0.685778,-1.249807,0.073744,0.037349,0.586199,0.374343,0.195837,0.241677,-0.690532,0.064117,-2.099216,-1.058763,1.581576,1.667735,0.554796,-0.512811,-0.703969,0.000425,0.894394,-0.000230,0.503826
41.332010,0.767962,-1.080991,-2.659625,-1.426319,1.298431,0.399313,0.479049,0.685778,-1.249807,0.073744,0.037349,0.586199,0.374343,0.195837,0.241677,-0.690532,0.064117,-2.099216,-1.058763,1.581576,1.667735,0.554796,-0.512811,-0.703969,0.000425,0.894394,-0.000230,0.503826
41.332985,0.772315,-1.077769,-2.656696,-1.427155,1.296605,0.398996,0.479534,0.685165,-1.197827,0.063635,0.013619,0.588696,0.374301,0.195859,0.242237,-0.691046,0.063415,-2.099219,-1.057867,1.581576,1.668240,0.555369,-0.511970,-0.704989,0.000278,0.894594,-0.000689,0.503496
41.334033,0.772510,-1.066763,-2.659088,-1.426927,1.301883,0.397231,0.478753,0.681140,-1.147884,0.047363,-0.009709,0.590858,0.373696,0.195897,0.242782,-0.691566,0.062704,-2.099219,-1.056961,1.581575,1.668736,0.553221,-0.512805,-0.706295,-0.000135,0.895754,-0.000502,0.502195
41.335010,0.769834,-1.066021,-2.665500,-1.428730,1.298030,0.395450,0.478979,0.675787,-1.098435,0.028656,-0.032854,0.592738,0.372938,0.195958,0.243338,-0.692089,0.061992,-2.099224,-1.056069,1.581582,1.669244,0.553571,-0.517926,-0.705530,-0.001635,0.890504,0.001084,0.503541
41.336000,0.767073,-1.071917,-2.674231,-1.428890,1.299527,0.396244,0.478473,0.667813,-1.044746,0.005530,-0.057720,0.594165,0.371823,0.196057,0.243897,-0.692608,0.061301,-2.099224,-1.055180,1.581589,1.669750,0.554825,-0.517481,-0.702397,-0.001067,0.893958,0.002685,0.502712
41.336978,0.766194,-1.079715,-2.677973,-1.429652,1.301730,0.396586,0.478200,0.653595,-0.991976,-0.028182,-0.081944,0.594502,0.369651,0.196167,0.244452,-0.693110,0.060607,-2.099228,-1.054302,1.581586,1.670245,0.556237,-0.514007,-0.698177,-0.002102,0.892145,0.001738,0.503443
41.338057,0.768176,-1.083623,-2.684170,-1.430892,1.302642,0.396796,0.478051,0.631144,-0.953376,-0.075951,-0.099221,0.593138,0.366019,0.196226,0.245012,-0.693614,0.059911,-2.099233,-1.053414,1.581584,1.670752,0.556572,-0.509512,-0.696371,-0.002497,0.889456,0.001273,0.503625
41.339052,0.769643,-1.083289,-2.685962,-1.434132,1.303282,0.397062,0.478819,0.601328,-0.937405,-0.136033,-0.105586,0.589954,0.361079,0.196186,0.245560,-0.694120,0.059226,-2.099235,-1.052522,1.581583,1.671248,0.556300,-0.507539,-0.694307,-0.002593,0.888932,0.000909,0.503780
41.339943,0.772025,-1.082530,-2.687037,-1.436784,1.305274,0.397490,0.478519,0.566259,-0.941500,-0.204368,-0.102937,0.585321,0.355202,0.196012,0.246117,-0.694623,0.058532,-2.099232,-1.051641,1.581583,1.671745,0.555611,-0.507243,-0.693643,-0.000710,0.888038,0.000500,0.501932
41.340930,0.774702,-1.083068,-2.691617,-1.438190,1.303645,0.397624,0.477463,0.528439,-0.956996,-0.276325,-0.096531,0.579937,0.348791,0.195706,0.246672,-0.695128,0.057849,-2.099229,-1.050759,1.581583,1.672248,0.553776,-0.506533,-0.692548,0.000724,0.884862,-0.000059,0.502059
41.342107,0.781739,-1.084654,-2.696814,-1.437554,1.306084,0.397873,0.478027,0.489721,-0.977644,-0.348670,-0.089780,0.574415,0.342148,0.195340,0.247216,-0.695626,0.057159,-2.099230,-1.049877,1.581585,1.672757,0.552591,-0.505800,-0.690430,0.000855,0.886204,-0.000340,0.503833
41.343029,0.778141,-1.080373,-2.699407,-1.440167,1.305205,0.397068,0.477982,0.412863,-1.026290,-0.489245,-0.074438,0.564237,0.329025,0.194633,0.248316,-0.696645,0.055786,-2.099234,-1.048100,1.581585,1.673759,0.551898,-0.506671,-0.688081,0.000220,0.884910,-0.000079,0.502347
41.344003,0.778336,-1.076387,-2.701027,-1.442013,1.301697,0.396301,0.475087,0.412863,-1.026290,-0.489245,-0.074438,0.564237,0.329025,0.194633,0.248316,-0.696645,0.055786,-2.099234,-1.048100,1.581585,1.673759,0.551898,-0.506671,-0.688081,0.000220,0.884910,-0.000079,0.502347
41.344988,0.779582,-1.083484,-2.698153,-1.444128,1.300745,0.396513,0.475350,0.374465,-1.045707,-0.557212,-0.068720,0.560167,0.322550,0.194375,0.248870,-0.697147,0.055101,-2.099233,-1.047209,1.581588,1.674281,0.551735,-0.508091,-0.687418,0.000758,0.887923,0.000526,0.507768
41.346056,0.779390,-1.088925,-2.706691,-1.446903,1.294416,0.398157,0.475448,0.336543,-1.058936,-0.622214,-0.066075,0.557117,0.316120,0.194231,0.249425,-0.697646,0.054419,-2.099230,-1.046312,1.581588,1.674790,0.551102,-0.503996,-0.689149,0.001525,0.888338,0.000166,0.506821
41.346951,0.780081,-1.090088,-2.710836,-1.449786,1.288361,0.398393,0.476719,0.263764,-1.094026,-0.741262,-0.058117,0.553319,0.303406,0.194066,0.250528,-0.698635,0.053054,-2.099217,-1.044502,1.581582,1.675797,0.550902,-0.499820,-0.683233,0.004338,0.899552,-0.001967,0.503384
41.348029,0.782691,-1.086909,-2.708734,-1.450900,1.288535,0.398224,0.477312,0.263764,-1.094026,-0.741262,-0.058117,0.553319,0.303406,0.194066,0.250528,-0.698635,0.053054,-2.099217,-1.044502,1.581582,1.675797,0.550902,-0.499820,-0.683233,0.004338,0.899552,-0.001967,0.503384
41.349065,0.783507,-1.087685,-2.710512,-1.453686,1.284621,0.398784,0.476869,0.227547,-1.117679,-0.798929,-0.052508,0.551881,0.296843,0.193882,0.251081,-0.699145,0.052369,-2.099215,-1.043597,1.581578,1.676288,0.550246,-0.501335,-0.685354,0.003986,0.899547,-0.001926,0.502087
41.350056,0.786566,-1.081745,-2.701859,-1.452773,1.284154,0.396841,0.477451,0.193787,-1.139066,-0.851310,-0.048635,0.550745,0.290638,0.193572,0.251627,-0.699640,0.051685,-2.099205,-1.042696,1.581573,1.676791,0.550317,-0.500779,-0.685127,0.005215,0.903408,-0.002610,0.502747
41.351046,0.785101,-1.070745,-2.696139,-1.450933,1.283518,0.395441,0.479395,0.143401,-1.160522,-0.921563,-0.049837,0.549641,0.281581,0.192687,0.252722,-0.700673,0.050289,-2.099212,-1.040878,1.581578,1.677778,0.549787,-0.507981,-0.692587,0.000007,0.903320,0.000439,0.497076
41.352017,0.784978,-1.069472,-2.691199,-1.452971,1.283694,0.394974,0.478973,0.143401,-1.160522,-0.921563,-0.049837,0.549641,0.281581,0.192687,0.252722,-0.700673,0.050289,-2.099212,-1.040878,1.581578,1.677778,0.549787,-0.507981,-0.692587,0.000007,0.903320,0.000439,0.497076
41.352962,0.787469,-1.064692,-2.693893,-1.454656,1.282271,0.394851,0.477335,0.130216,-1.152697,-0.932398,-0.056106,0.549925,0.279624,0.192226,0.253273,-0.701179,0.049588,-2.099210,-1.039965,1.581577,1.678282,0.549804,-0.507919,-0.694968,0.000777,0.902361,0.000759,0.497610
41.354077,0.786774,-1.067037,-2.692656,-1.452457,1.280468,0.394841,0.477040,0.123987,-1.132540,-0.929251,-0.066815,0.550706,0.279073,0.191824,0.253824,-0.701694,0.048900,-2.099208,-1.039070,1.581576,1.678789,0.548325,-0.509423,-0.693439,0.001190,0.902978,0.000752,0.500493
41.355083,0.786342,-1.068746,-2.689589,-1.454852,1.282342,0.396089,0.476431,0.122508,-1.105535,-0.916981,-0.079834,0.551639,0.279419,0.191482,0.254370,-0.702197,0.048197,-2.099220,-1.038174,1.581576,1.679286,0.549688,-0.508421,-0.695224,-0.002223,0.905418,0.000596,0.500969
41.355971,0.783620,-1.061239,-2.688969,-1.454983,1.288171,0.396902,0.475709,0.124428,-1.079817,-0.898136,-0.090861,0.552333,0.280424,0.191174,0.254923,-0.702707,0.047489,-2.099218,-1.037271,1.581575,1.679793,0.550068,-0.507054,-0.696892,-0.001121,0.903124,-0.000801,0.501878
41.357010,0.786881,-1.054826,-2.680014,-1.454510,1.288065,0.396749,0.477349,0.129090,-1.058001,-0.873895,-0.099346,0.552706,0.281915,0.190892,0.255471,-0.703225,0.046799,-2.099224,-1.036377,1.581571,1.680296,0.550867,-0.509596,-0.696519,-0.002032,0.895943,-0.001715,0.502825
41.358057,0.791222,-1.060904,-2.673005,-1.455683,1.293727,0.396357,0.475588,0.136711,-1.035048,-0.844110,-0.108073,0.552975,0.283939,0.190617,0.256018,-0.703737,0.046087,-2.099232,-1.035492,1.581568,1.680792,0.549676,-0.512465,-0.701423,-0.003668,0.896205,-0.001683,0.499287
41.359058,0.793988,-1.057429,-2.670507,-1.454252,1.299344,0.395931,0.474240,0.149803,-1.010612,-0.804382,-0.116933,0.553476,0.286994,0.190322,0.256566,-0.704244,0.045379,-2.099236,-1.034610,1.581565,1.681292,0.548009,-0.509133,-0.705404,-0.003741,0.890672,-0.001421,0.502664
41.360091,0.793628,-1.054472,-2.672940,-1.453481,1.297272,0.395928,0.474488,0.170102,-0.990763,-0.752002,-0.122978,0.554377,0.291370,0.190011,0.257108,-0.704752,0.044665,-2.099245,-1.033743,1.581566,1.681803,0.546907,-0.510417,-0.706653,-0.006266,0.884995,-0.001148,0.505015
41.360964,0.786627,-1.057609,-2.666911,-1.454807,1.299431,0.395699,0.473032,0.195361,-0.977232,-0.691637,-0.124661,0.555470,0.296728,0.189706,0.257657,-0.705266,0.043951,-2.099257,-1.032850,1.581563,1.682308,0.547500,-0.511491,-0.705708,-0.008092,0.887099,-0.001279,0.504229
41.362041,0.784775,-1.064222,-2.664042,-1.457129,1.297549,0.395222,0.475153,0.221459,-0.969977,-0.630671,-0.121640,0.556363,0.302390,0.189428,0.258208,-0.705774,0.043243,-2.099263,-1.031970,1.581564,1.682815,0.550317,-0.508662,-0.707741,-0.007725,0.883590,-0.001183,0.506634
41.363056,0.781142,-1.070174,-2.657547,-1.459969,1.299325,0.393834,0.472708,0.245874,-0.973246,-0.572816,-0.112985,0.556861,0.307815,0.189173,0.258766,-0.706270,0.042523,-2.099269,-1.031076,1.581566,1.683311,0.551820,-0.505424,-0.709782,-0.006641,0.885853,-0.000872,0.502174
41.363939,0.785135,-1.074669,-2.643182,-1.461155,1.297059,0.394300,0.472661,0.268100,-0.990994,-0.518104,-0.098319,0.557047,0.312760,0.188921,0.259326,-0.706767,0.041800,-2.099273,-1.030206,1.581569,1.683830,0.553793,-0.502142,-0.713068,-0.005015,0.884060,0.000363,0.506809
41.364970,0.792027,-1.076974,-2.640370,-1.463297,1.299251,0.393075,0.471603,0.290107,-1.024599,-0.462595,-0.077776,0.557256,0.317484,0.188662,0.259868,-0.707255,0.041076,-2.099280,-1.029315,1.581566,1.684329,0.551221,-0.498978,-0.719169,-0.004841,0.885045,-0.000231,0.506365
41.366005,0.794923,-1.076658,-2.640156,-1.465231,1.297402,0.393371,0.472425,0.315318,-1.072668,-0.400823,-0.051976,0.557939,0.322559,0.188390,0.260413,-0.707751,0.040350,-2.099283,-1.028447,1.581569,1.684841,0.548203,-0.497651,-0.720667,-0.003945,0.882999,0.000843,0.508211
41.367000,0.797344,-1.077007,-2.643447,-1.466395,1.298461,0.393113,0.471383,0.344146,-1.129346,-0.333494,-0.023565,0.559260,0.328027,0.188100,0.260961,-0.708251,0.039637,-2.099284,-1.027555,1.581571,1.685340,0.547211,-0.497605,-0.721084,-0.003341,0.884879,0.000372,0.506302
41.368073,0.795012,-1.079842,-2.644007,-1.467729,1.294812,0.393730,0.470171,0.373628,-1.187663,-0.267246,0.004420,0.560982,0.333368,0.187784,0.261502,-0.708742,0.038916,-2.099286,-1.026682,1.581571,1.685862,0.546235,-0.497092,-0.719305,-0.003431,0.883606,0.000492,0.508028
41.369069,0.791830,-1.075988,-2.643049,-1.473183,1.296787,0.394722,0.469672,0.400316,-1.244512,-0.208983,0.031118,0.562640,0.338010,0.187441,0.262056,-0.709237,0.038189,-2.099289,-1.025791,1.581571,1.686372,0.548035,-0.495719,-0.719530,-0.003398,0.887626,-0.000288,0.510247
41.369948,0.797759,-1.076080,-2.629034,-1.473879,1.296414,0.396450,0.468821,0.421940,-1.296118,-0.162518,0.054412,0.563964,0.341514,0.187083,0.262602,-0.709739,0.037469,-2.099283,-1.024902,1.581569,1.686889,0.549821,-0.497222,-0.719914,0.000646,0.885263,-0.001421,0.510860
41.371050,0.807234,-1.080297,-2.621344,-1.475416,1.292863,0.396311,0.469580,0.461064,-1.368767,-0.084250,0.081722,0.567121,0.346878,0.186414,0.263685,-0.710718,0.035993,-2.099286,-1.023131,1.581563,1.687897,0.542468,-0.494354,-0.730097,0.000351,0.888589,-0.003244,0.510368
41.372065,0.813851,-1.085178,-2.618951,-1.476662,1.295303,0.395639,0.469348,0.488208,-1.398209,-0.036011,0.091475,0.569665,0.350563,0.186108,0.264212,-0.711200,0.035259,-2.099286,-1.022243,1.581563,1.688407,0.539712,-0.491787,-0.731162,0.000273,0.885923,-0.002713,0.510540
41.372966,0.816314,-1.087462,-2.618422,-1.475864,1.295278,0.395191,0.468536,0.488208,-1.398209,-0.036011,0.091475,0.569665,0.350563,0.186108,0.264212,-0.711200,0.035259,-2.099286,-1.022243,1.581563,1.688407,0.539712,-0.491787,-0.731162,0.000273,0.885923,-0.002713,0.510540
41.374030,0.813157,-1.088068,-2.623906,-1.479629,1.294388,0.393592,0.470158,0.520501,-1.430971,0.017304,0.103455,0.572609,0.354994,0.185808,0.264752,-0.711690,0.034525,-2.099289,-1.021365,1.581560,1.688924,0.538110,-0.489809,-0.730324,-0.001633,0.884929,-0.002379,0.511642
41.374961,0.812281,-1.083706,-2.617068,-1.480172,1.295329,0.392546,0.469843,0.553523,-1.467948,0.067182,0.118191,0.575467,0.359395,0.185511,0.265293,-0.712184,0.033808,-2.099283,-1.020472,1.581563,1.689425,0.540430,-0.489533,-0.728094,0.000641,0.886063,-0.000942,0.508164
41.375961,0.819018,-1.073392,-2.621004,-1.481842,1.293961,0.393279,0.471113,0.583425,-1.503337,0.107207,0.132103,0.578056,0.363038,0.185237,0.265834,-0.712677,0.033071,-2.099283,-1.019601,1.581564,1.689933,0.540666,-0.491027,-0.730712,-0.000044,0.884393,-0.000040,0.508383
41.377054,0.817992,-1.068195,-2.623053,-1.482374,1.294226,0.394228,0.471056,0.610004,-1.527361,0.137326,0.140342,0.580664,0.365899,0.185005,0.266370,-0.713181,0.032352,-2.099281,-1.018712,1.581561,1.690437,0.537591,-0.495751,-0.728645,0.000291,0.885503,-0.000923,0.505504
41.377980,0.819487,-1.062194,-2.624887,-1.484160,1.294244,0.393783,0.471558,0.633611,-1.531062,0.157835,0.139226,0.583501,0.368131,0.184804,0.266909,-0.713678,0.031622,-2.099285,-1.017815,1.581557,1.690935,0.539084,-0.498466,-0.728258,-0.000530,0.885658,-0.002003,0.505518
41.379019,0.818722,-1.059495,-2.630125,-1.485368,1.292308,0.391527,0.472114,0.653266,-1.512019,0.167306,0.127922,0.586430,0.369657,0.184606,0.267445,-0.714186,0.030890,-2.099283,-1.016938,1.581556,1.691436,0.538141,-0.500545,-0.726484,0.000038,0.884821,-0.001672,0.504075
41.380069,0.818847,-1.055472,-2.627818,-1.486059,1.293725,0.391294,0.473165,0.667746,-1.473712,0.164262,0.107889,0.589134,0.370285,0.184380,0.267991,-0.714695,0.030176,-2.099283,-1.016045,1.581558,1.691931,0.539018,-0.501570,-0.724203,-0.000105,0.886788,0.000436,0.502754
41.380975,0.823880,-1.061675,-2.625888,-1.488269,1.296860,0.391051,0.473852,0.676577,-1.421264,0.149001,0.081500,0.591322,0.369953,0.184112,0.268526,-0.715199,0.029444,-2.099285,-1.015171,1.581561,1.692430,0.539631,-0.503413,-0.725617,-0.000737,0.885622,0.000482,0.500437
41.381957,0.823601,-1.059852,-2.625949,-1.488796,1.292143,0.393384,0.474255,0.681620,-1.362861,0.126227,0.052537,0.592935,0.369025,0.183803,0.269060,-0.715694,0.028714,-2.099283,-1.014292,1.581561,1.692928,0.536812,-0.499372,-0.725587,0.000271,0.881464,0.000594,0.498620
41.383026,0.827207,-1.059296,-2.634999,-1.488876,1.297369,0.391451,0.471753,0.685825,-1.262770,0.071242,0.002545,0.593920,0.366524,0.183109,0.270126,-0.716699,0.027278,-2.099289,-1.012528,1.581563,1.693933,0.536244,-0.500008,-0.721358,-0.001669,0.880947,-0.000099,0.502364
41.384062,0.831272,-1.054340,-2.635117,-1.486120,1.296294,0.390723,0.472173,0.685825,-1.262770,0.071242,0.002545,0.593920,0.366524,0.183109,0.270126,-0.716699,0.027278,-2.099289,-1.012528,1.581563,1.693933,0.536244,-0.500008,-0.721358,-0.001669,0.880947,-0.000099,0.502364
41.385042,0.824360,-1.043646,-2.641484,-1.486044,1.299014,0.389858,0.472528,0.682942,-1.224391,0.036318,-0.015468,0.592808,0.364845,0.182814,0.270663,-0.717211,0.026563,-2.099302,-1.011640,1.581565,1.694427,0.534778,-0.502145,-0.721654,-0.005481,0.882104,0.000456,0.501256
41.385990,0.817368,-1.037192,-2.645811,-1.486710,1.298102,0.388714,0.474200,0.675393,-1.188681,-0.005058,-0.029597,0.590603,0.362850,0.182606,0.271202,-0.717723,0.025850,-2.099312,-1.010775,1.581566,1.694928,0.538446,-0.506854,-0.718290,-0.006567,0.879127,0.001175,0.500213
41.387015,0.823997,-1.030456,-2.647495,-1.486801,1.301148,0.388588,0.472627,0.636894,-1.097842,-0.118997,-0.060135,0.583451,0.356333,0.182500,0.272279,-0.718760,0.024427,-2.099331,-1.009020,1.581571,1.695920,0.538997,-0.512007,-0.715161,-0.007902,0.876410,0.002122,0.499454
41.388079,0.829744,-1.037607,-2.643578,-1.489782,1.299482,0.388950,0.472026,0.636894,-1.097842,-0.118997,-0.060135,0.583451,0.356333,0.182500,0.272279,-0.718760,0.024427,-2.099331,-1.009020,1.581571,1.695920,0.538997,-0.512007,-0.715161,-0.007902,0.876410,0.002122,0.499454
41.389021,0.828770,-1.043800,-2.642669,-1.491812,1.296221,0.390227,0.471728,0.609120,-1.042693,-0.185134,-0.078066,0.579632,0.352139,0.182616,0.272813,-0.719256,0.023704,-2.099331,-1.008138,1.581570,1.696422,0.536915,-0.508360,-0.717606,-0.006276,0.878456,0.001607,0.500443
41.389983,0.832611,-1.045671,-2.645352,-1.495444,1.290172,0.390518,0.473086,0.581170,-0.993854,-0.247132,-0.093090,0.576522,0.348072,0.182809,0.273354,-0.719755,0.022993,-2.099335,-1.007249,1.581570,1.696926,0.537314,-0.504533,-0.717591,-0.005384,0.880930,0.000184,0.500617
41.391012,0.827684,-1.054928,-2.649076,-1.499555,1.288338,0.389139,0.473848,0.553583,-0.960118,-0.303797,-0.102217,0.574197,0.344100,0.183026,0.273884,-0.720251,0.022280,-2.099334,-1.006359,1.581569,1.697414,0.535510,-0.503047,-0.715921,-0.003020,0.886387,-0.000231,0.497560
41.392073,0.825428,-1.053452,-2.650462,-1.503035,1.287256,0.388252,0.473099,0.524566,-0.943512,-0.358605,-0.105822,0.572418,0.339760,0.183220,0.274431,-0.720742,0.021564,-2.099331,-1.005466,1.581572,1.697909,0.538430,-0.498237,-0.714302,-0.000318,0.888109,0.001002,0.495822
41.393055,0.824055,-1.050727,-2.649661,-1.504515,1.280155,0.389436,0.470265,0.491995,-0.942461,-0.414999,-0.105872,0.570849,0.334563,0.183373,0.274969,-0.721246,0.020855,-2.099327,-1.004563,1.581573,1.698405,0.540265,-0.498916,-0.714226,0.001704,0.889273,0.001721,0.497177
41.394052,0.824690,-1.049438,-2.651596,-1.504454,1.279183,0.389735,0.470451,0.455580,-0.949716,-0.473082,-0.105599,0.569292,0.328506,0.183525,0.275516,-0.721739,0.020139,-2.099324,-1.003666,1.581571,1.698915,0.541017,-0.499845,-0.714457,0.001807,0.895897,0.000389,0.502517
41.394963,0.825600,-1.048502,-2.646551,-1.506078,1.279408,0.389662,0.469937,0.376741,-0.967686,-0.586055,-0.107339,0.565448,0.315526,0.183993,0.276596,-0.722734,0.018708,-2.099326,-1.001855,1.581570,1.699923,0.540187,-0.499669,-0.715228,0.000948,0.894870,-0.000096,0.502348
41.396015,0.833507,-1.050211,-2.647917,-1.508987,1.277743,0.389691,0.470752,0.376741,-0.967686,-0.586055,-0.107339,0.565448,0.315526,0.183993,0.276596,-0.722734,0.018708,-2.099326,-1.001855,1.581570,1.699923,0.540187,-0.499669,-0.715228,0.000948,0.894870,-0.000096,0.502348
41.397087,0.827851,-1.056015,-2.654012,-1.509737,1.277935,0.390000,0.468597,0.339073,-0.976527,-0.634056,-0.108527,0.563117,0.309527,0.184335,0.277130,-0.723233,0.017991,-2.099321,-1.000963,1.581570,1.700425,0.536911,-0.498691,-0.714953,0.002391,0.896695,-0.000277,0.500484
41.398125,0.830022,-1.063950,-2.659981,-1.511046,1.279520,0.389488,0.468024,0.304098,-0.987306,-0.675030,-0.109243,0.560372,0.303987,0.184737,0.277683,-0.723729,0.017291,-2.099320,-1.000065,1.581569,1.700931,0.540432,-0.495812,-0.712686,0.001687,0.896720,-0.000734,0.504653
41.399038,0.827821,-1.070181,-2.657098,-1.510680,1.279266,0.391343,0.468003,0.233362,-1.041127,-0.754105,-0.095395,0.551643,0.292734,0.185532,0.278763,-0.724689,0.015869,-2.099320,-0.998277,1.581563,1.701948,0.540654,-0.488094,-0.710842,0.000089,0.894282,-0.002343,0.505055
41.400086,0.826616,-1.068340,-2.652270,-1.511826,1.283442,0.393117,0.468234,0.233362,-1.041127,-0.754105,-0.095395,0.551643,0.292734,0.185532,0.278763,-0.724689,0.015869,-2.099320,-0.998277,1.581563,1.701948,0.540654,-0.488094,-0.710842,0.000089,0.894282,-0.002343,0.505055
41.401104,0.827544,-1.065661,-2.649537,-1.510877,1.286484,0.392484,0.468399,0.198828,-1.091068,-0.790724,-0.076484,0.545754,0.287374,0.185808,0.279304,-0.725184,0.015156,-2.099319,-0.997394,1.581557,1.702446,0.541867,-0.488977,-0.713716,-0.000118,0.890259,-0.004231,0.504386
41.402100,0.832465,-1.057267,-2.645656,-1.511378,1.288806,0.392171,0.467764,0.168387,-1.147569,-0.818931,-0.053155,0.539713,0.282954,0.185968,0.279845,-0.725675,0.014432,-2.099326,-0.996522,1.581555,1.702952,0.541778,-0.490117,-0.715117,-0.002258,0.887257,-0.003709,0.503767
41.403072,0.827109,-1.045846,-2.640393,-1.511507,1.294358,0.391343,0.465635,0.127727,-1.234494,-0.839391,-0.013837,0.530162,0.278316,0.185995,0.280930,-0.726680,0.012993,-2.099335,-0.994770,1.581554,1.703970,0.542332,-0.499003,-0.719319,-0.003937,0.878768,-0.002846,0.508627
41.404043,0.825719,-1.037831,-2.634509,-1.511254,1.290386,0.390493,0.466331,0.127727,-1.234494,-0.839391,-0.013837,0.530162,0.278316,0.185995,0.280930,-0.726680,0.012993,-2.099335,-0.994770,1.581554,1.703970,0.542332,-0.499003,-0.719319,-0.003937,0.878768,-0.002846,0.508627
41.405006,0.828174,-1.032984,-2.631436,-1.513083,1.293133,0.390716,0.466469,0.118254,-1.244665,-0.831425,-0.007373,0.527691,0.278102,0.185915,0.281475,-0.727192,0.012262,-2.099343,-0.993882,1.581555,1.704479,0.543034,-0.502274,-0.721825,-0.005268,0.882301,-0.002141,0.506797
41.405958,0.825609,-1.033684,-2.624286,-1.515865,1.292911,0.391223,0.464820,0.115081,-1.229814,-0.813277,-0.011064,0.526875,0.279030,0.185788,0.282011,-0.727702,0.011544,-2.099345,-0.993006,1.581555,1.704980,0.541865,-0.503940,-0.722989,-0.004608,0.879005,-0.002513,0.506169
41.406957,0.823173,-1.035846,-2.616783,-1.517851,1.288602,0.390951,0.462970,0.126199,-1.153392,-0.750380,-0.039689,0.529567,0.283378,0.185581,0.283107,-0.728703,0.010079,-2.099347,-0.991244,1.581552,1.706018,0.544441,-0.501361,-0.729498,-0.002335,0.882760,-0.003006,0.512384
41.408034,0.835133,-1.038494,-2.615102,-1.519429,1.289303,0.391278,0.462268,0.126199,-1.153392,-0.750380,-0.039689,0.529567,0.283378,0.185581,0.283107,-0.728703,0.010079,-2.099347,-0.991244,1.581552,1.706018,0.544441,-0.501361,-0.729498,-0.002335,0.882760,-0.003006,0.512384
41.408981,0.830881,-1.040934,-2.615356,-1.521249,1.290137,0.391356,0.461096,0.139785,-1.111168,-0.706302,-0.056941,0.532355,0.286528,0.185556,0.283634,-0.729194,0.009341,-2.099351,-0.990353,1.581550,1.706533,0.539364,-0.500166,-0.730698,-0.002060,0.882372,-0.003485,0.513542
41.410054,0.825925,-1.041241,-2.618156,-1.518880,1.288695,0.389307,0.462057,0.158009,-1.075663,-0.656168,-0.071816,0.535503,0.290192,0.185555,0.284181,-0.729693,0.008607,-2.099352,-0.989480,1.581546,1.707056,0.541393,-0.498241,-0.729876,-0.001435,0.880942,-0.003668,0.515416
41.411001,0.832179,-1.039645,-2.622210,-1.521309,1.288630,0.388818,0.460663,0.176854,-1.051132,-0.607367,-0.081628,0.538236,0.293799,0.185519,0.284735,-0.730196,0.007882,-2.099365,-0.988590,1.581549,1.707561,0.544504,-0.498066,-0.728974,-0.004943,0.882747,-0.001776,0.513265
41.411948,0.836020,-1.033505,-2.610553,-1.522023,1.289639,0.388007,0.460327,0.192339,-1.038141,-0.567113,-0.085125,0.539904,0.296808,0.185398,0.285266,-0.730689,0.007154,-2.099366,-0.987720,1.581550,1.708082,0.541348,-0.498235,-0.726325,-0.003660,0.882227,-0.001444,0.515625
41.413197,0.847361,-1.030521,-2.611592,-1.520049,1.293553,0.385769,0.461828,0.205581,-1.030994,-0.534313,-0.085293,0.540759,0.299358,0.185194,0.285804,-0.731195,0.006405,-2.099371,-0.986840,1.581554,1.708603,0.539388,-0.500548,-0.731369,-0.004066,0.880561,-0.000787,0.515809
41.413976,0.846625,-1.036034,-2.601451,-1.523024,1.289972,0.385556,0.461253,0.220936,-1.022764,-0.501321,-0.085204,0.541561,0.302194,0.184949,0.286325,-0.731705,0.005673,-2.099385,-0.985957,1.581556,1.709109,0.535900,-0.502891,-0.732745,-0.007358,0.878547,0.001268,0.512882
41.415040,0.841270,-1.043339,-2.599434,-1.524963,1.288633,0.385294,0.461548,0.264250,-1.013615,-0.421768,-0.078667,0.544277,0.309781,0.184542,0.287410,-0.732683,0.004193,-2.099390,-0.984192,1.581557,1.710140,0.538461,-0.494984,-0.736877,-0.004676,0.881700,0.001451,0.512480
41.415995,0.845448,-1.048023,-2.594352,-1.525893,1.286763,0.385723,0.461842,0.264250,-1.013615,-0.421768,-0.078667,0.544277,0.309781,0.184542,0.287410,-0.732683,0.004193,-2.099390,-0.984192,1.581557,1.710140,0.538461,-0.494984,-0.736877,-0.004676,0.881700,0.001451,0.512480
41.417086,0.857548,-1.052990,-2.597398,-1.528746,1.286358,0.386343,0.459619,0.288756,-1.028238,-0.379284,-0.067031,0.546020,0.313766,0.184420,0.287938,-0.733164,0.003449,-2.099397,-0.983310,1.581557,1.710644,0.536449,-0.492213,-0.738689,-0.004833,0.882965,0.000878,0.511503
41.418014,0.858811,-1.055373,-2.584752,-1.530421,1.280041,0.387435,0.460771,0.314178,-1.058891,-0.337063,-0.048922,0.548060,0.317637,0.184336,0.288461,-0.733651,0.002709,-2.099398,-0.982417,1.581553,1.711168,0.531471,-0.489992,-0.737620,-0.003344,0.883815,0.000126,0.515765
41.418969,0.865629,-1.055736,-2.581798,-1.534079,1.278419,0.385795,0.462005,0.342077,-1.102389,-0.293505,-0.026256,0.550665,0.321582,0.184278,0.288989,-0.734135,0.001963,-2.099400,-0.981515,1.581549,1.711671,0.530830,-0.488186,-0.743015,-0.002842,0.889137,-0.001086,0.512961
41.419955,0.877160,-1.050236,-2.581401,-1.535436,1.277495,0.385942,0.463871,0.373836,-1.153375,-0.246016,-0.002055,0.554032,0.325806,0.184205,0.289512,-0.734618,0.001215,-2.099397,-0.980627,1.581551,1.712177,0.527580,-0.487547,-0.743662,-0.000471,0.890053,0.000435,0.510101
41.421016,0.877117,-1.051836,-2.585907,-1.536901,1.276550,0.386791,0.462859,0.409794,-1.203170,-0.194758,0.019136,0.558213,0.330305,0.184074,0.290027,-0.735113,0.000481,-2.099398,-0.979732,1.581548,1.712670,0.522293,-0.489895,-0.743505,-0.000398,0.890500,0.000145,0.506063
41.422005,0.879675,-1.047289,-2.585211,-1.537369,1.276814,0.385866,0.463370,0.448256,-1.244386,-0.144171,0.034285,0.562876,0.334797,0.183868,0.290545,-0.735595,-0.000263,-2.099397,-0.978847,1.581545,1.713189,0.523330,-0.489209,-0.741411,-0.000340,0.891722,-0.000844,0.507878
41.423061,0.882929,-1.055053,-2.582752,-1.538926,1.279625,0.386082,0.464519,0.485914,-1.274931,-0.100158,0.043545,0.567369,0.338853,0.183578,0.291069,-0.736089,-0.001013,-2.099398,-0.977952,1.581545,1.713691,0.522442,-0.491103,-0.741257,-0.001129,0.890990,-0.000047,0.506503
41.423983,0.875789,-1.060005,-2.579196,-1.539328,1.280727,0.385610,0.464915,0.521259,-1.297161,-0.064371,0.048849,0.571279,0.342348,0.183214,0.291584,-0.736571,-0.001757,-2.099399,-0.977063,1.581544,1.714184,0.521781,-0.487282,-0.742644,-0.000914,0.888355,-0.000422,0.504026
41.425003,0.876988,-1.067360,-2.566969,-1.541314,1.282691,0.387183,0.466445,0.553928,-1.319131,-0.035514,0.054371,0.574348,0.345362,0.182801,0.292113,-0.737046,-0.002506,-2.099402,-0.976186,1.581544,1.714685,0.525284,-0.484270,-0.743338,-0.001644,0.886417,-0.000076,0.502815
41.426121,0.879649,-1.071871,-2.572845,-1.544129,1.284990,0.386611,0.466910,0.583959,-1.348953,-0.010837,0.064061,0.576466,0.348071,0.182363,0.292645,-0.737519,-0.003271,-2.099401,-0.975303,1.581540,1.715183,0.525170,-0.480613,-0.749073,-0.000997,0.884397,-0.001793,0.499478
41.427003,0.876771,-1.067506,-2.572318,-1.541223,1.284503,0.385040,0.467277,0.637171,-1.433595,0.032535,0.095262,0.578409,0.353049,0.181394,0.293693,-0.738480,-0.004754,-2.099408,-0.973545,1.581542,1.716170,0.526239,-0.480227,-0.745702,-0.003562,0.882226,0.000082,0.497297
41.428016,0.877946,-1.059748,-2.575818,-1.544390,1.284866,0.384777,0.467198,0.637171,-1.433595,0.032535,0.095262,0.578409,0.353049,0.181394,0.293693,-0.738480,-0.004754,-2.099408,-0.973545,1.581542,1.716170,0.526239,-0.480227,-0.745702,-0.003562,0.882226,0.000082,0.497297
41.429026,0.885101,-1.049175,-2.576640,-1.544393,1.284829,0.381777,0.467503,0.656100,-1.475461,0.042939,0.111646,0.578139,0.354764,0.180881,0.294222,-0.738972,-0.005488,-2.099406,-0.972661,1.581543,1.716662,0.526154,-0.483884,-0.743827,-0.001686,0.881733,0.000177,0.497228
41.429988,0.884019,-1.037565,-2.576206,-1.544297,1.286215,0.378392,0.468905,0.668899,-1.500468,0.042961,0.120882,0.577400,0.355735,0.180408,0.294734,-0.739464,-0.006230,-2.099410,-0.971791,1.581554,1.717156,0.523229,-0.488920,-0.743179,-0.002923,0.881754,0.002997,0.496357
41.431096,0.886660,-1.035545,-2.581728,-1.546983,1.290094,0.379685,0.467617,0.676752,-1.498170,0.034114,0.118044,0.576677,0.356028,0.179992,0.295261,-0.739971,-0.006978,-2.099418,-0.970909,1.581562,1.717648,0.523996,-0.494020,-0.742683,-0.004091,0.879801,0.006197,0.493204
41.432018,0.888601,-1.034518,-2.582343,-1.545335,1.284262,0.381632,0.465660,0.679790,-1.466871,0.017005,0.102498,0.576228,0.355573,0.179633,0.295780,-0.740474,-0.007709,-2.099417,-0.970030,1.581562,1.718142,0.523940,-0.495147,-0.740642,-0.002831,0.876656,0.004696,0.495747
41.432975,0.885037,-1.030004,-2.588334,-1.549579,1.280784,0.383052,0.465511,0.677454,-1.414897,-0.008772,0.078292,0.576020,0.354272,0.179332,0.296300,-0.740966,-0.008451,-2.099427,-0.969146,1.581559,1.718650,0.522954,-0.494892,-0.739353,-0.005475,0.881660,0.002627,0.499209
41.434027,0.878648,-1.036625,-2.594706,-1.551308,1.278369,0.383387,0.464847,0.668826,-1.352507,-0.044388,0.050487,0.575827,0.352039,0.179073,0.296834,-0.741468,-0.009175,-2.099425,-0.968252,1.581559,1.719141,0.524831,-0.496492,-0.735852,-0.002456,0.884407,0.001076,0.499141
41.434980,0.877828,-1.038060,-2.588793,-1.553105,1.277782,0.383822,0.465479,0.624434,-1.226937,-0.155314,-0.005885,0.574148,0.343329,0.178548,0.297901,-0.742445,-0.010652,-2.099430,-0.966479,1.581557,1.720144,0.529188,-0.491905,-0.735161,-0.001454,0.886888,0.000039,0.498600
41.436147,0.882204,-1.029873,-2.587594,-1.554844,1.273366,0.382735,0.465563,0.624434,-1.226937,-0.155314,-0.005885,0.574148,0.343329,0.178548,0.297901,-0.742445,-0.010652,-2.099430,-0.966479,1.581557,1.720144,0.529188,-0.491905,-0.735161,-0.001454,0.886888,0.000039,0.498600
41.436953,0.883507,-1.025215,-2.586144,-1.556448,1.270342,0.381985,0.464459,0.591383,-1.174326,-0.222299,-0.030378,0.572711,0.337522,0.178251,0.298425,-0.742956,-0.011385,-2.099431,-0.965572,1.581558,1.720639,0.528596,-0.496445,-0.736976,-0.001204,0.892318,0.000967,0.498456
41.438041,0.887031,-1.021550,-2.586016,-1.558918,1.265584,0.381597,0.465065,0.556171,-1.121512,-0.287376,-0.055571,0.571404,0.331687,0.177958,0.298952,-0.743454,-0.012120,-2.099430,-0.964686,1.581561,1.721145,0.527062,-0.497270,-0.735773,-0.000660,0.893377,0.001579,0.500028
41.439026,0.884478,-1.014783,-2.589501,-1.557223,1.266081,0.378200,0.464589,0.520392,-1.064740,-0.348635,-0.083415,0.570286,0.326027,0.177713,0.299480,-0.743956,-0.012847,-2.099427,-0.963769,1.581564,1.721645,0.526334,-0.499166,-0.736466,0.000319,0.898360,0.001786,0.498645
41.440001,0.883238,-1.016481,-2.590066,-1.557531,1.260069,0.380701,0.466852,0.483996,-1.003866,-0.406791,-0.113588,0.569142,0.320477,0.177532,0.300007,-0.744460,-0.013576,-2.099437,-0.962866,1.581576,1.722142,0.527969,-0.502012,-0.734393,-0.002450,0.897240,0.005000,0.499309
41.440954,0.880414,-1.017659,-2.598306,-1.558215,1.260314,0.383150,0.465038,0.445659,-0.942298,-0.464425,-0.143107,0.567507,0.314842,0.177389,0.300540,-0.744961,-0.014311,-2.099440,-0.961963,1.581571,1.722632,0.528789,-0.500551,-0.733679,-0.003303,0.902683,0.002327,0.494430
41.442005,0.881800,-1.020838,-2.600488,-1.560790,1.260082,0.384235,0.465789,0.403808,-0.887945,-0.524840,-0.167467,0.564853,0.308859,0.177246,0.301080,-0.745463,-0.015026,-2.099447,-0.961062,1.581567,1.723140,0.530174,-0.499265,-0.729107,-0.003696,0.901548,-0.000237,0.497731
41.443066,0.878938,-1.029428,-2.597565,-1.565444,1.259453,0.385704,0.466622,0.309018,-0.820173,-0.658310,-0.195428,0.555868,0.295165,0.176848,0.302148,-0.746435,-0.016497,-2.099440,-0.959253,1.581558,1.724128,0.532395,-0.493482,-0.730009,0.000678,0.902498,-0.003030,0.494160
41.444084,0.881963,-1.036935,-2.598705,-1.567352,1.260188,0.387529,0.465541,0.309018,-0.820173,-0.658310,-0.195428,0.555868,0.295165,0.176848,0.302148,-0.746435,-0.016497,-2.099440,-0.959253,1.581558,1.724128,0.532395,-0.493482,-0.730009,0.000678,0.902498,-0.003030,0.494160
41.445015,0.885748,-1.038161,-2.598410,-1.566892,1.264757,0.387071,0.466656,0.260274,-0.812925,-0.723498,-0.199626,0.549989,0.287900,0.176511,0.302674,-0.746924,-0.017220,-2.099439,-0.958350,1.581552,1.724620,0.531424,-0.489561,-0.729484,0.001205,0.901477,-0.004966,0.496128
41.446051,0.883903,-1.037485,-2.601900,-1.566757,1.270428,0.385166,0.465758,0.213784,-0.826700,-0.782471,-0.196167,0.543479,0.281001,0.176051,0.303203,-0.747407,-0.017947,-2.099442,-0.957475,1.581549,1.725118,0.529476,-0.488376,-0.728886,-0.000414,0.896122,-0.004604,0.493448
41.446969,0.888650,-1.030639,-2.597499,-1.565809,1.272419,0.384354,0.464734,0.170673,-0.857563,-0.834692,-0.185485,0.536545,0.274826,0.175482,0.303742,-0.747898,-0.018666,-2.099448,-0.956591,1.581550,1.725615,0.530970,-0.488618,-0.727394,-0.001738,0.890519,-0.002840,0.495066
41.447948,0.894237,-1.028410,-2.592067,-1.567378,1.274850,0.382800,0.464046,0.131617,-0.896309,-0.880097,-0.170564,0.529544,0.269556,0.174877,0.304264,-0.748389,-0.019397,-2.099455,-0.955717,1.581550,1.726113,0.528508,-0.491309,-0.728736,-0.003712,0.887702,-0.002171,0.496690
41.449047,0.892783,-1.030056,-2.589209,-1.569476,1.277288,0.382694,0.463442,0.099208,-0.932983,-0.915044,-0.155355,0.523158,0.265563,0.174335,0.304789,-0.748879,-0.020139,-2.099456,-0.954835,1.581553,1.726614,0.526042,-0.491986,-0.730958,-0.003367,0.884871,-0.000770,0.497724
41.450031,0.889212,-1.035171,-2.585443,-1.572272,1.276911,0.381223,0.463661,0.075624,-0.962648,-0.935914,-0.142551,0.517995,0.263028,0.173916,0.305314,-0.749371,-0.020871,-2.099457,-0.953949,1.581552,1.727118,0.527950,-0.491398,-0.733026,-0.002669,0.883043,-0.000833,0.498792
41.451011,0.890733,-1.042943,-2.585110,-1.574092,1.273440,0.383012,0.462381,0.049594,-1.013576,-0.941902,-0.121891,0.511323,0.260732,0.173412,0.306382,-0.750328,-0.022341,-2.099457,-0.952180,1.581549,1.728111,0.529417,-0.484402,-0.734258,-0.000608,0.886126,-0.001435,0.500299
41.452075,0.890632,-1.049324,-2.578592,-1.575795,1.274601,0.385018,0.462705,0.043899,-1.048704,-0.932236,-0.108108,0.509270,0.260362,0.173249,0.306909,-0.750798,-0.023089,-2.099457,-0.951307,1.581542,1.728613,0.530364,-0.481523,-0.737720,-0.000291,0.885357,-0.003555,0.499430
41.453017,0.897248,-1.047998,-2.571242,-1.576946,1.273958,0.386003,0.463387,0.044136,-1.092815,-0.912265,-0.090286,0.508095,0.260840,0.173082,0.307432,-0.751281,-0.023838,-2.099458,-0.950414,1.581534,1.729111,0.527106,-0.481684,-0.740479,-0.000346,0.885176,-0.004617,0.497669
41.453972,0.902532,-1.046830,-2.565251,-1.579308,1.270812,0.384676,0.464064,0.052433,-1.139290,-0.879117,-0.071424,0.508074,0.262570,0.172863,0.307956,-0.751766,-0.024582,-2.099453,-0.949517,1.581533,1.729599,0.524652,-0.481785,-0.742740,0.000674,0.887592,-0.003401,0.495992
41.455090,0.905818,-1.044796,-2.562275,-1.579570,1.274724,0.383451,0.465647,0.069123,-1.181019,-0.833248,-0.054955,0.509225,0.265617,0.172565,0.308472,-0.752244,-0.025334,-2.099455,-0.948645,1.581535,1.730089,0.524396,-0.483324,-0.744786,-0.000486,0.884521,-0.002348,0.492760
41.456142,0.910799,-1.036968,-2.557936,-1.578368,1.277532,0.381834,0.464796,0.069123,-1.181019,-0.833248,-0.054955,0.509225,0.265617,0.172565,0.308472,-0.752244,-0.025334,-2.099455,-0.948645,1.581535,1.730089,0.524396,-0.483324,-0.744786,-0.000486,0.884521,-0.002348,0.492760
41.456988,0.910134,-1.028176,-2.554406,-1.578495,1.275756,0.380852,0.465347,0.093179,-1.211987,-0.776897,-0.042937,0.511397,0.269899,0.172210,0.308996,-0.752742,-0.026091,-2.099465,-0.947764,1.581536,1.730591,0.522728,-0.487164,-0.746897,-0.002834,0.881952,-0.000883,0.494294
41.458001,0.906713,-1.022624,-2.546704,-1.579088,1.272161,0.380560,0.465698,0.123074,-1.226420,-0.713294,-0.036982,0.514418,0.275224,0.171853,0.309514,-0.753235,-0.026834,-2.099469,-0.946874,1.581538,1.731080,0.522575,-0.490367,-0.746992,-0.003680,0.882124,-0.000044,0.492644
41.458999,0.911249,-1.022339,-2.542433,-1.579003,1.274523,0.380857,0.465395,0.156470,-1.221539,-0.646387,-0.038068,0.518037,0.281197,0.171538,0.310042,-0.753733,-0.027593,-2.099473,-0.945990,1.581537,1.731571,0.524837,-0.492822,-0.750464,-0.004302,0.885632,0.000099,0.491718
41.459962,0.905758,-1.022477,-2.533116,-1.579660,1.273509,0.381190,0.464666,0.191775,-1.200659,-0.577837,-0.044644,0.522061,0.287585,0.171294,0.310566,-0.754230,-0.028343,-2.099481,-0.945108,1.581535,1.732057,0.522986,-0.492543,-0.752139,-0.005495,0.882968,-0.000333,0.492090
41.461059,0.909287,-1.031246,-2.529887,-1.581838,1.273898,0.381628,0.463136,0.228346,-1.171967,-0.507548,-0.052910,0.526374,0.294356,0.171156,0.311093,-0.754720,-0.029109,-2.099487,-0.944228,1.581534,1.732552,0.525972,-0.491975,-0.755884,-0.005942,0.883493,-0.000800,0.493219
41.462025,0.911023,-1.031455,-2.526502,-1.584293,1.269497,0.380814,0.465373,0.265046,-1.145458,-0.436172,-0.058837,0.530823,0.301360,0.171117,0.311617,-0.755204,-0.029880,-2.099490,-0.943340,1.581533,1.733055,0.525312,-0.487869,-0.757638,-0.005095,0.883650,-0.001395,0.496155
41.462962,0.914101,-1.029647,-2.524639,-1.585263,1.270654,0.379415,0.465413,0.333872,-1.120585,-0.298847,-0.058826,0.539707,0.314828,0.171084,0.312658,-0.756176,-0.031405,-2.099497,-0.941567,1.581541,1.734027,0.523280,-0.487680,-0.758277,-0.003994,0.885514,0.000513,0.490925
41.464086,0.922564,-1.027770,-2.519958,-1.586880,1.271333,0.377373,0.465610,0.365149,-1.116732,-0.236723,-0.056936,0.544228,0.320860,0.171031,0.313174,-0.756672,-0.032167,-2.099499,-0.940673,1.581547,1.734512,0.520439,-0.488957,-0.761151,-0.003783,0.885580,0.002364,0.490509
41.465032,0.923923,-1.020909,-2.517372,-1.587062,1.268269,0.376070,0.466301,0.395458,-1.111013,-0.178126,-0.057141,0.549001,0.326486,0.170977,0.313689,-0.757164,-0.032936,-2.099505,-0.939793,1.581552,1.734996,0.520014,-0.491789,-0.761306,-0.004702,0.888011,0.003494,0.488791
41.465958,0.924609,-1.015332,-2.506776,-1.587542,1.267580,0.376819,0.466129,0.395458,-1.111013,-0.178126,-0.057141,0.549001,0.326486,0.170977,0.313689,-0.757164,-0.032936,-2.099505,-0.939793,1.581552,1.734996,0.520014,-0.491789,-0.761306,-0.004702,0.888011,0.003494,0.488791
41.467112,0.929117,-1.018190,-2.508368,-1.589406,1.270374,0.378303,0.466762,0.454420,-1.078879,-0.068844,-0.068002,0.559087,0.336681,0.170947,0.314721,-0.758159,-0.034478,-2.099517,-0.938009,1.581550,1.735976,0.519104,-0.492787,-0.765156,-0.004747,0.885917,0.000945,0.487501
41.468008,0.925535,-1.029792,-2.500144,-1.591919,1.266730,0.380205,0.466785,0.454420,-1.078879,-0.068844,-0.068002,0.559087,0.336681,0.170947,0.314721,-0.758159,-0.034478,-2.099517,-0.938009,1.581550,1.735976,0.519104,-0.492787,-0.765156,-0.004747,0.885917,0.000945,0.487501
41.469034,0.928660,-1.036186,-2.500854,-1.593531,1.266431,0.380542,0.465292,0.482365,-1.061219,-0.018316,-0.074403,0.563935,0.341161,0.171000,0.315248,-0.758627,-0.035255,-2.099517,-0.937130,1.581542,1.736465,0.520658,-0.486329,-0.767656,-0.003380,0.888510,-0.001043,0.487035
41.469943,0.930040,-1.044344,-2.496499,-1.595723,1.271659,0.381559,0.466349,0.507372,-1.058320,0.027122,-0.074783,0.567957,0.344999,0.171075,0.315770,-0.759103,-0.036010,-2.099522,-0.936239,1.581540,1.736959,0.519746,-0.483173,-0.767011,-0.003004,0.888703,-0.001503,0.489827
41.470999,0.933756,-1.055891,-2.490647,-1.595645,1.274600,0.380972,0.464352,0.547159,-1.118848,0.099471,-0.048632,0.572337,0.350841,0.171120,0.316800,-0.760034,-0.037558,-2.099529,-0.934493,1.581535,1.737938,0.518135,-0.473110,-0.770431,-0.003274,0.879949,-0.002172,0.491151
41.472010,0.941566,-1.049735,-2.491790,-1.596743,1.274592,0.379997,0.464780,0.547159,-1.118848,0.099471,-0.048632,0.572337,0.350841,0.171120,0.316800,-0.760034,-0.037558,-2.099529,-0.934493,1.581535,1.737938,0.518135,-0.473110,-0.770431,-0.003274,0.879949,-0.002172,0.491151
41.473023,0.942754,-1.049101,-2.487159,-1.596058,1.279775,0.378939,0.463799,0.564194,-1.181920,0.129621,-0.021713,0.572831,0.353424,0.171031,0.317313,-0.760518,-0.038319,-2.099534,-0.933611,1.581535,1.738426,0.514885,-0.476113,-0.769361,-0.003368,0.879851,-0.001343,0.490018
41.473997,0.942367,-1.044247,-2.487308,-1.595996,1.281088,0.377820,0.463477,0.580850,-1.252276,0.156671,0.008523,0.572630,0.356028,0.170885,0.317824,-0.760995,-0.039095,-2.099542,-0.932755,1.581536,1.738923,0.515047,-0.476338,-0.771092,-0.005187,0.874773,-0.000437,0.491749
41.475076,0.941805,-1.042805,-2.493298,-1.597637,1.286415,0.377664,0.462703,0.610595,-1.374175,0.194375,0.062525,0.571384,0.360710,0.170512,0.318857,-0.761958,-0.040622,-2.099556,-0.931010,1.581543,1.739917,0.517026,-0.479399,-0.767265,-0.005900,0.868335,0.000493,0.493460
41.476040,0.947119,-1.040872,-2.495266,-1.597923,1.279756,0.377848,0.461370,0.610595,-1.374175,0.194375,0.062525,0.571384,0.360710,0.170512,0.318857,-0.761958,-0.040622,-2.099556,-0.931010,1.581543,1.739917,0.517026,-0.479399,-0.767265,-0.005900,0.868335,0.000493,0.493460
41.477008,0.943220,-1.043063,-2.487755,-1.601117,1.276131,0.378725,0.461439,0.619932,-1.415761,0.196911,0.081667,0.570665,0.361895,0.170358,0.319369,-0.762431,-0.041387,-2.099565,-0.930134,1.581545,1.740415,0.514715,-0.480076,-0.765378,-0.006673,0.874636,0.000153,0.495788
41.478123,0.949987,-1.051089,-2.493316,-1.604992,1.277917,0.378704,0.460045,0.625280,-1.444462,0.188002,0.095336,0.570174,0.362131,0.170266,0.319891,-0.762906,-0.042153,-2.099566,-0.929246,1.581541,1.740917,0.516999,-0.478666,-0.768305,-0.004679,0.877676,-0.000844,0.495266
41.479022,0.950013,-1.054449,-2.501469,-1.608008,1.271250,0.378690,0.459516,0.626576,-1.483454,0.144860,0.110884,0.570488,0.359899,0.170278,0.320915,-0.763841,-0.043672,-2.099561,-0.927481,1.581538,1.741915,0.514912,-0.472997,-0.760413,-0.000532,0.882253,-0.001076,0.498564
41.480020,0.947054,-1.051251,-2.508156,-1.611256,1.264918,0.378431,0.459140,0.618750,-1.500493,0.102949,0.113602,0.570481,0.356636,0.170325,0.321438,-0.764323,-0.044418,-2.099557,-0.926578,1.581536,1.742408,0.516888,-0.474429,-0.756699,0.001333,0.888136,-0.000948,0.499042
41.480973,0.948463,-1.048075,-2.508892,-1.611770,1.266597,0.377156,0.457105,0.618750,-1.500493,0.102949,0.113602,0.570481,0.356636,0.170325,0.321438,-0.764323,-0.044418,-2.099557,-0.926578,1.581536,1.742408,0.516888,-0.474429,-0.756699,0.001333,0.888136,-0.000948,0.499042
41.482024,0.952612,-1.041022,-2.508903,-1.612198,1.265499,0.376647,0.457407,0.603270,-1.511218,0.044061,0.110794,0.569765,0.351696,0.170359,0.321950,-0.764797,-0.045174,-2.099559,-0.925704,1.581538,1.742920,0.516465,-0.475647,-0.755458,0.000638,0.885834,0.000189,0.502723
41.482995,0.958468,-1.034553,-2.508947,-1.612687,1.263646,0.375345,0.457351,0.582684,-1.510302,-0.025993,0.101327,0.568417,0.345752,0.170380,0.322463,-0.765284,-0.045924,-2.099560,-0.924811,1.581539,1.743419,0.515350,-0.479229,-0.755488,-0.000275,0.887081,0.000530,0.501874
41.484067,0.956930,-1.028365,-2.506470,-1.613864,1.266309,0.375249,0.456371,0.560637,-1.493256,-0.099677,0.084611,0.566681,0.339626,0.170388,0.322968,-0.765765,-0.046679,-2.099564,-0.923929,1.581544,1.743922,0.512916,-0.482103,-0.754731,-0.000956,0.888461,0.001671,0.501634
41.484968,0.953859,-1.026848,-2.510946,-1.612968,1.266315,0.374654,0.455695,0.539440,-1.457482,-0.171636,0.060195,0.564746,0.333796,0.170369,0.323489,-0.766260,-0.047440,-2.099566,-0.923045,1.581546,1.744435,0.514718,-0.485246,-0.756047,-0.001123,0.886140,0.001590,0.503388
41.486100,0.960916,-1.022224,-2.519449,-1.613971,1.265554,0.374835,0.453893,0.518606,-1.406068,-0.240836,0.030024,0.562519,0.328265,0.170304,0.324002,-0.766750,-0.048180,-2.099573,-0.922152,1.581552,1.744935,0.516199,-0.485129,-0.752618,-0.003022,0.884961,0.002022,0.504270
41.487034,0.961359,-1.028979,-2.524102,-1.614150,1.263719,0.376843,0.453609,0.469898,-1.282535,-0.383991,-0.033745,0.555837,0.316872,0.170024,0.325031,-0.767720,-0.049666,-2.099584,-0.920376,1.581547,1.745965,0.514058,-0.483937,-0.745935,-0.004260,0.887590,-0.000461,0.507836
41.487981,0.968610,-1.029231,-2.515152,-1.615624,1.263107,0.376088,0.454599,0.469898,-1.282535,-0.383991,-0.033745,0.555837,0.316872,0.170024,0.325031,-0.767720,-0.049666,-2.099584,-0.920376,1.581547,1.745965,0.514058,-0.483937,-0.745935,-0.004260,0.887590,-0.000461,0.507836
41.489077,0.971972,-1.030042,-2.520727,-1.615462,1.270735,0.377707,0.455342,0.441968,-1.227257,-0.457790,-0.059795,0.551185,0.311021,0.169816,0.325533,-0.768201,-0.050415,-2.099588,-0.919483,1.581548,1.746463,0.510790,-0.483359,-0.749620,-0.003907,0.887395,0.000180,0.505454
41.489981,0.967931,-1.021755,-2.526085,-1.616831,1.269466,0.377077,0.453350,0.415259,-1.183740,-0.525259,-0.079101,0.546157,0.305707,0.169563,0.326045,-0.768688,-0.051159,-2.099596,-0.918617,1.581543,1.746964,0.510407,-0.483236,-0.747248,-0.005306,0.880474,-0.001592,0.503837
41.490997,0.973852,-1.015412,-2.527834,-1.615121,1.271184,0.376999,0.453044,0.389615,-1.148109,-0.587000,-0.093906,0.540923,0.300855,0.169298,0.326562,-0.769187,-0.051889,-2.099600,-0.917736,1.581541,1.747472,0.512369,-0.486475,-0.743557,-0.004991,0.880777,-0.001057,0.507386
41.492032,0.971729,-1.008092,-2.524714,-1.613382,1.276281,0.377024,0.454898,0.363099,-1.113271,-0.647616,-0.107522,0.535440,0.296096,0.169061,0.327066,-0.769679,-0.052633,-2.099613,-0.916869,1.581538,1.747981,0.510185,-0.489412,-0.742489,-0.007753,0.879100,-0.001113,0.507661
41.492938,0.968481,-1.000411,-2.521095,-1.614409,1.275361,0.376287,0.453357,0.336586,-1.074213,-0.705690,-0.121177,0.530024,0.291692,0.168877,0.327584,-0.770178,-0.053385,-2.099629,-0.915997,1.581535,1.748479,0.512076,-0.492880,-0.743936,-0.010448,0.874161,-0.001274,0.503683
41.494121,0.971995,-1.001246,-2.522734,-1.617675,1.276061,0.375192,0.455448,0.311485,-1.028448,-0.757471,-0.135265,0.525099,0.287989,0.168776,0.328093,-0.770683,-0.054126,-2.099640,-0.915119,1.581538,1.748985,0.513721,-0.495708,-0.744615,-0.010294,0.874137,-0.000676,0.506353
41.494974,0.966980,-1.004073,-2.509755,-1.619985,1.272372,0.375126,0.452569,0.266912,-0.919249,-0.836324,-0.169004,0.517547,0.282231,0.168842,0.329135,-0.771666,-0.055628,-2.099650,-0.913365,1.581539,1.750002,0.515750,-0.493401,-0.749777,-0.007113,0.877118,0.000176,0.507357
41.495970,0.968870,-1.004758,-2.511877,-1.623288,1.274598,0.374294,0.451265,0.248430,-0.868008,-0.859854,-0.186018,0.515014,0.280041,0.168930,0.329643,-0.772153,-0.056379,-2.099652,-0.912502,1.581539,1.750513,0.515429,-0.492806,-0.748193,-0.005052,0.874783,0.000872,0.509593
41.497040,0.971112,-1.017281,-2.505750,-1.626473,1.270506,0.374150,0.452433,0.232159,-0.828361,-0.873277,-0.200064,0.513075,0.278145,0.168964,0.330161,-0.772629,-0.057138,-2.099652,-0.911613,1.581540,1.751014,0.515333,-0.486749,-0.751369,-0.003243,0.879254,0.000851,0.507027
41.498075,0.974422,-1.028327,-2.505007,-1.625592,1.273259,0.374304,0.450705,0.217743,-0.811338,-0.877273,-0.205662,0.511389,0.276603,0.168900,0.330668,-0.773103,-0.057888,-2.099662,-0.910734,1.581538,1.751526,0.514583,-0.481328,-0.751597,-0.005267,0.876538,0.000559,0.510258
41.499058,0.976306,-1.030670,-2.497281,-1.626896,1.271329,0.375590,0.452036,0.205509,-0.823596,-0.871418,-0.198220,0.509732,0.275721,0.168743,0.331186,-0.773576,-0.058648,-2.099668,-0.909857,1.581536,1.752029,0.514085,-0.480009,-0.754795,-0.005070,0.878192,-0.000871,0.507197
41.500021,0.977394,-1.031144,-2.499659,-1.629172,1.271797,0.375478,0.450805,0.205509,-0.823596,-0.871418,-0.198220,0.509732,0.275721,0.168743,0.331186,-0.773576,-0.058648,-2.099668,-0.909857,1.581536,1.752029,0.514085,-0.480009,-0.754795,-0.005070,0.878192,-0.000871,0.507197
41.500956,0.969088,-1.031052,-2.489526,-1.628714,1.271130,0.374516,0.450364,0.187323,-0.905879,-0.837209,-0.157319,0.506495,0.275621,0.168244,0.332225,-0.774531,-0.060161,-2.099681,-0.908094,1.581540,1.753058,0.518111,-0.478980,-0.756816,-0.005436,0.877078,-0.000070,0.509699
41.502065,0.974649,-1.028696,-2.487346,-1.629472,1.268903,0.376010,0.450979,0.187323,-0.905879,-0.837209,-0.157319,0.506495,0.275621,0.168244,0.332225,-0.774531,-0.060161,-2.099681,-0.908094,1.581540,1.753058,0.518111,-0.478980,-0.756816,-0.005436,0.877078,-0.000070,0.509699
41.503074,0.971171,-1.028200,-2.488021,-1.629832,1.270089,0.375673,0.451404,0.180112,-0.957926,-0.812910,-0.131805,0.505007,0.276037,0.167979,0.332744,-0.775015,-0.060933,-2.099688,-0.907200,1.581535,1.753564,0.516551,-0.480564,-0.758131,-0.005931,0.879921,-0.001721,0.508316
41.503978,0.969125,-1.026345,-2.479326,-1.632888,1.265059,0.376193,0.451524,0.174309,-1.007868,-0.784880,-0.106381,0.503850,0.276773,0.167762,0.333271,-0.775497,-0.061685,-2.099695,-0.906325,1.581533,1.754062,0.518833,-0.480644,-0.757401,-0.006708,0.878628,-0.001499,0.507196
41.504990,0.974161,-1.038757,-2.476551,-1.635639,1.263179,0.375077,0.451598,0.169291,-1.051417,-0.755698,-0.083481,0.503139,0.277594,0.167627,0.333787,-0.775972,-0.062460,-2.099697,-0.905445,1.581532,1.754568,0.519769,-0.480925,-0.760248,-0.004748,0.882687,-0.002152,0.506481
41.506061,0.974474,-1.041562,-2.467504,-1.637061,1.264834,0.373481,0.451604,0.165347,-1.090779,-0.725410,-0.063422,0.503018,0.278407,0.167580,0.334303,-0.776437,-0.063230,-2.099697,-0.904555,1.581530,1.755076,0.517874,-0.474737,-0.761059,-0.003315,0.884342,-0.001157,0.506027
41.507018,0.973835,-1.046882,-2.461447,-1.640148,1.262185,0.372860,0.451605,0.163717,-1.133077,-0.691878,-0.043854,0.503661,0.279382,0.167587,0.334819,-0.776910,-0.064002,-2.099701,-0.903667,1.581533,1.755581,0.518809,-0.473693,-0.765543,-0.003219,0.882989,0.000274,0.505824
41.507952,0.974454,-1.047004,-2.452249,-1.640577,1.257317,0.372390,0.452342,0.170093,-1.232791,-0.609278,-0.004100,0.507658,0.282360,0.167594,0.335865,-0.777843,-0.065548,-2.099702,-0.901884,1.581534,1.756578,0.519038,-0.470337,-0.770832,-0.002127,0.888992,0.001075,0.503570
41.509057,0.970850,-1.040951,-2.450382,-1.642181,1.259763,0.371654,0.453926,0.177694,-1.282638,-0.561555,0.013185,0.510826,0.284348,0.167521,0.336386,-0.778319,-0.066324,-2.099704,-0.901009,1.581536,1.757082,0.522096,-0.473867,-0.771914,-0.001901,0.887244,0.001640,0.500254
41.510043,0.972034,-1.033142,-2.443763,-1.643587,1.257424,0.371963,0.452144,0.187289,-1.319289,-0.512433,0.023293,0.514537,0.286452,0.167416,0.336912,-0.778805,-0.067108,-2.099707,-0.900112,1.581537,1.757591,0.521832,-0.477448,-0.774290,-0.001705,0.889123,0.001174,0.503528
41.510945,0.975694,-1.022939,-2.435898,-1.641988,1.256648,0.372162,0.453394,0.187289,-1.319289,-0.512433,0.023293,0.514537,0.286452,0.167416,0.336912,-0.778805,-0.067108,-2.099707,-0.900112,1.581537,1.757591,0.521832,-0.477448,-0.774290,-0.001705,0.889123,0.001174,0.503528
41.512018,0.973845,-1.019395,-2.427694,-1.642297,1.257960,0.371866,0.453371,0.199496,-1.333995,-0.462124,0.023030,0.518703,0.288749,0.167323,0.337422,-0.779297,-0.067882,-2.099717,-0.899217,1.581537,1.758093,0.519966,-0.481691,-0.776670,-0.004251,0.888683,0.000844,0.500497
41.513033,0.984517,-1.017098,-2.432960,-1.642399,1.258534,0.371487,0.451792,0.215440,-1.325343,-0.408909,0.013301,0.523212,0.291560,0.167254,0.337946,-0.779783,-0.068670,-2.099724,-0.898340,1.581537,1.758590,0.521911,-0.483606,-0.780547,-0.005147,0.887823,0.000989,0.500413
41.513951,0.982752,-1.014874,-2.428918,-1.642386,1.261754,0.373238,0.450631,0.234541,-1.297893,-0.354227,-0.003025,0.527708,0.294844,0.167222,0.338459,-0.780271,-0.069434,-2.099731,-0.897450,1.581539,1.759103,0.517217,-0.484554,-0.777379,-0.006195,0.887076,0.001214,0.503280
41.515014,0.980635,-1.020715,-2.434241,-1.645076,1.261529,0.373806,0.449475,0.274156,-1.216006,-0.260231,-0.042400,0.534698,0.301238,0.167301,0.339497,-0.781235,-0.070989,-2.099742,-0.895695,1.581532,1.760116,0.520174,-0.482206,-0.775084,-0.005804,0.883590,-0.001359,0.507232
41.516013,0.987686,-1.028939,-2.426287,-1.644476,1.263669,0.374028,0.450668,0.290133,-1.181249,-0.228134,-0.057574,0.536409,0.303620,0.167339,0.340003,-0.781710,-0.071763,-2.099753,-0.894814,1.581529,1.760613,0.517281,-0.477970,-0.778403,-0.007472,0.881200,-0.001708,0.504512
41.516940,0.994008,-1.032122,-2.424628,-1.645516,1.266524,0.374678,0.450910,0.290133,-1.181249,-0.228134,-0.057574,0.536409,0.303620,0.167339,0.340003,-0.781710,-0.071763,-2.099753,-0.894814,1.581529,1.760613,0.517281,-0.477970,-0.778403,-0.007472,0.881200,-0.001708,0.504512
41.518063,1.000526,-1.034395,-2.417525,-1.644870,1.268734,0.372753,0.450127,0.304781,-1.163621,-0.202584,-0.063988,0.537110,0.305818,0.167327,0.340516,-0.782181,-0.072545,-2.099761,-0.893945,1.581524,1.761116,0.514238,-0.475926,-0.777761,-0.007430,0.877617,-0.002467,0.503617
41.518979,1.002908,-1.026803,-2.420301,-1.643092,1.269000,0.371777,0.449520,0.339260,-1.176269,-0.154883,-0.051261,0.537655,0.311304,0.167172,0.341533,-0.783139,-0.074108,-2.099790,-0.892189,1.581526,1.762127,0.511397,-0.478534,-0.778650,-0.011825,0.875132,0.000148,0.505847
41.520022,1.012703,-1.013991,-2.417111,-1.642508,1.271593,0.370519,0.450012,0.339260,-1.176269,-0.154883,-0.051261,0.537655,0.311304,0.167172,0.341533,-0.783139,-0.074108,-2.099790,-0.892189,1.581526,1.762127,0.511397,-0.478534,-0.778650,-0.011825,0.875132,0.000148,0.505847
41.521053,1.027504,-1.008681,-2.417534,-1.646765,1.268220,0.370286,0.450531,0.384951,-1.182390,-0.111882,-0.034316,0.540185,0.318130,0.166900,0.342529,-0.784134,-0.075667,-2.099808,-0.890440,1.581527,1.763128,0.501138,-0.487233,-0.779144,-0.010355,0.876309,0.001325,0.503339
41.521983,1.031206,-1.009146,-2.412445,-1.649196,1.264839,0.371202,0.449827,0.384951,-1.182390,-0.111882,-0.034316,0.540185,0.318130,0.166900,0.342529,-0.784134,-0.075667,-2.099808,-0.890440,1.581527,1.763128,0.501138,-0.487233,-0.779144,-0.010355,0.876309,0.001325,0.503339
41.523024,1.037218,-1.015498,-2.415181,-1.651985,1.261758,0.370254,0.449828,0.450214,-1.122463,-0.068335,-0.050036,0.548228,0.325196,0.166775,0.343518,-0.785093,-0.077234,-2.099817,-0.888675,1.581525,1.764142,0.497785,-0.483271,-0.778406,-0.007490,0.882065,0.001090,0.504057
41.523937,1.036682,-1.028998,-2.413589,-1.656565,1.255225,0.371838,0.447550,0.485295,-1.092283,-0.051237,-0.061777,0.553361,0.327936,0.166793,0.344012,-0.785560,-0.078005,-2.099816,-0.887771,1.581519,1.764652,0.498327,-0.475974,-0.777800,-0.004103,0.887433,-0.000612,0.508171
41.524992,1.030985,-1.034523,-2.417966,-1.658416,1.254161,0.373481,0.446294,0.516598,-1.080312,-0.043281,-0.068486,0.557993,0.329529,0.166821,0.344521,-0.786024,-0.078780,-2.099819,-0.886888,1.581511,1.765169,0.502239,-0.473589,-0.775352,-0.003577,0.888702,-0.002361,0.510399
41.526026,1.035189,-1.038419,-2.416974,-1.660768,1.249627,0.374521,0.446281,0.541552,-1.089015,-0.046845,-0.068609,0.561410,0.329887,0.166816,0.345023,-0.786492,-0.079550,-2.099822,-0.885989,1.581505,1.765675,0.501059,-0.471803,-0.775503,-0.002499,0.893173,-0.003510,0.510141
41.527012,1.040048,-1.039244,-2.413264,-1.660413,1.248045,0.374144,0.445894,0.541552,-1.089015,-0.046845,-0.068609,0.561410,0.329887,0.166816,0.345023,-0.786492,-0.079550,-2.099822,-0.885989,1.581505,1.765675,0.501059,-0.471803,-0.775503,-0.002499,0.893173,-0.003510,0.510141
41.527958,1.039917,-1.032353,-2.405148,-1.658864,1.253267,0.372454,0.446813,0.561414,-1.113410,-0.058649,-0.063263,0.563503,0.329559,0.166758,0.345515,-0.786957,-0.080331,-2.099829,-0.885103,1.581503,1.766184,0.499392,-0.471330,-0.776456,-0.003980,0.894341,-0.003251,0.510567
41.528930,1.041496,-1.027474,-2.400504,-1.659495,1.250299,0.369728,0.446262,0.579282,-1.145691,-0.072030,-0.054208,0.564582,0.329413,0.166641,0.346018,-0.787436,-0.081120,-2.099839,-0.884218,1.581502,1.766692,0.499851,-0.474353,-0.779183,-0.006518,0.888330,-0.001679,0.508279
41.530132,1.045302,-1.027295,-2.405404,-1.660907,1.252986,0.365003,0.446796,0.597182,-1.175752,-0.082046,-0.044623,0.565043,0.329984,0.166458,0.346511,-0.787916,-0.081897,-2.099848,-0.883320,1.581509,1.767199,0.499712,-0.476446,-0.780499,-0.006920,0.890756,0.000876,0.509041
41.531018,1.047358,-1.035792,-2.405869,-1.663690,1.254705,0.362873,0.447618,0.629758,-1.208879,-0.097109,-0.034655,0.564578,0.332081,0.165842,0.347511,-0.788857,-0.083439,-2.099857,-0.881553,1.581533,1.768212,0.498902,-0.472593,-0.777204,-0.005188,0.886591,0.007278,0.505809
41.531994,1.046689,-1.040186,-2.406940,-1.664576,1.250321,0.364037,0.447801,0.629758,-1.208879,-0.097109,-0.034655,0.564578,0.332081,0.165842,0.347511,-0.788857,-0.083439,-2.099857,-0.881553,1.581533,1.768212,0.498902,-0.472593,-0.777204,-0.005188,0.886591,0.007278,0.505809
41.532964,1.045353,-1.043776,-2.405847,-1.665869,1.251630,0.364979,0.448963,0.639681,-1.222767,-0.110519,-0.031352,0.563383,0.332401,0.165416,0.348010,-0.789320,-0.084214,-2.099864,-0.880647,1.581538,1.768712,0.499869,-0.470322,-0.775741,-0.005417,0.890368,0.005914,0.505122
41.534075,1.048152,-1.049395,-2.412325,-1.667154,1.255423,0.366661,0.449768,0.642896,-1.243909,-0.130966,-0.024996,0.561296,0.331840,0.164925,0.348515,-0.789785,-0.084994,-2.099869,-0.879767,1.581540,1.769213,0.501044,-0.468374,-0.775256,-0.005268,0.888544,0.004819,0.502430
41.535084,1.038264,-1.047535,-2.407596,-1.669240,1.258872,0.368923,0.450577,0.638671,-1.273176,-0.158978,-0.014709,0.558233,0.330348,0.164377,0.349018,-0.790252,-0.085756,-2.099874,-0.878885,1.581537,1.769707,0.501117,-0.466163,-0.772394,-0.005317,0.885477,0.002986,0.500749
41.536034,1.043230,-1.044826,-2.413638,-1.668481,1.261817,0.369392,0.451183,0.626681,-1.307890,-0.194282,-0.001799,0.554230,0.327921,0.163781,0.349529,-0.790717,-0.086534,-2.099876,-0.878016,1.581533,1.770205,0.506809,-0.467173,-0.774116,-0.004476,0.882014,0.000601,0.498854
41.536970,1.049884,-1.033361,-2.410607,-1.668251,1.263237,0.369067,0.450562,0.582016,-1.366601,-0.282141,0.020330,0.544133,0.320892,0.162601,0.350528,-0.791679,-0.088062,-2.099896,-0.876263,1.581530,1.771198,0.501683,-0.473294,-0.770442,-0.007444,0.876351,0.000226,0.498159
41.538035,1.048298,-1.025998,-2.416978,-1.668639,1.263629,0.368532,0.451499,0.582016,-1.366601,-0.282141,0.020330,0.544133,0.320892,0.162601,0.350528,-0.791679,-0.088062,-2.099896,-0.876263,1.581530,1.771198,0.501683,-0.473294,-0.770442,-0.007444,0.876351,0.000226,0.498159
41.539066,1.048956,-1.018515,-2.415829,-1.668355,1.265643,0.366714,0.450206,0.553748,-1.372754,-0.330792,0.022538,0.538747,0.316935,0.162144,0.351036,-0.792162,-0.088829,-2.099906,-0.875393,1.581529,1.771691,0.503630,-0.477122,-0.767162,-0.008210,0.876434,0.000614,0.496098
41.539971,1.051463,-1.012152,-2.415814,-1.671808,1.262873,0.365457,0.449770,0.522555,-1.355466,-0.381966,0.015515,0.533384,0.312747,0.161845,0.351547,-0.792654,-0.089588,-2.099919,-0.874514,1.581538,1.772193,0.504140,-0.480719,-0.767513,-0.009527,0.874481,0.002246,0.498477
41.541020,1.048930,-1.012954,-2.417196,-1.673816,1.261035,0.366023,0.448850,0.488956,-1.314898,-0.434804,-0.001204,0.528175,0.308241,0.161724,0.352044,-0.793136,-0.090358,-2.099923,-0.873629,1.581540,1.772695,0.503024,-0.483164,-0.766029,-0.007099,0.876219,0.003351,0.498867
41.542053,1.044035,-1.019613,-2.419074,-1.675585,1.263849,0.367562,0.449534,0.453628,-1.255190,-0.488243,-0.027064,0.523230,0.303274,0.161759,0.352558,-0.793621,-0.091125,-2.099928,-0.872751,1.581539,1.773202,0.505262,-0.482770,-0.765142,-0.006350,0.878307,0.002623,0.500482
41.542948,1.037449,-1.024109,-2.415850,-1.675058,1.255965,0.368451,0.449284,0.415377,-1.188355,-0.543233,-0.057170,0.518344,0.297671,0.161886,0.353069,-0.794099,-0.091884,-2.099933,-0.871873,1.581537,1.773690,0.508580,-0.479444,-0.763957,-0.005801,0.875553,0.000939,0.498889
41.544213,1.042074,-1.029424,-2.416945,-1.678552,1.257429,0.369347,0.448890,0.372567,-1.130322,-0.600493,-0.083541,0.513149,0.291494,0.162026,0.353589,-0.794569,-0.092650,-2.099944,-0.870991,1.581535,1.774193,0.511678,-0.476558,-0.764056,-0.007242,0.882403,-0.000062,0.498919
41.544979,1.041389,-1.017804,-2.403134,-1.675473,1.258634,0.370319,0.449604,0.325648,-1.090229,-0.658098,-0.101479,0.507553,0.285058,0.162117,0.354106,-0.795048,-0.093409,-2.099946,-0.870103,1.581531,1.774691,0.511685,-0.475242,-0.765269,-0.005315,0.882874,-0.001119,0.499881
41.546008,1.042521,-1.012776,-2.396230,-1.676291,1.258871,0.368358,0.450052,0.278637,-1.064416,-0.709496,-0.112389,0.502086,0.279073,0.162123,0.354616,-0.795532,-0.094187,-2.099962,-0.869238,1.581528,1.775189,0.511094,-0.479574,-0.769450,-0.009054,0.879573,-0.002181,0.497735
41.547023,1.047772,-1.004619,-2.400126,-1.676045,1.256438,0.367202,0.450436,0.201276,-1.015928,-0.769705,-0.128331,0.494025,0.271051,0.161864,0.355631,-0.796517,-0.095727,-2.099985,-0.867462,1.581534,1.776182,0.509534,-0.485759,-0.769946,-0.010573,0.881635,0.000625,0.495599
41.548012,1.050454,-1.007549,-2.397341,-1.677278,1.255744,0.367099,0.449139,0.201276,-1.015928,-0.769705,-0.128331,0.494025,0.271051,0.161864,0.355631,-0.796517,-0.095727,-2.099985,-0.867462,1.581534,1.776182,0.509534,-0.485759,-0.769946,-0.010573,0.881635,0.000625,0.495599
41.549011,1.049223,-1.011219,-2.407988,-1.678640,1.252169,0.367293,0.448700,0.172049,-0.983303,-0.782434,-0.138429,0.491522,0.268661,0.161688,0.356143,-0.796995,-0.096497,-2.099995,-0.866586,1.581533,1.776679,0.508761,-0.484036,-0.770617,-0.010348,0.882064,0.000578,0.497923
41.550046,1.049539,-1.017422,-2.393923,-1.680604,1.254056,0.368154,0.448004,0.146289,-0.951728,-0.792031,-0.147899,0.489488,0.266581,0.161553,0.356659,-0.797477,-0.097256,-2.100005,-0.865687,1.581532,1.777182,0.509951,-0.481989,-0.764683,-0.010054,0.885261,0.000242,0.498475
41.551105,1.050269,-1.023066,-2.393314,-1.682535,1.252677,0.370718,0.447394,0.122047,-0.930152,-0.802116,-0.153386,0.487573,0.264436,0.161472,0.357166,-0.797945,-0.098032,-2.100013,-0.864797,1.581530,1.777682,0.510715,-0.479050,-0.771415,-0.009225,0.883324,-0.000762,0.499641
41.552018,1.050351,-1.025084,-2.381036,-1.684314,1.249280,0.372023,0.445706,0.100775,-0.923565,-0.808289,-0.152979,0.486018,0.262539,0.161468,0.357682,-0.798421,-0.098807,-2.100021,-0.863918,1.581521,1.778186,0.511326,-0.476441,-0.771446,-0.008475,0.885066,-0.003439,0.500648
41.552962,1.052719,-1.031683,-2.379153,-1.685497,1.251116,0.371893,0.445490,0.084401,-0.932804,-0.805889,-0.146444,0.485141,0.261304,0.161570,0.358197,-0.798895,-0.099584,-2.100028,-0.863022,1.581516,1.778688,0.511274,-0.474856,-0.776136,-0.007718,0.887354,-0.004833,0.503592
41.554139,1.055796,-1.033013,-2.380753,-1.687308,1.251310,0.370153,0.445887,0.073721,-0.957112,-0.793669,-0.134201,0.485059,0.260910,0.161756,0.358701,-0.799356,-0.100364,-2.100035,-0.862149,1.581513,1.779194,0.510425,-0.471269,-0.775763,-0.007595,0.884860,-0.004809,0.503581
41.555038,1.060684,-1.034793,-2.379921,-1.688281,1.246529,0.368503,0.445841,0.068133,-0.994580,-0.773965,-0.117277,0.485652,0.261220,0.161960,0.359211,-0.799830,-0.101144,-2.100041,-0.861262,1.581514,1.779701,0.510738,-0.471532,-0.775709,-0.007162,0.885947,-0.003227,0.502755
41.556122,1.075753,-1.032092,-2.375645,-1.688203,1.252410,0.366470,0.445331,0.069127,-1.087764,-0.726219,-0.079191,0.488033,0.262938,0.162246,0.360205,-0.800770,-0.102698,-2.100060,-0.859492,1.581512,1.780705,0.502185,-0.471804,-0.776643,-0.008404,0.884140,0.000180,0.503249
41.556974,1.075213,-1.033129,-2.365737,-1.690051,1.249442,0.366565,0.445487,0.069127,-1.087764,-0.726219,-0.079191,0.488033,0.262938,0.162246,0.360205,-0.800770,-0.102698,-2.100060,-0.859492,1.581512,1.780705,0.502185,-0.471804,-0.776643,-0.008404,0.884140,0.000180,0.503249
41.558019,1.080546,-1.034534,-2.364294,-1.690934,1.249877,0.365580,0.444469,0.079440,-1.131519,-0.694455,-0.062591,0.490155,0.264804,0.162312,0.360709,-0.801240,-0.103484,-2.100065,-0.858605,1.581512,1.781198,0.502230,-0.470370,-0.779492,-0.007528,0.885630,-0.000058,0.502402
41.559047,1.077143,-1.040489,-2.361198,-1.691781,1.252817,0.366399,0.444525,0.120222,-1.205514,-0.610053,-0.036377,0.496018,0.270771,0.162255,0.361712,-0.802167,-0.105059,-2.100080,-0.856857,1.581514,1.782212,0.503287,-0.467139,-0.780628,-0.008133,0.882558,-0.000209,0.503810
41.559942,1.075228,-1.048568,-2.356202,-1.693507,1.251999,0.367299,0.443480,0.144686,-1.244806,-0.564604,-0.022044,0.498786,0.274193,0.162149,0.362221,-0.802623,-0.105835,-2.100085,-0.855967,1.581508,1.782718,0.504170,-0.462606,-0.781486,-0.007436,0.882203,-0.001206,0.505420
41.560939,1.070757,-1.049607,-2.354697,-1.694164,1.252086,0.367975,0.443891,0.167887,-1.292150,-0.521602,-0.003817,0.500864,0.277514,0.162004,0.362727,-0.803079,-0.106623,-2.100094,-0.855096,1.581506,1.783223,0.507100,-0.462234,-0.781338,-0.007885,0.881982,-0.002009,0.504254
41.562023,1.072423,-1.054717,-2.348160,-1.695057,1.257521,0.368829,0.444260,0.188665,-1.345856,-0.482056,0.017706,0.502200,0.280706,0.161818,0.363235,-0.803539,-0.107408,-2.100102,-0.854227,1.581502,1.783729,0.507481,-0.460198,-0.784522,-0.008191,0.877129,-0.002997,0.503342
41.563162,1.079633,-1.049967,-2.339927,-1.694498,1.261569,0.367178,0.442199,0.188665,-1.345856,-0.482056,0.017706,0.502200,0.280706,0.161818,0.363235,-0.803539,-0.107408,-2.100102,-0.854227,1.581502,1.783729,0.507481,-0.460198,-0.784522,-0.008191,0.877129,-0.002997,0.503342
41.564216,1.086101,-1.047995,-2.335841,-1.693697,1.271214,0.365593,0.441189,0.232240,-1.445634,-0.395047,0.060732,0.505039,0.288631,0.161455,0.364232,-0.804474,-0.109010,-2.100131,-0.852500,1.581507,1.784754,0.503491,-0.464616,-0.790256,-0.011722,0.864981,-0.000086,0.509150
41.565059,1.091021,-1.038774,-2.329872,-1.694685,1.260854,0.363017,0.440649,0.232240,-1.445634,-0.395047,0.060732,0.505039,0.288631,0.161455,0.364232,-0.804474,-0.109010,-2.100131,-0.852500,1.581507,1.784754,0.503491,-0.464616,-0.790256,-0.011722,0.864981,-0.000086,0.509150
41.565998,1.100174,-1.033840,-2.324535,-1.696369,1.261144,0.362211,0.440419,0.259263,-1.475903,-0.342475,0.075937,0.507781,0.293885,0.161371,0.364733,-0.804955,-0.109797,-2.100142,-0.851612,1.581514,1.785261,0.500717,-0.468185,-0.791021,-0.011528,0.873891,0.002335,0.509629
41.567039,1.099772,-1.026499,-2.318290,-1.697577,1.261654,0.360681,0.439945,0.289893,-1.485267,-0.286743,0.082646,0.511726,0.299586,0.161380,0.365218,-0.805425,-0.110593,-2.100154,-0.850733,1.581521,1.785772,0.496654,-0.470246,-0.792198,-0.010791,0.872788,0.002950,0.509637
41.567961,1.100628,-1.022533,-2.309791,-1.700134,1.254465,0.362837,0.437360,0.323839,-1.470639,-0.229487,0.078563,0.517013,0.305342,0.161503,0.365716,-0.805909,-0.111399,-2.100164,-0.849866,1.581529,1.786292,0.497984,-0.473947,-0.794601,-0.010699,0.872573,0.004285,0.510289
41.569007,1.101015,-1.025829,-2.309880,-1.702848,1.251289,0.364263,0.437235,0.359970,-1.432738,-0.171698,0.063597,0.523562,0.310815,0.161746,0.366210,-0.806388,-0.112191,-2.100171,-0.848975,1.581527,1.786813,0.497851,-0.475302,-0.797249,-0.009149,0.878848,0.001971,0.514987
41.570040,1.095646,-1.024454,-2.308945,-1.705138,1.252619,0.367066,0.438035,0.396068,-1.378095,-0.115987,0.040303,0.530867,0.315639,0.162053,0.366712,-0.806859,-0.112990,-2.100175,-0.848095,1.581525,1.787327,0.498713,-0.473817,-0.796557,-0.007683,0.882189,0.000413,0.514917
41.570975,1.099375,-1.019813,-2.300789,-1.705949,1.249013,0.370088,0.438027,0.456752,-1.252234,-0.027879,-0.017296,0.544674,0.322093,0.162518,0.367720,-0.807816,-0.114581,-2.100189,-0.846330,1.581505,1.788341,0.500742,-0.476368,-0.798935,-0.006824,0.883728,-0.005589,0.512630
41.572120,1.104467,-1.017562,-2.301737,-1.705742,1.249858,0.368877,0.439682,0.456752,-1.252234,-0.027879,-0.017296,0.544674,0.322093,0.162518,0.367720,-0.807816,-0.114581,-2.100189,-0.846330,1.581505,1.788341,0.500742,-0.476368,-0.798935,-0.006824,0.883728,-0.005589,0.512630
41.573033,1.113529,-1.017325,-2.294830,-1.706111,1.252206,0.366975,0.439675,0.503675,-1.120639,0.033114,-0.078085,0.555127,0.326325,0.162587,0.368702,-0.808782,-0.116180,-2.100210,-0.844565,1.581501,1.789363,0.495769,-0.477503,-0.800384,-0.008840,0.880530,-0.002702,0.508753
41.574011,1.116554,-1.013866,-2.290390,-1.705339,1.255005,0.363990,0.441492,0.503675,-1.120639,0.033114,-0.078085,0.555127,0.326325,0.162587,0.368702,-0.808782,-0.116180,-2.100210,-0.844565,1.581501,1.789363,0.495769,-0.477503,-0.800384,-0.008840,0.880530,-0.002702,0.508753
41.575047,1.122253,-1.019063,-2.290943,-1.706312,1.256883,0.361079,0.440425,0.548429,-1.004100,0.083557,-0.128427,0.562032,0.331430,0.162193,0.369691,-0.809735,-0.117770,-2.100236,-0.842810,1.581512,1.790372,0.493199,-0.476429,-0.800502,-0.010621,0.875636,0.002848,0.506677
41.576025,1.118923,-1.024273,-2.294176,-1.706190,1.254741,0.359885,0.440981,0.548429,-1.004100,0.083557,-0.128427,0.562032,0.331430,0.162193,0.369691,-0.809735,-0.117770,-2.100236,-0.842810,1.581512,1.790372,0.493199,-0.476429,-0.800502,-0.010621,0.875636,0.002848,0.506677
41.576993,1.114182,-1.024584,-2.294475,-1.706682,1.255857,0.361832,0.441367,0.568147,-0.963625,0.101221,-0.144401,0.563888,0.333968,0.161902,0.370187,-0.810202,-0.118563,-2.100251,-0.841944,1.581520,1.790868,0.495565,-0.473683,-0.797734,-0.011648,0.877570,0.003836,0.505218
41.578008,1.122970,-1.027360,-2.291160,-1.710295,1.260220,0.364293,0.441504,0.581631,-0.942564,0.106400,-0.150939,0.564191,0.335726,0.161592,0.370689,-0.810676,-0.119359,-2.100264,-0.841068,1.581518,1.791370,0.498460,-0.473268,-0.796352,-0.012093,0.875977,0.001730,0.504088
41.578974,1.120985,-1.032034,-2.285594,-1.708792,1.255045,0.365228,0.442652,0.592982,-0.947614,0.085242,-0.143006,0.561621,0.336878,0.160961,0.371678,-0.811608,-0.120951,-2.100288,-0.839320,1.581508,1.792368,0.496586,-0.469404,-0.798714,-0.012005,0.876408,-0.001886,0.500889
41.580033,1.119332,-1.036425,-2.293204,-1.711622,1.258123,0.366041,0.442339,0.592982,-0.947614,0.085242,-0.143006,0.561621,0.336878,0.160961,0.371678,-0.811608,-0.120951,-2.100288,-0.839320,1.581508,1.792368,0.496586,-0.469404,-0.798714,-0.012005,0.876408,-0.001886,0.500889
41.580986,1.121137,-1.036564,-2.297456,-1.712249,1.262917,0.364425,0.443180,0.594061,-0.971193,0.065868,-0.129936,0.559546,0.336829,0.160629,0.372180,-0.812071,-0.121743,-2.100295,-0.838449,1.581505,1.792873,0.498555,-0.467577,-0.794436,-0.010333,0.873645,-0.002830,0.501332
41.581988,1.123501,-1.036443,-2.303500,-1.713169,1.261019,0.363635,0.444985,0.589966,-1.007159,0.036471,-0.112006,0.556746,0.335996,0.160258,0.372674,-0.812541,-0.122520,-2.100307,-0.837579,1.581507,1.793362,0.498160,-0.467206,-0.791176,-0.010696,0.868330,-0.001341,0.499294
41.583094,1.131655,-1.040274,-2.307457,-1.715765,1.259945,0.361682,0.445694,0.565258,-1.094554,-0.060920,-0.073662,0.548887,0.331181,0.159351,0.373664,-0.813471,-0.124074,-2.100324,-0.835838,1.581510,1.794344,0.495251,-0.465955,-0.785623,-0.009489,0.872087,0.001084,0.493937
41.584216,1.137498,-1.039407,-2.307990,-1.714505,1.264318,0.360439,0.446189,0.565258,-1.094554,-0.060920,-0.073662,0.548887,0.331181,0.159351,0.373664,-0.813471,-0.124074,-2.100324,-0.835838,1.581510,1.794344,0.495251,-0.465955,-0.785623,-0.009489,0.872087,0.001084,0.493937
41.584981,1.140141,-1.041394,-2.299346,-1.717524,1.259168,0.360160,0.446247,0.530718,-1.178123,-0.187742,-0.042163,0.539422,0.324024,0.158460,0.374644,-0.814395,-0.125659,-2.100348,-0.834107,1.581516,1.795323,0.492023,-0.464845,-0.786891,-0.009594,0.871799,0.002282,0.492144
41.585970,1.136910,-1.041176,-2.305648,-1.718729,1.257900,0.361118,0.446516,0.514367,-1.214737,-0.249917,-0.029871,0.534698,0.320471,0.158119,0.375138,-0.814863,-0.126431,-2.100359,-0.833228,1.581514,1.795804,0.494448,-0.464879,-0.782912,-0.009427,0.872758,0.001183,0.491365
41.587037,1.130817,-1.046726,-2.312688,-1.719947,1.260872,0.360783,0.446467,0.514367,-1.214737,-0.249917,-0.029871,0.534698,0.320471,0.158119,0.375138,-0.814863,-0.126431,-2.100359,-0.833228,1.581514,1.795804,0.494448,-0.464879,-0.782912,-0.009427,0.872758,0.001183,0.491365
41.587971,1.133743,-1.044192,-2.315071,-1.719626,1.257743,0.360310,0.445592,0.470749,-1.283928,-0.387902,-0.009082,0.523513,0.311624,0.157615,0.376144,-0.815780,-0.127973,-2.100383,-0.831491,1.581520,1.796787,0.497464,-0.463555,-0.776877,-0.010546,0.872772,0.001680,0.492716
41.589025,1.138842,-1.044048,-2.309272,-1.721300,1.259783,0.360139,0.445719,0.442412,-1.315491,-0.463936,0.000286,0.517047,0.306310,0.157408,0.376635,-0.816236,-0.128758,-2.100392,-0.830630,1.581520,1.797279,0.496161,-0.464037,-0.779447,-0.010009,0.871148,0.001694,0.492273
41.589985,1.145318,-1.046593,-2.305350,-1.722027,1.258221,0.361909,0.444749,0.442412,-1.315491,-0.463936,0.000286,0.517047,0.306310,0.157408,0.376635,-0.816236,-0.128758,-2.100392,-0.830630,1.581520,1.797279,0.496161,-0.464037,-0.779447,-0.010009,0.871148,0.001694,0.492273
41.591016,1.152124,-1.045661,-2.307500,-1.725467,1.255651,0.361895,0.445172,0.390858,-1.360166,-0.593826,0.012160,0.505608,0.296781,0.157018,0.377607,-0.817166,-0.130315,-2.100409,-0.828866,1.581517,1.798265,0.491319,-0.463207,-0.778704,-0.008009,0.874809,-0.000336,0.492814
41.591970,1.151124,-1.037400,-2.306767,-1.723288,1.255675,0.361399,0.444983,0.390858,-1.360166,-0.593826,0.012160,0.505608,0.296781,0.157018,0.377607,-0.817166,-0.130315,-2.100409,-0.828866,1.581517,1.798265,0.491319,-0.463207,-0.778704,-0.008009,0.874809,-0.000336,0.492814
41.593060,1.153984,-1.035637,-2.310616,-1.725665,1.254085,0.360805,0.444921,0.370340,-1.369355,-0.644190,0.012204,0.501159,0.292797,0.156836,0.378102,-0.817640,-0.131092,-2.100425,-0.828000,1.581518,1.798761,0.492364,-0.467005,-0.777921,-0.011100,0.874283,0.000023,0.492844
41.594028,1.156487,-1.032079,-2.308801,-1.725673,1.250951,0.361169,0.445490,0.335181,-1.346013,-0.728268,-0.004480,0.494396,0.285407,0.156619,0.379087,-0.818579,-0.132635,-2.100445,-0.826223,1.581517,1.799747,0.491765,-0.469873,-0.776062,-0.010866,0.878965,-0.000045,0.491379
41.594944,1.153356,-1.023928,-2.301421,-1.725939,1.249292,0.363573,0.444699,0.319819,-1.313855,-0.762898,-0.020595,0.492120,0.281952,0.156642,0.379585,-0.819060,-0.133422,-2.100458,-0.825342,1.581511,1.800245,0.493579,-0.473315,-0.778188,-0.011481,0.879681,-0.002570,0.492559
41.596021,1.151249,-1.023825,-2.295806,-1.728341,1.246064,0.362911,0.444373,0.306627,-1.269037,-0.789100,-0.041086,0.490771,0.278967,0.156766,0.380090,-0.819538,-0.134202,-2.100466,-0.824451,1.581510,1.800734,0.495867,-0.473614,-0.780883,-0.010277,0.883295,-0.002027,0.493086
41.597018,1.146619,-1.029156,-2.291768,-1.728999,1.248678,0.362802,0.445767,0.306627,-1.269037,-0.789100,-0.041086,0.490771,0.278967,0.156766,0.380090,-0.819538,-0.134202,-2.100466,-0.824451,1.581510,1.800734,0.495867,-0.473614,-0.780883,-0.010277,0.883295,-0.002027,0.493086
41.597994,1.147470,-1.030572,-2.286616,-1.731774,1.245813,0.362627,0.445084,0.294770,-1.218346,-0.805763,-0.063357,0.490244,0.276493,0.156950,0.380589,-0.820005,-0.134991,-2.100477,-0.823584,1.581509,1.801219,0.498942,-0.470877,-0.781977,-0.010662,0.880512,-0.002059,0.490020
41.598947,1.147789,-1.030387,-2.282970,-1.730419,1.242546,0.360593,0.445910,0.270253,-1.133849,-0.814850,-0.099769,0.490680,0.272850,0.157264,0.381587,-0.820952,-0.136563,-2.100500,-0.821790,1.581509,1.802200,0.499406,-0.469700,-0.784061,-0.011210,0.885351,-0.000108,0.489112
41.600041,1.151916,-1.027070,-2.275660,-1.729946,1.240118,0.359676,0.446494,0.270253,-1.133849,-0.814850,-0.099769,0.490680,0.272850,0.157264,0.381587,-0.820952,-0.136563,-2.100500,-0.821790,1.581509,1.802200,0.499406,-0.469700,-0.784061,-0.011210,0.885351,-0.000108,0.489112
41.601076,1.158892,-1.019018,-2.275523,-1.730745,1.242581,0.359474,0.446551,0.257939,-1.104324,-0.808121,-0.111278,0.491286,0.271875,0.157305,0.382083,-0.821426,-0.137359,-2.100515,-0.820904,1.581512,1.802684,0.498784,-0.471812,-0.787576,-0.012728,0.888331,0.000621,0.487881
41.601975,1.158189,-1.014816,-2.266788,-1.730556,1.244086,0.358322,0.447672,0.247807,-1.076832,-0.792456,-0.120304,0.492130,0.271734,0.157241,0.382581,-0.821912,-0.138140,-2.100529,-0.820020,1.581513,1.803163,0.496309,-0.475804,-0.787109,-0.012931,0.885877,0.000661,0.487625
41.602972,1.155526,-1.011499,-2.265970,-1.730853,1.244300,0.358602,0.446441,0.241522,-1.043902,-0.767968,-0.130676,0.493237,0.272351,0.157110,0.383073,-0.822388,-0.138937,-2.100545,-0.819151,1.581517,1.803646,0.496871,-0.477194,-0.789666,-0.013901,0.883408,0.001669,0.484960
41.604084,1.153572,-1.016443,-2.269355,-1.731251,1.245859,0.359999,0.446029,0.235584,-0.965669,-0.705023,-0.154564,0.495015,0.274547,0.156825,0.384085,-0.823350,-0.140511,-2.100578,-0.817379,1.581513,1.804631,0.501320,-0.476580,-0.787542,-0.015139,0.882072,-0.000315,0.487936
41.605043,1.147619,-1.016327,-2.268503,-1.731133,1.246223,0.362358,0.445114,0.229471,-0.933824,-0.678093,-0.161898,0.494655,0.275236,0.156720,0.384596,-0.823822,-0.141303,-2.100596,-0.816509,1.581507,1.805123,0.504662,-0.476345,-0.786702,-0.016078,0.881257,-0.002790,0.489438
41.606021,1.151259,-1.018809,-2.259276,-1.732882,1.247958,0.363009,0.444213,0.219851,-0.913192,-0.656345,-0.163377,0.493365,0.275586,0.156660,0.385102,-0.824294,-0.142095,-2.100610,-0.815628,1.581502,1.805610,0.503344,-0.474892,-0.790248,-0.015236,0.879110,-0.003531,0.490962
41.606934,1.149905,-1.023149,-2.251126,-1.734316,1.245958,0.363412,0.444509,0.209521,-0.904566,-0.634404,-0.159444,0.491769,0.276049,0.156645,0.385605,-0.824756,-0.142900,-2.100626,-0.814758,1.581499,1.806102,0.504174,-0.472265,-0.792485,-0.014624,0.880288,-0.004045,0.489933
41.607962,1.149667,-1.027139,-2.245736,-1.733143,1.249996,0.360399,0.444818,0.200035,-0.910149,-0.608958,-0.149417,0.490329,0.276956,0.156643,0.386114,-0.825223,-0.143704,-2.100649,-0.813884,1.581499,1.806592,0.505152,-0.470425,-0.794347,-0.016605,0.876305,-0.001146,0.489110
41.609012,1.151832,-1.032065,-2.244925,-1.736428,1.251672,0.358787,0.444504,0.191132,-0.930776,-0.581038,-0.133126,0.489272,0.278252,0.156615,0.386615,-0.825692,-0.144511,-2.100659,-0.813004,1.581502,1.807087,0.505141,-0.468196,-0.794058,-0.014394,0.874884,0.000277,0.489563
41.610064,1.154800,-1.040086,-2.243190,-1.736764,1.248888,0.355509,0.444733,0.191132,-0.930776,-0.581038,-0.133126,0.489272,0.278252,0.156615,0.386615,-0.825692,-0.144511,-2.100659,-0.813004,1.581502,1.807087,0.505141,-0.468196,-0.794058,-0.014394,0.874884,0.000277,0.489563
41.611061,1.162003,-1.041020,-2.241374,-1.737977,1.248402,0.354859,0.444888,0.173585,-1.013408,-0.528138,-0.086567,0.488914,0.280852,0.156428,0.387620,-0.826609,-0.146106,-2.100692,-0.811249,1.581515,1.808060,0.501840,-0.464175,-0.794268,-0.014724,0.878237,0.003824,0.488385
41.612046,1.159316,-1.038669,-2.228607,-1.740859,1.245432,0.354732,0.446090,0.173585,-1.013408,-0.528138,-0.086567,0.488914,0.280852,0.156428,0.387620,-0.826609,-0.146106,-2.100692,-0.811249,1.581515,1.808060,0.501840,-0.464175,-0.794268,-0.014724,0.878237,0.003824,0.488385
41.613073,1.157326,-1.039838,-2.228588,-1.743902,1.240907,0.355663,0.446558,0.167040,-1.066364,-0.503083,-0.060771,0.490075,0.282008,0.156276,0.388124,-0.827077,-0.146914,-2.100701,-0.810356,1.581517,1.808533,0.503842,-0.465257,-0.799467,-0.012902,0.880772,0.003788,0.485749
41.613935,1.154339,-1.044250,-2.224439,-1.746557,1.236058,0.356714,0.446791,0.163772,-1.115204,-0.476330,-0.039349,0.492421,0.282969,0.156107,0.388632,-0.827535,-0.147720,-2.100708,-0.809467,1.581520,1.809024,0.505693,-0.464898,-0.798556,-0.011021,0.885263,0.002684,0.484618
41.615064,1.157356,-1.047913,-2.230255,-1.748363,1.234633,0.358372,0.446934,0.159566,-1.198393,-0.432197,-0.012301,0.498491,0.282801,0.155689,0.389652,-0.828448,-0.149312,-2.100723,-0.807689,1.581511,1.809978,0.506891,-0.461016,-0.795685,-0.008799,0.890849,-0.000265,0.483451
41.616066,1.161420,-1.057335,-2.224898,-1.749444,1.231634,0.361361,0.446376,0.159566,-1.198393,-0.432197,-0.012301,0.498491,0.282801,0.155689,0.389652,-0.828448,-0.149312,-2.100723,-0.807689,1.581511,1.809978,0.506891,-0.461016,-0.795685,-0.008799,0.890849,-0.000265,0.483451
41.617041,1.167858,-1.055498,-2.220207,-1.750603,1.234299,0.360982,0.448254,0.155521,-1.240561,-0.421459,-0.002251,0.500929,0.281512,0.155444,0.390156,-0.828898,-0.150121,-2.100733,-0.806785,1.581503,1.810469,0.505577,-0.456471,-0.797299,-0.008777,0.893435,-0.003364,0.484326
41.618168,1.181670,-1.054973,-2.218112,-1.748049,1.232183,0.360207,0.447712,0.151627,-1.286626,-0.415155,0.008410,0.502756,0.280069,0.155191,0.390651,-0.829359,-0.150921,-2.100742,-0.805890,1.581499,1.810938,0.503002,-0.457362,-0.798412,-0.008669,0.890148,-0.003072,0.480305
41.619093,1.184341,-1.055428,-2.210839,-1.749499,1.236752,0.358295,0.446955,0.151229,-1.332180,-0.407759,0.018991,0.504242,0.279191,0.154954,0.391140,-0.829819,-0.151726,-2.100761,-0.804999,1.581499,1.811422,0.497827,-0.458404,-0.799462,-0.012267,0.893108,-0.002456,0.481427
41.619968,1.183695,-1.045905,-2.208415,-1.749151,1.237433,0.357397,0.447597,0.168499,-1.403004,-0.378788,0.035460,0.506943,0.280439,0.154655,0.392137,-0.830744,-0.153330,-2.100786,-0.803238,1.581503,1.812386,0.497087,-0.461925,-0.800487,-0.012871,0.885677,0.000076,0.480840
41.621076,1.189106,-1.043640,-2.212357,-1.749812,1.236005,0.357363,0.447033,0.184497,-1.418411,-0.361403,0.036592,0.508117,0.281907,0.154595,0.392632,-0.831213,-0.154133,-2.100799,-0.802346,1.581503,1.812874,0.495929,-0.463593,-0.798372,-0.013337,0.887747,-0.000059,0.481937
41.621992,1.191903,-1.040423,-2.202756,-1.748920,1.236267,0.358354,0.447192,0.203651,-1.417596,-0.345718,0.032074,0.509070,0.283528,0.154571,0.393118,-0.831683,-0.154934,-2.100815,-0.801454,1.581503,1.813352,0.494892,-0.464665,-0.801473,-0.015041,0.886409,-0.001193,0.481247
41.623094,1.201724,-1.039327,-2.199681,-1.750985,1.242735,0.360453,0.447201,0.227239,-1.402904,-0.327956,0.023357,0.510179,0.285588,0.154543,0.393604,-0.832147,-0.155742,-2.100827,-0.800591,1.581495,1.813830,0.491591,-0.465808,-0.802761,-0.014082,0.880748,-0.003416,0.481205
41.623960,1.206901,-1.031072,-2.194415,-1.751872,1.245145,0.362099,0.446412,0.257229,-1.373636,-0.304477,0.009549,0.511905,0.288305,0.154473,0.394091,-0.832624,-0.156540,-2.100842,-0.799714,1.581485,1.814317,0.489018,-0.469079,-0.803241,-0.013967,0.877039,-0.005126,0.482323
41.625013,1.209191,-1.032628,-2.190093,-1.753691,1.245218,0.360523,0.446650,0.257229,-1.373636,-0.304477,0.009549,0.511905,0.288305,0.154473,0.394091,-0.832624,-0.156540,-2.100842,-0.799714,1.581485,1.814317,0.489018,-0.469079,-0.803241,-0.013967,0.877039,-0.005126,0.482323
41.625992,1.215829,-1.030617,-2.191062,-1.754122,1.250179,0.360019,0.447573,0.293536,-1.329857,-0.275432,-0.010122,0.514347,0.291583,0.154342,0.394576,-0.833091,-0.157349,-2.100854,-0.798832,1.581484,1.814795,0.489206,-0.468543,-0.804743,-0.013213,0.877241,-0.003659,0.481715
41.626986,1.223462,-1.027714,-2.188609,-1.753893,1.251816,0.360108,0.448026,0.376782,-1.219357,-0.211550,-0.058486,0.520399,0.299066,0.153849,0.395534,-0.834043,-0.158947,-2.100887,-0.797103,1.581476,1.815746,0.483890,-0.470601,-0.803213,-0.014798,0.870292,-0.003500,0.478517
41.627966,1.225797,-1.023313,-2.184704,-1.753538,1.251755,0.359115,0.446284,0.376782,-1.219357,-0.211550,-0.058486,0.520399,0.299066,0.153849,0.395534,-0.834043,-0.158947,-2.100887,-0.797103,1.581476,1.815746,0.483890,-0.470601,-0.803213,-0.014798,0.870292,-0.003500,0.478517
41.628994,1.228967,-1.025903,-2.178147,-1.755350,1.250023,0.357496,0.445363,0.421248,-1.159317,-0.180515,-0.083099,0.523647,0.303239,0.153529,0.396009,-0.834518,-0.159752,-2.100906,-0.796242,1.581477,1.816232,0.483682,-0.472590,-0.803923,-0.015982,0.870191,-0.002641,0.481771
41.630057,1.231185,-1.028628,-2.177316,-1.756069,1.252622,0.355785,0.444688,0.466520,-1.098932,-0.149851,-0.106204,0.526930,0.307742,0.153215,0.396495,-0.834987,-0.160566,-2.100921,-0.795365,1.581480,1.816724,0.483228,-0.471385,-0.806273,-0.015122,0.872016,-0.001183,0.483382
41.631035,1.220656,-1.023043,-2.174581,-1.756519,1.253703,0.354918,0.443680,0.511107,-1.043268,-0.119543,-0.126111,0.530123,0.312437,0.152922,0.396973,-0.835460,-0.161365,-2.100937,-0.794489,1.581484,1.817206,0.483576,-0.470275,-0.806188,-0.015399,0.869751,0.000351,0.484612
41.631958,1.222463,-1.026032,-2.177641,-1.756513,1.250576,0.355431,0.443595,0.552233,-0.995373,-0.092304,-0.141889,0.532928,0.316972,0.152662,0.397474,-0.835936,-0.162173,-2.100953,-0.793626,1.581484,1.817697,0.489508,-0.472860,-0.806257,-0.015835,0.868471,0.001066,0.486340
41.633111,1.224597,-1.024099,-2.174341,-1.758649,1.250932,0.353468,0.442569,0.586427,-0.955743,-0.073089,-0.153241,0.534911,0.320898,0.152436,0.397961,-0.836407,-0.162961,-2.100971,-0.792752,1.581485,1.818184,0.488929,-0.470825,-0.803160,-0.016606,0.870823,0.000402,0.486115
41.634020,1.227844,-1.027517,-2.169715,-1.759268,1.250291,0.353268,0.440694,0.612421,-0.924728,-0.064013,-0.160213,0.535943,0.324011,0.152226,0.398445,-0.836879,-0.163772,-2.100985,-0.791885,1.581491,1.818676,0.489876,-0.472610,-0.805016,-0.015631,0.871698,0.002187,0.488187
41.634971,1.230955,-1.029008,-2.169858,-1.760781,1.245089,0.352636,0.440718,0.645449,-0.886307,-0.064386,-0.164415,0.536302,0.328346,0.151814,0.399412,-0.837817,-0.165372,-2.101017,-0.790113,1.581494,1.819670,0.487660,-0.469254,-0.803982,-0.015151,0.875855,0.002717,0.491062
41.635990,1.235158,-1.034861,-2.173161,-1.761768,1.245666,0.351723,0.440429,0.645449,-0.886307,-0.064386,-0.164415,0.536302,0.328346,0.151814,0.399412,-0.837817,-0.165372,-2.101017,-0.790113,1.581494,1.819670,0.487660,-0.469254,-0.803982,-0.015151,0.875855,0.002717,0.491062
41.636971,1.233451,-1.036280,-2.172253,-1.763636,1.246472,0.350523,0.441182,0.653176,-0.882618,-0.072932,-0.160777,0.535601,0.329597,0.151611,0.399899,-0.838270,-0.166172,-2.101032,-0.789234,1.581501,1.820160,0.486609,-0.466572,-0.801473,-0.015114,0.875200,0.003444,0.491424
41.638005,1.234402,-1.037071,-2.176969,-1.763462,1.243645,0.351528,0.439948,0.647114,-0.909990,-0.115758,-0.142186,0.531540,0.329318,0.151207,0.400879,-0.839197,-0.167752,-2.101061,-0.787500,1.581507,1.821140,0.488867,-0.465627,-0.797884,-0.015359,0.877245,0.003293,0.491921
41.638980,1.234718,-1.039596,-2.172563,-1.764380,1.243770,0.352244,0.438827,0.632605,-0.936587,-0.150851,-0.128608,0.528146,0.327695,0.151032,0.401371,-0.839660,-0.168557,-2.101077,-0.786621,1.581506,1.821641,0.489409,-0.464249,-0.798839,-0.015300,0.876679,0.002443,0.493818
41.640074,1.231578,-1.044542,-2.171173,-1.765615,1.245559,0.352683,0.438920,0.611353,-0.970233,-0.191762,-0.112141,0.524160,0.325385,0.150880,0.401870,-0.840121,-0.169350,-2.101092,-0.785739,1.581506,1.822131,0.492424,-0.462351,-0.799413,-0.015124,0.875478,0.001853,0.493516
41.641018,1.227600,-1.049829,-2.172766,-1.768710,1.244417,0.352001,0.438925,0.583329,-1.011440,-0.237006,-0.093029,0.519803,0.322413,0.150746,0.402366,-0.840571,-0.170143,-2.101103,-0.784865,1.581509,1.822625,0.494844,-0.459569,-0.797171,-0.012976,0.876016,0.002391,0.493139
41.641938,1.227992,-1.054205,-2.170779,-1.769471,1.240754,0.351405,0.438212,0.547972,-1.060858,-0.287865,-0.071764,0.515110,0.318596,0.150646,0.402865,-0.841026,-0.170942,-2.101116,-0.783976,1.581510,1.823130,0.494851,-0.457058,-0.796481,-0.013113,0.878718,0.002844,0.494127
41.643173,1.230951,-1.062870,-2.174894,-1.771834,1.241966,0.350325,0.436397,0.547972,-1.060858,-0.287865,-0.071764,0.515110,0.318596,0.150646,0.402865,-0.841026,-0.170942,-2.101116,-0.783976,1.581510,1.823130,0.494851,-0.457058,-0.796481,-0.013113,0.878718,0.002844,0.494127
41.643999,1.236795,-1.057685,-2.169181,-1.775070,1.237331,0.352005,0.436653,0.505951,-1.118790,-0.343894,-0.048316,0.510178,0.313981,0.150598,0.403359,-0.841478,-0.171727,-2.101127,-0.783090,1.581514,1.823641,0.495818,-0.454201,-0.795595,-0.012091,0.879252,0.003731,0.497846
41.644939,1.238099,-1.054320,-2.166204,-1.773916,1.237807,0.352755,0.434758,0.459948,-1.180314,-0.401982,-0.025224,0.505319,0.308776,0.150580,0.403848,-0.841935,-0.172527,-2.101131,-0.782209,1.581514,1.824130,0.492571,-0.455965,-0.795945,-0.009807,0.882197,0.001904,0.496737
41.646030,1.241154,-1.057922,-2.173028,-1.776495,1.233889,0.353820,0.435624,0.414054,-1.235290,-0.457594,-0.007031,0.500942,0.303329,0.150578,0.404343,-0.842396,-0.173313,-2.101148,-0.781326,1.581516,1.824631,0.492367,-0.457373,-0.796080,-0.011821,0.880942,0.001013,0.500171
41.647027,1.239027,-1.057715,-2.173933,-1.776599,1.236555,0.354622,0.437200,0.369861,-1.279160,-0.509888,0.005208,0.496963,0.297838,0.150599,0.404833,-0.842844,-0.174101,-2.101155,-0.780425,1.581514,1.825125,0.492341,-0.456264,-0.792533,-0.010451,0.885284,-0.000199,0.498272
41.648084,1.239227,-1.054627,-2.182233,-1.777401,1.238403,0.354998,0.436451,0.326064,-1.314030,-0.562332,0.012979,0.492843,0.292124,0.150627,0.405334,-0.843302,-0.174893,-2.101167,-0.779555,1.581512,1.825620,0.494163,-0.456448,-0.791153,-0.011388,0.882415,-0.001134,0.494826
41.648996,1.235441,-1.054750,-2.176522,-1.779060,1.237656,0.356491,0.436547,0.281482,-1.340827,-0.618053,0.017040,0.488138,0.285997,0.150647,0.405827,-0.843771,-0.175665,-2.101179,-0.778673,1.581509,1.826114,0.495285,-0.458294,-0.786771,-0.011642,0.880851,-0.001640,0.496197
41.650009,1.234404,-1.051025,-2.175904,-1.776518,1.241754,0.357321,0.437524,0.236198,-1.358809,-0.677440,0.017291,0.482700,0.279463,0.150662,0.406330,-0.844224,-0.176459,-2.101189,-0.777805,1.581500,1.826611,0.497322,-0.457869,-0.787986,-0.010932,0.880785,-0.003220,0.495554
41.651017,1.237554,-1.045433,-2.168114,-1.777633,1.243990,0.357240,0.436168,0.191585,-1.368913,-0.736836,0.014933,0.476723,0.272935,0.150669,0.406837,-0.844691,-0.177241,-2.101209,-0.776930,1.581492,1.827095,0.498605,-0.459806,-0.787580,-0.014348,0.876597,-0.004141,0.493374
41.651960,1.245544,-1.038534,-2.167846,-1.777127,1.245896,0.354991,0.437051,0.150312,-1.370368,-0.790131,0.010999,0.470738,0.267100,0.150672,0.407331,-0.845157,-0.178041,-2.101222,-0.776066,1.581489,1.827596,0.497897,-0.462643,-0.790555,-0.014196,0.874409,-0.004181,0.495844
41.653034,1.243962,-1.038618,-2.165998,-1.778508,1.245407,0.352971,0.436468,0.115890,-1.358534,-0.832131,0.003554,0.465451,0.262425,0.150709,0.407822,-0.845632,-0.178833,-2.101240,-0.775191,1.581490,1.828092,0.494369,-0.465678,-0.789240,-0.015502,0.871863,-0.002053,0.493661
41.653989,1.254605,-1.039952,-2.161604,-1.778430,1.247436,0.352146,0.435597,0.070991,-1.296612,-0.881145,-0.023476,0.458373,0.256470,0.150928,0.408803,-0.846561,-0.180414,-2.101273,-0.773454,1.581488,1.829084,0.491781,-0.465111,-0.790823,-0.016034,0.870398,0.000498,0.496094
41.655067,1.260314,-1.044764,-2.156602,-1.780210,1.243193,0.350703,0.434429,0.060319,-1.259765,-0.887762,-0.037706,0.457091,0.255182,0.151097,0.409297,-0.847025,-0.181203,-2.101288,-0.772562,1.581494,1.829590,0.490323,-0.463146,-0.793113,-0.015279,0.875062,0.001756,0.498251
41.656003,1.259700,-1.045281,-2.151202,-1.780822,1.239483,0.352093,0.433467,0.060319,-1.259765,-0.887762,-0.037706,0.457091,0.255182,0.151097,0.409297,-0.847025,-0.181203,-2.101288,-0.772562,1.581494,1.829590,0.490323,-0.463146,-0.793113,-0.015279,0.875062,0.001756,0.498251
41.656944,1.259776,-1.047004,-2.141561,-1.784720,1.237583,0.353021,0.434627,0.057279,-1.227614,-0.881636,-0.048832,0.457522,0.255040,0.151296,0.409783,-0.847486,-0.182001,-2.101303,-0.771670,1.581489,1.830088,0.491161,-0.462600,-0.794264,-0.015521,0.877890,0.000234,0.499775
41.658007,1.260893,-1.040904,-2.143680,-1.784285,1.236271,0.354420,0.434047,0.060580,-1.202319,-0.863893,-0.056560,0.459492,0.255812,0.151480,0.410276,-0.847948,-0.182811,-2.101310,-0.770796,1.581488,1.830585,0.491566,-0.461449,-0.797465,-0.012662,0.879132,-0.000820,0.497026
41.659033,1.264601,-1.034487,-2.135360,-1.784677,1.234752,0.356308,0.433969,0.069324,-1.180992,-0.836568,-0.062977,0.462714,0.257215,0.151608,0.410773,-0.848422,-0.183599,-2.101327,-0.769913,1.581483,1.831084,0.492247,-0.464791,-0.796018,-0.014099,0.880757,-0.002348,0.498040
41.659960,1.262410,-1.028768,-2.128100,-1.785727,1.230537,0.356228,0.433560,0.083190,-1.157042,-0.802008,-0.070624,0.466822,0.259133,0.151660,0.411260,-0.848893,-0.184408,-2.101344,-0.769033,1.581474,1.831586,0.491473,-0.468076,-0.799323,-0.014628,0.882294,-0.004336,0.497928
41.661048,1.265813,-1.033553,-2.119823,-1.786038,1.230697,0.355024,0.434486,0.102553,-1.124883,-0.760129,-0.081354,0.471545,0.261678,0.151640,0.411757,-0.849369,-0.185219,-2.101357,-0.768142,1.581472,1.832090,0.492890,-0.470397,-0.801154,-0.014462,0.885590,-0.004355,0.498316
41.661951,1.269760,-1.036302,-2.107371,-1.787096,1.234257,0.352843,0.434145,0.126868,-1.086299,-0.710193,-0.094314,0.476589,0.264957,0.151570,0.412242,-0.849834,-0.186025,-2.101373,-0.767250,1.581473,1.832580,0.492716,-0.468456,-0.804977,-0.015181,0.885831,-0.003305,0.496335
41.662950,1.271399,-1.041592,-2.102635,-1.787299,1.233134,0.349905,0.435107,0.155374,-1.049501,-0.650844,-0.105877,0.481779,0.269159,0.151477,0.412731,-0.850295,-0.186845,-2.101389,-0.766380,1.581475,1.833078,0.490966,-0.466599,-0.809110,-0.014915,0.881285,-0.001256,0.496589
41.664016,1.275853,-1.051390,-2.100127,-1.786683,1.233103,0.347207,0.435879,0.187248,-1.022194,-0.581876,-0.112890,0.487007,0.274338,0.151376,0.413222,-0.850758,-0.187648,-2.101407,-0.765496,1.581479,1.833562,0.491031,-0.463973,-0.810387,-0.015576,0.882219,0.001521,0.494409
41.664940,1.272716,-1.051498,-2.091889,-1.788382,1.235417,0.347143,0.436125,0.219705,-1.011539,-0.507871,-0.112095,0.491856,0.280190,0.151248,0.413709,-0.851206,-0.188463,-2.101425,-0.764621,1.581485,1.834055,0.490169,-0.459632,-0.811001,-0.017153,0.882660,0.004024,0.492713
41.666029,1.272889,-1.054033,-2.086490,-1.790058,1.237090,0.346647,0.434686,0.249997,-1.021003,-0.433819,-0.101902,0.495972,0.286327,0.151105,0.414207,-0.851666,-0.189287,-2.101442,-0.763745,1.581488,1.834549,0.492042,-0.459263,-0.813183,-0.016219,0.879501,0.003915,0.491829
41.667097,1.274798,-1.058727,-2.090483,-1.790111,1.236999,0.346362,0.436196,0.300646,-1.078941,-0.293992,-0.065948,0.502123,0.297990,0.150938,0.415192,-0.852574,-0.190913,-2.101474,-0.761991,1.581498,1.835533,0.493765,-0.456788,-0.812843,-0.016547,0.878973,0.004322,0.491409
41.668018,1.274501,-1.052075,-2.080071,-1.790574,1.239560,0.347065,0.435888,0.300646,-1.078941,-0.293992,-0.065948,0.502123,0.297990,0.150938,0.415192,-0.852574,-0.190913,-2.101474,-0.761991,1.581498,1.835533,0.493765,-0.456788,-0.812843,-0.016547,0.878973,0.004322,0.491409
41.669004,1.277603,-1.053780,-2.081031,-1.790183,1.241303,0.347505,0.433263,0.319451,-1.116934,-0.234095,-0.045163,0.504128,0.302912,0.150900,0.415688,-0.853038,-0.191728,-2.101491,-0.761120,1.581498,1.836016,0.494182,-0.459739,-0.816221,-0.016861,0.875571,0.003474,0.491693
41.670051,1.276995,-1.053862,-2.080642,-1.791041,1.240707,0.348912,0.433423,0.334865,-1.152522,-0.181518,-0.025673,0.505707,0.307193,0.150892,0.416178,-0.853488,-0.192541,-2.101512,-0.760258,1.581497,1.836524,0.493418,-0.458951,-0.814387,-0.018026,0.873706,0.002904,0.496640
41.670965,1.277496,-1.057731,-2.078304,-1.793725,1.241906,0.349646,0.433032,0.354430,-1.210555,-0.104954,0.007398,0.507668,0.313441,0.150947,0.417167,-0.854398,-0.194161,-2.101543,-0.758507,1.581492,1.837511,0.494875,-0.457003,-0.813154,-0.016250,0.872458,0.000503,0.496455
41.672089,1.288238,-1.063325,-2.071171,-1.797173,1.244325,0.349837,0.433842,0.354430,-1.210555,-0.104954,0.007398,0.507668,0.313441,0.150947,0.417167,-0.854398,-0.194161,-2.101543,-0.758507,1.581492,1.837511,0.494875,-0.457003,-0.813154,-0.016250,0.872458,0.000503,0.496455
41.673028,1.285562,-1.068332,-2.064770,-1.797351,1.243562,0.349296,0.433169,0.358800,-1.235113,-0.081130,0.020072,0.508157,0.315243,0.150922,0.417654,-0.854844,-0.194986,-2.101553,-0.757649,1.581492,1.838005,0.491226,-0.455133,-0.816507,-0.014020,0.871130,0.000161,0.494756
41.674031,1.290162,-1.072897,-2.065857,-1.799782,1.241825,0.349082,0.433280,0.362267,-1.259022,-0.060971,0.030132,0.508762,0.316549,0.150832,0.418153,-0.855294,-0.195809,-2.101570,-0.756773,1.581492,1.838505,0.492993,-0.452469,-0.817863,-0.014692,0.871225,0.000569,0.495729
41.674957,1.289705,-1.069322,-2.063261,-1.797490,1.241058,0.348979,0.433361,0.364553,-1.285745,-0.043976,0.039586,0.509350,0.317490,0.150674,0.418641,-0.855744,-0.196613,-2.101582,-0.755896,1.581495,1.838994,0.491594,-0.450398,-0.816246,-0.013240,0.872829,0.000621,0.495248
41.675960,1.290642,-1.061931,-2.054145,-1.800329,1.245087,0.348400,0.432497,0.364517,-1.315478,-0.033355,0.049361,0.509518,0.317968,0.150472,0.419138,-0.856196,-0.197430,-2.101605,-0.755030,1.581492,1.839487,0.492134,-0.451974,-0.815697,-0.016240,0.872890,0.000607,0.494691
41.676980,1.297621,-1.057705,-2.047042,-1.800459,1.243277,0.349344,0.434522,0.363444,-1.340822,-0.028216,0.057031,0.509303,0.318105,0.150272,0.419636,-0.856660,-0.198245,-2.101614,-0.754160,1.581494,1.839979,0.492479,-0.455718,-0.819129,-0.014428,0.868743,0.001030,0.496183
41.678099,1.311665,-1.056192,-2.050029,-1.801005,1.245885,0.348512,0.434606,0.364925,-1.351374,-0.022792,0.057959,0.509233,0.318204,0.150127,0.420120,-0.857118,-0.199069,-2.101631,-0.753298,1.581492,1.840467,0.490055,-0.458030,-0.821536,-0.015243,0.870764,-0.000065,0.491861
41.678965,1.313425,-1.047758,-2.050205,-1.801590,1.244132,0.349060,0.433901,0.384753,-1.315962,-0.003712,0.034516,0.510597,0.318888,0.150089,0.421078,-0.858055,-0.200692,-2.101663,-0.751547,1.581490,1.841454,0.484101,-0.462857,-0.817462,-0.015909,0.869454,-0.000049,0.492589
41.680051,1.314178,-1.048654,-2.058081,-1.801842,1.243141,0.350104,0.433454,0.384753,-1.315962,-0.003712,0.034516,0.510597,0.318888,0.150089,0.421078,-0.858055,-0.200692,-2.101663,-0.751547,1.581490,1.841454,0.484101,-0.462857,-0.817462,-0.015909,0.869454,-0.000049,0.492589
41.680991,1.322337,-1.046599,-2.058214,-1.804454,1.238295,0.350648,0.432019,0.400660,-1.273715,0.000380,0.012061,0.511491,0.318868,0.150223,0.421568,-0.858518,-0.201496,-2.101680,-0.750680,1.581488,1.841950,0.485211,-0.462887,-0.813168,-0.016657,0.871120,-0.001246,0.493350
41.682053,1.325113,-1.047496,-2.060190,-1.804042,1.240097,0.351963,0.433188,0.416685,-1.222380,-0.006643,-0.014472,0.511925,0.318085,0.150442,0.422044,-0.858986,-0.202297,-2.101690,-0.749793,1.581486,1.842444,0.481739,-0.463558,-0.811582,-0.015010,0.875210,-0.001906,0.495866
41.682995,1.326417,-1.040325,-2.054097,-1.805279,1.238172,0.353398,0.432011,0.432455,-1.167439,-0.024555,-0.042961,0.511894,0.316588,0.150702,0.422523,-0.859448,-0.203105,-2.101709,-0.748927,1.581480,1.842932,0.481823,-0.463494,-0.810015,-0.016381,0.873834,-0.003344,0.493338
41.684067,1.334034,-1.042458,-2.053767,-1.805593,1.237335,0.354244,0.430990,0.448835,-1.111162,-0.049472,-0.072026,0.511655,0.314745,0.150960,0.423002,-0.859922,-0.203924,-2.101724,-0.748041,1.581472,1.843434,0.481791,-0.466679,-0.811345,-0.015989,0.875021,-0.004869,0.495335
41.685011,1.330418,-1.043469,-2.054914,-1.805639,1.236192,0.352634,0.430895,0.467083,-1.053846,-0.076492,-0.101116,0.511539,0.313011,0.151206,0.423475,-0.860390,-0.204726,-2.101741,-0.747158,1.581466,1.843931,0.479551,-0.465951,-0.811068,-0.016658,0.876247,-0.005831,0.497215
41.686029,1.335550,-1.036367,-2.056957,-1.807843,1.235583,0.350068,0.430802,0.486704,-0.999870,-0.104155,-0.128098,0.511587,0.311612,0.151428,0.423962,-0.860848,-0.205533,-2.101761,-0.746285,1.581466,1.844430,0.481943,-0.465212,-0.808895,-0.017363,0.876773,-0.004331,0.496998
41.687012,1.343864,-1.037156,-2.054222,-1.806243,1.234806,0.348084,0.432343,0.524591,-0.906341,-0.167705,-0.175794,0.511644,0.309054,0.151703,0.424907,-0.861790,-0.207135,-2.101796,-0.744517,1.581475,1.845413,0.477366,-0.468255,-0.807214,-0.018529,0.877683,-0.000120,0.493552
41.688022,1.345635,-1.039598,-2.055401,-1.807481,1.230151,0.346032,0.431640,0.524591,-0.906341,-0.167705,-0.175794,0.511644,0.309054,0.151703,0.424907,-0.861790,-0.207135,-2.101796,-0.744517,1.581475,1.845413,0.477366,-0.468255,-0.807214,-0.018529,0.877683,-0.000120,0.493552
41.689077,1.358074,-1.038903,-2.056447,-1.808648,1.227793,0.346243,0.432230,0.543556,-0.865903,-0.200888,-0.197007,0.511812,0.307950,0.151747,0.425383,-0.862255,-0.207942,-2.101815,-0.743636,1.581481,1.845911,0.477627,-0.467086,-0.805585,-0.018127,0.882257,0.001747,0.494732
41.690013,1.355162,-1.040216,-2.057190,-1.811015,1.230938,0.346095,0.433099,0.562105,-0.833624,-0.233731,-0.214495,0.511954,0.306985,0.151747,0.425849,-0.862728,-0.208737,-2.101831,-0.742744,1.581483,1.846398,0.472910,-0.467670,-0.804586,-0.017926,0.884747,0.001353,0.493380
41.691046,1.358072,-1.045962,-2.064248,-1.810078,1.227412,0.346209,0.433065,0.580069,-0.808379,-0.266238,-0.229534,0.511933,0.305963,0.151728,0.426322,-0.863187,-0.209536,-2.101844,-0.741875,1.581486,1.846884,0.475094,-0.466715,-0.802646,-0.016455,0.880893,0.001351,0.491282
41.692023,1.356253,-1.051608,-2.062505,-1.811135,1.228500,0.347235,0.434340,0.595085,-0.792570,-0.301176,-0.241160,0.511299,0.304584,0.151698,0.426798,-0.863648,-0.210331,-2.101867,-0.740983,1.581487,1.847378,0.474889,-0.464067,-0.798421,-0.018221,0.884459,0.001080,0.491159
41.692976,1.357616,-1.054489,-2.062896,-1.811465,1.231131,0.350137,0.433785,0.603755,-0.792625,-0.341764,-0.245587,0.509451,0.302695,0.151666,0.427275,-0.864106,-0.211122,-2.101884,-0.740095,1.581484,1.847858,0.476706,-0.461201,-0.798222,-0.018002,0.882840,-0.000078,0.488328
41.694133,1.354930,-1.058980,-2.059037,-1.812251,1.236099,0.349458,0.435499,0.599678,-0.845941,-0.432844,-0.228040,0.501920,0.298227,0.151553,0.428245,-0.865014,-0.212712,-2.101922,-0.738362,1.581476,1.848822,0.480021,-0.458435,-0.799009,-0.018708,0.876044,-0.002545,0.485744
41.695026,1.351911,-1.060468,-2.052800,-1.810086,1.236884,0.347045,0.435540,0.588231,-0.893726,-0.475400,-0.207699,0.496883,0.296295,0.151415,0.428725,-0.865462,-0.213516,-2.101951,-0.737497,1.581481,1.849306,0.481792,-0.457303,-0.800120,-0.021358,0.874303,-0.000271,0.485279
41.695979,1.356204,-1.060899,-2.052932,-1.809857,1.241081,0.344702,0.435557,0.588231,-0.893726,-0.475400,-0.207699,0.496883,0.296295,0.151415,0.428725,-0.865462,-0.213516,-2.101951,-0.737497,1.581481,1.849306,0.481792,-0.457303,-0.800120,-0.021358,0.874303,-0.000271,0.485279
41.697018,1.355360,-1.056228,-2.050303,-1.809700,1.238640,0.341446,0.436252,0.571309,-0.951572,-0.512778,-0.180570,0.491519,0.294847,0.151219,0.429206,-0.865922,-0.214317,-2.101976,-0.736632,1.581485,1.849793,0.480301,-0.456891,-0.798603,-0.022209,0.869631,0.001908,0.484923
41.698108,1.364269,-1.062620,-2.047690,-1.810498,1.238805,0.339858,0.435649,0.550046,-1.012546,-0.545712,-0.149969,0.486237,0.293722,0.151006,0.429684,-0.866388,-0.215113,-2.102000,-0.735745,1.581496,1.850271,0.482047,-0.459467,-0.799296,-0.023135,0.872202,0.004957,0.483379
41.699055,1.365841,-1.063452,-2.044829,-1.813410,1.232592,0.339882,0.434892,0.500606,-1.122351,-0.596112,-0.090759,0.477798,0.291718,0.150683,0.430645,-0.867292,-0.216709,-2.102037,-0.733988,1.581508,1.851241,0.479031,-0.456365,-0.800357,-0.021146,0.878225,0.006124,0.485721
41.700199,1.365966,-1.070190,-2.047717,-1.815055,1.231187,0.342207,0.434729,0.500606,-1.122351,-0.596112,-0.090759,0.477798,0.291718,0.150683,0.430645,-0.867292,-0.216709,-2.102037,-0.733988,1.581508,1.851241,0.479031,-0.456365,-0.800357,-0.021146,0.878225,0.006124,0.485721
41.701018,1.363507,-1.071891,-2.042902,-1.817271,1.226759,0.344542,0.433004,0.473665,-1.170533,-0.614412,-0.064591,0.475069,0.290358,0.150623,0.431126,-0.867734,-0.217508,-2.102059,-0.733098,1.581507,1.851728,0.480956,-0.454059,-0.799122,-0.020482,0.880537,0.003614,0.486041
41.702131,1.355023,-1.075623,-2.047134,-1.821052,1.222945,0.347015,0.434610,0.443717,-1.216527,-0.632067,-0.040656,0.473024,0.288333,0.150653,0.431615,-0.868185,-0.218316,-2.102076,-0.732215,1.581505,1.852224,0.481853,-0.452388,-0.798882,-0.018916,0.883188,0.001175,0.488931
41.703042,1.352868,-1.073954,-2.044366,-1.821061,1.220685,0.348754,0.433971,0.369242,-1.304333,-0.677400,-0.000772,0.469179,0.281317,0.150895,0.432606,-0.869083,-0.219905,-2.102107,-0.730442,1.581494,1.853190,0.488980,-0.451904,-0.796443,-0.017023,0.888920,-0.003258,0.486566
41.704035,1.349809,-1.068597,-2.042135,-1.820363,1.220079,0.349936,0.433585,0.324856,-1.341423,-0.706772,0.013780,0.466672,0.276517,0.151002,0.433108,-0.869542,-0.220710,-2.102128,-0.729547,1.581489,1.853680,0.491218,-0.454639,-0.796418,-0.018509,0.889104,-0.004549,0.487066
41.704983,1.351783,-1.064767,-2.033342,-1.820278,1.218373,0.348557,0.433138,0.324856,-1.341423,-0.706772,0.013780,0.466672,0.276517,0.151002,0.433108,-0.869542,-0.220710,-2.102128,-0.729547,1.581489,1.853680,0.491218,-0.454639,-0.796418,-0.018509,0.889104,-0.004549,0.487066
41.706061,1.356886,-1.063429,-2.035490,-1.819570,1.216008,0.346175,0.434738,0.279414,-1.367907,-0.735487,0.023826,0.463898,0.271660,0.151063,0.433595,-0.869999,-0.221513,-2.102150,-0.728651,1.581486,1.854164,0.490763,-0.456363,-0.799337,-0.019293,0.890006,-0.003264,0.487640
41.707105,1.353436,-1.063780,-2.030154,-1.818773,1.217167,0.344416,0.435046,0.195802,-1.384095,-0.777727,0.030236,0.458325,0.263525,0.150976,0.434589,-0.870922,-0.223119,-2.102202,-0.726866,1.581491,1.855123,0.492403,-0.457619,-0.799863,-0.022314,0.891596,0.000546,0.483596
41.708133,1.355790,-1.062589,-2.031149,-1.818914,1.216735,0.341961,0.433850,0.195802,-1.384095,-0.777727,0.030236,0.458325,0.263525,0.150976,0.434589,-0.870922,-0.223119,-2.102202,-0.726866,1.581491,1.855123,0.492403,-0.457619,-0.799863,-0.022314,0.891596,0.000546,0.483596
41.708946,1.357798,-1.057348,-2.018686,-1.820146,1.212933,0.342802,0.432307,0.158097,-1.380166,-0.791664,0.030019,0.455539,0.260376,0.150864,0.435081,-0.871380,-0.223921,-2.102228,-0.725979,1.581501,1.855612,0.492252,-0.458467,-0.798525,-0.022885,0.892016,0.002799,0.485812
41.710004,1.349798,-1.055421,-2.015208,-1.821518,1.212744,0.343971,0.431572,0.124094,-1.369784,-0.800467,0.027702,0.452959,0.257719,0.150765,0.435574,-0.871846,-0.224742,-2.102248,-0.725080,1.581501,1.856112,0.490821,-0.460042,-0.801939,-0.022206,0.893832,0.001806,0.488291
41.711032,1.356813,-1.059966,-2.011351,-1.823130,1.213056,0.346058,0.431948,0.072002,-1.326305,-0.796165,0.012215,0.449367,0.253584,0.150719,0.436563,-0.872766,-0.226360,-2.102287,-0.723294,1.581493,1.857091,0.493547,-0.459316,-0.804065,-0.020992,0.893770,-0.001713,0.488612
41.712082,1.355913,-1.061987,-2.016141,-1.823898,1.216313,0.346615,0.432259,0.072002,-1.326305,-0.796165,0.012215,0.449367,0.253584,0.150719,0.436563,-0.872766,-0.226360,-2.102287,-0.723294,1.581493,1.857091,0.493547,-0.459316,-0.804065,-0.020992,0.893770,-0.001713,0.488612
41.713073,1.351778,-1.066695,-2.012484,-1.822951,1.218580,0.347063,0.431709,0.052912,-1.301580,-0.785903,0.001886,0.448162,0.251891,0.150779,0.437066,-0.873228,-0.227151,-2.102307,-0.722404,1.581488,1.857575,0.495103,-0.458643,-0.801147,-0.021119,0.890612,-0.002377,0.487848
41.713999,1.353769,-1.063263,-2.006875,-1.821332,1.219705,0.348282,0.430933,0.036221,-1.283663,-0.775755,-0.006093,0.446873,0.250306,0.150872,0.437567,-0.873676,-0.227961,-2.102334,-0.721535,1.581481,1.858072,0.497873,-0.456425,-0.801793,-0.022717,0.888177,-0.002927,0.488666
41.715034,1.363091,-1.054531,-1.997061,-1.821085,1.225244,0.347626,0.430092,0.010298,-1.273833,-0.753926,-0.007891,0.444004,0.248667,0.151141,0.438549,-0.874618,-0.229584,-2.102391,-0.719770,1.581471,1.859054,0.493647,-0.462230,-0.806887,-0.025740,0.880703,-0.003703,0.491322
41.716022,1.372033,-1.052865,-1.988241,-1.820815,1.224741,0.345585,0.430404,0.010298,-1.273833,-0.753926,-0.007891,0.444004,0.248667,0.151141,0.438549,-0.874618,-0.229584,-2.102391,-0.719770,1.581471,1.859054,0.493647,-0.462230,-0.806887,-0.025740,0.880703,-0.003703,0.491322
41.716986,1.365789,-1.045067,-1.984252,-1.819828,1.226158,0.344204,0.429855,0.009872,-1.265101,-0.729841,-0.008485,0.443739,0.249674,0.151327,0.439036,-0.875079,-0.230403,-2.102420,-0.718904,1.581474,1.859546,0.490014,-0.463018,-0.809936,-0.026610,0.881104,-0.001805,0.490391
41.718004,1.372471,-1.045223,-1.982837,-1.820823,1.226183,0.343575,0.430014,0.020679,-1.246413,-0.693310,-0.012494,0.444726,0.252065,0.151531,0.439541,-0.875553,-0.231221,-2.102452,-0.718027,1.581472,1.860041,0.493672,-0.466638,-0.810370,-0.028090,0.879181,-0.000561,0.491168
41.719153,1.376635,-1.049718,-1.978586,-1.824720,1.225968,0.342820,0.428728,0.064301,-1.185675,-0.603165,-0.029916,0.449108,0.259011,0.151845,0.440517,-0.876478,-0.232845,-2.102499,-0.716264,1.581473,1.861029,0.491166,-0.465272,-0.812321,-0.024828,0.880412,0.000501,0.493183
41.720011,1.373311,-1.056475,-1.969405,-1.822739,1.222183,0.342370,0.428255,0.064301,-1.185675,-0.603165,-0.029916,0.449108,0.259011,0.151845,0.440517,-0.876478,-0.232845,-2.102499,-0.716264,1.581473,1.861029,0.491166,-0.465272,-0.812321,-0.024828,0.880412,0.000501,0.493183
41.721003,1.380713,-1.060995,-1.966458,-1.826017,1.225311,0.342812,0.428658,0.092400,-1.155525,-0.554879,-0.040126,0.452084,0.262868,0.151862,0.441012,-0.876932,-0.233655,-2.102530,-0.715375,1.581473,1.861519,0.492704,-0.461211,-0.814547,-0.027231,0.882689,0.000820,0.493614
41.721933,1.385707,-1.063634,-1.962899,-1.826453,1.223594,0.342130,0.429617,0.121396,-1.137829,-0.505708,-0.045615,0.455269,0.266937,0.151740,0.441493,-0.877385,-0.234472,-2.102551,-0.714510,1.581473,1.862011,0.489893,-0.459076,-0.814701,-0.024676,0.879382,0.000231,0.492514
41.722985,1.387992,-1.070951,-1.962186,-1.824223,1.224164,0.342152,0.427352,0.150755,-1.134178,-0.457116,-0.046126,0.458549,0.271105,0.151488,0.441981,-0.877840,-0.235292,-2.102577,-0.713621,1.581475,1.862501,0.487844,-0.457503,-0.814625,-0.024858,0.880261,0.000775,0.490210
41.723913,1.393874,-1.069472,-1.964693,-1.825674,1.224348,0.341638,0.426716,0.179629,-1.144533,-0.411289,-0.041253,0.461733,0.275287,0.151162,0.442464,-0.878293,-0.236099,-2.102610,-0.712735,1.581476,1.863001,0.488043,-0.454260,-0.814321,-0.027681,0.879857,0.000589,0.494601
41.725080,1.400738,-1.069451,-1.964661,-1.826556,1.224405,0.342216,0.425952,0.206205,-1.169060,-0.371564,-0.029686,0.464506,0.279383,0.150833,0.442946,-0.878743,-0.236906,-2.102636,-0.711867,1.581477,1.863500,0.485582,-0.454821,-0.811324,-0.026784,0.878971,0.000965,0.495424
41.725941,1.402602,-1.066347,-1.955556,-1.826548,1.226381,0.343071,0.425802,0.230747,-1.200134,-0.340015,-0.015255,0.466825,0.283109,0.150549,0.443427,-0.879201,-0.237712,-2.102663,-0.710986,1.581475,1.864006,0.484272,-0.455867,-0.811717,-0.026765,0.880158,0.000222,0.496925
41.726977,1.401270,-1.064569,-1.945118,-1.829455,1.223683,0.343666,0.424484,0.255243,-1.228395,-0.314066,-0.002526,0.469014,0.286460,0.150344,0.443903,-0.879654,-0.238531,-2.102691,-0.710119,1.581476,1.864498,0.483459,-0.456786,-0.813836,-0.027230,0.876871,-0.000764,0.496707
41.728035,1.403360,-1.069961,-1.947245,-1.830342,1.224741,0.342880,0.423391,0.281439,-1.248137,-0.288127,0.005998,0.471530,0.289672,0.150249,0.444394,-0.880115,-0.239364,-2.102713,-0.709237,1.581475,1.865005,0.485277,-0.457939,-0.817981,-0.025122,0.879720,-0.001505,0.499108
41.728990,1.398913,-1.075578,-1.938949,-1.830769,1.225983,0.342875,0.423763,0.308872,-1.258593,-0.260304,0.009472,0.474507,0.292705,0.150258,0.444884,-0.880568,-0.240170,-2.102739,-0.708350,1.581476,1.865504,0.485495,-0.455677,-0.816257,-0.025003,0.878861,-0.000865,0.501097
41.729911,1.401498,-1.083113,-1.932134,-1.831570,1.222987,0.342505,0.424862,0.334612,-1.266476,-0.233333,0.010941,0.477688,0.295395,0.150290,0.445374,-0.881010,-0.240994,-2.102765,-0.707481,1.581476,1.866012,0.488318,-0.452899,-0.818750,-0.025196,0.877123,-0.001000,0.499918
41.731078,1.419240,-1.083734,-1.928480,-1.832610,1.224115,0.341766,0.424834,0.356293,-1.280639,-0.208148,0.014980,0.480892,0.297842,0.150248,0.445859,-0.881455,-0.241809,-2.102790,-0.706598,1.581476,1.866498,0.487410,-0.448928,-0.820279,-0.024972,0.879255,-0.000760,0.497335
41.731974,1.421593,-1.083118,-1.927781,-1.832820,1.223799,0.339888,0.425419,0.375354,-1.302406,-0.182153,0.022195,0.484307,0.300334,0.150090,0.446322,-0.881902,-0.242636,-2.102815,-0.705724,1.581477,1.866995,0.480818,-0.449815,-0.822196,-0.024849,0.879409,-0.000196,0.497420
41.732984,1.435256,-1.073774,-1.925518,-1.833018,1.224548,0.338434,0.425864,0.394909,-1.325271,-0.154127,0.029174,0.488137,0.302965,0.149824,0.446803,-0.882353,-0.243458,-2.102842,-0.704844,1.581482,1.867488,0.479995,-0.449705,-0.820340,-0.025167,0.878620,0.001535,0.495788
41.734022,1.440760,-1.065743,-1.933746,-1.832157,1.222158,0.338919,0.427956,0.416694,-1.340464,-0.125930,0.031639,0.492282,0.305524,0.149474,0.447265,-0.882822,-0.244272,-2.102867,-0.703960,1.581485,1.867978,0.474402,-0.454439,-0.820389,-0.025667,0.877715,0.002819,0.494664
41.735016,1.442206,-1.062090,-1.927404,-1.834024,1.226121,0.339663,0.426491,0.441682,-1.338372,-0.100812,0.025444,0.496435,0.307719,0.149072,0.447739,-0.883287,-0.245078,-2.102898,-0.703080,1.581489,1.868463,0.473031,-0.458677,-0.815454,-0.027151,0.880267,0.002145,0.490277
41.735929,1.437226,-1.048828,-1.925356,-1.835026,1.224990,0.341859,0.427436,0.469339,-1.314445,-0.081714,0.008896,0.500210,0.309273,0.148688,0.448217,-0.883754,-0.245902,-2.102921,-0.702210,1.581488,1.868964,0.473310,-0.460421,-0.817333,-0.025988,0.876083,0.001259,0.492969
41.736927,1.434007,-1.046779,-1.920348,-1.834747,1.226874,0.345601,0.427675,0.498518,-1.268266,-0.068260,-0.018222,0.503425,0.310046,0.148413,0.448695,-0.884229,-0.246708,-2.102946,-0.701324,1.581481,1.869445,0.476266,-0.466498,-0.816498,-0.025590,0.876244,-0.001041,0.490663
41.737950,1.432687,-1.050397,-1.921028,-1.833624,1.228155,0.346802,0.428014,0.527895,-1.201213,-0.058989,-0.054751,0.505963,0.310118,0.148289,0.449177,-0.884702,-0.247528,-2.102975,-0.700462,1.581470,1.869935,0.478840,-0.467373,-0.817734,-0.026461,0.874303,-0.004876,0.489945
41.738945,1.428465,-1.053963,-1.922035,-1.835274,1.229924,0.345797,0.427857,0.554668,-1.123985,-0.054044,-0.094268,0.507562,0.309824,0.148280,0.449664,-0.885168,-0.248333,-2.103006,-0.699592,1.581461,1.870417,0.480573,-0.465659,-0.816496,-0.028183,0.873125,-0.006145,0.489079
41.739917,1.430923,-1.054623,-1.926096,-1.835191,1.232142,0.343177,0.428315,0.575336,-1.051547,-0.055638,-0.129276,0.507930,0.309371,0.148324,0.450150,-0.885628,-0.249144,-2.103030,-0.698732,1.581457,1.870909,0.483596,-0.463921,-0.814793,-0.027216,0.871311,-0.005237,0.489129
41.740923,1.435302,-1.055459,-1.921768,-1.833806,1.233388,0.340834,0.429449,0.587584,-0.992146,-0.067317,-0.156932,0.506925,0.308618,0.148362,0.450636,-0.886094,-0.249952,-2.103060,-0.697862,1.581459,1.871399,0.483083,-0.463432,-0.811386,-0.027855,0.868743,-0.002754,0.487902
41.741912,1.440317,-1.053569,-1.916739,-1.831330,1.232392,0.335977,0.432259,0.591961,-0.947519,-0.089048,-0.176928,0.504833,0.307631,0.148343,0.451112,-0.886564,-0.250759,-2.103095,-0.696993,1.581462,1.871873,0.481971,-0.463001,-0.812539,-0.029726,0.867470,-0.000581,0.485440
41.742906,1.450216,-1.043180,-1.917678,-1.832675,1.237225,0.333568,0.433281,0.591213,-0.916540,-0.115580,-0.188861,0.502322,0.306871,0.148230,0.451590,-0.887027,-0.251576,-2.103133,-0.696132,1.581475,1.872344,0.480414,-0.463920,-0.813742,-0.032572,0.868382,0.004083,0.479586
41.743905,1.450019,-1.039143,-1.923398,-1.834734,1.229664,0.332084,0.432742,0.589226,-0.891802,-0.141746,-0.195890,0.500154,0.306535,0.148033,0.452062,-0.887506,-0.252375,-2.103163,-0.695269,1.581486,1.872815,0.476504,-0.468960,-0.812188,-0.031765,0.863407,0.006256,0.477391
41.744962,1.449053,-1.040466,-1.927809,-1.835346,1.227912,0.332340,0.432705,0.588489,-0.862046,-0.168375,-0.204890,0.498672,0.306072,0.147821,0.452538,-0.887978,-0.253175,-2.103192,-0.694381,1.581497,1.873298,0.477704,-0.470878,-0.808282,-0.030313,0.870814,0.007522,0.478274
41.746042,1.449766,-1.044879,-1.932624,-1.837215,1.226707,0.336100,0.433986,0.587083,-0.825528,-0.201110,-0.218161,0.497518,0.304666,0.147665,0.453026,-0.888448,-0.253976,-2.103223,-0.693512,1.581504,1.873777,0.479492,-0.470446,-0.805533,-0.030325,0.872905,0.007056,0.478224
41.747022,1.448356,-1.044280,-1.929899,-1.840241,1.225359,0.341618,0.435701,0.581518,-0.790146,-0.243847,-0.232163,0.496210,0.301966,0.147581,0.453515,-0.888918,-0.254766,-2.103252,-0.692633,1.581499,1.874242,0.480567,-0.468625,-0.802924,-0.029148,0.874602,0.003134,0.475616
41.747918,1.444753,-1.050084,-1.924968,-1.840928,1.218458,0.345057,0.433299,0.570729,-0.761588,-0.295395,-0.244399,0.494606,0.298108,0.147562,0.453997,-0.889384,-0.255571,-2.103275,-0.691765,1.581486,1.874713,0.482126,-0.468828,-0.803066,-0.026831,0.875694,-0.002463,0.471965
41.749023,1.449228,-1.056334,-1.926865,-1.840714,1.220292,0.346880,0.431976,0.555092,-0.742732,-0.351339,-0.253662,0.492678,0.293530,0.147596,0.454488,-0.889846,-0.256368,-2.103302,-0.690873,1.581475,1.875192,0.484103,-0.465355,-0.803661,-0.026699,0.881428,-0.005948,0.476459
41.750015,1.453949,-1.060088,-1.932248,-1.840498,1.221031,0.344396,0.432220,0.534465,-0.739055,-0.407956,-0.256688,0.490252,0.288864,0.147644,0.454964,-0.890300,-0.257167,-2.103333,-0.689991,1.581464,1.875680,0.483596,-0.462961,-0.802578,-0.027614,0.880202,-0.007847,0.479019
41.750920,1.455454,-1.057963,-1.928113,-1.839926,1.221348,0.340150,0.432274,0.508811,-0.754094,-0.464906,-0.251193,0.487059,0.284525,0.147633,0.455447,-0.890756,-0.257964,-2.103362,-0.689116,1.581465,1.876162,0.482150,-0.461162,-0.798811,-0.028416,0.879254,-0.005470,0.478262
41.752038,1.472795,-1.061436,-1.931461,-1.837784,1.224541,0.336519,0.432172,0.479239,-0.784776,-0.522487,-0.238688,0.482992,0.280584,0.147520,0.455933,-0.891221,-0.258754,-2.103394,-0.688236,1.581473,1.876644,0.481703,-0.461721,-0.799212,-0.029387,0.877916,-0.001385,0.477774
41.752932,1.469484,-1.064008,-1.919486,-1.836882,1.223299,0.334234,0.431140,0.448630,-0.824924,-0.577791,-0.221847,0.478351,0.277175,0.147327,0.456391,-0.891675,-0.259550,-2.103433,-0.687376,1.581485,1.877121,0.475027,-0.460770,-0.797548,-0.032074,0.875723,0.002006,0.477982
41.753930,1.472566,-1.065773,-1.921171,-1.834528,1.225478,0.334842,0.430581,0.419955,-0.871330,-0.625729,-0.201294,0.473673,0.274585,0.147098,0.456874,-0.892128,-0.260361,-2.103469,-0.686496,1.581496,1.877605,0.477027,-0.459034,-0.801535,-0.033243,0.875871,0.004084,0.479649
41.754939,1.465974,-1.073184,-1.920301,-1.837112,1.223209,0.336800,0.431375,0.393575,-0.924304,-0.663200,-0.175792,0.469297,0.272910,0.146850,0.457343,-0.892587,-0.261148,-2.103510,-0.685615,1.581498,1.878085,0.476585,-0.458226,-0.799764,-0.035937,0.873451,0.003290,0.480542
41.756001,1.462019,-1.078948,-1.925793,-1.840007,1.223176,0.339033,0.431310,0.367450,-0.984904,-0.692496,-0.144705,0.465138,0.271795,0.146585,0.457835,-0.893032,-0.261943,-2.103539,-0.684748,1.581495,1.878563,0.480854,-0.454785,-0.799320,-0.033910,0.875766,0.001188,0.478734
41.756962,1.462042,-1.081376,-1.923229,-1.840110,1.229081,0.342559,0.432584,0.338671,-1.053788,-0.719326,-0.109481,0.460867,0.270513,0.146303,0.458330,-0.893482,-0.262724,-2.103567,-0.683866,1.581491,1.879037,0.484066,-0.452451,-0.796283,-0.031725,0.876095,-0.001174,0.478798
41.757908,1.462670,-1.084879,-1.923643,-1.841516,1.223410,0.344312,0.432508,0.306173,-1.129069,-0.746956,-0.072552,0.456395,0.268651,0.146001,0.458813,-0.893929,-0.263521,-2.103599,-0.683008,1.581480,1.879511,0.484732,-0.451261,-0.796281,-0.032125,0.869812,-0.004785,0.475966
41.758999,1.465837,-1.086970,-1.913138,-1.840608,1.226839,0.342820,0.432332,0.271342,-1.207166,-0.774752,-0.035592,0.451929,0.266410,0.145667,0.459302,-0.894376,-0.264321,-2.103627,-0.682124,1.581470,1.879986,0.484951,-0.449418,-0.794567,-0.031264,0.874889,-0.006596,0.475855
41.760030,1.466279,-1.081600,-1.910184,-1.839769,1.232386,0.340520,0.434305,0.236545,-1.284693,-0.798819,0.000383,0.447801,0.264305,0.145299,0.459783,-0.894828,-0.265123,-2.103664,-0.681249,1.581465,1.880457,0.484972,-0.449061,-0.799628,-0.032713,0.872013,-0.005200,0.476190
41.760927,1.461855,-1.077919,-1.901437,-1.840444,1.230400,0.337879,0.433463,0.204887,-1.355900,-0.813066,0.033626,0.444491,0.262936,0.144933,0.460270,-0.895282,-0.265932,-2.103700,-0.680396,1.581463,1.880925,0.485893,-0.452093,-0.800213,-0.034029,0.866785,-0.003030,0.472086
41.762044,1.470986,-1.079341,-1.905885,-1.840328,1.228985,0.333380,0.434568,0.178291,-1.413376,-0.814855,0.061112,0.442233,0.262476,0.144627,0.460766,-0.895739,-0.266734,-2.103733,-0.679528,1.581468,1.881396,0.488234,-0.453444,-0.802672,-0.033703,0.867862,-0.000545,0.473467
41.762997,1.470462,-1.077466,-1.898084,-1.838448,1.227157,0.333250,0.433984,0.156623,-1.454111,-0.806787,0.080871,0.440828,0.262613,0.144404,0.461245,-0.896187,-0.267537,-2.103772,-0.678662,1.581478,1.881865,0.485434,-0.453582,-0.800348,-0.034356,0.870232,0.003751,0.471251
41.763941,1.468260,-1.071880,-1.888671,-1.837318,1.227005,0.333847,0.432782,0.139230,-1.480354,-0.792245,0.093991,0.439993,0.263114,0.144250,0.461735,-0.896643,-0.268351,-2.103813,-0.677790,1.581481,1.882343,0.486302,-0.454378,-0.802703,-0.036487,0.871536,0.003679,0.472166
41.764924,1.466819,-1.064648,-1.880293,-1.839653,1.225779,0.334969,0.433491,0.125951,-1.494252,-0.770839,0.102741,0.439663,0.264090,0.144160,0.462228,-0.897108,-0.269163,-2.103853,-0.676915,1.581489,1.882814,0.487877,-0.456881,-0.805768,-0.037873,0.871026,0.002895,0.474304
41.766047,1.466224,-1.066599,-1.878839,-1.839787,1.227143,0.335513,0.433332,0.117598,-1.493198,-0.739990,0.106249,0.439965,0.265572,0.144147,0.462717,-0.897574,-0.269983,-2.103885,-0.676048,1.581490,1.883290,0.489376,-0.460408,-0.808551,-0.036024,0.872053,0.001616,0.472622
41.766983,1.467672,-1.066779,-1.879839,-1.838636,1.224845,0.337335,0.433546,0.114215,-1.475430,-0.700209,0.102644,0.440867,0.267281,0.144223,0.463216,-0.898039,-0.270806,-2.103920,-0.675174,1.581491,1.883769,0.491289,-0.460082,-0.809009,-0.036516,0.871591,0.000912,0.472957
41.768013,1.466790,-1.064009,-1.882720,-1.839956,1.226395,0.338528,0.433015,0.113387,-1.447424,-0.656604,0.094640,0.441972,0.268951,0.144384,0.463703,-0.898495,-0.271605,-2.103960,-0.674292,1.581484,1.884236,0.491030,-0.459754,-0.806937,-0.037941,0.873141,-0.001016,0.472250
41.768952,1.467563,-1.061521,-1.868469,-1.838305,1.223352,0.337714,0.432615,0.112401,-1.415961,-0.616221,0.085366,0.442784,0.270330,0.144624,0.464201,-0.898962,-0.272416,-2.103996,-0.673429,1.581479,1.884711,0.492487,-0.461319,-0.804606,-0.037080,0.871800,-0.002322,0.473187
41.769941,1.476426,-1.062992,-1.866645,-1.838784,1.222821,0.337062,0.433166,0.111069,-1.382259,-0.580462,0.075156,0.443299,0.271417,0.144939,0.464697,-0.899431,-0.273230,-2.104038,-0.672551,1.581477,1.885183,0.492488,-0.462160,-0.810085,-0.038970,0.874172,-0.001611,0.473692
41.770983,1.473430,-1.063119,-1.859610,-1.837825,1.224748,0.336731,0.432681,0.111408,-1.347321,-0.544816,0.064662,0.443963,0.272635,0.145301,0.465175,-0.899886,-0.274049,-2.104076,-0.671685,1.581476,1.885658,0.488981,-0.461476,-0.809603,-0.038836,0.874527,-0.001099,0.472361
41.771968,1.474619,-1.063699,-1.861361,-1.837528,1.223142,0.335132,0.432851,0.114437,-1.313951,-0.507374,0.055144,0.445065,0.274238,0.145683,0.465672,-0.900350,-0.274875,-2.104118,-0.670807,1.581477,1.886133,0.491622,-0.461674,-0.812181,-0.040148,0.872757,-0.000926,0.473228
41.772942,1.474103,-1.067355,-1.851082,-1.836562,1.221329,0.333844,0.435039,0.118668,-1.285347,-0.470716,0.047954,0.446515,0.276107,0.146069,0.466162,-0.900817,-0.275682,-2.104159,-0.669927,1.581479,1.886600,0.491792,-0.461284,-0.810030,-0.040736,0.874064,0.000529,0.472684
41.773903,1.471689,-1.063259,-1.847127,-1.837993,1.221569,0.332558,0.434563,0.122334,-1.265043,-0.437387,0.044711,0.448184,0.278086,0.146422,0.466659,-0.901271,-0.276505,-2.104204,-0.669054,1.581483,1.887064,0.492671,-0.459427,-0.813693,-0.041894,0.875521,0.001650,0.468075
41.775017,1.475564,-1.058978,-1.840174,-1.839990,1.217673,0.332652,0.434911,0.125270,-1.253505,-0.406864,0.045235,0.450202,0.280090,0.146702,0.467156,-0.901737,-0.277317,-2.104242,-0.668159,1.581486,1.887529,0.494429,-0.461292,-0.814153,-0.040772,0.874574,0.002778,0.468859
41.775977,1.478295,-1.054757,-1.841688,-1.840323,1.214814,0.333555,0.434521,0.129121,-1.243664,-0.377300,0.045096,0.452800,0.281899,0.146902,0.467647,-0.902202,-0.278143,-2.104278,-0.667290,1.581486,1.887997,0.494119,-0.464089,-0.817304,-0.039352,0.879427,0.002509,0.468176
41.777000,1.481138,-1.056981,-1.844176,-1.843794,1.215989,0.333908,0.435001,0.135767,-1.227238,-0.348686,0.039490,0.455973,0.283262,0.147043,0.468143,-0.902672,-0.278964,-2.104318,-0.666403,1.581485,1.888468,0.493300,-0.465912,-0.814876,-0.039320,0.881644,0.001464,0.468721
41.778024,1.484246,-1.058238,-1.850508,-1.843112,1.214031,0.334654,0.436585,0.144923,-1.202954,-0.324857,0.027108,0.459302,0.283884,0.147141,0.468631,-0.903135,-0.279764,-2.104347,-0.665521,1.581485,1.888929,0.492945,-0.464926,-0.812803,-0.036448,0.880404,0.000974,0.467645
41.778966,1.490690,-1.063519,-1.843573,-1.842489,1.214292,0.334581,0.435455,0.154441,-1.175412,-0.311434,0.009530,0.462142,0.283474,0.147185,0.469123,-0.903593,-0.280573,-2.104387,-0.664639,1.581484,1.889389,0.492408,-0.464533,-0.808706,-0.037535,0.882380,0.000080,0.464362
41.779972,1.504784,-1.072014,-1.845725,-1.841727,1.216976,0.335336,0.434924,0.162898,-1.151667,-0.309640,-0.008896,0.464099,0.282259,0.147179,0.469610,-0.904049,-0.281378,-2.104426,-0.663753,1.581485,1.889858,0.489700,-0.461660,-0.810652,-0.038457,0.881336,0.000021,0.466405
41.780949,1.507817,-1.071555,-1.842683,-1.840152,1.217860,0.336450,0.434630,0.171130,-1.139126,-0.315365,-0.023074,0.465236,0.280903,0.147151,0.470080,-0.904496,-0.282190,-2.104467,-0.662872,1.581482,1.890324,0.483790,-0.457657,-0.808430,-0.039522,0.878469,-0.000874,0.467309
41.782003,1.509463,-1.076020,-1.842205,-1.841336,1.223123,0.335905,0.435333,0.180543,-1.141092,-0.325026,-0.030344,0.465685,0.279895,0.147126,0.470563,-0.904954,-0.283004,-2.104513,-0.662002,1.581479,1.890794,0.483128,-0.457889,-0.808582,-0.041277,0.877299,-0.002113,0.467673
41.782918,1.506016,-1.076786,-1.843643,-1.839858,1.225880,0.335158,0.436172,0.191381,-1.155100,-0.337051,-0.031302,0.465476,0.279321,0.147102,0.471053,-0.905410,-0.283806,-2.104553,-0.661133,1.581478,1.891255,0.483579,-0.456050,-0.808236,-0.040480,0.872382,-0.001699,0.466204
41.783996,1.511139,-1.081577,-1.840029,-1.839461,1.228723,0.335591,0.435672,0.202313,-1.178461,-0.351922,-0.027286,0.464578,0.278953,0.147047,0.471538,-0.905861,-0.284612,-2.104596,-0.660282,1.581478,1.891714,0.485685,-0.455384,-0.805671,-0.042137,0.868993,-0.001082,0.464245
41.784933,1.520476,-1.080793,-1.834419,-1.841433,1.230208,0.336252,0.434773,0.211970,-1.210247,-0.370365,-0.018394,0.463073,0.278658,0.146939,0.472019,-0.906314,-0.285430,-2.104640,-0.659401,1.581475,1.892183,0.484615,-0.453566,-0.806952,-0.042852,0.866631,-0.001665,0.465237
41.785902,1.531159,-1.077724,-1.830331,-1.841473,1.224832,0.337388,0.434976,0.222316,-1.246336,-0.388347,-0.006574,0.461616,0.278603,0.146783,0.472487,-0.906769,-0.286233,-2.104678,-0.658539,1.581471,1.892649,0.480647,-0.453746,-0.808163,-0.041174,0.864576,-0.002439,0.466775
41.787077,1.544587,-1.080869,-1.833678,-1.843005,1.227293,0.335875,0.435998,0.237731,-1.277828,-0.400368,0.003191,0.461051,0.278967,0.146585,0.472956,-0.907221,-0.287050,-2.104722,-0.657673,1.581467,1.893116,0.476230,-0.455283,-0.808719,-0.041339,0.869710,-0.003696,0.466130
41.788000,1.549432,-1.084192,-1.838879,-1.844442,1.228890,0.334012,0.436574,0.260941,-1.297744,-0.404747,0.007134,0.461769,0.279774,0.146342,0.473421,-0.907676,-0.287847,-2.104760,-0.656803,1.581468,1.893571,0.471879,-0.454791,-0.807538,-0.040407,0.868582,-0.002331,0.464258
41.788959,1.553938,-1.082087,-1.836932,-1.844507,1.224087,0.333947,0.436535,0.290950,-1.306590,-0.405150,0.004740,0.463609,0.280713,0.146043,0.473884,-0.908121,-0.288648,-2.104800,-0.655946,1.581470,1.894030,0.470168,-0.452932,-0.803216,-0.039221,0.866341,-0.000607,0.462849
41.790020,1.560287,-1.080122,-1.835630,-1.845103,1.224749,0.333694,0.435905,0.324774,-1.307946,-0.406888,-0.002812,0.466117,0.281373,0.145711,0.474352,-0.908579,-0.289457,-2.104842,-0.655065,1.581469,1.894495,0.468800,-0.453876,-0.802744,-0.039405,0.870646,-0.000694,0.462714
41.791025,1.559897,-1.083629,-1.832715,-1.845052,1.222691,0.334640,0.434435,0.361134,-1.301782,-0.410400,-0.014855,0.469062,0.281736,0.145405,0.474820,-0.909041,-0.290256,-2.104882,-0.654188,1.581468,1.894955,0.467185,-0.455253,-0.802919,-0.039225,0.870297,-0.000588,0.463957
41.792028,1.556097,-1.071145,-1.822034,-1.844683,1.224499,0.333911,0.433841,0.399346,-1.288687,-0.413300,-0.030092,0.472372,0.282025,0.145169,0.475282,-0.909490,-0.291061,-2.104921,-0.653320,1.581463,1.895432,0.468662,-0.453691,-0.803341,-0.039635,0.872345,-0.001663,0.466721
41.792997,1.552005,-1.061090,-1.819066,-1.843837,1.223546,0.333927,0.433374,0.438326,-1.269038,-0.412531,-0.047271,0.475964,0.282491,0.145023,0.475760,-0.909965,-0.291872,-2.104962,-0.652450,1.581462,1.895895,0.471628,-0.459921,-0.807599,-0.040338,0.870420,-0.001057,0.467750
41.793981,1.553947,-1.054100,-1.817356,-1.843436,1.221484,0.333725,0.433456,0.478129,-1.236359,-0.404791,-0.068382,0.479812,0.283299,0.144979,0.476234,-0.910436,-0.292681,-2.105006,-0.651572,1.581460,1.896365,0.474542,-0.464699,-0.807645,-0.041378,0.870950,-0.001206,0.468451
41.794971,1.554792,-1.044467,-1.812460,-1.841847,1.218943,0.332067,0.431598,0.518221,-1.185823,-0.391033,-0.095255,0.483724,0.284374,0.145042,0.476710,-0.910912,-0.293496,-2.105051,-0.650706,1.581460,1.896839,0.474490,-0.467954,-0.807158,-0.041974,0.872828,-0.001142,0.468060
41.796096,1.565162,-1.044190,-1.811094,-1.841428,1.217064,0.330427,0.430712,0.557554,-1.118182,-0.373754,-0.127433,0.487508,0.285624,0.145212,0.477180,-0.911397,-0.294300,-2.105098,-0.649818,1.581461,1.897321,0.475133,-0.472505,-0.808472,-0.043730,0.875004,0.000380,0.471576
41.796962,1.568537,-1.045329,-1.803463,-1.842234,1.213743,0.327865,0.430032,0.595887,-1.036555,-0.353098,-0.163365,0.491177,0.287111,0.145470,0.477646,-0.911868,-0.295115,-2.105143,-0.648940,1.581466,1.897794,0.471938,-0.473237,-0.809024,-0.044510,0.877785,0.001829,0.473355
41.797935,1.567728,-1.051687,-1.806789,-1.840944,1.212409,0.327099,0.430913,0.632803,-0.948473,-0.328817,-0.200226,0.494761,0.288862,0.145780,0.478118,-0.912339,-0.295933,-2.105185,-0.648057,1.581475,1.898272,0.470459,-0.471823,-0.810464,-0.043814,0.879717,0.004219,0.474271
41.798996,1.564755,-1.053285,-1.818764,-1.841377,1.215016,0.326498,0.432269,0.665449,-0.866352,-0.303867,-0.233253,0.497951,0.290675,0.146085,0.478586,-0.912802,-0.296728,-2.105233,-0.647165,1.581481,1.898745,0.471859,-0.468506,-0.807556,-0.045237,0.880487,0.004791,0.472245
41.800037,1.562262,-1.048723,-1.814214,-1.842587,1.213129,0.328018,0.429728,0.688284,-0.801993,-0.287174,-0.257571,0.499915,0.291989,0.146332,0.479067,-0.913273,-0.297518,-2.105278,-0.646294,1.581486,1.899210,0.474762,-0.468014,-0.801160,-0.045085,0.878259,0.005206,0.469475
41.800996,1.567408,-1.045546,-1.812058,-1.839673,1.212210,0.329978,0.428751,0.698394,-0.756564,-0.285121,-0.273487,0.500068,0.292238,0.146537,0.479552,-0.913751,-0.298314,-2.105321,-0.645411,1.581486,1.899687,0.477237,-0.470407,-0.802900,-0.044191,0.880312,0.003514,0.474502
41.802035,1.562544,-1.040880,-1.807730,-1.838565,1.219511,0.331926,0.429085,0.698191,-0.723125,-0.293916,-0.284187,0.498670,0.291557,0.146744,0.480021,-0.914225,-0.299115,-2.105378,-0.644536,1.581484,1.900178,0.475481,-0.471655,-0.802574,-0.047022,0.880719,0.001421,0.476096
41.802952,1.557819,-1.036858,-1.802262,-1.838208,1.219938,0.333121,0.429119,0.691009,-0.696713,-0.307009,-0.290567,0.496246,0.290536,0.146955,0.480509,-0.914703,-0.299927,-2.105428,-0.643653,1.581481,1.900652,0.479133,-0.474065,-0.803925,-0.048243,0.873445,-0.000654,0.475277
41.803939,1.554753,-1.037788,-1.802718,-1.837214,1.222388,0.332104,0.429690,0.678216,-0.674694,-0.320529,-0.293103,0.493138,0.289512,0.147154,0.480996,-0.915185,-0.300724,-2.105478,-0.642790,1.581476,1.901123,0.481855,-0.475400,-0.804959,-0.048588,0.872337,-0.001944,0.474896
41.804966,1.549505,-1.047769,-1.804182,-1.838111,1.225788,0.330307,0.427310,0.659579,-0.657117,-0.333970,-0.292139,0.489477,0.288479,0.147332,0.481489,-0.915654,-0.301524,-2.105533,-0.641936,1.581477,1.901597,0.484138,-0.474803,-0.803574,-0.049559,0.869812,-0.001056,0.473529
41.805959,1.556475,-1.060223,-1.799186,-1.837803,1.224612,0.328857,0.426367,0.633013,-0.650389,-0.350613,-0.285593,0.485190,0.287226,0.147474,0.481986,-0.916116,-0.302312,-2.105579,-0.641073,1.581480,1.902079,0.487763,-0.469957,-0.802201,-0.048875,0.866606,0.000582,0.478175
41.806925,1.559338,-1.066162,-1.799093,-1.838377,1.220944,0.328671,0.427493,0.596857,-0.664770,-0.372282,-0.269779,0.480349,0.285681,0.147546,0.482464,-0.916563,-0.303119,-2.105630,-0.640211,1.581485,1.902564,0.485201,-0.463900,-0.803568,-0.049242,0.867751,0.001855,0.479781
41.808101,1.561839,-1.072155,-1.798795,-1.838277,1.222598,0.327586,0.427234,0.552528,-0.705433,-0.397365,-0.243060,0.475282,0.284008,0.147509,0.482952,-0.917020,-0.303922,-2.105681,-0.639328,1.581488,1.903041,0.484465,-0.460878,-0.802241,-0.048701,0.870919,0.001869,0.477229
41.808943,1.558457,-1.070220,-1.801191,-1.838681,1.218600,0.327629,0.426959,0.502616,-0.768979,-0.424497,-0.207452,0.470202,0.282244,0.147381,0.483437,-0.917478,-0.304717,-2.105732,-0.638453,1.581494,1.903519,0.485375,-0.458972,-0.802961,-0.049103,0.870594,0.002762,0.477870
41.809936,1.552297,-1.070937,-1.798614,-1.838337,1.218128,0.328500,0.427316,0.448898,-0.847559,-0.454329,-0.166894,0.465069,0.280188,0.147214,0.483930,-0.917932,-0.305511,-2.105780,-0.637580,1.581495,1.903997,0.486844,-0.459220,-0.799421,-0.048643,0.873129,0.002580,0.477941
41.810989,1.556673,-1.073020,-1.804347,-1.837399,1.217983,0.329288,0.427041,0.392292,-0.933123,-0.488506,-0.125211,0.459707,0.277574,0.147029,0.484433,-0.918392,-0.306301,-2.105831,-0.636702,1.581494,1.904471,0.490630,-0.458884,-0.799789,-0.049054,0.873341,0.001561,0.477013
41.812083,1.557051,-1.073071,-1.804385,-1.836627,1.218079,0.331852,0.427616,0.333703,-1.020552,-0.527405,-0.084316,0.454040,0.274363,0.146842,0.484920,-0.918844,-0.307093,-2.105884,-0.635824,1.581491,1.904946,0.489675,-0.458294,-0.796403,-0.050082,0.873758,0.000640,0.477471
41.813000,1.554932,-1.073915,-1.801452,-1.837148,1.217586,0.332718,0.427096,0.274911,-1.106402,-0.570059,-0.044984,0.448178,0.270759,0.146700,0.485416,-0.919305,-0.307894,-2.105937,-0.634952,1.581482,1.905423,0.490959,-0.458864,-0.796201,-0.051008,0.874361,-0.002047,0.476263
41.813911,1.559183,-1.077119,-1.791827,-1.837123,1.214587,0.332222,0.427639,0.217911,-1.187366,-0.613928,-0.008260,0.442373,0.267022,0.146630,0.485908,-0.919763,-0.308681,-2.105986,-0.634071,1.581480,1.905905,0.492329,-0.458053,-0.796088,-0.050489,0.873917,-0.003013,0.476959
41.814913,1.558261,-1.081491,-1.794935,-1.837583,1.214907,0.329560,0.427683,0.164902,-1.262042,-0.654136,0.025095,0.437019,0.263467,0.146603,0.486399,-0.920212,-0.309485,-2.106037,-0.633202,1.581478,1.906375,0.490440,-0.456132,-0.799104,-0.050463,0.876080,-0.002625,0.475522
41.816097,1.565163,-1.090973,-1.791372,-1.838014,1.217813,0.329153,0.426888,0.117292,-1.331583,-0.687625,0.055169,0.432355,0.260282,0.146562,0.486894,-0.920664,-0.310279,-2.106087,-0.632325,1.581480,1.906849,0.491766,-0.454120,-0.796557,-0.050108,0.875580,-0.000097,0.475260
41.817013,1.570638,-1.091603,-1.791733,-1.836593,1.212133,0.329432,0.425988,0.074819,-1.399106,-0.714683,0.082973,0.428379,0.257454,0.146462,0.487383,-0.921111,-0.311072,-2.106136,-0.631446,1.581479,1.907322,0.490437,-0.450619,-0.799032,-0.050032,0.874059,0.000120,0.476996
41.817936,1.569916,-1.085736,-1.783890,-1.835351,1.213093,0.328474,0.425898,0.037825,-1.466475,-0.735154,0.109569,0.425132,0.255101,0.146285,0.487870,-0.921555,-0.311870,-2.106189,-0.630568,1.581476,1.907812,0.488041,-0.450121,-0.797099,-0.051393,0.878903,-0.000279,0.478393
41.819083,1.573663,-1.082746,-1.780795,-1.834436,1.217055,0.329065,0.426786,0.007811,-1.529706,-0.748229,0.133958,0.422675,0.253381,0.146048,0.488360,-0.922013,-0.312663,-2.106244,-0.629687,1.581478,1.908285,0.488802,-0.452757,-0.799469,-0.052511,0.877002,0.000548,0.478241
41.820050,1.573168,-1.080631,-1.774607,-1.832724,1.215868,0.328569,0.426098,-0.013368,-1.580809,-0.751633,0.153260,0.421192,0.252391,0.145764,0.488845,-0.922469,-0.313475,-2.106300,-0.628824,1.581476,1.908758,0.488867,-0.455177,-0.801113,-0.053569,0.874263,-0.000214,0.476513
41.820995,1.573653,-1.074971,-1.779018,-1.830948,1.217569,0.327653,0.424071,-0.024816,-1.615488,-0.743094,0.166191,0.420895,0.252217,0.145476,0.489339,-0.922927,-0.314284,-2.106356,-0.627944,1.581477,1.909243,0.489728,-0.456126,-0.802790,-0.055206,0.875003,0.000148,0.477626
41.822044,1.577573,-1.068345,-1.777367,-1.831178,1.213594,0.329751,0.424577,-0.027939,-1.634473,-0.725401,0.173543,0.421624,0.252683,0.145252,0.489825,-0.923394,-0.315076,-2.106416,-0.627071,1.581478,1.909727,0.490038,-0.458643,-0.799136,-0.056752,0.872668,0.000927,0.481382
41.823044,1.580195,-1.069354,-1.780166,-1.831875,1.215185,0.330754,0.424586,-0.024169,-1.636933,-0.703893,0.174674,0.423070,0.253381,0.145128,0.490314,-0.923860,-0.315881,-2.106473,-0.626196,1.581472,1.910209,0.489306,-0.462237,-0.799341,-0.056514,0.876979,-0.001320,0.480184
41.823925,1.582958,-1.067619,-1.764809,-1.831759,1.215307,0.332281,0.424705,-0.013962,-1.622055,-0.681681,0.168260,0.425050,0.254013,0.145100,0.490804,-0.924327,-0.316673,-2.106525,-0.625318,1.581466,1.910692,0.488880,-0.461683,-0.796991,-0.055853,0.875144,-0.002419,0.479947
41.824975,1.583440,-1.064127,-1.762148,-1.832612,1.214380,0.332906,0.425553,0.002443,-1.593920,-0.657357,0.155486,0.427586,0.254693,0.145146,0.491286,-0.924785,-0.317491,-2.106581,-0.624439,1.581458,1.911167,0.487672,-0.461976,-0.802497,-0.055780,0.873815,-0.004030,0.479308
41.825983,1.580740,-1.058985,-1.752939,-1.832072,1.217214,0.330750,0.425213,0.053901,-1.508317,-0.586969,0.115456,0.434655,0.257459,0.145311,0.492276,-0.925733,-0.319119,-2.106690,-0.622699,1.581455,1.912118,0.490852,-0.466444,-0.806529,-0.055518,0.872188,-0.002741,0.478009
41.827056,1.583161,-1.064571,-1.754084,-1.830790,1.220923,0.329303,0.425215,0.053901,-1.508317,-0.586969,0.115456,0.434655,0.257459,0.145311,0.492276,-0.925733,-0.319119,-2.106690,-0.622699,1.581455,1.912118,0.490852,-0.466444,-0.806529,-0.055518,0.872188,-0.002741,0.478009
41.828049,1.586098,-1.062607,-1.746638,-1.828167,1.222258,0.326479,0.426864,0.117173,-1.404520,-0.492403,0.067645,0.442549,0.262365,0.145228,0.493250,-0.926660,-0.320755,-2.106813,-0.620980,1.581462,1.913067,0.490435,-0.465027,-0.807754,-0.059168,0.867739,0.001196,0.474391
41.828966,1.581725,-1.061115,-1.741228,-1.825487,1.225308,0.324507,0.427758,0.146778,-1.361277,-0.442217,0.050202,0.446010,0.265720,0.144991,0.493743,-0.927124,-0.321567,-2.106878,-0.620116,1.581469,1.913533,0.492949,-0.465323,-0.808575,-0.061482,0.863913,0.002984,0.472319
41.829912,1.585508,-1.055627,-1.733587,-1.822664,1.226641,0.322345,0.427446,0.146778,-1.361277,-0.442217,0.050202,0.446010,0.265720,0.144991,0.493743,-0.927124,-0.321567,-2.106878,-0.620116,1.581469,1.913533,0.492949,-0.465323,-0.808575,-0.061482,0.863913,0.002984,0.472319
41.831049,1.591727,-1.047279,-1.742039,-1.820977,1.225675,0.323865,0.427811,0.173693,-1.325195,-0.391000,0.038932,0.449099,0.269667,0.144651,0.494233,-0.927600,-0.322388,-2.106948,-0.619261,1.581478,1.914012,0.491538,-0.467661,-0.810669,-0.063863,0.862184,0.004958,0.472664
41.831977,1.590540,-1.044100,-1.740663,-1.821305,1.224777,0.323913,0.426432,0.222393,-1.251947,-0.297496,0.023545,0.454105,0.277923,0.143875,0.495216,-0.928557,-0.323994,-2.107079,-0.617540,1.581481,1.914959,0.491218,-0.473462,-0.805545,-0.064727,0.864610,0.003048,0.474445
41.832964,1.598319,-1.044655,-1.740234,-1.821877,1.229722,0.323625,0.425299,0.222393,-1.251947,-0.297496,0.023545,0.454105,0.277923,0.143875,0.495216,-0.928557,-0.323994,-2.107079,-0.617540,1.581481,1.914959,0.491218,-0.473462,-0.805545,-0.064727,0.864610,0.003048,0.474445
41.833984,1.604192,-1.047771,-1.736475,-1.822420,1.225678,0.326483,0.424590,0.244141,-1.208318,-0.263960,0.013486,0.455905,0.281136,0.143546,0.495701,-0.929033,-0.324809,-2.107140,-0.616682,1.581483,1.915440,0.488146,-0.472974,-0.804456,-0.063957,0.859524,0.003186,0.476466
41.834954,1.602644,-1.050895,-1.732964,-1.822842,1.223471,0.327046,0.425128,0.264471,-1.164031,-0.239159,0.001604,0.457626,0.283510,0.143329,0.496180,-0.929505,-0.325613,-2.107201,-0.615806,1.581477,1.915915,0.486375,-0.471439,-0.805467,-0.063269,0.863673,0.000183,0.477720
41.835985,1.602156,-1.056989,-1.729073,-1.824164,1.223997,0.328417,0.423799,0.283057,-1.124444,-0.221246,-0.010024,0.459503,0.285203,0.143207,0.496672,-0.929970,-0.326429,-2.107264,-0.614939,1.581477,1.916391,0.487849,-0.469714,-0.805746,-0.062609,0.865536,-0.000491,0.476365
41.836992,1.599656,-1.059399,-1.731596,-1.826023,1.224201,0.327417,0.422591,0.298126,-1.095111,-0.209545,-0.018979,0.461504,0.286307,0.143114,0.497171,-0.930433,-0.327234,-2.107321,-0.614075,1.581473,1.916870,0.489069,-0.466860,-0.806871,-0.061241,0.865204,-0.002000,0.478904
41.837969,1.602303,-1.058858,-1.729772,-1.826334,1.221780,0.326085,0.423214,0.308053,-1.078974,-0.205048,-0.024656,0.463436,0.286724,0.142981,0.497665,-0.930895,-0.328043,-2.107377,-0.613216,1.581475,1.917355,0.491213,-0.465758,-0.804512,-0.059333,0.865080,-0.001131,0.481095
41.838964,1.611420,-1.061799,-1.725389,-1.826773,1.220078,0.325614,0.424174,0.312582,-1.073961,-0.209646,-0.028869,0.465023,0.286248,0.142771,0.498155,-0.931361,-0.328853,-2.107437,-0.612342,1.581476,1.917835,0.490591,-0.465901,-0.804106,-0.058873,0.867184,0.000054,0.479554
41.840042,1.621056,-1.059802,-1.721889,-1.824135,1.219533,0.325276,0.425384,0.314005,-1.075449,-0.221675,-0.033746,0.466273,0.285009,0.142477,0.498630,-0.931824,-0.329660,-2.107494,-0.611467,1.581477,1.918306,0.487040,-0.464417,-0.805164,-0.058342,0.868683,0.000366,0.477443
41.840977,1.629475,-1.062572,-1.723725,-1.825923,1.217752,0.325024,0.425799,0.316265,-1.079328,-0.235694,-0.039948,0.467513,0.283560,0.142103,0.499111,-0.932290,-0.330472,-2.107561,-0.610597,1.581479,1.918778,0.483745,-0.465883,-0.806426,-0.060821,0.869798,0.000537,0.474969
41.841948,1.631922,-1.065755,-1.727032,-1.822520,1.218212,0.324131,0.423679,0.322181,-1.082498,-0.248852,-0.047841,0.468880,0.282251,0.141673,0.499589,-0.932750,-0.331281,-2.107615,-0.609721,1.581480,1.919253,0.480122,-0.464163,-0.803789,-0.058902,0.870857,0.000648,0.473848
41.842897,1.636235,-1.067054,-1.729942,-1.825129,1.219475,0.323749,0.423411,0.331155,-1.086511,-0.264003,-0.056433,0.470036,0.280969,0.141230,0.500064,-0.933209,-0.332071,-2.107683,-0.608851,1.581482,1.919735,0.479811,-0.462500,-0.800990,-0.061978,0.870033,0.001392,0.477868
41.844043,1.642617,-1.076674,-1.735747,-1.823816,1.221511,0.326579,0.425018,0.340891,-1.094956,-0.285372,-0.063946,0.470544,0.279447,0.140824,0.500540,-0.933672,-0.332869,-2.107737,-0.607992,1.581484,1.920218,0.478344,-0.461594,-0.798091,-0.059259,0.868326,0.001624,0.478051
41.844937,1.644544,-1.071750,-1.733695,-1.823700,1.217255,0.328813,0.423239,0.350148,-1.109884,-0.314754,-0.069763,0.470253,0.277491,0.140466,0.501012,-0.934127,-0.333651,-2.107801,-0.607119,1.581478,1.920684,0.477250,-0.457697,-0.795639,-0.060559,0.867425,-0.001367,0.474894
41.845897,1.643050,-1.067360,-1.730728,-1.822081,1.220380,0.331594,0.422052,0.368069,-1.155107,-0.390900,-0.075731,0.467546,0.272933,0.139808,0.501972,-0.935057,-0.335247,-2.107922,-0.605392,1.581458,1.921655,0.478087,-0.461609,-0.794934,-0.061794,0.867207,-0.006531,0.480157
41.847121,1.644014,-1.068499,-1.731788,-1.823081,1.226527,0.330670,0.421626,0.368069,-1.155107,-0.390900,-0.075731,0.467546,0.272933,0.139808,0.501972,-0.935057,-0.335247,-2.107922,-0.605392,1.581458,1.921655,0.478087,-0.461609,-0.794934,-0.061794,0.867207,-0.006531,0.480157
41.847982,1.644137,-1.059089,-1.729358,-1.820347,1.225284,0.329258,0.422408,0.379142,-1.173829,-0.429461,-0.079319,0.465613,0.270928,0.139462,0.502453,-0.935527,-0.336036,-2.107979,-0.604525,1.581452,1.922139,0.480121,-0.462225,-0.795439,-0.060974,0.862907,-0.005708,0.481146
41.848897,1.653907,-1.052034,-1.728058,-1.817295,1.228022,0.327016,0.422898,0.392233,-1.184516,-0.464298,-0.085381,0.463634,0.269367,0.139060,0.502936,-0.935996,-0.336829,-2.108046,-0.603674,1.581449,1.922616,0.480058,-0.466151,-0.794513,-0.063250,0.863086,-0.004401,0.479115
41.849931,1.660969,-1.044817,-1.727476,-1.813510,1.231882,0.324654,0.421747,0.408566,-1.182912,-0.494195,-0.095102,0.461838,0.268450,0.138618,0.503406,-0.936472,-0.337611,-2.108116,-0.602816,1.581450,1.923093,0.475693,-0.469061,-0.793628,-0.065829,0.859603,-0.002285,0.477792
41.851114,1.670118,-1.039837,-1.726468,-1.815176,1.231808,0.321091,0.422197,0.429998,-1.166036,-0.517677,-0.108563,0.460562,0.268453,0.138193,0.503871,-0.936949,-0.338406,-2.108191,-0.601972,1.581450,1.923576,0.473604,-0.472737,-0.793269,-0.069163,0.856201,-0.000074,0.479963
41.851998,1.668511,-1.033048,-1.727089,-1.815148,1.228205,0.318621,0.421188,0.457683,-1.131927,-0.533059,-0.126619,0.460101,0.269341,0.137836,0.504339,-0.937437,-0.339209,-2.108252,-0.601111,1.581462,1.924051,0.471413,-0.475970,-0.794297,-0.067514,0.857889,0.003259,0.479149
41.852907,1.667179,-1.030142,-1.725616,-1.814925,1.226967,0.319185,0.423203,0.490965,-1.079554,-0.540989,-0.151478,0.460397,0.270572,0.137557,0.504804,-0.937926,-0.339988,-2.108319,-0.600244,1.581472,1.924532,0.472642,-0.478435,-0.792195,-0.067089,0.860423,0.005529,0.480775
41.853997,1.665033,-1.036808,-1.728581,-1.815089,1.227081,0.321346,0.422230,0.526450,-1.013027,-0.545357,-0.182498,0.460977,0.271535,0.137348,0.505281,-0.938403,-0.340780,-2.108386,-0.599391,1.581475,1.925008,0.473744,-0.479223,-0.791228,-0.066897,0.860930,0.004786,0.476330
41.854908,1.669298,-1.033973,-1.728975,-1.813590,1.223542,0.324508,0.422277,0.559142,-0.943079,-0.550065,-0.214598,0.461281,0.271984,0.137203,0.505764,-0.938878,-0.341560,-2.108451,-0.598525,1.581473,1.925486,0.476413,-0.476236,-0.789735,-0.066582,0.861532,0.002459,0.478287
41.856053,1.664933,-1.036230,-1.734789,-1.812471,1.226778,0.326082,0.423063,0.585228,-0.880388,-0.557388,-0.242313,0.460910,0.271979,0.137101,0.506233,-0.939353,-0.342346,-2.108521,-0.597663,1.581465,1.925963,0.474766,-0.477084,-0.787929,-0.067598,0.864305,-0.000792,0.477814
41.856934,1.664769,-1.035627,-1.724798,-1.810534,1.226871,0.325561,0.422831,0.602823,-0.829529,-0.568973,-0.262900,0.459596,0.271670,0.137000,0.506724,-0.939833,-0.343133,-2.108591,-0.596804,1.581460,1.926437,0.478869,-0.476578,-0.785397,-0.068518,0.862283,-0.002485,0.476287
41.857959,1.666924,-1.029189,-1.723931,-1.808295,1.228482,0.323750,0.424067,0.610930,-0.792456,-0.583765,-0.274958,0.457350,0.271301,0.136840,0.507199,-0.940313,-0.343919,-2.108664,-0.595934,1.581459,1.926909,0.479165,-0.476038,-0.788562,-0.069848,0.861070,-0.002069,0.476383
41.858958,1.664854,-1.025222,-1.714977,-1.805637,1.228689,0.322589,0.425214,0.605693,-0.747629,-0.604204,-0.278321,0.451957,0.271644,0.136264,0.508165,-0.941282,-0.345513,-2.108817,-0.594222,1.581466,1.927850,0.481239,-0.480952,-0.791717,-0.073695,0.859552,0.000575,0.471278
41.860005,1.667857,-1.024116,-1.716211,-1.803239,1.225904,0.318606,0.424153,0.605693,-0.747629,-0.604204,-0.278321,0.451957,0.271644,0.136264,0.508165,-0.941282,-0.345513,-2.108817,-0.594222,1.581466,1.927850,0.481239,-0.480952,-0.791717,-0.073695,0.859552,0.000575,0.471278
41.860975,1.674196,-1.031232,-1.710006,-1.803760,1.222508,0.317679,0.424452,0.596032,-0.730856,-0.604300,-0.273594,0.449659,0.272589,0.135926,0.508642,-0.941759,-0.346299,-2.108898,-0.593344,1.581479,1.928321,0.481085,-0.481618,-0.790622,-0.075524,0.862596,0.004359,0.473347
41.861975,1.670340,-1.028997,-1.704705,-1.803972,1.218599,0.317906,0.423157,0.582041,-0.719545,-0.598759,-0.264874,0.447848,0.273813,0.135645,0.509120,-0.942234,-0.347098,-2.108970,-0.592478,1.581486,1.928792,0.478725,-0.477735,-0.792486,-0.074492,0.865672,0.005075,0.472494
41.862989,1.664468,-1.032544,-1.695582,-1.803920,1.215863,0.318205,0.422518,0.564071,-0.716533,-0.588490,-0.252816,0.446626,0.274988,0.135463,0.509612,-0.942719,-0.347891,-2.109044,-0.591599,1.581492,1.929267,0.481561,-0.478667,-0.794194,-0.073798,0.869400,0.004652,0.474919
41.864074,1.662451,-1.038896,-1.706227,-1.805856,1.215426,0.319651,0.421980,0.541905,-0.721834,-0.572902,-0.238518,0.446032,0.275871,0.135397,0.510103,-0.943188,-0.348697,-2.109117,-0.590730,1.581495,1.929747,0.485475,-0.476898,-0.797809,-0.073413,0.872160,0.004190,0.475992
41.864959,1.660336,-1.042971,-1.705893,-1.802454,1.210065,0.321647,0.420774,0.513590,-0.737255,-0.555552,-0.222014,0.445713,0.276097,0.135441,0.510599,-0.943658,-0.349486,-2.109184,-0.589848,1.581494,1.930230,0.487866,-0.474133,-0.792232,-0.071266,0.873089,0.002583,0.476986
41.865937,1.657476,-1.046307,-1.711424,-1.799170,1.209774,0.322648,0.422420,0.476549,-0.767427,-0.544717,-0.201711,0.444961,0.275305,0.135560,0.511087,-0.944124,-0.350269,-2.109265,-0.588961,1.581490,1.930708,0.489038,-0.471451,-0.790638,-0.073935,0.877220,0.000477,0.479005
41.867103,1.662979,-1.044456,-1.708664,-1.798796,1.210925,0.322006,0.421637,0.374590,-0.879897,-0.557764,-0.140360,0.440489,0.271481,0.135716,0.512081,-0.945058,-0.351846,-2.109420,-0.587207,1.581489,1.931661,0.490267,-0.471523,-0.788749,-0.076626,0.877211,-0.000162,0.477117
41.868010,1.664473,-1.049087,-1.702352,-1.798003,1.210390,0.321498,0.421020,0.374590,-0.879897,-0.557764,-0.140360,0.440489,0.271481,0.135716,0.512081,-0.945058,-0.351846,-2.109420,-0.587207,1.581489,1.931661,0.490267,-0.471523,-0.788749,-0.076626,0.877211,-0.000162,0.477117
41.868954,1.660692,-1.042814,-1.697251,-1.796312,1.210638,0.322490,0.421731,0.317429,-0.949537,-0.573467,-0.104311,0.437312,0.269138,0.135639,0.512571,-0.945516,-0.352648,-2.109498,-0.586341,1.581488,1.932136,0.489792,-0.468728,-0.790070,-0.076726,0.876888,0.000222,0.477993
41.870042,1.664080,-1.048002,-1.702687,-1.794345,1.211920,0.323024,0.421739,0.262130,-1.018681,-0.586804,-0.069619,0.434164,0.266867,0.135456,0.513068,-0.945994,-0.353449,-2.109579,-0.585461,1.581483,1.932611,0.492122,-0.471463,-0.791099,-0.077707,0.875947,-0.000893,0.476253
41.871018,1.657135,-1.058791,-1.697250,-1.794555,1.215669,0.321262,0.422141,0.209885,-1.084156,-0.597267,-0.037266,0.431098,0.264749,0.135188,0.513558,-0.946462,-0.354228,-2.109660,-0.584581,1.581481,1.933083,0.491888,-0.469284,-0.788330,-0.079135,0.875230,-0.001564,0.476220
41.871924,1.651707,-1.059838,-1.691485,-1.793972,1.213837,0.321721,0.421609,0.159306,-1.150081,-0.607424,-0.005111,0.427964,0.262744,0.134852,0.514066,-0.946911,-0.355025,-2.109737,-0.583723,1.581486,1.933568,0.495913,-0.463917,-0.789900,-0.078330,0.871261,0.000049,0.475130
41.872996,1.655061,-1.070637,-1.680332,-1.794418,1.217915,0.322413,0.419301,0.108447,-1.222894,-0.617694,0.029484,0.424760,0.260799,0.134465,0.514572,-0.947372,-0.355815,-2.109815,-0.582849,1.581481,1.934033,0.498669,-0.462964,-0.791074,-0.078219,0.872192,-0.000536,0.475899
41.874005,1.649576,-1.065272,-1.676823,-1.792429,1.219443,0.323040,0.419349,0.058291,-1.302881,-0.624137,0.066464,0.421859,0.259073,0.134073,0.515068,-0.947816,-0.356624,-2.109891,-0.581983,1.581478,1.934521,0.498273,-0.458193,-0.796191,-0.077330,0.868628,-0.001364,0.480430
41.874951,1.652910,-1.063034,-1.674615,-1.791204,1.219090,0.322271,0.421088,0.011544,-1.386067,-0.622220,0.104370,0.419723,0.257861,0.133740,0.515579,-0.948282,-0.357430,-2.109972,-0.581124,1.581474,1.935006,0.501738,-0.460996,-0.796882,-0.078695,0.867205,-0.002111,0.480065
41.876064,1.655140,-1.062786,-1.677269,-1.791087,1.222042,0.321465,0.420176,-0.029642,-1.464668,-0.612245,0.140263,0.418431,0.257190,0.133509,0.516082,-0.948749,-0.358217,-2.110052,-0.580254,1.581474,1.935482,0.500389,-0.461775,-0.796646,-0.079239,0.867009,-0.001464,0.476258
41.876974,1.664938,-1.052366,-1.667147,-1.789882,1.221005,0.321472,0.418349,-0.063778,-1.531813,-0.598091,0.170889,0.417824,0.256819,0.133409,0.516579,-0.949208,-0.359012,-2.110129,-0.579405,1.581473,1.935961,0.500867,-0.462614,-0.795324,-0.078940,0.865121,-0.000815,0.478123
41.877932,1.674009,-1.048200,-1.668119,-1.788005,1.222843,0.319831,0.417786,-0.088186,-1.581205,-0.580523,0.192889,0.418041,0.256620,0.133465,0.517066,-0.949689,-0.359822,-2.110208,-0.578533,1.581471,1.936452,0.496226,-0.467177,-0.798516,-0.079423,0.865292,-0.000946,0.481381
41.879081,1.675807,-1.044612,-1.666506,-1.789774,1.219976,0.320394,0.418202,-0.098956,-1.605913,-0.557310,0.203218,0.419470,0.256698,0.133677,0.517547,-0.950166,-0.360609,-2.110293,-0.577664,1.581475,1.936932,0.492409,-0.468856,-0.796758,-0.080530,0.862977,0.000548,0.482193
41.880005,1.676176,-1.039275,-1.664772,-1.791562,1.219057,0.321413,0.419032,-0.095316,-1.604636,-0.529351,0.201211,0.422112,0.256973,0.134006,0.518044,-0.950639,-0.361410,-2.110368,-0.576799,1.581470,1.937416,0.493370,-0.471398,-0.797841,-0.078409,0.867129,-0.000176,0.481370
41.880943,1.679229,-1.038161,-1.661306,-1.790326,1.218798,0.321579,0.418107,-0.079550,-1.579475,-0.499542,0.186859,0.425616,0.257088,0.134398,0.518540,-0.951118,-0.362197,-2.110437,-0.575926,1.581466,1.937889,0.493471,-0.473472,-0.797174,-0.076157,0.867231,-0.001309,0.479380
41.882026,1.678370,-1.041741,-1.660844,-1.790222,1.217730,0.321331,0.416814,-0.054279,-1.534850,-0.469780,0.161764,0.429685,0.256898,0.134809,0.519026,-0.951587,-0.362995,-2.110516,-0.575064,1.581466,1.938375,0.492454,-0.473630,-0.797387,-0.076735,0.866929,-0.001601,0.480922
41.882957,1.679740,-1.040604,-1.658822,-1.788812,1.213222,0.321678,0.415882,-0.023172,-1.480506,-0.441664,0.131303,0.434006,0.256572,0.135189,0.519521,-0.952059,-0.363797,-2.110595,-0.574191,1.581463,1.938866,0.494299,-0.472200,-0.797282,-0.076344,0.868601,-0.001486,0.483401
41.883945,1.688306,-1.042580,-1.649514,-1.788347,1.215190,0.321301,0.417409,0.009691,-1.426485,-0.416836,0.101101,0.438192,0.256287,0.135478,0.520012,-0.952536,-0.364585,-2.110675,-0.573305,1.581456,1.939349,0.494004,-0.472268,-0.796830,-0.077059,0.872279,-0.001936,0.484910
41.885062,1.696951,-1.043737,-1.647726,-1.785932,1.211865,0.319852,0.418100,0.043252,-1.377283,-0.393804,0.073751,0.442187,0.256309,0.135619,0.520497,-0.953003,-0.365394,-2.110753,-0.572444,1.581454,1.939828,0.490551,-0.471185,-0.800287,-0.076918,0.870143,-0.001682,0.481578
41.885982,1.706331,-1.033807,-1.652373,-1.784528,1.210028,0.317889,0.418170,0.079035,-1.333631,-0.367920,0.050013,0.446303,0.257050,0.135611,0.520982,-0.953478,-0.366189,-2.110835,-0.571558,1.581458,1.940308,0.487975,-0.471149,-0.801193,-0.078830,0.874269,-0.000406,0.480195
41.886938,1.710222,-1.024998,-1.652804,-1.781552,1.210570,0.316298,0.416328,0.118206,-1.292410,-0.339255,0.028582,0.450518,0.258529,0.135524,0.521452,-0.953960,-0.366979,-2.110916,-0.570689,1.581464,1.940784,0.483855,-0.475524,-0.797244,-0.079471,0.875295,0.001396,0.479733
41.888047,1.719499,-1.024187,-1.654870,-1.778461,1.210846,0.316652,0.415309,0.161425,-1.246249,-0.312424,0.005790,0.454502,0.260321,0.135455,0.521933,-0.954448,-0.367776,-2.111004,-0.569812,1.581468,1.941274,0.482634,-0.479408,-0.795687,-0.081608,0.874189,0.002820,0.483126
41.889009,1.718940,-1.025562,-1.652021,-1.780147,1.208397,0.318274,0.414297,0.208226,-1.192344,-0.289760,-0.019174,0.458104,0.262198,0.135488,0.522401,-0.954933,-0.368561,-2.111092,-0.568928,1.581471,1.941761,0.479867,-0.480159,-0.794758,-0.084022,0.874619,0.002264,0.485091
41.889978,1.718952,-1.025914,-1.643395,-1.780242,1.209306,0.318846,0.413707,0.256567,-1.135287,-0.271151,-0.044078,0.461326,0.264099,0.135657,0.522884,-0.955406,-0.369357,-2.111170,-0.568054,1.581471,1.942255,0.480895,-0.479148,-0.794898,-0.081662,0.876624,0.000495,0.486775
41.891075,1.717174,-1.029280,-1.643222,-1.780037,1.210854,0.320969,0.414227,0.304263,-1.080335,-0.254775,-0.067848,0.464255,0.265864,0.135931,0.523372,-0.955887,-0.370164,-2.111251,-0.567179,1.581470,1.942751,0.481591,-0.478615,-0.797869,-0.080902,0.875264,-0.000205,0.487619
41.892040,1.712681,-1.033121,-1.637772,-1.780104,1.214365,0.320449,0.412748,0.349263,-1.031540,-0.238253,-0.089415,0.466968,0.267469,0.136223,0.523856,-0.956359,-0.370955,-2.111332,-0.566302,1.581464,1.943233,0.484108,-0.477388,-0.797845,-0.080576,0.874377,-0.002463,0.486501
41.892970,1.722969,-1.031917,-1.630729,-1.775905,1.215093,0.319386,0.411824,0.388738,-0.993625,-0.221722,-0.106619,0.469341,0.268946,0.136446,0.524346,-0.956831,-0.371758,-2.111411,-0.565429,1.581462,1.943726,0.487011,-0.475183,-0.799226,-0.079876,0.870410,-0.002042,0.489170
41.894080,1.730658,-1.026986,-1.631295,-1.774826,1.217286,0.317933,0.413586,0.421877,-0.968929,-0.204522,-0.117886,0.471385,0.270508,0.136567,0.524821,-0.957307,-0.372552,-2.111499,-0.564573,1.581462,1.944213,0.482381,-0.475293,-0.801207,-0.083195,0.869150,-0.001106,0.490643
41.895010,1.739372,-1.027207,-1.627223,-1.772753,1.224684,0.316748,0.414438,0.451815,-0.952371,-0.184378,-0.124678,0.473337,0.272493,0.136582,0.525291,-0.957786,-0.373352,-2.111583,-0.563721,1.581465,1.944699,0.480433,-0.478251,-0.800830,-0.083677,0.867982,0.000171,0.487019
41.895949,1.742848,-1.029097,-1.626889,-1.769739,1.224541,0.315721,0.413824,0.481899,-0.936455,-0.161041,-0.130492,0.475333,0.274902,0.136491,0.525764,-0.958263,-0.374161,-2.111668,-0.562871,1.581468,1.945185,0.476679,-0.477575,-0.801140,-0.084923,0.860013,0.001197,0.484972
41.896993,1.747902,-1.029599,-1.634399,-1.770438,1.225902,0.315249,0.415035,0.512345,-0.920956,-0.136391,-0.135495,0.477328,0.277601,0.136326,0.526234,-0.958739,-0.374951,-2.111757,-0.562012,1.581474,1.945666,0.475680,-0.476149,-0.799866,-0.087031,0.859716,0.002055,0.485905
41.897988,1.746226,-1.033153,-1.635881,-1.771390,1.226934,0.315868,0.414064,0.540948,-0.909194,-0.115483,-0.138349,0.478976,0.280235,0.136133,0.526710,-0.959212,-0.375741,-2.111838,-0.561162,1.581478,1.946147,0.474508,-0.476066,-0.795569,-0.085709,0.858831,0.002341,0.483308
41.899016,1.742387,-1.035321,-1.640333,-1.771365,1.225001,0.317950,0.415667,0.583427,-0.900560,-0.106295,-0.141466,0.479699,0.282867,0.135818,0.527673,-0.960151,-0.377317,-2.112000,-0.559445,1.581475,1.947110,0.479433,-0.473244,-0.791059,-0.083519,0.859996,-0.000657,0.481631
41.900065,1.741280,-1.034426,-1.640645,-1.772852,1.223818,0.321165,0.416328,0.583427,-0.900560,-0.106295,-0.141466,0.479699,0.282867,0.135818,0.527673,-0.960151,-0.377317,-2.112000,-0.559445,1.581475,1.947110,0.479433,-0.473244,-0.791059,-0.083519,0.859996,-0.000657,0.481631
41.900955,1.737803,-1.034886,-1.639715,-1.771870,1.226004,0.321754,0.415262,0.593484,-0.905128,-0.121646,-0.142153,0.478397,0.282373,0.135749,0.528160,-0.960624,-0.378112,-2.112078,-0.558577,1.581465,1.947592,0.481230,-0.473885,-0.790376,-0.081510,0.861497,-0.003974,0.480188
41.901934,1.740129,-1.034211,-1.640415,-1.772799,1.225204,0.322302,0.415725,0.596300,-0.913253,-0.147989,-0.143063,0.476175,0.280861,0.135752,0.528641,-0.961098,-0.378897,-2.112158,-0.557716,1.581462,1.948072,0.483225,-0.472917,-0.789054,-0.081756,0.858314,-0.004645,0.481951
41.903047,1.739989,-1.035198,-1.648420,-1.771848,1.222684,0.319420,0.415712,0.593259,-0.923536,-0.182373,-0.144467,0.473386,0.278666,0.135813,0.529126,-0.961569,-0.379688,-2.112235,-0.556844,1.581454,1.948549,0.482832,-0.473092,-0.787613,-0.080230,0.858853,-0.005291,0.480757
41.904042,1.744083,-1.026158,-1.640833,-1.770095,1.224802,0.317003,0.417159,0.585331,-0.934834,-0.224315,-0.146850,0.470161,0.275958,0.135892,0.529618,-0.962045,-0.380462,-2.112317,-0.555979,1.581457,1.949033,0.484554,-0.473102,-0.783853,-0.080687,0.862326,-0.002555,0.480760
41.904943,1.749758,-1.014565,-1.643898,-1.769998,1.220077,0.313243,0.417228,0.564313,-0.940066,-0.319574,-0.161612,0.463412,0.269819,0.135991,0.530574,-0.963019,-0.382045,-2.112480,-0.554253,1.581471,1.949977,0.480992,-0.482366,-0.783390,-0.081051,0.863985,0.003274,0.477180
41.906049,1.753931,-1.012819,-1.644158,-1.769200,1.217812,0.311948,0.418805,0.564313,-0.940066,-0.319574,-0.161612,0.463412,0.269819,0.135991,0.530574,-0.963019,-0.382045,-2.112480,-0.554253,1.581471,1.949977,0.480992,-0.482366,-0.783390,-0.081051,0.863985,0.003274,0.477180
41.907028,1.755513,-1.009549,-1.638556,-1.767602,1.217171,0.312251,0.419707,0.558867,-0.918269,-0.365311,-0.180778,0.460530,0.266549,0.136013,0.531046,-0.963510,-0.382823,-2.112562,-0.553379,1.581478,1.950438,0.480736,-0.483493,-0.783445,-0.081341,0.867008,0.004345,0.474040
41.907971,1.753818,-1.007744,-1.641154,-1.765788,1.213767,0.311453,0.420570,0.557486,-0.881571,-0.407638,-0.206573,0.458001,0.263215,0.136020,0.531532,-0.963995,-0.383614,-2.112646,-0.552520,1.581484,1.950916,0.480747,-0.484772,-0.785176,-0.082187,0.867455,0.003850,0.472004
41.908940,1.748222,-1.012032,-1.641042,-1.766653,1.212687,0.313386,0.420876,0.558006,-0.837716,-0.445294,-0.234105,0.455708,0.260026,0.136024,0.532021,-0.964485,-0.384395,-2.112730,-0.551639,1.581489,1.951379,0.482111,-0.485058,-0.782544,-0.083220,0.870181,0.004492,0.470032
41.909971,1.744967,-1.010886,-1.644033,-1.763339,1.212917,0.316263,0.421074,0.556452,-0.795962,-0.481475,-0.258891,0.453199,0.256851,0.136037,0.532508,-0.964968,-0.385169,-2.112810,-0.550761,1.581488,1.951842,0.485651,-0.482499,-0.781649,-0.081672,0.870788,0.002399,0.469233
41.911001,1.748975,-1.008170,-1.649118,-1.760788,1.213072,0.317653,0.421975,0.548803,-0.764937,-0.519624,-0.277029,0.450043,0.253574,0.136072,0.533004,-0.965447,-0.385947,-2.112898,-0.549896,1.581478,1.952307,0.488290,-0.483123,-0.779659,-0.084250,0.870773,-0.000581,0.468740
41.912094,1.753838,-1.002501,-1.644791,-1.758024,1.215832,0.317902,0.422988,0.534032,-0.747105,-0.561098,-0.286578,0.446109,0.250366,0.136127,0.533492,-0.965936,-0.386709,-2.112986,-0.549021,1.581473,1.952766,0.487369,-0.484372,-0.776801,-0.086011,0.870730,-0.002069,0.466846
41.913034,1.758811,-0.993753,-1.643559,-1.757875,1.216261,0.316341,0.421469,0.515068,-0.737700,-0.603562,-0.289215,0.441710,0.247529,0.136190,0.533975,-0.966423,-0.387492,-2.113079,-0.548162,1.581469,1.953226,0.486534,-0.487482,-0.778986,-0.087972,0.868745,-0.002444,0.464840
41.914004,1.762398,-0.993628,-1.646281,-1.755068,1.214216,0.315247,0.420132,0.497029,-0.727577,-0.641234,-0.289982,0.437492,0.245242,0.136271,0.534457,-0.966926,-0.388272,-2.113165,-0.547294,1.581470,1.953702,0.484614,-0.491078,-0.778287,-0.087254,0.867738,-0.001005,0.467626
41.915056,1.767323,-0.998884,-1.647733,-1.752463,1.217369,0.314267,0.419419,0.482704,-0.711651,-0.672315,-0.292673,0.433760,0.243386,0.136386,0.534935,-0.967418,-0.389036,-2.113257,-0.546414,1.581471,1.954170,0.483651,-0.490615,-0.776067,-0.089113,0.869348,-0.000061,0.470081
41.916041,1.762800,-1.003655,-1.646667,-1.752563,1.214056,0.315364,0.420053,0.470536,-0.695708,-0.699434,-0.294914,0.430405,0.241896,0.136520,0.535419,-0.967897,-0.389810,-2.113351,-0.545553,1.581473,1.954648,0.482495,-0.488096,-0.775083,-0.090832,0.866592,0.000752,0.471376
41.917005,1.762097,-1.011492,-1.642696,-1.748589,1.214838,0.314522,0.420554,0.457199,-0.689577,-0.724438,-0.292013,0.427270,0.240801,0.136628,0.535911,-0.968378,-0.390580,-2.113438,-0.544678,1.581471,1.955110,0.485563,-0.485435,-0.774845,-0.089906,0.869676,-0.000494,0.469911
41.918093,1.761053,-1.016914,-1.636303,-1.749255,1.217824,0.315080,0.418601,0.439500,-0.701132,-0.747412,-0.280260,0.424216,0.240129,0.136659,0.536398,-0.968846,-0.391359,-2.113538,-0.543820,1.581475,1.955581,0.486576,-0.481272,-0.775765,-0.092759,0.868571,0.000205,0.468671
41.918986,1.758572,-1.015880,-1.640104,-1.745500,1.216703,0.314178,0.418963,0.416174,-0.734363,-0.765756,-0.257506,0.421326,0.240036,0.136594,0.536893,-0.969322,-0.392152,-2.113627,-0.542955,1.581473,1.956063,0.488531,-0.478951,-0.778795,-0.091330,0.866271,-0.000517,0.472555
41.920069,1.758971,-1.018694,-1.643542,-1.744543,1.218151,0.314184,0.420701,0.387933,-0.786545,-0.778061,-0.225307,0.418642,0.240482,0.136448,0.537381,-0.969803,-0.392915,-2.113725,-0.542086,1.581472,1.956528,0.489948,-0.478705,-0.775348,-0.093939,0.866418,0.000279,0.471442
41.920968,1.758663,-1.017774,-1.638798,-1.741106,1.220127,0.313701,0.420456,0.355243,-0.852145,-0.788051,-0.186593,0.415839,0.241168,0.136232,0.537876,-0.970274,-0.393689,-2.113818,-0.541230,1.581472,1.956995,0.491132,-0.477692,-0.773651,-0.094042,0.865707,0.000108,0.467923
41.921999,1.765724,-1.021000,-1.640584,-1.741258,1.224917,0.312896,0.421885,0.319162,-0.926102,-0.797731,-0.143704,0.412813,0.241951,0.135978,0.538372,-0.970753,-0.394472,-2.113917,-0.540371,1.581469,1.957467,0.491419,-0.477430,-0.774358,-0.096288,0.862852,0.000481,0.468096
41.923042,1.760322,-1.020211,-1.632900,-1.738937,1.224887,0.312601,0.421405,0.282433,-1.003181,-0.805060,-0.099377,0.409914,0.242865,0.135710,0.538851,-0.971220,-0.395238,-2.114013,-0.539513,1.581472,1.957923,0.489079,-0.475961,-0.773099,-0.095122,0.858333,0.001125,0.465137
41.924055,1.756783,-1.020641,-1.625767,-1.737227,1.226184,0.312060,0.422408,0.247441,-1.078744,-0.807456,-0.056253,0.407562,0.243908,0.135446,0.539354,-0.971695,-0.396024,-2.114112,-0.538660,1.581468,1.958388,0.492874,-0.476498,-0.776505,-0.096456,0.858850,0.001288,0.466055
41.924944,1.761129,-1.021877,-1.622875,-1.736879,1.224004,0.311528,0.424100,0.214519,-1.150093,-0.801497,-0.014923,0.406121,0.245200,0.135216,0.539858,-0.972170,-0.396803,-2.114210,-0.537806,1.581469,1.958844,0.495429,-0.476234,-0.779409,-0.097122,0.857707,0.001676,0.463922
41.926108,1.757836,-1.028214,-1.614676,-1.737262,1.223786,0.311759,0.422884,0.183840,-1.215873,-0.785827,0.024391,0.405843,0.246795,0.135038,0.540346,-0.972638,-0.397584,-2.114303,-0.536947,1.581470,1.959302,0.493374,-0.474969,-0.779090,-0.096370,0.858972,0.002077,0.460209
41.926985,1.757576,-1.028269,-1.605072,-1.736051,1.221438,0.312001,0.422900,0.130502,-1.332060,-0.727660,0.094445,0.409240,0.250426,0.134839,0.541344,-0.973579,-0.399167,-2.114495,-0.535210,1.581470,1.960227,0.496998,-0.471878,-0.786537,-0.095263,0.861724,0.001302,0.462421
41.928018,1.754547,-1.025839,-1.596570,-1.735818,1.220454,0.313529,0.423915,0.130502,-1.332060,-0.727660,0.094445,0.409240,0.250426,0.134839,0.541344,-0.973579,-0.399167,-2.114495,-0.535210,1.581470,1.960227,0.496998,-0.471878,-0.786537,-0.095263,0.861724,0.001302,0.462421
41.928976,1.752903,-1.027399,-1.586429,-1.734527,1.223162,0.313458,0.423450,0.108223,-1.382075,-0.683591,0.124800,0.412954,0.252513,0.134780,0.541853,-0.974050,-0.399966,-2.114588,-0.534350,1.581470,1.960686,0.499422,-0.473228,-0.790060,-0.094591,0.862979,-0.000389,0.460300
41.930101,1.759474,-1.025347,-1.584377,-1.733227,1.216150,0.312397,0.422752,0.089840,-1.423421,-0.629068,0.150775,0.417820,0.254846,0.134732,0.542357,-0.974522,-0.400759,-2.114683,-0.533486,1.581468,1.961142,0.500664,-0.472120,-0.793843,-0.094860,0.859825,-0.000431,0.461065
41.930950,1.760311,-1.021436,-1.580981,-1.730737,1.214584,0.311118,0.422292,0.075792,-1.455119,-0.565415,0.171954,0.423515,0.257412,0.134701,0.542852,-0.974994,-0.401558,-2.114780,-0.532614,1.581470,1.961609,0.499020,-0.473789,-0.794899,-0.095275,0.867913,0.000464,0.462521
41.932017,1.765021,-1.015367,-1.582882,-1.728052,1.220305,0.310539,0.422154,0.066711,-1.475703,-0.497099,0.187496,0.429484,0.260047,0.134709,0.543352,-0.975472,-0.402355,-2.114878,-0.531746,1.581474,1.962077,0.498353,-0.474750,-0.794304,-0.096527,0.868019,0.001601,0.463010
41.932901,1.761837,-1.011338,-1.581536,-1.726331,1.216638,0.311435,0.422113,0.062928,-1.483568,-0.429571,0.196722,0.435181,0.262560,0.134772,0.543843,-0.975960,-0.403137,-2.114979,-0.530882,1.581475,1.962534,0.497327,-0.477915,-0.793125,-0.098183,0.862780,0.002012,0.463272
41.934114,1.765736,-1.012333,-1.584440,-1.723474,1.219141,0.311070,0.422640,0.063958,-1.478393,-0.367190,0.199698,0.440220,0.264800,0.134884,0.544348,-0.976439,-0.403927,-2.115079,-0.530021,1.581473,1.963001,0.498870,-0.479094,-0.791908,-0.098638,0.865519,0.000987,0.462989
41.935099,1.769069,-1.009236,-1.578175,-1.723058,1.222198,0.311843,0.421015,0.067967,-1.463253,-0.313104,0.198122,0.444316,0.266683,0.135026,0.544850,-0.976919,-0.404709,-2.115181,-0.529157,1.581471,1.963454,0.499087,-0.479604,-0.791474,-0.100644,0.864774,0.001200,0.462186
41.935921,1.758443,-1.007792,-1.576580,-1.721258,1.218684,0.313506,0.421911,0.074210,-1.441508,-0.266748,0.193610,0.447590,0.268286,0.135174,0.545345,-0.977399,-0.405509,-2.115280,-0.528291,1.581467,1.963925,0.498138,-0.480910,-0.793490,-0.099919,0.861502,0.000295,0.465269
41.937016,1.757386,-1.014904,-1.581316,-1.719578,1.220343,0.312890,0.422854,0.082152,-1.415587,-0.226685,0.186793,0.450266,0.269647,0.135315,0.545858,-0.977880,-0.406302,-2.115380,-0.527431,1.581465,1.964388,0.502903,-0.480435,-0.791780,-0.100397,0.863540,-0.001481,0.462973
41.937984,1.760478,-1.011432,-1.574411,-1.718198,1.224703,0.312344,0.422804,0.087702,-1.393256,-0.196399,0.180966,0.452069,0.270678,0.135406,0.546362,-0.978356,-0.407082,-2.115482,-0.526567,1.581466,1.964842,0.504768,-0.477257,-0.789450,-0.101065,0.862631,-0.001005,0.461142
41.938950,1.762857,-1.005492,-1.572489,-1.717334,1.226440,0.311889,0.424231,0.088721,-1.380380,-0.177421,0.178651,0.452941,0.271413,0.135412,0.546867,-0.978836,-0.407879,-2.115583,-0.525725,1.581467,1.965307,0.503683,-0.478687,-0.791688,-0.101265,0.858135,-0.000604,0.461053
41.940096,1.774809,-0.997282,-1.570542,-1.715625,1.226994,0.310947,0.424158,0.088822,-1.371644,-0.165063,0.176787,0.453452,0.271977,0.135351,0.547370,-0.979324,-0.408676,-2.115682,-0.524869,1.581467,1.965759,0.503007,-0.481207,-0.791348,-0.101012,0.856174,-0.000289,0.458008
41.940999,1.779731,-0.989484,-1.566431,-1.714218,1.229107,0.309931,0.424835,0.093330,-1.356402,-0.154542,0.169930,0.454172,0.272408,0.135273,0.547857,-0.979824,-0.409462,-2.115784,-0.524007,1.581467,1.966212,0.498902,-0.485735,-0.792744,-0.101767,0.856885,0.000487,0.458329
41.941941,1.779434,-0.983873,-1.568396,-1.711829,1.226116,0.308344,0.425489,0.106621,-1.326152,-0.142611,0.154097,0.455484,0.272740,0.135246,0.548351,-0.980314,-0.410259,-2.115885,-0.523166,1.581473,1.966674,0.496635,-0.488780,-0.792972,-0.101899,0.854086,0.001340,0.456650
41.943098,1.784580,-0.982070,-1.573796,-1.714082,1.227817,0.309225,0.424948,0.129069,-1.279760,-0.129776,0.129116,0.457335,0.272907,0.135301,0.548852,-0.980813,-0.411036,-2.115991,-0.522300,1.581476,1.967120,0.497184,-0.490853,-0.790724,-0.102983,0.856576,0.002777,0.455166
41.944018,1.789495,-0.981521,-1.573138,-1.712090,1.229221,0.308422,0.425653,0.157653,-1.221458,-0.120725,0.096708,0.459184,0.272579,0.135425,0.549344,-0.981306,-0.411821,-2.116086,-0.521453,1.581474,1.967580,0.496521,-0.492305,-0.788533,-0.099919,0.856333,0.001716,0.456406
41.944954,1.788221,-0.979509,-1.574047,-1.710638,1.225025,0.310469,0.424726,0.190162,-1.156011,-0.118582,0.058363,0.460629,0.271493,0.135597,0.549836,-0.981799,-0.412610,-2.116188,-0.520600,1.581478,1.968036,0.494368,-0.491776,-0.787296,-0.100686,0.854285,0.002380,0.454711
41.946059,1.796622,-0.986842,-1.576970,-1.707927,1.226937,0.311343,0.424200,0.224485,-1.089770,-0.123952,0.017748,0.461488,0.269767,0.135785,0.550328,-0.982294,-0.413387,-2.116291,-0.519727,1.581473,1.968490,0.495473,-0.492083,-0.785543,-0.100887,0.857860,0.000202,0.456381
41.947039,1.805694,-0.992594,-1.584597,-1.708453,1.228860,0.311748,0.426487,0.257702,-1.030667,-0.137019,-0.019655,0.461595,0.267754,0.135938,0.550818,-0.982772,-0.414171,-2.116395,-0.518875,1.581466,1.968954,0.492827,-0.488818,-0.784157,-0.102535,0.856889,-0.000782,0.457453
41.947987,1.815142,-0.996012,-1.585426,-1.705594,1.228684,0.309917,0.426155,0.288127,-0.985782,-0.158480,-0.049986,0.460880,0.265723,0.136003,0.551303,-0.983253,-0.414936,-2.116491,-0.518026,1.581460,1.969394,0.489093,-0.485646,-0.779542,-0.100959,0.854894,-0.001287,0.452732
41.949008,1.825127,-0.998134,-1.585364,-1.704519,1.232528,0.309049,0.426302,0.316062,-0.957934,-0.188936,-0.072570,0.459454,0.263761,0.135951,0.551776,-0.983726,-0.415714,-2.116599,-0.517178,1.581462,1.969850,0.485098,-0.483557,-0.777958,-0.102472,0.854745,0.000416,0.453240
41.950009,1.831933,-0.994533,-1.589357,-1.702505,1.229690,0.309108,0.425977,0.343281,-0.945016,-0.225570,-0.088386,0.457744,0.262022,0.135820,0.552249,-0.984210,-0.416496,-2.116702,-0.516325,1.581464,1.970308,0.481339,-0.482415,-0.777372,-0.102397,0.851125,0.001114,0.452850
41.950996,1.837825,-0.990768,-1.582311,-1.700911,1.226155,0.308800,0.425754,0.371999,-0.941163,-0.264354,-0.099696,0.456228,0.260620,0.135665,0.552722,-0.984701,-0.417259,-2.116806,-0.515462,1.581461,1.970758,0.479045,-0.483940,-0.774790,-0.103212,0.854011,0.000920,0.453416
41.952094,1.835113,-0.993688,-1.584878,-1.699378,1.228948,0.308126,0.425847,0.404079,-0.938449,-0.301737,-0.109637,0.455225,0.259570,0.135524,0.553196,-0.985183,-0.418044,-2.116910,-0.514602,1.581463,1.971214,0.477094,-0.485554,-0.777421,-0.103584,0.857433,0.001079,0.453718
41.952974,1.835690,-0.995622,-1.581914,-1.700882,1.221106,0.308628,0.425983,0.439126,-0.933413,-0.334278,-0.119031,0.454953,0.258929,0.135434,0.553683,-0.985667,-0.418824,-2.117015,-0.513742,1.581461,1.971675,0.480081,-0.484385,-0.776155,-0.104031,0.855424,0.001612,0.453553
41.953952,1.831620,-0.995315,-1.583548,-1.700001,1.221050,0.310452,0.425144,0.473903,-0.929024,-0.362301,-0.126757,0.455293,0.258537,0.135401,0.554159,-0.986140,-0.419590,-2.117109,-0.512863,1.581460,1.972131,0.480012,-0.482658,-0.776010,-0.101385,0.862138,0.000976,0.452957
41.955078,1.837004,-0.994659,-1.585017,-1.702771,1.222715,0.310982,0.425483,0.533511,-0.928608,-0.413238,-0.138891,0.456719,0.257429,0.135345,0.555128,-0.987113,-0.421126,-2.117301,-0.511142,1.581452,1.973029,0.481952,-0.483246,-0.774079,-0.097594,0.861338,-0.001635,0.453950
41.956157,1.837926,-0.991733,-1.588386,-1.697472,1.220313,0.309023,0.425414,0.533511,-0.928608,-0.413238,-0.138891,0.456719,0.257429,0.135345,0.555128,-0.987113,-0.421126,-2.117301,-0.511142,1.581452,1.973029,0.481952,-0.483246,-0.774079,-0.097594,0.861338,-0.001635,0.453950
41.956990,1.840581,-0.993317,-1.579312,-1.696745,1.218014,0.309705,0.426178,0.558643,-0.927188,-0.436921,-0.147059,0.457576,0.256510,0.135261,0.555609,-0.987597,-0.421895,-2.117411,-0.510279,1.581457,1.973483,0.483040,-0.484938,-0.772414,-0.101729,0.864428,0.000165,0.454122
41.958086,1.847196,-0.983527,-1.584305,-1.694058,1.218744,0.309024,0.425114,0.580768,-0.924289,-0.458091,-0.155263,0.458455,0.255703,0.135120,0.556092,-0.988078,-0.422676,-2.117508,-0.509410,1.581453,1.973939,0.481537,-0.482988,-0.774763,-0.101165,0.865186,-0.000644,0.452169
41.959044,1.845872,-0.971737,-1.582893,-1.690848,1.218877,0.306037,0.423898,0.600770,-0.919150,-0.474716,-0.162888,0.459383,0.255300,0.134967,0.556565,-0.988579,-0.423437,-2.117616,-0.508538,1.581456,1.974391,0.479960,-0.488058,-0.772483,-0.102704,0.865142,-0.000122,0.454397
41.959948,1.845151,-0.965686,-1.578271,-1.689335,1.217905,0.306046,0.423101,0.620805,-0.904369,-0.486665,-0.173300,0.460237,0.255202,0.134902,0.557047,-0.989080,-0.424209,-2.117726,-0.507679,1.581466,1.974861,0.481352,-0.493297,-0.772174,-0.104533,0.864656,0.002689,0.456583
41.960918,1.843495,-0.956247,-1.579644,-1.684836,1.220625,0.306245,0.420923,0.641281,-0.874956,-0.494265,-0.188505,0.460810,0.255228,0.135006,0.557534,-0.989581,-0.424976,-2.117829,-0.506809,1.581469,1.975313,0.481973,-0.495330,-0.773043,-0.104710,0.864713,0.002499,0.457905
41.961988,1.839746,-0.955754,-1.577417,-1.683532,1.221795,0.306599,0.421012,0.660864,-0.832371,-0.497635,-0.207373,0.460990,0.255324,0.135305,0.558015,-0.990085,-0.425746,-2.117944,-0.505964,1.581472,1.975788,0.483596,-0.499446,-0.771415,-0.107737,0.861850,0.002143,0.462042
41.963093,1.838760,-0.957655,-1.577261,-1.680104,1.224840,0.307198,0.421044,0.676973,-0.781522,-0.498260,-0.226991,0.460613,0.255483,0.135769,0.558510,-0.990587,-0.426528,-2.118054,-0.505101,1.581473,1.976245,0.486796,-0.499607,-0.772357,-0.107757,0.861276,0.001627,0.461816
41.964023,1.838301,-0.963467,-1.584451,-1.680791,1.228155,0.307988,0.420477,0.686210,-0.730628,-0.497104,-0.243309,0.459594,0.255730,0.136337,0.559000,-0.991086,-0.427295,-2.118168,-0.504238,1.581474,1.976710,0.488873,-0.498821,-0.772697,-0.109901,0.859084,0.000860,0.461780
41.964950,1.836924,-0.967395,-1.587154,-1.675529,1.225405,0.308689,0.420649,0.685462,-0.689369,-0.497216,-0.252770,0.457819,0.255950,0.136940,0.559494,-0.991574,-0.428059,-2.118273,-0.503400,1.581474,1.977170,0.489452,-0.495234,-0.767866,-0.107871,0.855374,-0.000066,0.462664
41.966022,1.836279,-0.963592,-1.589023,-1.674649,1.228746,0.309959,0.420296,0.672158,-0.666511,-0.504781,-0.252610,0.455035,0.255918,0.137489,0.559991,-0.992066,-0.428817,-2.118391,-0.502537,1.581473,1.977627,0.490448,-0.492553,-0.765395,-0.111554,0.857521,-0.000894,0.462060
41.967007,1.841142,-0.958807,-1.587175,-1.671907,1.229304,0.309382,0.419756,0.645989,-0.664325,-0.522128,-0.241868,0.451239,0.255646,0.137907,0.560483,-0.992561,-0.429585,-2.118502,-0.501680,1.581468,1.978088,0.492136,-0.494555,-0.764466,-0.111124,0.854788,-0.002297,0.462765
41.968018,1.841940,-0.954337,-1.578130,-1.668188,1.227808,0.307612,0.420634,0.611065,-0.674588,-0.545505,-0.224648,0.446911,0.255206,0.138192,0.560974,-0.993065,-0.430356,-2.118617,-0.500836,1.581470,1.978556,0.490445,-0.496401,-0.764597,-0.112407,0.854275,-0.001857,0.463651
41.969062,1.840997,-0.953602,-1.578453,-1.667398,1.230543,0.307576,0.420993,0.572983,-0.687529,-0.568026,-0.205650,0.442817,0.254775,0.138396,0.561464,-0.993570,-0.431126,-2.118738,-0.499974,1.581476,1.979013,0.491021,-0.498224,-0.768600,-0.114539,0.855869,-0.000253,0.461766
41.970036,1.831970,-0.954395,-1.571878,-1.666608,1.226198,0.307181,0.419834,0.534641,-0.699200,-0.584406,-0.186430,0.439567,0.254546,0.138581,0.561963,-0.994066,-0.431896,-2.118850,-0.499130,1.581475,1.979473,0.492578,-0.498456,-0.768116,-0.113958,0.853636,-0.000379,0.461002
41.970999,1.824052,-0.962706,-1.572361,-1.666817,1.224736,0.306957,0.419370,0.495378,-0.710961,-0.594585,-0.167093,0.437267,0.254365,0.138807,0.562478,-0.994563,-0.432673,-2.118963,-0.498265,1.581474,1.979941,0.497548,-0.497529,-0.770458,-0.113312,0.857772,-0.000118,0.463136
41.972053,1.823707,-0.969350,-1.572572,-1.667570,1.226552,0.307375,0.419279,0.451771,-0.729502,-0.601834,-0.145628,0.435638,0.253952,0.139118,0.562984,-0.995050,-0.433431,-2.119070,-0.497398,1.581473,1.980400,0.501939,-0.492872,-0.769349,-0.111776,0.858819,-0.000028,0.463855
41.972932,1.814409,-0.971128,-1.565284,-1.664920,1.221132,0.306677,0.418823,0.401068,-0.762426,-0.610232,-0.119842,0.434366,0.253079,0.139507,0.563493,-0.995531,-0.434198,-2.119178,-0.496547,1.581471,1.980867,0.503098,-0.489667,-0.769086,-0.109790,0.857530,-0.000595,0.463962
41.973950,1.817693,-0.976138,-1.561305,-1.660628,1.218810,0.305603,0.419629,0.343406,-0.812126,-0.621021,-0.089204,0.433327,0.251767,0.139925,0.564015,-0.996016,-0.434964,-2.119290,-0.495677,1.581474,1.981326,0.507469,-0.487893,-0.771106,-0.110936,0.861863,-0.000027,0.464540
41.974983,1.827179,-0.975149,-1.565572,-1.657684,1.217569,0.305202,0.420770,0.280214,-0.877836,-0.631876,-0.052531,0.432506,0.250434,0.140323,0.564516,-0.996492,-0.435737,-2.119409,-0.494815,1.581475,1.981787,0.506644,-0.485353,-0.772541,-0.113697,0.864300,0.000897,0.462794
41.975944,1.828640,-0.975155,-1.559269,-1.653907,1.217477,0.305433,0.420236,0.215041,-0.955589,-0.641406,-0.010138,0.431875,0.249484,0.140678,0.565015,-0.996979,-0.436508,-2.119525,-0.493941,1.581476,1.982246,0.502871,-0.485807,-0.769987,-0.115186,0.865675,0.001135,0.460433
41.977101,1.831632,-0.981175,-1.570758,-1.651902,1.215283,0.304062,0.421400,0.152917,-1.037697,-0.649150,0.034694,0.431405,0.249048,0.141005,0.565515,-0.997465,-0.437277,-2.119647,-0.493070,1.581474,1.982707,0.502686,-0.485331,-0.772203,-0.117299,0.865299,0.000769,0.461329
41.977958,1.831309,-0.974950,-1.571602,-1.650311,1.214709,0.304325,0.421757,0.043116,-1.201645,-0.667189,0.124066,0.429930,0.248992,0.141552,0.566528,-0.998426,-0.438789,-2.119884,-0.491323,1.581477,1.983615,0.502819,-0.485178,-0.765129,-0.117781,0.867914,0.001568,0.458069
41.978924,1.829714,-0.983036,-1.566178,-1.649071,1.214897,0.305161,0.423434,0.043116,-1.201645,-0.667189,0.124066,0.429930,0.248992,0.141552,0.566528,-0.998426,-0.438789,-2.119884,-0.491323,1.581477,1.983615,0.502819,-0.485178,-0.765129,-0.117781,0.867914,0.001568,0.458069
41.979951,1.833046,-0.983619,-1.562571,-1.648677,1.212915,0.306975,0.421994,-0.004123,-1.278868,-0.682814,0.164434,0.428469,0.248651,0.141764,0.567032,-0.998893,-0.439565,-2.120001,-0.490466,1.581474,1.984065,0.504124,-0.480860,-0.766863,-0.117469,0.867472,0.000609,0.454538
41.980949,1.832309,-0.990658,-1.563918,-1.647727,1.216256,0.307587,0.422521,-0.045275,-1.352139,-0.698226,0.200902,0.426920,0.248143,0.141993,0.567537,-0.999376,-0.440341,-2.120118,-0.489587,1.581469,1.984533,0.503321,-0.480554,-0.768161,-0.116387,0.869524,-0.001335,0.457363
41.981989,1.828404,-0.993832,-1.561555,-1.643879,1.215432,0.308219,0.422683,-0.079984,-1.422122,-0.710331,0.233448,0.425594,0.247587,0.142254,0.568040,-0.999850,-0.441100,-2.120232,-0.488721,1.581463,1.984987,0.504427,-0.476891,-0.766917,-0.115898,0.866043,-0.002045,0.456152
41.983066,1.837819,-0.993076,-1.555762,-1.644580,1.219844,0.307329,0.420504,-0.109971,-1.491589,-0.719525,0.263977,0.424482,0.247139,0.142500,0.568552,-1.000318,-0.441873,-2.120355,-0.487840,1.581458,1.985442,0.507287,-0.475516,-0.767771,-0.118164,0.867053,-0.002799,0.455793
41.984006,1.847827,-0.988437,-1.546327,-1.640302,1.220884,0.305897,0.422070,-0.135236,-1.559762,-0.723844,0.292968,0.423727,0.247039,0.142695,0.569055,-1.000796,-0.442653,-2.120466,-0.486989,1.581458,1.985912,0.503776,-0.476195,-0.770560,-0.116166,0.863345,-0.002048,0.460153
41.984951,1.851343,-0.980420,-1.541171,-1.638286,1.221456,0.305009,0.420701,-0.150401,-1.617264,-0.716882,0.315933,0.423923,0.247494,0.142847,0.569541,-1.001274,-0.443430,-2.120590,-0.486134,1.581460,1.986362,0.499280,-0.478047,-0.774023,-0.118726,0.861857,-0.000755,0.456748
41.985981,1.855342,-0.976229,-1.543522,-1.634565,1.227770,0.304426,0.420153,-0.150727,-1.655040,-0.694052,0.329155,0.425504,0.248661,0.142971,0.570037,-1.001764,-0.444209,-2.120711,-0.485284,1.581459,1.986827,0.497999,-0.481467,-0.775342,-0.119043,0.860914,-0.000003,0.459296
41.986980,1.853832,-0.970944,-1.545562,-1.633784,1.225118,0.304213,0.421566,-0.136235,-1.669877,-0.657393,0.332021,0.428294,0.250443,0.143073,0.570534,-1.002256,-0.444974,-2.120838,-0.484434,1.581457,1.987285,0.497006,-0.483403,-0.773805,-0.121068,0.854910,0.000437,0.460298
41.987943,1.853442,-0.964379,-1.544748,-1.630846,1.225664,0.304597,0.419959,-0.110355,-1.663816,-0.613814,0.325717,0.431672,0.252480,0.143156,0.571028,-1.002743,-0.445745,-2.120956,-0.483585,1.581461,1.987740,0.498624,-0.485785,-0.772100,-0.120293,0.857751,0.000478,0.457320
41.988981,1.853989,-0.963508,-1.541340,-1.629157,1.231147,0.303942,0.419909,-0.077155,-1.640199,-0.569640,0.311776,0.434986,0.254418,0.143233,0.571529,-1.003238,-0.446523,-2.121080,-0.482727,1.581458,1.988210,0.499307,-0.488510,-0.771437,-0.121507,0.856867,-0.000033,0.460354
41.989972,1.852742,-0.959207,-1.542984,-1.627040,1.225316,0.306681,0.420162,-0.039593,-1.602817,-0.526641,0.292330,0.438008,0.256186,0.143328,0.572025,-1.003730,-0.447290,-2.121203,-0.481873,1.581460,1.988670,0.500112,-0.488813,-0.772874,-0.121589,0.851741,0.000471,0.460353
41.990981,1.855312,-0.957646,-1.537280,-1.624754,1.225755,0.307418,0.420440,0.038789,-1.505777,-0.445366,0.247443,0.443029,0.259547,0.143542,0.573031,-1.004720,-0.448833,-2.121448,-0.480151,1.581449,1.989582,0.500895,-0.491047,-0.773559,-0.122720,0.857153,-0.003239,0.459048
41.992016,1.853456,-0.956901,-1.536250,-1.623571,1.230367,0.305328,0.422598,0.038789,-1.505777,-0.445366,0.247443,0.443029,0.259547,0.143542,0.573031,-1.004720,-0.448833,-2.121448,-0.480151,1.581449,1.989582,0.500895,-0.491047,-0.773559,-0.122720,0.857153,-0.003239,0.459048
41.992947,1.864495,-0.950346,-1.529123,-1.621128,1.227865,0.303183,0.421415,0.076320,-1.453116,-0.406917,0.225588,0.445069,0.261358,0.143621,0.573530,-1.005209,-0.449611,-2.121570,-0.479307,1.581451,1.990033,0.502861,-0.491327,-0.773593,-0.122302,0.852962,-0.001284,0.454656
41.994013,1.873154,-0.947862,-1.527645,-1.616436,1.226678,0.303419,0.421845,0.112986,-1.398886,-0.368041,0.204003,0.447092,0.263317,0.143667,0.574021,-1.005709,-0.450396,-2.121696,-0.478451,1.581456,1.990497,0.497677,-0.493831,-0.775743,-0.122937,0.854972,0.000699,0.456816
41.995049,1.877252,-0.936607,-1.522321,-1.615012,1.228525,0.301431,0.423153,0.151476,-1.340452,-0.326959,0.181466,0.449423,0.265546,0.143681,0.574506,-1.006210,-0.451170,-2.121828,-0.477581,1.581452,1.990944,0.494767,-0.494997,-0.776331,-0.125867,0.856629,0.000304,0.455958
41.996047,1.876816,-0.935579,-1.520246,-1.611584,1.225743,0.300079,0.423732,0.193727,-1.274896,-0.282430,0.157278,0.452288,0.268163,0.143677,0.574999,-1.006719,-0.451956,-2.121954,-0.476735,1.581460,1.991396,0.493828,-0.500351,-0.778467,-0.125578,0.855200,0.002119,0.453284
41.996914,1.875992,-0.929728,-1.515430,-1.613204,1.222264,0.301468,0.423342,0.239131,-1.201137,-0.235059,0.130977,0.455622,0.270989,0.143682,0.575501,-1.007223,-0.452731,-2.122083,-0.475869,1.581465,1.991839,0.494799,-0.500339,-0.778744,-0.127224,0.857945,0.003287,0.452067
41.998033,1.878240,-0.938217,-1.520996,-1.612416,1.222761,0.301154,0.422674,0.285010,-1.122453,-0.187734,0.103215,0.459087,0.273653,0.143706,0.575990,-1.007723,-0.453515,-2.122200,-0.474999,1.581465,1.992293,0.495197,-0.502118,-0.779176,-0.123871,0.860167,0.001749,0.452525
41.998950,1.877918,-0.940333,-1.522708,-1.609722,1.222166,0.302918,0.422437,0.364679,-0.979047,-0.113190,0.050551,0.464620,0.276971,0.143778,0.576985,-1.008712,-0.455060,-2.122447,-0.473279,1.581463,1.993199,0.496081,-0.496285,-0.774451,-0.124115,0.860556,0.000010,0.454183
42.000049,1.887225,-0.938626,-1.528489,-1.609042,1.219790,0.304004,0.423329,0.364679,-0.979047,-0.113190,0.050551,0.464620,0.276971,0.143778,0.576985,-1.008712,-0.455060,-2.122447,-0.473279,1.581463,1.993199,0.496081,-0.496285,-0.774451,-0.124115,0.860556,0.000010,0.454183
42.000921,1.889289,-0.941972,-1.523182,-1.607467,1.223867,0.302789,0.421639,0.393070,-0.928875,-0.094926,0.032166,0.465939,0.277565,0.143788,0.577472,-1.009207,-0.455830,-2.122569,-0.472420,1.581460,1.993654,0.492975,-0.497370,-0.771737,-0.123271,0.863824,-0.001204,0.452433
42.001911,1.889103,-0.946487,-1.518391,-1.602224,1.223024,0.302737,0.422261,0.415951,-0.891505,-0.088946,0.018192,0.466337,0.277599,0.143780,0.577966,-1.009699,-0.456610,-2.122691,-0.471566,1.581460,1.994121,0.491946,-0.494629,-0.772559,-0.123059,0.858626,-0.000097,0.455481
42.003102,1.904326,-0.946802,-1.524813,-1.601695,1.226072,0.301633,0.422963,0.434091,-0.868319,-0.090487,0.010173,0.466219,0.277493,0.143746,0.578453,-1.010190,-0.457381,-2.122824,-0.470695,1.581459,1.994568,0.492908,-0.492008,-0.774206,-0.126429,0.859328,-0.000190,0.454092
42.004030,1.904491,-0.947771,-1.518843,-1.601045,1.225150,0.301470,0.421202,0.448048,-0.860260,-0.095869,0.009914,0.465941,0.277667,0.143674,0.578934,-1.010676,-0.458147,-2.122948,-0.469843,1.581460,1.995026,0.487523,-0.492704,-0.771983,-0.125481,0.857981,0.000743,0.452890
42.004905,1.898588,-0.948938,-1.521691,-1.599689,1.222178,0.301208,0.420116,0.461337,-0.860942,-0.103428,0.013479,0.465758,0.278017,0.143577,0.579426,-1.011165,-0.458915,-2.123070,-0.468981,1.581460,1.995485,0.487868,-0.491522,-0.773751,-0.124397,0.858280,0.000767,0.456201
42.006046,1.898285,-0.952136,-1.527823,-1.602162,1.227456,0.301952,0.421227,0.474392,-0.867299,-0.113551,0.018250,0.465634,0.278260,0.143456,0.579916,-1.011648,-0.459679,-2.123192,-0.468126,1.581460,1.995949,0.490880,-0.490031,-0.770614,-0.123972,0.860240,0.000899,0.457995
42.006938,1.888628,-0.947954,-1.526054,-1.600897,1.224810,0.302053,0.421547,0.484293,-0.880698,-0.130137,0.024032,0.465180,0.278034,0.143272,0.580415,-1.012138,-0.460447,-2.123304,-0.467257,1.581459,1.996404,0.492750,-0.488928,-0.768133,-0.120258,0.856027,-0.000010,0.455859
42.007911,1.892875,-0.944063,-1.518617,-1.600938,1.226057,0.302079,0.422037,0.489576,-0.899525,-0.155641,0.029181,0.464120,0.277022,0.142990,0.580915,-1.012632,-0.461206,-2.123422,-0.466402,1.581457,1.996854,0.497645,-0.490091,-0.767573,-0.119893,0.857855,-0.000224,0.454953
42.008986,1.896650,-0.949261,-1.526299,-1.599199,1.230649,0.302072,0.422197,0.491616,-0.918418,-0.186181,0.031671,0.462625,0.275343,0.142608,0.581411,-1.013120,-0.461982,-2.123536,-0.465557,1.581456,1.997310,0.496090,-0.491620,-0.770369,-0.118352,0.856493,-0.000385,0.453804
42.009979,1.901078,-0.949216,-1.528116,-1.599790,1.225999,0.300606,0.421307,0.493073,-0.933721,-0.217090,0.030666,0.461020,0.273348,0.142153,0.581909,-1.013607,-0.462733,-2.123654,-0.464707,1.581454,1.997757,0.495511,-0.489146,-0.766673,-0.118671,0.852621,-0.000520,0.453541
42.010983,1.907608,-0.949301,-1.536172,-1.597737,1.229574,0.299515,0.422562,0.494537,-0.946908,-0.249414,0.026944,0.459216,0.271161,0.141656,0.582396,-1.014091,-0.463494,-2.123768,-0.463839,1.581456,1.998215,0.494160,-0.488935,-0.765176,-0.116615,0.857208,0.000803,0.455200
42.011942,1.908822,-0.943119,-1.540480,-1.595734,1.232041,0.298851,0.421730,0.496048,-0.958727,-0.286232,0.020577,0.456887,0.268702,0.141154,0.582887,-1.014579,-0.464251,-2.123885,-0.462996,1.581461,1.998668,0.491797,-0.488644,-0.760653,-0.117198,0.853763,0.001717,0.452549
42.012923,1.914800,-0.939915,-1.543323,-1.590680,1.230344,0.299994,0.420659,0.498202,-0.967410,-0.329208,0.011314,0.453833,0.265964,0.140688,0.583373,-1.015079,-0.464994,-2.124000,-0.462142,1.581464,1.999118,0.491864,-0.491118,-0.757827,-0.117674,0.851010,0.002220,0.454089
42.013997,1.915953,-0.933742,-1.546688,-1.590396,1.231388,0.300858,0.421446,0.501177,-0.971355,-0.377848,0.000422,0.450048,0.263157,0.140294,0.583862,-1.015569,-0.465752,-2.124128,-0.461298,1.581462,1.999578,0.489621,-0.492310,-0.755732,-0.120950,0.852751,0.000931,0.456067
42.015050,1.912006,-0.927934,-1.551445,-1.587313,1.236517,0.300309,0.420633,0.505337,-0.968870,-0.429577,-0.011089,0.445724,0.260520,0.139984,0.584360,-1.016076,-0.466509,-2.124246,-0.460445,1.581460,2.000034,0.490373,-0.495331,-0.754184,-0.119765,0.852395,-0.000076,0.454466
42.016023,1.909331,-0.928299,-1.556362,-1.586408,1.231879,0.301267,0.420421,0.510273,-0.958127,-0.482254,-0.023682,0.441093,0.258025,0.139745,0.584854,-1.016576,-0.467251,-2.124371,-0.459599,1.581461,2.000490,0.493561,-0.498108,-0.751933,-0.121237,0.847813,0.000330,0.456093
42.016954,1.905090,-0.926979,-1.552287,-1.584958,1.232478,0.301055,0.419957,0.513365,-0.941381,-0.536154,-0.036333,0.436260,0.255541,0.139553,0.585357,-1.017077,-0.467995,-2.124492,-0.458743,1.581460,2.000949,0.495443,-0.497321,-0.748888,-0.120485,0.852354,-0.000778,0.456328
42.018102,1.915638,-0.931454,-1.554138,-1.582981,1.233054,0.301104,0.419855,0.511712,-0.924442,-0.591212,-0.046613,0.431378,0.253043,0.139379,0.585861,-1.017578,-0.468741,-2.124612,-0.457890,1.581456,2.001409,0.497821,-0.497174,-0.750011,-0.120247,0.851181,-0.000665,0.457010
42.018942,1.919654,-0.928803,-1.544161,-1.581191,1.231483,0.302198,0.422223,0.505328,-0.911095,-0.643600,-0.053133,0.426958,0.250709,0.139206,0.586346,-1.018065,-0.469491,-2.124736,-0.457031,1.581455,2.001864,0.494435,-0.495489,-0.749919,-0.120759,0.851898,-0.000877,0.457347
42.019918,1.919925,-0.920184,-1.541441,-1.578241,1.224665,0.300293,0.421278,0.497207,-0.901648,-0.687529,-0.055891,0.423681,0.248873,0.139014,0.586837,-1.018566,-0.470252,-2.124855,-0.456181,1.581454,2.002313,0.492232,-0.495513,-0.753015,-0.120782,0.852197,-0.002095,0.452194
42.020972,1.924260,-0.922669,-1.542116,-1.577696,1.225053,0.298909,0.420250,0.490558,-0.892343,-0.718321,-0.056595,0.421914,0.247720,0.138818,0.587333,-1.019078,-0.471000,-2.124982,-0.455306,1.581457,2.002762,0.492774,-0.499164,-0.753750,-0.121964,0.858718,-0.000320,0.454019
42.022135,1.920957,-0.923471,-1.554227,-1.575681,1.223113,0.299177,0.421565,0.486303,-0.879817,-0.735812,-0.057113,0.421449,0.247095,0.138677,0.587819,-1.019570,-0.471752,-2.125100,-0.454458,1.581462,2.003225,0.491886,-0.497859,-0.753420,-0.121014,0.858849,0.000876,0.456024
42.023066,1.920370,-0.922395,-1.553101,-1.573856,1.222689,0.298264,0.421171,0.481932,-0.867240,-0.746065,-0.056853,0.421578,0.246631,0.138628,0.588320,-1.020071,-0.472487,-2.125221,-0.453581,1.581461,2.003670,0.495437,-0.497952,-0.748481,-0.121648,0.862047,0.000432,0.453554
42.024171,1.916532,-0.924633,-1.555929,-1.572309,1.223654,0.298985,0.421487,0.473768,-0.859854,-0.756249,-0.053775,0.421511,0.246036,0.138663,0.588815,-1.020563,-0.473235,-2.125344,-0.452726,1.581463,2.004124,0.496058,-0.497785,-0.748096,-0.121728,0.861888,0.001211,0.454140
42.025019,1.906636,-0.925190,-1.547410,-1.572021,1.222462,0.301092,0.422295,0.460122,-0.860156,-0.768291,-0.046596,0.420905,0.245272,0.138748,0.589324,-1.021062,-0.473991,-2.125467,-0.451863,1.581461,2.004579,0.499373,-0.496846,-0.747081,-0.121742,0.861802,0.000323,0.453563
42.026093,1.903743,-0.933564,-1.542703,-1.571373,1.226611,0.301227,0.423467,0.439915,-0.870033,-0.780013,-0.034312,0.419791,0.244461,0.138835,0.589832,-1.021557,-0.474743,-2.125583,-0.450993,1.581456,2.005020,0.503985,-0.495362,-0.749642,-0.120331,0.861586,-0.001891,0.451617
42.027029,1.902732,-0.938331,-1.540757,-1.567437,1.221041,0.300220,0.423189,0.412104,-0.892056,-0.787506,-0.015772,0.418430,0.243813,0.138873,0.590345,-1.022034,-0.475505,-2.125704,-0.450142,1.581453,2.005466,0.506516,-0.491435,-0.752066,-0.119489,0.858133,-0.002142,0.449317
42.027934,1.902339,-0.940006,-1.531350,-1.565081,1.221622,0.298296,0.423668,0.376359,-0.929474,-0.788537,0.010792,0.417066,0.243611,0.138823,0.590858,-1.022516,-0.476251,-2.125829,-0.449268,1.581455,2.005921,0.507181,-0.488495,-0.752088,-0.121659,0.863097,-0.001272,0.449673
42.029026,1.905786,-0.947197,-1.530290,-1.561549,1.229254,0.297878,0.424564,0.333762,-0.982660,-0.782844,0.046214,0.415819,0.244089,0.138653,0.591365,-1.022994,-0.477016,-2.125954,-0.448401,1.581459,2.006363,0.507418,-0.486998,-0.755410,-0.122182,0.861566,0.000507,0.448477
42.029999,1.903151,-0.947263,-1.524936,-1.558470,1.225395,0.296078,0.424465,0.286951,-1.048605,-0.769107,0.089385,0.414947,0.245387,0.138354,0.591873,-1.023474,-0.477778,-2.126084,-0.447560,1.581461,2.006804,0.506976,-0.483728,-0.756141,-0.124011,0.854864,0.000741,0.446777
42.030922,1.900671,-0.945402,-1.519353,-1.556544,1.225690,0.295967,0.423871,0.237830,-1.124358,-0.747284,0.139004,0.414615,0.247511,0.137970,0.592388,-1.023957,-0.478534,-2.126214,-0.446698,1.581465,2.007247,0.508726,-0.483359,-0.758115,-0.125244,0.858573,0.002391,0.446879
42.032033,1.899645,-0.944007,-1.512964,-1.555183,1.232100,0.296750,0.422430,0.187922,-1.204699,-0.718591,0.192353,0.414786,0.250226,0.137590,0.592899,-1.024438,-0.479300,-2.126341,-0.445848,1.581467,2.007698,0.510071,-0.483684,-0.759628,-0.125304,0.857673,0.002342,0.447846
42.032910,1.893589,-0.945918,-1.511195,-1.555458,1.227341,0.296582,0.422386,0.139801,-1.281919,-0.682620,0.245027,0.415548,0.253225,0.137284,0.593419,-1.024924,-0.480073,-2.126464,-0.445001,1.581466,2.008158,0.511859,-0.484758,-0.763095,-0.125143,0.852291,0.001394,0.450805
42.033971,1.889509,-0.947746,-1.504218,-1.552998,1.228701,0.296468,0.422554,0.094912,-1.351464,-0.640152,0.293639,0.416888,0.256175,0.137087,0.593933,-1.025406,-0.480830,-2.126585,-0.444134,1.581467,2.008605,0.514662,-0.482888,-0.762376,-0.123093,0.856020,0.001435,0.450567
42.034914,1.883023,-0.950933,-1.505538,-1.551461,1.229889,0.296844,0.420319,0.052213,-1.414192,-0.594453,0.337588,0.418501,0.258793,0.137005,0.594461,-1.025882,-0.481600,-2.126712,-0.443286,1.581465,2.009058,0.517550,-0.482207,-0.765762,-0.123897,0.855259,0.001409,0.450225
42.036022,1.889767,-0.959328,-1.503306,-1.555425,1.227961,0.297014,0.421470,0.009800,-1.473503,-0.548637,0.378642,0.420079,0.261063,0.137014,0.594993,-1.026358,-0.482356,-2.126835,-0.442430,1.581462,2.009524,0.520793,-0.480155,-0.764079,-0.123691,0.853608,0.000910,0.454485
42.036967,1.890936,-0.958365,-1.498828,-1.552287,1.227104,0.297811,0.421450,-0.032419,-1.531384,-0.505914,0.416461,0.421399,0.262836,0.137048,0.595504,-1.026824,-0.483127,-2.126946,-0.441580,1.581459,2.009965,0.518728,-0.476538,-0.765482,-0.118468,0.856609,0.000602,0.452244
42.038108,1.894390,-0.956496,-1.497984,-1.550048,1.230411,0.296943,0.421991,-0.071585,-1.586079,-0.467102,0.448156,0.422506,0.263958,0.137034,0.596025,-1.027304,-0.483907,-2.127068,-0.440720,1.581455,2.010418,0.518301,-0.476579,-0.766467,-0.119968,0.856974,-0.000314,0.452105
42.038965,1.892074,-0.949756,-1.503463,-1.548762,1.227000,0.297064,0.421899,-0.104798,-1.633730,-0.430379,0.472880,0.423639,0.264748,0.136958,0.596538,-1.027788,-0.484673,-2.127190,-0.439865,1.581456,2.010867,0.518142,-0.478096,-0.767489,-0.120748,0.854902,0.000396,0.451164
42.039985,1.889900,-0.944708,-1.502586,-1.546172,1.227060,0.296473,0.420821,-0.130832,-1.670149,-0.397214,0.490216,0.424756,0.265364,0.136837,0.597062,-1.028266,-0.485436,-2.127310,-0.439010,1.581459,2.011320,0.518826,-0.480518,-0.762880,-0.120244,0.857175,0.000124,0.451007
42.040957,1.888978,-0.944259,-1.504077,-1.544729,1.227120,0.295476,0.422439,-0.149749,-1.692309,-0.371700,0.499163,0.425589,0.265604,0.136681,0.597592,-1.028754,-0.486192,-2.127435,-0.438148,1.581461,2.011770,0.520467,-0.482893,-0.763059,-0.121175,0.857245,0.000567,0.453123
42.042031,1.891129,-0.944217,-1.501037,-1.545762,1.224925,0.296327,0.421505,-0.162693,-1.700989,-0.355023,0.500816,0.426077,0.265423,0.136504,0.598110,-1.029233,-0.486958,-2.127554,-0.437301,1.581463,2.012216,0.521281,-0.482779,-0.761441,-0.121015,0.857072,0.001411,0.449708
42.043033,1.895735,-0.939616,-1.490818,-1.545499,1.221117,0.296052,0.420523,-0.170416,-1.698969,-0.345521,0.496442,0.426391,0.264838,0.136319,0.598636,-1.029718,-0.487729,-2.127666,-0.436430,1.581460,2.012672,0.521147,-0.482972,-0.762951,-0.118663,0.859829,0.000405,0.451637
42.043983,1.895298,-0.937591,-1.495012,-1.542328,1.218818,0.296273,0.418932,-0.171209,-1.685557,-0.337893,0.484933,0.426961,0.263874,0.136172,0.599149,-1.030215,-0.488502,-2.127782,-0.435553,1.581461,2.013124,0.519453,-0.484926,-0.767412,-0.117469,0.863486,0.000543,0.453498
42.044917,1.904845,-0.937448,-1.493987,-1.542383,1.215493,0.296048,0.419058,-0.163775,-1.659985,-0.328044,0.466287,0.428060,0.262698,0.136138,0.599667,-1.030698,-0.489261,-2.127903,-0.434689,1.581461,2.013589,0.519902,-0.485431,-0.764282,-0.118983,0.865303,0.000177,0.456451
42.046028,1.909819,-0.942523,-1.505158,-1.542297,1.217621,0.295830,0.419368,-0.149181,-1.625861,-0.318741,0.442844,0.429418,0.261402,0.136252,0.600179,-1.031184,-0.490027,-2.128012,-0.433810,1.581460,2.014050,0.515256,-0.484884,-0.763644,-0.117487,0.867872,0.000278,0.455917
42.047008,1.915278,-0.932174,-1.497260,-1.540168,1.213363,0.295775,0.417759,-0.101796,-1.547773,-0.317958,0.385941,0.431518,0.257989,0.136805,0.601197,-1.032162,-0.491540,-2.128244,-0.432066,1.581458,2.014966,0.511991,-0.487522,-0.761837,-0.116872,0.870559,0.000261,0.458449
42.048040,1.924974,-0.925011,-1.496836,-1.540475,1.214797,0.296120,0.417462,-0.101796,-1.547773,-0.317958,0.385941,0.431518,0.257989,0.136805,0.601197,-1.032162,-0.491540,-2.128244,-0.432066,1.581458,2.014966,0.511991,-0.487522,-0.761837,-0.116872,0.870559,0.000261,0.458449
42.048968,1.927941,-0.914390,-1.491834,-1.537560,1.215815,0.297004,0.418825,-0.066188,-1.498373,-0.322285,0.350088,0.432342,0.255997,0.137200,0.601702,-1.032666,-0.492294,-2.128355,-0.431197,1.581454,2.015422,0.508051,-0.490804,-0.761819,-0.115224,0.869262,-0.000213,0.458954
42.049975,1.927981,-0.912364,-1.498261,-1.535989,1.210619,0.296802,0.418445,-0.018359,-1.432758,-0.322217,0.305833,0.433486,0.254064,0.137634,0.602202,-1.033166,-0.493057,-2.128475,-0.430337,1.581451,2.015882,0.506870,-0.495314,-0.763138,-0.116494,0.867622,-0.001216,0.455935
42.050986,1.932402,-0.913298,-1.497916,-1.537221,1.215898,0.295474,0.418174,0.039692,-1.352713,-0.318449,0.255219,0.434821,0.252310,0.138037,0.602712,-1.033663,-0.493817,-2.128593,-0.429458,1.581451,2.016342,0.507566,-0.495946,-0.759403,-0.116536,0.872754,-0.001151,0.456611
42.052034,1.940302,-0.912959,-1.505595,-1.535798,1.219210,0.297298,0.418012,0.102863,-1.266430,-0.315502,0.202223,0.435919,0.250623,0.138357,0.603211,-1.034162,-0.494569,-2.128702,-0.428592,1.581453,2.016794,0.506188,-0.495126,-0.759255,-0.113960,0.867404,0.000028,0.457066
42.052944,1.951801,-0.919921,-1.503098,-1.533640,1.218529,0.295542,0.417808,0.168152,-1.180829,-0.316275,0.149040,0.436642,0.248831,0.138563,0.603708,-1.034658,-0.495321,-2.128816,-0.427738,1.581450,2.017249,0.503347,-0.495210,-0.755339,-0.114032,0.864586,-0.001959,0.457352
42.053975,1.960455,-0.922260,-1.499197,-1.532435,1.222047,0.295003,0.417830,0.234387,-1.101566,-0.321438,0.098358,0.437120,0.247072,0.138645,0.604197,-1.035141,-0.496069,-2.128931,-0.426873,1.581455,2.017711,0.497870,-0.490968,-0.755477,-0.114609,0.864476,-0.000327,0.457466
42.055012,1.967774,-0.919227,-1.507545,-1.530425,1.222916,0.295062,0.418240,0.300944,-1.033751,-0.328247,0.053375,0.437683,0.245685,0.138598,0.604681,-1.035625,-0.496833,-2.129045,-0.426027,1.581456,2.018166,0.494735,-0.489786,-0.757119,-0.114422,0.861338,0.000044,0.457357
42.056023,1.966184,-0.921888,-1.509763,-1.529465,1.226659,0.294727,0.417675,0.367864,-0.976941,-0.334142,0.014373,0.438526,0.244786,0.138441,0.605170,-1.036121,-0.497582,-2.129161,-0.425164,1.581454,2.018619,0.492216,-0.491170,-0.752788,-0.115007,0.860773,-0.000159,0.456484
42.056898,1.958740,-0.920943,-1.516144,-1.527021,1.226040,0.295138,0.416847,0.433446,-0.929200,-0.341586,-0.019342,0.439333,0.244189,0.138233,0.605663,-1.036610,-0.498324,-2.129272,-0.424308,1.581456,2.019076,0.493987,-0.489586,-0.751478,-0.114594,0.857139,0.000021,0.457531
42.058094,1.963140,-0.924491,-1.515570,-1.526787,1.230180,0.295460,0.417201,0.492776,-0.893225,-0.354799,-0.046075,0.439592,0.243694,0.138039,0.606166,-1.037095,-0.499064,-2.129389,-0.423461,1.581453,2.019541,0.497608,-0.489135,-0.746890,-0.115374,0.856841,-0.000504,0.458823
42.058960,1.955868,-0.921832,-1.518959,-1.526309,1.230458,0.296967,0.415950,0.542059,-0.871086,-0.374985,-0.064407,0.439125,0.243242,0.137877,0.606666,-1.037584,-0.499807,-2.129500,-0.422612,1.581451,2.019992,0.497476,-0.488178,-0.748584,-0.114483,0.854478,-0.000989,0.458332
42.059987,1.955657,-0.918029,-1.512157,-1.524104,1.231497,0.296819,0.415126,0.581140,-0.860316,-0.399785,-0.075776,0.438167,0.242814,0.137746,0.607168,-1.038071,-0.500549,-2.129612,-0.421752,1.581446,2.020458,0.500981,-0.488518,-0.745373,-0.113402,0.853063,-0.002603,0.460474
42.060919,1.954381,-0.915131,-1.517686,-1.523447,1.230208,0.295143,0.414647,0.611028,-0.856289,-0.425931,-0.082461,0.437062,0.242445,0.137678,0.607673,-1.038562,-0.501307,-2.129729,-0.420907,1.581446,2.020925,0.501948,-0.490275,-0.748549,-0.114144,0.852411,-0.002586,0.461997
42.062004,1.955700,-0.921943,-1.513735,-1.522713,1.227501,0.292497,0.414195,0.633239,-0.854067,-0.450820,-0.086575,0.436128,0.242197,0.137701,0.608172,-1.039059,-0.502040,-2.129841,-0.420054,1.581448,2.021388,0.502898,-0.490949,-0.744911,-0.113308,0.853193,-0.001039,0.462683
42.063010,1.962336,-0.923300,-1.521081,-1.520361,1.226621,0.288842,0.414325,0.648267,-0.852930,-0.474377,-0.089040,0.435501,0.241993,0.137800,0.608676,-1.039537,-0.502794,-2.129953,-0.419197,1.581456,2.021854,0.503524,-0.487834,-0.747213,-0.112769,0.856693,0.001412,0.463576
42.064015,1.964299,-0.916461,-1.512896,-1.521213,1.222848,0.288802,0.413623,0.655708,-0.856124,-0.497950,-0.088973,0.435170,0.241751,0.137929,0.609175,-1.040024,-0.503541,-2.130068,-0.418337,1.581466,2.022318,0.501004,-0.486955,-0.743141,-0.113665,0.857595,0.004869,0.463163
42.064929,1.964277,-0.911955,-1.513667,-1.522219,1.219277,0.290068,0.413842,0.657888,-0.861074,-0.520858,-0.088128,0.435158,0.241353,0.138067,0.609671,-1.040523,-0.504291,-2.130177,-0.417466,1.581470,2.022780,0.500884,-0.490044,-0.746938,-0.111468,0.861335,0.004702,0.464450
42.065984,1.963351,-0.906608,-1.511737,-1.521518,1.220533,0.291080,0.415147,0.658869,-0.859196,-0.539905,-0.091641,0.435510,0.240549,0.138226,0.610176,-1.041011,-0.505040,-2.130283,-0.416603,1.581469,2.023245,0.501028,-0.491524,-0.745347,-0.109123,0.864117,0.003298,0.463688
42.066984,1.957223,-0.898183,-1.515945,-1.516501,1.214822,0.291527,0.416115,0.660304,-0.845748,-0.553590,-0.102341,0.436080,0.239187,0.138409,0.610686,-1.041513,-0.505781,-2.130388,-0.415735,1.581468,2.023696,0.502522,-0.494079,-0.746510,-0.108683,0.863224,0.002146,0.461054
42.068053,1.960568,-0.895027,-1.522859,-1.515838,1.213435,0.292896,0.416551,0.660313,-0.821863,-0.563437,-0.117972,0.436464,0.237456,0.138605,0.611193,-1.042014,-0.506524,-2.130508,-0.414869,1.581468,2.024152,0.506290,-0.497874,-0.744031,-0.112158,0.868932,0.001555,0.459004
42.068977,1.960657,-0.895088,-1.517354,-1.514668,1.215197,0.292305,0.416597,0.656122,-0.790852,-0.573402,-0.134724,0.436137,0.235592,0.138832,0.611700,-1.042520,-0.507263,-2.130616,-0.413989,1.581466,2.024612,0.505726,-0.499333,-0.740863,-0.111582,0.870680,0.000038,0.458129
42.069983,1.957938,-0.895918,-1.520487,-1.511790,1.210714,0.292269,0.417621,0.647271,-0.756284,-0.585461,-0.150995,0.434967,0.233647,0.139108,0.612205,-1.043021,-0.508002,-2.130728,-0.413114,1.581467,2.025064,0.505883,-0.498424,-0.742725,-0.111259,0.868070,0.000510,0.457809
42.070955,1.961162,-0.902396,-1.519466,-1.509807,1.209505,0.291445,0.417692,0.633368,-0.723559,-0.598125,-0.164713,0.433211,0.231751,0.139404,0.612718,-1.043512,-0.508742,-2.130846,-0.412241,1.581466,2.025521,0.507912,-0.497747,-0.740882,-0.112633,0.872546,0.000401,0.455631
42.072094,1.959532,-0.907508,-1.517985,-1.507640,1.212242,0.291212,0.418319,0.612439,-0.700273,-0.611657,-0.172010,0.430983,0.230106,0.139675,0.613228,-1.044005,-0.509472,-2.130959,-0.411362,1.581467,2.025977,0.506716,-0.493991,-0.740988,-0.113155,0.873283,0.001087,0.455341
42.072979,1.957651,-0.902365,-1.515221,-1.505508,1.210801,0.290768,0.419585,0.583387,-0.692697,-0.625562,-0.169902,0.428478,0.228894,0.139903,0.613739,-1.044491,-0.510222,-2.131076,-0.410502,1.581465,2.026424,0.509149,-0.491983,-0.742523,-0.113989,0.871714,0.001159,0.454232
42.073993,1.954045,-0.901522,-1.525665,-1.502453,1.211868,0.291093,0.419359,0.547158,-0.700831,-0.637365,-0.158541,0.425977,0.228207,0.140104,0.614253,-1.044988,-0.510967,-2.131191,-0.409622,1.581466,2.026872,0.509886,-0.493566,-0.742537,-0.114512,0.871993,0.001472,0.451401
42.075007,1.943417,-0.903148,-1.521204,-1.500350,1.214225,0.290132,0.419525,0.505377,-0.720321,-0.648643,-0.140331,0.423361,0.227889,0.140283,0.614766,-1.045487,-0.511693,-2.131307,-0.408745,1.581465,2.027321,0.512412,-0.493657,-0.737252,-0.116106,0.870857,0.000997,0.451817
42.075990,1.938256,-0.900119,-1.523279,-1.500143,1.215902,0.291060,0.421721,0.457378,-0.750458,-0.663170,-0.115724,0.420324,0.227771,0.140418,0.615299,-1.045974,-0.512439,-2.131425,-0.407890,1.581466,2.027771,0.518232,-0.492649,-0.739305,-0.116684,0.868659,0.001821,0.451410
42.076986,1.937035,-0.899256,-1.513763,-1.500545,1.215003,0.291577,0.422200,0.402531,-0.791090,-0.680420,-0.085138,0.416887,0.227757,0.140495,0.615832,-1.046475,-0.513183,-2.131536,-0.407020,1.581462,2.028213,0.521036,-0.493664,-0.737747,-0.115473,0.866739,0.000755,0.446882
42.077945,1.935026,-0.901356,-1.506175,-1.499626,1.215189,0.291737,0.421792,0.344142,-0.836678,-0.696125,-0.052605,0.413411,0.227705,0.140545,0.616353,-1.046965,-0.513926,-2.131645,-0.406146,1.581462,2.028655,0.522119,-0.493775,-0.742193,-0.113746,0.867502,0.000096,0.445891
42.078991,1.938563,-0.905359,-1.507426,-1.493852,1.215305,0.291160,0.424759,0.286633,-0.881924,-0.704164,-0.021754,0.410413,0.227641,0.140617,0.616881,-1.047455,-0.514682,-2.131758,-0.405293,1.581463,2.029105,0.523271,-0.492188,-0.745128,-0.113204,0.867014,-0.000204,0.446561
42.080012,1.939269,-0.908742,-1.508808,-1.495542,1.214956,0.290788,0.424236,0.231356,-0.928197,-0.702052,0.008947,0.408137,0.227903,0.140712,0.617407,-1.047946,-0.515417,-2.131881,-0.404422,1.581463,2.029527,0.522240,-0.490133,-0.744616,-0.117429,0.867181,0.000229,0.440654
42.080996,1.938352,-0.919465,-1.512795,-1.493523,1.213353,0.289634,0.424210,0.178068,-0.978831,-0.693449,0.041904,0.406348,0.228638,0.140811,0.617929,-1.048424,-0.516160,-2.131990,-0.403549,1.581463,2.029973,0.522558,-0.488415,-0.743778,-0.114377,0.867588,0.000450,0.441727
42.082014,1.941739,-0.921114,-1.512491,-1.491012,1.211374,0.290026,0.425089,0.126055,-1.036507,-0.684274,0.077065,0.404602,0.229525,0.140924,0.618456,-1.048899,-0.516901,-2.132105,-0.402686,1.581467,2.030419,0.523343,-0.482808,-0.741312,-0.114948,0.869030,0.001450,0.441664
42.083044,1.942633,-0.925900,-1.510667,-1.491590,1.215412,0.290376,0.424564,0.074192,-1.104202,-0.678843,0.115295,0.402595,0.230388,0.141032,0.618973,-1.049381,-0.517634,-2.132221,-0.401806,1.581465,2.030849,0.522319,-0.481932,-0.741426,-0.116000,0.870971,0.000905,0.439905
42.084041,1.939562,-0.926909,-1.504354,-1.490366,1.211470,0.291596,0.426990,0.023987,-1.179466,-0.676411,0.155827,0.400433,0.231266,0.141093,0.619498,-1.049851,-0.518383,-2.132334,-0.400951,1.581464,2.031292,0.522562,-0.479637,-0.742201,-0.114021,0.867192,0.000412,0.440965
42.084912,1.939314,-0.923464,-1.506789,-1.486583,1.211980,0.291036,0.425581,-0.022058,-1.256520,-0.672997,0.195745,0.398444,0.232133,0.141084,0.620030,-1.050330,-0.519127,-2.132448,-0.400075,1.581462,2.031713,0.524470,-0.478981,-0.744997,-0.113828,0.871019,-0.000947,0.436069
42.086107,1.940882,-0.929445,-1.506410,-1.485970,1.213716,0.289559,0.423831,-0.062972,-1.331021,-0.666773,0.233741,0.396778,0.233051,0.141015,0.620550,-1.050805,-0.519870,-2.132568,-0.399216,1.581460,2.032157,0.524228,-0.479880,-0.742293,-0.115881,0.869355,-0.000485,0.438671
42.086966,1.941324,-0.926533,-1.506638,-1.485280,1.210505,0.288879,0.424632,-0.098463,-1.400473,-0.658907,0.269510,0.395440,0.234065,0.140925,0.621081,-1.051277,-0.520623,-2.132685,-0.398342,1.581461,2.032610,0.525174,-0.477868,-0.743741,-0.115206,0.869173,0.000823,0.442410
42.087980,1.950619,-0.928861,-1.499880,-1.483168,1.208690,0.289014,0.424594,-0.128047,-1.463260,-0.650266,0.301681,0.394475,0.235034,0.140833,0.621599,-1.051757,-0.521359,-2.132795,-0.397463,1.581462,2.033045,0.524530,-0.478397,-0.742133,-0.114356,0.870999,0.001368,0.440477
42.088908,1.957377,-0.930482,-1.489503,-1.483159,1.209054,0.288878,0.424139,-0.149617,-1.516265,-0.639544,0.327943,0.394071,0.235877,0.140736,0.622114,-1.052228,-0.522110,-2.132914,-0.396593,1.581462,2.033486,0.520524,-0.477227,-0.745239,-0.114943,0.872829,0.001077,0.440534
42.089896,1.957587,-0.930889,-1.485804,-1.481477,1.206754,0.288962,0.424131,-0.159864,-1.556506,-0.621675,0.346691,0.394730,0.236783,0.140653,0.622628,-1.052704,-0.522860,-2.133025,-0.395720,1.581462,2.033935,0.517263,-0.475885,-0.749416,-0.113475,0.871700,0.001082,0.441242
42.091049,1.961405,-0.933681,-1.492037,-1.479676,1.206303,0.288204,0.423278,-0.157733,-1.583481,-0.592479,0.357637,0.396787,0.237898,0.140637,0.623145,-1.053177,-0.523616,-2.133140,-0.394833,1.581461,2.034372,0.517682,-0.475542,-0.750639,-0.113697,0.873654,0.000857,0.441187
42.091959,1.950971,-0.931855,-1.494462,-1.479033,1.209464,0.288697,0.423676,-0.146153,-1.599953,-0.555227,0.362399,0.399866,0.239154,0.140715,0.623664,-1.053651,-0.524364,-2.133256,-0.393961,1.581462,2.034820,0.517330,-0.474882,-0.748393,-0.114213,0.875293,0.001452,0.443085
42.092982,1.957862,-0.927731,-1.492337,-1.478718,1.207759,0.287829,0.424288,-0.130255,-1.610537,-0.517766,0.363476,0.403185,0.240339,0.140860,0.624189,-1.054131,-0.525100,-2.133366,-0.393093,1.581461,2.035257,0.522470,-0.475133,-0.746171,-0.113381,0.871227,0.000821,0.442065
42.093958,1.957218,-0.917415,-1.496431,-1.477557,1.206759,0.287490,0.424768,-0.112614,-1.615795,-0.484378,0.360721,0.406281,0.241197,0.141036,0.624706,-1.054607,-0.525849,-2.133479,-0.392221,1.581463,2.035697,0.519657,-0.477216,-0.747049,-0.112320,0.873069,0.001544,0.440822
42.094980,1.959764,-0.909087,-1.490175,-1.476200,1.205717,0.288405,0.425538,-0.090885,-1.609477,-0.454813,0.350481,0.409106,0.241529,0.141230,0.625233,-1.055101,-0.526598,-2.133588,-0.391341,1.581466,2.036141,0.520296,-0.481925,-0.744351,-0.112127,0.873646,0.001718,0.439751
42.096018,1.963998,-0.900458,-1.495473,-1.475395,1.208326,0.287411,0.426958,-0.062299,-1.584720,-0.427341,0.329740,0.411697,0.241306,0.141418,0.625744,-1.055600,-0.527345,-2.133699,-0.390460,1.581461,2.036573,0.519795,-0.485802,-0.747346,-0.112161,0.874675,0.000674,0.438220
42.097027,1.967858,-0.896086,-1.489516,-1.473163,1.209684,0.286597,0.428244,-0.025656,-1.538292,-0.399805,0.297697,0.414139,0.240643,0.141548,0.626262,-1.056096,-0.528092,-2.133811,-0.389601,1.581460,2.037003,0.518471,-0.489960,-0.744569,-0.111607,0.872364,0.001542,0.435421
42.098012,1.973188,-0.899679,-1.486520,-1.472904,1.208976,0.285765,0.428516,0.019123,-1.471048,-0.371267,0.255278,0.416517,0.239679,0.141586,0.626781,-1.056592,-0.528839,-2.133924,-0.388729,1.581459,2.037425,0.517147,-0.491822,-0.747306,-0.112455,0.870972,0.002215,0.432880
42.098982,1.968618,-0.897488,-1.482460,-1.470984,1.211710,0.285809,0.428287,0.070051,-1.389735,-0.340575,0.206266,0.418978,0.238668,0.141566,0.627288,-1.057073,-0.529595,-2.134032,-0.387871,1.581458,2.037860,0.515055,-0.489716,-0.748157,-0.111376,0.871588,0.002911,0.432298
42.100022,1.971622,-0.895139,-1.481207,-1.469485,1.215556,0.287165,0.428927,0.123038,-1.304534,-0.307438,0.155967,0.421563,0.237841,0.141543,0.627813,-1.057568,-0.530353,-2.134144,-0.387005,1.581458,2.038295,0.517645,-0.490309,-0.749424,-0.111900,0.868501,0.002714,0.432678
42.101041,1.974929,-0.890687,-1.474703,-1.468297,1.213277,0.286584,0.429510,0.174208,-1.222287,-0.272877,0.108384,0.424149,0.237336,0.141539,0.628321,-1.058067,-0.531099,-2.134256,-0.386138,1.581459,2.038721,0.517048,-0.491316,-0.750017,-0.112050,0.864919,0.001192,0.431453
42.102028,1.979187,-0.882658,-1.474790,-1.467015,1.219599,0.287057,0.428520,0.223144,-1.143427,-0.236310,0.064212,0.426711,0.237219,0.141570,0.628838,-1.058561,-0.531855,-2.134368,-0.385278,1.581461,2.039152,0.516086,-0.493316,-0.752962,-0.111859,0.867429,0.001630,0.430301
42.103067,1.980188,-0.872394,-1.478855,-1.462892,1.219729,0.287606,0.425791,0.272118,-1.064191,-0.196675,0.021351,0.429284,0.237413,0.141668,0.629354,-1.059067,-0.532596,-2.134479,-0.384427,1.581458,2.039580,0.514441,-0.496791,-0.752459,-0.111771,0.860994,0.001022,0.432284
42.103993,1.987314,-0.866502,-1.479798,-1.460749,1.222321,0.287699,0.426542,0.322605,-0.980832,-0.156106,-0.021785,0.431731,0.237805,0.141853,0.629865,-1.059574,-0.533344,-2.134597,-0.383571,1.581456,2.040027,0.514862,-0.501659,-0.750350,-0.114432,0.861311,0.000336,0.437762
42.104959,1.992610,-0.871838,-1.485564,-1.460872,1.219137,0.288110,0.427933,0.374590,-0.892462,-0.118935,-0.064872,0.433837,0.238353,0.142098,0.630371,-1.060082,-0.534093,-2.134712,-0.382717,1.581459,2.040463,0.511449,-0.503643,-0.748844,-0.114992,0.858106,0.000097,0.436024
42.106043,2.000933,-0.877413,-1.486428,-1.462175,1.222859,0.288189,0.426742,0.427139,-0.803362,-0.089573,-0.106671,0.435501,0.238926,0.142324,0.630871,-1.060579,-0.534826,-2.134821,-0.381847,1.581459,2.040886,0.509353,-0.500355,-0.745431,-0.113484,0.860949,-0.000458,0.433180
42.106954,1.998086,-0.878131,-1.490241,-1.461967,1.221031,0.286727,0.428092,0.478392,-0.721615,-0.071373,-0.145713,0.436776,0.239273,0.142469,0.631374,-1.061069,-0.535574,-2.134927,-0.380989,1.581457,2.041330,0.506479,-0.497754,-0.745359,-0.111028,0.857913,-0.000678,0.435691
42.107956,1.992154,-0.881048,-1.491390,-1.461210,1.219378,0.287522,0.427591,0.526379,-0.652924,-0.065287,-0.181077,0.437799,0.239187,0.142532,0.631891,-1.061562,-0.536319,-2.135034,-0.380131,1.581461,2.041758,0.507909,-0.496579,-0.742302,-0.109868,0.859045,0.000646,0.432778
42.108945,1.994286,-0.885173,-1.501315,-1.460036,1.217279,0.287565,0.428124,0.567637,-0.600980,-0.072001,-0.210979,0.438544,0.238607,0.142520,0.632402,-1.062052,-0.537054,-2.135143,-0.379266,1.581458,2.042191,0.511543,-0.494835,-0.741528,-0.109329,0.860663,-0.000302,0.433798
42.109938,1.989534,-0.888690,-1.499065,-1.461368,1.218628,0.286245,0.427884,0.598405,-0.569414,-0.093163,-0.232758,0.438836,0.237618,0.142429,0.632917,-1.062541,-0.537786,-2.135251,-0.378409,1.581461,2.042624,0.510946,-0.492425,-0.736227,-0.109184,0.862699,-0.000495,0.432663
42.110994,1.994126,-0.889522,-1.499174,-1.459317,1.214720,0.286031,0.428732,0.627555,-0.565869,-0.173924,-0.252403,0.438192,0.234605,0.142092,0.633944,-1.063516,-0.539258,-2.135461,-0.376679,1.581461,2.043483,0.512551,-0.490020,-0.737267,-0.107532,0.865603,0.000745,0.431501
42.112051,1.992707,-0.886300,-1.502076,-1.460299,1.213692,0.286418,0.429593,0.627555,-0.565869,-0.173924,-0.252403,0.438192,0.234605,0.142092,0.633944,-1.063516,-0.539258,-2.135461,-0.376679,1.581461,2.043483,0.512551,-0.490020,-0.737267,-0.107532,0.865603,0.000745,0.431501
42.113037,1.999292,-0.882134,-1.498348,-1.457290,1.209613,0.284864,0.430233,0.631131,-0.582765,-0.222840,-0.255145,0.437703,0.232784,0.141907,0.634464,-1.064011,-0.539994,-2.135565,-0.375809,1.581462,2.043912,0.514213,-0.491617,-0.736034,-0.105392,0.866992,0.000190,0.429866
42.113939,2.008309,-0.881762,-1.502939,-1.453691,1.207455,0.284542,0.430278,0.632515,-0.600863,-0.271549,-0.257945,0.437233,0.230851,0.141723,0.634963,-1.064509,-0.540727,-2.135676,-0.374921,1.581466,2.044331,0.511553,-0.493224,-0.737592,-0.107069,0.870698,0.001598,0.428596
42.114990,2.007096,-0.890654,-1.507886,-1.454869,1.205046,0.284541,0.429968,0.635182,-0.615009,-0.317405,-0.262084,0.436864,0.229030,0.141552,0.635463,-1.064997,-0.541453,-2.135789,-0.374051,1.581468,2.044759,0.507133,-0.492575,-0.734277,-0.109112,0.871884,0.001766,0.428340
42.115961,1.998692,-0.891268,-1.517706,-1.454548,1.203899,0.284694,0.428863,0.638898,-0.628063,-0.362537,-0.265714,0.436348,0.227413,0.141411,0.635979,-1.065479,-0.542171,-2.135892,-0.373173,1.581471,2.045194,0.508723,-0.488186,-0.732226,-0.106796,0.874569,0.001595,0.429022
42.116984,1.998126,-0.892896,-1.527067,-1.453111,1.208069,0.285457,0.429942,0.638757,-0.647216,-0.412554,-0.266445,0.435031,0.225667,0.141308,0.636495,-1.065959,-0.542889,-2.135999,-0.372305,1.581472,2.045626,0.513330,-0.487580,-0.726990,-0.105831,0.875369,0.001290,0.431175
42.118015,1.997230,-0.894739,-1.532006,-1.453883,1.206067,0.287558,0.431218,0.630377,-0.676172,-0.472386,-0.262922,0.432312,0.223494,0.141201,0.637013,-1.066444,-0.543608,-2.136103,-0.371434,1.581473,2.046050,0.514282,-0.486649,-0.722477,-0.106089,0.871237,0.000372,0.429023
42.118958,2.002600,-0.889960,-1.522669,-1.450449,1.206472,0.288535,0.430533,0.613448,-0.713839,-0.542683,-0.255474,0.428077,0.220877,0.141038,0.637525,-1.066933,-0.544320,-2.136203,-0.370550,1.581464,2.046470,0.515571,-0.485622,-0.720334,-0.104239,0.873330,-0.001837,0.426544
42.119952,2.006088,-0.879720,-1.521620,-1.447684,1.208765,0.288959,0.429485,0.591527,-0.754894,-0.616271,-0.245971,0.422899,0.218137,0.140836,0.638036,-1.067421,-0.545050,-2.136314,-0.369684,1.581456,2.046900,0.513092,-0.487448,-0.724380,-0.106270,0.872340,-0.002891,0.427841
42.120993,2.005935,-0.870013,-1.527925,-1.444229,1.208943,0.286959,0.430380,0.570789,-0.789573,-0.681565,-0.237190,0.417741,0.215853,0.140665,0.638551,-1.067925,-0.545766,-2.136426,-0.368812,1.581451,2.047332,0.511904,-0.492105,-0.724813,-0.107643,0.869867,-0.003427,0.429914
42.121948,2.010085,-0.867551,-1.528346,-1.442686,1.211037,0.286287,0.430970,0.555435,-0.809109,-0.733659,-0.231717,0.413042,0.214295,0.140577,0.639061,-1.068428,-0.546483,-2.136537,-0.367939,1.581453,2.047763,0.512933,-0.496738,-0.721963,-0.109776,0.869930,-0.001565,0.428136
42.122998,2.009666,-0.872661,-1.531142,-1.440514,1.211447,0.283731,0.429833,0.545670,-0.811704,-0.774996,-0.230221,0.408694,0.213352,0.140572,0.639573,-1.068926,-0.547207,-2.136647,-0.367083,1.581453,2.048190,0.511145,-0.497287,-0.721278,-0.109906,0.867469,-0.001044,0.426880
42.124066,2.010183,-0.871124,-1.531999,-1.441536,1.214215,0.283305,0.431251,0.538984,-0.803921,-0.808257,-0.230208,0.404691,0.212914,0.140618,0.640085,-1.069420,-0.547921,-2.136759,-0.366215,1.581459,2.048627,0.512343,-0.494642,-0.720320,-0.110764,0.867429,0.001346,0.429232
42.124939,2.008308,-0.871453,-1.527695,-1.441508,1.208417,0.285100,0.430278,0.532055,-0.794013,-0.834899,-0.228852,0.401112,0.212827,0.140711,0.640598,-1.069914,-0.548643,-2.136862,-0.365361,1.581460,2.049045,0.513142,-0.495475,-0.720396,-0.108619,0.865276,0.001591,0.426492
42.125911,2.002299,-0.867577,-1.525086,-1.440342,1.207770,0.285215,0.429457,0.523810,-0.784651,-0.854666,-0.226377,0.398025,0.212856,0.140856,0.641119,-1.070411,-0.549373,-2.136966,-0.364482,1.581458,2.049478,0.513735,-0.494211,-0.721286,-0.107300,0.869867,-0.000340,0.428240
42.126942,1.996317,-0.866836,-1.528539,-1.436930,1.208986,0.284726,0.431669,0.513819,-0.776421,-0.866340,-0.223112,0.395441,0.212940,0.141026,0.641640,-1.070912,-0.550089,-2.137073,-0.363607,1.581457,2.049906,0.517094,-0.495591,-0.722338,-0.107173,0.870072,-0.000575,0.429825
42.127972,1.992951,-0.867472,-1.531008,-1.433768,1.209510,0.283294,0.431166,0.499787,-0.771609,-0.870515,-0.216957,0.393166,0.213232,0.141175,0.642170,-1.071402,-0.550810,-2.137189,-0.362744,1.581455,2.050327,0.520702,-0.495830,-0.720776,-0.109150,0.869090,-0.000219,0.425415
42.129024,1.998526,-0.864233,-1.532040,-1.430043,1.209355,0.282914,0.430232,0.478751,-0.774219,-0.870228,-0.204577,0.390900,0.213925,0.141284,0.642702,-1.071903,-0.551524,-2.137301,-0.361871,1.581459,2.050756,0.522961,-0.495242,-0.719824,-0.110970,0.868698,0.001050,0.426519
42.130022,1.997344,-0.863160,-1.528681,-1.427718,1.209239,0.283048,0.430384,0.450851,-0.785509,-0.867296,-0.184714,0.388588,0.215154,0.141378,0.643215,-1.072398,-0.552244,-2.137419,-0.361013,1.581456,2.051187,0.521092,-0.496821,-0.719707,-0.113216,0.869331,0.001287,0.428467
42.131049,1.993679,-0.866560,-1.520699,-1.427333,1.209775,0.282060,0.430402,0.419596,-0.801901,-0.860237,-0.159267,0.386536,0.216971,0.141479,0.643743,-1.072898,-0.552974,-2.137536,-0.360141,1.581457,2.051617,0.522134,-0.496927,-0.721203,-0.114019,0.869299,0.001000,0.428119
42.131910,1.991357,-0.867384,-1.511559,-1.426843,1.205213,0.281882,0.429535,0.386917,-0.821500,-0.845773,-0.130047,0.385181,0.219339,0.141587,0.644268,-1.073392,-0.553703,-2.137647,-0.359261,1.581459,2.052047,0.524631,-0.495007,-0.725287,-0.113051,0.868791,0.001836,0.428120
42.132920,1.988496,-0.878199,-1.508072,-1.425683,1.203298,0.281317,0.428285,0.352948,-0.844972,-0.820776,-0.098355,0.384890,0.222114,0.141710,0.644796,-1.073879,-0.554445,-2.137760,-0.358396,1.581460,2.052478,0.525261,-0.493571,-0.728330,-0.111954,0.872143,0.001877,0.429611
42.134007,1.983189,-0.881574,-1.508080,-1.423712,1.204056,0.280985,0.427749,0.317008,-0.875206,-0.785458,-0.064286,0.385752,0.225140,0.141882,0.645332,-1.074358,-0.555173,-2.137871,-0.357513,1.581465,2.052916,0.527097,-0.488013,-0.729980,-0.111767,0.873895,0.002271,0.432092
42.134937,1.977342,-0.885621,-1.499286,-1.422574,1.198869,0.281137,0.428055,0.276587,-0.917489,-0.743790,-0.025722,0.387557,0.228326,0.142123,0.645868,-1.074838,-0.555912,-2.137986,-0.356628,1.581471,2.053351,0.530704,-0.486682,-0.730438,-0.112400,0.873626,0.002408,0.433267
42.135958,1.976924,-0.880975,-1.493950,-1.423033,1.198807,0.282546,0.427253,0.230019,-0.973454,-0.698873,0.018368,0.390058,0.231576,0.142419,0.646407,-1.075318,-0.556660,-2.138098,-0.355749,1.581472,2.053784,0.533440,-0.484085,-0.733860,-0.112036,0.878066,0.002111,0.432486
42.136980,1.975634,-0.884592,-1.485461,-1.422798,1.198797,0.283138,0.426962,0.179875,-1.037136,-0.649991,0.064709,0.393203,0.234702,0.142741,0.646940,-1.075810,-0.557398,-2.138205,-0.354865,1.581470,2.054216,0.534143,-0.486259,-0.736427,-0.110336,0.878025,0.000555,0.434130
42.137924,1.979594,-0.885178,-1.480114,-1.422809,1.196318,0.282979,0.427452,0.131225,-1.099429,-0.594735,0.107921,0.397094,0.237514,0.143060,0.647481,-1.076282,-0.558148,-2.138311,-0.353996,1.581467,2.054655,0.535206,-0.484451,-0.740454,-0.109339,0.878138,-0.000164,0.434689
42.138967,1.981249,-0.889894,-1.481373,-1.422460,1.193785,0.282422,0.426606,0.087768,-1.155429,-0.532262,0.144840,0.401785,0.239933,0.143362,0.648017,-1.076766,-0.558899,-2.138418,-0.353111,1.581469,2.055093,0.533156,-0.483633,-0.742189,-0.107999,0.879891,-0.000141,0.433546
42.140010,1.980104,-0.895550,-1.485675,-1.419581,1.197407,0.281639,0.426033,0.051137,-1.204605,-0.465699,0.174510,0.407011,0.241868,0.143648,0.648547,-1.077239,-0.559634,-2.138521,-0.352217,1.581469,2.055530,0.533045,-0.481408,-0.741670,-0.107228,0.882466,0.000269,0.435299
42.140924,1.977446,-0.892525,-1.486286,-1.420369,1.195400,0.281694,0.427075,0.019661,-1.250748,-0.401810,0.199099,0.412161,0.243309,0.143911,0.649087,-1.077713,-0.560369,-2.138633,-0.351351,1.581469,2.055967,0.534208,-0.478713,-0.739635,-0.108805,0.879088,0.000902,0.436468
42.141914,1.971806,-0.891010,-1.480749,-1.421276,1.199298,0.284053,0.426176,-0.009310,-1.297276,-0.346681,0.221181,0.416618,0.244293,0.144140,0.649617,-1.078199,-0.561098,-2.138735,-0.350463,1.581470,2.056392,0.535360,-0.479540,-0.738437,-0.106698,0.880131,0.000702,0.434209
42.142972,1.967889,-0.893170,-1.484866,-1.418093,1.200716,0.283832,0.425499,-0.035362,-1.340668,-0.300940,0.239043,0.420113,0.244711,0.144348,0.650165,-1.078675,-0.561848,-2.138836,-0.349602,1.581464,2.056832,0.538318,-0.480112,-0.740729,-0.104657,0.876078,-0.001789,0.435974
42.143910,1.967037,-0.890370,-1.485711,-1.415365,1.202512,0.283524,0.424789,-0.058693,-1.378615,-0.262744,0.252344,0.422628,0.244659,0.144546,0.650714,-1.079153,-0.562593,-2.138946,-0.348724,1.581464,2.057277,0.540847,-0.479201,-0.738776,-0.106619,0.875019,-0.001695,0.437352
42.145031,1.974151,-0.891721,-1.489601,-1.414682,1.208310,0.283490,0.425849,-0.081221,-1.413387,-0.233041,0.264261,0.424084,0.244476,0.144742,0.651249,-1.079635,-0.563324,-2.139058,-0.347851,1.581464,2.057716,0.541172,-0.480073,-0.737628,-0.107877,0.872535,-0.001521,0.438614
42.146014,1.971930,-0.891858,-1.489201,-1.413840,1.207305,0.281530,0.425012,-0.101811,-1.444320,-0.212572,0.275286,0.424547,0.244333,0.144941,0.651786,-1.080114,-0.564065,-2.139164,-0.346994,1.581462,2.058150,0.538737,-0.479904,-0.736414,-0.107434,0.867793,-0.001639,0.436635
42.146974,1.973057,-0.885768,-1.491347,-1.412109,1.209584,0.280293,0.425341,-0.117879,-1.469049,-0.200155,0.283505,0.424273,0.244168,0.145133,0.652333,-1.080595,-0.564795,-2.139271,-0.346125,1.581465,2.058588,0.539970,-0.479551,-0.736302,-0.106989,0.868613,0.000176,0.438272
42.147913,1.985683,-0.876291,-1.483931,-1.412417,1.211129,0.280373,0.425461,-0.128574,-1.485985,-0.194806,0.287657,0.423422,0.243840,0.145304,0.652867,-1.081078,-0.565528,-2.139377,-0.345275,1.581466,2.059024,0.539480,-0.482196,-0.734648,-0.107424,0.866054,0.001263,0.437482
42.149043,1.989670,-0.872180,-1.483284,-1.410416,1.208887,0.280887,0.424096,-0.129902,-1.488343,-0.193096,0.284173,0.422368,0.243237,0.145463,0.653393,-1.081574,-0.566275,-2.139480,-0.344408,1.581465,2.059464,0.533151,-0.486233,-0.737501,-0.105849,0.863924,0.001042,0.437088
42.149995,1.990435,-0.863970,-1.483492,-1.411892,1.208640,0.280287,0.424401,-0.116201,-1.467959,-0.189053,0.268994,0.421741,0.242388,0.145633,0.653921,-1.082070,-0.567009,-2.139587,-0.343533,1.581463,2.059915,0.532517,-0.488636,-0.738686,-0.106782,0.867188,0.000369,0.439973
42.150902,1.994951,-0.864625,-1.487721,-1.409902,1.207741,0.280225,0.425362,-0.087245,-1.423871,-0.180863,0.241882,0.421746,0.241319,0.145816,0.654454,-1.082565,-0.567747,-2.139685,-0.342675,1.581464,2.060349,0.532188,-0.492129,-0.737879,-0.104154,0.867006,0.000838,0.439214
42.152047,1.998149,-0.860512,-1.495033,-1.409976,1.207988,0.279773,0.426894,-0.046490,-1.361444,-0.172568,0.205100,0.422141,0.239919,0.145988,0.654983,-1.083057,-0.568478,-2.139791,-0.341803,1.581461,2.060776,0.529683,-0.490911,-0.734750,-0.104813,0.866980,0.000783,0.437116
42.152984,2.004748,-0.861198,-1.501003,-1.408167,1.206102,0.280321,0.426088,0.002147,-1.288602,-0.169700,0.162312,0.422604,0.238165,0.146134,0.655510,-1.083554,-0.569199,-2.139892,-0.340926,1.581462,2.061207,0.529536,-0.493441,-0.732274,-0.103779,0.867824,0.001064,0.434272
42.153934,2.019405,-0.860632,-1.506605,-1.407715,1.204323,0.280595,0.425492,0.055537,-1.211726,-0.176167,0.116821,0.422848,0.236120,0.146258,0.656030,-1.084045,-0.569924,-2.139996,-0.340060,1.581459,2.061647,0.526312,-0.492406,-0.728616,-0.104318,0.869117,0.000391,0.435768
42.155039,2.030431,-0.860238,-1.506381,-1.406680,1.207083,0.281061,0.427655,0.113165,-1.134898,-0.193819,0.070350,0.422784,0.233873,0.146366,0.656531,-1.084540,-0.570638,-2.140097,-0.339186,1.581457,2.062081,0.519367,-0.492074,-0.725409,-0.103558,0.870321,-0.000002,0.436839
42.156045,2.036627,-0.850454,-1.507199,-1.405045,1.202021,0.281565,0.427889,0.177004,-1.059129,-0.220278,0.023013,0.422668,0.231582,0.146463,0.657039,-1.085032,-0.571368,-2.140201,-0.338325,1.581455,2.062508,0.515257,-0.492535,-0.726281,-0.103558,0.868423,-0.000620,0.432633
42.156902,2.040827,-0.842694,-1.514390,-1.404754,1.198977,0.280749,0.425831,0.248811,-0.981579,-0.249367,-0.025938,0.422870,0.229446,0.146565,0.657550,-1.085541,-0.572098,-2.140304,-0.337442,1.581453,2.062943,0.512841,-0.496978,-0.725721,-0.104015,0.873373,-0.001259,0.432182
42.157950,2.038836,-0.837547,-1.516860,-1.401422,1.197892,0.279967,0.427410,0.328537,-0.898655,-0.278715,-0.077613,0.423339,0.227446,0.146713,0.658051,-1.086051,-0.572802,-2.140406,-0.336562,1.581456,2.063382,0.510535,-0.499517,-0.721001,-0.102959,0.874961,-0.000568,0.436045
42.158966,2.039814,-0.839735,-1.522012,-1.400842,1.198400,0.278809,0.426064,0.413136,-0.811212,-0.310258,-0.131062,0.423727,0.225471,0.146934,0.658564,-1.086553,-0.573520,-2.140516,-0.335686,1.581455,2.063810,0.512507,-0.501923,-0.720177,-0.105031,0.876288,0.000067,0.432894
42.159902,2.035008,-0.840664,-1.520694,-1.399240,1.193107,0.280430,0.425784,0.496682,-0.726029,-0.344713,-0.181674,0.423878,0.223642,0.147192,0.659079,-1.087051,-0.574224,-2.140620,-0.334802,1.581459,2.064245,0.512695,-0.500488,-0.717853,-0.104428,0.875657,0.001054,0.435637
42.160987,2.038710,-0.840220,-1.523764,-1.400858,1.192524,0.281541,0.424892,0.573282,-0.651519,-0.381520,-0.224619,0.423806,0.222117,0.147423,0.659596,-1.087544,-0.574944,-2.140726,-0.333922,1.581456,2.064682,0.515257,-0.499341,-0.717932,-0.104706,0.880255,-0.000708,0.436018
42.161963,2.040992,-0.842996,-1.531710,-1.398786,1.191632,0.280514,0.425392,0.640100,-0.591334,-0.419086,-0.258566,0.423569,0.220909,0.147596,0.660108,-1.088046,-0.575666,-2.140823,-0.333037,1.581453,2.065127,0.514566,-0.499613,-0.717031,-0.102122,0.881284,-0.001953,0.437887
42.162910,2.046408,-0.847196,-1.535207,-1.396643,1.189778,0.279584,0.426087,0.697274,-0.544720,-0.457050,-0.285046,0.423118,0.219899,0.147699,0.660614,-1.088545,-0.576365,-2.140928,-0.332144,1.581454,2.065560,0.513963,-0.497671,-0.713011,-0.102987,0.881631,-0.001053,0.436794
42.164092,2.054263,-0.848116,-1.543129,-1.393983,1.191600,0.277895,0.425577,0.744580,-0.513122,-0.497652,-0.303841,0.422233,0.219097,0.147698,0.661122,-1.089029,-0.577076,-2.141034,-0.331272,1.581456,2.065997,0.511550,-0.495036,-0.710879,-0.103809,0.882920,-0.000270,0.435265
42.164946,2.049853,-0.848246,-1.543654,-1.392438,1.193811,0.277328,0.425225,0.782269,-0.497107,-0.541410,-0.314176,0.420778,0.218650,0.147583,0.661628,-1.089526,-0.577772,-2.141140,-0.330387,1.581460,2.066430,0.509540,-0.495247,-0.708701,-0.105460,0.882394,0.001227,0.436594
42.165962,2.046001,-0.850679,-1.545763,-1.392418,1.195265,0.277781,0.424874,0.811045,-0.494059,-0.586681,-0.316828,0.418742,0.218593,0.147402,0.662138,-1.090016,-0.578478,-2.141249,-0.329523,1.581463,2.066865,0.511447,-0.494064,-0.707311,-0.105498,0.878862,0.001642,0.437007
42.166948,2.041103,-0.842208,-1.539384,-1.391182,1.195970,0.278282,0.424308,0.829559,-0.502700,-0.631922,-0.312477,0.416099,0.218804,0.147225,0.662658,-1.090508,-0.579186,-2.141352,-0.328647,1.581466,2.067314,0.514016,-0.492616,-0.706480,-0.104349,0.877392,0.001017,0.437646
42.167995,2.035836,-0.843586,-1.544020,-1.388407,1.202638,0.277500,0.427224,0.837333,-0.519320,-0.673416,-0.303054,0.412962,0.219142,0.147121,0.663175,-1.091015,-0.579897,-2.141455,-0.327766,1.581464,2.067750,0.516940,-0.496319,-0.709636,-0.104400,0.876365,0.000381,0.438723
42.169024,2.029633,-0.845087,-1.543399,-1.389243,1.201415,0.277953,0.427051,0.835007,-0.538579,-0.707034,-0.290380,0.409553,0.219635,0.147112,0.663703,-1.091506,-0.580605,-2.141566,-0.326915,1.581467,2.068174,0.520326,-0.495542,-0.707754,-0.105888,0.870141,0.001010,0.432910
42.170000,2.026451,-0.848411,-1.542014,-1.385946,1.198957,0.276838,0.426792,0.821233,-0.560785,-0.733365,-0.274080,0.405906,0.220279,0.147193,0.664238,-1.091999,-0.581323,-2.141666,-0.326037,1.581469,2.068616,0.523970,-0.494632,-0.708311,-0.103955,0.871506,0.000383,0.433305
42.171044,2.029907,-0.847934,-1.542508,-1.383832,1.197801,0.277872,0.425731,0.794412,-0.588956,-0.754268,-0.253317,0.402038,0.221000,0.147357,0.664762,-1.092484,-0.582027,-2.141776,-0.325156,1.581472,2.069043,0.525856,-0.492596,-0.708926,-0.105920,0.873568,0.001352,0.433783
42.172027,2.036506,-0.844807,-1.537034,-1.382980,1.195641,0.276674,0.427158,0.755499,-0.623695,-0.769916,-0.227754,0.398147,0.221895,0.147569,0.665286,-1.092979,-0.582739,-2.141882,-0.324287,1.581469,2.069482,0.524873,-0.492740,-0.709087,-0.106815,0.874994,0.000164,0.435944
42.172908,2.031289,-0.840047,-1.527995,-1.380828,1.195462,0.276892,0.428680,0.709722,-0.659876,-0.778662,-0.200339,0.394588,0.222989,0.147785,0.665801,-1.093479,-0.583448,-2.141987,-0.323404,1.581476,2.069909,0.522032,-0.493810,-0.711775,-0.106415,0.876781,0.001204,0.433010
42.173946,2.034616,-0.835110,-1.530589,-1.377331,1.190194,0.276604,0.427823,0.663007,-0.690116,-0.776640,-0.175575,0.391781,0.224168,0.147986,0.666334,-1.093971,-0.584171,-2.142096,-0.322537,1.581476,2.070332,0.524252,-0.495208,-0.715184,-0.107116,0.875836,0.000846,0.429770
42.175091,2.032944,-0.837999,-1.538162,-1.377093,1.190982,0.277120,0.427914,0.617417,-0.711409,-0.762819,-0.154661,0.389837,0.225406,0.148182,0.666861,-1.094476,-0.584887,-2.142209,-0.321645,1.581480,2.070770,0.523261,-0.497424,-0.714155,-0.109247,0.881177,0.000965,0.431552
42.176008,2.022186,-0.835530,-1.535989,-1.375912,1.191685,0.277304,0.428486,0.572297,-0.725557,-0.742663,-0.136708,0.388350,0.226570,0.148400,0.667389,-1.094976,-0.585590,-2.142313,-0.320759,1.581479,2.071194,0.525537,-0.496339,-0.711753,-0.108441,0.881328,0.000280,0.431611
42.176945,2.012982,-0.833275,-1.534571,-1.374781,1.186305,0.278995,0.427156,0.525017,-0.737681,-0.722623,-0.120078,0.386812,0.227416,0.148623,0.667937,-1.095471,-0.586307,-2.142422,-0.319868,1.581477,2.071623,0.530574,-0.496776,-0.712127,-0.108201,0.879582,-0.000025,0.430299
42.177977,2.009734,-0.835962,-1.532080,-1.375814,1.188299,0.279103,0.427504,0.472575,-0.752104,-0.704855,-0.102836,0.384973,0.227874,0.148821,0.668483,-1.095969,-0.587016,-2.142528,-0.318988,1.581474,2.072056,0.534959,-0.497162,-0.712362,-0.108011,0.884278,-0.001847,0.432866
42.179036,2.007354,-0.841145,-1.524835,-1.371026,1.189810,0.279774,0.426438,0.414461,-0.770449,-0.688680,-0.084436,0.382829,0.227974,0.149008,0.669022,-1.096460,-0.587737,-2.142628,-0.318122,1.581472,2.072489,0.537079,-0.495677,-0.713838,-0.105901,0.882440,-0.002075,0.432165
42.179971,2.004023,-0.838742,-1.522677,-1.370212,1.187338,0.279012,0.427408,0.351658,-0.795088,-0.671170,-0.063498,0.380736,0.227986,0.149202,0.669569,-1.096949,-0.588469,-2.142744,-0.317239,1.581467,2.072931,0.538859,-0.493116,-0.717783,-0.109337,0.881206,-0.002876,0.434364
42.180964,2.007815,-0.840409,-1.520745,-1.368136,1.185358,0.277209,0.426746,0.285368,-0.828043,-0.649285,-0.037665,0.379123,0.228368,0.149387,0.670104,-1.097446,-0.589180,-2.142851,-0.316344,1.581464,2.073356,0.540430,-0.493606,-0.718313,-0.108759,0.882800,-0.002216,0.432273
42.182012,2.002200,-0.838251,-1.519915,-1.367344,1.184217,0.275323,0.426658,0.218790,-0.866888,-0.623282,-0.008282,0.378083,0.229165,0.149536,0.670645,-1.097934,-0.589901,-2.142962,-0.315463,1.581465,2.073792,0.538730,-0.492451,-0.719151,-0.109473,0.884518,-0.000549,0.433582
42.182991,1.998721,-0.841756,-1.520715,-1.365524,1.183134,0.274418,0.425976,0.155420,-0.907839,-0.594824,0.021655,0.377571,0.230142,0.149635,0.671199,-1.098430,-0.590617,-2.143069,-0.314573,1.581470,2.074218,0.542035,-0.493457,-0.719975,-0.109031,0.885768,0.001155,0.433831
42.183984,2.002690,-0.840471,-1.521857,-1.366283,1.182478,0.275203,0.425566,0.095538,-0.950455,-0.566098,0.051554,0.377470,0.231128,0.149688,0.671740,-1.098914,-0.591337,-2.143179,-0.313679,1.581472,2.074659,0.543888,-0.491334,-0.719312,-0.109490,0.886316,0.001893,0.435107
42.184968,2.002308,-0.843225,-1.521679,-1.364722,1.179593,0.276272,0.427735,0.039606,-0.994829,-0.539921,0.080761,0.377623,0.231946,0.149699,0.672283,-1.099407,-0.592064,-2.143284,-0.312796,1.581471,2.075094,0.542068,-0.491637,-0.718542,-0.107473,0.886688,0.000955,0.435877
42.186030,2.003541,-0.843106,-1.519404,-1.364187,1.178509,0.276716,0.428877,-0.009799,-1.038964,-0.517745,0.107348,0.377961,0.232468,0.149641,0.672823,-1.099898,-0.592779,-2.143391,-0.311906,1.581469,2.075514,0.542459,-0.489842,-0.718502,-0.107781,0.889150,-0.000244,0.431485
42.187004,2.008464,-0.842140,-1.519764,-1.365338,1.183999,0.277223,0.427450,-0.051425,-1.081594,-0.498769,0.130924,0.378461,0.232773,0.149492,0.673367,-1.100382,-0.593507,-2.143498,-0.311021,1.581467,2.075945,0.542497,-0.490038,-0.720034,-0.107123,0.890507,-0.000822,0.429313
42.187936,2.004290,-0.848953,-1.516389,-1.361366,1.183043,0.276614,0.427162,-0.083542,-1.119954,-0.480893,0.150183,0.379144,0.232904,0.149284,0.673909,-1.100871,-0.594229,-2.143598,-0.310142,1.581465,2.076383,0.540099,-0.490100,-0.719519,-0.104813,0.884522,-0.001461,0.432121
42.189104,2.009534,-0.857346,-1.520537,-1.358758,1.185754,0.277145,0.428466,-0.105884,-1.154049,-0.463285,0.165288,0.379994,0.232945,0.149039,0.674452,-1.101353,-0.594944,-2.143712,-0.309253,1.581466,2.076809,0.542021,-0.486080,-0.720645,-0.107298,0.884673,-0.000983,0.432560
42.189963,2.007511,-0.859571,-1.521344,-1.356751,1.190707,0.275982,0.429059,-0.123025,-1.191583,-0.447215,0.182012,0.380871,0.233319,0.148729,0.674990,-1.101823,-0.595666,-2.143826,-0.308382,1.581464,2.077238,0.540816,-0.482773,-0.719908,-0.108682,0.883275,-0.001679,0.430200
42.190936,2.013388,-0.861556,-1.517875,-1.353319,1.191533,0.275094,0.428144,-0.138421,-1.237887,-0.434877,0.204331,0.381574,0.234294,0.148330,0.675536,-1.102299,-0.596372,-2.143933,-0.307509,1.581465,2.077661,0.541093,-0.480752,-0.718394,-0.109216,0.876932,-0.000630,0.428796
42.191943,2.011036,-0.863432,-1.516464,-1.352710,1.193286,0.275252,0.429368,-0.151578,-1.291234,-0.426610,0.231468,0.382035,0.235856,0.147864,0.676064,-1.102771,-0.597098,-2.144051,-0.306648,1.581466,2.078094,0.538374,-0.479546,-0.719800,-0.111092,0.875923,0.000109,0.430586
42.192911,2.014573,-0.857889,-1.523909,-1.349691,1.196495,0.275616,0.427548,-0.161016,-1.347184,-0.419997,0.261244,0.382416,0.237934,0.147378,0.676607,-1.103249,-0.597823,-2.144160,-0.305772,1.581463,2.078522,0.539888,-0.478489,-0.720425,-0.110373,0.874054,-0.000190,0.428102
42.194030,2.017340,-0.860276,-1.527953,-1.346084,1.198218,0.275341,0.427501,-0.165710,-1.400506,-0.414787,0.290790,0.382758,0.240314,0.146911,0.677140,-1.103735,-0.598528,-2.144273,-0.304902,1.581465,2.078957,0.538240,-0.480873,-0.716507,-0.111950,0.870455,-0.000704,0.431709
42.195007,2.018058,-0.863499,-1.528564,-1.345702,1.196288,0.274287,0.426713,-0.165185,-1.447130,-0.413616,0.318364,0.382969,0.242836,0.146485,0.677679,-1.104209,-0.599245,-2.144392,-0.304037,1.581463,2.079391,0.537979,-0.480222,-0.715512,-0.114166,0.869733,-0.000574,0.431945
42.196000,2.027932,-0.860535,-1.530546,-1.346252,1.197623,0.274835,0.426700,-0.160505,-1.487156,-0.417402,0.344296,0.383129,0.245441,0.146112,0.678217,-1.104685,-0.599952,-2.144502,-0.303157,1.581468,2.079831,0.537772,-0.478344,-0.715112,-0.113143,0.871289,0.000317,0.433440
42.196926,2.032035,-0.858874,-1.527203,-1.346473,1.192686,0.275267,0.427422,-0.150862,-1.519148,-0.424746,0.366320,0.383470,0.247826,0.145815,0.678739,-1.105161,-0.600667,-2.144609,-0.302289,1.581469,2.080262,0.533255,-0.479693,-0.714058,-0.111303,0.869785,-0.000395,0.433422
42.197974,2.036196,-0.855258,-1.528672,-1.347702,1.190962,0.275520,0.428270,-0.132190,-1.537092,-0.433006,0.379325,0.384273,0.249602,0.145598,0.679268,-1.105645,-0.601388,-2.144716,-0.301411,1.581463,2.080695,0.531142,-0.479881,-0.715051,-0.109717,0.873964,-0.000927,0.431807
42.199009,2.043103,-0.852733,-1.530404,-1.349222,1.191437,0.276518,0.427907,-0.102405,-1.536802,-0.439512,0.380207,0.385707,0.250559,0.145440,0.679786,-1.106135,-0.602094,-2.144819,-0.300526,1.581464,2.081116,0.529944,-0.481669,-0.714822,-0.107375,0.875826,-0.001334,0.430215
42.200101,2.045644,-0.848415,-1.538979,-1.347992,1.189505,0.276265,0.427554,-0.061378,-1.516645,-0.443167,0.367545,0.387717,0.250584,0.145329,0.680311,-1.106618,-0.602808,-2.144919,-0.299660,1.581458,2.081547,0.527179,-0.482917,-0.714261,-0.104793,0.875572,-0.002455,0.431006
42.201047,2.043450,-0.839891,-1.537569,-1.346555,1.192781,0.276675,0.428792,-0.010076,-1.477263,-0.445605,0.341705,0.389999,0.249704,0.145269,0.680841,-1.107107,-0.603520,-2.145025,-0.298777,1.581455,2.081987,0.526962,-0.485318,-0.710769,-0.104930,0.878085,-0.002329,0.431812
42.201940,2.050665,-0.830728,-1.536304,-1.345835,1.185504,0.275904,0.429454,0.048279,-1.421711,-0.448862,0.305942,0.392211,0.248211,0.145253,0.681364,-1.107598,-0.604228,-2.145128,-0.297896,1.581451,2.082408,0.528201,-0.488986,-0.711137,-0.105107,0.874076,-0.002855,0.429230
42.203050,2.057288,-0.831310,-1.533233,-1.343295,1.183762,0.274829,0.430965,0.112053,-1.350927,-0.451488,0.262547,0.394296,0.246440,0.145254,0.681883,-1.108101,-0.604941,-2.145232,-0.297015,1.581452,2.082834,0.524352,-0.492516,-0.710862,-0.104487,0.880323,-0.002210,0.427738
42.203963,2.058755,-0.823511,-1.522707,-1.341588,1.187702,0.272702,0.431798,0.181554,-1.265972,-0.450179,0.212934,0.396403,0.244674,0.145250,0.682398,-1.108600,-0.605653,-2.145340,-0.296126,1.581454,2.083249,0.522398,-0.492404,-0.713418,-0.105890,0.882683,-0.001301,0.424937
42.204979,2.066786,-0.821127,-1.523835,-1.340303,1.184674,0.271348,0.429782,0.255540,-1.170998,-0.440256,0.160378,0.398892,0.243288,0.145235,0.682918,-1.109098,-0.606380,-2.145446,-0.295262,1.581458,2.083666,0.521612,-0.495465,-0.717809,-0.106232,0.877880,0.000680,0.423169
42.206032,2.068114,-0.825071,-1.526684,-1.340399,1.183345,0.270560,0.430998,0.332772,-1.069115,-0.418551,0.106981,0.402049,0.242461,0.145234,0.683433,-1.109600,-0.607099,-2.145551,-0.294374,1.581460,2.084103,0.518265,-0.496280,-0.717277,-0.106326,0.880844,0.001867,0.427244
42.206934,2.069409,-0.820080,-1.527407,-1.340363,1.183923,0.269990,0.430950,0.411056,-0.965533,-0.388985,0.054128,0.405619,0.242030,0.145266,0.683954,-1.110096,-0.607807,-2.145653,-0.293485,1.581463,2.084521,0.518514,-0.494221,-0.716390,-0.105130,0.882333,0.002478,0.424871
42.207948,2.061798,-0.817115,-1.535231,-1.340140,1.184318,0.269670,0.431481,0.486775,-0.867122,-0.358118,0.003497,0.409132,0.241710,0.145305,0.684467,-1.110592,-0.608525,-2.145755,-0.292618,1.581466,2.084946,0.517792,-0.495826,-0.715144,-0.103878,0.880800,0.002898,0.424829
42.208985,2.059828,-0.811520,-1.529040,-1.337709,1.183703,0.271893,0.431610,0.556789,-0.777139,-0.331211,-0.044374,0.412133,0.241201,0.145334,0.684999,-1.111094,-0.609225,-2.145855,-0.291733,1.581469,2.085363,0.522126,-0.496950,-0.711523,-0.103029,0.880291,0.003050,0.423818
42.209961,2.062037,-0.810884,-1.528975,-1.336139,1.185660,0.273065,0.429639,0.617977,-0.696957,-0.310030,-0.088101,0.414369,0.240480,0.145366,0.685518,-1.111596,-0.609950,-2.145962,-0.290862,1.581465,2.085790,0.523878,-0.499534,-0.714878,-0.104256,0.881125,0.000677,0.423629
42.210931,2.063120,-0.804576,-1.534594,-1.335783,1.185461,0.272615,0.429286,0.669552,-0.626647,-0.291098,-0.125953,0.416083,0.239862,0.145416,0.686042,-1.112097,-0.610672,-2.146069,-0.289987,1.581464,2.086223,0.523058,-0.499269,-0.714591,-0.104508,0.878782,-0.000621,0.427542
42.212017,2.067339,-0.802415,-1.539407,-1.334506,1.190028,0.272359,0.430147,0.713340,-0.564924,-0.273445,-0.158611,0.417418,0.239437,0.145463,0.686559,-1.112610,-0.611372,-2.146171,-0.289101,1.581466,2.086646,0.522893,-0.501706,-0.711682,-0.103667,0.878490,-0.000305,0.428179
42.212932,2.066242,-0.802693,-1.542110,-1.332842,1.189588,0.271115,0.429158,0.751486,-0.509512,-0.259999,-0.188502,0.418205,0.238982,0.145472,0.687080,-1.113111,-0.612080,-2.146274,-0.288240,1.581467,2.087074,0.521871,-0.502829,-0.710098,-0.103894,0.874606,-0.000212,0.426576
42.213916,2.062919,-0.800090,-1.546813,-1.331034,1.189194,0.269724,0.430076,0.784434,-0.460499,-0.252663,-0.216021,0.418382,0.238418,0.145451,0.687606,-1.113614,-0.612776,-2.146380,-0.287369,1.581471,2.087505,0.522304,-0.501747,-0.708250,-0.104212,0.874240,0.000881,0.428424
42.215020,2.066545,-0.813850,-1.551792,-1.331035,1.193920,0.270050,0.429809,0.810022,-0.421183,-0.253044,-0.239134,0.417883,0.237778,0.145420,0.688126,-1.114112,-0.613481,-2.146484,-0.286489,1.581472,2.087928,0.524408,-0.502586,-0.705873,-0.104793,0.874310,0.002125,0.426535
42.216031,2.058850,-0.813552,-1.550469,-1.331709,1.187975,0.270162,0.430795,0.825275,-0.396564,-0.262796,-0.255230,0.416671,0.237089,0.145381,0.688654,-1.114601,-0.614189,-2.146587,-0.285630,1.581472,2.088361,0.523694,-0.495926,-0.704365,-0.103722,0.870439,0.001621,0.427246
42.216944,2.044182,-0.817850,-1.549333,-1.329594,1.189185,0.270903,0.429352,0.827859,-0.391187,-0.281431,-0.262521,0.414865,0.236342,0.145325,0.689186,-1.115099,-0.614896,-2.146683,-0.284742,1.581473,2.088777,0.528053,-0.495817,-0.705251,-0.102050,0.876302,0.001362,0.425309
42.218009,2.046433,-0.824274,-1.551883,-1.329364,1.190961,0.271721,0.429331,0.814841,-0.406379,-0.306399,-0.259680,0.412542,0.235573,0.145245,0.689733,-1.115580,-0.615603,-2.146786,-0.283878,1.581476,2.089215,0.535033,-0.492978,-0.705154,-0.102910,0.874222,0.000465,0.428046
42.218965,2.039905,-0.825071,-1.550875,-1.327599,1.186043,0.271040,0.428955,0.784174,-0.442478,-0.335816,-0.245187,0.409801,0.234955,0.145158,0.690273,-1.116065,-0.616309,-2.146886,-0.282999,1.581474,2.089645,0.534551,-0.489890,-0.704534,-0.102114,0.872816,-0.000495,0.428156
42.219972,2.041693,-0.819052,-1.557703,-1.325918,1.183675,0.270967,0.429617,0.738068,-0.496823,-0.368394,-0.220158,0.406837,0.234555,0.145078,0.690814,-1.116552,-0.617009,-2.146989,-0.282111,1.581476,2.090072,0.537826,-0.489001,-0.704860,-0.102656,0.877134,0.000049,0.428838
42.221012,2.048891,-0.821231,-1.561993,-1.324914,1.181679,0.270546,0.429835,0.681476,-0.561297,-0.403474,-0.188722,0.403677,0.234261,0.145003,0.691350,-1.117045,-0.617702,-2.147094,-0.281233,1.581472,2.090497,0.537280,-0.491764,-0.701733,-0.103119,0.879357,-0.000007,0.427509
42.222015,2.045997,-0.827164,-1.557752,-1.322317,1.179332,0.269966,0.428001,0.620931,-0.626190,-0.441674,-0.156167,0.400253,0.233888,0.144936,0.691885,-1.117536,-0.618394,-2.147195,-0.280348,1.581474,2.090924,0.534268,-0.490545,-0.700220,-0.103046,0.881454,0.000258,0.427148
42.222998,2.040854,-0.826222,-1.565546,-1.322585,1.173616,0.271630,0.427313,0.560350,-0.688335,-0.481765,-0.124299,0.396712,0.233464,0.144901,0.692423,-1.118014,-0.619106,-2.147301,-0.279467,1.581475,2.091358,0.536099,-0.487427,-0.702449,-0.104409,0.883618,0.000687,0.430831
42.223981,2.043261,-0.827875,-1.567429,-1.320509,1.173028,0.271345,0.426472,0.498485,-0.750439,-0.522556,-0.091370,0.393081,0.233101,0.144927,0.692966,-1.118500,-0.619804,-2.147401,-0.278565,1.581471,2.091797,0.538820,-0.487594,-0.698546,-0.102987,0.888800,-0.001118,0.432107
42.224980,2.038886,-0.833127,-1.566324,-1.318763,1.169503,0.272743,0.426541,0.434830,-0.812729,-0.565633,-0.057598,0.389098,0.232700,0.145026,0.693501,-1.118985,-0.620496,-2.147509,-0.277667,1.581471,2.092229,0.537800,-0.486429,-0.697769,-0.103777,0.888813,-0.000955,0.433739
42.226021,2.033504,-0.832404,-1.574966,-1.315494,1.170776,0.272216,0.427599,0.370185,-0.875242,-0.610448,-0.022948,0.384756,0.232327,0.145196,0.694050,-1.119462,-0.621196,-2.147617,-0.276771,1.581469,2.092665,0.540201,-0.483642,-0.698502,-0.104229,0.891994,-0.002500,0.433543
42.226995,2.035328,-0.835353,-1.573365,-1.315048,1.168084,0.270969,0.426109,0.303244,-0.940543,-0.655835,0.014895,0.380121,0.232235,0.145402,0.694600,-1.119947,-0.621876,-2.147727,-0.275876,1.581469,2.093087,0.543335,-0.484025,-0.694906,-0.106222,0.890674,-0.002105,0.431494
42.227970,2.037937,-0.828479,-1.571802,-1.313016,1.168180,0.271662,0.426421,0.233961,-1.008785,-0.701999,0.056218,0.375155,0.232457,0.145609,0.695141,-1.120423,-0.622574,-2.147833,-0.274975,1.581472,2.093526,0.542483,-0.482266,-0.695738,-0.105365,0.892770,-0.001010,0.434430
42.229071,2.038796,-0.822452,-1.573537,-1.309413,1.168879,0.271709,0.426671,0.167107,-1.074327,-0.745601,0.097236,0.370154,0.232847,0.145811,0.695684,-1.120916,-0.623277,-2.147942,-0.274089,1.581468,2.093962,0.541250,-0.485276,-0.696452,-0.106041,0.892172,-0.001835,0.433687
42.229989,2.047592,-0.820050,-1.571299,-1.307661,1.166033,0.271318,0.427711,0.108339,-1.128999,-0.781630,0.133953,0.365577,0.233404,0.146012,0.696220,-1.121413,-0.623967,-2.148055,-0.273190,1.581467,2.094392,0.541871,-0.488484,-0.696742,-0.108390,0.891956,-0.002031,0.433348
42.230924,2.044955,-0.816340,-1.568012,-1.306906,1.165249,0.270639,0.427483,0.061276,-1.167917,-0.807445,0.164528,0.361718,0.234223,0.146199,0.696754,-1.121900,-0.624669,-2.148166,-0.272303,1.581465,2.094819,0.537216,-0.488941,-0.697320,-0.108648,0.893847,-0.001757,0.431106
42.231989,2.038260,-0.821751,-1.574115,-1.303773,1.170624,0.269829,0.427300,0.027949,-1.190360,-0.822002,0.187741,0.358745,0.235217,0.146353,0.697301,-1.122396,-0.625374,-2.148271,-0.271402,1.581466,2.095254,0.538357,-0.490081,-0.698537,-0.108077,0.893642,-0.001215,0.431445
42.232942,2.041539,-0.814630,-1.571920,-1.302833,1.168208,0.270910,0.426386,0.004689,-1.202400,-0.827112,0.206127,0.356563,0.236337,0.146483,0.697844,-1.122876,-0.626056,-2.148386,-0.270519,1.581467,2.095684,0.542424,-0.487519,-0.696400,-0.109864,0.888546,-0.000563,0.431906
42.233937,2.041750,-0.816697,-1.567288,-1.301094,1.171991,0.271374,0.424851,-0.013674,-1.211262,-0.826077,0.223629,0.354932,0.237643,0.146603,0.698385,-1.123374,-0.626757,-2.148495,-0.269629,1.581462,2.096121,0.540686,-0.490493,-0.697303,-0.109394,0.890331,-0.001770,0.433626
42.235056,2.043953,-0.818537,-1.569178,-1.298500,1.176118,0.271492,0.427404,-0.026494,-1.216645,-0.818022,0.239798,0.353901,0.239128,0.146699,0.698931,-1.123864,-0.627453,-2.148606,-0.268747,1.581462,2.096557,0.540769,-0.489085,-0.699806,-0.109766,0.886222,-0.002376,0.436662
42.236002,2.042207,-0.819181,-1.567665,-1.296992,1.177369,0.270230,0.426329,-0.033236,-1.219116,-0.800824,0.254802,0.353648,0.240887,0.146737,0.699464,-1.124351,-0.628158,-2.148721,-0.267881,1.581461,2.096981,0.540845,-0.488586,-0.699986,-0.111059,0.883068,-0.002648,0.431686
42.236911,2.040870,-0.817546,-1.562157,-1.293327,1.179682,0.268867,0.426584,-0.035892,-1.222401,-0.775698,0.270563,0.354113,0.243012,0.146715,0.700011,-1.124836,-0.628866,-2.148833,-0.267000,1.581461,2.097426,0.541566,-0.487731,-0.700367,-0.111116,0.881155,-0.001505,0.433738
42.238006,2.044551,-0.815157,-1.572640,-1.293387,1.180466,0.267979,0.425396,-0.035869,-1.228213,-0.743891,0.287908,0.355221,0.245501,0.146677,0.700550,-1.125329,-0.629568,-2.148951,-0.266121,1.581464,2.097855,0.541917,-0.487717,-0.702507,-0.113128,0.877851,-0.000291,0.433036
42.238943,2.044028,-0.816229,-1.568351,-1.291381,1.181448,0.267088,0.424706,-0.033008,-1.235333,-0.707493,0.305767,0.356862,0.248214,0.146651,0.701088,-1.125817,-0.630260,-2.149061,-0.265255,1.581463,2.098292,0.541012,-0.489177,-0.698297,-0.111813,0.877859,0.000442,0.435562
42.239907,2.040586,-0.822782,-1.564127,-1.289657,1.186860,0.266556,0.425088,-0.026348,-1.241444,-0.670376,0.321731,0.358840,0.250852,0.146645,0.701634,-1.126304,-0.630955,-2.149174,-0.264379,1.581465,2.098731,0.541072,-0.488011,-0.700202,-0.112350,0.876157,0.001187,0.436773
42.241030,2.034891,-0.827638,-1.558655,-1.289799,1.181736,0.267455,0.423249,-0.017695,-1.248890,-0.632832,0.336998,0.361371,0.253418,0.146660,0.702177,-1.126774,-0.631666,-2.149285,-0.263525,1.581467,2.099168,0.542811,-0.484459,-0.702061,-0.112658,0.870456,0.001563,0.435883
42.242003,2.033761,-0.830047,-1.557414,-1.290755,1.181139,0.266789,0.423968,-0.011503,-1.262933,-0.592537,0.355158,0.364860,0.256100,0.146692,0.702731,-1.127253,-0.632382,-2.149395,-0.262638,1.581465,2.099617,0.546634,-0.482571,-0.705856,-0.111322,0.876490,0.000500,0.439730
42.242949,2.033302,-0.826895,-1.554275,-1.291330,1.179296,0.267157,0.425437,-0.010186,-1.284580,-0.548859,0.376322,0.369391,0.258784,0.146748,0.703276,-1.127737,-0.633088,-2.149499,-0.261751,1.581465,2.100047,0.547211,-0.481004,-0.706330,-0.109128,0.876527,0.001042,0.438174
42.244110,2.032105,-0.834102,-1.558151,-1.292351,1.177177,0.266093,0.424233,-0.011668,-1.309003,-0.503029,0.396586,0.374812,0.261129,0.146817,0.703826,-1.128215,-0.633802,-2.149604,-0.260878,1.581464,2.100483,0.547236,-0.482146,-0.707441,-0.107249,0.877779,0.000528,0.435089
42.244987,2.037380,-0.831646,-1.553749,-1.292315,1.174741,0.264744,0.424925,-0.013674,-1.331805,-0.457475,0.412628,0.380804,0.262872,0.146884,0.704378,-1.128691,-0.634506,-2.149706,-0.259990,1.581467,2.100923,0.549078,-0.479276,-0.707007,-0.105293,0.881021,0.001420,0.437775
42.245986,2.042379,-0.832724,-1.549207,-1.292404,1.172166,0.265689,0.424659,-0.015197,-1.351535,-0.414456,0.423204,0.386985,0.263899,0.146942,0.704915,-1.129167,-0.635221,-2.149809,-0.259101,1.581472,2.101356,0.545888,-0.479731,-0.708174,-0.103995,0.882091,0.002617,0.436110
42.246985,2.042275,-0.830701,-1.543278,-1.291699,1.168673,0.266299,0.425617,-0.012977,-1.364697,-0.373248,0.426586,0.393208,0.264213,0.147004,0.705458,-1.129645,-0.635939,-2.149909,-0.258221,1.581470,2.101802,0.543639,-0.479025,-0.710403,-0.102803,0.884469,0.001515,0.436584
42.247984,2.045691,-0.826827,-1.540229,-1.291999,1.168390,0.266383,0.425980,-0.004668,-1.367964,-0.331001,0.422227,0.399452,0.263986,0.147096,0.705996,-1.130127,-0.636654,-2.150010,-0.257318,1.581470,2.102231,0.544018,-0.479853,-0.713376,-0.102389,0.887537,0.000768,0.434631
42.249018,2.046405,-0.833036,-1.546631,-1.292585,1.165850,0.267072,0.426211,0.009902,-1.359576,-0.285802,0.410664,0.405570,0.263396,0.147229,0.706539,-1.130609,-0.637371,-2.150110,-0.256439,1.581470,2.102664,0.542538,-0.481596,-0.714857,-0.100982,0.887594,0.000541,0.433889
42.249999,2.040787,-0.833301,-1.547539,-1.291297,1.166813,0.266256,0.427125,0.029835,-1.340700,-0.240421,0.392647,0.411175,0.262455,0.147401,0.707088,-1.131084,-0.638084,-2.150205,-0.255542,1.581467,2.103099,0.542604,-0.478516,-0.711919,-0.099452,0.890069,-0.000284,0.433454
42.250935,2.048049,-0.834769,-1.550389,-1.290453,1.168354,0.266380,0.425913,0.050765,-1.318482,-0.201525,0.371754,0.415745,0.261200,0.147606,0.707632,-1.131565,-0.638788,-2.150306,-0.254648,1.581470,2.103523,0.545545,-0.478117,-0.711451,-0.099601,0.888560,0.000387,0.431589
42.252027,2.055406,-0.835925,-1.553487,-1.288314,1.166311,0.267515,0.427005,0.069523,-1.298324,-0.172971,0.351392,0.419067,0.259783,0.147830,0.708170,-1.132036,-0.639502,-2.150406,-0.253766,1.581470,2.103965,0.541728,-0.476946,-0.709479,-0.099252,0.886242,0.000119,0.433883
42.252961,2.060502,-0.829651,-1.546686,-1.290378,1.167298,0.268226,0.429090,0.088115,-1.279916,-0.155056,0.331874,0.421280,0.258369,0.148050,0.708710,-1.132516,-0.640203,-2.150508,-0.252873,1.581466,2.104387,0.538970,-0.476730,-0.708901,-0.100392,0.888805,-0.001156,0.431828
42.253905,2.066133,-0.821048,-1.544772,-1.290370,1.171594,0.267151,0.428787,0.110975,-1.258472,-0.144388,0.310695,0.422736,0.257001,0.148233,0.709234,-1.132996,-0.640925,-2.150600,-0.251997,1.581465,2.104807,0.536452,-0.479352,-0.711688,-0.097290,0.887034,-0.001993,0.427549
42.255043,2.068971,-0.818489,-1.552517,-1.289470,1.172137,0.266437,0.429367,0.143489,-1.225240,-0.134656,0.282640,0.423923,0.255478,0.148385,0.709767,-1.133488,-0.641643,-2.150694,-0.251103,1.581466,2.105238,0.533625,-0.483027,-0.712103,-0.096273,0.881882,-0.001046,0.428089
42.255992,2.062225,-0.815460,-1.559699,-1.289423,1.171250,0.265504,0.428577,0.187701,-1.175958,-0.124137,0.245366,0.425004,0.253665,0.148547,0.710297,-1.133981,-0.642338,-2.150790,-0.250225,1.581468,2.105654,0.533578,-0.484729,-0.709636,-0.096364,0.882413,-0.000510,0.427192
42.256917,2.059848,-0.810460,-1.559989,-1.289338,1.173482,0.266664,0.429317,0.238714,-1.116068,-0.118115,0.202419,0.425610,0.251594,0.148742,0.710839,-1.134466,-0.643037,-2.150883,-0.249352,1.581470,2.106087,0.536903,-0.485726,-0.705775,-0.095393,0.882721,0.000278,0.428680
42.258076,2.060928,-0.814787,-1.576358,-1.290263,1.174156,0.266382,0.431224,0.290174,-1.052946,-0.121302,0.158213,0.425401,0.249306,0.148955,0.711383,-1.134956,-0.643734,-2.150975,-0.248477,1.581465,2.106517,0.537796,-0.487512,-0.705240,-0.094488,0.879669,-0.001008,0.427027
42.258964,2.059389,-0.815506,-1.573022,-1.290654,1.173932,0.266479,0.431400,0.338598,-0.991750,-0.136176,0.115316,0.424242,0.246817,0.149141,0.711921,-1.135436,-0.644426,-2.151065,-0.247603,1.581465,2.106928,0.538649,-0.486034,-0.698644,-0.092898,0.880253,-0.000883,0.423529
42.259915,2.063646,-0.810747,-1.573473,-1.290422,1.171036,0.265817,0.433238,0.381764,-0.937757,-0.164556,0.075741,0.422062,0.244140,0.149267,0.712460,-1.135923,-0.645133,-2.151154,-0.246725,1.581464,2.107352,0.538948,-0.484799,-0.699524,-0.091518,0.879325,-0.001102,0.423026
42.261036,2.073592,-0.807201,-1.586789,-1.288848,1.171360,0.265851,0.433215,0.420214,-0.891746,-0.202519,0.039852,0.419178,0.241387,0.149339,0.712987,-1.136416,-0.645825,-2.151241,-0.245834,1.581462,2.107757,0.536907,-0.486598,-0.699141,-0.090909,0.881516,-0.000561,0.419317
42.262011,2.073162,-0.799437,-1.590877,-1.287948,1.169641,0.264875,0.434338,0.457963,-0.848862,-0.245948,0.005719,0.415899,0.238673,0.149370,0.713517,-1.136905,-0.646510,-2.151335,-0.244954,1.581461,2.108176,0.533145,-0.488779,-0.693824,-0.091687,0.882021,-0.000754,0.419639
42.262915,2.072179,-0.793993,-1.595935,-1.289399,1.166956,0.263226,0.434970,0.497955,-0.804807,-0.295286,-0.028203,0.412149,0.236036,0.149375,0.714054,-1.137408,-0.647200,-2.151425,-0.244062,1.581461,2.108584,0.533554,-0.492084,-0.691901,-0.091684,0.883205,0.000088,0.417400
42.263997,2.075168,-0.791376,-1.604703,-1.289839,1.166217,0.263677,0.435247,0.540104,-0.757582,-0.350127,-0.062740,0.407829,0.233377,0.149371,0.714584,-1.137901,-0.647877,-2.151511,-0.243171,1.581464,2.109001,0.533800,-0.493918,-0.688997,-0.089326,0.884768,0.001595,0.416017
42.264889,2.072482,-0.791758,-1.606814,-1.288900,1.165821,0.264304,0.435697,0.583193,-0.707155,-0.409745,-0.098586,0.402893,0.230497,0.149374,0.715117,-1.138402,-0.648557,-2.151595,-0.242288,1.581464,2.109415,0.533211,-0.495258,-0.685725,-0.088290,0.885965,0.000970,0.415662
42.265942,2.070623,-0.794232,-1.607120,-1.286385,1.160966,0.264212,0.436142,0.624693,-0.657041,-0.473722,-0.133829,0.397422,0.227493,0.149375,0.715651,-1.138898,-0.649233,-2.151683,-0.241397,1.581464,2.109823,0.534206,-0.494072,-0.684238,-0.088264,0.885107,0.000211,0.414644
42.267017,2.071360,-0.797555,-1.611432,-1.284800,1.161295,0.263462,0.437018,0.659786,-0.614027,-0.539563,-0.163174,0.391686,0.224832,0.149351,0.716192,-1.139384,-0.649917,-2.151777,-0.240511,1.581461,2.110236,0.535777,-0.492884,-0.684929,-0.089904,0.890219,0.000177,0.413900
42.267924,2.072771,-0.795332,-1.619027,-1.283295,1.162312,0.262250,0.434293,0.684112,-0.583922,-0.603954,-0.181690,0.385964,0.222965,0.149285,0.716732,-1.139875,-0.650599,-2.151869,-0.239616,1.581465,2.110646,0.536190,-0.491340,-0.683805,-0.090686,0.890138,0.000749,0.412334
42.269026,2.074570,-0.804328,-1.621259,-1.280747,1.159884,0.262101,0.433780,0.696974,-0.567935,-0.666454,-0.188567,0.380322,0.221963,0.149188,0.717263,-1.140369,-0.651265,-2.151962,-0.238724,1.581469,2.111071,0.535232,-0.491603,-0.679760,-0.091124,0.887971,0.001813,0.417698
42.270034,2.075319,-0.809101,-1.624770,-1.278839,1.157248,0.261220,0.434773,0.699154,-0.565923,-0.728174,-0.184572,0.374742,0.221724,0.149088,0.717802,-1.140844,-0.651947,-2.152059,-0.237833,1.581467,2.111497,0.535330,-0.487519,-0.679964,-0.092798,0.891023,0.001805,0.418859
42.270924,2.071693,-0.809201,-1.625475,-1.277271,1.157973,0.261885,0.434287,0.689896,-0.579938,-0.788340,-0.168781,0.369366,0.222277,0.148964,0.718340,-1.141326,-0.652616,-2.152153,-0.236934,1.581471,2.111907,0.535324,-0.485001,-0.678811,-0.093735,0.893328,0.002526,0.416921
42.271916,2.066951,-0.808815,-1.619556,-1.275122,1.156895,0.263656,0.435195,0.669096,-0.609741,-0.845376,-0.141573,0.364346,0.223558,0.148793,0.718875,-1.141803,-0.653294,-2.152250,-0.236057,1.581475,2.112331,0.536752,-0.484211,-0.677965,-0.094136,0.891448,0.001694,0.417742
42.273071,2.067210,-0.809945,-1.629276,-1.276610,1.159095,0.264038,0.432899,0.638113,-0.650932,-0.895837,-0.105211,0.359892,0.225446,0.148606,0.719421,-1.142288,-0.653984,-2.152348,-0.235157,1.581471,2.112746,0.539286,-0.484128,-0.681188,-0.095230,0.892071,-0.000213,0.415930
42.274007,2.060357,-0.812933,-1.626454,-1.274991,1.156064,0.263775,0.433730,0.599026,-0.697890,-0.936471,-0.063056,0.356174,0.227733,0.148454,0.719960,-1.142774,-0.654651,-2.152435,-0.234259,1.581471,2.113172,0.540495,-0.484189,-0.678176,-0.093107,0.890806,-0.000743,0.420854
42.275032,2.051670,-0.818254,-1.630409,-1.275616,1.155561,0.263994,0.434710,0.553459,-0.747321,-0.968171,-0.018476,0.353076,0.230065,0.148350,0.720513,-1.143248,-0.655334,-2.152530,-0.233358,1.581470,2.113591,0.543641,-0.482214,-0.679467,-0.093690,0.892918,-0.000608,0.419050
42.276017,2.050458,-0.825264,-1.633802,-1.276014,1.161746,0.263322,0.434128,0.500074,-0.800983,-0.992893,0.028372,0.350409,0.232288,0.148278,0.721075,-1.143723,-0.656006,-2.152619,-0.232469,1.581472,2.114004,0.548189,-0.479571,-0.678201,-0.092238,0.893333,-0.000989,0.417183
42.276993,2.050009,-0.826324,-1.631895,-1.273197,1.157036,0.263896,0.435580,0.437442,-0.862133,-1.012838,0.078003,0.348011,0.234328,0.148244,0.721621,-1.144189,-0.656684,-2.152708,-0.231588,1.581472,2.114424,0.548872,-0.475970,-0.676823,-0.090991,0.886739,-0.000452,0.418377
42.278004,2.046411,-0.825358,-1.625045,-1.273924,1.162104,0.263957,0.436321,0.367713,-0.930487,-1.028964,0.129422,0.345851,0.236202,0.148245,0.722175,-1.144663,-0.657370,-2.152806,-0.230701,1.581470,2.114835,0.549037,-0.475235,-0.677930,-0.092751,0.891069,-0.001167,0.415451
42.278996,2.043440,-0.822979,-1.613707,-1.272576,1.166154,0.263110,0.437758,0.295202,-1.000940,-1.037460,0.180593,0.344151,0.238087,0.148265,0.722727,-1.145141,-0.658056,-2.152895,-0.229820,1.581468,2.115246,0.551081,-0.475640,-0.681828,-0.091166,0.885794,-0.001355,0.414064
42.280017,2.044233,-0.815903,-1.609887,-1.270894,1.164937,0.261619,0.437285,0.224315,-1.066113,-1.030880,0.228421,0.343345,0.240071,0.148301,0.723284,-1.145616,-0.658756,-2.152988,-0.228956,1.581468,2.115652,0.552580,-0.476681,-0.687635,-0.091583,0.881646,-0.000641,0.411245
42.280940,2.034236,-0.813873,-1.600534,-1.271471,1.166648,0.260155,0.437830,0.159227,-1.119091,-1.003905,0.270059,0.343757,0.242173,0.148347,0.723843,-1.146101,-0.659458,-2.153080,-0.228072,1.581471,2.116067,0.552374,-0.480121,-0.689853,-0.092382,0.882865,0.000687,0.412311
42.282073,2.028138,-0.816049,-1.601436,-1.273287,1.170348,0.260395,0.439376,0.102056,-1.156171,-0.956737,0.303904,0.345340,0.244297,0.148427,0.724407,-1.146586,-0.660158,-2.153169,-0.227192,1.581471,2.116479,0.556901,-0.480441,-0.694066,-0.090857,0.880252,0.002016,0.411124
42.283046,2.024545,-0.816065,-1.595935,-1.272875,1.172919,0.260736,0.438081,0.050755,-1.179921,-0.893326,0.330438,0.347851,0.246218,0.148553,0.724979,-1.147062,-0.660862,-2.153252,-0.226312,1.581473,2.116874,0.560740,-0.479965,-0.694852,-0.088507,0.877495,0.001585,0.408367
42.283941,2.028575,-0.811499,-1.584213,-1.271887,1.173965,0.261011,0.440486,0.002605,-1.195496,-0.818951,0.351381,0.351070,0.247811,0.148705,0.725548,-1.147543,-0.661560,-2.153336,-0.225446,1.581475,2.117283,0.562266,-0.479629,-0.697584,-0.088177,0.874621,0.001093,0.411033
42.285082,2.032860,-0.815951,-1.583990,-1.270647,1.172755,0.261002,0.440017,-0.040802,-1.203654,-0.735389,0.367266,0.355124,0.249183,0.148869,0.726099,-1.148022,-0.662276,-2.153423,-0.224572,1.581473,2.117682,0.559651,-0.481175,-0.702558,-0.088235,0.872545,0.000698,0.406078
42.286042,2.033728,-0.819994,-1.580510,-1.272318,1.172587,0.261686,0.437030,-0.075769,-1.203031,-0.642712,0.377977,0.360295,0.250518,0.149042,0.726661,-1.148500,-0.662988,-2.153512,-0.223708,1.581474,2.118091,0.558500,-0.479561,-0.703884,-0.088827,0.874968,0.000544,0.407388
42.286959,2.035472,-0.817461,-1.578575,-1.271253,1.171257,0.259840,0.438188,-0.101761,-1.196668,-0.545136,0.384623,0.366524,0.251849,0.149243,0.727212,-1.148977,-0.663689,-2.153594,-0.222828,1.581470,2.118513,0.557960,-0.477165,-0.705447,-0.086417,0.874568,-0.000261,0.413362
42.287984,2.032018,-0.815256,-1.583405,-1.270351,1.166221,0.260595,0.437638,-0.119514,-1.187980,-0.448140,0.387816,0.373571,0.253032,0.149496,0.727771,-1.149452,-0.664400,-2.153679,-0.221954,1.581472,2.118923,0.556580,-0.477893,-0.705738,-0.086644,0.875053,0.001460,0.410881
42.288971,2.025678,-0.817643,-1.586422,-1.273036,1.168253,0.260308,0.438728,-0.129614,-1.177509,-0.356885,0.387787,0.381033,0.253972,0.149778,0.728338,-1.149937,-0.665093,-2.153767,-0.221064,1.581469,2.119336,0.558476,-0.478907,-0.703787,-0.086783,0.880055,0.000550,0.412114
42.290062,2.031291,-0.817736,-1.585343,-1.273090,1.170895,0.260236,0.439723,-0.134922,-1.167285,-0.277198,0.385670,0.388273,0.254585,0.150041,0.728896,-1.150407,-0.665799,-2.153844,-0.220203,1.581472,2.119742,0.561631,-0.477554,-0.702274,-0.083484,0.877817,0.000691,0.409959
42.291054,2.026377,-0.819905,-1.576948,-1.271861,1.163825,0.261790,0.438551,-0.137013,-1.158859,-0.211145,0.381526,0.394973,0.254739,0.150253,0.729456,-1.150885,-0.666512,-2.153925,-0.219325,1.581473,2.120151,0.559438,-0.477888,-0.703652,-0.082919,0.875787,0.000593,0.408198
42.292000,2.022929,-0.820400,-1.572383,-1.274480,1.164651,0.262143,0.438784,-0.135425,-1.151853,-0.154682,0.375953,0.401352,0.254617,0.150429,0.730018,-1.151362,-0.667224,-2.154008,-0.218429,1.581469,2.120563,0.561904,-0.476605,-0.707839,-0.083460,0.882512,-0.001093,0.410630
42.292931,2.027027,-0.823226,-1.575030,-1.273113,1.164724,0.261104,0.440004,-0.131376,-1.146888,-0.102799,0.370686,0.407627,0.254496,0.150579,0.730582,-1.151832,-0.667941,-2.154081,-0.217559,1.581465,2.120973,0.563258,-0.476012,-0.709615,-0.080285,0.881043,-0.001550,0.410105
42.294069,2.033957,-0.831131,-1.581676,-1.273708,1.165882,0.259368,0.440264,-0.125361,-1.144740,-0.055382,0.365765,0.413684,0.254371,0.150696,0.731143,-1.152306,-0.668650,-2.154162,-0.216677,1.581467,2.121382,0.560729,-0.474092,-0.707733,-0.080949,0.880151,-0.000645,0.407595
42.295011,2.033417,-0.831618,-1.577908,-1.273916,1.164074,0.260040,0.440352,-0.116406,-1.146933,-0.016956,0.361015,0.419211,0.254199,0.150790,0.731694,-1.152765,-0.669347,-2.154244,-0.215789,1.581472,2.121786,0.558357,-0.470982,-0.705817,-0.079853,0.879916,0.000906,0.407426
42.295991,2.037927,-0.829952,-1.586504,-1.276585,1.162479,0.259266,0.441394,-0.104202,-1.154535,0.009901,0.356552,0.423985,0.253956,0.150874,0.732253,-1.153239,-0.670056,-2.154320,-0.214914,1.581476,2.122197,0.558317,-0.470340,-0.707300,-0.079038,0.881084,0.000050,0.407212
42.297029,2.038040,-0.830267,-1.592197,-1.275540,1.165756,0.260059,0.441461,-0.087594,-1.164309,0.025239,0.350128,0.427822,0.253432,0.150942,0.732808,-1.153712,-0.670748,-2.154389,-0.214028,1.581479,2.122596,0.556004,-0.470978,-0.703052,-0.075969,0.882247,0.000682,0.405184
42.298002,2.043574,-0.833217,-1.588805,-1.275777,1.164750,0.260011,0.440488,-0.065333,-1.172263,0.027259,0.339228,0.430397,0.252396,0.150976,0.733362,-1.154177,-0.671446,-2.154467,-0.213157,1.581478,2.122999,0.556358,-0.471038,-0.700752,-0.076519,0.879142,-0.000275,0.405228
42.298942,2.049861,-0.825468,-1.605062,-1.276084,1.164376,0.259413,0.441409,-0.038054,-1.177754,0.016694,0.324645,0.431689,0.250981,0.150963,0.733911,-1.154641,-0.672159,-2.154541,-0.212273,1.581474,2.123410,0.553555,-0.469417,-0.702283,-0.075759,0.879722,-0.000335,0.407209
42.300000,2.059070,-0.831460,-1.604010,-1.275919,1.167496,0.259550,0.441985,-0.004868,-1.178824,-0.004991,0.306171,0.431775,0.249280,0.150930,0.734451,-1.155120,-0.672831,-2.154614,-0.211391,1.581476,2.123815,0.550277,-0.472844,-0.694056,-0.074913,0.879345,0.000124,0.405313
42.300992,2.061610,-0.832544,-1.611329,-1.275744,1.171937,0.258711,0.441916,0.036571,-1.172291,-0.038719,0.281934,0.430601,0.247217,0.150904,0.734991,-1.155579,-0.673530,-2.154689,-0.210522,1.581475,2.124221,0.546351,-0.470186,-0.695370,-0.074665,0.876618,-0.000167,0.404350
42.301997,2.068608,-0.834816,-1.618753,-1.275472,1.165741,0.258793,0.442595,0.085435,-1.159631,-0.082289,0.253424,0.428492,0.244958,0.150885,0.735537,-1.156048,-0.674207,-2.154761,-0.209654,1.581474,2.124630,0.545277,-0.469586,-0.692058,-0.074406,0.872009,0.000542,0.404555
42.303015,2.074242,-0.838232,-1.626266,-1.276846,1.168946,0.257561,0.439789,0.138874,-1.144263,-0.134273,0.223339,0.425715,0.242672,0.150883,0.736068,-1.156512,-0.674890,-2.154833,-0.208776,1.581475,2.125030,0.542176,-0.468487,-0.688776,-0.074232,0.878170,0.000298,0.403294
42.303938,2.072957,-0.838554,-1.628881,-1.275476,1.169647,0.257873,0.439337,0.195273,-1.127859,-0.195713,0.192467,0.422239,0.240313,0.150931,0.736606,-1.156978,-0.675576,-2.154901,-0.207908,1.581476,2.125449,0.539795,-0.466870,-0.685522,-0.072541,0.874941,0.001389,0.409040
42.305004,2.076637,-0.836837,-1.632310,-1.275612,1.167188,0.257456,0.440430,0.252800,-1.111940,-0.265366,0.161780,0.418175,0.237902,0.151033,0.737139,-1.157446,-0.676250,-2.154976,-0.207026,1.581474,2.125853,0.540317,-0.466255,-0.684062,-0.073323,0.873376,0.000942,0.409852
42.305981,2.074530,-0.831260,-1.638903,-1.275833,1.164747,0.257691,0.441502,0.309206,-1.096748,-0.339275,0.132793,0.413777,0.235627,0.151178,0.737679,-1.157912,-0.676933,-2.155046,-0.206151,1.581472,2.126266,0.539197,-0.467503,-0.683309,-0.072895,0.876298,0.001226,0.407800
42.307038,2.074354,-0.831966,-1.642051,-1.275177,1.163086,0.257167,0.440362,0.364111,-1.079183,-0.413706,0.104851,0.409188,0.233539,0.151377,0.738226,-1.158387,-0.677599,-2.155115,-0.205266,1.581472,2.126659,0.540314,-0.470057,-0.680377,-0.072266,0.878278,0.000840,0.405753
42.307958,2.085166,-0.824077,-1.651858,-1.274388,1.161289,0.257038,0.441361,0.416737,-1.057357,-0.486793,0.077298,0.404446,0.231610,0.151643,0.738762,-1.158853,-0.678276,-2.155189,-0.204375,1.581471,2.127071,0.541131,-0.469997,-0.679779,-0.072542,0.880126,0.001228,0.408230
42.308939,2.088079,-0.816646,-1.654118,-1.273030,1.158076,0.256858,0.442770,0.467634,-1.030387,-0.557930,0.049683,0.399593,0.229854,0.151975,0.739290,-1.159335,-0.678947,-2.155260,-0.203496,1.581469,2.127478,0.535551,-0.473328,-0.674669,-0.072811,0.881040,0.001231,0.406130
42.309988,2.089501,-0.815948,-1.650522,-1.272046,1.158444,0.257322,0.441037,0.520794,-0.994180,-0.626605,0.019573,0.394658,0.228230,0.152342,0.739817,-1.159823,-0.679611,-2.155333,-0.202606,1.581470,2.127870,0.534446,-0.476667,-0.674028,-0.073696,0.883798,0.001262,0.403408
42.310983,2.090376,-0.803224,-1.662553,-1.274728,1.155850,0.257760,0.442943,0.577045,-0.947177,-0.688598,-0.013057,0.389920,0.226846,0.152711,0.740349,-1.160299,-0.680293,-2.155407,-0.201732,1.581472,2.128288,0.534465,-0.477143,-0.676685,-0.074256,0.883692,0.000630,0.407058
42.312025,2.086458,-0.801367,-1.664378,-1.274067,1.152934,0.257129,0.442361,0.634827,-0.889916,-0.740553,-0.047823,0.385543,0.225669,0.153086,0.740887,-1.160794,-0.680957,-2.155471,-0.200834,1.581469,2.128692,0.534291,-0.483174,-0.671145,-0.071304,0.885880,0.000067,0.403250
42.312969,2.077666,-0.802617,-1.669448,-1.274624,1.152566,0.257380,0.442114,0.692781,-0.822527,-0.784600,-0.085962,0.381219,0.224399,0.153469,0.741424,-1.161284,-0.681620,-2.155543,-0.199931,1.581470,2.129094,0.536886,-0.483987,-0.671278,-0.071613,0.888733,0.000552,0.404634
42.313954,2.076942,-0.803355,-1.673058,-1.277211,1.151219,0.256786,0.443964,0.744922,-0.752262,-0.823312,-0.123767,0.376724,0.223075,0.153842,0.741972,-1.161765,-0.682288,-2.155610,-0.199050,1.581468,2.129502,0.541120,-0.482854,-0.668803,-0.070664,0.888378,0.000168,0.405098
42.315025,2.074139,-0.803761,-1.672383,-1.273410,1.154556,0.256407,0.441568,0.785036,-0.688721,-0.858563,-0.156647,0.372029,0.221806,0.154169,0.742519,-1.162252,-0.682945,-2.155674,-0.198154,1.581469,2.129895,0.541541,-0.482144,-0.667583,-0.067809,0.889244,0.000623,0.401463
42.315996,2.069959,-0.802367,-1.669863,-1.272405,1.153474,0.256865,0.440513,0.811458,-0.636093,-0.889890,-0.182683,0.367359,0.220712,0.154446,0.743063,-1.162730,-0.683620,-2.155750,-0.197276,1.581470,2.130310,0.543678,-0.482193,-0.669033,-0.071231,0.886305,0.000836,0.406510
42.316921,2.070274,-0.798094,-1.658924,-1.274851,1.151108,0.255511,0.440573,0.823310,-0.596199,-0.913613,-0.198846,0.363214,0.220244,0.154706,0.743613,-1.163216,-0.684298,-2.155822,-0.196385,1.581470,2.130725,0.545734,-0.482480,-0.670493,-0.071743,0.886862,0.000230,0.408586
42.317996,2.070800,-0.794065,-1.663939,-1.273231,1.151332,0.254783,0.440909,0.822653,-0.566161,-0.924664,-0.206195,0.360095,0.220474,0.154957,0.744155,-1.163707,-0.684974,-2.155885,-0.195485,1.581474,2.131140,0.545306,-0.483915,-0.675817,-0.068950,0.888190,0.001445,0.408361
42.318964,2.061207,-0.793067,-1.661112,-1.271687,1.149157,0.252594,0.440224,0.814841,-0.539230,-0.920041,-0.210059,0.358261,0.221026,0.155190,0.744704,-1.164192,-0.685651,-2.155958,-0.194603,1.581477,2.131542,0.545736,-0.486115,-0.674342,-0.070259,0.888377,0.001991,0.407908
42.319968,2.059731,-0.794669,-1.653448,-1.272893,1.148965,0.252462,0.439468,0.800688,-0.514452,-0.902653,-0.211219,0.357508,0.221784,0.155420,0.745267,-1.164684,-0.686326,-2.156031,-0.193706,1.581486,2.131949,0.550369,-0.486101,-0.675998,-0.071302,0.889922,0.004003,0.409321
42.320994,2.050997,-0.794129,-1.656907,-1.272617,1.149074,0.253924,0.438248,0.777548,-0.495453,-0.874931,-0.207475,0.357623,0.222746,0.155679,0.745818,-1.165165,-0.687018,-2.156097,-0.192810,1.581492,2.132366,0.551256,-0.485128,-0.680166,-0.069790,0.889771,0.003936,0.410879
42.322026,2.040877,-0.803469,-1.652295,-1.271077,1.150337,0.254797,0.436531,0.744525,-0.484260,-0.837796,-0.198525,0.358461,0.223752,0.155989,0.746387,-1.165649,-0.687700,-2.156168,-0.191928,1.581493,2.132784,0.555772,-0.485334,-0.678999,-0.069715,0.889670,0.002300,0.413408
42.322985,2.035620,-0.809405,-1.650433,-1.270832,1.150837,0.255032,0.438160,0.698677,-0.485645,-0.795009,-0.181950,0.359665,0.224828,0.156324,0.746953,-1.166124,-0.688382,-2.156240,-0.191036,1.581494,2.133204,0.561033,-0.480681,-0.682019,-0.070863,0.888345,0.001283,0.416930
42.323979,2.038014,-0.818885,-1.646970,-1.269996,1.153615,0.256793,0.438598,0.636096,-0.506617,-0.749720,-0.153676,0.360982,0.226200,0.156623,0.747526,-1.166589,-0.689070,-2.156310,-0.190164,1.581495,2.133615,0.563236,-0.477503,-0.682900,-0.070658,0.887375,0.000908,0.413595
42.325008,2.029344,-0.821716,-1.651102,-1.269610,1.154685,0.255293,0.437402,0.558440,-0.548954,-0.703400,-0.113622,0.362336,0.227935,0.156841,0.748094,-1.167056,-0.689763,-2.156380,-0.189285,1.581490,2.134020,0.561921,-0.472691,-0.684858,-0.071116,0.884333,-0.000983,0.412817
42.325972,2.031519,-0.829620,-1.648457,-1.268111,1.157412,0.254796,0.438684,0.469864,-0.610210,-0.658261,-0.064301,0.363577,0.229942,0.156982,0.748663,-1.167520,-0.690443,-2.156451,-0.188398,1.581494,2.134443,0.566443,-0.471493,-0.683434,-0.071130,0.883268,0.000378,0.415309
42.326940,2.029805,-0.830788,-1.649028,-1.266370,1.154926,0.255525,0.438055,0.373372,-0.687203,-0.616953,-0.008035,0.364516,0.232085,0.157073,0.749233,-1.167982,-0.691133,-2.156525,-0.187531,1.581493,2.134855,0.564973,-0.467350,-0.684766,-0.072114,0.880133,0.000732,0.412686
42.327983,2.018862,-0.832529,-1.646873,-1.266374,1.159978,0.255690,0.436246,0.273069,-0.775525,-0.580359,0.052778,0.365199,0.234321,0.157126,0.749799,-1.168450,-0.691813,-2.156600,-0.186644,1.581490,2.135268,0.565620,-0.466598,-0.684623,-0.073301,0.882129,-0.000131,0.413985
42.328956,2.012706,-0.827163,-1.639492,-1.264179,1.161212,0.255582,0.437774,0.172005,-0.869997,-0.547742,0.115945,0.365800,0.236637,0.157159,0.750383,-1.168909,-0.692505,-2.156674,-0.185783,1.581491,2.135694,0.571186,-0.466049,-0.686358,-0.072857,0.877363,-0.000446,0.417701
42.330123,2.016829,-0.829668,-1.642330,-1.265456,1.158499,0.256014,0.436856,0.071371,-0.964757,-0.516003,0.179618,0.366650,0.239008,0.157209,0.750966,-1.169382,-0.693206,-2.156752,-0.184903,1.581490,2.136104,0.573817,-0.468518,-0.690000,-0.074462,0.875728,-0.000471,0.414593
42.331097,2.010047,-0.840743,-1.635428,-1.266431,1.157833,0.256675,0.436844,-0.024870,-1.052446,-0.481891,0.240394,0.368167,0.241332,0.157319,0.751536,-1.169849,-0.693893,-2.156823,-0.184010,1.581489,2.136524,0.572776,-0.468159,-0.690327,-0.072965,0.879608,-0.001070,0.416795
42.331977,2.006903,-0.846187,-1.643254,-1.263822,1.152077,0.256277,0.437977,-0.113512,-1.131018,-0.445802,0.295689,0.370559,0.243417,0.157505,0.752122,-1.170296,-0.694595,-2.156893,-0.183136,1.581485,2.136941,0.575772,-0.462647,-0.693746,-0.071592,0.879879,-0.001854,0.416789
42.333042,2.011942,-0.851014,-1.640570,-1.267276,1.151195,0.254570,0.436554,-0.196935,-1.207334,-0.412420,0.347943,0.373722,0.245306,0.157732,0.752703,-1.170749,-0.695273,-2.156969,-0.182242,1.581487,2.137346,0.576294,-0.459425,-0.689154,-0.073543,0.884299,-0.001581,0.414376
42.334016,2.021512,-0.859390,-1.638378,-1.267475,1.146855,0.254734,0.436158,-0.275359,-1.284881,-0.387092,0.397934,0.377316,0.246968,0.157982,0.753270,-1.171201,-0.695970,-2.157033,-0.181361,1.581489,2.137779,0.574160,-0.457552,-0.691341,-0.069889,0.885503,-0.000029,0.417365
42.334955,2.020517,-0.849520,-1.639236,-1.268446,1.145414,0.253957,0.436691,-0.342736,-1.359003,-0.369140,0.441022,0.381226,0.248076,0.158252,0.753833,-1.171649,-0.696671,-2.157104,-0.180465,1.581488,2.138197,0.569178,-0.453408,-0.692380,-0.069268,0.889286,-0.000344,0.418124
42.335981,2.019212,-0.843208,-1.632328,-1.265918,1.143061,0.254844,0.437208,-0.393028,-1.422837,-0.355365,0.472730,0.385374,0.248438,0.158534,0.754398,-1.172123,-0.697357,-2.157169,-0.179571,1.581487,2.138608,0.569295,-0.457989,-0.691750,-0.067948,0.889826,0.000311,0.416993
42.336956,2.026594,-0.838828,-1.638463,-1.266636,1.142000,0.255462,0.438170,-0.423868,-1.468837,-0.342249,0.491287,0.389566,0.248178,0.158829,0.754970,-1.172586,-0.698059,-2.157244,-0.178680,1.581485,2.139023,0.570039,-0.461307,-0.695625,-0.070044,0.892103,-0.000727,0.416053
42.338004,2.023571,-0.832162,-1.646907,-1.265356,1.138674,0.255219,0.438304,-0.434856,-1.492389,-0.326943,0.496990,0.393668,0.247565,0.159132,0.755536,-1.173056,-0.698743,-2.157310,-0.177778,1.581484,2.139426,0.566101,-0.463284,-0.692658,-0.068984,0.892516,-0.001478,0.414168
42.338989,2.024681,-0.829285,-1.652146,-1.265392,1.139036,0.254684,0.438242,-0.426755,-1.493934,-0.313019,0.490722,0.397227,0.246696,0.159435,0.756106,-1.173527,-0.699427,-2.157382,-0.176870,1.581480,2.139841,0.567925,-0.466845,-0.689215,-0.069899,0.895808,-0.001354,0.414046
42.339926,2.033628,-0.836235,-1.654418,-1.268173,1.141418,0.255163,0.439311,-0.403193,-1.477324,-0.306070,0.474711,0.399685,0.245591,0.159731,0.756669,-1.173996,-0.700115,-2.157450,-0.175981,1.581481,2.140258,0.567249,-0.468132,-0.686799,-0.069512,0.894979,-0.000966,0.414182
42.340974,2.042383,-0.832398,-1.657549,-1.267168,1.136613,0.255445,0.439684,-0.367241,-1.448378,-0.307994,0.451185,0.400968,0.244229,0.159987,0.757218,-1.174458,-0.700790,-2.157511,-0.175086,1.581481,2.140661,0.562490,-0.464290,-0.685607,-0.066460,0.891683,-0.001589,0.412010
42.341975,2.044009,-0.832518,-1.660070,-1.267878,1.139285,0.256029,0.440247,-0.318649,-1.411023,-0.317645,0.420562,0.401342,0.242547,0.160195,0.757769,-1.174927,-0.701474,-2.157580,-0.174193,1.581479,2.141074,0.558601,-0.466499,-0.684835,-0.067186,0.896650,-0.002008,0.411413
42.343054,2.049935,-0.830890,-1.658944,-1.266728,1.144214,0.255397,0.439754,-0.257809,-1.366429,-0.332597,0.383817,0.401016,0.240679,0.160379,0.758325,-1.175398,-0.702160,-2.157645,-0.173304,1.581472,2.141483,0.557920,-0.466360,-0.683934,-0.066204,0.893617,-0.002697,0.410355
42.343950,2.051691,-0.821427,-1.664085,-1.266546,1.145781,0.254068,0.440413,-0.187428,-1.316193,-0.349337,0.343407,0.400255,0.238905,0.160548,0.758872,-1.175863,-0.702840,-2.157715,-0.172419,1.581470,2.141894,0.555675,-0.467636,-0.685622,-0.067091,0.889105,-0.002200,0.411558
42.345000,2.054143,-0.818902,-1.670126,-1.263821,1.147886,0.251663,0.439954,-0.109265,-1.260391,-0.364871,0.300680,0.399325,0.237411,0.160720,0.759424,-1.176344,-0.703523,-2.157782,-0.171541,1.581471,2.142302,0.554243,-0.471627,-0.682494,-0.066825,0.886476,-0.001000,0.410109
42.345996,2.064997,-0.814798,-1.671745,-1.264744,1.150567,0.252153,0.437987,-0.024924,-1.198726,-0.380062,0.256428,0.398187,0.236252,0.160905,0.759978,-1.176823,-0.704191,-2.157856,-0.170658,1.581474,2.142708,0.553485,-0.472982,-0.680482,-0.069162,0.884584,0.001246,0.411220
42.347012,2.069757,-0.810892,-1.673118,-1.265044,1.151758,0.253156,0.440629,0.064144,-1.132315,-0.395991,0.211642,0.396865,0.235439,0.161089,0.760511,-1.177298,-0.704872,-2.157921,-0.169773,1.581474,2.143133,0.548351,-0.474901,-0.680056,-0.067939,0.881603,0.000583,0.415182
42.347946,2.073039,-0.810430,-1.666829,-1.264740,1.149555,0.252172,0.439428,0.158996,-1.060108,-0.410697,0.165116,0.395637,0.234843,0.161257,0.761055,-1.177783,-0.705554,-2.157986,-0.168900,1.581471,2.143540,0.546354,-0.476712,-0.679908,-0.067404,0.880446,-0.000552,0.409910
42.348988,2.083785,-0.814086,-1.672417,-1.266646,1.148566,0.252193,0.437512,0.258760,-0.982380,-0.420891,0.116685,0.394824,0.234385,0.161408,0.761586,-1.178262,-0.706233,-2.158051,-0.168013,1.581473,2.143952,0.544656,-0.476395,-0.682947,-0.067354,0.881827,0.000304,0.412334
42.349972,2.087895,-0.812160,-1.683060,-1.265877,1.145246,0.252002,0.439412,0.360589,-0.902772,-0.425203,0.067835,0.394612,0.234023,0.161570,0.762120,-1.178732,-0.706913,-2.158112,-0.167137,1.581472,2.144383,0.539900,-0.474724,-0.680881,-0.065324,0.883013,0.000128,0.416232
42.350925,2.080345,-0.820742,-1.684731,-1.267336,1.144040,0.251104,0.437298,0.462622,-0.825052,-0.428322,0.019099,0.394716,0.233623,0.161757,0.762657,-1.179210,-0.707571,-2.158178,-0.166242,1.581473,2.144781,0.538082,-0.475475,-0.676077,-0.065810,0.885867,0.000172,0.412440
42.351922,2.075290,-0.823929,-1.694438,-1.268640,1.141051,0.249358,0.437156,0.559309,-0.755642,-0.436756,-0.026605,0.394640,0.233201,0.161937,0.763198,-1.179666,-0.708248,-2.158240,-0.165360,1.581477,2.145205,0.541875,-0.470980,-0.675336,-0.064074,0.886425,0.000920,0.416675
42.352936,2.076110,-0.823286,-1.693775,-1.266137,1.139140,0.251391,0.438512,0.641659,-0.703454,-0.454108,-0.064514,0.394021,0.232806,0.162070,0.763749,-1.180135,-0.708915,-2.158302,-0.164466,1.581480,2.145626,0.544526,-0.469367,-0.671001,-0.062586,0.889072,0.002512,0.416942
42.353987,2.072496,-0.825584,-1.695498,-1.265827,1.144310,0.250329,0.438724,0.705346,-0.671363,-0.480353,-0.092375,0.392718,0.232536,0.162129,0.764289,-1.180607,-0.709583,-2.158370,-0.163569,1.581478,2.146031,0.544476,-0.469709,-0.672070,-0.064802,0.890720,0.000304,0.414306
42.355112,2.073973,-0.822538,-1.694051,-1.265692,1.144964,0.250145,0.440508,0.751041,-0.656069,-0.510634,-0.109771,0.391013,0.232687,0.162117,0.764839,-1.181074,-0.710258,-2.158436,-0.162700,1.581480,2.146446,0.546814,-0.468818,-0.672117,-0.064875,0.885841,0.001236,0.414038
42.355975,2.072200,-0.823576,-1.696635,-1.265297,1.139526,0.250037,0.440755,0.781080,-0.652240,-0.538589,-0.118223,0.389324,0.233364,0.162058,0.765389,-1.181550,-0.710940,-2.158500,-0.161811,1.581481,2.146854,0.547071,-0.470942,-0.674334,-0.064921,0.886017,0.001243,0.410724
42.356911,2.068377,-0.819836,-1.695100,-1.265899,1.142738,0.248520,0.440783,0.798920,-0.654170,-0.561217,-0.121080,0.387798,0.234403,0.161981,0.765933,-1.182012,-0.711605,-2.158564,-0.160908,1.581481,2.147260,0.547264,-0.469671,-0.672427,-0.064896,0.889886,0.001221,0.410106
42.357938,2.064197,-0.823189,-1.692971,-1.265784,1.140155,0.246818,0.440576,0.806967,-0.658736,-0.579213,-0.120989,0.386345,0.235594,0.161925,0.766486,-1.182485,-0.712282,-2.158626,-0.160035,1.581488,2.147671,0.548881,-0.471111,-0.673127,-0.064025,0.885909,0.002580,0.410007
42.358975,2.063530,-0.822009,-1.696742,-1.266362,1.136512,0.246304,0.440023,0.805576,-0.664944,-0.592295,-0.119111,0.384967,0.236757,0.161916,0.767037,-1.182955,-0.712953,-2.158688,-0.159136,1.581495,2.148081,0.551313,-0.469506,-0.674964,-0.063986,0.888400,0.004091,0.410542
42.360010,2.057690,-0.820887,-1.691459,-1.268842,1.138038,0.246976,0.442019,0.794501,-0.672738,-0.600140,-0.115757,0.383672,0.237751,0.161966,0.767593,-1.183422,-0.713628,-2.158750,-0.158245,1.581499,2.148497,0.551981,-0.470307,-0.673852,-0.063269,0.892070,0.004418,0.411758
42.360982,2.054304,-0.828200,-1.699388,-1.268245,1.137896,0.247172,0.441521,0.774928,-0.680414,-0.602977,-0.112515,0.382373,0.238353,0.162056,0.768158,-1.183895,-0.714316,-2.158805,-0.157355,1.581502,2.148898,0.555142,-0.470977,-0.677156,-0.060780,0.890484,0.003570,0.407876
42.361915,2.054998,-0.825861,-1.696973,-1.268087,1.137479,0.248312,0.442597,0.746837,-0.688692,-0.601884,-0.109572,0.380991,0.238452,0.162138,0.768714,-1.184359,-0.714982,-2.158865,-0.156459,1.581503,2.149304,0.556731,-0.467138,-0.673476,-0.061223,0.890042,0.003229,0.408953
42.363007,2.051860,-0.825361,-1.699067,-1.267485,1.136924,0.248454,0.441239,0.709607,-0.701351,-0.600452,-0.104905,0.379402,0.238187,0.162192,0.769274,-1.184826,-0.715659,-2.158927,-0.155573,1.581503,2.149708,0.555948,-0.467955,-0.674601,-0.061104,0.889616,0.001943,0.406744
42.363943,2.056331,-0.824855,-1.705810,-1.266061,1.136657,0.249278,0.441456,0.665565,-0.717157,-0.599067,-0.098521,0.377611,0.237708,0.162231,0.769840,-1.185298,-0.716329,-2.158989,-0.154680,1.581502,2.150126,0.558144,-0.468640,-0.674887,-0.061639,0.890648,0.001661,0.409703
42.364919,2.054369,-0.818679,-1.705983,-1.266068,1.141417,0.250444,0.443454,0.617650,-0.733351,-0.597703,-0.091223,0.375568,0.237114,0.162265,0.770390,-1.185762,-0.716995,-2.159054,-0.153786,1.581499,2.150534,0.555602,-0.468550,-0.671511,-0.062718,0.890005,0.000716,0.409199
42.366079,2.047117,-0.823738,-1.712655,-1.266642,1.141176,0.249302,0.441896,0.569236,-0.747637,-0.598099,-0.084145,0.373160,0.236466,0.162290,0.770953,-1.186237,-0.717671,-2.159118,-0.152915,1.581497,2.150938,0.556467,-0.471424,-0.671736,-0.062445,0.884893,-0.000584,0.405219
42.367072,2.043305,-0.818099,-1.710189,-1.266228,1.142444,0.250200,0.441070,0.520964,-0.759395,-0.600229,-0.077615,0.370391,0.235744,0.162326,0.771519,-1.186707,-0.718336,-2.159179,-0.152024,1.581501,2.151352,0.561176,-0.469687,-0.670343,-0.061899,0.886258,0.000391,0.408730
42.367910,2.031642,-0.814420,-1.706030,-1.266719,1.143888,0.250976,0.442020,0.470111,-0.771033,-0.603175,-0.070008,0.367315,0.234952,0.162410,0.772090,-1.187183,-0.719014,-2.159241,-0.151150,1.581498,2.151769,0.562930,-0.472386,-0.671991,-0.062133,0.884768,-0.000653,0.410388
42.369042,2.023813,-0.816083,-1.706647,-1.266523,1.144331,0.249956,0.440405,0.416072,-0.782372,-0.604067,-0.060740,0.364142,0.234152,0.162540,0.772673,-1.187661,-0.719683,-2.159300,-0.150274,1.581493,2.152172,0.567458,-0.473156,-0.673236,-0.061294,0.881749,-0.001522,0.408269
42.369930,2.021400,-0.818773,-1.705831,-1.267385,1.142625,0.248919,0.439918,0.357959,-0.793897,-0.600424,-0.049002,0.361094,0.233452,0.162688,0.773250,-1.188128,-0.720359,-2.159364,-0.149386,1.581491,2.152589,0.572114,-0.473039,-0.674530,-0.061445,0.882203,-0.000634,0.411815
42.370976,2.022852,-0.823565,-1.710069,-1.265189,1.145674,0.248555,0.441669,0.294656,-0.808763,-0.592996,-0.033606,0.358235,0.232917,0.162823,0.773827,-1.188596,-0.721036,-2.159424,-0.148511,1.581489,2.153007,0.572360,-0.471015,-0.674416,-0.060275,0.882800,0.000285,0.412608
42.371977,2.021079,-0.825232,-1.709957,-1.262491,1.149591,0.248133,0.441008,0.227919,-0.829660,-0.584657,-0.014253,0.355613,0.232623,0.162924,0.774395,-1.189064,-0.721702,-2.159490,-0.147634,1.581489,2.153408,0.571888,-0.468843,-0.673272,-0.062273,0.879939,0.000493,0.409240
42.372962,2.017406,-0.828469,-1.716267,-1.260261,1.151634,0.248169,0.442488,0.159651,-0.858743,-0.577677,0.010501,0.353397,0.232845,0.162983,0.774974,-1.189525,-0.722380,-2.159560,-0.146760,1.581489,2.153824,0.572612,-0.468080,-0.673797,-0.064588,0.875878,0.000768,0.410653
42.373909,2.022625,-0.822650,-1.709674,-1.260890,1.147108,0.247873,0.441773,0.090123,-0.897596,-0.573563,0.042680,0.351776,0.233860,0.162991,0.775556,-1.189992,-0.723054,-2.159631,-0.145891,1.581490,2.154229,0.574130,-0.466350,-0.670972,-0.066400,0.873631,0.000580,0.407708
42.375026,2.020070,-0.821957,-1.710296,-1.261246,1.145956,0.247747,0.442695,0.022429,-0.942745,-0.572075,0.080112,0.350891,0.235538,0.162963,0.776118,-1.190463,-0.723727,-2.159694,-0.145007,1.581490,2.154636,0.571144,-0.468940,-0.674376,-0.065440,0.877525,0.000747,0.409169
42.375997,2.022377,-0.818302,-1.716839,-1.259508,1.145793,0.246831,0.441604,-0.037042,-0.985052,-0.568956,0.116513,0.350957,0.237423,0.162953,0.776699,-1.190938,-0.724407,-2.159760,-0.144132,1.581491,2.155040,0.573050,-0.469817,-0.675466,-0.064973,0.879506,0.000700,0.407585
42.376947,2.021492,-0.818607,-1.713307,-1.260884,1.140429,0.247661,0.442122,-0.085353,-1.019513,-0.563039,0.148466,0.351977,0.239212,0.163000,0.777273,-1.191417,-0.725067,-2.159828,-0.143245,1.581492,2.155447,0.571550,-0.471327,-0.672572,-0.066346,0.879127,0.001480,0.409830
42.378109,2.024217,-0.821867,-1.725845,-1.261978,1.140128,0.248167,0.442644,-0.122299,-1.045972,-0.556906,0.175425,0.353720,0.240781,0.163113,0.777840,-1.191883,-0.725745,-2.159890,-0.142362,1.581491,2.155858,0.571630,-0.470871,-0.674402,-0.064693,0.883878,0.000500,0.408739
42.378994,2.027580,-0.824626,-1.721934,-1.260540,1.140336,0.248160,0.442068,-0.148190,-1.065536,-0.552939,0.196707,0.355849,0.241963,0.163272,0.778414,-1.192352,-0.726415,-2.159952,-0.141475,1.581489,2.156266,0.571237,-0.470102,-0.670006,-0.063619,0.885276,-0.000157,0.408049
42.379979,2.028074,-0.831860,-1.718705,-1.259307,1.139160,0.248062,0.442731,-0.164242,-1.081102,-0.553471,0.213007,0.358049,0.242774,0.163428,0.778973,-1.192816,-0.727083,-2.160020,-0.140586,1.581490,2.156672,0.568812,-0.468078,-0.671584,-0.064600,0.883751,-0.000278,0.409103
42.380964,2.032885,-0.838996,-1.718560,-1.257688,1.137397,0.247805,0.440880,-0.172418,-1.096493,-0.556711,0.227263,0.360418,0.243540,0.163548,0.779540,-1.193268,-0.727764,-2.160088,-0.139703,1.581488,2.157080,0.568450,-0.464533,-0.673494,-0.065472,0.884605,-0.000312,0.407803
42.382197,2.038134,-0.849859,-1.720787,-1.255370,1.140124,0.247346,0.439761,-0.175474,-1.115847,-0.559465,0.242960,0.363147,0.244611,0.163619,0.780108,-1.193721,-0.728430,-2.160158,-0.138811,1.581487,2.157495,0.565873,-0.461026,-0.674013,-0.066698,0.885926,-0.000191,0.411576
42.383023,2.032057,-0.844565,-1.726512,-1.255224,1.141517,0.246423,0.441699,-0.175669,-1.142457,-0.560968,0.262655,0.366246,0.246221,0.163629,0.780667,-1.194166,-0.729108,-2.160234,-0.137921,1.581489,2.157915,0.564902,-0.457141,-0.675347,-0.068789,0.884873,0.000084,0.414225
42.383942,2.031598,-0.841416,-1.722809,-1.255401,1.139417,0.244644,0.441300,-0.174544,-1.176383,-0.562486,0.286728,0.369509,0.248380,0.163560,0.781235,-1.194630,-0.729778,-2.160303,-0.137050,1.581491,2.158320,0.566742,-0.458894,-0.671485,-0.068328,0.881849,0.000878,0.410069
42.384926,2.031874,-0.836663,-1.726726,-1.255169,1.137794,0.244619,0.440899,-0.171352,-1.211976,-0.565282,0.311518,0.372575,0.250711,0.163423,0.781797,-1.195094,-0.730448,-2.160369,-0.136159,1.581496,2.158728,0.566416,-0.460023,-0.673226,-0.067759,0.882988,0.002500,0.410847
42.385917,2.033137,-0.832354,-1.727902,-1.255886,1.137547,0.245120,0.441341,-0.163156,-1.241217,-0.567896,0.331950,0.375285,0.252767,0.163265,0.782363,-1.195555,-0.731122,-2.160436,-0.135282,1.581498,2.159150,0.566151,-0.462384,-0.671597,-0.067660,0.884301,0.002359,0.411642
42.387052,2.045508,-0.832331,-1.724425,-1.255542,1.140825,0.246773,0.441876,-0.147457,-1.258321,-0.569032,0.344553,0.377578,0.254302,0.163105,0.782926,-1.196024,-0.731797,-2.160500,-0.134397,1.581496,2.159549,0.565461,-0.464443,-0.671427,-0.066687,0.884211,0.001716,0.410838
42.387965,2.049397,-0.829269,-1.724545,-1.256163,1.138556,0.248303,0.441995,-0.121483,-1.259245,-0.566077,0.347037,0.379631,0.255264,0.162934,0.783474,-1.196486,-0.732470,-2.160566,-0.133507,1.581492,2.159953,0.560339,-0.465235,-0.674860,-0.066923,0.881772,-0.000084,0.410085
42.388947,2.055045,-0.840410,-1.730271,-1.257924,1.138250,0.246814,0.442345,-0.082475,-1.241820,-0.555399,0.338236,0.381794,0.255743,0.162752,0.784030,-1.196955,-0.733148,-2.160630,-0.132633,1.581485,2.160367,0.557931,-0.466250,-0.674466,-0.065937,0.883188,-0.001705,0.409754
42.390082,2.057321,-0.841147,-1.736389,-1.258525,1.144110,0.245872,0.443879,-0.032022,-1.210582,-0.539703,0.319434,0.383971,0.255772,0.162584,0.784572,-1.197407,-0.733808,-2.160692,-0.131746,1.581490,2.160778,0.555233,-0.460663,-0.672090,-0.063962,0.883053,-0.000357,0.409081
42.391002,2.056839,-0.838844,-1.733376,-1.256571,1.145654,0.245470,0.444517,0.024549,-1.174604,-0.525254,0.294001,0.385835,0.255347,0.162440,0.785129,-1.197867,-0.734480,-2.160755,-0.130881,1.581489,2.161176,0.555118,-0.461181,-0.670722,-0.063337,0.878258,0.000420,0.406337
42.391931,2.057025,-0.829640,-1.731882,-1.255894,1.142922,0.245152,0.445555,0.082832,-1.138200,-0.513325,0.265332,0.387329,0.254679,0.162309,0.785688,-1.198334,-0.735157,-2.160821,-0.130009,1.581485,2.161578,0.554881,-0.461876,-0.672016,-0.064921,0.875926,0.000706,0.405035
42.393014,2.063379,-0.821194,-1.730901,-1.258371,1.146365,0.244710,0.445680,0.141167,-1.099516,-0.500642,0.235212,0.388606,0.254058,0.162187,0.786234,-1.198814,-0.735825,-2.160886,-0.129121,1.581487,2.161973,0.554514,-0.465943,-0.672710,-0.065228,0.877815,0.000881,0.402956
42.394017,2.068269,-0.811500,-1.723539,-1.259647,1.145973,0.245362,0.445027,0.202262,-1.051822,-0.483452,0.200956,0.389805,0.253398,0.162096,0.786784,-1.199290,-0.736506,-2.160944,-0.128256,1.581489,2.162377,0.552042,-0.470506,-0.674336,-0.062744,0.874985,0.001155,0.402954
42.394995,2.071977,-0.802981,-1.724907,-1.259877,1.140766,0.245529,0.447167,0.271581,-0.986525,-0.457299,0.157101,0.391162,0.252338,0.162064,0.787333,-1.199776,-0.737186,-2.161002,-0.127380,1.581488,2.162779,0.549802,-0.475125,-0.678486,-0.061387,0.875271,0.000351,0.404377
42.395975,2.074493,-0.804029,-1.726694,-1.261606,1.141915,0.243793,0.446299,0.351693,-0.899881,-0.419912,0.101385,0.392878,0.250738,0.162108,0.787870,-1.200255,-0.737868,-2.161061,-0.126501,1.581488,2.163174,0.548128,-0.479083,-0.677957,-0.061007,0.880146,0.000052,0.400127
42.396977,2.075356,-0.805860,-1.723686,-1.262433,1.139442,0.243122,0.446683,0.439952,-0.796724,-0.375485,0.036207,0.394826,0.248663,0.162219,0.788418,-1.200736,-0.738550,-2.161116,-0.125623,1.581492,2.163580,0.546932,-0.478221,-0.677288,-0.059218,0.878587,0.001636,0.401974
42.397976,2.071336,-0.808597,-1.727909,-1.261641,1.139998,0.242497,0.446542,0.530387,-0.687742,-0.329470,-0.033324,0.396863,0.246231,0.162382,0.788960,-1.201215,-0.739229,-2.161171,-0.124729,1.581494,2.163976,0.546781,-0.477150,-0.679269,-0.058378,0.880774,0.002142,0.401306
42.399138,2.073150,-0.812000,-1.729622,-1.265015,1.138101,0.243920,0.444818,0.615466,-0.584383,-0.285313,-0.100520,0.398935,0.243719,0.162586,0.789513,-1.201684,-0.739903,-2.161231,-0.123853,1.581496,2.164382,0.548938,-0.475732,-0.677615,-0.059052,0.880015,0.002608,0.401678
42.399943,2.068204,-0.812464,-1.728973,-1.265130,1.132744,0.242399,0.444682,0.689350,-0.494625,-0.246195,-0.160507,0.400859,0.241338,0.162820,0.790068,-1.202161,-0.740576,-2.161281,-0.122965,1.581494,2.164789,0.549216,-0.474800,-0.678676,-0.055946,0.883065,0.001011,0.405511
42.400954,2.066798,-0.814170,-1.732387,-1.262838,1.136268,0.242959,0.444994,0.750237,-0.421278,-0.213919,-0.212443,0.402415,0.239029,0.163061,0.790618,-1.202626,-0.741258,-2.161336,-0.122068,1.581498,2.165195,0.550549,-0.473485,-0.677708,-0.055577,0.886380,0.002420,0.405498
42.401923,2.072389,-0.803957,-1.737395,-1.262851,1.131610,0.241944,0.444713,0.796888,-0.366405,-0.189895,-0.254721,0.403456,0.236937,0.163279,0.791171,-1.203101,-0.741938,-2.161399,-0.121195,1.581496,2.165603,0.551449,-0.472583,-0.676512,-0.057696,0.882754,0.001707,0.404960
42.402955,2.071166,-0.809992,-1.740476,-1.262739,1.132321,0.242768,0.444430,0.831085,-0.327904,-0.175058,-0.287072,0.403881,0.235286,0.163484,0.791711,-1.203594,-0.742603,-2.161457,-0.120300,1.581497,2.166006,0.548697,-0.477248,-0.674324,-0.057531,0.886864,0.002594,0.405573
42.403998,2.068005,-0.807167,-1.744240,-1.261154,1.134547,0.242401,0.445806,0.857553,-0.299997,-0.169260,-0.312549,0.403629,0.233998,0.163711,0.792265,-1.204061,-0.743279,-2.161515,-0.119423,1.581496,2.166414,0.549681,-0.474316,-0.673542,-0.057598,0.886208,0.001602,0.406268
42.405001,2.070717,-0.806442,-1.757551,-1.261950,1.132811,0.244363,0.445836,0.876037,-0.282731,-0.172030,-0.330755,0.402804,0.233111,0.163961,0.792820,-1.204541,-0.743954,-2.161575,-0.118536,1.581498,2.166810,0.551671,-0.475841,-0.672513,-0.059090,0.884079,0.001822,0.403677
42.405909,2.059542,-0.810956,-1.755908,-1.264691,1.131675,0.244716,0.443853,0.885396,-0.276863,-0.184665,-0.340772,0.401415,0.232688,0.164219,0.793365,-1.205012,-0.744603,-2.161630,-0.117640,1.581496,2.167215,0.550527,-0.476134,-0.666624,-0.058254,0.885509,-0.000294,0.403731
42.407045,2.047642,-0.819385,-1.754073,-1.266079,1.131257,0.244100,0.444998,0.885762,-0.281930,-0.209487,-0.344064,0.399334,0.232510,0.164496,0.793932,-1.205479,-0.745277,-2.161682,-0.116760,1.581495,2.167633,0.555510,-0.473320,-0.667207,-0.055423,0.885637,-0.000757,0.407613
42.408015,2.049384,-0.827991,-1.758861,-1.265193,1.129014,0.244116,0.445495,0.872309,-0.301715,-0.243690,-0.339269,0.396788,0.232431,0.164799,0.794501,-1.205943,-0.745950,-2.161733,-0.115868,1.581496,2.168035,0.562344,-0.469876,-0.669832,-0.054308,0.886919,-0.000301,0.405595
42.408972,2.046172,-0.833736,-1.760364,-1.264247,1.129398,0.242279,0.445212,0.791123,-0.399392,-0.327496,-0.295416,0.391382,0.233172,0.165294,0.795633,-1.206855,-0.747281,-2.161849,-0.114094,1.581497,2.168850,0.562479,-0.462522,-0.667208,-0.055888,0.887587,0.001245,0.405220
42.410077,2.047436,-0.842031,-1.770083,-1.262663,1.132177,0.241497,0.445119,0.791123,-0.399392,-0.327496,-0.295416,0.391382,0.233172,0.165294,0.795633,-1.206855,-0.747281,-2.161849,-0.114094,1.581497,2.168850,0.562479,-0.462522,-0.667208,-0.055888,0.887587,0.001245,0.405220
42.411071,2.047823,-0.835078,-1.775387,-1.262157,1.132166,0.240682,0.443837,0.728003,-0.476154,-0.378020,-0.256312,0.388443,0.234302,0.165429,0.796191,-1.207314,-0.747929,-2.161911,-0.113208,1.581498,2.169253,0.562619,-0.459040,-0.664033,-0.057415,0.885440,0.001852,0.405674
42.411967,2.046511,-0.835882,-1.782075,-1.262685,1.134791,0.241439,0.443606,0.655677,-0.564751,-0.434910,-0.208979,0.385097,0.235913,0.165519,0.796755,-1.207777,-0.748590,-2.161969,-0.112330,1.581503,2.169669,0.562380,-0.462584,-0.661987,-0.057810,0.885238,0.002494,0.408290
42.412971,2.039238,-0.837640,-1.783491,-1.260614,1.134421,0.242389,0.443536,0.581263,-0.654656,-0.497261,-0.159420,0.381092,0.237701,0.165587,0.797323,-1.208238,-0.749237,-2.162025,-0.111448,1.581501,2.170073,0.562278,-0.461611,-0.658551,-0.057093,0.881463,0.001607,0.408642
42.413967,2.032994,-0.837006,-1.786263,-1.263154,1.135416,0.242890,0.443509,0.507232,-0.741119,-0.563486,-0.109999,0.376345,0.239553,0.165639,0.797893,-1.208694,-0.749896,-2.162086,-0.110577,1.581499,2.170488,0.565910,-0.460877,-0.658585,-0.059016,0.881796,0.000518,0.408834
42.415054,2.033003,-0.841444,-1.793559,-1.263386,1.139138,0.242211,0.442868,0.431616,-0.824188,-0.630632,-0.059841,0.370965,0.241515,0.165696,0.798468,-1.209156,-0.750554,-2.162137,-0.109697,1.581497,2.170900,0.568854,-0.461220,-0.657841,-0.056501,0.880551,-0.000112,0.408937
42.415988,2.024833,-0.844914,-1.798537,-1.259266,1.135267,0.243062,0.442307,0.354670,-0.902413,-0.696325,-0.010426,0.365077,0.243401,0.165792,0.799036,-1.209613,-0.751200,-2.162194,-0.108814,1.581498,2.171311,0.569369,-0.459570,-0.655757,-0.056331,0.877330,0.000417,0.410443
42.416962,2.023693,-0.855570,-1.804949,-1.258025,1.135581,0.241359,0.443331,0.275899,-0.977663,-0.761338,0.039200,0.358800,0.245303,0.165936,0.799620,-1.210061,-0.751852,-2.162262,-0.107937,1.581496,2.171727,0.572798,-0.457672,-0.653458,-0.060085,0.880527,-0.000573,0.411489
42.418065,2.031013,-0.858710,-1.814866,-1.258396,1.138365,0.243082,0.442869,0.191830,-1.056482,-0.828076,0.093900,0.352319,0.247659,0.166096,0.800198,-1.210505,-0.752502,-2.162326,-0.107052,1.581498,2.172129,0.572994,-0.452433,-0.650800,-0.061029,0.879702,0.001004,0.409464
42.419072,2.033654,-0.859538,-1.814464,-1.256673,1.137410,0.242253,0.442572,0.103925,-1.141024,-0.898112,0.153812,0.345901,0.250507,0.166254,0.800759,-1.210951,-0.753137,-2.162385,-0.106171,1.581494,2.172542,0.570028,-0.451710,-0.647680,-0.060641,0.877575,-0.000888,0.410645
42.419978,2.036308,-0.853432,-1.812162,-1.256982,1.137450,0.241726,0.443263,0.019578,-1.225162,-0.969059,0.213719,0.339983,0.253557,0.166456,0.801329,-1.211406,-0.753789,-2.162452,-0.105296,1.581498,2.172957,0.568690,-0.451470,-0.648737,-0.062078,0.878469,-0.000202,0.411292
42.420952,2.034079,-0.849719,-1.807230,-1.257052,1.133047,0.241349,0.442839,-0.054162,-1.299783,-1.034225,0.268288,0.335167,0.256538,0.166742,0.801890,-1.211871,-0.754436,-2.162513,-0.104415,1.581500,2.173359,0.566770,-0.454039,-0.649911,-0.061462,0.877401,0.000177,0.409828
42.422014,2.038402,-0.846618,-1.799549,-1.256363,1.129324,0.240706,0.444032,-0.112817,-1.357025,-1.086409,0.313204,0.331979,0.259160,0.167101,0.802460,-1.212326,-0.755097,-2.162577,-0.103533,1.581502,2.173770,0.567660,-0.455858,-0.652814,-0.061135,0.881409,0.000400,0.410715
42.422988,2.035237,-0.839206,-1.800240,-1.256528,1.126596,0.241728,0.443031,-0.154700,-1.392609,-1.119450,0.346435,0.330804,0.261270,0.167517,0.803031,-1.212791,-0.755769,-2.162641,-0.102620,1.581500,2.174179,0.565799,-0.457767,-0.657717,-0.061671,0.885131,0.000904,0.408475
42.423909,2.033575,-0.833233,-1.791720,-1.258091,1.120240,0.242132,0.442026,-0.179809,-1.405403,-1.130288,0.367871,0.331707,0.262879,0.167988,0.803600,-1.213262,-0.756420,-2.162701,-0.101730,1.581495,2.174592,0.567177,-0.461281,-0.657883,-0.061314,0.887318,-0.000246,0.410528
42.425111,2.040227,-0.833514,-1.793350,-1.258575,1.119821,0.241511,0.443333,-0.189060,-1.395727,-1.119845,0.377324,0.334333,0.263940,0.168508,0.804168,-1.213727,-0.757090,-2.162760,-0.100841,1.581497,2.175008,0.567407,-0.463813,-0.662036,-0.059531,0.892730,-0.000787,0.412444
42.425971,2.041647,-0.833998,-1.789056,-1.257436,1.119531,0.241172,0.443487,-0.183276,-1.365338,-1.089728,0.374646,0.338277,0.264365,0.169028,0.804735,-1.214193,-0.757752,-2.162817,-0.099939,1.581495,2.175412,0.565392,-0.464782,-0.663563,-0.059248,0.894437,-0.000320,0.410222
42.426953,2.040158,-0.832256,-1.782938,-1.257350,1.116352,0.240215,0.443415,-0.163807,-1.319413,-1.043025,0.361918,0.343239,0.264288,0.169474,0.805292,-1.214652,-0.758423,-2.162880,-0.099050,1.581493,2.175823,0.563817,-0.463824,-0.665040,-0.060004,0.893196,-0.000094,0.409753
42.428064,2.042350,-0.836858,-1.782710,-1.257589,1.117387,0.239441,0.443605,-0.134188,-1.265140,-0.983234,0.343211,0.348965,0.264010,0.169807,0.805858,-1.215121,-0.759105,-2.162939,-0.098152,1.581496,2.176235,0.564440,-0.464566,-0.668357,-0.059937,0.895879,0.000709,0.409927
42.429000,2.044138,-0.838216,-1.780660,-1.254857,1.116967,0.240612,0.441446,-0.098659,-1.208350,-0.912480,0.321890,0.355226,0.263717,0.170041,0.806415,-1.215585,-0.759772,-2.162999,-0.097250,1.581498,2.176642,0.564166,-0.462879,-0.669984,-0.059686,0.895351,0.001306,0.409815
42.429992,2.041251,-0.834396,-1.782325,-1.254272,1.119936,0.239430,0.441809,-0.060787,-1.154468,-0.834070,0.301132,0.361792,0.263613,0.170214,0.806977,-1.216044,-0.760447,-2.163067,-0.096359,1.581495,2.177065,0.562852,-0.461935,-0.670937,-0.062033,0.894911,-0.000001,0.414078
42.430945,2.033969,-0.835366,-1.786019,-1.255480,1.122037,0.239026,0.441667,-0.023000,-1.106849,-0.752217,0.283525,0.368377,0.263933,0.170346,0.807545,-1.216512,-0.761113,-2.163128,-0.095472,1.581500,2.177474,0.564217,-0.463794,-0.670614,-0.062412,0.891576,0.001033,0.413359
42.431988,2.036236,-0.832945,-1.788007,-1.255118,1.126494,0.238994,0.441045,0.012236,-1.066584,-0.671627,0.269522,0.374542,0.264605,0.170425,0.808114,-1.216971,-0.761785,-2.163187,-0.094595,1.581501,2.177891,0.567497,-0.463106,-0.668868,-0.061015,0.888912,0.001283,0.413610
42.432972,2.036310,-0.828723,-1.778543,-1.256133,1.128790,0.238980,0.441063,0.043286,-1.033956,-0.596505,0.258220,0.379975,0.265379,0.170457,0.808682,-1.217438,-0.762465,-2.163250,-0.093721,1.581503,2.178311,0.566565,-0.464555,-0.668675,-0.061248,0.884661,0.001154,0.414964
42.433975,2.038060,-0.822934,-1.772270,-1.255115,1.129389,0.239708,0.440366,0.072387,-1.004939,-0.525255,0.247157,0.384902,0.266067,0.170467,0.809241,-1.217912,-0.763145,-2.163306,-0.092836,1.581503,2.178721,0.566486,-0.466483,-0.673733,-0.060134,0.881991,0.001026,0.414953
42.434959,2.039822,-0.826884,-1.767628,-1.257268,1.128687,0.239140,0.441241,0.103214,-0.972673,-0.451404,0.233475,0.389883,0.266567,0.170484,0.809806,-1.218385,-0.763835,-2.163368,-0.091960,1.581498,2.179141,0.565604,-0.469316,-0.677184,-0.060999,0.881282,0.000174,0.416390
42.435917,2.035596,-0.830817,-1.760719,-1.259901,1.127481,0.238668,0.441523,0.137149,-0.934355,-0.372052,0.216085,0.395224,0.266836,0.170515,0.810374,-1.218850,-0.764527,-2.163422,-0.091081,1.581502,2.179550,0.564574,-0.467201,-0.679643,-0.058797,0.881669,0.000585,0.414651
42.436965,2.034005,-0.834624,-1.766706,-1.260332,1.129231,0.237962,0.442359,0.172240,-0.893155,-0.289149,0.195509,0.400867,0.266734,0.170536,0.810939,-1.219307,-0.765210,-2.163473,-0.090192,1.581504,2.179962,0.566411,-0.465100,-0.683121,-0.056160,0.882222,0.000909,0.414081
42.438039,2.035807,-0.839992,-1.762771,-1.262610,1.127885,0.238087,0.443458,0.204114,-0.854856,-0.207569,0.173851,0.406496,0.266189,0.170539,0.811510,-1.219769,-0.765893,-2.163528,-0.089317,1.581508,2.180379,0.567440,-0.463513,-0.680869,-0.055797,0.880717,0.001440,0.412522
42.439018,2.038403,-0.843539,-1.765009,-1.262772,1.126320,0.239175,0.442765,0.229839,-0.823516,-0.132881,0.153263,0.411689,0.265276,0.170526,0.812073,-1.220230,-0.766580,-2.163577,-0.088433,1.581507,2.180782,0.567032,-0.461294,-0.683859,-0.053735,0.882493,0.001156,0.410536
42.439916,2.045378,-0.834859,-1.756254,-1.262976,1.126816,0.239180,0.444925,0.249844,-0.799785,-0.067668,0.134217,0.416202,0.264065,0.170491,0.812640,-1.220680,-0.767266,-2.163628,-0.087551,1.581505,2.181196,0.565552,-0.459598,-0.682875,-0.053624,0.883656,-0.000068,0.411972
42.440912,2.054030,-0.835031,-1.758792,-1.262414,1.123139,0.237875,0.444010,0.268565,-0.778842,-0.010921,0.114785,0.420023,0.262622,0.170450,0.813197,-1.221149,-0.767966,-2.163679,-0.086666,1.581503,2.181599,0.561430,-0.463380,-0.686611,-0.053365,0.881998,-0.000178,0.407513
42.442002,2.059551,-0.838094,-1.766163,-1.263080,1.122337,0.237935,0.444538,0.292907,-0.752421,0.040018,0.091414,0.423212,0.260960,0.170430,0.813743,-1.221613,-0.768646,-2.163734,-0.085770,1.581506,2.182010,0.557288,-0.463248,-0.685677,-0.053896,0.885333,0.000974,0.409462
42.442996,2.063948,-0.840755,-1.777175,-1.265979,1.122475,0.238553,0.445966,0.325522,-0.718731,0.083159,0.063315,0.425579,0.259093,0.170458,0.814296,-1.222069,-0.769323,-2.163787,-0.084875,1.581509,2.182418,0.555293,-0.462332,-0.683209,-0.053379,0.886542,0.000724,0.408604
42.443973,2.064253,-0.841770,-1.786147,-1.266555,1.120805,0.239446,0.445492,0.364556,-0.682142,0.111750,0.031842,0.426705,0.256981,0.170529,0.814849,-1.222531,-0.769985,-2.163833,-0.083997,1.581507,2.182814,0.553178,-0.461011,-0.678263,-0.050640,0.886155,-0.000029,0.405840
42.444973,2.056122,-0.848718,-1.790343,-1.270643,1.119316,0.240573,0.447221,0.407431,-0.646817,0.119936,-0.001862,0.426226,0.254548,0.170631,0.815398,-1.222989,-0.770656,-2.163883,-0.083120,1.581504,2.183222,0.553062,-0.460467,-0.674113,-0.050151,0.887468,-0.001048,0.406858
42.445958,2.048204,-0.853684,-1.788360,-1.268962,1.121150,0.243598,0.447903,0.449028,-0.617654,0.105982,-0.035019,0.424035,0.251866,0.170733,0.815965,-1.223442,-0.771330,-2.163923,-0.082230,1.581499,2.183620,0.557129,-0.457110,-0.672524,-0.046355,0.888651,-0.002293,0.403471
42.446961,2.051691,-0.849362,-1.794370,-1.270535,1.119377,0.243232,0.447940,0.481240,-0.601095,0.073967,-0.062172,0.420509,0.249313,0.170792,0.816527,-1.223896,-0.772002,-2.163974,-0.081343,1.581491,2.184018,0.561011,-0.454694,-0.673941,-0.048166,0.886386,-0.005428,0.402216
42.447968,2.057797,-0.847148,-1.801712,-1.268146,1.120952,0.241573,0.447642,0.501002,-0.598117,0.030395,-0.080203,0.416243,0.247361,0.170804,0.817085,-1.224356,-0.772670,-2.164017,-0.080457,1.581484,2.184420,0.559303,-0.456987,-0.671486,-0.046832,0.887961,-0.005135,0.402255
42.449060,2.058946,-0.846194,-1.816436,-1.267571,1.119959,0.238655,0.448650,0.514385,-0.601554,-0.021191,-0.092316,0.411558,0.246138,0.170802,0.817640,-1.224817,-0.773324,-2.164069,-0.079566,1.581484,2.184817,0.556397,-0.458177,-0.668606,-0.049318,0.886101,-0.003607,0.402987
42.449991,2.062230,-0.839808,-1.823057,-1.266940,1.121661,0.235841,0.450074,0.526997,-0.606301,-0.081643,-0.101519,0.406466,0.245636,0.170807,0.818193,-1.225275,-0.773978,-2.164121,-0.078672,1.581488,2.185224,0.556602,-0.459261,-0.662735,-0.050032,0.887578,-0.000859,0.401183
42.450947,2.065975,-0.835374,-1.826482,-1.269860,1.121159,0.236434,0.450386,0.540690,-0.610758,-0.152678,-0.108994,0.400896,0.245744,0.170827,0.818743,-1.225743,-0.774637,-2.164170,-0.077796,1.581496,2.185613,0.554638,-0.462050,-0.659536,-0.050686,0.885088,0.001775,0.398356
42.451905,2.062269,-0.828746,-1.828164,-1.269931,1.115216,0.237345,0.451849,0.558842,-0.610607,-0.231765,-0.118307,0.395000,0.246042,0.170867,0.819288,-1.226218,-0.775284,-2.164211,-0.076906,1.581497,2.186003,0.552703,-0.463912,-0.658280,-0.047989,0.884939,0.001001,0.397824
42.452982,2.063022,-0.825902,-1.830644,-1.272338,1.115449,0.237595,0.451056,0.583631,-0.601672,-0.313231,-0.132599,0.389049,0.246121,0.170944,0.819845,-1.226687,-0.775941,-2.164263,-0.076002,1.581498,2.186397,0.554382,-0.466947,-0.657772,-0.047953,0.890123,-0.000056,0.394932
42.453971,2.060239,-0.816274,-1.841458,-1.271587,1.117698,0.237416,0.452388,0.613233,-0.583264,-0.392026,-0.151882,0.383160,0.245839,0.171051,0.820403,-1.227161,-0.776601,-2.164304,-0.075117,1.581498,2.186796,0.554584,-0.468699,-0.657875,-0.045929,0.890261,-0.000456,0.396805
42.454990,2.059602,-0.824518,-1.853590,-1.272128,1.117525,0.236513,0.454422,0.675477,-0.526255,-0.539893,-0.198891,0.370890,0.244511,0.171247,0.821517,-1.228100,-0.777878,-2.164399,-0.073354,1.581498,2.187567,0.556516,-0.469276,-0.648245,-0.046490,0.887818,0.000349,0.390355
42.455993,2.060732,-0.832110,-1.859723,-1.270229,1.118599,0.236207,0.453652,0.675477,-0.526255,-0.539893,-0.198891,0.370890,0.244511,0.171247,0.821517,-1.228100,-0.777878,-2.164399,-0.073354,1.581498,2.187567,0.556516,-0.469276,-0.648245,-0.046490,0.887818,0.000349,0.390355
42.456974,2.061195,-0.829981,-1.869514,-1.268807,1.121929,0.235976,0.454894,0.697859,-0.504562,-0.618105,-0.217379,0.363894,0.244042,0.171282,0.822076,-1.228563,-0.778512,-2.164449,-0.072467,1.581499,2.187956,0.556010,-0.465533,-0.646210,-0.048501,0.886486,0.000496,0.392107
42.457934,2.061612,-0.829602,-1.874566,-1.266827,1.125136,0.235409,0.454691,0.708744,-0.498451,-0.701777,-0.226081,0.356308,0.244155,0.171270,0.822626,-1.229025,-0.779147,-2.164502,-0.071601,1.581498,2.188342,0.555822,-0.466573,-0.642092,-0.049934,0.882912,0.000592,0.389711
42.459021,2.057686,-0.832798,-1.876520,-1.263152,1.127075,0.234970,0.454591,0.709094,-0.506511,-0.788834,-0.224848,0.348268,0.244969,0.171233,0.823181,-1.229497,-0.779786,-2.164557,-0.070726,1.581499,2.188739,0.555447,-0.466458,-0.640154,-0.051851,0.879208,0.001014,0.390196
42.459963,2.054897,-0.836190,-1.880025,-1.262467,1.130016,0.234222,0.454071,0.698869,-0.526895,-0.875091,-0.213169,0.340135,0.246598,0.171196,0.823740,-1.229964,-0.780424,-2.164620,-0.069842,1.581503,2.189125,0.558091,-0.465311,-0.640872,-0.055430,0.877799,0.001272,0.390706
42.461016,2.051297,-0.832266,-1.882616,-1.262471,1.132118,0.234478,0.452565,0.675754,-0.560381,-0.956044,-0.189233,0.332477,0.249156,0.171174,0.824303,-1.230419,-0.781061,-2.164677,-0.068983,1.581508,2.189523,0.559085,-0.463415,-0.639540,-0.055941,0.874349,0.001861,0.391763
42.462117,2.044829,-0.839528,-1.887355,-1.260638,1.135096,0.233124,0.452246,0.640522,-0.604499,-1.028867,-0.155082,0.325721,0.252375,0.171187,0.824874,-1.230889,-0.781694,-2.164732,-0.068108,1.581508,2.189928,0.561167,-0.465662,-0.639703,-0.055968,0.872568,0.001441,0.394971
42.463020,2.041640,-0.842107,-1.888101,-1.260541,1.125636,0.233063,0.450594,0.594545,-0.655804,-1.091804,-0.113564,0.320215,0.255923,0.171254,0.825442,-1.231340,-0.782332,-2.164795,-0.067227,1.581511,2.190324,0.565061,-0.462711,-0.639118,-0.057738,0.870248,0.002633,0.395883
42.463920,2.045534,-0.847541,-1.887176,-1.261760,1.123669,0.233617,0.451223,0.536875,-0.715038,-1.145253,-0.064869,0.316189,0.259652,0.171364,0.826013,-1.231795,-0.782974,-2.164853,-0.066345,1.581515,2.190731,0.565875,-0.461028,-0.638786,-0.057589,0.878755,0.002526,0.399122
42.464995,2.039623,-0.861223,-1.881430,-1.260805,1.124024,0.233954,0.451495,0.470689,-0.780931,-1.190153,-0.011864,0.313683,0.263249,0.171477,0.826569,-1.232249,-0.783612,-2.164908,-0.065464,1.581513,2.191121,0.563310,-0.457873,-0.639326,-0.056208,0.879576,0.001849,0.397792
42.465978,2.040436,-0.868205,-1.872872,-1.261312,1.120624,0.234561,0.451670,0.399515,-0.852258,-1.224704,0.042998,0.312920,0.266501,0.171545,0.827142,-1.232686,-0.784267,-2.164968,-0.064590,1.581512,2.191518,0.566724,-0.451761,-0.643603,-0.057144,0.879728,0.001367,0.397503
42.466918,2.042776,-0.871252,-1.871130,-1.260316,1.115226,0.236113,0.452508,0.322549,-0.930823,-1.244449,0.101063,0.314275,0.269530,0.171552,0.827714,-1.233132,-0.784928,-2.165024,-0.063700,1.581511,2.191913,0.566071,-0.448437,-0.648393,-0.056552,0.882702,0.000622,0.397252
42.467989,2.040289,-0.874235,-1.872146,-1.259762,1.116385,0.235032,0.453329,0.242448,-1.013817,-1.246559,0.160993,0.317697,0.272379,0.171521,0.828271,-1.233574,-0.785579,-2.165086,-0.062798,1.581505,2.192308,0.564563,-0.446883,-0.649479,-0.057292,0.887179,-0.001041,0.395584
42.469007,2.036634,-0.877800,-1.862451,-1.259332,1.117558,0.234554,0.453990,0.163937,-1.095985,-1.232912,0.219677,0.322614,0.275024,0.171486,0.828843,-1.234020,-0.786234,-2.165147,-0.061925,1.581509,2.192709,0.566217,-0.446033,-0.650296,-0.057768,0.886444,-0.000116,0.394166
42.470006,2.031270,-0.878381,-1.857255,-1.257942,1.117448,0.234588,0.454156,0.088103,-1.174575,-1.204630,0.276230,0.328539,0.277503,0.171463,0.829412,-1.234467,-0.786896,-2.165205,-0.061039,1.581509,2.193096,0.568111,-0.444558,-0.655978,-0.058121,0.885161,0.000209,0.393035
42.470933,2.023662,-0.875365,-1.850440,-1.258724,1.117628,0.234268,0.455044,0.014331,-1.247856,-1.159615,0.331020,0.335320,0.279894,0.171442,0.829991,-1.234908,-0.787563,-2.165267,-0.060145,1.581509,2.193490,0.570608,-0.444572,-0.659116,-0.059336,0.884936,0.000029,0.392839
42.472016,2.020206,-0.871410,-1.850826,-1.260420,1.120741,0.234137,0.455557,-0.057307,-1.313457,-1.097484,0.383605,0.342763,0.282216,0.171420,0.830576,-1.235357,-0.788237,-2.165323,-0.059274,1.581510,2.193881,0.573680,-0.445889,-0.662398,-0.058391,0.884016,0.000214,0.391067
42.473006,2.025696,-0.872801,-1.841690,-1.261431,1.120822,0.234944,0.456609,-0.124748,-1.367278,-1.020691,0.430972,0.350515,0.284247,0.171402,0.831151,-1.235812,-0.788900,-2.165377,-0.058392,1.581509,2.194267,0.575824,-0.448469,-0.663514,-0.056793,0.881378,0.000191,0.390351
42.473984,2.022110,-0.874556,-1.831559,-1.260503,1.120491,0.234542,0.457706,-0.183315,-1.404764,-0.931653,0.468826,0.358387,0.285692,0.171365,0.831723,-1.236255,-0.789584,-2.165432,-0.057516,1.581504,2.194653,0.572867,-0.447967,-0.668416,-0.055768,0.881072,-0.000740,0.388379
42.475086,2.019769,-0.874714,-1.826916,-1.262385,1.120868,0.233809,0.458212,-0.229766,-1.424950,-0.830589,0.495881,0.366536,0.286553,0.171285,0.832305,-1.236701,-0.790261,-2.165491,-0.056637,1.581506,2.195034,0.574333,-0.447197,-0.673753,-0.056560,0.881031,-0.000480,0.386327
42.475974,2.016561,-0.871730,-1.825494,-1.261446,1.123852,0.233075,0.457688,-0.265624,-1.430615,-0.717902,0.514076,0.375086,0.287003,0.171165,0.832878,-1.237142,-0.790948,-2.165542,-0.055764,1.581506,2.195419,0.576081,-0.447988,-0.677264,-0.054858,0.881400,0.000098,0.385669
42.476947,2.017010,-0.872237,-1.820821,-1.259751,1.120942,0.232457,0.457914,-0.293174,-1.424503,-0.597906,0.524891,0.383810,0.287115,0.171020,0.833458,-1.237595,-0.791634,-2.165598,-0.054890,1.581510,2.195811,0.576726,-0.449011,-0.677329,-0.055632,0.877274,0.000680,0.386680
42.477948,2.016827,-0.871661,-1.816552,-1.261960,1.122242,0.231626,0.458086,-0.313574,-1.409455,-0.476871,0.530070,0.392376,0.287046,0.170883,0.834028,-1.238047,-0.792315,-2.165656,-0.054002,1.581512,2.196196,0.576232,-0.448752,-0.679866,-0.057190,0.879727,0.001142,0.386332
42.478949,2.016691,-0.864257,-1.817277,-1.261068,1.127928,0.232643,0.456881,-0.327063,-1.387525,-0.358499,0.530722,0.400584,0.286868,0.170768,0.834606,-1.238494,-0.793005,-2.165707,-0.053128,1.581514,2.196584,0.576168,-0.449281,-0.682317,-0.055029,0.878264,0.001819,0.386148
42.479908,2.025101,-0.863549,-1.812783,-1.264505,1.126175,0.232495,0.457917,-0.332162,-1.357547,-0.244528,0.525515,0.408266,0.286432,0.170679,0.835184,-1.238956,-0.793685,-2.165763,-0.052264,1.581513,2.196979,0.576069,-0.453069,-0.682358,-0.055904,0.872506,0.000649,0.388712
42.481053,2.031670,-0.862017,-1.816493,-1.263852,1.125227,0.233547,0.456554,-0.325333,-1.316356,-0.136672,0.511700,0.415226,0.285543,0.170628,0.835754,-1.239407,-0.794380,-2.165807,-0.051380,1.581512,2.197363,0.571472,-0.453330,-0.684504,-0.052621,0.873732,0.000675,0.386693
42.481987,2.031300,-0.860905,-1.820003,-1.266206,1.123306,0.233568,0.455766,-0.302879,-1.262273,-0.036807,0.486887,0.421287,0.284033,0.170646,0.836317,-1.239869,-0.795072,-2.165861,-0.050508,1.581510,2.197761,0.569193,-0.454960,-0.684143,-0.053499,0.875809,-0.000546,0.389830
42.482940,2.035222,-0.855073,-1.817113,-1.267685,1.123053,0.233148,0.456097,-0.265723,-1.198054,0.051220,0.452067,0.426176,0.281960,0.170750,0.836876,-1.240327,-0.795749,-2.165907,-0.049628,1.581511,2.198151,0.569013,-0.455227,-0.682272,-0.051225,0.876961,-0.000696,0.391425
42.483975,2.034355,-0.855366,-1.822045,-1.268454,1.121519,0.232591,0.456898,-0.216624,-1.126757,0.124587,0.408862,0.429654,0.279373,0.170905,0.837442,-1.240787,-0.796435,-2.165954,-0.048758,1.581512,2.198546,0.566689,-0.457973,-0.683689,-0.049864,0.876693,-0.000415,0.390786
42.485004,2.037568,-0.851036,-1.824040,-1.268873,1.123886,0.232350,0.457514,-0.157667,-1.050083,0.183336,0.358513,0.431703,0.276300,0.171033,0.838017,-1.241247,-0.797117,-2.166003,-0.047873,1.581511,2.198933,0.567259,-0.458063,-0.681889,-0.049273,0.878291,0.000003,0.389390
42.485996,2.044023,-0.852526,-1.829723,-1.271120,1.122691,0.232151,0.456963,-0.092314,-0.971383,0.227095,0.304120,0.432402,0.272970,0.171078,0.838574,-1.241716,-0.797793,-2.166049,-0.046996,1.581509,2.199320,0.565912,-0.460375,-0.681637,-0.049078,0.875977,0.000100,0.388372
42.487030,2.050490,-0.852634,-1.837239,-1.270221,1.124083,0.231777,0.457266,-0.022034,-0.893079,0.255106,0.247496,0.431899,0.269529,0.171060,0.839132,-1.242172,-0.798472,-2.166091,-0.046106,1.581510,2.199715,0.562679,-0.459667,-0.679128,-0.047100,0.876831,0.000152,0.389608
42.488041,2.060277,-0.848921,-1.837833,-1.269375,1.117198,0.232662,0.458553,0.053464,-0.817293,0.265790,0.189480,0.430367,0.266057,0.171027,0.839682,-1.242636,-0.799137,-2.166138,-0.045237,1.581511,2.200107,0.559848,-0.459820,-0.676261,-0.048234,0.875616,0.000375,0.389179
42.488960,2.061449,-0.851474,-1.847179,-1.270454,1.116134,0.231112,0.457460,0.134370,-0.745225,0.259278,0.131654,0.428060,0.262765,0.170992,0.840227,-1.243099,-0.799812,-2.166189,-0.044359,1.581508,2.200487,0.555239,-0.461799,-0.676576,-0.049161,0.882501,-0.000655,0.386791
42.489955,2.065485,-0.845115,-1.853052,-1.271654,1.113043,0.231505,0.459828,0.220308,-0.677171,0.237062,0.075172,0.425169,0.259771,0.170953,0.840782,-1.243557,-0.800474,-2.166236,-0.043469,1.581513,2.200882,0.554238,-0.460120,-0.671783,-0.048136,0.882494,0.000755,0.389010
42.491041,2.060805,-0.841960,-1.870924,-1.273166,1.106254,0.231382,0.457499,0.309413,-0.614399,0.198718,0.020436,0.421622,0.256949,0.170923,0.841328,-1.244029,-0.801130,-2.166281,-0.042568,1.581513,2.201255,0.552399,-0.463241,-0.669533,-0.047155,0.885157,0.000205,0.384409
42.491957,2.066183,-0.845699,-1.876672,-1.275561,1.106743,0.232006,0.457218,0.399015,-0.556872,0.142983,-0.032648,0.417111,0.254138,0.170920,0.841886,-1.244492,-0.801781,-2.166323,-0.041675,1.581512,2.201654,0.555439,-0.465314,-0.662058,-0.046034,0.892407,0.000179,0.389421
42.492956,2.063078,-0.844936,-1.882239,-1.274539,1.105727,0.232873,0.458960,0.485898,-0.505964,0.068465,-0.083515,0.411334,0.251266,0.170946,0.842434,-1.244950,-0.802427,-2.166363,-0.040786,1.581510,2.202040,0.552305,-0.463028,-0.659342,-0.043869,0.890810,-0.000571,0.389956
42.494076,2.069620,-0.850261,-1.895321,-1.274678,1.105317,0.231012,0.457546,0.567334,-0.464465,-0.022206,-0.130247,0.404496,0.248471,0.170966,0.842987,-1.245407,-0.803079,-2.166412,-0.039900,1.581507,2.202422,0.554027,-0.463525,-0.657313,-0.045038,0.891583,-0.001566,0.386605
42.494989,2.072344,-0.852965,-1.901770,-1.273393,1.102563,0.230120,0.458478,0.640730,-0.434345,-0.124509,-0.170036,0.397010,0.246080,0.170960,0.843534,-1.245869,-0.803723,-2.166458,-0.039002,1.581507,2.202820,0.551730,-0.461558,-0.652623,-0.045247,0.892649,0.000156,0.389820
42.495992,2.073550,-0.863258,-1.915497,-1.271873,1.104577,0.231206,0.458712,0.704775,-0.417046,-0.236637,-0.201113,0.389058,0.244318,0.170927,0.844076,-1.246329,-0.804358,-2.166507,-0.038100,1.581506,2.203199,0.550051,-0.459793,-0.649628,-0.046542,0.894249,0.000916,0.387947
42.496937,2.078027,-0.863710,-1.926333,-1.272507,1.101700,0.229106,0.458267,0.757882,-0.415330,-0.358283,-0.221408,0.380751,0.243410,0.170865,0.844627,-1.246769,-0.804990,-2.166559,-0.037218,1.581503,2.203590,0.549637,-0.454938,-0.643766,-0.048111,0.892000,-0.000319,0.387639
42.497946,2.076826,-0.863982,-1.929493,-1.272317,1.105310,0.228643,0.457893,0.798695,-0.431024,-0.489925,-0.229873,0.372079,0.243459,0.170786,0.845169,-1.247224,-0.805623,-2.166606,-0.036315,1.581509,2.203983,0.547263,-0.454569,-0.638864,-0.047560,0.894011,0.001640,0.388581
42.499039,2.076311,-0.861060,-1.938381,-1.272721,1.105407,0.229222,0.458314,0.829373,-0.459407,-0.627958,-0.229618,0.363083,0.244194,0.170706,0.845716,-1.247674,-0.806253,-2.166654,-0.035424,1.581507,2.204372,0.548171,-0.454682,-0.638434,-0.047922,0.890109,0.001954,0.389493
42.500021,2.068908,-0.856988,-1.943567,-1.273557,1.109998,0.230081,0.459484,0.851887,-0.493094,-0.764571,-0.224075,0.354006,0.245353,0.170647,0.846270,-1.248135,-0.806884,-2.166701,-0.034541,1.581508,2.204764,0.549175,-0.456736,-0.635770,-0.047794,0.890628,0.001201,0.388932
42.500969,2.070544,-0.855034,-1.939210,-1.273565,1.111225,0.228325,0.458695,0.866046,-0.526780,-0.893923,-0.215197,0.345005,0.246818,0.170629,0.846820,-1.248598,-0.807505,-2.166747,-0.033663,1.581505,2.205139,0.552948,-0.458706,-0.634161,-0.047132,0.885646,0.000212,0.386750
42.502021,2.066381,-0.858041,-1.945760,-1.273028,1.109767,0.227650,0.458701,0.872063,-0.556481,-1.010446,-0.204745,0.336356,0.248463,0.170662,0.847374,-1.249056,-0.808147,-2.166796,-0.032787,1.581509,2.205534,0.551838,-0.459465,-0.636805,-0.047171,0.883845,0.001834,0.388401
42.503068,2.067175,-0.858827,-1.949525,-1.272773,1.111542,0.228650,0.460983,0.870330,-0.581095,-1.109550,-0.193267,0.328431,0.250219,0.170739,0.847940,-1.249514,-0.808782,-2.166844,-0.031900,1.581512,2.205926,0.554291,-0.458329,-0.634895,-0.047938,0.885514,0.002332,0.388603
42.504084,2.070582,-0.860709,-1.949469,-1.273823,1.113770,0.227585,0.459818,0.859648,-0.603231,-1.191806,-0.179517,0.321310,0.252164,0.170830,0.848487,-1.249977,-0.809409,-2.166895,-0.031013,1.581509,2.206295,0.554394,-0.458234,-0.634492,-0.048320,0.883840,0.001181,0.384303
42.505026,2.067132,-0.860814,-1.944440,-1.270512,1.113777,0.228015,0.461084,0.841156,-0.623623,-1.258030,-0.163954,0.315059,0.254271,0.170926,0.849041,-1.250428,-0.810049,-2.166941,-0.030143,1.581512,2.206687,0.552900,-0.457548,-0.635570,-0.047470,0.881644,0.002098,0.386866
42.506028,2.063393,-0.862262,-1.942820,-1.269891,1.111671,0.229064,0.460654,0.817107,-0.641328,-1.305972,-0.147325,0.310010,0.256499,0.171060,0.849603,-1.250887,-0.810688,-2.166998,-0.029260,1.581512,2.207065,0.554273,-0.457253,-0.638510,-0.050671,0.880918,0.001519,0.384377
42.507001,2.063034,-0.858997,-1.940965,-1.269487,1.113679,0.228588,0.461232,0.747256,-0.674078,-1.341195,-0.103252,0.304728,0.261954,0.171511,0.850718,-1.251799,-0.811983,-2.167102,-0.027507,1.581513,2.207840,0.556300,-0.458275,-0.641646,-0.051749,0.880457,0.000665,0.384365
42.507979,2.058426,-0.855986,-1.938408,-1.267635,1.113499,0.227800,0.461236,0.747256,-0.674078,-1.341195,-0.103252,0.304728,0.261954,0.171511,0.850718,-1.251799,-0.811983,-2.167102,-0.027507,1.581513,2.207840,0.556300,-0.458275,-0.641646,-0.051749,0.880457,0.000665,0.384365
42.509024,2.046289,-0.857060,-1.938292,-1.266328,1.112520,0.226970,0.459750,0.703211,-0.687565,-1.329739,-0.077133,0.304650,0.265034,0.171840,0.851278,-1.252268,-0.812626,-2.167157,-0.026615,1.581515,2.208221,0.558527,-0.459611,-0.643616,-0.053547,0.880153,0.001301,0.384515
42.510007,2.046197,-0.856134,-1.932634,-1.268425,1.108991,0.227115,0.459635,0.652198,-0.699805,-1.301210,-0.047929,0.306278,0.268289,0.172248,0.851857,-1.252725,-0.813275,-2.167217,-0.025739,1.581519,2.208617,0.564756,-0.459420,-0.644834,-0.054780,0.881369,0.001956,0.387714
42.511050,2.048680,-0.855100,-1.927228,-1.268612,1.111001,0.226913,0.458733,0.592129,-0.713211,-1.257891,-0.014989,0.309520,0.271587,0.172717,0.852428,-1.253188,-0.813928,-2.167265,-0.024848,1.581524,2.209001,0.564536,-0.459822,-0.648290,-0.052755,0.884458,0.001632,0.388052
42.512011,2.040708,-0.861191,-1.922426,-1.267962,1.108310,0.227866,0.458858,0.464437,-0.732840,-1.127394,0.047190,0.320672,0.276809,0.173604,0.853564,-1.254102,-0.815259,-2.167373,-0.023080,1.581524,2.209786,0.567247,-0.457489,-0.654616,-0.053259,0.884688,0.000579,0.389880
42.513005,2.034293,-0.862089,-1.911923,-1.269750,1.102786,0.226733,0.457339,0.397913,-0.742655,-1.042654,0.076878,0.328448,0.278701,0.173980,0.854134,-1.254561,-0.815928,-2.167420,-0.022181,1.581525,2.210177,0.570328,-0.457102,-0.660391,-0.051603,0.889796,0.001585,0.393082
42.513921,2.034850,-0.866122,-1.902527,-1.267459,1.099995,0.226834,0.456389,0.327922,-0.755981,-0.946082,0.107360,0.337484,0.280197,0.174318,0.854706,-1.255006,-0.816609,-2.167479,-0.021280,1.581525,2.210579,0.569351,-0.454844,-0.664760,-0.053712,0.891417,0.001343,0.394925
42.514968,2.031818,-0.870110,-1.893885,-1.268131,1.101836,0.225366,0.458278,0.327922,-0.755981,-0.946082,0.107360,0.337484,0.280197,0.174318,0.854706,-1.255006,-0.816609,-2.167479,-0.021280,1.581525,2.210579,0.569351,-0.454844,-0.664760,-0.053712,0.891417,0.001343,0.394925
42.515942,2.022754,-0.871222,-1.884267,-1.267746,1.096870,0.223827,0.456548,0.256681,-0.772884,-0.838193,0.138697,0.347651,0.281411,0.174619,0.855287,-1.255459,-0.817296,-2.167531,-0.020398,1.581527,2.210967,0.570996,-0.453279,-0.669828,-0.053137,0.889735,0.002662,0.391327
42.516946,2.018775,-0.875650,-1.882536,-1.268724,1.096092,0.223305,0.455635,0.184498,-0.793959,-0.720264,0.171253,0.358697,0.282408,0.174887,0.855866,-1.255907,-0.817976,-2.167585,-0.019491,1.581531,2.211363,0.575191,-0.452790,-0.674829,-0.053482,0.894060,0.004037,0.394934
42.518057,2.019645,-0.871892,-1.877667,-1.270472,1.100542,0.223662,0.455978,0.110292,-0.820128,-0.595780,0.205135,0.370105,0.283138,0.175149,0.856449,-1.256356,-0.818660,-2.167636,-0.018604,1.581533,2.211766,0.576964,-0.450787,-0.676073,-0.052585,0.894572,0.004389,0.396843
42.519029,2.017393,-0.876401,-1.870147,-1.268277,1.102500,0.225055,0.456796,0.036773,-0.849413,-0.469402,0.238028,0.381263,0.283444,0.175421,0.857027,-1.256815,-0.819342,-2.167684,-0.017719,1.581536,2.212160,0.577100,-0.453407,-0.679885,-0.051124,0.890787,0.003848,0.396452
42.520009,2.015714,-0.877925,-1.870155,-1.268370,1.104415,0.227429,0.457561,-0.031465,-0.877718,-0.342799,0.267475,0.391894,0.283286,0.175670,0.857613,-1.257260,-0.820041,-2.167742,-0.016840,1.581533,2.212554,0.577775,-0.451201,-0.683598,-0.053218,0.888413,0.002319,0.394886
42.521024,2.018223,-0.878321,-1.872176,-1.267296,1.104660,0.228415,0.457292,-0.093762,-0.905622,-0.218556,0.294975,0.401901,0.282966,0.175841,0.858194,-1.257710,-0.820731,-2.167795,-0.015958,1.581529,2.212947,0.578268,-0.450524,-0.683676,-0.053099,0.886093,-0.000183,0.393458
42.521909,2.015590,-0.878725,-1.875530,-1.267010,1.107419,0.227531,0.456162,-0.149759,-0.934570,-0.102606,0.321553,0.410995,0.282729,0.175945,0.858767,-1.258164,-0.821412,-2.167851,-0.015071,1.581525,2.213343,0.576979,-0.450554,-0.683200,-0.054150,0.885731,-0.001272,0.394161
42.523038,2.013189,-0.891260,-1.878106,-1.264780,1.113864,0.227328,0.455710,-0.197701,-0.963878,-0.001012,0.346279,0.418823,0.282614,0.176023,0.859349,-1.258607,-0.822093,-2.167905,-0.014186,1.581526,2.213744,0.577324,-0.449974,-0.680928,-0.054273,0.881700,-0.000506,0.396342
42.523974,2.009270,-0.898376,-1.880784,-1.266399,1.110334,0.226674,0.455364,-0.240047,-0.996847,0.081932,0.371291,0.425318,0.282779,0.176063,0.859935,-1.259043,-0.822765,-2.167965,-0.013325,1.581526,2.214142,0.579148,-0.444739,-0.681294,-0.056551,0.876343,-0.000473,0.397570
42.524915,2.010463,-0.900073,-1.883149,-1.268255,1.110262,0.226816,0.455636,-0.282307,-1.039654,0.143999,0.400492,0.430633,0.283390,0.176017,0.860514,-1.259473,-0.823446,-2.168016,-0.012460,1.581528,2.214544,0.580488,-0.441268,-0.679790,-0.054894,0.879350,0.000037,0.398244
42.525969,2.011859,-0.901917,-1.889261,-1.268747,1.110579,0.228134,0.455235,-0.324587,-1.091961,0.184372,0.432319,0.434761,0.284158,0.175862,0.861093,-1.259911,-0.824127,-2.168066,-0.011581,1.581527,2.214941,0.579280,-0.440450,-0.678516,-0.053061,0.878689,-0.000244,0.397706
42.526965,2.015701,-0.906025,-1.891670,-1.268893,1.107084,0.228945,0.455652,-0.390624,-1.199583,0.203863,0.485663,0.439248,0.284910,0.175352,0.862236,-1.260782,-0.825475,-2.168170,-0.009815,1.581520,2.215738,0.576814,-0.438460,-0.675678,-0.052608,0.881879,-0.002631,0.397979
42.527975,2.023406,-0.902348,-1.891528,-1.267250,1.102929,0.228331,0.456325,-0.390624,-1.199583,0.203863,0.485663,0.439248,0.284910,0.175352,0.862236,-1.260782,-0.825475,-2.168170,-0.009815,1.581520,2.215738,0.576814,-0.438460,-0.675678,-0.052608,0.881879,-0.002631,0.397979
42.529000,2.026071,-0.899116,-1.900768,-1.269221,1.106070,0.226570,0.456053,-0.407603,-1.244893,0.188342,0.503196,0.439806,0.284962,0.175063,0.862807,-1.261228,-0.826157,-2.168226,-0.008920,1.581518,2.216129,0.572922,-0.440632,-0.676232,-0.054213,0.885771,-0.002134,0.396784
42.530048,2.028232,-0.895291,-1.905077,-1.269260,1.101341,0.227363,0.455770,-0.408745,-1.276773,0.161035,0.511625,0.439375,0.284802,0.174790,0.863371,-1.261668,-0.826815,-2.168273,-0.008039,1.581519,2.216530,0.571779,-0.442697,-0.672474,-0.052419,0.882569,-0.000518,0.397494
42.531031,2.034261,-0.896243,-1.915630,-1.271026,1.100699,0.226806,0.454031,-0.392702,-1.291463,0.123182,0.508970,0.437815,0.284286,0.174590,0.863942,-1.262117,-0.827482,-2.168325,-0.007148,1.581516,2.216932,0.570936,-0.445073,-0.671335,-0.052520,0.887482,-0.001472,0.398241
42.532003,2.041092,-0.899361,-1.917819,-1.271067,1.098931,0.227290,0.456776,-0.360712,-1.289363,0.074349,0.495288,0.434964,0.283360,0.174500,0.864498,-1.262563,-0.828133,-2.168372,-0.006258,1.581517,2.217337,0.567886,-0.444712,-0.666644,-0.050876,0.887622,-0.001048,0.401802
42.532993,2.052536,-0.896309,-1.924404,-1.274130,1.100664,0.226164,0.456396,-0.314120,-1.273710,0.014047,0.471851,0.430807,0.282088,0.174507,0.865056,-1.263000,-0.828798,-2.168422,-0.005377,1.581514,2.217727,0.564347,-0.443331,-0.665955,-0.050913,0.888958,-0.001664,0.396319
42.533948,2.057545,-0.894505,-1.933852,-1.272556,1.098493,0.225472,0.457148,-0.252228,-1.245953,-0.055748,0.438649,0.425486,0.280459,0.174579,0.865608,-1.263450,-0.829461,-2.168464,-0.004490,1.581515,2.218128,0.558674,-0.445021,-0.663182,-0.048099,0.886838,-0.000675,0.397225
42.534968,2.069063,-0.891441,-1.942241,-1.272090,1.098223,0.225319,0.457659,-0.173823,-1.205557,-0.133048,0.395020,0.419074,0.278440,0.174713,0.866153,-1.263902,-0.830105,-2.168516,-0.003593,1.581515,2.218515,0.556123,-0.445821,-0.658903,-0.049701,0.888276,-0.000124,0.395779
42.535967,2.076131,-0.887539,-1.953426,-1.273363,1.099632,0.224945,0.457916,-0.080605,-1.154250,-0.217711,0.343091,0.411615,0.276257,0.174905,0.866692,-1.264352,-0.830753,-2.168569,-0.002711,1.581515,2.218911,0.550770,-0.447668,-0.655703,-0.050214,0.888489,-0.000124,0.394920
42.536951,2.080510,-0.881294,-1.968527,-1.270393,1.102867,0.224062,0.459783,0.025871,-1.093381,-0.308986,0.284609,0.403247,0.274082,0.175150,0.867236,-1.264808,-0.831389,-2.168614,-0.001822,1.581515,2.219303,0.547487,-0.449727,-0.651022,-0.049131,0.886765,0.000109,0.394544
42.537965,2.084406,-0.876166,-1.972963,-1.271753,1.101145,0.222897,0.457749,0.143283,-1.024522,-0.407077,0.221162,0.394092,0.272022,0.175434,0.867772,-1.265264,-0.832020,-2.168672,-0.000949,1.581518,2.219689,0.545544,-0.452886,-0.644333,-0.052028,0.883243,0.000836,0.390916
42.539035,2.082074,-0.872860,-1.983450,-1.273790,1.103637,0.223724,0.458001,0.267075,-0.950306,-0.511138,0.155769,0.384410,0.270258,0.175748,0.868312,-1.265726,-0.832664,-2.168719,-0.000059,1.581519,2.220094,0.543981,-0.455560,-0.643141,-0.050819,0.884838,0.001851,0.395169
42.540014,2.085064,-0.869446,-1.982862,-1.272204,1.103171,0.223471,0.459937,0.392619,-0.872433,-0.616929,0.089869,0.374635,0.268689,0.176096,0.868853,-1.266193,-0.833289,-2.168766,0.000830,1.581518,2.220484,0.545923,-0.457586,-0.639551,-0.049048,0.882621,0.000858,0.394883
42.540911,2.081243,-0.871905,-1.991175,-1.273118,1.099893,0.223041,0.458733,0.514971,-0.793310,-0.719301,0.025238,0.365296,0.267239,0.176450,0.869396,-1.266651,-0.833931,-2.168820,0.001705,1.581517,2.220872,0.544507,-0.459258,-0.640588,-0.050625,0.882773,0.000987,0.391093
42.542037,2.089544,-0.870614,-1.998787,-1.273306,1.100354,0.222052,0.457383,0.629104,-0.717553,-0.815087,-0.034656,0.356826,0.266080,0.176771,0.869946,-1.267109,-0.834555,-2.168867,0.002597,1.581515,2.221265,0.545910,-0.457513,-0.636587,-0.049723,0.884865,0.001298,0.393520
42.543020,2.096936,-0.869271,-1.998471,-1.273198,1.101598,0.222512,0.457849,0.732158,-0.649551,-0.904736,-0.088017,0.349247,0.265280,0.177048,0.870477,-1.267569,-0.835187,-2.168916,0.003474,1.581519,2.221667,0.542967,-0.458959,-0.634884,-0.049840,0.885308,0.002109,0.396540
42.543987,2.096147,-0.861239,-2.001381,-1.272077,1.104564,0.221513,0.457286,0.826444,-0.588264,-0.986745,-0.136470,0.342534,0.264738,0.177291,0.871011,-1.268034,-0.835827,-2.168967,0.004356,1.581519,2.222065,0.539515,-0.459540,-0.635833,-0.050005,0.883675,0.001490,0.395655
42.544970,2.094208,-0.862019,-2.003433,-1.272466,1.102956,0.221683,0.456468,0.914869,-0.529835,-1.056418,-0.181748,0.336793,0.264394,0.177518,0.871547,-1.268508,-0.836453,-2.169020,0.005238,1.581521,2.222458,0.540060,-0.463295,-0.635149,-0.051121,0.880188,0.002355,0.396877
42.545951,2.091812,-0.864147,-1.999753,-1.269520,1.108379,0.221902,0.456769,0.995401,-0.473898,-1.111661,-0.223040,0.331916,0.264271,0.177739,0.872090,-1.268967,-0.837089,-2.169071,0.006110,1.581524,2.222860,0.541165,-0.462843,-0.634922,-0.050767,0.881574,0.002009,0.398587
42.546897,2.080978,-0.860986,-2.000740,-1.272122,1.110830,0.222091,0.457539,1.062518,-0.424781,-1.151998,-0.256771,0.327833,0.264519,0.177968,0.872639,-1.269430,-0.837736,-2.169127,0.006979,1.581525,2.223255,0.542420,-0.461708,-0.637445,-0.053654,0.875832,0.001644,0.398054
42.547937,2.077252,-0.861300,-2.000711,-1.271764,1.114301,0.219420,0.455813,1.110576,-0.386916,-1.176504,-0.279476,0.324591,0.265268,0.178194,0.873191,-1.269890,-0.838370,-2.169173,0.007854,1.581527,2.223648,0.547643,-0.463069,-0.637433,-0.051135,0.872790,0.001308,0.396543
42.548906,2.071878,-0.859841,-2.008081,-1.269446,1.114435,0.220024,0.457323,1.136770,-0.360989,-1.185566,-0.291389,0.322079,0.266315,0.178393,0.873746,-1.270356,-0.839012,-2.169226,0.008707,1.581536,2.224056,0.549855,-0.463122,-0.638685,-0.051597,0.869732,0.003804,0.400190
42.550115,2.070885,-0.869376,-2.013563,-1.267991,1.118564,0.219754,0.456739,1.140691,-0.347108,-1.182530,-0.293071,0.320165,0.267551,0.178572,0.874298,-1.270825,-0.839640,-2.169283,0.009581,1.581535,2.224447,0.552481,-0.463635,-0.635724,-0.053822,0.869214,0.003031,0.397194
42.550977,2.064808,-0.870680,-2.007033,-1.269316,1.123209,0.221589,0.456990,1.121768,-0.347896,-1.172966,-0.282655,0.318850,0.269200,0.178747,0.874868,-1.271277,-0.840279,-2.169341,0.010436,1.581541,2.224845,0.554303,-0.460162,-0.635722,-0.055442,0.866918,0.003101,0.398879
42.551906,2.061843,-0.878138,-1.999714,-1.266974,1.116960,0.222344,0.459696,1.080495,-0.364915,-1.158848,-0.259631,0.318434,0.271299,0.178924,0.875425,-1.271736,-0.840932,-2.169390,0.011294,1.581538,2.225244,0.556498,-0.458838,-0.638584,-0.054024,0.861075,0.001139,0.398229
42.552948,2.055951,-0.883685,-1.990102,-1.267269,1.116226,0.223182,0.458857,1.019326,-0.396449,-1.137282,-0.225680,0.319451,0.273671,0.179093,0.875980,-1.272191,-0.841577,-2.169451,0.012172,1.581538,2.225624,0.557600,-0.454817,-0.642482,-0.056155,0.866649,0.000261,0.392829
42.553965,2.044309,-0.887424,-1.984830,-1.267012,1.113491,0.221466,0.460026,0.940120,-0.440519,-1.104671,-0.181821,0.322383,0.276231,0.179243,0.876551,-1.272634,-0.842239,-2.169507,0.013035,1.581537,2.226021,0.560763,-0.452570,-0.648311,-0.055837,0.867666,-0.000723,0.394771
42.554961,2.038207,-0.893985,-1.978609,-1.270699,1.112414,0.221328,0.460611,0.843291,-0.495186,-1.058653,-0.128956,0.327440,0.278856,0.179385,0.877136,-1.273083,-0.842895,-2.169565,0.013917,1.581542,2.226404,0.566470,-0.450989,-0.651767,-0.056034,0.870342,0.000839,0.392592
42.555911,2.030797,-0.896212,-1.967626,-1.267979,1.103038,0.220726,0.460294,0.730173,-0.557961,-0.999910,-0.069834,0.334362,0.281218,0.179522,0.877709,-1.273520,-0.843562,-2.169612,0.014783,1.581544,2.226799,0.569358,-0.448018,-0.655425,-0.052472,0.871306,0.000808,0.391552
42.557015,2.030302,-0.896674,-1.965673,-1.267507,1.105852,0.220507,0.461200,0.604312,-0.625878,-0.930025,-0.007697,0.342679,0.283054,0.179656,0.878293,-1.273963,-0.844241,-2.169674,0.015677,1.581543,2.227193,0.572483,-0.446921,-0.660936,-0.054997,0.879990,0.001279,0.392248
42.558025,2.024047,-0.897614,-1.953524,-1.266740,1.106181,0.221951,0.461763,0.470516,-0.694950,-0.849814,0.055691,0.351944,0.284447,0.179787,0.878867,-1.274411,-0.844906,-2.169732,0.016557,1.581545,2.227576,0.573296,-0.447494,-0.663379,-0.055498,0.877762,0.001326,0.390765
42.559001,2.024639,-0.904089,-1.952428,-1.264751,1.102934,0.221700,0.462509,0.334140,-0.760537,-0.759569,0.118654,0.361741,0.285539,0.179903,0.879451,-1.274850,-0.845590,-2.169788,0.017430,1.581545,2.227965,0.576270,-0.447387,-0.669958,-0.056218,0.877404,-0.000279,0.389810
42.559910,2.021683,-0.906940,-1.948696,-1.266160,1.103596,0.222718,0.462008,0.199009,-0.821077,-0.660857,0.180350,0.371685,0.286447,0.180006,0.880034,-1.275290,-0.846260,-2.169850,0.018319,1.581546,2.228348,0.575541,-0.444289,-0.670768,-0.057990,0.880181,-0.000161,0.388448
42.561034,2.020019,-0.914661,-1.951434,-1.265845,1.106350,0.222347,0.459830,0.068264,-0.878220,-0.559497,0.240165,0.381243,0.287234,0.180125,0.880612,-1.275723,-0.846939,-2.169905,0.019201,1.581543,2.228740,0.576247,-0.442766,-0.672298,-0.056421,0.878475,-0.001307,0.389455
42.562005,2.014067,-0.916737,-1.950174,-1.265231,1.108395,0.222791,0.460338,-0.055457,-0.933623,-0.461947,0.296693,0.389896,0.287828,0.180292,0.881195,-1.276159,-0.847621,-2.169963,0.020071,1.581541,2.229149,0.577693,-0.439943,-0.672383,-0.056807,0.876693,-0.001071,0.394129
42.562929,2.011151,-0.918496,-1.945401,-1.265740,1.106574,0.222194,0.460242,-0.172336,-0.989324,-0.372285,0.350410,0.397396,0.288299,0.180493,0.881778,-1.276601,-0.848294,-2.170021,0.020946,1.581539,2.229537,0.580256,-0.439048,-0.673277,-0.057294,0.874231,-0.001648,0.393161
42.563994,2.013943,-0.919711,-1.948861,-1.266374,1.108166,0.221368,0.460269,-0.282287,-1.045421,-0.291634,0.401657,0.403741,0.288720,0.180673,0.882365,-1.277035,-0.848975,-2.170077,0.021815,1.581540,2.229934,0.580905,-0.438118,-0.675424,-0.056644,0.875348,-0.001181,0.393352
42.565001,2.012137,-0.918284,-1.943035,-1.263162,1.113714,0.221868,0.460337,-0.381590,-1.098612,-0.219833,0.447880,0.409020,0.288935,0.180793,0.882949,-1.277475,-0.849656,-2.170132,0.022691,1.581538,2.230332,0.579678,-0.438194,-0.674629,-0.056062,0.874131,-0.000498,0.393520
42.565923,2.020466,-0.913240,-1.945355,-1.262841,1.109195,0.222233,0.459824,-0.466503,-1.145531,-0.156189,0.487490,0.413499,0.288965,0.180841,0.883526,-1.277918,-0.850335,-2.170195,0.023559,1.581536,2.230723,0.580502,-0.439220,-0.678077,-0.059097,0.868519,-0.001140,0.393536
42.567026,2.021921,-0.911405,-1.949063,-1.265597,1.111050,0.221054,0.460400,-0.533703,-1.182673,-0.099223,0.520051,0.417557,0.289027,0.180826,0.884094,-1.278360,-0.851019,-2.170254,0.024427,1.581530,2.231117,0.575699,-0.441599,-0.676576,-0.059168,0.872384,-0.001604,0.394567
42.567910,2.018856,-0.907796,-1.947555,-1.265210,1.113909,0.220008,0.460248,-0.577944,-1.205485,-0.050069,0.541885,0.421202,0.288951,0.180757,0.884665,-1.278811,-0.851690,-2.170306,0.025299,1.581532,2.231506,0.575637,-0.443265,-0.676143,-0.056584,0.871245,-0.000582,0.393724
42.568951,2.014831,-0.905000,-1.950341,-1.265376,1.109223,0.218872,0.460165,-0.598292,-1.212810,-0.010169,0.550652,0.424358,0.288442,0.180659,0.885244,-1.279251,-0.852372,-2.170363,0.026154,1.581534,2.231907,0.576205,-0.444737,-0.676316,-0.056764,0.867413,0.000323,0.393943
42.570035,2.021592,-0.902363,-1.953065,-1.267238,1.107444,0.219626,0.460521,-0.599977,-1.207885,0.020578,0.549038,0.427087,0.287557,0.180564,0.885826,-1.279698,-0.853050,-2.170420,0.027035,1.581537,2.232302,0.578288,-0.446579,-0.675701,-0.056593,0.872331,0.001294,0.394306
42.571023,2.024236,-0.905984,-1.957103,-1.266982,1.107911,0.218913,0.461201,-0.557851,-1.168688,0.053897,0.520391,0.430762,0.284800,0.180385,0.886964,-1.280593,-0.854391,-2.170527,0.028784,1.581532,2.233087,0.573916,-0.446897,-0.674004,-0.055107,0.873916,0.000977,0.392607
42.572080,2.028855,-0.905808,-1.967141,-1.267706,1.107569,0.218922,0.461737,-0.557851,-1.168688,0.053897,0.520391,0.430762,0.284800,0.180385,0.886964,-1.280593,-0.854391,-2.170527,0.028784,1.581532,2.233087,0.573916,-0.446897,-0.674004,-0.055107,0.873916,0.000977,0.392607
42.573119,2.040139,-0.901099,-1.973764,-1.264993,1.105295,0.219517,0.460453,-0.515775,-1.139756,0.053279,0.495372,0.431290,0.283046,0.180271,0.887533,-1.281043,-0.855046,-2.170580,0.029664,1.581531,2.233471,0.571927,-0.447509,-0.670172,-0.054474,0.874555,0.000815,0.391809
42.573977,2.050264,-0.909642,-1.978473,-1.263146,1.105824,0.218526,0.460834,-0.460863,-1.107775,0.037778,0.465351,0.430577,0.281319,0.180127,0.888085,-1.281493,-0.855714,-2.170641,0.030535,1.581530,2.233873,0.566655,-0.450286,-0.667766,-0.057105,0.877068,0.000069,0.394575
42.575160,2.053499,-0.911882,-1.991683,-1.263387,1.107436,0.218084,0.460602,-0.312686,-1.041678,-0.039745,0.397486,0.425383,0.278952,0.179831,0.889186,-1.282384,-0.857019,-2.170761,0.032294,1.581533,2.234661,0.560633,-0.445582,-0.660642,-0.058447,0.874870,0.001199,0.394586
42.576004,2.061197,-0.907892,-1.998668,-1.263328,1.103866,0.219023,0.459247,-0.312686,-1.041678,-0.039745,0.397486,0.425383,0.278952,0.179831,0.889186,-1.282384,-0.857019,-2.170761,0.032294,1.581533,2.234661,0.560633,-0.445582,-0.660642,-0.058447,0.874870,0.001199,0.394586
42.576987,2.062055,-0.909881,-2.009505,-1.264648,1.105549,0.218206,0.460480,-0.225896,-1.014439,-0.102648,0.363670,0.420957,0.278414,0.179716,0.889735,-1.282832,-0.857671,-2.170818,0.033171,1.581533,2.235065,0.555850,-0.446924,-0.656573,-0.058234,0.876949,0.000129,0.397138
42.577977,2.063017,-0.914384,-2.011706,-1.265248,1.103244,0.219593,0.459759,-0.036357,-0.968360,-0.271543,0.293195,0.408473,0.277701,0.179527,0.890838,-1.283715,-0.858964,-2.170925,0.034934,1.581530,2.235853,0.555105,-0.444068,-0.651507,-0.056302,0.876904,-0.000716,0.396317
42.578919,2.073595,-0.916440,-2.014745,-1.265857,1.101839,0.220442,0.458177,0.059439,-0.951423,-0.369294,0.258401,0.401228,0.277376,0.179389,0.891379,-1.284158,-0.859610,-2.170981,0.035809,1.581527,2.236263,0.549637,-0.442998,-0.650310,-0.055556,0.877653,-0.001678,0.399463
42.580021,2.079673,-0.911680,-2.017011,-1.265348,1.102120,0.219311,0.458819,0.059439,-0.951423,-0.369294,0.258401,0.401228,0.277376,0.179389,0.891379,-1.284158,-0.859610,-2.170981,0.035809,1.581527,2.236263,0.549637,-0.442998,-0.650310,-0.055556,0.877653,-0.001678,0.399463
42.581016,2.082350,-0.908119,-2.025079,-1.263221,1.099021,0.217788,0.457406,0.157140,-0.934328,-0.466986,0.222522,0.394083,0.276991,0.179235,0.891920,-1.284612,-0.860250,-2.171038,0.036691,1.581527,2.236655,0.547599,-0.446136,-0.650971,-0.056160,0.878022,-0.000686,0.398446
42.582066,2.095269,-0.910300,-2.028987,-1.263320,1.101639,0.216850,0.458860,0.257580,-0.912251,-0.559630,0.184732,0.387369,0.276607,0.179093,0.892459,-1.285062,-0.860894,-2.171100,0.037571,1.581529,2.237070,0.546532,-0.448061,-0.647708,-0.058091,0.880904,0.000683,0.401348
42.582946,2.100430,-0.909820,-2.024966,-1.264535,1.098679,0.215088,0.459192,0.359715,-0.884261,-0.646159,0.145797,0.381233,0.276359,0.178975,0.892994,-1.285508,-0.861540,-2.171158,0.038450,1.581533,2.237462,0.540721,-0.447459,-0.647035,-0.057947,0.878476,0.001444,0.398609
42.583950,2.098695,-0.914661,-2.031187,-1.263665,1.095587,0.214534,0.459300,0.464820,-0.849979,-0.724591,0.104570,0.375884,0.276083,0.178881,0.893521,-1.285956,-0.862185,-2.171212,0.039339,1.581536,2.237857,0.537794,-0.447239,-0.648887,-0.056566,0.880156,0.003065,0.397886
42.585034,2.099660,-0.918252,-2.033003,-1.263921,1.098511,0.215238,0.458289,0.570344,-0.811652,-0.792820,0.061668,0.371457,0.275614,0.178833,0.894060,-1.286392,-0.862827,-2.171271,0.040219,1.581540,2.238251,0.539022,-0.445182,-0.646637,-0.057340,0.883096,0.003442,0.397809
42.585994,2.097281,-0.918538,-2.037808,-1.263928,1.097174,0.216948,0.459083,0.668339,-0.775748,-0.851848,0.021700,0.367878,0.275137,0.178849,0.894605,-1.286837,-0.863466,-2.171327,0.041098,1.581539,2.238652,0.539338,-0.444105,-0.647391,-0.057140,0.880646,0.002574,0.400101
42.587049,2.095887,-0.919116,-2.041870,-1.265055,1.098857,0.216570,0.461089,0.753185,-0.746294,-0.902503,-0.012046,0.364986,0.274853,0.178898,0.895142,-1.287277,-0.864111,-2.171385,0.041974,1.581537,2.239049,0.540584,-0.444066,-0.645464,-0.056996,0.881509,0.000725,0.398522
42.587973,2.096132,-0.914575,-2.041026,-1.263830,1.103928,0.216583,0.460575,0.823109,-0.723438,-0.945474,-0.039432,0.362487,0.274785,0.178924,0.895687,-1.287724,-0.864759,-2.171438,0.042853,1.581540,2.239439,0.541875,-0.444300,-0.644723,-0.055938,0.880086,0.000957,0.394730
42.589125,2.094647,-0.916632,-2.048305,-1.264001,1.104707,0.215621,0.461684,0.878872,-0.704878,-0.980064,-0.061773,0.360194,0.274877,0.178917,0.896222,-1.288179,-0.865401,-2.171497,0.043720,1.581537,2.239836,0.541565,-0.446291,-0.645379,-0.056982,0.874245,0.000821,0.395792
42.590056,2.097508,-0.909965,-2.048993,-1.262468,1.110489,0.215931,0.462495,0.921854,-0.688147,-1.004891,-0.080018,0.358072,0.275116,0.178896,0.896771,-1.288623,-0.866045,-2.171553,0.044588,1.581541,2.240227,0.543534,-0.446350,-0.643867,-0.056943,0.874759,0.001604,0.393945
42.591084,2.093914,-0.912527,-2.047795,-1.263414,1.114662,0.216354,0.464006,0.953496,-0.671620,-1.020385,-0.094870,0.356036,0.275511,0.178857,0.897314,-1.289081,-0.866684,-2.171614,0.045447,1.581541,2.240609,0.541857,-0.449418,-0.643863,-0.058235,0.868322,0.001147,0.392384
42.592033,2.088009,-0.913165,-2.048799,-1.262879,1.116163,0.215359,0.462671,0.975710,-0.653528,-1.025985,-0.107351,0.354171,0.276029,0.178790,0.897858,-1.289523,-0.867337,-2.171669,0.046305,1.581540,2.240994,0.544124,-0.448537,-0.645467,-0.057267,0.864445,0.000577,0.389562
42.592971,2.080693,-0.906512,-2.044283,-1.263342,1.117177,0.216014,0.463964,0.986839,-0.635696,-1.021388,-0.116616,0.352704,0.276652,0.178706,0.898411,-1.289973,-0.867988,-2.171727,0.047158,1.581544,2.241396,0.546870,-0.448127,-0.645281,-0.057676,0.862587,0.001430,0.392300
42.594015,2.074648,-0.905998,-2.035822,-1.264872,1.116047,0.215503,0.463792,0.984008,-0.620263,-1.007083,-0.121446,0.351801,0.277366,0.178632,0.898965,-1.290433,-0.868637,-2.171783,0.048023,1.581544,2.241777,0.550231,-0.451213,-0.647823,-0.057075,0.860996,0.000623,0.389735
42.595092,2.066740,-0.904137,-2.031607,-1.264062,1.117110,0.213960,0.462885,0.967278,-0.605005,-0.980466,-0.122937,0.351711,0.277998,0.178596,0.899530,-1.290880,-0.869307,-2.171834,0.048890,1.581544,2.242169,0.553535,-0.451908,-0.652999,-0.055669,0.862458,0.000991,0.390325
42.596001,2.068242,-0.904015,-2.027498,-1.263498,1.118612,0.214105,0.463895,0.936548,-0.588440,-0.938320,-0.121734,0.352748,0.278389,0.178633,0.900101,-1.291341,-0.869974,-2.171892,0.049744,1.581549,2.242565,0.557929,-0.453336,-0.656325,-0.056495,0.862108,0.002359,0.392405
42.596996,2.065731,-0.903596,-2.023363,-1.263165,1.115203,0.212912,0.463172,0.892628,-0.571482,-0.881646,-0.117362,0.355079,0.278581,0.178771,0.900652,-1.291791,-0.870635,-2.171950,0.050607,1.581551,2.242949,0.556665,-0.453055,-0.658233,-0.056834,0.859771,0.002057,0.390358
42.598073,2.067823,-0.907861,-2.023184,-1.262029,1.116517,0.212740,0.462122,0.839602,-0.554662,-0.814437,-0.110650,0.358673,0.278598,0.179019,0.901218,-1.292247,-0.871304,-2.172008,0.051464,1.581555,2.243344,0.557892,-0.453357,-0.660812,-0.057070,0.863222,0.003095,0.391959
42.599057,2.061226,-0.908205,-2.022295,-1.261111,1.114925,0.214089,0.463145,0.716596,-0.528130,-0.665930,-0.090493,0.369016,0.278190,0.179820,0.902343,-1.293149,-0.872636,-2.172128,0.053191,1.581559,2.244130,0.560598,-0.451734,-0.663037,-0.058920,0.863932,0.001568,0.392346
42.600115,2.061368,-0.913069,-2.016116,-1.261116,1.111312,0.214505,0.461993,0.716596,-0.528130,-0.665930,-0.090493,0.369016,0.278190,0.179820,0.902343,-1.293149,-0.872636,-2.172128,0.053191,1.581559,2.244130,0.560598,-0.451734,-0.663037,-0.058920,0.863932,0.001568,0.392346
42.600994,2.052599,-0.907422,-2.018021,-1.260470,1.106195,0.215784,0.463268,0.646191,-0.524020,-0.591816,-0.074213,0.375357,0.277974,0.180326,0.902910,-1.293597,-0.873314,-2.172187,0.054067,1.581562,2.244532,0.560851,-0.449825,-0.667096,-0.058874,0.867907,0.000993,0.394893
42.602113,2.043653,-0.909228,-2.019100,-1.259179,1.106160,0.214955,0.463645,0.570379,-0.526892,-0.520021,-0.053718,0.382054,0.277715,0.180862,0.903479,-1.294056,-0.873976,-2.172248,0.054950,1.581558,2.244916,0.564398,-0.452091,-0.665690,-0.059200,0.871757,-0.000399,0.392253
42.603131,2.043706,-0.911435,-2.018098,-1.257885,1.106689,0.216057,0.464345,0.488576,-0.536866,-0.453384,-0.028747,0.388592,0.277470,0.181405,0.904058,-1.294502,-0.874646,-2.172311,0.055816,1.581560,2.245308,0.569501,-0.452072,-0.666737,-0.060441,0.872728,0.000279,0.391858
42.604058,2.044412,-0.910549,-2.020485,-1.256617,1.101343,0.216317,0.464281,0.399728,-0.555203,-0.393479,0.002103,0.394706,0.277413,0.181930,0.904635,-1.294954,-0.875309,-2.172374,0.056692,1.581555,2.245690,0.569390,-0.451213,-0.668014,-0.061540,0.872174,-0.000960,0.390661
42.605029,2.040460,-0.917757,-2.014900,-1.254263,1.103962,0.215614,0.463568,0.307923,-0.580907,-0.341049,0.037669,0.400302,0.277598,0.182422,0.905202,-1.295403,-0.875976,-2.172439,0.057567,1.581552,2.246082,0.568503,-0.451462,-0.666750,-0.062442,0.876797,-0.001328,0.390815
42.606049,2.040458,-0.920742,-2.024741,-1.256079,1.103124,0.216032,0.464200,0.217281,-0.613119,-0.296914,0.076702,0.405385,0.278057,0.182885,0.905776,-1.295846,-0.876654,-2.172509,0.058441,1.581552,2.246481,0.570181,-0.447934,-0.669781,-0.064392,0.873716,-0.000753,0.392315
42.607047,2.043259,-0.923277,-2.024536,-1.254147,1.101256,0.215641,0.464183,0.128467,-0.653348,-0.262216,0.119263,0.409994,0.278794,0.183318,0.906342,-1.296295,-0.877310,-2.172569,0.059327,1.581551,2.246863,0.570279,-0.446778,-0.665673,-0.062421,0.874503,-0.001325,0.391238
42.608027,2.034785,-0.925344,-2.021740,-1.255177,1.098592,0.216112,0.464556,0.044355,-0.700671,-0.239576,0.163101,0.413930,0.279658,0.183708,0.906913,-1.296735,-0.877980,-2.172635,0.060202,1.581552,2.247254,0.568766,-0.445803,-0.666345,-0.064090,0.876211,-0.001079,0.391420
42.609000,2.025356,-0.926478,-2.021828,-1.253752,1.097442,0.215515,0.463542,-0.032915,-0.752210,-0.227879,0.206351,0.417153,0.280527,0.184068,0.907499,-1.297177,-0.878659,-2.172697,0.061087,1.581551,2.247640,0.572647,-0.444938,-0.668012,-0.062832,0.878452,-0.001690,0.390795
42.610054,2.029080,-0.926418,-2.025024,-1.252960,1.102200,0.215325,0.462853,-0.106723,-0.807202,-0.223159,0.250184,0.419798,0.281415,0.184415,0.908081,-1.297613,-0.879322,-2.172763,0.061972,1.581550,2.248042,0.576971,-0.444583,-0.668346,-0.063945,0.879110,-0.001218,0.392899
42.611083,2.028932,-0.932840,-2.031475,-1.251050,1.104013,0.214938,0.462465,-0.246027,-0.921927,-0.229910,0.340462,0.423340,0.283575,0.185072,0.909229,-1.298498,-0.880646,-2.172901,0.063703,1.581551,2.248829,0.575462,-0.442395,-0.665483,-0.066054,0.873118,-0.000950,0.395449
42.612094,2.032472,-0.931205,-2.030984,-1.249412,1.105430,0.214242,0.461218,-0.246027,-0.921927,-0.229910,0.340462,0.423340,0.283575,0.185072,0.909229,-1.298498,-0.880646,-2.172901,0.063703,1.581551,2.248829,0.575462,-0.442395,-0.665483,-0.066054,0.873118,-0.000950,0.395449
42.613045,2.033836,-0.935397,-2.035116,-1.248340,1.107592,0.214025,0.462715,-0.305463,-0.978127,-0.243215,0.384825,0.424164,0.285009,0.185379,0.909802,-1.298936,-0.881315,-2.172969,0.064564,1.581550,2.249232,0.573635,-0.443644,-0.666411,-0.067358,0.871790,-0.000392,0.398067
42.614156,2.038457,-0.938045,-2.040613,-1.247158,1.104291,0.213536,0.462056,-0.354509,-1.030470,-0.262410,0.426838,0.424441,0.286653,0.185710,0.910375,-1.299371,-0.881983,-2.173039,0.065435,1.581550,2.249627,0.572522,-0.441610,-0.664465,-0.067987,0.869084,-0.000317,0.395063
42.615169,2.038673,-0.940921,-2.043355,-1.247513,1.103515,0.214265,0.461648,-0.391595,-1.077520,-0.287511,0.465064,0.424162,0.288412,0.186075,0.910939,-1.299814,-0.882638,-2.173109,0.066317,1.581551,2.250022,0.570955,-0.441190,-0.663388,-0.068917,0.873194,0.000009,0.396740
42.616045,2.037816,-0.943876,-2.050893,-1.250217,1.105643,0.213949,0.463334,-0.416799,-1.118842,-0.318727,0.498500,0.423208,0.290169,0.186462,0.911511,-1.300245,-0.883301,-2.173179,0.067184,1.581549,2.250421,0.570851,-0.440229,-0.662762,-0.068176,0.873966,-0.000869,0.397679
42.617015,2.039484,-0.939526,-2.057243,-1.247810,1.102759,0.212308,0.461006,-0.430581,-1.154118,-0.356339,0.525367,0.421419,0.291677,0.186834,0.912081,-1.300679,-0.883947,-2.173240,0.068051,1.581547,2.250807,0.570356,-0.438436,-0.658724,-0.065133,0.870672,-0.000659,0.394216
42.618024,2.044332,-0.942688,-2.060753,-1.246864,1.101219,0.213988,0.463101,-0.433156,-1.183010,-0.401946,0.544097,0.418613,0.292765,0.187168,0.912644,-1.301119,-0.884597,-2.173313,0.068921,1.581551,2.251220,0.569326,-0.440794,-0.656084,-0.067092,0.873251,0.000837,0.398953
42.619026,2.049439,-0.944380,-2.063716,-1.246835,1.103990,0.215162,0.463102,-0.404805,-1.217533,-0.512158,0.559140,0.410541,0.294278,0.187736,0.913761,-1.301997,-0.885907,-2.173451,0.070676,1.581542,2.251997,0.564545,-0.439040,-0.654408,-0.067348,0.871711,-0.002284,0.395035
42.620107,2.064066,-0.941535,-2.060210,-1.247698,1.100370,0.213984,0.462941,-0.370770,-1.219453,-0.567979,0.554326,0.406099,0.294746,0.187970,0.914309,-1.302438,-0.886569,-2.173518,0.071555,1.581542,2.252390,0.557919,-0.441225,-0.657523,-0.066281,0.875898,-0.001239,0.395634
42.621057,2.069795,-0.934091,-2.065195,-1.245550,1.098705,0.213357,0.464500,-0.370770,-1.219453,-0.567979,0.554326,0.406099,0.294746,0.187970,0.914309,-1.302438,-0.886569,-2.173518,0.071555,1.581542,2.252390,0.557919,-0.441225,-0.657523,-0.066281,0.875898,-0.001239,0.395634
42.621956,2.070410,-0.933699,-2.063986,-1.247893,1.097302,0.212914,0.462508,-0.317052,-1.203552,-0.616699,0.536679,0.401804,0.294722,0.188209,0.914862,-1.302894,-0.887214,-2.173588,0.072436,1.581542,2.252774,0.554884,-0.444803,-0.655393,-0.067993,0.876897,-0.000753,0.392566
42.623094,2.077628,-0.930025,-2.066973,-1.248846,1.097272,0.212528,0.462430,-0.244217,-1.168750,-0.657192,0.506058,0.397642,0.294172,0.188481,0.915408,-1.303335,-0.887870,-2.173651,0.073319,1.581545,2.253182,0.554135,-0.444693,-0.655866,-0.065270,0.877192,-0.000460,0.396520
42.624028,2.077139,-0.932033,-2.068599,-1.248138,1.099898,0.212492,0.462538,-0.156824,-1.118137,-0.689569,0.464106,0.393556,0.293040,0.188800,0.915957,-1.303791,-0.888532,-2.173713,0.074189,1.581546,2.253582,0.551616,-0.447446,-0.656190,-0.064325,0.878315,-0.000244,0.396982
42.625006,2.079623,-0.927822,-2.060933,-1.248222,1.097904,0.212011,0.461943,-0.059724,-1.055806,-0.713624,0.413568,0.389592,0.291406,0.189148,0.916502,-1.304238,-0.889179,-2.173779,0.075066,1.581545,2.253975,0.551674,-0.446253,-0.655628,-0.064657,0.874921,-0.000343,0.396781
42.626021,2.087531,-0.928121,-2.064936,-1.247571,1.100171,0.211484,0.462752,0.041135,-0.986858,-0.728299,0.359056,0.385976,0.289569,0.189502,0.917048,-1.304690,-0.889845,-2.173843,0.075934,1.581543,2.254376,0.550486,-0.448440,-0.659904,-0.064321,0.876696,0.000010,0.398048
42.626960,2.095812,-0.922226,-2.066002,-1.247632,1.103447,0.210073,0.461439,0.143230,-0.913553,-0.731720,0.302862,0.382936,0.287676,0.189854,0.917590,-1.305141,-0.890508,-2.173909,0.076806,1.581546,2.254765,0.546858,-0.448517,-0.658590,-0.064711,0.874386,0.000373,0.396577
42.627952,2.099429,-0.917460,-2.070420,-1.246767,1.103317,0.209439,0.462475,0.248622,-0.835956,-0.725563,0.244423,0.380458,0.285735,0.190216,0.918121,-1.305602,-0.891160,-2.173971,0.077681,1.581551,2.255174,0.542699,-0.451209,-0.658313,-0.064360,0.870427,0.001629,0.399209
42.629014,2.112900,-0.920768,-2.074004,-1.248092,1.106678,0.207893,0.461266,0.359082,-0.753894,-0.713107,0.183023,0.378427,0.283730,0.190606,0.918656,-1.306057,-0.891819,-2.174037,0.078540,1.581553,2.255569,0.541208,-0.453673,-0.656696,-0.064944,0.870535,0.002102,0.397202
42.630036,2.109516,-0.919202,-2.070725,-1.249273,1.108686,0.208411,0.461036,0.474549,-0.668622,-0.697143,0.118773,0.376789,0.281601,0.191007,0.919178,-1.306513,-0.892467,-2.174096,0.079406,1.581556,2.255972,0.535354,-0.452444,-0.656236,-0.063546,0.867616,0.003484,0.399869
42.630943,2.104100,-0.918751,-2.073942,-1.250995,1.109983,0.209126,0.461592,0.706492,-0.502316,-0.656365,-0.011700,0.375319,0.276632,0.191773,0.920264,-1.307421,-0.893791,-2.174211,0.081124,1.581559,2.256780,0.539853,-0.453337,-0.656926,-0.060403,0.863732,0.001930,0.399235
42.632035,2.099118,-0.921665,-2.075457,-1.252343,1.107597,0.211284,0.460908,0.706492,-0.502316,-0.656365,-0.011700,0.375319,0.276632,0.191773,0.920264,-1.307421,-0.893791,-2.174211,0.081124,1.581559,2.256780,0.539853,-0.453337,-0.656926,-0.060403,0.863732,0.001930,0.399235
42.633002,2.095337,-0.923353,-2.071429,-1.252106,1.112261,0.211118,0.462028,0.806761,-0.431757,-0.633244,-0.070146,0.375528,0.273985,0.192078,0.920809,-1.307879,-0.894447,-2.174267,0.082001,1.581555,2.257182,0.543202,-0.452488,-0.657692,-0.059135,0.866788,-0.000377,0.400885
42.634011,2.090033,-0.923229,-2.070314,-1.254189,1.111505,0.211339,0.461747,0.887476,-0.375970,-0.609853,-0.118947,0.376285,0.271519,0.192323,0.921360,-1.308326,-0.895118,-2.174324,0.082847,1.581555,2.257581,0.545005,-0.451675,-0.659960,-0.059269,0.861895,-0.000322,0.398657
42.635080,2.086803,-0.923707,-2.065069,-1.253262,1.114223,0.210577,0.461367,0.984254,-0.309089,-0.554625,-0.184174,0.379444,0.267467,0.192644,0.922465,-1.309226,-0.896453,-2.174436,0.084560,1.581553,2.258378,0.550089,-0.452325,-0.664976,-0.058112,0.860710,-0.000065,0.400371
42.636036,2.086287,-0.924457,-2.068961,-1.253691,1.118638,0.208420,0.462418,0.984254,-0.309089,-0.554625,-0.184174,0.379444,0.267467,0.192644,0.922465,-1.309226,-0.896453,-2.174436,0.084560,1.581553,2.258378,0.550089,-0.452325,-0.664976,-0.058112,0.860710,-0.000065,0.400371
42.637001,2.085893,-0.922584,-2.063058,-1.252414,1.121054,0.208581,0.462828,1.002673,-0.294167,-0.520731,-0.202128,0.381501,0.265884,0.192739,0.923017,-1.309679,-0.897117,-2.174494,0.085409,1.581560,2.258776,0.550163,-0.451844,-0.663209,-0.057527,0.855996,0.001923,0.398273
42.637979,2.084147,-0.928664,-2.069214,-1.252637,1.122127,0.208730,0.464715,1.005587,-0.288884,-0.484725,-0.212027,0.383540,0.264610,0.192810,0.923562,-1.310135,-0.897785,-2.174554,0.086263,1.581560,2.259168,0.550349,-0.452711,-0.666470,-0.058639,0.853356,0.001599,0.397545
42.639049,2.081963,-0.930733,-2.067686,-1.254269,1.125767,0.208740,0.465026,0.995785,-0.292232,-0.449278,-0.214664,0.385370,0.263666,0.192865,0.924117,-1.310576,-0.898451,-2.174611,0.087104,1.581562,2.259557,0.551189,-0.449804,-0.663742,-0.058301,0.852309,0.001298,0.393855
42.639942,2.073443,-0.934024,-2.070065,-1.251894,1.125297,0.209045,0.464900,0.973873,-0.305081,-0.417903,-0.210271,0.386855,0.263016,0.192920,0.924676,-1.311026,-0.899125,-2.174663,0.087951,1.581563,2.259949,0.552820,-0.449368,-0.665641,-0.056784,0.849376,0.001131,0.393521
42.640999,2.067501,-0.942743,-2.075886,-1.251980,1.128070,0.208828,0.467261,0.938648,-0.328322,-0.392569,-0.198251,0.388026,0.262667,0.192996,0.925235,-1.311469,-0.899783,-2.174727,0.088806,1.581564,2.260345,0.556428,-0.447384,-0.664184,-0.058811,0.849004,0.000687,0.393718
42.641998,2.063776,-0.950472,-2.074934,-1.253544,1.125062,0.208479,0.465440,0.886296,-0.365006,-0.375874,-0.175451,0.389026,0.262877,0.193079,0.925806,-1.311906,-0.900444,-2.174786,0.089646,1.581563,2.260725,0.559703,-0.443667,-0.662401,-0.058674,0.846905,0.000761,0.389231
42.642966,2.061308,-0.957813,-2.082834,-1.255529,1.121964,0.209843,0.468066,0.728576,-0.483542,-0.376541,-0.097284,0.390873,0.264766,0.193219,0.926935,-1.312773,-0.901762,-2.174892,0.091353,1.581560,2.261504,0.562530,-0.436724,-0.659969,-0.055118,0.852900,-0.000535,0.387850
42.644046,2.065671,-0.966518,-2.085973,-1.252409,1.122836,0.212144,0.468386,0.632108,-0.560445,-0.396108,-0.048022,0.391723,0.266059,0.193263,0.927501,-1.313201,-0.902423,-2.174955,0.092216,1.581554,2.261896,0.560833,-0.433263,-0.659767,-0.058179,0.852653,-0.002967,0.387534
42.644991,2.061994,-0.968577,-2.081467,-1.253450,1.115280,0.212672,0.470622,0.632108,-0.560445,-0.396108,-0.048022,0.391723,0.266059,0.193263,0.927501,-1.313201,-0.902423,-2.174955,0.092216,1.581554,2.261896,0.560833,-0.433263,-0.659767,-0.058179,0.852653,-0.002967,0.387534
42.646037,2.058790,-0.971865,-2.079066,-1.252663,1.114915,0.211861,0.470841,0.530417,-0.644117,-0.426347,0.005896,0.392730,0.267730,0.193272,0.928065,-1.313636,-0.903086,-2.175010,0.093092,1.581551,2.262267,0.562334,-0.432325,-0.662201,-0.056990,0.859649,-0.003594,0.383151
42.646903,2.054192,-0.970408,-2.074448,-1.250188,1.113400,0.210833,0.470046,0.322179,-0.809642,-0.491991,0.120149,0.395803,0.271887,0.193265,0.929203,-1.314496,-0.904415,-2.175134,0.094818,1.581552,2.263032,0.565521,-0.431777,-0.666166,-0.059791,0.860649,-0.002018,0.384560
42.648012,2.049278,-0.974811,-2.085907,-1.249209,1.108396,0.209781,0.470403,0.322179,-0.809642,-0.491991,0.120149,0.395803,0.271887,0.193265,0.929203,-1.314496,-0.904415,-2.175134,0.094818,1.581552,2.263032,0.565521,-0.431777,-0.666166,-0.059791,0.860649,-0.002018,0.384560
42.648996,2.041835,-0.976162,-2.084367,-1.248718,1.103684,0.209256,0.472131,0.217091,-0.886390,-0.521567,0.179927,0.397689,0.274445,0.193311,0.929782,-1.314919,-0.905074,-2.175196,0.095698,1.581553,2.263418,0.568549,-0.430682,-0.661986,-0.060702,0.866441,-0.001135,0.384176
42.650027,2.040166,-0.971915,-2.089030,-1.248482,1.106339,0.208434,0.472146,0.110349,-0.960596,-0.552805,0.242127,0.399213,0.277425,0.193387,0.930366,-1.315347,-0.905742,-2.175257,0.096569,1.581555,2.263797,0.571921,-0.430374,-0.663239,-0.061008,0.870893,-0.000772,0.380852
42.651061,2.044142,-0.975883,-2.094706,-1.247405,1.105172,0.206831,0.473434,0.003413,-1.030848,-0.585682,0.304985,0.400089,0.280670,0.193491,0.930937,-1.315788,-0.906395,-2.175318,0.097440,1.581556,2.264176,0.572863,-0.433001,-0.661886,-0.061123,0.868326,-0.000098,0.381101
42.651974,2.039657,-0.974276,-2.089215,-1.246340,1.100754,0.206644,0.474062,-0.189195,-1.146614,-0.652422,0.419335,0.399575,0.287164,0.193804,0.932089,-1.316646,-0.907710,-2.175447,0.099186,1.581556,2.264923,0.572466,-0.432378,-0.662757,-0.062691,0.873252,0.001403,0.377584
42.652961,2.044814,-0.968630,-2.097883,-1.246819,1.103077,0.206785,0.475750,-0.189195,-1.146614,-0.652422,0.419335,0.399575,0.287164,0.193804,0.932089,-1.316646,-0.907710,-2.175447,0.099186,1.581556,2.264923,0.572466,-0.432378,-0.662757,-0.062691,0.873252,0.001403,0.377584
42.653962,2.049267,-0.969468,-2.099673,-1.243837,1.103438,0.207701,0.474901,-0.266957,-1.188678,-0.683489,0.466611,0.398305,0.290164,0.194006,0.932649,-1.317081,-0.908368,-2.175509,0.100043,1.581554,2.265295,0.569805,-0.435518,-0.658942,-0.062000,0.870789,0.001127,0.374383
42.654986,2.049456,-0.971085,-2.103429,-1.242330,1.101604,0.207313,0.475503,-0.368432,-1.234194,-0.740934,0.534066,0.394047,0.295600,0.194482,0.933779,-1.317956,-0.909679,-2.175647,0.101803,1.581553,2.266048,0.567647,-0.435069,-0.657837,-0.065814,0.872123,0.000318,0.375342
42.656114,2.054457,-0.968240,-2.113318,-1.243026,1.106547,0.206634,0.475641,-0.368432,-1.234194,-0.740934,0.534066,0.394047,0.295600,0.194482,0.933779,-1.317956,-0.909679,-2.175647,0.101803,1.581553,2.266048,0.567647,-0.435069,-0.657837,-0.065814,0.872123,0.000318,0.375342
42.657029,2.050236,-0.967837,-2.109235,-1.241703,1.106308,0.207051,0.477210,-0.394380,-1.242936,-0.768762,0.557540,0.391403,0.298337,0.194755,0.934344,-1.318396,-0.910331,-2.175710,0.102654,1.581555,2.266417,0.565991,-0.437551,-0.654728,-0.065059,0.868312,0.000823,0.375521
42.657961,2.052925,-0.969957,-2.111695,-1.241076,1.108266,0.207916,0.478076,-0.405768,-1.243900,-0.795766,0.574507,0.388594,0.300971,0.195008,0.934917,-1.318835,-0.910996,-2.175777,0.103526,1.581555,2.266781,0.567445,-0.437567,-0.656682,-0.065967,0.867729,0.000268,0.372459
42.659064,2.055662,-0.977787,-2.107173,-1.241827,1.108764,0.206578,0.477304,-0.405672,-1.239181,-0.819703,0.586610,0.386011,0.303492,0.195202,0.935477,-1.319267,-0.911649,-2.175844,0.104393,1.581553,2.267149,0.565656,-0.436517,-0.655588,-0.066203,0.865101,-0.000727,0.370857
42.660120,2.058892,-0.977338,-2.104106,-1.241241,1.109792,0.207405,0.476754,-0.396741,-1.232054,-0.838530,0.595445,0.384076,0.305867,0.195335,0.936045,-1.319698,-0.912313,-2.175908,0.105250,1.581555,2.267527,0.564943,-0.433574,-0.659394,-0.065317,0.865547,0.000459,0.372806
42.660968,2.055182,-0.974720,-2.101398,-1.242005,1.110245,0.206545,0.474951,-0.379979,-1.223419,-0.848652,0.600970,0.383119,0.307920,0.195426,0.936598,-1.320139,-0.912975,-2.175975,0.106114,1.581555,2.267901,0.563830,-0.434449,-0.662041,-0.065677,0.864953,-0.000536,0.374206
42.661938,2.058007,-0.967628,-2.094493,-1.243062,1.107467,0.206163,0.475417,-0.355983,-1.211783,-0.847289,0.602513,0.383208,0.309533,0.195469,0.937166,-1.320572,-0.913641,-2.176039,0.106971,1.581554,2.268286,0.564625,-0.435299,-0.662656,-0.064479,0.863207,0.000219,0.377738
42.662978,2.055970,-0.968035,-2.101275,-1.241735,1.106215,0.205364,0.474175,-0.283557,-1.167225,-0.808398,0.585952,0.385517,0.310806,0.195426,0.938287,-1.321465,-0.914974,-2.176163,0.108715,1.581563,2.269049,0.564392,-0.439152,-0.663936,-0.064399,0.867116,0.001058,0.379660
42.664012,2.056262,-0.963711,-2.096384,-1.241193,1.110439,0.205158,0.473415,-0.283557,-1.167225,-0.808398,0.585952,0.385517,0.310806,0.195426,0.938287,-1.321465,-0.914974,-2.176163,0.108715,1.581563,2.269049,0.564392,-0.439152,-0.663936,-0.064399,0.867116,0.001058,0.379660
42.665044,2.058735,-0.961973,-2.094281,-1.242893,1.105448,0.205559,0.474516,-0.238421,-1.134639,-0.775131,0.569161,0.387169,0.310618,0.195393,0.938856,-1.321905,-0.915648,-2.176230,0.109569,1.581565,2.269434,0.564403,-0.441830,-0.667221,-0.064670,0.863200,0.001093,0.381391
42.665964,2.060601,-0.961517,-2.095607,-1.243153,1.108204,0.205377,0.474496,-0.190105,-1.096445,-0.734004,0.548474,0.389016,0.310016,0.195363,0.939421,-1.322351,-0.916318,-2.176288,0.110446,1.581564,2.269813,0.563362,-0.443099,-0.669077,-0.062877,0.868383,0.000544,0.379398
42.666952,2.067263,-0.962510,-2.088901,-1.243995,1.109554,0.205323,0.473398,-0.079988,-1.003086,-0.633677,0.491112,0.392786,0.307148,0.195326,0.940527,-1.323231,-0.917671,-2.176411,0.112165,1.581564,2.270576,0.558701,-0.442912,-0.671919,-0.061326,0.863431,0.000510,0.381879
42.668009,2.073018,-0.964589,-2.099453,-1.244397,1.106089,0.205568,0.473773,-0.079988,-1.003086,-0.633677,0.491112,0.392786,0.307148,0.195326,0.940527,-1.323231,-0.917671,-2.176411,0.112165,1.581564,2.270576,0.558701,-0.442912,-0.671919,-0.061326,0.863431,0.000510,0.381879
42.669026,2.073066,-0.965603,-2.098324,-1.246880,1.104428,0.205422,0.474636,0.051488,-0.898224,-0.530765,0.413272,0.395984,0.302284,0.195465,0.941633,-1.324111,-0.919003,-2.176523,0.113911,1.581563,2.271334,0.556607,-0.442402,-0.669000,-0.058415,0.868968,0.000118,0.379869
42.670001,2.075949,-0.971455,-2.099788,-1.248661,1.105840,0.205019,0.475382,0.051488,-0.898224,-0.530765,0.413272,0.395984,0.302284,0.195465,0.941633,-1.324111,-0.919003,-2.176523,0.113911,1.581563,2.271334,0.556607,-0.442402,-0.669000,-0.058415,0.868968,0.000118,0.379869
42.671059,2.073641,-0.975088,-2.094926,-1.251576,1.109020,0.205436,0.475719,0.188063,-0.800932,-0.449950,0.323502,0.397475,0.295812,0.195616,0.942746,-1.324981,-0.920349,-2.176624,0.115649,1.581562,2.272087,0.556728,-0.438558,-0.672011,-0.053943,0.864428,-0.000186,0.378165
42.672036,2.067814,-0.972194,-2.088206,-1.252479,1.104787,0.205365,0.477240,0.188063,-0.800932,-0.449950,0.323502,0.397475,0.295812,0.195616,0.942746,-1.324981,-0.920349,-2.176624,0.115649,1.581562,2.272087,0.556728,-0.438558,-0.672011,-0.053943,0.864428,-0.000186,0.378165
42.672966,2.070710,-0.972872,-2.084496,-1.254228,1.104127,0.205415,0.476569,0.248660,-0.758663,-0.412623,0.278979,0.398150,0.292081,0.195631,0.943312,-1.325429,-0.921038,-2.176676,0.116519,1.581562,2.272456,0.559477,-0.440121,-0.675489,-0.053079,0.868435,-0.000256,0.375292
42.674038,2.076211,-0.976532,-2.080447,-1.254392,1.103712,0.204901,0.477371,0.301034,-0.718164,-0.372097,0.236284,0.399125,0.288151,0.195584,0.943862,-1.325871,-0.921714,-2.176723,0.117390,1.581562,2.272827,0.557672,-0.439645,-0.677187,-0.051390,0.868338,-0.000442,0.376780
42.675057,2.079274,-0.976222,-2.082454,-1.257617,1.104910,0.204413,0.478227,0.347978,-0.677312,-0.328094,0.194764,0.400458,0.284110,0.195456,0.944416,-1.326306,-0.922403,-2.176775,0.118253,1.581560,2.273198,0.555518,-0.438576,-0.680151,-0.051379,0.869352,-0.000063,0.375491
42.675955,2.086435,-0.979885,-2.075401,-1.257815,1.102390,0.202952,0.478781,0.393244,-0.634870,-0.282355,0.153164,0.402048,0.279987,0.195252,0.944970,-1.326748,-0.923094,-2.176816,0.119120,1.581561,2.273577,0.554240,-0.439135,-0.679570,-0.048468,0.868218,0.000275,0.373998
42.677041,2.086420,-0.980193,-2.072220,-1.259238,1.100512,0.204016,0.478826,0.440111,-0.589939,-0.237132,0.109919,0.403667,0.275722,0.194996,0.945511,-1.327185,-0.923778,-2.176865,0.119998,1.581565,2.273944,0.550222,-0.437057,-0.682626,-0.048293,0.869719,0.001589,0.372959
42.677965,2.085629,-0.980965,-2.073278,-1.263335,1.103990,0.203632,0.477992,0.489873,-0.542830,-0.192951,0.065097,0.405187,0.271342,0.194698,0.946064,-1.327620,-0.924471,-2.176910,0.120867,1.581563,2.274317,0.550238,-0.437162,-0.684265,-0.047091,0.871171,0.000383,0.372798
42.678959,2.079265,-0.979395,-2.074282,-1.262580,1.101209,0.205147,0.477910,0.541297,-0.495135,-0.151188,0.019537,0.406352,0.266904,0.194385,0.946605,-1.328056,-0.925144,-2.176946,0.121726,1.581561,2.274693,0.549638,-0.436070,-0.682617,-0.043196,0.865913,0.000685,0.374116
42.680002,2.075021,-0.978884,-2.080404,-1.263308,1.104814,0.204701,0.475543,0.591334,-0.449840,-0.115899,-0.025235,0.406725,0.262546,0.194090,0.947164,-1.328489,-0.925823,-2.176992,0.122583,1.581559,2.275069,0.552074,-0.436574,-0.681494,-0.044093,0.867592,-0.000949,0.373985
42.680991,2.076850,-0.976347,-2.087711,-1.262971,1.111029,0.205125,0.474166,0.634908,-0.411087,-0.091157,-0.065166,0.406000,0.258715,0.193826,0.947726,-1.328926,-0.926501,-2.177034,0.123439,1.581561,2.275453,0.553669,-0.436726,-0.678171,-0.043597,0.863141,-0.000619,0.378517
42.681950,2.076109,-0.967022,-2.090354,-1.261720,1.109091,0.205119,0.474764,0.670070,-0.381229,-0.080541,-0.097725,0.404027,0.255799,0.193613,0.948270,-1.329369,-0.927162,-2.177077,0.124290,1.581560,2.275836,0.552102,-0.437553,-0.674062,-0.044093,0.855752,-0.001158,0.380938
42.683049,2.080033,-0.967717,-2.094347,-1.261955,1.113984,0.204544,0.473651,0.700196,-0.358129,-0.085326,-0.123931,0.400820,0.253933,0.193452,0.948824,-1.329813,-0.927832,-2.177123,0.125135,1.581556,2.276213,0.551553,-0.441647,-0.671974,-0.045387,0.856456,-0.001237,0.379378
42.684027,2.076290,-0.965550,-2.099944,-1.260698,1.115424,0.203291,0.474726,0.729247,-0.337887,-0.103284,-0.145678,0.396650,0.253085,0.193328,0.949373,-1.330256,-0.928491,-2.177167,0.125982,1.581555,2.276602,0.549545,-0.441352,-0.670390,-0.045394,0.851226,-0.000778,0.381438
42.684969,2.074369,-0.968838,-2.100859,-1.262335,1.111322,0.202522,0.474752,0.757636,-0.320466,-0.132569,-0.163064,0.391971,0.253183,0.193227,0.949921,-1.330695,-0.929154,-2.177215,0.126831,1.581556,2.276973,0.550713,-0.441996,-0.667021,-0.046680,0.848603,0.000360,0.378967
42.685937,2.068874,-0.964065,-2.096816,-1.262085,1.108827,0.201339,0.474807,0.782548,-0.309140,-0.173141,-0.174825,0.387226,0.254131,0.193129,0.950474,-1.331137,-0.929821,-2.177259,0.127678,1.581558,2.277354,0.550642,-0.439663,-0.665698,-0.045102,0.851301,0.001006,0.378573
42.686952,2.060511,-0.965023,-2.107627,-1.262090,1.107131,0.201612,0.474903,0.801579,-0.305126,-0.222321,-0.180931,0.382875,0.255647,0.193018,0.951026,-1.331587,-0.930485,-2.177305,0.128538,1.581561,2.277727,0.552560,-0.441452,-0.667098,-0.045421,0.852380,0.002063,0.378164
42.688004,2.060959,-0.964797,-2.104560,-1.262835,1.102357,0.200644,0.474088,0.811788,-0.308721,-0.277505,-0.180779,0.379256,0.257585,0.192883,0.951588,-1.332026,-0.931141,-2.177348,0.129386,1.581557,2.278105,0.556074,-0.440688,-0.661440,-0.045577,0.853161,0.001681,0.377710
42.689044,2.061363,-0.964013,-2.101935,-1.263325,1.100300,0.199910,0.475243,0.811029,-0.320941,-0.338977,-0.173653,0.376419,0.259924,0.192749,0.952146,-1.332469,-0.931808,-2.177393,0.130256,1.581563,2.278486,0.555389,-0.440670,-0.663003,-0.045009,0.857105,0.002503,0.379132
42.689984,2.054544,-0.959261,-2.109394,-1.260046,1.094793,0.200197,0.474998,0.802371,-0.338963,-0.402956,-0.162052,0.374449,0.262373,0.192659,0.952696,-1.332907,-0.932467,-2.177437,0.131123,1.581565,2.278861,0.554785,-0.440929,-0.664264,-0.044714,0.858197,0.003100,0.376565
42.691058,2.057442,-0.959143,-2.111318,-1.261571,1.092835,0.200425,0.476009,0.768923,-0.383893,-0.530372,-0.128857,0.372703,0.267498,0.192588,0.953807,-1.333798,-0.933768,-2.177533,0.132857,1.581569,2.279606,0.555424,-0.442599,-0.659192,-0.046553,0.863332,0.002321,0.374544
42.692070,2.056707,-0.960208,-2.113349,-1.259277,1.086801,0.200941,0.476848,0.768923,-0.383893,-0.530372,-0.128857,0.372703,0.267498,0.192588,0.953807,-1.333798,-0.933768,-2.177533,0.132857,1.581569,2.279606,0.555424,-0.442599,-0.659192,-0.046553,0.863332,0.002321,0.374544
42.693027,2.052701,-0.962192,-2.116393,-1.258323,1.081934,0.202444,0.475351,0.746290,-0.410302,-0.596013,-0.107863,0.372261,0.270311,0.192604,0.954364,-1.334234,-0.934425,-2.177588,0.133729,1.581566,2.279974,0.555162,-0.441806,-0.657933,-0.048783,0.868217,0.001700,0.372644
42.694028,2.045172,-0.967708,-2.117863,-1.257833,1.077250,0.201900,0.475469,0.720248,-0.440579,-0.662775,-0.083790,0.371794,0.273317,0.192671,0.954925,-1.334670,-0.935077,-2.177639,0.134607,1.581564,2.280358,0.556148,-0.440298,-0.655822,-0.049632,0.871412,0.000087,0.375325
42.695050,2.040074,-0.970291,-2.124627,-1.255731,1.075950,0.202076,0.474601,0.686700,-0.478806,-0.731232,-0.053994,0.371129,0.276654,0.192801,0.955486,-1.335103,-0.935722,-2.177693,0.135499,1.581567,2.280730,0.559177,-0.437257,-0.654932,-0.050032,0.874633,0.000519,0.374803
42.696075,2.032035,-0.979368,-2.129031,-1.253663,1.073782,0.201202,0.476083,0.641389,-0.528732,-0.801890,-0.016168,0.370155,0.280405,0.192977,0.956055,-1.335531,-0.936369,-2.177751,0.136374,1.581568,2.281111,0.560979,-0.435873,-0.651495,-0.051978,0.874759,0.000211,0.376298
42.696994,2.028153,-0.983438,-2.129504,-1.250991,1.072165,0.201432,0.475907,0.581131,-0.593485,-0.875910,0.032069,0.368841,0.284751,0.193161,0.956632,-1.335954,-0.937008,-2.177808,0.137253,1.581565,2.281473,0.564214,-0.431279,-0.649396,-0.053901,0.875777,0.000994,0.373102
42.698091,2.032374,-0.988230,-2.129014,-1.251579,1.073292,0.199678,0.476532,0.504486,-0.674833,-0.953143,0.092342,0.367339,0.289842,0.193315,0.957194,-1.336372,-0.937659,-2.177870,0.138123,1.581562,2.281849,0.564867,-0.428783,-0.648311,-0.056197,0.875522,0.000666,0.373117
42.698960,2.028224,-0.989477,-2.115894,-1.249495,1.067493,0.201053,0.476535,0.416486,-0.768623,-1.029934,0.161517,0.365940,0.295447,0.193441,0.957757,-1.336794,-0.938312,-2.177922,0.139001,1.581567,2.282222,0.562514,-0.426730,-0.649034,-0.055632,0.873773,0.002286,0.371714
42.700001,2.023229,-0.992145,-2.116106,-1.248844,1.066409,0.201355,0.474107,0.325761,-0.866075,-1.098669,0.233343,0.365034,0.301054,0.193556,0.958319,-1.337219,-0.938970,-2.177982,0.139887,1.581564,2.282595,0.563065,-0.425292,-0.654332,-0.057327,0.877237,0.000793,0.371296
42.701094,2.015025,-0.989228,-2.110028,-1.251042,1.072093,0.200010,0.475350,0.235674,-0.961261,-1.152433,0.304862,0.364956,0.306407,0.193666,0.958887,-1.337640,-0.939626,-2.178044,0.140760,1.581564,2.282979,0.564959,-0.424038,-0.654173,-0.057743,0.877305,0.000380,0.375951
42.702055,2.015365,-0.991055,-2.100675,-1.249893,1.070727,0.201248,0.476144,0.146240,-1.050748,-1.188449,0.374446,0.365717,0.311329,0.193782,0.959468,-1.338067,-0.940283,-2.178097,0.141625,1.581566,2.283352,0.568636,-0.425784,-0.657625,-0.055553,0.871055,0.001602,0.373249
42.702962,2.006082,-0.992103,-2.096992,-1.250496,1.071113,0.201568,0.474852,0.059521,-1.130094,-1.203979,0.439137,0.367270,0.315517,0.193890,0.960030,-1.338485,-0.940955,-2.178156,0.142503,1.581565,2.283713,0.567403,-0.424560,-0.661515,-0.056448,0.870850,0.000237,0.371412
42.704070,2.002994,-0.994830,-2.087590,-1.249510,1.074501,0.201669,0.476047,-0.022572,-1.197640,-1.198519,0.497795,0.369590,0.318927,0.193994,0.960610,-1.338907,-0.941621,-2.178213,0.143361,1.581564,2.284091,0.570539,-0.423441,-0.662203,-0.055552,0.868621,-0.000174,0.373644
42.705022,2.000265,-0.993925,-2.081637,-1.248599,1.072293,0.201439,0.475879,-0.101193,-1.255215,-1.174215,0.551716,0.372610,0.321735,0.194119,0.961179,-1.339333,-0.942292,-2.178272,0.144220,1.581565,2.284452,0.571846,-0.422424,-0.667268,-0.056474,0.864883,-0.000406,0.371127
42.706018,1.998351,-0.995667,-2.073493,-1.252139,1.072280,0.200461,0.476867,-0.176690,-1.303269,-1.131900,0.601824,0.376338,0.324091,0.194270,0.961755,-1.339750,-0.942971,-2.178330,0.145080,1.581565,2.284820,0.571975,-0.422570,-0.669273,-0.057120,0.865621,-0.000283,0.371190
42.706943,1.990545,-0.995548,-2.070546,-1.251638,1.072164,0.199640,0.476117,-0.245689,-1.340016,-1.073278,0.645890,0.380579,0.325874,0.194436,0.962332,-1.340175,-0.943659,-2.178376,0.145944,1.581569,2.285178,0.571945,-0.421505,-0.672641,-0.053619,0.864397,0.000563,0.368989
42.708062,1.997007,-1.002098,-2.064254,-1.251256,1.070400,0.199252,0.475778,-0.305928,-1.365065,-1.002022,0.681373,0.384982,0.326862,0.194610,0.962904,-1.340593,-0.944330,-2.178431,0.146809,1.581571,2.285556,0.574526,-0.421108,-0.673027,-0.053949,0.862748,0.001264,0.370152
42.709090,1.990374,-0.996372,-2.063196,-1.251297,1.070923,0.199431,0.476523,-0.357567,-1.380712,-0.922337,0.708952,0.389401,0.327179,0.194809,0.963472,-1.341010,-0.945018,-2.178488,0.147669,1.581569,2.285930,0.571104,-0.418316,-0.676424,-0.054310,0.864274,0.001525,0.370706
42.710005,1.984011,-0.991052,-2.057533,-1.253484,1.068831,0.200718,0.475591,-0.399803,-1.388018,-0.837371,0.729583,0.393826,0.327058,0.195041,0.964047,-1.341441,-0.945691,-2.178539,0.148532,1.581569,2.286290,0.573701,-0.421124,-0.676620,-0.054253,0.862745,0.001223,0.369022
42.711041,1.980448,-0.990489,-2.049549,-1.256496,1.069808,0.199905,0.476099,-0.432483,-1.385477,-0.749298,0.742811,0.398124,0.326554,0.195293,0.964627,-1.341867,-0.946375,-2.178588,0.149386,1.581566,2.286664,0.575378,-0.423179,-0.678177,-0.051974,0.863133,-0.000165,0.370552
42.712079,1.984023,-0.987641,-2.046978,-1.257939,1.068352,0.200945,0.475546,-0.455899,-1.371442,-0.658835,0.747173,0.402200,0.325500,0.195569,0.965210,-1.342294,-0.947073,-2.178630,0.150250,1.581568,2.287030,0.576339,-0.423418,-0.681660,-0.049183,0.861213,0.000539,0.369320
42.713043,1.985192,-0.981015,-2.037520,-1.259489,1.063817,0.200745,0.473755,-0.468123,-1.345036,-0.566224,0.740730,0.406087,0.323685,0.195874,0.965774,-1.342727,-0.947756,-2.178677,0.151119,1.581566,2.287397,0.573947,-0.424768,-0.682570,-0.047867,0.861726,-0.000625,0.370260
42.714044,1.985148,-0.976264,-2.028710,-1.261222,1.062592,0.199825,0.473545,-0.465330,-1.304604,-0.472397,0.721674,0.409744,0.321058,0.196211,0.966346,-1.343158,-0.948456,-2.178721,0.151980,1.581564,2.287781,0.572253,-0.427675,-0.686222,-0.046415,0.864855,-0.000514,0.373518
42.715022,1.987207,-0.967575,-2.028221,-1.262597,1.064014,0.199418,0.472466,-0.445190,-1.248189,-0.376618,0.689131,0.413123,0.317606,0.196582,0.966918,-1.343594,-0.949149,-2.178762,0.152845,1.581568,2.288153,0.571398,-0.429745,-0.689883,-0.044900,0.864856,0.000274,0.373656
42.715969,1.993724,-0.966670,-2.019290,-1.263369,1.060297,0.198671,0.471522,-0.407801,-1.175835,-0.279430,0.643702,0.416106,0.313388,0.196995,0.967480,-1.344034,-0.949841,-2.178803,0.153699,1.581569,2.288530,0.569440,-0.433644,-0.689181,-0.043703,0.862143,0.000554,0.375528
42.717063,1.990798,-0.961222,-2.018518,-1.266828,1.061214,0.199073,0.470584,-0.353002,-1.089523,-0.184272,0.586588,0.418462,0.308563,0.197468,0.968039,-1.344469,-0.950547,-2.178844,0.154569,1.581572,2.288918,0.565106,-0.433499,-0.692383,-0.043085,0.864270,0.001179,0.377030
42.718067,1.988509,-0.959952,-2.013827,-1.267653,1.061626,0.200424,0.471569,-0.282376,-0.992736,-0.093752,0.519722,0.420046,0.303247,0.197988,0.968602,-1.344914,-0.951234,-2.178876,0.155439,1.581569,2.289295,0.566397,-0.436297,-0.692764,-0.040151,0.862759,0.000652,0.378748
42.719020,1.992139,-0.962234,-2.015735,-1.269492,1.058320,0.199955,0.469827,-0.201854,-0.890617,-0.009764,0.446904,0.420830,0.297628,0.198494,0.969171,-1.345348,-0.951934,-2.178913,0.156307,1.581567,2.289668,0.566695,-0.436655,-0.694325,-0.039651,0.861144,-0.000809,0.376484
42.719976,1.994301,-0.963490,-2.019251,-1.270537,1.059941,0.199343,0.468363,-0.117157,-0.789720,0.063927,0.372589,0.420804,0.292023,0.198937,0.969734,-1.345781,-0.952629,-2.178947,0.157165,1.581570,2.290050,0.563779,-0.434988,-0.692206,-0.038132,0.863001,-0.000454,0.379668
42.721017,2.003647,-0.961266,-2.028762,-1.270983,1.062471,0.199467,0.469857,-0.030161,-0.696285,0.121175,0.299455,0.419851,0.286685,0.199315,0.970286,-1.346210,-0.953308,-2.178982,0.158025,1.581571,2.290440,0.561787,-0.433936,-0.689522,-0.037406,0.859857,0.000048,0.382210
42.722024,2.011318,-0.958901,-2.028967,-1.271980,1.061455,0.199765,0.469641,0.060260,-0.613417,0.156134,0.228301,0.417842,0.281814,0.199625,0.970834,-1.346649,-0.953988,-2.179018,0.158866,1.581572,2.290818,0.556714,-0.434920,-0.684459,-0.037339,0.856663,-0.000211,0.378936
42.723039,2.010586,-0.956595,-2.029961,-1.272735,1.062433,0.200184,0.469592,0.157604,-0.539745,0.167106,0.158215,0.414788,0.277506,0.199855,0.971372,-1.347093,-0.954662,-2.179053,0.159724,1.581569,2.291196,0.552431,-0.435740,-0.683929,-0.036704,0.856630,-0.000608,0.379132
42.723963,2.011143,-0.952510,-2.031635,-1.274201,1.061709,0.202328,0.469970,0.262401,-0.472983,0.157734,0.089029,0.410943,0.273723,0.200014,0.971924,-1.347529,-0.955344,-2.179087,0.160567,1.581566,2.291579,0.552278,-0.436654,-0.682929,-0.036341,0.854759,-0.001131,0.378947
42.724949,2.008968,-0.948181,-2.036149,-1.276462,1.061674,0.203139,0.466523,0.370442,-0.412913,0.132522,0.022674,0.406603,0.270488,0.200133,0.972475,-1.347973,-0.956022,-2.179120,0.161421,1.581562,2.291954,0.550886,-0.437932,-0.680930,-0.035188,0.853832,-0.003374,0.377821
42.726133,2.005649,-0.951411,-2.049678,-1.276287,1.062572,0.202205,0.465986,0.477959,-0.359575,0.093530,-0.039680,0.401829,0.267823,0.200263,0.973024,-1.348419,-0.956688,-2.179147,0.162281,1.581559,2.292350,0.551285,-0.439601,-0.678140,-0.033434,0.852613,-0.004271,0.384425
42.727034,2.002680,-0.955330,-2.055287,-1.277178,1.063486,0.200677,0.465518,0.579949,-0.315319,0.039801,-0.095924,0.396491,0.265868,0.200417,0.973583,-1.348854,-0.957352,-2.179184,0.163120,1.581560,2.292737,0.553322,-0.438570,-0.672335,-0.034168,0.852148,-0.003461,0.385353
42.727980,2.000338,-0.952001,-2.063440,-1.274488,1.061648,0.198546,0.465760,0.669328,-0.286095,-0.031527,-0.141766,0.390481,0.264916,0.200556,0.974131,-1.349287,-0.958005,-2.179217,0.163964,1.581562,2.293124,0.553582,-0.435842,-0.668534,-0.033560,0.849478,-0.002042,0.385848
42.729026,1.996732,-0.958112,-2.066250,-1.276365,1.062684,0.198686,0.465929,0.742282,-0.275175,-0.120957,-0.174384,0.383806,0.265158,0.200645,0.974685,-1.349721,-0.958658,-2.179259,0.164810,1.581565,2.293508,0.553751,-0.436998,-0.663766,-0.036409,0.849942,-0.000033,0.384983
42.729983,2.003067,-0.956839,-2.072566,-1.274745,1.063032,0.198104,0.464951,0.797988,-0.281589,-0.225329,-0.193226,0.376581,0.266582,0.200671,0.975247,-1.350147,-0.959320,-2.179291,0.165653,1.581561,2.293895,0.555062,-0.433932,-0.662364,-0.034955,0.848239,-0.000297,0.384387
42.731040,2.000958,-0.957507,-2.078700,-1.273375,1.064639,0.198969,0.466694,0.868278,-0.332935,-0.461021,-0.197352,0.361407,0.272177,0.200566,0.976341,-1.351011,-0.960615,-2.179371,0.167337,1.581563,2.294660,0.551837,-0.433825,-0.655827,-0.038464,0.844433,-0.000828,0.382252
42.732048,1.997091,-0.957420,-2.082031,-1.273423,1.062588,0.197402,0.465066,0.868278,-0.332935,-0.461021,-0.197352,0.361407,0.272177,0.200566,0.976341,-1.351011,-0.960615,-2.179371,0.167337,1.581563,2.294660,0.551837,-0.433825,-0.655827,-0.038464,0.844433,-0.000828,0.382252
42.733037,1.999670,-0.954786,-2.090387,-1.272992,1.061410,0.196475,0.464272,0.887632,-0.370396,-0.584799,-0.185775,0.354049,0.276154,0.200480,0.976899,-1.351443,-0.961256,-2.179411,0.168190,1.581565,2.295051,0.553094,-0.433645,-0.654103,-0.038641,0.845499,0.000632,0.385253
42.734080,1.993620,-0.956789,-2.100360,-1.271435,1.058086,0.196074,0.463914,0.896961,-0.411720,-0.708227,-0.167123,0.347145,0.280660,0.200434,0.977440,-1.351874,-0.961895,-2.179452,0.169023,1.581567,2.295444,0.551182,-0.434687,-0.649721,-0.039298,0.845707,0.001427,0.386472
42.734998,1.989537,-0.960562,-2.100820,-1.271550,1.055939,0.196692,0.465300,0.897554,-0.454968,-0.831458,-0.143192,0.340711,0.285555,0.200452,0.978001,-1.352306,-0.962536,-2.179497,0.169879,1.581566,2.295835,0.553746,-0.433616,-0.644937,-0.041013,0.848260,0.001705,0.386902
42.736018,1.991561,-0.962834,-2.101505,-1.271831,1.052359,0.196297,0.465879,0.886784,-0.501837,-0.954709,-0.112878,0.334927,0.290878,0.200513,0.978550,-1.352731,-0.963171,-2.179539,0.170738,1.581564,2.296210,0.554647,-0.431134,-0.644063,-0.040970,0.848623,0.000987,0.383725
42.736962,1.992646,-0.966054,-2.093804,-1.271272,1.047385,0.196897,0.465539,0.834373,-0.602335,-1.183301,-0.038362,0.326527,0.301833,0.200718,0.979657,-1.353579,-0.964466,-2.179622,0.172452,1.581563,2.296972,0.551514,-0.427894,-0.646934,-0.041608,0.854702,0.000560,0.382659
42.737943,1.988007,-0.968255,-2.085391,-1.271193,1.047323,0.197069,0.466931,0.834373,-0.602335,-1.183301,-0.038362,0.326527,0.301833,0.200718,0.979657,-1.353579,-0.964466,-2.179622,0.172452,1.581563,2.296972,0.551514,-0.427894,-0.646934,-0.041608,0.854702,0.000560,0.382659
42.739136,1.990993,-0.975168,-2.085580,-1.269402,1.040088,0.196483,0.465398,0.799542,-0.648855,-1.274224,0.000543,0.324452,0.306853,0.200867,0.980208,-1.354001,-0.965117,-2.179667,0.173313,1.581560,2.297344,0.553103,-0.426565,-0.650762,-0.041789,0.853415,0.000294,0.379563
42.740130,1.982088,-0.973929,-2.082230,-1.268221,1.037899,0.194860,0.466388,0.758772,-0.691647,-1.342400,0.040483,0.323985,0.311487,0.201037,0.980761,-1.354419,-0.965773,-2.179716,0.174178,1.581564,2.297735,0.552070,-0.423952,-0.651788,-0.043847,0.860963,0.000727,0.382598
42.740933,1.972589,-0.969225,-2.073793,-1.267492,1.038623,0.193238,0.467438,0.710275,-0.732308,-1.388519,0.082834,0.324842,0.315887,0.201235,0.981320,-1.354848,-0.966424,-2.179763,0.175047,1.581569,2.298111,0.555778,-0.424352,-0.653175,-0.045084,0.861802,0.002212,0.380285
42.742083,1.968401,-0.972271,-2.066480,-1.267700,1.038542,0.192425,0.466613,0.583928,-0.806707,-1.414962,0.176503,0.329391,0.323984,0.201626,0.982457,-1.355698,-0.967758,-2.179856,0.176758,1.581580,2.298864,0.560618,-0.424587,-0.659850,-0.045697,0.858586,0.004350,0.379269
42.743107,1.959615,-0.968906,-2.058669,-1.268581,1.039122,0.195357,0.468057,0.583928,-0.806707,-1.414962,0.176503,0.329391,0.323984,0.201626,0.982457,-1.355698,-0.967758,-2.179856,0.176758,1.581580,2.298864,0.560618,-0.424587,-0.659850,-0.045697,0.858586,0.004350,0.379269
42.743968,1.957899,-0.965593,-2.051982,-1.269851,1.039544,0.195917,0.467399,0.507245,-0.837702,-1.392285,0.225574,0.332909,0.327281,0.201764,0.983024,-1.356134,-0.968424,-2.179900,0.177620,1.581576,2.299233,0.564337,-0.426109,-0.663502,-0.044982,0.856991,0.001281,0.376121
42.745033,1.953178,-0.965879,-2.039262,-1.267450,1.039032,0.194798,0.466901,0.425748,-0.861942,-1.346173,0.272790,0.337136,0.329817,0.201858,0.983591,-1.356562,-0.969099,-2.179943,0.178468,1.581575,2.299610,0.563485,-0.426862,-0.665240,-0.043684,0.854495,0.000654,0.377029
42.745961,1.953454,-0.969340,-2.034851,-1.268134,1.036868,0.195138,0.466679,0.344214,-0.877732,-1.278566,0.315764,0.342042,0.331542,0.201909,0.984164,-1.356993,-0.969778,-2.179995,0.179328,1.581579,2.299986,0.565344,-0.426784,-0.671557,-0.046152,0.854362,0.001643,0.377837
42.746998,1.952953,-0.969750,-2.029328,-1.266822,1.037826,0.193976,0.466043,0.264606,-0.886627,-1.191915,0.354855,0.347728,0.332585,0.201926,0.984724,-1.357414,-0.970457,-2.180039,0.180177,1.581580,2.300366,0.563999,-0.424557,-0.672593,-0.045495,0.854957,0.001176,0.377899
42.748078,1.944903,-0.971330,-2.024947,-1.267839,1.039926,0.192471,0.467069,0.189004,-0.891417,-1.091912,0.390156,0.354078,0.333076,0.201937,0.985293,-1.357842,-0.971145,-2.180088,0.181027,1.581583,2.300750,0.563614,-0.424347,-0.674950,-0.046886,0.853191,0.002214,0.378920
42.749004,1.941200,-0.968429,-2.018941,-1.269101,1.039626,0.192871,0.465993,0.117808,-0.894385,-0.983903,0.421902,0.360903,0.333083,0.201960,0.985861,-1.358270,-0.971824,-2.180133,0.181882,1.581589,2.301118,0.567301,-0.423731,-0.677166,-0.046070,0.850579,0.003559,0.376696
42.750039,1.931209,-0.967103,-2.010163,-1.270654,1.042359,0.194426,0.466627,0.049495,-0.896787,-0.870983,0.450388,0.368036,0.332558,0.201994,0.986434,-1.358696,-0.972511,-2.180175,0.182720,1.581591,2.301505,0.567774,-0.424649,-0.678929,-0.044893,0.849404,0.003018,0.378481
42.751068,1.924848,-0.968746,-1.999044,-1.273527,1.045720,0.194738,0.464957,-0.016000,-0.898066,-0.754832,0.474765,0.375317,0.331376,0.202044,0.987020,-1.359124,-0.973200,-2.180215,0.183560,1.581590,2.301874,0.571956,-0.425277,-0.682895,-0.043610,0.845964,0.001340,0.376981
42.751941,1.921269,-0.966580,-1.985174,-1.273989,1.040452,0.194108,0.465785,-0.079718,-0.897870,-0.634770,0.494913,0.382779,0.329444,0.202099,0.987594,-1.359542,-0.973907,-2.180253,0.184403,1.581592,2.302262,0.574364,-0.424488,-0.687775,-0.041056,0.841823,0.000911,0.380086
42.752940,1.920039,-0.964091,-1.977710,-1.274515,1.040318,0.193872,0.466718,-0.141350,-0.895740,-0.509650,0.510301,0.390481,0.326645,0.202128,0.988172,-1.359970,-0.974619,-2.180294,0.185244,1.581593,2.302638,0.574411,-0.424755,-0.692768,-0.040670,0.845265,0.001439,0.377948
42.753953,1.911576,-0.959771,-1.968016,-1.275590,1.038748,0.193055,0.466733,-0.197359,-0.889960,-0.380361,0.519603,0.398308,0.322982,0.202120,0.988741,-1.360401,-0.975318,-2.180332,0.186084,1.581593,2.303011,0.574145,-0.425745,-0.695645,-0.040421,0.844389,0.001559,0.375822
42.754994,1.910551,-0.960690,-1.961795,-1.275684,1.035367,0.193538,0.467070,-0.245912,-0.879331,-0.249256,0.522648,0.406032,0.318619,0.202114,0.989329,-1.360828,-0.976031,-2.180369,0.186938,1.581594,2.303391,0.577409,-0.427790,-0.699619,-0.039661,0.844982,0.002259,0.375540
42.756081,1.911391,-0.963898,-1.962537,-1.277285,1.038259,0.193676,0.468116,-0.288159,-0.864489,-0.119132,0.520726,0.413409,0.313784,0.202144,0.989907,-1.361257,-0.976744,-2.180407,0.187781,1.581593,2.303762,0.577154,-0.427285,-0.702027,-0.039913,0.847704,0.001647,0.374664
42.756980,1.904340,-0.963462,-1.952695,-1.277836,1.033327,0.193442,0.468620,-0.324087,-0.847969,0.004590,0.515017,0.420124,0.308745,0.202203,0.990478,-1.361675,-0.977441,-2.180443,0.188621,1.581594,2.304133,0.576367,-0.426014,-0.701491,-0.038751,0.844446,0.001381,0.372413
42.758036,1.906502,-0.964698,-1.960907,-1.276767,1.035072,0.193847,0.468676,-0.353503,-0.832646,0.116486,0.506383,0.425893,0.303700,0.202262,0.991063,-1.362101,-0.978157,-2.180479,0.189470,1.581594,2.304501,0.578261,-0.425551,-0.704658,-0.038404,0.847645,0.001515,0.371051
42.759034,1.907723,-0.965387,-1.968924,-1.277770,1.032586,0.193813,0.466868,-0.377708,-0.820822,0.212404,0.496560,0.430517,0.298899,0.202316,0.991630,-1.362524,-0.978844,-2.180521,0.190313,1.581593,2.304866,0.576641,-0.425055,-0.700229,-0.039748,0.845277,0.000986,0.370792
42.759937,1.912767,-0.967185,-1.970735,-1.278424,1.031257,0.194812,0.468691,-0.395662,-0.814337,0.284902,0.486449,0.433574,0.294677,0.202385,0.992203,-1.362943,-0.979534,-2.180557,0.191154,1.581592,2.305251,0.575112,-0.424611,-0.695493,-0.039056,0.846838,0.000913,0.374135
42.761030,1.921572,-0.969968,-1.974248,-1.278633,1.030221,0.195375,0.470281,-0.403414,-0.813094,0.327925,0.474545,0.434670,0.291119,0.202471,0.992772,-1.363361,-0.980229,-2.180595,0.192004,1.581589,2.305614,0.571126,-0.423129,-0.693097,-0.038576,0.846369,-0.000182,0.370077
42.762074,1.919459,-0.971195,-1.977705,-1.280007,1.026221,0.198448,0.468980,-0.396427,-0.814729,0.341976,0.458684,0.433868,0.288094,0.202543,0.993327,-1.363783,-0.980910,-2.180632,0.192860,1.581589,2.305971,0.566574,-0.422059,-0.691438,-0.038780,0.846986,-0.000866,0.366823
42.762991,1.926813,-0.968817,-1.979261,-1.280956,1.026634,0.199470,0.470340,-0.337132,-0.818738,0.297749,0.414743,0.427784,0.283425,0.202703,0.994452,-1.364618,-0.982270,-2.180703,0.194565,1.581572,2.306707,0.562150,-0.422297,-0.687446,-0.037097,0.848104,-0.005092,0.366183
42.764017,1.927191,-0.970407,-1.984548,-1.283430,1.025003,0.200123,0.469117,-0.286152,-0.816815,0.246656,0.386197,0.423000,0.281689,0.202827,0.995008,-1.365032,-0.982948,-2.180733,0.195409,1.581566,2.307081,0.561456,-0.421576,-0.684428,-0.035103,0.848971,-0.005821,0.368452
42.764923,1.926146,-0.970949,-1.990035,-1.284474,1.022326,0.199021,0.468263,-0.286152,-0.816815,0.246656,0.386197,0.423000,0.281689,0.202827,0.995008,-1.365032,-0.982948,-2.180733,0.195409,1.581566,2.307081,0.561456,-0.421576,-0.684428,-0.035103,0.848971,-0.005821,0.368452
42.766134,1.930267,-0.976493,-1.995890,-1.286766,1.022354,0.197498,0.467423,-0.223372,-0.811964,0.178644,0.353517,0.417271,0.280335,0.202951,0.995566,-1.365451,-0.983626,-2.180766,0.196259,1.581563,2.307456,0.560691,-0.420735,-0.680394,-0.034361,0.849894,-0.004791,0.369770
42.767012,1.938648,-0.975972,-1.997892,-1.284834,1.019586,0.195339,0.466504,-0.153512,-0.806685,0.094854,0.318738,0.410757,0.279449,0.203065,0.996118,-1.365868,-0.984294,-2.180798,0.197116,1.581560,2.307828,0.559218,-0.418919,-0.678626,-0.032760,0.850305,-0.003385,0.371457
42.768056,1.943027,-0.978082,-2.004008,-1.287828,1.015821,0.193573,0.467460,-0.077584,-0.801271,-0.001412,0.282817,0.403738,0.279081,0.203196,0.996662,-1.366281,-0.984966,-2.180836,0.197965,1.581565,2.308203,0.553705,-0.418559,-0.676210,-0.034850,0.851131,-0.001353,0.372875
42.768948,1.953741,-0.976320,-2.002209,-1.287380,1.016126,0.192993,0.466982,0.006481,-0.794084,-0.106886,0.245164,0.396346,0.279202,0.203357,0.997208,-1.366697,-0.985634,-2.180865,0.198824,1.581564,2.308566,0.551223,-0.417655,-0.673015,-0.032368,0.854099,0.000293,0.370765
42.770024,1.957819,-0.972424,-2.014104,-1.287734,1.019965,0.192321,0.467234,0.101383,-0.782611,-0.218051,0.203916,0.388535,0.279600,0.203549,0.997736,-1.367111,-0.986297,-2.180900,0.199679,1.581564,2.308941,0.544806,-0.417971,-0.672746,-0.033085,0.851831,0.000759,0.371345
42.771053,1.958427,-0.971171,-2.023603,-1.288162,1.019597,0.191832,0.465420,0.208683,-0.764498,-0.331407,0.158292,0.380295,0.280205,0.203794,0.998277,-1.367535,-0.986954,-2.180934,0.200516,1.581566,2.309313,0.542739,-0.420153,-0.667003,-0.033188,0.847614,0.001293,0.370671
42.771997,1.959918,-0.968806,-2.026912,-1.287925,1.024085,0.192974,0.464518,0.325051,-0.740772,-0.447115,0.110407,0.371499,0.281214,0.204119,0.998809,-1.367960,-0.987601,-2.180967,0.201362,1.581567,2.309700,0.542206,-0.420734,-0.662285,-0.033193,0.847225,0.001657,0.374060
42.772943,1.960263,-0.963548,-2.038294,-1.290747,1.026835,0.194209,0.466728,0.444009,-0.714760,-0.565257,0.063731,0.362131,0.282815,0.204518,0.999349,-1.368380,-0.988255,-2.181000,0.202183,1.581565,2.310077,0.540604,-0.421533,-0.659951,-0.033774,0.841505,0.000399,0.375500
42.774051,1.957394,-0.964069,-2.048171,-1.290443,1.030198,0.193272,0.465635,0.562026,-0.687859,-0.684124,0.019584,0.352342,0.285016,0.204942,0.999891,-1.368810,-0.988898,-2.181027,0.203014,1.581561,2.310443,0.539582,-0.423669,-0.653661,-0.031418,0.837504,-0.000918,0.370719
42.775026,1.962151,-0.958499,-2.050601,-1.288381,1.029225,0.192613,0.466027,0.676059,-0.661483,-0.803762,-0.021624,0.342226,0.287772,0.205350,1.000428,-1.369238,-0.989534,-2.181061,0.203850,1.581566,2.310818,0.541211,-0.423717,-0.649495,-0.032257,0.834043,-0.000119,0.372844
42.775965,1.960586,-0.957226,-2.053014,-1.288056,1.029320,0.192815,0.466391,0.782028,-0.637454,-0.922609,-0.057775,0.332147,0.291157,0.205721,1.000960,-1.369668,-0.990182,-2.181100,0.204679,1.581567,2.311187,0.538215,-0.426160,-0.647907,-0.034551,0.834011,0.000415,0.371751
42.776963,1.966480,-0.949027,-2.047327,-1.289405,1.027557,0.192827,0.465445,0.878574,-0.615315,-1.036067,-0.087605,0.322688,0.295170,0.206027,1.001493,-1.370098,-0.990817,-2.181136,0.205510,1.581566,2.311550,0.538235,-0.426243,-0.646181,-0.035136,0.832589,0.000104,0.370731
42.778022,1.963787,-0.948168,-2.045539,-1.287325,1.024830,0.191652,0.465067,0.967811,-0.592036,-1.138574,-0.113250,0.314314,0.299472,0.206278,1.002018,-1.370531,-0.991468,-2.181168,0.206334,1.581567,2.311924,0.534138,-0.429468,-0.647831,-0.034051,0.832560,-0.000007,0.372138
42.778930,1.955495,-0.942409,-2.043531,-1.287492,1.021188,0.190027,0.464305,1.126997,-0.535074,-1.293861,-0.157885,0.302294,0.307643,0.206743,1.003090,-1.371404,-0.992760,-2.181247,0.208011,1.581577,2.312682,0.536814,-0.430521,-0.646855,-0.036118,0.834531,0.002559,0.373247
42.780070,1.954565,-0.940461,-2.035116,-1.289054,1.021665,0.188039,0.464805,1.188000,-0.506181,-1.344777,-0.173419,0.299101,0.311299,0.206984,1.003628,-1.371833,-0.993422,-2.181281,0.208837,1.581583,2.313046,0.536581,-0.431109,-0.650500,-0.034893,0.832934,0.004409,0.371847
42.780997,1.940047,-0.943068,-2.029140,-1.288111,1.015064,0.186846,0.463689,1.188000,-0.506181,-1.344777,-0.173419,0.299101,0.311299,0.206984,1.003628,-1.371833,-0.993422,-2.181281,0.208837,1.581583,2.313046,0.536581,-0.431109,-0.650500,-0.034893,0.832934,0.004409,0.371847
42.781959,1.928094,-0.938838,-2.016280,-1.288686,1.012031,0.187087,0.463365,1.231158,-0.480016,-1.375783,-0.183023,0.297964,0.314346,0.207242,1.004184,-1.372258,-0.994071,-2.181318,0.209684,1.581591,2.313420,0.541930,-0.428564,-0.651646,-0.035936,0.836943,0.005456,0.373494
42.783064,1.928373,-0.939749,-2.007792,-1.288372,1.010058,0.187612,0.463849,1.241304,-0.449982,-1.374485,-0.172901,0.302045,0.318633,0.207734,1.005277,-1.373112,-0.995410,-2.181390,0.211358,1.581600,2.314166,0.545065,-0.428644,-0.659563,-0.036092,0.838154,0.004427,0.372121
42.784068,1.919699,-0.940037,-2.002885,-1.288944,1.002208,0.188598,0.461902,1.241304,-0.449982,-1.374485,-0.172901,0.302045,0.318633,0.207734,1.005277,-1.373112,-0.995410,-2.181390,0.211358,1.581600,2.314166,0.545065,-0.428644,-0.659563,-0.036092,0.838154,0.004427,0.372121
42.784935,1.908980,-0.934401,-1.991174,-1.288228,1.000513,0.190073,0.462209,1.212264,-0.444930,-1.342632,-0.155294,0.306806,0.319765,0.207921,1.005829,-1.373542,-0.996071,-2.181426,0.212213,1.581601,2.314545,0.547914,-0.427546,-0.660522,-0.035690,0.843812,0.003335,0.375497
42.785987,1.910614,-0.931534,-1.982555,-1.287736,0.999032,0.189604,0.461279,1.164692,-0.446118,-1.294499,-0.131468,0.312726,0.320293,0.208058,1.006387,-1.373967,-0.996746,-2.181463,0.213044,1.581600,2.314918,0.550980,-0.428921,-0.663881,-0.036416,0.842578,0.001778,0.374167
42.787123,1.897756,-0.932818,-1.980644,-1.286686,0.995716,0.190158,0.461926,1.102179,-0.451289,-1.231381,-0.103121,0.319454,0.320280,0.208159,1.006937,-1.374398,-0.997426,-2.181502,0.213893,1.581601,2.315299,0.548849,-0.429582,-0.666803,-0.037066,0.842184,0.002163,0.375529
42.787961,1.885056,-0.930342,-1.970577,-1.288438,0.995758,0.189245,0.461810,1.028585,-0.459078,-1.155672,-0.071588,0.326719,0.319818,0.208248,1.007499,-1.374820,-0.998086,-2.181543,0.214748,1.581601,2.315671,0.554376,-0.428621,-0.667110,-0.038307,0.844115,0.001492,0.373793
42.789017,1.875928,-0.930594,-1.963018,-1.288999,0.993375,0.187804,0.461960,0.941812,-0.472368,-1.072124,-0.035555,0.334271,0.319088,0.208318,1.008067,-1.375246,-0.998765,-2.181577,0.215575,1.581605,2.316047,0.558142,-0.428261,-0.669417,-0.036584,0.841018,0.002317,0.373327
42.789972,1.861258,-0.933716,-1.947532,-1.287658,0.990770,0.190482,0.461887,0.724824,-0.519682,-0.889562,0.049865,0.349971,0.316663,0.208369,1.009213,-1.376086,-1.000136,-2.181652,0.217258,1.581601,2.316786,0.566503,-0.424894,-0.677451,-0.037672,0.841841,0.000875,0.372122
42.790927,1.855363,-0.937263,-1.935341,-1.289175,0.985221,0.189597,0.461146,0.594424,-0.554560,-0.789917,0.100612,0.358439,0.315115,0.208329,1.009789,-1.376501,-1.000836,-2.181685,0.218111,1.581602,2.317163,0.567338,-0.422139,-0.681279,-0.036330,0.844880,0.001702,0.373016
42.792070,1.845938,-0.943287,-1.924553,-1.288034,0.985035,0.189598,0.462392,0.594424,-0.554560,-0.789917,0.100612,0.358439,0.315115,0.208329,1.009789,-1.376501,-1.000836,-2.181685,0.218111,1.581602,2.317163,0.567338,-0.422139,-0.681279,-0.036330,0.844880,0.001702,0.373016
42.793011,1.843909,-0.941656,-1.912665,-1.288531,0.984927,0.189991,0.463827,0.304225,-0.643625,-0.576823,0.214296,0.376457,0.311490,0.208088,1.010938,-1.377328,-1.002228,-2.181762,0.219789,1.581600,2.317890,0.569826,-0.418775,-0.689309,-0.037300,0.841435,0.001111,0.366678
42.793984,1.835083,-0.940640,-1.899007,-1.287765,0.984801,0.189680,0.463555,0.304225,-0.643625,-0.576823,0.214296,0.376457,0.311490,0.208088,1.010938,-1.377328,-1.002228,-2.181762,0.219789,1.581600,2.317890,0.569826,-0.418775,-0.689309,-0.037300,0.841435,0.001111,0.366678
42.794996,1.823110,-0.940533,-1.890852,-1.289522,0.985271,0.190582,0.464503,0.012451,-0.734307,-0.351060,0.328108,0.394227,0.307141,0.207862,1.012104,-1.378154,-1.003627,-2.181836,0.221446,1.581599,2.318610,0.576369,-0.417736,-0.696189,-0.036581,0.836990,0.000332,0.364339
42.796006,1.818108,-0.937632,-1.881561,-1.289874,0.986577,0.191585,0.464537,0.012451,-0.734307,-0.351060,0.328108,0.394227,0.307141,0.207862,1.012104,-1.378154,-1.003627,-2.181836,0.221446,1.581599,2.318610,0.576369,-0.417736,-0.696189,-0.036581,0.836990,0.000332,0.364339
42.797068,1.817198,-0.938537,-1.882214,-1.290410,0.986275,0.192233,0.464962,-0.127309,-0.773842,-0.237477,0.381359,0.402289,0.304733,0.207822,1.012687,-1.378572,-1.004339,-2.181872,0.222273,1.581598,2.318977,0.576964,-0.418421,-0.698791,-0.036411,0.833746,-0.000763,0.363779
42.797949,1.806222,-0.939137,-1.877160,-1.291380,0.984352,0.192260,0.464086,-0.257901,-0.807548,-0.129324,0.429726,0.409308,0.302268,0.207829,1.013260,-1.378986,-1.005033,-2.181909,0.223104,1.581597,2.319336,0.575913,-0.417425,-0.696925,-0.036093,0.832428,-0.001497,0.362493
42.798957,1.806446,-0.938614,-1.870225,-1.290243,0.986250,0.191455,0.463528,-0.480411,-0.861505,0.047174,0.509012,0.419015,0.297788,0.207890,1.014425,-1.379807,-1.006442,-2.181984,0.224756,1.581599,2.320062,0.576876,-0.415453,-0.698208,-0.036420,0.827776,-0.000894,0.364267
42.800076,1.808905,-0.944501,-1.872297,-1.291075,0.983649,0.193049,0.465213,-0.480411,-0.861505,0.047174,0.509012,0.419015,0.297788,0.207890,1.014425,-1.379807,-1.006442,-2.181984,0.224756,1.581599,2.320062,0.576876,-0.415453,-0.698208,-0.036420,0.827776,-0.000894,0.364267
42.801082,1.806928,-0.942832,-1.868227,-1.291573,0.982474,0.193961,0.465750,-0.569466,-0.883555,0.111478,0.540477,0.421783,0.295987,0.207908,1.014992,-1.380208,-1.007129,-2.182020,0.225589,1.581592,2.320413,0.574516,-0.412365,-0.696090,-0.035869,0.829127,-0.002580,0.360508
42.801988,1.803921,-0.946157,-1.869437,-1.292208,0.981219,0.194080,0.465994,-0.639373,-0.902239,0.157805,0.565317,0.423265,0.294548,0.207907,1.015568,-1.380620,-1.007826,-2.182057,0.226410,1.581588,2.320773,0.573715,-0.412500,-0.696246,-0.035537,0.828387,-0.003552,0.358971
42.803084,1.806818,-0.944955,-1.868585,-1.293183,0.975972,0.193289,0.465454,-0.721630,-0.931981,0.192787,0.594689,0.422785,0.292899,0.207909,1.016698,-1.381433,-1.009197,-2.182122,0.228074,1.581583,2.321487,0.570353,-0.410066,-0.692492,-0.034439,0.830874,-0.003026,0.358627
42.804043,1.803452,-0.939209,-1.873110,-1.293022,0.974525,0.193223,0.463420,-0.721630,-0.931981,0.192787,0.594689,0.422785,0.292899,0.207909,1.016698,-1.381433,-1.009197,-2.182122,0.228074,1.581583,2.321487,0.570353,-0.410066,-0.692492,-0.034439,0.830874,-0.003026,0.358627
42.804976,1.803994,-0.934690,-1.873171,-1.292621,0.971526,0.192266,0.463755,-0.733457,-0.942150,0.181333,0.598185,0.420909,0.292666,0.207961,1.017271,-1.381849,-1.009883,-2.182157,0.228905,1.581580,2.321849,0.570041,-0.411982,-0.688129,-0.034764,0.829997,-0.003039,0.362185
42.806042,1.806682,-0.930579,-1.873734,-1.291993,0.968771,0.190124,0.463728,-0.725623,-0.946951,0.151727,0.593868,0.417940,0.292886,0.208045,1.017830,-1.382265,-1.010560,-2.182194,0.229744,1.581578,2.322207,0.567779,-0.413152,-0.686001,-0.035238,0.830469,-0.002149,0.360921
42.807059,1.815737,-0.922504,-1.879673,-1.290972,0.963981,0.189779,0.464892,-0.698709,-0.945317,0.106586,0.582231,0.414009,0.293572,0.208142,1.018388,-1.382679,-1.011242,-2.182230,0.230568,1.581584,2.322575,0.565149,-0.414715,-0.684405,-0.036116,0.831689,-0.000128,0.360521
42.807944,1.821626,-0.915866,-1.873013,-1.291938,0.965225,0.191030,0.464309,-0.650685,-0.935082,0.048829,0.562346,0.409164,0.294619,0.208265,1.018931,-1.383103,-1.011903,-2.182270,0.231408,1.581584,2.322923,0.559222,-0.417939,-0.680008,-0.037223,0.834487,0.000102,0.357745
42.809070,1.824194,-0.913341,-1.878691,-1.292446,0.960537,0.191036,0.464119,-0.577496,-0.912961,-0.018424,0.531931,0.403401,0.295845,0.208440,1.019475,-1.383524,-1.012582,-2.182304,0.232225,1.581582,2.323286,0.554251,-0.419892,-0.680948,-0.036348,0.830565,-0.001235,0.358330
42.809927,1.832124,-0.907511,-1.882479,-1.291704,0.958840,0.189970,0.464815,-0.479199,-0.878192,-0.091159,0.490392,0.396852,0.297048,0.208685,1.020023,-1.383947,-1.013256,-2.182340,0.233064,1.581582,2.323648,0.552130,-0.420790,-0.677217,-0.036129,0.834005,-0.001339,0.358323
42.810969,1.828555,-0.906583,-1.883732,-1.293039,0.961154,0.189350,0.463363,-0.225101,-0.785235,-0.253694,0.382983,0.381613,0.299508,0.209314,1.021100,-1.384795,-1.014576,-2.182411,0.234721,1.581585,2.324357,0.546688,-0.421937,-0.671089,-0.035790,0.828675,0.000156,0.358825
42.812056,1.831841,-0.908952,-1.894923,-1.293271,0.958613,0.188929,0.462247,-0.225101,-0.785235,-0.253694,0.382983,0.381613,0.299508,0.209314,1.021100,-1.384795,-1.014576,-2.182411,0.234721,1.581585,2.324357,0.546688,-0.421937,-0.671089,-0.035790,0.828675,0.000156,0.358825
42.813057,1.837809,-0.909451,-1.901774,-1.293024,0.963032,0.188675,0.463172,-0.083143,-0.737707,-0.344792,0.324454,0.373205,0.300966,0.209655,1.021641,-1.385216,-1.015222,-2.182447,0.235555,1.581589,2.324718,0.544045,-0.420233,-0.664692,-0.035840,0.829756,0.000453,0.360636
42.814005,1.843432,-0.909713,-1.901451,-1.292030,0.964790,0.189642,0.463801,0.060076,-0.697311,-0.445128,0.267554,0.364431,0.302787,0.209980,1.022165,-1.385631,-1.015869,-2.182483,0.236362,1.581587,2.325075,0.539837,-0.419213,-0.659964,-0.036269,0.823484,0.000619,0.358266
42.814993,1.849434,-0.907053,-1.902152,-1.290708,0.962279,0.189702,0.463977,0.203721,-0.665694,-0.554134,0.213514,0.355565,0.305066,0.210251,1.022692,-1.386051,-1.016528,-2.182522,0.237181,1.581584,2.325429,0.535501,-0.417999,-0.658340,-0.037299,0.819512,-0.000429,0.356496
42.815980,1.852943,-0.903592,-1.896697,-1.292193,0.961007,0.188940,0.463314,0.347737,-0.641159,-0.666387,0.162709,0.347087,0.307757,0.210461,1.023208,-1.386475,-1.017172,-2.182563,0.238005,1.581584,2.325779,0.531322,-0.418399,-0.656621,-0.038663,0.820029,-0.000576,0.355690
42.817061,1.857152,-0.895155,-1.896542,-1.290578,0.963488,0.188285,0.463110,0.492181,-0.619906,-0.774856,0.113944,0.339344,0.310595,0.210634,1.023731,-1.386896,-1.017829,-2.182597,0.238818,1.581586,2.326140,0.528306,-0.419220,-0.657837,-0.037368,0.819360,0.000091,0.356522
42.818048,1.853786,-0.896224,-1.891416,-1.292333,0.962025,0.188332,0.461643,0.636920,-0.597105,-0.872509,0.065293,0.332522,0.313226,0.210803,1.024253,-1.387329,-1.018489,-2.182637,0.239636,1.581587,2.326492,0.525436,-0.422800,-0.656939,-0.039165,0.815456,0.000639,0.356541
42.818950,1.847008,-0.894633,-1.891494,-1.292711,0.961828,0.186093,0.459574,0.778780,-0.570933,-0.955007,0.017085,0.326701,0.315517,0.210985,1.024777,-1.387744,-1.019142,-2.182672,0.240450,1.581588,2.326857,0.525863,-0.421369,-0.658036,-0.037559,0.815021,0.000483,0.358977
42.820029,1.834072,-0.897289,-1.887080,-1.293300,0.966052,0.184901,0.460602,0.910214,-0.544980,-1.022127,-0.027944,0.321828,0.317462,0.211175,1.025308,-1.388166,-1.019794,-2.182710,0.241248,1.581595,2.327228,0.527476,-0.420896,-0.655941,-0.037232,0.812891,0.002617,0.362496
42.821053,1.829191,-0.898997,-1.880096,-1.295669,0.966498,0.186049,0.459334,1.020698,-0.525463,-1.075347,-0.065190,0.317877,0.319157,0.211339,1.025845,-1.388585,-1.020449,-2.182747,0.242047,1.581599,2.327584,0.533009,-0.419042,-0.657267,-0.036859,0.807415,0.003672,0.359980
42.822035,1.824609,-0.900643,-1.872682,-1.295499,0.968326,0.186469,0.460668,1.102160,-0.516292,-1.113922,-0.091094,0.314964,0.320646,0.211449,1.026381,-1.388998,-1.021114,-2.182778,0.242838,1.581597,2.327950,0.534175,-0.417522,-0.659375,-0.034792,0.805530,0.002417,0.362069
42.822969,1.822248,-0.901150,-1.868828,-1.294371,0.970688,0.186204,0.459638,1.181848,-0.525371,-1.142160,-0.111901,0.312498,0.322756,0.211546,1.027449,-1.389830,-1.022437,-2.182857,0.244431,1.581601,2.328668,0.534529,-0.414489,-0.661438,-0.036224,0.797414,0.002072,0.360398
42.824046,1.821388,-0.898850,-1.865386,-1.293880,0.968674,0.186944,0.458538,1.181848,-0.525371,-1.142160,-0.111901,0.312498,0.322756,0.211546,1.027449,-1.389830,-1.022437,-2.182857,0.244431,1.581601,2.328668,0.534529,-0.414489,-0.661438,-0.036224,0.797414,0.002072,0.360398
42.825024,1.814594,-0.894439,-1.864911,-1.293590,0.970458,0.186042,0.458788,1.189040,-0.539476,-1.135054,-0.109616,0.312872,0.323624,0.211573,1.027984,-1.390243,-1.023105,-2.182894,0.245222,1.581603,2.329032,0.534006,-0.415213,-0.662084,-0.036923,0.798342,0.001210,0.362165
42.826006,1.809975,-0.901549,-1.860498,-1.295483,0.973113,0.185145,0.458087,1.180595,-0.555871,-1.117616,-0.101521,0.314106,0.324483,0.211611,1.028518,-1.390664,-1.023758,-2.182931,0.246011,1.581607,2.329389,0.535977,-0.416472,-0.660750,-0.037333,0.794761,0.002010,0.361137
42.827060,1.802343,-0.894561,-1.854887,-1.295571,0.970586,0.186388,0.458398,1.121217,-0.594314,-1.063274,-0.072386,0.319024,0.325769,0.211732,1.029609,-1.391490,-1.025095,-2.183001,0.247579,1.581613,2.330117,0.539343,-0.415036,-0.662848,-0.035781,0.791797,0.001416,0.360933
42.828011,1.792752,-0.895812,-1.842495,-1.297970,0.967112,0.187418,0.458830,1.121217,-0.594314,-1.063274,-0.072386,0.319024,0.325769,0.211732,1.029609,-1.391490,-1.025095,-2.183001,0.247579,1.581613,2.330117,0.539343,-0.415036,-0.662848,-0.035781,0.791797,0.001416,0.360933
42.829092,1.784014,-0.899784,-1.828425,-1.298834,0.963590,0.187960,0.458087,1.070969,-0.614094,-1.025800,-0.053406,0.322990,0.325792,0.211794,1.030151,-1.391905,-1.025765,-2.183030,0.248387,1.581612,2.330470,0.542464,-0.413371,-0.667150,-0.033663,0.793165,0.000301,0.359556
42.830100,1.776482,-0.901311,-1.820566,-1.298292,0.959102,0.188451,0.459670,0.925275,-0.649378,-0.915424,-0.007317,0.335003,0.323861,0.211914,1.031267,-1.392722,-1.027133,-2.183100,0.249986,1.581608,2.331184,0.547805,-0.409581,-0.675125,-0.033852,0.798325,-0.000899,0.356981
42.830974,1.768370,-0.896889,-1.805358,-1.297456,0.955873,0.187540,0.456523,0.829940,-0.666363,-0.842551,0.021749,0.342970,0.322180,0.212002,1.031815,-1.393129,-1.027827,-2.183135,0.250793,1.581613,2.331558,0.549713,-0.410586,-0.680046,-0.034743,0.798946,-0.000083,0.362700
42.832028,1.765840,-0.899163,-1.797057,-1.298544,0.949583,0.187318,0.457234,0.829940,-0.666363,-0.842551,0.021749,0.342970,0.322180,0.212002,1.031815,-1.393129,-1.027827,-2.183135,0.250793,1.581613,2.331558,0.549713,-0.410586,-0.680046,-0.034743,0.798946,-0.000083,0.362700
42.832973,1.758777,-0.901058,-1.785527,-1.299022,0.949400,0.185496,0.456424,0.724881,-0.680916,-0.759717,0.053358,0.351685,0.320149,0.212118,1.032369,-1.393537,-1.028521,-2.183168,0.251599,1.581615,2.331918,0.549665,-0.408943,-0.682627,-0.033950,0.803846,0.000022,0.360763
42.834023,1.750778,-0.898734,-1.781320,-1.297076,0.947273,0.186361,0.456972,0.615148,-0.692511,-0.669646,0.085145,0.360542,0.317690,0.212236,1.032921,-1.393944,-1.029208,-2.183200,0.252398,1.581621,2.332281,0.551376,-0.407070,-0.686237,-0.033678,0.801904,0.001730,0.361857
42.834954,1.740382,-0.889434,-1.773861,-1.295446,0.944465,0.186902,0.457394,0.502072,-0.703081,-0.576255,0.117528,0.369074,0.314970,0.212335,1.033483,-1.394353,-1.029900,-2.183240,0.253200,1.581618,2.332646,0.553973,-0.407749,-0.686760,-0.035764,0.802630,0.000757,0.360267
42.835965,1.737044,-0.890584,-1.772883,-1.296789,0.946824,0.187486,0.455635,0.385120,-0.713393,-0.483132,0.152583,0.376936,0.312420,0.212425,1.034053,-1.394772,-1.030597,-2.183279,0.254010,1.581616,2.333003,0.557059,-0.411294,-0.688121,-0.037426,0.803186,0.000145,0.358882
42.837016,1.727933,-0.890581,-1.776293,-1.294807,0.946636,0.188477,0.455464,0.266627,-0.722662,-0.393915,0.189978,0.383800,0.310273,0.212525,1.034609,-1.395178,-1.031282,-2.183314,0.254808,1.581615,2.333368,0.557157,-0.410040,-0.686876,-0.036273,0.799153,-0.000529,0.361943
42.838053,1.723858,-0.887083,-1.773983,-1.294779,0.944319,0.187947,0.455173,0.149289,-0.733065,-0.314625,0.228969,0.389455,0.308673,0.212634,1.035179,-1.395588,-1.031964,-2.183355,0.255604,1.581613,2.333736,0.560223,-0.409528,-0.683722,-0.038375,0.798008,-0.001608,0.361776
42.838995,1.723665,-0.887610,-1.773014,-1.294045,0.943018,0.188043,0.453409,-0.075951,-0.765121,-0.202039,0.311857,0.397250,0.307626,0.212766,1.036297,-1.396410,-1.033324,-2.183435,0.257196,1.581611,2.334464,0.558947,-0.409435,-0.681792,-0.039267,0.798150,-0.001345,0.364884
42.840019,1.721473,-0.886332,-1.768708,-1.293178,0.942334,0.187769,0.453476,-0.075951,-0.765121,-0.202039,0.311857,0.397250,0.307626,0.212766,1.036297,-1.396410,-1.033324,-2.183435,0.257196,1.581611,2.334464,0.558947,-0.409435,-0.681792,-0.039267,0.798150,-0.001345,0.364884
42.841010,1.719759,-0.882069,-1.764804,-1.292794,0.940120,0.189777,0.453141,-0.174448,-0.783914,-0.168578,0.351289,0.399704,0.307869,0.212794,1.036861,-1.396823,-1.034012,-2.183478,0.258000,1.581611,2.334827,0.558477,-0.409424,-0.682298,-0.040169,0.797225,-0.001160,0.364231
42.842036,1.720072,-0.884520,-1.763227,-1.291560,0.940456,0.189365,0.453702,-0.258768,-0.801944,-0.147274,0.387130,0.401510,0.308428,0.212801,1.037413,-1.397239,-1.034690,-2.183519,0.258805,1.581607,2.335194,0.557739,-0.410730,-0.682487,-0.040583,0.797631,-0.003261,0.364383
42.842980,1.710734,-0.882821,-1.762707,-1.291203,0.938003,0.188163,0.454089,-0.327567,-0.817862,-0.135720,0.418805,0.402866,0.309262,0.212777,1.037970,-1.397642,-1.035373,-2.183564,0.259591,1.581604,2.335551,0.556088,-0.408927,-0.681677,-0.041800,0.795852,-0.002904,0.362786
42.844007,1.704784,-0.883272,-1.765473,-1.290064,0.935942,0.186164,0.453447,-0.382759,-0.833615,-0.134202,0.447575,0.403863,0.310449,0.212726,1.038541,-1.398052,-1.036046,-2.183607,0.260393,1.581605,2.335908,0.558741,-0.408828,-0.679922,-0.042096,0.796229,-0.001792,0.361481
42.845034,1.699252,-0.880695,-1.755612,-1.291725,0.940422,0.186199,0.453159,-0.429696,-0.852711,-0.144271,0.476021,0.404428,0.312113,0.212667,1.039100,-1.398455,-1.036719,-2.183652,0.261198,1.581606,2.336270,0.560202,-0.408064,-0.677052,-0.043218,0.796698,0.000113,0.362311
42.846061,1.702671,-0.879239,-1.760703,-1.291550,0.939546,0.186124,0.454195,-0.471649,-0.875701,-0.164050,0.504888,0.404521,0.314154,0.212607,1.039666,-1.398866,-1.037409,-2.183692,0.261971,1.581604,2.336635,0.561388,-0.408737,-0.680375,-0.041642,0.790880,-0.000024,0.362395
42.846999,1.702698,-0.877567,-1.756683,-1.291082,0.938670,0.185309,0.455056,-0.505918,-0.899361,-0.189432,0.531459,0.404122,0.316255,0.212525,1.040213,-1.399278,-1.038071,-2.183735,0.262761,1.581604,2.336986,0.558281,-0.408821,-0.676418,-0.041864,0.790360,-0.000048,0.359866
42.848057,1.702360,-0.871776,-1.760545,-1.290295,0.940275,0.185024,0.454949,-0.527065,-0.920890,-0.220145,0.552447,0.403033,0.318272,0.212417,1.040766,-1.399684,-1.038746,-2.183776,0.263540,1.581604,2.337344,0.556405,-0.408704,-0.676400,-0.042320,0.789334,0.000686,0.357606
42.848962,1.705201,-0.866530,-1.761904,-1.286974,0.934431,0.185456,0.455979,-0.532562,-0.938890,-0.256707,0.566677,0.401138,0.320262,0.212316,1.041321,-1.400101,-1.039420,-2.183819,0.264326,1.581601,2.337695,0.555282,-0.411059,-0.673162,-0.043174,0.786489,0.000884,0.357440
42.850044,1.705033,-0.866626,-1.765775,-1.287712,0.934152,0.184649,0.458041,-0.522259,-0.952173,-0.299285,0.574537,0.398412,0.322434,0.212259,1.041862,-1.400511,-1.040077,-2.183872,0.265123,1.581601,2.338046,0.551943,-0.412546,-0.670430,-0.046182,0.790117,0.000360,0.354810
42.850989,1.705856,-0.862426,-1.769251,-1.285061,0.936402,0.183571,0.457352,-0.496798,-0.960919,-0.348966,0.576708,0.394827,0.324968,0.212253,1.042412,-1.400923,-1.040739,-2.183918,0.265904,1.581605,2.338389,0.550936,-0.412067,-0.667513,-0.045422,0.789345,0.001055,0.350321
42.852009,1.705417,-0.860711,-1.772683,-1.283549,0.932229,0.184421,0.457986,-0.458599,-0.966686,-0.406148,0.574094,0.390498,0.327855,0.212302,1.042949,-1.401342,-1.041390,-2.183971,0.266686,1.581608,2.338740,0.548869,-0.413114,-0.664033,-0.047825,0.785171,0.002029,0.351242
42.853044,1.708560,-0.861852,-1.778618,-1.284588,0.930204,0.185829,0.458017,-0.411045,-0.970913,-0.470595,0.568481,0.385653,0.331130,0.212413,1.043495,-1.401751,-1.042043,-2.184021,0.267472,1.581609,2.339088,0.547714,-0.413326,-0.661045,-0.049172,0.787959,0.001059,0.349524
42.853955,1.707303,-0.866916,-1.774038,-1.285139,0.931438,0.185524,0.459583,-0.356145,-0.974421,-0.542403,0.560469,0.380392,0.334743,0.212569,1.044040,-1.402162,-1.042699,-2.184067,0.268266,1.581608,2.339437,0.544841,-0.412146,-0.656848,-0.048093,0.788524,-0.000448,0.349058
42.855024,1.713024,-0.866659,-1.767298,-1.284729,0.930891,0.184372,0.460625,-0.295122,-0.978255,-0.620459,0.549260,0.374829,0.338396,0.212736,1.044575,-1.402568,-1.043350,-2.184111,0.269055,1.581610,2.339774,0.543694,-0.408527,-0.657238,-0.047411,0.785084,-0.000226,0.345411
42.856036,1.715149,-0.866617,-1.767054,-1.283854,0.924835,0.184388,0.461550,-0.229324,-0.981901,-0.698642,0.534445,0.369372,0.341703,0.212895,1.045108,-1.402974,-1.044015,-2.184160,0.269829,1.581614,2.340112,0.539836,-0.408299,-0.659532,-0.047769,0.784635,0.000813,0.343002
42.857085,1.720101,-0.866018,-1.764361,-1.282545,0.924999,0.183642,0.462067,-0.158568,-0.982314,-0.770196,0.515425,0.364337,0.344401,0.213055,1.045635,-1.403386,-1.044663,-2.184212,0.270632,1.581612,2.340447,0.537591,-0.407611,-0.658358,-0.048461,0.789072,0.000703,0.340774
42.857950,1.716517,-0.858387,-1.760907,-1.285122,0.924429,0.183195,0.461891,-0.082576,-0.977381,-0.832958,0.492178,0.359758,0.346494,0.213250,1.046163,-1.403790,-1.045319,-2.184263,0.271412,1.581613,2.340786,0.534096,-0.407464,-0.658588,-0.049622,0.787637,0.001349,0.339388
42.859014,1.716825,-0.861347,-1.754334,-1.283928,0.920983,0.184268,0.462315,0.082343,-0.944597,-0.926960,0.431487,0.351710,0.348654,0.213771,1.047225,-1.404614,-1.046639,-2.184355,0.272994,1.581610,2.341462,0.532797,-0.407975,-0.660192,-0.048027,0.787979,0.000542,0.338019
42.859976,1.717228,-0.857739,-1.744445,-1.287248,0.923418,0.184591,0.462011,0.082343,-0.944597,-0.926960,0.431487,0.351710,0.348654,0.213771,1.047225,-1.404614,-1.046639,-2.184355,0.272994,1.581610,2.341462,0.532797,-0.407975,-0.660192,-0.048027,0.787979,0.000542,0.338019
42.860929,1.714940,-0.853468,-1.736563,-1.286385,0.922658,0.184699,0.461621,0.166371,-0.915905,-0.953346,0.394811,0.348388,0.348567,0.214044,1.047757,-1.405024,-1.047309,-2.184394,0.273763,1.581609,2.341800,0.531079,-0.408908,-0.663298,-0.044729,0.783840,0.000137,0.338199
42.862049,1.719090,-0.853789,-1.732847,-1.289169,0.923617,0.184576,0.464048,0.249733,-0.878305,-0.961838,0.354148,0.345780,0.347602,0.214318,1.048290,-1.405439,-1.047974,-2.184440,0.274547,1.581609,2.342136,0.530676,-0.410060,-0.665378,-0.045517,0.782777,-0.000058,0.338539
42.863069,1.724654,-0.850638,-1.730012,-1.289509,0.921106,0.184492,0.464271,0.332322,-0.831687,-0.952388,0.309491,0.343916,0.345814,0.214596,1.048806,-1.405847,-1.048643,-2.184478,0.275331,1.581609,2.342461,0.528072,-0.409681,-0.666408,-0.042954,0.781003,-0.000037,0.333394
42.864018,1.728786,-0.850412,-1.726436,-1.288756,0.924506,0.181635,0.464873,0.504612,-0.715770,-0.895009,0.205211,0.341598,0.340249,0.215097,1.049834,-1.406677,-1.049978,-2.184562,0.276873,1.581621,2.343118,0.520878,-0.409652,-0.666249,-0.043409,0.777036,0.002673,0.331020
42.864995,1.727063,-0.852754,-1.723277,-1.289372,0.923256,0.180674,0.466627,0.594916,-0.652455,-0.855869,0.148056,0.340875,0.336940,0.215294,1.050354,-1.407079,-1.050647,-2.184603,0.277644,1.581622,2.343439,0.520484,-0.407747,-0.666085,-0.042818,0.776755,0.003517,0.327130
42.865927,1.729124,-0.849570,-1.722700,-1.290285,0.927707,0.181065,0.466149,0.594916,-0.652455,-0.855869,0.148056,0.340875,0.336940,0.215294,1.050354,-1.407079,-1.050647,-2.184603,0.277644,1.581622,2.343439,0.520484,-0.407747,-0.666085,-0.042818,0.776755,0.003517,0.327130
42.866974,1.720760,-0.841059,-1.712101,-1.293174,0.932395,0.183193,0.467992,0.683560,-0.591550,-0.815018,0.091247,0.340352,0.333549,0.215440,1.050872,-1.407493,-1.051315,-2.184643,0.278403,1.581628,2.343761,0.517947,-0.408294,-0.664340,-0.041915,0.770510,0.002991,0.327727
42.868043,1.719289,-0.839299,-1.706338,-1.294602,0.933853,0.183757,0.467131,0.768401,-0.532902,-0.772362,0.035287,0.339987,0.330029,0.215540,1.051394,-1.407909,-1.051985,-2.184676,0.279160,1.581625,2.344079,0.521232,-0.411972,-0.668388,-0.039290,0.764831,0.000766,0.323716
42.868980,1.710169,-0.834361,-1.699115,-1.296037,0.935946,0.184362,0.469273,0.846455,-0.474114,-0.723527,-0.019618,0.339930,0.326199,0.215593,1.051917,-1.408324,-1.052665,-2.184709,0.279909,1.581622,2.344409,0.521082,-0.412326,-0.669965,-0.038191,0.762638,0.000134,0.325185
42.869933,1.703674,-0.823735,-1.688018,-1.297453,0.941349,0.182595,0.468068,0.914037,-0.415738,-0.667045,-0.072010,0.340311,0.322066,0.215618,1.052440,-1.408747,-1.053336,-2.184742,0.280661,1.581621,2.344719,0.524142,-0.413654,-0.671546,-0.036933,0.758890,-0.000554,0.320488
42.871088,1.703586,-0.820807,-1.687103,-1.296174,0.940365,0.182546,0.469808,0.968484,-0.358431,-0.602841,-0.120572,0.341210,0.317708,0.215635,1.052965,-1.409168,-1.054022,-2.184774,0.281409,1.581625,2.345045,0.525923,-0.417927,-0.675013,-0.035730,0.751965,0.001120,0.322565
42.871973,1.700344,-0.813590,-1.678084,-1.297719,0.942119,0.181187,0.469920,1.009963,-0.301226,-0.531127,-0.164957,0.342645,0.313213,0.215640,1.053495,-1.409591,-1.054704,-2.184813,0.282153,1.581624,2.345359,0.525444,-0.419135,-0.674693,-0.037306,0.752844,0.001051,0.318868
42.872921,1.696538,-0.815693,-1.677031,-1.294563,0.943180,0.180835,0.469477,1.041213,-0.244301,-0.455279,-0.205394,0.344470,0.308744,0.215617,1.054018,-1.410019,-1.055376,-2.184844,0.282895,1.581630,2.345673,0.525276,-0.421320,-0.676851,-0.035892,0.749185,0.002301,0.318256
42.874046,1.695760,-0.818739,-1.671045,-1.293749,0.943986,0.181589,0.468123,1.072816,-0.145919,-0.310642,-0.267193,0.349196,0.300929,0.215575,1.055071,-1.410845,-1.056729,-2.184929,0.284374,1.581636,2.346314,0.525450,-0.417474,-0.677474,-0.040009,0.745578,0.001648,0.321284
42.874977,1.690641,-0.815718,-1.671097,-1.295731,0.941917,0.182575,0.466257,1.072816,-0.145919,-0.310642,-0.267193,0.349196,0.300929,0.215575,1.055071,-1.410845,-1.056729,-2.184929,0.284374,1.581636,2.346314,0.525450,-0.417474,-0.677474,-0.040009,0.745578,0.001648,0.321284
42.875928,1.682724,-0.820506,-1.672431,-1.293424,0.937864,0.182287,0.466375,1.053889,-0.094830,-0.203306,-0.290364,0.355334,0.295836,0.215723,1.056129,-1.411667,-1.058079,-2.185007,0.285873,1.581635,2.346972,0.528846,-0.414592,-0.672641,-0.040411,0.748568,0.000792,0.323903
42.877100,1.675665,-0.819547,-1.666920,-1.293199,0.940535,0.182560,0.465806,1.053889,-0.094830,-0.203306,-0.290364,0.355334,0.295836,0.215723,1.056129,-1.411667,-1.058079,-2.185007,0.285873,1.581635,2.346972,0.528846,-0.414592,-0.672641,-0.040411,0.748568,0.000792,0.323903
42.878008,1.667477,-0.816982,-1.668728,-1.293368,0.935116,0.181760,0.464819,1.021747,-0.093060,-0.172381,-0.285610,0.358482,0.294447,0.215850,1.056662,-1.412084,-1.058749,-2.185048,0.286611,1.581634,2.347297,0.531145,-0.414365,-0.673951,-0.040702,0.744823,0.000424,0.324667
42.878960,1.666901,-0.818882,-1.663920,-1.291417,0.932723,0.183437,0.463723,0.972866,-0.107530,-0.156608,-0.269229,0.361651,0.293847,0.215996,1.057200,-1.412490,-1.059414,-2.185087,0.287357,1.581635,2.347626,0.532674,-0.413994,-0.669948,-0.040391,0.747650,0.001160,0.326011
42.879958,1.663286,-0.809943,-1.661648,-1.291573,0.932248,0.185358,0.463530,0.911786,-0.135643,-0.156331,-0.244094,0.364646,0.293903,0.216161,1.057731,-1.412898,-1.060074,-2.185133,0.288108,1.581628,2.347956,0.530628,-0.411495,-0.669646,-0.042102,0.747529,-0.000578,0.327601
42.880936,1.657511,-0.811461,-1.659688,-1.288402,0.926758,0.184474,0.463615,0.845356,-0.173256,-0.170415,-0.213629,0.367378,0.294531,0.216332,1.058257,-1.413311,-1.060744,-2.185175,0.288857,1.581623,2.348284,0.530421,-0.414594,-0.668148,-0.041814,0.745767,-0.002544,0.327405
42.882057,1.654916,-0.810662,-1.653594,-1.285685,0.919897,0.184969,0.463478,0.777784,-0.216108,-0.196143,-0.179976,0.369854,0.295715,0.216493,1.058793,-1.413718,-1.061410,-2.185224,0.289601,1.581622,2.348610,0.531077,-0.412358,-0.666454,-0.044686,0.749025,-0.001707,0.326659
42.882993,1.643524,-0.809728,-1.654940,-1.285974,0.918493,0.182370,0.461599,0.634576,-0.316664,-0.273892,-0.098491,0.374508,0.300251,0.216755,1.059865,-1.414530,-1.062729,-2.185322,0.291113,1.581624,2.349269,0.534056,-0.410777,-0.664164,-0.046554,0.752996,0.000243,0.329635
42.883977,1.635089,-0.810992,-1.647562,-1.284442,0.908625,0.182619,0.463872,0.634576,-0.316664,-0.273892,-0.098491,0.374508,0.300251,0.216755,1.059865,-1.414530,-1.062729,-2.185322,0.291113,1.581624,2.349269,0.534056,-0.410777,-0.664164,-0.046554,0.752996,0.000243,0.329635
42.885050,1.627926,-0.811344,-1.654633,-1.282587,0.905147,0.181968,0.463552,0.554830,-0.375257,-0.322715,-0.049778,0.376676,0.303465,0.216876,1.060408,-1.414932,-1.063395,-2.185372,0.291887,1.581621,2.349583,0.535962,-0.408789,-0.665247,-0.047777,0.760408,-0.000091,0.324488
42.885999,1.618844,-0.819358,-1.649960,-1.281191,0.900725,0.181241,0.465205,0.467477,-0.440336,-0.378022,0.004483,0.378541,0.307224,0.216988,1.060946,-1.415332,-1.064041,-2.185425,0.292659,1.581624,2.349907,0.537683,-0.407623,-0.659738,-0.049306,0.761771,0.000468,0.324691
42.886925,1.617020,-0.818193,-1.646100,-1.277478,0.899571,0.182264,0.465019,0.371927,-0.513647,-0.441525,0.065134,0.379961,0.311645,0.217087,1.061494,-1.415722,-1.064700,-2.185478,0.293421,1.581625,2.350221,0.539721,-0.402255,-0.659378,-0.050262,0.763596,0.001118,0.320799
42.887955,1.615543,-0.823381,-1.643696,-1.275629,0.899034,0.182272,0.465487,0.269260,-0.595519,-0.511981,0.132389,0.381036,0.316749,0.217171,1.062023,-1.416123,-1.065348,-2.185541,0.294181,1.581620,2.350539,0.538215,-0.401346,-0.658552,-0.053320,0.762002,0.000032,0.320630
42.888990,1.613738,-0.827149,-1.638507,-1.272630,0.894551,0.181175,0.466191,0.164639,-0.682514,-0.585444,0.204334,0.381955,0.322456,0.217265,1.062561,-1.416511,-1.066003,-2.185599,0.294933,1.581620,2.350861,0.536915,-0.397719,-0.657493,-0.054678,0.760458,-0.000044,0.319166
42.889988,1.610831,-0.827946,-1.643750,-1.270594,0.893423,0.181571,0.466069,0.063310,-0.771236,-0.658941,0.278381,0.382811,0.328605,0.217384,1.063102,-1.416900,-1.066663,-2.185660,0.295704,1.581625,2.351177,0.535767,-0.394836,-0.657808,-0.057117,0.762743,0.000956,0.317265
42.891056,1.614834,-0.825429,-1.643224,-1.269179,0.890555,0.182393,0.466341,-0.031989,-0.859866,-0.731791,0.352711,0.383555,0.335069,0.217504,1.063630,-1.417294,-1.067303,-2.185722,0.296466,1.581623,2.351493,0.535161,-0.393256,-0.652883,-0.058553,0.761482,0.000477,0.317011
42.891947,1.610369,-0.827198,-1.633766,-1.269158,0.892283,0.182579,0.465952,-0.116720,-0.945184,-0.805314,0.424104,0.383889,0.341745,0.217626,1.064158,-1.417684,-1.067952,-2.185784,0.297224,1.581620,2.351810,0.531378,-0.393635,-0.651202,-0.059417,0.762438,-0.000413,0.315993
42.892933,1.599291,-0.825211,-1.631321,-1.268496,0.897050,0.182519,0.465871,-0.185647,-1.022281,-0.876928,0.488210,0.383659,0.348284,0.217767,1.064696,-1.418073,-1.068602,-2.185841,0.297976,1.581620,2.352127,0.531006,-0.391200,-0.653004,-0.058840,0.757831,-0.000660,0.316180
42.894149,1.597779,-0.827479,-1.623037,-1.266578,0.896995,0.181258,0.465500,-0.240792,-1.089389,-0.941150,0.544317,0.383087,0.354365,0.217905,1.065233,-1.418461,-1.069251,-2.185902,0.298711,1.581621,2.352441,0.534360,-0.391057,-0.651764,-0.058916,0.750904,-0.000683,0.315821
42.894975,1.592722,-0.820533,-1.612549,-1.266352,0.896080,0.180869,0.465014,-0.288533,-1.147526,-0.994082,0.594804,0.382502,0.359946,0.217991,1.065770,-1.418850,-1.069917,-2.185967,0.299454,1.581625,2.352758,0.533856,-0.389543,-0.654572,-0.060357,0.750013,0.000475,0.316215
42.895937,1.585860,-0.820799,-1.608741,-1.264270,0.898520,0.181027,0.465441,-0.330131,-1.195140,-1.031748,0.639661,0.382150,0.364903,0.218011,1.066297,-1.419247,-1.070574,-2.186027,0.300202,1.581624,2.353077,0.533598,-0.391210,-0.656408,-0.059854,0.747796,0.000794,0.316531
42.896977,1.590821,-0.815570,-1.596530,-1.263631,0.899757,0.177751,0.463257,-0.364669,-1.230696,-1.052647,0.677865,0.382134,0.369146,0.217984,1.066833,-1.419632,-1.071231,-2.186091,0.300945,1.581624,2.353390,0.534735,-0.389824,-0.655637,-0.061274,0.742983,0.000557,0.315129
42.898096,1.586691,-0.810789,-1.588793,-1.262813,0.903493,0.176598,0.462694,-0.390595,-1.253977,-1.057597,0.708669,0.382471,0.372660,0.217935,1.067358,-1.420027,-1.071903,-2.186153,0.301667,1.581634,2.353713,0.530361,-0.391416,-0.659375,-0.061338,0.740031,0.003727,0.319036
42.899141,1.582409,-0.805615,-1.578200,-1.263056,0.901571,0.177821,0.462425,-0.403870,-1.262512,-1.045106,0.729632,0.383173,0.375187,0.217881,1.067885,-1.420420,-1.072566,-2.186214,0.302397,1.581638,2.354033,0.530939,-0.393045,-0.661354,-0.061673,0.734892,0.004747,0.319691
42.900180,1.583077,-0.797391,-1.576609,-1.263426,0.900587,0.179627,0.462041,-0.404395,-1.255107,-1.014010,0.739946,0.384296,0.376527,0.217817,1.068416,-1.420818,-1.073237,-2.186274,0.303129,1.581637,2.354356,0.531189,-0.394555,-0.664283,-0.060920,0.735066,0.003424,0.319715
42.901007,1.577657,-0.788642,-1.557068,-1.263515,0.896698,0.179623,0.462201,-0.393261,-1.232617,-0.967144,0.739574,0.385729,0.376699,0.217772,1.068936,-1.421224,-1.073897,-2.186333,0.303858,1.581638,2.354674,0.529050,-0.397485,-0.662769,-0.060057,0.734229,0.001528,0.319990
42.902063,1.572058,-0.780637,-1.549222,-1.264393,0.895767,0.180584,0.460270,-0.369215,-1.194803,-0.907160,0.727295,0.387288,0.375697,0.217779,1.069464,-1.421625,-1.074581,-2.186390,0.304586,1.581638,2.354991,0.528987,-0.399970,-0.668902,-0.059316,0.735231,0.001486,0.319012
42.903069,1.574003,-0.774992,-1.548054,-1.265638,0.896820,0.180551,0.461846,-0.334131,-1.141844,-0.833157,0.703546,0.389020,0.373471,0.217834,1.069998,-1.422036,-1.075259,-2.186445,0.305331,1.581638,2.355322,0.529916,-0.402793,-0.670388,-0.058063,0.734271,0.000432,0.322385
42.904007,1.571982,-0.769319,-1.541862,-1.265691,0.892060,0.181366,0.460992,-0.289974,-1.076219,-0.748350,0.669304,0.390803,0.370134,0.217928,1.070514,-1.422444,-1.075920,-2.186497,0.306056,1.581638,2.355632,0.527019,-0.404262,-0.668463,-0.056454,0.731256,0.000399,0.318676
42.905000,1.572745,-0.763540,-1.542461,-1.264283,0.892023,0.180558,0.461683,-0.235944,-1.001765,-0.660786,0.624932,0.392263,0.365961,0.218053,1.071037,-1.422848,-1.076590,-2.186552,0.306778,1.581638,2.355954,0.525791,-0.405570,-0.668642,-0.055927,0.733805,-0.000497,0.319848
42.905989,1.574983,-0.759043,-1.530978,-1.266918,0.894377,0.180942,0.461533,-0.172747,-0.922572,-0.577085,0.572418,0.393153,0.361333,0.218201,1.071552,-1.423259,-1.077250,-2.186609,0.307509,1.581641,2.356265,0.523477,-0.407042,-0.665793,-0.056845,0.731740,0.000231,0.317936
42.907053,1.571142,-0.762434,-1.515205,-1.266858,0.894481,0.180247,0.462100,-0.100973,-0.841042,-0.500055,0.513351,0.393417,0.356451,0.218360,1.072069,-1.423664,-1.077927,-2.186658,0.308219,1.581640,2.356582,0.520384,-0.407927,-0.668842,-0.053866,0.727476,-0.000238,0.317725
42.908105,1.567228,-0.757763,-1.509059,-1.267175,0.893629,0.180800,0.463019,-0.022392,-0.758417,-0.426236,0.448819,0.393345,0.351130,0.218528,1.072591,-1.424064,-1.078622,-2.186711,0.308942,1.581641,2.356899,0.520634,-0.405159,-0.674203,-0.053632,0.725787,0.000380,0.316109
42.908969,1.564390,-0.753338,-1.497744,-1.269613,0.891012,0.180789,0.462428,0.056419,-0.677925,-0.351636,0.382819,0.393357,0.345354,0.218700,1.073110,-1.424477,-1.079291,-2.186763,0.309672,1.581639,2.357205,0.520876,-0.406292,-0.674917,-0.052989,0.724907,-0.000253,0.313830
42.910044,1.555503,-0.749847,-1.494367,-1.268715,0.893056,0.180460,0.463112,0.131509,-0.601505,-0.276727,0.317743,0.393455,0.339269,0.218881,1.073630,-1.424882,-1.079973,-2.186806,0.310389,1.581640,2.357522,0.519743,-0.406700,-0.677102,-0.050270,0.724931,-0.000308,0.314420
42.911054,1.556932,-0.749546,-1.486537,-1.269974,0.889559,0.180458,0.463944,0.201153,-0.529992,-0.203849,0.254481,0.393450,0.333031,0.219066,1.074159,-1.425292,-1.080643,-2.186856,0.311106,1.581639,2.357824,0.522484,-0.407332,-0.676560,-0.050945,0.721352,-0.000055,0.312625
42.912050,1.559830,-0.746204,-1.490531,-1.268184,0.892535,0.178854,0.463723,0.262696,-0.465689,-0.135967,0.195331,0.393275,0.326942,0.219223,1.074670,-1.425693,-1.081325,-2.186901,0.311834,1.581641,2.358131,0.519919,-0.406230,-0.677807,-0.049495,0.722962,-0.000149,0.310489
42.913035,1.563148,-0.745421,-1.482771,-1.268928,0.892950,0.179223,0.464410,0.318817,-0.409811,-0.077762,0.140355,0.392765,0.321261,0.219342,1.075184,-1.426101,-1.081998,-2.186952,0.312537,1.581644,2.358441,0.516565,-0.406541,-0.673090,-0.050958,0.718151,0.001375,0.310457
42.914047,1.565435,-0.741743,-1.477866,-1.267409,0.893237,0.180685,0.463094,0.375205,-0.362115,-0.033584,0.088071,0.391804,0.316148,0.219431,1.075685,-1.426508,-1.082667,-2.186998,0.313253,1.581643,2.358743,0.513118,-0.405531,-0.674353,-0.049953,0.715804,0.000918,0.308594
42.915051,1.570444,-0.737504,-1.477317,-1.267557,0.889280,0.180391,0.465700,0.500623,-0.284626,0.016394,-0.011679,0.389123,0.307643,0.219559,1.076690,-1.427318,-1.084015,-2.187100,0.314676,1.581641,2.359356,0.506035,-0.406912,-0.671830,-0.050672,0.715928,-0.000384,0.305036
42.916107,1.569147,-0.731597,-1.478021,-1.267294,0.890691,0.179099,0.465613,0.500623,-0.284626,0.016394,-0.011679,0.389123,0.307643,0.219559,1.076690,-1.427318,-1.084015,-2.187100,0.314676,1.581641,2.359356,0.506035,-0.406912,-0.671830,-0.050672,0.715928,-0.000384,0.305036
42.916976,1.562907,-0.730417,-1.482848,-1.266800,0.888162,0.179269,0.465180,0.573044,-0.251050,0.023198,-0.060734,0.387301,0.304223,0.219652,1.077191,-1.427727,-1.084672,-2.187150,0.315387,1.581643,2.359657,0.505239,-0.408715,-0.669330,-0.050666,0.712941,0.000822,0.304856
42.918011,1.558107,-0.733195,-1.485629,-1.266959,0.888099,0.179461,0.464089,0.648312,-0.222105,0.015299,-0.107634,0.384883,0.301482,0.219831,1.077700,-1.428132,-1.085332,-2.187201,0.316091,1.581638,2.359961,0.505987,-0.407482,-0.663693,-0.050719,0.713045,0.000598,0.305160
42.919016,1.550658,-0.728845,-1.481559,-1.267747,0.889807,0.182085,0.465223,0.718371,-0.203158,-0.010858,-0.147941,0.381743,0.299708,0.220107,1.078204,-1.428532,-1.085977,-2.187250,0.316798,1.581638,2.360269,0.506785,-0.404955,-0.660209,-0.050279,0.711490,0.000325,0.306902
42.920010,1.546247,-0.728057,-1.485349,-1.267908,0.895449,0.183816,0.466311,0.822289,-0.201425,-0.110077,-0.199648,0.373596,0.299182,0.220775,1.079229,-1.429335,-1.087289,-2.187343,0.318183,1.581626,2.360869,0.508972,-0.404972,-0.655468,-0.048869,0.700797,-0.004126,0.301512
42.921063,1.547528,-0.733651,-1.478497,-1.265212,0.896594,0.184471,0.465229,0.822289,-0.201425,-0.110077,-0.199648,0.373596,0.299182,0.220775,1.079229,-1.429335,-1.087289,-2.187343,0.318183,1.581626,2.360869,0.508972,-0.404972,-0.655468,-0.048869,0.700797,-0.004126,0.301512
42.922067,1.543398,-0.730799,-1.484531,-1.262586,0.900537,0.182196,0.464251,0.854384,-0.215598,-0.174973,-0.210370,0.368997,0.300422,0.221095,1.079728,-1.429729,-1.087940,-2.187399,0.318876,1.581621,2.361170,0.506827,-0.401138,-0.656851,-0.051190,0.698330,-0.004820,0.303305
42.922975,1.539695,-0.732386,-1.484087,-1.261995,0.898605,0.180934,0.464253,0.882794,-0.271229,-0.325431,-0.198765,0.359933,0.306612,0.221780,1.080744,-1.430518,-1.089221,-2.187508,0.320250,1.581623,2.361781,0.506771,-0.399090,-0.649047,-0.053455,0.692701,-0.001424,0.304226
42.924024,1.539943,-0.731021,-1.483042,-1.260931,0.902587,0.180203,0.465071,0.882794,-0.271229,-0.325431,-0.198765,0.359933,0.306612,0.221780,1.080744,-1.430518,-1.089221,-2.187508,0.320250,1.581623,2.361781,0.506771,-0.399090,-0.649047,-0.053455,0.692701,-0.001424,0.304226
42.924973,1.531643,-0.732971,-1.485940,-1.258768,0.898155,0.179304,0.466682,0.882321,-0.309428,-0.410204,-0.179309,0.355442,0.311360,0.222140,1.081241,-1.430911,-1.089865,-2.187562,0.320923,1.581624,2.362079,0.505166,-0.398786,-0.647554,-0.054156,0.687478,-0.000791,0.302167
42.925981,1.528776,-0.733119,-1.483349,-1.258990,0.899923,0.178917,0.466020,0.874103,-0.351670,-0.498966,-0.153365,0.351004,0.316847,0.222465,1.081754,-1.431306,-1.090503,-2.187620,0.321612,1.581628,2.362368,0.507263,-0.396415,-0.643580,-0.055774,0.690111,0.000013,0.298483
42.927138,1.520930,-0.729363,-1.485736,-1.258865,0.899003,0.179022,0.467061,0.829457,-0.445541,-0.682728,-0.084072,0.342564,0.329255,0.222995,1.082774,-1.432100,-1.091775,-2.187730,0.322978,1.581624,2.362961,0.509672,-0.396394,-0.640210,-0.054931,0.687010,0.000144,0.296992
42.928040,1.517877,-0.728374,-1.479404,-1.257571,0.899646,0.178471,0.467201,0.829457,-0.445541,-0.682728,-0.084072,0.342564,0.329255,0.222995,1.082774,-1.432100,-1.091775,-2.187730,0.322978,1.581624,2.362961,0.509672,-0.396394,-0.640210,-0.054931,0.687010,0.000144,0.296992
42.929077,1.521538,-0.731741,-1.476286,-1.255055,0.897995,0.178417,0.468523,0.793988,-0.491662,-0.771165,-0.044634,0.338763,0.335589,0.223255,1.083284,-1.432495,-1.092417,-2.187787,0.323660,1.581626,2.363252,0.508911,-0.395318,-0.640599,-0.055671,0.684290,0.000619,0.296240
42.929992,1.519641,-0.728217,-1.484035,-1.250971,0.892266,0.177714,0.469247,0.753254,-0.534214,-0.852852,-0.004216,0.335512,0.341794,0.223521,1.083779,-1.432882,-1.093047,-2.187848,0.324356,1.581628,2.363541,0.505565,-0.392642,-0.640222,-0.057661,0.684481,0.000578,0.293193
42.931028,1.520681,-0.733940,-1.485244,-1.250719,0.894292,0.176612,0.467265,0.670826,-0.611744,-1.005616,0.077319,0.330558,0.354469,0.224121,1.084778,-1.433663,-1.094291,-2.187978,0.325728,1.581634,2.364131,0.502376,-0.389056,-0.631405,-0.060576,0.684733,0.002205,0.294880
42.932027,1.517450,-0.731862,-1.477458,-1.249015,0.888100,0.176808,0.469258,0.670826,-0.611744,-1.005616,0.077319,0.330558,0.354469,0.224121,1.084778,-1.433663,-1.094291,-2.187978,0.325728,1.581634,2.364131,0.502376,-0.389056,-0.631405,-0.060576,0.684733,0.002205,0.294880
42.933113,1.510762,-0.731740,-1.470653,-1.248446,0.888877,0.177997,0.469415,0.631869,-0.649631,-1.081542,0.117351,0.328597,0.360944,0.224514,1.085283,-1.434051,-1.094930,-2.188042,0.326423,1.581635,2.364415,0.502238,-0.389024,-0.633100,-0.061628,0.689326,0.001909,0.290427
42.933978,1.499800,-0.730558,-1.457871,-1.247289,0.885761,0.178699,0.470916,0.592859,-0.685355,-1.149880,0.156125,0.327249,0.367022,0.224929,1.085794,-1.434442,-1.095572,-2.188104,0.327106,1.581635,2.364703,0.504124,-0.388218,-0.634704,-0.061677,0.687398,0.000631,0.289815
42.934948,1.495404,-0.728090,-1.450757,-1.247004,0.884603,0.178229,0.468379,0.497132,-0.747814,-1.237942,0.235038,0.327814,0.377119,0.225670,1.086816,-1.435220,-1.096857,-2.188230,0.328481,1.581635,2.365289,0.507390,-0.387215,-0.639210,-0.061719,0.687628,0.000273,0.290972
42.936020,1.484901,-0.720964,-1.442337,-1.245715,0.882157,0.177175,0.468355,0.497132,-0.747814,-1.237942,0.235038,0.327814,0.377119,0.225670,1.086816,-1.435220,-1.096857,-2.188230,0.328481,1.581635,2.365289,0.507390,-0.387215,-0.639210,-0.061719,0.687628,0.000273,0.290972
42.937046,1.479509,-0.717516,-1.428268,-1.246348,0.879015,0.174303,0.467658,0.438308,-0.773199,-1.252164,0.274708,0.329849,0.380884,0.226023,1.087327,-1.435619,-1.097496,-2.188293,0.329176,1.581636,2.365577,0.511132,-0.389814,-0.641584,-0.062450,0.688796,0.001241,0.290620
42.937999,1.476601,-0.710317,-1.423248,-1.243697,0.880631,0.173873,0.466844,0.373798,-0.791941,-1.244177,0.312452,0.332862,0.383591,0.226361,1.087844,-1.436010,-1.098153,-2.188353,0.329861,1.581644,2.365869,0.511992,-0.390456,-0.646337,-0.061258,0.690515,0.004003,0.291627
42.939032,1.473783,-0.707829,-1.411022,-1.242364,0.875472,0.172402,0.466353,0.307125,-0.802265,-1.213517,0.346210,0.336690,0.385106,0.226652,1.088361,-1.436408,-1.098802,-2.188419,0.330547,1.581649,2.366165,0.511323,-0.392673,-0.646194,-0.063203,0.687022,0.004307,0.292792
42.940010,1.471199,-0.703554,-1.402242,-1.239651,0.873040,0.172619,0.465049,0.242824,-0.804161,-1.163304,0.374926,0.341148,0.385546,0.226895,1.088865,-1.436805,-1.099455,-2.188484,0.331244,1.581657,2.366464,0.511107,-0.392790,-0.650123,-0.063878,0.690740,0.005656,0.293344
42.941098,1.465554,-0.702810,-1.391582,-1.240402,0.873277,0.172931,0.465915,0.183125,-0.798845,-1.096565,0.398947,0.346152,0.385057,0.227116,1.089378,-1.437196,-1.100118,-2.188555,0.331932,1.581662,2.366763,0.510430,-0.393703,-0.651855,-0.065769,0.691429,0.005322,0.295505
42.942007,1.460007,-0.704535,-1.382479,-1.236937,0.872297,0.173744,0.464086,0.128325,-0.788124,-1.015731,0.418885,0.351681,0.383685,0.227338,1.089896,-1.437589,-1.100777,-2.188615,0.332621,1.581665,2.367052,0.511721,-0.393193,-0.655202,-0.064507,0.690031,0.004903,0.293392
42.942967,1.449501,-0.705284,-1.373132,-1.238673,0.870583,0.174490,0.462652,0.022781,-0.766129,-0.825695,0.454920,0.364429,0.378858,0.227785,1.090931,-1.438357,-1.102110,-2.188747,0.333988,1.581672,2.367661,0.515356,-0.389345,-0.658578,-0.064698,0.688930,0.003151,0.298928
42.944023,1.440006,-0.701523,-1.368737,-1.240251,0.872468,0.175684,0.462169,0.022781,-0.766129,-0.825695,0.454920,0.364429,0.378858,0.227785,1.090931,-1.438357,-1.102110,-2.188747,0.333988,1.581672,2.367661,0.515356,-0.389345,-0.658578,-0.064698,0.688930,0.003151,0.298928
42.944982,1.437135,-0.702376,-1.363690,-1.239806,0.877136,0.178258,0.460564,-0.034360,-0.762000,-0.724760,0.473949,0.371418,0.375559,0.228015,1.091451,-1.438749,-1.102765,-2.188805,0.334671,1.581672,2.367958,0.518398,-0.390288,-0.658643,-0.062673,0.685764,0.001875,0.299480
42.946036,1.433155,-0.702355,-1.355298,-1.240912,0.874566,0.179146,0.461310,-0.093934,-0.762922,-0.625126,0.492063,0.378403,0.371640,0.228240,1.091971,-1.439129,-1.103433,-2.188868,0.335338,1.581668,2.368265,0.517670,-0.388660,-0.658359,-0.062479,0.679459,-0.000762,0.302201
42.946989,1.425657,-0.697883,-1.337917,-1.239651,0.875377,0.181387,0.460455,-0.152036,-0.768126,-0.530058,0.507764,0.385179,0.367241,0.228426,1.092493,-1.439515,-1.104102,-2.188924,0.336018,1.581664,2.368560,0.517913,-0.387781,-0.660271,-0.060944,0.680876,-0.001692,0.300275
42.948112,1.427458,-0.696232,-1.328308,-1.240255,0.875649,0.181137,0.460592,-0.206485,-0.775104,-0.437657,0.520165,0.391774,0.362378,0.228524,1.093012,-1.439899,-1.104777,-2.188986,0.336698,1.581656,2.368868,0.519534,-0.388798,-0.666087,-0.061586,0.678264,-0.003973,0.301498
42.949115,1.420773,-0.692245,-1.317667,-1.239141,0.876598,0.180333,0.460703,-0.255735,-0.779680,-0.343112,0.528537,0.398326,0.357031,0.228539,1.093527,-1.440287,-1.105455,-2.189045,0.337367,1.581654,2.369171,0.517230,-0.388931,-0.668835,-0.060545,0.677245,-0.003771,0.300834
42.949946,1.415575,-0.694194,-1.313904,-1.240703,0.872474,0.177833,0.460117,-0.297315,-0.778988,-0.245333,0.531852,0.404767,0.351286,0.228509,1.094044,-1.440678,-1.106125,-2.189105,0.338040,1.581654,2.369467,0.518706,-0.389795,-0.671563,-0.061122,0.674844,-0.003039,0.300179
42.951037,1.410820,-0.695977,-1.305809,-1.241911,0.876170,0.176329,0.460382,-0.360215,-0.768747,-0.059378,0.524820,0.415856,0.339346,0.228405,1.095090,-1.441442,-1.107479,-2.189214,0.339372,1.581658,2.370072,0.519365,-0.385538,-0.671685,-0.057416,0.672082,0.000796,0.299841
42.951971,1.403469,-0.696657,-1.307676,-1.241272,0.877762,0.175752,0.458923,-0.385332,-0.765729,0.017442,0.516571,0.419813,0.333465,0.228345,1.095608,-1.441826,-1.108139,-2.189273,0.340038,1.581661,2.370380,0.520837,-0.383891,-0.667855,-0.057466,0.668783,0.001272,0.302263
42.952956,1.402096,-0.698051,-1.298042,-1.240589,0.880818,0.176452,0.458441,-0.385332,-0.765729,0.017442,0.516571,0.419813,0.333465,0.228345,1.095608,-1.441826,-1.108139,-2.189273,0.340038,1.581661,2.370380,0.520837,-0.383891,-0.667855,-0.057466,0.668783,0.001272,0.302263
42.954127,1.405449,-0.696794,-1.292032,-1.240252,0.879601,0.176440,0.458093,-0.409122,-0.767064,0.078658,0.508399,0.422601,0.328069,0.228309,1.096127,-1.442200,-1.108813,-2.189329,0.340685,1.581657,2.370683,0.519492,-0.382194,-0.669991,-0.057688,0.664448,0.000509,0.302734
42.954929,1.400764,-0.694774,-1.294483,-1.240910,0.879477,0.178108,0.456483,-0.428969,-0.770441,0.125956,0.500241,0.424302,0.323238,0.228306,1.096633,-1.442586,-1.109481,-2.189388,0.341349,1.581655,2.370982,0.516744,-0.382352,-0.671334,-0.057653,0.665254,0.000446,0.303110
42.955942,1.410455,-0.693641,-1.290554,-1.240059,0.881741,0.177417,0.456822,-0.440293,-0.772429,0.160291,0.490042,0.424831,0.318928,0.228341,1.097147,-1.442963,-1.110137,-2.189440,0.342002,1.581651,2.371291,0.516381,-0.381676,-0.666539,-0.056427,0.663062,-0.001276,0.305718
42.956935,1.417141,-0.696854,-1.302578,-1.238326,0.880058,0.178124,0.457123,-0.438550,-0.771677,0.178431,0.475826,0.423958,0.315231,0.228428,1.097651,-1.443342,-1.110806,-2.189497,0.342661,1.581649,2.371596,0.509771,-0.381277,-0.666019,-0.056826,0.659545,-0.000626,0.304543
42.958062,1.417331,-0.693330,-1.300349,-1.238652,0.878720,0.178598,0.456881,-0.417786,-0.768035,0.176052,0.455942,0.421538,0.312341,0.228571,1.098145,-1.443715,-1.111445,-2.189558,0.343326,1.581643,2.371893,0.504772,-0.378693,-0.657669,-0.057985,0.659861,-0.001391,0.303495
42.958973,1.418791,-0.690122,-1.304426,-1.239834,0.875905,0.180154,0.456376,-0.317811,-0.754879,0.102153,0.400905,0.412163,0.309624,0.228951,1.099146,-1.444474,-1.112741,-2.189664,0.344655,1.581630,2.372506,0.500694,-0.380185,-0.652300,-0.055707,0.661491,-0.003508,0.304083
42.959998,1.419808,-0.690107,-1.302778,-1.238948,0.876819,0.180640,0.455817,-0.317811,-0.754879,0.102153,0.400905,0.412163,0.309624,0.228951,1.099146,-1.444474,-1.112741,-2.189664,0.344655,1.581630,2.372506,0.500694,-0.380185,-0.652300,-0.055707,0.661491,-0.003508,0.304083
42.960944,1.421371,-0.694218,-1.303037,-1.240164,0.871108,0.181185,0.456830,-0.244590,-0.743814,0.037170,0.366888,0.405655,0.309622,0.229133,1.099637,-1.444848,-1.113389,-2.189722,0.345320,1.581625,2.372811,0.498687,-0.379328,-0.650952,-0.056141,0.659313,-0.004030,0.304752
42.962014,1.420979,-0.690891,-1.306191,-1.239372,0.869012,0.178475,0.455064,-0.160623,-0.731162,-0.041871,0.330487,0.398389,0.310487,0.229273,1.100129,-1.445218,-1.114035,-2.189772,0.345981,1.581617,2.373108,0.496050,-0.376158,-0.648209,-0.054518,0.663474,-0.004599,0.302215
42.962961,1.421889,-0.685508,-1.300758,-1.238966,0.868232,0.175930,0.456249,0.026032,-0.706007,-0.229872,0.255548,0.382508,0.314574,0.229370,1.101106,-1.445983,-1.115313,-2.189884,0.347307,1.581625,2.373719,0.492720,-0.378513,-0.645011,-0.054837,0.663697,0.000478,0.302441
42.964055,1.430925,-0.684757,-1.307642,-1.236876,0.867488,0.174526,0.455419,0.127167,-0.690298,-0.329899,0.217303,0.374259,0.317527,0.229335,1.101584,-1.446363,-1.115944,-2.189945,0.347968,1.581628,2.374021,0.487124,-0.378181,-0.639886,-0.056448,0.663606,0.001767,0.303756
42.965009,1.436931,-0.685264,-1.314099,-1.235047,0.862819,0.173362,0.456211,0.127167,-0.690298,-0.329899,0.217303,0.374259,0.317527,0.229335,1.101584,-1.446363,-1.115944,-2.189945,0.347968,1.581628,2.374021,0.487124,-0.378181,-0.639886,-0.056448,0.663606,0.001767,0.303756
42.965940,1.439801,-0.679908,-1.311166,-1.235137,0.863744,0.173213,0.456834,0.236577,-0.672621,-0.434095,0.178228,0.365811,0.321094,0.229277,1.102053,-1.446742,-1.116564,-2.190004,0.348641,1.581633,2.374317,0.482590,-0.376749,-0.634400,-0.057711,0.666622,0.002829,0.301669
42.966964,1.443894,-0.677450,-1.311939,-1.236468,0.862930,0.173848,0.455707,0.355089,-0.654352,-0.543724,0.138325,0.357119,0.325215,0.229243,1.102529,-1.447121,-1.117194,-2.190060,0.349295,1.581637,2.374617,0.479444,-0.378205,-0.633408,-0.057080,0.664017,0.002868,0.299925
42.967960,1.440929,-0.672687,-1.315769,-1.236585,0.862562,0.173821,0.456510,0.482124,-0.633832,-0.654029,0.096321,0.348358,0.329444,0.229282,1.102994,-1.447504,-1.117814,-2.190112,0.349962,1.581637,2.374918,0.476215,-0.378444,-0.631141,-0.055387,0.663594,0.002149,0.301780
42.968942,1.435305,-0.667331,-1.312075,-1.234548,0.862408,0.175245,0.456530,0.614828,-0.610361,-0.761218,0.051780,0.339698,0.333461,0.229418,1.103468,-1.447883,-1.118431,-2.190167,0.350629,1.581636,2.375214,0.476305,-0.379816,-0.627221,-0.054847,0.662540,0.002107,0.299696
42.969923,1.429966,-0.668730,-1.316228,-1.233667,0.859978,0.174787,0.456954,0.745213,-0.585903,-0.863114,0.008196,0.331419,0.337359,0.229622,1.103950,-1.448268,-1.119060,-2.190224,0.351288,1.581633,2.375512,0.477553,-0.381353,-0.626891,-0.056393,0.661287,0.000610,0.299215
42.971050,1.432918,-0.666319,-1.317901,-1.233827,0.865026,0.174689,0.456800,0.863276,-0.564073,-0.957825,-0.028934,0.323925,0.341410,0.229842,1.104423,-1.448645,-1.119670,-2.190282,0.351958,1.581635,2.375804,0.478759,-0.379572,-0.622796,-0.056750,0.662226,0.000999,0.297928
42.971958,1.431512,-0.660355,-1.311569,-1.230994,0.861500,0.174028,0.458099,0.964928,-0.547979,-1.046016,-0.057642,0.317351,0.345711,0.230034,1.104894,-1.449024,-1.120288,-2.190338,0.352601,1.581637,2.376103,0.476427,-0.380240,-0.620684,-0.056231,0.656635,0.000997,0.297895
42.972957,1.434447,-0.654858,-1.314552,-1.228898,0.864290,0.173998,0.460216,1.052801,-0.536237,-1.126126,-0.079925,0.311702,0.350085,0.230171,1.105366,-1.449410,-1.120902,-2.190402,0.353262,1.581638,2.376389,0.475365,-0.381820,-0.621449,-0.058365,0.658425,0.001588,0.294805
42.974061,1.434780,-0.650736,-1.302094,-1.228441,0.865933,0.172815,0.459690,1.130285,-0.525565,-1.195143,-0.097614,0.307026,0.354417,0.230246,1.105831,-1.449791,-1.121516,-2.190466,0.353904,1.581639,2.376672,0.472592,-0.383524,-0.617976,-0.059805,0.654426,0.001526,0.290172
42.975050,1.433357,-0.646166,-1.296162,-1.226159,0.865974,0.171489,0.459586,1.199918,-0.513239,-1.250314,-0.112388,0.303361,0.358547,0.230291,1.106303,-1.450178,-1.122149,-2.190526,0.354554,1.581643,2.376962,0.471512,-0.384855,-0.622696,-0.059790,0.652130,0.002611,0.290946
42.975978,1.422753,-0.645593,-1.284870,-1.226016,0.864771,0.170369,0.458895,1.261987,-0.496874,-1.286510,-0.125520,0.300858,0.362108,0.230341,1.106768,-1.450566,-1.122769,-2.190590,0.355208,1.581649,2.377251,0.470878,-0.385979,-0.623555,-0.061420,0.650787,0.003828,0.290732
42.977064,1.416611,-0.647212,-1.278520,-1.226593,0.864935,0.168734,0.459881,1.311759,-0.477523,-1.300937,-0.135503,0.299631,0.364887,0.230410,1.107251,-1.450946,-1.123402,-2.190650,0.355848,1.581654,2.377545,0.474402,-0.384960,-0.626674,-0.060930,0.650495,0.004841,0.291645
42.978031,1.404160,-0.642624,-1.267420,-1.226453,0.866017,0.170380,0.460541,1.342642,-0.459424,-1.295082,-0.140062,0.299585,0.366775,0.230478,1.107731,-1.451326,-1.124034,-2.190707,0.356495,1.581664,2.377830,0.475593,-0.382811,-0.627188,-0.059777,0.648629,0.006352,0.289125
42.978949,1.387286,-0.640865,-1.256807,-1.229363,0.871130,0.170995,0.459326,1.350901,-0.445799,-1.271692,-0.138344,0.300509,0.367680,0.230507,1.108214,-1.451705,-1.124664,-2.190767,0.357135,1.581664,2.378112,0.479446,-0.383373,-0.629495,-0.059210,0.645279,0.004617,0.287213
42.979987,1.384266,-0.638352,-1.246266,-1.227156,0.871377,0.173311,0.458174,1.333604,-0.437897,-1.232418,-0.129864,0.302227,0.367574,0.230457,1.108708,-1.452088,-1.125300,-2.190817,0.357748,1.581668,2.378404,0.485179,-0.382295,-0.631234,-0.055738,0.637923,0.003933,0.289019
42.981013,1.374109,-0.635322,-1.234262,-1.226822,0.874437,0.174004,0.459017,1.290457,-0.435857,-1.178563,-0.114840,0.304629,0.366495,0.230315,1.109188,-1.452474,-1.125935,-2.190877,0.358377,1.581665,2.378696,0.484496,-0.381930,-0.633499,-0.057302,0.635883,0.001556,0.290728
42.982091,1.372064,-0.633793,-1.220742,-1.223866,0.877326,0.175686,0.458633,1.226032,-0.438351,-1.111764,-0.094277,0.307692,0.364642,0.230091,1.109682,-1.452855,-1.126581,-2.190936,0.358990,1.581666,2.378982,0.487271,-0.381833,-0.636301,-0.056976,0.631055,0.000807,0.288424
42.983056,1.366895,-0.628346,-1.214586,-1.221955,0.878780,0.175245,0.459011,1.053554,-0.449517,-0.943364,-0.039453,0.316140,0.359577,0.229496,1.110656,-1.453626,-1.127871,-2.191062,0.360224,1.581664,2.379552,0.486313,-0.381988,-0.639697,-0.060311,0.623129,-0.000532,0.287289
42.984030,1.356782,-0.623397,-1.208951,-1.218103,0.877152,0.173089,0.457100,1.053554,-0.449517,-0.943364,-0.039453,0.316140,0.359577,0.229496,1.110656,-1.453626,-1.127871,-2.191062,0.360224,1.581664,2.379552,0.486313,-0.381988,-0.639697,-0.060311,0.623129,-0.000532,0.287289
42.985001,1.351862,-0.617504,-1.193550,-1.220459,0.877644,0.172570,0.457840,0.954255,-0.456291,-0.849207,-0.006265,0.321342,0.356942,0.229192,1.111152,-1.454008,-1.128513,-2.191130,0.360835,1.581670,2.379851,0.488860,-0.382688,-0.639125,-0.063282,0.622859,0.001546,0.290502
42.986037,1.339365,-0.615377,-1.193450,-1.219087,0.878537,0.173452,0.457606,0.849354,-0.462790,-0.753236,0.029580,0.326903,0.354311,0.228920,1.111639,-1.454394,-1.129159,-2.191185,0.361448,1.581675,2.380132,0.488842,-0.383816,-0.643439,-0.060244,0.620374,0.001957,0.288378
42.986979,1.326557,-0.620430,-1.181416,-1.220129,0.876847,0.174800,0.457448,0.628822,-0.473524,-0.564052,0.102220,0.338454,0.348163,0.228491,1.112654,-1.455139,-1.130452,-2.191302,0.362666,1.581674,2.380709,0.496282,-0.379072,-0.642751,-0.059241,0.617480,-0.000402,0.287964
42.988028,1.314947,-0.618331,-1.165620,-1.220148,0.873035,0.175750,0.457906,0.628822,-0.473524,-0.564052,0.102220,0.338454,0.348163,0.228491,1.112654,-1.455139,-1.130452,-2.191302,0.362666,1.581674,2.380709,0.496282,-0.379072,-0.642751,-0.059241,0.617480,-0.000402,0.287964
42.989066,1.298504,-0.621643,-1.152255,-1.219042,0.872135,0.177864,0.457140,0.373871,-0.499340,-0.389274,0.186814,0.351381,0.341168,0.228117,1.113676,-1.455886,-1.131766,-2.191420,0.363900,1.581663,2.381282,0.505368,-0.375552,-0.650832,-0.059057,0.618784,-0.003533,0.287452
42.990030,1.297096,-0.623236,-1.138538,-1.218357,0.868790,0.178008,0.459650,0.373871,-0.499340,-0.389274,0.186814,0.351381,0.341168,0.228117,1.113676,-1.455886,-1.131766,-2.191420,0.363900,1.581663,2.381282,0.505368,-0.375552,-0.650832,-0.059057,0.618784,-0.003533,0.287452
42.990992,1.292532,-0.625451,-1.132958,-1.214781,0.867068,0.175421,0.458717,0.084478,-0.540452,-0.216737,0.288267,0.366977,0.333997,0.227769,1.114684,-1.456617,-1.133077,-2.191546,0.365142,1.581658,2.381841,0.502930,-0.370445,-0.653259,-0.061718,0.619678,-0.001133,0.283128
42.992042,1.284492,-0.627726,-1.128020,-1.213492,0.861365,0.175028,0.459167,0.084478,-0.540452,-0.216737,0.288267,0.366977,0.333997,0.227769,1.114684,-1.456617,-1.133077,-2.191546,0.365142,1.581658,2.381841,0.502930,-0.370445,-0.653259,-0.061718,0.619678,-0.001133,0.283128
42.992973,1.283587,-0.623665,-1.123935,-1.213142,0.862902,0.175837,0.460025,-0.057358,-0.565843,-0.140199,0.341265,0.375076,0.330963,0.227624,1.115191,-1.456980,-1.133734,-2.191611,0.365762,1.581659,2.382121,0.504560,-0.367978,-0.652508,-0.062209,0.623717,-0.000832,0.281659
42.994137,1.284733,-0.622000,-1.118034,-1.212947,0.861316,0.175961,0.461059,-0.191139,-0.594338,-0.077087,0.393737,0.382697,0.328594,0.227487,1.115688,-1.457352,-1.134381,-2.191670,0.366375,1.581658,2.382392,0.502270,-0.368264,-0.650903,-0.061813,0.619965,-0.001706,0.279364
42.995000,1.273271,-0.617113,-1.110208,-1.212235,0.858493,0.174955,0.462149,-0.404946,-0.644104,0.007817,0.479575,0.394867,0.325213,0.227260,1.116697,-1.458088,-1.135692,-2.191791,0.367611,1.581657,2.382934,0.502471,-0.368574,-0.651050,-0.061299,0.620735,-0.000921,0.274062
42.996074,1.273562,-0.606819,-1.106664,-1.211513,0.853575,0.175716,0.461421,-0.404946,-0.644104,0.007817,0.479575,0.394867,0.325213,0.227260,1.116697,-1.458088,-1.135692,-2.191791,0.367611,1.581657,2.382934,0.502471,-0.368574,-0.651050,-0.061299,0.620735,-0.000921,0.274062
42.996914,1.265999,-0.604191,-1.105699,-1.209635,0.849786,0.175669,0.462441,-0.481871,-0.659628,0.034093,0.510042,0.399185,0.323919,0.227219,1.117190,-1.458463,-1.136332,-2.191850,0.368239,1.581653,2.383208,0.500113,-0.372350,-0.649894,-0.061393,0.623998,-0.001742,0.275051
42.997935,1.263943,-0.604419,-1.105385,-1.207805,0.849149,0.175731,0.461660,-0.539197,-0.667139,0.050218,0.532366,0.402215,0.322966,0.227246,1.117695,-1.458836,-1.136974,-2.191915,0.368860,1.581651,2.383482,0.500811,-0.371577,-0.646385,-0.062331,0.625153,-0.001726,0.272344
42.999015,1.265856,-0.602505,-1.104303,-1.206298,0.846267,0.176137,0.462918,-0.579262,-0.670184,0.052905,0.549004,0.404005,0.322661,0.227331,1.118187,-1.459206,-1.137605,-2.191980,0.369480,1.581650,2.383758,0.499482,-0.369968,-0.643501,-0.063364,0.623942,-0.001845,0.273402
43.000124,1.270553,-0.608875,-1.101570,-1.205098,0.839229,0.177240,0.463556,-0.603768,-0.672570,0.040005,0.562043,0.404755,0.323199,0.227460,1.118679,-1.459571,-1.138242,-2.192046,0.370102,1.581647,2.384018,0.496382,-0.369676,-0.641201,-0.064076,0.625244,-0.002301,0.270399
43.000996,1.269064,-0.605410,-1.101952,-1.204250,0.838318,0.175658,0.463098,-0.610230,-0.675167,0.011863,0.570596,0.404648,0.324495,0.227620,1.119164,-1.459928,-1.138882,-2.192113,0.370740,1.581645,2.384284,0.492086,-0.365366,-0.639818,-0.064483,0.630693,-0.003463,0.268684
43.002061,1.271270,-0.607562,-1.102194,-1.202954,0.835542,0.173164,0.462973,-0.597101,-0.678879,-0.030957,0.573635,0.403823,0.326398,0.227791,1.119646,-1.460297,-1.139506,-2.192176,0.371371,1.581644,2.384549,0.490119,-0.365229,-0.635979,-0.064449,0.628963,-0.001903,0.269040
43.003099,1.266097,-0.606162,-1.093733,-1.201247,0.833303,0.172802,0.461211,-0.519431,-0.692194,-0.155527,0.564345,0.400616,0.331557,0.228184,1.120620,-1.461021,-1.140768,-2.192309,0.372630,1.581650,2.385090,0.487301,-0.362244,-0.634337,-0.065802,0.630413,0.000778,0.271837
43.004053,1.264746,-0.602614,-1.090388,-1.201766,0.827106,0.173193,0.461785,-0.519431,-0.692194,-0.155527,0.564345,0.400616,0.331557,0.228184,1.120620,-1.461021,-1.140768,-2.192309,0.372630,1.581650,2.385090,0.487301,-0.362244,-0.634337,-0.065802,0.630413,0.000778,0.271837
43.004990,1.260098,-0.591593,-1.093444,-1.200319,0.826667,0.172412,0.460932,-0.464268,-0.700844,-0.227297,0.554881,0.398794,0.334443,0.228416,1.121097,-1.461382,-1.141397,-2.192372,0.373263,1.581648,2.385357,0.485567,-0.362453,-0.632664,-0.064453,0.634399,0.000331,0.270104
43.005988,1.254322,-0.587378,-1.092858,-1.199958,0.827499,0.172057,0.460856,-0.401965,-0.707945,-0.300386,0.542035,0.396753,0.337311,0.228643,1.121580,-1.461754,-1.142017,-2.192438,0.373892,1.581650,2.385631,0.485396,-0.366238,-0.627821,-0.065017,0.632498,0.001054,0.271254
43.007058,1.256148,-0.583671,-1.090171,-1.198605,0.826874,0.173377,0.460100,-0.264972,-0.714402,-0.451186,0.507865,0.390969,0.343327,0.228999,1.122537,-1.462488,-1.143254,-2.192571,0.375144,1.581651,2.386176,0.483089,-0.367332,-0.623824,-0.065055,0.628631,-0.000061,0.271881
43.008138,1.260549,-0.576097,-1.084118,-1.196948,0.826756,0.173295,0.459394,-0.264972,-0.714402,-0.451186,0.507865,0.390969,0.343327,0.228999,1.122537,-1.462488,-1.143254,-2.192571,0.375144,1.581651,2.386176,0.483089,-0.367332,-0.623824,-0.065055,0.628631,-0.000061,0.271881
43.008972,1.257750,-0.568278,-1.082991,-1.194438,0.829800,0.172997,0.458834,-0.190803,-0.712342,-0.524413,0.486719,0.387176,0.346392,0.229161,1.123011,-1.462862,-1.143882,-2.192638,0.375767,1.581651,2.386452,0.478979,-0.369779,-0.624134,-0.065910,0.627144,-0.000031,0.272786
43.009977,1.261695,-0.566627,-1.077226,-1.192937,0.830533,0.171650,0.458124,-0.109704,-0.703762,-0.591682,0.461612,0.382844,0.349366,0.229356,1.123481,-1.463234,-1.144491,-2.192709,0.376385,1.581652,2.386726,0.477683,-0.371624,-0.621057,-0.067342,0.621449,0.000214,0.273262
43.011029,1.268059,-0.570779,-1.082426,-1.191787,0.832722,0.170213,0.457268,0.069763,-0.672350,-0.709093,0.402580,0.372961,0.355158,0.229823,1.124404,-1.463969,-1.145708,-2.192845,0.377603,1.581661,2.387278,0.468615,-0.367454,-0.615846,-0.068228,0.615176,0.002827,0.275328
43.011949,1.261366,-0.572517,-1.080313,-1.190797,0.833360,0.168938,0.456567,0.069763,-0.672350,-0.709093,0.402580,0.372961,0.355158,0.229823,1.124404,-1.463969,-1.145708,-2.192845,0.377603,1.581661,2.387278,0.468615,-0.367454,-0.615846,-0.068228,0.615176,0.002827,0.275328
43.013118,1.261689,-0.573714,-1.080483,-1.190625,0.836514,0.170093,0.455665,0.165499,-0.658330,-0.766496,0.370198,0.367480,0.357984,0.230110,1.124874,-1.464327,-1.146317,-2.192913,0.378203,1.581665,2.387559,0.469596,-0.364952,-0.613697,-0.068250,0.612482,0.004021,0.276110
43.014025,1.258135,-0.565722,-1.075976,-1.190316,0.839486,0.172083,0.456316,0.257622,-0.651570,-0.826279,0.339282,0.361830,0.360781,0.230440,1.125342,-1.464689,-1.146927,-2.192978,0.378803,1.581666,2.387840,0.467883,-0.363394,-0.611487,-0.067722,0.608326,0.002766,0.277438
43.015063,1.253001,-0.566958,-1.067293,-1.189350,0.841042,0.173663,0.455768,0.420455,-0.653273,-0.939869,0.283616,0.351095,0.365717,0.231063,1.126272,-1.465416,-1.148148,-2.193110,0.379988,1.581664,2.388388,0.467902,-0.363661,-0.612101,-0.067256,0.600278,-0.000912,0.276108
43.016125,1.254560,-0.564386,-1.057094,-1.188796,0.839900,0.172732,0.455413,0.420455,-0.653273,-0.939869,0.283616,0.351095,0.365717,0.231063,1.126272,-1.465416,-1.148148,-2.193110,0.379988,1.581664,2.388388,0.467902,-0.363661,-0.612101,-0.067256,0.600278,-0.000912,0.276108
43.016998,1.256798,-0.559468,-1.047118,-1.189533,0.839645,0.173069,0.455169,0.488539,-0.656268,-0.982960,0.258897,0.346769,0.367483,0.231294,1.126728,-1.465780,-1.148758,-2.193178,0.380585,1.581666,2.388663,0.465335,-0.363668,-0.614597,-0.066957,0.600024,-0.000034,0.276302
43.018011,1.255529,-0.554729,-1.037059,-1.186889,0.836377,0.172876,0.454925,0.551546,-0.656343,-1.010683,0.233312,0.343438,0.368341,0.231497,1.127187,-1.466142,-1.149380,-2.193240,0.381172,1.581666,2.388942,0.461756,-0.364315,-0.615992,-0.065368,0.598134,-0.000437,0.276152
43.019044,1.256675,-0.551789,-1.028839,-1.186024,0.834546,0.170582,0.455745,0.678011,-0.636099,-1.014600,0.171186,0.339617,0.366894,0.231802,1.128095,-1.466877,-1.150622,-2.193377,0.382376,1.581674,2.389486,0.458088,-0.365242,-0.619305,-0.067094,0.599981,0.001904,0.273928
43.020044,1.256337,-0.551236,-1.021193,-1.185513,0.832610,0.168821,0.453948,0.678011,-0.636099,-1.014600,0.171186,0.339617,0.366894,0.231802,1.128095,-1.466877,-1.150622,-2.193377,0.382376,1.581674,2.389486,0.458088,-0.365242,-0.619305,-0.067094,0.599981,0.001904,0.273928
43.021053,1.254496,-0.551066,-1.012393,-1.185206,0.831653,0.169181,0.454699,0.740621,-0.616500,-0.992979,0.136385,0.338977,0.364820,0.231831,1.128551,-1.467238,-1.151245,-2.193443,0.382966,1.581683,2.389770,0.456293,-0.364068,-0.620085,-0.066762,0.600299,0.003546,0.276991
43.021970,1.250686,-0.546397,-1.000629,-1.184389,0.832869,0.170635,0.454285,0.801460,-0.593304,-0.959408,0.100179,0.338939,0.361902,0.231789,1.129007,-1.467599,-1.151865,-2.193507,0.383564,1.581684,2.390036,0.455285,-0.362727,-0.621533,-0.066264,0.599584,0.003093,0.274930
43.022949,1.244453,-0.547471,-0.992122,-1.184273,0.834593,0.171494,0.453530,0.907470,-0.541546,-0.861239,0.030597,0.340544,0.353988,0.231600,1.129915,-1.468319,-1.153132,-2.193637,0.384739,1.581682,2.390591,0.456064,-0.361364,-0.624878,-0.065462,0.592988,0.000672,0.276127
43.024139,1.239494,-0.546336,-0.983533,-1.183739,0.832564,0.171347,0.453323,0.945341,-0.515936,-0.798768,0.001706,0.342209,0.349370,0.231465,1.130371,-1.468681,-1.153756,-2.193703,0.385334,1.581683,2.390865,0.457233,-0.361043,-0.626968,-0.065292,0.594209,0.000752,0.276089
43.024980,1.228025,-0.554221,-0.982403,-1.182862,0.835392,0.171744,0.451774,0.945341,-0.515936,-0.798768,0.001706,0.342209,0.349370,0.231465,1.130371,-1.468681,-1.153756,-2.193703,0.385334,1.581683,2.390865,0.457233,-0.361043,-0.626968,-0.065292,0.594209,0.000752,0.276089
43.025997,1.226407,-0.556754,-0.977043,-1.179911,0.834651,0.171369,0.452368,0.967018,-0.495432,-0.732517,-0.019509,0.344379,0.344708,0.231296,1.130841,-1.469022,-1.154379,-2.193768,0.385908,1.581682,2.391150,0.460297,-0.355386,-0.623740,-0.065226,0.589178,0.000304,0.278538
43.027031,1.219202,-0.557271,-0.972335,-1.179400,0.839237,0.171082,0.451645,0.952821,-0.488253,-0.614747,-0.028314,0.349985,0.337087,0.230876,1.131762,-1.469718,-1.155628,-2.193903,0.387071,1.581681,2.391699,0.460816,-0.351481,-0.622921,-0.066944,0.582475,0.000856,0.277713
43.028040,1.215231,-0.552056,-0.962015,-1.179077,0.839450,0.171725,0.452056,0.952821,-0.488253,-0.614747,-0.028314,0.349985,0.337087,0.230876,1.131762,-1.469718,-1.155628,-2.193903,0.387071,1.581681,2.391699,0.460816,-0.351481,-0.622921,-0.066944,0.582475,0.000856,0.277713
43.029090,1.217991,-0.549852,-0.951049,-1.178889,0.838762,0.173967,0.451308,0.922867,-0.498038,-0.564860,-0.018425,0.353302,0.334219,0.230636,1.132222,-1.470073,-1.156259,-2.193967,0.387641,1.581679,2.391977,0.460798,-0.352771,-0.625014,-0.066470,0.580925,0.000153,0.276315
43.030002,1.206921,-0.542870,-0.941325,-1.178797,0.840767,0.173741,0.450279,0.886656,-0.507899,-0.515758,-0.005399,0.356814,0.331513,0.230394,1.132668,-1.470429,-1.156886,-2.194033,0.388223,1.581674,2.392254,0.457705,-0.352617,-0.627634,-0.065853,0.580294,-0.002136,0.277303
43.030953,1.203260,-0.535918,-0.935634,-1.179356,0.838161,0.173684,0.449792,0.814019,-0.509007,-0.409449,0.016035,0.363989,0.325701,0.230040,1.133599,-1.471143,-1.158156,-2.194157,0.389371,1.581668,2.392818,0.460456,-0.356424,-0.628343,-0.063770,0.577411,-0.001910,0.279104
43.032105,1.196800,-0.534460,-0.930635,-1.178376,0.836966,0.173046,0.448682,0.814019,-0.509007,-0.409449,0.016035,0.363989,0.325701,0.230040,1.133599,-1.471143,-1.158156,-2.194157,0.389371,1.581668,2.392818,0.460456,-0.356424,-0.628343,-0.063770,0.577411,-0.001910,0.279104
43.033031,1.192680,-0.531441,-0.922004,-1.176846,0.835490,0.172164,0.448611,0.777373,-0.498714,-0.354869,0.023045,0.367248,0.322679,0.229963,1.134058,-1.471500,-1.158782,-2.194223,0.389954,1.581667,2.393104,0.462228,-0.356178,-0.628451,-0.064023,0.577706,-0.001330,0.280827
43.034079,1.186046,-0.530812,-0.921425,-1.175713,0.835571,0.171801,0.447085,0.738943,-0.483687,-0.302872,0.028927,0.370064,0.319825,0.229934,1.134522,-1.471853,-1.159416,-2.194290,0.390526,1.581671,2.393386,0.461936,-0.356120,-0.629267,-0.064639,0.577415,-0.000523,0.280331
43.034980,1.184999,-0.528968,-0.917697,-1.174669,0.835298,0.172960,0.447052,0.696876,-0.467130,-0.256109,0.035822,0.372354,0.317385,0.229936,1.134983,-1.472209,-1.160033,-2.194354,0.391102,1.581670,2.393673,0.463412,-0.355179,-0.626771,-0.064996,0.576046,-0.000225,0.282843
43.035968,1.183562,-0.529069,-0.913805,-1.169982,0.834068,0.173639,0.447712,0.651523,-0.452001,-0.218816,0.044561,0.373929,0.315598,0.229963,1.135444,-1.472559,-1.160660,-2.194421,0.391670,1.581668,2.393957,0.461523,-0.354509,-0.625123,-0.065089,0.574503,-0.001440,0.282237
43.037139,1.182829,-0.522704,-0.908128,-1.167210,0.834378,0.173042,0.447772,0.605162,-0.440069,-0.193994,0.055498,0.374708,0.314700,0.229985,1.135907,-1.472913,-1.161285,-2.194496,0.392242,1.581667,2.394235,0.460140,-0.353060,-0.623955,-0.068732,0.574248,-0.002168,0.280335
43.038068,1.176418,-0.522624,-0.905877,-1.166838,0.835146,0.171329,0.447904,0.559317,-0.431018,-0.180565,0.069590,0.374837,0.314848,0.229968,1.136360,-1.473276,-1.161904,-2.194570,0.392814,1.581667,2.394512,0.459175,-0.355312,-0.624579,-0.070586,0.573235,-0.001628,0.279766
43.038994,1.176214,-0.516545,-0.908351,-1.163952,0.833065,0.171478,0.447179,0.514211,-0.423602,-0.175875,0.086610,0.374416,0.315885,0.229927,1.136826,-1.473624,-1.162522,-2.194638,0.393384,1.581672,2.394790,0.460066,-0.353823,-0.622391,-0.069973,0.570722,0.000010,0.278901
43.039973,1.168669,-0.520249,-0.908341,-1.161545,0.836436,0.170516,0.447560,0.470775,-0.418189,-0.181043,0.105056,0.373328,0.317616,0.229918,1.137280,-1.473983,-1.163127,-2.194713,0.393949,1.581668,2.395070,0.457921,-0.355257,-0.617980,-0.071760,0.571152,-0.000191,0.279760
43.040999,1.162503,-0.511219,-0.905195,-1.162569,0.837511,0.172700,0.448186,0.428905,-0.417267,-0.199586,0.125201,0.371525,0.320143,0.229970,1.137739,-1.474323,-1.163738,-2.194791,0.394504,1.581670,2.395345,0.459658,-0.352104,-0.615014,-0.073017,0.566374,0.000708,0.278415
43.042062,1.157900,-0.515472,-0.904815,-1.161911,0.840871,0.172741,0.448810,0.386389,-0.422234,-0.231196,0.147802,0.369131,0.323423,0.230032,1.138204,-1.474687,-1.164350,-2.194858,0.395057,1.581667,2.395619,0.460743,-0.355287,-0.613818,-0.071104,0.564186,-0.001549,0.276632
43.042988,1.150715,-0.516186,-0.901821,-1.161049,0.843426,0.173418,0.450355,0.297515,-0.447352,-0.321849,0.195597,0.363101,0.331054,0.230049,1.139135,-1.475382,-1.165559,-2.195001,0.396159,1.581662,2.396151,0.462431,-0.350159,-0.609820,-0.070655,0.555744,-0.002344,0.271242
43.044005,1.141932,-0.514699,-0.900126,-1.156641,0.843371,0.171587,0.450128,0.297515,-0.447352,-0.321849,0.195597,0.363101,0.331054,0.230049,1.139135,-1.475382,-1.165559,-2.195001,0.396159,1.581662,2.396151,0.462431,-0.350159,-0.609820,-0.070655,0.555744,-0.002344,0.271242
43.044998,1.137800,-0.509071,-0.896108,-1.153342,0.845839,0.170822,0.451664,0.247384,-0.470697,-0.378060,0.222859,0.360029,0.335363,0.230039,1.139607,-1.475732,-1.166166,-2.195081,0.396716,1.581664,2.396423,0.464728,-0.349660,-0.607892,-0.073931,0.554616,-0.000564,0.271203
43.046014,1.132081,-0.507165,-0.893980,-1.149888,0.846208,0.168095,0.451955,0.190006,-0.501313,-0.438068,0.255610,0.357360,0.340226,0.230045,1.140067,-1.476082,-1.166762,-2.195159,0.397261,1.581667,2.396685,0.464719,-0.351159,-0.607170,-0.076083,0.550919,0.000116,0.267598
43.047028,1.127227,-0.504032,-0.894381,-1.148182,0.846306,0.165627,0.452932,0.126855,-0.536470,-0.498398,0.293706,0.355202,0.345621,0.230062,1.140536,-1.476431,-1.167365,-2.195242,0.397802,1.581676,2.396951,0.465522,-0.350838,-0.605494,-0.078286,0.549518,0.002743,0.266536
43.047975,1.128876,-0.504690,-0.894369,-1.145992,0.848891,0.165503,0.453825,0.060783,-0.574376,-0.557811,0.335231,0.353422,0.351323,0.230103,1.140999,-1.476787,-1.167955,-2.195322,0.398349,1.581684,2.397208,0.465937,-0.351074,-0.602707,-0.078791,0.548295,0.005098,0.264102
43.049007,1.128391,-0.505877,-0.893511,-1.145011,0.852260,0.167366,0.453947,-0.003522,-0.614230,-0.617487,0.377077,0.351746,0.357053,0.230191,1.141457,-1.477128,-1.168547,-2.195405,0.398877,1.581688,2.397468,0.462897,-0.349365,-0.599804,-0.079709,0.544457,0.005121,0.261799
43.050032,1.122696,-0.510356,-0.893362,-1.142640,0.853305,0.170669,0.454621,-0.059653,-0.655306,-0.678785,0.415747,0.349963,0.362572,0.230336,1.141923,-1.477472,-1.169143,-2.195484,0.399409,1.581686,2.397728,0.461172,-0.347625,-0.597678,-0.079541,0.540184,0.003184,0.261100
43.051063,1.120217,-0.506400,-0.891946,-1.140797,0.855125,0.169608,0.454130,-0.106400,-0.698559,-0.742186,0.450761,0.348127,0.367836,0.230518,1.142384,-1.477813,-1.169729,-2.195569,0.399946,1.581680,2.397983,0.462095,-0.344244,-0.595266,-0.080627,0.538182,-0.000158,0.259286
43.051967,1.115337,-0.503753,-0.888084,-1.138423,0.855343,0.170340,0.455490,-0.146998,-0.744948,-0.806793,0.483755,0.346425,0.372916,0.230713,1.142845,-1.478157,-1.170318,-2.195652,0.400474,1.581685,2.398246,0.461400,-0.345119,-0.593478,-0.081235,0.535482,0.000857,0.259808
43.052980,1.108238,-0.501918,-0.878342,-1.135664,0.855475,0.170268,0.454711,-0.182611,-0.792326,-0.869635,0.514813,0.344997,0.377741,0.230920,1.143311,-1.478503,-1.170901,-2.195733,0.401010,1.581682,2.398493,0.461421,-0.344882,-0.592441,-0.082323,0.533786,0.000068,0.256560
43.054102,1.103698,-0.502220,-0.881760,-1.135167,0.856698,0.170016,0.456065,-0.214913,-0.837939,-0.925779,0.544285,0.344113,0.382153,0.231142,1.143772,-1.478841,-1.171501,-2.195819,0.401534,1.581681,2.398755,0.462992,-0.344671,-0.594641,-0.083761,0.532762,0.000095,0.257673
43.055025,1.102834,-0.500818,-0.876272,-1.131098,0.851998,0.170245,0.455451,-0.246919,-0.881103,-0.972346,0.573225,0.344006,0.386066,0.231364,1.144237,-1.479184,-1.172088,-2.195901,0.402065,1.581683,2.399002,0.463604,-0.343643,-0.590804,-0.083108,0.531024,0.000263,0.254554
43.056019,1.105201,-0.498265,-0.865826,-1.131323,0.856168,0.170265,0.455279,-0.278235,-0.922083,-1.011096,0.601286,0.344631,0.389532,0.231570,1.144690,-1.479527,-1.172673,-2.195990,0.402609,1.581684,2.399257,0.461803,-0.342894,-0.590669,-0.085741,0.534292,-0.000028,0.255310
43.057067,1.102535,-0.495494,-0.866205,-1.129359,0.851465,0.170714,0.455672,-0.303912,-0.958529,-1.041491,0.625998,0.345968,0.392453,0.231773,1.145147,-1.479867,-1.173272,-2.196072,0.403121,1.581682,2.399511,0.458602,-0.342978,-0.593134,-0.084246,0.529169,-0.000098,0.255178
43.058061,1.102645,-0.490741,-0.849969,-1.128016,0.853960,0.171161,0.456156,-0.318638,-0.986779,-1.061318,0.643976,0.347989,0.394566,0.232006,1.145608,-1.480212,-1.173863,-2.196159,0.403663,1.581681,2.399760,0.458096,-0.343246,-0.590449,-0.084896,0.533022,-0.000609,0.253962
43.059019,1.098174,-0.489452,-0.833553,-1.127630,0.849712,0.170464,0.455968,-0.321280,-1.004683,-1.069292,0.654123,0.350677,0.395773,0.232288,1.146055,-1.480554,-1.174465,-2.196243,0.404192,1.581683,2.400013,0.456140,-0.344404,-0.595837,-0.084965,0.529426,-0.001124,0.252527
43.059970,1.091298,-0.487480,-0.826101,-1.126084,0.846732,0.170777,0.454932,-0.313531,-1.009819,-1.059823,0.656747,0.354220,0.395825,0.232629,1.146513,-1.480898,-1.175077,-2.196327,0.404726,1.581683,2.400268,0.456259,-0.343678,-0.600951,-0.084030,0.532503,-0.000476,0.252424
43.061035,1.088086,-0.486762,-0.816690,-1.125386,0.846461,0.170324,0.453102,-0.299720,-1.002282,-1.029607,0.653405,0.358676,0.394575,0.233028,1.146968,-1.481241,-1.175677,-2.196410,0.405269,1.581680,2.400523,0.457581,-0.343292,-0.601655,-0.084287,0.534111,-0.000842,0.254017
43.061991,1.081554,-0.489032,-0.806584,-1.126183,0.843564,0.169504,0.453976,-0.284948,-0.985326,-0.982163,0.646892,0.363808,0.392297,0.233482,1.147424,-1.481580,-1.176288,-2.196492,0.405796,1.581683,2.400785,0.457427,-0.342655,-0.603774,-0.083792,0.533646,-0.000459,0.257236
43.062980,1.081865,-0.490575,-0.797429,-1.125107,0.845212,0.170282,0.454028,-0.271686,-0.961869,-0.921678,0.638472,0.369265,0.389191,0.233967,1.147884,-1.481918,-1.176900,-2.196568,0.406343,1.581687,2.401035,0.458528,-0.340211,-0.605716,-0.081860,0.535190,0.000279,0.254961
43.063952,1.078734,-0.488297,-0.787183,-1.122254,0.844469,0.170112,0.454861,-0.259989,-0.934233,-0.851607,0.628057,0.374704,0.385334,0.234434,1.148333,-1.482255,-1.177507,-2.196649,0.406866,1.581681,2.401288,0.456417,-0.338258,-0.607394,-0.081717,0.532501,-0.000538,0.254403
43.064941,1.082456,-0.490377,-0.782819,-1.117722,0.846858,0.171551,0.454789,-0.248551,-0.903547,-0.774779,0.616118,0.379927,0.380990,0.234860,1.148788,-1.482590,-1.178126,-2.196734,0.407389,1.581680,2.401537,0.455933,-0.338205,-0.609409,-0.083270,0.532203,-0.000414,0.252263
43.065998,1.081353,-0.487684,-0.773924,-1.118981,0.844234,0.169520,0.455492,-0.236229,-0.870713,-0.694401,0.604510,0.384912,0.376699,0.235252,1.149231,-1.482924,-1.178731,-2.196824,0.407911,1.581677,2.401789,0.452183,-0.335999,-0.608698,-0.086380,0.528793,-0.001909,0.251961
43.066929,1.085669,-0.484010,-0.764986,-1.117621,0.844249,0.168646,0.455876,-0.220571,-0.836241,-0.614091,0.593132,0.389585,0.372773,0.235624,1.149682,-1.483260,-1.179350,-2.196903,0.408438,1.581682,2.402035,0.451055,-0.336394,-0.610439,-0.083953,0.530733,0.000065,0.250142
43.067940,1.089685,-0.479250,-0.759640,-1.113814,0.841337,0.168707,0.455940,-0.196722,-0.797800,-0.534637,0.577877,0.393730,0.368933,0.235980,1.150125,-1.483600,-1.179967,-2.196988,0.408972,1.581682,2.402282,0.446804,-0.336834,-0.611627,-0.083990,0.529331,0.000870,0.248905
43.068980,1.087966,-0.476328,-0.757467,-1.114819,0.838497,0.168441,0.456210,-0.160284,-0.752870,-0.456299,0.555875,0.397246,0.365026,0.236345,1.150557,-1.483942,-1.180575,-2.197080,0.409509,1.581683,2.402524,0.443161,-0.338045,-0.611479,-0.086349,0.531237,0.000732,0.248373
43.070025,1.084991,-0.475389,-0.750434,-1.116976,0.838718,0.169529,0.455972,-0.110744,-0.701772,-0.381948,0.527377,0.400088,0.361227,0.236746,1.150998,-1.484278,-1.181185,-2.197160,0.410040,1.581687,2.402766,0.442398,-0.338466,-0.609840,-0.084129,0.533214,0.000911,0.247434
43.071004,1.077422,-0.472237,-0.739293,-1.118019,0.834879,0.170772,0.457098,-0.051124,-0.646455,-0.314254,0.492407,0.402164,0.357433,0.237175,1.151442,-1.484617,-1.181792,-2.197237,0.410569,1.581684,2.403010,0.442221,-0.337881,-0.610736,-0.080897,0.532153,-0.000235,0.247522
43.072073,1.083396,-0.466973,-0.732641,-1.116548,0.836842,0.171662,0.458340,0.013252,-0.588693,-0.252119,0.451451,0.403601,0.353351,0.237604,1.151884,-1.484956,-1.182413,-2.197310,0.411101,1.581683,2.403253,0.444148,-0.338235,-0.613217,-0.078817,0.534895,-0.001531,0.244812
43.072941,1.077373,-0.468309,-0.723392,-1.116754,0.833799,0.170434,0.457568,0.079233,-0.528698,-0.192749,0.405738,0.404667,0.348919,0.238016,1.152315,-1.485301,-1.183034,-2.197390,0.411630,1.581679,2.403489,0.439671,-0.339826,-0.613815,-0.079185,0.532167,-0.002458,0.241969
43.073992,1.083365,-0.464007,-0.722006,-1.113447,0.833111,0.169324,0.458196,0.147057,-0.467041,-0.135751,0.356281,0.405498,0.344309,0.238442,1.152749,-1.485638,-1.183648,-2.197465,0.412167,1.581682,2.403730,0.440562,-0.337583,-0.614930,-0.077791,0.533597,-0.001281,0.243069
43.075029,1.087561,-0.461784,-0.712728,-1.111143,0.832779,0.166914,0.458170,0.216225,-0.406346,-0.083572,0.304838,0.406058,0.339793,0.238919,1.153178,-1.485976,-1.184259,-2.197549,0.412698,1.581683,2.403970,0.436041,-0.338745,-0.612926,-0.079886,0.533456,-0.000244,0.241406
43.075938,1.091952,-0.461171,-0.707336,-1.109724,0.831193,0.165567,0.459157,0.288504,-0.347691,-0.038283,0.252425,0.406196,0.335612,0.239446,1.153603,-1.486313,-1.184881,-2.197632,0.413231,1.581690,2.404214,0.432484,-0.338796,-0.614743,-0.080958,0.532894,0.002074,0.241068
43.076978,1.090788,-0.463587,-0.709281,-1.108410,0.834309,0.166608,0.457708,0.367063,-0.290786,0.000198,0.198661,0.405753,0.331740,0.239996,1.154020,-1.486647,-1.185491,-2.197713,0.413767,1.581697,2.404449,0.428458,-0.337710,-0.614130,-0.081094,0.533021,0.003317,0.238634
43.077956,1.092550,-0.459661,-0.704544,-1.108999,0.832544,0.169331,0.457712,0.451488,-0.238611,0.028895,0.144319,0.404542,0.328208,0.240538,1.154445,-1.486979,-1.186096,-2.197791,0.414280,1.581696,2.404696,0.426923,-0.334950,-0.609613,-0.081154,0.528309,0.002207,0.240994
43.079074,1.090339,-0.459528,-0.706971,-1.107743,0.831816,0.169810,0.456992,0.631082,-0.161031,0.040078,0.037528,0.399098,0.322781,0.241549,1.155280,-1.487644,-1.187292,-2.197945,0.415330,1.581692,2.405175,0.422816,-0.333701,-0.603618,-0.079358,0.527217,-0.001058,0.241233
43.080025,1.088168,-0.449589,-0.700461,-1.106187,0.833411,0.169917,0.455353,0.631082,-0.161031,0.040078,0.037528,0.399098,0.322781,0.241549,1.155280,-1.487644,-1.187292,-2.197945,0.415330,1.581692,2.405175,0.422816,-0.333701,-0.603618,-0.079358,0.527217,-0.001058,0.241233
43.080958,1.081240,-0.446915,-0.702830,-1.105230,0.834988,0.170959,0.455408,0.722733,-0.136018,0.021861,-0.013925,0.394895,0.320955,0.241999,1.155702,-1.487987,-1.187896,-2.198027,0.415848,1.581693,2.405426,0.421416,-0.336727,-0.602940,-0.079507,0.523538,-0.001206,0.243863
43.081951,1.081701,-0.441728,-0.703486,-1.103624,0.835574,0.170224,0.452567,0.810924,-0.118841,-0.009041,-0.061837,0.390040,0.319760,0.242392,1.156122,-1.488326,-1.188481,-2.198104,0.416366,1.581688,2.405663,0.422398,-0.336061,-0.597905,-0.079151,0.519843,-0.002272,0.243099
43.083039,1.076296,-0.437037,-0.699270,-1.099246,0.833543,0.169780,0.452866,0.967058,-0.108958,-0.106748,-0.141116,0.379307,0.319681,0.242980,1.156957,-1.488996,-1.189648,-2.198271,0.417392,1.581688,2.406163,0.420496,-0.337623,-0.592881,-0.082377,0.517905,-0.001168,0.246913
43.083982,1.074395,-0.436562,-0.699358,-1.096413,0.835059,0.171838,0.452868,0.967058,-0.108958,-0.106748,-0.141116,0.379307,0.319681,0.242980,1.156957,-1.488996,-1.189648,-2.198271,0.417392,1.581688,2.406163,0.420496,-0.337623,-0.592881,-0.082377,0.517905,-0.001168,0.246913
43.084955,1.067133,-0.436147,-0.694984,-1.092985,0.836457,0.170128,0.452810,1.030528,-0.116076,-0.169323,-0.168294,0.374133,0.321016,0.243176,1.157375,-1.489328,-1.190231,-2.198356,0.417893,1.581683,2.406409,0.418965,-0.335974,-0.589056,-0.083699,0.514431,-0.003259,0.246264
43.085971,1.068614,-0.433584,-0.693443,-1.090774,0.837483,0.169383,0.452525,1.080008,-0.132637,-0.238543,-0.183694,0.369615,0.323418,0.243303,1.157797,-1.489660,-1.190817,-2.198444,0.418394,1.581686,2.406656,0.420193,-0.334373,-0.587582,-0.085587,0.511218,-0.001577,0.245735
43.087005,1.062131,-0.433484,-0.692489,-1.088908,0.837187,0.169198,0.451894,1.115230,-0.158576,-0.312620,-0.187398,0.365954,0.326758,0.243408,1.158207,-1.489995,-1.191390,-2.198531,0.418900,1.581685,2.406900,0.417251,-0.333925,-0.584960,-0.086288,0.508474,-0.000878,0.245693
43.087932,1.058326,-0.430446,-0.689990,-1.088589,0.833923,0.168722,0.452354,1.138827,-0.192048,-0.389984,-0.181799,0.363080,0.330765,0.243556,1.158627,-1.490320,-1.191969,-2.198620,0.419399,1.581685,2.407150,0.418300,-0.332382,-0.582044,-0.086628,0.507186,-0.000745,0.246328
43.089052,1.053219,-0.434580,-0.686860,-1.086641,0.831951,0.168819,0.450410,1.152568,-0.231443,-0.470013,-0.169536,0.360692,0.335157,0.243767,1.159047,-1.490650,-1.192548,-2.198704,0.419912,1.581687,2.407393,0.417660,-0.332024,-0.579543,-0.085450,0.508390,-0.000320,0.244741
43.089957,1.044337,-0.428408,-0.685043,-1.083585,0.829420,0.169615,0.450160,1.156758,-0.275710,-0.551426,-0.152508,0.358473,0.339655,0.244029,1.159462,-1.490967,-1.193116,-2.198792,0.420424,1.581686,2.407651,0.418285,-0.328630,-0.578155,-0.085953,0.508913,-0.000463,0.248043
43.090932,1.034630,-0.427711,-0.683451,-1.081543,0.830615,0.169226,0.450392,1.149601,-0.324478,-0.632605,-0.130367,0.356274,0.344226,0.244306,1.159888,-1.491300,-1.193685,-2.198885,0.420923,1.581684,2.407898,0.420076,-0.329801,-0.575337,-0.087324,0.509417,-0.001297,0.247839
43.092081,1.032153,-0.424935,-0.681534,-1.077934,0.833720,0.169506,0.450049,1.127609,-0.377325,-0.712322,-0.101347,0.354040,0.349034,0.244538,1.160310,-1.491628,-1.194247,-2.198973,0.421426,1.581683,2.408140,0.422518,-0.328365,-0.572746,-0.087800,0.506352,-0.000932,0.246743
43.093013,1.025124,-0.420123,-0.676336,-1.073800,0.833954,0.168285,0.451905,1.090018,-0.433264,-0.789471,-0.065023,0.351793,0.354178,0.244672,1.160733,-1.491953,-1.194815,-2.199069,0.421916,1.581682,2.408388,0.421770,-0.328447,-0.570848,-0.089802,0.502114,-0.001260,0.246856
43.093964,1.022928,-0.422515,-0.677572,-1.070357,0.831381,0.167327,0.449780,1.039320,-0.490062,-0.861951,-0.022237,0.349679,0.359670,0.244685,1.161160,-1.492282,-1.195388,-2.199165,0.422415,1.581688,2.408620,0.422699,-0.328999,-0.569787,-0.092167,0.499970,-0.000101,0.242499
43.095045,1.017349,-0.417696,-0.675330,-1.066232,0.825354,0.167274,0.450191,0.978628,-0.546250,-0.929264,0.025813,0.347844,0.365491,0.244608,1.161579,-1.492599,-1.195940,-2.199263,0.422919,1.581689,2.408872,0.421337,-0.326098,-0.565782,-0.093818,0.500648,0.000802,0.246156
43.095983,1.016627,-0.416412,-0.670098,-1.064197,0.827297,0.166782,0.450204,0.910915,-0.601808,-0.993435,0.077621,0.346326,0.371618,0.244508,1.162006,-1.492928,-1.196501,-2.199364,0.423424,1.581691,2.409119,0.421949,-0.327010,-0.563907,-0.096139,0.505212,0.000792,0.244678
43.096942,1.006724,-0.416840,-0.660961,-1.059603,0.825018,0.166319,0.449390,0.839971,-0.654825,-1.054073,0.130664,0.345144,0.377850,0.244431,1.162421,-1.493254,-1.197058,-2.199463,0.423921,1.581694,2.409360,0.419852,-0.325821,-0.563081,-0.096332,0.501291,0.001229,0.244028
43.097977,1.004089,-0.416675,-0.653580,-1.058387,0.821887,0.166890,0.449256,0.767385,-0.703527,-1.107845,0.183512,0.344479,0.383862,0.244396,1.162853,-1.493572,-1.197626,-2.199568,0.424419,1.581694,2.409607,0.422262,-0.323937,-0.564147,-0.098989,0.501787,0.001646,0.245023
43.098981,0.997461,-0.415388,-0.643753,-1.056236,0.819452,0.167899,0.448679,0.691815,-0.747788,-1.151505,0.236356,0.344558,0.389390,0.244401,1.163278,-1.493893,-1.198195,-2.199667,0.424926,1.581694,2.409856,0.421252,-0.322488,-0.564564,-0.098408,0.503252,0.001023,0.244648
43.100021,0.986364,-0.414931,-0.636483,-1.056075,0.819091,0.168663,0.448160,0.614317,-0.786463,-1.182782,0.287582,0.345341,0.394145,0.244426,1.163700,-1.494214,-1.198760,-2.199766,0.425431,1.581693,2.410099,0.422245,-0.321530,-0.566171,-0.098760,0.503921,-0.000029,0.245193
43.101028,0.979548,-0.416448,-0.627430,-1.053946,0.820306,0.168512,0.448349,0.535174,-0.818693,-1.200412,0.335768,0.346665,0.397931,0.244428,1.164135,-1.494527,-1.199330,-2.199860,0.425925,1.581689,2.410348,0.425425,-0.320335,-0.566530,-0.097273,0.502736,-0.000812,0.245602
43.102077,0.972685,-0.421049,-0.616416,-1.049862,0.820279,0.167850,0.447467,0.452034,-0.845558,-1.204530,0.381451,0.348420,0.400749,0.244366,1.164560,-1.494842,-1.199897,-2.199958,0.426421,1.581690,2.410587,0.426446,-0.318039,-0.567732,-0.097636,0.499853,-0.000705,0.244611
43.103041,0.960658,-0.418532,-0.608532,-1.048068,0.818732,0.167047,0.447438,0.363496,-0.869256,-1.195888,0.426258,0.350644,0.402773,0.244211,1.164991,-1.495149,-1.200471,-2.200064,0.426921,1.581692,2.410839,0.427544,-0.314392,-0.569962,-0.099823,0.498336,-0.000092,0.245756
43.104034,0.951784,-0.418419,-0.598473,-1.043949,0.819136,0.166512,0.446558,0.268136,-0.891698,-1.175263,0.472273,0.353411,0.404241,0.243962,1.165432,-1.495464,-1.201046,-2.200165,0.427417,1.581696,2.411086,0.430903,-0.314065,-0.570304,-0.099721,0.498096,0.000645,0.245152
43.105021,0.946320,-0.416662,-0.584870,-1.043196,0.816690,0.167239,0.446759,0.164743,-0.913370,-1.143700,0.520633,0.356689,0.405332,0.243630,1.165863,-1.495778,-1.201618,-2.200271,0.427912,1.581695,2.411330,0.432856,-0.312567,-0.571899,-0.101897,0.495987,0.001136,0.246302
43.106056,0.941141,-0.413968,-0.575791,-1.040218,0.818787,0.165878,0.445977,0.055632,-0.932984,-1.101097,0.570315,0.360438,0.406047,0.243243,1.166297,-1.496087,-1.202202,-2.200371,0.428406,1.581695,2.411576,0.433029,-0.311959,-0.575102,-0.100796,0.496758,0.000357,0.245244
43.107050,0.940715,-0.412712,-0.570224,-1.038560,0.814872,0.165312,0.445164,-0.053091,-0.947954,-1.046849,0.618033,0.364570,0.406204,0.242845,1.166733,-1.496400,-1.202783,-2.200474,0.428894,1.581700,2.411821,0.433206,-0.311870,-0.576212,-0.101917,0.493131,0.001661,0.246211
43.107979,0.930126,-0.404154,-0.555266,-1.039478,0.817800,0.165215,0.444680,-0.154533,-0.956805,-0.983505,0.660517,0.368894,0.405742,0.242491,1.167157,-1.496710,-1.203357,-2.200577,0.429394,1.581704,2.412076,0.430994,-0.310993,-0.575514,-0.101687,0.495367,0.002153,0.247170
43.109047,0.931769,-0.398768,-0.545242,-1.040057,0.815827,0.167698,0.444149,-0.243734,-0.958192,-0.913410,0.694878,0.373202,0.404532,0.242210,1.167594,-1.497027,-1.203948,-2.200670,0.429874,1.581705,2.412326,0.433616,-0.313590,-0.579140,-0.099059,0.490620,0.002197,0.247457
43.110035,0.924103,-0.392547,-0.537211,-1.037616,0.813005,0.168917,0.443908,-0.372491,-0.927289,-0.748830,0.728076,0.381263,0.398833,0.241809,1.168452,-1.497660,-1.205116,-2.200859,0.430857,1.581696,2.412825,0.431896,-0.316386,-0.581184,-0.097609,0.492394,-0.001557,0.247730
43.110976,0.925718,-0.386964,-0.524466,-1.036987,0.817527,0.167802,0.443698,-0.409910,-0.894847,-0.657517,0.727333,0.384900,0.394690,0.241641,1.168878,-1.497981,-1.205712,-2.200951,0.431331,1.581698,2.413069,0.428483,-0.317428,-0.583670,-0.096566,0.486135,-0.000467,0.247504
43.112030,0.921418,-0.383956,-0.514653,-1.036614,0.818675,0.167978,0.441523,-0.409910,-0.894847,-0.657517,0.727333,0.384900,0.394690,0.241641,1.168878,-1.497981,-1.205712,-2.200951,0.431331,1.581698,2.413069,0.428483,-0.317428,-0.583670,-0.096566,0.486135,-0.000467,0.247504
43.113036,0.916335,-0.380718,-0.510309,-1.033322,0.817462,0.167763,0.442851,-0.429643,-0.852935,-0.562219,0.716692,0.388295,0.389922,0.241490,1.169304,-1.498302,-1.206297,-2.201044,0.431814,1.581696,2.413328,0.428418,-0.317428,-0.585167,-0.095320,0.483663,-0.000693,0.251230
43.114034,0.910008,-0.377784,-0.500599,-1.033199,0.819280,0.167756,0.441425,-0.434849,-0.804901,-0.465935,0.698778,0.391444,0.384787,0.241357,1.169736,-1.498618,-1.206881,-2.201144,0.432293,1.581697,2.413571,0.428508,-0.317515,-0.583769,-0.096814,0.483407,-0.000523,0.247889
43.115058,0.904891,-0.380530,-0.493002,-1.033314,0.821089,0.167435,0.442268,-0.424608,-0.707380,-0.285783,0.656651,0.396820,0.374852,0.241100,1.170599,-1.499240,-1.208056,-2.201328,0.433231,1.581697,2.414066,0.429357,-0.314642,-0.585292,-0.093553,0.477006,-0.000286,0.247797
43.116085,0.896269,-0.379842,-0.492891,-1.034004,0.824052,0.167645,0.441856,-0.424608,-0.707380,-0.285783,0.656651,0.396820,0.374852,0.241100,1.170599,-1.499240,-1.208056,-2.201328,0.433231,1.581697,2.414066,0.429357,-0.314642,-0.585292,-0.093553,0.477006,-0.000286,0.247797
43.117053,0.896739,-0.381582,-0.485310,-1.031207,0.828322,0.167873,0.442090,-0.416033,-0.664649,-0.207455,0.635333,0.398816,0.370169,0.240985,1.171038,-1.499554,-1.208637,-2.201415,0.433697,1.581697,2.414318,0.431201,-0.313542,-0.581873,-0.091369,0.472739,-0.000543,0.248003
43.118086,0.888860,-0.378419,-0.479062,-1.031469,0.827092,0.167533,0.443183,-0.407336,-0.630088,-0.142246,0.615226,0.400216,0.365910,0.240889,1.171457,-1.499864,-1.209217,-2.201510,0.434158,1.581697,2.414561,0.428525,-0.311110,-0.582074,-0.092475,0.467027,-0.000813,0.246890
43.119016,0.884046,-0.376579,-0.472291,-1.028559,0.829322,0.166998,0.442121,-0.397970,-0.603740,-0.090377,0.596884,0.401095,0.362195,0.240818,1.171891,-1.500171,-1.209804,-2.201596,0.434621,1.581697,2.414803,0.430093,-0.311347,-0.581702,-0.090741,0.467073,-0.000518,0.244087
43.119943,0.882652,-0.372055,-0.464935,-1.027381,0.830163,0.166308,0.442208,-0.388792,-0.584143,-0.049663,0.580721,0.401576,0.358988,0.240765,1.172321,-1.500481,-1.210380,-2.201690,0.435077,1.581697,2.415047,0.429847,-0.310616,-0.581372,-0.091968,0.463295,-0.000021,0.245605
43.121073,0.879138,-0.368433,-0.469637,-1.024193,0.833601,0.165569,0.443034,-0.379744,-0.569488,-0.018226,0.566750,0.401765,0.356260,0.240728,1.172741,-1.500792,-1.210961,-2.201778,0.435536,1.581699,2.415292,0.428003,-0.311232,-0.581276,-0.091545,0.460920,0.000620,0.244757
43.121985,0.879197,-0.364737,-0.469467,-1.023398,0.836139,0.164620,0.443665,-0.368590,-0.558395,0.003146,0.554311,0.401627,0.354109,0.240687,1.173167,-1.501106,-1.211533,-2.201874,0.435980,1.581698,2.415533,0.427734,-0.311813,-0.575899,-0.093124,0.456737,0.001315,0.242525
43.123061,0.876723,-0.360970,-0.459533,-1.021644,0.836584,0.165662,0.445545,-0.353323,-0.551048,0.010339,0.542806,0.400954,0.352754,0.240600,1.173581,-1.501419,-1.212095,-2.201964,0.436422,1.581701,2.415768,0.425182,-0.311943,-0.572397,-0.092268,0.452768,0.002207,0.240647
43.124019,0.871601,-0.360248,-0.461180,-1.017960,0.840070,0.168110,0.445733,-0.331872,-0.546324,0.003529,0.530759,0.399662,0.352095,0.240445,1.174002,-1.501729,-1.212670,-2.202056,0.436861,1.581698,2.415999,0.424310,-0.312516,-0.574213,-0.092448,0.451494,0.001114,0.236321
43.124967,0.868102,-0.352991,-0.460041,-1.016008,0.841155,0.168612,0.447015,-0.305877,-0.543352,-0.013621,0.518904,0.397960,0.352040,0.240224,1.174428,-1.502038,-1.213236,-2.202153,0.437301,1.581691,2.416229,0.424368,-0.311300,-0.569837,-0.094381,0.446716,-0.001347,0.235396
43.125928,0.870890,-0.350448,-0.454747,-1.016701,0.838473,0.168515,0.446658,-0.279283,-0.543465,-0.041223,0.510050,0.396028,0.352855,0.239963,1.174845,-1.502358,-1.213790,-2.202248,0.437742,1.581690,2.416456,0.423676,-0.313252,-0.567033,-0.094582,0.444356,-0.001864,0.232238
43.127031,0.867356,-0.348135,-0.456668,-1.012385,0.840102,0.166933,0.448037,-0.249894,-0.545133,-0.078769,0.502218,0.393733,0.354402,0.239710,1.175257,-1.502666,-1.214353,-2.202334,0.438184,1.581691,2.416691,0.419919,-0.312953,-0.566243,-0.092363,0.445811,-0.001807,0.232384
43.127982,0.865437,-0.350592,-0.459935,-1.010777,0.843812,0.165545,0.448457,-0.214024,-0.546294,-0.124207,0.492337,0.390931,0.356332,0.239513,1.175669,-1.502979,-1.214904,-2.202433,0.438625,1.581691,2.416911,0.419762,-0.312821,-0.562443,-0.094992,0.443354,-0.000259,0.229098
43.128994,0.863253,-0.348653,-0.452500,-1.010126,0.843339,0.166931,0.449371,-0.174234,-0.549593,-0.178934,0.482515,0.387678,0.358791,0.239393,1.176085,-1.503282,-1.215452,-2.202526,0.439055,1.581693,2.417136,0.418304,-0.310068,-0.557496,-0.094887,0.438438,0.001075,0.227718
43.130035,0.865521,-0.347840,-0.454594,-1.010185,0.845141,0.168026,0.449796,-0.089063,-0.567823,-0.313646,0.465879,0.380077,0.365075,0.239387,1.176903,-1.503899,-1.216552,-2.202705,0.439918,1.581687,2.417575,0.413995,-0.308656,-0.554029,-0.092365,0.435243,-0.001487,0.224009
43.131024,0.863950,-0.348396,-0.453992,-1.007285,0.845607,0.166972,0.449926,-0.089063,-0.567823,-0.313646,0.465879,0.380077,0.365075,0.239387,1.176903,-1.503899,-1.216552,-2.202705,0.439918,1.581687,2.417575,0.413995,-0.308656,-0.554029,-0.092365,0.435243,-0.001487,0.224009
43.132104,0.859545,-0.349161,-0.453274,-1.006714,0.845477,0.166028,0.450558,-0.039366,-0.579863,-0.388926,0.455167,0.375772,0.368408,0.239487,1.177312,-1.504200,-1.217098,-2.202801,0.440345,1.581690,2.417800,0.412577,-0.306971,-0.551193,-0.093562,0.433764,-0.000476,0.223200
43.133049,0.856516,-0.345801,-0.448797,-1.005468,0.844235,0.165499,0.450472,0.013564,-0.594727,-0.468771,0.443759,0.371393,0.371875,0.239614,1.177727,-1.504505,-1.217635,-2.202892,0.440781,1.581691,2.418015,0.412742,-0.305354,-0.548834,-0.092559,0.433080,0.000414,0.221452
43.134089,0.854741,-0.346976,-0.450210,-1.006140,0.842698,0.165339,0.450843,0.066029,-0.612464,-0.550335,0.433019,0.367268,0.375364,0.239724,1.178129,-1.504810,-1.218182,-2.202983,0.441212,1.581690,2.418232,0.411981,-0.305501,-0.547768,-0.092175,0.433124,0.000905,0.221102
43.134994,0.854311,-0.344283,-0.445986,-1.002496,0.838878,0.165936,0.452348,0.169619,-0.651586,-0.710364,0.410094,0.360299,0.381753,0.239867,1.178933,-1.505414,-1.219251,-2.203163,0.442092,1.581691,2.418659,0.408699,-0.303365,-0.543040,-0.091988,0.436087,0.000364,0.216298
43.136035,0.854974,-0.342226,-0.446588,-0.999447,0.835093,0.165927,0.452738,0.169619,-0.651586,-0.710364,0.410094,0.360299,0.381753,0.239867,1.178933,-1.505414,-1.219251,-2.203163,0.442092,1.581691,2.418659,0.408699,-0.303365,-0.543040,-0.091988,0.436087,0.000364,0.216298
43.137006,0.857063,-0.337858,-0.445368,-0.996457,0.833366,0.165564,0.453793,0.278094,-0.689690,-0.861342,0.386253,0.355547,0.387982,0.239807,1.179729,-1.506020,-1.220327,-2.203353,0.442973,1.581693,2.419079,0.403229,-0.303825,-0.537344,-0.094629,0.439377,0.000645,0.212448
43.137984,0.860244,-0.334528,-0.434256,-0.994205,0.835729,0.165957,0.453228,0.338604,-0.703885,-0.929372,0.373710,0.354014,0.391177,0.239742,1.180117,-1.506321,-1.220865,-2.203451,0.443408,1.581695,2.419293,0.399631,-0.304068,-0.539861,-0.095095,0.435830,0.000192,0.213100
43.139023,0.863172,-0.336525,-0.435841,-0.993323,0.833185,0.167050,0.454025,0.406410,-0.711943,-0.987776,0.358579,0.352999,0.394086,0.239702,1.180505,-1.506619,-1.221396,-2.203545,0.443841,1.581693,2.419501,0.396333,-0.301797,-0.536206,-0.094334,0.437501,-0.000945,0.211014
43.140007,0.862657,-0.332221,-0.434647,-0.992366,0.829713,0.166971,0.454174,0.481791,-0.714700,-1.038447,0.339655,0.352198,0.396618,0.239714,1.180891,-1.506923,-1.221922,-2.203636,0.444287,1.581693,2.419706,0.394643,-0.302533,-0.533893,-0.093680,0.439751,-0.000897,0.210257
43.140955,0.858220,-0.329826,-0.431659,-0.989627,0.830006,0.165951,0.454869,0.561033,-0.713343,-1.083464,0.317998,0.351362,0.398845,0.239797,1.181284,-1.507222,-1.222451,-2.203732,0.444721,1.581695,2.419911,0.394729,-0.302257,-0.532316,-0.094667,0.438190,0.000081,0.208370
43.142055,0.856549,-0.329772,-0.423920,-0.989260,0.829610,0.166558,0.454403,0.638159,-0.708432,-1.121072,0.296139,0.350589,0.400767,0.239943,1.181679,-1.507522,-1.222992,-2.203824,0.445159,1.581693,2.420118,0.393807,-0.301133,-0.533497,-0.093454,0.437831,-0.000581,0.208884
43.143036,0.855532,-0.328164,-0.411348,-0.988534,0.826840,0.166430,0.454463,0.710410,-0.699037,-1.146943,0.274393,0.350038,0.402103,0.240141,1.182065,-1.507825,-1.223530,-2.203913,0.445602,1.581695,2.420330,0.392340,-0.300507,-0.536723,-0.092619,0.439407,-0.000499,0.208255
43.144015,0.849615,-0.331270,-0.402865,-0.987733,0.827413,0.166082,0.455440,0.710410,-0.699037,-1.146943,0.274393,0.350038,0.402103,0.240141,1.182065,-1.507825,-1.223530,-2.203913,0.445602,1.581695,2.420330,0.392340,-0.300507,-0.536723,-0.092619,0.439407,-0.000499,0.208255
43.145089,0.843460,-0.331583,-0.396815,-0.984323,0.826431,0.165781,0.456025,0.776133,-0.684459,-1.157351,0.252484,0.349858,0.402571,0.240361,1.182460,-1.508115,-1.224073,-2.204005,0.446032,1.581696,2.420531,0.393239,-0.297643,-0.537800,-0.091782,0.437714,-0.000195,0.205825
43.146020,0.837247,-0.333888,-0.392711,-0.984358,0.823751,0.165039,0.456913,0.830134,-0.667244,-1.152910,0.233310,0.350269,0.402333,0.240544,1.182855,-1.508410,-1.224606,-2.204101,0.446472,1.581697,2.420733,0.394490,-0.296374,-0.538114,-0.093542,0.437838,0.000053,0.204235
43.146973,0.834861,-0.329146,-0.384751,-0.981461,0.820895,0.163923,0.458279,0.890001,-0.635510,-1.114875,0.211732,0.352975,0.400976,0.240693,1.183650,-1.508992,-1.225688,-2.204283,0.447352,1.581700,2.421120,0.394339,-0.294847,-0.537654,-0.093134,0.440771,0.001817,0.198830
43.148042,0.831456,-0.331990,-0.374961,-0.980972,0.815945,0.164813,0.458582,0.890001,-0.635510,-1.114875,0.211732,0.352975,0.400976,0.240693,1.183650,-1.508992,-1.225688,-2.204283,0.447352,1.581700,2.421120,0.394339,-0.294847,-0.537654,-0.093134,0.440771,0.001817,0.198830
43.149067,0.833570,-0.327017,-0.369239,-0.980791,0.813949,0.164277,0.460144,0.900524,-0.619820,-1.085207,0.206652,0.355029,0.399940,0.240663,1.184044,-1.509281,-1.226227,-2.204372,0.447807,1.581701,2.421317,0.394216,-0.292318,-0.539765,-0.092071,0.444709,0.000855,0.197835
43.149994,0.827390,-0.325467,-0.354356,-0.978708,0.810073,0.164417,0.461291,0.904631,-0.601523,-1.048262,0.201449,0.357405,0.398459,0.240581,1.184432,-1.509575,-1.226771,-2.204463,0.448251,1.581701,2.421503,0.391262,-0.293610,-0.539606,-0.090680,0.445597,0.001356,0.194302
43.151050,0.825592,-0.320728,-0.339160,-0.978218,0.804845,0.165044,0.461632,0.906830,-0.549279,-0.947482,0.182457,0.362847,0.393482,0.240389,1.185214,-1.510163,-1.227877,-2.204642,0.449152,1.581700,2.421877,0.391263,-0.294137,-0.548246,-0.090118,0.452225,0.000497,0.190556
43.151979,0.819621,-0.316246,-0.339109,-0.976717,0.804085,0.164587,0.462605,0.906830,-0.549279,-0.947482,0.182457,0.362847,0.393482,0.240389,1.185214,-1.510163,-1.227877,-2.204642,0.449152,1.581700,2.421877,0.391263,-0.294137,-0.548246,-0.090118,0.452225,0.000497,0.190556
43.152988,0.815710,-0.315041,-0.326231,-0.975391,0.802249,0.165381,0.463066,0.903748,-0.513633,-0.880276,0.169471,0.365937,0.389911,0.240350,1.185607,-1.510460,-1.228420,-2.204732,0.449605,1.581702,2.422060,0.392069,-0.294898,-0.544870,-0.089997,0.451459,0.000914,0.188194
43.154154,0.814597,-0.311330,-0.316970,-0.974177,0.803185,0.165317,0.463605,0.896571,-0.474199,-0.807045,0.155836,0.368999,0.386003,0.240368,1.185997,-1.510756,-1.228970,-2.204820,0.450066,1.581703,2.422242,0.392082,-0.294191,-0.548244,-0.089797,0.452011,0.000058,0.186907
43.155055,0.807727,-0.307481,-0.309679,-0.973351,0.805614,0.167021,0.463221,0.869078,-0.389282,-0.647575,0.130778,0.374779,0.377747,0.240510,1.186781,-1.511353,-1.230085,-2.204994,0.450954,1.581699,2.422615,0.392281,-0.295446,-0.550228,-0.088869,0.446502,-0.001659,0.185856
43.156020,0.801266,-0.307087,-0.298909,-0.970315,0.806752,0.165602,0.463886,0.869078,-0.389282,-0.647575,0.130778,0.374779,0.377747,0.240510,1.186781,-1.511353,-1.230085,-2.204994,0.450954,1.581699,2.422615,0.392281,-0.295446,-0.550228,-0.088869,0.446502,-0.001659,0.185856
43.156947,0.788997,-0.303261,-0.291945,-0.967682,0.802605,0.165972,0.463754,0.847312,-0.346294,-0.563585,0.121728,0.377500,0.373668,0.240605,1.187170,-1.511642,-1.230636,-2.205087,0.451397,1.581702,2.422798,0.393469,-0.294320,-0.552334,-0.090249,0.444119,-0.000269,0.184113
43.157955,0.785294,-0.307982,-0.286955,-0.964824,0.804246,0.164485,0.464367,0.814115,-0.306909,-0.479288,0.119591,0.380320,0.369967,0.240679,1.187574,-1.511938,-1.231193,-2.205179,0.451846,1.581701,2.422978,0.397294,-0.294781,-0.552300,-0.091214,0.446862,-0.000691,0.184000
43.159109,0.782324,-0.308669,-0.278944,-0.963758,0.807640,0.164211,0.464501,0.704480,-0.251233,-0.322501,0.144368,0.386439,0.364565,0.240681,1.188363,-1.512508,-1.232293,-2.205365,0.452710,1.581704,2.423335,0.396984,-0.290059,-0.553059,-0.091933,0.440220,0.000960,0.181838
43.160021,0.771649,-0.306745,-0.276850,-0.961965,0.808064,0.163020,0.464514,0.704480,-0.251233,-0.322501,0.144368,0.386439,0.364565,0.240681,1.188363,-1.512508,-1.232293,-2.205365,0.452710,1.581704,2.423335,0.396984,-0.290059,-0.553059,-0.091933,0.440220,0.000960,0.181838
43.161000,0.766812,-0.312844,-0.273487,-0.963115,0.809883,0.164299,0.464574,0.556846,-0.232794,-0.196676,0.197848,0.392672,0.361550,0.240464,1.189168,-1.513079,-1.233388,-2.205538,0.453578,1.581706,2.423692,0.400221,-0.285326,-0.549120,-0.089499,0.435515,0.000764,0.180930
43.162056,0.765908,-0.308806,-0.269654,-0.960904,0.810515,0.163990,0.463873,0.556846,-0.232794,-0.196676,0.197848,0.392672,0.361550,0.240464,1.189168,-1.513079,-1.233388,-2.205538,0.453578,1.581706,2.423692,0.400221,-0.285326,-0.549120,-0.089499,0.435515,0.000764,0.180930
43.162939,0.760986,-0.308462,-0.271428,-0.957940,0.811861,0.166144,0.463608,0.398919,-0.251059,-0.118823,0.261212,0.397760,0.360312,0.240022,1.189961,-1.513643,-1.234465,-2.205723,0.454435,1.581702,2.424057,0.398868,-0.285118,-0.543875,-0.091408,0.431331,-0.001152,0.182094
43.163997,0.756200,-0.305856,-0.265654,-0.954748,0.812116,0.165102,0.463437,0.324645,-0.270447,-0.099855,0.293857,0.399734,0.360666,0.239792,1.190362,-1.513928,-1.235012,-2.205821,0.454859,1.581704,2.424240,0.399327,-0.285392,-0.543882,-0.092864,0.430328,-0.000137,0.182078
43.164995,0.751362,-0.304740,-0.256764,-0.954048,0.812786,0.165381,0.463119,0.252903,-0.294325,-0.090355,0.327641,0.401523,0.361600,0.239585,1.190766,-1.514214,-1.235560,-2.205910,0.455283,1.581703,2.424424,0.399601,-0.284747,-0.545188,-0.091975,0.428687,-0.000467,0.182332
43.166040,0.744347,-0.303875,-0.259818,-0.951583,0.817360,0.163822,0.462266,0.252903,-0.294325,-0.090355,0.327641,0.401523,0.361600,0.239585,1.190766,-1.514214,-1.235560,-2.205910,0.455283,1.581703,2.424424,0.399601,-0.284747,-0.545188,-0.091975,0.428687,-0.000467,0.182332
43.167048,0.739739,-0.303476,-0.255657,-0.948674,0.819879,0.164369,0.461033,0.114149,-0.351291,-0.090661,0.396917,0.404752,0.364465,0.239292,1.191573,-1.514775,-1.236632,-2.206102,0.456108,1.581704,2.424799,0.401305,-0.283239,-0.539921,-0.093956,0.420063,0.000445,0.185749
43.168026,0.730968,-0.299692,-0.249307,-0.946174,0.820131,0.164191,0.459554,0.114149,-0.351291,-0.090661,0.396917,0.404752,0.364465,0.239292,1.191573,-1.514775,-1.236632,-2.206102,0.456108,1.581704,2.424799,0.401305,-0.283239,-0.539921,-0.093956,0.420063,0.000445,0.185749
43.168966,0.725853,-0.298467,-0.249699,-0.944725,0.822175,0.163721,0.459044,0.044342,-0.384912,-0.100825,0.434040,0.406223,0.366548,0.239188,1.191984,-1.515060,-1.237172,-2.206201,0.456523,1.581705,2.424989,0.403428,-0.283922,-0.539990,-0.094646,0.418892,0.000584,0.188294
43.170050,0.720187,-0.296964,-0.249062,-0.942713,0.825871,0.163527,0.458124,-0.026447,-0.420242,-0.115270,0.472551,0.407558,0.368947,0.239075,1.192385,-1.515335,-1.237700,-2.206295,0.456938,1.581707,2.425181,0.403710,-0.283320,-0.536666,-0.094372,0.415759,0.001005,0.188863
43.171076,0.719028,-0.296544,-0.241621,-0.938566,0.825848,0.163905,0.457345,-0.096664,-0.456780,-0.135080,0.510995,0.408551,0.371606,0.238930,1.192793,-1.515619,-1.238230,-2.206393,0.457336,1.581706,2.425374,0.404586,-0.283101,-0.534354,-0.094687,0.411634,0.001153,0.190322
43.171944,0.714204,-0.291686,-0.246101,-0.936887,0.827963,0.163907,0.457242,-0.164241,-0.493836,-0.159962,0.548534,0.409175,0.374496,0.238748,1.193191,-1.515902,-1.238760,-2.206495,0.457742,1.581704,2.425566,0.403154,-0.282209,-0.535278,-0.096992,0.410993,0.000739,0.191472
43.172935,0.711870,-0.296206,-0.243567,-0.934552,0.830652,0.163607,0.456856,-0.226655,-0.530054,-0.188890,0.584407,0.409465,0.377617,0.238537,1.193596,-1.516184,-1.239278,-2.206594,0.458150,1.581706,2.425761,0.403078,-0.283211,-0.529744,-0.096778,0.407625,0.000689,0.191190
43.174035,0.709701,-0.293731,-0.242800,-0.931090,0.827193,0.163480,0.456228,-0.281588,-0.565638,-0.223981,0.617415,0.409309,0.381012,0.238306,1.194000,-1.516459,-1.239805,-2.206692,0.458541,1.581707,2.425958,0.402076,-0.279835,-0.528146,-0.097344,0.404282,0.000939,0.191527
43.174981,0.705174,-0.296650,-0.242023,-0.929258,0.827708,0.163674,0.455357,-0.328492,-0.601370,-0.265987,0.647205,0.408708,0.384653,0.238063,1.194396,-1.516735,-1.240321,-2.206794,0.458951,1.581704,2.426150,0.401397,-0.280263,-0.526117,-0.099012,0.407312,0.001039,0.192410
43.176030,0.705241,-0.296162,-0.243381,-0.926092,0.827803,0.164444,0.454138,-0.368004,-0.637155,-0.313512,0.674029,0.407735,0.388474,0.237832,1.194801,-1.517006,-1.240840,-2.206895,0.459353,1.581703,2.426350,0.401373,-0.277631,-0.523517,-0.098966,0.405835,0.000806,0.193691
43.176936,0.703436,-0.296379,-0.243739,-0.923729,0.824988,0.163445,0.454071,-0.400349,-0.673220,-0.366261,0.697892,0.406386,0.392471,0.237644,1.195194,-1.517283,-1.241347,-2.206997,0.459758,1.581702,2.426546,0.399447,-0.276919,-0.520361,-0.100297,0.405144,-0.000014,0.195721
43.178046,0.695928,-0.295368,-0.239048,-0.919145,0.825928,0.163821,0.454613,-0.438661,-0.746494,-0.488660,0.735017,0.402474,0.401089,0.237427,1.195993,-1.517827,-1.242370,-2.207205,0.460564,1.581705,2.426934,0.398488,-0.274049,-0.515276,-0.103160,0.403614,0.000541,0.193515
43.179050,0.695857,-0.294268,-0.236637,-0.918278,0.824772,0.163759,0.453685,-0.447552,-0.783293,-0.554550,0.750148,0.400319,0.405642,0.237367,1.196381,-1.518100,-1.242875,-2.207303,0.460970,1.581703,2.427130,0.395770,-0.272921,-0.512859,-0.102073,0.403026,0.000590,0.194767
43.180070,0.691226,-0.290392,-0.231414,-0.914924,0.822031,0.163256,0.453838,-0.447552,-0.783293,-0.554550,0.750148,0.400319,0.405642,0.237367,1.196381,-1.518100,-1.242875,-2.207303,0.460970,1.581703,2.427130,0.395770,-0.272921,-0.512859,-0.102073,0.403026,0.000590,0.194767
43.180933,0.689096,-0.283659,-0.221839,-0.915216,0.819175,0.164143,0.453326,-0.449247,-0.817930,-0.619428,0.762071,0.398248,0.410060,0.237317,1.196776,-1.518370,-1.243384,-2.207409,0.461369,1.581704,2.427321,0.395325,-0.273253,-0.511869,-0.103351,0.404114,0.001067,0.193836
43.182067,0.692372,-0.282640,-0.220915,-0.912313,0.815732,0.163915,0.452535,-0.441598,-0.846813,-0.679146,0.768324,0.396281,0.413967,0.237253,1.197162,-1.518647,-1.243891,-2.207504,0.461782,1.581702,2.427516,0.393406,-0.274677,-0.512707,-0.101116,0.404810,0.000152,0.194227
43.183042,0.686390,-0.276416,-0.214361,-0.912149,0.812763,0.163880,0.453415,-0.421366,-0.866835,-0.730837,0.766178,0.394342,0.417069,0.237168,1.197547,-1.518917,-1.244400,-2.207608,0.462188,1.581703,2.427710,0.389318,-0.273725,-0.509795,-0.102035,0.406793,0.000356,0.195212
43.183960,0.687545,-0.272924,-0.202613,-0.909175,0.812408,0.164582,0.453857,-0.386696,-0.877548,-0.775227,0.754423,0.392266,0.419344,0.237061,1.197940,-1.519196,-1.244909,-2.207704,0.462597,1.581704,2.427902,0.389506,-0.275069,-0.509366,-0.100291,0.407886,0.000353,0.192805
43.184957,0.680864,-0.278086,-0.199298,-0.905866,0.814226,0.164622,0.454415,-0.339771,-0.878848,-0.810863,0.734047,0.390063,0.420781,0.236936,1.198320,-1.519471,-1.245417,-2.207808,0.463008,1.581702,2.428091,0.386111,-0.274952,-0.511416,-0.101196,0.406198,-0.000366,0.191312
43.185993,0.679419,-0.267996,-0.196170,-0.904414,0.812574,0.164477,0.453846,-0.285577,-0.872847,-0.836434,0.708528,0.387965,0.421539,0.236808,1.198708,-1.519734,-1.245927,-2.207915,0.463397,1.581700,2.428279,0.386749,-0.270760,-0.509343,-0.102362,0.402750,-0.000418,0.189598
43.186975,0.674469,-0.265987,-0.191233,-0.901566,0.812234,0.163531,0.454003,-0.229508,-0.863363,-0.854866,0.681812,0.386039,0.422006,0.236694,1.199094,-1.520014,-1.246436,-2.208015,0.463798,1.581703,2.428471,0.384813,-0.274168,-0.507336,-0.101853,0.402792,-0.000311,0.190151
43.188015,0.668756,-0.269544,-0.183955,-0.898734,0.814132,0.163357,0.453657,-0.173261,-0.850562,-0.868358,0.654626,0.384079,0.422355,0.236605,1.199473,-1.520283,-1.246936,-2.208118,0.464199,1.581706,2.428660,0.384645,-0.273467,-0.506208,-0.102656,0.401347,0.000597,0.189220
43.188945,0.661993,-0.263176,-0.185656,-0.896767,0.815182,0.162796,0.453961,-0.119863,-0.835492,-0.877352,0.628577,0.382104,0.422649,0.236535,1.199858,-1.520547,-1.247445,-2.208224,0.464596,1.581707,2.428851,0.384898,-0.270148,-0.506290,-0.103389,0.397831,0.000729,0.189319
43.189992,0.658106,-0.267178,-0.175834,-0.893488,0.814854,0.164266,0.453372,-0.074007,-0.821207,-0.883670,0.606381,0.380241,0.423042,0.236478,1.200236,-1.520823,-1.247933,-2.208325,0.464983,1.581708,2.429035,0.385536,-0.271546,-0.501807,-0.103329,0.395039,0.001259,0.188106
43.191046,0.655679,-0.275426,-0.170313,-0.890712,0.815641,0.164060,0.454017,-0.037316,-0.808893,-0.889263,0.588860,0.378487,0.423647,0.236421,1.200619,-1.521084,-1.248441,-2.208433,0.465370,1.581708,2.429225,0.384884,-0.268034,-0.503244,-0.104495,0.393898,-0.000255,0.188704
43.191965,0.652768,-0.276267,-0.164094,-0.890803,0.817391,0.163069,0.455500,-0.009973,-0.800169,-0.894308,0.576501,0.376996,0.424456,0.236329,1.200999,-1.521338,-1.248947,-2.208537,0.465758,1.581708,2.429413,0.383559,-0.262513,-0.502478,-0.105231,0.391632,-0.000066,0.186803
43.192948,0.651424,-0.274418,-0.158330,-0.887903,0.814795,0.163033,0.454548,0.010128,-0.796528,-0.899046,0.567956,0.375808,0.425278,0.236153,1.201376,-1.521596,-1.249445,-2.208638,0.466140,1.581712,2.429588,0.382266,-0.260497,-0.501858,-0.103069,0.388140,0.000888,0.183263
43.194015,0.648680,-0.273897,-0.150418,-0.885831,0.813828,0.163187,0.453988,0.027760,-0.796105,-0.903385,0.559519,0.374697,0.425836,0.235888,1.201751,-1.521850,-1.249946,-2.208744,0.466529,1.581710,2.429774,0.380320,-0.259954,-0.501139,-0.103887,0.389142,0.000901,0.184621
43.195026,0.654627,-0.268087,-0.149833,-0.883094,0.814420,0.163279,0.453515,0.046213,-0.795779,-0.905811,0.549023,0.373562,0.426019,0.235568,1.202129,-1.522108,-1.250441,-2.208845,0.466916,1.581709,2.429960,0.379217,-0.258811,-0.501769,-0.103999,0.388652,0.000721,0.185157
43.195949,0.650192,-0.266190,-0.138341,-0.881266,0.813014,0.164550,0.453585,0.101260,-0.785470,-0.904192,0.515501,0.370936,0.425508,0.234913,1.202867,-1.522628,-1.251450,-2.209051,0.467682,1.581707,2.430333,0.373343,-0.259504,-0.500441,-0.104437,0.386219,-0.000698,0.184756
43.197152,0.651681,-0.262225,-0.128648,-0.879264,0.814176,0.164160,0.453486,0.101260,-0.785470,-0.904192,0.515501,0.370936,0.425508,0.234913,1.202867,-1.522628,-1.251450,-2.209051,0.467682,1.581707,2.430333,0.373343,-0.259504,-0.500441,-0.104437,0.386219,-0.000698,0.184756
43.197956,0.646878,-0.262340,-0.117996,-0.879808,0.813844,0.164802,0.453285,0.141648,-0.771781,-0.897493,0.490725,0.369519,0.424748,0.234624,1.203230,-1.522892,-1.251949,-2.209154,0.468062,1.581709,2.430513,0.370540,-0.260250,-0.502228,-0.104488,0.383989,-0.000332,0.184424
43.198965,0.643705,-0.256282,-0.114581,-0.876660,0.810828,0.164231,0.452474,0.188262,-0.751479,-0.882522,0.460946,0.368310,0.423357,0.234398,1.203598,-1.523142,-1.252459,-2.209250,0.468445,1.581707,2.430700,0.370097,-0.258445,-0.503400,-0.101968,0.382332,-0.000998,0.184205
43.199940,0.635057,-0.252999,-0.100729,-0.877028,0.809821,0.163132,0.451761,0.238695,-0.725909,-0.860116,0.426957,0.367333,0.421324,0.234270,1.203970,-1.523407,-1.252950,-2.209353,0.468824,1.581708,2.430885,0.369151,-0.259923,-0.501653,-0.103125,0.383892,-0.000443,0.185255
43.201072,0.634627,-0.250917,-0.089809,-0.875809,0.809173,0.161708,0.451769,0.288640,-0.696468,-0.831380,0.390956,0.366594,0.418785,0.234233,1.204338,-1.523665,-1.253462,-2.209449,0.469208,1.581709,2.431074,0.370967,-0.260006,-0.504867,-0.100835,0.383257,0.000625,0.186076
43.201929,0.629300,-0.243161,-0.087541,-0.873339,0.808559,0.161408,0.450275,0.335254,-0.663133,-0.794148,0.353937,0.366144,0.415604,0.234251,1.204704,-1.523925,-1.253979,-2.209548,0.469585,1.581712,2.431260,0.368934,-0.259728,-0.506871,-0.100190,0.382722,0.002002,0.185478
43.202943,0.632228,-0.246471,-0.082056,-0.870753,0.812434,0.161822,0.448776,0.378994,-0.626229,-0.748798,0.316126,0.365882,0.411814,0.234311,1.205066,-1.524194,-1.254472,-2.209649,0.469962,1.581715,2.431448,0.368920,-0.261760,-0.504139,-0.100595,0.381511,0.002249,0.187874
43.204008,0.628252,-0.245034,-0.074032,-0.867360,0.814188,0.162281,0.448652,0.421609,-0.588137,-0.700729,0.278788,0.365616,0.407881,0.234414,1.205425,-1.524445,-1.254973,-2.209750,0.470327,1.581716,2.431646,0.365068,-0.258655,-0.503368,-0.101202,0.376264,0.001796,0.190240
43.205042,0.633707,-0.240677,-0.070911,-0.865904,0.816208,0.163361,0.448674,0.463829,-0.552105,-0.653975,0.243925,0.365378,0.404192,0.234534,1.205791,-1.524703,-1.255483,-2.209855,0.470696,1.581716,2.431834,0.364745,-0.258001,-0.503871,-0.102540,0.373266,0.001307,0.189872
43.205951,0.634226,-0.236668,-0.063254,-0.863979,0.814844,0.163105,0.447298,0.507255,-0.518855,-0.609566,0.211914,0.365218,0.400867,0.234633,1.206139,-1.524960,-1.255980,-2.209955,0.471061,1.581715,2.432022,0.359796,-0.258749,-0.501968,-0.102028,0.369957,0.000203,0.189233
43.206981,0.626908,-0.234732,-0.054993,-0.860909,0.817762,0.162933,0.445743,0.556964,-0.486412,-0.568115,0.179912,0.364921,0.397823,0.234710,1.206492,-1.525220,-1.256485,-2.210058,0.471425,1.581715,2.432214,0.357072,-0.259081,-0.501973,-0.101891,0.369787,0.000448,0.191385
43.208049,0.628204,-0.233943,-0.053955,-0.859455,0.820107,0.164628,0.445996,0.612446,-0.454112,-0.528707,0.147587,0.364496,0.394958,0.234773,1.206849,-1.525479,-1.256982,-2.210163,0.471783,1.581715,2.432410,0.358474,-0.258570,-0.502669,-0.102897,0.365603,0.000586,0.193877
43.209023,0.621485,-0.229512,-0.048279,-0.859528,0.820629,0.163051,0.444712,0.667731,-0.423887,-0.491218,0.117809,0.364182,0.392367,0.234818,1.207200,-1.525732,-1.257482,-2.210264,0.472134,1.581711,2.432598,0.355629,-0.257627,-0.499754,-0.102359,0.362187,-0.001128,0.192744
43.209978,0.616984,-0.230210,-0.040933,-0.856132,0.821690,0.164024,0.444516,0.721113,-0.397116,-0.457813,0.090568,0.363951,0.390082,0.234857,1.207558,-1.525992,-1.257984,-2.210362,0.472490,1.581715,2.432799,0.356601,-0.258279,-0.498971,-0.100342,0.360344,0.000428,0.194690
43.211040,0.613911,-0.228085,-0.037171,-0.854220,0.824539,0.163850,0.444564,0.770539,-0.374270,-0.428647,0.065694,0.363815,0.387992,0.234911,1.207910,-1.526246,-1.258475,-2.210466,0.472845,1.581711,2.432993,0.356461,-0.256382,-0.499095,-0.101705,0.357905,-0.000572,0.194434
43.212054,0.605521,-0.221628,-0.034064,-0.853793,0.828324,0.163923,0.444381,0.812613,-0.356317,-0.402890,0.045023,0.363954,0.386156,0.234980,1.208264,-1.526498,-1.258972,-2.210567,0.473187,1.581713,2.433187,0.355785,-0.256124,-0.497588,-0.101614,0.354044,-0.000425,0.193721
43.212962,0.603565,-0.220699,-0.026691,-0.851911,0.826677,0.164469,0.443886,0.846322,-0.343085,-0.380770,0.028833,0.364333,0.384642,0.235056,1.208626,-1.526761,-1.259458,-2.210663,0.473527,1.581713,2.433379,0.357613,-0.257827,-0.495781,-0.100170,0.349163,-0.000527,0.193484
43.213970,0.593996,-0.211605,-0.022030,-0.848315,0.828802,0.163755,0.444240,0.872127,-0.333141,-0.361995,0.015678,0.364793,0.383356,0.235129,1.208979,-1.527012,-1.259955,-2.210766,0.473874,1.581710,2.433574,0.356068,-0.256701,-0.495740,-0.099998,0.349461,-0.001088,0.193837
43.214997,0.593584,-0.211770,-0.018983,-0.845407,0.829920,0.162923,0.444558,0.889900,-0.325178,-0.345375,0.005284,0.365341,0.382261,0.235189,1.209342,-1.527279,-1.260450,-2.210872,0.474215,1.581714,2.433767,0.358482,-0.259680,-0.494591,-0.101487,0.346191,-0.000411,0.192496
43.215944,0.588143,-0.209916,-0.021187,-0.844468,0.832061,0.163623,0.444833,0.898668,-0.318718,-0.330677,-0.001206,0.366055,0.381493,0.235230,1.209692,-1.527536,-1.260935,-2.210977,0.474558,1.581716,2.433956,0.356427,-0.258104,-0.492794,-0.102315,0.343998,0.000384,0.191264
43.217043,0.585253,-0.202894,-0.010392,-0.841992,0.832749,0.163316,0.445598,0.900089,-0.315017,-0.321163,-0.004185,0.366795,0.381192,0.235252,1.210049,-1.527791,-1.261414,-2.211076,0.474888,1.581714,2.434149,0.356710,-0.257486,-0.488226,-0.101281,0.340712,-0.000345,0.190090
43.217978,0.585975,-0.200069,-0.011473,-0.840906,0.836943,0.164314,0.445812,0.896846,-0.313868,-0.318146,-0.005453,0.367357,0.381284,0.235262,1.210404,-1.528054,-1.261911,-2.211177,0.475226,1.581717,2.434335,0.355998,-0.259619,-0.490418,-0.101826,0.339167,-0.000081,0.187978
43.218942,0.581928,-0.191959,-0.008556,-0.836888,0.838392,0.165295,0.445357,0.892301,-0.312401,-0.319068,-0.007254,0.367622,0.381530,0.235279,1.210752,-1.528310,-1.262388,-2.211276,0.475552,1.581718,2.434517,0.353249,-0.259428,-0.486376,-0.100903,0.333811,-0.001122,0.186980
43.220078,0.580295,-0.190355,-0.006823,-0.835266,0.838835,0.165322,0.445248,0.889801,-0.309198,-0.324139,-0.010837,0.367431,0.381939,0.235331,1.211106,-1.528576,-1.262868,-2.211382,0.475874,1.581716,2.434705,0.352902,-0.261845,-0.484447,-0.102844,0.331370,-0.002116,0.187300
43.221015,0.570126,-0.191420,-0.002942,-0.833899,0.841220,0.164838,0.445620,0.889011,-0.304459,-0.334345,-0.015257,0.366694,0.382668,0.235443,1.211454,-1.528836,-1.263340,-2.211482,0.476203,1.581715,2.434890,0.351721,-0.261305,-0.482419,-0.102514,0.330236,-0.002160,0.186946
43.221936,0.566538,-0.192031,-0.000857,-0.829958,0.842589,0.164253,0.445703,0.886169,-0.299952,-0.349403,-0.018797,0.365454,0.383680,0.235619,1.211813,-1.529093,-1.263821,-2.211584,0.476519,1.581715,2.435077,0.354340,-0.259163,-0.480880,-0.101852,0.326810,-0.001692,0.185589
43.223001,0.560495,-0.194878,-0.001545,-0.826356,0.844620,0.163662,0.445972,0.875995,-0.299097,-0.369715,-0.018821,0.363907,0.384977,0.235840,1.212167,-1.529348,-1.264297,-2.211689,0.476847,1.581715,2.435257,0.353623,-0.257264,-0.478460,-0.103684,0.324267,-0.001135,0.184854
43.224049,0.556960,-0.195679,0.006621,-0.823302,0.846599,0.163135,0.447329,0.855287,-0.304938,-0.396667,-0.012454,0.362328,0.386778,0.236085,1.212518,-1.529598,-1.264760,-2.211796,0.477161,1.581715,2.435438,0.354509,-0.254530,-0.475153,-0.105172,0.321527,-0.000573,0.183752
43.224958,0.549629,-0.188730,0.003591,-0.821282,0.847217,0.162704,0.447806,0.782772,-0.337677,-0.466744,0.021726,0.359975,0.391921,0.236566,1.213227,-1.530105,-1.265699,-2.212013,0.477787,1.581715,2.435791,0.355205,-0.254670,-0.471216,-0.105873,0.317150,0.000330,0.178970
43.226033,0.545295,-0.190424,0.008809,-0.817674,0.848323,0.162140,0.449350,0.782772,-0.337677,-0.466744,0.021726,0.359975,0.391921,0.236566,1.213227,-1.530105,-1.265699,-2.212013,0.477787,1.581715,2.435791,0.355205,-0.254670,-0.471216,-0.105873,0.317150,0.000330,0.178970
43.227040,0.539912,-0.190328,0.016741,-0.815526,0.850753,0.161959,0.449171,0.735177,-0.360182,-0.506121,0.046385,0.359276,0.394950,0.236757,1.213583,-1.530351,-1.266168,-2.212124,0.478095,1.581714,2.435960,0.355160,-0.252541,-0.470871,-0.107297,0.315408,0.000876,0.175353
43.227967,0.533789,-0.184370,0.018174,-0.811237,0.845449,0.161784,0.448924,0.624247,-0.410807,-0.581660,0.106157,0.359451,0.401136,0.237063,1.214300,-1.530859,-1.267100,-2.212345,0.478725,1.581717,2.436308,0.356038,-0.252592,-0.469069,-0.109271,0.316456,0.001158,0.175146
43.229006,0.533942,-0.183971,0.024466,-0.809355,0.844416,0.161963,0.448588,0.624247,-0.410807,-0.581660,0.106157,0.359451,0.401136,0.237063,1.214300,-1.530859,-1.267100,-2.212345,0.478725,1.581717,2.436308,0.356038,-0.252592,-0.469069,-0.109271,0.316456,0.001158,0.175146
43.230021,0.529764,-0.182830,0.024627,-0.803954,0.843531,0.161498,0.449122,0.565206,-0.435738,-0.613973,0.138761,0.360360,0.404048,0.237268,1.214650,-1.531107,-1.267568,-2.212456,0.479042,1.581717,2.436480,0.353733,-0.251441,-0.469157,-0.108920,0.316654,0.000946,0.175295
43.230930,0.526137,-0.180146,0.031257,-0.801716,0.842565,0.161629,0.450613,0.508716,-0.459198,-0.643201,0.170893,0.361650,0.406835,0.237536,1.215002,-1.531353,-1.268023,-2.212574,0.479358,1.581719,2.436649,0.353571,-0.250670,-0.466229,-0.111955,0.316687,0.001381,0.173690
43.231999,0.519131,-0.180408,0.029056,-0.797178,0.841015,0.161981,0.451037,0.455611,-0.481733,-0.670160,0.202748,0.363320,0.409601,0.237848,1.215353,-1.531600,-1.268490,-2.212686,0.479679,1.581717,2.436814,0.352922,-0.250509,-0.466189,-0.111881,0.316518,0.001227,0.170170
43.232970,0.518790,-0.177615,0.032228,-0.794940,0.841405,0.161487,0.450741,0.404444,-0.504197,-0.695821,0.235170,0.365365,0.412447,0.238178,1.215710,-1.531846,-1.268952,-2.212806,0.479994,1.581716,2.436980,0.354220,-0.249106,-0.462126,-0.114024,0.317375,0.000849,0.168846
43.233915,0.514253,-0.178500,0.037194,-0.791360,0.840108,0.161202,0.450295,0.354798,-0.527515,-0.722114,0.268248,0.367676,0.415472,0.238505,1.216056,-1.532095,-1.269407,-2.212920,0.480312,1.581717,2.437145,0.352073,-0.249073,-0.460638,-0.113917,0.315987,0.001320,0.168942
43.235049,0.511454,-0.175359,0.044182,-0.789480,0.837349,0.161612,0.451078,0.267593,-0.573522,-0.773960,0.330488,0.372731,0.421512,0.239110,1.216762,-1.532586,-1.270335,-2.213150,0.480951,1.581715,2.437481,0.351294,-0.247624,-0.460581,-0.114742,0.318437,0.001140,0.167227
43.235981,0.504973,-0.176043,0.047365,-0.785955,0.834047,0.159884,0.450802,0.267593,-0.573522,-0.773960,0.330488,0.372731,0.421512,0.239110,1.216762,-1.532586,-1.270335,-2.213150,0.480951,1.581715,2.437481,0.351294,-0.247624,-0.460581,-0.114742,0.318437,0.001140,0.167227
43.236973,0.497090,-0.170836,0.050205,-0.782558,0.833230,0.160126,0.451219,0.230263,-0.593431,-0.794546,0.357778,0.375420,0.424072,0.239347,1.217115,-1.532826,-1.270789,-2.213269,0.481274,1.581719,2.437645,0.352107,-0.245865,-0.458979,-0.115842,0.320634,0.002841,0.167285
43.237996,0.491227,-0.169664,0.061477,-0.779531,0.833193,0.160626,0.451427,0.193673,-0.611145,-0.811097,0.383706,0.378187,0.426307,0.239520,1.217470,-1.533074,-1.271243,-2.213388,0.481592,1.581719,2.437812,0.353699,-0.247095,-0.457375,-0.116814,0.320517,0.002553,0.165925
43.239060,0.486711,-0.177003,0.064794,-0.778448,0.830268,0.160802,0.452082,0.154467,-0.626183,-0.822447,0.410017,0.381120,0.428277,0.239633,1.217820,-1.533320,-1.271701,-2.213505,0.481912,1.581720,2.437974,0.354394,-0.246343,-0.460054,-0.117469,0.319682,0.002017,0.165023
43.240078,0.478742,-0.174689,0.069147,-0.775855,0.830047,0.161447,0.452309,0.112070,-0.638424,-0.826881,0.436574,0.384267,0.429843,0.239711,1.218174,-1.533548,-1.272161,-2.213620,0.482234,1.581718,2.438136,0.354452,-0.241591,-0.458763,-0.116218,0.321839,0.001830,0.163222
43.241005,0.483611,-0.176034,0.071796,-0.772324,0.832331,0.161747,0.451973,0.067009,-0.649704,-0.826427,0.462622,0.387493,0.430957,0.239782,1.218537,-1.533789,-1.272616,-2.213735,0.482556,1.581721,2.438293,0.356057,-0.241520,-0.457964,-0.116502,0.321135,0.001135,0.162309
43.242018,0.477008,-0.175395,0.075263,-0.769274,0.831225,0.163324,0.451532,0.022497,-0.660261,-0.823921,0.487081,0.390596,0.431769,0.239888,1.218878,-1.534028,-1.273065,-2.213855,0.482867,1.581718,2.438454,0.351245,-0.239430,-0.456154,-0.117578,0.317828,0.000828,0.162492
43.243043,0.478205,-0.181640,0.074312,-0.767368,0.825775,0.162568,0.451191,-0.048546,-0.677500,-0.821466,0.527246,0.395821,0.433231,0.240404,1.219574,-1.534492,-1.273963,-2.214090,0.483512,1.581719,2.438778,0.349546,-0.234278,-0.451603,-0.117765,0.322665,-0.000041,0.163073
43.244042,0.469321,-0.181087,0.082594,-0.764890,0.824505,0.163642,0.451192,-0.048546,-0.677500,-0.821466,0.527246,0.395821,0.433231,0.240404,1.219574,-1.534492,-1.273963,-2.214090,0.483512,1.581719,2.438778,0.349546,-0.234278,-0.451603,-0.117765,0.322665,-0.000041,0.163073
43.245087,0.467309,-0.184064,0.089553,-0.763845,0.825043,0.163459,0.451118,-0.074972,-0.686329,-0.825516,0.542903,0.397713,0.434001,0.240834,1.219928,-1.534721,-1.274418,-2.214207,0.483832,1.581715,2.438940,0.351715,-0.233425,-0.452769,-0.117865,0.322968,-0.001137,0.162572
43.246078,0.466194,-0.183778,0.096780,-0.762557,0.823757,0.163404,0.452236,-0.098378,-0.694965,-0.830211,0.556207,0.399235,0.434582,0.241336,1.220277,-1.534949,-1.274871,-2.214322,0.484155,1.581717,2.439102,0.350513,-0.230856,-0.453356,-0.116584,0.321573,-0.000985,0.162234
43.246978,0.462567,-0.178944,0.104032,-0.760741,0.823529,0.162654,0.452421,-0.118029,-0.701415,-0.831643,0.565952,0.400464,0.434682,0.241858,1.220620,-1.535179,-1.275325,-2.214436,0.484481,1.581717,2.439255,0.348862,-0.229825,-0.453945,-0.115568,0.321879,-0.000958,0.159515
43.247961,0.461369,-0.177654,0.109904,-0.757200,0.823514,0.163394,0.452126,-0.130622,-0.703266,-0.827730,0.569991,0.401313,0.434118,0.242365,1.220969,-1.535411,-1.275781,-2.214549,0.484795,1.581716,2.439415,0.348232,-0.230915,-0.454298,-0.115053,0.321006,-0.000218,0.158664
43.248979,0.454124,-0.177375,0.119726,-0.756300,0.824398,0.162854,0.451682,-0.135389,-0.698883,-0.817418,0.568453,0.401795,0.432975,0.242837,1.221317,-1.535641,-1.276236,-2.214665,0.485115,1.581713,2.439570,0.346533,-0.230341,-0.454173,-0.116259,0.320061,-0.000984,0.158795
43.250049,0.455571,-0.173997,0.121797,-0.752024,0.823641,0.163121,0.452276,-0.130528,-0.673976,-0.776804,0.556093,0.402312,0.429592,0.243602,1.222008,-1.536100,-1.277146,-2.214899,0.485747,1.581715,2.439885,0.345148,-0.230001,-0.454280,-0.116726,0.318389,-0.000775,0.157540
43.251092,0.447013,-0.171827,0.120809,-0.749851,0.820009,0.161420,0.452921,-0.124210,-0.656304,-0.750835,0.548164,0.402470,0.427792,0.243874,1.222355,-1.536329,-1.277586,-2.215014,0.486072,1.581722,2.440040,0.347322,-0.229988,-0.451035,-0.116581,0.321177,0.000879,0.155793
43.251999,0.447038,-0.170553,0.129293,-0.745958,0.820598,0.162395,0.452972,-0.117255,-0.637685,-0.725955,0.540939,0.402586,0.426277,0.244093,1.222696,-1.536554,-1.278042,-2.215136,0.486388,1.581719,2.440193,0.344926,-0.229359,-0.452060,-0.117951,0.319451,-0.000128,0.155232
43.252982,0.443998,-0.166825,0.134666,-0.746768,0.816709,0.162898,0.452473,-0.117255,-0.637685,-0.725955,0.540939,0.402586,0.426277,0.244093,1.222696,-1.536554,-1.278042,-2.215136,0.486388,1.581719,2.440193,0.344926,-0.229359,-0.452060,-0.117951,0.319451,-0.000128,0.155232
43.254086,0.445843,-0.165917,0.136978,-0.744824,0.812766,0.162318,0.454293,-0.091741,-0.594957,-0.676457,0.520840,0.402694,0.423251,0.244589,1.223377,-1.537012,-1.278944,-2.215361,0.487049,1.581719,2.440490,0.341370,-0.229505,-0.450159,-0.114570,0.325490,-0.000096,0.151689
43.255037,0.444149,-0.165901,0.146561,-0.743693,0.809895,0.161622,0.453861,-0.065544,-0.569319,-0.651499,0.501969,0.402379,0.421205,0.244943,1.223716,-1.537238,-1.279399,-2.215473,0.487377,1.581723,2.440644,0.339990,-0.228303,-0.451841,-0.113407,0.327237,0.000551,0.152133
43.255992,0.440948,-0.166984,0.158318,-0.740455,0.811414,0.161908,0.455105,-0.031647,-0.541659,-0.623841,0.478026,0.402036,0.418639,0.245367,1.224049,-1.537460,-1.279852,-2.215590,0.487702,1.581722,2.440785,0.339443,-0.226618,-0.454629,-0.114267,0.324607,0.000238,0.149195
43.256993,0.439680,-0.165906,0.160754,-0.736614,0.808898,0.161257,0.455061,-0.031647,-0.541659,-0.623841,0.478026,0.402036,0.418639,0.245367,1.224049,-1.537460,-1.279852,-2.215590,0.487702,1.581722,2.440785,0.339443,-0.226618,-0.454629,-0.114267,0.324607,0.000238,0.149195
43.258027,0.434394,-0.163037,0.166119,-0.733822,0.804046,0.161193,0.455801,0.005133,-0.513673,-0.591797,0.452760,0.402018,0.415712,0.245830,1.224384,-1.537685,-1.280302,-2.215710,0.488026,1.581724,2.440931,0.337971,-0.226055,-0.452847,-0.115684,0.326205,0.000860,0.148879
43.258939,0.432747,-0.163661,0.170140,-0.731756,0.804458,0.162579,0.456190,0.041226,-0.487137,-0.557639,0.429252,0.402348,0.412792,0.246314,1.224723,-1.537911,-1.280757,-2.215824,0.488360,1.581723,2.441076,0.338562,-0.226428,-0.452618,-0.116163,0.330096,0.000896,0.146964
43.260006,0.428457,-0.164048,0.178711,-0.730679,0.803993,0.161991,0.456944,0.105676,-0.441726,-0.490825,0.390278,0.403374,0.407555,0.247259,1.225394,-1.538351,-1.281662,-2.216055,0.489016,1.581721,2.441359,0.337293,-0.223775,-0.452901,-0.114602,0.328061,0.000060,0.143851
43.260985,0.423257,-0.162321,0.175336,-0.728960,0.804949,0.162527,0.456632,0.105676,-0.441726,-0.490825,0.390278,0.403374,0.407555,0.247259,1.225394,-1.538351,-1.281662,-2.216055,0.489016,1.581721,2.441359,0.337293,-0.223775,-0.452901,-0.114602,0.328061,0.000060,0.143851
43.261956,0.420827,-0.161524,0.182178,-0.725700,0.804098,0.162685,0.458098,0.133390,-0.423962,-0.459690,0.373771,0.403837,0.405137,0.247657,1.225726,-1.538577,-1.282101,-2.216167,0.489339,1.581721,2.441500,0.337791,-0.223501,-0.448272,-0.114056,0.326098,-0.000513,0.144084
43.263081,0.419135,-0.160169,0.186159,-0.722755,0.805283,0.161037,0.458646,0.156918,-0.410616,-0.432905,0.359669,0.404156,0.403012,0.247979,1.226062,-1.538794,-1.282553,-2.216284,0.489661,1.581719,2.441635,0.336836,-0.222833,-0.448690,-0.114965,0.325964,-0.000679,0.140726
43.264111,0.416312,-0.159447,0.194362,-0.720826,0.806827,0.160945,0.459806,0.193188,-0.394388,-0.388981,0.339717,0.404773,0.399757,0.248376,1.226727,-1.539239,-1.283458,-2.216516,0.490301,1.581723,2.441898,0.335268,-0.221960,-0.449196,-0.115170,0.321724,0.000975,0.136600
43.265024,0.408268,-0.158416,0.200122,-0.718668,0.805303,0.160998,0.459355,0.193188,-0.394388,-0.388981,0.339717,0.404773,0.399757,0.248376,1.226727,-1.539239,-1.283458,-2.216516,0.490301,1.581723,2.441898,0.335268,-0.221960,-0.449196,-0.115170,0.321724,0.000975,0.136600
43.265998,0.407603,-0.157500,0.205484,-0.715784,0.804194,0.161346,0.459639,0.213436,-0.385820,-0.343844,0.329221,0.406024,0.396854,0.248542,1.227405,-1.539674,-1.284357,-2.216748,0.490937,1.581723,2.442168,0.335112,-0.220718,-0.448562,-0.115490,0.322332,0.000522,0.136164
43.266975,0.406226,-0.151934,0.209220,-0.713316,0.803754,0.161815,0.459781,0.213436,-0.385820,-0.343844,0.329221,0.406024,0.396854,0.248542,1.227405,-1.539674,-1.284357,-2.216748,0.490937,1.581723,2.442168,0.335112,-0.220718,-0.448562,-0.115490,0.322332,0.000522,0.136164
43.267979,0.399560,-0.154392,0.215928,-0.710877,0.806017,0.160534,0.459018,0.218361,-0.383132,-0.320467,0.326485,0.406762,0.395483,0.248587,1.227734,-1.539896,-1.284798,-2.216865,0.491262,1.581722,2.442305,0.333735,-0.222407,-0.447527,-0.115548,0.321738,0.000030,0.135489
43.269137,0.400551,-0.148955,0.212279,-0.708067,0.807662,0.161599,0.458849,0.224567,-0.378549,-0.275271,0.322743,0.407983,0.393084,0.248695,1.228393,-1.540341,-1.285679,-2.217100,0.491886,1.581722,2.442574,0.332813,-0.221995,-0.443732,-0.116109,0.316507,0.000179,0.136619
43.269925,0.399294,-0.150876,0.212927,-0.706180,0.804936,0.162068,0.459169,0.227855,-0.378423,-0.259263,0.321318,0.408178,0.392345,0.248775,1.228723,-1.540556,-1.286114,-2.217216,0.492200,1.581724,2.442710,0.331010,-0.219676,-0.440775,-0.115530,0.317935,-0.000313,0.135544
43.270995,0.397936,-0.145361,0.216172,-0.706388,0.807714,0.162412,0.459695,0.227855,-0.378423,-0.259263,0.321318,0.408178,0.392345,0.248775,1.228723,-1.540556,-1.286114,-2.217216,0.492200,1.581724,2.442710,0.331010,-0.219676,-0.440775,-0.115530,0.317935,-0.000313,0.135544
43.271944,0.395900,-0.148154,0.211571,-0.701212,0.808263,0.162929,0.459916,0.236511,-0.379620,-0.251385,0.317139,0.407745,0.391904,0.248874,1.229053,-1.540781,-1.286554,-2.217323,0.492508,1.581724,2.442843,0.329796,-0.221469,-0.439741,-0.113201,0.314462,-0.000684,0.134123
43.272953,0.391966,-0.147323,0.213805,-0.700569,0.809443,0.162344,0.459518,0.251105,-0.382056,-0.251896,0.309682,0.406688,0.391708,0.248991,1.229377,-1.540996,-1.286978,-2.217446,0.492818,1.581722,2.442972,0.328750,-0.218964,-0.434634,-0.115886,0.313000,-0.001221,0.133315
43.274099,0.388656,-0.148091,0.220160,-0.697865,0.808694,0.161740,0.460349,0.268645,-0.387674,-0.262289,0.301462,0.405184,0.391988,0.249129,1.229706,-1.541210,-1.287409,-2.217557,0.493122,1.581723,2.443108,0.328731,-0.218433,-0.433085,-0.114274,0.311081,-0.000657,0.133740
43.275041,0.384958,-0.150676,0.226898,-0.698615,0.809899,0.163375,0.459211,0.301973,-0.407496,-0.300014,0.286256,0.401629,0.393147,0.249380,1.230362,-1.541636,-1.288278,-2.217779,0.493741,1.581721,2.443370,0.328384,-0.214942,-0.434319,-0.111788,0.309201,-0.001752,0.133642
43.276045,0.385108,-0.145375,0.225866,-0.696429,0.808716,0.162798,0.459310,0.318391,-0.418428,-0.319540,0.276865,0.399751,0.393318,0.249510,1.230688,-1.541859,-1.288708,-2.217890,0.494052,1.581723,2.443501,0.326311,-0.216564,-0.431066,-0.111757,0.309589,-0.001194,0.133053
43.277021,0.381042,-0.143189,0.235816,-0.691943,0.809080,0.162809,0.458498,0.318391,-0.418428,-0.319540,0.276865,0.399751,0.393318,0.249510,1.230688,-1.541859,-1.288708,-2.217890,0.494052,1.581723,2.443501,0.326311,-0.216564,-0.431066,-0.111757,0.309589,-0.001194,0.133053
43.278041,0.378974,-0.141486,0.241355,-0.691519,0.807979,0.162647,0.458513,0.358840,-0.435021,-0.355267,0.252665,0.395686,0.392929,0.249973,1.231332,-1.542286,-1.289567,-2.218119,0.494663,1.581723,2.443770,0.323973,-0.215270,-0.431469,-0.111732,0.306827,-0.001069,0.133495
43.278962,0.376383,-0.136594,0.242219,-0.688923,0.812995,0.161962,0.457357,0.383695,-0.439709,-0.370255,0.238546,0.393503,0.392459,0.250321,1.231656,-1.542506,-1.289986,-2.218231,0.494950,1.581725,2.443909,0.322436,-0.215959,-0.428178,-0.111927,0.300056,-0.000398,0.135237
43.280024,0.374816,-0.136096,0.245873,-0.684406,0.813387,0.161503,0.457120,0.412507,-0.442945,-0.386338,0.223545,0.391136,0.392055,0.250728,1.231971,-1.542713,-1.290410,-2.218347,0.495245,1.581726,2.444046,0.320644,-0.214701,-0.426472,-0.113957,0.298124,0.000042,0.135095
43.281030,0.372715,-0.135397,0.247196,-0.683534,0.812747,0.161773,0.457234,0.444416,-0.446310,-0.405825,0.209153,0.388658,0.391955,0.251160,1.232289,-1.542923,-1.290829,-2.218459,0.495536,1.581723,2.444182,0.319027,-0.213483,-0.423551,-0.112387,0.297154,-0.000231,0.134276
43.281977,0.372218,-0.128218,0.249135,-0.680700,0.811937,0.162490,0.456384,0.480575,-0.449753,-0.429862,0.194398,0.385944,0.392148,0.251588,1.232596,-1.543144,-1.291239,-2.218572,0.495829,1.581722,2.444320,0.316665,-0.215345,-0.420962,-0.112817,0.296246,-0.000957,0.135400
43.282987,0.372932,-0.128509,0.249072,-0.678055,0.811224,0.163335,0.455281,0.522969,-0.452371,-0.459108,0.178053,0.382848,0.392670,0.251998,1.232902,-1.543353,-1.291651,-2.218685,0.496123,1.581718,2.444460,0.313779,-0.213605,-0.417444,-0.113020,0.295314,-0.001786,0.137007
43.283969,0.370342,-0.125608,0.251268,-0.674108,0.812945,0.162463,0.454664,0.522969,-0.452371,-0.459108,0.178053,0.382848,0.392670,0.251998,1.232902,-1.543353,-1.291651,-2.218685,0.496123,1.581718,2.444460,0.313779,-0.213605,-0.417444,-0.113020,0.295314,-0.001786,0.137007
43.285008,0.370192,-0.124895,0.252085,-0.674557,0.812520,0.161755,0.454597,0.571071,-0.454872,-0.494185,0.160989,0.379438,0.393665,0.252367,1.233215,-1.543569,-1.292063,-2.218804,0.496411,1.581721,2.444600,0.312453,-0.213406,-0.415028,-0.114409,0.291949,-0.000924,0.137629
43.286077,0.366681,-0.118304,0.257394,-0.671158,0.812735,0.160395,0.453135,0.623480,-0.457906,-0.534515,0.143594,0.375804,0.395065,0.252674,1.233519,-1.543775,-1.292463,-2.218909,0.496700,1.581721,2.444739,0.310058,-0.212248,-0.412130,-0.111671,0.290839,-0.000228,0.137152
43.286963,0.364197,-0.119950,0.262965,-0.668936,0.814019,0.160481,0.451367,0.679753,-0.460233,-0.577424,0.124630,0.371933,0.396560,0.252943,1.233825,-1.543993,-1.292873,-2.219027,0.496983,1.581722,2.444885,0.309375,-0.213972,-0.411431,-0.112596,0.289161,0.001121,0.139470
43.288045,0.359570,-0.120238,0.259339,-0.664601,0.817914,0.161170,0.450199,0.737351,-0.460791,-0.619014,0.104769,0.367992,0.397960,0.253220,1.234127,-1.544201,-1.293277,-2.219137,0.497265,1.581722,2.445030,0.307995,-0.211437,-0.410651,-0.112409,0.286175,0.001011,0.142395
43.289019,0.354995,-0.114290,0.264763,-0.663481,0.818939,0.161085,0.449502,0.791713,-0.461698,-0.658974,0.087171,0.364266,0.399468,0.253536,1.234436,-1.544407,-1.293672,-2.219258,0.497534,1.581720,2.445178,0.307845,-0.209851,-0.405617,-0.114169,0.280959,0.000314,0.144083
43.289998,0.349051,-0.110666,0.268688,-0.661238,0.818466,0.161188,0.448044,0.839511,-0.464877,-0.698973,0.074035,0.360892,0.401342,0.253909,1.234745,-1.544621,-1.294075,-2.219366,0.497809,1.581722,2.445327,0.307540,-0.211202,-0.404938,-0.112928,0.278457,0.000384,0.144829
43.291067,0.342977,-0.113546,0.271343,-0.657741,0.815774,0.161829,0.447255,0.879807,-0.468483,-0.736802,0.064647,0.357894,0.403412,0.254345,1.235051,-1.544834,-1.294472,-2.219480,0.498083,1.581722,2.445476,0.307953,-0.211368,-0.403544,-0.112737,0.277461,0.000270,0.147122
43.292001,0.338827,-0.110222,0.274362,-0.653883,0.814809,0.161527,0.446006,0.910991,-0.471968,-0.770661,0.058883,0.355364,0.405508,0.254816,1.235360,-1.545038,-1.294873,-2.219596,0.498362,1.581720,2.445622,0.308503,-0.208456,-0.401606,-0.113747,0.278752,-0.000378,0.148054
43.292948,0.335063,-0.113262,0.279015,-0.649706,0.813982,0.160700,0.445758,0.930935,-0.477163,-0.801611,0.058251,0.353439,0.407745,0.255270,1.235665,-1.545246,-1.295266,-2.219715,0.498641,1.581723,2.445774,0.307977,-0.208532,-0.399755,-0.115019,0.278106,-0.000089,0.149915
43.293955,0.328950,-0.111298,0.284564,-0.648504,0.812811,0.161943,0.445815,0.939873,-0.484871,-0.830282,0.063247,0.352220,0.410188,0.255664,1.235972,-1.545443,-1.295662,-2.219834,0.498915,1.581726,2.445927,0.307246,-0.205511,-0.398698,-0.116609,0.277409,0.000716,0.149736
43.295027,0.325412,-0.106587,0.289021,-0.645947,0.809417,0.161301,0.445702,0.939096,-0.494936,-0.856127,0.072915,0.351736,0.412711,0.255966,1.236281,-1.545649,-1.296062,-2.219947,0.499191,1.581723,2.446075,0.307755,-0.204995,-0.398139,-0.115357,0.277112,-0.000546,0.148982
43.295986,0.324268,-0.103116,0.292461,-0.642429,0.806332,0.161749,0.444945,0.930830,-0.505474,-0.877721,0.084629,0.351829,0.415033,0.256171,1.236584,-1.545857,-1.296458,-2.220063,0.499477,1.581726,2.446222,0.307102,-0.205873,-0.397162,-0.115438,0.279048,0.000089,0.148576
43.297032,0.319839,-0.105382,0.301634,-0.638878,0.805869,0.161988,0.444741,0.918964,-0.513753,-0.894440,0.095531,0.352223,0.417004,0.256298,1.236888,-1.546060,-1.296855,-2.220181,0.499762,1.581724,2.446376,0.305109,-0.206068,-0.395491,-0.116400,0.280499,-0.000365,0.149444
43.298039,0.319665,-0.103073,0.308047,-0.636882,0.803566,0.161267,0.445053,0.905675,-0.519071,-0.906290,0.105010,0.352816,0.418665,0.256370,1.237193,-1.546258,-1.297257,-2.220297,0.500039,1.581724,2.446528,0.304867,-0.203512,-0.396792,-0.117476,0.279517,-0.000619,0.149190
43.299078,0.315296,-0.098785,0.312653,-0.632551,0.802422,0.160793,0.444441,0.891461,-0.521723,-0.912206,0.113123,0.353614,0.419950,0.256414,1.237488,-1.546459,-1.297655,-2.220414,0.500320,1.581725,2.446669,0.302548,-0.203231,-0.396670,-0.116923,0.280310,0.000099,0.147946
43.299974,0.310373,-0.092914,0.313597,-0.629194,0.797593,0.161271,0.443332,0.877623,-0.521095,-0.911672,0.119119,0.354478,0.420768,0.256480,1.237791,-1.546663,-1.298050,-2.220538,0.500597,1.581728,2.446821,0.302294,-0.203911,-0.395725,-0.118586,0.280012,0.000541,0.148537
43.300972,0.304604,-0.095988,0.317923,-0.625233,0.798540,0.160690,0.441798,0.863600,-0.516927,-0.906444,0.123715,0.355235,0.421309,0.256614,1.238091,-1.546871,-1.298437,-2.220659,0.500885,1.581725,2.446974,0.302182,-0.205195,-0.392833,-0.119295,0.283140,0.000062,0.150113
43.302094,0.300693,-0.101237,0.323140,-0.624139,0.798373,0.160594,0.442214,0.846533,-0.510982,-0.899579,0.129112,0.355836,0.421874,0.256823,1.238395,-1.547065,-1.298830,-2.220783,0.501162,1.581728,2.447131,0.302562,-0.202233,-0.391737,-0.120564,0.280646,0.000624,0.152518
43.303167,0.296890,-0.098844,0.325656,-0.620043,0.798707,0.161799,0.440624,0.796437,-0.505515,-0.887763,0.146560,0.356891,0.423167,0.257307,1.238996,-1.547450,-1.299604,-2.221022,0.501725,1.581725,2.447436,0.301694,-0.198274,-0.389476,-0.120644,0.277672,-0.000507,0.153554
43.303967,0.292442,-0.104301,0.330177,-0.616378,0.796411,0.161949,0.441434,0.796437,-0.505515,-0.887763,0.146560,0.356891,0.423167,0.257307,1.238996,-1.547450,-1.299604,-2.221022,0.501725,1.581725,2.447436,0.301694,-0.198274,-0.389476,-0.120644,0.277672,-0.000507,0.153554
43.305096,0.283746,-0.099591,0.335614,-0.613155,0.795906,0.162644,0.440673,0.764246,-0.508369,-0.884254,0.158759,0.357453,0.423916,0.257514,1.239298,-1.547635,-1.299994,-2.221147,0.502005,1.581725,2.447582,0.301210,-0.194043,-0.388223,-0.121526,0.278209,-0.000653,0.151267
43.306023,0.275149,-0.097606,0.340738,-0.606856,0.795104,0.162660,0.441888,0.726282,-0.515309,-0.882460,0.174533,0.358181,0.424860,0.257657,1.239600,-1.547832,-1.300377,-2.221267,0.502280,1.581724,2.447736,0.303242,-0.195141,-0.387986,-0.122171,0.277399,-0.001360,0.152156
43.306984,0.278878,-0.098142,0.352399,-0.605187,0.794760,0.162768,0.441432,0.624336,-0.535625,-0.874237,0.222212,0.360880,0.427421,0.257739,1.240206,-1.548217,-1.301155,-2.221523,0.502821,1.581724,2.448032,0.300492,-0.192997,-0.389799,-0.124509,0.275555,-0.001497,0.149365
43.307972,0.271207,-0.099409,0.362703,-0.599508,0.793467,0.161462,0.441035,0.624336,-0.535625,-0.874237,0.222212,0.360880,0.427421,0.257739,1.240206,-1.548217,-1.301155,-2.221523,0.502821,1.581724,2.448032,0.300492,-0.192997,-0.389799,-0.124509,0.275555,-0.001497,0.149365
43.309007,0.266237,-0.097206,0.363699,-0.597541,0.792017,0.161163,0.440273,0.568216,-0.544633,-0.861833,0.250051,0.362903,0.428562,0.257725,1.240510,-1.548405,-1.301545,-2.221659,0.503093,1.581726,2.448180,0.301868,-0.191041,-0.391689,-0.127248,0.275405,-0.000201,0.149524
43.310080,0.265139,-0.096068,0.368527,-0.593049,0.791090,0.161638,0.440432,0.511777,-0.552171,-0.842688,0.278456,0.365298,0.429348,0.257697,1.240813,-1.548593,-1.301928,-2.221786,0.503364,1.581729,2.448333,0.301884,-0.190876,-0.389046,-0.126411,0.275469,0.000063,0.150397
43.310983,0.262274,-0.092589,0.376591,-0.588712,0.792972,0.161812,0.438867,0.403690,-0.564180,-0.796496,0.333770,0.370327,0.430404,0.257667,1.241406,-1.548968,-1.302698,-2.222049,0.503903,1.581727,2.448642,0.298985,-0.190541,-0.389133,-0.129523,0.271625,-0.000599,0.151906
43.312011,0.257913,-0.094030,0.381974,-0.584271,0.794418,0.161695,0.439674,0.403690,-0.564180,-0.796496,0.333770,0.370327,0.430404,0.257667,1.241406,-1.548968,-1.302698,-2.222049,0.503903,1.581727,2.448642,0.298985,-0.190541,-0.389133,-0.129523,0.271625,-0.000599,0.151906
43.313103,0.253963,-0.095087,0.380716,-0.583507,0.796203,0.161951,0.438386,0.355786,-0.567520,-0.770421,0.359869,0.372870,0.430864,0.257672,1.241708,-1.549154,-1.303089,-2.222184,0.504169,1.581727,2.448786,0.298720,-0.188539,-0.388611,-0.131006,0.268848,-0.000494,0.149621
43.314036,0.250037,-0.090682,0.383575,-0.581102,0.794783,0.162129,0.439084,0.311359,-0.570667,-0.744451,0.385241,0.375410,0.431355,0.257674,1.242003,-1.549338,-1.303462,-2.222307,0.504432,1.581727,2.448942,0.298405,-0.186836,-0.385056,-0.129101,0.265826,-0.000764,0.151570
43.315071,0.246538,-0.087965,0.386431,-0.577218,0.796504,0.161583,0.438203,0.271633,-0.574764,-0.722393,0.407948,0.377662,0.431846,0.257679,1.242299,-1.549525,-1.303843,-2.222434,0.504699,1.581727,2.449087,0.297867,-0.187696,-0.383275,-0.128717,0.265806,-0.000951,0.149514
43.315959,0.237985,-0.085996,0.389440,-0.574395,0.794390,0.160997,0.438006,0.237940,-0.578737,-0.705043,0.426546,0.379480,0.432299,0.257686,1.242600,-1.549710,-1.304225,-2.222566,0.504959,1.581729,2.449239,0.297190,-0.187798,-0.381620,-0.129749,0.262780,-0.000422,0.150656
43.316933,0.232951,-0.086008,0.392695,-0.570464,0.794545,0.160690,0.436823,0.208299,-0.582093,-0.691482,0.442195,0.380981,0.432762,0.257685,1.242900,-1.549895,-1.304600,-2.222695,0.505225,1.581731,2.449388,0.298896,-0.187389,-0.379901,-0.129710,0.263408,0.000144,0.150400
43.318073,0.228702,-0.084959,0.398894,-0.566968,0.789746,0.160151,0.436910,0.178859,-0.585849,-0.681327,0.456989,0.382339,0.433298,0.257657,1.243200,-1.550080,-1.304981,-2.222830,0.505482,1.581729,2.449544,0.298912,-0.186080,-0.378365,-0.130692,0.261912,0.000455,0.152119
43.319017,0.222350,-0.084452,0.405252,-0.563708,0.787351,0.159584,0.436515,0.147985,-0.590480,-0.673545,0.471928,0.383708,0.433891,0.257590,1.243498,-1.550264,-1.305356,-2.222963,0.505752,1.581729,2.449696,0.298753,-0.185472,-0.378638,-0.131305,0.265514,0.000981,0.151263
43.319940,0.219864,-0.087592,0.410034,-0.559769,0.784511,0.160024,0.436562,0.115846,-0.595230,-0.665728,0.486800,0.385202,0.434390,0.257474,1.243802,-1.550444,-1.305734,-2.223095,0.506020,1.581731,2.449849,0.299370,-0.184445,-0.378634,-0.131669,0.266414,0.001525,0.151409
43.320998,0.213613,-0.083525,0.416333,-0.555518,0.783445,0.159760,0.435468,0.082851,-0.600089,-0.656671,0.501335,0.386880,0.434707,0.257308,1.244100,-1.550622,-1.306113,-2.223231,0.506293,1.581731,2.449999,0.298068,-0.181592,-0.377811,-0.132617,0.267712,0.001070,0.150668
43.322054,0.210734,-0.080993,0.421979,-0.551888,0.782739,0.159635,0.435656,0.049516,-0.605372,-0.646311,0.515673,0.388754,0.434902,0.257113,1.244398,-1.550808,-1.306489,-2.223369,0.506562,1.581733,2.450158,0.298843,-0.182429,-0.377986,-0.133855,0.267430,0.001315,0.152197
43.323019,0.206786,-0.078423,0.422634,-0.545385,0.781226,0.159140,0.435014,-0.016222,-0.612133,-0.617729,0.543736,0.392884,0.435032,0.256770,1.244992,-1.551169,-1.307231,-2.223649,0.507086,1.581736,2.450461,0.297417,-0.182541,-0.375120,-0.137853,0.267003,0.001898,0.151797
43.324037,0.204412,-0.076076,0.426770,-0.545517,0.783784,0.159162,0.435179,-0.016222,-0.612133,-0.617729,0.543736,0.392884,0.435032,0.256770,1.244992,-1.551169,-1.307231,-2.223649,0.507086,1.581736,2.450461,0.297417,-0.182541,-0.375120,-0.137853,0.267003,0.001898,0.151797
43.325009,0.200251,-0.076597,0.431944,-0.541201,0.782899,0.160419,0.434253,-0.070768,-0.611853,-0.586292,0.566679,0.396548,0.435105,0.256534,1.245585,-1.551527,-1.307980,-2.223916,0.507604,1.581735,2.450762,0.295839,-0.181013,-0.373686,-0.136175,0.262694,0.000591,0.152033
43.325951,0.202206,-0.076542,0.433910,-0.536743,0.784625,0.161381,0.434238,-0.070768,-0.611853,-0.586292,0.566679,0.396548,0.435105,0.256534,1.245585,-1.551527,-1.307980,-2.223916,0.507604,1.581735,2.450762,0.295839,-0.181013,-0.373686,-0.136175,0.262694,0.000591,0.152033
43.327060,0.193500,-0.071181,0.435022,-0.533100,0.783619,0.161439,0.433828,-0.089073,-0.609823,-0.571943,0.572660,0.397903,0.434927,0.256440,1.245868,-1.551708,-1.308347,-2.224055,0.507859,1.581734,2.450911,0.292508,-0.179753,-0.371609,-0.137550,0.259597,-0.000374,0.151408
43.328062,0.188583,-0.075184,0.443777,-0.529597,0.782403,0.161271,0.433568,-0.101717,-0.607700,-0.560364,0.576154,0.399004,0.434855,0.256344,1.246166,-1.551894,-1.308714,-2.224196,0.508114,1.581734,2.451064,0.294600,-0.181282,-0.369370,-0.138110,0.259505,-0.000437,0.151575
43.329029,0.187213,-0.068886,0.449551,-0.527359,0.781455,0.160410,0.433791,-0.112916,-0.605920,-0.550966,0.579047,0.399987,0.434903,0.256216,1.246463,-1.552066,-1.309088,-2.224331,0.508374,1.581734,2.451214,0.294617,-0.178108,-0.370735,-0.138651,0.259403,-0.000277,0.151450
43.330177,0.181485,-0.068921,0.457391,-0.523891,0.784838,0.160976,0.433792,-0.124382,-0.603836,-0.540821,0.581347,0.400967,0.434784,0.256039,1.246752,-1.552248,-1.309459,-2.224467,0.508634,1.581737,2.451364,0.292919,-0.180029,-0.370550,-0.137886,0.258989,0.000562,0.150354
43.330939,0.173699,-0.066871,0.459350,-0.519057,0.784595,0.161056,0.433386,-0.144307,-0.593195,-0.509480,0.580696,0.402945,0.433296,0.255573,1.247342,-1.552604,-1.310197,-2.224749,0.509134,1.581735,2.451663,0.294805,-0.178540,-0.369342,-0.140000,0.253294,-0.000101,0.149894
43.332000,0.169250,-0.064881,0.467909,-0.517038,0.786415,0.161944,0.433322,-0.144307,-0.593195,-0.509480,0.580696,0.402945,0.433296,0.255573,1.247342,-1.552604,-1.310197,-2.224749,0.509134,1.581735,2.451663,0.294805,-0.178540,-0.369342,-0.140000,0.253294,-0.000101,0.149894
43.332959,0.166698,-0.063634,0.475528,-0.515045,0.788520,0.159360,0.432485,-0.158401,-0.586607,-0.489274,0.581895,0.404146,0.432269,0.255307,1.247635,-1.552781,-1.310572,-2.224885,0.509376,1.581733,2.451810,0.294711,-0.178413,-0.370686,-0.139010,0.250395,-0.000992,0.149381
43.333927,0.162455,-0.059763,0.473213,-0.510942,0.790491,0.160508,0.432544,-0.174292,-0.578850,-0.465442,0.583285,0.405430,0.430940,0.255034,1.247928,-1.552959,-1.310945,-2.225020,0.509620,1.581738,2.451965,0.293548,-0.177794,-0.371399,-0.138031,0.247079,0.001584,0.150412
43.335081,0.157181,-0.060279,0.474117,-0.506602,0.790813,0.160105,0.431673,-0.188466,-0.569392,-0.438701,0.582818,0.406645,0.429225,0.254784,1.248220,-1.553137,-1.311301,-2.225162,0.509859,1.581735,2.452112,0.293287,-0.178520,-0.367317,-0.139023,0.243952,0.000406,0.149644
43.336010,0.153396,-0.056714,0.474164,-0.502908,0.794008,0.160916,0.430618,-0.201091,-0.560242,-0.413949,0.581962,0.407725,0.427573,0.254595,1.248515,-1.553313,-1.311665,-2.225303,0.510096,1.581736,2.452261,0.293696,-0.177224,-0.365093,-0.140300,0.242766,0.000807,0.150760
43.336987,0.153047,-0.060552,0.476743,-0.500768,0.794193,0.161411,0.430489,-0.213890,-0.553526,-0.394903,0.582995,0.408701,0.426390,0.254495,1.248806,-1.553492,-1.312018,-2.225446,0.510326,1.581734,2.452416,0.293153,-0.177745,-0.362222,-0.140830,0.238432,-0.000014,0.152215
43.338017,0.147328,-0.057777,0.477247,-0.499265,0.796839,0.161099,0.431768,-0.225202,-0.549918,-0.382800,0.585341,0.409535,0.425699,0.254479,1.249093,-1.553660,-1.312378,-2.225585,0.510559,1.581734,2.452568,0.290981,-0.174693,-0.360613,-0.139885,0.237190,-0.000515,0.151803
43.338938,0.144652,-0.056816,0.478628,-0.496505,0.798652,0.162610,0.431652,-0.233825,-0.551535,-0.379496,0.585739,0.410320,0.424994,0.254498,1.249671,-1.554011,-1.313087,-2.225858,0.511020,1.581732,2.452863,0.290473,-0.174209,-0.355863,-0.138156,0.230613,-0.001732,0.148214
43.340153,0.140336,-0.051965,0.484029,-0.491862,0.799850,0.160250,0.432066,-0.233825,-0.551535,-0.379496,0.585739,0.410320,0.424994,0.254498,1.249671,-1.554011,-1.313087,-2.225858,0.511020,1.581732,2.452863,0.290473,-0.174209,-0.355863,-0.138156,0.230613,-0.001732,0.148214
43.340963,0.141140,-0.050767,0.489386,-0.488616,0.800636,0.160501,0.432047,-0.231862,-0.554788,-0.385401,0.583318,0.410327,0.424787,0.254461,1.249964,-1.554187,-1.313443,-2.226001,0.511242,1.581735,2.453010,0.290511,-0.175686,-0.356067,-0.139732,0.228759,0.000635,0.146733
43.342019,0.135014,-0.046621,0.488637,-0.486692,0.802580,0.159094,0.432732,-0.226530,-0.557129,-0.391677,0.580161,0.410311,0.424583,0.254367,1.250242,-1.554360,-1.313793,-2.226138,0.511466,1.581733,2.453152,0.287664,-0.174954,-0.355707,-0.139893,0.226777,0.000363,0.146176
43.343055,0.136452,-0.045319,0.499310,-0.483303,0.802027,0.159344,0.433612,-0.216875,-0.557509,-0.396992,0.575673,0.410259,0.424284,0.254212,1.250532,-1.554538,-1.314140,-2.226276,0.511680,1.581737,2.453293,0.288484,-0.175892,-0.352666,-0.138805,0.224035,0.001752,0.144182
43.343979,0.130834,-0.046129,0.496419,-0.480311,0.804871,0.160585,0.433792,-0.202355,-0.555441,-0.400983,0.568936,0.410081,0.423771,0.254016,1.250815,-1.554715,-1.314503,-2.226415,0.511900,1.581737,2.453434,0.285513,-0.175380,-0.355202,-0.139157,0.223741,0.001474,0.141811
43.345000,0.122964,-0.043395,0.501632,-0.479120,0.808007,0.160183,0.432893,-0.183521,-0.551296,-0.403357,0.560281,0.409808,0.423034,0.253807,1.251099,-1.554889,-1.314844,-2.226554,0.512114,1.581733,2.453572,0.286008,-0.173753,-0.350935,-0.139065,0.219902,0.000237,0.140871
43.345984,0.125119,-0.040114,0.503660,-0.476145,0.809678,0.160345,0.433126,-0.163892,-0.547184,-0.406076,0.551531,0.409500,0.422245,0.253616,1.251389,-1.555061,-1.315195,-2.226689,0.512319,1.581732,2.453715,0.287636,-0.174030,-0.350849,-0.137280,0.216025,0.000650,0.142076
43.346946,0.117500,-0.042406,0.506987,-0.473128,0.809674,0.159303,0.433069,-0.125318,-0.538979,-0.413509,0.533582,0.408735,0.420478,0.253371,1.251955,-1.555404,-1.315886,-2.226962,0.512737,1.581737,2.453992,0.285788,-0.172212,-0.348028,-0.137285,0.212702,0.001491,0.140516
43.348072,0.115280,-0.042012,0.504664,-0.469970,0.810539,0.159327,0.433336,-0.125318,-0.538979,-0.413509,0.533582,0.408735,0.420478,0.253371,1.251955,-1.555404,-1.315886,-2.226962,0.512737,1.581737,2.453992,0.285788,-0.172212,-0.348028,-0.137285,0.212702,0.001491,0.140516
43.348967,0.111466,-0.041646,0.501289,-0.467373,0.809987,0.160434,0.433188,-0.106929,-0.536323,-0.419890,0.525391,0.408337,0.419637,0.253344,1.252239,-1.555574,-1.316226,-2.227101,0.512942,1.581735,2.454126,0.284754,-0.171442,-0.344395,-0.137428,0.211224,0.001458,0.139389
43.350038,0.109331,-0.041513,0.505247,-0.465142,0.810226,0.161753,0.433542,-0.090779,-0.537218,-0.432261,0.519270,0.407855,0.419135,0.253377,1.252519,-1.555745,-1.316554,-2.227238,0.513153,1.581733,2.454262,0.284326,-0.170417,-0.340060,-0.136993,0.210826,0.000339,0.139113
43.350963,0.103469,-0.038178,0.503663,-0.464121,0.813420,0.161235,0.433567,-0.075257,-0.541776,-0.452247,0.514457,0.407131,0.419068,0.253437,1.252800,-1.555912,-1.316892,-2.227375,0.513359,1.581730,2.454397,0.283234,-0.169493,-0.339569,-0.136233,0.209893,-0.000973,0.137808
43.352011,0.104295,-0.037456,0.506796,-0.459338,0.817246,0.161886,0.434578,-0.059345,-0.548584,-0.477806,0.509665,0.406115,0.419265,0.253479,1.253087,-1.556084,-1.317225,-2.227506,0.513554,1.581731,2.454536,0.283793,-0.169982,-0.336083,-0.134354,0.205905,-0.000455,0.137166
43.352988,0.099257,-0.033457,0.505219,-0.457308,0.819821,0.161799,0.434576,-0.042404,-0.556215,-0.506658,0.504399,0.404840,0.419629,0.253470,1.253362,-1.556254,-1.317555,-2.227646,0.513749,1.581730,2.454664,0.281243,-0.169269,-0.335233,-0.136112,0.201471,-0.001119,0.134568
43.353982,0.097267,-0.030898,0.507187,-0.453904,0.821656,0.161620,0.434436,-0.023993,-0.563852,-0.537358,0.499295,0.403418,0.420235,0.253410,1.253645,-1.556426,-1.317883,-2.227779,0.513940,1.581730,2.454796,0.281508,-0.170141,-0.331893,-0.135189,0.198246,-0.001035,0.134022
43.354963,0.097267,-0.027271,0.507801,-0.447951,0.824148,0.161878,0.434799,0.016310,-0.576422,-0.600308,0.491158,0.400391,0.422282,0.253230,1.254193,-1.556767,-1.318531,-2.228058,0.514311,1.581728,2.455057,0.278154,-0.170996,-0.328271,-0.138451,0.192743,-0.001128,0.132439
43.356062,0.091766,-0.030077,0.516121,-0.446568,0.827082,0.160900,0.436373,0.016310,-0.576422,-0.600308,0.491158,0.400391,0.422282,0.253230,1.254193,-1.556767,-1.318531,-2.228058,0.514311,1.581728,2.455057,0.278154,-0.170996,-0.328271,-0.138451,0.192743,-0.001128,0.132439
43.357017,0.089883,-0.027776,0.519819,-0.446803,0.832180,0.160092,0.436145,0.037144,-0.580564,-0.629181,0.489683,0.399066,0.423720,0.253138,1.254474,-1.556931,-1.318868,-2.228192,0.514491,1.581731,2.455179,0.278806,-0.168628,-0.330021,-0.136880,0.189413,-0.000166,0.128732
43.358039,0.089382,-0.026813,0.520721,-0.443148,0.834781,0.161848,0.436053,0.057606,-0.582879,-0.652102,0.488608,0.397986,0.424911,0.253061,1.254747,-1.557101,-1.319191,-2.228321,0.514667,1.581733,2.455306,0.277540,-0.168665,-0.329350,-0.133815,0.183760,0.000617,0.128672
43.359115,0.090052,-0.026686,0.520934,-0.438790,0.837166,0.160194,0.435530,0.106007,-0.580778,-0.680667,0.478818,0.396046,0.425786,0.253086,1.255287,-1.557431,-1.319837,-2.228596,0.515007,1.581731,2.455561,0.273368,-0.167215,-0.325172,-0.135856,0.178091,0.000515,0.128801
43.360170,0.086890,-0.024677,0.521622,-0.437226,0.838903,0.160274,0.436355,0.106007,-0.580778,-0.680667,0.478818,0.396046,0.425786,0.253086,1.255287,-1.557431,-1.319837,-2.228596,0.515007,1.581731,2.455561,0.273368,-0.167215,-0.325172,-0.135856,0.178091,0.000515,0.128801
43.361063,0.080243,-0.026298,0.525455,-0.434135,0.841585,0.160501,0.435181,0.135685,-0.578049,-0.691751,0.471234,0.395120,0.426008,0.253184,1.255561,-1.557596,-1.320153,-2.228729,0.515179,1.581731,2.455682,0.272878,-0.167249,-0.323246,-0.134496,0.175994,0.000402,0.126591
43.361976,0.078437,-0.028243,0.532966,-0.431858,0.841315,0.160492,0.435381,0.166307,-0.575259,-0.702113,0.463179,0.394267,0.426199,0.253299,1.255837,-1.557757,-1.320477,-2.228866,0.515343,1.581733,2.455813,0.273914,-0.165321,-0.322585,-0.134574,0.172807,0.000153,0.128419
43.363038,0.077280,-0.028475,0.531792,-0.428443,0.843072,0.160836,0.435647,0.218760,-0.571855,-0.715473,0.450145,0.393443,0.426136,0.253516,1.256374,-1.558076,-1.321114,-2.229133,0.515680,1.581733,2.456059,0.271184,-0.162268,-0.320937,-0.134396,0.170492,-0.000198,0.126389
43.364124,0.073324,-0.030518,0.535020,-0.426524,0.842253,0.161698,0.436284,0.241877,-0.571609,-0.719591,0.444805,0.393470,0.425913,0.253584,1.256646,-1.558234,-1.321433,-2.229264,0.515853,1.581729,2.456179,0.271149,-0.160362,-0.320315,-0.133478,0.170994,-0.001058,0.124583
43.365001,0.070651,-0.028978,0.538567,-0.423251,0.844986,0.161354,0.437112,0.241877,-0.571609,-0.719591,0.444805,0.393470,0.425913,0.253584,1.256646,-1.558234,-1.321433,-2.229264,0.515853,1.581729,2.456179,0.271149,-0.160362,-0.320315,-0.133478,0.170994,-0.001058,0.124583
43.365931,0.067945,-0.028034,0.543419,-0.421306,0.846517,0.161562,0.437090,0.263222,-0.572286,-0.723370,0.440147,0.393722,0.425653,0.253612,1.256915,-1.558393,-1.321745,-2.229397,0.516010,1.581729,2.456297,0.270248,-0.160076,-0.319607,-0.133802,0.167776,-0.000709,0.122410
43.367073,0.064537,-0.026703,0.545665,-0.417127,0.847822,0.160045,0.438449,0.301793,-0.571043,-0.724686,0.431583,0.394747,0.424761,0.253604,1.257450,-1.558711,-1.322377,-2.229664,0.516332,1.581733,2.456525,0.269259,-0.159348,-0.318562,-0.134127,0.164399,0.000568,0.118724
43.368030,0.063000,-0.024805,0.548877,-0.415323,0.847511,0.161555,0.438007,0.319137,-0.567296,-0.721215,0.427702,0.395375,0.424135,0.253614,1.257715,-1.558867,-1.322696,-2.229796,0.516491,1.581730,2.456645,0.267922,-0.159319,-0.317733,-0.133005,0.164360,-0.000966,0.119122
43.368961,0.060775,-0.026752,0.543520,-0.411672,0.849204,0.161407,0.437228,0.319137,-0.567296,-0.721215,0.427702,0.395375,0.424135,0.253614,1.257715,-1.558867,-1.322696,-2.229796,0.516491,1.581730,2.456645,0.267922,-0.159319,-0.317733,-0.133005,0.164360,-0.000966,0.119122
43.370068,0.062375,-0.023965,0.548915,-0.409020,0.851305,0.161426,0.436572,0.336441,-0.561971,-0.717985,0.423746,0.395837,0.423587,0.253668,1.257981,-1.559023,-1.323001,-2.229932,0.516646,1.581729,2.456766,0.266908,-0.157333,-0.312695,-0.133674,0.162293,-0.000805,0.120161
43.371118,0.057644,-0.021349,0.549992,-0.406363,0.853783,0.161955,0.436331,0.355674,-0.556050,-0.718094,0.419210,0.395953,0.423291,0.253782,1.258236,-1.559181,-1.323311,-2.230064,0.516799,1.581731,2.456888,0.264295,-0.157900,-0.313333,-0.133461,0.160071,-0.000849,0.120937
43.372008,0.059940,-0.022561,0.550148,-0.402224,0.855054,0.162155,0.436846,0.377834,-0.548216,-0.719917,0.413559,0.395723,0.423152,0.253950,1.258500,-1.559339,-1.323618,-2.230198,0.516951,1.581734,2.457008,0.264713,-0.158294,-0.311674,-0.133191,0.157413,-0.001409,0.120885
43.372967,0.060078,-0.022330,0.551099,-0.399651,0.855328,0.160605,0.436365,0.402503,-0.537771,-0.722095,0.407033,0.395240,0.423118,0.254151,1.258752,-1.559492,-1.323920,-2.230335,0.517107,1.581731,2.457123,0.261518,-0.156668,-0.309409,-0.134309,0.155738,-0.001601,0.119343
43.374041,0.060704,-0.023634,0.552180,-0.394814,0.856121,0.159778,0.436175,0.430732,-0.525717,-0.726050,0.399592,0.394539,0.423248,0.254376,1.259008,-1.559643,-1.324225,-2.230467,0.517259,1.581734,2.457247,0.259485,-0.155887,-0.307622,-0.133966,0.155184,-0.000059,0.119784
43.374986,0.056819,-0.028209,0.554525,-0.393783,0.856589,0.159530,0.436030,0.463527,-0.512748,-0.732329,0.390991,0.393653,0.423514,0.254618,1.259261,-1.559795,-1.324530,-2.230607,0.517409,1.581734,2.457368,0.257362,-0.154410,-0.306048,-0.135772,0.154267,0.000751,0.119627
43.375975,0.060244,-0.029949,0.555019,-0.391664,0.856902,0.159746,0.436238,0.498827,-0.500093,-0.740590,0.382114,0.392712,0.423857,0.254850,1.259516,-1.559941,-1.324827,-2.230737,0.517561,1.581732,2.457490,0.257344,-0.151245,-0.305029,-0.133915,0.153486,0.000995,0.119390
43.377099,0.051727,-0.029988,0.558305,-0.389080,0.855100,0.160681,0.437111,0.535952,-0.488853,-0.750664,0.372382,0.391748,0.424121,0.255037,1.259765,-1.560087,-1.325126,-2.230869,0.517711,1.581731,2.457608,0.253726,-0.149572,-0.303117,-0.133142,0.152945,0.000770,0.118449
43.378055,0.049470,-0.028188,0.564647,-0.385568,0.853051,0.159888,0.436371,0.574864,-0.479179,-0.762370,0.361101,0.390757,0.424223,0.255162,1.260023,-1.560235,-1.325426,-2.231001,0.517867,1.581731,2.457718,0.255443,-0.148197,-0.301794,-0.132746,0.153653,-0.000170,0.116006
43.378981,0.042927,-0.028812,0.571020,-0.382596,0.851660,0.161043,0.437183,0.644681,-0.462993,-0.783292,0.340686,0.389385,0.424061,0.255270,1.260529,-1.560526,-1.326026,-2.231267,0.518176,1.581728,2.457948,0.254431,-0.145828,-0.301808,-0.133077,0.154527,-0.000504,0.114489
43.380126,0.041247,-0.025494,0.572741,-0.378147,0.851511,0.160668,0.437037,0.644681,-0.462993,-0.783292,0.340686,0.389385,0.424061,0.255270,1.260529,-1.560526,-1.326026,-2.231267,0.518176,1.581728,2.457948,0.254431,-0.145828,-0.301808,-0.133077,0.154527,-0.000504,0.114489
43.381144,0.036850,-0.022835,0.576848,-0.378306,0.850528,0.159800,0.436507,0.671687,-0.455620,-0.789057,0.334145,0.389313,0.423877,0.255285,1.260773,-1.560674,-1.326319,-2.231403,0.518330,1.581729,2.458061,0.252722,-0.146070,-0.299643,-0.134432,0.153448,-0.000109,0.114070
43.381971,0.027605,-0.016255,0.580516,-0.376171,0.847738,0.159834,0.436394,0.694845,-0.448090,-0.792170,0.329295,0.389580,0.423682,0.255310,1.261026,-1.560818,-1.326616,-2.231529,0.518482,1.581731,2.458177,0.252253,-0.145960,-0.298603,-0.131337,0.153205,0.000756,0.114431
43.383081,0.028937,-0.016790,0.584490,-0.372317,0.844797,0.160483,0.435597,0.733606,-0.428024,-0.789785,0.317104,0.390352,0.422578,0.255538,1.261527,-1.561108,-1.327202,-2.231788,0.518803,1.581731,2.458410,0.250858,-0.146050,-0.296263,-0.131408,0.156292,0.000071,0.114851
43.384096,0.022979,-0.013463,0.591730,-0.368515,0.843391,0.161093,0.435658,0.733606,-0.428024,-0.789785,0.317104,0.390352,0.422578,0.255538,1.261527,-1.561108,-1.327202,-2.231788,0.518803,1.581731,2.458410,0.250858,-0.146050,-0.296263,-0.131408,0.156292,0.000071,0.114851
43.384979,0.016704,-0.016525,0.595720,-0.364090,0.842216,0.160854,0.435150,0.749538,-0.415660,-0.784242,0.310295,0.390832,0.421786,0.255727,1.261779,-1.561255,-1.327502,-2.231922,0.518961,1.581729,2.458521,0.251209,-0.146272,-0.296752,-0.132111,0.156391,-0.000522,0.114025
43.385993,0.019013,-0.012183,0.600230,-0.362025,0.839193,0.160409,0.435137,0.761004,-0.403563,-0.775651,0.305690,0.391564,0.421046,0.255914,1.262029,-1.561394,-1.327794,-2.232056,0.519116,1.581730,2.458636,0.251651,-0.143293,-0.295613,-0.133444,0.156261,-0.000272,0.114378
43.387038,0.014900,-0.013490,0.601077,-0.358654,0.837539,0.160910,0.435154,0.767536,-0.393013,-0.764877,0.303858,0.392536,0.420392,0.256073,1.262271,-1.561540,-1.328088,-2.232189,0.519272,1.581733,2.458749,0.247906,-0.144045,-0.294802,-0.132445,0.158026,0.000165,0.113699
43.387986,0.006458,-0.010490,0.607694,-0.354037,0.837801,0.160196,0.435292,0.773923,-0.383722,-0.753808,0.301978,0.393462,0.419743,0.256205,1.262518,-1.561678,-1.328375,-2.232319,0.519434,1.581733,2.458859,0.247409,-0.142015,-0.292226,-0.132823,0.158344,-0.000341,0.112971
43.389145,0.002750,-0.011606,0.612137,-0.350487,0.835598,0.160475,0.435785,0.779078,-0.376218,-0.743471,0.300592,0.394325,0.419169,0.256297,1.262768,-1.561821,-1.328665,-2.232459,0.519589,1.581735,2.458966,0.248985,-0.142093,-0.292513,-0.134233,0.156771,0.000381,0.112038
43.389986,0.001939,-0.011605,0.617430,-0.348704,0.834294,0.160786,0.436019,0.777690,-0.371309,-0.732894,0.302701,0.395368,0.418759,0.256322,1.263013,-1.561956,-1.328956,-2.232594,0.519749,1.581733,2.459073,0.248279,-0.140234,-0.291746,-0.134666,0.157734,0.000113,0.110334
43.391048,-0.002929,-0.012196,0.617944,-0.345258,0.831592,0.161593,0.435625,0.762013,-0.368097,-0.710734,0.312062,0.397785,0.417949,0.256189,1.263498,-1.562225,-1.329527,-2.232859,0.520064,1.581733,2.459283,0.245983,-0.137263,-0.288629,-0.133801,0.159131,-0.001002,0.109376
43.392018,-0.005645,-0.011219,0.624080,-0.339283,0.830255,0.160590,0.435490,0.762013,-0.368097,-0.710734,0.312062,0.397785,0.417949,0.256189,1.263498,-1.562225,-1.329527,-2.232859,0.520064,1.581733,2.459283,0.245983,-0.137263,-0.288629,-0.133801,0.159131,-0.001002,0.109376
43.392958,-0.011378,-0.007842,0.623926,-0.337621,0.828370,0.159978,0.436293,0.751722,-0.370020,-0.702003,0.317053,0.398964,0.417593,0.256108,1.263742,-1.562360,-1.329815,-2.233000,0.520223,1.581734,2.459392,0.244739,-0.136428,-0.288708,-0.136539,0.159130,0.000020,0.108968
43.394009,-0.017254,-0.009800,0.631227,-0.334535,0.825273,0.160571,0.436909,0.722120,-0.379560,-0.690209,0.330904,0.401414,0.417396,0.255982,1.264230,-1.562626,-1.330382,-2.233270,0.520548,1.581736,2.459595,0.245406,-0.134508,-0.286371,-0.135042,0.161445,0.000026,0.104824
43.394943,-0.025401,-0.009947,0.636260,-0.330197,0.824822,0.159831,0.436234,0.700002,-0.386653,-0.685238,0.339692,0.402695,0.417306,0.255915,1.264482,-1.562758,-1.330668,-2.233407,0.520706,1.581737,2.459699,0.246801,-0.133139,-0.285862,-0.136216,0.160551,0.000781,0.105558
43.395970,-0.027195,-0.007678,0.640186,-0.328110,0.823829,0.160446,0.436815,0.700002,-0.386653,-0.685238,0.339692,0.402695,0.417306,0.255915,1.264482,-1.562758,-1.330668,-2.233407,0.520706,1.581737,2.459699,0.246801,-0.133139,-0.285862,-0.136216,0.160551,0.000781,0.105558
43.397109,-0.033701,-0.007770,0.636897,-0.324085,0.822573,0.159500,0.437212,0.671355,-0.395223,-0.679052,0.350574,0.404155,0.417143,0.255829,1.264724,-1.562890,-1.330949,-2.233541,0.520866,1.581735,2.459797,0.245126,-0.132995,-0.284903,-0.135212,0.160239,0.000168,0.103730
43.398067,-0.040526,-0.007766,0.641966,-0.317692,0.821776,0.159948,0.437800,0.639050,-0.404896,-0.673332,0.362211,0.405622,0.416973,0.255716,1.264971,-1.563020,-1.331222,-2.233680,0.521026,1.581737,2.459896,0.245841,-0.131705,-0.280461,-0.136054,0.160214,0.001128,0.102268
43.398985,-0.043134,-0.005439,0.648724,-0.316279,0.819044,0.161199,0.438777,0.602439,-0.416855,-0.670724,0.376041,0.407066,0.417105,0.255565,1.265219,-1.563149,-1.331497,-2.233822,0.521182,1.581737,2.459993,0.246612,-0.130447,-0.280161,-0.139189,0.159719,0.000671,0.100467
43.400102,-0.048069,-0.002765,0.650762,-0.311977,0.820027,0.160578,0.439881,0.560518,-0.430711,-0.669718,0.393361,0.408605,0.417608,0.255370,1.265461,-1.563276,-1.331777,-2.233958,0.521345,1.581733,2.460085,0.245310,-0.130356,-0.280607,-0.137417,0.161098,-0.000562,0.097917
43.400998,-0.054082,-0.003252,0.656966,-0.308339,0.819305,0.159644,0.440177,0.516961,-0.443818,-0.667205,0.411522,0.410132,0.418184,0.255146,1.265706,-1.563407,-1.332055,-2.234097,0.521498,1.581736,2.460174,0.245247,-0.130454,-0.278764,-0.138545,0.158868,0.000072,0.095082
43.401976,-0.057985,0.000314,0.656570,-0.304461,0.817219,0.159554,0.440583,0.473393,-0.455202,-0.662208,0.429365,0.411593,0.418690,0.254913,1.265953,-1.563534,-1.332332,-2.234237,0.521651,1.581739,2.460267,0.245610,-0.128926,-0.278964,-0.138942,0.158325,0.000992,0.093918
43.402949,-0.059314,0.006368,0.661291,-0.299778,0.818180,0.159772,0.441030,0.387762,-0.472990,-0.646969,0.464551,0.414318,0.419632,0.254471,1.266437,-1.563797,-1.332880,-2.234521,0.521965,1.581736,2.460444,0.243087,-0.131186,-0.275417,-0.140944,0.156848,0.000884,0.091028
43.403968,-0.069253,0.001555,0.666591,-0.295560,0.818821,0.159493,0.440834,0.387762,-0.472990,-0.646969,0.464551,0.414318,0.419632,0.254471,1.266437,-1.563797,-1.332880,-2.234521,0.521965,1.581736,2.460444,0.243087,-0.131186,-0.275417,-0.140944,0.156848,0.000884,0.091028
43.405042,-0.071697,-0.002229,0.669998,-0.292367,0.818718,0.161451,0.440557,0.348209,-0.478167,-0.637176,0.481610,0.415591,0.420202,0.254287,1.266689,-1.563915,-1.333155,-2.234665,0.522116,1.581737,2.460534,0.245430,-0.127603,-0.275225,-0.141849,0.154986,0.001171,0.090830
43.405975,-0.072721,0.000186,0.673898,-0.289238,0.814760,0.161288,0.441476,0.307426,-0.483370,-0.626043,0.500412,0.417121,0.420875,0.254120,1.266932,-1.564031,-1.333427,-2.234807,0.522265,1.581733,2.460623,0.244077,-0.124641,-0.274130,-0.141759,0.153907,-0.000778,0.090767
43.406960,-0.080701,0.002963,0.681372,-0.284748,0.811675,0.161543,0.442110,0.230966,-0.495393,-0.603197,0.536691,0.420798,0.422175,0.253788,1.267414,-1.564282,-1.333974,-2.235096,0.522589,1.581732,2.460791,0.243500,-0.124822,-0.274132,-0.142699,0.158283,-0.000838,0.086509
43.408011,-0.083417,0.000636,0.683065,-0.282527,0.809565,0.160406,0.442652,0.230966,-0.495393,-0.603197,0.536691,0.420798,0.422175,0.253788,1.267414,-1.564282,-1.333974,-2.235096,0.522589,1.581732,2.460791,0.243500,-0.124822,-0.274132,-0.142699,0.158283,-0.000838,0.086509
43.409040,-0.090105,0.001120,0.690275,-0.277166,0.808944,0.160623,0.442228,0.197369,-0.499246,-0.589572,0.551685,0.422756,0.422544,0.253609,1.267657,-1.564399,-1.334243,-2.235235,0.522748,1.581737,2.460872,0.242282,-0.122533,-0.272200,-0.141705,0.159084,0.000292,0.084848
43.409980,-0.096408,0.004397,0.696694,-0.277100,0.805929,0.160160,0.442575,0.165156,-0.502282,-0.574816,0.565080,0.424735,0.422691,0.253422,1.267899,-1.564519,-1.334521,-2.235383,0.522906,1.581737,2.460955,0.243117,-0.121646,-0.272954,-0.143682,0.158400,0.000068,0.085135
43.411100,-0.100875,0.004347,0.704276,-0.274346,0.803937,0.160840,0.443792,0.133226,-0.504297,-0.558041,0.576959,0.426706,0.422512,0.253223,1.268144,-1.564643,-1.334794,-2.235520,0.523069,1.581737,2.461037,0.243652,-0.122079,-0.273305,-0.140531,0.160073,0.000542,0.083872
43.411978,-0.100336,0.007736,0.707653,-0.273191,0.801575,0.162264,0.443403,0.102276,-0.503704,-0.537180,0.585438,0.428532,0.421719,0.253008,1.268386,-1.564764,-1.335066,-2.235658,0.523231,1.581736,2.461112,0.243367,-0.120915,-0.274337,-0.140143,0.160755,-0.000133,0.080849
43.413017,-0.103416,0.010379,0.708858,-0.267760,0.800960,0.161401,0.443741,0.076226,-0.499436,-0.512313,0.587780,0.429974,0.420193,0.252793,1.268621,-1.564884,-1.335338,-2.235792,0.523396,1.581734,2.461193,0.240568,-0.121446,-0.273127,-0.138166,0.161713,-0.001548,0.081122
43.414029,-0.111741,0.012082,0.710064,-0.265259,0.799723,0.161552,0.443980,0.058895,-0.491476,-0.486077,0.583051,0.430826,0.418182,0.252612,1.268862,-1.565005,-1.335606,-2.235936,0.523552,1.581738,2.461267,0.239590,-0.121616,-0.270976,-0.140327,0.161043,-0.000682,0.079885
43.415065,-0.117313,0.014758,0.709135,-0.261366,0.798263,0.160504,0.444047,0.038224,-0.472052,-0.441852,0.564124,0.430975,0.414307,0.252417,1.269348,-1.565244,-1.336127,-2.236218,0.523872,1.581740,2.461420,0.241450,-0.121526,-0.265767,-0.140198,0.161129,0.000219,0.078172
43.415979,-0.119166,0.014589,0.710343,-0.255954,0.795797,0.159777,0.444190,0.038224,-0.472052,-0.441852,0.564124,0.430975,0.414307,0.252417,1.269348,-1.565244,-1.336127,-2.236218,0.523872,1.581740,2.461420,0.241450,-0.121526,-0.265767,-0.140198,0.161129,0.000219,0.078172
43.417011,-0.124277,0.017371,0.712613,-0.252873,0.794412,0.160779,0.443619,0.027207,-0.464538,-0.428160,0.555351,0.430523,0.412922,0.252417,1.269583,-1.565361,-1.336382,-2.236365,0.524036,1.581742,2.461493,0.239858,-0.120289,-0.263729,-0.142219,0.162220,0.000940,0.077371
43.418037,-0.129304,0.016448,0.714712,-0.246567,0.791653,0.160331,0.443520,0.015635,-0.459472,-0.420803,0.548297,0.429869,0.412049,0.252482,1.269822,-1.565480,-1.336640,-2.236507,0.524198,1.581740,2.461570,0.239922,-0.120575,-0.262234,-0.142017,0.162270,-0.000064,0.077970
43.419031,-0.131112,0.015604,0.717997,-0.245775,0.791180,0.159833,0.443819,0.002789,-0.456850,-0.418461,0.543793,0.429190,0.411686,0.252589,1.270066,-1.565595,-1.336899,-2.236656,0.524364,1.581742,2.461643,0.239871,-0.119007,-0.260638,-0.144914,0.163664,0.000394,0.077619
43.419955,-0.134231,0.016650,0.716322,-0.241231,0.788586,0.159738,0.444281,-0.011394,-0.456830,-0.419883,0.541750,0.428628,0.411712,0.252700,1.270301,-1.565710,-1.337153,-2.236792,0.524529,1.581741,2.461718,0.238293,-0.117498,-0.259680,-0.142508,0.162748,0.000904,0.076475
43.420938,-0.145626,0.016851,0.718157,-0.236403,0.786335,0.160334,0.444307,-0.023767,-0.459123,-0.424861,0.539627,0.428112,0.411883,0.252774,1.270537,-1.565825,-1.337404,-2.236937,0.524694,1.581742,2.461788,0.237346,-0.116918,-0.256223,-0.143728,0.163978,0.000996,0.075043
43.422040,-0.150215,0.014546,0.719399,-0.235072,0.781967,0.161386,0.444822,-0.035842,-0.464172,-0.433970,0.538079,0.427696,0.412259,0.252785,1.270782,-1.565941,-1.337653,-2.237084,0.524864,1.581742,2.461862,0.240503,-0.115913,-0.254612,-0.145155,0.164803,0.000400,0.074467
43.422983,-0.154231,0.012829,0.724820,-0.231406,0.778333,0.161232,0.444894,-0.052697,-0.472963,-0.446910,0.539571,0.427557,0.412929,0.252723,1.271023,-1.566049,-1.337902,-2.237227,0.525037,1.581739,2.461932,0.240256,-0.113779,-0.252734,-0.143163,0.167768,-0.000631,0.072878
43.423971,-0.159398,0.017480,0.728100,-0.228569,0.773404,0.160955,0.445141,-0.073653,-0.485119,-0.462124,0.542688,0.427665,0.413634,0.252594,1.271264,-1.566157,-1.338156,-2.237368,0.525214,1.581737,2.462004,0.239704,-0.111895,-0.252832,-0.143591,0.169894,-0.000448,0.072231
43.425091,-0.161765,0.014826,0.731626,-0.224923,0.767960,0.160084,0.445297,-0.095555,-0.498580,-0.476864,0.545239,0.427945,0.414098,0.252422,1.271505,-1.566275,-1.338403,-2.237510,0.525394,1.581741,2.462072,0.239743,-0.113124,-0.251950,-0.143151,0.173314,-0.000185,0.071220
43.426012,-0.162991,0.016456,0.737070,-0.222224,0.765800,0.159964,0.445474,-0.116374,-0.511270,-0.489020,0.546090,0.428321,0.414187,0.252235,1.271742,-1.566380,-1.338653,-2.237656,0.525578,1.581742,2.462138,0.238468,-0.110824,-0.251215,-0.143431,0.177234,0.000693,0.070376
43.427044,-0.167103,0.016737,0.740873,-0.217813,0.763508,0.159351,0.445224,-0.133398,-0.522299,-0.497900,0.544007,0.428688,0.413821,0.252061,1.271976,-1.566491,-1.338906,-2.237797,0.525765,1.581740,2.462206,0.236589,-0.110596,-0.251320,-0.142865,0.177748,0.000820,0.069527
43.427969,-0.174150,0.017433,0.738478,-0.212483,0.760211,0.159631,0.446118,-0.145079,-0.531109,-0.502705,0.538710,0.429006,0.412995,0.251934,1.272208,-1.566599,-1.339151,-2.237944,0.525944,1.581743,2.462275,0.236240,-0.109739,-0.250733,-0.143903,0.178545,0.001429,0.069510
43.429081,-0.178536,0.018539,0.742151,-0.212315,0.758718,0.161232,0.445831,-0.154466,-0.538749,-0.504789,0.532956,0.429328,0.412028,0.251874,1.272448,-1.566708,-1.339393,-2.238094,0.526127,1.581742,2.462338,0.237222,-0.109051,-0.247018,-0.145770,0.180284,0.001151,0.067226
43.429982,-0.180155,0.022306,0.746245,-0.207179,0.754554,0.161171,0.445073,-0.164846,-0.546792,-0.506885,0.528881,0.429617,0.411213,0.251881,1.272681,-1.566816,-1.339633,-2.238228,0.526309,1.581737,2.462407,0.236999,-0.108631,-0.246502,-0.142817,0.180252,-0.000427,0.067277
43.431067,-0.185590,0.023211,0.746683,-0.203889,0.751355,0.161183,0.445487,-0.174563,-0.554126,-0.508632,0.524862,0.429725,0.410441,0.251959,1.272916,-1.566926,-1.339879,-2.238376,0.526494,1.581739,2.462480,0.235292,-0.109475,-0.245998,-0.144553,0.182840,-0.000353,0.068291
43.431975,-0.188463,0.020576,0.748762,-0.200334,0.750455,0.161353,0.445269,-0.181807,-0.559387,-0.509012,0.520088,0.429635,0.409671,0.252094,1.273154,-1.567033,-1.340120,-2.238520,0.526683,1.581738,2.462542,0.235555,-0.108939,-0.243796,-0.144514,0.184453,-0.000353,0.066931
43.433034,-0.192333,0.022511,0.749381,-0.196542,0.749661,0.161439,0.446055,-0.187240,-0.563644,-0.509381,0.515479,0.429421,0.409030,0.252239,1.273387,-1.567133,-1.340359,-2.238668,0.526867,1.581742,2.462609,0.234507,-0.106678,-0.242385,-0.144631,0.183739,-0.000542,0.066892
43.434081,-0.195951,0.023657,0.754145,-0.193458,0.746915,0.162104,0.446662,-0.191182,-0.568362,-0.511324,0.511497,0.429154,0.408575,0.252352,1.273623,-1.567238,-1.340598,-2.238815,0.527048,1.581740,2.462670,0.233994,-0.106707,-0.240290,-0.145035,0.183026,-0.000610,0.064800
43.435055,-0.201247,0.026908,0.757007,-0.189854,0.744020,0.162351,0.445904,-0.193384,-0.573247,-0.514551,0.508079,0.428894,0.408269,0.252413,1.273852,-1.567345,-1.340837,-2.238957,0.527234,1.581736,2.462730,0.233414,-0.106305,-0.240289,-0.144841,0.184229,-0.001252,0.063099
43.435984,-0.208061,0.025307,0.762423,-0.186784,0.741333,0.162419,0.444702,-0.194113,-0.576926,-0.517237,0.504978,0.428679,0.408002,0.252435,1.274087,-1.567450,-1.341075,-2.239103,0.527421,1.581737,2.462796,0.233593,-0.106963,-0.239298,-0.145086,0.185525,-0.001493,0.064142
43.436941,-0.207431,0.028001,0.763521,-0.183013,0.739315,0.161420,0.444841,-0.195068,-0.578908,-0.517844,0.502620,0.428557,0.407686,0.252445,1.274325,-1.567552,-1.341316,-2.239250,0.527612,1.581734,2.462868,0.234482,-0.105182,-0.239541,-0.144748,0.186560,-0.001533,0.066041
43.437951,-0.213041,0.027749,0.766075,-0.180860,0.737281,0.160263,0.444853,-0.196270,-0.579461,-0.516251,0.500897,0.428479,0.407289,0.252456,1.274552,-1.567659,-1.341548,-2.239391,0.527801,1.581735,2.462931,0.231743,-0.105550,-0.237709,-0.145266,0.186951,-0.000527,0.065255
43.438997,-0.214386,0.030291,0.770434,-0.176328,0.735886,0.160001,0.444508,-0.189803,-0.576060,-0.510207,0.494047,0.427749,0.406131,0.252513,1.275010,-1.567864,-1.342014,-2.239681,0.528178,1.581739,2.463058,0.230460,-0.104825,-0.236511,-0.145271,0.187186,0.000875,0.064926
43.440016,-0.218666,0.027090,0.769661,-0.173333,0.736568,0.159471,0.443068,-0.189803,-0.576060,-0.510207,0.494047,0.427749,0.406131,0.252513,1.275010,-1.567864,-1.342014,-2.239681,0.528178,1.581739,2.463058,0.230460,-0.104825,-0.236511,-0.145271,0.187186,0.000875,0.064926
43.440940,-0.220924,0.029967,0.767957,-0.172911,0.734499,0.160893,0.443006,-0.181665,-0.572614,-0.506634,0.488934,0.427061,0.405402,0.252598,1.275241,-1.567961,-1.342241,-2.239825,0.528360,1.581740,2.463130,0.230205,-0.102339,-0.233825,-0.144916,0.184948,0.001412,0.067292
43.442070,-0.224136,0.029710,0.766926,-0.169006,0.735536,0.160701,0.443419,-0.169891,-0.569547,-0.505623,0.482514,0.426056,0.404709,0.252735,1.275467,-1.568064,-1.342467,-2.239962,0.528546,1.581736,2.463193,0.228936,-0.102840,-0.230673,-0.142143,0.185450,-0.000001,0.066916
43.443065,-0.223980,0.030661,0.769179,-0.164183,0.733677,0.161143,0.442400,-0.131880,-0.565769,-0.518997,0.462723,0.422583,0.403780,0.253122,1.275914,-1.568262,-1.342913,-2.240250,0.528906,1.581736,2.463325,0.225841,-0.101415,-0.226903,-0.144293,0.183266,-0.000228,0.067103
43.444100,-0.226299,0.032803,0.766906,-0.162991,0.731494,0.162368,0.442431,-0.131880,-0.565769,-0.518997,0.462723,0.422583,0.403780,0.253122,1.275914,-1.568262,-1.342913,-2.240250,0.528906,1.581736,2.463325,0.225841,-0.101415,-0.226903,-0.144293,0.183266,-0.000228,0.067103
43.444980,-0.226871,0.037827,0.767077,-0.161541,0.733210,0.161607,0.441565,-0.105994,-0.564504,-0.532456,0.451051,0.420352,0.403760,0.253351,1.276138,-1.568364,-1.343131,-2.240385,0.529091,1.581735,2.463388,0.224689,-0.101573,-0.223590,-0.142328,0.183892,-0.001449,0.066518
43.445994,-0.226889,0.036133,0.764208,-0.158886,0.733536,0.161584,0.441150,-0.073500,-0.561963,-0.549299,0.436317,0.417685,0.403878,0.253590,1.276354,-1.568468,-1.343347,-2.240524,0.529266,1.581738,2.463458,0.222688,-0.103103,-0.221495,-0.140562,0.180637,-0.000681,0.067776
43.447080,-0.230195,0.035578,0.765767,-0.156911,0.734568,0.160980,0.441438,0.014616,-0.551814,-0.592142,0.393254,0.410830,0.404012,0.254044,1.276785,-1.568665,-1.343771,-2.240802,0.529613,1.581740,2.463588,0.219930,-0.100201,-0.216697,-0.138815,0.176408,-0.000055,0.066981
43.448048,-0.229168,0.036283,0.765818,-0.154190,0.733892,0.161084,0.441554,0.014616,-0.551814,-0.592142,0.393254,0.410830,0.404012,0.254044,1.276785,-1.568665,-1.343771,-2.240802,0.529613,1.581740,2.463588,0.219930,-0.100201,-0.216697,-0.138815,0.176408,-0.000055,0.066981
43.449019,-0.233690,0.038241,0.767078,-0.149536,0.732318,0.160866,0.440811,0.066427,-0.546339,-0.616969,0.367195,0.406956,0.403985,0.254236,1.276999,-1.568763,-1.343982,-2.240943,0.529783,1.581737,2.463655,0.217172,-0.099663,-0.214616,-0.138271,0.175669,-0.000141,0.066248
43.450048,-0.232794,0.035487,0.761592,-0.145257,0.732268,0.161553,0.441135,0.120253,-0.540734,-0.641841,0.340344,0.403043,0.403920,0.254425,1.277214,-1.568863,-1.344192,-2.241084,0.529957,1.581739,2.463726,0.217215,-0.099738,-0.213161,-0.139703,0.175786,0.000073,0.067233
43.451059,-0.241498,0.040063,0.765442,-0.143326,0.732010,0.160649,0.439962,0.172746,-0.536069,-0.667187,0.315795,0.399299,0.404104,0.254639,1.277423,-1.568954,-1.344391,-2.241227,0.530127,1.581736,2.463790,0.214601,-0.097536,-0.208468,-0.140662,0.174410,-0.000597,0.066060
43.452102,-0.241242,0.044729,0.767119,-0.140025,0.732506,0.160602,0.439575,0.220881,-0.533417,-0.693584,0.295502,0.395825,0.404688,0.254899,1.277645,-1.569056,-1.344599,-2.241367,0.530297,1.581737,2.463864,0.216690,-0.098941,-0.208394,-0.139359,0.173256,0.000324,0.067896
43.452956,-0.245747,0.043236,0.767466,-0.136843,0.735679,0.160015,0.439117,0.263078,-0.530879,-0.717604,0.279031,0.392652,0.405411,0.255208,1.277854,-1.569160,-1.344801,-2.241503,0.530466,1.581741,2.463932,0.214375,-0.100331,-0.207256,-0.139533,0.171364,0.000348,0.068132
43.453956,-0.248553,0.046122,0.773015,-0.134136,0.736198,0.160112,0.438768,0.299783,-0.526820,-0.736432,0.265510,0.389826,0.406059,0.255531,1.278068,-1.569254,-1.345002,-2.241642,0.530625,1.581742,2.464001,0.214385,-0.098673,-0.205399,-0.139482,0.166809,0.000940,0.068565
43.454985,-0.253790,0.041575,0.772636,-0.129479,0.737293,0.159870,0.438784,0.331161,-0.521663,-0.749430,0.254819,0.387451,0.406560,0.255810,1.278283,-1.569354,-1.345213,-2.241780,0.530791,1.581743,2.464072,0.213552,-0.099226,-0.206114,-0.139004,0.164941,0.000836,0.068734
43.456239,-0.252184,0.044065,0.777127,-0.126474,0.735767,0.161097,0.438258,0.373352,-0.512295,-0.757687,0.244919,0.384535,0.407142,0.256089,1.278704,-1.569543,-1.345619,-2.242065,0.531113,1.581738,2.464206,0.211111,-0.096588,-0.204315,-0.140135,0.162821,-0.000118,0.068670
43.456957,-0.261797,0.042000,0.776818,-0.126718,0.738439,0.161533,0.437808,0.373352,-0.512295,-0.757687,0.244919,0.384535,0.407142,0.256089,1.278704,-1.569543,-1.345619,-2.242065,0.531113,1.581738,2.464206,0.211111,-0.096588,-0.204315,-0.140135,0.162821,-0.000118,0.068670
43.458049,-0.263437,0.044575,0.774642,-0.124398,0.737989,0.161544,0.436773,0.386309,-0.509129,-0.754785,0.244386,0.383886,0.407240,0.256121,1.278922,-1.569635,-1.345820,-2.242195,0.531266,1.581737,2.464278,0.213599,-0.094637,-0.202046,-0.136833,0.158769,-0.000535,0.069110
43.459074,-0.265473,0.044085,0.781771,-0.119063,0.735803,0.161185,0.436853,0.395359,-0.507082,-0.749446,0.244150,0.383454,0.407078,0.256144,1.279133,-1.569729,-1.346015,-2.242330,0.531424,1.581737,2.464353,0.212243,-0.095149,-0.199100,-0.136094,0.157986,-0.000537,0.070627
43.459957,-0.265832,0.045753,0.783965,-0.116833,0.737763,0.160945,0.436191,0.401330,-0.505917,-0.742718,0.244014,0.383166,0.406734,0.256185,1.279345,-1.569820,-1.346219,-2.242473,0.531582,1.581741,2.464422,0.211077,-0.094094,-0.200722,-0.138158,0.158898,-0.000186,0.069920
43.461031,-0.272153,0.045258,0.791857,-0.114326,0.739399,0.161668,0.435349,0.406138,-0.504239,-0.732691,0.244276,0.383134,0.406231,0.256248,1.279549,-1.569914,-1.346415,-2.242608,0.531731,1.581742,2.464493,0.209107,-0.094061,-0.199828,-0.137213,0.155654,0.000047,0.070761
43.461993,-0.272272,0.044200,0.787779,-0.112245,0.739912,0.162010,0.434243,0.410536,-0.501042,-0.717349,0.244644,0.383435,0.405437,0.256335,1.279763,-1.570005,-1.346622,-2.242745,0.531874,1.581738,2.464567,0.210109,-0.093030,-0.201799,-0.136594,0.152895,-0.000652,0.071895
43.463082,-0.274705,0.044908,0.792126,-0.109078,0.738291,0.162372,0.434172,0.414359,-0.496761,-0.697533,0.244780,0.384025,0.404332,0.256452,1.279969,-1.570093,-1.346815,-2.242879,0.532023,1.581737,2.464643,0.208007,-0.091721,-0.197821,-0.135560,0.151173,-0.000978,0.073576
43.464140,-0.279817,0.045697,0.796495,-0.105741,0.738877,0.161589,0.434346,0.419008,-0.492503,-0.676820,0.244026,0.384715,0.403083,0.256580,1.280173,-1.570180,-1.347013,-2.243017,0.532175,1.581736,2.464718,0.207168,-0.091351,-0.198152,-0.135584,0.151597,-0.001327,0.073132
43.464975,-0.283700,0.045420,0.799748,-0.102096,0.739868,0.160987,0.433134,0.424282,-0.488172,-0.655944,0.242592,0.385433,0.401770,0.256670,1.280381,-1.570269,-1.347214,-2.243155,0.532317,1.581737,2.464788,0.207624,-0.090989,-0.198397,-0.135751,0.149868,-0.000534,0.072245
43.466048,-0.283713,0.043979,0.796349,-0.099119,0.738849,0.161604,0.432677,0.427083,-0.483571,-0.633529,0.242201,0.386288,0.400398,0.256685,1.280582,-1.570356,-1.347411,-2.243291,0.532463,1.581741,2.464865,0.207434,-0.090048,-0.198029,-0.136234,0.147652,0.000047,0.074187
43.467075,-0.287444,0.044522,0.799004,-0.095375,0.739288,0.161166,0.432070,0.427164,-0.479698,-0.611652,0.243414,0.387215,0.399109,0.256625,1.280784,-1.570441,-1.347600,-2.243429,0.532606,1.581738,2.464938,0.205377,-0.088606,-0.194500,-0.136031,0.147559,-0.000557,0.074534
43.468021,-0.288153,0.045263,0.801353,-0.091607,0.739039,0.161875,0.432721,0.426696,-0.477540,-0.593802,0.245576,0.388007,0.398086,0.256506,1.280990,-1.570528,-1.347795,-2.243565,0.532745,1.581738,2.465015,0.205149,-0.088145,-0.193986,-0.136650,0.146009,-0.000098,0.075194
43.469129,-0.292662,0.045161,0.800412,-0.093200,0.740080,0.161214,0.432901,0.426572,-0.476641,-0.580184,0.248517,0.388600,0.397367,0.256329,1.281187,-1.570615,-1.347984,-2.243704,0.532889,1.581737,2.465086,0.203466,-0.087750,-0.193307,-0.137213,0.145091,-0.000806,0.073356
43.470041,-0.294362,0.045817,0.800738,-0.089839,0.742989,0.160680,0.432899,0.428238,-0.475842,-0.569884,0.250503,0.388868,0.396757,0.256102,1.281390,-1.570700,-1.348172,-2.243830,0.533024,1.581737,2.465156,0.203686,-0.087000,-0.191058,-0.132698,0.142998,-0.000123,0.072458
43.470989,-0.295558,0.046104,0.797571,-0.086150,0.744854,0.160720,0.432196,0.433556,-0.474620,-0.563377,0.248882,0.388585,0.396012,0.255853,1.281589,-1.570785,-1.348357,-2.243961,0.533156,1.581738,2.465226,0.202456,-0.086576,-0.189424,-0.133064,0.139009,0.000406,0.071963
43.472110,-0.294779,0.043238,0.798565,-0.082632,0.745227,0.159958,0.431805,0.442645,-0.473341,-0.561800,0.244101,0.387777,0.395252,0.255630,1.281789,-1.570870,-1.348536,-2.244099,0.533284,1.581737,2.465303,0.200994,-0.085979,-0.186089,-0.133585,0.136144,0.000371,0.072847
43.473050,-0.299969,0.043056,0.797797,-0.080214,0.748417,0.160292,0.431433,0.455497,-0.472865,-0.566333,0.237918,0.386601,0.394752,0.255468,1.281982,-1.570950,-1.348719,-2.244233,0.533417,1.581739,2.465378,0.198672,-0.083893,-0.184923,-0.134033,0.134765,0.001139,0.073051
43.474020,-0.297689,0.042702,0.795207,-0.076829,0.750031,0.160689,0.430297,0.471265,-0.473812,-0.576661,0.231445,0.385202,0.394558,0.255378,1.282180,-1.571032,-1.348895,-2.244364,0.533541,1.581737,2.465451,0.199255,-0.083103,-0.182831,-0.133400,0.130581,0.000810,0.073277
43.475153,-0.302935,0.040849,0.792732,-0.075538,0.750395,0.159672,0.430015,0.488928,-0.476231,-0.592159,0.225329,0.383667,0.394668,0.255363,1.282370,-1.571113,-1.349068,-2.244499,0.533665,1.581737,2.465529,0.196134,-0.082239,-0.179888,-0.133683,0.128017,0.000417,0.075019
43.476013,-0.301547,0.040798,0.790550,-0.070175,0.750933,0.161412,0.430079,0.508937,-0.480102,-0.613193,0.219176,0.381970,0.395080,0.255421,1.282571,-1.571190,-1.349241,-2.244629,0.533784,1.581741,2.465604,0.196781,-0.080706,-0.177083,-0.131991,0.126792,0.001433,0.074993
43.477013,-0.306550,0.040653,0.792863,-0.065675,0.752466,0.161078,0.429763,0.530764,-0.485648,-0.639845,0.213278,0.380134,0.395818,0.255529,1.282759,-1.571268,-1.349407,-2.244767,0.533903,1.581735,2.465677,0.194110,-0.080002,-0.174391,-0.134185,0.125300,-0.000293,0.074359
43.477998,-0.307862,0.040511,0.796369,-0.062723,0.751969,0.160625,0.429922,0.552536,-0.492800,-0.670755,0.209712,0.378366,0.397045,0.255645,1.282951,-1.571345,-1.349575,-2.244907,0.534017,1.581735,2.465748,0.194042,-0.078774,-0.173192,-0.135329,0.122086,0.000086,0.074310
43.479099,-0.309898,0.042086,0.796235,-0.057566,0.754104,0.160328,0.429568,0.592203,-0.508827,-0.733822,0.212335,0.375643,0.400672,0.255744,1.283325,-1.571496,-1.349907,-2.245179,0.534239,1.581737,2.465892,0.190488,-0.077092,-0.169953,-0.136898,0.116956,0.000864,0.073254
43.480111,-0.316194,0.045031,0.794931,-0.055402,0.755639,0.160088,0.428227,0.592203,-0.508827,-0.733822,0.212335,0.375643,0.400672,0.255744,1.283325,-1.571496,-1.349907,-2.245179,0.534239,1.581737,2.465892,0.190488,-0.077092,-0.169953,-0.136898,0.116956,0.000864,0.073254
43.481074,-0.318685,0.045877,0.795298,-0.054630,0.757399,0.161417,0.428065,0.610570,-0.516278,-0.763412,0.217459,0.374644,0.402882,0.255713,1.283518,-1.571572,-1.350068,-2.245314,0.534344,1.581737,2.465969,0.190993,-0.077365,-0.166919,-0.135809,0.113755,0.001124,0.075221
43.481980,-0.321345,0.044537,0.798541,-0.049922,0.758092,0.161701,0.428163,0.627782,-0.522801,-0.792028,0.223466,0.373706,0.405203,0.255658,1.283701,-1.571645,-1.350226,-2.245443,0.534446,1.581737,2.466041,0.189691,-0.076620,-0.164789,-0.133452,0.110388,-0.000195,0.074832
43.483051,-0.321789,0.046983,0.797471,-0.047049,0.760023,0.161011,0.428125,0.662614,-0.532268,-0.843503,0.232197,0.371832,0.409520,0.255479,1.284066,-1.571790,-1.350545,-2.245715,0.534646,1.581737,2.466185,0.186163,-0.074874,-0.161164,-0.134536,0.104558,0.000271,0.073308
43.484039,-0.323245,0.045515,0.802870,-0.044802,0.760752,0.160856,0.428043,0.662614,-0.532268,-0.843503,0.232197,0.371832,0.409520,0.255479,1.284066,-1.571790,-1.350545,-2.245715,0.534646,1.581737,2.466185,0.186163,-0.074874,-0.161164,-0.134536,0.104558,0.000271,0.073308
43.485029,-0.326216,0.046311,0.803534,-0.041249,0.759509,0.161025,0.427375,0.682610,-0.534859,-0.864826,0.233900,0.370974,0.411410,0.255369,1.284246,-1.571858,-1.350708,-2.245851,0.534744,1.581740,2.466255,0.184390,-0.073018,-0.161506,-0.133503,0.102265,0.000423,0.072779
43.486091,-0.328967,0.046036,0.802870,-0.036715,0.759886,0.161472,0.427733,0.705469,-0.535502,-0.881832,0.232554,0.370176,0.412917,0.255267,1.284430,-1.571930,-1.350865,-2.245984,0.534847,1.581739,2.466330,0.183332,-0.072287,-0.159497,-0.133870,0.101893,0.000280,0.073414
43.487016,-0.329307,0.041483,0.810899,-0.033971,0.760575,0.162258,0.426328,0.728964,-0.535006,-0.895249,0.229577,0.369533,0.414168,0.255172,1.284606,-1.571998,-1.351014,-2.246122,0.534940,1.581737,2.466399,0.182226,-0.071018,-0.156894,-0.135097,0.099918,-0.000137,0.071957
43.488002,-0.335292,0.042446,0.809542,-0.031553,0.757426,0.161431,0.426160,0.751335,-0.534429,-0.905686,0.226393,0.369163,0.415305,0.255073,1.284783,-1.572059,-1.351177,-2.246259,0.535031,1.581737,2.466473,0.179940,-0.067729,-0.158599,-0.134540,0.097758,-0.000904,0.074117
43.488982,-0.337607,0.041205,0.815567,-0.027321,0.758701,0.161357,0.425990,0.771927,-0.534130,-0.912224,0.222721,0.369099,0.416182,0.254958,1.284964,-1.572125,-1.351325,-2.246389,0.535134,1.581741,2.466547,0.180445,-0.067153,-0.155658,-0.133833,0.099311,-0.000063,0.073720
43.490000,-0.338080,0.043039,0.817982,-0.025237,0.755952,0.162354,0.425815,0.789097,-0.534111,-0.914711,0.218704,0.369293,0.416715,0.254817,1.285139,-1.572187,-1.351484,-2.246525,0.535225,1.581742,2.466617,0.179141,-0.065508,-0.156365,-0.134797,0.096494,0.000014,0.073369
43.491064,-0.344408,0.045003,0.818750,-0.020561,0.757769,0.162225,0.425670,0.815168,-0.531468,-0.906318,0.208516,0.370167,0.416750,0.254468,1.285488,-1.572315,-1.351788,-2.246796,0.535407,1.581742,2.466762,0.177655,-0.065285,-0.153368,-0.135059,0.094323,-0.000805,0.072558
43.492022,-0.348157,0.043176,0.824454,-0.018831,0.760449,0.162091,0.425741,0.815168,-0.531468,-0.906318,0.208516,0.370167,0.416750,0.254468,1.285488,-1.572315,-1.351788,-2.246796,0.535407,1.581742,2.466762,0.177655,-0.065285,-0.153368,-0.135059,0.094323,-0.000805,0.072558
43.493012,-0.354646,0.045390,0.833063,-0.017400,0.761872,0.161756,0.425309,0.823226,-0.528262,-0.896251,0.203128,0.370745,0.416405,0.254276,1.285665,-1.572373,-1.351943,-2.246928,0.535490,1.581743,2.466833,0.177058,-0.063380,-0.153959,-0.133577,0.090226,-0.000659,0.071729
43.493962,-0.355237,0.045408,0.833863,-0.013581,0.763014,0.160544,0.425412,0.826049,-0.523640,-0.880466,0.197879,0.371474,0.415625,0.254093,1.285845,-1.572436,-1.352105,-2.247056,0.535575,1.581743,2.466907,0.177805,-0.063465,-0.155896,-0.131931,0.087361,-0.000298,0.071894
43.495027,-0.359547,0.042761,0.837572,-0.009186,0.761898,0.161091,0.424866,0.824823,-0.516725,-0.857462,0.191600,0.372312,0.414190,0.253943,1.286016,-1.572496,-1.352254,-2.247190,0.535655,1.581744,2.466975,0.175691,-0.062466,-0.154050,-0.132558,0.084848,0.000938,0.071009
43.495952,-0.367162,0.045619,0.839983,-0.008194,0.762303,0.161494,0.424223,0.820812,-0.508612,-0.829855,0.185018,0.373233,0.412351,0.253836,1.286191,-1.572553,-1.352407,-2.247326,0.535735,1.581741,2.467046,0.175394,-0.060147,-0.153609,-0.133681,0.084535,0.000410,0.071381
43.496979,-0.373812,0.044580,0.841948,-0.003653,0.763302,0.161548,0.424167,0.813166,-0.500821,-0.800444,0.179588,0.374239,0.410385,0.253769,1.286369,-1.572613,-1.352557,-2.247453,0.535812,1.581738,2.467119,0.176764,-0.060618,-0.152608,-0.131590,0.082779,0.000049,0.071994
43.497944,-0.375018,0.041806,0.844986,0.001185,0.763075,0.160737,0.423834,0.799485,-0.493817,-0.770335,0.176454,0.375332,0.408415,0.253725,1.286547,-1.572668,-1.352705,-2.247589,0.535889,1.581738,2.467188,0.177583,-0.059119,-0.151349,-0.132897,0.080383,0.000021,0.071387
43.498929,-0.378065,0.043242,0.846121,0.003432,0.764156,0.161526,0.423412,0.754206,-0.485572,-0.713604,0.181525,0.378081,0.405229,0.253630,1.286892,-1.572776,-1.352999,-2.247860,0.536035,1.581742,2.467332,0.174876,-0.056609,-0.149049,-0.133459,0.076874,0.000054,0.071511
43.500059,-0.382879,0.039469,0.848041,0.006447,0.764991,0.162902,0.423308,0.754206,-0.485572,-0.713604,0.181525,0.378081,0.405229,0.253630,1.286892,-1.572776,-1.352999,-2.247860,0.536035,1.581742,2.467332,0.174876,-0.056609,-0.149049,-0.133459,0.076874,0.000054,0.071511
43.501066,-0.387182,0.040769,0.853261,0.009027,0.764646,0.162964,0.423691,0.728765,-0.484418,-0.689311,0.187639,0.379637,0.404081,0.253539,1.287066,-1.572824,-1.353146,-2.247993,0.536105,1.581738,2.467400,0.174808,-0.053795,-0.147746,-0.133288,0.074655,-0.001280,0.070967
43.501937,-0.392134,0.040447,0.850918,0.011813,0.766074,0.163525,0.423730,0.703078,-0.484921,-0.667847,0.194789,0.381238,0.403121,0.253392,1.287242,-1.572878,-1.353295,-2.248124,0.536177,1.581740,2.467466,0.174498,-0.053534,-0.148148,-0.132706,0.073677,-0.001322,0.069506
43.503121,-0.401020,0.039909,0.856022,0.015849,0.765891,0.163883,0.424127,0.649317,-0.489013,-0.631829,0.212160,0.384392,0.401615,0.252949,1.287598,-1.572978,-1.353580,-2.248389,0.536312,1.581734,2.467597,0.176445,-0.051306,-0.145197,-0.133183,0.069828,-0.002165,0.067253
43.503998,-0.399717,0.038253,0.857410,0.019050,0.766648,0.161934,0.424234,0.649317,-0.489013,-0.631829,0.212160,0.384392,0.401615,0.252949,1.287598,-1.572978,-1.353580,-2.248389,0.536312,1.581734,2.467597,0.176445,-0.051306,-0.145197,-0.133183,0.069828,-0.002165,0.067253
43.505037,-0.406562,0.037986,0.856747,0.021309,0.765653,0.162385,0.423872,0.618394,-0.492839,-0.617100,0.224386,0.386009,0.401163,0.252673,1.287764,-1.573023,-1.353719,-2.248523,0.536376,1.581739,2.467661,0.173457,-0.049680,-0.143815,-0.133163,0.067893,-0.000202,0.066422
43.505943,-0.409475,0.041421,0.859719,0.024458,0.766228,0.161245,0.422823,0.558215,-0.502399,-0.594919,0.250667,0.388959,0.400552,0.252137,1.288115,-1.573120,-1.353997,-2.248787,0.536504,1.581738,2.467797,0.173463,-0.049562,-0.140790,-0.132225,0.065849,0.000524,0.067908
43.506947,-0.411681,0.041947,0.861462,0.028046,0.766580,0.161236,0.422411,0.531678,-0.505921,-0.586630,0.262712,0.390135,0.400288,0.251942,1.288283,-1.573168,-1.354133,-2.248919,0.536565,1.581734,2.467867,0.172201,-0.048942,-0.139575,-0.132629,0.064276,0.000567,0.068022
43.508121,-0.417240,0.041617,0.863374,0.029334,0.765953,0.160642,0.422054,0.531678,-0.505921,-0.586630,0.262712,0.390135,0.400288,0.251942,1.288283,-1.573168,-1.354133,-2.248919,0.536565,1.581734,2.467867,0.172201,-0.048942,-0.139575,-0.132629,0.064276,0.000567,0.068022
43.509137,-0.419913,0.041535,0.864829,0.033859,0.765489,0.161202,0.421749,0.508682,-0.507590,-0.578958,0.273267,0.391131,0.399981,0.251797,1.288457,-1.573214,-1.354268,-2.249047,0.536625,1.581736,2.467935,0.172496,-0.047883,-0.138394,-0.130818,0.063595,0.001183,0.067970
43.509930,-0.424512,0.043455,0.866823,0.038043,0.766549,0.160853,0.421253,0.488454,-0.508111,-0.572134,0.282418,0.391988,0.399624,0.251687,1.288623,-1.573260,-1.354399,-2.249180,0.536684,1.581736,2.468003,0.171468,-0.047005,-0.137105,-0.132180,0.062851,0.000635,0.067884
43.511035,-0.425054,0.038318,0.869377,0.041382,0.765334,0.160602,0.421445,0.450288,-0.507805,-0.560789,0.302000,0.393824,0.399287,0.251532,1.288959,-1.573346,-1.354669,-2.249447,0.536803,1.581738,2.468135,0.169340,-0.043794,-0.135300,-0.133283,0.060666,0.001268,0.067157
43.512025,-0.428445,0.038629,0.868170,0.043545,0.766341,0.161678,0.421013,0.450288,-0.507805,-0.560789,0.302000,0.393824,0.399287,0.251532,1.288959,-1.573346,-1.354669,-2.249447,0.536803,1.581738,2.468135,0.169340,-0.043794,-0.135300,-0.133283,0.060666,0.001268,0.067157
43.512964,-0.432962,0.038546,0.872042,0.048798,0.764825,0.162034,0.420402,0.433058,-0.508516,-0.557232,0.312267,0.394833,0.399346,0.251462,1.289125,-1.573388,-1.354795,-2.249580,0.536855,1.581738,2.468205,0.168717,-0.043186,-0.132728,-0.132229,0.058522,0.000204,0.067343
43.513930,-0.434672,0.042503,0.870860,0.052123,0.766053,0.162167,0.420082,0.417538,-0.510404,-0.556029,0.322017,0.395798,0.399544,0.251377,1.289294,-1.573428,-1.354930,-2.249718,0.536911,1.581739,2.468275,0.168624,-0.042394,-0.132658,-0.134196,0.058928,-0.000133,0.067896
43.514969,-0.438366,0.037548,0.871315,0.053407,0.763485,0.161755,0.420492,0.388067,-0.514408,-0.557970,0.341371,0.397594,0.400509,0.251165,1.289620,-1.573509,-1.355175,-2.249983,0.537020,1.581739,2.468403,0.166710,-0.040320,-0.128449,-0.132419,0.057969,0.000196,0.066345
43.516031,-0.441341,0.037995,0.872490,0.060521,0.764855,0.161704,0.419371,0.374905,-0.517082,-0.562224,0.349485,0.398257,0.401167,0.251082,1.289783,-1.573547,-1.355300,-2.250124,0.537069,1.581742,2.468475,0.165870,-0.039807,-0.127077,-0.136189,0.055416,0.000248,0.067881
43.516984,-0.441060,0.034846,0.875489,0.063385,0.764910,0.162283,0.419163,0.374905,-0.517082,-0.562224,0.349485,0.398257,0.401167,0.251082,1.289783,-1.573547,-1.355300,-2.250124,0.537069,1.581742,2.468475,0.165870,-0.039807,-0.127077,-0.136189,0.055416,0.000248,0.067881
43.518024,-0.444118,0.038697,0.872799,0.063771,0.764120,0.162641,0.419112,0.361659,-0.521235,-0.568398,0.358056,0.398919,0.402017,0.251051,1.289940,-1.573580,-1.355426,-2.250258,0.537123,1.581737,2.468543,0.163497,-0.037553,-0.126653,-0.135800,0.054259,-0.000288,0.067612
43.519025,-0.447679,0.032576,0.874472,0.069139,0.763988,0.162092,0.418384,0.344420,-0.530337,-0.585028,0.368621,0.399664,0.403719,0.251189,1.290259,-1.573648,-1.355663,-2.250523,0.537229,1.581741,2.468678,0.162293,-0.034998,-0.122388,-0.135208,0.052882,-0.000066,0.067787
43.520103,-0.455120,0.031548,0.877489,0.070510,0.763120,0.162646,0.417318,0.344420,-0.530337,-0.585028,0.368621,0.399664,0.403719,0.251189,1.290259,-1.573648,-1.355663,-2.250523,0.537229,1.581741,2.468678,0.162293,-0.034998,-0.122388,-0.135208,0.052882,-0.000066,0.067787
43.521020,-0.455606,0.033071,0.876891,0.073934,0.764431,0.162586,0.417410,0.337867,-0.536170,-0.595573,0.370646,0.399707,0.404429,0.251353,1.290426,-1.573678,-1.355786,-2.250654,0.537279,1.581740,2.468750,0.163650,-0.033838,-0.121951,-0.133391,0.052595,-0.000599,0.069184
43.522057,-0.459367,0.028307,0.876268,0.079169,0.764095,0.162383,0.417133,0.329197,-0.543147,-0.605883,0.372143,0.399711,0.404969,0.251533,1.290585,-1.573711,-1.355901,-2.250788,0.537325,1.581738,2.468815,0.161629,-0.033955,-0.119850,-0.133622,0.050242,-0.000504,0.068335
43.522951,-0.459919,0.031945,0.878567,0.083222,0.763167,0.162743,0.416993,0.319392,-0.550773,-0.616106,0.373326,0.399708,0.405437,0.251675,1.290744,-1.573736,-1.356012,-2.250924,0.537375,1.581738,2.468884,0.161253,-0.030942,-0.117754,-0.135588,0.049470,-0.000277,0.068187
43.523956,-0.463953,0.033137,0.878710,0.085166,0.762961,0.162281,0.416133,0.308785,-0.559147,-0.626664,0.375615,0.399843,0.406051,0.251742,1.290901,-1.573770,-1.356129,-2.251061,0.537424,1.581737,2.468951,0.159320,-0.032135,-0.117121,-0.136339,0.049369,-0.000617,0.067823
43.525060,-0.470370,0.027525,0.882409,0.089727,0.763134,0.163218,0.415707,0.298779,-0.566455,-0.636077,0.378304,0.400112,0.406745,0.251732,1.291060,-1.573801,-1.356240,-2.251194,0.537471,1.581739,2.469021,0.159098,-0.032065,-0.115396,-0.135072,0.048487,-0.000134,0.068857
43.526031,-0.470738,0.028505,0.882687,0.093491,0.761114,0.163001,0.415647,0.288547,-0.572153,-0.643150,0.381174,0.400539,0.407375,0.251651,1.291220,-1.573821,-1.356357,-2.251329,0.537516,1.581738,2.469093,0.160015,-0.028663,-0.115376,-0.136426,0.047187,-0.001057,0.068948
43.526974,-0.472915,0.025817,0.886085,0.096591,0.760024,0.162550,0.415216,0.275564,-0.577613,-0.647805,0.385888,0.401294,0.407972,0.251509,1.291375,-1.573849,-1.356468,-2.251467,0.537566,1.581739,2.469159,0.157972,-0.028578,-0.113740,-0.136864,0.048136,-0.000813,0.068391
43.527992,-0.478057,0.028039,0.881315,0.098863,0.759148,0.163435,0.413775,0.261560,-0.582684,-0.649957,0.391841,0.402352,0.408497,0.251339,1.291529,-1.573871,-1.356581,-2.251604,0.537614,1.581741,2.469230,0.156889,-0.026678,-0.113679,-0.136656,0.048165,-0.000354,0.068585
43.529059,-0.478496,0.025604,0.885187,0.102329,0.759798,0.164129,0.413857,0.248638,-0.586887,-0.650437,0.397473,0.403505,0.408879,0.251197,1.291687,-1.573898,-1.356682,-2.251740,0.537661,1.581737,2.469304,0.157222,-0.027198,-0.109595,-0.135665,0.047949,-0.001208,0.070765
43.529944,-0.485170,0.024552,0.889116,0.106135,0.760371,0.163081,0.412282,0.237289,-0.590319,-0.650704,0.402263,0.404573,0.409176,0.251118,1.291840,-1.573920,-1.356794,-2.251875,0.537705,1.581735,2.469373,0.155212,-0.025379,-0.109762,-0.135890,0.046192,-0.001863,0.069846
43.531000,-0.490037,0.025417,0.888555,0.109338,0.759603,0.163493,0.412603,0.226744,-0.592905,-0.649556,0.406826,0.405610,0.409377,0.251105,1.291997,-1.573945,-1.356902,-2.252017,0.537747,1.581736,2.469449,0.156394,-0.024312,-0.110036,-0.136296,0.044662,-0.000787,0.072356
43.532038,-0.491883,0.021516,0.892874,0.112071,0.759836,0.162569,0.410943,0.213999,-0.594672,-0.645191,0.412849,0.406786,0.409457,0.251144,1.292153,-1.573969,-1.357006,-2.252153,0.537791,1.581736,2.469518,0.156571,-0.024160,-0.108015,-0.136207,0.044357,-0.001186,0.070960
43.532948,-0.495404,0.022335,0.894009,0.116134,0.760103,0.164248,0.410640,0.198318,-0.595770,-0.637807,0.420622,0.408112,0.409414,0.251217,1.292304,-1.573986,-1.357114,-2.252286,0.537831,1.581737,2.469597,0.155311,-0.021689,-0.108444,-0.135748,0.043079,-0.000236,0.073569
43.534061,-0.498590,0.021770,0.895972,0.121328,0.761094,0.164416,0.409334,0.181493,-0.596177,-0.627594,0.429384,0.409572,0.409226,0.251308,1.292459,-1.574007,-1.357217,-2.252425,0.537870,1.581733,2.469670,0.154907,-0.021602,-0.107361,-0.136496,0.041866,-0.001896,0.073473
43.535045,-0.502086,0.022856,0.893459,0.123743,0.759494,0.161803,0.409487,0.145005,-0.594738,-0.600785,0.452700,0.413210,0.409038,0.251474,1.292766,-1.574047,-1.357418,-2.252702,0.537952,1.581741,2.469819,0.153834,-0.020779,-0.103736,-0.137421,0.040397,0.000590,0.074301
43.536014,-0.503168,0.024078,0.891204,0.124481,0.759206,0.161538,0.409288,0.128224,-0.592671,-0.587873,0.464837,0.415104,0.409039,0.251518,1.292915,-1.574068,-1.357513,-2.252835,0.537990,1.581740,2.469892,0.152230,-0.020861,-0.101044,-0.134938,0.039709,0.000859,0.074006
43.537148,-0.499943,0.021485,0.895852,0.128848,0.759203,0.162150,0.409008,0.128224,-0.592671,-0.587873,0.464837,0.415104,0.409039,0.251518,1.292915,-1.574068,-1.357513,-2.252835,0.537990,1.581740,2.469892,0.152230,-0.020861,-0.101044,-0.134938,0.039709,0.000859,0.074006
43.538061,-0.506758,0.023065,0.895705,0.132372,0.759520,0.163091,0.409041,0.118458,-0.588765,-0.576890,0.472606,0.416677,0.408838,0.251537,1.293055,-1.574082,-1.357616,-2.252972,0.538027,1.581739,2.469961,0.148523,-0.019056,-0.101661,-0.136057,0.038640,0.000266,0.073815
43.539066,-0.506950,0.019921,0.897476,0.134558,0.757359,0.162653,0.409466,0.116289,-0.582813,-0.566473,0.476375,0.418050,0.408448,0.251551,1.293209,-1.574100,-1.357710,-2.253108,0.538062,1.581738,2.470031,0.149821,-0.019388,-0.100037,-0.136301,0.037414,-0.000653,0.073085
43.539946,-0.511153,0.018111,0.898010,0.138193,0.755860,0.162973,0.409028,0.118085,-0.575495,-0.555876,0.478340,0.419388,0.407952,0.251569,1.293352,-1.574112,-1.357809,-2.253243,0.538104,1.581738,2.470101,0.147813,-0.017355,-0.099300,-0.135240,0.038569,-0.000179,0.071523
43.541000,-0.513007,0.018575,0.898973,0.140964,0.755095,0.162691,0.408138,0.121790,-0.567853,-0.545515,0.479158,0.420674,0.407333,0.251598,1.293498,-1.574123,-1.357902,-2.253380,0.538143,1.581737,2.470175,0.147882,-0.016079,-0.098051,-0.135591,0.039140,-0.000483,0.071755
43.542029,-0.515541,0.015214,0.896718,0.142540,0.754363,0.162260,0.407136,0.126172,-0.560510,-0.535668,0.479387,0.421876,0.406617,0.251654,1.293641,-1.574138,-1.357998,-2.253513,0.538179,1.581737,2.470250,0.146706,-0.015835,-0.096920,-0.135157,0.038896,-0.000172,0.072803
43.543048,-0.519891,0.014378,0.900038,0.145741,0.755201,0.163009,0.406428,0.136533,-0.548167,-0.520606,0.477026,0.423634,0.404933,0.251873,1.293933,-1.574156,-1.358181,-2.253779,0.538250,1.581736,2.470399,0.145944,-0.012925,-0.094368,-0.133544,0.036810,-0.000451,0.074768
43.544046,-0.522554,0.012690,0.899813,0.149872,0.756325,0.162658,0.406083,0.136533,-0.548167,-0.520606,0.477026,0.423634,0.404933,0.251873,1.293933,-1.574156,-1.358181,-2.253779,0.538250,1.581736,2.470399,0.145944,-0.012925,-0.094368,-0.133544,0.036810,-0.000451,0.074768
43.545081,-0.524581,0.013920,0.899527,0.151499,0.756833,0.164035,0.406608,0.140356,-0.543983,-0.515231,0.475694,0.424247,0.404025,0.252008,1.294077,-1.574165,-1.358271,-2.253916,0.538282,1.581737,2.470475,0.145192,-0.011679,-0.092711,-0.134409,0.034764,-0.000073,0.074731
43.545990,-0.527504,0.006885,0.899597,0.155054,0.756240,0.163625,0.404974,0.142179,-0.540877,-0.510610,0.475638,0.424791,0.403210,0.252125,1.294218,-1.574178,-1.358358,-2.254046,0.538312,1.581733,2.470544,0.144153,-0.011863,-0.091072,-0.132879,0.033326,-0.001421,0.072951
43.547022,-0.529182,0.007775,0.900559,0.159595,0.756647,0.162827,0.404715,0.143190,-0.539053,-0.507551,0.476244,0.425221,0.402518,0.252212,1.294360,-1.574179,-1.358445,-2.254180,0.538346,1.581735,2.470624,0.143600,-0.008034,-0.089659,-0.133238,0.033034,-0.000986,0.075563
43.547952,-0.530767,0.007569,0.902597,0.160969,0.755993,0.162868,0.404500,0.143085,-0.539438,-0.506501,0.478138,0.425643,0.401999,0.252263,1.294501,-1.574188,-1.358533,-2.254316,0.538378,1.581738,2.470701,0.142374,-0.008105,-0.088628,-0.134510,0.031674,-0.000177,0.075313
43.549037,-0.536966,0.006826,0.901136,0.163813,0.756129,0.163324,0.403916,0.142544,-0.541159,-0.506266,0.481132,0.426120,0.401593,0.252273,1.294640,-1.574194,-1.358619,-2.254447,0.538406,1.581738,2.470772,0.141178,-0.007661,-0.088218,-0.132717,0.031495,-0.000207,0.075069
43.550042,-0.541314,0.006031,0.902453,0.168528,0.757490,0.163059,0.404030,0.142446,-0.542794,-0.505752,0.483824,0.426583,0.401134,0.252244,1.294785,-1.574199,-1.358702,-2.254579,0.538433,1.581737,2.470850,0.142182,-0.006919,-0.085997,-0.132387,0.030416,-0.000640,0.075480
43.550969,-0.541369,0.003597,0.902960,0.170395,0.756572,0.162326,0.403150,0.134603,-0.547515,-0.504913,0.493103,0.427787,0.400355,0.252122,1.295064,-1.574204,-1.358868,-2.254844,0.538484,1.581739,2.470997,0.140331,-0.004676,-0.084065,-0.132589,0.028294,0.000397,0.075621
43.551983,-0.547563,0.004893,0.903198,0.173726,0.756142,0.163177,0.402532,0.134603,-0.547515,-0.504913,0.493103,0.427787,0.400355,0.252122,1.295064,-1.574204,-1.358868,-2.254844,0.538484,1.581739,2.470997,0.140331,-0.004676,-0.084065,-0.132589,0.028294,0.000397,0.075621
43.553076,-0.551180,0.004117,0.905477,0.177380,0.755419,0.163233,0.402394,0.127700,-0.550582,-0.504497,0.499560,0.428564,0.400031,0.252099,1.295208,-1.574208,-1.358950,-2.254977,0.538511,1.581738,2.471075,0.141384,-0.005008,-0.082758,-0.132755,0.027830,-0.000438,0.076116
43.554004,-0.554216,0.002809,0.904397,0.179851,0.753891,0.163432,0.403159,0.118768,-0.553455,-0.503457,0.507027,0.429466,0.399704,0.252130,1.295347,-1.574208,-1.359029,-2.255109,0.538533,1.581738,2.471151,0.141129,-0.004288,-0.082471,-0.133231,0.027675,-0.000463,0.075622
43.554994,-0.555515,0.002232,0.901978,0.183896,0.754292,0.162846,0.401311,0.107197,-0.556023,-0.501540,0.515948,0.430545,0.399397,0.252209,1.295488,-1.574209,-1.359105,-2.255241,0.538563,1.581737,2.471220,0.140631,-0.003362,-0.080595,-0.132513,0.028349,-0.000639,0.073407
43.556026,-0.561931,0.000242,0.900786,0.182951,0.754696,0.162625,0.402252,0.094752,-0.558594,-0.500126,0.525603,0.431711,0.399153,0.252346,1.295626,-1.574208,-1.359179,-2.255373,0.538587,1.581738,2.471303,0.139514,-0.003001,-0.078377,-0.133406,0.027523,-0.000044,0.076714
43.556995,-0.559823,-0.003194,0.900732,0.186277,0.756187,0.163311,0.401193,0.082643,-0.561388,-0.500497,0.534888,0.432811,0.398927,0.252544,1.295770,-1.574208,-1.359252,-2.255494,0.538612,1.581739,2.471373,0.141022,-0.002008,-0.076913,-0.129514,0.026872,0.000169,0.074496
43.558029,-0.565598,-0.001453,0.901212,0.191300,0.756556,0.162463,0.400965,0.072217,-0.564314,-0.502587,0.542016,0.433700,0.398510,0.252777,1.295905,-1.574204,-1.359326,-2.255626,0.538631,1.581736,2.471452,0.138313,-0.000330,-0.076001,-0.129723,0.025180,-0.000512,0.076339
43.559053,-0.572074,-0.005801,0.897895,0.194665,0.758706,0.162375,0.401508,0.063732,-0.567027,-0.505323,0.547542,0.434447,0.397931,0.253011,1.296045,-1.574203,-1.359399,-2.255760,0.538655,1.581736,2.471526,0.139560,-0.001233,-0.075366,-0.131542,0.024574,0.000352,0.076481
43.560031,-0.571742,-0.005770,0.892701,0.198180,0.759333,0.163011,0.400483,0.052716,-0.570071,-0.508102,0.555378,0.435314,0.397484,0.253205,1.296188,-1.574199,-1.359467,-2.255892,0.538673,1.581736,2.471597,0.141088,0.000918,-0.072867,-0.131719,0.022233,0.000432,0.075095
43.561021,-0.569853,-0.007526,0.892776,0.199936,0.760159,0.162860,0.400775,0.036528,-0.574889,-0.512826,0.567607,0.436352,0.397433,0.253332,1.296323,-1.574199,-1.359530,-2.256024,0.538693,1.581732,2.471675,0.139258,0.000878,-0.069511,-0.132080,0.021419,-0.000187,0.076866
43.562074,-0.575787,-0.008169,0.894474,0.203244,0.761534,0.162955,0.400791,0.020209,-0.581075,-0.521075,0.581507,0.437327,0.397774,0.253420,1.296454,-1.574195,-1.359596,-2.256153,0.538712,1.581735,2.471752,0.136739,0.001723,-0.068777,-0.130712,0.020406,-0.000042,0.075948
43.562983,-0.575759,-0.003009,0.891208,0.206728,0.763015,0.162632,0.401416,0.007707,-0.586879,-0.530786,0.594179,0.438122,0.398233,0.253493,1.296595,-1.574193,-1.359665,-2.256284,0.538728,1.581735,2.471825,0.138050,0.002014,-0.068818,-0.130891,0.018865,-0.000144,0.075628
43.564052,-0.576185,-0.007520,0.890012,0.209986,0.765158,0.162916,0.400898,-0.002167,-0.590793,-0.539141,0.605711,0.438828,0.398668,0.253557,1.296728,-1.574197,-1.359723,-2.256415,0.538741,1.581736,2.471895,0.136415,-0.000550,-0.066456,-0.131234,0.017249,0.000177,0.074086
43.564946,-0.582256,-0.006578,0.887378,0.211780,0.765144,0.162167,0.399787,-0.009271,-0.592155,-0.545930,0.616238,0.439463,0.399139,0.253629,1.296860,-1.574189,-1.359783,-2.256548,0.538751,1.581734,2.471974,0.135047,0.001662,-0.065146,-0.131290,0.015001,-0.000099,0.074829
43.565995,-0.582380,-0.008154,0.882659,0.216719,0.766607,0.162957,0.399392,-0.013843,-0.592025,-0.552270,0.625657,0.440026,0.399641,0.253727,1.297000,-1.574188,-1.359841,-2.256674,0.538768,1.581737,2.472052,0.136430,0.001156,-0.063127,-0.130053,0.014863,0.000643,0.076752
43.567013,-0.583605,-0.009262,0.879995,0.217847,0.766724,0.164322,0.399207,-0.018234,-0.591874,-0.559485,0.634934,0.440561,0.400222,0.253847,1.297130,-1.574186,-1.359895,-2.256809,0.538776,1.581734,2.472127,0.134896,0.001930,-0.060114,-0.131771,0.013306,-0.000142,0.077225
43.568015,-0.586178,-0.008807,0.877337,0.220658,0.767269,0.162992,0.399974,-0.022174,-0.592503,-0.569161,0.644172,0.441040,0.401004,0.253965,1.297263,-1.574184,-1.359948,-2.256937,0.538789,1.581732,2.472204,0.133923,0.002460,-0.058161,-0.129796,0.013069,-0.001504,0.077283
43.568998,-0.585074,-0.008885,0.875708,0.222678,0.768075,0.162867,0.400304,-0.023889,-0.593730,-0.581441,0.651857,0.441359,0.401893,0.254057,1.297398,-1.574182,-1.359999,-2.257065,0.538799,1.581739,2.472275,0.133598,0.002198,-0.056213,-0.129544,0.012424,-0.000189,0.075448
43.570041,-0.586582,-0.009165,0.871522,0.226283,0.769137,0.162204,0.400983,-0.022168,-0.594597,-0.595026,0.656526,0.441431,0.402682,0.254109,1.297525,-1.574180,-1.360051,-2.257192,0.538808,1.581737,2.472349,0.131504,0.002211,-0.054788,-0.128525,0.011528,-0.000063,0.074502
43.571086,-0.589633,-0.007015,0.872272,0.228539,0.769832,0.162595,0.401556,-0.016048,-0.594580,-0.609206,0.657723,0.441233,0.403313,0.254119,1.297654,-1.574178,-1.360098,-2.257324,0.538816,1.581737,2.472417,0.130723,0.002325,-0.052116,-0.128982,0.010377,0.000602,0.072866
43.572025,-0.592083,-0.009720,0.867255,0.232326,0.770669,0.162573,0.402433,-0.006785,-0.593471,-0.623163,0.656349,0.440834,0.403815,0.254097,1.297783,-1.574177,-1.360150,-2.257449,0.538823,1.581735,2.472482,0.130705,0.001235,-0.051893,-0.128209,0.009623,0.000216,0.071459
43.573002,-0.591845,-0.010161,0.870933,0.234314,0.771009,0.163472,0.402613,0.011254,-0.589171,-0.647214,0.651838,0.439940,0.404573,0.254022,1.298042,-1.574169,-1.360243,-2.257708,0.538838,1.581733,2.472615,0.128694,0.002715,-0.050118,-0.127779,0.008294,-0.000657,0.068822
43.573993,-0.593803,-0.010026,0.866067,0.236106,0.770882,0.163774,0.402489,0.020290,-0.586200,-0.655814,0.648438,0.439534,0.404688,0.254033,1.298168,-1.574166,-1.360283,-2.257832,0.538846,1.581733,2.472685,0.128168,0.002610,-0.047161,-0.126579,0.008349,-0.000953,0.068798
43.575039,-0.597810,-0.010198,0.863352,0.240142,0.771734,0.163685,0.402530,0.020290,-0.586200,-0.655814,0.648438,0.439534,0.404688,0.254033,1.298168,-1.574166,-1.360283,-2.257832,0.538846,1.581733,2.472685,0.128168,0.002610,-0.047161,-0.126579,0.008349,-0.000953,0.068798
43.576007,-0.600420,-0.012756,0.859395,0.243916,0.771804,0.163865,0.402495,0.029400,-0.582754,-0.662495,0.643955,0.439115,0.404616,0.254120,1.298298,-1.574165,-1.360322,-2.257965,0.538851,1.581735,2.472753,0.128620,0.002686,-0.045344,-0.127463,0.007442,-0.000869,0.068438
43.576940,-0.606186,-0.011596,0.859305,0.245709,0.772752,0.163567,0.402914,0.035360,-0.580429,-0.669137,0.640938,0.438796,0.404624,0.254266,1.298555,-1.574158,-1.360400,-2.258219,0.538864,1.581737,2.472883,0.129732,0.003298,-0.042406,-0.126892,0.006293,-0.000763,0.067144
43.577926,-0.606130,-0.009455,0.852895,0.248975,0.773149,0.163442,0.403257,0.035733,-0.580033,-0.675901,0.640951,0.438683,0.404783,0.254434,1.298555,-1.574158,-1.360400,-2.258219,0.538864,1.581737,2.472883,0.129732,0.003298,-0.042406,-0.126892,0.006293,-0.000763,0.067144
43.578979,-0.608423,-0.009719,0.851410,0.252812,0.774718,0.163039,0.403260,0.031113,-0.580709,-0.682203,0.643108,0.438704,0.404990,0.254606,1.298681,-1.574157,-1.360432,-2.258345,0.538867,1.581737,2.472944,0.128162,0.002215,-0.038785,-0.127166,0.005865,-0.000637,0.066217
43.580011,-0.610908,-0.007508,0.850470,0.254229,0.773331,0.163472,0.404015,0.024164,-0.581544,-0.688461,0.646217,0.438769,0.405274,0.254782,1.298808,-1.574154,-1.360467,-2.258475,0.538870,1.581739,2.473008,0.127792,0.002324,-0.037642,-0.127875,0.004257,-0.000246,0.065961
43.581013,-0.612206,-0.009171,0.847639,0.258464,0.772792,0.162277,0.405001,0.016732,-0.581792,-0.694038,0.649367,0.438886,0.405576,0.254948,1.298935,-1.574155,-1.360501,-2.258599,0.538879,1.581735,2.473067,0.127515,0.001212,-0.036766,-0.126302,0.005585,-0.000663,0.064197
43.582023,-0.611342,-0.009663,0.846133,0.259633,0.773692,0.161433,0.405027,0.009714,-0.580830,-0.697703,0.651590,0.439055,0.405742,0.255077,1.299058,-1.574152,-1.360532,-2.258725,0.538884,1.581738,2.473126,0.126681,0.002033,-0.034977,-0.127536,0.006067,0.000529,0.061984
43.583056,-0.612053,-0.010306,0.843644,0.263733,0.772597,0.161868,0.407027,0.004849,-0.578916,-0.699682,0.651913,0.439222,0.405707,0.255150,1.299179,-1.574150,-1.360562,-2.258847,0.538886,1.581739,2.473184,0.124785,0.002246,-0.033872,-0.125745,0.005129,0.001364,0.061720
43.584017,-0.617162,-0.009025,0.840575,0.266772,0.774466,0.161464,0.406925,0.004370,-0.576273,-0.700418,0.649216,0.439310,0.405433,0.255172,1.299301,-1.574147,-1.360591,-2.258977,0.538895,1.581739,2.473235,0.123695,0.002533,-0.032273,-0.126757,0.006152,0.000920,0.057479
43.584924,-0.619221,-0.009530,0.839720,0.269390,0.774565,0.161844,0.407460,0.007007,-0.573233,-0.700280,0.644510,0.439355,0.405042,0.255160,1.299425,-1.574148,-1.360617,-2.259107,0.538892,1.581740,2.473291,0.124775,0.001896,-0.030415,-0.126663,0.004286,0.001322,0.057499
43.585964,-0.620726,-0.004783,0.835979,0.274333,0.774940,0.161554,0.407656,0.009294,-0.570181,-0.699182,0.639769,0.439458,0.404648,0.255145,1.299549,-1.574147,-1.360644,-2.259232,0.538897,1.581737,2.473344,0.124305,0.002147,-0.029678,-0.126267,0.004152,0.000953,0.056202
43.587076,-0.621676,-0.008042,0.834205,0.274535,0.773565,0.161337,0.407889,0.011056,-0.561859,-0.692983,0.631681,0.439860,0.403968,0.255245,1.299789,-1.574149,-1.360691,-2.259481,0.538907,1.581737,2.473457,0.122647,0.001433,-0.026352,-0.125416,0.005072,0.001468,0.054899
43.587982,-0.622206,-0.005324,0.832109,0.279028,0.774541,0.160971,0.408731,0.013944,-0.555968,-0.688613,0.626016,0.439936,0.403533,0.255409,1.299909,-1.574152,-1.360714,-2.259610,0.538905,1.581739,2.473506,0.121467,0.000088,-0.025023,-0.126863,0.004090,0.001821,0.053009
43.588996,-0.623067,-0.004825,0.830644,0.283407,0.775587,0.162625,0.408379,0.019015,-0.548871,-0.683332,0.619288,0.439945,0.403061,0.255645,1.300026,-1.574155,-1.360737,-2.259739,0.538908,1.581735,2.473560,0.120493,-0.000124,-0.024023,-0.128138,0.003017,0.000172,0.053519
43.590056,-0.624809,-0.005266,0.825086,0.286039,0.775118,0.161961,0.409582,0.025143,-0.541063,-0.677805,0.613061,0.439980,0.402765,0.255930,1.300145,-1.574155,-1.360750,-2.259866,0.538911,1.581738,2.473606,0.119945,0.000104,-0.021073,-0.127701,0.003468,0.000840,0.050901
43.590930,-0.629973,-0.005474,0.822896,0.289288,0.775900,0.161836,0.409548,0.030562,-0.533755,-0.673501,0.607983,0.440019,0.402687,0.256222,1.300266,-1.574154,-1.360766,-2.259994,0.538912,1.581736,2.473658,0.121092,0.000201,-0.019795,-0.127905,0.002667,0.000974,0.050786
43.592045,-0.629033,-0.007325,0.823225,0.292602,0.775975,0.161646,0.410127,0.030562,-0.533755,-0.673501,0.607983,0.440019,0.402687,0.256222,1.300266,-1.574154,-1.360766,-2.259994,0.538912,1.581736,2.473658,0.121092,0.000201,-0.019795,-0.127905,0.002667,0.000974,0.050786
43.593026,-0.629005,-0.002877,0.816854,0.292544,0.774931,0.161072,0.410538,0.033747,-0.527458,-0.670020,0.604438,0.440117,0.402730,0.256478,1.300382,-1.574151,-1.360786,-2.260123,0.538914,1.581738,2.473704,0.119195,0.001092,-0.019730,-0.128122,0.002579,0.001150,0.049430
43.593993,-0.632866,-0.003354,0.813773,0.297001,0.775933,0.162681,0.411693,0.037770,-0.521082,-0.666533,0.600062,0.440135,0.402667,0.256678,1.300498,-1.574158,-1.360797,-2.260242,0.538919,1.581736,2.473750,0.117798,-0.001073,-0.016386,-0.125163,0.003578,0.001742,0.048427
43.594974,-0.632356,-0.003318,0.813096,0.302227,0.775688,0.162409,0.411888,0.045443,-0.513614,-0.663892,0.592643,0.439828,0.402423,0.256814,1.300616,-1.574159,-1.360809,-2.260370,0.538920,1.581734,2.473790,0.118337,-0.000802,-0.014718,-0.126589,0.002545,0.000120,0.045942
43.595990,-0.632918,-0.004323,0.811708,0.305159,0.776235,0.161810,0.412447,0.062287,-0.497632,-0.660519,0.578470,0.438956,0.402236,0.256913,1.300843,-1.574157,-1.360832,-2.260632,0.538925,1.581739,2.473876,0.115624,-0.000335,-0.013410,-0.128444,0.002200,0.000987,0.044104
43.596908,-0.632595,-0.003057,0.807748,0.308138,0.776545,0.161323,0.412340,0.062287,-0.497632,-0.660519,0.578470,0.438956,0.402236,0.256913,1.300843,-1.574157,-1.360832,-2.260632,0.538925,1.581739,2.473876,0.115624,-0.000335,-0.013410,-0.128444,0.002200,0.000987,0.044104
43.597971,-0.633952,-0.005114,0.805603,0.312053,0.777655,0.161480,0.413163,0.071089,-0.489408,-0.658081,0.573105,0.438604,0.402275,0.256932,1.300952,-1.574159,-1.360840,-2.260759,0.538926,1.581738,2.473921,0.114142,-0.000955,-0.011327,-0.128378,0.001881,0.001477,0.044148
43.599000,-0.635284,-0.001771,0.802582,0.314770,0.776692,0.161480,0.412361,0.081301,-0.481154,-0.655631,0.567798,0.438223,0.402309,0.256959,1.301064,-1.574156,-1.360844,-2.260892,0.538928,1.581737,2.473957,0.113488,0.000045,-0.010214,-0.129108,0.000744,0.001320,0.042340
43.599993,-0.635777,-0.005085,0.800342,0.317805,0.777217,0.161290,0.413593,0.092189,-0.473001,-0.653402,0.562695,0.437815,0.402356,0.257002,1.301175,-1.574159,-1.360851,-2.261020,0.538931,1.581738,2.474003,0.112822,-0.001613,-0.008620,-0.128743,0.001693,0.001313,0.043793
43.601048,-0.636536,-0.003209,0.798659,0.321561,0.778246,0.160738,0.413525,0.103408,-0.464763,-0.651281,0.557428,0.437344,0.402369,0.257069,1.301285,-1.574155,-1.360856,-2.261148,0.538933,1.581736,2.474037,0.111740,0.000028,-0.007446,-0.128703,0.001133,0.001520,0.041155
43.601947,-0.638297,-0.003443,0.792236,0.323585,0.777752,0.162601,0.413925,0.114879,-0.456588,-0.649130,0.551782,0.436821,0.402302,0.257159,1.301393,-1.574157,-1.360858,-2.261279,0.538932,1.581740,2.474077,0.110825,-0.000909,-0.006579,-0.129338,0.000111,0.002051,0.041155
43.603003,-0.634022,-0.003853,0.794112,0.326937,0.777022,0.163385,0.415075,0.126305,-0.448622,-0.647407,0.545826,0.436253,0.402197,0.257271,1.301503,-1.574157,-1.360853,-2.261407,0.538934,1.581736,2.474115,0.110396,-0.000779,-0.003403,-0.128257,0.000600,0.000189,0.040192
43.604016,-0.634391,-0.006106,0.790397,0.330581,0.776894,0.163216,0.415472,0.139280,-0.440518,-0.646612,0.538470,0.435564,0.402057,0.257385,1.301604,-1.574155,-1.360859,-2.261536,0.538938,1.581734,2.474148,0.107012,-0.000599,-0.004306,-0.128536,0.001300,-0.000575,0.037747
43.604946,-0.639841,-0.009370,0.790214,0.332004,0.777722,0.164057,0.416498,0.155955,-0.431937,-0.645998,0.528767,0.434759,0.401824,0.257466,1.301707,-1.574153,-1.360858,-2.261666,0.538941,1.581738,2.474182,0.105987,0.000508,-0.002434,-0.129052,0.001387,-0.000419,0.036833
43.606107,-0.637389,-0.008061,0.789117,0.333641,0.777014,0.162710,0.417406,0.174009,-0.423886,-0.645142,0.517807,0.433950,0.401473,0.257484,1.301817,-1.574149,-1.360861,-2.261793,0.538942,1.581736,2.474211,0.107420,0.002098,-0.002329,-0.127412,0.000538,-0.001256,0.034650
43.607026,-0.641352,-0.005888,0.785633,0.336417,0.776368,0.162178,0.418791,0.190867,-0.416813,-0.643344,0.505776,0.433149,0.400841,0.257434,1.301917,-1.574149,-1.360860,-2.261917,0.538944,1.581736,2.474237,0.104947,0.001419,-0.001794,-0.126072,0.001242,0.000112,0.032732
43.608098,-0.640340,-0.007556,0.780100,0.339062,0.777073,0.161778,0.419613,0.207343,-0.409346,-0.639694,0.491415,0.432242,0.399770,0.257331,1.302024,-1.574149,-1.360855,-2.262041,0.538949,1.581736,2.474263,0.105685,0.000328,-0.000092,-0.125903,0.001835,0.000633,0.029850
43.609083,-0.640630,-0.010003,0.781981,0.342286,0.775753,0.162403,0.419470,0.223295,-0.401306,-0.635513,0.475168,0.431172,0.398411,0.257202,1.302123,-1.574147,-1.360848,-2.262166,0.538950,1.581737,2.474289,0.103958,0.001161,0.002594,-0.125545,0.001113,0.001025,0.028114
43.610045,-0.642730,-0.007138,0.779859,0.347505,0.777578,0.162438,0.419313,0.238400,-0.393718,-0.632161,0.458068,0.429989,0.396954,0.257084,1.302223,-1.574143,-1.360847,-2.262291,0.538953,1.581738,2.474318,0.102919,0.002344,0.001611,-0.125765,0.002417,0.000385,0.028304
43.611082,-0.639990,-0.008749,0.779415,0.351711,0.777059,0.161755,0.419580,0.261329,-0.379688,-0.623019,0.428389,0.428066,0.394212,0.257005,1.302419,-1.574143,-1.360841,-2.262553,0.538955,1.581741,2.474371,0.100226,0.001713,0.002831,-0.128910,0.001091,0.001032,0.027863
43.612034,-0.639789,-0.011180,0.778301,0.352043,0.777422,0.163010,0.420207,0.261329,-0.379688,-0.623019,0.428389,0.428066,0.394212,0.257005,1.302419,-1.574143,-1.360841,-2.262553,0.538955,1.581741,2.474371,0.100226,0.001713,0.002831,-0.128910,0.001091,0.001032,0.027863
43.613083,-0.641420,-0.011883,0.774880,0.355098,0.777606,0.162398,0.420348,0.270073,-0.372635,-0.616151,0.416636,0.427470,0.393007,0.257053,1.302514,-1.574140,-1.360836,-2.262672,0.538955,1.581737,2.474394,0.098999,0.002887,0.003326,-0.126349,0.000716,-0.000219,0.026512
43.614013,-0.642090,-0.012030,0.775313,0.359227,0.776598,0.162170,0.420385,0.279976,-0.365886,-0.608804,0.404064,0.426909,0.391675,0.257139,1.302611,-1.574136,-1.360828,-2.262800,0.538958,1.581738,2.474422,0.098658,0.003185,0.004953,-0.126366,0.000507,0.000402,0.026128
43.614968,-0.645005,-0.014049,0.774406,0.359609,0.776488,0.161299,0.420564,0.297859,-0.354462,-0.594039,0.378464,0.425898,0.388638,0.257367,1.302808,-1.574128,-1.360817,-2.263048,0.538962,1.581737,2.474470,0.098094,0.004175,0.005053,-0.124901,0.001580,0.001514,0.025502
43.616028,-0.645045,-0.010107,0.774953,0.363339,0.776679,0.161731,0.420979,0.297859,-0.354462,-0.594039,0.378464,0.425898,0.388638,0.257367,1.302808,-1.574128,-1.360817,-2.263048,0.538962,1.581737,2.474470,0.098094,0.004175,0.005053,-0.124901,0.001580,0.001514,0.025502
43.617001,-0.648692,-0.012536,0.771753,0.364812,0.778108,0.161707,0.422172,0.304260,-0.348867,-0.584851,0.365556,0.425456,0.386758,0.257449,1.302901,-1.574130,-1.360813,-2.263174,0.538964,1.581737,2.474490,0.096983,0.002209,0.004723,-0.125627,0.001369,0.001065,0.024584
43.617999,-0.644480,-0.014054,0.773255,0.369784,0.779049,0.162227,0.422381,0.309032,-0.342404,-0.573908,0.352353,0.425006,0.384616,0.257474,1.302999,-1.574125,-1.360803,-2.263292,0.538965,1.581738,2.474507,0.097650,0.003390,0.006225,-0.124242,-0.000080,0.001088,0.022117
43.618999,-0.646915,-0.013308,0.772097,0.371170,0.777564,0.162588,0.422882,0.312444,-0.335813,-0.562275,0.339671,0.424597,0.382395,0.257444,1.303088,-1.574121,-1.360799,-2.263423,0.538966,1.581736,2.474526,0.094440,0.004093,0.005395,-0.126114,-0.001028,0.000575,0.021642
43.619959,-0.647152,-0.014485,0.772632,0.373613,0.778136,0.163013,0.423347,0.316210,-0.329402,-0.550346,0.327530,0.424272,0.380191,0.257388,1.303184,-1.574118,-1.360792,-2.263544,0.538970,1.581735,2.474545,0.094538,0.003681,0.005908,-0.124563,0.000436,0.000221,0.020559
43.621070,-0.649571,-0.014518,0.768099,0.374861,0.778193,0.162607,0.423632,0.321202,-0.322724,-0.537888,0.315291,0.423987,0.377940,0.257335,1.303275,-1.574114,-1.360788,-2.263666,0.538969,1.581735,2.474561,0.093546,0.004223,0.005579,-0.124095,-0.000137,-0.000203,0.019566
43.622061,-0.651396,-0.012621,0.767590,0.376689,0.777361,0.162523,0.424544,0.327128,-0.316054,-0.525801,0.302510,0.423652,0.375585,0.257307,1.303370,-1.574109,-1.360776,-2.263788,0.538970,1.581736,2.474579,0.093635,0.004176,0.007724,-0.122392,-0.000207,0.000202,0.018928
43.622987,-0.650444,-0.013749,0.768759,0.382844,0.777468,0.163670,0.424096,0.333646,-0.309602,-0.515412,0.288907,0.423163,0.373124,0.257316,1.303462,-1.574107,-1.360766,-2.263909,0.538973,1.581736,2.474590,0.093434,0.003195,0.007849,-0.121313,0.000604,0.000287,0.017047
43.624139,-0.650599,-0.014910,0.764637,0.384780,0.776969,0.163647,0.425067,0.339789,-0.303070,-0.506351,0.275728,0.422596,0.370673,0.257370,1.303551,-1.574101,-1.360761,-2.264040,0.538975,1.581732,2.474608,0.091882,0.003707,0.007188,-0.124378,0.000471,-0.000849,0.017898
43.625069,-0.650339,-0.012177,0.763729,0.388247,0.777488,0.164721,0.424418,0.344889,-0.296905,-0.498541,0.265160,0.422125,0.368480,0.257460,1.303641,-1.574096,-1.360748,-2.264160,0.538977,1.581732,2.474621,0.090887,0.004226,0.009120,-0.123395,0.000958,-0.000813,0.015875
43.626112,-0.651798,-0.014947,0.764386,0.390880,0.776939,0.164249,0.425748,0.349895,-0.291431,-0.493175,0.257219,0.421707,0.366672,0.257570,1.303728,-1.574096,-1.360738,-2.264283,0.538978,1.581728,2.474640,0.089706,0.002843,0.009438,-0.123918,0.000416,-0.001879,0.017131
43.627010,-0.653522,-0.013760,0.762962,0.394401,0.776555,0.164177,0.426606,0.359669,-0.281204,-0.487576,0.247458,0.420928,0.363963,0.257761,1.303905,-1.574087,-1.360716,-2.264530,0.538982,1.581727,2.474658,0.089186,0.003524,0.009566,-0.124138,0.001314,-0.001314,0.012653
43.628011,-0.652227,-0.012909,0.761682,0.398154,0.777581,0.164519,0.425819,0.359669,-0.281204,-0.487576,0.247458,0.420928,0.363963,0.257761,1.303905,-1.574087,-1.360716,-2.264530,0.538982,1.581727,2.474658,0.089186,0.003524,0.009566,-0.124138,0.001314,-0.001314,0.012653
43.629096,-0.651048,-0.015961,0.756189,0.401753,0.775628,0.163366,0.426452,0.362356,-0.276505,-0.486069,0.246288,0.420658,0.363023,0.257794,1.303989,-1.574085,-1.360705,-2.264656,0.538980,1.581726,2.474674,0.087513,0.003076,0.010070,-0.124866,0.000301,-0.001655,0.014194
43.630010,-0.651594,-0.013924,0.755631,0.405074,0.776538,0.163961,0.426566,0.364729,-0.272438,-0.486832,0.247314,0.420424,0.362487,0.257802,1.304072,-1.574079,-1.360686,-2.264785,0.538988,1.581728,2.474683,0.085924,0.004558,0.012604,-0.125380,0.002205,-0.000501,0.012865
43.630954,-0.653637,-0.015484,0.755992,0.409212,0.775409,0.164018,0.426741,0.367919,-0.269733,-0.491580,0.249976,0.420152,0.362411,0.257801,1.304156,-1.574076,-1.360672,-2.264908,0.538985,1.581728,2.474696,0.085206,0.003478,0.012701,-0.125741,0.001293,-0.001109,0.012593
43.632045,-0.650810,-0.012415,0.753263,0.409504,0.774552,0.163796,0.427467,0.370647,-0.268055,-0.499146,0.254635,0.419900,0.362721,0.257806,1.304241,-1.574070,-1.360659,-2.265039,0.538991,1.581726,2.474706,0.085217,0.004205,0.012357,-0.126756,0.002384,-0.001151,0.012202
43.633038,-0.654286,-0.014764,0.751575,0.413549,0.775600,0.164089,0.427186,0.373146,-0.266243,-0.507585,0.260180,0.419640,0.363197,0.257827,1.304318,-1.574072,-1.360641,-2.265156,0.538994,1.581724,2.474714,0.082847,0.002664,0.013523,-0.124185,0.003204,-0.000912,0.010710
43.633944,-0.649825,-0.017150,0.751941,0.417038,0.775007,0.164344,0.427825,0.377261,-0.263573,-0.516657,0.264449,0.419202,0.363649,0.257860,1.304405,-1.574064,-1.360625,-2.265284,0.538995,1.581725,2.474727,0.083574,0.003777,0.014162,-0.125199,0.002132,-0.001218,0.011240
43.634945,-0.649805,-0.016128,0.746908,0.416515,0.774589,0.163715,0.428240,0.390906,-0.258103,-0.537114,0.269404,0.417930,0.364501,0.257882,1.304559,-1.574057,-1.360587,-2.265529,0.538999,1.581727,2.474739,0.079469,0.004352,0.016062,-0.122238,0.003111,-0.000848,0.009068
43.636024,-0.655900,-0.017430,0.743401,0.419777,0.775528,0.163375,0.428044,0.390906,-0.258103,-0.537114,0.269404,0.417930,0.364501,0.257882,1.304559,-1.574057,-1.360587,-2.265529,0.538999,1.581727,2.474739,0.079469,0.004352,0.016062,-0.122238,0.003111,-0.000848,0.009068
43.636998,-0.652946,-0.017724,0.743187,0.423187,0.775684,0.163565,0.429231,0.402390,-0.255697,-0.549695,0.267685,0.416885,0.364709,0.257825,1.304645,-1.574050,-1.360567,-2.265654,0.539001,1.581726,2.474751,0.081522,0.004926,0.017566,-0.122537,0.002140,-0.000507,0.009425
43.637987,-0.652675,-0.017929,0.741527,0.425619,0.776537,0.164395,0.429557,0.412963,-0.254316,-0.564216,0.264938,0.415645,0.364825,0.257711,1.304719,-1.574046,-1.360549,-2.265779,0.539002,1.581727,2.474753,0.079111,0.005021,0.017440,-0.122957,0.001989,-0.000706,0.007016
43.638987,-0.654693,-0.016717,0.738030,0.427905,0.775507,0.163697,0.429765,0.432350,-0.252585,-0.593823,0.258853,0.413081,0.364916,0.257384,1.304873,-1.574036,-1.360507,-2.266022,0.539001,1.581726,2.474762,0.078162,0.004394,0.019532,-0.121838,0.002180,-0.000822,0.005932
43.640015,-0.652061,-0.018369,0.736692,0.431460,0.775762,0.163124,0.429832,0.432350,-0.252585,-0.593823,0.258853,0.413081,0.364916,0.257384,1.304873,-1.574036,-1.360507,-2.266022,0.539001,1.581726,2.474762,0.078162,0.004394,0.019532,-0.121838,0.002180,-0.000822,0.005932
43.641047,-0.656260,-0.022168,0.735517,0.432471,0.775748,0.162518,0.430057,0.442164,-0.251408,-0.608146,0.255165,0.411796,0.364871,0.257255,1.304944,-1.574030,-1.360486,-2.266144,0.539004,1.581728,2.474769,0.075972,0.005158,0.019930,-0.122481,0.001884,-0.000266,0.005772
43.642069,-0.657062,-0.023980,0.733076,0.434746,0.776705,0.162643,0.430153,0.451490,-0.250676,-0.621957,0.251433,0.410599,0.364729,0.257176,1.305023,-1.574020,-1.360464,-2.266261,0.539006,1.581726,2.474776,0.077149,0.006948,0.020261,-0.120640,0.001881,0.000354,0.005289
43.642955,-0.659122,-0.021517,0.735715,0.436470,0.776740,0.162917,0.429817,0.462727,-0.253269,-0.646135,0.244979,0.408688,0.363802,0.257103,1.305175,-1.574008,-1.360426,-2.266498,0.539005,1.581726,2.474788,0.076747,0.006458,0.019683,-0.118973,0.000899,-0.000053,0.005736
43.644021,-0.660063,-0.023431,0.732493,0.439743,0.777530,0.163168,0.429750,0.462727,-0.253269,-0.646135,0.244979,0.408688,0.363802,0.257103,1.305175,-1.574008,-1.360426,-2.266498,0.539005,1.581726,2.474788,0.076747,0.006458,0.019683,-0.118973,0.000899,-0.000053,0.005736
43.645055,-0.662681,-0.024516,0.732313,0.440940,0.776910,0.162884,0.430490,0.463931,-0.254601,-0.653461,0.242449,0.408057,0.362943,0.257069,1.305249,-1.574000,-1.360400,-2.266619,0.539005,1.581726,2.474791,0.076322,0.007340,0.021008,-0.119362,0.000101,-0.000303,0.005849
43.645947,-0.663270,-0.025289,0.734854,0.443532,0.777315,0.162814,0.430687,0.461925,-0.255597,-0.657377,0.241039,0.407689,0.361912,0.256976,1.305328,-1.573992,-1.360378,-2.266732,0.539008,1.581726,2.474792,0.076700,0.007782,0.020821,-0.117812,0.000710,-0.000013,0.004351
43.647068,-0.662189,-0.024736,0.730400,0.445070,0.777081,0.162917,0.430731,0.450517,-0.256119,-0.654095,0.240205,0.407648,0.359161,0.256490,1.305473,-1.573976,-1.360335,-2.266965,0.539011,1.581726,2.474798,0.074689,0.007691,0.021286,-0.116364,0.000506,-0.000050,0.003859
43.648046,-0.659163,-0.026197,0.731400,0.447170,0.777480,0.162516,0.430209,0.450517,-0.256119,-0.654095,0.240205,0.407648,0.359161,0.256490,1.305473,-1.573976,-1.360335,-2.266965,0.539011,1.581726,2.474798,0.074689,0.007691,0.021286,-0.116364,0.000506,-0.000050,0.003859
43.648996,-0.660379,-0.020969,0.730667,0.448883,0.778117,0.160944,0.430277,0.446700,-0.254551,-0.647997,0.238083,0.407722,0.357433,0.256136,1.305540,-1.573967,-1.360318,-2.267081,0.539009,1.581728,2.474805,0.072368,0.008322,0.020560,-0.115683,0.000112,0.000346,0.004886
43.650056,-0.659591,-0.027121,0.733074,0.452744,0.777297,0.162199,0.430927,0.447872,-0.250666,-0.639503,0.232936,0.407696,0.355443,0.255759,1.305611,-1.573966,-1.360297,-2.267192,0.539008,1.581731,2.474805,0.072145,0.005660,0.020681,-0.114718,-0.000513,0.001910,0.004738
43.650985,-0.658372,-0.026583,0.731278,0.456570,0.777261,0.161464,0.430958,0.452657,-0.244111,-0.627596,0.225764,0.407682,0.353195,0.255379,1.305680,-1.573950,-1.360280,-2.267309,0.539009,1.581724,2.474803,0.070911,0.008597,0.019258,-0.115808,0.000307,0.000669,0.003433
43.651982,-0.658931,-0.024483,0.731153,0.458981,0.776727,0.162717,0.430962,0.458333,-0.236529,-0.612871,0.219210,0.407895,0.350911,0.255013,1.305745,-1.573944,-1.360259,-2.267428,0.539012,1.581726,2.474807,0.069519,0.008222,0.019927,-0.116779,0.000314,0.001411,0.003370
43.652937,-0.660550,-0.027835,0.728771,0.461057,0.777720,0.161727,0.430833,0.463734,-0.228687,-0.596515,0.214651,0.408362,0.348802,0.254697,1.305813,-1.573938,-1.360239,-2.267543,0.539014,1.581723,2.474805,0.068990,0.007101,0.019738,-0.116395,0.000830,0.000159,0.003369
43.653982,-0.659195,-0.028522,0.732257,0.461689,0.776329,0.161595,0.430395,0.468004,-0.220629,-0.579555,0.212026,0.408967,0.346908,0.254451,1.305882,-1.573926,-1.360216,-2.267656,0.539012,1.581724,2.474810,0.068981,0.008659,0.020667,-0.115763,-0.000157,0.001162,0.003609
43.655013,-0.661948,-0.029075,0.728222,0.465006,0.776380,0.162840,0.431217,0.473155,-0.205428,-0.544821,0.208175,0.410174,0.343064,0.254091,1.306015,-1.573906,-1.360175,-2.267883,0.539018,1.581727,2.474816,0.068087,0.009021,0.020455,-0.114288,0.001132,0.000008,0.002799
43.656039,-0.662828,-0.027326,0.729613,0.468432,0.776715,0.162871,0.431343,0.473155,-0.205428,-0.544821,0.208175,0.410174,0.343064,0.254091,1.306015,-1.573906,-1.360175,-2.267883,0.539018,1.581727,2.474816,0.068087,0.009021,0.020455,-0.114288,0.001132,0.000008,0.002799
43.656938,-0.660031,-0.025433,0.726352,0.470633,0.775687,0.162900,0.431010,0.472633,-0.198471,-0.527494,0.207386,0.410768,0.341134,0.253890,1.306081,-1.573899,-1.360158,-2.267999,0.539018,1.581727,2.474817,0.067721,0.008050,0.019524,-0.114924,0.000791,-0.000007,0.002556
43.657970,-0.659345,-0.030366,0.726316,0.473010,0.776927,0.162898,0.431771,0.469554,-0.191435,-0.510718,0.208465,0.411388,0.339401,0.253645,1.306144,-1.573894,-1.360133,-2.268114,0.539023,1.581723,2.474821,0.065555,0.007040,0.020881,-0.114342,0.001784,-0.000013,0.003217
43.659150,-0.659058,-0.031028,0.724983,0.474985,0.777334,0.164011,0.432201,0.466071,-0.177633,-0.482088,0.211020,0.412306,0.336408,0.252990,1.306267,-1.573868,-1.360090,-2.268338,0.539017,1.581721,2.474822,0.063603,0.009545,0.021041,-0.113318,0.000182,-0.001123,0.000814
43.660030,-0.662730,-0.028833,0.720815,0.476662,0.775430,0.163717,0.431893,0.466071,-0.177633,-0.482088,0.211020,0.412306,0.336408,0.252990,1.306267,-1.573868,-1.360090,-2.268338,0.539017,1.581721,2.474822,0.063603,0.009545,0.021041,-0.113318,0.000182,-0.001123,0.000814
43.660953,-0.661784,-0.029639,0.724688,0.478744,0.776567,0.165163,0.431413,0.465329,-0.172527,-0.471660,0.212312,0.412604,0.335130,0.252573,1.306334,-1.573862,-1.360065,-2.268448,0.539023,1.581721,2.474822,0.064649,0.008365,0.022832,-0.112351,0.002047,-0.000818,0.001445
43.661983,-0.660483,-0.030773,0.719925,0.481384,0.776144,0.163842,0.431873,0.463332,-0.168031,-0.463227,0.213965,0.412787,0.333958,0.252151,1.306394,-1.573854,-1.360047,-2.268557,0.539021,1.581718,2.474826,0.063433,0.008681,0.020638,-0.111820,0.000902,-0.002263,0.002395
43.662962,-0.661673,-0.031059,0.722249,0.484210,0.777486,0.163116,0.431199,0.457815,-0.159687,-0.448603,0.218050,0.412996,0.331781,0.251427,1.306514,-1.573834,-1.360000,-2.268779,0.539021,1.581721,2.474827,0.061955,0.009154,0.021306,-0.111980,-0.000016,-0.000208,0.002819
43.664028,-0.660489,-0.030649,0.715548,0.486583,0.776556,0.162769,0.431785,0.457815,-0.159687,-0.448603,0.218050,0.412996,0.331781,0.251427,1.306514,-1.573834,-1.360000,-2.268779,0.539021,1.581721,2.474827,0.061955,0.009154,0.021306,-0.111980,-0.000016,-0.000208,0.002819
43.665018,-0.659004,-0.027665,0.717310,0.491784,0.776063,0.161863,0.430850,0.454636,-0.156472,-0.442907,0.221138,0.413113,0.330863,0.251135,1.306571,-1.573824,-1.359970,-2.268889,0.539022,1.581720,2.474827,0.060661,0.008814,0.024337,-0.111713,0.000921,0.000140,0.001626
43.665973,-0.661001,-0.032033,0.718511,0.493627,0.777371,0.161897,0.431190,0.451592,-0.153650,-0.439033,0.225402,0.413245,0.330198,0.250871,1.306627,-1.573820,-1.359949,-2.269009,0.539025,1.581721,2.474832,0.059245,0.007273,0.023165,-0.114059,0.001377,0.001043,0.003503
43.667112,-0.661740,-0.033494,0.713843,0.496474,0.774489,0.161532,0.431278,0.448071,-0.150797,-0.435627,0.231705,0.413515,0.329793,0.250604,1.306685,-1.573806,-1.359926,-2.269120,0.539020,1.581721,2.474832,0.059573,0.009324,0.022298,-0.113196,0.000111,0.001004,0.002800
43.668039,-0.661082,-0.032806,0.712883,0.498420,0.776707,0.161757,0.431496,0.442370,-0.148929,-0.432208,0.240497,0.414014,0.329543,0.250300,1.306744,-1.573795,-1.359897,-2.269235,0.539029,1.581721,2.474832,0.059223,0.009901,0.024310,-0.113290,0.002940,0.001368,0.002629
43.669075,-0.660144,-0.034971,0.713273,0.500591,0.776201,0.160996,0.432250,0.434937,-0.148922,-0.430493,0.250879,0.414616,0.329427,0.249955,1.306802,-1.573785,-1.359874,-2.269347,0.539023,1.581720,2.474833,0.058189,0.009433,0.024494,-0.112550,0.000727,0.001146,0.002185
43.670021,-0.661483,-0.035115,0.712174,0.504212,0.776525,0.161929,0.431409,0.428038,-0.150035,-0.430283,0.261170,0.415191,0.329346,0.249578,1.306856,-1.573774,-1.359851,-2.269458,0.539027,1.581722,2.474829,0.057070,0.010389,0.024014,-0.112057,0.001227,0.001903,0.000683
43.671061,-0.662938,-0.034913,0.708879,0.506556,0.775174,0.161956,0.431433,0.422295,-0.151750,-0.430349,0.270937,0.415757,0.329222,0.249181,1.306915,-1.573764,-1.359825,-2.269571,0.539028,1.581718,2.474835,0.057052,0.010334,0.024266,-0.112979,0.000887,0.000978,0.002374
43.671982,-0.662949,-0.038151,0.708199,0.508208,0.777163,0.162052,0.432321,0.416151,-0.154224,-0.430787,0.281284,0.416369,0.329164,0.248784,1.306972,-1.573754,-1.359797,-2.269683,0.539033,1.581718,2.474834,0.057087,0.010110,0.025586,-0.112617,0.002198,0.000961,0.002311
43.673176,-0.665130,-0.034743,0.704358,0.510667,0.778190,0.161616,0.431828,0.401500,-0.162209,-0.435185,0.303039,0.417511,0.329271,0.248062,1.307086,-1.573734,-1.359741,-2.269905,0.539028,1.581720,2.474833,0.056825,0.009767,0.027173,-0.111407,-0.000786,0.001293,0.001533
43.674129,-0.666440,-0.034894,0.704323,0.512161,0.776797,0.161686,0.431891,0.401500,-0.162209,-0.435185,0.303039,0.417511,0.329271,0.248062,1.307086,-1.573734,-1.359741,-2.269905,0.539028,1.581720,2.474833,0.056825,0.009767,0.027173,-0.111407,-0.000786,0.001293,0.001533
43.675160,-0.668029,-0.039503,0.702963,0.514076,0.777292,0.161512,0.431475,0.384602,-0.171009,-0.442293,0.322440,0.418307,0.329229,0.247560,1.307197,-1.573708,-1.359686,-2.270121,0.539030,1.581717,2.474838,0.056943,0.011874,0.027202,-0.109631,0.000091,0.001412,0.002219
43.676031,-0.666961,-0.040820,0.699497,0.515628,0.776051,0.161547,0.432626,0.384602,-0.171009,-0.442293,0.322440,0.418307,0.329229,0.247560,1.307197,-1.573708,-1.359686,-2.270121,0.539030,1.581717,2.474838,0.056943,0.011874,0.027202,-0.109631,0.000091,0.001412,0.002219
43.677004,-0.666210,-0.041410,0.699048,0.518369,0.777047,0.162191,0.431979,0.375442,-0.176314,-0.446476,0.330506,0.418607,0.329001,0.247367,1.307249,-1.573695,-1.359657,-2.270226,0.539034,1.581719,2.474835,0.055772,0.012366,0.028598,-0.108643,0.001309,0.001362,-0.000100
43.678019,-0.666232,-0.039535,0.697753,0.519332,0.776184,0.161576,0.432141,0.367771,-0.182750,-0.452004,0.336912,0.418808,0.328690,0.247181,1.307300,-1.573684,-1.359631,-2.270336,0.539034,1.581718,2.474841,0.054780,0.012530,0.028487,-0.108772,0.000296,0.000717,0.001205
43.679002,-0.664254,-0.038462,0.695782,0.521639,0.776799,0.162444,0.431917,0.363117,-0.188983,-0.457816,0.341125,0.418895,0.328287,0.246993,1.307351,-1.573674,-1.359600,-2.270441,0.539035,1.581718,2.474841,0.054185,0.011456,0.028777,-0.107184,0.001166,0.001348,0.000865
43.679971,-0.663153,-0.038628,0.694128,0.523288,0.776325,0.162934,0.432264,0.362687,-0.193414,-0.462685,0.342397,0.418826,0.327717,0.246795,1.307399,-1.573665,-1.359569,-2.270549,0.539031,1.581717,2.474841,0.052606,0.010817,0.029389,-0.106927,0.000575,0.000472,0.001318
43.681079,-0.665409,-0.037379,0.695201,0.525523,0.776416,0.163838,0.432357,0.367480,-0.195371,-0.466562,0.340440,0.418569,0.327004,0.246582,1.307447,-1.573656,-1.359539,-2.270652,0.539033,1.581715,2.474839,0.051483,0.010800,0.029859,-0.106086,0.001038,-0.000004,0.000621
43.681955,-0.664095,-0.040437,0.690546,0.527172,0.775954,0.163302,0.432879,0.376165,-0.194907,-0.469008,0.336233,0.418200,0.326208,0.246359,1.307501,-1.573646,-1.359512,-2.270758,0.539036,1.581713,2.474839,0.051987,0.010048,0.028985,-0.105794,0.000913,-0.000899,0.000440
43.683034,-0.665260,-0.036757,0.693360,0.530228,0.776523,0.162855,0.432462,0.386183,-0.192762,-0.469977,0.331154,0.417792,0.325388,0.246144,1.307549,-1.573632,-1.359478,-2.270861,0.539040,1.581713,2.474839,0.050738,0.011429,0.030922,-0.104957,0.001341,-0.000349,-0.000609
43.683993,-0.665519,-0.037489,0.691094,0.532574,0.775661,0.162587,0.432294,0.396156,-0.189602,-0.469823,0.326089,0.417372,0.324613,0.245954,1.307600,-1.573626,-1.359452,-2.270968,0.539041,1.581713,2.474841,0.050713,0.009477,0.029170,-0.105470,0.000756,0.000093,0.000234
43.684947,-0.665324,-0.038483,0.687284,0.534933,0.776219,0.161739,0.431972,0.404799,-0.185001,-0.467441,0.321943,0.417004,0.323897,0.245794,1.307650,-1.573615,-1.359419,-2.271071,0.539040,1.581713,2.474842,0.050244,0.009740,0.029929,-0.105329,0.001638,0.000359,0.000561
43.685994,-0.663879,-0.039092,0.688441,0.538097,0.777964,0.163801,0.432095,0.411276,-0.179499,-0.463563,0.319339,0.416702,0.323304,0.245657,1.307699,-1.573604,-1.359384,-2.271176,0.539042,1.581715,2.474845,0.049557,0.010100,0.031432,-0.105157,0.001048,0.001204,0.001194
43.687016,-0.664071,-0.039545,0.687925,0.538308,0.777986,0.163852,0.431630,0.415968,-0.174221,-0.459881,0.318422,0.416464,0.322936,0.245542,1.307744,-1.573592,-1.359355,-2.271286,0.539040,1.581710,2.474845,0.048281,0.010260,0.030474,-0.105706,-0.000693,-0.000859,0.000940
43.687952,-0.665205,-0.040851,0.687121,0.541641,0.776797,0.163808,0.431469,0.419835,-0.168981,-0.455742,0.318516,0.416321,0.322723,0.245437,1.307789,-1.573582,-1.359325,-2.271384,0.539040,1.581711,2.474850,0.047850,0.010362,0.030384,-0.103525,-0.000693,-0.000892,0.001862
43.689071,-0.663012,-0.043923,0.685434,0.542564,0.778129,0.164557,0.431473,0.422956,-0.163610,-0.450481,0.318774,0.416260,0.322513,0.245321,1.307837,-1.573572,-1.359295,-2.271490,0.539043,1.581711,2.474849,0.047847,0.010901,0.030426,-0.104352,0.000475,-0.000850,0.002183
43.689995,-0.663338,-0.041244,0.686038,0.543334,0.775667,0.163597,0.432065,0.424928,-0.158852,-0.444800,0.319145,0.416278,0.322281,0.245166,1.307879,-1.573557,-1.359263,-2.271590,0.539042,1.581711,2.474851,0.046231,0.012265,0.030891,-0.102856,-0.000875,-0.001606,0.002165
43.691021,-0.663824,-0.046028,0.680061,0.544634,0.776150,0.163431,0.432121,0.431208,-0.150357,-0.433311,0.314554,0.416087,0.321286,0.244713,1.307968,-1.573532,-1.359197,-2.271788,0.539045,1.581713,2.474849,0.045580,0.013025,0.032806,-0.100177,0.001084,-0.000486,0.000876
43.692087,-0.666569,-0.044715,0.678176,0.546869,0.775549,0.163907,0.431674,0.431208,-0.150357,-0.433311,0.314554,0.416087,0.321286,0.244713,1.307968,-1.573532,-1.359197,-2.271788,0.539045,1.581713,2.474849,0.045580,0.013025,0.032806,-0.100177,0.001084,-0.000486,0.000876
43.693064,-0.661737,-0.043662,0.678422,0.549648,0.776699,0.163059,0.432429,0.434621,-0.147689,-0.430022,0.309232,0.415710,0.320540,0.244448,1.308016,-1.573521,-1.359164,-2.271887,0.539051,1.581712,2.474852,0.046390,0.012214,0.033336,-0.100049,0.001633,-0.000963,0.001766
43.693957,-0.663969,-0.042002,0.678342,0.551189,0.776456,0.163040,0.432370,0.436690,-0.146361,-0.428814,0.303519,0.415222,0.319809,0.244184,1.308053,-1.573511,-1.359132,-2.271988,0.539049,1.581712,2.474849,0.043488,0.011571,0.032812,-0.100390,0.000495,-0.000101,0.000245
43.694957,-0.660141,-0.040835,0.679256,0.555874,0.776601,0.163237,0.431953,0.438951,-0.144419,-0.427085,0.297118,0.414685,0.319034,0.243932,1.308100,-1.573503,-1.359100,-2.272085,0.539051,1.581713,2.474848,0.044082,0.010643,0.032465,-0.099598,0.000724,-0.000096,0.000383
43.695995,-0.658220,-0.046229,0.677926,0.557011,0.775962,0.163921,0.431225,0.441673,-0.140724,-0.422891,0.290428,0.414203,0.318205,0.243706,1.308137,-1.573496,-1.359070,-2.272190,0.539051,1.581713,2.474853,0.041692,0.009971,0.031646,-0.101796,0.000573,-0.000296,0.001205
43.697075,-0.659931,-0.045925,0.675426,0.560320,0.774877,0.164115,0.431139,0.445233,-0.135772,-0.416227,0.284132,0.413875,0.317409,0.243521,1.308175,-1.573478,-1.359036,-2.272288,0.539055,1.581712,2.474855,0.040284,0.012491,0.031915,-0.100554,0.001186,-0.000979,0.002659
43.698038,-0.660831,-0.044644,0.676841,0.560074,0.774941,0.162661,0.432062,0.449556,-0.131353,-0.408990,0.278494,0.413696,0.316716,0.243369,1.308216,-1.573466,-1.359004,-2.272391,0.539056,1.581713,2.474857,0.040657,0.012166,0.032784,-0.101416,0.002264,-0.001173,0.002811
43.698999,-0.662498,-0.041465,0.674986,0.562525,0.773823,0.163562,0.431358,0.454829,-0.123877,-0.392928,0.268254,0.413519,0.315200,0.243077,1.308298,-1.573449,-1.358942,-2.272585,0.539058,1.581714,2.474859,0.040958,0.009720,0.032261,-0.098958,0.003298,-0.000633,0.002375
43.700030,-0.666231,-0.042988,0.673535,0.564875,0.774475,0.163396,0.431552,0.454829,-0.123877,-0.392928,0.268254,0.413519,0.315200,0.243077,1.308298,-1.573449,-1.358942,-2.272585,0.539058,1.581714,2.474859,0.040958,0.009720,0.032261,-0.098958,0.003298,-0.000633,0.002375
43.701036,-0.666175,-0.043843,0.676634,0.567950,0.775303,0.162716,0.431761,0.453404,-0.119070,-0.382550,0.263581,0.413454,0.314202,0.242924,1.308342,-1.573438,-1.358909,-2.272682,0.539058,1.581714,2.474859,0.042313,0.010361,0.032595,-0.098959,0.002627,-0.000453,0.001972
43.702082,-0.664727,-0.044940,0.676676,0.569950,0.776511,0.163356,0.432436,0.446115,-0.114512,-0.370661,0.261728,0.413590,0.313204,0.242746,1.308381,-1.573423,-1.358882,-2.272783,0.539057,1.581714,2.474858,0.041793,0.010613,0.030692,-0.099627,0.001805,0.000229,0.001556
43.703068,-0.662982,-0.045839,0.673277,0.572490,0.775888,0.162688,0.432917,0.420575,-0.106668,-0.340329,0.265522,0.414689,0.311143,0.242243,1.308455,-1.573401,-1.358817,-2.272980,0.539058,1.581713,2.474857,0.039298,0.011343,0.031626,-0.099435,0.001227,0.000262,-0.000758
43.704033,-0.666067,-0.043746,0.673880,0.574588,0.776494,0.163125,0.432396,0.420575,-0.106668,-0.340329,0.265522,0.414689,0.311143,0.242243,1.308455,-1.573401,-1.358817,-2.272980,0.539058,1.581713,2.474857,0.039298,0.011343,0.031626,-0.099435,0.001227,0.000262,-0.000758
43.704974,-0.667087,-0.045375,0.671654,0.576071,0.775837,0.162521,0.432268,0.407577,-0.103524,-0.324588,0.269041,0.415433,0.310177,0.241929,1.308498,-1.573393,-1.358785,-2.273078,0.539057,1.581712,2.474860,0.040359,0.010188,0.030924,-0.099174,0.000616,-0.000180,0.000290
43.706061,-0.664491,-0.045355,0.670782,0.578195,0.775309,0.163803,0.432257,0.393730,-0.100808,-0.309284,0.273653,0.416216,0.309280,0.241599,1.308538,-1.573379,-1.358752,-2.273174,0.539058,1.581714,2.474862,0.040378,0.010855,0.031646,-0.098347,0.001277,0.000424,0.000534
43.706994,-0.663456,-0.047025,0.670070,0.579392,0.775472,0.163146,0.431273,0.379595,-0.098560,-0.294960,0.278704,0.416957,0.308423,0.241276,1.308572,-1.573370,-1.358720,-2.273272,0.539059,1.581710,2.474862,0.038647,0.010730,0.031697,-0.098125,0.001795,-0.000853,0.000552
43.707951,-0.663914,-0.046426,0.669615,0.582013,0.776118,0.164492,0.431369,0.368052,-0.096630,-0.282237,0.282651,0.417553,0.307578,0.240988,1.308608,-1.573359,-1.358689,-2.273364,0.539061,1.581711,2.474865,0.037707,0.011438,0.031678,-0.097100,0.001606,-0.000181,0.002528
43.709116,-0.661875,-0.043267,0.669912,0.584873,0.775785,0.163700,0.431321,0.359990,-0.094805,-0.270858,0.285040,0.417996,0.306739,0.240750,1.308644,-1.573349,-1.358658,-2.273463,0.539060,1.581707,2.474863,0.037516,0.011012,0.031537,-0.097360,0.000964,-0.001523,0.002320
43.709983,-0.658703,-0.042591,0.663750,0.585695,0.775463,0.164026,0.432019,0.354583,-0.092377,-0.259859,0.286638,0.418364,0.305970,0.240551,1.308677,-1.573341,-1.358627,-2.273562,0.539060,1.581710,2.474867,0.036089,0.009325,0.031009,-0.097843,0.001305,-0.000728,0.002404
43.710939,-0.660322,-0.044985,0.665039,0.589218,0.776852,0.163539,0.431307,0.353242,-0.088355,-0.249501,0.286858,0.418590,0.305322,0.240366,1.308708,-1.573333,-1.358590,-2.273655,0.539060,1.581710,2.474865,0.034121,0.008901,0.033671,-0.096413,0.001633,-0.001064,0.001000
43.711950,-0.663799,-0.044897,0.661551,0.592499,0.776493,0.162673,0.431880,0.356501,-0.083384,-0.241429,0.285369,0.418606,0.304846,0.240172,1.308743,-1.573322,-1.358560,-2.273754,0.539060,1.581707,2.474870,0.034538,0.009975,0.032635,-0.097603,0.000229,-0.000551,0.002436
43.713094,-0.660608,-0.044812,0.661550,0.595459,0.777087,0.162814,0.432578,0.359356,-0.079335,-0.235888,0.285208,0.418653,0.304662,0.239949,1.308781,-1.573311,-1.358522,-2.273852,0.539060,1.581707,2.474867,0.035828,0.009786,0.033952,-0.098512,0.000598,0.000315,0.001271
43.714059,-0.661950,-0.045274,0.659512,0.597327,0.774842,0.163067,0.433152,0.358028,-0.077031,-0.232375,0.288753,0.418929,0.304850,0.239691,1.308810,-1.573301,-1.358489,-2.273953,0.539060,1.581706,2.474868,0.033853,0.009622,0.033540,-0.099058,-0.000007,0.000170,-0.000127
43.714960,-0.660246,-0.045078,0.662661,0.596939,0.776319,0.162623,0.432809,0.353902,-0.075922,-0.230476,0.295027,0.419380,0.305330,0.239404,1.308845,-1.573291,-1.358455,-2.274050,0.539067,1.581709,2.474866,0.034122,0.009739,0.034153,-0.098579,0.002201,-0.000103,-0.001265
43.715951,-0.661058,-0.044626,0.659995,0.600537,0.776246,0.162031,0.432557,0.349484,-0.074881,-0.228758,0.301320,0.419844,0.305791,0.239104,1.308876,-1.573283,-1.358424,-2.274141,0.539066,1.581711,2.474867,0.032886,0.009548,0.032182,-0.095989,0.000692,0.000338,-0.000565
43.717052,-0.660428,-0.045461,0.657706,0.602202,0.776386,0.163621,0.432367,0.346223,-0.072899,-0.225577,0.305665,0.420216,0.305957,0.238827,1.308908,-1.573274,-1.358388,-2.274239,0.539068,1.581712,2.474866,0.032917,0.009213,0.033117,-0.097278,0.000761,0.000929,-0.000060
43.718030,-0.659479,-0.043711,0.653385,0.604292,0.777450,0.163674,0.432456,0.343510,-0.070388,-0.221635,0.308820,0.420519,0.305951,0.238598,1.308938,-1.573265,-1.358353,-2.274335,0.539068,1.581707,2.474870,0.032237,0.009527,0.033832,-0.096610,0.000618,-0.000655,0.000303
43.718957,-0.660220,-0.045758,0.647564,0.605527,0.776611,0.162832,0.432089,0.341191,-0.068164,-0.219074,0.311491,0.420713,0.306017,0.238411,1.308967,-1.573259,-1.358313,-2.274432,0.539067,1.581707,2.474871,0.031410,0.008559,0.035523,-0.096386,-0.000440,-0.000691,0.000116
43.719965,-0.657124,-0.048576,0.649055,0.607833,0.778348,0.162858,0.432208,0.339978,-0.066875,-0.220041,0.313266,0.420677,0.306266,0.238243,1.308998,-1.573246,-1.358271,-2.274524,0.539070,1.581711,2.474875,0.031415,0.009452,0.037936,-0.095410,0.000388,0.000134,0.000842
43.721002,-0.658641,-0.045355,0.650148,0.610325,0.776922,0.163991,0.432735,0.340109,-0.067413,-0.225325,0.313959,0.420396,0.306672,0.238067,1.309025,-1.573235,-1.358236,-2.274618,0.539067,1.581710,2.474876,0.029526,0.010726,0.036742,-0.095466,-0.001345,0.000108,0.000590
43.721973,-0.658632,-0.046966,0.647340,0.610942,0.776282,0.164252,0.432739,0.342849,-0.070538,-0.237724,0.313267,0.419621,0.307368,0.237630,1.309083,-1.573217,-1.358164,-2.274807,0.539071,1.581709,2.474878,0.029607,0.009707,0.036754,-0.094020,0.000704,-0.001283,-0.000476
43.723094,-0.655098,-0.046783,0.646187,0.614151,0.777204,0.163972,0.433046,0.342849,-0.070538,-0.237724,0.313267,0.419621,0.307368,0.237630,1.309083,-1.573217,-1.358164,-2.274807,0.539071,1.581709,2.474878,0.029607,0.009707,0.036754,-0.094020,0.000704,-0.001283,-0.000476
43.723939,-0.659592,-0.046073,0.646691,0.615739,0.775873,0.163220,0.433109,0.344875,-0.071578,-0.242289,0.311900,0.419169,0.307518,0.237382,1.309105,-1.573208,-1.358129,-2.274905,0.539067,1.581712,2.474874,0.027550,0.009490,0.036905,-0.094894,-0.000196,-0.001017,-0.001081
43.724980,-0.658160,-0.047455,0.644333,0.616821,0.776359,0.163287,0.432363,0.347886,-0.072865,-0.247115,0.309223,0.418721,0.307539,0.237143,1.309139,-1.573199,-1.358093,-2.275086,0.539069,1.581709,2.474877,0.029435,0.009034,0.036209,-0.094242,0.001130,-0.000256,-0.001202
43.726022,-0.657880,-0.046878,0.641292,0.617838,0.775753,0.163628,0.431579,0.347402,-0.073475,-0.247524,0.308072,0.418062,0.307039,0.236808,1.309192,-1.573181,-1.358013,-2.275175,0.539071,1.581709,2.474881,0.027920,0.009215,0.037961,-0.092095,0.001232,-0.000662,0.001845
43.727026,-0.657814,-0.043856,0.638175,0.619046,0.776908,0.163573,0.431994,0.347725,-0.073833,-0.248135,0.305636,0.417646,0.306563,0.236743,1.309219,-1.573175,-1.357971,-2.275264,0.539066,1.581709,2.474881,0.027560,0.007624,0.039023,-0.091169,0.000109,-0.000601,0.000992
43.728016,-0.654441,-0.045691,0.642470,0.623948,0.776706,0.163804,0.432450,0.347725,-0.073833,-0.248135,0.305636,0.417646,0.306563,0.236743,1.309219,-1.573175,-1.357971,-2.275264,0.539066,1.581709,2.474881,0.027560,0.007624,0.039023,-0.091169,0.000109,-0.000601,0.000992
43.729033,-0.656370,-0.044574,0.639143,0.626843,0.776803,0.162898,0.431990,0.350145,-0.071674,-0.245354,0.300849,0.417040,0.305565,0.236649,1.309266,-1.573156,-1.357897,-2.275456,0.539068,1.581710,2.474885,0.026280,0.007763,0.037655,-0.094377,0.000204,0.000072,0.001000
43.729998,-0.653869,-0.045076,0.636902,0.628580,0.776669,0.162635,0.431980,0.349407,-0.070026,-0.240998,0.301929,0.417181,0.305278,0.236545,1.309288,-1.573149,-1.357858,-2.275549,0.539071,1.581712,2.474886,0.024754,0.007933,0.038302,-0.093866,0.000313,0.000319,0.001011
43.731139,-0.654142,-0.043844,0.635956,0.629060,0.776585,0.162765,0.432389,0.348567,-0.068266,-0.236184,0.303755,0.417428,0.305053,0.236383,1.309312,-1.573141,-1.357820,-2.275638,0.539073,1.581710,2.474884,0.024605,0.007223,0.038305,-0.092203,0.000380,0.000199,0.000191
43.731964,-0.654657,-0.044754,0.634254,0.631283,0.776246,0.162500,0.432126,0.348567,-0.068266,-0.236184,0.303755,0.417428,0.305053,0.236383,1.309312,-1.573141,-1.357820,-2.275638,0.539073,1.581710,2.474884,0.024605,0.007223,0.038305,-0.092203,0.000380,0.000199,0.000191
43.732993,-0.653009,-0.048002,0.633877,0.633011,0.777450,0.162157,0.432685,0.348576,-0.066099,-0.230957,0.304605,0.417623,0.304729,0.236175,1.309338,-1.573132,-1.357780,-2.275731,0.539075,1.581710,2.474885,0.024562,0.007576,0.038678,-0.092189,0.000699,0.000468,0.000724
43.734026,-0.652057,-0.045170,0.628563,0.636057,0.777138,0.161251,0.432908,0.348717,-0.063370,-0.220783,0.304188,0.417859,0.303817,0.235693,1.309379,-1.573116,-1.357699,-2.275914,0.539074,1.581713,2.474882,0.022759,0.007567,0.040574,-0.092598,-0.000180,0.001706,-0.000837
43.734967,-0.652420,-0.046717,0.632865,0.638744,0.776715,0.161491,0.432753,0.348717,-0.063370,-0.220783,0.304188,0.417859,0.303817,0.235693,1.309379,-1.573116,-1.357699,-2.275914,0.539074,1.581713,2.474882,0.022759,0.007567,0.040574,-0.092598,-0.000180,0.001706,-0.000837
43.736185,-0.651091,-0.046251,0.628007,0.640792,0.777736,0.162123,0.432536,0.346956,-0.063246,-0.212076,0.304804,0.418151,0.303099,0.235280,1.309419,-1.573099,-1.357623,-2.276102,0.539074,1.581710,2.474885,0.021796,0.007924,0.039941,-0.092810,-0.000794,0.000837,-0.000094
43.736935,-0.647508,-0.048131,0.629155,0.642131,0.776273,0.162715,0.432794,0.346956,-0.063246,-0.212076,0.304804,0.418151,0.303099,0.235280,1.309419,-1.573099,-1.357623,-2.276102,0.539074,1.581710,2.474885,0.021796,0.007924,0.039941,-0.092810,-0.000794,0.000837,-0.000094
43.737948,-0.652032,-0.047906,0.629976,0.644504,0.776646,0.162728,0.432821,0.345939,-0.063391,-0.207204,0.305346,0.418364,0.302801,0.235148,1.309435,-1.573089,-1.357585,-2.276192,0.539077,1.581709,2.474884,0.019803,0.008748,0.038881,-0.091965,0.000660,0.000246,-0.000614
43.738958,-0.648761,-0.043675,0.628620,0.645729,0.776651,0.162434,0.432433,0.345887,-0.063426,-0.201731,0.304974,0.418573,0.302435,0.235080,1.309461,-1.573081,-1.357549,-2.276284,0.539077,1.581709,2.474885,0.021790,0.008533,0.038034,-0.092145,0.000275,0.000244,-0.000669
43.740111,-0.648335,-0.045387,0.624480,0.645808,0.776544,0.163924,0.431737,0.345083,-0.062517,-0.194172,0.304131,0.418827,0.301910,0.235075,1.309476,-1.573079,-1.357510,-2.276374,0.539077,1.581710,2.474891,0.019934,0.006379,0.038263,-0.091209,0.000266,0.000532,0.000091
43.740945,-0.647425,-0.047728,0.626095,0.649876,0.776676,0.163515,0.431611,0.345235,-0.059805,-0.185339,0.301420,0.418950,0.301205,0.235133,1.309495,-1.573069,-1.357469,-2.276459,0.539079,1.581708,2.474895,0.019513,0.007141,0.039844,-0.089229,0.000359,-0.000961,0.001474
43.741937,-0.646572,-0.048057,0.623611,0.650775,0.777972,0.163172,0.431910,0.347388,-0.056204,-0.177050,0.296523,0.418870,0.300400,0.235228,1.309511,-1.573058,-1.357435,-2.276554,0.539078,1.581709,2.474892,0.018857,0.008177,0.038602,-0.091053,0.000233,-0.000543,0.001725
43.743038,-0.645165,-0.047432,0.625210,0.654819,0.777611,0.162052,0.432608,0.351668,-0.050478,-0.162309,0.287164,0.418693,0.298869,0.235346,1.309544,-1.573041,-1.357362,-2.276736,0.539080,1.581712,2.474890,0.017327,0.007814,0.038168,-0.091631,-0.000715,0.000913,-0.000278
43.743954,-0.644667,-0.047425,0.621334,0.653761,0.777605,0.162072,0.431855,0.351668,-0.050478,-0.162309,0.287164,0.418693,0.298869,0.235346,1.309544,-1.573041,-1.357362,-2.276736,0.539080,1.581712,2.474890,0.017327,0.007814,0.038168,-0.091631,-0.000715,0.000913,-0.000278
43.744928,-0.644787,-0.044211,0.624536,0.658544,0.777025,0.162290,0.432098,0.353566,-0.047842,-0.154891,0.283548,0.418658,0.298115,0.235357,1.309560,-1.573033,-1.357320,-2.276818,0.539081,1.581709,2.474894,0.016892,0.007712,0.039637,-0.088554,-0.000723,0.000899,0.001242
43.745979,-0.645358,-0.045907,0.619358,0.658638,0.775915,0.163125,0.432186,0.356309,-0.040303,-0.138207,0.278218,0.418549,0.296509,0.235381,1.309593,-1.573020,-1.357244,-2.277000,0.539083,1.581705,2.474893,0.016853,0.006808,0.039712,-0.089080,0.000958,-0.000138,0.000568
43.747019,-0.644388,-0.046387,0.617315,0.660734,0.777132,0.163406,0.432101,0.356309,-0.040303,-0.138207,0.278218,0.418549,0.296509,0.235381,1.309593,-1.573020,-1.357244,-2.277000,0.539083,1.581705,2.474893,0.016853,0.006808,0.039712,-0.089080,0.000958,-0.000138,0.000568
43.747991,-0.643910,-0.047922,0.616107,0.664830,0.777083,0.163699,0.432161,0.355302,-0.036466,-0.130630,0.277891,0.418485,0.295878,0.235395,1.309607,-1.573013,-1.357205,-2.277088,0.539081,1.581704,2.474892,0.016185,0.006966,0.040254,-0.089071,-0.000259,-0.000408,0.000745
43.748970,-0.640928,-0.045422,0.616477,0.667138,0.777079,0.163454,0.431548,0.352451,-0.034262,-0.125758,0.279772,0.418426,0.295559,0.235416,1.309622,-1.573004,-1.357165,-2.277183,0.539081,1.581703,2.474893,0.015770,0.007620,0.040379,-0.090908,-0.000198,-0.000697,0.000619
43.750041,-0.637150,-0.046756,0.614827,0.668557,0.777460,0.164138,0.431894,0.347630,-0.033498,-0.122618,0.284913,0.418521,0.295656,0.235453,1.309634,-1.572999,-1.357127,-2.277272,0.539081,1.581703,2.474898,0.014125,0.006294,0.039728,-0.091066,-0.000202,-0.000446,0.001836
43.751032,-0.638792,-0.044578,0.611036,0.669817,0.777011,0.163082,0.431308,0.342654,-0.031757,-0.117881,0.298115,0.418851,0.296596,0.235557,1.309656,-1.572986,-1.357042,-2.277448,0.539082,1.581704,2.474905,0.012814,0.005721,0.041443,-0.089515,-0.000132,-0.000071,0.002292
43.752090,-0.638085,-0.048310,0.611884,0.672910,0.777666,0.163024,0.431772,0.342654,-0.031757,-0.117881,0.298115,0.418851,0.296596,0.235557,1.309656,-1.572986,-1.357042,-2.277448,0.539082,1.581704,2.474905,0.012814,0.005721,0.041443,-0.089515,-0.000132,-0.000071,0.002292
43.753080,-0.639107,-0.047029,0.612260,0.674863,0.777844,0.162618,0.431583,0.342820,-0.030940,-0.117053,0.304439,0.418926,0.297234,0.235588,1.309667,-1.572974,-1.357004,-2.277543,0.539082,1.581704,2.474902,0.012316,0.007473,0.040546,-0.090342,-0.000800,-0.000022,0.001352
43.753946,-0.642578,-0.049769,0.610154,0.676362,0.777867,0.162191,0.431527,0.341190,-0.031088,-0.116368,0.312291,0.419126,0.297931,0.235565,1.309680,-1.572970,-1.356968,-2.277632,0.539080,1.581705,2.474901,0.012682,0.006752,0.039921,-0.090149,-0.000956,0.000383,0.001747
43.754981,-0.635965,-0.046289,0.604737,0.677287,0.777614,0.163402,0.431958,0.335308,-0.032582,-0.114885,0.322652,0.419570,0.298623,0.235467,1.309697,-1.572959,-1.356925,-2.277719,0.539079,1.581705,2.474902,0.014232,0.008020,0.040473,-0.089563,-0.000971,0.000805,0.001854
43.756003,-0.641098,-0.042936,0.602524,0.680743,0.777453,0.162591,0.431794,0.326434,-0.035372,-0.113957,0.334253,0.420105,0.299303,0.235295,1.309700,-1.572957,-1.356879,-2.277805,0.539081,1.581704,2.474903,0.010837,0.006218,0.042649,-0.088410,-0.000729,-0.000413,0.000975
43.757079,-0.636976,-0.050827,0.602305,0.684656,0.777179,0.162519,0.432510,0.317800,-0.038342,-0.115153,0.345354,0.420522,0.300070,0.235070,1.309717,-1.572956,-1.356835,-2.277898,0.539079,1.581706,2.474904,0.013251,0.004531,0.043214,-0.089673,-0.000554,0.000403,0.001311
43.758004,-0.637024,-0.051811,0.604702,0.684658,0.776178,0.162841,0.431973,0.307885,-0.041836,-0.118420,0.357621,0.420973,0.301071,0.234804,1.309722,-1.572940,-1.356795,-2.277993,0.539079,1.581705,2.474900,0.011085,0.008344,0.042831,-0.091303,-0.000280,0.000473,-0.000121
43.758978,-0.638868,-0.048814,0.599991,0.688019,0.776978,0.163181,0.431531,0.296006,-0.047229,-0.122591,0.371782,0.421644,0.302205,0.234519,1.309732,-1.572931,-1.356758,-2.278080,0.539080,1.581702,2.474901,0.011010,0.008697,0.041173,-0.089184,0.000724,0.000167,0.000974
43.760126,-0.635005,-0.047514,0.598159,0.687626,0.777496,0.162734,0.431787,0.283256,-0.053923,-0.126320,0.386452,0.422473,0.303264,0.234263,1.309746,-1.572927,-1.356711,-2.278171,0.539081,1.581705,2.474904,0.011776,0.007127,0.043000,-0.090389,-0.000102,-0.000192,0.001843
43.761060,-0.635926,-0.048456,0.601488,0.689469,0.776960,0.162196,0.431316,0.261141,-0.065290,-0.132182,0.411412,0.423899,0.304895,0.233933,1.309762,-1.572913,-1.356627,-2.278343,0.539080,1.581706,2.474908,0.010111,0.006801,0.041202,-0.087694,-0.000064,0.000797,0.002261
43.761965,-0.636836,-0.049677,0.597378,0.691142,0.777166,0.162662,0.431220,0.253741,-0.068666,-0.132545,0.419590,0.424389,0.305158,0.233847,1.309771,-1.572906,-1.356581,-2.278429,0.539080,1.581705,2.474909,0.010450,0.007327,0.042747,-0.087308,-0.000279,0.000330,0.002438
43.763026,-0.637039,-0.051099,0.596395,0.691351,0.778108,0.162297,0.431216,0.253741,-0.068666,-0.132545,0.419590,0.424389,0.305158,0.233847,1.309771,-1.572906,-1.356581,-2.278429,0.539080,1.581705,2.474909,0.010450,0.007327,0.042747,-0.087308,-0.000279,0.000330,0.002438
43.764007,-0.636328,-0.049156,0.598041,0.694562,0.776884,0.162021,0.432428,0.246382,-0.071926,-0.132141,0.426283,0.424816,0.305138,0.233787,1.309780,-1.572898,-1.356540,-2.278511,0.539082,1.581705,2.474912,0.010442,0.007938,0.042723,-0.085524,-0.001243,0.000703,0.002434
43.764967,-0.633596,-0.048940,0.593905,0.695430,0.778660,0.162744,0.432390,0.238830,-0.075185,-0.131220,0.431754,0.425194,0.304893,0.233720,1.309789,-1.572893,-1.356500,-2.278601,0.539085,1.581705,2.474906,0.009976,0.006893,0.041409,-0.086611,-0.000029,0.000974,0.000011
43.766095,-0.632747,-0.046362,0.592961,0.698586,0.777761,0.162727,0.432204,0.227647,-0.078545,-0.126771,0.439354,0.425774,0.304123,0.233512,1.309799,-1.572881,-1.356414,-2.278773,0.539085,1.581703,2.474909,0.008065,0.005346,0.042932,-0.086504,-0.000911,0.000276,0.000472
43.767027,-0.631300,-0.044317,0.595462,0.698711,0.778173,0.162639,0.432994,0.226111,-0.077426,-0.123552,0.441343,0.425878,0.303763,0.233389,1.309805,-1.572878,-1.356378,-2.278853,0.539083,1.581704,2.474908,0.007265,0.004290,0.041234,-0.084675,-0.001315,0.000361,-0.001122
43.767977,-0.636141,-0.047922,0.592798,0.699540,0.777494,0.163270,0.432410,0.226111,-0.077426,-0.123552,0.441343,0.425878,0.303763,0.233389,1.309805,-1.572878,-1.356378,-2.278853,0.539083,1.581704,2.474908,0.007265,0.004290,0.041234,-0.084675,-0.001315,0.000361,-0.001122
43.769079,-0.631755,-0.045172,0.592190,0.699456,0.775363,0.163873,0.432234,0.225833,-0.074221,-0.118196,0.442185,0.425894,0.303256,0.233269,1.309819,-1.572867,-1.356333,-2.278935,0.539081,1.581700,2.474910,0.009557,0.005997,0.042053,-0.083543,-0.000609,-0.000251,0.000065
43.770087,-0.632944,-0.049434,0.590580,0.699946,0.777164,0.164008,0.432295,0.225416,-0.070189,-0.111690,0.441823,0.425790,0.302543,0.233180,1.309822,-1.572865,-1.356291,-2.279013,0.539089,1.581698,2.474910,0.007278,0.004558,0.041842,-0.081586,0.001458,-0.000842,0.000408
43.770975,-0.633343,-0.048531,0.590438,0.701071,0.778109,0.163944,0.431805,0.226462,-0.065811,-0.105224,0.439175,0.425455,0.301617,0.233154,1.309830,-1.572852,-1.356248,-2.279090,0.539085,1.581697,2.474910,0.007806,0.006576,0.042131,-0.080238,-0.000344,-0.000970,0.000284
43.772072,-0.632751,-0.049828,0.591548,0.701538,0.777583,0.163335,0.432389,0.228713,-0.061842,-0.099202,0.434669,0.424944,0.300525,0.233200,1.309838,-1.572850,-1.356208,-2.279168,0.539084,1.581700,2.474913,0.007908,0.006065,0.041718,-0.079502,-0.001268,-0.000919,0.001262
43.773115,-0.633637,-0.048658,0.587531,0.705407,0.775883,0.163638,0.432035,0.230473,-0.058585,-0.092949,0.429594,0.424400,0.299302,0.233307,1.309844,-1.572842,-1.356170,-2.279241,0.539083,1.581698,2.474911,0.007533,0.006637,0.040704,-0.078196,-0.000718,-0.000295,0.000078
43.773983,-0.630178,-0.050800,0.591115,0.705688,0.776693,0.164482,0.431607,0.230717,-0.055918,-0.086290,0.425333,0.423924,0.298079,0.233456,1.309851,-1.572837,-1.356126,-2.279326,0.539085,1.581697,2.474914,0.007892,0.005983,0.042206,-0.080052,0.000971,-0.000598,0.000797
43.774981,-0.629836,-0.052321,0.586294,0.706501,0.777297,0.164620,0.431716,0.229004,-0.053986,-0.079697,0.423344,0.423603,0.297061,0.233623,1.309854,-1.572829,-1.356089,-2.279401,0.539085,1.581692,2.474918,0.006114,0.006968,0.039935,-0.078514,0.000134,-0.001418,0.001638
43.776029,-0.625887,-0.049829,0.586239,0.707998,0.776116,0.164216,0.431270,0.227275,-0.052705,-0.073306,0.422770,0.423402,0.296228,0.233784,1.309859,-1.572821,-1.356042,-2.279477,0.539082,1.581692,2.474918,0.005891,0.007629,0.041824,-0.077509,-0.000430,-0.001552,0.001408
43.776993,-0.630754,-0.048297,0.585561,0.706548,0.776631,0.163930,0.432154,0.227891,-0.051833,-0.068036,0.422076,0.423198,0.295536,0.233919,1.309859,-1.572817,-1.356003,-2.279553,0.539084,1.581694,2.474920,0.003896,0.006314,0.041353,-0.077187,0.000745,-0.001154,0.002304
43.778162,-0.628662,-0.052695,0.587287,0.708928,0.775870,0.164026,0.432426,0.231124,-0.050256,-0.063509,0.420362,0.422898,0.294880,0.234016,1.309871,-1.572814,-1.355961,-2.279619,0.539082,1.581694,2.474917,0.006239,0.005521,0.041197,-0.074119,0.000231,-0.000865,0.000520
43.779055,-0.627171,-0.047851,0.582196,0.710198,0.776191,0.163756,0.432133,0.237114,-0.045145,-0.052625,0.415933,0.422246,0.293331,0.234096,1.309875,-1.572799,-1.355879,-2.279768,0.539083,1.581691,2.474919,0.004367,0.005102,0.041916,-0.074213,0.000667,-0.000673,0.000579
43.780074,-0.627895,-0.051699,0.581935,0.712311,0.776093,0.163733,0.431679,0.237114,-0.045145,-0.052625,0.415933,0.422246,0.293331,0.234096,1.309875,-1.572799,-1.355879,-2.279768,0.539083,1.581691,2.474919,0.004367,0.005102,0.041916,-0.074213,0.000667,-0.000673,0.000579
43.781040,-0.626000,-0.050223,0.581273,0.713431,0.775212,0.163681,0.431578,0.239005,-0.042736,-0.048042,0.415166,0.421987,0.292784,0.234138,1.309880,-1.572789,-1.355838,-2.279842,0.539084,1.581690,2.474921,0.004673,0.006940,0.041528,-0.074562,0.000761,-0.000646,0.001479
43.781969,-0.630181,-0.048860,0.581979,0.714014,0.776257,0.163378,0.430972,0.239511,-0.041061,-0.044883,0.416365,0.421822,0.292539,0.234208,1.309881,-1.572783,-1.355797,-2.279913,0.539087,1.581690,2.474921,0.003705,0.006114,0.041368,-0.073974,0.001618,-0.000598,0.001673
43.783059,-0.626964,-0.049511,0.579992,0.714568,0.774957,0.163867,0.431361,0.237813,-0.039650,-0.041783,0.419504,0.421778,0.292481,0.234299,1.309890,-1.572777,-1.355756,-2.279982,0.539082,1.581691,2.474924,0.005719,0.005354,0.040517,-0.072892,0.000601,-0.000298,0.002886
43.784109,-0.626705,-0.050127,0.579625,0.713779,0.775921,0.163806,0.431461,0.233694,-0.037746,-0.037785,0.423856,0.421799,0.292468,0.234393,1.309889,-1.572768,-1.355715,-2.280049,0.539084,1.581691,2.474921,0.004079,0.005587,0.041030,-0.071833,0.001909,-0.000794,0.002097
43.784987,-0.626380,-0.053428,0.575160,0.716228,0.775417,0.163295,0.431856,0.229542,-0.035264,-0.033456,0.427468,0.421754,0.292376,0.234468,1.309893,-1.572761,-1.355674,-2.280114,0.539083,1.581689,2.474923,0.003926,0.005808,0.040716,-0.069472,0.000930,-0.000713,0.001898
43.786081,-0.622440,-0.052216,0.576541,0.716608,0.775558,0.162861,0.431396,0.226793,-0.033131,-0.030364,0.429444,0.421587,0.292204,0.234501,1.309894,-1.572750,-1.355629,-2.280185,0.539085,1.581688,2.474923,0.003745,0.007342,0.042430,-0.070246,0.001424,-0.000195,0.001103
43.787034,-0.624155,-0.053866,0.576021,0.717004,0.776615,0.163973,0.431615,0.225443,-0.032238,-0.029570,0.430384,0.421348,0.292053,0.234487,1.309891,-1.572745,-1.355590,-2.280252,0.539086,1.581690,2.474926,0.001789,0.006652,0.041239,-0.068997,0.001270,0.000229,0.002025
43.788028,-0.619516,-0.055085,0.576310,0.717926,0.775773,0.163451,0.432479,0.226317,-0.031877,-0.029942,0.429897,0.421051,0.291856,0.234436,1.309896,-1.572736,-1.355549,-2.280317,0.539085,1.581689,2.474923,0.002624,0.007386,0.041015,-0.067850,0.000220,-0.000892,0.001589
43.789069,-0.620894,-0.053679,0.576516,0.719838,0.775811,0.162330,0.432226,0.229608,-0.031462,-0.030172,0.427540,0.420708,0.291502,0.234364,1.309891,-1.572727,-1.355509,-2.280385,0.539089,1.581689,2.474920,0.000325,0.007882,0.040388,-0.067149,0.001039,-0.000359,-0.000140
43.790000,-0.619364,-0.055167,0.571259,0.720276,0.775994,0.160946,0.431956,0.235060,-0.030708,-0.029595,0.423638,0.420359,0.290982,0.234302,1.309893,-1.572722,-1.355468,-2.280450,0.539088,1.581689,2.474921,0.001019,0.007111,0.039794,-0.067498,0.001000,0.000774,0.000382
43.791080,-0.618857,-0.054619,0.574520,0.721095,0.776728,0.161494,0.431250,0.241342,-0.029731,-0.028685,0.419151,0.420021,0.290372,0.234279,1.309892,-1.572712,-1.355422,-2.280514,0.539088,1.581688,2.474924,0.000260,0.007741,0.041906,-0.066389,0.000814,0.002166,0.000910
43.791977,-0.620194,-0.053523,0.575436,0.720979,0.777067,0.162490,0.431477,0.247676,-0.028921,-0.028347,0.414402,0.419652,0.289717,0.234302,1.309892,-1.572705,-1.355386,-2.280580,0.539086,1.581690,2.474928,0.000010,0.007376,0.039795,-0.065636,0.000093,0.001585,0.002316
43.793015,-0.619891,-0.052827,0.573269,0.720413,0.776731,0.163102,0.431932,0.253714,-0.027449,-0.026785,0.409119,0.419270,0.288895,0.234356,1.309892,-1.572699,-1.355347,-2.280641,0.539086,1.581688,2.474929,0.000680,0.006755,0.038881,-0.064028,-0.000242,0.000594,0.001841
43.793995,-0.618208,-0.053083,0.569359,0.722234,0.776105,0.163334,0.431863,0.258919,-0.024519,-0.022699,0.402954,0.418863,0.287809,0.234411,1.309892,-1.572693,-1.355306,-2.280698,0.539086,1.581686,2.474927,0.000526,0.006330,0.039484,-0.062094,0.000101,0.000001,0.000932
43.795054,-0.615681,-0.052887,0.567754,0.721503,0.776837,0.164157,0.432452,0.263916,-0.020688,-0.018121,0.395745,0.418328,0.286588,0.234440,1.309890,-1.572685,-1.355262,-2.280761,0.539088,1.581686,2.474930,-0.000297,0.006378,0.040929,-0.062428,0.000715,-0.000231,0.001069
43.795973,-0.618510,-0.053569,0.568749,0.721642,0.776649,0.164827,0.431694,0.270233,-0.016776,-0.015448,0.387550,0.417594,0.285442,0.234418,1.309886,-1.572679,-1.355219,-2.280817,0.539087,1.581684,2.474929,-0.001517,0.006198,0.041203,-0.060346,-0.000023,-0.001046,-0.000119
43.797012,-0.618393,-0.055048,0.564369,0.721975,0.776777,0.164790,0.432508,0.278184,-0.012919,-0.014581,0.378276,0.416678,0.284376,0.234339,1.309889,-1.572671,-1.355181,-2.280873,0.539086,1.581683,2.474933,-0.000114,0.006445,0.040236,-0.059135,0.000178,-0.001706,0.001410
43.797975,-0.617377,-0.055146,0.565941,0.722307,0.775889,0.164045,0.432404,0.290995,-0.007740,-0.016549,0.360372,0.414711,0.282468,0.234072,1.309887,-1.572655,-1.355101,-2.280984,0.539089,1.581682,2.474929,-0.000673,0.007043,0.040671,-0.057130,0.000923,-0.000903,-0.000011
43.798938,-0.615090,-0.056790,0.563612,0.724893,0.776495,0.163779,0.432065,0.295526,-0.006924,-0.019015,0.352952,0.413811,0.281705,0.233938,1.309883,-1.572644,-1.355058,-2.281044,0.539089,1.581682,2.474931,-0.001779,0.007744,0.041347,-0.058317,0.000301,-0.000642,0.000668
43.800047,-0.616606,-0.054470,0.565198,0.724867,0.777466,0.163288,0.431962,0.295526,-0.006924,-0.019015,0.352952,0.413811,0.281705,0.233938,1.309883,-1.572644,-1.355058,-2.281044,0.539089,1.581682,2.474931,-0.001779,0.007744,0.041347,-0.058317,0.000301,-0.000642,0.000668
43.801042,-0.617335,-0.059450,0.566488,0.724265,0.776439,0.163456,0.431982,0.298898,-0.006817,-0.021262,0.347652,0.413112,0.281137,0.233835,1.309885,-1.572641,-1.355021,-2.281098,0.539085,1.581683,2.474931,-0.001027,0.006522,0.040087,-0.056954,-0.000631,-0.000157,0.000867
43.801996,-0.615671,-0.059484,0.569932,0.724563,0.777128,0.163385,0.432339,0.300177,-0.007003,-0.021809,0.344520,0.412671,0.280616,0.233762,1.309884,-1.572627,-1.354982,-2.281148,0.539086,1.581683,2.474933,-0.000649,0.008877,0.038979,-0.055162,0.000401,-0.000332,0.000818
43.802987,-0.616567,-0.059279,0.567245,0.725467,0.777326,0.164265,0.431947,0.299492,-0.007363,-0.019136,0.342611,0.412500,0.279886,0.233711,1.309881,-1.572619,-1.354948,-2.281198,0.539084,1.581681,2.474932,-0.001463,0.008784,0.036832,-0.054253,-0.000287,-0.000249,0.000101
43.803941,-0.617229,-0.057709,0.564935,0.725003,0.777983,0.163599,0.432132,0.297681,-0.007634,-0.013026,0.341600,0.412581,0.278933,0.233667,1.309881,-1.572613,-1.354908,-2.281251,0.539085,1.581677,2.474934,-0.001000,0.008601,0.037725,-0.053892,-0.000484,-0.001109,0.000891
43.804952,-0.619362,-0.059399,0.565821,0.725781,0.778474,0.164720,0.431682,0.294744,-0.007739,-0.005304,0.341800,0.412812,0.277963,0.233620,1.309881,-1.572608,-1.354867,-2.281298,0.539084,1.581679,2.474934,-0.000670,0.007750,0.038393,-0.052288,-0.001137,-0.000441,0.000508
43.806040,-0.619514,-0.059721,0.561401,0.725363,0.777409,0.165762,0.432129,0.289827,-0.007980,0.002452,0.343583,0.413119,0.277119,0.233545,1.309883,-1.572599,-1.354833,-2.281349,0.539086,1.581675,2.474937,0.000380,0.008500,0.037524,-0.051869,-0.001651,-0.001555,0.001412
43.806985,-0.615568,-0.059626,0.561338,0.726298,0.777046,0.165086,0.433163,0.282152,-0.008932,0.009295,0.347311,0.413492,0.276496,0.233426,1.309883,-1.572591,-1.354792,-2.281396,0.539089,1.581670,2.474935,0.000446,0.008566,0.039262,-0.050312,-0.000596,-0.002568,0.000509
43.808011,-0.614412,-0.061548,0.561128,0.725497,0.776105,0.164705,0.433126,0.273770,-0.010702,0.013863,0.352018,0.413819,0.276173,0.233271,1.309877,-1.572585,-1.354756,-2.281446,0.539088,1.581673,2.474931,-0.001476,0.008436,0.038841,-0.050061,-0.000228,-0.001890,-0.001556
43.808949,-0.616820,-0.061353,0.555125,0.724383,0.776951,0.163841,0.432501,0.268417,-0.012536,0.016292,0.355682,0.413979,0.276047,0.233108,1.309875,-1.572574,-1.354718,-2.281490,0.539089,1.581671,2.474933,-0.002013,0.009280,0.038496,-0.048177,0.000709,-0.001502,-0.001469
43.809980,-0.617388,-0.057605,0.557206,0.724608,0.776240,0.163737,0.432835,0.266876,-0.014464,0.016496,0.357200,0.413899,0.275974,0.232969,1.309875,-1.572565,-1.354673,-2.281534,0.539088,1.581672,2.474935,-0.000796,0.009060,0.040980,-0.046008,-0.000147,-0.000642,-0.000217
43.810976,-0.616432,-0.059366,0.559062,0.725809,0.775158,0.163938,0.432663,0.267863,-0.016980,0.012409,0.355599,0.413127,0.275741,0.232837,1.309873,-1.572552,-1.354602,-2.281623,0.539092,1.581673,2.474935,-0.000973,0.007926,0.038125,-0.045321,0.001618,-0.000751,-0.000550
43.812072,-0.615344,-0.060967,0.555193,0.724606,0.776527,0.163618,0.432264,0.267863,-0.016980,0.012409,0.355599,0.413127,0.275741,0.232837,1.309873,-1.572552,-1.354602,-2.281623,0.539092,1.581673,2.474935,-0.000973,0.007926,0.038125,-0.045321,0.001618,-0.000751,-0.000550
43.813006,-0.613571,-0.060406,0.553747,0.725778,0.775872,0.163641,0.432187,0.268829,-0.016421,0.011716,0.354041,0.412701,0.275480,0.232847,1.309870,-1.572543,-1.354558,-2.281662,0.539089,1.581673,2.474937,-0.001484,0.008620,0.039564,-0.043153,0.000264,-0.000431,0.000248
43.814085,-0.615263,-0.062624,0.554951,0.727267,0.777088,0.163411,0.432147,0.271319,-0.015743,0.010428,0.351787,0.412225,0.275184,0.232901,1.309866,-1.572536,-1.354520,-2.281705,0.539091,1.581673,2.474938,-0.002330,0.008243,0.039814,-0.043324,0.000915,-0.000453,0.000387
43.815016,-0.616898,-0.060279,0.555013,0.725262,0.774668,0.162327,0.432252,0.275773,-0.015640,0.006198,0.349602,0.411507,0.274803,0.233029,1.309867,-1.572522,-1.354447,-2.281785,0.539093,1.581673,2.474942,-0.000664,0.007997,0.038296,-0.040856,0.002114,0.000868,0.000238
43.816154,-0.614481,-0.059902,0.554852,0.726577,0.775719,0.161857,0.432487,0.275773,-0.015640,0.006198,0.349602,0.411507,0.274803,0.233029,1.309867,-1.572522,-1.354447,-2.281785,0.539093,1.581673,2.474942,-0.000664,0.007997,0.038296,-0.040856,0.002114,0.000868,0.000238
43.816969,-0.615504,-0.060678,0.555493,0.726131,0.776235,0.163919,0.432291,0.275670,-0.014998,0.006013,0.349525,0.411307,0.274468,0.233038,1.309863,-1.572511,-1.354409,-2.281826,0.539090,1.581672,2.474939,-0.001842,0.007694,0.037920,-0.041206,0.001060,0.001341,-0.000221
43.818086,-0.617544,-0.060619,0.553804,0.726833,0.775162,0.163757,0.432841,0.275479,-0.013072,0.007708,0.349044,0.411137,0.273973,0.232994,1.309863,-1.572504,-1.354373,-2.281864,0.539089,1.581668,2.474941,-0.001311,0.007996,0.037163,-0.039846,0.000564,-0.000726,0.000171
43.818990,-0.614142,-0.059797,0.551924,0.726003,0.775782,0.164146,0.432734,0.271437,-0.008018,0.013667,0.349813,0.411049,0.273004,0.232783,1.309859,-1.572486,-1.354297,-2.281936,0.539091,1.581670,2.474939,-0.001966,0.007341,0.038052,-0.037981,0.000993,-0.000943,-0.000709
43.820089,-0.612369,-0.064193,0.548589,0.726579,0.775535,0.163436,0.432104,0.271437,-0.008018,0.013667,0.349813,0.411049,0.273004,0.232783,1.309859,-1.572486,-1.354297,-2.281936,0.539091,1.581670,2.474939,-0.001966,0.007341,0.038052,-0.037981,0.000993,-0.000943,-0.000709
43.820997,-0.615326,-0.062039,0.547692,0.726178,0.776394,0.164003,0.431806,0.270469,-0.005885,0.014734,0.349626,0.410934,0.272647,0.232682,1.309854,-1.572474,-1.354256,-2.281973,0.539092,1.581670,2.474940,-0.002792,0.009413,0.039233,-0.037682,0.001233,-0.000227,0.000558
43.821934,-0.615317,-0.063043,0.553740,0.726352,0.777186,0.164988,0.431300,0.271519,-0.005182,0.012595,0.348597,0.410688,0.272413,0.232625,1.309858,-1.572468,-1.354218,-2.282008,0.539091,1.581669,2.474941,-0.001332,0.008239,0.039214,-0.036445,0.000378,-0.000801,0.001141
43.822933,-0.614408,-0.061274,0.551114,0.725631,0.776175,0.163909,0.431623,0.271938,-0.005372,0.009639,0.347929,0.410456,0.272204,0.232608,1.309856,-1.572460,-1.354186,-2.282042,0.539089,1.581668,2.474945,-0.001324,0.008650,0.035773,-0.035791,-0.000389,-0.001781,0.002143
43.824010,-0.614657,-0.064848,0.552197,0.725328,0.777935,0.164173,0.432102,0.271274,-0.004875,0.009205,0.347475,0.410338,0.271822,0.232602,1.309853,-1.572453,-1.354146,-2.282073,0.539092,1.581669,2.474945,-0.001750,0.007668,0.036650,-0.034334,0.000608,-0.000691,0.001480
43.825010,-0.615270,-0.062077,0.550643,0.725276,0.776419,0.163296,0.432446,0.270727,-0.003554,0.011157,0.346438,0.410282,0.271215,0.232562,1.309851,-1.572440,-1.354112,-2.282103,0.539087,1.581668,2.474944,-0.001591,0.009330,0.035678,-0.033314,-0.001133,-0.000959,0.000525
43.826052,-0.614621,-0.062234,0.548295,0.725649,0.776986,0.162826,0.432174,0.270233,-0.002088,0.014270,0.344923,0.410262,0.270444,0.232459,1.309850,-1.572435,-1.354074,-2.282134,0.539091,1.581669,2.474943,-0.001273,0.007857,0.036016,-0.032516,0.000377,-0.000080,-0.000158
43.826961,-0.614580,-0.061497,0.548895,0.723983,0.777607,0.162984,0.431820,0.269480,-0.000584,0.017559,0.343396,0.410258,0.269624,0.232295,1.309847,-1.572427,-1.354036,-2.282165,0.539090,1.581668,2.474945,-0.001575,0.007846,0.036737,-0.032139,-0.000203,0.000396,0.000390
43.828088,-0.614954,-0.060504,0.547246,0.724978,0.776413,0.162552,0.432093,0.269216,0.001136,0.020277,0.341525,0.410198,0.268807,0.232091,1.309847,-1.572419,-1.354004,-2.282191,0.539089,1.581668,2.474947,-0.001583,0.007383,0.036036,-0.029826,-0.000817,0.000231,0.001091
43.829005,-0.612651,-0.060006,0.544886,0.724910,0.776213,0.163367,0.432719,0.269872,0.003317,0.022654,0.338934,0.410050,0.267971,0.231866,1.309846,-1.572413,-1.353966,-2.282224,0.539093,1.581669,2.474945,-0.001391,0.006818,0.036420,-0.030062,0.000364,0.000659,0.000542
43.830029,-0.614301,-0.065372,0.548389,0.725048,0.776087,0.164318,0.432173,0.271481,0.005934,0.024290,0.336120,0.409825,0.267228,0.231630,1.309842,-1.572407,-1.353928,-2.282251,0.539093,1.581665,2.474943,-0.002509,0.006489,0.037150,-0.029329,0.000551,-0.000139,-0.000708
43.831043,-0.612642,-0.063686,0.545393,0.724103,0.778184,0.164737,0.431752,0.275344,0.009199,0.025324,0.332889,0.409490,0.266243,0.231186,1.309838,-1.572386,-1.353858,-2.282301,0.539087,1.581661,2.474948,-0.002452,0.008073,0.036060,-0.027318,-0.001389,-0.001481,0.001226
43.832087,-0.616095,-0.066904,0.545564,0.724032,0.777350,0.164918,0.432389,0.275963,0.008749,0.025319,0.332979,0.409480,0.265939,0.231012,1.309840,-1.572373,-1.353823,-2.282326,0.539089,1.581662,2.474945,-0.000732,0.009551,0.035534,-0.026659,-0.000541,-0.001669,-0.000056
43.833037,-0.615869,-0.059351,0.547238,0.722545,0.776879,0.164716,0.431758,0.274794,0.007946,0.025932,0.333858,0.409554,0.265653,0.230868,1.309840,-1.572374,-1.353790,-2.282347,0.539091,1.581663,2.474947,-0.000858,0.005741,0.034296,-0.024654,-0.000095,-0.001467,0.001222
43.834047,-0.613082,-0.065126,0.540797,0.723316,0.778107,0.164282,0.431586,0.273346,0.008035,0.027434,0.334461,0.409614,0.265330,0.230760,1.309835,-1.572360,-1.353749,-2.282373,0.539089,1.581663,2.474949,-0.002210,0.008518,0.037059,-0.024824,-0.001315,-0.001032,0.001547
43.835053,-0.615225,-0.066667,0.544576,0.723394,0.777150,0.164333,0.431745,0.272374,0.007632,0.027892,0.335212,0.409660,0.265110,0.230671,1.309837,-1.572350,-1.353717,-2.282396,0.539090,1.581662,2.474949,-0.001132,0.009147,0.034736,-0.024344,-0.000353,-0.001084,0.001225
43.836071,-0.614981,-0.066438,0.542204,0.722857,0.775589,0.163191,0.432369,0.272374,0.007632,0.027892,0.335212,0.409660,0.265110,0.230671,1.309837,-1.572350,-1.353717,-2.282396,0.539090,1.581662,2.474949,-0.001132,0.009147,0.034736,-0.024344,-0.000353,-0.001084,0.001225
43.837079,-0.615174,-0.066605,0.543139,0.723858,0.777193,0.163238,0.432386,0.270275,0.005823,0.027589,0.337199,0.409804,0.264991,0.230564,1.309835,-1.572342,-1.353678,-2.282417,0.539093,1.581666,2.474947,-0.001240,0.008927,0.035481,-0.023302,0.001189,0.000047,-0.000024
43.837970,-0.616131,-0.067690,0.543691,0.722852,0.776596,0.162623,0.432111,0.266576,0.003366,0.027629,0.340512,0.410068,0.264917,0.230427,1.309834,-1.572334,-1.353645,-2.282441,0.539091,1.581663,2.474949,-0.001133,0.008922,0.034611,-0.023735,-0.000425,0.000006,-0.000056
43.839001,-0.617343,-0.067285,0.538055,0.722142,0.777425,0.163542,0.432317,0.261162,0.000711,0.028618,0.345298,0.410479,0.264888,0.230271,1.309834,-1.572324,-1.353612,-2.282460,0.539091,1.581664,2.474949,-0.000647,0.009353,0.033936,-0.022268,0.000187,0.000622,0.000502
43.840081,-0.616893,-0.070882,0.541962,0.722509,0.777973,0.162794,0.431932,0.253993,-0.002185,0.029996,0.351172,0.410985,0.264901,0.230108,1.309833,-1.572317,-1.353569,-2.282479,0.539092,1.581663,2.474950,-0.000037,0.009053,0.036268,-0.021090,-0.000665,-0.000307,0.000076
43.841098,-0.616195,-0.069665,0.536984,0.722281,0.776741,0.162998,0.431614,0.245344,-0.005789,0.030548,0.357783,0.411523,0.264996,0.229943,1.309833,-1.572304,-1.353539,-2.282501,0.539089,1.581665,2.474950,-0.000262,0.010720,0.033905,-0.020936,-0.001178,0.000449,0.000859
43.841963,-0.613766,-0.068150,0.537197,0.720269,0.775224,0.162635,0.431322,0.235890,-0.010206,0.030363,0.365032,0.412114,0.265167,0.229786,1.309830,-1.572297,-1.353499,-2.282521,0.539092,1.581663,2.474951,-0.000582,0.010001,0.035967,-0.020236,0.000039,0.000246,0.001488
43.843017,-0.616129,-0.068288,0.534425,0.718409,0.775949,0.163940,0.431287,0.228391,-0.014434,0.029205,0.371144,0.412595,0.265346,0.229659,1.309826,-1.572290,-1.353464,-2.282534,0.539094,1.581665,2.474952,-0.001751,0.009157,0.035413,-0.017889,0.001545,0.000604,0.002066
43.844074,-0.616882,-0.070125,0.535790,0.717525,0.776587,0.163989,0.431804,0.225265,-0.017248,0.027026,0.373787,0.412735,0.265390,0.229568,1.309829,-1.572283,-1.353426,-2.282547,0.539096,1.581661,2.474953,-0.000583,0.009149,0.036348,-0.015731,0.000773,-0.000698,0.002127
43.844939,-0.616791,-0.066149,0.533655,0.718505,0.776955,0.163942,0.431708,0.225117,-0.018858,0.024379,0.373071,0.412542,0.265225,0.229491,1.309830,-1.572272,-1.353394,-2.282559,0.539092,1.581663,2.474952,-0.000226,0.009951,0.035267,-0.014560,0.000175,-0.000742,0.001089
43.845951,-0.612892,-0.066952,0.535269,0.718115,0.775611,0.162022,0.431839,0.225452,-0.019634,0.022009,0.370870,0.412192,0.264944,0.229406,1.309829,-1.572270,-1.353359,-2.282577,0.539090,1.581663,2.474953,-0.000272,0.007901,0.035933,-0.015131,-0.000168,-0.000694,0.001287
43.846980,-0.612090,-0.070366,0.533461,0.717450,0.777062,0.163399,0.432561,0.226564,-0.018897,0.020791,0.368020,0.411812,0.264639,0.229312,1.309824,-1.572262,-1.353326,-2.282591,0.539097,1.581665,2.474953,-0.002172,0.008229,0.034716,-0.014391,0.001122,0.001229,0.001020
43.847948,-0.614856,-0.068045,0.535218,0.717574,0.777952,0.162195,0.432686,0.230337,-0.016837,0.020716,0.364003,0.411417,0.264292,0.229204,1.309821,-1.572248,-1.353290,-2.282602,0.539092,1.581663,2.474950,-0.002525,0.009780,0.035200,-0.013453,-0.000308,-0.000167,-0.000424
43.849034,-0.615518,-0.065513,0.533206,0.716183,0.778870,0.163541,0.432616,0.235576,-0.014548,0.021586,0.359549,0.411071,0.263915,0.229083,1.309823,-1.572242,-1.353260,-2.282615,0.539091,1.581665,2.474950,-0.001146,0.008522,0.033938,-0.013273,-0.001185,0.001048,-0.000662
43.849948,-0.615681,-0.069737,0.536936,0.717652,0.776991,0.163282,0.431738,0.239314,-0.011868,0.024050,0.355958,0.410859,0.263541,0.228966,1.309823,-1.572238,-1.353222,-2.282624,0.539088,1.581661,2.474953,-0.000824,0.007212,0.034507,-0.011661,-0.002071,-0.000294,-0.000527
43.850952,-0.616146,-0.067785,0.534701,0.715748,0.775644,0.162872,0.431794,0.240190,-0.008647,0.028568,0.353900,0.410854,0.263188,0.228875,1.309821,-1.572226,-1.353193,-2.282638,0.539093,1.581664,2.474956,-0.000718,0.009212,0.032267,-0.012823,-0.000212,-0.000037,0.001231
43.851954,-0.616314,-0.066651,0.531218,0.715962,0.778057,0.162190,0.432208,0.237967,-0.005589,0.034931,0.353684,0.411101,0.262851,0.228814,1.309820,-1.572221,-1.353157,-2.282643,0.539096,1.581664,2.474954,-0.000476,0.008147,0.032981,-0.010750,0.001099,0.000370,0.001108
43.852951,-0.616429,-0.068880,0.533716,0.714068,0.775928,0.162883,0.432142,0.233704,-0.002848,0.041660,0.354522,0.411457,0.262538,0.228775,1.309820,-1.572217,-1.353118,-2.282652,0.539093,1.581665,2.474954,-0.000391,0.007532,0.034259,-0.010779,-0.001315,0.001049,0.000274
43.854009,-0.617874,-0.068847,0.532386,0.713742,0.777042,0.162136,0.431717,0.228663,-0.000426,0.047483,0.355513,0.411789,0.262256,0.228748,1.309819,-1.572206,-1.353088,-2.282657,0.539096,1.581661,2.474952,-0.000333,0.008537,0.032624,-0.008750,0.000826,0.000371,0.000422
43.855099,-0.616363,-0.065121,0.529626,0.713049,0.776963,0.161734,0.432517,0.217228,0.003249,0.057812,0.356560,0.412349,0.261507,0.228723,1.309819,-1.572196,-1.353019,-2.282666,0.539093,1.581664,2.474953,-0.000373,0.006506,0.033872,-0.007516,-0.000203,0.001508,-0.000350
43.856046,-0.617066,-0.068961,0.528023,0.712525,0.776991,0.161148,0.432323,0.217228,0.003249,0.057812,0.356560,0.412349,0.261507,0.228723,1.309819,-1.572196,-1.353019,-2.282666,0.539093,1.581664,2.474953,-0.000373,0.006506,0.033872,-0.007516,-0.000203,0.001508,-0.000350
43.856942,-0.615514,-0.069685,0.529797,0.710964,0.776460,0.161794,0.433041,0.212085,0.004933,0.061166,0.356431,0.412486,0.261164,0.228692,1.309819,-1.572185,-1.352984,-2.282671,0.539093,1.581662,2.474957,-0.000006,0.008332,0.034250,-0.006869,-0.000232,0.002110,0.000045
43.857951,-0.613088,-0.070092,0.528912,0.709247,0.777380,0.161878,0.433138,0.208112,0.005937,0.062709,0.355680,0.412527,0.260851,0.228621,1.309817,-1.572177,-1.352954,-2.282674,0.539094,1.581659,2.474953,-0.000765,0.008575,0.032985,-0.005221,0.000295,0.001467,-0.001395
43.858990,-0.615844,-0.067455,0.527500,0.709074,0.776224,0.161848,0.432258,0.207034,0.006583,0.063514,0.353059,0.412461,0.260413,0.228528,1.309813,-1.572168,-1.352920,-2.282675,0.539093,1.581660,2.474953,-0.001935,0.008679,0.033030,-0.003494,-0.000633,0.001385,-0.001578
43.859955,-0.616153,-0.064295,0.524007,0.707843,0.777444,0.163240,0.432877,0.209521,0.007705,0.064210,0.348106,0.412256,0.259825,0.228459,1.309814,-1.572164,-1.352885,-2.282678,0.539095,1.581661,2.474956,-0.000549,0.007288,0.033321,-0.003266,0.000528,0.001413,0.000192
43.861150,-0.615086,-0.067339,0.523533,0.705774,0.776588,0.162902,0.432523,0.213224,0.009665,0.064407,0.342367,0.411944,0.259264,0.228441,1.309816,-1.572161,-1.352848,-2.282680,0.539092,1.581659,2.474952,-0.000423,0.005674,0.034636,-0.001965,-0.000684,0.000016,-0.001061
43.862001,-0.615061,-0.066634,0.525861,0.705694,0.777591,0.162570,0.431822,0.217458,0.012354,0.063326,0.336220,0.411503,0.258811,0.228486,1.309814,-1.572151,-1.352816,-2.282675,0.539096,1.581660,2.474954,-0.000945,0.007105,0.034467,-0.000015,0.000152,0.000366,-0.000339
43.863035,-0.618000,-0.065488,0.523509,0.705456,0.777004,0.163503,0.431972,0.222773,0.015326,0.061539,0.329275,0.410975,0.258358,0.228604,1.309812,-1.572145,-1.352787,-2.282675,0.539093,1.581661,2.474958,-0.000929,0.006657,0.032944,0.000045,-0.000837,0.000694,0.001051
43.864074,-0.616294,-0.062264,0.523932,0.705513,0.776848,0.164023,0.432012,0.228899,0.021730,0.060529,0.318994,0.410286,0.257609,0.228958,1.309812,-1.572135,-1.352722,-2.282675,0.539094,1.581657,2.474960,-0.000324,0.004349,0.033132,0.000215,-0.000098,-0.000749,0.000650
43.864996,-0.617716,-0.067162,0.518426,0.704928,0.776472,0.163161,0.432367,0.228899,0.021730,0.060529,0.318994,0.410286,0.257609,0.228958,1.309812,-1.572135,-1.352722,-2.282675,0.539094,1.581657,2.474960,-0.000324,0.004349,0.033132,0.000215,-0.000098,-0.000749,0.000650
43.866040,-0.616019,-0.066865,0.523560,0.703905,0.775769,0.163109,0.432602,0.228016,0.024817,0.060302,0.317603,0.410207,0.257605,0.229099,1.309814,-1.572125,-1.352682,-2.282674,0.539097,1.581660,2.474959,0.000380,0.006710,0.035434,0.000802,0.000257,0.000113,-0.000063
43.867080,-0.615018,-0.064841,0.519205,0.704769,0.776610,0.163320,0.433026,0.225324,0.026415,0.058832,0.318287,0.410250,0.257844,0.229177,1.309810,-1.572119,-1.352654,-2.282673,0.539097,1.581661,2.474959,-0.000438,0.006470,0.032489,0.001788,0.000956,0.000152,-0.000529
43.867968,-0.614771,-0.064183,0.518188,0.703461,0.777429,0.163376,0.432353,0.222193,0.027074,0.057298,0.320149,0.410382,0.258188,0.229216,1.309808,-1.572115,-1.352617,-2.282675,0.539097,1.581661,2.474953,-0.000906,0.005404,0.034258,0.000974,0.000106,-0.000062,-0.001358
43.869100,-0.612212,-0.063747,0.517758,0.704030,0.776634,0.163584,0.432750,0.219802,0.027677,0.055725,0.322790,0.410542,0.258674,0.229268,1.309806,-1.572111,-1.352582,-2.282669,0.539095,1.581661,2.474957,-0.000997,0.005034,0.034332,0.002155,-0.000697,-0.000116,-0.000007
43.870117,-0.613092,-0.066179,0.518639,0.702473,0.775783,0.163669,0.432324,0.219848,0.029251,0.051320,0.328705,0.410791,0.260024,0.229525,1.309801,-1.572097,-1.352517,-2.282665,0.539099,1.581661,2.474958,-0.001774,0.005878,0.033323,0.003033,0.000925,-0.000409,0.000042
43.871153,-0.613479,-0.064417,0.518687,0.702749,0.775823,0.163675,0.432295,0.221383,0.029968,0.050002,0.331617,0.410936,0.260675,0.229724,1.309799,-1.572093,-1.352485,-2.282663,0.539099,1.581661,2.474958,-0.001556,0.004926,0.032915,0.002698,0.000875,-0.000414,0.000092
43.872104,-0.613863,-0.061636,0.518677,0.702533,0.775901,0.163611,0.432451,0.221983,0.031054,0.050474,0.335102,0.411140,0.261260,0.229972,1.309797,-1.572093,-1.352452,-2.282661,0.539100,1.581660,2.474956,-0.001350,0.003532,0.032531,0.002870,0.000790,-0.000345,-0.000215
43.873006,-0.609416,-0.065539,0.516566,0.700723,0.776357,0.163879,0.432033,0.222919,0.032803,0.052312,0.338329,0.411323,0.261786,0.230267,1.309791,-1.572083,-1.352418,-2.282653,0.539100,1.581659,2.474963,-0.003519,0.005392,0.033179,0.004509,0.000330,-0.000612,0.000606
43.873983,-0.611968,-0.062867,0.512936,0.701234,0.776690,0.163272,0.431649,0.225892,0.034284,0.053400,0.340219,0.411370,0.262301,0.230582,1.309792,-1.572082,-1.352381,-2.282651,0.539101,1.581660,2.474963,-0.002216,0.004020,0.034565,0.003917,-0.000011,-0.000001,0.001371
43.874969,-0.611481,-0.065023,0.511456,0.701839,0.777376,0.162604,0.432551,0.228773,0.034350,0.052164,0.342317,0.411348,0.263002,0.230860,1.309789,-1.572076,-1.352345,-2.282649,0.539099,1.581661,2.474960,-0.002446,0.005040,0.034860,0.003263,-0.000685,0.000659,-0.000446
43.876008,-0.609713,-0.062896,0.513034,0.702174,0.776877,0.163180,0.432173,0.229849,0.032941,0.049263,0.346054,0.411396,0.263964,0.231070,1.309785,-1.572074,-1.352313,-2.282647,0.539102,1.581661,2.474961,-0.003280,0.003937,0.033671,0.002879,-0.000198,0.000070,0.000330
43.877046,-0.609860,-0.061444,0.514497,0.701545,0.776277,0.163730,0.431470,0.230056,0.031552,0.047118,0.350720,0.411552,0.265036,0.231223,1.309784,-1.572073,-1.352284,-2.282641,0.539102,1.581661,2.474966,-0.003186,0.003196,0.032592,0.003377,0.000403,-0.000475,0.001724
43.878018,-0.606881,-0.062925,0.511020,0.701843,0.776720,0.163465,0.431664,0.230567,0.030955,0.046476,0.355274,0.411765,0.266112,0.231326,1.309775,-1.572068,-1.352248,-2.282638,0.539104,1.581661,2.474965,-0.004591,0.003892,0.033924,0.003003,-0.000076,-0.000206,0.001322
43.878946,-0.606399,-0.061109,0.509319,0.702196,0.775718,0.163283,0.432329,0.232296,0.030423,0.045492,0.359372,0.411961,0.267273,0.231383,1.309772,-1.572068,-1.352214,-2.282635,0.539106,1.581663,2.474960,-0.004776,0.002976,0.034356,0.002589,0.000924,-0.000035,0.000000
43.880013,-0.607008,-0.063539,0.507795,0.700353,0.777696,0.163592,0.432010,0.232296,0.030423,0.045492,0.359372,0.411961,0.267273,0.231383,1.309772,-1.572068,-1.352214,-2.282635,0.539106,1.581663,2.474960,-0.004776,0.002976,0.034356,0.002589,0.000924,-0.000035,0.000000
43.881020,-0.607942,-0.060122,0.512801,0.700815,0.776018,0.164216,0.431717,0.234999,0.029309,0.042954,0.362881,0.412076,0.268528,0.231414,1.309768,-1.572060,-1.352181,-2.282627,0.539101,1.581663,2.474960,-0.004425,0.004115,0.034726,0.004255,-0.001038,-0.000348,0.000659
43.881938,-0.605711,-0.059116,0.508420,0.700400,0.776952,0.164014,0.432734,0.238615,0.027528,0.040087,0.367695,0.412231,0.270666,0.231471,1.309760,-1.572062,-1.352118,-2.282619,0.539103,1.581661,2.474960,-0.004995,0.001903,0.033667,0.004004,-0.000299,-0.000756,-0.000814
43.882995,-0.606935,-0.057429,0.510342,0.700279,0.775578,0.163448,0.432481,0.238615,0.027528,0.040087,0.367695,0.412231,0.270666,0.231471,1.309760,-1.572062,-1.352118,-2.282619,0.539103,1.581661,2.474960,-0.004995,0.001903,0.033667,0.004004,-0.000299,-0.000756,-0.000814
43.884025,-0.606682,-0.057854,0.508979,0.699886,0.775838,0.163939,0.432476,0.239733,0.028499,0.041539,0.368732,0.412293,0.271487,0.231504,1.309758,-1.572061,-1.352090,-2.282617,0.539107,1.581662,2.474961,-0.004331,0.001054,0.032343,0.004061,0.001060,-0.000191,-0.000289
43.885001,-0.605410,-0.057838,0.510363,0.699435,0.776234,0.163660,0.432496,0.240245,0.030490,0.044295,0.368941,0.412313,0.272174,0.231535,1.309752,-1.572061,-1.352057,-2.282612,0.539105,1.581662,2.474964,-0.004400,0.001268,0.032640,0.004351,0.000799,-0.000692,-0.000293
43.886082,-0.607764,-0.057339,0.509685,0.702234,0.776878,0.163740,0.432691,0.239992,0.033017,0.048273,0.368464,0.412311,0.272718,0.231550,1.309747,-1.572060,-1.352027,-2.282606,0.539107,1.581662,2.474963,-0.004975,0.001248,0.031579,0.004649,0.000386,-0.000405,-0.000329
43.886989,-0.602897,-0.058224,0.506735,0.701201,0.777421,0.163341,0.433262,0.237970,0.035414,0.053276,0.368604,0.412398,0.273230,0.231520,1.309746,-1.572059,-1.351997,-2.282611,0.539105,1.581661,2.474966,-0.003773,0.000987,0.031572,0.001935,-0.000245,-0.000485,-0.000737
43.888004,-0.603051,-0.058048,0.508911,0.701076,0.776264,0.163395,0.432915,0.233394,0.036895,0.058214,0.370852,0.412663,0.273918,0.231433,1.309735,-1.572057,-1.351962,-2.282604,0.539104,1.581661,2.474960,-0.006110,0.001407,0.032638,0.002851,-0.000780,-0.000081,-0.001862
43.889092,-0.603850,-0.056226,0.508680,0.702866,0.776488,0.162958,0.432868,0.229022,0.037470,0.062016,0.373628,0.412973,0.274747,0.231308,1.309729,-1.572058,-1.351932,-2.282603,0.539109,1.581662,2.474962,-0.005935,0.001330,0.031164,0.002932,0.000346,-0.000144,-0.001159
43.890105,-0.604991,-0.054797,0.508323,0.702113,0.775916,0.162977,0.432734,0.225282,0.037808,0.065670,0.376331,0.413306,0.275602,0.231171,1.309725,-1.572060,-1.351904,-2.282604,0.539110,1.581665,2.474963,-0.005481,0.000440,0.030952,0.001147,0.000098,0.000283,-0.001073
43.890926,-0.599568,-0.057695,0.505919,0.700386,0.775898,0.161277,0.432343,0.219704,0.038299,0.070139,0.380350,0.413748,0.276510,0.231031,1.309720,-1.572062,-1.351871,-2.282602,0.539112,1.581664,2.474963,-0.004853,-0.000250,0.030736,0.001888,0.000660,0.000262,-0.000805
43.892020,-0.598830,-0.058437,0.507927,0.701894,0.777072,0.162595,0.431752,0.213993,0.038981,0.074582,0.384117,0.414131,0.277355,0.230907,1.309708,-1.572059,-1.351839,-2.282594,0.539113,1.581667,2.474964,-0.007450,0.001176,0.031561,0.003415,0.000664,0.001965,-0.000022
43.892953,-0.599540,-0.055858,0.509139,0.702563,0.777354,0.162808,0.431714,0.211803,0.039675,0.081268,0.385807,0.414394,0.278572,0.230770,1.309692,-1.572061,-1.351783,-2.282595,0.539111,1.581662,2.474970,-0.007244,0.000255,0.029257,0.001246,-0.000781,0.000439,0.001207
43.893933,-0.597629,-0.054549,0.506969,0.703342,0.777884,0.163735,0.432442,0.211734,0.040307,0.085600,0.387157,0.414586,0.279201,0.230709,1.309683,-1.572063,-1.351751,-2.282596,0.539108,1.581659,2.474968,-0.008105,-0.000367,0.029983,0.000488,-0.001283,-0.000474,-0.000256
43.895033,-0.601128,-0.054149,0.505500,0.701757,0.777213,0.164476,0.432958,0.210734,0.041294,0.089873,0.389674,0.414813,0.279974,0.230607,1.309680,-1.572063,-1.351720,-2.282591,0.539111,1.581657,2.474965,-0.006294,-0.000559,0.030340,0.001979,-0.000631,-0.001202,-0.001274
43.896054,-0.599273,-0.053587,0.503157,0.702151,0.776701,0.166431,0.432363,0.210734,0.041294,0.089873,0.389674,0.414813,0.279974,0.230607,1.309680,-1.572063,-1.351720,-2.282591,0.539111,1.581657,2.474965,-0.006294,-0.000559,0.030340,0.001979,-0.000631,-0.001202,-0.001274
43.897001,-0.598407,-0.055583,0.503836,0.702160,0.776366,0.164408,0.432428,0.208179,0.042059,0.092628,0.392966,0.414975,0.280898,0.230462,1.309672,-1.572064,-1.351688,-2.282591,0.539115,1.581655,2.474968,-0.007147,-0.000827,0.031136,0.001578,-0.000152,-0.003158,-0.000075
43.898085,-0.597894,-0.057153,0.506436,0.703027,0.776897,0.164106,0.432551,0.204715,0.042185,0.093316,0.396622,0.415033,0.281951,0.230288,1.309661,-1.572062,-1.351659,-2.282590,0.539116,1.581661,2.474968,-0.007446,0.000162,0.030433,0.001548,0.000171,-0.001127,-0.000213
43.898954,-0.595073,-0.054968,0.504027,0.702316,0.777553,0.164067,0.433006,0.200756,0.041403,0.093139,0.400736,0.415077,0.283010,0.230079,1.309653,-1.572061,-1.351634,-2.282592,0.539115,1.581662,2.474968,-0.007608,0.000923,0.028824,0.000704,-0.000365,-0.000848,-0.000462
43.899941,-0.595292,-0.055421,0.501699,0.701855,0.776559,0.163586,0.432023,0.196947,0.040098,0.093432,0.405081,0.415163,0.283953,0.229846,1.309643,-1.572064,-1.351604,-2.282591,0.539115,1.581664,2.474964,-0.008901,-0.000147,0.029687,0.001410,-0.001015,-0.000825,-0.001365
43.901008,-0.592218,-0.054589,0.503780,0.702340,0.776223,0.164079,0.431779,0.195148,0.038896,0.093421,0.408447,0.415161,0.284771,0.229629,1.309635,-1.572064,-1.351571,-2.282589,0.539115,1.581663,2.474970,-0.008684,0.000092,0.030454,0.001819,-0.000013,-0.000335,0.000608
43.902033,-0.595001,-0.054165,0.502605,0.703226,0.776765,0.163183,0.431556,0.196100,0.038088,0.092562,0.410265,0.414993,0.285477,0.229462,1.309622,-1.572066,-1.351546,-2.282589,0.539118,1.581660,2.474968,-0.010082,-0.000303,0.029089,0.001322,0.000292,-0.000821,0.001088
43.903053,-0.595811,-0.052831,0.504363,0.703199,0.777532,0.163246,0.431498,0.198322,0.037955,0.092322,0.414698,0.414713,0.286745,0.229204,1.309608,-1.572069,-1.351488,-2.282589,0.539113,1.581661,2.474974,-0.008103,-0.001149,0.028112,0.000482,-0.000980,0.000012,0.001621
43.904016,-0.594623,-0.053709,0.502636,0.702060,0.776515,0.162641,0.431803,0.198322,0.037955,0.092322,0.414698,0.414713,0.286745,0.229204,1.309608,-1.572069,-1.351488,-2.282589,0.539113,1.581661,2.474974,-0.008103,-0.001149,0.028112,0.000482,-0.000980,0.000012,0.001621
43.904942,-0.593269,-0.057119,0.501050,0.702772,0.775886,0.163644,0.431894,0.191555,0.038585,0.095975,0.423853,0.414928,0.287836,0.228834,1.309585,-1.572063,-1.351430,-2.282589,0.539118,1.581662,2.474972,-0.009110,0.000946,0.029084,0.000893,0.000635,-0.000404,0.000837
43.906147,-0.593241,-0.055697,0.497655,0.702659,0.775512,0.163881,0.431896,0.187608,0.037143,0.095379,0.428712,0.415058,0.288431,0.228578,1.309577,-1.572063,-1.351399,-2.282589,0.539119,1.581662,2.474972,-0.009022,0.000211,0.030424,0.001013,0.000996,-0.000632,0.000834
43.906969,-0.592362,-0.057864,0.499737,0.702457,0.775478,0.163694,0.432061,0.183671,0.034084,0.092146,0.433905,0.415175,0.289148,0.228299,1.309568,-1.572059,-1.351372,-2.282587,0.539119,1.581662,2.474971,-0.009349,0.001261,0.029032,0.001173,0.001025,-0.000440,0.000504
43.908040,-0.591628,-0.054646,0.499864,0.700694,0.775428,0.164197,0.432203,0.183671,0.034084,0.092146,0.433905,0.415175,0.289148,0.228299,1.309568,-1.572059,-1.351372,-2.282587,0.539119,1.581662,2.474971,-0.009349,0.001261,0.029032,0.001173,0.001025,-0.000440,0.000504
43.909033,-0.591656,-0.054157,0.497933,0.703412,0.775787,0.163887,0.432910,0.180674,0.030715,0.088343,0.438237,0.415241,0.289776,0.228017,1.309558,-1.572063,-1.351346,-2.282581,0.539120,1.581661,2.474972,-0.009601,-0.000326,0.028659,0.002809,0.001060,-0.000946,0.000217
43.910059,-0.591800,-0.052393,0.499478,0.701726,0.775937,0.163647,0.432319,0.178826,0.028205,0.085348,0.441447,0.415251,0.290265,0.227748,1.309549,-1.572064,-1.351316,-2.282588,0.539119,1.581661,2.474967,-0.009468,-0.000549,0.029276,0.000217,0.000713,-0.000628,-0.001189
43.910982,-0.590628,-0.056433,0.498085,0.703599,0.775670,0.164236,0.431720,0.176751,0.026728,0.083346,0.444836,0.415277,0.290742,0.227512,1.309539,-1.572067,-1.351289,-2.282583,0.539119,1.581662,2.474970,-0.009279,-0.001393,0.028165,0.001820,0.000564,-0.000393,0.000009
43.911965,-0.587973,-0.058238,0.499156,0.702624,0.776646,0.163462,0.432221,0.173650,0.025705,0.082361,0.449008,0.415385,0.291227,0.227334,1.309526,-1.572062,-1.351261,-2.282587,0.539121,1.581661,2.474973,-0.009722,0.000588,0.028536,0.000003,0.000811,-0.000982,0.001192
43.913166,-0.587455,-0.053863,0.498569,0.703200,0.775762,0.163578,0.431796,0.170064,0.023892,0.081629,0.453944,0.415613,0.291731,0.227209,1.309514,-1.572057,-1.351235,-2.282584,0.539118,1.581662,2.474972,-0.010905,0.001426,0.027674,0.000947,-0.000141,-0.000203,0.000174
43.913986,-0.586519,-0.054195,0.498378,0.704830,0.775281,0.163776,0.431217,0.167533,0.021560,0.081188,0.458740,0.415922,0.292202,0.227107,1.309503,-1.572063,-1.351208,-2.282586,0.539122,1.581661,2.474976,-0.011026,-0.000723,0.027658,0.000401,0.000722,-0.000323,0.001027
43.914954,-0.587285,-0.056357,0.499587,0.702026,0.776343,0.163806,0.432019,0.166223,0.019997,0.081662,0.463324,0.416284,0.292662,0.227006,1.309491,-1.572061,-1.351182,-2.282589,0.539124,1.581661,2.474977,-0.011351,-0.000553,0.027442,-0.001182,0.001176,-0.000522,0.002185
43.915928,-0.585057,-0.055279,0.496958,0.701480,0.775004,0.163588,0.432370,0.164591,0.018297,0.085088,0.471498,0.417062,0.293385,0.226700,1.309467,-1.572061,-1.351126,-2.282580,0.539125,1.581663,2.474972,-0.011798,-0.000026,0.027490,0.001988,0.001450,-0.000339,-0.000121
43.916981,-0.582908,-0.056975,0.493466,0.704215,0.776372,0.164873,0.432618,0.164591,0.018297,0.085088,0.471498,0.417062,0.293385,0.226700,1.309467,-1.572061,-1.351126,-2.282580,0.539125,1.581663,2.474972,-0.011798,-0.000026,0.027490,0.001988,0.001450,-0.000339,-0.000121
43.917985,-0.583950,-0.056786,0.496237,0.703665,0.775470,0.164379,0.432576,0.165972,0.017141,0.085654,0.473196,0.417251,0.293586,0.226476,1.309453,-1.572059,-1.351096,-2.282586,0.539121,1.581658,2.474970,-0.012703,0.000811,0.028876,-0.000644,0.000093,-0.001611,-0.000608
43.918995,-0.580862,-0.056997,0.494953,0.702788,0.776690,0.163633,0.432792,0.167671,0.014756,0.083802,0.475504,0.417427,0.294011,0.226233,1.309442,-1.572061,-1.351072,-2.282586,0.539124,1.581660,2.474972,-0.012037,0.000734,0.027173,-0.000062,0.000986,-0.001112,-0.000525
43.919953,-0.581049,-0.055949,0.495216,0.702971,0.776830,0.163030,0.432549,0.169130,0.011651,0.081145,0.478379,0.417646,0.294525,0.225995,1.309428,-1.572060,-1.351044,-2.282584,0.539124,1.581664,2.474971,-0.013429,0.000829,0.027502,0.000775,-0.000248,-0.000387,-0.000959
43.920983,-0.582523,-0.054542,0.497081,0.702398,0.775356,0.163577,0.432118,0.171694,0.008819,0.078827,0.480221,0.417817,0.294907,0.225777,1.309416,-1.572060,-1.351019,-2.282584,0.539125,1.581664,2.474972,-0.013175,0.000302,0.027055,0.000581,-0.000393,0.000217,-0.000468
43.921958,-0.579540,-0.054478,0.495289,0.704162,0.775639,0.164411,0.432242,0.174581,0.006872,0.077758,0.481106,0.417944,0.295099,0.225588,1.309405,-1.572062,-1.350995,-2.282582,0.539128,1.581662,2.474975,-0.012304,-0.000384,0.025833,0.001119,0.001073,-0.000333,0.000387
43.923154,-0.581301,-0.057851,0.494622,0.704107,0.777291,0.163622,0.431689,0.176331,0.006039,0.078507,0.482076,0.418089,0.295167,0.225447,1.309389,-1.572061,-1.350967,-2.282586,0.539129,1.581661,2.474972,-0.013622,-0.000419,0.026415,-0.000582,0.000763,-0.001159,0.000137
43.923938,-0.581713,-0.053385,0.493760,0.704545,0.777120,0.163688,0.432159,0.176256,0.005149,0.079680,0.484472,0.418314,0.295320,0.225352,1.309378,-1.572057,-1.350942,-2.282586,0.539123,1.581661,2.474977,-0.012589,0.001238,0.026436,-0.000510,-0.000849,-0.000359,0.001238
43.925008,-0.579861,-0.056790,0.494436,0.703421,0.775553,0.162688,0.431357,0.173116,0.003234,0.080258,0.489217,0.418665,0.295654,0.225280,1.309366,-1.572062,-1.350916,-2.282588,0.539125,1.581661,2.474974,-0.012246,-0.000970,0.026562,-0.000902,-0.000676,-0.000428,0.000291
43.926024,-0.581858,-0.056768,0.496251,0.702480,0.775076,0.164414,0.431361,0.167586,0.000910,0.080609,0.495322,0.419082,0.296054,0.225211,1.309352,-1.572059,-1.350891,-2.282583,0.539128,1.581665,2.474978,-0.013012,0.000727,0.025909,0.000133,0.000874,0.000553,0.001903
43.927068,-0.577046,-0.057893,0.491545,0.702537,0.776490,0.163910,0.431920,0.161352,-0.001420,0.081443,0.501029,0.419477,0.296316,0.225141,1.309341,-1.572059,-1.350869,-2.282581,0.539130,1.581659,2.474979,-0.011862,0.000699,0.024741,0.001012,0.001322,-0.001163,0.001877
43.927948,-0.578990,-0.053906,0.495582,0.703148,0.777387,0.164582,0.431131,0.152210,-0.006449,0.082523,0.508303,0.419966,0.296438,0.224938,1.309314,-1.572061,-1.350819,-2.282585,0.539122,1.581661,2.474981,-0.012972,-0.000719,0.024462,0.000417,-0.000923,-0.001332,0.002343
43.928932,-0.577813,-0.053982,0.494568,0.703415,0.776512,0.164362,0.432449,0.149726,-0.007653,0.083762,0.510784,0.420154,0.296458,0.224781,1.309300,-1.572063,-1.350796,-2.282585,0.539125,1.581661,2.474977,-0.013410,-0.000646,0.024714,0.000171,-0.000067,-0.001104,-0.000317
43.929965,-0.575873,-0.054630,0.495577,0.704722,0.776469,0.164767,0.432816,0.147415,-0.007614,0.086519,0.513789,0.420442,0.296514,0.224574,1.309284,-1.572063,-1.350775,-2.282588,0.539125,1.581661,2.474974,-0.014188,-0.000315,0.023948,-0.001091,-0.000026,-0.001510,-0.001024
43.931060,-0.577477,-0.053580,0.491031,0.704568,0.776548,0.164011,0.433157,0.144972,-0.007381,0.089204,0.517974,0.420845,0.296736,0.224340,1.309273,-1.572064,-1.350745,-2.282588,0.539123,1.581661,2.474972,-0.013241,-0.000840,0.025885,-0.000920,-0.000093,-0.000747,-0.001695
43.932020,-0.575673,-0.052099,0.493327,0.704416,0.774603,0.163199,0.432268,0.142135,-0.007211,0.090851,0.523106,0.421287,0.297112,0.224133,1.309258,-1.572065,-1.350723,-2.282588,0.539129,1.581661,2.474977,-0.013983,-0.001566,0.024447,-0.000768,0.001811,0.000070,0.000089
43.933030,-0.574362,-0.053866,0.492579,0.702964,0.774578,0.163754,0.432855,0.140495,-0.006510,0.092073,0.527400,0.421630,0.297435,0.223990,1.309243,-1.572064,-1.350699,-2.282583,0.539129,1.581657,2.474974,-0.014456,-0.000675,0.024539,0.000593,0.001826,-0.000480,-0.001103
43.933992,-0.571878,-0.055180,0.495149,0.703343,0.776152,0.163022,0.432695,0.141814,-0.005228,0.093681,0.529460,0.421815,0.297537,0.223912,1.309228,-1.572063,-1.350677,-2.282585,0.539126,1.581661,2.474972,-0.015522,-0.000037,0.022985,0.000233,0.000264,0.000243,-0.000761
43.934923,-0.572739,-0.052843,0.489737,0.704766,0.776095,0.163296,0.431828,0.145394,-0.003961,0.095203,0.530312,0.421928,0.297541,0.223906,1.309215,-1.572067,-1.350647,-2.282588,0.539128,1.581661,2.474977,-0.014913,-0.001174,0.025365,-0.001139,0.000313,-0.000041,0.000966
43.936009,-0.571507,-0.052037,0.490795,0.704394,0.775970,0.163687,0.432421,0.145394,-0.003961,0.095203,0.530312,0.421928,0.297541,0.223906,1.309215,-1.572067,-1.350647,-2.282588,0.539128,1.581661,2.474977,-0.014913,-0.001174,0.025365,-0.001139,0.000313,-0.000041,0.000966
43.937056,-0.570968,-0.055276,0.489911,0.704206,0.776540,0.163941,0.431947,0.149352,-0.003010,0.095393,0.531745,0.422041,0.297697,0.223972,1.309199,-1.572067,-1.350624,-2.282586,0.539127,1.581660,2.474976,-0.015356,-0.001567,0.024522,-0.000796,0.000454,-0.000430,-0.000244
43.937990,-0.572048,-0.053369,0.491927,0.704987,0.774224,0.163694,0.431897,0.153145,-0.002529,0.094073,0.533904,0.422159,0.298019,0.224079,1.309184,-1.572062,-1.350598,-2.282584,0.539126,1.581661,2.474978,-0.015440,0.000005,0.024672,-0.000651,-0.000116,-0.000682,0.000716
43.939085,-0.569777,-0.052599,0.489385,0.702858,0.775440,0.164025,0.432275,0.157916,-0.003162,0.090467,0.539948,0.422543,0.298770,0.224258,1.309154,-1.572067,-1.350552,-2.282581,0.539131,1.581660,2.474978,-0.015678,-0.001290,0.024385,0.000645,0.000928,-0.000763,0.000044
43.940021,-0.574478,-0.053858,0.488139,0.703268,0.775594,0.162726,0.432121,0.157916,-0.003162,0.090467,0.539948,0.422543,0.298770,0.224258,1.309154,-1.572067,-1.350552,-2.282581,0.539131,1.581660,2.474978,-0.015678,-0.001290,0.024385,0.000645,0.000928,-0.000763,0.000044
43.941030,-0.568096,-0.053988,0.489988,0.703694,0.776223,0.163281,0.432467,0.159186,-0.003516,0.088533,0.542377,0.422663,0.299029,0.224271,1.309145,-1.572067,-1.350527,-2.282583,0.539130,1.581661,2.474979,-0.013186,-0.000655,0.024700,0.000248,0.000798,0.000548,0.000359
43.941961,-0.570670,-0.055751,0.487138,0.703116,0.774780,0.161604,0.432607,0.159175,-0.004390,0.086097,0.544631,0.422747,0.299221,0.224211,1.309123,-1.572067,-1.350506,-2.282585,0.539130,1.581661,2.474978,-0.016167,-0.000589,0.023509,-0.000127,0.000164,-0.000031,-0.000339
43.942948,-0.567283,-0.052746,0.485743,0.702825,0.774070,0.162202,0.432540,0.160205,-0.007536,0.079737,0.547572,0.422818,0.299431,0.223904,1.309090,-1.572069,-1.350453,-2.282581,0.539133,1.581662,2.474979,-0.016170,-0.001199,0.025013,0.000658,0.002298,0.001046,-0.000480
43.944030,-0.569266,-0.056349,0.487488,0.703506,0.774385,0.161744,0.432759,0.160205,-0.007536,0.079737,0.547572,0.422818,0.299431,0.223904,1.309090,-1.572069,-1.350453,-2.282581,0.539133,1.581662,2.474979,-0.016170,-0.001199,0.025013,0.000658,0.002298,0.001046,-0.000480
43.945011,-0.567999,-0.054458,0.485477,0.702064,0.775574,0.162561,0.432101,0.161935,-0.009453,0.075191,0.547856,0.422715,0.299475,0.223719,1.309077,-1.572064,-1.350432,-2.282582,0.539131,1.581662,2.474977,-0.014993,0.000564,0.023869,0.000007,0.001996,0.001510,-0.000918
43.946097,-0.564302,-0.056852,0.486827,0.703953,0.774587,0.162624,0.432323,0.163171,-0.011636,0.070640,0.548155,0.422611,0.299493,0.223568,1.309061,-1.572067,-1.350405,-2.282579,0.539130,1.581661,2.474978,-0.015448,-0.000369,0.024570,0.001381,0.000809,0.000686,0.000413
43.946989,-0.565073,-0.053253,0.486916,0.702530,0.776805,0.163467,0.431960,0.167229,-0.015888,0.062674,0.548199,0.422416,0.299530,0.223436,1.309027,-1.572069,-1.350360,-2.282579,0.539130,1.581660,2.474981,-0.016496,-0.000948,0.023310,0.000915,-0.000438,-0.000210,0.000677
43.948005,-0.565206,-0.055278,0.485480,0.703164,0.776818,0.163229,0.431733,0.170470,-0.016932,0.060328,0.547930,0.422318,0.299581,0.223447,1.309013,-1.572067,-1.350335,-2.282581,0.539131,1.581661,2.474984,-0.016260,0.000068,0.023732,0.000304,-0.000437,0.000034,0.001117
43.949046,-0.564805,-0.055215,0.486819,0.703802,0.777307,0.163755,0.432359,0.170470,-0.016932,0.060328,0.547930,0.422318,0.299581,0.223447,1.309013,-1.572067,-1.350335,-2.282581,0.539131,1.581661,2.474984,-0.016260,0.000068,0.023732,0.000304,-0.000437,0.000034,0.001117
43.950053,-0.560591,-0.055429,0.484563,0.702853,0.776550,0.163584,0.432735,0.173877,-0.018679,0.057827,0.549728,0.422255,0.299945,0.223486,1.308977,-1.572067,-1.350289,-2.282581,0.539133,1.581661,2.474979,-0.018166,0.000135,0.023642,0.000640,-0.000178,-0.000321,-0.000879
43.950934,-0.562408,-0.057452,0.485369,0.703243,0.775927,0.163467,0.432186,0.176582,-0.019617,0.056670,0.550324,0.422182,0.300205,0.223461,1.308963,-1.572064,-1.350269,-2.282580,0.539134,1.581661,2.474986,-0.017055,0.001114,0.022980,0.000201,0.000433,-0.000210,0.000209
43.952005,-0.564646,-0.055255,0.483068,0.704210,0.776611,0.163847,0.433062,0.176582,-0.019617,0.056670,0.550324,0.422182,0.300205,0.223461,1.308963,-1.572064,-1.350269,-2.282580,0.539134,1.581661,2.474986,-0.017055,0.001114,0.022980,0.000201,0.000433,-0.000210,0.000209
43.952958,-0.563616,-0.057206,0.486280,0.703007,0.776110,0.163701,0.433329,0.175424,-0.023654,0.053658,0.555142,0.422217,0.301007,0.223211,1.308934,-1.572062,-1.350223,-2.282579,0.539134,1.581661,2.474978,-0.016116,0.000967,0.021964,0.000438,0.000247,-0.000439,-0.002062
43.954136,-0.563063,-0.055907,0.485564,0.702620,0.776517,0.163460,0.432572,0.170615,-0.025971,0.053621,0.559094,0.422374,0.301362,0.222998,1.308916,-1.572062,-1.350201,-2.282577,0.539132,1.581661,2.474981,-0.016176,0.000299,0.022074,0.000766,-0.000154,-0.000202,-0.000537
43.954951,-0.561614,-0.053975,0.487080,0.703098,0.776460,0.163388,0.432141,0.170615,-0.025971,0.053621,0.559094,0.422374,0.301362,0.222998,1.308916,-1.572062,-1.350201,-2.282577,0.539132,1.581661,2.474981,-0.016176,0.000299,0.022074,0.000766,-0.000154,-0.000202,-0.000537
43.956022,-0.563049,-0.056033,0.486623,0.703069,0.776073,0.162877,0.432593,0.165667,-0.027241,0.055639,0.562184,0.422535,0.301508,0.222790,1.308898,-1.572065,-1.350181,-2.282577,0.539132,1.581661,2.474983,-0.016685,-0.000631,0.021063,0.000278,-0.000093,-0.000127,0.000309
43.957048,-0.562201,-0.056097,0.486097,0.703182,0.775659,0.162705,0.432344,0.160671,-0.027331,0.059609,0.564731,0.422726,0.301501,0.222602,1.308883,-1.572064,-1.350159,-2.282575,0.539133,1.581662,2.474980,-0.015779,0.000402,0.021042,0.000267,0.000291,0.000380,-0.000601
43.958010,-0.564375,-0.056263,0.484897,0.703188,0.775548,0.161998,0.432019,0.154597,-0.027292,0.064500,0.567531,0.422986,0.301417,0.222425,1.308867,-1.572064,-1.350139,-2.282574,0.539133,1.581661,2.474981,-0.016022,0.000427,0.021066,0.000137,0.000705,0.000552,-0.000092
43.959056,-0.562196,-0.058413,0.486261,0.704099,0.775475,0.162530,0.432116,0.146700,-0.027982,0.069044,0.571064,0.423301,0.301325,0.222264,1.308855,-1.572062,-1.350118,-2.282574,0.539135,1.581663,2.474982,-0.014774,0.000483,0.021414,0.000127,0.000797,0.001255,0.000554
43.959964,-0.559881,-0.058531,0.486551,0.701579,0.775883,0.162536,0.432208,0.126595,-0.032415,0.075978,0.580360,0.424071,0.301181,0.221982,1.308817,-1.572059,-1.350080,-2.282570,0.539135,1.581662,2.474981,-0.016588,0.001582,0.020130,0.001662,0.000457,0.000715,0.000173
43.960979,-0.559223,-0.061027,0.483890,0.701744,0.776202,0.163117,0.431265,0.126595,-0.032415,0.075978,0.580360,0.424071,0.301181,0.221982,1.308817,-1.572059,-1.350080,-2.282570,0.539135,1.581662,2.474981,-0.016588,0.001582,0.020130,0.001662,0.000457,0.000715,0.000173
43.961951,-0.558957,-0.055953,0.487198,0.701258,0.776134,0.163502,0.431753,0.119833,-0.035463,0.078208,0.582513,0.424290,0.300916,0.221851,1.308800,-1.572056,-1.350057,-2.282571,0.539136,1.581661,2.474986,-0.016708,0.002803,0.021199,0.001496,0.000130,0.000133,0.002059
43.962943,-0.558528,-0.054217,0.484633,0.702869,0.777253,0.163450,0.432823,0.115452,-0.039839,0.081125,0.580045,0.424219,0.300052,0.221604,1.308768,-1.572061,-1.350020,-2.282573,0.539132,1.581661,2.474978,-0.016668,-0.000558,0.020380,0.000399,-0.000893,-0.000194,-0.001065
43.964084,-0.557306,-0.056372,0.487205,0.701314,0.777281,0.163529,0.432068,0.115452,-0.039839,0.081125,0.580045,0.424219,0.300052,0.221604,1.308768,-1.572061,-1.350020,-2.282573,0.539132,1.581661,2.474978,-0.016668,-0.000558,0.020380,0.000399,-0.000893,-0.000194,-0.001065
43.964988,-0.559277,-0.056396,0.485148,0.701316,0.775652,0.162608,0.432541,0.115465,-0.039513,0.083650,0.577698,0.424138,0.299637,0.221495,1.308750,-1.572059,-1.350003,-2.282568,0.539132,1.581662,2.474981,-0.017070,0.000512,0.018864,0.001884,-0.000915,-0.000279,0.000466
43.965965,-0.559652,-0.056437,0.487047,0.701746,0.776541,0.163049,0.432258,0.115861,-0.038562,0.086436,0.575011,0.424071,0.299193,0.221418,1.308736,-1.572061,-1.349982,-2.282568,0.539138,1.581665,2.474978,-0.015898,0.000538,0.019664,0.001850,0.000676,0.000633,-0.000488
43.967032,-0.554623,-0.057424,0.483390,0.703465,0.778419,0.162675,0.432102,0.114762,-0.037866,0.089147,0.572759,0.424044,0.298704,0.221381,1.308720,-1.572061,-1.349967,-2.282568,0.539136,1.581662,2.474980,-0.015520,0.000560,0.018511,0.001411,-0.000216,0.000197,0.000084
43.967937,-0.556103,-0.056603,0.481231,0.701307,0.778057,0.163350,0.432375,0.111978,-0.037962,0.091027,0.572069,0.424118,0.298344,0.221395,1.308698,-1.572060,-1.349945,-2.282571,0.539134,1.581662,2.474982,-0.017796,0.001046,0.020112,-0.000229,-0.002092,0.000578,0.000384
43.969081,-0.555657,-0.053129,0.481469,0.701836,0.776985,0.163259,0.431944,0.109861,-0.039166,0.090348,0.572339,0.424215,0.298245,0.221459,1.308681,-1.572060,-1.349924,-2.282567,0.539134,1.581661,2.474983,-0.016829,0.000630,0.020932,0.001872,-0.001705,-0.000097,-0.000174
43.970075,-0.554569,-0.053927,0.484751,0.703028,0.777983,0.163505,0.431963,0.109276,-0.040776,0.086846,0.572252,0.424188,0.298333,0.221550,1.308665,-1.572064,-1.349905,-2.282567,0.539137,1.581661,2.474985,-0.016861,-0.001074,0.020572,0.001317,-0.000658,0.000002,0.000694
43.970952,-0.552555,-0.055862,0.482256,0.703616,0.778033,0.163479,0.432110,0.109157,-0.041586,0.079984,0.572727,0.424111,0.298775,0.221775,1.308625,-1.572059,-1.349869,-2.282570,0.539137,1.581661,2.474984,-0.017946,0.000259,0.019753,-0.000414,-0.001710,-0.000218,0.000353
43.972001,-0.553927,-0.054069,0.480502,0.704085,0.779242,0.163564,0.431948,0.109157,-0.041586,0.079984,0.572727,0.424111,0.298775,0.221775,1.308625,-1.572059,-1.349869,-2.282570,0.539137,1.581661,2.474984,-0.017946,0.000259,0.019753,-0.000414,-0.001710,-0.000218,0.000353
43.972968,-0.552069,-0.054048,0.480930,0.703579,0.778111,0.162921,0.432416,0.106621,-0.043482,0.072273,0.579085,0.424456,0.299974,0.222002,1.308591,-1.572064,-1.349829,-2.282565,0.539137,1.581661,2.474982,-0.017780,-0.000601,0.019919,-0.000473,-0.001785,0.000341,-0.000255
43.974145,-0.552239,-0.054067,0.479686,0.704623,0.778072,0.163223,0.432869,0.104385,-0.044992,0.067240,0.583698,0.424683,0.300782,0.222094,1.308574,-1.572064,-1.349810,-2.282569,0.539138,1.581661,2.474979,-0.017484,-0.000589,0.020325,-0.001428,-0.001764,0.000030,-0.001150
43.975058,-0.552853,-0.053628,0.479246,0.703328,0.777118,0.162562,0.432709,0.101544,-0.046727,0.061646,0.588641,0.424888,0.301616,0.222172,1.308557,-1.572064,-1.349789,-2.282568,0.539139,1.581661,2.474982,-0.016968,-0.000810,0.020293,-0.000148,-0.000811,0.000700,-0.000827
43.975998,-0.552043,-0.053207,0.480754,0.703029,0.777582,0.161929,0.432060,0.101544,-0.046727,0.061646,0.588641,0.424888,0.301616,0.222172,1.308557,-1.572064,-1.349789,-2.282568,0.539139,1.581661,2.474982,-0.016968,-0.000810,0.020293,-0.000148,-0.000811,0.000700,-0.000827
43.976983,-0.552626,-0.056627,0.477349,0.704006,0.777004,0.162907,0.432241,0.098245,-0.048274,0.056201,0.592992,0.425000,0.302304,0.222255,1.308540,-1.572064,-1.349773,-2.282568,0.539138,1.581661,2.474984,-0.017178,-0.001026,0.019337,0.000144,-0.001275,0.001334,0.000469
43.978083,-0.549065,-0.057000,0.481033,0.701790,0.776277,0.162558,0.431709,0.094406,-0.049972,0.050925,0.596733,0.425031,0.302820,0.222360,1.308524,-1.572061,-1.349750,-2.282570,0.539137,1.581660,2.474981,-0.016681,0.000676,0.020789,-0.000806,-0.000679,0.000349,0.000105
43.979006,-0.548760,-0.053836,0.481003,0.701786,0.776625,0.162912,0.431139,0.090573,-0.052611,0.045156,0.599901,0.425006,0.303219,0.222491,1.308503,-1.572060,-1.349737,-2.282565,0.539138,1.581661,2.474984,-0.018231,0.000826,0.018749,0.001331,0.000042,0.000706,0.001170
43.979971,-0.549624,-0.057773,0.481219,0.701619,0.776892,0.164065,0.431378,0.090719,-0.055817,0.037519,0.598636,0.424572,0.303136,0.222808,1.308470,-1.572060,-1.349703,-2.282564,0.539138,1.581660,2.474988,-0.017531,0.001231,0.018268,0.001449,-0.000588,-0.000814,0.001800
43.981032,-0.550391,-0.055081,0.481520,0.702768,0.776255,0.165489,0.431467,0.090719,-0.055817,0.037519,0.598636,0.424572,0.303136,0.222808,1.308470,-1.572060,-1.349703,-2.282564,0.539138,1.581660,2.474988,-0.017531,0.001231,0.018268,0.001449,-0.000588,-0.000814,0.001800
43.982049,-0.547654,-0.054590,0.479251,0.702046,0.776616,0.163588,0.432424,0.091290,-0.056656,0.036004,0.596836,0.424345,0.302888,0.222940,1.308453,-1.572063,-1.349686,-2.282565,0.539139,1.581656,2.474988,-0.016954,-0.000104,0.017911,0.000317,0.000051,-0.002217,0.001627
43.983064,-0.547113,-0.054515,0.480046,0.703228,0.776569,0.163626,0.432194,0.089597,-0.057672,0.034522,0.595657,0.423997,0.302665,0.223033,1.308416,-1.572062,-1.349648,-2.282565,0.539139,1.581662,2.474986,-0.018145,-0.000389,0.018187,-0.000131,-0.000272,-0.000375,0.000186
43.984010,-0.547556,-0.051867,0.480698,0.702321,0.776552,0.162968,0.432052,0.089597,-0.057672,0.034522,0.595657,0.423997,0.302665,0.223033,1.308416,-1.572062,-1.349648,-2.282565,0.539139,1.581662,2.474986,-0.018145,-0.000389,0.018187,-0.000131,-0.000272,-0.000375,0.000186
43.984976,-0.545948,-0.054098,0.480145,0.701791,0.775417,0.162958,0.432366,0.089200,-0.057141,0.034447,0.595368,0.423799,0.302630,0.222998,1.308399,-1.572066,-1.349630,-2.282563,0.539141,1.581662,2.474988,-0.017723,-0.001680,0.017657,0.000742,-0.000272,0.000289,0.000461
43.986106,-0.546878,-0.051502,0.480638,0.701798,0.775054,0.163500,0.432842,0.089568,-0.053283,0.037532,0.593139,0.423254,0.302261,0.222781,1.308364,-1.572067,-1.349597,-2.282559,0.539141,1.581661,2.474984,-0.017640,-0.001842,0.017283,0.001150,0.001232,-0.000245,-0.001115
43.987042,-0.545193,-0.054555,0.480370,0.702456,0.776535,0.162518,0.432755,0.089892,-0.050780,0.040067,0.591384,0.422931,0.301950,0.222621,1.308346,-1.572066,-1.349580,-2.282562,0.539138,1.581661,2.474983,-0.018274,-0.000308,0.017219,0.000570,-0.000236,0.000748,-0.000927
43.988010,-0.542696,-0.055523,0.478868,0.701236,0.776493,0.161659,0.432496,0.089892,-0.050780,0.040067,0.591384,0.422931,0.301950,0.222621,1.308346,-1.572066,-1.349580,-2.282562,0.539138,1.581661,2.474983,-0.018274,-0.000308,0.017219,0.000570,-0.000236,0.000748,-0.000927
43.989044,-0.541173,-0.058938,0.481899,0.701549,0.776650,0.163096,0.431772,0.090647,-0.048947,0.042309,0.589461,0.422627,0.301616,0.222474,1.308325,-1.572064,-1.349562,-2.282558,0.539137,1.581664,2.474984,-0.019280,0.000138,0.017755,0.001719,-0.000167,0.001591,-0.000410
43.989940,-0.541337,-0.057173,0.478960,0.701614,0.776759,0.162301,0.432020,0.093432,-0.048339,0.043751,0.586483,0.422321,0.301206,0.222376,1.308307,-1.572059,-1.349549,-2.282558,0.539137,1.581661,2.474989,-0.019813,0.001805,0.016063,0.001377,-0.000333,0.000145,0.001027
43.991103,-0.541182,-0.054895,0.479417,0.701172,0.775999,0.162829,0.431554,0.102509,-0.050134,0.045311,0.579141,0.421871,0.300292,0.222319,1.308270,-1.572063,-1.349511,-2.282556,0.539142,1.581662,2.474990,-0.019365,-0.000195,0.016864,0.001713,0.000282,0.000416,0.001456
43.992014,-0.543524,-0.055197,0.480055,0.702987,0.777702,0.162819,0.431911,0.102509,-0.050134,0.045311,0.579141,0.421871,0.300292,0.222319,1.308270,-1.572063,-1.349511,-2.282556,0.539142,1.581662,2.474990,-0.019365,-0.000195,0.016864,0.001713,0.000282,0.000416,0.001456
43.992965,-0.539728,-0.057193,0.481930,0.701491,0.778005,0.162468,0.432219,0.105444,-0.051144,0.046037,0.576599,0.421745,0.299951,0.222317,1.308253,-1.572063,-1.349497,-2.282560,0.539139,1.581662,2.474989,-0.017977,-0.000032,0.016375,-0.000031,-0.001415,0.000435,0.000730
43.994119,-0.541627,-0.051316,0.483164,0.702308,0.777994,0.162703,0.432483,0.105341,-0.052126,0.047854,0.576117,0.421789,0.299717,0.222281,1.308230,-1.572060,-1.349483,-2.282554,0.539140,1.581662,2.474988,-0.019625,0.000931,0.015269,0.001350,-0.001721,0.000787,0.000118
43.994968,-0.540094,-0.053856,0.482762,0.701461,0.778327,0.162585,0.432082,0.103795,-0.052296,0.051790,0.576489,0.421956,0.299453,0.222192,1.308214,-1.572067,-1.349470,-2.282555,0.539139,1.581662,2.474987,-0.018462,-0.001961,0.014491,0.000536,-0.001693,0.000545,-0.000406
43.995959,-0.541101,-0.053370,0.480518,0.701951,0.776584,0.162924,0.432271,0.101665,-0.050670,0.058304,0.576863,0.422183,0.299093,0.222056,1.308194,-1.572065,-1.349454,-2.282551,0.539138,1.581661,2.474990,-0.018997,-0.000663,0.014518,0.001307,-0.002022,0.000672,0.000398
43.997036,-0.540868,-0.052853,0.481672,0.701282,0.776968,0.162473,0.433474,0.094607,-0.046039,0.072007,0.578173,0.422619,0.298420,0.221686,1.308160,-1.572066,-1.349425,-2.282548,0.539141,1.581662,2.474982,-0.018195,-0.001177,0.014706,0.001421,-0.000695,0.000782,-0.002386
43.997999,-0.537813,-0.052502,0.484289,0.702943,0.776429,0.163241,0.432981,0.090037,-0.043679,0.078269,0.579140,0.422809,0.298170,0.221497,1.308138,-1.572067,-1.349415,-2.282551,0.539140,1.581661,2.474983,-0.019476,-0.001331,0.013263,-0.000185,-0.000134,0.000012,-0.001371
43.999062,-0.540538,-0.054834,0.483154,0.700988,0.776415,0.162190,0.432343,0.090037,-0.043679,0.078269,0.579140,0.422809,0.298170,0.221497,1.308138,-1.572067,-1.349415,-2.282551,0.539140,1.581661,2.474983,-0.019476,-0.001331,0.013263,-0.000185,-0.000134,0.000012,-0.001371
43.999972,-0.542033,-0.055626,0.481668,0.700321,0.777748,0.162650,0.432469,0.085525,-0.041122,0.085162,0.580156,0.423040,0.297915,0.221360,1.308125,-1.572064,-1.349400,-2.282547,0.539140,1.581662,2.474987,-0.017930,-0.000193,0.013676,0.001692,-0.000123,0.001072,-0.000107
44.000973,-0.540452,-0.054488,0.481253,0.701481,0.776511,0.162136,0.432148,0.072187,-0.039674,0.096072,0.582486,0.423458,0.297283,0.221246,1.308089,-1.572064,-1.349371,-2.282546,0.539141,1.581662,2.474986,-0.017567,-0.000377,0.014270,0.001161,-0.000221,0.001120,0.000279
44.001946,-0.539198,-0.056905,0.481437,0.702570,0.777441,0.162458,0.432083,0.072187,-0.039674,0.096072,0.582486,0.423458,0.297283,0.221246,1.308089,-1.572064,-1.349371,-2.282546,0.539141,1.581662,2.474986,-0.017567,-0.000377,0.014270,0.001161,-0.000221,0.001120,0.000279
44.003034,-0.539354,-0.057253,0.482104,0.701892,0.776562,0.162611,0.431235,0.054021,-0.044119,0.099711,0.588546,0.423990,0.297123,0.221247,1.308055,-1.572064,-1.349347,-2.282545,0.539141,1.581662,2.474991,-0.017697,0.001003,0.013558,0.000723,-0.000270,0.000639,0.002097
44.004068,-0.535769,-0.057887,0.480383,0.703173,0.776939,0.163789,0.431801,0.054021,-0.044119,0.099711,0.588546,0.423990,0.297123,0.221247,1.308055,-1.572064,-1.349347,-2.282545,0.539141,1.581662,2.474991,-0.017697,0.001003,0.013558,0.000723,-0.000270,0.000639,0.002097
44.004985,-0.536435,-0.056988,0.483028,0.702678,0.777325,0.163255,0.432241,0.045236,-0.048137,0.099241,0.593007,0.424361,0.297301,0.221250,1.308033,-1.572060,-1.349332,-2.282546,0.539141,1.581661,2.474992,-0.019239,0.001271,0.014240,-0.000541,-0.000661,-0.000540,0.000932
44.006015,-0.534805,-0.054075,0.480806,0.701765,0.775743,0.163931,0.431670,0.038263,-0.052503,0.097671,0.597568,0.424766,0.297633,0.221213,1.308016,-1.572061,-1.349324,-2.282545,0.539142,1.581662,2.474990,-0.018677,0.000826,0.012805,-0.000045,-0.001055,0.000002,0.000063
44.006924,-0.535768,-0.053988,0.482170,0.702759,0.777122,0.163813,0.432785,0.033732,-0.055927,0.096124,0.601147,0.425112,0.297985,0.221130,1.307994,-1.572063,-1.349308,-2.282543,0.539145,1.581661,2.474992,-0.019248,-0.000610,0.013750,0.000813,0.000510,-0.000677,0.001216
44.007937,-0.532805,-0.054918,0.484480,0.703199,0.775118,0.163666,0.432570,0.031475,-0.057590,0.095056,0.603173,0.425305,0.298282,0.221020,1.307978,-1.572065,-1.349298,-2.282546,0.539142,1.581661,2.474985,-0.018559,-0.000618,0.012924,-0.000126,-0.000863,-0.000555,-0.001017
44.009042,-0.530973,-0.053193,0.482817,0.702126,0.775150,0.164090,0.432481,0.030393,-0.057749,0.095003,0.604570,0.425430,0.298544,0.220904,1.307957,-1.572064,-1.349287,-2.282547,0.539146,1.581661,2.474984,-0.019803,-0.000161,0.011638,-0.000524,0.001128,-0.000409,-0.000559
44.010059,-0.532517,-0.052884,0.482399,0.701862,0.776249,0.163661,0.431914,0.031284,-0.056510,0.096293,0.605021,0.425486,0.298714,0.220818,1.307936,-1.572066,-1.349272,-2.282546,0.539145,1.581661,2.474986,-0.020461,-0.001014,0.012309,0.000518,0.001091,-0.000833,-0.000392
44.010983,-0.531838,-0.052013,0.479635,0.701493,0.775823,0.163727,0.432001,0.039494,-0.050841,0.099019,0.601173,0.425021,0.298749,0.220833,1.307897,-1.572065,-1.349243,-2.282543,0.539144,1.581661,2.474989,-0.019564,-0.001605,0.013562,0.001083,0.000430,-0.000472,0.000553
44.012049,-0.531941,-0.053506,0.478222,0.701601,0.776056,0.163445,0.432164,0.039494,-0.050841,0.099019,0.601173,0.425021,0.298749,0.220833,1.307897,-1.572065,-1.349243,-2.282543,0.539144,1.581661,2.474989,-0.019564,-0.001605,0.013562,0.001083,0.000430,-0.000472,0.000553
44.013088,-0.530989,-0.054234,0.480934,0.702093,0.776292,0.163132,0.432008,0.043799,-0.048200,0.097889,0.598408,0.424531,0.298790,0.220931,1.307878,-1.572064,-1.349229,-2.282543,0.539144,1.581662,2.474988,-0.019278,-0.000856,0.014083,0.000971,0.000190,-0.000190,0.000231
44.013937,-0.528917,-0.052033,0.479813,0.702916,0.777207,0.163040,0.431949,0.047068,-0.046707,0.094769,0.596158,0.423987,0.298904,0.221074,1.307859,-1.572065,-1.349219,-2.282544,0.539143,1.581661,2.474991,-0.019533,-0.000492,0.012596,0.000505,-0.000038,0.000128,0.000537
44.014956,-0.529363,-0.054169,0.477434,0.702232,0.776554,0.162716,0.432470,0.051374,-0.045454,0.087608,0.594667,0.423131,0.299284,0.221447,1.307817,-1.572063,-1.349191,-2.282543,0.539143,1.581661,2.474992,-0.019832,-0.000534,0.014027,0.000345,-0.000284,0.000548,-0.000403
44.016044,-0.530854,-0.051818,0.477444,0.702063,0.776398,0.162969,0.432023,0.052525,-0.045743,0.082737,0.595230,0.422780,0.299602,0.221621,1.307800,-1.572069,-1.349178,-2.282542,0.539143,1.581661,2.474993,-0.018882,-0.001668,0.013856,0.000498,-0.000140,0.000289,0.000504
44.016983,-0.525628,-0.054060,0.479853,0.703468,0.776555,0.162909,0.432528,0.052525,-0.045743,0.082737,0.595230,0.422780,0.299602,0.221621,1.307800,-1.572069,-1.349178,-2.282542,0.539143,1.581661,2.474993,-0.018882,-0.001668,0.013856,0.000498,-0.000140,0.000289,0.000504
44.018051,-0.527547,-0.058074,0.480991,0.702924,0.776664,0.163347,0.432697,0.052837,-0.046411,0.077617,0.596511,0.422494,0.299970,0.221750,1.307775,-1.572067,-1.349169,-2.282546,0.539143,1.581661,2.474988,-0.021229,-0.000542,0.012533,-0.000831,-0.000300,0.000348,-0.000504
44.019031,-0.527119,-0.057355,0.479253,0.701925,0.777277,0.163348,0.432381,0.053145,-0.047545,0.073512,0.598503,0.422365,0.300340,0.221821,1.307758,-1.572062,-1.349158,-2.282545,0.539143,1.581661,2.474989,-0.020022,0.001408,0.011841,-0.000305,-0.000401,-0.000091,-0.000841
44.020024,-0.529775,-0.055158,0.480688,0.702445,0.776801,0.163144,0.431931,0.052802,-0.049971,0.070266,0.601124,0.422398,0.300654,0.221838,1.307738,-1.572063,-1.349144,-2.282542,0.539141,1.581661,2.474988,-0.020008,0.001043,0.012558,0.000643,-0.001005,-0.000092,-0.000196
44.021056,-0.526905,-0.057215,0.483149,0.701585,0.776767,0.162821,0.432120,0.050636,-0.053249,0.067729,0.604211,0.422523,0.300880,0.221827,1.307722,-1.572063,-1.349134,-2.282545,0.539143,1.581661,2.474990,-0.018476,-0.000063,0.011700,0.000159,-0.000540,0.000114,0.000700
44.022017,-0.527396,-0.055138,0.481892,0.703132,0.777916,0.163309,0.432336,0.046480,-0.056220,0.067033,0.607532,0.422730,0.300954,0.221813,1.307699,-1.572061,-1.349126,-2.282541,0.539144,1.581662,2.474989,-0.019658,0.000962,0.010368,0.000951,-0.000518,0.000434,0.000316
44.022978,-0.523380,-0.053516,0.481152,0.703899,0.777636,0.163302,0.432081,0.041335,-0.058426,0.068672,0.610831,0.423021,0.300866,0.221814,1.307679,-1.572062,-1.349112,-2.282546,0.539142,1.581661,2.474987,-0.019155,-0.000093,0.010850,-0.000491,-0.001656,-0.000053,-0.000112
44.023946,-0.521515,-0.056401,0.480411,0.703177,0.775959,0.163278,0.432052,0.036414,-0.059696,0.071528,0.614463,0.423378,0.300816,0.221855,1.307655,-1.572063,-1.349102,-2.282547,0.539141,1.581661,2.474989,-0.020899,-0.000881,0.011095,-0.001237,-0.001355,-0.000046,0.000399
44.025073,-0.521991,-0.054323,0.479174,0.702976,0.775414,0.163742,0.431607,0.033768,-0.060126,0.074038,0.617844,0.423709,0.300911,0.221956,1.307632,-1.572060,-1.349091,-2.282543,0.539145,1.581661,2.474987,-0.021542,0.000539,0.011331,-0.000593,0.000297,-0.000022,0.000462
44.026056,-0.523540,-0.055280,0.479689,0.702812,0.774938,0.163632,0.431637,0.036348,-0.060567,0.074495,0.620980,0.423953,0.301298,0.222278,1.307596,-1.572061,-1.349069,-2.282544,0.539146,1.581660,2.474993,-0.020080,-0.000016,0.011425,-0.000213,0.001294,-0.000369,0.001267
44.026985,-0.520639,-0.053972,0.480248,0.700745,0.775108,0.163618,0.432044,0.036348,-0.060567,0.074495,0.620980,0.423953,0.301298,0.222278,1.307596,-1.572061,-1.349069,-2.282544,0.539146,1.581660,2.474993,-0.020080,-0.000016,0.011425,-0.000213,0.001294,-0.000369,0.001267
44.027944,-0.521476,-0.055369,0.478766,0.702868,0.775960,0.164032,0.432143,0.038660,-0.060619,0.073366,0.620920,0.423855,0.301409,0.222419,1.307571,-1.572063,-1.349059,-2.282538,0.539148,1.581662,2.474992,-0.021254,-0.000655,0.011029,0.001736,0.001102,-0.000364,0.000447
44.029049,-0.522732,-0.054157,0.478967,0.702781,0.774336,0.163459,0.431770,0.041971,-0.060309,0.071998,0.619306,0.423610,0.301372,0.222505,1.307552,-1.572062,-1.349048,-2.282544,0.539144,1.581661,2.474992,-0.020594,0.000042,0.011644,-0.000293,0.000281,-0.000779,0.000256
44.030039,-0.521405,-0.053020,0.482208,0.701214,0.775977,0.163758,0.432336,0.044114,-0.060424,0.069969,0.618226,0.423371,0.301376,0.222521,1.307534,-1.572062,-1.349036,-2.282544,0.539149,1.581663,2.474995,-0.019746,-0.000577,0.011395,-0.000185,0.001876,-0.000207,0.001003
44.030954,-0.520667,-0.056606,0.480758,0.702468,0.775074,0.164540,0.432635,0.043918,-0.060609,0.068377,0.618213,0.423193,0.301375,0.222458,1.307512,-1.572065,-1.349031,-2.282540,0.539142,1.581661,2.474992,-0.020163,-0.001106,0.009691,0.001310,0.000273,-0.000505,-0.000137
44.031949,-0.518772,-0.055454,0.481797,0.702255,0.776422,0.164161,0.432716,0.042759,-0.060326,0.068251,0.618115,0.423044,0.301222,0.222315,1.307492,-1.572062,-1.349019,-2.282542,0.539145,1.581657,2.474989,-0.020289,0.000670,0.010303,0.000073,0.001179,-0.001268,-0.000720
44.032989,-0.519768,-0.056044,0.481385,0.702683,0.776177,0.164219,0.432422,0.041234,-0.060401,0.068668,0.618279,0.422972,0.301031,0.222118,1.307469,-1.572063,-1.349009,-2.282540,0.539146,1.581660,2.474989,-0.020960,0.000084,0.009651,0.000257,-0.000205,-0.000895,-0.000875
44.033954,-0.517645,-0.056592,0.481622,0.701939,0.776774,0.165303,0.433000,0.039332,-0.061019,0.069138,0.619093,0.423001,0.300892,0.221917,1.307451,-1.572062,-1.349001,-2.282540,0.539146,1.581659,2.474991,-0.020232,0.000385,0.009767,-0.000178,0.000055,-0.000946,-0.000289
44.035065,-0.515988,-0.058676,0.481231,0.702119,0.776627,0.163941,0.432256,0.037089,-0.062000,0.069557,0.620360,0.423095,0.300804,0.221744,1.307429,-1.572063,-1.348992,-2.282538,0.539146,1.581656,2.474989,-0.021050,0.000665,0.009537,0.000529,-0.000545,-0.002027,-0.001453
44.036005,-0.519329,-0.058806,0.479117,0.702244,0.774978,0.164574,0.432483,0.035637,-0.063497,0.069399,0.621294,0.423184,0.300737,0.221610,1.307408,-1.572059,-1.348983,-2.282538,0.539147,1.581661,2.474992,-0.021626,0.001672,0.009621,0.000323,-0.000406,-0.000673,0.000047
44.037151,-0.517638,-0.054307,0.479088,0.702865,0.774648,0.163925,0.432426,0.034435,-0.066103,0.067865,0.622111,0.423250,0.300707,0.221510,1.307393,-1.572059,-1.348969,-2.282537,0.539149,1.581660,2.474992,-0.019744,0.001728,0.010525,0.000193,0.001240,-0.001317,-0.000423
44.038083,-0.514247,-0.054333,0.479193,0.701835,0.774251,0.163535,0.432682,0.031429,-0.069637,0.064739,0.623912,0.423302,0.300801,0.221423,1.307372,-1.572064,-1.348959,-2.282538,0.539148,1.581660,2.474992,-0.020360,-0.000494,0.010406,-0.000418,0.001564,-0.000657,-0.000308
44.039024,-0.515954,-0.054842,0.482183,0.701812,0.776558,0.163887,0.432455,0.028473,-0.072311,0.061052,0.625552,0.423247,0.300962,0.221334,1.307347,-1.572063,-1.348951,-2.282536,0.539149,1.581661,2.474992,-0.021769,-0.000462,0.010261,0.000573,0.001953,-0.000275,-0.000823
44.039972,-0.516588,-0.053170,0.477447,0.702714,0.775234,0.162742,0.432865,0.027795,-0.073165,0.058270,0.625490,0.423054,0.301020,0.221235,1.307328,-1.572061,-1.348944,-2.282534,0.539145,1.581660,2.474992,-0.020660,-0.000234,0.008666,0.000549,-0.000341,-0.000625,-0.000360
44.041043,-0.516759,-0.054211,0.481435,0.700302,0.776984,0.163191,0.432915,0.027397,-0.072962,0.056588,0.624879,0.422842,0.301005,0.221117,1.307309,-1.572063,-1.348929,-2.282538,0.539149,1.581662,2.474990,-0.020119,-0.001057,0.010887,-0.000280,0.000975,0.000521,-0.001186
44.042078,-0.518260,-0.052724,0.480032,0.702488,0.776386,0.163102,0.432739,0.025741,-0.072406,0.055279,0.624458,0.422626,0.300967,0.220984,1.307292,-1.572061,-1.348924,-2.282531,0.539146,1.581661,2.474989,-0.019836,-0.000541,0.008795,0.002016,-0.000775,0.000065,-0.001276
44.042972,-0.518558,-0.053011,0.481254,0.702321,0.776719,0.162456,0.432149,0.022578,-0.071552,0.054842,0.624109,0.422419,0.300840,0.220855,1.307274,-1.572063,-1.348915,-2.282538,0.539145,1.581661,2.474990,-0.018865,-0.001277,0.009410,-0.000046,-0.000139,0.000159,-0.000922
44.043996,-0.514580,-0.051022,0.483408,0.701711,0.775608,0.162616,0.431885,0.016505,-0.070705,0.055601,0.625266,0.422348,0.300723,0.220742,1.307255,-1.572064,-1.348907,-2.282537,0.539142,1.581661,2.474994,-0.018494,-0.001118,0.008700,0.000110,-0.000455,0.000806,0.000251
44.044950,-0.515513,-0.051262,0.480466,0.701646,0.777199,0.162719,0.431945,0.009044,-0.069414,0.057881,0.627449,0.422402,0.300604,0.220639,1.307232,-1.572066,-1.348901,-2.282535,0.539147,1.581661,2.474994,-0.020227,-0.002101,0.007539,0.000678,0.000627,0.000639,0.000771
44.046018,-0.514097,-0.052333,0.480586,0.702104,0.776452,0.162384,0.431639,0.003602,-0.066915,0.061656,0.628587,0.422432,0.300380,0.220530,1.307214,-1.572066,-1.348890,-2.282533,0.539144,1.581661,2.474992,-0.019524,-0.001969,0.008902,0.000697,-0.000969,0.000536,0.000654
44.047032,-0.513002,-0.052128,0.478143,0.703372,0.777155,0.162684,0.431704,0.000353,-0.064120,0.065183,0.628829,0.422394,0.300167,0.220414,1.307193,-1.572066,-1.348883,-2.282533,0.539145,1.581662,2.474996,-0.019992,-0.001429,0.008741,0.000227,-0.000207,0.000871,0.001259
44.047961,-0.513446,-0.053678,0.482816,0.702597,0.775156,0.163018,0.431994,-0.001782,-0.062280,0.066905,0.629435,0.422351,0.300138,0.220292,1.307172,-1.572065,-1.348871,-2.282535,0.539145,1.581661,2.474993,-0.020286,-0.001544,0.009842,-0.001015,-0.000919,0.000569,0.001133
44.048933,-0.513765,-0.055552,0.482598,0.703342,0.776505,0.163327,0.432154,-0.003474,-0.061574,0.067216,0.631000,0.422374,0.300307,0.220158,1.307153,-1.572065,-1.348866,-2.282532,0.539151,1.581661,2.474994,-0.019826,-0.000763,0.007411,-0.000276,0.001046,0.000235,0.000546
44.049978,-0.513015,-0.055954,0.481426,0.701729,0.775311,0.162764,0.432011,-0.005914,-0.061871,0.067873,0.633652,0.422534,0.300522,0.220001,1.307134,-1.572062,-1.348859,-2.282534,0.539147,1.581661,2.474995,-0.019432,0.000134,0.007458,-0.000987,-0.000301,-0.000070,0.000223
44.051024,-0.514122,-0.055913,0.477476,0.701614,0.775768,0.162672,0.432385,-0.009338,-0.063370,0.068959,0.636946,0.422787,0.300698,0.219813,1.307114,-1.572061,-1.348851,-2.282530,0.539150,1.581663,2.474994,-0.019575,0.000321,0.007948,0.000555,0.000894,0.000488,0.000521
44.051955,-0.513365,-0.054011,0.481554,0.702337,0.775909,0.163314,0.432402,-0.012811,-0.066249,0.068573,0.639775,0.422949,0.300840,0.219602,1.307096,-1.572061,-1.348837,-2.282528,0.539150,1.581662,2.474990,-0.018800,0.000296,0.009765,0.000605,0.000421,0.000580,-0.000224
44.052991,-0.512101,-0.052262,0.480932,0.701607,0.775421,0.163712,0.432451,-0.016347,-0.069955,0.066418,0.642070,0.422974,0.300985,0.219383,1.307077,-1.572063,-1.348833,-2.282531,0.539147,1.581658,2.474990,-0.018952,-0.000638,0.007643,-0.000049,0.000306,-0.000045,-0.000252
44.054024,-0.509999,-0.052091,0.482427,0.702424,0.775141,0.163791,0.431982,-0.019592,-0.072881,0.064605,0.643893,0.422930,0.301097,0.219186,1.307057,-1.572065,-1.348825,-2.282528,0.539149,1.581660,2.474989,-0.019347,-0.001482,0.007877,0.000613,0.000784,-0.000454,-0.000347
44.054932,-0.511540,-0.052769,0.481669,0.701559,0.774753,0.163903,0.431989,-0.020979,-0.073882,0.064318,0.644506,0.422817,0.301125,0.219034,1.307035,-1.572066,-1.348820,-2.282529,0.539151,1.581660,2.474995,-0.020148,-0.001558,0.007062,-0.000189,0.001038,-0.000529,0.000579
44.056134,-0.510106,-0.048878,0.485891,0.702453,0.775260,0.165050,0.431700,-0.020475,-0.073353,0.065165,0.643996,0.422646,0.301092,0.218929,1.307018,-1.572064,-1.348814,-2.282527,0.539151,1.581660,2.474994,-0.019147,-0.001234,0.007380,0.000645,0.001433,-0.000638,0.000559
44.056938,-0.510773,-0.048792,0.484046,0.702311,0.775734,0.165163,0.431137,-0.019120,-0.071769,0.067226,0.642839,0.422463,0.300996,0.218847,1.306996,-1.572066,-1.348812,-2.282527,0.539149,1.581660,2.474995,-0.020033,-0.002046,0.005712,-0.000081,0.000916,-0.000585,0.000142
44.058030,-0.512375,-0.046142,0.486167,0.700655,0.774373,0.167145,0.430588,-0.017097,-0.069419,0.070445,0.641236,0.422297,0.300847,0.218762,1.306976,-1.572062,-1.348802,-2.282526,0.539148,1.581662,2.474993,-0.019845,-0.001058,0.007000,0.000237,0.000431,0.000427,0.000355
44.059067,-0.514710,-0.044951,0.486651,0.702235,0.776567,0.168363,0.429943,-0.014406,-0.067206,0.073520,0.638835,0.422089,0.300629,0.218663,1.306957,-1.572063,-1.348796,-2.282522,0.539149,1.581661,2.474996,-0.019335,-0.000934,0.006467,0.002067,0.001769,-0.000030,0.000173
44.059968,-0.511050,-0.040116,0.488094,0.701515,0.775865,0.169606,0.429680,-0.012337,-0.066026,0.075596,0.635896,0.421823,0.300332,0.218546,1.306941,-1.572062,-1.348790,-2.282524,0.539146,1.581662,2.474997,-0.018468,-0.000176,0.006750,0.000734,-0.000465,0.000213,0.000265
44.060955,-0.517229,-0.040883,0.488460,0.702833,0.774530,0.170865,0.429402,-0.011057,-0.065775,0.076763,0.632996,0.421546,0.300024,0.218408,1.306916,-1.572065,-1.348784,-2.282520,0.539149,1.581662,2.474996,-0.020464,-0.001385,0.006467,0.001589,0.000220,0.000234,-0.000256
44.062045,-0.512311,-0.035192,0.494212,0.702407,0.775679,0.172219,0.428064,-0.010337,-0.066207,0.076973,0.630422,0.421273,0.299758,0.218251,1.306904,-1.572062,-1.348778,-2.282521,0.539154,1.581662,2.474993,-0.017662,0.000291,0.006777,0.000511,0.001477,0.000364,-0.000828
44.063008,-0.513800,-0.034443,0.494238,0.703533,0.775202,0.174507,0.427641,-0.010977,-0.067162,0.077086,0.628657,0.421062,0.299508,0.218088,1.306877,-1.572064,-1.348778,-2.282518,0.539151,1.581663,2.474997,-0.020382,-0.001122,0.004499,0.001115,0.000310,0.000537,0.000594
44.064007,-0.513362,-0.032283,0.493505,0.703508,0.775233,0.175457,0.426416,-0.011285,-0.067627,0.078527,0.626943,0.420912,0.299194,0.217957,1.306859,-1.572062,-1.348771,-2.282519,0.539151,1.581661,2.474991,-0.019858,-0.000229,0.004970,0.000222,0.000777,-0.000393,0.000331
44.064993,-0.514720,-0.027585,0.493855,0.703534,0.775920,0.176722,0.426340,-0.010361,-0.067877,0.080263,0.625108,0.420777,0.298905,0.217887,1.306839,-1.572061,-1.348764,-2.282518,0.539152,1.581665,2.474994,-0.020321,-0.000007,0.005832,0.000465,0.000701,0.000050,0.001629
44.066042,-0.518452,-0.028035,0.493097,0.703612,0.776246,0.178299,0.425985,-0.008910,-0.068656,0.080469,0.623491,0.420588,0.298753,0.217884,1.306818,-1.572065,-1.348757,-2.282518,0.539151,1.581662,2.474993,-0.019856,-0.001024,0.006130,0.000656,-0.000003,0.000182,0.000623
44.067110,-0.516489,-0.022730,0.498529,0.704379,0.776741,0.179399,0.425610,-0.010053,-0.072942,0.075064,0.622752,0.420052,0.298886,0.218043,1.306781,-1.572063,-1.348746,-2.282517,0.539149,1.581662,2.474992,-0.019576,-0.000678,0.004838,0.000263,-0.000864,0.000485,-0.000356
44.068017,-0.515983,-0.022050,0.498671,0.704384,0.776242,0.180067,0.425511,-0.010053,-0.072942,0.075064,0.622752,0.420052,0.298886,0.218043,1.306781,-1.572063,-1.348746,-2.282517,0.539149,1.581662,2.474992,-0.019576,-0.000678,0.004838,0.000263,-0.000864,0.000485,-0.000356
44.068989,-0.516268,-0.017118,0.502944,0.704821,0.776223,0.182463,0.424020,-0.012257,-0.075485,0.072087,0.623421,0.419830,0.298986,0.218179,1.306760,-1.572061,-1.348741,-2.282516,0.539151,1.581662,2.474993,-0.020011,0.000172,0.005243,0.000467,-0.000393,0.001095,-0.001213
44.069972,-0.522474,-0.015306,0.505514,0.704390,0.777238,0.184259,0.424184,-0.013131,-0.076975,0.070620,0.623522,0.419629,0.298965,0.218329,1.306740,-1.572064,-1.348739,-2.282516,0.539150,1.581661,2.475000,-0.020085,-0.001002,0.003617,0.000247,-0.000398,0.000053,0.000644
44.070997,-0.518643,-0.015266,0.504702,0.706121,0.776547,0.185686,0.423468,-0.014582,-0.077242,0.071639,0.623777,0.419513,0.298806,0.218463,1.306728,-1.572063,-1.348734,-2.282514,0.539146,1.581661,2.474996,-0.017283,-0.000601,0.002843,0.000868,-0.001409,-0.000355,-0.000837
44.072015,-0.518809,-0.012575,0.504687,0.704216,0.776459,0.186764,0.422444,-0.018891,-0.077320,0.074606,0.625508,0.419567,0.298606,0.218541,1.306703,-1.572061,-1.348728,-2.282516,0.539149,1.581661,2.474996,-0.019449,0.000712,0.003770,-0.000605,-0.000766,-0.000332,-0.000575
44.073062,-0.521276,-0.008671,0.504809,0.705485,0.776055,0.188498,0.423344,-0.023673,-0.078363,0.076820,0.627834,0.419663,0.298480,0.218559,1.306682,-1.572061,-1.348722,-2.282509,0.539151,1.581661,2.474999,-0.019583,0.000693,0.004280,0.001405,-0.000727,0.000021,0.000293
44.073944,-0.519760,-0.004929,0.502124,0.707300,0.776816,0.189163,0.422446,-0.026744,-0.080223,0.076882,0.629275,0.419629,0.298422,0.218528,1.306666,-1.572061,-1.348716,-2.282512,0.539151,1.581661,2.474990,-0.018651,0.000114,0.004739,0.000418,-0.000344,-0.000244,-0.002722
44.075041,-0.520069,-0.003536,0.508274,0.706706,0.777615,0.190012,0.420910,-0.029252,-0.082690,0.074248,0.630859,0.419492,0.298579,0.218462,1.306644,-1.572062,-1.348706,-2.282517,0.539149,1.581664,2.474993,-0.019597,-0.000575,0.006474,-0.001097,-0.001127,0.000319,-0.001920
44.076071,-0.518474,0.001614,0.509399,0.705512,0.776554,0.191627,0.420782,-0.031324,-0.085471,0.069474,0.633304,0.419341,0.299009,0.218394,1.306623,-1.572061,-1.348707,-2.282515,0.539147,1.581666,2.474999,-0.019713,0.000169,0.003997,-0.000267,-0.001931,0.000998,-0.000129
44.076976,-0.520505,0.000031,0.509075,0.706903,0.775698,0.194034,0.419503,-0.031046,-0.087284,0.065176,0.634672,0.419155,0.299384,0.218345,1.306600,-1.572064,-1.348703,-2.282509,0.539147,1.581662,2.474993,-0.020741,-0.001026,0.004002,0.001022,-0.000878,0.000849,-0.001065
44.078035,-0.523805,0.002740,0.510079,0.706433,0.775665,0.193994,0.419740,-0.027802,-0.087911,0.061961,0.633968,0.418894,0.299570,0.218316,1.306582,-1.572061,-1.348697,-2.282512,0.539148,1.581659,2.474997,-0.019926,0.000950,0.004610,-0.000110,-0.000064,-0.000279,0.000451
44.079077,-0.523857,0.009780,0.510588,0.706562,0.776110,0.195809,0.418022,-0.024727,-0.089171,0.058296,0.633155,0.418655,0.299750,0.218288,1.306566,-1.572061,-1.348695,-2.282510,0.539149,1.581664,2.474994,-0.018595,0.000972,0.004676,0.000565,-0.000075,0.001248,-0.001265
44.079960,-0.520981,0.009567,0.511115,0.705732,0.775828,0.195496,0.418610,-0.023953,-0.091252,0.054152,0.633186,0.418471,0.299967,0.218250,1.306547,-1.572066,-1.348691,-2.282510,0.539150,1.581662,2.475000,-0.018858,-0.001128,0.004974,0.000667,-0.000561,0.000894,0.000980
44.081102,-0.522624,0.014766,0.512859,0.707256,0.776500,0.197733,0.417476,-0.022965,-0.092711,0.050066,0.632350,0.418197,0.300122,0.218201,1.306522,-1.572063,-1.348686,-2.282508,0.539150,1.581667,2.474993,-0.020436,0.000139,0.005147,0.001658,-0.000294,0.002438,-0.001233
44.081981,-0.524636,0.017868,0.514986,0.706859,0.777518,0.199082,0.416967,-0.019511,-0.093194,0.046099,0.629693,0.417775,0.300173,0.218127,1.306504,-1.572064,-1.348682,-2.282511,0.539148,1.581664,2.474998,-0.019927,-0.000963,0.004872,0.000450,-0.000992,0.001799,-0.000271
44.082918,-0.527333,0.018169,0.514139,0.707353,0.775836,0.201502,0.416632,-0.013050,-0.091854,0.041131,0.624641,0.417000,0.300220,0.217844,1.306471,-1.572065,-1.348671,-2.282513,0.539151,1.581661,2.474997,-0.018046,-0.000246,0.005147,0.000820,-0.000385,0.000597,-0.000694
44.084100,-0.527023,0.020593,0.519816,0.706908,0.775936,0.203471,0.416269,-0.013050,-0.091854,0.041131,0.624641,0.417000,0.300220,0.217844,1.306471,-1.572065,-1.348671,-2.282513,0.539151,1.581661,2.474997,-0.018046,-0.000246,0.005147,0.000820,-0.000385,0.000597,-0.000694
44.085024,-0.524942,0.023917,0.518414,0.707283,0.776473,0.203982,0.414710,-0.013901,-0.091513,0.039940,0.624264,0.416820,0.300303,0.217616,1.306451,-1.572063,-1.348673,-2.282509,0.539149,1.581661,2.474993,-0.018559,0.000075,0.002966,0.001468,-0.000513,0.000300,-0.001321
44.086044,-0.528078,0.026895,0.516969,0.707013,0.775360,0.205860,0.414923,-0.015584,-0.091300,0.039957,0.624213,0.416746,0.300330,0.217360,1.306428,-1.572064,-1.348666,-2.282509,0.539149,1.581664,2.474998,-0.019776,-0.000361,0.004141,0.001286,-0.001079,0.001079,0.000736
44.087009,-0.527000,0.027932,0.521073,0.707987,0.775786,0.207732,0.414193,-0.016170,-0.090964,0.040002,0.623524,0.416646,0.300337,0.217115,1.306412,-1.572064,-1.348656,-2.282507,0.539150,1.581662,2.474994,-0.018482,-0.000504,0.005334,0.001743,0.000017,0.000637,-0.000891
44.087980,-0.527686,0.031379,0.525382,0.709624,0.775066,0.208738,0.414197,-0.016538,-0.091006,0.038951,0.622824,0.416497,0.300433,0.216895,1.306391,-1.572062,-1.348657,-2.282507,0.539150,1.581660,2.474995,-0.019250,0.000238,0.003806,0.000976,-0.000450,0.000130,-0.000530
44.088994,-0.530440,0.032433,0.525890,0.707828,0.775151,0.210024,0.412654,-0.017776,-0.091187,0.038605,0.623178,0.416458,0.300610,0.216699,1.306372,-1.572062,-1.348657,-2.282508,0.539151,1.581661,2.474994,-0.019148,-0.000217,0.002213,-0.000406,0.000246,0.000490,-0.001672
44.090019,-0.527528,0.038132,0.524911,0.709524,0.773658,0.211966,0.412280,-0.024335,-0.090919,0.043469,0.626816,0.416824,0.300896,0.216350,1.306332,-1.572064,-1.348649,-2.282506,0.539152,1.581662,2.474999,-0.019751,-0.000895,0.003537,0.000113,0.001600,0.000119,-0.000207
44.090983,-0.524989,0.040901,0.527656,0.709734,0.773882,0.214111,0.411933,-0.025818,-0.089849,0.046112,0.627792,0.416932,0.301075,0.216174,1.306308,-1.572066,-1.348648,-2.282508,0.539153,1.581659,2.474997,-0.021200,-0.000970,0.002677,0.000178,0.001323,-0.000659,-0.000622
44.092008,-0.527325,0.043899,0.525452,0.710391,0.774961,0.213979,0.411019,-0.025818,-0.089849,0.046112,0.627792,0.416932,0.301075,0.216174,1.306308,-1.572066,-1.348648,-2.282508,0.539153,1.581659,2.474997,-0.021200,-0.000970,0.002677,0.000178,0.001323,-0.000659,-0.000622
44.092960,-0.528649,0.042669,0.527860,0.709096,0.774379,0.216010,0.410394,-0.023973,-0.087775,0.047946,0.627610,0.416929,0.301377,0.215980,1.306291,-1.572068,-1.348641,-2.282508,0.539149,1.581661,2.474999,-0.020290,-0.001091,0.004306,-0.000247,0.000245,0.000929,0.000027
44.094055,-0.529507,0.044866,0.530542,0.711466,0.775751,0.218077,0.409942,-0.021132,-0.086053,0.048171,0.627029,0.416862,0.301775,0.215757,1.306271,-1.572063,-1.348638,-2.282504,0.539151,1.581660,2.474998,-0.019860,0.000735,0.003581,0.001178,0.000797,0.000218,0.000174
44.094931,-0.531147,0.052465,0.532669,0.709631,0.775627,0.219303,0.409301,-0.021066,-0.086434,0.046555,0.628522,0.416952,0.302702,0.215204,1.306233,-1.572068,-1.348637,-2.282502,0.539148,1.581661,2.474998,-0.019105,-0.001550,0.002290,0.001062,-0.000474,-0.000305,0.000082
44.096023,-0.527821,0.050402,0.531944,0.711234,0.775184,0.221780,0.409547,-0.021066,-0.086434,0.046555,0.628522,0.416952,0.302702,0.215204,1.306233,-1.572068,-1.348637,-2.282502,0.539148,1.581661,2.474998,-0.019105,-0.001550,0.002290,0.001062,-0.000474,-0.000305,0.000082
44.097064,-0.528765,0.055094,0.534667,0.711075,0.773530,0.222948,0.407640,-0.023055,-0.086385,0.047034,0.629938,0.417081,0.303140,0.214897,1.306207,-1.572062,-1.348631,-2.282507,0.539151,1.581660,2.474993,-0.021010,0.000906,0.003211,-0.000209,-0.000089,-0.001248,-0.001671
44.098053,-0.530961,0.052947,0.536519,0.711902,0.774576,0.224781,0.407848,-0.023777,-0.086160,0.047268,0.630640,0.417157,0.303582,0.214604,1.306188,-1.572064,-1.348631,-2.282503,0.539156,1.581661,2.474999,-0.020795,-0.000082,0.002427,0.000120,0.001493,-0.000949,0.000958
44.099023,-0.531648,0.060506,0.536501,0.712025,0.774053,0.225782,0.406625,-0.024343,-0.086553,0.047161,0.631444,0.417246,0.304043,0.214347,1.306169,-1.572058,-1.348630,-2.282504,0.539153,1.581660,2.474995,-0.019937,0.002254,0.002056,-0.000461,0.000429,-0.001390,-0.000628
44.099937,-0.529111,0.062936,0.537419,0.712147,0.776146,0.226006,0.407222,-0.026904,-0.087798,0.047116,0.633343,0.417398,0.304520,0.214119,1.306149,-1.572065,-1.348628,-2.282506,0.539152,1.581659,2.474999,-0.019827,-0.000206,0.002594,-0.000310,0.000949,-0.001014,0.000710
44.100991,-0.527805,0.063889,0.537415,0.711872,0.775636,0.228019,0.406002,-0.030223,-0.088807,0.047166,0.635544,0.417524,0.305002,0.213920,1.306125,-1.572066,-1.348625,-2.282505,0.539150,1.581662,2.474992,-0.021271,-0.000183,0.002621,-0.000257,-0.001170,0.000035,-0.001548
44.101996,-0.530102,0.065019,0.539150,0.712259,0.775172,0.228194,0.405315,-0.031108,-0.088872,0.046887,0.636280,0.417500,0.305445,0.213751,1.306102,-1.572064,-1.348621,-2.282503,0.539152,1.581660,2.474998,-0.022149,0.000717,0.003175,0.000208,-0.000683,-0.000499,-0.000319
44.103101,-0.532637,0.070295,0.541891,0.712663,0.776237,0.229733,0.405278,-0.027870,-0.089450,0.043903,0.634349,0.417132,0.306181,0.213436,1.306063,-1.572064,-1.348618,-2.282502,0.539150,1.581663,2.474996,-0.020270,0.000276,0.002084,-0.000110,-0.001344,0.000737,-0.001323
44.104036,-0.528652,0.069896,0.543677,0.712892,0.775452,0.230691,0.404366,-0.027870,-0.089450,0.043903,0.634349,0.417132,0.306181,0.213436,1.306063,-1.572064,-1.348618,-2.282502,0.539150,1.581663,2.474996,-0.020270,0.000276,0.002084,-0.000110,-0.001344,0.000737,-0.001323
44.104969,-0.534000,0.074886,0.544351,0.711697,0.775031,0.232603,0.403392,-0.027631,-0.089945,0.043243,0.633646,0.416999,0.306422,0.213234,1.306038,-1.572060,-1.348615,-2.282502,0.539151,1.581661,2.474996,-0.022443,0.001689,0.001698,-0.000124,-0.000573,0.001111,-0.000564
44.105976,-0.532676,0.077858,0.549645,0.713544,0.774375,0.234418,0.402901,-0.027331,-0.090117,0.043562,0.632427,0.416868,0.306527,0.213015,1.306024,-1.572063,-1.348615,-2.282498,0.539151,1.581659,2.474997,-0.020007,0.000436,0.001887,0.001206,-0.000181,0.000512,0.000302
44.107106,-0.531817,0.083626,0.546974,0.714162,0.774332,0.235971,0.401545,-0.029604,-0.087547,0.049211,0.630006,0.416748,0.306458,0.212652,1.305980,-1.572065,-1.348611,-2.282502,0.539153,1.581661,2.474999,-0.021631,-0.001095,0.001766,-0.000705,0.000439,0.000147,0.001524
44.108037,-0.531077,0.085007,0.546635,0.714385,0.773449,0.238409,0.402141,-0.029604,-0.087547,0.049211,0.630006,0.416748,0.306458,0.212652,1.305980,-1.572065,-1.348611,-2.282502,0.539153,1.581661,2.474999,-0.021631,-0.001095,0.001766,-0.000705,0.000439,0.000147,0.001524
44.108980,-0.533063,0.086025,0.549511,0.713973,0.774540,0.240156,0.400741,-0.030209,-0.084529,0.052628,0.629305,0.416736,0.306603,0.212561,1.305956,-1.572064,-1.348608,-2.282501,0.539151,1.581658,2.474993,-0.022165,-0.000556,0.002419,-0.000728,0.001322,-0.000978,-0.000756
44.110088,-0.533158,0.091166,0.549886,0.714711,0.774998,0.240461,0.400317,-0.029591,-0.081521,0.054174,0.628652,0.416662,0.306964,0.212526,1.305936,-1.572060,-1.348610,-2.282501,0.539153,1.581658,2.474998,-0.021368,0.000135,0.001519,-0.000100,0.000172,-0.001394,0.000974
44.111088,-0.535999,0.093062,0.551678,0.712547,0.774098,0.242215,0.399643,-0.028978,-0.078941,0.054700,0.628268,0.416574,0.307429,0.212533,1.305915,-1.572063,-1.348606,-2.282501,0.539153,1.581663,2.474998,-0.021624,-0.000955,0.001925,-0.000600,-0.000309,-0.000153,0.000519
44.111952,-0.532902,0.094043,0.553728,0.714463,0.774843,0.243634,0.399722,-0.028843,-0.076430,0.055012,0.627680,0.416442,0.307853,0.212559,1.305897,-1.572063,-1.348607,-2.282496,0.539152,1.581660,2.474999,-0.020457,-0.000573,0.001603,0.001716,0.000585,-0.000499,0.000712
44.112949,-0.533828,0.096732,0.552864,0.715108,0.774750,0.244746,0.399448,-0.028689,-0.073924,0.055408,0.626202,0.416226,0.308133,0.212564,1.305872,-1.572061,-1.348608,-2.282501,0.539153,1.581660,2.474997,-0.022148,0.000054,0.001086,0.000061,-0.000214,-0.000703,-0.000450
44.113978,-0.536515,0.100625,0.555575,0.715197,0.775767,0.246520,0.398466,-0.028030,-0.071925,0.055505,0.624531,0.415991,0.308388,0.212532,1.305850,-1.572061,-1.348604,-2.282501,0.539155,1.581659,2.474995,-0.021889,0.000018,0.002051,-0.000341,-0.000154,-0.000401,-0.001042
44.115101,-0.537954,0.103289,0.557220,0.713907,0.775673,0.246952,0.397663,-0.027958,-0.070692,0.054987,0.623922,0.415807,0.308755,0.212469,1.305832,-1.572061,-1.348606,-2.282501,0.539151,1.581658,2.474996,-0.020815,-0.000577,0.001280,-0.000187,-0.001175,-0.000730,-0.000258
44.116083,-0.533092,0.108120,0.558468,0.715946,0.774672,0.249176,0.397503,-0.029791,-0.069800,0.054771,0.624281,0.415676,0.309121,0.212396,1.305812,-1.572061,-1.348604,-2.282497,0.539149,1.581662,2.474997,-0.020406,-0.000422,0.001081,0.001281,-0.001076,0.000408,0.000041
44.116964,-0.537982,0.107312,0.558009,0.715470,0.774702,0.249656,0.396655,-0.031642,-0.068370,0.055448,0.624241,0.415536,0.309380,0.212328,1.305785,-1.572064,-1.348603,-2.282501,0.539153,1.581658,2.474994,-0.023012,-0.001519,0.001009,-0.000472,-0.000129,-0.000429,-0.000772
44.118045,-0.534641,0.113286,0.561454,0.715529,0.774464,0.251198,0.395772,-0.032087,-0.066468,0.056186,0.623689,0.415377,0.309648,0.212275,1.305768,-1.572059,-1.348601,-2.282499,0.539151,1.581659,2.474996,-0.020747,0.000013,0.001720,0.000187,-0.000177,0.000341,-0.000086
44.118991,-0.538751,0.113909,0.561087,0.715448,0.775144,0.251989,0.394484,-0.031966,-0.064632,0.056572,0.623073,0.415221,0.309961,0.212248,1.305741,-1.572061,-1.348604,-2.282497,0.539150,1.581658,2.474996,-0.022657,-0.001557,0.000632,0.000325,0.000041,0.000318,0.000424
44.119936,-0.542538,0.115819,0.562003,0.714586,0.775071,0.254043,0.394714,-0.031383,-0.062608,0.057162,0.621987,0.415057,0.310236,0.212249,1.305725,-1.572060,-1.348601,-2.282498,0.539151,1.581657,2.475001,-0.020827,-0.000604,0.001329,0.000655,-0.000681,0.000861,0.001899
44.121113,-0.540211,0.122378,0.562674,0.716876,0.774427,0.255679,0.394556,-0.032522,-0.061151,0.057625,0.621208,0.414923,0.310483,0.212244,1.305709,-1.572060,-1.348598,-2.282495,0.539153,1.581657,2.474997,-0.019201,-0.000321,0.001369,0.001658,-0.000641,0.000124,0.000332
44.121957,-0.541445,0.123138,0.564314,0.716934,0.773202,0.257563,0.392891,-0.036951,-0.060646,0.057469,0.621724,0.414857,0.310808,0.212197,1.305686,-1.572065,-1.348595,-2.282499,0.539153,1.581660,2.474994,-0.020693,-0.002004,0.001673,-0.000299,-0.000024,0.000135,-0.000695
44.122927,-0.540298,0.123573,0.564332,0.717263,0.773874,0.259960,0.393212,-0.042936,-0.060179,0.056887,0.623559,0.414860,0.311319,0.212122,1.305667,-1.572064,-1.348595,-2.282498,0.539153,1.581659,2.474999,-0.020234,-0.001259,0.001319,-0.000154,0.001183,-0.000563,0.001673
44.124019,-0.542816,0.126859,0.566103,0.715860,0.774154,0.259416,0.391823,-0.049153,-0.059989,0.055564,0.626442,0.414924,0.312026,0.212041,1.305644,-1.572061,-1.348592,-2.282499,0.539153,1.581657,2.474995,-0.021013,-0.000238,0.001834,-0.000255,0.000466,-0.001592,-0.000116
44.125011,-0.544217,0.129270,0.567084,0.715604,0.773302,0.261411,0.392039,-0.059821,-0.061742,0.050340,0.631207,0.414990,0.313406,0.211880,1.305609,-1.572062,-1.348592,-2.282495,0.539155,1.581660,2.474994,-0.019623,-0.000337,0.001644,0.001794,0.000973,-0.000123,-0.000174
44.125985,-0.543997,0.131268,0.565252,0.716302,0.774243,0.263475,0.391771,-0.059821,-0.061742,0.050340,0.631207,0.414990,0.313406,0.211880,1.305609,-1.572062,-1.348592,-2.282495,0.539155,1.581660,2.474994,-0.019623,-0.000337,0.001644,0.001794,0.000973,-0.000123,-0.000174
44.127057,-0.546283,0.134509,0.570099,0.716976,0.773975,0.266443,0.389768,-0.064442,-0.063310,0.046779,0.632011,0.414888,0.313888,0.211810,1.305588,-1.572062,-1.348587,-2.282494,0.539151,1.581663,2.474992,-0.019964,-0.000050,0.003058,0.001299,0.000029,-0.000835,-0.000745
44.128064,-0.544778,0.138524,0.571505,0.717762,0.773551,0.267154,0.390205,-0.069283,-0.065488,0.042277,0.633026,0.414765,0.314423,0.211777,1.305569,-1.572062,-1.348592,-2.282494,0.539153,1.581659,2.474998,-0.019098,-0.000263,0.001271,0.000870,0.000266,-0.002285,0.002030
44.128971,-0.543749,0.138030,0.570387,0.717575,0.774036,0.268743,0.388733,-0.074713,-0.067453,0.038560,0.634966,0.414724,0.315027,0.211800,1.305548,-1.572065,-1.348592,-2.282495,0.539153,1.581662,2.474993,-0.020103,-0.000901,0.001158,0.000324,0.000658,-0.001572,-0.000038
44.129977,-0.549723,0.144086,0.572618,0.719264,0.773982,0.269437,0.388730,-0.079102,-0.068821,0.035826,0.637115,0.414733,0.315667,0.211871,1.305525,-1.572063,-1.348588,-2.282493,0.539154,1.581663,2.474999,-0.020782,0.000538,0.002195,0.000678,0.000136,-0.001901,0.001876
44.131008,-0.548703,0.145152,0.574490,0.720159,0.773680,0.271275,0.387278,-0.083125,-0.070228,0.033032,0.639897,0.414793,0.316403,0.211969,1.305511,-1.572067,-1.348587,-2.282493,0.539154,1.581663,2.474996,-0.018083,-0.001150,0.001633,-0.000789,0.000169,-0.001172,0.000697
44.131945,-0.547900,0.144329,0.578981,0.721362,0.773721,0.270962,0.387302,-0.090108,-0.071813,0.030803,0.645186,0.415036,0.317296,0.212061,1.305490,-1.572065,-1.348588,-2.282494,0.539154,1.581661,2.475001,-0.018871,-0.000319,0.001288,-0.001409,0.000445,-0.001563,0.002419
44.133074,-0.550249,0.150028,0.579497,0.719306,0.775127,0.271717,0.387656,-0.099853,-0.073626,0.030072,0.653070,0.415536,0.318286,0.212111,1.305469,-1.572060,-1.348589,-2.282496,0.539155,1.581662,2.475000,-0.019468,0.001270,-0.000416,-0.002354,0.000368,0.000082,0.001263
44.134038,-0.549446,0.154086,0.580362,0.719885,0.773612,0.274021,0.386536,-0.109971,-0.075454,0.031386,0.661594,0.416202,0.319157,0.212086,1.305453,-1.572061,-1.348589,-2.282490,0.539151,1.581662,2.474995,-0.018637,-0.000104,-0.000022,-0.000155,-0.001044,0.000907,-0.000739
44.134953,-0.549287,0.152421,0.583047,0.719738,0.774082,0.275669,0.386213,-0.124226,-0.075623,0.038626,0.672780,0.417286,0.320139,0.211856,1.305413,-1.572059,-1.348588,-2.282489,0.539155,1.581662,2.474996,-0.019551,0.001187,-0.000748,-0.000200,-0.000078,-0.000414,-0.000015
44.136008,-0.548371,0.159851,0.582533,0.719985,0.775512,0.276440,0.385211,-0.124226,-0.075623,0.038626,0.672780,0.417286,0.320139,0.211856,1.305413,-1.572059,-1.348588,-2.282489,0.539155,1.581662,2.474996,-0.019551,0.001187,-0.000748,-0.000200,-0.000078,-0.000414,-0.000015
44.136964,-0.549448,0.158128,0.584504,0.718632,0.774373,0.276754,0.385271,-0.126573,-0.074260,0.042960,0.674772,0.417609,0.320376,0.211717,1.305391,-1.572066,-1.348586,-2.282489,0.539150,1.581662,2.474998,-0.020267,-0.001097,0.000096,-0.000210,-0.001499,0.000309,0.000777
44.138098,-0.550535,0.161692,0.583057,0.720314,0.773697,0.278641,0.384887,-0.125136,-0.072059,0.047032,0.674003,0.417729,0.320449,0.211579,1.305372,-1.572062,-1.348587,-2.282485,0.539153,1.581663,2.474995,-0.019948,0.001024,-0.000344,0.001284,-0.000389,0.001336,-0.000457
44.139047,-0.550419,0.165939,0.584836,0.719784,0.774217,0.281297,0.383432,-0.121226,-0.069964,0.049836,0.671078,0.417647,0.320400,0.211448,1.305354,-1.572063,-1.348583,-2.282487,0.539154,1.581662,2.474993,-0.019735,0.000722,0.000993,-0.000128,0.000237,0.001034,-0.000985
44.140107,-0.551352,0.167576,0.585909,0.719367,0.773956,0.282335,0.383022,-0.116570,-0.068561,0.050652,0.667509,0.417436,0.320417,0.211351,1.305334,-1.572065,-1.348583,-2.282484,0.539154,1.581660,2.474999,-0.020024,-0.000130,0.000624,0.000579,-0.000314,-0.000283,0.000828
44.140999,-0.552971,0.170410,0.585528,0.719993,0.773912,0.284945,0.382579,-0.111227,-0.067168,0.050099,0.663391,0.417111,0.320531,0.211306,1.305315,-1.572063,-1.348583,-2.282482,0.539154,1.581661,2.474999,-0.019835,0.000439,0.000695,0.001184,-0.000075,0.000179,0.000400
44.142003,-0.550043,0.170683,0.591533,0.720800,0.774595,0.285812,0.381794,-0.105811,-0.065811,0.048538,0.658851,0.416695,0.320708,0.211284,1.305295,-1.572064,-1.348579,-2.282481,0.539154,1.581658,2.474998,-0.019217,0.000202,0.001350,0.000732,-0.000057,-0.001176,0.000260
44.143026,-0.556084,0.176719,0.590022,0.721599,0.774167,0.288048,0.382275,-0.097418,-0.063583,0.045809,0.651850,0.416074,0.321336,0.211168,1.305259,-1.572064,-1.348583,-2.282484,0.539153,1.581657,2.474995,-0.018182,-0.000293,0.000319,-0.000333,-0.000360,-0.001417,-0.001483
44.143982,-0.552600,0.178386,0.593695,0.721272,0.773081,0.288384,0.380885,-0.097418,-0.063583,0.045809,0.651850,0.416074,0.321336,0.211168,1.305259,-1.572064,-1.348583,-2.282484,0.539153,1.581657,2.474995,-0.018182,-0.000293,0.000319,-0.000333,-0.000360,-0.001417,-0.001483
44.145027,-0.555682,0.183715,0.593956,0.721742,0.774088,0.290300,0.381110,-0.096167,-0.062048,0.046364,0.650605,0.415994,0.321779,0.211048,1.305235,-1.572061,-1.348586,-2.282484,0.539156,1.581660,2.474998,-0.020139,0.000114,-0.000971,0.000220,0.000677,-0.000408,0.000218
44.146043,-0.554185,0.182287,0.595044,0.720559,0.774544,0.291827,0.379814,-0.095813,-0.059520,0.048347,0.649883,0.415945,0.322219,0.210900,1.305220,-1.572064,-1.348586,-2.282485,0.539154,1.581661,2.474995,-0.018892,-0.001150,-0.000492,0.000007,-0.000351,-0.000877,-0.001461
44.146968,-0.555169,0.186208,0.595277,0.721002,0.774782,0.292371,0.379493,-0.093244,-0.053295,0.053630,0.646763,0.415640,0.322922,0.210530,1.305179,-1.572062,-1.348581,-2.282482,0.539154,1.581661,2.474997,-0.019608,0.000145,-0.000101,0.001109,-0.001091,-0.000210,-0.000467
44.148101,-0.557387,0.189502,0.599295,0.721797,0.775257,0.293935,0.378567,-0.093244,-0.053295,0.053630,0.646763,0.415640,0.322922,0.210530,1.305179,-1.572062,-1.348581,-2.282482,0.539154,1.581661,2.474997,-0.019608,0.000145,-0.000101,0.001109,-0.001091,-0.000210,-0.000467
44.149029,-0.556503,0.191403,0.597036,0.721654,0.773423,0.295349,0.377901,-0.090974,-0.050637,0.055945,0.644397,0.415409,0.323188,0.210323,1.305162,-1.572062,-1.348585,-2.282481,0.539152,1.581661,2.474998,-0.018843,-0.000003,-0.001439,0.000558,-0.001583,-0.000184,0.000081
44.150041,-0.555949,0.193954,0.598840,0.722710,0.775384,0.297129,0.378299,-0.089478,-0.048172,0.058463,0.642680,0.415228,0.323474,0.210104,1.305142,-1.572062,-1.348581,-2.282477,0.539156,1.581661,2.474999,-0.019500,0.000274,0.000200,0.000824,0.000211,-0.000295,0.000334
44.151040,-0.559503,0.196295,0.598083,0.723417,0.773211,0.299161,0.376661,-0.087798,-0.046236,0.059962,0.641479,0.415054,0.323884,0.209880,1.305121,-1.572062,-1.348581,-2.282478,0.539152,1.581661,2.474994,-0.020016,0.000331,-0.000146,0.000015,-0.001770,-0.000654,-0.001636
44.152110,-0.557758,0.195480,0.601944,0.720892,0.774967,0.300541,0.375728,-0.086342,-0.045253,0.059685,0.641429,0.414915,0.324540,0.209661,1.305105,-1.572062,-1.348577,-2.282480,0.539158,1.581657,2.474998,-0.018513,0.000479,0.000766,-0.000416,0.000356,-0.001261,0.000510
44.152966,-0.556815,0.200414,0.601192,0.723917,0.774350,0.301496,0.375464,-0.085737,-0.045512,0.057968,0.642276,0.414813,0.325345,0.209460,1.305085,-1.572056,-1.348580,-2.282472,0.539151,1.581660,2.475000,-0.019683,0.002244,-0.000540,0.002198,-0.001399,-0.001147,0.001116
44.154044,-0.561232,0.201113,0.605296,0.722459,0.773920,0.302548,0.375024,-0.084053,-0.046577,0.055532,0.642446,0.414690,0.326124,0.209272,1.305064,-1.572059,-1.348580,-2.282479,0.539152,1.581660,2.475001,-0.020318,0.000910,0.000341,-0.000523,-0.000796,-0.000901,0.000639
44.155081,-0.560235,0.207228,0.604014,0.722413,0.773899,0.303706,0.375330,-0.081664,-0.047899,0.053260,0.642465,0.414603,0.326884,0.209059,1.305051,-1.572057,-1.348583,-2.282475,0.539154,1.581660,2.475000,-0.018444,0.001979,-0.001092,0.001128,-0.000410,-0.000432,0.000277
44.155927,-0.559929,0.207213,0.604761,0.722923,0.774140,0.304286,0.373430,-0.080038,-0.049010,0.051854,0.642613,0.414551,0.327563,0.208793,1.305030,-1.572061,-1.348578,-2.282473,0.539154,1.581660,2.474993,-0.019220,0.000305,0.000112,0.001352,-0.000422,-0.000136,-0.001521
44.157048,-0.562242,0.216290,0.607883,0.723872,0.774089,0.306403,0.374459,-0.077957,-0.049498,0.050782,0.641927,0.414425,0.328136,0.208481,1.305011,-1.572057,-1.348578,-2.282473,0.539153,1.581661,2.475002,-0.019548,0.001411,0.000207,0.001023,-0.000681,0.000473,0.001311
44.158045,-0.564921,0.217515,0.607039,0.724782,0.773270,0.308348,0.373523,-0.072585,-0.047740,0.049223,0.639880,0.414056,0.329306,0.207758,1.304976,-1.572059,-1.348576,-2.282472,0.539156,1.581659,2.474998,-0.018327,0.000512,0.001003,0.000327,0.001052,0.000261,-0.001197
44.158982,-0.567391,0.220988,0.610114,0.723562,0.774014,0.309896,0.372851,-0.072585,-0.047740,0.049223,0.639880,0.414056,0.329306,0.207758,1.304976,-1.572059,-1.348576,-2.282472,0.539156,1.581659,2.474998,-0.018327,0.000512,0.001003,0.000327,0.001052,0.000261,-0.001197
44.160021,-0.566015,0.227186,0.608955,0.726410,0.775863,0.312276,0.372719,-0.072092,-0.046610,0.047956,0.639982,0.413888,0.330004,0.207354,1.304958,-1.572059,-1.348576,-2.282466,0.539156,1.581660,2.474998,-0.017696,0.000762,0.000369,0.002012,0.000764,0.000493,-0.000875
44.161021,-0.566964,0.232702,0.613968,0.725517,0.774559,0.313583,0.370565,-0.072736,-0.046165,0.045440,0.640469,0.413689,0.330778,0.206946,1.304937,-1.572059,-1.348572,-2.282471,0.539153,1.581659,2.474994,-0.019048,-0.000128,0.001947,-0.000105,-0.000538,0.000086,-0.001734
44.161989,-0.570843,0.235066,0.617862,0.727163,0.776056,0.316298,0.371032,-0.072418,-0.045446,0.042125,0.640686,0.413421,0.331652,0.206569,1.304917,-1.572061,-1.348575,-2.282467,0.539158,1.581661,2.475001,-0.019197,-0.000739,0.000442,0.001350,0.001255,0.000674,0.001504
44.163085,-0.570911,0.241556,0.617662,0.727530,0.776114,0.319255,0.369836,-0.071274,-0.043759,0.039834,0.640494,0.413141,0.332496,0.206237,1.304901,-1.572059,-1.348576,-2.282468,0.539154,1.581659,2.474997,-0.017894,0.000134,-0.000539,0.000326,0.000255,-0.000203,-0.000516
44.164068,-0.571964,0.247231,0.621560,0.727961,0.776549,0.321205,0.369446,-0.071261,-0.038548,0.039594,0.641268,0.412816,0.334109,0.205649,1.304862,-1.572064,-1.348573,-2.282466,0.539154,1.581658,2.474996,-0.018679,-0.001479,-0.000360,0.000788,0.000824,-0.001144,0.000422
44.165077,-0.574034,0.248149,0.624762,0.728766,0.777601,0.322703,0.368921,-0.071261,-0.038548,0.039594,0.641268,0.412816,0.334109,0.205649,1.304862,-1.572064,-1.348573,-2.282466,0.539154,1.581658,2.474996,-0.018679,-0.001479,-0.000360,0.000788,0.000824,-0.001144,0.000422
44.166069,-0.576361,0.250873,0.625422,0.729546,0.778478,0.324475,0.367739,-0.071835,-0.031607,0.043224,0.642181,0.412721,0.335600,0.205158,1.304829,-1.572060,-1.348573,-2.282465,0.539154,1.581658,2.474999,-0.017817,0.000930,-0.000298,0.000428,-0.000099,-0.000612,0.001670
44.167013,-0.576950,0.255570,0.624985,0.728264,0.779502,0.326085,0.367451,-0.071835,-0.031607,0.043224,0.642181,0.412721,0.335600,0.205158,1.304829,-1.572060,-1.348573,-2.282465,0.539154,1.581658,2.474999,-0.017817,0.000930,-0.000298,0.000428,-0.000099,-0.000612,0.001670
44.167970,-0.577899,0.260600,0.628155,0.729553,0.779899,0.327347,0.367257,-0.073803,-0.030005,0.044350,0.643371,0.412798,0.336319,0.204963,1.304812,-1.572060,-1.348569,-2.282457,0.539153,1.581660,2.475000,-0.018152,0.000590,0.000813,0.002133,-0.000640,-0.000437,0.001202
44.169052,-0.583328,0.268686,0.629834,0.731287,0.779569,0.329722,0.367376,-0.075067,-0.029248,0.043852,0.643542,0.412787,0.336995,0.204783,1.304794,-1.572062,-1.348570,-2.282457,0.539153,1.581660,2.474998,-0.018292,0.000137,0.000169,0.001401,-0.000548,0.000122,0.000561
44.170018,-0.585473,0.269816,0.632330,0.732831,0.781206,0.330860,0.366782,-0.076604,-0.028251,0.042900,0.643452,0.412742,0.337666,0.204596,1.304781,-1.572064,-1.348570,-2.282456,0.539155,1.581659,2.474996,-0.016345,-0.001596,0.000406,0.000332,0.000313,-0.000201,-0.000849
44.171055,-0.583069,0.274814,0.633240,0.731550,0.781019,0.333411,0.365293,-0.081900,-0.027079,0.042354,0.645662,0.412850,0.338476,0.204406,1.304766,-1.572060,-1.348572,-2.282459,0.539153,1.581663,2.474996,-0.015936,-0.000120,0.000129,-0.000540,-0.000833,0.000483,-0.000692
44.172026,-0.584460,0.278844,0.633825,0.732646,0.782243,0.335014,0.364871,-0.089892,-0.026235,0.041778,0.649653,0.413079,0.339398,0.204239,1.304742,-1.572061,-1.348570,-2.282455,0.539154,1.581660,2.474999,-0.017780,-0.000409,0.000683,0.001327,-0.000112,-0.000093,0.001164
44.173046,-0.587711,0.281107,0.638562,0.733313,0.782902,0.337244,0.364081,-0.095829,-0.025393,0.040268,0.652425,0.413208,0.340295,0.204111,1.304725,-1.572061,-1.348567,-2.282455,0.539154,1.581661,2.474998,-0.017708,-0.000353,0.001322,0.000810,-0.000861,0.000153,0.000939
44.174004,-0.589798,0.285459,0.638146,0.734431,0.783716,0.339012,0.364162,-0.099402,-0.024627,0.037933,0.653808,0.413239,0.341145,0.204004,1.304709,-1.572059,-1.348571,-2.282454,0.539153,1.581660,2.474999,-0.016764,0.000676,-0.000015,0.000770,-0.000991,-0.000140,0.001420
44.175118,-0.589172,0.290729,0.645278,0.734507,0.784192,0.341863,0.362812,-0.108207,-0.024935,0.033703,0.657987,0.413533,0.342785,0.203777,1.304675,-1.572059,-1.348572,-2.282452,0.539152,1.581658,2.474999,-0.017442,0.000265,-0.001314,0.000818,-0.001227,-0.000816,0.001718
44.176018,-0.588543,0.294526,0.643015,0.734451,0.783370,0.343921,0.362553,-0.110536,-0.024356,0.033255,0.659018,0.413723,0.343445,0.203676,1.304655,-1.572059,-1.348566,-2.282449,0.539155,1.581658,2.474997,-0.018298,0.000288,0.000680,0.001377,0.000040,-0.001161,0.001251
44.176975,-0.592634,0.300048,0.646136,0.736080,0.785221,0.346508,0.363048,-0.109905,-0.022840,0.033156,0.658468,0.413828,0.344052,0.203576,1.304640,-1.572059,-1.348568,-2.282449,0.539152,1.581658,2.474992,-0.016888,-0.000447,0.000056,0.000318,-0.001332,-0.001933,-0.000772
44.178069,-0.594864,0.304462,0.646107,0.736096,0.785146,0.348204,0.361236,-0.109905,-0.022840,0.033156,0.658468,0.413828,0.344052,0.203576,1.304640,-1.572059,-1.348568,-2.282449,0.539152,1.581658,2.474992,-0.016888,-0.000447,0.000056,0.000318,-0.001332,-0.001933,-0.000772
44.178995,-0.596422,0.306552,0.649370,0.736270,0.784872,0.349548,0.361451,-0.109141,-0.021056,0.032641,0.658100,0.413915,0.344771,0.203461,1.304626,-1.572060,-1.348564,-2.282446,0.539152,1.581658,2.474999,-0.016562,-0.000302,0.001120,0.000932,-0.000685,-0.001539,0.001683
44.179947,-0.599620,0.312049,0.651446,0.737027,0.784969,0.351688,0.361069,-0.109511,-0.019553,0.031581,0.658268,0.414003,0.345563,0.203328,1.304610,-1.572058,-1.348563,-2.282445,0.539155,1.581658,2.474997,-0.016398,0.000609,0.000381,0.001311,0.000025,-0.001124,0.000217
44.181094,-0.599544,0.315643,0.655952,0.736912,0.783717,0.352206,0.360708,-0.111120,-0.018470,0.030370,0.658644,0.414092,0.346323,0.203174,1.304595,-1.572060,-1.348565,-2.282444,0.539153,1.581657,2.474995,-0.015446,-0.000108,0.000308,0.001130,0.000434,-0.001453,-0.000032
44.182085,-0.600568,0.317692,0.655849,0.739615,0.783468,0.354226,0.359461,-0.113744,-0.017264,0.030118,0.658922,0.414196,0.346957,0.203001,1.304577,-1.572058,-1.348568,-2.282439,0.539157,1.581660,2.474995,-0.016278,0.000532,-0.000781,0.001857,0.002239,0.000210,-0.000553
44.183065,-0.603634,0.327026,0.658205,0.736946,0.784969,0.355902,0.359095,-0.116353,-0.016082,0.030727,0.658945,0.414315,0.347467,0.202825,1.304560,-1.572054,-1.348566,-2.282444,0.539157,1.581663,2.474998,-0.016420,0.001579,0.000254,-0.000141,0.002977,0.000037,0.000871
44.184014,-0.600201,0.329341,0.660434,0.738956,0.786335,0.358541,0.359190,-0.118441,-0.014985,0.031437,0.658671,0.414413,0.347907,0.202663,1.304547,-1.572060,-1.348567,-2.282434,0.539154,1.581663,2.474999,-0.015571,-0.000973,0.000036,0.002951,0.001982,0.000223,0.000523
44.185063,-0.600917,0.332774,0.659858,0.740218,0.786423,0.359475,0.357868,-0.118246,-0.012682,0.032584,0.656659,0.414382,0.348208,0.202522,1.304524,-1.572056,-1.348566,-2.282435,0.539154,1.581660,2.474996,-0.017859,-0.000120,-0.000150,0.001513,0.001098,-0.000600,-0.000693
44.186107,-0.606801,0.336880,0.659845,0.739773,0.787423,0.362575,0.357523,-0.114008,-0.009318,0.033552,0.652703,0.414231,0.348465,0.202406,1.304507,-1.572055,-1.348561,-2.282434,0.539155,1.581663,2.474997,-0.018192,0.000385,0.001136,0.000906,0.001541,0.000458,0.000835
44.187051,-0.608099,0.342162,0.666583,0.741678,0.788579,0.363254,0.357360,-0.103783,-0.005166,0.029976,0.645963,0.413874,0.349472,0.202209,1.304480,-1.572056,-1.348565,-2.282432,0.539156,1.581663,2.474996,-0.016002,-0.000068,-0.000253,0.000640,0.000368,0.000458,-0.000321
44.187960,-0.610371,0.344079,0.668528,0.740564,0.788464,0.364182,0.356383,-0.103094,-0.003900,0.029025,0.645007,0.413879,0.350017,0.202085,1.304466,-1.572051,-1.348563,-2.282426,0.539155,1.581665,2.474999,-0.015480,0.000859,-0.000321,0.002201,0.000962,0.001241,0.000653
44.189016,-0.608168,0.347430,0.668626,0.740999,0.790296,0.367159,0.355806,-0.103094,-0.003900,0.029025,0.645007,0.413879,0.350017,0.202085,1.304466,-1.572051,-1.348563,-2.282426,0.539155,1.581665,2.474999,-0.015480,0.000859,-0.000321,0.002201,0.000962,0.001241,0.000653
44.190062,-0.611419,0.354458,0.671695,0.743274,0.790881,0.368869,0.355063,-0.103438,-0.002714,0.029560,0.644053,0.413950,0.350383,0.201954,1.304444,-1.572048,-1.348561,-2.282423,0.539153,1.581662,2.474998,-0.017265,0.001397,0.000657,0.002340,-0.000333,0.000269,0.000657
44.191052,-0.613876,0.359092,0.670416,0.742996,0.790311,0.369822,0.355139,-0.102449,-0.000738,0.030264,0.641674,0.414093,0.351100,0.201702,1.304417,-1.572051,-1.348558,-2.282423,0.539158,1.581663,2.474996,-0.015828,-0.000063,0.001747,0.001619,0.000651,0.001488,-0.000219
44.191981,-0.613308,0.363643,0.673801,0.742214,0.792417,0.370898,0.354712,-0.102449,-0.000738,0.030264,0.641674,0.414093,0.351100,0.201702,1.304417,-1.572051,-1.348558,-2.282423,0.539158,1.581663,2.474996,-0.015828,-0.000063,0.001747,0.001619,0.000651,0.001488,-0.000219
44.193057,-0.618233,0.369605,0.677141,0.742803,0.791330,0.373528,0.353705,-0.102106,0.000607,0.029807,0.640764,0.414099,0.351552,0.201590,1.304398,-1.572051,-1.348560,-2.282419,0.539154,1.581662,2.474996,-0.016704,-0.000366,0.000968,0.002887,-0.000976,0.002180,-0.000366
44.194073,-0.619034,0.370345,0.676381,0.744500,0.791666,0.375416,0.354023,-0.100813,0.002972,0.029742,0.638476,0.413952,0.351864,0.201510,1.304387,-1.572052,-1.348561,-2.282414,0.539154,1.581662,2.474996,-0.015025,-0.001043,0.000384,0.002853,0.000685,0.001581,0.000492
44.195044,-0.620435,0.376291,0.680742,0.745315,0.793048,0.378073,0.352528,-0.100473,0.005736,0.030267,0.636154,0.413761,0.352119,0.201459,1.304371,-1.572046,-1.348558,-2.282415,0.539155,1.581664,2.474993,-0.015337,0.000702,0.001745,0.001788,0.000835,0.001621,-0.001259
44.196029,-0.621995,0.376940,0.681216,0.746270,0.793798,0.378884,0.352000,-0.102330,0.007639,0.030342,0.635480,0.413643,0.352527,0.201429,1.304356,-1.572047,-1.348559,-2.282414,0.539156,1.581663,2.474998,-0.015293,-0.000217,0.000521,0.001579,-0.000077,0.000805,0.000698
44.197026,-0.621939,0.382236,0.683025,0.746473,0.793416,0.381347,0.352381,-0.105980,0.008475,0.030102,0.636694,0.413652,0.353105,0.201427,1.304342,-1.572041,-1.348558,-2.282413,0.539155,1.581664,2.474998,-0.015196,0.001511,0.001255,0.001218,-0.000309,0.001877,0.000665
44.198075,-0.625101,0.385877,0.685370,0.745841,0.792949,0.383367,0.351532,-0.110427,0.008139,0.029292,0.639150,0.413750,0.353793,0.201434,1.304324,-1.572044,-1.348556,-2.282411,0.539157,1.581664,2.474996,-0.015889,0.001003,0.001305,0.001580,0.000571,0.001295,-0.001189
44.199087,-0.626174,0.389114,0.689395,0.745776,0.795415,0.386228,0.352283,-0.114224,0.007075,0.027732,0.641431,0.413812,0.354477,0.201422,1.304310,-1.572043,-1.348555,-2.282405,0.539160,1.581665,2.474997,-0.015039,0.001407,0.001160,0.002744,0.001529,0.001267,-0.000609
44.200011,-0.627300,0.394330,0.691432,0.745988,0.795595,0.388325,0.350185,-0.117004,0.005972,0.026409,0.642494,0.413779,0.354996,0.201379,1.304294,-1.572040,-1.348556,-2.282402,0.539155,1.581661,2.474991,-0.015201,0.001917,0.000158,0.003357,-0.000403,0.000343,-0.003210
44.201010,-0.628661,0.401653,0.690332,0.748527,0.796720,0.390609,0.350393,-0.118673,0.005339,0.026363,0.642063,0.413674,0.355275,0.201311,1.304281,-1.572040,-1.348556,-2.282399,0.539157,1.581663,2.475000,-0.015274,0.001258,0.000056,0.003661,-0.000110,-0.000006,0.000003
44.202127,-0.628747,0.405064,0.693515,0.747531,0.797515,0.393417,0.349767,-0.119331,0.005700,0.027278,0.640931,0.413528,0.355483,0.201229,1.304265,-1.572043,-1.348552,-2.282402,0.539154,1.581663,2.474998,-0.015279,-0.000247,0.001560,0.001798,-0.000707,-0.000389,-0.001535
44.203085,-0.631161,0.406345,0.694630,0.748306,0.797418,0.394607,0.348721,-0.117182,0.008914,0.027877,0.638429,0.413146,0.356253,0.201004,1.304234,-1.572036,-1.348553,-2.282395,0.539158,1.581662,2.474999,-0.015447,0.001768,0.001469,0.003168,-0.000390,-0.000433,-0.000420
44.204100,-0.635054,0.408246,0.696157,0.749288,0.797734,0.395820,0.349043,-0.117182,0.008914,0.027877,0.638429,0.413146,0.356253,0.201004,1.304234,-1.572036,-1.348553,-2.282395,0.539158,1.581662,2.474999,-0.015447,0.001768,0.001469,0.003168,-0.000390,-0.000433,-0.000420
44.204939,-0.635113,0.411525,0.699858,0.749760,0.797614,0.399039,0.348297,-0.116060,0.009426,0.026549,0.637430,0.412965,0.356736,0.200857,1.304221,-1.572033,-1.348551,-2.282393,0.539157,1.581663,2.474994,-0.014226,0.002947,0.001686,0.002760,-0.000192,0.000280,-0.002171
44.206022,-0.635840,0.419089,0.695470,0.750891,0.799055,0.400126,0.347769,-0.117811,0.007884,0.024223,0.638226,0.412914,0.357313,0.200691,1.304208,-1.572031,-1.348553,-2.282390,0.539156,1.581657,2.474996,-0.014782,0.003058,0.000671,0.002747,0.000368,-0.001336,-0.001571
44.207042,-0.639139,0.422443,0.703124,0.751670,0.800418,0.402604,0.347278,-0.121092,0.005183,0.020848,0.640304,0.412932,0.358045,0.200517,1.304190,-1.572032,-1.348545,-2.282389,0.539157,1.581662,2.474996,-0.015138,0.001581,0.003881,0.002266,-0.000548,-0.000366,-0.001698
44.207991,-0.640217,0.429617,0.704358,0.752578,0.799105,0.403409,0.346687,-0.124761,0.002350,0.016340,0.643184,0.412957,0.358978,0.200328,1.304176,-1.572029,-1.348550,-2.282389,0.539157,1.581662,2.474997,-0.014201,0.002068,0.001068,0.002122,-0.001395,-0.000920,-0.001826
44.209065,-0.644451,0.433883,0.708466,0.751912,0.801069,0.405206,0.346840,-0.129461,0.000456,0.012966,0.646931,0.413067,0.359966,0.200109,1.304164,-1.572032,-1.348548,-2.282386,0.539158,1.581665,2.474997,-0.014346,0.000518,0.001398,0.001750,0.000405,0.000077,-0.001667
44.210089,-0.641500,0.436715,0.710715,0.753218,0.800872,0.407654,0.344770,-0.141011,0.002202,0.014747,0.654113,0.413483,0.361397,0.199600,1.304133,-1.572028,-1.348550,-2.282381,0.539155,1.581662,2.475002,-0.015187,0.001401,0.000307,0.002303,-0.000283,-0.000183,-0.000100
44.211053,-0.646345,0.439135,0.711813,0.752935,0.800842,0.408474,0.345078,-0.145271,0.004698,0.018405,0.656036,0.413693,0.361762,0.199339,1.304122,-1.572023,-1.348549,-2.282379,0.539159,1.581665,2.474995,-0.013431,0.002187,0.000712,0.003143,0.000195,0.000824,-0.001779
44.212107,-0.647382,0.444030,0.714032,0.754041,0.801491,0.410109,0.343970,-0.145271,0.004698,0.018405,0.656036,0.413693,0.361762,0.199339,1.304122,-1.572023,-1.348549,-2.282379,0.539159,1.581665,2.474995,-0.013431,0.002187,0.000712,0.003143,0.000195,0.000824,-0.001779
44.212965,-0.647553,0.448090,0.715698,0.754839,0.803321,0.411861,0.343353,-0.148996,0.006849,0.022161,0.657266,0.413876,0.361989,0.199059,1.304108,-1.572022,-1.348548,-2.282376,0.539159,1.581667,2.474998,-0.013670,0.001964,0.000621,0.002624,0.000072,0.001179,-0.000693
44.214090,-0.650518,0.452851,0.719616,0.756576,0.803290,0.413393,0.343287,-0.155929,0.010394,0.029641,0.659796,0.414254,0.362387,0.198438,1.304080,-1.572016,-1.348548,-2.282376,0.539157,1.581664,2.474996,-0.013483,0.001714,-0.000215,0.001323,-0.000705,0.001683,-0.001486
44.215028,-0.651822,0.458906,0.719273,0.756907,0.803668,0.416411,0.341543,-0.155929,0.010394,0.029641,0.659796,0.414254,0.362387,0.198438,1.304080,-1.572016,-1.348548,-2.282376,0.539157,1.581664,2.474996,-0.013483,0.001714,-0.000215,0.001323,-0.000705,0.001683,-0.001486
44.216005,-0.650502,0.463650,0.721071,0.757769,0.805025,0.418517,0.341658,-0.159707,0.012398,0.033989,0.662255,0.414546,0.362727,0.198114,1.304068,-1.572017,-1.348545,-2.282374,0.539160,1.581662,2.475000,-0.013507,0.000680,0.000875,0.001531,-0.000637,0.000440,0.001002
44.216940,-0.652892,0.465029,0.720468,0.758276,0.805705,0.420413,0.341034,-0.162743,0.015035,0.038017,0.665057,0.414822,0.363243,0.197814,1.304052,-1.572017,-1.348545,-2.282373,0.539158,1.581663,2.474998,-0.014838,0.000397,0.000931,0.001256,-0.001490,0.000191,-0.000316
44.218075,-0.654731,0.470152,0.723920,0.758240,0.803890,0.422796,0.340587,-0.163561,0.018000,0.040492,0.667380,0.414995,0.363953,0.197547,1.304036,-1.572012,-1.348542,-2.282372,0.539156,1.581662,2.474998,-0.014252,0.001661,0.002125,0.001327,-0.001677,0.000078,-0.000065
44.219078,-0.655687,0.474550,0.726472,0.759548,0.805432,0.424306,0.340920,-0.161544,0.022451,0.039880,0.670390,0.415036,0.365647,0.197064,1.304008,-1.572009,-1.348541,-2.282369,0.539159,1.581665,2.474990,-0.014379,0.001399,0.001210,0.001310,-0.000356,0.000237,-0.002141
44.220073,-0.657679,0.478423,0.728437,0.761540,0.806313,0.425517,0.339494,-0.160467,0.024589,0.039038,0.671835,0.415027,0.366511,0.196842,1.303995,-1.572007,-1.348540,-2.282371,0.539157,1.581665,2.474995,-0.014090,0.001566,0.001213,-0.000017,-0.000713,0.000918,-0.000355
44.220954,-0.658451,0.480731,0.730093,0.760590,0.806984,0.427314,0.339111,-0.160489,0.026562,0.038369,0.674186,0.415104,0.367424,0.196661,1.303981,-1.572002,-1.348538,-2.282365,0.539156,1.581666,2.474994,-0.014305,0.002228,0.001229,0.001367,-0.000931,0.000780,-0.000559
44.222021,-0.657755,0.484674,0.730462,0.763402,0.806077,0.430103,0.337941,-0.160489,0.026562,0.038369,0.674186,0.415104,0.367424,0.196661,1.303981,-1.572002,-1.348538,-2.282365,0.539156,1.581666,2.474994,-0.014305,0.002228,0.001229,0.001367,-0.000931,0.000780,-0.000559
44.223033,-0.657961,0.487524,0.733154,0.763211,0.807386,0.431743,0.337833,-0.160675,0.028156,0.037132,0.676843,0.415228,0.368395,0.196519,1.303964,-1.571997,-1.348534,-2.282370,0.539160,1.581661,2.474998,-0.015385,0.002477,0.002052,-0.000692,0.000493,0.000041,0.000623
44.223958,-0.661908,0.489443,0.737444,0.765027,0.806702,0.433631,0.337886,-0.159715,0.029292,0.034585,0.679479,0.415364,0.369493,0.196399,1.303948,-1.571993,-1.348533,-2.282366,0.539159,1.581664,2.474996,-0.015970,0.003162,0.001684,0.000059,-0.000312,0.000321,-0.000271
44.225083,-0.663791,0.494706,0.740872,0.762443,0.808147,0.435475,0.336494,-0.158475,0.029938,0.031568,0.682498,0.415561,0.370672,0.196285,1.303935,-1.571986,-1.348534,-2.282369,0.539162,1.581665,2.474991,-0.014617,0.004083,0.000463,-0.001131,0.000828,0.000178,-0.001365
44.225991,-0.664682,0.498411,0.742992,0.763485,0.809064,0.437061,0.335929,-0.158618,0.030503,0.029912,0.685685,0.415821,0.371717,0.196172,1.303922,-1.571983,-1.348536,-2.282361,0.539160,1.581666,2.474996,-0.014514,0.003800,-0.000112,0.002009,-0.000055,0.000469,0.000207
44.227028,-0.666925,0.500974,0.743632,0.764987,0.808974,0.439456,0.335888,-0.159234,0.032005,0.030527,0.687276,0.415999,0.372398,0.196071,1.303907,-1.571978,-1.348536,-2.282360,0.539159,1.581666,2.474999,-0.014681,0.003835,-0.000271,0.001481,-0.000494,0.000606,0.000329
44.227953,-0.665278,0.501590,0.746127,0.765498,0.810328,0.440815,0.335001,-0.159963,0.034349,0.032494,0.687425,0.416070,0.372809,0.195965,1.303894,-1.571972,-1.348534,-2.282361,0.539159,1.581665,2.474995,-0.014295,0.004697,0.000419,0.000661,0.000123,0.000181,-0.000711
44.228942,-0.667177,0.505756,0.747842,0.766366,0.811196,0.442648,0.335260,-0.161259,0.036291,0.034122,0.687645,0.416127,0.373195,0.195838,1.303875,-1.571963,-1.348535,-2.282361,0.539158,1.581665,2.474999,-0.015712,0.006250,0.000093,0.000719,-0.000765,0.000592,0.000063
44.230052,-0.670344,0.507420,0.748414,0.766103,0.811007,0.444870,0.333764,-0.162124,0.037367,0.034797,0.687951,0.416195,0.373617,0.195693,1.303861,-1.571956,-1.348535,-2.282360,0.539158,1.581665,2.474995,-0.015439,0.006181,0.000215,0.000461,-0.001129,0.000630,-0.001533
44.231044,-0.669898,0.513619,0.752774,0.768107,0.812201,0.447106,0.333562,-0.162861,0.037451,0.034275,0.688363,0.416268,0.374082,0.195545,1.303848,-1.571946,-1.348533,-2.282356,0.539160,1.581665,2.474997,-0.014657,0.007606,0.001007,0.001336,-0.000391,0.000520,0.000281
44.231962,-0.669565,0.516982,0.749974,0.768031,0.812920,0.449071,0.333130,-0.164294,0.036728,0.032768,0.689209,0.416350,0.374611,0.195413,1.303831,-1.571941,-1.348536,-2.282358,0.539159,1.581664,2.474994,-0.015556,0.006541,-0.000173,-0.000043,-0.001083,0.000171,-0.000406
44.232946,-0.673463,0.520152,0.756180,0.767581,0.813796,0.451462,0.331550,-0.165120,0.036142,0.030643,0.690190,0.416409,0.375260,0.195301,1.303814,-1.571933,-1.348528,-2.282355,0.539159,1.581662,2.474997,-0.016315,0.006729,0.002081,0.000568,-0.001335,-0.000039,-0.000539
44.233984,-0.673841,0.526644,0.755715,0.770321,0.813594,0.453510,0.330823,-0.163560,0.036891,0.025631,0.690652,0.416315,0.376750,0.195112,1.303783,-1.571919,-1.348529,-2.282357,0.539158,1.581664,2.475000,-0.015563,0.006023,0.001204,-0.000449,-0.000972,-0.000643,0.001874
44.234991,-0.676062,0.529792,0.761186,0.769390,0.813905,0.454684,0.330639,-0.163379,0.038704,0.024701,0.691225,0.416300,0.377527,0.195002,1.303770,-1.571911,-1.348533,-2.282352,0.539159,1.581666,2.474998,-0.015162,0.006512,-0.000518,0.001048,-0.000795,0.000089,0.001149
44.236075,-0.676427,0.534938,0.762213,0.769930,0.815867,0.457505,0.331029,-0.163379,0.038704,0.024701,0.691225,0.416300,0.377527,0.195002,1.303770,-1.571911,-1.348533,-2.282352,0.539159,1.581666,2.474998,-0.015162,0.006512,-0.000518,0.001048,-0.000795,0.000089,0.001149
44.237003,-0.678894,0.536868,0.763892,0.771644,0.814305,0.458011,0.330090,-0.162906,0.041806,0.025646,0.691356,0.416295,0.378203,0.194863,1.303753,-1.571905,-1.348532,-2.282350,0.539156,1.581664,2.474994,-0.015731,0.006172,0.000057,0.001119,-0.002187,-0.000672,-0.000804
44.238039,-0.677590,0.542624,0.764333,0.771935,0.814467,0.459842,0.329633,-0.161983,0.045583,0.027919,0.690990,0.416291,0.378771,0.194697,1.303740,-1.571895,-1.348532,-2.282351,0.539160,1.581668,2.474996,-0.015130,0.007071,0.000128,-0.000001,-0.000171,0.000580,0.000090
44.239050,-0.682025,0.544021,0.766200,0.771942,0.817101,0.462486,0.329867,-0.158815,0.052189,0.031397,0.690523,0.416285,0.379992,0.194330,1.303709,-1.571880,-1.348529,-2.282346,0.539156,1.581666,2.474993,-0.014964,0.007675,0.000964,0.000877,-0.001934,-0.000015,-0.001697
44.240093,-0.683768,0.549769,0.768011,0.772689,0.817100,0.463598,0.328428,-0.158815,0.052189,0.031397,0.690523,0.416285,0.379992,0.194330,1.303709,-1.571880,-1.348529,-2.282346,0.539156,1.581666,2.474993,-0.014964,0.007675,0.000964,0.000877,-0.001934,-0.000015,-0.001697
44.241110,-0.684522,0.552670,0.772667,0.773860,0.818622,0.465304,0.328274,-0.157389,0.054218,0.031808,0.690475,0.416296,0.380652,0.194133,1.303695,-1.571873,-1.348527,-2.282346,0.539159,1.581669,2.474999,-0.014842,0.006921,0.001063,0.000769,-0.001411,0.000853,0.000062
44.242019,-0.684901,0.555592,0.773268,0.773739,0.818343,0.467123,0.327651,-0.157327,0.055541,0.032488,0.691069,0.416422,0.381284,0.193932,1.303679,-1.571863,-1.348530,-2.282346,0.539155,1.581668,2.474994,-0.015162,0.007539,-0.000233,0.000229,-0.002395,0.001083,-0.000740
44.243051,-0.687174,0.559191,0.772708,0.775995,0.817486,0.469786,0.326295,-0.157725,0.057064,0.035917,0.692911,0.417042,0.382370,0.193560,1.303649,-1.571845,-1.348526,-2.282346,0.539160,1.581668,2.474997,-0.015152,0.008188,0.001641,-0.000687,-0.000307,0.000280,0.001124
44.243978,-0.686398,0.564735,0.777737,0.774805,0.816947,0.471665,0.326015,-0.157725,0.057064,0.035917,0.692911,0.417042,0.382370,0.193560,1.303649,-1.571845,-1.348526,-2.282346,0.539160,1.581668,2.474997,-0.015152,0.008188,0.001641,-0.000687,-0.000307,0.000280,0.001124
44.245057,-0.686760,0.565677,0.776403,0.773656,0.818033,0.474864,0.325533,-0.157425,0.056988,0.036681,0.694055,0.417411,0.382986,0.193419,1.303630,-1.571840,-1.348529,-2.282341,0.539161,1.581667,2.474997,-0.016139,0.007317,0.000059,0.000977,0.000689,0.000168,0.000662
44.245985,-0.693981,0.570493,0.777035,0.775543,0.818313,0.476592,0.325765,-0.149169,0.057378,0.036182,0.689882,0.417539,0.383833,0.193158,1.303604,-1.571819,-1.348521,-2.282337,0.539163,1.581668,2.474995,-0.013737,0.008466,0.002320,0.001390,0.000310,-0.000947,-0.001015
44.246992,-0.687861,0.576290,0.781388,0.776403,0.820519,0.477678,0.325403,-0.149169,0.057378,0.036182,0.689882,0.417539,0.383833,0.193158,1.303604,-1.571819,-1.348521,-2.282337,0.539163,1.581668,2.474995,-0.013737,0.008466,0.002320,0.001390,0.000310,-0.000947,-0.001015
44.248116,-0.695400,0.580828,0.782853,0.776725,0.821335,0.479664,0.324063,-0.140560,0.057129,0.032893,0.683682,0.417210,0.384596,0.192805,1.303570,-1.571805,-1.348520,-2.282333,0.539159,1.581669,2.474998,-0.014477,0.007679,0.001501,0.001457,-0.001605,0.000022,0.000097
44.249031,-0.693321,0.580122,0.780976,0.779140,0.821312,0.481412,0.324327,-0.140560,0.057129,0.032893,0.683682,0.417210,0.384596,0.192805,1.303570,-1.571805,-1.348520,-2.282333,0.539159,1.581669,2.474998,-0.014477,0.007679,0.001501,0.001457,-0.001605,0.000022,0.000097
44.249998,-0.697138,0.586711,0.784547,0.780130,0.821149,0.483082,0.323623,-0.137646,0.057224,0.031612,0.681706,0.417122,0.385051,0.192610,1.303551,-1.571790,-1.348514,-2.282336,0.539160,1.581669,2.474995,-0.016122,0.009821,0.003282,-0.000328,-0.001118,0.000015,-0.001441
44.251058,-0.695183,0.590234,0.788405,0.777902,0.821352,0.484261,0.322736,-0.139141,0.053879,0.025372,0.684066,0.417325,0.386617,0.192160,1.303517,-1.571773,-1.348513,-2.282329,0.539163,1.581669,2.474998,-0.016543,0.008864,0.001541,0.002049,-0.000168,0.001021,-0.000449
44.252007,-0.698779,0.592901,0.791951,0.780092,0.821638,0.486996,0.322044,-0.139141,0.053879,0.025372,0.684066,0.417325,0.386617,0.192160,1.303517,-1.571773,-1.348513,-2.282329,0.539163,1.581669,2.474998,-0.016543,0.008864,0.001541,0.002049,-0.000168,0.001021,-0.000449
44.253017,-0.702234,0.596414,0.793071,0.780937,0.821241,0.487994,0.321664,-0.139458,0.053399,0.024104,0.684108,0.417376,0.387180,0.191929,1.303504,-1.571761,-1.348514,-2.282330,0.539164,1.581669,2.474997,-0.015387,0.009414,0.000720,0.000437,0.000011,0.000077,-0.000091
44.254048,-0.702024,0.599845,0.796013,0.782532,0.822346,0.489034,0.320966,-0.140936,0.053550,0.024911,0.684067,0.417468,0.387565,0.191700,1.303490,-1.571749,-1.348510,-2.282332,0.539164,1.581671,2.474994,-0.014372,0.009661,0.001121,0.000273,0.000923,0.001000,-0.000422
44.254931,-0.705146,0.601079,0.799856,0.782066,0.823155,0.492235,0.319868,-0.153235,0.053015,0.030414,0.689209,0.418129,0.388327,0.191258,1.303459,-1.571725,-1.348510,-2.282329,0.539162,1.581670,2.474996,-0.014216,0.011127,-0.000396,0.000301,-0.000014,0.000381,0.001101
44.256075,-0.704095,0.608630,0.799169,0.782348,0.824958,0.495775,0.319316,-0.153235,0.053015,0.030414,0.689209,0.418129,0.388327,0.191258,1.303459,-1.571725,-1.348510,-2.282329,0.539162,1.581670,2.474996,-0.014216,0.011127,-0.000396,0.000301,-0.000014,0.000381,0.001101
44.257009,-0.705777,0.614097,0.801036,0.782940,0.824481,0.496190,0.319198,-0.161356,0.052602,0.034727,0.692834,0.418604,0.388679,0.191062,1.303442,-1.571719,-1.348505,-2.282326,0.539160,1.581668,2.474999,-0.015547,0.009685,0.001044,0.000658,-0.001224,-0.000975,0.000944
44.257964,-0.707865,0.616806,0.805411,0.782050,0.826458,0.499668,0.317349,-0.167350,0.053086,0.038732,0.695021,0.418964,0.389035,0.190884,1.303426,-1.571709,-1.348502,-2.282326,0.539160,1.581672,2.474996,-0.015586,0.009501,0.001301,0.000864,-0.000113,0.000829,-0.000027
44.259038,-0.708855,0.626910,0.806103,0.785104,0.825085,0.502005,0.317447,-0.170200,0.056972,0.044998,0.692321,0.419177,0.389490,0.190591,1.303391,-1.571691,-1.348500,-2.282323,0.539162,1.581672,2.474998,-0.016149,0.009035,0.001618,0.000547,0.000712,0.000077,0.000710
44.260004,-0.712487,0.631439,0.809232,0.785752,0.823976,0.503504,0.315739,-0.170200,0.056972,0.044998,0.692321,0.419177,0.389490,0.190591,1.303391,-1.571691,-1.348500,-2.282323,0.539162,1.581672,2.474998,-0.016149,0.009035,0.001618,0.000547,0.000712,0.000077,0.000710
44.260949,-0.712427,0.634704,0.806037,0.785676,0.825152,0.505661,0.316153,-0.168943,0.060105,0.047297,0.689184,0.419149,0.389736,0.190483,1.303379,-1.571679,-1.348501,-2.282322,0.539167,1.581675,2.475002,-0.015373,0.009593,0.001412,0.000823,0.002451,0.000978,0.002840
44.261976,-0.715603,0.640512,0.813390,0.787493,0.826013,0.509253,0.315045,-0.167019,0.063128,0.047556,0.685887,0.419005,0.390118,0.190388,1.303360,-1.571666,-1.348491,-2.282318,0.539163,1.581674,2.474996,-0.016368,0.010676,0.004253,0.001711,0.001958,0.001179,0.000711
44.262988,-0.721322,0.647407,0.813749,0.787786,0.827675,0.511917,0.314217,-0.162703,0.066127,0.041266,0.679577,0.418443,0.391213,0.190232,1.303333,-1.571642,-1.348489,-2.282315,0.539162,1.581672,2.474998,-0.014100,0.010238,0.003245,0.001464,0.000880,0.000032,0.001836
44.264012,-0.721048,0.652480,0.816640,0.789043,0.829014,0.514439,0.314578,-0.162703,0.066127,0.041266,0.679577,0.418443,0.391213,0.190232,1.303333,-1.571642,-1.348489,-2.282315,0.539162,1.581672,2.474998,-0.014100,0.010238,0.003245,0.001464,0.000880,0.000032,0.001836
44.265013,-0.720987,0.657145,0.817499,0.790774,0.829120,0.517022,0.313124,-0.165611,0.066746,0.033535,0.678318,0.418130,0.392702,0.190080,1.303295,-1.571618,-1.348481,-2.282316,0.539163,1.581673,2.474999,-0.016352,0.011246,0.004125,0.000409,0.000867,-0.000015,0.001289
44.265944,-0.724528,0.662901,0.822217,0.790228,0.829523,0.519166,0.313808,-0.166078,0.066576,0.029035,0.678111,0.417995,0.393586,0.189966,1.303281,-1.571608,-1.348481,-2.282312,0.539163,1.581674,2.474992,-0.015548,0.011080,0.003061,0.001768,0.001118,0.000166,-0.001357
44.267059,-0.727134,0.668151,0.823719,0.791412,0.829137,0.521515,0.312343,-0.165731,0.066576,0.025142,0.677298,0.417809,0.394387,0.189820,1.303267,-1.571596,-1.348474,-2.282311,0.539166,1.581678,2.474997,-0.015470,0.011711,0.003821,0.001615,0.002277,0.000583,0.000083
44.268093,-0.725213,0.672225,0.826173,0.793852,0.829951,0.524456,0.311666,-0.165731,0.066576,0.025142,0.677298,0.417809,0.394387,0.189820,1.303267,-1.571596,-1.348474,-2.282311,0.539166,1.581678,2.474997,-0.015470,0.011711,0.003821,0.001615,0.002277,0.000583,0.000083
44.269032,-0.732519,0.677623,0.830799,0.792606,0.831445,0.527030,0.312305,-0.164523,0.066431,0.021519,0.676098,0.417578,0.395127,0.189656,1.303246,-1.571582,-1.348471,-2.282312,0.539168,1.581675,2.474997,-0.017487,0.012651,0.004021,0.000173,0.002162,0.000236,0.000023
44.269973,-0.731509,0.682574,0.832176,0.793436,0.830912,0.529710,0.310531,-0.162617,0.065867,0.018126,0.674999,0.417357,0.395850,0.189472,1.303236,-1.571569,-1.348470,-2.282307,0.539166,1.581673,2.474989,-0.014830,0.012650,0.003010,0.002227,0.001344,0.000021,-0.002522
44.271068,-0.736786,0.687727,0.835808,0.795447,0.833286,0.531884,0.309675,-0.161031,0.065324,0.016011,0.673678,0.417147,0.396426,0.189268,1.303216,-1.571556,-1.348464,-2.282305,0.539168,1.581673,2.474995,-0.016308,0.012886,0.003596,0.002228,0.002538,-0.000306,-0.000224
44.272097,-0.737771,0.695315,0.840507,0.796729,0.834189,0.534271,0.308629,-0.160277,0.064836,0.015164,0.672323,0.416961,0.396874,0.189061,1.303204,-1.571541,-1.348462,-2.282308,0.539163,1.581677,2.474997,-0.014854,0.013469,0.003290,0.001322,0.000958,0.000243,-0.000023
44.273113,-0.737493,0.699031,0.839951,0.797977,0.834995,0.536449,0.307722,-0.161411,0.064391,0.015975,0.672222,0.416921,0.397299,0.188857,1.303186,-1.571529,-1.348460,-2.282308,0.539166,1.581677,2.475000,-0.015441,0.012638,0.002366,0.001020,0.000773,0.000423,0.000666
44.274011,-0.743992,0.706684,0.841969,0.797774,0.835340,0.539395,0.307912,-0.163487,0.064326,0.018424,0.673278,0.417027,0.397739,0.188657,1.303167,-1.571511,-1.348452,-2.282308,0.539163,1.581675,2.474998,-0.016624,0.013677,0.004011,0.000739,0.000711,0.000799,0.001109
44.275043,-0.745206,0.715257,0.843346,0.797884,0.835963,0.541126,0.306426,-0.165342,0.064454,0.020926,0.674719,0.417153,0.398244,0.188456,1.303158,-1.571501,-1.348448,-2.282304,0.539162,1.581676,2.474994,-0.014345,0.012440,0.004205,0.001713,0.001019,0.000077,-0.000492
44.275969,-0.743874,0.716442,0.847685,0.799172,0.835805,0.543899,0.306121,-0.167736,0.065243,0.023108,0.675985,0.417188,0.398770,0.188250,1.303142,-1.571493,-1.348442,-2.282301,0.539166,1.581678,2.475000,-0.014855,0.011204,0.004913,0.002525,0.001080,0.000935,0.001089
44.277091,-0.747343,0.719327,0.850081,0.801327,0.837942,0.547439,0.305464,-0.169201,0.067350,0.025477,0.675884,0.417069,0.399209,0.188043,1.303120,-1.571475,-1.348440,-2.282299,0.539168,1.581677,2.475000,-0.016423,0.013241,0.004009,0.002051,0.001882,0.000466,0.000423
44.278037,-0.747726,0.723861,0.850673,0.801900,0.838473,0.549742,0.303841,-0.168965,0.069484,0.027796,0.674940,0.416911,0.399622,0.187833,1.303105,-1.571457,-1.348435,-2.282300,0.539163,1.581674,2.474995,-0.015879,0.014998,0.004346,0.000983,0.000567,-0.000254,0.000240
44.279007,-0.751651,0.731485,0.854018,0.801969,0.840050,0.552211,0.304369,-0.168488,0.069916,0.029055,0.674811,0.416856,0.400172,0.187618,1.303087,-1.571442,-1.348427,-2.282298,0.539165,1.581677,2.475001,-0.016660,0.015409,0.005302,0.001276,0.000697,-0.000198,0.002204
44.279989,-0.753525,0.737544,0.858481,0.804538,0.839984,0.554203,0.302954,-0.168013,0.068977,0.029041,0.675248,0.416863,0.400850,0.187406,1.303073,-1.571432,-1.348424,-2.282294,0.539161,1.581677,2.474994,-0.015713,0.014424,0.004945,0.002034,-0.000165,-0.000246,-0.000185
44.281100,-0.756240,0.740988,0.858447,0.803757,0.840953,0.557225,0.303951,-0.169411,0.067935,0.030889,0.677254,0.417112,0.402210,0.187009,1.303043,-1.571399,-1.348414,-2.282290,0.539167,1.581678,2.474990,-0.015667,0.015675,0.005591,0.002173,0.000358,-0.000035,-0.002179
44.282030,-0.757098,0.748034,0.861167,0.805771,0.842511,0.560032,0.301741,-0.169411,0.067935,0.030889,0.677254,0.417112,0.402210,0.187009,1.303043,-1.571399,-1.348414,-2.282290,0.539167,1.581678,2.474990,-0.015667,0.015675,0.005591,0.002173,0.000358,-0.000035,-0.002179
44.283061,-0.758334,0.755166,0.868146,0.807304,0.842850,0.562868,0.300821,-0.172223,0.068019,0.033517,0.679610,0.417464,0.403508,0.186702,1.303009,-1.571374,-1.348412,-2.282293,0.539164,1.581677,2.475000,-0.016647,0.014228,0.003444,0.000530,-0.000121,-0.000768,0.001423
44.283984,-0.762776,0.756550,0.868884,0.805483,0.843179,0.564594,0.300648,-0.172223,0.068019,0.033517,0.679610,0.417464,0.403508,0.186702,1.303009,-1.571374,-1.348412,-2.282293,0.539164,1.581677,2.475000,-0.016647,0.014228,0.003444,0.000530,-0.000121,-0.000768,0.001423
44.284993,-0.762833,0.762542,0.874009,0.806874,0.844236,0.567588,0.299574,-0.172921,0.069913,0.037277,0.680225,0.417687,0.404002,0.186596,1.302996,-1.571353,-1.348405,-2.282284,0.539166,1.581681,2.474996,-0.015406,0.016120,0.004325,0.003055,0.000180,-0.000201,0.000521
44.285967,-0.767088,0.769665,0.876361,0.808729,0.844348,0.568819,0.298695,-0.173168,0.072458,0.042684,0.679397,0.417866,0.404211,0.186493,1.302979,-1.571337,-1.348405,-2.282283,0.539165,1.581679,2.474998,-0.016440,0.015983,0.003169,0.002572,-0.000156,-0.000675,0.001311
44.286957,-0.767809,0.773495,0.878276,0.809787,0.845832,0.570987,0.298806,-0.174501,0.078978,0.057460,0.676302,0.418246,0.404168,0.186234,1.302950,-1.571305,-1.348395,-2.282282,0.539166,1.581685,2.474996,-0.016044,0.016109,0.003711,0.001499,-0.000385,0.000811,0.000174
44.288003,-0.767833,0.781530,0.879607,0.810135,0.846410,0.573718,0.297803,-0.174501,0.078978,0.057460,0.676302,0.418246,0.404168,0.186234,1.302950,-1.571305,-1.348395,-2.282282,0.539166,1.581685,2.474996,-0.016044,0.016109,0.003711,0.001499,-0.000385,0.000811,0.000174
44.289010,-0.769215,0.783339,0.884601,0.811559,0.848114,0.576996,0.297983,-0.175446,0.082573,0.064975,0.675129,0.418454,0.404189,0.186054,1.302932,-1.571293,-1.348388,-2.282279,0.539168,1.581683,2.474997,-0.017123,0.015110,0.004446,0.002079,-0.000229,0.000705,0.000777
44.290049,-0.773009,0.789980,0.883944,0.812585,0.847839,0.580281,0.296220,-0.174024,0.086362,0.071436,0.673018,0.418560,0.404264,0.185855,1.302915,-1.571271,-1.348387,-2.282278,0.539165,1.581684,2.474993,-0.017463,0.017036,0.003337,0.001578,-0.001205,-0.000074,-0.000951
44.290976,-0.775499,0.795418,0.886485,0.813688,0.848867,0.582037,0.295730,-0.171295,0.089596,0.076484,0.670789,0.418629,0.404466,0.185655,1.302900,-1.571256,-1.348378,-2.282275,0.539167,1.581682,2.474996,-0.016673,0.016676,0.005051,0.001488,-0.000200,-0.000746,0.001192
44.291999,-0.775589,0.801264,0.890656,0.814996,0.849249,0.584398,0.295608,-0.169503,0.091648,0.079319,0.669700,0.418709,0.404903,0.185471,1.302886,-1.571240,-1.348372,-2.282274,0.539167,1.581684,2.474995,-0.016416,0.016585,0.005005,0.001236,-0.000580,-0.000182,0.000897
44.293046,-0.780111,0.809082,0.894378,0.815954,0.849569,0.587512,0.293978,-0.168821,0.093111,0.080532,0.669727,0.418800,0.405537,0.185302,1.302868,-1.571224,-1.348371,-2.282273,0.539166,1.581685,2.474993,-0.017431,0.016585,0.004339,0.000878,-0.000224,0.000003,-0.000247
44.294166,-0.780545,0.812116,0.895755,0.815872,0.849568,0.591449,0.294321,-0.168649,0.095056,0.081878,0.670395,0.418923,0.406242,0.185135,1.302854,-1.571210,-1.348367,-2.282274,0.539167,1.581685,2.474998,-0.016280,0.015679,0.003920,0.000939,0.000181,-0.000499,0.001603
44.295048,-0.787795,0.814377,0.895461,0.816879,0.850834,0.592892,0.292834,-0.170091,0.099255,0.083864,0.672357,0.419100,0.407721,0.184782,1.302825,-1.571167,-1.348354,-2.282269,0.539170,1.581683,2.475000,-0.014557,0.018641,0.006064,0.001794,0.000295,-0.000851,0.001171
44.296037,-0.784099,0.823573,0.899757,0.818604,0.851774,0.595240,0.292706,-0.170091,0.099255,0.083864,0.672357,0.419100,0.407721,0.184782,1.302825,-1.571167,-1.348354,-2.282269,0.539170,1.581683,2.475000,-0.014557,0.018641,0.006064,0.001794,0.000295,-0.000851,0.001171
44.297122,-0.786980,0.828822,0.898365,0.818301,0.851874,0.597964,0.292858,-0.173383,0.099108,0.081806,0.674552,0.419114,0.408626,0.184577,1.302803,-1.571153,-1.348352,-2.282268,0.539169,1.581684,2.474998,-0.017428,0.016849,0.005266,0.000985,0.000072,-0.000737,0.000065
44.298060,-0.793352,0.833545,0.906757,0.819381,0.853159,0.599697,0.291201,-0.175591,0.098782,0.078118,0.676438,0.419005,0.409638,0.184338,1.302787,-1.571134,-1.348340,-2.282264,0.539172,1.581683,2.474994,-0.017111,0.017325,0.007389,0.002265,0.000714,-0.000747,-0.001698
44.299033,-0.789789,0.836036,0.906348,0.820443,0.855077,0.601236,0.291295,-0.178143,0.098831,0.070385,0.678381,0.418529,0.411507,0.183756,1.302753,-1.571094,-1.348330,-2.282262,0.539168,1.581687,2.474995,-0.017699,0.019064,0.005962,0.001863,-0.001120,0.000743,-0.001166
44.300118,-0.791140,0.843722,0.909571,0.821422,0.854959,0.604812,0.290819,-0.178143,0.098831,0.070385,0.678381,0.418529,0.411507,0.183756,1.302753,-1.571094,-1.348330,-2.282262,0.539168,1.581687,2.474995,-0.017699,0.019064,0.005962,0.001863,-0.001120,0.000743,-0.001166
44.301026,-0.796222,0.848582,0.912407,0.821300,0.854858,0.606552,0.288785,-0.178112,0.098622,0.067426,0.678683,0.418294,0.412280,0.183432,1.302734,-1.571078,-1.348324,-2.282259,0.539170,1.581685,2.474993,-0.018128,0.018308,0.005806,0.001849,-0.000237,-0.000123,-0.001666
44.302006,-0.798446,0.852043,0.914749,0.824372,0.856767,0.608514,0.288360,-0.175523,0.098665,0.064518,0.677748,0.417982,0.412980,0.183115,1.302721,-1.571059,-1.348320,-2.282256,0.539171,1.581688,2.475000,-0.016540,0.018418,0.005615,0.002779,0.000497,0.000405,0.001178
44.303036,-0.798054,0.858768,0.916667,0.825391,0.855660,0.611559,0.287009,-0.173835,0.098625,0.062240,0.677266,0.417719,0.413644,0.182821,1.302705,-1.571037,-1.348313,-2.282259,0.539166,1.581689,2.474996,-0.016462,0.019424,0.005755,0.000685,-0.000687,0.000883,0.000685
44.304028,-0.801143,0.861238,0.920706,0.825261,0.856951,0.614515,0.286627,-0.174406,0.097832,0.060166,0.678800,0.417631,0.414422,0.182549,1.302685,-1.571020,-1.348305,-2.282258,0.539170,1.581688,2.475000,-0.017708,0.018966,0.006151,0.000647,0.001133,0.000410,0.001993
44.305044,-0.803538,0.871129,0.922091,0.825874,0.858781,0.617011,0.286317,-0.175478,0.096540,0.058065,0.681485,0.417667,0.415306,0.182291,1.302668,-1.570996,-1.348300,-2.282256,0.539170,1.581685,2.474999,-0.017178,0.020486,0.005458,0.001676,0.000519,-0.000053,0.001400
44.305971,-0.806580,0.872752,0.923807,0.827253,0.857713,0.619303,0.285685,-0.176148,0.095432,0.056443,0.683935,0.417733,0.416155,0.182022,1.302652,-1.570982,-1.348291,-2.282252,0.539167,1.581688,2.474998,-0.017046,0.018428,0.006110,0.001929,-0.000563,-0.000015,0.000644
44.306987,-0.805976,0.878297,0.924440,0.828072,0.858187,0.621884,0.285993,-0.178525,0.093913,0.053158,0.688708,0.417917,0.417860,0.181385,1.302615,-1.570937,-1.348274,-2.282249,0.539171,1.581688,2.474993,-0.017810,0.020241,0.007481,0.001514,0.001371,-0.000034,-0.001334
44.308117,-0.809538,0.883320,0.925986,0.829855,0.858613,0.624301,0.283858,-0.178525,0.093913,0.053158,0.688708,0.417917,0.417860,0.181385,1.302615,-1.570937,-1.348274,-2.282249,0.539171,1.581688,2.474993,-0.017810,0.020241,0.007481,0.001514,0.001371,-0.000034,-0.001334
44.309036,-0.812632,0.889732,0.926821,0.830906,0.860390,0.626954,0.283250,-0.179548,0.092128,0.049109,0.691356,0.418004,0.418886,0.181032,1.302598,-1.570915,-1.348264,-2.282249,0.539174,1.581691,2.474998,-0.017217,0.020911,0.008186,0.000791,0.001721,0.000359,0.001431
44.310001,-0.813725,0.893214,0.929378,0.832069,0.861490,0.628171,0.282911,-0.181126,0.089320,0.042956,0.694851,0.418086,0.420118,0.180685,1.302582,-1.570896,-1.348255,-2.282248,0.539172,1.581691,2.474997,-0.016614,0.020255,0.008956,0.000604,0.000594,-0.000001,0.001379
44.311064,-0.814613,0.900097,0.938440,0.831756,0.860888,0.631609,0.282402,-0.187463,0.082431,0.028992,0.704477,0.418313,0.422928,0.180003,1.302548,-1.570851,-1.348246,-2.282243,0.539174,1.581694,2.474995,-0.017743,0.020715,0.005869,0.001584,0.001538,0.000391,0.000330
44.312005,-0.819698,0.904632,0.935657,0.832667,0.862486,0.634396,0.282188,-0.187463,0.082431,0.028992,0.704477,0.418313,0.422928,0.180003,1.302548,-1.570851,-1.348246,-2.282243,0.539174,1.581694,2.474995,-0.017743,0.020715,0.005869,0.001584,0.001538,0.000391,0.000330
44.313101,-0.819514,0.911762,0.940255,0.834601,0.863387,0.637590,0.280305,-0.189745,0.080640,0.025665,0.707899,0.418408,0.424038,0.179680,1.302534,-1.570829,-1.348233,-2.282241,0.539174,1.581692,2.474993,-0.016183,0.021052,0.008492,0.001500,0.000581,-0.000030,-0.000514
44.313981,-0.823957,0.913781,0.939721,0.834623,0.864206,0.640162,0.279767,-0.192128,0.079788,0.024136,0.710771,0.418474,0.425036,0.179394,1.302512,-1.570808,-1.348228,-2.282241,0.539171,1.581691,2.474998,-0.017404,0.020567,0.007645,0.000596,0.000491,-0.000478,0.001777
44.315025,-0.824566,0.922720,0.941139,0.835432,0.864898,0.641965,0.279911,-0.195073,0.079059,0.022916,0.713933,0.418552,0.426102,0.179154,1.302500,-1.570782,-1.348217,-2.282238,0.539171,1.581695,2.474999,-0.016099,0.021941,0.009043,0.001362,0.000293,-0.000874,0.001636
44.315944,-0.823485,0.923903,0.945068,0.835871,0.866325,0.643531,0.278364,-0.198252,0.078123,0.021107,0.717032,0.418606,0.427245,0.178930,1.302480,-1.570766,-1.348207,-2.282237,0.539172,1.581697,2.474995,-0.016876,0.020420,0.009687,0.001518,0.000335,-0.000067,-0.000068
44.316946,-0.832190,0.930003,0.945967,0.835316,0.866924,0.646125,0.278543,-0.199587,0.077406,0.018681,0.718730,0.418552,0.428355,0.178701,1.302460,-1.570739,-1.348200,-2.282234,0.539173,1.581697,2.475001,-0.018326,0.022336,0.008917,0.001900,-0.000467,0.000663,0.001795
44.318010,-0.832173,0.937772,0.950471,0.837052,0.867495,0.649224,0.277476,-0.198949,0.076826,0.016390,0.718571,0.418404,0.429284,0.178453,1.302452,-1.570717,-1.348189,-2.282229,0.539171,1.581698,2.474997,-0.015066,0.022045,0.009771,0.003278,-0.000328,0.000560,0.000060
44.319037,-0.831927,0.941893,0.952767,0.838454,0.869863,0.650950,0.277628,-0.199751,0.076308,0.014850,0.716356,0.418124,0.430607,0.177845,1.302412,-1.570674,-1.348175,-2.282228,0.539168,1.581704,2.474993,-0.017367,0.021962,0.009150,0.002105,-0.001774,0.000939,-0.000930
44.320010,-0.834667,0.946762,0.954071,0.839397,0.868147,0.654047,0.277373,-0.199751,0.076308,0.014850,0.716356,0.418124,0.430607,0.177845,1.302412,-1.570674,-1.348175,-2.282228,0.539168,1.581704,2.474993,-0.017367,0.021962,0.009150,0.002105,-0.001774,0.000939,-0.000930
44.320935,-0.835197,0.952745,0.955814,0.839453,0.869298,0.656370,0.276221,-0.198827,0.076971,0.015751,0.714590,0.418064,0.431158,0.177508,1.302396,-1.570651,-1.348164,-2.282228,0.539173,1.581702,2.474991,-0.016990,0.022212,0.009742,0.002087,0.000615,0.000268,-0.001721
44.322052,-0.838748,0.958419,0.960375,0.840503,0.868780,0.658765,0.275757,-0.196156,0.077832,0.016519,0.712210,0.418004,0.431714,0.177178,1.302377,-1.570631,-1.348154,-2.282225,0.539173,1.581702,2.474996,-0.017657,0.021787,0.010064,0.002854,0.000087,0.000264,-0.000670
44.323002,-0.838877,0.966102,0.963268,0.841632,0.870250,0.659210,0.274231,-0.191772,0.079249,0.017404,0.708831,0.417903,0.432217,0.176876,1.302362,-1.570607,-1.348148,-2.282221,0.539177,1.581705,2.474994,-0.017073,0.022062,0.009269,0.002756,0.001378,0.000651,-0.001265
44.324077,-0.843176,0.969785,0.967756,0.842803,0.870472,0.661700,0.274004,-0.186170,0.081815,0.019625,0.704558,0.417791,0.432577,0.176606,1.302341,-1.570586,-1.348139,-2.282220,0.539175,1.581711,2.474998,-0.017957,0.020855,0.009067,0.002505,0.000572,0.002563,0.000509
44.324938,-0.845100,0.975201,0.966720,0.843015,0.871220,0.663975,0.272996,-0.180259,0.085696,0.024028,0.699965,0.417722,0.432755,0.176369,1.302327,-1.570560,-1.348134,-2.282219,0.539177,1.581712,2.474995,-0.016957,0.021990,0.008276,0.002336,0.001108,0.002736,-0.000510
44.325911,-0.845726,0.980767,0.972041,0.845785,0.872189,0.666680,0.272282,-0.175508,0.089972,0.029773,0.695862,0.417717,0.432814,0.176158,1.302310,-1.570539,-1.348122,-2.282214,0.539178,1.581712,2.474996,-0.016865,0.021635,0.009887,0.002847,0.000953,0.002606,0.000354
44.326977,-0.846039,0.986586,0.970765,0.844588,0.872749,0.670245,0.272639,-0.172423,0.094009,0.035645,0.692889,0.417769,0.432899,0.175965,1.302292,-1.570516,-1.348117,-2.282217,0.539179,1.581713,2.474999,-0.017555,0.021538,0.008512,0.001046,0.000653,0.002331,0.000443
44.328067,-0.848687,0.987425,0.975343,0.846344,0.873416,0.673571,0.270989,-0.169300,0.098074,0.041021,0.690476,0.417816,0.433082,0.175769,1.302273,-1.570495,-1.348102,-2.282210,0.539177,1.581713,2.474994,-0.018492,0.021621,0.010510,0.003128,0.000872,0.001423,-0.001715
44.328981,-0.849615,0.996459,0.979463,0.847011,0.874347,0.675475,0.270574,-0.164658,0.101547,0.044629,0.687521,0.417761,0.433345,0.175557,1.302255,-1.570464,-1.348097,-2.282209,0.539178,1.581713,2.474996,-0.018300,0.024175,0.009669,0.002356,0.000966,0.000825,0.000138
44.329943,-0.852682,0.999386,0.981720,0.848597,0.874796,0.677378,0.269398,-0.154383,0.106616,0.049793,0.681390,0.417610,0.433898,0.175163,1.302218,-1.570419,-1.348081,-2.282205,0.539179,1.581717,2.474998,-0.018179,0.023349,0.008958,0.001799,0.000907,0.001695,0.000763
44.331041,-0.853133,1.006179,0.983436,0.849601,0.875410,0.680776,0.268989,-0.150657,0.109232,0.052987,0.679341,0.417622,0.434171,0.175000,1.302199,-1.570397,-1.348070,-2.282202,0.539180,1.581716,2.474996,-0.019098,0.023020,0.009517,0.001781,0.001058,0.001036,0.000083
44.331974,-0.854207,1.009737,0.985231,0.850827,0.875169,0.682327,0.268832,-0.147375,0.111563,0.055319,0.677914,0.417655,0.434528,0.174853,1.302179,-1.570371,-1.348062,-2.282202,0.539183,1.581716,2.474995,-0.019482,0.023774,0.009840,0.001419,0.001931,0.001832,-0.000864
44.333093,-0.857647,1.016649,0.987915,0.850863,0.877157,0.685413,0.267538,-0.144094,0.113640,0.056457,0.676578,0.417652,0.434951,0.174727,1.302162,-1.570347,-1.348053,-2.282197,0.539181,1.581714,2.474998,-0.018938,0.023431,0.009969,0.002356,0.000735,0.001543,0.000211
44.334006,-0.858628,1.020368,0.990843,0.852461,0.877837,0.687168,0.267511,-0.144094,0.113640,0.056457,0.676578,0.417652,0.434951,0.174727,1.302162,-1.570347,-1.348053,-2.282197,0.539181,1.581714,2.474998,-0.018938,0.023431,0.009969,0.002356,0.000735,0.001543,0.000211
44.335040,-0.861122,1.023934,0.994733,0.853884,0.878557,0.691021,0.265863,-0.141450,0.115566,0.056929,0.675270,0.417614,0.435390,0.174621,1.302142,-1.570322,-1.348043,-2.282198,0.539181,1.581720,2.474996,-0.019343,0.024053,0.009678,0.001631,0.000712,0.002045,-0.000985
44.335994,-0.863446,1.026802,0.995498,0.854024,0.879117,0.694087,0.265088,-0.140230,0.117147,0.057412,0.674660,0.417632,0.435870,0.174519,1.302124,-1.570292,-1.348035,-2.282199,0.539181,1.581719,2.475000,-0.019164,0.025069,0.009094,0.001215,0.000722,0.000767,0.000926
44.336984,-0.865335,1.034347,0.995653,0.854761,0.881267,0.697103,0.265625,-0.141117,0.117657,0.057720,0.675395,0.417770,0.436446,0.174396,1.302105,-1.570264,-1.348023,-2.282195,0.539184,1.581718,2.475002,-0.018962,0.026200,0.009928,0.001895,0.000805,0.000095,0.001161
44.337980,-0.865238,1.040416,0.999151,0.854423,0.882138,0.699665,0.264136,-0.145814,0.116002,0.054349,0.678013,0.418016,0.437941,0.173985,1.302065,-1.570216,-1.348001,-2.282189,0.539181,1.581720,2.475000,-0.020053,0.024850,0.010627,0.003272,-0.000780,-0.000522,0.000394
44.338945,-0.869058,1.040766,1.000269,0.856742,0.882427,0.702273,0.264416,-0.146797,0.115337,0.051044,0.677925,0.417997,0.438734,0.173695,1.302047,-1.570183,-1.347989,-2.282190,0.539184,1.581720,2.474995,-0.019109,0.027242,0.011300,0.001868,-0.000419,-0.000719,-0.001487
44.340103,-0.868993,1.047321,1.006633,0.858360,0.882529,0.704412,0.263028,-0.148402,0.113851,0.047342,0.678404,0.418054,0.439577,0.173368,1.302024,-1.570156,-1.347982,-2.282190,0.539187,1.581725,2.474997,-0.020324,0.027142,0.009648,0.001349,0.000276,0.000012,-0.000258
44.341004,-0.871842,1.052145,1.005887,0.858973,0.884332,0.707031,0.262526,-0.150926,0.111758,0.044135,0.679953,0.418233,0.440453,0.173036,1.302006,-1.570132,-1.347967,-2.282189,0.539183,1.581726,2.474995,-0.019787,0.027178,0.011152,0.001590,-0.000866,-0.000367,-0.000479
44.341993,-0.875233,1.055198,1.011740,0.859721,0.884640,0.709528,0.262031,-0.150926,0.111758,0.044135,0.679953,0.418233,0.440453,0.173036,1.302006,-1.570132,-1.347967,-2.282189,0.539183,1.581726,2.474995,-0.019787,0.027178,0.011152,0.001590,-0.000866,-0.000367,-0.000479
44.343016,-0.873119,1.062672,1.011792,0.860692,0.883809,0.711018,0.261092,-0.159045,0.107208,0.040533,0.684916,0.418831,0.442029,0.172420,1.301962,-1.570077,-1.347948,-2.282183,0.539185,1.581727,2.474997,-0.021141,0.027370,0.010804,0.001640,0.001080,0.000681,-0.000338
44.343936,-0.876961,1.069944,1.015340,0.862684,0.884483,0.712752,0.260472,-0.159045,0.107208,0.040533,0.684916,0.418831,0.442029,0.172420,1.301962,-1.570077,-1.347948,-2.282183,0.539185,1.581727,2.474997,-0.021141,0.027370,0.010804,0.001640,0.001080,0.000681,-0.000338
44.344941,-0.879149,1.070615,1.016838,0.864084,0.885345,0.715909,0.259572,-0.162193,0.106285,0.040397,0.686745,0.419131,0.442662,0.172160,1.301944,-1.570052,-1.347939,-2.282184,0.539184,1.581731,2.474996,-0.020119,0.026234,0.010210,0.000536,0.001056,0.001223,-0.000349
44.346042,-0.877835,1.077177,1.023268,0.863364,0.886417,0.718198,0.258744,-0.165470,0.106444,0.041113,0.689020,0.419472,0.443321,0.171938,1.301924,-1.570020,-1.347928,-2.282183,0.539184,1.581730,2.474998,-0.020037,0.028608,0.010752,0.000083,0.000895,0.000568,0.000084
44.347052,-0.882129,1.082141,1.024471,0.865618,0.888210,0.721003,0.258773,-0.171154,0.107948,0.045845,0.693275,0.420348,0.444405,0.171548,1.301882,-1.569961,-1.347911,-2.282180,0.539184,1.581731,2.474995,-0.020656,0.028543,0.009721,0.000466,-0.000480,0.000750,-0.001181
44.348008,-0.883469,1.085589,1.023650,0.866981,0.887567,0.723622,0.256586,-0.171154,0.107948,0.045845,0.693275,0.420348,0.444405,0.171548,1.301882,-1.569961,-1.347911,-2.282180,0.539184,1.581731,2.474995,-0.020656,0.028543,0.009721,0.000466,-0.000480,0.000750,-0.001181
44.349087,-0.884513,1.092597,1.025390,0.866099,0.889042,0.727001,0.256977,-0.173256,0.109015,0.049300,0.694937,0.420843,0.444841,0.171351,1.301860,-1.569930,-1.347897,-2.282180,0.539186,1.581731,2.475002,-0.020920,0.029356,0.011328,0.000023,0.000839,0.000521,0.001915
44.349963,-0.889308,1.091479,1.030507,0.867495,0.888486,0.729168,0.255622,-0.178002,0.108581,0.050572,0.698335,0.421623,0.445993,0.170932,1.301818,-1.569867,-1.347879,-2.282175,0.539190,1.581732,2.474997,-0.019915,0.031626,0.010413,0.001257,0.001257,-0.000140,0.001196
44.350980,-0.886087,1.096861,1.029273,0.867675,0.889418,0.731241,0.254637,-0.178002,0.108581,0.050572,0.698335,0.421623,0.445993,0.170932,1.301818,-1.569867,-1.347879,-2.282175,0.539190,1.581732,2.474997,-0.019915,0.031626,0.010413,0.001257,0.001257,-0.000140,0.001196
44.352047,-0.892149,1.101719,1.032719,0.868961,0.890296,0.734655,0.254010,-0.180589,0.106623,0.049224,0.699135,0.421883,0.446485,0.170705,1.301790,-1.569835,-1.347862,-2.282172,0.539188,1.581733,2.474998,-0.022486,0.031622,0.012298,0.001990,0.001049,0.000325,0.001773
44.353081,-0.891140,1.107904,1.037051,0.869129,0.890349,0.736658,0.253384,-0.182475,0.103400,0.046240,0.699104,0.422040,0.446927,0.170482,1.301775,-1.569802,-1.347852,-2.282173,0.539189,1.581735,2.474997,-0.020555,0.032043,0.011938,0.001730,0.000916,-0.000439,0.001579
44.353971,-0.891066,1.113836,1.039203,0.870880,0.891179,0.738698,0.253688,-0.183632,0.097705,0.040421,0.696067,0.422108,0.447499,0.170048,1.301724,-1.569742,-1.347833,-2.282171,0.539193,1.581737,2.474995,-0.022906,0.031114,0.011192,0.001577,0.001349,0.000323,-0.000393
44.355026,-0.894950,1.116848,1.045629,0.871193,0.892308,0.741452,0.251853,-0.181629,0.097342,0.040547,0.692706,0.422074,0.447512,0.169847,1.301706,-1.569707,-1.347827,-2.282168,0.539193,1.581738,2.475001,-0.022037,0.032413,0.009378,0.002226,0.000968,0.000193,0.001866
44.355937,-0.897752,1.122588,1.044000,0.873080,0.891812,0.743797,0.251144,-0.181629,0.097342,0.040547,0.692706,0.422074,0.447512,0.169847,1.301706,-1.569707,-1.347827,-2.282168,0.539193,1.581738,2.475001,-0.022037,0.032413,0.009378,0.002226,0.000968,0.000193,0.001866
44.357071,-0.898930,1.131423,1.051559,0.874374,0.894477,0.746250,0.251686,-0.180574,0.097925,0.042915,0.689787,0.422126,0.447405,0.169648,1.301686,-1.569676,-1.347812,-2.282170,0.539195,1.581739,2.475002,-0.021531,0.031927,0.011333,0.001227,0.002098,0.000119,0.002024
44.357945,-0.899357,1.137240,1.051271,0.874112,0.894995,0.750084,0.249876,-0.181632,0.099112,0.046726,0.688196,0.422291,0.447299,0.169417,1.301662,-1.569646,-1.347806,-2.282168,0.539193,1.581741,2.474995,-0.022371,0.031318,0.009382,0.001230,0.000388,0.000978,-0.000811
44.359000,-0.902874,1.144896,1.057035,0.876368,0.896951,0.752492,0.250033,-0.181536,0.105610,0.057517,0.683841,0.422581,0.446963,0.168854,1.301615,-1.569579,-1.347784,-2.282164,0.539193,1.581740,2.474996,-0.022941,0.031418,0.009933,0.001601,-0.000327,0.000720,-0.000640
44.360040,-0.905028,1.152605,1.061595,0.877117,0.896319,0.756438,0.249466,-0.181536,0.105610,0.057517,0.683841,0.422581,0.446963,0.168854,1.301615,-1.569579,-1.347784,-2.282164,0.539193,1.581740,2.474996,-0.022941,0.031418,0.009933,0.001601,-0.000327,0.000720,-0.000640
44.360944,-0.910964,1.154856,1.064057,0.878067,0.897274,0.758669,0.248395,-0.179602,0.110667,0.063923,0.680475,0.422663,0.446725,0.168559,1.301591,-1.569546,-1.347775,-2.282161,0.539198,1.581738,2.474997,-0.023260,0.031285,0.009459,0.002135,0.001228,-0.000010,-0.001184
44.362038,-0.911023,1.164875,1.067210,0.880550,0.898326,0.761572,0.247243,-0.178753,0.115979,0.071127,0.677462,0.422787,0.446448,0.168270,1.301575,-1.569510,-1.347763,-2.282160,0.539198,1.581739,2.474998,-0.021531,0.033319,0.009748,0.002318,0.001074,0.000569,-0.000502
44.363030,-0.914471,1.173482,1.071176,0.881618,0.897214,0.765181,0.245888,-0.180454,0.120285,0.077994,0.675760,0.422988,0.446220,0.167996,1.301549,-1.569479,-1.347752,-2.282160,0.539201,1.581741,2.474997,-0.022995,0.032238,0.010056,0.001215,0.000988,0.001047,0.000025
44.363929,-0.914256,1.174465,1.070991,0.882908,0.898654,0.767352,0.245041,-0.183670,0.124182,0.084309,0.675328,0.423236,0.446116,0.167743,1.301527,-1.569445,-1.347742,-2.282159,0.539204,1.581741,2.474998,-0.022588,0.031460,0.009766,0.001411,0.002988,0.000506,0.001123
44.364998,-0.919572,1.183574,1.074438,0.883524,0.900262,0.771552,0.245316,-0.189143,0.130346,0.091791,0.675775,0.423573,0.446334,0.167293,1.301481,-1.569373,-1.347717,-2.282157,0.539203,1.581741,2.474995,-0.022650,0.033334,0.011461,0.001967,0.001712,0.000230,-0.000956
44.365981,-0.923866,1.186285,1.074446,0.883950,0.900102,0.774849,0.243331,-0.192419,0.130752,0.090746,0.676660,0.423602,0.446681,0.167050,1.301460,-1.569333,-1.347702,-2.282152,0.539210,1.581743,2.475000,-0.021846,0.035420,0.013098,0.002684,0.002717,-0.000024,0.001441
44.366942,-0.922191,1.194968,1.080899,0.885589,0.901837,0.777820,0.243806,-0.192419,0.130752,0.090746,0.676660,0.423602,0.446681,0.167050,1.301460,-1.569333,-1.347702,-2.282152,0.539210,1.581743,2.475000,-0.021846,0.035420,0.013098,0.002684,0.002717,-0.000024,0.001441
44.367997,-0.927180,1.198161,1.084790,0.887427,0.901855,0.780960,0.242959,-0.196370,0.129573,0.087009,0.677721,0.423538,0.447128,0.166783,1.301432,-1.569300,-1.347694,-2.282151,0.539207,1.581744,2.474993,-0.023923,0.034440,0.011503,0.002237,0.001861,-0.000020,-0.001088
44.368904,-0.928879,1.202936,1.086428,0.887969,0.902004,0.784603,0.241715,-0.199607,0.127936,0.082725,0.678599,0.423474,0.447583,0.166505,1.301413,-1.569258,-1.347683,-2.282152,0.539211,1.581745,2.474994,-0.022868,0.036547,0.011380,0.001766,0.002782,0.000101,-0.001090
44.369957,-0.929888,1.211015,1.090213,0.890571,0.904308,0.786858,0.241036,-0.203001,0.125651,0.078635,0.679979,0.423509,0.448038,0.166226,1.301388,-1.569220,-1.347671,-2.282149,0.539216,1.581744,2.474999,-0.023206,0.037276,0.012087,0.002344,0.003406,-0.000731,-0.000085
44.370961,-0.934164,1.212512,1.092751,0.890442,0.904453,0.789135,0.240347,-0.206681,0.122516,0.074200,0.682082,0.423637,0.448543,0.165945,1.301362,-1.569183,-1.347659,-2.282149,0.539214,1.581746,2.474996,-0.024087,0.036951,0.011976,0.001051,0.002055,0.000282,-0.000444
44.371914,-0.935777,1.222761,1.096511,0.892353,0.905838,0.792422,0.239302,-0.210116,0.118728,0.069427,0.684672,0.423851,0.449079,0.165647,1.301341,-1.569137,-1.347647,-2.282144,0.539219,1.581748,2.474996,-0.023301,0.039662,0.012412,0.002370,0.002798,0.001106,-0.000695
44.372999,-0.937640,1.227480,1.101096,0.894832,0.904567,0.796392,0.238330,-0.213730,0.114292,0.064536,0.687552,0.424159,0.449586,0.165317,1.301316,-1.569105,-1.347635,-2.282143,0.539220,1.581749,2.474997,-0.023748,0.037866,0.012130,0.001635,0.002249,0.000758,-0.000152
44.373884,-0.940432,1.233031,1.102526,0.893678,0.904294,0.800361,0.237013,-0.217413,0.110146,0.060383,0.690817,0.424620,0.450091,0.164957,1.301290,-1.569062,-1.347624,-2.282144,0.539228,1.581749,2.474996,-0.024253,0.039323,0.011706,0.000562,0.004453,0.000148,0.000028
44.375004,-0.944759,1.241330,1.109686,0.895421,0.904467,0.802083,0.236357,-0.220530,0.106687,0.057052,0.694169,0.425236,0.450616,0.164589,1.301267,-1.569023,-1.347608,-2.282139,0.539235,1.581746,2.474996,-0.024005,0.039567,0.012436,0.002765,0.005452,-0.001070,0.001234
44.376057,-0.946614,1.246509,1.114499,0.896720,0.904546,0.804785,0.235099,-0.222875,0.104140,0.054729,0.696513,0.425918,0.451019,0.164231,1.301245,-1.568984,-1.347602,-2.282138,0.539243,1.581750,2.474994,-0.023378,0.039382,0.010813,0.002415,0.006211,0.000693,0.000715
44.377010,-0.947590,1.256743,1.118706,0.899636,0.903735,0.807796,0.235467,-0.225085,0.103032,0.054883,0.697774,0.426704,0.451166,0.163884,1.301220,-1.568939,-1.347594,-2.282137,0.539252,1.581751,2.474997,-0.023866,0.040433,0.010254,0.002448,0.007003,0.001237,0.001520
44.377932,-0.952848,1.258348,1.120597,0.899689,0.902162,0.810779,0.233953,-0.227066,0.103744,0.058199,0.698655,0.427678,0.451130,0.163537,1.301194,-1.568905,-1.347584,-2.282139,0.539262,1.581752,2.474995,-0.024599,0.038651,0.009787,0.000778,0.008583,0.001164,-0.000787
44.378974,-0.952925,1.265915,1.123531,0.901091,0.900545,0.812982,0.233748,-0.229071,0.105998,0.063697,0.699929,0.428847,0.451076,0.163187,1.301174,-1.568859,-1.347572,-2.282135,0.539275,1.581753,2.474997,-0.023203,0.040977,0.010404,0.001830,0.010878,0.001037,0.000771
44.379971,-0.955543,1.272875,1.126987,0.902536,0.897982,0.816515,0.233471,-0.231530,0.108478,0.069360,0.701587,0.430149,0.451054,0.162842,1.301148,-1.568819,-1.347560,-2.282132,0.539295,1.581757,2.474994,-0.024555,0.040818,0.010703,0.001679,0.013243,0.002050,-0.000529
44.381029,-0.956944,1.281244,1.131007,0.903911,0.895536,0.820301,0.232022,-0.233059,0.110909,0.074047,0.702684,0.431497,0.451039,0.162504,1.301122,-1.568779,-1.347548,-2.282131,0.539317,1.581755,2.474990,-0.024539,0.040800,0.010659,0.001485,0.016496,0.001602,-0.001578
44.382045,-0.958586,1.287665,1.134205,0.905017,0.894321,0.821941,0.230036,-0.232516,0.114071,0.078021,0.702702,0.432880,0.451026,0.162195,1.301095,-1.568740,-1.347538,-2.282132,0.539343,1.581757,2.474991,-0.025222,0.040322,0.010462,0.001491,0.019638,0.001082,-0.000383
44.382940,-0.960854,1.289310,1.133259,0.906283,0.891046,0.825351,0.229657,-0.229390,0.118395,0.081661,0.701317,0.434313,0.450975,0.161948,1.301069,-1.568698,-1.347527,-2.282128,0.539372,1.581760,2.474998,-0.025734,0.040641,0.010602,0.001591,0.021479,0.002595,0.001922
44.383908,-0.963747,1.295659,1.138553,0.908442,0.887178,0.829334,0.228225,-0.223905,0.122782,0.083708,0.698726,0.435812,0.450908,0.161767,1.301044,-1.568652,-1.347510,-2.282129,0.539408,1.581761,2.474996,-0.025732,0.042830,0.012543,0.001491,0.025221,0.001937,0.001204
44.385030,-0.965994,1.302852,1.144681,0.910620,0.887059,0.833311,0.228342,-0.217898,0.125494,0.082612,0.696296,0.437440,0.450954,0.161630,1.301018,-1.568608,-1.347501,-2.282129,0.539450,1.581763,2.474998,-0.025535,0.042934,0.011532,0.000557,0.029561,0.000933,0.002503
44.386026,-0.967761,1.308148,1.147570,0.911337,0.884581,0.837292,0.227117,-0.213103,0.126751,0.079989,0.695379,0.439302,0.451142,0.161515,1.300992,-1.568566,-1.347492,-2.282130,0.539482,1.581763,2.474993,-0.025914,0.043272,0.010422,-0.000158,0.030343,0.000444,0.000430
44.386935,-0.969173,1.311420,1.150459,0.911794,0.883434,0.839958,0.226825,-0.209445,0.127562,0.078004,0.695945,0.441395,0.451392,0.161397,1.300966,-1.568520,-1.347479,-2.282129,0.539525,1.581761,2.474998,-0.026329,0.044015,0.010666,0.000388,0.033311,-0.000442,0.001274
44.388009,-0.970104,1.318541,1.154261,0.911669,0.883819,0.843296,0.226434,-0.205582,0.127950,0.076493,0.696749,0.443524,0.451633,0.161270,1.300938,-1.568473,-1.347469,-2.282127,0.539565,1.581762,2.474996,-0.026757,0.045420,0.010759,0.001045,0.034871,-0.000289,0.000366
44.388991,-0.973811,1.326535,1.157010,0.913131,0.883873,0.846419,0.225587,-0.199759,0.127934,0.074978,0.696079,0.445434,0.451769,0.161131,1.300910,-1.568426,-1.347458,-2.282121,0.539602,1.581763,2.474993,-0.027688,0.045530,0.010696,0.002410,0.035083,-0.000303,-0.000584
44.390001,-0.977274,1.336526,1.161779,0.916105,0.885687,0.847618,0.223846,-0.191273,0.128252,0.073823,0.693084,0.446963,0.451774,0.160979,1.300885,-1.568380,-1.347445,-2.282120,0.539638,1.581762,2.474994,-0.027108,0.044864,0.010980,0.002172,0.035561,-0.000379,-0.000480
44.390957,-0.979128,1.340857,1.163527,0.917300,0.886767,0.850296,0.223464,-0.182417,0.129766,0.074101,0.689404,0.448169,0.451777,0.160832,1.300861,-1.568340,-1.347435,-2.282124,0.539670,1.581767,2.474997,-0.026719,0.043378,0.010318,0.000565,0.034326,0.001545,0.001364
44.391979,-0.981930,1.349544,1.165963,0.916739,0.888967,0.853368,0.222874,-0.175727,0.132565,0.076416,0.687225,0.449212,0.451926,0.160699,1.300835,-1.568293,-1.347421,-2.282124,0.539702,1.581768,2.474998,-0.027034,0.044449,0.011043,0.000607,0.033796,0.001807,0.000544
44.393047,-0.989284,1.352459,1.168847,0.919225,0.889987,0.856684,0.221805,-0.170744,0.136182,0.079812,0.686169,0.450097,0.452216,0.160565,1.300810,-1.568250,-1.347408,-2.282118,0.539732,1.581769,2.474996,-0.026972,0.043621,0.011548,0.002346,0.032222,0.001895,0.000074
44.394044,-0.991195,1.359686,1.171131,0.919546,0.889923,0.860089,0.221320,-0.168166,0.139647,0.083070,0.686034,0.450874,0.452621,0.160421,1.300788,-1.568199,-1.347393,-2.282119,0.539763,1.581771,2.474995,-0.024732,0.045796,0.011890,0.001222,0.031869,0.001877,0.000488
44.394980,-0.992646,1.364941,1.173569,0.919656,0.891059,0.863355,0.220186,-0.170521,0.141621,0.085368,0.688217,0.451733,0.453199,0.160278,1.300762,-1.568152,-1.347381,-2.282115,0.539796,1.581772,2.474993,-0.025105,0.045539,0.012432,0.002098,0.032520,0.001554,-0.000164
44.396051,-0.992273,1.371360,1.174895,0.919937,0.891878,0.865914,0.219600,-0.176121,0.142345,0.086315,0.691641,0.452681,0.453886,0.160147,1.300736,-1.568104,-1.347367,-2.282112,0.539828,1.581775,2.474996,-0.025584,0.046054,0.012761,0.003119,0.031903,0.001170,0.000582
44.397020,-0.995355,1.376555,1.181443,0.923698,0.892793,0.869213,0.219797,-0.180274,0.142968,0.085619,0.693365,0.453579,0.454514,0.160033,1.300707,-1.568055,-1.347349,-2.282106,0.539859,1.581779,2.474996,-0.027160,0.046489,0.013863,0.004063,0.031750,0.001922,-0.000001
44.397941,-0.999103,1.380664,1.181731,0.925284,0.890528,0.871434,0.218367,-0.181414,0.143919,0.083708,0.693115,0.454494,0.455070,0.159914,1.300682,-1.568006,-1.347339,-2.282111,0.539892,1.581781,2.474991,-0.026857,0.047134,0.012223,0.001622,0.031387,0.001602,-0.001962
44.398932,-1.002009,1.385043,1.185816,0.924270,0.891272,0.875487,0.217310,-0.182566,0.144744,0.081541,0.693716,0.455678,0.455710,0.159775,1.300656,-1.567957,-1.347322,-2.282112,0.539931,1.581784,2.474993,-0.026159,0.048141,0.013598,0.001272,0.034126,0.002230,-0.000576
44.400102,-1.005054,1.392831,1.189838,0.926299,0.891630,0.878717,0.215826,-0.190285,0.144250,0.075800,0.698753,0.458623,0.457138,0.159503,1.300602,-1.567853,-1.347298,-2.282103,0.540000,1.581787,2.474997,-0.026031,0.049359,0.013202,0.002815,0.034271,0.001623,0.000974
44.401015,-1.007268,1.396555,1.190853,0.928887,0.891837,0.882069,0.216362,-0.195691,0.143455,0.072545,0.701849,0.460125,0.457842,0.159354,1.300574,-1.567799,-1.347281,-2.282105,0.540034,1.581785,2.474991,-0.026062,0.050460,0.014180,0.001420,0.034557,0.001104,-0.001594
44.401957,-1.008174,1.400465,1.192897,0.929390,0.891391,0.884561,0.214558,-0.195691,0.143455,0.072545,0.701849,0.460125,0.457842,0.159354,1.300574,-1.567799,-1.347281,-2.282105,0.540034,1.581785,2.474991,-0.026062,0.050460,0.014180,0.001420,0.034557,0.001104,-0.001594
44.402939,-1.009083,1.412646,1.197290,0.929217,0.891985,0.887694,0.214271,-0.202022,0.141788,0.068072,0.706228,0.461606,0.458754,0.159180,1.300546,-1.567745,-1.347265,-2.282102,0.540071,1.581788,2.474994,-0.026800,0.051588,0.014695,0.002078,0.035499,0.001526,0.000515
44.403963,-1.013268,1.413742,1.201236,0.931347,0.893571,0.890858,0.212970,-0.206619,0.140515,0.062881,0.709913,0.462878,0.459773,0.159011,1.300516,-1.567701,-1.347253,-2.282095,0.540106,1.581788,2.474991,-0.027574,0.048818,0.014149,0.003347,0.035437,0.001430,-0.000529
44.404945,-1.017610,1.417485,1.202505,0.933112,0.895207,0.893118,0.211997,-0.208127,0.141314,0.058823,0.711447,0.463834,0.460741,0.158866,1.300492,-1.567642,-1.347242,-2.282094,0.540137,1.581794,2.474994,-0.026823,0.051671,0.013924,0.002479,0.034460,0.001404,0.000418
44.405911,-1.015688,1.424039,1.206240,0.932900,0.895886,0.894349,0.211471,-0.209964,0.142426,0.055652,0.713138,0.464658,0.461785,0.158740,1.300468,-1.567584,-1.347225,-2.282093,0.540168,1.581799,2.474996,-0.025945,0.052976,0.014904,0.001954,0.033402,0.002168,0.000755
44.406935,-1.016094,1.429689,1.207631,0.935497,0.896844,0.896149,0.210194,-0.213081,0.142441,0.052355,0.715700,0.465421,0.462960,0.158613,1.300436,-1.567532,-1.347211,-2.282087,0.540198,1.581804,2.474994,-0.028113,0.052881,0.014631,0.003265,0.033306,0.003911,0.000233
44.407944,-1.020098,1.434785,1.210773,0.936080,0.900444,0.898056,0.209212,-0.213619,0.142436,0.048918,0.716848,0.466002,0.464152,0.158471,1.300404,-1.567476,-1.347193,-2.282087,0.540232,1.581810,2.474996,-0.029169,0.053448,0.015619,0.001962,0.032943,0.005244,0.001129
44.409013,-1.021458,1.442241,1.218759,0.937650,0.901086,0.899793,0.209823,-0.210760,0.142607,0.045192,0.716400,0.466426,0.465372,0.158305,1.300377,-1.567422,-1.347178,-2.282084,0.540260,1.581821,2.474998,-0.028451,0.054236,0.015700,0.002613,0.029947,0.006400,0.001441
44.410080,-1.024180,1.448743,1.216506,0.938782,0.901223,0.902549,0.207299,-0.206529,0.143076,0.042571,0.715294,0.466848,0.466545,0.158094,1.300348,-1.567369,-1.347167,-2.282083,0.540287,1.581829,2.474990,-0.029164,0.054092,0.013524,0.002377,0.030044,0.007929,-0.001520
44.410943,-1.026237,1.453327,1.220851,0.940278,0.902186,0.902228,0.207509,-0.201495,0.144446,0.042047,0.713539,0.467323,0.467597,0.157846,1.300320,-1.567315,-1.347146,-2.282079,0.540316,1.581838,2.474998,-0.029182,0.054419,0.016402,0.002507,0.030591,0.008417,0.001824
44.411935,-1.027595,1.458252,1.221379,0.941190,0.902447,0.902706,0.206759,-0.196061,0.146261,0.041993,0.711463,0.467822,0.468661,0.157588,1.300289,-1.567256,-1.347131,-2.282077,0.540343,1.581856,2.474994,-0.029177,0.054841,0.015602,0.002069,0.030132,0.011329,-0.000034
44.412943,-1.030896,1.466933,1.225843,0.941510,0.904738,0.902774,0.205296,-0.190733,0.147937,0.041505,0.709341,0.468345,0.469798,0.157321,1.300257,-1.567199,-1.347111,-2.282073,0.540372,1.581875,2.474993,-0.029728,0.055622,0.016940,0.002352,0.030488,0.013811,-0.000128
44.413937,-1.036255,1.472115,1.229999,0.944267,0.905955,0.901416,0.205470,-0.185152,0.149786,0.040997,0.706551,0.468856,0.470963,0.157052,1.300230,-1.567148,-1.347096,-2.282068,0.540397,1.581898,2.474996,-0.029364,0.054636,0.016368,0.003200,0.028838,0.016733,0.001161
44.415007,-1.032287,1.476264,1.231162,0.945882,0.906145,0.899668,0.204288,-0.180797,0.152323,0.041825,0.703541,0.469404,0.472161,0.156787,1.300203,-1.567092,-1.347082,-2.282071,0.540423,1.581931,2.474992,-0.027952,0.055321,0.015946,0.001755,0.028282,0.020991,-0.000820
44.415977,-1.039393,1.482883,1.232424,0.948496,0.907343,0.898712,0.203573,-0.178381,0.155073,0.044241,0.701228,0.470073,0.473504,0.156526,1.300163,-1.567031,-1.347064,-2.282071,0.540453,1.581969,2.474994,-0.031238,0.056755,0.017132,0.001537,0.028768,0.025833,-0.000179
44.416912,-1.039561,1.487042,1.237033,0.949139,0.907405,0.898728,0.203033,-0.176622,0.157055,0.046450,0.699755,0.470821,0.475154,0.156278,1.300141,-1.566974,-1.347044,-2.282073,0.540480,1.582010,2.474992,-0.028922,0.056593,0.018042,0.000188,0.028173,0.029536,-0.000325
44.418016,-1.039837,1.491355,1.240431,0.952981,0.909317,0.900886,0.201491,-0.176552,0.157974,0.048022,0.699846,0.471637,0.477148,0.156041,1.300108,-1.566915,-1.347029,-2.282070,0.540508,1.582051,2.474992,-0.029984,0.057505,0.017258,0.000690,0.028694,0.032162,-0.000767
44.419024,-1.043849,1.498000,1.238367,0.952069,0.911631,0.903284,0.201052,-0.178067,0.157978,0.049680,0.701761,0.472556,0.479404,0.155807,1.300074,-1.566853,-1.347013,-2.282076,0.540532,1.582088,2.474996,-0.031223,0.058976,0.017401,-0.001612,0.027521,0.033187,0.000524
44.419938,-1.047931,1.507198,1.247939,0.951118,0.912382,0.905525,0.200762,-0.179663,0.156818,0.050327,0.705130,0.473531,0.481907,0.155579,1.300045,-1.566793,-1.346988,-2.282072,0.540558,1.582124,2.474991,-0.030478,0.058905,0.020002,0.000532,0.025865,0.033696,-0.000238
44.421004,-1.047744,1.512607,1.249625,0.954040,0.914286,0.909633,0.198836,-0.180905,0.155699,0.050274,0.708276,0.474417,0.484398,0.155355,1.300018,-1.566739,-1.346978,-2.282067,0.540582,1.582160,2.474992,-0.029591,0.057260,0.016726,0.002514,0.025719,0.034067,-0.001150
44.421893,-1.053959,1.515374,1.254901,0.952372,0.914141,0.913502,0.199412,-0.181297,0.156888,0.052423,0.709709,0.475216,0.486553,0.155138,1.299985,-1.566678,-1.346958,-2.282068,0.540605,1.582193,2.474997,-0.031031,0.058064,0.017640,0.000963,0.024538,0.033051,0.000978
44.422889,-1.055046,1.521031,1.252859,0.954367,0.913939,0.915408,0.198724,-0.181355,0.160186,0.057194,0.710025,0.476063,0.488400,0.154927,1.299961,-1.566616,-1.346943,-2.282060,0.540631,1.582224,2.474990,-0.029041,0.059470,0.016432,0.003615,0.025252,0.031752,-0.001637
44.424010,-1.055668,1.527231,1.260771,0.955539,0.914554,0.919926,0.196610,-0.182345,0.163954,0.062497,0.709807,0.476962,0.490064,0.154709,1.299931,-1.566557,-1.346918,-2.282059,0.540660,1.582259,2.474991,-0.029765,0.059863,0.019026,0.002828,0.026065,0.032743,-0.001861
44.424982,-1.058564,1.529711,1.259598,0.956523,0.913570,0.922214,0.196979,-0.183611,0.167653,0.066878,0.709038,0.477859,0.491683,0.154502,1.299897,-1.566493,-1.346905,-2.282055,0.540689,1.582291,2.474997,-0.030865,0.060426,0.016924,0.003004,0.026171,0.031490,0.000546
44.425887,-1.059831,1.536369,1.261998,0.959007,0.914783,0.924527,0.195741,-0.183907,0.171149,0.070013,0.707636,0.478733,0.493351,0.154315,1.299868,-1.566425,-1.346882,-2.282052,0.540719,1.582319,2.474990,-0.030615,0.062232,0.019060,0.003195,0.027761,0.032062,-0.001791
44.427005,-1.061132,1.540959,1.264448,0.961035,0.915732,0.927869,0.195364,-0.183868,0.173712,0.070961,0.706329,0.479561,0.495202,0.154134,1.299836,-1.566365,-1.346863,-2.282053,0.540741,1.582350,2.474993,-0.031068,0.061741,0.019272,0.001870,0.027128,0.032368,-0.000764
44.428031,-1.060393,1.547370,1.266791,0.960681,0.918229,0.929605,0.194499,-0.184185,0.175108,0.069256,0.706246,0.480354,0.497417,0.153963,1.299802,-1.566298,-1.346841,-2.282054,0.540768,1.582380,2.474989,-0.031817,0.063087,0.019849,0.001305,0.026921,0.032312,-0.001834
44.428972,-1.063622,1.548871,1.271600,0.962653,0.918676,0.931417,0.192944,-0.183159,0.175878,0.065458,0.706476,0.481032,0.499947,0.153823,1.299764,-1.566234,-1.346822,-2.282049,0.540791,1.582416,2.474992,-0.033399,0.063157,0.020322,0.002885,0.025115,0.033549,-0.001771
44.430122,-1.066872,1.554644,1.275953,0.963696,0.921664,0.935918,0.192551,-0.179356,0.176358,0.060525,0.705524,0.481514,0.502578,0.153728,1.299733,-1.566166,-1.346804,-2.282048,0.540817,1.582449,2.474996,-0.032913,0.065334,0.019421,0.002070,0.025285,0.034453,-0.000193
44.430994,-1.070011,1.563747,1.278777,0.963592,0.921030,0.938761,0.191219,-0.174944,0.176116,0.055917,0.704349,0.481931,0.505211,0.153660,1.299703,-1.566098,-1.346785,-2.282045,0.540839,1.582478,2.474994,-0.032781,0.066168,0.019131,0.002436,0.023099,0.033324,-0.001295
44.431937,-1.070456,1.565581,1.282868,0.964543,0.922098,0.941738,0.190740,-0.171772,0.175742,0.052889,0.703572,0.482355,0.507799,0.153595,1.299673,-1.566036,-1.346763,-2.282041,0.540868,1.582512,2.474994,-0.032254,0.064296,0.019066,0.003561,0.024260,0.032988,-0.000027
44.433028,-1.072404,1.570070,1.289084,0.965686,0.924016,0.946071,0.189588,-0.169172,0.176643,0.052160,0.702135,0.482718,0.510240,0.153518,1.299639,-1.565965,-1.346745,-2.282035,0.540890,1.582544,2.474993,-0.033159,0.066291,0.018532,0.003663,0.023812,0.032742,-0.000615
44.434030,-1.077403,1.573616,1.289624,0.967479,0.924130,0.949454,0.189454,-0.166397,0.178644,0.053914,0.699722,0.483073,0.512474,0.153401,1.299606,-1.565894,-1.346729,-2.282029,0.540914,1.582576,2.474996,-0.033548,0.067507,0.017229,0.003779,0.022641,0.031587,-0.000089
44.434909,-1.079888,1.580773,1.293248,0.967811,0.925002,0.952361,0.188533,-0.164773,0.180449,0.057419,0.697601,0.483555,0.514579,0.153217,1.299576,-1.565823,-1.346708,-2.282027,0.540940,1.582609,2.474989,-0.032283,0.068847,0.018565,0.003215,0.023199,0.031123,-0.001441
44.435944,-1.079134,1.580890,1.296422,0.969404,0.926418,0.955259,0.187444,-0.166399,0.181450,0.061432,0.697038,0.484211,0.516680,0.152971,1.299545,-1.565756,-1.346688,-2.282025,0.540962,1.582640,2.474992,-0.032105,0.067914,0.018112,0.003962,0.022889,0.030756,-0.001020
44.437012,-1.079504,1.588679,1.298847,0.970889,0.924917,0.957211,0.186005,-0.170317,0.181944,0.065496,0.697440,0.484996,0.518773,0.152704,1.299508,-1.565680,-1.346669,-2.282022,0.540985,1.582672,2.474992,-0.033721,0.071087,0.018205,0.003618,0.022184,0.030881,-0.000524
44.437905,-1.082951,1.588945,1.300314,0.973536,0.925557,0.960558,0.184442,-0.173437,0.182034,0.069060,0.697454,0.485844,0.520827,0.152461,1.299471,-1.565609,-1.346649,-2.282019,0.541015,1.582707,2.474994,-0.034815,0.070526,0.018722,0.003416,0.024382,0.032042,0.000617
44.438970,-1.085564,1.597058,1.302410,0.974325,0.924046,0.962634,0.184475,-0.175315,0.181387,0.071159,0.697455,0.486749,0.522935,0.152264,1.299438,-1.565529,-1.346630,-2.282019,0.541039,1.582739,2.474996,-0.034118,0.072993,0.019397,0.001912,0.024296,0.031247,0.002288
44.439984,-1.087324,1.600461,1.307210,0.975586,0.923851,0.966348,0.182938,-0.178115,0.179577,0.071238,0.698900,0.487734,0.525194,0.152102,1.299404,-1.565459,-1.346607,-2.282016,0.541070,1.582774,2.474990,-0.034124,0.072287,0.020029,0.002427,0.026487,0.032283,0.000478
44.440897,-1.088760,1.607491,1.308349,0.975918,0.924822,0.970440,0.182854,-0.182183,0.177264,0.069987,0.701485,0.488712,0.527507,0.151959,1.299368,-1.565382,-1.346589,-2.282012,0.541097,1.582807,2.474995,-0.034456,0.073693,0.019261,0.002371,0.027315,0.031498,0.001916
44.441925,-1.092260,1.610122,1.311020,0.977094,0.924804,0.974430,0.182248,-0.186108,0.175709,0.068595,0.703879,0.489565,0.529730,0.151834,1.299332,-1.565309,-1.346565,-2.282008,0.541122,1.582836,2.474990,-0.034782,0.072890,0.020104,0.003121,0.026914,0.030051,0.000590
44.443003,-1.091480,1.612907,1.314591,0.977671,0.925771,0.976240,0.180789,-0.189447,0.175220,0.067048,0.705644,0.490226,0.531880,0.151721,1.299300,-1.565230,-1.346545,-2.282005,0.541148,1.582862,2.474989,-0.034298,0.074713,0.020411,0.003173,0.027611,0.029097,0.000144
44.444179,-1.095001,1.619916,1.319908,0.978218,0.925797,0.979724,0.180502,-0.191981,0.175061,0.064813,0.706592,0.490681,0.533986,0.151622,1.299262,-1.565148,-1.346526,-2.282000,0.541175,1.582894,2.474993,-0.035993,0.076612,0.020370,0.003853,0.027346,0.030464,0.001311
44.444968,-1.097078,1.620150,1.323416,0.980431,0.926897,0.980573,0.180868,-0.192523,0.175080,0.062453,0.705799,0.490930,0.535962,0.151526,1.299227,-1.565072,-1.346508,-2.281994,0.541203,1.582922,2.474991,-0.035690,0.076823,0.019654,0.004671,0.028120,0.030439,-0.000045
44.445983,-1.100866,1.624584,1.328166,0.981732,0.927062,0.982826,0.178566,-0.191947,0.175565,0.061323,0.703691,0.491083,0.537787,0.151407,1.299192,-1.564989,-1.346489,-2.281992,0.541229,1.582957,2.474987,-0.035506,0.078855,0.019121,0.003409,0.027460,0.031845,-0.002049
44.446925,-1.100050,1.628316,1.328373,0.983177,0.929142,0.984054,0.178792,-0.193365,0.176018,0.062278,0.702511,0.491366,0.539569,0.151259,1.299158,-1.564908,-1.346470,-2.281989,0.541258,1.582992,2.474993,-0.034843,0.079665,0.018372,0.003340,0.027935,0.032515,0.000930
44.448004,-1.103788,1.636654,1.333901,0.983470,0.929165,0.987124,0.177572,-0.197313,0.176218,0.064851,0.702992,0.491827,0.541377,0.151096,1.299120,-1.564827,-1.346449,-2.281987,0.541281,1.583027,2.474987,-0.036326,0.080556,0.019774,0.003046,0.026462,0.034006,-0.001079
44.449042,-1.104924,1.635507,1.334403,0.985037,0.928621,0.989411,0.175953,-0.201660,0.177049,0.068333,0.703901,0.492328,0.543178,0.150932,1.299084,-1.564746,-1.346432,-2.281979,0.541310,1.583062,2.474987,-0.035755,0.079674,0.018767,0.003968,0.027159,0.034062,-0.000366
44.450047,-1.106942,1.643005,1.341498,0.985864,0.928758,0.992581,0.175619,-0.205470,0.178724,0.072182,0.704441,0.492775,0.544903,0.150796,1.299046,-1.564656,-1.346409,-2.281977,0.541339,1.583098,2.474991,-0.036419,0.083315,0.020166,0.003661,0.028359,0.034778,0.001174
44.450937,-1.107984,1.645929,1.341591,0.986829,0.931151,0.994589,0.175111,-0.208842,0.180531,0.075950,0.704679,0.493167,0.546526,0.150701,1.299010,-1.564575,-1.346395,-2.281971,0.541366,1.583132,2.474990,-0.036595,0.082524,0.018267,0.003992,0.028852,0.034512,0.000188
44.452033,-1.111387,1.649373,1.345097,0.988051,0.932061,0.997912,0.173585,-0.211339,0.182927,0.080271,0.704459,0.493505,0.548020,0.150632,1.298973,-1.564489,-1.346372,-2.281967,0.541390,1.583169,2.474989,-0.037062,0.083570,0.019617,0.004061,0.027012,0.035053,-0.000234
44.452982,-1.110996,1.657031,1.347443,0.989298,0.932376,1.001366,0.173463,-0.213246,0.185772,0.084701,0.704065,0.493795,0.549450,0.150574,1.298936,-1.564401,-1.346352,-2.281963,0.541415,1.583200,2.474992,-0.036683,0.085134,0.019613,0.004139,0.026862,0.034930,0.001042
44.453921,-1.110858,1.659392,1.353042,0.990530,0.933341,1.003122,0.172340,-0.214724,0.188747,0.088426,0.703831,0.494057,0.550920,0.150518,1.298896,-1.564317,-1.346331,-2.281959,0.541442,1.583235,2.474990,-0.037942,0.084026,0.019936,0.004018,0.027138,0.034205,-0.000274
44.455071,-1.113518,1.658498,1.356119,0.992455,0.933739,1.006139,0.171907,-0.214234,0.192940,0.092338,0.703077,0.494288,0.552409,0.150455,1.298855,-1.564229,-1.346313,-2.281955,0.541468,1.583273,2.474992,-0.039037,0.085526,0.018636,0.003892,0.026759,0.035147,0.000456
44.455918,-1.115589,1.662827,1.355210,0.993403,0.933714,1.008356,0.171430,-0.211710,0.197595,0.096756,0.702010,0.494584,0.553878,0.150371,1.298816,-1.564131,-1.346292,-2.281952,0.541499,1.583308,2.474990,-0.039089,0.089368,0.018970,0.003346,0.027111,0.035479,-0.000556
44.456938,-1.116431,1.671326,1.360944,0.993562,0.933988,1.011567,0.169476,-0.209326,0.200365,0.099861,0.702025,0.495030,0.555431,0.150253,1.298778,-1.564041,-1.346268,-2.281948,0.541528,1.583343,2.474988,-0.038958,0.089441,0.020710,0.003391,0.027612,0.035680,-0.000968
44.458105,-1.121045,1.677864,1.360504,0.995055,0.936662,1.015575,0.169711,-0.207073,0.201636,0.100881,0.702627,0.495505,0.557082,0.150120,1.298736,-1.563953,-1.346250,-2.281940,0.541556,1.583380,2.474994,-0.039928,0.088760,0.019742,0.004583,0.028119,0.035800,0.001108
44.459094,-1.123256,1.682947,1.361750,0.996869,0.937711,1.017686,0.168719,-0.203575,0.202969,0.100337,0.702264,0.495842,0.558725,0.149985,1.298696,-1.563861,-1.346224,-2.281935,0.541581,1.583414,2.474987,-0.039455,0.090095,0.022326,0.004824,0.026472,0.035902,-0.001599
44.459945,-1.122849,1.687068,1.370440,0.999598,0.936432,1.020906,0.166520,-0.199532,0.203546,0.096722,0.701347,0.496007,0.560453,0.149846,1.298657,-1.563769,-1.346200,-2.281931,0.541604,1.583451,2.474986,-0.039852,0.091262,0.023640,0.004504,0.026307,0.037242,-0.001458
44.461054,-1.128546,1.694449,1.372206,1.001330,0.937918,1.024485,0.165505,-0.192803,0.201968,0.084392,0.701866,0.496391,0.564236,0.149641,1.298573,-1.563581,-1.346159,-2.281926,0.541661,1.583522,2.474991,-0.040073,0.092790,0.022354,0.003082,0.027698,0.037261,0.001230
44.462012,-1.128963,1.696777,1.376735,1.002608,0.938913,1.026326,0.165063,-0.192803,0.201968,0.084392,0.701866,0.496391,0.564236,0.149641,1.298573,-1.563581,-1.346159,-2.281926,0.541661,1.583522,2.474991,-0.040073,0.092790,0.022354,0.003082,0.027698,0.037261,0.001230
44.462905,-1.132059,1.703659,1.378808,1.003504,0.938057,1.028177,0.163620,-0.191691,0.200574,0.079112,0.704392,0.496836,0.566164,0.149564,1.298529,-1.563481,-1.346139,-2.281921,0.541686,1.583561,2.474989,-0.041259,0.095107,0.021997,0.003215,0.027515,0.038738,0.000299
44.464035,-1.136474,1.707561,1.386395,1.003603,0.940787,1.031187,0.162769,-0.191659,0.198561,0.074096,0.707534,0.497371,0.568012,0.149475,1.298489,-1.563386,-1.346115,-2.281917,0.541717,1.583603,2.474991,-0.040995,0.094849,0.022699,0.003653,0.029075,0.039937,0.001502
44.465000,-1.136002,1.713605,1.388275,1.005611,0.942849,1.034134,0.161547,-0.192107,0.196534,0.070109,0.710027,0.497893,0.569592,0.149374,1.298449,-1.563282,-1.346097,-2.281909,0.541741,1.583644,2.474990,-0.040552,0.097182,0.021230,0.005190,0.027323,0.040864,0.001046
44.465970,-1.138722,1.719668,1.391461,1.008933,0.942487,1.038424,0.160789,-0.192612,0.194797,0.067859,0.711232,0.498360,0.570797,0.149256,1.298404,-1.563184,-1.346073,-2.281903,0.541766,1.583685,2.474993,-0.042181,0.097662,0.022202,0.004574,0.026094,0.041230,0.001662
44.467059,-1.143819,1.724706,1.396839,1.007373,0.943828,1.040837,0.160469,-0.192485,0.193395,0.066611,0.711911,0.498801,0.571842,0.149113,1.298362,-1.563085,-1.346048,-2.281905,0.541796,1.583723,2.474992,-0.042234,0.098163,0.022501,0.002835,0.027251,0.040292,0.001330
44.468020,-1.143545,1.729349,1.399683,1.009654,0.945190,1.043718,0.159084,-0.192445,0.192349,0.065856,0.712844,0.499221,0.572869,0.148932,1.298323,-1.562983,-1.346027,-2.281894,0.541821,1.583769,2.474988,-0.041365,0.099742,0.022010,0.005925,0.026853,0.041657,-0.000090
44.468916,-1.148286,1.729706,1.404804,1.011554,0.946923,1.045623,0.158188,-0.192355,0.191671,0.065849,0.712959,0.499525,0.573724,0.148717,1.298278,-1.562879,-1.346003,-2.281891,0.541847,1.583809,2.474990,-0.042897,0.100845,0.022477,0.005094,0.026295,0.042077,0.000872
44.470023,-1.150259,1.738046,1.409107,1.012626,0.947845,1.050134,0.157553,-0.192401,0.190676,0.066420,0.712627,0.499759,0.574426,0.148491,1.298238,-1.562768,-1.345982,-2.281889,0.541870,1.583855,2.474991,-0.041805,0.103719,0.021682,0.004577,0.025324,0.043218,0.000952
44.470925,-1.151095,1.743829,1.410899,1.014683,0.949314,1.052003,0.155657,-0.194119,0.188716,0.067677,0.713387,0.500077,0.575081,0.148262,1.298194,-1.562666,-1.345959,-2.281884,0.541899,1.583899,2.474988,-0.042505,0.103683,0.021773,0.005167,0.025357,0.042525,0.000125
44.472020,-1.153618,1.746067,1.414048,1.014143,0.950459,1.055915,0.155219,-0.196571,0.186650,0.069582,0.714862,0.500452,0.575732,0.148036,1.298149,-1.562561,-1.345935,-2.281880,0.541923,1.583943,2.474994,-0.043347,0.103923,0.022631,0.004462,0.024639,0.043750,0.002214
44.472911,-1.159666,1.753480,1.416883,1.016841,0.951449,1.059723,0.155465,-0.197640,0.184855,0.070979,0.715800,0.500761,0.576398,0.147823,1.298107,-1.562450,-1.345912,-2.281868,0.541946,1.583984,2.474990,-0.043745,0.106835,0.023252,0.006503,0.024486,0.043624,0.000997
44.473897,-1.156605,1.760397,1.418672,1.017950,0.950632,1.063105,0.153779,-0.198249,0.182683,0.071012,0.716349,0.501004,0.577107,0.147597,1.298068,-1.562344,-1.345887,-2.281866,0.541969,1.584026,2.474985,-0.042006,0.106154,0.023549,0.005152,0.024251,0.042856,-0.001176
44.475056,-1.161658,1.763575,1.425447,1.020225,0.951847,1.066423,0.153284,-0.199253,0.180750,0.069836,0.717185,0.501221,0.577984,0.147353,1.298019,-1.562236,-1.345862,-2.281860,0.541998,1.584068,2.474990,-0.044944,0.106217,0.024593,0.005509,0.025896,0.042878,0.000341
44.476086,-1.164922,1.772328,1.428614,1.022050,0.953105,1.067772,0.152359,-0.199004,0.179773,0.067860,0.717772,0.501403,0.579054,0.147110,1.297976,-1.562122,-1.345841,-2.281858,0.542024,1.584113,2.474986,-0.044170,0.108926,0.023553,0.005030,0.025691,0.043586,-0.000879
44.476970,-1.164841,1.776008,1.433515,1.023345,0.955188,1.070986,0.150502,-0.198442,0.179376,0.066064,0.718547,0.501626,0.580236,0.146877,1.297931,-1.562013,-1.345817,-2.281853,0.542046,1.584161,2.474988,-0.044054,0.108220,0.024018,0.004730,0.025351,0.045774,-0.000979
44.478034,-1.170613,1.781330,1.434480,1.023656,0.953774,1.075493,0.149883,-0.198632,0.179849,0.065608,0.719964,0.501926,0.581459,0.146660,1.297884,-1.561901,-1.345795,-2.281849,0.542067,1.584205,2.474993,-0.045304,0.109358,0.023300,0.004761,0.024032,0.045547,0.001057
44.479037,-1.169939,1.788392,1.439392,1.027180,0.955283,1.077540,0.149386,-0.198879,0.181265,0.066178,0.721313,0.502215,0.582676,0.146460,1.297843,-1.561788,-1.345767,-2.281839,0.542095,1.584248,2.474988,-0.044008,0.110528,0.024906,0.005941,0.026381,0.044710,0.000271
44.479931,-1.168920,1.792719,1.443771,1.028065,0.957674,1.079367,0.148517,-0.199409,0.183085,0.066652,0.722650,0.502441,0.583928,0.146256,1.297794,-1.561679,-1.345744,-2.281840,0.542118,1.584298,2.474988,-0.045777,0.110564,0.024419,0.004022,0.025723,0.046099,-0.000640
44.481015,-1.172795,1.797624,1.447326,1.029513,0.959772,1.082589,0.147009,-0.198723,0.185907,0.067492,0.723791,0.502614,0.585206,0.146050,1.297742,-1.561566,-1.345721,-2.281834,0.542140,1.584346,2.474985,-0.047441,0.111401,0.023974,0.004456,0.024100,0.047287,-0.000577
44.482003,-1.174308,1.801781,1.452163,1.029728,0.959727,1.086007,0.145969,-0.195351,0.190128,0.069423,0.724066,0.502736,0.586400,0.145868,1.297695,-1.561449,-1.345696,-2.281828,0.542163,1.584396,2.474988,-0.047074,0.112827,0.024351,0.004596,0.022979,0.047770,0.000382
44.482929,-1.175855,1.802675,1.454697,1.032506,0.960838,1.088527,0.145023,-0.190163,0.195101,0.072141,0.723288,0.502789,0.587423,0.145723,1.297646,-1.561333,-1.345672,-2.281818,0.542189,1.584445,2.474986,-0.047706,0.114164,0.023874,0.005736,0.023879,0.047708,0.000588
44.484057,-1.179031,1.807447,1.457795,1.033196,0.962567,1.092507,0.144096,-0.184337,0.199842,0.075013,0.721902,0.502803,0.588289,0.145616,1.297597,-1.561211,-1.345645,-2.281815,0.542212,1.584495,2.474988,-0.048181,0.116777,0.024383,0.004361,0.023557,0.048319,0.000714
44.484955,-1.181602,1.811276,1.462502,1.033016,0.961803,1.095225,0.143060,-0.179105,0.203059,0.076810,0.720969,0.502848,0.589132,0.145532,1.297550,-1.561086,-1.345617,-2.281807,0.542235,1.584542,2.474990,-0.048268,0.118376,0.025054,0.005299,0.022844,0.048226,0.000416
44.485974,-1.181580,1.817894,1.463857,1.036743,0.965022,1.097574,0.142652,-0.171119,0.205666,0.076812,0.718954,0.502884,0.590652,0.145338,1.297450,-1.560844,-1.345567,-2.281800,0.542282,1.584647,2.474986,-0.049615,0.119573,0.025764,0.004635,0.022037,0.049633,-0.000327
44.487024,-1.185147,1.821055,1.470170,1.038154,0.963946,1.101566,0.141337,-0.171119,0.205666,0.076812,0.718954,0.502884,0.590652,0.145338,1.297450,-1.560844,-1.345567,-2.281800,0.542282,1.584647,2.474986,-0.049615,0.119573,0.025764,0.004635,0.022037,0.049633,-0.000327
44.487923,-1.181938,1.824820,1.469423,1.039712,0.964848,1.103450,0.140764,-0.168045,0.206588,0.075976,0.718310,0.502909,0.591449,0.145210,1.297400,-1.560716,-1.345544,-2.281794,0.542310,1.584693,2.474988,-0.049297,0.121577,0.024679,0.004800,0.024034,0.049237,0.000322
44.488923,-1.185518,1.828154,1.476155,1.041432,0.964963,1.104855,0.139378,-0.165079,0.207321,0.074386,0.718394,0.502985,0.592407,0.145060,1.297342,-1.560592,-1.345514,-2.281790,0.542335,1.584748,2.474987,-0.052023,0.122579,0.026758,0.004577,0.023859,0.050365,-0.000246
44.489954,-1.187177,1.828835,1.477820,1.042064,0.964944,1.107970,0.139256,-0.160600,0.207942,0.071716,0.718157,0.503037,0.593477,0.144883,1.297292,-1.560463,-1.345490,-2.281788,0.542360,1.584806,2.474991,-0.051582,0.124237,0.025329,0.004415,0.024613,0.052321,0.000630
44.490939,-1.187225,1.837141,1.483118,1.043688,0.966387,1.109682,0.137370,-0.155395,0.208006,0.068315,0.717561,0.503075,0.594548,0.144670,1.297240,-1.560329,-1.345461,-2.281780,0.542386,1.584859,2.474984,-0.052184,0.127331,0.026510,0.005262,0.025521,0.052683,-0.001082
44.491991,-1.191220,1.837596,1.481554,1.043784,0.966579,1.111941,0.136686,-0.149904,0.207538,0.064636,0.716332,0.503072,0.595514,0.144435,1.297182,-1.560206,-1.345437,-2.281776,0.542410,1.584918,2.474988,-0.053433,0.126451,0.025772,0.005112,0.024917,0.054271,0.000841
44.493059,-1.195209,1.841859,1.489472,1.048273,0.968019,1.114826,0.136544,-0.143525,0.207055,0.060301,0.713808,0.502921,0.596354,0.144203,1.297131,-1.560069,-1.345403,-2.281767,0.542435,1.584975,2.474987,-0.052896,0.129749,0.028564,0.006499,0.025650,0.055561,0.000194
44.494031,-1.194002,1.846352,1.491290,1.047477,0.967517,1.117485,0.134491,-0.138950,0.205507,0.054550,0.711710,0.502705,0.597203,0.143964,1.297079,-1.559934,-1.345380,-2.281768,0.542460,1.585031,2.474983,-0.052398,0.131177,0.026699,0.003718,0.025143,0.056286,-0.001541
44.494929,-1.195645,1.849125,1.495634,1.051489,0.968757,1.119690,0.134331,-0.137776,0.202801,0.048366,0.711471,0.502562,0.598136,0.143720,1.297019,-1.559799,-1.345351,-2.281759,0.542488,1.585091,2.474988,-0.054239,0.132041,0.027670,0.005890,0.026461,0.056863,0.000739
44.496106,-1.200803,1.858547,1.498577,1.052766,0.969236,1.123901,0.133452,-0.137838,0.200245,0.042876,0.712115,0.502459,0.599106,0.143493,1.296964,-1.559663,-1.345324,-2.281761,0.542514,1.585153,2.474985,-0.054526,0.133395,0.027187,0.003334,0.025940,0.057609,-0.000667
44.496969,-1.201690,1.857650,1.504639,1.055356,0.969457,1.125958,0.132173,-0.139437,0.198415,0.038365,0.714198,0.502421,0.600195,0.143287,1.296912,-1.559532,-1.345295,-2.281754,0.542541,1.585212,2.474985,-0.053640,0.132824,0.028037,0.003810,0.026503,0.057391,-0.001133
44.497960,-1.201143,1.856445,1.503903,1.055220,0.971595,1.128163,0.131371,-0.144469,0.197373,0.035459,0.718867,0.502537,0.601446,0.143099,1.296855,-1.559389,-1.345271,-2.281752,0.542569,1.585274,2.474987,-0.054248,0.135801,0.026655,0.002540,0.026960,0.058167,-0.000208
44.499033,-1.203263,1.863760,1.508255,1.057084,0.971802,1.130146,0.130737,-0.151793,0.195841,0.033283,0.725260,0.502791,0.602765,0.142928,1.296796,-1.559244,-1.345239,-2.281744,0.542595,1.585334,2.474986,-0.055794,0.139492,0.028906,0.004110,0.025648,0.059270,-0.000491
44.500001,-1.207539,1.870848,1.513080,1.058593,0.971193,1.133502,0.128973,-0.158475,0.192799,0.029976,0.731340,0.503050,0.604050,0.142766,1.296738,-1.559103,-1.345211,-2.281741,0.542621,1.585399,2.474983,-0.056151,0.139327,0.028799,0.003866,0.026389,0.060867,-0.001252
44.501019,-1.208476,1.871699,1.516691,1.060426,0.972608,1.135014,0.128679,-0.164012,0.189800,0.026540,0.736275,0.503256,0.605224,0.142623,1.296685,-1.558966,-1.345184,-2.281737,0.542651,1.585464,2.474988,-0.055290,0.138847,0.028248,0.003816,0.027780,0.060692,0.000444
44.501937,-1.209263,1.874243,1.519685,1.062624,0.972757,1.135575,0.127340,-0.169921,0.188090,0.024936,0.740809,0.503489,0.606276,0.142502,1.296627,-1.558818,-1.345155,-2.281731,0.542676,1.585532,2.474985,-0.056169,0.141636,0.028401,0.003480,0.027224,0.062555,-0.000916
44.503014,-1.213595,1.882184,1.521673,1.062591,0.973116,1.138400,0.125888,-0.176364,0.186821,0.024908,0.745487,0.503799,0.607246,0.142390,1.296568,-1.558672,-1.345127,-2.281729,0.542705,1.585602,2.474986,-0.056881,0.143069,0.028648,0.002693,0.027815,0.064980,0.000038
44.504019,-1.216530,1.882302,1.527660,1.064451,0.973924,1.139531,0.126224,-0.182716,0.185681,0.025694,0.749964,0.504112,0.608126,0.142279,1.296512,-1.558532,-1.345096,-2.281721,0.542735,1.585672,2.474988,-0.056176,0.142648,0.029727,0.004293,0.028351,0.065702,0.000890
44.504921,-1.215507,1.887612,1.532311,1.065773,0.976855,1.140823,0.124932,-0.189317,0.184937,0.027356,0.753754,0.504327,0.608822,0.142161,1.296457,-1.558379,-1.345069,-2.281717,0.542761,1.585750,2.474980,-0.056046,0.145678,0.028659,0.003933,0.028392,0.067836,-0.001690
44.506035,-1.215941,1.896912,1.533738,1.067211,0.978894,1.144288,0.123256,-0.196077,0.184633,0.030998,0.756822,0.504485,0.609233,0.142032,1.296395,-1.558233,-1.345041,-2.281713,0.542783,1.585820,2.474981,-0.057618,0.145637,0.028045,0.003965,0.026227,0.069453,-0.000787
44.506935,-1.220677,1.896541,1.534414,1.070105,0.979606,1.145512,0.123182,-0.200313,0.185977,0.037208,0.758272,0.504553,0.609373,0.141916,1.296333,-1.558092,-1.345010,-2.281707,0.542810,1.585889,2.474987,-0.058870,0.144712,0.029495,0.004185,0.025160,0.069680,0.000435
44.508002,-1.221331,1.902172,1.541513,1.070097,0.979562,1.147462,0.121795,-0.201716,0.188870,0.044171,0.758629,0.504517,0.609485,0.141820,1.296277,-1.557938,-1.344977,-2.281705,0.542835,1.585965,2.474982,-0.057592,0.147472,0.030791,0.002665,0.025213,0.071348,-0.001136
44.508966,-1.225354,1.906173,1.541646,1.070793,0.980323,1.148889,0.121311,-0.202898,0.191699,0.050670,0.759520,0.504503,0.609703,0.141719,1.296217,-1.557789,-1.344951,-2.281697,0.542864,1.586042,2.474983,-0.058684,0.148038,0.029314,0.004215,0.026163,0.072881,-0.000364
44.509959,-1.225858,1.909559,1.545582,1.071954,0.980680,1.150564,0.120663,-0.203944,0.194436,0.057381,0.760064,0.504500,0.609846,0.141606,1.296160,-1.557641,-1.344915,-2.281690,0.542887,1.586123,2.474981,-0.057891,0.148952,0.031028,0.004910,0.026236,0.074537,-0.001236
44.510958,-1.226964,1.914039,1.549159,1.072396,0.981649,1.152781,0.118932,-0.204185,0.197180,0.063972,0.759234,0.504435,0.609817,0.141483,1.296099,-1.557488,-1.344883,-2.281684,0.542916,1.586206,2.474982,-0.058896,0.150264,0.030909,0.005183,0.026693,0.076040,-0.001823
44.511949,-1.229959,1.920949,1.552526,1.074736,0.982029,1.155884,0.118984,-0.202823,0.199850,0.070156,0.756634,0.504307,0.609592,0.141367,1.296038,-1.557336,-1.344852,-2.281675,0.542939,1.586286,2.474986,-0.059593,0.151068,0.030998,0.006134,0.026592,0.077030,-0.000250
44.512899,-1.229329,1.923392,1.555009,1.076031,0.981653,1.157765,0.117229,-0.199506,0.203023,0.076610,0.752342,0.504152,0.609175,0.141269,1.295979,-1.557188,-1.344820,-2.281672,0.542968,1.586365,2.474981,-0.059345,0.150643,0.031173,0.005313,0.027033,0.077110,-0.002252
44.514007,-1.230764,1.928436,1.557334,1.077286,0.983339,1.160937,0.116216,-0.195022,0.206838,0.083399,0.747431,0.504035,0.608712,0.141171,1.295915,-1.557028,-1.344788,-2.281664,0.542998,1.586449,2.474985,-0.060802,0.152150,0.031703,0.005360,0.028163,0.078250,-0.000520
44.514953,-1.231877,1.935149,1.561066,1.078014,0.983865,1.163265,0.116275,-0.188871,0.210660,0.089570,0.742091,0.503943,0.608321,0.141068,1.295853,-1.556875,-1.344753,-2.281658,0.543023,1.586529,2.474984,-0.061527,0.153182,0.032625,0.005726,0.027443,0.078696,-0.000612
44.515999,-1.235238,1.939066,1.565863,1.081348,0.984871,1.164387,0.114150,-0.180226,0.214386,0.094723,0.735726,0.503799,0.608010,0.140962,1.295790,-1.556724,-1.344721,-2.281651,0.543051,1.586611,2.474978,-0.062092,0.152604,0.032503,0.006362,0.027692,0.079377,-0.002516
44.516900,-1.236835,1.945457,1.566712,1.079995,0.984963,1.164590,0.112105,-0.161465,0.222706,0.106060,0.722885,0.503569,0.607573,0.140789,1.295666,-1.556414,-1.344652,-2.281636,0.543108,1.586788,2.474988,-0.061992,0.153204,0.033276,0.007167,0.028192,0.084212,0.002132
44.518029,-1.238761,1.949432,1.571816,1.082750,0.986355,1.166300,0.112800,-0.161465,0.222706,0.106060,0.722885,0.503569,0.607573,0.140789,1.295666,-1.556414,-1.344652,-2.281636,0.543108,1.586788,2.474988,-0.061992,0.153204,0.033276,0.007167,0.028192,0.084212,0.002132
44.519023,-1.240222,1.951054,1.573684,1.084481,0.986215,1.166915,0.111005,-0.153006,0.227227,0.112669,0.716397,0.503423,0.607274,0.140739,1.295602,-1.556254,-1.344621,-2.281632,0.543137,1.586879,2.474980,-0.062508,0.154813,0.032887,0.006084,0.027756,0.086127,-0.001425
44.519925,-1.243523,1.951686,1.576076,1.086215,0.988101,1.167499,0.110735,-0.145312,0.230966,0.119135,0.710009,0.503238,0.606910,0.140675,1.295538,-1.556095,-1.344585,-2.281625,0.543167,1.586972,2.474983,-0.062985,0.156945,0.033776,0.005792,0.028713,0.088637,0.000315
44.520920,-1.247757,1.961890,1.576700,1.086427,0.990239,1.170679,0.109400,-0.140183,0.232003,0.124319,0.705429,0.503131,0.606631,0.140581,1.295476,-1.555931,-1.344549,-2.281622,0.543193,1.587066,2.474979,-0.062363,0.159050,0.034187,0.005436,0.027551,0.090823,-0.000866
44.521923,-1.247953,1.967534,1.577639,1.090064,0.990431,1.171723,0.108826,-0.139035,0.230164,0.127731,0.703260,0.503095,0.606510,0.140457,1.295417,-1.555779,-1.344510,-2.281612,0.543217,1.587156,2.474983,-0.061516,0.156930,0.035664,0.006596,0.026277,0.090761,-0.000080
44.523006,-1.249084,1.972338,1.582758,1.091540,0.991244,1.172432,0.108817,-0.141439,0.227123,0.129386,0.703230,0.503058,0.606632,0.140298,1.295351,-1.555622,-1.344472,-2.281611,0.543247,1.587255,2.474981,-0.062644,0.157135,0.037010,0.004506,0.026916,0.092856,-0.000843
44.523970,-1.248706,1.975769,1.587554,1.092113,0.991448,1.174286,0.106674,-0.145564,0.223966,0.129597,0.704958,0.503037,0.607020,0.140110,1.295286,-1.555461,-1.344437,-2.281606,0.543272,1.587355,2.474974,-0.063446,0.158074,0.036449,0.004686,0.027052,0.095559,-0.002860
44.524895,-1.252578,1.976475,1.586536,1.094059,0.992724,1.175425,0.106002,-0.148997,0.221259,0.129942,0.706973,0.503049,0.607428,0.139923,1.295220,-1.555300,-1.344400,-2.281597,0.543298,1.587454,2.474981,-0.064758,0.159131,0.035793,0.005460,0.027654,0.096661,-0.000387
44.526098,-1.256751,1.983125,1.590748,1.096208,0.991848,1.177260,0.104946,-0.151112,0.218559,0.130691,0.708417,0.503087,0.607703,0.139773,1.295155,-1.555134,-1.344357,-2.281594,0.543326,1.587557,2.474979,-0.063863,0.161304,0.037909,0.004911,0.027117,0.098338,-0.000821
44.526983,-1.258023,1.987968,1.594241,1.095920,0.992343,1.180004,0.103137,-0.154612,0.214250,0.130263,0.710854,0.503235,0.607989,0.139664,1.295092,-1.554971,-1.344318,-2.281590,0.543361,1.587662,2.474978,-0.063417,0.161854,0.038035,0.004600,0.029008,0.100327,-0.000984
44.528040,-1.256350,1.988134,1.592103,1.099827,0.992277,1.184001,0.101708,-0.160619,0.208665,0.129022,0.714541,0.503506,0.608287,0.139602,1.295028,-1.554812,-1.344279,-2.281580,0.543391,1.587763,2.474982,-0.063778,0.161835,0.037812,0.006089,0.029174,0.100231,0.000962
44.528960,-1.258368,1.991395,1.599708,1.099812,0.990706,1.183726,0.101760,-0.166973,0.202434,0.126750,0.718479,0.503817,0.608638,0.139599,1.294958,-1.554641,-1.344231,-2.281582,0.543422,1.587861,2.474984,-0.065891,0.164869,0.040722,0.003877,0.030111,0.099544,0.001795
44.529942,-1.262605,1.999459,1.598192,1.102619,0.991850,1.184061,0.100488,-0.171937,0.194996,0.122398,0.722526,0.504159,0.609180,0.139629,1.294893,-1.554473,-1.344196,-2.281572,0.543455,1.587970,2.474980,-0.065908,0.165689,0.038533,0.005168,0.032384,0.102607,-0.000065
44.531070,-1.263914,2.004349,1.603683,1.101793,0.991797,1.185326,0.099178,-0.176304,0.187258,0.117579,0.726729,0.504555,0.609816,0.139656,1.294830,-1.554309,-1.344148,-2.281571,0.543487,1.588085,2.474980,-0.064972,0.164453,0.040979,0.003894,0.031987,0.105210,0.000640
44.531927,-1.263362,2.004924,1.604252,1.106068,0.992297,1.184561,0.098787,-0.180992,0.180737,0.113683,0.730627,0.504941,0.610437,0.139679,1.294763,-1.554141,-1.344107,-2.281560,0.543521,1.588197,2.474981,-0.065769,0.165496,0.040256,0.006288,0.032965,0.107445,0.001118
44.533007,-1.269972,2.005156,1.605844,1.105784,0.992867,1.185035,0.096604,-0.185138,0.175595,0.110774,0.733622,0.505275,0.611017,0.139711,1.294692,-1.553971,-1.344060,-2.281563,0.543552,1.588314,2.474979,-0.066900,0.167352,0.041363,0.003418,0.033100,0.110692,0.000268
44.533998,-1.266186,2.013294,1.607356,1.109572,0.993083,1.185180,0.096037,-0.190041,0.170044,0.107813,0.736955,0.505640,0.611664,0.139751,1.294631,-1.553794,-1.344014,-2.281556,0.543586,1.588433,2.474985,-0.064983,0.170391,0.042460,0.005313,0.033385,0.113492,0.002591
44.534986,-1.268897,2.018114,1.609932,1.110925,0.994533,1.184574,0.096440,-0.196732,0.163139,0.103699,0.741450,0.506024,0.612482,0.139790,1.294556,-1.553630,-1.343968,-2.281556,0.543623,1.588554,2.474980,-0.067994,0.169133,0.043392,0.003083,0.033910,0.116290,0.001836
44.535959,-1.269786,2.021203,1.608043,1.111354,0.995794,1.185097,0.094679,-0.202871,0.156722,0.099184,0.746245,0.506321,0.613474,0.139807,1.294488,-1.553459,-1.343923,-2.281552,0.543652,1.588684,2.474974,-0.067744,0.169494,0.043791,0.003248,0.033255,0.119778,-0.000841
44.537011,-1.271867,2.021747,1.611830,1.112969,0.996009,1.185635,0.094153,-0.207158,0.151893,0.094440,0.750516,0.506430,0.614593,0.139799,1.294419,-1.553286,-1.343871,-2.281547,0.543686,1.588811,2.474979,-0.068417,0.170626,0.046340,0.004258,0.032734,0.122083,0.000857
44.537928,-1.275424,2.024505,1.613885,1.114746,0.997227,1.186627,0.093245,-0.209936,0.147734,0.088351,0.753747,0.506293,0.615757,0.139779,1.294349,-1.553108,-1.343825,-2.281541,0.543719,1.588943,2.474978,-0.068621,0.173359,0.046245,0.004197,0.033363,0.124645,-0.000105
44.538919,-1.275304,2.028650,1.618678,1.117187,0.996341,1.187308,0.091790,-0.213064,0.143256,0.081185,0.756841,0.506043,0.616926,0.139729,1.294282,-1.552932,-1.343777,-2.281538,0.543751,1.589069,2.474981,-0.067851,0.174314,0.046721,0.003813,0.032837,0.126284,-0.000032
44.539931,-1.273798,2.033241,1.617009,1.118905,0.997930,1.187982,0.091946,-0.218357,0.138815,0.074757,0.761044,0.505874,0.618090,0.139635,1.294212,-1.552756,-1.343733,-2.281537,0.543788,1.589200,2.474984,-0.069060,0.174941,0.046016,0.002921,0.034468,0.128489,0.000996
44.540915,-1.275926,2.036888,1.623462,1.119757,0.997640,1.189141,0.090803,-0.223964,0.135578,0.069688,0.765785,0.505796,0.619275,0.139498,1.294138,-1.552579,-1.343677,-2.281534,0.543824,1.589336,2.474977,-0.070945,0.175454,0.048508,0.002768,0.033624,0.130746,-0.001239
44.541934,-1.277818,2.039486,1.625893,1.120916,0.996311,1.188683,0.089410,-0.227210,0.134365,0.065735,0.769563,0.505724,0.620465,0.139330,1.294068,-1.552400,-1.343633,-2.281528,0.543861,1.589472,2.474976,-0.070973,0.176280,0.046929,0.003352,0.034658,0.132401,-0.000789
44.543125,-1.281431,2.045809,1.627651,1.123406,0.997704,1.190036,0.089174,-0.228279,0.135465,0.063924,0.771633,0.505665,0.621494,0.139155,1.293994,-1.552221,-1.343585,-2.281524,0.543900,1.589615,2.474978,-0.071165,0.177804,0.047462,0.003743,0.036732,0.135789,0.000059
44.544090,-1.282688,2.046257,1.632694,1.124666,0.997048,1.191606,0.087873,-0.229032,0.138254,0.064233,0.772561,0.505659,0.622304,0.138991,1.293922,-1.552041,-1.343534,-2.281522,0.543939,1.589760,2.474973,-0.070861,0.178264,0.048672,0.003117,0.036246,0.137964,-0.001735
44.544955,-1.280564,2.050066,1.634041,1.126013,0.996964,1.191212,0.085813,-0.231060,0.141766,0.065732,0.773527,0.505749,0.622992,0.138850,1.293851,-1.551853,-1.343488,-2.281519,0.543981,1.589900,2.474974,-0.071302,0.180501,0.047759,0.003333,0.037578,0.139109,-0.000940
44.546020,-1.282732,2.051095,1.636839,1.127658,0.997618,1.192819,0.086181,-0.233446,0.145942,0.068556,0.774290,0.505920,0.623566,0.138757,1.293775,-1.551672,-1.343436,-2.281516,0.544021,1.590049,2.474980,-0.073182,0.180611,0.048435,0.003296,0.038212,0.141825,0.001533
44.546999,-1.282246,2.052870,1.639408,1.129083,0.996728,1.193368,0.084594,-0.234171,0.150860,0.072296,0.773939,0.506087,0.624056,0.138716,1.293702,-1.551484,-1.343387,-2.281515,0.544062,1.590196,2.474974,-0.073318,0.183054,0.048859,0.003337,0.038326,0.143267,-0.001256
44.548014,-1.286343,2.055523,1.642388,1.132280,0.995950,1.192891,0.083045,-0.233055,0.155688,0.075913,0.772580,0.506225,0.624562,0.138700,1.293625,-1.551296,-1.343337,-2.281511,0.544107,1.590346,2.474978,-0.074590,0.184680,0.049184,0.003384,0.039867,0.145447,0.000088
44.548896,-1.287153,2.060600,1.643622,1.132340,0.998183,1.193015,0.082729,-0.231767,0.159578,0.079044,0.771395,0.506388,0.625170,0.138689,1.293552,-1.551107,-1.343288,-2.281511,0.544154,1.590503,2.474979,-0.073662,0.186015,0.049403,0.001818,0.041302,0.148752,0.001255
44.549919,-1.287425,2.060402,1.648927,1.133809,0.996320,1.192203,0.081258,-0.232272,0.162746,0.082071,0.771451,0.506609,0.625917,0.138662,1.293477,-1.550919,-1.343236,-2.281506,0.544191,1.590660,2.474979,-0.074129,0.185502,0.050154,0.003082,0.039644,0.150933,0.000191
44.550979,-1.288665,2.062768,1.651184,1.135795,0.997647,1.191993,0.080447,-0.233845,0.166067,0.085724,0.771703,0.506811,0.626665,0.138604,1.293399,-1.550727,-1.343189,-2.281503,0.544238,1.590822,2.474979,-0.075092,0.188308,0.049233,0.003170,0.042214,0.154574,0.001213
44.552100,-1.288434,2.069531,1.653755,1.137706,0.997768,1.192185,0.080480,-0.235050,0.169411,0.090311,0.771078,0.506974,0.627248,0.138515,1.293324,-1.550532,-1.343136,-2.281502,0.544279,1.590991,2.474978,-0.075674,0.189940,0.049883,0.002857,0.041624,0.157690,0.000816
44.552958,-1.292699,2.071867,1.656681,1.139750,0.997372,1.191470,0.078015,-0.235202,0.172566,0.095356,0.769589,0.507110,0.627665,0.138398,1.293244,-1.550344,-1.343085,-2.281499,0.544326,1.591158,2.474971,-0.077060,0.189739,0.050519,0.002679,0.042289,0.160643,-0.001365
44.554002,-1.289142,2.074518,1.656452,1.140119,0.996316,1.193729,0.078602,-0.234752,0.176206,0.100821,0.767737,0.507226,0.627971,0.138270,1.293169,-1.550150,-1.343035,-2.281500,0.544374,1.591327,2.474980,-0.075704,0.190426,0.050384,0.002015,0.043166,0.163517,0.001956
44.554998,-1.287974,2.074818,1.661328,1.142526,0.996834,1.193358,0.077270,-0.234057,0.180507,0.106249,0.765678,0.507292,0.628212,0.138145,1.293085,-1.549952,-1.342977,-2.281494,0.544423,1.591493,2.474972,-0.078590,0.191823,0.052188,0.003217,0.044897,0.164101,-0.001234
44.556087,-1.290231,2.077345,1.662526,1.145026,0.997630,1.193867,0.075273,-0.230345,0.185178,0.110453,0.762033,0.507196,0.628395,0.138024,1.293002,-1.549754,-1.342927,-2.281495,0.544467,1.591669,2.474975,-0.080151,0.194147,0.051371,0.002403,0.045029,0.167123,-0.000430
44.557066,-1.291040,2.081183,1.664682,1.147410,0.994585,1.194268,0.075655,-0.223213,0.189492,0.113223,0.757137,0.506999,0.628558,0.137910,1.292923,-1.549553,-1.342870,-2.281496,0.544514,1.591843,2.474979,-0.080216,0.195770,0.052577,0.001688,0.044962,0.169594,0.001491
44.557998,-1.292864,2.087795,1.669520,1.148859,0.994234,1.193553,0.073944,-0.215506,0.192624,0.114289,0.752914,0.506823,0.628848,0.137800,1.292840,-1.549354,-1.342814,-2.281496,0.544571,1.592020,2.474971,-0.081069,0.196945,0.053370,0.001132,0.048727,0.172225,-0.001358
44.558995,-1.292725,2.087167,1.669915,1.153044,0.993681,1.193400,0.072568,-0.208392,0.195254,0.114153,0.749600,0.506640,0.629293,0.137686,1.292758,-1.549162,-1.342762,-2.281491,0.544622,1.592209,2.474975,-0.081360,0.196706,0.052809,0.001371,0.049765,0.175829,0.000072
44.560051,-1.293864,2.092326,1.677085,1.154296,0.993073,1.193224,0.070973,-0.202358,0.197774,0.113470,0.747308,0.506447,0.629902,0.137580,1.292672,-1.548953,-1.342704,-2.281496,0.544674,1.592399,2.474977,-0.082762,0.200318,0.054617,-0.000793,0.051102,0.179122,0.000644
44.560943,-1.293991,2.097143,1.674488,1.156754,0.990518,1.194054,0.070201,-0.197684,0.199272,0.111924,0.746499,0.506299,0.630725,0.137488,1.292588,-1.548751,-1.342654,-2.281496,0.544728,1.592590,2.474977,-0.083672,0.201396,0.053234,0.000017,0.052560,0.182693,0.001551
44.561944,-1.293752,2.100760,1.680647,1.158646,0.991033,1.192408,0.069817,-0.193352,0.200047,0.109492,0.746273,0.506131,0.631700,0.137391,1.292502,-1.548547,-1.342591,-2.281497,0.544786,1.592778,2.474976,-0.084682,0.201690,0.056220,-0.000697,0.055720,0.184556,0.001148
44.563039,-1.296016,2.105065,1.684480,1.160085,0.993552,1.193893,0.069105,-0.188079,0.201011,0.105980,0.745571,0.505825,0.632767,0.137261,1.292414,-1.548340,-1.342538,-2.281497,0.544841,1.592977,2.474972,-0.086112,0.203193,0.055144,-0.000666,0.055941,0.189342,-0.000245
44.563954,-1.299427,2.100428,1.686407,1.162341,0.994088,1.193179,0.067928,-0.181480,0.202486,0.102322,0.743908,0.505394,0.633766,0.137075,1.292327,-1.548134,-1.342482,-2.281497,0.544891,1.593172,2.474971,-0.086505,0.204905,0.055514,0.000019,0.054339,0.191368,-0.001186
44.564965,-1.303279,2.104375,1.689457,1.163705,0.991600,1.191369,0.066957,-0.175666,0.202990,0.098766,0.742212,0.504991,0.634623,0.136826,1.292243,-1.547916,-1.342422,-2.281497,0.544943,1.593373,2.474972,-0.085942,0.209926,0.056295,-0.000465,0.054506,0.194821,-0.000804
44.566065,-1.303763,2.111921,1.690889,1.167749,0.991058,1.193753,0.065573,-0.174203,0.200174,0.094072,0.742315,0.504772,0.635432,0.136530,1.292158,-1.547703,-1.342366,-2.281495,0.545009,1.593585,2.474970,-0.085376,0.211218,0.056801,0.000092,0.057689,0.199725,-0.001056
44.567030,-1.307250,2.117697,1.697860,1.167968,0.991211,1.193820,0.063580,-0.177758,0.194493,0.088019,0.744686,0.504727,0.636317,0.136226,1.292068,-1.547491,-1.342302,-2.281500,0.545071,1.593792,2.474970,-0.086668,0.211248,0.058289,-0.001730,0.059041,0.200793,-0.000668
44.567907,-1.304634,2.115265,1.700359,1.170188,0.991027,1.192934,0.063620,-0.184402,0.188658,0.082063,0.748544,0.504762,0.637343,0.135954,1.291983,-1.547278,-1.342250,-2.281498,0.545132,1.594002,2.474976,-0.086167,0.211380,0.056733,-0.000098,0.059532,0.203630,0.001220
44.569032,-1.307097,2.120370,1.702683,1.172756,0.993059,1.192595,0.061827,-0.191770,0.184349,0.078180,0.752324,0.504800,0.638330,0.135719,1.291890,-1.547057,-1.342192,-2.281500,0.545191,1.594218,2.474972,-0.088453,0.215046,0.057166,-0.000594,0.060282,0.206999,-0.000786
44.570033,-1.310550,2.124453,1.706695,1.174628,0.993278,1.192582,0.060506,-0.197972,0.180919,0.075876,0.755300,0.504811,0.639201,0.135497,1.291801,-1.546835,-1.342131,-2.281501,0.545247,1.594438,2.474975,-0.088786,0.216312,0.058292,-0.000979,0.059143,0.210859,0.000381
44.570959,-1.312722,2.122545,1.711841,1.175536,0.993258,1.191929,0.060724,-0.203495,0.177611,0.074025,0.758266,0.504830,0.640049,0.135267,1.291713,-1.546616,-1.342072,-2.281500,0.545309,1.594659,2.474976,-0.088363,0.217431,0.058264,-0.000922,0.059637,0.213842,0.000844
44.571899,-1.317544,2.125092,1.713034,1.178317,0.995307,1.191340,0.059183,-0.210037,0.174265,0.073177,0.761805,0.504909,0.640833,0.135005,1.291626,-1.546385,-1.342015,-2.281498,0.545367,1.594887,2.474970,-0.088413,0.220997,0.057485,-0.000080,0.060288,0.217112,-0.001608
44.572958,-1.314914,2.131077,1.716663,1.181273,0.995829,1.191739,0.057538,-0.219398,0.170016,0.073460,0.766676,0.505127,0.641570,0.134701,1.291541,-1.546157,-1.341955,-2.281500,0.545422,1.595113,2.474968,-0.087190,0.222392,0.058708,-0.001021,0.058902,0.220385,-0.000517
44.574061,-1.321571,2.132965,1.720418,1.183957,0.994740,1.189665,0.056711,-0.231543,0.164828,0.074136,0.773556,0.505523,0.642460,0.134387,1.291445,-1.545934,-1.341896,-2.281502,0.545485,1.595342,2.474971,-0.089892,0.222835,0.059013,-0.001888,0.059162,0.223161,0.000463
44.574981,-1.317466,2.139697,1.722950,1.182460,0.994169,1.186921,0.055422,-0.244847,0.159430,0.074854,0.782179,0.506083,0.643619,0.134100,1.291361,-1.545703,-1.341836,-2.281506,0.545551,1.595583,2.474968,-0.088114,0.225530,0.059386,-0.002335,0.061055,0.228561,-0.000278
44.575903,-1.320822,2.139277,1.727186,1.185748,0.991729,1.185508,0.054075,-0.256862,0.154827,0.075875,0.790186,0.506644,0.644833,0.133853,1.291265,-1.545477,-1.341774,-2.281497,0.545616,1.595828,2.474971,-0.091228,0.224737,0.059850,0.000757,0.062173,0.233786,0.000305
44.576952,-1.320893,2.138046,1.728334,1.188446,0.991663,1.186208,0.053312,-0.264087,0.152483,0.077754,0.794361,0.506985,0.645806,0.133657,1.291176,-1.545245,-1.341716,-2.281500,0.545688,1.596081,2.474970,-0.090629,0.227525,0.059499,-0.000713,0.065116,0.237632,0.001005
44.577951,-1.323199,2.144819,1.730096,1.190231,0.992474,1.185446,0.051387,-0.267448,0.151084,0.079567,0.795905,0.507200,0.646652,0.133498,1.291083,-1.545006,-1.341652,-2.281502,0.545756,1.596329,2.474968,-0.091963,0.231346,0.060986,-0.001337,0.065857,0.239938,0.000249
44.579033,-1.327757,2.145550,1.737411,1.191801,0.992079,1.185337,0.051268,-0.269346,0.148589,0.079353,0.797303,0.507411,0.647643,0.133352,1.290991,-1.544777,-1.341587,-2.281502,0.545823,1.596583,2.474974,-0.092051,0.230946,0.062007,-0.001185,0.065677,0.243484,0.001937
44.580089,-1.329999,2.152521,1.741202,1.193246,0.992284,1.182598,0.050285,-0.270886,0.145374,0.077704,0.798929,0.507604,0.648733,0.133200,1.290900,-1.544536,-1.341529,-2.281502,0.545891,1.596839,2.474968,-0.091230,0.233986,0.060537,-0.000659,0.066827,0.246710,-0.000187
44.580955,-1.330343,2.152940,1.743755,1.195018,0.991734,1.180489,0.048241,-0.273512,0.142403,0.077093,0.800658,0.507797,0.649688,0.133027,1.290809,-1.544299,-1.341468,-2.281500,0.545961,1.597101,2.474966,-0.091512,0.233725,0.060760,-0.000106,0.067304,0.252441,-0.000483
44.581956,-1.330007,2.153262,1.742649,1.196508,0.991331,1.181755,0.047776,-0.276666,0.140452,0.078560,0.801714,0.507934,0.650387,0.132847,1.290715,-1.544062,-1.341406,-2.281500,0.546029,1.597367,2.474972,-0.092258,0.235706,0.061059,-0.000212,0.068314,0.256660,0.001729
44.583004,-1.329258,2.165341,1.746254,1.200132,0.990926,1.179465,0.046415,-0.278656,0.138796,0.080142,0.801535,0.507925,0.650954,0.132673,1.290618,-1.543819,-1.341335,-2.281500,0.546100,1.597628,2.474969,-0.093637,0.238416,0.063473,0.000239,0.069317,0.258108,0.000467
44.583977,-1.332043,2.167936,1.747687,1.202207,0.992181,1.180723,0.045297,-0.277497,0.137186,0.079784,0.799845,0.507690,0.651581,0.132493,1.290521,-1.543588,-1.341271,-2.281504,0.546172,1.597900,2.474971,-0.095316,0.235613,0.063695,-0.001286,0.070382,0.263310,0.000924
44.584959,-1.330781,2.168429,1.756193,1.201801,0.991905,1.178345,0.045625,-0.272743,0.137135,0.078092,0.797071,0.507242,0.652346,0.132294,1.290426,-1.543346,-1.341202,-2.281506,0.546240,1.598171,2.474972,-0.095061,0.237078,0.064770,-0.001419,0.069701,0.264569,0.001047
44.585954,-1.335798,2.172627,1.758236,1.203295,0.993301,1.179508,0.043473,-0.265137,0.138861,0.076757,0.793145,0.506657,0.653062,0.132059,1.290325,-1.543098,-1.341144,-2.281501,0.546314,1.598452,2.474965,-0.096822,0.239554,0.062424,0.000784,0.070541,0.269518,-0.001741
44.586939,-1.337963,2.176717,1.760775,1.206062,0.993554,1.179109,0.042832,-0.255322,0.141676,0.077340,0.787082,0.505974,0.653416,0.131786,1.290231,-1.542858,-1.341079,-2.281498,0.546388,1.598729,2.474970,-0.095502,0.240306,0.063318,0.001130,0.069698,0.270940,0.000437
44.588061,-1.338673,2.180240,1.764887,1.208882,0.992512,1.179192,0.042157,-0.246234,0.144731,0.079617,0.780307,0.505298,0.653491,0.131504,1.290134,-1.542614,-1.341012,-2.281499,0.546458,1.599007,2.474965,-0.095592,0.241029,0.063888,0.000286,0.070048,0.273920,-0.000428
44.588902,-1.339946,2.182382,1.765760,1.211351,0.993669,1.176586,0.040281,-0.240094,0.147091,0.082224,0.774978,0.504757,0.653562,0.131240,1.290035,-1.542368,-1.340946,-2.281499,0.546535,1.599293,2.474961,-0.096708,0.242814,0.064049,-0.000362,0.071811,0.276951,-0.001499
44.589959,-1.342880,2.187677,1.767421,1.211814,0.994125,1.177766,0.039683,-0.236627,0.148205,0.084273,0.771693,0.504391,0.653724,0.131029,1.289938,-1.542125,-1.340878,-2.281503,0.546603,1.599586,2.474965,-0.096871,0.243681,0.065068,-0.001118,0.071043,0.281424,0.000445
44.590970,-1.341389,2.188463,1.770695,1.215571,0.994570,1.175846,0.037841,-0.235488,0.147952,0.084911,0.770121,0.504137,0.653961,0.130891,1.289844,-1.541876,-1.340811,-2.281498,0.546676,1.599873,2.474961,-0.096769,0.244154,0.066267,0.000351,0.071258,0.283043,-0.000664
44.591915,-1.342400,2.188028,1.772669,1.216896,0.993587,1.178225,0.036640,-0.235695,0.146362,0.083578,0.769423,0.503905,0.654202,0.130810,1.289741,-1.541627,-1.340745,-2.281503,0.546745,1.600179,2.474965,-0.098691,0.246643,0.066545,-0.001362,0.071445,0.287500,0.000838
44.592955,-1.344863,2.192981,1.778194,1.217980,0.993359,1.177322,0.035708,-0.236116,0.142732,0.079935,0.769436,0.503706,0.654415,0.130765,1.289640,-1.541372,-1.340675,-2.281502,0.546821,1.600463,2.474967,-0.099187,0.249264,0.067264,-0.000844,0.072924,0.287432,0.001172
44.594010,-1.348107,2.199011,1.778980,1.219257,0.994327,1.180613,0.034415,-0.236487,0.137026,0.074669,0.769802,0.503532,0.654480,0.130722,1.289543,-1.541118,-1.340611,-2.281501,0.546898,1.600756,2.474967,-0.099230,0.249721,0.066504,0.000042,0.073744,0.291088,0.000773
44.594932,-1.352000,2.201408,1.778939,1.220585,0.995188,1.182641,0.034064,-0.237091,0.130662,0.069235,0.769672,0.503283,0.654253,0.130643,1.289443,-1.540870,-1.340538,-2.281498,0.546969,1.601049,2.474969,-0.098904,0.249840,0.068099,0.000753,0.073436,0.290534,0.001070
44.595900,-1.350388,2.203028,1.778542,1.224456,0.996170,1.181143,0.033087,-0.239192,0.124216,0.063232,0.769409,0.502895,0.653888,0.130525,1.289348,-1.540614,-1.340464,-2.281497,0.547044,1.601346,2.474965,-0.097982,0.250908,0.069705,0.001158,0.073037,0.290694,-0.000224
44.596949,-1.351752,2.203943,1.780544,1.225400,0.994737,1.184276,0.030829,-0.243778,0.116818,0.054865,0.770337,0.502412,0.653707,0.130391,1.289244,-1.540359,-1.340390,-2.281502,0.547117,1.601650,2.474962,-0.099849,0.252642,0.071614,-0.000741,0.072593,0.294571,-0.000349
44.597951,-1.352511,2.205595,1.784433,1.227454,0.994427,1.185787,0.031225,-0.249619,0.107606,0.043013,0.772795,0.501893,0.653866,0.130282,1.289143,-1.540099,-1.340316,-2.281498,0.547195,1.601944,2.474966,-0.100412,0.255131,0.072533,0.000291,0.074644,0.294143,0.001904
44.598933,-1.356680,2.204977,1.785577,1.230312,0.995709,1.189363,0.029776,-0.255069,0.096598,0.028288,0.775863,0.501352,0.654276,0.130214,1.289040,-1.539834,-1.340244,-2.281500,0.547269,1.602241,2.474962,-0.101165,0.256915,0.072409,0.000198,0.075525,0.295173,-0.001097
44.600019,-1.356347,2.212205,1.789917,1.232214,0.995371,1.190422,0.027884,-0.261208,0.083748,0.012024,0.780071,0.500902,0.654904,0.130168,1.288940,-1.539570,-1.340169,-2.281502,0.547342,1.602535,2.474965,-0.100188,0.259744,0.073576,-0.000719,0.074780,0.294034,-0.000302
44.600927,-1.357965,2.216842,1.790951,1.234285,0.994869,1.193190,0.028315,-0.269402,0.069453,-0.004653,0.786457,0.500669,0.655791,0.130129,1.288836,-1.539309,-1.340096,-2.281501,0.547420,1.602830,2.474966,-0.101693,0.259241,0.073440,-0.000523,0.075782,0.295904,0.001128
44.601950,-1.359596,2.213517,1.792810,1.233858,0.996255,1.194949,0.027516,-0.285299,0.044406,-0.034194,0.800729,0.500508,0.657786,0.130021,1.288631,-1.538777,-1.339944,-2.281497,0.547572,1.603432,2.474958,-0.102146,0.263423,0.075357,0.001485,0.075891,0.296060,-0.002309
44.603058,-1.358794,2.219328,1.800206,1.235968,0.997818,1.200018,0.025342,-0.285299,0.044406,-0.034194,0.800729,0.500508,0.657786,0.130021,1.288631,-1.538777,-1.339944,-2.281497,0.547572,1.603432,2.474958,-0.102146,0.263423,0.075357,0.001485,0.075891,0.296060,-0.002309
44.604070,-1.361696,2.224222,1.807312,1.237780,0.996583,1.202366,0.024962,-0.290357,0.033953,-0.046861,0.805743,0.500380,0.658503,0.129952,1.288524,-1.538510,-1.339872,-2.281497,0.547647,1.603721,2.474962,-0.103891,0.263682,0.073755,0.001486,0.075030,0.293987,-0.000353
44.604975,-1.361744,2.220856,1.807429,1.240994,0.997988,1.205607,0.023302,-0.292284,0.026265,-0.055227,0.808324,0.500260,0.658792,0.129884,1.288421,-1.538246,-1.339804,-2.281495,0.547727,1.604017,2.474958,-0.103574,0.263914,0.072093,0.001590,0.076823,0.294242,-0.001804
44.606002,-1.363533,2.226081,1.808863,1.240568,0.998536,1.207325,0.022624,-0.292908,0.021753,-0.058116,0.810103,0.500305,0.658749,0.129803,1.288314,-1.537968,-1.339725,-2.281498,0.547801,1.604308,2.474962,-0.104407,0.267523,0.073551,0.000180,0.075831,0.293128,-0.000436
44.607085,-1.365005,2.229328,1.812530,1.241964,0.998791,1.213220,0.021702,-0.293608,0.018668,-0.058386,0.812238,0.500529,0.658583,0.129701,1.288209,-1.537697,-1.339650,-2.281492,0.547874,1.604606,2.474961,-0.104678,0.267570,0.074687,0.002485,0.075915,0.294064,-0.001323
44.607994,-1.364079,2.227293,1.817966,1.245557,1.000010,1.215104,0.019557,-0.293265,0.016953,-0.058023,0.813366,0.500744,0.658284,0.129567,1.288104,-1.537426,-1.339574,-2.281489,0.547951,1.604896,2.474958,-0.105230,0.268962,0.074835,0.003096,0.076315,0.291045,-0.001813
44.608957,-1.363910,2.222660,1.820537,1.245813,0.999995,1.216928,0.019590,-0.291679,0.016833,-0.056703,0.813461,0.500953,0.657851,0.129399,1.287997,-1.537148,-1.339503,-2.281491,0.548025,1.605184,2.474962,-0.106558,0.271918,0.073697,0.001271,0.075532,0.291369,0.000519
44.609956,-1.366269,2.228437,1.824963,1.247424,1.000111,1.218478,0.018661,-0.289618,0.016819,-0.054314,0.813845,0.501303,0.657343,0.129196,1.287887,-1.536865,-1.339429,-2.281484,0.548102,1.605480,2.474957,-0.107597,0.276428,0.074128,0.002745,0.076059,0.291919,-0.001659
44.610945,-1.367510,2.226987,1.825642,1.249838,0.998761,1.221972,0.016829,-0.287133,0.016261,-0.051063,0.814113,0.501759,0.656666,0.128965,1.287777,-1.536588,-1.339355,-2.281481,0.548181,1.605775,2.474956,-0.107442,0.275940,0.073702,0.002987,0.076462,0.292901,-0.001946
44.611990,-1.367848,2.232386,1.827036,1.250305,0.999672,1.224442,0.015930,-0.284971,0.015819,-0.047130,0.814175,0.502239,0.655843,0.128742,1.287669,-1.536300,-1.339277,-2.281481,0.548262,1.606065,2.474956,-0.107863,0.278965,0.075098,0.002462,0.078309,0.291894,-0.000406
44.613005,-1.365797,2.232179,1.831813,1.251320,1.000758,1.226432,0.013691,-0.283256,0.015743,-0.043840,0.814190,0.502656,0.655046,0.128562,1.287557,-1.536023,-1.339201,-2.281472,0.548341,1.606356,2.474956,-0.108823,0.278950,0.076284,0.003828,0.077960,0.292184,-0.000892
44.614131,-1.371182,2.233598,1.837675,1.254151,1.000875,1.228137,0.013387,-0.279314,0.016812,-0.041637,0.812376,0.502848,0.654234,0.128435,1.287445,-1.535734,-1.339125,-2.281466,0.548419,1.606644,2.474959,-0.110913,0.281482,0.075691,0.004626,0.077424,0.292832,0.001402
44.614955,-1.372680,2.233053,1.840877,1.253772,1.000533,1.230617,0.012738,-0.272778,0.019296,-0.039018,0.808383,0.502867,0.653277,0.128341,1.287338,-1.535448,-1.339054,-2.281465,0.548502,1.606939,2.474956,-0.109550,0.283844,0.074929,0.003923,0.077968,0.294212,-0.000462
44.616000,-1.372206,2.232654,1.843143,1.255720,1.000202,1.234852,0.010714,-0.267219,0.022386,-0.034588,0.804090,0.502902,0.652152,0.128240,1.287227,-1.535159,-1.338978,-2.281455,0.548582,1.607236,2.474956,-0.109430,0.285405,0.074635,0.005695,0.078586,0.293472,-0.000939
44.616915,-1.375024,2.232502,1.846338,1.257033,0.999552,1.238271,0.010896,-0.263560,0.025666,-0.028581,0.799834,0.502973,0.650887,0.128107,1.287112,-1.534864,-1.338901,-2.281449,0.548663,1.607520,2.474961,-0.110765,0.288120,0.075395,0.005606,0.079484,0.292022,0.000845
44.617988,-1.378817,2.235455,1.851447,1.259046,0.999962,1.239041,0.009083,-0.260950,0.028627,-0.022350,0.795600,0.503057,0.649616,0.127930,1.287004,-1.534572,-1.338826,-2.281443,0.548745,1.607808,2.474955,-0.110196,0.289969,0.075348,0.005914,0.080515,0.290808,-0.001515
44.618954,-1.376986,2.230822,1.857005,1.260132,1.001775,1.240761,0.007816,-0.260823,0.031107,-0.015823,0.792473,0.503216,0.648449,0.127700,1.286895,-1.534279,-1.338752,-2.281439,0.548826,1.608104,2.474956,-0.109527,0.291178,0.074779,0.005861,0.080701,0.292910,-0.000186
44.619993,-1.376647,2.235817,1.858491,1.261350,1.003455,1.241631,0.007924,-0.263561,0.033206,-0.007810,0.790623,0.503491,0.647327,0.127427,1.286782,-1.533974,-1.338684,-2.281430,0.548905,1.608405,2.474958,-0.111384,0.295454,0.073770,0.006445,0.079346,0.293520,0.000238
44.621014,-1.381923,2.243261,1.859408,1.264492,1.002734,1.243251,0.005472,-0.266012,0.035164,0.001765,0.788467,0.503794,0.646176,0.127121,1.286666,-1.533678,-1.338607,-2.281423,0.548981,1.608701,2.474951,-0.112607,0.295373,0.074913,0.007063,0.078267,0.295356,-0.002232
44.622042,-1.382161,2.236030,1.862060,1.265323,1.003558,1.247022,0.005010,-0.266771,0.038257,0.012006,0.785501,0.503994,0.645110,0.126802,1.286560,-1.533385,-1.338529,-2.281420,0.549063,1.609002,2.474957,-0.111076,0.294026,0.076261,0.005802,0.079534,0.296312,0.000490
44.623001,-1.385849,2.240180,1.866893,1.266546,1.004917,1.247909,0.005007,-0.268110,0.042202,0.021343,0.783399,0.504089,0.644336,0.126496,1.286447,-1.533075,-1.338453,-2.281410,0.549143,1.609293,2.474954,-0.112052,0.299932,0.076778,0.006754,0.079244,0.295192,-0.000846
44.623931,-1.383019,2.240882,1.869294,1.268846,1.006408,1.250299,0.002611,-0.271385,0.045374,0.029035,0.782927,0.504117,0.643844,0.126190,1.286336,-1.532776,-1.338379,-2.281400,0.549218,1.609596,2.474950,-0.111124,0.299756,0.076033,0.007135,0.078394,0.296639,-0.002913
44.624949,-1.387843,2.245356,1.873925,1.268222,1.005982,1.250175,0.000655,-0.275568,0.048511,0.036441,0.783477,0.504059,0.643521,0.125882,1.286219,-1.532469,-1.338301,-2.281394,0.549294,1.609889,2.474956,-0.113362,0.301111,0.076407,0.006470,0.077361,0.296474,-0.000108
44.625963,-1.391870,2.243276,1.874362,1.270388,1.007587,1.251103,0.000687,-0.278807,0.053429,0.045006,0.783747,0.503844,0.643244,0.125595,1.286107,-1.532167,-1.338227,-2.281381,0.549372,1.610190,2.474957,-0.111964,0.301120,0.075924,0.008792,0.078356,0.299193,0.001579
44.627009,-1.392269,2.245105,1.880098,1.271694,1.008627,1.251436,-0.001260,-0.282144,0.059912,0.054564,0.783403,0.503455,0.642919,0.125319,1.285997,-1.531857,-1.338145,-2.281373,0.549448,1.610489,2.474951,-0.111033,0.304340,0.077465,0.008366,0.077299,0.300820,-0.000698
44.628070,-1.394471,2.245564,1.880094,1.273731,1.008462,1.251938,-0.001393,-0.287720,0.066328,0.064077,0.783592,0.503005,0.642610,0.125028,1.285882,-1.531553,-1.338071,-2.281363,0.549524,1.610801,2.474955,-0.111933,0.305812,0.076501,0.008833,0.076877,0.303124,0.000953
44.628911,-1.392651,2.246732,1.885690,1.274316,1.010686,1.251305,-0.002693,-0.294938,0.071907,0.072850,0.784578,0.502562,0.642399,0.124714,1.285768,-1.531238,-1.337989,-2.281354,0.549602,1.611112,2.474951,-0.111969,0.307940,0.078387,0.008630,0.077672,0.305318,-0.001103
44.630111,-1.394073,2.248030,1.889740,1.276571,1.011270,1.251734,-0.003431,-0.301911,0.077053,0.080937,0.785530,0.502100,0.642273,0.124374,1.285652,-1.530926,-1.337915,-2.281343,0.549676,1.611425,2.474952,-0.113483,0.308465,0.076934,0.009413,0.075780,0.307691,-0.000303
44.630928,-1.389995,2.245608,1.891595,1.278405,1.009198,1.251122,-0.003707,-0.306683,0.082513,0.089540,0.785420,0.501621,0.642116,0.124012,1.285536,-1.530615,-1.337835,-2.281334,0.549752,1.611740,2.474950,-0.114199,0.311038,0.077181,0.009254,0.076040,0.310537,-0.001438
44.631913,-1.396424,2.253536,1.891923,1.280027,1.011730,1.251583,-0.004677,-0.307778,0.088007,0.098765,0.783815,0.501143,0.641899,0.123637,1.285414,-1.530296,-1.337755,-2.281327,0.549833,1.612057,2.474947,-0.116718,0.313147,0.077496,0.008835,0.078392,0.312751,-0.002648
44.632905,-1.393309,2.255193,1.892086,1.280337,1.011979,1.248958,-0.006836,-0.305917,0.093226,0.107565,0.781488,0.500654,0.641784,0.123262,1.285303,-1.529990,-1.337674,-2.281315,0.549906,1.612380,2.474945,-0.114445,0.311160,0.079011,0.008824,0.076381,0.314585,-0.002826
44.633951,-1.396544,2.257676,1.895716,1.282715,1.012434,1.249281,-0.007741,-0.302526,0.098811,0.115266,0.778769,0.500065,0.641859,0.122933,1.285180,-1.529674,-1.337588,-2.281301,0.549982,1.612707,2.474948,-0.116917,0.312309,0.080563,0.010125,0.076689,0.319545,-0.000645
44.634997,-1.394407,2.260208,1.896467,1.284263,1.013240,1.250216,-0.010214,-0.297218,0.104747,0.121431,0.774939,0.499300,0.642041,0.122684,1.285066,-1.529356,-1.337508,-2.281295,0.550063,1.613029,2.474947,-0.116368,0.313303,0.080582,0.009587,0.076798,0.321760,-0.001124
44.635985,-1.398672,2.265908,1.898997,1.285357,1.015384,1.249519,-0.010924,-0.289890,0.110309,0.126050,0.770247,0.498416,0.642306,0.122507,1.284943,-1.529043,-1.337423,-2.281285,0.550139,1.613361,2.474953,-0.118455,0.314317,0.082008,0.009826,0.076607,0.323326,0.001561
44.636893,-1.395586,2.262439,1.898092,1.287208,1.016655,1.248132,-0.011028,-0.281111,0.115399,0.129431,0.765241,0.497477,0.642707,0.122378,1.284829,-1.528729,-1.337340,-2.281273,0.550212,1.613692,2.474953,-0.117250,0.313397,0.082383,0.010363,0.075013,0.326298,0.000806
44.638009,-1.396047,2.264633,1.897885,1.291296,1.017752,1.243709,-0.013183,-0.271470,0.119736,0.131574,0.760226,0.496534,0.643279,0.122257,1.284708,-1.528405,-1.337251,-2.281262,0.550287,1.614033,2.474946,-0.119519,0.316534,0.084223,0.010008,0.074184,0.329549,-0.000937
44.639002,-1.398309,2.265344,1.902376,1.292408,1.017536,1.243294,-0.014096,-0.261260,0.121536,0.130941,0.756175,0.495688,0.644146,0.122121,1.284586,-1.528087,-1.337160,-2.281258,0.550365,1.614388,2.474949,-0.120442,0.318063,0.086227,0.007958,0.073784,0.336678,0.000978
44.639926,-1.398455,2.266961,1.902757,1.292781,1.017955,1.240236,-0.014217,-0.251479,0.119694,0.127208,0.754206,0.495037,0.645322,0.121966,1.284467,-1.527764,-1.337074,-2.281249,0.550440,1.614735,2.474948,-0.120216,0.319567,0.085599,0.008561,0.074557,0.339237,0.000632
44.640926,-1.400689,2.272197,1.907013,1.297003,1.018756,1.238364,-0.015736,-0.242936,0.115172,0.122393,0.753776,0.494561,0.646546,0.121775,1.284345,-1.527445,-1.336983,-2.281235,0.550510,1.615090,2.474942,-0.120864,0.320265,0.086817,0.009656,0.074648,0.344161,-0.001118
44.641909,-1.399333,2.271577,1.909429,1.298292,1.019981,1.235358,-0.016279,-0.235753,0.109704,0.118485,0.754249,0.494225,0.647632,0.121545,1.284223,-1.527124,-1.336899,-2.281231,0.550584,1.615449,2.474946,-0.120637,0.319568,0.086346,0.007235,0.074410,0.348170,-0.000240
44.642885,-1.399090,2.274874,1.907846,1.299850,1.019975,1.232830,-0.017957,-0.230425,0.104540,0.117008,0.756331,0.494122,0.648589,0.121294,1.284098,-1.526792,-1.336810,-2.281222,0.550656,1.615813,2.474941,-0.122153,0.321610,0.086715,0.007643,0.073751,0.353229,-0.001281
44.643898,-1.402810,2.273269,1.907975,1.301215,1.019499,1.230844,-0.018985,-0.225385,0.099997,0.117429,0.759136,0.494189,0.649410,0.121041,1.283975,-1.526470,-1.336716,-2.281212,0.550733,1.616182,2.474944,-0.123093,0.321722,0.089018,0.007739,0.074287,0.357730,-0.000030
44.645007,-1.400688,2.274755,1.906704,1.302679,1.021920,1.228297,-0.019414,-0.219979,0.095375,0.117248,0.761707,0.494269,0.650148,0.120796,1.283855,-1.526140,-1.336620,-2.281202,0.550810,1.616554,2.474947,-0.122168,0.324444,0.090512,0.008106,0.075322,0.361836,-0.000197
44.645993,-1.403327,2.274756,1.910354,1.304819,1.022168,1.226414,-0.021173,-0.215001,0.089408,0.114145,0.764074,0.494278,0.650901,0.120546,1.283724,-1.525814,-1.336522,-2.281193,0.550879,1.616942,2.474942,-0.124306,0.326190,0.092956,0.008564,0.073636,0.366835,-0.001740
44.646890,-1.404335,2.273384,1.915073,1.306909,1.021318,1.223905,-0.022565,-0.210129,0.081838,0.107695,0.766005,0.494189,0.651678,0.120292,1.283598,-1.525479,-1.336430,-2.281186,0.550954,1.617322,2.474941,-0.123773,0.327874,0.092657,0.008149,0.073959,0.370670,-0.000325
44.648106,-1.403694,2.274414,1.915381,1.308199,1.023753,1.222614,-0.023537,-0.206784,0.073529,0.100474,0.768370,0.494122,0.652395,0.120061,1.283476,-1.525140,-1.336341,-2.281181,0.551031,1.617700,2.474942,-0.123925,0.329676,0.091620,0.007669,0.075225,0.374767,0.000505
44.648924,-1.407016,2.274880,1.916860,1.307053,1.022460,1.220762,-0.024827,-0.205548,0.065129,0.094416,0.771484,0.494110,0.652947,0.119864,1.283348,-1.524804,-1.336243,-2.281170,0.551100,1.618092,2.474940,-0.125586,0.332165,0.093588,0.008477,0.073667,0.378936,-0.000194
44.649943,-1.407095,2.274111,1.916767,1.310958,1.023568,1.218379,-0.025782,-0.204652,0.057147,0.089011,0.773636,0.493967,0.653252,0.119696,1.283227,-1.524470,-1.336147,-2.281153,0.551177,1.618485,2.474940,-0.124377,0.332635,0.093874,0.010823,0.075294,0.381932,0.000628
44.651003,-1.407633,2.276554,1.916784,1.313174,1.022661,1.215359,-0.026865,-0.204393,0.049911,0.083719,0.774487,0.493627,0.653374,0.119545,1.283099,-1.524135,-1.336050,-2.281148,0.551250,1.618878,2.474941,-0.125227,0.334912,0.095510,0.008706,0.074770,0.386355,0.000312
44.651903,-1.409317,2.276695,1.917349,1.313552,1.024052,1.214652,-0.028563,-0.205895,0.043037,0.077656,0.775733,0.493197,0.653601,0.119386,1.282970,-1.523796,-1.335952,-2.281140,0.551326,1.619284,2.474939,-0.125909,0.335737,0.097165,0.008380,0.076327,0.391505,0.000191
44.652923,-1.410628,2.282269,1.919342,1.314806,1.027131,1.214517,-0.028588,-0.208769,0.036696,0.070252,0.777718,0.492691,0.654058,0.119206,1.282845,-1.523454,-1.335852,-2.281129,0.551399,1.619682,2.474941,-0.125682,0.336769,0.098098,0.009492,0.075361,0.393668,0.001642
44.653913,-1.408937,2.287126,1.919663,1.314115,1.028484,1.213594,-0.028951,-0.212165,0.032339,0.062694,0.779421,0.492053,0.654621,0.118993,1.282720,-1.523119,-1.335753,-2.281118,0.551468,1.620083,2.474937,-0.125934,0.335836,0.098646,0.009939,0.072916,0.395778,-0.000538
44.655105,-1.409533,2.286080,1.920792,1.317977,1.029099,1.216651,-0.031647,-0.213547,0.032225,0.056627,0.778859,0.491186,0.655075,0.118747,1.282588,-1.522783,-1.335649,-2.281103,0.551540,1.620482,2.474932,-0.127547,0.335104,0.099900,0.012186,0.072159,0.398574,-0.001931
44.655939,-1.408124,2.285328,1.923852,1.318422,1.029277,1.215656,-0.031487,-0.210467,0.036718,0.051757,0.774926,0.490052,0.655364,0.118503,1.282457,-1.522436,-1.335546,-2.281096,0.551618,1.620883,2.474938,-0.128487,0.338400,0.101303,0.010437,0.072342,0.398203,0.000898
44.656937,-1.406772,2.282971,1.925808,1.319169,1.030701,1.214924,-0.033208,-0.203639,0.043804,0.047070,0.769241,0.488833,0.655640,0.118299,1.282325,-1.522096,-1.335447,-2.281082,0.551693,1.621291,2.474934,-0.129572,0.339500,0.100806,0.011296,0.072511,0.400362,-0.001264
44.657932,-1.409443,2.289884,1.925509,1.319078,1.031253,1.218438,-0.034335,-0.193327,0.052308,0.043066,0.762244,0.487646,0.655824,0.118144,1.282192,-1.521748,-1.335345,-2.281068,0.551764,1.621702,2.474938,-0.131148,0.342638,0.101453,0.012291,0.071744,0.403023,0.000047
44.658897,-1.410311,2.285031,1.935236,1.321167,1.029701,1.219303,-0.034580,-0.178882,0.062238,0.039763,0.752841,0.486421,0.655783,0.118038,1.282059,-1.521411,-1.335239,-2.281050,0.551837,1.622100,2.474935,-0.130765,0.341383,0.103263,0.014117,0.071875,0.401509,0.000164
44.660010,-1.412056,2.291610,1.933461,1.322164,1.030327,1.221289,-0.036624,-0.161964,0.073714,0.037889,0.741512,0.485185,0.655492,0.117957,1.281926,-1.521055,-1.335144,-2.281036,0.551918,1.622504,2.474930,-0.131228,0.345687,0.100043,0.013780,0.074009,0.402544,-0.001417
44.660909,-1.412876,2.287314,1.934492,1.323129,1.031097,1.224760,-0.038026,-0.144783,0.086289,0.038693,0.729607,0.484042,0.654914,0.117879,1.281795,-1.520705,-1.335036,-2.281020,0.551990,1.622902,2.474934,-0.131649,0.345187,0.102955,0.014840,0.074217,0.403117,0.000303
44.661918,-1.413961,2.282915,1.939245,1.324198,1.033821,1.226296,-0.038204,-0.128068,0.098773,0.040201,0.717862,0.482926,0.654207,0.117802,1.281663,-1.520354,-1.334931,-2.281004,0.552065,1.623302,2.474935,-0.131977,0.348835,0.103805,0.015436,0.073970,0.401224,0.001164
44.663029,-1.412695,2.282869,1.945914,1.326906,1.035715,1.230931,-0.040088,-0.112724,0.109173,0.040342,0.707143,0.481852,0.653550,0.117704,1.281531,-1.519991,-1.334830,-2.280987,0.552132,1.623699,2.474930,-0.132452,0.353063,0.103149,0.016166,0.071990,0.401818,-0.000650
44.664024,-1.413010,2.280968,1.950620,1.327403,1.035888,1.237366,-0.040093,-0.099271,0.116280,0.040118,0.698386,0.481021,0.652948,0.117567,1.281393,-1.519633,-1.334732,-2.280970,0.552201,1.624095,2.474931,-0.134304,0.355798,0.101895,0.015466,0.070991,0.399731,0.000759
44.665001,-1.415977,2.282709,1.952967,1.328168,1.036944,1.238809,-0.040910,-0.086690,0.120696,0.041223,0.691645,0.480560,0.652416,0.117403,1.281255,-1.519270,-1.334631,-2.280951,0.552273,1.624489,2.474926,-0.135041,0.358678,0.101257,0.016686,0.071520,0.395340,-0.001382
44.666036,-1.417891,2.280180,1.955501,1.329898,1.036312,1.240325,-0.042551,-0.074742,0.123396,0.044102,0.686401,0.480434,0.651976,0.117228,1.281122,-1.518905,-1.334529,-2.280931,0.552346,1.624882,2.474925,-0.134475,0.359578,0.101737,0.017586,0.071106,0.395936,-0.001825
44.667029,-1.418662,2.283051,1.958795,1.329178,1.038348,1.244713,-0.042759,-0.064976,0.124496,0.047891,0.682652,0.480550,0.651617,0.117060,1.280986,-1.518539,-1.334427,-2.280914,0.552418,1.625279,2.474929,-0.134562,0.363017,0.102279,0.017682,0.072502,0.396648,-0.000762
44.667939,-1.418140,2.282070,1.959421,1.330618,1.038704,1.243802,-0.044222,-0.057749,0.123993,0.051663,0.679946,0.480793,0.651302,0.116912,1.280848,-1.518170,-1.334324,-2.280891,0.552485,1.625668,2.474923,-0.135079,0.363398,0.102305,0.020041,0.071182,0.394312,-0.002483
44.668927,-1.416996,2.283554,1.961603,1.331409,1.040693,1.244909,-0.045646,-0.051127,0.122814,0.055110,0.676656,0.481013,0.650965,0.116793,1.280710,-1.517798,-1.334221,-2.280869,0.552555,1.626069,2.474925,-0.136029,0.365188,0.103434,0.020039,0.071422,0.396919,-0.001488
44.670005,-1.415825,2.284686,1.967739,1.333188,1.043045,1.249081,-0.046754,-0.043197,0.121491,0.057755,0.671770,0.481121,0.650604,0.116716,1.280568,-1.517433,-1.334114,-2.280847,0.552623,1.626470,2.474927,-0.137449,0.366301,0.103962,0.020867,0.070139,0.397792,-0.000772
44.671081,-1.416459,2.292495,1.969193,1.336174,1.044862,1.251239,-0.048002,-0.032558,0.120256,0.059946,0.665059,0.481128,0.650245,0.116669,1.280426,-1.517062,-1.334015,-2.280826,0.552691,1.626859,2.474925,-0.139115,0.368102,0.102840,0.020932,0.068640,0.396059,-0.000871
44.672043,-1.416568,2.295308,1.974107,1.338208,1.047119,1.251466,-0.048605,-0.018990,0.119916,0.062828,0.657262,0.481106,0.650003,0.116628,1.280284,-1.516702,-1.333909,-2.280807,0.552755,1.627257,2.474925,-0.139858,0.366642,0.104019,0.019825,0.067713,0.396320,-0.000678
44.672937,-1.419777,2.292092,1.975946,1.338650,1.049397,1.251335,-0.049550,-0.003863,0.121415,0.067234,0.649912,0.481128,0.650025,0.116576,1.280143,-1.516333,-1.333807,-2.280788,0.552818,1.627661,2.474921,-0.140597,0.366906,0.103151,0.019434,0.066178,0.397965,-0.001534
44.673943,-1.419114,2.297856,1.977252,1.339148,1.050255,1.251997,-0.051019,0.010339,0.124179,0.073524,0.644163,0.481270,0.650256,0.116505,1.280007,-1.515955,-1.333703,-2.280765,0.552882,1.628061,2.474919,-0.139636,0.369645,0.103614,0.020409,0.064530,0.399679,-0.001544
44.674988,-1.419340,2.297201,1.978231,1.341351,1.050441,1.252927,-0.051113,0.022228,0.126819,0.080810,0.639771,0.481499,0.650553,0.116426,1.279863,-1.515592,-1.333596,-2.280741,0.552945,1.628463,2.474921,-0.140863,0.368727,0.104638,0.021514,0.064477,0.401080,-0.000768
44.675976,-1.421451,2.301126,1.983221,1.342549,1.050848,1.251974,-0.052453,0.033051,0.128864,0.087334,0.635567,0.481670,0.650889,0.116346,1.279721,-1.515214,-1.333487,-2.280719,0.553008,1.628866,2.474917,-0.141730,0.371150,0.105909,0.021061,0.065156,0.402380,-0.002832
44.676927,-1.419921,2.299555,1.983811,1.344536,1.053003,1.251846,-0.054360,0.043035,0.129985,0.092531,0.631566,0.481747,0.651285,0.116258,1.279578,-1.514842,-1.333384,-2.280695,0.553071,1.629280,2.474916,-0.141494,0.370944,0.105043,0.021426,0.065510,0.405260,-0.002241
44.677918,-1.422510,2.300239,1.984739,1.346691,1.054923,1.251743,-0.054684,0.051348,0.129967,0.097100,0.628334,0.481766,0.651690,0.116170,1.279430,-1.514462,-1.333273,-2.280674,0.553129,1.629691,2.474919,-0.142949,0.373197,0.106228,0.021024,0.064112,0.407151,-0.000470
44.679065,-1.419731,2.299633,1.986965,1.348865,1.057346,1.253079,-0.056402,0.060933,0.122634,0.100641,0.627352,0.481772,0.652844,0.116044,1.279137,-1.513697,-1.333054,-2.280632,0.553248,1.630518,2.474913,-0.145058,0.377495,0.108292,0.020336,0.061608,0.410468,-0.000957
44.680081,-1.419458,2.304208,1.986057,1.350478,1.059729,1.252012,-0.056717,0.060933,0.122634,0.100641,0.627352,0.481772,0.652844,0.116044,1.279137,-1.513697,-1.333054,-2.280632,0.553248,1.630518,2.474913,-0.145058,0.377495,0.108292,0.020336,0.061608,0.410468,-0.000957
44.680938,-1.415974,2.303247,1.989689,1.351710,1.060355,1.250774,-0.057564,0.064246,0.114275,0.097266,0.629401,0.481749,0.653758,0.116009,1.278990,-1.513317,-1.332938,-2.280611,0.553303,1.630932,2.474909,-0.146029,0.377032,0.110354,0.020429,0.060108,0.413592,-0.002518
44.682048,-1.421559,2.308345,1.994740,1.354082,1.064207,1.252882,-0.059613,0.069983,0.104648,0.090980,0.631100,0.481588,0.654817,0.115985,1.278835,-1.512938,-1.332830,-2.280590,0.553362,1.631365,2.474908,-0.148131,0.378400,0.109723,0.020555,0.060126,0.416040,-0.002645
44.683032,-1.424710,2.305965,1.990723,1.357087,1.063821,1.252519,-0.060125,0.077365,0.095608,0.084628,0.632508,0.481376,0.655922,0.115957,1.278690,-1.512558,-1.332722,-2.280571,0.553411,1.631784,2.474912,-0.146416,0.378290,0.109157,0.020148,0.057322,0.416340,-0.000928
44.683913,-1.425455,2.301982,1.995048,1.358079,1.065923,1.248198,-0.060529,0.081205,0.086658,0.078758,0.636610,0.481339,0.657270,0.115901,1.278547,-1.512168,-1.332601,-2.280555,0.553472,1.632203,2.474908,-0.145678,0.381039,0.112647,0.018899,0.058540,0.418590,-0.002027
44.684951,-1.424227,2.300618,1.990136,1.360145,1.067620,1.248568,-0.062688,0.077636,0.075733,0.071313,0.645645,0.481590,0.659044,0.115790,1.278402,-1.511781,-1.332489,-2.280534,0.553528,1.632638,2.474904,-0.145839,0.383955,0.111678,0.019326,0.057099,0.424256,-0.003093
44.685953,-1.428687,2.295212,1.994466,1.362775,1.069380,1.245736,-0.062794,0.068158,0.061928,0.060947,0.658551,0.482033,0.661153,0.115633,1.278252,-1.511392,-1.332363,-2.280514,0.553581,1.633068,2.474909,-0.147344,0.386530,0.115709,0.019038,0.056350,0.425881,-0.000991
44.687095,-1.429125,2.293043,1.994988,1.364766,1.070762,1.242782,-0.064604,0.054237,0.044632,0.046520,0.674616,0.482581,0.663594,0.115434,1.278110,-1.510993,-1.332250,-2.280496,0.553637,1.633510,2.474903,-0.145958,0.390786,0.115086,0.018163,0.055448,0.430557,-0.002945
44.688011,-1.431255,2.292549,1.995892,1.367401,1.070930,1.243378,-0.065456,0.034992,0.023147,0.028456,0.694331,0.483267,0.666324,0.115174,1.277959,-1.510595,-1.332129,-2.280475,0.553691,1.633961,2.474904,-0.146902,0.394311,0.116745,0.018164,0.055149,0.435897,-0.001750
44.688913,-1.430452,2.291045,1.992006,1.368223,1.072087,1.240941,-0.065457,0.010969,-0.001662,0.008138,0.717210,0.484052,0.669273,0.114853,1.277814,-1.510197,-1.332007,-2.280460,0.553747,1.634400,2.474901,-0.146445,0.395534,0.117506,0.017146,0.055724,0.436697,-0.002012
44.690096,-1.426820,2.294828,1.995921,1.370079,1.075775,1.237360,-0.067822,-0.015656,-0.027860,-0.014187,0.741943,0.484773,0.672525,0.114486,1.277666,-1.509801,-1.331882,-2.280440,0.553800,1.634853,2.474892,-0.147404,0.397244,0.120619,0.017825,0.055305,0.440459,-0.003930
44.690986,-1.430439,2.294199,1.993932,1.372862,1.077283,1.231376,-0.068693,-0.040100,-0.053002,-0.037961,0.765414,0.485195,0.675977,0.114110,1.277509,-1.509400,-1.331761,-2.280420,0.553846,1.635319,2.474895,-0.150409,0.398007,0.120647,0.018072,0.052813,0.446533,-0.001709
44.692022,-1.429693,2.301305,1.994451,1.372594,1.079072,1.226801,-0.069471,-0.059016,-0.075032,-0.061349,0.785368,0.485236,0.679417,0.113771,1.277365,-1.508996,-1.331633,-2.280406,0.553896,1.635785,2.474894,-0.149117,0.399102,0.122742,0.016869,0.052083,0.453697,-0.001894
44.692960,-1.429148,2.302982,1.999720,1.376057,1.080562,1.227209,-0.070669,-0.073233,-0.092559,-0.082727,0.801586,0.484929,0.682729,0.113468,1.277210,-1.508605,-1.331505,-2.280382,0.553945,1.636262,2.474890,-0.150332,0.397372,0.123977,0.018856,0.051271,0.460015,-0.002555
44.693938,-1.426689,2.300685,2.000816,1.378835,1.081295,1.221936,-0.071060,-0.082538,-0.103471,-0.099835,0.813380,0.484294,0.685786,0.113182,1.277057,-1.508206,-1.331382,-2.280367,0.553996,1.636729,2.474888,-0.151177,0.397688,0.122589,0.017036,0.050605,0.460922,-0.002150
44.695050,-1.426590,2.300487,2.003570,1.381738,1.082914,1.216846,-0.072315,-0.086941,-0.107302,-0.110644,0.821660,0.483520,0.688598,0.112895,1.276901,-1.507807,-1.331257,-2.280354,0.554043,1.637213,2.474882,-0.153060,0.400253,0.123435,0.016087,0.050791,0.467708,-0.003460
44.696017,-1.423972,2.299034,2.005285,1.381750,1.082154,1.213042,-0.072774,-0.087536,-0.106296,-0.115890,0.828037,0.482797,0.691196,0.112579,1.276743,-1.507401,-1.331131,-2.280340,0.554089,1.637706,2.474880,-0.154076,0.402492,0.123804,0.015278,0.050280,0.474790,-0.003314
44.696945,-1.422301,2.303100,2.006321,1.382611,1.083431,1.208305,-0.072693,-0.074051,-0.094352,-0.114148,0.831092,0.481278,0.694926,0.111841,1.276426,-1.506592,-1.330877,-2.280302,0.554194,1.638691,2.474867,-0.157309,0.403428,0.124939,0.017630,0.051408,0.485847,-0.006593
44.698062,-1.428423,2.303730,2.005562,1.384431,1.084325,1.208806,-0.074657,-0.074051,-0.094352,-0.114148,0.831092,0.481278,0.694926,0.111841,1.276426,-1.506592,-1.330877,-2.280302,0.554194,1.638691,2.474867,-0.157309,0.403428,0.124939,0.017630,0.051408,0.485847,-0.006593
44.699046,-1.423943,2.305967,2.009675,1.387905,1.084119,1.206321,-0.075201,-0.059410,-0.082722,-0.108324,0.825691,0.480224,0.695799,0.111444,1.276276,-1.506183,-1.330743,-2.280284,0.554247,1.639184,2.474866,-0.155290,0.405291,0.127005,0.017800,0.051572,0.487315,-0.005026
44.699904,-1.427558,2.301844,2.007375,1.387637,1.086220,1.201501,-0.076144,-0.044324,-0.068509,-0.100639,0.818821,0.479092,0.696286,0.111050,1.276112,-1.505775,-1.330618,-2.280269,0.554298,1.639684,2.474859,-0.158143,0.405466,0.126304,0.016108,0.052671,0.491203,-0.006046
44.701015,-1.424610,2.308256,2.008192,1.391067,1.088189,1.202523,-0.077523,-0.030371,-0.052731,-0.091421,0.812042,0.478004,0.696435,0.110659,1.275957,-1.505366,-1.330484,-2.280249,0.554347,1.640192,2.474852,-0.156643,0.408071,0.128382,0.017786,0.051265,0.496811,-0.005961
44.702001,-1.425853,2.305855,2.012714,1.391348,1.089286,1.203673,-0.077644,-0.017701,-0.036101,-0.081659,0.805480,0.476969,0.696199,0.110270,1.275794,-1.504960,-1.330352,-2.280234,0.554397,1.640690,2.474848,-0.159072,0.406970,0.129649,0.016397,0.050375,0.497706,-0.005569
44.702958,-1.425651,2.305672,2.013998,1.392379,1.089120,1.208314,-0.078149,-0.005584,-0.018501,-0.071500,0.799048,0.476021,0.695614,0.109885,1.275633,-1.504550,-1.330225,-2.280214,0.554446,1.641192,2.474838,-0.159036,0.409522,0.128736,0.017801,0.050195,0.497927,-0.007426
44.704081,-1.426143,2.300956,2.018084,1.394108,1.090378,1.211007,-0.079747,0.006256,-0.000055,-0.059988,0.792550,0.475247,0.694691,0.109500,1.275469,-1.504137,-1.330093,-2.280194,0.554500,1.641689,2.474829,-0.159639,0.410687,0.129328,0.018362,0.051187,0.494525,-0.008427
44.704970,-1.429076,2.302124,2.017906,1.394541,1.089896,1.209192,-0.079682,0.016842,0.017591,-0.047524,0.786423,0.474750,0.693554,0.109111,1.275310,-1.503713,-1.329967,-2.280175,0.554552,1.642178,2.474823,-0.160373,0.415086,0.129057,0.018622,0.050987,0.493920,-0.007596
44.705959,-1.428152,2.297272,2.023800,1.394969,1.089872,1.209721,-0.081117,0.024761,0.032692,-0.034975,0.781301,0.474589,0.692275,0.108700,1.275151,-1.503302,-1.329836,-2.280153,0.554607,1.642683,2.474809,-0.159271,0.415144,0.130195,0.019624,0.052193,0.496701,-0.009605
44.707065,-1.428257,2.299184,2.025762,1.398367,1.091182,1.212057,-0.081692,0.029233,0.044768,-0.021936,0.776764,0.474712,0.690670,0.108251,1.274989,-1.502879,-1.329709,-2.280130,0.554663,1.643178,2.474801,-0.160367,0.418775,0.128594,0.020782,0.053056,0.497586,-0.008799
44.708092,-1.428097,2.303526,2.028109,1.397560,1.093257,1.217271,-0.081385,0.031017,0.053740,-0.007588,0.772478,0.475088,0.688607,0.107762,1.274825,-1.502464,-1.329580,-2.280113,0.554716,1.643674,2.474791,-0.161188,0.419806,0.129340,0.019370,0.052775,0.497185,-0.010002
44.708935,-1.427614,2.308736,2.028324,1.399200,1.094432,1.219759,-0.082709,0.031721,0.060240,0.007927,0.768317,0.475642,0.686187,0.107226,1.274658,-1.502046,-1.329450,-2.280087,0.554767,1.644168,2.474772,-0.161919,0.419085,0.129616,0.021827,0.051634,0.493549,-0.012763
44.710106,-1.433019,2.309144,2.034962,1.399403,1.095035,1.222454,-0.083628,0.033523,0.066589,0.024524,0.763050,0.476188,0.683478,0.106654,1.274495,-1.501631,-1.329321,-2.280066,0.554820,1.644650,2.474765,-0.162374,0.416813,0.130441,0.021503,0.051137,0.491939,-0.011855
44.711045,-1.426006,2.317308,2.036998,1.400069,1.097018,1.223660,-0.084766,0.035899,0.073973,0.042841,0.756609,0.476701,0.680433,0.106074,1.274339,-1.501211,-1.329198,-2.280038,0.554873,1.645141,2.474752,-0.160791,0.419012,0.129050,0.023194,0.051673,0.491525,-0.012493
44.711909,-1.429917,2.315216,2.042273,1.400034,1.096944,1.224106,-0.086024,0.039228,0.082872,0.063904,0.748415,0.477206,0.676878,0.105498,1.274170,-1.500799,-1.329068,-2.280013,0.554921,1.645625,2.474739,-0.164744,0.415868,0.129246,0.023961,0.050521,0.491600,-0.012175
44.712969,-1.432061,2.321811,2.045051,1.403043,1.097581,1.229859,-0.086014,0.046439,0.094591,0.088706,0.736618,0.477654,0.672655,0.104931,1.274009,-1.500382,-1.328945,-2.279985,0.554974,1.646117,2.474728,-0.163033,0.417415,0.127648,0.025222,0.051302,0.492049,-0.011461
44.714183,-1.436067,2.323541,2.051217,1.401765,1.098589,1.233096,-0.088833,0.054976,0.108691,0.117220,0.723011,0.478205,0.667934,0.104375,1.273845,-1.499969,-1.328819,-2.279966,0.555029,1.646605,2.474712,-0.162732,0.415828,0.127869,0.024022,0.051620,0.488043,-0.013724
44.714969,-1.433638,2.314863,2.049194,1.403990,1.097220,1.230101,-0.089657,0.060749,0.123811,0.148344,0.710209,0.479022,0.663007,0.103837,1.273685,-1.499547,-1.328695,-2.279932,0.555083,1.647085,2.474709,-0.161940,0.417592,0.126846,0.027184,0.051788,0.487364,-0.010625
44.715918,-1.436013,2.307241,2.051868,1.406668,1.096607,1.232786,-0.090203,0.063387,0.137768,0.179428,0.698352,0.480064,0.657959,0.103319,1.273521,-1.499122,-1.328561,-2.279909,0.555139,1.647582,2.474699,-0.163232,0.421826,0.128583,0.026067,0.053732,0.490918,-0.010654
44.717000,-1.434665,2.307422,2.055105,1.408363,1.098333,1.232372,-0.092193,0.061747,0.146537,0.206409,0.689223,0.481372,0.653027,0.102784,1.273362,-1.498685,-1.328431,-2.279887,0.555200,1.648064,2.474683,-0.162556,0.426394,0.128463,0.024941,0.055075,0.489518,-0.011544
44.718042,-1.442724,2.303696,2.056297,1.409642,1.098869,1.237354,-0.092523,0.054729,0.148205,0.227474,0.685010,0.482993,0.648512,0.102206,1.273196,-1.498252,-1.328303,-2.279860,0.555253,1.648563,2.474676,-0.164055,0.427910,0.128475,0.024966,0.054327,0.491789,-0.009833
44.719029,-1.443118,2.305516,2.058044,1.411386,1.098245,1.239542,-0.093835,0.041818,0.143483,0.242939,0.686207,0.484829,0.644550,0.101588,1.273039,-1.497816,-1.328171,-2.279833,0.555307,1.649054,2.474660,-0.160775,0.431145,0.129365,0.025297,0.054741,0.488444,-0.011375
44.720006,-1.441721,2.308412,2.061585,1.409892,1.101091,1.237424,-0.094918,0.021427,0.133475,0.252904,0.693380,0.486759,0.641309,0.100930,1.272880,-1.497382,-1.328040,-2.279806,0.555367,1.649538,2.474651,-0.161255,0.431230,0.129811,0.025056,0.056167,0.487774,-0.010814
44.720914,-1.442397,2.306798,2.061300,1.411138,1.102001,1.237194,-0.095520,-0.002897,0.121673,0.259136,0.703747,0.488514,0.638617,0.100247,1.272715,-1.496953,-1.327914,-2.279772,0.555418,1.650037,2.474638,-0.162490,0.430801,0.129386,0.027886,0.054163,0.491290,-0.010697
44.721914,-1.442447,2.307995,2.059708,1.413570,1.101502,1.237007,-0.096556,-0.024829,0.111936,0.263785,0.712635,0.489776,0.636081,0.099550,1.272550,-1.496518,-1.327782,-2.279745,0.555471,1.650538,2.474626,-0.162503,0.432134,0.130617,0.027958,0.054029,0.492531,-0.011400
44.722973,-1.443328,2.302675,2.064395,1.413857,1.102868,1.239727,-0.096602,-0.043178,0.104739,0.266007,0.719592,0.490534,0.633820,0.098845,1.272387,-1.496078,-1.327646,-2.279719,0.555528,1.651032,2.474614,-0.163104,0.432570,0.132725,0.027077,0.055395,0.494211,-0.011421
44.724041,-1.446932,2.307518,2.066453,1.415207,1.101917,1.239960,-0.097898,-0.059133,0.098853,0.264377,0.726150,0.490974,0.632168,0.098138,1.272221,-1.495635,-1.327515,-2.279688,0.555583,1.651530,2.474597,-0.163400,0.436644,0.131885,0.028357,0.054960,0.493193,-0.013557
44.724937,-1.445042,2.299735,2.062992,1.416540,1.100315,1.237502,-0.099328,-0.073886,0.093881,0.259877,0.732807,0.491272,0.631172,0.097438,1.272061,-1.495196,-1.327380,-2.279660,0.555644,1.652025,2.474587,-0.162421,0.435651,0.132381,0.028656,0.056831,0.494769,-0.013189
44.726014,-1.445847,2.297508,2.068050,1.418351,1.100948,1.233995,-0.099811,-0.088364,0.089651,0.252644,0.739763,0.491497,0.630834,0.096759,1.271895,-1.494752,-1.327239,-2.279631,0.555708,1.652533,2.474576,-0.163703,0.439922,0.135075,0.028570,0.059067,0.498189,-0.012202
44.727000,-1.440111,2.296383,2.067519,1.419778,1.101013,1.231462,-0.101619,-0.102432,0.084865,0.241607,0.747145,0.491672,0.631122,0.096106,1.271729,-1.494302,-1.327105,-2.279603,0.555768,1.653048,2.474560,-0.164081,0.442429,0.134059,0.028446,0.059348,0.503419,-0.013506
44.727925,-1.439744,2.296498,2.066294,1.421034,1.100478,1.232128,-0.103146,-0.113801,0.079634,0.227841,0.753910,0.491774,0.631809,0.095470,1.271557,-1.493851,-1.326966,-2.279577,0.555827,1.653566,2.474551,-0.167458,0.443799,0.135580,0.028533,0.060090,0.507218,-0.011945
44.729006,-1.435257,2.298224,2.066877,1.421508,1.101117,1.232781,-0.103344,-0.119078,0.075670,0.212180,0.758372,0.491663,0.632766,0.094854,1.271387,-1.493411,-1.326825,-2.279550,0.555889,1.654073,2.474540,-0.167946,0.444290,0.137207,0.028653,0.061323,0.507593,-0.010832
44.729999,-1.432951,2.295427,2.066386,1.423221,1.099953,1.232110,-0.105164,-0.116264,0.074377,0.194442,0.759400,0.491192,0.633993,0.094246,1.271212,-1.492965,-1.326683,-2.279518,0.555949,1.654576,2.474521,-0.170906,0.444907,0.138381,0.029786,0.061605,0.508744,-0.012713
44.730899,-1.432596,2.302295,2.070996,1.423007,1.101788,1.228424,-0.105132,-0.104241,0.076316,0.174832,0.756219,0.490281,0.635426,0.093640,1.271036,-1.492517,-1.326540,-2.279490,0.556016,1.655091,2.474514,-0.172496,0.447216,0.139828,0.029539,0.063518,0.510748,-0.011139
44.731997,-1.429011,2.297562,2.075030,1.423979,1.101563,1.227175,-0.106237,-0.083728,0.082438,0.155510,0.748723,0.488950,0.636895,0.093040,1.270862,-1.492074,-1.326400,-2.279458,0.556075,1.655622,2.474497,-0.172891,0.444100,0.138448,0.030959,0.062340,0.515282,-0.013103
44.732894,-1.429941,2.290699,2.068558,1.426962,1.100038,1.224702,-0.107365,-0.056241,0.094229,0.140459,0.736747,0.487282,0.638094,0.092449,1.270677,-1.491616,-1.326263,-2.279426,0.556142,1.656146,2.474483,-0.175314,0.447978,0.138014,0.031613,0.063477,0.518262,-0.013173
44.733912,-1.428622,2.288063,2.070951,1.429864,1.099199,1.220511,-0.108451,-0.024948,0.108763,0.128527,0.722164,0.485472,0.639114,0.091878,1.270503,-1.491158,-1.326110,-2.279398,0.556211,1.656675,2.474471,-0.175046,0.451574,0.142092,0.029884,0.065590,0.521556,-0.012790
44.734973,-1.428749,2.288411,2.068503,1.432639,1.098487,1.218608,-0.108806,0.004442,0.120791,0.115203,0.709330,0.483790,0.640395,0.091327,1.270323,-1.490696,-1.325964,-2.279373,0.556279,1.657203,2.474460,-0.176184,0.453779,0.142100,0.028601,0.067186,0.527135,-0.012763
44.735912,-1.428189,2.281814,2.066988,1.433137,1.100362,1.213373,-0.110859,0.028736,0.128582,0.099466,0.700669,0.482389,0.642083,0.090782,1.270146,-1.490237,-1.325816,-2.279345,0.556351,1.657745,2.474444,-0.176717,0.454787,0.144683,0.027462,0.068682,0.530487,-0.014283
44.736911,-1.430475,2.280062,2.070845,1.434252,1.102229,1.214140,-0.111406,0.047608,0.131750,0.081223,0.696036,0.481245,0.644075,0.090241,1.269968,-1.489777,-1.325666,-2.279313,0.556415,1.658298,2.474438,-0.177282,0.458524,0.146379,0.028268,0.067473,0.536609,-0.012132
44.738058,-1.431050,2.285009,2.071119,1.437607,1.102968,1.213085,-0.112690,0.060679,0.129778,0.061234,0.694630,0.480348,0.646127,0.089691,1.269793,-1.489317,-1.325520,-2.279285,0.556481,1.658839,2.474423,-0.176601,0.460164,0.145610,0.028648,0.066361,0.536988,-0.013152
44.738970,-1.427715,2.281094,2.065910,1.437708,1.102550,1.210477,-0.114799,0.067374,0.123906,0.042291,0.696346,0.479798,0.648041,0.089109,1.269613,-1.488863,-1.325374,-2.279260,0.556549,1.659390,2.474407,-0.177132,0.459477,0.147104,0.027175,0.066578,0.539867,-0.012972
44.739906,-1.429958,2.279957,2.070955,1.439958,1.102162,1.209479,-0.115611,0.069560,0.115650,0.024595,0.700339,0.479569,0.649773,0.088496,1.269431,-1.488398,-1.325216,-2.279228,0.556617,1.659947,2.474400,-0.178967,0.461637,0.150505,0.028336,0.067618,0.543195,-0.010661
44.740862,-1.427695,2.278475,2.074826,1.439980,1.102308,1.206998,-0.116283,0.069526,0.105389,0.007422,0.705135,0.479584,0.651201,0.087862,1.269257,-1.487930,-1.325070,-2.279201,0.556689,1.660494,2.474387,-0.178148,0.462488,0.148937,0.027445,0.068617,0.545069,-0.011021
44.741901,-1.430217,2.279563,2.076276,1.440779,1.102733,1.208087,-0.117303,0.067520,0.094166,-0.006183,0.710084,0.479918,0.652048,0.087186,1.269071,-1.487467,-1.324923,-2.279169,0.556763,1.661053,2.474375,-0.179532,0.463710,0.148046,0.028762,0.069077,0.548463,-0.011680
44.742957,-1.433024,2.281099,2.082942,1.439359,1.101279,1.207439,-0.118611,0.064227,0.083424,-0.013417,0.714104,0.480582,0.652100,0.086457,1.268893,-1.486996,-1.324771,-2.279139,0.556835,1.661597,2.474363,-0.178798,0.464074,0.148559,0.029510,0.069401,0.548704,-0.011820
44.744017,-1.434090,2.284011,2.085045,1.443860,1.099353,1.205826,-0.119531,0.059805,0.074136,-0.013458,0.716001,0.481501,0.651256,0.085688,1.268717,-1.486536,-1.324631,-2.279102,0.556909,1.662148,2.474352,-0.177998,0.464457,0.146614,0.032366,0.071635,0.550768,-0.011419
44.744953,-1.430914,2.283716,2.084658,1.445753,1.098506,1.208031,-0.122398,0.053040,0.067091,-0.005519,0.716152,0.482697,0.649546,0.084912,1.268537,-1.486069,-1.324482,-2.279079,0.556988,1.662712,2.474340,-0.178042,0.464094,0.146907,0.029545,0.074274,0.553725,-0.011816
44.745970,-1.435299,2.279567,2.086682,1.446982,1.096114,1.212735,-0.122322,0.043572,0.062261,0.008834,0.716580,0.484253,0.647374,0.084174,1.268354,-1.485597,-1.324334,-2.279053,0.557068,1.663259,2.474335,-0.179874,0.464500,0.148078,0.029095,0.075632,0.552359,-0.008026
44.746940,-1.434286,2.272404,2.090852,1.448348,1.093676,1.214422,-0.124026,0.031261,0.058262,0.025987,0.719086,0.486161,0.645230,0.083494,1.268178,-1.485128,-1.324185,-2.279021,0.557152,1.663808,2.474318,-0.178148,0.467389,0.148249,0.029337,0.078647,0.548869,-0.010355
44.747992,-1.434924,2.265348,2.090392,1.450931,1.091778,1.217622,-0.125239,0.014457,0.052767,0.043595,0.724813,0.488387,0.643277,0.082852,1.267996,-1.484643,-1.324038,-2.278992,0.557238,1.664352,2.474314,-0.178992,0.471292,0.147238,0.029367,0.081599,0.548265,-0.008978
44.748929,-1.436169,2.260307,2.092875,1.450359,1.091166,1.217107,-0.125807,-0.007674,0.043473,0.059992,0.734500,0.490913,0.641527,0.082233,1.267817,-1.484152,-1.323889,-2.278963,0.557328,1.664900,2.474306,-0.179239,0.475580,0.148785,0.028391,0.084079,0.546446,-0.008789
44.750064,-1.436983,2.252150,2.094165,1.451809,1.090561,1.219820,-0.128120,-0.034506,0.029249,0.073454,0.747760,0.493617,0.639958,0.081628,1.267639,-1.483671,-1.323743,-2.278930,0.557414,1.665455,2.474295,-0.178893,0.478231,0.148522,0.030226,0.085145,0.547835,-0.009628
44.751044,-1.434877,2.253744,2.097776,1.454161,1.089261,1.222753,-0.128193,-0.065109,0.010073,0.083366,0.763160,0.496317,0.638469,0.081022,1.267457,-1.483175,-1.323593,-2.278899,0.557506,1.665997,2.474292,-0.179230,0.483557,0.149420,0.030491,0.086441,0.546897,-0.007396
44.751975,-1.438170,2.253705,2.098246,1.454693,1.090425,1.220338,-0.129186,-0.097693,-0.012765,0.090333,0.779601,0.498913,0.637093,0.080403,1.267275,-1.482699,-1.323442,-2.278870,0.557599,1.666538,2.474278,-0.180638,0.483183,0.148667,0.029572,0.088204,0.545074,-0.009338
44.753059,-1.440178,2.251581,2.105934,1.456240,1.087091,1.222340,-0.130484,-0.130607,-0.035751,0.096453,0.796378,0.501349,0.635902,0.079748,1.267099,-1.482211,-1.323292,-2.278839,0.557686,1.667092,2.474268,-0.179246,0.483231,0.149369,0.030344,0.087467,0.548366,-0.009294
44.753974,-1.435196,2.246433,2.106763,1.458661,1.086016,1.222582,-0.130632,-0.164232,-0.055841,0.104390,0.812932,0.503616,0.634785,0.079054,1.266923,-1.481720,-1.323149,-2.278809,0.557785,1.667633,2.474260,-0.178937,0.485263,0.146962,0.030414,0.091390,0.547900,-0.008987
44.754973,-1.435908,2.243610,2.106762,1.462351,1.084448,1.225775,-0.132247,-0.198010,-0.072182,0.115382,0.828890,0.505789,0.633708,0.078329,1.266737,-1.481229,-1.323000,-2.278782,0.557882,1.668184,2.474248,-0.181583,0.487738,0.147476,0.029327,0.092763,0.548437,-0.010623
44.755981,-1.434249,2.238318,2.110145,1.463219,1.082934,1.223723,-0.132633,-0.230250,-0.085314,0.127621,0.844734,0.507954,0.633033,0.077590,1.266557,-1.480733,-1.322849,-2.278759,0.557980,1.668723,2.474238,-0.181615,0.489494,0.148590,0.027250,0.094776,0.546427,-0.009472
44.756977,-1.433743,2.236636,2.110208,1.465152,1.080544,1.224262,-0.132353,-0.260983,-0.096286,0.138704,0.861332,0.510156,0.633105,0.076853,1.266373,-1.480240,-1.322701,-2.278730,0.558083,1.669281,2.474224,-0.182845,0.492607,0.148071,0.027916,0.096684,0.549680,-0.010830
44.757908,-1.429282,2.233534,2.109074,1.468144,1.077703,1.220145,-0.133572,-0.289640,-0.105201,0.148122,0.877736,0.512322,0.633841,0.076119,1.266187,-1.479740,-1.322550,-2.278703,0.558188,1.669839,2.474206,-0.183347,0.493520,0.149064,0.027487,0.099390,0.549852,-0.013217
44.759130,-1.427970,2.236801,2.110465,1.470352,1.075114,1.221151,-0.135569,-0.314631,-0.111415,0.155381,0.892742,0.514307,0.635141,0.075416,1.265997,-1.479238,-1.322397,-2.278680,0.558297,1.670398,2.474195,-0.185601,0.494655,0.150406,0.025940,0.102381,0.554342,-0.012373
44.760084,-1.424384,2.230869,2.108228,1.472316,1.074922,1.218448,-0.135083,-0.334107,-0.113962,0.159987,0.905621,0.515957,0.636978,0.074799,1.265806,-1.478747,-1.322245,-2.278654,0.558407,1.670960,2.474191,-0.186958,0.494485,0.151299,0.025750,0.105502,0.554760,-0.010533
44.760973,-1.427110,2.235892,2.109184,1.473487,1.072940,1.213342,-0.137117,-0.346703,-0.112567,0.161541,0.915619,0.517112,0.639265,0.074277,1.265616,-1.478246,-1.322086,-2.278631,0.558515,1.671517,2.474172,-0.188817,0.497211,0.153198,0.025300,0.105859,0.557930,-0.013184
44.761968,-1.423942,2.238142,2.112383,1.476131,1.070578,1.209935,-0.138022,-0.353546,-0.107265,0.160470,0.922806,0.517701,0.641834,0.073808,1.265432,-1.477760,-1.321933,-2.278606,0.558630,1.672092,2.474166,-0.187405,0.494171,0.153342,0.025452,0.107893,0.563125,-0.010628
44.762980,-1.422434,2.229869,2.110928,1.477723,1.069935,1.209041,-0.137782,-0.356522,-0.096245,0.159988,0.927469,0.517753,0.644378,0.073365,1.265238,-1.477264,-1.321781,-2.278583,0.558745,1.672667,2.474154,-0.189138,0.493110,0.152702,0.024372,0.110429,0.567009,-0.010572
44.764012,-1.425328,2.226769,2.114562,1.479529,1.069676,1.209682,-0.138877,-0.356064,-0.079633,0.161611,0.929968,0.517390,0.646765,0.072914,1.265049,-1.476758,-1.321624,-2.278557,0.558862,1.673233,2.474135,-0.190098,0.497322,0.154398,0.024368,0.111233,0.568491,-0.012813
44.765006,-1.423065,2.222650,2.109721,1.482809,1.066841,1.203667,-0.139139,-0.354337,-0.061437,0.163485,0.932001,0.516847,0.649185,0.072431,1.264859,-1.476261,-1.321471,-2.278533,0.558976,1.673803,2.474127,-0.188893,0.499107,0.153605,0.024196,0.111725,0.568503,-0.012408
44.765960,-1.421076,2.218413,2.110655,1.484271,1.065522,1.197726,-0.139531,-0.354641,-0.045123,0.163758,0.935674,0.516334,0.651899,0.071918,1.264665,-1.475754,-1.321305,-2.278514,0.559099,1.674392,2.474111,-0.190167,0.501065,0.156853,0.022599,0.114682,0.574982,-0.013616
44.766918,-1.416889,2.218324,2.110805,1.486942,1.061692,1.192233,-0.141021,-0.356740,-0.032231,0.160833,0.940981,0.515875,0.654988,0.071387,1.264474,-1.475245,-1.321147,-2.278491,0.559219,1.674979,2.474097,-0.191212,0.502834,0.157130,0.022648,0.116051,0.581181,-0.014478
44.767977,-1.420328,2.220940,2.110926,1.489441,1.059672,1.191326,-0.141117,-0.357526,-0.022260,0.155199,0.945940,0.515394,0.658263,0.070860,1.264277,-1.474745,-1.320986,-2.278471,0.559349,1.675579,2.474085,-0.193306,0.502622,0.157813,0.021543,0.119883,0.586860,-0.013143
44.768902,-1.417477,2.223183,2.111817,1.490405,1.057061,1.186215,-0.142285,-0.355885,-0.013516,0.148745,0.949735,0.514873,0.661607,0.070351,1.264086,-1.474244,-1.320823,-2.278452,0.559479,1.676168,2.474069,-0.191854,0.501676,0.158760,0.020894,0.122001,0.588384,-0.014808
44.769965,-1.419221,2.226476,2.112061,1.494809,1.056766,1.183074,-0.143824,-0.352806,-0.004379,0.142927,0.952495,0.514296,0.664942,0.069860,1.263890,-1.473751,-1.320663,-2.278429,0.559609,1.676773,2.474060,-0.193238,0.500207,0.158969,0.021373,0.124550,0.593562,-0.014067
44.771126,-1.418771,2.225433,2.116227,1.497433,1.054389,1.179659,-0.143854,-0.348766,0.006498,0.139069,0.954266,0.513656,0.668101,0.069384,1.263697,-1.473251,-1.320501,-2.278415,0.559735,1.677385,2.474050,-0.192642,0.498975,0.159884,0.018886,0.124976,0.597227,-0.012844
44.772162,-1.419813,2.217742,2.113916,1.498172,1.053752,1.178825,-0.144820,-0.345282,0.018891,0.137819,0.956494,0.513091,0.671028,0.068894,1.263503,-1.472742,-1.320344,-2.278397,0.559870,1.677993,2.474034,-0.193408,0.500404,0.159149,0.018361,0.127571,0.601602,-0.014828
44.772917,-1.417253,2.208625,2.111500,1.501359,1.052096,1.172238,-0.146908,-0.343852,0.030340,0.137869,0.960021,0.512718,0.673672,0.068365,1.263310,-1.472232,-1.320176,-2.278376,0.559998,1.678605,2.474017,-0.193107,0.504408,0.161217,0.019368,0.128286,0.602835,-0.014664
44.774005,-1.417614,2.209118,2.115547,1.501828,1.048949,1.170739,-0.147244,-0.345395,0.037224,0.135800,0.965078,0.512578,0.676025,0.067818,1.263115,-1.471718,-1.320008,-2.278363,0.560134,1.679224,2.474009,-0.193913,0.507324,0.162515,0.017458,0.129600,0.608740,-0.011779
44.774928,-1.416631,2.209356,2.113929,1.503699,1.046410,1.169920,-0.149125,-0.349917,0.038636,0.130771,0.971545,0.512669,0.677976,0.067284,1.262921,-1.471215,-1.319847,-2.278340,0.560275,1.679834,2.473993,-0.194069,0.507575,0.161582,0.018826,0.132803,0.610850,-0.013028
44.776011,-1.416144,2.205396,2.115427,1.505558,1.045850,1.173150,-0.149434,-0.355495,0.037425,0.125009,0.977650,0.512806,0.679280,0.066776,1.262726,-1.470704,-1.319681,-2.278323,0.560412,1.680451,2.473985,-0.194487,0.506872,0.163008,0.018515,0.135193,0.611610,-0.010850
44.776935,-1.418069,2.203015,2.111388,1.506754,1.044148,1.170835,-0.149666,-0.360969,0.035638,0.119117,0.982623,0.512802,0.680014,0.066304,1.262528,-1.470189,-1.319519,-2.278305,0.560551,1.681055,2.473970,-0.195024,0.509235,0.163332,0.018572,0.135788,0.609007,-0.012144
44.778008,-1.414619,2.203849,2.111468,1.509782,1.042863,1.173213,-0.152242,-0.367415,0.032856,0.111663,0.987333,0.512599,0.680451,0.065855,1.262335,-1.469682,-1.319347,-2.278285,0.560690,1.681670,2.473955,-0.193995,0.509891,0.165895,0.018887,0.137343,0.611346,-0.013273
44.778896,-1.415411,2.195544,2.110936,1.512221,1.039985,1.172466,-0.153167,-0.375436,0.029109,0.101434,0.992248,0.512158,0.680764,0.065422,1.262133,-1.469168,-1.319177,-2.278270,0.560831,1.682274,2.473951,-0.195963,0.509768,0.166798,0.017806,0.138646,0.609551,-0.009980
44.779911,-1.410969,2.187659,2.108200,1.514685,1.038485,1.176607,-0.153627,-0.384757,0.024880,0.088525,0.997903,0.511543,0.681083,0.065004,1.261941,-1.468645,-1.319007,-2.278254,0.560975,1.682890,2.473942,-0.195424,0.513027,0.167506,0.016888,0.141280,0.610144,-0.009709
44.780939,-1.413691,2.178859,2.106483,1.517056,1.039457,1.177257,-0.155312,-0.395860,0.018767,0.072313,1.005380,0.510913,0.681584,0.064570,1.261737,-1.468124,-1.318830,-2.278239,0.561119,1.683495,2.473929,-0.197719,0.516836,0.169609,0.016262,0.142679,0.606345,-0.010563
44.782101,-1.411952,2.173571,2.109038,1.518629,1.039830,1.178953,-0.156070,-0.409698,0.008386,0.050868,1.015668,0.510425,0.682457,0.064091,1.261546,-1.467592,-1.318656,-2.278223,0.561261,1.684096,2.473922,-0.196557,0.521047,0.171246,0.015726,0.141634,0.606196,-0.008980
44.782961,-1.408443,2.169643,2.107832,1.518760,1.035825,1.179862,-0.156987,-0.427289,-0.007304,0.024288,1.029038,0.510214,0.683620,0.063566,1.261346,-1.467066,-1.318485,-2.278207,0.561400,1.684703,2.473911,-0.197909,0.524380,0.171154,0.016275,0.141426,0.605453,-0.009522
44.783890,-1.405580,2.161463,2.107170,1.520334,1.032853,1.185650,-0.158322,-0.446085,-0.026225,-0.004686,1.042966,0.510216,0.684639,0.062999,1.261143,-1.466534,-1.318308,-2.278187,0.561553,1.685311,2.473901,-0.199341,0.525108,0.172048,0.017531,0.145085,0.604298,-0.009174
44.784960,-1.410393,2.160261,2.106922,1.520993,1.028717,1.186043,-0.158459,-0.461816,-0.045402,-0.033965,1.054312,0.510227,0.685226,0.062408,1.260939,-1.465995,-1.318137,-2.278169,0.561710,1.685897,2.473893,-0.200616,0.528355,0.172917,0.017514,0.147709,0.598631,-0.008127
44.785976,-1.412508,2.159396,2.106640,1.521062,1.026644,1.188068,-0.160586,-0.474979,-0.063925,-0.062943,1.062985,0.510169,0.685407,0.061804,1.260742,-1.465469,-1.317960,-2.278149,0.561867,1.686497,2.473878,-0.198433,0.529071,0.173918,0.018693,0.151719,0.598928,-0.009733
44.787034,-1.407203,2.159291,2.107196,1.523044,1.025233,1.189054,-0.160842,-0.488829,-0.081082,-0.090539,1.069743,0.509984,0.685148,0.061200,1.260548,-1.464933,-1.317783,-2.278126,0.562027,1.687086,2.473876,-0.197556,0.529185,0.174780,0.020275,0.153522,0.597377,-0.007249
44.788027,-1.407900,2.151270,2.106675,1.525005,1.020959,1.193936,-0.161380,-0.502407,-0.094965,-0.115058,1.073586,0.509548,0.684363,0.060614,1.260341,-1.464406,-1.317608,-2.278107,0.562186,1.687699,2.473863,-0.200368,0.529293,0.175354,0.020102,0.154744,0.596911,-0.008617
44.789027,-1.409526,2.149287,2.107203,1.527194,1.021328,1.194293,-0.162868,-0.512777,-0.105129,-0.135970,1.074095,0.508853,0.683224,0.060039,1.260142,-1.463867,-1.317429,-2.278088,0.562354,1.688285,2.473854,-0.200043,0.532848,0.176243,0.019819,0.158695,0.592410,-0.009272
44.790074,-1.404762,2.147413,2.108615,1.529288,1.019929,1.194365,-0.164529,-0.521765,-0.113529,-0.153762,1.073632,0.508073,0.682090,0.059468,1.259944,-1.463328,-1.317252,-2.278070,0.562513,1.688879,2.473848,-0.199298,0.533364,0.176650,0.019340,0.158014,0.592493,-0.008040
44.791005,-1.403989,2.138410,2.104732,1.529891,1.021128,1.191368,-0.164813,-0.530583,-0.120837,-0.167670,1.073593,0.507327,0.681088,0.058918,1.259735,-1.462795,-1.317073,-2.278052,0.562675,1.689471,2.473844,-0.201790,0.534223,0.176727,0.019072,0.159214,0.593021,-0.006574
44.791904,-1.399420,2.135576,2.104887,1.534051,1.018656,1.189212,-0.165756,-0.536726,-0.127280,-0.177642,1.072790,0.506578,0.680121,0.058390,1.259535,-1.462248,-1.316887,-2.278027,0.562826,1.690073,2.473836,-0.202039,0.537793,0.179057,0.019906,0.157719,0.596118,-0.007663
44.793012,-1.401845,2.139188,2.106431,1.534427,1.018430,1.189910,-0.166383,-0.539164,-0.134410,-0.185177,1.071014,0.505843,0.679189,0.057870,1.259327,-1.461713,-1.316709,-2.278015,0.562990,1.690678,2.473828,-0.204056,0.538183,0.179349,0.017359,0.159784,0.598194,-0.007338
44.794020,-1.402305,2.138168,2.109085,1.535227,1.016746,1.185413,-0.167090,-0.538309,-0.141630,-0.189502,1.068893,0.505211,0.678264,0.057365,1.259121,-1.461177,-1.316531,-2.277993,0.563148,1.691283,2.473818,-0.203059,0.536593,0.179540,0.018867,0.159886,0.598231,-0.008038
44.795042,-1.402372,2.137617,2.112803,1.536658,1.014389,1.182275,-0.168317,-0.534715,-0.146628,-0.188011,1.065670,0.504677,0.677030,0.056895,1.258920,-1.460634,-1.316355,-2.277972,0.563312,1.691896,2.473808,-0.202904,0.536686,0.178913,0.019736,0.161287,0.603092,-0.008386
44.796007,-1.400571,2.136160,2.113040,1.539799,1.012913,1.182426,-0.167804,-0.529016,-0.148203,-0.178606,1.060349,0.504243,0.675094,0.056466,1.258715,-1.460102,-1.316178,-2.277950,0.563476,1.692516,2.473803,-0.202924,0.536730,0.177772,0.019989,0.163363,0.606540,-0.007728
44.796989,-1.401728,2.130700,2.118161,1.539048,1.012915,1.178086,-0.169138,-0.521728,-0.146350,-0.160974,1.053587,0.504033,0.672458,0.056067,1.258510,-1.459561,-1.315997,-2.277936,0.563647,1.693122,2.473790,-0.203749,0.536787,0.178199,0.018552,0.164406,0.606540,-0.010460
44.797971,-1.399800,2.123985,2.115535,1.541067,1.009932,1.173675,-0.170843,-0.513512,-0.141877,-0.136126,1.046373,0.504173,0.669331,0.055685,1.258307,-1.459016,-1.315823,-2.277910,0.563811,1.693746,2.473784,-0.203129,0.538908,0.176280,0.020842,0.164056,0.611069,-0.009487
44.798976,-1.396721,2.115507,2.118918,1.543078,1.003910,1.168199,-0.170494,-0.504871,-0.136599,-0.106054,1.038531,0.504690,0.665774,0.055326,1.258100,-1.458473,-1.315642,-2.277891,0.563982,1.694379,2.473778,-0.204040,0.541679,0.178209,0.020461,0.166675,0.615574,-0.007805
44.799999,-1.395053,2.112083,2.116825,1.545439,0.999619,1.165777,-0.171539,-0.495608,-0.132878,-0.074069,1.029996,0.505544,0.661943,0.054986,1.257892,-1.457917,-1.315466,-2.277872,0.564166,1.695023,2.473764,-0.205556,0.545306,0.177177,0.020161,0.172224,0.621174,-0.010284
44.800980,-1.395093,2.106461,2.116308,1.547589,0.996064,1.157576,-0.173303,-0.485125,-0.131937,-0.042774,1.021183,0.506631,0.658119,0.054651,1.257683,-1.457374,-1.315284,-2.277853,0.564347,1.695654,2.473755,-0.206392,0.546648,0.178941,0.019558,0.176052,0.623832,-0.009959
44.802124,-1.393917,2.109213,2.119272,1.549741,0.992859,1.153040,-0.172865,-0.474133,-0.133903,-0.014025,1.012851,0.507770,0.654559,0.054329,1.257472,-1.456814,-1.315105,-2.277837,0.564532,1.696306,2.473750,-0.206244,0.548645,0.179775,0.019138,0.179057,0.632061,-0.008150
44.803026,-1.389800,2.106059,2.120102,1.551012,0.991632,1.147572,-0.174406,-0.463495,-0.137517,0.012181,1.005270,0.508769,0.651265,0.054025,1.257264,-1.456263,-1.314927,-2.277819,0.564721,1.696954,2.473732,-0.207161,0.547525,0.179354,0.019005,0.181886,0.637209,-0.011046
44.803928,-1.387172,2.103534,2.120340,1.552419,0.989597,1.146282,-0.175126,-0.451473,-0.139795,0.038003,0.997117,0.509459,0.647982,0.053736,1.257049,-1.455719,-1.314749,-2.277800,0.564903,1.697614,2.473726,-0.208868,0.548021,0.179326,0.019223,0.182471,0.642285,-0.009508
44.805035,-1.387484,2.098078,2.120743,1.554683,0.987777,1.141509,-0.175654,-0.435792,-0.138582,0.064419,0.987114,0.509759,0.644583,0.053466,1.256838,-1.455165,-1.314567,-2.277780,0.565090,1.698258,2.473718,-0.209855,0.548077,0.179555,0.019303,0.183848,0.643248,-0.009671
44.805939,-1.384345,2.092831,2.120339,1.556037,0.984340,1.137695,-0.176072,-0.417367,-0.134319,0.090267,0.975953,0.509734,0.641185,0.053204,1.256626,-1.454614,-1.314389,-2.277760,0.565280,1.698916,2.473705,-0.209866,0.550885,0.180309,0.018932,0.185251,0.648495,-0.010546
44.806945,-1.382470,2.091183,2.121450,1.557153,0.980403,1.136986,-0.178489,-0.398612,-0.128776,0.113639,0.964993,0.509508,0.637927,0.052934,1.256410,-1.454059,-1.314206,-2.277741,0.565472,1.699582,2.473693,-0.211085,0.552281,0.180844,0.019079,0.187976,0.651875,-0.011280
44.808017,-1.378468,2.088594,2.119161,1.558358,0.976303,1.136780,-0.178602,-0.379647,-0.122096,0.133825,0.954012,0.509112,0.634838,0.052669,1.256198,-1.453499,-1.314025,-2.277719,0.565670,1.700232,2.473691,-0.211942,0.552444,0.180933,0.019610,0.191285,0.652642,-0.008199
44.808943,-1.375910,2.085636,2.119078,1.561120,0.973738,1.135040,-0.179932,-0.358662,-0.113138,0.150441,0.941669,0.508474,0.631972,0.052421,1.255978,-1.452946,-1.313839,-2.277699,0.565870,1.700884,2.473676,-0.213951,0.553568,0.182858,0.020221,0.194816,0.653175,-0.009877
44.809922,-1.377181,2.083066,2.119011,1.560977,0.972908,1.134257,-0.180254,-0.334677,-0.101586,0.162533,0.927620,0.507550,0.629472,0.052187,1.255764,-1.452390,-1.313652,-2.277682,0.566075,1.701546,2.473669,-0.214925,0.553942,0.183237,0.019042,0.196549,0.654621,-0.008818
44.810970,-1.372650,2.082955,2.117673,1.563547,0.969819,1.138257,-0.181267,-0.309390,-0.087586,0.170453,0.912925,0.506388,0.627395,0.051954,1.255551,-1.451829,-1.313468,-2.277658,0.566277,1.702198,2.473657,-0.214129,0.554398,0.183804,0.020734,0.196642,0.655366,-0.009898
44.812044,-1.370514,2.075841,2.116581,1.567346,0.965380,1.141710,-0.182115,-0.284321,-0.071055,0.174960,0.898211,0.504983,0.625729,0.051714,1.255329,-1.451279,-1.313277,-2.277641,0.566477,1.702845,2.473648,-0.216333,0.554167,0.185113,0.019991,0.199149,0.651585,-0.009697
44.812971,-1.370541,2.070099,2.110673,1.566669,0.964124,1.143698,-0.182394,-0.259618,-0.053009,0.175179,0.884565,0.503357,0.624686,0.051471,1.255110,-1.450712,-1.313090,-2.277628,0.566685,1.703478,2.473636,-0.217394,0.557414,0.186419,0.018190,0.202955,0.648593,-0.009879
44.814045,-1.363266,2.064392,2.108635,1.569715,0.961718,1.144087,-0.182904,-0.236827,-0.036405,0.168735,0.873615,0.501579,0.624491,0.051223,1.254892,-1.450155,-1.312892,-2.277603,0.566890,1.704121,2.473623,-0.217032,0.559185,0.189608,0.020315,0.203365,0.646426,-0.010936
44.814981,-1.359197,2.062422,2.106785,1.569967,0.958825,1.149367,-0.185215,-0.192899,-0.013978,0.131236,0.855876,0.497313,0.626324,0.050738,1.254440,-1.449025,-1.312500,-2.277564,0.567319,1.705398,2.473606,-0.222245,0.561550,0.192451,0.020394,0.207061,0.641022,-0.008781
44.816048,-1.358791,2.060023,2.104467,1.570464,0.957726,1.154166,-0.186362,-0.192899,-0.013978,0.131236,0.855876,0.497313,0.626324,0.050738,1.254440,-1.449025,-1.312500,-2.277564,0.567319,1.705398,2.473606,-0.222245,0.561550,0.192451,0.020394,0.207061,0.641022,-0.008781
44.817028,-1.352246,2.068029,2.099301,1.572073,0.956926,1.154019,-0.185687,-0.166351,-0.006421,0.103594,0.845578,0.494732,0.628050,0.050552,1.254213,-1.448465,-1.312300,-2.277537,0.567531,1.706029,2.473599,-0.222331,0.562474,0.194209,0.021563,0.207449,0.636674,-0.008391
44.818040,-1.350284,2.068376,2.099072,1.573567,0.956488,1.153039,-0.187707,-0.135683,0.001120,0.072911,0.832872,0.491802,0.630185,0.050390,1.253983,-1.447914,-1.312095,-2.277517,0.567733,1.706663,2.473581,-0.225286,0.557704,0.197085,0.021578,0.207529,0.636945,-0.011457
44.819049,-1.344291,2.068593,2.098224,1.577385,0.953905,1.157425,-0.188035,-0.099254,0.011463,0.041874,0.816643,0.488511,0.632563,0.050231,1.253755,-1.447366,-1.311895,-2.277495,0.567942,1.707309,2.473575,-0.225995,0.557092,0.197611,0.021729,0.207226,0.638066,-0.009148
44.819914,-1.340627,2.068189,2.100780,1.578829,0.953869,1.154960,-0.187631,-0.057649,0.025461,0.013328,0.797883,0.485088,0.635106,0.050067,1.253518,-1.446808,-1.311690,-2.277481,0.568151,1.707944,2.473561,-0.228638,0.556362,0.198388,0.019722,0.209081,0.633808,-0.010278
44.820916,-1.334338,2.061629,2.096163,1.581191,0.952685,1.153366,-0.189668,-0.012710,0.042784,-0.010037,0.778717,0.481873,0.637799,0.049888,1.253286,-1.446249,-1.311498,-2.277460,0.568358,1.708577,2.473544,-0.229800,0.555067,0.197206,0.019658,0.208171,0.635969,-0.012575
44.822030,-1.331816,2.056723,2.091532,1.584413,0.949928,1.152145,-0.188920,0.034649,0.062463,-0.027192,0.759919,0.479062,0.640505,0.049710,1.253044,-1.445690,-1.311291,-2.277440,0.568568,1.709223,2.473542,-0.232526,0.557714,0.199874,0.018971,0.208602,0.637652,-0.010239
44.823016,-1.329096,2.057305,2.089507,1.585582,0.948296,1.151314,-0.189874,0.082722,0.080804,-0.041762,0.742517,0.476750,0.643307,0.049551,1.252812,-1.445124,-1.311082,-2.277425,0.568784,1.709863,2.473520,-0.233717,0.560080,0.202799,0.017785,0.210699,0.639441,-0.013697
44.823902,-1.330317,2.050650,2.088676,1.587152,0.945909,1.145348,-0.191353,0.129174,0.095239,-0.057211,0.727724,0.474913,0.646363,0.049408,1.252572,-1.444569,-1.310874,-2.277405,0.568995,1.710507,2.473507,-0.234622,0.559043,0.204060,0.018282,0.211528,0.640304,-0.013464
44.825002,-1.329813,2.051463,2.088776,1.588003,0.944092,1.142523,-0.192036,0.171251,0.106202,-0.072570,0.716028,0.473431,0.649459,0.049297,1.252339,-1.444003,-1.310666,-2.277386,0.569209,1.711165,2.473498,-0.233371,0.560943,0.204453,0.018153,0.212957,0.645875,-0.012043
44.825982,-1.326457,2.052522,2.086518,1.588874,0.942955,1.141855,-0.192846,0.206083,0.114492,-0.085424,0.707668,0.472194,0.652186,0.049221,1.252107,-1.443440,-1.310463,-2.277364,0.569425,1.711814,2.473484,-0.233558,0.560389,0.205040,0.019174,0.214082,0.649141,-0.012606
44.826982,-1.329506,2.038202,2.082929,1.589370,0.943369,1.142212,-0.193889,0.234471,0.122050,-0.094210,0.701308,0.471006,0.654259,0.049144,1.251868,-1.442887,-1.310251,-2.277344,0.569641,1.712466,2.473472,-0.234787,0.559117,0.206382,0.019928,0.214357,0.649752,-0.012689
44.828034,-1.330552,2.033640,2.085471,1.592179,0.944138,1.139597,-0.193760,0.256924,0.128707,-0.100290,0.696493,0.469754,0.655803,0.049034,1.251637,-1.442309,-1.310036,-2.277319,0.569852,1.713104,2.473460,-0.232911,0.565441,0.208400,0.020990,0.213144,0.649513,-0.012337
44.829027,-1.326762,2.025529,2.079611,1.593721,0.943338,1.133631,-0.195340,0.269139,0.130842,-0.105977,0.696013,0.468635,0.657231,0.048862,1.251407,-1.441730,-1.309832,-2.277305,0.570063,1.713762,2.473440,-0.232229,0.567075,0.207599,0.020082,0.211669,0.652382,-0.014420
44.829904,-1.328045,2.019898,2.075197,1.596125,0.940122,1.129695,-0.195042,0.269679,0.127045,-0.111795,0.701277,0.467802,0.658858,0.048616,1.251171,-1.441156,-1.309615,-2.277282,0.570272,1.714438,2.473432,-0.233760,0.570237,0.210735,0.020158,0.211711,0.658254,-0.012969
44.830955,-1.327978,2.018915,2.069721,1.599675,0.937315,1.120606,-0.195795,0.260732,0.117789,-0.119190,0.711358,0.467182,0.660988,0.048307,1.250943,-1.440579,-1.309398,-2.277267,0.570490,1.715105,2.473412,-0.232511,0.571398,0.212780,0.019271,0.213945,0.661639,-0.015092
44.831986,-1.322156,2.016818,2.069160,1.601689,0.938279,1.116437,-0.197598,0.242611,0.103865,-0.129670,0.726149,0.466690,0.663916,0.047939,1.250710,-1.440014,-1.309177,-2.277253,0.570711,1.715789,2.473395,-0.232341,0.571432,0.215817,0.017645,0.215936,0.670839,-0.015377
44.832933,-1.318878,2.016722,2.063792,1.603645,0.939245,1.111096,-0.198449,0.217899,0.087742,-0.142317,0.744370,0.466220,0.667561,0.047534,1.250469,-1.439439,-1.308958,-2.277235,0.570924,1.716481,2.473385,-0.234919,0.571792,0.216330,0.017432,0.214178,0.674889,-0.013554
44.834087,-1.317049,2.013206,2.066360,1.607669,0.938654,1.110856,-0.198767,0.192857,0.072823,-0.155219,0.762650,0.465622,0.671544,0.047120,1.250233,-1.438864,-1.308736,-2.277219,0.571135,1.717169,2.473370,-0.236045,0.570626,0.219018,0.017121,0.212362,0.679865,-0.013506
44.834986,-1.316426,2.007215,2.069857,1.606314,0.937676,1.104523,-0.199947,0.170522,0.060972,-0.166940,0.779723,0.464916,0.675620,0.046693,1.249995,-1.438291,-1.308519,-2.277208,0.571347,1.717857,2.473351,-0.236932,0.572487,0.218328,0.015319,0.212384,0.680498,-0.014871
44.836011,-1.312997,2.006173,2.076037,1.609432,0.935376,1.103798,-0.201481,0.150376,0.052384,-0.174915,0.795667,0.464255,0.679410,0.046242,1.249762,-1.437712,-1.308307,-2.277185,0.571560,1.718554,2.473339,-0.236649,0.573955,0.216544,0.018107,0.212436,0.686262,-0.014049
44.836955,-1.313323,2.003071,2.073546,1.608224,0.931175,1.104766,-0.201548,0.132772,0.048040,-0.174916,0.809141,0.463723,0.682258,0.045778,1.249522,-1.437141,-1.308101,-2.277172,0.571778,1.719236,2.473328,-0.238014,0.573783,0.213832,0.016831,0.213937,0.686901,-0.012765
44.838027,-1.312790,1.997357,2.071156,1.608833,0.929737,1.103797,-0.203873,0.118422,0.048927,-0.165501,0.819133,0.463306,0.683915,0.045319,1.249284,-1.436563,-1.307882,-2.277147,0.572000,1.719925,2.473309,-0.237297,0.574098,0.215140,0.019521,0.217196,0.685517,-0.014269
44.838961,-1.305998,2.000728,2.070959,1.611357,0.929561,1.102364,-0.203496,0.106681,0.053417,-0.150673,0.825316,0.462855,0.684594,0.044880,1.249048,-1.435980,-1.307661,-2.277124,0.572223,1.720605,2.473305,-0.237376,0.576430,0.216684,0.020644,0.217799,0.686676,-0.011479
44.839915,-1.303300,1.995305,2.071372,1.611619,0.930324,1.104144,-0.205342,0.098222,0.060108,-0.134261,0.827406,0.462222,0.684511,0.044467,1.248802,-1.435415,-1.307442,-2.277107,0.572434,1.721297,2.473285,-0.240137,0.573546,0.216750,0.019712,0.217093,0.687653,-0.013876
44.840900,-1.298025,1.992783,2.068933,1.612477,0.932011,1.112655,-0.206973,0.095574,0.069866,-0.116371,0.825233,0.461367,0.683726,0.044062,1.248557,-1.434835,-1.307222,-2.277083,0.572644,1.721974,2.473279,-0.240872,0.575091,0.216572,0.020953,0.215499,0.685562,-0.011821
44.841905,-1.295872,1.988017,2.067970,1.617416,0.932036,1.112004,-0.206898,0.099794,0.082283,-0.097757,0.819087,0.460302,0.682366,0.043662,1.248312,-1.434257,-1.307003,-2.277060,0.572854,1.722641,2.473270,-0.243008,0.575330,0.217930,0.021674,0.213008,0.676881,-0.010291
44.843039,-1.290506,1.989079,2.069533,1.618262,0.930748,1.115600,-0.208707,0.108989,0.095079,-0.080798,0.811428,0.459184,0.680814,0.043267,1.248066,-1.433681,-1.306782,-2.277046,0.573062,1.723322,2.473253,-0.243589,0.576881,0.218562,0.018528,0.212260,0.677519,-0.012206
44.844023,-1.289897,1.978319,2.066681,1.617965,0.933759,1.115050,-0.209554,0.121102,0.106989,-0.066093,0.804718,0.458194,0.679254,0.042868,1.247817,-1.433103,-1.306568,-2.277024,0.573277,1.723987,2.473245,-0.246086,0.576220,0.218383,0.019624,0.212931,0.674387,-0.010547
44.844907,-1.291284,1.968445,2.061346,1.619408,0.933709,1.118848,-0.209645,0.136143,0.117365,-0.053593,0.798196,0.457310,0.677448,0.042488,1.247569,-1.432521,-1.306346,-2.276999,0.573478,1.724664,2.473233,-0.245805,0.580591,0.219906,0.021457,0.209172,0.674802,-0.010580
44.845993,-1.285877,1.961825,2.055871,1.618479,0.934339,1.118836,-0.211071,0.150729,0.122867,-0.046016,0.792422,0.456561,0.675378,0.042136,1.247325,-1.431931,-1.306119,-2.276980,0.573685,1.725331,2.473219,-0.244350,0.583770,0.222333,0.021438,0.208356,0.670456,-0.011938
44.846992,-1.287274,1.958369,2.058054,1.618419,0.934982,1.118597,-0.212035,0.161645,0.120334,-0.046997,0.788580,0.455970,0.673237,0.041819,1.247075,-1.431334,-1.305889,-2.276949,0.573892,1.725990,2.473209,-0.246764,0.586449,0.225355,0.023999,0.207104,0.670865,-0.010966
44.847908,-1.285830,1.954112,2.057969,1.619383,0.935158,1.123279,-0.213197,0.170952,0.110837,-0.056070,0.784551,0.455358,0.670815,0.041551,1.246830,-1.430750,-1.305667,-2.276920,0.574093,1.726662,2.473198,-0.245544,0.587168,0.224352,0.025509,0.205780,0.671024,-0.010788
44.849126,-1.283788,1.955238,2.055051,1.622841,0.934171,1.126491,-0.213948,0.179092,0.097500,-0.068520,0.779534,0.454684,0.667893,0.041319,1.246588,-1.430158,-1.305439,-2.276894,0.574293,1.727311,2.473191,-0.245620,0.587709,0.224230,0.025886,0.204826,0.666022,-0.010066
44.849990,-1.281599,1.948313,2.050495,1.622525,0.934949,1.126927,-0.213940,0.184922,0.082714,-0.081332,0.775253,0.454063,0.664780,0.041100,1.246337,-1.429578,-1.305209,-2.276871,0.574501,1.727978,2.473179,-0.246643,0.587522,0.226369,0.024476,0.205372,0.663663,-0.010707
44.850955,-1.277694,1.942253,2.052661,1.623146,0.935306,1.127394,-0.214085,0.188759,0.067384,-0.095196,0.772631,0.453522,0.661946,0.040871,1.246086,-1.428979,-1.304976,-2.276842,0.574701,1.728637,2.473163,-0.246832,0.589027,0.228267,0.025981,0.203728,0.662708,-0.012216
44.851912,-1.276640,1.935179,2.045764,1.627313,0.936880,1.127835,-0.215346,0.191828,0.052057,-0.109892,0.770712,0.453025,0.659482,0.040609,1.245836,-1.428380,-1.304754,-2.276813,0.574903,1.729293,2.473147,-0.248169,0.590674,0.227181,0.026751,0.202639,0.662125,-0.013585
44.853098,-1.272922,1.934035,2.042012,1.628094,0.937178,1.123254,-0.215408,0.193767,0.036570,-0.124576,0.770006,0.452652,0.657509,0.040316,1.245587,-1.427786,-1.304516,-2.276794,0.575097,1.729961,2.473136,-0.248044,0.592860,0.230495,0.024162,0.200391,0.661467,-0.012712
44.853975,-1.270834,1.927500,2.042751,1.629590,0.937981,1.122277,-0.216788,0.193283,0.020073,-0.140750,0.772126,0.452445,0.656309,0.040004,1.245335,-1.427186,-1.304275,-2.276768,0.575296,1.730628,2.473118,-0.249821,0.593361,0.232787,0.025337,0.199691,0.666802,-0.014661
44.854926,-1.270611,1.923816,2.039760,1.629758,0.937366,1.120178,-0.217324,0.191640,0.003549,-0.158037,0.775978,0.452269,0.655674,0.039677,1.245084,-1.426592,-1.304044,-2.276744,0.575492,1.731298,2.473106,-0.249989,0.594795,0.232070,0.025139,0.198093,0.667188,-0.013392
44.856012,-1.265650,1.923131,2.042583,1.630161,0.938741,1.122235,-0.217146,0.189153,-0.011266,-0.173504,0.780519,0.452043,0.655192,0.039338,1.244832,-1.425993,-1.303805,-2.276714,0.575689,1.731980,2.473092,-0.249410,0.595170,0.233381,0.026320,0.198016,0.668972,-0.013981
44.856890,-1.265674,1.918444,2.043208,1.631935,0.940776,1.117045,-0.218350,0.186360,-0.022521,-0.184670,0.784752,0.451683,0.654566,0.038994,1.244577,-1.425393,-1.303575,-2.276684,0.575883,1.732642,2.473071,-0.251521,0.594848,0.232218,0.027543,0.196131,0.667208,-0.016213
44.857967,-1.264363,1.914259,2.038830,1.630794,0.942382,1.117291,-0.219128,0.184728,-0.028236,-0.188794,0.787617,0.451157,0.653530,0.038652,1.244325,-1.424800,-1.303344,-2.276656,0.576071,1.733321,2.473058,-0.250615,0.595370,0.231597,0.026984,0.193379,0.671862,-0.015295
44.858967,-1.261744,1.909581,2.031742,1.633161,0.939219,1.117163,-0.219095,0.182952,-0.028896,-0.185718,0.789590,0.450535,0.652074,0.038323,1.244072,-1.424197,-1.303103,-2.276621,0.576258,1.733990,2.473040,-0.250893,0.596731,0.233944,0.029637,0.191340,0.671825,-0.015601
44.860000,-1.259262,1.905736,2.034909,1.634493,0.938165,1.111727,-0.220441,0.179892,-0.027028,-0.180054,0.790950,0.449800,0.650587,0.038008,1.243823,-1.423593,-1.302861,-2.276594,0.576457,1.734668,2.473018,-0.251679,0.597839,0.237387,0.028742,0.193898,0.671841,-0.017382
44.860921,-1.256858,1.903674,2.030337,1.636055,0.935924,1.104357,-0.221457,0.175538,-0.024317,-0.174730,0.792079,0.449011,0.649435,0.037717,1.243568,-1.422999,-1.302627,-2.276564,0.576652,1.735357,2.473004,-0.252398,0.598861,0.235837,0.028928,0.194349,0.677287,-0.016453
44.861911,-1.255071,1.898437,2.028729,1.639583,0.933819,1.100391,-0.222585,0.170115,-0.020471,-0.168075,0.792961,0.448285,0.648530,0.037463,1.243317,-1.422398,-1.302388,-2.276536,0.576850,1.736065,2.472988,-0.252848,0.598208,0.237866,0.028664,0.195853,0.684072,-0.016010
44.862982,-1.255581,1.899334,2.037312,1.639702,0.934954,1.095661,-0.223423,0.163041,-0.015551,-0.159433,0.794115,0.447715,0.647809,0.037241,1.243063,-1.421802,-1.302150,-2.276513,0.577048,1.736757,2.472973,-0.253122,0.599659,0.238571,0.026706,0.197295,0.687772,-0.015465
44.863986,-1.254277,1.899556,2.038219,1.641499,0.933073,1.091173,-0.223338,0.152933,-0.009512,-0.146970,0.796625,0.447439,0.647142,0.037017,1.242808,-1.421207,-1.301922,-2.276481,0.577241,1.737464,2.472956,-0.252433,0.598505,0.234496,0.028163,0.195628,0.692513,-0.015645
44.864903,-1.252844,1.901002,2.044549,1.643553,0.930667,1.087232,-0.224356,0.140165,-0.000217,-0.126005,0.799651,0.447504,0.645991,0.036755,1.242557,-1.420606,-1.301692,-2.276453,0.577442,1.738159,2.472936,-0.252554,0.597230,0.234126,0.027829,0.196862,0.696800,-0.017548
44.865985,-1.254316,1.895817,2.041521,1.644410,0.928820,1.089575,-0.225053,0.126006,0.014522,-0.093968,0.802215,0.447879,0.643956,0.036451,1.242304,-1.420018,-1.301468,-2.276428,0.577641,1.738869,2.472919,-0.252482,0.594964,0.230808,0.027157,0.198503,0.700106,-0.017061
44.867043,-1.258222,1.893476,2.042169,1.645010,0.925776,1.088396,-0.225914,0.110026,0.034161,-0.052482,0.804923,0.448549,0.641093,0.036127,1.242051,-1.419414,-1.301231,-2.276400,0.577847,1.739559,2.472900,-0.251363,0.596874,0.232559,0.027984,0.199732,0.697850,-0.017536
44.868035,-1.257588,1.894509,2.044165,1.643427,0.923382,1.088374,-0.227186,0.089456,0.055035,-0.007181,0.809133,0.449462,0.637773,0.035804,1.241810,-1.418823,-1.301000,-2.276371,0.578053,1.740259,2.472883,-0.249103,0.597316,0.232396,0.028959,0.202130,0.699059,-0.017633
44.868909,-1.254764,1.891913,2.044965,1.644289,0.922345,1.087676,-0.228030,0.063571,0.075441,0.038362,0.814180,0.450427,0.634123,0.035495,1.241559,-1.418227,-1.300771,-2.276333,0.578257,1.740965,2.472866,-0.248871,0.595603,0.231418,0.031801,0.203808,0.698752,-0.016787
44.870076,-1.253603,1.892020,2.042104,1.646496,0.922255,1.093382,-0.228507,0.036146,0.097200,0.084571,0.817184,0.451187,0.629984,0.035209,1.241309,-1.417629,-1.300544,-2.276302,0.578464,1.741661,2.472850,-0.249438,0.594997,0.230740,0.032046,0.203918,0.698740,-0.016601
44.871057,-1.248553,1.890970,2.041933,1.649081,0.919645,1.090668,-0.229516,0.010077,0.120777,0.130135,0.817618,0.451668,0.625605,0.034928,1.241055,-1.417039,-1.300304,-2.276273,0.578667,1.742353,2.472829,-0.249838,0.594903,0.232582,0.031640,0.203532,0.693448,-0.017665
44.871944,-1.244094,1.881773,2.036208,1.651995,0.917940,1.093198,-0.229269,-0.013682,0.145130,0.172116,0.816963,0.451909,0.621443,0.034641,1.240803,-1.416447,-1.300072,-2.276245,0.578876,1.743046,2.472812,-0.251768,0.594229,0.232610,0.030500,0.205375,0.695967,-0.017321
44.873017,-1.243301,1.867969,2.033772,1.652862,0.916967,1.096864,-0.230329,-0.034356,0.168803,0.207950,0.816509,0.451962,0.617754,0.034351,1.240548,-1.415847,-1.299835,-2.276219,0.579089,1.743737,2.472790,-0.253115,0.597011,0.235138,0.028867,0.206129,0.692748,-0.019337
44.873926,-1.239585,1.858377,2.032136,1.656128,0.911695,1.099993,-0.231180,-0.053886,0.187682,0.233757,0.818391,0.451961,0.614839,0.034057,1.240292,-1.415231,-1.299594,-2.276186,0.579295,1.744427,2.472771,-0.253055,0.603010,0.236458,0.029556,0.206462,0.689184,-0.019035
44.875084,-1.238205,1.851322,2.031010,1.656103,0.910872,1.102347,-0.231877,-0.075570,0.197557,0.246929,0.824740,0.452078,0.612958,0.033763,1.240038,-1.414616,-1.299357,-2.276164,0.579513,1.745097,2.472753,-0.254116,0.605878,0.236970,0.027680,0.210803,0.685638,-0.018888
44.875984,-1.237819,1.844179,2.026482,1.655715,0.909451,1.104005,-0.233684,-0.099967,0.198030,0.248551,0.835526,0.452371,0.612100,0.033481,1.239782,-1.414003,-1.299117,-2.276132,0.579727,1.745780,2.472735,-0.254572,0.609033,0.237889,0.029467,0.210992,0.683790,-0.019502
44.876946,-1.236238,1.835749,2.028055,1.656487,0.907096,1.107250,-0.234331,-0.125895,0.190797,0.240447,0.848531,0.452701,0.612090,0.033218,1.239527,-1.413385,-1.298872,-2.276098,0.579937,1.746454,2.472722,-0.253902,0.610587,0.239747,0.030976,0.211511,0.681647,-0.017417
44.878044,-1.233550,1.836740,2.027262,1.659508,0.908779,1.104579,-0.234906,-0.153040,0.177705,0.224916,0.862012,0.452931,0.612806,0.032968,1.239275,-1.412761,-1.298636,-2.276066,0.580154,1.747130,2.472703,-0.254043,0.613129,0.238783,0.031502,0.212988,0.678145,-0.017793
44.879022,-1.233052,1.833491,2.016858,1.659457,0.908202,1.105845,-0.236561,-0.208171,0.143985,0.185144,0.889113,0.452985,0.616283,0.032399,1.238766,-1.411543,-1.298140,-2.276004,0.580570,1.748493,2.472667,-0.254625,0.612119,0.244294,0.031547,0.210471,0.679611,-0.016880
44.880039,-1.232964,1.831522,2.014009,1.661575,0.909746,1.104110,-0.236937,-0.208171,0.143985,0.185144,0.889113,0.452985,0.616283,0.032399,1.238766,-1.411543,-1.298140,-2.276004,0.580570,1.748493,2.472667,-0.254625,0.612119,0.244294,0.031547,0.210471,0.679611,-0.016880
44.881161,-1.231774,1.827410,2.010013,1.665558,0.908933,1.103070,-0.237534,-0.235083,0.126102,0.160245,0.902172,0.452635,0.619290,0.032064,1.238512,-1.410934,-1.297894,-2.275975,0.580776,1.749184,2.472647,-0.254119,0.611929,0.245578,0.030897,0.208208,0.681262,-0.017895
44.882030,-1.228716,1.825830,2.009697,1.668283,0.908948,1.095882,-0.239061,-0.263410,0.107106,0.131157,0.916410,0.452144,0.623292,0.031670,1.238255,-1.410315,-1.297641,-2.275950,0.580985,1.749873,2.472624,-0.254396,0.613332,0.247695,0.028721,0.208446,0.682602,-0.018612
44.882938,-1.224879,1.817882,2.007306,1.669908,0.907807,1.091687,-0.239304,-0.293861,0.087252,0.100635,0.933446,0.451769,0.628108,0.031206,1.238000,-1.409701,-1.297396,-2.275925,0.581188,1.750564,2.472610,-0.255004,0.611956,0.247315,0.027276,0.207548,0.689136,-0.017037
44.883949,-1.227128,1.816783,2.009168,1.670202,0.907613,1.091666,-0.240385,-0.324617,0.067798,0.072363,0.952557,0.451622,0.633207,0.030692,1.237739,-1.409087,-1.297143,-2.275899,0.581394,1.751266,2.472589,-0.256035,0.614069,0.248030,0.026980,0.207854,0.692689,-0.018115
44.885012,-1.226569,1.817506,2.006004,1.670923,0.906403,1.089224,-0.240635,-0.354357,0.049497,0.049059,0.972217,0.451717,0.638039,0.030149,1.237484,-1.408470,-1.296896,-2.275869,0.581599,1.751955,2.472571,-0.254309,0.613278,0.246938,0.028164,0.207333,0.692541,-0.017674
44.886011,-1.226583,1.816337,2.000834,1.673198,0.903001,1.089147,-0.241156,-0.383136,0.033226,0.032040,0.991179,0.451999,0.642256,0.029605,1.237232,-1.407864,-1.296647,-2.275837,0.581808,1.752653,2.472551,-0.254183,0.612051,0.248535,0.028980,0.207876,0.695028,-0.019011
44.886997,-1.224793,1.814643,2.000021,1.673612,0.904096,1.084759,-0.242987,-0.410827,0.019594,0.020003,1.008813,0.452362,0.645865,0.029097,1.236977,-1.407252,-1.296393,-2.275812,0.582021,1.753357,2.472530,-0.253573,0.611315,0.250870,0.028239,0.210504,0.694813,-0.019667
44.888002,-1.217308,1.804440,1.997439,1.676099,0.904083,1.083018,-0.244285,-0.437072,0.008449,0.010960,1.025088,0.452729,0.649065,0.028657,1.236724,-1.406637,-1.296141,-2.275781,0.582223,1.754060,2.472515,-0.253860,0.610719,0.250990,0.029207,0.208652,0.698927,-0.017680
44.888999,-1.212920,1.790887,1.988732,1.678941,0.901871,1.073756,-0.244051,-0.459731,-0.000767,0.004523,1.039228,0.453082,0.651916,0.028294,1.236461,-1.406017,-1.295884,-2.275754,0.582427,1.754764,2.472501,-0.256952,0.614478,0.252025,0.028238,0.207980,0.700399,-0.016838
44.889917,-1.211979,1.785444,1.987863,1.684267,0.902539,1.069492,-0.245986,-0.476989,-0.011406,-0.002297,1.051239,0.453463,0.654628,0.027978,1.236198,-1.405384,-1.295617,-2.275730,0.582639,1.755493,2.472476,-0.258422,0.619684,0.255986,0.026966,0.209417,0.709313,-0.019019
44.891050,-1.208401,1.781401,1.984420,1.687865,0.903225,1.067603,-0.245797,-0.491696,-0.027367,-0.012909,1.064083,0.454018,0.657615,0.027667,1.235942,-1.404756,-1.295361,-2.275714,0.582841,1.756207,2.472464,-0.258060,0.620356,0.255879,0.023207,0.207923,0.712872,-0.016700
44.891981,-1.208478,1.778730,1.982523,1.688457,0.903864,1.062115,-0.246950,-0.507691,-0.048717,-0.026561,1.081249,0.454893,0.661143,0.027337,1.235683,-1.404134,-1.295102,-2.275696,0.583042,1.756935,2.472440,-0.259541,0.621751,0.257681,0.021647,0.206747,0.714868,-0.019054
44.892974,-1.211053,1.777521,1.979814,1.689602,0.904767,1.061617,-0.248519,-0.525047,-0.072856,-0.041244,1.102490,0.456002,0.665033,0.026982,1.235427,-1.403512,-1.294848,-2.275671,0.583248,1.757657,2.472423,-0.258700,0.621208,0.258175,0.022486,0.205276,0.719740,-0.018315
44.893955,-1.209410,1.765719,1.981798,1.688297,0.905565,1.064293,-0.247861,-0.543541,-0.096832,-0.055258,1.125575,0.457134,0.668803,0.026616,1.235175,-1.402897,-1.294586,-2.275648,0.583448,1.758386,2.472409,-0.256813,0.620414,0.259170,0.022919,0.203695,0.719744,-0.016889
44.895049,-1.210617,1.765999,1.982412,1.689187,0.904164,1.065536,-0.248687,-0.563847,-0.119237,-0.067267,1.148953,0.458228,0.672085,0.026241,1.234916,-1.402262,-1.294330,-2.275618,0.583648,1.759103,2.472382,-0.256959,0.624664,0.257824,0.025643,0.202212,0.716618,-0.019898
44.895932,-1.210872,1.758320,1.983172,1.690053,0.899061,1.064123,-0.249668,-0.584966,-0.139508,-0.076120,1.170825,0.459322,0.674638,0.025866,1.234663,-1.401635,-1.294074,-2.275592,0.583857,1.759810,2.472362,-0.255994,0.623536,0.257517,0.026473,0.203000,0.715487,-0.020091
44.896937,-1.212545,1.757038,1.981562,1.691441,0.896904,1.063711,-0.249579,-0.606402,-0.156378,-0.080515,1.190332,0.460479,0.676410,0.025518,1.234409,-1.401011,-1.293819,-2.275566,0.584069,1.760531,2.472344,-0.254994,0.625231,0.256539,0.026886,0.207194,0.716086,-0.019632
44.898110,-1.210203,1.757480,1.981612,1.692916,0.891138,1.067521,-0.251000,-0.629365,-0.169187,-0.080286,1.208149,0.461767,0.677561,0.025202,1.234161,-1.400385,-1.293559,-2.275540,0.584282,1.761257,2.472318,-0.253643,0.624398,0.257055,0.027027,0.208533,0.716121,-0.021524
44.898997,-1.210174,1.755022,1.972836,1.694499,0.890813,1.065846,-0.251056,-0.653304,-0.177223,-0.076408,1.224319,0.463124,0.678284,0.024908,1.233903,-1.399766,-1.293302,-2.275511,0.584509,1.761962,2.472300,-0.254636,0.623820,0.257217,0.027396,0.213631,0.712689,-0.020684
44.899967,-1.204475,1.751945,1.971812,1.695801,0.889695,1.068770,-0.251799,-0.676132,-0.179936,-0.071504,1.238247,0.464374,0.678766,0.024645,1.233650,-1.399144,-1.293035,-2.275484,0.584721,1.762679,2.472275,-0.253775,0.622918,0.260919,0.027061,0.212956,0.713614,-0.022078
44.901187,-1.201282,1.746596,1.967408,1.695422,0.887780,1.073355,-0.252997,-0.696083,-0.177746,-0.068567,1.249664,0.465364,0.679099,0.024420,1.233393,-1.398516,-1.292774,-2.275456,0.584933,1.763379,2.472252,-0.255955,0.622782,0.260977,0.027176,0.213253,0.710288,-0.022224
44.901991,-1.200652,1.735424,1.965731,1.694970,0.887926,1.078979,-0.253265,-0.709884,-0.171375,-0.069011,1.257117,0.465958,0.679120,0.024242,1.233134,-1.397891,-1.292504,-2.275421,0.585150,1.764081,2.472231,-0.257429,0.625329,0.263384,0.029375,0.214638,0.706318,-0.021922
44.902943,-1.197042,1.729914,1.963717,1.696194,0.885205,1.079968,-0.252767,-0.716408,-0.163126,-0.073920,1.259677,0.466115,0.678681,0.024100,1.232881,-1.397258,-1.292239,-2.275388,0.585360,1.764757,2.472206,-0.256661,0.628164,0.263263,0.030759,0.213437,0.699797,-0.022731
44.903962,-1.196785,1.728181,1.954659,1.695171,0.884819,1.085321,-0.254633,-0.718169,-0.155427,-0.082835,1.258706,0.465963,0.677834,0.023967,1.232622,-1.396624,-1.291974,-2.275359,0.585578,1.765454,2.472175,-0.257721,0.629029,0.263755,0.030872,0.215280,0.698446,-0.025327
44.905104,-1.198376,1.732804,1.949586,1.695255,0.883261,1.087340,-0.254707,-0.716383,-0.148853,-0.095342,1.254931,0.465548,0.676770,0.023846,1.232366,-1.396003,-1.291697,-2.275321,0.585793,1.766144,2.472157,-0.257267,0.628575,0.267843,0.033210,0.214852,0.692945,-0.023296
44.905974,-1.192030,1.732315,1.942091,1.695330,0.881982,1.086132,-0.256660,-0.711371,-0.142807,-0.112771,1.247829,0.464756,0.675790,0.023762,1.232113,-1.395382,-1.291426,-2.275282,0.586011,1.766830,2.472131,-0.256235,0.625663,0.270314,0.034651,0.215760,0.691374,-0.025125
44.906924,-1.185822,1.733858,1.943162,1.695216,0.883992,1.084258,-0.258016,-0.702185,-0.135502,-0.134669,1.236326,0.463474,0.674987,0.023727,1.231850,-1.394771,-1.291146,-2.275245,0.586224,1.767522,2.472112,-0.258426,0.623826,0.273135,0.035554,0.216067,0.691894,-0.022657
44.907989,-1.180565,1.727250,1.940683,1.697372,0.883569,1.083771,-0.258316,-0.684607,-0.124142,-0.157136,1.218324,0.461660,0.674018,0.023733,1.231584,-1.394154,-1.290871,-2.275205,0.586430,1.768226,2.472094,-0.260669,0.621375,0.271922,0.036759,0.213231,0.693317,-0.021588
44.908925,-1.174023,1.725421,1.942800,1.700699,0.885011,1.082982,-0.258618,-0.655884,-0.107624,-0.175557,1.193270,0.459471,0.672493,0.023731,1.231317,-1.393519,-1.290599,-2.275171,0.586642,1.768913,2.472069,-0.262712,0.623529,0.272890,0.036055,0.212971,0.693891,-0.022815
44.910038,-1.172827,1.724409,1.942677,1.700995,0.887098,1.081570,-0.260210,-0.617753,-0.087601,-0.187361,1.164178,0.457294,0.670383,0.023660,1.231048,-1.392901,-1.290328,-2.275139,0.586846,1.769608,2.472042,-0.265051,0.622623,0.271172,0.033968,0.210721,0.694209,-0.023775
44.910950,-1.169172,1.719961,1.940751,1.701231,0.887530,1.079396,-0.260054,-0.573250,-0.065232,-0.190575,1.134303,0.455463,0.667731,0.023505,1.230785,-1.392276,-1.290053,-2.275101,0.587051,1.770300,2.472023,-0.265211,0.622352,0.271068,0.035195,0.208060,0.695896,-0.022484
44.912043,-1.164998,1.718945,1.933390,1.701294,0.887010,1.078197,-0.261950,-0.525009,-0.041164,-0.184766,1.104679,0.454074,0.664459,0.023285,1.230514,-1.391659,-1.289781,-2.275063,0.587257,1.771001,2.471997,-0.266037,0.622662,0.271317,0.036009,0.206793,0.697470,-0.024355
44.913094,-1.165274,1.719380,1.934133,1.701512,0.885572,1.075103,-0.264088,-0.474260,-0.016754,-0.173021,1.074983,0.453052,0.660655,0.023042,1.230243,-1.391035,-1.289498,-2.275024,0.587461,1.771711,2.471980,-0.267562,0.622275,0.274691,0.037360,0.206742,0.698735,-0.022407
44.914069,-1.166702,1.710528,1.931042,1.701368,0.883403,1.072776,-0.263989,-0.421677,0.007491,-0.158292,1.044823,0.452251,0.656454,0.022834,1.229979,-1.390411,-1.289226,-2.274982,0.587669,1.772413,2.471966,-0.266817,0.620881,0.273953,0.038416,0.207511,0.701798,-0.019949
44.914962,-1.163270,1.701369,1.933786,1.699463,0.885301,1.070734,-0.265768,-0.370988,0.030784,-0.141138,1.015549,0.451615,0.651925,0.022670,1.229715,-1.389783,-1.288949,-2.274940,0.587878,1.773124,2.471943,-0.265327,0.623701,0.274920,0.039644,0.208897,0.703710,-0.021843
44.915929,-1.161222,1.693220,1.932461,1.700374,0.888458,1.067499,-0.265482,-0.325917,0.051223,-0.121443,0.988642,0.451121,0.647117,0.022515,1.229449,-1.389150,-1.288678,-2.274891,0.588073,1.773826,2.471926,-0.266070,0.626058,0.272772,0.042321,0.206196,0.705073,-0.019778
44.916938,-1.161052,1.692455,1.928759,1.702895,0.890071,1.063169,-0.266737,-0.286589,0.067854,-0.098710,0.964117,0.450735,0.642098,0.022336,1.229182,-1.388522,-1.288408,-2.274850,0.588269,1.774543,2.471900,-0.266258,0.628419,0.272921,0.042486,0.202353,0.707848,-0.022016
44.918107,-1.158343,1.684990,1.928992,1.705632,0.890801,1.059017,-0.268465,-0.253735,0.080622,-0.073689,0.943435,0.450517,0.637295,0.022103,1.228914,-1.387894,-1.288131,-2.274811,0.588462,1.775270,2.471882,-0.265598,0.627308,0.274282,0.041189,0.200173,0.711824,-0.021208
44.918999,-1.153409,1.677441,1.924528,1.704578,0.893329,1.053316,-0.267907,-0.229099,0.089438,-0.048366,0.929076,0.450573,0.633303,0.021806,1.228647,-1.387248,-1.287860,-2.274772,0.588655,1.775993,2.471864,-0.266647,0.630375,0.274173,0.040024,0.199080,0.716272,-0.019765
44.919986,-1.150559,1.672850,1.926394,1.703869,0.896101,1.049240,-0.269246,-0.211086,0.094226,-0.024336,0.920549,0.450875,0.630274,0.021448,1.228375,-1.386619,-1.287582,-2.274726,0.588840,1.776732,2.471835,-0.268041,0.631958,0.275571,0.041940,0.195872,0.721070,-0.022404
44.920987,-1.149296,1.665947,1.927879,1.704562,0.895176,1.044984,-0.269932,-0.195377,0.096232,-0.001842,0.914272,0.451239,0.627843,0.021036,1.228101,-1.385983,-1.287309,-2.274680,0.589027,1.777456,2.471815,-0.268594,0.632565,0.274102,0.043653,0.192540,0.724698,-0.021370
44.921957,-1.145867,1.665368,1.927861,1.701971,0.896704,1.047129,-0.270245,-0.179828,0.097443,0.020994,0.907907,0.451568,0.625513,0.020588,1.227834,-1.385341,-1.287041,-2.274637,0.589221,1.778208,2.471791,-0.268484,0.634359,0.272946,0.044095,0.192902,0.728411,-0.021711
44.922943,-1.144274,1.663152,1.919205,1.701683,0.898327,1.048721,-0.271135,-0.163748,0.099588,0.045673,0.900393,0.451817,0.622958,0.020112,1.227562,-1.384715,-1.286770,-2.274582,0.589406,1.778927,2.471765,-0.269325,0.632947,0.272421,0.047487,0.190791,0.725731,-0.022721
44.924009,-1.138950,1.660311,1.921037,1.701167,0.899322,1.051336,-0.271849,-0.145540,0.104081,0.070130,0.890127,0.451825,0.620197,0.019622,1.227295,-1.384080,-1.286486,-2.274533,0.589591,1.779639,2.471742,-0.269326,0.632384,0.276147,0.048698,0.188634,0.723775,-0.022601
44.924918,-1.130059,1.655045,1.917304,1.701559,0.901319,1.052366,-0.272294,-0.124238,0.110954,0.090937,0.876562,0.451504,0.617497,0.019144,1.227021,-1.383452,-1.286214,-2.274480,0.589775,1.780360,2.471719,-0.271347,0.632703,0.274891,0.050250,0.187226,0.721047,-0.022991
44.925922,-1.129118,1.657285,1.909019,1.702994,0.902672,1.053105,-0.273046,-0.097761,0.120133,0.107709,0.859320,0.450884,0.614945,0.018695,1.226738,-1.382819,-1.285934,-2.274430,0.589953,1.781083,2.471695,-0.274642,0.633211,0.275962,0.050599,0.184645,0.719288,-0.023633
44.927004,-1.120886,1.652630,1.908459,1.703591,0.905091,1.053363,-0.274847,-0.065420,0.131400,0.119729,0.838959,0.450020,0.612721,0.018289,1.226465,-1.382187,-1.285650,-2.274381,0.590135,1.781794,2.471672,-0.274268,0.630529,0.279534,0.050140,0.182818,0.718266,-0.023829
44.927991,-1.116599,1.648225,1.901027,1.705564,0.903603,1.054432,-0.274647,-0.029133,0.143891,0.125381,0.817155,0.448981,0.611046,0.017948,1.226180,-1.381557,-1.285368,-2.274329,0.590307,1.782511,2.471652,-0.277664,0.631853,0.279423,0.050636,0.180108,0.717996,-0.022064
44.928905,-1.110948,1.639967,1.893626,1.706343,0.904996,1.060018,-0.276210,0.010260,0.156313,0.124432,0.794829,0.447860,0.609852,0.017677,1.225901,-1.380921,-1.285078,-2.274281,0.590491,1.783216,2.471625,-0.278862,0.632365,0.282447,0.049630,0.181109,0.716602,-0.024161
44.929976,-1.107039,1.631100,1.886891,1.705644,0.906722,1.062754,-0.276573,0.050827,0.166105,0.115101,0.773753,0.446782,0.609266,0.017454,1.225616,-1.380287,-1.284788,-2.274231,0.590670,1.783919,2.471608,-0.280513,0.634416,0.285230,0.049624,0.179112,0.710369,-0.022562
44.930969,-1.107517,1.622496,1.879683,1.706984,0.905790,1.066523,-0.276812,0.090121,0.170319,0.094886,0.755404,0.445839,0.609478,0.017265,1.225330,-1.379641,-1.284493,-2.274174,0.590842,1.784625,2.471579,-0.281672,0.637554,0.288047,0.051294,0.177095,0.707668,-0.023661
44.931944,-1.105936,1.613980,1.879240,1.707958,0.904213,1.067171,-0.277838,0.125297,0.166467,0.062862,0.740781,0.445089,0.610543,0.017090,1.225055,-1.378990,-1.284195,-2.274125,0.591021,1.785316,2.471551,-0.280548,0.640024,0.290848,0.050882,0.177582,0.703671,-0.024847
44.933132,-1.106223,1.613221,1.869770,1.707207,0.906907,1.071585,-0.278893,0.151958,0.153375,0.021133,0.732100,0.444638,0.612499,0.016935,1.224770,-1.378348,-1.283903,-2.274073,0.591201,1.786019,2.471530,-0.280327,0.642452,0.290268,0.050779,0.178667,0.702695,-0.024439
44.933954,-1.104084,1.609908,1.859124,1.708056,0.906277,1.067229,-0.279127,0.168617,0.132257,-0.026770,0.729744,0.444455,0.615269,0.016818,1.224495,-1.377704,-1.283598,-2.274017,0.591369,1.786705,2.471506,-0.279798,0.642235,0.294713,0.052752,0.175840,0.698847,-0.024365
44.934876,-1.102067,1.609339,1.852328,1.710591,0.908040,1.064984,-0.280593,0.176950,0.105589,-0.080064,0.731796,0.444311,0.618837,0.016735,1.224216,-1.377070,-1.283295,-2.273963,0.591545,1.787412,2.471479,-0.279538,0.641226,0.298699,0.052354,0.175826,0.702290,-0.025268
44.935903,-1.096095,1.604937,1.848051,1.712064,0.910887,1.067529,-0.280673,0.178286,0.076201,-0.137789,0.737515,0.444090,0.623244,0.016654,1.223932,-1.376429,-1.282986,-2.273915,0.591714,1.788121,2.471457,-0.279407,0.639365,0.300944,0.050659,0.173588,0.703910,-0.023872
44.937015,-1.087007,1.598947,1.847036,1.713667,0.914173,1.066301,-0.280270,0.174573,0.046983,-0.196415,0.747001,0.443876,0.628402,0.016540,1.223648,-1.375781,-1.282680,-2.273865,0.591881,1.788816,2.471429,-0.281536,0.640008,0.302279,0.050215,0.170428,0.701218,-0.025469
44.938008,-1.087726,1.589344,1.845937,1.714936,0.914955,1.066824,-0.281572,0.170912,0.020135,-0.252027,0.758546,0.443780,0.633956,0.016358,1.223356,-1.375140,-1.282375,-2.273815,0.592039,1.789522,2.471393,-0.285322,0.642022,0.302229,0.049793,0.167038,0.702657,-0.028130
44.938895,-1.085025,1.579888,1.840683,1.716245,0.912294,1.065161,-0.280454,0.169958,-0.004003,-0.301440,0.771048,0.443958,0.639480,0.016106,1.223069,-1.374490,-1.282072,-2.273767,0.592207,1.790218,2.471370,-0.283910,0.645019,0.301919,0.049517,0.165927,0.701867,-0.027174
44.939989,-1.079606,1.582078,1.838147,1.716935,0.912916,1.065035,-0.281709,0.167799,-0.027130,-0.343841,0.786356,0.444598,0.644894,0.015796,1.222786,-1.373831,-1.281767,-2.273717,0.592375,1.790924,2.471332,-0.284063,0.647182,0.303376,0.048910,0.168114,0.702820,-0.030892
44.940946,-1.077792,1.582904,1.832186,1.712532,0.914096,1.060730,-0.283765,0.163174,-0.048848,-0.379499,0.804508,0.445646,0.650209,0.015454,1.222496,-1.373194,-1.281458,-2.273664,0.592536,1.791633,2.471304,-0.286000,0.644990,0.303995,0.049332,0.167313,0.703020,-0.030180
44.941912,-1.081338,1.583630,1.832749,1.712979,0.913868,1.058339,-0.283682,0.161313,-0.064853,-0.407515,0.820492,0.446658,0.655086,0.015145,1.222213,-1.372553,-1.281146,-2.273601,0.592698,1.792341,2.471283,-0.285839,0.642643,0.305916,0.054320,0.165779,0.706904,-0.027678
44.943015,-1.072658,1.578273,1.834250,1.712787,0.918064,1.057373,-0.284999,0.164129,-0.071687,-0.426390,0.830317,0.447197,0.659181,0.014896,1.221934,-1.371922,-1.280848,-2.273546,0.592864,1.793056,2.471249,-0.283063,0.640537,0.304735,0.054607,0.165648,0.708812,-0.029479
44.943965,-1.072673,1.570294,1.832473,1.715110,0.919786,1.050784,-0.284759,0.169772,-0.069098,-0.434223,0.834566,0.447190,0.662504,0.014670,1.221636,-1.371276,-1.280546,-2.273489,0.593015,1.793780,2.471220,-0.286604,0.642137,0.303444,0.055803,0.161375,0.709789,-0.028675
44.944912,-1.069026,1.562132,1.825018,1.716886,0.924547,1.045135,-0.284298,0.177381,-0.059532,-0.430781,0.835403,0.446792,0.665265,0.014429,1.221355,-1.370622,-1.280246,-2.273437,0.593169,1.794500,2.471185,-0.285512,0.644012,0.303406,0.054257,0.159401,0.715873,-0.030745
44.945935,-1.063664,1.566535,1.821402,1.718121,0.926139,1.040720,-0.285164,0.183329,-0.047884,-0.419924,0.836576,0.446266,0.667918,0.014131,1.221068,-1.369978,-1.279936,-2.273387,0.593311,1.795235,2.471148,-0.286235,0.646074,0.306080,0.053319,0.154446,0.720852,-0.033213
44.946966,-1.063702,1.566694,1.822544,1.719283,0.929033,1.036380,-0.285811,0.186191,-0.036569,-0.405971,0.839893,0.445726,0.670822,0.013765,1.220778,-1.369341,-1.279625,-2.273333,0.593463,1.795962,2.471114,-0.287963,0.642335,0.307005,0.053009,0.152734,0.724944,-0.033153
44.947939,-1.059702,1.569123,1.821823,1.717853,0.930241,1.033279,-0.286314,0.188657,-0.023323,-0.388655,0.843914,0.445128,0.673805,0.013363,1.220493,-1.368709,-1.279324,-2.273279,0.593606,1.796700,2.471076,-0.287032,0.640911,0.305682,0.052772,0.149773,0.728939,-0.033558
44.949003,-1.059796,1.570361,1.825869,1.717338,0.930752,1.032138,-0.288142,0.192418,-0.005433,-0.365185,0.846878,0.444474,0.676372,0.012960,1.220203,-1.368075,-1.279018,-2.273219,0.593749,1.797445,2.471040,-0.287960,0.637929,0.305100,0.054878,0.148445,0.731411,-0.034148
44.949901,-1.059681,1.566766,1.823463,1.717780,0.929774,1.035566,-0.288404,0.199220,0.018950,-0.333386,0.846473,0.443783,0.677924,0.012582,1.219919,-1.367437,-1.278722,-2.273161,0.593894,1.798173,2.471010,-0.287108,0.636086,0.302488,0.056293,0.147911,0.732377,-0.032249
44.951088,-1.061507,1.557859,1.820492,1.716104,0.926344,1.034800,-0.290007,0.207831,0.049347,-0.293318,0.842980,0.443206,0.678244,0.012239,1.219634,-1.366807,-1.278421,-2.273104,0.594040,1.798900,2.470973,-0.285953,0.635749,0.302615,0.056409,0.148638,0.728093,-0.033211
44.952019,-1.057065,1.554871,1.817292,1.717827,0.926728,1.036626,-0.290568,0.213641,0.081117,-0.249675,0.839070,0.442939,0.677611,0.011921,1.219355,-1.366160,-1.278110,-2.273039,0.594196,1.799622,2.470945,-0.284607,0.639631,0.303705,0.059118,0.152113,0.729281,-0.031992
44.952909,-1.052377,1.554534,1.814102,1.717614,0.928519,1.038882,-0.290316,0.214315,0.109456,-0.208115,0.836161,0.443014,0.676305,0.011619,1.219065,-1.365519,-1.277806,-2.272981,0.594343,1.800346,2.470912,-0.285657,0.638996,0.304247,0.057972,0.151457,0.726761,-0.032421
44.953986,-1.044851,1.556669,1.811711,1.718769,0.930636,1.042285,-0.291463,0.211937,0.134199,-0.170279,0.834279,0.443348,0.674505,0.011311,1.218775,-1.364893,-1.277499,-2.272922,0.594487,1.801072,2.470874,-0.286715,0.637005,0.304646,0.058708,0.149404,0.723669,-0.034379
44.955014,-1.044585,1.554151,1.807780,1.719884,0.932115,1.047165,-0.291145,0.211607,0.158475,-0.135139,0.831899,0.443767,0.672241,0.010994,1.218484,-1.364258,-1.277194,-2.272864,0.594628,1.801777,2.470839,-0.289643,0.634795,0.305193,0.058462,0.147306,0.720293,-0.033848
44.956029,-1.041533,1.538188,1.801565,1.720853,0.933450,1.049230,-0.292118,0.215746,0.183802,-0.102504,0.828519,0.444168,0.669580,0.010690,1.218194,-1.363631,-1.276884,-2.272805,0.594764,1.802491,2.470801,-0.288784,0.634746,0.306324,0.058143,0.145849,0.715188,-0.036198
44.956908,-1.033975,1.530564,1.795441,1.719167,0.935557,1.053856,-0.292384,0.220097,0.206408,-0.075377,0.827114,0.444689,0.666891,0.010401,1.217902,-1.362976,-1.276566,-2.272746,0.594903,1.803203,2.470768,-0.289321,0.641045,0.308463,0.057956,0.144473,0.712895,-0.035911
44.958017,-1.036251,1.519066,1.793967,1.717975,0.937751,1.055739,-0.293140,0.221804,0.221384,-0.057720,0.829131,0.445440,0.664438,0.010120,1.217609,-1.362326,-1.276253,-2.272680,0.595040,1.803893,2.470729,-0.291765,0.642309,0.310233,0.059975,0.142153,0.707579,-0.036808
44.959002,-1.037907,1.513020,1.797234,1.716708,0.938067,1.058661,-0.293492,0.221662,0.227515,-0.050185,0.832968,0.446379,0.662136,0.009852,1.217321,-1.361673,-1.275940,-2.272613,0.595175,1.804599,2.470691,-0.289855,0.646940,0.310301,0.061936,0.140093,0.705892,-0.037119
44.959906,-1.036992,1.499895,1.794027,1.716234,0.937870,1.062679,-0.295142,0.217104,0.225295,-0.049221,0.838533,0.447556,0.659803,0.009580,1.217039,-1.361017,-1.275635,-2.272545,0.595312,1.805289,2.470653,-0.288062,0.647985,0.307735,0.063712,0.139733,0.702712,-0.038032
44.960960,-1.035890,1.496297,1.786366,1.715559,0.938451,1.063819,-0.295979,0.204789,0.215530,-0.050657,0.846995,0.449080,0.657446,0.009293,1.216753,-1.360362,-1.275330,-2.272480,0.595454,1.805984,2.470621,-0.287313,0.652166,0.308230,0.064555,0.139721,0.698091,-0.036192
44.961955,-1.037272,1.493072,1.788537,1.715889,0.940039,1.064909,-0.296122,0.184395,0.198637,-0.054826,0.858536,0.450923,0.655405,0.008993,1.216463,-1.359710,-1.275013,-2.272411,0.595590,1.806682,2.470583,-0.286989,0.652457,0.311230,0.065848,0.139181,0.696971,-0.036272
44.962948,-1.034131,1.494289,1.788397,1.714244,0.941512,1.061977,-0.297156,0.157052,0.176303,-0.062257,0.872551,0.452966,0.653939,0.008658,1.216183,-1.359055,-1.274710,-2.272343,0.595723,1.807373,2.470542,-0.285370,0.652197,0.309245,0.066013,0.137577,0.695674,-0.037612
44.964064,-1.034993,1.494888,1.788138,1.716143,0.941773,1.063354,-0.297856,0.125596,0.153085,-0.068455,0.887255,0.455080,0.652773,0.008274,1.215893,-1.358413,-1.274402,-2.272269,0.595856,1.808079,2.470507,-0.285914,0.649848,0.308413,0.068061,0.136099,0.698340,-0.037164
44.964942,-1.028805,1.483068,1.788780,1.717016,0.944789,1.060214,-0.297663,0.093533,0.133303,-0.069086,0.900649,0.457158,0.651531,0.007845,1.215614,-1.357763,-1.274094,-2.272206,0.595995,1.808768,2.470468,-0.284862,0.648480,0.307970,0.067008,0.135946,0.697210,-0.037613
44.965933,-1.028448,1.484989,1.786386,1.717930,0.941496,1.060854,-0.299316,0.061778,0.117283,-0.063418,0.913370,0.459290,0.650177,0.007375,1.215322,-1.357111,-1.273796,-2.272139,0.596122,1.809473,2.470425,-0.286646,0.651911,0.306514,0.066431,0.132800,0.699635,-0.039409
44.966932,-1.026026,1.479777,1.785692,1.717009,0.941945,1.061108,-0.298937,0.030298,0.103537,-0.052288,0.926693,0.461626,0.648739,0.006890,1.215033,-1.356466,-1.273488,-2.272074,0.596263,1.810170,2.470390,-0.285764,0.649120,0.306816,0.066103,0.136070,0.698700,-0.037700
44.968007,-1.023872,1.485114,1.780153,1.715933,0.938590,1.061306,-0.299698,-0.000279,0.092190,-0.036861,0.940118,0.464114,0.647173,0.006435,1.214749,-1.355808,-1.273184,-2.272006,0.596398,1.810869,2.470343,-0.286033,0.649887,0.306297,0.067552,0.135564,0.698214,-0.040100
44.968936,-1.022734,1.485724,1.780343,1.713589,0.936530,1.059803,-0.301439,-0.028025,0.084350,-0.018805,0.951441,0.466518,0.645386,0.006040,1.214463,-1.355175,-1.272869,-2.271934,0.596541,1.811573,2.470300,-0.286317,0.646045,0.308323,0.069215,0.138952,0.698050,-0.040307
44.969994,-1.018890,1.480815,1.782742,1.713222,0.935723,1.057682,-0.301228,-0.050038,0.082135,0.001123,0.957549,0.468509,0.643167,0.005740,1.214173,-1.354530,-1.272560,-2.271857,0.596686,1.812271,2.470265,-0.285683,0.643617,0.307085,0.071739,0.140788,0.699056,-0.038324
44.970986,-1.015251,1.463994,1.771993,1.714408,0.936839,1.055309,-0.301461,-0.065029,0.086776,0.024533,0.956911,0.469908,0.640257,0.005530,1.213887,-1.353876,-1.272262,-2.271782,0.596832,1.812978,2.470222,-0.286791,0.644633,0.305254,0.072572,0.141534,0.701137,-0.040508
44.971920,-1.010649,1.454464,1.769144,1.713809,0.935338,1.048944,-0.301612,-0.075258,0.093845,0.049074,0.951794,0.470843,0.636909,0.005350,1.213598,-1.353216,-1.271941,-2.271713,0.596972,1.813692,2.470178,-0.287578,0.651158,0.309618,0.071838,0.140325,0.703150,-0.041627
44.972940,-1.011286,1.446890,1.765108,1.715454,0.934634,1.044237,-0.302193,-0.084680,0.096113,0.067947,0.945892,0.471517,0.633764,0.005157,1.213307,-1.352553,-1.271625,-2.271639,0.597119,1.814405,2.470136,-0.288685,0.653549,0.309828,0.072704,0.141622,0.708977,-0.042831
44.974008,-1.009494,1.443537,1.760380,1.718641,0.933010,1.044211,-0.303187,-0.096164,0.090705,0.078928,0.941420,0.472034,0.631078,0.004933,1.213021,-1.351900,-1.271313,-2.271569,0.597259,1.815129,2.470092,-0.287422,0.655640,0.310964,0.071551,0.142279,0.713367,-0.043308
44.974941,-1.011073,1.441603,1.759437,1.717323,0.935905,1.038359,-0.302976,-0.136994,0.059807,0.082066,0.947639,0.473170,0.627980,0.004355,1.212452,-1.350581,-1.270686,-2.271430,0.597541,1.816579,2.470000,-0.285607,0.654478,0.311854,0.070696,0.140819,0.718472,-0.044966
44.976005,-1.012120,1.435089,1.756623,1.717201,0.934265,1.036878,-0.303006,-0.167401,0.039317,0.079186,0.958806,0.473947,0.627286,0.003996,1.212171,-1.349926,-1.270372,-2.271356,0.597685,1.817306,2.469949,-0.284333,0.656330,0.312485,0.071313,0.142479,0.719768,-0.046605
44.977022,-1.012828,1.429391,1.754457,1.718377,0.931808,1.035253,-0.303601,-0.167401,0.039317,0.079186,0.958806,0.473947,0.627286,0.003996,1.212171,-1.349926,-1.270372,-2.271356,0.597685,1.817306,2.469949,-0.284333,0.656330,0.312485,0.071313,0.142479,0.719768,-0.046605
44.977954,-1.014142,1.415796,1.747594,1.716072,0.928299,1.037276,-0.304183,-0.204232,0.017183,0.075416,0.974110,0.474978,0.626717,0.003615,1.211894,-1.349264,-1.270057,-2.271287,0.597838,1.818039,2.469900,-0.283165,0.657352,0.312629,0.070676,0.144767,0.721023,-0.047028
44.978951,-1.015934,1.413809,1.744157,1.715221,0.927681,1.039904,-0.304119,-0.298797,-0.036449,0.058172,1.016560,0.478097,0.626195,0.002922,1.211338,-1.347936,-1.269421,-2.271133,0.598145,1.819460,2.469802,-0.279673,0.660810,0.315541,0.074307,0.148374,0.715439,-0.049061
44.980026,-1.010730,1.409407,1.747832,1.715987,0.926977,1.040257,-0.304670,-0.298797,-0.036449,0.058172,1.016560,0.478097,0.626195,0.002922,1.211338,-1.347936,-1.269421,-2.271133,0.598145,1.819460,2.469802,-0.279673,0.660810,0.315541,0.074307,0.148374,0.715439,-0.049061
44.980944,-1.010683,1.409822,1.746451,1.715130,0.926850,1.040078,-0.304280,-0.352728,-0.065819,0.045097,1.040704,0.480009,0.626291,0.002614,1.211056,-1.347268,-1.269114,-2.271057,0.598294,1.820172,2.469751,-0.281567,0.661486,0.312998,0.074005,0.149019,0.715101,-0.049667
44.981963,-1.007923,1.413340,1.735577,1.715733,0.924999,1.040970,-0.304576,-0.404237,-0.091051,0.035735,1.063744,0.481970,0.626299,0.002309,1.210777,-1.346618,-1.268802,-2.270981,0.598444,1.820891,2.469696,-0.280469,0.658976,0.312538,0.075050,0.148872,0.714600,-0.051884
44.982996,-1.002376,1.402046,1.736278,1.716167,0.925243,1.042282,-0.306503,-0.449953,-0.108885,0.031102,1.083948,0.483769,0.626220,0.002003,1.210498,-1.345964,-1.268475,-2.270907,0.598600,1.821591,2.469643,-0.281029,0.655504,0.316943,0.074843,0.150534,0.713538,-0.052890
44.983924,-0.997633,1.393598,1.733166,1.715639,0.922538,1.047240,-0.306191,-0.488312,-0.119452,0.027952,1.100839,0.485270,0.626288,0.001716,1.210213,-1.345294,-1.268164,-2.270832,0.598753,1.822297,2.469595,-0.282926,0.659402,0.315692,0.074841,0.150113,0.712073,-0.050658
44.984953,-1.003110,1.386154,1.728198,1.714016,0.922811,1.051573,-0.306026,-0.518435,-0.125576,0.024845,1.114829,0.486544,0.626533,0.001439,1.209925,-1.344633,-1.267843,-2.270755,0.598910,1.822999,2.469537,-0.284123,0.661266,0.316016,0.075520,0.152517,0.706535,-0.052755
44.986050,-0.997332,1.383070,1.729410,1.711660,0.920936,1.058130,-0.307724,-0.543212,-0.130730,0.020454,1.127440,0.487688,0.627075,0.001137,1.209654,-1.343965,-1.267527,-2.270675,0.599064,1.823684,2.469481,-0.280615,0.663183,0.317599,0.077461,0.152041,0.702180,-0.054698
44.986927,-0.999916,1.390103,1.725284,1.709938,0.919951,1.057089,-0.307835,-0.565599,-0.136608,0.013679,1.139138,0.488684,0.628012,0.000812,1.209365,-1.343309,-1.267217,-2.270590,0.599221,1.824370,2.469430,-0.282790,0.663447,0.316307,0.080151,0.153829,0.695834,-0.053024
44.987970,-0.998730,1.392286,1.725004,1.710030,0.920742,1.063691,-0.308894,-0.583364,-0.140243,0.007105,1.147404,0.489378,0.629070,0.000502,1.209087,-1.342666,-1.266900,-2.270506,0.599378,1.825062,2.469374,-0.280272,0.657428,0.317047,0.081738,0.154405,0.696265,-0.054173
44.988998,-0.996444,1.398380,1.722244,1.706911,0.920156,1.060700,-0.309969,-0.595246,-0.137298,0.004076,1.151131,0.489688,0.630149,0.000235,1.208811,-1.342012,-1.266587,-2.270425,0.599533,1.825746,2.469321,-0.280133,0.654814,0.316331,0.081926,0.153434,0.689619,-0.053693
44.989932,-0.996711,1.392336,1.720740,1.707912,0.919361,1.059511,-0.309856,-0.600665,-0.125385,0.006355,1.149984,0.489607,0.631238,0.000018,1.208529,-1.341375,-1.266268,-2.270331,0.599686,1.826445,2.469267,-0.280426,0.650290,0.316774,0.085053,0.153880,0.692578,-0.053166
44.990938,-0.997929,1.383751,1.720911,1.709246,0.917314,1.057236,-0.310169,-0.599105,-0.104737,0.014147,1.143458,0.489153,0.632170,-0.000176,1.208254,-1.340719,-1.265950,-2.270248,0.599842,1.827135,2.469207,-0.279278,0.651129,0.316305,0.084031,0.154360,0.693304,-0.054846
44.991924,-0.994530,1.374410,1.710599,1.710183,0.915130,1.055716,-0.310150,-0.596133,-0.080240,0.025898,1.135755,0.488654,0.633089,-0.000410,1.207978,-1.340068,-1.265639,-2.270167,0.600003,1.827836,2.469151,-0.277823,0.653692,0.315296,0.082923,0.156147,0.695373,-0.055787
44.993130,-0.993442,1.378998,1.708181,1.710609,0.916456,1.056331,-0.311681,-0.597965,-0.058650,0.037301,1.132068,0.488454,0.634397,-0.000707,1.207697,-1.339407,-1.265311,-2.270084,0.600163,1.828534,2.469088,-0.278594,0.656366,0.319330,0.082111,0.158047,0.696599,-0.057342
44.994004,-0.993200,1.377305,1.702153,1.710445,0.914728,1.052577,-0.311748,-0.604532,-0.042626,0.043691,1.133032,0.488496,0.636292,-0.001027,1.207421,-1.338756,-1.264991,-2.270002,0.600316,1.829225,2.469032,-0.278786,0.653471,0.320037,0.082337,0.156760,0.696605,-0.056188
44.994962,-0.991281,1.372556,1.697867,1.708596,0.917424,1.053427,-0.312029,-0.612954,-0.029867,0.044955,1.136788,0.488537,0.638590,-0.001317,1.207145,-1.338110,-1.264665,-2.269919,0.600482,1.829933,2.468972,-0.277728,0.651848,0.321598,0.082390,0.158021,0.699598,-0.057399
44.996052,-0.992665,1.366152,1.690954,1.709576,0.916136,1.052791,-0.312796,-0.621654,-0.018207,0.042744,1.141692,0.488409,0.640984,-0.001560,1.206870,-1.337457,-1.264336,-2.269830,0.600634,1.830627,2.468913,-0.277751,0.652172,0.322465,0.084189,0.155037,0.698336,-0.058309
44.996991,-0.991459,1.359270,1.679491,1.707773,0.913530,1.052202,-0.313993,-0.631200,-0.008715,0.036395,1.147649,0.488107,0.643429,-0.001763,1.206595,-1.336803,-1.264010,-2.269747,0.600793,1.831326,2.468854,-0.276430,0.654113,0.325078,0.083541,0.156233,0.699115,-0.058483
44.997979,-0.988006,1.347709,1.672106,1.706415,0.909676,1.049070,-0.314711,-0.643665,-0.004149,0.022740,1.155650,0.487706,0.646197,-0.001931,1.206317,-1.336144,-1.263673,-2.269657,0.600955,1.832032,2.468798,-0.276016,0.655292,0.329400,0.085223,0.158479,0.699175,-0.057531
44.999066,-0.987048,1.345491,1.667065,1.706594,0.909248,1.046113,-0.313821,-0.658675,-0.006409,-0.001281,1.164731,0.487161,0.649465,-0.002075,1.206039,-1.335472,-1.263337,-2.269570,0.601124,1.832735,2.468739,-0.276848,0.658989,0.331811,0.086630,0.161966,0.702031,-0.057637
45.000028,-0.984148,1.338673,1.662645,1.706987,0.907574,1.039791,-0.314456,-0.673709,-0.015183,-0.034751,1.173007,0.486406,0.653172,-0.002244,1.205763,-1.334813,-1.262998,-2.269484,0.601286,1.833447,2.468670,-0.276673,0.658711,0.333298,0.086714,0.162195,0.705021,-0.061120
45.000927,-0.973128,1.332955,1.658523,1.707269,0.906249,1.034124,-0.314434,-0.687292,-0.028414,-0.073387,1.180184,0.485483,0.657233,-0.002485,1.205487,-1.334150,-1.262658,-2.269399,0.601451,1.834164,2.468609,-0.277183,0.659964,0.334112,0.086349,0.163511,0.710882,-0.061292
45.002029,-0.970163,1.332048,1.653686,1.710142,0.907405,1.033663,-0.313995,-0.695975,-0.043222,-0.112425,1.185308,0.484434,0.661395,-0.002810,1.205197,-1.333483,-1.262328,-2.269313,0.601619,1.834892,2.468540,-0.281461,0.660235,0.334728,0.085930,0.164347,0.715730,-0.062684
45.002970,-0.965938,1.321986,1.648831,1.710103,0.906260,1.029046,-0.314863,-0.695632,-0.056950,-0.148659,1.187593,0.483331,0.665456,-0.003217,1.204912,-1.332830,-1.261990,-2.269233,0.601779,1.835623,2.468468,-0.282204,0.659483,0.336177,0.083497,0.163036,0.716123,-0.065256
45.003913,-0.964380,1.325010,1.647835,1.708031,0.906846,1.027308,-0.315544,-0.687386,-0.069442,-0.181496,1.188930,0.482376,0.669488,-0.003694,1.204629,-1.332158,-1.261653,-2.269150,0.601948,1.836342,2.468405,-0.283229,0.662156,0.337187,0.083609,0.163769,0.720190,-0.064920
45.005000,-0.963324,1.317109,1.654336,1.706429,0.905859,1.029833,-0.314271,-0.673335,-0.080509,-0.209866,1.189741,0.481647,0.673237,-0.004223,1.204344,-1.331506,-1.261314,-2.269060,0.602108,1.837069,2.468336,-0.282898,0.658430,0.336241,0.085562,0.162824,0.721269,-0.064972
45.006004,-0.959723,1.317314,1.651044,1.705470,0.903134,1.030626,-0.315100,-0.653560,-0.087739,-0.229326,1.188255,0.481105,0.676075,-0.004810,1.204059,-1.330838,-1.260987,-2.268969,0.602273,1.837792,2.468258,-0.282681,0.660987,0.332068,0.087325,0.163623,0.718675,-0.069191
45.006922,-0.959106,1.312801,1.637661,1.704522,0.899856,1.030829,-0.314823,-0.628564,-0.090041,-0.236687,1.183785,0.480806,0.677650,-0.005450,1.203776,-1.330178,-1.260656,-2.268878,0.602446,1.838501,2.468187,-0.283563,0.658965,0.332603,0.088246,0.165977,0.717616,-0.069002
45.008071,-0.954062,1.315132,1.635598,1.701634,0.897540,1.030385,-0.315068,-0.599891,-0.088842,-0.236301,1.176696,0.480733,0.678269,-0.006090,1.203492,-1.329526,-1.260309,-2.268788,0.602618,1.839223,2.468111,-0.282701,0.658944,0.337746,0.089009,0.168758,0.716720,-0.070917
45.008939,-0.947597,1.312510,1.632633,1.699794,0.895089,1.034542,-0.315557,-0.568070,-0.085503,-0.234946,1.166264,0.480696,0.678280,-0.006682,1.203206,-1.328873,-1.259968,-2.268691,0.602790,1.839936,2.468039,-0.284638,0.656841,0.337853,0.092074,0.170878,0.717453,-0.072186
45.009927,-0.943577,1.303279,1.633032,1.699057,0.895683,1.035074,-0.315697,-0.529636,-0.078405,-0.233054,1.149672,0.480461,0.677431,-0.007219,1.202916,-1.328224,-1.259633,-2.268595,0.602971,1.840644,2.467965,-0.286520,0.655603,0.337732,0.093465,0.172667,0.712428,-0.072453
45.011129,-0.938141,1.298079,1.625840,1.699806,0.893584,1.038992,-0.315201,-0.483077,-0.066813,-0.228111,1.126646,0.480022,0.675478,-0.007718,1.202621,-1.327559,-1.259297,-2.268499,0.603138,1.841357,2.467888,-0.287412,0.658238,0.336255,0.094035,0.171697,0.711570,-0.073643
45.011924,-0.926757,1.285683,1.616282,1.699324,0.891421,1.042004,-0.315573,-0.431752,-0.054075,-0.221123,1.100607,0.479588,0.672637,-0.008219,1.202330,-1.326889,-1.258958,-2.268407,0.603318,1.842051,2.467808,-0.289605,0.660029,0.339188,0.093654,0.173626,0.708225,-0.076482
45.012932,-0.928921,1.275544,1.612036,1.696573,0.889211,1.047201,-0.314743,-0.377601,-0.044123,-0.217018,1.074167,0.479298,0.669392,-0.008742,1.202027,-1.326226,-1.258609,-2.268312,0.603500,1.842752,2.467733,-0.293639,0.663075,0.342011,0.093569,0.175024,0.704148,-0.076831
45.013951,-0.924745,1.272222,1.605443,1.695654,0.884797,1.049380,-0.317076,-0.322560,-0.039859,-0.219964,1.048771,0.479198,0.666133,-0.009278,1.201741,-1.325554,-1.258262,-2.268210,0.603681,1.843431,2.467648,-0.291543,0.666153,0.342767,0.096077,0.176769,0.698854,-0.079985
45.014985,-0.919507,1.267540,1.605961,1.692742,0.882324,1.052554,-0.316011,-0.270874,-0.042313,-0.230390,1.025723,0.479301,0.662988,-0.009799,1.201444,-1.324883,-1.257918,-2.268110,0.603870,1.844127,2.467576,-0.292596,0.665871,0.344793,0.096767,0.180675,0.696567,-0.076790
45.015986,-0.917684,1.266744,1.600371,1.688376,0.880667,1.054819,-0.316982,-0.222567,-0.048901,-0.245292,1.004007,0.479504,0.659777,-0.010267,1.201142,-1.324221,-1.257575,-2.268004,0.604060,1.844823,2.467486,-0.294144,0.666510,0.343272,0.099380,0.182607,0.693296,-0.080478
45.016935,-0.913002,1.256905,1.596667,1.688910,0.876215,1.054806,-0.317005,-0.173903,-0.055286,-0.260371,0.980235,0.479604,0.656119,-0.010667,1.200851,-1.323556,-1.257232,-2.267893,0.604248,1.845505,2.467409,-0.294008,0.664939,0.344793,0.103263,0.183702,0.690917,-0.079979
45.017998,-0.910994,1.247820,1.588420,1.688187,0.873402,1.054527,-0.317425,-0.124477,-0.059751,-0.274071,0.953382,0.479543,0.651985,-0.011002,1.200552,-1.322889,-1.256884,-2.267793,0.604440,1.846203,2.467326,-0.295103,0.667611,0.345101,0.102330,0.187531,0.690517,-0.081312
45.019086,-0.910279,1.245864,1.586889,1.689459,0.868990,1.056207,-0.316319,-0.078167,-0.064755,-0.288234,0.926669,0.479492,0.647848,-0.011314,1.200251,-1.322211,-1.256525,-2.267690,0.604636,1.846875,2.467245,-0.295101,0.670428,0.347915,0.102884,0.189780,0.690982,-0.082043
45.020003,-0.902450,1.241648,1.586873,1.690167,0.866203,1.056110,-0.316538,-0.039521,-0.072725,-0.304440,0.904040,0.479610,0.644234,-0.011659,1.199958,-1.321535,-1.256179,-2.267589,0.604844,1.847562,2.467151,-0.294609,0.669808,0.347542,0.101508,0.193583,0.689466,-0.085855
45.021176,-0.897962,1.240120,1.586163,1.690180,0.863630,1.054145,-0.317504,-0.009141,-0.081915,-0.319784,0.887208,0.479928,0.641311,-0.012057,1.199656,-1.320869,-1.255836,-2.267488,0.605041,1.848253,2.467060,-0.297180,0.669458,0.345993,0.100363,0.195605,0.689061,-0.086662
45.021939,-0.896547,1.235115,1.577844,1.689294,0.862339,1.051300,-0.317303,0.016984,-0.088683,-0.329446,0.874871,0.480361,0.638817,-0.012475,1.199355,-1.320196,-1.255490,-2.267386,0.605242,1.848942,2.466972,-0.298691,0.669206,0.345486,0.100433,0.197730,0.691566,-0.086468
45.022988,-0.890534,1.229875,1.577152,1.687871,0.858936,1.052914,-0.318436,0.041003,-0.091661,-0.332675,0.865364,0.480783,0.636553,-0.012866,1.199060,-1.319534,-1.255139,-2.267284,0.605444,1.849645,2.466883,-0.297703,0.668370,0.347596,0.100517,0.197992,0.693210,-0.087895
45.024016,-0.891016,1.224046,1.574038,1.685240,0.856136,1.051444,-0.319150,0.062497,-0.091451,-0.331468,0.857924,0.481115,0.634522,-0.013205,1.198755,-1.318861,-1.254791,-2.267181,0.605650,1.850342,2.466797,-0.299666,0.669244,0.346672,0.101748,0.200765,0.691537,-0.087140
45.024905,-0.893043,1.215434,1.571328,1.682163,0.854208,1.046775,-0.318753,0.082046,-0.088773,-0.326724,0.851031,0.481263,0.632570,-0.013499,1.198460,-1.318184,-1.254446,-2.267072,0.605858,1.851031,2.466708,-0.298376,0.670233,0.346981,0.103980,0.202845,0.692974,-0.087201
45.025969,-0.888703,1.218318,1.564844,1.682005,0.854118,1.045324,-0.319334,0.097768,-0.085389,-0.319185,0.844005,0.481134,0.630535,-0.013789,1.198167,-1.317516,-1.254100,-2.266962,0.606063,1.851736,2.466614,-0.296017,0.671880,0.346664,0.106341,0.203892,0.696955,-0.089229
45.026975,-0.884267,1.222339,1.559987,1.681121,0.849394,1.042669,-0.319550,0.107835,-0.082320,-0.310057,0.837018,0.480658,0.628507,-0.014118,1.197870,-1.316850,-1.253747,-2.266856,0.606265,1.852432,2.466522,-0.297271,0.668814,0.348659,0.106232,0.203364,0.698420,-0.089588
45.028051,-0.875237,1.227983,1.557952,1.679756,0.849243,1.037371,-0.320818,0.115788,-0.077033,-0.299771,0.828831,0.479729,0.626696,-0.014485,1.197569,-1.316200,-1.253396,-2.266749,0.606483,1.853140,2.466429,-0.298356,0.665060,0.349683,0.106706,0.207301,0.700818,-0.090588
45.029049,-0.871573,1.232255,1.559552,1.680122,0.850096,1.031086,-0.321635,0.128717,-0.064901,-0.286675,0.816236,0.478197,0.624990,-0.014864,1.197259,-1.315545,-1.253044,-2.266638,0.606686,1.853860,2.466342,-0.301821,0.660863,0.349481,0.107747,0.206803,0.706086,-0.089611
45.029974,-0.865970,1.228105,1.552244,1.681377,0.850428,1.028186,-0.321242,0.152192,-0.041971,-0.266757,0.796775,0.476041,0.622962,-0.015231,1.196956,-1.314891,-1.252703,-2.266533,0.606886,1.854591,2.466255,-0.302444,0.656890,0.347359,0.106977,0.205271,0.711945,-0.089418
45.031002,-0.860777,1.213897,1.547789,1.678728,0.846970,1.023794,-0.321068,0.184901,-0.008790,-0.238753,0.772781,0.473542,0.620612,-0.015593,1.196650,-1.314239,-1.252350,-2.266429,0.607088,1.855308,2.466158,-0.303850,0.656753,0.349402,0.105232,0.204154,0.714167,-0.091494
45.031989,-0.860701,1.209964,1.545862,1.676693,0.845281,1.020657,-0.322160,0.221740,0.028319,-0.207765,0.748174,0.471069,0.618284,-0.015963,1.196346,-1.313562,-1.251993,-2.266319,0.607299,1.856033,2.466062,-0.305327,0.661985,0.350213,0.107479,0.206914,0.718299,-0.093295
45.033023,-0.856839,1.214940,1.545467,1.675622,0.843279,1.023384,-0.321699,0.258740,0.062973,-0.178718,0.724253,0.468795,0.615921,-0.016343,1.196043,-1.312898,-1.251645,-2.266206,0.607508,1.856753,2.465971,-0.304120,0.661875,0.349753,0.108931,0.207809,0.721012,-0.092484
45.033961,-0.856298,1.210902,1.539673,1.673230,0.844429,1.025818,-0.322797,0.294086,0.094929,-0.150761,0.701129,0.466697,0.613260,-0.016733,1.195734,-1.312255,-1.251296,-2.266095,0.607718,1.857471,2.465870,-0.304907,0.657860,0.348642,0.109552,0.209096,0.718011,-0.094887
45.034973,-0.855801,1.208333,1.532813,1.670035,0.845062,1.024734,-0.323068,0.327591,0.126836,-0.122098,0.679016,0.464671,0.610315,-0.017131,1.195435,-1.311596,-1.250947,-2.265982,0.607926,1.858174,2.465780,-0.303885,0.657659,0.349999,0.111261,0.207081,0.715076,-0.093974
45.035984,-0.852499,1.206660,1.533340,1.670384,0.846418,1.026344,-0.323123,0.357747,0.158152,-0.094955,0.658275,0.462613,0.607307,-0.017528,1.195132,-1.310945,-1.250591,-2.265861,0.608126,1.858894,2.465682,-0.302986,0.657234,0.352003,0.113762,0.205799,0.715886,-0.094867
45.037107,-0.851497,1.193349,1.529009,1.668993,0.846652,1.032367,-0.324137,0.383047,0.187620,-0.070772,0.639495,0.460506,0.604353,-0.017922,1.194823,-1.310284,-1.250238,-2.265750,0.608325,1.859610,2.465585,-0.303424,0.656227,0.350291,0.112873,0.203798,0.713958,-0.096180
45.037995,-0.844563,1.177511,1.524010,1.668876,0.845134,1.033129,-0.324202,0.402113,0.213539,-0.049075,0.624626,0.458526,0.601611,-0.018318,1.194522,-1.309608,-1.249886,-2.265633,0.608529,1.860303,2.465489,-0.303063,0.661591,0.351403,0.113902,0.203034,0.708183,-0.095762
45.038930,-0.836201,1.167306,1.518196,1.667489,0.844823,1.034598,-0.323722,0.412922,0.231162,-0.032398,0.615996,0.456922,0.599422,-0.018737,1.194212,-1.308936,-1.249530,-2.265521,0.608732,1.861008,2.465389,-0.305024,0.666794,0.352104,0.113238,0.203710,0.706751,-0.096834
45.040015,-0.839378,1.164314,1.513418,1.667361,0.848157,1.039059,-0.324948,0.417272,0.237657,-0.023297,0.613092,0.455761,0.597904,-0.019204,1.193904,-1.308258,-1.249172,-2.265407,0.608934,1.861711,2.465286,-0.307808,0.669376,0.353345,0.113920,0.203238,0.704764,-0.099066
45.041021,-0.834884,1.164470,1.513083,1.664268,0.848837,1.042778,-0.324215,0.417197,0.234067,-0.021868,0.614685,0.454998,0.597120,-0.019728,1.193601,-1.307594,-1.248821,-2.265292,0.609127,1.862404,2.465190,-0.305197,0.669416,0.354552,0.113616,0.199390,0.700412,-0.098138
45.041916,-0.830433,1.157965,1.508655,1.661919,0.847591,1.045856,-0.325620,0.412547,0.223808,-0.025719,0.619986,0.454588,0.597088,-0.020298,1.193289,-1.306925,-1.248468,-2.265173,0.609321,1.863094,2.465082,-0.306215,0.667343,0.353278,0.116046,0.198133,0.696546,-0.101011
45.042978,-0.829094,1.158065,1.510349,1.661004,0.847296,1.045692,-0.326223,0.406812,0.211673,-0.030831,0.625628,0.454389,0.597434,-0.020875,1.192984,-1.306253,-1.248118,-2.265053,0.609522,1.863773,2.464987,-0.306978,0.667950,0.353815,0.117420,0.198576,0.692935,-0.099376
45.043935,-0.829575,1.156128,1.509603,1.659360,0.845860,1.049810,-0.325759,0.403232,0.200590,-0.034124,0.628902,0.454286,0.597801,-0.021404,1.192679,-1.305593,-1.247769,-2.264935,0.609719,1.864471,2.464886,-0.306578,0.666359,0.351716,0.117790,0.198307,0.693160,-0.099683
45.045060,-0.823205,1.155527,1.508300,1.657930,0.845216,1.045944,-0.327129,0.400652,0.191799,-0.032889,0.630303,0.454278,0.598117,-0.021881,1.192378,-1.304929,-1.247420,-2.264815,0.609921,1.865147,2.464781,-0.305072,0.665138,0.350587,0.118633,0.199017,0.688727,-0.101924
45.046025,-0.818890,1.158008,1.507171,1.658774,0.846052,1.041117,-0.327543,0.398797,0.186188,-0.025768,0.629737,0.454278,0.598327,-0.022329,1.192064,-1.304272,-1.247072,-2.264694,0.610120,1.865845,2.464681,-0.307288,0.664337,0.350222,0.119569,0.199159,0.692949,-0.100762
45.046982,-0.811511,1.158318,1.502640,1.656203,0.847405,1.041594,-0.327509,0.400436,0.184952,-0.012348,0.625734,0.454126,0.598232,-0.022761,1.191752,-1.303614,-1.246723,-2.264577,0.610314,1.866550,2.464577,-0.308057,0.660989,0.349293,0.117980,0.197657,0.697366,-0.101260
45.047914,-0.808344,1.159709,1.496516,1.658604,0.845804,1.040686,-0.326699,0.423088,0.200324,0.031153,0.604618,0.453008,0.596870,-0.023673,1.191130,-1.302309,-1.246022,-2.264342,0.610705,1.867935,2.464361,-0.310505,0.655858,0.351514,0.116576,0.196536,0.696927,-0.105487
45.049096,-0.805178,1.155757,1.494140,1.655677,0.847871,1.040802,-0.327230,0.441067,0.214472,0.055177,0.590596,0.452107,0.596087,-0.024150,1.190813,-1.301648,-1.245670,-2.264221,0.610893,1.868639,2.464255,-0.311200,0.657070,0.351774,0.119186,0.194129,0.697271,-0.106091
45.049998,-0.802976,1.148273,1.490169,1.656154,0.848138,1.039186,-0.327870,0.458485,0.228441,0.076999,0.577234,0.451133,0.595402,-0.024597,1.190505,-1.300979,-1.245317,-2.264105,0.611085,1.869337,2.464146,-0.310806,0.658223,0.352045,0.117836,0.193156,0.698273,-0.105981
45.051018,-0.803474,1.134148,1.486592,1.655291,0.847088,1.042470,-0.328528,0.458485,0.228441,0.076999,0.577234,0.451133,0.595402,-0.024597,1.190505,-1.300979,-1.245317,-2.264105,0.611085,1.869337,2.464146,-0.310806,0.658223,0.352045,0.117836,0.193156,0.698273,-0.105981
45.052059,-0.802742,1.122757,1.477963,1.652350,0.845293,1.037412,-0.329637,0.469594,0.237195,0.094206,0.568151,0.450340,0.595068,-0.024993,1.190199,-1.300310,-1.244963,-2.263985,0.611277,1.870031,2.464039,-0.309379,0.663439,0.352439,0.118027,0.193661,0.694817,-0.106063
45.053082,-0.806211,1.124505,1.473365,1.652525,0.846363,1.031592,-0.330095,0.468793,0.235339,0.103061,0.566350,0.449905,0.595458,-0.025336,1.189895,-1.299633,-1.244596,-2.263858,0.611478,1.870731,2.463933,-0.308668,0.667265,0.355296,0.120193,0.194841,0.699882,-0.105274
45.054089,-0.805928,1.124410,1.462873,1.649694,0.849111,1.030488,-0.330126,0.454545,0.221804,0.101733,0.571403,0.449716,0.596649,-0.025634,1.189592,-1.298980,-1.244244,-2.263742,0.611665,1.871450,2.463827,-0.305793,0.664666,0.356205,0.119417,0.193229,0.705453,-0.105776
45.054963,-0.800466,1.123812,1.460354,1.649613,0.851688,1.024384,-0.328888,0.427977,0.200437,0.091504,0.581973,0.449553,0.598698,-0.025915,1.189285,-1.298320,-1.243876,-2.263618,0.611851,1.872170,2.463717,-0.304737,0.662860,0.359882,0.121473,0.189952,0.706172,-0.107085
45.055990,-0.800256,1.118056,1.452693,1.651198,0.852649,1.019626,-0.328298,0.393851,0.176602,0.075082,0.595551,0.449202,0.601553,-0.026222,1.188981,-1.297659,-1.243520,-2.263501,0.612028,1.872884,2.463598,-0.305993,0.660495,0.359280,0.120586,0.186767,0.711501,-0.110670
45.056991,-0.802202,1.107280,1.454985,1.651053,0.854029,1.015815,-0.329198,0.356245,0.153472,0.055679,0.611326,0.448672,0.605075,-0.026583,1.188677,-1.296998,-1.243155,-2.263385,0.612211,1.873613,2.463479,-0.304955,0.661656,0.361627,0.118428,0.185366,0.715939,-0.113202
45.057948,-0.799588,1.095324,1.447098,1.650503,0.853211,1.015984,-0.328636,0.312735,0.129598,0.035236,0.632449,0.448259,0.609299,-0.026998,1.188381,-1.296323,-1.242798,-2.263268,0.612392,1.874334,2.463365,-0.302879,0.665007,0.358952,0.117939,0.183501,0.719380,-0.112707
45.059028,-0.798802,1.091977,1.446280,1.651417,0.855890,1.009608,-0.328882,0.259939,0.101781,0.014124,0.661442,0.448226,0.614247,-0.027458,1.188076,-1.295652,-1.242437,-2.263149,0.612576,1.875055,2.463243,-0.302904,0.668692,0.361280,0.117703,0.183777,0.718631,-0.115080
45.060042,-0.796885,1.092109,1.444791,1.649757,0.859114,1.008935,-0.328419,0.198610,0.069132,-0.008005,0.697860,0.448618,0.619843,-0.027959,1.187774,-1.294982,-1.242074,-2.263036,0.612748,1.875797,2.463123,-0.302317,0.668810,0.360332,0.116394,0.180787,0.724906,-0.116026
45.060903,-0.794073,1.094839,1.445646,1.647067,0.860843,1.009902,-0.327477,0.132761,0.034995,-0.028753,0.739013,0.449316,0.625711,-0.028491,1.187475,-1.294313,-1.241717,-2.262917,0.612916,1.876519,2.463001,-0.302184,0.666797,0.359633,0.117402,0.177222,0.725203,-0.118291
45.062017,-0.799079,1.089663,1.437507,1.647346,0.861987,1.010877,-0.327511,0.068623,0.005898,-0.043108,0.780158,0.450069,0.631201,-0.029043,1.187170,-1.293663,-1.241362,-2.262793,0.613084,1.877248,2.462872,-0.302046,0.662807,0.357327,0.118979,0.174977,0.723248,-0.121204
45.063015,-0.792205,1.083701,1.428839,1.644794,0.863020,1.012323,-0.327945,0.007905,-0.015370,-0.050303,0.819162,0.450741,0.636113,-0.029595,1.186881,-1.292994,-1.240995,-2.262677,0.613253,1.877959,2.462745,-0.298784,0.664134,0.360163,0.118284,0.173631,0.722426,-0.122607
45.063942,-0.792581,1.077216,1.422117,1.645131,0.863352,1.015205,-0.327527,-0.052025,-0.032298,-0.056366,0.856838,0.451359,0.640759,-0.030109,1.186575,-1.292322,-1.240631,-2.262554,0.613426,1.878679,2.462621,-0.301064,0.665058,0.362925,0.120067,0.172202,0.720602,-0.123017
45.064959,-0.790661,1.076661,1.417769,1.645513,0.864306,1.019426,-0.325587,-0.111200,-0.048526,-0.067140,0.892941,0.451925,0.645351,-0.030557,1.186276,-1.291662,-1.240261,-2.262439,0.613593,1.879396,2.462489,-0.299526,0.665966,0.364428,0.118936,0.171440,0.717072,-0.124998
45.065967,-0.784897,1.081627,1.414815,1.641458,0.863947,1.022462,-0.324615,-0.170226,-0.065319,-0.083562,0.928514,0.452495,0.650033,-0.030957,1.185979,-1.290998,-1.239898,-2.262324,0.613761,1.880101,2.462349,-0.299432,0.664382,0.365079,0.117987,0.170154,0.712642,-0.130168
45.066896,-0.781636,1.083920,1.406989,1.639672,0.866025,1.024139,-0.324646,-0.226255,-0.079920,-0.102503,0.961950,0.452982,0.654517,-0.031339,1.185675,-1.290354,-1.239532,-2.262196,0.613930,1.880797,2.462210,-0.301161,0.660213,0.364973,0.121199,0.170180,0.709429,-0.133340
45.067984,-0.780654,1.085457,1.403905,1.638263,0.868085,1.032249,-0.324201,-0.271756,-0.087095,-0.120199,0.987459,0.453098,0.658089,-0.031709,1.185372,-1.289701,-1.239157,-2.262074,0.614092,1.881501,2.462074,-0.301425,0.656834,0.367009,0.122039,0.167695,0.707223,-0.134375
45.068904,-0.780114,1.077568,1.399389,1.635892,0.867757,1.033068,-0.323113,-0.304819,-0.085351,-0.135734,1.003356,0.452800,0.660570,-0.032064,1.185073,-1.289045,-1.238789,-2.261950,0.614254,1.882186,2.461932,-0.300995,0.654766,0.367160,0.122810,0.165468,0.699254,-0.136654
45.069950,-0.773527,1.067421,1.395748,1.632732,0.869500,1.036595,-0.323297,-0.329449,-0.077546,-0.149630,1.012344,0.452295,0.662172,-0.032408,1.184775,-1.288392,-1.238416,-2.261822,0.614414,1.882879,2.461782,-0.299941,0.656458,0.367515,0.124097,0.165439,0.697980,-0.139884
45.071034,-0.775888,1.066408,1.387416,1.633902,0.871347,1.036449,-0.324176,-0.348497,-0.068169,-0.162760,1.016059,0.451742,0.662896,-0.032729,1.184474,-1.287724,-1.238041,-2.261693,0.614577,1.883560,2.461640,-0.302229,0.659827,0.367765,0.126430,0.163447,0.694490,-0.140799
45.072042,-0.774054,1.065961,1.382991,1.629659,0.870815,1.040379,-0.322854,-0.363847,-0.061091,-0.176905,1.016030,0.451240,0.662914,-0.033004,1.184177,-1.287074,-1.237668,-2.261570,0.614736,1.884257,2.461498,-0.300112,0.659033,0.370519,0.124594,0.161455,0.694785,-0.140395
45.073012,-0.773431,1.064806,1.379035,1.628450,0.870377,1.036807,-0.322411,-0.378372,-0.057416,-0.193230,1.014443,0.450814,0.662637,-0.033242,1.183873,-1.286417,-1.237295,-2.261435,0.614897,1.884942,2.461345,-0.299877,0.657437,0.371046,0.127837,0.161736,0.690693,-0.144273
45.073913,-0.767022,1.058616,1.373079,1.626744,0.871289,1.036071,-0.322768,-0.391946,-0.055082,-0.209923,1.010774,0.450314,0.662031,-0.033474,1.183578,-1.285758,-1.236925,-2.261305,0.615060,1.885632,2.461195,-0.299020,0.655943,0.371291,0.127983,0.161834,0.694036,-0.146279
45.075048,-0.770014,1.058825,1.371672,1.625792,0.875430,1.040622,-0.321797,-0.402488,-0.052330,-0.224470,1.004007,0.449621,0.660862,-0.033702,1.183275,-1.285106,-1.236549,-2.261172,0.615218,1.886327,2.461048,-0.300835,0.656665,0.372286,0.128440,0.160530,0.694139,-0.146567
45.075925,-0.766247,1.045304,1.366766,1.622014,0.876146,1.040110,-0.320602,-0.410120,-0.049270,-0.235892,0.995428,0.448803,0.659210,-0.033919,1.182984,-1.284446,-1.236177,-2.261043,0.615367,1.887017,2.460891,-0.298594,0.655474,0.371689,0.128724,0.156380,0.689904,-0.149943
45.076927,-0.767207,1.034649,1.363821,1.621044,0.877375,1.038558,-0.320705,-0.417138,-0.047308,-0.244308,0.986929,0.448022,0.657259,-0.034137,1.182683,-1.283785,-1.235810,-2.260905,0.615519,1.887697,2.460730,-0.299045,0.659633,0.372205,0.131107,0.155350,0.689847,-0.153258
45.078081,-0.771527,1.033548,1.364858,1.619712,0.875889,1.039024,-0.320661,-0.426239,-0.049554,-0.251165,0.979978,0.447491,0.655102,-0.034348,1.182386,-1.283113,-1.235436,-2.260771,0.615666,1.888396,2.460574,-0.297445,0.662921,0.371984,0.130991,0.153982,0.691184,-0.154193
45.079033,-0.774453,1.019710,1.370158,1.616469,0.873984,1.039471,-0.320818,-0.440724,-0.057809,-0.256486,0.976661,0.447438,0.652853,-0.034544,1.182099,-1.282443,-1.235071,-2.260638,0.615826,1.889084,2.460415,-0.294667,0.662352,0.370299,0.131642,0.155426,0.691147,-0.155717
45.079938,-0.773085,1.014234,1.364300,1.613040,0.870505,1.035181,-0.320483,-0.463453,-0.071367,-0.257124,0.978568,0.448007,0.650495,-0.034742,1.181810,-1.281774,-1.234713,-2.260500,0.615985,1.889774,2.460258,-0.292077,0.667025,0.365985,0.133625,0.157016,0.690321,-0.156471
45.081057,-0.775567,1.010210,1.363582,1.611296,0.868983,1.031324,-0.319860,-0.493751,-0.089270,-0.251237,0.984496,0.449127,0.647842,-0.034968,1.181516,-1.281104,-1.234343,-2.260358,0.616150,1.890468,2.460098,-0.291476,0.667143,0.367060,0.135616,0.160067,0.694081,-0.158130
45.082054,-0.773620,1.010808,1.366236,1.608444,0.867634,1.034547,-0.319894,-0.528384,-0.110021,-0.240418,0.991774,0.450555,0.644858,-0.035238,1.181232,-1.280432,-1.233982,-2.260220,0.616311,1.891178,2.459929,-0.289573,0.667840,0.366200,0.136439,0.161448,0.698109,-0.160709
45.082929,-0.773146,1.012672,1.356860,1.607520,0.869004,1.031501,-0.319971,-0.563710,-0.130481,-0.224666,0.998447,0.452067,0.641579,-0.035552,1.180941,-1.279776,-1.233622,-2.260077,0.616474,1.891876,2.459764,-0.289522,0.665641,0.363325,0.138024,0.162498,0.694577,-0.161749
45.083981,-0.769515,1.010335,1.356952,1.605925,0.867630,1.028026,-0.320952,-0.596199,-0.146820,-0.203332,1.003452,0.453486,0.638176,-0.035874,1.180657,-1.279117,-1.233250,-2.259941,0.616635,1.892573,2.459600,-0.288485,0.662064,0.366056,0.137543,0.160649,0.696957,-0.162499
45.084989,-0.766344,1.009333,1.349286,1.605515,0.868468,1.022594,-0.321693,-0.623501,-0.157194,-0.178440,1.006414,0.454679,0.634942,-0.036154,1.180365,-1.278463,-1.232894,-2.259800,0.616802,1.893286,2.459438,-0.289413,0.661755,0.364643,0.138039,0.161790,0.700333,-0.161757
45.085921,-0.759905,1.008319,1.347182,1.601617,0.867316,1.021774,-0.322329,-0.644035,-0.162022,-0.152181,1.007203,0.455587,0.631998,-0.036374,1.180073,-1.277803,-1.232524,-2.259666,0.616959,1.894009,2.459275,-0.289964,0.660393,0.366881,0.137376,0.160703,0.705439,-0.161428
45.086918,-0.758084,0.999917,1.345366,1.598572,0.866091,1.014456,-0.322429,-0.655163,-0.161344,-0.125996,1.004572,0.456150,0.629271,-0.036556,1.179779,-1.277144,-1.232161,-2.259520,0.617124,1.894706,2.459115,-0.291954,0.658605,0.366164,0.139830,0.161457,0.705713,-0.161185
45.087945,-0.757551,1.000864,1.340424,1.598812,0.862539,1.015099,-0.323772,-0.654552,-0.155164,-0.099955,0.996568,0.456326,0.626436,-0.036742,1.179488,-1.276483,-1.231795,-2.259375,0.617287,1.895431,2.458952,-0.291811,0.660924,0.365459,0.141521,0.162386,0.712696,-0.162127
45.089071,-0.753010,0.992352,1.333612,1.593989,0.862211,1.018691,-0.323644,-0.644784,-0.145551,-0.074383,0.984628,0.456256,0.623395,-0.036954,1.179203,-1.275826,-1.231422,-2.259235,0.617459,1.896136,2.458793,-0.291169,0.658706,0.366346,0.140116,0.165610,0.711813,-0.160620
45.090012,-0.749242,0.987666,1.323914,1.591382,0.862691,1.018416,-0.324019,-0.629971,-0.135429,-0.052463,0.971643,0.456099,0.620512,-0.037177,1.178906,-1.275166,-1.231052,-2.259085,0.617627,1.896858,2.458626,-0.292666,0.661885,0.368479,0.143814,0.165725,0.708323,-0.162250
45.090957,-0.744740,0.978070,1.324245,1.589545,0.864442,1.018478,-0.324902,-0.610798,-0.127330,-0.038868,0.957514,0.455847,0.618056,-0.037388,1.178608,-1.274501,-1.230673,-2.258938,0.617790,1.897561,2.458461,-0.293281,0.661884,0.371418,0.144895,0.164861,0.708142,-0.162513
45.091994,-0.743623,0.974572,1.312384,1.586242,0.862957,1.021170,-0.324973,-0.587717,-0.122662,-0.034636,0.942512,0.455546,0.616058,-0.037579,1.178315,-1.273826,-1.230309,-2.258793,0.617950,1.898260,2.458303,-0.294342,0.664312,0.369486,0.145278,0.162760,0.707626,-0.161795
45.092987,-0.737698,0.975162,1.306414,1.584402,0.864161,1.023985,-0.325287,-0.562576,-0.121978,-0.038292,0.928241,0.455327,0.614544,-0.037746,1.178020,-1.273165,-1.229926,-2.258641,0.618112,1.898960,2.458140,-0.293897,0.664353,0.373778,0.147185,0.164038,0.704813,-0.162872
45.093911,-0.731198,0.969428,1.297671,1.583747,0.863234,1.024507,-0.326994,-0.535942,-0.124545,-0.050123,0.914820,0.455194,0.613643,-0.037887,1.177722,-1.272503,-1.229547,-2.258495,0.618273,1.899647,2.457976,-0.295749,0.662071,0.374966,0.147643,0.162515,0.701807,-0.163362
45.094984,-0.727404,0.965761,1.294023,1.580171,0.861868,1.026623,-0.327269,-0.506236,-0.128192,-0.069372,0.901826,0.455131,0.613392,-0.037990,1.177421,-1.271836,-1.229169,-2.258349,0.618440,1.900342,2.457821,-0.297653,0.662519,0.377399,0.146781,0.163025,0.700794,-0.160945
45.095937,-0.726914,0.958338,1.292110,1.579212,0.862924,1.034969,-0.327098,-0.472452,-0.131840,-0.093963,0.889195,0.455171,0.613621,-0.038063,1.177119,-1.271176,-1.228790,-2.258194,0.618606,1.901041,2.457656,-0.298562,0.662898,0.377655,0.148973,0.164163,0.698720,-0.161690
45.096986,-0.724428,0.946604,1.290538,1.577364,0.861951,1.039921,-0.327543,-0.436699,-0.135763,-0.121367,0.877970,0.455386,0.614190,-0.038132,1.176826,-1.270506,-1.228417,-2.258047,0.618767,1.901714,2.457493,-0.297612,0.664323,0.376792,0.148435,0.162748,0.690044,-0.163089
45.098001,-0.719427,0.941815,1.286486,1.574409,0.861983,1.043549,-0.328465,-0.404040,-0.141870,-0.149285,0.871498,0.455995,0.615224,-0.038216,1.176526,-1.269835,-1.228041,-2.257894,0.618933,1.902388,2.457330,-0.297843,0.668489,0.376000,0.148871,0.163477,0.685240,-0.163410
45.099080,-0.715879,0.938562,1.280425,1.572041,0.862115,1.047153,-0.329203,-0.376464,-0.151539,-0.176672,0.870890,0.457095,0.616748,-0.038309,1.176222,-1.269160,-1.227664,-2.257738,0.619098,1.903057,2.457166,-0.299202,0.668870,0.376346,0.150293,0.163137,0.681634,-0.162720
45.099969,-0.715623,0.932499,1.277227,1.568734,0.863179,1.051563,-0.329087,-0.351021,-0.163112,-0.203231,0.873317,0.458467,0.618630,-0.038403,1.175923,-1.268485,-1.227283,-2.257584,0.619260,1.903732,2.457005,-0.300034,0.668882,0.377842,0.151291,0.162821,0.678254,-0.162533
45.100990,-0.708524,0.933188,1.277490,1.565131,0.866287,1.046544,-0.329224,-0.326410,-0.174804,-0.228970,0.876898,0.459846,0.620962,-0.038518,1.175622,-1.267818,-1.226902,-2.257427,0.619416,1.904398,2.456836,-0.298715,0.669276,0.377333,0.152736,0.161374,0.673350,-0.163692
45.101981,-0.702654,0.932329,1.268244,1.561979,0.868380,1.044647,-0.330732,-0.301218,-0.184194,-0.251174,0.879776,0.460987,0.623558,-0.038693,1.175317,-1.267156,-1.226524,-2.257269,0.619570,1.905078,2.456673,-0.301153,0.667113,0.375513,0.154764,0.158065,0.678435,-0.164591
45.102939,-0.700788,0.930754,1.262734,1.561527,0.868753,1.045654,-0.330936,-0.270120,-0.187451,-0.266798,0.877846,0.461597,0.625864,-0.038916,1.175011,-1.266497,-1.226145,-2.257109,0.619724,1.905762,2.456514,-0.302846,0.665618,0.378403,0.156211,0.155763,0.680117,-0.162683
45.104053,-0.696062,0.922492,1.259381,1.557541,0.869861,1.045593,-0.331415,-0.231918,-0.183933,-0.277501,0.870409,0.461599,0.627911,-0.039134,1.174707,-1.265835,-1.225760,-2.256957,0.619876,1.906442,2.456352,-0.302466,0.664236,0.379200,0.155053,0.155162,0.678792,-0.163365
45.105055,-0.688188,0.923340,1.257106,1.557434,0.871466,1.044780,-0.331670,-0.190567,-0.176475,-0.285981,0.860415,0.461168,0.630035,-0.039320,1.174404,-1.265158,-1.225383,-2.256791,0.620028,1.907111,2.456189,-0.303946,0.666993,0.379461,0.157495,0.154011,0.679270,-0.163744
45.105917,-0.684829,0.919273,1.252467,1.551590,0.875566,1.042256,-0.330328,-0.146834,-0.166709,-0.291961,0.848854,0.460450,0.632122,-0.039472,1.174090,-1.264506,-1.225004,-2.256638,0.620178,1.907794,2.456023,-0.306587,0.664731,0.378841,0.156048,0.152239,0.679956,-0.164364
45.107004,-0.685066,0.925096,1.245708,1.550116,0.875094,1.045914,-0.330527,-0.098839,-0.153594,-0.293484,0.834766,0.459504,0.633827,-0.039595,1.173785,-1.263846,-1.224622,-2.256472,0.620318,1.908477,2.455849,-0.306705,0.664050,0.379002,0.159808,0.147859,0.681806,-0.167925
45.108034,-0.680731,0.930724,1.243057,1.547996,0.875649,1.041797,-0.330285,-0.047599,-0.136274,-0.290517,0.817847,0.458379,0.635077,-0.039692,1.173480,-1.263200,-1.224241,-2.256310,0.620468,1.909157,2.455679,-0.305588,0.659901,0.380866,0.159696,0.148324,0.678320,-0.168764
45.108932,-0.672384,0.926553,1.238253,1.546684,0.875307,1.039569,-0.331411,0.004458,-0.113872,-0.283637,0.799143,0.457160,0.636050,-0.039740,1.173168,-1.262549,-1.223857,-2.256145,0.620612,1.909847,2.455503,-0.306564,0.655482,0.380446,0.160082,0.147696,0.682449,-0.170393
45.110156,-0.671023,0.922367,1.235395,1.545374,0.876750,1.037578,-0.331474,0.058063,-0.085237,-0.271618,0.778982,0.455907,0.636693,-0.039717,1.172857,-1.261888,-1.223480,-2.255987,0.620761,1.910533,2.455338,-0.309225,0.655087,0.380838,0.159541,0.147745,0.684093,-0.169058
45.110917,-0.667993,0.915147,1.229094,1.542229,0.874632,1.035015,-0.329879,0.113059,-0.052756,-0.255044,0.758270,0.454728,0.637026,-0.039629,1.172549,-1.261234,-1.223098,-2.255827,0.620907,1.911228,2.455165,-0.309191,0.656726,0.381105,0.159664,0.146465,0.686771,-0.170456
45.111935,-0.666425,0.914497,1.228565,1.540906,0.876618,1.029559,-0.330936,0.165373,-0.021204,-0.236780,0.739400,0.453752,0.637344,-0.039497,1.172244,-1.260577,-1.222715,-2.255664,0.621053,1.911925,2.454983,-0.308913,0.657035,0.381793,0.160546,0.148165,0.688157,-0.174304
45.112925,-0.665743,0.917144,1.228488,1.537437,0.877078,1.025190,-0.331362,0.211697,0.007302,-0.217727,0.723794,0.452980,0.637759,-0.039312,1.171934,-1.259919,-1.222340,-2.255504,0.621197,1.912622,2.454815,-0.308481,0.655574,0.380385,0.160210,0.146054,0.693495,-0.173290
45.114125,-0.665994,0.919412,1.231122,1.537431,0.880810,1.027062,-0.331365,0.251858,0.034554,-0.195194,0.711129,0.452297,0.638025,-0.039071,1.171626,-1.259278,-1.221964,-2.255338,0.621338,1.913333,2.454640,-0.307556,0.652516,0.378682,0.161843,0.145526,0.697511,-0.173519
45.114953,-0.667130,0.915246,1.230108,1.534299,0.883091,1.020994,-0.329654,0.286318,0.063166,-0.165910,0.701194,0.451615,0.637920,-0.038827,1.171325,-1.258626,-1.221588,-2.255179,0.621476,1.914026,2.454463,-0.306764,0.650800,0.376199,0.160588,0.141983,0.696181,-0.174965
45.115999,-0.666484,0.903033,1.226606,1.531238,0.885111,1.021568,-0.330342,0.313441,0.093342,-0.129024,0.695549,0.451009,0.637499,-0.038662,1.171024,-1.257984,-1.221222,-2.255015,0.621607,1.914738,2.454273,-0.304610,0.650173,0.374637,0.161604,0.139500,0.701318,-0.179133
45.117029,-0.666609,0.897635,1.224635,1.528638,0.885020,1.023068,-0.330772,0.330377,0.121802,-0.087769,0.695548,0.450606,0.636882,-0.038612,1.170717,-1.257319,-1.220843,-2.254849,0.621739,1.915444,2.454093,-0.303830,0.654656,0.374786,0.162937,0.137562,0.700588,-0.178865
45.117916,-0.659545,0.885065,1.222957,1.528293,0.884165,1.024776,-0.330420,0.335324,0.144165,-0.047711,0.701514,0.450521,0.636274,-0.038640,1.170418,-1.256656,-1.220474,-2.254684,0.621878,1.916138,2.453912,-0.302713,0.655570,0.374215,0.163776,0.137655,0.698994,-0.179129
45.119040,-0.657682,0.882259,1.221986,1.526484,0.885910,1.022080,-0.330735,0.329162,0.158513,-0.011920,0.713591,0.450863,0.635922,-0.038699,1.170110,-1.255993,-1.220103,-2.254523,0.622020,1.916832,2.453727,-0.304760,0.659264,0.373080,0.162145,0.138273,0.696628,-0.180691
45.120051,-0.657260,0.878446,1.212835,1.523157,0.886832,1.024876,-0.330914,0.315166,0.165358,0.019621,0.731132,0.451655,0.635877,-0.038774,1.169808,-1.255330,-1.219733,-2.254358,0.622153,1.917526,2.453546,-0.304808,0.659450,0.372274,0.162455,0.136672,0.699668,-0.181338
45.120975,-0.647988,0.872986,1.212099,1.520902,0.885921,1.028140,-0.330475,0.296016,0.165995,0.045909,0.752112,0.452749,0.636120,-0.038850,1.169506,-1.254677,-1.219355,-2.254193,0.622286,1.918222,2.453363,-0.303870,0.659614,0.375186,0.164013,0.135773,0.696637,-0.182058
45.121990,-0.646800,0.872164,1.207273,1.519831,0.886639,1.030103,-0.330705,0.274917,0.162266,0.065316,0.773545,0.453918,0.636630,-0.038907,1.169190,-1.254015,-1.218981,-2.254027,0.622423,1.918918,2.453176,-0.307032,0.659978,0.373605,0.164265,0.136569,0.692850,-0.183850
45.123052,-0.641203,0.872228,1.204872,1.517419,0.888799,1.034229,-0.329977,0.255886,0.156666,0.079165,0.793382,0.455041,0.637243,-0.038938,1.168888,-1.253356,-1.218608,-2.253866,0.622557,1.919599,2.452992,-0.306459,0.658576,0.374402,0.163638,0.135850,0.690836,-0.184457
45.123968,-0.639927,0.869951,1.197193,1.514373,0.892669,1.035826,-0.330408,0.240756,0.151299,0.089430,0.811138,0.456095,0.637775,-0.038948,1.168579,-1.252708,-1.218232,-2.253700,0.622687,1.920283,2.452796,-0.308176,0.657166,0.374049,0.164374,0.133784,0.686793,-0.187052
45.124978,-0.637469,0.866133,1.192248,1.510519,0.893286,1.042848,-0.330169,0.230087,0.147117,0.096320,0.826247,0.457082,0.638093,-0.038934,1.168269,-1.252050,-1.217850,-2.253531,0.622808,1.920959,2.452616,-0.307323,0.655929,0.375889,0.165343,0.129905,0.684783,-0.187081
45.126050,-0.632557,0.862051,1.190931,1.506391,0.892408,1.043331,-0.331097,0.223044,0.143375,0.098447,0.838330,0.458052,0.638184,-0.038887,1.167966,-1.251391,-1.217472,-2.253362,0.622941,1.921635,2.452421,-0.307405,0.656023,0.376636,0.167333,0.129344,0.677657,-0.188598
45.127010,-0.631043,0.862702,1.192084,1.503161,0.891300,1.044039,-0.331863,0.219786,0.139166,0.095637,0.846313,0.459057,0.637911,-0.038813,1.167655,-1.250741,-1.217096,-2.253188,0.623070,1.922302,2.452232,-0.308776,0.656735,0.375777,0.169594,0.130370,0.677489,-0.187885
45.127922,-0.634454,0.861992,1.183660,1.501309,0.888561,1.047541,-0.332458,0.222538,0.135725,0.091754,0.848296,0.460093,0.636845,-0.038724,1.167351,-1.250089,-1.216728,-2.253015,0.623205,1.922967,2.452044,-0.308224,0.654334,0.373451,0.170735,0.131407,0.676583,-0.187316
45.128931,-0.627570,0.853939,1.178690,1.499873,0.887325,1.048193,-0.333123,0.228977,0.133802,0.089448,0.845733,0.461228,0.635084,-0.038636,1.167049,-1.249446,-1.216350,-2.252845,0.623344,1.923634,2.451859,-0.305113,0.652473,0.375720,0.170444,0.133994,0.672657,-0.187019
45.130092,-0.626330,0.847977,1.177493,1.497709,0.886688,1.046243,-0.333478,0.233939,0.130963,0.086198,0.842503,0.462592,0.633299,-0.038571,1.166734,-1.248783,-1.215968,-2.252675,0.623482,1.924303,2.451674,-0.307310,0.654675,0.376435,0.169988,0.135177,0.672022,-0.186757
45.131037,-0.622758,0.838470,1.171827,1.495698,0.885532,1.048997,-0.333755,0.236471,0.124284,0.080008,0.840135,0.464204,0.631695,-0.038544,1.166429,-1.248117,-1.215598,-2.252501,0.623621,1.924977,2.451486,-0.307104,0.656646,0.375819,0.170490,0.135970,0.674558,-0.187379
45.131925,-0.619184,0.833124,1.165845,1.492743,0.884838,1.051950,-0.333391,0.236829,0.111913,0.070973,0.838864,0.465997,0.630120,-0.038558,1.166122,-1.247457,-1.215219,-2.252329,0.623756,1.925646,2.451296,-0.307528,0.659181,0.376765,0.170402,0.137030,0.671474,-0.187752
45.133041,-0.614963,0.833119,1.156426,1.490306,0.887871,1.050862,-0.334607,0.234513,0.093135,0.058270,0.839038,0.467883,0.628635,-0.038609,1.165812,-1.246792,-1.214839,-2.252156,0.623895,1.926306,2.451106,-0.307784,0.659211,0.377682,0.171131,0.137519,0.668075,-0.189323
45.134025,-0.611379,0.837836,1.158003,1.490323,0.887284,1.048430,-0.335558,0.231148,0.069570,0.040736,0.839370,0.469682,0.627301,-0.038672,1.165499,-1.246144,-1.214456,-2.251981,0.624022,1.926978,2.450921,-0.308891,0.658139,0.380947,0.171767,0.134666,0.669598,-0.188116
45.134889,-0.613088,0.832413,1.152008,1.485749,0.890259,1.047339,-0.335618,0.230708,0.024800,0.002310,0.835364,0.472495,0.624350,-0.038758,1.164886,-1.244834,-1.213705,-2.251637,0.624279,1.928328,2.450545,-0.306975,0.653928,0.379283,0.172074,0.132166,0.672332,-0.187917
45.136005,-0.611652,0.828932,1.149916,1.482530,0.890513,1.048156,-0.335616,0.230708,0.024800,0.002310,0.835364,0.472495,0.624350,-0.038758,1.164886,-1.244834,-1.213705,-2.251637,0.624279,1.928328,2.450545,-0.306975,0.653928,0.379283,0.172074,0.132166,0.672332,-0.187917
45.137006,-0.612591,0.819831,1.147651,1.482782,0.887547,1.042934,-0.335909,0.231370,0.007551,-0.012878,0.831429,0.473556,0.622504,-0.038837,1.164577,-1.244180,-1.213323,-2.251460,0.624410,1.929002,2.450351,-0.306754,0.654550,0.378851,0.173433,0.132122,0.671877,-0.189145
45.137923,-0.611182,0.807188,1.137222,1.479241,0.886254,1.040109,-0.335619,0.228143,-0.008900,-0.026361,0.827999,0.474591,0.620628,-0.038956,1.164277,-1.243513,-1.212943,-2.251292,0.624551,1.929695,2.450166,-0.305133,0.657151,0.378223,0.171263,0.135039,0.676961,-0.189600
45.139082,-0.608455,0.806948,1.137288,1.480970,0.884630,1.039869,-0.336044,0.216590,-0.028601,-0.040867,0.828170,0.475803,0.619170,-0.039087,1.163971,-1.242851,-1.212555,-2.251115,0.624689,1.930374,2.449969,-0.304424,0.661057,0.381394,0.172573,0.136159,0.679316,-0.191042
45.139920,-0.607654,0.812344,1.127056,1.477246,0.886000,1.033969,-0.335977,0.166942,-0.080087,-0.079398,0.842575,0.478611,0.618893,-0.039297,1.163366,-1.241541,-1.211788,-2.250782,0.624961,1.931746,2.449580,-0.303832,0.654702,0.382847,0.170883,0.136320,0.685160,-0.192336
45.140975,-0.606488,0.810352,1.121179,1.476111,0.886906,1.028064,-0.337032,0.136265,-0.102550,-0.099901,0.852493,0.479667,0.619906,-0.039344,1.163061,-1.240892,-1.211399,-2.250611,0.625096,1.932455,2.449389,-0.303355,0.654324,0.384060,0.170171,0.135484,0.690996,-0.191333
45.141983,-0.596804,0.810966,1.115158,1.474481,0.889942,1.026598,-0.338415,0.136265,-0.102550,-0.099901,0.852493,0.479667,0.619906,-0.039344,1.163061,-1.240892,-1.211399,-2.250611,0.625096,1.932455,2.449389,-0.303355,0.654324,0.384060,0.170171,0.135484,0.690996,-0.191333
45.143023,-0.601393,0.805392,1.108841,1.476160,0.890131,1.025910,-0.339222,0.079641,-0.129985,-0.140574,0.868868,0.480435,0.623190,-0.039356,1.162450,-1.239585,-1.210616,-2.250278,0.625355,1.933844,2.449016,-0.303581,0.653472,0.386566,0.166522,0.132396,0.692873,-0.189128
45.144010,-0.601111,0.798131,1.102558,1.471103,0.887257,1.020734,-0.338458,0.079641,-0.129985,-0.140574,0.868868,0.480435,0.623190,-0.039356,1.162450,-1.239585,-1.210616,-2.250278,0.625355,1.933844,2.449016,-0.303581,0.653472,0.386566,0.166522,0.132396,0.692873,-0.189128
45.144988,-0.596299,0.799632,1.091332,1.467649,0.890254,1.020471,-0.339702,0.048499,-0.140216,-0.162655,0.880599,0.480540,0.625815,-0.039389,1.162149,-1.238931,-1.210225,-2.250102,0.625490,1.934556,2.448820,-0.302555,0.655201,0.387774,0.169547,0.135269,0.697725,-0.191665
45.145920,-0.594849,0.801952,1.089472,1.464838,0.892814,1.021939,-0.339316,0.013184,-0.151336,-0.188293,0.894371,0.480485,0.628957,-0.039467,1.161844,-1.238281,-1.209826,-2.249929,0.625614,1.935248,2.448630,-0.303725,0.652506,0.391360,0.170924,0.132275,0.697663,-0.190126
45.147023,-0.594206,0.804807,1.092261,1.460050,0.894260,1.021891,-0.340503,-0.020514,-0.160169,-0.216187,0.905737,0.480083,0.632178,-0.039556,1.161543,-1.237646,-1.209440,-2.249758,0.625738,1.935944,2.448436,-0.303107,0.649338,0.390217,0.171640,0.129726,0.695687,-0.191823
45.147928,-0.591689,0.802973,1.085004,1.460125,0.893156,1.024105,-0.341209,-0.048801,-0.162615,-0.240318,0.912699,0.479331,0.635013,-0.039627,1.161241,-1.237003,-1.209058,-2.249581,0.625863,1.936643,2.448250,-0.302518,0.646845,0.387307,0.174574,0.128505,0.695931,-0.190647
45.148974,-0.589746,0.803335,1.083541,1.458254,0.895176,1.025400,-0.342063,-0.071241,-0.157303,-0.256037,0.915537,0.478382,0.637191,-0.039690,1.160940,-1.236355,-1.208672,-2.249410,0.625994,1.937331,2.448058,-0.302392,0.645450,0.388878,0.172305,0.129528,0.693143,-0.190093
45.150084,-0.583982,0.798009,1.078155,1.457881,0.894835,1.029648,-0.341679,-0.090460,-0.146382,-0.264214,0.917280,0.477525,0.639059,-0.039768,1.160637,-1.235719,-1.208286,-2.249239,0.626114,1.938029,2.447869,-0.302304,0.643935,0.387873,0.172343,0.127674,0.691821,-0.189496
45.150968,-0.589115,0.791889,1.072119,1.453650,0.893676,1.028727,-0.341480,-0.108112,-0.132763,-0.267099,0.920280,0.477002,0.640936,-0.039870,1.160335,-1.235070,-1.207893,-2.249070,0.626246,1.938705,2.447676,-0.304309,0.645540,0.388987,0.171057,0.128199,0.687887,-0.191504
45.151992,-0.584755,0.788446,1.072120,1.448873,0.897149,1.030915,-0.341905,-0.126542,-0.120255,-0.268041,0.925748,0.476927,0.642928,-0.039989,1.160041,-1.234431,-1.207506,-2.248896,0.626378,1.939391,2.447481,-0.300328,0.646241,0.389825,0.173035,0.129224,0.688228,-0.192695
45.153027,-0.585237,0.790274,1.074346,1.448965,0.896685,1.033397,-0.344044,-0.147970,-0.111241,-0.268856,0.933158,0.477205,0.644799,-0.040106,1.159736,-1.233783,-1.207121,-2.248716,0.626498,1.940076,2.447285,-0.301414,0.646358,0.388046,0.175702,0.125873,0.685961,-0.192885
45.153887,-0.586071,0.785225,1.066513,1.442533,0.898155,1.035406,-0.343218,-0.170373,-0.103774,-0.266105,0.940756,0.477643,0.646039,-0.040188,1.159441,-1.233138,-1.206747,-2.248548,0.626622,1.940747,2.447102,-0.300158,0.643909,0.385332,0.173781,0.126512,0.683549,-0.189691
45.154991,-0.591263,0.782024,1.065878,1.442333,0.900408,1.039071,-0.344561,-0.192793,-0.096066,-0.257654,0.948340,0.478133,0.646527,-0.040237,1.159145,-1.232499,-1.206359,-2.248362,0.626743,1.941420,2.446903,-0.298297,0.643971,0.387038,0.177664,0.124955,0.680910,-0.192142
45.156011,-0.591492,0.775903,1.062674,1.438251,0.901518,1.042107,-0.345035,-0.218597,-0.089914,-0.246354,0.957274,0.478665,0.646613,-0.040297,1.158861,-1.231850,-1.205970,-2.248191,0.626859,1.942080,2.446714,-0.294992,0.644444,0.385749,0.176066,0.123009,0.677646,-0.190633
45.156926,-0.590640,0.763702,1.054663,1.437013,0.901984,1.047429,-0.344153,-0.251752,-0.088155,-0.234758,0.969955,0.479337,0.646782,-0.040392,1.158567,-1.231207,-1.205588,-2.248007,0.626978,1.942749,2.446527,-0.293879,0.645944,0.385629,0.177969,0.122080,0.674642,-0.190780
45.158038,-0.590267,0.763563,1.049233,1.436178,0.903245,1.046400,-0.344992,-0.293565,-0.093404,-0.225647,0.987656,0.480245,0.647519,-0.040525,1.158275,-1.230548,-1.205194,-2.247829,0.627097,1.943415,2.446329,-0.293057,0.649674,0.387492,0.176873,0.121645,0.668923,-0.193415
45.158924,-0.593805,0.752206,1.045356,1.434675,0.903365,1.045645,-0.345987,-0.343386,-0.107278,-0.222530,1.010584,0.481426,0.649290,-0.040693,1.157989,-1.229894,-1.204807,-2.247657,0.627215,1.944081,2.446138,-0.292544,0.648545,0.388663,0.175989,0.120679,0.670426,-0.192931
45.159973,-0.587493,0.750277,1.040017,1.433239,0.904986,1.044431,-0.346628,-0.400900,-0.129536,-0.225856,1.039016,0.482880,0.652261,-0.040870,1.157701,-1.229242,-1.204416,-2.247481,0.627336,1.944760,2.445947,-0.289475,0.651778,0.388378,0.175182,0.120542,0.670604,-0.191753
45.160959,-0.585217,0.743936,1.037728,1.431268,0.906838,1.043541,-0.346757,-0.464272,-0.158826,-0.233967,1.071898,0.484568,0.656201,-0.041034,1.157405,-1.228589,-1.204021,-2.247309,0.627451,1.945431,2.445755,-0.291710,0.651194,0.389250,0.174761,0.119154,0.671957,-0.191590
45.161961,-0.587570,0.741213,1.035218,1.428202,0.908787,1.040720,-0.347815,-0.527355,-0.191823,-0.244355,1.105725,0.486367,0.660585,-0.041185,1.157117,-1.227931,-1.203635,-2.247133,0.627566,1.946108,2.445555,-0.291794,0.652425,0.388503,0.174632,0.117463,0.672683,-0.192301
45.162987,-0.587105,0.741765,1.029524,1.424860,0.910846,1.040224,-0.347429,-0.586105,-0.225512,-0.254295,1.137726,0.488169,0.664862,-0.041335,1.156830,-1.227282,-1.203247,-2.246953,0.627679,1.946786,2.445367,-0.289605,0.652023,0.387905,0.175549,0.115719,0.675422,-0.191208
45.163984,-0.581543,0.740704,1.030577,1.422029,0.912611,1.039211,-0.346451,-0.640194,-0.258032,-0.262484,1.166530,0.489880,0.668694,-0.041488,1.156547,-1.226632,-1.202853,-2.246776,0.627787,1.947457,2.445173,-0.288984,0.650108,0.388916,0.176844,0.113943,0.675935,-0.193070
45.164962,-0.585217,0.740675,1.028491,1.418817,0.914571,1.038468,-0.346542,-0.686358,-0.286247,-0.267361,1.189536,0.491344,0.671760,-0.041652,1.156253,-1.225991,-1.202476,-2.246596,0.627899,1.948141,2.444971,-0.290715,0.648968,0.386615,0.177513,0.112391,0.676795,-0.196012
45.166006,-0.588706,0.738730,1.025374,1.416590,0.914483,1.035378,-0.346935,-0.721881,-0.307598,-0.266237,1.205318,0.492466,0.673837,-0.041824,1.155967,-1.225349,-1.202093,-2.246416,0.628006,1.948818,2.444772,-0.287803,0.647167,0.385819,0.178522,0.110658,0.677347,-0.196762
45.167027,-0.581526,0.739198,1.019162,1.416556,0.916700,1.032018,-0.347957,-0.750538,-0.322958,-0.259069,1.216041,0.493296,0.675187,-0.041974,1.155691,-1.224700,-1.201714,-2.246235,0.628118,1.949502,2.444577,-0.285316,0.646657,0.385756,0.178646,0.111041,0.680497,-0.197058
45.168054,-0.581926,0.739709,1.014856,1.415365,0.916941,1.031317,-0.348950,-0.775586,-0.334232,-0.248366,1.224198,0.493919,0.676304,-0.042066,1.155398,-1.224065,-1.201324,-2.246062,0.628224,1.950194,2.444380,-0.287944,0.644941,0.387051,0.176699,0.109102,0.683743,-0.196038
45.169006,-0.582443,0.731194,1.011652,1.413644,0.918906,1.022114,-0.347813,-0.795750,-0.341629,-0.236118,1.230559,0.494365,0.677554,-0.042081,1.155116,-1.223421,-1.200931,-2.245888,0.628334,1.950879,2.444190,-0.286857,0.643149,0.387356,0.175949,0.109146,0.684377,-0.195130
45.169975,-0.578796,0.723246,1.002650,1.411664,0.920469,1.016397,-0.348086,-0.812335,-0.346626,-0.223611,1.236539,0.494675,0.679138,-0.042042,1.154835,-1.222777,-1.200551,-2.245712,0.628439,1.951589,2.443987,-0.285561,0.645453,0.387049,0.175504,0.107384,0.693169,-0.198333
45.170986,-0.580171,0.722224,0.997349,1.412392,0.921647,1.013734,-0.347434,-0.828361,-0.352996,-0.213172,1.243556,0.494903,0.681073,-0.042004,1.154546,-1.222124,-1.200155,-2.245536,0.628541,1.952303,2.443786,-0.286323,0.647426,0.389533,0.175342,0.106092,0.698405,-0.198689
45.171923,-0.577624,0.719052,0.994439,1.408222,0.921994,1.008934,-0.346594,-0.845434,-0.363280,-0.207725,1.252760,0.495112,0.683456,-0.042000,1.154267,-1.221478,-1.199769,-2.245370,0.628645,1.953014,2.443581,-0.284743,0.646236,0.390368,0.172783,0.105225,0.700774,-0.201000
45.172976,-0.578995,0.717740,0.992048,1.407690,0.923496,1.008410,-0.347505,-0.863446,-0.376434,-0.206875,1.264403,0.495317,0.686197,-0.042027,1.153980,-1.220836,-1.199378,-2.245190,0.628749,1.953722,2.443370,-0.284899,0.645780,0.389734,0.174712,0.105095,0.705061,-0.203518
45.173959,-0.576126,0.713678,0.992867,1.402582,0.925460,1.007858,-0.346409,-0.880404,-0.389714,-0.207429,1.276949,0.495467,0.688826,-0.042064,1.153706,-1.220189,-1.198984,-2.245022,0.628852,1.954434,2.443169,-0.283490,0.645013,0.389152,0.173429,0.103963,0.705443,-0.202739
45.175130,-0.572650,0.712838,0.984492,1.399149,0.926880,1.013461,-0.345415,-0.894252,-0.400988,-0.206194,1.288818,0.495550,0.690895,-0.042115,1.153421,-1.219539,-1.198604,-2.244839,0.628953,1.955134,2.442954,-0.283939,0.645177,0.386911,0.176310,0.102287,0.705684,-0.205869
45.175988,-0.573037,0.701754,0.985860,1.395917,0.928185,1.010731,-0.344767,-0.901714,-0.408695,-0.202552,1.297247,0.495525,0.692120,-0.042203,1.153132,-1.218900,-1.198206,-2.244658,0.629051,1.955830,2.442737,-0.285104,0.644983,0.389650,0.177921,0.101455,0.700489,-0.209086
45.176940,-0.564574,0.699007,0.982812,1.392796,0.928355,1.013738,-0.343527,-0.901850,-0.413414,-0.198284,1.301005,0.495428,0.692537,-0.042320,1.152854,-1.218245,-1.197825,-2.244480,0.629147,1.956528,2.442519,-0.283651,0.647859,0.386738,0.178728,0.100335,0.702499,-0.211030
45.177981,-0.562641,0.696586,0.981452,1.391522,0.929731,1.015030,-0.342392,-0.895468,-0.415988,-0.192580,1.300944,0.495394,0.692153,-0.042455,1.152561,-1.217602,-1.197435,-2.244299,0.629246,1.957224,2.442295,-0.286751,0.647229,0.386278,0.179549,0.100451,0.699033,-0.214329
45.178911,-0.557349,0.684176,0.974740,1.387463,0.930541,1.018649,-0.342909,-0.881059,-0.415023,-0.183336,1.297074,0.495480,0.690917,-0.042599,1.152270,-1.216953,-1.197046,-2.244124,0.629345,1.957924,2.442071,-0.286759,0.646923,0.385189,0.178845,0.099460,0.697685,-0.217566
45.179947,-0.555130,0.684337,0.967707,1.384805,0.931799,1.019550,-0.342324,-0.859547,-0.411306,-0.171952,1.290445,0.495732,0.689082,-0.042731,1.151981,-1.216290,-1.196658,-2.243939,0.629448,1.958609,2.441850,-0.288235,0.650818,0.386522,0.180491,0.098862,0.693610,-0.217276
45.180983,-0.552281,0.683541,0.966382,1.382109,0.934577,1.025965,-0.341581,-0.833501,-0.407524,-0.162546,1.282028,0.496130,0.686957,-0.042835,1.151691,-1.215650,-1.196265,-2.243755,0.629547,1.959294,2.441629,-0.288395,0.649241,0.388225,0.180965,0.097997,0.692732,-0.219439
45.181972,-0.551938,0.683201,0.966404,1.376924,0.935788,1.033041,-0.340296,-0.803700,-0.403318,-0.156527,1.271808,0.496553,0.684651,-0.042913,1.151405,-1.215001,-1.195877,-2.243576,0.629639,1.959958,2.441400,-0.288941,0.648104,0.387100,0.181587,0.095660,0.686381,-0.221865
45.182932,-0.550009,0.681880,0.962956,1.371318,0.936541,1.036949,-0.339353,-0.770147,-0.396225,-0.151059,1.259554,0.496888,0.682047,-0.042990,1.151115,-1.214363,-1.195501,-2.243383,0.629731,1.960630,2.441166,-0.288055,0.646569,0.385334,0.184294,0.094861,0.679183,-0.225276
45.184024,-0.547409,0.678144,0.963539,1.369462,0.937244,1.040506,-0.337939,-0.732554,-0.384437,-0.143551,1.243845,0.497037,0.678921,-0.043091,1.150824,-1.213721,-1.195118,-2.243192,0.629825,1.961298,2.440932,-0.287893,0.645317,0.385157,0.187391,0.094456,0.675092,-0.227937
45.184912,-0.549750,0.677275,0.957531,1.366123,0.937958,1.042236,-0.337618,-0.691243,-0.368074,-0.133299,1.224031,0.496997,0.675239,-0.043234,1.150538,-1.213069,-1.194743,-2.243001,0.629920,1.961961,2.440692,-0.288453,0.645952,0.383413,0.186996,0.094262,0.671893,-0.231770
45.185901,-0.542134,0.677811,0.955718,1.361059,0.938851,1.042755,-0.337034,-0.649412,-0.349342,-0.120937,1.202528,0.496924,0.671392,-0.043411,1.150253,-1.212434,-1.194357,-2.242811,0.630011,1.962628,2.440456,-0.286012,0.644106,0.384300,0.187694,0.093815,0.669693,-0.233031
45.187032,-0.535260,0.680630,0.956130,1.357127,0.939731,1.040558,-0.337654,-0.608186,-0.328877,-0.107199,1.179829,0.496836,0.667622,-0.043575,1.149960,-1.211793,-1.193975,-2.242616,0.630106,1.963290,2.440218,-0.288786,0.642099,0.383370,0.190237,0.093288,0.669135,-0.235022
45.187934,-0.529362,0.683276,0.951753,1.356483,0.941290,1.040597,-0.336918,-0.561174,-0.303554,-0.089990,1.151377,0.496484,0.663416,-0.043668,1.149662,-1.211162,-1.193599,-2.242419,0.630198,1.963962,2.439982,-0.291426,0.639929,0.381807,0.191873,0.093002,0.671809,-0.234839
45.188916,-0.522554,0.686505,0.953488,1.352368,0.944010,1.041041,-0.336762,-0.503320,-0.270779,-0.066827,1.114861,0.495703,0.658351,-0.043684,1.149363,-1.210533,-1.193218,-2.242230,0.630284,1.964636,2.439738,-0.292992,0.636477,0.381965,0.189883,0.091767,0.671264,-0.236973
45.190135,-0.519048,0.688269,0.951287,1.348456,0.945604,1.042637,-0.337652,-0.434799,-0.229915,-0.036767,1.072065,0.494503,0.652492,-0.043668,1.149065,-1.209901,-1.192846,-2.242033,0.630366,1.965300,2.439498,-0.295236,0.633202,0.379348,0.191425,0.089527,0.670726,-0.238071
45.190968,-0.518368,0.686809,0.952352,1.343444,0.946914,1.042993,-0.336888,-0.356135,-0.181033,0.000437,1.023703,0.492887,0.645773,-0.043668,1.148766,-1.209277,-1.192464,-2.241837,0.630449,1.965964,2.439261,-0.296393,0.632197,0.379303,0.193259,0.088740,0.669970,-0.237506
45.191917,-0.513443,0.675020,0.944448,1.339848,0.949764,1.043782,-0.336589,-0.270359,-0.126225,0.043392,0.970773,0.490910,0.638192,-0.043696,1.148471,-1.208645,-1.192089,-2.241639,0.630537,1.966622,2.439023,-0.295212,0.630359,0.376571,0.195320,0.087660,0.668965,-0.239597
45.192962,-0.511895,0.670799,0.943722,1.337754,0.948296,1.047109,-0.337356,-0.183919,-0.070553,0.088153,0.916673,0.488787,0.630185,-0.043728,1.148175,-1.208000,-1.191709,-2.241440,0.630616,1.967290,2.438779,-0.296484,0.634282,0.378665,0.196158,0.085270,0.667921,-0.240909
45.193967,-0.511365,0.669016,0.937678,1.331979,0.949522,1.044360,-0.337857,-0.103466,-0.020567,0.128994,0.865975,0.486831,0.622529,-0.043717,1.147874,-1.207370,-1.191330,-2.241242,0.630706,1.967958,2.438540,-0.296199,0.635104,0.377378,0.195746,0.087274,0.664703,-0.240269
45.195051,-0.506651,0.671950,0.935145,1.330558,0.950897,1.044260,-0.340097,0.029021,0.055302,0.190121,0.780768,0.483698,0.609827,-0.043474,1.147282,-1.206112,-1.190572,-2.240842,0.630877,1.969301,2.438073,-0.296875,0.631986,0.378424,0.197840,0.085717,0.667804,-0.236626
45.196059,-0.504933,0.665932,0.931012,1.326000,0.955047,1.041240,-0.339215,0.029021,0.055302,0.190121,0.780768,0.483698,0.609827,-0.043474,1.147282,-1.206112,-1.190572,-2.240842,0.630877,1.969301,2.438073,-0.296875,0.631986,0.378424,0.197840,0.085717,0.667804,-0.236626
45.196953,-0.501507,0.660508,0.925314,1.325276,0.954619,1.040794,-0.338807,0.083906,0.085162,0.211770,0.744052,0.482261,0.604744,-0.043273,1.146984,-1.205472,-1.190193,-2.240636,0.630954,1.969986,2.437833,-0.296612,0.633431,0.378764,0.199663,0.082118,0.670731,-0.239294
45.197927,-0.498910,0.650693,0.919345,1.321094,0.957063,1.035454,-0.339081,0.131027,0.109541,0.227595,0.712130,0.480934,0.600635,-0.043081,1.146688,-1.204833,-1.189819,-2.240444,0.631040,1.970653,2.437581,-0.296982,0.633842,0.379629,0.197657,0.082916,0.670687,-0.240689
45.199105,-0.495222,0.645600,0.919175,1.320925,0.956556,1.034765,-0.339290,0.168279,0.126136,0.235955,0.686795,0.479848,0.597716,-0.042915,1.146391,-1.204194,-1.189435,-2.240240,0.631118,1.971338,2.437339,-0.297105,0.636986,0.380732,0.199078,0.080964,0.675824,-0.240902
45.199972,-0.496309,0.637711,0.917476,1.314916,0.958630,1.030120,-0.339252,0.195300,0.133593,0.236733,0.668646,0.479077,0.595947,-0.042761,1.146091,-1.203549,-1.189058,-2.240046,0.631203,1.972025,2.437100,-0.298260,0.638878,0.379565,0.197112,0.082220,0.677019,-0.241641
45.200986,-0.497197,0.636465,0.910516,1.310737,0.959900,1.027941,-0.340683,0.212832,0.132466,0.232457,0.657159,0.478614,0.595043,-0.042626,1.145797,-1.202909,-1.188684,-2.239839,0.631281,1.972709,2.436855,-0.296283,0.640365,0.378360,0.200063,0.080495,0.681019,-0.242285
45.201990,-0.496224,0.635002,0.904325,1.309579,0.964468,1.026086,-0.340862,0.221499,0.124537,0.224748,0.650359,0.478323,0.594695,-0.042501,1.145504,-1.202271,-1.188300,-2.239631,0.631360,1.973396,2.436618,-0.294818,0.639413,0.380095,0.201421,0.079799,0.683067,-0.240263
45.202993,-0.489302,0.633827,0.900166,1.304680,0.965294,1.025187,-0.340323,0.216485,0.095546,0.195610,0.645489,0.477857,0.595648,-0.042173,1.144911,-1.201003,-1.187535,-2.239228,0.631502,1.974773,2.436127,-0.296618,0.637605,0.381692,0.202135,0.075658,0.685496,-0.242646
45.204059,-0.484901,0.637616,0.894249,1.302225,0.968237,1.029470,-0.339653,0.216485,0.095546,0.195610,0.645489,0.477857,0.595648,-0.042173,1.144911,-1.201003,-1.187535,-2.239228,0.631502,1.974773,2.436127,-0.296618,0.637605,0.381692,0.202135,0.075658,0.685496,-0.242646
45.204971,-0.477285,0.638547,0.888536,1.298660,0.970576,1.026395,-0.338653,0.216622,0.071468,0.155247,0.633584,0.476804,0.597108,-0.041803,1.144309,-1.199741,-1.186763,-2.238822,0.631642,1.976143,2.435625,-0.300274,0.632004,0.383781,0.202662,0.071595,0.683920,-0.247525
45.206062,-0.471753,0.640740,0.883958,1.294546,0.973789,1.027860,-0.337871,0.230862,0.069030,0.134856,0.618076,0.475824,0.597232,-0.041618,1.144001,-1.199121,-1.186375,-2.238614,0.631706,1.976828,2.435369,-0.302019,0.630046,0.384461,0.204151,0.069187,0.682624,-0.250013
45.207044,-0.465907,0.640056,0.875750,1.293022,0.972040,1.029715,-0.338018,0.230862,0.069030,0.134856,0.618076,0.475824,0.597232,-0.041618,1.144001,-1.199121,-1.186375,-2.238614,0.631706,1.976828,2.435369,-0.302019,0.630046,0.384461,0.204151,0.069187,0.682624,-0.250013
45.207924,-0.460309,0.640145,0.870197,1.290062,0.972449,1.029714,-0.338028,0.255966,0.073294,0.114726,0.595356,0.474599,0.596801,-0.041382,1.143695,-1.198492,-1.185985,-2.238415,0.631782,1.977499,2.435119,-0.303678,0.628763,0.386648,0.202979,0.071536,0.680627,-0.250456
45.208908,-0.448136,0.638266,0.863490,1.289713,0.974670,1.028146,-0.338516,0.329546,0.094752,0.072660,0.537069,0.472023,0.595181,-0.040662,1.143068,-1.197246,-1.185196,-2.238016,0.631920,1.978865,2.434617,-0.309650,0.625948,0.388523,0.200724,0.069974,0.681414,-0.250777
45.210006,-0.448448,0.635109,0.854940,1.286671,0.977320,1.032144,-0.338690,0.329546,0.094752,0.072660,0.537069,0.472023,0.595181,-0.040662,1.143068,-1.197246,-1.185196,-2.238016,0.631920,1.978865,2.434617,-0.309650,0.625948,0.388523,0.200724,0.069974,0.681414,-0.250777
45.211000,-0.445034,0.631310,0.850368,1.283375,0.980690,1.035800,-0.338182,0.375330,0.108495,0.050566,0.505233,0.470819,0.594141,-0.040234,1.142762,-1.196615,-1.184800,-2.237814,0.631984,1.979527,2.434363,-0.308465,0.626581,0.391125,0.201324,0.068141,0.677743,-0.251388
45.211918,-0.444445,0.624029,0.840868,1.277440,0.983213,1.039849,-0.337757,0.420745,0.119265,0.024974,0.475311,0.469777,0.593286,-0.039825,1.142451,-1.195991,-1.184406,-2.237608,0.632044,1.980200,2.434105,-0.308903,0.626984,0.391441,0.201811,0.065482,0.673982,-0.253161
45.212976,-0.444496,0.620743,0.835041,1.276877,0.984443,1.044959,-0.337858,0.461123,0.124140,-0.005539,0.448758,0.468922,0.592751,-0.039438,1.142148,-1.195356,-1.184002,-2.237399,0.632105,1.980851,2.433848,-0.307795,0.628545,0.393935,0.204731,0.063581,0.669656,-0.254618
45.213974,-0.437927,0.612246,0.829966,1.271412,0.988650,1.047138,-0.339147,0.492832,0.121027,-0.042086,0.427032,0.468303,0.592755,-0.039041,1.141843,-1.194730,-1.183609,-2.237196,0.632168,1.981510,2.433589,-0.306715,0.629044,0.395074,0.202655,0.063152,0.664775,-0.255267
45.214975,-0.441591,0.611805,0.826384,1.269363,0.990501,1.049929,-0.340129,0.514351,0.109056,-0.084189,0.411500,0.467997,0.593521,-0.038586,1.141529,-1.194093,-1.183212,-2.236987,0.632221,1.982175,2.433336,-0.308722,0.631683,0.395641,0.205298,0.059709,0.662593,-0.253440
45.215938,-0.439780,0.609916,0.823561,1.266032,0.992323,1.046302,-0.339220,0.527228,0.089701,-0.128968,0.401428,0.467984,0.594984,-0.038054,1.141232,-1.193460,-1.182823,-2.236781,0.632277,1.982828,2.433089,-0.305729,0.630298,0.395553,0.204526,0.058658,0.659841,-0.252284
45.217062,-0.435187,0.613945,0.825274,1.265194,0.994053,1.044589,-0.338959,0.531599,0.065596,-0.172602,0.396693,0.468262,0.597072,-0.037471,1.140925,-1.192835,-1.182428,-2.236572,0.632331,1.983498,2.432829,-0.305344,0.629559,0.394912,0.204929,0.057579,0.663323,-0.254818
45.218057,-0.435544,0.611043,0.820620,1.261304,0.994845,1.042008,-0.339628,0.530270,0.041225,-0.209651,0.396283,0.468801,0.599443,-0.036892,1.140619,-1.192210,-1.182039,-2.236372,0.632385,1.984171,2.432570,-0.306750,0.626793,0.392517,0.203382,0.056808,0.665435,-0.256308
45.218925,-0.429117,0.606154,0.819441,1.258208,0.996300,1.041880,-0.340962,0.527573,0.020625,-0.236207,0.398148,0.469520,0.601668,-0.036343,1.140315,-1.191587,-1.181650,-2.236162,0.632444,1.984840,2.432317,-0.305338,0.626790,0.392984,0.204398,0.056758,0.667945,-0.255715
45.219930,-0.429338,0.598888,0.818630,1.253218,0.998236,1.039124,-0.341518,0.524789,0.004476,-0.252696,0.401240,0.470349,0.603605,-0.035827,1.140002,-1.190958,-1.181261,-2.235959,0.632498,1.985507,2.432064,-0.306965,0.626923,0.391312,0.204480,0.055917,0.667476,-0.253570
45.221037,-0.430825,0.598676,0.819196,1.249002,0.999293,1.038562,-0.342658,0.522348,-0.008076,-0.260377,0.404760,0.471191,0.605100,-0.035346,1.139700,-1.190321,-1.180879,-2.235744,0.632550,1.986176,2.431813,-0.305673,0.628982,0.389955,0.206508,0.054792,0.670230,-0.253272
45.222014,-0.427820,0.602134,0.813540,1.245147,1.002166,1.041256,-0.341675,0.519079,-0.018061,-0.260038,0.408467,0.471933,0.606024,-0.034891,1.139396,-1.189698,-1.180494,-2.235535,0.632603,1.986848,2.431567,-0.303996,0.628253,0.388137,0.208075,0.054690,0.671126,-0.251975
45.222975,-0.425616,0.604180,0.808352,1.240580,1.004948,1.039724,-0.341451,0.514344,-0.024707,-0.253006,0.411936,0.472435,0.606488,-0.034453,1.139096,-1.189078,-1.180099,-2.235325,0.632650,1.987510,2.431309,-0.304316,0.624940,0.388993,0.209007,0.052631,0.668295,-0.254699
45.224007,-0.426348,0.605191,0.802931,1.238808,1.006413,1.039707,-0.342714,0.510233,-0.025500,-0.241476,0.413713,0.472549,0.606755,-0.034036,1.138790,-1.188457,-1.179711,-2.235110,0.632697,1.988183,2.431051,-0.304112,0.622266,0.389619,0.210478,0.050657,0.669633,-0.255816
45.225067,-0.422272,0.604487,0.795431,1.235678,1.008326,1.034646,-0.343115,0.506653,-0.020084,-0.228263,0.414000,0.472265,0.607223,-0.033628,1.138488,-1.187847,-1.179318,-2.234900,0.632747,1.988864,2.430798,-0.302643,0.620675,0.390498,0.209404,0.050084,0.669639,-0.254096
45.226050,-0.423917,0.600212,0.788834,1.232414,1.009907,1.034230,-0.341833,0.501237,-0.010677,-0.216364,0.414743,0.471712,0.608351,-0.033216,1.138185,-1.187228,-1.178917,-2.234691,0.632796,1.989546,2.430548,-0.303679,0.619995,0.392411,0.209823,0.049089,0.674859,-0.254209
45.226939,-0.425253,0.595565,0.781517,1.230913,1.010925,1.025783,-0.341501,0.492177,-0.000355,-0.208922,0.417065,0.471022,0.610429,-0.032808,1.137888,-1.186613,-1.178523,-2.234481,0.632845,1.990232,2.430282,-0.301668,0.620685,0.393723,0.210166,0.048328,0.674999,-0.257500
45.228095,-0.422961,0.597999,0.772190,1.226489,1.010950,1.022347,-0.341930,0.475582,0.006906,-0.208403,0.423193,0.470376,0.613709,-0.032418,1.137591,-1.185991,-1.178123,-2.234277,0.632893,1.990932,2.430023,-0.299622,0.620902,0.395079,0.208682,0.048024,0.682844,-0.258697
45.228956,-0.423071,0.599284,0.770654,1.222637,1.012130,1.018916,-0.341844,0.449742,0.009080,-0.216009,0.433909,0.469864,0.618162,-0.032042,1.137293,-1.185374,-1.177720,-2.234064,0.632946,1.991619,2.429762,-0.300060,0.619223,0.398155,0.210503,0.049021,0.686697,-0.258851
45.229953,-0.423312,0.599029,0.771591,1.221239,1.012609,1.014956,-0.341403,0.418906,0.008620,-0.229906,0.445963,0.469361,0.623214,-0.031688,1.136998,-1.184768,-1.177324,-2.233852,0.632992,1.992316,2.429500,-0.298567,0.616488,0.396532,0.211116,0.048512,0.689337,-0.259518
45.230905,-0.423299,0.604393,0.767679,1.217279,1.015004,1.013085,-0.339946,0.386364,0.008850,-0.244067,0.457940,0.468817,0.628195,-0.031396,1.136708,-1.184152,-1.176930,-2.233647,0.633040,1.993011,2.429236,-0.297414,0.615247,0.394120,0.209722,0.048886,0.693086,-0.261139
45.231980,-0.422016,0.604093,0.770418,1.213197,1.013533,1.015096,-0.338971,0.353025,0.011734,-0.253087,0.470562,0.468303,0.632660,-0.031195,1.136412,-1.183556,-1.176537,-2.233434,0.633086,1.993711,2.428962,-0.296215,0.611118,0.394035,0.210647,0.047280,0.694504,-0.264679
45.232980,-0.420028,0.603562,0.766305,1.212450,1.015099,1.019706,-0.340306,0.321038,0.018992,-0.254651,0.482714,0.467817,0.636204,-0.031063,1.136115,-1.182946,-1.176148,-2.233219,0.633141,1.994407,2.428687,-0.295935,0.610456,0.390978,0.211888,0.049671,0.692543,-0.267443
45.233960,-0.423749,0.598585,0.760602,1.209996,1.013577,1.019011,-0.339333,0.291489,0.030379,-0.248578,0.494301,0.467434,0.638727,-0.030936,1.135822,-1.182333,-1.175759,-2.233016,0.633188,1.995086,2.428426,-0.295878,0.609392,0.391200,0.209896,0.048935,0.687790,-0.265469
45.235009,-0.418228,0.590557,0.753266,1.205117,1.013813,1.019892,-0.338894,0.260506,0.041783,-0.238769,0.508715,0.467380,0.640802,-0.030764,1.135532,-1.181725,-1.175364,-2.232807,0.633244,1.995779,2.428152,-0.292920,0.610515,0.392064,0.209453,0.051231,0.688260,-0.268116
45.236083,-0.419219,0.586547,0.745956,1.204939,1.014522,1.020309,-0.337669,0.224462,0.048081,-0.231403,0.527473,0.467762,0.642909,-0.030548,1.135237,-1.181106,-1.174964,-2.232595,0.633298,1.996458,2.427875,-0.294766,0.613438,0.393876,0.211534,0.051845,0.687444,-0.269754
45.236964,-0.411647,0.585983,0.742063,1.201921,1.014266,1.021622,-0.337972,0.183435,0.046056,-0.231200,0.549554,0.468550,0.645193,-0.030318,1.134946,-1.180486,-1.174568,-2.232389,0.633349,1.997147,2.427601,-0.293384,0.614456,0.395786,0.209043,0.052045,0.687154,-0.273045
45.237958,-0.414218,0.585563,0.737453,1.198985,1.016890,1.023160,-0.338580,0.139098,0.036178,-0.238661,0.574566,0.469686,0.647705,-0.030103,1.134642,-1.179881,-1.174173,-2.232180,0.633403,1.997831,2.427326,-0.295729,0.612764,0.395437,0.208971,0.052943,0.685208,-0.272883
45.238965,-0.410099,0.579916,0.735271,1.196908,1.018505,1.028286,-0.337838,0.094622,0.022313,-0.250455,0.601048,0.471009,0.650165,-0.029928,1.134355,-1.179270,-1.173781,-2.231970,0.633450,1.998501,2.427057,-0.293393,0.611636,0.395822,0.209008,0.051147,0.683587,-0.272363
45.239910,-0.410077,0.569253,0.735211,1.194558,1.020979,1.034756,-0.338102,0.050841,0.006536,-0.264008,0.628460,0.472427,0.652357,-0.029818,1.134058,-1.178657,-1.173389,-2.231762,0.633500,1.999169,2.426779,-0.294394,0.613192,0.395016,0.208255,0.050384,0.678407,-0.274564
45.240972,-0.411256,0.567104,0.733442,1.188360,1.022431,1.040333,-0.337919,0.005873,-0.012568,-0.277993,0.658690,0.474051,0.654382,-0.029786,1.133767,-1.178035,-1.172998,-2.231556,0.633548,1.999824,2.426505,-0.293218,0.616776,0.392975,0.207705,0.048676,0.671732,-0.274607
45.241977,-0.416670,0.559488,0.728116,1.184450,1.021728,1.042922,-0.338202,-0.041394,-0.036090,-0.291094,0.692192,0.475939,0.656288,-0.029797,1.133481,-1.177412,-1.172610,-2.231339,0.633599,2.000480,2.426223,-0.291805,0.616737,0.392190,0.211003,0.048150,0.666442,-0.275758
45.242940,-0.413450,0.552917,0.721690,1.177814,1.023801,1.042701,-0.339166,-0.092131,-0.064180,-0.303886,0.727503,0.478000,0.658123,-0.029809,1.133197,-1.176793,-1.172217,-2.231122,0.633651,2.001146,2.425945,-0.288135,0.619193,0.392962,0.211863,0.049691,0.663860,-0.275863
45.244098,-0.413036,0.556415,0.725953,1.175929,1.024356,1.044799,-0.339430,-0.146876,-0.097448,-0.318794,0.762713,0.480118,0.659986,-0.029796,1.132911,-1.176167,-1.171818,-2.230902,0.633695,2.001806,2.425672,-0.288722,0.620766,0.394092,0.215312,0.048430,0.663964,-0.274553
45.244956,-0.413872,0.554619,0.717888,1.171676,1.026057,1.044346,-0.338107,-0.201483,-0.133296,-0.334081,0.794830,0.482135,0.661588,-0.029761,1.132623,-1.175557,-1.171438,-2.230685,0.633747,2.002471,2.425397,-0.288319,0.618633,0.390597,0.214453,0.048916,0.662448,-0.275016
45.245875,-0.412649,0.552169,0.718967,1.168219,1.028497,1.045337,-0.337715,-0.251907,-0.167198,-0.345193,0.822500,0.483939,0.662600,-0.029754,1.132337,-1.174939,-1.171044,-2.230474,0.633793,2.003133,2.425114,-0.286562,0.617296,0.392347,0.215499,0.047880,0.662340,-0.278088
45.247056,-0.410075,0.553082,0.717979,1.165082,1.031037,1.045805,-0.339146,-0.297937,-0.197428,-0.350774,0.846425,0.485532,0.662998,-0.029811,1.132053,-1.174319,-1.170665,-2.230256,0.633836,2.003785,2.424834,-0.286039,0.616624,0.389795,0.215712,0.046232,0.661067,-0.279379
45.248035,-0.407838,0.549881,0.718796,1.163895,1.031757,1.049359,-0.338994,-0.338315,-0.223121,-0.349653,0.866587,0.486946,0.662635,-0.029907,1.131764,-1.173710,-1.170278,-2.230036,0.633877,2.004445,2.424561,-0.286770,0.615974,0.388961,0.216107,0.044859,0.661326,-0.277508
45.248970,-0.405046,0.552409,0.723114,1.158939,1.032587,1.047378,-0.339385,-0.371632,-0.243866,-0.340431,0.883547,0.488294,0.661454,-0.029998,1.131478,-1.173093,-1.169894,-2.229826,0.633924,2.005089,2.424285,-0.286855,0.616086,0.386662,0.214346,0.044982,0.657744,-0.278486
45.249979,-0.408985,0.549944,0.728026,1.153030,1.030627,1.042881,-0.339202,-0.396819,-0.258697,-0.321186,0.897699,0.489667,0.659429,-0.030065,1.131191,-1.172489,-1.169523,-2.229606,0.633967,2.005753,2.424007,-0.287108,0.613169,0.382654,0.216068,0.044966,0.659499,-0.278250
45.251049,-0.413950,0.547951,0.729756,1.151349,1.029849,1.041335,-0.338050,-0.421735,-0.265240,-0.242845,0.912173,0.492180,0.651628,-0.030193,1.130637,-1.171256,-1.168784,-2.229166,0.634072,2.007090,2.423434,-0.281081,0.613161,0.376301,0.217546,0.049448,0.665756,-0.282381
45.251978,-0.413666,0.545032,0.729111,1.149187,1.030788,1.039557,-0.336784,-0.421735,-0.265240,-0.242845,0.912173,0.492180,0.651628,-0.030193,1.130637,-1.171256,-1.168784,-2.229166,0.634072,2.007090,2.423434,-0.281081,0.613161,0.376301,0.217546,0.049448,0.665756,-0.282381
45.252970,-0.411760,0.538705,0.728144,1.141210,1.030806,1.037913,-0.336908,-0.432004,-0.262946,-0.188435,0.917706,0.493428,0.646594,-0.030329,1.130357,-1.170648,-1.168409,-2.228953,0.634121,2.007759,2.423144,-0.280172,0.612918,0.374735,0.216599,0.049237,0.667194,-0.285413
45.253954,-0.420428,0.536733,0.730308,1.142001,1.032894,1.035777,-0.335080,-0.443883,-0.260661,-0.130142,0.924061,0.494659,0.641420,-0.030493,1.130080,-1.170029,-1.168037,-2.228724,0.634170,2.008438,2.422857,-0.280247,0.614649,0.373531,0.221290,0.050061,0.668692,-0.285764
45.255086,-0.419602,0.538791,0.730944,1.139510,1.035644,1.035400,-0.334568,-0.477895,-0.261978,-0.013447,0.941766,0.496821,0.631650,-0.030832,1.129535,-1.168806,-1.167310,-2.228293,0.634259,2.009788,2.422254,-0.274983,0.612657,0.369319,0.217157,0.047120,0.671475,-0.291834
45.256032,-0.421075,0.537070,0.729549,1.136210,1.036886,1.031202,-0.333758,-0.503853,-0.265891,0.043239,0.957917,0.497856,0.627854,-0.030995,1.129268,-1.168197,-1.166944,-2.228078,0.634306,2.010467,2.421958,-0.273355,0.611906,0.368272,0.217333,0.046680,0.675377,-0.293964
45.256962,-0.424245,0.530317,0.724020,1.135446,1.036926,1.027844,-0.332815,-0.503853,-0.265891,0.043239,0.957917,0.497856,0.627854,-0.030995,1.129268,-1.168197,-1.166944,-2.228078,0.634306,2.010467,2.421958,-0.273355,0.611906,0.368272,0.217333,0.046680,0.675377,-0.293964
45.257928,-0.421302,0.526948,0.721617,1.131196,1.039499,1.020919,-0.330763,-0.534625,-0.271717,0.096039,0.978330,0.498865,0.624988,-0.031142,1.128999,-1.167582,-1.166573,-2.227867,0.634357,2.011155,2.421651,-0.270825,0.613535,0.369208,0.215027,0.047387,0.678281,-0.296286
45.258969,-0.419151,0.523440,0.720713,1.129470,1.039971,1.018026,-0.329146,-0.570993,-0.281408,0.141351,1.003216,0.499930,0.623247,-0.031287,1.128726,-1.166966,-1.166203,-2.227650,0.634398,2.011861,2.421343,-0.271418,0.613629,0.368664,0.216171,0.045666,0.684835,-0.300910
45.260007,-0.423759,0.519641,0.714476,1.126740,1.041100,1.015293,-0.327224,-0.608620,-0.293647,0.179124,1.029681,0.501012,0.622271,-0.031440,1.128456,-1.166346,-1.165839,-2.227437,0.634447,2.012548,2.421027,-0.271811,0.614227,0.367649,0.215003,0.046115,0.687688,-0.304732
45.260980,-0.422494,0.514951,0.712450,1.120207,1.040232,1.015556,-0.326735,-0.645429,-0.307544,0.209345,1.056407,0.502133,0.621855,-0.031585,1.128190,-1.165732,-1.165465,-2.227222,0.634494,2.013245,2.420709,-0.268839,0.615020,0.369215,0.214827,0.045885,0.690349,-0.309168
45.261908,-0.420655,0.509106,0.708425,1.117695,1.040006,1.018824,-0.326083,-0.682564,-0.323713,0.230063,1.083035,0.503309,0.622009,-0.031692,1.127924,-1.165110,-1.165095,-2.227000,0.634546,2.013927,2.420395,-0.268696,0.615762,0.368482,0.218154,0.047550,0.689811,-0.310601
45.263059,-0.418940,0.507022,0.705368,1.116998,1.039675,1.020324,-0.326240,-0.718009,-0.341100,0.241201,1.107245,0.504444,0.622509,-0.031742,1.127655,-1.164495,-1.164729,-2.226784,0.634595,2.014613,2.420076,-0.268676,0.616900,0.368716,0.217467,0.048516,0.686075,-0.312291
45.264059,-0.413828,0.506304,0.700503,1.112799,1.039721,1.020942,-0.325758,-0.750506,-0.359186,0.243610,1.129447,0.505582,0.623463,-0.031741,1.127383,-1.163874,-1.164357,-2.226571,0.634647,2.015303,2.419758,-0.269100,0.617418,0.368994,0.215498,0.049869,0.685017,-0.312749
45.265008,-0.406222,0.514972,0.700247,1.107588,1.040877,1.022326,-0.324836,-0.778515,-0.376978,0.238332,1.150028,0.506746,0.624995,-0.031719,1.127113,-1.163256,-1.163990,-2.226355,0.634697,2.015981,2.419446,-0.270880,0.616364,0.369829,0.216718,0.050646,0.684294,-0.314264
45.265910,-0.406731,0.515092,0.696685,1.105603,1.040058,1.024454,-0.325332,-0.794352,-0.388508,0.229563,1.163733,0.507656,0.626480,-0.031702,1.126835,-1.162659,-1.163623,-2.226133,0.634747,2.016665,2.419124,-0.273695,0.610539,0.368188,0.218648,0.050244,0.682553,-0.316528
45.267012,-0.399245,0.510568,0.693521,1.102862,1.042194,1.024036,-0.325157,-0.792284,-0.387686,0.222597,1.166426,0.508069,0.627303,-0.031693,1.126567,-1.162052,-1.163252,-2.225919,0.634802,2.017334,2.418811,-0.272403,0.608671,0.368053,0.217413,0.051734,0.679975,-0.315868
45.267999,-0.397891,0.504664,0.690673,1.099029,1.042344,1.025285,-0.325046,-0.775314,-0.376040,0.218093,1.160285,0.508109,0.627549,-0.031671,1.126286,-1.161445,-1.162886,-2.225702,0.634854,2.018015,2.418492,-0.275524,0.610333,0.368327,0.217332,0.050519,0.680708,-0.316927
45.268966,-0.396373,0.497431,0.682840,1.098963,1.041758,1.029032,-0.324967,-0.717133,-0.343182,0.205600,1.133870,0.508000,0.627099,-0.031596,1.125732,-1.160210,-1.162142,-2.225276,0.634963,2.019363,2.417855,-0.275088,0.613849,0.370227,0.215194,0.052486,0.675310,-0.318250
45.270019,-0.387381,0.495237,0.679775,1.094868,1.043352,1.033421,-0.325327,-0.717133,-0.343182,0.205600,1.133870,0.508000,0.627099,-0.031596,1.125732,-1.160210,-1.162142,-2.225276,0.634963,2.019363,2.417855,-0.275088,0.613849,0.370227,0.215194,0.052486,0.675310,-0.318250
45.271008,-0.385505,0.500700,0.671819,1.093108,1.044365,1.038275,-0.325447,-0.686486,-0.331987,0.191155,1.120321,0.508262,0.627178,-0.031579,1.125446,-1.159603,-1.161771,-2.225056,0.635015,2.020019,2.417536,-0.278771,0.613993,0.370233,0.216313,0.051763,0.671150,-0.318131
45.271925,-0.387469,0.506899,0.665893,1.090371,1.044604,1.038645,-0.324340,-0.653545,-0.323714,0.170743,1.105875,0.508699,0.627512,-0.031591,1.125166,-1.158999,-1.161393,-2.224847,0.635067,2.020664,2.417216,-0.278745,0.609935,0.372461,0.215161,0.051551,0.666340,-0.318385
45.272949,-0.381112,0.511765,0.664257,1.085551,1.044710,1.042626,-0.325679,-0.617630,-0.314794,0.145837,1.089431,0.509180,0.628099,-0.031628,1.124892,-1.158400,-1.161018,-2.224632,0.635119,2.021329,2.416895,-0.276711,0.605164,0.373478,0.214721,0.052018,0.665650,-0.320976
45.273936,-0.375615,0.510475,0.652843,1.083749,1.043499,1.041978,-0.324842,-0.578730,-0.301898,0.119184,1.070031,0.509577,0.628841,-0.031663,1.124606,-1.157808,-1.160646,-2.224412,0.635172,2.021995,2.416581,-0.279019,0.601801,0.372677,0.216495,0.052750,0.661699,-0.318825
45.275025,-0.376671,0.513815,0.650862,1.084349,1.039365,1.039898,-0.326123,-0.533699,-0.283138,0.092661,1.045113,0.509775,0.629434,-0.031662,1.124325,-1.157207,-1.160261,-2.224201,0.635231,2.022650,2.416259,-0.280808,0.601214,0.376566,0.215336,0.054696,0.662367,-0.321021
45.276009,-0.373210,0.513333,0.642402,1.083793,1.040009,1.037696,-0.326030,-0.484500,-0.261070,0.064926,1.016614,0.509887,0.630097,-0.031621,1.124044,-1.156621,-1.159889,-2.223994,0.635301,2.023325,2.415943,-0.279568,0.599057,0.376099,0.212105,0.059613,0.664729,-0.319103
45.276960,-0.363206,0.508463,0.642191,1.080362,1.039345,1.038744,-0.325467,-0.392169,-0.218958,0.005886,0.966406,0.510380,0.632808,-0.031486,1.123472,-1.155415,-1.159132,-2.223573,0.635424,2.024659,2.415298,-0.284242,0.598960,0.376758,0.210177,0.060938,0.665507,-0.321326
45.277992,-0.361191,0.503266,0.633832,1.082008,1.037586,1.034462,-0.325790,-0.347608,-0.200823,-0.022635,0.945708,0.510700,0.634465,-0.031453,1.123185,-1.154816,-1.158749,-2.223372,0.635492,2.025335,2.414975,-0.284298,0.600594,0.379266,0.205884,0.063407,0.669876,-0.321218
45.278987,-0.356739,0.501560,0.628199,1.076503,1.039572,1.032058,-0.326346,-0.347608,-0.200823,-0.022635,0.945708,0.510700,0.634465,-0.031453,1.123185,-1.154816,-1.158749,-2.223372,0.635492,2.025335,2.414975,-0.284298,0.600594,0.379266,0.205884,0.063407,0.669876,-0.321218
45.280016,-0.354768,0.502775,0.623045,1.073936,1.038563,1.031395,-0.326897,-0.305142,-0.187137,-0.051285,0.928677,0.511054,0.636235,-0.031459,1.122899,-1.154217,-1.158364,-2.223160,0.635550,2.026010,2.414659,-0.285550,0.600230,0.380227,0.208521,0.062127,0.672146,-0.320616
45.280985,-0.351341,0.500165,0.622281,1.070200,1.037559,1.032273,-0.326547,-0.264302,-0.177075,-0.080601,0.913296,0.511305,0.637921,-0.031486,1.122613,-1.153627,-1.157985,-2.222951,0.635619,2.026679,2.414336,-0.285623,0.598730,0.381138,0.208265,0.063854,0.672858,-0.320064
45.282051,-0.347813,0.496644,0.614740,1.065325,1.041156,1.029886,-0.327790,-0.223434,-0.167982,-0.108295,0.897605,0.511351,0.639282,-0.031516,1.122323,-1.153025,-1.157604,-2.222739,0.635689,2.027347,2.414012,-0.286247,0.598671,0.379637,0.209004,0.065447,0.671788,-0.321220
45.282966,-0.344416,0.490123,0.608818,1.061196,1.038977,1.026441,-0.328559,-0.182116,-0.158970,-0.133022,0.881030,0.511198,0.640295,-0.031523,1.122035,-1.152419,-1.157222,-2.222526,0.635745,2.028023,2.413701,-0.287180,0.599588,0.381837,0.211094,0.062667,0.674379,-0.319365
45.283936,-0.346183,0.486901,0.604813,1.060109,1.035535,1.028503,-0.329454,-0.140455,-0.151023,-0.156565,0.862672,0.510900,0.641061,-0.031499,1.121746,-1.151821,-1.156832,-2.222313,0.635816,2.028710,2.413383,-0.287643,0.601191,0.382667,0.212055,0.065408,0.677327,-0.318197
45.284966,-0.343001,0.482781,0.605896,1.056618,1.033950,1.020118,-0.329867,-0.101981,-0.146287,-0.180786,0.844821,0.510648,0.642042,-0.031464,1.121460,-1.151215,-1.156443,-2.222110,0.635894,2.029383,2.413068,-0.285698,0.601364,0.382712,0.210344,0.069371,0.675015,-0.316882
45.285964,-0.340370,0.481362,0.604339,1.055511,1.033004,1.013477,-0.331322,-0.070392,-0.145588,-0.204070,0.830967,0.510620,0.643591,-0.031458,1.121173,-1.150608,-1.156067,-2.221896,0.635973,2.030084,2.412752,-0.286403,0.602352,0.380519,0.210948,0.071527,0.683379,-0.316643
45.287053,-0.341757,0.483238,0.601354,1.053986,1.030362,1.007641,-0.331937,-0.044502,-0.147186,-0.222268,0.821266,0.510790,0.645421,-0.031504,1.120885,-1.150012,-1.155688,-2.221690,0.636047,2.030793,2.412435,-0.286714,0.601913,0.379545,0.209227,0.073048,0.689700,-0.314232
45.288019,-0.333273,0.485174,0.599737,1.053444,1.029288,1.003673,-0.333673,-0.022861,-0.149228,-0.233168,0.815349,0.511087,0.647263,-0.031600,1.120607,-1.149412,-1.155305,-2.221486,0.636129,2.031497,2.412125,-0.285336,0.600320,0.379498,0.208224,0.076338,0.695620,-0.313725
45.288939,-0.336525,0.486992,0.594585,1.049858,1.031012,1.002129,-0.333607,-0.004033,-0.149789,-0.236481,0.812902,0.511443,0.649016,-0.031724,1.120313,-1.148824,-1.154931,-2.221286,0.636213,2.032202,2.411818,-0.288470,0.598115,0.378520,0.206028,0.077850,0.699158,-0.310727
45.290016,-0.336075,0.491376,0.592582,1.050718,1.028621,1.002494,-0.334405,0.014400,-0.146836,-0.232481,0.812573,0.511757,0.650484,-0.031867,1.120028,-1.148232,-1.154549,-2.221081,0.636285,2.032909,2.411508,-0.285631,0.595639,0.379102,0.206698,0.076597,0.700077,-0.311303
45.291050,-0.328622,0.494371,0.584676,1.044907,1.030218,1.008893,-0.334817,0.030619,-0.140707,-0.223230,0.815078,0.512050,0.651768,-0.032039,1.119748,-1.147641,-1.154177,-2.220884,0.636370,2.033605,2.411197,-0.285161,0.592841,0.378637,0.203407,0.079621,0.699787,-0.310373
45.291964,-0.333406,0.490959,0.579708,1.042311,1.030055,1.007875,-0.335042,0.044707,-0.131588,-0.211471,0.819830,0.512357,0.652972,-0.032235,1.119456,-1.147059,-1.153794,-2.220668,0.636447,2.034295,2.410884,-0.287959,0.590596,0.380909,0.206331,0.078591,0.693282,-0.310153
45.292967,-0.330074,0.496075,0.574566,1.040423,1.027661,1.008844,-0.334155,0.058533,-0.120143,-0.200751,0.824102,0.512685,0.654065,-0.032440,1.119174,-1.146469,-1.153410,-2.220463,0.636529,2.034984,2.410574,-0.284370,0.590754,0.381326,0.205928,0.079169,0.693857,-0.310100
45.293999,-0.324922,0.491928,0.570296,1.037963,1.024521,1.006781,-0.335688,0.069527,-0.108837,-0.193555,0.828232,0.513149,0.655180,-0.032655,1.118891,-1.145894,-1.153030,-2.220260,0.636621,2.035679,2.410257,-0.285150,0.587306,0.382148,0.205119,0.082002,0.692674,-0.312425
45.294979,-0.324115,0.495858,0.566048,1.036178,1.022555,1.010892,-0.336904,0.077926,-0.098228,-0.189511,0.832207,0.513816,0.656197,-0.032860,1.118602,-1.145302,-1.152644,-2.220059,0.636716,2.036380,2.409948,-0.286801,0.588542,0.382530,0.204966,0.085574,0.694644,-0.309920
45.295928,-0.321266,0.486872,0.560591,1.033309,1.022471,1.013758,-0.336516,0.086150,-0.088014,-0.187747,0.834852,0.514641,0.656839,-0.033013,1.118318,-1.144715,-1.152266,-2.219858,0.636806,2.037052,2.409646,-0.286179,0.585396,0.382868,0.204031,0.087925,0.690320,-0.308035
45.296955,-0.312564,0.478017,0.558208,1.029880,1.023094,1.016166,-0.336056,0.092936,-0.079833,-0.188859,0.837209,0.515633,0.657146,-0.033110,1.118030,-1.144127,-1.151879,-2.219652,0.636897,2.037732,2.409333,-0.286490,0.588612,0.383605,0.204031,0.088347,0.687146,-0.309290
45.297925,-0.316299,0.474340,0.556823,1.029226,1.021455,1.024145,-0.337475,0.097660,-0.076751,-0.194103,0.839832,0.516824,0.657089,-0.033192,1.117738,-1.143526,-1.151491,-2.219449,0.636983,2.038411,2.409023,-0.289898,0.592018,0.383009,0.204793,0.088226,0.684736,-0.310813
45.299004,-0.319153,0.475828,0.558436,1.025964,1.020894,1.026973,-0.336155,0.099823,-0.081090,-0.203131,0.843659,0.518270,0.656671,-0.033289,1.117454,-1.142934,-1.151111,-2.219248,0.637077,2.039070,2.408716,-0.286945,0.592573,0.381843,0.202702,0.090245,0.676590,-0.308440
45.300059,-0.314774,0.474446,0.556266,1.020450,1.018892,1.030457,-0.337029,0.095559,-0.093049,-0.213654,0.851758,0.520048,0.656208,-0.033413,1.117172,-1.142345,-1.150734,-2.219042,0.637169,2.039738,2.408394,-0.284785,0.591239,0.379521,0.203366,0.091306,0.674080,-0.311779
45.300951,-0.318513,0.469989,0.551568,1.017495,1.017408,1.029110,-0.337767,0.085799,-0.109434,-0.222591,0.862644,0.522022,0.655558,-0.033554,1.116884,-1.141748,-1.150357,-2.218833,0.637269,2.040396,2.408090,-0.286156,0.591140,0.379058,0.206148,0.093733,0.670822,-0.310657
45.301992,-0.317261,0.464192,0.547429,1.016368,1.016657,1.033142,-0.338560,0.074382,-0.127447,-0.229388,0.872235,0.523972,0.654419,-0.033671,1.116605,-1.141161,-1.149975,-2.218626,0.637365,2.041073,2.407781,-0.283078,0.591697,0.379320,0.206038,0.095434,0.671676,-0.309540
45.302920,-0.317839,0.460367,0.547982,1.011798,1.015792,1.031327,-0.338164,0.058806,-0.149006,-0.236781,0.881971,0.525940,0.653223,-0.033745,1.116319,-1.140561,-1.149592,-2.218419,0.637466,2.041730,2.407474,-0.282866,0.593691,0.379705,0.204435,0.096553,0.667779,-0.308587
45.303932,-0.315076,0.468508,0.543850,1.007950,1.016786,1.032434,-0.338769,0.036971,-0.175664,-0.245707,0.894042,0.527988,0.652306,-0.033811,1.116043,-1.139964,-1.149223,-2.218212,0.637570,2.042400,2.407156,-0.281537,0.594018,0.377571,0.206058,0.097617,0.669301,-0.309790
45.305034,-0.314184,0.464556,0.537109,1.005553,1.013670,1.032778,-0.338643,0.013501,-0.203195,-0.253294,0.905498,0.529896,0.651214,-0.033911,1.115757,-1.139389,-1.148845,-2.218001,0.637664,2.043071,2.406849,-0.281993,0.589090,0.377959,0.207024,0.097016,0.668152,-0.309145
45.306016,-0.310407,0.464989,0.538416,1.002485,1.014222,1.037527,-0.338790,-0.006547,-0.226877,-0.258728,0.912877,0.531454,0.649627,-0.034068,1.115479,-1.138792,-1.148459,-2.217796,0.637771,2.043744,2.406539,-0.281800,0.590605,0.379799,0.206872,0.100574,0.668146,-0.310145
45.306951,-0.308945,0.454393,0.535546,0.998924,1.014524,1.035553,-0.337715,-0.022082,-0.246191,-0.263256,0.916295,0.532688,0.647739,-0.034300,1.115188,-1.138206,-1.148091,-2.217587,0.637874,2.044389,2.406226,-0.282627,0.589249,0.377427,0.207028,0.100258,0.663365,-0.310347
45.308003,-0.311297,0.452212,0.531152,0.996066,1.011171,1.033628,-0.338324,-0.033528,-0.262187,-0.266015,0.917247,0.533717,0.645722,-0.034610,1.114907,-1.137605,-1.147712,-2.217378,0.637973,2.045057,2.405912,-0.282262,0.593008,0.376952,0.207611,0.100212,0.665095,-0.312934
45.308904,-0.307315,0.460946,0.526943,0.991213,1.010759,1.032984,-0.339195,-0.043738,-0.277624,-0.267797,0.917717,0.534699,0.643833,-0.034958,1.114634,-1.137006,-1.147337,-2.217168,0.638085,2.045721,2.405598,-0.280386,0.593214,0.377607,0.207682,0.103888,0.667207,-0.312311
45.310066,-0.308300,0.467672,0.532677,0.987854,1.006601,1.033764,-0.339921,-0.055944,-0.297425,-0.266441,0.912355,0.536183,0.640273,-0.035586,1.114076,-1.135855,-1.146588,-2.216741,0.638306,2.047060,2.404977,-0.280264,0.584080,0.373582,0.210108,0.109011,0.667190,-0.310325
45.311064,-0.304343,0.468844,0.526736,0.982889,1.005836,1.030709,-0.339763,-0.055944,-0.297425,-0.266441,0.912355,0.536183,0.640273,-0.035586,1.114076,-1.135855,-1.146588,-2.216741,0.638306,2.047060,2.404977,-0.280264,0.584080,0.373582,0.210108,0.109011,0.667190,-0.310325
45.312028,-0.303996,0.463410,0.527656,0.979813,1.006695,1.028445,-0.339289,-0.048278,-0.290487,-0.254535,0.900340,0.536185,0.637618,-0.035884,1.113793,-1.135281,-1.146211,-2.216525,0.638418,2.047739,2.404667,-0.281323,0.582632,0.374866,0.212037,0.109940,0.670153,-0.311202
45.313006,-0.298606,0.458583,0.524839,0.976798,1.004948,1.031665,-0.337964,-0.009638,-0.251533,-0.211254,0.860669,0.534769,0.630448,-0.036614,1.113227,-1.134101,-1.145472,-2.216099,0.638643,2.049085,2.404030,-0.282180,0.585333,0.372367,0.212074,0.111183,0.668747,-0.315745
45.314071,-0.297652,0.459710,0.520357,0.974524,1.005890,1.027619,-0.338869,0.014009,-0.228970,-0.185569,0.839359,0.533777,0.626738,-0.037021,1.112945,-1.133524,-1.145096,-2.215886,0.638753,2.049769,2.403717,-0.281876,0.584239,0.373088,0.211528,0.110527,0.672978,-0.314544
45.315055,-0.296355,0.461828,0.516470,0.972981,1.005906,1.021997,-0.339567,0.014009,-0.228970,-0.185569,0.839359,0.533777,0.626738,-0.037021,1.112945,-1.133524,-1.145096,-2.215886,0.638753,2.049769,2.403717,-0.281876,0.584239,0.373088,0.211528,0.110527,0.672978,-0.314544
45.315975,-0.297599,0.461440,0.517442,0.967538,1.007233,1.017817,-0.338151,0.059597,-0.185964,-0.134895,0.801796,0.531702,0.620248,-0.037754,1.112387,-1.132364,-1.144360,-2.215461,0.638976,2.051147,2.403080,-0.279866,0.580921,0.371014,0.212454,0.109490,0.682046,-0.316883
45.317148,-0.294242,0.472012,0.515438,0.966484,1.007473,1.016582,-0.336811,0.059597,-0.185964,-0.134895,0.801796,0.531702,0.620248,-0.037754,1.112387,-1.132364,-1.144360,-2.215461,0.638976,2.051147,2.403080,-0.279866,0.580921,0.371014,0.212454,0.109490,0.682046,-0.316883
45.318022,-0.296946,0.469360,0.512666,0.960970,1.004307,1.013582,-0.337696,0.081736,-0.163014,-0.106943,0.784471,0.530563,0.617093,-0.038137,1.112104,-1.131803,-1.143992,-2.215251,0.639086,2.051837,2.402750,-0.281058,0.575930,0.370891,0.210951,0.109725,0.683769,-0.320342
45.319011,-0.297191,0.469912,0.515219,0.957922,1.003206,1.010562,-0.336065,0.127580,-0.108301,-0.042668,0.748379,0.528118,0.610119,-0.038968,1.111554,-1.130660,-1.143262,-2.214822,0.639326,2.053220,2.402105,-0.277550,0.574535,0.367436,0.213267,0.114088,0.688881,-0.322590
45.319978,-0.295753,0.468929,0.512563,0.954890,0.999728,1.014964,-0.335530,0.127580,-0.108301,-0.042668,0.748379,0.528118,0.610119,-0.038968,1.111554,-1.130660,-1.143262,-2.214822,0.639326,2.053220,2.402105,-0.277550,0.574535,0.367436,0.213267,0.114088,0.688881,-0.322590
45.320990,-0.298821,0.468023,0.516129,0.953527,0.999700,1.013773,-0.335966,0.147051,-0.079865,-0.007669,0.731279,0.526969,0.606270,-0.039375,1.111276,-1.130084,-1.142895,-2.214612,0.639451,2.053895,2.401782,-0.277317,0.573950,0.367092,0.213326,0.117622,0.684179,-0.324075
45.321983,-0.299821,0.464045,0.512388,0.947516,0.997605,1.013660,-0.335625,0.161282,-0.053163,0.028274,0.717608,0.525994,0.602497,-0.039748,1.111008,-1.129509,-1.142540,-2.214401,0.639571,2.054582,2.401456,-0.275030,0.573600,0.363853,0.211805,0.117770,0.685317,-0.323690
45.322973,-0.296156,0.465407,0.508363,0.946403,0.996791,1.014778,-0.334728,0.167623,-0.030451,0.063608,0.708914,0.525232,0.599032,-0.040078,1.110738,-1.128938,-1.142175,-2.214182,0.639696,2.055270,2.401127,-0.273740,0.574734,0.364155,0.214727,0.119953,0.685221,-0.324847
45.324053,-0.297976,0.464059,0.508643,0.941982,0.996543,1.019140,-0.334909,0.166542,-0.012615,0.095425,0.703823,0.524632,0.595934,-0.040373,1.110466,-1.128365,-1.141811,-2.213972,0.639816,2.055948,2.400797,-0.274771,0.573109,0.364561,0.212906,0.120878,0.683941,-0.327104
45.324932,-0.295672,0.462079,0.505189,0.937556,0.994416,1.017284,-0.335385,0.160028,0.000997,0.121791,0.700961,0.524158,0.593319,-0.040639,1.110194,-1.127795,-1.141456,-2.213754,0.639940,2.056621,2.400466,-0.273224,0.573483,0.363165,0.214444,0.121319,0.679792,-0.327329
45.325965,-0.294667,0.462011,0.504084,0.935364,0.993173,1.019787,-0.334645,0.136396,0.019341,0.159472,0.696993,0.523291,0.589124,-0.041089,1.109652,-1.126645,-1.140737,-2.213322,0.640191,2.057968,2.399804,-0.273080,0.572210,0.362172,0.214806,0.124728,0.678652,-0.328647
45.327028,-0.295547,0.456341,0.500161,0.929502,0.990658,1.024203,-0.336314,0.136396,0.019341,0.159472,0.696993,0.523291,0.589124,-0.041089,1.109652,-1.126645,-1.140737,-2.213322,0.640191,2.057968,2.399804,-0.273080,0.572210,0.362172,0.214806,0.124728,0.678652,-0.328647
45.327976,-0.292943,0.446214,0.493561,0.924318,0.988337,1.028435,-0.336779,0.121187,0.024983,0.170933,0.694055,0.522745,0.587359,-0.041254,1.109379,-1.126072,-1.140370,-2.213098,0.640322,2.058639,2.399482,-0.271972,0.574612,0.362714,0.217599,0.127363,0.674401,-0.325873
45.328859,-0.285709,0.444593,0.490378,0.923050,0.986951,1.031451,-0.337572,0.080786,0.018827,0.166484,0.684440,0.521453,0.585340,-0.041330,1.108833,-1.124902,-1.139637,-2.212665,0.640593,2.059962,2.398837,-0.274876,0.577435,0.363930,0.217562,0.130791,0.666472,-0.324065
45.329903,-0.288336,0.439529,0.485010,0.919401,0.984940,1.031188,-0.337160,0.057771,0.006810,0.150430,0.678076,0.520790,0.585341,-0.041268,1.108560,-1.124325,-1.139271,-2.212444,0.640729,2.060630,2.398508,-0.272806,0.579371,0.365160,0.218200,0.132835,0.666903,-0.325470
45.331045,-0.292828,0.443235,0.481709,0.918446,0.983069,1.035785,-0.336439,0.057771,0.006810,0.150430,0.678076,0.520790,0.585341,-0.041268,1.108560,-1.124325,-1.139271,-2.212444,0.640729,2.060630,2.398508,-0.272806,0.579371,0.365160,0.218200,0.132835,0.666903,-0.325470
45.331933,-0.287483,0.444483,0.479316,0.916708,0.983203,1.031739,-0.336156,0.030141,-0.011092,0.126379,0.673484,0.520203,0.586371,-0.041184,1.108297,-1.123750,-1.138909,-2.212233,0.640869,2.061282,2.398180,-0.270210,0.577461,0.365654,0.216527,0.134831,0.662871,-0.327649
45.332922,-0.288050,0.442698,0.475550,0.913173,0.981456,1.031860,-0.337437,-0.038018,-0.055588,0.065988,0.672339,0.519328,0.591332,-0.040940,1.107754,-1.122604,-1.138178,-2.211806,0.641145,2.062623,2.397532,-0.270709,0.575308,0.365210,0.215624,0.136177,0.666219,-0.326374
45.334081,-0.291431,0.442408,0.476792,0.909427,0.980871,1.031502,-0.337711,-0.072198,-0.077061,0.036580,0.672264,0.518981,0.594293,-0.040723,1.107490,-1.122025,-1.137821,-2.211588,0.641285,2.063289,2.397202,-0.268688,0.575483,0.363521,0.216640,0.136896,0.667181,-0.326602
45.335019,-0.288505,0.441158,0.473165,0.905615,0.978578,1.032330,-0.337776,-0.072198,-0.077061,0.036580,0.672264,0.518981,0.594293,-0.040723,1.107490,-1.122025,-1.137821,-2.211588,0.641285,2.063289,2.397202,-0.268688,0.575483,0.363521,0.216640,0.136896,0.667181,-0.326602
45.336014,-0.292910,0.442850,0.477543,0.906230,0.975870,1.026732,-0.337459,-0.105399,-0.097742,0.009722,0.671075,0.518696,0.597105,-0.040446,1.107219,-1.121458,-1.137455,-2.211370,0.641427,2.063958,2.396871,-0.269233,0.574959,0.363590,0.217224,0.139037,0.666034,-0.326829
45.336980,-0.292241,0.443204,0.476665,0.900722,0.974690,1.023891,-0.336948,-0.137173,-0.116929,-0.012094,0.669525,0.518470,0.599580,-0.040145,1.106958,-1.120886,-1.137099,-2.211163,0.641572,2.064629,2.396541,-0.266313,0.573227,0.359867,0.213739,0.141620,0.671608,-0.327928
45.338006,-0.293339,0.446095,0.477348,0.898047,0.971747,1.024106,-0.336777,-0.195468,-0.146237,-0.029164,0.668477,0.518010,0.602584,-0.039624,1.106429,-1.119753,-1.136388,-2.210727,0.641868,2.065995,2.395877,-0.264663,0.570016,0.357036,0.215800,0.145447,0.673872,-0.330196
45.339046,-0.293496,0.449825,0.474236,0.896914,0.969550,1.023394,-0.335629,-0.195468,-0.146237,-0.029164,0.668477,0.518010,0.602584,-0.039624,1.106429,-1.119753,-1.136388,-2.210727,0.641868,2.065995,2.395877,-0.264663,0.570016,0.357036,0.215800,0.145447,0.673872,-0.330196
45.339923,-0.290740,0.442865,0.465786,0.894520,0.968634,1.021260,-0.335851,-0.218913,-0.153994,-0.024579,0.666890,0.517584,0.602908,-0.039405,1.106168,-1.119186,-1.136034,-2.210516,0.642018,2.066664,2.395533,-0.264016,0.567607,0.357272,0.214102,0.147517,0.674700,-0.332995
45.340895,-0.292686,0.440573,0.457590,0.890660,0.966557,1.016712,-0.335941,-0.240037,-0.159329,-0.016414,0.666448,0.517099,0.603090,-0.039193,1.105903,-1.118617,-1.135670,-2.210304,0.642164,2.067349,2.395201,-0.264380,0.569578,0.359605,0.213295,0.148128,0.676201,-0.332762
45.342066,-0.290836,0.431952,0.451512,0.889484,0.967993,1.016356,-0.336194,-0.261653,-0.166909,-0.011978,0.668463,0.516689,0.603761,-0.038977,1.105646,-1.118047,-1.135303,-2.210091,0.642322,2.068036,2.394871,-0.262687,0.569731,0.362014,0.214151,0.149937,0.680506,-0.333005
45.342946,-0.289027,0.431874,0.444523,0.885039,0.964623,1.009828,-0.335527,-0.286660,-0.181300,-0.017087,0.673919,0.516496,0.605412,-0.038749,1.105376,-1.117470,-1.134939,-2.209879,0.642469,2.068726,2.394541,-0.263275,0.574208,0.363952,0.212761,0.148558,0.681324,-0.333273
45.343980,-0.292753,0.430104,0.441954,0.884148,0.961819,1.005066,-0.335838,-0.315314,-0.204160,-0.033487,0.682921,0.516598,0.608198,-0.038520,1.105114,-1.116896,-1.134569,-2.209660,0.642622,2.069425,2.394203,-0.263194,0.572609,0.365471,0.213870,0.151610,0.687193,-0.334844
45.344925,-0.289314,0.431096,0.443174,0.879570,0.959018,0.999789,-0.336599,-0.345911,-0.233136,-0.058591,0.694462,0.516937,0.611854,-0.038312,1.104861,-1.116318,-1.134208,-2.209455,0.642779,2.070121,2.393870,-0.260809,0.572809,0.365302,0.212043,0.154215,0.691865,-0.334721
45.345962,-0.292904,0.436874,0.435530,0.875906,0.956334,0.998148,-0.336511,-0.376293,-0.264101,-0.086527,0.707551,0.517388,0.615852,-0.038123,1.104596,-1.115758,-1.133848,-2.209240,0.642942,2.070832,2.393540,-0.261706,0.571267,0.362992,0.213510,0.156649,0.696615,-0.333559
45.347048,-0.294709,0.431793,0.439355,0.873304,0.953443,0.997892,-0.338437,-0.402686,-0.292081,-0.112322,0.719578,0.517771,0.619574,-0.037935,1.104339,-1.115191,-1.133472,-2.209023,0.643108,2.071525,2.393207,-0.259347,0.567804,0.365250,0.214212,0.159050,0.698175,-0.334277
45.347929,-0.287551,0.426176,0.430757,0.871669,0.950595,0.998797,-0.339304,-0.424895,-0.315181,-0.134759,0.729839,0.518024,0.622814,-0.037735,1.104086,-1.114614,-1.133115,-2.208812,0.643275,2.072228,2.392879,-0.258089,0.570018,0.362039,0.214088,0.161720,0.698501,-0.331017
45.348884,-0.287826,0.423643,0.427655,0.871092,0.949137,1.003306,-0.340286,-0.445121,-0.335622,-0.154354,0.740557,0.518285,0.625742,-0.037519,1.103820,-1.114043,-1.132743,-2.208604,0.643444,2.072930,2.392554,-0.260679,0.571275,0.364393,0.212605,0.164046,0.696854,-0.329574
45.350008,-0.287673,0.421131,0.422042,0.869674,0.945781,1.000179,-0.339937,-0.464436,-0.355718,-0.173223,0.753912,0.518728,0.628780,-0.037303,1.103563,-1.113467,-1.132382,-2.208399,0.643617,2.073615,2.392229,-0.259770,0.571365,0.364255,0.210322,0.165038,0.691978,-0.328018
45.350952,-0.287047,0.419983,0.415689,0.865481,0.943950,0.998924,-0.340581,-0.485290,-0.377186,-0.193702,0.772030,0.519471,0.632421,-0.037120,1.103306,-1.112898,-1.132012,-2.208193,0.643789,2.074317,2.391895,-0.259529,0.572578,0.365785,0.209220,0.168195,0.695432,-0.329420
45.351929,-0.289664,0.421436,0.415509,0.862206,0.939847,0.998090,-0.340829,-0.508424,-0.400263,-0.216939,0.794065,0.520440,0.636624,-0.036990,1.103049,-1.112324,-1.131639,-2.207983,0.643962,2.075018,2.391569,-0.259084,0.571940,0.367129,0.210433,0.169536,0.696192,-0.328492
45.353034,-0.289430,0.417807,0.407744,0.858628,0.939768,1.004379,-0.341650,-0.531757,-0.422463,-0.241715,0.816601,0.521412,0.640883,-0.036889,1.102795,-1.111752,-1.131279,-2.207772,0.644143,2.075710,2.391246,-0.257108,0.570220,0.365593,0.210731,0.173145,0.696735,-0.328459
45.353907,-0.288349,0.418441,0.406631,0.852703,0.937177,1.006602,-0.341447,-0.554557,-0.442179,-0.266743,0.837927,0.522256,0.644874,-0.036778,1.102538,-1.111181,-1.130908,-2.207557,0.644317,2.076388,2.390919,-0.256878,0.571885,0.368154,0.211547,0.172926,0.690691,-0.327478
45.354916,-0.289219,0.422315,0.402819,0.850247,0.937627,1.011261,-0.342750,-0.575842,-0.459104,-0.292614,0.856510,0.522917,0.648406,-0.036648,1.102285,-1.110612,-1.130541,-2.207339,0.644500,2.077061,2.390592,-0.256528,0.569960,0.366712,0.214135,0.174864,0.687922,-0.328151
45.356088,-0.292919,0.423700,0.408200,0.845305,0.939296,1.019991,-0.342343,-0.592771,-0.470789,-0.317611,0.870136,0.523309,0.651125,-0.036517,1.102031,-1.110057,-1.130174,-2.207127,0.644673,2.077734,2.390268,-0.255512,0.567434,0.367056,0.213649,0.174006,0.683201,-0.326030
45.356950,-0.291636,0.417079,0.410063,0.839308,0.937508,1.024341,-0.341386,-0.604817,-0.475481,-0.338541,0.879024,0.523475,0.652928,-0.036411,1.101780,-1.109490,-1.129816,-2.206905,0.644847,2.078400,2.389934,-0.253519,0.567023,0.363305,0.215808,0.172145,0.675077,-0.327640
45.357938,-0.291328,0.415688,0.408523,0.837038,0.934146,1.024349,-0.342255,-0.616231,-0.467691,-0.358449,0.884631,0.523652,0.653592,-0.036362,1.101276,-1.108356,-1.129107,-2.206466,0.645203,2.079730,2.389274,-0.252838,0.568570,0.359845,0.217516,0.176254,0.670152,-0.328457
45.359031,-0.289827,0.414670,0.411387,0.834704,0.931341,1.025019,-0.343818,-0.616231,-0.467691,-0.358449,0.884631,0.523652,0.653592,-0.036362,1.101276,-1.108356,-1.129107,-2.206466,0.645203,2.079730,2.389274,-0.252838,0.568570,0.359845,0.217516,0.176254,0.670152,-0.328457
45.360002,-0.288428,0.415313,0.412273,0.830062,0.927079,1.026548,-0.342125,-0.616061,-0.458955,-0.357077,0.882634,0.523863,0.652605,-0.036378,1.101025,-1.107786,-1.128754,-2.206251,0.645384,2.080397,2.388957,-0.253267,0.568825,0.357214,0.217051,0.178694,0.669805,-0.326004
45.360977,-0.283518,0.421830,0.415051,0.827418,0.924635,1.024518,-0.341896,-0.597568,-0.431192,-0.328514,0.868814,0.524184,0.647872,-0.036443,1.100510,-1.106673,-1.128059,-2.205807,0.645758,2.081736,2.388284,-0.255042,0.563582,0.352484,0.217868,0.184251,0.669999,-0.330671
45.361999,-0.283176,0.423893,0.414339,0.822481,0.926284,1.024115,-0.343579,-0.597568,-0.431192,-0.328514,0.868814,0.524184,0.647872,-0.036443,1.100510,-1.106673,-1.128059,-2.205807,0.645758,2.081736,2.388284,-0.255042,0.563582,0.352484,0.217868,0.184251,0.669999,-0.330671
45.363001,-0.282265,0.429606,0.410546,0.818393,0.927062,1.027726,-0.343224,-0.571899,-0.406294,-0.297939,0.852736,0.523782,0.643389,-0.036494,1.100257,-1.106110,-1.127715,-2.205584,0.645937,2.082400,2.387963,-0.254663,0.561976,0.351589,0.219688,0.182135,0.670451,-0.327810
45.363922,-0.275096,0.429053,0.400612,0.815180,0.926626,1.032823,-0.342871,-0.534881,-0.373473,-0.259027,0.829711,0.522842,0.637478,-0.036551,1.100002,-1.105562,-1.127361,-2.205358,0.646115,2.083059,2.387632,-0.254526,0.558559,0.352055,0.220503,0.180915,0.666811,-0.329031
45.364999,-0.277665,0.425822,0.399625,0.809959,0.925912,1.029094,-0.342190,-0.489346,-0.335596,-0.218693,0.801126,0.521500,0.630821,-0.036629,1.099739,-1.105006,-1.126997,-2.205135,0.646294,2.083701,2.387302,-0.257241,0.557734,0.355261,0.220323,0.180798,0.661493,-0.330063
45.365969,-0.273758,0.420751,0.395005,0.807883,0.925493,1.026759,-0.344228,-0.438704,-0.296916,-0.183279,0.769025,0.519968,0.624141,-0.036726,1.099488,-1.104439,-1.126647,-2.204908,0.646476,2.084372,2.386960,-0.255555,0.559064,0.354525,0.222451,0.181139,0.665559,-0.331991
45.367075,-0.275340,0.423688,0.384083,0.801757,0.923184,1.027474,-0.343678,-0.387741,-0.262429,-0.155333,0.736365,0.518465,0.617881,-0.036819,1.099230,-1.103881,-1.126292,-2.204686,0.646655,2.085045,2.386638,-0.256821,0.560751,0.355307,0.221263,0.181053,0.667674,-0.328306
45.367956,-0.274061,0.418524,0.381450,0.798529,0.923076,1.025048,-0.342914,-0.339895,-0.235189,-0.137172,0.705140,0.517155,0.612449,-0.036884,1.098979,-1.103323,-1.125925,-2.204459,0.646843,2.085707,2.386310,-0.255719,0.559219,0.359488,0.224367,0.182971,0.667341,-0.330127
45.368977,-0.279255,0.422460,0.381472,0.796255,0.922467,1.022823,-0.343183,-0.296789,-0.215822,-0.131215,0.675711,0.516084,0.608160,-0.036934,1.098722,-1.102765,-1.125568,-2.204234,0.647029,2.086381,2.385977,-0.255442,0.560440,0.358947,0.224053,0.182374,0.669232,-0.331896
45.370045,-0.276202,0.421657,0.387069,0.794547,0.922724,1.022332,-0.343929,-0.260594,-0.203692,-0.134549,0.650376,0.515287,0.605078,-0.037010,1.098473,-1.102211,-1.125212,-2.204013,0.647211,2.087065,2.385649,-0.252339,0.557940,0.357510,0.223218,0.182524,0.671400,-0.331854
45.370960,-0.273322,0.417557,0.387464,0.787901,0.922566,1.020528,-0.343548,-0.231895,-0.196318,-0.139677,0.632067,0.514771,0.603003,-0.037155,1.098220,-1.101652,-1.124865,-2.203793,0.647393,2.087736,2.385317,-0.253506,0.558101,0.353510,0.221942,0.181861,0.672080,-0.330935
45.372006,-0.278297,0.418682,0.385091,0.785314,0.921004,1.015259,-0.343108,-0.182089,-0.183454,-0.133743,0.610273,0.514004,0.599810,-0.037708,1.097720,-1.100534,-1.124160,-2.203341,0.647756,2.089099,2.384649,-0.251235,0.557969,0.351560,0.224564,0.182582,0.678792,-0.333435
45.372966,-0.275863,0.414804,0.378585,0.783182,0.919147,1.011247,-0.342022,-0.161195,-0.178164,-0.125487,0.604767,0.513558,0.598642,-0.038094,1.097465,-1.099979,-1.123807,-2.203119,0.647943,2.089792,2.384305,-0.251786,0.559050,0.353275,0.223424,0.183849,0.682426,-0.335963
45.374075,-0.269938,0.412227,0.378914,0.778779,0.918506,1.009298,-0.341603,-0.161195,-0.178164,-0.125487,0.604767,0.513558,0.598642,-0.038094,1.097465,-1.099979,-1.123807,-2.203119,0.647943,2.089792,2.384305,-0.251786,0.559050,0.353275,0.223424,0.183849,0.682426,-0.335963
45.374968,-0.268482,0.408647,0.379132,0.776124,0.917261,1.006723,-0.342510,-0.143993,-0.175342,-0.118333,0.603041,0.513042,0.598079,-0.038512,1.097202,-1.099413,-1.123458,-2.202889,0.648129,2.090487,2.383965,-0.254331,0.560234,0.352001,0.224732,0.184105,0.684582,-0.337411
45.376004,-0.267625,0.409686,0.367783,0.773721,0.916727,1.003385,-0.340099,-0.126593,-0.173419,-0.111119,0.602799,0.512327,0.597796,-0.038908,1.096949,-1.098847,-1.123114,-2.202669,0.648318,2.091181,2.383636,-0.254194,0.560605,0.350255,0.224010,0.184647,0.686527,-0.335849
45.376912,-0.261965,0.412303,0.367374,0.768176,0.917386,1.003595,-0.339946,-0.109005,-0.172009,-0.104441,0.603940,0.511385,0.597786,-0.039265,1.096694,-1.098294,-1.122750,-2.202446,0.648502,2.091871,2.383283,-0.254111,0.559678,0.354522,0.223303,0.184717,0.689840,-0.341182
45.378041,-0.266024,0.416455,0.362799,0.768355,0.918184,1.009573,-0.337797,-0.090967,-0.170134,-0.101058,0.605350,0.510202,0.598082,-0.039628,1.096437,-1.097741,-1.122398,-2.202219,0.648683,2.092556,2.382937,-0.256110,0.557185,0.352981,0.225386,0.183448,0.689076,-0.341679
45.379123,-0.260331,0.415469,0.360427,0.765863,0.918485,1.011280,-0.337129,-0.071190,-0.165404,-0.100600,0.605897,0.508775,0.598557,-0.040038,1.096185,-1.097184,-1.122045,-2.202006,0.648864,2.093234,2.382584,-0.253794,0.555235,0.354218,0.222470,0.182343,0.683452,-0.346627
45.379915,-0.251130,0.408457,0.358519,0.763675,0.919640,1.010479,-0.336358,-0.052421,-0.158753,-0.103045,0.608265,0.507322,0.599522,-0.040481,1.095923,-1.096631,-1.121688,-2.201785,0.649040,2.093916,2.382231,-0.256204,0.555645,0.354142,0.222009,0.181731,0.681977,-0.348456
45.381042,-0.251540,0.416515,0.355745,0.761742,0.915629,1.014899,-0.336500,-0.034174,-0.151681,-0.107826,0.613021,0.506070,0.600936,-0.040893,1.095660,-1.096069,-1.121342,-2.201569,0.649217,2.094594,2.381878,-0.259596,0.557179,0.353151,0.220724,0.179844,0.681860,-0.349999
45.381992,-0.249180,0.408716,0.352448,0.758982,0.912624,1.017640,-0.335577,-0.013412,-0.143517,-0.112710,0.618408,0.505130,0.602446,-0.041211,1.095398,-1.095529,-1.120990,-2.201351,0.649406,2.095268,2.381527,-0.258987,0.553413,0.353472,0.219862,0.183527,0.677826,-0.350314
45.382924,-0.243802,0.414957,0.352281,0.756381,0.912435,1.016265,-0.334497,0.008325,-0.135001,-0.117841,0.624547,0.504600,0.604135,-0.041421,1.095136,-1.094967,-1.120631,-2.201137,0.649599,2.095926,2.381171,-0.259361,0.556363,0.353474,0.219521,0.185852,0.674901,-0.352450
45.384011,-0.244165,0.422419,0.355771,0.753822,0.911280,1.016849,-0.335666,0.030160,-0.126948,-0.122919,0.631025,0.504457,0.605919,-0.041542,1.094874,-1.094421,-1.120284,-2.200918,0.649786,2.096604,2.380807,-0.261218,0.552234,0.351982,0.218876,0.185385,0.675944,-0.354829
45.384925,-0.242442,0.421454,0.353589,0.750549,0.910727,1.019312,-0.335233,0.086157,-0.098820,-0.114761,0.636198,0.504236,0.607442,-0.041560,1.094354,-1.093331,-1.119583,-2.200480,0.650161,2.097941,2.380100,-0.260555,0.547999,0.348526,0.218526,0.186011,0.672758,-0.354090
45.386080,-0.237844,0.425084,0.350543,0.749295,0.910727,1.024556,-0.335423,0.119706,-0.078489,-0.100099,0.634511,0.503775,0.606952,-0.041494,1.094088,-1.092792,-1.119234,-2.200267,0.650346,2.098600,2.379743,-0.262522,0.546664,0.349108,0.217134,0.185699,0.668114,-0.354343
45.387033,-0.236167,0.424270,0.343378,0.745474,0.910780,1.026681,-0.336572,0.119706,-0.078489,-0.100099,0.634511,0.503775,0.606952,-0.041494,1.094088,-1.092792,-1.119234,-2.200267,0.650346,2.098600,2.379743,-0.262522,0.546664,0.349108,0.217134,0.185699,0.668114,-0.354343
45.387927,-0.237273,0.414516,0.339881,0.744392,0.910870,1.028882,-0.336567,0.154553,-0.057845,-0.084204,0.630771,0.503056,0.606054,-0.041409,1.093822,-1.092241,-1.118878,-2.200050,0.650526,2.099265,2.379387,-0.262487,0.546219,0.351090,0.217839,0.185110,0.665796,-0.352300
45.388966,-0.233500,0.407199,0.335293,0.743066,0.911667,1.034848,-0.336137,0.206467,-0.038005,-0.068998,0.628721,0.501588,0.605376,-0.041252,1.093299,-1.091128,-1.118176,-2.199624,0.650894,2.100574,2.378680,-0.262317,0.553079,0.352109,0.214159,0.183116,0.657399,-0.353834
45.390027,-0.233227,0.409216,0.330625,0.740152,0.912284,1.032606,-0.335651,0.215312,-0.047627,-0.074685,0.636341,0.501289,0.606600,-0.041222,1.093040,-1.090576,-1.117821,-2.199412,0.651075,2.101231,2.378323,-0.261932,0.551796,0.353155,0.214296,0.182098,0.659978,-0.355277
45.390998,-0.234913,0.409537,0.332745,0.738633,0.911187,1.029800,-0.337125,0.215312,-0.047627,-0.074685,0.636341,0.501289,0.606600,-0.041222,1.093040,-1.090576,-1.117821,-2.199412,0.651075,2.101231,2.378323,-0.261932,0.551796,0.353155,0.214296,0.182098,0.659978,-0.355277
45.391943,-0.235173,0.413683,0.331147,0.735163,0.912062,1.029520,-0.337886,0.215715,-0.066717,-0.086137,0.647439,0.501244,0.608555,-0.041247,1.092783,-1.090034,-1.117479,-2.199202,0.651259,2.101903,2.377973,-0.260379,0.550983,0.350670,0.212854,0.182670,0.662601,-0.352627
45.392969,-0.233514,0.415682,0.333002,0.734242,0.910416,1.029440,-0.337343,0.210936,-0.089674,-0.097487,0.659786,0.501310,0.610693,-0.041315,1.092523,-1.089489,-1.117130,-2.198988,0.651437,2.102573,2.377626,-0.259461,0.548041,0.349945,0.213224,0.181250,0.662575,-0.351417
45.393997,-0.234916,0.414706,0.337269,0.731344,0.912489,1.024730,-0.338805,0.204430,-0.111504,-0.104345,0.671532,0.501375,0.612621,-0.041401,1.092265,-1.088938,-1.116791,-2.198785,0.651625,2.103232,2.377274,-0.259721,0.546628,0.347798,0.211472,0.182409,0.662767,-0.352962
45.395064,-0.237838,0.411194,0.342063,0.728057,0.910720,1.023036,-0.338889,0.198539,-0.129487,-0.103605,0.681856,0.501365,0.614024,-0.041521,1.092008,-1.088397,-1.116454,-2.198576,0.651803,2.103909,2.376924,-0.258451,0.546833,0.344491,0.211582,0.179889,0.667531,-0.350433
45.396065,-0.237335,0.413351,0.338123,0.727708,0.909762,1.024254,-0.337956,0.192688,-0.144041,-0.093349,0.691169,0.501233,0.614652,-0.041719,1.091756,-1.087844,-1.116119,-2.198365,0.651984,2.104574,2.376578,-0.256589,0.548396,0.341061,0.212123,0.181311,0.669432,-0.350817
45.396989,-0.233474,0.408286,0.343086,0.725016,0.914035,1.022613,-0.336737,0.184611,-0.156842,-0.075302,0.700763,0.500970,0.614724,-0.042019,1.091500,-1.087292,-1.115778,-2.198158,0.652170,2.105244,2.376219,-0.256245,0.546703,0.341777,0.209635,0.181729,0.668126,-0.353058
45.397990,-0.236239,0.416323,0.341240,0.723496,0.916221,1.019942,-0.337753,0.173932,-0.168388,-0.052196,0.711764,0.500573,0.614693,-0.042410,1.091240,-1.086745,-1.115446,-2.197949,0.652333,2.105917,2.375857,-0.257337,0.548267,0.337845,0.209319,0.177004,0.669414,-0.355704
45.399004,-0.229859,0.417592,0.342349,0.723884,0.914390,1.015037,-0.337597,0.162605,-0.177010,-0.024154,0.723665,0.499956,0.614682,-0.042854,1.090991,-1.086207,-1.115105,-2.197744,0.652503,2.106595,2.375508,-0.255390,0.543761,0.337517,0.208074,0.174480,0.671995,-0.354025
45.400020,-0.230798,0.415098,0.333095,0.721452,0.914475,1.015756,-0.338108,0.152824,-0.179960,0.009090,0.735532,0.499012,0.614730,-0.043309,1.090727,-1.085669,-1.114775,-2.197544,0.652683,2.107285,2.375150,-0.257955,0.542820,0.335829,0.205053,0.175897,0.676794,-0.354742
45.401092,-0.231979,0.413728,0.335339,0.718423,0.914745,1.007395,-0.338068,0.144714,-0.177758,0.043808,0.747514,0.497762,0.615195,-0.043744,1.090471,-1.085126,-1.114432,-2.197336,0.652855,2.107969,2.374801,-0.256869,0.543683,0.339229,0.204703,0.175426,0.675937,-0.354126
45.402042,-0.233520,0.418961,0.328734,0.716551,0.914966,1.002770,-0.338326,0.135523,-0.174216,0.074137,0.760086,0.496287,0.616456,-0.044163,1.090221,-1.084576,-1.114103,-2.197133,0.653028,2.108662,2.374445,-0.255917,0.544228,0.337103,0.205178,0.174854,0.684481,-0.354712
45.403043,-0.237075,0.414390,0.325526,0.716273,0.916567,0.999036,-0.337529,0.123943,-0.170410,0.098394,0.772646,0.494576,0.618400,-0.044583,1.089970,-1.084044,-1.113758,-2.196929,0.653202,2.109363,2.374090,-0.254466,0.540918,0.338963,0.204193,0.174160,0.688617,-0.354467
45.403950,-0.236552,0.413335,0.323383,0.711718,0.920508,0.997165,-0.337203,0.108093,-0.167160,0.115713,0.786402,0.492721,0.621073,-0.045025,1.089725,-1.083498,-1.113415,-2.196735,0.653373,2.110059,2.373730,-0.252209,0.542737,0.339238,0.201960,0.172171,0.692140,-0.356435
45.404997,-0.236933,0.414077,0.316921,0.709928,0.920593,0.994468,-0.337026,0.085461,-0.167111,0.124618,0.803424,0.490938,0.624625,-0.045506,1.089476,-1.082965,-1.113082,-2.196529,0.653532,2.110754,2.373370,-0.251727,0.542303,0.338840,0.203552,0.167818,0.693407,-0.357255
45.406006,-0.233750,0.411974,0.317621,0.704834,0.921673,0.996345,-0.338890,0.057843,-0.170425,0.125264,0.822419,0.489330,0.628745,-0.046011,1.089227,-1.082423,-1.112737,-2.196326,0.653698,2.111463,2.373009,-0.251119,0.541734,0.340891,0.202720,0.167508,0.696011,-0.358040
45.406946,-0.236105,0.413755,0.316657,0.702502,0.921935,1.000462,-0.339212,0.029391,-0.175538,0.118641,0.840458,0.487917,0.632969,-0.046486,1.088974,-1.081878,-1.112405,-2.196119,0.653862,2.112151,2.372663,-0.252163,0.542335,0.339343,0.205038,0.166123,0.693950,-0.354691
45.408050,-0.239938,0.424384,0.321111,0.703125,0.921688,0.999194,-0.340883,0.003368,-0.180893,0.107804,0.855766,0.486715,0.636910,-0.046891,1.088727,-1.081347,-1.112067,-2.195916,0.654024,2.112840,2.372307,-0.250314,0.540716,0.338404,0.204506,0.165508,0.689396,-0.354333
45.408963,-0.231659,0.423711,0.322154,0.700364,0.922464,0.998770,-0.339276,-0.020108,-0.184560,0.097746,0.869853,0.485775,0.640502,-0.047239,1.088486,-1.080819,-1.111732,-2.195718,0.654187,2.113527,2.371964,-0.248212,0.535695,0.335222,0.201490,0.165602,0.690978,-0.351567
45.410032,-0.234921,0.428875,0.317250,0.698833,0.921492,0.999189,-0.340304,-0.039208,-0.183525,0.094247,0.883651,0.485078,0.643496,-0.047575,1.088227,-1.080282,-1.111404,-2.195520,0.654352,2.114222,2.371601,-0.251546,0.535128,0.333331,0.201483,0.164376,0.690830,-0.355025
45.411078,-0.227564,0.436348,0.314839,0.695616,0.922765,1.002669,-0.339418,-0.050679,-0.176672,0.098376,0.895350,0.484566,0.645572,-0.047920,1.087981,-1.079761,-1.111065,-2.195322,0.654515,2.114917,2.371250,-0.249530,0.532708,0.334743,0.200571,0.165163,0.690466,-0.353429
45.411949,-0.228427,0.434467,0.310356,0.693539,0.923487,1.005947,-0.341570,-0.053458,-0.164487,0.106486,0.902952,0.484181,0.646701,-0.048271,1.087725,-1.079235,-1.110729,-2.195122,0.654676,2.115598,2.370885,-0.252760,0.528956,0.334824,0.201257,0.163651,0.687011,-0.355645
45.413080,-0.227838,0.437218,0.314756,0.689921,0.926228,1.009237,-0.341919,-0.047178,-0.147343,0.115598,0.905197,0.483837,0.646862,-0.048615,1.087476,-1.078710,-1.110395,-2.194922,0.654835,2.116263,2.370543,-0.251438,0.528881,0.335499,0.200400,0.162498,0.683192,-0.351469
45.414042,-0.224017,0.433249,0.307909,0.687908,0.925989,1.016944,-0.341184,-0.034508,-0.127739,0.124485,0.903237,0.483501,0.646118,-0.048951,1.087219,-1.078181,-1.110066,-2.194723,0.654989,2.116928,2.370192,-0.251449,0.527968,0.332479,0.201689,0.159713,0.680404,-0.351432
45.415014,-0.227346,0.430331,0.301136,0.685325,0.926987,1.020412,-0.342414,-0.018637,-0.108657,0.132217,0.898666,0.483211,0.644655,-0.049301,1.086966,-1.077643,-1.109732,-2.194522,0.655147,2.117587,2.369838,-0.252700,0.529317,0.334634,0.200932,0.159675,0.672497,-0.353226
45.415910,-0.228007,0.430581,0.295602,0.682622,0.924849,1.020401,-0.343896,-0.004122,-0.094541,0.133796,0.893748,0.483144,0.643130,-0.049675,1.086720,-1.077116,-1.109391,-2.194322,0.655305,2.118249,2.369489,-0.250430,0.530302,0.336646,0.200811,0.158384,0.668948,-0.351068
45.416934,-0.225934,0.428871,0.295666,0.681359,0.923554,1.024327,-0.344142,0.003343,-0.089359,0.124092,0.891006,0.483464,0.642255,-0.050040,1.086473,-1.076584,-1.109048,-2.194122,0.655470,2.118912,2.369152,-0.249353,0.529173,0.337801,0.200667,0.160099,0.668567,-0.348353
45.417930,-0.225604,0.425964,0.293517,0.676586,0.923922,1.027371,-0.344112,0.003053,-0.092425,0.104265,0.890692,0.484150,0.642099,-0.050378,1.086220,-1.076055,-1.108717,-2.193923,0.655633,2.119573,2.368804,-0.249885,0.529869,0.336632,0.199349,0.161122,0.664694,-0.348325
45.418974,-0.225678,0.426417,0.294366,0.675915,0.922286,1.025651,-0.346089,-0.002365,-0.101404,0.078282,0.891562,0.485114,0.642397,-0.050708,1.085969,-1.075522,-1.108377,-2.193722,0.655795,2.120236,2.368455,-0.249478,0.530929,0.336433,0.201464,0.160443,0.661622,-0.348777
45.420087,-0.227764,0.426802,0.291023,0.673243,0.918545,1.028545,-0.346529,-0.021887,-0.129750,0.020065,0.892549,0.487504,0.643273,-0.051394,1.085477,-1.074457,-1.107709,-2.193324,0.656130,2.121555,2.367768,-0.247786,0.530715,0.335709,0.199896,0.165381,0.661083,-0.345043
45.420978,-0.229188,0.421634,0.282503,0.670242,0.917110,1.029951,-0.347251,-0.021887,-0.129750,0.020065,0.892549,0.487504,0.643273,-0.051394,1.085477,-1.074457,-1.107709,-2.193324,0.656130,2.121555,2.367768,-0.247786,0.530715,0.335709,0.199896,0.165381,0.661083,-0.345043
45.421945,-0.227046,0.418777,0.284427,0.667021,0.915287,1.033408,-0.347610,-0.037988,-0.148626,-0.012265,0.893636,0.488844,0.643969,-0.051751,1.085235,-1.073922,-1.107364,-2.193124,0.656297,2.122218,2.367430,-0.246354,0.532261,0.338336,0.200023,0.166307,0.659233,-0.343832
45.423063,-0.228547,0.414211,0.283924,0.665550,0.914543,1.028940,-0.348695,-0.086445,-0.198515,-0.088180,0.897967,0.491520,0.646569,-0.052511,1.084742,-1.072845,-1.106697,-2.192720,0.656638,2.123531,2.366746,-0.245891,0.535624,0.335420,0.199496,0.168239,0.660688,-0.341934
45.424105,-0.225824,0.417623,0.278852,0.663606,0.914456,1.027688,-0.348624,-0.086445,-0.198515,-0.088180,0.897967,0.491520,0.646569,-0.052511,1.084742,-1.072845,-1.106697,-2.192720,0.656638,2.123531,2.366746,-0.245891,0.535624,0.335420,0.199496,0.168239,0.660688,-0.341934
45.424959,-0.225628,0.418212,0.276447,0.660422,0.913119,1.026156,-0.349411,-0.115010,-0.227027,-0.125514,0.900580,0.492630,0.648046,-0.052886,1.084494,-1.072312,-1.106360,-2.192521,0.656804,2.124187,2.366402,-0.246867,0.533761,0.336849,0.198918,0.168050,0.662100,-0.342587
45.426042,-0.225337,0.419678,0.272955,0.657781,0.914689,1.024743,-0.350974,-0.142743,-0.254295,-0.160365,0.901779,0.493446,0.649408,-0.053204,1.084251,-1.071787,-1.106022,-2.192323,0.656973,2.124857,2.366062,-0.246129,0.532312,0.336368,0.199187,0.168845,0.662988,-0.341159
45.427019,-0.221851,0.421793,0.268178,0.652787,0.913174,1.022648,-0.350862,-0.167202,-0.277384,-0.191547,0.900034,0.493913,0.650464,-0.053439,1.084007,-1.071253,-1.105678,-2.192126,0.657142,2.125513,2.365728,-0.246010,0.531708,0.337026,0.199434,0.166994,0.664758,-0.338622
45.427915,-0.224931,0.423524,0.265264,0.649905,0.912919,1.023339,-0.349694,-0.186410,-0.294789,-0.218934,0.893647,0.494033,0.650966,-0.053614,1.083756,-1.070724,-1.105341,-2.191918,0.657311,2.126187,2.365382,-0.247158,0.530181,0.338104,0.201568,0.168154,0.666681,-0.339240
45.429043,-0.225904,0.422421,0.264256,0.647656,0.911887,1.025726,-0.350158,-0.199155,-0.305532,-0.242921,0.881416,0.493828,0.650793,-0.053780,1.083513,-1.070203,-1.105005,-2.191715,0.657476,2.126859,2.365035,-0.244870,0.528461,0.338024,0.201495,0.167937,0.665476,-0.341813
45.430018,-0.222724,0.419662,0.264852,0.644883,0.910644,1.020046,-0.349474,-0.217436,-0.315167,-0.281349,0.850844,0.493181,0.649805,-0.054161,1.083024,-1.069145,-1.104332,-2.191315,0.657818,2.128195,2.364350,-0.245306,0.530392,0.336024,0.201449,0.169609,0.669148,-0.343264
45.430968,-0.221013,0.416842,0.257830,0.642824,0.905542,1.017578,-0.348790,-0.217436,-0.315167,-0.281349,0.850844,0.493181,0.649805,-0.054161,1.083024,-1.069145,-1.104332,-2.191315,0.657818,2.128195,2.364350,-0.245306,0.530392,0.336024,0.201449,0.169609,0.669148,-0.343264
45.432009,-0.224291,0.419286,0.262032,0.641900,0.904850,1.013481,-0.347346,-0.225114,-0.318386,-0.294837,0.836227,0.493046,0.649213,-0.054347,1.082775,-1.068612,-1.103988,-2.191117,0.658000,2.128879,2.363998,-0.245504,0.531127,0.338103,0.200803,0.174192,0.671241,-0.344924
45.432985,-0.229077,0.425520,0.268658,0.639965,0.905754,1.010653,-0.347013,-0.232816,-0.322345,-0.304849,0.823713,0.493091,0.648685,-0.054514,1.082536,-1.068081,-1.103663,-2.190919,0.658174,2.129561,2.363646,-0.243526,0.529781,0.334957,0.199210,0.174488,0.675388,-0.348282
45.434003,-0.227252,0.427995,0.264812,0.637295,0.905740,1.003954,-0.346814,-0.242088,-0.325801,-0.307284,0.815533,0.493219,0.648193,-0.054674,1.082297,-1.067563,-1.103341,-2.190721,0.658346,2.130245,2.363291,-0.240658,0.526317,0.330507,0.198507,0.173151,0.677963,-0.349251
45.435051,-0.229499,0.433774,0.270042,0.634326,0.907834,1.003353,-0.346058,-0.251794,-0.325843,-0.298108,0.811283,0.493241,0.647373,-0.054839,1.082058,-1.067040,-1.103009,-2.190520,0.658516,2.130936,2.362944,-0.241241,0.524952,0.331339,0.198554,0.172825,0.684587,-0.350079
45.435999,-0.231105,0.433827,0.269898,0.630364,0.905856,1.005766,-0.345081,-0.259131,-0.320710,-0.277975,0.808192,0.493007,0.645845,-0.055010,1.081823,-1.066527,-1.102693,-2.190323,0.658679,2.131634,2.362587,-0.239851,0.522205,0.327817,0.199043,0.170479,0.685082,-0.352047
45.436935,-0.236025,0.422007,0.266621,0.628716,0.907690,1.007100,-0.343672,-0.263029,-0.310097,-0.248222,0.804609,0.492461,0.643434,-0.055217,1.081584,-1.066003,-1.102366,-2.190120,0.658853,2.132311,2.362224,-0.238513,0.521632,0.326646,0.200177,0.172021,0.682333,-0.354250
45.438073,-0.233190,0.417270,0.268225,0.626417,0.907655,1.008416,-0.343047,-0.268775,-0.299457,-0.214179,0.803134,0.491792,0.640701,-0.055495,1.081357,-1.065464,-1.102040,-2.189923,0.659016,2.132991,2.361866,-0.235608,0.526767,0.327010,0.199098,0.169765,0.680635,-0.357316
45.438968,-0.231910,0.415797,0.260753,0.622734,0.908585,1.010620,-0.342322,-0.283311,-0.297398,-0.183254,0.808046,0.491326,0.638497,-0.055827,1.081116,-1.064933,-1.101720,-2.189723,0.659187,2.133666,2.361500,-0.236985,0.529599,0.325536,0.199079,0.169627,0.679783,-0.359125
45.439968,-0.232567,0.420517,0.260255,0.618068,0.908685,1.015517,-0.343938,-0.305835,-0.305848,-0.158808,0.818664,0.491157,0.637010,-0.056150,1.080884,-1.064400,-1.101388,-2.189524,0.659347,2.134333,2.361135,-0.237018,0.529309,0.327825,0.199902,0.168275,0.677106,-0.360716
45.440985,-0.235346,0.423503,0.258870,0.620437,0.911162,1.015081,-0.343462,-0.330974,-0.320363,-0.141571,0.830342,0.491166,0.636005,-0.056404,1.080648,-1.063874,-1.101064,-2.189319,0.659515,2.135002,2.360778,-0.236309,0.526636,0.326954,0.201835,0.167838,0.672128,-0.357795
45.441935,-0.233766,0.423847,0.252752,0.615281,0.909778,1.016253,-0.342441,-0.356568,-0.336672,-0.129863,0.841837,0.491307,0.635433,-0.056571,1.080416,-1.063357,-1.100737,-2.189130,0.659672,2.135677,2.360411,-0.234628,0.525076,0.326574,0.197051,0.165123,0.672596,-0.359144
45.443045,-0.238495,0.417668,0.254912,0.615049,0.912147,1.019798,-0.343213,-0.383149,-0.353353,-0.122552,0.854553,0.491644,0.635415,-0.056682,1.080185,-1.062832,-1.100410,-2.188929,0.659837,2.136342,2.360049,-0.235003,0.524335,0.328380,0.199499,0.166164,0.671177,-0.361445
45.444011,-0.237670,0.414221,0.253867,0.611134,0.910863,1.024290,-0.343075,-0.411812,-0.371657,-0.120807,0.868846,0.492248,0.636015,-0.056776,1.079957,-1.062302,-1.100087,-2.188736,0.659992,2.137005,2.359686,-0.232606,0.527802,0.326496,0.197453,0.163682,0.668037,-0.360402
45.444931,-0.239567,0.407924,0.251739,0.607423,0.909765,1.023577,-0.343088,-0.444605,-0.394131,-0.124622,0.885899,0.493214,0.637307,-0.056852,1.079723,-1.061766,-1.099761,-2.188537,0.660161,2.137648,2.359329,-0.232608,0.528890,0.325823,0.198706,0.164598,0.663495,-0.360996
45.445975,-0.240313,0.405392,0.251180,0.603754,0.906742,1.027394,-0.343280,-0.519897,-0.451766,-0.145925,0.923946,0.496030,0.641281,-0.056828,1.079266,-1.060698,-1.099111,-2.188135,0.660495,2.138969,2.358599,-0.230621,0.532316,0.324855,0.200672,0.168022,0.660253,-0.361169
45.447026,-0.243433,0.407695,0.251353,0.600092,0.905993,1.030105,-0.344634,-0.519897,-0.451766,-0.145925,0.923946,0.496030,0.641281,-0.056828,1.079266,-1.060698,-1.099111,-2.188135,0.660495,2.138969,2.358599,-0.230621,0.532316,0.324855,0.200672,0.168022,0.660253,-0.361169
45.447991,-0.242815,0.409968,0.257806,0.595538,0.909168,1.029915,-0.343767,-0.558423,-0.483365,-0.161391,0.940493,0.497529,0.643507,-0.056732,1.079041,-1.060165,-1.098787,-2.187933,0.660664,2.139627,2.358245,-0.228929,0.531080,0.323815,0.201734,0.168449,0.657766,-0.358905
45.449050,-0.242098,0.409378,0.251606,0.595298,0.910531,1.028071,-0.343372,-0.592657,-0.510885,-0.174657,0.952049,0.498711,0.645428,-0.056628,1.078811,-1.059644,-1.098478,-2.187725,0.660825,2.140277,2.357881,-0.228879,0.529498,0.319559,0.203403,0.164915,0.657901,-0.360949
45.449960,-0.243780,0.416070,0.250910,0.593706,0.910331,1.026633,-0.343287,-0.619218,-0.530756,-0.181958,0.957244,0.499377,0.646732,-0.056560,1.078579,-1.059110,-1.098152,-2.187531,0.660986,2.140944,2.357522,-0.229055,0.529794,0.321768,0.201222,0.163375,0.659958,-0.362190
45.450936,-0.240546,0.418343,0.242649,0.590228,0.910452,1.029609,-0.342660,-0.638902,-0.543164,-0.184762,0.957709,0.499571,0.647689,-0.056534,1.078356,-1.058587,-1.097837,-2.187332,0.661148,2.141603,2.357156,-0.227756,0.525605,0.320857,0.200010,0.163171,0.661038,-0.362516
45.452100,-0.240354,0.419633,0.243456,0.591044,0.911158,1.026775,-0.343091,-0.652241,-0.547758,-0.185747,0.953972,0.499346,0.648539,-0.056512,1.078123,-1.058069,-1.097506,-2.187130,0.661311,2.142261,2.356790,-0.229004,0.524163,0.323786,0.200770,0.162727,0.657933,-0.364060
45.452943,-0.236356,0.412455,0.238978,0.588519,0.911611,1.024635,-0.342587,-0.658934,-0.545024,-0.186982,0.945832,0.498773,0.649320,-0.056440,1.077895,-1.057546,-1.097185,-2.186941,0.661473,2.142919,2.356432,-0.229214,0.524264,0.322735,0.197885,0.161945,0.661494,-0.363832
45.453904,-0.236415,0.407054,0.242201,0.587476,0.910845,1.023150,-0.343296,-0.660802,-0.538548,-0.189455,0.935466,0.498039,0.650111,-0.056304,1.077661,-1.057018,-1.096861,-2.186743,0.661633,2.143591,2.356059,-0.230491,0.526627,0.323467,0.197510,0.161010,0.662924,-0.364870
45.454914,-0.238593,0.408943,0.232640,0.582578,0.910308,1.021697,-0.343798,-0.660294,-0.532425,-0.192746,0.925384,0.497356,0.650926,-0.056121,1.077428,-1.056484,-1.096543,-2.186549,0.661795,2.144266,2.355695,-0.230004,0.528701,0.320697,0.195951,0.161456,0.664161,-0.363691
45.455992,-0.241520,0.412773,0.231427,0.581739,0.908853,1.018622,-0.344265,-0.659370,-0.529009,-0.197728,0.916071,0.496865,0.651785,-0.055893,1.077205,-1.055957,-1.096216,-2.186349,0.661961,2.144929,2.355337,-0.228719,0.527489,0.324445,0.198250,0.161677,0.665634,-0.363067
45.457011,-0.238050,0.422890,0.233664,0.580271,0.907644,1.014213,-0.343983,-0.659106,-0.528305,-0.206984,0.906278,0.496613,0.652771,-0.055631,1.076980,-1.055442,-1.095893,-2.186153,0.662126,2.145606,2.354973,-0.227204,0.525891,0.324143,0.196689,0.162922,0.668939,-0.362606
45.457930,-0.242975,0.430409,0.234836,0.579113,0.904095,1.009708,-0.343544,-0.656807,-0.526451,-0.217685,0.894487,0.496506,0.653652,-0.055370,1.076750,-1.054930,-1.095572,-2.185962,0.662292,2.146293,2.354604,-0.228715,0.520785,0.322008,0.195757,0.163827,0.673271,-0.363532
45.458913,-0.241144,0.430065,0.234368,0.577861,0.903754,1.005295,-0.342994,-0.647680,-0.517304,-0.222255,0.879443,0.496344,0.653939,-0.055140,1.076530,-1.054419,-1.095257,-2.185770,0.662466,2.146974,2.354240,-0.225819,0.516444,0.320214,0.194285,0.166886,0.677328,-0.364597
45.460041,-0.236631,0.440730,0.227433,0.579253,0.899025,1.003675,-0.343999,-0.631628,-0.499655,-0.217686,0.862052,0.496062,0.653588,-0.054932,1.076301,-1.053910,-1.094938,-2.185579,0.662632,2.147664,2.353870,-0.226446,0.516478,0.319388,0.193074,0.166841,0.681492,-0.365980
45.461016,-0.239202,0.447164,0.224250,0.578380,0.894232,0.999125,-0.345901,-0.609882,-0.475762,-0.206433,0.843836,0.495736,0.652892,-0.054715,1.076072,-1.053406,-1.094608,-2.185397,0.662810,2.148347,2.353510,-0.228739,0.511842,0.322078,0.189743,0.171343,0.683457,-0.364518
45.461901,-0.236877,0.443509,0.224604,0.576305,0.891167,0.998200,-0.346031,-0.582534,-0.446402,-0.192223,0.825294,0.495379,0.652144,-0.054437,1.075849,-1.052908,-1.094288,-2.185210,0.662990,2.149063,2.353155,-0.227131,0.508537,0.322535,0.188227,0.175634,0.687595,-0.361018
45.463131,-0.235475,0.442332,0.228284,0.574213,0.892995,0.991768,-0.346488,-0.551803,-0.413326,-0.176792,0.807586,0.494950,0.651466,-0.054084,1.075618,-1.052395,-1.093966,-2.185023,0.663172,2.149742,2.352801,-0.227723,0.509582,0.320949,0.187750,0.178032,0.687909,-0.360959
45.463993,-0.234630,0.436939,0.222251,0.570544,0.892000,0.989168,-0.346252,-0.519161,-0.379657,-0.159170,0.791339,0.494389,0.650564,-0.053725,1.075390,-1.051877,-1.093651,-2.184835,0.663346,2.150449,2.352438,-0.228715,0.511372,0.318766,0.187979,0.176056,0.695037,-0.360791
45.464892,-0.234525,0.436397,0.212865,0.568517,0.891588,0.990283,-0.345975,-0.485209,-0.348551,-0.139858,0.776087,0.493666,0.649122,-0.053431,1.075162,-1.051366,-1.093325,-2.184642,0.663525,2.151154,2.352073,-0.228513,0.513138,0.320327,0.188892,0.176435,0.696774,-0.361353
45.465922,-0.231414,0.439887,0.215380,0.567453,0.892926,0.993181,-0.345672,-0.452995,-0.323498,-0.124472,0.762193,0.492867,0.647475,-0.053202,1.074936,-1.050853,-1.092993,-2.184456,0.663699,2.151840,2.351715,-0.228057,0.512642,0.323559,0.188379,0.176305,0.695066,-0.362084
45.467029,-0.232112,0.446959,0.210384,0.564257,0.895081,0.992588,-0.345737,-0.396208,-0.288930,-0.112118,0.740353,0.491306,0.644859,-0.052801,1.074475,-1.049846,-1.092349,-2.184081,0.664040,2.153230,2.350979,-0.228992,0.508132,0.323042,0.188258,0.172228,0.692905,-0.363434
45.468068,-0.225981,0.444403,0.211975,0.560547,0.896089,0.994488,-0.346150,-0.396208,-0.288930,-0.112118,0.740353,0.491306,0.644859,-0.052801,1.074475,-1.049846,-1.092349,-2.184081,0.664040,2.153230,2.350979,-0.228992,0.508132,0.323042,0.188258,0.172228,0.692905,-0.363434
45.468893,-0.225562,0.443919,0.211762,0.558827,0.894436,0.998198,-0.344903,-0.365224,-0.271747,-0.109297,0.728563,0.490492,0.643406,-0.052592,1.074238,-1.049332,-1.092033,-2.183888,0.664211,2.153914,2.350620,-0.231798,0.509556,0.321328,0.189565,0.170897,0.690994,-0.363022
45.469954,-0.229352,0.440607,0.209617,0.554751,0.894308,1.000503,-0.345508,-0.329746,-0.252478,-0.105720,0.714167,0.489747,0.641484,-0.052377,1.074006,-1.048827,-1.091717,-2.183703,0.664388,2.154595,2.350247,-0.231218,0.508672,0.319954,0.188607,0.171908,0.686434,-0.365528
45.470966,-0.225893,0.434634,0.209490,0.551062,0.892373,1.001642,-0.344314,-0.293567,-0.233432,-0.101513,0.699658,0.489303,0.639333,-0.052177,1.073778,-1.048312,-1.091398,-2.183510,0.664560,2.155268,2.349885,-0.229178,0.510574,0.320176,0.190366,0.171712,0.684318,-0.364735
45.471991,-0.227884,0.430092,0.213725,0.547623,0.890504,1.005083,-0.343640,-0.261336,-0.218332,-0.099474,0.686756,0.489323,0.637215,-0.052015,1.073545,-1.047790,-1.091086,-2.183318,0.664735,2.155954,2.349509,-0.230630,0.513406,0.319315,0.191636,0.173267,0.683076,-0.367463
45.473001,-0.229513,0.429168,0.219910,0.545669,0.892278,1.007946,-0.342471,-0.233912,-0.208905,-0.099642,0.675333,0.489786,0.634998,-0.051900,1.073315,-1.047274,-1.090773,-2.183123,0.664911,2.156630,2.349138,-0.229369,0.515655,0.316294,0.192585,0.174737,0.679621,-0.369153
45.473914,-0.224570,0.429045,0.219305,0.542750,0.892117,1.007830,-0.342963,-0.211597,-0.204694,-0.098375,0.666406,0.490554,0.632518,-0.051836,1.073093,-1.046756,-1.090472,-2.182931,0.665081,2.157293,2.348764,-0.228377,0.515966,0.312402,0.192112,0.172577,0.676785,-0.371811
45.474901,-0.224518,0.427117,0.216954,0.540957,0.893042,1.009913,-0.343550,-0.192850,-0.203095,-0.092028,0.660028,0.491417,0.629605,-0.051823,1.072857,-1.046244,-1.090163,-2.182738,0.665256,2.157964,2.348396,-0.230293,0.515373,0.311586,0.192359,0.172224,0.676512,-0.370953
45.476023,-0.224336,0.439338,0.218738,0.538178,0.894832,1.016851,-0.343435,-0.174989,-0.201847,-0.081083,0.654524,0.492191,0.626215,-0.051848,1.072632,-1.045728,-1.089853,-2.182548,0.665421,2.158628,2.348025,-0.230018,0.516115,0.311807,0.191706,0.170949,0.674334,-0.370057
45.476986,-0.224240,0.443212,0.217520,0.535388,0.897308,1.017695,-0.343902,-0.156751,-0.199100,-0.067604,0.648518,0.492750,0.622535,-0.051897,1.072401,-1.045223,-1.089546,-2.182354,0.665589,2.159286,2.347653,-0.230105,0.510644,0.310359,0.192281,0.168973,0.667848,-0.370824
45.477911,-0.219971,0.443624,0.213332,0.533871,0.898305,1.019391,-0.343069,-0.135936,-0.190997,-0.051164,0.640030,0.492954,0.618582,-0.051961,1.072170,-1.044722,-1.089233,-2.182159,0.665748,2.159954,2.347284,-0.229744,0.508525,0.309918,0.192448,0.166174,0.666863,-0.370123
45.479074,-0.222011,0.449317,0.215207,0.531481,0.901126,1.020090,-0.343239,-0.111520,-0.176527,-0.032603,0.628077,0.492811,0.614412,-0.052027,1.071939,-1.044213,-1.088920,-2.181972,0.665913,2.160612,2.346914,-0.231401,0.507805,0.310849,0.191463,0.164779,0.664878,-0.371987
45.479965,-0.218138,0.439372,0.211107,0.528449,0.900805,1.022302,-0.344606,-0.084625,-0.157913,-0.014067,0.613482,0.492465,0.610233,-0.052071,1.071709,-1.043715,-1.088615,-2.181776,0.666075,2.161282,2.346543,-0.230442,0.505973,0.309484,0.191660,0.161865,0.664781,-0.372226
45.480902,-0.219655,0.435682,0.209238,0.525326,0.900721,1.021446,-0.346646,-0.057496,-0.138740,0.002517,0.597629,0.492088,0.606231,-0.052061,1.071472,-1.043198,-1.088304,-2.181584,0.666236,2.161948,2.346177,-0.231756,0.510168,0.310322,0.192010,0.161799,0.662076,-0.369594
45.481910,-0.217814,0.433745,0.208812,0.523842,0.900159,1.019541,-0.345601,-0.033795,-0.124641,0.013774,0.582479,0.491887,0.602696,-0.051977,1.071246,-1.042684,-1.087998,-2.181387,0.666400,2.162606,2.345817,-0.230565,0.511466,0.310187,0.192441,0.161486,0.662724,-0.365738
45.483105,-0.217319,0.446016,0.209198,0.520756,0.903103,1.017241,-0.345293,-0.015757,-0.118867,0.018403,0.569605,0.491949,0.599786,-0.051839,1.071011,-1.042172,-1.087689,-2.181195,0.666563,2.163281,2.345443,-0.231158,0.512366,0.309517,0.191462,0.161765,0.664587,-0.368198
45.483970,-0.219742,0.449850,0.216792,0.518532,0.902834,1.014421,-0.344919,-0.000320,-0.118234,0.019646,0.557702,0.492122,0.597176,-0.051716,1.070781,-1.041674,-1.087378,-2.181001,0.666716,2.163948,2.345068,-0.231577,0.507386,0.308932,0.192489,0.158855,0.667627,-0.369438
45.484961,-0.215757,0.454311,0.213914,0.515868,0.906836,1.007879,-0.343616,0.018217,-0.115743,0.024155,0.543912,0.492139,0.594219,-0.051668,1.070554,-1.041179,-1.087085,-2.180806,0.666876,2.164623,2.344702,-0.229748,0.504768,0.303990,0.191881,0.158705,0.669813,-0.370266
45.485958,-0.215448,0.458933,0.211657,0.516213,0.907426,1.007410,-0.341670,0.042902,-0.107095,0.037172,0.527206,0.491861,0.590486,-0.051714,1.070318,-1.040679,-1.086780,-2.180612,0.667020,2.165314,2.344323,-0.231374,0.502512,0.304607,0.192034,0.154545,0.676173,-0.373147
45.486971,-0.217071,0.457538,0.215335,0.510153,0.905914,1.006679,-0.341208,0.073588,-0.092536,0.057284,0.508366,0.491371,0.586156,-0.051845,1.070086,-1.040180,-1.086478,-2.180431,0.667170,2.165987,2.343937,-0.231185,0.500226,0.304899,0.189470,0.153817,0.676497,-0.377293
45.487934,-0.219641,0.448675,0.209340,0.509174,0.907827,1.003848,-0.341110,0.107785,-0.074494,0.080901,0.488894,0.490809,0.581650,-0.052030,1.069857,-1.039681,-1.086180,-2.180230,0.667325,2.166671,2.343556,-0.230099,0.501067,0.302286,0.192956,0.155144,0.677133,-0.378474
45.489020,-0.215899,0.446885,0.210097,0.507154,0.908721,1.000279,-0.340806,0.140007,-0.058549,0.103856,0.471169,0.490314,0.577467,-0.052221,1.069628,-1.039168,-1.085870,-2.180045,0.667472,2.167352,2.343177,-0.228433,0.505177,0.304304,0.191509,0.153010,0.679714,-0.378871
45.490033,-0.215843,0.445925,0.209111,0.504591,0.908880,0.996970,-0.338979,0.164694,-0.051194,0.121059,0.458356,0.490052,0.574218,-0.052383,1.069396,-1.038656,-1.085571,-2.179852,0.667623,2.168052,2.342794,-0.230220,0.506445,0.303346,0.191266,0.152062,0.683394,-0.379895
45.491022,-0.216908,0.447180,0.203219,0.502488,0.912048,0.991445,-0.337377,0.182278,-0.053005,0.132047,0.450717,0.489985,0.571947,-0.052535,1.069164,-1.038150,-1.085271,-2.179660,0.667771,2.168753,2.342398,-0.229939,0.506950,0.303073,0.191407,0.151778,0.686501,-0.383806
45.492058,-0.215013,0.453999,0.202348,0.503292,0.912300,0.988453,-0.335275,0.194826,-0.061478,0.137528,0.446650,0.489955,0.570461,-0.052728,1.068939,-1.037644,-1.084962,-2.179470,0.667914,2.169452,2.342006,-0.229134,0.506203,0.305109,0.191070,0.148477,0.691775,-0.387207
45.493017,-0.215160,0.458835,0.198196,0.498677,0.915656,0.986891,-0.334753,0.203032,-0.074059,0.137355,0.445849,0.489887,0.569750,-0.052973,1.068710,-1.037150,-1.084659,-2.179288,0.668063,2.170155,2.341603,-0.229887,0.503080,0.304782,0.188101,0.148144,0.694622,-0.391660
45.494004,-0.220242,0.454391,0.198520,0.495702,0.919067,0.988314,-0.335268,0.209793,-0.086173,0.133483,0.446930,0.489698,0.569520,-0.053248,1.068478,-1.036653,-1.084350,-2.179096,0.668198,2.170846,2.341211,-0.229379,0.500482,0.305840,0.190226,0.144683,0.695820,-0.392817
45.494968,-0.224299,0.452114,0.203066,0.493432,0.920258,0.990885,-0.335553,0.215604,-0.096191,0.126332,0.448546,0.489397,0.569541,-0.053510,1.068260,-1.036144,-1.084052,-2.178905,0.668336,2.171542,2.340820,-0.226624,0.502591,0.304847,0.190749,0.141200,0.694106,-0.391969
45.495937,-0.221346,0.449178,0.203054,0.490025,0.919700,0.996276,-0.334484,0.215900,-0.107396,0.115770,0.453131,0.489197,0.570005,-0.053721,1.068037,-1.035640,-1.083756,-2.178716,0.668470,2.172232,2.340425,-0.224298,0.503479,0.301699,0.190541,0.139982,0.691193,-0.391547
45.497028,-0.224386,0.445753,0.200456,0.486192,0.917867,0.998891,-0.334552,0.208846,-0.121457,0.103793,0.462660,0.489278,0.571005,-0.053891,1.067812,-1.035135,-1.083456,-2.178525,0.668611,2.172905,2.340030,-0.225485,0.504723,0.300835,0.191454,0.140440,0.685579,-0.393867
45.498001,-0.223741,0.445530,0.202703,0.484968,0.919574,1.002535,-0.334849,0.196283,-0.138150,0.090069,0.475539,0.489703,0.572516,-0.054026,1.067589,-1.034628,-1.083155,-2.178329,0.668757,2.173601,2.339636,-0.223948,0.506943,0.301598,0.192952,0.142277,0.683139,-0.394087
45.498946,-0.222684,0.447754,0.196473,0.484046,0.919385,0.999751,-0.335455,0.178820,-0.157732,0.073031,0.490637,0.490478,0.574667,-0.054105,1.067364,-1.034119,-1.082858,-2.178141,0.668890,2.174272,2.339242,-0.223972,0.506777,0.299598,0.191744,0.140497,0.679311,-0.393649
45.500114,-0.221586,0.451734,0.196051,0.482457,0.919575,1.003331,-0.334592,0.157679,-0.178668,0.053378,0.507735,0.491522,0.577496,-0.054133,1.067142,-1.033611,-1.082556,-2.177955,0.669030,2.174948,2.338852,-0.224162,0.505257,0.301769,0.190215,0.140563,0.681837,-0.392560
45.500988,-0.219923,0.450867,0.192318,0.481038,0.921940,1.004741,-0.334881,0.135569,-0.198258,0.031634,0.525522,0.492682,0.580843,-0.054158,1.066915,-1.033112,-1.082251,-2.177765,0.669170,2.175618,2.338452,-0.224872,0.504322,0.301566,0.189779,0.140527,0.678809,-0.394807
45.501950,-0.216123,0.455791,0.185870,0.477588,0.925467,1.006734,-0.335274,0.114616,-0.214841,0.008091,0.542631,0.493807,0.584492,-0.054211,1.066694,-1.032608,-1.081945,-2.177582,0.669304,2.176284,2.338063,-0.225197,0.503977,0.302221,0.188677,0.137964,0.676875,-0.394207
45.503044,-0.214112,0.457840,0.182376,0.475168,0.927660,1.011728,-0.335776,0.096856,-0.227122,-0.017315,0.557353,0.494780,0.588210,-0.054272,1.066466,-1.032116,-1.081641,-2.177391,0.669435,2.176952,2.337671,-0.226732,0.501389,0.304497,0.189643,0.134402,0.674684,-0.393574
45.504004,-0.213029,0.458911,0.177492,0.470319,0.928256,1.014838,-0.334827,0.084840,-0.233596,-0.045396,0.567037,0.495522,0.591746,-0.054297,1.066237,-1.031613,-1.081330,-2.177200,0.669562,2.177613,2.337277,-0.227667,0.500934,0.305560,0.189823,0.132404,0.670027,-0.392951
45.505063,-0.218347,0.456886,0.176667,0.467322,0.926721,1.020731,-0.334874,0.079433,-0.234303,-0.076575,0.570165,0.496009,0.594958,-0.054272,1.066009,-1.031112,-1.081021,-2.177001,0.669693,2.178264,2.336880,-0.227830,0.500178,0.306993,0.192010,0.131796,0.666831,-0.395005
45.506040,-0.215855,0.452904,0.172677,0.466809,0.928476,1.020204,-0.335374,0.077613,-0.232075,-0.111169,0.567886,0.496306,0.598024,-0.054226,1.065790,-1.030614,-1.080712,-2.176809,0.669827,2.178918,2.336483,-0.225116,0.501608,0.306638,0.192652,0.133420,0.661182,-0.395199
45.506973,-0.210576,0.462363,0.166276,0.465271,0.929710,1.019086,-0.335731,0.073890,-0.231891,-0.149273,0.564352,0.496580,0.601448,-0.054187,1.065564,-1.030108,-1.080402,-2.176622,0.669954,2.179574,2.336095,-0.226087,0.503418,0.307661,0.190764,0.131666,0.661700,-0.394381
45.507926,-0.211063,0.465702,0.171541,0.465398,0.930286,1.018084,-0.337695,0.068233,-0.234579,-0.189389,0.561472,0.496902,0.605410,-0.054153,1.065331,-1.029619,-1.080092,-2.176435,0.670081,2.180243,2.335703,-0.228239,0.498373,0.309761,0.189821,0.130416,0.662502,-0.393771
45.508959,-0.212844,0.476781,0.169162,0.465164,0.930137,1.019021,-0.338730,0.065879,-0.235201,-0.226170,0.557998,0.497147,0.609483,-0.054109,1.065102,-1.029129,-1.079790,-2.176249,0.670208,2.180912,2.335317,-0.227562,0.496605,0.306109,0.187285,0.129839,0.663267,-0.389974
45.509971,-0.208791,0.480142,0.170987,0.463045,0.930499,1.016353,-0.338277,0.068615,-0.230222,-0.253400,0.554867,0.497228,0.613318,-0.054047,1.064880,-1.028646,-1.079479,-2.176068,0.670338,2.181582,2.334937,-0.226540,0.491459,0.306501,0.185400,0.130070,0.662382,-0.388251
45.511067,-0.208822,0.485160,0.178650,0.460892,0.934028,1.017011,-0.339220,0.077011,-0.218259,-0.268526,0.552369,0.497123,0.616637,-0.054006,1.064648,-1.028163,-1.079182,-2.175882,0.670467,2.182246,2.334544,-0.228304,0.490114,0.304831,0.185249,0.129763,0.665109,-0.389424
45.511947,-0.214529,0.479795,0.180140,0.461107,0.934632,1.014382,-0.341386,0.093793,-0.198197,-0.269355,0.548467,0.496784,0.618846,-0.054026,1.064418,-1.027677,-1.078887,-2.175697,0.670585,2.182915,2.334163,-0.228204,0.488377,0.300508,0.185327,0.126484,0.664748,-0.387948
45.512926,-0.217541,0.484171,0.177900,0.457858,0.935255,1.014589,-0.342657,0.116096,-0.173325,-0.255223,0.545094,0.496334,0.619870,-0.054101,1.064202,-1.027180,-1.078597,-2.175520,0.670708,2.183581,2.333785,-0.224888,0.490436,0.298763,0.182750,0.125849,0.666889,-0.383649
45.514030,-0.220942,0.488681,0.180469,0.454333,0.935028,1.012100,-0.343043,0.135605,-0.150409,-0.231398,0.546797,0.496045,0.620437,-0.054222,1.063983,-1.026698,-1.078298,-2.175332,0.670831,2.184248,2.333404,-0.223175,0.488316,0.299051,0.183617,0.125301,0.666530,-0.381351
45.515037,-0.226918,0.487084,0.184349,0.451481,0.936271,1.008502,-0.345116,0.149781,-0.131256,-0.203176,0.552777,0.495931,0.620872,-0.054406,1.063768,-1.026215,-1.078003,-2.175148,0.670960,2.184918,2.333026,-0.221606,0.486921,0.297305,0.185126,0.125720,0.669404,-0.381060
45.515925,-0.229811,0.485267,0.183620,0.448198,0.938476,1.004610,-0.345358,0.159775,-0.114811,-0.171865,0.560171,0.495808,0.621064,-0.054646,1.063553,-1.025729,-1.077717,-2.174963,0.671080,2.185598,2.332653,-0.218505,0.487996,0.294745,0.185698,0.124606,0.672918,-0.377192
45.517003,-0.230266,0.485558,0.183931,0.449889,0.939527,1.000205,-0.345418,0.164045,-0.102612,-0.138762,0.569009,0.495598,0.621207,-0.054913,1.063339,-1.025238,-1.077425,-2.174776,0.671197,2.186291,2.332273,-0.216683,0.488357,0.294098,0.186403,0.122405,0.676168,-0.376809
45.517964,-0.233671,0.490773,0.181796,0.447356,0.943036,0.997060,-0.346447,0.161089,-0.096477,-0.106339,0.580621,0.495326,0.621706,-0.055200,1.063124,-1.024747,-1.077138,-2.174603,0.671317,2.186976,2.331901,-0.216546,0.488807,0.293515,0.182840,0.121596,0.680745,-0.377138
45.518943,-0.238990,0.492838,0.180095,0.447490,0.944041,0.989004,-0.346147,0.151271,-0.096064,-0.076483,0.595819,0.495005,0.622839,-0.055536,1.062914,-1.024268,-1.076845,-2.174418,0.671429,2.187675,2.331525,-0.214660,0.486212,0.293768,0.183051,0.118231,0.683484,-0.375274
45.520062,-0.237657,0.491270,0.177741,0.447408,0.948517,0.986489,-0.346921,0.135026,-0.099750,-0.050744,0.614132,0.494582,0.624663,-0.055956,1.062707,-1.023782,-1.076552,-2.174246,0.671544,2.188389,2.331155,-0.211915,0.485262,0.293838,0.180861,0.117405,0.691177,-0.376168
45.520932,-0.238729,0.485682,0.179331,0.446974,0.948726,0.981481,-0.347061,0.111871,-0.107657,-0.031054,0.635520,0.494084,0.627184,-0.056489,1.062492,-1.023287,-1.076258,-2.174072,0.671651,2.189083,2.330781,-0.212786,0.486881,0.294625,0.179193,0.113315,0.693913,-0.375108
45.521945,-0.237955,0.486049,0.180503,0.445783,0.952095,0.980995,-0.348184,0.082021,-0.121261,-0.018240,0.660480,0.493649,0.630301,-0.057133,1.062282,-1.022799,-1.075968,-2.173899,0.671761,2.189790,2.330405,-0.211855,0.489060,0.292764,0.177343,0.113199,0.698138,-0.374888
45.523132,-0.241866,0.487894,0.180937,0.444440,0.952643,0.986006,-0.349449,0.047352,-0.140181,-0.010484,0.688468,0.493383,0.633655,-0.057832,1.062071,-1.022310,-1.075678,-2.173727,0.671865,2.190481,2.330041,-0.212219,0.489092,0.291535,0.176604,0.110110,0.698450,-0.372980
45.524001,-0.240284,0.487323,0.176295,0.441472,0.953034,0.986543,-0.348877,0.010028,-0.162355,-0.006261,0.717942,0.493350,0.636974,-0.058516,1.061863,-1.021823,-1.075392,-2.173549,0.671972,2.191168,2.329671,-0.210659,0.489488,0.291211,0.176253,0.110111,0.693969,-0.371094
45.524916,-0.240699,0.487428,0.178025,0.442089,0.952849,0.987867,-0.349714,-0.028564,-0.186093,-0.006904,0.746721,0.493615,0.640255,-0.059153,1.061649,-1.021334,-1.075097,-2.173375,0.672082,2.191853,2.329302,-0.211037,0.489125,0.292443,0.176922,0.109769,0.692797,-0.372350
45.525951,-0.237111,0.484765,0.171938,0.439097,0.952520,0.988962,-0.351330,-0.066892,-0.209786,-0.012864,0.773157,0.494175,0.643502,-0.059741,1.061442,-1.020842,-1.074811,-2.173205,0.672193,2.192547,2.328934,-0.210586,0.488693,0.290672,0.174164,0.110068,0.690924,-0.370812
45.527015,-0.236818,0.484560,0.171140,0.440881,0.952953,0.994576,-0.351786,-0.138085,-0.255510,-0.039813,0.817024,0.496023,0.649786,-0.060778,1.061011,-1.019863,-1.074215,-2.172863,0.672409,2.193915,2.328205,-0.212527,0.491028,0.292856,0.171668,0.110602,0.684282,-0.367513
45.528050,-0.234647,0.489309,0.169497,0.439428,0.956511,0.993617,-0.351987,-0.138085,-0.255510,-0.039813,0.817024,0.496023,0.649786,-0.060778,1.061011,-1.019863,-1.074215,-2.172863,0.672409,2.193915,2.328205,-0.212527,0.491028,0.292856,0.171668,0.110602,0.684282,-0.367513
45.528926,-0.230440,0.492956,0.166523,0.438657,0.956422,0.998180,-0.352076,-0.170531,-0.278427,-0.061335,0.835199,0.497231,0.652896,-0.061259,1.060795,-1.019381,-1.073921,-2.172694,0.672509,2.194602,2.327838,-0.213570,0.489081,0.293048,0.171328,0.107385,0.685283,-0.367500
45.529949,-0.229066,0.500474,0.159903,0.437220,0.958942,1.000312,-0.351420,-0.197434,-0.297632,-0.084682,0.849550,0.498431,0.655561,-0.061724,1.060576,-1.018897,-1.073626,-2.172529,0.672616,2.195277,2.327476,-0.215200,0.486730,0.293449,0.170020,0.107615,0.680081,-0.367442
45.531035,-0.229711,0.501963,0.159723,0.435658,0.958794,1.004004,-0.352807,-0.215292,-0.309406,-0.108455,0.857551,0.499490,0.657438,-0.062150,1.060360,-1.018414,-1.073328,-2.172359,0.672717,2.195946,2.327100,-0.215807,0.483321,0.296059,0.169585,0.105416,0.678013,-0.369097
45.532060,-0.226313,0.507364,0.160503,0.434420,0.957218,1.007126,-0.353398,-0.224368,-0.313482,-0.133329,0.858842,0.500418,0.658557,-0.062511,1.060144,-1.017936,-1.073030,-2.172188,0.672824,2.196613,2.326735,-0.215548,0.483416,0.295588,0.169397,0.105965,0.674604,-0.366765
45.532929,-0.228004,0.502092,0.159775,0.432358,0.957552,1.008827,-0.354473,-0.225608,-0.310831,-0.157632,0.854200,0.501242,0.658877,-0.062798,1.059925,-1.017457,-1.072734,-2.172018,0.672935,2.197269,2.326373,-0.217162,0.481125,0.294498,0.168767,0.107814,0.671608,-0.365982
45.534031,-0.224501,0.498221,0.155707,0.430994,0.957572,1.012495,-0.354233,-0.220145,-0.303041,-0.178629,0.845142,0.501983,0.658393,-0.063036,1.059711,-1.016973,-1.072440,-2.171850,0.673041,2.197934,2.326013,-0.215853,0.483235,0.293776,0.168662,0.107560,0.669368,-0.363936
45.535036,-0.222642,0.501591,0.150750,0.429275,0.959910,1.011960,-0.354234,-0.212054,-0.295227,-0.197849,0.834442,0.502769,0.657549,-0.063264,1.059487,-1.016482,-1.072139,-2.171681,0.673149,2.198602,2.325643,-0.217658,0.485930,0.295299,0.168351,0.107938,0.666046,-0.364937
45.535963,-0.223193,0.500142,0.151856,0.431123,0.959743,1.011838,-0.353562,-0.203730,-0.291330,-0.218778,0.823242,0.503682,0.656770,-0.063499,1.059269,-1.015996,-1.071842,-2.171515,0.673248,2.199263,2.325278,-0.218433,0.484420,0.297028,0.168263,0.105920,0.666633,-0.365264
45.536944,-0.224281,0.507182,0.149550,0.432257,0.961344,1.011890,-0.353391,-0.195550,-0.291586,-0.241430,0.812463,0.504670,0.656194,-0.063736,1.059052,-1.015515,-1.071546,-2.171357,0.673357,2.199934,2.324910,-0.217818,0.484976,0.295483,0.164576,0.106256,0.666393,-0.366805
45.538009,-0.226571,0.512780,0.150678,0.431152,0.962388,1.015661,-0.353097,-0.189533,-0.295793,-0.262941,0.805619,0.505710,0.655976,-0.063961,1.058840,-1.015037,-1.071246,-2.171199,0.673458,2.200594,2.324545,-0.217131,0.481595,0.295796,0.161770,0.104936,0.666262,-0.367434
45.539039,-0.226502,0.524737,0.153693,0.427186,0.965278,1.013926,-0.353139,-0.186259,-0.302132,-0.280814,0.804196,0.506767,0.656098,-0.064180,1.058622,-1.014559,-1.070957,-2.171038,0.673562,2.201257,2.324170,-0.215994,0.479492,0.294731,0.161341,0.104276,0.662697,-0.368429
45.540015,-0.227035,0.523706,0.156927,0.425387,0.966672,1.015839,-0.353138,-0.181627,-0.305360,-0.291793,0.804293,0.507662,0.655931,-0.064418,1.058404,-1.014099,-1.070669,-2.170868,0.673658,2.201928,2.323798,-0.215947,0.474168,0.292640,0.163468,0.101783,0.664541,-0.368694
45.540936,-0.227175,0.517407,0.153022,0.422947,0.964354,1.013611,-0.351867,-0.170588,-0.300689,-0.292177,0.800976,0.508210,0.654664,-0.064693,1.058188,-1.013620,-1.070383,-2.170706,0.673756,2.202586,2.323429,-0.215491,0.474874,0.290317,0.163469,0.100717,0.662509,-0.368965
45.541940,-0.230147,0.514193,0.151368,0.423994,0.963290,1.013452,-0.350805,-0.154938,-0.291149,-0.283914,0.794410,0.508528,0.652369,-0.065009,1.057974,-1.013139,-1.070092,-2.170541,0.673864,2.203258,2.323050,-0.215110,0.477827,0.291398,0.163933,0.103216,0.664387,-0.371661
45.542998,-0.230719,0.507688,0.150840,0.420505,0.961320,1.009946,-0.351293,-0.142343,-0.285169,-0.274049,0.789112,0.508924,0.649954,-0.065346,1.057761,-1.012653,-1.069801,-2.170382,0.673973,2.203928,2.322674,-0.213527,0.479635,0.291524,0.161207,0.104523,0.664488,-0.374077
45.543931,-0.232918,0.501993,0.154335,0.418767,0.963014,1.006766,-0.351490,-0.138602,-0.288672,-0.267644,0.788592,0.509541,0.648143,-0.065655,1.057550,-1.012160,-1.069511,-2.170217,0.674084,2.204596,2.322299,-0.213324,0.483371,0.291276,0.163052,0.106802,0.668215,-0.373463
45.544934,-0.232249,0.505610,0.152376,0.419285,0.964262,1.005381,-0.352068,-0.144458,-0.303104,-0.265015,0.792737,0.510275,0.646948,-0.065897,1.057341,-1.011673,-1.069225,-2.170053,0.674185,2.205274,2.321924,-0.211999,0.485989,0.288680,0.162864,0.105300,0.671007,-0.373238
45.546064,-0.232509,0.513383,0.151844,0.419556,0.966264,1.002678,-0.352229,-0.157984,-0.326208,-0.263859,0.800649,0.510953,0.646202,-0.066081,1.057132,-1.011191,-1.068934,-2.169898,0.674288,2.205958,2.321552,-0.212309,0.484397,0.289002,0.160753,0.104365,0.672247,-0.372384
45.546946,-0.236451,0.515069,0.150362,0.420494,0.967322,0.999432,-0.352447,-0.175741,-0.352686,-0.262197,0.811287,0.511447,0.645834,-0.066239,1.056919,-1.010719,-1.068649,-2.169741,0.674388,2.206633,2.321175,-0.212396,0.481644,0.289005,0.159157,0.102858,0.675393,-0.372583
45.547939,-0.232318,0.517167,0.149649,0.417988,0.966173,0.995980,-0.352179,-0.195724,-0.378131,-0.259300,0.824017,0.511723,0.645822,-0.066384,1.056713,-1.010236,-1.068360,-2.169588,0.674487,2.207322,2.320802,-0.210103,0.480333,0.288743,0.156444,0.101998,0.677989,-0.372227
45.548924,-0.231143,0.514298,0.151520,0.416271,0.964280,0.996817,-0.352115,-0.216971,-0.400372,-0.254841,0.838019,0.511812,0.646028,-0.066530,1.056501,-1.009752,-1.068076,-2.169431,0.674592,2.208003,2.320430,-0.212104,0.479460,0.288470,0.157352,0.103440,0.681295,-0.373064
45.549988,-0.237853,0.507015,0.157352,0.416592,0.965018,0.992925,-0.353390,-0.235892,-0.417316,-0.247813,0.850011,0.511705,0.645963,-0.066673,1.056287,-1.009271,-1.067791,-2.169275,0.674700,2.208687,2.320057,-0.212529,0.481080,0.286859,0.157434,0.105569,0.680210,-0.373460
45.551055,-0.239290,0.503444,0.158410,0.415545,0.962273,0.989586,-0.353395,-0.253728,-0.431185,-0.237553,0.860617,0.511515,0.645547,-0.066781,1.056085,-1.008776,-1.067510,-2.169124,0.674805,2.209373,2.319693,-0.209328,0.485217,0.283519,0.155762,0.105173,0.684249,-0.371328
45.551987,-0.239804,0.497755,0.154101,0.413788,0.960570,0.990907,-0.353348,-0.276707,-0.447604,-0.224845,0.874285,0.511451,0.645176,-0.066837,1.055877,-1.008279,-1.067232,-2.168970,0.674923,2.210079,2.319316,-0.208768,0.487456,0.282671,0.155436,0.108202,0.687576,-0.371745
45.552935,-0.239743,0.495916,0.156757,0.414445,0.960853,0.990493,-0.353759,-0.307245,-0.469319,-0.212771,0.891924,0.511594,0.645108,-0.066859,1.055671,-1.007786,-1.066945,-2.168813,0.675037,2.210761,2.318941,-0.208321,0.489995,0.284006,0.155445,0.109991,0.685797,-0.372003
45.554000,-0.242558,0.502411,0.159121,0.413818,0.959555,0.992139,-0.354426,-0.344355,-0.496127,-0.203965,0.912565,0.511899,0.645484,-0.066858,1.055464,-1.007292,-1.066664,-2.168666,0.675149,2.211440,2.318574,-0.208206,0.490690,0.281928,0.153284,0.109835,0.685915,-0.371402
45.555018,-0.242076,0.504042,0.163799,0.411816,0.960564,0.993319,-0.353920,-0.385040,-0.524601,-0.196142,0.935344,0.512198,0.646169,-0.066839,1.055258,-1.006814,-1.066389,-2.168515,0.675262,2.212124,2.318204,-0.206936,0.488089,0.280426,0.152593,0.111430,0.684360,-0.370487
45.556012,-0.243987,0.512928,0.169724,0.412244,0.959604,0.998525,-0.352784,-0.424110,-0.548948,-0.184713,0.957531,0.512268,0.646658,-0.066816,1.055053,-1.006327,-1.066115,-2.168362,0.675372,2.212812,2.317827,-0.207230,0.487582,0.277644,0.153123,0.110662,0.683090,-0.371838
45.556923,-0.243382,0.514904,0.171138,0.409281,0.958433,0.997326,-0.351944,-0.456510,-0.563977,-0.165371,0.976367,0.511993,0.646443,-0.066798,1.054851,-1.005849,-1.065848,-2.168215,0.675489,2.213479,2.317454,-0.206284,0.483354,0.274244,0.151291,0.111792,0.677778,-0.374407
45.557915,-0.251083,0.515079,0.168944,0.408691,0.956032,1.001448,-0.352607,-0.479037,-0.566370,-0.135609,0.990279,0.511399,0.645241,-0.066758,1.054646,-1.005371,-1.065579,-2.168059,0.675605,2.214157,2.317071,-0.206372,0.482155,0.272879,0.152497,0.113021,0.678574,-0.376177
45.559017,-0.252831,0.510739,0.175626,0.406849,0.953444,1.001739,-0.353475,-0.493855,-0.558406,-0.099224,0.999574,0.510682,0.643302,-0.066650,1.054451,-1.004889,-1.065305,-2.167908,0.675727,2.214818,2.316701,-0.202590,0.482268,0.273488,0.151592,0.115537,0.674370,-0.375117
45.560105,-0.253712,0.508540,0.178519,0.408354,0.951101,1.005193,-0.354251,-0.507536,-0.547259,-0.062498,1.007339,0.510115,0.641273,-0.066451,1.054252,-1.004401,-1.065044,-2.167756,0.675852,2.215492,2.316329,-0.202066,0.485252,0.270054,0.152162,0.118339,0.674436,-0.373859
45.560959,-0.250638,0.510153,0.180992,0.405248,0.946972,1.006875,-0.353214,-0.523604,-0.538496,-0.027193,1.016501,0.509831,0.639483,-0.066177,1.054051,-1.003913,-1.064779,-2.167613,0.675978,2.216160,2.315961,-0.201889,0.487042,0.268487,0.149561,0.120874,0.671250,-0.372786
45.561979,-0.256326,0.516806,0.184424,0.406369,0.947858,1.007625,-0.353112,-0.539990,-0.532519,0.007787,1.026761,0.509756,0.637810,-0.065881,1.053847,-1.003430,-1.064519,-2.167458,0.676109,2.216818,2.315572,-0.203097,0.485551,0.266515,0.150819,0.124842,0.669015,-0.374861
45.562986,-0.252404,0.524786,0.188360,0.405809,0.948464,1.010085,-0.353164,-0.552982,-0.525962,0.044082,1.035870,0.509688,0.635992,-0.065603,1.053651,-1.002956,-1.064256,-2.167313,0.676232,2.217482,2.315200,-0.200364,0.482675,0.264503,0.148382,0.124037,0.668335,-0.375385
45.563910,-0.250409,0.527608,0.184934,0.405266,0.946428,1.011575,-0.353242,-0.559914,-0.515020,0.083780,1.042580,0.509440,0.633904,-0.065329,1.053448,-1.002482,-1.063999,-2.167168,0.676354,2.218138,2.314829,-0.202409,0.479053,0.262258,0.147634,0.123558,0.665907,-0.375595
45.564980,-0.253008,0.530334,0.187091,0.404596,0.945360,1.014096,-0.354384,-0.557801,-0.497091,0.126930,1.045284,0.508932,0.631513,-0.065035,1.053242,-1.002011,-1.063736,-2.167022,0.676483,2.218794,2.314451,-0.203201,0.477579,0.263442,0.146676,0.125554,0.664145,-0.375577
45.565973,-0.259683,0.536974,0.186741,0.401240,0.943075,1.010952,-0.355982,-0.547109,-0.473600,0.169885,1.043561,0.508253,0.629090,-0.064707,1.053040,-1.001533,-1.063475,-2.166874,0.676613,2.219461,2.314082,-0.202091,0.476935,0.262200,0.146109,0.126739,0.661857,-0.373713
45.567068,-0.256765,0.540337,0.182288,0.402961,0.941827,1.014777,-0.357015,-0.531994,-0.447779,0.209119,1.038457,0.507507,0.626963,-0.064342,1.052849,-1.001061,-1.063214,-2.166723,0.676749,2.220129,2.313720,-0.198876,0.473919,0.262032,0.148000,0.129002,0.664983,-0.370838
45.568008,-0.261578,0.540073,0.185460,0.401040,0.939969,1.010030,-0.357776,-0.515358,-0.421436,0.241941,1.030432,0.506732,0.625320,-0.063957,1.052645,-1.000597,-1.062945,-2.166583,0.676883,2.220790,2.313354,-0.200625,0.473281,0.264117,0.145224,0.130357,0.661458,-0.369276
45.568891,-0.254540,0.533695,0.185446,0.401149,0.938123,1.008764,-0.356408,-0.499325,-0.396795,0.266446,1.021169,0.505989,0.624368,-0.063599,1.052454,-1.000120,-1.062687,-2.166434,0.677020,2.221457,2.312992,-0.198193,0.473365,0.262016,0.145638,0.132108,0.666006,-0.367993
45.570028,-0.258545,0.531688,0.182577,0.402303,0.936554,1.007266,-0.356521,-0.484667,-0.375878,0.284028,1.012233,0.505270,0.623940,-0.063326,1.052244,-0.999630,-1.062429,-2.166294,0.677157,2.222129,2.312615,-0.201429,0.476021,0.261412,0.144058,0.133757,0.666699,-0.370837
45.571089,-0.258342,0.526240,0.179510,0.400370,0.936469,1.008478,-0.358069,-0.472686,-0.361565,0.294757,1.005456,0.504632,0.623993,-0.063145,1.052043,-0.999150,-1.062162,-2.166156,0.677294,2.222808,2.312244,-0.199761,0.478112,0.262850,0.142033,0.135471,0.668636,-0.371138
45.571911,-0.257865,0.524405,0.179120,0.400401,0.934158,1.005777,-0.359236,-0.467410,-0.358199,0.294724,1.003287,0.504249,0.624971,-0.063001,1.051846,-0.998660,-1.061894,-2.166013,0.677432,2.223469,2.311881,-0.200119,0.481364,0.264134,0.142849,0.135574,0.667632,-0.368459
45.573007,-0.257633,0.528871,0.175240,0.398321,0.933037,1.000863,-0.359891,-0.470115,-0.366748,0.282556,1.005851,0.504167,0.627025,-0.062847,1.051645,-0.998184,-1.061632,-2.165874,0.677572,2.224143,2.311519,-0.199966,0.481482,0.263464,0.141229,0.137594,0.669569,-0.366147
45.574012,-0.263936,0.531898,0.176077,0.397637,0.931771,0.997493,-0.359300,-0.477109,-0.382886,0.261348,1.010504,0.504248,0.629798,-0.062680,1.051441,-0.997706,-1.061361,-2.165732,0.677712,2.224830,2.311151,-0.200336,0.480103,0.265244,0.142290,0.138774,0.674739,-0.365342
45.574938,-0.265191,0.535778,0.177771,0.396423,0.931625,0.992759,-0.359919,-0.485132,-0.401486,0.234267,1.014393,0.504338,0.632956,-0.062535,1.051250,-0.997225,-1.061099,-2.165591,0.677856,2.225510,2.310782,-0.197323,0.478878,0.264469,0.141738,0.139936,0.677989,-0.366870
45.576035,-0.270290,0.542647,0.168513,0.395069,0.927267,0.991886,-0.359078,-0.493316,-0.419083,0.204993,1.016867,0.504357,0.636316,-0.062442,1.051053,-0.996757,-1.060835,-2.165449,0.677995,2.226204,2.310418,-0.196637,0.476890,0.263041,0.141540,0.139908,0.682234,-0.365806
45.576922,-0.266487,0.535489,0.167029,0.394103,0.926259,0.985891,-0.358283,-0.501319,-0.433319,0.174904,1.017572,0.504284,0.639799,-0.062402,1.050865,-0.996282,-1.060558,-2.165309,0.678149,2.226885,2.310050,-0.194506,0.474365,0.267464,0.141914,0.144236,0.683333,-0.368007
45.577925,-0.268002,0.530338,0.165739,0.394899,0.926050,0.988515,-0.358678,-0.509558,-0.444747,0.140951,1.015980,0.504161,0.643485,-0.062411,1.050665,-0.995804,-1.060293,-2.165168,0.678295,2.227587,2.309679,-0.196230,0.477604,0.267470,0.141406,0.144931,0.688673,-0.369697
45.579079,-0.271048,0.527246,0.162715,0.395589,0.926486,0.984565,-0.359458,-0.519711,-0.457047,0.101838,1.014205,0.504071,0.647511,-0.062459,1.050468,-0.995318,-1.060020,-2.165033,0.678437,2.228278,2.309308,-0.195552,0.480388,0.267650,0.139498,0.145046,0.685793,-0.369194
45.579903,-0.265942,0.523667,0.159710,0.395225,0.925578,0.983581,-0.359689,-0.535386,-0.474732,0.057408,1.016401,0.504145,0.652198,-0.062532,1.050277,-0.994827,-1.059751,-2.164900,0.678584,2.228979,2.308946,-0.194565,0.482993,0.269164,0.138121,0.144672,0.690177,-0.368244
45.580973,-0.264582,0.525532,0.163425,0.395674,0.925654,0.986711,-0.360848,-0.557511,-0.499068,0.007749,1.023936,0.504435,0.657607,-0.062614,1.050077,-0.994347,-1.059476,-2.164764,0.678730,2.229664,2.308579,-0.196775,0.483970,0.269667,0.137001,0.145230,0.690270,-0.367792
45.581964,-0.265270,0.527716,0.156990,0.393919,0.927041,0.987268,-0.360903,-0.580930,-0.525928,-0.042750,1.034451,0.504811,0.663179,-0.062698,1.049880,-0.993860,-1.059209,-2.164633,0.678874,2.230349,2.308221,-0.197711,0.483629,0.267568,0.135710,0.145134,0.687232,-0.365941
45.582978,-0.269650,0.531698,0.156054,0.392811,0.926177,0.985300,-0.360493,-0.600890,-0.550559,-0.090120,1.045124,0.505152,0.668452,-0.062785,1.049682,-0.993375,-1.058936,-2.164495,0.679018,2.231029,2.307852,-0.197421,0.482681,0.270332,0.136311,0.143616,0.686545,-0.366154
45.584067,-0.268369,0.540575,0.157772,0.391346,0.928128,0.986623,-0.359528,-0.616826,-0.571122,-0.135136,1.053810,0.505475,0.673342,-0.062875,1.049490,-0.992902,-1.058664,-2.164361,0.679163,2.231724,2.307482,-0.195396,0.481117,0.270346,0.136378,0.144398,0.688386,-0.367313
45.584961,-0.268791,0.542044,0.157129,0.388102,0.925138,0.991856,-0.361620,-0.627384,-0.585041,-0.176683,1.058276,0.505781,0.677527,-0.062970,1.049293,-0.992430,-1.058399,-2.164224,0.679304,2.232402,2.307110,-0.196379,0.477562,0.269346,0.136905,0.142462,0.687279,-0.369717
45.586017,-0.267899,0.548619,0.159493,0.386678,0.923159,0.994046,-0.361936,-0.628773,-0.588555,-0.211093,1.055795,0.506000,0.680422,-0.063049,1.049098,-0.991962,-1.058129,-2.164081,0.679455,2.233079,2.306751,-0.196015,0.476620,0.268935,0.138662,0.145178,0.681476,-0.365630
45.587032,-0.266759,0.550149,0.162582,0.385778,0.918413,0.999176,-0.361824,-0.618923,-0.580301,-0.236572,1.044843,0.506092,0.681683,-0.063080,1.048899,-0.991492,-1.057862,-2.163940,0.679609,2.233748,2.306390,-0.196671,0.474036,0.267494,0.138971,0.147019,0.679491,-0.365480
45.588026,-0.268688,0.547446,0.163898,0.385496,0.917813,0.998121,-0.360823,-0.597748,-0.560951,-0.251773,1.026078,0.506018,0.681185,-0.063085,1.048699,-0.991019,-1.057602,-2.163802,0.679776,2.234415,2.306014,-0.197345,0.473736,0.265665,0.138746,0.151475,0.674346,-0.366025
45.589008,-0.266124,0.543564,0.163878,0.383590,0.915360,1.004731,-0.359009,-0.568388,-0.534518,-0.257113,1.002747,0.505805,0.679171,-0.063135,1.048504,-0.990543,-1.057341,-2.163665,0.679924,2.235095,2.305641,-0.196468,0.475393,0.264668,0.137871,0.151870,0.675318,-0.368331
45.590043,-0.259587,0.544258,0.165016,0.383958,0.915535,1.004756,-0.356852,-0.536244,-0.507678,-0.256190,0.978787,0.505559,0.676210,-0.063281,1.048306,-0.990061,-1.057077,-2.163524,0.680083,2.235746,2.305267,-0.197806,0.477476,0.264254,0.138519,0.154059,0.668615,-0.372234
45.591040,-0.264138,0.548931,0.162994,0.383014,0.913489,1.005576,-0.357522,-0.502427,-0.483746,-0.251577,0.955204,0.505313,0.672586,-0.063507,1.048098,-0.989588,-1.056813,-2.163388,0.680239,2.236410,2.304882,-0.201139,0.477660,0.263418,0.137105,0.153684,0.668770,-0.376866
45.591930,-0.264373,0.553692,0.165286,0.381323,0.914480,1.006082,-0.357304,-0.466016,-0.462504,-0.244083,0.931618,0.505047,0.668378,-0.063761,1.047901,-0.989117,-1.056546,-2.163253,0.680399,2.237076,2.304501,-0.198894,0.475666,0.264019,0.136977,0.155479,0.667893,-0.375727
45.592981,-0.262195,0.562815,0.163304,0.378865,0.912901,1.009331,-0.355930,-0.428182,-0.442873,-0.234343,0.908042,0.504752,0.663757,-0.063991,1.047702,-0.988646,-1.056291,-2.163115,0.680553,2.237734,2.304129,-0.198603,0.472983,0.262286,0.137274,0.154105,0.666966,-0.376284
45.593975,-0.261561,0.570993,0.166721,0.378156,0.910893,1.009212,-0.355303,-0.387442,-0.421508,-0.221615,0.882429,0.504354,0.658613,-0.064171,1.047498,-0.988186,-1.056019,-2.162973,0.680712,2.238389,2.303741,-0.199838,0.469225,0.262977,0.138604,0.155522,0.663924,-0.379384
45.595000,-0.266975,0.574717,0.164843,0.374260,0.907578,1.010908,-0.355155,-0.339890,-0.393945,-0.204186,0.851711,0.503737,0.652610,-0.064295,1.047295,-0.987728,-1.055764,-2.162839,0.680875,2.239042,2.303358,-0.200156,0.465628,0.260967,0.138219,0.157220,0.664093,-0.380872
45.596104,-0.266117,0.568152,0.158650,0.377474,0.902128,1.016478,-0.352693,-0.285887,-0.359396,-0.182228,0.815417,0.502893,0.645721,-0.064363,1.047103,-0.987260,-1.055506,-2.162694,0.681040,2.239703,2.302970,-0.197638,0.464349,0.261694,0.140865,0.160268,0.662475,-0.381436
45.596905,-0.265626,0.557108,0.160988,0.374284,0.900702,1.018788,-0.352797,-0.233433,-0.324989,-0.162148,0.778120,0.502100,0.638827,-0.064385,1.046902,-0.986787,-1.055232,-2.162565,0.681212,2.240360,2.302570,-0.198404,0.468665,0.264623,0.136880,0.165489,0.657301,-0.386782
45.598030,-0.263496,0.549914,0.158614,0.373108,0.899775,1.019074,-0.352957,-0.191989,-0.301337,-0.151242,0.746887,0.501711,0.633140,-0.064391,1.046706,-0.986304,-1.054976,-2.162427,0.681378,2.241005,2.302185,-0.198259,0.473220,0.262569,0.138530,0.166280,0.654313,-0.386411
45.598927,-0.264467,0.547614,0.157689,0.374972,0.900644,1.013808,-0.353258,-0.164235,-0.293651,-0.150770,0.724118,0.501773,0.628976,-0.064399,1.046503,-0.985823,-1.054709,-2.162287,0.681545,2.241668,2.301798,-0.199666,0.477835,0.263726,0.138753,0.167034,0.654537,-0.386562
45.599923,-0.266078,0.546982,0.157023,0.373418,0.897833,1.012704,-0.353752,-0.149162,-0.302055,-0.159423,0.709497,0.502194,0.626246,-0.064411,1.046305,-0.985343,-1.054443,-2.162159,0.681711,2.242337,2.301409,-0.198988,0.478583,0.263502,0.135734,0.165677,0.659384,-0.386001
45.601031,-0.274479,0.557136,0.156769,0.374773,0.895077,1.007494,-0.354332,-0.145436,-0.323763,-0.174755,0.703018,0.502880,0.624876,-0.064412,1.046105,-0.984857,-1.054182,-2.162024,0.681886,2.243004,2.301027,-0.198230,0.479071,0.263490,0.136221,0.168099,0.660395,-0.385263
45.601982,-0.267701,0.562078,0.153406,0.370500,0.894027,1.000578,-0.353797,-0.150967,-0.353456,-0.193486,0.703247,0.503685,0.624602,-0.064385,1.045918,-0.984393,-1.053917,-2.161894,0.682060,2.243683,2.300641,-0.194481,0.475046,0.263531,0.134109,0.170595,0.665960,-0.384540
45.602977,-0.269408,0.565681,0.155825,0.368513,0.888168,0.998440,-0.352561,-0.159904,-0.383122,-0.212153,0.705272,0.504397,0.624715,-0.064337,1.045716,-0.983922,-1.053649,-2.161752,0.682236,2.244363,2.300257,-0.197856,0.472677,0.264672,0.137085,0.171134,0.672576,-0.385799
45.604022,-0.271849,0.565728,0.162556,0.369490,0.883852,0.997114,-0.355434,-0.162956,-0.404366,-0.226800,0.701647,0.504788,0.624119,-0.064295,1.045518,-0.983457,-1.053391,-2.161615,0.682423,2.245044,2.299862,-0.197027,0.471302,0.263120,0.137890,0.176496,0.674520,-0.388482
45.604900,-0.270661,0.560317,0.159103,0.371252,0.877614,0.992518,-0.354797,-0.157695,-0.415015,-0.233701,0.691414,0.504819,0.622423,-0.064290,1.045323,-0.982984,-1.053137,-2.161481,0.682608,2.245728,2.299491,-0.196038,0.471915,0.259611,0.135945,0.180336,0.675877,-0.383037
45.606037,-0.267819,0.555936,0.159800,0.371799,0.873583,0.991028,-0.355444,-0.149605,-0.419648,-0.232385,0.680640,0.504687,0.620204,-0.064346,1.045128,-0.982501,-1.052877,-2.161355,0.682809,2.246409,2.299103,-0.196456,0.474128,0.260726,0.133027,0.185754,0.679887,-0.384399
45.607014,-0.268952,0.561526,0.160903,0.372322,0.869689,0.989971,-0.356529,-0.143724,-0.424264,-0.226861,0.673983,0.504624,0.618171,-0.064460,1.044925,-0.982019,-1.052617,-2.161226,0.683008,2.247101,2.298721,-0.198254,0.477404,0.260422,0.131859,0.189291,0.681706,-0.383587
45.607985,-0.268367,0.557961,0.156009,0.374948,0.866997,0.984648,-0.356365,-0.140637,-0.430372,-0.219563,0.671831,0.504635,0.616573,-0.064616,1.044728,-0.981546,-1.052359,-2.161099,0.683204,2.247787,2.298343,-0.197696,0.474753,0.259502,0.130395,0.192526,0.682507,-0.381644
45.608954,-0.266523,0.563822,0.156592,0.374507,0.866736,0.979585,-0.355534,-0.140181,-0.436968,-0.211466,0.673851,0.504602,0.615555,-0.064805,1.044529,-0.981070,-1.052097,-2.160979,0.683404,2.248484,2.297961,-0.198003,0.476726,0.261551,0.126958,0.194494,0.687534,-0.382205
45.609941,-0.267003,0.567744,0.160899,0.373548,0.866195,0.977168,-0.355513,-0.142230,-0.443437,-0.204164,0.679541,0.504455,0.615172,-0.065013,1.044326,-0.980599,-1.051836,-2.160851,0.683599,2.249191,2.297571,-0.198878,0.473936,0.260802,0.126453,0.194077,0.692190,-0.384051
45.611029,-0.265671,0.577497,0.157117,0.373175,0.863203,0.979983,-0.355454,-0.142375,-0.445501,-0.195053,0.685230,0.504021,0.614774,-0.065238,1.044132,-0.980128,-1.051586,-2.160726,0.683794,2.249883,2.297188,-0.198723,0.472285,0.258402,0.126529,0.193979,0.694338,-0.384314
45.612039,-0.264790,0.582319,0.162247,0.371547,0.863574,0.979822,-0.356395,-0.135974,-0.438137,-0.181313,0.686791,0.503179,0.613699,-0.065484,1.043928,-0.979672,-1.051322,-2.160599,0.683999,2.250573,2.296804,-0.199629,0.468474,0.260214,0.126207,0.196401,0.691646,-0.384842
45.612898,-0.266328,0.581806,0.165142,0.367844,0.861854,0.979970,-0.355335,-0.120807,-0.418855,-0.162976,0.681704,0.501980,0.611690,-0.065743,1.043727,-0.979208,-1.051068,-2.160472,0.684197,2.251254,2.296427,-0.200129,0.466591,0.257370,0.126977,0.195362,0.691745,-0.383236
45.614006,-0.260333,0.579731,0.161937,0.369271,0.857445,0.985740,-0.355236,-0.096156,-0.387385,-0.139067,0.668526,0.500489,0.608486,-0.066007,1.043531,-0.978739,-1.050821,-2.160341,0.684400,2.251943,2.296038,-0.199110,0.466412,0.255369,0.129405,0.196213,0.690851,-0.385373
45.614992,-0.258719,0.578260,0.161655,0.369268,0.854265,0.989652,-0.356071,-0.064657,-0.347919,-0.111492,0.648462,0.498886,0.604313,-0.066258,1.043323,-0.978269,-1.050561,-2.160218,0.684606,2.252627,2.295652,-0.202376,0.468507,0.256993,0.127352,0.200069,0.685322,-0.385996
45.615923,-0.256254,0.579465,0.163264,0.368298,0.849761,0.990812,-0.356048,-0.031005,-0.307358,-0.085688,0.625358,0.497462,0.599992,-0.066474,1.043120,-0.977798,-1.050306,-2.160095,0.684815,2.253305,2.295272,-0.203143,0.469528,0.256813,0.126547,0.202453,0.681257,-0.384548
45.617012,-0.254412,0.586307,0.162794,0.371192,0.848861,0.990349,-0.356948,0.002216,-0.269544,-0.063704,0.601827,0.496291,0.595961,-0.066669,1.042914,-0.977335,-1.050052,-2.159967,0.685028,2.253976,2.294884,-0.204194,0.468960,0.255561,0.126468,0.206087,0.679783,-0.384725
45.617976,-0.251952,0.590948,0.157444,0.370691,0.848453,0.995287,-0.357067,0.035361,-0.234113,-0.043729,0.578449,0.495209,0.592158,-0.066886,1.042704,-0.976874,-1.049793,-2.159851,0.685236,2.254649,2.294500,-0.205277,0.466556,0.255739,0.123099,0.206321,0.680545,-0.383318
45.619013,-0.250512,0.600443,0.163715,0.371447,0.849518,0.996137,-0.355991,0.068781,-0.200247,-0.025797,0.555753,0.494117,0.588678,-0.067156,1.042497,-0.976413,-1.049531,-2.159727,0.685446,2.255314,2.294121,-0.206391,0.464506,0.257992,0.122742,0.205908,0.675374,-0.383304
45.619940,-0.256246,0.603191,0.162610,0.367516,0.849544,0.996913,-0.357312,0.103736,-0.166260,-0.009609,0.533172,0.492946,0.585470,-0.067496,1.042288,-0.975965,-1.049284,-2.159607,0.685643,2.255987,2.293732,-0.207148,0.460622,0.254734,0.121330,0.204237,0.674641,-0.385779
45.620938,-0.256049,0.609002,0.154542,0.366832,0.848830,0.998939,-0.357125,0.141513,-0.130104,0.007561,0.509328,0.491606,0.582178,-0.067899,1.042091,-0.975508,-1.049028,-2.159477,0.685846,2.256650,2.293357,-0.204161,0.459375,0.254851,0.124168,0.203428,0.673552,-0.383243
45.622013,-0.256028,0.611263,0.160454,0.365902,0.845734,1.001009,-0.357247,0.179545,-0.093436,0.022982,0.483614,0.490208,0.578925,-0.068317,1.041885,-0.975060,-1.048760,-2.159353,0.686053,2.257320,2.292971,-0.204273,0.457100,0.258497,0.124006,0.203414,0.671450,-0.383891
45.623059,-0.258690,0.614456,0.159032,0.365069,0.845969,0.998668,-0.359250,0.215563,-0.058733,0.033019,0.456429,0.488930,0.576064,-0.068702,1.041681,-0.974603,-1.048514,-2.159230,0.686265,2.257984,2.292592,-0.204474,0.456981,0.255530,0.124309,0.205844,0.669653,-0.384050
45.624074,-0.258831,0.609365,0.156251,0.366379,0.845008,0.997363,-0.359791,0.249485,-0.026799,0.039666,0.428952,0.487782,0.573603,-0.069052,1.041481,-0.974141,-1.048259,-2.159103,0.686466,2.258651,2.292215,-0.203299,0.456140,0.256145,0.124349,0.204956,0.672179,-0.380368
45.624959,-0.261460,0.607140,0.155776,0.365479,0.846593,1.000442,-0.360268,0.278350,-0.000982,0.042606,0.404108,0.486832,0.571810,-0.069405,1.041276,-0.973679,-1.048001,-2.158983,0.686668,2.259328,2.291835,-0.203271,0.459289,0.257275,0.122314,0.205266,0.673429,-0.379608
45.626034,-0.261047,0.607145,0.151308,0.365283,0.845130,0.999010,-0.361129,0.297189,0.013528,0.038736,0.386061,0.486239,0.571271,-0.069794,1.041080,-0.973216,-1.047743,-2.158862,0.686865,2.260000,2.291461,-0.201767,0.460158,0.256879,0.122241,0.202858,0.669774,-0.378742
45.627017,-0.261689,0.607344,0.148705,0.365902,0.848254,0.997363,-0.361134,0.304258,0.015020,0.026698,0.376290,0.486007,0.572201,-0.070235,1.040877,-0.972757,-1.047483,-2.158740,0.687072,2.260670,2.291086,-0.202196,0.461127,0.259030,0.121831,0.203720,0.671496,-0.377438
45.627967,-0.263461,0.609276,0.144488,0.365507,0.848615,0.995679,-0.361388,0.300954,0.004952,0.006160,0.373711,0.486027,0.574433,-0.070740,1.040672,-0.972295,-1.047223,-2.158621,0.687264,2.261348,2.290706,-0.201832,0.461393,0.259949,0.120469,0.199934,0.672965,-0.377683
45.628942,-0.267000,0.609634,0.144784,0.364478,0.847679,0.996796,-0.361832,0.288966,-0.014320,-0.022278,0.377296,0.486203,0.577752,-0.071301,1.040476,-0.971832,-1.046958,-2.158502,0.687461,2.262020,2.290335,-0.200925,0.460591,0.261541,0.120063,0.198895,0.674380,-0.377383
45.629958,-0.263472,0.613859,0.144841,0.362394,0.847997,0.992101,-0.363433,0.269627,-0.040054,-0.056812,0.385986,0.486465,0.581956,-0.071879,1.040279,-0.971375,-1.046696,-2.158381,0.687659,2.262696,2.289958,-0.199181,0.460811,0.260955,0.120297,0.199162,0.673035,-0.376725
45.631043,-0.269160,0.609429,0.143266,0.363244,0.845636,0.988602,-0.365979,0.246975,-0.067791,-0.093390,0.396706,0.486698,0.586500,-0.072429,1.040075,-0.970913,-1.046436,-2.158257,0.687858,2.263372,2.289593,-0.201022,0.459259,0.260647,0.121604,0.198199,0.677763,-0.373861
45.632011,-0.267768,0.610611,0.148065,0.363600,0.845646,0.987938,-0.367009,0.224411,-0.094631,-0.128820,0.406914,0.486829,0.590913,-0.072916,1.039883,-0.970440,-1.046174,-2.158141,0.688067,2.264059,2.289233,-0.198507,0.462382,0.261345,0.120286,0.199946,0.681423,-0.369251
45.632924,-0.266638,0.609118,0.145119,0.364865,0.845278,0.982857,-0.367744,0.200422,-0.121883,-0.162010,0.418276,0.486897,0.595364,-0.073347,1.039683,-0.969982,-1.045922,-2.158025,0.688259,2.264753,2.288867,-0.199206,0.462095,0.258587,0.119221,0.199278,0.681725,-0.367488
45.633939,-0.268761,0.610574,0.145361,0.365481,0.845388,0.977983,-0.367234,0.175052,-0.149201,-0.190704,0.432199,0.486873,0.599968,-0.073792,1.039484,-0.969514,-1.045659,-2.157914,0.688460,2.265440,2.288505,-0.199633,0.462741,0.259499,0.117267,0.198850,0.686342,-0.366205
45.635076,-0.267382,0.613248,0.147988,0.365839,0.846415,0.972671,-0.366929,0.149358,-0.175315,-0.214429,0.448439,0.486719,0.604713,-0.074318,1.039289,-0.969056,-1.045404,-2.157799,0.688658,2.266149,2.288134,-0.198707,0.462623,0.259139,0.116084,0.198118,0.690983,-0.367587
45.635963,-0.269799,0.613972,0.147698,0.366251,0.847023,0.974065,-0.366854,0.101147,-0.218955,-0.246182,0.483878,0.485844,0.613810,-0.075612,1.038892,-0.968130,-1.044891,-2.157576,0.689046,2.267552,2.287396,-0.198396,0.462001,0.257483,0.114318,0.195294,0.694431,-0.369004
45.636937,-0.269560,0.619125,0.149204,0.365539,0.848905,0.966196,-0.368868,0.101147,-0.218955,-0.246182,0.483878,0.485844,0.613810,-0.075612,1.038892,-0.968130,-1.044891,-2.157576,0.689046,2.267552,2.287396,-0.198396,0.462001,0.257483,0.114318,0.195294,0.694431,-0.369004
45.638042,-0.272567,0.621163,0.154334,0.366978,0.847893,0.965605,-0.368741,0.081019,-0.233312,-0.253058,0.500967,0.485100,0.617706,-0.076300,1.038693,-0.967676,-1.044636,-2.157461,0.689228,2.268269,2.287040,-0.198530,0.459827,0.256388,0.114375,0.192874,0.701950,-0.365250
45.638910,-0.274277,0.619753,0.154303,0.365113,0.848197,0.966349,-0.369533,0.064974,-0.240708,-0.252709,0.516477,0.484164,0.620785,-0.076971,1.038500,-0.967213,-1.044386,-2.157350,0.689423,2.268965,2.286676,-0.197417,0.459943,0.253900,0.112655,0.193440,0.702671,-0.366074
45.640086,-0.279889,0.623640,0.153826,0.360123,0.848042,0.971842,-0.369630,0.052034,-0.242301,-0.245255,0.531067,0.483121,0.622986,-0.077621,1.038304,-0.966757,-1.044135,-2.157236,0.689612,2.269668,2.286314,-0.196349,0.460401,0.253346,0.113663,0.192383,0.701126,-0.364569
45.640944,-0.277683,0.627813,0.155372,0.358501,0.843434,0.973079,-0.368566,0.040112,-0.240547,-0.234814,0.543854,0.482106,0.624507,-0.078247,1.038110,-0.966299,-1.043879,-2.157108,0.689802,2.270355,2.285947,-0.194096,0.460034,0.253813,0.118168,0.192218,0.696127,-0.365027
45.641930,-0.281191,0.631773,0.158350,0.359869,0.844332,0.975104,-0.366830,0.030626,-0.234674,-0.224277,0.551062,0.481119,0.625240,-0.078861,1.037916,-0.965843,-1.043632,-2.156990,0.690003,2.271042,2.285578,-0.195008,0.457635,0.252464,0.118775,0.195994,0.694200,-0.367236
45.642972,-0.276425,0.635191,0.157646,0.361476,0.846037,0.980118,-0.367282,0.025782,-0.222769,-0.211902,0.551999,0.480079,0.625094,-0.079487,1.037725,-0.965395,-1.043382,-2.156877,0.690192,2.271736,2.285200,-0.193363,0.456231,0.250731,0.116783,0.194473,0.691912,-0.370973
45.643993,-0.277086,0.637576,0.156275,0.363267,0.847257,0.980608,-0.366972,0.025002,-0.205773,-0.196257,0.550059,0.478995,0.624420,-0.080137,1.037528,-0.964945,-1.043131,-2.156767,0.690377,2.272413,2.284830,-0.195985,0.455405,0.251003,0.114792,0.192292,0.686938,-0.370408
45.644974,-0.273637,0.633995,0.159114,0.363421,0.850617,0.979193,-0.366130,0.026896,-0.186394,-0.178968,0.548227,0.477952,0.623657,-0.080796,1.037331,-0.964488,-1.042880,-2.156658,0.690565,2.273096,2.284457,-0.195765,0.454882,0.251530,0.112583,0.190563,0.686433,-0.371377
45.645925,-0.275055,0.637674,0.158585,0.364939,0.852768,0.981759,-0.365236,0.030312,-0.167751,-0.161655,0.547992,0.476992,0.622896,-0.081440,1.037129,-0.964032,-1.042634,-2.156547,0.690743,2.273789,2.284076,-0.197507,0.457137,0.249891,0.111882,0.186701,0.687592,-0.373302
45.647039,-0.274566,0.636210,0.155496,0.362117,0.856528,0.987287,-0.364089,0.034415,-0.152216,-0.144397,0.550102,0.476123,0.621991,-0.082067,1.036935,-0.963578,-1.042384,-2.156441,0.690924,2.274462,2.283698,-0.196777,0.455547,0.249830,0.109856,0.184028,0.684716,-0.375282
45.648048,-0.281329,0.640648,0.157163,0.360869,0.857839,0.987045,-0.362935,0.038241,-0.141283,-0.129222,0.554020,0.475406,0.620928,-0.082671,1.036735,-0.963123,-1.042130,-2.156324,0.691094,2.275130,2.283316,-0.197370,0.457565,0.251456,0.112320,0.180028,0.679563,-0.378046
45.649064,-0.278691,0.645641,0.161511,0.360412,0.861215,0.988525,-0.362592,0.040464,-0.136096,-0.119264,0.557924,0.474898,0.619724,-0.083236,1.036543,-0.962667,-1.041882,-2.156211,0.691270,2.275797,2.282933,-0.194133,0.455915,0.250439,0.113010,0.178332,0.679857,-0.380624
45.649956,-0.279972,0.656157,0.164165,0.360486,0.863251,0.993214,-0.362295,0.042330,-0.134587,-0.112254,0.559918,0.474525,0.618062,-0.083751,1.036345,-0.962215,-1.041639,-2.156097,0.691438,2.276471,2.282546,-0.195616,0.454115,0.248177,0.112912,0.174610,0.678339,-0.381562
45.650966,-0.280019,0.653882,0.168670,0.357431,0.863874,0.993937,-0.363286,0.048473,-0.131053,-0.101795,0.558276,0.474148,0.615480,-0.084204,1.036149,-0.961778,-1.041395,-2.155985,0.691606,2.277142,2.282160,-0.194791,0.448951,0.246429,0.112084,0.172092,0.673119,-0.382204
45.651903,-0.278047,0.653579,0.166404,0.357790,0.862512,0.993635,-0.364364,0.061918,-0.121913,-0.084074,0.551771,0.473698,0.611774,-0.084575,1.035956,-0.961318,-1.041154,-2.155866,0.691774,2.277815,2.281785,-0.194943,0.450736,0.244100,0.114480,0.171154,0.672404,-0.380507
45.652932,-0.278532,0.656024,0.169373,0.358940,0.864709,0.994234,-0.364575,0.081404,-0.109341,-0.060503,0.540679,0.473212,0.607081,-0.084837,1.035756,-0.960869,-1.040910,-2.155753,0.691947,2.278485,2.281407,-0.195849,0.451129,0.244960,0.113404,0.172049,0.672403,-0.378510
45.653905,-0.278153,0.648181,0.167538,0.356709,0.863378,0.998627,-0.362922,0.103669,-0.097230,-0.034484,0.527395,0.472762,0.601841,-0.084995,1.035560,-0.960420,-1.040671,-2.155646,0.692109,2.279158,2.281025,-0.195770,0.450703,0.243461,0.111890,0.169564,0.671832,-0.378419
45.655120,-0.280190,0.646369,0.173386,0.357405,0.865333,0.997148,-0.364263,0.124755,-0.089243,-0.009346,0.514954,0.472399,0.596625,-0.085104,1.035364,-0.959952,-1.040426,-2.155530,0.692280,2.279818,2.280640,-0.196002,0.454929,0.244181,0.113458,0.170525,0.667293,-0.381962
45.655974,-0.284461,0.638570,0.179768,0.357619,0.866551,0.994048,-0.364550,0.140758,-0.089583,0.011876,0.505560,0.472147,0.591863,-0.085217,1.035168,-0.959494,-1.040188,-2.155418,0.692440,2.280492,2.280263,-0.195604,0.457632,0.241775,0.112667,0.168550,0.669604,-0.379892
45.656892,-0.286895,0.642288,0.175594,0.355320,0.869314,0.992688,-0.364306,0.148504,-0.100934,0.029914,0.502048,0.471971,0.587733,-0.085368,1.034979,-0.959023,-1.039955,-2.155308,0.692606,2.281163,2.279887,-0.193293,0.461038,0.238167,0.111657,0.166817,0.672066,-0.379358
45.657903,-0.290778,0.638372,0.180403,0.356188,0.870879,0.992091,-0.364497,0.146626,-0.122617,0.045877,0.505485,0.471821,0.584296,-0.085593,1.034789,-0.958570,-1.039716,-2.155190,0.692766,2.281839,2.279508,-0.192055,0.459222,0.239999,0.113129,0.163657,0.672990,-0.379981
45.659000,-0.288570,0.649504,0.183818,0.354003,0.873990,0.988061,-0.365146,0.135574,-0.151966,0.058211,0.514363,0.471714,0.581664,-0.085892,1.034601,-0.958100,-1.039482,-2.155078,0.692923,2.282515,2.279132,-0.190336,0.461680,0.237585,0.111739,0.161892,0.673530,-0.379895
45.660045,-0.292866,0.650511,0.187921,0.354957,0.874849,0.987140,-0.365070,0.119613,-0.183593,0.068959,0.525675,0.471566,0.579527,-0.086233,1.034409,-0.957647,-1.039254,-2.154962,0.693072,2.283193,2.278755,-0.191864,0.457216,0.236212,0.113538,0.158737,0.677871,-0.379044
45.660928,-0.296621,0.650835,0.183387,0.354060,0.874508,0.987944,-0.365184,0.105247,-0.210271,0.082583,0.535442,0.471226,0.577276,-0.086573,1.034222,-0.957192,-1.039025,-2.154853,0.693228,2.283878,2.278378,-0.190008,0.457601,0.234339,0.112185,0.157728,0.678789,-0.379570
45.661935,-0.295357,0.647287,0.188985,0.355389,0.874375,0.983522,-0.365285,0.091554,-0.231358,0.097543,0.544095,0.470814,0.575195,-0.086859,1.034039,-0.956735,-1.038784,-2.154741,0.693390,2.284563,2.277996,-0.188106,0.457256,0.236221,0.112308,0.157631,0.677344,-0.379387
45.663032,-0.296869,0.650692,0.189848,0.355394,0.872079,0.981150,-0.366866,0.074268,-0.250402,0.109874,0.554468,0.470551,0.573888,-0.087065,1.033849,-0.956265,-1.038560,-2.154635,0.693549,2.285246,2.277614,-0.188961,0.459499,0.233506,0.110587,0.157518,0.681716,-0.379462
45.664049,-0.294841,0.641457,0.193901,0.357058,0.870948,0.979372,-0.367577,0.053983,-0.267755,0.120181,0.567007,0.470417,0.573248,-0.087208,1.033661,-0.955809,-1.038325,-2.154523,0.693710,2.285940,2.277243,-0.188633,0.458892,0.233348,0.110271,0.159686,0.684247,-0.376746
45.664926,-0.299449,0.633096,0.196599,0.355028,0.872659,0.977318,-0.366388,0.031744,-0.283842,0.129563,0.581995,0.470332,0.573108,-0.087327,1.033471,-0.955330,-1.038098,-2.154419,0.693873,2.286623,2.276871,-0.189884,0.463955,0.231423,0.108296,0.160535,0.685951,-0.375674
45.665987,-0.301333,0.640645,0.198166,0.353083,0.873972,0.975629,-0.367049,0.005403,-0.302487,0.136799,0.601152,0.470304,0.573670,-0.087479,1.033287,-0.954860,-1.037873,-2.154307,0.694026,2.287326,2.276488,-0.187496,0.467765,0.229828,0.109553,0.158433,0.687259,-0.378125
45.667009,-0.305734,0.648685,0.198778,0.354543,0.876779,0.973031,-0.366835,-0.025346,-0.324293,0.141124,0.623393,0.470242,0.574901,-0.087706,1.033102,-0.954400,-1.037647,-2.154192,0.694176,2.288011,2.276118,-0.186962,0.464802,0.229312,0.111032,0.157036,0.689038,-0.377188
45.667899,-0.302453,0.656186,0.196682,0.352170,0.876117,0.975534,-0.366443,-0.056411,-0.343429,0.143720,0.644679,0.469937,0.576421,-0.087987,1.032923,-0.953943,-1.037419,-2.154087,0.694327,2.288701,2.275737,-0.185111,0.461444,0.229134,0.109221,0.154070,0.691550,-0.377933
45.668897,-0.305492,0.658566,0.199038,0.353840,0.878422,0.976286,-0.369413,-0.082965,-0.353644,0.146013,0.661694,0.469288,0.577903,-0.088272,1.032734,-0.953498,-1.037186,-2.153974,0.694483,2.289390,2.275352,-0.186707,0.457712,0.229889,0.110821,0.154388,0.688379,-0.378770
45.669924,-0.308557,0.664613,0.199967,0.350131,0.875952,0.977647,-0.369094,-0.102131,-0.352314,0.148582,0.672870,0.468363,0.579148,-0.088526,1.032554,-0.953043,-1.036957,-2.153871,0.694630,2.290067,2.274992,-0.185449,0.457109,0.228735,0.108799,0.151918,0.687541,-0.373109
45.671039,-0.307004,0.660497,0.202750,0.351334,0.871718,0.979046,-0.369899,-0.114466,-0.340656,0.151500,0.678728,0.467330,0.580072,-0.088743,1.032372,-0.952598,-1.036729,-2.153755,0.694787,2.290757,2.274615,-0.184258,0.454914,0.228411,0.111992,0.154231,0.686101,-0.374141
45.671945,-0.307307,0.656467,0.200981,0.350063,0.867814,0.986289,-0.371173,-0.121513,-0.321841,0.154324,0.680046,0.466367,0.580573,-0.088933,1.032182,-0.952131,-1.036504,-2.153646,0.694955,2.291450,2.274243,-0.185519,0.458145,0.227439,0.110536,0.158285,0.684967,-0.373019
45.672895,-0.299929,0.657157,0.202835,0.349431,0.866418,0.987598,-0.370691,-0.126114,-0.301606,0.155118,0.679320,0.465694,0.580852,-0.089102,1.031998,-0.951664,-1.036276,-2.153535,0.695122,2.292108,2.273879,-0.185379,0.460006,0.228132,0.111126,0.161718,0.677297,-0.370621
45.673962,-0.303697,0.661635,0.202862,0.351075,0.865578,0.988694,-0.369651,-0.129074,-0.283490,0.152755,0.677963,0.465395,0.581051,-0.089269,1.031801,-0.951207,-1.036053,-2.153425,0.695284,2.292779,2.273506,-0.189070,0.459875,0.227172,0.111138,0.162744,0.675784,-0.371830
45.674958,-0.303252,0.664429,0.199618,0.351384,0.867915,0.992639,-0.370087,-0.127959,-0.266408,0.148987,0.675213,0.465333,0.580960,-0.089464,1.031616,-0.950748,-1.035823,-2.153319,0.695446,2.293446,2.273131,-0.187537,0.458550,0.227395,0.109245,0.163376,0.674920,-0.374333
45.675934,-0.305986,0.670001,0.204236,0.351430,0.866849,0.994648,-0.370190,-0.124168,-0.250926,0.143518,0.672556,0.465452,0.580833,-0.089678,1.031425,-0.950290,-1.035591,-2.153214,0.695601,2.294112,2.272755,-0.187940,0.457655,0.229028,0.108573,0.160782,0.670889,-0.373704
45.676963,-0.303222,0.676007,0.203308,0.348567,0.866376,0.995379,-0.371502,-0.119682,-0.237716,0.135806,0.671249,0.465723,0.580958,-0.089869,1.031240,-0.949842,-1.035366,-2.153108,0.695764,2.294777,2.272378,-0.186733,0.455362,0.226717,0.108083,0.161556,0.668776,-0.373743
45.678022,-0.304102,0.679014,0.204034,0.350094,0.865647,0.996930,-0.370752,-0.111706,-0.223739,0.128871,0.668842,0.465976,0.580931,-0.089997,1.031050,-0.949391,-1.035139,-2.152993,0.695926,2.295444,2.272016,-0.188389,0.453155,0.227365,0.110433,0.161774,0.668130,-0.371487
45.678925,-0.305416,0.680129,0.204400,0.348438,0.864627,1.001443,-0.370796,-0.097450,-0.206628,0.124353,0.662554,0.466115,0.580357,-0.090059,1.030860,-0.948946,-1.034911,-2.152887,0.696089,2.296099,2.271640,-0.188262,0.452712,0.227217,0.108609,0.162287,0.666837,-0.373419
45.680038,-0.303672,0.680266,0.202845,0.348947,0.864674,1.002558,-0.369591,-0.079087,-0.188252,0.121102,0.653660,0.466228,0.579506,-0.090102,1.030674,-0.948496,-1.034681,-2.152776,0.696255,2.296758,2.271267,-0.187584,0.452189,0.226807,0.109584,0.162850,0.661914,-0.373435
45.681037,-0.299243,0.675372,0.202835,0.350658,0.863717,1.002909,-0.368215,-0.060190,-0.171669,0.117143,0.644327,0.466420,0.578819,-0.090172,1.030482,-0.948034,-1.034455,-2.152669,0.696419,2.297408,2.270881,-0.188903,0.453296,0.227997,0.108889,0.162635,0.661343,-0.376321
45.681916,-0.296655,0.674383,0.197069,0.351933,0.863454,1.001998,-0.369650,-0.042902,-0.159900,0.110519,0.636206,0.466775,0.578590,-0.090280,1.030285,-0.947574,-1.034226,-2.152565,0.696583,2.298074,2.270493,-0.191219,0.456271,0.228036,0.106805,0.163297,0.660955,-0.379307
45.683025,-0.304886,0.666991,0.201348,0.353690,0.863250,1.004815,-0.369435,-0.029183,-0.155747,0.099542,0.631507,0.467333,0.579127,-0.090407,1.030090,-0.947114,-1.033989,-2.152462,0.696746,2.298732,2.270122,-0.192322,0.456518,0.230563,0.104961,0.163085,0.661411,-0.376470
45.683966,-0.306138,0.671867,0.200123,0.354030,0.862768,0.999095,-0.368805,-0.023932,-0.162874,0.082086,0.633710,0.468119,0.580968,-0.090535,1.029907,-0.946647,-1.033765,-2.152362,0.696911,2.299391,2.269739,-0.188691,0.461324,0.228797,0.103208,0.163118,0.659002,-0.377389
45.684921,-0.305997,0.670363,0.199444,0.353320,0.863196,0.996063,-0.369101,-0.031857,-0.183436,0.058136,0.645578,0.469097,0.584426,-0.090660,1.029718,-0.946190,-1.033535,-2.152261,0.697076,2.300067,2.269361,-0.188142,0.459004,0.229294,0.102474,0.163214,0.664470,-0.378825
45.685978,-0.312221,0.670867,0.204183,0.354642,0.864520,0.994383,-0.369983,-0.049976,-0.212968,0.030520,0.664066,0.470075,0.588939,-0.090773,1.029529,-0.945726,-1.033306,-2.152158,0.697235,2.300735,2.268974,-0.188301,0.459973,0.229557,0.102785,0.162455,0.667248,-0.378375
45.686927,-0.314619,0.672761,0.204942,0.353253,0.863048,0.993689,-0.370509,-0.074225,-0.246861,0.002010,0.685713,0.470919,0.593888,-0.090853,1.029349,-0.945268,-1.033083,-2.152058,0.697395,2.301410,2.268604,-0.185594,0.460594,0.227454,0.101329,0.160937,0.669059,-0.377010
45.688055,-0.316277,0.677919,0.202254,0.353860,0.861467,0.990882,-0.369963,-0.103788,-0.283167,-0.025181,0.709874,0.471631,0.599028,-0.090908,1.029167,-0.944806,-1.032856,-2.151955,0.697562,2.302070,2.268233,-0.184568,0.459809,0.227013,0.102310,0.162026,0.669534,-0.376177
45.688945,-0.321020,0.677570,0.201484,0.354514,0.861139,0.987838,-0.371645,-0.170641,-0.351375,-0.075959,0.756792,0.472823,0.609027,-0.091080,1.028805,-0.943890,-1.032396,-2.151755,0.697889,2.303433,2.267480,-0.181970,0.458585,0.228880,0.100579,0.163342,0.675219,-0.374479
45.689982,-0.324560,0.673802,0.207614,0.353725,0.861995,0.990086,-0.372690,-0.170641,-0.351375,-0.075959,0.756792,0.472823,0.609027,-0.091080,1.028805,-0.943890,-1.032396,-2.151755,0.697889,2.303433,2.267480,-0.181970,0.458585,0.228880,0.100579,0.163342,0.675219,-0.374479
45.690918,-0.317064,0.676401,0.205056,0.354131,0.859849,0.986955,-0.371411,-0.246844,-0.411465,-0.125325,0.801060,0.473884,0.619145,-0.091412,1.028437,-0.942964,-1.031944,-2.151555,0.698213,2.304785,2.266733,-0.184440,0.459938,0.227199,0.100424,0.164040,0.675802,-0.375547
45.691986,-0.320059,0.669311,0.205691,0.356547,0.863438,0.984562,-0.371488,-0.246844,-0.411465,-0.125325,0.801060,0.473884,0.619145,-0.091412,1.028437,-0.942964,-1.031944,-2.151555,0.698213,2.304785,2.266733,-0.184440,0.459938,0.227199,0.100424,0.164040,0.675802,-0.375547
45.692922,-0.319893,0.663417,0.211803,0.357219,0.863258,0.980355,-0.371435,-0.282928,-0.436591,-0.146303,0.820672,0.474175,0.623996,-0.091664,1.028259,-0.942490,-1.031717,-2.151464,0.698365,2.305468,2.266358,-0.183379,0.464279,0.227129,0.098110,0.160296,0.678325,-0.375780
45.693977,-0.327008,0.663112,0.208842,0.356627,0.865339,0.979327,-0.370126,-0.318744,-0.461511,-0.165550,0.841001,0.474301,0.628963,-0.091939,1.028074,-0.942016,-1.031500,-2.151371,0.698526,2.306165,2.265982,-0.183561,0.467162,0.224058,0.097241,0.160151,0.682070,-0.376052
45.695123,-0.327930,0.670682,0.209502,0.357706,0.867580,0.974340,-0.369713,-0.357269,-0.489119,-0.183727,0.864232,0.474265,0.634263,-0.092204,1.027900,-0.941550,-1.031272,-2.151273,0.698677,2.306853,2.265594,-0.180475,0.468060,0.225799,0.097755,0.157938,0.683117,-0.379034
45.696102,-0.327574,0.673021,0.208946,0.355524,0.870102,0.971441,-0.368916,-0.398317,-0.517925,-0.202623,0.888825,0.474058,0.639829,-0.092466,1.027723,-0.941089,-1.031045,-2.151180,0.698829,2.307545,2.265211,-0.180735,0.465612,0.225941,0.096896,0.155704,0.688540,-0.380360
45.696957,-0.329933,0.674879,0.206378,0.354816,0.872944,0.974477,-0.367265,-0.437091,-0.542708,-0.221633,0.910533,0.473620,0.645077,-0.092733,1.027541,-0.940630,-1.030821,-2.151075,0.698978,2.308241,2.264822,-0.181139,0.464852,0.226266,0.098717,0.152997,0.691110,-0.382156
45.697991,-0.329843,0.682727,0.209886,0.354364,0.875259,0.976393,-0.366348,-0.469229,-0.559603,-0.239666,0.925832,0.472966,0.649479,-0.092994,1.027364,-0.940167,-1.030588,-2.150977,0.699119,2.308929,2.264429,-0.179922,0.463515,0.227159,0.098898,0.149879,0.687264,-0.385429
45.698977,-0.327865,0.683630,0.211732,0.354181,0.875001,0.976832,-0.363989,-0.493558,-0.567277,-0.256085,0.934199,0.472210,0.652948,-0.093228,1.027183,-0.939707,-1.030367,-2.150878,0.699265,2.309602,2.264038,-0.180360,0.460284,0.225624,0.099197,0.147486,0.685424,-0.387537
45.699930,-0.324526,0.685078,0.206277,0.354318,0.872910,0.978712,-0.363578,-0.507774,-0.564044,-0.267605,0.935625,0.471396,0.655233,-0.093416,1.027000,-0.939251,-1.030142,-2.150779,0.699413,2.310288,2.263634,-0.181575,0.460331,0.224761,0.099124,0.147603,0.684789,-0.392431
45.701005,-0.326264,0.688011,0.214467,0.356268,0.872647,0.984885,-0.363885,-0.511070,-0.551127,-0.273811,0.930612,0.470624,0.656285,-0.093525,1.026813,-0.938792,-1.029910,-2.150683,0.699565,2.310962,2.263243,-0.183351,0.459838,0.227399,0.098727,0.149459,0.682622,-0.393351
45.701968,-0.322558,0.685074,0.207719,0.354509,0.871341,0.984613,-0.362591,-0.505806,-0.532210,-0.276283,0.921796,0.470003,0.656480,-0.093542,1.026631,-0.938339,-1.029695,-2.150590,0.699716,2.311642,2.262847,-0.182922,0.459418,0.223673,0.096868,0.149626,0.676591,-0.393064
45.702982,-0.323196,0.687432,0.203381,0.357378,0.871852,0.987985,-0.363381,-0.494733,-0.510891,-0.275682,0.911849,0.469525,0.656116,-0.093510,1.026442,-0.937875,-1.029462,-2.150488,0.699867,2.312312,2.262449,-0.184891,0.461139,0.227020,0.098287,0.150722,0.676712,-0.395816
45.704051,-0.322491,0.685856,0.207040,0.355697,0.876515,0.990583,-0.362693,-0.481155,-0.491523,-0.276490,0.902128,0.469224,0.655563,-0.093478,1.026258,-0.937415,-1.029232,-2.150398,0.700016,2.312974,2.262057,-0.184840,0.460530,0.229256,0.095395,0.150048,0.673353,-0.394437
45.704942,-0.320469,0.692575,0.204309,0.357055,0.880516,0.994360,-0.361234,-0.467915,-0.477386,-0.281887,0.893993,0.469113,0.655126,-0.093460,1.026070,-0.936953,-1.029006,-2.150298,0.700151,2.313638,2.261654,-0.185574,0.462239,0.227663,0.097018,0.145420,0.671013,-0.396144
45.706070,-0.325325,0.696877,0.201234,0.358605,0.883120,0.995741,-0.362460,-0.454001,-0.467473,-0.289401,0.887010,0.469073,0.654580,-0.093458,1.025883,-0.936499,-1.028775,-2.150209,0.700283,2.314289,2.261254,-0.186529,0.458743,0.228771,0.095410,0.141295,0.666841,-0.399068
45.707018,-0.327530,0.705543,0.206763,0.356571,0.886155,0.996524,-0.362305,-0.439015,-0.460017,-0.298012,0.880807,0.469115,0.653835,-0.093433,1.025702,-0.936039,-1.028543,-2.150115,0.700417,2.314947,2.260855,-0.184671,0.457890,0.230689,0.094050,0.138871,0.666007,-0.396987
45.707919,-0.322355,0.705611,0.210102,0.356920,0.884813,1.001645,-0.363005,-0.423821,-0.453666,-0.306962,0.875301,0.469302,0.652849,-0.093324,1.025518,-0.935592,-1.028322,-2.150016,0.700545,2.315615,2.260451,-0.183706,0.453885,0.227882,0.095773,0.135814,0.664972,-0.397402
45.708964,-0.328266,0.702517,0.209778,0.356967,0.884790,1.003139,-0.363295,-0.404693,-0.444251,-0.310714,0.867806,0.469514,0.650984,-0.093115,1.025329,-0.935137,-1.028096,-2.149923,0.700685,2.316259,2.260058,-0.186278,0.453853,0.226029,0.095118,0.136992,0.659506,-0.396022
45.709980,-0.326319,0.696827,0.206252,0.356508,0.883707,1.001327,-0.363250,-0.381210,-0.432140,-0.307262,0.858233,0.469784,0.648136,-0.092822,1.025148,-0.934679,-1.027871,-2.149830,0.700822,2.316912,2.259661,-0.183669,0.456227,0.226435,0.095100,0.137029,0.658280,-0.395734
45.710887,-0.333113,0.691105,0.208993,0.359185,0.881709,1.002660,-0.362768,-0.359947,-0.424562,-0.302598,0.849623,0.470369,0.645041,-0.092470,1.024963,-0.934213,-1.027638,-2.149734,0.700961,2.317564,2.259269,-0.184948,0.459608,0.228259,0.095454,0.138086,0.660229,-0.396080
45.711901,-0.332567,0.684700,0.210137,0.359839,0.882867,1.008355,-0.363369,-0.347365,-0.428107,-0.302204,0.845379,0.471421,0.642432,-0.092096,1.024787,-0.933744,-1.027416,-2.149649,0.701105,2.318220,2.258862,-0.181634,0.462305,0.226729,0.092656,0.139859,0.658520,-0.397045
45.712975,-0.338908,0.686104,0.215736,0.361048,0.885344,1.008896,-0.362114,-0.347962,-0.446535,-0.307278,0.849615,0.472925,0.640914,-0.091740,1.024600,-0.933274,-1.027188,-2.149557,0.701239,2.318871,2.258468,-0.182193,0.465982,0.226267,0.091999,0.138679,0.652895,-0.396063
45.713967,-0.344230,0.685397,0.214298,0.358907,0.887553,1.006880,-0.362754,-0.361959,-0.479156,-0.316141,0.863498,0.474715,0.640649,-0.091445,1.024429,-0.932805,-1.026967,-2.149469,0.701375,2.319521,2.258060,-0.179575,0.466090,0.223807,0.090973,0.136260,0.652756,-0.398897
45.714946,-0.348775,0.686942,0.218887,0.361332,0.889345,1.006325,-0.364277,-0.386370,-0.521594,-0.326857,0.884075,0.476554,0.641323,-0.091226,1.024254,-0.932341,-1.026744,-2.149372,0.701506,2.320186,2.257667,-0.177249,0.466860,0.224649,0.092971,0.134071,0.654736,-0.397780
45.716107,-0.351985,0.695750,0.227005,0.360732,0.888340,1.004701,-0.363983,-0.418570,-0.569528,-0.338582,0.908124,0.478285,0.642635,-0.091049,1.024082,-0.931872,-1.026525,-2.149287,0.701633,2.320851,2.257275,-0.175331,0.466352,0.222446,0.090578,0.132312,0.655165,-0.394900
45.716986,-0.351215,0.694182,0.227591,0.361132,0.887544,0.999589,-0.365652,-0.453717,-0.616830,-0.346961,0.932942,0.479740,0.644098,-0.090875,1.023910,-0.931412,-1.026316,-2.149191,0.701769,2.321512,2.256882,-0.174528,0.463393,0.219107,0.091409,0.133540,0.657435,-0.396032
45.718005,-0.356027,0.695058,0.230197,0.360990,0.886338,0.994315,-0.365694,-0.484951,-0.656441,-0.346682,0.954659,0.480754,0.644968,-0.090685,1.023734,-0.930949,-1.026100,-2.149104,0.701902,2.322184,2.256496,-0.174971,0.463954,0.218713,0.090799,0.134173,0.662018,-0.392677
45.718999,-0.358233,0.694387,0.232757,0.361944,0.883454,0.990514,-0.365952,-0.509839,-0.686540,-0.338144,0.971097,0.481377,0.644963,-0.090475,1.023565,-0.930482,-1.025883,-2.149014,0.702042,2.322856,2.256109,-0.173018,0.464047,0.217647,0.090976,0.135335,0.667302,-0.392902
45.720005,-0.360835,0.689971,0.234339,0.361003,0.881903,0.989448,-0.367973,-0.530456,-0.709205,-0.324352,0.983185,0.481760,0.644313,-0.090265,1.023393,-0.930018,-1.025669,-2.148925,0.702186,2.323538,2.255718,-0.172306,0.464820,0.216587,0.090026,0.138121,0.670937,-0.392596
45.720973,-0.359222,0.685818,0.238168,0.362418,0.880295,0.986109,-0.369565,-0.549297,-0.727100,-0.308130,0.992479,0.482014,0.643348,-0.090081,1.023223,-0.929543,-1.025454,-2.148830,0.702327,2.324211,2.255332,-0.171438,0.467394,0.216037,0.090879,0.139586,0.671915,-0.388777
45.721957,-0.361974,0.687681,0.239809,0.363899,0.882476,0.984096,-0.370164,-0.567652,-0.742746,-0.291555,1.000196,0.482186,0.642319,-0.089941,1.023051,-0.929065,-1.025247,-2.148745,0.702472,2.324887,2.254956,-0.172578,0.469563,0.214325,0.089486,0.141035,0.675053,-0.385825
45.722893,-0.362888,0.693884,0.244253,0.362560,0.881603,0.983854,-0.371420,-0.585282,-0.756727,-0.274752,1.007455,0.482225,0.641384,-0.089861,1.022882,-0.928601,-1.025033,-2.148659,0.702609,2.325572,2.254572,-0.171573,0.468969,0.213712,0.088067,0.138765,0.676843,-0.384874
45.724038,-0.363939,0.698311,0.245820,0.363379,0.884469,0.979684,-0.371430,-0.599941,-0.765989,-0.256325,1.013506,0.481965,0.640518,-0.089842,1.022712,-0.928139,-1.024825,-2.148569,0.702750,2.326250,2.254197,-0.171385,0.465942,0.211594,0.089272,0.139505,0.676706,-0.382520
45.724967,-0.363271,0.702081,0.253292,0.364754,0.887961,0.975224,-0.372464,-0.607749,-0.765831,-0.234603,1.015327,0.481211,0.639397,-0.089878,1.022540,-0.927675,-1.024616,-2.148480,0.702882,2.326942,2.253812,-0.171618,0.465077,0.211521,0.088771,0.136809,0.681304,-0.383036
45.726093,-0.370001,0.711381,0.249277,0.366397,0.886133,0.975196,-0.372354,-0.606181,-0.754024,-0.207960,1.011618,0.479916,0.637702,-0.089959,1.022365,-0.927222,-1.024414,-2.148396,0.703009,2.327645,2.253431,-0.172138,0.463349,0.207924,0.087376,0.133269,0.685216,-0.381083
45.727004,-0.367961,0.703616,0.249929,0.364629,0.884822,0.975458,-0.372950,-0.596424,-0.731219,-0.176879,1.003813,0.478253,0.635489,-0.090083,1.022202,-0.926766,-1.024197,-2.148313,0.703150,2.328327,2.253050,-0.169550,0.459995,0.210538,0.086184,0.135246,0.685574,-0.381819
45.728035,-0.363773,0.705390,0.250343,0.367635,0.885549,0.974647,-0.374998,-0.583024,-0.701656,-0.146850,0.993654,0.476587,0.633181,-0.090244,1.022028,-0.926301,-1.023987,-2.148224,0.703288,2.329011,2.252672,-0.170754,0.463855,0.210217,0.087792,0.136381,0.684805,-0.380726
45.729019,-0.358742,0.703034,0.250283,0.366601,0.884966,0.977462,-0.374729,-0.568407,-0.670376,-0.121929,0.981976,0.475198,0.630931,-0.090424,1.021848,-0.925836,-1.023777,-2.148145,0.703423,2.329688,2.252307,-0.173247,0.463562,0.210374,0.085079,0.135661,0.685652,-0.376987
45.729942,-0.358326,0.700830,0.249012,0.366756,0.885135,0.983458,-0.374920,-0.550769,-0.638897,-0.101562,0.968457,0.474144,0.628504,-0.090616,1.021668,-0.925365,-1.023566,-2.148057,0.703562,2.330367,2.251918,-0.176017,0.465040,0.210633,0.086158,0.136176,0.682621,-0.377774
45.731053,-0.355229,0.708027,0.253446,0.368443,0.887353,0.984816,-0.376035,-0.529396,-0.608368,-0.086140,0.952584,0.473450,0.625880,-0.090821,1.021491,-0.924902,-1.023354,-2.147971,0.703696,2.331039,2.251541,-0.176344,0.466136,0.211305,0.085914,0.135891,0.676211,-0.377523
45.732008,-0.349558,0.713495,0.249391,0.370155,0.887615,0.988130,-0.375971,-0.504602,-0.579455,-0.075151,0.934614,0.473085,0.623162,-0.091010,1.021310,-0.924443,-1.023146,-2.147890,0.703829,2.331705,2.251171,-0.178471,0.463696,0.209686,0.084679,0.133802,0.675317,-0.375788
45.732924,-0.349287,0.723558,0.249937,0.370027,0.888091,0.988807,-0.377137,-0.473831,-0.549369,-0.065490,0.913904,0.472902,0.620167,-0.091150,1.021123,-0.923992,-1.022933,-2.147810,0.703962,2.332372,2.250796,-0.181419,0.461307,0.211865,0.083099,0.133506,0.671754,-0.376143
45.734019,-0.351680,0.732677,0.251593,0.371278,0.889823,0.993264,-0.377194,-0.434154,-0.514442,-0.055361,0.888646,0.472744,0.616673,-0.091249,1.020939,-0.923545,-1.022721,-2.147726,0.704091,2.333048,2.250422,-0.181573,0.456400,0.211586,0.083203,0.132957,0.670677,-0.373929
45.735015,-0.354940,0.737560,0.253444,0.370738,0.889776,0.992600,-0.376767,-0.385545,-0.472635,-0.043769,0.858167,0.472497,0.612645,-0.091352,1.020761,-0.923097,-1.022511,-2.147645,0.704218,2.333706,2.250050,-0.180921,0.453075,0.211294,0.082356,0.131401,0.666574,-0.374310
45.735948,-0.350070,0.734834,0.250435,0.371253,0.892164,0.993402,-0.377558,-0.330965,-0.425055,-0.030242,0.823844,0.472140,0.608223,-0.091493,1.020584,-0.922655,-1.022298,-2.147561,0.704347,2.334374,2.249673,-0.179604,0.451350,0.210595,0.083027,0.131497,0.667225,-0.375447
45.736963,-0.351449,0.733845,0.254407,0.373034,0.892154,0.995762,-0.376860,-0.274099,-0.375764,-0.016528,0.787429,0.471772,0.603622,-0.091679,1.020398,-0.922196,-1.022080,-2.147480,0.704472,2.335032,2.249309,-0.182149,0.452862,0.212124,0.082570,0.129083,0.666146,-0.374047
45.737950,-0.354719,0.730925,0.250612,0.374306,0.889978,0.997992,-0.376564,-0.218321,-0.329903,-0.004758,0.751407,0.471534,0.599163,-0.091885,1.020216,-0.921740,-1.021875,-2.147401,0.704602,2.335704,2.248927,-0.181731,0.453996,0.210484,0.081074,0.129166,0.663766,-0.375765
45.738945,-0.352513,0.729678,0.246790,0.372767,0.890819,0.995598,-0.377944,-0.169118,-0.293232,0.002707,0.720154,0.471571,0.595494,-0.092096,1.020035,-0.921279,-1.021658,-2.147323,0.704736,2.336358,2.248546,-0.180350,0.455875,0.212577,0.080057,0.131336,0.661522,-0.376591
45.740087,-0.357623,0.726989,0.249240,0.377198,0.891902,0.994621,-0.379397,-0.130516,-0.269405,0.002087,0.695260,0.471967,0.593102,-0.092295,1.019852,-0.920815,-1.021437,-2.147237,0.704865,2.337014,2.248180,-0.181724,0.456921,0.214612,0.081704,0.130505,0.663965,-0.374113
45.740962,-0.354294,0.730021,0.244096,0.377915,0.895059,0.994060,-0.379945,-0.103382,-0.259398,-0.008240,0.676517,0.472697,0.592078,-0.092454,1.019675,-0.920352,-1.021226,-2.147166,0.704990,2.337682,2.247811,-0.179820,0.459607,0.214026,0.077983,0.129689,0.665445,-0.371771
45.741944,-0.359665,0.733973,0.239235,0.379628,0.895548,0.991901,-0.379423,-0.087853,-0.262578,-0.026847,0.665273,0.473715,0.592493,-0.092567,1.019492,-0.919898,-1.021005,-2.147090,0.705109,2.338351,2.247444,-0.181479,0.457870,0.216420,0.077368,0.126484,0.665444,-0.370790
45.742933,-0.360266,0.730905,0.241990,0.378784,0.895900,0.993063,-0.380408,-0.082116,-0.275268,-0.053030,0.660500,0.474997,0.594251,-0.092652,1.019317,-0.919442,-1.020784,-2.147017,0.705233,2.339011,2.247071,-0.179061,0.456349,0.218956,0.076012,0.126098,0.667552,-0.372121
45.743911,-0.365299,0.732511,0.241748,0.379063,0.895481,0.991677,-0.378832,-0.084421,-0.294097,-0.085975,0.660126,0.476520,0.597065,-0.092729,1.019136,-0.918986,-1.020568,-2.146936,0.705356,2.339679,2.246701,-0.179048,0.458397,0.217711,0.077075,0.125836,0.666269,-0.370410
45.745078,-0.363141,0.735821,0.244874,0.379786,0.898347,0.993036,-0.377816,-0.093546,-0.317290,-0.122703,0.663051,0.478216,0.600556,-0.092835,1.018963,-0.918522,-1.020347,-2.146858,0.705484,2.340347,2.246327,-0.176840,0.457899,0.217931,0.077012,0.126283,0.667543,-0.373864
45.746068,-0.366266,0.734883,0.247888,0.379856,0.898478,0.988083,-0.378152,-0.106544,-0.341721,-0.159424,0.667596,0.479949,0.604300,-0.093014,1.018780,-0.918069,-1.020133,-2.146780,0.705604,2.341018,2.245945,-0.178633,0.457841,0.217059,0.076935,0.123738,0.666757,-0.376449
45.746947,-0.364119,0.730097,0.247095,0.379768,0.898815,0.986810,-0.377969,-0.119676,-0.363966,-0.192346,0.671936,0.481549,0.607863,-0.093278,1.018602,-0.917603,-1.019919,-2.146705,0.705731,2.341700,2.245568,-0.177334,0.458693,0.215743,0.077202,0.123677,0.671591,-0.376007
45.747957,-0.366762,0.736082,0.249921,0.384342,0.898924,0.985055,-0.377509,-0.131491,-0.383269,-0.219822,0.675284,0.482917,0.611045,-0.093611,1.018423,-0.917133,-1.019705,-2.146629,0.705850,2.342373,2.245191,-0.178437,0.460758,0.216044,0.077358,0.123323,0.672268,-0.376445
45.749006,-0.365852,0.737434,0.249131,0.387341,0.899904,0.979864,-0.376649,-0.142747,-0.400115,-0.241965,0.678988,0.484030,0.614096,-0.093975,1.018246,-0.916683,-1.019490,-2.146563,0.705972,2.343058,2.244809,-0.177460,0.458406,0.214871,0.073339,0.123339,0.673922,-0.377651
45.750008,-0.364150,0.736779,0.251685,0.385190,0.902796,0.972443,-0.375122,-0.154130,-0.413991,-0.258334,0.685531,0.484867,0.617408,-0.094333,1.018068,-0.916223,-1.019273,-2.146497,0.706093,2.343752,2.244423,-0.178373,0.458555,0.215606,0.071025,0.122545,0.679139,-0.379710
45.751058,-0.367873,0.743868,0.253230,0.387335,0.904494,0.967578,-0.376614,-0.163844,-0.423569,-0.268729,0.693740,0.485367,0.620849,-0.094668,1.017888,-0.915768,-1.019059,-2.146417,0.706208,2.344444,2.244040,-0.179526,0.459460,0.214552,0.073480,0.119817,0.686398,-0.383041
45.752021,-0.370385,0.746688,0.260729,0.388699,0.905648,0.965430,-0.376339,-0.168655,-0.426558,-0.272714,0.699688,0.485444,0.623865,-0.094964,1.017710,-0.915313,-1.018844,-2.146348,0.706321,2.345145,2.243658,-0.178089,0.456756,0.214141,0.071895,0.118397,0.691191,-0.380348
45.752914,-0.372676,0.745770,0.260868,0.387931,0.907502,0.961539,-0.376027,-0.168120,-0.421319,-0.268697,0.702959,0.485066,0.626231,-0.095208,1.017537,-0.914858,-1.018640,-2.146278,0.706436,2.345840,2.243278,-0.177127,0.455707,0.210611,0.070936,0.117385,0.692953,-0.381133
45.754026,-0.370258,0.750776,0.263808,0.388287,0.909603,0.960908,-0.376924,-0.163830,-0.408579,-0.256137,0.704932,0.484287,0.627933,-0.095431,1.017361,-0.914405,-1.018430,-2.146205,0.706548,2.346544,2.242895,-0.176068,0.456126,0.210556,0.071878,0.115594,0.696167,-0.381823
45.755030,-0.368621,0.753803,0.268713,0.390696,0.910574,0.962085,-0.376706,-0.156010,-0.389493,-0.237032,0.704622,0.483218,0.628798,-0.095668,1.017181,-0.913949,-1.018220,-2.146134,0.706661,2.347241,2.242523,-0.177879,0.454830,0.209668,0.072212,0.113842,0.696995,-0.380507
45.756085,-0.367580,0.756346,0.269716,0.390798,0.910743,0.966790,-0.377749,-0.142681,-0.363501,-0.211963,0.700647,0.481932,0.628546,-0.095922,1.017000,-0.913491,-1.018020,-2.146069,0.706771,2.347938,2.242140,-0.178981,0.453876,0.207610,0.070405,0.113114,0.695591,-0.381230
45.757031,-0.369093,0.753205,0.267441,0.394134,0.912289,0.966837,-0.378376,-0.123263,-0.331022,-0.181025,0.693550,0.480514,0.627180,-0.096173,1.016817,-0.913043,-1.017811,-2.145996,0.706883,2.348626,2.241761,-0.179905,0.453596,0.207569,0.070848,0.113244,0.690898,-0.379486
45.757928,-0.367127,0.751449,0.269598,0.394477,0.913884,0.966709,-0.377923,-0.101964,-0.296890,-0.148790,0.685991,0.479213,0.625344,-0.096381,1.016642,-0.912584,-1.017598,-2.145934,0.706990,2.349309,2.241389,-0.179352,0.455379,0.208818,0.068011,0.111871,0.690545,-0.378443
45.758935,-0.368518,0.758491,0.271375,0.395670,0.911162,0.970365,-0.379136,-0.083995,-0.267222,-0.120298,0.681152,0.478282,0.623785,-0.096526,1.016459,-0.912132,-1.017392,-2.145866,0.707095,2.350001,2.241006,-0.180363,0.456225,0.207752,0.068002,0.110426,0.690075,-0.379444
45.760001,-0.371008,0.759643,0.272647,0.396185,0.912640,0.970363,-0.380426,-0.069177,-0.242548,-0.095506,0.678773,0.477706,0.622547,-0.096624,1.016280,-0.911687,-1.017185,-2.145802,0.707214,2.350686,2.240629,-0.179982,0.453388,0.207201,0.067447,0.113343,0.686259,-0.377280
45.760953,-0.372128,0.762436,0.271408,0.396729,0.914914,0.973230,-0.380246,-0.055400,-0.220558,-0.072973,0.676805,0.477339,0.621363,-0.096695,1.016101,-0.911232,-1.016980,-2.145735,0.707322,2.351363,2.240262,-0.179205,0.453813,0.207085,0.067617,0.112160,0.686463,-0.375138
45.762051,-0.375227,0.766359,0.278126,0.398098,0.918256,0.974828,-0.379565,-0.043172,-0.201642,-0.053911,0.674595,0.477138,0.620178,-0.096751,1.015922,-0.910786,-1.016771,-2.145668,0.707427,2.352046,2.239885,-0.178836,0.452788,0.207874,0.067513,0.110097,0.683232,-0.375719
45.763026,-0.376556,0.766969,0.277486,0.397308,0.920326,0.982126,-0.378828,-0.032745,-0.186182,-0.038366,0.672146,0.477081,0.618847,-0.096833,1.015748,-0.910333,-1.016571,-2.145605,0.707527,2.352716,2.239506,-0.177892,0.452000,0.205148,0.067009,0.107204,0.681979,-0.377539
45.764004,-0.371580,0.768463,0.277729,0.398812,0.923047,0.982572,-0.378882,-0.023625,-0.173840,-0.024813,0.669495,0.477160,0.617151,-0.096966,1.015570,-0.909885,-1.016368,-2.145535,0.707626,2.353379,2.239124,-0.177495,0.452212,0.205792,0.068238,0.105461,0.674503,-0.379230
45.764911,-0.374734,0.769035,0.279735,0.399929,0.923968,0.985883,-0.379233,-0.014709,-0.164497,-0.013396,0.665812,0.477433,0.614954,-0.097109,1.015383,-0.909431,-1.016161,-2.145470,0.707723,2.354052,2.238748,-0.180170,0.451906,0.205921,0.067269,0.103061,0.673963,-0.379351
45.765936,-0.370518,0.774787,0.277096,0.399325,0.925141,0.987005,-0.379482,-0.004810,-0.157820,-0.003906,0.660780,0.477936,0.612225,-0.097212,1.015206,-0.908976,-1.015960,-2.145406,0.707825,2.354711,2.238366,-0.178662,0.451622,0.205041,0.066560,0.102344,0.670258,-0.378737
45.766909,-0.368816,0.769378,0.277605,0.403852,0.924460,0.988377,-0.379550,0.006949,-0.152679,0.004329,0.653909,0.478654,0.609019,-0.097270,1.015019,-0.908531,-1.015747,-2.145338,0.707925,2.355376,2.237984,-0.181090,0.449572,0.206695,0.067773,0.101543,0.669231,-0.378548
45.768019,-0.371751,0.769577,0.278744,0.405370,0.925944,0.986908,-0.379936,0.020873,-0.148954,0.010793,0.645134,0.479610,0.605553,-0.097290,1.014837,-0.908071,-1.015539,-2.145282,0.708029,2.356031,2.237608,-0.182132,0.452673,0.206648,0.063953,0.102495,0.667780,-0.378653
45.768941,-0.372193,0.767979,0.279374,0.406483,0.926319,0.986075,-0.379873,0.033403,-0.150570,0.014318,0.638274,0.480878,0.602411,-0.097265,1.014659,-0.907620,-1.015334,-2.145219,0.708126,2.356704,2.237230,-0.181233,0.453817,0.206719,0.063338,0.101501,0.669637,-0.378345
45.770015,-0.375919,0.762236,0.281197,0.408483,0.927314,0.988835,-0.379755,0.040955,-0.160386,0.014281,0.636141,0.482414,0.599966,-0.097207,1.014473,-0.907160,-1.015129,-2.145156,0.708227,2.357376,2.236847,-0.181061,0.454660,0.206518,0.062697,0.101353,0.670080,-0.378597
45.771060,-0.377265,0.760622,0.284963,0.407966,0.929682,0.988908,-0.379692,0.041592,-0.179356,0.010301,0.639564,0.484099,0.598356,-0.097158,1.014298,-0.906692,-1.014925,-2.145096,0.708326,2.358032,2.236473,-0.179723,0.458412,0.206166,0.061573,0.100796,0.667605,-0.379261
45.772018,-0.380796,0.757669,0.284931,0.407385,0.932320,0.990825,-0.381594,0.033795,-0.208439,0.002265,0.649201,0.485825,0.597677,-0.097144,1.014119,-0.906232,-1.014722,-2.145033,0.708418,2.358696,2.236089,-0.179480,0.459970,0.204766,0.062850,0.098886,0.667710,-0.379719
45.772980,-0.378752,0.762752,0.286392,0.406667,0.934376,0.991755,-0.383476,0.018843,-0.245726,-0.009054,0.663026,0.487478,0.597691,-0.097153,1.013945,-0.905763,-1.014516,-2.144966,0.708509,2.359354,2.235722,-0.177964,0.461600,0.205008,0.063900,0.096612,0.665619,-0.376121
45.774041,-0.382400,0.758721,0.293872,0.406954,0.938123,0.991260,-0.383756,0.000689,-0.286058,-0.022249,0.677044,0.488973,0.597976,-0.097148,1.013761,-0.905301,-1.014313,-2.144901,0.708600,2.360021,2.235356,-0.179173,0.459268,0.204520,0.065122,0.094929,0.664504,-0.372613
45.774913,-0.382340,0.762204,0.296740,0.409844,0.937570,0.988537,-0.384852,-0.016145,-0.323941,-0.033903,0.688214,0.490238,0.598076,-0.097111,1.013584,-0.904839,-1.014114,-2.144834,0.708685,2.360696,2.234982,-0.177804,0.462183,0.201334,0.065508,0.091726,0.665169,-0.372488
45.775987,-0.382377,0.765232,0.299972,0.409997,0.938778,0.986665,-0.385103,-0.030276,-0.357111,-0.040098,0.697265,0.491265,0.597827,-0.097071,1.013407,-0.904380,-1.013917,-2.144776,0.708778,2.361361,2.234611,-0.177867,0.460142,0.199996,0.063083,0.092555,0.667373,-0.370352
45.776912,-0.380602,0.759301,0.301482,0.410421,0.938355,0.986842,-0.384297,-0.040849,-0.383448,-0.038722,0.705105,0.492066,0.597190,-0.097063,1.013227,-0.903925,-1.013722,-2.144712,0.708869,2.362041,2.234248,-0.178337,0.459653,0.199049,0.063729,0.091853,0.669411,-0.370337
45.778096,-0.383090,0.753243,0.306638,0.411944,0.938350,0.986690,-0.384922,-0.046806,-0.401756,-0.030595,0.710827,0.492675,0.596124,-0.097116,1.013043,-0.903456,-1.013525,-2.144649,0.708959,2.362714,2.233879,-0.179298,0.462598,0.198515,0.063796,0.092628,0.668839,-0.372148
45.778972,-0.386068,0.757225,0.306869,0.412102,0.938024,0.982177,-0.386424,-0.051131,-0.416170,-0.019180,0.715962,0.493213,0.594992,-0.097239,1.012866,-0.902978,-1.013333,-2.144589,0.709054,2.363381,2.233510,-0.178826,0.467043,0.196938,0.063380,0.093258,0.669690,-0.371514
45.779922,-0.386797,0.759076,0.311980,0.411219,0.940656,0.979801,-0.388070,-0.057372,-0.430195,-0.007280,0.722544,0.493715,0.594195,-0.097397,1.012690,-0.902518,-1.013137,-2.144524,0.709148,2.364063,2.233146,-0.177367,0.464738,0.196935,0.063557,0.093811,0.673610,-0.368598
45.781006,-0.390959,0.767064,0.313964,0.412431,0.943787,0.979525,-0.386726,-0.064099,-0.440928,0.005484,0.728708,0.493978,0.593578,-0.097556,1.012512,-0.902052,-1.012946,-2.144457,0.709236,2.364735,2.232792,-0.177220,0.463963,0.194728,0.064890,0.091534,0.675697,-0.365589
45.782087,-0.394078,0.771392,0.316005,0.414466,0.947925,0.976560,-0.387584,-0.067954,-0.443792,0.020830,0.731606,0.493772,0.592839,-0.097724,1.012343,-0.901602,-1.012755,-2.144395,0.709321,2.365417,2.232413,-0.175757,0.461079,0.194488,0.064491,0.088992,0.676156,-0.368761
45.782970,-0.393926,0.775634,0.318546,0.414943,0.950456,0.975354,-0.387929,-0.068911,-0.437803,0.038255,0.731350,0.493089,0.592127,-0.097930,1.012169,-0.901143,-1.012560,-2.144333,0.709400,2.366106,2.232044,-0.174776,0.459936,0.194161,0.063296,0.085495,0.679297,-0.367460
45.783921,-0.398167,0.775639,0.326451,0.416521,0.949731,0.972942,-0.387637,-0.067651,-0.423526,0.056817,0.728875,0.492046,0.591594,-0.098163,1.011994,-0.900687,-1.012372,-2.144270,0.709481,2.366787,2.231686,-0.174925,0.457653,0.193088,0.063235,0.083342,0.679887,-0.366922
45.785006,-0.398129,0.774142,0.327526,0.416717,0.949422,0.976761,-0.387089,-0.063720,-0.401492,0.077971,0.724752,0.490729,0.591046,-0.098405,1.011826,-0.900236,-1.012190,-2.144211,0.709567,2.367478,2.231313,-0.173108,0.458002,0.189594,0.062271,0.084504,0.681934,-0.367732
45.785891,-0.397835,0.771406,0.328360,0.418774,0.950590,0.975839,-0.387705,-0.058432,-0.374792,0.101976,0.720474,0.489291,0.590418,-0.098671,1.011654,-0.899774,-1.011997,-2.144148,0.709656,2.368146,2.230942,-0.173763,0.459757,0.189811,0.062912,0.085371,0.678350,-0.369290
45.786916,-0.395437,0.773240,0.337611,0.418519,0.952257,0.976693,-0.389152,-0.054201,-0.348269,0.125401,0.717429,0.487976,0.589909,-0.098952,1.011481,-0.899311,-1.011808,-2.144090,0.709740,2.368826,2.230579,-0.174003,0.460883,0.189598,0.061349,0.084523,0.678732,-0.368161
45.788025,-0.395599,0.777380,0.337533,0.420281,0.952602,0.981357,-0.388186,-0.049959,-0.323223,0.147898,0.715175,0.486852,0.589353,-0.099202,1.011301,-0.898854,-1.011628,-2.144026,0.709819,2.369507,2.230216,-0.175575,0.460652,0.185640,0.062307,0.083428,0.677836,-0.365634
45.788913,-0.398564,0.778132,0.337834,0.420845,0.955512,0.981894,-0.389769,-0.041967,-0.297514,0.172228,0.711697,0.485832,0.588284,-0.099401,1.011125,-0.898394,-1.011439,-2.143966,0.709904,2.370169,2.229848,-0.176091,0.459740,0.186569,0.061486,0.083727,0.673557,-0.368127
45.789920,-0.399653,0.781951,0.335227,0.422419,0.956806,0.983222,-0.390222,-0.030631,-0.271636,0.196346,0.706553,0.484986,0.586836,-0.099547,1.010955,-0.897941,-1.011253,-2.143907,0.709980,2.370842,2.229488,-0.174737,0.459282,0.186661,0.061413,0.081209,0.672537,-0.365056
45.791033,-0.397108,0.792057,0.339396,0.422957,0.960356,0.985788,-0.389429,-0.007230,-0.226564,0.229289,0.693161,0.484179,0.584169,-0.099644,1.010601,-0.897029,-1.010876,-2.143785,0.710129,2.372167,2.228752,-0.176465,0.454119,0.187276,0.060970,0.077702,0.669075,-0.366636
45.792184,-0.395478,0.798777,0.344715,0.424649,0.964312,0.991136,-0.391442,-0.007230,-0.226564,0.229289,0.693161,0.484179,0.584169,-0.099644,1.010601,-0.897029,-1.010876,-2.143785,0.710129,2.372167,2.228752,-0.176465,0.454119,0.187276,0.060970,0.077702,0.669075,-0.366636
45.793102,-0.397462,0.799824,0.345591,0.425497,0.966863,0.992444,-0.390793,0.011674,-0.201047,0.242458,0.680657,0.483890,0.582255,-0.099675,1.010420,-0.896585,-1.010691,-2.143725,0.710195,2.372825,2.228395,-0.177933,0.452392,0.185612,0.060299,0.074611,0.664308,-0.363182
45.794091,-0.399787,0.795086,0.343740,0.426041,0.968139,0.995784,-0.390827,0.067494,-0.142132,0.271818,0.644777,0.483177,0.576814,-0.099843,1.010072,-0.895674,-1.010314,-2.143604,0.710337,2.374135,2.227664,-0.176255,0.454834,0.186938,0.060132,0.071927,0.659366,-0.364936
45.795196,-0.401776,0.790598,0.342390,0.429454,0.967697,0.999616,-0.390307,0.089299,-0.123873,0.276870,0.630022,0.483334,0.574979,-0.099913,1.009895,-0.895209,-1.010121,-2.143551,0.710410,2.374790,2.227295,-0.175859,0.458166,0.188385,0.057804,0.073137,0.655980,-0.366490
45.796021,-0.400895,0.786554,0.347228,0.430679,0.968137,1.001333,-0.390217,0.089299,-0.123873,0.276870,0.630022,0.483334,0.574979,-0.099913,1.009895,-0.895209,-1.010121,-2.143551,0.710410,2.374790,2.227295,-0.175859,0.458166,0.188385,0.057804,0.073137,0.655980,-0.366490
45.797016,-0.405526,0.783357,0.347069,0.432014,0.970727,0.998853,-0.388782,0.099430,-0.121140,0.271017,0.623017,0.484082,0.574701,-0.099927,1.009719,-0.894744,-1.009941,-2.143493,0.710478,2.375439,2.226930,-0.176222,0.459555,0.186077,0.056964,0.073097,0.653649,-0.366669
45.798014,-0.405070,0.787942,0.344262,0.434642,0.973569,0.998031,-0.387494,0.098609,-0.133073,0.257312,0.624191,0.485277,0.575892,-0.099883,1.009545,-0.894282,-1.009752,-2.143437,0.710544,2.376098,2.226549,-0.174252,0.461617,0.186707,0.056443,0.071161,0.656160,-0.369828
45.798924,-0.405691,0.788058,0.342013,0.434595,0.976382,0.996226,-0.388023,0.072222,-0.187452,0.210113,0.642760,0.488457,0.581741,-0.099703,1.009193,-0.893357,-1.009367,-2.143328,0.710670,2.377419,2.225801,-0.174647,0.459640,0.189953,0.055377,0.066785,0.658408,-0.371721
45.800027,-0.407467,0.793863,0.342639,0.435507,0.978294,0.996625,-0.387164,0.072222,-0.187452,0.210113,0.642760,0.488457,0.581741,-0.099703,1.009193,-0.893357,-1.009367,-2.143328,0.710670,2.377419,2.225801,-0.174647,0.459640,0.189953,0.055377,0.066785,0.658408,-0.371721
45.801006,-0.404638,0.792855,0.342840,0.434778,0.979032,0.993773,-0.384892,0.054016,-0.219716,0.178286,0.653013,0.490147,0.585564,-0.099610,1.009018,-0.892904,-1.009173,-2.143273,0.710732,2.378081,2.225419,-0.174370,0.457939,0.190397,0.055509,0.065728,0.658388,-0.373918
45.801931,-0.409512,0.789336,0.344707,0.436450,0.981620,0.991293,-0.384153,0.037733,-0.249148,0.144342,0.659418,0.491700,0.589210,-0.099554,1.008839,-0.892443,-1.008980,-2.143213,0.710796,2.378736,2.225034,-0.176067,0.458823,0.190720,0.056913,0.065670,0.661216,-0.378700
45.803153,-0.409220,0.790127,0.345891,0.438460,0.984509,0.991884,-0.382927,0.024215,-0.274839,0.110394,0.661602,0.493066,0.592407,-0.099559,1.008667,-0.891984,-1.008791,-2.143158,0.710853,2.379405,2.224646,-0.173802,0.460661,0.190093,0.055903,0.063727,0.663339,-0.380247
45.804009,-0.407109,0.787167,0.346798,0.437996,0.984497,0.990090,-0.382139,0.010031,-0.299649,0.076458,0.662805,0.494343,0.595481,-0.099596,1.008493,-0.891516,-1.008600,-2.143104,0.710911,2.380063,2.224261,-0.174890,0.462009,0.190634,0.055235,0.061883,0.663617,-0.383359
45.804962,-0.406828,0.788329,0.345269,0.440649,0.984835,0.991047,-0.382977,-0.005594,-0.324128,0.042961,0.664290,0.495597,0.598579,-0.099609,1.008314,-0.891046,-1.008412,-2.143046,0.710975,2.380728,2.223873,-0.175907,0.463001,0.190313,0.056154,0.062418,0.664823,-0.384899
45.805943,-0.408202,0.785113,0.344585,0.441209,0.985669,0.987982,-0.383415,-0.020909,-0.346314,0.010928,0.665176,0.496808,0.601626,-0.099570,1.008135,-0.890585,-1.008218,-2.142996,0.711040,2.381400,2.223487,-0.176230,0.462618,0.191424,0.054341,0.062697,0.663582,-0.383352
45.807116,-0.408930,0.786118,0.344130,0.443460,0.987870,0.987816,-0.383468,-0.055290,-0.385373,-0.053044,0.668599,0.499122,0.608786,-0.099361,1.007780,-0.889654,-1.007829,-2.142893,0.711159,2.382744,2.222722,-0.176218,0.465543,0.193363,0.053701,0.061327,0.667300,-0.383185
45.808040,-0.410988,0.787144,0.348429,0.445991,0.990436,0.981385,-0.382975,-0.055290,-0.385373,-0.053044,0.668599,0.499122,0.608786,-0.099361,1.007780,-0.889654,-1.007829,-2.142893,0.711159,2.382744,2.222722,-0.176218,0.465543,0.193363,0.053701,0.061327,0.667300,-0.383185
45.809010,-0.412298,0.790881,0.350205,0.445073,0.993735,0.979725,-0.382889,-0.076459,-0.403856,-0.085906,0.672889,0.500174,0.613330,-0.099248,1.007607,-0.889189,-1.007640,-2.142845,0.711211,2.383435,2.222336,-0.175366,0.465002,0.191491,0.052014,0.059466,0.673297,-0.384285
45.809994,-0.410151,0.790740,0.348004,0.448196,0.996159,0.975992,-0.383706,-0.097552,-0.418408,-0.114932,0.678073,0.500952,0.618112,-0.099147,1.007434,-0.888727,-1.007450,-2.142788,0.711264,2.384111,2.221953,-0.175026,0.463426,0.191056,0.053689,0.056922,0.674699,-0.384655
45.811045,-0.416416,0.793728,0.352020,0.449996,0.998993,0.972476,-0.383716,-0.131446,-0.428362,-0.157392,0.684904,0.501507,0.627031,-0.098859,1.007089,-0.887804,-1.007067,-2.142696,0.711364,2.385482,2.221184,-0.173805,0.463196,0.191233,0.050913,0.053382,0.681798,-0.383564
45.812014,-0.417180,0.799678,0.355408,0.451252,1.002754,0.967889,-0.385137,-0.131446,-0.428362,-0.157392,0.684904,0.501507,0.627031,-0.098859,1.007089,-0.887804,-1.007067,-2.142696,0.711364,2.385482,2.221184,-0.173805,0.463196,0.191233,0.050913,0.053382,0.681798,-0.383564
45.812968,-0.417685,0.800605,0.359232,0.452362,1.003220,0.970358,-0.385248,-0.145641,-0.425285,-0.171118,0.687948,0.501379,0.631026,-0.098668,1.006914,-0.887352,-1.006880,-2.142647,0.711411,2.386178,2.220807,-0.173735,0.460615,0.190013,0.050572,0.050431,0.686055,-0.380914
45.814064,-0.417464,0.801581,0.359680,0.454404,1.004865,0.973436,-0.384909,-0.156088,-0.415234,-0.176943,0.689851,0.500940,0.634197,-0.098478,1.006741,-0.886893,-1.006693,-2.142597,0.711465,2.386862,2.220425,-0.173751,0.460427,0.188527,0.050326,0.050732,0.683186,-0.380896
45.815040,-0.416701,0.801693,0.362016,0.455149,1.005035,0.974544,-0.386269,-0.162331,-0.399348,-0.175363,0.690501,0.500303,0.636467,-0.098292,1.006568,-0.886427,-1.006508,-2.142553,0.711514,2.387539,2.220043,-0.174481,0.460952,0.189162,0.049578,0.050038,0.680387,-0.382017
45.815969,-0.415744,0.805004,0.361594,0.456686,1.004532,0.975810,-0.385525,-0.165744,-0.380936,-0.169330,0.690581,0.499679,0.638076,-0.098118,1.006390,-0.885969,-1.006319,-2.142504,0.711566,2.388215,2.219668,-0.175135,0.461281,0.188448,0.049774,0.050669,0.679103,-0.379508
45.816938,-0.419473,0.804632,0.367446,0.459335,1.006228,0.976125,-0.384540,-0.166199,-0.361321,-0.160529,0.689583,0.499186,0.639071,-0.097964,1.006216,-0.885511,-1.006129,-2.142456,0.711621,2.388889,2.219286,-0.175806,0.459702,0.188991,0.049092,0.051864,0.677468,-0.381171
45.817977,-0.423626,0.809365,0.373242,0.460981,1.006052,0.978313,-0.384721,-0.164219,-0.341477,-0.149169,0.688137,0.498847,0.639544,-0.097833,1.006045,-0.885051,-1.005946,-2.142413,0.711671,2.389568,2.218894,-0.174244,0.460227,0.186551,0.047477,0.050940,0.676929,-0.383310
45.819096,-0.423438,0.809165,0.373935,0.463065,1.007884,0.978148,-0.384839,-0.161968,-0.323302,-0.134295,0.688625,0.498611,0.639677,-0.097726,1.005874,-0.884599,-1.005767,-2.142366,0.711723,2.390244,2.218512,-0.172668,0.458678,0.184405,0.046949,0.051997,0.674778,-0.383255
45.820026,-0.424644,0.814199,0.378375,0.464244,1.008332,0.980319,-0.385017,-0.160650,-0.308127,-0.116012,0.691903,0.498430,0.639489,-0.097632,1.005699,-0.884137,-1.005579,-2.142322,0.711773,2.390923,2.218133,-0.173438,0.460013,0.184964,0.046231,0.051137,0.675329,-0.383510
45.821001,-0.427466,0.815084,0.382161,0.465246,1.010345,0.982775,-0.386300,-0.159567,-0.295982,-0.095754,0.696745,0.498285,0.638797,-0.097533,1.005525,-0.883691,-1.005401,-2.142276,0.711824,2.391582,2.217752,-0.173026,0.457709,0.183182,0.045950,0.051424,0.672856,-0.383288
45.822056,-0.427881,0.815999,0.384927,0.465008,1.011614,0.987321,-0.384339,-0.154207,-0.276611,-0.050128,0.705782,0.497959,0.635094,-0.097325,1.005184,-0.882768,-1.005044,-2.142184,0.711920,2.392891,2.216985,-0.172314,0.457995,0.181320,0.047371,0.049884,0.666022,-0.385251
45.822980,-0.430145,0.820471,0.386481,0.464591,1.012651,0.989428,-0.384016,-0.149440,-0.268664,-0.027167,0.707049,0.497868,0.631987,-0.097282,1.005015,-0.882316,-1.004863,-2.142134,0.711968,2.393551,2.216595,-0.171406,0.455866,0.180951,0.048572,0.049601,0.663634,-0.385954
45.824017,-0.428165,0.813300,0.386651,0.468906,1.013708,0.994008,-0.385907,-0.149440,-0.268664,-0.027167,0.707049,0.497868,0.631987,-0.097282,1.005015,-0.882316,-1.004863,-2.142134,0.711968,2.393551,2.216595,-0.171406,0.455866,0.180951,0.048572,0.049601,0.663634,-0.385954
45.825061,-0.429045,0.810859,0.385298,0.469562,1.012458,0.996256,-0.385269,-0.144589,-0.263116,-0.006989,0.706119,0.497989,0.628380,-0.097287,1.004839,-0.881846,-1.004677,-2.142095,0.712012,2.394192,2.216222,-0.172859,0.460131,0.181556,0.045527,0.049484,0.659294,-0.382492
45.826012,-0.427625,0.805476,0.386397,0.473051,1.012892,0.998970,-0.384839,-0.144347,-0.265427,0.006321,0.706899,0.498571,0.625111,-0.097306,1.004665,-0.881383,-1.004494,-2.142049,0.712067,2.394846,2.215835,-0.172879,0.462059,0.182962,0.046058,0.051601,0.657279,-0.384139
45.827066,-0.426905,0.798345,0.388112,0.474828,1.012731,1.000552,-0.386271,-0.167688,-0.305317,0.004362,0.721947,0.501454,0.621681,-0.097351,1.004314,-0.880431,-1.004130,-2.141969,0.712176,2.396139,2.215070,-0.174686,0.469003,0.182777,0.043167,0.052899,0.653170,-0.382622
45.828059,-0.426639,0.791109,0.385721,0.477078,1.014845,0.999530,-0.387412,-0.167688,-0.305317,0.004362,0.721947,0.501454,0.621681,-0.097351,1.004314,-0.880431,-1.004130,-2.141969,0.712176,2.396139,2.215070,-0.174686,0.469003,0.182777,0.043167,0.052899,0.653170,-0.382622
45.829048,-0.426950,0.797040,0.386123,0.477390,1.016002,1.002040,-0.386222,-0.224110,-0.394255,-0.033932,0.757510,0.505941,0.623118,-0.097253,1.003964,-0.879485,-1.003756,-2.141885,0.712274,2.397450,2.214307,-0.175317,0.470169,0.184832,0.042891,0.051273,0.651650,-0.383261
45.830236,-0.432769,0.801154,0.388060,0.479504,1.020003,1.004393,-0.386946,-0.224110,-0.394255,-0.033932,0.757510,0.505941,0.623118,-0.097253,1.003964,-0.879485,-1.003756,-2.141885,0.712274,2.397450,2.214307,-0.175317,0.470169,0.184832,0.042891,0.051273,0.651650,-0.383261
45.831012,-0.433291,0.804119,0.389680,0.481939,1.021412,1.003130,-0.387355,-0.292792,-0.496359,-0.094505,0.794069,0.510504,0.627032,-0.097215,1.003621,-0.878551,-1.003384,-2.141807,0.712361,2.398748,2.213544,-0.172861,0.467259,0.184079,0.040675,0.047601,0.650580,-0.381418
45.831954,-0.435344,0.802068,0.392716,0.483572,1.022057,1.002009,-0.388108,-0.292792,-0.496359,-0.094505,0.794069,0.510504,0.627032,-0.097215,1.003621,-0.878551,-1.003384,-2.141807,0.712361,2.398748,2.213544,-0.172861,0.467259,0.184079,0.040675,0.047601,0.650580,-0.381418
45.833068,-0.432849,0.804072,0.393403,0.485365,1.023035,1.001562,-0.387185,-0.325843,-0.540447,-0.124007,0.809962,0.512473,0.629201,-0.097274,1.003453,-0.878078,-1.003203,-2.141768,0.712406,2.399397,2.213170,-0.172129,0.468325,0.183020,0.040137,0.047774,0.651548,-0.380098
45.833988,-0.431328,0.803448,0.393734,0.486299,1.022394,0.997438,-0.389139,-0.355752,-0.577612,-0.149524,0.823801,0.514211,0.631226,-0.097390,1.003277,-0.877612,-1.003020,-2.141730,0.712455,2.400055,2.212782,-0.174022,0.468433,0.183606,0.039846,0.047787,0.652455,-0.382423
45.835046,-0.431095,0.798667,0.393134,0.489976,1.022599,0.994553,-0.389310,-0.398694,-0.628251,-0.188242,0.839421,0.517073,0.634066,-0.097712,1.002924,-0.876657,-1.002648,-2.141658,0.712558,2.401379,2.212036,-0.175514,0.471630,0.184818,0.037765,0.049836,0.659377,-0.378705
45.835970,-0.433479,0.795898,0.394438,0.491541,1.022970,0.991947,-0.389726,-0.398694,-0.628251,-0.188242,0.839421,0.517073,0.634066,-0.097712,1.002924,-0.876657,-1.002648,-2.141658,0.712558,2.401379,2.212036,-0.175514,0.471630,0.184818,0.037765,0.049836,0.659377,-0.378705
45.837094,-0.434966,0.800345,0.393151,0.494418,1.024777,0.988111,-0.391455,-0.415593,-0.646928,-0.204716,0.844300,0.518295,0.635357,-0.097866,1.002751,-0.876186,-1.002464,-2.141622,0.712610,2.402048,2.211658,-0.174500,0.472907,0.184533,0.037324,0.050178,0.661619,-0.378006
45.838094,-0.433030,0.799849,0.393540,0.496103,1.027419,0.982725,-0.392130,-0.449690,-0.678961,-0.237700,0.855386,0.520200,0.638882,-0.098152,1.002400,-0.875248,-1.002090,-2.141554,0.712704,2.403402,2.210916,-0.175764,0.472467,0.186437,0.035724,0.047588,0.671154,-0.374024
45.839010,-0.435164,0.801475,0.392343,0.495702,1.028277,0.980940,-0.392560,-0.449690,-0.678961,-0.237700,0.855386,0.520200,0.638882,-0.098152,1.002400,-0.875248,-1.002090,-2.141554,0.712704,2.403402,2.210916,-0.175764,0.472467,0.186437,0.035724,0.047588,0.671154,-0.374024
45.839960,-0.436313,0.808039,0.397479,0.497801,1.030338,0.980231,-0.392594,-0.462791,-0.688218,-0.253079,0.858062,0.520685,0.640559,-0.098328,1.002225,-0.874779,-1.001900,-2.141515,0.712750,2.404084,2.210545,-0.174819,0.471527,0.187328,0.037172,0.047509,0.672434,-0.373321
45.840945,-0.438513,0.814268,0.394923,0.500237,1.031959,0.978911,-0.393939,-0.470215,-0.689452,-0.265398,0.856268,0.520768,0.641676,-0.098564,1.002054,-0.874313,-1.001720,-2.141481,0.712792,2.404757,2.210175,-0.174535,0.468357,0.185227,0.036299,0.046281,0.672861,-0.373481
45.841983,-0.441585,0.815051,0.391496,0.501288,1.031805,0.978833,-0.393620,-0.470665,-0.680059,-0.272149,0.849964,0.520453,0.642087,-0.098854,1.001882,-0.873859,-1.001530,-2.141449,0.712835,2.405439,2.209807,-0.173789,0.465734,0.187016,0.035199,0.045551,0.673998,-0.371055
45.843048,-0.435428,0.811510,0.396736,0.503444,1.032145,0.976950,-0.394084,-0.466626,-0.661950,-0.276001,0.840620,0.519992,0.642142,-0.099153,1.001712,-0.873389,-1.001336,-2.141414,0.712884,2.406109,2.209436,-0.172768,0.465988,0.189313,0.035564,0.046611,0.674158,-0.372098
45.844081,-0.433495,0.817480,0.399948,0.506070,1.032460,0.977408,-0.396537,-0.460547,-0.639608,-0.279969,0.829527,0.519654,0.642080,-0.099413,1.001528,-0.872921,-1.001156,-2.141381,0.712931,2.406794,2.209065,-0.176299,0.468579,0.187473,0.034899,0.047223,0.676165,-0.371576
45.844968,-0.436666,0.813579,0.402763,0.507707,1.032905,0.974756,-0.396059,-0.449711,-0.613806,-0.280450,0.816708,0.519375,0.641492,-0.099615,1.001346,-0.872459,-1.000972,-2.141349,0.712980,2.407475,2.208703,-0.177595,0.466230,0.186555,0.033740,0.047787,0.675686,-0.367031
45.846065,-0.434383,0.816340,0.404428,0.509191,1.033672,0.975851,-0.395924,-0.432892,-0.584664,-0.274247,0.802880,0.519025,0.640146,-0.099778,1.001173,-0.871988,-1.000790,-2.141318,0.713031,2.408151,2.208339,-0.176094,0.467907,0.185451,0.033276,0.048014,0.677819,-0.368172
45.847078,-0.436755,0.823116,0.409441,0.512326,1.036181,0.978624,-0.395709,-0.389900,-0.525659,-0.246429,0.776958,0.518122,0.635760,-0.100185,1.000819,-0.871067,-1.000427,-2.141256,0.713123,2.409498,2.207599,-0.176986,0.464762,0.183643,0.031692,0.046609,0.674179,-0.369683
45.847962,-0.435004,0.827827,0.412993,0.512453,1.036155,0.982472,-0.394325,-0.362678,-0.493761,-0.224002,0.764133,0.517444,0.632613,-0.100493,1.000637,-0.870609,-1.000250,-2.141220,0.713171,2.410150,2.207221,-0.177866,0.462234,0.182222,0.032645,0.047355,0.669902,-0.372543
45.849037,-0.438524,0.835568,0.417547,0.513449,1.038688,0.985283,-0.393398,-0.362678,-0.493761,-0.224002,0.764133,0.517444,0.632613,-0.100493,1.000637,-0.870609,-1.000250,-2.141220,0.713171,2.410150,2.207221,-0.177866,0.462234,0.182222,0.032645,0.047355,0.669902,-0.372543
45.849987,-0.439548,0.838668,0.418064,0.514211,1.036947,0.988549,-0.393132,-0.329556,-0.456790,-0.194402,0.749262,0.516525,0.628589,-0.100851,1.000461,-0.870160,-1.000071,-2.141185,0.713215,2.410813,2.206839,-0.176618,0.459451,0.180803,0.033119,0.045797,0.667385,-0.374784
45.851054,-0.432953,0.832985,0.420440,0.515760,1.036077,0.992584,-0.393144,-0.291566,-0.414853,-0.159525,0.731387,0.515454,0.623768,-0.101201,1.000288,-0.869700,-0.999889,-2.141152,0.713267,2.411461,2.206464,-0.176382,0.458132,0.181041,0.033603,0.048316,0.663990,-0.375500
45.852088,-0.433466,0.828906,0.416607,0.519913,1.035959,0.996815,-0.392848,-0.251378,-0.371474,-0.123093,0.711277,0.514434,0.618504,-0.101497,1.000102,-0.869233,-0.999709,-2.141119,0.713320,2.412120,2.206085,-0.180100,0.461841,0.180673,0.033562,0.050071,0.660220,-0.375862
45.853001,-0.439489,0.819923,0.420052,0.521045,1.037065,0.999046,-0.390938,-0.213535,-0.333567,-0.090343,0.692087,0.513726,0.613508,-0.101715,0.999920,-0.868761,-0.999520,-2.141093,0.713373,2.412761,2.205707,-0.180171,0.464436,0.183237,0.030994,0.051032,0.656231,-0.376799
45.854068,-0.438717,0.817417,0.421026,0.523102,1.037436,0.999164,-0.389912,-0.186526,-0.310005,-0.067667,0.679567,0.513595,0.609922,-0.101868,0.999749,-0.868282,-0.999342,-2.141062,0.713424,2.413412,2.205317,-0.177316,0.468699,0.181895,0.031109,0.050618,0.653726,-0.380724
45.855004,-0.437500,0.816734,0.421711,0.524585,1.038505,1.002589,-0.387896,-0.175624,-0.305339,-0.057526,0.676799,0.514070,0.608330,-0.102012,0.999568,-0.867811,-0.999157,-2.141032,0.713475,2.414074,2.204930,-0.178190,0.470710,0.182195,0.030627,0.051168,0.653891,-0.383120
45.855980,-0.440428,0.821463,0.424846,0.526442,1.042350,1.001262,-0.386556,-0.177878,-0.316431,-0.057644,0.681565,0.514938,0.608406,-0.102196,0.999390,-0.867342,-0.998974,-2.141002,0.713526,2.414726,2.204539,-0.178967,0.471039,0.182274,0.030451,0.050830,0.650219,-0.387279
45.857054,-0.444902,0.822883,0.426097,0.528020,1.043008,1.001147,-0.387733,-0.187343,-0.336219,-0.064069,0.689941,0.515944,0.609560,-0.102418,0.999215,-0.866881,-0.998797,-2.140973,0.713567,2.415375,2.204142,-0.177782,0.469011,0.181302,0.029991,0.047848,0.651568,-0.390102
45.858076,-0.452200,0.825825,0.431113,0.529663,1.043630,1.000290,-0.388140,-0.200586,-0.359093,-0.073664,0.699446,0.516948,0.611371,-0.102637,0.999041,-0.866410,-0.998616,-2.140942,0.713615,2.416030,2.203752,-0.176094,0.469129,0.181519,0.029993,0.048169,0.651995,-0.388061
45.859012,-0.452495,0.822129,0.431370,0.529770,1.041664,0.999610,-0.387297,-0.238475,-0.407054,-0.097872,0.720389,0.518982,0.616432,-0.102911,0.998703,-0.865466,-0.998257,-2.140878,0.713723,2.417337,2.202975,-0.173077,0.469997,0.180051,0.030939,0.051073,0.653448,-0.389366
45.860022,-0.457258,0.817253,0.435184,0.531210,1.042471,0.995780,-0.388568,-0.238475,-0.407054,-0.097872,0.720389,0.518982,0.616432,-0.102911,0.998703,-0.865466,-0.998257,-2.140878,0.713723,2.417337,2.202975,-0.173077,0.469997,0.180051,0.030939,0.051073,0.653448,-0.389366
45.860975,-0.456936,0.810892,0.431659,0.534104,1.041072,0.994986,-0.388120,-0.262999,-0.432095,-0.111766,0.731175,0.520057,0.619422,-0.102975,0.998538,-0.864985,-0.998077,-2.140850,0.713772,2.417991,2.202595,-0.171174,0.472763,0.178799,0.030989,0.051090,0.657387,-0.387068
45.862013,-0.455445,0.813033,0.434450,0.536511,1.040211,0.993251,-0.387867,-0.292739,-0.460972,-0.128722,0.743396,0.521269,0.622805,-0.103017,0.998367,-0.864498,-0.997894,-2.140824,0.713827,2.418645,2.202204,-0.171646,0.475848,0.181059,0.029507,0.053227,0.657997,-0.388138
45.863023,-0.459837,0.814019,0.434148,0.539246,1.039318,0.993682,-0.388471,-0.363430,-0.527897,-0.172086,0.773780,0.524012,0.630761,-0.103085,0.998025,-0.863550,-0.997531,-2.140771,0.713945,2.419967,2.201424,-0.171110,0.475212,0.181172,0.027517,0.056526,0.659470,-0.387958
45.864030,-0.458871,0.814083,0.432918,0.541544,1.040588,0.993476,-0.388824,-0.399567,-0.559963,-0.195575,0.790462,0.525307,0.635103,-0.103115,0.997853,-0.863077,-0.997344,-2.140745,0.713999,2.420633,2.201039,-0.172029,0.475579,0.182367,0.026771,0.056035,0.659676,-0.387520
45.864960,-0.459280,0.819497,0.434302,0.542585,1.043119,0.988698,-0.389653,-0.399567,-0.559963,-0.195575,0.790462,0.525307,0.635103,-0.103115,0.997853,-0.863077,-0.997344,-2.140745,0.713999,2.420633,2.201039,-0.172029,0.475579,0.182367,0.026771,0.056035,0.659676,-0.387520
45.865958,-0.458512,0.821596,0.435585,0.543313,1.041590,0.990533,-0.390045,-0.458527,-0.605189,-0.238964,0.817076,0.527256,0.643438,-0.103108,0.997510,-0.862132,-0.996980,-2.140689,0.714116,2.421972,2.200273,-0.172822,0.472083,0.182047,0.027830,0.056467,0.662196,-0.385462
45.867031,-0.462661,0.824961,0.439126,0.546298,1.039347,0.983425,-0.389379,-0.474173,-0.611573,-0.253080,0.822338,0.527710,0.646698,-0.103119,0.997339,-0.861665,-0.996800,-2.140663,0.714181,2.422659,2.199884,-0.171312,0.471265,0.181117,0.026509,0.059490,0.669524,-0.387179
45.868143,-0.465667,0.826478,0.437697,0.548937,1.039157,0.979605,-0.389352,-0.474173,-0.611573,-0.253080,0.822338,0.527710,0.646698,-0.103119,0.997339,-0.861665,-0.996800,-2.140663,0.714181,2.422659,2.199884,-0.171312,0.471265,0.181117,0.026509,0.059490,0.669524,-0.387179
45.868980,-0.465200,0.824895,0.440063,0.549979,1.038099,0.972475,-0.388872,-0.482741,-0.609379,-0.262024,0.824224,0.527864,0.649537,-0.103183,0.997172,-0.861191,-0.996612,-2.140640,0.714244,2.423339,2.199499,-0.170548,0.471532,0.182710,0.025733,0.060511,0.673635,-0.387670
45.870028,-0.470060,0.827591,0.440310,0.552683,1.036764,0.968942,-0.388758,-0.486985,-0.601882,-0.267613,0.824495,0.527811,0.652135,-0.103318,0.997001,-0.860724,-0.996434,-2.140614,0.714309,2.424045,2.199107,-0.170793,0.471757,0.181703,0.025881,0.062040,0.679862,-0.388561
45.871058,-0.468855,0.824524,0.445172,0.553292,1.037919,0.964418,-0.389439,-0.485771,-0.577363,-0.269952,0.822145,0.527152,0.656180,-0.103800,0.996664,-0.859771,-0.996074,-2.140564,0.714438,2.425421,2.198333,-0.170042,0.473046,0.180631,0.025839,0.063676,0.687875,-0.388030
45.871941,-0.464811,0.828086,0.445172,0.558053,1.035959,0.963313,-0.389410,-0.479355,-0.561795,-0.264928,0.819904,0.526519,0.657095,-0.104094,0.996487,-0.859309,-0.995893,-2.140548,0.714509,2.426109,2.197944,-0.172124,0.471001,0.180947,0.022571,0.066136,0.688305,-0.388119
45.873052,-0.465872,0.829672,0.448270,0.558581,1.035111,0.969463,-0.390214,-0.479355,-0.561795,-0.264928,0.819904,0.526519,0.657095,-0.104094,0.996487,-0.859309,-0.995893,-2.140548,0.714509,2.426109,2.197944,-0.172124,0.471001,0.180947,0.022571,0.066136,0.688305,-0.388119
45.874033,-0.463035,0.833548,0.446014,0.560509,1.036528,0.970663,-0.390298,-0.466802,-0.543074,-0.254194,0.816864,0.525706,0.656983,-0.104385,0.996318,-0.858838,-0.995711,-2.140522,0.714580,2.426777,2.197561,-0.172272,0.471274,0.180324,0.023851,0.067748,0.682487,-0.386956
45.875100,-0.463917,0.835082,0.448804,0.563428,1.034760,0.974349,-0.390232,-0.424859,-0.497205,-0.223815,0.806050,0.524139,0.654429,-0.104875,0.995966,-0.857905,-0.995348,-2.140480,0.714725,2.428141,2.196785,-0.174061,0.469716,0.181420,0.022396,0.069385,0.677551,-0.387495
45.876065,-0.463899,0.833206,0.450435,0.563285,1.034418,0.971181,-0.391185,-0.398238,-0.472857,-0.207560,0.798673,0.523662,0.652470,-0.105071,0.995792,-0.857433,-0.995168,-2.140453,0.714798,2.428823,2.196402,-0.174358,0.470812,0.181158,0.023995,0.070264,0.680511,-0.385762
45.877016,-0.461416,0.836791,0.442956,0.564517,1.030757,0.976289,-0.391868,-0.398238,-0.472857,-0.207560,0.798673,0.523662,0.652470,-0.105071,0.995792,-0.857433,-0.995168,-2.140453,0.714798,2.428823,2.196402,-0.174358,0.470812,0.181158,0.023995,0.070264,0.680511,-0.385762
45.878192,-0.468430,0.844397,0.448315,0.566373,1.029225,0.975215,-0.391543,-0.369728,-0.449715,-0.193224,0.789358,0.523526,0.650188,-0.105257,0.995609,-0.856968,-0.994975,-2.140429,0.714882,2.429490,2.196021,-0.175757,0.469145,0.185288,0.024231,0.074385,0.675087,-0.384576
45.878987,-0.467711,0.834428,0.449513,0.569309,1.028540,0.977108,-0.393317,-0.340502,-0.427680,-0.183435,0.777173,0.523756,0.647662,-0.105439,0.995443,-0.856503,-0.994794,-2.140404,0.714961,2.430158,2.195638,-0.173102,0.466840,0.183664,0.024306,0.076672,0.676878,-0.385823
45.879979,-0.464502,0.839017,0.448687,0.570572,1.029636,0.978224,-0.393301,-0.313547,-0.408677,-0.177592,0.764816,0.524239,0.645036,-0.105619,0.995268,-0.856019,-0.994614,-2.140385,0.715040,2.430837,2.195260,-0.173348,0.470874,0.183143,0.022595,0.077613,0.674015,-0.382137
45.880999,-0.462029,0.834915,0.451437,0.573222,1.028742,0.986210,-0.392801,-0.290806,-0.395455,-0.174498,0.755010,0.524876,0.642343,-0.105787,0.995089,-0.855558,-0.994427,-2.140359,0.715117,2.431503,2.194876,-0.175256,0.468963,0.184101,0.022866,0.077059,0.672847,-0.382446
45.882108,-0.466478,0.831736,0.452253,0.573933,1.030147,0.990026,-0.393596,-0.270556,-0.387238,-0.173198,0.747158,0.525614,0.639386,-0.105939,0.994909,-0.855080,-0.994244,-2.140338,0.715198,2.432154,2.194488,-0.176842,0.471470,0.183360,0.021898,0.078518,0.664927,-0.383726
45.883013,-0.467095,0.830120,0.456435,0.574240,1.028155,0.991949,-0.393448,-0.242795,-0.391135,-0.178923,0.739519,0.527722,0.633534,-0.106215,0.994561,-0.854129,-0.993882,-2.140288,0.715361,2.433440,2.193726,-0.175061,0.474564,0.182139,0.024048,0.080167,0.659501,-0.382978
45.883966,-0.464103,0.832218,0.458199,0.576641,1.025795,0.994509,-0.393163,-0.242795,-0.391135,-0.178923,0.739519,0.527722,0.633534,-0.106215,0.994561,-0.854129,-0.993882,-2.140288,0.715361,2.433440,2.193726,-0.175061,0.474564,0.182139,0.024048,0.080167,0.659501,-0.382978
45.884972,-0.463683,0.825899,0.459374,0.576681,1.024260,0.994638,-0.391814,-0.235173,-0.401739,-0.184329,0.738430,0.529127,0.630820,-0.106338,0.994383,-0.853648,-0.993700,-2.140265,0.715448,2.434093,2.193337,-0.176784,0.473472,0.181755,0.023126,0.082928,0.656791,-0.383701
45.886079,-0.468418,0.825790,0.462331,0.577636,1.023312,0.993739,-0.391671,-0.227303,-0.413272,-0.187882,0.736595,0.530619,0.628042,-0.106465,0.994205,-0.853166,-0.993515,-2.140237,0.715540,2.434750,2.192940,-0.177321,0.476954,0.181773,0.024609,0.084884,0.656734,-0.386632
45.887039,-0.470940,0.822131,0.461016,0.578800,1.022339,0.993559,-0.391401,-0.219974,-0.426529,-0.190819,0.733776,0.532186,0.625348,-0.106608,0.994034,-0.852683,-0.993335,-2.140211,0.715629,2.435402,2.192556,-0.175595,0.477866,0.181219,0.025415,0.086406,0.658116,-0.387341
45.887951,-0.474257,0.820272,0.458061,0.579267,1.019815,0.997391,-0.391158,-0.216295,-0.443542,-0.195760,0.730965,0.533825,0.623004,-0.106755,0.993862,-0.852204,-0.993151,-2.140183,0.715719,2.436061,2.192165,-0.174646,0.479745,0.182373,0.025653,0.087755,0.658134,-0.388034
45.889114,-0.475825,0.824778,0.466236,0.581894,1.020538,1.000021,-0.391835,-0.219386,-0.465655,-0.206191,0.729393,0.535565,0.621366,-0.106896,0.993691,-0.851718,-0.992964,-2.140156,0.715815,2.436714,2.191775,-0.173164,0.480321,0.184170,0.026507,0.090547,0.653952,-0.388588
45.890013,-0.473053,0.812256,0.467349,0.583070,1.019949,1.000989,-0.392120,-0.228903,-0.491007,-0.221799,0.729291,0.537312,0.620462,-0.107031,0.993520,-0.851234,-0.992789,-2.140132,0.715909,2.437356,2.191386,-0.173197,0.479250,0.181187,0.025786,0.090407,0.652094,-0.387742
45.890975,-0.474987,0.813264,0.468517,0.585824,1.018478,0.998971,-0.390369,-0.241665,-0.516837,-0.237807,0.730826,0.538872,0.619964,-0.107174,0.993340,-0.850741,-0.992608,-2.140105,0.716001,2.438008,2.190996,-0.174658,0.485080,0.180993,0.025917,0.091282,0.650782,-0.387224
45.892040,-0.473973,0.817514,0.469281,0.587490,1.016974,1.001591,-0.391277,-0.256744,-0.543647,-0.252391,0.734995,0.540252,0.619806,-0.107351,0.993168,-0.850255,-0.992427,-2.140082,0.716100,2.438660,2.190601,-0.173971,0.484478,0.180935,0.024668,0.093057,0.652729,-0.390910
45.893103,-0.473181,0.814800,0.474168,0.589086,1.016014,0.997508,-0.391893,-0.272727,-0.569441,-0.265295,0.741104,0.541510,0.619958,-0.107570,0.992991,-0.849781,-0.992247,-2.140055,0.716198,2.439313,2.190211,-0.174979,0.483075,0.181385,0.024664,0.095007,0.650368,-0.389387
45.894077,-0.470812,0.814664,0.477180,0.589761,1.013943,0.993125,-0.391434,-0.285814,-0.589790,-0.274440,0.746653,0.542582,0.620094,-0.107795,0.992813,-0.849290,-0.992072,-2.140032,0.716295,2.439977,2.189824,-0.175858,0.484982,0.179788,0.024798,0.096403,0.654745,-0.388512
45.895068,-0.470055,0.818174,0.478583,0.593475,1.012938,0.990145,-0.393084,-0.292434,-0.602226,-0.277078,0.749352,0.543332,0.619746,-0.107996,0.992636,-0.848801,-0.991896,-2.140004,0.716400,2.440636,2.189433,-0.177319,0.485023,0.178902,0.025569,0.098728,0.659028,-0.389627
45.896009,-0.474673,0.824051,0.482474,0.593967,1.011909,0.988760,-0.393471,-0.290392,-0.605087,-0.271458,0.748040,0.543638,0.618629,-0.108166,0.992455,-0.848323,-0.991717,-2.139983,0.716504,2.441306,2.189048,-0.177955,0.483496,0.178835,0.023466,0.100010,0.661901,-0.386521
45.897022,-0.474125,0.829868,0.482950,0.595461,1.008944,0.983601,-0.393767,-0.279919,-0.597238,-0.257588,0.743057,0.543440,0.616819,-0.108289,0.992285,-0.847848,-0.991541,-2.139956,0.716610,2.441961,2.188670,-0.175893,0.480503,0.177397,0.024371,0.101228,0.663065,-0.385940
45.898044,-0.475272,0.829930,0.482863,0.596144,1.008504,0.982124,-0.393581,-0.261582,-0.577584,-0.236116,0.733937,0.542699,0.614322,-0.108368,0.992109,-0.847373,-0.991365,-2.139930,0.716721,2.442633,2.188287,-0.176564,0.478006,0.177902,0.024434,0.104456,0.668239,-0.385629
45.898961,-0.471147,0.827585,0.486147,0.597937,1.008908,0.983192,-0.393086,-0.236186,-0.546941,-0.209383,0.719764,0.541465,0.611118,-0.108443,0.991931,-0.846900,-0.991185,-2.139903,0.716829,2.443308,2.187896,-0.176366,0.478487,0.178646,0.025302,0.105152,0.669677,-0.386277
45.900082,-0.470734,0.832448,0.483569,0.600545,1.006059,0.980616,-0.391742,-0.205987,-0.509293,-0.180302,0.701648,0.539882,0.607437,-0.108566,0.991750,-0.846419,-0.991009,-2.139880,0.716932,2.443973,2.187510,-0.178524,0.479420,0.177433,0.024922,0.104921,0.668222,-0.387369
45.901021,-0.468324,0.827974,0.487559,0.604022,1.005452,0.979926,-0.390799,-0.138076,-0.426341,-0.121390,0.660969,0.536279,0.599645,-0.108957,0.991383,-0.845461,-0.990652,-2.139838,0.717158,2.445334,2.186716,-0.180594,0.480158,0.178201,0.022275,0.108876,0.671498,-0.392460
45.902030,-0.462224,0.831722,0.487818,0.605851,1.004430,0.979279,-0.389522,-0.138076,-0.426341,-0.121390,0.660969,0.536279,0.599645,-0.108957,0.991383,-0.845461,-0.990652,-2.139838,0.717158,2.445334,2.186716,-0.180594,0.480158,0.178201,0.022275,0.108876,0.671498,-0.392460
45.903084,-0.462163,0.837876,0.491672,0.608935,1.004582,0.981289,-0.389274,-0.102478,-0.385653,-0.092351,0.641917,0.534485,0.595779,-0.109183,0.991194,-0.844983,-0.990474,-2.139817,0.717274,2.446002,2.186313,-0.183875,0.478585,0.178788,0.022115,0.110087,0.672137,-0.395215
45.904031,-0.459440,0.839751,0.496052,0.608130,1.003965,0.980992,-0.388259,-0.063219,-0.344023,-0.061129,0.623055,0.532647,0.591622,-0.109369,0.991009,-0.844516,-0.990299,-2.139798,0.717383,2.446675,2.185914,-0.184251,0.476246,0.177685,0.020845,0.110236,0.670235,-0.395978
45.904961,-0.459960,0.841343,0.495847,0.612034,1.001130,0.980106,-0.386099,-0.018066,-0.298787,-0.025689,0.602494,0.530681,0.586859,-0.109494,0.990822,-0.844041,-0.990124,-2.139770,0.717494,2.447339,2.185512,-0.185706,0.475337,0.176036,0.023053,0.111013,0.670318,-0.398110
45.906119,-0.464331,0.844212,0.496101,0.612377,1.000472,0.980135,-0.384256,0.032364,-0.250258,0.013988,0.579841,0.528592,0.581428,-0.109590,0.990636,-0.843573,-0.989945,-2.139756,0.717612,2.448027,2.185101,-0.185474,0.474523,0.176622,0.020767,0.113933,0.670763,-0.402469
45.907027,-0.467304,0.840315,0.494181,0.614508,0.998426,0.983870,-0.383704,0.127178,-0.161562,0.086745,0.537390,0.524885,0.570790,-0.109755,0.990274,-0.842615,-0.989584,-2.139708,0.717849,2.449345,2.184274,-0.182534,0.476019,0.178907,0.021623,0.117004,0.667224,-0.407614
45.908114,-0.468038,0.840970,0.495299,0.614887,0.999991,0.984529,-0.383965,0.127178,-0.161562,0.086745,0.537390,0.524885,0.570790,-0.109755,0.990274,-0.842615,-0.989584,-2.139708,0.717849,2.449345,2.184274,-0.182534,0.476019,0.178907,0.021623,0.117004,0.667224,-0.407614
45.909013,-0.467604,0.838156,0.497464,0.616458,0.998997,0.986300,-0.383478,0.160210,-0.131570,0.109240,0.522085,0.523697,0.566812,-0.109790,0.990091,-0.842139,-0.989403,-2.139683,0.717963,2.450005,2.183863,-0.182658,0.476517,0.179210,0.023004,0.115717,0.666947,-0.407378
45.910040,-0.467403,0.833989,0.499572,0.619360,0.997708,0.990052,-0.383353,0.183122,-0.112354,0.122100,0.510708,0.522946,0.563751,-0.109767,0.989908,-0.841658,-0.989225,-2.139661,0.718084,2.450657,2.183455,-0.182882,0.477571,0.178492,0.022825,0.116721,0.664806,-0.408342
45.911070,-0.468912,0.835845,0.500655,0.618600,0.998591,0.995024,-0.382659,0.204850,-0.102959,0.129267,0.500294,0.522347,0.559973,-0.109562,0.989539,-0.840696,-0.988868,-2.139614,0.718323,2.451964,2.182628,-0.182857,0.479567,0.178381,0.024019,0.117465,0.656363,-0.410356
45.912017,-0.469121,0.836867,0.501047,0.621973,0.995867,0.996495,-0.382060,0.206430,-0.109309,0.126019,0.499807,0.522435,0.559166,-0.109398,0.989355,-0.840215,-0.988688,-2.139596,0.718450,2.452611,2.182219,-0.182868,0.478984,0.178674,0.022201,0.120210,0.654787,-0.411607
45.913063,-0.469607,0.838600,0.504135,0.623571,0.994784,0.998858,-0.382916,0.206430,-0.109309,0.126019,0.499807,0.522435,0.559166,-0.109398,0.989355,-0.840215,-0.988688,-2.139596,0.718450,2.452611,2.182219,-0.182868,0.478984,0.178674,0.022201,0.120210,0.654787,-0.411607
45.914064,-0.470744,0.833665,0.502788,0.626809,0.994703,1.004250,-0.382275,0.199010,-0.131265,0.113148,0.504947,0.523149,0.559349,-0.109014,0.988990,-0.839249,-0.988330,-2.139556,0.718694,2.453897,2.181395,-0.182714,0.481368,0.179247,0.020843,0.121641,0.647393,-0.411546
45.914934,-0.472315,0.832188,0.504830,0.627094,0.991603,1.000685,-0.381953,0.199010,-0.131265,0.113148,0.504947,0.523149,0.559349,-0.109014,0.988990,-0.839249,-0.988330,-2.139556,0.718694,2.453897,2.181395,-0.182714,0.481368,0.179247,0.020843,0.121641,0.647393,-0.411546
45.916070,-0.474549,0.832228,0.503367,0.629810,0.988068,1.001986,-0.382859,0.187909,-0.148409,0.102450,0.512608,0.523806,0.560808,-0.108799,0.988811,-0.838762,-0.988155,-2.139530,0.718827,2.454562,2.180982,-0.181903,0.481466,0.178539,0.021829,0.124592,0.650488,-0.412085
45.916985,-0.474518,0.822338,0.510614,0.631994,0.986374,0.999419,-0.383129,0.171360,-0.169724,0.088111,0.523178,0.524606,0.563205,-0.108564,0.988631,-0.838280,-0.987970,-2.139508,0.718960,2.455209,2.180571,-0.181422,0.482524,0.180254,0.021008,0.128316,0.649769,-0.410640
45.918071,-0.477484,0.825848,0.512868,0.634003,0.985401,1.002633,-0.382701,0.123578,-0.224548,0.054437,0.553747,0.526090,0.570204,-0.108023,0.988268,-0.837301,-0.987623,-2.139469,0.719228,2.456512,2.179752,-0.180520,0.486006,0.176916,0.020197,0.130944,0.649207,-0.411288
45.919024,-0.481245,0.825191,0.517214,0.636251,0.983736,0.996650,-0.384207,0.094966,-0.254923,0.040215,0.573401,0.526479,0.574348,-0.107781,0.988093,-0.836811,-0.987452,-2.139450,0.719365,2.457179,2.179343,-0.178876,0.486211,0.175346,0.019553,0.132515,0.655047,-0.408302
45.920001,-0.479790,0.826335,0.519034,0.637022,0.979618,0.996387,-0.383414,0.066786,-0.282322,0.030120,0.593102,0.526492,0.578376,-0.107632,0.987914,-0.836323,-0.987280,-2.139428,0.719512,2.457826,2.178933,-0.179880,0.485662,0.175120,0.020366,0.136485,0.655243,-0.410039
45.920997,-0.478283,0.828295,0.522649,0.638861,0.979233,0.994590,-0.383244,0.043451,-0.302612,0.025968,0.609534,0.526050,0.581726,-0.107611,0.987732,-0.835844,-0.987108,-2.139408,0.719649,2.458492,2.178520,-0.180894,0.484932,0.174018,0.020200,0.136794,0.657000,-0.410497
45.921977,-0.478527,0.829514,0.527399,0.640873,0.979846,0.994284,-0.384754,0.028122,-0.313045,0.029338,0.620952,0.525135,0.584086,-0.107687,0.987553,-0.835361,-0.986939,-2.139390,0.719786,2.459140,2.178119,-0.181024,0.484432,0.172351,0.019848,0.136102,0.657287,-0.407590
45.923078,-0.481073,0.835784,0.527863,0.643220,0.977618,0.991077,-0.385815,0.020731,-0.313344,0.039909,0.627689,0.523845,0.585534,-0.107781,0.987372,-0.834879,-0.986766,-2.139371,0.719931,2.459804,2.177707,-0.180281,0.482127,0.173149,0.019427,0.138378,0.660900,-0.405801
45.924049,-0.480425,0.835126,0.527152,0.642062,0.974466,0.987270,-0.386302,0.020731,-0.313344,0.039909,0.627689,0.523845,0.585534,-0.107781,0.987372,-0.834879,-0.986766,-2.139371,0.719931,2.459804,2.177707,-0.180281,0.482127,0.173149,0.019427,0.138378,0.660900,-0.405801
45.925060,-0.483385,0.834396,0.529088,0.644553,0.971660,0.985887,-0.388717,0.020002,-0.304422,0.054423,0.629093,0.522354,0.586246,-0.107835,0.987191,-0.834400,-0.986588,-2.139344,0.720077,2.460482,2.177309,-0.180832,0.482584,0.174096,0.022053,0.141377,0.664489,-0.404981
45.926012,-0.481766,0.835836,0.529159,0.648404,0.970545,0.981076,-0.388822,0.023808,-0.289105,0.069085,0.624913,0.520810,0.586494,-0.107841,0.987014,-0.833912,-0.986416,-2.139325,0.720227,2.461146,2.176921,-0.179696,0.483195,0.173869,0.021255,0.144018,0.665865,-0.400371
45.926957,-0.483932,0.837150,0.530843,0.649496,0.968542,0.977980,-0.389515,0.029002,-0.271438,0.082066,0.618136,0.519289,0.586760,-0.107822,0.986831,-0.833437,-0.986241,-2.139309,0.720372,2.461825,2.176520,-0.180676,0.482487,0.174410,0.019053,0.144936,0.670403,-0.400303
45.927970,-0.485716,0.836810,0.531505,0.651420,0.966085,0.973795,-0.390631,0.034238,-0.253320,0.093454,0.611301,0.517776,0.587265,-0.107829,0.986655,-0.832958,-0.986070,-2.139289,0.720523,2.462500,2.176129,-0.179780,0.481782,0.174146,0.019540,0.146701,0.673173,-0.399030
45.929029,-0.486148,0.841977,0.536420,0.654905,0.963787,0.974275,-0.390698,0.039170,-0.235580,0.103170,0.604716,0.516244,0.587916,-0.107894,0.986476,-0.832473,-0.985896,-2.139269,0.720679,2.463189,2.175736,-0.179234,0.482247,0.174575,0.019318,0.148956,0.677251,-0.397032
45.929962,-0.488816,0.849173,0.535144,0.656802,0.962473,0.971019,-0.391232,0.043710,-0.218777,0.111853,0.598857,0.514667,0.588588,-0.108021,0.986296,-0.832000,-0.985726,-2.139255,0.720829,2.463873,2.175338,-0.179474,0.480347,0.173015,0.017767,0.151158,0.676816,-0.397220
45.931010,-0.487180,0.848673,0.540572,0.658289,0.960074,0.971624,-0.392556,0.057823,-0.180744,0.132778,0.588044,0.511269,0.589064,-0.108423,0.985940,-0.831052,-0.985381,-2.139218,0.721144,2.465236,2.174557,-0.179558,0.477595,0.172343,0.017794,0.154363,0.679136,-0.393901
45.932106,-0.493919,0.849037,0.541769,0.660447,0.958300,0.973283,-0.392595,0.057823,-0.180744,0.132778,0.588044,0.511269,0.589064,-0.108423,0.985940,-0.831052,-0.985381,-2.139218,0.721144,2.465236,2.174557,-0.179558,0.477595,0.172343,0.017794,0.154363,0.679136,-0.393901
45.933018,-0.493644,0.847123,0.538653,0.661026,0.953778,0.973354,-0.393933,0.067692,-0.160155,0.145168,0.582554,0.509574,0.588666,-0.108653,0.985767,-0.830569,-0.985208,-2.139201,0.721301,2.465918,2.174168,-0.176766,0.478213,0.172760,0.017591,0.156023,0.677711,-0.394253
45.934011,-0.495444,0.845582,0.539295,0.663385,0.951726,0.970585,-0.394049,0.074488,-0.144361,0.154395,0.579076,0.508167,0.588426,-0.108895,0.985590,-0.830085,-0.985033,-2.139182,0.721468,2.466586,2.173781,-0.177058,0.478858,0.174785,0.018523,0.160107,0.677252,-0.391630
45.935037,-0.493049,0.844864,0.541233,0.666015,0.946726,0.970332,-0.394524,0.072922,-0.135571,0.153304,0.578718,0.506683,0.589280,-0.109434,0.985235,-0.829125,-0.984680,-2.139151,0.721813,2.467947,2.172997,-0.178069,0.480626,0.174878,0.017134,0.166412,0.680111,-0.390942
45.935981,-0.495594,0.837423,0.538416,0.667186,0.943344,0.974457,-0.395630,0.065986,-0.143095,0.144759,0.582328,0.506469,0.590202,-0.109720,0.985057,-0.828639,-0.984500,-2.139134,0.721992,2.468621,2.172611,-0.176962,0.484236,0.176789,0.017595,0.169244,0.675637,-0.388862
45.937058,-0.495512,0.838119,0.540357,0.669289,0.941842,0.974547,-0.394491,0.053500,-0.160373,0.129636,0.589399,0.506586,0.591565,-0.109994,0.984877,-0.828149,-0.984322,-2.139119,0.722165,2.469299,2.172212,-0.177496,0.484469,0.176680,0.017461,0.170433,0.675787,-0.391517
45.938058,-0.498997,0.834175,0.541488,0.669543,0.941917,0.979337,-0.395320,0.035881,-0.186432,0.108461,0.599273,0.506977,0.593161,-0.110238,0.984705,-0.827653,-0.984146,-2.139098,0.722338,2.469957,2.171824,-0.176135,0.486531,0.176802,0.018862,0.169941,0.670960,-0.390054
45.938949,-0.501224,0.829590,0.543809,0.671571,0.940776,0.981417,-0.397088,0.035881,-0.186432,0.108461,0.599273,0.506977,0.593161,-0.110238,0.984705,-0.827653,-0.984146,-2.139098,0.722338,2.469957,2.171824,-0.176135,0.486531,0.176802,0.018862,0.169941,0.670960,-0.390054
45.940053,-0.495549,0.830403,0.544247,0.673440,0.937383,0.989773,-0.396338,0.013462,-0.220158,0.082672,0.611711,0.507599,0.594798,-0.110421,0.984532,-0.827164,-0.983972,-2.139082,0.722510,2.470623,2.171443,-0.175143,0.488318,0.176042,0.018344,0.170563,0.668437,-0.386568
45.941092,-0.499703,0.827782,0.551178,0.672792,0.934785,0.987639,-0.397549,-0.036556,-0.300190,0.027284,0.640714,0.509326,0.597281,-0.110610,0.984172,-0.826174,-0.983625,-2.139039,0.722875,2.471936,2.170672,-0.176838,0.490257,0.174169,0.020749,0.175775,0.662866,-0.386408
45.941997,-0.497401,0.832393,0.549477,0.676027,0.930973,0.991587,-0.396129,-0.036556,-0.300190,0.027284,0.640714,0.509326,0.597281,-0.110610,0.984172,-0.826174,-0.983625,-2.139039,0.722875,2.471936,2.170672,-0.176838,0.490257,0.174169,0.020749,0.175775,0.662866,-0.386408
45.943091,-0.498815,0.829627,0.551866,0.677734,0.926397,0.993720,-0.397102,-0.056117,-0.337460,0.004866,0.652170,0.510202,0.597289,-0.110669,0.983991,-0.825693,-0.983447,-2.139022,0.723061,2.472583,2.170273,-0.178068,0.487584,0.175446,0.019024,0.178934,0.658555,-0.389321
45.944051,-0.498564,0.822347,0.554255,0.676824,0.924714,0.996937,-0.398104,-0.082531,-0.398316,-0.027342,0.667769,0.511848,0.595540,-0.110738,0.983637,-0.824700,-0.983098,-2.138977,0.723443,2.473872,2.169506,-0.178283,0.493137,0.174595,0.021620,0.184089,0.653612,-0.385927
45.944967,-0.498724,0.825477,0.554984,0.680164,0.922806,0.993893,-0.397141,-0.082531,-0.398316,-0.027342,0.667769,0.511848,0.595540,-0.110738,0.983637,-0.824700,-0.983098,-2.138977,0.723443,2.473872,2.169506,-0.178283,0.493137,0.174595,0.021620,0.184089,0.653612,-0.385927
45.946060,-0.498142,0.826635,0.557050,0.682989,0.920314,0.993668,-0.397154,-0.092470,-0.424885,-0.039797,0.672908,0.512584,0.594386,-0.110802,0.983459,-0.824209,-0.982921,-2.138963,0.723630,2.474531,2.169119,-0.178320,0.491143,0.174676,0.019873,0.185355,0.656393,-0.387982
45.947039,-0.501408,0.829158,0.562379,0.681627,0.921178,0.996569,-0.398856,-0.102734,-0.462515,-0.053375,0.677607,0.513050,0.591481,-0.111073,0.983103,-0.823228,-0.982576,-2.138918,0.724004,2.475828,2.168346,-0.177783,0.490016,0.172618,0.021834,0.185972,0.654082,-0.385115
45.948050,-0.501774,0.824310,0.559433,0.683653,0.918027,0.998556,-0.396830,-0.102734,-0.462515,-0.053375,0.677607,0.513050,0.591481,-0.111073,0.983103,-0.823228,-0.982576,-2.138918,0.724004,2.475828,2.168346,-0.177783,0.490016,0.172618,0.021834,0.185972,0.654082,-0.385115
45.949066,-0.499253,0.824417,0.558650,0.685147,0.916377,0.997645,-0.397893,-0.102262,-0.476307,-0.055914,0.672076,0.511847,0.588034,-0.111411,0.982744,-0.822239,-0.982217,-2.138875,0.724391,2.477125,2.167564,-0.179566,0.492749,0.175882,0.021619,0.189628,0.653294,-0.387553
45.950050,-0.502072,0.831840,0.562566,0.689013,0.914886,0.996745,-0.395996,-0.102262,-0.476307,-0.055914,0.672076,0.511847,0.588034,-0.111411,0.982744,-0.822239,-0.982217,-2.138875,0.724391,2.477125,2.167564,-0.179566,0.492749,0.175882,0.021619,0.189628,0.653294,-0.387553
45.951003,-0.499084,0.832654,0.565341,0.691145,0.914944,0.999448,-0.395639,-0.101782,-0.477702,-0.058414,0.667107,0.510992,0.586669,-0.111564,0.982565,-0.821755,-0.982047,-2.138859,0.724583,2.477789,2.167167,-0.178397,0.489122,0.174606,0.019482,0.190510,0.654103,-0.391579
45.952107,-0.500556,0.834123,0.565679,0.691320,0.912392,0.996837,-0.394573,-0.098702,-0.472062,-0.057748,0.661289,0.509953,0.585387,-0.111715,0.982381,-0.821265,-0.981879,-2.138840,0.724774,2.478432,2.166773,-0.180052,0.488610,0.173871,0.018961,0.189800,0.651279,-0.392385
45.953021,-0.500524,0.829364,0.566643,0.696304,0.911504,0.992348,-0.394557,-0.091783,-0.458618,-0.052517,0.654182,0.508760,0.584076,-0.111880,0.982201,-0.820779,-0.981701,-2.138816,0.724967,2.479094,2.166368,-0.179849,0.488701,0.174678,0.020603,0.191921,0.654349,-0.394888
45.954016,-0.502327,0.829854,0.569073,0.695882,0.911028,0.990642,-0.393587,-0.083105,-0.440894,-0.045036,0.646509,0.507544,0.582911,-0.112052,0.982024,-0.820286,-0.981526,-2.138804,0.725160,2.479755,2.165976,-0.179990,0.490695,0.174643,0.017264,0.192070,0.658501,-0.394963
45.955040,-0.503566,0.831295,0.572555,0.697328,0.905649,0.989080,-0.393592,-0.075928,-0.423455,-0.037320,0.640672,0.506397,0.582210,-0.112211,0.981845,-0.819803,-0.981355,-2.138780,0.725356,2.480423,2.165574,-0.179380,0.490623,0.174152,0.019291,0.191913,0.660114,-0.397095
45.955974,-0.507079,0.838076,0.573768,0.700028,0.905326,0.982401,-0.392174,-0.069957,-0.406761,-0.028965,0.635994,0.505244,0.581845,-0.112360,0.981664,-0.819313,-0.981183,-2.138759,0.725560,2.481093,2.165172,-0.179108,0.490193,0.173215,0.019547,0.196668,0.661711,-0.397291
45.957069,-0.507783,0.846854,0.579133,0.701220,0.907421,0.979168,-0.393460,-0.063151,-0.388478,-0.018370,0.630677,0.503908,0.581482,-0.112517,0.981490,-0.818829,-0.981009,-2.138742,0.725756,2.481765,2.164768,-0.177550,0.486586,0.173139,0.018444,0.196220,0.668104,-0.400211
45.958011,-0.500948,0.845453,0.579560,0.702669,0.907579,0.977973,-0.393840,-0.052807,-0.365030,-0.003227,0.623248,0.502204,0.580725,-0.112698,0.981311,-0.818355,-0.980842,-2.138722,0.725944,2.482447,2.164370,-0.177761,0.483115,0.171502,0.019142,0.193682,0.671554,-0.397954
45.959100,-0.507531,0.848972,0.586637,0.705875,0.906691,0.976813,-0.393773,-0.009830,-0.295286,0.047026,0.595771,0.497462,0.576520,-0.113129,0.980953,-0.817384,-0.980505,-2.138689,0.726331,2.483792,2.163581,-0.178549,0.482664,0.169377,0.018051,0.193282,0.673859,-0.397826
45.960059,-0.505845,0.846760,0.585221,0.707922,0.904331,0.974812,-0.395422,-0.009830,-0.295286,0.047026,0.595771,0.497462,0.576520,-0.113129,0.980953,-0.817384,-0.980505,-2.138689,0.726331,2.483792,2.163581,-0.178549,0.482664,0.169377,0.018051,0.193282,0.673859,-0.397826
45.960971,-0.510439,0.845948,0.587085,0.708488,0.902067,0.975149,-0.395954,0.017715,-0.256258,0.079023,0.580493,0.494691,0.573681,-0.113356,0.980771,-0.816902,-0.980331,-2.138670,0.726529,2.484474,2.163188,-0.179611,0.483795,0.170722,0.017635,0.194947,0.675570,-0.394638
45.961949,-0.507155,0.844055,0.585828,0.709442,0.899520,0.979640,-0.395343,0.042595,-0.221141,0.110009,0.568023,0.491966,0.571098,-0.113567,0.980599,-0.816417,-0.980161,-2.138651,0.726725,2.485146,2.162801,-0.177456,0.483850,0.170273,0.018577,0.196467,0.674784,-0.393678
45.963039,-0.512627,0.837395,0.587906,0.710868,0.901008,0.978532,-0.396674,0.062429,-0.192329,0.136110,0.558410,0.489471,0.569055,-0.113762,0.980416,-0.815932,-0.979988,-2.138631,0.726929,2.485815,2.162399,-0.179342,0.484881,0.171582,0.019263,0.198274,0.670114,-0.395064
45.963968,-0.515006,0.831367,0.590263,0.713260,0.901476,0.977356,-0.396143,0.075145,-0.172461,0.154351,0.552133,0.487368,0.567812,-0.113950,0.980242,-0.815433,-0.979815,-2.138612,0.727123,2.486494,2.162008,-0.177162,0.488820,0.171510,0.019728,0.196262,0.671526,-0.392751
45.965021,-0.517556,0.834191,0.592110,0.713391,0.899611,0.981380,-0.396059,0.076991,-0.166088,0.162521,0.551787,0.485808,0.567726,-0.114131,0.980069,-0.814934,-0.979647,-2.138596,0.727317,2.487166,2.161617,-0.176186,0.491432,0.170900,0.018936,0.195101,0.672346,-0.393947
45.965982,-0.516645,0.833960,0.592883,0.716374,0.900158,0.985050,-0.396719,0.067518,-0.173399,0.161489,0.558047,0.484785,0.568759,-0.114318,0.979894,-0.814447,-0.979473,-2.138574,0.727514,2.487832,2.161222,-0.175406,0.490487,0.170844,0.020573,0.196422,0.668444,-0.394408
45.967050,-0.517913,0.838988,0.598302,0.715938,0.900048,0.986949,-0.395267,0.050808,-0.189185,0.154099,0.568324,0.484158,0.570461,-0.114533,0.979720,-0.813955,-0.979302,-2.138556,0.727712,2.488482,2.160834,-0.176145,0.490501,0.171094,0.019197,0.195152,0.664683,-0.393242
45.968030,-0.520112,0.832698,0.594067,0.717872,0.899632,0.990158,-0.393934,0.032118,-0.207269,0.144166,0.579470,0.483728,0.572253,-0.114789,0.979544,-0.813472,-0.979137,-2.138530,0.727906,2.489139,2.160435,-0.176025,0.488607,0.169375,0.021338,0.194751,0.663094,-0.396503
45.969046,-0.518213,0.825387,0.600373,0.720884,0.899489,0.995185,-0.395914,0.013579,-0.224979,0.132797,0.589548,0.483431,0.573864,-0.115065,0.979369,-0.812971,-0.978959,-2.138509,0.728098,2.489794,2.160026,-0.175228,0.491700,0.172142,0.020992,0.194553,0.659813,-0.399281
45.970010,-0.517814,0.823228,0.597252,0.720773,0.899033,0.998106,-0.395725,-0.008051,-0.246016,0.117470,0.600730,0.483440,0.575770,-0.115302,0.979191,-0.812465,-0.978793,-2.138492,0.728293,2.490433,2.159639,-0.176551,0.495410,0.169792,0.019756,0.194098,0.654965,-0.395524
45.971024,-0.518211,0.814973,0.595331,0.721895,0.895945,0.998802,-0.396790,-0.064782,-0.305441,0.072295,0.630514,0.484700,0.581603,-0.115505,0.978836,-0.811459,-0.978438,-2.138443,0.728692,2.491717,2.158852,-0.177151,0.500461,0.173626,0.021864,0.196319,0.651516,-0.394183
45.972082,-0.519361,0.813791,0.594602,0.726749,0.893659,0.999397,-0.397353,-0.064782,-0.305441,0.072295,0.630514,0.484700,0.581603,-0.115505,0.978836,-0.811459,-0.978438,-2.138443,0.728692,2.491717,2.158852,-0.177151,0.500461,0.173626,0.021864,0.196319,0.651516,-0.394183
45.972973,-0.515425,0.810489,0.593218,0.727747,0.893711,1.001572,-0.397488,-0.101062,-0.344703,0.039018,0.648028,0.485971,0.585862,-0.115489,0.978659,-0.810952,-0.978262,-2.138429,0.728896,2.492365,2.158458,-0.177052,0.501315,0.174832,0.018911,0.197970,0.651231,-0.393381
45.974114,-0.514381,0.820784,0.594046,0.731605,0.893122,1.004396,-0.396841,-0.142555,-0.389597,-0.000691,0.668378,0.487467,0.591182,-0.115449,0.978474,-0.810452,-0.978081,-2.138408,0.729089,2.493014,2.158063,-0.179003,0.502335,0.175849,0.019374,0.197150,0.648668,-0.393132
45.975013,-0.510668,0.829551,0.591954,0.729558,0.891431,1.004323,-0.396905,-0.216034,-0.466351,-0.080056,0.703291,0.489874,0.602367,-0.115494,0.978107,-0.809480,-0.977726,-2.138366,0.729492,2.494296,2.157270,-0.181997,0.493375,0.177924,0.020979,0.198128,0.646322,-0.394774
45.976048,-0.510752,0.831937,0.589488,0.733316,0.895163,1.007009,-0.398723,-0.234668,-0.481369,-0.111743,0.707272,0.490362,0.606527,-0.115632,0.977923,-0.808987,-0.977540,-2.138351,0.729678,2.494933,2.156891,-0.182273,0.492543,0.179829,0.019022,0.193864,0.643891,-0.391442
45.976983,-0.509597,0.827387,0.588185,0.735139,0.892977,1.011851,-0.399549,-0.234668,-0.481369,-0.111743,0.707272,0.490362,0.606527,-0.115632,0.977923,-0.808987,-0.977540,-2.138351,0.729678,2.494933,2.156891,-0.182273,0.492543,0.179829,0.019022,0.193864,0.643891,-0.391442
45.977959,-0.506189,0.821556,0.591423,0.739189,0.891051,1.009299,-0.400139,-0.244126,-0.483189,-0.140210,0.704016,0.490599,0.610014,-0.115800,0.977740,-0.808483,-0.977360,-2.138331,0.729877,2.495582,2.156500,-0.182950,0.494436,0.180926,0.018772,0.195362,0.638834,-0.389917
45.979002,-0.510176,0.818209,0.590863,0.739631,0.890995,1.008574,-0.401886,-0.258170,-0.478084,-0.192441,0.698891,0.490991,0.617306,-0.116167,0.977371,-0.807484,-0.976994,-2.138295,0.730269,2.496865,2.155736,-0.183172,0.499200,0.180847,0.017770,0.196097,0.642466,-0.385780
45.980044,-0.509572,0.820725,0.591954,0.739683,0.891259,1.007307,-0.402392,-0.258170,-0.478084,-0.192441,0.698891,0.490991,0.617306,-0.116167,0.977371,-0.807484,-0.976994,-2.138295,0.730269,2.496865,2.155736,-0.183172,0.499200,0.180847,0.017770,0.196097,0.642466,-0.385780
45.980936,-0.505136,0.814426,0.586049,0.743517,0.890803,1.009082,-0.402031,-0.267023,-0.478277,-0.216292,0.700163,0.491148,0.621209,-0.116373,0.977184,-0.806992,-0.976813,-2.138272,0.730465,2.497518,2.155350,-0.183814,0.498291,0.181038,0.019423,0.195263,0.643948,-0.385114
45.982020,-0.507271,0.821483,0.587328,0.745778,0.894089,1.003935,-0.403303,-0.276491,-0.480061,-0.239773,0.701952,0.491233,0.625128,-0.116617,0.976993,-0.806487,-0.976621,-2.138260,0.730658,2.498167,2.154961,-0.185957,0.500787,0.184201,0.017173,0.194974,0.641774,-0.385890
45.983017,-0.509097,0.828759,0.589865,0.746489,0.896601,0.999545,-0.402811,-0.286257,-0.483409,-0.263512,0.704624,0.491216,0.629161,-0.116902,0.976809,-0.805993,-0.976436,-2.138242,0.730844,2.498816,2.154584,-0.185312,0.497804,0.184354,0.016844,0.191244,0.647395,-0.383749
45.983961,-0.508506,0.830012,0.587087,0.749672,0.897696,0.995564,-0.403348,-0.293300,-0.484383,-0.284515,0.706465,0.490908,0.632928,-0.117224,0.976624,-0.805510,-0.976254,-2.138224,0.731022,2.499480,2.154195,-0.184638,0.494376,0.183675,0.017868,0.188289,0.651738,-0.384992
45.985113,-0.509048,0.838062,0.588747,0.750706,0.896958,0.993522,-0.404723,-0.294172,-0.478665,-0.299353,0.705052,0.490140,0.635965,-0.117575,0.976441,-0.805018,-0.976061,-2.138212,0.731207,2.500140,2.153816,-0.185068,0.493560,0.185420,0.016393,0.186613,0.655492,-0.384069
45.985992,-0.511133,0.832757,0.588285,0.753119,0.894942,0.986064,-0.403651,-0.288462,-0.465884,-0.307924,0.700097,0.488963,0.638275,-0.117925,0.976255,-0.804539,-0.975876,-2.138194,0.731393,2.500804,2.153434,-0.185388,0.490702,0.185576,0.017444,0.187047,0.658099,-0.381839
45.986957,-0.513705,0.833455,0.591296,0.755695,0.894608,0.979902,-0.403935,-0.277417,-0.447819,-0.311008,0.692315,0.487489,0.639956,-0.118266,0.976070,-0.804042,-0.975687,-2.138179,0.731579,2.501483,2.153048,-0.184276,0.492735,0.186000,0.016555,0.188381,0.665009,-0.384054
45.988023,-0.516245,0.827191,0.589781,0.757619,0.891578,0.980413,-0.405200,-0.264644,-0.428928,-0.309674,0.684521,0.485829,0.641252,-0.118595,0.975889,-0.803544,-0.975501,-2.138166,0.731765,2.502159,2.152668,-0.183190,0.492209,0.184947,0.015741,0.188128,0.670922,-0.383664
45.989122,-0.515983,0.819412,0.592264,0.761003,0.895889,0.978709,-0.404925,-0.254735,-0.414517,-0.306186,0.680075,0.484112,0.642564,-0.118897,0.975707,-0.803046,-0.975315,-2.138150,0.731959,2.502835,2.152288,-0.182355,0.495831,0.186482,0.015742,0.190664,0.670518,-0.381506
45.989997,-0.515853,0.816793,0.590534,0.763480,0.896957,0.979562,-0.404964,-0.252460,-0.410590,-0.304465,0.681952,0.482529,0.644397,-0.119177,0.975525,-0.802536,-0.975129,-2.138138,0.732138,2.503504,2.151903,-0.183020,0.500229,0.186067,0.014414,0.185955,0.672584,-0.382514
45.990980,-0.517825,0.819282,0.593569,0.765589,0.900755,0.978849,-0.405538,-0.260060,-0.420473,-0.306757,0.691843,0.481199,0.647013,-0.119447,0.975342,-0.802029,-0.974941,-2.138128,0.732317,2.504181,2.151527,-0.183034,0.500682,0.187134,0.013598,0.184296,0.671097,-0.382483
45.992021,-0.519701,0.822166,0.596207,0.767845,0.903173,0.984226,-0.407186,-0.275140,-0.440824,-0.311816,0.708073,0.480075,0.650173,-0.119715,0.975160,-0.801537,-0.974755,-2.138115,0.732485,2.504865,2.151144,-0.182277,0.499447,0.186114,0.013306,0.180102,0.671614,-0.381553
45.993039,-0.520476,0.823022,0.599809,0.767475,0.905357,0.979580,-0.405809,-0.293554,-0.465429,-0.316656,0.727499,0.479051,0.653457,-0.119961,0.974983,-0.801039,-0.974571,-2.138103,0.732657,2.505521,2.150776,-0.181776,0.498304,0.185504,0.013000,0.177357,0.666372,-0.378629
45.994060,-0.524785,0.819907,0.600862,0.767936,0.903597,0.982583,-0.406403,-0.311177,-0.488877,-0.318437,0.746554,0.478062,0.656369,-0.120160,0.974800,-0.800545,-0.974392,-2.138086,0.732829,2.506203,2.150388,-0.181695,0.498080,0.184393,0.015181,0.174816,0.671054,-0.381711
45.994961,-0.522569,0.811683,0.603976,0.769972,0.902752,0.983284,-0.407988,-0.340419,-0.527948,-0.313831,0.774864,0.476441,0.660096,-0.120402,0.974441,-0.799519,-0.974028,-2.138054,0.733187,2.507532,2.149637,-0.181074,0.503059,0.183328,0.016032,0.176432,0.666930,-0.377727
45.996088,-0.530747,0.804403,0.612729,0.771904,0.904246,0.988671,-0.407619,-0.357862,-0.550664,-0.310388,0.788611,0.475970,0.661515,-0.120422,0.974270,-0.799007,-0.973853,-2.138039,0.733356,2.508182,2.149251,-0.177665,0.507354,0.179975,0.016180,0.174729,0.662064,-0.378976
45.997016,-0.527241,0.802048,0.612403,0.772932,0.904455,0.990601,-0.407595,-0.357862,-0.550664,-0.310388,0.788611,0.475970,0.661515,-0.120422,0.974270,-0.799007,-0.973853,-2.138039,0.733356,2.508182,2.149251,-0.177665,0.507354,0.179975,0.016180,0.174729,0.662064,-0.378976
45.997965,-0.526963,0.794404,0.613665,0.773136,0.903869,0.993681,-0.407626,-0.380540,-0.579360,-0.306656,0.805801,0.475705,0.663002,-0.120415,0.974088,-0.798494,-0.973671,-2.138024,0.733528,2.508840,2.148875,-0.179565,0.507933,0.180589,0.016789,0.174041,0.659887,-0.379167
45.999002,-0.528460,0.791000,0.614542,0.775349,0.907240,0.999564,-0.406562,-0.406589,-0.611919,-0.303481,0.824403,0.475569,0.664340,-0.120427,0.973908,-0.797978,-0.973494,-2.138003,0.733704,2.509483,2.148494,-0.179861,0.511313,0.180478,0.018133,0.174143,0.656699,-0.379279
45.999991,-0.531702,0.792122,0.622666,0.778639,0.906256,1.003217,-0.404354,-0.434977,-0.647051,-0.302797,0.842811,0.475541,0.665509,-0.120482,0.973730,-0.797461,-0.973311,-2.137986,0.733865,2.510126,2.148105,-0.179518,0.513035,0.180760,0.017747,0.170508,0.651041,-0.381733
46.000972,-0.529394,0.792938,0.623609,0.780481,0.906208,1.004993,-0.403153,-0.465913,-0.683881,-0.304214,0.862181,0.475588,0.666737,-0.120596,0.973554,-0.796944,-0.973141,-2.137972,0.734035,2.510755,2.147714,-0.178207,0.512215,0.177384,0.016230,0.171147,0.647555,-0.386373
46.002037,-0.528303,0.790408,0.627994,0.780153,0.906080,1.008142,-0.403857,-0.496285,-0.718121,-0.303642,0.882371,0.475573,0.667854,-0.120775,0.973372,-0.796440,-0.972963,-2.137955,0.734204,2.511395,2.147314,-0.179617,0.511668,0.177559,0.016103,0.170806,0.645841,-0.388907
46.002982,-0.529944,0.793907,0.630267,0.782148,0.905085,1.011457,-0.403548,-0.521500,-0.745346,-0.298563,0.900275,0.475444,0.668437,-0.120977,0.973192,-0.795920,-0.972790,-2.137933,0.734376,2.512025,2.146931,-0.180612,0.513130,0.176257,0.018227,0.170637,0.643120,-0.387838
46.003969,-0.531330,0.796015,0.630023,0.783982,0.903701,1.012778,-0.401419,-0.538876,-0.763252,-0.288773,0.912999,0.475258,0.668287,-0.121143,0.973013,-0.795410,-0.972617,-2.137917,0.734552,2.512659,2.146542,-0.179952,0.510915,0.175690,0.017874,0.171131,0.639732,-0.388606
46.005098,-0.536580,0.795132,0.636659,0.785236,0.901980,1.013166,-0.400590,-0.548691,-0.771202,-0.275392,0.920279,0.475102,0.667592,-0.121271,0.972833,-0.794906,-0.972442,-2.137900,0.734726,2.513293,2.146135,-0.179529,0.509767,0.176487,0.017748,0.172102,0.638540,-0.393041
46.006049,-0.536343,0.793530,0.643480,0.783905,0.901006,1.015089,-0.400098,-0.553288,-0.771020,-0.260272,0.923544,0.475015,0.666648,-0.121386,0.972662,-0.794392,-0.972269,-2.137878,0.734905,2.513928,2.145741,-0.177610,0.510873,0.174226,0.018424,0.173534,0.638829,-0.395117
46.007002,-0.535984,0.789636,0.643694,0.789675,0.898957,1.019189,-0.399649,-0.553415,-0.764704,-0.242585,0.923336,0.474851,0.665355,-0.121480,0.972483,-0.793886,-0.972105,-2.137851,0.735079,2.514563,2.145340,-0.177938,0.511323,0.171492,0.021165,0.174033,0.636838,-0.396189
46.008050,-0.534151,0.790629,0.645644,0.788877,0.899723,1.020194,-0.399519,-0.549384,-0.754312,-0.221346,0.920905,0.474463,0.663674,-0.121555,0.972304,-0.793370,-0.971931,-2.137841,0.735257,2.515185,2.144933,-0.178320,0.512832,0.171999,0.017145,0.175579,0.632756,-0.397163
46.009116,-0.535508,0.798032,0.645483,0.791295,0.899736,1.019976,-0.399270,-0.532530,-0.728371,-0.175564,0.914263,0.473135,0.659957,-0.121691,0.971943,-0.792358,-0.971585,-2.137798,0.735607,2.516459,2.144139,-0.179416,0.509182,0.172870,0.019086,0.174094,0.632743,-0.398524
46.010054,-0.536159,0.802421,0.646120,0.793907,0.900399,1.019869,-0.401438,-0.516461,-0.708373,-0.152652,0.906133,0.472228,0.657615,-0.121734,0.971766,-0.791855,-0.971409,-2.137781,0.735779,2.517090,2.143753,-0.179269,0.506606,0.173061,0.018078,0.172958,0.632774,-0.394271
46.011009,-0.538471,0.804726,0.646328,0.793899,0.899295,1.022137,-0.401037,-0.495347,-0.682316,-0.130484,0.894464,0.471260,0.655031,-0.121749,0.971591,-0.791358,-0.971237,-2.137760,0.735952,2.517724,2.143356,-0.178352,0.505260,0.173563,0.019677,0.173618,0.630460,-0.395244
46.011957,-0.535101,0.804726,0.653075,0.794714,0.896637,1.018382,-0.400573,-0.468508,-0.650233,-0.107809,0.878735,0.470259,0.652030,-0.121750,0.971407,-0.790853,-0.971071,-2.137737,0.736129,2.518370,2.142962,-0.180182,0.504916,0.170819,0.020335,0.175790,0.634153,-0.396292
46.013068,-0.538510,0.802451,0.646703,0.797151,0.894854,1.017044,-0.402834,-0.436783,-0.614501,-0.084655,0.859626,0.469293,0.648572,-0.121740,0.971230,-0.790339,-0.970890,-2.137718,0.736310,2.519007,2.142573,-0.179066,0.506608,0.175007,0.019830,0.177231,0.636050,-0.392150
46.014080,-0.541646,0.800196,0.647513,0.798040,0.891973,1.015817,-0.402970,-0.406760,-0.582025,-0.067055,0.840522,0.468653,0.645400,-0.121726,0.971052,-0.789832,-0.970714,-2.137697,0.736493,2.519653,2.142178,-0.177847,0.507747,0.175285,0.020623,0.179647,0.637407,-0.392150
46.014986,-0.541271,0.793506,0.646190,0.798650,0.888822,1.016165,-0.402169,-0.406760,-0.582025,-0.067055,0.840522,0.468653,0.645400,-0.121726,0.971052,-0.789832,-0.970714,-2.137697,0.736493,2.519653,2.142178,-0.177847,0.507747,0.175285,0.020623,0.179647,0.637407,-0.392150
46.016094,-0.544492,0.797327,0.648328,0.799978,0.888598,1.009731,-0.404121,-0.383549,-0.558014,-0.059186,0.823897,0.468468,0.643106,-0.121746,0.970876,-0.789315,-0.970534,-2.137675,0.736677,2.520286,2.141776,-0.178163,0.510357,0.176336,0.021455,0.182163,0.636829,-0.393779
46.016994,-0.539461,0.789856,0.647391,0.803542,0.890796,1.007550,-0.403799,-0.353787,-0.532930,-0.065440,0.796818,0.468734,0.640392,-0.121910,0.970513,-0.788289,-0.970178,-2.137635,0.737033,2.521598,2.141003,-0.179673,0.511980,0.177071,0.019888,0.179247,0.645544,-0.391011
46.017970,-0.542951,0.791814,0.643842,0.804126,0.892722,1.006488,-0.404318,-0.353787,-0.532930,-0.065440,0.796818,0.468734,0.640392,-0.121910,0.970513,-0.788289,-0.970178,-2.137635,0.737033,2.521598,2.141003,-0.179673,0.511980,0.177071,0.019888,0.179247,0.645544,-0.391011
46.019058,-0.540547,0.797366,0.648831,0.806947,0.892495,1.004749,-0.403454,-0.336682,-0.528416,-0.089296,0.777225,0.469149,0.639121,-0.122181,0.970157,-0.787278,-0.969819,-2.137594,0.737379,2.522898,2.140217,-0.179913,0.508473,0.177797,0.019960,0.176869,0.648721,-0.392263
46.019973,-0.539558,0.796253,0.646327,0.807307,0.894334,1.000062,-0.403121,-0.336682,-0.528416,-0.089296,0.777225,0.469149,0.639121,-0.122181,0.970157,-0.787278,-0.969819,-2.137594,0.737379,2.522898,2.140217,-0.179913,0.508473,0.177797,0.019960,0.176869,0.648721,-0.392263
46.021052,-0.541732,0.791604,0.645287,0.808869,0.896232,0.998720,-0.404247,-0.312961,-0.517996,-0.113310,0.753147,0.469274,0.637106,-0.122485,0.969795,-0.786249,-0.969452,-2.137547,0.737718,2.524208,2.139442,-0.179864,0.511063,0.180777,0.021219,0.172380,0.654780,-0.391102
46.022033,-0.537728,0.783395,0.646463,0.810503,0.894463,1.001317,-0.404611,-0.312961,-0.517996,-0.113310,0.753147,0.469274,0.637106,-0.122485,0.969795,-0.786249,-0.969452,-2.137547,0.737718,2.524208,2.139442,-0.179864,0.511063,0.180777,0.021219,0.172380,0.654780,-0.391102
46.022944,-0.536509,0.775831,0.641100,0.811789,0.891701,1.001434,-0.403745,-0.295718,-0.516231,-0.146318,0.730183,0.470212,0.635406,-0.122655,0.969423,-0.785205,-0.969078,-2.137505,0.738073,2.525503,2.138660,-0.182676,0.517837,0.183685,0.021371,0.175916,0.651774,-0.392399
46.024075,-0.533096,0.774493,0.641790,0.813791,0.893166,1.001985,-0.404864,-0.295394,-0.526033,-0.170487,0.723208,0.471291,0.635402,-0.122696,0.969233,-0.784686,-0.968894,-2.137485,0.738245,2.526158,2.138270,-0.184894,0.519068,0.184272,0.021324,0.174207,0.651774,-0.390588
46.025037,-0.536757,0.772919,0.639709,0.814326,0.895720,1.004415,-0.404658,-0.299734,-0.541111,-0.199409,0.718313,0.472709,0.635877,-0.122731,0.969049,-0.784165,-0.968705,-2.137460,0.738410,2.526806,2.137874,-0.183176,0.519389,0.185744,0.022286,0.171268,0.649238,-0.391157
46.026001,-0.532284,0.777660,0.641803,0.815637,0.896303,1.009210,-0.405020,-0.305920,-0.556841,-0.230341,0.713598,0.474271,0.636540,-0.122791,0.968859,-0.783649,-0.968520,-2.137437,0.738579,2.527439,2.137484,-0.185552,0.516608,0.185159,0.022492,0.170301,0.644438,-0.390587
46.027023,-0.527388,0.786178,0.640717,0.817633,0.896879,1.011250,-0.406343,-0.306991,-0.564819,-0.257426,0.705438,0.475664,0.636661,-0.122899,0.968663,-0.783146,-0.968332,-2.137414,0.738744,2.528079,2.137097,-0.188158,0.512457,0.186318,0.022144,0.169437,0.642635,-0.388200
46.028089,-0.528583,0.786852,0.647102,0.818884,0.897203,1.014857,-0.406017,-0.297314,-0.559045,-0.275208,0.691541,0.476655,0.635602,-0.123043,0.968480,-0.782630,-0.968148,-2.137391,0.738913,2.528711,2.136708,-0.187952,0.512397,0.183866,0.022638,0.168846,0.639446,-0.389242
46.028995,-0.531037,0.787772,0.645311,0.818416,0.894511,1.018232,-0.407503,-0.278509,-0.541236,-0.283413,0.673095,0.477275,0.633496,-0.123207,0.968295,-0.782123,-0.967962,-2.137363,0.739088,2.529345,2.136323,-0.186725,0.511295,0.185105,0.024414,0.171023,0.635844,-0.386309
46.030142,-0.529697,0.786708,0.646386,0.820299,0.891438,1.024285,-0.406678,-0.255483,-0.516600,-0.285926,0.652276,0.477719,0.630933,-0.123380,0.968103,-0.781607,-0.967774,-2.137340,0.739264,2.529974,2.135928,-0.187941,0.512569,0.185503,0.024421,0.173871,0.630547,-0.388484
46.031135,-0.527421,0.781696,0.652549,0.821846,0.892836,1.023950,-0.406651,-0.255483,-0.516600,-0.285926,0.652276,0.477719,0.630933,-0.123380,0.968103,-0.781607,-0.967774,-2.137340,0.739264,2.529974,2.135928,-0.187941,0.512569,0.185503,0.024421,0.173871,0.630547,-0.388484
46.032034,-0.527948,0.780534,0.652083,0.823380,0.892747,1.026015,-0.408185,-0.231101,-0.489916,-0.284449,0.631488,0.478050,0.628305,-0.123547,0.967913,-0.781087,-0.967598,-2.137316,0.739431,2.530597,2.135542,-0.189232,0.514832,0.183064,0.024449,0.172075,0.631136,-0.388749
46.033064,-0.528215,0.780835,0.653499,0.827008,0.895067,1.027733,-0.408207,-0.206296,-0.464344,-0.278028,0.612815,0.478181,0.625724,-0.123692,0.967723,-0.780575,-0.967412,-2.137293,0.739604,2.531229,2.135157,-0.188886,0.514668,0.183613,0.024281,0.171646,0.628807,-0.385712
46.034054,-0.527242,0.788282,0.655779,0.830458,0.896641,1.031354,-0.408878,-0.182977,-0.442001,-0.267933,0.597962,0.478098,0.623484,-0.123826,0.967537,-0.780062,-0.967227,-2.137272,0.739767,2.531849,2.134772,-0.189055,0.514562,0.183559,0.022375,0.169048,0.627461,-0.386008
46.034963,-0.529278,0.790241,0.657463,0.830718,0.897639,1.027920,-0.410021,-0.161565,-0.422440,-0.254730,0.587921,0.477764,0.621808,-0.123969,0.967345,-0.779557,-0.967047,-2.137255,0.739933,2.532473,2.134391,-0.189676,0.510708,0.183018,0.020636,0.167135,0.623994,-0.384897
46.036043,-0.533918,0.793821,0.656916,0.834516,0.897504,1.028414,-0.409784,-0.139475,-0.402118,-0.236832,0.581024,0.477093,0.620440,-0.124141,0.967157,-0.779055,-0.966864,-2.137229,0.740095,2.533110,2.134008,-0.188622,0.509198,0.182525,0.021750,0.165737,0.627270,-0.382694
46.037075,-0.534928,0.804209,0.661906,0.836401,0.897133,1.026709,-0.410425,-0.116784,-0.380269,-0.215438,0.575824,0.476183,0.619268,-0.124357,0.966974,-0.778547,-0.966678,-2.137213,0.740262,2.533737,2.133626,-0.186758,0.507825,0.183601,0.019865,0.165652,0.627260,-0.383602
46.038003,-0.535466,0.801036,0.663384,0.835771,0.893745,1.027898,-0.410546,-0.094519,-0.357035,-0.191927,0.572196,0.475166,0.618317,-0.124611,0.966788,-0.778059,-0.966501,-2.137192,0.740426,2.534385,2.133243,-0.186564,0.502953,0.181843,0.019717,0.165758,0.629181,-0.382613
46.039124,-0.537502,0.795359,0.668078,0.837342,0.892459,1.022161,-0.411347,-0.070372,-0.330062,-0.164768,0.568143,0.474035,0.617200,-0.124879,0.966600,-0.777550,-0.966320,-2.137166,0.740602,2.535000,2.132863,-0.186328,0.504095,0.181551,0.021742,0.168654,0.627948,-0.382521
46.040039,-0.540173,0.784275,0.671802,0.839363,0.890745,1.021301,-0.413858,-0.044745,-0.301724,-0.134695,0.562866,0.472879,0.615728,-0.125145,0.966417,-0.777031,-0.966144,-2.137143,0.740772,2.535645,2.132482,-0.185863,0.507480,0.180208,0.022017,0.169720,0.634330,-0.381392
46.041010,-0.537983,0.775544,0.672755,0.842895,0.888553,1.019918,-0.413491,-0.022907,-0.280054,-0.104957,0.559912,0.471861,0.614301,-0.125397,0.966232,-0.776513,-0.965967,-2.137122,0.740940,2.536287,2.132113,-0.184542,0.512330,0.178790,0.021457,0.170975,0.634903,-0.376488
46.041964,-0.541322,0.778471,0.675342,0.843631,0.888220,1.019662,-0.413598,-0.010245,-0.272400,-0.078591,0.564110,0.471084,0.613539,-0.125620,0.966045,-0.775988,-0.965788,-2.137108,0.741118,2.536922,2.131737,-0.185809,0.516245,0.178896,0.019663,0.172682,0.636327,-0.377516
46.043085,-0.542652,0.776656,0.678178,0.845105,0.887178,1.015099,-0.414224,-0.007405,-0.279264,-0.056755,0.576295,0.470519,0.613659,-0.125830,0.965863,-0.775483,-0.965611,-2.137087,0.741290,2.537557,2.131357,-0.184275,0.514413,0.178141,0.020507,0.172546,0.636544,-0.377481
46.044032,-0.540525,0.778414,0.678154,0.847285,0.886031,1.011791,-0.413428,-0.010686,-0.295001,-0.038282,0.592809,0.470026,0.614330,-0.126032,0.965678,-0.774962,-0.965435,-2.137065,0.741466,2.538213,2.130990,-0.184162,0.515846,0.177745,0.020918,0.173328,0.641655,-0.376755
46.044999,-0.541987,0.782202,0.675550,0.850580,0.884410,1.007420,-0.414977,-0.015979,-0.314061,-0.021672,0.609835,0.469496,0.615142,-0.126212,0.965492,-0.774444,-0.965257,-2.137046,0.741645,2.538859,2.130610,-0.185331,0.514431,0.178283,0.020328,0.173951,0.644820,-0.378549
46.045968,-0.541506,0.780089,0.679975,0.852343,0.881869,1.004781,-0.416066,-0.020576,-0.332217,-0.006572,0.625296,0.468942,0.615949,-0.126363,0.965308,-0.773941,-0.965072,-2.137031,0.741821,2.539520,2.130232,-0.184751,0.512321,0.180081,0.018744,0.175100,0.649063,-0.375621
46.047092,-0.542950,0.772031,0.678797,0.852712,0.879106,0.998833,-0.415931,-0.026224,-0.360205,0.019015,0.650984,0.468006,0.617719,-0.126569,0.964940,-0.772901,-0.964715,-2.136990,0.742189,2.540841,2.129490,-0.185003,0.517602,0.180027,0.020169,0.179523,0.658037,-0.374526
46.048012,-0.540200,0.771781,0.678234,0.853664,0.879230,0.996939,-0.415864,-0.026224,-0.360205,0.019015,0.650984,0.468006,0.617719,-0.126569,0.964940,-0.772901,-0.964715,-2.136990,0.742189,2.540841,2.129490,-0.185003,0.517602,0.180027,0.020169,0.179523,0.658037,-0.374526
46.049065,-0.539498,0.769121,0.680514,0.857925,0.878687,0.998474,-0.415292,-0.029861,-0.374181,0.026923,0.661378,0.467768,0.618735,-0.126654,0.964751,-0.772380,-0.964532,-2.136967,0.742365,2.541509,2.129112,-0.186387,0.516977,0.180682,0.020647,0.178842,0.659513,-0.374786
46.050077,-0.545825,0.762962,0.678318,0.859524,0.878611,0.996617,-0.413602,-0.034309,-0.388599,0.030780,0.670140,0.467672,0.619823,-0.126750,0.964562,-0.771856,-0.964354,-2.136956,0.742548,2.542174,2.128736,-0.187052,0.518382,0.180339,0.018350,0.178959,0.658130,-0.376321
46.050978,-0.544528,0.760726,0.680292,0.861037,0.877736,0.995020,-0.412358,-0.042396,-0.405563,0.029749,0.680520,0.467727,0.621404,-0.126861,0.964384,-0.771334,-0.964168,-2.136936,0.742725,2.542833,2.128349,-0.184204,0.521305,0.182059,0.018486,0.178612,0.660075,-0.379985
46.052030,-0.541413,0.762899,0.681674,0.863427,0.879675,0.997320,-0.412266,-0.057847,-0.428146,0.021586,0.694851,0.468010,0.623874,-0.126984,0.964199,-0.770809,-0.963985,-2.136917,0.742904,2.543505,2.127967,-0.184884,0.521520,0.181369,0.018465,0.178900,0.661199,-0.382545
46.052993,-0.544455,0.768446,0.681647,0.865013,0.880142,0.999080,-0.411418,-0.076986,-0.452576,0.009382,0.710996,0.468369,0.626774,-0.127114,0.964009,-0.770287,-0.963806,-2.136899,0.743082,2.544155,2.127581,-0.186759,0.520505,0.181477,0.017906,0.176563,0.659127,-0.383046
46.053978,-0.545460,0.768275,0.682753,0.868570,0.880718,0.994746,-0.410738,-0.093983,-0.472358,-0.002441,0.725720,0.468657,0.629517,-0.127248,0.963825,-0.769781,-0.963621,-2.136881,0.743257,2.544816,2.127190,-0.185371,0.517432,0.181970,0.017968,0.175642,0.657221,-0.384911
46.055029,-0.544777,0.774229,0.682369,0.868970,0.878211,0.997577,-0.409458,-0.107323,-0.484694,-0.012663,0.738072,0.468916,0.631996,-0.127362,0.963642,-0.769259,-0.963437,-2.136869,0.743429,2.545480,2.126801,-0.185103,0.517222,0.181956,0.016209,0.174653,0.661538,-0.386479
46.056032,-0.547526,0.769967,0.682650,0.870757,0.877016,0.994966,-0.408986,-0.116432,-0.488828,-0.020700,0.747658,0.469214,0.634099,-0.127441,0.963456,-0.768756,-0.963251,-2.136847,0.743611,2.546139,2.126405,-0.185804,0.514519,0.182867,0.017588,0.176773,0.658845,-0.389346
46.056968,-0.547383,0.766586,0.677785,0.869762,0.875207,0.998085,-0.407968,-0.121010,-0.485238,-0.026895,0.753531,0.469623,0.635650,-0.127481,0.963272,-0.768236,-0.963062,-2.136832,0.743787,2.546808,2.126017,-0.184669,0.516497,0.183261,0.017581,0.177525,0.661461,-0.390513
46.058107,-0.545622,0.766948,0.678217,0.870873,0.874449,1.000822,-0.408417,-0.124027,-0.478181,-0.034670,0.756105,0.470297,0.636791,-0.127458,0.963089,-0.767713,-0.962870,-2.136808,0.743967,2.547452,2.125616,-0.184859,0.517549,0.186039,0.020045,0.178790,0.658125,-0.392630
46.059032,-0.542429,0.763644,0.679755,0.874812,0.875171,1.006546,-0.408100,-0.130534,-0.464809,-0.062679,0.751849,0.472489,0.637874,-0.127248,0.962709,-0.766679,-0.962495,-2.136772,0.744320,2.548729,2.124829,-0.187863,0.519046,0.186287,0.018546,0.178024,0.650150,-0.392895
46.060005,-0.542562,0.766724,0.684121,0.876595,0.879906,1.009208,-0.406673,-0.130534,-0.464809,-0.062679,0.751849,0.472489,0.637874,-0.127248,0.962709,-0.766679,-0.962495,-2.136772,0.744320,2.548729,2.124829,-0.187863,0.519046,0.186287,0.018546,0.178024,0.650150,-0.392895
46.061035,-0.538535,0.776551,0.684754,0.876619,0.880786,1.012603,-0.408374,-0.131581,-0.458927,-0.076676,0.748345,0.473564,0.637670,-0.127105,0.962520,-0.766172,-0.962315,-2.136753,0.744481,2.549372,2.124429,-0.187897,0.517260,0.184654,0.018423,0.172933,0.647514,-0.395911
46.062109,-0.532364,0.785400,0.687158,0.877200,0.882108,1.015249,-0.406866,-0.126180,-0.448701,-0.084163,0.742997,0.474303,0.636531,-0.126944,0.962324,-0.765670,-0.962128,-2.136731,0.744649,2.550010,2.124039,-0.190119,0.512492,0.185000,0.020112,0.171791,0.644362,-0.392729
46.063069,-0.535173,0.789004,0.688091,0.881850,0.883207,1.017913,-0.406734,-0.071082,-0.386868,-0.065054,0.706915,0.474357,0.628632,-0.126567,0.961937,-0.764666,-0.961761,-2.136698,0.744977,2.551277,2.123244,-0.192121,0.506501,0.184607,0.018413,0.168790,0.639509,-0.396504
46.064057,-0.538470,0.788244,0.689711,0.880061,0.882909,1.020698,-0.409105,-0.026818,-0.339332,-0.041905,0.679846,0.474018,0.622721,-0.126302,0.961751,-0.764155,-0.961576,-2.136669,0.745145,2.551900,2.122857,-0.190663,0.506739,0.184340,0.021708,0.168746,0.636906,-0.391935
46.064999,-0.535282,0.782983,0.692588,0.882457,0.880019,1.021919,-0.408847,-0.026818,-0.339332,-0.041905,0.679846,0.474018,0.622721,-0.126302,0.961751,-0.764155,-0.961576,-2.136669,0.745145,2.551900,2.122857,-0.190663,0.506739,0.184340,0.021708,0.168746,0.636906,-0.391935
46.066058,-0.534170,0.780108,0.695163,0.881142,0.877972,1.022376,-0.408784,0.019002,-0.290658,-0.016033,0.652143,0.473783,0.616644,-0.125967,0.961556,-0.763638,-0.961397,-2.136648,0.745320,2.552530,2.122464,-0.192262,0.508851,0.183389,0.020807,0.171160,0.635646,-0.392614
46.067051,-0.537371,0.777384,0.695042,0.882390,0.882285,1.023484,-0.410599,0.063944,-0.245299,0.011119,0.625107,0.473642,0.610592,-0.125599,0.961359,-0.763129,-0.961217,-2.136618,0.745495,2.553168,2.122067,-0.193056,0.510559,0.182909,0.023719,0.172857,0.635568,-0.393044
46.067950,-0.538338,0.772826,0.696703,0.883566,0.884065,1.026365,-0.409576,0.140409,-0.176502,0.059077,0.576424,0.473476,0.599573,-0.124869,0.960981,-0.762101,-0.960851,-2.136568,0.745810,2.554420,2.121291,-0.191074,0.513262,0.183033,0.024134,0.166105,0.631528,-0.391756
46.069070,-0.541679,0.769266,0.700337,0.886378,0.885942,1.028888,-0.407669,0.140409,-0.176502,0.059077,0.576424,0.473476,0.599573,-0.124869,0.960981,-0.762101,-0.960851,-2.136568,0.745810,2.554420,2.121291,-0.191074,0.513262,0.183033,0.024134,0.166105,0.631528,-0.391756
46.070109,-0.539621,0.772657,0.705899,0.886613,0.891109,1.027783,-0.408583,0.164092,-0.159170,0.074334,0.559758,0.473475,0.595661,-0.124577,0.960795,-0.761582,-0.960670,-2.136547,0.745965,2.555040,2.120883,-0.189911,0.515571,0.182183,0.023222,0.164170,0.629730,-0.395962
46.071019,-0.545428,0.773560,0.708912,0.888891,0.894002,1.027144,-0.408173,0.188131,-0.149946,0.096868,0.542347,0.473160,0.590724,-0.124231,0.960413,-0.760557,-0.960317,-2.136498,0.746261,2.556321,2.120093,-0.188235,0.512836,0.179109,0.023733,0.155731,0.631532,-0.395246
46.071990,-0.544605,0.768793,0.706544,0.890155,0.893052,1.026985,-0.407327,0.188131,-0.149946,0.096868,0.542347,0.473160,0.590724,-0.124231,0.960413,-0.760557,-0.960317,-2.136498,0.746261,2.556321,2.120093,-0.188235,0.512836,0.179109,0.023733,0.155731,0.631532,-0.395246
46.073059,-0.543350,0.765287,0.711300,0.888843,0.892098,1.025325,-0.409347,0.193491,-0.150258,0.107755,0.538106,0.472858,0.589193,-0.124130,0.960225,-0.760037,-0.960133,-2.136473,0.746417,2.556953,2.119696,-0.188808,0.514865,0.180822,0.023976,0.156452,0.631741,-0.397097
46.074044,-0.549254,0.759001,0.709331,0.891401,0.892318,1.021933,-0.409036,0.193776,-0.154159,0.115708,0.535865,0.472748,0.588368,-0.124024,0.960033,-0.759521,-0.959955,-2.136440,0.746573,2.557592,2.119308,-0.189759,0.516855,0.179269,0.026844,0.157271,0.633817,-0.393360
46.075064,-0.554336,0.751626,0.712024,0.890889,0.892827,1.018758,-0.408456,0.175050,-0.179337,0.115406,0.536442,0.473615,0.589047,-0.123684,0.959670,-0.758455,-0.959598,-2.136387,0.746881,2.558893,2.118516,-0.184810,0.522996,0.180244,0.027820,0.156123,0.640528,-0.395613
46.075957,-0.553893,0.748363,0.713735,0.891564,0.894223,1.016717,-0.408520,0.175050,-0.179337,0.115406,0.536442,0.473615,0.589047,-0.123684,0.959670,-0.758455,-0.959598,-2.136387,0.746881,2.558893,2.118516,-0.184810,0.522996,0.180244,0.027820,0.156123,0.640528,-0.395613
46.077134,-0.558855,0.757548,0.720609,0.895278,0.899355,1.010564,-0.408863,0.150702,-0.205841,0.102895,0.542128,0.474696,0.591132,-0.123484,0.959484,-0.757933,-0.959419,-2.136358,0.747026,2.559543,2.118115,-0.185022,0.523721,0.179741,0.028365,0.154450,0.642195,-0.395461
46.078020,-0.557585,0.761997,0.726008,0.897219,0.901629,1.007470,-0.410776,0.121747,-0.235933,0.087405,0.549428,0.475793,0.593753,-0.123301,0.959306,-0.757418,-0.959246,-2.136336,0.747168,2.560200,2.117724,-0.183280,0.519996,0.177502,0.026634,0.149436,0.649115,-0.395316
46.079058,-0.554853,0.766419,0.725370,0.899399,0.905975,1.004127,-0.410138,0.096086,-0.260488,0.077065,0.556038,0.476429,0.596033,-0.123130,0.959122,-0.756900,-0.959077,-2.136311,0.747313,2.560859,2.117340,-0.183908,0.516899,0.175246,0.026013,0.146915,0.651721,-0.391501
46.080004,-0.561346,0.767310,0.732567,0.901472,0.906914,1.003330,-0.411136,0.079900,-0.272781,0.076766,0.559480,0.476390,0.597277,-0.122975,0.958932,-0.756393,-0.958899,-2.136285,0.747451,2.561526,2.116942,-0.185553,0.514869,0.176369,0.025464,0.142558,0.655182,-0.393094
46.080961,-0.557996,0.766077,0.728924,0.901146,0.903890,0.999480,-0.411601,0.073704,-0.272334,0.085873,0.559498,0.475812,0.597436,-0.122858,0.958757,-0.755879,-0.958730,-2.136262,0.747593,2.562177,2.116557,-0.182486,0.513964,0.173348,0.024867,0.141492,0.655789,-0.391217
46.082080,-0.561309,0.758903,0.732255,0.901559,0.904436,1.000223,-0.409101,0.074346,-0.262627,0.101164,0.557336,0.474962,0.596820,-0.122772,0.958571,-0.755368,-0.958549,-2.136234,0.747741,2.562846,2.116167,-0.184328,0.514223,0.175730,0.026599,0.144345,0.659443,-0.390449
46.083066,-0.557880,0.756159,0.729104,0.904446,0.904489,1.001108,-0.410600,0.078208,-0.248862,0.117625,0.553395,0.474159,0.595720,-0.122704,0.958391,-0.754841,-0.958374,-2.136203,0.747888,2.563497,2.115765,-0.183234,0.518277,0.175061,0.027860,0.143795,0.659187,-0.395907
46.083935,-0.557359,0.750604,0.729361,0.904839,0.903689,1.001407,-0.410360,0.080871,-0.237528,0.130218,0.549718,0.473681,0.594641,-0.122644,0.958203,-0.754316,-0.958194,-2.136181,0.748033,2.564157,2.115377,-0.185142,0.519257,0.177273,0.026538,0.143599,0.658244,-0.393038
46.085056,-0.561532,0.747031,0.727875,0.907459,0.905880,1.001979,-0.408734,0.079868,-0.232312,0.136589,0.548470,0.473612,0.593988,-0.122571,0.958015,-0.753797,-0.958018,-2.136151,0.748176,2.564815,2.114981,-0.185266,0.521046,0.177439,0.027328,0.144139,0.657439,-0.393520
46.086048,-0.561788,0.761286,0.731013,0.908186,0.907767,1.003192,-0.408330,0.073369,-0.235454,0.135223,0.550941,0.473937,0.594049,-0.122496,0.957835,-0.753270,-0.957834,-2.136125,0.748313,2.565480,2.114581,-0.183760,0.523272,0.179122,0.026483,0.142048,0.657317,-0.397209
46.086958,-0.558090,0.764546,0.734470,0.909254,0.910237,1.008569,-0.407499,0.062460,-0.244709,0.127330,0.556267,0.474498,0.594709,-0.122451,0.957650,-0.752772,-0.957658,-2.136097,0.748451,2.566130,2.114181,-0.183872,0.516055,0.178197,0.027248,0.140096,0.656123,-0.398162
46.088033,-0.556337,0.767918,0.738850,0.911394,0.913166,1.010496,-0.406891,0.055725,-0.249670,0.120328,0.559379,0.474887,0.594965,-0.122431,0.957461,-0.752263,-0.957481,-2.136070,0.748582,2.566772,2.113786,-0.185694,0.513841,0.176885,0.027478,0.137523,0.650453,-0.399878
46.089043,-0.559622,0.765236,0.739062,0.910816,0.912408,1.017136,-0.408312,0.060098,-0.243580,0.121107,0.557174,0.474829,0.593990,-0.122393,0.957274,-0.751751,-0.957311,-2.136042,0.748711,2.567413,2.113382,-0.186967,0.512494,0.175662,0.026985,0.134733,0.648980,-0.401402
46.089970,-0.557928,0.762006,0.739595,0.912919,0.910176,1.019998,-0.407454,0.073928,-0.229127,0.129173,0.550946,0.474483,0.591917,-0.122290,0.957090,-0.751238,-0.957133,-2.136010,0.748847,2.568049,2.112982,-0.185573,0.513794,0.176259,0.028991,0.135512,0.642472,-0.398722
46.091066,-0.557532,0.753071,0.739126,0.911969,0.908911,1.023836,-0.409565,0.091073,-0.212915,0.139396,0.543435,0.474192,0.589433,-0.122109,0.956903,-0.750721,-0.956954,-2.135984,0.748991,2.568681,2.112580,-0.186483,0.514793,0.176439,0.028239,0.137557,0.639522,-0.400531
46.092008,-0.552915,0.743746,0.741375,0.915574,0.908480,1.023877,-0.409864,0.106234,-0.201354,0.147066,0.537023,0.474189,0.587203,-0.121840,0.956714,-0.750192,-0.956778,-2.135949,0.749135,2.569315,2.112190,-0.187102,0.519552,0.177633,0.030743,0.138837,0.636221,-0.396658
46.092949,-0.551822,0.743515,0.739992,0.915950,0.910556,1.024434,-0.407326,0.116174,-0.199782,0.149789,0.533729,0.474521,0.585668,-0.121497,0.956518,-0.749664,-0.956601,-2.135927,0.749272,2.569957,2.111788,-0.189396,0.523549,0.177002,0.028582,0.139145,0.636087,-0.396169
46.094051,-0.554080,0.751199,0.741817,0.919410,0.913428,1.023622,-0.408371,0.120607,-0.209338,0.148100,0.534532,0.475051,0.584960,-0.121144,0.956328,-0.749140,-0.956422,-2.135895,0.749401,2.570588,2.111381,-0.189954,0.522996,0.178195,0.029509,0.137003,0.635468,-0.401355
46.094985,-0.554127,0.752701,0.742666,0.921336,0.917479,1.025285,-0.409365,0.122195,-0.224966,0.144030,0.537568,0.475551,0.584849,-0.120821,0.956139,-0.748630,-0.956243,-2.135871,0.749524,2.571229,2.110985,-0.189255,0.519659,0.178215,0.027819,0.134365,0.636818,-0.399586
46.095937,-0.553875,0.755791,0.740175,0.923477,0.920172,1.022549,-0.408582,0.123445,-0.240669,0.139656,0.540889,0.475845,0.585078,-0.120517,0.955950,-0.748111,-0.956064,-2.135844,0.749646,2.571858,2.110593,-0.189260,0.518322,0.178247,0.027283,0.130322,0.635049,-0.397697
46.096982,-0.558592,0.749680,0.741390,0.923654,0.923373,1.022806,-0.410047,0.125302,-0.253261,0.135691,0.543647,0.475926,0.585515,-0.120236,0.955760,-0.747594,-0.955882,-2.135819,0.749769,2.572500,2.110193,-0.189456,0.516298,0.179996,0.026593,0.127682,0.637746,-0.399402
46.098061,-0.563959,0.739904,0.747481,0.925907,0.923493,1.022628,-0.410603,0.125781,-0.263754,0.129786,0.545810,0.476002,0.586266,-0.119975,0.955572,-0.747072,-0.955702,-2.135787,0.749888,2.573142,2.109799,-0.187383,0.519439,0.180133,0.027906,0.124681,0.637751,-0.396719
46.099033,-0.563469,0.734928,0.743864,0.926489,0.922571,1.022498,-0.409907,0.101632,-0.302959,0.101602,0.560864,0.477026,0.590589,-0.119425,0.955205,-0.746008,-0.955344,-2.135729,0.750143,2.574414,2.109005,-0.185611,0.526391,0.180363,0.028097,0.125700,0.638547,-0.397535
46.099996,-0.561833,0.731602,0.743449,0.926653,0.921115,1.020482,-0.409249,0.101632,-0.302959,0.101602,0.560864,0.477026,0.590589,-0.119425,0.955205,-0.746008,-0.955344,-2.135729,0.750143,2.574414,2.109005,-0.185611,0.526391,0.180363,0.028097,0.125700,0.638547,-0.397535
46.100957,-0.565652,0.723050,0.745496,0.930329,0.923925,1.018736,-0.407040,0.074372,-0.335773,0.077577,0.575110,0.478084,0.594370,-0.119157,0.955017,-0.745475,-0.955162,-2.135698,0.750268,2.575048,2.108608,-0.186542,0.527457,0.181062,0.029271,0.127197,0.640594,-0.398985
46.102071,-0.567907,0.729920,0.748745,0.933111,0.927463,1.017856,-0.406239,0.040157,-0.374137,0.048167,0.591473,0.479326,0.598869,-0.118936,0.954836,-0.744933,-0.954983,-2.135675,0.750386,2.575692,2.108184,-0.184799,0.531051,0.180561,0.027076,0.124444,0.642276,-0.403456
46.103017,-0.562218,0.728976,0.748674,0.935547,0.930242,1.016676,-0.405477,-0.041189,-0.456612,-0.013939,0.632613,0.481397,0.609515,-0.118716,0.954462,-0.743885,-0.954619,-2.135627,0.750615,2.576983,2.107374,-0.187134,0.527882,0.180376,0.025170,0.118587,0.644743,-0.406996
46.103986,-0.566346,0.729748,0.748681,0.938685,0.933035,1.014707,-0.403455,-0.041189,-0.456612,-0.013939,0.632613,0.481397,0.609515,-0.118716,0.954462,-0.743885,-0.954619,-2.135627,0.750615,2.576983,2.107374,-0.187134,0.527882,0.180376,0.025170,0.118587,0.644743,-0.406996
46.104991,-0.566699,0.736176,0.753059,0.938039,0.932912,1.010653,-0.402260,-0.078786,-0.489718,-0.039342,0.653087,0.481871,0.614754,-0.118716,0.954281,-0.743363,-0.954439,-2.135605,0.750723,2.577634,2.106949,-0.185234,0.527064,0.180932,0.023590,0.116007,0.646654,-0.411098
46.106071,-0.567182,0.739572,0.753095,0.942240,0.932412,1.010966,-0.400381,-0.111031,-0.513375,-0.059281,0.670884,0.481990,0.619606,-0.118770,0.954096,-0.742845,-0.954261,-2.135577,0.750836,2.578298,2.106527,-0.185321,0.523661,0.179397,0.025768,0.116369,0.650722,-0.413583
46.107006,-0.567465,0.734161,0.752100,0.942158,0.932767,1.004700,-0.399783,-0.151606,-0.523432,-0.077994,0.690880,0.481320,0.627199,-0.118899,0.953726,-0.741797,-0.953897,-2.135531,0.751070,2.579621,2.105677,-0.185454,0.524298,0.181166,0.024881,0.116849,0.656737,-0.418728
46.108037,-0.572285,0.727644,0.753554,0.947199,0.931626,1.001821,-0.400006,-0.151606,-0.523432,-0.077994,0.690880,0.481320,0.627199,-0.118899,0.953726,-0.741797,-0.953897,-2.135531,0.751070,2.579621,2.105677,-0.185454,0.524298,0.181166,0.024881,0.116849,0.656737,-0.418728
46.109001,-0.571248,0.726277,0.750585,0.947480,0.930050,0.998510,-0.398675,-0.167078,-0.519749,-0.083135,0.697422,0.480932,0.630728,-0.118927,0.953548,-0.741262,-0.953714,-2.135516,0.751191,2.580286,2.105260,-0.183422,0.527349,0.181125,0.021639,0.118164,0.659674,-0.418445
46.109967,-0.570686,0.727473,0.752847,0.950520,0.932454,0.997514,-0.399089,-0.186715,-0.520067,-0.091043,0.706771,0.480707,0.634826,-0.118912,0.953363,-0.740731,-0.953528,-2.135491,0.751313,2.580969,2.104828,-0.184115,0.527446,0.183093,0.022890,0.119815,0.662710,-0.421128
46.111050,-0.570544,0.737032,0.758388,0.953579,0.935927,0.991616,-0.398592,-0.209455,-0.524056,-0.101711,0.718102,0.480538,0.639275,-0.118864,0.953176,-0.740213,-0.953346,-2.135473,0.751425,2.581635,2.104407,-0.184532,0.526443,0.182448,0.021472,0.117538,0.663509,-0.420310
46.112091,-0.571705,0.742107,0.763874,0.957342,0.936825,0.991803,-0.397169,-0.228980,-0.525500,-0.109722,0.728303,0.480099,0.643264,-0.118795,0.952993,-0.739696,-0.953167,-2.135453,0.751534,2.582308,2.103989,-0.185065,0.521950,0.180557,0.020275,0.114412,0.669713,-0.421593
46.112979,-0.571049,0.744770,0.759262,0.957737,0.940243,0.989855,-0.398316,-0.239162,-0.518034,-0.108123,0.735585,0.479074,0.646018,-0.118719,0.952810,-0.739187,-0.952993,-2.135439,0.751646,2.582979,2.103560,-0.184844,0.519595,0.178633,0.018406,0.113797,0.669554,-0.424600
46.114078,-0.572563,0.747953,0.765169,0.960857,0.939650,0.992000,-0.398364,-0.238898,-0.500117,-0.096327,0.739161,0.477535,0.647337,-0.118645,0.952629,-0.738672,-0.952806,-2.135418,0.751751,2.583645,2.103146,-0.185185,0.517439,0.181224,0.019444,0.110486,0.671045,-0.422184
46.115021,-0.574661,0.743064,0.765982,0.961204,0.940434,0.992754,-0.398747,-0.230713,-0.473960,-0.078410,0.738858,0.475803,0.647452,-0.118580,0.952443,-0.738153,-0.952630,-2.135402,0.751866,2.584313,2.102723,-0.184891,0.516251,0.179188,0.018307,0.111434,0.669208,-0.422388
46.115939,-0.568879,0.737231,0.765560,0.961818,0.940184,0.994334,-0.399467,-0.218133,-0.443720,-0.057224,0.736295,0.474098,0.646711,-0.118534,0.952259,-0.737634,-0.952449,-2.135381,0.751978,2.584980,2.102300,-0.183947,0.518179,0.179270,0.019497,0.110780,0.668193,-0.421609
46.117036,-0.570893,0.734072,0.764984,0.964785,0.936579,1.000424,-0.398854,-0.204710,-0.414663,-0.035756,0.733045,0.472601,0.645465,-0.118512,0.952069,-0.737108,-0.952268,-2.135359,0.752089,2.585636,2.101886,-0.186849,0.520317,0.179880,0.020345,0.111150,0.666307,-0.420145
46.118041,-0.568403,0.723940,0.763815,0.967315,0.939150,1.002210,-0.398224,-0.193365,-0.391230,-0.017574,0.730217,0.471465,0.644080,-0.118525,0.951883,-0.736588,-0.952086,-2.135343,0.752212,2.586290,2.101459,-0.186277,0.522269,0.181053,0.019338,0.115020,0.660596,-0.421653
46.119110,-0.570917,0.724160,0.763277,0.967056,0.941524,1.009739,-0.399564,-0.188698,-0.378780,-0.006595,0.731096,0.470790,0.643212,-0.118565,0.951691,-0.736050,-0.951902,-2.135325,0.752317,2.586946,2.101037,-0.187703,0.526956,0.182251,0.018552,0.112680,0.658898,-0.423023
46.120084,-0.570405,0.725929,0.762421,0.969693,0.943211,1.009820,-0.400442,-0.193837,-0.380407,-0.005796,0.737172,0.470623,0.643276,-0.118602,0.951505,-0.735518,-0.951717,-2.135302,0.752422,2.587577,2.100619,-0.186824,0.526854,0.183285,0.020572,0.110675,0.651759,-0.420544
46.120990,-0.569387,0.729464,0.764344,0.971800,0.945006,1.015419,-0.401051,-0.206906,-0.392613,-0.014630,0.745894,0.470888,0.644052,-0.118619,0.951316,-0.734999,-0.951532,-2.135285,0.752527,2.588232,2.100201,-0.187221,0.525599,0.184219,0.019608,0.109247,0.651678,-0.418865
46.122047,-0.571222,0.728132,0.764833,0.971516,0.945715,1.017930,-0.402236,-0.222983,-0.408431,-0.028798,0.754470,0.471386,0.645022,-0.118622,0.951131,-0.734479,-0.951348,-2.135267,0.752629,2.588874,2.099790,-0.187738,0.523047,0.183563,0.019013,0.107632,0.645753,-0.417629
46.123023,-0.572123,0.722397,0.766146,0.972831,0.945068,1.022357,-0.401512,-0.237937,-0.422627,-0.044068,0.760987,0.471989,0.645723,-0.118618,0.950946,-0.733956,-0.951165,-2.135242,0.752737,2.589508,2.099376,-0.187187,0.523834,0.184089,0.021020,0.107264,0.643660,-0.415484
46.123940,-0.572285,0.710829,0.765851,0.972950,0.945065,1.024909,-0.403529,-0.251917,-0.435373,-0.060143,0.765009,0.472804,0.646088,-0.118616,0.950758,-0.733423,-0.950978,-2.135219,0.752845,2.590143,2.098955,-0.186882,0.526199,0.183918,0.021243,0.108146,0.639268,-0.417030
46.125008,-0.568893,0.703630,0.766867,0.973861,0.943918,1.029014,-0.405064,-0.268366,-0.451295,-0.079056,0.768578,0.474016,0.646478,-0.118598,0.950573,-0.732877,-0.950794,-2.135196,0.752956,2.590768,2.098551,-0.186829,0.530984,0.184431,0.022544,0.108251,0.636615,-0.412964
46.126062,-0.571747,0.692265,0.763788,0.977625,0.943068,1.031033,-0.406519,-0.289505,-0.474339,-0.102097,0.773415,0.475689,0.647227,-0.118534,0.950379,-0.732337,-0.950609,-2.135170,0.753066,2.591399,2.098147,-0.188844,0.534527,0.184689,0.023319,0.109734,0.632942,-0.410200
46.126997,-0.566804,0.696683,0.766802,0.980535,0.943143,1.030981,-0.407380,-0.317331,-0.507725,-0.130725,0.781533,0.477810,0.648762,-0.118449,0.950194,-0.731785,-0.950417,-2.135153,0.753180,2.592023,2.097749,-0.187766,0.539958,0.186889,0.021388,0.110845,0.631376,-0.407584
46.128083,-0.565981,0.703430,0.763707,0.982275,0.944208,1.028141,-0.407495,-0.351677,-0.550987,-0.164093,0.794539,0.480189,0.651303,-0.118395,0.950000,-0.731250,-0.950235,-2.135134,0.753290,2.592658,2.097339,-0.190241,0.536869,0.185781,0.020043,0.110911,0.631334,-0.405905
46.129031,-0.565968,0.707549,0.761689,0.984103,0.945942,1.028739,-0.407956,-0.384632,-0.594137,-0.195980,0.808330,0.482364,0.654031,-0.118409,0.949805,-0.730724,-0.950041,-2.135113,0.753397,2.593300,2.096938,-0.190964,0.533736,0.188077,0.020147,0.110208,0.634658,-0.406032
46.130181,-0.567418,0.714166,0.761407,0.985055,0.949247,1.027436,-0.408827,-0.409256,-0.627373,-0.222681,0.817273,0.484078,0.656089,-0.118503,0.949616,-0.730199,-0.949847,-2.135093,0.753506,2.593930,2.096539,-0.191026,0.531085,0.189401,0.019880,0.108639,0.633995,-0.405199
46.131022,-0.564336,0.713585,0.757651,0.987683,0.946320,1.027747,-0.408616,-0.430203,-0.654009,-0.262523,0.813265,0.486472,0.657365,-0.118849,0.949234,-0.729154,-0.949461,-2.135054,0.753725,2.595208,2.095729,-0.192162,0.527543,0.192354,0.019652,0.108775,0.635201,-0.404213
46.132067,-0.568111,0.708020,0.759864,0.990095,0.944346,1.024622,-0.410038,-0.430203,-0.654009,-0.262523,0.813265,0.486472,0.657365,-0.118849,0.949234,-0.729154,-0.949461,-2.135054,0.753725,2.595208,2.095729,-0.192162,0.527543,0.192354,0.019652,0.108775,0.635201,-0.404213
46.132976,-0.563083,0.708840,0.758131,0.990105,0.942150,1.025821,-0.410644,-0.430365,-0.651931,-0.277446,0.803555,0.487462,0.656848,-0.119053,0.949044,-0.728614,-0.949270,-2.135035,0.753841,2.595845,2.095335,-0.190533,0.530183,0.191856,0.019048,0.110974,0.638679,-0.401634
46.134052,-0.561420,0.698261,0.757217,0.992697,0.939331,1.023798,-0.412803,-0.427845,-0.646133,-0.289985,0.792904,0.488426,0.655967,-0.119218,0.948846,-0.728091,-0.949076,-2.135012,0.753961,2.596479,2.094938,-0.192948,0.528931,0.192960,0.020464,0.113179,0.637231,-0.400472
46.135069,-0.560191,0.701910,0.755721,0.995165,0.938485,1.023553,-0.412328,-0.418068,-0.634767,-0.309841,0.771814,0.490278,0.653541,-0.119332,0.948455,-0.727027,-0.948683,-2.134975,0.754207,2.597757,2.094151,-0.194826,0.532231,0.195309,0.018997,0.117158,0.640136,-0.397722
46.136091,-0.557640,0.707088,0.755596,0.997307,0.938709,1.021926,-0.412483,-0.418068,-0.634767,-0.309841,0.771814,0.490278,0.653541,-0.119332,0.948455,-0.727027,-0.948683,-2.134975,0.754207,2.597757,2.094151,-0.194826,0.532231,0.195309,0.018997,0.117158,0.640136,-0.397722
46.136971,-0.557442,0.714178,0.759593,1.000643,0.938214,1.017230,-0.412128,-0.411277,-0.630870,-0.317619,0.762626,0.491037,0.652301,-0.119335,0.948252,-0.726500,-0.948485,-2.134956,0.754323,2.598407,2.093760,-0.196187,0.529468,0.195841,0.018616,0.117129,0.641925,-0.397666
46.138061,-0.558244,0.721014,0.756953,1.001166,0.938289,1.012761,-0.413452,-0.397785,-0.620907,-0.318921,0.751789,0.491309,0.650583,-0.119380,0.948056,-0.725983,-0.948298,-2.134941,0.754444,2.599052,2.093358,-0.196088,0.525003,0.194032,0.016803,0.117585,0.646259,-0.398347
46.139053,-0.562453,0.725446,0.754359,1.002436,0.936968,1.010129,-0.413357,-0.374491,-0.600293,-0.310523,0.737476,0.490918,0.648002,-0.119500,0.947860,-0.725473,-0.948096,-2.134919,0.754564,2.599711,2.092963,-0.196008,0.522052,0.196023,0.018134,0.117764,0.651098,-0.396040
46.140027,-0.562562,0.715310,0.762302,1.004257,0.933835,1.010477,-0.415388,-0.309928,-0.533548,-0.278577,0.697389,0.489156,0.640907,-0.119875,0.947476,-0.724417,-0.947708,-2.134883,0.754817,2.601013,2.092182,-0.194071,0.524155,0.194135,0.018404,0.122332,0.653301,-0.392543
46.140965,-0.559547,0.706492,0.757429,1.006542,0.930232,1.010336,-0.412755,-0.309928,-0.533548,-0.278577,0.697389,0.489156,0.640907,-0.119875,0.947476,-0.724417,-0.947708,-2.134883,0.754817,2.601013,2.092182,-0.194071,0.524155,0.194135,0.018404,0.122332,0.653301,-0.392543
46.141948,-0.562929,0.699089,0.752555,1.007764,0.927944,1.011245,-0.413083,-0.280065,-0.502334,-0.261072,0.679732,0.488266,0.637517,-0.120079,0.947275,-0.723885,-0.947507,-2.134867,0.754951,2.601668,2.091771,-0.195490,0.527824,0.196843,0.017751,0.125855,0.653229,-0.397935
46.143008,-0.562747,0.695051,0.756839,1.007699,0.927522,1.009476,-0.415423,-0.260522,-0.484157,-0.249289,0.669502,0.487738,0.635237,-0.120270,0.947086,-0.723343,-0.947300,-2.134849,0.755084,2.602320,2.091380,-0.193914,0.530944,0.199550,0.018232,0.128110,0.652294,-0.397414
46.144012,-0.560837,0.696190,0.758739,1.008685,0.926423,1.012637,-0.415089,-0.254449,-0.481951,-0.247724,0.666726,0.487733,0.634374,-0.120428,0.946890,-0.722810,-0.947107,-2.134828,0.755213,2.602982,2.090992,-0.194277,0.532940,0.198014,0.020082,0.128631,0.654317,-0.393037
46.144978,-0.562955,0.699975,0.759473,1.011461,0.925280,1.013060,-0.414219,-0.256770,-0.490555,-0.252065,0.667779,0.487976,0.634239,-0.120569,0.946694,-0.722277,-0.946909,-2.134807,0.755346,2.603625,2.090602,-0.195356,0.531991,0.197506,0.020740,0.129743,0.651224,-0.393996
46.146026,-0.567680,0.702364,0.760807,1.014070,0.926226,1.013837,-0.416333,-0.260922,-0.502135,-0.256398,0.669248,0.488162,0.634109,-0.120746,0.946499,-0.721744,-0.946712,-2.134791,0.755480,2.604285,2.090204,-0.194319,0.529509,0.197479,0.019651,0.130832,0.650687,-0.395880
46.147109,-0.570658,0.701405,0.765930,1.014434,0.923813,1.015292,-0.415036,-0.271304,-0.522110,-0.260559,0.673498,0.488231,0.633891,-0.121180,0.946122,-0.720687,-0.946320,-2.134752,0.755743,2.605576,2.089415,-0.191183,0.528987,0.195491,0.020361,0.132525,0.649148,-0.394914
46.148008,-0.565849,0.698570,0.760364,1.016426,0.919672,1.018726,-0.414041,-0.271304,-0.522110,-0.260559,0.673498,0.488231,0.633891,-0.121180,0.946122,-0.720687,-0.946320,-2.134752,0.755743,2.605576,2.089415,-0.191183,0.528987,0.195491,0.020361,0.132525,0.649148,-0.394914
46.149023,-0.572044,0.691454,0.768269,1.017146,0.918225,1.019692,-0.412891,-0.278108,-0.530196,-0.260852,0.676388,0.488274,0.633869,-0.121417,0.945925,-0.720162,-0.946115,-2.134734,0.755888,2.606218,2.089015,-0.193462,0.529512,0.198382,0.019851,0.136431,0.645391,-0.396904
46.150014,-0.574993,0.680494,0.771478,1.018998,0.917267,1.024738,-0.413602,-0.286546,-0.538712,-0.261264,0.679883,0.488473,0.633950,-0.121690,0.945738,-0.719620,-0.945926,-2.134712,0.756027,2.606862,2.088606,-0.190563,0.532709,0.194934,0.020797,0.137813,0.644612,-0.399387
46.150988,-0.569206,0.672402,0.767519,1.019873,0.914497,1.026577,-0.414145,-0.300073,-0.552635,-0.262666,0.687121,0.488851,0.634514,-0.121977,0.945552,-0.719066,-0.945736,-2.134689,0.756169,2.607488,2.088216,-0.189309,0.537532,0.193844,0.020527,0.138667,0.639693,-0.398140
46.152003,-0.567086,0.670542,0.765979,1.022660,0.914101,1.031344,-0.411885,-0.321321,-0.576276,-0.266765,0.700136,0.489437,0.635903,-0.122248,0.945356,-0.718523,-0.945533,-2.134667,0.756315,2.608126,2.087817,-0.192282,0.540918,0.196149,0.021234,0.141296,0.637914,-0.397203
46.152965,-0.569032,0.674917,0.771397,1.025404,0.914948,1.029819,-0.411903,-0.348544,-0.608437,-0.275140,0.717050,0.490247,0.638049,-0.122506,0.945164,-0.717978,-0.945331,-2.134649,0.756462,2.608744,2.087408,-0.193521,0.541400,0.197331,0.020179,0.141547,0.633430,-0.401960
46.154009,-0.568901,0.682778,0.769779,1.026658,0.916110,1.031076,-0.411062,-0.376846,-0.643011,-0.284940,0.735170,0.491070,0.640547,-0.122769,0.944973,-0.717448,-0.945141,-2.134631,0.756602,2.609378,2.087005,-0.192594,0.538614,0.194989,0.019088,0.140567,0.635021,-0.401983
46.155033,-0.569769,0.686449,0.765264,1.027036,0.913880,1.031065,-0.409822,-0.414765,-0.687597,-0.292090,0.760898,0.491920,0.644229,-0.123288,0.944586,-0.716387,-0.944732,-2.134589,0.756881,2.610635,2.086177,-0.192682,0.532579,0.198979,0.020919,0.141626,0.634412,-0.406557
46.156008,-0.573893,0.679477,0.775054,1.028576,0.914763,1.033968,-0.411511,-0.414765,-0.687597,-0.292090,0.760898,0.491920,0.644229,-0.123288,0.944586,-0.716387,-0.944732,-2.134589,0.756881,2.610635,2.086177,-0.192682,0.532579,0.198979,0.020919,0.141626,0.634412,-0.406557
46.157099,-0.575742,0.675412,0.770840,1.029958,0.911601,1.033072,-0.411902,-0.421993,-0.692621,-0.290530,0.764067,0.492168,0.645095,-0.123500,0.944401,-0.715849,-0.944547,-2.134568,0.757020,2.611260,2.085779,-0.190771,0.535537,0.194531,0.020963,0.140624,0.631588,-0.403274
46.157978,-0.573004,0.670472,0.769934,1.030628,0.908125,1.031718,-0.412465,-0.426393,-0.693547,-0.287298,0.765052,0.492472,0.645893,-0.123626,0.944212,-0.715305,-0.944344,-2.134545,0.757174,2.611894,2.085379,-0.190283,0.537612,0.197319,0.021386,0.143745,0.633040,-0.402868
46.158956,-0.578981,0.668392,0.774285,1.033930,0.907295,1.029990,-0.413792,-0.431562,-0.695924,-0.285316,0.766268,0.492962,0.647006,-0.123654,0.944017,-0.714762,-0.944147,-2.134521,0.757329,2.612523,2.084977,-0.191482,0.538853,0.197848,0.022046,0.146839,0.634099,-0.401701
46.159938,-0.576879,0.672698,0.775472,1.036628,0.906628,1.028441,-0.413785,-0.438063,-0.701274,-0.285112,0.768484,0.493544,0.648465,-0.123589,0.943833,-0.714226,-0.943954,-2.134503,0.757475,2.613164,2.084582,-0.188650,0.539340,0.196074,0.020403,0.147491,0.635858,-0.399204
46.161133,-0.571051,0.682794,0.771673,1.039732,0.906597,1.029263,-0.413901,-0.444360,-0.708203,-0.283426,0.772807,0.493891,0.650109,-0.123463,0.943641,-0.713691,-0.943757,-2.134488,0.757622,2.613796,2.084180,-0.189850,0.536658,0.195877,0.019455,0.147990,0.637507,-0.399392
46.162098,-0.572640,0.688348,0.774876,1.043997,0.908883,1.025869,-0.413396,-0.445299,-0.710684,-0.276870,0.776681,0.493763,0.651332,-0.123340,0.943439,-0.713174,-0.943552,-2.134469,0.757770,2.614433,2.083777,-0.193304,0.532593,0.198689,0.018482,0.148129,0.637578,-0.399686
46.162964,-0.570913,0.688871,0.781902,1.046343,0.908296,1.026275,-0.414827,-0.415369,-0.682837,-0.240570,0.774349,0.491834,0.650589,-0.123233,0.943055,-0.712120,-0.943169,-2.134444,0.758058,2.615717,2.082983,-0.193233,0.527965,0.194040,0.015212,0.145992,0.640101,-0.397901
46.164115,-0.571450,0.694642,0.779113,1.045788,0.905983,1.027363,-0.414781,-0.415369,-0.682837,-0.240570,0.774349,0.491834,0.650589,-0.123233,0.943055,-0.712120,-0.943169,-2.134444,0.758058,2.615717,2.082983,-0.193233,0.527965,0.194040,0.015212,0.145992,0.640101,-0.397901
46.164987,-0.570858,0.693021,0.772137,1.047438,0.898189,1.026835,-0.413451,-0.383955,-0.652004,-0.207474,0.769096,0.490061,0.648479,-0.123234,0.942858,-0.711603,-0.942969,-2.134421,0.758208,2.616359,2.082579,-0.193424,0.525803,0.196309,0.017723,0.148354,0.639725,-0.398471
46.165996,-0.575982,0.686512,0.776136,1.047504,0.896680,1.021714,-0.413532,-0.345776,-0.613184,-0.170792,0.759784,0.488217,0.645622,-0.123270,0.942664,-0.711076,-0.942761,-2.134403,0.758379,2.616995,2.082176,-0.193543,0.525563,0.199753,0.017516,0.155661,0.639895,-0.401099
46.166995,-0.576625,0.676307,0.773681,1.047731,0.893395,1.021256,-0.413273,-0.307982,-0.573233,-0.138392,0.748137,0.486701,0.642864,-0.123323,0.942476,-0.710546,-0.942567,-2.134379,0.758535,2.617656,2.081775,-0.191174,0.528567,0.198205,0.019065,0.156887,0.645097,-0.401110
46.167935,-0.576507,0.677798,0.768893,1.050162,0.890341,1.016924,-0.413220,-0.277152,-0.540486,-0.114317,0.737839,0.485636,0.640979,-0.123355,0.942284,-0.710002,-0.942366,-2.134355,0.758701,2.618316,2.081366,-0.191033,0.533180,0.199834,0.020400,0.159861,0.645504,-0.401785
46.169059,-0.581713,0.679838,0.767518,1.051569,0.891395,1.014179,-0.414260,-0.256690,-0.519341,-0.101114,0.730707,0.485046,0.640406,-0.123368,0.942094,-0.709471,-0.942159,-2.134338,0.758872,2.618971,2.080963,-0.191119,0.531663,0.202390,0.019565,0.162458,0.649663,-0.401956
46.169985,-0.581054,0.681273,0.770265,1.053589,0.893653,1.008119,-0.413338,-0.246227,-0.508022,-0.099446,0.726184,0.484846,0.641136,-0.123381,0.941909,-0.708945,-0.941954,-2.134318,0.759031,2.619638,2.080563,-0.189035,0.531110,0.203745,0.020110,0.161265,0.652847,-0.400267
46.170977,-0.579128,0.680947,0.764177,1.057293,0.893291,1.007612,-0.412501,-0.242000,-0.496927,-0.116756,0.719669,0.484737,0.644599,-0.123448,0.941526,-0.707880,-0.941541,-2.134285,0.759350,2.620970,2.079755,-0.190487,0.529335,0.205849,0.017726,0.158754,0.658988,-0.404020
46.172047,-0.580925,0.675564,0.761098,1.057349,0.892493,1.004301,-0.413255,-0.244937,-0.493765,-0.132189,0.717479,0.484803,0.646795,-0.123507,0.941337,-0.707344,-0.941329,-2.134261,0.759513,2.621642,2.079352,-0.189932,0.532075,0.207825,0.019437,0.159354,0.662538,-0.402783
46.172969,-0.583346,0.669070,0.769197,1.059017,0.890186,1.003618,-0.412718,-0.244937,-0.493765,-0.132189,0.717479,0.484803,0.646795,-0.123507,0.941337,-0.707344,-0.941329,-2.134261,0.759513,2.621642,2.079352,-0.189932,0.532075,0.207825,0.019437,0.159354,0.662538,-0.402783
46.174019,-0.580713,0.661456,0.767052,1.059628,0.883432,1.004912,-0.414642,-0.264993,-0.502033,-0.174411,0.719870,0.485758,0.651959,-0.123548,0.940957,-0.706265,-0.940923,-2.134220,0.759856,2.622965,2.078553,-0.190349,0.538068,0.205489,0.020412,0.167662,0.661752,-0.400318
46.174950,-0.580462,0.651701,0.762073,1.061723,0.878797,1.007132,-0.415785,-0.282067,-0.516776,-0.197920,0.726281,0.486645,0.654902,-0.123497,0.940769,-0.705716,-0.940710,-2.134202,0.760037,2.623614,2.078157,-0.190481,0.541972,0.208035,0.019869,0.171711,0.659307,-0.398124
46.175985,-0.581252,0.659289,0.772945,1.062163,0.877815,1.003452,-0.415798,-0.282067,-0.516776,-0.197920,0.726281,0.486645,0.654902,-0.123497,0.940769,-0.705716,-0.940710,-2.134202,0.760037,2.623614,2.078157,-0.190481,0.541972,0.208035,0.019869,0.171711,0.659307,-0.398124
46.177152,-0.577465,0.658813,0.770665,1.065026,0.876648,1.004739,-0.416649,-0.302342,-0.537200,-0.222216,0.735153,0.487728,0.658012,-0.123398,0.940579,-0.705180,-0.940518,-2.134177,0.760214,2.624286,2.077763,-0.190352,0.537908,0.203118,0.021080,0.172263,0.663116,-0.398398
46.177996,-0.567795,0.664164,0.763843,1.068333,0.874742,1.008493,-0.415888,-0.317794,-0.554420,-0.239739,0.742425,0.488531,0.660324,-0.123295,0.940380,-0.704647,-0.940308,-2.134157,0.760386,2.624950,2.077368,-0.192758,0.538825,0.205071,0.020235,0.173266,0.662426,-0.397189
46.178995,-0.575714,0.672576,0.770939,1.068023,0.873493,1.010853,-0.416680,-0.323715,-0.562816,-0.248395,0.745390,0.488909,0.661338,-0.123205,0.940176,-0.704119,-0.940091,-2.134143,0.760563,2.625597,2.076973,-0.197240,0.534853,0.208254,0.018392,0.174535,0.658092,-0.398668
46.180047,-0.577818,0.676511,0.770252,1.068124,0.871888,1.015471,-0.418425,-0.318700,-0.558906,-0.249135,0.742558,0.488921,0.660943,-0.123119,0.939988,-0.703601,-0.939896,-2.134117,0.760741,2.626263,2.076578,-0.193397,0.530450,0.205092,0.020282,0.175328,0.655717,-0.397261
46.181040,-0.570055,0.671806,0.768737,1.069678,0.864943,1.016808,-0.416274,-0.303151,-0.540686,-0.241900,0.732818,0.488601,0.659044,-0.123031,0.939797,-0.703077,-0.939686,-2.134089,0.760921,2.626892,2.076192,-0.192662,0.528560,0.205904,0.021768,0.176540,0.651470,-0.394092
46.182042,-0.568247,0.668256,0.770661,1.070711,0.861081,1.023117,-0.417085,-0.251211,-0.476492,-0.212436,0.697141,0.487728,0.651552,-0.122912,0.939393,-0.702008,-0.939272,-2.134042,0.761313,2.628182,2.075391,-0.197524,0.531907,0.206295,0.022340,0.186107,0.643962,-0.397150
46.182963,-0.570018,0.657967,0.773634,1.071593,0.857825,1.025682,-0.419244,-0.251211,-0.476492,-0.212436,0.697141,0.487728,0.651552,-0.122912,0.939393,-0.702008,-0.939272,-2.134042,0.761313,2.628182,2.075391,-0.197524,0.531907,0.206295,0.022340,0.186107,0.643962,-0.397150
46.184024,-0.562679,0.658434,0.767534,1.073362,0.853695,1.029351,-0.418533,-0.221271,-0.443111,-0.193869,0.677652,0.487413,0.646793,-0.122846,0.939198,-0.701466,-0.939068,-2.134019,0.761508,2.628811,2.075007,-0.196549,0.536135,0.204936,0.022889,0.188627,0.641308,-0.392917
46.185063,-0.562259,0.660192,0.768350,1.073040,0.849856,1.031721,-0.417742,-0.169203,-0.396537,-0.161264,0.646520,0.487382,0.637493,-0.122657,0.938787,-0.700405,-0.938646,-2.133968,0.761909,2.630083,2.074202,-0.200668,0.534883,0.208402,0.024757,0.195391,0.635957,-0.396520
46.186066,-0.561940,0.667739,0.775719,1.076722,0.850619,1.035555,-0.418548,-0.141872,-0.376571,-0.145093,0.630754,0.487345,0.632585,-0.122603,0.938586,-0.699879,-0.938449,-2.133948,0.762108,2.630705,2.073808,-0.200883,0.530813,0.205124,0.022736,0.193935,0.632350,-0.395091
46.186942,-0.556496,0.676842,0.766356,1.077075,0.847223,1.035894,-0.418364,-0.141872,-0.376571,-0.145093,0.630754,0.487345,0.632585,-0.122603,0.938586,-0.699879,-0.938449,-2.133948,0.762108,2.630705,2.073808,-0.200883,0.530813,0.205124,0.022736,0.193935,0.632350,-0.395091
46.188046,-0.556326,0.676601,0.766444,1.078710,0.844784,1.034659,-0.419509,-0.107824,-0.350559,-0.123278,0.612359,0.486892,0.627065,-0.122592,0.938376,-0.699368,-0.938230,-2.133922,0.762308,2.631335,2.073412,-0.203253,0.525394,0.209698,0.023661,0.196533,0.631726,-0.395462
46.189050,-0.563813,0.668507,0.774321,1.079598,0.842806,1.033107,-0.418437,-0.066444,-0.316044,-0.097535,0.589483,0.486122,0.620911,-0.122595,0.938173,-0.698838,-0.938017,-2.133897,0.762511,2.631967,2.073029,-0.203602,0.525871,0.210149,0.023794,0.198402,0.633567,-0.393589
46.189978,-0.561796,0.665015,0.768586,1.080943,0.836887,1.035412,-0.418275,-0.023127,-0.279435,-0.071357,0.565148,0.485255,0.614664,-0.122594,0.937978,-0.698299,-0.937819,-2.133872,0.762718,2.632608,2.072628,-0.199945,0.529535,0.206611,0.024488,0.199648,0.635246,-0.395970
46.191073,-0.564310,0.660151,0.765905,1.081274,0.834057,1.034533,-0.419572,0.042286,-0.233213,-0.030850,0.531341,0.484016,0.604837,-0.122553,0.937577,-0.697228,-0.937387,-2.133819,0.763140,2.633871,2.071840,-0.199882,0.533040,0.211340,0.025917,0.206874,0.634251,-0.394122
46.192046,-0.564991,0.656024,0.769114,1.082140,0.832155,1.030251,-0.418629,0.042286,-0.233213,-0.030850,0.531341,0.484016,0.604837,-0.122553,0.937577,-0.697228,-0.937387,-2.133819,0.763140,2.633871,2.071840,-0.199882,0.533040,0.211340,0.025917,0.206874,0.634251,-0.394122
46.192947,-0.560022,0.655580,0.763867,1.084546,0.828571,1.030984,-0.419635,0.058505,-0.229666,-0.023252,0.523319,0.483908,0.601850,-0.122490,0.937375,-0.696698,-0.937181,-2.133791,0.763351,2.634519,2.071443,-0.199512,0.534583,0.209955,0.026466,0.207954,0.638527,-0.396198
46.194180,-0.556395,0.657911,0.763924,1.084185,0.828320,1.030854,-0.420156,0.066504,-0.236491,-0.021665,0.519785,0.483904,0.599783,-0.122430,0.937171,-0.696160,-0.936960,-2.133767,0.763562,2.635146,2.071059,-0.201791,0.533764,0.212491,0.025397,0.210643,0.637545,-0.394223
46.195014,-0.559812,0.655379,0.768601,1.086182,0.828573,1.026771,-0.418959,0.078114,-0.258247,-0.023087,0.514340,0.483457,0.596341,-0.122386,0.936763,-0.695095,-0.936540,-2.133710,0.763981,2.636442,2.070261,-0.202042,0.533549,0.210812,0.026868,0.209172,0.642213,-0.396121
46.196021,-0.556427,0.655571,0.760141,1.088667,0.825732,1.023906,-0.418281,0.085569,-0.267540,-0.021922,0.510712,0.482891,0.594626,-0.122442,0.936555,-0.694558,-0.936314,-2.133687,0.764195,2.637082,2.069865,-0.203745,0.533068,0.215224,0.025981,0.211246,0.645221,-0.397686
46.197097,-0.560878,0.653781,0.767736,1.090225,0.827192,1.020919,-0.417833,0.091848,-0.276540,-0.020651,0.508479,0.482229,0.593320,-0.122536,0.936358,-0.694025,-0.936109,-2.133661,0.764401,2.637740,2.069463,-0.201762,0.534064,0.211888,0.026144,0.209111,0.648521,-0.398894
46.197932,-0.562065,0.649343,0.773553,1.089809,0.827544,1.015958,-0.417618,0.097489,-0.284809,-0.016714,0.508080,0.481359,0.592378,-0.122652,0.936157,-0.693485,-0.935904,-2.133631,0.764610,2.638403,2.069064,-0.200826,0.534840,0.208868,0.027643,0.207790,0.652828,-0.399213
46.199023,-0.561291,0.640899,0.769561,1.092079,0.824408,1.012825,-0.416161,0.097489,-0.284809,-0.016714,0.508080,0.481359,0.592378,-0.122652,0.936157,-0.693485,-0.935904,-2.133631,0.764610,2.638403,2.069064,-0.200826,0.534840,0.208868,0.027643,0.207790,0.652828,-0.399213
46.199977,-0.564219,0.632629,0.768415,1.092988,0.821138,1.011919,-0.415228,0.102251,-0.293326,-0.008865,0.509897,0.480236,0.591745,-0.122802,0.935954,-0.692931,-0.935688,-2.133605,0.764824,2.639071,2.068653,-0.201474,0.539020,0.211380,0.027097,0.210280,0.656259,-0.402465
46.200998,-0.566586,0.631652,0.771811,1.094563,0.825751,1.012666,-0.415050,0.090567,-0.329973,-0.002438,0.527367,0.478269,0.593302,-0.123185,0.935564,-0.691843,-0.935265,-2.133549,0.765240,2.640391,2.067836,-0.198982,0.542450,0.210665,0.027520,0.207327,0.656283,-0.404925
46.201995,-0.563777,0.632982,0.772180,1.098080,0.824411,1.011105,-0.413642,0.073747,-0.356833,-0.004820,0.543120,0.477413,0.595532,-0.123362,0.935361,-0.691299,-0.935056,-2.133525,0.765450,2.641050,2.067421,-0.200427,0.541244,0.210775,0.025559,0.207956,0.657854,-0.407890
46.202973,-0.561157,0.637856,0.772588,1.096133,0.823799,1.010085,-0.410246,0.073747,-0.356833,-0.004820,0.543120,0.477413,0.595532,-0.123362,0.935361,-0.691299,-0.935056,-2.133525,0.765450,2.641050,2.067421,-0.200427,0.541244,0.210775,0.025559,0.207956,0.657854,-0.407890
46.203931,-0.562087,0.638946,0.774087,1.099699,0.827188,1.007976,-0.410729,0.049076,-0.391167,0.000378,0.568697,0.474956,0.598904,-0.123792,0.934955,-0.690234,-0.934633,-2.133467,0.765851,2.642376,2.066575,-0.201139,0.537145,0.210158,0.026725,0.203703,0.660698,-0.413754
46.205036,-0.564652,0.639430,0.783379,1.100982,0.826252,1.012236,-0.412394,0.047329,-0.391720,0.012530,0.574412,0.473264,0.599166,-0.123982,0.934756,-0.689701,-0.934437,-2.133439,0.766054,2.643032,2.066168,-0.200182,0.537184,0.206212,0.027185,0.204132,0.656825,-0.410752
46.206002,-0.558513,0.638606,0.779531,1.101992,0.823408,1.012313,-0.411131,0.051811,-0.383480,0.032061,0.577484,0.471353,0.598610,-0.124099,0.934550,-0.689165,-0.934223,-2.133411,0.766263,2.643680,2.065753,-0.203191,0.536974,0.208327,0.027567,0.206180,0.656721,-0.413402
46.207051,-0.563576,0.632989,0.785200,1.103607,0.821909,1.014011,-0.411835,0.060380,-0.369985,0.056231,0.578712,0.469446,0.597484,-0.124175,0.934352,-0.688618,-0.934024,-2.133383,0.766474,2.644333,2.065343,-0.200806,0.539571,0.206001,0.027546,0.206962,0.655246,-0.412189
46.208005,-0.563141,0.629762,0.786225,1.104244,0.823991,1.014489,-0.413388,0.060380,-0.369985,0.056231,0.578712,0.469446,0.597484,-0.124175,0.934352,-0.688618,-0.934024,-2.133383,0.766474,2.644333,2.065343,-0.200806,0.539571,0.206001,0.027546,0.206962,0.655246,-0.412189
46.209036,-0.563003,0.636262,0.789314,1.104809,0.824997,1.018949,-0.412203,0.068539,-0.356994,0.081119,0.580555,0.467718,0.596340,-0.124226,0.934151,-0.688081,-0.933819,-2.133352,0.766671,2.644994,2.064937,-0.200982,0.540481,0.205716,0.028238,0.204140,0.654584,-0.409151
46.209970,-0.563632,0.639155,0.794772,1.107180,0.826793,1.019293,-0.412577,0.075865,-0.345084,0.105869,0.582727,0.466129,0.595261,-0.124280,0.933952,-0.687549,-0.933614,-2.133319,0.766874,2.645629,2.064523,-0.201195,0.537005,0.204588,0.029100,0.202494,0.650360,-0.411761
46.211065,-0.563763,0.645819,0.794299,1.109409,0.826762,1.020832,-0.413940,0.102227,-0.307181,0.165161,0.579967,0.462501,0.591747,-0.124601,0.933549,-0.686498,-0.933212,-2.133265,0.767268,2.646924,2.063708,-0.200970,0.531848,0.202971,0.027559,0.199502,0.648778,-0.408609
46.211956,-0.563148,0.652958,0.793079,1.111476,0.826834,1.025561,-0.414639,0.123135,-0.277653,0.200103,0.574473,0.460341,0.589203,-0.124867,0.933349,-0.685974,-0.933008,-2.133240,0.767465,2.647551,2.063304,-0.201072,0.527347,0.203619,0.026818,0.198645,0.643772,-0.407196
46.212972,-0.565477,0.652222,0.797148,1.110079,0.828816,1.025516,-0.414739,0.123135,-0.277653,0.200103,0.574473,0.460341,0.589203,-0.124867,0.933349,-0.685974,-0.933008,-2.133240,0.767465,2.647551,2.063304,-0.201072,0.527347,0.203619,0.026818,0.198645,0.643772,-0.407196
46.214099,-0.566767,0.647786,0.803778,1.111042,0.828333,1.028224,-0.414620,0.148318,-0.240983,0.235920,0.565500,0.458101,0.586319,-0.125155,0.933151,-0.685448,-0.932808,-2.133205,0.767656,2.648192,2.062893,-0.200016,0.527568,0.202009,0.029594,0.196085,0.644049,-0.407184
46.215078,-0.566852,0.641101,0.799646,1.111793,0.826614,1.030347,-0.415280,0.176059,-0.200966,0.271864,0.553657,0.455881,0.583225,-0.125463,0.932952,-0.684912,-0.932613,-2.133173,0.767853,2.648817,2.062489,-0.199758,0.530171,0.199495,0.030277,0.196130,0.642028,-0.407827
46.215971,-0.567705,0.634850,0.794258,1.111624,0.824577,1.034716,-0.416266,0.201852,-0.165094,0.305170,0.542112,0.453860,0.580414,-0.125764,0.932754,-0.684378,-0.932409,-2.133141,0.768055,2.649450,2.062083,-0.199748,0.533009,0.201893,0.030869,0.197141,0.639985,-0.406618
46.217078,-0.569267,0.629009,0.796856,1.115713,0.824899,1.037138,-0.415908,0.219116,-0.140791,0.328746,0.533884,0.452387,0.578726,-0.125997,0.932556,-0.683836,-0.932198,-2.133108,0.768253,2.650083,2.061681,-0.199135,0.535005,0.204563,0.032162,0.198385,0.635331,-0.404625
46.218035,-0.567537,0.630581,0.794676,1.113900,0.825083,1.037163,-0.417066,0.223171,-0.132721,0.337737,0.531579,0.451628,0.578867,-0.126168,0.932361,-0.683291,-0.931996,-2.133083,0.768450,2.650715,2.061275,-0.198744,0.538056,0.203897,0.029834,0.197548,0.633522,-0.405730
46.218939,-0.562903,0.635990,0.794081,1.116345,0.827905,1.035139,-0.415525,0.215538,-0.139540,0.334290,0.535446,0.451358,0.580755,-0.126336,0.932161,-0.682760,-0.931788,-2.133043,0.768645,2.651347,2.060873,-0.199571,0.536621,0.205192,0.032808,0.196688,0.633516,-0.403484
46.219924,-0.568734,0.632789,0.795128,1.114910,0.830161,1.035829,-0.415136,0.195996,-0.161489,0.313447,0.541455,0.450914,0.585813,-0.126835,0.931763,-0.681690,-0.931376,-2.132975,0.769017,2.652625,2.060056,-0.198805,0.534097,0.205298,0.034238,0.190385,0.634659,-0.407486
46.221041,-0.566971,0.630289,0.798676,1.116816,0.831124,1.036198,-0.416095,0.189405,-0.169259,0.301525,0.540090,0.450568,0.588094,-0.127155,0.931560,-0.681155,-0.931172,-2.132940,0.769201,2.653264,2.059649,-0.200031,0.535660,0.204192,0.033866,0.189088,0.634885,-0.405914
46.221991,-0.570051,0.630083,0.795801,1.117221,0.830311,1.037606,-0.416137,0.182688,-0.177248,0.288595,0.537984,0.450246,0.590323,-0.127472,0.931366,-0.680616,-0.930963,-2.132904,0.769394,2.653895,2.059247,-0.198477,0.534991,0.205802,0.034658,0.189250,0.633438,-0.405938
46.223119,-0.575095,0.618778,0.798368,1.119098,0.832492,1.035632,-0.418555,0.171751,-0.189414,0.271976,0.538045,0.450121,0.592970,-0.127760,0.931173,-0.680067,-0.930759,-2.132871,0.769574,2.654541,2.058851,-0.196406,0.540915,0.205204,0.034397,0.186748,0.636039,-0.401489
46.223997,-0.573449,0.612999,0.796871,1.119591,0.834128,1.037198,-0.418737,0.171751,-0.189414,0.271976,0.538045,0.450121,0.592970,-0.127760,0.931173,-0.680067,-0.930759,-2.132871,0.769574,2.654541,2.058851,-0.196406,0.540915,0.205204,0.034397,0.186748,0.636039,-0.401489
46.225033,-0.568334,0.613540,0.796305,1.120356,0.833279,1.033438,-0.417943,0.126001,-0.240486,0.220968,0.553225,0.450819,0.601120,-0.128244,0.930772,-0.678971,-0.930343,-2.132797,0.769934,2.655816,2.058042,-0.199723,0.541853,0.206616,0.035507,0.184943,0.638180,-0.402963
46.226034,-0.570292,0.615498,0.795915,1.120837,0.837351,1.028968,-0.419571,0.126001,-0.240486,0.220968,0.553225,0.450819,0.601120,-0.128244,0.930772,-0.678971,-0.930343,-2.132797,0.769934,2.655816,2.058042,-0.199723,0.541853,0.206616,0.035507,0.184943,0.638180,-0.402963
46.226933,-0.566404,0.615005,0.796421,1.124284,0.841789,1.022736,-0.419137,0.101275,-0.268708,0.193413,0.561780,0.451276,0.605512,-0.128477,0.930574,-0.678439,-0.930134,-2.132759,0.770106,2.656477,2.057645,-0.198788,0.540511,0.207097,0.036266,0.180437,0.642649,-0.399860
46.227923,-0.571974,0.622143,0.788965,1.124310,0.841134,1.022179,-0.417614,0.081638,-0.290867,0.169211,0.567088,0.451540,0.609383,-0.128708,0.930371,-0.677900,-0.929926,-2.132729,0.770273,2.657133,2.057237,-0.200541,0.539714,0.206853,0.034002,0.175515,0.648520,-0.400742
46.228964,-0.566389,0.617311,0.794990,1.126159,0.843385,1.015603,-0.420184,0.056202,-0.311752,0.128295,0.568063,0.451588,0.615918,-0.129255,0.929968,-0.676832,-0.929502,-2.132658,0.770616,2.658462,2.056444,-0.200711,0.538014,0.208142,0.034825,0.173216,0.655731,-0.399051
46.230049,-0.573230,0.618435,0.798901,1.128089,0.846087,1.011066,-0.420459,0.056202,-0.311752,0.128295,0.568063,0.451588,0.615918,-0.129255,0.929968,-0.676832,-0.929502,-2.132658,0.770616,2.658462,2.056444,-0.200711,0.538014,0.208142,0.034825,0.173216,0.655731,-0.399051
46.231119,-0.568922,0.623034,0.796642,1.130030,0.845992,1.010890,-0.420425,0.047887,-0.306826,0.103541,0.561042,0.450608,0.620460,-0.129933,0.929573,-0.675764,-0.929088,-2.132590,0.770950,2.659795,2.055644,-0.199995,0.535282,0.208413,0.033980,0.170169,0.660915,-0.399274
46.232004,-0.569971,0.615327,0.789830,1.131144,0.845379,1.007909,-0.421016,0.047887,-0.306826,0.103541,0.561042,0.450608,0.620460,-0.129933,0.929573,-0.675764,-0.929088,-2.132590,0.770950,2.659795,2.055644,-0.199995,0.535282,0.208413,0.033980,0.170169,0.660915,-0.399274
46.233059,-0.575900,0.616293,0.793142,1.130764,0.846898,1.006163,-0.420651,0.047301,-0.299260,0.096038,0.557527,0.449898,0.622201,-0.130302,0.929376,-0.675220,-0.928869,-2.132556,0.771120,2.660455,2.055252,-0.199249,0.537989,0.211687,0.033962,0.170259,0.663467,-0.398092
46.234066,-0.575209,0.618681,0.789182,1.133427,0.847167,1.004028,-0.421888,0.043546,-0.293953,0.085003,0.555396,0.449467,0.624198,-0.130675,0.929185,-0.674681,-0.928662,-2.132518,0.771288,2.661126,2.054850,-0.196570,0.537360,0.210457,0.035721,0.168449,0.665356,-0.399122
46.235160,-0.572037,0.625890,0.787604,1.135623,0.848648,1.008515,-0.422361,0.024369,-0.291684,0.050802,0.555215,0.449504,0.629008,-0.131369,0.928785,-0.673627,-0.928227,-2.132454,0.771614,2.662461,2.054059,-0.198906,0.532542,0.213907,0.033833,0.166237,0.663251,-0.396283
46.236066,-0.574626,0.626350,0.788716,1.135894,0.850564,1.006878,-0.422416,0.015346,-0.287833,0.032720,0.554710,0.449666,0.631128,-0.131707,0.928589,-0.673102,-0.928016,-2.132419,0.771769,2.663129,2.053665,-0.197457,0.531492,0.213336,0.034686,0.163972,0.664522,-0.396223
46.236993,-0.575133,0.625758,0.792806,1.136304,0.851686,1.011687,-0.424532,0.015346,-0.287833,0.032720,0.554710,0.449666,0.631128,-0.131707,0.928589,-0.673102,-0.928016,-2.132419,0.771769,2.663129,2.053665,-0.197457,0.531492,0.213336,0.034686,0.163972,0.664522,-0.396223
46.237937,-0.575004,0.618794,0.790037,1.137662,0.851218,1.013008,-0.424655,0.009500,-0.280160,0.017725,0.553096,0.449724,0.632641,-0.132015,0.928396,-0.672571,-0.927806,-2.132383,0.771927,2.663775,2.053288,-0.197178,0.531018,0.211353,0.035401,0.162522,0.659449,-0.392098
46.239050,-0.579827,0.615018,0.792511,1.137738,0.852334,1.021187,-0.425551,0.005203,-0.272003,0.006019,0.552117,0.449700,0.633673,-0.132258,0.928198,-0.672030,-0.927593,-2.132348,0.772087,2.664433,2.052893,-0.197197,0.533723,0.212856,0.035232,0.162659,0.657950,-0.392003
46.240069,-0.579082,0.607544,0.786725,1.139737,0.854020,1.020711,-0.425879,-0.002422,-0.269752,-0.006189,0.554737,0.449822,0.634836,-0.132436,0.928006,-0.671492,-0.927383,-2.132309,0.772242,2.665077,2.052504,-0.195199,0.535864,0.212188,0.036646,0.161461,0.650255,-0.390633
46.241053,-0.575062,0.607843,0.788555,1.140283,0.853413,1.021561,-0.426251,-0.018604,-0.279355,-0.023880,0.563304,0.450369,0.636805,-0.132541,0.927807,-0.670946,-0.927160,-2.132275,0.772397,2.665719,2.052119,-0.195704,0.539192,0.215297,0.035998,0.159576,0.650994,-0.390269
46.242063,-0.579444,0.605148,0.790420,1.141003,0.858938,1.022902,-0.426763,-0.070425,-0.329246,-0.073370,0.593297,0.452637,0.642284,-0.132672,0.927414,-0.669867,-0.926737,-2.132201,0.772698,2.667011,2.051348,-0.195689,0.539438,0.213914,0.037278,0.154272,0.648932,-0.388978
46.243001,-0.578818,0.603045,0.788950,1.141707,0.859808,1.029699,-0.427123,-0.070425,-0.329246,-0.073370,0.593297,0.452637,0.642284,-0.132672,0.927414,-0.669867,-0.926737,-2.132201,0.772698,2.667011,2.051348,-0.195689,0.539438,0.213914,0.037278,0.154272,0.648932,-0.388978
46.243990,-0.576661,0.599286,0.788013,1.141583,0.858020,1.032055,-0.426602,-0.128100,-0.395778,-0.124302,0.627728,0.455599,0.647133,-0.132877,0.927021,-0.668782,-0.926308,-2.132121,0.773004,2.668272,2.050566,-0.197127,0.540966,0.215375,0.038923,0.154765,0.639829,-0.389636
46.245022,-0.577235,0.597291,0.792564,1.140795,0.860118,1.034057,-0.426497,-0.155549,-0.430166,-0.148001,0.643218,0.457222,0.648846,-0.133046,0.926828,-0.668235,-0.926099,-2.132075,0.773150,2.668897,2.050176,-0.197048,0.541613,0.213452,0.040852,0.152543,0.638169,-0.390126
46.245995,-0.578177,0.595118,0.794761,1.141770,0.859637,1.038644,-0.424691,-0.178932,-0.462067,-0.166999,0.655744,0.458733,0.649765,-0.133269,0.926632,-0.667696,-0.925892,-2.132034,0.773306,2.669525,2.049774,-0.196619,0.542093,0.212596,0.040974,0.152782,0.633643,-0.393905
46.247074,-0.575595,0.594999,0.790981,1.143572,0.858078,1.042058,-0.423801,-0.198686,-0.490994,-0.181344,0.666108,0.460119,0.650193,-0.133535,0.926432,-0.667152,-0.925673,-2.131995,0.773460,2.670152,2.049371,-0.198175,0.542119,0.214911,0.040544,0.154251,0.630755,-0.395986
46.248092,-0.573667,0.590338,0.793084,1.144123,0.855915,1.040464,-0.423986,-0.215700,-0.517140,-0.192524,0.674991,0.461416,0.650435,-0.133827,0.926232,-0.666598,-0.925462,-2.131949,0.773622,2.670776,2.048980,-0.199245,0.543957,0.214152,0.041102,0.156155,0.632683,-0.395850
46.248944,-0.574934,0.584191,0.788415,1.145772,0.855499,1.039139,-0.422481,-0.231514,-0.541976,-0.202074,0.683340,0.462634,0.650708,-0.134120,0.926036,-0.666053,-0.925241,-2.131910,0.773779,2.671411,2.048572,-0.198335,0.545617,0.216237,0.040329,0.156119,0.633562,-0.398781
46.250058,-0.573509,0.583746,0.789149,1.145626,0.856366,1.039709,-0.422460,-0.248388,-0.567119,-0.212295,0.691953,0.463838,0.651250,-0.134394,0.925839,-0.665504,-0.925023,-2.131865,0.773932,2.672038,2.048173,-0.199438,0.545947,0.216355,0.041815,0.155195,0.633634,-0.399194
46.251079,-0.573482,0.582533,0.790158,1.146767,0.855001,1.042334,-0.421191,-0.265381,-0.590800,-0.222698,0.699758,0.464973,0.651900,-0.134648,0.925640,-0.664953,-0.924808,-2.131823,0.774089,2.672662,2.047764,-0.199562,0.546096,0.216121,0.041853,0.156373,0.631288,-0.401944
46.252005,-0.571596,0.581089,0.791281,1.145542,0.855962,1.041075,-0.419899,-0.265381,-0.590800,-0.222698,0.699758,0.464973,0.651900,-0.134648,0.925640,-0.664953,-0.924808,-2.131823,0.774089,2.672662,2.047764,-0.199562,0.546096,0.216121,0.041853,0.156373,0.631288,-0.401944
46.252988,-0.569781,0.575524,0.788076,1.146524,0.856354,1.040194,-0.420245,-0.279638,-0.609737,-0.230486,0.705100,0.465879,0.652238,-0.134901,0.925436,-0.664410,-0.924588,-2.131772,0.774241,2.673295,2.047352,-0.200340,0.545880,0.215514,0.043892,0.155107,0.632446,-0.404536
46.254053,-0.574678,0.577457,0.785842,1.147102,0.854831,1.043534,-0.420082,-0.290198,-0.622973,-0.235019,0.707118,0.466552,0.652047,-0.135156,0.925233,-0.663857,-0.924364,-2.131728,0.774396,2.673924,2.046948,-0.201230,0.547963,0.217200,0.043935,0.154481,0.633447,-0.403955
46.255060,-0.575262,0.581274,0.787079,1.148435,0.852656,1.044941,-0.420056,-0.311454,-0.641002,-0.246413,0.706362,0.468065,0.651557,-0.135578,0.924841,-0.662774,-0.923926,-2.131636,0.774713,2.675167,2.046132,-0.198866,0.544545,0.218219,0.044289,0.157795,0.629421,-0.404783
46.256126,-0.570024,0.576743,0.781265,1.147064,0.849810,1.044143,-0.420716,-0.311454,-0.641002,-0.246413,0.706362,0.468065,0.651557,-0.135578,0.924841,-0.662774,-0.923926,-2.131636,0.774713,2.675167,2.046132,-0.198866,0.544545,0.218219,0.044289,0.157795,0.629421,-0.404783
46.256941,-0.571042,0.573825,0.781678,1.150146,0.850783,1.041822,-0.419678,-0.332379,-0.645657,-0.262351,0.699894,0.470079,0.651500,-0.135785,0.924433,-0.661677,-0.923478,-2.131546,0.775031,2.676441,2.045323,-0.200697,0.546455,0.220802,0.044444,0.158953,0.632375,-0.405684
46.258040,-0.569133,0.577510,0.783619,1.152320,0.851263,1.041553,-0.420202,-0.340508,-0.644516,-0.268910,0.696272,0.471004,0.651624,-0.135818,0.924232,-0.661134,-0.923257,-2.131504,0.775189,2.677075,2.044923,-0.201965,0.544699,0.220249,0.043642,0.158371,0.633179,-0.404977
46.259028,-0.570464,0.583589,0.779882,1.153459,0.850859,1.039344,-0.419978,-0.344665,-0.639211,-0.270857,0.693348,0.471560,0.651727,-0.135811,0.924032,-0.660606,-0.923033,-2.131461,0.775345,2.677722,2.044513,-0.201302,0.541267,0.222218,0.043609,0.158532,0.635436,-0.405561
46.260009,-0.572408,0.586630,0.784941,1.155858,0.849202,1.037622,-0.420660,-0.343170,-0.627238,-0.266950,0.689912,0.471621,0.651536,-0.135773,0.923833,-0.660068,-0.922817,-2.131421,0.775506,2.678364,2.044116,-0.200355,0.539213,0.219798,0.042370,0.159899,0.637187,-0.404348
46.261011,-0.572583,0.588215,0.783992,1.157485,0.850474,1.035547,-0.421687,-0.335828,-0.608629,-0.256004,0.686548,0.471079,0.650914,-0.135707,0.923632,-0.659528,-0.922597,-2.131380,0.775664,2.679004,2.043716,-0.200332,0.537989,0.220464,0.041932,0.158360,0.639397,-0.402478
46.262046,-0.570962,0.588234,0.783308,1.156992,0.850588,1.036877,-0.420859,-0.323517,-0.584976,-0.239140,0.683228,0.470006,0.649842,-0.135622,0.923428,-0.658996,-0.922375,-2.131333,0.775819,2.679647,2.043305,-0.201244,0.537835,0.221041,0.043535,0.158085,0.638272,-0.404377
46.262976,-0.575208,0.589142,0.783610,1.158463,0.849379,1.034819,-0.420780,-0.323517,-0.584976,-0.239140,0.683228,0.470006,0.649842,-0.135622,0.923428,-0.658996,-0.922375,-2.131333,0.775819,2.679647,2.043305,-0.201244,0.537835,0.221041,0.043535,0.158085,0.638272,-0.404377
46.263960,-0.571034,0.581470,0.783903,1.158277,0.848723,1.032877,-0.421623,-0.292068,-0.531713,-0.198400,0.676039,0.467018,0.646799,-0.135476,0.923031,-0.657908,-0.921933,-2.131242,0.776142,2.680937,2.042498,-0.201157,0.539728,0.220792,0.044195,0.159280,0.642140,-0.403012
46.264955,-0.576278,0.568800,0.780764,1.159953,0.849040,1.034485,-0.420027,-0.280359,-0.512278,-0.180578,0.676075,0.465542,0.645517,-0.135419,0.922835,-0.657356,-0.921708,-2.131199,0.776298,2.681584,2.042083,-0.198590,0.545465,0.222458,0.043603,0.158717,0.640558,-0.406370
46.266003,-0.579973,0.571376,0.784132,1.161535,0.850620,1.037468,-0.421239,-0.280359,-0.512278,-0.180578,0.676075,0.465542,0.645517,-0.135419,0.922835,-0.657356,-0.921708,-2.131199,0.776298,2.681584,2.042083,-0.198590,0.545465,0.222458,0.043603,0.158717,0.640558,-0.406370
46.267027,-0.579227,0.570130,0.787479,1.161512,0.853730,1.034956,-0.421079,-0.279420,-0.507132,-0.170844,0.683390,0.464480,0.645399,-0.135374,0.922643,-0.656812,-0.921490,-2.131158,0.776452,2.682216,2.041685,-0.197023,0.543888,0.221059,0.043301,0.156982,0.637916,-0.404173
46.268048,-0.576523,0.569430,0.792341,1.162345,0.856004,1.036739,-0.420018,-0.287198,-0.513137,-0.166912,0.696870,0.463713,0.646264,-0.135345,0.922443,-0.656274,-0.921275,-2.131110,0.776599,2.682860,2.041277,-0.197528,0.544243,0.219672,0.044395,0.153749,0.640675,-0.404720
46.268925,-0.579901,0.567754,0.795571,1.161441,0.856145,1.036767,-0.420300,-0.295619,-0.521996,-0.161688,0.711783,0.462889,0.647109,-0.135357,0.922242,-0.655729,-0.921060,-2.131063,0.776745,2.683495,2.040870,-0.198988,0.544213,0.217510,0.044637,0.151381,0.639086,-0.407060
46.270051,-0.579409,0.566091,0.793271,1.164352,0.858637,1.043294,-0.420876,-0.299625,-0.528498,-0.150815,0.724933,0.461833,0.647292,-0.135421,0.922046,-0.655179,-0.920848,-2.131014,0.776898,2.684134,2.040456,-0.197071,0.543728,0.215803,0.046273,0.150897,0.638709,-0.406381
46.270989,-0.580438,0.560064,0.793020,1.160973,0.857031,1.042675,-0.420903,-0.300401,-0.532482,-0.136029,0.736174,0.460696,0.646984,-0.135493,0.921846,-0.654636,-0.920625,-2.130971,0.777041,2.684764,2.040053,-0.197718,0.544845,0.217471,0.044727,0.148457,0.632807,-0.405628
46.271971,-0.581042,0.554386,0.794072,1.162174,0.855829,1.048331,-0.421909,-0.302036,-0.536913,-0.122770,0.746118,0.459816,0.646668,-0.135519,0.921651,-0.654085,-0.920405,-2.130915,0.777194,2.685390,2.039653,-0.197154,0.546903,0.217567,0.048832,0.149826,0.633447,-0.405660
46.273107,-0.582104,0.550103,0.793125,1.162552,0.858012,1.050308,-0.422643,-0.316301,-0.555703,-0.112158,0.761615,0.459382,0.646830,-0.135431,0.921255,-0.652978,-0.919970,-2.130814,0.777490,2.686639,2.038855,-0.196781,0.551362,0.218219,0.049356,0.148672,0.626686,-0.402767
46.274006,-0.580359,0.543875,0.796604,1.163989,0.860746,1.055867,-0.423868,-0.331507,-0.573642,-0.116179,0.770099,0.459761,0.647891,-0.135336,0.921060,-0.652419,-0.919759,-2.130765,0.777629,2.687245,2.038456,-0.197525,0.553179,0.216440,0.048661,0.145732,0.621004,-0.400312
46.275037,-0.579919,0.548903,0.801660,1.165157,0.862458,1.054553,-0.423991,-0.348163,-0.593969,-0.121405,0.779288,0.460190,0.649377,-0.135239,0.920861,-0.651877,-0.919550,-2.130716,0.777765,2.687868,2.038050,-0.197884,0.550331,0.214278,0.048563,0.144042,0.622737,-0.400310
46.276085,-0.575802,0.555371,0.797158,1.166724,0.863378,1.056471,-0.422813,-0.348163,-0.593969,-0.121405,0.779288,0.460190,0.649377,-0.135239,0.920861,-0.651877,-0.919550,-2.130716,0.777765,2.687868,2.038050,-0.197884,0.550331,0.214278,0.048563,0.144042,0.622737,-0.400310
46.277078,-0.579310,0.560255,0.798585,1.166212,0.865575,1.058038,-0.423867,-0.359344,-0.608456,-0.122173,0.785856,0.460364,0.650509,-0.135184,0.920658,-0.651335,-0.919327,-2.130668,0.777906,2.688481,2.037646,-0.200109,0.546904,0.216830,0.048093,0.143118,0.621263,-0.402950
46.278055,-0.584954,0.560380,0.800444,1.166993,0.867163,1.059867,-0.423310,-0.361764,-0.611284,-0.118171,0.786287,0.460305,0.650884,-0.135169,0.920462,-0.650803,-0.919115,-2.130614,0.778042,2.689112,2.037248,-0.198404,0.544062,0.216323,0.049463,0.140871,0.619838,-0.400980
46.279054,-0.580113,0.557542,0.800198,1.166167,0.866814,1.057019,-0.422330,-0.349492,-0.587566,-0.105154,0.770752,0.460116,0.650497,-0.135229,0.920072,-0.649705,-0.918682,-2.130507,0.778320,2.690333,2.036433,-0.198216,0.544191,0.215863,0.051211,0.139513,0.621407,-0.404373
46.279989,-0.582487,0.549097,0.797348,1.167497,0.866480,1.055328,-0.422352,-0.349492,-0.587566,-0.105154,0.770752,0.460116,0.650497,-0.135229,0.920072,-0.649705,-0.918682,-2.130507,0.778320,2.690333,2.036433,-0.198216,0.544191,0.215863,0.051211,0.139513,0.621407,-0.404373
46.281010,-0.585900,0.548396,0.797489,1.168239,0.867234,1.054564,-0.422811,-0.339884,-0.569863,-0.099406,0.758608,0.460156,0.650204,-0.135313,0.919877,-0.649158,-0.918459,-2.130457,0.778458,2.690959,2.036027,-0.196954,0.547512,0.217238,0.050665,0.139716,0.623030,-0.404355
46.282015,-0.589373,0.546393,0.794525,1.168310,0.867580,1.057010,-0.421009,-0.333437,-0.551200,-0.104701,0.740673,0.461037,0.651436,-0.135433,0.919497,-0.648053,-0.918019,-2.130349,0.778740,2.692195,2.035214,-0.193932,0.547770,0.219038,0.051647,0.138478,0.621915,-0.407447
46.283062,-0.587745,0.550277,0.794070,1.168995,0.872162,1.052746,-0.420475,-0.333437,-0.551200,-0.104701,0.740673,0.461037,0.651436,-0.135433,0.919497,-0.648053,-0.918019,-2.130349,0.778740,2.692195,2.035214,-0.193932,0.547770,0.219038,0.051647,0.138478,0.621915,-0.407447
46.284060,-0.586388,0.556201,0.794000,1.170012,0.876488,1.051673,-0.421720,-0.338728,-0.551820,-0.117932,0.736043,0.461859,0.653138,-0.135475,0.919300,-0.647518,-0.917798,-2.130296,0.778862,2.692830,2.034799,-0.194977,0.545701,0.219527,0.051947,0.134032,0.626583,-0.408702
46.285014,-0.582603,0.556258,0.791132,1.169909,0.875967,1.051439,-0.421786,-0.343303,-0.552200,-0.133356,0.730711,0.462626,0.654714,-0.135502,0.919104,-0.646978,-0.917574,-2.130244,0.778986,2.693452,2.034399,-0.195757,0.542256,0.219670,0.051825,0.129800,0.627842,-0.406363
46.285971,-0.588767,0.552472,0.788020,1.171186,0.876543,1.051579,-0.420201,-0.334787,-0.536903,-0.157544,0.711087,0.463460,0.655683,-0.135503,0.918714,-0.645900,-0.917124,-2.130137,0.779242,2.694704,2.033581,-0.194546,0.542745,0.222620,0.052203,0.129766,0.627979,-0.409605
46.287130,-0.586858,0.549651,0.788456,1.170600,0.877270,1.050075,-0.421459,-0.334787,-0.536903,-0.157544,0.711087,0.463460,0.655683,-0.135503,0.918714,-0.645900,-0.917124,-2.130137,0.779242,2.694704,2.033581,-0.194546,0.542745,0.222620,0.052203,0.129766,0.627979,-0.409605
46.287998,-0.596600,0.538960,0.781939,1.172366,0.873267,1.045795,-0.423095,-0.329104,-0.529752,-0.171638,0.701521,0.463974,0.656064,-0.135450,0.918515,-0.645347,-0.916901,-2.130080,0.779372,2.695351,2.033175,-0.196001,0.544507,0.222960,0.053946,0.129283,0.630215,-0.407484
46.288938,-0.593126,0.536891,0.784305,1.171190,0.874517,1.042231,-0.421785,-0.329977,-0.531773,-0.192239,0.696599,0.464883,0.657299,-0.135311,0.918331,-0.644794,-0.916669,-2.130030,0.779511,2.695988,2.032775,-0.190995,0.548476,0.225883,0.052805,0.133103,0.634127,-0.404150
46.289963,-0.590517,0.539731,0.785143,1.171151,0.875477,1.040520,-0.422892,-0.340892,-0.547035,-0.221340,0.698488,0.466242,0.659846,-0.135089,0.918136,-0.644245,-0.916444,-2.129972,0.779637,2.696625,2.032359,-0.192772,0.548547,0.224583,0.054654,0.131791,0.637584,-0.406847
46.291056,-0.595520,0.541000,0.782014,1.172790,0.875986,1.037078,-0.424304,-0.355218,-0.569039,-0.252500,0.703591,0.467662,0.662930,-0.134865,0.917937,-0.643706,-0.916224,-2.129915,0.779767,2.697266,2.031960,-0.194210,0.546819,0.224413,0.055519,0.130900,0.639492,-0.404825
46.292061,-0.595971,0.541804,0.778553,1.173775,0.876986,1.033402,-0.422625,-0.365939,-0.589600,-0.279759,0.707652,0.468816,0.665685,-0.134683,0.917747,-0.643160,-0.915993,-2.129862,0.779898,2.697925,2.031569,-0.192078,0.546224,0.226282,0.054952,0.130541,0.643326,-0.402385
46.292930,-0.588628,0.537763,0.771795,1.172113,0.878239,1.034188,-0.423069,-0.374617,-0.607989,-0.305069,0.710864,0.469809,0.668261,-0.134539,0.917556,-0.642611,-0.915766,-2.129808,0.780026,2.698576,2.031154,-0.192051,0.545293,0.228096,0.054846,0.129592,0.647078,-0.405940
46.294095,-0.591221,0.533775,0.770653,1.173570,0.877640,1.032388,-0.422539,-0.382145,-0.623752,-0.330551,0.712435,0.470796,0.670680,-0.134440,0.917355,-0.642066,-0.915526,-2.129748,0.780155,2.699226,2.030743,-0.195480,0.546022,0.231043,0.056968,0.128205,0.645783,-0.404917
46.294946,-0.593346,0.525642,0.768822,1.173709,0.876592,1.030299,-0.420796,-0.388400,-0.636913,-0.356962,0.711395,0.471868,0.672837,-0.134381,0.917161,-0.641509,-0.915291,-2.129692,0.780287,2.699876,2.030343,-0.194672,0.548368,0.232028,0.056644,0.129058,0.648334,-0.406487
46.296026,-0.594255,0.522015,0.769001,1.172613,0.875560,1.031086,-0.420783,-0.396819,-0.651602,-0.385735,0.710624,0.473102,0.675087,-0.134345,0.916968,-0.640948,-0.915058,-2.129632,0.780423,2.700537,2.029927,-0.193382,0.550829,0.232523,0.056906,0.129884,0.649814,-0.409850
46.297038,-0.593388,0.513672,0.769487,1.172585,0.875444,1.033617,-0.418548,-0.427583,-0.694381,-0.449751,0.716972,0.476070,0.680540,-0.134314,0.916580,-0.639828,-0.914592,-2.129510,0.780686,2.701833,2.029093,-0.193868,0.555997,0.232444,0.059620,0.131175,0.646965,-0.414761
46.298069,-0.591218,0.514261,0.770334,1.173386,0.874072,1.031091,-0.418495,-0.427583,-0.694381,-0.449751,0.716972,0.476070,0.680540,-0.134314,0.916580,-0.639828,-0.914592,-2.129510,0.780686,2.701833,2.029093,-0.193868,0.555997,0.232444,0.059620,0.131175,0.646965,-0.414761
46.298985,-0.591883,0.518075,0.770203,1.174182,0.874357,1.031654,-0.415971,-0.446461,-0.720035,-0.480209,0.722937,0.477579,0.683364,-0.134303,0.916382,-0.639279,-0.914362,-2.129449,0.780819,2.702486,2.028676,-0.195118,0.555284,0.232145,0.059579,0.132603,0.649706,-0.415000
46.300047,-0.591415,0.519218,0.774652,1.174216,0.873838,1.032662,-0.413484,-0.462042,-0.742098,-0.504309,0.728464,0.478823,0.685660,-0.134301,0.916192,-0.638729,-0.914130,-2.129392,0.780954,2.703129,2.028251,-0.194733,0.552274,0.231984,0.059380,0.132171,0.648879,-0.420035
46.301084,-0.593641,0.514448,0.777505,1.171300,0.875664,1.036161,-0.413791,-0.470039,-0.754524,-0.518412,0.731231,0.479616,0.686948,-0.134346,0.915995,-0.638179,-0.913904,-2.129330,0.781092,2.703777,2.027812,-0.195230,0.551512,0.230002,0.060147,0.132740,0.648191,-0.425151
46.301933,-0.593258,0.514522,0.776281,1.173213,0.875423,1.036861,-0.413060,-0.469289,-0.756154,-0.521456,0.729989,0.479938,0.687028,-0.134423,0.915801,-0.637625,-0.913678,-2.129260,0.781217,2.704421,2.027382,-0.194321,0.553529,0.228769,0.063669,0.131019,0.644907,-0.424619
46.302931,-0.596364,0.509727,0.779148,1.173978,0.872996,1.040835,-0.412264,-0.462021,-0.749789,-0.515769,0.725111,0.479970,0.686054,-0.134473,0.915608,-0.637072,-0.913447,-2.129201,0.781350,2.705053,2.026958,-0.194299,0.551943,0.229008,0.062117,0.131077,0.643803,-0.425922
46.304001,-0.598285,0.509474,0.784588,1.173332,0.874296,1.044652,-0.412150,-0.452111,-0.739550,-0.504547,0.719584,0.479891,0.684472,-0.134488,0.915416,-0.636522,-0.913226,-2.129139,0.781486,2.705686,2.026524,-0.192880,0.553782,0.227692,0.062032,0.133498,0.639948,-0.427566
46.304975,-0.591450,0.512162,0.786214,1.175177,0.876868,1.050363,-0.412001,-0.442086,-0.728895,-0.489043,0.716090,0.479724,0.682602,-0.134475,0.915225,-0.635967,-0.913004,-2.129074,0.781616,2.706310,2.026097,-0.192255,0.553683,0.225294,0.063427,0.132290,0.636630,-0.427987
46.306146,-0.591784,0.516608,0.787559,1.175094,0.876755,1.049440,-0.411015,-0.429637,-0.716490,-0.467179,0.713792,0.479328,0.680206,-0.134426,0.915024,-0.635414,-0.912783,-2.129013,0.781742,2.706932,2.025671,-0.195704,0.551554,0.224578,0.062206,0.129739,0.631024,-0.428321
46.307006,-0.590364,0.519893,0.788045,1.174884,0.877557,1.052861,-0.411143,-0.410212,-0.697949,-0.436457,0.709973,0.478565,0.676794,-0.134356,0.914828,-0.634874,-0.912560,-2.128949,0.781874,2.707568,2.025229,-0.196028,0.549910,0.224503,0.063278,0.130122,0.632840,-0.430638
46.308015,-0.589169,0.528376,0.788242,1.175566,0.874083,1.056417,-0.411689,-0.382045,-0.670782,-0.397440,0.702234,0.477470,0.672128,-0.134280,0.914630,-0.634333,-0.912337,-2.128885,0.782002,2.708185,2.024803,-0.196481,0.546945,0.223985,0.063808,0.129174,0.629073,-0.430189
46.308948,-0.592384,0.527565,0.793391,1.176137,0.875120,1.058468,-0.412048,-0.344749,-0.633230,-0.351319,0.689109,0.476087,0.666224,-0.134186,0.914431,-0.633801,-0.912115,-2.128820,0.782142,2.708805,2.024377,-0.197174,0.542385,0.224051,0.063738,0.132633,0.625794,-0.429195
46.310103,-0.593646,0.525896,0.794796,1.175639,0.875875,1.057100,-0.412619,-0.299175,-0.585574,-0.298746,0.671439,0.474380,0.659376,-0.134070,0.914236,-0.633259,-0.911897,-2.128756,0.782269,2.709425,2.023950,-0.195498,0.541945,0.221451,0.063638,0.131528,0.623729,-0.428437
46.311013,-0.592590,0.523155,0.793406,1.175118,0.877196,1.056420,-0.412624,-0.249298,-0.533090,-0.242115,0.652186,0.472401,0.652163,-0.133964,0.914043,-0.632711,-0.911678,-2.128688,0.782403,2.710043,2.023526,-0.195401,0.543182,0.221374,0.065007,0.130976,0.626005,-0.427667
46.311938,-0.594596,0.510035,0.795167,1.175913,0.877315,1.056980,-0.413547,-0.155030,-0.438223,-0.133913,0.617081,0.468447,0.638651,-0.133822,0.913652,-0.631609,-0.911233,-2.128555,0.782661,2.711285,2.022679,-0.194735,0.548981,0.220971,0.065497,0.129410,0.625909,-0.425690
46.312960,-0.598376,0.504980,0.797263,1.175237,0.876440,1.057106,-0.413270,-0.120873,-0.409440,-0.090388,0.607851,0.466819,0.633624,-0.133789,0.913460,-0.631052,-0.911017,-2.128487,0.782792,2.711911,2.022239,-0.193052,0.550960,0.220194,0.066753,0.130343,0.626088,-0.426341
46.314081,-0.594808,0.511988,0.793400,1.174854,0.878444,1.056301,-0.412712,-0.120873,-0.409440,-0.090388,0.607851,0.466819,0.633624,-0.133789,0.913460,-0.631052,-0.911017,-2.128487,0.782792,2.711911,2.022239,-0.193052,0.550960,0.220194,0.066753,0.130343,0.626088,-0.426341
46.315034,-0.591869,0.509718,0.793642,1.174214,0.879944,1.054042,-0.415157,-0.076259,-0.384056,-0.026504,0.601140,0.464295,0.626580,-0.133905,0.913060,-0.629963,-0.910563,-2.128347,0.783045,2.713168,2.021405,-0.196632,0.548003,0.222361,0.068883,0.127045,0.629843,-0.422882
46.316019,-0.593844,0.513204,0.792816,1.176037,0.880557,1.054402,-0.414858,-0.055560,-0.373416,-0.000542,0.595718,0.463174,0.623234,-0.133996,0.912865,-0.629428,-0.910341,-2.128281,0.783172,2.713800,2.020977,-0.195704,0.545743,0.222879,0.067583,0.126490,0.629565,-0.423587
46.317090,-0.589186,0.511814,0.795074,1.174404,0.880150,1.055463,-0.414564,-0.055560,-0.373416,-0.000542,0.595718,0.463174,0.623234,-0.133996,0.912865,-0.629428,-0.910341,-2.128281,0.783172,2.713800,2.020977,-0.195704,0.545743,0.222879,0.067583,0.126490,0.629565,-0.423587
46.317994,-0.587969,0.505115,0.794807,1.174340,0.877378,1.052067,-0.416293,-0.008752,-0.345370,0.049954,0.579636,0.460840,0.616137,-0.134242,0.912464,-0.628320,-0.909901,-2.128137,0.783435,2.715058,2.020142,-0.198691,0.548437,0.222124,0.070081,0.129701,0.632202,-0.420866
46.318959,-0.586069,0.502629,0.796397,1.171564,0.877883,1.050180,-0.418205,0.018364,-0.328767,0.076724,0.568745,0.459547,0.612278,-0.134343,0.912260,-0.627774,-0.909684,-2.128060,0.783564,2.715700,2.019731,-0.199571,0.548920,0.221420,0.073125,0.129157,0.634050,-0.417120
46.319997,-0.587956,0.496440,0.795370,1.172454,0.878817,1.048586,-0.419522,0.018364,-0.328767,0.076724,0.568745,0.459547,0.612278,-0.134343,0.912260,-0.627774,-0.909684,-2.128060,0.783564,2.715700,2.019731,-0.199571,0.548920,0.221420,0.073125,0.129157,0.634050,-0.417120
46.320928,-0.590167,0.489508,0.795682,1.174525,0.878478,1.043980,-0.419551,0.045712,-0.312937,0.102881,0.556582,0.458242,0.608550,-0.134422,0.912061,-0.627210,-0.909461,-2.127987,0.783692,2.716333,2.019325,-0.198782,0.551533,0.222165,0.072696,0.128324,0.635953,-0.414732
46.322055,-0.594593,0.488467,0.796671,1.176420,0.879635,1.038904,-0.422281,0.067997,-0.303089,0.124780,0.547191,0.457069,0.605759,-0.134507,0.911869,-0.626658,-0.909244,-2.127918,0.783820,2.716982,2.018911,-0.197646,0.553977,0.222005,0.070948,0.128632,0.640376,-0.414709
46.323073,-0.595920,0.492801,0.797986,1.174579,0.880259,1.036708,-0.422638,0.084739,-0.312267,0.149324,0.549732,0.455227,0.604686,-0.134744,0.911484,-0.625550,-0.908803,-2.127772,0.784068,2.718300,2.018102,-0.195437,0.551904,0.221560,0.072047,0.127224,0.648215,-0.409132
46.324010,-0.598652,0.496821,0.802941,1.173475,0.882170,1.036913,-0.421672,0.087327,-0.319390,0.157746,0.554668,0.454304,0.605042,-0.134962,0.911292,-0.625011,-0.908589,-2.127695,0.784190,2.718954,2.017684,-0.194064,0.549071,0.219111,0.073331,0.125328,0.647774,-0.411091
46.325013,-0.597789,0.501856,0.800846,1.172906,0.885188,1.034191,-0.423402,0.087327,-0.319390,0.157746,0.554668,0.454304,0.605042,-0.134962,0.911292,-0.625011,-0.908589,-2.127695,0.784190,2.718954,2.017684,-0.194064,0.549071,0.219111,0.073331,0.125328,0.647774,-0.411091
46.326043,-0.596972,0.506257,0.805269,1.174157,0.884374,1.033408,-0.424001,0.107743,-0.303961,0.185560,0.550173,0.451998,0.603276,-0.135654,0.910904,-0.623925,-0.908150,-2.127546,0.784437,2.720266,2.016878,-0.195254,0.543584,0.218382,0.073434,0.123392,0.651466,-0.406816
46.326968,-0.597337,0.500576,0.806635,1.173077,0.883210,1.032808,-0.423933,0.128361,-0.279681,0.207644,0.540690,0.450635,0.600651,-0.136049,0.910708,-0.623383,-0.907936,-2.127468,0.784563,2.720924,2.016466,-0.194991,0.545534,0.217727,0.074655,0.124527,0.651776,-0.406971
46.327993,-0.597438,0.491784,0.807121,1.174139,0.880765,1.038363,-0.425168,0.150489,-0.253319,0.231982,0.531495,0.449327,0.597566,-0.136435,0.910515,-0.622826,-0.907717,-2.127395,0.784696,2.721558,2.016069,-0.195142,0.549440,0.217728,0.074032,0.127025,0.646416,-0.404720
46.329023,-0.598784,0.492522,0.801704,1.173899,0.881330,1.037020,-0.425458,0.166880,-0.233797,0.251768,0.526649,0.448399,0.595001,-0.136786,0.910321,-0.622284,-0.907493,-2.127320,0.784821,2.722207,2.015664,-0.194677,0.548732,0.220665,0.074699,0.126544,0.648013,-0.404379
46.329963,-0.604330,0.490681,0.805991,1.172525,0.883611,1.037416,-0.425665,0.174752,-0.223246,0.262969,0.526072,0.447982,0.593352,-0.137096,0.910137,-0.621735,-0.907279,-2.127239,0.784941,2.722848,2.015263,-0.191975,0.548738,0.218529,0.076178,0.124297,0.647477,-0.404044
46.331102,-0.604876,0.501352,0.811140,1.173608,0.887203,1.041060,-0.426716,0.177741,-0.217131,0.268850,0.527256,0.447794,0.592277,-0.137381,0.909945,-0.621200,-0.907069,-2.127163,0.785055,2.723488,2.014861,-0.192237,0.543788,0.216620,0.075703,0.121075,0.644475,-0.402359
46.332054,-0.604990,0.508707,0.803984,1.172175,0.889292,1.041438,-0.425147,0.177741,-0.217131,0.268850,0.527256,0.447794,0.592277,-0.137381,0.909945,-0.621200,-0.907069,-2.127163,0.785055,2.723488,2.014861,-0.192237,0.543788,0.216620,0.075703,0.121075,0.644475,-0.402359
46.332982,-0.607130,0.503021,0.810778,1.172394,0.891932,1.041147,-0.426987,0.181848,-0.207751,0.274051,0.526418,0.447547,0.591150,-0.137675,0.909750,-0.620670,-0.906840,-2.127084,0.785169,2.724133,2.014448,-0.192174,0.539496,0.220168,0.077296,0.119125,0.644023,-0.405594
46.334023,-0.607350,0.504258,0.815497,1.169746,0.893347,1.044012,-0.428055,0.188691,-0.192707,0.278716,0.521693,0.447266,0.589722,-0.137981,0.909562,-0.620124,-0.906628,-2.127009,0.785282,2.724767,2.014056,-0.191122,0.541445,0.216758,0.077265,0.116591,0.644194,-0.401939
46.334949,-0.603632,0.498479,0.809280,1.169940,0.894047,1.048552,-0.426844,0.209269,-0.156998,0.291309,0.505721,0.446558,0.585819,-0.138576,0.909174,-0.619041,-0.906195,-2.126844,0.785513,2.726031,2.013246,-0.193076,0.542573,0.217878,0.079998,0.114806,0.636940,-0.402565
46.336032,-0.600977,0.489958,0.806976,1.169253,0.893009,1.053958,-0.427986,0.209269,-0.156998,0.291309,0.505721,0.446558,0.585819,-0.138576,0.909174,-0.619041,-0.906195,-2.126844,0.785513,2.726031,2.013246,-0.193076,0.542573,0.217878,0.079998,0.114806,0.636940,-0.402565
46.337042,-0.603930,0.481755,0.808590,1.170655,0.892972,1.054089,-0.428934,0.218024,-0.145672,0.288682,0.494312,0.447122,0.583333,-0.139132,0.908788,-0.617929,-0.905757,-2.126683,0.785744,2.727275,2.012452,-0.193403,0.550220,0.218780,0.079937,0.116368,0.632278,-0.398910
46.338066,-0.602225,0.478416,0.802529,1.172029,0.893543,1.057123,-0.427979,0.206794,-0.163425,0.273152,0.499149,0.448231,0.584300,-0.139370,0.908594,-0.617371,-0.905527,-2.126606,0.785858,2.727890,2.012052,-0.194468,0.551341,0.221959,0.078928,0.116018,0.629584,-0.401090
46.338895,-0.601986,0.479933,0.802778,1.170178,0.894810,1.058639,-0.428947,0.206794,-0.163425,0.273152,0.499149,0.448231,0.584300,-0.139370,0.908594,-0.617371,-0.905527,-2.126606,0.785858,2.727890,2.012052,-0.194468,0.551341,0.221959,0.078928,0.116018,0.629584,-0.401090
46.340008,-0.603500,0.486613,0.806100,1.170124,0.898704,1.057843,-0.428431,0.163531,-0.227857,0.221412,0.522608,0.451455,0.589882,-0.139775,0.908205,-0.616286,-0.905092,-2.126440,0.786074,2.729147,2.011250,-0.193929,0.545877,0.220337,0.081045,0.111246,0.629051,-0.400446
46.341041,-0.606849,0.491068,0.809140,1.168252,0.898056,1.055704,-0.427802,0.146804,-0.254308,0.198093,0.530074,0.452898,0.592567,-0.139984,0.908016,-0.615741,-0.904877,-2.126354,0.786189,2.729775,2.010848,-0.192515,0.543336,0.219125,0.083083,0.112163,0.631521,-0.401940
46.341951,-0.605966,0.485201,0.809102,1.167971,0.901382,1.054371,-0.428472,0.137866,-0.271070,0.181180,0.531516,0.454005,0.594472,-0.140204,0.907824,-0.615198,-0.904659,-2.126269,0.786292,2.730409,2.010451,-0.192902,0.545284,0.219086,0.083273,0.108979,0.632638,-0.400611
46.343049,-0.611396,0.482633,0.806320,1.168386,0.900831,1.055722,-0.426954,0.131894,-0.283494,0.166953,0.530034,0.454973,0.596120,-0.140423,0.907640,-0.614646,-0.904434,-2.126186,0.786405,2.731032,2.010040,-0.190659,0.546557,0.220870,0.083230,0.109904,0.631879,-0.404016
46.344063,-0.607802,0.469823,0.804984,1.167347,0.900820,1.056709,-0.426781,0.121792,-0.299720,0.149373,0.530086,0.456113,0.598328,-0.140650,0.907442,-0.614077,-0.904212,-2.126099,0.786515,2.731659,2.009635,-0.192613,0.552283,0.221707,0.084371,0.110163,0.631153,-0.404529
46.344950,-0.613624,0.457935,0.806151,1.166796,0.901188,1.057880,-0.426324,0.121792,-0.299720,0.149373,0.530086,0.456113,0.598328,-0.140650,0.907442,-0.614077,-0.904212,-2.126099,0.786515,2.731659,2.009635,-0.192613,0.552283,0.221707,0.084371,0.110163,0.631153,-0.404529
46.346175,-0.614165,0.465477,0.807226,1.169163,0.903007,1.058275,-0.425114,0.102739,-0.326653,0.125097,0.535206,0.457560,0.601634,-0.140890,0.907255,-0.613514,-0.903992,-2.126012,0.786623,2.732291,2.009225,-0.189591,0.556808,0.220942,0.084739,0.109889,0.629692,-0.405391
46.347028,-0.614071,0.468363,0.801969,1.168488,0.906026,1.059033,-0.423975,0.041938,-0.406577,0.063230,0.562254,0.460794,0.611357,-0.141446,0.906876,-0.612426,-0.903545,-2.125846,0.786826,2.733556,2.008399,-0.189950,0.550979,0.223512,0.083560,0.105764,0.629180,-0.410515
46.348011,-0.615706,0.472509,0.807751,1.168229,0.907060,1.054249,-0.423676,0.041938,-0.406577,0.063230,0.562254,0.460794,0.611357,-0.141446,0.906876,-0.612426,-0.903545,-2.125846,0.786826,2.733556,2.008399,-0.189950,0.550979,0.223512,0.083560,0.105764,0.629180,-0.410515
46.349010,-0.618042,0.470591,0.807251,1.166347,0.906847,1.051453,-0.425414,0.012511,-0.441335,0.034052,0.576088,0.462187,0.616419,-0.141740,0.906690,-0.611880,-0.903330,-2.125760,0.786929,2.734194,2.007991,-0.189307,0.548278,0.220741,0.083872,0.105035,0.634085,-0.411223
46.349964,-0.626929,0.468516,0.804078,1.164775,0.905677,1.048072,-0.425441,-0.009145,-0.464249,0.011836,0.585322,0.463228,0.620682,-0.141998,0.906501,-0.611326,-0.903112,-2.125672,0.787035,2.734855,2.007575,-0.188325,0.548645,0.221205,0.085804,0.105525,0.636855,-0.407831
46.351070,-0.626768,0.466130,0.806967,1.164688,0.906708,1.047284,-0.425696,-0.041521,-0.487781,-0.024055,0.592205,0.465137,0.627953,-0.142352,0.906140,-0.610231,-0.902669,-2.125493,0.787249,2.736142,2.006764,-0.184716,0.550154,0.221779,0.087602,0.106262,0.641440,-0.407739
46.352025,-0.629618,0.462294,0.807054,1.165101,0.906549,1.041199,-0.426880,-0.058588,-0.497169,-0.042431,0.594369,0.466197,0.631750,-0.142472,0.905960,-0.609682,-0.902448,-2.125406,0.787354,2.736804,2.006360,-0.183455,0.551249,0.221769,0.087142,0.106648,0.647386,-0.405443
46.353052,-0.625939,0.467888,0.803313,1.163788,0.906746,1.037618,-0.427329,-0.058588,-0.497169,-0.042431,0.594369,0.466197,0.631750,-0.142472,0.905960,-0.609682,-0.902448,-2.125406,0.787354,2.736804,2.006360,-0.183455,0.551249,0.221769,0.087142,0.106648,0.647386,-0.405443
46.354072,-0.633875,0.467660,0.810785,1.164519,0.910383,1.035084,-0.426857,-0.074238,-0.504788,-0.058744,0.596215,0.467097,0.635391,-0.142574,0.905768,-0.609139,-0.902221,-2.125316,0.787459,2.737472,2.005956,-0.185550,0.548068,0.223807,0.088527,0.106772,0.651003,-0.404778
46.355074,-0.634012,0.475289,0.806733,1.164096,0.909329,1.032887,-0.427740,-0.091629,-0.503147,-0.077164,0.594404,0.467766,0.640884,-0.142824,0.905409,-0.608060,-0.901779,-2.125137,0.787659,2.738794,2.005147,-0.182159,0.543602,0.222447,0.088267,0.104893,0.655790,-0.404328
46.356001,-0.635312,0.484194,0.812901,1.165934,0.910862,1.026408,-0.426576,-0.090258,-0.489154,-0.075577,0.590579,0.467280,0.642373,-0.143025,0.905229,-0.607530,-0.901563,-2.125053,0.787761,2.739461,2.004743,-0.181623,0.538359,0.219312,0.086400,0.103552,0.661981,-0.406738
46.356948,-0.635240,0.480525,0.817226,1.161849,0.910701,1.026062,-0.427063,-0.077352,-0.461660,-0.061982,0.583084,0.465983,0.642340,-0.143311,0.905046,-0.606986,-0.901352,-2.124955,0.787864,2.740125,2.004340,-0.181797,0.539433,0.217276,0.090239,0.103960,0.662032,-0.405814
46.357978,-0.639332,0.480174,0.813908,1.161622,0.911488,1.027398,-0.427684,-0.055467,-0.424757,-0.038854,0.572423,0.464056,0.640970,-0.143679,0.904867,-0.606451,-0.901129,-2.124864,0.787964,2.740788,2.003936,-0.180110,0.539391,0.219192,0.090458,0.103532,0.660785,-0.404796
46.358994,-0.638003,0.476223,0.814733,1.160834,0.912176,1.029258,-0.426953,-0.032249,-0.386781,-0.014185,0.561476,0.462005,0.639143,-0.144108,0.904686,-0.605904,-0.900910,-2.124771,0.788061,2.741435,2.003532,-0.181135,0.540938,0.218971,0.091198,0.103237,0.659057,-0.406488
46.360014,-0.641040,0.471209,0.818921,1.160080,0.914048,1.029720,-0.426562,-0.012202,-0.353729,0.008427,0.553331,0.460066,0.637437,-0.144561,0.904510,-0.605361,-0.900697,-2.124678,0.788163,2.742095,2.003123,-0.179986,0.543080,0.217149,0.091927,0.101690,0.658689,-0.407449
46.360997,-0.639855,0.468359,0.817094,1.160231,0.913975,1.035318,-0.427809,0.002746,-0.328989,0.028268,0.549977,0.458296,0.636148,-0.144984,0.904331,-0.604814,-0.900477,-2.124588,0.788262,2.742730,2.002723,-0.180869,0.543849,0.218205,0.091737,0.102095,0.653119,-0.405079
46.361967,-0.636074,0.469576,0.816968,1.158916,0.915226,1.038173,-0.427311,0.012972,-0.311776,0.045112,0.550808,0.456741,0.635301,-0.145344,0.904144,-0.604268,-0.900262,-2.124493,0.788361,2.743380,2.002313,-0.182906,0.542512,0.218389,0.092877,0.101139,0.650235,-0.406207
46.363183,-0.638846,0.470942,0.823143,1.158578,0.919035,1.041167,-0.427909,0.021922,-0.297753,0.061268,0.553007,0.455313,0.634469,-0.145649,0.903959,-0.603730,-0.900049,-2.124398,0.788451,2.744024,2.001907,-0.182269,0.542718,0.216126,0.093542,0.098028,0.648200,-0.405542
46.364039,-0.641306,0.468918,0.824039,1.158425,0.921615,1.045254,-0.427136,0.021922,-0.297753,0.061268,0.553007,0.455313,0.634469,-0.145649,0.903959,-0.603730,-0.900049,-2.124398,0.788451,2.744024,2.001907,-0.182269,0.542718,0.216126,0.093542,0.098028,0.648200,-0.405542
46.365006,-0.644321,0.462003,0.825749,1.158194,0.923362,1.049590,-0.428145,0.030710,-0.285289,0.078319,0.555884,0.453952,0.633475,-0.145910,0.903783,-0.603187,-0.899834,-2.124307,0.788542,2.744656,2.001500,-0.181021,0.542370,0.215513,0.093336,0.095683,0.643688,-0.407010
46.365971,-0.644073,0.458224,0.825503,1.158159,0.926003,1.055315,-0.429123,0.035987,-0.277344,0.093998,0.561519,0.452816,0.632726,-0.146121,0.903604,-0.602640,-0.899624,-2.124213,0.788636,2.745288,2.001098,-0.179746,0.545113,0.214837,0.093415,0.094295,0.639388,-0.405083
46.367033,-0.643471,0.453641,0.825308,1.155734,0.926400,1.056882,-0.428362,0.024468,-0.286786,0.110021,0.585946,0.451904,0.633390,-0.146397,0.903241,-0.601534,-0.899194,-2.124021,0.788813,2.746541,2.000289,-0.180817,0.548231,0.215588,0.095657,0.092198,0.632638,-0.405075
46.368068,-0.644632,0.451715,0.824107,1.155925,0.927473,1.063708,-0.429652,0.024468,-0.286786,0.110021,0.585946,0.451904,0.633390,-0.146397,0.903241,-0.601534,-0.899194,-2.124021,0.788813,2.746541,2.000289,-0.180817,0.548231,0.215588,0.095657,0.092198,0.632638,-0.405075
46.369075,-0.646444,0.443617,0.829708,1.154463,0.930379,1.064669,-0.431191,0.008809,-0.302622,0.108756,0.601038,0.452226,0.634571,-0.146542,0.903061,-0.600985,-0.898975,-2.123925,0.788904,2.747163,1.999890,-0.180607,0.548834,0.216457,0.095373,0.091592,0.626125,-0.402705
46.369990,-0.646576,0.443255,0.826555,1.152731,0.931241,1.068418,-0.431299,-0.012163,-0.324665,0.101960,0.616597,0.452967,0.636238,-0.146688,0.902885,-0.600423,-0.898763,-2.123826,0.788987,2.747784,1.999497,-0.180060,0.552232,0.213889,0.096647,0.089175,0.625479,-0.399853
46.371100,-0.642083,0.447818,0.823114,1.154381,0.932241,1.068674,-0.433136,-0.036816,-0.351776,0.091511,0.631963,0.453980,0.638319,-0.146818,0.902705,-0.599879,-0.898545,-2.123726,0.789076,2.748404,1.999096,-0.180094,0.551360,0.215461,0.097946,0.088661,0.621606,-0.399698
46.372023,-0.647487,0.447168,0.831017,1.154699,0.936615,1.068045,-0.433246,-0.083826,-0.402739,0.066835,0.653356,0.456387,0.642319,-0.147040,0.902342,-0.598781,-0.898118,-2.123537,0.789236,2.749658,1.998312,-0.180251,0.548470,0.213739,0.095813,0.084367,0.622548,-0.396304
46.372979,-0.650382,0.451433,0.831726,1.154116,0.939835,1.066740,-0.432880,-0.100176,-0.419331,0.059449,0.659100,0.457332,0.643626,-0.147154,0.902166,-0.598245,-0.897906,-2.123439,0.789309,2.750286,1.997911,-0.179054,0.545646,0.213545,0.096094,0.081697,0.623882,-0.397150
46.373985,-0.651103,0.454375,0.821638,1.154767,0.939141,1.069634,-0.433576,-0.112495,-0.428948,0.054415,0.661795,0.458193,0.644506,-0.147286,0.901988,-0.597701,-0.897675,-2.123343,0.789396,2.750898,1.997521,-0.179041,0.543722,0.218683,0.095307,0.082905,0.621256,-0.395979
46.374962,-0.649791,0.450532,0.820956,1.151509,0.941037,1.066336,-0.433828,-0.123918,-0.433366,0.046109,0.660699,0.459345,0.645183,-0.147413,0.901807,-0.597148,-0.897455,-2.123238,0.789470,2.751529,1.997125,-0.179940,0.544924,0.219071,0.098195,0.081547,0.624700,-0.395647
46.375945,-0.647147,0.443547,0.820437,1.151003,0.942518,1.067104,-0.435479,-0.134940,-0.435398,0.033749,0.655654,0.460838,0.645573,-0.147498,0.901623,-0.596600,-0.897232,-2.123137,0.789550,2.752157,1.996734,-0.181478,0.547787,0.219406,0.098356,0.080572,0.624018,-0.392512
46.377001,-0.643990,0.443942,0.816261,1.151875,0.941245,1.067996,-0.434905,-0.145204,-0.437887,0.019192,0.648556,0.462493,0.645674,-0.147541,0.901438,-0.596050,-0.897004,-2.123040,0.789635,2.752778,1.996339,-0.183430,0.547311,0.221738,0.097430,0.082432,0.623582,-0.394012
46.377954,-0.643835,0.438033,0.815866,1.150840,0.945062,1.068848,-0.435733,-0.155415,-0.442887,0.002867,0.641769,0.464167,0.645713,-0.147559,0.901254,-0.595503,-0.896785,-2.122938,0.789707,2.753406,1.995951,-0.183629,0.549467,0.221943,0.098091,0.079113,0.622731,-0.392479
46.379040,-0.645300,0.441279,0.819731,1.151669,0.949171,1.065018,-0.434974,-0.155415,-0.442887,0.002867,0.641769,0.464167,0.645713,-0.147559,0.901254,-0.595503,-0.896785,-2.122938,0.789707,2.753406,1.995951,-0.183629,0.549467,0.221943,0.098091,0.079113,0.622731,-0.392479
46.380081,-0.641188,0.450425,0.814742,1.154356,0.951319,1.065528,-0.434939,-0.165079,-0.450570,-0.013498,0.636399,0.465661,0.645730,-0.147557,0.901073,-0.594959,-0.896566,-2.122843,0.789774,2.754031,1.995549,-0.183392,0.547826,0.220409,0.097294,0.075780,0.627163,-0.394367
46.380963,-0.641057,0.446400,0.813808,1.152668,0.953596,1.064399,-0.436058,-0.171003,-0.456957,-0.026131,0.632059,0.466730,0.645447,-0.147557,0.900883,-0.594420,-0.896341,-2.122750,0.789846,2.754660,1.995157,-0.185752,0.543031,0.223161,0.094617,0.074317,0.626955,-0.394714
46.382015,-0.646632,0.444762,0.810494,1.153658,0.955586,1.063850,-0.437848,-0.169246,-0.457764,-0.040300,0.624314,0.467775,0.644108,-0.147532,0.900517,-0.593331,-0.895887,-2.122559,0.789979,2.755921,1.994391,-0.183347,0.544500,0.225235,0.094910,0.071302,0.628741,-0.389258
46.383058,-0.650378,0.440693,0.811137,1.153740,0.954107,1.057266,-0.438022,-0.171603,-0.462242,-0.050585,0.624793,0.468352,0.644311,-0.147467,0.900337,-0.592787,-0.895664,-2.122467,0.790057,2.756568,1.993991,-0.181880,0.546294,0.225135,0.094881,0.073418,0.635629,-0.389202
46.383959,-0.645133,0.435130,0.809071,1.150913,0.955678,1.054955,-0.436711,-0.179009,-0.473601,-0.064856,0.629049,0.469115,0.645296,-0.147435,0.900146,-0.592235,-0.895435,-2.122365,0.790126,2.757216,1.993604,-0.184470,0.547893,0.225951,0.097217,0.072331,0.637570,-0.391917
46.385064,-0.646968,0.433164,0.808468,1.153249,0.956888,1.050040,-0.437766,-0.179009,-0.473601,-0.064856,0.629049,0.469115,0.645296,-0.147435,0.900146,-0.592235,-0.895435,-2.122365,0.790126,2.757216,1.993604,-0.184470,0.547893,0.225951,0.097217,0.072331,0.637570,-0.391917
46.386012,-0.647084,0.432606,0.810912,1.154047,0.957323,1.046609,-0.438955,-0.199202,-0.510413,-0.095486,0.643042,0.470614,0.647840,-0.147513,0.899775,-0.591136,-0.894985,-2.122185,0.790272,2.758518,1.992827,-0.184062,0.548315,0.225355,0.094169,0.071969,0.646247,-0.387945
46.386950,-0.640378,0.429357,0.805822,1.153142,0.958397,1.046456,-0.437437,-0.208574,-0.531833,-0.107267,0.652577,0.470991,0.648815,-0.147629,0.899583,-0.590585,-0.894751,-2.122090,0.790340,2.759153,1.992435,-0.187451,0.548985,0.227747,0.094814,0.071457,0.646271,-0.391142
46.388012,-0.638249,0.433906,0.804335,1.154749,0.958599,1.048623,-0.436655,-0.208574,-0.531833,-0.107267,0.652577,0.470991,0.648815,-0.147629,0.899583,-0.590585,-0.894751,-2.122090,0.790340,2.759153,1.992435,-0.187451,0.548985,0.227747,0.094814,0.071457,0.646271,-0.391142
46.389026,-0.637109,0.435110,0.801351,1.154670,0.962020,1.050785,-0.439378,-0.216072,-0.563443,-0.119980,0.666893,0.470878,0.648634,-0.148068,0.899196,-0.589498,-0.894288,-2.121907,0.790475,2.760440,1.991657,-0.189512,0.545567,0.230228,0.093363,0.069235,0.642425,-0.387778
46.390121,-0.643346,0.428968,0.805622,1.152474,0.963856,1.051111,-0.437237,-0.216276,-0.572109,-0.124024,0.670468,0.470684,0.647875,-0.148294,0.899015,-0.588942,-0.894060,-2.121809,0.790541,2.761072,1.991261,-0.186880,0.548594,0.228382,0.095592,0.068215,0.642659,-0.392532
46.390956,-0.640388,0.419359,0.797826,1.152037,0.962571,1.050767,-0.433936,-0.220092,-0.582181,-0.131420,0.673403,0.470816,0.647454,-0.148548,0.898824,-0.588386,-0.893822,-2.121713,0.790614,2.761719,1.990849,-0.188158,0.551770,0.231816,0.095506,0.069909,0.642427,-0.399002
46.392004,-0.645347,0.411159,0.797007,1.151080,0.961956,1.052094,-0.434575,-0.220092,-0.582181,-0.131420,0.673403,0.470816,0.647454,-0.148548,0.898824,-0.588386,-0.893822,-2.121713,0.790614,2.761719,1.990849,-0.188158,0.551770,0.231816,0.095506,0.069909,0.642427,-0.399002
46.393047,-0.647379,0.406904,0.803059,1.150942,0.961593,1.054228,-0.434160,-0.233037,-0.600011,-0.147156,0.678156,0.471631,0.648079,-0.148831,0.898645,-0.587822,-0.893588,-2.121618,0.790689,2.762348,1.990457,-0.186073,0.555417,0.232320,0.096459,0.071162,0.641466,-0.397953
46.394080,-0.645876,0.413416,0.796492,1.152685,0.961216,1.058529,-0.433355,-0.286560,-0.661542,-0.199459,0.697208,0.474867,0.652804,-0.149291,0.898268,-0.586717,-0.893124,-2.121430,0.790839,2.763616,1.989647,-0.186418,0.553462,0.232851,0.094787,0.073167,0.635615,-0.400896
46.394947,-0.646636,0.413189,0.799868,1.153382,0.963525,1.059390,-0.431609,-0.317650,-0.693210,-0.226971,0.708446,0.476607,0.655889,-0.149485,0.898085,-0.586166,-0.892896,-2.121338,0.790909,2.764254,1.989237,-0.185965,0.552209,0.230799,0.093753,0.071288,0.634389,-0.404313
46.395933,-0.647028,0.411530,0.801185,1.152343,0.967427,1.061888,-0.430262,-0.345831,-0.718438,-0.250408,0.718405,0.478093,0.658749,-0.149656,0.897897,-0.585620,-0.892667,-2.121241,0.790970,2.764878,1.988822,-0.185941,0.552443,0.230160,0.094628,0.068071,0.632038,-0.407103
46.396930,-0.638450,0.407501,0.796969,1.151529,0.967913,1.069591,-0.430079,-0.368919,-0.736390,-0.268197,0.725609,0.479288,0.661066,-0.149757,0.897699,-0.585062,-0.892429,-2.121144,0.791039,2.765491,1.988409,-0.190341,0.553781,0.232235,0.095260,0.068254,0.624555,-0.407577
46.397958,-0.637581,0.406921,0.794048,1.151436,0.967522,1.072350,-0.428107,-0.368919,-0.736390,-0.268197,0.725609,0.479288,0.661066,-0.149757,0.897699,-0.585062,-0.892429,-2.121144,0.791039,2.765491,1.988409,-0.190341,0.553781,0.232235,0.095260,0.068254,0.624555,-0.407577
46.398953,-0.642484,0.402132,0.790085,1.153011,0.968871,1.077417,-0.428508,-0.403124,-0.757315,-0.295265,0.730777,0.481589,0.664578,-0.149658,0.897323,-0.583955,-0.891951,-2.120955,0.791178,2.766717,1.987583,-0.188728,0.555374,0.235594,0.093578,0.068594,0.617406,-0.411020
46.400021,-0.641354,0.405759,0.797255,1.152645,0.969969,1.076704,-0.429889,-0.403124,-0.757315,-0.295265,0.730777,0.481589,0.664578,-0.149658,0.897323,-0.583955,-0.891951,-2.120955,0.791178,2.766717,1.987583,-0.188728,0.555374,0.235594,0.093578,0.068594,0.617406,-0.411020
46.400969,-0.634473,0.402412,0.792997,1.152868,0.970550,1.077834,-0.430121,-0.420971,-0.767852,-0.310130,0.733777,0.482988,0.666853,-0.149418,0.897134,-0.583404,-0.891721,-2.120862,0.791244,2.767336,1.987182,-0.189681,0.553350,0.232185,0.094026,0.068260,0.618694,-0.408549
46.402038,-0.635864,0.408456,0.789571,1.152934,0.969906,1.075786,-0.430247,-0.435063,-0.775939,-0.320634,0.736632,0.484186,0.669086,-0.149084,0.896936,-0.582853,-0.891485,-2.120770,0.791313,2.767958,1.986771,-0.193096,0.554159,0.234191,0.093624,0.068257,0.617566,-0.408156
46.402929,-0.640866,0.414855,0.790489,1.153308,0.970988,1.076724,-0.430167,-0.441429,-0.773093,-0.324108,0.733579,0.485601,0.671804,-0.148410,0.896559,-0.581765,-0.891012,-2.120584,0.791458,2.769204,1.985956,-0.190137,0.546632,0.235219,0.092941,0.068976,0.618958,-0.408313
46.403951,-0.644077,0.423563,0.789244,1.153379,0.969487,1.076050,-0.431555,-0.434651,-0.758402,-0.319527,0.726435,0.485859,0.672178,-0.148107,0.896372,-0.581236,-0.890774,-2.120492,0.791532,2.769831,1.985550,-0.188813,0.542093,0.235865,0.092868,0.071128,0.619943,-0.405715
46.404971,-0.639597,0.425388,0.790720,1.152422,0.969717,1.078531,-0.432130,-0.434651,-0.758402,-0.319527,0.726435,0.485859,0.672178,-0.148107,0.896372,-0.581236,-0.890774,-2.120492,0.791532,2.769831,1.985550,-0.188813,0.542093,0.235865,0.092868,0.071128,0.619943,-0.405715
46.405972,-0.639207,0.419782,0.789827,1.152345,0.971276,1.074674,-0.431391,-0.397536,-0.697497,-0.292799,0.699740,0.484930,0.670164,-0.147642,0.895986,-0.580146,-0.890304,-2.120303,0.791672,2.771082,1.984745,-0.191595,0.543143,0.235579,0.093728,0.070601,0.621847,-0.406480
46.406976,-0.639215,0.413328,0.792090,1.153120,0.972417,1.074462,-0.433870,-0.371533,-0.661758,-0.272129,0.685175,0.483737,0.668270,-0.147490,0.895790,-0.579600,-0.890069,-2.120211,0.791738,2.771716,1.984349,-0.191705,0.545871,0.234424,0.092912,0.070140,0.622193,-0.401669
46.408061,-0.641084,0.406095,0.784463,1.154711,0.970522,1.070993,-0.433710,-0.349785,-0.635151,-0.253149,0.676735,0.482394,0.666952,-0.147360,0.895602,-0.579042,-0.889822,-2.120123,0.791817,2.772345,1.983948,-0.191174,0.549341,0.238363,0.091540,0.072723,0.626218,-0.402381
46.408993,-0.645405,0.403573,0.777921,1.153509,0.969326,1.073732,-0.432967,-0.349785,-0.635151,-0.253149,0.676735,0.482394,0.666952,-0.147360,0.895602,-0.579042,-0.889822,-2.120123,0.791817,2.772345,1.983948,-0.191174,0.549341,0.238363,0.091540,0.072723,0.626218,-0.402381
46.410007,-0.645040,0.404723,0.775563,1.155014,0.971906,1.067529,-0.434388,-0.345468,-0.629980,-0.249824,0.685449,0.481015,0.669181,-0.147168,0.895227,-0.577946,-0.889333,-2.119943,0.791964,2.773613,1.983150,-0.189489,0.548559,0.242359,0.091117,0.072419,0.629809,-0.401282
46.410979,-0.644730,0.412008,0.768203,1.153632,0.972921,1.064714,-0.433845,-0.359287,-0.642205,-0.265543,0.696182,0.481074,0.672203,-0.147081,0.895033,-0.577406,-0.889085,-2.119849,0.792038,2.774253,1.982738,-0.189710,0.544250,0.245807,0.092362,0.071969,0.632596,-0.402494
46.412009,-0.646595,0.414237,0.770757,1.154372,0.971863,1.059418,-0.432786,-0.374689,-0.652076,-0.285828,0.704341,0.481370,0.675311,-0.147040,0.894845,-0.576869,-0.888842,-2.119759,0.792115,2.774906,1.982329,-0.189036,0.542930,0.244448,0.091654,0.073650,0.638075,-0.404831
46.413034,-0.646842,0.415324,0.772068,1.151107,0.971692,1.059236,-0.434598,-0.374689,-0.652076,-0.285828,0.704341,0.481370,0.675311,-0.147040,0.894845,-0.576869,-0.888842,-2.119759,0.792115,2.774906,1.982329,-0.189036,0.542930,0.244448,0.091654,0.073650,0.638075,-0.404831
46.414006,-0.647128,0.405801,0.775390,1.152535,0.970734,1.055148,-0.433532,-0.386239,-0.654314,-0.304503,0.707273,0.481652,0.677843,-0.147062,0.894657,-0.576326,-0.888597,-2.119659,0.792191,2.775540,1.981940,-0.189184,0.542056,0.243726,0.094784,0.074424,0.638461,-0.401425
46.415055,-0.646288,0.401620,0.772883,1.153164,0.968541,1.051436,-0.435141,-0.392157,-0.649667,-0.317483,0.705668,0.481735,0.679643,-0.147114,0.894467,-0.575775,-0.888360,-2.119569,0.792269,2.776194,1.981532,-0.189156,0.546117,0.241929,0.093244,0.075902,0.642515,-0.403721
46.415951,-0.651781,0.389589,0.767212,1.152433,0.968726,1.046258,-0.434514,-0.395447,-0.644233,-0.325060,0.703787,0.481601,0.681197,-0.147179,0.894274,-0.575219,-0.888113,-2.119479,0.792353,2.776851,1.981139,-0.189839,0.547831,0.243181,0.092727,0.078662,0.646438,-0.400756
46.416981,-0.652200,0.385072,0.769564,1.154845,0.969298,1.044092,-0.434412,-0.402668,-0.645551,-0.332891,0.705685,0.481495,0.683334,-0.147254,0.894093,-0.574653,-0.887868,-2.119385,0.792431,2.777506,1.980735,-0.187099,0.552477,0.245592,0.093134,0.078865,0.651244,-0.402040
46.417972,-0.650436,0.392081,0.768594,1.155437,0.969660,1.041551,-0.435266,-0.419647,-0.659242,-0.346747,0.713962,0.481672,0.686739,-0.147345,0.893908,-0.574097,-0.887623,-2.119299,0.792509,2.778164,1.980330,-0.187218,0.554244,0.244320,0.090852,0.078884,0.653512,-0.402456
46.419046,-0.653196,0.394963,0.770911,1.156386,0.972231,1.040125,-0.435496,-0.464778,-0.701969,-0.376154,0.742662,0.481828,0.695086,-0.147594,0.893535,-0.573002,-0.887135,-2.119122,0.792665,2.779478,1.979537,-0.187318,0.548573,0.243571,0.089538,0.077127,0.657768,-0.400803
46.420006,-0.658686,0.396497,0.778007,1.155854,0.971274,1.044423,-0.435801,-0.480214,-0.714756,-0.381105,0.755628,0.481334,0.698306,-0.147726,0.893353,-0.572460,-0.886900,-2.119031,0.792747,2.780130,1.979134,-0.184728,0.547083,0.239858,0.089950,0.078576,0.653294,-0.400296
46.420957,-0.652886,0.400178,0.772112,1.154604,0.969725,1.045253,-0.436489,-0.480214,-0.714756,-0.381105,0.755628,0.481334,0.698306,-0.147726,0.893353,-0.572460,-0.886900,-2.119031,0.792747,2.780130,1.979134,-0.184728,0.547083,0.239858,0.089950,0.078576,0.653294,-0.400296
46.422041,-0.657762,0.395851,0.776248,1.151962,0.969166,1.045607,-0.435047,-0.487673,-0.717680,-0.377006,0.765085,0.480473,0.700427,-0.147853,0.893163,-0.571919,-0.886652,-2.118939,0.792833,2.780787,1.978743,-0.187738,0.544470,0.242555,0.091049,0.080536,0.652321,-0.399050
46.422973,-0.654306,0.390246,0.769696,1.152662,0.966590,1.046764,-0.437474,-0.481111,-0.697868,-0.351152,0.767015,0.478746,0.701111,-0.148042,0.892792,-0.570821,-0.886167,-2.118748,0.793009,2.782077,1.977948,-0.187523,0.548449,0.243587,0.092750,0.084604,0.651055,-0.397470
46.424029,-0.654700,0.389210,0.767871,1.153545,0.961247,1.052030,-0.438361,-0.481111,-0.697868,-0.351152,0.767015,0.478746,0.701111,-0.148042,0.892792,-0.570821,-0.886167,-2.118748,0.793009,2.782077,1.977948,-0.187523,0.548449,0.243587,0.092750,0.084604,0.651055,-0.397470
46.425026,-0.654588,0.391922,0.770247,1.153092,0.959413,1.055555,-0.437201,-0.476165,-0.687639,-0.338642,0.764654,0.478429,0.700721,-0.148053,0.892603,-0.570270,-0.885922,-2.118658,0.793111,2.782720,1.977551,-0.187642,0.548697,0.244493,0.091971,0.090365,0.646072,-0.396029
46.426057,-0.658181,0.396206,0.771170,1.153733,0.959143,1.059786,-0.439452,-0.472526,-0.680824,-0.328140,0.763468,0.478398,0.700262,-0.148017,0.892415,-0.569731,-0.885681,-2.118563,0.793206,2.783362,1.977146,-0.187895,0.546864,0.243180,0.092310,0.092542,0.642662,-0.398551
46.426948,-0.656915,0.399906,0.772603,1.152253,0.961298,1.061224,-0.437621,-0.457499,-0.664165,-0.300356,0.761420,0.477802,0.697887,-0.148011,0.892045,-0.568660,-0.885196,-2.118376,0.793387,2.784628,1.976358,-0.187016,0.541593,0.241571,0.092817,0.091366,0.637027,-0.398009
46.428004,-0.658627,0.403654,0.770840,1.151313,0.960555,1.064021,-0.438695,-0.457499,-0.664165,-0.300356,0.761420,0.477802,0.697887,-0.148011,0.892045,-0.568660,-0.885196,-2.118376,0.793387,2.784628,1.976358,-0.187016,0.541593,0.241571,0.092817,0.091366,0.637027,-0.398009
46.428959,-0.660878,0.398122,0.770588,1.151090,0.958679,1.066818,-0.440151,-0.441189,-0.647747,-0.279506,0.756652,0.476945,0.695304,-0.148081,0.891858,-0.568123,-0.884953,-2.118282,0.793483,2.785256,1.975970,-0.186503,0.539648,0.242505,0.093770,0.092589,0.634635,-0.396141
46.430061,-0.662518,0.397364,0.767407,1.149787,0.958441,1.069526,-0.440327,-0.420544,-0.627401,-0.256358,0.748967,0.475916,0.691915,-0.148153,0.891676,-0.567573,-0.884714,-2.118189,0.793584,2.785883,1.975579,-0.185535,0.541601,0.242425,0.093808,0.094735,0.631850,-0.393363
46.431044,-0.656827,0.393037,0.765271,1.152718,0.953868,1.071186,-0.441831,-0.401103,-0.609915,-0.235801,0.741356,0.475049,0.688407,-0.148187,0.891491,-0.567036,-0.884465,-2.118091,0.793679,2.786514,1.975184,-0.185212,0.542168,0.244134,0.095153,0.095476,0.629730,-0.393431
46.431957,-0.655011,0.381072,0.765128,1.150432,0.954770,1.073663,-0.443160,-0.385682,-0.599589,-0.219980,0.736226,0.474511,0.685228,-0.148157,0.891298,-0.566486,-0.884217,-2.118006,0.793790,2.787137,1.974802,-0.188185,0.543660,0.244959,0.092263,0.100291,0.628232,-0.390624
46.432978,-0.656970,0.382480,0.770302,1.149772,0.954583,1.071913,-0.443041,-0.374403,-0.599016,-0.207813,0.735709,0.474231,0.682597,-0.148042,0.891106,-0.565932,-0.883974,-2.117909,0.793888,2.787762,1.974415,-0.189020,0.548536,0.244657,0.094233,0.099567,0.625611,-0.388054
46.434012,-0.655204,0.383440,0.767092,1.151784,0.951265,1.074712,-0.443422,-0.365770,-0.608346,-0.196762,0.739627,0.474057,0.680415,-0.147870,0.890916,-0.565383,-0.883736,-2.117812,0.793991,2.788394,1.974025,-0.188244,0.547335,0.242048,0.094744,0.100099,0.627653,-0.388588
46.435089,-0.657512,0.388027,0.771119,1.150788,0.950065,1.072762,-0.443447,-0.344916,-0.638103,-0.166921,0.752688,0.473370,0.676025,-0.147475,0.890538,-0.564299,-0.883253,-2.117628,0.794215,2.789644,1.973247,-0.188631,0.544264,0.241757,0.093886,0.105198,0.627669,-0.388441
46.436022,-0.658049,0.390532,0.769684,1.149033,0.949687,1.074590,-0.444079,-0.344916,-0.638103,-0.166921,0.752688,0.473370,0.676025,-0.147475,0.890538,-0.564299,-0.883253,-2.117628,0.794215,2.789644,1.973247,-0.188631,0.544264,0.241757,0.093886,0.105198,0.627669,-0.388441
46.436937,-0.656839,0.385585,0.765410,1.149938,0.945273,1.070867,-0.443823,-0.327987,-0.647956,-0.145402,0.756709,0.472666,0.673183,-0.147299,0.890352,-0.563759,-0.883008,-2.117532,0.794323,2.790260,1.972867,-0.188428,0.542156,0.242166,0.095332,0.105730,0.625797,-0.387309
46.437965,-0.660060,0.377244,0.769111,1.147610,0.944051,1.069956,-0.442938,-0.306768,-0.651314,-0.121128,0.756327,0.471816,0.669810,-0.147177,0.890158,-0.563208,-0.882762,-2.117443,0.794445,2.790894,1.972478,-0.188964,0.543560,0.243924,0.094257,0.110174,0.629393,-0.387918
46.439094,-0.661844,0.375552,0.773595,1.149376,0.942377,1.069079,-0.443062,-0.268160,-0.658483,-0.077215,0.752493,0.470231,0.663454,-0.147151,0.889787,-0.562103,-0.882285,-2.117249,0.794679,2.792161,1.971694,-0.187297,0.548308,0.240104,0.094790,0.113583,0.632103,-0.390157
46.440022,-0.658597,0.367777,0.769458,1.147434,0.941517,1.069689,-0.442373,-0.268160,-0.658483,-0.077215,0.752493,0.470231,0.663454,-0.147151,0.889787,-0.562103,-0.882285,-2.117249,0.794679,2.792161,1.971694,-0.187297,0.548308,0.240104,0.094790,0.113583,0.632103,-0.390157
46.440985,-0.659576,0.368266,0.774409,1.147916,0.939991,1.068172,-0.439884,-0.254167,-0.668467,-0.057805,0.753526,0.469413,0.660998,-0.147230,0.889596,-0.561551,-0.882042,-2.117149,0.794797,2.792794,1.971297,-0.188927,0.551177,0.241896,0.096365,0.114492,0.631345,-0.391620
46.441978,-0.662667,0.373843,0.774491,1.145975,0.939980,1.064193,-0.439654,-0.242895,-0.681518,-0.039555,0.756145,0.468551,0.658994,-0.147360,0.889408,-0.561000,-0.881808,-2.117055,0.794919,2.793420,1.970882,-0.188533,0.550091,0.239256,0.095698,0.116089,0.632942,-0.396696
46.442967,-0.662676,0.370596,0.771920,1.145060,0.939432,1.063273,-0.438815,-0.230780,-0.691849,-0.019975,0.757479,0.467524,0.657032,-0.147556,0.889223,-0.560457,-0.881573,-2.116953,0.795037,2.794070,1.970486,-0.187201,0.546755,0.239205,0.097340,0.116226,0.636980,-0.397307
46.443981,-0.664713,0.371879,0.773535,1.146041,0.938864,1.059192,-0.438189,-0.200600,-0.691472,0.020751,0.748079,0.465369,0.652797,-0.148008,0.888852,-0.559367,-0.881092,-2.116757,0.795279,2.795360,1.969679,-0.186653,0.546741,0.239509,0.096872,0.117592,0.642174,-0.400599
46.444972,-0.668748,0.374114,0.770015,1.145594,0.935785,1.053527,-0.437799,-0.200600,-0.691472,0.020751,0.748079,0.465369,0.652797,-0.148008,0.888852,-0.559367,-0.881092,-2.116757,0.795279,2.795360,1.969679,-0.186653,0.546741,0.239509,0.096872,0.117592,0.642174,-0.400599
46.445997,-0.674301,0.370399,0.769606,1.144092,0.932415,1.051113,-0.435994,-0.185996,-0.683370,0.038027,0.739499,0.464575,0.651035,-0.148190,0.888672,-0.558830,-0.880850,-2.116661,0.795404,2.796020,1.969277,-0.184899,0.545146,0.241158,0.097149,0.120772,0.647815,-0.401535
46.447049,-0.676858,0.364979,0.770371,1.144045,0.928568,1.049232,-0.436732,-0.170506,-0.663948,0.054378,0.721238,0.464317,0.649343,-0.148499,0.888312,-0.557723,-0.880367,-2.116461,0.795668,2.797334,1.968465,-0.181648,0.548986,0.240982,0.098382,0.128123,0.652421,-0.404116
46.448131,-0.671546,0.368365,0.776423,1.143396,0.926607,1.048379,-0.436739,-0.170506,-0.663948,0.054378,0.721238,0.464317,0.649343,-0.148499,0.888312,-0.557723,-0.880367,-2.116461,0.795668,2.797334,1.968465,-0.181648,0.548986,0.240982,0.098382,0.128123,0.652421,-0.404116
46.449075,-0.668136,0.369895,0.770829,1.142792,0.928512,1.047866,-0.435027,-0.170199,-0.657760,0.055075,0.714417,0.464606,0.649345,-0.148649,0.888120,-0.557185,-0.880134,-2.116358,0.795800,2.797992,1.968056,-0.184700,0.547321,0.238150,0.098899,0.130183,0.653600,-0.404415
46.449948,-0.665943,0.375402,0.769474,1.145039,0.928860,1.048553,-0.436500,-0.166295,-0.647983,0.059406,0.706675,0.464586,0.648799,-0.148856,0.887934,-0.556641,-0.879887,-2.116260,0.795923,2.798644,1.967642,-0.186472,0.545716,0.240680,0.099192,0.128267,0.653931,-0.407903
46.451042,-0.662910,0.389496,0.771575,1.146094,0.930821,1.052812,-0.436193,-0.155814,-0.630615,0.068696,0.696204,0.464190,0.647280,-0.149131,0.887742,-0.556103,-0.879649,-2.116166,0.796050,2.799302,1.967240,-0.187410,0.541736,0.240925,0.096539,0.127828,0.652733,-0.404847
46.452079,-0.665708,0.394532,0.769712,1.145156,0.929906,1.054970,-0.436377,-0.136940,-0.602170,0.084086,0.682819,0.463373,0.644660,-0.149423,0.887549,-0.555585,-0.879408,-2.116072,0.796171,2.799955,1.966829,-0.189308,0.535045,0.240033,0.095601,0.126099,0.648862,-0.405813
46.452975,-0.663443,0.388178,0.771991,1.144428,0.927086,1.055011,-0.436006,-0.070330,-0.505585,0.135936,0.644715,0.460590,0.635978,-0.149956,0.887174,-0.554521,-0.878929,-2.115878,0.796436,2.801250,1.966011,-0.189282,0.534672,0.239472,0.096792,0.129807,0.646580,-0.406367
46.453963,-0.658873,0.389476,0.771721,1.140189,0.925164,1.054682,-0.436690,-0.070330,-0.505585,0.135936,0.644715,0.460590,0.635978,-0.149956,0.887174,-0.554521,-0.878929,-2.115878,0.796436,2.801250,1.966011,-0.189282,0.534672,0.239472,0.096792,0.129807,0.646580,-0.406367
46.454988,-0.660524,0.382356,0.772471,1.141264,0.922486,1.058180,-0.437944,0.016684,-0.389841,0.201882,0.597519,0.457336,0.624733,-0.150379,0.886787,-0.553440,-0.878451,-2.115677,0.796713,2.802544,1.965213,-0.191024,0.536747,0.239145,0.099458,0.134313,0.643588,-0.402872
46.455969,-0.659648,0.374988,0.768439,1.138896,0.918873,1.057886,-0.437355,0.058467,-0.340022,0.232854,0.575295,0.455819,0.619228,-0.150568,0.886593,-0.552899,-0.878207,-2.115571,0.796855,2.803184,1.964805,-0.191564,0.539855,0.240994,0.101423,0.137822,0.643968,-0.404207
46.457058,-0.663622,0.375901,0.764115,1.140980,0.919686,1.060703,-0.436636,0.089760,-0.305549,0.254036,0.558969,0.454709,0.614931,-0.150775,0.886406,-0.552360,-0.877956,-2.115479,0.796993,2.803822,1.964393,-0.189991,0.539456,0.243198,0.099440,0.137038,0.641606,-0.405950
46.457982,-0.656993,0.382073,0.763856,1.138410,0.923825,1.059968,-0.437161,0.111235,-0.283365,0.264942,0.547030,0.454020,0.611710,-0.151013,0.886203,-0.551835,-0.877714,-2.115374,0.797123,2.804459,1.963992,-0.193177,0.535592,0.242979,0.101528,0.132798,0.642206,-0.404922
46.458992,-0.656070,0.377900,0.762639,1.140250,0.926097,1.064064,-0.436257,0.129100,-0.265832,0.270981,0.535984,0.453530,0.608826,-0.151264,0.886008,-0.551293,-0.877470,-2.115278,0.797250,2.805090,1.963585,-0.193767,0.537325,0.243496,0.099524,0.130623,0.638280,-0.406939
46.460097,-0.659352,0.384522,0.761659,1.138457,0.924069,1.064039,-0.435881,0.145263,-0.250619,0.274439,0.525261,0.453235,0.606108,-0.151515,0.885819,-0.550761,-0.877225,-2.115174,0.797391,2.805720,1.963171,-0.192548,0.534246,0.244148,0.101233,0.132754,0.638948,-0.408004
46.461015,-0.661193,0.384672,0.768818,1.136085,0.920471,1.064499,-0.436987,0.145263,-0.250619,0.274439,0.525261,0.453235,0.606108,-0.151515,0.885819,-0.550761,-0.877225,-2.115174,0.797391,2.805720,1.963171,-0.192548,0.534246,0.244148,0.101233,0.132754,0.638948,-0.408004
46.462031,-0.660304,0.377598,0.764385,1.134163,0.916128,1.066237,-0.437188,0.179098,-0.217469,0.282372,0.499367,0.453191,0.600315,-0.151926,0.885437,-0.549685,-0.876745,-2.114963,0.797683,2.806979,1.962360,-0.192261,0.536502,0.242440,0.104624,0.140375,0.636835,-0.405588
46.463052,-0.665197,0.371103,0.758644,1.133231,0.912829,1.066297,-0.437686,0.179098,-0.217469,0.282372,0.499367,0.453191,0.600315,-0.151926,0.885437,-0.549685,-0.876745,-2.114963,0.797683,2.806979,1.962360,-0.192261,0.536502,0.242440,0.104624,0.140375,0.636835,-0.405588
46.463952,-0.662746,0.366811,0.755898,1.132451,0.908905,1.065275,-0.437791,0.192573,-0.204669,0.283664,0.485418,0.453676,0.597817,-0.152032,0.885250,-0.549146,-0.876496,-2.114856,0.797835,2.807613,1.961954,-0.190050,0.539441,0.245191,0.105182,0.143505,0.637031,-0.404790
46.465005,-0.666501,0.361811,0.755208,1.131588,0.906602,1.064314,-0.436684,0.186639,-0.212925,0.255047,0.467932,0.456566,0.597138,-0.152055,0.884871,-0.548048,-0.876003,-2.114642,0.798141,2.808888,1.961139,-0.189664,0.542665,0.246425,0.105902,0.149264,0.639107,-0.407057
46.465955,-0.667618,0.368650,0.756548,1.133106,0.908158,1.064501,-0.438565,0.170685,-0.230359,0.229604,0.464823,0.458336,0.598687,-0.152005,0.884683,-0.547521,-0.875758,-2.114540,0.798287,2.809529,1.960738,-0.189189,0.538584,0.245460,0.103963,0.147472,0.638823,-0.403331
46.466950,-0.665423,0.378918,0.753779,1.135131,0.909532,1.064149,-0.437212,0.170685,-0.230359,0.229604,0.464823,0.458336,0.598687,-0.152005,0.884683,-0.547521,-0.875758,-2.114540,0.798287,2.809529,1.960738,-0.189189,0.538584,0.245460,0.103963,0.147472,0.638823,-0.403331
46.468077,-0.669123,0.380184,0.761474,1.135301,0.910944,1.062951,-0.438085,0.153768,-0.246488,0.204515,0.463365,0.459733,0.600704,-0.151947,0.884492,-0.546996,-0.875508,-2.114442,0.798434,2.810161,1.960330,-0.190465,0.533134,0.246651,0.101714,0.145951,0.639330,-0.406248
46.469047,-0.668809,0.377724,0.757127,1.133382,0.911401,1.060710,-0.439932,0.142223,-0.253418,0.185998,0.461533,0.460440,0.602461,-0.151907,0.884305,-0.546459,-0.875271,-2.114339,0.798577,2.810805,1.959926,-0.189109,0.532900,0.243074,0.101532,0.144611,0.641136,-0.404862
46.470025,-0.670221,0.373762,0.752661,1.133714,0.907441,1.062734,-0.438577,0.136806,-0.251389,0.175236,0.459054,0.460523,0.603754,-0.151871,0.884114,-0.545928,-0.875022,-2.114232,0.798721,2.811455,1.959527,-0.189380,0.533602,0.245019,0.102991,0.144015,0.643322,-0.401282
46.471086,-0.673823,0.369678,0.754321,1.130402,0.903942,1.060189,-0.436879,0.132703,-0.246188,0.166830,0.457012,0.460484,0.605015,-0.151828,0.883928,-0.545389,-0.874769,-2.114130,0.798877,2.812093,1.959124,-0.188833,0.535028,0.246961,0.102312,0.147770,0.641304,-0.404194
46.472023,-0.676492,0.366529,0.748200,1.128470,0.899032,1.059804,-0.439069,0.111027,-0.247020,0.137805,0.458876,0.461604,0.609320,-0.151731,0.883561,-0.544315,-0.874270,-2.113911,0.799201,2.813383,1.958314,-0.186195,0.537789,0.248800,0.106608,0.155600,0.644422,-0.403470
46.472965,-0.675111,0.367511,0.751199,1.126803,0.895716,1.054862,-0.437979,0.093055,-0.254368,0.115834,0.460879,0.462796,0.612311,-0.151654,0.883372,-0.543780,-0.874028,-2.113800,0.799368,2.814044,1.957904,-0.186961,0.536526,0.246982,0.107648,0.158485,0.649176,-0.405762
46.473950,-0.676944,0.370412,0.750453,1.127230,0.894108,1.053036,-0.437775,0.076182,-0.261018,0.094733,0.461548,0.463866,0.615271,-0.151595,0.883184,-0.543256,-0.873778,-2.113693,0.799531,2.814712,1.957493,-0.186197,0.534721,0.247127,0.106745,0.159763,0.650868,-0.406272
46.474967,-0.674091,0.376792,0.751735,1.129481,0.894771,1.045309,-0.436974,0.065192,-0.262596,0.079963,0.460886,0.464313,0.617800,-0.151593,0.882995,-0.542728,-0.873529,-2.113594,0.799691,2.815377,1.957083,-0.187868,0.531309,0.246334,0.104305,0.158828,0.658688,-0.408064
46.476039,-0.674885,0.382988,0.754002,1.129962,0.893990,1.041298,-0.436723,0.065192,-0.262596,0.079963,0.460886,0.464313,0.617800,-0.151593,0.882995,-0.542728,-0.873529,-2.113594,0.799691,2.815377,1.957083,-0.187868,0.531309,0.246334,0.104305,0.158828,0.658688,-0.408064
46.476993,-0.680123,0.385760,0.748145,1.130002,0.892896,1.033788,-0.436409,0.063888,-0.255446,0.075679,0.458927,0.463801,0.619469,-0.151642,0.882805,-0.542211,-0.873287,-2.113493,0.799855,2.816055,1.956674,-0.187814,0.528464,0.245299,0.103740,0.159415,0.662843,-0.408838
46.478000,-0.680354,0.384359,0.744253,1.127366,0.889284,1.033766,-0.436639,0.081891,-0.219585,0.087305,0.450962,0.460745,0.620421,-0.151776,0.882437,-0.541155,-0.872779,-2.113283,0.800187,2.817407,1.955856,-0.185487,0.526960,0.249594,0.105541,0.163445,0.669988,-0.409228
46.479011,-0.683929,0.377591,0.743549,1.128137,0.886753,1.028093,-0.436504,0.088866,-0.202660,0.089496,0.446903,0.459275,0.620699,-0.151847,0.882256,-0.540625,-0.872527,-2.113181,0.800359,2.818092,1.955441,-0.183995,0.530103,0.249729,0.104473,0.165587,0.675606,-0.409655
46.479945,-0.682450,0.369475,0.735984,1.127340,0.880552,1.027739,-0.437579,0.088866,-0.202660,0.089496,0.446903,0.459275,0.620699,-0.151847,0.882256,-0.540625,-0.872527,-2.113181,0.800359,2.818092,1.955441,-0.183995,0.530103,0.249729,0.104473,0.165587,0.675606,-0.409655
46.481101,-0.685940,0.366494,0.737184,1.126434,0.878734,1.031193,-0.437449,0.087412,-0.196720,0.083739,0.447149,0.458290,0.621593,-0.151904,0.882067,-0.540084,-0.872264,-2.113076,0.800544,2.818757,1.955040,-0.184784,0.533302,0.253003,0.104779,0.171224,0.675615,-0.407546
46.481988,-0.685494,0.367128,0.733702,1.127451,0.876464,1.034865,-0.438220,0.074420,-0.206654,0.067862,0.453984,0.457962,0.623485,-0.151922,0.881885,-0.539539,-0.872012,-2.112970,0.800721,2.819444,1.954627,-0.183679,0.535199,0.252575,0.105641,0.172764,0.672583,-0.408249
46.482981,-0.685568,0.368424,0.729211,1.127710,0.872866,1.037086,-0.437508,0.051257,-0.230940,0.043574,0.466959,0.458237,0.626300,-0.151890,0.881700,-0.539011,-0.871756,-2.112870,0.800899,2.820104,1.954220,-0.183872,0.533868,0.253736,0.104101,0.174440,0.668456,-0.406644
46.483949,-0.685217,0.374404,0.726798,1.128304,0.870476,1.035954,-0.437684,0.021469,-0.264396,0.014160,0.484559,0.458954,0.629743,-0.151804,0.881516,-0.538478,-0.871494,-2.112768,0.801084,2.820761,1.953811,-0.184070,0.532804,0.255630,0.103549,0.177527,0.666241,-0.408236
46.484965,-0.682738,0.373456,0.722811,1.126977,0.867110,1.042774,-0.438728,-0.010599,-0.300394,-0.017170,0.503936,0.459934,0.633320,-0.151695,0.881331,-0.537957,-0.871236,-2.112668,0.801269,2.821432,1.953399,-0.184404,0.529377,0.256429,0.102640,0.179337,0.667215,-0.407954
46.485989,-0.686627,0.364902,0.725960,1.123603,0.865424,1.040929,-0.438714,-0.040652,-0.333050,-0.047217,0.521813,0.460998,0.636482,-0.151596,0.881143,-0.537424,-0.870971,-2.112563,0.801457,2.822080,1.953001,-0.185903,0.529614,0.258101,0.103663,0.182194,0.660455,-0.406071
46.486986,-0.686899,0.357468,0.728644,1.122559,0.860113,1.044096,-0.438814,-0.067697,-0.362079,-0.074997,0.536708,0.462095,0.639038,-0.151500,0.880961,-0.536877,-0.870719,-2.112451,0.801644,2.822749,1.952596,-0.184254,0.533530,0.256336,0.106569,0.183350,0.662429,-0.406335
46.487950,-0.688254,0.350449,0.726362,1.119454,0.858028,1.044456,-0.437432,-0.117771,-0.424967,-0.122189,0.562343,0.464176,0.642601,-0.151370,0.880594,-0.535788,-0.870206,-2.112227,0.802037,2.824057,1.951775,-0.183867,0.539498,0.255490,0.109571,0.189434,0.658796,-0.409149
46.488951,-0.688158,0.343455,0.724951,1.118936,0.858307,1.050470,-0.436679,-0.117771,-0.424967,-0.122189,0.562343,0.464176,0.642601,-0.151370,0.880594,-0.535788,-0.870206,-2.112227,0.802037,2.824057,1.951775,-0.183867,0.539498,0.255490,0.109571,0.189434,0.658796,-0.409149
46.490121,-0.689245,0.345998,0.724419,1.117704,0.857506,1.049214,-0.436821,-0.143977,-0.463764,-0.143517,0.575365,0.465198,0.643949,-0.151349,0.880408,-0.535246,-0.869952,-2.112117,0.802226,2.824698,1.951362,-0.184155,0.542526,0.255939,0.109572,0.188574,0.652843,-0.410780
46.491063,-0.686362,0.343151,0.725462,1.115377,0.856595,1.051649,-0.433728,-0.198216,-0.549594,-0.184581,0.600153,0.467245,0.645984,-0.151414,0.880038,-0.534152,-0.869441,-2.111889,0.802605,2.825992,1.950512,-0.185819,0.542252,0.255448,0.112234,0.189319,0.652294,-0.417104
46.492006,-0.686027,0.343924,0.729604,1.116733,0.854595,1.053043,-0.432879,-0.198216,-0.549594,-0.184581,0.600153,0.467245,0.645984,-0.151414,0.880038,-0.534152,-0.869441,-2.111889,0.802605,2.825992,1.950512,-0.185819,0.542252,0.255448,0.112234,0.189319,0.652294,-0.417104
46.493072,-0.686557,0.348440,0.728144,1.113267,0.851766,1.056769,-0.433041,-0.217003,-0.585229,-0.196097,0.608064,0.467769,0.645778,-0.151572,0.879848,-0.533618,-0.869191,-2.111781,0.802799,2.826643,1.950092,-0.186016,0.541122,0.253003,0.110290,0.190651,0.650742,-0.418763
46.494031,-0.687878,0.354638,0.727751,1.112819,0.849355,1.055790,-0.430032,-0.225489,-0.610315,-0.196565,0.612236,0.467674,0.644493,-0.151771,0.879665,-0.533081,-0.868936,-2.111663,0.802998,2.827276,1.949678,-0.186167,0.538825,0.253684,0.113255,0.192922,0.647419,-0.418672
46.494960,-0.692705,0.349347,0.729068,1.109720,0.848913,1.053782,-0.428809,-0.211451,-0.618140,-0.169995,0.602423,0.466254,0.638744,-0.152204,0.879296,-0.532015,-0.868437,-2.111429,0.803388,2.828575,1.948803,-0.183288,0.537001,0.252502,0.115255,0.194359,0.650137,-0.427040
46.496002,-0.695474,0.340666,0.730185,1.110756,0.849102,1.055401,-0.428696,-0.197873,-0.610079,-0.151354,0.592636,0.465402,0.635353,-0.152409,0.879118,-0.531463,-0.868193,-2.111321,0.803580,2.829220,1.948378,-0.182337,0.541017,0.251927,0.113838,0.193635,0.648741,-0.427406
46.496974,-0.693036,0.343509,0.729910,1.111043,0.847463,1.054390,-0.429270,-0.197873,-0.610079,-0.151354,0.592636,0.465402,0.635353,-0.152409,0.879118,-0.531463,-0.868193,-2.111321,0.803580,2.829220,1.948378,-0.182337,0.541017,0.251927,0.113838,0.193635,0.648741,-0.427406
46.498014,-0.696377,0.343595,0.727654,1.111929,0.845627,1.057166,-0.427316,-0.187092,-0.604725,-0.133972,0.586235,0.464585,0.632597,-0.152570,0.878932,-0.530933,-0.867940,-2.111210,0.803774,2.829869,1.947952,-0.183737,0.539030,0.251750,0.112998,0.194647,0.649733,-0.426277
46.499025,-0.702328,0.351700,0.732346,1.112436,0.847341,1.056750,-0.426935,-0.179039,-0.602164,-0.117699,0.584442,0.463682,0.630482,-0.152714,0.878753,-0.530394,-0.867683,-2.111101,0.803980,2.830508,1.947516,-0.182445,0.538798,0.252723,0.111727,0.195810,0.647206,-0.430355
46.499947,-0.696498,0.361297,0.736231,1.109440,0.847286,1.059838,-0.428358,-0.173170,-0.600118,-0.102556,0.586700,0.462637,0.628899,-0.152860,0.878578,-0.529865,-0.867441,-2.110992,0.804168,2.831160,1.947084,-0.179844,0.534446,0.250260,0.110777,0.193525,0.647745,-0.431163
46.501036,-0.698093,0.368061,0.735447,1.111326,0.847776,1.059995,-0.428550,-0.163745,-0.590911,-0.083732,0.588957,0.461208,0.627094,-0.152988,0.878388,-0.529351,-0.867198,-2.110874,0.804359,2.831812,1.946659,-0.182806,0.529036,0.247985,0.112967,0.192917,0.644357,-0.428231
46.502052,-0.696438,0.364909,0.738111,1.107569,0.847181,1.059540,-0.427257,-0.143180,-0.565699,-0.055169,0.585924,0.459160,0.624100,-0.153092,0.878208,-0.528828,-0.866949,-2.110767,0.804551,2.832451,1.946231,-0.182490,0.525959,0.248462,0.110806,0.191952,0.644714,-0.428109
46.502960,-0.699060,0.357568,0.732794,1.104753,0.846016,1.057025,-0.429854,-0.112249,-0.525928,-0.018202,0.577299,0.456663,0.619993,-0.153197,0.878021,-0.528303,-0.866709,-2.110644,0.804745,2.833104,1.945796,-0.183585,0.527405,0.247079,0.113874,0.191977,0.645276,-0.430799
46.504009,-0.698572,0.357857,0.732091,1.107418,0.842558,1.057852,-0.430473,-0.077740,-0.480501,0.020231,0.564984,0.454177,0.615517,-0.153303,0.877839,-0.527767,-0.866455,-2.110525,0.804935,2.833753,1.945380,-0.182297,0.530123,0.249266,0.115775,0.192454,0.647509,-0.425485
46.505048,-0.705257,0.354548,0.734047,1.103539,0.839619,1.052023,-0.429632,-0.047455,-0.438928,0.052687,0.552527,0.452093,0.611673,-0.153384,0.877655,-0.527233,-0.866207,-2.110414,0.805134,2.834405,1.944961,-0.182932,0.529862,0.249556,0.112657,0.195343,0.646902,-0.424492
46.505940,-0.705763,0.351608,0.733892,1.101809,0.839012,1.046472,-0.429508,-0.025353,-0.406262,0.076387,0.543417,0.450423,0.609092,-0.153474,0.877479,-0.526704,-0.865959,-2.110293,0.805335,2.835070,1.944530,-0.179993,0.531447,0.248498,0.115938,0.197654,0.652919,-0.426337
46.507045,-0.704020,0.357825,0.737819,1.101958,0.842878,1.041575,-0.431204,-0.010973,-0.382603,0.092096,0.536943,0.449008,0.607599,-0.153639,0.877297,-0.526168,-0.865711,-2.110177,0.805530,2.835732,1.944110,-0.179777,0.531850,0.248093,0.116779,0.197473,0.658024,-0.426484
46.508052,-0.703694,0.356272,0.732910,1.101158,0.844599,1.041652,-0.431866,-0.000022,-0.363713,0.103812,0.530453,0.447556,0.606477,-0.153901,0.877114,-0.525646,-0.865469,-2.110063,0.805717,2.836407,1.943689,-0.181180,0.529109,0.246310,0.116259,0.193166,0.663244,-0.423350
46.508948,-0.703469,0.356853,0.732488,1.100137,0.845904,1.039062,-0.431354,0.011738,-0.344880,0.115414,0.522434,0.445879,0.605119,-0.154260,0.876932,-0.525112,-0.865215,-2.109946,0.805900,2.837072,1.943270,-0.181627,0.529569,0.248577,0.116440,0.190975,0.663112,-0.422168
46.510036,-0.702617,0.361278,0.729072,1.098908,0.844211,1.038059,-0.433931,0.023630,-0.325860,0.125635,0.513032,0.444201,0.603491,-0.154695,0.876752,-0.524582,-0.864967,-2.109829,0.806084,2.837732,1.942844,-0.181781,0.528299,0.248283,0.116565,0.189023,0.665309,-0.423113
46.511069,-0.702114,0.351392,0.728146,1.096882,0.842322,1.041244,-0.435400,0.035152,-0.306108,0.133383,0.501908,0.442770,0.601518,-0.155157,0.876567,-0.524064,-0.864711,-2.109708,0.806277,2.838400,1.942431,-0.182669,0.526424,0.249984,0.117254,0.190275,0.666609,-0.418196
46.511941,-0.704810,0.347038,0.724447,1.095729,0.838213,1.043046,-0.433680,0.045575,-0.286576,0.137943,0.489235,0.441770,0.599241,-0.155579,0.876384,-0.523520,-0.864457,-2.109588,0.806469,2.839057,1.942024,-0.183268,0.531133,0.250282,0.118628,0.191618,0.663528,-0.415500
46.512944,-0.704613,0.337813,0.720474,1.093338,0.836343,1.043162,-0.437212,0.050524,-0.273368,0.136179,0.477978,0.441411,0.597318,-0.155930,0.876203,-0.522980,-0.864203,-2.109467,0.806672,2.839711,1.941598,-0.181860,0.532041,0.251522,0.118749,0.194876,0.661261,-0.418854
46.513975,-0.706057,0.330533,0.720234,1.092733,0.837370,1.045761,-0.439591,0.045678,-0.271814,0.124787,0.470756,0.441822,0.596417,-0.156200,0.876019,-0.522441,-0.863945,-2.109344,0.806870,2.840381,1.941194,-0.182235,0.536273,0.253232,0.120357,0.196091,0.661119,-0.411867
46.515155,-0.711074,0.336138,0.716054,1.093553,0.838793,1.050880,-0.438687,0.001313,-0.311893,0.069822,0.472256,0.444699,0.598744,-0.156511,0.875659,-0.521364,-0.863433,-2.109108,0.807247,2.841686,1.940386,-0.180109,0.537441,0.255489,0.119217,0.192784,0.654284,-0.409733
46.516013,-0.707488,0.333225,0.709036,1.094218,0.840092,1.048708,-0.440184,0.001313,-0.311893,0.069822,0.472256,0.444699,0.598744,-0.156511,0.875659,-0.521364,-0.863433,-2.109108,0.807247,2.841686,1.940386,-0.180109,0.537441,0.255489,0.119217,0.192784,0.654284,-0.409733
46.517009,-0.707319,0.341252,0.704454,1.093924,0.842690,1.051497,-0.440120,-0.036143,-0.348783,0.027935,0.480422,0.446870,0.601915,-0.156673,0.875475,-0.520827,-0.863169,-2.108994,0.807434,2.842337,1.939989,-0.181829,0.537649,0.258232,0.117664,0.190751,0.656009,-0.406630
46.518061,-0.702787,0.347087,0.703460,1.091392,0.842287,1.050945,-0.440791,-0.078533,-0.388430,-0.020046,0.490128,0.449326,0.605710,-0.156879,0.875292,-0.520299,-0.862907,-2.108877,0.807617,2.843000,1.939580,-0.182152,0.533250,0.260155,0.117322,0.187640,0.653137,-0.406938
46.518974,-0.702712,0.350042,0.704657,1.089358,0.841577,1.058143,-0.441524,-0.145849,-0.437726,-0.107291,0.492805,0.454125,0.610631,-0.157394,0.874914,-0.519254,-0.862384,-2.108633,0.807994,2.844281,1.938774,-0.184754,0.528172,0.259249,0.120264,0.187633,0.646544,-0.404401
46.520023,-0.702044,0.344791,0.703662,1.087890,0.839521,1.057740,-0.441647,-0.145849,-0.437726,-0.107291,0.492805,0.454125,0.610631,-0.157394,0.874914,-0.519254,-0.862384,-2.108633,0.807994,2.844281,1.938774,-0.184754,0.528172,0.259249,0.120264,0.187633,0.646544,-0.404401
46.521008,-0.698533,0.344691,0.697638,1.086592,0.837197,1.059339,-0.443881,-0.161641,-0.440146,-0.136472,0.481523,0.456145,0.610668,-0.157691,0.874728,-0.518725,-0.862125,-2.108509,0.808189,2.844929,1.938368,-0.185433,0.530829,0.259586,0.121033,0.189148,0.647295,-0.404421
46.522064,-0.698717,0.341804,0.694421,1.085923,0.835306,1.060402,-0.444751,-0.169381,-0.434917,-0.157995,0.465432,0.458027,0.609693,-0.157975,0.874538,-0.518194,-0.861857,-2.108389,0.808380,2.845564,1.937982,-0.187350,0.530411,0.262156,0.121553,0.190875,0.645760,-0.400128
46.523054,-0.697394,0.343528,0.696015,1.089201,0.836415,1.060440,-0.443782,-0.173577,-0.427676,-0.176122,0.447134,0.459873,0.608343,-0.158232,0.874349,-0.517660,-0.861593,-2.108265,0.808571,2.846212,1.937582,-0.187568,0.531824,0.263539,0.121534,0.192268,0.645002,-0.398706
46.524064,-0.695032,0.345865,0.690804,1.086224,0.839365,1.056675,-0.445301,-0.176849,-0.422205,-0.192193,0.430215,0.461500,0.607213,-0.158491,0.874157,-0.517140,-0.861330,-2.108153,0.808752,2.846858,1.937177,-0.188364,0.530660,0.262335,0.117655,0.190633,0.645015,-0.400829
46.524993,-0.696305,0.351043,0.695200,1.087741,0.842508,1.053050,-0.444893,-0.178447,-0.418348,-0.204523,0.416288,0.462618,0.606422,-0.158767,0.873967,-0.516613,-0.861058,-2.108030,0.808937,2.847502,1.936788,-0.189751,0.529246,0.264536,0.119924,0.187165,0.648953,-0.397991
46.525954,-0.698603,0.358651,0.693935,1.090428,0.845380,1.053981,-0.445395,-0.175374,-0.411894,-0.210964,0.402917,0.463075,0.605524,-0.159052,0.873776,-0.516098,-0.860804,-2.107916,0.809113,2.848161,1.936381,-0.189083,0.526072,0.261837,0.117633,0.183497,0.652298,-0.398880
46.526985,-0.699057,0.360440,0.690570,1.088997,0.847589,1.052493,-0.446353,-0.165861,-0.399749,-0.209380,0.389983,0.462742,0.604315,-0.159341,0.873587,-0.515582,-0.860539,-2.107809,0.809287,2.848816,1.935988,-0.188023,0.521843,0.262014,0.114443,0.180161,0.651201,-0.398003
46.527979,-0.692006,0.357169,0.687810,1.085692,0.850864,1.050658,-0.447099,-0.151790,-0.382315,-0.201288,0.379070,0.461776,0.603041,-0.159616,0.873400,-0.515058,-0.860278,-2.107694,0.809463,2.849463,1.935586,-0.188095,0.520912,0.263456,0.115367,0.177579,0.652913,-0.396320
46.529032,-0.690381,0.353463,0.686088,1.085063,0.848567,1.048722,-0.446379,-0.135450,-0.361426,-0.190424,0.368690,0.460594,0.601699,-0.159861,0.873198,-0.514538,-0.860012,-2.107569,0.809628,2.850124,1.935197,-0.191686,0.522324,0.264427,0.117836,0.173970,0.654720,-0.395054
46.529973,-0.695564,0.344571,0.682551,1.081572,0.847278,1.052322,-0.446146,-0.117553,-0.339627,-0.178282,0.357451,0.459431,0.600077,-0.160075,0.873006,-0.514007,-0.859743,-2.107452,0.809805,2.850791,1.934797,-0.192747,0.524145,0.264997,0.117889,0.175955,0.656828,-0.396803
46.530969,-0.697942,0.339352,0.681920,1.080840,0.846653,1.052210,-0.446780,-0.102712,-0.323277,-0.168675,0.347688,0.458522,0.598662,-0.160270,0.872821,-0.513468,-0.859477,-2.107327,0.809982,2.851434,1.934403,-0.190214,0.527814,0.266218,0.120430,0.176708,0.653037,-0.397365
46.532018,-0.697720,0.339747,0.677504,1.081737,0.845140,1.051052,-0.447542,-0.098179,-0.320115,-0.167623,0.343113,0.458154,0.598421,-0.160459,0.872632,-0.512938,-0.859210,-2.107207,0.810153,2.852087,1.934008,-0.189231,0.530055,0.266100,0.120406,0.176949,0.653217,-0.396283
46.532998,-0.698872,0.339644,0.677400,1.080308,0.846539,1.047170,-0.448070,-0.106176,-0.332177,-0.176475,0.345811,0.458271,0.599803,-0.160658,0.872445,-0.512405,-0.858936,-2.107092,0.810331,2.852743,1.933620,-0.189684,0.529757,0.267973,0.118996,0.178085,0.654602,-0.395079
46.534016,-0.701041,0.343629,0.675568,1.080566,0.851137,1.045041,-0.447860,-0.123502,-0.355205,-0.192134,0.355005,0.458551,0.602601,-0.160899,0.872255,-0.511878,-0.858674,-2.106968,0.810503,2.853412,1.933227,-0.189234,0.529390,0.267600,0.119596,0.176249,0.658375,-0.394209
46.535062,-0.698687,0.347050,0.674624,1.080284,0.852177,1.038209,-0.447832,-0.145593,-0.382844,-0.210872,0.367881,0.458743,0.606386,-0.161210,0.872070,-0.511355,-0.858404,-2.106854,0.810665,2.854073,1.932836,-0.188417,0.527241,0.268138,0.118769,0.171350,0.660554,-0.394901
46.535999,-0.702488,0.343481,0.673560,1.079559,0.852321,1.030989,-0.446785,-0.167784,-0.408753,-0.228914,0.381497,0.458686,0.610633,-0.161587,0.871875,-0.510828,-0.858136,-2.106734,0.810832,2.854753,1.932441,-0.189857,0.525510,0.268312,0.118450,0.170072,0.667495,-0.395243
46.536935,-0.706267,0.335203,0.674646,1.077442,0.851388,1.030466,-0.446800,-0.187125,-0.429637,-0.243656,0.394307,0.458299,0.614890,-0.162017,0.871689,-0.510302,-0.857867,-2.106617,0.810998,2.855441,1.932036,-0.187990,0.526650,0.268233,0.118391,0.169522,0.674296,-0.397410
46.537962,-0.706233,0.327411,0.671574,1.078239,0.853320,1.027888,-0.446921,-0.205650,-0.448846,-0.256233,0.407635,0.457679,0.619275,-0.162470,0.871509,-0.509764,-0.857599,-2.106496,0.811166,2.856112,1.931642,-0.186245,0.529998,0.267088,0.119628,0.170033,0.674434,-0.397461
46.538996,-0.704442,0.318971,0.670516,1.078512,0.854555,1.027655,-0.446798,-0.257379,-0.507778,-0.286592,0.448213,0.456407,0.630258,-0.163324,0.871130,-0.508679,-0.857059,-2.106268,0.811493,2.857474,1.930846,-0.187709,0.537523,0.268450,0.117506,0.166324,0.677233,-0.397970
46.540010,-0.701380,0.318854,0.673019,1.077780,0.855894,1.029284,-0.446048,-0.257379,-0.507778,-0.286592,0.448213,0.456407,0.630258,-0.163324,0.871130,-0.508679,-0.857059,-2.106268,0.811493,2.857474,1.930846,-0.187709,0.537523,0.268450,0.117506,0.166324,0.677233,-0.397970
46.540964,-0.701778,0.322412,0.673801,1.079420,0.859138,1.036489,-0.445171,-0.291071,-0.551139,-0.303814,0.477950,0.455713,0.636781,-0.163751,0.870939,-0.508138,-0.856796,-2.106151,0.811654,2.858145,1.930442,-0.189440,0.537154,0.266854,0.117622,0.164724,0.675580,-0.399681
46.541922,-0.700230,0.324725,0.673998,1.076613,0.862613,1.035462,-0.444540,-0.322705,-0.595675,-0.315744,0.510720,0.454656,0.643113,-0.164213,0.870751,-0.507612,-0.856529,-2.106040,0.811807,2.858808,1.930035,-0.189313,0.534797,0.265934,0.115358,0.161203,0.668111,-0.401512
46.543035,-0.703706,0.329823,0.676717,1.078387,0.863853,1.034946,-0.443366,-0.347344,-0.633607,-0.318873,0.542752,0.453183,0.648689,-0.164706,0.870559,-0.507079,-0.856262,-2.105917,0.811959,2.859475,1.929633,-0.190141,0.533025,0.265313,0.117322,0.157476,0.669013,-0.402874
46.543990,-0.706074,0.325076,0.678894,1.074564,0.863911,1.033894,-0.445339,-0.362385,-0.659987,-0.312226,0.570621,0.451421,0.653097,-0.165199,0.870373,-0.506548,-0.856000,-2.105807,0.812114,2.860148,1.929219,-0.188896,0.530795,0.263920,0.115259,0.156194,0.669900,-0.405572
46.544966,-0.703613,0.321002,0.680135,1.075207,0.859384,1.038280,-0.445868,-0.368228,-0.674852,-0.296710,0.593448,0.449531,0.656266,-0.165654,0.870188,-0.506018,-0.855738,-2.105680,0.812269,2.860825,1.928820,-0.187836,0.532605,0.262364,0.118146,0.155875,0.670669,-0.401674
46.545967,-0.707725,0.318753,0.678146,1.074582,0.858801,1.038664,-0.446390,-0.367397,-0.682506,-0.274399,0.612567,0.447647,0.658430,-0.166037,0.869999,-0.505479,-0.855477,-2.105564,0.812437,2.861478,1.928425,-0.189218,0.534058,0.261349,0.116789,0.160061,0.666182,-0.400811
46.546999,-0.714861,0.315242,0.680168,1.072762,0.859837,1.039061,-0.448214,-0.361798,-0.697357,-0.224174,0.649793,0.444324,0.661404,-0.166561,0.869636,-0.504410,-0.854958,-2.105326,0.812751,2.862799,1.927635,-0.184196,0.536357,0.260789,0.117911,0.159125,0.665564,-0.396568
46.548008,-0.713800,0.316627,0.677937,1.072896,0.857948,1.044033,-0.447700,-0.361798,-0.697357,-0.224174,0.649793,0.444324,0.661404,-0.166561,0.869636,-0.504410,-0.854958,-2.105326,0.812751,2.862799,1.927635,-0.184196,0.536357,0.260789,0.117911,0.159125,0.665564,-0.396568
46.549124,-0.710265,0.331935,0.681004,1.071733,0.861641,1.048990,-0.447232,-0.365164,-0.711631,-0.205199,0.670124,0.443178,0.662811,-0.166719,0.869450,-0.503874,-0.854699,-2.105209,0.812914,2.863451,1.927238,-0.185010,0.535284,0.261632,0.117130,0.160760,0.660628,-0.397858
46.550096,-0.711996,0.338735,0.687488,1.072244,0.863630,1.050693,-0.449539,-0.368329,-0.724047,-0.187494,0.688200,0.442154,0.663508,-0.166844,0.869256,-0.503364,-0.854442,-2.105087,0.813061,2.864099,1.926835,-0.187208,0.528173,0.260115,0.117788,0.157030,0.656205,-0.399179
46.551017,-0.711188,0.339098,0.688034,1.071841,0.863328,1.053948,-0.448099,-0.340063,-0.703338,-0.124828,0.701825,0.438804,0.659077,-0.167101,0.868881,-0.502331,-0.853939,-2.104857,0.813367,2.865383,1.926044,-0.186879,0.523670,0.255867,0.116243,0.154844,0.651054,-0.397685
46.552120,-0.706409,0.342788,0.684420,1.070216,0.861232,1.061245,-0.449449,-0.340063,-0.703338,-0.124828,0.701825,0.438804,0.659077,-0.167101,0.868881,-0.502331,-0.853939,-2.104857,0.813367,2.865383,1.926044,-0.186879,0.523670,0.255867,0.116243,0.154844,0.651054,-0.397685
46.553026,-0.710511,0.336724,0.686849,1.069122,0.859647,1.062363,-0.450968,-0.308762,-0.671810,-0.079148,0.699400,0.436533,0.654424,-0.167231,0.868685,-0.501807,-0.853680,-2.104735,0.813529,2.866010,1.925658,-0.189656,0.522183,0.257676,0.117334,0.156804,0.644330,-0.395360
46.554028,-0.714095,0.328971,0.686406,1.065912,0.856575,1.061606,-0.448818,-0.272745,-0.634149,-0.031083,0.693490,0.434330,0.649271,-0.167336,0.868504,-0.501277,-0.853432,-2.104618,0.813691,2.866645,1.925267,-0.187611,0.524343,0.255993,0.117548,0.157971,0.643044,-0.392369
46.555013,-0.712066,0.329152,0.685829,1.065775,0.853992,1.060603,-0.447941,-0.239060,-0.599458,0.013060,0.687452,0.432484,0.644628,-0.167429,0.868322,-0.500744,-0.853173,-2.104495,0.813856,2.867295,1.924859,-0.186098,0.527877,0.255922,0.120003,0.160742,0.643885,-0.396907
46.556020,-0.716618,0.320976,0.684892,1.064312,0.853950,1.059731,-0.448762,-0.212023,-0.573608,0.049597,0.683234,0.431080,0.641023,-0.167550,0.868134,-0.500214,-0.852917,-2.104378,0.814021,2.867939,1.924455,-0.187313,0.527324,0.255887,0.119425,0.162981,0.644929,-0.398778
46.557008,-0.719497,0.326678,0.687767,1.062602,0.856689,1.058903,-0.448695,-0.192705,-0.558049,0.077555,0.681483,0.430022,0.638534,-0.167711,0.867952,-0.499681,-0.852662,-2.104257,0.814185,2.868589,1.924057,-0.185295,0.531127,0.256127,0.120150,0.162698,0.645890,-0.397314
46.558004,-0.719568,0.329660,0.687980,1.061944,0.860231,1.059253,-0.449018,-0.181311,-0.552369,0.096714,0.682146,0.429234,0.637055,-0.167916,0.867770,-0.499157,-0.852409,-2.104132,0.814336,2.869238,1.923659,-0.184107,0.527870,0.254388,0.120995,0.159738,0.646732,-0.397639
46.558935,-0.719632,0.324628,0.685510,1.060991,0.860812,1.059998,-0.448467,-0.167302,-0.547780,0.120963,0.680760,0.427998,0.634582,-0.168472,0.867403,-0.498102,-0.851902,-2.103888,0.814640,2.870528,1.922864,-0.184387,0.527898,0.254858,0.120903,0.155166,0.645514,-0.398371
46.560109,-0.722725,0.327200,0.681912,1.059731,0.861267,1.062842,-0.449094,-0.167302,-0.547780,0.120963,0.680760,0.427998,0.634582,-0.168472,0.867403,-0.498102,-0.851902,-2.103888,0.814640,2.870528,1.922864,-0.184387,0.527898,0.254858,0.120903,0.155166,0.645514,-0.398371
46.560991,-0.722127,0.322021,0.679517,1.054268,0.857955,1.062002,-0.448393,-0.164191,-0.546864,0.125800,0.678456,0.427814,0.633441,-0.168766,0.867222,-0.497572,-0.851642,-2.103765,0.814798,2.871169,1.922472,-0.183541,0.527302,0.256835,0.121757,0.154696,0.643461,-0.397631
46.562012,-0.720489,0.319015,0.681002,1.052285,0.854436,1.058326,-0.449306,-0.166137,-0.548327,0.122265,0.674544,0.428339,0.632653,-0.169002,0.867037,-0.497035,-0.851386,-2.103631,0.814963,2.871814,1.922071,-0.183804,0.528778,0.257409,0.125935,0.157571,0.643949,-0.399028
46.563004,-0.718639,0.311568,0.678754,1.051680,0.850905,1.055709,-0.451902,-0.170483,-0.550035,0.112588,0.666627,0.429526,0.631921,-0.169172,0.866849,-0.496507,-0.851131,-2.103502,0.815127,2.872476,1.921672,-0.184887,0.530104,0.256448,0.126977,0.160808,0.647728,-0.397402
46.563972,-0.719902,0.309340,0.679340,1.048965,0.850262,1.050691,-0.452756,-0.177917,-0.556218,0.088861,0.644344,0.432467,0.630596,-0.169324,0.866478,-0.495435,-0.850615,-2.103243,0.815461,2.873798,1.920902,-0.185523,0.533870,0.256572,0.128314,0.164232,0.655205,-0.390929
46.565001,-0.727248,0.312252,0.680297,1.049299,0.852377,1.041258,-0.453139,-0.177917,-0.556218,0.088861,0.644344,0.432467,0.630596,-0.169324,0.866478,-0.495435,-0.850615,-2.103243,0.815461,2.873798,1.920902,-0.185523,0.533870,0.256572,0.128314,0.164232,0.655205,-0.390929
46.565998,-0.727019,0.318494,0.671629,1.049090,0.856099,1.037034,-0.453468,-0.180948,-0.561923,0.076749,0.633158,0.433762,0.630243,-0.169382,0.866304,-0.494906,-0.850360,-2.103119,0.815618,2.874469,1.920518,-0.182262,0.532240,0.255907,0.127201,0.161883,0.664728,-0.390473
46.567001,-0.726154,0.323510,0.669786,1.047466,0.861168,1.036269,-0.453889,-0.187068,-0.565142,0.047016,0.607803,0.436037,0.629447,-0.169711,0.865935,-0.493862,-0.849829,-2.102862,0.815910,2.875822,1.919738,-0.183344,0.526135,0.260409,0.127197,0.152810,0.669434,-0.389431
46.568044,-0.727100,0.328187,0.669669,1.045671,0.861667,1.035451,-0.454496,-0.187068,-0.565142,0.047016,0.607803,0.436037,0.629447,-0.169711,0.865935,-0.493862,-0.849829,-2.102862,0.815910,2.875822,1.919738,-0.183344,0.526135,0.260409,0.127197,0.152810,0.669434,-0.389431
46.569091,-0.724326,0.326330,0.664675,1.043857,0.861597,1.035921,-0.454180,-0.186929,-0.554482,0.030264,0.589666,0.437176,0.628275,-0.169981,0.865755,-0.493343,-0.849567,-2.102733,0.816065,2.876486,1.919355,-0.183265,0.523854,0.260224,0.128150,0.152197,0.670397,-0.388546
46.569992,-0.723452,0.324324,0.667332,1.040016,0.861675,1.035743,-0.456272,-0.182282,-0.534196,0.015061,0.567161,0.438359,0.626245,-0.170296,0.865565,-0.492821,-0.849301,-2.102601,0.816221,2.877158,1.918960,-0.184968,0.524865,0.262492,0.129056,0.152107,0.670033,-0.389490
46.571005,-0.716603,0.321119,0.663081,1.038508,0.857500,1.040363,-0.457453,-0.160645,-0.476851,-0.007614,0.514105,0.441015,0.620013,-0.170849,0.865183,-0.491764,-0.848779,-2.102331,0.816534,2.878495,1.918204,-0.188966,0.526318,0.262365,0.132032,0.155662,0.665101,-0.383313
46.572066,-0.720621,0.320633,0.663431,1.037094,0.856769,1.037320,-0.457067,-0.160645,-0.476851,-0.007614,0.514105,0.441015,0.620013,-0.170849,0.865183,-0.491764,-0.848779,-2.102331,0.816534,2.878495,1.918204,-0.188966,0.526318,0.262365,0.132032,0.155662,0.665101,-0.383313
46.572939,-0.719295,0.318903,0.655776,1.034625,0.857410,1.036485,-0.457181,-0.144121,-0.445665,-0.013309,0.486966,0.442288,0.616226,-0.171034,0.864999,-0.491242,-0.848517,-2.102195,0.816693,2.879172,1.917813,-0.187301,0.526676,0.261991,0.132488,0.156190,0.668364,-0.384453
46.574159,-0.717541,0.326549,0.659064,1.032083,0.860845,1.039588,-0.457566,-0.127931,-0.417840,-0.018910,0.462118,0.443574,0.612572,-0.171186,0.864809,-0.490714,-0.848241,-2.102062,0.816844,2.879836,1.917433,-0.187858,0.526465,0.264989,0.133639,0.155181,0.668639,-0.384250
46.574927,-0.717359,0.328220,0.659135,1.031765,0.864523,1.042656,-0.457071,-0.093843,-0.364933,-0.029634,0.413724,0.445906,0.605015,-0.171423,0.864428,-0.489682,-0.847719,-2.101788,0.817123,2.881160,1.916656,-0.189132,0.521385,0.262572,0.134180,0.147897,0.662360,-0.384928
46.576083,-0.718264,0.336355,0.660938,1.031584,0.863610,1.044137,-0.458139,-0.069586,-0.332926,-0.027113,0.389339,0.446422,0.600499,-0.171567,0.864242,-0.489170,-0.847457,-2.101657,0.817278,2.881812,1.916279,-0.189294,0.518124,0.261760,0.133718,0.148844,0.661572,-0.383328
46.576969,-0.720287,0.336868,0.660961,1.028548,0.865464,1.045320,-0.458131,-0.069586,-0.332926,-0.027113,0.389339,0.446422,0.600499,-0.171567,0.864242,-0.489170,-0.847457,-2.101657,0.817278,2.881812,1.916279,-0.189294,0.518124,0.261760,0.133718,0.148844,0.661572,-0.383328
46.578028,-0.722624,0.334737,0.657242,1.028560,0.864757,1.049042,-0.459465,-0.040161,-0.296530,-0.017900,0.366001,0.446458,0.595481,-0.171735,0.864055,-0.488660,-0.847199,-2.101517,0.817420,2.882468,1.915895,-0.188205,0.517108,0.261134,0.135332,0.146724,0.659956,-0.383412
46.578965,-0.718476,0.328322,0.652191,1.026412,0.862892,1.051600,-0.459769,0.014307,-0.231406,0.001660,0.330057,0.446485,0.586335,-0.172019,0.863676,-0.487609,-0.846666,-2.101250,0.817722,2.883759,1.915143,-0.189495,0.520833,0.264724,0.135368,0.148971,0.653821,-0.380690
46.579990,-0.719611,0.321774,0.648377,1.021451,0.860181,1.053450,-0.459318,0.014307,-0.231406,0.001660,0.330057,0.446485,0.586335,-0.172019,0.863676,-0.487609,-0.846666,-2.101250,0.817722,2.883759,1.915143,-0.189495,0.520833,0.264724,0.135368,0.148971,0.653821,-0.380690
46.580986,-0.720920,0.321074,0.652155,1.020258,0.860474,1.054030,-0.460258,0.028744,-0.215819,0.001440,0.321529,0.447132,0.583585,-0.172087,0.863486,-0.487083,-0.846395,-2.101103,0.817878,2.884410,1.914754,-0.189136,0.523979,0.266244,0.139038,0.151504,0.652132,-0.381884
46.582033,-0.726992,0.317745,0.653548,1.017528,0.862554,1.058950,-0.461007,0.033896,-0.213466,-0.006621,0.318017,0.448221,0.582143,-0.172128,0.863298,-0.486559,-0.846134,-2.100965,0.818028,2.885052,1.914375,-0.188677,0.524014,0.263970,0.139016,0.151009,0.651660,-0.380245
46.582978,-0.726944,0.320813,0.648304,1.016282,0.863366,1.058090,-0.460432,0.031973,-0.222340,-0.019436,0.319137,0.449422,0.581919,-0.172167,0.863116,-0.486035,-0.845874,-2.100822,0.818174,2.885698,1.913997,-0.186009,0.525707,0.263105,0.140590,0.148843,0.646966,-0.379108
46.583922,-0.729414,0.318651,0.650554,1.014068,0.865859,1.056555,-0.460154,0.023665,-0.240163,-0.036224,0.324431,0.450577,0.582954,-0.172237,0.862932,-0.485511,-0.845603,-2.100684,0.818316,2.886350,1.913617,-0.186175,0.523543,0.265148,0.140544,0.147877,0.647709,-0.380456
46.585015,-0.729323,0.322881,0.646140,1.013409,0.867409,1.055674,-0.458784,0.010563,-0.262928,-0.056349,0.331998,0.451620,0.584996,-0.172383,0.862750,-0.484984,-0.845345,-2.100540,0.818457,2.886997,1.913235,-0.185062,0.524017,0.263524,0.141339,0.145220,0.649110,-0.381167
46.586005,-0.728665,0.316245,0.641452,1.012591,0.868139,1.058325,-0.458631,-0.021943,-0.310698,-0.100350,0.349109,0.453283,0.590764,-0.172902,0.862375,-0.483930,-0.844799,-2.100261,0.818741,2.888294,1.912461,-0.186081,0.525143,0.267390,0.140611,0.142895,0.647765,-0.384839
46.587060,-0.730785,0.308534,0.643005,1.012024,0.866635,1.055507,-0.457784,-0.021943,-0.310698,-0.100350,0.349109,0.453283,0.590764,-0.172902,0.862375,-0.483930,-0.844799,-2.100261,0.818741,2.888294,1.912461,-0.186081,0.525143,0.267390,0.140611,0.142895,0.647765,-0.384839
46.587960,-0.732222,0.304051,0.637919,1.010260,0.864217,1.054843,-0.456016,-0.044568,-0.339923,-0.126707,0.361711,0.454275,0.594793,-0.173162,0.862192,-0.483397,-0.844535,-2.100120,0.818887,2.888952,1.912063,-0.185407,0.528974,0.266373,0.140063,0.144360,0.650872,-0.386844
46.589004,-0.731575,0.294890,0.640050,1.008165,0.863700,1.053112,-0.456428,-0.074196,-0.378084,-0.157056,0.380362,0.455523,0.599847,-0.173391,0.862008,-0.482860,-0.844263,-2.099977,0.819039,2.889610,1.911670,-0.184685,0.530168,0.268196,0.140340,0.146464,0.651126,-0.390431
46.589997,-0.729023,0.294794,0.639074,1.010274,0.863631,1.054541,-0.455182,-0.110176,-0.425081,-0.190598,0.404538,0.457031,0.605727,-0.173614,0.861823,-0.482313,-0.844002,-2.099833,0.819190,2.890274,1.911283,-0.185378,0.534510,0.266886,0.141242,0.146845,0.653019,-0.389884
46.591006,-0.732920,0.300103,0.637501,1.006084,0.861642,1.050981,-0.452975,-0.149257,-0.478584,-0.223756,0.433471,0.458571,0.612113,-0.173826,0.861632,-0.481783,-0.843733,-2.099701,0.819335,2.890917,1.910884,-0.186806,0.534134,0.266933,0.138064,0.146787,0.651633,-0.392593
46.591920,-0.730007,0.302449,0.638632,1.003006,0.861249,1.046384,-0.452429,-0.186584,-0.532119,-0.252427,0.464432,0.459886,0.618497,-0.174059,0.861451,-0.481254,-0.843462,-2.099555,0.819489,2.891579,1.910478,-0.185131,0.531179,0.267301,0.140993,0.148600,0.655264,-0.397201
46.593001,-0.735901,0.311058,0.639024,1.003483,0.861761,1.042335,-0.451468,-0.216191,-0.575449,-0.273342,0.490419,0.460877,0.624003,-0.174341,0.861260,-0.480723,-0.843199,-2.099412,0.819638,2.892242,1.910075,-0.186581,0.529155,0.266121,0.142585,0.148700,0.659511,-0.398286
46.593997,-0.732041,0.307736,0.641332,0.998134,0.859214,1.037597,-0.452959,-0.233492,-0.601370,-0.283501,0.506834,0.461423,0.628041,-0.174633,0.861080,-0.480211,-0.842934,-2.099273,0.819784,2.892921,1.909666,-0.184085,0.525203,0.265767,0.141073,0.148161,0.663762,-0.400514
46.595077,-0.740802,0.309044,0.638509,0.999271,0.854423,1.031597,-0.451667,-0.230842,-0.601804,-0.270835,0.512052,0.461143,0.631878,-0.175115,0.860716,-0.479159,-0.842404,-2.098981,0.820104,2.894277,1.908867,-0.182362,0.526134,0.265501,0.142749,0.155121,0.674611,-0.400639
46.595999,-0.738282,0.303402,0.638476,0.995905,0.850582,1.027291,-0.452214,-0.230842,-0.601804,-0.270835,0.512052,0.461143,0.631878,-0.175115,0.860716,-0.479159,-0.842404,-2.098981,0.820104,2.894277,1.908867,-0.182362,0.526134,0.265501,0.142749,0.155121,0.674611,-0.400639
46.597074,-0.740209,0.301558,0.635156,0.995901,0.850945,1.029429,-0.455761,-0.220049,-0.588788,-0.255759,0.507363,0.460650,0.632661,-0.175271,0.860533,-0.478626,-0.842141,-2.098835,0.820265,2.894958,1.908476,-0.183737,0.528135,0.264920,0.144632,0.158571,0.678460,-0.399592
46.597963,-0.738380,0.304762,0.637309,0.996606,0.851697,1.024305,-0.453570,-0.209591,-0.575953,-0.240445,0.503011,0.460092,0.633418,-0.175343,0.860349,-0.478093,-0.841875,-2.098693,0.820423,2.895639,1.908092,-0.183197,0.529122,0.266414,0.143513,0.158019,0.676430,-0.392825
46.598949,-0.741133,0.307783,0.642718,0.996037,0.850346,1.023992,-0.452311,-0.200350,-0.565262,-0.225191,0.501212,0.459392,0.634271,-0.175360,0.860164,-0.477575,-0.841610,-2.098552,0.820579,2.896334,1.907682,-0.184081,0.526627,0.264610,0.141351,0.156882,0.680970,-0.397272
46.600004,-0.744787,0.315775,0.640872,0.994973,0.851366,1.025287,-0.455848,-0.188743,-0.553505,-0.205539,0.502604,0.458213,0.634820,-0.175385,0.859984,-0.477052,-0.841352,-2.098413,0.820739,2.897013,1.907276,-0.182952,0.524787,0.261558,0.140712,0.157963,0.681068,-0.399910
46.601032,-0.743015,0.322321,0.645161,0.997088,0.852353,1.028908,-0.456147,-0.171858,-0.536707,-0.178643,0.505815,0.456389,0.634656,-0.175432,0.859803,-0.476546,-0.841092,-2.098273,0.820894,2.897695,1.906896,-0.181545,0.521059,0.262344,0.140688,0.156781,0.679842,-0.393109
46.602046,-0.749971,0.324018,0.648016,0.994418,0.850986,1.026263,-0.455356,-0.149680,-0.512882,-0.145282,0.509786,0.454030,0.633788,-0.175485,0.859617,-0.476034,-0.840835,-2.098142,0.821045,2.898368,1.906506,-0.182756,0.517842,0.259958,0.137620,0.155656,0.676232,-0.392852
46.603061,-0.751813,0.318323,0.645594,0.992265,0.848046,1.028072,-0.457562,-0.093375,-0.448613,-0.063459,0.520908,0.448308,0.630719,-0.175643,0.859268,-0.474995,-0.840323,-2.097858,0.821368,2.899718,1.905731,-0.179134,0.519657,0.259316,0.140056,0.159476,0.677022,-0.390514
46.604013,-0.755818,0.316104,0.643158,0.992720,0.848506,1.031409,-0.458359,-0.093375,-0.448613,-0.063459,0.520908,0.448308,0.630719,-0.175643,0.859268,-0.474995,-0.840323,-2.097858,0.821368,2.899718,1.905731,-0.179134,0.519657,0.259316,0.140056,0.159476,0.677022,-0.390514
46.604981,-0.754275,0.317864,0.642718,0.989153,0.845341,1.034647,-0.458289,-0.070948,-0.421928,-0.027381,0.530668,0.445810,0.629820,-0.175692,0.859095,-0.474471,-0.840061,-2.097724,0.821527,2.900379,1.905351,-0.177381,0.520197,0.260052,0.138412,0.158655,0.673470,-0.389131
46.606044,-0.756230,0.315363,0.649752,0.986122,0.847306,1.036262,-0.457831,-0.057795,-0.404961,-0.000526,0.544572,0.443882,0.629947,-0.175701,0.858914,-0.473949,-0.839803,-2.097580,0.821698,2.901042,1.904957,-0.178387,0.518864,0.259875,0.140630,0.161437,0.670092,-0.389442
46.607046,-0.756199,0.315820,0.647953,0.987670,0.849929,1.041132,-0.458276,-0.041869,-0.384989,0.041789,0.573231,0.440669,0.630560,-0.175783,0.858560,-0.472909,-0.839291,-2.097300,0.822001,2.902360,1.904176,-0.178247,0.519863,0.256897,0.139805,0.156509,0.663860,-0.390030
46.608076,-0.754465,0.316611,0.649625,0.983745,0.851169,1.048116,-0.459108,-0.041869,-0.384989,0.041789,0.573231,0.440669,0.630560,-0.175783,0.858560,-0.472909,-0.839291,-2.097300,0.822001,2.902360,1.904176,-0.178247,0.519863,0.256897,0.139805,0.156509,0.663860,-0.390030
46.608978,-0.757421,0.312590,0.647998,0.983013,0.853593,1.050537,-0.458302,-0.034984,-0.379509,0.062009,0.587222,0.439003,0.630487,-0.175858,0.858377,-0.472395,-0.839040,-2.097155,0.822152,2.903009,1.903789,-0.179457,0.519504,0.255914,0.142514,0.155148,0.657044,-0.388650
46.609957,-0.755945,0.316486,0.648873,0.982090,0.852914,1.052521,-0.459068,-0.024690,-0.375389,0.096615,0.611650,0.436116,0.629755,-0.176035,0.858019,-0.471350,-0.838531,-2.096874,0.822458,2.904299,1.903013,-0.179050,0.518346,0.255450,0.141469,0.152866,0.652391,-0.388991
46.611124,-0.758420,0.309277,0.649997,0.979296,0.852016,1.056332,-0.459835,-0.021695,-0.376547,0.110239,0.621989,0.435089,0.629307,-0.176102,0.857839,-0.470823,-0.838274,-2.096726,0.822614,2.904952,1.902623,-0.178506,0.522717,0.255067,0.143226,0.153770,0.649271,-0.387987
46.612007,-0.756943,0.303962,0.645396,0.977142,0.852690,1.058051,-0.459132,-0.021695,-0.376547,0.110239,0.621989,0.435089,0.629307,-0.176102,0.857839,-0.470823,-0.838274,-2.096726,0.822614,2.904952,1.902623,-0.178506,0.522717,0.255067,0.143226,0.153770,0.649271,-0.387987
46.612999,-0.760306,0.301304,0.645326,0.977564,0.852771,1.053114,-0.460542,-0.022147,-0.382962,0.119417,0.631697,0.434517,0.629216,-0.176155,0.857660,-0.470295,-0.838012,-2.096580,0.822766,2.905589,1.902230,-0.179282,0.524332,0.256710,0.143790,0.152726,0.647241,-0.389427
46.614071,-0.760724,0.294741,0.647664,0.976810,0.853366,1.052963,-0.460532,-0.028714,-0.397545,0.121372,0.641898,0.434562,0.629861,-0.176208,0.857484,-0.469768,-0.837758,-2.096441,0.822917,2.906248,1.901845,-0.177895,0.525315,0.256460,0.142143,0.152464,0.652220,-0.386799
46.614946,-0.763599,0.294395,0.642200,0.975846,0.854655,1.052169,-0.459787,-0.059638,-0.452407,0.106663,0.668557,0.435966,0.633399,-0.176359,0.857131,-0.468704,-0.837249,-2.096164,0.823214,2.907547,1.901067,-0.176801,0.527715,0.257387,0.141422,0.150196,0.653039,-0.388720
46.616061,-0.759072,0.302080,0.638913,0.976504,0.856248,1.056345,-0.461679,-0.059638,-0.452407,0.106663,0.668557,0.435966,0.633399,-0.176359,0.857131,-0.468704,-0.837249,-2.096164,0.823214,2.907547,1.901067,-0.176801,0.527715,0.257387,0.141422,0.150196,0.653039,-0.388720
46.617004,-0.757963,0.307069,0.635086,0.973737,0.858679,1.053279,-0.459888,-0.081771,-0.487454,0.091323,0.683100,0.437169,0.635885,-0.176479,0.856945,-0.468190,-0.836988,-2.096025,0.823358,2.908189,1.900690,-0.179619,0.524395,0.259015,0.139819,0.148642,0.649385,-0.385372
46.617972,-0.757243,0.310408,0.635048,0.973233,0.860849,1.052049,-0.459674,-0.102387,-0.516731,0.074226,0.692972,0.438582,0.637895,-0.176632,0.856765,-0.467672,-0.836722,-2.095882,0.823500,2.908840,1.900299,-0.180314,0.521373,0.260365,0.141206,0.146041,0.652348,-0.389149
46.619107,-0.759366,0.307926,0.635763,0.971887,0.860474,1.053810,-0.461399,-0.123656,-0.538324,0.047938,0.688132,0.441671,0.638158,-0.176988,0.856401,-0.466637,-0.836204,-2.095597,0.823784,2.910149,1.899524,-0.180395,0.521248,0.259678,0.140740,0.144235,0.652245,-0.386722
46.620035,-0.758679,0.309567,0.632782,0.969378,0.859657,1.055735,-0.461667,-0.123656,-0.538324,0.047938,0.688132,0.441671,0.638158,-0.176988,0.856401,-0.466637,-0.836204,-2.095597,0.823784,2.910149,1.899524,-0.180395,0.521248,0.259678,0.140740,0.144235,0.652245,-0.386722
46.621072,-0.756713,0.311543,0.628166,0.968278,0.858367,1.054420,-0.462765,-0.126565,-0.536591,0.038828,0.677248,0.443358,0.636933,-0.177129,0.856219,-0.466119,-0.835943,-2.095452,0.823931,2.910785,1.899143,-0.180846,0.519768,0.260647,0.141774,0.144824,0.650169,-0.386350
46.622006,-0.752047,0.311036,0.630580,0.966800,0.861667,1.052057,-0.463705,-0.126706,-0.530059,0.030415,0.662258,0.445223,0.635257,-0.177239,0.856035,-0.465606,-0.835677,-2.095310,0.824077,2.911441,1.898763,-0.182175,0.518872,0.262674,0.141691,0.146039,0.651689,-0.384471
46.622971,-0.756493,0.311299,0.623933,0.966279,0.862150,1.053091,-0.464555,-0.114485,-0.502404,0.020550,0.621452,0.448740,0.630620,-0.177460,0.855669,-0.464568,-0.835152,-2.095028,0.824354,2.912756,1.897999,-0.182538,0.517981,0.263817,0.141019,0.142000,0.652623,-0.381236
46.624023,-0.753501,0.319931,0.624612,0.967360,0.864076,1.047323,-0.465126,-0.114485,-0.502404,0.020550,0.621452,0.448740,0.630620,-0.177460,0.855669,-0.464568,-0.835152,-2.095028,0.824354,2.912756,1.897999,-0.182538,0.517981,0.263817,0.141019,0.142000,0.652623,-0.381236
46.625075,-0.757099,0.321259,0.630917,0.968989,0.865879,1.045988,-0.464373,-0.104570,-0.484819,0.017694,0.599254,0.450165,0.628197,-0.177609,0.855480,-0.464067,-0.834888,-2.094891,0.824488,2.913431,1.897624,-0.184389,0.513965,0.263213,0.138910,0.140126,0.658579,-0.380481
46.626012,-0.757538,0.326088,0.628252,0.966391,0.868747,1.045415,-0.465985,-0.090984,-0.464177,0.018666,0.578242,0.450996,0.625643,-0.177820,0.855302,-0.463554,-0.834631,-2.094759,0.824623,2.914103,1.897241,-0.183002,0.513521,0.259885,0.136381,0.138375,0.660000,-0.382364
46.627100,-0.758500,0.324593,0.627162,0.965244,0.871513,1.045641,-0.468080,-0.071841,-0.439947,0.026660,0.559513,0.450971,0.622743,-0.178103,0.855119,-0.463054,-0.834370,-2.094619,0.824752,2.914763,1.896865,-0.182910,0.510730,0.260752,0.137677,0.135456,0.660317,-0.379262
46.628078,-0.763710,0.319077,0.626608,0.963044,0.872643,1.040820,-0.467771,-0.049576,-0.413852,0.038607,0.542329,0.450410,0.619602,-0.178417,0.854937,-0.462538,-0.834108,-2.094482,0.824878,2.915421,1.896499,-0.182915,0.511882,0.261197,0.137861,0.132875,0.660448,-0.375549
46.628979,-0.764232,0.315712,0.621168,0.960372,0.869045,1.039205,-0.468542,-0.029229,-0.391173,0.049028,0.527336,0.449797,0.616637,-0.178708,0.854759,-0.462018,-0.833850,-2.094342,0.825007,2.916096,1.896121,-0.180549,0.514302,0.261112,0.138825,0.131772,0.665137,-0.376449
46.629986,-0.762177,0.316852,0.622588,0.959509,0.868933,1.038975,-0.468040,-0.009711,-0.374617,0.050048,0.508886,0.449658,0.612719,-0.179175,0.854395,-0.460988,-0.833318,-2.094061,0.825281,2.917430,1.895373,-0.181683,0.514522,0.262063,0.139716,0.135296,0.666487,-0.376335
46.630998,-0.763972,0.313841,0.620629,0.957963,0.870901,1.037349,-0.469782,-0.009711,-0.374617,0.050048,0.508886,0.449658,0.612719,-0.179175,0.854395,-0.460988,-0.833318,-2.094061,0.825281,2.917430,1.895373,-0.181683,0.514522,0.262063,0.139716,0.135296,0.666487,-0.376335
46.631935,-0.762256,0.314186,0.620206,0.956480,0.872414,1.036362,-0.470601,-0.007010,-0.377682,0.044281,0.504361,0.449904,0.611467,-0.179324,0.854215,-0.460474,-0.833054,-2.093920,0.825411,2.918110,1.895005,-0.181093,0.515977,0.262723,0.140055,0.133358,0.668050,-0.373144
46.632983,-0.765229,0.318425,0.618082,0.956775,0.873086,1.037499,-0.469388,-0.006184,-0.385639,0.037543,0.502397,0.450100,0.610460,-0.179409,0.854031,-0.459957,-0.832792,-2.093781,0.825538,2.918776,1.894636,-0.182060,0.515222,0.262399,0.140220,0.131826,0.668746,-0.371722
46.633984,-0.766317,0.319095,0.614925,0.953176,0.875298,1.043278,-0.471127,-0.006132,-0.396045,0.030806,0.502301,0.450169,0.609573,-0.179492,0.853854,-0.459442,-0.832530,-2.093644,0.825666,2.919434,1.894256,-0.181001,0.513231,0.263260,0.138888,0.131283,0.667798,-0.374546
46.634943,-0.767742,0.316668,0.612240,0.952277,0.876336,1.043125,-0.470641,-0.010995,-0.417876,0.012246,0.503827,0.450443,0.608314,-0.179720,0.853495,-0.458418,-0.831997,-2.093363,0.825913,2.920744,1.893516,-0.180261,0.513651,0.265266,0.140865,0.128171,0.662079,-0.372569
46.636031,-0.768593,0.309696,0.612454,0.952430,0.876797,1.049887,-0.468848,-0.010995,-0.417876,0.012246,0.503827,0.450443,0.608314,-0.179720,0.853495,-0.458418,-0.831997,-2.093363,0.825913,2.920744,1.893516,-0.180261,0.513651,0.265266,0.140865,0.128171,0.662079,-0.372569
46.636966,-0.770493,0.308004,0.610285,0.951509,0.877803,1.053235,-0.468788,-0.020308,-0.433593,-0.003574,0.506870,0.451015,0.608429,-0.179849,0.853311,-0.457889,-0.831733,-2.093226,0.826039,2.921395,1.893133,-0.180306,0.517371,0.265034,0.139766,0.127900,0.655658,-0.376596
46.637980,-0.770374,0.303661,0.611945,0.949419,0.877850,1.056769,-0.467523,-0.037164,-0.458349,-0.024480,0.515758,0.451912,0.609624,-0.179974,0.853132,-0.457374,-0.831465,-2.093089,0.826165,2.922045,1.892750,-0.179509,0.517644,0.265518,0.139418,0.126875,0.652143,-0.376823
46.639016,-0.765546,0.304584,0.613918,0.948945,0.879502,1.056267,-0.467963,-0.084983,-0.528253,-0.071300,0.547904,0.454106,0.614743,-0.180149,0.852765,-0.456334,-0.830943,-2.092809,0.826414,2.923337,1.891986,-0.182651,0.519226,0.263158,0.139682,0.125411,0.649519,-0.379075
46.640050,-0.766787,0.306415,0.610648,0.945135,0.879311,1.057363,-0.466534,-0.084983,-0.528253,-0.071300,0.547904,0.454106,0.614743,-0.180149,0.852765,-0.456334,-0.830943,-2.092809,0.826414,2.923337,1.891986,-0.182651,0.519226,0.263158,0.139682,0.125411,0.649519,-0.379075
46.641073,-0.767669,0.305664,0.612109,0.942832,0.882473,1.058453,-0.465368,-0.104621,-0.561273,-0.086948,0.564018,0.454820,0.617322,-0.180254,0.852587,-0.455815,-0.830678,-2.092664,0.826542,2.923979,1.891600,-0.182402,0.518304,0.264528,0.142286,0.125722,0.648651,-0.382274
46.642019,-0.767319,0.306429,0.609541,0.944161,0.884129,1.061122,-0.465290,-0.118118,-0.586600,-0.096274,0.574857,0.455294,0.619320,-0.180400,0.852405,-0.455292,-0.830419,-2.092521,0.826661,2.924627,1.891199,-0.182292,0.518578,0.263532,0.143351,0.122698,0.647717,-0.384826
46.642956,-0.768047,0.309382,0.612356,0.942710,0.882969,1.057868,-0.462722,-0.127126,-0.604773,-0.101236,0.580750,0.455651,0.620965,-0.180562,0.852220,-0.454780,-0.830154,-2.092384,0.826778,2.925272,1.890810,-0.182579,0.517744,0.264295,0.140717,0.121149,0.644906,-0.385096
46.643919,-0.764845,0.308711,0.613653,0.940526,0.885465,1.056440,-0.462691,-0.132011,-0.616327,-0.101394,0.584072,0.455794,0.622468,-0.180698,0.852038,-0.454266,-0.829893,-2.092245,0.826902,2.925914,1.890414,-0.182329,0.515729,0.262359,0.140894,0.122339,0.648079,-0.390372
46.645115,-0.768385,0.313039,0.615136,0.941701,0.884882,1.054712,-0.462921,-0.130088,-0.618901,-0.093866,0.584425,0.455533,0.623521,-0.180779,0.851850,-0.453755,-0.829637,-2.092100,0.827016,2.926570,1.890020,-0.184055,0.515757,0.261334,0.141688,0.119960,0.649367,-0.390531
46.646079,-0.772555,0.315121,0.618245,0.941848,0.883930,1.054154,-0.462594,-0.120210,-0.612034,-0.077502,0.581517,0.454809,0.623929,-0.180783,0.851668,-0.453240,-0.829378,-2.091965,0.827137,2.927220,1.889630,-0.183017,0.514612,0.260843,0.139826,0.120954,0.651945,-0.390649
46.647152,-0.774948,0.309329,0.622551,0.942980,0.885750,1.051244,-0.463295,-0.088615,-0.584340,-0.027409,0.577288,0.452280,0.624178,-0.180528,0.851310,-0.452212,-0.828876,-2.091693,0.827375,2.928533,1.888848,-0.180447,0.516445,0.256786,0.136405,0.120393,0.655605,-0.390403
46.648062,-0.771511,0.313993,0.614626,0.945708,0.884939,1.050678,-0.463193,-0.088615,-0.584340,-0.027409,0.577288,0.452280,0.624178,-0.180528,0.851310,-0.452212,-0.828876,-2.091693,0.827375,2.928533,1.888848,-0.180447,0.516445,0.256786,0.136405,0.120393,0.655605,-0.390403
46.649082,-0.775990,0.317764,0.617623,0.945174,0.887712,1.054171,-0.461790,-0.074039,-0.573738,0.001073,0.583105,0.450537,0.624840,-0.180262,0.851127,-0.451702,-0.828608,-2.091564,0.827498,2.929184,1.888458,-0.182230,0.513412,0.260132,0.132527,0.121209,0.655842,-0.390689
46.650043,-0.780092,0.321882,0.623286,0.941619,0.888666,1.053496,-0.462016,-0.063003,-0.566910,0.028142,0.595132,0.448614,0.626109,-0.179960,0.850949,-0.451199,-0.828356,-2.091433,0.827614,2.929833,1.888061,-0.180330,0.511649,0.258420,0.132132,0.118600,0.652454,-0.393757
46.650962,-0.781845,0.327971,0.620640,0.941937,0.889766,1.052951,-0.462212,-0.042443,-0.546720,0.081520,0.621119,0.444400,0.628974,-0.179418,0.850598,-0.450194,-0.827853,-2.091164,0.827844,2.931143,1.887273,-0.177822,0.505795,0.256160,0.132965,0.116774,0.653297,-0.393090
46.652116,-0.780491,0.333426,0.628912,0.942147,0.892966,1.051809,-0.462997,-0.042443,-0.546720,0.081520,0.621119,0.444400,0.628974,-0.179418,0.850598,-0.450194,-0.827853,-2.091164,0.827844,2.931143,1.887273,-0.177822,0.505795,0.256160,0.132965,0.116774,0.653297,-0.393090
46.653082,-0.783780,0.334033,0.622990,0.939469,0.891817,1.051267,-0.463836,-0.027198,-0.525749,0.111935,0.628705,0.442060,0.629847,-0.179217,0.850416,-0.449696,-0.827608,-2.091032,0.827953,2.931807,1.886881,-0.179172,0.504067,0.252268,0.132081,0.113997,0.655042,-0.392008
46.653958,-0.787965,0.327834,0.617928,0.942023,0.891780,1.043854,-0.463750,-0.007136,-0.496995,0.146199,0.632125,0.439526,0.630325,-0.179049,0.850243,-0.449191,-0.827347,-2.090895,0.828072,2.932464,1.886491,-0.177795,0.503532,0.254858,0.133566,0.115282,0.655452,-0.390494
46.654987,-0.787261,0.325028,0.618313,0.938222,0.892147,1.040789,-0.463487,0.018194,-0.448385,0.196197,0.638408,0.435557,0.633458,-0.178752,0.849891,-0.448172,-0.826833,-2.090632,0.828301,2.933820,1.885708,-0.176534,0.507314,0.256330,0.132633,0.115187,0.665361,-0.391490
46.656037,-0.790611,0.322131,0.620788,0.937549,0.893955,1.036251,-0.463104,0.018194,-0.448385,0.196197,0.638408,0.435557,0.633458,-0.178752,0.849891,-0.448172,-0.826833,-2.090632,0.828301,2.933820,1.885708,-0.176534,0.507314,0.256330,0.132633,0.115187,0.665361,-0.391490
46.657066,-0.792124,0.316409,0.619601,0.937232,0.897449,1.034019,-0.463003,0.016863,-0.438885,0.206025,0.644891,0.434312,0.636685,-0.178656,0.849721,-0.447657,-0.826580,-2.090502,0.828413,2.934495,1.885318,-0.175390,0.508903,0.254980,0.132408,0.113648,0.670027,-0.392576
46.658155,-0.790107,0.322661,0.618827,0.937512,0.901885,1.030437,-0.464023,0.008192,-0.439874,0.208466,0.653393,0.433297,0.640642,-0.178631,0.849548,-0.447145,-0.826327,-2.090372,0.828517,2.935169,1.884918,-0.175087,0.511839,0.255432,0.131823,0.110468,0.672265,-0.393014
46.658985,-0.790265,0.317354,0.618527,0.937152,0.906019,1.031012,-0.463712,-0.006609,-0.450443,0.204893,0.664233,0.432407,0.645076,-0.178674,0.849370,-0.446639,-0.826068,-2.090244,0.828613,2.935845,1.884532,-0.176656,0.509146,0.255769,0.130830,0.106514,0.676116,-0.391356
46.660019,-0.792670,0.318748,0.618629,0.934920,0.907041,1.034550,-0.464342,-0.023923,-0.465769,0.198437,0.675871,0.431550,0.649410,-0.178764,0.849193,-0.446121,-0.825818,-2.090116,0.828710,2.936517,1.884135,-0.176483,0.510619,0.255221,0.129903,0.102513,0.674746,-0.391895
46.661056,-0.794063,0.321662,0.615114,0.937346,0.907176,1.037117,-0.465052,-0.042219,-0.483474,0.190460,0.687495,0.430807,0.653421,-0.178859,0.849019,-0.445617,-0.825561,-2.089984,0.828809,2.937190,1.883741,-0.175724,0.510090,0.254986,0.131202,0.101910,0.671241,-0.390892
46.661958,-0.787244,0.317476,0.617667,0.935613,0.906266,1.037149,-0.464981,-0.062247,-0.502966,0.180016,0.699119,0.430410,0.657245,-0.178901,0.848845,-0.445105,-0.825299,-2.089862,0.828912,2.937846,1.883356,-0.175492,0.508733,0.256525,0.128046,0.102135,0.668857,-0.389786
46.663053,-0.790790,0.311497,0.619552,0.934741,0.907005,1.038962,-0.464304,-0.100055,-0.541741,0.160656,0.723293,0.430316,0.663946,-0.178780,0.848480,-0.444075,-0.824796,-2.089604,0.829120,2.939191,1.882567,-0.177646,0.513534,0.253821,0.128808,0.102886,0.666859,-0.391725
46.663944,-0.793168,0.307331,0.614171,0.932499,0.907419,1.042859,-0.465560,-0.100055,-0.541741,0.160656,0.723293,0.430316,0.663946,-0.178780,0.848480,-0.444075,-0.824796,-2.089604,0.829120,2.939191,1.882567,-0.177646,0.513534,0.253821,0.128808,0.102886,0.666859,-0.391725
46.664944,-0.792185,0.306829,0.615315,0.930812,0.910063,1.043933,-0.466025,-0.118008,-0.564474,0.152498,0.736588,0.430519,0.666967,-0.178672,0.848308,-0.443552,-0.824537,-2.089474,0.829218,2.939843,1.882179,-0.176588,0.514689,0.255934,0.129852,0.102677,0.662551,-0.389213
46.666016,-0.788377,0.310977,0.613627,0.932835,0.912308,1.048987,-0.466179,-0.139562,-0.591985,0.140093,0.750021,0.431148,0.670108,-0.178557,0.848130,-0.443041,-0.824284,-2.089341,0.829310,2.940503,1.881788,-0.177425,0.514822,0.255094,0.130510,0.100431,0.661508,-0.388526
46.666993,-0.789658,0.313075,0.613340,0.930203,0.917194,1.048539,-0.465810,-0.179829,-0.642650,0.114053,0.770284,0.432581,0.674922,-0.178382,0.847769,-0.442022,-0.823772,-2.089085,0.829488,2.941809,1.881008,-0.179371,0.511804,0.255674,0.129391,0.094220,0.657194,-0.389516
46.668014,-0.790428,0.318714,0.609208,0.928000,0.920584,1.054193,-0.465790,-0.179829,-0.642650,0.114053,0.770284,0.432581,0.674922,-0.178382,0.847769,-0.442022,-0.823772,-2.089085,0.829488,2.941809,1.881008,-0.179371,0.511804,0.255674,0.129391,0.094220,0.657194,-0.389516
46.669015,-0.785226,0.321250,0.603231,0.929640,0.920994,1.053116,-0.465581,-0.193280,-0.656791,0.104070,0.772910,0.433216,0.675811,-0.178356,0.847586,-0.441516,-0.823508,-2.088952,0.829573,2.942453,1.880616,-0.179313,0.509043,0.257450,0.130612,0.091357,0.651662,-0.389811
46.670024,-0.782009,0.318670,0.601469,0.928396,0.922066,1.057247,-0.466262,-0.202518,-0.660593,0.094363,0.768124,0.434132,0.675533,-0.178330,0.847401,-0.441005,-0.823242,-2.088831,0.829662,2.943096,1.880227,-0.182178,0.507688,0.260051,0.128173,0.091417,0.652911,-0.390467
46.671004,-0.780125,0.315063,0.603610,0.926477,0.920663,1.059706,-0.465872,-0.208234,-0.656093,0.084756,0.758130,0.435399,0.674285,-0.178275,0.847211,-0.440498,-0.822983,-2.088699,0.829751,2.943738,1.879835,-0.183982,0.509002,0.260633,0.128464,0.090795,0.648872,-0.389323
46.671990,-0.776597,0.318108,0.599852,0.925516,0.919988,1.061839,-0.466370,-0.210524,-0.647269,0.076662,0.745729,0.436904,0.672340,-0.178203,0.847027,-0.439986,-0.822726,-2.088571,0.829845,2.944382,1.879446,-0.185113,0.510570,0.259192,0.129420,0.092592,0.646447,-0.390321
46.672950,-0.776596,0.313784,0.594666,0.926062,0.919158,1.059844,-0.465408,-0.208521,-0.635696,0.071915,0.731825,0.438458,0.669824,-0.178137,0.846834,-0.439477,-0.822466,-2.088439,0.829943,2.945014,1.879058,-0.186987,0.508854,0.260741,0.129328,0.093594,0.644426,-0.389518
46.673997,-0.781511,0.318844,0.597737,0.924100,0.921068,1.059496,-0.464925,-0.203690,-0.622941,0.069078,0.717455,0.439998,0.667025,-0.178114,0.846645,-0.438969,-0.822197,-2.088313,0.830038,2.945662,1.878656,-0.187063,0.510735,0.262800,0.127824,0.094751,0.646376,-0.391578
46.675100,-0.781490,0.325687,0.597922,0.923822,0.923321,1.060906,-0.464708,-0.199199,-0.611793,0.065015,0.704181,0.441531,0.664348,-0.178165,0.846466,-0.438463,-0.821938,-2.088185,0.830128,2.946300,1.878264,-0.185014,0.508401,0.261047,0.128991,0.093309,0.647030,-0.392843
46.676060,-0.776259,0.331875,0.596193,0.923211,0.924654,1.061658,-0.463623,-0.183618,-0.582043,0.060447,0.675056,0.443834,0.658306,-0.178446,0.846087,-0.437475,-0.821415,-2.087930,0.830302,2.947572,1.877467,-0.188213,0.502451,0.261340,0.128199,0.090737,0.645388,-0.395956
46.676983,-0.781978,0.336436,0.593853,0.923595,0.927929,1.061598,-0.464581,-0.183618,-0.582043,0.060447,0.675056,0.443834,0.658306,-0.178446,0.846087,-0.437475,-0.821415,-2.087930,0.830302,2.947572,1.877467,-0.188213,0.502451,0.261340,0.128199,0.090737,0.645388,-0.395956
46.678103,-0.777884,0.337208,0.589804,0.922661,0.930628,1.062085,-0.465416,-0.166991,-0.555609,0.065052,0.656348,0.444292,0.654233,-0.178650,0.845906,-0.436975,-0.821154,-2.087807,0.830386,2.948219,1.877074,-0.185394,0.499741,0.261959,0.126840,0.087830,0.645231,-0.394081
46.679089,-0.777374,0.333242,0.586588,0.919570,0.929727,1.064069,-0.464862,-0.130154,-0.493135,0.074122,0.617161,0.444884,0.645679,-0.178953,0.845524,-0.435970,-0.820616,-2.087546,0.830555,2.949508,1.876289,-0.188317,0.502019,0.265038,0.129174,0.087192,0.643347,-0.394174
46.680037,-0.776152,0.329660,0.581514,0.919949,0.929422,1.062999,-0.464634,-0.130154,-0.493135,0.074122,0.617161,0.444884,0.645679,-0.178953,0.845524,-0.435970,-0.820616,-2.087546,0.830555,2.949508,1.876289,-0.188317,0.502019,0.265038,0.129174,0.087192,0.643347,-0.394174
46.681008,-0.782190,0.325495,0.577189,0.918260,0.929662,1.061983,-0.464517,-0.117133,-0.468320,0.071883,0.600007,0.445537,0.642135,-0.179031,0.845334,-0.435470,-0.820347,-2.087420,0.830643,2.950158,1.875894,-0.188984,0.503513,0.267000,0.127775,0.087872,0.644298,-0.394739
46.682035,-0.779248,0.323104,0.572433,0.915515,0.931089,1.059424,-0.466480,-0.113375,-0.455676,0.060323,0.588104,0.446654,0.639885,-0.179037,0.845149,-0.434961,-0.820073,-2.087290,0.830731,2.950817,1.875495,-0.186099,0.505341,0.268589,0.128468,0.088047,0.645203,-0.395112
46.683039,-0.779090,0.325472,0.566878,0.916142,0.930725,1.055194,-0.467479,-0.121534,-0.457679,0.036812,0.581971,0.448355,0.639245,-0.178947,0.844960,-0.434447,-0.819802,-2.087159,0.830815,2.951470,1.875110,-0.187865,0.506547,0.270591,0.130284,0.087130,0.647928,-0.391439
46.683994,-0.780447,0.333231,0.565508,0.914545,0.934893,1.050349,-0.466763,-0.139176,-0.470970,0.003238,0.579227,0.450530,0.639846,-0.178781,0.844769,-0.433948,-0.819524,-2.087033,0.830905,2.952138,1.874723,-0.188113,0.505399,0.272839,0.128772,0.087956,0.652141,-0.389710
46.684956,-0.781030,0.335538,0.558090,0.912078,0.935336,1.045654,-0.467329,-0.160820,-0.488077,-0.035398,0.576896,0.452880,0.640938,-0.178605,0.844584,-0.433451,-0.819251,-2.086904,0.830985,2.952798,1.874331,-0.187548,0.501282,0.272898,0.129340,0.084214,0.656814,-0.391317
46.686077,-0.784436,0.327387,0.551166,0.913667,0.936577,1.043360,-0.465924,-0.181824,-0.501211,-0.075275,0.571186,0.455263,0.641734,-0.178472,0.844396,-0.432948,-0.818971,-2.086770,0.831069,2.953484,1.873940,-0.187375,0.499912,0.275971,0.130675,0.084242,0.661197,-0.390314
46.687092,-0.779904,0.321121,0.547463,0.913638,0.936044,1.041038,-0.464911,-0.236337,-0.532379,-0.170575,0.558246,0.460973,0.643842,-0.178290,0.844020,-0.431918,-0.818399,-2.086522,0.831238,2.954811,1.873142,-0.188704,0.507683,0.280377,0.127746,0.084703,0.666291,-0.395812
46.688029,-0.775641,0.312079,0.544445,0.911071,0.935147,1.037655,-0.464361,-0.236337,-0.532379,-0.170575,0.558246,0.460973,0.643842,-0.178290,0.844020,-0.431918,-0.818399,-2.086522,0.831238,2.954811,1.873142,-0.188704,0.507683,0.280377,0.127746,0.084703,0.666291,-0.395812
46.688951,-0.773920,0.305626,0.539084,0.908412,0.935036,1.036445,-0.463674,-0.275216,-0.564202,-0.227127,0.560048,0.464262,0.646166,-0.178187,0.843825,-0.431402,-0.818119,-2.086390,0.831329,2.955488,1.872740,-0.190793,0.511671,0.281144,0.129194,0.085940,0.669333,-0.396967
46.690066,-0.774944,0.311631,0.538511,0.908029,0.936278,1.038840,-0.463785,-0.317618,-0.605699,-0.284365,0.566294,0.467569,0.648941,-0.178066,0.843634,-0.430883,-0.817830,-2.086256,0.831414,2.956150,1.872335,-0.191614,0.514212,0.282953,0.130636,0.086422,0.670200,-0.398373
46.691010,-0.773619,0.307464,0.529116,0.903805,0.936636,1.039420,-0.461365,-0.360701,-0.652081,-0.340075,0.574084,0.470850,0.651844,-0.177949,0.843440,-0.430369,-0.817551,-2.086126,0.831501,2.956817,1.871938,-0.191502,0.511707,0.282988,0.130278,0.085787,0.668188,-0.398547
46.692009,-0.775324,0.304897,0.531658,0.902610,0.937685,1.038810,-0.460249,-0.442459,-0.739421,-0.444989,0.583097,0.477646,0.657219,-0.177839,0.843057,-0.429339,-0.816970,-2.085851,0.831672,2.958155,1.871114,-0.191487,0.514463,0.284863,0.133285,0.085260,0.667913,-0.405818
46.692969,-0.774425,0.307570,0.531721,0.902657,0.935626,1.041954,-0.459341,-0.478695,-0.777130,-0.491424,0.583759,0.480973,0.659499,-0.177860,0.842862,-0.428833,-0.816690,-2.085720,0.831763,2.958818,1.870698,-0.191976,0.512804,0.284165,0.132153,0.087721,0.664552,-0.407682
46.693957,-0.773301,0.314342,0.531607,0.901780,0.938131,1.045337,-0.457654,-0.506398,-0.805680,-0.527044,0.582554,0.483701,0.661058,-0.177934,0.842666,-0.428328,-0.816408,-2.085587,0.831842,2.959480,1.870279,-0.192604,0.509292,0.283601,0.131968,0.085690,0.661107,-0.411164
46.695065,-0.773019,0.319818,0.534769,0.901429,0.937339,1.047197,-0.456589,-0.521484,-0.819515,-0.547850,0.578084,0.485588,0.661386,-0.178077,0.842470,-0.427821,-0.816130,-2.085455,0.831931,2.960130,1.869857,-0.193117,0.507161,0.281770,0.131554,0.087107,0.659758,-0.413577
46.696083,-0.773968,0.318821,0.531903,0.898472,0.936155,1.051712,-0.458073,-0.523821,-0.818206,-0.553935,0.569936,0.486672,0.660372,-0.178264,0.842274,-0.427315,-0.815845,-2.085317,0.832023,2.960783,1.869448,-0.192795,0.507756,0.282660,0.133400,0.088731,0.655325,-0.410742
46.696964,-0.769408,0.318465,0.526004,0.897976,0.935399,1.051260,-0.457372,-0.523821,-0.818206,-0.553935,0.569936,0.486672,0.660372,-0.178264,0.842274,-0.427315,-0.815845,-2.085317,0.832023,2.960783,1.869448,-0.192795,0.507756,0.282660,0.133400,0.088731,0.655325,-0.410742
46.698099,-0.772451,0.316640,0.532901,0.898445,0.933979,1.056737,-0.456131,-0.507203,-0.789639,-0.540546,0.548247,0.487515,0.656161,-0.178577,0.841882,-0.426301,-0.815281,-2.085057,0.832212,2.962076,1.868610,-0.193790,0.508826,0.280992,0.131501,0.091707,0.650514,-0.414934
46.699001,-0.775051,0.314336,0.530314,0.898874,0.934623,1.055161,-0.456922,-0.507203,-0.789639,-0.540546,0.548247,0.487515,0.656161,-0.178577,0.841882,-0.426301,-0.815281,-2.085057,0.832212,2.962076,1.868610,-0.193790,0.508826,0.280992,0.131501,0.091707,0.650514,-0.414934
46.700088,-0.779969,0.316987,0.534728,0.896213,0.933646,1.058905,-0.457664,-0.482866,-0.761740,-0.508073,0.541183,0.486509,0.652689,-0.178694,0.841506,-0.425279,-0.814721,-2.084797,0.832397,2.963365,1.867787,-0.190402,0.508353,0.278931,0.131811,0.092833,0.648510,-0.412093
46.701035,-0.779268,0.323523,0.538052,0.895785,0.933483,1.058989,-0.457621,-0.469339,-0.749618,-0.486587,0.542916,0.485275,0.651535,-0.178699,0.841315,-0.424788,-0.814452,-2.084669,0.832489,2.964014,1.867373,-0.190811,0.504875,0.276697,0.131185,0.093326,0.648314,-0.412235
46.701975,-0.778288,0.331535,0.537403,0.894366,0.933945,1.060163,-0.458003,-0.448403,-0.729429,-0.456743,0.542593,0.483342,0.649932,-0.178747,0.841125,-0.424294,-0.814178,-2.084539,0.832587,2.964648,1.866968,-0.191330,0.500593,0.276375,0.131533,0.093131,0.647045,-0.411518
46.703040,-0.784398,0.340581,0.540220,0.891828,0.934720,1.056878,-0.457502,-0.448403,-0.729429,-0.456743,0.542593,0.483342,0.649932,-0.178747,0.841125,-0.424294,-0.814178,-2.084539,0.832587,2.964648,1.866968,-0.191330,0.500593,0.276375,0.131533,0.093131,0.647045,-0.411518
46.704074,-0.782567,0.341083,0.535382,0.891222,0.933174,1.057302,-0.458605,-0.417462,-0.695456,-0.417631,0.536323,0.480818,0.647426,-0.178875,0.840941,-0.423800,-0.813910,-2.084404,0.832681,2.965304,1.866553,-0.188654,0.496562,0.274725,0.133136,0.092831,0.650663,-0.412787
46.704901,-0.785108,0.334012,0.533872,0.890972,0.929161,1.058100,-0.457701,-0.379149,-0.648673,-0.373024,0.523087,0.478114,0.644138,-0.179079,0.840748,-0.423308,-0.813629,-2.084272,0.832779,2.965957,1.866145,-0.189838,0.496679,0.276702,0.132789,0.094801,0.650375,-0.410765
46.705964,-0.788864,0.331010,0.538785,0.888078,0.926154,1.057760,-0.458451,-0.340504,-0.598508,-0.329339,0.507399,0.475638,0.640918,-0.179338,0.840565,-0.422801,-0.813353,-2.084145,0.832886,2.966598,1.865731,-0.188371,0.499136,0.276430,0.131765,0.098867,0.648992,-0.412431
46.707027,-0.791817,0.330351,0.535026,0.887587,0.923792,1.057641,-0.460244,-0.307517,-0.555435,-0.290826,0.494932,0.473506,0.638606,-0.179638,0.840380,-0.422301,-0.813087,-2.084008,0.832998,2.967249,1.865322,-0.186890,0.501040,0.273739,0.133689,0.102158,0.649659,-0.411170
46.707943,-0.792346,0.326043,0.533798,0.887406,0.924205,1.056382,-0.460318,-0.282372,-0.523956,-0.258816,0.487523,0.471645,0.637424,-0.179971,0.840197,-0.421796,-0.812809,-2.083875,0.833105,2.967896,1.864925,-0.185840,0.501709,0.275293,0.133267,0.104867,0.650105,-0.407877
46.708977,-0.798477,0.322981,0.530326,0.886105,0.926416,1.057862,-0.460387,-0.266714,-0.505699,-0.235111,0.485706,0.470037,0.637462,-0.180344,0.840014,-0.421285,-0.812536,-2.083743,0.833212,2.968550,1.864518,-0.185635,0.503257,0.275179,0.132234,0.104573,0.651067,-0.407771
46.709926,-0.793784,0.324216,0.534779,0.885859,0.924159,1.056110,-0.462359,-0.262885,-0.502632,-0.222356,0.490422,0.468789,0.638972,-0.180772,0.839836,-0.420783,-0.812257,-2.083609,0.833312,2.969208,1.864110,-0.182948,0.504986,0.276469,0.132568,0.102719,0.649710,-0.407852
46.710919,-0.795532,0.333855,0.534927,0.888365,0.923172,1.054800,-0.463055,-0.275894,-0.526344,-0.215346,0.513536,0.466705,0.644895,-0.181697,0.839463,-0.419793,-0.811714,-2.083356,0.833532,2.970522,1.863314,-0.184747,0.499317,0.273073,0.128390,0.106378,0.652611,-0.402792
46.712017,-0.799492,0.335033,0.536299,0.885386,0.921038,1.050290,-0.464444,-0.277500,-0.535241,-0.206272,0.525814,0.465136,0.647673,-0.182152,0.839283,-0.419292,-0.811442,-2.083221,0.833645,2.971197,1.862922,-0.183287,0.499369,0.272189,0.130541,0.108865,0.657450,-0.400394
46.712946,-0.802710,0.338165,0.536190,0.884653,0.918822,1.046691,-0.465385,-0.277500,-0.535241,-0.206272,0.525814,0.465136,0.647673,-0.182152,0.839283,-0.419292,-0.811442,-2.083221,0.833645,2.971197,1.862922,-0.183287,0.499369,0.272189,0.130541,0.108865,0.657450,-0.400394
46.713954,-0.800028,0.328583,0.532333,0.882578,0.915087,1.039402,-0.467199,-0.267219,-0.534299,-0.177660,0.539933,0.461703,0.651912,-0.183009,0.838916,-0.418282,-0.810897,-2.082959,0.833882,2.972548,1.862137,-0.183415,0.502194,0.273078,0.131237,0.115037,0.667925,-0.395201
46.715047,-0.802103,0.321635,0.523578,0.880940,0.914589,1.034884,-0.469349,-0.267219,-0.534299,-0.177660,0.539933,0.461703,0.651912,-0.183009,0.838916,-0.418282,-0.810897,-2.082959,0.833882,2.972548,1.862137,-0.183415,0.502194,0.273078,0.131237,0.115037,0.667925,-0.395201
46.716031,-0.803211,0.316738,0.523493,0.880079,0.914573,1.030299,-0.469215,-0.263913,-0.535067,-0.167244,0.543623,0.460455,0.654095,-0.183376,0.838736,-0.417766,-0.810613,-2.082828,0.834000,2.973225,1.861758,-0.182881,0.506057,0.277123,0.132089,0.115782,0.672685,-0.391336
46.716946,-0.803518,0.309459,0.517060,0.878385,0.913321,1.028030,-0.470238,-0.269994,-0.546511,-0.167796,0.548118,0.459972,0.657061,-0.183701,0.838552,-0.417247,-0.810338,-2.082697,0.834117,2.973913,1.861365,-0.182542,0.508189,0.276578,0.131919,0.115930,0.677036,-0.391835
46.717955,-0.807055,0.318244,0.514930,0.879714,0.916579,1.026490,-0.469918,-0.311586,-0.602631,-0.201963,0.562357,0.460948,0.665350,-0.184388,0.838194,-0.416234,-0.809771,-2.082439,0.834347,2.975283,1.860590,-0.181038,0.506817,0.279453,0.130197,0.114159,0.680215,-0.390774
46.719021,-0.802890,0.327704,0.514731,0.880405,0.917076,1.025051,-0.470740,-0.311586,-0.602631,-0.201963,0.562357,0.460948,0.665350,-0.184388,0.838194,-0.416234,-0.809771,-2.082439,0.834347,2.975283,1.860590,-0.181038,0.506817,0.279453,0.130197,0.114159,0.680215,-0.390774
46.719932,-0.801097,0.333996,0.516168,0.881864,0.918162,1.027807,-0.471903,-0.338272,-0.633698,-0.227268,0.568671,0.461882,0.669581,-0.184798,0.838004,-0.415744,-0.809497,-2.082312,0.834462,2.975971,1.860198,-0.183494,0.502619,0.279235,0.128766,0.113955,0.681748,-0.389448
46.721008,-0.799466,0.341075,0.516347,0.878244,0.914822,1.026894,-0.472576,-0.356648,-0.651892,-0.245804,0.570556,0.462472,0.672506,-0.185236,0.837819,-0.415251,-0.809219,-2.082187,0.834572,2.976644,1.859820,-0.184399,0.499063,0.277713,0.126281,0.112974,0.678515,-0.387230
46.721958,-0.801050,0.335970,0.516607,0.878350,0.910114,1.028925,-0.473291,-0.360450,-0.651043,-0.251071,0.565946,0.462495,0.673435,-0.185654,0.837632,-0.414753,-0.808944,-2.082054,0.834697,2.977338,1.859437,-0.185621,0.496036,0.277341,0.129059,0.116550,0.679563,-0.386287
46.723119,-0.805238,0.339935,0.519386,0.876686,0.905398,1.030952,-0.474748,-0.350031,-0.632673,-0.243326,0.554551,0.462142,0.672332,-0.186029,0.837449,-0.414255,-0.808667,-2.081928,0.834825,2.978013,1.859050,-0.184950,0.498393,0.276552,0.127947,0.121248,0.677213,-0.385003
46.724100,-0.803508,0.336109,0.518382,0.874548,0.901072,1.034775,-0.474946,-0.330873,-0.605238,-0.227017,0.540032,0.461665,0.669890,-0.186340,0.837269,-0.413760,-0.808392,-2.081796,0.834958,2.978678,1.858674,-0.183538,0.497426,0.275098,0.128960,0.126189,0.675800,-0.382650
46.725062,-0.804312,0.334996,0.518120,0.872527,0.900847,1.035604,-0.475716,-0.307525,-0.575510,-0.205914,0.525320,0.461150,0.666710,-0.186589,0.837081,-0.413264,-0.808118,-2.081663,0.835096,2.979341,1.858290,-0.184583,0.499327,0.275076,0.130039,0.130428,0.671862,-0.382497
46.726058,-0.803705,0.337879,0.517770,0.873091,0.903032,1.036954,-0.475618,-0.282510,-0.547110,-0.182615,0.511061,0.460570,0.663068,-0.186814,0.836898,-0.412762,-0.807846,-2.081533,0.835223,2.980009,1.857911,-0.184339,0.499643,0.274625,0.131006,0.130629,0.670861,-0.381153
46.727060,-0.805728,0.342779,0.515816,0.873171,0.904441,1.041327,-0.475153,-0.257227,-0.521709,-0.158708,0.497772,0.459823,0.659123,-0.187059,0.836713,-0.412263,-0.807575,-2.081406,0.835345,2.980669,1.857530,-0.184875,0.498197,0.274336,0.129520,0.128523,0.669493,-0.381619
46.728055,-0.801776,0.353876,0.513186,0.872727,0.906692,1.044665,-0.475108,-0.206162,-0.474531,-0.110993,0.474667,0.457568,0.650544,-0.187722,0.836341,-0.411295,-0.807020,-2.081151,0.835588,2.981972,1.856763,-0.186302,0.490572,0.275564,0.128069,0.125093,0.661849,-0.383142
46.729006,-0.801295,0.358722,0.517628,0.871870,0.905822,1.047927,-0.474680,-0.174915,-0.443016,-0.083188,0.461098,0.455964,0.645306,-0.188104,0.836153,-0.410817,-0.806755,-2.081022,0.835717,2.982626,1.856369,-0.186604,0.488169,0.272788,0.127886,0.125975,0.658432,-0.384133
46.729938,-0.801000,0.360492,0.511541,0.869581,0.908411,1.048111,-0.473666,-0.174915,-0.443016,-0.083188,0.461098,0.455964,0.645306,-0.188104,0.836153,-0.410817,-0.806755,-2.081022,0.835717,2.982626,1.856369,-0.186604,0.488169,0.272788,0.127886,0.125975,0.658432,-0.384133
46.730996,-0.796820,0.358346,0.508694,0.865431,0.903421,1.053416,-0.475192,-0.136895,-0.402786,-0.049991,0.444391,0.454079,0.639148,-0.188451,0.835964,-0.410332,-0.806474,-2.080890,0.835836,2.983289,1.855981,-0.186776,0.487104,0.275116,0.129027,0.123407,0.657988,-0.386286
46.731988,-0.800654,0.348903,0.506049,0.861331,0.901539,1.051843,-0.475932,-0.096170,-0.358416,-0.015918,0.424753,0.452393,0.632526,-0.188712,0.835771,-0.409835,-0.806193,-2.080753,0.835976,2.983932,1.855609,-0.189178,0.488613,0.276118,0.132189,0.128481,0.652973,-0.383588
46.733098,-0.800068,0.347261,0.504019,0.861136,0.894983,1.055107,-0.477198,-0.058461,-0.317623,0.013190,0.403360,0.451362,0.626098,-0.188857,0.835588,-0.409338,-0.805918,-2.080612,0.836105,2.984592,1.855230,-0.187452,0.493374,0.276913,0.135050,0.130362,0.654576,-0.382380
46.734013,-0.802859,0.344335,0.504461,0.860123,0.894838,1.053462,-0.477393,-0.029377,-0.289200,0.032784,0.383837,0.451135,0.620619,-0.188883,0.835398,-0.408837,-0.805638,-2.080481,0.836255,2.985236,1.854853,-0.188222,0.494850,0.277677,0.134468,0.136940,0.651805,-0.380320
46.735019,-0.804046,0.340862,0.503386,0.858211,0.896700,1.055393,-0.476423,-0.001495,-0.279691,0.044405,0.362244,0.451963,0.613685,-0.188732,0.835024,-0.407841,-0.805086,-2.080210,0.836521,2.986552,1.854086,-0.186460,0.497671,0.276730,0.135042,0.135041,0.651231,-0.382281
46.736061,-0.799184,0.346295,0.501442,0.860176,0.899967,1.053584,-0.476135,-0.001495,-0.279691,0.044405,0.362244,0.451963,0.613685,-0.188732,0.835024,-0.407841,-0.805086,-2.080210,0.836521,2.986552,1.854086,-0.186460,0.497671,0.276730,0.135042,0.135041,0.651231,-0.382281
46.736944,-0.795441,0.349555,0.500372,0.858420,0.900013,1.052318,-0.474803,0.001131,-0.293861,0.041343,0.360367,0.452413,0.611908,-0.188673,0.834832,-0.407348,-0.804804,-2.080085,0.836651,2.987203,1.853704,-0.189179,0.495269,0.277239,0.132273,0.131851,0.653305,-0.383178
46.737977,-0.794398,0.350433,0.497455,0.856624,0.898991,1.050808,-0.474115,0.010588,-0.323019,0.042272,0.361058,0.452108,0.608261,-0.188712,0.834447,-0.406368,-0.804249,-2.079817,0.836916,2.988514,1.852925,-0.191638,0.493019,0.277937,0.133572,0.132772,0.655797,-0.387537
46.739063,-0.792022,0.351221,0.494770,0.852835,0.896916,1.051889,-0.474840,0.021943,-0.328980,0.048991,0.357483,0.451655,0.605539,-0.188805,0.834251,-0.405869,-0.803969,-2.079674,0.837058,2.989168,1.852541,-0.193151,0.493175,0.278956,0.136285,0.134880,0.655070,-0.386465
46.739940,-0.791468,0.343309,0.491181,0.851321,0.892258,1.050090,-0.473242,0.034575,-0.331502,0.056227,0.350698,0.451495,0.602519,-0.188908,0.834055,-0.405369,-0.803687,-2.079536,0.837206,2.989830,1.852143,-0.193221,0.496453,0.279818,0.136340,0.139250,0.656391,-0.389682
46.741037,-0.791626,0.337441,0.494479,0.844650,0.887981,1.047982,-0.472978,0.045597,-0.335435,0.061809,0.342422,0.451769,0.599649,-0.189011,0.833863,-0.404858,-0.803411,-2.079383,0.837356,2.990487,1.851753,-0.193537,0.499869,0.277899,0.141764,0.143485,0.658910,-0.390589
46.741959,-0.793521,0.331697,0.489371,0.842031,0.882322,1.046690,-0.472546,0.045597,-0.335435,0.061809,0.342422,0.451769,0.599649,-0.189011,0.833863,-0.404858,-0.803411,-2.079383,0.837356,2.990487,1.851753,-0.193537,0.499869,0.277899,0.141764,0.143485,0.658910,-0.390589
46.742953,-0.793036,0.332932,0.491907,0.840887,0.880803,1.044434,-0.471559,0.056922,-0.356648,0.063606,0.323407,0.453451,0.595287,-0.189235,0.833474,-0.403854,-0.802858,-2.079093,0.837666,2.991823,1.850960,-0.192872,0.501574,0.277914,0.142653,0.150084,0.662026,-0.393693
46.744069,-0.797846,0.339695,0.491361,0.842138,0.882229,1.042802,-0.472161,0.058188,-0.370940,0.061500,0.314809,0.454301,0.593885,-0.189360,0.833289,-0.403354,-0.802584,-2.078957,0.837813,2.992488,1.850568,-0.190969,0.498895,0.278040,0.140505,0.148648,0.664085,-0.392887
46.744980,-0.797496,0.341967,0.492609,0.841472,0.882292,1.041078,-0.473003,0.058188,-0.370940,0.061500,0.314809,0.454301,0.593885,-0.189360,0.833289,-0.403354,-0.802584,-2.078957,0.837813,2.992488,1.850568,-0.190969,0.498895,0.278040,0.140505,0.148648,0.664085,-0.392887
46.745999,-0.804057,0.347908,0.492184,0.840064,0.883917,1.041509,-0.473228,0.062123,-0.387390,0.062275,0.301916,0.454625,0.591635,-0.189560,0.832916,-0.402371,-0.802030,-2.078677,0.838104,2.993825,1.849789,-0.188121,0.494617,0.276374,0.140054,0.146624,0.664972,-0.391094
46.746924,-0.802091,0.347395,0.493029,0.840984,0.882447,1.038604,-0.473606,0.062123,-0.387390,0.062275,0.301916,0.454625,0.591635,-0.189560,0.832916,-0.402371,-0.802030,-2.078677,0.838104,2.993825,1.849789,-0.188121,0.494617,0.276374,0.140054,0.146624,0.664972,-0.391094
46.747931,-0.806355,0.348402,0.497731,0.837612,0.880208,1.038810,-0.474424,0.065864,-0.385910,0.065855,0.297047,0.454196,0.590579,-0.189609,0.832725,-0.401874,-0.801760,-2.078542,0.838256,2.994503,1.849398,-0.189125,0.494517,0.275293,0.137853,0.147830,0.667508,-0.390424
46.749025,-0.809806,0.348179,0.496934,0.835133,0.876872,1.036233,-0.474660,0.071584,-0.378633,0.072866,0.293930,0.453457,0.589489,-0.189616,0.832540,-0.401385,-0.801491,-2.078397,0.838409,2.995179,1.849010,-0.187222,0.494217,0.272518,0.139963,0.149897,0.667204,-0.389032
46.750040,-0.811771,0.343753,0.494394,0.834666,0.869347,1.038593,-0.474985,0.079460,-0.366809,0.083494,0.291806,0.452554,0.588251,-0.189590,0.832360,-0.400886,-0.801217,-2.078255,0.838568,2.995854,1.848619,-0.186025,0.494934,0.272716,0.141399,0.153108,0.670093,-0.388962
46.750996,-0.810434,0.343551,0.492755,0.832095,0.868654,1.035498,-0.475117,0.087060,-0.347972,0.099928,0.293842,0.451443,0.586747,-0.189481,0.831991,-0.399893,-0.800666,-2.077975,0.838906,2.997188,1.847845,-0.186154,0.497203,0.273707,0.141954,0.160538,0.670632,-0.388480
46.752101,-0.811796,0.352556,0.498085,0.831117,0.866342,1.038182,-0.474492,0.087060,-0.347972,0.099928,0.293842,0.451443,0.586747,-0.189481,0.831991,-0.399893,-0.800666,-2.077975,0.838906,2.997188,1.847845,-0.186154,0.497203,0.273707,0.141954,0.160538,0.670632,-0.388480
46.752992,-0.813776,0.354271,0.497426,0.832295,0.865669,1.038739,-0.475106,0.086999,-0.342140,0.105491,0.297701,0.451139,0.586441,-0.189442,0.831806,-0.399406,-0.800403,-2.077833,0.839073,2.997851,1.847457,-0.185957,0.493478,0.270953,0.141886,0.162674,0.668287,-0.390172
46.754021,-0.809488,0.366384,0.499732,0.831987,0.861725,1.043105,-0.474289,0.090567,-0.331905,0.115292,0.301032,0.450515,0.585776,-0.189424,0.831622,-0.398924,-0.800131,-2.077695,0.839235,2.998521,1.847070,-0.184938,0.492228,0.270528,0.139309,0.162891,0.667251,-0.388961
46.755102,-0.813653,0.375123,0.502306,0.831086,0.859521,1.046816,-0.474785,0.100574,-0.314236,0.132388,0.304033,0.449276,0.584561,-0.189408,0.831432,-0.398445,-0.799861,-2.077558,0.839409,2.999170,1.846680,-0.187373,0.486590,0.269006,0.138570,0.166501,0.663039,-0.390906
46.755947,-0.810843,0.376631,0.502236,0.829226,0.855209,1.047666,-0.472852,0.120458,-0.284539,0.159732,0.304828,0.447267,0.582377,-0.189376,0.831250,-0.397973,-0.799601,-2.077421,0.839584,2.999827,1.846288,-0.185720,0.483091,0.267628,0.138498,0.168378,0.659673,-0.390252
46.757040,-0.813467,0.371671,0.500847,0.827923,0.849208,1.052920,-0.473835,0.150584,-0.241856,0.197103,0.301957,0.444600,0.579091,-0.189304,0.831060,-0.397492,-0.799336,-2.077278,0.839759,3.000487,1.845890,-0.186957,0.481669,0.266854,0.138763,0.172087,0.658231,-0.394083
46.758053,-0.811485,0.367177,0.501438,0.826432,0.845237,1.053318,-0.475084,0.185769,-0.193598,0.239483,0.297627,0.441625,0.575329,-0.189176,0.830878,-0.396998,-0.799068,-2.077138,0.839948,3.001143,1.845498,-0.186124,0.484851,0.267399,0.139069,0.177673,0.653330,-0.392451
46.758946,-0.813943,0.366593,0.500842,0.824310,0.840269,1.055816,-0.473399,0.246382,-0.119880,0.316921,0.299155,0.435965,0.569700,-0.188734,0.830507,-0.396023,-0.798536,-2.076854,0.840329,3.002439,1.844717,-0.186114,0.487140,0.266340,0.139967,0.185324,0.650227,-0.393656
46.760094,-0.817348,0.367050,0.502678,0.823205,0.837538,1.056073,-0.475373,0.267723,-0.100305,0.347827,0.306113,0.433431,0.568280,-0.188465,0.830324,-0.395536,-0.798275,-2.076714,0.840523,3.003088,1.844329,-0.185033,0.488003,0.265500,0.140181,0.187628,0.650656,-0.390141
46.761014,-0.815237,0.367334,0.501132,0.820886,0.834457,1.059047,-0.473075,0.283410,-0.090370,0.373157,0.315322,0.431047,0.567659,-0.188204,0.830134,-0.395045,-0.798010,-2.076571,0.840719,3.003734,1.843924,-0.186096,0.487496,0.265670,0.141071,0.189979,0.647414,-0.394844
46.762057,-0.819376,0.361925,0.498750,0.820085,0.832900,1.056313,-0.474072,0.293125,-0.089591,0.392150,0.325938,0.428846,0.567852,-0.187960,0.829955,-0.394546,-0.797738,-2.076429,0.840913,3.004380,1.843539,-0.184413,0.490528,0.266528,0.140706,0.190970,0.650462,-0.393109
46.762991,-0.817128,0.361688,0.495924,0.818918,0.831160,1.054079,-0.475378,0.293125,-0.089591,0.392150,0.325938,0.428846,0.567852,-0.187960,0.829955,-0.394546,-0.797738,-2.076429,0.840913,3.004380,1.843539,-0.184413,0.490528,0.266528,0.140706,0.190970,0.650462,-0.393109
46.763951,-0.821664,0.368128,0.491324,0.817393,0.830040,1.054210,-0.475032,0.289524,-0.117040,0.404425,0.351329,0.425605,0.571069,-0.187447,0.829589,-0.393577,-0.797199,-2.076146,0.841303,3.005681,1.842760,-0.183524,0.487150,0.269075,0.140690,0.192442,0.652229,-0.391490
46.765086,-0.824637,0.370608,0.494488,0.815825,0.828322,1.052299,-0.476455,0.289524,-0.117040,0.404425,0.351329,0.425605,0.571069,-0.187447,0.829589,-0.393577,-0.797199,-2.076146,0.841303,3.005681,1.842760,-0.183524,0.487150,0.269075,0.140690,0.192442,0.652229,-0.391490
46.766027,-0.823374,0.372626,0.492518,0.812023,0.824615,1.048381,-0.478001,0.268019,-0.151399,0.390206,0.366927,0.424698,0.575713,-0.186883,0.829221,-0.392599,-0.796668,-2.075856,0.841699,3.007006,1.841990,-0.183391,0.485701,0.267907,0.143584,0.196706,0.658366,-0.386143
46.766955,-0.827307,0.371209,0.495639,0.808473,0.822181,1.045009,-0.476975,0.268019,-0.151399,0.390206,0.366927,0.424698,0.575713,-0.186883,0.829221,-0.392599,-0.796668,-2.075856,0.841699,3.007006,1.841990,-0.183391,0.485701,0.267907,0.143584,0.196706,0.658366,-0.386143
46.768018,-0.825784,0.364424,0.487140,0.805280,0.817235,1.048198,-0.478214,0.259483,-0.159931,0.381862,0.365371,0.424951,0.577256,-0.186598,0.829045,-0.392108,-0.796405,-2.075709,0.841900,3.007666,1.841596,-0.181570,0.486128,0.265753,0.145615,0.198350,0.661450,-0.388330
46.769077,-0.827930,0.361081,0.487559,0.802886,0.812856,1.048236,-0.478492,0.251766,-0.164413,0.372479,0.357979,0.425705,0.578298,-0.186343,0.828858,-0.391614,-0.796130,-2.075557,0.842111,3.008324,1.841216,-0.182726,0.490030,0.269744,0.147443,0.202626,0.658458,-0.386194
46.769957,-0.830123,0.353866,0.492218,0.803042,0.812980,1.048635,-0.480248,0.220521,-0.187980,0.335690,0.341282,0.428776,0.581896,-0.185870,0.828502,-0.390613,-0.795602,-2.075262,0.842528,3.009640,1.840457,-0.181028,0.494971,0.266228,0.146736,0.205242,0.657828,-0.382543
46.771019,-0.832624,0.355476,0.487671,0.802774,0.813933,1.044989,-0.479603,0.220521,-0.187980,0.335690,0.341282,0.428776,0.581896,-0.185870,0.828502,-0.390613,-0.795602,-2.075262,0.842528,3.009640,1.840457,-0.181028,0.494971,0.266228,0.146736,0.205242,0.657828,-0.382543
46.772031,-0.833668,0.361833,0.491176,0.800877,0.815342,1.043375,-0.479678,0.196509,-0.212782,0.310937,0.339852,0.430268,0.585314,-0.185647,0.828323,-0.390121,-0.795327,-2.075117,0.842730,3.010316,1.840067,-0.180247,0.494625,0.268215,0.145834,0.203682,0.661669,-0.384222
46.773070,-0.837050,0.368440,0.493653,0.803020,0.818242,1.036481,-0.480546,0.146734,-0.265727,0.262371,0.346675,0.431894,0.594113,-0.185345,0.827969,-0.389158,-0.794803,-2.074832,0.843121,3.011669,1.839303,-0.178822,0.488916,0.264639,0.143134,0.198170,0.670210,-0.382917
46.774027,-0.839717,0.374995,0.491217,0.800510,0.815823,1.032457,-0.480151,0.130702,-0.278840,0.246772,0.349459,0.431747,0.598120,-0.185291,0.827793,-0.388677,-0.794536,-2.074685,0.843329,3.012354,1.838923,-0.177724,0.485636,0.265357,0.144224,0.199840,0.673882,-0.383925
46.775080,-0.841891,0.380194,0.490405,0.795255,0.814567,1.028171,-0.479745,0.130702,-0.278840,0.246772,0.349459,0.431747,0.598120,-0.185291,0.827793,-0.388677,-0.794536,-2.074685,0.843329,3.012354,1.838923,-0.177724,0.485636,0.265357,0.144224,0.199840,0.673882,-0.383925
46.776005,-0.844029,0.379398,0.486108,0.794268,0.811368,1.026643,-0.481446,0.122154,-0.277560,0.236795,0.347696,0.431339,0.601177,-0.185284,0.827618,-0.388194,-0.794272,-2.074530,0.843527,3.013037,1.838526,-0.177130,0.483601,0.265535,0.148079,0.200509,0.678248,-0.385036
46.777137,-0.844736,0.369365,0.485134,0.791314,0.811318,1.024837,-0.482874,0.115913,-0.243018,0.219723,0.328058,0.431342,0.604567,-0.185298,0.827268,-0.387214,-0.793730,-2.074232,0.843936,3.014410,1.837770,-0.176580,0.489722,0.267419,0.149271,0.202395,0.681464,-0.379394
46.778045,-0.843753,0.369216,0.483595,0.790930,0.809660,1.025025,-0.482204,0.115913,-0.243018,0.219723,0.328058,0.431342,0.604567,-0.185298,0.827268,-0.387214,-0.793730,-2.074232,0.843936,3.014410,1.837770,-0.176580,0.489722,0.267419,0.149271,0.202395,0.681464,-0.379394
46.779067,-0.847467,0.365789,0.479161,0.791009,0.809047,1.030758,-0.482582,0.107627,-0.229844,0.204960,0.320163,0.431992,0.606304,-0.185245,0.827089,-0.386725,-0.793464,-2.074083,0.844144,3.015081,1.837388,-0.177155,0.489341,0.267539,0.147995,0.203201,0.680818,-0.380868
46.779944,-0.846743,0.369916,0.479781,0.790046,0.812171,1.031249,-0.482491,0.092465,-0.227505,0.184418,0.318970,0.432853,0.608775,-0.185154,0.826915,-0.386236,-0.793188,-2.073940,0.844344,3.015753,1.837006,-0.175703,0.491370,0.269318,0.146698,0.203163,0.675052,-0.380395
46.780999,-0.847813,0.382119,0.479255,0.791400,0.813282,1.033014,-0.481938,0.070148,-0.236227,0.158066,0.325628,0.433726,0.612237,-0.185030,0.826740,-0.385755,-0.792920,-2.073797,0.844537,3.016420,1.836633,-0.176134,0.488774,0.268212,0.146114,0.199237,0.674074,-0.380661
46.782028,-0.845549,0.396822,0.478348,0.792808,0.813343,1.031489,-0.481951,0.029020,-0.252475,0.110222,0.348534,0.434083,0.619238,-0.184830,0.826387,-0.384824,-0.792381,-2.073527,0.844930,3.017779,1.835865,-0.177637,0.476665,0.268311,0.141353,0.196940,0.673963,-0.382394
46.783045,-0.849497,0.402316,0.475098,0.790125,0.813463,1.036304,-0.481196,0.022231,-0.241532,0.098764,0.356322,0.433219,0.621016,-0.184818,0.826216,-0.384351,-0.792112,-2.073380,0.845125,3.018441,1.835477,-0.176073,0.474412,0.269567,0.142749,0.196231,0.669138,-0.384187
46.784036,-0.847683,0.399733,0.475185,0.787349,0.813554,1.037508,-0.482420,0.022791,-0.218937,0.093065,0.359483,0.432132,0.621535,-0.184826,0.826034,-0.383874,-0.791845,-2.073233,0.845321,3.019105,1.835097,-0.177262,0.475986,0.269063,0.144132,0.195497,0.667907,-0.381949
46.785021,-0.844299,0.390648,0.472076,0.782236,0.812241,1.039986,-0.482496,0.026109,-0.193761,0.089273,0.359438,0.431207,0.621202,-0.184796,0.825851,-0.383384,-0.791569,-2.073081,0.845519,3.019761,1.834719,-0.179195,0.480623,0.270077,0.147739,0.196160,0.665386,-0.382073
46.785930,-0.839569,0.382380,0.468406,0.779472,0.808482,1.041369,-0.479907,0.028483,-0.175091,0.084695,0.358392,0.430611,0.620422,-0.184739,0.825665,-0.382900,-0.791298,-2.072931,0.845726,3.020421,1.834319,-0.181561,0.484408,0.271210,0.148841,0.199083,0.663644,-0.387328
46.787158,-0.843470,0.375828,0.464682,0.780116,0.807246,1.048301,-0.479810,0.024455,-0.172145,0.074979,0.360797,0.430422,0.619997,-0.184676,0.825487,-0.382401,-0.791018,-2.072788,0.845923,3.021060,1.833930,-0.180460,0.489115,0.273160,0.147373,0.199958,0.657702,-0.388118
46.787946,-0.839996,0.372065,0.464802,0.779053,0.808880,1.048383,-0.478439,0.010262,-0.190374,0.057473,0.371122,0.430530,0.620666,-0.184579,0.825301,-0.381904,-0.790747,-2.072645,0.846115,3.021711,1.833538,-0.181925,0.489737,0.272015,0.146714,0.197421,0.656889,-0.390717
46.788982,-0.841420,0.371390,0.460182,0.776395,0.811235,1.049532,-0.476915,0.010262,-0.190374,0.057473,0.371122,0.430530,0.620666,-0.184579,0.825301,-0.381904,-0.790747,-2.072645,0.846115,3.021711,1.833538,-0.181925,0.489737,0.272015,0.146714,0.197421,0.656889,-0.390717
46.790006,-0.839452,0.377559,0.461215,0.776374,0.815298,1.051811,-0.475874,-0.037039,-0.270078,0.008610,0.407592,0.431021,0.624158,-0.184350,0.824938,-0.380932,-0.790197,-2.072350,0.846482,3.023009,1.832738,-0.182898,0.487696,0.272970,0.146754,0.190058,0.653811,-0.396332
46.791006,-0.843369,0.382296,0.462662,0.775010,0.815582,1.053050,-0.473613,-0.059960,-0.313617,-0.014671,0.425483,0.431229,0.625774,-0.184236,0.824759,-0.380453,-0.789928,-2.072203,0.846672,3.023657,1.832330,-0.181230,0.485610,0.271813,0.146753,0.189242,0.652655,-0.401034
46.791950,-0.841212,0.382090,0.457664,0.773075,0.816247,1.055011,-0.474049,-0.078110,-0.351429,-0.033456,0.440020,0.431404,0.626824,-0.184085,0.824573,-0.379965,-0.789651,-2.072055,0.846856,3.024307,1.831938,-0.182423,0.485577,0.273661,0.147172,0.187992,0.650523,-0.400227
46.792935,-0.843228,0.376193,0.455506,0.772377,0.812374,1.054221,-0.472438,-0.094311,-0.385801,-0.050571,0.452163,0.431828,0.627585,-0.183867,0.824393,-0.379463,-0.789374,-2.071909,0.847053,3.024953,1.831528,-0.181652,0.488461,0.274163,0.146487,0.191254,0.651369,-0.403611
46.794042,-0.849566,0.373325,0.456156,0.767545,0.808562,1.058252,-0.472526,-0.112991,-0.422291,-0.069958,0.464118,0.432708,0.628574,-0.183590,0.824217,-0.378970,-0.789103,-2.071754,0.847250,3.025598,1.831121,-0.179081,0.490651,0.273672,0.150040,0.194573,0.647809,-0.403755
46.795045,-0.847044,0.361194,0.452119,0.765751,0.807568,1.060621,-0.473507,-0.112991,-0.422291,-0.069958,0.464118,0.432708,0.628574,-0.183590,0.824217,-0.378970,-0.789103,-2.071754,0.847250,3.025598,1.831121,-0.179081,0.490651,0.273672,0.150040,0.194573,0.647809,-0.403755
46.795974,-0.848906,0.357252,0.450752,0.764901,0.809735,1.060757,-0.473626,-0.137827,-0.465932,-0.094834,0.477196,0.434117,0.630263,-0.183299,0.824037,-0.378457,-0.788825,-2.071606,0.847444,3.026232,1.830715,-0.180680,0.496638,0.275179,0.150400,0.194929,0.645623,-0.401945
46.797014,-0.846060,0.349878,0.455443,0.762554,0.812900,1.058981,-0.472523,-0.170711,-0.520305,-0.126477,0.493261,0.435912,0.633025,-0.183044,0.823857,-0.377952,-0.788552,-2.071457,0.847631,3.026878,1.830315,-0.179851,0.498094,0.275171,0.149665,0.192100,0.645301,-0.401784
46.798041,-0.850163,0.357871,0.454401,0.763097,0.815326,1.060220,-0.473050,-0.208948,-0.584055,-0.161489,0.513070,0.437644,0.636744,-0.182880,0.823671,-0.377447,-0.788281,-2.071302,0.847808,3.027538,1.829904,-0.181624,0.502014,0.272460,0.150557,0.188543,0.647266,-0.404231
46.799032,-0.852119,0.364430,0.451771,0.764741,0.822024,1.058451,-0.473238,-0.280438,-0.710873,-0.221587,0.555563,0.439333,0.644935,-0.182912,0.823317,-0.376470,-0.787736,-2.071016,0.848151,3.028833,1.829106,-0.179287,0.495111,0.273438,0.145824,0.178645,0.648013,-0.403192
46.800033,-0.848669,0.372356,0.449870,0.762053,0.825415,1.053971,-0.473405,-0.280438,-0.710873,-0.221587,0.555563,0.439333,0.644935,-0.182912,0.823317,-0.376470,-0.787736,-2.071016,0.848151,3.028833,1.829106,-0.179287,0.495111,0.273438,0.145824,0.178645,0.648013,-0.403192
46.800930,-0.850245,0.372097,0.454211,0.760658,0.827088,1.051113,-0.475382,-0.307918,-0.757388,-0.243710,0.572346,0.439401,0.648506,-0.183034,0.823131,-0.375986,-0.787461,-2.070869,0.848318,3.029488,1.828709,-0.181260,0.491362,0.273882,0.147168,0.174949,0.652552,-0.403057
46.801982,-0.851824,0.378120,0.447476,0.758653,0.827258,1.047934,-0.477230,-0.330300,-0.789662,-0.260318,0.582061,0.438624,0.651877,-0.183426,0.822772,-0.375008,-0.786915,-2.070571,0.848660,3.030824,1.827922,-0.180146,0.488497,0.273998,0.147607,0.172320,0.658283,-0.395713
46.803134,-0.850702,0.372617,0.451260,0.758385,0.828034,1.046656,-0.476897,-0.329313,-0.781769,-0.258533,0.577185,0.438256,0.652028,-0.183678,0.822589,-0.374507,-0.786644,-2.070426,0.848828,3.031480,1.827523,-0.181357,0.492241,0.272029,0.146873,0.171385,0.660168,-0.396889
46.804004,-0.852054,0.370698,0.446119,0.758811,0.829271,1.041841,-0.479302,-0.326313,-0.769120,-0.254625,0.571848,0.438003,0.651962,-0.183964,0.822408,-0.374021,-0.786367,-2.070285,0.848995,3.032152,1.827139,-0.180634,0.492576,0.273746,0.144929,0.169636,0.664422,-0.392042
46.804927,-0.851680,0.371567,0.444564,0.757798,0.828108,1.040465,-0.477707,-0.324703,-0.757546,-0.251242,0.569555,0.437745,0.652143,-0.184307,0.822223,-0.373531,-0.786091,-2.070142,0.849165,3.032826,1.826738,-0.180871,0.491809,0.273779,0.144511,0.170354,0.665376,-0.395356
46.806009,-0.847487,0.378075,0.444905,0.757982,0.832215,1.039215,-0.479139,-0.322832,-0.744835,-0.247052,0.569212,0.437201,0.652366,-0.184725,0.822036,-0.373046,-0.785820,-2.070003,0.849321,3.033486,1.826354,-0.183409,0.489239,0.273379,0.143325,0.166072,0.666955,-0.392836
46.806977,-0.845616,0.382853,0.441860,0.757797,0.835902,1.036940,-0.479450,-0.316174,-0.725732,-0.238006,0.568131,0.436038,0.652082,-0.185225,0.821849,-0.372567,-0.785542,-2.069863,0.849472,3.034160,1.825962,-0.184471,0.486948,0.274296,0.142241,0.162166,0.669026,-0.392398
46.808120,-0.847017,0.391107,0.440996,0.758837,0.838244,1.038514,-0.478607,-0.316174,-0.725732,-0.238006,0.568131,0.436038,0.652082,-0.185225,0.821849,-0.372567,-0.785542,-2.069863,0.849472,3.034160,1.825962,-0.184471,0.486948,0.274296,0.142241,0.162166,0.669026,-0.392398
46.808987,-0.849038,0.396907,0.438386,0.758106,0.839499,1.041503,-0.479496,-0.303826,-0.698205,-0.223758,0.565057,0.434288,0.651115,-0.185822,0.821666,-0.372086,-0.785265,-2.069728,0.849633,3.034824,1.825566,-0.184365,0.483927,0.274591,0.140404,0.159755,0.667964,-0.394571
46.810035,-0.841971,0.398535,0.435216,0.760657,0.839361,1.042916,-0.479560,-0.287823,-0.662978,-0.206680,0.560045,0.432248,0.649657,-0.186512,0.821482,-0.371610,-0.784990,-2.069589,0.849789,3.035490,1.825175,-0.183277,0.480524,0.275020,0.139691,0.158107,0.664384,-0.392740
46.811075,-0.840208,0.399021,0.430575,0.758760,0.842315,1.043396,-0.479671,-0.269858,-0.622318,-0.188143,0.554347,0.430132,0.647979,-0.187243,0.821286,-0.371135,-0.784710,-2.069461,0.849947,3.036154,1.824779,-0.187076,0.480366,0.276188,0.136289,0.158074,0.663158,-0.392921
46.811957,-0.837793,0.392870,0.431087,0.756323,0.841113,1.045237,-0.479729,-0.251304,-0.580396,-0.168936,0.549770,0.428084,0.646305,-0.187964,0.821096,-0.370653,-0.784428,-2.069324,0.850095,3.036813,1.824390,-0.188215,0.480611,0.278042,0.137186,0.154995,0.662854,-0.393003
46.812970,-0.836752,0.396327,0.425459,0.755673,0.841408,1.051387,-0.479486,-0.234067,-0.541767,-0.150818,0.546552,0.426332,0.644791,-0.188656,0.820905,-0.370170,-0.784154,-2.069185,0.850251,3.037474,1.823995,-0.189299,0.483225,0.276931,0.138192,0.155849,0.660520,-0.392882
46.814047,-0.838435,0.392180,0.424491,0.756575,0.843020,1.052728,-0.481597,-0.211296,-0.486500,-0.125320,0.544048,0.424243,0.642986,-0.189907,0.820524,-0.369194,-0.783594,-2.068919,0.850557,3.038762,1.823220,-0.189518,0.484449,0.279366,0.136031,0.153643,0.653588,-0.389745
46.814982,-0.836870,0.394563,0.424929,0.754709,0.842759,1.056220,-0.481690,-0.209321,-0.474320,-0.120981,0.546863,0.423863,0.643177,-0.190417,0.820331,-0.368716,-0.783312,-2.068780,0.850708,3.039407,1.822828,-0.190298,0.483116,0.278372,0.136596,0.153656,0.649903,-0.389701
46.816071,-0.833689,0.392178,0.426229,0.755558,0.845549,1.056732,-0.481908,-0.210191,-0.470349,-0.118244,0.551857,0.423507,0.643824,-0.190901,0.820135,-0.368226,-0.783033,-2.068649,0.850852,3.040051,1.822442,-0.192227,0.485025,0.277422,0.134932,0.150849,0.649877,-0.389674
46.816961,-0.834764,0.387444,0.421294,0.756343,0.847525,1.059385,-0.482541,-0.210191,-0.470349,-0.118244,0.551857,0.423507,0.643824,-0.190901,0.820135,-0.368226,-0.783033,-2.068649,0.850852,3.040051,1.822442,-0.192227,0.485025,0.277422,0.134932,0.150849,0.649877,-0.389674
46.818006,-0.835725,0.393533,0.423864,0.753374,0.852601,1.059619,-0.483589,-0.219006,-0.487807,-0.115642,0.570237,0.422540,0.646754,-0.191910,0.819749,-0.367258,-0.782478,-2.068383,0.851132,3.041328,1.821673,-0.191310,0.484352,0.277344,0.134945,0.143556,0.646991,-0.386677
46.819023,-0.835384,0.395412,0.421714,0.753510,0.854033,1.060424,-0.482202,-0.225536,-0.502532,-0.116320,0.578856,0.422294,0.648588,-0.192471,0.819557,-0.366772,-0.782199,-2.068254,0.851276,3.041972,1.821273,-0.191686,0.483716,0.277940,0.133885,0.142073,0.646342,-0.389715
46.819926,-0.838030,0.394860,0.419782,0.750311,0.853585,1.063963,-0.483149,-0.225536,-0.502532,-0.116320,0.578856,0.422294,0.648588,-0.192471,0.819557,-0.366772,-0.782199,-2.068254,0.851276,3.041972,1.821273,-0.191686,0.483716,0.277940,0.133885,0.142073,0.646342,-0.389715
46.820926,-0.832469,0.387633,0.421531,0.748592,0.853346,1.064856,-0.484270,-0.231151,-0.515019,-0.117261,0.583213,0.422414,0.650172,-0.193089,0.819368,-0.366289,-0.781920,-2.068117,0.851418,3.042612,1.820885,-0.190297,0.483652,0.278084,0.135757,0.142321,0.642508,-0.387838
46.821985,-0.834575,0.381093,0.414632,0.749234,0.850282,1.062910,-0.484554,-0.236419,-0.526485,-0.118818,0.583819,0.422956,0.651674,-0.193716,0.819169,-0.365793,-0.781643,-2.067980,0.851560,3.043242,1.820499,-0.193191,0.487378,0.276672,0.136336,0.142475,0.641828,-0.385840
46.822978,-0.834611,0.375052,0.409114,0.749256,0.850924,1.062355,-0.485660,-0.257112,-0.569065,-0.131385,0.588218,0.425144,0.656525,-0.194746,0.818783,-0.364793,-0.781075,-2.067715,0.851854,3.044535,1.819733,-0.192504,0.494024,0.281839,0.133716,0.144681,0.644705,-0.383666
46.824085,-0.831904,0.377739,0.411385,0.749174,0.848535,1.065095,-0.486310,-0.257112,-0.569065,-0.131385,0.588218,0.425144,0.656525,-0.194746,0.818783,-0.364793,-0.781075,-2.067715,0.851854,3.044535,1.819733,-0.192504,0.494024,0.281839,0.133716,0.144681,0.644705,-0.383666
46.825101,-0.834292,0.386141,0.411011,0.748408,0.850039,1.062344,-0.486161,-0.303045,-0.649730,-0.167195,0.610070,0.428250,0.665533,-0.195468,0.818395,-0.363820,-0.780517,-2.067449,0.852144,3.045821,1.818972,-0.193217,0.489521,0.280099,0.132773,0.145483,0.645428,-0.383441
46.825960,-0.833146,0.387826,0.404624,0.749526,0.851252,1.061753,-0.487432,-0.303045,-0.649730,-0.167195,0.610070,0.428250,0.665533,-0.195468,0.818395,-0.363820,-0.780517,-2.067449,0.852144,3.045821,1.818972,-0.193217,0.489521,0.280099,0.132773,0.145483,0.645428,-0.383441
46.826992,-0.831973,0.386669,0.405439,0.750250,0.854332,1.059804,-0.486173,-0.322139,-0.683619,-0.181919,0.619774,0.429233,0.669771,-0.195846,0.818202,-0.363334,-0.780229,-2.067324,0.852287,3.046462,1.818599,-0.193597,0.488051,0.282268,0.130487,0.143989,0.645553,-0.380914
46.828010,-0.830424,0.394415,0.402288,0.749196,0.855383,1.063905,-0.488413,-0.337492,-0.709149,-0.193944,0.627610,0.429871,0.673487,-0.196282,0.818006,-0.362843,-0.779950,-2.067196,0.852426,3.047126,1.818211,-0.194365,0.488988,0.281378,0.128918,0.140877,0.647623,-0.383778
46.829021,-0.832708,0.399141,0.402106,0.750406,0.853915,1.061050,-0.488916,-0.354524,-0.734100,-0.206646,0.638802,0.430524,0.679182,-0.197142,0.817617,-0.361887,-0.779383,-2.066942,0.852709,3.048419,1.817465,-0.194307,0.483463,0.281915,0.127025,0.141203,0.646659,-0.378900
46.830021,-0.826908,0.403563,0.397009,0.747789,0.850011,1.059668,-0.489563,-0.353495,-0.728867,-0.205195,0.639492,0.430732,0.680811,-0.197486,0.817413,-0.361411,-0.779098,-2.066809,0.852864,3.049066,1.817090,-0.197255,0.481573,0.283862,0.128660,0.144918,0.648106,-0.377893
46.831000,-0.827038,0.402311,0.392976,0.743582,0.843661,1.057136,-0.490338,-0.353495,-0.728867,-0.205195,0.639492,0.430732,0.680811,-0.197486,0.817413,-0.361411,-0.779098,-2.066809,0.852864,3.049066,1.817090,-0.197255,0.481573,0.283862,0.128660,0.144918,0.648106,-0.377893
46.831961,-0.825726,0.398915,0.390292,0.744862,0.844876,1.054265,-0.491581,-0.345649,-0.711110,-0.198820,0.634332,0.430980,0.681471,-0.197790,0.817217,-0.360926,-0.778809,-2.066673,0.853028,3.049714,1.816721,-0.197213,0.482309,0.285144,0.131727,0.150954,0.650639,-0.376615
46.832963,-0.825126,0.393542,0.386532,0.744453,0.843611,1.044941,-0.491971,-0.323909,-0.663002,-0.184230,0.614500,0.431633,0.682068,-0.198288,0.816819,-0.359951,-0.778235,-2.066420,0.853327,3.051058,1.815974,-0.198219,0.486845,0.286977,0.128967,0.150576,0.662608,-0.373880
46.834134,-0.829270,0.401625,0.387672,0.745292,0.843630,1.041342,-0.492087,-0.316954,-0.646772,-0.180732,0.608564,0.431710,0.683121,-0.198551,0.816625,-0.359473,-0.777949,-2.066295,0.853482,3.051727,1.815603,-0.196688,0.484060,0.286224,0.127650,0.150557,0.666782,-0.374265
46.835025,-0.831792,0.408556,0.388531,0.748250,0.845222,1.037902,-0.490764,-0.311150,-0.634029,-0.177740,0.606299,0.431285,0.684442,-0.198885,0.816431,-0.359004,-0.777667,-2.066177,0.853629,3.052408,1.815221,-0.195288,0.480326,0.284905,0.123754,0.148669,0.669649,-0.377003
46.835991,-0.828159,0.414931,0.385736,0.745286,0.849109,1.037251,-0.491456,-0.311150,-0.634029,-0.177740,0.606299,0.431285,0.684442,-0.198885,0.816431,-0.359004,-0.777667,-2.066177,0.853629,3.052408,1.815221,-0.195288,0.480326,0.284905,0.123754,0.148669,0.669649,-0.377003
46.837002,-0.827438,0.420474,0.382716,0.745623,0.850270,1.034617,-0.489422,-0.288513,-0.594640,-0.160317,0.602208,0.428615,0.685546,-0.199784,0.816033,-0.358057,-0.777096,-2.065926,0.853907,3.053754,1.814456,-0.197565,0.474932,0.286504,0.124652,0.143482,0.672686,-0.380176
46.838101,-0.828354,0.417315,0.389201,0.743781,0.849171,1.034229,-0.489478,-0.268910,-0.564079,-0.144032,0.595775,0.426763,0.684605,-0.200297,0.815834,-0.357579,-0.776820,-2.065800,0.854053,3.054431,1.814075,-0.197420,0.477453,0.282983,0.125859,0.144605,0.673345,-0.380468
46.839010,-0.831313,0.415327,0.385732,0.744832,0.844605,1.039218,-0.489304,-0.268910,-0.564079,-0.144032,0.595775,0.426763,0.684605,-0.200297,0.815834,-0.357579,-0.776820,-2.065800,0.854053,3.054431,1.814075,-0.197420,0.477453,0.282983,0.125859,0.144605,0.673345,-0.380468
46.839962,-0.834552,0.409034,0.380380,0.742041,0.842385,1.041075,-0.488280,-0.230058,-0.514805,-0.107794,0.589639,0.423123,0.682403,-0.201227,0.815453,-0.356611,-0.776246,-2.065552,0.854365,3.055752,1.813307,-0.194305,0.481189,0.285767,0.125658,0.150761,0.665913,-0.383139
46.841040,-0.836062,0.406393,0.385240,0.742433,0.841351,1.043150,-0.488327,-0.230058,-0.514805,-0.107794,0.589639,0.423123,0.682403,-0.201227,0.815453,-0.356611,-0.776246,-2.065552,0.854365,3.055752,1.813307,-0.194305,0.481189,0.285767,0.125658,0.150761,0.665913,-0.383139
46.841998,-0.839543,0.404698,0.381846,0.743443,0.839733,1.042479,-0.487526,-0.223712,-0.511393,-0.100214,0.595674,0.422128,0.682792,-0.201618,0.815259,-0.356127,-0.775967,-2.065429,0.854514,3.056423,1.812920,-0.193879,0.483189,0.282958,0.124621,0.151727,0.664087,-0.383404
46.843030,-0.846751,0.403840,0.380690,0.744162,0.840549,1.049034,-0.484568,-0.227089,-0.524578,-0.100256,0.608809,0.421579,0.684391,-0.201971,0.815072,-0.355636,-0.775679,-2.065311,0.854667,3.057084,1.812531,-0.192241,0.483906,0.283912,0.122837,0.153097,0.664608,-0.385180
46.843938,-0.847173,0.402504,0.382824,0.741409,0.846149,1.049072,-0.484934,-0.240930,-0.554055,-0.108696,0.629501,0.421395,0.687307,-0.202323,0.814887,-0.355153,-0.775396,-2.065192,0.854822,3.057736,1.812127,-0.188929,0.484755,0.283978,0.121479,0.152081,0.658155,-0.391368
46.845009,-0.848205,0.404266,0.383349,0.742340,0.848813,1.052374,-0.484832,-0.265271,-0.597321,-0.126287,0.655703,0.421663,0.691388,-0.202680,0.814700,-0.354668,-0.775114,-2.065066,0.854954,3.058383,1.811741,-0.188743,0.485074,0.282041,0.123202,0.146325,0.657896,-0.390648
46.845920,-0.844746,0.404596,0.379671,0.739927,0.851467,1.054545,-0.484140,-0.294803,-0.647400,-0.148344,0.683077,0.422228,0.695805,-0.202994,0.814510,-0.354179,-0.774837,-2.064946,0.855092,3.059034,1.811343,-0.188579,0.484767,0.281466,0.121669,0.143743,0.654898,-0.391187
46.846909,-0.845624,0.405241,0.384341,0.740322,0.852008,1.061586,-0.483900,-0.324301,-0.697490,-0.170303,0.708042,0.422964,0.699779,-0.203247,0.814317,-0.353697,-0.774551,-2.064818,0.855230,3.059685,1.810945,-0.190252,0.484305,0.282438,0.122997,0.140918,0.652430,-0.392620
46.848001,-0.847471,0.402474,0.386936,0.738582,0.854373,1.060689,-0.485646,-0.350184,-0.742970,-0.188939,0.728587,0.423805,0.702900,-0.203454,0.814129,-0.353209,-0.774272,-2.064698,0.855369,3.060310,1.810553,-0.189966,0.484084,0.279489,0.121831,0.140321,0.645515,-0.393293
46.848948,-0.847561,0.395050,0.383545,0.737599,0.853755,1.062502,-0.485975,-0.370145,-0.782561,-0.201414,0.744892,0.424607,0.705111,-0.203596,0.813939,-0.352722,-0.773999,-2.064572,0.855505,3.060956,1.810167,-0.189450,0.486232,0.277979,0.122919,0.138041,0.646940,-0.390169
46.849922,-0.843771,0.392650,0.383017,0.734789,0.854361,1.063765,-0.484466,-0.386264,-0.819880,-0.209421,0.758721,0.425454,0.706791,-0.203665,0.813753,-0.352225,-0.773717,-2.064450,0.855640,3.061600,1.809780,-0.189498,0.489704,0.278965,0.123008,0.138598,0.644985,-0.389684
46.850979,-0.844313,0.390963,0.384491,0.734036,0.851941,1.067807,-0.483749,-0.401451,-0.858131,-0.216240,0.770820,0.426535,0.708318,-0.203712,0.813557,-0.351730,-0.773440,-2.064321,0.855774,3.062234,1.809379,-0.191454,0.490803,0.278616,0.124846,0.137938,0.643780,-0.392875
46.852012,-0.846844,0.396431,0.389928,0.734493,0.855872,1.064980,-0.486051,-0.414622,-0.895808,-0.221197,0.780411,0.427731,0.709681,-0.203782,0.813365,-0.351236,-0.773164,-2.064195,0.855917,3.062866,1.808976,-0.191461,0.492092,0.277522,0.124825,0.140363,0.640109,-0.394577
46.853051,-0.848846,0.398019,0.389290,0.732579,0.858817,1.065081,-0.484999,-0.422633,-0.928965,-0.221153,0.786999,0.428673,0.710651,-0.203849,0.813178,-0.350747,-0.772893,-2.064074,0.856047,3.063503,1.808598,-0.190482,0.489676,0.274422,0.123686,0.136453,0.643272,-0.390245
46.854047,-0.843580,0.403391,0.389280,0.735201,0.860279,1.067911,-0.482998,-0.423356,-0.953311,-0.214241,0.789703,0.429135,0.710922,-0.203889,0.812989,-0.350261,-0.772621,-2.063948,0.856175,3.064145,1.808201,-0.189776,0.489328,0.274408,0.124845,0.133617,0.643406,-0.392687
46.854949,-0.838603,0.402903,0.386549,0.733741,0.863796,1.068662,-0.485882,-0.416300,-0.966283,-0.200349,0.788012,0.429096,0.710317,-0.203912,0.812789,-0.349779,-0.772346,-2.063832,0.856300,3.064783,1.807802,-0.192485,0.486844,0.273902,0.121540,0.132248,0.640657,-0.396895
46.855951,-0.841547,0.411449,0.386331,0.732813,0.863738,1.070302,-0.485489,-0.400759,-0.966999,-0.178681,0.782814,0.428464,0.708781,-0.203893,0.812593,-0.349287,-0.772069,-2.063708,0.856421,3.065412,1.807422,-0.194834,0.486634,0.274476,0.122011,0.128698,0.639724,-0.391120
46.857183,-0.844076,0.410765,0.385595,0.731452,0.865910,1.071181,-0.483999,-0.376952,-0.954547,-0.149951,0.773558,0.427353,0.706218,-0.203800,0.812399,-0.348816,-0.771799,-2.063587,0.856550,3.066050,1.807027,-0.193458,0.482715,0.274139,0.122183,0.128837,0.638217,-0.392183
46.857939,-0.845507,0.408900,0.384255,0.732580,0.865260,1.073833,-0.485371,-0.348418,-0.930694,-0.118512,0.759674,0.426190,0.702821,-0.203661,0.812209,-0.348326,-0.771524,-2.063463,0.856669,3.066693,1.806627,-0.192953,0.484659,0.274663,0.123236,0.127101,0.638373,-0.395794
46.858936,-0.844147,0.410957,0.383531,0.730649,0.867197,1.073772,-0.484739,-0.320691,-0.902366,-0.089601,0.744181,0.425310,0.699280,-0.203510,0.812018,-0.347839,-0.771256,-2.063348,0.856798,3.067322,1.806238,-0.191804,0.484282,0.274217,0.120945,0.127491,0.634907,-0.392781
46.859953,-0.846417,0.410497,0.384842,0.731659,0.867328,1.072057,-0.485144,-0.274641,-0.847853,-0.043676,0.717954,0.424211,0.693282,-0.203177,0.811631,-0.346877,-0.770710,-2.063104,0.857041,3.068594,1.805450,-0.191656,0.484085,0.273002,0.120372,0.125672,0.637083,-0.393710
46.860993,-0.845518,0.420594,0.384822,0.730541,0.867357,1.072658,-0.485205,-0.253249,-0.820476,-0.023097,0.706925,0.423586,0.690603,-0.203014,0.811438,-0.346412,-0.770441,-2.062981,0.857166,3.069239,1.805052,-0.192363,0.479673,0.272706,0.120801,0.125774,0.636708,-0.393861
46.862050,-0.847927,0.430505,0.386867,0.731587,0.871232,1.073699,-0.484995,-0.228442,-0.786558,-0.000048,0.694302,0.422642,0.687607,-0.202881,0.811251,-0.345941,-0.770170,-2.062866,0.857283,3.069874,1.804663,-0.191487,0.475437,0.271372,0.119244,0.122105,0.636037,-0.394620
46.862983,-0.847919,0.434651,0.386272,0.730565,0.873657,1.069530,-0.486662,-0.228442,-0.786558,-0.000048,0.694302,0.422642,0.687607,-0.202881,0.811251,-0.345941,-0.770170,-2.062866,0.857283,3.069874,1.804663,-0.191487,0.475437,0.271372,0.119244,0.122105,0.636037,-0.394620
46.863999,-0.845788,0.437092,0.388259,0.730643,0.874481,1.065668,-0.486510,-0.197950,-0.741931,0.027260,0.677896,0.421326,0.683965,-0.202763,0.811059,-0.345469,-0.769904,-2.062750,0.857399,3.070523,1.804276,-0.191488,0.473339,0.271096,0.119502,0.119776,0.640052,-0.391367
46.865042,-0.847493,0.438800,0.384987,0.730380,0.874403,1.063735,-0.486056,-0.161763,-0.687753,0.059018,0.657859,0.419640,0.679601,-0.202661,0.810861,-0.345001,-0.769637,-2.062631,0.857515,3.071182,1.803875,-0.192688,0.472640,0.269732,0.118750,0.119159,0.643986,-0.391924
46.866057,-0.849362,0.441725,0.387834,0.729611,0.877135,1.063513,-0.487904,-0.121803,-0.628493,0.093804,0.635936,0.417638,0.674704,-0.202602,0.810672,-0.344528,-0.769361,-2.062515,0.857634,3.071830,1.803483,-0.192121,0.472401,0.271000,0.118478,0.119452,0.646144,-0.393136
46.867052,-0.852674,0.437387,0.384511,0.727074,0.878779,1.058761,-0.488314,-0.081857,-0.569348,0.128099,0.614107,0.415530,0.669714,-0.202555,0.810483,-0.344062,-0.769097,-2.062394,0.857747,3.072480,1.803100,-0.191413,0.471453,0.269219,0.118539,0.116912,0.646464,-0.389674
46.867993,-0.851135,0.435736,0.384483,0.726463,0.876731,1.057925,-0.488208,-0.045773,-0.514813,0.158015,0.593315,0.413630,0.665017,-0.202467,0.810296,-0.343582,-0.768824,-2.062270,0.857859,3.073141,1.802714,-0.189944,0.473898,0.270415,0.120259,0.115482,0.651239,-0.389118
46.869023,-0.855234,0.439889,0.385370,0.726691,0.878799,1.057284,-0.488800,-0.016745,-0.469339,0.180438,0.574478,0.412195,0.660897,-0.202344,0.810104,-0.343103,-0.768558,-2.062151,0.857981,3.073790,1.802322,-0.190750,0.474627,0.269853,0.120023,0.117598,0.651866,-0.389457
46.869949,-0.854650,0.434105,0.381269,0.723685,0.881381,1.057656,-0.487761,0.005203,-0.433825,0.195771,0.558408,0.411165,0.657390,-0.202204,0.809918,-0.342634,-0.768290,-2.062035,0.858092,3.074448,1.801934,-0.188971,0.473107,0.269073,0.119243,0.115749,0.652635,-0.388549
46.871103,-0.853967,0.439736,0.380457,0.724314,0.879746,1.055807,-0.487550,0.028407,-0.389873,0.205619,0.533418,0.410393,0.652152,-0.201907,0.809540,-0.341677,-0.767744,-2.061791,0.858319,3.075744,1.801147,-0.190206,0.474227,0.270809,0.120245,0.115347,0.654590,-0.391638
46.871994,-0.849909,0.433661,0.378304,0.723324,0.880946,1.056280,-0.487743,0.031658,-0.379326,0.202009,0.523562,0.410635,0.650107,-0.201785,0.809343,-0.341199,-0.767471,-2.061670,0.858430,3.076397,1.800752,-0.192081,0.476947,0.271106,0.120266,0.114189,0.653695,-0.391256
46.872929,-0.853107,0.433344,0.376610,0.721508,0.882533,1.062464,-0.488088,0.030913,-0.375876,0.194710,0.516138,0.411201,0.648393,-0.201667,0.809158,-0.340721,-0.767198,-2.061548,0.858541,3.077029,1.800364,-0.190518,0.476972,0.271291,0.121173,0.112741,0.647367,-0.390682
46.874089,-0.855973,0.436468,0.380425,0.721059,0.882631,1.064685,-0.487059,0.030913,-0.375876,0.194710,0.516138,0.411201,0.648393,-0.201667,0.809158,-0.340721,-0.767198,-2.061548,0.858541,3.077029,1.800364,-0.190518,0.476972,0.271291,0.121173,0.112741,0.647367,-0.390682
46.875107,-0.855886,0.443557,0.373233,0.718654,0.882169,1.065705,-0.485586,0.025841,-0.379086,0.183477,0.511062,0.412177,0.647161,-0.201564,0.808970,-0.340249,-0.766933,-2.061423,0.858657,3.077670,1.799964,-0.189697,0.476735,0.269420,0.121117,0.113038,0.645942,-0.393247
46.875964,-0.854138,0.439005,0.373518,0.715084,0.882082,1.066643,-0.486231,0.018203,-0.384154,0.169522,0.505940,0.413562,0.646111,-0.201509,0.808781,-0.339778,-0.766653,-2.061297,0.858771,3.078305,1.799559,-0.189984,0.473639,0.272554,0.122710,0.113723,0.645148,-0.396399
46.877120,-0.850780,0.441944,0.369256,0.714480,0.881618,1.072018,-0.486428,0.009948,-0.385889,0.153758,0.497238,0.415371,0.644797,-0.201486,0.808590,-0.339293,-0.766386,-2.061167,0.858882,3.078945,1.799170,-0.190674,0.475309,0.271574,0.125017,0.113833,0.643758,-0.395042
46.878026,-0.850926,0.436806,0.361580,0.715439,0.881032,1.074493,-0.486080,0.002351,-0.383344,0.137432,0.484051,0.417486,0.643147,-0.201446,0.808392,-0.338822,-0.766101,-2.061042,0.858999,3.079582,1.798771,-0.192825,0.475136,0.273539,0.125071,0.114676,0.639104,-0.395131
46.879005,-0.847092,0.436426,0.356705,0.715290,0.879758,1.075832,-0.486170,-0.006732,-0.380848,0.119190,0.469629,0.419814,0.641717,-0.201363,0.808200,-0.338341,-0.765819,-2.060923,0.859114,3.080203,1.798380,-0.192654,0.477413,0.276539,0.123198,0.115322,0.636509,-0.395889
46.880021,-0.847047,0.437766,0.361257,0.716093,0.881424,1.077435,-0.488312,-0.021416,-0.384142,0.095517,0.458266,0.422381,0.641228,-0.201212,0.808001,-0.337867,-0.765540,-2.060801,0.859234,3.080839,1.797982,-0.194610,0.477800,0.278361,0.122541,0.116704,0.635248,-0.395864
46.880984,-0.841134,0.440178,0.359140,0.714656,0.881420,1.081001,-0.487132,-0.039749,-0.393064,0.069071,0.451433,0.424868,0.641685,-0.200997,0.807805,-0.337391,-0.765270,-2.060684,0.859346,3.081466,1.797598,-0.194769,0.477536,0.275634,0.121105,0.115240,0.633906,-0.391821
46.882071,-0.844809,0.444591,0.357811,0.714686,0.880260,1.079475,-0.485630,-0.054928,-0.401993,0.047258,0.447616,0.426766,0.642509,-0.200767,0.807603,-0.336914,-0.764996,-2.060559,0.859464,3.082100,1.797197,-0.197696,0.476400,0.276143,0.121652,0.115364,0.630327,-0.394366
46.883083,-0.844956,0.455017,0.360211,0.712944,0.880288,1.078639,-0.486921,-0.063427,-0.406250,0.033240,0.444341,0.427977,0.643249,-0.200579,0.807408,-0.336444,-0.764718,-2.060439,0.859585,3.082743,1.796791,-0.196146,0.475099,0.276504,0.121066,0.116773,0.632355,-0.397696
46.884035,-0.853050,0.458814,0.360731,0.711573,0.883069,1.076258,-0.487826,-0.056270,-0.383729,0.028650,0.427495,0.429022,0.642754,-0.200319,0.807026,-0.335519,-0.764171,-2.060194,0.859808,3.084024,1.796008,-0.192243,0.468716,0.273960,0.122550,0.114314,0.635666,-0.393633
46.885010,-0.852796,0.459129,0.355799,0.712271,0.878968,1.077811,-0.486886,-0.043942,-0.356446,0.033680,0.412252,0.429394,0.641437,-0.200164,0.806832,-0.335050,-0.763891,-2.060076,0.859934,3.084665,1.795607,-0.192483,0.468828,0.275824,0.121089,0.118526,0.634091,-0.395694
46.885971,-0.855080,0.460047,0.357316,0.709199,0.877735,1.073537,-0.487137,-0.043942,-0.356446,0.033680,0.412252,0.429394,0.641437,-0.200164,0.806832,-0.335050,-0.763891,-2.060076,0.859934,3.084665,1.795607,-0.192483,0.468828,0.275824,0.121089,0.118526,0.634091,-0.395694
46.886985,-0.856329,0.461900,0.358937,0.709074,0.878855,1.073032,-0.486861,-0.031770,-0.326338,0.038090,0.396088,0.429969,0.640043,-0.199974,0.806643,-0.334579,-0.763615,-2.059948,0.860058,3.085305,1.795213,-0.191414,0.468499,0.274410,0.123206,0.119763,0.638390,-0.395307
46.888034,-0.861297,0.460305,0.357262,0.706894,0.877734,1.071930,-0.485957,-0.019432,-0.295448,0.042781,0.379816,0.430562,0.638510,-0.199765,0.806450,-0.334118,-0.763346,-2.059824,0.860172,3.085950,1.794814,-0.190978,0.468159,0.273214,0.122502,0.118837,0.639004,-0.396090
46.889013,-0.857396,0.460137,0.356162,0.709787,0.878237,1.072675,-0.483781,-0.007713,-0.266414,0.047378,0.364516,0.431047,0.636969,-0.199550,0.806266,-0.333646,-0.763071,-2.059697,0.860294,3.086591,1.794418,-0.188850,0.469620,0.273700,0.123925,0.120153,0.640415,-0.398203
46.890052,-0.865948,0.474516,0.356107,0.708153,0.878813,1.067866,-0.483007,0.000683,-0.244051,0.049687,0.353038,0.431385,0.635927,-0.199365,0.806070,-0.333172,-0.762800,-2.059585,0.860413,3.087242,1.794001,-0.190897,0.469911,0.273728,0.120412,0.119753,0.639624,-0.402662
46.890999,-0.871374,0.473659,0.358174,0.708883,0.881211,1.064251,-0.481722,0.011177,-0.210227,0.050122,0.340202,0.431217,0.635120,-0.199165,0.805708,-0.332256,-0.762259,-2.059343,0.860641,3.088537,1.793183,-0.184394,0.464129,0.271774,0.119803,0.117122,0.648184,-0.407040
46.892045,-0.868073,0.480955,0.359731,0.707782,0.882199,1.061241,-0.480510,0.011177,-0.210227,0.050122,0.340202,0.431217,0.635120,-0.199165,0.805708,-0.332256,-0.762259,-2.059343,0.860641,3.088537,1.793183,-0.184394,0.464129,0.271774,0.119803,0.117122,0.648184,-0.407040
46.892948,-0.868412,0.481224,0.357702,0.707327,0.882268,1.059161,-0.478425,0.016194,-0.191771,0.050333,0.335125,0.430731,0.634936,-0.199120,0.805517,-0.331805,-0.761992,-2.059222,0.860755,3.089199,1.792764,-0.186365,0.461330,0.270724,0.120287,0.116400,0.651361,-0.409661
46.894008,-0.872853,0.484885,0.359140,0.706576,0.882100,1.053364,-0.478654,0.035577,-0.146415,0.061645,0.323909,0.428820,0.634336,-0.199119,0.805151,-0.330879,-0.761457,-2.058984,0.860992,3.090518,1.791928,-0.184374,0.460100,0.270094,0.119990,0.116756,0.659124,-0.413511
46.894998,-0.877711,0.473177,0.358778,0.706046,0.881620,1.051384,-0.479025,0.043964,-0.127787,0.067164,0.320464,0.427892,0.634545,-0.199100,0.804972,-0.330408,-0.761187,-2.058864,0.861109,3.091191,1.791511,-0.182228,0.466348,0.269808,0.119772,0.117395,0.660949,-0.412867
46.896059,-0.874240,0.471547,0.361094,0.707305,0.880451,1.053608,-0.476981,0.044749,-0.123983,0.067408,0.324306,0.427171,0.636027,-0.199089,0.804786,-0.329938,-0.760921,-2.058750,0.861229,3.091848,1.791086,-0.184380,0.467868,0.268418,0.118064,0.118781,0.658943,-0.417201
46.897054,-0.879052,0.466949,0.357835,0.703586,0.881001,1.049554,-0.475375,0.037297,-0.137511,0.062224,0.336400,0.426579,0.638893,-0.199134,0.804608,-0.329464,-0.760649,-2.058623,0.861346,3.092518,1.790659,-0.182243,0.470478,0.269591,0.120919,0.118366,0.662975,-0.420475
46.897931,-0.877218,0.461243,0.356091,0.704276,0.884589,1.048970,-0.478141,0.021083,-0.166737,0.050122,0.354223,0.426265,0.642900,-0.199209,0.804423,-0.328985,-0.760379,-2.058508,0.861452,3.093188,1.790255,-0.183124,0.472865,0.269660,0.119316,0.114859,0.662976,-0.414807
46.899114,-0.881762,0.464223,0.353069,0.705205,0.888916,1.050092,-0.476408,-0.004938,-0.210513,0.029327,0.376826,0.426384,0.647994,-0.199266,0.804243,-0.328506,-0.760108,-2.058392,0.861558,3.093849,1.789828,-0.181577,0.472737,0.271246,0.118151,0.111048,0.662569,-0.418776
46.900020,-0.883490,0.459650,0.355174,0.703309,0.888352,1.054389,-0.474317,-0.004938,-0.210513,0.029327,0.376826,0.426384,0.647994,-0.199266,0.804243,-0.328506,-0.760108,-2.058392,0.861558,3.093849,1.789828,-0.181577,0.472737,0.271246,0.118151,0.111048,0.662569,-0.418776
46.901046,-0.883536,0.461146,0.353676,0.703823,0.889139,1.051117,-0.476687,-0.039943,-0.266050,0.000271,0.403346,0.427005,0.654084,-0.199315,0.804063,-0.328029,-0.759842,-2.058271,0.861669,3.094504,1.789397,-0.180789,0.474777,0.269508,0.119120,0.111754,0.657885,-0.422854
46.901949,-0.881567,0.463890,0.354650,0.701060,0.888976,1.051586,-0.477383,-0.080441,-0.328806,-0.033742,0.431819,0.428057,0.660785,-0.199349,0.803885,-0.327553,-0.759570,-2.058155,0.861776,3.095163,1.788983,-0.181162,0.474478,0.269878,0.118022,0.111250,0.661346,-0.418204
46.903025,-0.881213,0.461169,0.351086,0.699075,0.888382,1.052634,-0.477653,-0.154716,-0.445772,-0.095334,0.480240,0.430727,0.672730,-0.199258,0.803518,-0.326602,-0.759030,-2.057908,0.862002,3.096486,1.788154,-0.182783,0.475005,0.270248,0.121135,0.112399,0.659685,-0.416540
46.904067,-0.883278,0.458806,0.355095,0.697917,0.884736,1.057000,-0.478573,-0.184377,-0.493840,-0.119499,0.496370,0.432347,0.677212,-0.199193,0.803336,-0.326118,-0.758764,-2.057788,0.862125,3.097127,1.787746,-0.182123,0.476648,0.267922,0.121636,0.116225,0.655562,-0.414921
46.904942,-0.886530,0.450766,0.351157,0.695352,0.885594,1.059451,-0.479258,-0.212314,-0.540111,-0.141870,0.509942,0.434200,0.681123,-0.199178,0.803158,-0.325635,-0.758496,-2.057661,0.862240,3.097774,1.787336,-0.180504,0.480171,0.269157,0.123059,0.115345,0.652710,-0.413475
46.906027,-0.889256,0.441924,0.350578,0.693880,0.887443,1.061455,-0.478489,-0.212314,-0.540111,-0.141870,0.509942,0.434200,0.681123,-0.199178,0.803158,-0.325635,-0.758496,-2.057661,0.862240,3.097774,1.787336,-0.180504,0.480171,0.269157,0.123059,0.115345,0.652710,-0.413475
46.907060,-0.885733,0.447121,0.352684,0.694216,0.888438,1.066708,-0.479596,-0.279976,-0.649352,-0.197356,0.539849,0.438985,0.689281,-0.199371,0.802796,-0.324658,-0.757964,-2.057416,0.862461,3.099053,1.786510,-0.181802,0.482969,0.267909,0.122849,0.113113,0.646143,-0.413278
46.907929,-0.890533,0.450655,0.350924,0.694889,0.891632,1.068383,-0.479690,-0.314200,-0.705743,-0.224956,0.555712,0.441267,0.693133,-0.199596,0.802618,-0.324186,-0.757695,-2.057296,0.862561,3.099692,1.786094,-0.179356,0.480780,0.268011,0.121161,0.110046,0.644109,-0.412999
46.909017,-0.890572,0.461191,0.352055,0.698279,0.893683,1.068446,-0.480855,-0.342582,-0.752732,-0.246918,0.570013,0.443047,0.696231,-0.199867,0.802439,-0.323715,-0.757427,-2.057187,0.862667,3.100326,1.785691,-0.179892,0.476389,0.267265,0.117477,0.108405,0.644576,-0.410984
46.909973,-0.892454,0.461949,0.355512,0.695575,0.896318,1.067704,-0.482151,-0.361702,-0.785071,-0.260108,0.581329,0.444185,0.698183,-0.200143,0.802261,-0.323245,-0.757168,-2.057064,0.862770,3.100974,1.785285,-0.179152,0.476167,0.265092,0.119356,0.106005,0.645213,-0.408476
46.911037,-0.892893,0.469962,0.361444,0.694951,0.897482,1.071924,-0.482683,-0.367495,-0.798935,-0.260597,0.587088,0.444620,0.698526,-0.200411,0.802084,-0.322778,-0.756911,-2.056945,0.862871,3.101600,1.784879,-0.179432,0.472944,0.262009,0.119400,0.105257,0.641410,-0.407707
46.912134,-0.891647,0.466075,0.360032,0.695096,0.894846,1.074476,-0.483853,-0.367495,-0.798935,-0.260597,0.587088,0.444620,0.698526,-0.200411,0.802084,-0.322778,-0.756911,-2.056945,0.862871,3.101600,1.784879,-0.179432,0.472944,0.262009,0.119400,0.105257,0.641410,-0.407707
46.913009,-0.895528,0.465142,0.362766,0.692055,0.894189,1.074675,-0.485103,-0.359393,-0.795700,-0.247509,0.587331,0.444413,0.697275,-0.200661,0.801901,-0.322297,-0.756649,-2.056826,0.862984,3.102231,1.784483,-0.180563,0.475785,0.262677,0.118752,0.108271,0.639429,-0.405733
46.913958,-0.896255,0.465595,0.368409,0.692033,0.891836,1.077963,-0.485862,-0.341942,-0.782667,-0.224990,0.584871,0.443791,0.694996,-0.200877,0.801722,-0.321827,-0.756391,-2.056699,0.863092,3.102871,1.784084,-0.178593,0.475855,0.260632,0.120664,0.108984,0.638871,-0.403196
46.914984,-0.893960,0.475105,0.367519,0.691679,0.894815,1.081099,-0.486627,-0.287143,-0.739916,-0.159180,0.575305,0.441352,0.688378,-0.201283,0.801362,-0.320890,-0.755881,-2.056461,0.863312,3.104131,1.783296,-0.179949,0.471496,0.257687,0.119573,0.108763,0.632685,-0.400541
46.916078,-0.893971,0.479667,0.366361,0.693041,0.895885,1.083237,-0.489060,-0.287143,-0.739916,-0.159180,0.575305,0.441352,0.688378,-0.201283,0.801362,-0.320890,-0.755881,-2.056461,0.863312,3.104131,1.783296,-0.179949,0.471496,0.257687,0.119573,0.108763,0.632685,-0.400541
46.917097,-0.893796,0.487531,0.368348,0.694629,0.899681,1.081509,-0.489137,-0.248364,-0.706166,-0.115056,0.566505,0.439261,0.683941,-0.201525,0.801181,-0.320422,-0.755622,-2.056346,0.863419,3.104760,1.782910,-0.180446,0.470211,0.258224,0.117791,0.108100,0.631117,-0.396055
46.918092,-0.898411,0.499194,0.369998,0.693258,0.901898,1.080182,-0.490203,-0.203933,-0.663944,-0.066071,0.555144,0.436656,0.678956,-0.201791,0.800998,-0.319959,-0.755367,-2.056235,0.863513,3.105396,1.782515,-0.180851,0.466845,0.257000,0.115730,0.104691,0.633101,-0.396189
46.918979,-0.900093,0.498246,0.368230,0.692080,0.902450,1.080333,-0.491119,-0.154276,-0.611991,-0.013115,0.540491,0.433618,0.673394,-0.202099,0.800824,-0.319511,-0.755117,-2.056119,0.863612,3.106042,1.782124,-0.178877,0.461613,0.255959,0.116481,0.102826,0.634491,-0.394252
46.920075,-0.904929,0.498068,0.369772,0.691946,0.905070,1.076947,-0.492117,-0.101222,-0.549827,0.041209,0.520822,0.430462,0.667281,-0.202470,0.800650,-0.319049,-0.754862,-2.056003,0.863710,3.106677,1.781735,-0.178130,0.461944,0.256276,0.116778,0.102488,0.634021,-0.392449
46.920996,-0.900120,0.496599,0.368629,0.688210,0.906319,1.074010,-0.492799,-0.050587,-0.484858,0.091249,0.498382,0.427617,0.661244,-0.202896,0.800477,-0.318582,-0.754610,-2.055885,0.863807,3.107325,1.781348,-0.176321,0.463041,0.255538,0.116448,0.100341,0.637902,-0.390869
46.921991,-0.905015,0.492629,0.368457,0.688584,0.906692,1.071456,-0.492797,-0.005878,-0.424106,0.134116,0.475609,0.425307,0.655684,-0.203364,0.800292,-0.318121,-0.754355,-2.055761,0.863903,3.107981,1.780957,-0.178815,0.463792,0.255637,0.119215,0.099372,0.640535,-0.389590
46.922939,-0.903201,0.493238,0.365985,0.687970,0.906225,1.071213,-0.493148,0.032181,-0.370924,0.169504,0.453346,0.423602,0.650680,-0.203881,0.800119,-0.317651,-0.754098,-2.055646,0.864001,3.108629,1.780569,-0.176697,0.466147,0.255420,0.118199,0.099355,0.643143,-0.389840
46.923936,-0.903685,0.495571,0.366245,0.687184,0.907200,1.065541,-0.493902,0.061543,-0.329261,0.195955,0.434001,0.422529,0.646599,-0.204427,0.799939,-0.317191,-0.753841,-2.055529,0.864103,3.109278,1.780182,-0.177803,0.466007,0.256235,0.118044,0.100072,0.643221,-0.389277
46.925096,-0.902149,0.504927,0.368038,0.685852,0.910695,1.062398,-0.493847,0.082787,-0.298504,0.214264,0.418122,0.421946,0.643449,-0.204962,0.799762,-0.316724,-0.753587,-2.055410,0.864197,3.109927,1.779801,-0.177872,0.465242,0.255829,0.118141,0.099468,0.649004,-0.388019
46.926020,-0.900478,0.500701,0.365858,0.685373,0.911154,1.059517,-0.494762,0.101047,-0.271396,0.229108,0.402366,0.421558,0.640540,-0.205458,0.799581,-0.316262,-0.753336,-2.055289,0.864287,3.110590,1.779410,-0.179333,0.461977,0.255160,0.119077,0.096600,0.652743,-0.388658
46.926937,-0.899088,0.501433,0.363234,0.685632,0.911448,1.056719,-0.495342,0.120034,-0.242941,0.243951,0.384457,0.421147,0.637408,-0.205906,0.799395,-0.315797,-0.753078,-2.055168,0.864381,3.111258,1.779025,-0.180212,0.464129,0.255753,0.118623,0.096454,0.655262,-0.386918
46.928022,-0.903089,0.501997,0.366512,0.683520,0.913268,1.053122,-0.496115,0.138317,-0.215755,0.257846,0.366381,0.420695,0.634349,-0.206318,0.799215,-0.315331,-0.752819,-2.055052,0.864479,3.111911,1.778641,-0.180994,0.463681,0.256524,0.117558,0.096402,0.657773,-0.385870
46.928963,-0.899249,0.501974,0.360272,0.681624,0.913221,1.051406,-0.496241,0.153726,-0.192778,0.269091,0.350090,0.420280,0.631674,-0.206732,0.799040,-0.314868,-0.752565,-2.054927,0.864572,3.112579,1.778260,-0.179535,0.464390,0.254854,0.119025,0.095085,0.661671,-0.384739
46.930117,-0.897005,0.503517,0.361485,0.679815,0.914476,1.054374,-0.494605,0.165609,-0.173645,0.276885,0.334795,0.420059,0.629327,-0.207189,0.798853,-0.314406,-0.752300,-2.054805,0.864668,3.113248,1.777872,-0.181564,0.464522,0.257466,0.120023,0.095450,0.663071,-0.384628
46.930999,-0.894769,0.494444,0.360749,0.674808,0.915967,1.054978,-0.495386,0.180340,-0.143196,0.283035,0.302784,0.420582,0.625142,-0.208282,0.798480,-0.313459,-0.751790,-2.054550,0.864849,3.114558,1.777092,-0.184319,0.469232,0.256776,0.125137,0.093586,0.659680,-0.386843
46.932087,-0.897544,0.493990,0.357448,0.674394,0.916366,1.058357,-0.496268,0.180340,-0.143196,0.283035,0.302784,0.420582,0.625142,-0.208282,0.798480,-0.313459,-0.751790,-2.054550,0.864849,3.114558,1.777092,-0.184319,0.469232,0.256776,0.125137,0.093586,0.659680,-0.386843
46.933007,-0.894992,0.491493,0.359503,0.674133,0.917218,1.061968,-0.496525,0.182098,-0.135406,0.280774,0.286674,0.421425,0.623551,-0.208826,0.798302,-0.312982,-0.751526,-2.054425,0.864942,3.115206,1.776709,-0.183447,0.470258,0.258315,0.124862,0.093718,0.656702,-0.385496
46.933949,-0.896639,0.490579,0.355566,0.673255,0.917867,1.065916,-0.496161,0.177533,-0.136414,0.272900,0.273432,0.422668,0.622768,-0.209289,0.798115,-0.312506,-0.751272,-2.054305,0.865035,3.115859,1.776325,-0.184766,0.471344,0.256789,0.124214,0.093154,0.652810,-0.385104
46.934939,-0.896090,0.491379,0.354073,0.673787,0.919780,1.068242,-0.496888,0.167616,-0.145710,0.260886,0.264934,0.424077,0.622896,-0.209651,0.797931,-0.312038,-0.751008,-2.054181,0.865126,3.116505,1.775939,-0.184036,0.471853,0.258259,0.124163,0.092856,0.648708,-0.385985
46.936028,-0.897113,0.497710,0.359567,0.674882,0.921628,1.070094,-0.495960,0.152639,-0.162004,0.244904,0.261542,0.425611,0.623916,-0.209915,0.797747,-0.311564,-0.750749,-2.054062,0.865215,3.117154,1.775558,-0.184545,0.471715,0.258648,0.122897,0.091359,0.646426,-0.384754
46.937176,-0.898778,0.502130,0.357405,0.673421,0.923996,1.073437,-0.495281,0.135416,-0.181464,0.227754,0.262649,0.427097,0.625467,-0.210099,0.797562,-0.311104,-0.750499,-2.053942,0.865304,3.117794,1.775167,-0.184481,0.469573,0.255918,0.121256,0.090076,0.645060,-0.387030
46.938029,-0.896433,0.503414,0.356481,0.669382,0.923144,1.077293,-0.494601,0.120623,-0.198344,0.214058,0.266227,0.428314,0.626961,-0.210231,0.797381,-0.310635,-0.750238,-2.053819,0.865389,3.118426,1.774773,-0.184302,0.468673,0.257116,0.122259,0.088384,0.642458,-0.388860
46.939051,-0.896236,0.508199,0.359922,0.668574,0.922125,1.078114,-0.494252,0.109776,-0.208576,0.204338,0.268562,0.429445,0.628005,-0.210347,0.797193,-0.310166,-0.749984,-2.053687,0.865476,3.119060,1.774379,-0.185327,0.467538,0.256905,0.125003,0.089525,0.638156,-0.390164
46.940017,-0.902130,0.510585,0.354586,0.667867,0.921220,1.079518,-0.493477,0.104965,-0.208838,0.199964,0.266405,0.430543,0.628236,-0.210472,0.797005,-0.309706,-0.749730,-2.053560,0.865570,3.119701,1.773983,-0.185673,0.465779,0.254974,0.124934,0.090968,0.637576,-0.391105
46.940936,-0.903936,0.509508,0.354667,0.665788,0.921852,1.079586,-0.492808,0.105845,-0.199530,0.200535,0.259964,0.431573,0.627730,-0.210592,0.796827,-0.309244,-0.749467,-2.053437,0.865664,3.120330,1.773590,-0.182930,0.464865,0.257238,0.124765,0.092224,0.636212,-0.392817
46.942030,-0.904975,0.512663,0.356085,0.666202,0.922923,1.083031,-0.492332,0.106601,-0.186286,0.200084,0.251639,0.432797,0.627185,-0.210676,0.796644,-0.308780,-0.749213,-2.053308,0.865757,3.120967,1.773192,-0.182117,0.465399,0.256695,0.125752,0.091873,0.635976,-0.394205
46.943033,-0.902795,0.517880,0.358443,0.665790,0.925354,1.077761,-0.491875,0.102644,-0.160436,0.192810,0.236447,0.435406,0.627328,-0.210679,0.796274,-0.307857,-0.748711,-2.053064,0.865932,3.122234,1.772395,-0.183426,0.462745,0.254637,0.124393,0.089396,0.638559,-0.396627
46.944013,-0.903633,0.521082,0.358851,0.665270,0.926886,1.078468,-0.491310,0.102644,-0.160436,0.192810,0.236447,0.435406,0.627328,-0.210679,0.796274,-0.307857,-0.748711,-2.053064,0.865932,3.122234,1.772395,-0.183426,0.462745,0.254637,0.124393,0.089396,0.638559,-0.396627
46.944977,-0.908682,0.519622,0.355371,0.663224,0.928704,1.078339,-0.490887,0.105265,-0.143746,0.194340,0.229577,0.436005,0.627443,-0.210629,0.796088,-0.307403,-0.748458,-2.052938,0.866018,3.122877,1.771990,-0.183166,0.461600,0.254145,0.124004,0.088321,0.637813,-0.397892
46.945995,-0.911041,0.529179,0.354955,0.662723,0.930369,1.078385,-0.491911,0.110132,-0.125173,0.198365,0.223052,0.436196,0.627582,-0.210578,0.795913,-0.306936,-0.748196,-2.052812,0.866104,3.123509,1.771594,-0.180886,0.462558,0.255464,0.125122,0.086920,0.637976,-0.398878
46.947035,-0.905918,0.529169,0.352425,0.663271,0.930434,1.076300,-0.492365,0.112179,-0.107854,0.199204,0.216946,0.436440,0.628107,-0.210525,0.795733,-0.306488,-0.747941,-2.052688,0.866187,3.124148,1.771199,-0.180069,0.458485,0.255447,0.124826,0.085781,0.638126,-0.397038
46.947948,-0.902296,0.528144,0.348876,0.664250,0.931944,1.074810,-0.493312,0.111691,-0.090670,0.196966,0.210678,0.436757,0.628830,-0.210460,0.795543,-0.306026,-0.747682,-2.052566,0.866276,3.124794,1.770805,-0.182944,0.459260,0.256522,0.123587,0.086230,0.640474,-0.396430
46.948914,-0.903360,0.522189,0.352769,0.664621,0.932064,1.075009,-0.493685,0.110546,-0.074754,0.194286,0.206025,0.436878,0.629612,-0.210363,0.795357,-0.305560,-0.747419,-2.052447,0.866359,3.125429,1.770412,-0.184751,0.459682,0.257696,0.121697,0.085093,0.641759,-0.394585
46.949966,-0.904306,0.520622,0.354109,0.664279,0.932039,1.075676,-0.493791,0.108162,-0.065536,0.191761,0.206726,0.436653,0.630769,-0.210205,0.795172,-0.305095,-0.747169,-2.052330,0.866445,3.126074,1.770016,-0.184350,0.462928,0.255415,0.120613,0.085410,0.641505,-0.393996
46.951038,-0.901454,0.520283,0.354699,0.662828,0.931680,1.074572,-0.493975,0.103470,-0.067945,0.189295,0.215477,0.436041,0.632697,-0.209985,0.794988,-0.304625,-0.746916,-2.052212,0.866534,3.126702,1.769625,-0.184259,0.464395,0.254662,0.120400,0.085954,0.641237,-0.394109
46.951937,-0.898321,0.516663,0.348703,0.661911,0.932173,1.072705,-0.494113,0.096994,-0.081983,0.187363,0.231273,0.435070,0.635406,-0.209745,0.794800,-0.304156,-0.746666,-2.052089,0.866624,3.127349,1.769229,-0.186091,0.465388,0.254376,0.121230,0.086844,0.642716,-0.394072
46.952927,-0.903422,0.515733,0.350660,0.661645,0.932165,1.072065,-0.493788,0.089386,-0.104777,0.185708,0.250958,0.433882,0.638716,-0.209540,0.794608,-0.303690,-0.746401,-2.051968,0.866706,3.128002,1.768834,-0.187550,0.467032,0.256738,0.121160,0.086712,0.644228,-0.393823
46.954032,-0.905122,0.517915,0.349452,0.661433,0.934223,1.067019,-0.493987,0.078775,-0.135670,0.181649,0.273022,0.432737,0.642789,-0.209389,0.794427,-0.303216,-0.746148,-2.051850,0.866794,3.128648,1.768441,-0.185232,0.467772,0.255452,0.120722,0.087167,0.644901,-0.394680
46.954953,-0.905431,0.517328,0.345017,0.661520,0.934085,1.062448,-0.492852,0.063521,-0.173860,0.173055,0.296767,0.431823,0.647762,-0.209302,0.794244,-0.302752,-0.745893,-2.051730,0.866876,3.129312,1.768045,-0.184918,0.467763,0.256104,0.120454,0.085747,0.650385,-0.394662
46.955949,-0.907810,0.514995,0.345697,0.660602,0.936262,1.059553,-0.492562,0.019304,-0.262667,0.140586,0.344408,0.431117,0.659474,-0.209293,0.793881,-0.301798,-0.745376,-2.051493,0.867045,3.130639,1.767237,-0.183922,0.469338,0.257133,0.119733,0.084569,0.657454,-0.397718
46.957000,-0.911047,0.515244,0.342048,0.659683,0.936467,1.060542,-0.494191,0.019304,-0.262667,0.140586,0.344408,0.431117,0.659474,-0.209293,0.793881,-0.301798,-0.745376,-2.051493,0.867045,3.130639,1.767237,-0.183922,0.469338,0.257133,0.119733,0.084569,0.657454,-0.397718
46.958034,-0.914818,0.503438,0.334070,0.659348,0.939394,1.055270,-0.493963,-0.010048,-0.311712,0.116040,0.367433,0.431474,0.665873,-0.209293,0.793699,-0.301331,-0.745114,-2.051374,0.867129,3.131307,1.766847,-0.182701,0.469926,0.258773,0.120045,0.084942,0.656582,-0.394743
46.958931,-0.914822,0.501424,0.329382,0.657172,0.939754,1.055784,-0.493293,-0.102306,-0.438085,0.030939,0.418162,0.435003,0.681112,-0.209201,0.793342,-0.300365,-0.744581,-2.051132,0.867286,3.132638,1.766052,-0.181289,0.476892,0.264118,0.120933,0.082650,0.661003,-0.396858
46.959988,-0.917294,0.509021,0.336172,0.655177,0.941980,1.055858,-0.493975,-0.164346,-0.513822,-0.029023,0.444658,0.438217,0.689584,-0.209136,0.793162,-0.299894,-0.744325,-2.051007,0.867361,3.133303,1.765661,-0.180480,0.473774,0.260559,0.122206,0.081068,0.661136,-0.395797
46.960968,-0.914273,0.505626,0.336928,0.657770,0.943876,1.058194,-0.494013,-0.164346,-0.513822,-0.029023,0.444658,0.438217,0.689584,-0.209136,0.793162,-0.299894,-0.744325,-2.051007,0.867361,3.133303,1.765661,-0.180480,0.473774,0.260559,0.122206,0.081068,0.661136,-0.395797
46.962057,-0.916620,0.505173,0.336129,0.655794,0.943992,1.056762,-0.492819,-0.223137,-0.583653,-0.086103,0.467661,0.441428,0.697247,-0.209074,0.792977,-0.299410,-0.744068,-2.050895,0.867437,3.133960,1.765265,-0.182213,0.475618,0.259864,0.118993,0.079718,0.658711,-0.395898
46.963059,-0.921024,0.503967,0.338978,0.657105,0.946978,1.059090,-0.494941,-0.274166,-0.645764,-0.134646,0.488871,0.444119,0.703932,-0.208994,0.792795,-0.298934,-0.743807,-2.050772,0.867519,3.134614,1.764857,-0.181500,0.476675,0.260181,0.120406,0.080251,0.660571,-0.398629
46.964025,-0.919638,0.509435,0.337539,0.655448,0.946550,1.061200,-0.496428,-0.319148,-0.702770,-0.176082,0.510115,0.446337,0.709921,-0.208882,0.792620,-0.298452,-0.743549,-2.050656,0.867590,3.135257,1.764472,-0.179649,0.477534,0.258448,0.118446,0.077864,0.658318,-0.394572
46.964967,-0.917333,0.508540,0.336092,0.654957,0.947332,1.065514,-0.497308,-0.358383,-0.753509,-0.210974,0.530948,0.448138,0.715202,-0.208733,0.792438,-0.297979,-0.743290,-2.050535,0.867671,3.135910,1.764088,-0.180564,0.474906,0.258787,0.119317,0.078801,0.656114,-0.391797
46.966049,-0.917850,0.511995,0.341011,0.654826,0.950806,1.067937,-0.499133,-0.389914,-0.793865,-0.237870,0.549255,0.449462,0.719431,-0.208574,0.792253,-0.297505,-0.743029,-2.050416,0.867750,3.136550,1.763698,-0.181820,0.475372,0.259011,0.118958,0.078475,0.651668,-0.390177
46.966979,-0.918111,0.512277,0.338940,0.653324,0.952086,1.072923,-0.499028,-0.412049,-0.822021,-0.255172,0.564138,0.450189,0.722365,-0.208469,0.792070,-0.297030,-0.742774,-2.050298,0.867819,3.137188,1.763319,-0.182010,0.474450,0.256488,0.118593,0.075722,0.649726,-0.386931
46.968019,-0.917983,0.508558,0.340948,0.651275,0.953784,1.078129,-0.498335,-0.424664,-0.838582,-0.262636,0.575924,0.450277,0.723996,-0.208466,0.791886,-0.296558,-0.742519,-2.050179,0.867891,3.137821,1.762932,-0.181959,0.474260,0.257100,0.119251,0.074985,0.644592,-0.387289
46.968932,-0.917166,0.515603,0.341166,0.649815,0.952742,1.082469,-0.497957,-0.430340,-0.846571,-0.263041,0.585047,0.449950,0.724599,-0.208580,0.791705,-0.296077,-0.742264,-2.050056,0.867964,3.138445,1.762544,-0.182413,0.476646,0.255929,0.120587,0.073943,0.639765,-0.388996
46.970111,-0.914572,0.519781,0.336375,0.651131,0.957293,1.085008,-0.498864,-0.424481,-0.840109,-0.247644,0.593963,0.448454,0.723242,-0.209099,0.791330,-0.295142,-0.741750,-2.049815,0.868101,3.139704,1.761765,-0.184775,0.472392,0.257937,0.119436,0.071817,0.633648,-0.388535
46.971044,-0.916897,0.527226,0.340792,0.648670,0.958138,1.086585,-0.500598,-0.412690,-0.822243,-0.232842,0.592103,0.447401,0.721210,-0.209387,0.791149,-0.294683,-0.741497,-2.049692,0.868172,3.140330,1.761390,-0.183703,0.468742,0.255245,0.120985,0.071538,0.632005,-0.385214
46.972049,-0.913771,0.525584,0.340728,0.649722,0.958235,1.090011,-0.499897,-0.412690,-0.822243,-0.232842,0.592103,0.447401,0.721210,-0.209387,0.791149,-0.294683,-0.741497,-2.049692,0.868172,3.140330,1.761390,-0.183703,0.468742,0.255245,0.120985,0.071538,0.632005,-0.385214
46.973044,-0.914811,0.532353,0.337083,0.648691,0.960160,1.090656,-0.501704,-0.394312,-0.794294,-0.212718,0.586093,0.446114,0.718316,-0.209642,0.790960,-0.294214,-0.741247,-2.049577,0.868245,3.140957,1.760997,-0.185497,0.470049,0.255112,0.119308,0.072061,0.628784,-0.386894
46.974018,-0.915382,0.539551,0.343422,0.646904,0.963241,1.092486,-0.501686,-0.370743,-0.759454,-0.188318,0.577825,0.444596,0.714839,-0.209851,0.790777,-0.293751,-0.740986,-2.049457,0.868310,3.141577,1.760621,-0.185208,0.467062,0.256605,0.119626,0.070800,0.628389,-0.383505
46.975031,-0.912894,0.535234,0.341371,0.647225,0.964412,1.095078,-0.501031,-0.342834,-0.717584,-0.160826,0.566756,0.442951,0.710748,-0.210006,0.790594,-0.293290,-0.740741,-2.049332,0.868372,3.142206,1.760240,-0.185119,0.463797,0.253173,0.120532,0.068383,0.626628,-0.383796
46.976031,-0.913377,0.533548,0.338131,0.644944,0.965468,1.100512,-0.500329,-0.309927,-0.668761,-0.129331,0.552644,0.441116,0.705963,-0.210149,0.790403,-0.292824,-0.740487,-2.049216,0.868439,3.142833,1.759850,-0.186572,0.466522,0.254023,0.119581,0.067909,0.624282,-0.385370
46.976944,-0.916203,0.532306,0.331229,0.644929,0.969204,1.099610,-0.502527,-0.276755,-0.621361,-0.097761,0.539179,0.439233,0.701204,-0.210324,0.790217,-0.292352,-0.740226,-2.049093,0.868505,3.143442,1.759463,-0.186550,0.467707,0.255318,0.121082,0.067524,0.619122,-0.387012
46.977972,-0.913137,0.532823,0.333685,0.643585,0.968949,1.099341,-0.502814,-0.236802,-0.558587,-0.062575,0.522732,0.436991,0.694702,-0.210665,0.789846,-0.291419,-0.739712,-2.048852,0.868629,3.144703,1.758712,-0.186997,0.468573,0.256780,0.120850,0.065405,0.620469,-0.382493
46.979055,-0.912688,0.536469,0.329542,0.640476,0.969601,1.098265,-0.503498,-0.228660,-0.540953,-0.058055,0.517860,0.436578,0.692718,-0.210807,0.789658,-0.290949,-0.739445,-2.048726,0.868696,3.145325,1.758328,-0.187616,0.467616,0.258705,0.123285,0.065520,0.622115,-0.381520
46.980094,-0.918771,0.536814,0.327395,0.639916,0.970975,1.096490,-0.502347,-0.228660,-0.540953,-0.058055,0.517860,0.436578,0.692718,-0.210807,0.789658,-0.290949,-0.739445,-2.048726,0.868696,3.145325,1.758328,-0.187616,0.467616,0.258705,0.123285,0.065520,0.622115,-0.381520
46.981060,-0.921733,0.540161,0.334211,0.637498,0.974688,1.092748,-0.503396,-0.225302,-0.527467,-0.059712,0.511901,0.436591,0.691063,-0.210989,0.789476,-0.290484,-0.739185,-2.048603,0.868759,3.145960,1.757937,-0.184914,0.468137,0.259558,0.123112,0.064886,0.624200,-0.384151
46.981999,-0.919904,0.533980,0.327205,0.635585,0.973900,1.092938,-0.504268,-0.226835,-0.517179,-0.067714,0.504466,0.437081,0.689658,-0.211195,0.789297,-0.290016,-0.738934,-2.048474,0.868814,3.146586,1.757560,-0.183680,0.466652,0.255786,0.124527,0.061892,0.628026,-0.382227
46.983099,-0.918889,0.534806,0.323068,0.635177,0.974186,1.092910,-0.503168,-0.239089,-0.506281,-0.094995,0.487473,0.438993,0.687142,-0.211620,0.788921,-0.289069,-0.738406,-2.048222,0.868946,3.147862,1.756784,-0.185615,0.470278,0.260784,0.125169,0.063821,0.628250,-0.383272
46.984130,-0.920636,0.537589,0.323984,0.633125,0.974781,1.093074,-0.502793,-0.239089,-0.506281,-0.094995,0.487473,0.438993,0.687142,-0.211620,0.788921,-0.289069,-0.738406,-2.048222,0.868946,3.147862,1.756784,-0.185615,0.470278,0.260784,0.125169,0.063821,0.628250,-0.383272
46.984970,-0.922275,0.531881,0.319625,0.629287,0.976212,1.087429,-0.503437,-0.251679,-0.509204,-0.115680,0.480268,0.440484,0.686330,-0.211867,0.788737,-0.288598,-0.738144,-2.048095,0.869012,3.148491,1.756397,-0.185058,0.469430,0.260047,0.126421,0.063937,0.628390,-0.384302
46.985956,-0.921265,0.531507,0.316492,0.628532,0.976012,1.087324,-0.502229,-0.267030,-0.515044,-0.139634,0.472542,0.442271,0.685614,-0.212107,0.788555,-0.288127,-0.737876,-2.047961,0.869076,3.149132,1.756016,-0.184121,0.471725,0.261384,0.128856,0.062978,0.633567,-0.382966
46.986961,-0.921197,0.527584,0.315109,0.628196,0.975486,1.082969,-0.500096,-0.285489,-0.523587,-0.167309,0.463593,0.444427,0.684979,-0.212301,0.788373,-0.287652,-0.737616,-2.047835,0.869145,3.149766,1.755629,-0.184874,0.472127,0.262584,0.128700,0.063818,0.633722,-0.385640
46.988019,-0.922889,0.529505,0.314263,0.627187,0.975980,1.083573,-0.499877,-0.329949,-0.552130,-0.229847,0.448620,0.449194,0.684550,-0.212575,0.788003,-0.286698,-0.737090,-2.047581,0.869278,3.151061,1.754828,-0.184679,0.474105,0.263142,0.128387,0.065258,0.637864,-0.390810
46.988976,-0.929184,0.531776,0.311504,0.624510,0.976572,1.079155,-0.499434,-0.354176,-0.569746,-0.262592,0.443288,0.451561,0.684779,-0.212662,0.787827,-0.286225,-0.736824,-2.047447,0.869345,3.151708,1.754439,-0.181747,0.473057,0.264022,0.129929,0.065275,0.642242,-0.391853
46.989952,-0.926482,0.530756,0.309917,0.624235,0.977860,1.077458,-0.497826,-0.354176,-0.569746,-0.262592,0.443288,0.451561,0.684779,-0.212662,0.787827,-0.286225,-0.736824,-2.047447,0.869345,3.151708,1.754439,-0.181747,0.473057,0.264022,0.129929,0.065275,0.642242,-0.391853
46.990994,-0.933487,0.536094,0.309130,0.621932,0.978197,1.077445,-0.496220,-0.379355,-0.585713,-0.296551,0.437186,0.454044,0.685069,-0.212733,0.787640,-0.285754,-0.736559,-2.047320,0.869408,3.152357,1.754034,-0.183302,0.473815,0.264357,0.129246,0.064648,0.643879,-0.395218
46.991973,-0.932985,0.533267,0.307449,0.621094,0.980571,1.076450,-0.494832,-0.404261,-0.598004,-0.330469,0.429663,0.456617,0.685227,-0.212822,0.787464,-0.285283,-0.736294,-2.047188,0.869473,3.153008,1.753624,-0.180201,0.471746,0.264479,0.130635,0.065061,0.644098,-0.398656
46.993062,-0.930804,0.537848,0.313173,0.618514,0.979163,1.077230,-0.493719,-0.428560,-0.605927,-0.363938,0.420589,0.459316,0.685198,-0.212920,0.787285,-0.284805,-0.736031,-2.047055,0.869532,3.153650,1.753224,-0.180745,0.473359,0.264905,0.130381,0.063374,0.645130,-0.401577
46.994131,-0.931613,0.541206,0.316621,0.616737,0.979991,1.077504,-0.493475,-0.449289,-0.608388,-0.393464,0.409996,0.461914,0.684746,-0.212993,0.787098,-0.284337,-0.735772,-2.046919,0.869604,3.154294,1.752815,-0.182279,0.471984,0.261954,0.132061,0.065561,0.644783,-0.404113
46.995062,-0.931088,0.543650,0.314094,0.615297,0.979301,1.080418,-0.493377,-0.459646,-0.601048,-0.411515,0.396712,0.463866,0.683274,-0.213027,0.786918,-0.283866,-0.735514,-2.046782,0.869670,3.154929,1.752410,-0.182327,0.471097,0.260138,0.132861,0.065470,0.644937,-0.404874
46.995962,-0.930209,0.540722,0.312467,0.614804,0.980971,1.082422,-0.494820,-0.457538,-0.581913,-0.415932,0.380105,0.464982,0.680589,-0.213017,0.786735,-0.283397,-0.735255,-2.046649,0.869737,3.155567,1.752002,-0.182689,0.469847,0.260914,0.133091,0.066748,0.641847,-0.405096
46.997066,-0.926058,0.548899,0.309723,0.614279,0.983784,1.086098,-0.495712,-0.447201,-0.555256,-0.411073,0.362371,0.465445,0.677195,-0.212942,0.786549,-0.282929,-0.734991,-2.046518,0.869798,3.156200,1.751602,-0.183112,0.471149,0.261078,0.132386,0.065637,0.639618,-0.402188
46.997974,-0.928049,0.551365,0.316217,0.614039,0.982424,1.090517,-0.495247,-0.411323,-0.490215,-0.383341,0.330189,0.464760,0.669521,-0.212598,0.786175,-0.282005,-0.734477,-2.046256,0.869928,3.157452,1.750800,-0.184632,0.466835,0.258624,0.131201,0.065599,0.631952,-0.401762
46.999002,-0.924383,0.553931,0.316233,0.611635,0.983361,1.093081,-0.495302,-0.411323,-0.490215,-0.383341,0.330189,0.464760,0.669521,-0.212598,0.786175,-0.282005,-0.734477,-2.046256,0.869928,3.157452,1.750800,-0.184632,0.466835,0.258624,0.131201,0.065599,0.631952,-0.401762
46.999976,-0.926732,0.552585,0.320027,0.609200,0.982564,1.095057,-0.496406,-0.382458,-0.449505,-0.356854,0.315798,0.463303,0.665097,-0.212418,0.785984,-0.281543,-0.734217,-2.046122,0.869991,3.158071,1.750403,-0.186735,0.466205,0.258402,0.132609,0.065376,0.629768,-0.401895
47.001013,-0.927360,0.557747,0.321514,0.609884,0.983112,1.098126,-0.497527,-0.304358,-0.358565,-0.279679,0.290172,0.458250,0.655673,-0.212111,0.785612,-0.280610,-0.733714,-2.045856,0.870127,3.159318,1.749607,-0.185701,0.465215,0.255353,0.132282,0.066954,0.625203,-0.397839
47.001922,-0.929323,0.562076,0.315750,0.611102,0.983327,1.096889,-0.497462,-0.304358,-0.358565,-0.279679,0.290172,0.458250,0.655673,-0.212111,0.785612,-0.280610,-0.733714,-2.045856,0.870127,3.159318,1.749607,-0.185701,0.465215,0.255353,0.132282,0.066954,0.625203,-0.397839
47.003083,-0.929051,0.564661,0.316013,0.609850,0.985871,1.100109,-0.498306,-0.261607,-0.314243,-0.235762,0.281097,0.455061,0.651409,-0.212004,0.785428,-0.280148,-0.733452,-2.045731,0.870195,3.159939,1.749213,-0.184740,0.462980,0.257656,0.130021,0.067268,0.626349,-0.398040
47.004033,-0.930817,0.563071,0.316373,0.608022,0.986188,1.099324,-0.500532,-0.222173,-0.273893,-0.194770,0.275662,0.451853,0.647939,-0.211910,0.785241,-0.279689,-0.733196,-2.045602,0.870259,3.160561,1.748817,-0.185497,0.463203,0.257686,0.130705,0.065614,0.623960,-0.396830
47.005051,-0.932674,0.565287,0.310886,0.608456,0.987521,1.100465,-0.499672,-0.188098,-0.239728,-0.159084,0.273312,0.448844,0.645412,-0.211790,0.785061,-0.279222,-0.732941,-2.045473,0.870328,3.161180,1.748437,-0.184772,0.464122,0.257090,0.131485,0.065886,0.624828,-0.392526
47.006026,-0.935434,0.561680,0.319191,0.606148,0.987144,1.098636,-0.498857,-0.161086,-0.214151,-0.130589,0.273890,0.446218,0.643949,-0.211644,0.784877,-0.278757,-0.732681,-2.045344,0.870390,3.161808,1.748041,-0.184142,0.463546,0.259594,0.130144,0.065279,0.623932,-0.394544
47.006945,-0.941877,0.559921,0.316630,0.606691,0.986698,1.101486,-0.500538,-0.130091,-0.195573,-0.095979,0.286411,0.442266,0.644446,-0.211369,0.784520,-0.277825,-0.732174,-2.045084,0.870530,3.163056,1.747254,-0.179891,0.466480,0.255928,0.129753,0.067245,0.622906,-0.393000
47.008142,-0.943127,0.562481,0.316546,0.606883,0.985807,1.100038,-0.499744,-0.130091,-0.195573,-0.095979,0.286411,0.442266,0.644446,-0.211369,0.784520,-0.277825,-0.732174,-2.045084,0.870530,3.163056,1.747254,-0.179891,0.466480,0.255928,0.129753,0.067245,0.622906,-0.393000
47.009022,-0.942368,0.561409,0.313819,0.606474,0.984297,1.097223,-0.499849,-0.126853,-0.205739,-0.089638,0.300408,0.440906,0.646609,-0.211246,0.784340,-0.277360,-0.731922,-2.044955,0.870605,3.163688,1.746855,-0.180078,0.466826,0.256289,0.129050,0.068989,0.625351,-0.395186
47.009979,-0.939083,0.554897,0.313624,0.603778,0.985373,1.096299,-0.500056,-0.131709,-0.227345,-0.090627,0.319017,0.439971,0.649887,-0.211156,0.784158,-0.276890,-0.731661,-2.044829,0.870681,3.164333,1.746460,-0.180437,0.467018,0.256984,0.128333,0.070914,0.627782,-0.394946
47.011004,-0.949899,0.551123,0.315324,0.602579,0.985660,1.096689,-0.500620,-0.141357,-0.256960,-0.095778,0.340114,0.439285,0.653795,-0.211089,0.783974,-0.276408,-0.731403,-2.044696,0.870749,3.164958,1.746068,-0.182236,0.470294,0.256657,0.129915,0.070406,0.628730,-0.394675
47.011958,-0.951803,0.550131,0.311994,0.603891,0.985222,1.094562,-0.500041,-0.155781,-0.295202,-0.105134,0.362878,0.438887,0.658316,-0.210998,0.783805,-0.275933,-0.731152,-2.044565,0.870822,3.165592,1.745675,-0.177256,0.472643,0.255653,0.130175,0.070762,0.628586,-0.393806
47.013131,-0.950632,0.549089,0.316875,0.603541,0.987927,1.094318,-0.501170,-0.178407,-0.344620,-0.122214,0.388261,0.438989,0.663831,-0.210862,0.783630,-0.275457,-0.730890,-2.044442,0.870899,3.166221,1.745281,-0.176595,0.473166,0.256869,0.127941,0.071706,0.630740,-0.395116
47.013969,-0.946331,0.545018,0.321953,0.602592,0.986618,1.089750,-0.500648,-0.237050,-0.465729,-0.167061,0.446732,0.439514,0.677102,-0.210561,0.783263,-0.274496,-0.730397,-2.044185,0.871042,3.167509,1.744490,-0.179900,0.476318,0.251545,0.127430,0.071565,0.635804,-0.394330
47.014930,-0.944092,0.544214,0.318567,0.602886,0.987914,1.087372,-0.501724,-0.237050,-0.465729,-0.167061,0.446732,0.439514,0.677102,-0.210561,0.783263,-0.274496,-0.730397,-2.044185,0.871042,3.167509,1.744490,-0.179900,0.476318,0.251545,0.127430,0.071565,0.635804,-0.394330
47.015926,-0.948865,0.546104,0.318520,0.603681,0.985184,1.083003,-0.501760,-0.258099,-0.525083,-0.178867,0.476393,0.438820,0.683587,-0.210462,0.783081,-0.274013,-0.730141,-2.044063,0.871112,3.168150,1.744109,-0.181184,0.476699,0.252905,0.126258,0.070827,0.638125,-0.392339
47.016962,-0.949660,0.541095,0.319328,0.604097,0.985054,1.080529,-0.501719,-0.272324,-0.579420,-0.182846,0.504731,0.437569,0.689701,-0.210409,0.782907,-0.273541,-0.729889,-2.043942,0.871191,3.168803,1.743715,-0.179123,0.476081,0.252675,0.124702,0.074132,0.642541,-0.392496
47.017972,-0.954456,0.538728,0.318969,0.601094,0.982724,1.076253,-0.502008,-0.283797,-0.630140,-0.183614,0.532379,0.436173,0.695687,-0.210387,0.782730,-0.273053,-0.729636,-2.043821,0.871266,3.169451,1.743330,-0.179173,0.479011,0.252127,0.123637,0.074867,0.645212,-0.392892
47.019021,-0.948191,0.541877,0.319934,0.599828,0.982633,1.076116,-0.503318,-0.295668,-0.679822,-0.184570,0.559775,0.434943,0.701727,-0.210353,0.782555,-0.272568,-0.729389,-2.043690,0.871351,3.170110,1.742938,-0.177136,0.480439,0.252170,0.125703,0.077713,0.649550,-0.392548
47.019948,-0.944947,0.540512,0.320495,0.598171,0.982276,1.072597,-0.502745,-0.307131,-0.725935,-0.185502,0.584192,0.433981,0.707464,-0.210285,0.782367,-0.272092,-0.729137,-2.043564,0.871434,3.170767,1.742548,-0.180650,0.479455,0.251594,0.126181,0.078357,0.649861,-0.390224
47.021048,-0.951098,0.552603,0.319828,0.601874,0.982426,1.074173,-0.504930,-0.312611,-0.761692,-0.181155,0.602100,0.432976,0.712111,-0.210210,0.782183,-0.271608,-0.728887,-2.043436,0.871516,3.171422,1.742158,-0.182317,0.479919,0.250905,0.126760,0.079128,0.653147,-0.391502
47.021985,-0.949634,0.548615,0.321150,0.602111,0.981498,1.074107,-0.505398,-0.301436,-0.793063,-0.152719,0.619726,0.430229,0.717432,-0.210063,0.781823,-0.270663,-0.728390,-2.043202,0.871681,3.172724,1.741393,-0.180659,0.476827,0.250310,0.121581,0.080971,0.651859,-0.386758
47.023006,-0.946187,0.554828,0.319573,0.603036,0.978981,1.075743,-0.505504,-0.288777,-0.793256,-0.132051,0.624642,0.428451,0.718714,-0.209984,0.781638,-0.270193,-0.728142,-2.043086,0.871775,3.173365,1.741006,-0.182675,0.474181,0.250995,0.120074,0.083924,0.650402,-0.386835
47.024071,-0.944475,0.550328,0.320733,0.602416,0.978428,1.075923,-0.505505,-0.288777,-0.793256,-0.132051,0.624642,0.428451,0.718714,-0.209984,0.781638,-0.270193,-0.728142,-2.043086,0.871775,3.173365,1.741006,-0.182675,0.474181,0.250995,0.120074,0.083924,0.650402,-0.386835
47.025128,-0.946647,0.558692,0.323691,0.603733,0.977881,1.075975,-0.505688,-0.271451,-0.786120,-0.106629,0.628608,0.426308,0.719266,-0.209928,0.781450,-0.269716,-0.727893,-2.042965,0.871864,3.174019,1.740616,-0.183892,0.477178,0.250395,0.120109,0.084993,0.650536,-0.387179
47.025964,-0.945253,0.557164,0.325370,0.601992,0.972870,1.080422,-0.506487,-0.249741,-0.773454,-0.076635,0.632079,0.423836,0.719183,-0.209880,0.781270,-0.269250,-0.727643,-2.042853,0.871951,3.174663,1.740232,-0.183220,0.473710,0.248872,0.118352,0.086074,0.650806,-0.387167
47.026975,-0.945952,0.559447,0.326111,0.605327,0.972625,1.081775,-0.506884,-0.191711,-0.730515,-0.001598,0.636748,0.417980,0.717003,-0.209785,0.780899,-0.268304,-0.727151,-2.042625,0.872146,3.175952,1.739463,-0.183664,0.473141,0.246934,0.115252,0.091838,0.644573,-0.384997
47.028003,-0.951030,0.560492,0.329046,0.604048,0.972105,1.087569,-0.508144,-0.191711,-0.730515,-0.001598,0.636748,0.417980,0.717003,-0.209785,0.780899,-0.268304,-0.727151,-2.042625,0.872146,3.175952,1.739463,-0.183664,0.473141,0.246934,0.115252,0.091838,0.644573,-0.384997
47.029018,-0.946023,0.564577,0.326015,0.603753,0.970927,1.090141,-0.510003,-0.159012,-0.705780,0.040054,0.640965,0.414738,0.715412,-0.209703,0.780724,-0.267827,-0.726908,-2.042507,0.872241,3.176577,1.739089,-0.181533,0.473104,0.245413,0.115951,0.092784,0.639055,-0.382800
47.029994,-0.945020,0.569248,0.324536,0.602916,0.968654,1.095474,-0.509080,-0.127266,-0.681921,0.080618,0.646680,0.411576,0.713741,-0.209560,0.780532,-0.267365,-0.726659,-2.042392,0.872337,3.177213,1.738712,-0.184283,0.471613,0.246810,0.115685,0.094357,0.636722,-0.379379
47.030949,-0.944332,0.572531,0.328651,0.602202,0.968107,1.097059,-0.508537,-0.062690,-0.626198,0.159807,0.652048,0.405828,0.709005,-0.209205,0.780162,-0.266434,-0.726172,-2.042160,0.872542,3.178462,1.737946,-0.185406,0.468101,0.245009,0.115822,0.097696,0.629957,-0.382746
47.032026,-0.944745,0.577322,0.331979,0.603066,0.966377,1.098483,-0.510477,-0.062690,-0.626198,0.159807,0.652048,0.405828,0.709005,-0.209205,0.780162,-0.266434,-0.726172,-2.042160,0.872542,3.178462,1.737946,-0.185406,0.468101,0.245009,0.115822,0.097696,0.629957,-0.382746
47.033029,-0.945112,0.582838,0.333920,0.602529,0.966125,1.100556,-0.510107,-0.025218,-0.590217,0.202961,0.649581,0.402961,0.705436,-0.209042,0.779977,-0.265974,-0.725928,-2.042047,0.872645,3.179100,1.737565,-0.185620,0.466677,0.243439,0.114563,0.099844,0.628978,-0.379223
47.034117,-0.949349,0.579209,0.330909,0.598651,0.962942,1.104427,-0.510291,0.017684,-0.548441,0.250856,0.644282,0.399866,0.700947,-0.208881,0.779791,-0.265513,-0.725686,-2.041934,0.872746,3.179722,1.737187,-0.185674,0.464416,0.242375,0.114567,0.100399,0.627139,-0.380287
47.035064,-0.948348,0.581972,0.330575,0.598150,0.962517,1.105991,-0.510519,0.062088,-0.504117,0.299191,0.636295,0.396876,0.695891,-0.208726,0.779608,-0.265045,-0.725441,-2.041810,0.872863,3.180347,1.736802,-0.184019,0.467221,0.244009,0.117848,0.103894,0.623811,-0.380316
47.036009,-0.949288,0.575736,0.328885,0.596892,0.959255,1.104703,-0.509106,0.101640,-0.462950,0.341062,0.626006,0.394496,0.690868,-0.208571,0.779424,-0.264577,-0.725196,-2.041694,0.872971,3.180960,1.736417,-0.184663,0.465886,0.243867,0.117558,0.104472,0.622332,-0.380011
47.037099,-0.948707,0.573513,0.331158,0.596347,0.959423,1.105595,-0.508075,0.133588,-0.428948,0.373858,0.614997,0.392798,0.686262,-0.208411,0.779238,-0.264098,-0.724954,-2.041576,0.873086,3.181590,1.736034,-0.184276,0.468998,0.244462,0.118037,0.107870,0.623615,-0.383028
47.038009,-0.952952,0.574631,0.328290,0.597245,0.960487,1.107016,-0.506862,0.157367,-0.405970,0.397733,0.605887,0.391614,0.682377,-0.208252,0.779051,-0.263625,-0.724713,-2.041460,0.873195,3.182217,1.735643,-0.185008,0.470996,0.243466,0.118149,0.108029,0.623258,-0.385469
47.039092,-0.954481,0.583175,0.330272,0.595188,0.958132,1.107474,-0.506237,0.179669,-0.394844,0.419047,0.597239,0.390662,0.677402,-0.208058,0.778687,-0.262700,-0.724227,-2.041226,0.873421,3.183460,1.734856,-0.182645,0.467014,0.243655,0.117990,0.109749,0.621817,-0.389553
47.040066,-0.958582,0.586761,0.333503,0.593886,0.957649,1.105993,-0.504443,0.179669,-0.394844,0.419047,0.597239,0.390662,0.677402,-0.208058,0.778687,-0.262700,-0.724227,-2.041226,0.873421,3.183460,1.734856,-0.182645,0.467014,0.243655,0.117990,0.109749,0.621817,-0.389553
47.040996,-0.956878,0.582437,0.331329,0.590804,0.955219,1.102598,-0.503823,0.183743,-0.392973,0.421078,0.591661,0.390888,0.675460,-0.208122,0.778508,-0.262232,-0.723990,-2.041105,0.873533,3.184096,1.734453,-0.180824,0.465495,0.241916,0.118482,0.110386,0.623355,-0.393294
47.041946,-0.952421,0.580402,0.325487,0.590809,0.952281,1.102110,-0.503201,0.187591,-0.386318,0.421571,0.581452,0.391492,0.673255,-0.208299,0.778326,-0.261755,-0.723745,-2.040980,0.873651,3.184727,1.734054,-0.181797,0.467565,0.242686,0.120586,0.112896,0.626668,-0.394577
47.043087,-0.959351,0.573906,0.324367,0.589825,0.951074,1.099579,-0.501219,0.189950,-0.377915,0.419598,0.567890,0.392539,0.670980,-0.208522,0.778134,-0.261283,-0.723496,-2.040861,0.873770,3.185359,1.733653,-0.184074,0.468645,0.245300,0.119732,0.115913,0.627092,-0.395916
47.043961,-0.962066,0.569908,0.327470,0.586790,0.947783,1.096595,-0.501015,0.186361,-0.374600,0.411110,0.554569,0.394195,0.669250,-0.208723,0.777960,-0.260800,-0.723249,-2.040742,0.873893,3.185986,1.733246,-0.181277,0.472994,0.246066,0.120342,0.117391,0.630407,-0.400323
47.044951,-0.958943,0.567845,0.325094,0.585905,0.946945,1.092609,-0.502219,0.172907,-0.382089,0.392549,0.544279,0.396587,0.668614,-0.208855,0.777783,-0.260317,-0.723013,-2.040614,0.874020,3.186631,1.732838,-0.179960,0.474447,0.244100,0.122194,0.120597,0.632983,-0.400621
47.045961,-0.956793,0.571822,0.327598,0.585722,0.946494,1.089870,-0.500670,0.151839,-0.398665,0.366460,0.536374,0.399463,0.668892,-0.208898,0.777596,-0.259840,-0.722765,-2.040491,0.874144,3.187280,1.732435,-0.181746,0.475716,0.245119,0.122260,0.121491,0.637004,-0.398345
47.047012,-0.957684,0.577134,0.326022,0.585694,0.944396,1.085156,-0.500030,0.129481,-0.417415,0.339410,0.528848,0.402292,0.669456,-0.208896,0.777412,-0.259366,-0.722521,-2.040373,0.874268,3.187919,1.732029,-0.183089,0.474090,0.243729,0.121779,0.122038,0.639895,-0.401680
47.048019,-0.960333,0.583663,0.329160,0.583808,0.946279,1.082978,-0.500997,0.111272,-0.430862,0.316749,0.519779,0.404678,0.669691,-0.208913,0.777227,-0.258901,-0.722278,-2.040254,0.874397,3.188573,1.731624,-0.182986,0.472181,0.244565,0.121200,0.124264,0.644867,-0.403205
47.049054,-0.959952,0.588245,0.330053,0.583719,0.946294,1.081800,-0.500245,0.099564,-0.433157,0.300226,0.506969,0.406603,0.669149,-0.208974,0.777047,-0.258436,-0.722038,-2.040129,0.874516,3.189216,1.731232,-0.181975,0.469398,0.242908,0.122279,0.122493,0.647151,-0.401469
47.049981,-0.958406,0.590793,0.330780,0.581718,0.943996,1.080527,-0.499438,0.095321,-0.421074,0.290382,0.488953,0.408175,0.667602,-0.209073,0.776865,-0.257966,-0.721796,-2.040007,0.874641,3.189870,1.730825,-0.182537,0.467716,0.242470,0.121671,0.122628,0.648495,-0.403231
47.051081,-0.960183,0.589285,0.328960,0.579600,0.940434,1.077817,-0.498970,0.109432,-0.357469,0.291840,0.440134,0.410347,0.661824,-0.209425,0.776498,-0.257037,-0.721305,-2.039756,0.874905,3.191177,1.730009,-0.182993,0.468291,0.242811,0.124155,0.128583,0.652679,-0.406137
47.052036,-0.960253,0.586824,0.328983,0.576874,0.936386,1.077262,-0.501418,0.109432,-0.357469,0.291840,0.440134,0.410347,0.661824,-0.209425,0.776498,-0.257037,-0.721305,-2.039756,0.874905,3.191177,1.730009,-0.182993,0.468291,0.242811,0.124155,0.128583,0.652679,-0.406137
47.052965,-0.960385,0.588396,0.331244,0.577290,0.937285,1.078108,-0.501661,0.121264,-0.317092,0.297098,0.413169,0.411273,0.658389,-0.209669,0.776315,-0.256569,-0.721064,-2.039627,0.875047,3.191833,1.729617,-0.183110,0.469666,0.242561,0.125844,0.132492,0.653053,-0.401323
47.054070,-0.964410,0.594406,0.329623,0.580624,0.934543,1.080722,-0.500642,0.132656,-0.278375,0.302255,0.387563,0.412101,0.655079,-0.209922,0.776135,-0.256103,-0.720826,-2.039507,0.875175,3.192483,1.729214,-0.183176,0.468865,0.241162,0.124507,0.131495,0.651975,-0.400929
47.054999,-0.963506,0.591088,0.328316,0.580542,0.934515,1.081728,-0.499650,0.143263,-0.243437,0.307519,0.366201,0.412562,0.652105,-0.210205,0.775957,-0.255635,-0.720585,-2.039390,0.875317,3.193128,1.728810,-0.181722,0.466895,0.242196,0.120732,0.134327,0.649851,-0.403356
47.055961,-0.964531,0.606788,0.331818,0.581655,0.936070,1.083328,-0.499755,0.150726,-0.215719,0.310828,0.352326,0.412570,0.649822,-0.210534,0.775771,-0.255167,-0.720342,-2.039272,0.875451,3.193785,1.728399,-0.182249,0.468567,0.242529,0.120023,0.134227,0.648589,-0.405351
47.057060,-0.966298,0.612734,0.331901,0.581365,0.938657,1.086534,-0.499801,0.156523,-0.193186,0.313435,0.344988,0.412049,0.647977,-0.210881,0.775590,-0.254716,-0.720102,-2.039161,0.875579,3.194426,1.727997,-0.181919,0.461008,0.240564,0.118298,0.132658,0.646950,-0.405237
47.058042,-0.964517,0.615913,0.331878,0.581684,0.937445,1.089506,-0.498933,0.166045,-0.166854,0.319997,0.339138,0.410973,0.645710,-0.211236,0.775407,-0.254255,-0.719864,-2.039043,0.875707,3.195083,1.727585,-0.181542,0.459183,0.240770,0.118140,0.130243,0.644143,-0.405463
47.058988,-0.964912,0.613199,0.334982,0.579661,0.934969,1.091551,-0.500068,0.198694,-0.099581,0.346515,0.325818,0.408198,0.639259,-0.211901,0.775040,-0.253337,-0.719384,-2.038806,0.875981,3.196343,1.726780,-0.182571,0.459590,0.238836,0.118326,0.133806,0.639208,-0.405132
47.060012,-0.967461,0.609383,0.337363,0.577141,0.929875,1.093320,-0.500820,0.198694,-0.099581,0.346515,0.325818,0.408198,0.639259,-0.211901,0.775040,-0.253337,-0.719384,-2.038806,0.875981,3.196343,1.726780,-0.182571,0.459590,0.238836,0.118326,0.133806,0.639208,-0.405132
47.061034,-0.968916,0.605279,0.331523,0.577466,0.924984,1.099376,-0.500750,0.218920,-0.068909,0.364452,0.320697,0.406838,0.635662,-0.212101,0.774858,-0.252877,-0.719149,-2.038681,0.876128,3.196981,1.726377,-0.181621,0.462156,0.237703,0.120059,0.138827,0.637672,-0.403855
47.062040,-0.972471,0.597630,0.329216,0.574817,0.923713,1.098868,-0.500372,0.235780,-0.049894,0.379948,0.319141,0.405803,0.632698,-0.212187,0.774679,-0.252407,-0.718905,-2.038565,0.876282,3.197599,1.725967,-0.181264,0.464725,0.240585,0.119119,0.143529,0.631909,-0.404200
47.063039,-0.972582,0.597464,0.327564,0.577834,0.921846,1.100217,-0.502961,0.241376,-0.050616,0.384954,0.323624,0.405496,0.631338,-0.212176,0.774502,-0.251928,-0.718665,-2.038441,0.876433,3.198234,1.725564,-0.179821,0.468879,0.241665,0.120989,0.144598,0.632656,-0.405148
47.063975,-0.973706,0.602267,0.325165,0.577182,0.920618,1.098014,-0.503307,0.211166,-0.115816,0.355464,0.352948,0.406918,0.634537,-0.212026,0.774142,-0.250995,-0.718177,-2.038213,0.876736,3.199500,1.724774,-0.179658,0.466959,0.243241,0.117326,0.147241,0.633592,-0.399567
47.064941,-0.978287,0.604328,0.328475,0.577551,0.921051,1.100172,-0.502692,0.211166,-0.115816,0.355464,0.352948,0.406918,0.634537,-0.212026,0.774142,-0.250995,-0.718177,-2.038213,0.876736,3.199500,1.724774,-0.179658,0.466959,0.243241,0.117326,0.147241,0.633592,-0.399567
47.066048,-0.981934,0.605214,0.330450,0.579315,0.922898,1.097499,-0.504410,0.184377,-0.164794,0.329378,0.372433,0.407975,0.637999,-0.212030,0.773967,-0.250533,-0.717942,-2.038098,0.876885,3.200128,1.724371,-0.177617,0.466216,0.241447,0.116268,0.146586,0.631447,-0.400929
47.067063,-0.981343,0.602788,0.330248,0.578284,0.923445,1.097255,-0.503207,0.155110,-0.216018,0.300880,0.391926,0.409055,0.642071,-0.212152,0.773793,-0.250063,-0.717701,-2.037987,0.877025,3.200760,1.723980,-0.176440,0.466822,0.240670,0.114202,0.144810,0.634770,-0.397869
47.067924,-0.973758,0.603483,0.325128,0.575907,0.920173,1.097157,-0.502626,0.124499,-0.269147,0.271562,0.411957,0.410178,0.646679,-0.212369,0.773614,-0.249588,-0.717463,-2.037871,0.877167,3.201398,1.723575,-0.177100,0.468459,0.240762,0.114678,0.144198,0.635175,-0.400524
47.068964,-0.976481,0.598049,0.323677,0.576907,0.915386,1.097170,-0.503648,0.094585,-0.321527,0.243384,0.430698,0.411448,0.651464,-0.212637,0.773426,-0.249126,-0.717216,-2.037750,0.877321,3.202035,1.723166,-0.180775,0.467725,0.242782,0.116012,0.147121,0.634855,-0.401576
47.070029,-0.979756,0.595456,0.326839,0.575527,0.911911,1.095930,-0.503951,0.066461,-0.371149,0.217221,0.446802,0.412940,0.656193,-0.212899,0.773248,-0.248646,-0.716970,-2.037639,0.877483,3.202662,1.722763,-0.179792,0.471000,0.243454,0.114550,0.151689,0.635201,-0.399752
47.071067,-0.977305,0.590273,0.321193,0.575496,0.910445,1.093159,-0.504686,0.006284,-0.476551,0.162654,0.479850,0.416579,0.666738,-0.213257,0.772886,-0.247686,-0.716482,-2.037405,0.877798,3.203947,1.721980,-0.180234,0.476041,0.244753,0.114895,0.156243,0.639860,-0.398309
47.072013,-0.978909,0.586521,0.325700,0.573994,0.907161,1.092771,-0.504152,0.006284,-0.476551,0.162654,0.479850,0.416579,0.666738,-0.213257,0.772886,-0.247686,-0.716482,-2.037405,0.877798,3.203947,1.721980,-0.180234,0.476041,0.244753,0.114895,0.156243,0.639860,-0.398309
47.072916,-0.977002,0.588245,0.328752,0.575687,0.908394,1.090692,-0.503868,-0.028000,-0.535891,0.132131,0.498599,0.418541,0.672764,-0.213390,0.772709,-0.247202,-0.716247,-2.037287,0.877965,3.204582,1.721575,-0.179606,0.477783,0.242268,0.115618,0.159135,0.640157,-0.399471
47.074044,-0.982691,0.597060,0.328975,0.575756,0.910597,1.089041,-0.502350,-0.060936,-0.595769,0.103776,0.518097,0.420105,0.678930,-0.213561,0.772527,-0.246731,-0.716007,-2.037179,0.878119,3.205227,1.721170,-0.180617,0.476690,0.240389,0.113246,0.157518,0.641953,-0.400031
47.075088,-0.980627,0.607677,0.328575,0.577155,0.910297,1.086616,-0.502485,-0.107430,-0.686245,0.067140,0.548937,0.421366,0.689501,-0.214102,0.772173,-0.245795,-0.715526,-2.036958,0.878427,3.206519,1.720355,-0.179895,0.468789,0.240813,0.111157,0.155450,0.646889,-0.403413
47.076085,-0.981490,0.606498,0.323748,0.577496,0.907577,1.085845,-0.503193,-0.107430,-0.686245,0.067140,0.548937,0.421366,0.689501,-0.214102,0.772173,-0.245795,-0.715526,-2.036958,0.878427,3.206519,1.720355,-0.179895,0.468789,0.240813,0.111157,0.155450,0.646889,-0.403413
47.076980,-0.978855,0.609533,0.321151,0.575144,0.903006,1.084785,-0.503757,-0.119810,-0.705552,0.058356,0.555246,0.421536,0.693249,-0.214457,0.771994,-0.245326,-0.715278,-2.036848,0.878589,3.207177,1.719952,-0.179749,0.469811,0.243054,0.110336,0.157895,0.647636,-0.402157
47.078119,-0.983433,0.606079,0.320216,0.576730,0.898316,1.082535,-0.504639,-0.127963,-0.710044,0.052632,0.556175,0.421807,0.696298,-0.214784,0.771812,-0.244857,-0.715030,-2.036733,0.878761,3.207821,1.719557,-0.181097,0.468035,0.243869,0.111893,0.161959,0.648379,-0.401051
47.079064,-0.989506,0.597768,0.316792,0.573726,0.892676,1.077253,-0.503024,-0.146342,-0.701229,0.036576,0.551708,0.423544,0.702451,-0.215194,0.771464,-0.243904,-0.714533,-2.036510,0.879118,3.209152,1.718753,-0.176686,0.475106,0.245918,0.112455,0.171510,0.656222,-0.403074
47.080122,-0.987001,0.602849,0.313527,0.574154,0.887327,1.076576,-0.504170,-0.146342,-0.701229,0.036576,0.551708,0.423544,0.702451,-0.215194,0.771464,-0.243904,-0.714533,-2.036510,0.879118,3.209152,1.718753,-0.176686,0.475106,0.245918,0.112455,0.171510,0.656222,-0.403074
47.081032,-0.989976,0.604150,0.312298,0.575670,0.888185,1.068422,-0.504794,-0.166274,-0.704400,0.017091,0.552458,0.425344,0.706720,-0.215262,0.771282,-0.243432,-0.714284,-2.036400,0.879305,3.209818,1.718355,-0.178400,0.473214,0.247521,0.111631,0.176395,0.657053,-0.401029
47.081999,-0.990627,0.609622,0.307298,0.575944,0.886177,1.069515,-0.503466,-0.191283,-0.710937,-0.008018,0.554486,0.427443,0.711344,-0.215263,0.771106,-0.242966,-0.714035,-2.036293,0.879476,3.210503,1.717952,-0.177005,0.472466,0.247685,0.109511,0.174970,0.664766,-0.399805
47.082998,-0.990951,0.619205,0.303980,0.576646,0.884301,1.067665,-0.504693,-0.244291,-0.716386,-0.063579,0.557377,0.431477,0.719229,-0.215320,0.770752,-0.242047,-0.713525,-2.036080,0.879839,3.211833,1.717152,-0.177116,0.465724,0.251230,0.107668,0.177877,0.665271,-0.400312
47.084020,-0.986983,0.627768,0.302845,0.578406,0.884323,1.072557,-0.505068,-0.244291,-0.716386,-0.063579,0.557377,0.431477,0.719229,-0.215320,0.770752,-0.242047,-0.713525,-2.036080,0.879839,3.211833,1.717152,-0.177116,0.465724,0.251230,0.107668,0.177877,0.665271,-0.400312
47.084997,-0.985566,0.633975,0.301638,0.579658,0.880432,1.072369,-0.502416,-0.265992,-0.705078,-0.088202,0.554087,0.433158,0.721361,-0.215398,0.770570,-0.241590,-0.713271,-2.035981,0.880014,3.212478,1.716754,-0.179445,0.462116,0.251606,0.105709,0.177447,0.660491,-0.399816
47.086027,-0.982268,0.635461,0.299771,0.577319,0.874429,1.075339,-0.501014,-0.278456,-0.679629,-0.104159,0.546864,0.434287,0.721812,-0.215485,0.770387,-0.241133,-0.713021,-2.035880,0.880203,3.213138,1.716340,-0.180349,0.459432,0.251940,0.104154,0.180790,0.660632,-0.405268
47.087019,-0.981946,0.635066,0.297087,0.577117,0.871542,1.077692,-0.502309,-0.273552,-0.596672,-0.106112,0.524372,0.434962,0.718387,-0.215648,0.770017,-0.240217,-0.712507,-2.035666,0.880593,3.214442,1.715524,-0.182680,0.460107,0.253708,0.105937,0.188455,0.655467,-0.405755
47.088078,-0.984110,0.633370,0.298272,0.574704,0.869769,1.078985,-0.502268,-0.273552,-0.596672,-0.106112,0.524372,0.434962,0.718387,-0.215648,0.770017,-0.240217,-0.712507,-2.035666,0.880593,3.214442,1.715524,-0.182680,0.460107,0.253708,0.105937,0.188455,0.655467,-0.405755
47.089060,-0.981351,0.629563,0.293013,0.574211,0.866977,1.081491,-0.499522,-0.263242,-0.552136,-0.098879,0.512140,0.434999,0.715639,-0.215637,0.769833,-0.239756,-0.712260,-2.035554,0.880785,3.215089,1.715115,-0.181988,0.461811,0.253096,0.107960,0.189712,0.654499,-0.406124
47.089981,-0.980504,0.628394,0.288644,0.573081,0.864270,1.082954,-0.498872,-0.253801,-0.514845,-0.092161,0.501825,0.435096,0.713002,-0.215615,0.769645,-0.239286,-0.711997,-2.035444,0.880981,3.215737,1.714687,-0.183549,0.463997,0.255348,0.107915,0.191862,0.651980,-0.411714
47.091018,-0.978574,0.628725,0.292000,0.574363,0.866711,1.086297,-0.497704,-0.247490,-0.475120,-0.090054,0.491504,0.435311,0.709094,-0.215811,0.769271,-0.238352,-0.711485,-2.035231,0.881362,3.217021,1.713852,-0.185254,0.464990,0.255153,0.106856,0.190879,0.647220,-0.415482
47.092059,-0.979584,0.628572,0.289119,0.574207,0.864501,1.089637,-0.494767,-0.247490,-0.475120,-0.090054,0.491504,0.435311,0.709094,-0.215811,0.769271,-0.238352,-0.711485,-2.035231,0.881362,3.217021,1.713852,-0.185254,0.464990,0.255153,0.106856,0.190879,0.647220,-0.415482
47.093056,-0.975680,0.632614,0.286324,0.574971,0.864076,1.093938,-0.492975,-0.248279,-0.471185,-0.091859,0.492283,0.434912,0.707665,-0.216026,0.769087,-0.237882,-0.711223,-2.035126,0.881560,3.217650,1.713423,-0.185094,0.465708,0.256385,0.106735,0.192542,0.644228,-0.421533
47.094006,-0.976321,0.634188,0.289106,0.576665,0.867680,1.096523,-0.495217,-0.250413,-0.475155,-0.094261,0.496440,0.434125,0.706399,-0.216318,0.768896,-0.237418,-0.710966,-2.035024,0.881755,3.218285,1.712984,-0.187218,0.464102,0.257489,0.105681,0.192320,0.640051,-0.425122
47.095187,-0.970881,0.637445,0.286936,0.574596,0.866676,1.102767,-0.495367,-0.252433,-0.483120,-0.096049,0.502596,0.433052,0.705071,-0.216615,0.768706,-0.236958,-0.710716,-2.034925,0.881939,3.218924,1.712567,-0.186934,0.463527,0.255727,0.103644,0.188103,0.637409,-0.420587
47.095947,-0.970707,0.635199,0.282201,0.571425,0.863683,1.103391,-0.493510,-0.251873,-0.491273,-0.094870,0.509211,0.431788,0.703511,-0.216804,0.768511,-0.236494,-0.710455,-2.034815,0.882127,3.219545,1.712150,-0.190248,0.463456,0.257017,0.105667,0.188854,0.632092,-0.420779
47.097046,-0.972334,0.632536,0.284565,0.570641,0.859394,1.104496,-0.494188,-0.248702,-0.496900,-0.091335,0.513294,0.430741,0.701665,-0.216872,0.768319,-0.236034,-0.710195,-2.034702,0.882323,3.220176,1.711714,-0.189870,0.463634,0.258386,0.107755,0.190911,0.630729,-0.424142
47.097936,-0.976795,0.627462,0.282326,0.567065,0.858102,1.102475,-0.495673,-0.245463,-0.500581,-0.088509,0.513474,0.430326,0.699737,-0.216845,0.768132,-0.235561,-0.709938,-2.034594,0.882523,3.220803,1.711292,-0.189510,0.465932,0.257177,0.108297,0.194679,0.630222,-0.423019
47.098937,-0.977242,0.622834,0.284103,0.566231,0.855622,1.105532,-0.495727,-0.251962,-0.517279,-0.097832,0.507142,0.431940,0.697287,-0.216531,0.767761,-0.234608,-0.709427,-2.034363,0.882917,3.222072,1.710455,-0.187255,0.470744,0.256560,0.111245,0.197012,0.629037,-0.419985
47.100077,-0.978330,0.619203,0.282075,0.568587,0.855765,1.105574,-0.493483,-0.251962,-0.517279,-0.097832,0.507142,0.431940,0.697287,-0.216531,0.767761,-0.234608,-0.709427,-2.034363,0.882917,3.222072,1.710455,-0.187255,0.470744,0.256560,0.111245,0.197012,0.629037,-0.419985
47.101071,-0.979463,0.620254,0.282253,0.566594,0.860549,1.104332,-0.495544,-0.265802,-0.537420,-0.113172,0.505096,0.433709,0.697538,-0.216397,0.767574,-0.234127,-0.709166,-2.034259,0.883112,3.222698,1.710024,-0.187275,0.473667,0.257663,0.108833,0.196410,0.629792,-0.424836
47.102011,-0.977821,0.623907,0.282242,0.567526,0.863103,1.102054,-0.497062,-0.286929,-0.567364,-0.135234,0.506864,0.435723,0.698972,-0.216335,0.767388,-0.233659,-0.708914,-2.034144,0.883291,3.223337,1.709614,-0.186917,0.473482,0.257312,0.110242,0.191112,0.631144,-0.420765
47.103166,-0.983014,0.634944,0.277805,0.567485,0.863245,1.105850,-0.494839,-0.336464,-0.627102,-0.187089,0.509408,0.439847,0.702629,-0.216322,0.767019,-0.232729,-0.708389,-2.033928,0.883658,3.224604,1.708773,-0.185846,0.467564,0.259119,0.108663,0.187590,0.630271,-0.422646
47.104021,-0.975268,0.638132,0.277660,0.568523,0.863973,1.103650,-0.494217,-0.336464,-0.627102,-0.187089,0.509408,0.439847,0.702629,-0.216322,0.767019,-0.232729,-0.708389,-2.033928,0.883658,3.224604,1.708773,-0.185846,0.467564,0.259119,0.108663,0.187590,0.630271,-0.422646
47.104937,-0.976624,0.641490,0.279008,0.566209,0.862192,1.101474,-0.498385,-0.358229,-0.641051,-0.211454,0.504158,0.441913,0.703583,-0.216406,0.766823,-0.232271,-0.708134,-2.033823,0.883838,3.225240,1.708345,-0.189520,0.465646,0.258496,0.106935,0.186189,0.632094,-0.423669
47.105930,-0.977983,0.634868,0.278528,0.562639,0.858598,1.098868,-0.498548,-0.372101,-0.637977,-0.228845,0.493040,0.443717,0.703301,-0.216488,0.766636,-0.231808,-0.707878,-2.033710,0.884027,3.225873,1.707950,-0.188806,0.463926,0.257311,0.108541,0.187327,0.634097,-0.415296
47.107035,-0.975202,0.635171,0.275144,0.559758,0.853437,1.100961,-0.497723,-0.377751,-0.594511,-0.243518,0.456178,0.446821,0.699648,-0.216576,0.766254,-0.230864,-0.707361,-2.033470,0.884425,3.227153,1.707112,-0.190110,0.468429,0.258937,0.113773,0.194935,0.635205,-0.417121
47.108026,-0.979138,0.629553,0.276217,0.559211,0.854062,1.094481,-0.500360,-0.377751,-0.594511,-0.243518,0.456178,0.446821,0.699648,-0.216576,0.766254,-0.230864,-0.707361,-2.033470,0.884425,3.227153,1.707112,-0.190110,0.468429,0.258937,0.113773,0.194935,0.635205,-0.417121
47.109020,-0.975140,0.630643,0.275609,0.558385,0.856924,1.091006,-0.501629,-0.377770,-0.568896,-0.248753,0.434873,0.448499,0.697466,-0.216630,0.766068,-0.230388,-0.707103,-2.033358,0.884616,3.227798,1.706714,-0.188321,0.471524,0.258047,0.113735,0.193664,0.641823,-0.411957
47.109969,-0.978686,0.632122,0.271268,0.561873,0.856546,1.089968,-0.500512,-0.378396,-0.547216,-0.254590,0.415180,0.450015,0.695506,-0.216655,0.765874,-0.229923,-0.706847,-2.033242,0.884802,3.228449,1.706308,-0.190468,0.471353,0.258067,0.113924,0.190244,0.645295,-0.409604
47.111070,-0.974853,0.643438,0.267779,0.560810,0.858646,1.088287,-0.502200,-0.381782,-0.516632,-0.267446,0.387123,0.451488,0.692387,-0.216747,0.765494,-0.228995,-0.706317,-2.033027,0.885179,3.229743,1.705490,-0.191096,0.466134,0.261375,0.110768,0.187490,0.648352,-0.408846
47.112046,-0.977739,0.655849,0.271030,0.561904,0.860829,1.086262,-0.504859,-0.380172,-0.495633,-0.270929,0.374429,0.451229,0.690351,-0.216866,0.765305,-0.228548,-0.706062,-2.032919,0.885361,3.230401,1.705094,-0.189745,0.460428,0.259387,0.109167,0.184778,0.650290,-0.403667
47.113203,-0.974755,0.664168,0.268857,0.562149,0.862418,1.085400,-0.505627,-0.380172,-0.495633,-0.270929,0.374429,0.451229,0.690351,-0.216866,0.765305,-0.228548,-0.706062,-2.032919,0.885361,3.230401,1.705094,-0.189745,0.460428,0.259387,0.109167,0.184778,0.650290,-0.403667
47.114050,-0.975746,0.664855,0.259994,0.562865,0.860571,1.087689,-0.504353,-0.369601,-0.459416,-0.266223,0.357329,0.450176,0.686976,-0.217035,0.765111,-0.228094,-0.705797,-2.032812,0.885540,3.231050,1.704691,-0.191794,0.457821,0.260563,0.108846,0.182951,0.651840,-0.402631
47.114966,-0.976415,0.659189,0.256004,0.559419,0.858637,1.088820,-0.506456,-0.352484,-0.411112,-0.255655,0.337057,0.448703,0.682539,-0.217272,0.764920,-0.227641,-0.705527,-2.032706,0.885727,3.231703,1.704284,-0.191050,0.457162,0.264151,0.107397,0.184088,0.648942,-0.405102
47.115931,-0.978810,0.651279,0.256272,0.557120,0.854126,1.086460,-0.507620,-0.337398,-0.361863,-0.247731,0.317229,0.447559,0.678060,-0.217537,0.764731,-0.227176,-0.705259,-2.032592,0.885912,3.232339,1.703891,-0.190704,0.459972,0.265463,0.110131,0.185400,0.647641,-0.400898
47.117021,-0.975887,0.648737,0.250463,0.555420,0.850858,1.087961,-0.506415,-0.330457,-0.322739,-0.248170,0.300799,0.447189,0.674379,-0.217749,0.764542,-0.226701,-0.704998,-2.032477,0.886108,3.232996,1.703506,-0.189607,0.464064,0.264879,0.111733,0.189262,0.649912,-0.398773
47.117975,-0.975847,0.646075,0.253865,0.556883,0.849138,1.092097,-0.507713,-0.332966,-0.300276,-0.257631,0.289462,0.447553,0.671814,-0.217916,0.764345,-0.226238,-0.704725,-2.032360,0.886300,3.233650,1.703095,-0.191409,0.466325,0.267586,0.112984,0.192044,0.648771,-0.401539
47.119020,-0.980869,0.647763,0.259729,0.557207,0.852216,1.094584,-0.510225,-0.343014,-0.295956,-0.273488,0.284501,0.448237,0.670365,-0.218073,0.764153,-0.225769,-0.704460,-2.032255,0.886497,3.234286,1.702704,-0.191453,0.467770,0.265332,0.111021,0.193055,0.644562,-0.399033
47.119958,-0.975439,0.655121,0.257877,0.556665,0.852590,1.097405,-0.510177,-0.356103,-0.307331,-0.290443,0.286769,0.448600,0.669813,-0.218163,0.763968,-0.225307,-0.704206,-2.032145,0.886682,3.234926,1.702317,-0.189270,0.467660,0.262260,0.110330,0.189473,0.642393,-0.394305
47.121091,-0.972862,0.657729,0.260087,0.557882,0.854255,1.099779,-0.509380,-0.369796,-0.344205,-0.306289,0.300492,0.447012,0.668712,-0.218137,0.763574,-0.224379,-0.703681,-2.031930,0.887047,3.236198,1.701523,-0.193679,0.464016,0.261595,0.108935,0.186555,0.637772,-0.396594
47.121956,-0.973358,0.655725,0.260756,0.558010,0.857738,1.105641,-0.510252,-0.364380,-0.358099,-0.299609,0.306861,0.444981,0.667419,-0.218113,0.763379,-0.223914,-0.703423,-2.031822,0.887222,3.236823,1.701129,-0.193187,0.464656,0.260591,0.108092,0.182450,0.631543,-0.394779
47.123036,-0.977994,0.658096,0.263553,0.556427,0.859798,1.105391,-0.511587,-0.354185,-0.371058,-0.286788,0.313366,0.442601,0.666193,-0.218054,0.763192,-0.223449,-0.703166,-2.031711,0.887395,3.237449,1.700732,-0.191273,0.464399,0.259122,0.109358,0.180116,0.632384,-0.392451
47.124063,-0.978924,0.650981,0.261663,0.554090,0.858392,1.105635,-0.510021,-0.354185,-0.371058,-0.286788,0.313366,0.442601,0.666193,-0.218054,0.763192,-0.223449,-0.703166,-2.031711,0.887395,3.237449,1.700732,-0.191273,0.464399,0.259122,0.109358,0.180116,0.632384,-0.392451
47.124918,-0.982088,0.641138,0.260242,0.553399,0.855291,1.105442,-0.510207,-0.343957,-0.385751,-0.273174,0.319314,0.440505,0.665468,-0.217982,0.763002,-0.222969,-0.702906,-2.031593,0.887580,3.238082,1.700334,-0.191062,0.468421,0.259842,0.111093,0.181077,0.632400,-0.395884
47.125980,-0.986118,0.635774,0.260916,0.550336,0.857826,1.106460,-0.512501,-0.339465,-0.408743,-0.264728,0.326411,0.439133,0.665890,-0.217926,0.762816,-0.222493,-0.702647,-2.031483,0.887768,3.238717,1.699939,-0.189336,0.472789,0.259832,0.110958,0.183453,0.632164,-0.395425
47.127027,-0.985002,0.636318,0.257509,0.551029,0.861221,1.103971,-0.511066,-0.345424,-0.446207,-0.266146,0.337044,0.438647,0.668082,-0.217842,0.762632,-0.222005,-0.702387,-2.031366,0.887945,3.239342,1.699561,-0.187728,0.476005,0.259336,0.113531,0.180509,0.631598,-0.391183
47.127980,-0.983764,0.633517,0.255873,0.549957,0.862182,1.102204,-0.509680,-0.362185,-0.496748,-0.278112,0.350280,0.438989,0.671953,-0.217707,0.762440,-0.221530,-0.702124,-2.031255,0.888114,3.239980,1.699161,-0.188582,0.476308,0.260839,0.112393,0.176811,0.634443,-0.394401
47.129055,-0.987516,0.637759,0.259783,0.554268,0.867629,1.102437,-0.511888,-0.386488,-0.554393,-0.297724,0.364085,0.439875,0.676891,-0.217574,0.762250,-0.221047,-0.701864,-2.031140,0.888282,3.240611,1.698762,-0.189261,0.477672,0.261187,0.112787,0.175460,0.636184,-0.397279
47.129982,-0.987955,0.634440,0.260696,0.553744,0.872068,1.104512,-0.512389,-0.413911,-0.613843,-0.320463,0.378292,0.440817,0.682338,-0.217472,0.762067,-0.220570,-0.701612,-2.031041,0.888441,3.241260,1.698372,-0.187814,0.476271,0.259192,0.108365,0.169812,0.636296,-0.393153
47.131053,-0.989972,0.644798,0.263377,0.555196,0.871914,1.101818,-0.511541,-0.441043,-0.672064,-0.342463,0.394115,0.441420,0.688052,-0.217373,0.761881,-0.220095,-0.701354,-2.030933,0.888598,3.241886,1.697981,-0.187652,0.477844,0.258240,0.108344,0.165046,0.634114,-0.392277
47.131989,-0.989475,0.646751,0.267898,0.555167,0.870719,1.097762,-0.511135,-0.464625,-0.724314,-0.360367,0.410445,0.441572,0.693638,-0.217293,0.761696,-0.219628,-0.701099,-2.030831,0.888764,3.242517,1.697586,-0.187046,0.473466,0.256839,0.106741,0.165017,0.637321,-0.394341
47.133033,-0.992865,0.650533,0.266594,0.554279,0.870960,1.098067,-0.512435,-0.479349,-0.762365,-0.369083,0.423890,0.441148,0.698303,-0.217271,0.761506,-0.219161,-0.700852,-2.030726,0.888930,3.243163,1.697189,-0.187328,0.472557,0.254214,0.106275,0.165806,0.641213,-0.395226
47.134036,-0.988004,0.647225,0.260892,0.555257,0.870183,1.099609,-0.511695,-0.482877,-0.782271,-0.366528,0.432454,0.440172,0.701652,-0.217279,0.761323,-0.218689,-0.700594,-2.030618,0.889094,3.243808,1.696806,-0.185989,0.471287,0.254727,0.106816,0.165300,0.641134,-0.392929
47.135033,-0.987270,0.648301,0.261222,0.553106,0.869672,1.096951,-0.509810,-0.479576,-0.788413,-0.357366,0.437038,0.439059,0.704139,-0.217262,0.761130,-0.218209,-0.700332,-2.030515,0.889263,3.244436,1.696405,-0.188603,0.473255,0.257262,0.105532,0.165738,0.639778,-0.394640
47.136003,-0.989464,0.644100,0.265230,0.553981,0.869371,1.093047,-0.510014,-0.473615,-0.786739,-0.345870,0.439417,0.438077,0.706317,-0.217225,0.760939,-0.217742,-0.700076,-2.030406,0.889428,3.245083,1.695992,-0.189109,0.473094,0.256778,0.107234,0.165927,0.642543,-0.398561
47.136995,-0.985729,0.652296,0.267831,0.556898,0.872355,1.091458,-0.510768,-0.465157,-0.780423,-0.332070,0.440577,0.437064,0.708364,-0.217192,0.760753,-0.217263,-0.699825,-2.030300,0.889591,3.245731,1.695600,-0.188155,0.475315,0.254461,0.105886,0.165879,0.646413,-0.398279
47.138063,-0.986071,0.659162,0.270017,0.558203,0.875443,1.090747,-0.508390,-0.451657,-0.769943,-0.312979,0.441877,0.435495,0.710255,-0.217172,0.760558,-0.216795,-0.699575,-2.030204,0.889747,3.246384,1.695203,-0.190151,0.471524,0.252944,0.102783,0.162634,0.647989,-0.396947
47.138997,-0.978654,0.663421,0.266300,0.559870,0.877255,1.086477,-0.506156,-0.429158,-0.751381,-0.284455,0.443106,0.432874,0.711694,-0.217217,0.760367,-0.216337,-0.699325,-2.030106,0.889898,3.247035,1.694788,-0.190288,0.469043,0.251842,0.101431,0.159452,0.649019,-0.402016
47.140092,-0.983552,0.664144,0.269201,0.561230,0.880180,1.084125,-0.506439,-0.396078,-0.721057,-0.245269,0.442603,0.429139,0.712364,-0.217377,0.760168,-0.215872,-0.699068,-2.030013,0.890050,3.247691,1.694370,-0.193940,0.466965,0.253253,0.099546,0.157379,0.653079,-0.406476
47.141042,-0.982140,0.667946,0.270976,0.563704,0.882887,1.085001,-0.506487,-0.355097,-0.681414,-0.198385,0.440711,0.424565,0.712343,-0.217609,0.759977,-0.215408,-0.698819,-2.029919,0.890198,3.248358,1.693962,-0.191841,0.467664,0.251856,0.098290,0.154422,0.655758,-0.406191
47.142119,-0.982504,0.672500,0.272902,0.562967,0.880269,1.083574,-0.505998,-0.310491,-0.638241,-0.148006,0.439688,0.419509,0.712004,-0.217806,0.759784,-0.214946,-0.698571,-2.029829,0.890343,3.249020,1.693559,-0.192591,0.465911,0.250643,0.095700,0.151536,0.654627,-0.406183
47.143063,-0.985205,0.673426,0.273816,0.561188,0.884308,1.082637,-0.507174,-0.263635,-0.593601,-0.095423,0.440140,0.414198,0.711400,-0.217910,0.759590,-0.214482,-0.698324,-2.029729,0.890501,3.249675,1.693146,-0.192718,0.464562,0.249739,0.096401,0.154064,0.656424,-0.407451
47.144013,-0.986296,0.672435,0.278233,0.561058,0.883272,1.081478,-0.508776,-0.215181,-0.546733,-0.041668,0.439861,0.408947,0.710277,-0.217901,0.759400,-0.214023,-0.698075,-2.029629,0.890635,3.250341,1.692744,-0.191398,0.464297,0.248935,0.097825,0.149869,0.657090,-0.405141
47.145042,-0.982444,0.673166,0.273773,0.562806,0.883116,1.086742,-0.509131,-0.122036,-0.455917,0.060430,0.435300,0.399646,0.706686,-0.217460,0.759010,-0.213098,-0.697586,-2.029439,0.890939,3.251647,1.691945,-0.193000,0.465255,0.248651,0.095880,0.150703,0.652928,-0.401589
47.146079,-0.989613,0.673523,0.273162,0.563126,0.883591,1.083755,-0.508414,-0.083237,-0.421213,0.103389,0.435586,0.395732,0.705051,-0.217106,0.758825,-0.212632,-0.697337,-2.029343,0.891088,3.252300,1.691542,-0.189679,0.465731,0.248853,0.095500,0.150110,0.656187,-0.403289
47.147050,-0.994172,0.677644,0.280267,0.563497,0.883722,1.084731,-0.508484,-0.053625,-0.396622,0.136670,0.438751,0.392495,0.703908,-0.216769,0.758643,-0.212169,-0.697103,-2.029249,0.891237,3.252955,1.691138,-0.187615,0.463940,0.245165,0.094970,0.149788,0.655079,-0.403250
47.148035,-0.996354,0.676535,0.278516,0.562318,0.883197,1.084120,-0.509514,-0.053625,-0.396622,0.136670,0.438751,0.392495,0.703908,-0.216769,0.758643,-0.212169,-0.697103,-2.029249,0.891237,3.252955,1.691138,-0.187615,0.463940,0.245165,0.094970,0.149788,0.655079,-0.403250
47.148990,-0.993391,0.670136,0.279378,0.562250,0.881694,1.088593,-0.508343,-0.031530,-0.379341,0.161875,0.443163,0.389814,0.703032,-0.216510,0.758454,-0.211705,-0.696853,-2.029151,0.891389,3.253617,1.690737,-0.186697,0.464890,0.245845,0.095925,0.150111,0.655639,-0.401332
47.150100,-0.997205,0.669904,0.281861,0.562706,0.886254,1.089308,-0.508771,-0.016196,-0.369984,0.180076,0.448742,0.387585,0.702452,-0.216376,0.758265,-0.211229,-0.696608,-2.029056,0.891542,3.254251,1.690330,-0.188281,0.468164,0.245128,0.095762,0.151364,0.651093,-0.403796
47.151016,-0.999780,0.675306,0.286142,0.561570,0.886293,1.089913,-0.508948,-0.007857,-0.371951,0.191542,0.457245,0.385732,0.702411,-0.216354,0.758080,-0.210761,-0.696366,-2.028960,0.891681,3.254902,1.689925,-0.186855,0.469331,0.244096,0.095391,0.146838,0.650908,-0.403277
47.152077,-1.000447,0.682286,0.288268,0.559973,0.884311,1.093686,-0.507224,-0.004496,-0.382407,0.198216,0.467578,0.384229,0.702651,-0.216393,0.757895,-0.210300,-0.696130,-2.028861,0.891825,3.255550,1.689528,-0.185602,0.466571,0.241668,0.096138,0.146617,0.650035,-0.402976
47.153173,-0.997190,0.682903,0.285720,0.559495,0.882590,1.097997,-0.506380,-0.001231,-0.391231,0.204338,0.474765,0.383050,0.702355,-0.216483,0.757709,-0.209836,-0.695890,-2.028762,0.891978,3.256182,1.689114,-0.185654,0.463914,0.240700,0.097665,0.148508,0.646646,-0.406702
47.154084,-0.998340,0.683493,0.291913,0.556340,0.882894,1.097897,-0.509341,0.005124,-0.391826,0.212701,0.475543,0.382163,0.701057,-0.216625,0.757518,-0.209374,-0.695648,-2.028663,0.892127,3.256814,1.688701,-0.187709,0.464700,0.242164,0.098099,0.150200,0.642880,-0.408681
47.155021,-0.999716,0.671262,0.288395,0.554320,0.880154,1.099410,-0.509362,0.026436,-0.372745,0.235795,0.459249,0.381328,0.695945,-0.216949,0.757149,-0.208419,-0.695171,-2.028455,0.892429,3.258083,1.687903,-0.186528,0.470244,0.240277,0.102275,0.152079,0.641191,-0.402810
47.156036,-0.995415,0.671659,0.287883,0.553057,0.878423,1.105128,-0.508240,0.026436,-0.372745,0.235795,0.459249,0.381328,0.695945,-0.216949,0.757149,-0.208419,-0.695171,-2.028455,0.892429,3.258083,1.687903,-0.186528,0.470244,0.240277,0.102275,0.152079,0.641191,-0.402810
47.157002,-0.999412,0.660440,0.291776,0.553252,0.878418,1.106081,-0.508749,0.034465,-0.365856,0.244110,0.447422,0.381631,0.693308,-0.217141,0.756954,-0.207949,-0.694931,-2.028349,0.892583,3.258714,1.687489,-0.188870,0.470468,0.240481,0.103180,0.153622,0.635668,-0.405239
47.158043,-0.998851,0.660423,0.296955,0.554339,0.881110,1.106692,-0.508898,0.037113,-0.368668,0.247223,0.437815,0.382322,0.691463,-0.217374,0.756771,-0.207459,-0.694694,-2.028249,0.892735,3.259339,1.687087,-0.187003,0.476074,0.238362,0.102651,0.153370,0.634838,-0.404307
47.158937,-0.997502,0.666884,0.298030,0.553157,0.883242,1.106113,-0.507605,0.033361,-0.405273,0.246766,0.433445,0.383411,0.690369,-0.217863,0.756395,-0.206521,-0.694231,-2.028044,0.893024,3.260605,1.686266,-0.188231,0.473159,0.235106,0.102028,0.148217,0.634888,-0.406805
47.160058,-0.995454,0.676550,0.297068,0.552797,0.886511,1.110476,-0.509372,0.037123,-0.419373,0.252181,0.430655,0.383489,0.689511,-0.218143,0.756202,-0.206055,-0.693995,-2.027941,0.893163,3.261236,1.685872,-0.189697,0.469489,0.235909,0.102327,0.145041,0.631136,-0.403643
47.161044,-0.996526,0.684532,0.296633,0.554204,0.886566,1.110660,-0.511880,0.037123,-0.419373,0.252181,0.430655,0.383489,0.689511,-0.218143,0.756202,-0.206055,-0.693995,-2.027941,0.893163,3.261236,1.685872,-0.189697,0.469489,0.235909,0.102327,0.145041,0.631136,-0.403643
47.162061,-0.995693,0.689414,0.294708,0.553887,0.884698,1.109557,-0.512036,0.048250,-0.417443,0.263655,0.421050,0.383486,0.687516,-0.218432,0.756011,-0.205597,-0.693758,-2.027843,0.893307,3.261870,1.685482,-0.189279,0.465944,0.236034,0.100665,0.144885,0.631084,-0.398813
47.162964,-0.995938,0.687822,0.298649,0.551884,0.881020,1.108126,-0.512194,0.087582,-0.365060,0.299059,0.383340,0.383897,0.680184,-0.218966,0.755630,-0.204675,-0.693291,-2.027636,0.893614,3.263148,1.684686,-0.189721,0.464841,0.234767,0.102178,0.149954,0.633568,-0.398482
47.164042,-0.996370,0.687034,0.296411,0.547579,0.875943,1.108443,-0.513338,0.112953,-0.322959,0.320640,0.358259,0.384384,0.675336,-0.219238,0.755442,-0.204207,-0.693050,-2.027520,0.893774,3.263792,1.684299,-0.189902,0.466130,0.236055,0.106052,0.154885,0.633649,-0.396557
47.165047,-0.996335,0.683210,0.298141,0.546060,0.874794,1.105652,-0.513969,0.112953,-0.322959,0.320640,0.358259,0.384384,0.675336,-0.219238,0.755442,-0.204207,-0.693050,-2.027520,0.893774,3.263792,1.684299,-0.189902,0.466130,0.236055,0.106052,0.154885,0.633649,-0.396557
47.165955,-0.997928,0.681316,0.293940,0.544584,0.873388,1.100444,-0.514441,0.138454,-0.278301,0.341409,0.330817,0.385118,0.670248,-0.219484,0.755251,-0.203733,-0.692816,-2.027410,0.893932,3.264426,1.683897,-0.190103,0.468418,0.235169,0.107080,0.155756,0.636639,-0.395496
47.167052,-1.001842,0.687412,0.293193,0.545855,0.878482,1.098217,-0.514834,0.160384,-0.237322,0.357861,0.303460,0.386067,0.665381,-0.219702,0.755061,-0.203269,-0.692578,-2.027301,0.894091,3.265083,1.683505,-0.189241,0.469245,0.236976,0.107880,0.156779,0.641520,-0.394606
47.167961,-1.005339,0.690127,0.292983,0.544538,0.879792,1.096313,-0.515981,0.181921,-0.174500,0.365788,0.254820,0.388593,0.657320,-0.220123,0.754696,-0.202343,-0.692105,-2.027089,0.894385,3.266381,1.682732,-0.186072,0.465795,0.237375,0.107174,0.150081,0.645774,-0.392008
47.168963,-1.004906,0.699733,0.294475,0.546789,0.881779,1.090241,-0.517352,0.183629,-0.146679,0.359255,0.232739,0.389903,0.653845,-0.220315,0.754507,-0.201894,-0.691869,-2.026988,0.894529,3.267047,1.682342,-0.186512,0.461618,0.236594,0.104622,0.147987,0.651866,-0.389496
47.170064,-1.007604,0.710447,0.295014,0.547939,0.881842,1.087934,-0.514735,0.186031,-0.113521,0.352833,0.210929,0.390768,0.650059,-0.220557,0.754322,-0.201441,-0.691629,-2.026886,0.894678,3.267702,1.681942,-0.185636,0.457466,0.236532,0.103418,0.147916,0.654570,-0.395182
47.171019,-1.011723,0.716327,0.301902,0.547053,0.882699,1.085559,-0.515155,0.193119,-0.070928,0.350815,0.188521,0.391014,0.645607,-0.220892,0.754142,-0.200995,-0.691405,-2.026783,0.894822,3.268368,1.681546,-0.183750,0.454941,0.233033,0.103910,0.146884,0.656721,-0.394404
47.171964,-1.009617,0.712071,0.300581,0.543713,0.880838,1.085317,-0.516882,0.205641,-0.020617,0.354341,0.165424,0.390730,0.640612,-0.221281,0.753956,-0.200530,-0.691170,-2.026671,0.894972,3.269017,1.681163,-0.184930,0.457222,0.233559,0.106608,0.148528,0.656792,-0.391079
47.173168,-1.008976,0.711808,0.297976,0.542171,0.879066,1.081875,-0.517609,0.220230,0.029883,0.360379,0.143075,0.390227,0.635609,-0.221676,0.753769,-0.200064,-0.690932,-2.026560,0.895127,3.269685,1.680776,-0.185964,0.459019,0.235389,0.108080,0.150360,0.661033,-0.390255
47.174091,-1.015857,0.702531,0.297410,0.539256,0.876886,1.080248,-0.516701,0.229866,0.070241,0.361965,0.124169,0.389980,0.631391,-0.222064,0.753590,-0.199595,-0.690693,-2.026448,0.895280,3.270359,1.680377,-0.182598,0.463615,0.235371,0.110300,0.152245,0.662243,-0.392152
47.175008,-1.016133,0.695465,0.296261,0.538910,0.878095,1.081530,-0.517681,0.229866,0.070241,0.361965,0.124169,0.389980,0.631391,-0.222064,0.753590,-0.199595,-0.690693,-2.026448,0.895280,3.270359,1.680377,-0.182598,0.463615,0.235371,0.110300,0.152245,0.662243,-0.392152
47.175952,-1.016979,0.699233,0.294243,0.540905,0.880623,1.081276,-0.518986,0.227741,0.090366,0.352535,0.112328,0.390323,0.628805,-0.222409,0.753408,-0.199123,-0.690454,-2.026342,0.895427,3.271029,1.679994,-0.182563,0.467004,0.235647,0.110045,0.150745,0.660543,-0.390263
47.177056,-1.017309,0.699711,0.295071,0.541824,0.882448,1.081614,-0.517904,0.188368,0.066959,0.302118,0.115451,0.392162,0.628808,-0.222772,0.753045,-0.198198,-0.689981,-2.026137,0.895716,3.272342,1.679211,-0.182655,0.466089,0.236287,0.106637,0.146228,0.660705,-0.390392
47.177984,-1.015180,0.700838,0.298843,0.542896,0.882457,1.084548,-0.516431,0.188368,0.066959,0.302118,0.115451,0.392162,0.628808,-0.222772,0.753045,-0.198198,-0.689981,-2.026137,0.895716,3.272342,1.679211,-0.182655,0.466089,0.236287,0.106637,0.146228,0.660705,-0.390392
47.178983,-1.019022,0.707790,0.298840,0.542997,0.884730,1.091082,-0.518195,0.135283,0.000189,0.243546,0.144173,0.393274,0.631777,-0.222877,0.752679,-0.197271,-0.689520,-2.025933,0.896000,3.273647,1.678428,-0.182123,0.462502,0.234261,0.104713,0.143667,0.650975,-0.390068
47.179963,-1.021811,0.705942,0.300411,0.541562,0.884301,1.092802,-0.518834,0.135283,0.000189,0.243546,0.144173,0.393274,0.631777,-0.222877,0.752679,-0.197271,-0.689520,-2.025933,0.896000,3.273647,1.678428,-0.182123,0.462502,0.234261,0.104713,0.143667,0.650975,-0.390068
47.181186,-1.021606,0.706310,0.299674,0.539951,0.881417,1.098659,-0.516536,0.089464,-0.068021,0.195867,0.177255,0.394113,0.634683,-0.222812,0.752318,-0.196335,-0.689053,-2.025715,0.896299,3.274926,1.677642,-0.181945,0.465337,0.234416,0.107315,0.146984,0.644467,-0.394268
47.182079,-1.021919,0.697756,0.300920,0.537264,0.879098,1.098201,-0.516091,0.089464,-0.068021,0.195867,0.177255,0.394113,0.634683,-0.222812,0.752318,-0.196335,-0.689053,-2.025715,0.896299,3.274926,1.677642,-0.181945,0.465337,0.234416,0.107315,0.146984,0.644467,-0.394268
47.183034,-1.023242,0.691897,0.304623,0.535748,0.878136,1.100231,-0.517370,0.065802,-0.104195,0.171988,0.192411,0.395207,0.636469,-0.222799,0.752135,-0.195858,-0.688821,-2.025602,0.896453,3.275578,1.677247,-0.181771,0.469292,0.233492,0.109202,0.148946,0.644597,-0.395131
47.184017,-1.021022,0.687837,0.300996,0.535943,0.879215,1.098307,-0.515481,0.040973,-0.145924,0.147722,0.207604,0.396677,0.638936,-0.222767,0.751956,-0.195377,-0.688594,-2.025493,0.896605,3.276211,1.676859,-0.181312,0.472190,0.231568,0.110156,0.149641,0.642526,-0.392697
47.184931,-1.022836,0.682540,0.302151,0.538594,0.876342,1.097241,-0.513360,0.015086,-0.194824,0.123465,0.223997,0.398282,0.642300,-0.222691,0.751771,-0.194901,-0.688357,-2.025383,0.896751,3.276856,1.676453,-0.182636,0.474425,0.233325,0.109434,0.148394,0.644512,-0.396671
47.186045,-1.030629,0.683671,0.308623,0.537545,0.881746,1.098532,-0.513823,-0.012729,-0.252081,0.098531,0.243690,0.399771,0.646714,-0.222640,0.751594,-0.194417,-0.688124,-2.025284,0.896908,3.277494,1.676046,-0.181831,0.476776,0.232489,0.106353,0.150955,0.645361,-0.400923
47.186967,-1.026472,0.689113,0.304587,0.536906,0.885384,1.100409,-0.513650,-0.042858,-0.317310,0.072536,0.268013,0.400913,0.652211,-0.222668,0.751423,-0.193935,-0.687904,-2.025173,0.897044,3.278139,1.675645,-0.178600,0.477115,0.229705,0.107182,0.145590,0.644595,-0.400338
47.187958,-1.027113,0.695422,0.299679,0.538856,0.886038,1.100902,-0.510327,-0.073396,-0.383483,0.046718,0.293289,0.401752,0.658284,-0.222758,0.751238,-0.193470,-0.687668,-2.025066,0.897178,3.278776,1.675240,-0.180773,0.474336,0.231521,0.107229,0.141863,0.642535,-0.400722
47.188936,-1.031871,0.697895,0.306242,0.538996,0.886199,1.099418,-0.507802,-0.102109,-0.440949,0.022355,0.314524,0.402548,0.664203,-0.222925,0.751055,-0.193002,-0.687429,-2.024962,0.897316,3.279407,1.674820,-0.180674,0.471540,0.233879,0.104894,0.141179,0.642198,-0.407526
47.189997,-1.030594,0.699541,0.308031,0.538766,0.883017,1.101765,-0.510023,-0.127776,-0.485127,0.000289,0.330627,0.403456,0.669611,-0.223174,0.750881,-0.192538,-0.687206,-2.024859,0.897457,3.280054,1.674394,-0.178583,0.470643,0.230599,0.104408,0.140914,0.643691,-0.412602
47.191010,-1.028968,0.701437,0.304442,0.536935,0.880049,1.101825,-0.511645,-0.147868,-0.515515,-0.016628,0.342636,0.404364,0.674378,-0.223404,0.750701,-0.192064,-0.686975,-2.024755,0.897606,3.280687,1.673994,-0.179706,0.470540,0.229931,0.104429,0.144048,0.641712,-0.408363
47.191980,-1.026977,0.695957,0.309001,0.536052,0.876010,1.099857,-0.510010,-0.160696,-0.532752,-0.026454,0.350907,0.405204,0.678430,-0.223498,0.750518,-0.191590,-0.686744,-2.024645,0.897759,3.281334,1.673593,-0.180812,0.470002,0.231811,0.105813,0.146836,0.641804,-0.405341
47.192940,-1.033702,0.695156,0.311115,0.536270,0.872752,1.098591,-0.511045,-0.166591,-0.539495,-0.029419,0.356096,0.405958,0.681805,-0.223464,0.750333,-0.191114,-0.686516,-2.024536,0.897912,3.281975,1.673174,-0.181979,0.472915,0.229466,0.106171,0.150649,0.643781,-0.408733
47.194057,-1.031356,0.696056,0.314709,0.535559,0.871490,1.101234,-0.513316,-0.163027,-0.542135,-0.018846,0.367694,0.406293,0.687577,-0.223176,0.749978,-0.190172,-0.686067,-2.024326,0.898226,3.283262,1.672378,-0.180632,0.474048,0.227047,0.106087,0.154765,0.642870,-0.402576
47.194967,-1.033918,0.703747,0.307536,0.538305,0.870687,1.099270,-0.510812,-0.163027,-0.542135,-0.018846,0.367694,0.406293,0.687577,-0.223176,0.749978,-0.190172,-0.686067,-2.024326,0.898226,3.283262,1.672378,-0.180632,0.474048,0.227047,0.106087,0.154765,0.642870,-0.402576
47.195966,-1.032640,0.707550,0.313446,0.540097,0.873682,1.098273,-0.509404,-0.156683,-0.541532,-0.008502,0.375892,0.405540,0.690236,-0.223038,0.749804,-0.189711,-0.685830,-2.024229,0.898379,3.283903,1.671959,-0.179476,0.470103,0.230380,0.102949,0.155242,0.644624,-0.407628
47.196932,-1.040038,0.712895,0.316663,0.542126,0.872785,1.095770,-0.512691,-0.148166,-0.536710,0.003831,0.384859,0.404132,0.692592,-0.223041,0.749622,-0.189243,-0.685609,-2.024132,0.898527,3.284557,1.671546,-0.180403,0.468639,0.227516,0.100984,0.152066,0.645654,-0.410561
47.197930,-1.043461,0.723118,0.312336,0.541129,0.871402,1.098322,-0.513898,-0.120903,-0.507613,0.037828,0.403845,0.399363,0.696091,-0.223342,0.749277,-0.188330,-0.685153,-2.023936,0.898836,3.285860,1.670760,-0.175664,0.461703,0.228134,0.099522,0.153915,0.645528,-0.401886
47.199006,-1.039414,0.728511,0.317252,0.542815,0.867442,1.090143,-0.513524,-0.103216,-0.478898,0.057629,0.409509,0.396711,0.697102,-0.223522,0.749094,-0.187870,-0.684932,-2.023843,0.899003,3.286532,1.670355,-0.178170,0.460000,0.225991,0.097906,0.157666,0.654042,-0.402972
47.199953,-1.042575,0.728143,0.318379,0.541631,0.862408,1.085091,-0.515046,-0.103216,-0.478898,0.057629,0.409509,0.396711,0.697102,-0.223522,0.749094,-0.187870,-0.684932,-2.023843,0.899003,3.286532,1.670355,-0.178170,0.460000,0.225991,0.097906,0.157666,0.654042,-0.402972
47.200941,-1.042473,0.721963,0.317758,0.539844,0.861579,1.079665,-0.516981,-0.079295,-0.439264,0.083015,0.411250,0.393856,0.697301,-0.223714,0.748920,-0.187413,-0.684708,-2.023743,0.899173,3.287210,1.669955,-0.176789,0.460423,0.225405,0.098746,0.162273,0.658739,-0.399981
47.202068,-1.047262,0.721027,0.315821,0.537652,0.857534,1.079457,-0.516206,-0.051238,-0.395738,0.112244,0.411133,0.390887,0.697008,-0.223885,0.748741,-0.186944,-0.684482,-2.023641,0.899337,3.287882,1.669569,-0.177143,0.463864,0.225781,0.100233,0.162734,0.664054,-0.396327
47.203010,-1.048866,0.719736,0.316775,0.537598,0.856627,1.072984,-0.515909,-0.026273,-0.357878,0.138022,0.410939,0.388292,0.696865,-0.224027,0.748568,-0.186479,-0.684255,-2.023537,0.899511,3.288551,1.669167,-0.175420,0.465533,0.227185,0.102348,0.166571,0.664660,-0.398342
47.203971,-1.056255,0.716076,0.317218,0.537413,0.858999,1.074791,-0.515934,-0.009243,-0.330608,0.155381,0.411285,0.386331,0.697144,-0.224204,0.748395,-0.186011,-0.684027,-2.023437,0.899677,3.289225,1.668768,-0.174869,0.466220,0.226592,0.102019,0.167037,0.670874,-0.399010
47.205058,-1.053961,0.719199,0.319471,0.538100,0.860232,1.080095,-0.517356,-0.002155,-0.315889,0.162401,0.413087,0.384986,0.697892,-0.224457,0.748230,-0.185538,-0.683805,-2.023335,0.899835,3.289894,1.668368,-0.171523,0.468178,0.226402,0.101818,0.164339,0.668777,-0.399074
47.206045,-1.052213,0.718971,0.321707,0.539133,0.860549,1.082500,-0.516316,-0.004966,-0.314313,0.159460,0.417510,0.384128,0.699190,-0.224739,0.748051,-0.185074,-0.683578,-2.023235,0.899994,3.290558,1.667973,-0.173254,0.467573,0.225586,0.101067,0.162978,0.663764,-0.396568
47.206941,-1.051610,0.725504,0.324500,0.540450,0.863709,1.083407,-0.514979,-0.019002,-0.332810,0.146895,0.432847,0.382363,0.702380,-0.225320,0.747701,-0.184147,-0.683138,-2.023042,0.900311,3.291871,1.667162,-0.174837,0.464614,0.223046,0.098137,0.158815,0.660067,-0.401498
47.207971,-1.050278,0.727373,0.328118,0.539922,0.865218,1.084916,-0.516627,-0.019002,-0.332810,0.146895,0.432847,0.382363,0.702380,-0.225320,0.747701,-0.184147,-0.683138,-2.023042,0.900311,3.291871,1.667162,-0.174837,0.464614,0.223046,0.098137,0.158815,0.660067,-0.401498
47.209009,-1.055313,0.726835,0.322509,0.538772,0.863136,1.090653,-0.517735,-0.019091,-0.339413,0.148617,0.440165,0.381070,0.703346,-0.225567,0.747527,-0.183682,-0.682919,-2.022943,0.900462,3.292524,1.666772,-0.175960,0.464344,0.221489,0.098533,0.157185,0.658720,-0.398425
47.209944,-1.047759,0.720653,0.318795,0.533553,0.858820,1.089337,-0.516776,-0.015088,-0.341104,0.154618,0.445093,0.379999,0.703812,-0.225723,0.747357,-0.183209,-0.682692,-2.022840,0.900627,3.293173,1.666376,-0.173922,0.465205,0.224522,0.099448,0.159034,0.653154,-0.396494
47.210988,-1.051636,0.720036,0.321007,0.529327,0.855928,1.092914,-0.517531,-0.013828,-0.342389,0.157433,0.447203,0.379909,0.704227,-0.225817,0.747170,-0.182737,-0.682463,-2.022726,0.900800,3.293828,1.665973,-0.177806,0.468291,0.226236,0.103994,0.162894,0.654312,-0.398514
47.211948,-1.054511,0.707001,0.320143,0.526506,0.853801,1.093610,-0.519026,-0.017057,-0.344256,0.154923,0.444557,0.381033,0.704518,-0.225901,0.746994,-0.182263,-0.682238,-2.022612,0.900969,3.294481,1.665581,-0.176278,0.469180,0.225320,0.107721,0.165469,0.650906,-0.397267
47.212923,-1.049753,0.707620,0.318511,0.526187,0.853844,1.101086,-0.517768,-0.025853,-0.349399,0.146066,0.437454,0.383251,0.704767,-0.225981,0.746822,-0.181777,-0.682013,-2.022497,0.901137,3.295124,1.665189,-0.175137,0.475695,0.225754,0.109831,0.167191,0.650179,-0.394413
47.214063,-1.048063,0.705454,0.324720,0.527494,0.854457,1.102815,-0.517386,-0.042480,-0.363522,0.129086,0.429638,0.386241,0.705446,-0.226052,0.746642,-0.181300,-0.681785,-2.022385,0.901302,3.295756,1.664785,-0.177782,0.475480,0.226566,0.109563,0.166776,0.642708,-0.397110
47.214986,-1.044237,0.711640,0.324515,0.530541,0.856761,1.105454,-0.518316,-0.062740,-0.385870,0.108936,0.423939,0.389166,0.706509,-0.226135,0.746461,-0.180817,-0.681562,-2.022279,0.901469,3.296385,1.664391,-0.179252,0.477657,0.223944,0.108150,0.166007,0.641782,-0.398323
47.216032,-1.047934,0.720241,0.327615,0.530476,0.862554,1.107905,-0.519664,-0.079303,-0.410883,0.093537,0.421665,0.391092,0.707522,-0.226228,0.746275,-0.180352,-0.681341,-2.022180,0.901623,3.297022,1.663995,-0.181208,0.474495,0.224006,0.104687,0.163377,0.638960,-0.396498
47.217061,-1.046732,0.729375,0.325747,0.530988,0.864602,1.110420,-0.519892,-0.088185,-0.430773,0.086575,0.421277,0.391744,0.708037,-0.226318,0.746099,-0.179889,-0.681121,-2.022074,0.901766,3.297650,1.663609,-0.179788,0.470929,0.222726,0.104509,0.157513,0.636887,-0.394127
47.218036,-1.045326,0.730778,0.325755,0.527622,0.865149,1.108539,-0.519957,-0.088995,-0.437320,0.087421,0.418493,0.391571,0.707675,-0.226418,0.745917,-0.179428,-0.680898,-2.021973,0.901917,3.298282,1.663213,-0.180755,0.467024,0.223879,0.103772,0.155355,0.634655,-0.393948
47.218946,-1.045792,0.731081,0.328166,0.523970,0.863110,1.107845,-0.520240,-0.082583,-0.426550,0.094421,0.409878,0.391200,0.706213,-0.226553,0.745731,-0.178965,-0.680672,-2.021860,0.902071,3.298920,1.662816,-0.181624,0.466679,0.223884,0.106572,0.154589,0.636607,-0.393975
47.219946,-1.049495,0.724295,0.327189,0.523432,0.859634,1.108331,-0.520611,-0.069571,-0.399025,0.106668,0.393741,0.391085,0.703553,-0.226736,0.745552,-0.178495,-0.680451,-2.021746,0.902230,3.299553,1.662430,-0.181465,0.466376,0.222554,0.109440,0.156269,0.637094,-0.393488
47.220979,-1.048746,0.715573,0.321991,0.520833,0.856370,1.111723,-0.520468,-0.053306,-0.362005,0.121084,0.372377,0.391497,0.700137,-0.226947,0.745372,-0.178022,-0.680227,-2.021634,0.902393,3.300192,1.662037,-0.179901,0.470159,0.223173,0.109434,0.159466,0.636727,-0.392959
47.221973,-1.051584,0.712636,0.326309,0.520082,0.855515,1.107406,-0.522533,-0.041918,-0.329952,0.130154,0.352297,0.392667,0.697106,-0.227135,0.745192,-0.177538,-0.679994,-2.021519,0.902561,3.300812,1.661644,-0.180675,0.474950,0.225892,0.111513,0.162421,0.633676,-0.393533
47.223030,-1.050244,0.719614,0.323524,0.522758,0.859068,1.107653,-0.523096,-0.046473,-0.309581,0.121209,0.329847,0.396515,0.694126,-0.227288,0.744831,-0.176594,-0.679548,-2.021302,0.902876,3.302094,1.660870,-0.180645,0.473884,0.225506,0.108756,0.159241,0.638210,-0.388837
47.224050,-1.048919,0.729812,0.317059,0.525179,0.864445,1.108002,-0.523338,-0.046473,-0.309581,0.121209,0.329847,0.396515,0.694126,-0.227288,0.744831,-0.176594,-0.679548,-2.021302,0.902876,3.302094,1.660870,-0.180645,0.473884,0.225506,0.108756,0.159241,0.638210,-0.388837
47.224925,-1.050241,0.738674,0.316185,0.524944,0.866106,1.110745,-0.524001,-0.067060,-0.309497,0.095709,0.322083,0.399582,0.692089,-0.227194,0.744468,-0.175680,-0.679084,-2.021096,0.903164,3.303362,1.660099,-0.180930,0.464786,0.228886,0.105723,0.151860,0.634978,-0.387325
47.226039,-1.047759,0.751919,0.317800,0.527253,0.870618,1.108428,-0.524546,-0.067060,-0.309497,0.095709,0.322083,0.399582,0.692089,-0.227194,0.744468,-0.175680,-0.679084,-2.021096,0.903164,3.303362,1.660099,-0.180930,0.464786,0.228886,0.105723,0.151860,0.634978,-0.387325
47.227047,-1.051989,0.758340,0.320701,0.524865,0.870437,1.107907,-0.525334,-0.074869,-0.295361,0.084106,0.315117,0.400588,0.689975,-0.227112,0.744285,-0.175226,-0.678856,-2.020997,0.903304,3.303989,1.659717,-0.182736,0.459415,0.228453,0.103425,0.147410,0.638008,-0.386707
47.227935,-1.048271,0.749908,0.316095,0.520665,0.869277,1.107413,-0.526383,-0.074466,-0.263510,0.079764,0.302395,0.401133,0.686490,-0.227021,0.744108,-0.174769,-0.678633,-2.020885,0.903452,3.304628,1.659334,-0.180934,0.456825,0.227144,0.105355,0.147503,0.638665,-0.385394
47.228957,-1.052260,0.737836,0.317161,0.517917,0.865656,1.104972,-0.525341,-0.067301,-0.218064,0.081379,0.283991,0.401568,0.681988,-0.226950,0.743918,-0.174303,-0.678399,-2.020770,0.903600,3.305272,1.658948,-0.182740,0.460875,0.229147,0.108722,0.148376,0.638809,-0.383337
47.229983,-1.053968,0.729398,0.315972,0.515295,0.862969,1.103537,-0.525864,-0.060990,-0.174179,0.081851,0.264388,0.402405,0.677677,-0.226924,0.743741,-0.173823,-0.678170,-2.020656,0.903761,3.305907,1.658561,-0.181094,0.467321,0.228702,0.110927,0.151770,0.641509,-0.385743
47.231084,-1.056169,0.726316,0.313286,0.517438,0.866416,1.103848,-0.525899,-0.077847,-0.146976,0.055085,0.244202,0.405811,0.673888,-0.226940,0.743380,-0.172868,-0.677708,-2.020435,0.904066,3.307203,1.657789,-0.180043,0.474402,0.231065,0.110636,0.150726,0.643253,-0.385321
47.232018,-1.051362,0.724426,0.310316,0.517264,0.867488,1.104700,-0.523849,-0.077847,-0.146976,0.055085,0.244202,0.405811,0.673888,-0.226940,0.743380,-0.172868,-0.677708,-2.020435,0.904066,3.307203,1.657789,-0.180043,0.474402,0.231065,0.110636,0.150726,0.643253,-0.385321
47.232925,-1.049015,0.728639,0.309009,0.517683,0.871548,1.101883,-0.522695,-0.138350,-0.211110,-0.011112,0.261487,0.409843,0.677695,-0.227045,0.743008,-0.171922,-0.677236,-2.020220,0.904353,3.308498,1.657000,-0.183699,0.472934,0.232683,0.109220,0.145169,0.644759,-0.391885
47.233958,-1.049471,0.733427,0.311523,0.517871,0.875837,1.100855,-0.522222,-0.138350,-0.211110,-0.011112,0.261487,0.409843,0.677695,-0.227045,0.743008,-0.171922,-0.677236,-2.020220,0.904353,3.308498,1.657000,-0.183699,0.472934,0.232683,0.109220,0.145169,0.644759,-0.391885
47.235063,-1.050245,0.739433,0.315954,0.518048,0.879227,1.101659,-0.521466,-0.170560,-0.254118,-0.044937,0.276229,0.411139,0.680571,-0.227175,0.742825,-0.171452,-0.677004,-2.020116,0.904487,3.309146,1.656604,-0.183799,0.471132,0.231509,0.108754,0.140912,0.645981,-0.393083
47.236068,-1.048065,0.737686,0.315510,0.519759,0.876899,1.105166,-0.520043,-0.196120,-0.290665,-0.071729,0.289260,0.411813,0.682916,-0.227359,0.742640,-0.170980,-0.676780,-2.020007,0.904621,3.309792,1.656206,-0.183915,0.469119,0.229696,0.108358,0.137665,0.645657,-0.394985
47.237016,-1.045598,0.731375,0.310712,0.516372,0.874586,1.103341,-0.519299,-0.212939,-0.318501,-0.089241,0.300329,0.411942,0.684574,-0.227570,0.742451,-0.170510,-0.676547,-2.019905,0.904764,3.310438,1.655797,-0.185215,0.470445,0.229959,0.106336,0.139961,0.642224,-0.398007
47.238118,-1.043856,0.723546,0.309120,0.514258,0.873289,1.103652,-0.519732,-0.223996,-0.342625,-0.100174,0.311692,0.411837,0.685974,-0.227760,0.742263,-0.170026,-0.676309,-2.019792,0.904910,3.311080,1.655393,-0.186523,0.473516,0.232173,0.109099,0.142076,0.644005,-0.399561
47.239057,-1.045253,0.716445,0.309078,0.513995,0.871649,1.103756,-0.517234,-0.234969,-0.369982,-0.110299,0.324403,0.412019,0.687588,-0.227880,0.742068,-0.169541,-0.676078,-2.019676,0.905057,3.311731,1.654993,-0.187766,0.478271,0.233269,0.110808,0.143356,0.644138,-0.399042
47.240025,-1.048741,0.709249,0.306297,0.511738,0.869803,1.107523,-0.517013,-0.250061,-0.406417,-0.123841,0.339694,0.412733,0.689793,-0.227910,0.741883,-0.169049,-0.675844,-2.019568,0.905206,3.312380,1.654579,-0.187136,0.481559,0.233088,0.110467,0.144766,0.643850,-0.404119
47.240971,-1.040697,0.708014,0.306433,0.511699,0.870939,1.110118,-0.516813,-0.272428,-0.455790,-0.143929,0.359156,0.413982,0.692922,-0.227869,0.741700,-0.168552,-0.675608,-2.019452,0.905352,3.313006,1.654168,-0.185567,0.485024,0.234371,0.112065,0.146439,0.640125,-0.404605
47.241980,-1.041857,0.704469,0.310307,0.511297,0.876519,1.114438,-0.517476,-0.301481,-0.516264,-0.170038,0.381959,0.415528,0.696863,-0.227786,0.741502,-0.168069,-0.675372,-2.019342,0.905493,3.313638,1.653759,-0.189592,0.485521,0.234111,0.111483,0.145122,0.637495,-0.405058
47.243112,-1.043077,0.715358,0.312930,0.515066,0.880633,1.115622,-0.517298,-0.331014,-0.581242,-0.195798,0.406062,0.416756,0.701093,-0.227668,0.741315,-0.167576,-0.675143,-2.019233,0.905620,3.314260,1.653362,-0.189203,0.487476,0.232223,0.111440,0.139572,0.633423,-0.403932
47.243985,-1.040781,0.724117,0.310059,0.515589,0.882080,1.119651,-0.515211,-0.355672,-0.643549,-0.215820,0.429843,0.417240,0.705192,-0.227543,0.741126,-0.167106,-0.674914,-2.019131,0.905751,3.314891,1.652951,-0.189119,0.483141,0.231344,0.107623,0.135676,0.632972,-0.404686
47.245056,-1.040671,0.726624,0.306290,0.516384,0.883070,1.119265,-0.515744,-0.372163,-0.693608,-0.227286,0.450477,0.416965,0.708673,-0.227469,0.740936,-0.166634,-0.674678,-2.019026,0.905881,3.315510,1.652539,-0.190146,0.478357,0.232412,0.106502,0.134117,0.628649,-0.408811
47.246030,-1.039433,0.726550,0.307818,0.515003,0.881469,1.120423,-0.517742,-0.380068,-0.724834,-0.230482,0.465149,0.416273,0.711217,-0.227451,0.740743,-0.166150,-0.674441,-2.018923,0.906011,3.316131,1.652131,-0.190509,0.477793,0.234452,0.105539,0.133262,0.629603,-0.407979
47.246979,-1.041344,0.723804,0.305557,0.512153,0.878855,1.121497,-0.516576,-0.381927,-0.739225,-0.228271,0.473909,0.415619,0.713014,-0.227426,0.740549,-0.165677,-0.674209,-2.018813,0.906146,3.316759,1.651729,-0.191195,0.478025,0.233606,0.106391,0.134830,0.628516,-0.404084
47.248019,-1.038905,0.720075,0.304642,0.510956,0.876680,1.123611,-0.516340,-0.380075,-0.741727,-0.222943,0.477795,0.415314,0.714395,-0.227383,0.740360,-0.165193,-0.673972,-2.018701,0.906289,3.317376,1.651324,-0.190289,0.479318,0.234562,0.108605,0.137290,0.627494,-0.406555
47.248970,-1.041908,0.718975,0.304943,0.510797,0.877042,1.122060,-0.516703,-0.377356,-0.738043,-0.217224,0.478118,0.415553,0.715769,-0.227359,0.740163,-0.164705,-0.673736,-2.018589,0.906432,3.317992,1.650915,-0.191729,0.481606,0.235098,0.109346,0.139413,0.625798,-0.407236
47.250068,-1.035117,0.721660,0.310849,0.512470,0.878190,1.120328,-0.516480,-0.375895,-0.733631,-0.213000,0.477245,0.416222,0.717500,-0.227352,0.739974,-0.164227,-0.673502,-2.018480,0.906567,3.318625,1.650507,-0.190259,0.482128,0.234783,0.108931,0.138943,0.627348,-0.406561
47.251054,-1.038666,0.731252,0.307638,0.512917,0.882248,1.121587,-0.515494,-0.372795,-0.729083,-0.206941,0.477029,0.416685,0.719458,-0.227337,0.739775,-0.163743,-0.673273,-2.018373,0.906701,3.319253,1.650103,-0.194022,0.481593,0.232132,0.107038,0.137916,0.629670,-0.407374
47.252041,-1.038062,0.735073,0.307845,0.515310,0.884036,1.122245,-0.515533,-0.363083,-0.719503,-0.193917,0.476847,0.416302,0.721101,-0.227341,0.739584,-0.163279,-0.673037,-2.018268,0.906829,3.319880,1.649689,-0.192324,0.477132,0.233715,0.106224,0.133866,0.628518,-0.409464
47.253073,-1.037927,0.739234,0.314711,0.517516,0.889940,1.120055,-0.517223,-0.347427,-0.701175,-0.175060,0.475184,0.415095,0.722162,-0.227399,0.739391,-0.162804,-0.672805,-2.018171,0.906956,3.320499,1.649280,-0.192754,0.475496,0.233571,0.103600,0.132146,0.628062,-0.409495
47.254007,-1.031848,0.742780,0.309590,0.518771,0.891052,1.119157,-0.516577,-0.326817,-0.674616,-0.151406,0.472926,0.413061,0.722648,-0.227498,0.739195,-0.162332,-0.672581,-2.018073,0.907072,3.321131,1.648882,-0.193003,0.473968,0.230303,0.101262,0.126411,0.630573,-0.406336
47.254962,-1.033816,0.741222,0.310229,0.519812,0.889597,1.119323,-0.515330,-0.299454,-0.640911,-0.120775,0.471488,0.410035,0.722490,-0.227632,0.738991,-0.161866,-0.672344,-2.017974,0.907193,3.321766,1.648467,-0.195926,0.472232,0.232694,0.099666,0.125385,0.631345,-0.407684
47.256079,-1.037754,0.745870,0.314352,0.520209,0.891954,1.117972,-0.517463,-0.267433,-0.603219,-0.085194,0.471830,0.406288,0.721919,-0.227828,0.738797,-0.161391,-0.672110,-2.017880,0.907322,3.322394,1.648053,-0.194918,0.473095,0.232204,0.098418,0.126840,0.631184,-0.410244
47.256984,-1.034341,0.742466,0.316618,0.517489,0.893590,1.115856,-0.517285,-0.235053,-0.566337,-0.049074,0.474877,0.402258,0.721379,-0.228065,0.738606,-0.160927,-0.671886,-2.017785,0.907441,3.323029,1.647654,-0.193398,0.471911,0.230564,0.098168,0.124752,0.633171,-0.406315
47.258042,-1.030277,0.743108,0.310715,0.519166,0.893417,1.115788,-0.517160,-0.203303,-0.531358,-0.013563,0.479237,0.398222,0.720916,-0.228295,0.738409,-0.160449,-0.671659,-2.017682,0.907559,3.323661,1.647250,-0.194993,0.473351,0.229241,0.100402,0.123144,0.635074,-0.406713
47.259046,-1.037182,0.741212,0.312748,0.517302,0.894315,1.115229,-0.518570,-0.172250,-0.498894,0.021189,0.483473,0.394346,0.720526,-0.228525,0.738206,-0.159971,-0.671423,-2.017587,0.907685,3.324298,1.646837,-0.197195,0.473665,0.232367,0.098685,0.123485,0.635495,-0.407206
47.259955,-1.037492,0.737070,0.311129,0.517274,0.895982,1.110612,-0.520131,-0.145816,-0.472636,0.051056,0.488084,0.390921,0.720627,-0.228771,0.738015,-0.159497,-0.671194,-2.017486,0.907805,3.324945,1.646435,-0.193860,0.474973,0.231372,0.100313,0.122709,0.636147,-0.404541
47.260925,-1.034917,0.740700,0.307011,0.519130,0.897828,1.109319,-0.520192,-0.128749,-0.456341,0.070966,0.493434,0.388256,0.721642,-0.229001,0.737823,-0.159016,-0.670959,-2.017389,0.907923,3.325589,1.646043,-0.193675,0.476754,0.231923,0.099954,0.121071,0.640543,-0.401475
47.261983,-1.035582,0.739044,0.309223,0.521126,0.899322,1.106558,-0.519803,-0.122892,-0.452556,0.080865,0.506539,0.384890,0.726256,-0.229422,0.737429,-0.158068,-0.670491,-2.017203,0.908153,3.326900,1.645239,-0.194884,0.476615,0.232914,0.096001,0.118130,0.644744,-0.402583
47.263093,-1.040851,0.737529,0.314161,0.522236,0.903891,1.107370,-0.520770,-0.122892,-0.452556,0.080865,0.506539,0.384890,0.726256,-0.229422,0.737429,-0.158068,-0.670491,-2.017203,0.908153,3.326900,1.645239,-0.194884,0.476615,0.232914,0.096001,0.118130,0.644744,-0.402583
47.264094,-1.040636,0.749072,0.314358,0.523701,0.903367,1.103967,-0.521201,-0.129686,-0.463108,0.075907,0.516095,0.383688,0.729618,-0.229625,0.737242,-0.157585,-0.670263,-2.017111,0.908259,3.327543,1.644842,-0.192715,0.478265,0.230805,0.095073,0.113958,0.644443,-0.401019
47.265128,-1.038111,0.747733,0.314579,0.521383,0.902676,1.104729,-0.520401,-0.139650,-0.478394,0.067879,0.526909,0.382721,0.733333,-0.229803,0.737049,-0.157121,-0.670031,-2.017020,0.908369,3.328197,1.644439,-0.192990,0.472891,0.230743,0.093591,0.114760,0.647918,-0.400344
47.265960,-1.042397,0.740940,0.312110,0.519613,0.902882,1.104619,-0.520877,-0.148218,-0.489027,0.061023,0.534222,0.382030,0.736543,-0.230006,0.736854,-0.156641,-0.669800,-2.016922,0.908487,3.328843,1.644035,-0.194466,0.474100,0.230748,0.095824,0.115647,0.647334,-0.402206
47.267006,-1.041551,0.738758,0.312605,0.517633,0.901047,1.107734,-0.520234,-0.155754,-0.493955,0.054653,0.535932,0.381911,0.739089,-0.230266,0.736668,-0.156155,-0.669569,-2.016823,0.908604,3.329492,1.643635,-0.192096,0.476681,0.231553,0.097000,0.115372,0.646848,-0.401109
47.267973,-1.041784,0.733300,0.304922,0.518699,0.900327,1.104145,-0.519866,-0.166964,-0.499419,0.043938,0.533408,0.382768,0.741533,-0.230543,0.736472,-0.155675,-0.669337,-2.016721,0.908724,3.330138,1.643225,-0.192771,0.478306,0.231433,0.098778,0.117426,0.643973,-0.402653
47.269003,-1.040253,0.727167,0.307375,0.518556,0.901228,1.105268,-0.519759,-0.184903,-0.510082,0.025946,0.528804,0.384682,0.744295,-0.230803,0.736282,-0.155186,-0.669093,-2.016627,0.908844,3.330786,1.642824,-0.192746,0.481014,0.235090,0.097515,0.118218,0.647570,-0.403506
47.270016,-1.045555,0.725985,0.315960,0.519345,0.904014,1.104924,-0.520717,-0.210849,-0.530183,-0.000272,0.525288,0.387437,0.747653,-0.231019,0.736089,-0.154697,-0.668861,-2.016529,0.908960,3.331435,1.642419,-0.193733,0.484417,0.233920,0.097533,0.117515,0.646583,-0.403940
47.271032,-1.039663,0.728389,0.314350,0.520898,0.906931,1.107849,-0.520726,-0.269765,-0.594978,-0.058681,0.527300,0.393049,0.755336,-0.231271,0.735702,-0.153724,-0.668407,-2.016342,0.909177,3.332716,1.641618,-0.194398,0.484313,0.230679,0.095071,0.112330,0.644337,-0.402428
47.272018,-1.038497,0.729059,0.316060,0.523395,0.909141,1.108489,-0.519292,-0.269765,-0.594978,-0.058681,0.527300,0.393049,0.755336,-0.231271,0.735702,-0.153724,-0.668407,-2.016342,0.909177,3.332716,1.641618,-0.194398,0.484313,0.230679,0.095071,0.112330,0.644337,-0.402428
47.273076,-1.042720,0.735469,0.315927,0.525738,0.913321,1.110445,-0.520430,-0.291562,-0.628337,-0.079281,0.531295,0.394846,0.758499,-0.231400,0.735504,-0.153247,-0.668178,-2.016254,0.909283,3.333360,1.641203,-0.195006,0.484205,0.229811,0.092587,0.110376,0.643757,-0.405427
47.273993,-1.041624,0.747237,0.315012,0.525036,0.913663,1.114740,-0.520207,-0.306295,-0.657224,-0.092349,0.536622,0.395875,0.760681,-0.231561,0.735317,-0.152771,-0.667946,-2.016168,0.909385,3.333991,1.640807,-0.193220,0.481642,0.230076,0.090448,0.106573,0.642196,-0.403412
47.275014,-1.040080,0.750762,0.313584,0.521757,0.911239,1.118093,-0.519069,-0.315317,-0.675095,-0.099590,0.536361,0.397308,0.760187,-0.231902,0.734929,-0.151837,-0.667483,-2.015973,0.909603,3.335239,1.639984,-0.194682,0.474471,0.231112,0.093985,0.109115,0.634717,-0.406351
47.276021,-1.041629,0.750633,0.315466,0.522863,0.910233,1.119730,-0.520668,-0.315317,-0.675095,-0.099590,0.536361,0.397308,0.760187,-0.231902,0.734929,-0.151837,-0.667483,-2.015973,0.909603,3.335239,1.639984,-0.194682,0.474471,0.231112,0.093985,0.109115,0.634717,-0.406351
47.277026,-1.044675,0.744576,0.318456,0.520975,0.908031,1.121723,-0.522186,-0.296358,-0.627426,-0.083094,0.507782,0.399308,0.752615,-0.232123,0.734544,-0.150877,-0.667029,-2.015785,0.909833,3.336499,1.639192,-0.192681,0.478212,0.228839,0.094569,0.112704,0.631509,-0.400493
47.277939,-1.041069,0.744937,0.319006,0.519117,0.906686,1.120767,-0.522321,-0.282306,-0.598724,-0.070949,0.491651,0.400242,0.747965,-0.232065,0.734349,-0.150399,-0.666799,-2.015687,0.909951,3.337125,1.638795,-0.194422,0.477766,0.228364,0.096047,0.114076,0.632351,-0.400295
47.279017,-1.041756,0.746457,0.319651,0.522231,0.906089,1.119830,-0.520864,-0.265189,-0.571189,-0.055806,0.476633,0.400687,0.743159,-0.231954,0.734155,-0.149921,-0.666575,-2.015599,0.910069,3.337757,1.638385,-0.194386,0.477779,0.228378,0.093117,0.114924,0.633772,-0.403531
47.279955,-1.042252,0.745378,0.314092,0.522589,0.908363,1.118203,-0.521008,-0.265189,-0.571189,-0.055806,0.476633,0.400687,0.743159,-0.231954,0.734155,-0.149921,-0.666575,-2.015599,0.910069,3.337757,1.638385,-0.194386,0.477779,0.228378,0.093117,0.114924,0.633772,-0.403531
47.280941,-1.043325,0.753721,0.313326,0.525364,0.910890,1.120340,-0.521149,-0.247466,-0.547623,-0.040068,0.464907,0.400509,0.738454,-0.231835,0.733960,-0.149450,-0.666339,-2.015507,0.910176,3.338390,1.637987,-0.194092,0.478315,0.230976,0.092582,0.112794,0.635311,-0.403297
47.281949,-1.046295,0.763769,0.317089,0.525841,0.911805,1.122100,-0.517318,-0.233368,-0.529659,-0.028226,0.457228,0.399933,0.734052,-0.231736,0.733767,-0.148981,-0.666106,-2.015425,0.910282,3.339013,1.637583,-0.193674,0.474410,0.231290,0.089945,0.110524,0.633310,-0.403162
47.282986,-1.044014,0.770083,0.317492,0.526813,0.913631,1.124111,-0.517159,-0.206911,-0.484765,-0.007957,0.442424,0.397732,0.724420,-0.231887,0.733384,-0.148058,-0.665650,-2.015250,0.910495,3.340256,1.636747,-0.193776,0.467492,0.229457,0.088720,0.108384,0.630181,-0.411459
47.284053,-1.046384,0.770465,0.317412,0.527365,0.914428,1.123774,-0.518132,-0.206911,-0.484765,-0.007957,0.442424,0.397732,0.724420,-0.231887,0.733384,-0.148058,-0.665650,-2.015250,0.910495,3.340256,1.636747,-0.193776,0.467492,0.229457,0.088720,0.108384,0.630181,-0.411459
47.285147,-1.050029,0.770201,0.320211,0.525473,0.911850,1.125094,-0.515928,-0.188803,-0.450278,0.006414,0.431441,0.396236,0.718686,-0.232159,0.733192,-0.147585,-0.665424,-2.015164,0.910604,3.340887,1.636335,-0.192888,0.468083,0.229773,0.088406,0.107926,0.630983,-0.409752
47.286179,-1.048370,0.764444,0.317828,0.521460,0.907645,1.125704,-0.512568,-0.170768,-0.414340,0.020588,0.419705,0.395010,0.712958,-0.232479,0.733002,-0.147117,-0.665198,-2.015068,0.910722,3.341519,1.635908,-0.191467,0.469203,0.228706,0.090394,0.110813,0.630183,-0.414474
47.287053,-1.051065,0.755153,0.316936,0.520191,0.903359,1.120811,-0.513896,-0.148762,-0.363085,0.034871,0.396885,0.394882,0.703754,-0.233214,0.732621,-0.146160,-0.664736,-2.014873,0.910976,3.342788,1.635060,-0.191062,0.476754,0.230151,0.095076,0.119325,0.634456,-0.418479
47.288120,-1.049516,0.753317,0.317965,0.522591,0.902446,1.118924,-0.514255,-0.148762,-0.363085,0.034871,0.396885,0.394882,0.703754,-0.233214,0.732621,-0.146160,-0.664736,-2.014873,0.910976,3.342788,1.635060,-0.191062,0.476754,0.230151,0.095076,0.119325,0.634456,-0.418479
47.289140,-1.052895,0.751042,0.317128,0.522224,0.898971,1.116479,-0.511643,-0.157220,-0.372755,0.020133,0.388573,0.397168,0.700128,-0.233616,0.732239,-0.145191,-0.664275,-2.014693,0.911228,3.344072,1.634201,-0.190691,0.479728,0.230364,0.093216,0.123960,0.639328,-0.423362
47.289994,-1.056688,0.754702,0.316369,0.522731,0.900400,1.115223,-0.511591,-0.171354,-0.398412,0.003684,0.391683,0.398501,0.700287,-0.233704,0.732054,-0.144721,-0.664044,-2.014601,0.911346,3.344725,1.633777,-0.188671,0.477373,0.230357,0.092349,0.122443,0.640029,-0.423243
47.291029,-1.059777,0.757623,0.321853,0.524989,0.903676,1.112044,-0.512944,-0.171354,-0.398412,0.003684,0.391683,0.398501,0.700287,-0.233704,0.732054,-0.144721,-0.664044,-2.014601,0.911346,3.344725,1.633777,-0.188671,0.477373,0.230357,0.092349,0.122443,0.640029,-0.423243
47.292013,-1.054341,0.766083,0.322013,0.525541,0.903955,1.110229,-0.512364,-0.205393,-0.454942,-0.034539,0.398772,0.401007,0.701772,-0.233781,0.731675,-0.143783,-0.663593,-2.014431,0.911580,3.346026,1.632941,-0.190300,0.472578,0.227763,0.089800,0.119250,0.645226,-0.421977
47.292966,-1.055084,0.762154,0.319011,0.525359,0.901625,1.108496,-0.510436,-0.214429,-0.471241,-0.045255,0.398273,0.401698,0.701780,-0.233844,0.731486,-0.143303,-0.663361,-2.014340,0.911706,3.346682,1.632512,-0.189978,0.474580,0.229167,0.089857,0.121611,0.646794,-0.425849
47.294059,-1.056746,0.757554,0.321251,0.524250,0.901300,1.108628,-0.511900,-0.220087,-0.482463,-0.052247,0.396019,0.402328,0.701540,-0.233967,0.731298,-0.142815,-0.663133,-2.014246,0.911832,3.347328,1.632090,-0.189570,0.477619,0.228348,0.091077,0.122117,0.647098,-0.423125
47.295010,-1.059311,0.752011,0.316798,0.521000,0.897892,1.105822,-0.513834,-0.220087,-0.482463,-0.052247,0.396019,0.402328,0.701540,-0.233967,0.731298,-0.142815,-0.663133,-2.014246,0.911832,3.347328,1.632090,-0.189570,0.477619,0.228348,0.091077,0.122117,0.647098,-0.423125
47.296099,-1.056155,0.745829,0.321747,0.520051,0.894248,1.103722,-0.513457,-0.228213,-0.496352,-0.061490,0.394011,0.403399,0.701708,-0.234091,0.731112,-0.142331,-0.662900,-2.014144,0.911965,3.347987,1.631676,-0.188389,0.480310,0.230465,0.093966,0.125489,0.649743,-0.419287
47.297030,-1.057309,0.740655,0.315948,0.520735,0.891167,1.100265,-0.513456,-0.240591,-0.516263,-0.074827,0.392750,0.405020,0.702495,-0.234196,0.730920,-0.141838,-0.662672,-2.014047,0.912101,3.348638,1.631255,-0.190378,0.484058,0.228262,0.094904,0.129233,0.652243,-0.420354
47.297984,-1.058868,0.739741,0.319159,0.519755,0.889318,1.099851,-0.514953,-0.255929,-0.544065,-0.090646,0.394021,0.406816,0.703925,-0.234305,0.730731,-0.141344,-0.662436,-2.013953,0.912238,3.349314,1.630831,-0.189789,0.486315,0.230979,0.093961,0.132171,0.655334,-0.420315
47.298961,-1.058430,0.740908,0.318554,0.521206,0.890186,1.098665,-0.515473,-0.274199,-0.579832,-0.108810,0.399094,0.408515,0.705939,-0.234400,0.730541,-0.140860,-0.662208,-2.013855,0.912375,3.349964,1.630416,-0.189072,0.486688,0.229266,0.094666,0.133907,0.655602,-0.417339
47.299957,-1.056047,0.751911,0.319287,0.523526,0.891202,1.102313,-0.514365,-0.309370,-0.653537,-0.142357,0.414903,0.410659,0.709761,-0.234577,0.730159,-0.139906,-0.661747,-2.013679,0.912639,3.351267,1.629580,-0.190771,0.480988,0.229205,0.090880,0.131988,0.653100,-0.418750
47.301097,-1.054619,0.762274,0.320895,0.523683,0.893564,1.107785,-0.515102,-0.315883,-0.672800,-0.147576,0.419926,0.410622,0.710120,-0.234780,0.729967,-0.139433,-0.661520,-2.013588,0.912765,3.351898,1.629161,-0.191979,0.477012,0.228857,0.091018,0.129873,0.648340,-0.417608
47.302031,-1.051591,0.771538,0.319647,0.521283,0.891913,1.112006,-0.516999,-0.309431,-0.668031,-0.139978,0.417210,0.409913,0.708629,-0.235053,0.729768,-0.138964,-0.661291,-2.013492,0.912903,3.352531,1.628758,-0.193412,0.472376,0.229361,0.093156,0.131429,0.644027,-0.413844
47.302953,-1.049300,0.765896,0.313134,0.523745,0.889795,1.114660,-0.517313,-0.309431,-0.668031,-0.139978,0.417210,0.409913,0.708629,-0.235053,0.729768,-0.138964,-0.661291,-2.013492,0.912903,3.352531,1.628758,-0.193412,0.472376,0.229361,0.093156,0.131429,0.644027,-0.413844
47.304077,-1.047458,0.760554,0.315393,0.521138,0.881461,1.119016,-0.517085,-0.292658,-0.641443,-0.122356,0.406761,0.408922,0.705611,-0.235334,0.729569,-0.138490,-0.661051,-2.013406,0.913037,3.353170,1.628343,-0.194424,0.475143,0.232343,0.090558,0.133431,0.641203,-0.413235
47.304997,-1.045238,0.758399,0.314266,0.521314,0.879238,1.119044,-0.520158,-0.272549,-0.607635,-0.101254,0.395212,0.407923,0.702349,-0.235559,0.729370,-0.138004,-0.660819,-2.013308,0.913198,3.353795,1.627932,-0.195725,0.478761,0.231537,0.093311,0.141721,0.637537,-0.414073
47.306012,-1.045841,0.756124,0.319432,0.523028,0.874864,1.120494,-0.521962,-0.252283,-0.577835,-0.079434,0.387375,0.406840,0.699764,-0.235657,0.729170,-0.137528,-0.660588,-2.013216,0.913345,3.354436,1.627538,-0.196698,0.479643,0.231908,0.092861,0.143638,0.637343,-0.407925
47.307063,-1.046600,0.759048,0.315992,0.525638,0.873263,1.120861,-0.521711,-0.231061,-0.555168,-0.055897,0.384827,0.405319,0.698072,-0.235601,0.728975,-0.137045,-0.660363,-2.013129,0.913498,3.355062,1.627142,-0.196535,0.481108,0.229435,0.091231,0.147851,0.636147,-0.404578
47.308000,-1.047259,0.765555,0.316839,0.526964,0.876285,1.119637,-0.523203,-0.209138,-0.541018,-0.030800,0.389032,0.403071,0.697334,-0.235450,0.728777,-0.136563,-0.660130,-2.013044,0.913655,3.355702,1.626736,-0.196364,0.480170,0.231346,0.088853,0.149257,0.636113,-0.405375
47.309064,-1.045783,0.776824,0.322008,0.530698,0.879088,1.124538,-0.525472,-0.187939,-0.532843,-0.005951,0.398549,0.400189,0.697289,-0.235286,0.728579,-0.136098,-0.659902,-2.012961,0.913797,3.356345,1.626339,-0.195959,0.476958,0.230785,0.087552,0.146014,0.637200,-0.402445
47.310075,-1.044297,0.785604,0.324970,0.532264,0.879504,1.127087,-0.523560,-0.164788,-0.522402,0.020856,0.409300,0.396721,0.697213,-0.235147,0.728382,-0.135634,-0.659677,-2.012883,0.913938,3.356969,1.625955,-0.196960,0.472147,0.228459,0.084230,0.143220,0.632714,-0.398259
47.311040,-1.044971,0.790822,0.326152,0.531295,0.874625,1.128539,-0.523225,-0.133604,-0.501029,0.055632,0.417925,0.392502,0.696387,-0.235083,0.728181,-0.135171,-0.659453,-2.012802,0.914082,3.357595,1.625548,-0.197783,0.468301,0.227131,0.082922,0.142739,0.630438,-0.402346
47.311973,-1.051952,0.789804,0.328485,0.528831,0.874083,1.128266,-0.527140,-0.092205,-0.464894,0.100461,0.422023,0.387705,0.694524,-0.235138,0.727984,-0.134713,-0.659227,-2.012716,0.914236,3.358233,1.625142,-0.197439,0.466035,0.226533,0.083930,0.147416,0.628985,-0.403088
47.312958,-1.050411,0.781576,0.327159,0.528889,0.868852,1.129616,-0.527738,-0.000388,-0.366926,0.197404,0.414207,0.379109,0.689395,-0.235335,0.727601,-0.133766,-0.658777,-2.012541,0.914545,3.359490,1.624371,-0.194850,0.470919,0.226011,0.086262,0.152652,0.627959,-0.394390
47.314019,-1.048878,0.777123,0.328768,0.528525,0.863349,1.126369,-0.527881,-0.000388,-0.366926,0.197404,0.414207,0.379109,0.689395,-0.235335,0.727601,-0.133766,-0.658777,-2.012541,0.914545,3.359490,1.624371,-0.194850,0.470919,0.226011,0.086262,0.152652,0.627959,-0.394390
47.315022,-1.057678,0.773047,0.332588,0.529089,0.861977,1.124512,-0.528269,0.036976,-0.327445,0.236858,0.409626,0.376024,0.687914,-0.235395,0.727221,-0.132802,-0.658335,-2.012368,0.914874,3.360765,1.623579,-0.195856,0.473743,0.225436,0.086350,0.158948,0.633621,-0.393854
47.316020,-1.061081,0.772602,0.334551,0.527838,0.865977,1.120192,-0.530570,0.065374,-0.304673,0.267547,0.409663,0.373475,0.687840,-0.235472,0.727221,-0.132802,-0.658335,-2.012368,0.914874,3.360765,1.623579,-0.191671,0.476019,0.223732,0.086350,0.158948,0.633621,-0.393854
47.316970,-1.060071,0.772307,0.333266,0.530014,0.866101,1.120325,-0.529512,0.082718,-0.299077,0.287144,0.413978,0.371467,0.689124,-0.235562,0.727033,-0.132327,-0.658113,-2.012277,0.915021,3.361421,1.623198,-0.190197,0.476546,0.222899,0.087599,0.154764,0.637978,-0.389473
47.318083,-1.059234,0.777876,0.332612,0.532113,0.866093,1.116709,-0.528237,0.088022,-0.322388,0.296160,0.427911,0.368922,0.694053,-0.235924,0.726650,-0.131379,-0.657661,-2.012116,0.915331,3.362708,1.622405,-0.191624,0.474948,0.224230,0.083863,0.154332,0.641908,-0.394733
47.319022,-1.066749,0.783017,0.342294,0.533271,0.869265,1.116968,-0.529389,0.088022,-0.322388,0.296160,0.427911,0.368922,0.694053,-0.235924,0.726650,-0.131379,-0.657661,-2.012116,0.915331,3.362708,1.622405,-0.191624,0.474948,0.224230,0.083863,0.154332,0.641908,-0.394733
47.319981,-1.064536,0.782510,0.345806,0.533284,0.869846,1.114618,-0.529685,0.083947,-0.338533,0.293588,0.434623,0.367938,0.696620,-0.236237,0.726471,-0.130906,-0.657450,-2.012038,0.915475,3.363353,1.622014,-0.187983,0.472338,0.219428,0.082860,0.150934,0.641449,-0.392492
47.321013,-1.065325,0.779291,0.340507,0.531538,0.862788,1.112088,-0.529740,0.081945,-0.348863,0.292895,0.438630,0.366967,0.698698,-0.236553,0.726280,-0.130429,-0.657237,-2.011954,0.915628,3.363998,1.621625,-0.189197,0.472686,0.217825,0.082914,0.150128,0.643761,-0.392078
47.322023,-1.066630,0.776115,0.341800,0.529605,0.857410,1.106177,-0.531401,0.082485,-0.353396,0.294645,0.439669,0.366231,0.700469,-0.236808,0.726091,-0.129951,-0.657009,-2.011865,0.915801,3.364651,1.621232,-0.189062,0.474793,0.220674,0.084773,0.156910,0.646459,-0.392246
47.322928,-1.069813,0.769043,0.345218,0.527017,0.854297,1.099672,-0.532041,0.081258,-0.356335,0.294356,0.438254,0.366197,0.702393,-0.236962,0.725905,-0.129468,-0.656790,-2.011773,0.915975,3.365309,1.620851,-0.188654,0.476663,0.220187,0.086675,0.161871,0.652457,-0.389175
47.323970,-1.069361,0.762573,0.341728,0.524474,0.848482,1.096507,-0.531284,0.075991,-0.360663,0.289583,0.434746,0.367001,0.704702,-0.236999,0.725719,-0.128988,-0.656578,-2.011679,0.916146,3.365978,1.620463,-0.187041,0.479909,0.218456,0.088960,0.164465,0.658532,-0.387977
47.325004,-1.072821,0.759153,0.339342,0.528003,0.848422,1.091163,-0.531842,0.065731,-0.369222,0.279392,0.429864,0.368543,0.707532,-0.236972,0.725532,-0.128495,-0.656353,-2.011585,0.916326,3.366654,1.620072,-0.187608,0.483514,0.220448,0.091486,0.169895,0.661739,-0.389821
47.325929,-1.071938,0.763160,0.344316,0.529401,0.849935,1.090345,-0.531723,0.047395,-0.386625,0.260788,0.426124,0.370703,0.711147,-0.236965,0.725348,-0.128002,-0.656125,-2.011501,0.916495,3.367323,1.619683,-0.186193,0.485522,0.221794,0.088134,0.169584,0.667185,-0.388972
47.326929,-1.069855,0.770353,0.344648,0.533540,0.852438,1.089715,-0.531107,0.021739,-0.412908,0.234737,0.426001,0.373000,0.715392,-0.237015,0.725161,-0.127525,-0.655912,-2.011414,0.916658,3.368001,1.619293,-0.186688,0.483328,0.219302,0.086640,0.167651,0.667545,-0.389316
47.327993,-1.070097,0.776083,0.351414,0.534407,0.852449,1.096945,-0.531064,-0.003557,-0.439381,0.209153,0.428559,0.374694,0.719376,-0.237135,0.724972,-0.127051,-0.655690,-2.011338,0.916817,3.368664,1.618903,-0.187921,0.480056,0.219300,0.082829,0.164889,0.668156,-0.390789
47.328965,-1.070575,0.787494,0.349818,0.536476,0.852160,1.095853,-0.529678,-0.020948,-0.456861,0.191748,0.431559,0.375347,0.722257,-0.237330,0.724785,-0.126577,-0.655482,-2.011255,0.916982,3.369320,1.618507,-0.188159,0.477918,0.216369,0.082298,0.164665,0.661133,-0.391182
47.329965,-1.070698,0.788563,0.350466,0.532437,0.850266,1.099004,-0.530797,-0.027126,-0.459219,0.185737,0.432489,0.375056,0.723573,-0.237564,0.724597,-0.126117,-0.655262,-2.011177,0.917147,3.369991,1.618108,-0.188058,0.472523,0.217282,0.080438,0.164602,0.662125,-0.394124
47.331032,-1.069421,0.787472,0.347498,0.532138,0.845785,1.099381,-0.530141,-0.023062,-0.442746,0.189684,0.427790,0.374407,0.723065,-0.237767,0.724411,-0.125643,-0.655046,-2.011084,0.917317,3.370641,1.617723,-0.188228,0.472374,0.217158,0.084450,0.166149,0.658994,-0.392083
47.331990,-1.073173,0.778790,0.345127,0.529343,0.838421,1.103211,-0.528859,-0.013127,-0.411116,0.198896,0.416330,0.374111,0.721021,-0.237897,0.724220,-0.125170,-0.654825,-2.010997,0.917500,3.371304,1.617322,-0.189202,0.473689,0.218988,0.084930,0.170248,0.658891,-0.393737
47.332986,-1.079179,0.776385,0.344532,0.529104,0.835365,1.099680,-0.529186,-0.004316,-0.376122,0.206468,0.401689,0.374670,0.718370,-0.237960,0.724033,-0.124683,-0.654602,-2.010905,0.917689,3.371946,1.616924,-0.187409,0.477985,0.220172,0.087600,0.177025,0.654965,-0.396433
47.333978,-1.077491,0.773081,0.346759,0.529928,0.829932,1.102678,-0.528333,-0.004194,-0.349885,0.204923,0.388359,0.376363,0.716041,-0.237965,0.723857,-0.124200,-0.654383,-2.010818,0.917874,3.372611,1.616526,-0.184725,0.479366,0.220615,0.087864,0.179512,0.658530,-0.395938
47.335065,-1.076549,0.778208,0.345350,0.530312,0.826497,1.104093,-0.525040,-0.014259,-0.337513,0.192967,0.379069,0.378904,0.714297,-0.237926,0.723667,-0.123723,-0.654163,-2.010732,0.918068,3.373264,1.616120,-0.185770,0.481276,0.219633,0.087107,0.184352,0.655477,-0.397816
47.335962,-1.077978,0.785802,0.348129,0.533124,0.825546,1.107968,-0.524210,-0.029246,-0.336653,0.176268,0.374444,0.381512,0.712778,-0.237913,0.723482,-0.123247,-0.653940,-2.010645,0.918261,3.373912,1.615704,-0.186691,0.479513,0.220722,0.087003,0.187287,0.654496,-0.404733
47.337030,-1.080227,0.801096,0.352123,0.537378,0.826388,1.110253,-0.525461,-0.050072,-0.336648,0.152726,0.370295,0.384737,0.707821,-0.238009,0.723115,-0.122327,-0.653512,-2.010492,0.918636,3.375199,1.614893,-0.185257,0.468829,0.217662,0.080452,0.186221,0.648385,-0.404071
47.338003,-1.079827,0.802985,0.351037,0.536433,0.823911,1.114447,-0.524151,-0.050072,-0.336648,0.152726,0.370295,0.384737,0.707821,-0.238009,0.723115,-0.122327,-0.653512,-2.010492,0.918636,3.375199,1.614893,-0.185257,0.468829,0.217662,0.080452,0.186221,0.648385,-0.404071
47.339114,-1.077813,0.808054,0.348788,0.534709,0.820051,1.115725,-0.523966,-0.047439,-0.321250,0.154122,0.365949,0.384974,0.703435,-0.237979,0.722927,-0.121855,-0.653295,-2.010406,0.918829,3.375828,1.614483,-0.185611,0.468135,0.218343,0.081486,0.188088,0.644245,-0.406838
47.340006,-1.081207,0.804259,0.347201,0.532797,0.814993,1.115238,-0.524844,-0.037071,-0.294213,0.163098,0.357773,0.384798,0.697971,-0.237848,0.722736,-0.121394,-0.653070,-2.010316,0.919026,3.376470,1.614072,-0.187070,0.466766,0.219894,0.083458,0.191475,0.643555,-0.407532
47.340984,-1.084780,0.792527,0.343061,0.531193,0.810643,1.114021,-0.526718,-0.023566,-0.260519,0.174849,0.345314,0.384838,0.692044,-0.237590,0.722556,-0.120919,-0.652845,-2.010228,0.919232,3.377106,1.613675,-0.185368,0.468361,0.220469,0.085161,0.195674,0.643763,-0.405757
47.342011,-1.085517,0.786267,0.345517,0.528870,0.803364,1.110595,-0.526457,-0.014945,-0.231505,0.181337,0.331831,0.385675,0.686696,-0.237158,0.722373,-0.120441,-0.652619,-2.010137,0.919442,3.377755,1.613281,-0.183786,0.474427,0.222585,0.086688,0.199219,0.644970,-0.402166
47.342932,-1.087101,0.783936,0.348860,0.527494,0.799470,1.112386,-0.526331,-0.017775,-0.219733,0.176266,0.322122,0.387510,0.682869,-0.236571,0.722187,-0.119955,-0.652399,-2.010044,0.919662,3.378415,1.612882,-0.183734,0.477890,0.221555,0.088998,0.205698,0.648527,-0.402975
47.343986,-1.089307,0.782667,0.345091,0.528365,0.800420,1.112686,-0.526707,-0.029714,-0.226601,0.162303,0.317141,0.389844,0.680474,-0.235945,0.722006,-0.119471,-0.652180,-2.009954,0.919878,3.379055,1.612476,-0.183024,0.478770,0.219830,0.090192,0.208626,0.646487,-0.403246
47.345022,-1.087377,0.779791,0.347288,0.529743,0.801766,1.116857,-0.526713,-0.047179,-0.247631,0.143154,0.315756,0.392179,0.679035,-0.235393,0.721826,-0.118993,-0.651954,-2.009865,0.920081,3.379702,1.612071,-0.182349,0.480025,0.221978,0.089454,0.206994,0.646497,-0.402750
47.345956,-1.084905,0.785175,0.351024,0.530840,0.800720,1.116157,-0.525382,-0.069982,-0.281196,0.119086,0.318489,0.394313,0.678402,-0.234963,0.721640,-0.118503,-0.651735,-2.009781,0.920282,3.380337,1.611673,-0.183646,0.481835,0.221121,0.088283,0.205022,0.642577,-0.403003
47.347099,-1.081151,0.791745,0.346177,0.532875,0.801333,1.120399,-0.525898,-0.110668,-0.361092,0.077778,0.333040,0.396296,0.677688,-0.234526,0.721261,-0.117556,-0.651291,-2.009613,0.920694,3.381625,1.610853,-0.187330,0.476963,0.222204,0.085580,0.204110,0.639538,-0.405060
47.348021,-1.083365,0.788110,0.350975,0.531266,0.798742,1.118986,-0.525593,-0.110668,-0.361092,0.077778,0.333040,0.396296,0.677688,-0.234526,0.721261,-0.117556,-0.651291,-2.009613,0.920694,3.381625,1.610853,-0.187330,0.476963,0.222204,0.085580,0.204110,0.639538,-0.405060
47.348970,-1.084775,0.783609,0.352624,0.528731,0.795171,1.116637,-0.525636,-0.121028,-0.392614,0.067833,0.340072,0.396053,0.676817,-0.234458,0.721080,-0.117071,-0.651073,-2.009522,0.920905,3.382262,1.610449,-0.186284,0.478561,0.219714,0.087042,0.205848,0.640832,-0.405718
47.349998,-1.084061,0.778966,0.349350,0.525946,0.791158,1.113054,-0.525994,-0.126418,-0.418344,0.063113,0.345799,0.395514,0.675883,-0.234438,0.720894,-0.116587,-0.650856,-2.009427,0.921121,3.382915,1.610041,-0.185686,0.480721,0.218960,0.089332,0.208530,0.643024,-0.405688
47.350990,-1.084233,0.768570,0.348669,0.524699,0.787713,1.109747,-0.526321,-0.130062,-0.441243,0.060258,0.349771,0.395169,0.675228,-0.234480,0.720707,-0.116096,-0.650632,-2.009331,0.921338,3.383566,1.609640,-0.186344,0.483354,0.220805,0.092038,0.211753,0.646793,-0.405203
47.352015,-1.089320,0.765629,0.348748,0.523584,0.787187,1.104470,-0.526127,-0.136584,-0.466378,0.054573,0.352974,0.395366,0.675293,-0.234589,0.720520,-0.115595,-0.650412,-2.009236,0.921556,3.384227,1.609234,-0.186445,0.488543,0.221266,0.093135,0.214326,0.650055,-0.404697
47.353013,-1.084366,0.764985,0.350079,0.524919,0.785403,1.103299,-0.525266,-0.169370,-0.538816,0.023660,0.364268,0.397244,0.678484,-0.234982,0.720150,-0.114610,-0.649970,-2.009050,0.921984,3.385544,1.608418,-0.186932,0.490652,0.220914,0.092786,0.215043,0.656594,-0.407187
47.354013,-1.087715,0.769316,0.346002,0.527139,0.789630,1.100813,-0.525799,-0.191159,-0.579682,0.003037,0.372220,0.398134,0.680869,-0.235259,0.719967,-0.114128,-0.649746,-2.008964,0.922185,3.386211,1.608012,-0.185483,0.488712,0.223087,0.090645,0.210075,0.659049,-0.406256
47.355079,-1.088458,0.783460,0.351809,0.529776,0.797160,1.101748,-0.527313,-0.212113,-0.613157,-0.016752,0.378967,0.398689,0.682956,-0.235550,0.719783,-0.113655,-0.649528,-2.008880,0.922372,3.386869,1.607607,-0.185540,0.482341,0.220500,0.088287,0.202066,0.658352,-0.403497
47.356001,-1.083712,0.785740,0.352200,0.532103,0.796648,1.101331,-0.527865,-0.226113,-0.629639,-0.029620,0.381649,0.398697,0.684031,-0.235850,0.719590,-0.113173,-0.649306,-2.008798,0.922574,3.387523,1.607212,-0.187883,0.481025,0.220245,0.085981,0.201860,0.658507,-0.402481
47.356954,-1.081428,0.792538,0.355017,0.532546,0.795130,1.101034,-0.528341,-0.226113,-0.629639,-0.029620,0.381649,0.398697,0.684031,-0.235850,0.719590,-0.113173,-0.649306,-2.008798,0.922574,3.387523,1.607212,-0.187883,0.481025,0.220245,0.085981,0.201860,0.658507,-0.402481
47.357975,-1.083696,0.789461,0.354504,0.530759,0.796809,1.102219,-0.530198,-0.216778,-0.603030,-0.017333,0.373991,0.396452,0.682387,-0.236497,0.719214,-0.112224,-0.648869,-2.008621,0.922979,3.388837,1.606422,-0.188196,0.479696,0.219371,0.087387,0.200257,0.657536,-0.398158
47.359011,-1.084592,0.789336,0.357355,0.529747,0.790198,1.101898,-0.531073,-0.216778,-0.603030,-0.017333,0.373991,0.396452,0.682387,-0.236497,0.719214,-0.112224,-0.648869,-2.008621,0.922979,3.388837,1.606422,-0.188196,0.479696,0.219371,0.087387,0.200257,0.657536,-0.398158
47.360134,-1.083490,0.789467,0.355196,0.530378,0.785303,1.102986,-0.531071,-0.181578,-0.534083,0.021305,0.355206,0.393817,0.678497,-0.237124,0.718834,-0.111260,-0.648433,-2.008444,0.923411,3.390164,1.605629,-0.189062,0.481123,0.219851,0.088137,0.210382,0.657360,-0.397140
47.360958,-1.081354,0.782526,0.352074,0.530526,0.784031,1.102489,-0.531765,-0.181578,-0.534083,0.021305,0.355206,0.393817,0.678497,-0.237124,0.718834,-0.111260,-0.648433,-2.008444,0.923411,3.390164,1.605629,-0.189062,0.481123,0.219851,0.088137,0.210382,0.657360,-0.397140
47.361987,-1.081590,0.786346,0.352077,0.531048,0.786955,1.106085,-0.533274,-0.151115,-0.476434,0.056024,0.343715,0.391494,0.675782,-0.237743,0.718454,-0.110297,-0.647992,-2.008271,0.923824,3.391471,1.604849,-0.190001,0.482276,0.221286,0.087316,0.206999,0.653732,-0.392897
47.363010,-1.082668,0.791845,0.352582,0.536049,0.788472,1.107939,-0.532644,-0.141614,-0.457988,0.067929,0.343598,0.390159,0.675115,-0.237987,0.718266,-0.109821,-0.647770,-2.008198,0.924024,3.392112,1.604459,-0.189722,0.479969,0.221227,0.082728,0.204861,0.652106,-0.394470
47.364060,-1.077748,0.802534,0.357891,0.539725,0.791931,1.112801,-0.531451,-0.141614,-0.457988,0.067929,0.343598,0.390159,0.675115,-0.237987,0.718266,-0.109821,-0.647770,-2.008198,0.924024,3.392112,1.604459,-0.189722,0.479969,0.221227,0.082728,0.204861,0.652106,-0.394470
47.365064,-1.077558,0.804985,0.359502,0.540599,0.795409,1.115814,-0.534310,-0.130820,-0.440305,0.081467,0.346823,0.388130,0.674379,-0.238223,0.718068,-0.109355,-0.647555,-2.008122,0.924219,3.392753,1.604057,-0.192416,0.475335,0.218913,0.079504,0.200830,0.647521,-0.397138
47.365939,-1.073936,0.810852,0.361537,0.539500,0.795130,1.120239,-0.534379,-0.112492,-0.417328,0.103033,0.352020,0.384986,0.673088,-0.238455,0.717872,-0.108888,-0.647338,-2.008044,0.924404,3.393399,1.603672,-0.192600,0.474599,0.218331,0.078946,0.196836,0.644630,-0.391595
47.367071,-1.071558,0.814042,0.356190,0.538584,0.794189,1.121872,-0.533296,-0.049774,-0.344746,0.172707,0.356582,0.376646,0.668364,-0.238854,0.717474,-0.107953,-0.646895,-2.007880,0.924804,3.394661,1.602886,-0.195774,0.470935,0.220324,0.081379,0.196772,0.638959,-0.394146
47.368011,-1.069725,0.807501,0.355388,0.538701,0.792626,1.120385,-0.534473,-0.049774,-0.344746,0.172707,0.356582,0.376646,0.668364,-0.238854,0.717474,-0.107953,-0.646895,-2.007880,0.924804,3.394661,1.602886,-0.195774,0.470935,0.220324,0.081379,0.196772,0.638959,-0.394146
47.368929,-1.077071,0.801584,0.355549,0.536810,0.788889,1.120923,-0.536101,0.017766,-0.262274,0.245940,0.350557,0.369588,0.663536,-0.239254,0.717090,-0.106984,-0.646457,-2.007713,0.925204,3.395943,1.602118,-0.192923,0.476773,0.220550,0.083151,0.200577,0.639577,-0.388729
47.370027,-1.070246,0.796129,0.352679,0.535093,0.789244,1.120123,-0.535666,0.037738,-0.240077,0.268120,0.350700,0.367468,0.662977,-0.239372,0.716884,-0.106502,-0.646227,-2.007622,0.925401,3.396582,1.601723,-0.196636,0.480339,0.222313,0.085050,0.199671,0.640912,-0.390028
47.371009,-1.067595,0.796714,0.349356,0.536807,0.786524,1.116653,-0.536125,0.037738,-0.240077,0.268120,0.350700,0.367468,0.662977,-0.239372,0.716884,-0.106502,-0.646227,-2.007622,0.925401,3.396582,1.601723,-0.196636,0.480339,0.222313,0.085050,0.199671,0.640912,-0.390028
47.372034,-1.071620,0.796650,0.352202,0.533986,0.788753,1.115135,-0.536748,0.047719,-0.233704,0.280039,0.354003,0.366086,0.663798,-0.239467,0.716683,-0.106022,-0.645998,-2.007542,0.925603,3.397221,1.601331,-0.197935,0.480160,0.223975,0.083503,0.201708,0.644463,-0.389279
47.373062,-1.067876,0.800735,0.350856,0.535096,0.792969,1.117322,-0.537009,0.048399,-0.248034,0.283425,0.362451,0.364290,0.667573,-0.239751,0.716286,-0.105063,-0.645558,-2.007365,0.925984,3.398510,1.600561,-0.198089,0.479012,0.223678,0.085400,0.194124,0.644131,-0.388108
47.374027,-1.060845,0.805079,0.350475,0.536426,0.796300,1.119686,-0.535743,0.045703,-0.255465,0.281391,0.362634,0.363542,0.669500,-0.240017,0.716076,-0.104583,-0.645333,-2.007283,0.926169,3.399140,1.600165,-0.201471,0.476882,0.223864,0.084169,0.190233,0.641809,-0.390810
47.374985,-1.065419,0.802778,0.351561,0.539317,0.798642,1.119403,-0.535080,0.045021,-0.259007,0.281275,0.361035,0.362626,0.671249,-0.240396,0.715879,-0.104105,-0.645114,-2.007206,0.926349,3.399784,1.599769,-0.199117,0.478109,0.223364,0.081481,0.187383,0.642049,-0.392254
47.376017,-1.068512,0.802601,0.352670,0.536475,0.801616,1.116954,-0.536903,0.045021,-0.259007,0.281275,0.361035,0.362626,0.671249,-0.240396,0.715879,-0.104105,-0.645114,-2.007206,0.926349,3.399784,1.599769,-0.199117,0.478109,0.223364,0.081481,0.187383,0.642049,-0.392254
47.377135,-1.065415,0.801674,0.344527,0.534670,0.800225,1.117987,-0.536962,0.042721,-0.262342,0.279484,0.359675,0.361907,0.673205,-0.240818,0.715684,-0.103624,-0.644892,-2.007117,0.926532,3.400428,1.599391,-0.197775,0.478632,0.223040,0.084471,0.183942,0.644740,-0.388896
47.377994,-1.064205,0.792319,0.344842,0.532576,0.798924,1.115130,-0.535339,0.034011,-0.267122,0.270978,0.357167,0.362068,0.675563,-0.241225,0.715479,-0.103136,-0.644656,-2.007026,0.926721,3.401078,1.598991,-0.199644,0.479990,0.227449,0.086496,0.184983,0.644204,-0.389213
47.378993,-1.074085,0.786513,0.349977,0.530712,0.799387,1.112464,-0.535365,0.016650,-0.274966,0.253414,0.352719,0.363417,0.678477,-0.241631,0.715278,-0.102647,-0.644428,-2.006934,0.926904,3.401729,1.598592,-0.199937,0.484001,0.226918,0.088242,0.185597,0.646586,-0.392427
47.380057,-1.069962,0.782588,0.345648,0.531231,0.802651,1.109753,-0.535492,-0.045713,-0.315070,0.189770,0.345688,0.368964,0.686971,-0.242388,0.714891,-0.101656,-0.643977,-2.006753,0.927260,3.403048,1.597808,-0.197498,0.489392,0.226898,0.089671,0.181010,0.652223,-0.392642
47.380985,-1.069256,0.783679,0.344574,0.532597,0.807582,1.111435,-0.534007,-0.088992,-0.348571,0.145685,0.345476,0.372581,0.692560,-0.242732,0.714694,-0.101170,-0.643748,-2.006668,0.927424,3.403692,1.597404,-0.197752,0.488561,0.227266,0.088246,0.175656,0.650298,-0.395688
47.382015,-1.069584,0.787606,0.345769,0.534649,0.811320,1.107048,-0.532045,-0.135034,-0.384572,0.098842,0.346910,0.376191,0.698557,-0.243146,0.714496,-0.100683,-0.643527,-2.006584,0.927588,3.404358,1.596996,-0.197743,0.486960,0.226885,0.086403,0.171671,0.654840,-0.399834
47.383002,-1.068480,0.791802,0.349423,0.538040,0.814228,1.104917,-0.530563,-0.177806,-0.416033,0.055309,0.349010,0.379282,0.704348,-0.243661,0.714295,-0.100207,-0.643306,-2.006506,0.927747,3.405025,1.596587,-0.198315,0.485097,0.225157,0.083234,0.168493,0.656851,-0.402917
47.384075,-1.066418,0.801602,0.340717,0.540374,0.818993,1.101440,-0.530859,-0.177806,-0.416033,0.055309,0.349010,0.379282,0.704348,-0.243661,0.714295,-0.100207,-0.643306,-2.006506,0.927747,3.405025,1.596587,-0.198315,0.485097,0.225157,0.083234,0.168493,0.656851,-0.402917
47.385009,-1.064475,0.807258,0.341596,0.540102,0.820045,1.100972,-0.528750,-0.242799,-0.443644,-0.011301,0.349207,0.383714,0.713248,-0.244807,0.713890,-0.099265,-0.642840,-2.006346,0.928059,3.406360,1.595773,-0.200390,0.478145,0.229101,0.081697,0.162247,0.660709,-0.406886
47.386006,-1.066991,0.806445,0.345193,0.539159,0.819209,1.096344,-0.527686,-0.242799,-0.443644,-0.011301,0.349207,0.383714,0.713248,-0.244807,0.713890,-0.099265,-0.642840,-2.006346,0.928059,3.406360,1.595773,-0.200390,0.478145,0.229101,0.081697,0.162247,0.660709,-0.406886
47.387050,-1.069261,0.800168,0.341921,0.537069,0.815597,1.094934,-0.529859,-0.263997,-0.433300,-0.033800,0.342615,0.385639,0.715685,-0.245383,0.713696,-0.098782,-0.642614,-2.006260,0.928222,3.407025,1.595362,-0.199232,0.478799,0.227375,0.082739,0.162798,0.665345,-0.409133
47.387943,-1.063807,0.797485,0.344644,0.535580,0.816481,1.095029,-0.530496,-0.279477,-0.413206,-0.050922,0.332615,0.387623,0.717056,-0.245893,0.713499,-0.098289,-0.642379,-2.006171,0.928396,3.407691,1.594963,-0.198310,0.482344,0.229137,0.084958,0.166089,0.666865,-0.404994
47.389103,-1.063701,0.797478,0.345207,0.537995,0.818159,1.096129,-0.530041,-0.292710,-0.392447,-0.065942,0.321956,0.389750,0.717929,-0.246267,0.713293,-0.097809,-0.642155,-2.006081,0.928557,3.408364,1.594558,-0.200787,0.483279,0.227559,0.086205,0.164744,0.666243,-0.403727
47.389961,-1.064563,0.799984,0.342219,0.537612,0.819589,1.095054,-0.530489,-0.302330,-0.375003,-0.077152,0.312856,0.391599,0.718555,-0.246517,0.713093,-0.097323,-0.641926,-2.006000,0.928715,3.409020,1.594153,-0.201276,0.484438,0.227786,0.084318,0.163026,0.665798,-0.405119
47.391024,-1.058537,0.805730,0.341156,0.538965,0.823127,1.096861,-0.531373,-0.311748,-0.350521,-0.089210,0.301775,0.393562,0.719088,-0.246882,0.712683,-0.096366,-0.641466,-2.005833,0.929022,3.410361,1.593348,-0.203682,0.480363,0.229670,0.083476,0.157526,0.664614,-0.402639
47.392030,-1.058572,0.803227,0.343611,0.540653,0.827156,1.099707,-0.532111,-0.311748,-0.350521,-0.089210,0.301775,0.393562,0.719088,-0.246882,0.712683,-0.096366,-0.641466,-2.005833,0.929022,3.410361,1.593348,-0.203682,0.480363,0.229670,0.083476,0.157526,0.664614,-0.402639
47.393018,-1.057863,0.814108,0.341559,0.542794,0.828326,1.101926,-0.532133,-0.310476,-0.338360,-0.089139,0.297724,0.393437,0.718501,-0.247051,0.712481,-0.095881,-0.641238,-2.005755,0.929169,3.411017,1.592952,-0.203684,0.481895,0.228510,0.082091,0.153364,0.661807,-0.401381
47.394026,-1.059291,0.815052,0.343473,0.542489,0.831376,1.106962,-0.533370,-0.304161,-0.325964,-0.083797,0.295435,0.392455,0.717250,-0.247240,0.712274,-0.095420,-0.641009,-2.005678,0.929316,3.411675,1.592548,-0.203982,0.476809,0.229568,0.080226,0.152063,0.659557,-0.401503
47.395027,-1.061883,0.810530,0.346388,0.539742,0.832337,1.108353,-0.535913,-0.293794,-0.311136,-0.074345,0.293727,0.390919,0.715174,-0.247463,0.712075,-0.094941,-0.640782,-2.005598,0.929463,3.412316,1.592159,-0.203348,0.476716,0.228691,0.080801,0.148870,0.654642,-0.399251
47.396051,-1.062244,0.805881,0.340075,0.539730,0.831586,1.114857,-0.536292,-0.281539,-0.295020,-0.063084,0.291546,0.389298,0.712373,-0.247650,0.711872,-0.094455,-0.640557,-2.005509,0.929609,3.412971,1.591771,-0.202076,0.479214,0.227330,0.083600,0.147808,0.653320,-0.394381
47.396972,-1.059907,0.795863,0.336629,0.538621,0.830825,1.114337,-0.535261,-0.272638,-0.285123,-0.055233,0.290286,0.388172,0.709525,-0.247753,0.711668,-0.093970,-0.640320,-2.005425,0.929761,3.413612,1.591374,-0.201974,0.481880,0.230546,0.083780,0.148415,0.646973,-0.393908
47.397985,-1.063756,0.792930,0.335832,0.537160,0.828790,1.116266,-0.535901,-0.273228,-0.290387,-0.056833,0.293063,0.387977,0.707530,-0.247798,0.711464,-0.093471,-0.640085,-2.005339,0.929907,3.414252,1.590978,-0.202972,0.486473,0.232010,0.084813,0.148943,0.647367,-0.396060
47.398927,-1.060655,0.789428,0.337508,0.538720,0.830522,1.114711,-0.537270,-0.285816,-0.315244,-0.070350,0.301577,0.388774,0.706880,-0.247804,0.711266,-0.092981,-0.639853,-2.005248,0.930059,3.414899,1.590588,-0.201130,0.488133,0.232458,0.086290,0.150825,0.645552,-0.394998
47.399966,-1.063630,0.792815,0.333102,0.537968,0.830265,1.116907,-0.536247,-0.307669,-0.357000,-0.092995,0.315034,0.390211,0.707447,-0.247773,0.711062,-0.092488,-0.639622,-2.005169,0.930202,3.415542,1.590199,-0.202587,0.489643,0.231468,0.084829,0.148879,0.647011,-0.392372
47.401146,-1.066269,0.800242,0.338318,0.540473,0.831838,1.115460,-0.535837,-0.334577,-0.409084,-0.120504,0.331396,0.391885,0.708801,-0.247774,0.710862,-0.091996,-0.639388,-2.005081,0.930355,3.416186,1.589800,-0.201222,0.488283,0.233797,0.085718,0.149012,0.645029,-0.394729
47.402169,-1.065149,0.801120,0.343901,0.541964,0.833724,1.116120,-0.537964,-0.363562,-0.462839,-0.150074,0.347257,0.393640,0.710333,-0.247889,0.710664,-0.091516,-0.639161,-2.005001,0.930496,3.416834,1.589402,-0.200433,0.485908,0.231720,0.083819,0.147579,0.647299,-0.396061
47.403009,-1.066573,0.804933,0.340172,0.539585,0.834177,1.119243,-0.537005,-0.406680,-0.547172,-0.194103,0.370004,0.395966,0.711535,-0.248346,0.710266,-0.090549,-0.638706,-2.004833,0.930788,3.418109,1.588622,-0.200075,0.483177,0.230582,0.084738,0.144816,0.643187,-0.393941
47.404038,-1.066476,0.802893,0.339644,0.541167,0.833601,1.122040,-0.536445,-0.406680,-0.547172,-0.194103,0.370004,0.395966,0.711535,-0.248346,0.710266,-0.090549,-0.638706,-2.004833,0.930788,3.418109,1.588622,-0.200075,0.483177,0.230582,0.084738,0.144816,0.643187,-0.393941
47.405073,-1.067819,0.795538,0.339307,0.539797,0.830874,1.124114,-0.537799,-0.419197,-0.572602,-0.206968,0.374229,0.396801,0.710961,-0.248603,0.710067,-0.090059,-0.638475,-2.004750,0.930934,3.418746,1.588227,-0.200280,0.484563,0.230944,0.083342,0.145312,0.640654,-0.395314
47.405945,-1.065800,0.786239,0.341781,0.541311,0.830482,1.121403,-0.540312,-0.431046,-0.593435,-0.219103,0.375955,0.397927,0.710375,-0.248832,0.709870,-0.089558,-0.638241,-2.004664,0.931086,3.419384,1.587836,-0.199782,0.488492,0.231200,0.084920,0.147920,0.638859,-0.392860
47.406935,-1.068464,0.783317,0.342867,0.539494,0.828435,1.120212,-0.538758,-0.458739,-0.652607,-0.246328,0.388046,0.400630,0.711834,-0.249055,0.709473,-0.088561,-0.637784,-2.004496,0.931380,3.420674,1.587062,-0.199269,0.493832,0.229132,0.085194,0.149886,0.642426,-0.391231
47.408045,-1.071661,0.785959,0.344403,0.540315,0.828394,1.119205,-0.539580,-0.458739,-0.652607,-0.246328,0.388046,0.400630,0.711834,-0.249055,0.709473,-0.088561,-0.637784,-2.004496,0.931380,3.420674,1.587062,-0.199269,0.493832,0.229132,0.085194,0.149886,0.642426,-0.391231
47.408982,-1.076329,0.781180,0.349520,0.540313,0.830851,1.115649,-0.540670,-0.473502,-0.690972,-0.260437,0.398285,0.401962,0.713925,-0.249173,0.709276,-0.088066,-0.637558,-2.004411,0.931536,3.421315,1.586672,-0.198033,0.493240,0.228760,0.084716,0.149833,0.643988,-0.389969
47.410039,-1.073829,0.792644,0.350448,0.542794,0.832888,1.115504,-0.540655,-0.488667,-0.729622,-0.274985,0.408122,0.403295,0.716470,-0.249371,0.709082,-0.087570,-0.637335,-2.004326,0.931676,3.421973,1.586289,-0.195663,0.495341,0.226131,0.084681,0.147193,0.647317,-0.387919
47.410990,-1.069955,0.804064,0.352375,0.545252,0.833248,1.116075,-0.539153,-0.505343,-0.781099,-0.290588,0.418381,0.404865,0.720507,-0.250008,0.708680,-0.086615,-0.636887,-2.004171,0.931967,3.423271,1.585501,-0.199010,0.484467,0.224954,0.080344,0.144588,0.647018,-0.391445
47.412036,-1.076736,0.807175,0.353906,0.547006,0.834435,1.114275,-0.539705,-0.505343,-0.781099,-0.290588,0.418381,0.404865,0.720507,-0.250008,0.708680,-0.086615,-0.636887,-2.004171,0.931967,3.423271,1.585501,-0.199010,0.484467,0.224954,0.080344,0.144588,0.647018,-0.391445
47.413015,-1.075486,0.808124,0.353674,0.547021,0.833207,1.113195,-0.542957,-0.496707,-0.775676,-0.281548,0.413583,0.404607,0.720593,-0.250473,0.708491,-0.086133,-0.636663,-2.004094,0.932111,3.423920,1.585116,-0.195868,0.483478,0.224440,0.079000,0.143344,0.649093,-0.390636
47.414038,-1.071757,0.805002,0.350454,0.547420,0.831446,1.109957,-0.542676,-0.480424,-0.752333,-0.265038,0.403455,0.404078,0.719626,-0.250943,0.708292,-0.085648,-0.636438,-2.004012,0.932259,3.424576,1.584740,-0.196554,0.483089,0.224594,0.079155,0.144421,0.650100,-0.384321
47.415023,-1.070795,0.802474,0.349401,0.545983,0.828519,1.107985,-0.542944,-0.461135,-0.719570,-0.245561,0.390961,0.403607,0.718202,-0.251344,0.708089,-0.085165,-0.636208,-2.003932,0.932406,3.425246,1.584349,-0.198502,0.485037,0.226324,0.079026,0.146080,0.653398,-0.385224
47.415943,-1.071103,0.800349,0.350660,0.545964,0.826979,1.101671,-0.543677,-0.422333,-0.651928,-0.206190,0.367404,0.403001,0.715652,-0.252022,0.707691,-0.084197,-0.635758,-2.003767,0.932712,3.426575,1.583586,-0.198714,0.487222,0.226128,0.080639,0.150021,0.661279,-0.383552
47.416941,-1.074835,0.802485,0.353565,0.546051,0.826414,1.098865,-0.543752,-0.422333,-0.651928,-0.206190,0.367404,0.403001,0.715652,-0.252022,0.707691,-0.084197,-0.635758,-2.003767,0.932712,3.426575,1.583586,-0.198714,0.487222,0.226128,0.080639,0.150021,0.661279,-0.383552
47.417990,-1.072411,0.811332,0.355036,0.549172,0.827398,1.096396,-0.544152,-0.404325,-0.621817,-0.187972,0.357325,0.402689,0.714588,-0.252304,0.707499,-0.083710,-0.635534,-2.003689,0.932865,3.427246,1.583205,-0.196988,0.486304,0.224768,0.080821,0.150380,0.663975,-0.383680
47.419065,-1.073249,0.817475,0.356133,0.551099,0.826901,1.100021,-0.543904,-0.385310,-0.590940,-0.168851,0.347507,0.402035,0.713146,-0.252572,0.707296,-0.083232,-0.635313,-2.003614,0.933011,3.427913,1.582820,-0.198372,0.482435,0.224331,0.078145,0.149315,0.666594,-0.383209
47.420029,-1.073562,0.825824,0.356084,0.554671,0.829814,1.099740,-0.546041,-0.362352,-0.554847,-0.145851,0.337315,0.400692,0.710855,-0.252876,0.707096,-0.082763,-0.635088,-2.003540,0.933160,3.428571,1.582432,-0.198175,0.480230,0.224090,0.076763,0.149765,0.663221,-0.384085
47.420979,-1.070495,0.822937,0.356961,0.551143,0.831954,1.104904,-0.548228,-0.335024,-0.512082,-0.118534,0.327039,0.398567,0.707562,-0.253189,0.706899,-0.082294,-0.634861,-2.003473,0.933305,3.429226,1.582063,-0.198023,0.476224,0.224092,0.073652,0.146654,0.663428,-0.380014
47.421992,-1.068544,0.827199,0.359687,0.552972,0.831830,1.112135,-0.546792,-0.304606,-0.463634,-0.088205,0.316442,0.395895,0.703347,-0.253443,0.706696,-0.081811,-0.634640,-2.003389,0.933451,3.429878,1.581691,-0.199477,0.477643,0.223653,0.077267,0.144328,0.658056,-0.375849
47.422904,-1.069280,0.821294,0.359373,0.551313,0.830256,1.114091,-0.546876,-0.271335,-0.412059,-0.055055,0.305220,0.392908,0.698525,-0.253644,0.706491,-0.081344,-0.634419,-2.003315,0.933598,3.430523,1.581313,-0.200476,0.475976,0.222462,0.075808,0.144360,0.650945,-0.379095
47.423927,-1.070747,0.820672,0.365230,0.549537,0.829925,1.117929,-0.549014,-0.236240,-0.361993,-0.020048,0.294899,0.389733,0.693687,-0.253829,0.706294,-0.080857,-0.634193,-2.003236,0.933745,3.431163,1.580933,-0.199970,0.478633,0.222475,0.077553,0.145689,0.648814,-0.379003
47.425020,-1.071958,0.816144,0.364376,0.550126,0.829106,1.116728,-0.549695,-0.201863,-0.318369,0.014240,0.286815,0.386549,0.689383,-0.253998,0.706093,-0.080379,-0.633979,-2.003153,0.933893,3.431804,1.580560,-0.199344,0.479343,0.219805,0.079565,0.145894,0.645165,-0.375027
47.425989,-1.070464,0.812351,0.362652,0.549286,0.830874,1.118411,-0.548059,-0.170461,-0.284819,0.045571,0.281532,0.383469,0.685972,-0.254149,0.705897,-0.079888,-0.633758,-2.003074,0.934040,3.432459,1.580192,-0.199072,0.482331,0.220675,0.079416,0.146702,0.646815,-0.374178
47.426906,-1.070472,0.809933,0.360867,0.547859,0.833363,1.116731,-0.547289,-0.145126,-0.265177,0.070934,0.280360,0.380589,0.683804,-0.254328,0.705696,-0.079397,-0.633536,-2.002993,0.934182,3.433100,1.579805,-0.199799,0.484165,0.221590,0.080407,0.144777,0.645094,-0.377682
47.427985,-1.073925,0.817454,0.367358,0.549283,0.834937,1.119202,-0.548457,-0.128238,-0.260191,0.087862,0.282872,0.378105,0.682941,-0.254566,0.705495,-0.078915,-0.633312,-2.002909,0.934317,3.433750,1.579418,-0.199632,0.485102,0.222359,0.081796,0.142149,0.646535,-0.379292
47.428966,-1.073049,0.818535,0.364871,0.548967,0.836774,1.120980,-0.547258,-0.117849,-0.263851,0.098139,0.286222,0.376031,0.682861,-0.254826,0.705300,-0.078435,-0.633095,-2.002831,0.934459,3.434383,1.579048,-0.198202,0.482044,0.219487,0.080797,0.140609,0.644501,-0.377373
47.429890,-1.072374,0.823336,0.367232,0.548428,0.840042,1.125189,-0.544696,-0.110049,-0.268291,0.105644,0.287836,0.374228,0.682919,-0.255055,0.705100,-0.077957,-0.632871,-2.002749,0.934595,3.435038,1.578661,-0.198665,0.481711,0.220833,0.081267,0.138712,0.642683,-0.380021
47.430945,-1.067818,0.821042,0.365199,0.548006,0.839454,1.125797,-0.544109,-0.102566,-0.268271,0.112668,0.285895,0.372757,0.682788,-0.255249,0.704898,-0.077479,-0.632654,-2.002668,0.934722,3.435656,1.578264,-0.198853,0.479115,0.219601,0.081864,0.135396,0.638399,-0.385237
47.431970,-1.070589,0.815985,0.368884,0.546988,0.837878,1.124613,-0.543339,-0.093693,-0.261581,0.120952,0.279673,0.371714,0.682420,-0.255421,0.704695,-0.076989,-0.632433,-2.002583,0.934859,3.436291,1.577871,-0.201308,0.480782,0.220943,0.082534,0.136053,0.638195,-0.386688
47.432990,-1.071734,0.817334,0.369670,0.545094,0.834879,1.123822,-0.541528,-0.083469,-0.251799,0.130559,0.271186,0.371104,0.682134,-0.255550,0.704495,-0.076506,-0.632216,-2.002498,0.934998,3.436939,1.577480,-0.200012,0.483706,0.219342,0.083717,0.137613,0.639575,-0.388503
47.434035,-1.076003,0.810892,0.366058,0.544183,0.834633,1.124933,-0.541256,-0.073627,-0.243073,0.139737,0.262140,0.370976,0.682264,-0.255632,0.704300,-0.076018,-0.631996,-2.002410,0.935142,3.437580,1.577082,-0.199608,0.483290,0.219172,0.085698,0.140547,0.640550,-0.392376
47.435037,-1.076977,0.811353,0.369371,0.544914,0.834478,1.118139,-0.538395,-0.067834,-0.237607,0.144641,0.252678,0.371543,0.683061,-0.255706,0.704104,-0.075528,-0.631773,-2.002321,0.935284,3.438220,1.576686,-0.197680,0.486961,0.221249,0.086729,0.140738,0.639719,-0.393175
47.435927,-1.076659,0.809962,0.370331,0.543406,0.836991,1.113150,-0.537908,-0.069900,-0.238634,0.141351,0.244023,0.372889,0.684757,-0.255790,0.703909,-0.075039,-0.631554,-2.002238,0.935424,3.438882,1.576280,-0.197330,0.486863,0.219734,0.086138,0.140824,0.646585,-0.399116
47.437046,-1.073860,0.817206,0.372374,0.545724,0.840044,1.112881,-0.538089,-0.077320,-0.243987,0.132405,0.236000,0.374602,0.686943,-0.255874,0.703712,-0.074550,-0.631334,-2.002151,0.935554,3.439536,1.575877,-0.197315,0.487064,0.219113,0.087497,0.138171,0.651157,-0.400019
47.437981,-1.071827,0.822759,0.369797,0.547419,0.844732,1.114461,-0.535999,-0.084151,-0.246859,0.123863,0.226632,0.376140,0.688849,-0.255957,0.703508,-0.074075,-0.631119,-2.002067,0.935685,3.440191,1.575474,-0.199040,0.484451,0.218643,0.085542,0.135295,0.651882,-0.400037
47.438907,-1.071063,0.827572,0.376222,0.549987,0.847847,1.113297,-0.537089,-0.086503,-0.241656,0.119759,0.214974,0.377200,0.690014,-0.256067,0.703309,-0.073597,-0.630897,-2.001985,0.935809,3.440829,1.575066,-0.199955,0.481572,0.219907,0.083906,0.130594,0.650154,-0.404301
47.439998,-1.074030,0.830707,0.381573,0.548019,0.850669,1.113268,-0.538488,-0.081993,-0.225110,0.122569,0.201317,0.377636,0.690278,-0.256191,0.703108,-0.073121,-0.630686,-2.001908,0.935932,3.441480,1.574670,-0.200199,0.479034,0.216709,0.081466,0.127505,0.651108,-0.402128
47.440898,-1.071766,0.830364,0.377338,0.549276,0.847753,1.114572,-0.537583,-0.068683,-0.196083,0.134281,0.185754,0.377425,0.689666,-0.256287,0.702909,-0.072645,-0.630476,-2.001819,0.936047,3.442140,1.574269,-0.198988,0.478344,0.214566,0.083700,0.124987,0.651492,-0.399676
47.441905,-1.069609,0.825840,0.375768,0.549560,0.845682,1.107744,-0.536190,-0.048622,-0.157351,0.152872,0.168631,0.376885,0.688599,-0.256353,0.702708,-0.072166,-0.630253,-2.001739,0.936181,3.442798,1.573869,-0.199944,0.478195,0.216571,0.082447,0.127817,0.649778,-0.401537
47.442944,-1.075312,0.818419,0.382215,0.549320,0.846652,1.102224,-0.537711,-0.027309,-0.116866,0.172908,0.152959,0.376347,0.687884,-0.256401,0.702504,-0.071684,-0.630035,-2.001656,0.936314,3.443463,1.573461,-0.201048,0.480773,0.217551,0.082337,0.129896,0.656693,-0.404501
47.443925,-1.076363,0.816042,0.376106,0.547932,0.846572,1.094008,-0.538901,-0.008958,-0.084340,0.190199,0.142918,0.375844,0.688198,-0.256411,0.702313,-0.071191,-0.629823,-2.001570,0.936436,3.444130,1.573065,-0.198429,0.484847,0.214648,0.082772,0.129056,0.662312,-0.401679
47.444987,-1.075904,0.819736,0.376128,0.549825,0.847213,1.095269,-0.538028,0.002434,-0.066185,0.200618,0.139986,0.375535,0.689773,-0.256359,0.702117,-0.070700,-0.629602,-2.001483,0.936566,3.444818,1.572668,-0.197975,0.486018,0.217851,0.084189,0.129151,0.670310,-0.399470
47.446018,-1.078381,0.820781,0.383041,0.549893,0.849398,1.089732,-0.539239,0.004364,-0.061841,0.201499,0.142579,0.375599,0.692332,-0.256269,0.701915,-0.070223,-0.629383,-2.001402,0.936691,3.445495,1.572260,-0.198407,0.484823,0.218156,0.082602,0.128672,0.669098,-0.401523
47.447030,-1.080289,0.828656,0.385856,0.550339,0.851132,1.089376,-0.538511,0.000461,-0.065815,0.196471,0.148682,0.375701,0.695227,-0.256191,0.701724,-0.069740,-0.629172,-2.001320,0.936815,3.446175,1.571866,-0.197388,0.484723,0.215013,0.082804,0.126606,0.674701,-0.399328
47.447932,-1.077272,0.829825,0.381786,0.551472,0.854062,1.092286,-0.537264,-0.002783,-0.070767,0.192080,0.155766,0.375382,0.697606,-0.256144,0.701529,-0.069269,-0.628962,-2.001237,0.936938,3.446852,1.571463,-0.196585,0.481207,0.213943,0.082546,0.124990,0.674955,-0.401021
47.448990,-1.077277,0.833064,0.381373,0.552855,0.854967,1.097730,-0.537989,-0.002814,-0.071454,0.190921,0.161583,0.374632,0.698952,-0.256124,0.701331,-0.068788,-0.628743,-2.001157,0.937053,3.447513,1.571058,-0.197966,0.480315,0.215905,0.081435,0.122103,0.671616,-0.403519
47.449974,-1.079572,0.824968,0.382636,0.548845,0.855248,1.096217,-0.538004,-0.001268,-0.068854,0.191463,0.166794,0.373730,0.699497,-0.256126,0.701130,-0.068310,-0.628528,-2.001077,0.937173,3.448172,1.570652,-0.198140,0.479330,0.216483,0.080428,0.121430,0.666388,-0.402300
47.450896,-1.084912,0.821133,0.384472,0.549873,0.850821,1.096394,-0.538162,-0.001148,-0.068075,0.190726,0.172937,0.373065,0.699810,-0.256142,0.700934,-0.067824,-0.628312,-2.000985,0.937291,3.448844,1.570249,-0.197044,0.483525,0.215996,0.084392,0.121283,0.667827,-0.402427
47.452006,-1.082244,0.815113,0.383924,0.547748,0.846598,1.098880,-0.539261,-0.005831,-0.075553,0.185300,0.181479,0.372992,0.700454,-0.256150,0.700746,-0.067332,-0.628097,-2.000903,0.937424,3.449505,1.569851,-0.194364,0.485064,0.215076,0.083335,0.125654,0.667319,-0.402167
47.452988,-1.082540,0.807777,0.384314,0.546867,0.847367,1.098739,-0.538536,-0.016844,-0.096228,0.173747,0.194470,0.373507,0.701850,-0.256141,0.700545,-0.066838,-0.627880,-2.000813,0.937560,3.450169,1.569452,-0.196059,0.488859,0.215869,0.085716,0.129995,0.665229,-0.400342
47.453906,-1.085785,0.803763,0.388396,0.544576,0.847707,1.101104,-0.538900,-0.054485,-0.183056,0.135967,0.235679,0.375448,0.707024,-0.256048,0.700157,-0.065835,-0.627453,-2.000634,0.937818,3.451485,1.568649,-0.194265,0.493925,0.213796,0.088691,0.128795,0.662630,-0.401264
47.455053,-1.086946,0.805581,0.391184,0.546595,0.847302,1.105694,-0.540547,-0.054485,-0.183056,0.135967,0.235679,0.375448,0.707024,-0.256048,0.700157,-0.065835,-0.627453,-2.000634,0.937818,3.451485,1.568649,-0.194265,0.493925,0.213796,0.088691,0.128795,0.662630,-0.401264
47.455965,-1.081289,0.807832,0.387498,0.546323,0.848530,1.116274,-0.539564,-0.077787,-0.243664,0.112967,0.260805,0.376523,0.710066,-0.255938,0.699962,-0.065344,-0.627244,-2.000552,0.937947,3.452138,1.568251,-0.194180,0.494015,0.213106,0.087134,0.129444,0.658643,-0.398406
47.456907,-1.082017,0.804500,0.390292,0.547933,0.849128,1.120094,-0.540934,-0.119197,-0.370009,0.073029,0.311523,0.377747,0.715129,-0.255647,0.699564,-0.064346,-0.626814,-2.000382,0.938201,3.453399,1.567460,-0.196433,0.493768,0.213586,0.085730,0.127535,0.644026,-0.397784
47.458031,-1.082708,0.806322,0.392590,0.546665,0.851136,1.125165,-0.542528,-0.119197,-0.370009,0.073029,0.311523,0.377747,0.715129,-0.255647,0.699564,-0.064346,-0.626814,-2.000382,0.938201,3.453399,1.567460,-0.196433,0.493768,0.213586,0.085730,0.127535,0.644026,-0.397784
47.458950,-1.082666,0.797924,0.393085,0.545663,0.850732,1.125553,-0.542219,-0.134570,-0.429208,0.058811,0.335634,0.377886,0.717144,-0.255443,0.699366,-0.063855,-0.626601,-2.000292,0.938325,3.454037,1.567065,-0.196476,0.493729,0.213025,0.087292,0.125778,0.639567,-0.395025
47.459909,-1.077001,0.794644,0.393564,0.545925,0.848663,1.127820,-0.542612,-0.147309,-0.485255,0.047419,0.358081,0.378052,0.719116,-0.255192,0.699172,-0.063349,-0.626387,-2.000206,0.938451,3.454671,1.566672,-0.196429,0.497421,0.212785,0.088196,0.126162,0.639056,-0.395751
47.460936,-1.083103,0.787448,0.398421,0.544420,0.850073,1.121866,-0.542619,-0.157883,-0.539921,0.038422,0.379436,0.378362,0.721419,-0.254907,0.698970,-0.062848,-0.626174,-2.000118,0.938584,3.455307,1.566280,-0.199223,0.498808,0.212671,0.087873,0.128199,0.636753,-0.395097
47.461973,-1.081747,0.789999,0.398889,0.545926,0.848881,1.120167,-0.542744,-0.172424,-0.648491,0.027648,0.421214,0.379167,0.727331,-0.254311,0.698581,-0.061831,-0.625758,-1.999940,0.938837,3.456595,1.565485,-0.197237,0.501346,0.210793,0.088054,0.128191,0.644893,-0.395352
47.463056,-1.079879,0.780966,0.399010,0.546136,0.850551,1.120217,-0.542304,-0.172424,-0.648491,0.027648,0.421214,0.379167,0.727331,-0.254311,0.698581,-0.061831,-0.625758,-1.999940,0.938837,3.456595,1.565485,-0.197237,0.501346,0.210793,0.088054,0.128191,0.644893,-0.395352
47.463925,-1.079565,0.795700,0.405214,0.548498,0.852943,1.124154,-0.542329,-0.178116,-0.701162,0.024005,0.441255,0.379654,0.730466,-0.254065,0.698381,-0.061321,-0.625545,-1.999853,0.938961,3.457245,1.565082,-0.198430,0.506319,0.211210,0.088106,0.126699,0.645214,-0.396569
47.464969,-1.080693,0.801271,0.404073,0.548960,0.853101,1.125482,-0.542620,-0.180480,-0.748812,0.023776,0.460155,0.379907,0.733194,-0.253865,0.698184,-0.060836,-0.625341,-1.999772,0.939080,3.457871,1.564686,-0.198350,0.498243,0.208060,0.085632,0.124263,0.640917,-0.396475
47.465979,-1.081032,0.802819,0.408838,0.548088,0.854922,1.128407,-0.540809,-0.174921,-0.779832,0.031353,0.473577,0.379749,0.734612,-0.253723,0.697985,-0.060349,-0.625132,-1.999686,0.939203,3.458505,1.564289,-0.197964,0.495963,0.209083,0.085396,0.124290,0.639953,-0.396172
47.467073,-1.080420,0.808239,0.411943,0.552221,0.853508,1.130090,-0.540776,-0.161133,-0.788681,0.046876,0.478642,0.379369,0.734328,-0.253666,0.697784,-0.059853,-0.624927,-1.999599,0.939321,3.459131,1.563883,-0.197866,0.495338,0.207036,0.086366,0.122621,0.637252,-0.400016
47.467991,-1.081635,0.805276,0.413726,0.550605,0.854318,1.130290,-0.541349,-0.140247,-0.778956,0.069287,0.477180,0.378831,0.732697,-0.253674,0.697588,-0.059361,-0.624725,-1.999520,0.939453,3.459770,1.563478,-0.198509,0.493305,0.206132,0.082634,0.124204,0.636084,-0.400384
47.468954,-1.081270,0.804243,0.416093,0.548805,0.852148,1.125618,-0.540812,-0.113138,-0.756053,0.097839,0.472674,0.378032,0.730278,-0.253682,0.697393,-0.058872,-0.624521,-1.999430,0.939573,3.460406,1.563077,-0.197813,0.494485,0.205363,0.084125,0.123388,0.635714,-0.399262
47.469930,-1.083002,0.804121,0.420471,0.548306,0.851442,1.121146,-0.539550,-0.082589,-0.725106,0.129690,0.466464,0.377149,0.727526,-0.253663,0.697199,-0.058375,-0.624317,-1.999340,0.939704,3.461046,1.562676,-0.198035,0.494827,0.204422,0.085848,0.125560,0.640408,-0.400479
47.471038,-1.082688,0.804486,0.419366,0.549725,0.850543,1.119968,-0.540319,-0.049926,-0.688346,0.163419,0.458057,0.376267,0.724527,-0.253646,0.697002,-0.057876,-0.624120,-1.999253,0.939832,3.461701,1.562268,-0.197197,0.494782,0.202592,0.086351,0.126270,0.644809,-0.403131
47.472005,-1.086030,0.808265,0.420871,0.550758,0.851222,1.118421,-0.541821,-0.016394,-0.648414,0.197800,0.448540,0.375264,0.721388,-0.253625,0.696801,-0.057385,-0.623914,-1.999169,0.939959,3.462355,1.561866,-0.197677,0.495396,0.203803,0.085277,0.127386,0.646428,-0.401927
47.472936,-1.080521,0.815272,0.421094,0.551422,0.852066,1.117000,-0.541127,0.015063,-0.608821,0.229916,0.439875,0.374102,0.718317,-0.253548,0.696611,-0.056896,-0.623711,-1.999086,0.940085,3.462997,1.561477,-0.196083,0.493435,0.203297,0.084345,0.126720,0.647948,-0.399078
47.473966,-1.083024,0.823327,0.421784,0.550365,0.854898,1.118057,-0.541304,0.044787,-0.567473,0.260099,0.431501,0.372673,0.715050,-0.253402,0.696405,-0.056420,-0.623510,-1.999002,0.940211,3.463650,1.561069,-0.198697,0.489809,0.203387,0.083689,0.125853,0.649138,-0.400544
47.475001,-1.085407,0.823403,0.426412,0.551481,0.855048,1.121325,-0.543088,0.075924,-0.517733,0.291464,0.420234,0.370888,0.711006,-0.253246,0.696209,-0.055941,-0.623305,-1.998915,0.940329,3.464293,1.560672,-0.197584,0.486237,0.203467,0.084875,0.123196,0.648276,-0.400426
47.476021,-1.086873,0.825505,0.428428,0.550469,0.853450,1.119664,-0.542710,0.108266,-0.458559,0.323785,0.404950,0.368907,0.706172,-0.253121,0.696014,-0.055450,-0.623109,-1.998833,0.940453,3.464951,1.560281,-0.196605,0.486584,0.201673,0.084022,0.123202,0.645135,-0.397114
47.477034,-1.085160,0.826604,0.424713,0.548026,0.852235,1.117260,-0.541198,0.139755,-0.395582,0.355100,0.388061,0.366854,0.701073,-0.253031,0.695817,-0.054969,-0.622909,-1.998746,0.940584,3.465603,1.559877,-0.196023,0.485906,0.201134,0.085161,0.124872,0.646977,-0.398122
47.478097,-1.088943,0.826455,0.424517,0.548052,0.851299,1.114317,-0.540339,0.168651,-0.332646,0.383734,0.370471,0.364901,0.695980,-0.253024,0.695620,-0.054481,-0.622700,-1.998656,0.940712,3.466267,1.559474,-0.197015,0.485603,0.203341,0.087626,0.126148,0.649412,-0.401368
47.479023,-1.088128,0.821730,0.426585,0.546218,0.853147,1.116511,-0.539276,0.191732,-0.272410,0.406404,0.351905,0.363401,0.691022,-0.253131,0.695426,-0.054001,-0.622496,-1.998567,0.940844,3.466926,1.559065,-0.195383,0.486336,0.203951,0.087754,0.127181,0.652619,-0.403339
47.479925,-1.083890,0.820749,0.422593,0.544227,0.852495,1.113504,-0.537607,0.206450,-0.219773,0.420569,0.334142,0.362508,0.686528,-0.253300,0.695232,-0.053509,-0.622294,-1.998477,0.940965,3.467567,1.558659,-0.195761,0.488382,0.203074,0.089434,0.125329,0.650188,-0.405500
47.481072,-1.080482,0.821094,0.421068,0.545554,0.852101,1.113579,-0.536309,0.213686,-0.177070,0.427186,0.318212,0.362132,0.682607,-0.253489,0.695029,-0.053017,-0.622088,-1.998384,0.941092,3.468225,1.558241,-0.197682,0.488384,0.205147,0.091134,0.125941,0.652872,-0.408790
47.481997,-1.080159,0.825266,0.424020,0.544926,0.855347,1.117357,-0.536699,0.215705,-0.143347,0.428595,0.304028,0.362087,0.679065,-0.253695,0.694826,-0.052528,-0.621879,-1.998297,0.941220,3.468888,1.557820,-0.199759,0.489267,0.206601,0.090170,0.126582,0.653338,-0.411751
47.482948,-1.080058,0.825148,0.425262,0.544176,0.856764,1.120915,-0.536363,0.215247,-0.116079,0.427573,0.291496,0.362126,0.675696,-0.253868,0.694626,-0.052042,-0.621674,-1.998208,0.941338,3.469526,1.557415,-0.199773,0.486880,0.205225,0.090665,0.123347,0.649350,-0.410964
47.483949,-1.080046,0.820138,0.424763,0.543134,0.856347,1.121417,-0.532613,0.215005,-0.091091,0.426798,0.279184,0.362159,0.672354,-0.253971,0.694425,-0.051559,-0.621472,-1.998117,0.941458,3.470166,1.556999,-0.199750,0.486899,0.204858,0.091273,0.122011,0.645721,-0.411691
47.485044,-1.080214,0.822398,0.426780,0.543350,0.856047,1.124404,-0.531917,0.214358,-0.068686,0.425653,0.266856,0.362366,0.669223,-0.254052,0.694226,-0.051061,-0.621264,-1.998023,0.941582,3.470814,1.556566,-0.199833,0.489489,0.205421,0.092239,0.122540,0.645327,-0.419320
47.485955,-1.079970,0.819057,0.427091,0.540575,0.857938,1.124560,-0.532973,0.211397,-0.052164,0.422275,0.255861,0.362891,0.666658,-0.254155,0.694023,-0.050565,-0.621059,-1.997931,0.941706,3.471447,1.556140,-0.200012,0.488977,0.204995,0.092163,0.123062,0.642860,-0.420904
47.487013,-1.073373,0.822556,0.428847,0.541164,0.855782,1.126869,-0.532469,0.206123,-0.040937,0.416682,0.245759,0.363782,0.664756,-0.254256,0.693820,-0.050076,-0.620852,-1.997831,0.941824,3.472088,1.555718,-0.199924,0.490287,0.204920,0.094507,0.121185,0.642483,-0.418697
47.487976,-1.076451,0.814971,0.427950,0.539516,0.857741,1.125559,-0.530927,0.201257,-0.031384,0.411653,0.234965,0.364906,0.663370,-0.254346,0.693611,-0.049585,-0.620647,-1.997740,0.941951,3.472711,1.555289,-0.203359,0.488994,0.204533,0.093994,0.123520,0.640615,-0.419914
47.488967,-1.073112,0.809849,0.428304,0.536952,0.861626,1.125719,-0.532468,0.198607,-0.022552,0.409025,0.223604,0.366074,0.662476,-0.254448,0.693413,-0.049081,-0.620442,-1.997640,0.942066,3.473354,1.554864,-0.201752,0.492587,0.205220,0.095331,0.121652,0.641911,-0.423037
47.489978,-1.071020,0.810424,0.422557,0.537991,0.861831,1.128747,-0.533149,0.194930,-0.018801,0.405440,0.213020,0.367477,0.662377,-0.254532,0.693205,-0.048585,-0.620235,-1.997534,0.942178,3.473998,1.554449,-0.203400,0.495164,0.205336,0.097515,0.117948,0.641795,-0.420006
47.490924,-1.069599,0.814848,0.423821,0.539472,0.862953,1.129126,-0.532048,0.187121,-0.022870,0.397733,0.203774,0.369322,0.663262,-0.254550,0.692998,-0.048087,-0.620018,-1.997440,0.942296,3.474627,1.554034,-0.204447,0.494960,0.208466,0.096363,0.117949,0.638975,-0.418811
47.491916,-1.077194,0.820207,0.430883,0.539558,0.864888,1.128933,-0.531894,0.175753,-0.031846,0.386496,0.195810,0.371462,0.664946,-0.254531,0.692791,-0.047605,-0.619812,-1.997349,0.942411,3.475259,1.553605,-0.204987,0.492645,0.207970,0.094715,0.116928,0.638567,-0.421023
47.492977,-1.075721,0.817014,0.427858,0.538791,0.868841,1.129567,-0.534156,0.163950,-0.039162,0.374776,0.187873,0.373601,0.666907,-0.254543,0.692598,-0.047117,-0.619613,-1.997254,0.942522,3.475893,1.553186,-0.201266,0.490080,0.204796,0.094502,0.115189,0.638897,-0.421412
47.493990,-1.071729,0.824360,0.424653,0.538548,0.868853,1.134211,-0.533769,0.152636,-0.041837,0.363422,0.178899,0.375720,0.668850,-0.254600,0.692393,-0.046619,-0.619405,-1.997153,0.942629,3.476535,1.552776,-0.202205,0.492143,0.206829,0.095165,0.111568,0.638606,-0.417098
47.494971,-1.073158,0.826543,0.424631,0.538079,0.868236,1.132776,-0.532009,0.140345,-0.041022,0.351047,0.168986,0.378018,0.670865,-0.254697,0.692184,-0.046142,-0.619191,-1.997056,0.942743,3.477171,1.552350,-0.204189,0.488793,0.208695,0.095252,0.111806,0.634110,-0.418033
47.495926,-1.077895,0.819896,0.425418,0.535151,0.868764,1.130559,-0.533188,0.113976,-0.024909,0.324457,0.145047,0.383187,0.674852,-0.255011,0.691785,-0.045161,-0.618775,-1.996854,0.942967,3.478452,1.551505,-0.201028,0.490990,0.208721,0.098003,0.112221,0.637809,-0.419243
47.497151,-1.073362,0.824568,0.422461,0.534022,0.867225,1.128688,-0.534343,0.096354,-0.016031,0.306550,0.132869,0.386183,0.677011,-0.255116,0.691578,-0.044671,-0.618558,-1.996752,0.943083,3.479097,1.551093,-0.203882,0.490106,0.211050,0.099301,0.114258,0.640669,-0.417483
47.498052,-1.073265,0.818766,0.420948,0.534713,0.865810,1.130564,-0.534986,0.096354,-0.016031,0.306550,0.132869,0.386183,0.677011,-0.255116,0.691578,-0.044671,-0.618558,-1.996752,0.943083,3.479097,1.551093,-0.203882,0.490106,0.211050,0.099301,0.114258,0.640669,-0.417483
47.498944,-1.076170,0.817102,0.421294,0.536183,0.867939,1.125196,-0.535423,0.075522,-0.010940,0.285433,0.122691,0.389233,0.679395,-0.255154,0.691373,-0.044171,-0.618345,-1.996655,0.943203,3.479739,1.550690,-0.203647,0.492474,0.211752,0.098212,0.115665,0.638464,-0.416201
47.500144,-1.079369,0.817588,0.423912,0.533702,0.870285,1.126755,-0.538209,0.051229,-0.014029,0.260973,0.118147,0.392000,0.682273,-0.255151,0.691173,-0.043681,-0.618134,-1.996562,0.943310,3.480394,1.550275,-0.201973,0.492782,0.211531,0.096408,0.113618,0.643502,-0.415265
47.501001,-1.073883,0.819387,0.419461,0.533727,0.870361,1.125057,-0.539462,0.022535,-0.027286,0.232198,0.120499,0.394413,0.685730,-0.255115,0.690975,-0.043183,-0.617921,-1.996459,0.943422,3.481033,1.549879,-0.200962,0.493799,0.211028,0.099052,0.111762,0.642803,-0.410215
47.502043,-1.072490,0.820752,0.422290,0.534268,0.870978,1.125881,-0.539222,-0.008844,-0.046713,0.200781,0.127053,0.396477,0.689466,-0.255069,0.690765,-0.042691,-0.617705,-1.996361,0.943535,3.481695,1.549475,-0.203328,0.492132,0.213083,0.098501,0.111711,0.643943,-0.407651
47.502930,-1.072710,0.818791,0.419991,0.535533,0.872583,1.120728,-0.540033,-0.038710,-0.067249,0.170969,0.135830,0.397943,0.693202,-0.255078,0.690557,-0.042200,-0.617492,-1.996265,0.943647,3.482338,1.549070,-0.204074,0.491848,0.211997,0.097891,0.111362,0.643368,-0.408407
47.503934,-1.071775,0.820769,0.419479,0.532510,0.872584,1.117347,-0.541599,-0.064626,-0.087756,0.145239,0.147335,0.398592,0.696953,-0.255194,0.690356,-0.041704,-0.617276,-1.996174,0.943753,3.482985,1.548664,-0.203718,0.492230,0.213055,0.096342,0.109862,0.648209,-0.406724
47.504979,-1.063871,0.815095,0.413362,0.534020,0.871272,1.115045,-0.543018,-0.087670,-0.108361,0.122448,0.161048,0.398653,0.700762,-0.255418,0.690150,-0.041217,-0.617062,-1.996071,0.943863,3.483646,1.548265,-0.204182,0.491438,0.213550,0.099098,0.110120,0.651586,-0.403779
47.505983,-1.065855,0.806843,0.415811,0.531682,0.871085,1.112370,-0.543796,-0.108791,-0.129288,0.101633,0.175890,0.398408,0.704643,-0.255736,0.689935,-0.040712,-0.616836,-1.995977,0.943977,3.484311,1.547873,-0.208158,0.494544,0.216840,0.097562,0.111700,0.654026,-0.401244
47.507037,-1.067871,0.800823,0.420708,0.531279,0.870911,1.108976,-0.545969,-0.129189,-0.155973,0.081664,0.193942,0.397927,0.708971,-0.256111,0.689727,-0.040199,-0.616622,-1.995874,0.944088,3.484963,1.547474,-0.207094,0.498581,0.215818,0.099629,0.112100,0.656764,-0.399900
47.508019,-1.069455,0.796136,0.415816,0.531109,0.869440,1.108462,-0.546784,-0.150354,-0.194095,0.061049,0.217129,0.397267,0.714052,-0.256482,0.689522,-0.039691,-0.616410,-1.995775,0.944200,3.485631,1.547084,-0.206221,0.501839,0.213766,0.099909,0.112560,0.660337,-0.395853
47.509008,-1.063128,0.793419,0.413181,0.530764,0.871136,1.114827,-0.544992,-0.174100,-0.245416,0.037976,0.245409,0.396579,0.719880,-0.256815,0.689320,-0.039181,-0.616185,-1.995676,0.944318,3.486286,1.546697,-0.205414,0.503963,0.216302,0.099816,0.114168,0.660778,-0.394458
47.510138,-1.065019,0.798214,0.415652,0.530516,0.875831,1.116953,-0.546776,-0.202231,-0.309051,0.010723,0.277885,0.396034,0.726387,-0.257149,0.689106,-0.038678,-0.615965,-1.995576,0.944430,3.486934,1.546289,-0.208478,0.505239,0.217738,0.099882,0.112643,0.654371,-0.398231
47.511007,-1.063342,0.791449,0.416624,0.532096,0.878055,1.116729,-0.548186,-0.232452,-0.378735,-0.018394,0.311469,0.395619,0.733199,-0.257526,0.688900,-0.038171,-0.615751,-1.995477,0.944529,3.487573,1.545905,-0.207802,0.503542,0.217067,0.100189,0.108435,0.652932,-0.395082
47.511957,-1.060473,0.793627,0.414209,0.534033,0.879922,1.117801,-0.548061,-0.261128,-0.447974,-0.045817,0.343565,0.395230,0.739847,-0.257915,0.688691,-0.037654,-0.615536,-1.995381,0.944632,3.488229,1.545517,-0.208284,0.505995,0.216434,0.098156,0.106355,0.652678,-0.392264
47.513145,-1.061716,0.796016,0.419754,0.531241,0.879711,1.122727,-0.548275,-0.286634,-0.515307,-0.069968,0.374744,0.394775,0.746163,-0.258273,0.688477,-0.037155,-0.615315,-1.995287,0.944730,3.488883,1.545123,-0.209496,0.504606,0.217668,0.096022,0.104777,0.651430,-0.392671
47.513953,-1.061600,0.791967,0.416498,0.531314,0.879548,1.124631,-0.549426,-0.306986,-0.577140,-0.088918,0.403805,0.394263,0.751860,-0.258599,0.688270,-0.036647,-0.615099,-1.995183,0.944837,3.489520,1.544735,-0.209286,0.504480,0.215599,0.098926,0.105527,0.647360,-0.392810
47.514978,-1.064678,0.783504,0.416674,0.529350,0.878463,1.129409,-0.550648,-0.321665,-0.629576,-0.102238,0.427978,0.393929,0.756648,-0.258888,0.688054,-0.036143,-0.614881,-1.995084,0.944945,3.490160,1.544348,-0.208740,0.505337,0.216902,0.098176,0.105684,0.644828,-0.390381
47.515985,-1.060860,0.780698,0.416704,0.528490,0.879233,1.132015,-0.550659,-0.351059,-0.725387,-0.129145,0.467246,0.395075,0.764789,-0.259227,0.687640,-0.035106,-0.614442,-1.994879,0.945162,3.491429,1.543576,-0.209163,0.510776,0.217203,0.100473,0.106530,0.637879,-0.388488
47.516945,-1.059632,0.773416,0.415490,0.527704,0.877751,1.138542,-0.550740,-0.351059,-0.725387,-0.129145,0.467246,0.395075,0.764789,-0.259227,0.687640,-0.035106,-0.614442,-1.994879,0.945162,3.491429,1.543576,-0.209163,0.510776,0.217203,0.100473,0.106530,0.637879,-0.388488
47.518008,-1.062249,0.782730,0.416305,0.528297,0.880286,1.141782,-0.551101,-0.368314,-0.776458,-0.145233,0.485824,0.396420,0.768653,-0.259328,0.687429,-0.034591,-0.614223,-1.994777,0.945272,3.492053,1.543184,-0.209588,0.514034,0.217876,0.100893,0.108211,0.631364,-0.388470
47.518969,-1.062532,0.781353,0.417295,0.530075,0.880671,1.142708,-0.552069,-0.385657,-0.827335,-0.161490,0.503503,0.397914,0.772275,-0.259438,0.687223,-0.034086,-0.614006,-1.994679,0.945373,3.492670,1.542801,-0.208403,0.509659,0.217833,0.100210,0.106046,0.628673,-0.388116
47.519908,-1.059904,0.790565,0.416877,0.529671,0.882904,1.146196,-0.549431,-0.401821,-0.871676,-0.176730,0.518453,0.399366,0.775272,-0.259582,0.687015,-0.033573,-0.613792,-1.994582,0.945475,3.493301,1.542418,-0.208143,0.510023,0.217448,0.098182,0.105936,0.627784,-0.386353
47.520912,-1.051870,0.792727,0.418517,0.528778,0.887519,1.149048,-0.549183,-0.414096,-0.903639,-0.188224,0.529371,0.400506,0.777303,-0.259779,0.686804,-0.033082,-0.613572,-1.994484,0.945575,3.493926,1.542015,-0.209237,0.505135,0.217656,0.098273,0.103933,0.624242,-0.391766
47.521918,-1.058392,0.792507,0.417410,0.527112,0.889087,1.147080,-0.552113,-0.417519,-0.916833,-0.190931,0.534066,0.401072,0.778015,-0.260020,0.686584,-0.032578,-0.613355,-1.994383,0.945666,3.494540,1.541624,-0.213113,0.504096,0.217033,0.098899,0.099732,0.621693,-0.392447
47.522919,-1.057014,0.796453,0.417917,0.526671,0.888006,1.148659,-0.552446,-0.411256,-0.910353,-0.184013,0.531620,0.401179,0.777359,-0.260243,0.686379,-0.032078,-0.613138,-1.994277,0.945765,3.495166,1.541245,-0.209789,0.504275,0.217804,0.100203,0.098543,0.623930,-0.386807
47.524019,-1.054439,0.790659,0.416914,0.527111,0.889207,1.150823,-0.551804,-0.400963,-0.889669,-0.173212,0.523425,0.401319,0.775655,-0.260402,0.686168,-0.031578,-0.612920,-1.994176,0.945865,3.495784,1.540863,-0.210456,0.502316,0.217726,0.100368,0.099980,0.622576,-0.386457
47.525016,-1.053111,0.787067,0.419486,0.525151,0.889784,1.154901,-0.552373,-0.390039,-0.861411,-0.161902,0.512672,0.401567,0.773316,-0.260519,0.685954,-0.031064,-0.612702,-1.994074,0.945961,3.496405,1.540469,-0.211882,0.505726,0.218697,0.099859,0.099261,0.621038,-0.388154
47.525887,-1.050095,0.792177,0.417375,0.526060,0.891055,1.151491,-0.552392,-0.379342,-0.834400,-0.150822,0.504012,0.401637,0.770957,-0.260603,0.685739,-0.030562,-0.612488,-1.993970,0.946058,3.497021,1.540083,-0.212409,0.507489,0.217617,0.101471,0.099052,0.617187,-0.387225
47.527055,-1.048479,0.801637,0.419384,0.527252,0.893183,1.151771,-0.550398,-0.368354,-0.810976,-0.139414,0.498552,0.401301,0.768723,-0.260655,0.685525,-0.030065,-0.612267,-1.993872,0.946153,3.497641,1.539702,-0.213489,0.504161,0.218472,0.100065,0.097980,0.620399,-0.387234
47.527975,-1.046980,0.802771,0.421488,0.527529,0.896593,1.150222,-0.548796,-0.354113,-0.784191,-0.124749,0.493597,0.400351,0.766073,-0.260741,0.685309,-0.029577,-0.612050,-1.993775,0.946250,3.498270,1.539301,-0.214587,0.500617,0.218127,0.099065,0.096438,0.620945,-0.391750
47.528978,-1.044951,0.808578,0.422736,0.527802,0.898366,1.152151,-0.548470,-0.333966,-0.748533,-0.104213,0.487151,0.398641,0.762614,-0.260933,0.685097,-0.029075,-0.611832,-1.993678,0.946334,3.498890,1.538902,-0.215039,0.499590,0.217022,0.098446,0.093390,0.622426,-0.394990
47.529914,-1.045948,0.809429,0.420556,0.524302,0.900923,1.147639,-0.547935,-0.307153,-0.703381,-0.077014,0.478790,0.396173,0.758370,-0.261233,0.684877,-0.028580,-0.611619,-1.993581,0.946423,3.499511,1.538502,-0.215891,0.496773,0.216651,0.098014,0.092081,0.620710,-0.395813
47.530900,-1.052550,0.810215,0.421397,0.524914,0.900801,1.143918,-0.547253,-0.275965,-0.649252,-0.045453,0.467185,0.393314,0.753454,-0.261595,0.684662,-0.028089,-0.611396,-1.993473,0.946509,3.500144,1.538098,-0.215087,0.496114,0.217705,0.100984,0.089907,0.625193,-0.396943
47.531928,-1.049287,0.804691,0.420681,0.522945,0.901151,1.141477,-0.546658,-0.246573,-0.589352,-0.015843,0.451360,0.390755,0.748129,-0.261969,0.684460,-0.027592,-0.611180,-1.993376,0.946600,3.500774,1.537699,-0.211767,0.495706,0.217432,0.100129,0.090460,0.629030,-0.398482
47.532916,-1.051728,0.799442,0.415710,0.523962,0.901605,1.137874,-0.546437,-0.224208,-0.531039,0.006516,0.433582,0.388873,0.742956,-0.262299,0.684244,-0.027093,-0.610962,-1.993272,0.946689,3.501418,1.537295,-0.213386,0.498701,0.218056,0.101840,0.090588,0.631666,-0.399889
47.534030,-1.055245,0.796682,0.417520,0.522484,0.903317,1.132450,-0.544988,-0.211709,-0.483331,0.018845,0.417898,0.387698,0.738617,-0.262535,0.684035,-0.026584,-0.610737,-1.993175,0.946778,3.502062,1.536892,-0.212058,0.501170,0.220630,0.100585,0.090558,0.635331,-0.400478
47.535032,-1.057890,0.799186,0.417357,0.519350,0.907639,1.129584,-0.544363,-0.212013,-0.452621,0.018209,0.406956,0.387327,0.735541,-0.262678,0.683829,-0.026074,-0.610517,-1.993070,0.946863,3.502703,1.536480,-0.210562,0.503138,0.220167,0.101980,0.089470,0.641338,-0.403751
47.535929,-1.056306,0.796950,0.414161,0.519182,0.910838,1.128020,-0.545890,-0.224691,-0.436292,0.004972,0.398560,0.387883,0.733447,-0.262787,0.683621,-0.025579,-0.610297,-1.992961,0.946937,3.503356,1.536074,-0.209199,0.501959,0.220427,0.104679,0.085711,0.644223,-0.405147
47.536897,-1.053321,0.796647,0.412198,0.518453,0.914035,1.126994,-0.546104,-0.246423,-0.426872,-0.017519,0.388518,0.389399,0.731760,-0.262900,0.683411,-0.025072,-0.610071,-1.992860,0.947012,3.503999,1.535679,-0.209705,0.502411,0.221831,0.104309,0.082968,0.645467,-0.402073
47.538002,-1.058889,0.800616,0.414344,0.518699,0.917722,1.123180,-0.546767,-0.273731,-0.420569,-0.045651,0.375999,0.391691,0.730233,-0.262995,0.683196,-0.024568,-0.609848,-1.992753,0.947086,3.504658,1.535270,-0.211000,0.502341,0.222836,0.104565,0.080318,0.646372,-0.401769
47.538993,-1.062613,0.803493,0.413735,0.517822,0.916663,1.123293,-0.546672,-0.303542,-0.415011,-0.076287,0.361341,0.394561,0.728675,-0.263065,0.682992,-0.024073,-0.609626,-1.992647,0.947160,3.505312,1.534873,-0.208446,0.501059,0.222184,0.104159,0.077364,0.650668,-0.400825
47.539901,-1.059994,0.802656,0.413229,0.516049,0.919097,1.125062,-0.547485,-0.334855,-0.406956,-0.108472,0.343845,0.398051,0.726827,-0.263112,0.682791,-0.023572,-0.609402,-1.992541,0.947242,3.505954,1.534478,-0.206619,0.499580,0.222578,0.104634,0.078971,0.650587,-0.401220
47.540950,-1.059682,0.800201,0.412357,0.515396,0.918297,1.126014,-0.548145,-0.366625,-0.394215,-0.141148,0.322987,0.402141,0.724574,-0.263121,0.682582,-0.023078,-0.609182,-1.992433,0.947313,3.506600,1.534077,-0.207682,0.499552,0.222722,0.105781,0.076995,0.648511,-0.399594
47.541908,-1.056234,0.794572,0.408397,0.512745,0.917950,1.126042,-0.547464,-0.396679,-0.377782,-0.172059,0.299825,0.406583,0.722046,-0.263079,0.682376,-0.022571,-0.608956,-1.992327,0.947391,3.507243,1.533675,-0.207932,0.501036,0.223389,0.106153,0.078449,0.647872,-0.398549
47.542936,-1.057292,0.792457,0.412742,0.511380,0.917631,1.127553,-0.547369,-0.424687,-0.362172,-0.200845,0.276817,0.411155,0.719570,-0.263015,0.682163,-0.022060,-0.608729,-1.992213,0.947470,3.507895,1.533274,-0.209467,0.503502,0.225338,0.108141,0.079277,0.647731,-0.400047
47.543999,-1.052785,0.798821,0.408486,0.510556,0.919834,1.131661,-0.548035,-0.450527,-0.350988,-0.227432,0.255720,0.415648,0.717375,-0.262962,0.681954,-0.021558,-0.608507,-1.992103,0.947551,3.508546,1.532871,-0.208933,0.504725,0.223338,0.109060,0.080161,0.646376,-0.400451
47.544986,-1.051419,0.802709,0.407754,0.511339,0.920343,1.131985,-0.546393,-0.471816,-0.342018,-0.249468,0.236027,0.419753,0.715325,-0.262924,0.681742,-0.021062,-0.608277,-1.991991,0.947627,3.509180,1.532479,-0.211285,0.501953,0.225722,0.109496,0.078588,0.642650,-0.399440
47.545922,-1.052143,0.806051,0.412398,0.512888,0.922876,1.135888,-0.545236,-0.492416,-0.310084,-0.271433,0.195763,0.425874,0.710278,-0.262887,0.681318,-0.020069,-0.607830,-1.991782,0.947774,3.510454,1.531660,-0.211214,0.498017,0.223740,0.106276,0.076629,0.638384,-0.405231
47.547026,-1.051579,0.806432,0.416031,0.515434,0.922652,1.137428,-0.546127,-0.492416,-0.310084,-0.271433,0.195763,0.425874,0.710278,-0.262887,0.681318,-0.020069,-0.607830,-1.991782,0.947774,3.510454,1.531660,-0.211214,0.498017,0.223740,0.106276,0.076629,0.638384,-0.405231
47.547925,-1.047180,0.810775,0.411111,0.514959,0.922638,1.140976,-0.546637,-0.488512,-0.285763,-0.268100,0.178081,0.427271,0.707174,-0.262827,0.681104,-0.019567,-0.607609,-1.991681,0.947854,3.511096,1.531249,-0.211658,0.498471,0.222366,0.103676,0.077551,0.637396,-0.403741
47.548943,-1.049827,0.812450,0.409340,0.512902,0.923748,1.142676,-0.546535,-0.474981,-0.259300,-0.254993,0.164975,0.427345,0.703980,-0.262670,0.680887,-0.019083,-0.607383,-1.991578,0.947932,3.511730,1.530849,-0.213478,0.495881,0.224667,0.103649,0.077981,0.633576,-0.402736
47.549925,-1.049490,0.809218,0.412102,0.514153,0.922448,1.141913,-0.547599,-0.455884,-0.230716,-0.236188,0.154546,0.426619,0.700799,-0.262407,0.680677,-0.018587,-0.607156,-1.991470,0.948007,3.512352,1.530454,-0.212104,0.495248,0.225662,0.105309,0.077472,0.632201,-0.403193
47.550917,-1.051666,0.805783,0.413030,0.512839,0.923696,1.140301,-0.547099,-0.435751,-0.202019,-0.216315,0.145600,0.425619,0.697855,-0.262059,0.680464,-0.018085,-0.606934,-1.991370,0.948090,3.512992,1.530055,-0.212148,0.496783,0.224346,0.103757,0.079275,0.633035,-0.401205
47.551989,-1.051250,0.808955,0.414393,0.514098,0.926154,1.140689,-0.547394,-0.416566,-0.179027,-0.197436,0.140300,0.424394,0.695569,-0.261650,0.680252,-0.017587,-0.606712,-1.991264,0.948165,3.513634,1.529658,-0.210940,0.498499,0.224001,0.104693,0.078565,0.634734,-0.402422
47.553047,-1.055233,0.812456,0.416691,0.514623,0.926488,1.137081,-0.547969,-0.399006,-0.164534,-0.180279,0.139498,0.422951,0.694133,-0.261219,0.680041,-0.017091,-0.606489,-1.991165,0.948240,3.514264,1.529257,-0.211266,0.497396,0.223638,0.103340,0.076773,0.634792,-0.402126
47.554032,-1.056974,0.810265,0.418333,0.516964,0.928385,1.137624,-0.549622,-0.367969,-0.152899,-0.150361,0.146846,0.419489,0.693066,-0.260514,0.679630,-0.016103,-0.606050,-1.990970,0.948394,3.515538,1.528464,-0.208473,0.497208,0.222112,0.100185,0.075734,0.638298,-0.398127
47.554923,-1.057277,0.812771,0.419703,0.516911,0.931376,1.137625,-0.550879,-0.367969,-0.152899,-0.150361,0.146846,0.419489,0.693066,-0.260514,0.679630,-0.016103,-0.606050,-1.990970,0.948394,3.515538,1.528464,-0.208473,0.497208,0.222112,0.100185,0.075734,0.638298,-0.398127
47.556006,-1.059286,0.816011,0.422437,0.517194,0.930979,1.139367,-0.551624,-0.355067,-0.155445,-0.138069,0.155188,0.417463,0.693345,-0.260247,0.679422,-0.015606,-0.605834,-1.990872,0.948460,3.516177,1.528070,-0.208030,0.495330,0.221332,0.099833,0.073256,0.637993,-0.395635
47.557039,-1.058941,0.812527,0.420192,0.518393,0.931693,1.137524,-0.552012,-0.342782,-0.160833,-0.126337,0.165053,0.415313,0.693998,-0.260024,0.679214,-0.015115,-0.605616,-1.990776,0.948535,3.516810,1.527676,-0.207188,0.494356,0.220372,0.099567,0.074382,0.636731,-0.394521
47.557936,-1.059370,0.807488,0.427191,0.516886,0.931860,1.136170,-0.552286,-0.321498,-0.181436,-0.105880,0.188008,0.411145,0.696490,-0.259692,0.678800,-0.014114,-0.605180,-1.990578,0.948686,3.518085,1.526896,-0.206926,0.498262,0.218140,0.099316,0.074556,0.639945,-0.393535
47.559052,-1.057889,0.803677,0.427934,0.517560,0.933536,1.137220,-0.553513,-0.321498,-0.181436,-0.105880,0.188008,0.411145,0.696490,-0.259692,0.678800,-0.014114,-0.605180,-1.990578,0.948686,3.518085,1.526896,-0.206926,0.498262,0.218140,0.099316,0.074556,0.639945,-0.393535
47.559990,-1.057567,0.798325,0.426679,0.517674,0.932793,1.134267,-0.554399,-0.311772,-0.202659,-0.096451,0.203474,0.409063,0.698730,-0.259536,0.678593,-0.013603,-0.604961,-1.990484,0.948758,3.518719,1.526504,-0.207934,0.500763,0.218305,0.098759,0.073634,0.639494,-0.391491
47.560998,-1.062864,0.793064,0.430151,0.516913,0.933584,1.132915,-0.555237,-0.302682,-0.233854,-0.087602,0.222631,0.406972,0.701894,-0.259368,0.678384,-0.013093,-0.604745,-1.990386,0.948837,3.519363,1.526121,-0.207889,0.502973,0.218959,0.098328,0.074854,0.642327,-0.389869
47.561966,-1.061080,0.788339,0.436467,0.518558,0.933828,1.131246,-0.555313,-0.297707,-0.276787,-0.082861,0.245692,0.405130,0.706175,-0.259191,0.678184,-0.012584,-0.604530,-1.990285,0.948910,3.520015,1.525735,-0.205284,0.505582,0.217447,0.098854,0.074663,0.643746,-0.388455
47.562939,-1.058250,0.786029,0.436226,0.521329,0.934482,1.132547,-0.554087,-0.297035,-0.330816,-0.082472,0.272413,0.403501,0.711564,-0.259042,0.677977,-0.012072,-0.604319,-1.990194,0.948984,3.520658,1.525349,-0.206115,0.507625,0.214457,0.097073,0.074975,0.645394,-0.388505
47.564071,-1.059286,0.785682,0.439512,0.519942,0.936371,1.130370,-0.554650,-0.296490,-0.393470,-0.082223,0.303469,0.401604,0.717945,-0.258945,0.677767,-0.011565,-0.604107,-1.990104,0.949060,3.521309,1.524956,-0.207406,0.508547,0.214787,0.094241,0.074853,0.644008,-0.391153
47.565024,-1.060710,0.780515,0.439459,0.521839,0.937112,1.128716,-0.554874,-0.293705,-0.460621,-0.079704,0.337920,0.399249,0.725091,-0.258897,0.677561,-0.011048,-0.603895,-1.990005,0.949136,3.521964,1.524573,-0.207175,0.509326,0.213752,0.095730,0.073707,0.646781,-0.390486
47.565937,-1.056129,0.781292,0.439120,0.522660,0.936103,1.125224,-0.554977,-0.290186,-0.528791,-0.076443,0.373288,0.396733,0.732760,-0.258877,0.677358,-0.010527,-0.603679,-1.989919,0.949209,3.522617,1.524181,-0.206364,0.511422,0.213858,0.093786,0.073507,0.648278,-0.390177
47.566921,-1.055527,0.775659,0.443689,0.520160,0.936533,1.125756,-0.556506,-0.286932,-0.595831,-0.073408,0.408520,0.394230,0.740754,-0.258886,0.677146,-0.010022,-0.603465,-1.989827,0.949284,3.523279,1.523790,-0.208388,0.510452,0.214018,0.092744,0.075004,0.651431,-0.390040
47.567989,-1.051448,0.776823,0.443123,0.520682,0.938176,1.118029,-0.558453,-0.281601,-0.657869,-0.068216,0.442098,0.391673,0.748730,-0.258924,0.676939,-0.009500,-0.603256,-1.989727,0.949359,3.523930,1.523411,-0.208607,0.512962,0.211960,0.094998,0.075122,0.650849,-0.387202
47.568913,-1.052052,0.775968,0.444667,0.520269,0.936337,1.117202,-0.558460,-0.271731,-0.711270,-0.058408,0.471761,0.389056,0.756273,-0.258972,0.676723,-0.008984,-0.603046,-1.989633,0.949433,3.524606,1.523034,-0.210698,0.512591,0.212733,0.094490,0.074153,0.658837,-0.383700
47.569912,-1.056984,0.772519,0.448551,0.520293,0.937842,1.116457,-0.556544,-0.257163,-0.753853,-0.043822,0.496269,0.386452,0.762974,-0.259053,0.676514,-0.008476,-0.602834,-1.989537,0.949513,3.525273,1.522644,-0.210130,0.512495,0.211994,0.094592,0.076457,0.659245,-0.383817
47.570998,-1.055121,0.776354,0.449614,0.520055,0.936886,1.120560,-0.557236,-0.240307,-0.786453,-0.026905,0.515989,0.384015,0.768703,-0.259228,0.676314,-0.007956,-0.602625,-1.989442,0.949587,3.525932,1.522254,-0.207701,0.514021,0.210329,0.094451,0.075512,0.659997,-0.387917
47.571957,-1.051281,0.776719,0.447372,0.523273,0.937129,1.119542,-0.558771,-0.223641,-0.811249,-0.010143,0.531746,0.381879,0.773528,-0.259498,0.676104,-0.007452,-0.602418,-1.989348,0.949668,3.526581,1.521866,-0.208812,0.512568,0.210360,0.094777,0.077127,0.656251,-0.386871
47.573093,-1.053877,0.780099,0.452437,0.523788,0.936677,1.122765,-0.557397,-0.206496,-0.828076,0.007204,0.544267,0.379887,0.777369,-0.259812,0.675892,-0.006939,-0.602203,-1.989263,0.949747,3.527235,1.521491,-0.210559,0.512009,0.211601,0.091535,0.077356,0.657192,-0.383994
47.574031,-1.055167,0.784941,0.457515,0.524266,0.937291,1.125766,-0.555720,-0.187460,-0.837164,0.026548,0.554987,0.377786,0.780166,-0.260154,0.675684,-0.006429,-0.601999,-1.989174,0.949831,3.527886,1.521095,-0.209534,0.511043,0.209765,0.091367,0.078494,0.654528,-0.387255
47.575022,-1.051874,0.786909,0.456439,0.525890,0.936347,1.128695,-0.557942,-0.165051,-0.837174,0.049292,0.563601,0.375492,0.781797,-0.260538,0.675475,-0.005931,-0.601793,-1.989083,0.949907,3.528533,1.520695,-0.208686,0.508275,0.207380,0.090737,0.078356,0.651349,-0.390688
47.575900,-1.047296,0.788100,0.455994,0.525614,0.934139,1.131162,-0.556922,-0.137645,-0.825813,0.077073,0.569004,0.372985,0.782120,-0.260910,0.675265,-0.005423,-0.601582,-1.988998,0.949989,3.529167,1.520320,-0.210268,0.507182,0.208187,0.089193,0.079811,0.648548,-0.386440
47.576985,-1.056689,0.790872,0.461763,0.526234,0.934318,1.134529,-0.554372,-0.104854,-0.803906,0.110356,0.571668,0.370240,0.781182,-0.261192,0.675048,-0.004922,-0.601379,-1.988908,0.950075,3.529805,1.519928,-0.212119,0.505874,0.208418,0.089220,0.082339,0.645731,-0.388546
47.577990,-1.054485,0.786827,0.461951,0.522278,0.930972,1.138155,-0.553386,-0.068749,-0.774075,0.147063,0.572094,0.367441,0.779172,-0.261384,0.674852,-0.004419,-0.601175,-1.988821,0.950158,3.530434,1.519519,-0.207670,0.504992,0.206100,0.088832,0.082758,0.642883,-0.393984
47.579079,-1.059963,0.794236,0.459404,0.524237,0.928273,1.140825,-0.554360,-0.033665,-0.740347,0.182813,0.570187,0.364999,0.776433,-0.261538,0.674640,-0.003907,-0.600971,-1.988720,0.950252,3.531068,1.519117,-0.208760,0.506954,0.206395,0.092583,0.086538,0.639424,-0.396114
47.579999,-1.053859,0.793861,0.460896,0.523351,0.925949,1.140511,-0.553636,-0.003783,-0.706057,0.213458,0.565603,0.363257,0.773283,-0.261666,0.674439,-0.003416,-0.600758,-1.988632,0.950348,3.531700,1.518724,-0.206247,0.503868,0.208172,0.090811,0.089724,0.637293,-0.394503
47.580982,-1.055581,0.796653,0.460246,0.525231,0.926473,1.143236,-0.551459,0.020302,-0.671032,0.238463,0.558297,0.362142,0.769776,-0.261763,0.674225,-0.002909,-0.600552,-1.988538,0.950444,3.532328,1.518329,-0.209038,0.503544,0.207501,0.091433,0.092301,0.637501,-0.396045
47.581972,-1.057182,0.794102,0.464516,0.524888,0.924739,1.145128,-0.549719,0.041615,-0.634574,0.260834,0.549159,0.361242,0.765916,-0.261880,0.674018,-0.002415,-0.600344,-1.988450,0.950537,3.532958,1.517916,-0.208071,0.502133,0.208094,0.089554,0.092133,0.634863,-0.400537
47.582975,-1.058037,0.795617,0.464539,0.524877,0.926354,1.146296,-0.549839,0.061094,-0.599101,0.281420,0.539992,0.360351,0.761980,-0.262054,0.673810,-0.001910,-0.600142,-1.988361,0.950634,3.533590,1.517510,-0.207210,0.503332,0.206286,0.089907,0.094236,0.633106,-0.404153
47.583958,-1.055230,0.794617,0.464339,0.523668,0.924878,1.146784,-0.550209,0.077766,-0.567363,0.299182,0.531874,0.359518,0.758245,-0.262233,0.673605,-0.001406,-0.599935,-1.988273,0.950726,3.534213,1.517104,-0.206801,0.502550,0.206615,0.089955,0.093002,0.632181,-0.404044
47.584974,-1.054154,0.795551,0.466689,0.521386,0.922922,1.149184,-0.548331,0.091630,-0.539249,0.314155,0.524143,0.358835,0.754672,-0.262381,0.673394,-0.000907,-0.599730,-1.988178,0.950826,3.534847,1.516693,-0.208100,0.503003,0.207007,0.091024,0.094824,0.631786,-0.403412
47.586143,-1.055184,0.794208,0.472290,0.520389,0.921946,1.154148,-0.549947,0.104182,-0.512619,0.327884,0.515261,0.358321,0.751050,-0.262529,0.673186,-0.000401,-0.599524,-1.988082,0.950926,3.535481,1.516279,-0.208639,0.502575,0.206189,0.093200,0.097135,0.629591,-0.407377
47.586978,-1.051601,0.790324,0.470365,0.517688,0.920343,1.151795,-0.552518,0.117657,-0.486065,0.342569,0.504316,0.357882,0.747289,-0.262675,0.672978,0.000111,-0.599327,-1.987984,0.951029,3.536095,1.515878,-0.208494,0.504176,0.204282,0.094358,0.098629,0.625552,-0.404567
47.587924,-1.054092,0.793776,0.465306,0.516943,0.917068,1.152770,-0.550015,0.132533,-0.460615,0.358616,0.491682,0.357490,0.743508,-0.262773,0.672767,0.000613,-0.599120,-1.987883,0.951130,3.536727,1.515484,-0.209815,0.505108,0.205130,0.096445,0.100340,0.627475,-0.399316
47.588987,-1.053718,0.789526,0.470837,0.515551,0.916394,1.150987,-0.548424,0.145832,-0.436369,0.373052,0.476983,0.357438,0.739766,-0.262853,0.672562,0.001116,-0.598907,-1.987785,0.951240,3.537349,1.515075,-0.208413,0.503022,0.207760,0.096866,0.103786,0.626485,-0.404481
47.589999,-1.057131,0.787132,0.477650,0.513604,0.916963,1.152881,-0.552611,0.154453,-0.412838,0.382765,0.459957,0.357990,0.736097,-0.262981,0.672353,0.001621,-0.598708,-1.987684,0.951346,3.537990,1.514661,-0.208724,0.505533,0.205538,0.098120,0.104800,0.628669,-0.407892
47.591065,-1.056138,0.787742,0.476667,0.514223,0.914486,1.151709,-0.553058,0.159912,-0.391346,0.389154,0.441922,0.358930,0.732632,-0.263131,0.672151,0.002134,-0.598510,-1.987582,0.951446,3.538610,1.514278,-0.207054,0.506657,0.202581,0.099801,0.104566,0.627020,-0.399678
47.592107,-1.057357,0.788318,0.479041,0.513291,0.912342,1.150230,-0.552618,0.164324,-0.372616,0.394312,0.424058,0.359991,0.729452,-0.263264,0.671944,0.002644,-0.598306,-1.987483,0.951560,3.539245,1.513881,-0.207708,0.506642,0.203638,0.099090,0.107345,0.628637,-0.399181
47.593030,-1.060550,0.787329,0.482877,0.512404,0.913169,1.147754,-0.553712,0.167642,-0.355840,0.398287,0.406868,0.361100,0.726516,-0.263413,0.671735,0.003146,-0.598105,-1.987379,0.951677,3.539886,1.513477,-0.207143,0.506615,0.202943,0.099792,0.109704,0.630399,-0.400326
47.594046,-1.060034,0.785747,0.485378,0.511156,0.914586,1.148944,-0.556080,0.169771,-0.339383,0.401029,0.390012,0.362248,0.723711,-0.263588,0.671534,0.003658,-0.597907,-1.987276,0.951790,3.540521,1.513084,-0.205396,0.506530,0.201225,0.100201,0.108951,0.632723,-0.398181
47.595032,-1.060153,0.790835,0.483373,0.511092,0.912139,1.144905,-0.555062,0.170944,-0.322289,0.402767,0.372946,0.363474,0.721004,-0.263731,0.671328,0.004162,-0.597711,-1.987172,0.951895,3.541157,1.512701,-0.205694,0.507406,0.200475,0.101133,0.107828,0.631704,-0.393707
47.595985,-1.065316,0.792522,0.481852,0.511680,0.910821,1.141998,-0.553719,0.171484,-0.303241,0.403883,0.355016,0.364821,0.718323,-0.263834,0.671125,0.004662,-0.597509,-1.987073,0.952014,3.541807,1.512299,-0.205617,0.504772,0.201827,0.100934,0.110444,0.635807,-0.395968
47.596919,-1.067655,0.791711,0.484973,0.512163,0.908723,1.136725,-0.555909,0.169651,-0.280287,0.402710,0.335386,0.366463,0.715505,-0.263964,0.670925,0.005167,-0.597303,-1.986972,0.952129,3.542449,1.511896,-0.202956,0.503616,0.202786,0.099983,0.111866,0.638619,-0.398753
47.597935,-1.063194,0.795457,0.481583,0.511835,0.907793,1.135830,-0.557263,0.162902,-0.254591,0.396723,0.314941,0.368519,0.712573,-0.264144,0.670724,0.005667,-0.597107,-1.986871,0.952245,3.543106,1.511509,-0.201688,0.503666,0.201458,0.099078,0.114053,0.643672,-0.394423
47.599020,-1.058455,0.791104,0.485255,0.514104,0.907507,1.130277,-0.555633,0.152690,-0.227382,0.387410,0.294860,0.370781,0.709531,-0.264351,0.670517,0.006168,-0.596898,-1.986772,0.952366,3.543748,1.511125,-0.203960,0.501882,0.203522,0.099244,0.115118,0.644698,-0.392015
47.600024,-1.064808,0.798018,0.483597,0.512193,0.903913,1.130529,-0.553657,0.143814,-0.199585,0.379573,0.276528,0.372787,0.706316,-0.264606,0.670305,0.006681,-0.596701,-1.986681,0.952484,3.544410,1.510723,-0.206463,0.504486,0.202319,0.097097,0.115663,0.650624,-0.395667
47.600971,-1.069160,0.798815,0.486630,0.511412,0.903245,1.130126,-0.555195,0.138185,-0.172982,0.375014,0.261000,0.374346,0.702927,-0.264946,0.670106,0.007169,-0.596494,-1.986578,0.952610,3.545063,1.510314,-0.203303,0.501159,0.203499,0.098741,0.119366,0.650367,-0.399785
47.601922,-1.066526,0.799328,0.486556,0.512250,0.901524,1.132052,-0.555658,0.132504,-0.146124,0.370392,0.245867,0.375884,0.699268,-0.265348,0.669911,0.007667,-0.596291,-1.986478,0.952732,3.545710,1.509928,-0.201126,0.500517,0.202173,0.099151,0.120043,0.650645,-0.396788
47.603029,-1.062982,0.806435,0.486044,0.512460,0.899455,1.131678,-0.556085,0.125151,-0.118429,0.364151,0.229890,0.377602,0.695377,-0.265736,0.669706,0.008163,-0.596092,-1.986382,0.952862,3.546357,1.509531,-0.202357,0.500045,0.202499,0.098040,0.121741,0.648580,-0.395994
47.604027,-1.063872,0.806718,0.487521,0.513745,0.900055,1.131825,-0.556550,0.119314,-0.089919,0.359559,0.213959,0.379152,0.691297,-0.266081,0.669502,0.008658,-0.595884,-1.986286,0.952992,3.547002,1.509139,-0.204404,0.497201,0.203363,0.097936,0.123993,0.649493,-0.395556
47.604917,-1.063292,0.803736,0.482377,0.512470,0.900979,1.135453,-0.558318,0.117731,-0.059456,0.359345,0.198257,0.380273,0.686969,-0.266393,0.669299,0.009157,-0.595683,-1.986192,0.953116,3.547653,1.508745,-0.203956,0.497116,0.202991,0.096520,0.123453,0.649387,-0.394836
47.606066,-1.062291,0.805426,0.481127,0.513190,0.897641,1.137315,-0.558309,0.117721,-0.030898,0.360728,0.184079,0.381151,0.682756,-0.266660,0.669095,0.009651,-0.595472,-1.986093,0.953236,3.548297,1.508361,-0.203983,0.498037,0.205547,0.097371,0.122516,0.645378,-0.391323
47.606950,-1.059592,0.799755,0.480950,0.514348,0.894213,1.140199,-0.556615,0.114441,-0.010010,0.358803,0.172941,0.382147,0.679194,-0.266908,0.668890,0.010152,-0.595262,-1.985998,0.953373,3.548931,1.507971,-0.204863,0.498111,0.206861,0.096833,0.126062,0.644292,-0.391878
47.607997,-1.059677,0.798568,0.484109,0.513563,0.895615,1.141515,-0.557874,0.107331,-0.000501,0.352945,0.166718,0.383140,0.676592,-0.267199,0.668682,0.010648,-0.595057,-1.985907,0.953509,3.549575,1.507571,-0.205889,0.500335,0.206951,0.095393,0.129299,0.641025,-0.395276
47.608923,-1.054888,0.797294,0.482680,0.515526,0.895932,1.146521,-0.559801,0.098789,-0.004430,0.345435,0.167106,0.383745,0.675096,-0.267545,0.668474,0.011154,-0.594854,-1.985809,0.953631,3.550209,1.507187,-0.205915,0.501156,0.205849,0.096102,0.128024,0.640072,-0.393041
47.609914,-1.056042,0.798560,0.482267,0.513551,0.892078,1.149172,-0.558684,0.091214,-0.020489,0.338633,0.173668,0.383791,0.674661,-0.267927,0.668261,0.011658,-0.594647,-1.985721,0.953758,3.550850,1.506800,-0.208047,0.501308,0.206687,0.093989,0.127683,0.634844,-0.389276
47.610959,-1.057771,0.797456,0.487847,0.516403,0.891368,1.150580,-0.557686,0.085606,-0.044897,0.333584,0.184496,0.383362,0.675124,-0.268372,0.668053,0.012153,-0.594438,-1.985621,0.953897,3.551474,1.506401,-0.207386,0.500702,0.207159,0.095746,0.131508,0.632404,-0.391750
47.611996,-1.056765,0.794736,0.483497,0.514840,0.890539,1.153021,-0.562012,0.081846,-0.074352,0.330176,0.197885,0.382602,0.676341,-0.268886,0.667851,0.012662,-0.594236,-1.985535,0.954030,3.552101,1.506001,-0.206667,0.501467,0.204839,0.093026,0.132256,0.631383,-0.394011
47.612949,-1.050105,0.791702,0.481164,0.512661,0.890533,1.155798,-0.560619,0.078755,-0.108787,0.327245,0.213752,0.381642,0.678365,-0.269371,0.667640,0.013166,-0.594026,-1.985437,0.954166,3.552729,1.505633,-0.207194,0.503031,0.207441,0.094523,0.133097,0.629266,-0.385636
47.614080,-1.054852,0.787158,0.482680,0.514577,0.889418,1.153498,-0.560413,0.074466,-0.148360,0.323032,0.231032,0.380778,0.681286,-0.269756,0.667425,0.013675,-0.593813,-1.985336,0.954298,3.553360,1.505246,-0.210322,0.504180,0.208707,0.096331,0.133050,0.626471,-0.388695
47.614901,-1.054749,0.781571,0.482452,0.517290,0.888366,1.153217,-0.562166,0.067930,-0.193190,0.316521,0.248904,0.380209,0.685141,-0.270060,0.667220,0.014193,-0.593605,-1.985246,0.954436,3.553989,1.504853,-0.208218,0.507063,0.208604,0.094661,0.134302,0.629537,-0.389534
47.615902,-1.056775,0.780636,0.481045,0.517870,0.887783,1.151245,-0.563900,0.057330,-0.246928,0.305802,0.270100,0.379895,0.690134,-0.270282,0.667013,0.014703,-0.593399,-1.985161,0.954571,3.554624,1.504469,-0.207817,0.508674,0.208543,0.091665,0.135092,0.629226,-0.385916
47.616932,-1.057583,0.780223,0.481397,0.518261,0.883990,1.152476,-0.563397,0.041149,-0.310807,0.289350,0.296371,0.379797,0.696278,-0.270410,0.666807,0.015218,-0.593187,-1.985071,0.954710,3.555255,1.504098,-0.206789,0.508976,0.209508,0.091094,0.135616,0.631400,-0.382756
47.618077,-1.061945,0.784100,0.486655,0.518011,0.884466,1.149130,-0.563490,0.019748,-0.380337,0.267626,0.325581,0.379984,0.703186,-0.270494,0.666601,0.015734,-0.592978,-1.984984,0.954860,3.555887,1.503707,-0.206452,0.509199,0.209702,0.090847,0.139312,0.630420,-0.384087
47.618970,-1.057446,0.786942,0.484415,0.519075,0.880612,1.150449,-0.565495,-0.004541,-0.448456,0.243043,0.353936,0.380478,0.710270,-0.270600,0.666398,0.016234,-0.592774,-1.984892,0.954998,3.556532,1.503320,-0.204632,0.508148,0.207808,0.091362,0.138944,0.634483,-0.384392
47.619938,-1.057688,0.786642,0.481620,0.517645,0.879719,1.148394,-0.566218,-0.027485,-0.507317,0.219909,0.377949,0.381115,0.716881,-0.270716,0.666189,0.016741,-0.592562,-1.984804,0.955151,3.557164,1.502951,-0.206609,0.506008,0.208908,0.090102,0.142497,0.632853,-0.380460
47.620937,-1.061132,0.783638,0.483042,0.516888,0.878250,1.148348,-0.565475,-0.046890,-0.552238,0.200506,0.395677,0.381825,0.722664,-0.270798,0.665981,0.017244,-0.592351,-1.984711,0.955299,3.557805,1.502573,-0.206345,0.505980,0.210490,0.091403,0.143166,0.634933,-0.379259
47.622042,-1.059185,0.781799,0.482095,0.517480,0.875150,1.147257,-0.565862,-0.065201,-0.584791,0.182389,0.406999,0.382877,0.727750,-0.270866,0.665782,0.017756,-0.592138,-1.984620,0.955445,3.558437,1.502184,-0.204673,0.507374,0.209998,0.092119,0.144514,0.635122,-0.381008
47.622952,-1.060428,0.776898,0.481554,0.521008,0.875261,1.145324,-0.567648,-0.084998,-0.610226,0.162892,0.413866,0.384413,0.732526,-0.270971,0.665571,0.018270,-0.591928,-1.984524,0.955600,3.559076,1.501803,-0.205862,0.508775,0.211055,0.091612,0.147558,0.636767,-0.380667
47.623969,-1.059902,0.779555,0.482472,0.521411,0.874480,1.142447,-0.567117,-0.106808,-0.634893,0.141372,0.420488,0.386158,0.737449,-0.271097,0.665366,0.018780,-0.591717,-1.984442,0.955745,3.559724,1.501436,-0.205000,0.510592,0.211332,0.088041,0.147172,0.638418,-0.377218
47.624968,-1.058460,0.784147,0.480987,0.525626,0.873338,1.140256,-0.565452,-0.130181,-0.661772,0.118194,0.429718,0.387785,0.742742,-0.271226,0.665161,0.019290,-0.591505,-1.984357,0.955893,3.560366,1.501058,-0.205317,0.509247,0.211166,0.087828,0.147836,0.641486,-0.378639
47.626029,-1.057851,0.795376,0.483409,0.526956,0.872462,1.136383,-0.563895,-0.152601,-0.686960,0.095927,0.440688,0.389056,0.748120,-0.271422,0.664955,0.019785,-0.591292,-1.984281,0.956046,3.561017,1.500666,-0.206017,0.507017,0.212162,0.083911,0.148785,0.643718,-0.382208
47.626946,-1.055961,0.798695,0.484102,0.524145,0.874419,1.133797,-0.563652,-0.169979,-0.702468,0.078779,0.450690,0.389755,0.752947,-0.271729,0.664750,0.020278,-0.591081,-1.984199,0.956195,3.561666,1.500277,-0.206470,0.501863,0.211370,0.082921,0.149581,0.647921,-0.385661
47.627910,-1.051213,0.794943,0.474219,0.523930,0.869097,1.133998,-0.563672,-0.178553,-0.699223,0.070617,0.454987,0.389913,0.756469,-0.272097,0.664539,0.020777,-0.590870,-1.984107,0.956340,3.562318,1.499891,-0.207139,0.499758,0.211062,0.085531,0.147368,0.650207,-0.386216
47.629016,-1.047196,0.798917,0.475561,0.524391,0.866185,1.132581,-0.562590,-0.180047,-0.677105,0.069788,0.451253,0.389967,0.758617,-0.272474,0.664324,0.021280,-0.590647,-1.984021,0.956499,3.562973,1.499495,-0.209321,0.501455,0.216082,0.085729,0.152452,0.649864,-0.386312
47.629977,-1.051723,0.795428,0.474375,0.523128,0.863870,1.131224,-0.561113,-0.178699,-0.644737,0.072016,0.442447,0.390187,0.759988,-0.272851,0.664110,0.021778,-0.590430,-1.983938,0.956662,3.563620,1.499103,-0.211479,0.500118,0.215847,0.085658,0.155186,0.651800,-0.388911
47.630915,-1.046374,0.791551,0.473951,0.525618,0.861930,1.130101,-0.561365,-0.176370,-0.608488,0.075311,0.431443,0.390566,0.760983,-0.273222,0.663905,0.022283,-0.590216,-1.983848,0.956826,3.564277,1.498702,-0.209066,0.501623,0.216567,0.086852,0.157140,0.653016,-0.391984
47.631973,-1.043720,0.798960,0.475731,0.525016,0.857440,1.134455,-0.559062,-0.175260,-0.575028,0.077365,0.421340,0.391069,0.761976,-0.273549,0.663685,0.022781,-0.589997,-1.983767,0.956985,3.564938,1.498311,-0.211459,0.503236,0.216766,0.084400,0.158735,0.653880,-0.391560
47.632892,-1.041910,0.806939,0.474423,0.528360,0.853415,1.132217,-0.555953,-0.173362,-0.546836,0.080176,0.414392,0.391300,0.763064,-0.273828,0.663470,0.023278,-0.589779,-1.983678,0.957155,3.565580,1.497905,-0.212793,0.499895,0.216223,0.085188,0.162958,0.649818,-0.396485
47.633922,-1.041158,0.806874,0.478700,0.526196,0.851742,1.135311,-0.557269,-0.149651,-0.479687,0.105986,0.401812,0.389466,0.763356,-0.274379,0.663038,0.024262,-0.589351,-1.983514,0.957502,3.566882,1.497086,-0.213672,0.495912,0.215036,0.084278,0.167756,0.648875,-0.400207
47.634964,-1.038910,0.807385,0.473080,0.522575,0.849265,1.137358,-0.556885,-0.149651,-0.479687,0.105986,0.401812,0.389466,0.763356,-0.274379,0.663038,0.024262,-0.589351,-1.983514,0.957502,3.566882,1.497086,-0.213672,0.495912,0.215036,0.084278,0.167756,0.648875,-0.400207
47.635927,-1.037479,0.804850,0.470868,0.523100,0.847004,1.141582,-0.555592,-0.128480,-0.436503,0.128374,0.392308,0.387636,0.761999,-0.274603,0.662823,0.024764,-0.589130,-1.983420,0.957674,3.567530,1.496681,-0.214784,0.495903,0.218153,0.087904,0.169906,0.647077,-0.401252
47.636888,-1.040565,0.799306,0.471118,0.521331,0.843572,1.144619,-0.555796,-0.107634,-0.392256,0.150557,0.379768,0.385954,0.759907,-0.274759,0.662606,0.025258,-0.588908,-1.983335,0.957849,3.568175,1.496268,-0.215256,0.497061,0.219273,0.087377,0.171698,0.642773,-0.403929
47.638023,-1.044812,0.795888,0.474810,0.519196,0.842127,1.146552,-0.556829,-0.092214,-0.354557,0.167331,0.367116,0.384782,0.757637,-0.274821,0.662400,0.025766,-0.588687,-1.983242,0.958032,3.568804,1.495867,-0.213584,0.499540,0.219174,0.089021,0.174589,0.639780,-0.403606
47.639008,-1.040804,0.795480,0.468601,0.520054,0.836825,1.148273,-0.556161,-0.085208,-0.329473,0.175571,0.356775,0.384287,0.755653,-0.274744,0.662191,0.026267,-0.588473,-1.983148,0.958211,3.569446,1.495471,-0.211736,0.502073,0.217924,0.091340,0.175738,0.638506,-0.401971
47.639924,-1.041782,0.795254,0.464069,0.520371,0.834425,1.150800,-0.555434,-0.087155,-0.318234,0.174742,0.349192,0.384457,0.754076,-0.274534,0.661973,0.026773,-0.588246,-1.983060,0.958400,3.570073,1.495060,-0.213582,0.502123,0.221100,0.090457,0.180500,0.636923,-0.403453
47.641040,-1.046996,0.798442,0.469203,0.518537,0.832745,1.151910,-0.555972,-0.097580,-0.318699,0.165436,0.344435,0.385141,0.752855,-0.274272,0.661760,0.027279,-0.588019,-1.982971,0.958582,3.570706,1.494652,-0.212768,0.501682,0.223204,0.089986,0.182267,0.634210,-0.404917
47.642016,-1.045849,0.796265,0.467144,0.518434,0.831963,1.154123,-0.556230,-0.115675,-0.325993,0.148517,0.340750,0.386307,0.751778,-0.274031,0.661551,0.027776,-0.587802,-1.982875,0.958767,3.571339,1.494250,-0.210380,0.500846,0.221108,0.091954,0.183585,0.633744,-0.404205
47.642915,-1.042531,0.798763,0.462611,0.517309,0.830910,1.153982,-0.554876,-0.138875,-0.335024,0.126521,0.335707,0.387915,0.750569,-0.273817,0.661342,0.028282,-0.587575,-1.982782,0.958953,3.571963,1.493852,-0.210878,0.501759,0.222178,0.091919,0.183799,0.631636,-0.403849
47.643977,-1.041685,0.795117,0.464828,0.517839,0.831107,1.158149,-0.554642,-0.164552,-0.342857,0.102106,0.328341,0.389908,0.749095,-0.273626,0.661125,0.028773,-0.587348,-1.982685,0.959140,3.572599,1.493439,-0.212152,0.500010,0.224247,0.092659,0.184174,0.631545,-0.406542
47.644957,-1.049465,0.792240,0.462247,0.515819,0.829977,1.155765,-0.554780,-0.190444,-0.348418,0.077524,0.318949,0.392207,0.747386,-0.273447,0.660911,0.029279,-0.587125,-1.982593,0.959318,3.573221,1.493036,-0.212603,0.502197,0.223397,0.092184,0.183602,0.627815,-0.407280
47.645919,-1.043752,0.790909,0.461894,0.514801,0.827244,1.157321,-0.555081,-0.217722,-0.354594,0.051515,0.308938,0.394940,0.745719,-0.273218,0.660710,0.029789,-0.586896,-1.982495,0.959503,3.573861,1.492628,-0.208662,0.503407,0.224707,0.094007,0.184206,0.630301,-0.407112
47.646947,-1.043681,0.795659,0.456233,0.515696,0.823540,1.156108,-0.555485,-0.248879,-0.363476,0.021585,0.298643,0.398343,0.744236,-0.272909,0.660492,0.030290,-0.586672,-1.982397,0.959691,3.574481,1.492220,-0.211342,0.503856,0.224873,0.094724,0.186352,0.628795,-0.406597
47.647973,-1.044213,0.795743,0.460669,0.515377,0.822224,1.157603,-0.556028,-0.281523,-0.371870,-0.009797,0.287236,0.402188,0.742713,-0.272556,0.660282,0.030789,-0.586436,-1.982305,0.959888,3.575105,1.491818,-0.211359,0.501654,0.227779,0.093811,0.189469,0.630366,-0.406020
47.648939,-1.045238,0.800147,0.462535,0.516193,0.822558,1.155050,-0.555702,-0.312400,-0.376025,-0.039346,0.274372,0.406062,0.740931,-0.272207,0.660072,0.031295,-0.586217,-1.982209,0.960082,3.575730,1.491412,-0.211086,0.501747,0.225752,0.094053,0.190188,0.629155,-0.405138
47.649974,-1.039598,0.801896,0.458654,0.515121,0.822889,1.155210,-0.555698,-0.338629,-0.373444,-0.064248,0.259975,0.409608,0.738747,-0.271902,0.659861,0.031785,-0.585994,-1.982114,0.960268,3.576367,1.491002,-0.210409,0.499465,0.224852,0.093036,0.189264,0.631751,-0.405896
47.650987,-1.038728,0.797479,0.456693,0.515146,0.820617,1.155850,-0.555538,-0.357774,-0.361924,-0.082071,0.243598,0.412611,0.736004,-0.271667,0.659644,0.032284,-0.585762,-1.982017,0.960461,3.576992,1.490600,-0.213210,0.498850,0.226934,0.094025,0.188383,0.631916,-0.406141
47.651973,-1.037859,0.803708,0.459757,0.516441,0.821296,1.153770,-0.556133,-0.370876,-0.344079,-0.093841,0.226208,0.415101,0.732906,-0.271495,0.659428,0.032784,-0.585531,-1.981922,0.960654,3.577624,1.490190,-0.213513,0.501195,0.227974,0.093891,0.190097,0.631488,-0.406635
47.652977,-1.043831,0.802909,0.463668,0.515691,0.819851,1.151308,-0.556722,-0.379111,-0.324099,-0.100841,0.209918,0.417010,0.729788,-0.271354,0.659217,0.033277,-0.585306,-1.981833,0.960840,3.578254,1.489787,-0.213847,0.498055,0.226477,0.092586,0.188846,0.633719,-0.405585
47.653928,-1.039577,0.804336,0.455528,0.516323,0.818287,1.147369,-0.558233,-0.382105,-0.301377,-0.102788,0.194840,0.418241,0.726615,-0.271216,0.659010,0.033776,-0.585087,-1.981738,0.961028,3.578893,1.489385,-0.210810,0.498551,0.224687,0.093224,0.189763,0.636320,-0.404593
47.654972,-1.042314,0.805169,0.458050,0.515402,0.817695,1.145825,-0.559597,-0.382498,-0.276681,-0.102249,0.180783,0.418999,0.723424,-0.271050,0.658793,0.034263,-0.584848,-1.981645,0.961218,3.579545,1.488989,-0.212724,0.497716,0.228621,0.092397,0.190703,0.640133,-0.401670
47.655995,-1.049492,0.806327,0.458819,0.516260,0.818039,1.144296,-0.560299,-0.383820,-0.252507,-0.102637,0.168144,0.419546,0.720391,-0.270839,0.658585,0.034762,-0.584622,-1.981550,0.961408,3.580185,1.488597,-0.211388,0.497598,0.227517,0.093316,0.190774,0.641951,-0.399246
47.656976,-1.053921,0.805289,0.457447,0.514054,0.818231,1.141923,-0.559765,-0.388264,-0.230448,-0.106148,0.157085,0.420086,0.717643,-0.270614,0.658384,0.035254,-0.584398,-1.981458,0.961597,3.580834,1.488201,-0.207876,0.497278,0.227309,0.092446,0.189889,0.643632,-0.398100
47.658035,-1.053396,0.806106,0.456404,0.513093,0.816711,1.141218,-0.559756,-0.399503,-0.212894,-0.116466,0.147676,0.420984,0.715331,-0.270442,0.658184,0.035755,-0.584168,-1.981360,0.961785,3.581481,1.487797,-0.205692,0.497704,0.227984,0.094439,0.189124,0.646015,-0.399330
47.659044,-1.058510,0.809791,0.456926,0.514241,0.816539,1.140310,-0.559662,-0.419005,-0.200793,-0.135000,0.139256,0.422433,0.713452,-0.270382,0.657976,0.036256,-0.583937,-1.981262,0.961976,3.582136,1.487400,-0.206086,0.497669,0.228698,0.095325,0.190165,0.646967,-0.399642
47.659966,-1.055230,0.811953,0.454426,0.513113,0.816607,1.137896,-0.559099,-0.444476,-0.193003,-0.159439,0.131464,0.424208,0.711874,-0.270472,0.657775,0.036744,-0.583709,-1.981170,0.962165,3.582797,1.486999,-0.203569,0.496029,0.228523,0.094123,0.189773,0.647906,-0.400033
47.660918,-1.060297,0.807589,0.451992,0.512448,0.813055,1.135735,-0.558505,-0.472759,-0.186894,-0.186630,0.124025,0.426021,0.710391,-0.270729,0.657570,0.037237,-0.583476,-1.981074,0.962353,3.583450,1.486599,-0.205047,0.494581,0.229563,0.094942,0.189059,0.650065,-0.401214
47.662143,-1.061313,0.809707,0.456457,0.513118,0.812661,1.136388,-0.559166,-0.502555,-0.182052,-0.215328,0.116921,0.427790,0.708915,-0.271132,0.657371,0.037742,-0.583245,-1.980978,0.962552,3.584110,1.486193,-0.202437,0.496478,0.230674,0.095363,0.191919,0.652039,-0.402482
47.662945,-1.061507,0.801731,0.452632,0.511014,0.814582,1.139776,-0.558971,-0.534081,-0.182082,-0.245910,0.111835,0.429477,0.707641,-0.271620,0.657167,0.038239,-0.583017,-1.980883,0.962742,3.584769,1.485797,-0.202510,0.496821,0.229109,0.095029,0.192020,0.652262,-0.401749
47.663894,-1.063799,0.795854,0.452206,0.510479,0.813111,1.138905,-0.558225,-0.566547,-0.190331,-0.277726,0.110443,0.430996,0.706850,-0.272118,0.656967,0.038749,-0.582786,-1.980783,0.962929,3.585409,1.485392,-0.201978,0.499553,0.230518,0.096493,0.189270,0.648163,-0.401962
47.664917,-1.065726,0.795153,0.454289,0.510064,0.812216,1.139037,-0.558029,-0.601103,-0.210370,-0.311985,0.113762,0.432491,0.706911,-0.272571,0.656769,0.039252,-0.582558,-1.980686,0.963121,3.586062,1.484982,-0.200785,0.502166,0.230638,0.096740,0.190121,0.648922,-0.403522
47.666011,-1.061539,0.787617,0.455252,0.509906,0.813589,1.140247,-0.560004,-0.638385,-0.243261,-0.349345,0.121971,0.434020,0.707951,-0.272976,0.656572,0.039761,-0.582329,-1.980592,0.963308,3.586716,1.484579,-0.199971,0.502555,0.229706,0.097099,0.190501,0.648914,-0.404124
47.667004,-1.059189,0.784112,0.459107,0.510321,0.813779,1.143820,-0.559764,-0.674772,-0.286851,-0.386231,0.134716,0.435264,0.709829,-0.273338,0.656366,0.040280,-0.582104,-1.980495,0.963495,3.587356,1.484180,-0.202314,0.506723,0.229587,0.097272,0.188691,0.648184,-0.400495
47.667994,-1.061197,0.783430,0.454665,0.511613,0.813480,1.143910,-0.559650,-0.705117,-0.340283,-0.417643,0.152641,0.435759,0.712518,-0.273636,0.656158,0.040789,-0.581878,-1.980398,0.963680,3.587992,1.483776,-0.203428,0.508322,0.227708,0.096668,0.187984,0.644701,-0.401174
47.669044,-1.059339,0.782656,0.461538,0.511953,0.813249,1.146853,-0.559150,-0.727858,-0.401641,-0.442049,0.175553,0.435400,0.715943,-0.273894,0.655960,0.041300,-0.581645,-1.980306,0.963867,3.588624,1.483375,-0.202458,0.508486,0.229940,0.095301,0.187740,0.644774,-0.401567
47.669921,-1.054511,0.777065,0.460594,0.513210,0.815875,1.150285,-0.560072,-0.743887,-0.466495,-0.460218,0.201569,0.434394,0.719849,-0.274141,0.655753,0.041807,-0.581423,-1.980211,0.964056,3.589259,1.482967,-0.203498,0.509120,0.226728,0.094956,0.187480,0.642159,-0.402821
47.671039,-1.049952,0.778664,0.458908,0.514591,0.815191,1.152977,-0.562082,-0.750688,-0.531080,-0.469623,0.229508,0.432676,0.724059,-0.274348,0.655545,0.042326,-0.581195,-1.980123,0.964229,3.589882,1.482571,-0.205588,0.510987,0.226952,0.093459,0.184264,0.638446,-0.400932
47.671979,-1.051738,0.779785,0.461343,0.510971,0.809912,1.155013,-0.561097,-0.746538,-0.593752,-0.468529,0.259160,0.430233,0.728574,-0.274469,0.655329,0.042842,-0.580967,-1.980032,0.964412,3.590512,1.482176,-0.208032,0.510708,0.228193,0.092305,0.184644,0.636419,-0.397315
47.672928,-1.053885,0.779327,0.462442,0.510921,0.811594,1.155021,-0.561892,-0.732646,-0.650202,-0.457978,0.287747,0.427393,0.733180,-0.274539,0.655124,0.043345,-0.580739,-1.979927,0.964612,3.591143,1.481771,-0.206951,0.509765,0.226851,0.095493,0.189218,0.634320,-0.399403
47.673917,-1.048214,0.778191,0.462806,0.511927,0.809093,1.156899,-0.562311,-0.711500,-0.694675,-0.440223,0.310807,0.424617,0.737495,-0.274615,0.654920,0.043857,-0.580512,-1.979834,0.964791,3.591766,1.481382,-0.205764,0.509575,0.226238,0.095320,0.186944,0.634353,-0.397917
47.675020,-1.047363,0.780773,0.461371,0.512336,0.808228,1.158142,-0.559850,-0.685043,-0.726645,-0.417078,0.327764,0.422021,0.741464,-0.274712,0.654708,0.044363,-0.580289,-1.979744,0.964981,3.592395,1.480981,-0.208517,0.510038,0.226147,0.094268,0.188900,0.632595,-0.397252
47.675945,-1.047777,0.779418,0.469537,0.510729,0.810153,1.156382,-0.557734,-0.653296,-0.748242,-0.388544,0.340717,0.419361,0.745206,-0.274855,0.654496,0.044872,-0.580061,-1.979651,0.965170,3.593018,1.480572,-0.209093,0.509275,0.227234,0.094020,0.189328,0.631999,-0.402569
47.677111,-1.049272,0.786739,0.470506,0.513567,0.812449,1.156673,-0.559003,-0.615986,-0.759481,-0.354343,0.349953,0.416502,0.748631,-0.275071,0.654289,0.045385,-0.579843,-1.979553,0.965351,3.593652,1.480151,-0.208671,0.509386,0.223071,0.095273,0.186798,0.633639,-0.406762
47.678073,-1.047287,0.785853,0.471134,0.515370,0.812352,1.159949,-0.558068,-0.572796,-0.758886,-0.314129,0.354818,0.413391,0.751475,-0.275340,0.654079,0.045885,-0.579622,-1.979463,0.965524,3.594289,1.479749,-0.208259,0.506723,0.223235,0.092751,0.184322,0.634129,-0.404639
47.678965,-1.047584,0.787877,0.466153,0.515125,0.812811,1.159864,-0.555550,-0.525270,-0.747751,-0.269357,0.356749,0.409973,0.753728,-0.275635,0.653869,0.046393,-0.579398,-1.979375,0.965708,3.594910,1.479343,-0.209112,0.506885,0.222919,0.090926,0.183888,0.630899,-0.406644
47.679902,-1.046686,0.788149,0.472158,0.517015,0.813812,1.160385,-0.554278,-0.477595,-0.730002,-0.224088,0.357751,0.406396,0.755648,-0.275952,0.653658,0.046895,-0.579174,-1.979285,0.965890,3.595539,1.478914,-0.208608,0.505210,0.225236,0.090937,0.182791,0.630773,-0.411591
47.681026,-1.050108,0.793442,0.472826,0.515543,0.816241,1.158478,-0.555016,-0.432333,-0.707762,-0.180835,0.358426,0.402800,0.757352,-0.276294,0.653446,0.047392,-0.578954,-1.979196,0.966063,3.596173,1.478501,-0.208829,0.504763,0.222170,0.088919,0.181304,0.630152,-0.414137
47.682030,-1.047961,0.796030,0.475269,0.517315,0.817042,1.161446,-0.552552,-0.388796,-0.680398,-0.138950,0.358223,0.399159,0.758730,-0.276631,0.653241,0.047893,-0.578731,-1.979101,0.966236,3.596806,1.478088,-0.207407,0.502866,0.222333,0.090583,0.178626,0.632747,-0.412981
47.682929,-1.050933,0.793997,0.473048,0.516300,0.818738,1.159259,-0.552074,-0.346499,-0.646649,-0.097943,0.355937,0.395549,0.759664,-0.276951,0.653030,0.048386,-0.578513,-1.979016,0.966411,3.597436,1.477653,-0.208440,0.501715,0.221291,0.088892,0.177424,0.629919,-0.418023
47.684010,-1.047840,0.797210,0.479592,0.518517,0.819935,1.158377,-0.552853,-0.306923,-0.608603,-0.059321,0.351985,0.392128,0.760326,-0.277281,0.652826,0.048890,-0.578286,-1.978927,0.966583,3.598065,1.477234,-0.206689,0.502124,0.222221,0.089736,0.175203,0.631943,-0.418873
47.684931,-1.048035,0.800568,0.483844,0.518011,0.822205,1.154981,-0.553022,-0.270462,-0.569608,-0.023619,0.347869,0.388866,0.760922,-0.277632,0.652614,0.049391,-0.578074,-1.978843,0.966754,3.598708,1.476817,-0.208375,0.500995,0.219380,0.087792,0.173745,0.633236,-0.417558
47.685942,-1.044662,0.801896,0.484820,0.520277,0.821580,1.154993,-0.550606,-0.232669,-0.528308,0.013423,0.343692,0.385364,0.761271,-0.277994,0.652403,0.049881,-0.577859,-1.978754,0.966915,3.599361,1.476397,-0.207998,0.498978,0.217258,0.088175,0.171072,0.636383,-0.417193
47.687131,-1.044281,0.803764,0.485867,0.520477,0.823677,1.152909,-0.551017,-0.189782,-0.482649,0.055446,0.339109,0.381290,0.761190,-0.278384,0.652192,0.050381,-0.577641,-1.978672,0.967088,3.599998,1.475966,-0.209653,0.498423,0.217008,0.086095,0.171351,0.636523,-0.422164
47.687958,-1.046490,0.807838,0.485375,0.520855,0.825595,1.148965,-0.552330,-0.143039,-0.435242,0.101197,0.335090,0.376675,0.760888,-0.278793,0.651980,0.050874,-0.577425,-1.978585,0.967255,3.600647,1.475545,-0.210212,0.498748,0.217227,0.086409,0.169144,0.639452,-0.421732
47.688935,-1.048668,0.806310,0.485295,0.519297,0.823312,1.144264,-0.553306,-0.096326,-0.387991,0.146928,0.331265,0.371884,0.760520,-0.279157,0.651776,0.051368,-0.577207,-1.978501,0.967415,3.601293,1.475136,-0.208674,0.495734,0.217161,0.085791,0.166722,0.642795,-0.418925
47.689939,-1.046483,0.804350,0.485555,0.519841,0.824601,1.142898,-0.553100,-0.054262,-0.340130,0.188254,0.325349,0.367470,0.760041,-0.279446,0.651570,0.051869,-0.576990,-1.978413,0.967587,3.601955,1.474720,-0.207519,0.496407,0.217333,0.087368,0.168633,0.647404,-0.417064
47.691017,-1.047412,0.808245,0.491196,0.519420,0.828564,1.136647,-0.554500,-0.019378,-0.293981,0.222665,0.317197,0.363697,0.759620,-0.279686,0.651358,0.052365,-0.576771,-1.978329,0.967753,3.602616,1.474297,-0.208551,0.497489,0.217386,0.086951,0.166984,0.648748,-0.417605
47.692016,-1.046122,0.803025,0.488842,0.518190,0.830615,1.132919,-0.555543,0.010119,-0.251086,0.251844,0.307503,0.360428,0.759314,-0.279891,0.651151,0.052864,-0.576559,-1.978243,0.967904,3.603291,1.473892,-0.208237,0.496017,0.215014,0.087624,0.162923,0.655273,-0.415081
47.692917,-1.042871,0.801443,0.488031,0.519582,0.831765,1.131544,-0.552992,0.036292,-0.210707,0.277857,0.295772,0.357589,0.758893,-0.280065,0.650942,0.053364,-0.576343,-1.978153,0.968059,3.603950,1.473483,-0.208843,0.498696,0.216432,0.088873,0.160666,0.658976,-0.413152
47.693986,-1.045403,0.799165,0.491942,0.517433,0.834450,1.135950,-0.554407,0.058188,-0.175749,0.299750,0.283135,0.355253,0.758351,-0.280261,0.650732,0.053864,-0.576126,-1.978067,0.968213,3.604613,1.473052,-0.210167,0.498887,0.216746,0.087323,0.159183,0.659910,-0.418211
47.695024,-1.046405,0.794720,0.493844,0.520208,0.839058,1.136847,-0.556850,0.075415,-0.148746,0.317044,0.271058,0.353414,0.757810,-0.280523,0.650523,0.054373,-0.575913,-1.977975,0.968363,3.605253,1.472641,-0.209002,0.500377,0.215205,0.089596,0.156417,0.655844,-0.415574
47.695936,-1.044864,0.790729,0.492231,0.518987,0.839649,1.138855,-0.557348,0.087622,-0.131514,0.329313,0.260565,0.352103,0.757440,-0.280791,0.650315,0.054876,-0.575700,-1.977893,0.968505,3.605906,1.472239,-0.208562,0.502829,0.214610,0.087059,0.151749,0.655174,-0.410915
47.696919,-1.045374,0.789748,0.497463,0.521675,0.839709,1.141422,-0.556655,0.093633,-0.127048,0.335349,0.253528,0.351366,0.757461,-0.281000,0.650107,0.055388,-0.575483,-1.977801,0.968654,3.606547,1.471835,-0.209083,0.504163,0.215373,0.088067,0.150923,0.652920,-0.409971
47.698002,-1.050437,0.795477,0.499853,0.521740,0.844240,1.145417,-0.558053,0.094882,-0.134548,0.336528,0.250596,0.351049,0.757847,-0.281148,0.649901,0.055897,-0.575276,-1.977721,0.968802,3.607195,1.471420,-0.208762,0.504452,0.212997,0.085539,0.150693,0.650353,-0.411480
47.698928,-1.049248,0.798849,0.498424,0.521680,0.849140,1.148104,-0.560799,0.093999,-0.148589,0.335477,0.250233,0.351012,0.758309,-0.281231,0.649696,0.056390,-0.575065,-1.977635,0.968939,3.607838,1.471015,-0.206416,0.502184,0.212317,0.085772,0.146197,0.646781,-0.408963
47.699922,-1.048216,0.800855,0.495125,0.521341,0.850643,1.151594,-0.560383,0.091160,-0.161375,0.332658,0.248588,0.351507,0.758392,-0.281231,0.649490,0.056888,-0.574849,-1.977550,0.969070,3.608470,1.470628,-0.206847,0.500096,0.213037,0.085785,0.141214,0.643971,-0.403548
47.701072,-1.051711,0.806832,0.506720,0.521843,0.850664,1.155668,-0.560539,0.085566,-0.167521,0.327570,0.242483,0.352852,0.757780,-0.281181,0.649283,0.057381,-0.574635,-1.977462,0.969206,3.609105,1.470220,-0.207325,0.499180,0.214919,0.086160,0.139706,0.640604,-0.404589
47.702059,-1.053305,0.801025,0.498577,0.519588,0.851335,1.160597,-0.564343,0.079633,-0.164684,0.322568,0.231407,0.354873,0.756363,-0.281142,0.649083,0.057878,-0.574435,-1.977376,0.969341,3.609734,1.469818,-0.205976,0.497142,0.209860,0.086072,0.139884,0.637308,-0.404718
47.702937,-1.051949,0.797422,0.500446,0.520954,0.851951,1.161795,-0.565744,0.074333,-0.154596,0.318459,0.216500,0.357379,0.754323,-0.281106,0.648878,0.058384,-0.574214,-1.977283,0.969480,3.610360,1.469436,-0.205157,0.499974,0.214141,0.088236,0.139139,0.632521,-0.397271
47.704026,-1.056445,0.800629,0.499360,0.521828,0.848863,1.162419,-0.565125,0.065231,-0.145483,0.310746,0.201109,0.360485,0.752255,-0.281008,0.648671,0.058881,-0.574003,-1.977197,0.969615,3.610994,1.469044,-0.205517,0.501080,0.213077,0.086676,0.138337,0.631024,-0.394518
47.704939,-1.054104,0.804728,0.503776,0.523804,0.849124,1.164545,-0.565726,0.050519,-0.142689,0.297520,0.188517,0.363990,0.750491,-0.280848,0.648474,0.059383,-0.573787,-1.977112,0.969763,3.611623,1.468648,-0.203557,0.500001,0.214096,0.086118,0.141437,0.630953,-0.396166
47.706029,-1.054251,0.806383,0.504062,0.526037,0.851929,1.165140,-0.567663,0.033667,-0.143274,0.282172,0.179159,0.367329,0.748807,-0.280658,0.648268,0.059870,-0.573582,-1.977032,0.969902,3.612267,1.468252,-0.204528,0.497592,0.211946,0.084178,0.140969,0.628555,-0.394981
47.706920,-1.054095,0.806864,0.508131,0.525271,0.851683,1.165939,-0.568984,0.019622,-0.143178,0.269582,0.172821,0.369914,0.746916,-0.280416,0.648060,0.060371,-0.573368,-1.976956,0.970033,3.612882,1.467872,-0.204640,0.497341,0.212314,0.082459,0.138283,0.628612,-0.391514
47.707924,-1.053811,0.809409,0.507117,0.524589,0.852343,1.166700,-0.566163,0.011026,-0.141377,0.262331,0.169546,0.371488,0.744694,-0.280132,0.647858,0.060868,-0.573160,-1.976870,0.970172,3.613512,1.467486,-0.204472,0.496505,0.210250,0.083129,0.138355,0.627551,-0.388932
47.708910,-1.058569,0.810156,0.510166,0.524038,0.853271,1.171570,-0.567374,0.007895,-0.136735,0.260489,0.167790,0.372223,0.742016,-0.279921,0.647652,0.061356,-0.572951,-1.976785,0.970307,3.614145,1.467078,-0.204623,0.495413,0.211090,0.083924,0.137667,0.626972,-0.394821
47.709911,-1.054319,0.807369,0.506989,0.523977,0.852541,1.169993,-0.570016,0.007903,-0.128775,0.261843,0.165799,0.372529,0.738925,-0.279847,0.647458,0.061852,-0.572744,-1.976701,0.970441,3.614762,1.466692,-0.202304,0.495033,0.209813,0.084580,0.136708,0.622266,-0.392538
47.710994,-1.057767,0.816001,0.505967,0.523294,0.850364,1.169086,-0.569066,0.007766,-0.120636,0.263146,0.163962,0.372746,0.735771,-0.279841,0.647248,0.062355,-0.572532,-1.976614,0.970579,3.615390,1.466311,-0.204418,0.496441,0.211688,0.084715,0.137410,0.624100,-0.387495
47.711953,-1.056417,0.807876,0.507997,0.525223,0.850081,1.167051,-0.567540,0.005924,-0.113443,0.262917,0.162268,0.373029,0.732686,-0.279870,0.647045,0.062842,-0.572318,-1.976528,0.970721,3.616028,1.465921,-0.202885,0.492765,0.212658,0.085673,0.139625,0.625468,-0.389842
47.712948,-1.059160,0.799207,0.510722,0.526524,0.850901,1.168740,-0.570027,0.001939,-0.107484,0.260712,0.160847,0.373394,0.729699,-0.279955,0.646842,0.063347,-0.572106,-1.976449,0.970864,3.616654,1.465521,-0.203508,0.496615,0.211761,0.083883,0.139735,0.627549,-0.393017
47.713935,-1.055240,0.802677,0.510666,0.524395,0.849237,1.168205,-0.571187,-0.004586,-0.111615,0.255691,0.164618,0.373598,0.727451,-0.280025,0.646644,0.063852,-0.571901,-1.976369,0.971000,3.617284,1.465136,-0.202182,0.500890,0.210722,0.082822,0.138868,0.625983,-0.388203
47.715054,-1.057236,0.806153,0.513449,0.527328,0.848595,1.166183,-0.570673,-0.012965,-0.130791,0.248265,0.175921,0.373473,0.726340,-0.279988,0.646436,0.064350,-0.571691,-1.976280,0.971143,3.617905,1.464756,-0.204106,0.499068,0.210998,0.084971,0.140446,0.626723,-0.386156
47.715982,-1.058033,0.803642,0.517589,0.525162,0.850956,1.164050,-0.570410,-0.019987,-0.157054,0.241851,0.190651,0.372977,0.725848,-0.279872,0.646232,0.064850,-0.571483,-1.976200,0.971290,3.618545,1.464365,-0.203383,0.498077,0.210233,0.082478,0.141104,0.629359,-0.387658
47.716917,-1.056564,0.805098,0.518519,0.524950,0.853259,1.164996,-0.570378,-0.023456,-0.183565,0.238801,0.205540,0.372121,0.725502,-0.279744,0.646030,0.065348,-0.571279,-1.976111,0.971424,3.619189,1.463973,-0.202848,0.498978,0.208301,0.084572,0.138602,0.631297,-0.388269
47.718147,-1.052833,0.805841,0.517240,0.525547,0.852798,1.160473,-0.570856,-0.023004,-0.207325,0.239549,0.218359,0.371117,0.725157,-0.279610,0.645827,0.065846,-0.571071,-1.976030,0.971556,3.619823,1.463584,-0.203448,0.497872,0.207966,0.084816,0.136231,0.630214,-0.388444
47.718967,-1.059515,0.797653,0.519113,0.525157,0.850197,1.157165,-0.570012,-0.018398,-0.226430,0.244402,0.227678,0.370156,0.724742,-0.279467,0.645617,0.066344,-0.570858,-1.975944,0.971696,3.620460,1.463199,-0.205833,0.498958,0.209512,0.084811,0.136961,0.635852,-0.388141
47.719919,-1.061828,0.787246,0.520854,0.523748,0.847913,1.155649,-0.571016,-0.012447,-0.244408,0.250515,0.235061,0.369441,0.724447,-0.279350,0.645423,0.066856,-0.570651,-1.975860,0.971838,3.621094,1.462811,-0.202128,0.501869,0.208362,0.084957,0.139248,0.638573,-0.389765
47.720920,-1.061926,0.784268,0.518971,0.524579,0.848041,1.156170,-0.571403,-0.010985,-0.269482,0.251914,0.243636,0.369272,0.724791,-0.279282,0.645226,0.067377,-0.570447,-1.975772,0.971987,3.621739,1.462428,-0.200974,0.506583,0.207708,0.086311,0.141310,0.639978,-0.387893
47.721954,-1.063016,0.783209,0.518791,0.525064,0.847113,1.152101,-0.569942,-0.017464,-0.307372,0.245043,0.255640,0.369741,0.726217,-0.279244,0.645025,0.067884,-0.570235,-1.975687,0.972127,3.622380,1.462040,-0.200977,0.507988,0.208928,0.085576,0.141093,0.639559,-0.387368
47.723019,-1.066317,0.786229,0.522047,0.525810,0.846170,1.150232,-0.569924,-0.031497,-0.356619,0.230371,0.270921,0.370725,0.728652,-0.279236,0.644826,0.068396,-0.570023,-1.975602,0.972270,3.623023,1.461649,-0.200585,0.508596,0.209354,0.085303,0.141974,0.643912,-0.390617
47.723933,-1.061224,0.792023,0.526435,0.524790,0.847857,1.151435,-0.569807,-0.050502,-0.410381,0.210662,0.287165,0.372041,0.731554,-0.279272,0.644628,0.068900,-0.569820,-1.975518,0.972415,3.623672,1.461257,-0.199162,0.507436,0.208258,0.084817,0.142886,0.646084,-0.390959
47.724971,-1.061365,0.793190,0.523750,0.525777,0.851095,1.153880,-0.567723,-0.067860,-0.457582,0.192680,0.300282,0.373319,0.734121,-0.279347,0.644422,0.069400,-0.569617,-1.975430,0.972551,3.624317,1.460867,-0.201525,0.504023,0.206174,0.085708,0.141029,0.644589,-0.391267
47.726000,-1.059883,0.794584,0.525849,0.528064,0.849113,1.153944,-0.567937,-0.077463,-0.489273,0.182618,0.306991,0.374306,0.735813,-0.279448,0.644221,0.069906,-0.569404,-1.975347,0.972684,3.624947,1.460462,-0.201576,0.503661,0.207911,0.084955,0.137832,0.642473,-0.395714
47.726940,-1.058501,0.791653,0.524033,0.525498,0.849541,1.154137,-0.567182,-0.079729,-0.506525,0.180038,0.308603,0.375072,0.736747,-0.279564,0.644016,0.070403,-0.569201,-1.975266,0.972828,3.625588,1.460062,-0.202394,0.503190,0.207276,0.082937,0.139797,0.642656,-0.395478
47.727979,-1.060172,0.786644,0.528550,0.526338,0.848464,1.160037,-0.567007,-0.076929,-0.514219,0.182580,0.307849,0.375700,0.737197,-0.279665,0.643813,0.070913,-0.568990,-1.975175,0.972965,3.626232,1.459667,-0.202949,0.504215,0.208301,0.085398,0.139228,0.642317,-0.397107
47.729007,-1.057889,0.783944,0.527950,0.526185,0.847996,1.162903,-0.565515,-0.071132,-0.517543,0.188057,0.306590,0.376257,0.737487,-0.279710,0.643610,0.071427,-0.568790,-1.975091,0.973107,3.626856,1.459265,-0.202226,0.506827,0.206522,0.084748,0.140284,0.636736,-0.397697
47.729909,-1.056906,0.790128,0.529638,0.526249,0.848279,1.164839,-0.563897,-0.064126,-0.523098,0.194451,0.307779,0.376675,0.738087,-0.279679,0.643405,0.071931,-0.568582,-1.975003,0.973244,3.627484,1.458854,-0.203445,0.508313,0.207221,0.085006,0.140743,0.634201,-0.400902
47.731031,-1.057814,0.792581,0.536580,0.526358,0.849945,1.168516,-0.564951,-0.055090,-0.530388,0.202560,0.311672,0.376759,0.738933,-0.279589,0.643204,0.072429,-0.568375,-1.974916,0.973384,3.628106,1.458446,-0.203736,0.504622,0.206400,0.084793,0.140249,0.632111,-0.404120
47.732019,-1.048824,0.801001,0.536490,0.526519,0.850207,1.173770,-0.565045,-0.041023,-0.532015,0.215586,0.315227,0.376299,0.739485,-0.279452,0.642999,0.072927,-0.568180,-1.974831,0.973519,3.628732,1.458045,-0.203580,0.504225,0.203719,0.085083,0.138720,0.629113,-0.402365
47.732991,-1.045304,0.804056,0.535159,0.526765,0.851051,1.175799,-0.564344,-0.017403,-0.521613,0.238157,0.316142,0.374953,0.739355,-0.279275,0.642787,0.073420,-0.567974,-1.974748,0.973656,3.629348,1.457643,-0.207999,0.500011,0.204079,0.085040,0.138414,0.624052,-0.402350
47.733909,-1.046682,0.813439,0.539101,0.526296,0.850380,1.178042,-0.564502,0.018663,-0.495448,0.273221,0.313235,0.372525,0.738368,-0.279102,0.642574,0.073918,-0.567771,-1.974662,0.973793,3.629967,1.457233,-0.209561,0.498389,0.205030,0.084823,0.137492,0.622191,-0.403866
47.734920,-1.045669,0.811396,0.541788,0.525876,0.849795,1.179162,-0.565358,0.065327,-0.452100,0.319036,0.305571,0.369260,0.736445,-0.278955,0.642365,0.074396,-0.567570,-1.974574,0.973934,3.630589,1.456829,-0.208596,0.493461,0.203191,0.085176,0.137992,0.619847,-0.403560
47.735909,-1.047460,0.809256,0.536799,0.525306,0.846571,1.183614,-0.565088,0.118881,-0.393519,0.371974,0.293236,0.365530,0.733710,-0.278831,0.642155,0.074892,-0.567367,-1.974490,0.974071,3.631204,1.456433,-0.209087,0.494677,0.202248,0.085749,0.138556,0.619055,-0.402061
47.737022,-1.045483,0.806279,0.538831,0.526046,0.845599,1.181906,-0.563521,0.172736,-0.329405,0.425432,0.279488,0.361740,0.730864,-0.278740,0.641949,0.075385,-0.567159,-1.974402,0.974214,3.631818,1.456030,-0.208136,0.495787,0.205047,0.086334,0.141696,0.614802,-0.402776
47.738028,-1.047004,0.805673,0.539750,0.526784,0.846828,1.179953,-0.564890,0.219254,-0.272312,0.471685,0.268982,0.358240,0.728816,-0.278697,0.641739,0.075891,-0.566955,-1.974316,0.974356,3.632435,1.455621,-0.209361,0.497929,0.204673,0.085925,0.142703,0.617282,-0.406298
47.739008,-1.048760,0.808092,0.539685,0.525757,0.846314,1.179357,-0.565752,0.256431,-0.228528,0.508543,0.264445,0.354998,0.727923,-0.278686,0.641532,0.076394,-0.566750,-1.974229,0.974495,3.633064,1.455222,-0.208573,0.498243,0.204562,0.085274,0.141407,0.619444,-0.403700
47.739907,-1.050690,0.813248,0.542908,0.525761,0.847317,1.182440,-0.564122,0.284317,-0.197138,0.536098,0.264968,0.352037,0.727983,-0.278662,0.641323,0.076882,-0.566546,-1.974141,0.974636,3.633694,1.454823,-0.207597,0.497058,0.204895,0.086307,0.141826,0.620120,-0.402142
47.741041,-1.048158,0.814628,0.543540,0.526384,0.848360,1.181234,-0.564554,0.303445,-0.171634,0.555168,0.266567,0.349525,0.728526,-0.278630,0.641122,0.077373,-0.566345,-1.974053,0.974775,3.634308,1.454418,-0.206428,0.493993,0.203371,0.086119,0.140620,0.616877,-0.405440
47.742000,-1.046719,0.819707,0.538908,0.524188,0.848839,1.178718,-0.564403,0.316915,-0.146080,0.568954,0.266409,0.347371,0.729158,-0.278628,0.640912,0.077871,-0.566143,-1.973970,0.974912,3.634944,1.454014,-0.207980,0.494185,0.203818,0.085960,0.139722,0.618805,-0.404949
47.742964,-1.051279,0.811391,0.538137,0.523010,0.851477,1.177051,-0.564413,0.326526,-0.117814,0.579312,0.262970,0.345584,0.729608,-0.278661,0.640700,0.078356,-0.565931,-1.973880,0.975050,3.635576,1.453614,-0.208510,0.491583,0.206294,0.088073,0.139138,0.621342,-0.405376
47.743988,-1.054586,0.808407,0.541087,0.523423,0.850273,1.180069,-0.565808,0.328814,-0.088495,0.582904,0.255402,0.344666,0.729884,-0.278706,0.640501,0.078862,-0.565722,-1.973790,0.975183,3.636196,1.453208,-0.206175,0.495547,0.206861,0.089167,0.136435,0.623092,-0.405453
47.744999,-1.053768,0.804361,0.539476,0.525183,0.851401,1.176694,-0.565366,0.318994,-0.066305,0.574749,0.246532,0.345017,0.730571,-0.278750,0.640298,0.079356,-0.565520,-1.973701,0.975325,3.636821,1.452805,-0.204619,0.497251,0.205807,0.088811,0.137625,0.620337,-0.402856
47.745921,-1.051885,0.803236,0.537449,0.523361,0.850938,1.173429,-0.565427,0.297121,-0.058075,0.554521,0.240623,0.346439,0.732222,-0.278808,0.640096,0.079861,-0.565310,-1.973619,0.975458,3.637449,1.452404,-0.205111,0.499310,0.206940,0.087262,0.136488,0.624011,-0.403979
47.747142,-1.052128,0.804836,0.538072,0.523716,0.851512,1.168959,-0.565829,0.266413,-0.063101,0.525355,0.238577,0.348580,0.734782,-0.278914,0.639888,0.080366,-0.565102,-1.973528,0.975598,3.638089,1.452000,-0.205817,0.499350,0.208038,0.088902,0.136800,0.627085,-0.403881
47.747956,-1.051009,0.799877,0.540087,0.520758,0.852969,1.169477,-0.564852,0.230333,-0.075768,0.490879,0.237964,0.351254,0.737814,-0.279102,0.639681,0.080864,-0.564891,-1.973436,0.975733,3.638739,1.451593,-0.206210,0.499940,0.208605,0.088957,0.136491,0.632506,-0.403629
47.748969,-1.049012,0.794594,0.535302,0.522097,0.852770,1.164514,-0.565584,0.192408,-0.090953,0.454659,0.236320,0.354307,0.740980,-0.279379,0.639475,0.081370,-0.564684,-1.973340,0.975865,3.639372,1.451187,-0.206303,0.501256,0.207370,0.091389,0.134785,0.631352,-0.405435
47.749949,-1.052377,0.801295,0.534672,0.521647,0.852942,1.161758,-0.567269,0.154153,-0.108650,0.418051,0.233776,0.357651,0.744317,-0.279700,0.639266,0.081874,-0.564470,-1.973251,0.975998,3.640019,1.450787,-0.207291,0.503971,0.210064,0.090059,0.135021,0.636504,-0.404153
47.750937,-1.050923,0.799794,0.531940,0.521350,0.851113,1.156963,-0.569106,0.114315,-0.128702,0.379847,0.230742,0.361372,0.747782,-0.280003,0.639062,0.082374,-0.564257,-1.973159,0.976133,3.640657,1.450394,-0.205535,0.500470,0.210546,0.090431,0.134805,0.639295,-0.400944
47.752020,-1.050062,0.800809,0.537469,0.521866,0.852717,1.155408,-0.569001,0.072387,-0.146121,0.339831,0.225337,0.365599,0.750991,-0.280257,0.638857,0.082876,-0.564043,-1.973065,0.976273,3.641313,1.450006,-0.206264,0.501184,0.212125,0.090617,0.136563,0.644085,-0.397484
47.752932,-1.046303,0.800827,0.534614,0.521105,0.851098,1.148908,-0.571041,0.031555,-0.158105,0.301173,0.217193,0.370093,0.753724,-0.280456,0.638649,0.083371,-0.563837,-1.972974,0.976405,3.641968,1.449608,-0.206857,0.501259,0.209870,0.090240,0.135055,0.645967,-0.398078
47.753995,-1.041740,0.800674,0.531028,0.520117,0.848308,1.146926,-0.571687,-0.003207,-0.164124,0.268615,0.207482,0.374370,0.755856,-0.280604,0.638441,0.083874,-0.563621,-1.972881,0.976544,3.642622,1.449219,-0.208489,0.500704,0.211294,0.090748,0.136531,0.652194,-0.394025
47.755137,-1.046794,0.803967,0.530516,0.519145,0.847360,1.148434,-0.572573,-0.029949,-0.163533,0.244109,0.196451,0.378204,0.757179,-0.280714,0.638225,0.084369,-0.563401,-1.972785,0.976688,3.643281,1.448830,-0.210805,0.501251,0.213431,0.091731,0.139309,0.654392,-0.393109
47.755948,-1.042116,0.800807,0.531696,0.517824,0.845182,1.149147,-0.572659,-0.051509,-0.157720,0.224957,0.184131,0.381740,0.757676,-0.280806,0.638024,0.084870,-0.563184,-1.972692,0.976831,3.643939,1.448439,-0.208617,0.500468,0.214267,0.092923,0.140330,0.653433,-0.391816
47.756948,-1.038802,0.803813,0.530636,0.516798,0.842392,1.148096,-0.573243,-0.070388,-0.148163,0.208660,0.170657,0.385085,0.757451,-0.280916,0.637810,0.085376,-0.562971,-1.972597,0.976977,3.644580,1.448050,-0.210423,0.500871,0.213369,0.093713,0.142130,0.652080,-0.391546
47.757950,-1.036193,0.803493,0.528218,0.517188,0.840776,1.149886,-0.574041,-0.084155,-0.134546,0.197475,0.156450,0.387895,0.756463,-0.281063,0.637595,0.085867,-0.562755,-1.972499,0.977126,3.645236,1.447663,-0.211955,0.499486,0.214128,0.094535,0.144774,0.653178,-0.390614
47.759032,-1.042663,0.803817,0.528430,0.517117,0.839707,1.154673,-0.576023,-0.090910,-0.116985,0.193208,0.142336,0.389823,0.754650,-0.281227,0.637380,0.086368,-0.562534,-1.972407,0.977276,3.645880,1.447278,-0.213138,0.499681,0.215492,0.094092,0.146213,0.651466,-0.389266
47.759989,-1.043792,0.806032,0.526091,0.519613,0.838252,1.157324,-0.574725,-0.094755,-0.099654,0.191797,0.130097,0.391031,0.752302,-0.281372,0.637177,0.086874,-0.562319,-1.972312,0.977427,3.646537,1.446896,-0.210083,0.499974,0.215818,0.094212,0.147208,0.646987,-0.385683
47.760910,-1.041858,0.803755,0.523386,0.519307,0.837329,1.160638,-0.574546,-0.101917,-0.087676,0.187089,0.121785,0.391914,0.749844,-0.281509,0.636967,0.087367,-0.562097,-1.972225,0.977578,3.647173,1.446504,-0.209374,0.498701,0.217006,0.091670,0.148433,0.644332,-0.388488
47.761887,-1.046809,0.803818,0.526850,0.518680,0.838495,1.160607,-0.574563,-0.114634,-0.083412,0.176830,0.118807,0.392611,0.747491,-0.281669,0.636758,0.087869,-0.561873,-1.972133,0.977731,3.647803,1.446112,-0.210113,0.499384,0.218256,0.091786,0.149048,0.640876,-0.388905
47.762980,-1.045126,0.806051,0.523666,0.519913,0.837412,1.167159,-0.576027,-0.131957,-0.087017,0.161872,0.120981,0.393146,0.745274,-0.281840,0.636552,0.088361,-0.561660,-1.972042,0.977877,3.648448,1.445718,-0.207542,0.499331,0.216671,0.092327,0.147702,0.640945,-0.389035
47.763925,-1.047869,0.806825,0.517449,0.518337,0.835014,1.167513,-0.574899,-0.152989,-0.097309,0.143101,0.127017,0.393625,0.743173,-0.282006,0.636344,0.088861,-0.561438,-1.971955,0.978027,3.649072,1.445339,-0.208606,0.498797,0.218698,0.091367,0.148762,0.634915,-0.386524
47.764901,-1.050848,0.804249,0.515086,0.519840,0.835107,1.169047,-0.574405,-0.178768,-0.112992,0.119602,0.135516,0.394305,0.741219,-0.282191,0.636140,0.089361,-0.561212,-1.971861,0.978181,3.649705,1.444946,-0.207083,0.498100,0.221742,0.092730,0.150893,0.634557,-0.388943
47.765928,-1.059097,0.806105,0.518225,0.519744,0.833425,1.170456,-0.576695,-0.212756,-0.134732,0.088041,0.145673,0.395620,0.739528,-0.282412,0.635935,0.089860,-0.560988,-1.971773,0.978327,3.650341,1.444552,-0.205539,0.499295,0.222949,0.091195,0.150619,0.633063,-0.390089
47.766936,-1.055090,0.803303,0.515657,0.519760,0.830146,1.173973,-0.576102,-0.256690,-0.163943,0.046656,0.157747,0.397773,0.738246,-0.282631,0.635742,0.090359,-0.560767,-1.971682,0.978482,3.650970,1.444175,-0.201588,0.498549,0.221579,0.091337,0.152131,0.631947,-0.385784
47.767973,-1.055256,0.797979,0.511698,0.518088,0.830067,1.176299,-0.576064,-0.307723,-0.199774,-0.001796,0.171696,0.400546,0.737418,-0.282796,0.635532,0.090857,-0.560547,-1.971592,0.978646,3.651599,1.443781,-0.203616,0.500072,0.223061,0.091327,0.155126,0.628630,-0.387253
47.769048,-1.054092,0.799421,0.514673,0.519412,0.830797,1.174844,-0.577006,-0.362129,-0.242543,-0.053741,0.187701,0.403623,0.737173,-0.282889,0.635329,0.091367,-0.560317,-1.971498,0.978804,3.652214,1.443398,-0.203628,0.502869,0.225191,0.092995,0.154984,0.626733,-0.387645
47.770015,-1.051958,0.800745,0.518229,0.516870,0.831243,1.176846,-0.576874,-0.416921,-0.292320,-0.106363,0.205728,0.406745,0.737543,-0.282910,0.635123,0.091874,-0.560095,-1.971409,0.978956,3.652852,1.443005,-0.204387,0.502512,0.224016,0.091835,0.154155,0.628658,-0.386092
47.770966,-1.051128,0.792552,0.515267,0.518025,0.829677,1.179014,-0.577116,-0.465827,-0.342626,-0.153518,0.223377,0.409485,0.738084,-0.282877,0.634913,0.092373,-0.559877,-1.971310,0.979107,3.653480,1.442621,-0.205308,0.501690,0.222329,0.094115,0.153486,0.626674,-0.386566
47.771940,-1.049767,0.790181,0.513155,0.517929,0.829909,1.177281,-0.575995,-0.504791,-0.389601,-0.191290,0.239297,0.411553,0.738622,-0.282814,0.634708,0.092887,-0.559650,-1.971218,0.979263,3.654100,1.442239,-0.205591,0.505394,0.223769,0.092769,0.154780,0.624549,-0.386249
47.772951,-1.047901,0.786182,0.516035,0.516749,0.830509,1.176694,-0.575168,-0.536745,-0.437872,-0.222765,0.255690,0.413040,0.739549,-0.282753,0.634500,0.093392,-0.559424,-1.971125,0.979417,3.654729,1.441847,-0.206181,0.506359,0.224842,0.092749,0.154287,0.626408,-0.388690
47.774030,-1.050686,0.778925,0.516483,0.517521,0.830183,1.176556,-0.575248,-0.563451,-0.489151,-0.249770,0.273351,0.414030,0.740987,-0.282746,0.634294,0.093908,-0.559201,-1.971027,0.979566,3.655364,1.441450,-0.207126,0.508267,0.223534,0.093772,0.153545,0.627179,-0.390562
47.775105,-1.045481,0.778535,0.514048,0.516702,0.830055,1.175990,-0.573491,-0.584990,-0.543469,-0.272427,0.292172,0.414543,0.742950,-0.282813,0.634087,0.094432,-0.558977,-1.970935,0.979720,3.655989,1.441060,-0.205881,0.512126,0.223644,0.093102,0.153777,0.627837,-0.390754
47.775928,-1.047700,0.781902,0.512602,0.516884,0.831273,1.171367,-0.572180,-0.603069,-0.602438,-0.292381,0.312884,0.414682,0.745598,-0.282967,0.633871,0.094941,-0.558751,-1.970837,0.979873,3.656619,1.440655,-0.208571,0.512660,0.225170,0.093889,0.153801,0.628884,-0.394607
47.776938,-1.042676,0.784287,0.513413,0.516054,0.832361,1.169442,-0.571420,-0.618088,-0.660413,-0.309616,0.332949,0.414637,0.748576,-0.283241,0.633668,0.095449,-0.558524,-1.970746,0.980021,3.657248,1.440259,-0.207011,0.509807,0.225464,0.093292,0.152190,0.633022,-0.397102
47.777936,-1.044202,0.785050,0.510505,0.516156,0.834348,1.166685,-0.571020,-0.628253,-0.707075,-0.321848,0.347951,0.414548,0.751180,-0.283629,0.633453,0.095960,-0.558303,-1.970650,0.980167,3.657900,1.439853,-0.209467,0.508585,0.225225,0.094003,0.150984,0.635011,-0.398798
47.778986,-1.042145,0.784952,0.510940,0.514042,0.832541,1.165512,-0.569917,-0.632527,-0.737616,-0.327804,0.356090,0.414499,0.753075,-0.284072,0.633242,0.096462,-0.558073,-1.970555,0.980312,3.658540,1.439447,-0.208594,0.508197,0.226734,0.093755,0.148872,0.637893,-0.399750
47.779985,-1.040940,0.787672,0.509908,0.514425,0.833273,1.158720,-0.567689,-0.632668,-0.753427,-0.329172,0.357930,0.414659,0.754341,-0.284517,0.633033,0.096973,-0.557846,-1.970455,0.980463,3.659173,1.439045,-0.209710,0.508456,0.226710,0.095774,0.150603,0.639415,-0.402240
47.780975,-1.038063,0.786433,0.510579,0.513108,0.832338,1.154929,-0.569773,-0.629299,-0.755993,-0.326635,0.354271,0.415033,0.754972,-0.284940,0.632819,0.097470,-0.557616,-1.970359,0.980615,3.659828,1.438626,-0.210199,0.507135,0.227266,0.095210,0.149661,0.646281,-0.406830
47.781940,-1.040788,0.783656,0.507333,0.512989,0.830617,1.154841,-0.570022,-0.621033,-0.746022,-0.318975,0.346134,0.415391,0.754803,-0.285317,0.632606,0.097983,-0.557390,-1.970262,0.980765,3.660480,1.438226,-0.211512,0.507579,0.226983,0.096344,0.150433,0.650052,-0.402745
47.783022,-1.042304,0.786925,0.507573,0.512285,0.830498,1.152607,-0.568604,-0.609501,-0.727802,-0.307952,0.335705,0.415649,0.753971,-0.285620,0.632395,0.098495,-0.557159,-1.970165,0.980919,3.661132,1.437829,-0.209965,0.508644,0.228546,0.096200,0.151902,0.650010,-0.402424
47.783969,-1.043740,0.784950,0.507874,0.512465,0.828401,1.152637,-0.568691,-0.599281,-0.706593,-0.298102,0.324987,0.415950,0.752785,-0.285894,0.632186,0.098994,-0.556929,-1.970065,0.981069,3.661791,1.437416,-0.209372,0.507519,0.228683,0.096855,0.151944,0.652597,-0.405577
47.784936,-1.040748,0.790666,0.500805,0.511235,0.832613,1.153180,-0.570712,-0.592337,-0.684347,-0.291347,0.314828,0.416281,0.751316,-0.286189,0.631982,0.099503,-0.556698,-1.969972,0.981226,3.662438,1.437015,-0.208526,0.508119,0.228410,0.096466,0.153751,0.652408,-0.405457
47.786115,-1.045026,0.799412,0.503522,0.512699,0.835490,1.157088,-0.570921,-0.588581,-0.660548,-0.287524,0.304986,0.416556,0.749497,-0.286480,0.631768,0.099997,-0.556463,-1.969873,0.981368,3.663096,1.436620,-0.209857,0.505131,0.231858,0.097427,0.149349,0.651747,-0.401530
47.786991,-1.042042,0.800445,0.501323,0.514944,0.832334,1.157806,-0.570340,-0.588154,-0.631627,-0.286500,0.293511,0.416889,0.747160,-0.286753,0.631564,0.100494,-0.556234,-1.969779,0.981509,3.663737,1.436222,-0.208141,0.501895,0.231013,0.096215,0.146652,0.648631,-0.401667
47.787946,-1.039838,0.803318,0.498768,0.514489,0.834895,1.156171,-0.572497,-0.589051,-0.595689,-0.286286,0.280485,0.417106,0.744280,-0.287043,0.631354,0.100994,-0.555997,-1.969688,0.981665,3.664385,1.435816,-0.209285,0.500673,0.231735,0.093661,0.149471,0.647515,-0.402782
47.788994,-1.038440,0.804979,0.499183,0.513681,0.836298,1.159493,-0.575248,-0.588366,-0.554900,-0.284290,0.268230,0.416816,0.740995,-0.287362,0.631139,0.101485,-0.555765,-1.969593,0.981806,3.665045,1.435422,-0.210158,0.499088,0.232909,0.093927,0.146712,0.649001,-0.398546
47.789958,-1.038306,0.803555,0.500310,0.513142,0.834882,1.163185,-0.573094,-0.584690,-0.510759,-0.279271,0.256953,0.415978,0.737389,-0.287679,0.630928,0.101985,-0.555531,-1.969499,0.981949,3.665686,1.435044,-0.210901,0.498593,0.232802,0.094748,0.145293,0.645939,-0.393397
47.791045,-1.041829,0.807172,0.499800,0.511528,0.833143,1.164020,-0.574588,-0.577449,-0.465504,-0.270847,0.246560,0.414704,0.733683,-0.287997,0.630716,0.102486,-0.555299,-1.969401,0.982099,3.666325,1.434634,-0.210783,0.499106,0.232145,0.095011,0.146513,0.642218,-0.397887
47.791930,-1.039959,0.802282,0.501776,0.509164,0.833205,1.167018,-0.575637,-0.567865,-0.421908,-0.260325,0.237278,0.413164,0.730114,-0.288359,0.630509,0.102980,-0.555065,-1.969303,0.982252,3.666969,1.434248,-0.209196,0.497901,0.232655,0.096621,0.148183,0.641860,-0.395229
47.792911,-1.037910,0.797950,0.501365,0.507298,0.836217,1.167158,-0.576560,-0.557813,-0.381184,-0.249491,0.228297,0.411572,0.726756,-0.288761,0.630300,0.103484,-0.554836,-1.969204,0.982400,3.667598,1.433858,-0.209817,0.499661,0.231376,0.098519,0.147794,0.638563,-0.393156
47.793982,-1.034329,0.801735,0.504842,0.509267,0.837237,1.170904,-0.575770,-0.547063,-0.346009,-0.238270,0.219894,0.409932,0.723837,-0.289157,0.630086,0.103983,-0.554609,-1.969100,0.982539,3.668239,1.433464,-0.210696,0.501766,0.231613,0.100014,0.144677,0.638498,-0.391495
47.795019,-1.037029,0.801328,0.507328,0.511253,0.836624,1.168552,-0.575177,-0.533102,-0.318076,-0.224426,0.213302,0.408015,0.721571,-0.289549,0.629872,0.104482,-0.554380,-1.969009,0.982681,3.668863,1.433068,-0.212559,0.500295,0.230101,0.098122,0.143676,0.635210,-0.393440
47.795974,-1.039955,0.801634,0.508785,0.510460,0.838779,1.169316,-0.576839,-0.513135,-0.296151,-0.205356,0.209752,0.405510,0.719932,-0.289952,0.629664,0.104989,-0.554156,-1.968916,0.982826,3.669503,1.432667,-0.211231,0.500681,0.229075,0.096137,0.144240,0.637889,-0.394875
47.797073,-1.038312,0.805371,0.507350,0.508671,0.839575,1.170398,-0.578164,-0.488951,-0.279620,-0.182726,0.209586,0.402527,0.718848,-0.290328,0.629456,0.105485,-0.553928,-1.968817,0.982964,3.670141,1.432280,-0.209615,0.500331,0.228298,0.096651,0.141952,0.637049,-0.391665
47.797974,-1.034249,0.803398,0.509614,0.506004,0.837984,1.173160,-0.575532,-0.464464,-0.265902,-0.159914,0.210206,0.399588,0.718164,-0.290635,0.629243,0.105983,-0.553696,-1.968717,0.983107,3.670768,1.431898,-0.210608,0.499089,0.229314,0.098418,0.141202,0.636553,-0.389461
47.798927,-1.036705,0.800170,0.512278,0.503364,0.837091,1.169033,-0.576463,-0.439274,-0.250219,-0.136140,0.208162,0.396939,0.717679,-0.290913,0.629028,0.106480,-0.553472,-1.968610,0.983252,3.671398,1.431489,-0.212276,0.499564,0.227996,0.100468,0.142566,0.633561,-0.394774
47.799983,-1.038223,0.791482,0.517704,0.499716,0.839285,1.166797,-0.579102,-0.411415,-0.230813,-0.109493,0.202171,0.394537,0.717335,-0.291189,0.628822,0.106989,-0.553249,-1.968506,0.983394,3.672043,1.431100,-0.210884,0.500817,0.226652,0.102649,0.143298,0.637658,-0.392991
47.800996,-1.038874,0.790726,0.511905,0.500802,0.835112,1.168690,-0.578602,-0.382268,-0.210973,-0.081559,0.192932,0.392495,0.717244,-0.291416,0.628614,0.107509,-0.553032,-1.968394,0.983531,3.672681,1.430719,-0.210236,0.505323,0.224282,0.105919,0.141115,0.640235,-0.388048
47.802044,-1.043264,0.786171,0.513814,0.503442,0.836455,1.169139,-0.577530,-0.356117,-0.196864,-0.056720,0.182879,0.391016,0.717708,-0.291576,0.628402,0.108011,-0.552799,-1.968293,0.983684,3.673316,1.430324,-0.209862,0.505733,0.227274,0.104532,0.145174,0.638499,-0.389338
47.803011,-1.046910,0.782892,0.521129,0.502124,0.840229,1.165258,-0.579049,-0.338088,-0.194468,-0.040103,0.176133,0.390154,0.719113,-0.291706,0.628200,0.108525,-0.552573,-1.968196,0.983823,3.673944,1.429933,-0.207799,0.508173,0.226502,0.101817,0.143779,0.638447,-0.391807
47.803956,-1.042072,0.790851,0.520599,0.502625,0.841875,1.164476,-0.579566,-0.329470,-0.205999,-0.033111,0.175408,0.389734,0.721534,-0.291820,0.627997,0.109041,-0.552359,-1.968089,0.983953,3.674590,1.429544,-0.205923,0.509444,0.222950,0.102672,0.139973,0.642323,-0.388888
47.805054,-1.042096,0.799175,0.519685,0.501006,0.840875,1.167089,-0.578239,-0.324761,-0.223690,-0.030174,0.178123,0.389416,0.724335,-0.291923,0.627787,0.109536,-0.552135,-1.967986,0.984087,3.675237,1.429166,-0.208182,0.505167,0.223213,0.101725,0.138265,0.642935,-0.388051
47.806093,-1.050332,0.800981,0.531760,0.502527,0.844016,1.167789,-0.578090,-0.317629,-0.233350,-0.024474,0.178357,0.389015,0.726592,-0.292068,0.627577,0.110031,-0.551906,-1.967879,0.984226,3.675870,1.428767,-0.208335,0.501675,0.223996,0.103179,0.139368,0.640842,-0.391111
47.806967,-1.054786,0.796272,0.531371,0.501368,0.841849,1.166009,-0.581263,-0.306191,-0.227778,-0.013852,0.173054,0.388587,0.727949,-0.292298,0.627380,0.110527,-0.551701,-1.967781,0.984356,3.676509,1.428369,-0.204356,0.501115,0.218335,0.101504,0.136260,0.640441,-0.391650
47.807986,-1.049952,0.791856,0.525609,0.498539,0.840695,1.163769,-0.580774,-0.293002,-0.211570,-0.001045,0.164443,0.388265,0.728783,-0.292546,0.627185,0.111035,-0.551482,-1.967679,0.984496,3.677150,1.428001,-0.201954,0.502662,0.218410,0.102116,0.138246,0.641853,-0.385329
47.808988,-1.047638,0.793745,0.524881,0.498236,0.839684,1.163441,-0.580877,-0.283181,-0.193927,0.008731,0.155937,0.388284,0.729718,-0.292741,0.626976,0.111548,-0.551257,-1.967566,0.984634,3.677804,1.427610,-0.204421,0.504857,0.221465,0.104446,0.139369,0.644214,-0.386640
47.809907,-1.052277,0.787604,0.530454,0.499251,0.840133,1.154617,-0.582036,-0.278429,-0.179448,0.013748,0.148798,0.388663,0.731119,-0.292907,0.626764,0.112050,-0.551033,-1.967462,0.984776,3.678460,1.427220,-0.205488,0.503904,0.221920,0.104395,0.140296,0.644552,-0.386653
47.811087,-1.052264,0.788373,0.537186,0.498997,0.842490,1.152930,-0.582842,-0.276510,-0.169418,0.015944,0.144258,0.389017,0.733047,-0.293073,0.626569,0.112559,-0.550818,-1.967364,0.984914,3.679124,1.426847,-0.203054,0.506440,0.219095,0.102998,0.139672,0.653116,-0.384468
47.811984,-1.046860,0.788998,0.531871,0.501770,0.843276,1.149314,-0.582924,-0.274588,-0.165918,0.017731,0.144281,0.388861,0.735450,-0.293238,0.626365,0.113060,-0.550607,-1.967260,0.985049,3.679788,1.426464,-0.203534,0.507129,0.216500,0.103320,0.137524,0.655429,-0.383444
47.812963,-1.045345,0.794891,0.534867,0.503607,0.848313,1.148284,-0.582853,-0.269587,-0.168841,0.021997,0.149613,0.387790,0.738165,-0.293418,0.626156,0.113564,-0.550381,-1.967165,0.985183,3.680451,1.426085,-0.205954,0.506163,0.219010,0.100155,0.136607,0.658625,-0.383378
47.813907,-1.049704,0.799528,0.538969,0.502022,0.853229,1.141888,-0.584041,-0.259464,-0.174509,0.030916,0.159414,0.385589,0.740903,-0.293642,0.625947,0.114063,-0.550167,-1.967071,0.985306,3.681117,1.425701,-0.206593,0.503100,0.217637,0.098204,0.131605,0.659515,-0.383738
47.814903,-1.046377,0.797862,0.538260,0.502057,0.854805,1.141142,-0.585091,-0.243694,-0.175933,0.045401,0.169953,0.382464,0.743127,-0.293925,0.625747,0.114556,-0.549952,-1.966970,0.985423,3.681794,1.425325,-0.204302,0.500555,0.215648,0.099410,0.126773,0.665636,-0.381520
47.816018,-1.043306,0.798044,0.529344,0.502064,0.854221,1.142605,-0.584626,-0.223718,-0.169219,0.064388,0.177561,0.378947,0.744437,-0.294247,0.625540,0.115062,-0.549735,-1.966874,0.985549,3.682456,1.424955,-0.205972,0.501365,0.216203,0.099215,0.125299,0.666303,-0.379727
47.817000,-1.045941,0.793118,0.530982,0.502369,0.855162,1.144493,-0.585647,-0.203518,-0.159603,0.083925,0.183235,0.375536,0.745102,-0.294598,0.625329,0.115560,-0.549506,-1.966773,0.985678,3.683121,1.424570,-0.207723,0.502016,0.221085,0.099202,0.126098,0.665250,-0.381144
47.817988,-1.049220,0.779824,0.534514,0.500539,0.854354,1.143851,-0.586404,-0.188488,-0.155910,0.098438,0.190154,0.372644,0.745732,-0.294954,0.625128,0.116072,-0.549289,-1.966680,0.985798,3.683769,1.424193,-0.206368,0.504260,0.220352,0.098767,0.125250,0.663350,-0.379318
47.819002,-1.044057,0.778050,0.526739,0.501668,0.853107,1.147241,-0.586259,-0.182007,-0.167193,0.104139,0.201723,0.370453,0.746928,-0.295233,0.624925,0.116602,-0.549077,-1.966579,0.985928,3.684433,1.423824,-0.204725,0.510546,0.218793,0.100319,0.126091,0.663949,-0.378103
47.819932,-1.037884,0.776922,0.534896,0.502795,0.857356,1.151881,-0.586826,-0.184720,-0.200018,0.100013,0.220631,0.368883,0.749102,-0.295387,0.624711,0.117111,-0.548846,-1.966483,0.986057,3.685090,1.423441,-0.207262,0.511373,0.222802,0.099038,0.127403,0.660587,-0.378687
47.820899,-1.041568,0.778366,0.540149,0.503941,0.860268,1.153997,-0.586127,-0.191020,-0.251013,0.091421,0.246606,0.367427,0.752115,-0.295428,0.624497,0.117626,-0.548633,-1.966388,0.986171,3.685734,1.423071,-0.210075,0.511361,0.218690,0.097653,0.123202,0.655751,-0.377723
47.822000,-1.041926,0.782386,0.536060,0.502517,0.862367,1.158152,-0.586745,-0.191147,-0.309660,0.087890,0.276821,0.365396,0.755383,-0.295372,0.624291,0.118140,-0.548423,-1.966295,0.986285,3.686380,1.422688,-0.208086,0.510280,0.216266,0.096344,0.120448,0.653617,-0.379345
47.822989,-1.041875,0.777002,0.536785,0.500562,0.864111,1.163571,-0.585840,-0.184319,-0.367023,0.090698,0.306852,0.362970,0.758331,-0.295249,0.624084,0.118644,-0.548199,-1.966194,0.986401,3.687029,1.422317,-0.208157,0.508854,0.218748,0.097763,0.118669,0.649915,-0.378568
47.823915,-1.040715,0.771348,0.539696,0.501354,0.864495,1.168701,-0.584038,-0.176666,-0.419786,0.094494,0.332993,0.360893,0.760769,-0.295096,0.623876,0.119163,-0.547981,-1.966094,0.986514,3.687659,1.421931,-0.208113,0.511309,0.218515,0.099434,0.117110,0.644612,-0.380632
47.824941,-1.041620,0.768919,0.537914,0.500997,0.862785,1.170448,-0.583422,-0.170456,-0.471037,0.096941,0.355950,0.359363,0.763017,-0.294930,0.623667,0.119678,-0.547770,-1.965997,0.986630,3.688294,1.421535,-0.208461,0.513545,0.217098,0.098281,0.116819,0.639342,-0.384329
47.825935,-1.044816,0.760050,0.536091,0.500010,0.864082,1.173436,-0.583330,-0.165413,-0.524835,0.097940,0.378559,0.358186,0.765424,-0.294745,0.623460,0.120199,-0.547547,-1.965896,0.986751,3.688931,1.421151,-0.208046,0.514671,0.218216,0.098457,0.118709,0.637869,-0.385835
47.826928,-1.046053,0.758146,0.542893,0.501238,0.866158,1.175573,-0.581959,-0.164926,-0.584222,0.094180,0.402249,0.357506,0.768183,-0.294530,0.623257,0.120730,-0.547328,-1.965794,0.986866,3.689558,1.420761,-0.206440,0.518761,0.219274,0.099146,0.117548,0.635050,-0.386228
47.828007,-1.044463,0.765065,0.545444,0.501524,0.863730,1.179810,-0.580263,-0.171361,-0.651160,0.083380,0.427779,0.357417,0.771446,-0.294295,0.623051,0.121248,-0.547119,-1.965699,0.986980,3.690192,1.420360,-0.205795,0.519439,0.216105,0.097759,0.115653,0.633044,-0.389166
47.828921,-1.041303,0.763303,0.546240,0.503734,0.865227,1.178199,-0.579050,-0.178964,-0.719061,0.071287,0.453632,0.357422,0.774905,-0.294073,0.622843,0.121761,-0.546903,-1.965603,0.987103,3.690813,1.419962,-0.206765,0.516288,0.215282,0.097495,0.118329,0.629339,-0.392902
47.829982,-1.041236,0.771581,0.549872,0.502236,0.867909,1.179119,-0.578580,-0.180496,-0.777943,0.065284,0.477164,0.356938,0.777984,-0.293896,0.622630,0.122274,-0.546694,-1.965511,0.987217,3.691443,1.419558,-0.208042,0.516550,0.214927,0.095027,0.116876,0.630838,-0.395333
47.830983,-1.041311,0.771943,0.552121,0.503197,0.870235,1.179673,-0.576772,-0.173006,-0.821531,0.068535,0.496199,0.355802,0.780227,-0.293759,0.622420,0.122784,-0.546483,-1.965412,0.987327,3.692070,1.419161,-0.208156,0.512651,0.213538,0.096468,0.114496,0.630342,-0.396572
47.831979,-1.037382,0.772198,0.553232,0.502920,0.871105,1.184095,-0.575094,-0.156365,-0.845164,0.081468,0.507995,0.354239,0.781279,-0.293648,0.622214,0.123300,-0.546273,-1.965319,0.987439,3.692701,1.418751,-0.208102,0.512340,0.212707,0.095408,0.112384,0.629967,-0.400363
47.832970,-1.040768,0.770601,0.554736,0.504512,0.869970,1.183419,-0.576397,-0.131811,-0.850265,0.102826,0.512746,0.352454,0.781251,-0.293565,0.622001,0.123808,-0.546061,-1.965222,0.987549,3.693326,1.418335,-0.209977,0.512118,0.212398,0.095517,0.111754,0.625699,-0.403834
47.833915,-1.040711,0.769625,0.555240,0.506581,0.872363,1.182823,-0.576515,-0.101946,-0.843554,0.129746,0.513513,0.350551,0.780587,-0.293463,0.621798,0.124326,-0.545850,-1.965131,0.987665,3.693948,1.417935,-0.208246,0.512685,0.211885,0.093875,0.113073,0.626613,-0.401340
47.835028,-1.044343,0.774077,0.560059,0.507698,0.870812,1.182054,-0.576842,-0.071272,-0.832026,0.157621,0.513519,0.348709,0.779654,-0.293270,0.621589,0.124833,-0.545642,-1.965044,0.987773,3.694585,1.417536,-0.208103,0.512779,0.211783,0.091739,0.110823,0.627133,-0.401221
47.836039,-1.039133,0.779988,0.566009,0.508091,0.869883,1.183937,-0.574926,-0.042542,-0.818854,0.183746,0.514331,0.347023,0.778549,-0.292996,0.621385,0.125340,-0.545435,-1.964955,0.987891,3.695222,1.417130,-0.206569,0.511165,0.209991,0.090901,0.112718,0.628493,-0.400935
47.836974,-1.042880,0.787745,0.565530,0.509310,0.872261,1.180552,-0.574908,-0.012076,-0.799726,0.211835,0.514329,0.345215,0.776969,-0.292723,0.621171,0.125847,-0.545232,-1.964864,0.988008,3.695846,1.416722,-0.209130,0.508196,0.207398,0.090510,0.113810,0.626838,-0.404987
47.838022,-1.040907,0.791608,0.566275,0.510121,0.873316,1.179338,-0.576863,0.064428,-0.719855,0.285452,0.500692,0.340716,0.770812,-0.292282,0.620756,0.126837,-0.544820,-1.964687,0.988226,3.697112,1.415923,-0.208125,0.502475,0.207890,0.088505,0.110825,0.631728,-0.401386
47.838950,-1.040135,0.794781,0.564768,0.508838,0.870240,1.177654,-0.575143,0.064428,-0.719855,0.285452,0.500692,0.340716,0.770812,-0.292282,0.620756,0.126837,-0.544820,-1.964687,0.988226,3.697112,1.415923,-0.208125,0.502475,0.207890,0.088505,0.110825,0.631728,-0.401386
47.839991,-1.033892,0.800981,0.568462,0.509176,0.869530,1.176274,-0.574304,0.104489,-0.659292,0.325750,0.485338,0.338562,0.766186,-0.292104,0.620546,0.127334,-0.544611,-1.964598,0.988344,3.697749,1.415509,-0.208258,0.500506,0.208744,0.089657,0.114000,0.633263,-0.404900
47.840984,-1.039612,0.799483,0.571508,0.509235,0.871564,1.171874,-0.577042,0.145903,-0.587130,0.368391,0.464499,0.336462,0.760721,-0.291977,0.620327,0.127822,-0.544407,-1.964510,0.988458,3.698390,1.415102,-0.211343,0.497810,0.207337,0.089454,0.114933,0.634917,-0.406797
47.841983,-1.041160,0.794324,0.571853,0.510351,0.870768,1.170099,-0.575620,0.190244,-0.505746,0.414553,0.439221,0.334237,0.754576,-0.291868,0.620125,0.128324,-0.544202,-1.964422,0.988568,3.699031,1.414713,-0.208433,0.498551,0.206138,0.089425,0.113097,0.639433,-0.401466
47.842974,-1.038768,0.794097,0.570516,0.510271,0.867999,1.168757,-0.573669,0.232332,-0.425300,0.458744,0.413505,0.332109,0.748351,-0.291732,0.619918,0.128824,-0.543996,-1.964336,0.988688,3.699677,1.414300,-0.207656,0.501169,0.206295,0.088382,0.114050,0.641261,-0.404530
47.844076,-1.040468,0.805399,0.576351,0.512159,0.868883,1.165882,-0.575961,0.266698,-0.356400,0.495263,0.391701,0.330266,0.742737,-0.291591,0.619709,0.129326,-0.543784,-1.964249,0.988807,3.700320,1.413888,-0.208802,0.501205,0.207201,0.088515,0.116967,0.642664,-0.408565
47.844996,-1.043936,0.799907,0.578116,0.511570,0.871352,1.162961,-0.575909,0.320565,-0.241206,0.553752,0.355810,0.326582,0.732735,-0.291372,0.619299,0.130313,-0.543384,-1.964077,0.989029,3.701628,1.413079,-0.206236,0.498670,0.204245,0.087465,0.114033,0.648638,-0.404426
47.846074,-1.043440,0.806986,0.575352,0.511640,0.871355,1.161781,-0.574902,0.320565,-0.241206,0.553752,0.355810,0.326582,0.732735,-0.291372,0.619299,0.130313,-0.543384,-1.964077,0.989029,3.701628,1.413079,-0.206236,0.498670,0.204245,0.087465,0.114033,0.648638,-0.404426
47.847007,-1.051531,0.804655,0.572938,0.512035,0.870099,1.163030,-0.574911,0.340285,-0.188572,0.576392,0.338079,0.324931,0.727895,-0.291310,0.619093,0.130806,-0.543174,-1.963990,0.989146,3.702276,1.412673,-0.206688,0.495653,0.206141,0.087625,0.114326,0.650183,-0.406767
47.848029,-1.049129,0.806372,0.576976,0.510077,0.871149,1.162984,-0.575657,0.349289,-0.140850,0.589160,0.319788,0.324072,0.723282,-0.291313,0.618900,0.131299,-0.542966,-1.963903,0.989266,3.702925,1.412264,-0.202577,0.496568,0.207459,0.087155,0.115629,0.648705,-0.406760
47.848904,-1.046460,0.802941,0.576152,0.510869,0.868460,1.163580,-0.576866,0.345408,-0.099052,0.589991,0.300862,0.324309,0.719035,-0.291359,0.618693,0.131797,-0.542762,-1.963809,0.989378,3.703567,1.411867,-0.203854,0.495877,0.205826,0.089066,0.114802,0.648961,-0.405495
47.849941,-1.045914,0.800381,0.576290,0.508463,0.864878,1.164569,-0.576299,0.334275,-0.062549,0.584066,0.281755,0.325292,0.715174,-0.291380,0.618487,0.132300,-0.542556,-1.963725,0.989504,3.704228,1.411468,-0.204864,0.496835,0.206232,0.088129,0.117433,0.647850,-0.403030
47.850979,-1.045129,0.797784,0.577720,0.509961,0.862950,1.167934,-0.577389,0.321473,-0.031811,0.576442,0.263733,0.326591,0.711764,-0.291362,0.618282,0.132801,-0.542349,-1.963629,0.989631,3.704878,1.411056,-0.205215,0.498357,0.206578,0.090489,0.121134,0.647075,-0.404410
47.852077,-1.046570,0.795670,0.579405,0.506979,0.863041,1.167641,-0.579241,0.308278,-0.009532,0.568044,0.248434,0.328039,0.709006,-0.291322,0.618077,0.133306,-0.542143,-1.963542,0.989759,3.705513,1.410656,-0.205709,0.499861,0.206287,0.089110,0.123151,0.643986,-0.402453
47.853022,-1.040976,0.791118,0.580406,0.508412,0.860889,1.172850,-0.579805,0.295012,0.002911,0.559018,0.236525,0.329570,0.706955,-0.291233,0.617872,0.133806,-0.541939,-1.963440,0.989883,3.706157,1.410267,-0.205212,0.501527,0.206072,0.092056,0.123266,0.644801,-0.399145
47.853905,-1.044006,0.794494,0.579217,0.506602,0.859122,1.173047,-0.579371,0.282761,0.005440,0.550319,0.228084,0.331074,0.705561,-0.291092,0.617659,0.134312,-0.541735,-1.963353,0.990013,3.706794,1.409872,-0.207815,0.503436,0.205768,0.090516,0.125396,0.639454,-0.398150
47.854992,-1.047161,0.796012,0.582358,0.507419,0.860163,1.177379,-0.578857,0.272934,0.000798,0.543359,0.222328,0.332402,0.704679,-0.290946,0.617457,0.134812,-0.541528,-1.963260,0.990141,3.707432,1.409474,-0.205995,0.501019,0.206354,0.092030,0.127047,0.638970,-0.399024
47.856018,-1.042308,0.802306,0.579628,0.508660,0.860198,1.176535,-0.580003,0.263827,-0.005390,0.536940,0.216527,0.333756,0.704034,-0.290816,0.617255,0.135307,-0.541326,-1.963171,0.990264,3.708064,1.409067,-0.204667,0.500894,0.205393,0.091396,0.126209,0.635119,-0.400376
47.856887,-1.047758,0.803674,0.579780,0.509343,0.859855,1.179825,-0.579573,0.254741,-0.008443,0.530758,0.208813,0.335278,0.703391,-0.290684,0.617045,0.135802,-0.541114,-1.963083,0.990390,3.708694,1.408673,-0.207133,0.497961,0.207107,0.090253,0.126285,0.636296,-0.398305
47.858078,-1.047397,0.803106,0.583232,0.511495,0.857468,1.180099,-0.577829,0.246193,-0.005526,0.525466,0.198870,0.336974,0.702619,-0.290541,0.616845,0.136299,-0.540909,-1.962993,0.990520,3.709325,1.408274,-0.204096,0.496562,0.206989,0.089299,0.126484,0.632609,-0.399153
47.858948,-1.048450,0.806613,0.583462,0.509431,0.854056,1.179985,-0.579018,0.236830,0.001348,0.519617,0.188272,0.338911,0.701926,-0.290401,0.616637,0.136793,-0.540706,-1.962908,0.990656,3.709965,1.407866,-0.204748,0.498129,0.206142,0.087650,0.129123,0.633259,-0.403170
47.859995,-1.043472,0.806109,0.579720,0.508792,0.851203,1.175703,-0.578778,0.227361,0.009552,0.513645,0.178618,0.340951,0.701565,-0.290274,0.616437,0.137286,-0.540498,-1.962814,0.990794,3.710593,1.407461,-0.203936,0.495664,0.205975,0.089384,0.132321,0.633043,-0.400664
47.860966,-1.045587,0.801352,0.581469,0.507324,0.848246,1.173406,-0.577310,0.219357,0.021158,0.509203,0.168437,0.343007,0.701396,-0.290168,0.616223,0.137779,-0.540287,-1.962723,0.990937,3.711239,1.407062,-0.206473,0.496340,0.208273,0.090069,0.135138,0.637639,-0.401450
47.862023,-1.052820,0.802043,0.585465,0.509024,0.847990,1.173145,-0.577350,0.212265,0.034567,0.505669,0.157617,0.345059,0.701403,-0.290092,0.616020,0.138285,-0.540083,-1.962629,0.991077,3.711885,1.406650,-0.205328,0.498513,0.207630,0.091398,0.137982,0.639885,-0.404499
47.862974,-1.051289,0.803855,0.580834,0.509405,0.847248,1.171925,-0.576589,0.203335,0.044145,0.500047,0.148291,0.347121,0.701816,-0.290064,0.615821,0.138786,-0.539882,-1.962543,0.991217,3.712521,1.406246,-0.201898,0.498505,0.206168,0.089869,0.138228,0.640499,-0.404668
47.863974,-1.046525,0.802699,0.579901,0.509751,0.845300,1.168974,-0.576857,0.189379,0.047595,0.489267,0.141472,0.349281,0.702691,-0.290094,0.615618,0.139275,-0.539667,-1.962454,0.991355,3.713163,1.405837,-0.202605,0.497441,0.208602,0.089412,0.138855,0.641636,-0.406266
47.864978,-1.050620,0.803207,0.581162,0.511269,0.847399,1.169723,-0.578973,0.171171,0.045962,0.474183,0.137140,0.351386,0.703859,-0.290168,0.615412,0.139776,-0.539452,-1.962364,0.991501,3.713804,1.405437,-0.204989,0.498063,0.209278,0.089077,0.140695,0.644722,-0.405901
47.866089,-1.057586,0.811174,0.584731,0.515340,0.844660,1.171198,-0.577908,0.151407,0.039504,0.457228,0.135723,0.353169,0.705224,-0.290249,0.615212,0.140268,-0.539245,-1.962278,0.991633,3.714445,1.405040,-0.202962,0.497939,0.208958,0.087641,0.138564,0.644064,-0.401839
47.866958,-1.051793,0.812392,0.582579,0.516772,0.845386,1.170509,-0.578363,0.129652,0.028565,0.437923,0.137598,0.354680,0.706798,-0.290326,0.615020,0.140759,-0.539040,-1.962202,0.991776,3.715081,1.404634,-0.199907,0.494736,0.207809,0.084117,0.141403,0.643173,-0.404399
47.867951,-1.052006,0.810523,0.581359,0.515080,0.843164,1.169634,-0.579533,0.106633,0.016124,0.417135,0.142359,0.355948,0.708507,-0.290409,0.614812,0.141251,-0.538827,-1.962122,0.991915,3.715722,1.404233,-0.202496,0.493468,0.208791,0.082675,0.140413,0.643466,-0.403400
47.868942,-1.054330,0.804204,0.582793,0.513254,0.842251,1.169667,-0.579559,0.085027,0.004057,0.397538,0.149171,0.356945,0.710358,-0.290487,0.614611,0.141742,-0.538617,-1.962034,0.992063,3.716376,1.403832,-0.202382,0.494518,0.209654,0.084424,0.142510,0.644351,-0.401220
47.869996,-1.054711,0.796362,0.579109,0.512980,0.839539,1.169840,-0.580406,0.063686,-0.010581,0.377955,0.157495,0.357995,0.712662,-0.290567,0.614412,0.142247,-0.538409,-1.961946,0.992209,3.717015,1.403434,-0.201267,0.497604,0.209204,0.086274,0.143263,0.644402,-0.401373
47.871074,-1.055830,0.794392,0.578849,0.511517,0.837388,1.165081,-0.579492,0.038487,-0.035102,0.354099,0.168801,0.359489,0.716010,-0.290660,0.614211,0.142760,-0.538196,-1.961859,0.992364,3.717669,1.403037,-0.201263,0.501735,0.211465,0.086720,0.145849,0.644484,-0.399961
47.872008,-1.052047,0.790681,0.575992,0.512562,0.834720,1.163038,-0.581085,0.006635,-0.074690,0.323042,0.184656,0.361546,0.720759,-0.290777,0.614012,0.143262,-0.537982,-1.961768,0.992514,3.718335,1.402625,-0.200966,0.503161,0.212022,0.088334,0.147930,0.649565,-0.402104
47.872894,-1.050672,0.784963,0.574651,0.509797,0.834822,1.158951,-0.579764,-0.030303,-0.127500,0.286339,0.204516,0.363892,0.726676,-0.290924,0.613807,0.143773,-0.537763,-1.961683,0.992668,3.718987,1.402238,-0.202714,0.504522,0.213444,0.087237,0.150312,0.651359,-0.398990
47.874033,-1.049255,0.785654,0.574434,0.510680,0.835921,1.161157,-0.576875,-0.068659,-0.189470,0.247588,0.227170,0.366111,0.733352,-0.291108,0.613601,0.144279,-0.537548,-1.961588,0.992817,3.719653,1.401829,-0.203092,0.506642,0.214007,0.089663,0.149871,0.654978,-0.401635
47.875003,-1.050204,0.782707,0.578123,0.511577,0.836235,1.157021,-0.576637,-0.106036,-0.256864,0.209183,0.250959,0.368033,0.740440,-0.291378,0.613399,0.144793,-0.537331,-1.961502,0.992966,3.720300,1.401409,-0.204181,0.506980,0.214695,0.089138,0.148795,0.653349,-0.407809
47.875933,-1.050993,0.779743,0.581162,0.512261,0.837938,1.156717,-0.576534,-0.140062,-0.326156,0.173453,0.274935,0.369500,0.747597,-0.291750,0.613193,0.145308,-0.537122,-1.961417,0.993114,3.720968,1.400999,-0.203607,0.508135,0.213038,0.088280,0.148300,0.657373,-0.408323
47.876985,-1.048486,0.780398,0.578211,0.511799,0.836540,1.159695,-0.575006,-0.168479,-0.395281,0.142534,0.299388,0.370314,0.754507,-0.292164,0.612989,0.145818,-0.536912,-1.961332,0.993253,3.721636,1.400588,-0.203047,0.509093,0.211602,0.087562,0.146423,0.657314,-0.408542
47.877974,-1.046483,0.771806,0.571775,0.511758,0.834363,1.162632,-0.572428,-0.190860,-0.462201,0.116995,0.323800,0.370559,0.760945,-0.292594,0.612782,0.146331,-0.536693,-1.961243,0.993405,3.722281,1.400169,-0.204418,0.508942,0.213417,0.088192,0.147736,0.654605,-0.411838
47.878906,-1.046696,0.770098,0.574321,0.511298,0.835328,1.160221,-0.572196,-0.210164,-0.527894,0.094182,0.348131,0.370620,0.767041,-0.293049,0.612575,0.146849,-0.536470,-1.961155,0.993560,3.722927,1.399739,-0.205370,0.513014,0.216749,0.088227,0.149689,0.651701,-0.417059
47.879910,-1.039887,0.767458,0.566947,0.511108,0.834213,1.161958,-0.573562,-0.229801,-0.595561,0.070835,0.373303,0.370846,0.773063,-0.293476,0.612372,0.147365,-0.536256,-1.961065,0.993709,3.723577,1.399316,-0.205104,0.513268,0.215467,0.088555,0.148447,0.653958,-0.417452
47.880896,-1.037546,0.763026,0.564739,0.510392,0.829827,1.163302,-0.570758,-0.249249,-0.663555,0.047595,0.398558,0.371308,0.778921,-0.293806,0.612157,0.147886,-0.536031,-1.960972,0.993863,3.724230,1.398907,-0.208430,0.514390,0.219310,0.088669,0.149378,0.652238,-0.414847
47.881968,-1.038090,0.768135,0.565688,0.513626,0.829130,1.165380,-0.570772,-0.267167,-0.729694,0.025836,0.423012,0.371960,0.784507,-0.294050,0.611943,0.148403,-0.535807,-1.960884,0.994025,3.724883,1.398472,-0.209435,0.516349,0.220465,0.089395,0.153485,0.650881,-0.420563
47.883009,-1.034022,0.771374,0.567478,0.510851,0.827746,1.166699,-0.573118,-0.282773,-0.792522,0.006283,0.446563,0.372685,0.789719,-0.294254,0.611735,0.148916,-0.535585,-1.960804,0.994181,3.725520,1.398054,-0.209285,0.514056,0.220315,0.086515,0.154020,0.649229,-0.420725
47.884028,-1.031953,0.775236,0.566617,0.513126,0.825806,1.170633,-0.572230,-0.292944,-0.845352,-0.007812,0.466853,0.373291,0.794053,-0.294407,0.611518,0.149420,-0.535367,-1.960710,0.994339,3.726166,1.397644,-0.211303,0.512664,0.219707,0.089345,0.155214,0.648161,-0.416207
47.884954,-1.031377,0.778435,0.566061,0.514590,0.823242,1.173426,-0.571209,-0.294109,-0.881146,-0.012706,0.480780,0.373639,0.796977,-0.294508,0.611305,0.149929,-0.535145,-1.960625,0.994498,3.726806,1.397224,-0.212275,0.510762,0.220331,0.087190,0.156933,0.644396,-0.418194
47.886023,-1.033862,0.780851,0.565366,0.515951,0.824686,1.178244,-0.571883,-0.286271,-0.898745,-0.008333,0.488324,0.373702,0.798379,-0.294600,0.611090,0.150440,-0.534922,-1.960542,0.994661,3.727449,1.396799,-0.212247,0.508608,0.220523,0.085736,0.159102,0.641417,-0.420190
47.886907,-1.031650,0.776839,0.561700,0.515286,0.823398,1.181576,-0.573173,-0.273456,-0.901119,0.001462,0.491059,0.373691,0.798451,-0.294707,0.610881,0.150941,-0.534701,-1.960460,0.994816,3.728069,1.396376,-0.211110,0.507842,0.221209,0.084708,0.157493,0.637096,-0.419028
47.888019,-1.037301,0.780595,0.562385,0.518121,0.819402,1.184699,-0.573026,-0.261169,-0.893994,0.011370,0.490591,0.373977,0.797591,-0.294797,0.610671,0.151454,-0.534474,-1.960373,0.994977,3.728697,1.395968,-0.211888,0.509043,0.222806,0.085201,0.158373,0.633504,-0.416382
47.888927,-1.034808,0.781571,0.560812,0.518921,0.817729,1.187566,-0.572261,-0.253670,-0.883513,0.017192,0.488976,0.374744,0.796268,-0.294847,0.610465,0.151960,-0.534253,-1.960294,0.995148,3.729318,1.395548,-0.209294,0.507766,0.222902,0.082830,0.162175,0.631069,-0.417021
47.889964,-1.032187,0.788769,0.565009,0.518422,0.817606,1.186874,-0.573145,-0.252065,-0.871911,0.017876,0.487571,0.375863,0.794763,-0.294891,0.610251,0.152461,-0.534026,-1.960212,0.995313,3.729944,1.395129,-0.210239,0.506744,0.223513,0.082051,0.163373,0.628036,-0.418506
47.890986,-1.032457,0.792219,0.565218,0.519262,0.814853,1.187892,-0.573783,-0.251719,-0.854996,0.018064,0.485020,0.376918,0.792938,-0.294959,0.610038,0.152957,-0.533806,-1.960129,0.995476,3.730568,1.394717,-0.211544,0.503414,0.221648,0.082814,0.163242,0.629133,-0.416915
47.891994,-1.026806,0.797057,0.562568,0.519718,0.811936,1.188234,-0.573490,-0.246515,-0.826504,0.023867,0.478604,0.377520,0.790393,-0.295036,0.609827,0.153451,-0.533583,-1.960049,0.995645,3.731198,1.394302,-0.211370,0.501931,0.221749,0.082238,0.165693,0.628365,-0.415811
47.892955,-1.029250,0.796093,0.560585,0.518636,0.810419,1.190928,-0.574434,-0.234748,-0.785215,0.036947,0.467789,0.377538,0.786971,-0.295128,0.609610,0.153947,-0.533356,-1.959970,0.995815,3.731822,1.393885,-0.214100,0.499637,0.223182,0.082063,0.168252,0.628275,-0.416550
47.893960,-1.034456,0.796915,0.561074,0.518985,0.810637,1.189663,-0.576332,-0.218773,-0.734525,0.054876,0.453522,0.377161,0.782849,-0.295247,0.609399,0.154448,-0.533131,-1.959886,0.995989,3.732448,1.393472,-0.212673,0.499918,0.224163,0.083200,0.169288,0.625610,-0.414706
47.895021,-1.034555,0.805992,0.558920,0.520192,0.804828,1.190144,-0.576490,-0.204997,-0.680527,0.071379,0.436996,0.376952,0.778368,-0.295358,0.609193,0.154941,-0.532904,-1.959803,0.996158,3.733084,1.393066,-0.210053,0.499637,0.223995,0.083030,0.168704,0.627076,-0.411060
47.896057,-1.034450,0.803949,0.557267,0.518853,0.802454,1.189260,-0.577621,-0.197995,-0.625995,0.082152,0.418730,0.377291,0.773626,-0.295447,0.608986,0.155432,-0.532676,-1.959722,0.996344,3.733708,1.392657,-0.210152,0.495574,0.225313,0.082149,0.174133,0.627040,-0.411042
47.896928,-1.041070,0.801088,0.560882,0.518595,0.799760,1.188316,-0.578094,-0.197194,-0.570091,0.087815,0.398586,0.378114,0.768566,-0.295539,0.608774,0.155923,-0.532450,-1.959636,0.996526,3.734344,1.392252,-0.210208,0.496993,0.226326,0.083696,0.176029,0.628222,-0.408992
47.898026,-1.041859,0.804550,0.559268,0.515620,0.793949,1.186455,-0.581095,-0.202482,-0.516303,0.088192,0.377796,0.379368,0.763484,-0.295619,0.608576,0.156422,-0.532228,-1.959555,0.996705,3.734983,1.391853,-0.206630,0.497675,0.224258,0.083856,0.178091,0.628775,-0.408019
47.898983,-1.037824,0.802779,0.559320,0.513731,0.789584,1.183170,-0.581478,-0.214497,-0.467120,0.082550,0.356697,0.381126,0.758607,-0.295664,0.608369,0.156920,-0.532003,-1.959462,0.996897,3.735615,1.391459,-0.206481,0.496565,0.225467,0.086990,0.183486,0.631209,-0.402360
47.899980,-1.042475,0.809115,0.556066,0.512977,0.788985,1.179097,-0.581656,-0.230455,-0.419873,0.073662,0.333657,0.383268,0.753819,-0.295699,0.608156,0.157414,-0.531776,-1.959372,0.997090,3.736264,1.391057,-0.208315,0.497311,0.225385,0.088776,0.187177,0.634396,-0.401749
47.901010,-1.042444,0.808669,0.554491,0.512990,0.787114,1.176965,-0.585215,-0.247693,-0.371447,0.064141,0.307310,0.385687,0.748954,-0.295774,0.607955,0.157905,-0.531545,-1.959280,0.997277,3.736906,1.390660,-0.205991,0.494221,0.227053,0.089475,0.187197,0.638578,-0.401593
47.902034,-1.041836,0.807852,0.554567,0.512918,0.784297,1.170277,-0.584794,-0.267929,-0.320766,0.052427,0.277293,0.388576,0.743939,-0.295896,0.607746,0.158405,-0.531316,-1.959190,0.997466,3.737555,1.390276,-0.206057,0.494691,0.227968,0.089500,0.188561,0.640877,-0.394712
47.903081,-1.044500,0.809718,0.549996,0.511537,0.780461,1.168261,-0.584642,-0.291432,-0.270511,0.037909,0.245589,0.391857,0.738890,-0.296047,0.607543,0.158895,-0.531088,-1.959098,0.997665,3.738219,1.389883,-0.206442,0.495391,0.228044,0.089589,0.190758,0.647678,-0.395897
47.903953,-1.046774,0.803060,0.552325,0.510497,0.779255,1.164227,-0.585861,-0.317354,-0.223500,0.020966,0.214134,0.395340,0.733918,-0.296262,0.607341,0.159393,-0.530853,-1.959004,0.997868,3.738868,1.389478,-0.205239,0.494774,0.230458,0.090979,0.193969,0.649897,-0.396445
47.904985,-1.047566,0.798686,0.552277,0.511474,0.776173,1.163269,-0.585707,-0.347231,-0.181658,-0.000047,0.183496,0.399091,0.729156,-0.296570,0.607138,0.159890,-0.530627,-1.958910,0.998063,3.739530,1.389089,-0.203809,0.497422,0.228983,0.091634,0.194362,0.653432,-0.393982
47.906000,-1.052504,0.795934,0.550781,0.513420,0.775190,1.159374,-0.587116,-0.380883,-0.149658,-0.025438,0.156125,0.402937,0.724986,-0.296952,0.606937,0.160398,-0.530398,-1.958823,0.998266,3.740191,1.388698,-0.203558,0.499730,0.229163,0.090776,0.196808,0.654480,-0.394601
47.907040,-1.051434,0.797530,0.554155,0.513504,0.774207,1.155010,-0.586151,-0.418118,-0.132523,-0.055503,0.135346,0.406654,0.721804,-0.297376,0.606741,0.160903,-0.530168,-1.958738,0.998466,3.740851,1.388310,-0.201208,0.501152,0.229999,0.088956,0.197125,0.658463,-0.392013
47.908048,-1.056203,0.802866,0.551918,0.513502,0.773838,1.155035,-0.588036,-0.458215,-0.129442,-0.089570,0.121581,0.410154,0.719558,-0.297820,0.606537,0.161397,-0.529942,-1.958648,0.998659,3.741523,1.387910,-0.201883,0.500676,0.228487,0.088983,0.197561,0.662923,-0.394251
47.908940,-1.056046,0.808011,0.548489,0.515439,0.774607,1.155770,-0.588867,-0.498079,-0.132328,-0.124181,0.111335,0.413416,0.717713,-0.298259,0.606343,0.161894,-0.529706,-1.958557,0.998854,3.742179,1.387530,-0.199613,0.498101,0.229620,0.088977,0.197315,0.662907,-0.390710
47.910008,-1.057426,0.813672,0.550402,0.515444,0.771924,1.157124,-0.587604,-0.537380,-0.132597,-0.158231,0.100511,0.416710,0.715726,-0.298664,0.606143,0.162379,-0.529474,-1.958475,0.999051,3.742839,1.387144,-0.199511,0.495077,0.231046,0.086975,0.195758,0.661735,-0.389117
47.911002,-1.058819,0.812951,0.554307,0.514557,0.769034,1.158796,-0.588639,-0.575361,-0.125075,-0.190565,0.087197,0.420173,0.713283,-0.299031,0.605944,0.162869,-0.529244,-1.958387,0.999251,3.743493,1.386753,-0.199056,0.492807,0.230294,0.087176,0.197900,0.660687,-0.392030
47.912006,-1.056829,0.815511,0.552277,0.512941,0.769442,1.164230,-0.589332,-0.607994,-0.108233,-0.217466,0.071271,0.423578,0.710300,-0.299372,0.605750,0.163364,-0.529021,-1.958297,0.999456,3.744150,1.386367,-0.198474,0.493244,0.228438,0.088048,0.200058,0.658998,-0.390148
47.913113,-1.059233,0.810899,0.549361,0.515064,0.767397,1.165254,-0.589410,-0.632667,-0.084032,-0.236731,0.053387,0.426759,0.706955,-0.299671,0.605548,0.163849,-0.528788,-1.958200,0.999652,3.744801,1.385978,-0.199521,0.492180,0.229496,0.089525,0.198996,0.653597,-0.389009
47.914035,-1.058484,0.810589,0.547146,0.513344,0.765937,1.168544,-0.590179,-0.651566,-0.058905,-0.250797,0.036046,0.429762,0.703703,-0.299908,0.605354,0.164349,-0.528553,-1.958115,0.999858,3.745444,1.385586,-0.198694,0.495198,0.231237,0.087719,0.200487,0.653150,-0.389282
47.914965,-1.060697,0.808097,0.546824,0.512925,0.761990,1.167810,-0.589931,-0.669283,-0.041210,-0.264480,0.022818,0.432647,0.701063,-0.300076,0.605155,0.164838,-0.528323,-1.958024,1.000061,3.746091,1.385206,-0.198965,0.495015,0.232153,0.089270,0.201129,0.649596,-0.387852
47.915978,-1.058403,0.805425,0.546929,0.514155,0.763529,1.170867,-0.589646,-0.687498,-0.033222,-0.279516,0.014303,0.435321,0.699188,-0.300184,0.604962,0.165338,-0.528089,-1.957935,1.000271,3.746746,1.384816,-0.197805,0.495876,0.232105,0.089539,0.204243,0.650126,-0.388474
47.917007,-1.062785,0.809233,0.546438,0.516658,0.762981,1.170977,-0.590321,-0.704844,-0.034851,-0.294704,0.010572,0.437469,0.698097,-0.300249,0.604760,0.165838,-0.527853,-1.957850,1.000469,3.747384,1.384428,-0.199041,0.497312,0.232056,0.088439,0.202024,0.647220,-0.389304
47.917992,-1.061938,0.814673,0.547297,0.518074,0.764365,1.173132,-0.589242,-0.720144,-0.046769,-0.309078,0.012820,0.438767,0.697837,-0.300307,0.604564,0.166323,-0.527623,-1.957766,1.000667,3.748031,1.384037,-0.196999,0.495759,0.232417,0.086120,0.201978,0.647327,-0.388212
47.918903,-1.064567,0.818295,0.551667,0.517820,0.767881,1.175130,-0.589334,-0.732836,-0.064874,-0.321794,0.019926,0.439134,0.698141,-0.300396,0.604368,0.166811,-0.527393,-1.957684,1.000865,3.748665,1.383648,-0.197515,0.493111,0.231975,0.084866,0.199907,0.645253,-0.390611
47.920072,-1.060833,0.819781,0.549949,0.517472,0.768806,1.178782,-0.590569,-0.740477,-0.081350,-0.329998,0.028456,0.438618,0.698595,-0.300525,0.604172,0.167301,-0.527171,-1.957599,1.001054,3.749303,1.383259,-0.196076,0.490918,0.229654,0.085072,0.195694,0.643028,-0.390478
47.920945,-1.060608,0.815748,0.547024,0.518661,0.765296,1.174642,-0.588684,-0.740694,-0.091877,-0.331171,0.035814,0.437379,0.699111,-0.300673,0.603969,0.167790,-0.526934,-1.957511,1.001244,3.749942,1.382878,-0.198411,0.491372,0.230977,0.085834,0.194453,0.640165,-0.388555
47.921948,-1.061531,0.810508,0.547892,0.516734,0.765185,1.172885,-0.588903,-0.734429,-0.099966,-0.326428,0.043077,0.435620,0.700018,-0.300823,0.603770,0.168285,-0.526699,-1.957430,1.001450,3.750597,1.382477,-0.198265,0.492720,0.232060,0.084556,0.197114,0.643899,-0.392338
47.922957,-1.070393,0.804668,0.543524,0.518772,0.762866,1.173090,-0.588289,-0.725088,-0.112582,-0.319422,0.052933,0.433560,0.701699,-0.300955,0.603570,0.168782,-0.526470,-1.957338,1.001646,3.751237,1.382083,-0.197863,0.495437,0.231671,0.086477,0.196570,0.645769,-0.392078
47.924016,-1.063773,0.798260,0.542128,0.518740,0.760486,1.171027,-0.586603,-0.719555,-0.137025,-0.316915,0.067429,0.431677,0.704516,-0.301043,0.603385,0.169288,-0.526231,-1.957258,1.001845,3.751871,1.381685,-0.193649,0.498358,0.233840,0.084663,0.198256,0.645735,-0.393535
47.924929,-1.060553,0.795032,0.546327,0.519351,0.762070,1.169382,-0.586157,-0.723175,-0.179749,-0.324207,0.088898,0.430221,0.708777,-0.301092,0.603178,0.169803,-0.525998,-1.957171,1.002051,3.752519,1.381279,-0.197161,0.501771,0.234685,0.084912,0.199997,0.648127,-0.397201
47.925938,-1.061459,0.792788,0.549395,0.520034,0.764650,1.170054,-0.585044,-0.730024,-0.239823,-0.335983,0.118004,0.428608,0.714318,-0.301115,0.602972,0.170304,-0.525767,-1.957086,1.002242,3.753171,1.380877,-0.198515,0.502849,0.232335,0.084209,0.197669,0.649467,-0.398089
47.927021,-1.061276,0.801008,0.549311,0.520323,0.766333,1.175514,-0.584722,-0.731270,-0.310177,-0.343852,0.152599,0.426217,0.720598,-0.301113,0.602774,0.170814,-0.525537,-1.957004,1.002433,3.753812,1.380471,-0.198158,0.503933,0.230873,0.083730,0.194515,0.648926,-0.400512
47.928047,-1.055298,0.803999,0.552904,0.520408,0.768419,1.175962,-0.582262,-0.725088,-0.381812,-0.345457,0.188397,0.423141,0.727034,-0.301092,0.602571,0.171302,-0.525308,-1.956919,1.002622,3.754452,1.380068,-0.198479,0.500454,0.231215,0.083740,0.192401,0.643872,-0.401468
47.928897,-1.055573,0.799343,0.547944,0.521356,0.766168,1.176840,-0.583469,-0.709857,-0.443687,-0.338442,0.220124,0.419587,0.733053,-0.301065,0.602361,0.171806,-0.525080,-1.956836,1.002806,3.755087,1.379656,-0.201498,0.499115,0.229541,0.083873,0.189840,0.643726,-0.406616
47.930024,-1.052899,0.790396,0.550339,0.520093,0.766703,1.176286,-0.583571,-0.684711,-0.491786,-0.321754,0.246180,0.415641,0.738537,-0.301026,0.602160,0.172313,-0.524845,-1.956754,1.002999,3.755730,1.379253,-0.201002,0.500503,0.231612,0.082794,0.191330,0.642341,-0.404031
47.930993,-1.050973,0.783826,0.551824,0.520677,0.766148,1.175835,-0.583750,-0.654480,-0.534087,-0.300389,0.269778,0.411580,0.744106,-0.300934,0.601954,0.172825,-0.524615,-1.956667,1.003185,3.756382,1.378846,-0.202663,0.505660,0.230776,0.084424,0.190411,0.643473,-0.404242
47.932004,-1.048507,0.781852,0.550549,0.521678,0.764925,1.170288,-0.585385,-0.622372,-0.580140,-0.278018,0.294754,0.407531,0.750516,-0.300755,0.601750,0.173343,-0.524383,-1.956584,1.003377,3.757026,1.378446,-0.203540,0.508547,0.229960,0.083899,0.190343,0.643887,-0.404011
47.932907,-1.051418,0.779111,0.554878,0.521289,0.765575,1.166633,-0.584875,-0.588308,-0.632491,-0.254783,0.322571,0.403391,0.757997,-0.300493,0.601542,0.173849,-0.524152,-1.956502,1.003570,3.757691,1.378047,-0.204770,0.509531,0.230671,0.083118,0.190991,0.649498,-0.400927
47.933923,-1.049972,0.778288,0.552151,0.522356,0.766787,1.160137,-0.584693,-0.553141,-0.687521,-0.231090,0.351726,0.399177,0.766201,-0.300191,0.601343,0.174363,-0.523928,-1.956418,1.003754,3.758360,1.377640,-0.203124,0.510176,0.228318,0.083454,0.189688,0.652693,-0.401976
47.935050,-1.049220,0.785106,0.553325,0.523184,0.769744,1.159302,-0.584504,-0.518651,-0.740472,-0.208021,0.379606,0.395055,0.774581,-0.299907,0.601138,0.174879,-0.523695,-1.956339,1.003938,3.759025,1.377240,-0.203905,0.510517,0.229760,0.082674,0.187981,0.659255,-0.402550
47.935989,-1.047577,0.795459,0.558229,0.524647,0.772205,1.153023,-0.585191,-0.485900,-0.786269,-0.185996,0.403661,0.391189,0.782549,-0.299678,0.600930,0.175377,-0.523470,-1.956257,1.004113,3.759693,1.376832,-0.204559,0.507884,0.229619,0.082296,0.184763,0.660493,-0.403315
47.936965,-1.049175,0.798278,0.559491,0.525430,0.772389,1.154039,-0.585628,-0.451481,-0.814973,-0.161095,0.420001,0.387515,0.789242,-0.299523,0.600726,0.175873,-0.523245,-1.956179,1.004297,3.760365,1.376437,-0.205237,0.502387,0.227064,0.080980,0.181716,0.666509,-0.402022
47.938015,-1.050222,0.798457,0.560997,0.530505,0.774001,1.156714,-0.585112,-0.411251,-0.818078,-0.128872,0.425694,0.383893,0.793879,-0.299450,0.600519,0.176376,-0.523021,-1.956097,1.004475,3.761028,1.376039,-0.204341,0.500869,0.226494,0.080351,0.181072,0.665308,-0.401304
47.938953,-1.051415,0.793435,0.560816,0.527657,0.774418,1.159172,-0.584708,-0.366969,-0.800627,-0.091283,0.423874,0.380348,0.796607,-0.299449,0.600316,0.176872,-0.522794,-1.956029,1.004652,3.761690,1.375635,-0.203962,0.501170,0.225960,0.075852,0.179077,0.662801,-0.402618
47.939906,-1.048116,0.793205,0.563981,0.529192,0.773103,1.160641,-0.584960,-0.323696,-0.775406,-0.053862,0.420373,0.377054,0.798195,-0.299490,0.600113,0.177381,-0.522567,-1.955943,1.004828,3.762338,1.375231,-0.203231,0.503243,0.225958,0.078744,0.178165,0.660172,-0.403484
47.941031,-1.049477,0.792998,0.565268,0.530124,0.774483,1.162551,-0.584546,-0.283243,-0.749864,-0.018742,0.417625,0.374082,0.799161,-0.299523,0.599904,0.177878,-0.522347,-1.955869,1.005010,3.762995,1.374824,-0.204740,0.503117,0.224381,0.077439,0.178948,0.658542,-0.403042
47.942026,-1.048804,0.798406,0.566934,0.531608,0.777046,1.166202,-0.585256,-0.243885,-0.726245,0.015499,0.416550,0.371189,0.799716,-0.299507,0.599700,0.178385,-0.522123,-1.955792,1.005180,3.763650,1.374418,-0.204359,0.503913,0.224213,0.077100,0.177334,0.657156,-0.404277
47.942899,-1.047341,0.802788,0.570197,0.533937,0.778266,1.166665,-0.585728,-0.205120,-0.704190,0.049372,0.417219,0.368216,0.799897,-0.299438,0.599496,0.178883,-0.521902,-1.955718,1.005349,3.764297,1.374016,-0.204698,0.501198,0.223508,0.075976,0.174397,0.653546,-0.403004
47.944043,-1.047387,0.808771,0.568505,0.533271,0.779528,1.170544,-0.585890,-0.165631,-0.679208,0.084436,0.417937,0.365028,0.799448,-0.299325,0.599288,0.179370,-0.521683,-1.955649,1.005517,3.764947,1.373611,-0.205076,0.498428,0.221675,0.073856,0.172675,0.652669,-0.402003
47.944951,-1.047665,0.812350,0.566126,0.532794,0.784877,1.172108,-0.585873,-0.124001,-0.646580,0.122383,0.416683,0.361528,0.798035,-0.299185,0.599084,0.179864,-0.521455,-1.955571,1.005687,3.765582,1.373209,-0.205421,0.496413,0.223022,0.075154,0.171240,0.649488,-0.402129
47.945947,-1.049351,0.812363,0.571440,0.533122,0.786668,1.178515,-0.585299,-0.048004,-0.555838,0.195288,0.400754,0.355197,0.791964,-0.298884,0.598678,0.180843,-0.521013,-1.955421,1.006000,3.766858,1.372402,-0.204235,0.494352,0.221530,0.075801,0.163501,0.641367,-0.403499
47.947017,-1.049623,0.814361,0.574445,0.533319,0.787058,1.181641,-0.585896,-0.048004,-0.555838,0.195288,0.400754,0.355197,0.791964,-0.298884,0.598678,0.180843,-0.521013,-1.955421,1.006000,3.766858,1.372402,-0.204235,0.494352,0.221530,0.075801,0.163501,0.641367,-0.403499
47.948022,-1.046501,0.814013,0.575441,0.534690,0.786261,1.186654,-0.587615,-0.015832,-0.503665,0.227759,0.387449,0.352599,0.787759,-0.298705,0.598471,0.181340,-0.520792,-1.955344,1.006162,3.767492,1.372001,-0.204249,0.493834,0.220387,0.076069,0.162931,0.638711,-0.402593
47.948932,-1.045818,0.811514,0.581111,0.534301,0.789912,1.186013,-0.587988,0.015513,-0.452445,0.259784,0.373984,0.349931,0.783268,-0.298478,0.598260,0.181830,-0.520574,-1.955271,1.006322,3.768126,1.371607,-0.205766,0.494192,0.220099,0.075100,0.163472,0.633850,-0.399354
47.950014,-1.049588,0.812568,0.584921,0.532949,0.789379,1.187727,-0.590112,0.048459,-0.405452,0.293225,0.362609,0.346836,0.778837,-0.298197,0.598053,0.182329,-0.520362,-1.955197,1.006476,3.768759,1.371212,-0.205850,0.494949,0.217238,0.075679,0.159451,0.634351,-0.398680
47.950999,-1.047162,0.818985,0.582116,0.532275,0.792782,1.186264,-0.590477,0.083320,-0.363443,0.328325,0.353260,0.343310,0.774631,-0.297874,0.597852,0.182825,-0.520153,-1.955116,1.006638,3.769396,1.370825,-0.204194,0.494977,0.215861,0.077448,0.159855,0.633078,-0.394784
47.951914,-1.046844,0.815582,0.583176,0.529678,0.792803,1.185469,-0.590435,0.117339,-0.322827,0.363078,0.342988,0.339774,0.770472,-0.297544,0.597646,0.183309,-0.519929,-1.955036,1.006786,3.770037,1.370432,-0.205388,0.491862,0.217361,0.078294,0.156238,0.634624,-0.394278
47.952965,-1.046992,0.814617,0.585396,0.528197,0.797915,1.185276,-0.590911,0.148133,-0.279514,0.395804,0.328908,0.336657,0.766072,-0.297270,0.597441,0.183807,-0.519711,-1.954950,1.006944,3.770672,1.370040,-0.205321,0.493148,0.216758,0.080833,0.155893,0.635227,-0.394442
47.953955,-1.052601,0.814335,0.591132,0.527907,0.797755,1.188129,-0.592161,0.174702,-0.234569,0.425442,0.310797,0.334204,0.761431,-0.297074,0.597233,0.184299,-0.519498,-1.954865,1.007088,3.771310,1.369647,-0.205330,0.494057,0.216029,0.082531,0.150694,0.635756,-0.393786
47.955034,-1.052162,0.812963,0.591321,0.525468,0.796095,1.186513,-0.592591,0.212272,-0.150905,0.471269,0.267364,0.331699,0.752079,-0.296851,0.596833,0.185300,-0.519076,-1.954692,1.007392,3.772573,1.368874,-0.203035,0.495336,0.213805,0.085577,0.152298,0.635143,-0.391037
47.956032,-1.051072,0.808644,0.593144,0.525654,0.797282,1.186712,-0.592120,0.212272,-0.150905,0.471269,0.267364,0.331699,0.752079,-0.296851,0.596833,0.185300,-0.519076,-1.954692,1.007392,3.772573,1.368874,-0.203035,0.495336,0.213805,0.085577,0.152298,0.635143,-0.391037
47.956910,-1.057629,0.809496,0.598111,0.525684,0.798306,1.184939,-0.593250,0.223419,-0.115775,0.487025,0.244413,0.331479,0.747663,-0.296811,0.596626,0.185798,-0.518864,-1.954607,1.007538,3.773212,1.368476,-0.203555,0.497546,0.213131,0.085458,0.150948,0.635039,-0.392187
47.957892,-1.055592,0.808532,0.592352,0.527714,0.799668,1.186418,-0.592978,0.231925,-0.065488,0.504501,0.202997,0.332206,0.740056,-0.296806,0.596231,0.186784,-0.518436,-1.954441,1.007829,3.774482,1.367701,-0.201137,0.496964,0.213631,0.083412,0.148131,0.635067,-0.390697
47.959020,-1.059550,0.815909,0.591819,0.528615,0.801482,1.181931,-0.591835,0.231925,-0.065488,0.504501,0.202997,0.332206,0.740056,-0.296806,0.596231,0.186784,-0.518436,-1.954441,1.007829,3.774482,1.367701,-0.201137,0.496964,0.213631,0.083412,0.148131,0.635067,-0.390697
47.960063,-1.056605,0.817293,0.594155,0.529192,0.805760,1.180074,-0.591950,0.225385,-0.048317,0.502941,0.185203,0.333222,0.736845,-0.296807,0.596036,0.187275,-0.518219,-1.954358,1.007969,3.775122,1.367308,-0.199561,0.494138,0.214424,0.082980,0.146414,0.640249,-0.393446
47.960942,-1.059149,0.816785,0.596772,0.527829,0.807882,1.178452,-0.592733,0.212180,-0.031254,0.495434,0.167769,0.334680,0.733704,-0.296814,0.595832,0.187771,-0.518010,-1.954275,1.008102,3.775767,1.366910,-0.201174,0.493814,0.213649,0.082659,0.142172,0.642339,-0.393464
47.962014,-1.058167,0.818571,0.596676,0.528955,0.809953,1.177294,-0.593696,0.196949,-0.010583,0.486352,0.149351,0.336395,0.730432,-0.296802,0.595632,0.188259,-0.517798,-1.954187,1.008237,3.776417,1.366521,-0.199634,0.493502,0.212245,0.083824,0.139892,0.643530,-0.391894
47.962985,-1.057544,0.819974,0.598037,0.530713,0.809023,1.174056,-0.595345,0.182038,0.013627,0.477718,0.130006,0.338318,0.727076,-0.296713,0.595432,0.188753,-0.517582,-1.954105,1.008372,3.777058,1.366137,-0.200380,0.493148,0.212722,0.083022,0.137901,0.645093,-0.390353
47.963934,-1.060233,0.819033,0.596774,0.530914,0.807147,1.172226,-0.593894,0.168583,0.039828,0.470347,0.111141,0.340339,0.723706,-0.296531,0.595229,0.189238,-0.517372,-1.954026,1.008510,3.777712,1.365755,-0.200646,0.492468,0.212232,0.081434,0.138766,0.648265,-0.387248
47.965037,-1.063006,0.822680,0.599675,0.532133,0.806232,1.172561,-0.594787,0.156684,0.065690,0.464056,0.094632,0.342306,0.720406,-0.296293,0.595036,0.189731,-0.517158,-1.953945,1.008648,3.778360,1.365366,-0.199299,0.492747,0.212963,0.081351,0.140543,0.649951,-0.390350
47.966016,-1.061910,0.824834,0.593928,0.529770,0.806913,1.170642,-0.595523,0.144221,0.089429,0.456810,0.081109,0.344252,0.717271,-0.296033,0.594836,0.190224,-0.516946,-1.953865,1.008789,3.779014,1.364972,-0.198228,0.491648,0.212043,0.080600,0.141511,0.650044,-0.388919
47.966924,-1.056816,0.821065,0.590648,0.529200,0.806423,1.168427,-0.594212,0.129305,0.112026,0.447127,0.069152,0.346311,0.714290,-0.295775,0.594633,0.190709,-0.516726,-1.953776,1.008926,3.779674,1.364586,-0.198759,0.490651,0.215046,0.082963,0.140743,0.651892,-0.387655
47.968046,-1.057075,0.821783,0.594252,0.530255,0.805618,1.167017,-0.595138,0.111296,0.134028,0.434601,0.057286,0.348548,0.711455,-0.295568,0.594429,0.191204,-0.516507,-1.953693,1.009067,3.780334,1.364195,-0.201109,0.492092,0.216584,0.083473,0.141040,0.653747,-0.390376
47.968981,-1.056128,0.821515,0.596564,0.531218,0.808090,1.169443,-0.594355,0.092769,0.152573,0.421202,0.046928,0.350599,0.708892,-0.295441,0.594229,0.191699,-0.516298,-1.953610,1.009211,3.780999,1.363807,-0.201311,0.492537,0.215384,0.082846,0.141913,0.655610,-0.388940
47.969923,-1.052030,0.825092,0.596037,0.532292,0.808480,1.168613,-0.593621,0.077883,0.165354,0.410292,0.040258,0.351951,0.706683,-0.295371,0.594024,0.192185,-0.516086,-1.953530,1.009343,3.781658,1.363411,-0.201625,0.492469,0.214298,0.081974,0.139328,0.652885,-0.390622
47.971012,-1.052948,0.830588,0.598269,0.534186,0.811267,1.168310,-0.593272,0.069639,0.173675,0.404647,0.037477,0.352381,0.704727,-0.295338,0.593819,0.192672,-0.515867,-1.953452,1.009485,3.782307,1.363020,-0.203550,0.490494,0.214587,0.081052,0.138794,0.653587,-0.392209
47.972016,-1.054266,0.831451,0.603860,0.533296,0.811477,1.170019,-0.591180,0.069571,0.181374,0.406002,0.037259,0.351926,0.702727,-0.295327,0.593616,0.193154,-0.515656,-1.953375,1.009616,3.782967,1.362624,-0.203313,0.488522,0.213976,0.079655,0.136121,0.654238,-0.393265
47.972935,-1.052522,0.833088,0.601184,0.532915,0.810015,1.175182,-0.591380,0.077360,0.191144,0.414310,0.038054,0.350823,0.700441,-0.295318,0.593418,0.193643,-0.515450,-1.953295,1.009753,3.783610,1.362219,-0.202735,0.488293,0.211498,0.080805,0.135911,0.652626,-0.397658
47.974090,-1.053856,0.829712,0.604858,0.532919,0.806877,1.175557,-0.590642,0.091366,0.202966,0.428140,0.038787,0.349404,0.697913,-0.295310,0.593212,0.194131,-0.515236,-1.953213,1.009895,3.784253,1.361821,-0.203411,0.487152,0.212880,0.081209,0.137190,0.647208,-0.397264
47.974977,-1.059127,0.818924,0.600390,0.532411,0.805904,1.177997,-0.588278,0.108807,0.213198,0.444764,0.040152,0.347938,0.695484,-0.295301,0.593007,0.194621,-0.515026,-1.953133,1.010043,3.784903,1.361412,-0.203114,0.489948,0.211725,0.081765,0.140404,0.647561,-0.399192
47.975933,-1.057947,0.815038,0.606146,0.532975,0.803546,1.178511,-0.589479,0.123376,0.211834,0.457757,0.045605,0.346763,0.693818,-0.295267,0.592815,0.195126,-0.514807,-1.953052,1.010187,3.785537,1.361002,-0.200337,0.494659,0.213846,0.082233,0.141097,0.644802,-0.403894
47.976953,-1.058511,0.811647,0.605515,0.531209,0.801285,1.181951,-0.587454,0.129774,0.189817,0.461628,0.058462,0.346087,0.693535,-0.295163,0.592613,0.195621,-0.514601,-1.952970,1.010334,3.786182,1.360603,-0.200885,0.496386,0.211126,0.081766,0.143271,0.644225,-0.401535
47.977885,-1.062797,0.807367,0.608122,0.533477,0.801969,1.180630,-0.586577,0.130403,0.148140,0.458572,0.078435,0.345626,0.694727,-0.294973,0.592414,0.196124,-0.514388,-1.952885,1.010481,3.786810,1.360186,-0.200710,0.498186,0.211767,0.083701,0.145426,0.641028,-0.405808
47.978962,-1.060537,0.811384,0.609396,0.534986,0.803815,1.182402,-0.587128,0.127230,0.091138,0.450734,0.103622,0.345193,0.697237,-0.294742,0.592219,0.196632,-0.514182,-1.952807,1.010623,3.787454,1.359776,-0.198494,0.499853,0.210583,0.081531,0.144524,0.642218,-0.407565
47.980055,-1.059863,0.809673,0.611751,0.534719,0.805928,1.185681,-0.588434,0.120660,0.023274,0.438874,0.132565,0.344722,0.700802,-0.294519,0.592015,0.197123,-0.513972,-1.952727,1.010762,3.788093,1.359371,-0.199869,0.498409,0.210454,0.080436,0.142721,0.640853,-0.406743
47.980957,-1.060101,0.809498,0.609295,0.534901,0.806769,1.187555,-0.588953,0.114507,-0.048459,0.426908,0.162927,0.344018,0.705050,-0.294332,0.591817,0.197629,-0.513761,-1.952644,1.010898,3.788718,1.358970,-0.200506,0.499810,0.209799,0.081101,0.140696,0.638137,-0.404469
47.982042,-1.059235,0.805270,0.614638,0.534089,0.806170,1.189123,-0.587836,0.110166,-0.119103,0.416425,0.192219,0.343165,0.709790,-0.294216,0.591616,0.198136,-0.513550,-1.952564,1.011035,3.789351,1.358567,-0.200181,0.499234,0.211036,0.080924,0.139702,0.636049,-0.403445
47.983068,-1.065814,0.801367,0.612097,0.535957,0.805653,1.189253,-0.587822,0.106990,-0.186973,0.406930,0.219280,0.342362,0.714992,-0.294213,0.591412,0.198639,-0.513342,-1.952479,1.011177,3.789986,1.358162,-0.200837,0.501866,0.208871,0.082060,0.140338,0.634970,-0.406031
47.984024,-1.063724,0.798038,0.611929,0.536071,0.806707,1.189954,-0.589239,0.103013,-0.254284,0.396440,0.245046,0.341791,0.720780,-0.294331,0.591223,0.199152,-0.513129,-1.952403,1.011320,3.790615,1.357755,-0.197769,0.503839,0.210489,0.080555,0.140791,0.635143,-0.406243
47.984984,-1.063460,0.795357,0.609637,0.537882,0.803943,1.188413,-0.589486,0.093804,-0.324636,0.380727,0.271106,0.341756,0.727325,-0.294513,0.591023,0.199659,-0.512919,-1.952323,1.011458,3.791253,1.357351,-0.198800,0.505177,0.210714,0.080575,0.139613,0.634392,-0.403477
47.986044,-1.062841,0.792577,0.614306,0.538672,0.802880,1.186987,-0.590333,0.078842,-0.397865,0.359361,0.297876,0.342273,0.734576,-0.294733,0.590825,0.200171,-0.512703,-1.952248,1.011605,3.791894,1.356953,-0.198907,0.506158,0.211970,0.079031,0.142228,0.635910,-0.403130
47.986995,-1.059457,0.790368,0.616407,0.539482,0.805258,1.185192,-0.591335,0.061824,-0.471896,0.335781,0.325472,0.342972,0.742303,-0.295003,0.590624,0.200686,-0.512499,-1.952169,1.011750,3.792531,1.356559,-0.199413,0.507760,0.210117,0.078642,0.143234,0.637713,-0.401745
47.987909,-1.058053,0.796085,0.613881,0.541045,0.808788,1.186407,-0.594151,0.047897,-0.543962,0.314761,0.353564,0.343399,0.750185,-0.295307,0.590419,0.201191,-0.512291,-1.952093,1.011885,3.793175,1.356159,-0.200998,0.508527,0.209235,0.078056,0.140741,0.639415,-0.399840
47.988889,-1.049510,0.806254,0.612245,0.542041,0.810662,1.187456,-0.592213,0.040409,-0.608406,0.299775,0.379940,0.343406,0.757747,-0.295625,0.590219,0.201691,-0.512077,-1.952019,1.012016,3.793809,1.355779,-0.201537,0.505137,0.210513,0.076687,0.137104,0.637977,-0.394283
47.989937,-1.054006,0.807540,0.613356,0.543085,0.813301,1.188513,-0.591637,0.041013,-0.655141,0.293249,0.400253,0.343117,0.764311,-0.296003,0.590004,0.202178,-0.511867,-1.951941,1.012150,3.794448,1.355372,-0.205671,0.500101,0.211548,0.075933,0.135215,0.636983,-0.398381
47.991099,-1.053619,0.810725,0.618120,0.544274,0.815006,1.187947,-0.594699,0.050218,-0.677491,0.296304,0.411581,0.342692,0.769446,-0.296480,0.589806,0.202677,-0.511655,-1.951864,1.012277,3.795082,1.354976,-0.203569,0.499831,0.211368,0.075308,0.132694,0.636274,-0.399795
47.992026,-1.048492,0.807434,0.617919,0.543501,0.813426,1.189115,-0.594730,0.064877,-0.678946,0.305942,0.415058,0.342371,0.773340,-0.297007,0.589602,0.203177,-0.511449,-1.951791,1.012407,3.795726,1.354582,-0.204187,0.499229,0.209755,0.074874,0.131250,0.637599,-0.394105
47.992905,-1.046383,0.808409,0.616456,0.546166,0.811434,1.183297,-0.593646,0.084075,-0.666272,0.320827,0.413554,0.342107,0.776478,-0.297540,0.589389,0.203677,-0.511237,-1.951712,1.012543,3.796373,1.354189,-0.206494,0.500478,0.209921,0.075749,0.132731,0.636195,-0.394184
47.994036,-1.053451,0.812091,0.620713,0.547256,0.812548,1.178069,-0.595969,0.108745,-0.644921,0.341375,0.409985,0.341607,0.779286,-0.298109,0.589181,0.204174,-0.511023,-1.951643,1.012679,3.797023,1.353796,-0.207200,0.499297,0.210547,0.073304,0.134536,0.641656,-0.396371
47.995027,-1.052318,0.808288,0.618103,0.547169,0.812184,1.171685,-0.595737,0.135605,-0.618074,0.364582,0.405961,0.340851,0.781828,-0.298727,0.588982,0.204664,-0.510819,-1.951570,1.012809,3.797685,1.353411,-0.204012,0.498397,0.209117,0.072918,0.133604,0.647394,-0.392146
47.995956,-1.048456,0.809718,0.613059,0.546107,0.814799,1.169185,-0.594766,0.175050,-0.559451,0.400437,0.397247,0.339568,0.785783,-0.300044,0.588566,0.205664,-0.510384,-1.951421,1.013069,3.799013,1.352619,-0.206293,0.499150,0.213140,0.074633,0.131296,0.655883,-0.394881
47.996951,-1.048240,0.814217,0.612807,0.550694,0.817453,1.164601,-0.595178,0.175050,-0.559451,0.400437,0.397247,0.339568,0.785783,-0.300044,0.588566,0.205664,-0.510384,-1.951421,1.013069,3.799013,1.352619,-0.206293,0.499150,0.213140,0.074633,0.131296,0.655883,-0.394881
47.997940,-1.051473,0.822308,0.614289,0.549217,0.820325,1.165967,-0.596205,0.184522,-0.530569,0.410234,0.392137,0.339229,0.787008,-0.300775,0.588358,0.206151,-0.510173,-1.951358,1.013195,3.799683,1.352222,-0.206331,0.497040,0.213488,0.070631,0.128705,0.660410,-0.394219
47.998949,-1.052266,0.830850,0.613675,0.551401,0.822029,1.167314,-0.597832,0.188891,-0.497814,0.416424,0.385103,0.339043,0.787254,-0.301535,0.588157,0.206638,-0.509960,-1.951282,1.013315,3.800335,1.351835,-0.204718,0.493098,0.212952,0.072486,0.125947,0.658989,-0.392374
48.000074,-1.057378,0.835568,0.614804,0.553523,0.821697,1.170537,-0.598270,0.189140,-0.454920,0.420431,0.372979,0.339188,0.786102,-0.302271,0.587952,0.207125,-0.509749,-1.951214,1.013436,3.800995,1.351450,-0.204355,0.489063,0.213557,0.070788,0.124394,0.657678,-0.389374
48.001005,-1.053890,0.831140,0.612327,0.553087,0.821822,1.169680,-0.598485,0.175784,-0.342793,0.420132,0.335441,0.340870,0.780284,-0.303574,0.587546,0.208100,-0.509316,-1.951074,1.013687,3.802295,1.350675,-0.203741,0.489664,0.214791,0.070212,0.124842,0.655669,-0.388670
48.001945,-1.055808,0.833274,0.613716,0.550591,0.822019,1.168992,-0.599601,0.162137,-0.287293,0.414517,0.315767,0.342310,0.776710,-0.304104,0.587345,0.208582,-0.509106,-1.950997,1.013813,3.802955,1.350289,-0.202662,0.488453,0.214189,0.072915,0.124642,0.656125,-0.386561
48.002950,-1.056719,0.833741,0.611014,0.548755,0.822355,1.171950,-0.598686,0.162137,-0.287293,0.414517,0.315767,0.342310,0.776710,-0.304104,0.587345,0.208582,-0.509106,-1.950997,1.013813,3.802955,1.350289,-0.202662,0.488453,0.214189,0.072915,0.124642,0.656125,-0.386561
48.004000,-1.055005,0.828635,0.610533,0.548827,0.820201,1.172412,-0.598713,0.144267,-0.234297,0.405476,0.294702,0.344264,0.772982,-0.304579,0.587146,0.209071,-0.508889,-1.950919,1.013935,3.803603,1.349896,-0.202289,0.488419,0.215781,0.075030,0.124424,0.653220,-0.388658
48.005034,-1.057351,0.829350,0.607838,0.546342,0.821070,1.174017,-0.599398,0.121477,-0.186269,0.392115,0.272659,0.346745,0.769319,-0.305069,0.586941,0.209573,-0.508677,-1.950842,1.014065,3.804258,1.349507,-0.203280,0.491298,0.216395,0.075355,0.126697,0.653011,-0.388907
48.006081,-1.057810,0.829720,0.609886,0.547075,0.824627,1.175791,-0.601814,0.093426,-0.148185,0.373573,0.251929,0.349569,0.765948,-0.305591,0.586737,0.210060,-0.508453,-1.950759,1.014188,3.804911,1.349119,-0.202183,0.491299,0.217954,0.078099,0.125950,0.651573,-0.387822
48.007064,-1.058952,0.831963,0.610468,0.545712,0.827028,1.181341,-0.602029,0.059946,-0.119880,0.349649,0.232285,0.352689,0.762714,-0.306107,0.586536,0.210553,-0.508237,-1.950683,1.014303,3.805555,1.348750,-0.202125,0.491504,0.217253,0.077773,0.122610,0.650079,-0.383353
48.007948,-1.055249,0.833275,0.611482,0.546827,0.828374,1.184807,-0.600257,0.023055,-0.097766,0.322319,0.212504,0.356019,0.759360,-0.306609,0.586335,0.211040,-0.508020,-1.950603,1.014419,3.806199,1.348368,-0.201551,0.490453,0.217111,0.079351,0.120372,0.644519,-0.383194
48.009092,-1.059462,0.834879,0.611111,0.546426,0.830178,1.189022,-0.602405,-0.012899,-0.077607,0.295633,0.191819,0.359304,0.755732,-0.307145,0.586133,0.211527,-0.507804,-1.950529,1.014535,3.806826,1.347981,-0.203171,0.489270,0.216484,0.078335,0.119054,0.640804,-0.386807
48.009944,-1.058703,0.826617,0.614444,0.546540,0.834219,1.189472,-0.604335,-0.076491,-0.039931,0.249102,0.149998,0.365351,0.748060,-0.308200,0.585729,0.212520,-0.507376,-1.950367,1.014752,3.808104,1.347228,-0.201495,0.492768,0.215435,0.079046,0.113663,0.636406,-0.379136
48.010979,-1.056028,0.822710,0.606002,0.546431,0.833895,1.192359,-0.603411,-0.108061,-0.032459,0.224895,0.133922,0.368333,0.744962,-0.308653,0.585524,0.213020,-0.507144,-1.950285,1.014865,3.808733,1.346847,-0.202926,0.494945,0.219835,0.079438,0.114287,0.633826,-0.381373
48.011944,-1.054691,0.823780,0.607784,0.544863,0.835756,1.187598,-0.602950,-0.141165,-0.035973,0.198279,0.122755,0.371442,0.742745,-0.309092,0.585321,0.213510,-0.506928,-1.950200,1.014975,3.809378,1.346464,-0.203523,0.494319,0.218997,0.081056,0.112591,0.638614,-0.382477
48.012907,-1.052190,0.818463,0.608572,0.543696,0.838010,1.186872,-0.607097,-0.141165,-0.035973,0.198279,0.122755,0.371442,0.742745,-0.309092,0.585321,0.213510,-0.506928,-1.950200,1.014975,3.809378,1.346464,-0.203523,0.494319,0.218997,0.081056,0.112591,0.638614,-0.382477
48.014044,-1.050596,0.823365,0.604305,0.543797,0.836647,1.186223,-0.606697,-0.201574,-0.056279,0.148838,0.106621,0.377865,0.739585,-0.309815,0.584906,0.214509,-0.506477,-1.950030,1.015197,3.810660,1.345728,-0.205759,0.495185,0.221238,0.082555,0.112310,0.640578,-0.375797
48.015092,-1.054108,0.821007,0.609397,0.544725,0.837124,1.187209,-0.604270,-0.201574,-0.056279,0.148838,0.106621,0.377865,0.739585,-0.309815,0.584906,0.214509,-0.506477,-1.950030,1.015197,3.810660,1.345728,-0.205759,0.495185,0.221238,0.082555,0.112310,0.640578,-0.375797
48.016207,-1.058445,0.825984,0.610536,0.546579,0.837245,1.186307,-0.605628,-0.226746,-0.067689,0.128322,0.099979,0.381067,0.738105,-0.310108,0.584705,0.215002,-0.506264,-1.949949,1.015305,3.811302,1.345336,-0.204143,0.496787,0.219016,0.081931,0.112130,0.639866,-0.380995
48.016995,-1.050699,0.828868,0.606747,0.545979,0.837928,1.186364,-0.606887,-0.249822,-0.079196,0.109489,0.094815,0.384239,0.736476,-0.310387,0.584510,0.215492,-0.506043,-1.949870,1.015416,3.811935,1.344963,-0.202373,0.495106,0.218936,0.080576,0.112382,0.641408,-0.378710
48.017965,-1.055016,0.835770,0.606499,0.545740,0.838487,1.186966,-0.606557,-0.270125,-0.087504,0.093287,0.090254,0.387280,0.734438,-0.310611,0.584298,0.215980,-0.505824,-1.949788,1.015529,3.812589,1.344590,-0.205681,0.492545,0.220415,0.080930,0.111611,0.640530,-0.376105
48.018958,-1.060588,0.843289,0.606798,0.544960,0.838055,1.185464,-0.605622,-0.286025,-0.085746,0.081876,0.083193,0.390154,0.731686,-0.310782,0.584096,0.216458,-0.505601,-1.949705,1.015641,3.813225,1.344214,-0.203437,0.489189,0.220572,0.081250,0.111231,0.639950,-0.377031
48.019902,-1.059560,0.839369,0.599492,0.545927,0.838543,1.179471,-0.604409,-0.300100,-0.068696,0.073593,0.070299,0.393181,0.728075,-0.310958,0.583904,0.216940,-0.505380,-1.949621,1.015753,3.813860,1.343830,-0.200774,0.485627,0.220547,0.082174,0.111879,0.641600,-0.379153
48.021024,-1.055723,0.835411,0.596750,0.544636,0.840588,1.176409,-0.605578,-0.317704,-0.038834,0.063637,0.051792,0.396675,0.723829,-0.311160,0.583702,0.217426,-0.505148,-1.949540,1.015864,3.814515,1.343442,-0.201219,0.487506,0.224093,0.081281,0.111521,0.647441,-0.381718
48.021933,-1.056394,0.834168,0.593461,0.544637,0.838011,1.173692,-0.602701,-0.341253,-0.007732,0.048800,0.032766,0.400494,0.719639,-0.311324,0.583497,0.217923,-0.504918,-1.949454,1.015972,3.815165,1.343064,-0.203452,0.490298,0.225822,0.082944,0.109884,0.651025,-0.379834
48.022999,-1.058019,0.831634,0.593342,0.545124,0.837781,1.169386,-0.600473,-0.369470,0.015210,0.029195,0.017491,0.404272,0.716082,-0.311407,0.583294,0.218414,-0.504689,-1.949370,1.016091,3.815831,1.342669,-0.202884,0.490466,0.227260,0.082879,0.112521,0.653333,-0.385708
48.023962,-1.062559,0.834474,0.593759,0.547083,0.840463,1.167337,-0.601269,-0.400987,0.026844,0.005584,0.007533,0.407748,0.713286,-0.311470,0.583094,0.218904,-0.504460,-1.949286,1.016203,3.816502,1.342268,-0.202297,0.492301,0.227540,0.082676,0.113028,0.657855,-0.390455
48.024941,-1.061330,0.839395,0.588205,0.547641,0.841934,1.167721,-0.600466,-0.435532,0.026833,-0.021947,0.003389,0.410824,0.711082,-0.311544,0.582900,0.219393,-0.504232,-1.949209,1.016315,3.817163,1.341886,-0.200051,0.490785,0.227281,0.080915,0.110480,0.659727,-0.388995
48.025925,-1.059220,0.840443,0.582938,0.548309,0.840591,1.170155,-0.598998,-0.512438,0.008589,-0.086256,0.005346,0.416202,0.707158,-0.311691,0.582495,0.220362,-0.503761,-1.949050,1.016541,3.818478,1.341089,-0.201720,0.488008,0.232564,0.080133,0.110748,0.656745,-0.393905
48.027025,-1.060106,0.837981,0.582707,0.548050,0.841890,1.166702,-0.595641,-0.512438,0.008589,-0.086256,0.005346,0.416202,0.707158,-0.311691,0.582495,0.220362,-0.503761,-1.949050,1.016541,3.818478,1.341089,-0.201720,0.488008,0.232564,0.080133,0.110748,0.656745,-0.393905
48.028004,-1.063997,0.834359,0.583129,0.546769,0.841246,1.164734,-0.594623,-0.552656,-0.005440,-0.120871,0.009246,0.418681,0.705483,-0.311863,0.582297,0.220856,-0.503526,-1.948969,1.016651,3.819149,1.340672,-0.201585,0.489952,0.232911,0.080832,0.109788,0.660593,-0.400959
48.028905,-1.056648,0.831595,0.577598,0.542966,0.839203,1.163383,-0.595758,-0.593233,-0.026209,-0.156812,0.015923,0.421137,0.704369,-0.312075,0.582099,0.221347,-0.503294,-1.948884,1.016767,3.819820,1.340262,-0.199657,0.491772,0.232653,0.082173,0.110592,0.662394,-0.403054
48.030076,-1.058089,0.828027,0.577632,0.543570,0.837328,1.164030,-0.593523,-0.633306,-0.053964,-0.193307,0.024427,0.423695,0.703899,-0.312253,0.581891,0.221848,-0.503053,-1.948792,1.016885,3.820492,1.339860,-0.203107,0.492571,0.235066,0.085730,0.112674,0.663271,-0.400744
48.030966,-1.057520,0.817923,0.581379,0.543971,0.837643,1.159652,-0.593555,-0.670301,-0.087664,-0.227989,0.033923,0.426250,0.704112,-0.312380,0.581687,0.222354,-0.502818,-1.948706,1.017007,3.821153,1.339449,-0.202780,0.495358,0.235495,0.085563,0.114889,0.663288,-0.405739
48.031912,-1.056905,0.817715,0.581025,0.543247,0.837533,1.160249,-0.595660,-0.702310,-0.131260,-0.259656,0.047138,0.428459,0.705207,-0.312432,0.581486,0.222858,-0.502588,-1.948624,1.017119,3.821826,1.339049,-0.202836,0.499740,0.233324,0.085103,0.114616,0.667189,-0.405616
48.032986,-1.046286,0.817683,0.572559,0.543766,0.836285,1.165134,-0.593661,-0.727738,-0.186938,-0.287176,0.066133,0.430009,0.707142,-0.312353,0.581280,0.223359,-0.502354,-1.948538,1.017238,3.822483,1.338654,-0.203002,0.499491,0.233364,0.085813,0.114806,0.666351,-0.401478
48.033975,-1.047320,0.823703,0.574346,0.542658,0.836399,1.169892,-0.592183,-0.744860,-0.249794,-0.308560,0.089174,0.430795,0.709570,-0.312147,0.581059,0.223856,-0.502110,-1.948453,1.017357,3.823138,1.338239,-0.208359,0.500021,0.237714,0.085562,0.116306,0.661749,-0.405822
48.034897,-1.048697,0.819629,0.582096,0.541848,0.838532,1.174046,-0.593326,-0.752327,-0.311817,-0.321912,0.112889,0.430850,0.712132,-0.311882,0.580853,0.224351,-0.501869,-1.948366,1.017473,3.823775,1.337829,-0.207741,0.496993,0.236637,0.086722,0.116330,0.657081,-0.408895
48.036006,-1.046688,0.818752,0.577007,0.541548,0.837394,1.178427,-0.594377,-0.749113,-0.365578,-0.325689,0.133796,0.430283,0.714525,-0.311597,0.580649,0.224856,-0.501645,-1.948275,1.017584,3.824419,1.337424,-0.206864,0.498563,0.232629,0.087345,0.114299,0.652716,-0.406583
48.036989,-1.045717,0.817026,0.573146,0.540691,0.836413,1.184583,-0.593998,-0.736612,-0.410893,-0.321093,0.151479,0.429257,0.716863,-0.311271,0.580436,0.225356,-0.501403,-1.948186,1.017701,3.825068,1.337022,-0.208059,0.499678,0.235438,0.087886,0.115775,0.648838,-0.404863
48.037915,-1.049546,0.805641,0.576583,0.540301,0.837241,1.182976,-0.594348,-0.720148,-0.452343,-0.313123,0.167445,0.428093,0.719577,-0.310894,0.580228,0.225863,-0.501162,-1.948096,1.017822,3.825699,1.336620,-0.208455,0.500382,0.237217,0.088714,0.116856,0.642767,-0.405796
48.038943,-1.053262,0.802111,0.577483,0.539695,0.835999,1.184420,-0.594067,-0.705389,-0.495430,-0.307173,0.183573,0.427102,0.723105,-0.310503,0.580022,0.226377,-0.500934,-1.948006,1.017938,3.826349,1.336213,-0.206320,0.505524,0.235313,0.088921,0.116082,0.644216,-0.405107
48.039986,-1.052864,0.801004,0.575490,0.543287,0.839268,1.182156,-0.593734,-0.695796,-0.546065,-0.306759,0.202247,0.426391,0.727736,-0.310115,0.579824,0.226891,-0.500700,-1.947916,1.018061,3.826986,1.335804,-0.204616,0.507286,0.234946,0.089594,0.117483,0.642998,-0.405887
48.040963,-1.048956,0.809263,0.574500,0.543461,0.840506,1.185091,-0.594183,-0.692659,-0.605288,-0.312994,0.224469,0.425932,0.733354,-0.309715,0.579618,0.227404,-0.500464,-1.947835,1.018171,3.827640,1.335396,-0.204922,0.507955,0.236043,0.086264,0.114457,0.645500,-0.406788
48.042041,-1.053572,0.820514,0.572983,0.544737,0.840633,1.186480,-0.593785,-0.692901,-0.665966,-0.322410,0.248488,0.425506,0.739407,-0.309327,0.579407,0.227896,-0.500224,-1.947748,1.018280,3.828284,1.334987,-0.206763,0.503760,0.236389,0.086152,0.113449,0.642520,-0.405985
48.042993,-1.055815,0.821623,0.579441,0.543615,0.844337,1.186008,-0.594146,-0.692439,-0.713994,-0.329975,0.268711,0.425082,0.745001,-0.309025,0.579207,0.228391,-0.499986,-1.947665,1.018391,3.828917,1.334581,-0.204672,0.498683,0.237306,0.085189,0.113665,0.641624,-0.407101
48.043917,-1.057452,0.822001,0.580354,0.543786,0.841746,1.186254,-0.595189,-0.690306,-0.739201,-0.333759,0.280128,0.424935,0.749433,-0.308845,0.579005,0.228882,-0.499760,-1.947574,1.018497,3.829564,1.334175,-0.203473,0.498018,0.233990,0.086211,0.110137,0.641996,-0.406444
48.044934,-1.051758,0.819602,0.580916,0.545652,0.840863,1.189732,-0.593509,-0.685552,-0.742263,-0.332961,0.282686,0.425142,0.752638,-0.308756,0.578807,0.229377,-0.499526,-1.947487,1.018614,3.830202,1.333770,-0.202556,0.497454,0.233334,0.085921,0.112843,0.641570,-0.404372
48.045937,-1.060027,0.818394,0.584410,0.545607,0.842022,1.184567,-0.592728,-0.675710,-0.730695,-0.326217,0.280492,0.425362,0.755093,-0.308712,0.578596,0.229881,-0.499292,-1.947408,1.018729,3.830838,1.333354,-0.205408,0.498758,0.233091,0.084333,0.113914,0.638276,-0.407943
48.046954,-1.061114,0.819351,0.581553,0.545978,0.841851,1.181965,-0.595862,-0.660799,-0.713283,-0.314466,0.278134,0.425327,0.757313,-0.308661,0.578401,0.230376,-0.499066,-1.947323,1.018839,3.831494,1.332947,-0.201322,0.499457,0.231427,0.084540,0.112980,0.643557,-0.409654
48.047985,-1.059344,0.821142,0.583614,0.546671,0.841333,1.178574,-0.596066,-0.646365,-0.694944,-0.302899,0.276784,0.425312,0.759379,-0.308554,0.578201,0.230875,-0.498830,-1.947241,1.018953,3.832139,1.332553,-0.200919,0.499108,0.232896,0.084384,0.113376,0.646295,-0.403553
48.048972,-1.056414,0.830898,0.584378,0.548520,0.842247,1.179696,-0.596829,-0.635255,-0.676018,-0.293864,0.275771,0.425424,0.761104,-0.308383,0.577997,0.231376,-0.498601,-1.947159,1.019069,3.832800,1.332155,-0.201903,0.498405,0.231987,0.083925,0.114111,0.649813,-0.403454
48.049938,-1.059159,0.833601,0.591249,0.550653,0.843759,1.176186,-0.598196,-0.622435,-0.652130,-0.282538,0.273945,0.425186,0.762203,-0.308188,0.577789,0.231854,-0.498371,-1.947079,1.019181,3.833449,1.331757,-0.203304,0.493708,0.231612,0.082282,0.113378,0.648655,-0.402088
48.051025,-1.061801,0.841431,0.595986,0.548299,0.846413,1.174492,-0.597835,-0.602261,-0.617667,-0.263523,0.270011,0.424139,0.762373,-0.308021,0.577591,0.232344,-0.498147,-1.947004,1.019291,3.834100,1.331364,-0.201908,0.492330,0.228154,0.080432,0.112040,0.652135,-0.399501
48.051913,-1.053662,0.846499,0.594546,0.548539,0.846302,1.175207,-0.597203,-0.573408,-0.569776,-0.235355,0.262503,0.422288,0.761464,-0.307910,0.577393,0.232820,-0.497924,-1.946915,1.019398,3.834758,1.330961,-0.200885,0.489231,0.226169,0.083049,0.109756,0.654165,-0.400591
48.052925,-1.054944,0.846425,0.587790,0.546431,0.846176,1.173074,-0.596944,-0.491114,-0.428702,-0.151934,0.230047,0.417119,0.756924,-0.307883,0.576980,0.233795,-0.497462,-1.946745,1.019619,3.836069,1.330154,-0.204033,0.486515,0.230098,0.084920,0.110344,0.655249,-0.402539
48.054012,-1.064629,0.843208,0.593351,0.545292,0.845015,1.167806,-0.597741,-0.491114,-0.428702,-0.151934,0.230047,0.417119,0.756924,-0.307883,0.576980,0.233795,-0.497462,-1.946745,1.019619,3.836069,1.330154,-0.204033,0.486515,0.230098,0.084920,0.110344,0.655249,-0.402539
48.055001,-1.062774,0.841706,0.591868,0.545827,0.843321,1.161251,-0.598235,-0.449889,-0.348073,-0.108500,0.207710,0.414759,0.754362,-0.307941,0.576786,0.234284,-0.497241,-1.946656,1.019735,3.836750,1.329754,-0.199494,0.488830,0.227647,0.086263,0.111798,0.660767,-0.401269
48.055910,-1.062844,0.838359,0.586613,0.544426,0.843062,1.158851,-0.597558,-0.419102,-0.274484,-0.074357,0.185663,0.413130,0.752303,-0.308001,0.576585,0.234777,-0.497008,-1.946573,1.019853,3.837427,1.329359,-0.200489,0.489606,0.228392,0.085835,0.113636,0.667186,-0.400473
48.057020,-1.065358,0.840510,0.590097,0.542808,0.845488,1.151527,-0.598227,-0.399057,-0.213405,-0.050334,0.166740,0.412046,0.750940,-0.308056,0.576384,0.235265,-0.496775,-1.946485,1.019969,3.838110,1.328949,-0.200267,0.490911,0.230781,0.087109,0.113934,0.669038,-0.401835
48.057998,-1.069177,0.837450,0.593372,0.542412,0.844961,1.149762,-0.595232,-0.389170,-0.164639,-0.035944,0.150612,0.411461,0.750088,-0.308133,0.576188,0.235758,-0.496548,-1.946395,1.020075,3.838790,1.328556,-0.199246,0.490253,0.229223,0.088881,0.111814,0.676339,-0.400629
48.058919,-1.067474,0.840212,0.592782,0.541167,0.844791,1.150056,-0.595034,-0.387220,-0.124612,-0.028949,0.135483,0.411312,0.749264,-0.308251,0.575992,0.236256,-0.496327,-1.946304,1.020188,3.839475,1.328135,-0.197190,0.491260,0.227459,0.089094,0.112424,0.677283,-0.406417
48.059915,-1.065133,0.841934,0.594596,0.540887,0.847694,1.155033,-0.596143,-0.389578,-0.089931,-0.025930,0.120456,0.411407,0.748090,-0.308428,0.575792,0.236740,-0.496100,-1.946210,1.020300,3.840155,1.327724,-0.197759,0.489182,0.227424,0.090001,0.112597,0.676046,-0.406441
48.060916,-1.066489,0.839904,0.599672,0.538177,0.848490,1.153609,-0.595672,-0.391553,-0.056075,-0.022502,0.104411,0.411541,0.746381,-0.308636,0.575592,0.237229,-0.495874,-1.946120,1.020405,3.840808,1.327327,-0.198803,0.488008,0.226375,0.090161,0.109824,0.670519,-0.404044
48.061978,-1.066319,0.838305,0.597522,0.539072,0.848481,1.154550,-0.595325,-0.388647,-0.019744,-0.014631,0.086404,0.411583,0.744148,-0.308825,0.575396,0.237725,-0.495659,-1.946023,1.020512,3.841482,1.326919,-0.198028,0.488661,0.223830,0.092602,0.109197,0.671391,-0.404832
48.063030,-1.069274,0.830075,0.596970,0.539210,0.849241,1.157100,-0.596086,-0.380701,0.017180,-0.002464,0.067361,0.411613,0.741635,-0.308960,0.575194,0.238213,-0.495430,-1.945930,1.020620,3.842152,1.326515,-0.198111,0.489525,0.224940,0.091644,0.109422,0.670049,-0.405440
48.063916,-1.068777,0.826787,0.595132,0.537989,0.850278,1.156493,-0.595711,-0.369086,0.061694,0.014791,0.040642,0.412436,0.738049,-0.308880,0.574805,0.239205,-0.494975,-1.945745,1.020837,3.843475,1.325708,-0.196620,0.494175,0.225687,0.092290,0.107803,0.666818,-0.404230
48.064954,-1.066296,0.826770,0.594737,0.538483,0.849617,1.155913,-0.595997,-0.369086,0.061694,0.014791,0.040642,0.412436,0.738049,-0.308880,0.574805,0.239205,-0.494975,-1.945745,1.020837,3.843475,1.325708,-0.196620,0.494175,0.225687,0.092290,0.107803,0.666818,-0.404230
48.066019,-1.067164,0.823636,0.598481,0.534761,0.851377,1.156385,-0.596059,-0.370085,0.063555,0.015291,0.035661,0.413327,0.737381,-0.308672,0.574608,0.239700,-0.494749,-1.945654,1.020944,3.844146,1.325306,-0.197870,0.494020,0.225855,0.091731,0.108674,0.666934,-0.403539
48.066936,-1.061713,0.822549,0.601515,0.535661,0.855361,1.160982,-0.596408,-0.371533,0.058613,0.014584,0.033522,0.414235,0.736907,-0.308442,0.574409,0.240201,-0.494530,-1.945551,1.021048,3.844806,1.324903,-0.197449,0.495512,0.224082,0.095205,0.107142,0.666141,-0.403342
48.067965,-1.063246,0.820763,0.599679,0.537500,0.856110,1.165409,-0.596676,-0.368584,0.051564,0.017283,0.032177,0.414862,0.736273,-0.308233,0.574204,0.240693,-0.494311,-1.945459,1.021145,3.845461,1.324503,-0.199825,0.495245,0.222313,0.093948,0.103286,0.660714,-0.402358
48.069108,-1.061349,0.825426,0.602113,0.538919,0.857434,1.168483,-0.594456,-0.342755,0.032509,0.038380,0.035389,0.414512,0.734427,-0.307906,0.573807,0.241676,-0.493870,-1.945282,1.021346,3.846749,1.323692,-0.200158,0.494100,0.222341,0.090896,0.101868,0.652949,-0.406204
48.070049,-1.059969,0.829407,0.603451,0.540268,0.856713,1.170338,-0.594665,-0.320995,0.023839,0.056103,0.040399,0.413531,0.733079,-0.307804,0.573608,0.242163,-0.493647,-1.945194,1.021455,3.847391,1.323289,-0.200594,0.491496,0.221436,0.089366,0.102664,0.650476,-0.405483
48.071039,-1.060680,0.829083,0.608133,0.540567,0.857178,1.174655,-0.593313,-0.320995,0.023839,0.056103,0.040399,0.413531,0.733079,-0.307804,0.573608,0.242163,-0.493647,-1.945194,1.021455,3.847391,1.323289,-0.200594,0.491496,0.221436,0.089366,0.102664,0.650476,-0.405483
48.071991,-1.055318,0.833285,0.606870,0.538643,0.857019,1.169808,-0.591716,-0.291581,0.021529,0.080850,0.045950,0.411921,0.731349,-0.307723,0.573408,0.242657,-0.493436,-1.945103,1.021558,3.848030,1.322872,-0.200078,0.491276,0.219107,0.088940,0.102358,0.645695,-0.407976
48.072973,-1.055623,0.827135,0.610056,0.537326,0.855405,1.168780,-0.590476,-0.210065,0.043152,0.152628,0.053361,0.407100,0.726947,-0.307685,0.573002,0.243637,-0.493000,-1.944915,1.021767,3.849334,1.322037,-0.202135,0.491293,0.217920,0.091648,0.104414,0.650425,-0.413101
48.073971,-1.052730,0.820827,0.611658,0.534439,0.857404,1.167229,-0.588841,-0.161288,0.060797,0.196372,0.055709,0.404139,0.724628,-0.307730,0.572795,0.244132,-0.492786,-1.944814,1.021865,3.849989,1.321613,-0.203383,0.494063,0.217143,0.094190,0.102612,0.651475,-0.416120
48.075045,-1.053423,0.816708,0.608016,0.532828,0.858553,1.167277,-0.588077,-0.161288,0.060797,0.196372,0.055709,0.404139,0.724628,-0.307730,0.572795,0.244132,-0.492786,-1.944814,1.021865,3.849989,1.321613,-0.203383,0.494063,0.217143,0.094190,0.102612,0.651475,-0.416120
48.076007,-1.055273,0.815902,0.606476,0.532134,0.857003,1.163916,-0.585365,-0.072132,0.074227,0.274978,0.065961,0.398545,0.721435,-0.307803,0.572392,0.245130,-0.492343,-1.944621,1.022073,3.851288,1.320759,-0.201871,0.495861,0.219700,0.096032,0.103442,0.653983,-0.422612
48.076963,-1.052864,0.819020,0.608679,0.534378,0.859118,1.163690,-0.585047,-0.040192,0.068563,0.302331,0.073691,0.396326,0.720252,-0.307835,0.572185,0.245616,-0.492128,-1.944533,1.022168,3.851938,1.320328,-0.202794,0.493776,0.218473,0.093609,0.101508,0.653553,-0.422857
48.078035,-1.052831,0.821929,0.608668,0.535079,0.860442,1.165590,-0.585761,-0.040192,0.068563,0.302331,0.073691,0.396326,0.720252,-0.307835,0.572185,0.245616,-0.492128,-1.944533,1.022168,3.851938,1.320328,-0.202794,0.493776,0.218473,0.093609,0.101508,0.653553,-0.422857
48.078907,-1.053416,0.823503,0.611968,0.535454,0.860476,1.168970,-0.584355,0.012610,0.053163,0.347068,0.091852,0.391569,0.717276,-0.307856,0.571779,0.246599,-0.491699,-1.944350,1.022367,3.853219,1.319480,-0.202045,0.490569,0.216699,0.092161,0.100537,0.647212,-0.423671
48.079859,-1.050665,0.823160,0.605219,0.535123,0.859967,1.169507,-0.583910,0.012610,0.053163,0.347068,0.091852,0.391569,0.717276,-0.307856,0.571779,0.246599,-0.491699,-1.944350,1.022367,3.853219,1.319480,-0.202045,0.490569,0.216699,0.092161,0.100537,0.647212,-0.423671
48.080887,-1.051241,0.814383,0.612055,0.535586,0.862611,1.167777,-0.583931,0.036143,0.047881,0.367285,0.101053,0.388994,0.715505,-0.307882,0.571573,0.247083,-0.491474,-1.944257,1.022469,3.853870,1.319056,-0.203123,0.490255,0.219887,0.092226,0.101197,0.646063,-0.424221
48.081903,-1.051656,0.810047,0.618032,0.532852,0.862697,1.170050,-0.583244,0.056571,0.039822,0.384618,0.111984,0.386470,0.713995,-0.307911,0.571374,0.247587,-0.491261,-1.944169,1.022561,3.854516,1.318634,-0.202771,0.494361,0.216510,0.091748,0.098847,0.647465,-0.423965
48.082977,-1.050807,0.803116,0.608580,0.531617,0.858559,1.165129,-0.584201,0.075778,0.022722,0.399961,0.127206,0.383916,0.713312,-0.307906,0.571171,0.248086,-0.491059,-1.944069,1.022663,3.855164,1.318202,-0.202434,0.496173,0.213723,0.094200,0.099007,0.644750,-0.425093
48.083920,-1.049274,0.791855,0.610487,0.530323,0.858740,1.161358,-0.583620,0.093008,-0.006362,0.412393,0.146979,0.381485,0.713766,-0.307885,0.570969,0.248594,-0.490829,-1.943971,1.022773,3.855824,1.317783,-0.202882,0.499546,0.218549,0.095295,0.103387,0.649464,-0.423015
48.084903,-1.049994,0.785219,0.613314,0.527648,0.859919,1.157425,-0.585709,0.103164,-0.051363,0.417164,0.171862,0.379500,0.715468,-0.307880,0.570764,0.249110,-0.490618,-1.943872,1.022878,3.856482,1.317354,-0.203342,0.504247,0.217443,0.096149,0.103261,0.652503,-0.423853
48.085965,-1.048108,0.787721,0.611864,0.526511,0.859708,1.159402,-0.584339,0.104847,-0.187109,0.405788,0.234781,0.376528,0.721959,-0.307954,0.570358,0.250125,-0.490181,-1.943671,1.023082,3.857794,1.316518,-0.203703,0.505468,0.216816,0.099322,0.102746,0.653539,-0.422037
48.087015,-1.046530,0.786487,0.613042,0.525567,0.860569,1.155948,-0.584667,0.104847,-0.187109,0.405788,0.234781,0.376528,0.721959,-0.307954,0.570358,0.250125,-0.490181,-1.943671,1.023082,3.857794,1.316518,-0.203703,0.505468,0.216816,0.099322,0.102746,0.653539,-0.422037
48.087925,-1.045761,0.783741,0.612991,0.525677,0.865783,1.153944,-0.584209,0.102534,-0.260153,0.396746,0.264970,0.375299,0.725690,-0.308132,0.570151,0.250630,-0.489966,-1.943569,1.023181,3.858456,1.316095,-0.204392,0.505888,0.216355,0.099987,0.102161,0.656672,-0.421171
48.088965,-1.045109,0.787090,0.617636,0.524829,0.866082,1.155443,-0.584833,0.101004,-0.327373,0.388870,0.291006,0.374097,0.729147,-0.308434,0.569950,0.251140,-0.489750,-1.943470,1.023267,3.859112,1.315677,-0.204426,0.506211,0.216135,0.099357,0.097149,0.657841,-0.421743
48.090019,-1.045151,0.783215,0.615222,0.523729,0.864828,1.156384,-0.585301,0.101964,-0.385282,0.383894,0.312154,0.372882,0.732114,-0.308844,0.569745,0.251649,-0.489541,-1.943369,1.023369,3.859780,1.315258,-0.204660,0.504203,0.213980,0.099925,0.097145,0.655864,-0.420298
48.090999,-1.044381,0.778250,0.610660,0.523736,0.864579,1.154299,-0.586307,0.106358,-0.431256,0.382854,0.327680,0.371691,0.734544,-0.309348,0.569539,0.252157,-0.489323,-1.943267,1.023472,3.860429,1.314836,-0.204557,0.505947,0.215327,0.100752,0.098666,0.654649,-0.419195
48.091894,-1.043987,0.772328,0.613703,0.524365,0.868072,1.152322,-0.588206,0.110662,-0.507132,0.377813,0.350391,0.370179,0.738917,-0.310372,0.569131,0.253180,-0.488890,-1.943071,1.023658,3.861737,1.314022,-0.204502,0.509557,0.215715,0.099239,0.095792,0.657308,-0.412802
48.093040,-1.043704,0.772177,0.614366,0.521404,0.865925,1.153211,-0.588687,0.110662,-0.507132,0.377813,0.350391,0.370179,0.738917,-0.310372,0.569131,0.253180,-0.488890,-1.943071,1.023658,3.861737,1.314022,-0.204502,0.509557,0.215715,0.099239,0.095792,0.657308,-0.412802
48.094016,-1.038968,0.773725,0.613247,0.522914,0.866432,1.155624,-0.587911,0.108617,-0.544794,0.371316,0.361724,0.369914,0.741162,-0.310753,0.568929,0.253692,-0.488673,-1.942962,1.023756,3.862398,1.313614,-0.204821,0.509863,0.215759,0.101992,0.098408,0.656361,-0.411896
48.094910,-1.036929,0.777142,0.617225,0.522867,0.868754,1.157344,-0.590794,0.107797,-0.578271,0.366130,0.371685,0.369807,0.743194,-0.311056,0.568717,0.254203,-0.488455,-1.942865,1.023853,3.863037,1.313197,-0.206881,0.508373,0.216227,0.100112,0.098091,0.653442,-0.413206
48.095959,-1.034847,0.777438,0.618532,0.521795,0.869397,1.160141,-0.593160,0.112787,-0.601523,0.366817,0.378766,0.369547,0.744661,-0.311298,0.568506,0.254703,-0.488246,-1.942764,1.023942,3.863684,1.312799,-0.207389,0.505633,0.214023,0.099582,0.095944,0.650908,-0.407064
48.096942,-1.035318,0.776686,0.621571,0.522978,0.868616,1.167056,-0.591728,0.127011,-0.610025,0.376763,0.381758,0.368915,0.745303,-0.311485,0.568299,0.255207,-0.488031,-1.942662,1.024038,3.864318,1.312411,-0.208327,0.505308,0.213513,0.100378,0.095641,0.647897,-0.402305
48.097893,-1.036080,0.778736,0.621394,0.521425,0.872189,1.168450,-0.593515,0.149943,-0.605178,0.395363,0.381194,0.367919,0.745315,-0.311667,0.568091,0.255715,-0.487824,-1.942564,1.024133,3.864948,1.312001,-0.207821,0.505063,0.212041,0.098855,0.096679,0.640530,-0.405024
48.099030,-1.037279,0.785672,0.619263,0.522643,0.872547,1.168512,-0.594282,0.177898,-0.590712,0.419082,0.378334,0.366752,0.745091,-0.311900,0.567882,0.256212,-0.487613,-1.942460,1.024217,3.865584,1.311611,-0.207094,0.503352,0.212075,0.099897,0.093379,0.638630,-0.401198
48.099959,-1.037259,0.779830,0.618446,0.521868,0.873942,1.168256,-0.593283,0.205505,-0.566256,0.443480,0.372111,0.365817,0.744671,-0.312186,0.567677,0.256708,-0.487396,-1.942367,1.024309,3.866220,1.311216,-0.206613,0.500249,0.213493,0.098761,0.093520,0.638667,-0.399744
48.100934,-1.036654,0.778294,0.620819,0.522999,0.874265,1.172680,-0.594738,0.244637,-0.500245,0.480420,0.353925,0.365167,0.743888,-0.312878,0.567266,0.257709,-0.486971,-1.942172,1.024488,3.867498,1.310411,-0.206328,0.502572,0.212516,0.097633,0.092326,0.633306,-0.398345
48.102076,-1.036856,0.782883,0.625706,0.524001,0.878129,1.169071,-0.595071,0.244637,-0.500245,0.480420,0.353925,0.365167,0.743888,-0.312878,0.567266,0.257709,-0.486971,-1.942172,1.024488,3.867498,1.310411,-0.206328,0.502572,0.212516,0.097633,0.092326,0.633306,-0.398345
48.103022,-1.040737,0.785472,0.625672,0.522761,0.879212,1.168235,-0.597250,0.258540,-0.469363,0.493817,0.347887,0.364781,0.744202,-0.313251,0.567058,0.258205,-0.486766,-1.942077,1.024570,3.868137,1.310019,-0.206325,0.500661,0.210551,0.096696,0.088993,0.637085,-0.397784
48.103945,-1.035520,0.792342,0.625656,0.521733,0.880555,1.167772,-0.596684,0.271599,-0.436998,0.506755,0.343048,0.364072,0.744663,-0.313621,0.566857,0.258695,-0.486555,-1.941978,1.024654,3.868780,1.309637,-0.204099,0.498760,0.210502,0.097518,0.088241,0.637270,-0.393221
48.104965,-1.039246,0.795680,0.626750,0.520881,0.883790,1.171181,-0.596709,0.283427,-0.396999,0.519745,0.335827,0.363244,0.744741,-0.314009,0.566648,0.259185,-0.486342,-1.941880,1.024741,3.869417,1.309243,-0.206344,0.494570,0.210340,0.098101,0.087155,0.637068,-0.394161
48.105956,-1.040995,0.795733,0.633045,0.521044,0.885843,1.164903,-0.596943,0.294955,-0.344800,0.534101,0.323613,0.362408,0.744170,-0.314446,0.566449,0.259670,-0.486137,-1.941780,1.024821,3.870051,1.308848,-0.204365,0.492779,0.209967,0.098644,0.084337,0.633318,-0.393992
48.106900,-1.040041,0.790489,0.624307,0.517285,0.887477,1.163309,-0.597600,0.305838,-0.282187,0.549285,0.306920,0.361634,0.743014,-0.314902,0.566248,0.260160,-0.485936,-1.941682,1.024902,3.870689,1.308460,-0.203341,0.492403,0.206944,0.098169,0.082698,0.639260,-0.393399
48.107985,-1.039757,0.789087,0.623848,0.516497,0.886919,1.160929,-0.597137,0.312943,-0.216578,0.561866,0.288229,0.361106,0.741529,-0.315324,0.566045,0.260661,-0.485716,-1.941577,1.024981,3.871335,1.308067,-0.203547,0.494305,0.211187,0.101375,0.081424,0.640164,-0.391865
48.109005,-1.036168,0.786150,0.627228,0.517308,0.887962,1.159800,-0.598637,0.311615,-0.156268,0.567064,0.269735,0.361118,0.740084,-0.315705,0.565841,0.261155,-0.485504,-1.941473,1.025068,3.871988,1.307673,-0.203702,0.495100,0.211644,0.101873,0.082449,0.642352,-0.392804
48.110008,-1.035048,0.787669,0.627433,0.515847,0.889001,1.154809,-0.598037,0.303448,-0.106449,0.565600,0.253995,0.361388,0.739004,-0.316047,0.565637,0.261654,-0.485297,-1.941374,1.025149,3.872628,1.307295,-0.205373,0.496266,0.210090,0.100768,0.081821,0.643124,-0.389723
48.111043,-1.035226,0.794303,0.627943,0.514986,0.891621,1.153604,-0.598073,0.295251,-0.066831,0.563180,0.242294,0.361270,0.738309,-0.316347,0.565428,0.262150,-0.485088,-1.941269,1.025230,3.873280,1.306901,-0.205704,0.495119,0.210094,0.101793,0.081193,0.647677,-0.390834
48.111981,-1.033929,0.789596,0.634209,0.514552,0.896710,1.152065,-0.597191,0.289604,-0.030748,0.562758,0.231573,0.360713,0.737615,-0.316634,0.565226,0.262634,-0.484878,-1.941165,1.025302,3.873936,1.306508,-0.205535,0.491742,0.209991,0.102287,0.079097,0.648454,-0.390671
48.112958,-1.032375,0.786935,0.634924,0.512399,0.897151,1.151217,-0.597733,0.287458,0.007444,0.565759,0.218855,0.359902,0.736705,-0.316925,0.565020,0.263133,-0.484673,-1.941063,1.025372,3.874582,1.306113,-0.205839,0.493379,0.206793,0.102196,0.074425,0.649333,-0.392225
48.113973,-1.031755,0.781410,0.633979,0.511677,0.898711,1.146438,-0.598014,0.290599,0.045726,0.573363,0.204950,0.358851,0.735933,-0.317224,0.564814,0.263624,-0.484469,-1.940957,1.025445,3.875229,1.305721,-0.206369,0.494255,0.206544,0.103829,0.074490,0.649643,-0.390955
48.114960,-1.031668,0.780744,0.626726,0.512517,0.901437,1.143888,-0.598069,0.297433,0.078972,0.583549,0.191608,0.357744,0.735751,-0.317539,0.564608,0.264127,-0.484258,-1.940852,1.025516,3.875883,1.305338,-0.206511,0.496649,0.207112,0.104104,0.073440,0.654015,-0.390328
48.115981,-1.029887,0.778715,0.630830,0.511582,0.901510,1.141735,-0.597922,0.301874,0.102720,0.590589,0.180223,0.357036,0.736430,-0.317883,0.564401,0.264627,-0.484042,-1.940752,1.025582,3.876545,1.304945,-0.206317,0.496453,0.210735,0.102888,0.071244,0.655954,-0.390075
48.116927,-1.034949,0.773493,0.626773,0.508396,0.903647,1.137026,-0.596798,0.300333,0.116261,0.591267,0.171178,0.356995,0.738014,-0.318243,0.564192,0.265122,-0.483835,-1.940649,1.025649,3.877219,1.304551,-0.207028,0.497228,0.208779,0.103470,0.071769,0.657560,-0.390271
48.117971,-1.029846,0.772888,0.625887,0.509959,0.904866,1.134516,-0.595792,0.292254,0.121687,0.585347,0.163184,0.357753,0.740334,-0.318597,0.563996,0.265627,-0.483620,-1.940539,1.025713,3.877881,1.304161,-0.204256,0.499057,0.210714,0.105966,0.070118,0.661558,-0.392339
48.119003,-1.029125,0.766359,0.624107,0.507351,0.906093,1.135348,-0.593990,0.276352,0.119851,0.571909,0.155438,0.359472,0.743100,-0.318939,0.563783,0.266124,-0.483410,-1.940436,1.025782,3.878554,1.303759,-0.206674,0.499193,0.211322,0.104048,0.069485,0.663595,-0.394250
48.119993,-1.031932,0.762701,0.630632,0.505739,0.909233,1.138808,-0.593440,0.254913,0.110326,0.552818,0.149005,0.361920,0.746101,-0.319252,0.563578,0.266634,-0.483194,-1.940325,1.025848,3.879214,1.303358,-0.206902,0.502114,0.212297,0.106139,0.068858,0.662303,-0.397754
48.120881,-1.027845,0.762051,0.630193,0.509113,0.909590,1.137835,-0.593978,0.231266,0.092638,0.530816,0.144505,0.364820,0.749274,-0.319504,0.563375,0.267142,-0.482993,-1.940211,1.025909,3.879871,1.302954,-0.205288,0.503348,0.209143,0.107054,0.066288,0.658267,-0.398639
48.122034,-1.029582,0.769333,0.627894,0.509464,0.910403,1.138635,-0.592054,0.208774,0.068244,0.508933,0.142299,0.367850,0.752490,-0.319656,0.563165,0.267639,-0.482787,-1.940115,1.025973,3.880530,1.302558,-0.206865,0.502641,0.209211,0.103158,0.066399,0.658370,-0.397236
48.123027,-1.028215,0.775317,0.625761,0.510049,0.913295,1.139291,-0.590626,0.190128,0.041884,0.490024,0.142417,0.370644,0.755373,-0.319696,0.562962,0.268133,-0.482571,-1.940012,1.026037,3.881183,1.302154,-0.206150,0.499458,0.210771,0.102722,0.066346,0.657594,-0.401185
48.123995,-1.031103,0.778148,0.623519,0.508538,0.913100,1.142487,-0.590564,0.173791,0.021312,0.473773,0.141999,0.373343,0.757408,-0.319657,0.562753,0.268620,-0.482358,-1.939913,1.026098,3.881841,1.301741,-0.206600,0.496159,0.211841,0.101803,0.064031,0.656392,-0.403808
48.125072,-1.027555,0.780136,0.618224,0.507101,0.914182,1.141827,-0.589244,0.156880,0.012372,0.458504,0.137812,0.376301,0.758292,-0.319560,0.562553,0.269113,-0.482142,-1.939807,1.026162,3.882477,1.301342,-0.204933,0.494233,0.212877,0.102782,0.064788,0.652669,-0.403704
48.125971,-1.029234,0.768926,0.621235,0.503125,0.912967,1.143030,-0.589245,0.136865,0.015337,0.442156,0.128931,0.379750,0.758035,-0.319419,0.562345,0.269609,-0.481921,-1.939700,1.026226,3.883140,1.300925,-0.206689,0.493299,0.215680,0.103861,0.064368,0.653083,-0.406258
48.126882,-1.028737,0.761912,0.620228,0.504461,0.911912,1.144490,-0.589646,0.113122,0.024060,0.423481,0.117338,0.383627,0.756966,-0.319263,0.562139,0.270109,-0.481714,-1.939585,1.026297,3.883781,1.300515,-0.205399,0.497967,0.213960,0.106962,0.065985,0.651093,-0.405881
48.128024,-1.029448,0.763393,0.621735,0.503704,0.910577,1.148417,-0.588398,0.086592,0.026831,0.401870,0.108284,0.387531,0.755744,-0.319081,0.561936,0.270617,-0.481498,-1.939485,1.026367,3.884420,1.300115,-0.205290,0.500430,0.214255,0.105052,0.067447,0.648915,-0.404788
48.128941,-1.029064,0.758298,0.619455,0.506147,0.910888,1.147245,-0.590227,0.058818,0.016664,0.377777,0.105882,0.390954,0.754777,-0.318844,0.561732,0.271122,-0.481287,-1.939379,1.026438,3.885051,1.299704,-0.205078,0.499957,0.213916,0.105615,0.069466,0.645097,-0.407323
48.130060,-1.030660,0.760159,0.621749,0.508415,0.914378,1.150927,-0.588763,0.031224,-0.006383,0.352384,0.111090,0.393523,0.754035,-0.318540,0.561530,0.271622,-0.481071,-1.939280,1.026507,3.885699,1.299305,-0.204927,0.501636,0.214847,0.102663,0.069562,0.645572,-0.403326
48.130959,-1.029922,0.768615,0.618853,0.511849,0.918080,1.154857,-0.588114,0.004140,-0.042129,0.325946,0.124548,0.395032,0.753458,-0.318160,0.561325,0.272120,-0.480858,-1.939186,1.026569,3.886330,1.298899,-0.204217,0.500935,0.214025,0.100453,0.066782,0.641900,-0.406314
48.131974,-1.027169,0.775002,0.616476,0.512189,0.921588,1.158334,-0.589760,-0.021704,-0.085460,0.299654,0.144530,0.395469,0.752852,-0.317721,0.561120,0.272602,-0.480641,-1.939098,1.026628,3.886959,1.298486,-0.204170,0.495888,0.215209,0.096718,0.063583,0.637260,-0.407237
48.132968,-1.026244,0.775913,0.619752,0.510646,0.924860,1.158819,-0.588464,-0.044853,-0.125278,0.276070,0.166002,0.395065,0.751835,-0.317247,0.560915,0.273090,-0.480420,-1.939005,1.026686,3.887574,1.298092,-0.205405,0.492514,0.216375,0.096288,0.060733,0.633581,-0.403785
48.133956,-1.024184,0.765662,0.617050,0.510433,0.925947,1.160682,-0.588515,-0.063131,-0.153700,0.258002,0.184390,0.394138,0.750212,-0.316760,0.560711,0.273587,-0.480210,-1.938905,1.026740,3.888203,1.297675,-0.205663,0.491654,0.214750,0.097477,0.058129,0.632759,-0.406201
48.134986,-1.024303,0.756900,0.619964,0.509469,0.924355,1.162472,-0.588844,-0.075911,-0.174321,0.245573,0.199835,0.392996,0.748375,-0.316266,0.560501,0.274089,-0.479990,-1.938809,1.026799,3.888834,1.297273,-0.206430,0.496313,0.216050,0.097410,0.057678,0.630485,-0.405891
48.135982,-1.027000,0.747671,0.617456,0.507849,0.922590,1.160890,-0.587593,-0.085412,-0.200280,0.235347,0.217156,0.391863,0.747214,-0.315727,0.560297,0.274599,-0.479777,-1.938712,1.026863,3.889453,1.296874,-0.206248,0.500308,0.214679,0.098172,0.059907,0.628508,-0.405118
48.136941,-1.026778,0.742066,0.614617,0.508124,0.921863,1.157365,-0.587177,-0.095384,-0.241801,0.222975,0.239800,0.390977,0.747351,-0.315125,0.560095,0.275108,-0.479562,-1.938611,1.026930,3.890085,1.296461,-0.204727,0.504363,0.215956,0.099432,0.062217,0.629742,-0.407436
48.137904,-1.025483,0.743836,0.608405,0.508327,0.923737,1.155680,-0.587663,-0.133674,-0.375010,0.177319,0.298768,0.391030,0.751089,-0.313782,0.559688,0.276130,-0.479116,-1.938419,1.027054,3.891355,1.295645,-0.204994,0.504669,0.220119,0.098278,0.062131,0.633925,-0.406767
48.139018,-1.026876,0.745082,0.611110,0.511310,0.925281,1.158787,-0.588396,-0.133674,-0.375010,0.177319,0.298768,0.391030,0.751089,-0.313782,0.559688,0.276130,-0.479116,-1.938419,1.027054,3.891355,1.295645,-0.204994,0.504669,0.220119,0.098278,0.062131,0.633925,-0.406767
48.139968,-1.026837,0.747513,0.609809,0.513906,0.928398,1.159007,-0.587806,-0.163108,-0.452827,0.144674,0.329253,0.391988,0.753620,-0.313105,0.559485,0.276628,-0.478897,-1.938331,1.027113,3.891987,1.295242,-0.204383,0.504287,0.218969,0.095437,0.061350,0.630797,-0.405290
48.141000,-1.017317,0.754999,0.606166,0.511629,0.930770,1.158961,-0.586488,-0.195133,-0.528260,0.110109,0.357756,0.393186,0.756026,-0.312462,0.559283,0.277128,-0.478674,-1.938244,1.027169,3.892610,1.294842,-0.204142,0.502348,0.219427,0.092713,0.058814,0.630119,-0.406268
48.142024,-1.025047,0.753376,0.608456,0.510651,0.932620,1.159929,-0.586914,-0.248046,-0.637020,0.054939,0.395536,0.395616,0.758936,-0.311491,0.558868,0.278122,-0.478231,-1.938048,1.027276,3.893884,1.294026,-0.204688,0.498956,0.220077,0.095529,0.056034,0.628590,-0.407732
48.143030,-1.024386,0.743059,0.608153,0.510657,0.933268,1.159667,-0.586399,-0.270226,-0.667303,0.033516,0.401672,0.397354,0.759593,-0.311149,0.558663,0.278636,-0.478008,-1.937953,1.027330,3.894513,1.293616,-0.204880,0.503593,0.220168,0.095297,0.056086,0.628543,-0.408593
48.143958,-1.025654,0.738506,0.604689,0.509515,0.932303,1.153666,-0.588787,-0.270226,-0.667303,0.033516,0.401672,0.397354,0.759593,-0.311149,0.558663,0.278636,-0.478008,-1.937953,1.027330,3.894513,1.293616,-0.204880,0.503593,0.220168,0.095297,0.056086,0.628543,-0.408593
48.145010,-1.025117,0.736291,0.601856,0.512480,0.932846,1.147621,-0.590716,-0.295571,-0.695689,0.009419,0.405078,0.399715,0.760607,-0.310804,0.558457,0.279140,-0.477787,-1.937855,1.027390,3.895163,1.293222,-0.203872,0.504957,0.221670,0.096015,0.057587,0.633876,-0.403518
48.145940,-1.029847,0.732659,0.601947,0.513457,0.933047,1.141725,-0.590172,-0.325972,-0.727337,-0.019615,0.408732,0.402602,0.762135,-0.310417,0.558256,0.279651,-0.477561,-1.937769,1.027447,3.895811,1.292834,-0.204135,0.505796,0.223091,0.093119,0.057745,0.639643,-0.399638
48.146922,-1.026372,0.733989,0.599768,0.514567,0.934990,1.139774,-0.592743,-0.402624,-0.799950,-0.093080,0.421380,0.409063,0.765855,-0.309607,0.557852,0.280661,-0.477114,-1.937588,1.027561,3.897125,1.292044,-0.203017,0.505458,0.223713,0.090638,0.056769,0.646113,-0.395169
48.148017,-1.026156,0.740962,0.601170,0.511069,0.936251,1.135431,-0.592315,-0.402624,-0.799950,-0.093080,0.421380,0.409063,0.765855,-0.309607,0.557852,0.280661,-0.477114,-1.937588,1.027561,3.897125,1.292044,-0.203017,0.505458,0.223713,0.090638,0.056769,0.646113,-0.395169
48.149024,-1.022652,0.750295,0.599908,0.512438,0.938248,1.135922,-0.591161,-0.442552,-0.829654,-0.130630,0.426479,0.412154,0.767181,-0.309285,0.557652,0.281155,-0.476891,-1.937487,1.027616,3.897776,1.291653,-0.203205,0.502113,0.223147,0.094000,0.056300,0.650331,-0.396103
48.149895,-1.023194,0.754096,0.604326,0.512588,0.940836,1.135883,-0.592655,-0.475897,-0.838990,-0.160237,0.423471,0.414939,0.767189,-0.309111,0.557444,0.281641,-0.476666,-1.937398,1.027668,3.898426,1.291249,-0.204758,0.497213,0.223689,0.092520,0.054994,0.649337,-0.398257
48.151091,-1.023467,0.759013,0.602184,0.513110,0.940494,1.138030,-0.592663,-0.498168,-0.820959,-0.177324,0.410037,0.417244,0.765494,-0.309114,0.557245,0.282132,-0.476445,-1.937308,1.027718,3.899071,1.290862,-0.204061,0.494293,0.221060,0.091999,0.052956,0.648493,-0.394926
48.151984,-1.022196,0.754350,0.594972,0.514228,0.940027,1.133858,-0.593751,-0.508781,-0.777953,-0.181708,0.388083,0.419014,0.762275,-0.309236,0.557040,0.282624,-0.476220,-1.937214,1.027775,3.899718,1.290469,-0.204185,0.492603,0.222558,0.091688,0.054215,0.646554,-0.395096
48.153000,-1.023908,0.751064,0.594465,0.514296,0.939341,1.132338,-0.594477,-0.513297,-0.720636,-0.179276,0.362248,0.420506,0.758065,-0.309388,0.556834,0.283113,-0.475986,-1.937126,1.027835,3.900377,1.290082,-0.204376,0.494076,0.225682,0.090296,0.055172,0.649881,-0.392633
48.153982,-1.021643,0.752734,0.594399,0.513072,0.937707,1.135391,-0.593031,-0.518637,-0.663036,-0.177464,0.338437,0.421969,0.753491,-0.309501,0.556635,0.283612,-0.475758,-1.937036,1.027894,3.901023,1.289696,-0.203429,0.495381,0.225799,0.090156,0.056504,0.650988,-0.391111
48.154989,-1.021992,0.752747,0.592211,0.516145,0.937373,1.135847,-0.594563,-0.525980,-0.611785,-0.177992,0.319241,0.423353,0.748911,-0.309567,0.556428,0.284099,-0.475532,-1.936943,1.027957,3.901663,1.289298,-0.204336,0.494154,0.225663,0.091183,0.058709,0.647418,-0.393872
48.156003,-1.019874,0.762790,0.593089,0.513286,0.941854,1.138310,-0.594274,-0.532663,-0.566804,-0.178554,0.304713,0.424377,0.744421,-0.309580,0.556227,0.284590,-0.475303,-1.936863,1.028018,3.902297,1.288910,-0.204021,0.493870,0.226615,0.088219,0.059646,0.646632,-0.390648
48.156992,-1.019058,0.765713,0.589935,0.513763,0.941112,1.141430,-0.594530,-0.536578,-0.523849,-0.176785,0.292897,0.424896,0.739846,-0.309540,0.556020,0.285071,-0.475075,-1.936765,1.028065,3.902935,1.288520,-0.204916,0.488679,0.226049,0.090882,0.055876,0.643798,-0.391166
48.157930,-1.014697,0.773018,0.589163,0.511662,0.940250,1.143731,-0.593646,-0.536105,-0.474222,-0.170209,0.278931,0.425046,0.734833,-0.309521,0.555814,0.285547,-0.474845,-1.936680,1.028127,3.903572,1.288132,-0.204742,0.486197,0.227050,0.090094,0.057055,0.639482,-0.390093
48.159033,-1.013788,0.772343,0.583973,0.510817,0.940675,1.142878,-0.594376,-0.529754,-0.411653,-0.156868,0.259335,0.424919,0.729281,-0.309583,0.555607,0.286018,-0.474620,-1.936586,1.028190,3.904196,1.287742,-0.206133,0.480972,0.226633,0.091557,0.058167,0.635674,-0.391116
48.160039,-1.017222,0.769488,0.578527,0.507622,0.938230,1.143691,-0.595279,-0.517488,-0.335128,-0.136727,0.233209,0.424586,0.723351,-0.309707,0.555400,0.286501,-0.474390,-1.936494,1.028251,3.904831,1.287358,-0.206059,0.480401,0.228729,0.092081,0.058152,0.635380,-0.389027
48.160917,-1.015309,0.762994,0.577944,0.509559,0.935041,1.142953,-0.592522,-0.505478,-0.251044,-0.115752,0.201912,0.424505,0.717475,-0.309839,0.555203,0.286977,-0.474154,-1.936396,1.028313,3.905466,1.286981,-0.203755,0.480524,0.230673,0.094646,0.060938,0.633132,-0.386559
48.162097,-1.017001,0.754060,0.577223,0.508651,0.937567,1.141731,-0.593392,-0.499964,-0.170397,-0.100490,0.169571,0.424957,0.712295,-0.309950,0.555000,0.287464,-0.473923,-1.936309,1.028387,3.906092,1.286580,-0.203863,0.481790,0.229943,0.092072,0.064219,0.632217,-0.391286
48.162972,-1.015560,0.748176,0.574239,0.504512,0.936991,1.138032,-0.594496,-0.500741,-0.104147,-0.092145,0.142013,0.425617,0.708468,-0.310018,0.554797,0.287951,-0.473694,-1.936214,1.028447,3.906732,1.286193,-0.202683,0.485609,0.229963,0.092747,0.062144,0.632412,-0.388930
48.163909,-1.012225,0.745509,0.574572,0.504872,0.936857,1.135654,-0.594270,-0.507375,-0.058166,-0.091005,0.121566,0.426389,0.706270,-0.310004,0.554597,0.288440,-0.473461,-1.936113,1.028512,3.907362,1.285816,-0.202575,0.486485,0.230448,0.095970,0.062908,0.634438,-0.385951
48.164952,-1.009391,0.743600,0.577141,0.506558,0.937201,1.135258,-0.592272,-0.517766,-0.028638,-0.094779,0.105817,0.427302,0.705362,-0.309930,0.554391,0.288928,-0.473235,-1.936020,1.028577,3.908003,1.285430,-0.203458,0.486049,0.229459,0.094942,0.063270,0.635182,-0.385683
48.165963,-1.010213,0.736666,0.573088,0.504575,0.937866,1.137427,-0.592039,-0.525170,-0.009380,-0.097219,0.093614,0.427935,0.705324,-0.309847,0.554184,0.289410,-0.473011,-1.935931,1.028640,3.908642,1.285032,-0.204253,0.485802,0.227598,0.092871,0.063262,0.634213,-0.389010
48.166986,-1.008083,0.737653,0.567859,0.502188,0.936022,1.134389,-0.590963,-0.526839,0.001298,-0.095991,0.085462,0.428123,0.706053,-0.309780,0.553985,0.289905,-0.472778,-1.935832,1.028706,3.909264,1.284645,-0.203237,0.487777,0.228918,0.094251,0.062878,0.630687,-0.388746
48.167913,-1.007925,0.735775,0.562307,0.500957,0.935014,1.133398,-0.588760,-0.527366,0.004970,-0.094752,0.079512,0.428411,0.707419,-0.309733,0.553781,0.290384,-0.472546,-1.935733,1.028777,3.909899,1.284252,-0.203697,0.485974,0.230838,0.095996,0.064994,0.632405,-0.390214
48.168911,-1.010167,0.730569,0.566842,0.498986,0.930712,1.130547,-0.586713,-0.531335,0.007101,-0.096688,0.072087,0.429397,0.709033,-0.309735,0.553581,0.290869,-0.472306,-1.935635,1.028845,3.910525,1.283856,-0.203028,0.485172,0.232620,0.096446,0.066180,0.631822,-0.393846
48.170011,-1.011636,0.721076,0.567262,0.496273,0.932627,1.129253,-0.586479,-0.539279,0.011121,-0.101971,0.061761,0.431204,0.710690,-0.309830,0.553385,0.291364,-0.472082,-1.935534,1.028928,3.911165,1.283448,-0.201325,0.486229,0.229650,0.097700,0.070622,0.633227,-0.397150
48.171002,-1.012751,0.719504,0.564926,0.495813,0.929121,1.124709,-0.584982,-0.549631,0.014398,-0.109683,0.050087,0.433647,0.712601,-0.310007,0.553186,0.291857,-0.471855,-1.935430,1.028993,3.911806,1.283049,-0.200180,0.489907,0.228976,0.099811,0.069028,0.633278,-0.396919
48.171924,-1.009487,0.711465,0.563993,0.493936,0.925833,1.120711,-0.584185,-0.562381,0.013333,-0.120153,0.038890,0.436608,0.714971,-0.310210,0.552993,0.292348,-0.471623,-1.935331,1.029074,3.912452,1.282652,-0.199069,0.489098,0.229387,0.099560,0.072701,0.636338,-0.399192
48.172961,-1.011240,0.709122,0.564895,0.494651,0.925391,1.115884,-0.581419,-0.576876,0.007629,-0.132752,0.029223,0.439840,0.717752,-0.310423,0.552791,0.292836,-0.471395,-1.935228,1.029160,3.913094,1.282243,-0.199952,0.491320,0.228984,0.100532,0.075989,0.638670,-0.399917
48.174040,-1.006510,0.706748,0.552036,0.494646,0.924608,1.113474,-0.580583,-0.603002,-0.016349,-0.157377,0.019040,0.445580,0.724292,-0.310837,0.552393,0.293824,-0.470925,-1.935031,1.029315,3.914388,1.281421,-0.200458,0.491077,0.233687,0.098690,0.077620,0.643163,-0.405631
48.174941,-1.007002,0.705619,0.554424,0.492084,0.924284,1.105432,-0.582418,-0.603002,-0.016349,-0.157377,0.019040,0.445580,0.724292,-0.310837,0.552393,0.293824,-0.470925,-1.935031,1.029315,3.914388,1.281421,-0.200458,0.491077,0.233687,0.098690,0.077620,0.643163,-0.405631
48.176049,-1.010449,0.704513,0.552065,0.493528,0.923856,1.101347,-0.579773,-0.617617,-0.032099,-0.171596,0.018208,0.448105,0.727748,-0.310980,0.552192,0.294306,-0.470700,-1.934926,1.029393,3.915050,1.281019,-0.199371,0.489792,0.231542,0.100293,0.077996,0.649427,-0.401062
48.176980,-1.013261,0.703291,0.554008,0.491944,0.920946,1.098573,-0.578923,-0.633935,-0.045241,-0.187025,0.017733,0.450534,0.730871,-0.311103,0.552001,0.294799,-0.470466,-1.934831,1.029474,3.915700,1.280609,-0.197337,0.489295,0.232203,0.098427,0.078654,0.652218,-0.405746
48.177943,-1.007316,0.699755,0.552955,0.490187,0.920865,1.093122,-0.581047,-0.652000,-0.054074,-0.203512,0.017031,0.452877,0.733476,-0.311255,0.551809,0.295289,-0.470242,-1.934729,1.029566,3.916357,1.280204,-0.195289,0.488100,0.230411,0.099168,0.081536,0.653244,-0.406579
48.178910,-1.009825,0.694261,0.553707,0.490269,0.917599,1.090472,-0.580149,-0.668965,-0.057726,-0.218588,0.015827,0.454929,0.735532,-0.311428,0.551609,0.295774,-0.470013,-1.934627,1.029651,3.917024,1.279815,-0.197626,0.488276,0.230166,0.100124,0.081647,0.657013,-0.401534
48.180012,-1.009101,0.688213,0.550209,0.490459,0.915747,1.089570,-0.578677,-0.680343,-0.057591,-0.228692,0.014875,0.456326,0.737125,-0.311592,0.551414,0.296265,-0.469786,-1.934531,1.029739,3.917680,1.279410,-0.195719,0.489383,0.229017,0.099355,0.084961,0.658004,-0.402592
48.181000,-1.010109,0.684763,0.549738,0.493202,0.915017,1.093412,-0.580105,-0.687077,-0.060393,-0.235429,0.017104,0.456981,0.738558,-0.311752,0.551218,0.296753,-0.469554,-1.934433,1.029828,3.918341,1.278997,-0.195717,0.491388,0.230257,0.098703,0.086944,0.657546,-0.404832
48.182061,-1.004666,0.685820,0.546899,0.494122,0.915107,1.090818,-0.581931,-0.692215,-0.073078,-0.242203,0.025583,0.456950,0.740198,-0.311907,0.551026,0.297247,-0.469326,-1.934345,1.029917,3.918982,1.278604,-0.194662,0.491492,0.229743,0.095503,0.087691,0.652159,-0.401181
48.182929,-0.998823,0.684394,0.544384,0.495297,0.913761,1.092798,-0.581014,-0.690865,-0.123364,-0.249480,0.060930,0.454348,0.744024,-0.312115,0.550619,0.298220,-0.468862,-1.934163,1.030098,3.920288,1.277817,-0.198897,0.488436,0.230783,0.092350,0.088950,0.649538,-0.397899
48.184005,-1.001159,0.681610,0.547575,0.494681,0.912290,1.094887,-0.580004,-0.690865,-0.123364,-0.249480,0.060930,0.454348,0.744024,-0.312115,0.550619,0.298220,-0.468862,-1.934163,1.030098,3.920288,1.277817,-0.198897,0.488436,0.230783,0.092350,0.088950,0.649538,-0.397899
48.184963,-0.999800,0.677382,0.548062,0.495398,0.912143,1.098082,-0.581447,-0.677328,-0.151270,-0.242824,0.083422,0.451644,0.745751,-0.312208,0.550426,0.298708,-0.468635,-1.934074,1.030194,3.920926,1.277419,-0.197307,0.488702,0.228634,0.092683,0.090467,0.646191,-0.399245
48.185900,-0.994017,0.674099,0.547825,0.496194,0.911196,1.098843,-0.581153,-0.626745,-0.210617,-0.210240,0.132403,0.444765,0.748869,-0.312350,0.550025,0.299680,-0.468184,-1.933897,1.030380,3.922192,1.276643,-0.199484,0.489090,0.226968,0.090123,0.091471,0.639153,-0.395435
48.187009,-0.989558,0.669886,0.546713,0.495086,0.907802,1.101869,-0.579990,-0.626745,-0.210617,-0.210240,0.132403,0.444765,0.748869,-0.312350,0.550025,0.299680,-0.468184,-1.933897,1.030380,3.922192,1.276643,-0.199484,0.489090,0.226968,0.090123,0.091471,0.639153,-0.395435
48.187897,-0.994944,0.666123,0.545374,0.491735,0.904159,1.103140,-0.581563,-0.588436,-0.243620,-0.183413,0.158998,0.440769,0.750337,-0.312344,0.549820,0.300179,-0.467957,-1.933804,1.030481,3.922819,1.276241,-0.201235,0.490078,0.227063,0.090924,0.094918,0.634992,-0.397114
48.188925,-0.993276,0.653007,0.544436,0.491915,0.903922,1.106465,-0.582066,-0.544367,-0.277799,-0.151850,0.184927,0.436767,0.751653,-0.312309,0.549629,0.300669,-0.467734,-1.933707,1.030585,3.923448,1.275852,-0.197787,0.489962,0.226851,0.093474,0.098348,0.632072,-0.393110
48.190018,-0.989555,0.647566,0.544532,0.493216,0.901388,1.106862,-0.581748,-0.502831,-0.315755,-0.122661,0.209092,0.433362,0.752910,-0.312229,0.549431,0.301175,-0.467506,-1.933616,1.030684,3.924065,1.275468,-0.198119,0.495004,0.226682,0.092829,0.098524,0.627471,-0.391461
48.191009,-0.989926,0.646818,0.545742,0.492966,0.901280,1.108802,-0.579383,-0.466046,-0.364528,-0.098529,0.234709,0.430431,0.754504,-0.312088,0.549229,0.301679,-0.467283,-1.933529,1.030790,3.924688,1.275077,-0.199523,0.496430,0.226174,0.091275,0.101041,0.625969,-0.391481
48.191911,-0.992205,0.639182,0.549203,0.493191,0.902017,1.110075,-0.579817,-0.430649,-0.423567,-0.076615,0.262971,0.427495,0.756466,-0.311910,0.549033,0.302173,-0.467057,-1.933436,1.030894,3.925310,1.274679,-0.198733,0.495195,0.224871,0.091013,0.101012,0.622636,-0.395500
48.192964,-0.988952,0.636572,0.550435,0.493555,0.903388,1.113764,-0.581073,-0.395550,-0.486104,-0.055146,0.291344,0.424467,0.758501,-0.311717,0.548841,0.302675,-0.466839,-1.933349,1.030992,3.925919,1.274286,-0.196883,0.496965,0.222347,0.090234,0.100132,0.619860,-0.393768
48.193952,-0.984811,0.631190,0.546012,0.494550,0.900142,1.112209,-0.580807,-0.360570,-0.548841,-0.033534,0.318566,0.421382,0.760570,-0.311487,0.548640,0.303169,-0.466622,-1.933263,1.031090,3.926530,1.273901,-0.198012,0.496944,0.221279,0.089579,0.098764,0.614987,-0.390593
48.194927,-0.990013,0.628148,0.548008,0.493324,0.898298,1.114323,-0.580977,-0.324360,-0.610435,-0.010550,0.344836,0.418175,0.762738,-0.311225,0.548439,0.303672,-0.466397,-1.933177,1.031197,3.927137,1.273515,-0.199438,0.497940,0.222827,0.088203,0.101909,0.615309,-0.390451
48.195998,-0.994471,0.624926,0.546091,0.492390,0.896523,1.112998,-0.580937,-0.288732,-0.669366,0.012389,0.369807,0.415032,0.764958,-0.310993,0.548247,0.304175,-0.466181,-1.933087,1.031303,3.927746,1.273125,-0.196230,0.497685,0.221186,0.088951,0.103588,0.611821,-0.389371
48.197046,-0.987507,0.617597,0.542266,0.491134,0.896619,1.114316,-0.581356,-0.259774,-0.723303,0.030508,0.391495,0.412541,0.767068,-0.310828,0.548056,0.304672,-0.465957,-1.932995,1.031413,3.928364,1.272735,-0.193633,0.498027,0.221657,0.089511,0.105260,0.612024,-0.388805
48.197921,-0.986466,0.610966,0.544878,0.491508,0.894655,1.110636,-0.580559,-0.240550,-0.771841,0.041323,0.409029,0.411036,0.769056,-0.310726,0.547855,0.305180,-0.465730,-1.932904,1.031520,3.928977,1.272354,-0.196627,0.500212,0.222987,0.090363,0.105060,0.609496,-0.387323
48.198939,-0.985044,0.610490,0.548599,0.490777,0.894353,1.106837,-0.579035,-0.226595,-0.817087,0.048157,0.424242,0.410128,0.771077,-0.310667,0.547657,0.305680,-0.465516,-1.932816,1.031631,3.929586,1.271964,-0.196306,0.501347,0.220861,0.089348,0.106744,0.611645,-0.388122
48.199978,-0.989604,0.616605,0.552126,0.493975,0.892565,1.105640,-0.581449,-0.211213,-0.857313,0.056645,0.437848,0.409227,0.772940,-0.310638,0.547462,0.306178,-0.465299,-1.932728,1.031740,3.930200,1.271576,-0.196504,0.500039,0.218470,0.089715,0.106896,0.614191,-0.390497
48.200984,-0.984646,0.621168,0.548715,0.494969,0.891700,1.107735,-0.581998,-0.191123,-0.885067,0.070424,0.447712,0.408044,0.774022,-0.310638,0.547272,0.306671,-0.465088,-1.932647,1.031849,3.930816,1.271198,-0.193771,0.495589,0.216287,0.086298,0.108581,0.614137,-0.384963
48.202045,-0.985702,0.619235,0.551257,0.495516,0.893039,1.106366,-0.580922,-0.166324,-0.892976,0.090440,0.451564,0.406524,0.773785,-0.310660,0.547072,0.307152,-0.464869,-1.932566,1.031960,3.931426,1.270818,-0.195693,0.491956,0.217438,0.085110,0.109264,0.610740,-0.383234
48.203027,-0.987149,0.623572,0.551465,0.495207,0.892204,1.106262,-0.582869,-0.137515,-0.880039,0.116210,0.449221,0.404694,0.772178,-0.310699,0.546880,0.307644,-0.464656,-1.932482,1.032068,3.932030,1.270434,-0.194726,0.491693,0.215745,0.084360,0.107815,0.611044,-0.384784
48.203947,-0.983777,0.627316,0.547497,0.495657,0.889344,1.104829,-0.582684,-0.106567,-0.849041,0.145825,0.441157,0.402765,0.769387,-0.310748,0.546687,0.308118,-0.464445,-1.932397,1.032179,3.932645,1.270061,-0.193440,0.488103,0.215118,0.084311,0.108479,0.609783,-0.380172
48.204955,-0.981529,0.627895,0.546053,0.497004,0.885213,1.104994,-0.583507,-0.075775,-0.799977,0.177442,0.426624,0.401027,0.765501,-0.310790,0.546491,0.308596,-0.464225,-1.932315,1.032296,3.933253,1.269688,-0.194447,0.484531,0.216348,0.083445,0.111054,0.609768,-0.379870
48.205989,-0.979288,0.622454,0.545871,0.495410,0.882288,1.098134,-0.583812,-0.045241,-0.733915,0.210851,0.406271,0.399476,0.760756,-0.310826,0.546295,0.309079,-0.464006,-1.932235,1.032418,3.933861,1.269314,-0.195017,0.482878,0.216484,0.081890,0.114923,0.608340,-0.377565
48.207011,-0.981694,0.616906,0.548897,0.495027,0.880698,1.093849,-0.583928,-0.014242,-0.657752,0.245755,0.383328,0.397900,0.755657,-0.310859,0.546094,0.309562,-0.463794,-1.932150,1.032538,3.934488,1.268935,-0.195575,0.484373,0.216127,0.083243,0.117597,0.613968,-0.376330
48.208026,-0.980709,0.614778,0.550525,0.496993,0.879700,1.089845,-0.585255,0.016425,-0.580721,0.280383,0.361017,0.396213,0.750681,-0.310908,0.545904,0.310050,-0.463583,-1.932068,1.032660,3.935119,1.268558,-0.193887,0.485759,0.214146,0.083379,0.118913,0.616876,-0.375461
48.209024,-0.980469,0.617871,0.546690,0.496493,0.879602,1.088354,-0.584444,0.045744,-0.509680,0.313136,0.341760,0.394362,0.746097,-0.310992,0.545708,0.310536,-0.463373,-1.931992,1.032780,3.935740,1.268190,-0.193866,0.485430,0.212890,0.081293,0.119651,0.619564,-0.372172
48.209923,-0.975787,0.624616,0.551100,0.498515,0.879922,1.083709,-0.584134,0.099731,-0.380607,0.373510,0.309705,0.390224,0.737542,-0.311322,0.545319,0.311474,-0.462950,-1.931835,1.033019,3.936991,1.267452,-0.195062,0.477512,0.211369,0.079239,0.118804,0.622713,-0.373104
48.211013,-0.982667,0.635533,0.547384,0.498823,0.878645,1.083423,-0.584394,0.099731,-0.380607,0.373510,0.309705,0.390224,0.737542,-0.311322,0.545319,0.311474,-0.462950,-1.931835,1.033019,3.936991,1.267452,-0.195062,0.477512,0.211369,0.079239,0.118804,0.622713,-0.373104
48.211915,-0.977178,0.638286,0.549510,0.498895,0.876638,1.082817,-0.583018,0.127621,-0.305468,0.405979,0.289344,0.388052,0.732490,-0.311581,0.545136,0.311928,-0.462738,-1.931757,1.033138,3.937614,1.267080,-0.191317,0.471368,0.212941,0.078936,0.119920,0.621816,-0.372012
48.212926,-0.980413,0.633754,0.545551,0.498694,0.872161,1.085416,-0.585103,0.154699,-0.214548,0.439969,0.261677,0.386191,0.726364,-0.311859,0.544939,0.312392,-0.462529,-1.931679,1.033261,3.938228,1.266706,-0.193368,0.468414,0.211171,0.078526,0.121552,0.620881,-0.374065
48.214036,-0.988178,0.633915,0.554005,0.497090,0.870071,1.082400,-0.584330,0.179923,-0.113286,0.473963,0.228605,0.384746,0.719564,-0.312116,0.544754,0.312870,-0.462315,-1.931602,1.033397,3.938842,1.266342,-0.191296,0.469418,0.212678,0.078606,0.125642,0.616978,-0.369225
48.215025,-0.985369,0.626596,0.554173,0.495650,0.866257,1.081335,-0.583500,0.213827,0.081194,0.528157,0.159871,0.383596,0.706313,-0.312472,0.544385,0.313809,-0.461906,-1.931434,1.033661,3.940084,1.265590,-0.188178,0.470939,0.207710,0.081206,0.130859,0.618635,-0.371266
48.216019,-0.981510,0.617566,0.553117,0.492759,0.861497,1.079918,-0.583733,0.213827,0.081194,0.528157,0.159871,0.383596,0.706313,-0.312472,0.544385,0.313809,-0.461906,-1.931434,1.033661,3.940084,1.265590,-0.188178,0.470939,0.207710,0.081206,0.130859,0.618635,-0.371266
48.217102,-0.982503,0.610120,0.554460,0.490860,0.860534,1.082249,-0.580318,0.224531,0.160938,0.548452,0.129210,0.383542,0.700681,-0.312547,0.544191,0.314282,-0.461698,-1.931346,1.033804,3.940707,1.265225,-0.189558,0.474137,0.207767,0.083694,0.135121,0.618684,-0.370161
48.218069,-0.985684,0.610765,0.556802,0.491784,0.863245,1.082412,-0.579336,0.234023,0.220360,0.565498,0.104527,0.383400,0.696265,-0.312578,0.544006,0.314765,-0.461493,-1.931258,1.033941,3.941319,1.264842,-0.188755,0.476803,0.206829,0.085312,0.135699,0.615222,-0.376453
48.218982,-0.982124,0.601236,0.552226,0.489835,0.862605,1.086546,-0.579176,0.241039,0.259566,0.578143,0.085511,0.383210,0.693030,-0.312614,0.543824,0.315240,-0.461293,-1.931178,1.034070,3.941921,1.264459,-0.186697,0.474972,0.205216,0.084079,0.132563,0.613764,-0.377658
48.220034,-0.981291,0.604879,0.548746,0.490097,0.864759,1.088246,-0.578704,0.243766,0.281923,0.585189,0.070880,0.383131,0.690757,-0.312647,0.543632,0.315719,-0.461082,-1.931089,1.034202,3.942522,1.264080,-0.187837,0.478042,0.206855,0.085494,0.132763,0.608157,-0.377219
48.220990,-0.984112,0.599949,0.548915,0.490340,0.863361,1.093421,-0.576724,0.241237,0.290446,0.586086,0.059496,0.383300,0.689361,-0.312667,0.543448,0.316190,-0.460866,-1.931004,1.034332,3.943116,1.263700,-0.187915,0.475114,0.208147,0.084951,0.130274,0.605423,-0.377543
48.221927,-0.986105,0.600269,0.554336,0.490205,0.860614,1.091541,-0.573344,0.232773,0.289678,0.580682,0.049811,0.383888,0.688750,-0.312711,0.543262,0.316664,-0.460660,-1.930922,1.034468,3.943706,1.263311,-0.185968,0.476118,0.207520,0.084364,0.131234,0.598945,-0.380789
48.222960,-0.988714,0.591521,0.550495,0.488515,0.857541,1.093719,-0.573794,0.219657,0.283953,0.570452,0.040942,0.384906,0.688819,-0.312804,0.543085,0.317137,-0.460461,-1.930839,1.034607,3.944302,1.262915,-0.184515,0.474368,0.204298,0.084113,0.133483,0.599549,-0.386787
48.223910,-0.985925,0.586872,0.551150,0.488148,0.853707,1.092711,-0.571167,0.183029,0.259948,0.538887,0.026821,0.388206,0.691046,-0.313039,0.542719,0.318100,-0.460050,-1.930663,1.034893,3.945500,1.262130,-0.183786,0.478216,0.205022,0.085326,0.139394,0.595906,-0.389669
48.224935,-0.982733,0.581790,0.549449,0.487786,0.850564,1.092895,-0.568194,0.183029,0.259948,0.538887,0.026821,0.388206,0.691046,-0.313039,0.542719,0.318100,-0.460050,-1.930663,1.034893,3.945500,1.262130,-0.183786,0.478216,0.205022,0.085326,0.139394,0.595906,-0.389669
48.225939,-0.983883,0.575770,0.549668,0.484640,0.847680,1.088823,-0.569475,0.162200,0.237882,0.519394,0.024382,0.390234,0.693505,-0.313122,0.542532,0.318585,-0.459847,-1.930576,1.035040,3.946091,1.261728,-0.184979,0.479433,0.205525,0.085360,0.142022,0.594603,-0.394885
48.226941,-0.981871,0.574676,0.546063,0.485162,0.847105,1.090102,-0.568679,0.143573,0.210179,0.500818,0.025344,0.392206,0.696763,-0.313163,0.542350,0.319073,-0.459646,-1.930483,1.035190,3.946692,1.261338,-0.183992,0.480990,0.205038,0.087993,0.144342,0.597501,-0.391530
48.227988,-0.976363,0.572916,0.546132,0.486609,0.843680,1.089928,-0.567693,0.125868,0.179150,0.482522,0.028092,0.394265,0.700503,-0.313137,0.542163,0.319548,-0.459435,-1.930396,1.035332,3.947290,1.260949,-0.184556,0.480208,0.206369,0.087062,0.144407,0.594966,-0.392457
48.228938,-0.975809,0.568228,0.546222,0.485451,0.840632,1.092158,-0.567739,0.110585,0.147391,0.466058,0.032214,0.396237,0.704448,-0.313033,0.541974,0.320028,-0.459226,-1.930315,1.035485,3.947879,1.260551,-0.186928,0.479921,0.205940,0.085440,0.147313,0.594108,-0.393731
48.229935,-0.977700,0.573810,0.550477,0.485609,0.839172,1.088908,-0.566424,0.101878,0.115916,0.454839,0.038598,0.397671,0.708504,-0.312860,0.541789,0.320504,-0.459024,-1.930225,1.035638,3.948473,1.260155,-0.186660,0.480722,0.205403,0.086084,0.149708,0.590551,-0.392838
48.231042,-0.974627,0.577740,0.545900,0.486592,0.836370,1.089712,-0.567347,0.100804,0.088307,0.450181,0.045654,0.398489,0.712389,-0.312647,0.541603,0.320975,-0.458825,-1.930141,1.035789,3.949066,1.259760,-0.185249,0.476606,0.202886,0.085597,0.150577,0.592670,-0.394761
48.231999,-0.975353,0.579128,0.550178,0.486323,0.831887,1.088355,-0.567116,0.106256,0.071951,0.452215,0.049828,0.398876,0.715568,-0.312416,0.541417,0.321447,-0.458618,-1.930058,1.035949,3.949672,1.259370,-0.186563,0.473841,0.204992,0.084516,0.152833,0.590825,-0.392252
48.232954,-0.977438,0.574112,0.553634,0.486706,0.826648,1.088557,-0.565373,0.117682,0.070595,0.460996,0.049609,0.398896,0.717803,-0.312206,0.541233,0.321915,-0.458417,-1.929973,1.036110,3.950264,1.258973,-0.185679,0.471730,0.202345,0.084380,0.156616,0.590928,-0.391961
48.233909,-0.978614,0.568652,0.547878,0.484190,0.824797,1.084275,-0.566572,0.135015,0.081090,0.476063,0.046475,0.398462,0.719340,-0.312071,0.541054,0.322391,-0.458220,-1.929890,1.036280,3.950849,1.258569,-0.184192,0.472738,0.200201,0.083612,0.161054,0.589473,-0.394671
48.235083,-0.975578,0.563463,0.544920,0.485880,0.822510,1.080755,-0.566278,0.154102,0.095281,0.493091,0.043044,0.397758,0.720656,-0.312000,0.540872,0.322865,-0.458014,-1.929800,1.036446,3.951450,1.258190,-0.183127,0.473967,0.202596,0.085627,0.162105,0.592463,-0.391511
48.235997,-0.979810,0.559636,0.543492,0.485212,0.819734,1.075520,-0.565792,0.168357,0.104017,0.505687,0.041873,0.397168,0.722183,-0.311942,0.540686,0.323345,-0.457807,-1.929721,1.036611,3.952049,1.257796,-0.184536,0.475954,0.203962,0.084007,0.163839,0.595182,-0.391550
48.236890,-0.983411,0.550118,0.544885,0.486758,0.815472,1.073079,-0.564703,0.174777,0.101660,0.510731,0.044995,0.396798,0.724145,-0.311883,0.540508,0.323822,-0.457599,-1.929635,1.036782,3.952658,1.257408,-0.181881,0.476124,0.204027,0.084192,0.165768,0.598947,-0.391744
48.237979,-0.980003,0.549433,0.542298,0.487934,0.814525,1.070700,-0.564035,0.171687,0.085292,0.506483,0.053595,0.396646,0.726624,-0.311825,0.540333,0.324302,-0.457401,-1.929556,1.036958,3.953268,1.257011,-0.179581,0.479072,0.202759,0.082259,0.169118,0.599824,-0.393107
48.238977,-0.982122,0.552597,0.539826,0.490571,0.809992,1.066609,-0.566912,0.160237,0.053580,0.493689,0.068579,0.396540,0.729689,-0.311750,0.540150,0.324780,-0.457195,-1.929479,1.037132,3.953864,1.256617,-0.181070,0.478410,0.203820,0.081090,0.169308,0.601226,-0.393787
48.239989,-0.985552,0.551363,0.547191,0.492116,0.809544,1.064206,-0.565487,0.144220,0.011517,0.475999,0.088525,0.396231,0.733094,-0.311642,0.539970,0.325255,-0.456994,-1.929406,1.037313,3.954480,1.256244,-0.179607,0.475476,0.204668,0.078378,0.173007,0.604006,-0.387314
48.240918,-0.987494,0.550995,0.544155,0.491486,0.807786,1.064613,-0.564411,0.126586,-0.032658,0.456771,0.110378,0.395641,0.736371,-0.311528,0.539798,0.325725,-0.456801,-1.929333,1.037485,3.955090,1.255853,-0.177635,0.474917,0.200683,0.076827,0.172634,0.605144,-0.389544
48.241951,-0.983858,0.545072,0.542871,0.488825,0.806211,1.062852,-0.565451,0.109005,-0.074095,0.437920,0.131753,0.394899,0.739305,-0.311471,0.539623,0.326199,-0.456598,-1.929257,1.037662,3.955690,1.255454,-0.176224,0.473466,0.201712,0.077237,0.173507,0.603319,-0.390882
48.242973,-0.982117,0.536729,0.539816,0.489019,0.803518,1.058459,-0.565407,0.091296,-0.111465,0.419431,0.150677,0.394348,0.741968,-0.311478,0.539442,0.326673,-0.456397,-1.929174,1.037839,3.956295,1.255070,-0.177752,0.475302,0.202031,0.079683,0.174272,0.603927,-0.388103
48.243919,-0.990883,0.523718,0.542344,0.484907,0.800087,1.055678,-0.565615,0.073765,-0.148515,0.400996,0.167805,0.394099,0.744667,-0.311496,0.539264,0.327159,-0.456191,-1.929098,1.038015,3.956903,1.254687,-0.178303,0.478132,0.203176,0.079378,0.176170,0.607134,-0.387548
48.245132,-0.989604,0.520313,0.540723,0.486443,0.797158,1.055864,-0.566143,0.053765,-0.192754,0.379478,0.185608,0.394258,0.747725,-0.311490,0.539097,0.327659,-0.455994,-1.929009,1.038199,3.957513,1.254301,-0.173558,0.482797,0.201448,0.082998,0.178660,0.608488,-0.386384
48.245966,-0.988393,0.510885,0.544792,0.486443,0.793706,1.055301,-0.566435,0.026855,-0.248999,0.350719,0.205347,0.395023,0.751273,-0.311470,0.538921,0.328143,-0.455791,-1.928931,1.038384,3.958122,1.253914,-0.174304,0.483977,0.202307,0.081601,0.180870,0.607506,-0.384805
48.246957,-0.984468,0.507651,0.543313,0.487111,0.793219,1.055694,-0.567273,-0.003705,-0.317022,0.317392,0.228117,0.395946,0.755302,-0.311425,0.538748,0.328637,-0.455594,-1.928852,1.038572,3.958716,1.253540,-0.174312,0.486423,0.199570,0.081142,0.183224,0.606492,-0.383435
48.247993,-0.986250,0.510313,0.543731,0.487464,0.793399,1.057955,-0.567833,-0.030309,-0.393420,0.286043,0.254495,0.396288,0.759658,-0.311315,0.538570,0.329120,-0.455393,-1.928773,1.038755,3.959315,1.253162,-0.175928,0.486568,0.199946,0.080268,0.182777,0.604857,-0.381078
48.248898,-0.984024,0.509883,0.546960,0.487503,0.794938,1.060212,-0.567896,-0.049882,-0.470670,0.260091,0.281988,0.395889,0.763899,-0.311158,0.538399,0.329602,-0.455192,-1.928694,1.038934,3.959899,1.252788,-0.174809,0.483963,0.199425,0.079773,0.181770,0.601540,-0.379348
48.250008,-0.979439,0.507014,0.541406,0.487379,0.793351,1.066150,-0.566846,-0.062120,-0.538689,0.241049,0.306300,0.394979,0.767475,-0.311026,0.538221,0.330088,-0.455002,-1.928613,1.039106,3.960488,1.252415,-0.175423,0.482327,0.197356,0.079345,0.179339,0.597901,-0.378506
48.250890,-0.976797,0.498262,0.537483,0.483973,0.790228,1.068406,-0.566530,-0.066266,-0.593079,0.230042,0.325675,0.393701,0.770263,-0.310965,0.538038,0.330567,-0.454796,-1.928533,1.039286,3.961067,1.252030,-0.177521,0.482897,0.199964,0.079446,0.180196,0.591098,-0.380035
48.251902,-0.977396,0.496359,0.539457,0.483745,0.789798,1.071775,-0.567296,-0.064484,-0.637692,0.224713,0.341240,0.392278,0.772613,-0.310982,0.537862,0.331059,-0.454591,-1.928446,1.039473,3.961638,1.251652,-0.178295,0.485245,0.201253,0.082301,0.182292,0.587548,-0.379887
48.252901,-0.979623,0.491045,0.541374,0.484468,0.787279,1.069992,-0.567494,-0.060261,-0.676487,0.221680,0.353716,0.391007,0.774813,-0.311048,0.537684,0.331538,-0.454395,-1.928365,1.039656,3.962212,1.251280,-0.177651,0.484854,0.199938,0.082269,0.181811,0.583131,-0.377703
48.253916,-0.980001,0.489645,0.539144,0.485530,0.786800,1.071029,-0.566475,-0.055068,-0.710385,0.219716,0.363634,0.389956,0.776859,-0.311112,0.537510,0.332029,-0.454199,-1.928285,1.039841,3.962801,1.250908,-0.176232,0.486020,0.198660,0.081323,0.183437,0.583807,-0.376680
48.255048,-0.979606,0.489345,0.538085,0.487018,0.786701,1.072121,-0.567913,-0.050623,-0.740411,0.217478,0.372279,0.389103,0.778612,-0.311152,0.537334,0.332518,-0.453994,-1.928207,1.040026,3.963376,1.250524,-0.175752,0.485275,0.199404,0.080113,0.182992,0.581712,-0.378067
48.255927,-0.975900,0.488385,0.543729,0.487507,0.788754,1.075420,-0.566231,-0.048678,-0.766635,0.213699,0.380291,0.388459,0.779845,-0.311170,0.537158,0.332999,-0.453795,-1.928129,1.040206,3.963950,1.250152,-0.175862,0.484621,0.199841,0.078676,0.182343,0.579868,-0.374617
48.256943,-0.972738,0.489113,0.543762,0.487134,0.786957,1.080887,-0.566269,-0.046070,-0.786565,0.211352,0.387344,0.387769,0.780329,-0.311176,0.536980,0.333479,-0.453604,-1.928053,1.040379,3.964512,1.249773,-0.177167,0.483177,0.196484,0.077876,0.179359,0.575262,-0.377270
48.258073,-0.975099,0.497131,0.538710,0.487723,0.786132,1.086629,-0.564562,-0.035918,-0.795645,0.216680,0.392120,0.386585,0.779932,-0.311191,0.536798,0.333959,-0.453410,-1.927976,1.040561,3.965082,1.249387,-0.178133,0.480893,0.195955,0.077923,0.180190,0.568370,-0.376299
48.258953,-0.973273,0.501053,0.537631,0.488205,0.785530,1.086081,-0.565787,-0.018313,-0.788212,0.230419,0.391654,0.385026,0.778522,-0.311249,0.536628,0.334417,-0.453208,-1.927901,1.040742,3.965632,1.249011,-0.176478,0.475278,0.197893,0.077073,0.180032,0.561341,-0.378894
48.260016,-0.977536,0.501984,0.531575,0.490732,0.783742,1.085666,-0.565140,0.000836,-0.758714,0.248524,0.382596,0.383632,0.775891,-0.311366,0.536451,0.334881,-0.453009,-1.927828,1.040916,3.966184,1.248642,-0.176533,0.470806,0.197445,0.076043,0.179533,0.560202,-0.375418
48.261012,-0.975403,0.495582,0.534412,0.490271,0.782812,1.081646,-0.564429,0.016315,-0.707432,0.266708,0.364882,0.382750,0.772042,-0.311525,0.536281,0.335340,-0.452807,-1.927759,1.041095,3.966741,1.248265,-0.173830,0.468548,0.199784,0.073319,0.180322,0.559168,-0.375858
48.261960,-0.976039,0.492932,0.531674,0.493234,0.781951,1.077912,-0.563712,0.024829,-0.643141,0.281151,0.342473,0.382443,0.767399,-0.311725,0.536106,0.335812,-0.452611,-1.927687,1.041275,3.967299,1.247889,-0.174245,0.469571,0.197573,0.073463,0.180169,0.561646,-0.376352
48.263093,-0.980188,0.487520,0.529368,0.491859,0.781854,1.076207,-0.564587,0.024282,-0.513095,0.296860,0.300978,0.382550,0.757663,-0.312199,0.535767,0.336747,-0.452212,-1.927547,1.041632,3.968430,1.247143,-0.170695,0.469606,0.198688,0.071379,0.179077,0.563983,-0.374225
48.264157,-0.979017,0.484599,0.525966,0.491268,0.782208,1.072925,-0.565345,0.024282,-0.513095,0.296860,0.300978,0.382550,0.757663,-0.312199,0.535767,0.336747,-0.452212,-1.927547,1.041632,3.968430,1.247143,-0.170695,0.469606,0.198688,0.071379,0.179077,0.563983,-0.374225
48.264996,-0.977247,0.487332,0.523638,0.491627,0.782458,1.072668,-0.564821,0.010686,-0.458433,0.293312,0.284848,0.383088,0.752984,-0.312399,0.535598,0.337213,-0.452008,-1.927476,1.041808,3.968991,1.246780,-0.170781,0.469143,0.199663,0.071714,0.177743,0.565803,-0.371873
48.266188,-0.977943,0.490862,0.522114,0.493682,0.783762,1.070976,-0.564525,-0.037580,-0.359250,0.269763,0.253504,0.385033,0.743223,-0.312832,0.535256,0.338117,-0.451610,-1.927342,1.042153,3.970110,1.246041,-0.170091,0.462187,0.200071,0.068877,0.174218,0.564638,-0.371752
48.266977,-0.978236,0.494457,0.518233,0.492231,0.783566,1.070523,-0.564377,-0.065996,-0.302497,0.256274,0.233823,0.386227,0.737555,-0.313081,0.535089,0.338567,-0.451411,-1.927273,1.042326,3.970673,1.245672,-0.169051,0.457715,0.200902,0.069782,0.173275,0.563099,-0.371023
48.268014,-0.976882,0.499026,0.513672,0.490581,0.782255,1.071584,-0.564352,-0.065996,-0.302497,0.256274,0.233823,0.386227,0.737555,-0.313081,0.535089,0.338567,-0.451411,-1.927273,1.042326,3.970673,1.245672,-0.169051,0.457715,0.200902,0.069782,0.173275,0.563099,-0.371023
48.268956,-0.978724,0.496036,0.513392,0.490403,0.782721,1.070193,-0.563279,-0.096888,-0.233874,0.242795,0.207740,0.387858,0.731141,-0.313335,0.534920,0.339011,-0.451205,-1.927201,1.042499,3.971235,1.245303,-0.169176,0.453700,0.202389,0.071133,0.173626,0.560503,-0.370193
48.269930,-0.978779,0.494513,0.512681,0.487997,0.780179,1.065162,-0.561426,-0.130020,-0.152876,0.229519,0.174459,0.390094,0.724174,-0.313595,0.534759,0.339465,-0.451001,-1.927131,1.042672,3.971794,1.244931,-0.167634,0.453044,0.201569,0.070902,0.172101,0.560238,-0.371417
48.270978,-0.972333,0.481357,0.510332,0.485064,0.777802,1.062524,-0.560668,-0.164553,-0.064924,0.216368,0.136392,0.392846,0.717098,-0.313854,0.534592,0.339912,-0.450802,-1.927053,1.042851,3.972369,1.244553,-0.166999,0.451812,0.201116,0.072808,0.173601,0.563590,-0.374189
48.272029,-0.977054,0.472912,0.508623,0.484959,0.776681,1.056711,-0.560610,-0.197843,0.021669,0.204367,0.097172,0.395754,0.710481,-0.314100,0.534418,0.340381,-0.450597,-1.926973,1.043024,3.972945,1.244179,-0.169651,0.456457,0.201528,0.075271,0.175014,0.564614,-0.374794
48.272936,-0.975190,0.465529,0.511461,0.482582,0.777383,1.048264,-0.558014,-0.259940,0.148653,0.178649,0.033126,0.400834,0.700787,-0.314554,0.534087,0.341306,-0.450199,-1.926817,1.043371,3.974105,1.243419,-0.166990,0.460036,0.199312,0.076687,0.173365,0.575453,-0.378229
48.274077,-0.975515,0.460180,0.505337,0.484422,0.775246,1.043976,-0.556022,-0.259940,0.148653,0.178649,0.033126,0.400834,0.700787,-0.314554,0.534087,0.341306,-0.450199,-1.926817,1.043371,3.974105,1.243419,-0.166990,0.460036,0.199312,0.076687,0.173365,0.575453,-0.378229
48.275022,-0.970325,0.457326,0.504248,0.482650,0.779364,1.040657,-0.554897,-0.321137,0.201294,0.144481,-0.005270,0.404327,0.695204,-0.315210,0.533752,0.342231,-0.449790,-1.926668,1.043706,3.975262,1.242646,-0.168376,0.460243,0.201389,0.075916,0.169539,0.579778,-0.382548
48.275967,-0.967196,0.459866,0.501914,0.484276,0.781460,1.039233,-0.553835,-0.347256,0.211828,0.128751,-0.018672,0.405372,0.693201,-0.315622,0.533581,0.342677,-0.449586,-1.926595,1.043869,3.975842,1.242257,-0.169207,0.456878,0.201639,0.073821,0.166517,0.579385,-0.383659
48.277004,-0.969746,0.463744,0.498641,0.481986,0.783067,1.035658,-0.552154,-0.347256,0.211828,0.128751,-0.018672,0.405372,0.693201,-0.315622,0.533581,0.342677,-0.449586,-1.926595,1.043869,3.975842,1.242257,-0.169207,0.456878,0.201639,0.073821,0.166517,0.579385,-0.383659
48.278039,-0.970640,0.456606,0.495562,0.484197,0.781784,1.033437,-0.551027,-0.368054,0.226086,0.117480,-0.033957,0.406224,0.691073,-0.316087,0.533418,0.343127,-0.449378,-1.926514,1.044029,3.976419,1.241864,-0.167422,0.453138,0.202444,0.075624,0.164085,0.581365,-0.386062
48.278926,-0.970309,0.454269,0.499548,0.480861,0.782449,1.032820,-0.551767,-0.409292,0.272181,0.096246,-0.073824,0.409029,0.685818,-0.317112,0.533090,0.344037,-0.448977,-1.926362,1.044349,3.977582,1.241087,-0.165940,0.453643,0.200243,0.075760,0.162914,0.580617,-0.384790
48.280059,-0.968491,0.446792,0.498964,0.480337,0.783912,1.034072,-0.552155,-0.409292,0.272181,0.096246,-0.073824,0.409029,0.685818,-0.317112,0.533090,0.344037,-0.448977,-1.926362,1.044349,3.977582,1.241087,-0.165940,0.453643,0.200243,0.075760,0.162914,0.580617,-0.384790
48.280988,-0.964422,0.437071,0.492653,0.479189,0.781404,1.033012,-0.549430,-0.427763,0.297196,0.086904,-0.095001,0.410862,0.683176,-0.317523,0.532923,0.344502,-0.448780,-1.926284,1.044506,3.978150,1.240709,-0.166449,0.455765,0.200015,0.075943,0.160709,0.577959,-0.383165
48.281964,-0.967640,0.430288,0.490972,0.480677,0.782861,1.033297,-0.551331,-0.442354,0.317151,0.079616,-0.114049,0.412733,0.681012,-0.317819,0.532750,0.344959,-0.448572,-1.926207,1.044669,3.978725,1.240309,-0.167735,0.458370,0.202198,0.076532,0.162306,0.577237,-0.387611
48.282974,-0.967276,0.426664,0.493870,0.483132,0.787665,1.035148,-0.551588,-0.456422,0.324106,0.070619,-0.127183,0.414573,0.679642,-0.317995,0.532587,0.345420,-0.448368,-1.926135,1.044826,3.979292,1.239939,-0.165520,0.459602,0.202146,0.074637,0.159957,0.575277,-0.382802
48.283974,-0.966488,0.423943,0.492350,0.482241,0.789567,1.041430,-0.551602,-0.472160,0.315838,0.057787,-0.132654,0.416282,0.679035,-0.318023,0.532423,0.345872,-0.448173,-1.926068,1.044971,3.979858,1.239558,-0.165173,0.459469,0.199956,0.071939,0.154406,0.571810,-0.381379
48.285068,-0.960898,0.428630,0.492810,0.484223,0.792130,1.043406,-0.551063,-0.487427,0.296156,0.043302,-0.131373,0.417659,0.679037,-0.317930,0.532258,0.346329,-0.447973,-1.925995,1.045113,3.980405,1.239182,-0.165004,0.458812,0.199949,0.072503,0.151851,0.563984,-0.380435
48.286073,-0.960433,0.426004,0.494178,0.485143,0.795676,1.045060,-0.550122,-0.498348,0.256310,0.028427,-0.121753,0.418497,0.679853,-0.317697,0.531921,0.347226,-0.447577,-1.925861,1.045384,3.981516,1.238415,-0.166957,0.454305,0.197649,0.069254,0.144550,0.557469,-0.381557
48.286960,-0.964290,0.421113,0.490504,0.486369,0.796004,1.045405,-0.552396,-0.491920,0.243864,0.030755,-0.116300,0.417846,0.680404,-0.317614,0.531763,0.347684,-0.447378,-1.925797,1.045524,3.982061,1.238053,-0.164373,0.454337,0.198547,0.067700,0.143508,0.555442,-0.376007
48.288080,-0.968990,0.428419,0.490327,0.488709,0.797355,1.045152,-0.551570,-0.487040,0.234780,0.031871,-0.110723,0.417109,0.681023,-0.317572,0.531606,0.348128,-0.447183,-1.925734,1.045664,3.982615,1.237672,-0.161719,0.449186,0.198085,0.065395,0.141568,0.554375,-0.376848
48.289050,-0.969688,0.421033,0.489007,0.490127,0.798903,1.044190,-0.549637,-0.488284,0.229930,0.028323,-0.105760,0.416604,0.681596,-0.317620,0.531449,0.348578,-0.446984,-1.925674,1.045797,3.983170,1.237287,-0.160874,0.450910,0.197923,0.063873,0.139405,0.553739,-0.379754
48.290007,-0.966761,0.415731,0.490412,0.490795,0.799890,1.044177,-0.551431,-0.493471,0.224731,0.021348,-0.099196,0.416102,0.682373,-0.317741,0.531286,0.349034,-0.446790,-1.925612,1.045933,3.983711,1.236925,-0.161757,0.451405,0.196431,0.063046,0.137765,0.552198,-0.375195
48.291083,-0.965728,0.406329,0.485929,0.491276,0.799685,1.046216,-0.551494,-0.499049,0.211813,0.012897,-0.087831,0.415261,0.683767,-0.317870,0.531123,0.349489,-0.446592,-1.925552,1.046069,3.984257,1.236554,-0.161831,0.454393,0.198052,0.062622,0.137403,0.548782,-0.374243
48.292082,-0.967714,0.404211,0.482701,0.490718,0.801088,1.046550,-0.552705,-0.499049,0.211813,0.012897,-0.087831,0.415261,0.683767,-0.317870,0.531123,0.349489,-0.446592,-1.925552,1.046069,3.984257,1.236554,-0.161831,0.454393,0.198052,0.062622,0.137403,0.548782,-0.374243
48.293001,-0.964099,0.397372,0.480570,0.492179,0.803141,1.049865,-0.551603,-0.506691,0.187300,0.001216,-0.071071,0.414227,0.685930,-0.317996,0.530964,0.349942,-0.446393,-1.925489,1.046199,3.984795,1.236194,-0.160331,0.453448,0.198878,0.063047,0.135424,0.547014,-0.370936
48.294114,-0.964968,0.398297,0.482003,0.492794,0.807166,1.052193,-0.553798,-0.518449,0.152052,-0.015124,-0.050382,0.413274,0.688769,-0.318132,0.530800,0.350401,-0.446196,-1.925432,1.046327,3.985333,1.235812,-0.161498,0.454565,0.199060,0.061459,0.132752,0.542075,-0.372189
48.295116,-0.963552,0.394486,0.485444,0.495930,0.808106,1.051774,-0.555575,-0.531389,0.109558,-0.033238,-0.027289,0.412335,0.692163,-0.318245,0.530642,0.350845,-0.446001,-1.925372,1.046448,3.985870,1.235455,-0.160721,0.452610,0.197771,0.060940,0.128317,0.538517,-0.366949
48.296053,-0.955760,0.392925,0.484995,0.497643,0.810456,1.050621,-0.554780,-0.540785,0.064161,-0.048667,-0.003041,0.411179,0.695929,-0.318283,0.530483,0.351296,-0.445808,-1.925322,1.046574,3.986404,1.235108,-0.160944,0.452587,0.195345,0.057954,0.126883,0.537539,-0.362592
48.297173,-0.961321,0.392910,0.484432,0.499561,0.811367,1.049188,-0.556476,-0.529064,-0.023896,-0.053781,0.048282,0.406846,0.704006,-0.318178,0.530159,0.352186,-0.445422,-1.925220,1.046811,3.987476,1.234396,-0.161056,0.449822,0.194547,0.054736,0.122767,0.537368,-0.359135
48.298090,-0.962532,0.387404,0.482367,0.498665,0.812668,1.049731,-0.557899,-0.529064,-0.023896,-0.053781,0.048282,0.406846,0.704006,-0.318178,0.530159,0.352186,-0.445422,-1.925220,1.046811,3.987476,1.234396,-0.161056,0.449822,0.194547,0.054736,0.122767,0.537368,-0.359135
48.299135,-0.960010,0.376253,0.481497,0.497958,0.813862,1.048371,-0.559617,-0.502069,-0.103062,-0.043806,0.095408,0.402054,0.712127,-0.318086,0.529839,0.353101,-0.445035,-1.925108,1.047045,3.988545,1.233702,-0.160681,0.454032,0.194538,0.056368,0.119356,0.535259,-0.351210
48.300069,-0.962644,0.365935,0.479278,0.497643,0.813545,1.046784,-0.560134,-0.502069,-0.103062,-0.043806,0.095408,0.402054,0.712127,-0.318086,0.529839,0.353101,-0.445035,-1.925108,1.047045,3.988545,1.233702,-0.160681,0.454032,0.194538,0.056368,0.119356,0.535259,-0.351210
48.301033,-0.955359,0.356825,0.475527,0.498402,0.814166,1.041671,-0.559603,-0.494707,-0.150326,-0.044070,0.118399,0.400342,0.716737,-0.318061,0.529686,0.353567,-0.444839,-1.925053,1.047160,3.989077,1.233361,-0.158821,0.456824,0.194795,0.056642,0.119231,0.535318,-0.349375
48.302070,-0.957569,0.352371,0.478141,0.500929,0.816402,1.042653,-0.561846,-0.491433,-0.280549,-0.057545,0.172313,0.397465,0.727879,-0.318043,0.529362,0.354489,-0.444452,-1.924948,1.047386,3.990158,1.232678,-0.160312,0.459461,0.193923,0.053585,0.115550,0.536499,-0.344341
48.303000,-0.953386,0.345253,0.471515,0.501919,0.819261,1.040072,-0.560646,-0.490549,-0.359333,-0.066383,0.203620,0.395780,0.734092,-0.317996,0.529197,0.354954,-0.444247,-1.924898,1.047488,3.990698,1.232329,-0.161764,0.460668,0.196316,0.052667,0.112352,0.537527,-0.345953
48.304096,-0.960085,0.341871,0.473245,0.501914,0.823609,1.037626,-0.561704,-0.490549,-0.359333,-0.066383,0.203620,0.395780,0.734092,-0.317996,0.529197,0.354954,-0.444247,-1.924898,1.047488,3.990698,1.232329,-0.161764,0.460668,0.196316,0.052667,0.112352,0.537527,-0.345953
48.305146,-0.957713,0.342021,0.475157,0.501167,0.824828,1.036616,-0.561598,-0.492742,-0.441894,-0.078042,0.235511,0.394260,0.740324,-0.317941,0.529047,0.355413,-0.444054,-1.924844,1.047589,3.991244,1.231990,-0.158119,0.460646,0.194864,0.052916,0.107777,0.538651,-0.343067
48.306021,-0.953868,0.336725,0.475956,0.501658,0.826250,1.032814,-0.562226,-0.499494,-0.520268,-0.092669,0.263758,0.393311,0.746127,-0.317921,0.528887,0.355872,-0.443864,-1.924790,1.047691,3.991786,1.231652,-0.158916,0.458684,0.193322,0.053803,0.106343,0.538260,-0.342562
48.307021,-0.953096,0.328683,0.472018,0.500848,0.828196,1.032062,-0.562871,-0.505451,-0.585909,-0.104873,0.285165,0.392775,0.751253,-0.317951,0.528721,0.356338,-0.443675,-1.924738,1.047790,3.992328,1.231316,-0.160090,0.458795,0.192059,0.053268,0.104567,0.540393,-0.340447
48.308078,-0.955583,0.326987,0.468094,0.500209,0.827669,1.026978,-0.563102,-0.506882,-0.638504,-0.111725,0.300447,0.392412,0.755914,-0.318002,0.528563,0.356801,-0.443478,-1.924682,1.047886,3.992870,1.230984,-0.159970,0.460748,0.193299,0.054131,0.102396,0.539644,-0.338410
48.309140,-0.957079,0.321056,0.468280,0.501361,0.827257,1.024457,-0.563255,-0.508394,-0.681753,-0.117504,0.310766,0.392537,0.760354,-0.318056,0.528408,0.357263,-0.443279,-1.924628,1.047989,3.993415,1.230648,-0.158351,0.459685,0.194577,0.054925,0.102688,0.543383,-0.337221
48.310095,-0.954581,0.318542,0.462975,0.501282,0.828321,1.018809,-0.562616,-0.515281,-0.717108,-0.126709,0.316399,0.393463,0.764556,-0.318128,0.528253,0.357720,-0.443087,-1.924575,1.048095,3.993968,1.230313,-0.157247,0.460876,0.193878,0.053948,0.102819,0.544451,-0.336192
48.311026,-0.951357,0.314606,0.460234,0.503209,0.829864,1.017246,-0.562344,-0.543799,-0.767405,-0.154962,0.318240,0.396979,0.772041,-0.318343,0.527935,0.358643,-0.442693,-1.924473,1.048292,3.995078,1.229642,-0.158985,0.459557,0.196217,0.052237,0.099605,0.548345,-0.336428
48.312099,-0.953631,0.315882,0.462601,0.504441,0.828282,1.013449,-0.563047,-0.543799,-0.767405,-0.154962,0.318240,0.396979,0.772041,-0.318343,0.527935,0.358643,-0.442693,-1.924473,1.048292,3.995078,1.229642,-0.158985,0.459557,0.196217,0.052237,0.099605,0.548345,-0.336428
48.313021,-0.958890,0.317395,0.461314,0.505143,0.827937,1.010203,-0.561830,-0.574073,-0.782283,-0.181209,0.310941,0.400602,0.777138,-0.318605,0.527630,0.359544,-0.442306,-1.924376,1.048492,3.996186,1.228976,-0.154348,0.454240,0.194236,0.050734,0.101011,0.552305,-0.335965
48.314027,-0.954938,0.316590,0.461424,0.508016,0.828832,1.011300,-0.562347,-0.574073,-0.782283,-0.181209,0.310941,0.400602,0.777138,-0.318605,0.527630,0.359544,-0.442306,-1.924376,1.048492,3.996186,1.228976,-0.154348,0.454240,0.194236,0.050734,0.101011,0.552305,-0.335965
48.314959,-0.953645,0.320144,0.463242,0.507766,0.830880,1.010534,-0.564181,-0.598232,-0.741047,-0.195981,0.289343,0.403467,0.777465,-0.318907,0.527320,0.360433,-0.441925,-1.924282,1.048685,3.997285,1.228321,-0.156018,0.448914,0.191816,0.048534,0.097534,0.548806,-0.329701
48.315973,-0.952156,0.318087,0.463782,0.510048,0.831231,1.013931,-0.562411,-0.598232,-0.741047,-0.195981,0.289343,0.403467,0.777465,-0.318907,0.527320,0.360433,-0.441925,-1.924282,1.048685,3.997285,1.228321,-0.156018,0.448914,0.191816,0.048534,0.097534,0.548806,-0.329701
48.316992,-0.950777,0.316134,0.461852,0.510177,0.828792,1.012816,-0.562781,-0.588846,-0.643939,-0.177228,0.257282,0.403792,0.773660,-0.319100,0.527006,0.361322,-0.441547,-1.924189,1.048883,3.998358,1.227655,-0.156566,0.447332,0.191260,0.046672,0.099187,0.543705,-0.331042
48.317958,-0.956777,0.310784,0.461065,0.509669,0.829310,1.014254,-0.562208,-0.575220,-0.586847,-0.159713,0.241613,0.403182,0.770967,-0.319184,0.526861,0.361772,-0.441355,-1.924138,1.048979,3.998891,1.227324,-0.153160,0.447974,0.190898,0.047297,0.098388,0.540766,-0.331439
48.318936,-0.957351,0.309900,0.459225,0.511637,0.825827,1.016006,-0.564014,-0.564459,-0.531826,-0.144636,0.227676,0.402615,0.768005,-0.319261,0.526710,0.362216,-0.441164,-1.924095,1.049085,3.999424,1.227000,-0.152469,0.446454,0.191108,0.045640,0.101564,0.537554,-0.327049
48.320078,-0.954192,0.302765,0.459280,0.512439,0.824868,1.019174,-0.563265,-0.564459,-0.531826,-0.144636,0.227676,0.402615,0.768005,-0.319261,0.526710,0.362216,-0.441164,-1.924095,1.049085,3.999424,1.227000,-0.152469,0.446454,0.191108,0.045640,0.101564,0.537554,-0.327049
48.321003,-0.955535,0.299394,0.464046,0.510645,0.827567,1.021471,-0.561759,-0.556883,-0.483392,-0.132791,0.217380,0.401993,0.764999,-0.319328,0.526556,0.362662,-0.440975,-1.924051,1.049185,3.999956,1.226677,-0.153834,0.448665,0.190648,0.045364,0.102331,0.533215,-0.327966
48.322039,-0.954219,0.300356,0.462567,0.514557,0.827546,1.022197,-0.561287,-0.534357,-0.411892,-0.105707,0.209449,0.399556,0.759453,-0.319515,0.526252,0.363540,-0.440607,-1.923963,1.049380,4.000992,1.226004,-0.152938,0.446092,0.187755,0.043795,0.099132,0.527490,-0.330360
48.322984,-0.954449,0.307386,0.463263,0.515116,0.824776,1.025738,-0.560465,-0.515902,-0.379908,-0.086290,0.207783,0.397723,0.756393,-0.319644,0.526100,0.363971,-0.440422,-1.923920,1.049484,4.001498,1.225673,-0.152329,0.440652,0.186691,0.043543,0.101582,0.522560,-0.331232
48.323964,-0.958062,0.310907,0.464837,0.518404,0.826617,1.026754,-0.560381,-0.515902,-0.379908,-0.086290,0.207783,0.397723,0.756393,-0.319644,0.526100,0.363971,-0.440422,-1.923920,1.049484,4.001498,1.225673,-0.152329,0.440652,0.186691,0.043543,0.101582,0.522560,-0.331232
48.325068,-0.959057,0.311690,0.465969,0.517727,0.826408,1.031259,-0.559196,-0.493237,-0.340143,-0.062010,0.203436,0.395644,0.752588,-0.319786,0.525955,0.364401,-0.440242,-1.923884,1.049578,4.002013,1.225341,-0.150150,0.437147,0.185319,0.040718,0.099472,0.520225,-0.330624
48.326070,-0.960452,0.316068,0.464249,0.517061,0.825266,1.033691,-0.557150,-0.468825,-0.289929,-0.034481,0.194608,0.393625,0.747983,-0.319925,0.525807,0.364829,-0.440058,-1.923841,1.049678,4.002525,1.225002,-0.149458,0.435474,0.184333,0.041912,0.099521,0.514584,-0.332300
48.326961,-0.961040,0.309116,0.463523,0.517588,0.824949,1.032491,-0.556556,-0.424417,-0.162480,0.021948,0.160341,0.391009,0.737229,-0.320204,0.525515,0.365684,-0.439694,-1.923754,1.049884,4.003531,1.224320,-0.147631,0.433091,0.184236,0.042563,0.100298,0.510735,-0.335931
48.328090,-0.964727,0.309976,0.466733,0.517240,0.824467,1.033811,-0.555501,-0.424417,-0.162480,0.021948,0.160341,0.391009,0.737229,-0.320204,0.525515,0.365684,-0.439694,-1.923754,1.049884,4.003531,1.224320,-0.147631,0.433091,0.184236,0.042563,0.100298,0.510735,-0.335931
48.329123,-0.964209,0.300498,0.468380,0.515310,0.825639,1.032480,-0.554290,-0.395692,-0.030480,0.067814,0.113367,0.390656,0.726414,-0.320324,0.525227,0.366561,-0.439340,-1.923662,1.050081,4.004537,1.223639,-0.145666,0.434397,0.181040,0.045625,0.099217,0.508559,-0.339001
48.330108,-0.963055,0.295071,0.466413,0.515924,0.823204,1.035969,-0.553825,-0.385709,0.023426,0.086047,0.090416,0.390926,0.721907,-0.320286,0.525081,0.366996,-0.439157,-1.923616,1.050187,4.005038,1.223296,-0.145878,0.435283,0.181429,0.045251,0.101344,0.503770,-0.339112
48.331048,-0.961147,0.289145,0.465230,0.514128,0.824644,1.036476,-0.551984,-0.377187,0.063349,0.101345,0.070567,0.391213,0.718439,-0.320201,0.524935,0.367434,-0.438977,-1.923566,1.050280,4.005531,1.222951,-0.146421,0.436248,0.181367,0.047149,0.099624,0.502009,-0.341983
48.331996,-0.964051,0.287000,0.468448,0.515033,0.824267,1.036745,-0.551533,-0.369505,0.091245,0.114331,0.053189,0.391476,0.715883,-0.320100,0.524794,0.367866,-0.438804,-1.923522,1.050378,4.006029,1.222607,-0.144594,0.435412,0.179181,0.046463,0.099737,0.500439,-0.342033
48.332972,-0.959271,0.280988,0.468047,0.514934,0.826991,1.037303,-0.551024,-0.360926,0.110424,0.126728,0.037536,0.391655,0.714001,-0.320002,0.524646,0.368308,-0.438625,-1.923475,1.050469,4.006527,1.222266,-0.146621,0.436520,0.178832,0.046787,0.096793,0.498628,-0.342252
48.334074,-0.958224,0.280087,0.467038,0.515078,0.827463,1.038982,-0.550464,-0.349170,0.123133,0.140508,0.023488,0.391696,0.712706,-0.319926,0.524497,0.368745,-0.438445,-1.923428,1.050567,4.007013,1.221918,-0.146899,0.435519,0.178956,0.047053,0.096171,0.495984,-0.342618
48.335005,-0.958296,0.275804,0.468157,0.515745,0.829575,1.043336,-0.550601,-0.334342,0.131580,0.155748,0.010552,0.391739,0.711989,-0.319870,0.524350,0.369176,-0.438274,-1.923382,1.050655,4.007494,1.221580,-0.146414,0.435738,0.177834,0.046539,0.093839,0.490369,-0.341515
48.335971,-0.955412,0.272377,0.461990,0.515410,0.827780,1.042651,-0.550115,-0.334342,0.131580,0.155748,0.010552,0.391739,0.711989,-0.319870,0.524350,0.369176,-0.438274,-1.923382,1.050655,4.007494,1.221580,-0.146414,0.435738,0.177834,0.046539,0.093839,0.490369,-0.341515
48.337064,-0.959956,0.267103,0.464844,0.515316,0.825474,1.039738,-0.551476,-0.305561,0.138417,0.182526,-0.012120,0.392793,0.712320,-0.319676,0.524062,0.370056,-0.437913,-1.923284,1.050858,4.008475,1.220907,-0.145027,0.436682,0.178465,0.047475,0.097464,0.491824,-0.338239
48.338032,-0.962119,0.260495,0.464653,0.517096,0.824437,1.036440,-0.551182,-0.305561,0.138417,0.182526,-0.012120,0.392793,0.712320,-0.319676,0.524062,0.370056,-0.437913,-1.923284,1.050858,4.008475,1.220907,-0.145027,0.436682,0.178465,0.047475,0.097464,0.491824,-0.338239
48.339050,-0.956263,0.254924,0.471521,0.518071,0.824018,1.033992,-0.551285,-0.291268,0.124708,0.192880,-0.024691,0.395422,0.714240,-0.319214,0.523771,0.370933,-0.437569,-1.923195,1.051055,4.009466,1.220238,-0.146240,0.439134,0.174176,0.045304,0.098394,0.495148,-0.337114
48.340132,-0.954417,0.250675,0.465410,0.519536,0.823510,1.037081,-0.551058,-0.291268,0.124708,0.192880,-0.024691,0.395422,0.714240,-0.319214,0.523771,0.370933,-0.437569,-1.923195,1.051055,4.009466,1.220238,-0.146240,0.439134,0.174176,0.045304,0.098394,0.495148,-0.337114
48.340996,-0.956871,0.252042,0.466200,0.519725,0.824847,1.037965,-0.551764,-0.263898,0.087175,0.208869,-0.016594,0.396358,0.717333,-0.318446,0.523480,0.371798,-0.437215,-1.923105,1.051247,4.010442,1.219573,-0.145156,0.436903,0.175749,0.044164,0.097047,0.488749,-0.334610
48.342132,-0.954179,0.248746,0.468823,0.518740,0.826526,1.036323,-0.550979,-0.247209,0.069217,0.218962,-0.009788,0.396289,0.718707,-0.318019,0.523329,0.372237,-0.437046,-1.923056,1.051337,4.010930,1.219234,-0.146317,0.437253,0.174239,0.045564,0.095307,0.489519,-0.335514
48.343050,-0.952215,0.250326,0.467063,0.520123,0.825463,1.035252,-0.551083,-0.227378,0.058787,0.232432,-0.004863,0.395847,0.719571,-0.317594,0.523183,0.372663,-0.436872,-1.923014,1.051433,4.011419,1.218899,-0.146840,0.434506,0.174519,0.044420,0.096105,0.489275,-0.334478
48.344108,-0.951885,0.250207,0.469083,0.524704,0.825875,1.035293,-0.549984,-0.227378,0.058787,0.232432,-0.004863,0.395847,0.719571,-0.317594,0.523183,0.372663,-0.436872,-1.923014,1.051433,4.011419,1.218899,-0.146840,0.434506,0.174519,0.044420,0.096105,0.489275,-0.334478
48.345072,-0.953115,0.247857,0.466112,0.526454,0.827052,1.036625,-0.550566,-0.175191,0.059664,0.271739,0.003562,0.392967,0.719999,-0.316729,0.522892,0.373524,-0.436527,-1.922944,1.051617,4.012385,1.218232,-0.145744,0.432437,0.174122,0.039192,0.094134,0.485682,-0.334000
48.346125,-0.957900,0.247236,0.470323,0.528998,0.827159,1.033742,-0.549417,-0.148998,0.063783,0.291752,0.010838,0.390731,0.720021,-0.316286,0.522753,0.373955,-0.436359,-1.922909,1.051710,4.012867,1.217897,-0.143159,0.431223,0.171654,0.037246,0.093887,0.487587,-0.335603
48.346971,-0.957658,0.241349,0.469930,0.529143,0.827340,1.030049,-0.546841,-0.126934,0.067070,0.308522,0.020646,0.388338,0.719993,-0.315865,0.522611,0.374393,-0.436191,-1.922871,1.051803,4.013362,1.217549,-0.142796,0.431865,0.171220,0.037364,0.093385,0.489823,-0.339880
48.348035,-0.953144,0.241032,0.467917,0.529861,0.828384,1.027836,-0.549198,-0.107729,0.068733,0.323172,0.032640,0.385842,0.719895,-0.315471,0.522461,0.374820,-0.436017,-1.922835,1.051893,4.013856,1.217221,-0.144782,0.430574,0.171864,0.037260,0.092223,0.490953,-0.334371
48.349046,-0.956335,0.242803,0.470066,0.528925,0.829379,1.023503,-0.548235,-0.089448,0.071948,0.337803,0.044520,0.383333,0.719558,-0.315091,0.522324,0.375246,-0.435848,-1.922795,1.051983,4.014351,1.216887,-0.142932,0.428066,0.170372,0.038629,0.091063,0.494137,-0.335612
48.350060,-0.956562,0.239347,0.469222,0.531286,0.828564,1.024872,-0.547986,-0.072665,0.079240,0.352352,0.054319,0.381014,0.718824,-0.314735,0.522181,0.375672,-0.435680,-1.922763,1.052076,4.014843,1.216548,-0.142558,0.428235,0.170429,0.036860,0.091708,0.491563,-0.335325
48.350984,-0.955524,0.232319,0.472059,0.531647,0.827438,1.023557,-0.547481,-0.057391,0.085717,0.366068,0.064129,0.378840,0.717955,-0.314382,0.522038,0.376107,-0.435513,-1.922727,1.052170,4.015336,1.216216,-0.142668,0.429740,0.168475,0.036936,0.092574,0.491592,-0.335543
48.351950,-0.958838,0.231362,0.468298,0.532215,0.828229,1.020663,-0.547874,-0.044171,0.086537,0.377800,0.075809,0.376807,0.717119,-0.314002,0.521900,0.376538,-0.435341,-1.922690,1.052261,4.015826,1.215884,-0.140708,0.428371,0.169871,0.036816,0.091563,0.493278,-0.333969
48.353046,-0.960511,0.232350,0.470393,0.533482,0.827390,1.021316,-0.548600,-0.036270,0.083209,0.385159,0.087788,0.375228,0.716063,-0.313588,0.521762,0.376962,-0.435175,-1.922658,1.052356,4.016315,1.215556,-0.139770,0.426587,0.168578,0.036269,0.092275,0.491610,-0.331837
48.354062,-0.956792,0.226189,0.469155,0.535235,0.828419,1.022359,-0.548185,-0.032805,0.076729,0.388884,0.099609,0.374074,0.714762,-0.313142,0.521617,0.377395,-0.435006,-1.922626,1.052444,4.016797,1.215226,-0.141361,0.428025,0.168812,0.035151,0.091096,0.489478,-0.331956
48.354994,-0.952764,0.226449,0.469455,0.535682,0.827262,1.026703,-0.548703,-0.028230,0.065961,0.393054,0.112457,0.372941,0.713551,-0.312677,0.521472,0.377824,-0.434839,-1.922592,1.052536,4.017276,1.214896,-0.142945,0.425952,0.168161,0.035181,0.092035,0.483885,-0.330118
48.356021,-0.955355,0.223496,0.469307,0.537401,0.827507,1.028965,-0.550912,-0.019929,0.052064,0.399778,0.125990,0.371677,0.712652,-0.312199,0.521333,0.378246,-0.434672,-1.922560,1.052624,4.017750,1.214585,-0.141409,0.425946,0.167881,0.034107,0.091649,0.480625,-0.325015
48.356944,-0.954795,0.215776,0.466889,0.538301,0.825867,1.028783,-0.549937,-0.019929,0.052064,0.399778,0.125990,0.371677,0.712652,-0.312199,0.521333,0.378246,-0.434672,-1.922560,1.052624,4.017750,1.214585,-0.141409,0.425946,0.167881,0.034107,0.091649,0.480625,-0.325015
48.357931,-0.954196,0.205816,0.467430,0.537401,0.826874,1.028262,-0.551277,-0.011071,0.033812,0.406312,0.140328,0.370485,0.712207,-0.311709,0.521194,0.378679,-0.434503,-1.922529,1.052719,4.018223,1.214251,-0.141088,0.427221,0.168271,0.033517,0.092899,0.479233,-0.326044
48.359064,-0.956446,0.197255,0.468399,0.537574,0.826107,1.028723,-0.551392,-0.002451,-0.030854,0.407965,0.175586,0.368917,0.713524,-0.310756,0.520920,0.379544,-0.434175,-1.922460,1.052902,4.019169,1.213623,-0.139172,0.431523,0.166087,0.034827,0.091945,0.476113,-0.321254
48.360051,-0.950633,0.189740,0.466891,0.536257,0.824025,1.032125,-0.552185,-0.002370,-0.078988,0.402989,0.196352,0.368542,0.715502,-0.310335,0.520773,0.379984,-0.434011,-1.922421,1.052999,4.019635,1.213311,-0.141381,0.432518,0.166057,0.036260,0.093598,0.471047,-0.318707
48.361064,-0.955146,0.181317,0.462687,0.536395,0.824696,1.032604,-0.552358,-0.004686,-0.135296,0.394713,0.217894,0.368396,0.718290,-0.309984,0.520640,0.380417,-0.433840,-1.922385,1.053088,4.020102,1.212994,-0.138533,0.434127,0.167321,0.036289,0.092544,0.468996,-0.317418
48.362055,-0.952735,0.172798,0.462894,0.539024,0.825423,1.030914,-0.551783,-0.012351,-0.199634,0.380757,0.240279,0.368574,0.721681,-0.309705,0.520501,0.380859,-0.433677,-1.922357,1.053178,4.020561,1.212681,-0.139145,0.435611,0.166416,0.034012,0.091449,0.469117,-0.317635
48.362965,-0.950432,0.170145,0.461152,0.537991,0.825722,1.034797,-0.552642,-0.023784,-0.269174,0.362738,0.263272,0.368892,0.725400,-0.309493,0.520358,0.381286,-0.433513,-1.922320,1.053266,4.021016,1.212369,-0.139521,0.434106,0.166404,0.035142,0.090751,0.463522,-0.314918
48.364085,-0.947110,0.165112,0.457309,0.540497,0.826100,1.035831,-0.553329,-0.023784,-0.269174,0.362738,0.263272,0.368892,0.725400,-0.309493,0.520358,0.381286,-0.433513,-1.922320,1.053266,4.021016,1.212369,-0.139521,0.434106,0.166404,0.035142,0.090751,0.463522,-0.314918
48.365011,-0.941498,0.157029,0.455284,0.540802,0.826927,1.036626,-0.551919,-0.035030,-0.337528,0.344659,0.284968,0.369150,0.729179,-0.309349,0.520216,0.381725,-0.433342,-1.922290,1.053354,4.021470,1.212068,-0.140657,0.434234,0.167621,0.033071,0.090094,0.461116,-0.312687
48.365949,-0.941462,0.151389,0.457151,0.540527,0.826384,1.040749,-0.553089,-0.043565,-0.402599,0.328736,0.305368,0.369226,0.732956,-0.309274,0.520071,0.382166,-0.433174,-1.922258,1.053440,4.021925,1.211750,-0.142699,0.435359,0.167701,0.032981,0.088887,0.458685,-0.314561
48.366997,-0.939019,0.146543,0.457881,0.542010,0.826976,1.044072,-0.552427,-0.046742,-0.464318,0.317036,0.325115,0.369025,0.736800,-0.309255,0.519930,0.382599,-0.433010,-1.922222,1.053527,4.022370,1.211442,-0.141968,0.435367,0.165891,0.033388,0.089072,0.452963,-0.311225
48.368025,-0.931958,0.145758,0.454001,0.541381,0.825064,1.044410,-0.552839,-0.031703,-0.568162,0.312049,0.359689,0.367975,0.744677,-0.309331,0.519634,0.383467,-0.432680,-1.922154,1.053705,4.023252,1.210825,-0.145373,0.433050,0.165994,0.033092,0.089728,0.446502,-0.309911
48.368945,-0.934886,0.141421,0.457148,0.540765,0.824979,1.042753,-0.551821,-0.012370,-0.602064,0.320888,0.371468,0.367237,0.748426,-0.309411,0.519495,0.383895,-0.432523,-1.922117,1.053794,4.023702,1.210516,-0.143153,0.432450,0.163593,0.033787,0.089398,0.446557,-0.311022
48.370104,-0.936944,0.137181,0.456287,0.539047,0.823669,1.041510,-0.552034,0.009944,-0.620758,0.334063,0.377185,0.366753,0.751773,-0.309505,0.519356,0.384329,-0.432357,-1.922078,1.053884,4.024145,1.210211,-0.141667,0.432340,0.163430,0.035805,0.090435,0.446515,-0.309707
48.370987,-0.933380,0.131197,0.453712,0.539895,0.821788,1.042685,-0.553258,0.030530,-0.627219,0.347579,0.377447,0.366727,0.754756,-0.309607,0.519210,0.384755,-0.432192,-1.922044,1.053978,4.024589,1.209904,-0.142646,0.432469,0.163795,0.035042,0.091850,0.443687,-0.306280
48.372038,-0.934965,0.127558,0.455193,0.540883,0.820940,1.041843,-0.552804,0.048948,-0.625738,0.360479,0.374744,0.366922,0.757529,-0.309718,0.519072,0.385183,-0.432032,-1.922011,1.054068,4.025023,1.209606,-0.141271,0.431832,0.162363,0.034352,0.092345,0.443189,-0.306352
48.372971,-0.935498,0.121319,0.454709,0.540842,0.820987,1.037584,-0.553508,0.048948,-0.625738,0.360479,0.374744,0.366922,0.757529,-0.309718,0.519072,0.385183,-0.432032,-1.922011,1.054068,4.025023,1.209606,-0.141271,0.431832,0.162363,0.034352,0.092345,0.443189,-0.306352
48.373945,-0.936380,0.120121,0.455763,0.542114,0.820107,1.036609,-0.553442,0.065035,-0.619154,0.372218,0.370874,0.367111,0.760044,-0.309850,0.518933,0.385617,-0.431873,-1.921977,1.054159,4.025473,1.209306,-0.140311,0.432138,0.161812,0.034571,0.091881,0.445878,-0.304007
48.375003,-0.934152,0.120656,0.450224,0.544836,0.823336,1.035356,-0.553392,0.077959,-0.608055,0.382108,0.366091,0.367233,0.762085,-0.310014,0.518794,0.386037,-0.431716,-1.921947,1.054250,4.025923,1.209003,-0.139219,0.430167,0.160554,0.033579,0.092372,0.445271,-0.303243
48.375955,-0.933063,0.127756,0.454979,0.547273,0.821325,1.034670,-0.554312,0.096377,-0.563537,0.399355,0.351767,0.367150,0.763856,-0.310489,0.518515,0.386860,-0.431396,-1.921895,1.054426,4.026811,1.208410,-0.139625,0.421573,0.159475,0.029294,0.090476,0.444248,-0.299728
48.377016,-0.939098,0.126020,0.455627,0.549592,0.819525,1.038033,-0.553393,0.096377,-0.563537,0.399355,0.351767,0.367150,0.763856,-0.310489,0.518515,0.386860,-0.431396,-1.921895,1.054426,4.026811,1.208410,-0.139625,0.421573,0.159475,0.029294,0.090476,0.444248,-0.299728
48.378072,-0.939535,0.127887,0.454413,0.549067,0.817675,1.034430,-0.552632,0.106921,-0.521073,0.412003,0.339915,0.366792,0.763175,-0.310808,0.518387,0.387276,-0.431241,-1.921873,1.054520,4.027245,1.208111,-0.136153,0.420198,0.158561,0.027563,0.091896,0.439494,-0.300733
48.378999,-0.938289,0.126126,0.455865,0.548291,0.817519,1.030142,-0.553977,0.116524,-0.465173,0.426000,0.324495,0.366504,0.761526,-0.311186,0.518253,0.387686,-0.431084,-1.921843,1.054615,4.027685,1.207809,-0.135448,0.417024,0.158546,0.028500,0.093356,0.441772,-0.301367
48.380050,-0.935329,0.119064,0.448132,0.547913,0.813613,1.028210,-0.554383,0.123391,-0.397592,0.439863,0.304901,0.366588,0.759010,-0.311597,0.518116,0.388092,-0.430928,-1.921812,1.054708,4.028137,1.207515,-0.135405,0.415421,0.157040,0.029503,0.093058,0.444446,-0.297742
48.380969,-0.941028,0.112761,0.450322,0.551105,0.813899,1.025204,-0.553198,0.128263,-0.322734,0.453638,0.282047,0.367075,0.755902,-0.311998,0.517978,0.388508,-0.430764,-1.921782,1.054812,4.028576,1.207225,-0.136330,0.416676,0.160227,0.030259,0.096525,0.444963,-0.296112
48.382002,-0.942823,0.111096,0.452138,0.551041,0.812236,1.023216,-0.552051,0.120977,-0.191155,0.466354,0.242187,0.369331,0.749932,-0.312726,0.517719,0.389331,-0.430459,-1.921734,1.055008,4.029476,1.206625,-0.131486,0.415740,0.156837,0.028033,0.096958,0.446858,-0.299007
48.382946,-0.940826,0.107241,0.451392,0.553159,0.811843,1.021004,-0.551462,0.120977,-0.191155,0.466354,0.242187,0.369331,0.749932,-0.312726,0.517719,0.389331,-0.430459,-1.921734,1.055008,4.029476,1.206625,-0.131486,0.415740,0.156837,0.028033,0.096958,0.446858,-0.299007
48.383959,-0.940115,0.112163,0.447696,0.553478,0.810697,1.017411,-0.551855,0.108873,-0.140252,0.464551,0.227611,0.370868,0.747407,-0.313069,0.517587,0.389743,-0.430303,-1.921711,1.055102,4.029919,1.206325,-0.131909,0.415144,0.156465,0.026327,0.096894,0.447529,-0.299263
48.385003,-0.936777,0.108642,0.445345,0.554228,0.809272,1.017662,-0.549857,0.095275,-0.094462,0.461268,0.214547,0.372401,0.744990,-0.313400,0.517456,0.390138,-0.430144,-1.921685,1.055199,4.030373,1.206029,-0.131734,0.410491,0.157622,0.026478,0.097614,0.449605,-0.297587
48.386021,-0.943603,0.110473,0.450378,0.555973,0.808232,1.016693,-0.548048,0.081646,-0.048743,0.458265,0.200503,0.373908,0.742456,-0.313745,0.517323,0.390548,-0.429985,-1.921660,1.055300,4.030816,1.205723,-0.132910,0.410050,0.158124,0.026219,0.098592,0.447892,-0.300724
48.386973,-0.943576,0.112096,0.447289,0.556816,0.807074,1.014289,-0.547775,0.054807,0.048514,0.453923,0.165820,0.377095,0.737251,-0.314597,0.517074,0.391344,-0.429677,-1.921616,1.055503,4.031723,1.205112,-0.128563,0.403774,0.155803,0.024640,0.099801,0.448169,-0.303013
48.388019,-0.943102,0.110790,0.443437,0.557612,0.806110,1.012565,-0.546259,0.054807,0.048514,0.453923,0.165820,0.377095,0.737251,-0.314597,0.517074,0.391344,-0.429677,-1.921616,1.055503,4.031723,1.205112,-0.128563,0.403774,0.155803,0.024640,0.099801,0.448169,-0.303013
48.388945,-0.943855,0.100760,0.444844,0.555185,0.804008,1.008966,-0.546285,0.038284,0.102687,0.450302,0.143602,0.379200,0.734669,-0.315115,0.516946,0.391745,-0.429518,-1.921591,1.055605,4.032169,1.204806,-0.128351,0.402309,0.157065,0.024339,0.100303,0.448443,-0.305169
48.389957,-0.945195,0.096436,0.444087,0.553791,0.800689,1.004269,-0.544558,0.018330,0.156587,0.443957,0.119270,0.381826,0.732428,-0.315681,0.516820,0.392150,-0.429368,-1.921559,1.055713,4.032625,1.204501,-0.127425,0.404865,0.155628,0.027011,0.101827,0.450421,-0.304151
48.391074,-0.941832,0.088183,0.443737,0.551602,0.796632,1.000216,-0.543096,-0.029163,0.244662,0.422403,0.069673,0.388376,0.729784,-0.316920,0.516567,0.392970,-0.429060,-1.921495,1.055942,4.033542,1.203875,-0.127640,0.406752,0.155023,0.031279,0.108065,0.456184,-0.308707
48.392015,-0.939110,0.074114,0.445675,0.550689,0.795072,0.997927,-0.542684,-0.050778,0.272529,0.410904,0.047245,0.391641,0.729552,-0.317586,0.516436,0.393385,-0.428908,-1.921460,1.056052,4.034005,1.203564,-0.128413,0.411241,0.153335,0.032328,0.109002,0.456787,-0.308554
48.392935,-0.935569,0.065951,0.445323,0.551856,0.794901,1.000483,-0.541065,-0.050778,0.272529,0.410904,0.047245,0.391641,0.729552,-0.317586,0.516436,0.393385,-0.428908,-1.921460,1.056052,4.034005,1.203564,-0.128413,0.411241,0.153335,0.032328,0.109002,0.456787,-0.308554
48.393989,-0.934226,0.060595,0.438997,0.550370,0.794248,0.998940,-0.539831,-0.073243,0.273265,0.395590,0.021346,0.395990,0.732328,-0.318806,0.516174,0.394212,-0.428598,-1.921393,1.056265,4.034901,1.202937,-0.129763,0.413078,0.155336,0.033119,0.108727,0.452718,-0.312374
48.394929,-0.934487,0.056016,0.439724,0.553912,0.795982,0.998244,-0.541095,-0.078963,0.250689,0.388280,0.016695,0.397353,0.734853,-0.319301,0.516050,0.394624,-0.428445,-1.921369,1.056365,4.035343,1.202631,-0.129107,0.412819,0.154221,0.029939,0.106476,0.451862,-0.308861
48.395970,-0.934283,0.054143,0.437974,0.553648,0.796081,0.998879,-0.540249,-0.078963,0.250689,0.388280,0.016695,0.397353,0.734853,-0.319301,0.516050,0.394624,-0.428445,-1.921369,1.056365,4.035343,1.202631,-0.129107,0.412819,0.154221,0.029939,0.106476,0.451862,-0.308861
48.397007,-0.930600,0.052086,0.435028,0.555558,0.796106,1.001707,-0.540470,-0.084512,0.220336,0.379374,0.015177,0.398527,0.737544,-0.319707,0.515922,0.395037,-0.428288,-1.921337,1.056469,4.035790,1.202320,-0.128762,0.411445,0.154461,0.030572,0.105903,0.449760,-0.309669
48.397963,-0.930395,0.046110,0.438157,0.555606,0.793874,1.003170,-0.540592,-0.091023,0.159348,0.363049,0.014820,0.400793,0.742819,-0.320352,0.515659,0.395853,-0.427983,-1.921277,1.056680,4.036667,1.201714,-0.129637,0.410777,0.153050,0.029261,0.107085,0.442551,-0.307154
48.398923,-0.932007,0.038154,0.440787,0.554951,0.793898,1.004712,-0.540828,-0.088025,0.132026,0.359217,0.015792,0.401841,0.745702,-0.320625,0.515533,0.396270,-0.427838,-1.921244,1.056783,4.037100,1.201411,-0.128310,0.412219,0.151137,0.030142,0.106513,0.439541,-0.305763
48.399992,-0.932258,0.031991,0.443844,0.553075,0.789367,1.002479,-0.541562,-0.088025,0.132026,0.359217,0.015792,0.401841,0.745702,-0.320625,0.515533,0.396270,-0.427838,-1.921244,1.056783,4.037100,1.201411,-0.128310,0.412219,0.151137,0.030142,0.106513,0.439541,-0.305763
48.401010,-0.930704,0.027729,0.439561,0.553750,0.787836,0.999541,-0.541656,-0.080769,0.105942,0.358466,0.017605,0.402869,0.748908,-0.320888,0.515406,0.396679,-0.427693,-1.921206,1.056898,4.037545,1.201118,-0.127778,0.413117,0.149130,0.032230,0.110512,0.440401,-0.303439
48.401929,-0.930328,0.017697,0.441860,0.555366,0.786171,0.999358,-0.541692,-0.070694,0.081620,0.359969,0.019720,0.403886,0.752204,-0.321158,0.515279,0.397091,-0.427538,-1.921175,1.057008,4.037986,1.200821,-0.128106,0.412892,0.150650,0.031865,0.111449,0.441904,-0.302388
48.403031,-0.935067,0.012684,0.442019,0.557971,0.785835,1.001974,-0.542784,-0.048755,0.027540,0.363156,0.031661,0.405280,0.758225,-0.321664,0.515033,0.397920,-0.427247,-1.921122,1.057234,4.038849,1.200224,-0.125043,0.415648,0.148308,0.028483,0.112255,0.436623,-0.298346
48.404120,-0.929509,0.011018,0.443627,0.559565,0.787054,1.007340,-0.543804,-0.048755,0.027540,0.363156,0.031661,0.405280,0.758225,-0.321664,0.515033,0.397920,-0.427247,-1.921122,1.057234,4.038849,1.200224,-0.125043,0.415648,0.148308,0.028483,0.112255,0.436623,-0.298346
48.404991,-0.930745,0.011499,0.445214,0.561310,0.788345,1.013281,-0.545089,-0.038846,-0.007672,0.362590,0.045083,0.405313,0.760755,-0.321862,0.514901,0.398333,-0.427105,-1.921097,1.057342,4.039269,1.199935,-0.127425,0.414290,0.147086,0.027434,0.110525,0.429995,-0.295483
48.406046,-0.935519,0.018459,0.443291,0.562099,0.788345,1.017313,-0.544881,-0.025691,-0.042163,0.364611,0.061371,0.404626,0.762704,-0.322028,0.514780,0.398734,-0.426961,-1.921072,1.057446,4.039678,1.199649,-0.126222,0.411446,0.145599,0.026011,0.108651,0.422618,-0.292031
48.406989,-0.932978,0.014533,0.444566,0.565441,0.786908,1.020140,-0.544513,0.003924,-0.075159,0.376531,0.085654,0.402262,0.763406,-0.322370,0.514534,0.399527,-0.426676,-1.921029,1.057663,4.040488,1.199069,-0.124261,0.405539,0.144876,0.022931,0.109010,0.413287,-0.291509
48.407931,-0.937506,0.010329,0.445866,0.565120,0.787867,1.019139,-0.545748,0.003924,-0.075159,0.376531,0.085654,0.402262,0.763406,-0.322370,0.514534,0.399527,-0.426676,-1.921029,1.057663,4.040488,1.199069,-0.124261,0.405539,0.144876,0.022931,0.109010,0.413287,-0.291509
48.409051,-0.939011,0.002856,0.449808,0.566212,0.785187,1.019394,-0.546122,0.016000,-0.072496,0.383356,0.092584,0.400994,0.762241,-0.322583,0.514419,0.399933,-0.426535,-1.921003,1.057766,4.040894,1.198788,-0.121567,0.405175,0.143655,0.023649,0.107499,0.413001,-0.288176
48.410031,-0.943088,-0.001187,0.449845,0.566172,0.785623,1.019685,-0.546799,0.030463,-0.060692,0.391829,0.107106,0.398537,0.758913,-0.322964,0.514185,0.400748,-0.426263,-1.920958,1.057985,4.041715,1.198222,-0.118160,0.406518,0.140895,0.023714,0.108674,0.409991,-0.284464
48.410984,-0.943239,-0.004342,0.447713,0.567257,0.784548,1.020240,-0.546240,0.029356,-0.059006,0.390077,0.116102,0.397631,0.757183,-0.323108,0.514069,0.401152,-0.426119,-1.920938,1.058095,4.042120,1.197935,-0.117707,0.405683,0.141372,0.023131,0.109164,0.408131,-0.284749
48.412130,-0.941625,-0.006452,0.447431,0.566641,0.783592,1.021868,-0.545208,0.029356,-0.059006,0.390077,0.116102,0.397631,0.757183,-0.323108,0.514069,0.401152,-0.426119,-1.920938,1.058095,4.042120,1.197935,-0.117707,0.405683,0.141372,0.023131,0.109164,0.408131,-0.284749
48.413061,-0.945594,-0.008453,0.451161,0.569143,0.781973,1.022067,-0.546228,0.022418,-0.059383,0.384277,0.125060,0.397028,0.755343,-0.323268,0.513950,0.401554,-0.425982,-1.920912,1.058205,4.042511,1.197646,-0.118290,0.404845,0.141222,0.024368,0.109629,0.405501,-0.286020
48.413974,-0.945441,-0.007854,0.448623,0.571668,0.783284,1.024476,-0.545745,0.012858,-0.059920,0.377150,0.133141,0.396518,0.753252,-0.323469,0.513841,0.401956,-0.425848,-1.920896,1.058318,4.042915,1.197373,-0.115933,0.403399,0.138840,0.022424,0.110617,0.403988,-0.283131
48.415084,-0.947462,-0.007095,0.452742,0.573402,0.783492,1.026772,-0.547065,0.002045,-0.059123,0.369925,0.140106,0.395965,0.750768,-0.323700,0.513725,0.402355,-0.425706,-1.920880,1.058420,4.043305,1.197085,-0.115594,0.400625,0.139518,0.020465,0.108743,0.400290,-0.283258
48.416009,-0.951148,-0.002978,0.454321,0.577174,0.785575,1.029425,-0.546012,-0.020382,-0.044971,0.358446,0.148055,0.394759,0.744503,-0.324239,0.513506,0.403137,-0.425444,-1.920853,1.058632,4.044079,1.196528,-0.112219,0.393990,0.135918,0.016432,0.105404,0.393096,-0.281132
48.416993,-0.951049,-0.011350,0.453556,0.577818,0.784877,1.031744,-0.545320,-0.020382,-0.044971,0.358446,0.148055,0.394759,0.744503,-0.324239,0.513506,0.403137,-0.425444,-1.920853,1.058632,4.044079,1.196528,-0.112219,0.393990,0.135918,0.016432,0.105404,0.393096,-0.281132
48.418012,-0.950985,-0.013281,0.451448,0.577469,0.784936,1.032506,-0.545681,-0.031487,-0.029869,0.354662,0.148284,0.394290,0.740911,-0.324549,0.513394,0.403539,-0.425309,-1.920837,1.058736,4.044459,1.196243,-0.111961,0.395922,0.135856,0.016476,0.105621,0.389660,-0.281670
48.419023,-0.950015,-0.023136,0.450508,0.578799,0.783342,1.032007,-0.545607,-0.044264,-0.015697,0.349794,0.147809,0.394154,0.737502,-0.324860,0.513281,0.403932,-0.425171,-1.920818,1.058840,4.044842,1.195968,-0.111710,0.394753,0.136471,0.017453,0.105051,0.387819,-0.280141
48.420008,-0.948615,-0.029970,0.447019,0.576322,0.782468,1.033464,-0.544871,-0.059298,-0.007687,0.342542,0.148001,0.394457,0.734629,-0.325140,0.513170,0.404337,-0.425033,-1.920803,1.058948,4.045223,1.195688,-0.111915,0.397443,0.136487,0.016803,0.106122,0.387237,-0.279488
48.421013,-0.954145,-0.037369,0.452126,0.578799,0.782248,1.034319,-0.545902,-0.076582,-0.010348,0.332149,0.150200,0.395182,0.732569,-0.325383,0.513058,0.404734,-0.424894,-1.920778,1.059057,4.045605,1.195402,-0.112296,0.398600,0.137736,0.019756,0.106418,0.384630,-0.280131
48.421956,-0.953291,-0.045454,0.449426,0.580181,0.781209,1.032399,-0.545380,-0.096592,-0.025797,0.317880,0.154719,0.396328,0.731491,-0.325589,0.512956,0.405138,-0.424766,-1.920765,1.059162,4.045987,1.195132,-0.109320,0.400022,0.134800,0.017965,0.106121,0.382677,-0.277263
48.423154,-0.952222,-0.048080,0.448573,0.581306,0.782074,1.034725,-0.546307,-0.119623,-0.054751,0.299368,0.162265,0.397766,0.731414,-0.325750,0.512845,0.405548,-0.424630,-1.920749,1.059268,4.046369,1.194854,-0.109436,0.401546,0.135674,0.017207,0.106603,0.383444,-0.277514
48.424094,-0.953584,-0.054744,0.447748,0.579385,0.782915,1.035801,-0.545631,-0.144519,-0.096197,0.277548,0.173227,0.399248,0.732249,-0.325880,0.512734,0.405947,-0.424492,-1.920733,1.059369,4.046746,1.194583,-0.109895,0.401124,0.135855,0.016956,0.105349,0.380230,-0.274915
48.424939,-0.954094,-0.060014,0.447817,0.581268,0.783688,1.035565,-0.545993,-0.170053,-0.145075,0.253969,0.185229,0.400723,0.733758,-0.326016,0.512629,0.406355,-0.424354,-1.920707,1.059473,4.047114,1.194309,-0.108919,0.401964,0.135726,0.019281,0.103967,0.378061,-0.275489
48.426068,-0.953000,-0.064219,0.446632,0.583177,0.785804,1.034275,-0.547946,-0.196177,-0.196801,0.229232,0.195854,0.402269,0.735684,-0.326183,0.512523,0.406753,-0.424221,-1.920693,1.059576,4.047494,1.194036,-0.108276,0.401974,0.135094,0.017900,0.102617,0.377029,-0.273911
48.427003,-0.950548,-0.071433,0.446382,0.584379,0.786337,1.031778,-0.547456,-0.245020,-0.302238,0.180891,0.213945,0.405089,0.740239,-0.326560,0.512304,0.407570,-0.423951,-1.920665,1.059766,4.048249,1.193506,-0.109579,0.403166,0.135021,0.016292,0.099164,0.378742,-0.269519
48.428084,-0.949724,-0.077412,0.444624,0.584347,0.788736,1.031820,-0.546292,-0.263596,-0.355340,0.160454,0.223269,0.406098,0.742882,-0.326770,0.512192,0.407976,-0.423816,-1.920647,1.059856,4.048627,1.193229,-0.109772,0.404049,0.135573,0.017043,0.096422,0.377686,-0.271083
48.429017,-0.948343,-0.084509,0.443274,0.584901,0.788654,1.031353,-0.546798,-0.278225,-0.408525,0.142522,0.232985,0.406971,0.745851,-0.326997,0.512082,0.408387,-0.423680,-1.920628,1.059949,4.048998,1.192965,-0.110119,0.405055,0.135725,0.017009,0.096092,0.377030,-0.269268
48.429960,-0.948334,-0.093108,0.438482,0.586433,0.789868,1.029651,-0.546572,-0.291154,-0.462981,0.125127,0.243764,0.407886,0.749200,-0.327207,0.511972,0.408797,-0.423539,-1.920615,1.060042,4.049376,1.192694,-0.109774,0.406847,0.137561,0.016137,0.094437,0.377587,-0.268938
48.430992,-0.945767,-0.094705,0.437519,0.586469,0.789627,1.027834,-0.547882,-0.304053,-0.518188,0.107007,0.255768,0.408938,0.752806,-0.327376,0.511860,0.409204,-0.423404,-1.920597,1.060134,4.049753,1.192440,-0.110804,0.405363,0.137626,0.016767,0.094322,0.378363,-0.265589
48.431971,-0.942360,-0.097647,0.437540,0.586529,0.789289,1.025551,-0.547809,-0.314123,-0.567800,0.091301,0.266760,0.409983,0.756291,-0.327505,0.511744,0.409610,-0.423266,-1.920578,1.060228,4.050135,1.192176,-0.112143,0.404472,0.137118,0.017296,0.094240,0.379513,-0.265009
48.432973,-0.936291,-0.097644,0.437532,0.589321,0.787675,1.023885,-0.547500,-0.315172,-0.605337,0.083832,0.275159,0.410571,0.759338,-0.327610,0.511624,0.410007,-0.423132,-1.920568,1.060325,4.050519,1.191911,-0.114789,0.402258,0.136710,0.015275,0.095427,0.380050,-0.264877
48.434098,-0.936717,-0.098079,0.435487,0.590017,0.788704,1.021612,-0.548616,-0.315172,-0.605337,0.083832,0.275159,0.410571,0.759338,-0.327610,0.511624,0.410007,-0.423132,-1.920568,1.060325,4.050519,1.191911,-0.114789,0.402258,0.136710,0.015275,0.095427,0.380050,-0.264877
48.435017,-0.935022,-0.098114,0.436775,0.590152,0.787999,1.019498,-0.549339,-0.304611,-0.627889,0.087053,0.280811,0.410406,0.761770,-0.327693,0.511511,0.410407,-0.422993,-1.920553,1.060416,4.050902,1.191657,-0.114370,0.400548,0.137405,0.015422,0.094068,0.381361,-0.261946
48.436058,-0.934653,-0.098293,0.434815,0.593476,0.788449,1.020409,-0.549882,-0.285445,-0.633580,0.098957,0.282558,0.409647,0.763391,-0.327762,0.511395,0.410804,-0.422860,-1.920536,1.060509,4.051285,1.191398,-0.114787,0.398146,0.136239,0.015850,0.094339,0.382256,-0.259756
48.437126,-0.936648,-0.103175,0.436107,0.594246,0.788640,1.019890,-0.549790,-0.260946,-0.622329,0.117091,0.279921,0.408443,0.764128,-0.327826,0.511279,0.411195,-0.422722,-1.920527,1.060598,4.051664,1.191150,-0.114659,0.396215,0.136817,0.013380,0.093542,0.380270,-0.258002
48.437989,-0.932640,-0.104100,0.436950,0.595381,0.790506,1.016710,-0.549164,-0.234421,-0.598845,0.138248,0.274874,0.406853,0.764172,-0.327877,0.511169,0.411594,-0.422589,-1.920515,1.060691,4.052038,1.190895,-0.113444,0.396610,0.135818,0.013470,0.092989,0.379820,-0.257504
48.439069,-0.932884,-0.105830,0.436687,0.598744,0.789659,1.016349,-0.550258,-0.207569,-0.568000,0.160497,0.269147,0.404914,0.763717,-0.327919,0.511050,0.411981,-0.422456,-1.920504,1.060778,4.052423,1.190638,-0.114949,0.394614,0.134826,0.012963,0.090702,0.381729,-0.258003
48.439928,-0.934259,-0.107933,0.437503,0.600710,0.791144,1.013523,-0.551256,-0.178941,-0.531482,0.184834,0.263558,0.402516,0.762826,-0.327963,0.510937,0.412373,-0.422322,-1.920499,1.060870,4.052804,1.190392,-0.114577,0.393552,0.134639,0.010602,0.091233,0.381056,-0.255130
48.441069,-0.936465,-0.105362,0.436669,0.601601,0.792021,1.012330,-0.551905,-0.149454,-0.491493,0.210302,0.259237,0.399676,0.761549,-0.328012,0.510827,0.412762,-0.422193,-1.920491,1.060955,4.053190,1.190142,-0.113463,0.392126,0.133700,0.009369,0.089326,0.382597,-0.252398
48.442056,-0.934350,-0.108491,0.432583,0.605550,0.792978,1.011023,-0.551861,-0.122833,-0.448256,0.234098,0.255442,0.396739,0.759832,-0.328081,0.510716,0.413141,-0.422058,-1.920484,1.061041,4.053580,1.189894,-0.112216,0.389190,0.133859,0.009524,0.088200,0.382786,-0.250467
48.442990,-0.936233,-0.108995,0.431522,0.605101,0.792638,1.009282,-0.550635,-0.102039,-0.401676,0.254048,0.251235,0.394046,0.757650,-0.328183,0.510601,0.413526,-0.421917,-1.920483,1.061127,4.053964,1.189645,-0.112940,0.388676,0.135401,0.006545,0.086906,0.382953,-0.249876
48.444012,-0.938222,-0.108599,0.432992,0.605878,0.792178,1.008561,-0.551769,-0.088433,-0.354345,0.268764,0.247281,0.391756,0.755122,-0.328318,0.510491,0.413903,-0.421784,-1.920472,1.061214,4.054350,1.189392,-0.111625,0.386784,0.135430,0.007747,0.086887,0.383479,-0.251626
48.445027,-0.940192,-0.112268,0.437033,0.606315,0.791499,1.007283,-0.552981,-0.082268,-0.305600,0.278255,0.242270,0.390043,0.752182,-0.328473,0.510384,0.414282,-0.421652,-1.920465,1.061302,4.054730,1.189149,-0.110422,0.384644,0.134311,0.007858,0.087016,0.383117,-0.248654
48.445969,-0.939865,-0.109480,0.434643,0.609212,0.790516,1.005915,-0.552042,-0.083619,-0.199989,0.289568,0.224693,0.388203,0.744868,-0.328694,0.510167,0.415038,-0.421391,-1.920454,1.061476,4.055502,1.188660,-0.109043,0.381004,0.132692,0.006316,0.087980,0.383447,-0.246792
48.447029,-0.938927,-0.110040,0.433655,0.608616,0.788642,1.005920,-0.552200,-0.083619,-0.199989,0.289568,0.224693,0.388203,0.744868,-0.328694,0.510167,0.415038,-0.421391,-1.920454,1.061476,4.055502,1.188660,-0.109043,0.381004,0.132692,0.006316,0.087980,0.383447,-0.246792
48.448032,-0.941516,-0.105497,0.435668,0.612186,0.790118,1.006296,-0.551482,-0.086970,-0.143590,0.294764,0.212412,0.387778,0.740557,-0.328739,0.510058,0.415416,-0.421259,-1.920444,1.061568,4.055889,1.188419,-0.109307,0.379474,0.132852,0.007812,0.089507,0.382355,-0.245817
48.448977,-0.942897,-0.110086,0.433786,0.612221,0.789671,1.010513,-0.551352,-0.095979,-0.019820,0.307164,0.178636,0.387717,0.730757,-0.328759,0.509847,0.416160,-0.420996,-1.920437,1.061736,4.056632,1.187925,-0.106819,0.375566,0.131946,0.006079,0.087817,0.375560,-0.246137
48.450120,-0.941260,-0.113317,0.433994,0.614676,0.790800,1.011492,-0.552537,-0.103085,0.040160,0.312080,0.159880,0.388087,0.725808,-0.328777,0.509737,0.416535,-0.420863,-1.920435,1.061819,4.056998,1.187690,-0.107525,0.375604,0.131591,0.004753,0.086446,0.373770,-0.243155
48.450989,-0.940785,-0.116981,0.435534,0.613265,0.790935,1.011745,-0.550292,-0.103085,0.040160,0.312080,0.159880,0.388087,0.725808,-0.328777,0.509737,0.416535,-0.420863,-1.920435,1.061819,4.056998,1.187690,-0.107525,0.375604,0.131591,0.004753,0.086446,0.373770,-0.243155
48.452033,-0.942813,-0.114374,0.435211,0.615256,0.792261,1.014209,-0.551178,-0.110248,0.091793,0.316338,0.142668,0.388515,0.721320,-0.328830,0.509631,0.416903,-0.420734,-1.920424,1.061905,4.057366,1.187435,-0.107388,0.375227,0.130290,0.006854,0.085930,0.372337,-0.246960
48.453057,-0.941598,-0.122269,0.432941,0.615326,0.793499,1.016513,-0.549732,-0.116101,0.136842,0.321222,0.125930,0.388959,0.717277,-0.328936,0.509528,0.417271,-0.420603,-1.920419,1.061984,4.057727,1.187200,-0.106212,0.372159,0.130134,0.005811,0.084359,0.368920,-0.244505
48.453948,-0.940482,-0.123816,0.429719,0.616120,0.794573,1.017669,-0.548625,-0.122302,0.176249,0.325464,0.108979,0.389569,0.713690,-0.329086,0.509421,0.417649,-0.420473,-1.920413,1.062065,4.058087,1.186949,-0.106618,0.374234,0.130929,0.006675,0.082850,0.365665,-0.246754
48.454988,-0.942389,-0.128960,0.427679,0.615072,0.795107,1.018787,-0.549133,-0.130614,0.206871,0.327039,0.093110,0.390426,0.710790,-0.329281,0.509312,0.418015,-0.420337,-1.920406,1.062146,4.058449,1.186699,-0.106791,0.372859,0.131978,0.006649,0.081437,0.363394,-0.248235
48.456042,-0.939686,-0.130030,0.423343,0.615772,0.797393,1.023341,-0.547200,-0.142733,0.227969,0.324368,0.078366,0.391639,0.708640,-0.329534,0.509211,0.418392,-0.420203,-1.920393,1.062225,4.058809,1.186455,-0.105704,0.373585,0.132615,0.008499,0.080672,0.361347,-0.246530
48.456952,-0.936435,-0.141268,0.419916,0.615047,0.797046,1.022951,-0.546187,-0.160004,0.241140,0.316527,0.063784,0.393327,0.707164,-0.329830,0.509102,0.418760,-0.420064,-1.920383,1.062303,4.059148,1.186198,-0.106870,0.372380,0.134383,0.008656,0.078149,0.355967,-0.249740
48.458124,-0.937687,-0.148887,0.420831,0.615236,0.798279,1.022727,-0.544433,-0.181023,0.245902,0.304382,0.049957,0.395354,0.706402,-0.330132,0.508995,0.419141,-0.419926,-1.920371,1.062383,4.059502,1.185948,-0.107902,0.375179,0.135216,0.009821,0.078076,0.354950,-0.250843
48.459006,-0.940765,-0.156375,0.418287,0.615759,0.798789,1.023807,-0.542412,-0.203487,0.239535,0.289223,0.038775,0.397446,0.706430,-0.330406,0.508890,0.419524,-0.419796,-1.920360,1.062457,4.059845,1.185688,-0.106781,0.376296,0.134082,0.010206,0.076473,0.353794,-0.253369
48.459973,-0.934950,-0.161584,0.413908,0.616218,0.799201,1.023591,-0.542824,-0.228172,0.221194,0.270317,0.031003,0.399595,0.707168,-0.330646,0.508788,0.419901,-0.419663,-1.920350,1.062531,4.060194,1.185422,-0.104603,0.376960,0.134445,0.010080,0.075520,0.351113,-0.256383
48.461006,-0.934701,-0.169025,0.411561,0.617109,0.799974,1.023316,-0.540527,-0.255894,0.193470,0.247380,0.026085,0.401876,0.708452,-0.330837,0.508677,0.420281,-0.419523,-1.920339,1.062602,4.060536,1.185173,-0.106874,0.376583,0.135702,0.010075,0.074715,0.349854,-0.254547
48.462014,-0.932856,-0.171503,0.409166,0.616964,0.799573,1.024354,-0.539811,-0.284126,0.159494,0.222727,0.023692,0.404160,0.710179,-0.330960,0.508572,0.420660,-0.419390,-1.920328,1.062673,4.060889,1.184906,-0.106398,0.377474,0.136058,0.009663,0.073570,0.348612,-0.258165
48.463027,-0.930757,-0.175600,0.412197,0.615336,0.800771,1.026811,-0.537982,-0.333574,0.089617,0.177074,0.021657,0.408537,0.714353,-0.331094,0.508357,0.421411,-0.419122,-1.920298,1.062815,4.061557,1.184380,-0.107155,0.375052,0.134036,0.012202,0.072018,0.342253,-0.261214
48.464019,-0.928881,-0.183845,0.409724,0.617695,0.801349,1.027127,-0.536394,-0.333574,0.089617,0.177074,0.021657,0.408537,0.714353,-0.331094,0.508357,0.421411,-0.419122,-1.920298,1.062815,4.061557,1.184380,-0.107155,0.375052,0.134036,0.012202,0.072018,0.342253,-0.261214
48.464929,-0.927554,-0.186954,0.410129,0.617608,0.802061,1.026305,-0.536906,-0.348867,0.063027,0.161994,0.018721,0.410447,0.716575,-0.331164,0.508249,0.421789,-0.418988,-1.920291,1.062883,4.061893,1.184109,-0.107457,0.376276,0.134447,0.010354,0.071089,0.340517,-0.263335
48.466056,-0.926836,-0.196681,0.407683,0.617370,0.799687,1.025961,-0.534155,-0.356571,0.041012,0.152910,0.015990,0.412010,0.718941,-0.331226,0.508142,0.422162,-0.418856,-1.920279,1.062947,4.062225,1.183857,-0.107451,0.374831,0.133343,0.010826,0.070035,0.339883,-0.261296
48.466969,-0.925497,-0.204285,0.405391,0.618547,0.800729,1.023532,-0.532818,-0.357975,0.003628,0.145086,0.014720,0.414291,0.724033,-0.331305,0.507930,0.422922,-0.418588,-1.920256,1.063090,4.062906,1.183311,-0.107297,0.377752,0.134063,0.010811,0.070609,0.339768,-0.267398
48.467926,-0.925484,-0.210004,0.401574,0.619771,0.801250,1.020680,-0.531839,-0.357975,0.003628,0.145086,0.014720,0.414291,0.724033,-0.331305,0.507930,0.422922,-0.418588,-1.920256,1.063090,4.062906,1.183311,-0.107297,0.377752,0.134063,0.010811,0.070609,0.339768,-0.267398
48.469032,-0.920337,-0.207507,0.399405,0.620590,0.801844,1.019822,-0.533164,-0.357898,-0.018083,0.140740,0.018717,0.415104,0.726777,-0.331324,0.507824,0.423300,-0.418450,-1.920248,1.063160,4.063247,1.183040,-0.106663,0.377633,0.135052,0.010074,0.069709,0.341135,-0.268300
48.470003,-0.924717,-0.214608,0.398210,0.622480,0.802390,1.023299,-0.532652,-0.358919,-0.038849,0.135412,0.024719,0.415681,0.729304,-0.331318,0.507709,0.423662,-0.418315,-1.920238,1.063226,4.063585,1.182779,-0.108624,0.373821,0.135355,0.009820,0.068817,0.340586,-0.264597
48.470931,-0.919825,-0.215615,0.399152,0.625284,0.804256,1.022899,-0.531057,-0.361473,-0.062746,0.126510,0.036910,0.415913,0.732857,-0.331251,0.507499,0.424406,-0.418051,-1.920229,1.063353,4.064236,1.182245,-0.107633,0.372080,0.133737,0.006264,0.065742,0.334695,-0.266803
48.472079,-0.915010,-0.215133,0.394851,0.627758,0.805389,1.024338,-0.531517,-0.361473,-0.062746,0.126510,0.036910,0.415913,0.732857,-0.331251,0.507499,0.424406,-0.418051,-1.920229,1.063353,4.064236,1.182245,-0.107633,0.372080,0.133737,0.006264,0.065742,0.334695,-0.266803
48.472989,-0.913101,-0.215709,0.395242,0.626107,0.806482,1.021842,-0.532079,-0.358835,-0.065867,0.126324,0.044198,0.415222,0.733943,-0.331186,0.507385,0.424766,-0.417914,-1.920228,1.063412,4.064566,1.181983,-0.109446,0.369399,0.135150,0.004598,0.064409,0.331927,-0.264834
48.474027,-0.913224,-0.216337,0.391093,0.627284,0.806518,1.020706,-0.532388,-0.349468,-0.058788,0.132913,0.050571,0.413856,0.734459,-0.331067,0.507275,0.425130,-0.417781,-1.920219,1.063474,4.064898,1.181724,-0.109671,0.366815,0.134026,0.006740,0.063000,0.332997,-0.262707
48.474970,-0.912362,-0.228706,0.393326,0.628899,0.807032,1.018003,-0.531652,-0.335902,-0.038571,0.144886,0.053200,0.412203,0.734268,-0.330905,0.507167,0.425485,-0.417643,-1.920213,1.063535,4.065235,1.181467,-0.109003,0.364582,0.135261,0.006146,0.062703,0.332697,-0.261100
48.475974,-0.910526,-0.230118,0.387752,0.630101,0.808087,1.016378,-0.531212,-0.321828,-0.010811,0.158635,0.053551,0.410511,0.733611,-0.330709,0.507061,0.425858,-0.417512,-1.920210,1.063593,4.065574,1.181209,-0.108797,0.367893,0.133265,0.005129,0.061921,0.333932,-0.261595
48.477064,-0.913786,-0.237657,0.386806,0.631485,0.810483,1.015972,-0.531828,-0.309174,0.014431,0.171243,0.055777,0.408762,0.732956,-0.330462,0.506950,0.426220,-0.417374,-1.920207,1.063649,4.065906,1.180945,-0.109060,0.365849,0.135196,0.004589,0.060624,0.334136,-0.261451
48.478034,-0.909552,-0.239737,0.385369,0.630401,0.810245,1.014635,-0.531883,-0.301272,0.032697,0.179571,0.061061,0.407144,0.732464,-0.330154,0.506846,0.426585,-0.417242,-1.920205,1.063702,4.066240,1.180688,-0.106888,0.367060,0.134899,0.003941,0.058048,0.333156,-0.259210
48.478970,-0.904810,-0.239313,0.380449,0.630254,0.811044,1.011777,-0.530927,-0.301890,0.054015,0.182977,0.074474,0.404802,0.731699,-0.329496,0.506621,0.427303,-0.416969,-1.920189,1.063814,4.066905,1.180172,-0.109988,0.362362,0.136274,0.006197,0.057014,0.334491,-0.259044
48.480084,-0.904656,-0.239607,0.375479,0.632369,0.813106,1.010011,-0.531051,-0.301890,0.054015,0.182977,0.074474,0.404802,0.731699,-0.329496,0.506621,0.427303,-0.416969,-1.920189,1.063814,4.066905,1.180172,-0.109988,0.362362,0.136274,0.006197,0.057014,0.334491,-0.259044
48.481050,-0.903103,-0.244836,0.377330,0.633335,0.814216,1.010256,-0.530424,-0.304874,0.067995,0.184000,0.076990,0.403920,0.730932,-0.329253,0.506514,0.427661,-0.416829,-1.920187,1.063865,4.067235,1.179919,-0.109508,0.360053,0.137922,0.004817,0.054797,0.334910,-0.257804
48.482125,-0.905010,-0.252734,0.375807,0.635366,0.815131,1.008157,-0.530098,-0.309593,0.085276,0.184666,0.076269,0.403238,0.729820,-0.329062,0.506405,0.428022,-0.416694,-1.920187,1.063916,4.067567,1.179662,-0.109634,0.359946,0.136086,0.004544,0.053505,0.333214,-0.258078
48.483039,-0.902433,-0.252666,0.373314,0.636299,0.816496,1.006734,-0.531298,-0.322621,0.107598,0.182703,0.075669,0.402206,0.727989,-0.328655,0.506194,0.428736,-0.416420,-1.920184,1.064010,4.068241,1.179152,-0.108774,0.358530,0.136341,0.002949,0.050937,0.333859,-0.254327
48.484049,-0.903469,-0.257218,0.373672,0.635713,0.816594,1.004386,-0.530025,-0.322621,0.107598,0.182703,0.075669,0.402206,0.727989,-0.328655,0.506194,0.428736,-0.416420,-1.920184,1.064010,4.068241,1.179152,-0.108774,0.358530,0.136341,0.002949,0.050937,0.333859,-0.254327
48.484951,-0.906884,-0.265973,0.370963,0.635355,0.818003,1.004486,-0.529959,-0.330939,0.111287,0.179744,0.076216,0.401989,0.727492,-0.328403,0.506089,0.429095,-0.416288,-1.920178,1.064060,4.068580,1.178897,-0.107647,0.358180,0.135334,0.004147,0.050679,0.334768,-0.255938
48.486066,-0.905445,-0.272702,0.368841,0.634754,0.818891,1.000940,-0.528993,-0.342016,0.111663,0.174452,0.075594,0.402255,0.727286,-0.328134,0.505990,0.429456,-0.416151,-1.920170,1.064107,4.068914,1.178641,-0.105344,0.359724,0.135748,0.004960,0.049084,0.333163,-0.255057
48.486994,-0.899341,-0.280170,0.365848,0.635464,0.818896,0.995879,-0.528152,-0.359166,0.104629,0.163642,0.074612,0.403232,0.727576,-0.327843,0.505884,0.429820,-0.416014,-1.920162,1.064154,4.069247,1.178385,-0.105571,0.360552,0.136012,0.006170,0.048101,0.335393,-0.256021
48.487996,-0.901938,-0.286798,0.366433,0.635968,0.819611,0.992851,-0.529110,-0.379905,0.088082,0.148832,0.074516,0.404652,0.728496,-0.327526,0.505769,0.430183,-0.415878,-1.920157,1.064199,4.069588,1.178124,-0.107883,0.361449,0.136588,0.006010,0.047960,0.338957,-0.256688
48.488970,-0.902653,-0.295496,0.364502,0.637835,0.821450,0.991043,-0.528056,-0.399488,0.062146,0.133589,0.076332,0.406055,0.730070,-0.327188,0.505667,0.430549,-0.415743,-1.920150,1.064242,4.069931,1.177879,-0.105996,0.362021,0.135421,0.006055,0.047137,0.340492,-0.253795
48.489995,-0.902030,-0.305411,0.362688,0.638627,0.821981,0.988071,-0.528494,-0.418230,0.026278,0.117499,0.080806,0.407332,0.732291,-0.326841,0.505564,0.430919,-0.415610,-1.920148,1.064284,4.070276,1.177620,-0.105055,0.363536,0.135545,0.004848,0.045193,0.340780,-0.254943
48.490993,-0.895308,-0.309928,0.358834,0.641431,0.824808,0.986406,-0.527998,-0.438140,-0.021789,0.098577,0.089194,0.408509,0.735216,-0.326488,0.505457,0.431286,-0.415472,-1.920144,1.064324,4.070624,1.177368,-0.104785,0.365782,0.135576,0.004695,0.044607,0.342270,-0.253066
48.492023,-0.894430,-0.314348,0.356005,0.640825,0.826892,0.989080,-0.527464,-0.457206,-0.082273,0.078166,0.102476,0.409389,0.738870,-0.326124,0.505345,0.431652,-0.415332,-1.920146,1.064357,4.070963,1.177119,-0.107498,0.365258,0.136601,0.002642,0.041760,0.342464,-0.253114
48.492950,-0.893397,-0.323581,0.351657,0.642603,0.829022,0.987702,-0.528819,-0.471886,-0.150119,0.059502,0.119280,0.409827,0.743119,-0.325779,0.505238,0.432014,-0.415195,-1.920137,1.064394,4.071298,1.176863,-0.107309,0.364812,0.137147,0.003818,0.039649,0.338337,-0.253194
48.494069,-0.892499,-0.332680,0.358474,0.643769,0.829996,0.984730,-0.527540,-0.483131,-0.221022,0.042295,0.137549,0.410041,0.747824,-0.325476,0.505132,0.432386,-0.415054,-1.920137,1.064428,4.071629,1.176623,-0.107173,0.366509,0.138339,0.002685,0.037490,0.338308,-0.249520
48.494994,-0.891862,-0.340551,0.354185,0.644078,0.830915,0.980467,-0.528543,-0.491344,-0.295307,0.026136,0.157622,0.410078,0.752969,-0.325202,0.505023,0.432761,-0.414924,-1.920135,1.064461,4.071971,1.176370,-0.107074,0.368400,0.134170,0.002284,0.036565,0.339889,-0.251161
48.495966,-0.888285,-0.343936,0.352507,0.646125,0.831677,0.979206,-0.526912,-0.494358,-0.372909,0.012804,0.180113,0.409762,0.758484,-0.324933,0.504914,0.433128,-0.414787,-1.920130,1.064495,4.072323,1.176127,-0.106693,0.369439,0.135432,0.002531,0.035615,0.342587,-0.248171
48.496993,-0.885753,-0.349008,0.347226,0.646360,0.831873,0.976055,-0.527812,-0.492834,-0.450586,0.002364,0.203793,0.409163,0.764136,-0.324666,0.504803,0.433497,-0.414649,-1.920131,1.064528,4.072661,1.175874,-0.107825,0.368277,0.135343,0.001215,0.034838,0.342354,-0.250510
48.498017,-0.885124,-0.357449,0.346046,0.645947,0.833410,0.975122,-0.530111,-0.488059,-0.523650,-0.005488,0.226859,0.408402,0.769639,-0.324404,0.504694,0.433869,-0.414511,-1.920126,1.064563,4.073016,1.175631,-0.108460,0.368057,0.137126,0.001609,0.034635,0.343987,-0.247722
48.499019,-0.880708,-0.363465,0.343623,0.646650,0.833543,0.977659,-0.529378,-0.474974,-0.650438,-0.017450,0.267294,0.406968,0.779604,-0.323867,0.504474,0.434612,-0.414237,-1.920120,1.064622,4.073689,1.175158,-0.109709,0.369701,0.137171,0.002628,0.033043,0.339466,-0.242802
48.500019,-0.881067,-0.367809,0.344983,0.648099,0.834495,0.977702,-0.529853,-0.474974,-0.650438,-0.017450,0.267294,0.406968,0.779604,-0.323867,0.504474,0.434612,-0.414237,-1.920120,1.064622,4.073689,1.175158,-0.109709,0.369701,0.137171,0.002628,0.033043,0.339466,-0.242802
48.501060,-0.880321,-0.370534,0.344644,0.650526,0.836748,0.977207,-0.529034,-0.465682,-0.704859,-0.020893,0.284861,0.406245,0.784082,-0.323607,0.504366,0.434980,-0.414105,-1.920120,1.064648,4.074026,1.174919,-0.108882,0.369084,0.135656,0.001897,0.032157,0.338006,-0.240910
48.501948,-0.876596,-0.373258,0.340376,0.652031,0.836376,0.975589,-0.529797,-0.453204,-0.751193,-0.021212,0.300625,0.405395,0.788063,-0.323358,0.504258,0.435346,-0.413973,-1.920124,1.064671,4.074355,1.174679,-0.108665,0.367760,0.135042,0.000318,0.030005,0.337138,-0.241651
48.503013,-0.872743,-0.371756,0.336533,0.652166,0.837534,0.976462,-0.531366,-0.438146,-0.787368,-0.018467,0.314336,0.404427,0.791333,-0.323111,0.504146,0.435709,-0.413836,-1.920126,1.064701,4.074694,1.174443,-0.109794,0.366218,0.136231,-0.000478,0.030389,0.337246,-0.239183
48.503971,-0.874629,-0.373056,0.337574,0.653222,0.837939,0.976124,-0.530106,-0.402251,-0.815489,-0.002867,0.329701,0.402408,0.795107,-0.322594,0.503926,0.436419,-0.413564,-1.920127,1.064755,4.075353,1.173977,-0.109463,0.360915,0.135882,-0.000191,0.028954,0.333914,-0.236814
48.504914,-0.872862,-0.373349,0.336558,0.655094,0.837954,0.976631,-0.529666,-0.383223,-0.802519,0.009607,0.328675,0.401532,0.795437,-0.322365,0.503816,0.436768,-0.413430,-1.920130,1.064784,4.075683,1.173739,-0.109670,0.358420,0.135513,-0.001298,0.028957,0.331962,-0.236759
48.506027,-0.872177,-0.375377,0.335851,0.654326,0.838342,0.977926,-0.529055,-0.383223,-0.802519,0.009607,0.328675,0.401532,0.795437,-0.322365,0.503816,0.436768,-0.413430,-1.920130,1.064784,4.075683,1.173739,-0.109670,0.358420,0.135513,-0.001298,0.028957,0.331962,-0.236759
48.506981,-0.869029,-0.379708,0.335855,0.653767,0.838915,0.980327,-0.528026,-0.343701,-0.730096,0.043033,0.311443,0.399800,0.793416,-0.322020,0.503596,0.437480,-0.413165,-1.920125,1.064833,4.076324,1.173265,-0.110347,0.356478,0.134253,0.001411,0.028181,0.325602,-0.238227
48.508003,-0.867682,-0.383076,0.333616,0.657101,0.838535,0.981923,-0.529534,-0.343701,-0.730096,0.043033,0.311443,0.399800,0.793416,-0.322020,0.503596,0.437480,-0.413165,-1.920125,1.064833,4.076324,1.173265,-0.110347,0.356478,0.134253,0.001411,0.028181,0.325602,-0.238227
48.509001,-0.865530,-0.386206,0.335505,0.657042,0.840209,0.981865,-0.528318,-0.321711,-0.679248,0.064115,0.298108,0.398700,0.791546,-0.321892,0.503485,0.437829,-0.413029,-1.920130,1.064864,4.076640,1.173036,-0.110364,0.355641,0.134539,-0.001085,0.028600,0.322709,-0.234280
48.510020,-0.866264,-0.385469,0.337644,0.657688,0.841679,0.983099,-0.528047,-0.270459,-0.570007,0.114260,0.272425,0.395149,0.786722,-0.321694,0.503265,0.438524,-0.412772,-1.920129,1.064908,4.077275,1.172563,-0.109775,0.351797,0.130948,-0.000228,0.025659,0.318900,-0.235471
48.511062,-0.862799,-0.384715,0.334023,0.657309,0.844629,0.986049,-0.527549,-0.241340,-0.507990,0.144025,0.257358,0.392865,0.783461,-0.321666,0.503152,0.438867,-0.412638,-1.920127,1.064929,4.077577,1.172328,-0.110869,0.349016,0.131978,0.000863,0.022836,0.314721,-0.235570
48.512022,-0.867702,-0.387506,0.332627,0.660316,0.845714,0.986938,-0.526237,-0.214409,-0.440219,0.173683,0.239333,0.390703,0.779570,-0.321698,0.503050,0.439216,-0.412505,-1.920134,1.064951,4.077885,1.172087,-0.107792,0.347815,0.131796,-0.001312,0.021857,0.312563,-0.237279
48.513058,-0.863907,-0.390363,0.330266,0.660887,0.845569,0.989381,-0.527156,-0.193887,-0.371930,0.199211,0.220451,0.388916,0.775260,-0.321772,0.502938,0.439557,-0.412372,-1.920136,1.064976,4.078188,1.171854,-0.109088,0.346857,0.132177,-0.001055,0.022113,0.308889,-0.234502
48.513932,-0.862187,-0.390851,0.329026,0.660735,0.845142,0.993979,-0.526017,-0.178477,-0.305866,0.221186,0.201975,0.387454,0.770797,-0.321851,0.502829,0.439898,-0.412238,-1.920134,1.064999,4.078476,1.171619,-0.109206,0.344423,0.131858,-0.000304,0.022600,0.303048,-0.235914
48.515023,-0.863601,-0.386445,0.328450,0.661494,0.846299,0.997035,-0.526140,-0.165859,-0.238659,0.241915,0.182183,0.386336,0.766218,-0.321926,0.502722,0.440231,-0.412107,-1.920134,1.065020,4.078769,1.171387,-0.107932,0.339994,0.131400,-0.000279,0.021576,0.298879,-0.234751
48.515953,-0.860076,-0.390314,0.328523,0.661113,0.845424,0.998680,-0.525903,-0.154967,-0.167217,0.262693,0.159506,0.385618,0.761478,-0.321990,0.502613,0.440564,-0.411978,-1.920132,1.065045,4.079059,1.171152,-0.109038,0.339500,0.130519,0.000736,0.022524,0.296051,-0.234328
48.516930,-0.859861,-0.395241,0.323943,0.660558,0.842697,0.997936,-0.524146,-0.145036,-0.095142,0.283534,0.135316,0.385206,0.756754,-0.322040,0.502505,0.440905,-0.411843,-1.920129,1.065076,4.079352,1.170910,-0.108486,0.339480,0.131955,0.001914,0.025288,0.295625,-0.236939
48.517984,-0.862280,-0.395511,0.324630,0.660894,0.842822,0.996613,-0.525039,-0.145036,-0.095142,0.283534,0.135316,0.385206,0.756754,-0.322040,0.502505,0.440905,-0.411843,-1.920129,1.065076,4.079352,1.170910,-0.108486,0.339480,0.131955,0.001914,0.025288,0.295625,-0.236939
48.518990,-0.863939,-0.397136,0.317866,0.661731,0.842506,0.998639,-0.525127,-0.138514,-0.027154,0.301832,0.111162,0.385151,0.752132,-0.322081,0.502402,0.441234,-0.411714,-1.920127,1.065099,4.079647,1.170678,-0.106733,0.337379,0.130841,0.002290,0.025251,0.295793,-0.234208
48.520007,-0.864792,-0.400094,0.319858,0.661227,0.843338,0.999954,-0.525352,-0.139797,0.035722,0.314035,0.087006,0.385660,0.747490,-0.322116,0.502300,0.441570,-0.411576,-1.920124,1.065124,4.079932,1.170449,-0.105364,0.335824,0.133369,0.002099,0.025652,0.292605,-0.233170
48.521057,-0.860226,-0.404876,0.321014,0.660939,0.844093,1.003387,-0.524681,-0.151060,0.092796,0.318267,0.062886,0.386794,0.742806,-0.322161,0.502200,0.441903,-0.411449,-1.920118,1.065150,4.080219,1.170218,-0.104418,0.334983,0.131587,0.003205,0.024885,0.290164,-0.231831
48.522081,-0.861129,-0.408665,0.315426,0.660294,0.844396,1.005028,-0.525518,-0.167329,0.143016,0.318085,0.039545,0.388165,0.738282,-0.322233,0.502091,0.442234,-0.411321,-1.920111,1.065172,4.080499,1.169983,-0.106126,0.335143,0.130273,0.004106,0.024251,0.285644,-0.232287
48.522934,-0.859986,-0.410029,0.318463,0.661640,0.845518,1.008424,-0.526190,-0.183241,0.184936,0.317246,0.017883,0.389393,0.734168,-0.322333,0.501990,0.442568,-0.411184,-1.920104,1.065197,4.080776,1.169758,-0.105114,0.334697,0.132239,0.005307,0.024046,0.282949,-0.229723
48.524092,-0.863357,-0.416129,0.312017,0.661890,0.845754,1.010567,-0.526201,-0.198658,0.218387,0.315635,-0.002006,0.390486,0.730548,-0.322453,0.501884,0.442895,-0.411062,-1.920101,1.065218,4.081048,1.169536,-0.105004,0.332840,0.129867,0.004497,0.022983,0.278398,-0.227520
48.525026,-0.858928,-0.419937,0.317089,0.665326,0.846896,1.011114,-0.526642,-0.215216,0.243398,0.311829,-0.019957,0.391584,0.727476,-0.322602,0.501786,0.443234,-0.410925,-1.920097,1.065238,4.081313,1.169310,-0.102896,0.333755,0.132375,0.005009,0.022942,0.275352,-0.226651
48.526081,-0.861402,-0.424173,0.317891,0.665194,0.846127,1.010408,-0.525581,-0.232925,0.257644,0.305308,-0.034250,0.392662,0.725121,-0.322792,0.501680,0.443568,-0.410802,-1.920100,1.065258,4.081586,1.169090,-0.104496,0.333177,0.129024,0.002275,0.021899,0.273722,-0.224914
48.527036,-0.865438,-0.429868,0.313761,0.665222,0.848381,1.009565,-0.525416,-0.259289,0.255591,0.293640,-0.048840,0.393969,0.722747,-0.323283,0.501489,0.444231,-0.410545,-1.920088,1.065297,4.082122,1.168639,-0.100252,0.333487,0.129179,0.003582,0.020668,0.273231,-0.225647
48.527943,-0.863818,-0.429129,0.314057,0.665320,0.848168,1.010563,-0.526343,-0.275146,0.244561,0.283686,-0.052884,0.394963,0.722389,-0.323589,0.501388,0.444554,-0.410421,-1.920082,1.065319,4.082392,1.168421,-0.100489,0.330709,0.128207,0.003991,0.020991,0.271119,-0.222930
48.529032,-0.867205,-0.434257,0.311217,0.663327,0.847361,1.010201,-0.526492,-0.295053,0.233621,0.270171,-0.058537,0.396565,0.722288,-0.323917,0.501296,0.444891,-0.410289,-1.920069,1.065341,4.082661,1.168197,-0.098404,0.331045,0.128898,0.006496,0.021936,0.270518,-0.221791
48.530045,-0.865479,-0.441171,0.311380,0.664697,0.845718,1.011363,-0.527152,-0.318212,0.223283,0.253685,-0.066113,0.398739,0.722428,-0.324263,0.501197,0.445228,-0.410163,-1.920065,1.065365,4.082925,1.167980,-0.098779,0.332125,0.128055,0.005712,0.023684,0.268342,-0.219632
48.530997,-0.863582,-0.445131,0.308024,0.665398,0.845064,1.013386,-0.526602,-0.341830,0.210015,0.235694,-0.073155,0.401137,0.722988,-0.324594,0.501097,0.445555,-0.410034,-1.920060,1.065389,4.083184,1.167762,-0.099169,0.331734,0.128928,0.005595,0.024403,0.265306,-0.219915
48.532003,-0.864766,-0.454295,0.311467,0.665195,0.846053,1.014859,-0.527801,-0.341830,0.210015,0.235694,-0.073155,0.401137,0.722988,-0.324594,0.501097,0.445555,-0.410034,-1.920060,1.065389,4.083184,1.167762,-0.099169,0.331734,0.128928,0.005595,0.024403,0.265306,-0.219915
48.532971,-0.862553,-0.462068,0.310658,0.666065,0.847830,1.016935,-0.527079,-0.362623,0.191865,0.218293,-0.077904,0.403402,0.724088,-0.324860,0.501003,0.445894,-0.409912,-1.920051,1.065410,4.083438,1.167554,-0.098105,0.333921,0.126479,0.006309,0.023520,0.262898,-0.216689
48.534090,-0.863016,-0.462539,0.311864,0.667687,0.848147,1.018279,-0.526120,-0.378777,0.166850,0.202509,-0.079211,0.405333,0.725829,-0.325048,0.500903,0.446236,-0.409788,-1.920044,1.065428,4.083693,1.167335,-0.098679,0.335293,0.126150,0.005972,0.021876,0.259849,-0.217331
48.535106,-0.863943,-0.468406,0.310578,0.668146,0.848312,1.020174,-0.526898,-0.388904,0.135968,0.189514,-0.076951,0.406788,0.728138,-0.325196,0.500807,0.446564,-0.409665,-1.920041,1.065446,4.083944,1.167117,-0.098025,0.333390,0.124923,0.005080,0.021756,0.257652,-0.218419
48.536057,-0.864216,-0.469992,0.307738,0.671354,0.849825,1.019792,-0.524956,-0.393866,0.103830,0.179350,-0.072708,0.407832,0.730718,-0.325343,0.500711,0.446902,-0.409539,-1.920036,1.065468,4.084193,1.166905,-0.097087,0.333965,0.124840,0.005252,0.021711,0.254850,-0.216019
48.536994,-0.863212,-0.473767,0.309111,0.672880,0.851040,1.020226,-0.524268,-0.396871,0.072833,0.169945,-0.067361,0.408670,0.733339,-0.325511,0.500615,0.447229,-0.409412,-1.920037,1.065484,4.084445,1.166678,-0.096439,0.332378,0.125470,0.002725,0.020338,0.254292,-0.219083
48.538189,-0.859808,-0.476634,0.309787,0.674550,0.852128,1.019833,-0.522861,-0.399287,0.044226,0.160470,-0.060840,0.409362,0.735872,-0.325711,0.500519,0.447562,-0.409291,-1.920038,1.065500,4.084692,1.166459,-0.096424,0.331812,0.124027,0.001911,0.019274,0.252908,-0.219590
48.539052,-0.856387,-0.480913,0.312766,0.676035,0.852691,1.019200,-0.521397,-0.397948,0.019878,0.153715,-0.053160,0.409719,0.738311,-0.325940,0.500419,0.447895,-0.409172,-1.920037,1.065517,4.084945,1.166232,-0.097740,0.331221,0.123169,0.001099,0.018416,0.252490,-0.221555
48.540082,-0.861658,-0.482726,0.306845,0.676001,0.852811,1.020774,-0.520743,-0.387719,0.000933,0.153907,-0.044152,0.409439,0.740718,-0.326201,0.500316,0.448222,-0.409054,-1.920039,1.065534,4.085194,1.166006,-0.098796,0.330854,0.120916,0.000266,0.017970,0.252125,-0.223609
48.541036,-0.856063,-0.485087,0.309921,0.675791,0.851420,1.021391,-0.519100,-0.370410,-0.012029,0.159906,-0.034557,0.408699,0.742982,-0.326503,0.500228,0.448550,-0.408925,-1.920034,1.065552,4.085438,1.165780,-0.095749,0.329509,0.123150,0.000960,0.018008,0.249665,-0.224035
48.542034,-0.854366,-0.489730,0.305786,0.677550,0.851029,1.023785,-0.519300,-0.331373,-0.016051,0.177835,-0.019962,0.407104,0.746367,-0.327267,0.500028,0.449199,-0.408682,-1.920033,1.065597,4.085920,1.165324,-0.098335,0.328434,0.122252,0.000774,0.019990,0.244884,-0.225149
48.543113,-0.853721,-0.494676,0.310201,0.680331,0.852756,1.025196,-0.517591,-0.331373,-0.016051,0.177835,-0.019962,0.407104,0.746367,-0.327267,0.500028,0.449199,-0.408682,-1.920033,1.065597,4.085920,1.165324,-0.098335,0.328434,0.122252,0.000774,0.019990,0.244884,-0.225149
48.544032,-0.857671,-0.492108,0.307937,0.680391,0.853367,1.024158,-0.515559,-0.306812,-0.011620,0.191573,-0.012765,0.405791,0.747693,-0.327686,0.499931,0.449529,-0.408568,-1.920038,1.065611,4.086158,1.165090,-0.098219,0.328731,0.119457,-0.001115,0.018455,0.242681,-0.227710
48.544995,-0.856639,-0.492088,0.306443,0.683168,0.854321,1.024826,-0.515604,-0.280760,-0.005677,0.206934,-0.004442,0.404108,0.748777,-0.328117,0.499839,0.449846,-0.408448,-1.920039,1.065630,4.086399,1.164851,-0.095727,0.325112,0.119884,-0.000450,0.017977,0.242833,-0.230855
48.546022,-0.856598,-0.491345,0.305689,0.683269,0.854002,1.023484,-0.513723,-0.257812,0.006206,0.221362,0.002204,0.402442,0.749225,-0.328566,0.499745,0.450162,-0.408328,-1.920047,1.065645,4.086635,1.164623,-0.095793,0.322901,0.119919,-0.002371,0.017178,0.241286,-0.229847
48.546913,-0.856420,-0.496564,0.308338,0.684504,0.854573,1.022262,-0.512491,-0.239712,0.026765,0.234105,0.005547,0.400972,0.748833,-0.329024,0.499651,0.450479,-0.408214,-1.920048,1.065665,4.086880,1.164382,-0.095363,0.320405,0.119701,-0.001687,0.017651,0.241772,-0.232720
48.548140,-0.857619,-0.496544,0.305749,0.687076,0.854967,1.022793,-0.511175,-0.224525,0.054810,0.246569,0.005959,0.399605,0.747703,-0.329480,0.499558,0.450799,-0.408100,-1.920052,1.065680,4.087124,1.164148,-0.094930,0.320676,0.117676,-0.002190,0.017213,0.242049,-0.234268
48.549051,-0.859645,-0.498684,0.304636,0.684290,0.854785,1.022813,-0.509558,-0.202429,0.118191,0.268943,0.003589,0.397151,0.744147,-0.330263,0.499375,0.451432,-0.407863,-1.920050,1.065719,4.087600,1.163664,-0.092552,0.317636,0.118327,-0.000433,0.017325,0.239869,-0.238280
48.550034,-0.856157,-0.505383,0.306035,0.687823,0.855323,1.022029,-0.509989,-0.202429,0.118191,0.268943,0.003589,0.397151,0.744147,-0.330263,0.499375,0.451432,-0.407863,-1.920050,1.065719,4.087600,1.163664,-0.092552,0.317636,0.118327,-0.000433,0.017325,0.239869,-0.238280
48.551075,-0.859121,-0.506667,0.305566,0.686055,0.852767,1.021283,-0.510005,-0.198123,0.149412,0.276255,0.001065,0.396349,0.742049,-0.330546,0.499282,0.451753,-0.407749,-1.920058,1.065737,4.087837,1.163432,-0.093863,0.318773,0.117003,-0.003132,0.016928,0.239809,-0.236486
48.551940,-0.859200,-0.512079,0.310057,0.686538,0.852653,1.021132,-0.509657,-0.195338,0.176138,0.282630,-0.000506,0.395581,0.740048,-0.330738,0.499194,0.452068,-0.407632,-1.920054,1.065762,4.088077,1.163195,-0.091985,0.317318,0.116638,-0.000653,0.019602,0.239717,-0.235552
48.553068,-0.861869,-0.514638,0.304692,0.687172,0.852382,1.022923,-0.509815,-0.192394,0.215354,0.294178,-0.001598,0.393891,0.736422,-0.330974,0.499014,0.452700,-0.407406,-1.920054,1.065802,4.088544,1.162728,-0.089794,0.316994,0.115904,-0.000334,0.020222,0.236404,-0.234131
48.553990,-0.858316,-0.521511,0.301542,0.685902,0.854150,1.022250,-0.510329,-0.192394,0.215354,0.294178,-0.001598,0.393891,0.736422,-0.330974,0.499014,0.452700,-0.407406,-1.920054,1.065802,4.088544,1.162728,-0.089794,0.316994,0.115904,-0.000334,0.020222,0.236404,-0.234131
48.554969,-0.855689,-0.525210,0.304416,0.686714,0.854512,1.020811,-0.510469,-0.196688,0.225140,0.295428,-0.000992,0.393210,0.734913,-0.331036,0.498920,0.453018,-0.407290,-1.920050,1.065821,4.088779,1.162499,-0.091093,0.318149,0.116775,0.001523,0.018544,0.236225,-0.232213
48.555976,-0.858633,-0.526436,0.300213,0.686906,0.854782,1.019439,-0.510939,-0.210628,0.221732,0.292386,0.003974,0.391836,0.732883,-0.331026,0.498739,0.453648,-0.407056,-1.920047,1.065858,4.089255,1.162043,-0.090058,0.316295,0.116161,0.001850,0.018221,0.237340,-0.229244
48.557088,-0.855388,-0.528161,0.296089,0.688250,0.856189,1.017024,-0.511342,-0.219550,0.213837,0.289184,0.006697,0.391199,0.732052,-0.331004,0.498645,0.453957,-0.406939,-1.920047,1.065872,4.089496,1.161821,-0.091023,0.314534,0.117318,0.001048,0.016863,0.238475,-0.227368
48.558048,-0.854746,-0.534445,0.294500,0.687933,0.856128,1.017714,-0.509859,-0.231567,0.204265,0.283637,0.008741,0.390835,0.731203,-0.331028,0.498554,0.454272,-0.406822,-1.920044,1.065888,4.089728,1.161592,-0.090532,0.314614,0.117019,0.001679,0.016895,0.236337,-0.229231
48.559074,-0.853325,-0.543435,0.293530,0.685875,0.854339,1.017422,-0.511286,-0.231567,0.204265,0.283637,0.008741,0.390835,0.731203,-0.331028,0.498554,0.454272,-0.406822,-1.920044,1.065888,4.089728,1.161592,-0.090532,0.314614,0.117019,0.001679,0.016895,0.236337,-0.229231
48.560043,-0.851664,-0.551681,0.293329,0.686106,0.854615,1.016800,-0.511350,-0.244904,0.191411,0.276743,0.010703,0.390735,0.730562,-0.331095,0.498462,0.454594,-0.406708,-1.920036,1.065911,4.089963,1.161372,-0.090443,0.316006,0.116485,0.003977,0.018600,0.235209,-0.225196
48.561048,-0.853878,-0.552396,0.288773,0.688992,0.854401,1.016917,-0.510259,-0.257785,0.172295,0.269327,0.013532,0.390834,0.730399,-0.331170,0.498372,0.454910,-0.406595,-1.920030,1.065928,4.090197,1.161154,-0.090477,0.317034,0.115543,0.003966,0.018267,0.234412,-0.223996
48.561980,-0.848879,-0.558115,0.285616,0.688993,0.854572,1.016087,-0.511993,-0.270421,0.146091,0.260975,0.018027,0.391098,0.730738,-0.331258,0.498285,0.455220,-0.406476,-1.920033,1.065945,4.090427,1.160926,-0.088617,0.314373,0.116758,0.001531,0.018439,0.232886,-0.225051
48.562975,-0.849406,-0.566487,0.288398,0.689003,0.854944,1.017299,-0.510904,-0.297358,0.080530,0.240323,0.031090,0.392108,0.732397,-0.331534,0.498104,0.455849,-0.406245,-1.920028,1.065976,4.090885,1.160490,-0.089260,0.315309,0.114796,0.002186,0.017825,0.229706,-0.221568
48.564026,-0.847138,-0.570706,0.285058,0.688126,0.855120,1.016454,-0.511458,-0.297358,0.080530,0.240323,0.031090,0.392108,0.732397,-0.331534,0.498104,0.455849,-0.406245,-1.920028,1.065976,4.090885,1.160490,-0.089260,0.315309,0.114796,0.002186,0.017825,0.229706,-0.221568
48.564987,-0.844261,-0.572156,0.281103,0.689710,0.857211,1.016190,-0.511042,-0.313813,0.004878,0.224788,0.046596,0.393030,0.735539,-0.331880,0.497922,0.456469,-0.406010,-1.920024,1.066003,4.091341,1.160056,-0.090265,0.312145,0.116339,0.002172,0.015534,0.228056,-0.219066
48.565969,-0.844956,-0.580341,0.278112,0.691115,0.856106,1.015738,-0.511192,-0.313813,0.004878,0.224788,0.046596,0.393030,0.735539,-0.331880,0.497922,0.456469,-0.406010,-1.920024,1.066003,4.091341,1.160056,-0.090265,0.312145,0.116339,0.002172,0.015534,0.228056,-0.219066
48.567043,-0.847164,-0.589406,0.278383,0.689837,0.858323,1.012418,-0.511871,-0.327167,-0.069690,0.209449,0.060278,0.394167,0.739339,-0.332228,0.497750,0.457100,-0.405782,-1.920017,1.066029,4.091799,1.159633,-0.087330,0.314728,0.115639,0.002711,0.014423,0.229062,-0.215212
48.568049,-0.844229,-0.602567,0.278160,0.689152,0.858450,1.011853,-0.512079,-0.327167,-0.069690,0.209449,0.060278,0.394167,0.739339,-0.332228,0.497750,0.457100,-0.405782,-1.920017,1.066029,4.091799,1.159633,-0.087330,0.314728,0.115639,0.002711,0.014423,0.229062,-0.215212
48.568968,-0.841760,-0.607912,0.274474,0.692691,0.858404,1.011544,-0.511747,-0.337763,-0.114357,0.196575,0.069334,0.394943,0.741662,-0.332387,0.497662,0.457427,-0.405668,-1.920010,1.066042,4.092025,1.159425,-0.088071,0.318143,0.114720,0.003633,0.014306,0.228224,-0.213737
48.570075,-0.839647,-0.614770,0.273421,0.691519,0.857965,1.011295,-0.512090,-0.348248,-0.168267,0.181598,0.082132,0.395563,0.744553,-0.332529,0.497573,0.457745,-0.405552,-1.920017,1.066055,4.092252,1.159212,-0.088505,0.317628,0.115506,0.000585,0.014344,0.227150,-0.213347
48.571002,-0.840493,-0.622836,0.272211,0.692136,0.858456,1.010556,-0.511013,-0.361128,-0.293918,0.152352,0.118194,0.395679,0.751857,-0.332801,0.497397,0.458386,-0.405322,-1.920014,1.066079,4.092701,1.158789,-0.087612,0.318892,0.114552,0.001903,0.014306,0.225405,-0.212655
48.571972,-0.840134,-0.625909,0.274268,0.692298,0.859630,1.009693,-0.511212,-0.361128,-0.293918,0.152352,0.118194,0.395679,0.751857,-0.332801,0.497397,0.458386,-0.405322,-1.920014,1.066079,4.092701,1.158789,-0.087612,0.318892,0.114552,0.001903,0.014306,0.225405,-0.212655
48.572942,-0.836003,-0.634365,0.272487,0.694720,0.860657,1.008764,-0.511387,-0.364087,-0.356813,0.139065,0.137318,0.395439,0.755838,-0.332991,0.497309,0.458699,-0.405213,-1.920012,1.066089,4.092927,1.158581,-0.087040,0.317368,0.112523,0.002082,0.013154,0.224897,-0.211175
48.574053,-0.831759,-0.643150,0.271746,0.695006,0.861466,1.011148,-0.512359,-0.363092,-0.415015,0.128725,0.155617,0.395014,0.759781,-0.333200,0.497219,0.459019,-0.405100,-1.920016,1.066097,4.093150,1.158373,-0.088333,0.318483,0.112413,0.000117,0.012167,0.224469,-0.209765
48.575040,-0.834693,-0.640404,0.271368,0.695100,0.861739,1.011595,-0.513080,-0.355003,-0.470157,0.123439,0.174735,0.394193,0.763819,-0.333375,0.497128,0.459344,-0.404990,-1.920014,1.066106,4.093366,1.158169,-0.089685,0.319787,0.111833,0.000241,0.011411,0.220734,-0.206727
48.576101,-0.830858,-0.644952,0.269031,0.696846,0.860598,1.011110,-0.511968,-0.340152,-0.520433,0.123235,0.193818,0.393100,0.767889,-0.333484,0.497045,0.459648,-0.404883,-1.920014,1.066119,4.093580,1.157970,-0.087481,0.315429,0.111062,0.000533,0.011140,0.218998,-0.204264
48.576953,-0.828441,-0.656744,0.267400,0.697338,0.861889,1.010757,-0.514041,-0.321627,-0.558492,0.126968,0.209188,0.392084,0.771554,-0.333548,0.496955,0.459961,-0.404771,-1.920018,1.066131,4.093795,1.157765,-0.088671,0.314762,0.111266,-0.000712,0.012309,0.218181,-0.205453
48.578030,-0.828719,-0.656292,0.271056,0.697016,0.861268,1.007874,-0.514156,-0.300497,-0.585748,0.133632,0.221632,0.391144,0.774804,-0.333572,0.496865,0.460287,-0.404661,-1.920021,1.066140,4.094015,1.157571,-0.089041,0.317399,0.111040,-0.000773,0.011021,0.217197,-0.200267
48.579006,-0.825467,-0.668195,0.270469,0.697327,0.857988,1.008824,-0.513490,-0.276236,-0.606205,0.143084,0.232881,0.390155,0.777769,-0.333543,0.496779,0.460591,-0.404558,-1.920020,1.066150,4.094236,1.157381,-0.088184,0.314252,0.108315,-0.000046,0.011690,0.218757,-0.199064
48.579933,-0.827093,-0.667629,0.271509,0.699276,0.860318,1.009981,-0.515107,-0.247836,-0.619183,0.156359,0.242456,0.389003,0.780358,-0.333492,0.496688,0.460916,-0.404451,-1.920019,1.066173,4.094448,1.157183,-0.089020,0.317081,0.107681,0.000021,0.014893,0.216478,-0.199390
48.581013,-0.825320,-0.672463,0.271014,0.700489,0.859450,1.010182,-0.515700,-0.215525,-0.625929,0.173245,0.250971,0.387569,0.782591,-0.333439,0.496603,0.461219,-0.404349,-1.920025,1.066178,4.094661,1.156996,-0.087447,0.313769,0.106245,-0.001447,0.012583,0.214023,-0.195143
48.582046,-0.823207,-0.676216,0.268516,0.699797,0.858849,1.011170,-0.516460,-0.181499,-0.626089,0.192290,0.258340,0.385891,0.784369,-0.333370,0.496516,0.461529,-0.404247,-1.920029,1.066195,4.094868,1.156809,-0.087625,0.313281,0.105633,-0.002126,0.013446,0.212564,-0.192978
48.582948,-0.823674,-0.679763,0.271176,0.699855,0.860440,1.012070,-0.516619,-0.147363,-0.618585,0.212597,0.263780,0.384029,0.785577,-0.333278,0.496429,0.461840,-0.404141,-1.920029,1.066212,4.095074,1.156621,-0.087944,0.312182,0.105970,-0.001002,0.014001,0.210312,-0.190459
48.584122,-0.823826,-0.679586,0.270975,0.701061,0.861839,1.011591,-0.516581,-0.113942,-0.603388,0.233696,0.266511,0.382034,0.786233,-0.333182,0.496345,0.462147,-0.404042,-1.920029,1.066219,4.095285,1.156436,-0.086966,0.310922,0.103735,-0.000709,0.012434,0.208129,-0.189203
48.585003,-0.822215,-0.685552,0.271060,0.701198,0.861323,1.013015,-0.518688,-0.081911,-0.578913,0.255506,0.265376,0.379982,0.786285,-0.333103,0.496260,0.462447,-0.403940,-1.920031,1.066229,4.095487,1.156249,-0.086211,0.308070,0.103020,-0.001409,0.011093,0.207387,-0.188256
48.586052,-0.823555,-0.687585,0.265858,0.702376,0.860991,1.013532,-0.518188,-0.051726,-0.545380,0.277827,0.260459,0.377918,0.785744,-0.333028,0.496172,0.462751,-0.403839,-1.920031,1.066241,4.095688,1.156077,-0.086230,0.308080,0.102072,-0.001186,0.011615,0.204718,-0.183104
48.587060,-0.822450,-0.688742,0.270238,0.701068,0.860693,1.014021,-0.519266,-0.025499,-0.506425,0.298603,0.253110,0.375967,0.784758,-0.332952,0.496092,0.463053,-0.403732,-1.920035,1.066256,4.095887,1.155895,-0.084903,0.306219,0.103768,-0.001873,0.011928,0.202996,-0.183180
48.587941,-0.821307,-0.693275,0.270727,0.701517,0.861802,1.013572,-0.519025,0.012717,-0.414144,0.333933,0.230303,0.372829,0.781436,-0.332916,0.495923,0.463655,-0.403542,-1.920035,1.066279,4.096281,1.155544,-0.084578,0.303233,0.099661,-0.000261,0.011119,0.200564,-0.179654
48.589022,-0.820972,-0.695050,0.269888,0.701074,0.862235,1.013952,-0.521006,0.029735,-0.360540,0.352728,0.214428,0.371491,0.779075,-0.332966,0.495841,0.463951,-0.403442,-1.920033,1.066290,4.096476,1.155384,-0.084072,0.301342,0.099254,0.000581,0.010719,0.198982,-0.174753
48.590079,-0.823055,-0.696262,0.270464,0.700907,0.860372,1.013824,-0.520983,0.044313,-0.303470,0.371386,0.195800,0.370461,0.776228,-0.333050,0.495761,0.464243,-0.403346,-1.920031,1.066305,4.096670,1.155214,-0.082380,0.299213,0.098166,0.001124,0.012587,0.197927,-0.173912
48.591022,-0.827639,-0.697627,0.269723,0.702796,0.859289,1.013902,-0.520590,0.052943,-0.243461,0.387168,0.174425,0.369973,0.772797,-0.333182,0.495688,0.464536,-0.403250,-1.920035,1.066319,4.096866,1.155040,-0.079482,0.297066,0.097712,-0.000325,0.013649,0.196655,-0.173789
48.592082,-0.829161,-0.701669,0.268302,0.701432,0.858545,1.015811,-0.523049,0.051884,-0.182969,0.396804,0.151172,0.370220,0.768830,-0.333346,0.495612,0.464832,-0.403152,-1.920031,1.066334,4.097051,1.154887,-0.078141,0.296327,0.097613,0.001407,0.014376,0.193595,-0.167953
48.593005,-0.827148,-0.703801,0.270684,0.700989,0.858959,1.016959,-0.523390,0.042422,-0.123681,0.400984,0.126513,0.371120,0.764555,-0.333515,0.495533,0.465119,-0.403063,-1.920027,1.066348,4.097236,1.154723,-0.078488,0.294608,0.095638,0.002114,0.013928,0.191324,-0.166441
48.594077,-0.828713,-0.708352,0.272852,0.702103,0.860149,1.017855,-0.523693,0.030195,-0.066517,0.403830,0.101301,0.372293,0.760233,-0.333692,0.495460,0.465414,-0.402972,-1.920027,1.066358,4.097418,1.154561,-0.077135,0.294138,0.093831,0.001410,0.012764,0.189317,-0.164935
48.595027,-0.828226,-0.712815,0.271343,0.701392,0.860095,1.018354,-0.524298,0.030195,-0.066517,0.403830,0.101301,0.372293,0.760233,-0.333692,0.495460,0.465414,-0.402972,-1.920027,1.066358,4.097418,1.154561,-0.077135,0.294138,0.093831,0.001410,0.012764,0.189317,-0.164935
48.596024,-0.828666,-0.718806,0.270495,0.701914,0.860251,1.020653,-0.522747,0.017735,-0.013967,0.406827,0.077103,0.373508,0.756055,-0.333882,0.495383,0.465709,-0.402879,-1.920023,1.066373,4.097601,1.154403,-0.076746,0.293524,0.093810,0.002423,0.012801,0.187709,-0.162862
48.596929,-0.828569,-0.722800,0.268555,0.701393,0.859637,1.022376,-0.523888,0.004185,0.030841,0.408714,0.055167,0.374776,0.752180,-0.334070,0.495311,0.465998,-0.402785,-1.920022,1.066386,4.097781,1.154233,-0.075956,0.293789,0.093437,0.002242,0.012637,0.184287,-0.165095
48.597951,-0.827576,-0.723174,0.268272,0.702828,0.861243,1.023675,-0.524106,-0.011373,0.065913,0.408292,0.036209,0.376126,0.748742,-0.334239,0.495238,0.466290,-0.402689,-1.920016,1.066401,4.097954,1.154078,-0.075393,0.292929,0.093575,0.002997,0.013231,0.181516,-0.161926
48.598992,-0.829875,-0.727871,0.269356,0.702437,0.860101,1.026707,-0.523411,-0.046012,0.115156,0.402787,0.004405,0.378931,0.743027,-0.334494,0.495095,0.466861,-0.402510,-1.920014,1.066428,4.098293,1.153756,-0.073629,0.290119,0.091700,0.002729,0.012767,0.175093,-0.161140
48.600047,-0.829590,-0.734403,0.267306,0.702647,0.862353,1.026761,-0.523922,-0.046012,0.115156,0.402787,0.004405,0.378931,0.743027,-0.334494,0.495095,0.466861,-0.402510,-1.920014,1.066428,4.098293,1.153756,-0.073629,0.290119,0.091700,0.002729,0.012767,0.175093,-0.161140
48.600993,-0.831391,-0.734619,0.270778,0.703761,0.861944,1.027387,-0.523440,-0.064127,0.132052,0.398456,-0.009505,0.380364,0.740743,-0.334624,0.495023,0.467155,-0.402418,-1.920012,1.066434,4.098463,1.153598,-0.073229,0.290640,0.091996,0.002883,0.010550,0.174028,-0.159216
48.602007,-0.831496,-0.735115,0.263524,0.704640,0.861403,1.027297,-0.524004,-0.082962,0.143149,0.392635,-0.021863,0.381862,0.738883,-0.334759,0.494954,0.467437,-0.402332,-1.920012,1.066447,4.098631,1.153437,-0.071779,0.288025,0.089519,0.002135,0.010980,0.172372,-0.159336
48.602982,-0.833259,-0.740325,0.266632,0.704997,0.862520,1.026563,-0.523519,-0.124648,0.160728,0.376427,-0.046116,0.385327,0.735652,-0.335113,0.494820,0.467998,-0.402149,-1.920010,1.066464,4.098966,1.153129,-0.069828,0.285623,0.090074,0.001645,0.010468,0.171156,-0.157477
48.604073,-0.833863,-0.739168,0.261693,0.705201,0.863027,1.026468,-0.523246,-0.124648,0.160728,0.376427,-0.046116,0.385327,0.735652,-0.335113,0.494820,0.467998,-0.402149,-1.920010,1.066464,4.098966,1.153129,-0.069828,0.285623,0.090074,0.001645,0.010468,0.171156,-0.157477
48.604982,-0.835086,-0.746460,0.261738,0.705959,0.863378,1.026851,-0.524059,-0.149576,0.169612,0.364472,-0.059047,0.387516,0.734094,-0.335351,0.494756,0.468275,-0.402054,-1.920010,1.066473,4.099130,1.152974,-0.069086,0.282482,0.091813,0.001868,0.010020,0.170239,-0.157141
48.606028,-0.835458,-0.749595,0.261238,0.707138,0.865818,1.027767,-0.523830,-0.177604,0.178767,0.349507,-0.072719,0.390079,0.732566,-0.335610,0.494688,0.468560,-0.401963,-1.920010,1.066483,4.099296,1.152822,-0.067929,0.283417,0.090983,0.001476,0.009685,0.168837,-0.154672
48.606978,-0.832370,-0.756184,0.260860,0.708363,0.865524,1.029506,-0.524925,-0.237082,0.186177,0.312667,-0.095578,0.395704,0.730387,-0.336052,0.494553,0.469125,-0.401786,-1.920014,1.066498,4.099615,1.152528,-0.068278,0.282949,0.089978,-0.000058,0.007648,0.164212,-0.151290
48.607967,-0.833462,-0.758747,0.258005,0.708324,0.865572,1.030981,-0.524917,-0.237082,0.186177,0.312667,-0.095578,0.395704,0.730387,-0.336052,0.494553,0.469125,-0.401786,-1.920014,1.066498,4.099615,1.152528,-0.068278,0.282949,0.089978,-0.000058,0.007648,0.164212,-0.151290
48.608996,-0.830353,-0.762468,0.258661,0.709810,0.865766,1.033231,-0.523638,-0.262256,0.181028,0.294766,-0.102012,0.398209,0.730098,-0.336207,0.494488,0.469403,-0.401696,-1.920012,1.066503,4.099768,1.152380,-0.067224,0.281591,0.090670,0.000347,0.007673,0.161803,-0.150503
48.609957,-0.825629,-0.766502,0.256454,0.711580,0.866394,1.033108,-0.525053,-0.282743,0.171531,0.278579,-0.105538,0.400350,0.730326,-0.336354,0.494419,0.469684,-0.401607,-1.920014,1.066510,4.099919,1.152228,-0.068280,0.280844,0.089612,-0.000690,0.007540,0.158617,-0.152236
48.610985,-0.821707,-0.772690,0.255479,0.710664,0.865094,1.036520,-0.524522,-0.295459,0.159268,0.266625,-0.106139,0.401868,0.731056,-0.336504,0.494344,0.469965,-0.401516,-1.920020,1.066516,4.100075,1.152086,-0.070038,0.280183,0.089964,-0.001944,0.006976,0.157807,-0.148559
48.611999,-0.820868,-0.776682,0.257108,0.713003,0.865515,1.036434,-0.525615,-0.287495,0.126152,0.262868,-0.096852,0.402175,0.734354,-0.336728,0.494200,0.470524,-0.401343,-1.920023,1.066534,4.100367,1.151798,-0.071275,0.280063,0.088228,-0.002475,0.007939,0.152690,-0.145809
48.612951,-0.822184,-0.781241,0.252156,0.711481,0.865665,1.037769,-0.525172,-0.270800,0.106077,0.268251,-0.087943,0.401200,0.736814,-0.336802,0.494130,0.470806,-0.401250,-1.920018,1.066540,4.100511,1.151649,-0.070049,0.279653,0.089949,-0.000676,0.007852,0.150457,-0.145909
48.614075,-0.818665,-0.785031,0.253288,0.712772,0.865561,1.038791,-0.525127,-0.270800,0.106077,0.268251,-0.087943,0.401200,0.736814,-0.336802,0.494130,0.470806,-0.401250,-1.920018,1.066540,4.100511,1.151649,-0.070049,0.279653,0.089949,-0.000676,0.007852,0.150457,-0.145909
48.615009,-0.819180,-0.793494,0.251539,0.711817,0.864106,1.040011,-0.526276,-0.233103,0.065032,0.279077,-0.067585,0.398601,0.742521,-0.337012,0.493988,0.471368,-0.401075,-1.920020,1.066557,4.100800,1.151368,-0.070472,0.280555,0.088832,-0.000154,0.009511,0.146443,-0.142061
48.616072,-0.814011,-0.798993,0.252461,0.712785,0.865369,1.041338,-0.524806,-0.233103,0.065032,0.279077,-0.067585,0.398601,0.742521,-0.337012,0.493988,0.471368,-0.401075,-1.920020,1.066557,4.100800,1.151368,-0.070472,0.280555,0.088832,-0.000154,0.009511,0.146443,-0.142061
48.617003,-0.813578,-0.803187,0.253775,0.711167,0.866707,1.039836,-0.525638,-0.211866,0.042200,0.284771,-0.055452,0.396925,0.745862,-0.337163,0.493910,0.471646,-0.400991,-1.920022,1.066561,4.100937,1.151219,-0.072461,0.280737,0.087717,-0.000672,0.008321,0.144270,-0.144207
48.618031,-0.813460,-0.811554,0.248404,0.713212,0.867172,1.039099,-0.525094,-0.186687,0.018348,0.292804,-0.042121,0.394861,0.749524,-0.337356,0.493838,0.471928,-0.400906,-1.920016,1.066565,4.101081,1.151080,-0.072069,0.280112,0.086350,0.001206,0.007066,0.144913,-0.141722
48.619064,-0.809587,-0.813127,0.250512,0.712300,0.866616,1.038832,-0.525786,-0.159505,-0.005413,0.302099,-0.028308,0.392587,0.753299,-0.337600,0.493768,0.472212,-0.400816,-1.920018,1.066569,4.101224,1.150937,-0.071595,0.281660,0.088338,-0.000425,0.006700,0.144763,-0.142020
48.619964,-0.808434,-0.812875,0.251231,0.712643,0.866515,1.038148,-0.525204,-0.133610,-0.029656,0.310234,-0.013847,0.390305,0.757023,-0.337901,0.493692,0.472485,-0.400735,-1.920015,1.066578,4.101367,1.150802,-0.072939,0.279889,0.086619,0.000859,0.007300,0.144148,-0.139830
48.621066,-0.803668,-0.819553,0.250634,0.714438,0.868070,1.037832,-0.524637,-0.106524,-0.048746,0.320160,-0.000811,0.387930,0.760443,-0.338263,0.493619,0.472761,-0.400651,-1.920017,1.066587,4.101507,1.150661,-0.072890,0.277102,0.085571,0.000907,0.007427,0.143979,-0.140247
48.622039,-0.809066,-0.827217,0.252128,0.715859,0.867782,1.037115,-0.524801,-0.075190,-0.058317,0.335050,0.009450,0.385333,0.763399,-0.338673,0.493540,0.473036,-0.400569,-1.920020,1.066589,4.101649,1.150519,-0.074671,0.277979,0.085258,-0.000398,0.005980,0.143415,-0.140551
48.623052,-0.807423,-0.831335,0.254766,0.714558,0.867139,1.037637,-0.526048,-0.008986,-0.069958,0.370033,0.031369,0.379796,0.768525,-0.339412,0.493402,0.473598,-0.400409,-1.920018,1.066604,4.101930,1.150254,-0.071714,0.278563,0.081927,0.000257,0.007033,0.141875,-0.136166
48.624063,-0.809769,-0.832710,0.252658,0.713992,0.866244,1.037000,-0.526059,-0.008986,-0.069958,0.370033,0.031369,0.379796,0.768525,-0.339412,0.493402,0.473598,-0.400409,-1.920018,1.066604,4.101930,1.150254,-0.071714,0.278563,0.081927,0.000257,0.007033,0.141875,-0.136166
48.624947,-0.812618,-0.836034,0.254110,0.714730,0.866101,1.036482,-0.525881,0.019684,-0.073667,0.385646,0.042121,0.377335,0.770637,-0.339664,0.493334,0.473868,-0.400326,-1.920016,1.066614,4.102074,1.150119,-0.070012,0.276739,0.082351,0.001176,0.007963,0.141642,-0.135390
48.626058,-0.811738,-0.835883,0.253493,0.713467,0.865499,1.034841,-0.526076,0.041807,-0.071122,0.398315,0.049422,0.375401,0.772139,-0.339851,0.493271,0.474141,-0.400247,-1.920016,1.066620,4.102211,1.149987,-0.068094,0.275779,0.080963,0.000775,0.008149,0.141315,-0.135014
48.627049,-0.814115,-0.837748,0.257637,0.713935,0.866347,1.034704,-0.526402,0.064392,-0.038486,0.415084,0.049038,0.373302,0.772578,-0.340111,0.493141,0.474677,-0.400097,-1.920010,1.066634,4.102495,1.149727,-0.066415,0.271734,0.078095,0.002256,0.008015,0.141346,-0.132428
48.628020,-0.816324,-0.840862,0.258845,0.714446,0.865517,1.035572,-0.526801,0.064392,-0.038486,0.415084,0.049038,0.373302,0.772578,-0.340111,0.493141,0.474677,-0.400097,-1.920010,1.066634,4.102495,1.149727,-0.066415,0.271734,0.078095,0.002256,0.008015,0.141346,-0.132428
48.629041,-0.816232,-0.847470,0.259958,0.714973,0.865762,1.035328,-0.525568,0.069187,-0.006704,0.422865,0.040862,0.372879,0.771458,-0.340219,0.493079,0.474945,-0.400022,-1.920008,1.066644,4.102629,1.149597,-0.064851,0.270780,0.076945,0.002091,0.008891,0.139639,-0.130882
48.630028,-0.818518,-0.851156,0.259502,0.716822,0.865718,1.035281,-0.525485,0.070952,0.029635,0.430361,0.030180,0.372699,0.769758,-0.340319,0.493014,0.475218,-0.399948,-1.920006,1.066652,4.102769,1.149458,-0.064437,0.271578,0.075836,0.001931,0.008684,0.139037,-0.132583
48.631057,-0.824029,-0.850016,0.263333,0.716797,0.865171,1.035176,-0.524898,0.063723,0.094972,0.439638,0.010926,0.372912,0.765673,-0.340435,0.492899,0.475745,-0.399804,-1.920008,1.066669,4.103041,1.149197,-0.059731,0.267952,0.073095,0.000940,0.009366,0.137511,-0.132392
48.632027,-0.822853,-0.851614,0.266281,0.718460,0.864011,1.035278,-0.525282,0.063723,0.094972,0.439638,0.010926,0.372912,0.765673,-0.340435,0.492899,0.475745,-0.399804,-1.920008,1.066669,4.103041,1.149197,-0.059731,0.267952,0.073095,0.000940,0.009366,0.137511,-0.132392
48.632980,-0.828789,-0.851557,0.261666,0.718992,0.862948,1.036329,-0.524868,0.054038,0.126905,0.441266,0.000924,0.373465,0.763206,-0.340467,0.492839,0.476007,-0.399736,-1.920010,1.066682,4.103178,1.149067,-0.059916,0.266330,0.071143,-0.000293,0.010532,0.136568,-0.130857
48.633972,-0.829968,-0.853545,0.263266,0.719847,0.861660,1.035129,-0.524914,0.041122,0.161460,0.441895,-0.010698,0.374350,0.760414,-0.340507,0.492790,0.476266,-0.399660,-1.920012,1.066691,4.103309,1.148937,-0.056606,0.263887,0.072889,-0.000388,0.011625,0.134703,-0.130955
48.635032,-0.832648,-0.855120,0.262055,0.719460,0.863068,1.033335,-0.525847,0.021384,0.197598,0.438493,-0.024066,0.375813,0.757326,-0.340562,0.492734,0.476523,-0.399594,-1.920014,1.066705,4.103445,1.148807,-0.055668,0.262523,0.071607,-0.000802,0.012896,0.135089,-0.130104
48.636076,-0.831720,-0.856170,0.261831,0.720311,0.863161,1.032241,-0.524980,-0.006110,0.234350,0.430114,-0.039261,0.377928,0.753980,-0.340621,0.492684,0.476784,-0.399523,-1.920012,1.066713,4.103581,1.148687,-0.054036,0.260959,0.071729,-0.000031,0.011525,0.136048,-0.127490
48.636956,-0.832608,-0.862079,0.261770,0.720518,0.862244,1.031081,-0.525406,-0.039045,0.271234,0.418345,-0.056172,0.380553,0.750445,-0.340678,0.492630,0.477042,-0.399452,-1.920012,1.066722,4.103717,1.148554,-0.054179,0.259140,0.071347,-0.000481,0.011482,0.136297,-0.128484
48.638035,-0.834754,-0.865862,0.264129,0.720404,0.863895,1.028506,-0.525113,-0.074374,0.306162,0.404982,-0.073603,0.383423,0.746894,-0.340741,0.492577,0.477300,-0.399383,-1.920014,1.066736,4.103858,1.148430,-0.053350,0.259669,0.070837,-0.000297,0.012383,0.136598,-0.126903
48.639092,-0.840856,-0.866959,0.262649,0.719907,0.862713,1.027480,-0.523593,-0.109816,0.335412,0.390954,-0.089737,0.386286,0.743541,-0.340805,0.492528,0.477558,-0.399316,-1.920012,1.066744,4.104000,1.148305,-0.052008,0.259234,0.069219,0.000210,0.010765,0.138311,-0.126748
48.639941,-0.839075,-0.870685,0.262134,0.721599,0.862469,1.027194,-0.523954,-0.147074,0.358383,0.374705,-0.104836,0.389230,0.740352,-0.340875,0.492486,0.477814,-0.399246,-1.920008,1.066757,4.104138,1.148173,-0.048748,0.257468,0.069492,0.001039,0.011976,0.138470,-0.129034
48.641035,-0.838305,-0.877165,0.259872,0.723087,0.864790,1.027502,-0.522759,-0.188172,0.376138,0.354647,-0.119560,0.392343,0.737235,-0.340942,0.492436,0.478068,-0.399176,-1.920011,1.066771,4.104274,1.148053,-0.049325,0.256916,0.069185,-0.000260,0.012184,0.137919,-0.127597
48.642054,-0.839948,-0.881894,0.260486,0.723415,0.863408,1.028754,-0.522953,-0.230526,0.385880,0.331973,-0.131759,0.395316,0.734436,-0.340972,0.492385,0.478326,-0.399104,-1.920015,1.066773,4.104408,1.147921,-0.049427,0.257875,0.069838,-0.001222,0.009957,0.136777,-0.129232
48.642936,-0.839665,-0.887169,0.255607,0.721793,0.864700,1.030091,-0.522222,-0.271304,0.383638,0.307915,-0.138942,0.397883,0.732302,-0.340952,0.492340,0.478583,-0.399038,-1.920015,1.066787,4.104534,1.147794,-0.048351,0.257893,0.069073,-0.001128,0.011369,0.134736,-0.128070
48.644036,-0.837318,-0.891224,0.256354,0.724085,0.865582,1.029872,-0.522034,-0.349583,0.345096,0.254275,-0.140710,0.402278,0.730443,-0.340818,0.492243,0.479101,-0.398896,-1.920016,1.066801,4.104792,1.147537,-0.049114,0.257789,0.070099,-0.001019,0.009284,0.132046,-0.128422
48.644982,-0.838615,-0.892228,0.252599,0.724371,0.866409,1.028783,-0.521780,-0.349583,0.345096,0.254275,-0.140710,0.402278,0.730443,-0.340818,0.492243,0.479101,-0.398896,-1.920016,1.066801,4.104792,1.147537,-0.049114,0.257789,0.070099,-0.001019,0.009284,0.132046,-0.128422
48.646064,-0.834286,-0.896681,0.253217,0.725195,0.866194,1.030924,-0.521496,-0.415515,0.278487,0.201282,-0.131474,0.405807,0.731595,-0.340689,0.492144,0.479609,-0.398753,-1.920019,1.066822,4.105050,1.147283,-0.050049,0.255904,0.070645,-0.001228,0.008733,0.129382,-0.128005
48.647082,-0.834004,-0.900598,0.248444,0.724596,0.867134,1.030612,-0.520162,-0.439782,0.241151,0.178924,-0.124591,0.407188,0.733174,-0.340708,0.492093,0.479861,-0.398678,-1.920018,1.066826,4.105182,1.147150,-0.049871,0.255573,0.072504,-0.000251,0.007867,0.128903,-0.129927
48.648018,-0.833761,-0.906561,0.248386,0.725335,0.865858,1.030002,-0.519624,-0.439782,0.241151,0.178924,-0.124591,0.407188,0.733174,-0.340708,0.492093,0.479861,-0.398678,-1.920018,1.066826,4.105182,1.147150,-0.049871,0.255573,0.072504,-0.000251,0.007867,0.128903,-0.129927
48.648962,-0.833866,-0.909777,0.250779,0.727426,0.864646,1.029645,-0.518747,-0.458824,0.200917,0.158804,-0.116324,0.408424,0.735405,-0.340826,0.492046,0.480119,-0.398607,-1.920019,1.066840,4.105309,1.147020,-0.049707,0.256153,0.071967,-0.000594,0.009148,0.128734,-0.130246
48.649995,-0.831033,-0.913544,0.248366,0.727547,0.864606,1.030986,-0.518722,-0.472938,0.157137,0.140655,-0.106011,0.409482,0.738187,-0.341033,0.491998,0.480375,-0.398539,-1.920025,1.066852,4.105439,1.146886,-0.049356,0.255367,0.070269,-0.002174,0.010354,0.128293,-0.131248
48.651009,-0.828948,-0.919119,0.249595,0.728720,0.863954,1.032155,-0.516790,-0.479916,0.110734,0.126398,-0.093225,0.410148,0.741432,-0.341294,0.491945,0.480628,-0.398466,-1.920027,1.066863,4.105564,1.146756,-0.050461,0.254965,0.070972,-0.001818,0.010407,0.126165,-0.130519
48.651943,-0.824684,-0.921322,0.248363,0.728675,0.863307,1.031100,-0.516625,-0.478367,0.062527,0.117312,-0.078079,0.410312,0.745127,-0.341582,0.491894,0.480885,-0.398398,-1.920031,1.066876,4.105687,1.146616,-0.051183,0.255416,0.069863,-0.002504,0.011067,0.124237,-0.133620
48.653063,-0.823521,-0.921867,0.242758,0.730992,0.863227,1.032105,-0.516019,-0.466759,0.013338,0.114810,-0.060803,0.409849,0.749257,-0.341880,0.491837,0.481135,-0.398326,-1.920032,1.066887,4.105807,1.146483,-0.052916,0.254180,0.069944,-0.002060,0.011721,0.124575,-0.133162
48.654030,-0.819791,-0.928476,0.242639,0.730332,0.862636,1.031642,-0.515293,-0.420310,-0.079188,0.126046,-0.023826,0.407381,0.758055,-0.342388,0.491726,0.481642,-0.398178,-1.920039,1.066910,4.106045,1.146212,-0.054650,0.253218,0.071727,-0.002701,0.012428,0.122557,-0.134264
48.654986,-0.818926,-0.930490,0.241228,0.730656,0.862725,1.030717,-0.515160,-0.420310,-0.079188,0.126046,-0.023826,0.407381,0.758055,-0.342388,0.491726,0.481642,-0.398178,-1.920039,1.066910,4.106045,1.146212,-0.054650,0.253218,0.071727,-0.002701,0.012428,0.122557,-0.134264
48.656064,-0.819636,-0.934713,0.240858,0.730476,0.861572,1.030151,-0.514653,-0.390420,-0.122088,0.136312,-0.004948,0.405656,0.762532,-0.342577,0.491670,0.481890,-0.398105,-1.920043,1.066923,4.106170,1.146079,-0.054684,0.251929,0.071897,-0.002568,0.012328,0.122713,-0.133761
48.657029,-0.820506,-0.947428,0.238420,0.728597,0.861748,1.028015,-0.514399,-0.358489,-0.161964,0.148210,0.013220,0.403753,0.766912,-0.342741,0.491617,0.482142,-0.398034,-1.920044,1.066939,4.106292,1.145942,-0.054006,0.251814,0.071586,-0.001943,0.013465,0.122523,-0.133981
48.657947,-0.816997,-0.954416,0.236274,0.727135,0.860700,1.027444,-0.514255,-0.328945,-0.201032,0.158233,0.030793,0.401904,0.771147,-0.342898,0.491566,0.482407,-0.397962,-1.920040,1.066951,4.106415,1.145808,-0.052962,0.255049,0.071959,0.000000,0.013131,0.123466,-0.133519
48.659096,-0.815141,-0.961366,0.236325,0.728166,0.861119,1.025760,-0.511813,-0.283360,-0.290159,0.166542,0.067592,0.398577,0.779574,-0.343197,0.491454,0.482915,-0.397819,-1.920040,1.066976,4.106658,1.145535,-0.054166,0.255515,0.071095,0.000552,0.013348,0.122969,-0.136594
48.660031,-0.809702,-0.966629,0.238419,0.729697,0.860791,1.026742,-0.512278,-0.259657,-0.338303,0.171182,0.087880,0.396514,0.783781,-0.343333,0.491392,0.483164,-0.397754,-1.920043,1.066991,4.106778,1.145401,-0.056083,0.254969,0.069178,-0.000851,0.013471,0.120666,-0.134596
48.661055,-0.812119,-0.974602,0.235448,0.728792,0.861397,1.026465,-0.512247,-0.231215,-0.386793,0.179716,0.110008,0.393903,0.787961,-0.343418,0.491342,0.483426,-0.397683,-1.920039,1.067005,4.106895,1.145270,-0.054156,0.255647,0.069755,0.000054,0.012634,0.119617,-0.133628
48.662050,-0.809637,-0.986867,0.236762,0.728247,0.864010,1.026075,-0.510998,-0.202008,-0.437038,0.189045,0.133804,0.391112,0.792125,-0.343440,0.491285,0.483691,-0.397618,-1.920038,1.067011,4.107009,1.145132,-0.054668,0.258429,0.068209,0.000650,0.009867,0.118706,-0.135095
48.662987,-0.809925,-0.985886,0.234061,0.728690,0.860868,1.025512,-0.510694,-0.174823,-0.488356,0.197286,0.158398,0.388455,0.796195,-0.343417,0.491234,0.483937,-0.397547,-1.920038,1.067031,4.107127,1.145000,-0.053831,0.254749,0.068647,0.000258,0.012801,0.117979,-0.134681
48.663954,-0.807087,-0.994360,0.234283,0.727333,0.860908,1.024484,-0.510014,-0.149716,-0.535042,0.205349,0.181416,0.386063,0.799912,-0.343367,0.491177,0.484196,-0.397482,-1.920034,1.067045,4.107245,1.144860,-0.054502,0.255750,0.067660,0.001613,0.012514,0.117709,-0.135001
48.664941,-0.806007,-1.001005,0.233770,0.726559,0.859021,1.022773,-0.509967,-0.149716,-0.535042,0.205349,0.181416,0.386063,0.799912,-0.343367,0.491177,0.484196,-0.397482,-1.920034,1.067045,4.107245,1.144860,-0.054502,0.255750,0.067660,0.001613,0.012514,0.117709,-0.135001
48.665979,-0.803874,-1.001256,0.232236,0.726813,0.857421,1.022107,-0.509880,-0.125997,-0.574879,0.214142,0.201791,0.383987,0.803200,-0.343295,0.491122,0.484450,-0.397417,-1.920030,1.067060,4.107362,1.144727,-0.054307,0.255834,0.067056,0.002358,0.014197,0.118107,-0.134050
48.667001,-0.804377,-1.007008,0.231937,0.724886,0.857626,1.020406,-0.508351,-0.081148,-0.627160,0.236209,0.231671,0.380889,0.808231,-0.343122,0.491013,0.484949,-0.397286,-1.920021,1.067097,4.107598,1.144455,-0.053651,0.252464,0.066231,0.003958,0.015054,0.117781,-0.135180
48.668106,-0.807872,-1.012567,0.233649,0.726043,0.854830,1.018224,-0.508929,-0.081148,-0.627160,0.236209,0.231671,0.380889,0.808231,-0.343122,0.491013,0.484949,-0.397286,-1.920021,1.067097,4.107598,1.144455,-0.053651,0.252464,0.066231,0.003958,0.015054,0.117781,-0.135180
48.669031,-0.807152,-1.015799,0.234300,0.725931,0.852853,1.016553,-0.507897,-0.063178,-0.636377,0.247593,0.239276,0.380108,0.809754,-0.343039,0.490968,0.485196,-0.397225,-1.920021,1.067117,4.107719,1.144326,-0.051261,0.252077,0.064528,0.002850,0.017597,0.118555,-0.132906
48.670046,-0.808398,-1.021596,0.233576,0.721824,0.851607,1.015243,-0.508023,-0.050313,-0.637145,0.257177,0.243266,0.379795,0.810645,-0.342946,0.490917,0.485445,-0.397165,-1.920017,1.067138,4.107841,1.144192,-0.050960,0.250530,0.063410,0.002954,0.019287,0.118916,-0.133997
48.671017,-0.809792,-1.021226,0.233011,0.723951,0.851242,1.013579,-0.508115,-0.039674,-0.611805,0.271475,0.237964,0.380294,0.810515,-0.342751,0.490826,0.485931,-0.397043,-1.920002,1.067176,4.108085,1.143931,-0.048393,0.247029,0.062428,0.004688,0.020353,0.119196,-0.131493
48.671993,-0.809426,-1.027458,0.232613,0.724196,0.852433,1.011739,-0.508353,-0.039674,-0.611805,0.271475,0.237964,0.380294,0.810515,-0.342751,0.490826,0.485931,-0.397043,-1.920002,1.067176,4.108085,1.143931,-0.048393,0.247029,0.062428,0.004688,0.020353,0.119196,-0.131493
48.673064,-0.811209,-1.031544,0.233220,0.724426,0.854683,1.009863,-0.508770,-0.042879,-0.585164,0.275458,0.227915,0.381038,0.809433,-0.342628,0.490780,0.486178,-0.396982,-1.919998,1.067186,4.108205,1.143806,-0.047965,0.247034,0.061819,0.004430,0.018974,0.119712,-0.130017
48.673991,-0.812068,-1.030909,0.231467,0.723600,0.856280,1.008172,-0.508643,-0.050784,-0.553350,0.277282,0.215361,0.381906,0.807836,-0.342470,0.490738,0.486417,-0.396924,-1.919996,1.067197,4.108325,1.143680,-0.046475,0.245997,0.060725,0.004224,0.016520,0.120199,-0.128135
48.674965,-0.816756,-1.037330,0.235405,0.725858,0.854579,1.005963,-0.509257,-0.063492,-0.516912,0.276689,0.200184,0.382991,0.805750,-0.342311,0.490696,0.486655,-0.396864,-1.919989,1.067208,4.108444,1.143556,-0.045471,0.242631,0.060808,0.004950,0.014749,0.120603,-0.127436
48.676000,-0.816407,-1.040200,0.235486,0.726231,0.855869,1.002555,-0.509509,-0.081341,-0.474978,0.273452,0.181904,0.384384,0.803129,-0.342181,0.490659,0.486900,-0.396812,-1.919990,1.067229,4.108569,1.143437,-0.042598,0.242757,0.058109,0.002762,0.016209,0.121461,-0.125221
48.676950,-0.814198,-1.046523,0.234140,0.727019,0.858020,1.002084,-0.508635,-0.103015,-0.430701,0.268007,0.162479,0.385946,0.800136,-0.342071,0.490618,0.487135,-0.396758,-1.919988,1.067239,4.108697,1.143318,-0.042220,0.241165,0.057344,0.002433,0.014709,0.123473,-0.123726
48.678067,-0.815616,-1.046807,0.233575,0.726882,0.858109,0.998397,-0.508650,-0.125679,-0.387560,0.261893,0.143847,0.387500,0.797048,-0.341969,0.490574,0.487374,-0.396701,-1.919987,1.067249,4.108819,1.143195,-0.042745,0.241302,0.057268,0.001698,0.012377,0.122591,-0.124524
48.678986,-0.814768,-1.055143,0.233481,0.726941,0.858520,0.996605,-0.508925,-0.147604,-0.346176,0.256227,0.126153,0.389051,0.794033,-0.341873,0.490536,0.487605,-0.396645,-1.919985,1.067257,4.108947,1.143074,-0.041470,0.238445,0.056778,0.001862,0.012145,0.124847,-0.123428
48.680035,-0.819103,-1.054651,0.233553,0.726930,0.858558,0.994161,-0.508920,-0.168812,-0.306257,0.250963,0.108890,0.390723,0.791128,-0.341770,0.490496,0.487845,-0.396591,-1.919985,1.067268,4.109073,1.142957,-0.041356,0.239601,0.056093,0.001861,0.011555,0.125296,-0.121939
48.680984,-0.817564,-1.059104,0.233341,0.728752,0.859614,0.993185,-0.509464,-0.190395,-0.268016,0.245180,0.091666,0.392672,0.788317,-0.341637,0.490464,0.488073,-0.396538,-1.919985,1.067281,4.109202,1.142838,-0.038703,0.236379,0.055328,0.001946,0.011312,0.126319,-0.120947
48.682008,-0.817813,-1.060188,0.233745,0.728524,0.858428,0.993980,-0.508970,-0.213287,-0.230487,0.238237,0.073978,0.394990,0.785513,-0.341458,0.490425,0.488304,-0.396485,-1.919987,1.067288,4.109331,1.142726,-0.038962,0.235690,0.054718,0.000231,0.010109,0.125918,-0.118919
48.683006,-0.818676,-1.065088,0.232068,0.729376,0.858546,0.993990,-0.509234,-0.235586,-0.192913,0.231557,0.055977,0.397524,0.782740,-0.341232,0.490388,0.488531,-0.396431,-1.919987,1.067301,4.109451,1.142607,-0.038309,0.233301,0.053786,0.000548,0.011113,0.123752,-0.118935
48.684067,-0.819312,-1.064242,0.233272,0.729936,0.857130,0.992585,-0.509817,-0.255858,-0.155773,0.226021,0.038009,0.400140,0.780109,-0.340979,0.490353,0.488760,-0.396377,-1.919987,1.067310,4.109571,1.142493,-0.037383,0.232843,0.053903,-0.000240,0.010811,0.122408,-0.117433
48.684932,-0.815540,-1.062782,0.227698,0.730538,0.856436,0.991090,-0.508754,-0.274634,-0.118927,0.221175,0.019911,0.402824,0.777611,-0.340713,0.490319,0.488982,-0.396328,-1.919988,1.067324,4.109696,1.142382,-0.036573,0.229523,0.052605,-0.000691,0.012029,0.122423,-0.115279
48.686126,-0.814688,-1.070749,0.231335,0.730908,0.856171,0.989733,-0.509036,-0.291206,-0.079208,0.217968,0.000530,0.405483,0.775089,-0.340462,0.490278,0.489203,-0.396269,-1.919990,1.067337,4.109821,1.142264,-0.037927,0.225990,0.054644,-0.001188,0.012516,0.122630,-0.116528
48.686996,-0.812833,-1.072461,0.227951,0.732003,0.854603,0.989218,-0.508311,-0.303449,-0.036080,0.217988,-0.020048,0.407906,0.772573,-0.340247,0.490240,0.489429,-0.396222,-1.919992,1.067349,4.109942,1.142153,-0.037799,0.227078,0.052111,-0.001438,0.012574,0.122517,-0.114888
48.688042,-0.814627,-1.081430,0.227689,0.731405,0.854162,0.986995,-0.508606,-0.311503,0.040877,0.227037,-0.055754,0.411325,0.768611,-0.339818,0.490167,0.489876,-0.396116,-1.919999,1.067381,4.110185,1.141926,-0.036790,0.226720,0.052516,-0.001627,0.014114,0.122617,-0.113869
48.689002,-0.812679,-1.082958,0.227056,0.732469,0.854954,0.986257,-0.508327,-0.311503,0.040877,0.227037,-0.055754,0.411325,0.768611,-0.339818,0.490167,0.489876,-0.396116,-1.919999,1.067381,4.110185,1.141926,-0.036790,0.226720,0.052516,-0.001627,0.014114,0.122617,-0.113869
48.689956,-0.814053,-1.084701,0.225408,0.732974,0.854037,0.986891,-0.507590,-0.312035,0.087717,0.234379,-0.078690,0.413447,0.766628,-0.339288,0.490094,0.490314,-0.396013,-1.920007,1.067407,4.110420,1.141696,-0.036064,0.222706,0.052265,-0.002866,0.013851,0.120096,-0.114036
48.690978,-0.814492,-1.086701,0.224532,0.733355,0.853244,0.987008,-0.507605,-0.312035,0.087717,0.234379,-0.078690,0.413447,0.766628,-0.339288,0.490094,0.490314,-0.396013,-1.920007,1.067407,4.110420,1.141696,-0.036064,0.222706,0.052265,-0.002866,0.013851,0.120096,-0.114036
48.692005,-0.811694,-1.093382,0.224441,0.732776,0.853509,0.985584,-0.507801,-0.312697,0.104839,0.235775,-0.087727,0.414293,0.766148,-0.339022,0.490061,0.490529,-0.395962,-1.920011,1.067423,4.110539,1.141587,-0.035371,0.220935,0.052001,-0.003079,0.014406,0.118636,-0.113034
48.692908,-0.812408,-1.093919,0.222816,0.734233,0.849876,0.985592,-0.506546,-0.313865,0.119673,0.235827,-0.096015,0.415072,0.765953,-0.338782,0.490022,0.490753,-0.395911,-1.920011,1.067439,4.110657,1.141480,-0.036246,0.221429,0.051343,-0.002418,0.013891,0.118731,-0.111693
48.694071,-0.811109,-1.095927,0.219223,0.732587,0.849379,0.983807,-0.506203,-0.313671,0.131498,0.235901,-0.102939,0.415671,0.766089,-0.338588,0.489989,0.490970,-0.395860,-1.920019,1.067463,4.110771,1.141364,-0.035403,0.218898,0.051473,-0.003644,0.017253,0.117465,-0.113309
48.694996,-0.807256,-1.107090,0.221334,0.733701,0.849859,0.982813,-0.505441,-0.312807,0.142178,0.235826,-0.109255,0.416147,0.766400,-0.338475,0.489953,0.491183,-0.395805,-1.920017,1.067478,4.110890,1.141253,-0.035553,0.217140,0.052520,-0.001919,0.017481,0.117830,-0.112944
48.696055,-0.806762,-1.112893,0.218613,0.735221,0.848942,0.980766,-0.506606,-0.305236,0.150630,0.236834,-0.115537,0.416403,0.767917,-0.338459,0.489877,0.491625,-0.395704,-1.920028,1.067509,4.111129,1.141034,-0.036652,0.219972,0.051437,-0.004182,0.017468,0.118207,-0.110228
48.696984,-0.803730,-1.116239,0.217833,0.736180,0.847378,0.980048,-0.505333,-0.305236,0.150630,0.236834,-0.115537,0.416403,0.767917,-0.338459,0.489877,0.491625,-0.395704,-1.920028,1.067509,4.111129,1.141034,-0.036652,0.219972,0.051437,-0.004182,0.017468,0.118207,-0.110228
48.698085,-0.806492,-1.118526,0.217151,0.734530,0.848255,0.979140,-0.505785,-0.283769,0.120224,0.240842,-0.100438,0.414963,0.771269,-0.338456,0.489806,0.492058,-0.395603,-1.920033,1.067544,4.111359,1.140816,-0.035770,0.217208,0.050776,-0.003208,0.017636,0.117186,-0.109986
48.699053,-0.803834,-1.121116,0.215275,0.735768,0.845576,0.977281,-0.504840,-0.272263,0.100881,0.242549,-0.090321,0.414137,0.772958,-0.338421,0.489768,0.492268,-0.395552,-1.920041,1.067570,4.111476,1.140702,-0.036599,0.215807,0.051023,-0.004219,0.020020,0.117750,-0.110957
48.700052,-0.801472,-1.125779,0.214773,0.733910,0.846572,0.975803,-0.504510,-0.260870,0.083379,0.244473,-0.080907,0.413361,0.774438,-0.338349,0.489729,0.492486,-0.395502,-1.920039,1.067585,4.111591,1.140592,-0.037232,0.215345,0.050590,-0.002311,0.018762,0.117918,-0.110658
48.701054,-0.800978,-1.130614,0.215018,0.734925,0.844904,0.976088,-0.504943,-0.247867,0.067455,0.247965,-0.071987,0.412518,0.775809,-0.338224,0.489691,0.492698,-0.395455,-1.920045,1.067608,4.111705,1.140484,-0.036938,0.215036,0.049816,-0.003140,0.020156,0.116306,-0.108839
48.702179,-0.802376,-1.133094,0.214038,0.735406,0.844452,0.977054,-0.504709,-0.234068,0.051862,0.252298,-0.062910,0.411628,0.777163,-0.338051,0.489658,0.492909,-0.395405,-1.920049,1.067630,4.111814,1.140378,-0.035756,0.213528,0.049611,-0.003427,0.020287,0.113979,-0.108326
48.703137,-0.799516,-1.141601,0.215476,0.734972,0.843046,0.977151,-0.504230,-0.220165,0.034880,0.256768,-0.052746,0.410676,0.778603,-0.337859,0.489619,0.493126,-0.395358,-1.920051,1.067654,4.111923,1.140268,-0.036660,0.215026,0.048235,-0.002869,0.021391,0.112645,-0.108367
48.703955,-0.799947,-1.143646,0.215634,0.733766,0.841670,0.976156,-0.503367,-0.220165,0.034880,0.256768,-0.052746,0.410676,0.778603,-0.337859,0.489619,0.493126,-0.395358,-1.920051,1.067654,4.111923,1.140268,-0.036660,0.215026,0.048235,-0.002869,0.021391,0.112645,-0.108367
48.705016,-0.797519,-1.147158,0.214219,0.732787,0.841351,0.976103,-0.502832,-0.204891,0.015710,0.262322,-0.041220,0.409554,0.780197,-0.337679,0.489585,0.493334,-0.395311,-1.920051,1.067675,4.112036,1.140157,-0.035960,0.213372,0.047535,-0.001596,0.022504,0.112467,-0.109243
48.706042,-0.795576,-1.148242,0.214861,0.732666,0.839685,0.974966,-0.502617,-0.188099,-0.003028,0.269581,-0.029842,0.408283,0.781789,-0.337537,0.489547,0.493543,-0.395264,-1.920052,1.067697,4.112144,1.140046,-0.036659,0.212438,0.047588,-0.000532,0.022508,0.111203,-0.109325
48.707041,-0.799735,-1.150205,0.214141,0.733919,0.839929,0.973935,-0.501757,-0.150539,-0.026751,0.290702,-0.012884,0.405370,0.784207,-0.337369,0.489481,0.493953,-0.395173,-1.920055,1.067743,4.112370,1.139827,-0.034567,0.208660,0.046358,-0.001464,0.023314,0.110767,-0.109581
48.708097,-0.797017,-1.153116,0.213518,0.733737,0.840267,0.974608,-0.501094,-0.134024,-0.030700,0.301428,-0.007332,0.403906,0.784768,-0.337334,0.489444,0.494158,-0.395128,-1.920056,1.067762,4.112474,1.139719,-0.035438,0.207464,0.046039,-0.001178,0.022708,0.108798,-0.109934
48.709005,-0.798932,-1.155429,0.214299,0.731659,0.837774,0.973763,-0.501136,-0.134024,-0.030700,0.301428,-0.007332,0.403906,0.784768,-0.337334,0.489444,0.494158,-0.395128,-1.920056,1.067762,4.112474,1.139719,-0.035438,0.207464,0.046039,-0.001178,0.022708,0.108798,-0.109934
48.710010,-0.796405,-1.155852,0.211861,0.731467,0.839651,0.973002,-0.500821,-0.109930,-0.023072,0.319852,-0.003196,0.401327,0.784587,-0.337241,0.489377,0.494560,-0.395037,-1.920048,1.067808,4.112687,1.139506,-0.034803,0.203646,0.045626,0.001044,0.022711,0.107953,-0.108653
48.711065,-0.797924,-1.162424,0.210586,0.731788,0.838464,0.971324,-0.499739,-0.109930,-0.023072,0.319852,-0.003196,0.401327,0.784587,-0.337241,0.489377,0.494560,-0.395037,-1.920048,1.067808,4.112687,1.139506,-0.034803,0.203646,0.045626,0.001044,0.022711,0.107953,-0.108653
48.712019,-0.800153,-1.166434,0.209810,0.728426,0.837342,0.972052,-0.498746,-0.102647,-0.011319,0.327358,-0.005265,0.400354,0.783867,-0.337172,0.489344,0.494767,-0.394992,-1.920048,1.067832,4.112797,1.139393,-0.033551,0.204287,0.045631,0.000779,0.023608,0.108326,-0.109848
48.712976,-0.799803,-1.173128,0.211353,0.729837,0.837542,0.972322,-0.498085,-0.101013,0.001115,0.331067,-0.008444,0.399787,0.782917,-0.337121,0.489316,0.494972,-0.394947,-1.920036,1.067860,4.112899,1.139283,-0.032019,0.203645,0.045398,0.003974,0.024379,0.106369,-0.110908
48.714072,-0.801547,-1.175170,0.212743,0.727289,0.836078,0.970854,-0.498428,-0.114210,0.018500,0.325960,-0.015007,0.399997,0.781057,-0.337083,0.489256,0.495376,-0.394868,-1.920027,1.067911,4.113106,1.139063,-0.030457,0.202774,0.042791,0.005026,0.024981,0.105073,-0.109597
48.715082,-0.800879,-1.181184,0.210838,0.728982,0.834600,0.970334,-0.497512,-0.124576,0.023222,0.320432,-0.017505,0.400541,0.780252,-0.337051,0.489226,0.495581,-0.394823,-1.920028,1.067940,4.113211,1.138955,-0.030359,0.203163,0.043135,0.003393,0.026096,0.104331,-0.110511
48.715969,-0.803754,-1.176066,0.211560,0.727522,0.831991,0.969157,-0.497542,-0.136761,0.028481,0.313814,-0.020365,0.401362,0.779319,-0.337016,0.489199,0.495773,-0.394783,-1.920023,1.067969,4.113310,1.138845,-0.028524,0.198078,0.042207,0.004817,0.028355,0.104369,-0.109543
48.717119,-0.805094,-1.184362,0.213694,0.726656,0.830927,0.969057,-0.496617,-0.150699,0.038695,0.306776,-0.025549,0.402514,0.778022,-0.336992,0.489175,0.495974,-0.394746,-1.920018,1.067997,4.113414,1.138736,-0.027479,0.199672,0.040590,0.005632,0.029038,0.103117,-0.110394
48.717995,-0.806044,-1.188332,0.210705,0.726190,0.829714,0.969780,-0.498327,-0.150699,0.038695,0.306776,-0.025549,0.402514,0.778022,-0.336992,0.489175,0.495974,-0.394746,-1.920018,1.067997,4.113414,1.138736,-0.027479,0.199672,0.040590,0.005632,0.029038,0.103117,-0.110394
48.719034,-0.805919,-1.193057,0.214927,0.727535,0.829128,0.968165,-0.498359,-0.183607,0.062446,0.289546,-0.038692,0.405675,0.774977,-0.336902,0.489124,0.496367,-0.394668,-1.920008,1.068056,4.113614,1.138536,-0.026318,0.198933,0.038866,0.004634,0.030107,0.101639,-0.105121
48.720002,-0.807782,-1.193715,0.216381,0.726502,0.827266,0.967580,-0.497895,-0.198587,0.071736,0.281594,-0.043771,0.407245,0.773508,-0.336819,0.489101,0.496562,-0.394634,-1.920001,1.068088,4.113713,1.138434,-0.025031,0.196722,0.037656,0.005582,0.031583,0.101018,-0.105163
48.720909,-0.810688,-1.197324,0.217317,0.726699,0.826854,0.968115,-0.498807,-0.198587,0.071736,0.281594,-0.043771,0.407245,0.773508,-0.336819,0.489101,0.496562,-0.394634,-1.920001,1.068088,4.113713,1.138434,-0.025031,0.196722,0.037656,0.005582,0.031583,0.101018,-0.105163
48.722093,-0.808009,-1.199413,0.214945,0.726724,0.826737,0.967692,-0.498766,-0.222991,0.095512,0.270711,-0.055372,0.410187,0.770339,-0.336694,0.489056,0.496951,-0.394560,-1.919989,1.068150,4.113906,1.138240,-0.024246,0.194526,0.037335,0.005225,0.031326,0.098450,-0.101577
48.723035,-0.811179,-1.203959,0.217269,0.726886,0.824782,0.966957,-0.498645,-0.222991,0.095512,0.270711,-0.055372,0.410187,0.770339,-0.336694,0.489056,0.496951,-0.394560,-1.919989,1.068150,4.113906,1.138240,-0.024246,0.194526,0.037335,0.005225,0.031326,0.098450,-0.101577
48.724024,-0.808046,-1.205887,0.219479,0.727963,0.824821,0.965372,-0.498632,-0.233872,0.109789,0.266562,-0.062133,0.411642,0.768707,-0.336677,0.489039,0.497145,-0.394527,-1.919985,1.068186,4.114003,1.138137,-0.022352,0.194312,0.035675,0.005028,0.032867,0.098022,-0.100934
48.724963,-0.811234,-1.210708,0.218430,0.727651,0.825089,0.966738,-0.498352,-0.241856,0.124620,0.264561,-0.068688,0.412884,0.767152,-0.336700,0.489014,0.497336,-0.394497,-1.919983,1.068219,4.114101,1.138042,-0.023578,0.192785,0.034117,0.003967,0.032407,0.098410,-0.100078
48.725958,-0.814634,-1.215280,0.222798,0.727213,0.824218,0.966526,-0.499333,-0.245580,0.139402,0.265594,-0.074547,0.413798,0.765744,-0.336758,0.488996,0.497527,-0.394462,-1.919978,1.068251,4.114194,1.137942,-0.021673,0.192757,0.034165,0.004222,0.031745,0.095880,-0.099767
48.727088,-0.815470,-1.220187,0.220026,0.729535,0.823619,0.967349,-0.498414,-0.251624,0.162433,0.267253,-0.084124,0.415571,0.763531,-0.336906,0.488963,0.497907,-0.394401,-1.919973,1.068323,4.114369,1.137753,-0.019007,0.192545,0.032460,0.002354,0.032345,0.092903,-0.097825
48.728035,-0.816384,-1.223880,0.220200,0.730138,0.823055,0.967638,-0.499306,-0.251624,0.162433,0.267253,-0.084124,0.415571,0.763531,-0.336906,0.488963,0.497907,-0.394401,-1.919973,1.068323,4.114369,1.137753,-0.019007,0.192545,0.032460,0.002354,0.032345,0.092903,-0.097825
48.729110,-0.816821,-1.222620,0.221194,0.729632,0.822154,0.967926,-0.500291,-0.257953,0.166127,0.264107,-0.086026,0.416652,0.762833,-0.336936,0.488949,0.498099,-0.394370,-1.919972,1.068357,4.114457,1.137663,-0.018312,0.191908,0.031901,0.001820,0.032497,0.091504,-0.095165
48.730049,-0.818282,-1.226683,0.222222,0.730261,0.821307,0.968281,-0.499756,-0.266042,0.166726,0.258898,-0.086734,0.417888,0.762308,-0.336907,0.488932,0.498282,-0.394340,-1.919970,1.068393,4.114542,1.137575,-0.017806,0.188859,0.030956,0.002351,0.032964,0.090035,-0.092298
48.730977,-0.815650,-1.228524,0.219120,0.732050,0.818920,0.967140,-0.500892,-0.274088,0.169741,0.253882,-0.088820,0.419294,0.761736,-0.336831,0.488917,0.498467,-0.394315,-1.919970,1.068427,4.114627,1.137482,-0.016828,0.188522,0.030058,0.001770,0.033402,0.088589,-0.092551
48.731944,-0.816880,-1.233242,0.225288,0.730916,0.818646,0.968438,-0.501126,-0.284467,0.182076,0.248403,-0.095230,0.422156,0.760518,-0.336633,0.488884,0.498834,-0.394264,-1.919969,1.068501,4.114797,1.137312,-0.016995,0.187051,0.027728,0.001263,0.035174,0.086230,-0.088157
48.733012,-0.818350,-1.229259,0.223416,0.732863,0.816361,0.969474,-0.501347,-0.284467,0.182076,0.248403,-0.095230,0.422156,0.760518,-0.336633,0.488884,0.498834,-0.394264,-1.919969,1.068501,4.114797,1.137312,-0.016995,0.187051,0.027728,0.001263,0.035174,0.086230,-0.088157
48.733988,-0.818520,-1.237500,0.222431,0.734126,0.815579,0.968182,-0.501951,-0.283206,0.191833,0.250775,-0.099246,0.423342,0.759960,-0.336557,0.488871,0.499012,-0.394233,-1.919973,1.068542,4.114880,1.137230,-0.016022,0.182691,0.028238,-0.000553,0.036989,0.084036,-0.086846
48.734940,-0.821010,-1.235468,0.226160,0.732847,0.813911,0.967438,-0.500697,-0.275290,0.219695,0.260438,-0.109545,0.425457,0.758647,-0.336588,0.488846,0.499373,-0.394182,-1.919973,1.068617,4.115040,1.137060,-0.014234,0.181117,0.026061,-0.000372,0.038537,0.083932,-0.086522
48.736093,-0.820011,-1.242442,0.222573,0.733423,0.813846,0.967544,-0.501552,-0.275290,0.219695,0.260438,-0.109545,0.425457,0.758647,-0.336588,0.488846,0.499373,-0.394182,-1.919973,1.068617,4.115040,1.137060,-0.014234,0.181117,0.026061,-0.000372,0.038537,0.083932,-0.086522
48.737025,-0.821687,-1.249689,0.227131,0.733344,0.813865,0.968727,-0.501312,-0.271442,0.235535,0.265381,-0.115686,0.426447,0.757806,-0.336711,0.488831,0.499556,-0.394153,-1.919976,1.068654,4.115119,1.136984,-0.014491,0.182242,0.027442,-0.000815,0.038134,0.082624,-0.083880
48.737947,-0.823280,-1.250509,0.224112,0.736315,0.813476,0.970553,-0.502334,-0.268233,0.248610,0.269384,-0.121289,0.427334,0.757000,-0.336876,0.488820,0.499742,-0.394131,-1.919976,1.068694,4.115194,1.136902,-0.013437,0.183463,0.024791,-0.000670,0.037649,0.080406,-0.083582
48.739037,-0.823189,-1.250074,0.228478,0.737750,0.812971,0.972235,-0.503255,-0.265920,0.254217,0.271505,-0.124041,0.428000,0.756459,-0.337033,0.488809,0.499921,-0.394104,-1.919985,1.068734,4.115266,1.136828,-0.012444,0.181529,0.025935,-0.003379,0.037568,0.077570,-0.080753
48.740061,-0.825322,-1.251606,0.225256,0.738630,0.811220,0.972518,-0.503897,-0.264062,0.254526,0.272421,-0.124080,0.428360,0.756095,-0.337141,0.488797,0.500095,-0.394086,-1.919991,1.068773,4.115337,1.136755,-0.012271,0.179013,0.023397,-0.004579,0.037603,0.074783,-0.078066
48.740943,-0.826207,-1.253203,0.228534,0.737335,0.808854,0.973668,-0.504393,-0.261815,0.254066,0.273524,-0.122875,0.428407,0.755720,-0.337178,0.488789,0.500269,-0.394060,-1.919997,1.068815,4.115408,1.136683,-0.011016,0.177518,0.024647,-0.005236,0.038874,0.073456,-0.075981
48.742047,-0.827421,-1.255596,0.225897,0.738394,0.807893,0.975513,-0.505048,-0.260089,0.255555,0.274643,-0.122109,0.428338,0.755202,-0.337167,0.488779,0.500442,-0.394042,-1.919996,1.068861,4.115473,1.136612,-0.010396,0.176068,0.022687,-0.003871,0.040722,0.071359,-0.074263
48.743010,-0.826485,-1.260453,0.227943,0.738854,0.807566,0.975404,-0.505098,-0.260417,0.264321,0.275425,-0.123831,0.428501,0.753880,-0.337081,0.488759,0.500790,-0.393997,-1.920010,1.068945,4.115605,1.136474,-0.009866,0.175165,0.022270,-0.004936,0.040993,0.067562,-0.071264
48.743977,-0.828740,-1.264320,0.226937,0.737445,0.804388,0.976877,-0.505871,-0.260417,0.264321,0.275425,-0.123831,0.428501,0.753880,-0.337081,0.488759,0.500790,-0.393997,-1.920010,1.068945,4.115605,1.136474,-0.009866,0.175165,0.022270,-0.004936,0.040993,0.067562,-0.071264
48.744935,-0.828572,-1.263320,0.225765,0.736688,0.803042,0.976377,-0.505898,-0.263971,0.266848,0.273384,-0.124296,0.429202,0.752908,-0.336981,0.488744,0.501130,-0.393952,-1.920011,1.069037,4.115729,1.136344,-0.008495,0.172127,0.022670,-0.002601,0.044459,0.064655,-0.068172
48.745997,-0.826827,-1.270479,0.227686,0.735484,0.801923,0.976088,-0.505615,-0.267038,0.268182,0.271659,-0.125954,0.429862,0.752397,-0.336989,0.488733,0.501306,-0.393932,-1.920009,1.069083,4.115792,1.136277,-0.009168,0.173439,0.021370,-0.001367,0.045044,0.063902,-0.067939
48.747022,-0.830765,-1.271279,0.227319,0.736149,0.801468,0.976311,-0.506057,-0.269383,0.268999,0.270551,-0.128182,0.430570,0.751890,-0.337027,0.488730,0.501477,-0.393911,-1.920011,1.069130,4.115855,1.136212,-0.007054,0.171570,0.021222,-0.001927,0.044944,0.062663,-0.066262
48.748046,-0.832962,-1.275199,0.229970,0.736138,0.801503,0.975883,-0.506892,-0.269383,0.268999,0.270551,-0.128182,0.430570,0.751890,-0.337027,0.488730,0.501477,-0.393911,-1.920011,1.069130,4.115855,1.136212,-0.007054,0.171570,0.021222,-0.001927,0.044944,0.062663,-0.066262
48.748929,-0.830364,-1.277017,0.226953,0.734295,0.798822,0.975452,-0.507173,-0.278321,0.266307,0.264972,-0.132764,0.432242,0.750697,-0.337095,0.488715,0.501816,-0.393873,-1.920009,1.069226,4.115977,1.136098,-0.006972,0.170034,0.020804,0.000036,0.046507,0.061612,-0.062612
48.749955,-0.828558,-1.277125,0.228318,0.736122,0.799184,0.975728,-0.507196,-0.278321,0.266307,0.264972,-0.132764,0.432242,0.750697,-0.337095,0.488715,0.501816,-0.393873,-1.920009,1.069226,4.115977,1.136098,-0.006972,0.170034,0.020804,0.000036,0.046507,0.061612,-0.062612
48.750966,-0.827894,-1.281161,0.227140,0.737037,0.799099,0.977157,-0.507065,-0.282535,0.265061,0.262628,-0.135675,0.432964,0.749919,-0.337148,0.488707,0.501979,-0.393856,-1.920015,1.069273,4.116033,1.136040,-0.007689,0.167932,0.019802,-0.001618,0.045571,0.060358,-0.061816
48.752004,-0.828640,-1.283404,0.226855,0.733900,0.797383,0.977843,-0.507168,-0.282763,0.264339,0.263391,-0.138042,0.433250,0.749086,-0.337242,0.488699,0.502147,-0.393835,-1.920018,1.069318,4.116086,1.135978,-0.007848,0.167767,0.020072,-0.002360,0.045136,0.057968,-0.061325
48.752956,-0.831185,-1.286989,0.226729,0.735070,0.796530,0.980119,-0.507694,-0.276716,0.260486,0.269202,-0.140599,0.432971,0.747590,-0.337564,0.488690,0.502481,-0.393797,-1.920015,1.069419,4.116182,1.135869,-0.005933,0.166311,0.019646,-0.000339,0.046555,0.053193,-0.058611
48.753955,-0.831371,-1.290979,0.225178,0.734603,0.795463,0.980371,-0.508182,-0.276440,0.255540,0.269399,-0.141330,0.432891,0.747028,-0.337781,0.488685,0.502644,-0.393776,-1.920014,1.069467,4.116232,1.135817,-0.005714,0.166166,0.020092,0.000179,0.047069,0.052037,-0.056923
48.754980,-0.832081,-1.298752,0.227850,0.734717,0.793730,0.977872,-0.507218,-0.278853,0.244485,0.266477,-0.139719,0.432867,0.746767,-0.338016,0.488679,0.502816,-0.393760,-1.920013,1.069521,4.116286,1.135754,-0.005215,0.167816,0.018460,0.000129,0.048194,0.053604,-0.058108
48.756066,-0.832702,-1.300064,0.224360,0.734923,0.791819,0.978736,-0.507924,-0.278853,0.244485,0.266477,-0.139719,0.432867,0.746767,-0.338016,0.488679,0.502816,-0.393760,-1.920013,1.069521,4.116286,1.135754,-0.005215,0.167816,0.018460,0.000129,0.048194,0.053604,-0.058108
48.756988,-0.831457,-1.303426,0.226217,0.732835,0.792402,0.979201,-0.507987,-0.282973,0.225703,0.260930,-0.134778,0.432836,0.746850,-0.338244,0.488676,0.502977,-0.393737,-1.920016,1.069573,4.116334,1.135705,-0.004776,0.166307,0.019867,0.000056,0.049507,0.051741,-0.055918
48.757963,-0.829818,-1.306783,0.226901,0.733752,0.790897,0.978937,-0.508584,-0.288253,0.202378,0.253682,-0.127988,0.432864,0.747144,-0.338428,0.488670,0.503143,-0.393721,-1.920010,1.069622,4.116381,1.135653,-0.005127,0.165472,0.018471,0.001958,0.048262,0.050189,-0.055018
48.758987,-0.831006,-1.311924,0.223079,0.732919,0.789138,0.980072,-0.508909,-0.291694,0.179084,0.247749,-0.121270,0.432900,0.747525,-0.338534,0.488665,0.503305,-0.393705,-1.920014,1.069677,4.116427,1.135605,-0.005606,0.164519,0.017617,0.000987,0.049052,0.049245,-0.052979
48.759942,-0.831235,-1.312464,0.223634,0.731636,0.787925,0.981391,-0.509597,-0.292480,0.134879,0.240549,-0.108340,0.433024,0.748351,-0.338488,0.488660,0.503629,-0.393668,-1.920005,1.069783,4.116508,1.135510,-0.004259,0.162075,0.018164,0.002701,0.050587,0.044389,-0.049268
48.761061,-0.830429,-1.321124,0.221946,0.731934,0.785768,0.981790,-0.509249,-0.293742,0.114889,0.236403,-0.103145,0.433370,0.748667,-0.338379,0.488655,0.503794,-0.393648,-1.920006,1.069839,4.116548,1.135463,-0.004290,0.163682,0.018414,0.002263,0.051982,0.042686,-0.049056
48.762010,-0.832641,-1.324307,0.223147,0.732949,0.783578,0.983257,-0.509461,-0.295362,0.093161,0.231466,-0.097056,0.433760,0.749061,-0.338253,0.488654,0.503954,-0.393633,-1.920006,1.069898,4.116583,1.135417,-0.002883,0.162659,0.017312,0.001149,0.053399,0.040086,-0.047812
48.763020,-0.834165,-1.324474,0.228630,0.732997,0.780907,0.983770,-0.509259,-0.296017,0.070268,0.226854,-0.089678,0.434020,0.749519,-0.338146,0.488652,0.504107,-0.393626,-1.920004,1.069955,4.116617,1.135370,-0.001817,0.160188,0.014142,0.000948,0.055317,0.038406,-0.047370
48.764082,-0.831760,-1.329062,0.220917,0.731274,0.778224,0.984838,-0.509495,-0.296017,0.070268,0.226854,-0.089678,0.434020,0.749519,-0.338146,0.488652,0.504107,-0.393626,-1.920004,1.069955,4.116617,1.135370,-0.001817,0.160188,0.014142,0.000948,0.055317,0.038406,-0.047370
48.764939,-0.831937,-1.331279,0.225243,0.733413,0.778072,0.986156,-0.509188,-0.291835,0.034157,0.222952,-0.077179,0.434106,0.750254,-0.338090,0.488646,0.504424,-0.393590,-1.920006,1.070067,4.116679,1.135281,-0.002314,0.158453,0.014788,0.000324,0.056650,0.033800,-0.045892
48.765937,-0.827277,-1.337640,0.221944,0.733862,0.777337,0.986581,-0.510016,-0.291835,0.034157,0.222952,-0.077179,0.434106,0.750254,-0.338090,0.488646,0.504424,-0.393590,-1.920006,1.070067,4.116679,1.135281,-0.002314,0.158453,0.014788,0.000324,0.056650,0.033800,-0.045892
48.766954,-0.825262,-1.341575,0.219993,0.733649,0.776037,0.986457,-0.509892,-0.285342,0.018455,0.224459,-0.070603,0.433773,0.750775,-0.338118,0.488639,0.504583,-0.393573,-1.920006,1.070124,4.116713,1.135241,-0.004303,0.159049,0.015935,-0.000208,0.056629,0.032224,-0.043398
48.767992,-0.827263,-1.345422,0.215337,0.733379,0.773609,0.986496,-0.510060,-0.273330,0.000558,0.229556,-0.061552,0.432966,0.751624,-0.338143,0.488634,0.504741,-0.393554,-1.920006,1.070185,4.116743,1.135201,-0.004948,0.158387,0.016355,-0.000100,0.057136,0.031197,-0.042833
48.769076,-0.826812,-1.348659,0.220230,0.734406,0.773518,0.986493,-0.510511,-0.259366,-0.020173,0.235435,-0.050524,0.431966,0.752705,-0.338167,0.488635,0.504897,-0.393534,-1.920005,1.070246,4.116771,1.135160,-0.003634,0.157710,0.018116,0.000010,0.058771,0.029992,-0.041640
48.770009,-0.826635,-1.349148,0.220848,0.735542,0.772930,0.988029,-0.510824,-0.247037,-0.042457,0.239668,-0.038703,0.431044,0.753809,-0.338183,0.488632,0.505050,-0.393524,-1.920009,1.070301,4.116795,1.135121,-0.003528,0.156735,0.015151,-0.001059,0.058080,0.028809,-0.039864
48.770964,-0.827780,-1.352839,0.218282,0.733330,0.770042,0.989123,-0.511379,-0.220063,-0.083023,0.250480,-0.015344,0.428971,0.755710,-0.338116,0.488628,0.505357,-0.393493,-1.920007,1.070425,4.116841,1.135050,-0.002867,0.154840,0.015639,-0.000047,0.060265,0.025472,-0.037553
48.772169,-0.829599,-1.353477,0.220472,0.734135,0.769935,0.990339,-0.511637,-0.220063,-0.083023,0.250480,-0.015344,0.428971,0.755710,-0.338116,0.488628,0.505357,-0.393493,-1.920007,1.070425,4.116841,1.135050,-0.002867,0.154840,0.015639,-0.000047,0.060265,0.025472,-0.037553
48.772981,-0.831046,-1.350170,0.218092,0.733623,0.768432,0.991293,-0.511613,-0.207920,-0.099290,0.255695,-0.005828,0.428056,0.756365,-0.338048,0.488629,0.505508,-0.393480,-1.920008,1.070484,4.116864,1.135015,-0.001963,0.153335,0.014377,-0.000841,0.059745,0.024116,-0.036904
48.773986,-0.831138,-1.351744,0.218102,0.735753,0.767648,0.991058,-0.512676,-0.195447,-0.115240,0.260683,0.003283,0.427232,0.756441,-0.337950,0.488627,0.505798,-0.393449,-1.920012,1.070607,4.116911,1.134947,-0.001186,0.148989,0.015192,-0.002380,0.060810,0.023132,-0.034536
48.774975,-0.832838,-1.354498,0.219382,0.735335,0.768413,0.991926,-0.512369,-0.195447,-0.115240,0.260683,0.003283,0.427232,0.756441,-0.337950,0.488627,0.505798,-0.393449,-1.920012,1.070607,4.116911,1.134947,-0.001186,0.148989,0.015192,-0.002380,0.060810,0.023132,-0.034536
48.775943,-0.834168,-1.354166,0.217473,0.736863,0.767515,0.992126,-0.512686,-0.194728,-0.115517,0.260655,0.003942,0.427241,0.755835,-0.337906,0.488629,0.505944,-0.393434,-1.920014,1.070668,4.116931,1.134911,-0.000346,0.148616,0.014366,-0.001889,0.059424,0.022134,-0.035033
48.777066,-0.833483,-1.357399,0.217595,0.736172,0.765747,0.992506,-0.513378,-0.197053,-0.114892,0.258734,0.004119,0.427449,0.754978,-0.337840,0.488628,0.506085,-0.393419,-1.920019,1.070729,4.116952,1.134880,0.000324,0.146748,0.015153,-0.003333,0.059724,0.021812,-0.034265
48.777968,-0.833620,-1.359462,0.219051,0.736727,0.763797,0.993149,-0.513359,-0.202430,-0.114761,0.254658,0.004405,0.427853,0.753933,-0.337737,0.488628,0.506230,-0.393406,-1.920018,1.070793,4.116973,1.134850,-0.000021,0.146637,0.014926,-0.002632,0.060864,0.021303,-0.032753
48.779021,-0.831781,-1.356823,0.216983,0.736588,0.762868,0.993342,-0.513979,-0.212693,-0.118984,0.246784,0.007296,0.428471,0.751707,-0.337417,0.488624,0.506508,-0.393378,-1.920024,1.070920,4.117006,1.134789,-0.000827,0.142987,0.014913,-0.002915,0.062461,0.020271,-0.031309
48.780047,-0.834634,-1.360486,0.217321,0.739174,0.762859,0.994130,-0.515128,-0.215051,-0.121209,0.245184,0.009450,0.428462,0.750516,-0.337221,0.488626,0.506651,-0.393365,-1.920032,1.070982,4.117022,1.134767,0.000587,0.143133,0.014575,-0.005333,0.061845,0.019383,-0.028911
48.780945,-0.833738,-1.353930,0.218201,0.736995,0.761596,0.996115,-0.515120,-0.216707,-0.121724,0.244546,0.011356,0.428314,0.749205,-0.337020,0.488626,0.506778,-0.393354,-1.920031,1.071043,4.117033,1.134738,0.000122,0.138278,0.013996,-0.003137,0.062514,0.017318,-0.028835
48.781970,-0.833338,-1.358266,0.214777,0.737828,0.760626,0.996224,-0.514627,-0.217704,-0.117369,0.245367,0.011186,0.428127,0.747696,-0.336852,0.488627,0.506920,-0.393333,-1.920033,1.071110,4.117052,1.134709,-0.000083,0.138796,0.015487,-0.003946,0.062809,0.017116,-0.029715
48.783024,-0.831880,-1.359044,0.218721,0.737587,0.759386,0.995755,-0.515230,-0.216950,-0.110125,0.248100,0.009795,0.427826,0.746106,-0.336723,0.488626,0.507054,-0.393324,-1.920035,1.071176,4.117072,1.134683,-0.000799,0.137569,0.013365,-0.003656,0.063386,0.017471,-0.028382
48.783962,-0.835572,-1.361787,0.214593,0.736610,0.759103,0.996666,-0.514469,-0.216950,-0.110125,0.248100,0.009795,0.427826,0.746106,-0.336723,0.488626,0.507054,-0.393324,-1.920035,1.071176,4.117072,1.134683,-0.000799,0.137569,0.013365,-0.003656,0.063386,0.017471,-0.028382
48.785071,-0.834979,-1.362302,0.214127,0.733950,0.756683,0.998483,-0.514724,-0.214915,-0.103596,0.251764,0.008635,0.427413,0.744548,-0.336621,0.488631,0.507190,-0.393305,-1.920037,1.071239,4.117083,1.134651,0.001006,0.137316,0.015246,-0.002623,0.063030,0.016482,-0.029806
48.786024,-0.833797,-1.364418,0.214642,0.734326,0.755308,0.999028,-0.515628,-0.219645,-0.093246,0.252198,0.003431,0.427336,0.741422,-0.336410,0.488629,0.507461,-0.393275,-1.920034,1.071379,4.117106,1.134600,0.000115,0.135380,0.014840,-0.000424,0.065443,0.013981,-0.027248
48.786989,-0.833661,-1.367046,0.215501,0.733544,0.753740,0.999281,-0.515905,-0.219645,-0.093246,0.252198,0.003431,0.427336,0.741422,-0.336410,0.488629,0.507461,-0.393275,-1.920034,1.071379,4.117106,1.134600,0.000115,0.135380,0.014840,-0.000424,0.065443,0.013981,-0.027248
48.788041,-0.832389,-1.368962,0.212874,0.733645,0.753373,0.999369,-0.516090,-0.222873,-0.089596,0.251487,-0.000149,0.427397,0.739998,-0.336228,0.488629,0.507592,-0.393263,-1.920032,1.071444,4.117120,1.134575,0.000052,0.135119,0.014264,0.000327,0.066355,0.013647,-0.026606
48.788990,-0.833270,-1.370561,0.211500,0.731575,0.751382,0.999920,-0.516992,-0.224168,-0.089082,0.251622,-0.002573,0.427250,0.738778,-0.335976,0.488627,0.507725,-0.393247,-1.920032,1.071513,4.117131,1.134550,-0.000566,0.134479,0.015393,0.000218,0.066026,0.013499,-0.026138
48.789957,-0.833700,-1.373151,0.214065,0.731677,0.749554,1.000660,-0.517020,-0.225089,-0.091879,0.251327,-0.003884,0.426985,0.737725,-0.335664,0.488627,0.507856,-0.393229,-1.920026,1.071580,4.117142,1.134531,-0.000113,0.133701,0.015866,0.002174,0.067361,0.012873,-0.024245
48.791049,-0.830228,-1.374700,0.213089,0.731795,0.748540,1.001435,-0.517174,-0.226242,-0.104238,0.249516,-0.004617,0.426216,0.736010,-0.334978,0.488625,0.508124,-0.393200,-1.920024,1.071719,4.117163,1.134487,-0.001634,0.132554,0.014722,0.001883,0.068803,0.011234,-0.023719
48.792055,-0.833314,-1.372250,0.214069,0.730450,0.747276,1.002729,-0.517584,-0.222365,-0.111275,0.251450,-0.004111,0.425530,0.735344,-0.334701,0.488627,0.508247,-0.393187,-1.920018,1.071788,4.117170,1.134467,-0.000079,0.129832,0.014060,0.003106,0.069376,0.009891,-0.022816
48.793026,-0.833483,-1.376730,0.210918,0.731349,0.746661,1.002920,-0.517326,-0.218094,-0.116346,0.253715,-0.004348,0.424947,0.734642,-0.334521,0.488629,0.508381,-0.393168,-1.920018,1.071857,4.117181,1.134445,-0.000027,0.130497,0.015427,0.002186,0.069296,0.009646,-0.023256
48.794119,-0.831511,-1.376376,0.213744,0.731526,0.744402,1.003828,-0.518070,-0.214579,-0.121408,0.255060,-0.004269,0.424546,0.733950,-0.334430,0.488625,0.508507,-0.393156,-1.920017,1.071934,4.117187,1.134429,-0.000979,0.128795,0.013838,0.001973,0.070805,0.008693,-0.021683
48.795011,-0.835023,-1.379782,0.211304,0.730586,0.742281,1.004222,-0.518459,-0.210893,-0.127481,0.255997,-0.003152,0.424262,0.733321,-0.334403,0.488630,0.508634,-0.393139,-1.920013,1.072008,4.117193,1.134410,0.000740,0.128983,0.014885,0.002831,0.072187,0.008268,-0.020835
48.795967,-0.829581,-1.379547,0.207535,0.730461,0.742679,1.004665,-0.518221,-0.210893,-0.127481,0.255997,-0.003152,0.424262,0.733321,-0.334403,0.488630,0.508634,-0.393139,-1.920013,1.072008,4.117193,1.134410,0.000740,0.128983,0.014885,0.002831,0.072187,0.008268,-0.020835
48.797002,-0.832549,-1.382006,0.209048,0.730861,0.740559,1.005332,-0.518805,-0.208494,-0.134331,0.255475,-0.001524,0.424230,0.732719,-0.334430,0.488624,0.508761,-0.393119,-1.920009,1.072079,4.117199,1.134389,-0.001946,0.127332,0.016539,0.002855,0.071048,0.007791,-0.021240
48.798008,-0.835433,-1.380164,0.210407,0.731270,0.739507,1.006062,-0.519475,-0.207280,-0.141738,0.253564,0.000503,0.424450,0.732135,-0.334475,0.488625,0.508888,-0.393105,-1.920007,1.072152,4.117203,1.134373,-0.000438,0.127043,0.015585,0.002407,0.072466,0.007097,-0.019992
48.799012,-0.833361,-1.385123,0.206673,0.728893,0.739114,1.006944,-0.520048,-0.207178,-0.148430,0.250572,0.002581,0.424872,0.731488,-0.334486,0.488630,0.509010,-0.393091,-1.920005,1.072229,4.117209,1.134356,0.000941,0.124644,0.014735,0.001956,0.072735,0.006327,-0.018586
48.800042,-0.831335,-1.383805,0.206780,0.730319,0.735673,1.007147,-0.520817,-0.209626,-0.153424,0.245693,0.003835,0.425571,0.730711,-0.334437,0.488629,0.509137,-0.393072,-1.919996,1.072302,4.117212,1.134344,-0.000105,0.125633,0.016402,0.004122,0.072393,0.005425,-0.017391
48.801035,-0.833272,-1.387031,0.208884,0.728947,0.734776,1.007386,-0.521008,-0.215598,-0.159731,0.235131,0.004280,0.427174,0.729079,-0.334228,0.488629,0.509382,-0.393044,-1.919991,1.072456,4.117222,1.134314,-0.000132,0.123636,0.014939,0.003952,0.075191,0.004932,-0.015359
48.802043,-0.834701,-1.390477,0.204281,0.729669,0.733075,1.008097,-0.522222,-0.217719,-0.162428,0.230431,0.004369,0.427820,0.728308,-0.334141,0.488631,0.509504,-0.393024,-1.919988,1.072536,4.117223,1.134305,0.000559,0.123896,0.017032,0.003131,0.076103,0.004212,-0.012876
48.803001,-0.833192,-1.392361,0.207250,0.730295,0.731547,1.007445,-0.522585,-0.221724,-0.168217,0.223835,0.005727,0.428424,0.727660,-0.334088,0.488629,0.509627,-0.393012,-1.919985,1.072615,4.117228,1.134293,-0.000189,0.123350,0.015364,0.002443,0.076844,0.004849,-0.012120
48.803986,-0.831931,-1.393752,0.206018,0.732562,0.731243,1.007959,-0.523437,-0.221724,-0.168217,0.223835,0.005727,0.428424,0.727660,-0.334088,0.488629,0.509627,-0.393012,-1.919985,1.072615,4.117228,1.134293,-0.000189,0.123350,0.015364,0.002443,0.076844,0.004849,-0.012120
48.805100,-0.831926,-1.394851,0.206650,0.731814,0.728930,1.007513,-0.522560,-0.224490,-0.177535,0.217645,0.009522,0.428708,0.727196,-0.334067,0.488627,0.509750,-0.392996,-1.919989,1.072690,4.117230,1.134285,-0.000795,0.122572,0.015809,0.000250,0.076380,0.004310,-0.010373
48.806114,-0.836408,-1.397354,0.205016,0.731102,0.727937,1.008181,-0.522579,-0.223601,-0.189018,0.213916,0.015731,0.428516,0.726892,-0.334075,0.488626,0.509868,-0.392982,-1.919987,1.072769,4.117235,1.134268,-0.000770,0.121709,0.015317,0.000984,0.077922,0.004737,-0.012094
48.806962,-0.834422,-1.395854,0.204895,0.731355,0.725149,1.009837,-0.522779,-0.223141,-0.211081,0.206065,0.028400,0.427940,0.726182,-0.334155,0.488629,0.510102,-0.392948,-1.919986,1.072933,4.117236,1.134250,0.000423,0.119386,0.015792,0.001415,0.080075,0.002384,-0.011559
48.808116,-0.831732,-1.393162,0.205950,0.732802,0.723266,1.009377,-0.523364,-0.223963,-0.216199,0.202541,0.031972,0.427757,0.725531,-0.334155,0.488626,0.510212,-0.392936,-1.919989,1.073014,4.117242,1.134243,-0.000881,0.116710,0.015112,0.000011,0.081132,0.002829,-0.010355
48.809071,-0.834866,-1.396835,0.204832,0.732024,0.722351,1.008886,-0.524453,-0.221573,-0.214824,0.202609,0.033411,0.427427,0.724602,-0.334076,0.488629,0.510330,-0.392921,-1.919988,1.073097,4.117246,1.134241,0.000670,0.117170,0.015502,0.000798,0.081209,0.003296,-0.008161
48.810001,-0.834755,-1.397675,0.203461,0.731200,0.721044,1.009412,-0.524304,-0.221573,-0.214824,0.202609,0.033411,0.427427,0.724602,-0.334076,0.488629,0.510330,-0.392921,-1.919988,1.073097,4.117246,1.134241,0.000670,0.117170,0.015502,0.000798,0.081209,0.003296,-0.008161
48.810999,-0.838126,-1.392482,0.205214,0.734255,0.720683,1.008219,-0.525086,-0.220016,-0.200805,0.202723,0.030655,0.427410,0.721883,-0.333709,0.488635,0.510550,-0.392893,-1.919991,1.073262,4.117254,1.134228,0.002236,0.112310,0.014954,-0.001411,0.081226,0.003923,-0.006848
48.811945,-0.835396,-1.395469,0.203574,0.734951,0.718609,1.009272,-0.524864,-0.220016,-0.200805,0.202723,0.030655,0.427410,0.721883,-0.333709,0.488635,0.510550,-0.392893,-1.919991,1.073262,4.117254,1.134228,0.002236,0.112310,0.014954,-0.001411,0.081226,0.003923,-0.006848
48.813048,-0.836030,-1.394917,0.202628,0.733154,0.716848,1.009256,-0.524951,-0.222354,-0.187603,0.201757,0.026752,0.427813,0.719946,-0.333469,0.488633,0.510661,-0.392878,-1.919994,1.073347,4.117255,1.134222,0.000865,0.112502,0.015609,-0.002007,0.082461,0.002842,-0.007289
48.814060,-0.836045,-1.397008,0.202975,0.734816,0.715235,1.009292,-0.525543,-0.226984,-0.155626,0.201375,0.017601,0.428825,0.715477,-0.332976,0.488637,0.510876,-0.392847,-1.919996,1.073518,4.117257,1.134212,0.001154,0.110686,0.015536,-0.001816,0.084127,0.002820,-0.005875
48.814995,-0.835995,-1.398702,0.205055,0.733386,0.712780,1.009792,-0.525133,-0.226984,-0.155626,0.201375,0.017601,0.428825,0.715477,-0.332976,0.488637,0.510876,-0.392847,-1.919996,1.073518,4.117257,1.134212,0.001154,0.110686,0.015536,-0.001816,0.084127,0.002820,-0.005875
48.815985,-0.837409,-1.398640,0.203212,0.734357,0.710698,1.010278,-0.525678,-0.228051,-0.140126,0.202394,0.013165,0.429267,0.713221,-0.332744,0.488637,0.510984,-0.392834,-1.919992,1.073607,4.117261,1.134206,0.001125,0.110241,0.014330,-0.000455,0.085700,0.002289,-0.006691
48.817059,-0.836052,-1.398719,0.203067,0.732173,0.709073,1.010135,-0.525325,-0.226926,-0.113111,0.207050,0.005292,0.429694,0.708969,-0.332301,0.488642,0.511195,-0.392803,-1.919994,1.073787,4.117265,1.134197,0.001088,0.107715,0.014955,0.000794,0.087590,0.001930,-0.006270
48.818055,-0.835659,-1.397816,0.204123,0.731908,0.707219,1.009679,-0.525761,-0.225552,-0.097806,0.210667,-0.000500,0.429783,0.706811,-0.332095,0.488643,0.511297,-0.392789,-1.919992,1.073878,4.117268,1.134194,0.000889,0.106034,0.014260,0.001012,0.088536,0.002373,-0.005370
48.819025,-0.834316,-1.397531,0.201332,0.732420,0.706488,1.009940,-0.526488,-0.225552,-0.097806,0.210667,-0.000500,0.429783,0.706811,-0.332095,0.488643,0.511297,-0.392789,-1.919992,1.073878,4.117268,1.134194,0.000889,0.106034,0.014260,0.001012,0.088536,0.002373,-0.005370
48.820058,-0.836909,-1.398639,0.201141,0.732723,0.703390,1.011405,-0.526673,-0.219200,-0.059445,0.222351,-0.017067,0.429646,0.702275,-0.331676,0.488645,0.511501,-0.392755,-1.919992,1.074060,4.117273,1.134188,0.001501,0.104004,0.015343,0.000191,0.090563,0.000598,-0.003524
48.820985,-0.836150,-1.399877,0.200351,0.734543,0.700966,1.010190,-0.527429,-0.217822,-0.041905,0.226601,-0.024794,0.429526,0.700054,-0.331427,0.488645,0.511602,-0.392739,-1.919998,1.074155,4.117276,1.134189,0.001105,0.103410,0.015551,-0.001517,0.092026,0.001821,-0.002006
48.821973,-0.835508,-1.397435,0.198841,0.733458,0.699487,1.010385,-0.526886,-0.217947,-0.027314,0.229183,-0.030832,0.429355,0.697918,-0.331158,0.488645,0.511700,-0.392721,-1.919994,1.074250,4.117280,1.134182,0.000784,0.101000,0.016093,-0.000486,0.092546,0.001589,-0.003089
48.823086,-0.834846,-1.400064,0.198617,0.733418,0.697942,1.010513,-0.527619,-0.218585,-0.013806,0.231134,-0.036174,0.429190,0.695828,-0.330895,0.488645,0.511802,-0.392703,-1.919994,1.074348,4.117281,1.134183,0.000453,0.101118,0.015981,-0.000451,0.093114,0.001454,-0.001601
48.823980,-0.837116,-1.401725,0.196492,0.733589,0.695903,1.010445,-0.527356,-0.218585,-0.013806,0.231134,-0.036174,0.429190,0.695828,-0.330895,0.488645,0.511802,-0.392703,-1.919994,1.074348,4.117281,1.134183,0.000453,0.101118,0.015981,-0.000451,0.093114,0.001454,-0.001601
48.825110,-0.832432,-1.402094,0.194275,0.733037,0.692277,1.010629,-0.527732,-0.220573,-0.002556,0.231632,-0.040731,0.429174,0.693842,-0.330651,0.488648,0.511901,-0.392684,-1.919994,1.074446,4.117282,1.134180,0.001561,0.100750,0.016832,-0.000624,0.094176,0.001517,-0.002135
48.826035,-0.834140,-1.403583,0.194434,0.732384,0.690190,1.010059,-0.526860,-0.224479,0.004654,0.229919,-0.043829,0.429376,0.692032,-0.330422,0.488643,0.511997,-0.392664,-1.919993,1.074549,4.117288,1.134177,-0.000750,0.099781,0.017699,-0.000108,0.096789,0.001296,-0.001361
48.826955,-0.831854,-1.403265,0.190428,0.731537,0.685912,1.010803,-0.527952,-0.228474,0.008718,0.227453,-0.045784,0.429715,0.690404,-0.330203,0.488645,0.512095,-0.392647,-1.919991,1.074652,4.117290,1.134168,0.000112,0.099356,0.017402,0.000497,0.097829,0.001862,-0.003091
48.828035,-0.832335,-1.401185,0.191600,0.731668,0.682414,1.011316,-0.528446,-0.232163,0.011088,0.224732,-0.047418,0.430197,0.688910,-0.329971,0.488641,0.512191,-0.392624,-1.919988,1.074757,4.117290,1.134169,-0.001001,0.098030,0.019150,0.001287,0.101082,0.001105,-0.000874
48.829056,-0.834275,-1.402444,0.194582,0.731563,0.679352,1.011582,-0.527885,-0.235738,0.014091,0.221949,-0.049788,0.430821,0.687461,-0.329700,0.488642,0.512279,-0.392607,-1.919988,1.074864,4.117292,1.134173,-0.000764,0.095924,0.018334,0.001141,0.103497,0.000578,0.000084
48.829965,-0.831283,-1.403148,0.190599,0.730537,0.677311,1.011207,-0.527844,-0.238004,0.027595,0.220733,-0.057933,0.432007,0.684562,-0.329088,0.488641,0.512463,-0.392568,-1.919984,1.075084,4.117294,1.134169,-0.001294,0.094712,0.018396,0.002178,0.106385,0.000687,-0.001112
48.831044,-0.833515,-1.405495,0.188790,0.732163,0.674222,1.010926,-0.527704,-0.238004,0.027595,0.220733,-0.057933,0.432007,0.684562,-0.329088,0.488641,0.512463,-0.392568,-1.919984,1.075084,4.117294,1.134169,-0.001294,0.094712,0.018396,0.002178,0.106385,0.000687,-0.001112
48.832061,-0.831995,-1.404730,0.188117,0.731449,0.670577,1.010111,-0.527631,-0.239398,0.038317,0.219160,-0.064830,0.433130,0.682072,-0.328607,0.488641,0.512648,-0.392529,-1.919988,1.075313,4.117297,1.134167,-0.000932,0.093276,0.019145,0.001360,0.110852,0.001766,-0.001531
48.832972,-0.833392,-1.405410,0.186223,0.732172,0.668665,1.009669,-0.527673,-0.239398,0.038317,0.219160,-0.064830,0.433130,0.682072,-0.328607,0.488641,0.512648,-0.392529,-1.919988,1.075313,4.117297,1.134167,-0.000932,0.093276,0.019145,0.001360,0.110852,0.001766,-0.001531
48.834015,-0.831067,-1.408021,0.187655,0.732633,0.665523,1.009640,-0.526883,-0.242656,0.039825,0.215603,-0.066299,0.433693,0.680971,-0.328454,0.488643,0.512739,-0.392509,-1.919988,1.075427,4.117300,1.134167,-0.000240,0.092527,0.019858,0.000626,0.111606,0.002188,-0.001443
48.834989,-0.831840,-1.404504,0.184596,0.731719,0.662738,1.009149,-0.527546,-0.249087,0.036360,0.207331,-0.064943,0.434458,0.679117,-0.328241,0.488640,0.512919,-0.392467,-1.919986,1.075667,4.117305,1.134159,-0.000983,0.089903,0.020178,0.001047,0.115136,0.002682,-0.001655
48.835976,-0.833534,-1.403105,0.183977,0.734069,0.658984,1.010188,-0.527132,-0.251842,0.035421,0.203703,-0.063980,0.434734,0.678214,-0.328106,0.488640,0.513003,-0.392447,-1.919991,1.075789,4.117303,1.134159,-0.000135,0.088206,0.020230,-0.001198,0.117685,0.001637,-0.002504
48.837051,-0.829828,-1.402402,0.181190,0.733611,0.655744,1.009183,-0.527951,-0.255381,0.037254,0.199940,-0.063655,0.435016,0.677184,-0.327915,0.488634,0.513086,-0.392425,-1.919991,1.075914,4.117307,1.134161,-0.001944,0.086857,0.021370,-0.000713,0.119667,0.002638,-0.000850
48.838053,-0.832435,-1.407018,0.181290,0.732814,0.654007,1.009848,-0.527709,-0.258832,0.039671,0.196323,-0.063178,0.435228,0.676154,-0.327671,0.488636,0.513175,-0.392405,-1.919990,1.076036,4.117308,1.134160,-0.000627,0.088128,0.021067,0.000044,0.120172,0.001954,-0.001352
48.838960,-0.833144,-1.407904,0.179256,0.733250,0.650436,1.010561,-0.527812,-0.263829,0.038917,0.191058,-0.061687,0.435494,0.675286,-0.327391,0.488636,0.513259,-0.392383,-1.919991,1.076161,4.117308,1.134156,-0.000282,0.087536,0.021829,-0.000361,0.122506,0.001238,-0.001123
48.840030,-0.831227,-1.403713,0.181841,0.734071,0.646440,1.011244,-0.528181,-0.263829,0.038917,0.191058,-0.061687,0.435494,0.675286,-0.327391,0.488636,0.513259,-0.392383,-1.919991,1.076161,4.117308,1.134156,-0.000282,0.087536,0.021829,-0.000361,0.122506,0.001238,-0.001123
48.841030,-0.829339,-1.402273,0.179770,0.733783,0.645544,1.011083,-0.528177,-0.269527,0.035492,0.184894,-0.059241,0.435760,0.674587,-0.327088,0.488632,0.513338,-0.392366,-1.919996,1.076293,4.117310,1.134158,-0.001212,0.084472,0.020318,-0.001085,0.125188,0.000542,-0.000386
48.842037,-0.830425,-1.403624,0.181239,0.733521,0.641888,1.010978,-0.527600,-0.271466,0.034574,0.182035,-0.057344,0.435781,0.673916,-0.326777,0.488630,0.513417,-0.392345,-1.919994,1.076414,4.117314,1.134157,-0.002132,0.082823,0.021118,-0.000820,0.124845,0.000685,-0.000398
48.843108,-0.831817,-1.405829,0.179119,0.735061,0.639797,1.011105,-0.527329,-0.262903,0.041828,0.187425,-0.056163,0.435077,0.672578,-0.326198,0.488631,0.513579,-0.392303,-1.919999,1.076678,4.117316,1.134150,-0.000888,0.082673,0.020947,-0.001995,0.127965,0.000649,-0.002072
48.844056,-0.830499,-1.405904,0.180076,0.733350,0.639016,1.011410,-0.527795,-0.262903,0.041828,0.187425,-0.056163,0.435077,0.672578,-0.326198,0.488631,0.513579,-0.392303,-1.919999,1.076678,4.117316,1.134150,-0.000888,0.082673,0.020947,-0.001995,0.127965,0.000649,-0.002072
48.845083,-0.831532,-1.402152,0.181276,0.732839,0.638079,1.010514,-0.527836,-0.257367,0.042933,0.190845,-0.054379,0.434545,0.672083,-0.325911,0.488629,0.513658,-0.392286,-1.919997,1.076805,4.117317,1.134155,-0.001536,0.081745,0.020246,-0.000304,0.127457,0.000338,-0.001145
48.846064,-0.830638,-1.403481,0.180234,0.732556,0.636593,1.010904,-0.526823,-0.251435,0.044229,0.194809,-0.053166,0.433983,0.671616,-0.325615,0.488629,0.513732,-0.392268,-1.919997,1.076934,4.117318,1.134154,-0.001007,0.078963,0.019435,0.000195,0.127105,0.001240,-0.001064
48.847001,-0.831567,-1.401708,0.179667,0.734124,0.633951,1.010169,-0.527566,-0.237463,0.057832,0.206894,-0.057289,0.432878,0.670261,-0.325056,0.488628,0.513882,-0.392229,-1.920001,1.077187,4.117322,1.134149,-0.000974,0.076957,0.019774,-0.001017,0.128725,0.001559,-0.001575
48.848000,-0.830307,-1.402189,0.179153,0.733067,0.631357,1.009187,-0.528374,-0.237463,0.057832,0.206894,-0.057289,0.432878,0.670261,-0.325056,0.488628,0.513882,-0.392229,-1.920001,1.077187,4.117322,1.134149,-0.000974,0.076957,0.019774,-0.001017,0.128725,0.001559,-0.001575
48.849016,-0.830426,-1.403348,0.178645,0.732442,0.629460,1.010108,-0.528474,-0.230483,0.067034,0.213555,-0.060407,0.432209,0.669426,-0.324770,0.488626,0.513957,-0.392209,-1.919999,1.077320,4.117329,1.134152,-0.001589,0.076309,0.019796,0.000022,0.129983,0.002503,0.000033
48.850037,-0.834179,-1.402892,0.176368,0.734697,0.628786,1.009707,-0.527982,-0.223437,0.076290,0.220330,-0.063496,0.431394,0.668551,-0.324468,0.488626,0.514032,-0.392190,-1.919999,1.077450,4.117327,1.134152,-0.001521,0.075987,0.019818,0.000643,0.130579,0.001572,0.000221
48.851029,-0.833741,-1.401449,0.177535,0.733598,0.627708,1.008389,-0.527694,-0.218275,0.088091,0.226088,-0.067319,0.429862,0.666820,-0.323877,0.488630,0.514175,-0.392152,-1.920003,1.077709,4.117337,1.134147,0.000080,0.073313,0.019904,-0.000417,0.129725,0.003256,-0.001329
48.852024,-0.834468,-1.400660,0.179331,0.733330,0.626106,1.009211,-0.527448,-0.218275,0.088091,0.226088,-0.067319,0.429862,0.666820,-0.323877,0.488630,0.514175,-0.392152,-1.920003,1.077709,4.117337,1.134147,0.000080,0.073313,0.019904,-0.000417,0.129725,0.003256,-0.001329
48.853075,-0.833648,-1.403395,0.178586,0.735027,0.623506,1.009441,-0.528615,-0.221048,0.092735,0.224786,-0.068902,0.429263,0.665816,-0.323605,0.488630,0.514247,-0.392135,-1.920003,1.077838,4.117334,1.134145,0.000447,0.072061,0.018806,-0.000155,0.130047,0.002431,-0.001812
48.854128,-0.833265,-1.399871,0.180286,0.734136,0.623613,1.008743,-0.527889,-0.223491,0.097308,0.223779,-0.070252,0.428544,0.664794,-0.323334,0.488628,0.514320,-0.392116,-1.920008,1.077976,4.117336,1.134149,0.000054,0.072560,0.018964,-0.001762,0.131279,0.002194,0.000534
48.855039,-0.832895,-1.399124,0.180692,0.735083,0.622827,1.009316,-0.528676,-0.220363,0.103652,0.227391,-0.069598,0.426259,0.662980,-0.322731,0.488627,0.514450,-0.392081,-1.920008,1.078232,4.117340,1.134146,-0.000310,0.068851,0.017483,-0.001804,0.129374,0.002294,0.000657
48.856043,-0.834192,-1.401504,0.179367,0.733714,0.621188,1.008434,-0.528461,-0.220363,0.103652,0.227391,-0.069598,0.426259,0.662980,-0.322731,0.488627,0.514450,-0.392081,-1.920008,1.078232,4.117340,1.134146,-0.000310,0.068851,0.017483,-0.001804,0.129374,0.002294,0.000657
48.856988,-0.831397,-1.399254,0.178283,0.735231,0.622795,1.008426,-0.528534,-0.214565,0.108142,0.232651,-0.069100,0.424822,0.662096,-0.322384,0.488629,0.514520,-0.392062,-1.920004,1.078364,4.117344,1.134146,0.000322,0.069213,0.017925,-0.000505,0.129704,0.003163,0.000208
48.857978,-0.831969,-1.400029,0.178701,0.732558,0.620020,1.008846,-0.527832,-0.208328,0.111510,0.238081,-0.068136,0.423370,0.661287,-0.322016,0.488625,0.514583,-0.392043,-1.920010,1.078482,4.117346,1.134147,-0.001037,0.067313,0.018237,-0.001914,0.126888,0.003150,0.000359
48.859080,-0.835862,-1.397979,0.176127,0.735228,0.619521,1.009843,-0.529316,-0.201497,0.114268,0.243842,-0.067125,0.421955,0.660561,-0.321653,0.488624,0.514647,-0.392026,-1.920004,1.078614,4.117346,1.134144,-0.000728,0.066951,0.017816,0.000664,0.128384,0.002728,-0.001048
48.859977,-0.835100,-1.398886,0.178527,0.733492,0.618162,1.010075,-0.528318,-0.196106,0.117037,0.248499,-0.066693,0.420764,0.659870,-0.321312,0.488629,0.514707,-0.392004,-1.920011,1.078741,4.117344,1.134151,0.001171,0.065188,0.018849,-0.001879,0.127595,0.001733,0.001932
48.860983,-0.833703,-1.393950,0.176138,0.732365,0.617010,1.008705,-0.527923,-0.194925,0.119085,0.249864,-0.066604,0.419952,0.659187,-0.321009,0.488629,0.514771,-0.391989,-1.920008,1.078868,4.117348,1.134147,0.000767,0.064896,0.017444,-0.000187,0.127689,0.001490,-0.000095
48.862005,-0.834800,-1.396148,0.177874,0.732896,0.615883,1.008445,-0.526830,-0.196132,0.122562,0.249698,-0.067792,0.419423,0.658463,-0.320777,0.488626,0.514826,-0.391969,-1.920006,1.078995,4.117354,1.134144,0.000103,0.061739,0.018434,0.000885,0.127568,0.002840,-0.000861
48.863028,-0.833257,-1.395618,0.173083,0.733525,0.613992,1.009782,-0.527642,-0.197509,0.129774,0.250068,-0.071267,0.419039,0.657622,-0.320627,0.488628,0.514888,-0.391955,-1.920008,1.079122,4.117355,1.134137,0.000649,0.062127,0.017374,0.000387,0.127423,0.003080,-0.003035
48.864017,-0.835834,-1.398554,0.175702,0.733132,0.616009,1.008948,-0.527501,-0.199181,0.137497,0.250294,-0.075210,0.418665,0.656780,-0.320509,0.488626,0.514948,-0.391931,-1.920008,1.079249,4.117355,1.134140,-0.000114,0.061129,0.019516,-0.000243,0.128051,0.001731,-0.001383
48.864958,-0.831380,-1.392409,0.177320,0.732341,0.615039,1.009361,-0.527982,-0.202279,0.141236,0.248725,-0.077485,0.418259,0.656120,-0.320367,0.488629,0.515010,-0.391916,-1.920006,1.079368,4.117359,1.134138,0.001151,0.061869,0.017990,0.000110,0.124811,0.002561,-0.001675
48.865954,-0.834315,-1.392078,0.175540,0.733288,0.616021,1.008615,-0.527828,-0.204833,0.142379,0.247099,-0.078685,0.417733,0.655624,-0.320171,0.488624,0.515060,-0.391900,-1.920005,1.079489,4.117359,1.134137,-0.001045,0.058150,0.016987,0.000889,0.124595,0.002134,-0.000699
48.867059,-0.834157,-1.393311,0.172549,0.732531,0.617334,1.009206,-0.528840,-0.203134,0.150938,0.249882,-0.083550,0.416132,0.654567,-0.319633,0.488627,0.515172,-0.391862,-1.920006,1.079717,4.117367,1.134142,0.000323,0.057290,0.018944,0.000713,0.120001,0.002243,0.001010
48.868024,-0.835121,-1.394001,0.176363,0.732748,0.617284,1.009593,-0.528918,-0.203134,0.150938,0.249882,-0.083550,0.416132,0.654567,-0.319633,0.488627,0.515172,-0.391862,-1.920006,1.079717,4.117367,1.134142,0.000323,0.057290,0.018944,0.000713,0.120001,0.002243,0.001010
48.868929,-0.834745,-1.394375,0.171348,0.734302,0.618150,1.009577,-0.528803,-0.205038,0.153980,0.248921,-0.085982,0.415396,0.654083,-0.319313,0.488629,0.515228,-0.391849,-1.920006,1.079838,4.117367,1.134142,0.000787,0.056969,0.016850,0.000488,0.118855,0.001852,0.001146
48.870063,-0.832107,-1.390787,0.172397,0.733512,0.617803,1.009945,-0.528457,-0.208849,0.152789,0.245828,-0.086718,0.414660,0.653813,-0.318983,0.488629,0.515282,-0.391827,-1.920010,1.079949,4.117371,1.134142,0.000592,0.056498,0.019132,-0.000986,0.116871,0.001847,0.000912
48.870981,-0.829997,-1.396539,0.173536,0.732733,0.617805,1.008431,-0.527463,-0.215847,0.140923,0.238457,-0.082821,0.412882,0.653905,-0.318385,0.488622,0.515392,-0.391796,-1.920006,1.080175,4.117376,1.134134,-0.001701,0.056286,0.017632,0.000513,0.114963,0.002980,-0.001754
48.872027,-0.832750,-1.395068,0.174618,0.733403,0.617423,1.008465,-0.527314,-0.215847,0.140923,0.238457,-0.082821,0.412882,0.653905,-0.318385,0.488622,0.515392,-0.391796,-1.920006,1.080175,4.117376,1.134134,-0.001701,0.056286,0.017632,0.000513,0.114963,0.002980,-0.001754
48.873048,-0.834263,-1.392108,0.170898,0.732251,0.617050,1.007741,-0.527804,-0.213653,0.130685,0.238327,-0.078232,0.411593,0.654352,-0.318123,0.488624,0.515443,-0.391781,-1.920006,1.080289,4.117380,1.134132,-0.000324,0.054907,0.016918,-0.000171,0.114210,0.002909,-0.002028
48.874096,-0.834373,-1.391937,0.170733,0.732902,0.617288,1.008443,-0.527761,-0.211122,0.118368,0.238156,-0.072779,0.410303,0.654905,-0.317853,0.488626,0.515491,-0.391761,-1.920002,1.080402,4.117382,1.134134,0.000405,0.052846,0.018562,0.000906,0.113451,0.003628,-0.001040
48.874954,-0.833813,-1.389816,0.171782,0.734342,0.617043,1.009498,-0.528008,-0.212529,0.107374,0.235275,-0.068543,0.409359,0.655309,-0.317554,0.488626,0.515539,-0.391743,-1.920003,1.080514,4.117382,1.134133,0.000453,0.052193,0.018413,0.000271,0.112090,0.002909,-0.001134
48.876086,-0.836652,-1.388195,0.176945,0.733439,0.617658,1.009214,-0.528088,-0.216791,0.098049,0.230486,-0.065244,0.408671,0.655589,-0.317206,0.488623,0.515588,-0.391727,-1.920008,1.080620,4.117383,1.134133,0.000196,0.050544,0.017691,-0.001072,0.111274,0.001845,-0.000636
48.877040,-0.832674,-1.386635,0.173051,0.733266,0.617129,1.007616,-0.528221,-0.220269,0.091275,0.226681,-0.062535,0.407987,0.655791,-0.316799,0.488629,0.515635,-0.391717,-1.920006,1.080723,4.117387,1.134133,0.001570,0.049172,0.014966,-0.000193,0.109630,0.002122,-0.000480
48.877963,-0.834716,-1.388550,0.174634,0.733274,0.618504,1.007193,-0.527474,-0.220936,0.088997,0.225785,-0.061264,0.407235,0.655845,-0.316343,0.488625,0.515679,-0.391695,-1.920006,1.080828,4.117390,1.134135,-0.000413,0.047859,0.016693,-0.000027,0.109115,0.003713,-0.000219
48.879064,-0.832379,-1.386815,0.173094,0.733730,0.617019,1.007469,-0.527481,-0.219003,0.089904,0.227419,-0.061075,0.406441,0.655779,-0.315853,0.488627,0.515727,-0.391682,-1.920006,1.080927,4.117394,1.134132,0.000615,0.048258,0.015721,-0.000036,0.106735,0.004100,-0.001719
48.880020,-0.832288,-1.386965,0.175601,0.733172,0.618633,1.006560,-0.527101,-0.215467,0.090932,0.230301,-0.060648,0.405609,0.655715,-0.315344,0.488624,0.515772,-0.391667,-1.920008,1.081038,4.117396,1.134131,-0.000535,0.046830,0.016316,-0.000444,0.107133,0.003808,-0.001685
48.880956,-0.834294,-1.386358,0.172973,0.731913,0.620137,1.008048,-0.527304,-0.209704,0.091462,0.234790,-0.059578,0.404633,0.655727,-0.314832,0.488624,0.515818,-0.391655,-1.920006,1.081138,4.117400,1.134130,-0.000570,0.046369,0.014902,0.000089,0.104487,0.004703,-0.002451
48.881973,-0.830285,-1.383057,0.176177,0.733138,0.619781,1.007602,-0.527271,-0.202775,0.092094,0.240222,-0.058622,0.403596,0.655803,-0.314334,0.488625,0.515860,-0.391635,-1.920002,1.081233,4.117401,1.134131,0.000428,0.045556,0.016008,0.001258,0.102033,0.003183,-0.002036
48.882973,-0.833078,-1.383142,0.173590,0.736578,0.620482,1.008357,-0.527632,-0.186415,0.096409,0.253593,-0.058102,0.401407,0.656054,-0.313423,0.488623,0.515941,-0.391604,-1.920014,1.081426,4.117405,1.134131,-0.000144,0.042975,0.015326,-0.003186,0.099769,0.002860,-0.001377
48.884027,-0.829737,-1.382125,0.173222,0.733217,0.621569,1.007792,-0.527299,-0.186415,0.096409,0.253593,-0.058102,0.401407,0.656054,-0.313423,0.488623,0.515941,-0.391604,-1.920014,1.081426,4.117405,1.134131,-0.000144,0.042975,0.015326,-0.003186,0.099769,0.002860,-0.001377
48.885065,-0.830559,-1.383544,0.173851,0.733587,0.621155,1.008467,-0.528090,-0.176279,0.097751,0.261503,-0.056045,0.400061,0.656273,-0.312995,0.488619,0.515981,-0.391590,-1.920006,1.081523,4.117410,1.134129,-0.001799,0.041988,0.015327,0.000054,0.097710,0.003407,-0.002051
48.885946,-0.832816,-1.379751,0.170770,0.731952,0.621691,1.007254,-0.527521,-0.166091,0.098086,0.269187,-0.053423,0.398734,0.656570,-0.312591,0.488621,0.516023,-0.391576,-1.920008,1.081618,4.117411,1.134132,-0.001391,0.042195,0.014845,-0.000301,0.097194,0.002716,-0.000457
48.887044,-0.834240,-1.381017,0.175004,0.732748,0.622512,1.006990,-0.527794,-0.157685,0.098576,0.275503,-0.051629,0.397648,0.656858,-0.312227,0.488623,0.516059,-0.391559,-1.920004,1.081713,4.117416,1.134128,-0.000281,0.039846,0.016193,0.001260,0.095696,0.003914,-0.001604
48.888034,-0.835508,-1.379535,0.175587,0.733646,0.623133,1.008003,-0.527378,-0.153962,0.102292,0.278853,-0.052196,0.396745,0.656949,-0.311615,0.488626,0.516134,-0.391537,-1.920008,1.081898,4.117421,1.134127,0.001028,0.038849,0.013502,-0.000366,0.092398,0.003115,-0.001884
48.888973,-0.833180,-1.379922,0.174030,0.732382,0.623537,1.007272,-0.526786,-0.153962,0.102292,0.278853,-0.052196,0.396745,0.656949,-0.311615,0.488626,0.516134,-0.391537,-1.920008,1.081898,4.117421,1.134127,0.001028,0.038849,0.013502,-0.000366,0.092398,0.003115,-0.001884
48.889992,-0.834992,-1.378985,0.176108,0.732893,0.623284,1.008341,-0.527209,-0.155250,0.103241,0.278110,-0.052430,0.396596,0.656880,-0.311320,0.488622,0.516173,-0.391522,-1.920004,1.081985,4.117425,1.134123,-0.000108,0.038581,0.014115,0.000825,0.091134,0.003836,-0.003056
48.891001,-0.833037,-1.374619,0.177916,0.732877,0.624516,1.007899,-0.527324,-0.156744,0.103057,0.277060,-0.052196,0.396479,0.656821,-0.311017,0.488623,0.516207,-0.391511,-1.920004,1.082073,4.117425,1.134124,0.000806,0.037701,0.012926,0.000297,0.090512,0.002750,-0.002193
48.891958,-0.835920,-1.375338,0.174928,0.734476,0.624697,1.008231,-0.527139,-0.156516,0.103575,0.277469,-0.052046,0.396238,0.656754,-0.310689,0.488621,0.516238,-0.391500,-1.920004,1.082155,4.117429,1.134123,-0.000169,0.035131,0.011892,0.000319,0.088442,0.003182,-0.001967
48.893019,-0.836165,-1.370080,0.177972,0.733114,0.623873,1.006926,-0.528497,-0.154516,0.106071,0.279570,-0.052221,0.395831,0.656621,-0.310326,0.488625,0.516274,-0.391484,-1.920008,1.082240,4.117430,1.134120,0.001250,0.035085,0.013214,-0.001203,0.087419,0.002840,-0.002329
48.894029,-0.832113,-1.368460,0.177763,0.732832,0.625814,1.007696,-0.528180,-0.153285,0.110466,0.281428,-0.052841,0.395396,0.656349,-0.309932,0.488627,0.516300,-0.391474,-1.920004,1.082326,4.117437,1.134127,0.001340,0.032111,0.011542,0.000094,0.087395,0.004120,0.000388
48.894983,-0.833251,-1.369722,0.174370,0.734731,0.626797,1.007877,-0.528666,-0.146382,0.131649,0.290515,-0.058683,0.394143,0.655338,-0.309163,0.488623,0.516361,-0.391444,-1.920008,1.082484,4.117442,1.134127,-0.000072,0.031232,0.013021,-0.001461,0.082876,0.003121,0.000711
48.896032,-0.834017,-1.365545,0.176083,0.732724,0.626857,1.007826,-0.529435,-0.146382,0.131649,0.290515,-0.058683,0.394143,0.655338,-0.309163,0.488623,0.516361,-0.391444,-1.920008,1.082484,4.117442,1.134127,-0.000072,0.031232,0.013021,-0.001461,0.082876,0.003121,0.000711
48.896980,-0.832683,-1.365901,0.172047,0.733958,0.627181,1.006454,-0.529478,-0.141542,0.143371,0.296091,-0.061699,0.393308,0.654883,-0.308838,0.488623,0.516386,-0.391435,-1.920004,1.082565,4.117444,1.134129,0.000308,0.028815,0.012028,0.000491,0.082013,0.003161,0.002245
48.897963,-0.834587,-1.366284,0.174477,0.732542,0.627052,1.006986,-0.528126,-0.138810,0.154984,0.299901,-0.064922,0.392539,0.654427,-0.308584,0.488621,0.516415,-0.391419,-1.920008,1.082641,4.117451,1.134128,-0.000342,0.028670,0.013885,-0.000681,0.080924,0.004509,0.002319
48.899069,-0.835620,-1.368025,0.176954,0.732698,0.629849,1.007002,-0.527918,-0.138707,0.165177,0.301327,-0.067937,0.391848,0.653986,-0.308434,0.488622,0.516443,-0.391409,-1.920004,1.082717,4.117453,1.134122,0.000607,0.028523,0.012516,0.000667,0.080298,0.003947,-0.000386
48.900025,-0.837533,-1.365109,0.174592,0.734053,0.632816,1.007002,-0.527353,-0.140788,0.171432,0.300356,-0.069788,0.391183,0.653679,-0.308393,0.488626,0.516474,-0.391400,-1.920004,1.082784,4.117458,1.134120,0.001073,0.029032,0.011174,0.000496,0.076805,0.003903,-0.000772
48.900976,-0.833912,-1.362873,0.173742,0.732796,0.634074,1.007571,-0.528666,-0.152196,0.171290,0.290876,-0.069460,0.390114,0.653493,-0.308459,0.488623,0.516518,-0.391373,-1.920004,1.082923,4.117463,1.134124,0.000232,0.025906,0.012471,0.000421,0.071210,0.003297,0.000739
48.902047,-0.834743,-1.362177,0.174954,0.734037,0.634619,1.007892,-0.527454,-0.159318,0.169094,0.284708,-0.068700,0.389711,0.653485,-0.308478,0.488627,0.516542,-0.391363,-1.920006,1.082991,4.117467,1.134115,0.000630,0.025275,0.011731,-0.000793,0.069985,0.002957,-0.001701
48.903067,-0.836121,-1.361320,0.174415,0.734458,0.635700,1.008068,-0.527785,-0.165343,0.165833,0.279171,-0.067245,0.389271,0.653561,-0.308470,0.488627,0.516564,-0.391350,-1.920008,1.083053,4.117471,1.134117,0.001316,0.024583,0.011859,-0.001166,0.068281,0.002759,-0.001016
48.903991,-0.834862,-1.357959,0.171984,0.734402,0.637741,1.007501,-0.529294,-0.165343,0.165833,0.279171,-0.067245,0.389271,0.653561,-0.308470,0.488627,0.516564,-0.391350,-1.920008,1.083053,4.117471,1.134117,0.001316,0.024583,0.011859,-0.001166,0.068281,0.002759,-0.001016
48.905093,-0.837352,-1.355967,0.175264,0.734402,0.640192,1.006939,-0.529224,-0.171916,0.161403,0.273022,-0.065095,0.388921,0.653670,-0.308423,0.488626,0.516583,-0.391336,-1.920009,1.083112,4.117475,1.134122,0.000692,0.022663,0.012910,-0.001094,0.065640,0.003305,0.002004
48.906036,-0.832944,-1.356140,0.172585,0.733558,0.641699,1.007055,-0.528695,-0.179658,0.158112,0.266204,-0.063527,0.388799,0.653688,-0.308342,0.488629,0.516603,-0.391327,-1.920010,1.083171,4.117480,1.134121,0.001915,0.021437,0.011135,-0.001055,0.062596,0.003841,0.001838
48.907042,-0.833358,-1.355193,0.171974,0.733223,0.642073,1.006526,-0.527785,-0.192586,0.156110,0.255474,-0.062950,0.389041,0.653612,-0.308226,0.488624,0.516643,-0.391299,-1.920006,1.083288,4.117486,1.134117,-0.000029,0.020573,0.012467,0.000025,0.059568,0.004215,-0.001039
48.908055,-0.835675,-1.349733,0.173438,0.733282,0.643298,1.006386,-0.528102,-0.192586,0.156110,0.255474,-0.062950,0.389041,0.653612,-0.308226,0.488624,0.516643,-0.391299,-1.920006,1.083288,4.117486,1.134117,-0.000029,0.020573,0.012467,0.000025,0.059568,0.004215,-0.001039
48.908913,-0.834664,-1.347569,0.172619,0.732413,0.644448,1.006004,-0.527960,-0.197011,0.156544,0.251983,-0.063729,0.389300,0.653599,-0.308230,0.488623,0.516656,-0.391291,-1.920008,1.083343,4.117493,1.134116,0.001142,0.017664,0.011623,0.000010,0.057788,0.004312,-0.000378
48.909980,-0.834826,-1.348448,0.171359,0.732717,0.646218,1.007280,-0.527941,-0.201649,0.161397,0.249146,-0.066882,0.389717,0.653368,-0.308252,0.488623,0.516671,-0.391277,-1.920005,1.083395,4.117497,1.134115,0.000628,0.016422,0.011882,0.000808,0.056113,0.004670,-0.000665
48.910992,-0.835144,-1.345840,0.174754,0.732134,0.648477,1.006232,-0.528306,-0.206720,0.169774,0.246599,-0.072041,0.390251,0.652955,-0.308259,0.488625,0.516688,-0.391265,-1.920004,1.083444,4.117496,1.134114,0.000692,0.016670,0.012362,0.000482,0.053851,0.003384,-0.000697
48.911942,-0.835511,-1.345016,0.174653,0.734055,0.649699,1.007026,-0.528368,-0.215200,0.186049,0.242710,-0.082704,0.391165,0.652185,-0.308127,0.488625,0.516714,-0.391250,-1.920008,1.083538,4.117506,1.134115,0.001030,0.014631,0.010527,-0.000782,0.049430,0.003580,0.000154
48.912987,-0.832547,-1.343790,0.172444,0.733010,0.651493,1.006562,-0.528802,-0.216565,0.191714,0.242538,-0.086309,0.391281,0.651985,-0.307974,0.488621,0.516728,-0.391237,-1.920005,1.083581,4.117513,1.134118,-0.000419,0.013857,0.011496,0.000213,0.047201,0.004019,0.001017
48.913956,-0.833884,-1.339271,0.174775,0.734756,0.653022,1.006454,-0.528577,-0.215587,0.195848,0.243829,-0.088484,0.391098,0.651939,-0.307787,0.488623,0.516734,-0.391232,-1.920010,1.083624,4.117517,1.134117,0.000253,0.011509,0.010242,-0.001436,0.045249,0.004098,0.000560
48.914977,-0.835389,-1.342330,0.173236,0.733695,0.654432,1.005481,-0.528322,-0.213611,0.198843,0.245653,-0.089507,0.390702,0.651987,-0.307600,0.488626,0.516750,-0.391219,-1.920010,1.083665,4.117523,1.134114,0.000960,0.012883,0.010872,-0.000342,0.043433,0.005045,0.000059
48.916051,-0.832209,-1.341500,0.173056,0.731990,0.656421,1.006059,-0.527669,-0.213611,0.198843,0.245653,-0.089507,0.390702,0.651987,-0.307600,0.488626,0.516750,-0.391219,-1.920010,1.083665,4.117523,1.134114,0.000960,0.012883,0.010872,-0.000342,0.043433,0.005045,0.000059
48.916986,-0.834290,-1.342527,0.174977,0.731949,0.658090,1.006575,-0.527512,-0.212422,0.198709,0.246375,-0.089195,0.390249,0.652202,-0.307433,0.488621,0.516761,-0.391209,-1.920005,1.083701,4.117524,1.134112,-0.000594,0.012321,0.010839,0.001240,0.041072,0.004442,-0.001245
48.917948,-0.832765,-1.340843,0.176387,0.732552,0.659885,1.006368,-0.528021,-0.211305,0.194780,0.246423,-0.087793,0.389770,0.652686,-0.307289,0.488624,0.516773,-0.391202,-1.920005,1.083734,4.117531,1.134108,0.000436,0.012698,0.009781,0.001262,0.039078,0.003885,-0.001535
48.919037,-0.832266,-1.339458,0.174027,0.732567,0.661654,1.005870,-0.527534,-0.204837,0.177171,0.248082,-0.081139,0.388447,0.654427,-0.306976,0.488622,0.516791,-0.391183,-1.920004,1.083800,4.117539,1.134107,-0.000565,0.010927,0.010054,0.000635,0.034856,0.004554,-0.001494
48.920079,-0.834920,-1.337796,0.175604,0.732899,0.663073,1.006142,-0.528362,-0.204837,0.177171,0.248082,-0.081139,0.388447,0.654427,-0.306976,0.488622,0.516791,-0.391183,-1.920004,1.083800,4.117539,1.134107,-0.000565,0.010927,0.010054,0.000635,0.034856,0.004554,-0.001494
48.920964,-0.830509,-1.335064,0.177198,0.733135,0.666951,1.006403,-0.528675,-0.200796,0.165574,0.249016,-0.076308,0.387660,0.655461,-0.306762,0.488626,0.516797,-0.391176,-1.920004,1.083829,4.117544,1.134111,0.000734,0.010027,0.009161,0.000304,0.033154,0.004247,0.000172
48.922088,-0.833244,-1.331091,0.174760,0.733138,0.665162,1.007349,-0.527975,-0.196649,0.154210,0.250052,-0.071307,0.386851,0.656463,-0.306501,0.488621,0.516802,-0.391169,-1.920005,1.083849,4.117545,1.134113,-0.001442,0.008600,0.008277,0.000076,0.029047,0.003977,0.000782
48.923105,-0.834107,-1.328573,0.176651,0.733459,0.668745,1.006919,-0.528909,-0.185137,0.141359,0.256078,-0.064310,0.385111,0.658048,-0.305953,0.488622,0.516808,-0.391151,-1.920006,1.083899,4.117556,1.134114,0.000363,0.005283,0.008341,-0.000221,0.026757,0.003400,0.001257
48.924022,-0.831242,-1.325992,0.173612,0.732928,0.670109,1.007435,-0.527643,-0.185137,0.141359,0.256078,-0.064310,0.385111,0.658048,-0.305953,0.488622,0.516808,-0.391151,-1.920006,1.083899,4.117556,1.134114,0.000363,0.005283,0.008341,-0.000221,0.026757,0.003400,0.001257
48.925031,-0.833395,-1.324820,0.177589,0.732243,0.669997,1.007438,-0.526651,-0.181474,0.141665,0.258581,-0.063609,0.384443,0.658456,-0.305729,0.488619,0.516812,-0.391140,-1.920006,1.083923,4.117556,1.134109,-0.001043,0.003945,0.009749,0.000317,0.025174,0.002875,-0.001298
48.926046,-0.831213,-1.324543,0.176788,0.733526,0.671676,1.007608,-0.527459,-0.174030,0.151781,0.265222,-0.066323,0.383231,0.658800,-0.305453,0.488617,0.516816,-0.391128,-1.920008,1.083967,4.117564,1.134110,-0.001034,0.003181,0.008001,-0.000250,0.023163,0.002663,-0.001628
48.926980,-0.833012,-1.322977,0.177281,0.732057,0.673151,1.006475,-0.527528,-0.174030,0.151781,0.265222,-0.066323,0.383231,0.658800,-0.305453,0.488617,0.516816,-0.391128,-1.920008,1.083967,4.117564,1.134110,-0.001034,0.003181,0.008001,-0.000250,0.023163,0.002663,-0.001628
48.928113,-0.832081,-1.323964,0.177638,0.732543,0.672993,1.006537,-0.527514,-0.168641,0.156833,0.269845,-0.067305,0.382474,0.658935,-0.305346,0.488619,0.516817,-0.391119,-1.920004,1.083983,4.117569,1.134105,-0.000135,0.002385,0.007640,0.001153,0.021529,0.003775,-0.001486
48.929027,-0.829038,-1.319240,0.179461,0.731019,0.675545,1.008484,-0.528039,-0.163296,0.159650,0.274114,-0.067311,0.381654,0.659086,-0.305225,0.488617,0.516819,-0.391111,-1.920006,1.084002,4.117574,1.134104,-0.000589,0.002861,0.007368,0.000691,0.021521,0.003674,-0.001514
48.930070,-0.834047,-1.319451,0.180920,0.732845,0.677574,1.008598,-0.527588,-0.146751,0.162233,0.286708,-0.065906,0.379474,0.659583,-0.304888,0.488620,0.516816,-0.391101,-1.920006,1.084027,4.117575,1.134104,0.000385,0.000641,0.005603,0.000385,0.016665,0.001605,-0.001373
48.931071,-0.832067,-1.317634,0.175230,0.732606,0.678837,1.008435,-0.528373,-0.146751,0.162233,0.286708,-0.065906,0.379474,0.659583,-0.304888,0.488620,0.516816,-0.391101,-1.920006,1.084027,4.117575,1.134104,0.000385,0.000641,0.005603,0.000385,0.016665,0.001605,-0.001373
48.931989,-0.832878,-1.318954,0.178222,0.731068,0.680825,1.009267,-0.528486,-0.138719,0.162254,0.292722,-0.064603,0.378329,0.659884,-0.304672,0.488616,0.516814,-0.391088,-1.920005,1.084041,4.117577,1.134108,-0.000597,-0.000257,0.008329,0.000609,0.015273,0.001757,0.000207
48.933092,-0.834335,-1.317201,0.180594,0.732090,0.682624,1.007577,-0.528281,-0.135293,0.158856,0.294779,-0.062240,0.377437,0.660231,-0.304442,0.488618,0.516816,-0.391086,-1.920000,1.084051,4.117578,1.134108,-0.000198,0.000398,0.006762,0.002055,0.013176,0.000912,0.000418
48.934093,-0.831926,-1.312235,0.177519,0.732248,0.683352,1.008318,-0.528508,-0.134847,0.152247,0.294202,-0.059081,0.376757,0.660665,-0.304225,0.488618,0.516812,-0.391082,-1.920002,1.084057,4.117588,1.134108,0.000529,-0.000447,0.005531,0.001055,0.011318,0.002567,0.000004
48.934945,-0.832169,-1.314722,0.181099,0.730822,0.685844,1.007476,-0.527861,-0.135397,0.137811,0.292163,-0.052283,0.375589,0.661462,-0.303941,0.488616,0.516806,-0.391072,-1.919997,1.084067,4.117593,1.134105,-0.000527,-0.001590,0.005153,0.002226,0.007991,0.002625,-0.000834
48.936069,-0.834994,-1.313163,0.180881,0.729452,0.686015,1.006133,-0.528346,-0.135397,0.137811,0.292163,-0.052283,0.375589,0.661462,-0.303941,0.488616,0.516806,-0.391072,-1.919997,1.084067,4.117593,1.134105,-0.000527,-0.001590,0.005153,0.002226,0.007991,0.002625,-0.000834
48.936989,-0.834209,-1.311755,0.179328,0.730527,0.687832,1.006362,-0.527479,-0.135042,0.131593,0.291938,-0.049671,0.375086,0.661771,-0.303883,0.488619,0.516802,-0.391067,-1.919993,1.084075,4.117599,1.134106,0.000854,-0.002344,0.005221,0.003492,0.007763,0.003938,0.000154
48.938022,-0.830951,-1.305730,0.181307,0.727996,0.689523,1.006034,-0.527345,-0.139186,0.121360,0.288493,-0.047735,0.374673,0.662001,-0.303892,0.488616,0.516787,-0.391057,-1.919983,1.084081,4.117602,1.134098,-0.001153,-0.005909,0.004885,0.004718,0.004175,0.004010,-0.001830
48.939043,-0.832249,-1.309411,0.179338,0.730582,0.690941,1.006534,-0.528100,-0.139186,0.121360,0.288493,-0.047735,0.374673,0.662001,-0.303892,0.488616,0.516787,-0.391057,-1.919983,1.084081,4.117602,1.134098,-0.001153,-0.005909,0.004885,0.004718,0.004175,0.004010,-0.001830
48.940010,-0.834174,-1.308174,0.180902,0.728734,0.691301,1.005654,-0.527951,-0.139955,0.119471,0.288751,-0.050228,0.374338,0.661771,-0.303922,0.488619,0.516782,-0.391046,-1.919981,1.084082,4.117610,1.134102,0.000440,-0.004599,0.004954,0.003932,0.002406,0.004349,-0.000635
48.941007,-0.833909,-1.307823,0.180443,0.730557,0.691262,1.005959,-0.527630,-0.139955,0.119471,0.288751,-0.050228,0.374338,0.661771,-0.303922,0.488619,0.516782,-0.391046,-1.919981,1.084082,4.117610,1.134102,0.000440,-0.004599,0.004954,0.003932,0.002406,0.004349,-0.000635
48.942024,-0.834751,-1.304422,0.183557,0.729531,0.692658,1.007809,-0.527907,-0.144642,0.106732,0.283640,-0.047662,0.374076,0.661750,-0.303776,0.488621,0.516767,-0.391041,-1.919978,1.084082,4.117613,1.134101,0.000702,-0.006300,0.003563,0.003039,0.001039,0.002147,-0.000708
48.943088,-0.833203,-1.302464,0.183054,0.729718,0.694120,1.007121,-0.528168,-0.145806,0.100326,0.281655,-0.045787,0.373820,0.661804,-0.303683,0.488619,0.516756,-0.391036,-1.919974,1.084077,4.117620,1.134101,-0.000063,-0.007149,0.003768,0.002747,-0.000370,0.002820,-0.000187
48.944123,-0.834375,-1.305931,0.185282,0.729023,0.692905,1.006152,-0.528915,-0.145806,0.100326,0.281655,-0.045787,0.373820,0.661804,-0.303683,0.488619,0.516756,-0.391036,-1.919974,1.084077,4.117620,1.134101,-0.000063,-0.007149,0.003768,0.002747,-0.000370,0.002820,-0.000187
48.945037,-0.834003,-1.303153,0.184234,0.728923,0.693356,1.005833,-0.528104,-0.144684,0.095008,0.281382,-0.044072,0.373423,0.661939,-0.303601,0.488621,0.516755,-0.391036,-1.919968,1.084082,4.117625,1.134104,0.000516,-0.005372,0.002644,0.003316,0.000820,0.003764,0.001304
48.946028,-0.835030,-1.302153,0.184843,0.729490,0.693804,1.005935,-0.528622,-0.142044,0.088228,0.281871,-0.041597,0.372883,0.662229,-0.303535,0.488621,0.516745,-0.391032,-1.919963,1.084082,4.117629,1.134100,0.000322,-0.006674,0.003126,0.003292,0.000353,0.004053,-0.000330
48.946987,-0.835450,-1.302650,0.185569,0.727432,0.695565,1.005262,-0.528026,-0.139281,0.080453,0.282168,-0.038690,0.372274,0.662603,-0.303491,0.488623,0.516738,-0.391029,-1.919963,1.084083,4.117634,1.134098,0.000819,-0.007080,0.002778,0.002705,-0.000113,0.003914,0.000738
48.948001,-0.833175,-1.300607,0.188080,0.727320,0.695275,1.005228,-0.528518,-0.135631,0.066516,0.281365,-0.034772,0.371170,0.663333,-0.303417,0.488622,0.516722,-0.391028,-1.919949,1.084082,4.117641,1.134097,-0.000109,-0.007670,0.001146,0.004546,-0.001562,0.004578,0.000534
48.949042,-0.835322,-1.300114,0.183832,0.729032,0.694684,1.005147,-0.528737,-0.132788,0.061473,0.281937,-0.034268,0.370562,0.663650,-0.303351,0.488623,0.516715,-0.391020,-1.919949,1.084083,4.117643,1.134099,0.000973,-0.007823,0.003201,0.002837,-0.000984,0.004652,0.000958
48.949988,-0.836173,-1.300996,0.184112,0.727229,0.695199,1.006125,-0.528212,-0.132788,0.061473,0.281937,-0.034268,0.370562,0.663650,-0.303351,0.488623,0.516715,-0.391020,-1.919949,1.084083,4.117643,1.134099,0.000973,-0.007823,0.003201,0.002837,-0.000984,0.004652,0.000958
48.951015,-0.834816,-1.298970,0.187734,0.726856,0.694538,1.005079,-0.528656,-0.132591,0.055466,0.280216,-0.033645,0.370028,0.663926,-0.303268,0.488626,0.516708,-0.391018,-1.919944,1.084081,4.117645,1.134096,0.001356,-0.007284,0.003021,0.004532,-0.001487,0.003650,-0.000093
48.952090,-0.834829,-1.296444,0.186512,0.729307,0.694783,1.005962,-0.528660,-0.135297,0.048685,0.276103,-0.033340,0.369616,0.664176,-0.303192,0.488625,0.516700,-0.391022,-1.919940,1.084082,4.117649,1.134099,0.000677,-0.008220,0.001234,0.004796,-0.000821,0.004691,0.000800
48.953025,-0.833411,-1.293808,0.187449,0.727653,0.693311,1.005404,-0.528001,-0.136899,0.043404,0.273030,-0.033685,0.369077,0.664389,-0.303128,0.488625,0.516689,-0.391018,-1.919943,1.084081,4.117650,1.134098,0.000685,-0.009353,0.001819,0.002394,-0.001068,0.003784,0.000804
48.954059,-0.836687,-1.294500,0.187829,0.727660,0.693890,1.004809,-0.527972,-0.133356,0.042486,0.273318,-0.036605,0.367345,0.664552,-0.303066,0.488628,0.516670,-0.391018,-1.919934,1.084081,4.117664,1.134094,0.001592,-0.010082,0.001162,0.003852,-0.000178,0.004869,-0.000558
48.955023,-0.833976,-1.294932,0.187984,0.727845,0.693997,1.004768,-0.528731,-0.133356,0.042486,0.273318,-0.036605,0.367345,0.664552,-0.303066,0.488628,0.516670,-0.391018,-1.919934,1.084081,4.117664,1.134094,0.001592,-0.010082,0.001162,0.003852,-0.000178,0.004869,-0.000558
48.955954,-0.836360,-1.293090,0.186750,0.728358,0.693750,1.005543,-0.527266,-0.131223,0.045369,0.274269,-0.039352,0.366400,0.664518,-0.303053,0.488626,0.516661,-0.391018,-1.919929,1.084083,4.117670,1.134099,0.000232,-0.009763,0.001085,0.003556,-0.000295,0.004865,0.000960
48.957072,-0.838188,-1.294266,0.189016,0.726600,0.694531,1.005262,-0.528096,-0.130012,0.047177,0.274376,-0.041570,0.365451,0.664529,-0.303044,0.488630,0.516648,-0.391016,-1.919928,1.084084,4.117674,1.134090,0.001404,-0.010541,0.001687,0.003004,-0.000053,0.004061,-0.001982
48.957996,-0.833395,-1.291537,0.189395,0.727482,0.693217,1.004830,-0.527367,-0.131398,0.047720,0.272405,-0.043516,0.364627,0.664565,-0.303043,0.488634,0.516641,-0.391020,-1.919919,1.084080,4.117681,1.134092,0.002270,-0.009846,0.000579,0.004568,-0.000806,0.004308,-0.000284
48.959041,-0.836603,-1.289909,0.186935,0.727933,0.692384,1.004930,-0.528727,-0.134064,0.048046,0.269605,-0.045764,0.363886,0.664616,-0.303030,0.488629,0.516625,-0.391018,-1.919919,1.084082,4.117684,1.134089,-0.000102,-0.011044,0.000373,0.003656,0.000506,0.004721,-0.001760
48.960026,-0.836452,-1.292480,0.190186,0.728883,0.692039,1.004361,-0.528434,-0.135388,0.049315,0.268106,-0.048187,0.363036,0.664677,-0.302983,0.488633,0.516613,-0.391016,-1.919918,1.084086,4.117692,1.134096,0.001493,-0.011709,0.001592,0.003182,0.001296,0.004572,0.000974
48.960936,-0.833179,-1.293173,0.189218,0.727651,0.694179,1.004077,-0.527538,-0.136881,0.050003,0.266476,-0.049804,0.362094,0.664753,-0.302903,0.488635,0.516605,-0.391018,-1.919918,1.084087,4.117699,1.134094,0.001380,-0.010304,-0.000035,0.002239,0.001622,0.005106,0.000361
48.962070,-0.835816,-1.286280,0.189896,0.726890,0.693747,1.003512,-0.527844,-0.137808,0.047185,0.264790,-0.049255,0.360962,0.664985,-0.302818,0.488632,0.516596,-0.391016,-1.919912,1.084081,4.117704,1.134089,-0.000231,-0.009858,0.000450,0.003345,-0.000482,0.005356,-0.001421
48.963070,-0.833138,-1.287966,0.189390,0.723705,0.693865,1.002939,-0.527261,-0.136924,0.043678,0.264450,-0.048091,0.359675,0.665282,-0.302747,0.488635,0.516578,-0.391016,-1.919907,1.084083,4.117712,1.134092,0.001075,-0.013124,0.000104,0.003994,-0.000041,0.005875,-0.000798
48.963954,-0.835636,-1.289964,0.189227,0.725161,0.693208,1.002923,-0.527284,-0.135688,0.045556,0.265380,-0.049846,0.358525,0.665344,-0.302689,0.488631,0.516569,-0.391014,-1.919898,1.084081,4.117721,1.134087,-0.000244,-0.012131,0.000337,0.006966,-0.000149,0.006394,-0.001962
48.965001,-0.832910,-1.288086,0.189628,0.727951,0.694929,1.003489,-0.528026,-0.135303,0.051395,0.266436,-0.054343,0.357619,0.665215,-0.302628,0.488636,0.516561,-0.391014,-1.919896,1.084081,4.117727,1.134085,0.000972,-0.011041,0.000409,0.005423,0.000517,0.006367,-0.001895
48.966029,-0.833928,-1.286460,0.188791,0.727048,0.694363,1.001325,-0.528404,-0.135797,0.054985,0.266507,-0.057869,0.356780,0.665146,-0.302530,0.488633,0.516549,-0.391015,-1.919897,1.084079,4.117733,1.134086,-0.000380,-0.011845,0.000224,0.002656,-0.001201,0.005758,-0.000403
48.967030,-0.831604,-1.285698,0.190912,0.726237,0.692879,1.001388,-0.529310,-0.135298,0.053662,0.266384,-0.057655,0.354702,0.665210,-0.302184,0.488632,0.516518,-0.391016,-1.919886,1.084084,4.117754,1.134092,-0.001014,-0.012670,-0.000419,0.004127,0.000828,0.007743,0.002147
48.968068,-0.834720,-1.282907,0.191908,0.725344,0.693997,1.001404,-0.528774,-0.135298,0.053662,0.266384,-0.057655,0.354702,0.665210,-0.302184,0.488632,0.516518,-0.391016,-1.919886,1.084084,4.117754,1.134092,-0.001014,-0.012670,-0.000419,0.004127,0.000828,0.007743,0.002147
48.969017,-0.832397,-1.280082,0.190501,0.725952,0.693948,0.999841,-0.528314,-0.132940,0.054297,0.268268,-0.057018,0.353506,0.665156,-0.301988,0.488635,0.516504,-0.391017,-1.919879,1.084083,4.117762,1.134090,0.000530,-0.013902,-0.000892,0.004870,-0.000311,0.007679,0.001052
48.969935,-0.834110,-1.283420,0.187451,0.723864,0.695149,0.998676,-0.528924,-0.129977,0.065761,0.272851,-0.060060,0.351477,0.664493,-0.301771,0.488633,0.516475,-0.391011,-1.919868,1.084082,4.117782,1.134091,0.000239,-0.013274,0.001285,0.006088,-0.001448,0.010299,0.001372
48.971099,-0.832497,-1.282904,0.189205,0.725488,0.694501,0.999192,-0.527031,-0.133405,0.070427,0.271393,-0.061662,0.350859,0.664078,-0.301771,0.488632,0.516461,-0.391013,-1.919867,1.084082,4.117787,1.134082,-0.000564,-0.013378,0.000407,0.004410,-0.000780,0.009734,-0.002426
48.972026,-0.832518,-1.281952,0.190052,0.724358,0.693950,0.998503,-0.527762,-0.133405,0.070427,0.271393,-0.061662,0.350859,0.664078,-0.301771,0.488632,0.516461,-0.391013,-1.919867,1.084082,4.117787,1.134082,-0.000564,-0.013378,0.000407,0.004410,-0.000780,0.009734,-0.002426
48.972955,-0.832336,-1.283184,0.188293,0.723312,0.693063,0.998898,-0.528231,-0.138120,0.071081,0.268318,-0.061392,0.350303,0.663822,-0.301806,0.488632,0.516445,-0.391013,-1.919861,1.084084,4.117800,1.134083,-0.000545,-0.013663,-0.000013,0.005414,-0.000257,0.010355,-0.000918
48.974089,-0.833484,-1.280130,0.191171,0.723120,0.692899,0.997819,-0.527894,-0.142434,0.068649,0.265038,-0.059524,0.349703,0.663737,-0.301824,0.488632,0.516433,-0.391011,-1.919853,1.084085,4.117808,1.134087,-0.000638,-0.012889,0.000854,0.006270,0.000626,0.009903,-0.000000
48.975028,-0.834655,-1.279748,0.190497,0.724218,0.692315,0.997684,-0.527699,-0.152172,0.059749,0.257055,-0.054197,0.348561,0.663713,-0.301778,0.488635,0.516401,-0.391015,-1.919844,1.084087,4.117826,1.134082,0.000488,-0.014233,-0.000207,0.005115,0.001348,0.011012,-0.001058
48.976106,-0.831719,-1.278875,0.188217,0.720720,0.693310,0.998571,-0.528144,-0.152172,0.059749,0.257055,-0.054197,0.348561,0.663713,-0.301778,0.488635,0.516401,-0.391015,-1.919844,1.084087,4.117826,1.134082,0.000488,-0.014233,-0.000207,0.005115,0.001348,0.011012,-0.001058
48.977000,-0.830760,-1.280404,0.190871,0.721790,0.694017,0.999837,-0.527916,-0.158102,0.055486,0.252390,-0.051525,0.348020,0.663599,-0.301720,0.488632,0.516386,-0.391013,-1.919830,1.084085,4.117832,1.134084,-0.000960,-0.014488,0.000920,0.008322,0.000360,0.010083,-0.000165
48.978073,-0.830406,-1.278923,0.187449,0.722330,0.696174,1.000590,-0.527933,-0.163479,0.051233,0.248195,-0.049221,0.347482,0.663540,-0.301642,0.488630,0.516371,-0.391017,-1.919825,1.084083,4.117838,1.134082,-0.001405,-0.013542,-0.000388,0.007098,-0.000327,0.008776,-0.000626
48.978987,-0.827671,-1.274971,0.187877,0.722077,0.695042,1.000589,-0.527461,-0.166903,0.044971,0.245132,-0.046040,0.346837,0.663713,-0.301550,0.488628,0.516357,-0.391013,-1.919819,1.084082,4.117845,1.134082,-0.001559,-0.014124,0.001309,0.006409,-0.002482,0.007988,-0.000586
48.980001,-0.830517,-1.276199,0.190827,0.720792,0.695626,1.000538,-0.528051,-0.168673,0.037105,0.242939,-0.041679,0.346080,0.664090,-0.301452,0.488622,0.516338,-0.391013,-1.919812,1.084085,4.117854,1.134079,-0.002868,-0.015881,0.001077,0.006508,-0.001348,0.007940,-0.001529
48.980952,-0.829587,-1.276977,0.188050,0.720442,0.694803,1.001453,-0.528225,-0.168368,0.030594,0.242387,-0.037497,0.345235,0.664533,-0.301346,0.488625,0.516324,-0.391017,-1.919801,1.084082,4.117859,1.134080,-0.001458,-0.015076,-0.000368,0.007537,-0.001919,0.007963,-0.000329
48.981938,-0.831500,-1.274853,0.187699,0.719321,0.694087,1.001131,-0.527633,-0.168099,0.017510,0.240711,-0.029949,0.343718,0.665691,-0.301043,0.488624,0.516291,-0.391013,-1.919784,1.084085,4.117868,1.134076,-0.000955,-0.015372,0.001170,0.008593,-0.000396,0.007316,-0.001172
48.983109,-0.832648,-1.275471,0.188968,0.718858,0.693238,1.001733,-0.527118,-0.168099,0.017510,0.240711,-0.029949,0.343718,0.665691,-0.301043,0.488624,0.516291,-0.391013,-1.919784,1.084085,4.117868,1.134076,-0.000955,-0.015372,0.001170,0.008593,-0.000396,0.007316,-0.001172
48.984017,-0.833118,-1.274148,0.193605,0.719984,0.694092,1.002300,-0.527861,-0.172674,0.009892,0.235980,-0.026928,0.343319,0.666349,-0.300838,0.488624,0.516275,-0.391013,-1.919775,1.084086,4.117874,1.134075,-0.000385,-0.014861,0.000527,0.008840,0.000437,0.006672,-0.002197
48.984981,-0.827888,-1.275299,0.189818,0.719208,0.693856,1.002941,-0.528475,-0.178908,0.001972,0.229858,-0.024196,0.343029,0.667044,-0.300592,0.488624,0.516260,-0.391018,-1.919770,1.084083,4.117878,1.134078,-0.000153,-0.015347,-0.001744,0.007584,-0.000396,0.006082,-0.000701
48.986015,-0.830423,-1.273312,0.195108,0.718239,0.694540,1.002797,-0.527785,-0.182424,-0.007042,0.225480,-0.020480,0.342504,0.667900,-0.300301,0.488618,0.516249,-0.391015,-1.919761,1.084086,4.117885,1.134081,-0.002723,-0.014628,0.000148,0.008158,-0.000186,0.005393,0.000512
48.986933,-0.828807,-1.273968,0.190651,0.718230,0.692834,1.002842,-0.528767,-0.175515,-0.026285,0.226579,-0.010812,0.340464,0.670134,-0.299759,0.488615,0.516218,-0.391019,-1.919743,1.084088,4.117900,1.134081,-0.002207,-0.014919,-0.000218,0.008701,0.000834,0.005414,0.001105
48.988065,-0.829501,-1.274345,0.193082,0.718778,0.695927,1.002156,-0.528475,-0.175515,-0.026285,0.226579,-0.010812,0.340464,0.670134,-0.299759,0.488615,0.516218,-0.391019,-1.919743,1.084088,4.117900,1.134081,-0.002207,-0.014919,-0.000218,0.008701,0.000834,0.005414,0.001105
48.988997,-0.830532,-1.273341,0.192670,0.715791,0.694945,1.003199,-0.527784,-0.169193,-0.036723,0.228958,-0.005310,0.339230,0.671363,-0.299563,0.488614,0.516203,-0.391021,-1.919736,1.084080,4.117909,1.134081,-0.001842,-0.014551,-0.001438,0.007988,-0.002223,0.006052,0.000497
48.990050,-0.830112,-1.270919,0.191505,0.716373,0.693500,1.002579,-0.527820,-0.163616,-0.048392,0.230451,0.000504,0.338073,0.672619,-0.299436,0.488614,0.516189,-0.391021,-1.919720,1.084081,4.117914,1.134076,-0.001321,-0.014899,-0.001224,0.010616,-0.001213,0.004958,-0.000874
48.991043,-0.829957,-1.270746,0.192655,0.717767,0.695121,1.001326,-0.527254,-0.160026,-0.058508,0.230626,0.004789,0.337165,0.673776,-0.299390,0.488612,0.516171,-0.391021,-1.919713,1.084085,4.117919,1.134075,-0.001518,-0.015902,-0.000639,0.009830,0.000193,0.005564,-0.000782
48.991946,-0.831951,-1.270440,0.193463,0.715068,0.694076,1.002919,-0.527651,-0.158186,-0.066381,0.229734,0.007692,0.336432,0.674769,-0.299394,0.488610,0.516156,-0.391022,-1.919708,1.084080,4.117929,1.134073,-0.001573,-0.015793,-0.001205,0.008312,-0.001405,0.006764,-0.001921
48.992979,-0.830590,-1.272205,0.193848,0.716677,0.693687,1.002125,-0.528276,-0.157404,-0.073059,0.228127,0.010079,0.335783,0.675635,-0.299410,0.488612,0.516140,-0.391024,-1.919693,1.084085,4.117933,1.134076,-0.000586,-0.015756,-0.001586,0.010689,-0.000381,0.005122,-0.001117
48.993934,-0.829725,-1.271727,0.192445,0.715326,0.693289,1.000913,-0.527584,-0.157534,-0.079855,0.225765,0.012265,0.335216,0.676473,-0.299406,0.488610,0.516127,-0.391026,-1.919687,1.084084,4.117941,1.134076,-0.001262,-0.014713,-0.001752,0.008905,0.000009,0.005890,0.000138
48.994981,-0.828790,-1.268838,0.192922,0.715809,0.693425,1.000728,-0.528461,-0.156583,-0.099083,0.220932,0.019257,0.333909,0.678357,-0.299312,0.488605,0.516093,-0.391028,-1.919669,1.084084,4.117959,1.134076,-0.002090,-0.016011,-0.001268,0.009340,0.000261,0.007174,0.000513
48.996080,-0.831013,-1.267670,0.195601,0.716041,0.692579,1.000688,-0.528490,-0.156583,-0.099083,0.220932,0.019257,0.333909,0.678357,-0.299312,0.488605,0.516093,-0.391028,-1.919669,1.084084,4.117959,1.134076,-0.002090,-0.016011,-0.001268,0.009340,0.000261,0.007174,0.000513
48.996999,-0.831654,-1.264712,0.195066,0.716097,0.692798,1.000683,-0.526982,-0.154137,-0.107683,0.220173,0.022711,0.333124,0.679214,-0.299257,0.488606,0.516077,-0.391034,-1.919662,1.084086,4.117963,1.134077,-0.000975,-0.016386,-0.002546,0.008937,0.001102,0.007189,0.000549
48.998073,-0.832850,-1.265206,0.195246,0.714625,0.693937,0.999122,-0.527345,-0.150872,-0.113181,0.220663,0.025219,0.332300,0.679869,-0.299238,0.488605,0.516057,-0.391035,-1.919654,1.084087,4.117970,1.134069,-0.000659,-0.017638,-0.002254,0.008696,0.000865,0.007148,-0.002464
48.999081,-0.831010,-1.266791,0.192447,0.713648,0.693372,1.000098,-0.527268,-0.149441,-0.115728,0.219944,0.025761,0.331198,0.680499,-0.299361,0.488603,0.516025,-0.391035,-1.919631,1.084083,4.117988,1.134069,-0.000963,-0.016197,-0.000930,0.010605,0.000330,0.007614,-0.001867
49.000013,-0.831044,-1.262517,0.193334,0.716681,0.693247,0.998765,-0.527766,-0.149441,-0.115728,0.219944,0.025761,0.331198,0.680499,-0.299361,0.488603,0.516025,-0.391035,-1.919631,1.084083,4.117988,1.134069,-0.000963,-0.016197,-0.000930,0.010605,0.000330,0.007614,-0.001867
49.001006,-0.831508,-1.260125,0.190803,0.716145,0.692968,0.998788,-0.528433,-0.155175,-0.118903,0.214573,0.025904,0.330656,0.680843,-0.299486,0.488600,0.515982,-0.391033,-1.919622,1.084087,4.118005,1.134072,-0.000664,-0.019026,-0.000134,0.007881,0.000695,0.008835,0.000467
49.001973,-0.836060,-1.259842,0.191505,0.715250,0.692832,0.996993,-0.527999,-0.155175,-0.118903,0.214573,0.025904,0.330656,0.680843,-0.299486,0.488600,0.515982,-0.391033,-1.919622,1.084087,4.118005,1.134072,-0.000664,-0.019026,-0.000134,0.007881,0.000695,0.008835,0.000467
49.003084,-0.831378,-1.260044,0.195409,0.713350,0.692308,0.997533,-0.528466,-0.170476,-0.117658,0.203192,0.025262,0.330580,0.680449,-0.299445,0.488598,0.515947,-0.391039,-1.919600,1.084088,4.118023,1.134070,-0.000739,-0.018635,-0.002401,0.010158,0.001347,0.009979,0.000539
49.003992,-0.834228,-1.263176,0.192808,0.714960,0.693099,0.997308,-0.528668,-0.177889,-0.116861,0.197973,0.024540,0.330538,0.680179,-0.299368,0.488601,0.515931,-0.391037,-1.919596,1.084087,4.118033,1.134073,0.000688,-0.016869,-0.001089,0.008430,0.000550,0.010151,0.000922
49.004984,-0.831274,-1.258993,0.190952,0.714971,0.692935,0.997979,-0.527738,-0.184081,-0.120150,0.193129,0.025843,0.330333,0.680089,-0.299276,0.488597,0.515909,-0.391035,-1.919587,1.084087,4.118040,1.134067,-0.000764,-0.018722,-0.000187,0.008213,0.000731,0.009426,-0.000937
49.006009,-0.830735,-1.256837,0.190178,0.713901,0.692495,0.997638,-0.528030,-0.184081,-0.120150,0.193129,0.025843,0.330333,0.680089,-0.299276,0.488597,0.515909,-0.391035,-1.919587,1.084087,4.118040,1.134067,-0.000764,-0.018722,-0.000187,0.008213,0.000731,0.009426,-0.000937
49.007002,-0.830006,-1.253894,0.192261,0.713380,0.692815,0.998815,-0.527565,-0.189528,-0.125073,0.188630,0.028248,0.330018,0.680059,-0.299196,0.488596,0.515888,-0.391033,-1.919575,1.084087,4.118050,1.134069,-0.001013,-0.019539,0.000170,0.009010,0.001166,0.009715,-0.000333
49.008005,-0.831290,-1.257291,0.189566,0.714682,0.692804,0.998426,-0.527733,-0.192406,-0.126853,0.186607,0.029581,0.329578,0.679948,-0.299136,0.488594,0.515865,-0.391035,-1.919566,1.084087,4.118056,1.134065,-0.001354,-0.020740,-0.000861,0.009300,0.000839,0.008493,-0.001263
49.009009,-0.832063,-1.253270,0.190761,0.713369,0.692654,0.998088,-0.527726,-0.192997,-0.126481,0.186656,0.030277,0.329025,0.679809,-0.299079,0.488595,0.515851,-0.391031,-1.919560,1.084087,4.118066,1.134069,-0.000721,-0.018845,0.000464,0.007851,0.000853,0.008837,-0.000929
49.010000,-0.829162,-1.253965,0.192275,0.712178,0.692497,0.998562,-0.527180,-0.193820,-0.127281,0.186302,0.031715,0.328455,0.679728,-0.299006,0.488596,0.515826,-0.391033,-1.919549,1.084087,4.118073,1.134068,-0.000348,-0.020597,-0.000131,0.008922,0.001004,0.009132,-0.000943
49.010942,-0.831302,-1.251532,0.190371,0.711932,0.693408,0.998741,-0.527525,-0.192897,-0.126696,0.187908,0.033394,0.327247,0.679683,-0.298905,0.488594,0.515785,-0.391033,-1.919526,1.084086,4.118088,1.134065,-0.000698,-0.020964,0.000079,0.009797,0.000255,0.008381,-0.001326
49.011981,-0.832941,-1.254077,0.189999,0.709863,0.693698,1.000052,-0.527936,-0.192897,-0.126696,0.187908,0.033394,0.327247,0.679683,-0.298905,0.488594,0.515785,-0.391033,-1.919526,1.084086,4.118088,1.134065,-0.000698,-0.020964,0.000079,0.009797,0.000255,0.008381,-0.001326
49.012946,-0.832639,-1.252206,0.187764,0.710253,0.692413,0.999741,-0.526917,-0.192863,-0.124845,0.188713,0.032574,0.326809,0.679731,-0.298918,0.488594,0.515770,-0.391033,-1.919513,1.084084,4.118094,1.134065,0.000125,-0.019478,0.000258,0.011562,-0.000013,0.007023,-0.000505
49.013948,-0.832842,-1.249110,0.189703,0.711341,0.694199,0.999604,-0.528003,-0.197424,-0.124326,0.185899,0.030905,0.326771,0.679842,-0.298982,0.488593,0.515746,-0.391031,-1.919503,1.084087,4.118106,1.134060,-0.000027,-0.020158,0.001363,0.010917,0.001256,0.007282,-0.002551
49.014954,-0.830449,-1.251336,0.185928,0.712203,0.692561,1.000907,-0.527262,-0.205375,-0.124992,0.180348,0.029003,0.326998,0.679976,-0.299079,0.488595,0.515722,-0.391033,-1.919498,1.084082,4.118113,1.134064,0.000059,-0.021423,0.000394,0.009695,-0.000506,0.007375,-0.000355
49.015944,-0.829750,-1.249534,0.189347,0.710173,0.693206,1.000493,-0.527784,-0.220370,-0.131938,0.168731,0.029295,0.327254,0.680515,-0.299239,0.488588,0.515684,-0.391032,-1.919477,1.084086,4.118126,1.134063,-0.001415,-0.020749,0.000548,0.010386,0.000460,0.006411,-0.000797
49.016917,-0.830448,-1.246129,0.191949,0.709313,0.692701,0.999590,-0.527858,-0.220370,-0.131938,0.168731,0.029295,0.327254,0.680515,-0.299239,0.488588,0.515684,-0.391032,-1.919477,1.084086,4.118126,1.134063,-0.001415,-0.020749,0.000548,0.010386,0.000460,0.006411,-0.000797
49.017991,-0.831979,-1.245495,0.187846,0.709563,0.692638,1.000995,-0.527204,-0.222492,-0.135901,0.166756,0.030502,0.327036,0.680944,-0.299287,0.488590,0.515660,-0.391034,-1.919465,1.084087,4.118136,1.134060,-0.001081,-0.022168,-0.000723,0.010952,0.000961,0.007257,-0.000646
49.019052,-0.832078,-1.246032,0.190313,0.708860,0.693525,1.000245,-0.528034,-0.221547,-0.135660,0.167768,0.029853,0.326714,0.681246,-0.299324,0.488590,0.515639,-0.391028,-1.919455,1.084087,4.118140,1.134057,-0.000314,-0.022216,0.001288,0.010458,0.001019,0.005803,-0.001958
49.019985,-0.830595,-1.243857,0.191297,0.708120,0.692865,1.000299,-0.528377,-0.221360,-0.133510,0.168487,0.028030,0.326483,0.681440,-0.299351,0.488590,0.515620,-0.391030,-1.919443,1.084087,4.118151,1.134062,-0.000266,-0.021721,0.000045,0.010873,0.000131,0.006510,-0.000288
49.021014,-0.831794,-1.243169,0.189551,0.709584,0.692943,1.001139,-0.528055,-0.221221,-0.130980,0.169200,0.025746,0.326273,0.681608,-0.299362,0.488588,0.515597,-0.391031,-1.919432,1.084089,4.118156,1.134063,-0.000992,-0.022535,-0.000419,0.011359,0.000783,0.006416,0.000385
49.022080,-0.830246,-1.244187,0.188038,0.709260,0.694266,1.000373,-0.528063,-0.219499,-0.128114,0.171115,0.023408,0.325943,0.681770,-0.299377,0.488589,0.515574,-0.391029,-1.919428,1.084089,4.118158,1.134062,-0.000395,-0.022597,0.000446,0.009771,0.000698,0.005557,-0.000267
49.022937,-0.831538,-1.245154,0.188662,0.707656,0.694356,1.001764,-0.527134,-0.217765,-0.127354,0.172592,0.022370,0.325510,0.681997,-0.299428,0.488587,0.515553,-0.391027,-1.919418,1.084086,4.118169,1.134061,-0.001153,-0.021830,0.001176,0.009878,-0.000606,0.006275,-0.000243
49.024113,-0.830600,-1.242667,0.190534,0.707870,0.694624,1.002043,-0.527955,-0.217365,-0.131012,0.172247,0.023353,0.325070,0.682399,-0.299532,0.488588,0.515532,-0.391027,-1.919405,1.084086,4.118170,1.134057,-0.000511,-0.021102,0.000854,0.011171,-0.000685,0.004855,-0.002101
49.025038,-0.831569,-1.244546,0.187212,0.707727,0.693348,1.000774,-0.527602,-0.217549,-0.138023,0.170877,0.025547,0.324658,0.682994,-0.299682,0.488587,0.515508,-0.391029,-1.919393,1.084086,4.118175,1.134060,-0.000969,-0.022069,-0.000064,0.010658,-0.000955,0.004558,-0.000436
49.026009,-0.830502,-1.240143,0.190048,0.706288,0.694350,1.001089,-0.527546,-0.217835,-0.147232,0.169049,0.028600,0.324249,0.683723,-0.299849,0.488588,0.515489,-0.391026,-1.919381,1.084088,4.118187,1.134057,-0.000490,-0.020884,0.001576,0.010508,0.000315,0.005772,-0.001153
49.027020,-0.827848,-1.243841,0.193033,0.706328,0.692800,1.002089,-0.527671,-0.218691,-0.157517,0.166594,0.032015,0.323867,0.684476,-0.300014,0.488585,0.515463,-0.391029,-1.919366,1.084087,4.118191,1.134056,-0.001005,-0.022804,0.000175,0.011611,-0.000696,0.005414,-0.001257
49.027965,-0.828723,-1.240085,0.191098,0.706642,0.694866,1.001796,-0.528425,-0.216748,-0.166948,0.166413,0.035131,0.323318,0.685250,-0.300147,0.488582,0.515448,-0.391033,-1.919355,1.084090,4.118195,1.134054,-0.002296,-0.020738,-0.001272,0.011295,0.000841,0.004381,-0.000996
49.029036,-0.829704,-1.240528,0.191589,0.706229,0.694176,1.001983,-0.528253,-0.199131,-0.185234,0.176604,0.042598,0.321248,0.687045,-0.300239,0.488582,0.515405,-0.391031,-1.919334,1.084087,4.118208,1.134056,-0.001349,-0.021889,-0.000560,0.010887,-0.000512,0.004419,0.000155
49.029963,-0.830467,-1.241642,0.189936,0.704459,0.695650,1.000857,-0.528137,-0.199131,-0.185234,0.176604,0.042598,0.321248,0.687045,-0.300239,0.488582,0.515405,-0.391031,-1.919334,1.084087,4.118208,1.134056,-0.001349,-0.021889,-0.000560,0.010887,-0.000512,0.004419,0.000155
49.030978,-0.827616,-1.239591,0.191277,0.703983,0.693705,1.001742,-0.527949,-0.185156,-0.204616,0.184049,0.049454,0.319482,0.688608,-0.300246,0.488576,0.515361,-0.391031,-1.919306,1.084087,4.118217,1.134054,-0.002341,-0.021845,-0.000411,0.012459,-0.000029,0.004601,-0.000446
49.032076,-0.828975,-1.237683,0.191020,0.703560,0.693799,1.001027,-0.527972,-0.185156,-0.204616,0.184049,0.049454,0.319482,0.688608,-0.300246,0.488576,0.515361,-0.391031,-1.919306,1.084087,4.118217,1.134054,-0.002341,-0.021845,-0.000411,0.012459,-0.000029,0.004601,-0.000446
49.033013,-0.832370,-1.236484,0.192200,0.704510,0.694791,1.002311,-0.527742,-0.179309,-0.213067,0.187145,0.051483,0.318788,0.689284,-0.300277,0.488575,0.515339,-0.391031,-1.919294,1.084085,4.118224,1.134055,-0.001632,-0.022532,-0.000275,0.012599,-0.000118,0.005291,-0.000399
49.033978,-0.828083,-1.233678,0.193394,0.705375,0.694011,1.002122,-0.527724,-0.174372,-0.219143,0.189936,0.052313,0.318202,0.689830,-0.300334,0.488579,0.515317,-0.391033,-1.919285,1.084084,4.118228,1.134053,0.000033,-0.022865,-0.000846,0.011430,-0.001109,0.003961,-0.000858
49.035004,-0.829490,-1.238375,0.192071,0.702584,0.695569,1.001920,-0.527885,-0.165228,-0.227205,0.195542,0.053817,0.316994,0.690668,-0.300485,0.488572,0.515274,-0.391034,-1.919258,1.084084,4.118240,1.134053,-0.001336,-0.021377,-0.000758,0.012739,-0.001892,0.004297,-0.000563
49.036069,-0.832482,-1.235941,0.190233,0.701760,0.694853,1.002679,-0.527752,-0.165228,-0.227205,0.195542,0.053817,0.316994,0.690668,-0.300485,0.488572,0.515274,-0.391034,-1.919258,1.084084,4.118240,1.134053,-0.001336,-0.021377,-0.000758,0.012739,-0.001892,0.004297,-0.000563
49.037010,-0.829614,-1.237436,0.192348,0.703260,0.694096,1.001557,-0.527565,-0.161823,-0.232891,0.197156,0.055270,0.316471,0.691130,-0.300556,0.488575,0.515251,-0.391030,-1.919243,1.084086,4.118241,1.134052,0.000125,-0.022348,0.000117,0.013187,-0.001172,0.003523,-0.000829
49.037998,-0.830760,-1.234970,0.192631,0.699781,0.693537,1.001982,-0.527262,-0.162488,-0.241209,0.195259,0.057151,0.316246,0.691593,-0.300623,0.488571,0.515232,-0.391032,-1.919234,1.084086,4.118248,1.134051,-0.001286,-0.021349,-0.000947,0.011440,-0.000423,0.004620,-0.001200
49.039022,-0.829403,-1.233137,0.191862,0.700702,0.693846,1.002474,-0.527271,-0.163707,-0.250918,0.192685,0.059638,0.316058,0.692044,-0.300693,0.488572,0.515209,-0.391033,-1.919214,1.084087,4.118251,1.134049,-0.000709,-0.022326,-0.001056,0.014492,0.000126,0.004162,-0.001802
49.039947,-0.827370,-1.234815,0.191536,0.698371,0.694231,1.001877,-0.528047,-0.163927,-0.258740,0.191161,0.061199,0.315870,0.692395,-0.300777,0.488568,0.515186,-0.391032,-1.919206,1.084086,4.118254,1.134050,-0.001347,-0.022963,-0.000684,0.013321,-0.000177,0.003650,-0.001784
49.040979,-0.829613,-1.235036,0.192420,0.701056,0.693189,1.002635,-0.527470,-0.162832,-0.263803,0.191033,0.061404,0.315693,0.692641,-0.300866,0.488566,0.515164,-0.391031,-1.919187,1.084086,4.118256,1.134052,-0.002337,-0.021842,-0.000530,0.015241,-0.000563,0.004245,-0.000222
49.041992,-0.826029,-1.234137,0.192600,0.698778,0.693498,1.000780,-0.527717,-0.160075,-0.269333,0.191984,0.062087,0.315424,0.692923,-0.300938,0.488567,0.515144,-0.391033,-1.919180,1.084089,4.118259,1.134050,-0.001212,-0.021498,-0.000953,0.012338,0.000463,0.003456,-0.001396
49.043026,-0.827307,-1.233365,0.191494,0.699523,0.693584,1.001214,-0.527687,-0.148857,-0.286326,0.196845,0.068424,0.314284,0.693689,-0.300992,0.488561,0.515099,-0.391033,-1.919150,1.084086,4.118274,1.134048,-0.002293,-0.021805,-0.000483,0.013166,0.000087,0.004791,-0.000944
49.044120,-0.830065,-1.233225,0.190545,0.698349,0.693807,1.001998,-0.527640,-0.148857,-0.286326,0.196845,0.068424,0.314284,0.693689,-0.300992,0.488561,0.515099,-0.391033,-1.919150,1.084086,4.118274,1.134048,-0.002293,-0.021805,-0.000483,0.013166,0.000087,0.004791,-0.000944
49.045028,-0.830548,-1.230087,0.191386,0.697575,0.694685,1.001402,-0.528764,-0.143213,-0.295773,0.198975,0.072620,0.313646,0.694013,-0.300954,0.488562,0.515079,-0.391033,-1.919135,1.084086,4.118273,1.134047,-0.000924,-0.021631,-0.000011,0.013997,-0.000137,0.004012,-0.001034
49.045998,-0.829958,-1.230655,0.191509,0.698033,0.693311,1.001826,-0.528416,-0.142234,-0.304486,0.197680,0.076009,0.313355,0.694153,-0.300886,0.488562,0.515053,-0.391035,-1.919118,1.084084,4.118280,1.134053,-0.000688,-0.022907,-0.000416,0.014356,-0.001006,0.004577,0.001215
49.047050,-0.832047,-1.230020,0.192967,0.696578,0.694403,1.002435,-0.527943,-0.149212,-0.315787,0.189493,0.079070,0.313583,0.693804,-0.300764,0.488560,0.515008,-0.391039,-1.919091,1.084084,4.118286,1.134049,0.000083,-0.022383,-0.001160,0.014717,-0.000726,0.003497,-0.000441
49.048039,-0.831735,-1.230684,0.189677,0.697188,0.693084,1.002707,-0.527967,-0.149212,-0.315787,0.189493,0.079070,0.313583,0.693804,-0.300764,0.488560,0.515008,-0.391039,-1.919091,1.084084,4.118286,1.134049,0.000083,-0.022383,-0.001160,0.014717,-0.000726,0.003497,-0.000441
49.049104,-0.828578,-1.229970,0.188986,0.697529,0.693918,1.001728,-0.526858,-0.163512,-0.328321,0.175999,0.082326,0.314346,0.693180,-0.300786,0.488555,0.514964,-0.391031,-1.919068,1.084088,4.118294,1.134045,-0.001615,-0.021882,0.000747,0.013191,-0.000277,0.004169,-0.002609
49.050029,-0.827860,-1.228002,0.190544,0.696020,0.693869,1.002457,-0.527778,-0.169675,-0.336903,0.169650,0.085766,0.314571,0.692934,-0.300827,0.488553,0.514941,-0.391033,-1.919051,1.084087,4.118295,1.134047,-0.001932,-0.022592,-0.000023,0.014326,-0.000212,0.003418,-0.000736
49.051028,-0.831210,-1.224054,0.188620,0.695548,0.693452,1.002479,-0.527378,-0.169675,-0.336903,0.169650,0.085766,0.314571,0.692934,-0.300827,0.488553,0.514941,-0.391033,-1.919051,1.084087,4.118295,1.134047,-0.001932,-0.022592,-0.000023,0.014326,-0.000212,0.003418,-0.000736
49.052088,-0.828602,-1.226009,0.189446,0.696572,0.694818,1.001964,-0.527854,-0.173759,-0.342527,0.165337,0.088277,0.314672,0.692599,-0.300873,0.488556,0.514913,-0.391031,-1.919037,1.084087,4.118296,1.134041,-0.000279,-0.024240,0.000934,0.014435,0.000210,0.003396,-0.001541
49.053105,-0.830592,-1.225343,0.190425,0.694317,0.694758,1.001651,-0.528635,-0.178095,-0.344306,0.161434,0.089211,0.314817,0.692082,-0.300912,0.488552,0.514893,-0.391033,-1.919025,1.084083,4.118303,1.134045,-0.001561,-0.023002,0.000528,0.013122,-0.001135,0.003877,-0.000586
49.053985,-0.829635,-1.223828,0.193828,0.694025,0.694204,1.002762,-0.528371,-0.182224,-0.344929,0.157846,0.089879,0.314947,0.691501,-0.300914,0.488553,0.514870,-0.391035,-1.919006,1.084086,4.118307,1.134047,-0.000559,-0.023072,0.000063,0.014953,-0.001090,0.004165,0.000976
49.055080,-0.830761,-1.224266,0.190547,0.695624,0.694504,1.001508,-0.528342,-0.184549,-0.344416,0.155882,0.090040,0.314996,0.690912,-0.300873,0.488551,0.514845,-0.391041,-1.918992,1.084088,4.118310,1.134046,-0.001025,-0.023530,-0.001582,0.014876,-0.000546,0.003021,0.000430
49.056094,-0.830447,-1.221207,0.191264,0.694433,0.693353,1.001715,-0.528839,-0.184811,-0.343044,0.155771,0.089936,0.314908,0.690320,-0.300814,0.488551,0.514822,-0.391038,-1.918982,1.084086,4.118317,1.134046,-0.000449,-0.023020,0.000057,0.013037,-0.000841,0.004256,0.000377
49.057062,-0.830578,-1.217097,0.189457,0.693357,0.693621,1.001157,-0.528578,-0.184770,-0.342418,0.155906,0.090529,0.314709,0.689715,-0.300764,0.488550,0.514794,-0.391038,-1.918967,1.084090,4.118320,1.134048,-0.000604,-0.024234,-0.000323,0.013879,0.000284,0.004016,0.001373
49.058052,-0.829209,-1.218075,0.188925,0.691967,0.693348,1.001457,-0.527904,-0.185691,-0.339651,0.155809,0.090197,0.314545,0.688954,-0.300760,0.488549,0.514766,-0.391035,-1.918951,1.084088,4.118325,1.134046,-0.000528,-0.025960,0.000565,0.014580,0.000023,0.004549,0.000842
49.058913,-0.830974,-1.218135,0.189805,0.693535,0.693652,1.003364,-0.527058,-0.190022,-0.323091,0.155894,0.083268,0.314557,0.687034,-0.300967,0.488548,0.514716,-0.391033,-1.918924,1.084087,4.118328,1.134038,-0.000310,-0.024817,0.000352,0.013728,0.000000,0.002304,-0.002175
49.060142,-0.832079,-1.217734,0.188880,0.694240,0.692657,1.002587,-0.527748,-0.190022,-0.323091,0.155894,0.083268,0.314557,0.687034,-0.300967,0.488548,0.514716,-0.391033,-1.918924,1.084087,4.118328,1.134038,-0.000310,-0.024817,0.000352,0.013728,0.000000,0.002304,-0.002175
49.061013,-0.831754,-1.212828,0.188938,0.692194,0.693341,1.000754,-0.528170,-0.193607,-0.317195,0.154525,0.080788,0.314571,0.686319,-0.301102,0.488548,0.514690,-0.391033,-1.918913,1.084090,4.118335,1.134037,0.000246,-0.024711,0.000821,0.012759,0.000986,0.003065,-0.000763
49.061994,-0.830465,-1.214814,0.188372,0.692659,0.691977,1.000233,-0.527602,-0.199076,-0.313508,0.151396,0.079559,0.314601,0.685747,-0.301197,0.488547,0.514658,-0.391035,-1.918895,1.084086,4.118345,1.134042,0.000085,-0.026802,0.000812,0.014413,0.000321,0.004847,0.000054
49.063039,-0.831438,-1.215114,0.188193,0.692137,0.691910,0.999948,-0.528644,-0.211263,-0.305046,0.144550,0.076842,0.314708,0.684583,-0.301233,0.488546,0.514612,-0.391034,-1.918868,1.084090,4.118357,1.134045,-0.000058,-0.025075,0.001167,0.013807,0.001721,0.005565,0.001004
49.064030,-0.829504,-1.212632,0.188030,0.690789,0.692034,1.000905,-0.528207,-0.211263,-0.305046,0.144550,0.076842,0.314708,0.684583,-0.301233,0.488546,0.514612,-0.391034,-1.918868,1.084090,4.118357,1.134045,-0.000058,-0.025075,0.001167,0.013807,0.001721,0.005565,0.001004
49.064959,-0.828922,-1.216889,0.190805,0.689025,0.691378,1.000323,-0.528247,-0.216389,-0.303564,0.141471,0.076815,0.314656,0.684136,-0.301182,0.488544,0.514583,-0.391032,-1.918851,1.084088,4.118361,1.134042,-0.001010,-0.025984,0.001229,0.014739,0.001618,0.004575,0.000115
49.066000,-0.828401,-1.213443,0.188377,0.691137,0.690696,1.000266,-0.528504,-0.218924,-0.303365,0.140196,0.077131,0.314459,0.683834,-0.301121,0.488542,0.514564,-0.391035,-1.918833,1.084091,4.118365,1.134041,-0.001270,-0.023601,-0.000133,0.016075,0.002245,0.005144,0.000207
49.066994,-0.829169,-1.215423,0.190273,0.689126,0.692070,1.000183,-0.527830,-0.214013,-0.311389,0.143928,0.081841,0.313299,0.683858,-0.301044,0.488540,0.514513,-0.391033,-1.918804,1.084089,4.118377,1.134037,-0.001119,-0.023726,0.000110,0.015276,0.001555,0.005210,-0.000624
49.068096,-0.829017,-1.211986,0.190729,0.688333,0.693299,0.999777,-0.528532,-0.214013,-0.311389,0.143928,0.081841,0.313299,0.683858,-0.301044,0.488540,0.514513,-0.391033,-1.918804,1.084089,4.118377,1.134037,-0.001119,-0.023726,0.000110,0.015276,0.001555,0.005210,-0.000624
49.069042,-0.829870,-1.211989,0.188555,0.687494,0.691361,0.999305,-0.528131,-0.209330,-0.318164,0.147058,0.085594,0.312540,0.684044,-0.301043,0.488540,0.514485,-0.391033,-1.918787,1.084086,4.118385,1.134041,-0.001194,-0.025142,-0.000111,0.015669,0.000360,0.005569,0.000788
49.069983,-0.827654,-1.210063,0.189786,0.686624,0.693196,1.000158,-0.528200,-0.205020,-0.323565,0.150175,0.088277,0.311895,0.684187,-0.301078,0.488541,0.514459,-0.391031,-1.918771,1.084090,4.118391,1.134039,-0.000779,-0.024810,0.000967,0.016123,0.002283,0.006009,-0.000025
49.071081,-0.830802,-1.208424,0.190158,0.685197,0.692741,1.000031,-0.528834,-0.199125,-0.327178,0.155518,0.088967,0.311073,0.684286,-0.301257,0.488541,0.514403,-0.391033,-1.918738,1.084090,4.118402,1.134041,-0.000296,-0.025932,0.000175,0.017615,0.000889,0.005211,0.001392
49.072044,-0.832010,-1.207472,0.185623,0.684938,0.693399,0.998505,-0.528320,-0.199125,-0.327178,0.155518,0.088967,0.311073,0.684286,-0.301257,0.488541,0.514403,-0.391033,-1.918738,1.084090,4.118402,1.134041,-0.000296,-0.025932,0.000175,0.017615,0.000889,0.005211,0.001392
49.073000,-0.829355,-1.208419,0.190137,0.687310,0.692955,0.997415,-0.528328,-0.200153,-0.324475,0.155931,0.086159,0.311101,0.684189,-0.301373,0.488542,0.514376,-0.391027,-1.918722,1.084088,4.118410,1.134037,0.000280,-0.026076,0.002398,0.017477,0.000249,0.006705,0.000356
49.074001,-0.830105,-1.206972,0.192606,0.684873,0.693885,0.997192,-0.528080,-0.205506,-0.321826,0.153034,0.083102,0.311421,0.684023,-0.301499,0.488539,0.514350,-0.391031,-1.918713,1.084089,4.118420,1.134040,-0.001024,-0.025281,0.000143,0.014885,0.000688,0.007731,0.000374
49.075068,-0.832352,-1.207977,0.190497,0.684261,0.693742,0.996720,-0.527189,-0.210444,-0.321603,0.150649,0.082086,0.311468,0.683968,-0.301749,0.488542,0.514300,-0.391030,-1.918675,1.084088,4.118433,1.134032,0.000457,-0.024904,-0.000017,0.017038,-0.000092,0.008338,-0.001891
49.076018,-0.830858,-1.208299,0.190392,0.684142,0.693857,0.996374,-0.527803,-0.210444,-0.321603,0.150649,0.082086,0.311468,0.683968,-0.301749,0.488542,0.514300,-0.391030,-1.918675,1.084088,4.118433,1.134032,0.000457,-0.024904,-0.000017,0.017038,-0.000092,0.008338,-0.001891
49.076990,-0.830023,-1.205474,0.191325,0.682743,0.694519,0.997153,-0.527272,-0.212488,-0.323984,0.149398,0.082952,0.311441,0.684024,-0.301862,0.488540,0.514275,-0.391031,-1.918659,1.084089,4.118442,1.134035,-0.000283,-0.024444,0.000042,0.016764,-0.000217,0.008630,-0.000647
49.077953,-0.827116,-1.205626,0.189084,0.682934,0.694690,0.997437,-0.528181,-0.214897,-0.331825,0.147507,0.086203,0.311262,0.684248,-0.301969,0.488535,0.514223,-0.391031,-1.918624,1.084087,4.118456,1.134036,-0.002108,-0.025159,0.000704,0.017136,-0.001035,0.007480,0.000112
49.079064,-0.826899,-1.204396,0.188897,0.681185,0.693012,0.997577,-0.527600,-0.212205,-0.334698,0.149496,0.087775,0.310937,0.684402,-0.301968,0.488534,0.514198,-0.391031,-1.918602,1.084089,4.118461,1.134031,-0.002182,-0.025479,0.000786,0.018374,0.000647,0.007310,-0.001060
49.080039,-0.829672,-1.207710,0.188699,0.681007,0.693731,0.997294,-0.528283,-0.212205,-0.334698,0.149496,0.087775,0.310937,0.684402,-0.301968,0.488534,0.514198,-0.391031,-1.918602,1.084089,4.118461,1.134031,-0.002182,-0.025479,0.000786,0.018374,0.000647,0.007310,-0.001060
49.080963,-0.831323,-1.204844,0.189906,0.681379,0.693286,0.998576,-0.528454,-0.208930,-0.338407,0.151653,0.089633,0.310553,0.684609,-0.301949,0.488535,0.514177,-0.391031,-1.918585,1.084088,4.118468,1.134036,-0.000801,-0.023552,0.000886,0.018137,-0.000089,0.007553,0.000310
49.081974,-0.830630,-1.206892,0.189026,0.680625,0.693672,0.997602,-0.528514,-0.208296,-0.344902,0.151279,0.092331,0.310279,0.684878,-0.301932,0.488537,0.514149,-0.391033,-1.918569,1.084089,4.118471,1.134038,-0.000002,-0.024671,0.000297,0.017363,0.000360,0.006238,0.000637
49.082983,-0.831733,-1.200474,0.189713,0.680580,0.693923,0.997276,-0.528060,-0.210842,-0.354243,0.147990,0.096083,0.310127,0.685215,-0.301945,0.488537,0.514127,-0.391033,-1.918552,1.084088,4.118478,1.134038,-0.000360,-0.023361,0.000751,0.017734,-0.000026,0.007194,0.000752
49.084037,-0.829143,-1.203474,0.188981,0.679158,0.693946,0.996939,-0.527408,-0.215378,-0.363774,0.143141,0.099911,0.310055,0.685539,-0.302023,0.488539,0.514094,-0.391032,-1.918534,1.084087,4.118487,1.134034,0.000180,-0.026223,0.000378,0.017339,-0.000268,0.007461,-0.000149
49.085070,-0.829762,-1.203055,0.189516,0.679723,0.693114,0.997531,-0.526944,-0.220277,-0.370479,0.138465,0.102587,0.310025,0.685752,-0.302181,0.488535,0.514073,-0.391031,-1.918515,1.084087,4.118493,1.134032,-0.001092,-0.024416,0.000741,0.018318,-0.000289,0.007762,-0.001452
49.086064,-0.830872,-1.200182,0.190019,0.677140,0.694270,0.997091,-0.528203,-0.223762,-0.375784,0.135046,0.104887,0.309912,0.685975,-0.302391,0.488535,0.514047,-0.391031,-1.918501,1.084089,4.118496,1.134027,-0.000766,-0.024336,0.000472,0.017382,0.000536,0.007139,-0.002354
49.086939,-0.829876,-1.200031,0.191154,0.676305,0.694266,0.997104,-0.528272,-0.227485,-0.381401,0.131391,0.107002,0.309627,0.686452,-0.302763,0.488535,0.513995,-0.391033,-1.918456,1.084087,4.118511,1.134031,-0.000717,-0.025224,-0.000323,0.019742,-0.000602,0.007483,0.000298
49.088069,-0.830479,-1.199576,0.191885,0.676336,0.694045,0.996455,-0.528068,-0.227485,-0.381401,0.131391,0.107002,0.309627,0.686452,-0.302763,0.488535,0.513995,-0.391033,-1.918456,1.084087,4.118511,1.134031,-0.000717,-0.025224,-0.000323,0.019742,-0.000602,0.007483,0.000298
49.089089,-0.832514,-1.198665,0.190540,0.674533,0.693185,0.997450,-0.528828,-0.227569,-0.378840,0.131780,0.105134,0.309558,0.686578,-0.302866,0.488535,0.513970,-0.391034,-1.918438,1.084087,4.118519,1.134030,-0.000408,-0.025149,-0.000678,0.019278,-0.000386,0.008091,-0.000112
49.089962,-0.831549,-1.199826,0.191572,0.674931,0.693401,0.997675,-0.528738,-0.227395,-0.374563,0.132617,0.102322,0.309542,0.686656,-0.302905,0.488537,0.513945,-0.391032,-1.918415,1.084090,4.118525,1.134032,0.000601,-0.025306,-0.000018,0.020541,0.000448,0.007043,0.001418
49.090993,-0.834205,-1.199699,0.193578,0.673329,0.693273,0.997491,-0.528707,-0.231485,-0.367321,0.130644,0.096501,0.309844,0.686761,-0.302838,0.488541,0.513896,-0.391036,-1.918374,1.084089,4.118540,1.134032,0.001403,-0.024202,-0.001509,0.020748,0.000367,0.006922,0.001162
49.092062,-0.831718,-1.200070,0.190649,0.671557,0.693351,0.997604,-0.528756,-0.231485,-0.367321,0.130644,0.096501,0.309844,0.686761,-0.302838,0.488541,0.513896,-0.391036,-1.918374,1.084089,4.118540,1.134032,0.001403,-0.024202,-0.001509,0.020748,0.000367,0.006922,0.001162
49.092999,-0.831026,-1.199188,0.189173,0.671363,0.694726,0.998026,-0.527627,-0.234938,-0.366257,0.128242,0.094354,0.310081,0.686819,-0.302792,0.488539,0.513874,-0.391033,-1.918349,1.084090,4.118545,1.134033,0.000156,-0.023746,-0.000052,0.021941,0.000280,0.006780,0.001255
49.094067,-0.831283,-1.197470,0.192207,0.670951,0.693639,0.997096,-0.528330,-0.239360,-0.366571,0.124945,0.092272,0.310405,0.686854,-0.302781,0.488539,0.513849,-0.391031,-1.918329,1.084087,4.118551,1.134027,-0.000182,-0.023892,0.000656,0.021635,-0.001075,0.006319,-0.001002
49.095004,-0.831857,-1.197814,0.189955,0.671136,0.695223,0.997867,-0.528259,-0.246538,-0.368562,0.119500,0.088950,0.310901,0.686824,-0.302848,0.488539,0.513798,-0.391033,-1.918288,1.084087,4.118562,1.134030,0.000242,-0.023962,0.000289,0.020861,-0.001574,0.006407,0.000271
49.096028,-0.829941,-1.194972,0.189129,0.669033,0.695608,0.996751,-0.528074,-0.246538,-0.368562,0.119500,0.088950,0.310901,0.686824,-0.302848,0.488539,0.513798,-0.391033,-1.918288,1.084087,4.118562,1.134030,0.000242,-0.023962,0.000289,0.020861,-0.001574,0.006407,0.000271
49.096964,-0.829271,-1.196700,0.188779,0.668882,0.693780,0.997696,-0.528359,-0.249408,-0.369318,0.117445,0.087790,0.311062,0.686767,-0.302883,0.488538,0.513771,-0.391033,-1.918262,1.084085,4.118572,1.134027,-0.000722,-0.025073,0.000695,0.022358,-0.001932,0.007481,-0.000088
49.097942,-0.828677,-1.193162,0.188605,0.668251,0.693641,0.997495,-0.528572,-0.251837,-0.369079,0.115921,0.086415,0.311217,0.686726,-0.302923,0.488537,0.513750,-0.391033,-1.918241,1.084089,4.118578,1.134029,-0.001036,-0.023938,0.000868,0.022009,-0.000120,0.006482,0.000484
49.099010,-0.829485,-1.196068,0.192921,0.666915,0.694241,0.997133,-0.527871,-0.252692,-0.368038,0.115703,0.085175,0.311263,0.686766,-0.302965,0.488533,0.513722,-0.391033,-1.918219,1.084090,4.118583,1.134032,-0.001288,-0.025393,0.000958,0.022095,-0.000007,0.006664,0.000895
49.099939,-0.831931,-1.195752,0.188985,0.665453,0.694273,0.997427,-0.528009,-0.251088,-0.366238,0.117453,0.084311,0.311120,0.686909,-0.303017,0.488534,0.513702,-0.391038,-1.918193,1.084088,4.118591,1.134028,-0.000891,-0.023676,-0.001167,0.022831,-0.000597,0.006980,-0.000506
49.100950,-0.827924,-1.194241,0.191178,0.664776,0.692137,0.997125,-0.528549,-0.248640,-0.364916,0.119809,0.083892,0.310909,0.687174,-0.303091,0.488536,0.513680,-0.391032,-1.918166,1.084087,4.118599,1.134028,0.000323,-0.023578,0.000772,0.023649,-0.000616,0.006629,-0.000216
49.102011,-0.832178,-1.196327,0.190031,0.661841,0.692926,0.996209,-0.528386,-0.247132,-0.364666,0.121318,0.083821,0.310746,0.687540,-0.303190,0.488533,0.513655,-0.391033,-1.918142,1.084092,4.118609,1.134028,-0.001675,-0.024046,-0.000341,0.023744,0.001495,0.006877,0.000871
49.103136,-0.829897,-1.193413,0.188304,0.661582,0.693484,0.996353,-0.528119,-0.246949,-0.364048,0.122231,0.082550,0.310597,0.688253,-0.303396,0.488534,0.513606,-0.391031,-1.918087,1.084089,4.118626,1.134026,-0.000698,-0.023875,0.001091,0.025601,0.000150,0.007542,0.000005
49.104003,-0.830976,-1.194609,0.191402,0.660822,0.692270,0.997187,-0.527716,-0.246949,-0.364048,0.122231,0.082550,0.310597,0.688253,-0.303396,0.488534,0.513606,-0.391031,-1.918087,1.084089,4.118626,1.134026,-0.000698,-0.023875,0.001091,0.025601,0.000150,0.007542,0.000005
49.104949,-0.828517,-1.194598,0.189576,0.659231,0.692872,0.998131,-0.527872,-0.249886,-0.363187,0.120469,0.080923,0.310741,0.688453,-0.303478,0.488536,0.513585,-0.391035,-1.918061,1.084092,4.118633,1.134024,-0.000161,-0.023006,-0.000436,0.025733,0.001357,0.006660,-0.000797
49.105955,-0.830257,-1.192197,0.191627,0.657494,0.693771,0.997562,-0.527923,-0.251787,-0.362552,0.119407,0.079651,0.310783,0.688648,-0.303533,0.488532,0.513565,-0.391033,-1.918032,1.084090,4.118640,1.134026,-0.001366,-0.022774,0.000477,0.026644,0.000754,0.005674,-0.000478
49.106945,-0.829287,-1.194397,0.190118,0.658261,0.694698,0.998358,-0.528093,-0.251170,-0.359457,0.120886,0.076754,0.310613,0.689065,-0.303580,0.488532,0.513519,-0.391033,-1.917980,1.084087,4.118654,1.134027,-0.000973,-0.022316,0.000204,0.026337,-0.001051,0.005361,-0.000042
49.107971,-0.829899,-1.196160,0.189453,0.655362,0.694394,0.998186,-0.527641,-0.251170,-0.359457,0.120886,0.076754,0.310613,0.689065,-0.303580,0.488532,0.513519,-0.391033,-1.917980,1.084087,4.118654,1.134027,-0.000973,-0.022316,0.000204,0.026337,-0.001051,0.005361,-0.000042
49.108989,-0.829471,-1.197120,0.190747,0.654568,0.695246,0.998155,-0.527513,-0.250862,-0.359767,0.121292,0.076336,0.310529,0.689379,-0.303589,0.488532,0.513501,-0.391033,-1.917946,1.084089,4.118662,1.134025,-0.000660,-0.021221,0.000536,0.028455,-0.000749,0.005497,-0.000949
49.109986,-0.830264,-1.196831,0.192552,0.653367,0.693510,0.996648,-0.527967,-0.251700,-0.364169,0.120114,0.077522,0.310521,0.689893,-0.303600,0.488530,0.513482,-0.391034,-1.917917,1.084086,4.118670,1.134023,-0.000853,-0.020513,-0.000116,0.028529,-0.001582,0.005480,-0.001193
49.111022,-0.828725,-1.194436,0.191235,0.652136,0.693170,0.996921,-0.527938,-0.252502,-0.371514,0.118447,0.079861,0.310522,0.690566,-0.303604,0.488531,0.513463,-0.391035,-1.917885,1.084090,4.118681,1.134025,-0.000468,-0.020439,-0.001001,0.028987,0.000140,0.006935,-0.000279
49.111985,-0.826906,-1.192039,0.190944,0.651705,0.692791,0.996488,-0.527379,-0.251933,-0.379148,0.117748,0.082531,0.310431,0.691255,-0.303588,0.488528,0.513440,-0.391035,-1.917854,1.084090,4.118687,1.134022,-0.001208,-0.021365,-0.000330,0.029458,0.000466,0.006610,-0.000337
49.112941,-0.827699,-1.195106,0.188930,0.649477,0.693127,0.995367,-0.528012,-0.249130,-0.383840,0.119152,0.084378,0.310192,0.691802,-0.303556,0.488523,0.513418,-0.391035,-1.917826,1.084091,4.118694,1.134021,-0.002062,-0.022299,-0.000190,0.029212,0.000830,0.007005,-0.001460
49.113985,-0.828780,-1.191522,0.192036,0.650478,0.694013,0.995973,-0.527921,-0.244740,-0.385530,0.122131,0.085303,0.309833,0.692173,-0.303506,0.488523,0.513402,-0.391033,-1.917793,1.084088,4.118702,1.134021,-0.001642,-0.020550,0.000801,0.030674,0.000520,0.008086,-0.000173
49.114986,-0.830650,-1.192931,0.192977,0.646238,0.693028,0.995848,-0.527794,-0.237578,-0.385238,0.127245,0.085756,0.309184,0.692453,-0.303326,0.488524,0.513357,-0.391040,-1.917729,1.084089,4.118716,1.134022,-0.000181,-0.021105,-0.001157,0.032402,0.000623,0.007508,-0.000629
49.115968,-0.825168,-1.191127,0.193883,0.646175,0.693291,0.997207,-0.527334,-0.237578,-0.385238,0.127245,0.085756,0.309184,0.692453,-0.303326,0.488524,0.513357,-0.391040,-1.917729,1.084089,4.118716,1.134022,-0.000181,-0.021105,-0.001157,0.032402,0.000623,0.007508,-0.000629
49.117075,-0.826307,-1.191053,0.192772,0.646862,0.694601,0.996595,-0.527476,-0.233345,-0.381426,0.130908,0.084036,0.308931,0.692391,-0.303246,0.488517,0.513334,-0.391040,-1.917698,1.084090,4.118721,1.134021,-0.002869,-0.021744,-0.001612,0.031668,0.000340,0.006107,-0.001551
49.117997,-0.831192,-1.193061,0.195410,0.645564,0.695048,0.996865,-0.528129,-0.225001,-0.375902,0.137889,0.081914,0.308467,0.692355,-0.303198,0.488517,0.513314,-0.391037,-1.917670,1.084089,4.118729,1.134018,-0.002267,-0.021533,-0.001075,0.030302,-0.000972,0.006691,-0.001243
49.118969,-0.828464,-1.190900,0.189944,0.642845,0.695576,0.997278,-0.527839,-0.215141,-0.371800,0.145690,0.081054,0.307869,0.692383,-0.303168,0.488520,0.513296,-0.391043,-1.917638,1.084086,4.118733,1.134021,0.000155,-0.020305,-0.002343,0.030853,-0.001387,0.006387,0.000065
49.119979,-0.826142,-1.191227,0.191163,0.642404,0.694523,0.996948,-0.527081,-0.206827,-0.369457,0.151658,0.080313,0.307451,0.692438,-0.303129,0.488511,0.513253,-0.391037,-1.917569,1.084090,4.118748,1.134013,-0.002295,-0.020720,-0.000278,0.032345,-0.000884,0.006219,-0.002029
49.120941,-0.828839,-1.191451,0.193305,0.640887,0.695227,0.996167,-0.527756,-0.206827,-0.369457,0.151658,0.080313,0.307451,0.692438,-0.303129,0.488511,0.513253,-0.391037,-1.917569,1.084090,4.118748,1.134013,-0.002295,-0.020720,-0.000278,0.032345,-0.000884,0.006219,-0.002029
49.122073,-0.828154,-1.190414,0.193921,0.641052,0.693128,0.996551,-0.528473,-0.205157,-0.368922,0.152538,0.079398,0.307457,0.692507,-0.303089,0.488512,0.513234,-0.391042,-1.917534,1.084087,4.118756,1.134017,-0.000942,-0.020372,-0.001305,0.033043,-0.001578,0.006956,-0.000668
49.123053,-0.829860,-1.194165,0.193638,0.638907,0.694162,0.997184,-0.528589,-0.202973,-0.368868,0.153671,0.078690,0.307418,0.692635,-0.302995,0.488510,0.513212,-0.391043,-1.917504,1.084091,4.118763,1.134022,-0.001275,-0.020641,-0.001587,0.032124,0.000508,0.006520,0.000749
49.123983,-0.829544,-1.192207,0.190963,0.639016,0.695479,0.997173,-0.528482,-0.200850,-0.370631,0.154473,0.078845,0.307324,0.692870,-0.302855,0.488511,0.513197,-0.391045,-1.917467,1.084090,4.118770,1.134023,-0.000422,-0.018555,-0.001413,0.033425,-0.000540,0.005845,0.000965
49.125107,-0.828207,-1.190134,0.189480,0.637443,0.694437,0.996555,-0.527986,-0.200859,-0.376153,0.153116,0.080383,0.307294,0.693254,-0.302712,0.488510,0.513176,-0.391042,-1.917435,1.084086,4.118778,1.134023,-0.000582,-0.019311,-0.000109,0.032516,-0.001820,0.005813,0.000747
49.126013,-0.828058,-1.191159,0.190061,0.635926,0.693975,0.996053,-0.528458,-0.204118,-0.383829,0.149019,0.082528,0.307439,0.693651,-0.302614,0.488508,0.513153,-0.391041,-1.917400,1.084088,4.118784,1.134020,-0.001220,-0.020068,0.000624,0.033253,-0.000777,0.006397,-0.000241
49.127034,-0.824922,-1.191810,0.191920,0.635623,0.694383,0.996683,-0.527588,-0.212241,-0.397177,0.140067,0.085820,0.307842,0.694203,-0.302586,0.488501,0.513117,-0.391042,-1.917330,1.084090,4.118799,1.134020,-0.002789,-0.018790,-0.000606,0.033390,-0.000754,0.006172,-0.001046
49.127989,-0.825228,-1.191440,0.190786,0.633962,0.693671,0.996520,-0.527942,-0.212241,-0.397177,0.140067,0.085820,0.307842,0.694203,-0.302586,0.488501,0.513117,-0.391042,-1.917330,1.084090,4.118799,1.134020,-0.002789,-0.018790,-0.000606,0.033390,-0.000754,0.006172,-0.001046
49.128991,-0.825550,-1.192214,0.188902,0.632204,0.695315,0.996663,-0.527978,-0.210800,-0.403899,0.139734,0.088161,0.307654,0.694605,-0.302616,0.488499,0.513098,-0.391040,-1.917293,1.084090,4.118805,1.134021,-0.002604,-0.018748,-0.000047,0.034172,-0.000032,0.006302,-0.000315
49.130024,-0.826843,-1.187109,0.188628,0.633670,0.694668,0.995591,-0.527662,-0.206904,-0.410920,0.141166,0.090718,0.307320,0.695118,-0.302662,0.488498,0.513082,-0.391038,-1.917257,1.084087,4.118814,1.134018,-0.002431,-0.018163,0.000873,0.035079,-0.001671,0.006102,-0.000241
49.130979,-0.827038,-1.187879,0.190881,0.631218,0.693795,0.995886,-0.528389,-0.204426,-0.417161,0.141604,0.092656,0.307124,0.695574,-0.302712,0.488498,0.513055,-0.391039,-1.917228,1.084088,4.118827,1.134014,-0.001771,-0.020423,0.001015,0.032886,-0.001013,0.007107,-0.000860
49.132003,-0.822085,-1.188296,0.189225,0.629992,0.693730,0.996434,-0.528602,-0.203824,-0.420550,0.141076,0.093495,0.307068,0.695802,-0.302740,0.488497,0.513039,-0.391043,-1.917189,1.084090,4.118833,1.134016,-0.001669,-0.019814,-0.000076,0.034441,-0.000154,0.006766,0.000604
49.132956,-0.830211,-1.186921,0.188538,0.626788,0.695132,0.996183,-0.528616,-0.202106,-0.420981,0.141915,0.093367,0.306948,0.695885,-0.302724,0.488489,0.513020,-0.391042,-1.917154,1.084090,4.118839,1.134020,-0.004077,-0.019381,0.000753,0.034796,-0.000104,0.006181,0.001003
49.133942,-0.825801,-1.187361,0.192274,0.628388,0.695056,0.996409,-0.528403,-0.200180,-0.419294,0.143351,0.091870,0.306874,0.695903,-0.302687,0.488497,0.512999,-0.391040,-1.917112,1.084088,4.118847,1.134022,-0.000050,-0.019824,0.001073,0.037025,-0.001496,0.006391,0.001021
49.135068,-0.826680,-1.188703,0.189281,0.626160,0.693899,0.996572,-0.527790,-0.201109,-0.415913,0.143076,0.088718,0.307064,0.695807,-0.302665,0.488491,0.512979,-0.391044,-1.917082,1.084090,4.118854,1.134019,-0.002243,-0.019365,-0.000770,0.034654,-0.001423,0.006115,0.000603
49.136070,-0.827771,-1.187348,0.188451,0.624854,0.695503,0.996337,-0.528212,-0.202360,-0.413208,0.142592,0.085842,0.307257,0.695738,-0.302667,0.488491,0.512962,-0.391040,-1.917045,1.084091,4.118862,1.134015,-0.001768,-0.018485,0.000714,0.036024,-0.000265,0.005907,-0.000615
49.137076,-0.825550,-1.184682,0.189183,0.623766,0.694777,0.996001,-0.528322,-0.204054,-0.412638,0.141515,0.083963,0.307438,0.695757,-0.302692,0.488492,0.512944,-0.391038,-1.917007,1.084087,4.118870,1.134017,-0.001242,-0.018955,0.001093,0.036426,-0.001857,0.006097,0.000243
49.138065,-0.827303,-1.185976,0.189085,0.625237,0.692357,0.995964,-0.528070,-0.207544,-0.411876,0.139167,0.081689,0.307768,0.695725,-0.302739,0.488486,0.512921,-0.391039,-1.916970,1.084087,4.118878,1.134018,-0.002298,-0.020023,0.000737,0.036617,-0.001114,0.006385,0.000449
49.139060,-0.825387,-1.189424,0.189792,0.621915,0.694551,0.996365,-0.528581,-0.210592,-0.410056,0.137303,0.079426,0.308039,0.695621,-0.302796,0.488487,0.512904,-0.391038,-1.916940,1.084090,4.118886,1.134015,-0.001412,-0.019151,0.000770,0.034402,0.001292,0.006374,-0.000048
49.139983,-0.826139,-1.185139,0.188700,0.621032,0.694533,0.994843,-0.528066,-0.213013,-0.413885,0.134960,0.080251,0.308023,0.695666,-0.302852,0.488482,0.512868,-0.391038,-1.916862,1.084088,4.118903,1.134017,-0.001934,-0.019158,0.000971,0.036767,-0.000884,0.007406,-0.000069
49.141113,-0.826930,-1.188403,0.189083,0.619997,0.693868,0.994346,-0.527952,-0.213899,-0.417552,0.133705,0.081389,0.307997,0.695654,-0.302868,0.488481,0.512852,-0.391038,-1.916826,1.084090,4.118911,1.134016,-0.001528,-0.017303,0.000774,0.036936,-0.000236,0.007847,-0.000286
49.142020,-0.829379,-1.185776,0.190903,0.620917,0.694965,0.994677,-0.527566,-0.213899,-0.417552,0.133705,0.081389,0.307997,0.695654,-0.302868,0.488481,0.512852,-0.391038,-1.916826,1.084090,4.118911,1.134016,-0.001528,-0.017303,0.000774,0.036936,-0.000236,0.007847,-0.000286
49.142987,-0.829073,-1.184882,0.189545,0.618116,0.694457,0.995900,-0.527337,-0.216176,-0.422343,0.131197,0.083124,0.308029,0.695526,-0.302895,0.488483,0.512831,-0.391040,-1.916793,1.084089,4.118915,1.134015,-0.000316,-0.018395,-0.000121,0.035186,-0.001334,0.007483,-0.001060
49.143989,-0.827531,-1.182112,0.192436,0.616427,0.695221,0.996426,-0.528126,-0.220232,-0.427575,0.127281,0.085323,0.308126,0.695281,-0.302925,0.488480,0.512812,-0.391038,-1.916751,1.084091,4.118918,1.134011,-0.000457,-0.018605,0.000553,0.037015,-0.000834,0.006235,-0.001500
49.145141,-0.829488,-1.186484,0.192114,0.615193,0.695323,0.995988,-0.528272,-0.224498,-0.429518,0.123768,0.086058,0.308282,0.694884,-0.302948,0.488478,0.512790,-0.391042,-1.916711,1.084089,4.118923,1.134013,-0.001201,-0.019733,-0.000871,0.037750,-0.001586,0.005684,0.000092
49.146090,-0.828118,-1.187381,0.189916,0.615139,0.694019,0.996053,-0.527419,-0.227036,-0.427846,0.122205,0.085025,0.308410,0.694420,-0.302928,0.488479,0.512777,-0.391042,-1.916674,1.084090,4.118931,1.134014,-0.000221,-0.017355,-0.000694,0.038087,-0.001699,0.006084,0.000368
49.147019,-0.828039,-1.186875,0.190176,0.614275,0.694294,0.995405,-0.528474,-0.229060,-0.427817,0.120825,0.084678,0.308487,0.694081,-0.302837,0.488477,0.512758,-0.391040,-1.916638,1.084091,4.118934,1.134009,-0.000892,-0.016701,0.000393,0.037270,-0.000383,0.005998,-0.001339
49.147960,-0.826880,-1.185996,0.190318,0.613176,0.693139,0.996270,-0.528471,-0.231572,-0.432720,0.118286,0.086858,0.308476,0.693953,-0.302666,0.488476,0.512741,-0.391040,-1.916599,1.084088,4.118942,1.134014,-0.000917,-0.016751,0.000251,0.037191,-0.000643,0.006600,0.000790
49.149044,-0.825183,-1.183365,0.190580,0.611928,0.693966,0.996620,-0.528312,-0.233338,-0.440707,0.115799,0.091070,0.308301,0.693964,-0.302437,0.488473,0.512722,-0.391040,-1.916560,1.084090,4.118946,1.134015,-0.001472,-0.016969,0.000181,0.037361,0.000505,0.005701,0.000758
49.150107,-0.823837,-1.180574,0.190278,0.610619,0.694191,0.997641,-0.527948,-0.232486,-0.448214,0.115351,0.095801,0.307913,0.694007,-0.302204,0.488471,0.512703,-0.391040,-1.916521,1.084091,4.118951,1.134014,-0.002294,-0.018067,0.000049,0.037686,-0.000357,0.005325,0.000439
49.151121,-0.826562,-1.182743,0.190497,0.608272,0.692621,0.997423,-0.527812,-0.220247,-0.449419,0.124531,0.100699,0.306673,0.693737,-0.301905,0.488470,0.512667,-0.391040,-1.916443,1.084092,4.118958,1.134012,-0.001570,-0.017913,0.000090,0.039468,0.001006,0.004486,-0.000550
49.152045,-0.825051,-1.180946,0.191962,0.607052,0.693711,0.996537,-0.527327,-0.220247,-0.449419,0.124531,0.100699,0.306673,0.693737,-0.301905,0.488470,0.512667,-0.391040,-1.916443,1.084092,4.118958,1.134012,-0.001570,-0.017913,0.000090,0.039468,0.001006,0.004486,-0.000550
49.153005,-0.825946,-1.180137,0.190442,0.606002,0.693132,0.997021,-0.527549,-0.212806,-0.444015,0.131112,0.100148,0.306130,0.693360,-0.301874,0.488466,0.512648,-0.391042,-1.916403,1.084088,4.118965,1.134008,-0.002296,-0.018603,-0.000627,0.039725,-0.000069,0.005336,-0.001511
49.154045,-0.826388,-1.181693,0.190237,0.604428,0.692490,0.997348,-0.527347,-0.205767,-0.435952,0.137860,0.097981,0.305699,0.692836,-0.301898,0.488465,0.512628,-0.391040,-1.916362,1.084089,4.118968,1.134009,-0.001828,-0.018764,0.000126,0.039790,0.000514,0.004818,-0.001057
49.155018,-0.826558,-1.184253,0.192847,0.602741,0.691576,0.996409,-0.528013,-0.196891,-0.419472,0.147443,0.092227,0.305255,0.691685,-0.301934,0.488462,0.512599,-0.391044,-1.916280,1.084092,4.118978,1.134010,-0.001487,-0.016350,-0.001050,0.041097,0.002040,0.005386,-0.000126
49.156000,-0.826673,-1.182660,0.191545,0.601846,0.691150,0.996038,-0.527852,-0.196891,-0.419472,0.147443,0.092227,0.305255,0.691685,-0.301934,0.488462,0.512599,-0.391044,-1.916280,1.084092,4.118978,1.134010,-0.001487,-0.016350,-0.001050,0.041097,0.002040,0.005386,-0.000126
49.156952,-0.826808,-1.182951,0.189788,0.602682,0.693106,0.997497,-0.528326,-0.194270,-0.415545,0.150168,0.090636,0.305099,0.691274,-0.301889,0.488461,0.512581,-0.391044,-1.916240,1.084095,4.118983,1.134009,-0.001425,-0.016946,-0.000379,0.041009,0.002434,0.005718,-0.000459
49.157939,-0.826531,-1.184621,0.190665,0.600912,0.692971,0.996161,-0.528398,-0.192962,-0.414852,0.151379,0.090413,0.304956,0.690960,-0.301801,0.488461,0.512564,-0.391041,-1.916205,1.084090,4.118984,1.134012,-0.001348,-0.016584,0.000463,0.039311,0.000508,0.004238,0.000490
49.159150,-0.826248,-1.181942,0.193393,0.599543,0.692905,0.997836,-0.528132,-0.194439,-0.424680,0.148838,0.095598,0.304692,0.690666,-0.301545,0.488457,0.512532,-0.391042,-1.916122,1.084091,4.118995,1.134010,-0.001592,-0.016723,-0.001348,0.040485,0.000716,0.003833,0.000093
49.160052,-0.825867,-1.183689,0.191535,0.598386,0.692084,0.997928,-0.527815,-0.194439,-0.424680,0.148838,0.095598,0.304692,0.690666,-0.301545,0.488457,0.512532,-0.391042,-1.916122,1.084091,4.118995,1.134010,-0.001592,-0.016723,-0.001348,0.040485,0.000716,0.003833,0.000093
49.161034,-0.828673,-1.183857,0.189524,0.596917,0.693173,0.998462,-0.527740,-0.193370,-0.431081,0.148760,0.099112,0.304443,0.690606,-0.301429,0.488455,0.512519,-0.391040,-1.916081,1.084092,4.118998,1.134006,-0.001756,-0.015673,-0.000422,0.040656,0.001535,0.003738,-0.000526
49.162063,-0.827585,-1.181048,0.190813,0.593637,0.691431,0.998316,-0.528304,-0.193100,-0.438249,0.148015,0.102669,0.304288,0.690561,-0.301328,0.488457,0.512504,-0.391039,-1.916038,1.084091,4.119000,1.134008,-0.000355,-0.015408,0.000580,0.041109,0.000434,0.003186,-0.000677
49.163107,-0.829076,-1.179272,0.190813,0.594091,0.692587,0.998278,-0.528642,-0.196641,-0.445248,0.144514,0.105161,0.304479,0.690432,-0.301238,0.488454,0.512483,-0.391042,-1.915990,1.084095,4.119004,1.134010,-0.000889,-0.016580,-0.000054,0.043244,0.002164,0.003316,0.000456
49.164021,-0.827919,-1.180626,0.191944,0.591778,0.695133,0.997537,-0.528286,-0.202778,-0.448317,0.139827,0.104981,0.304983,0.690092,-0.301158,0.488456,0.512464,-0.391042,-1.915951,1.084091,4.119009,1.134009,-0.000148,-0.017234,-0.000046,0.041818,0.001019,0.003320,0.001130
49.164970,-0.827961,-1.179716,0.190392,0.589758,0.693725,0.997762,-0.528522,-0.209619,-0.447340,0.135415,0.102647,0.305639,0.689574,-0.301083,0.488452,0.512449,-0.391042,-1.915906,1.084088,4.119013,1.134007,-0.000692,-0.016362,-0.000616,0.043085,-0.001506,0.004049,0.000413
49.165995,-0.828052,-1.181108,0.190182,0.588489,0.693281,0.997459,-0.528282,-0.216350,-0.444173,0.131590,0.099060,0.306387,0.688981,-0.301007,0.488449,0.512433,-0.391040,-1.915862,1.084093,4.119016,1.134011,-0.000630,-0.016634,0.000152,0.044030,-0.000112,0.003792,0.000882
49.167046,-0.827500,-1.181033,0.191948,0.585045,0.694463,0.997260,-0.528153,-0.223142,-0.440169,0.127957,0.094722,0.307200,0.688367,-0.300940,0.488447,0.512421,-0.391040,-1.915817,1.084092,4.119023,1.134008,-0.000569,-0.015792,0.000250,0.044216,0.000338,0.004059,0.000402
49.168058,-0.824753,-1.180286,0.190486,0.584360,0.694838,0.997297,-0.528092,-0.229740,-0.436229,0.124529,0.090013,0.308026,0.687774,-0.300888,0.488444,0.512406,-0.391042,-1.915766,1.084089,4.119030,1.134008,-0.000810,-0.015656,-0.000621,0.046471,-0.000837,0.004218,0.000148
49.169027,-0.826488,-1.179698,0.188097,0.583705,0.694279,0.997619,-0.527712,-0.234232,-0.431769,0.122834,0.084739,0.308764,0.687231,-0.300845,0.488439,0.512391,-0.391042,-1.915722,1.084091,4.119033,1.134007,-0.002137,-0.015851,0.000126,0.046054,-0.001217,0.004158,0.000032
49.169956,-0.824644,-1.182285,0.186486,0.581973,0.694191,0.996992,-0.528755,-0.236716,-0.427085,0.122660,0.079440,0.309368,0.686745,-0.300809,0.488441,0.512375,-0.391038,-1.915678,1.084092,4.119038,1.134006,-0.001262,-0.015950,0.001282,0.045660,-0.000664,0.003804,-0.000732
49.171044,-0.826031,-1.185413,0.190245,0.581440,0.693781,0.996461,-0.527199,-0.243242,-0.427350,0.119116,0.074132,0.310292,0.686256,-0.300719,0.488438,0.512356,-0.391040,-1.915585,1.084093,4.119048,1.134003,-0.001454,-0.012844,0.000199,0.045692,-0.000179,0.004911,-0.001768
49.172104,-0.828760,-1.186789,0.187487,0.578481,0.694457,0.996110,-0.527935,-0.243242,-0.427350,0.119116,0.074132,0.310292,0.686256,-0.300719,0.488438,0.512356,-0.391040,-1.915585,1.084093,4.119048,1.134003,-0.001454,-0.012844,0.000199,0.045692,-0.000179,0.004911,-0.001768
49.172952,-0.824667,-1.182999,0.191158,0.577530,0.692928,0.994697,-0.528007,-0.247691,-0.437073,0.114706,0.076245,0.310557,0.686482,-0.300654,0.488440,0.512344,-0.391036,-1.915534,1.084089,4.119052,1.134006,-0.000114,-0.012025,0.001564,0.047441,-0.000826,0.005234,-0.000265
49.174032,-0.826965,-1.185330,0.188124,0.575802,0.692940,0.994092,-0.528137,-0.253155,-0.450190,0.108954,0.079902,0.310785,0.686873,-0.300582,0.488433,0.512328,-0.391040,-1.915486,1.084092,4.119060,1.134006,-0.002104,-0.013746,-0.000257,0.047221,0.000702,0.006608,-0.000130
49.175050,-0.825954,-1.182616,0.188903,0.574440,0.693433,0.993754,-0.528568,-0.257059,-0.462155,0.104531,0.083449,0.310856,0.687242,-0.300510,0.488433,0.512319,-0.391036,-1.915436,1.084094,4.119066,1.134008,-0.000929,-0.012446,0.001247,0.047757,0.000645,0.007169,0.000122
49.175938,-0.825554,-1.184611,0.189187,0.572351,0.694225,0.993870,-0.528094,-0.260178,-0.472013,0.100974,0.086429,0.310825,0.687505,-0.300444,0.488430,0.512305,-0.391036,-1.915388,1.084092,4.119073,1.134009,-0.001418,-0.013658,0.000838,0.047965,0.000169,0.007463,0.000985
49.176977,-0.825750,-1.186010,0.189601,0.572683,0.693166,0.994666,-0.528681,-0.263157,-0.479396,0.097834,0.088417,0.310769,0.687655,-0.300390,0.488430,0.512296,-0.391036,-1.915336,1.084092,4.119080,1.134005,-0.001607,-0.012537,0.000699,0.048817,-0.000627,0.007302,0.000034
49.178028,-0.827553,-1.182144,0.193798,0.567984,0.693464,0.994515,-0.527635,-0.264754,-0.486093,0.095725,0.090391,0.310584,0.687840,-0.300351,0.488429,0.512288,-0.391037,-1.915292,1.084092,4.119084,1.134009,-0.001497,-0.011737,0.000495,0.047406,0.000451,0.006473,0.001215
49.178943,-0.823151,-1.182669,0.191647,0.567368,0.693016,0.994583,-0.528116,-0.261509,-0.492585,0.097384,0.091475,0.309874,0.688253,-0.300340,0.488424,0.512261,-0.391039,-1.915188,1.084092,4.119099,1.134005,-0.002759,-0.013089,-0.000491,0.050234,0.000602,0.006475,0.000099
49.180102,-0.824467,-1.178809,0.189776,0.568034,0.694702,0.994941,-0.527406,-0.261509,-0.492585,0.097384,0.091475,0.309874,0.688253,-0.300340,0.488424,0.512261,-0.391039,-1.915188,1.084092,4.119099,1.134005,-0.002759,-0.013089,-0.000491,0.050234,0.000602,0.006475,0.000099
49.181049,-0.825609,-1.183423,0.188987,0.565655,0.694516,0.995443,-0.527822,-0.255244,-0.487954,0.102994,0.088557,0.309362,0.688328,-0.300349,0.488424,0.512243,-0.391036,-1.915144,1.084091,4.119104,1.134000,-0.002070,-0.014822,0.000416,0.048502,-0.001103,0.006084,-0.001326
49.181991,-0.824286,-1.180632,0.192237,0.565028,0.695578,0.993592,-0.528430,-0.249325,-0.481844,0.108473,0.085301,0.308862,0.688372,-0.300315,0.488423,0.512235,-0.391034,-1.915092,1.084092,4.119111,1.134002,-0.001494,-0.012386,0.000783,0.049670,-0.000908,0.005539,-0.000479
49.183063,-0.826119,-1.181137,0.189345,0.564196,0.694145,0.994189,-0.528936,-0.245224,-0.477003,0.112275,0.082633,0.308465,0.688451,-0.300201,0.488419,0.512219,-0.391038,-1.915044,1.084089,4.119121,1.134003,-0.002112,-0.013619,-0.000815,0.049113,-0.001953,0.007356,0.000735
49.183959,-0.825629,-1.183871,0.192377,0.563755,0.694194,0.992564,-0.528913,-0.241785,-0.473274,0.115312,0.080659,0.308098,0.688538,-0.299995,0.488419,0.512208,-0.391034,-1.914995,1.084093,4.119124,1.134006,-0.001189,-0.013223,0.000614,0.048791,-0.000534,0.006712,0.001734
49.185054,-0.825040,-1.180808,0.192120,0.562653,0.694757,0.993090,-0.528813,-0.239427,-0.471935,0.117062,0.080157,0.307717,0.688627,-0.299721,0.488417,0.512200,-0.391038,-1.914947,1.084089,4.119135,1.134008,-0.001416,-0.011749,-0.000885,0.048075,-0.000557,0.008296,0.001669
49.186023,-0.825528,-1.182110,0.192768,0.560997,0.693331,0.993447,-0.529422,-0.237023,-0.473998,0.118230,0.081774,0.307216,0.688763,-0.299424,0.488416,0.512185,-0.391038,-1.914902,1.084088,4.119140,1.134008,-0.001697,-0.013123,-0.000740,0.048085,-0.001118,0.007720,0.001469
49.187041,-0.824169,-1.183741,0.193386,0.559953,0.694382,0.993062,-0.528383,-0.233322,-0.477148,0.120184,0.084417,0.306573,0.688891,-0.299161,0.488415,0.512174,-0.391040,-1.914850,1.084091,4.119146,1.134012,-0.001435,-0.012326,-0.001047,0.048518,0.000300,0.007327,0.002686
49.187958,-0.825121,-1.181443,0.190136,0.557353,0.694259,0.993384,-0.528097,-0.228412,-0.481206,0.122957,0.087688,0.305820,0.689036,-0.298979,0.488412,0.512166,-0.391042,-1.914802,1.084091,4.119151,1.134007,-0.002095,-0.011412,-0.001335,0.048395,-0.000776,0.007688,0.000593
49.188992,-0.824047,-1.185109,0.188579,0.556750,0.694027,0.992676,-0.526849,-0.223444,-0.486352,0.125709,0.091197,0.305062,0.689196,-0.298908,0.488411,0.512151,-0.391038,-1.914750,1.084093,4.119154,1.134006,-0.001597,-0.012394,0.000267,0.049754,-0.000658,0.007342,0.000040
49.190010,-0.825869,-1.184576,0.193253,0.555002,0.694739,0.993234,-0.527936,-0.221199,-0.492320,0.126384,0.094252,0.304520,0.689307,-0.298939,0.488407,0.512144,-0.391036,-1.914701,1.084093,4.119160,1.134000,-0.002095,-0.010453,0.001012,0.049168,-0.000421,0.008021,-0.002451
49.191027,-0.822489,-1.186059,0.190978,0.554242,0.693086,0.993685,-0.527788,-0.221689,-0.500425,0.124743,0.097490,0.304176,0.689434,-0.299020,0.488408,0.512134,-0.391042,-1.914652,1.084088,4.119164,1.134007,-0.001181,-0.010622,-0.001288,0.049754,-0.001096,0.007427,-0.000257
49.192046,-0.825601,-1.184605,0.190335,0.553087,0.693112,0.994214,-0.527946,-0.221860,-0.510584,0.123105,0.101390,0.303821,0.689656,-0.299110,0.488400,0.512128,-0.391040,-1.914603,1.084094,4.119169,1.134007,-0.002800,-0.009799,-0.000138,0.049337,0.000519,0.006948,-0.000578
49.193011,-0.825174,-1.185600,0.190376,0.551595,0.693540,0.994142,-0.527966,-0.221265,-0.522020,0.121896,0.105879,0.303405,0.689966,-0.299208,0.488402,0.512117,-0.391040,-1.914555,1.084094,4.119172,1.134006,-0.001235,-0.010405,0.000176,0.049326,0.000477,0.006400,-0.000253
49.193953,-0.826106,-1.183880,0.189689,0.551526,0.692880,0.994477,-0.528251,-0.222368,-0.533983,0.119384,0.110417,0.303083,0.690277,-0.299327,0.488399,0.512107,-0.391040,-1.914505,1.084094,4.119174,1.134002,-0.001435,-0.009775,0.000152,0.049622,0.000042,0.006468,-0.000201
49.195107,-0.822976,-1.182273,0.186299,0.548909,0.693314,0.993288,-0.528304,-0.226021,-0.545632,0.115091,0.114611,0.302909,0.690537,-0.299461,0.488398,0.512095,-0.391038,-1.914458,1.084095,4.119179,1.134004,-0.000950,-0.010506,0.000473,0.048559,0.000705,0.006097,0.000366
49.196024,-0.824425,-1.182685,0.190716,0.548149,0.692929,0.993085,-0.528268,-0.231499,-0.555410,0.109779,0.117959,0.302842,0.690694,-0.299608,0.488393,0.512082,-0.391034,-1.914406,1.084094,4.119187,1.134005,-0.002474,-0.011153,0.002131,0.049940,0.000276,0.007253,0.000467
49.197060,-0.821648,-1.185675,0.191031,0.546648,0.694273,0.993602,-0.527394,-0.237050,-0.561448,0.105034,0.119684,0.302811,0.690704,-0.299782,0.488394,0.512072,-0.391038,-1.914358,1.084094,4.119193,1.134006,-0.001738,-0.010817,-0.000068,0.049550,0.000669,0.007412,0.000388
49.197989,-0.824185,-1.184068,0.190949,0.544916,0.692499,0.993951,-0.528602,-0.239609,-0.565218,0.102941,0.120733,0.302621,0.690703,-0.299967,0.488388,0.512065,-0.391039,-1.914308,1.084091,4.119196,1.133999,-0.003068,-0.009219,-0.000186,0.049847,-0.000662,0.006869,-0.001350
49.199020,-0.824076,-1.184998,0.189867,0.543617,0.692046,0.994939,-0.528340,-0.238593,-0.569031,0.103596,0.122186,0.302231,0.690812,-0.300131,0.488388,0.512051,-0.391040,-1.914256,1.084095,4.119201,1.134004,-0.001779,-0.009878,-0.000137,0.050342,0.001097,0.006490,0.001091
49.200023,-0.821621,-1.185127,0.189244,0.542770,0.692746,0.995559,-0.528874,-0.237012,-0.572873,0.104760,0.123647,0.301841,0.690950,-0.300252,0.488386,0.512042,-0.391038,-1.914205,1.084096,4.119205,1.134000,-0.001814,-0.009300,0.000390,0.050406,0.001529,0.005474,0.000550
49.200914,-0.823162,-1.185442,0.193827,0.543351,0.691307,0.996490,-0.528635,-0.236087,-0.577075,0.105420,0.125277,0.301491,0.691090,-0.300317,0.488378,0.512033,-0.391036,-1.914156,1.084094,4.119210,1.134001,-0.002968,-0.009125,0.000674,0.050063,0.000841,0.004829,0.001631
49.201994,-0.820439,-1.180814,0.190526,0.539809,0.693433,0.996998,-0.527989,-0.233425,-0.582623,0.107147,0.128254,0.300947,0.691311,-0.300320,0.488379,0.512024,-0.391042,-1.914111,1.084096,4.119213,1.134002,-0.002182,-0.008863,-0.001575,0.048385,0.002277,0.003876,0.001133
49.203020,-0.821525,-1.182824,0.190244,0.538367,0.692438,0.996437,-0.527837,-0.227448,-0.587181,0.111510,0.131869,0.300135,0.691539,-0.300280,0.488374,0.512010,-0.391038,-1.914054,1.084091,4.119217,1.134002,-0.003508,-0.011031,0.000072,0.050613,0.000163,0.003348,-0.000165
49.203947,-0.823589,-1.184107,0.189405,0.536493,0.692586,0.996300,-0.527627,-0.219936,-0.587246,0.117759,0.133745,0.299316,0.691608,-0.300239,0.488373,0.512004,-0.391038,-1.914003,1.084094,4.119221,1.134002,-0.002935,-0.009925,0.000194,0.050797,0.001158,0.003896,-0.000462
49.205044,-0.824465,-1.182197,0.190648,0.535324,0.692526,0.995771,-0.527040,-0.214640,-0.584584,0.122811,0.133797,0.298769,0.691514,-0.300220,0.488373,0.511997,-0.391038,-1.913949,1.084094,4.119227,1.134001,-0.001893,-0.009200,0.000612,0.051401,0.001007,0.003994,-0.000877
49.206002,-0.824886,-1.184292,0.190030,0.533369,0.692693,0.995660,-0.528114,-0.213962,-0.581623,0.124523,0.132837,0.298599,0.691287,-0.300228,0.488371,0.511986,-0.391038,-1.913898,1.084094,4.119230,1.133998,-0.001446,-0.010037,-0.000015,0.051332,0.001060,0.004509,-0.002047
49.206941,-0.824626,-1.183318,0.191395,0.532170,0.693347,0.996102,-0.527608,-0.223879,-0.575251,0.119926,0.128523,0.299151,0.690510,-0.300244,0.488369,0.511969,-0.391040,-1.913793,1.084095,4.119237,1.133998,-0.001342,-0.009268,-0.000364,0.051967,0.000225,0.004125,-0.000910
49.208129,-0.820584,-1.185242,0.190093,0.530586,0.692557,0.995495,-0.528462,-0.229691,-0.573166,0.116981,0.126412,0.299512,0.690161,-0.300198,0.488361,0.511962,-0.391038,-1.913741,1.084094,4.119241,1.134002,-0.003285,-0.008207,0.000278,0.052296,0.001037,0.004718,0.000807
49.208997,-0.821000,-1.179953,0.191710,0.529766,0.694152,0.995208,-0.527740,-0.231747,-0.570624,0.116980,0.124545,0.299620,0.689873,-0.300106,0.488359,0.511947,-0.391040,-1.913688,1.084091,4.119246,1.133999,-0.003037,-0.010704,-0.000523,0.051834,-0.000543,0.004973,-0.000655
49.209952,-0.823666,-1.181591,0.189250,0.528387,0.693803,0.995133,-0.527734,-0.231672,-0.565441,0.119032,0.121904,0.299617,0.689490,-0.299993,0.488360,0.511938,-0.391036,-1.913636,1.084089,4.119249,1.133998,-0.001702,-0.009754,0.000681,0.051977,-0.000159,0.005026,-0.000649
49.210982,-0.816789,-1.180643,0.190465,0.527557,0.693158,0.995791,-0.528742,-0.230676,-0.558561,0.122012,0.118852,0.299582,0.689033,-0.299860,0.488348,0.511928,-0.391036,-1.913584,1.084091,4.119250,1.134004,-0.005045,-0.010111,0.000054,0.051558,0.000469,0.004353,0.001365
49.211959,-0.822807,-1.182639,0.189993,0.525858,0.693121,0.995736,-0.528300,-0.227465,-0.552255,0.126441,0.116551,0.299393,0.688642,-0.299710,0.488353,0.511920,-0.391037,-1.913532,1.084091,4.119256,1.134003,-0.002026,-0.009006,0.000312,0.052019,0.000500,0.004380,0.000456
49.213111,-0.820836,-1.180479,0.187456,0.523681,0.694440,0.995587,-0.528279,-0.225623,-0.547084,0.129535,0.114528,0.299319,0.688254,-0.299584,0.488348,0.511909,-0.391035,-1.913479,1.084092,4.119259,1.134002,-0.002997,-0.009974,0.001567,0.052917,-0.000847,0.004513,0.000424
49.213980,-0.821205,-1.180272,0.191031,0.521641,0.693362,0.996793,-0.528204,-0.226670,-0.541212,0.130477,0.111420,0.299522,0.687767,-0.299522,0.488345,0.511900,-0.391040,-1.913423,1.084095,4.119261,1.134002,-0.002765,-0.009961,-0.000197,0.053615,0.000230,0.003279,0.000273
49.215022,-0.820185,-1.183810,0.188243,0.518895,0.694187,0.996144,-0.527787,-0.226670,-0.541212,0.130477,0.111420,0.299522,0.687767,-0.299522,0.488345,0.511900,-0.391040,-1.913423,1.084095,4.119261,1.134002,-0.002765,-0.009961,-0.000197,0.053615,0.000230,0.003279,0.000273
49.216035,-0.822338,-1.182239,0.191722,0.518802,0.694221,0.995572,-0.528053,-0.228222,-0.534449,0.131100,0.107173,0.299849,0.687260,-0.299526,0.488342,0.511896,-0.391036,-1.913365,1.084092,4.119266,1.133998,-0.003245,-0.008130,0.001185,0.054974,-0.000585,0.003920,-0.000552
49.216926,-0.816426,-1.180835,0.190764,0.516317,0.693891,0.996822,-0.527310,-0.230203,-0.529083,0.131107,0.102850,0.300242,0.686823,-0.299580,0.488343,0.511887,-0.391040,-1.913315,1.084090,4.119271,1.134000,-0.002164,-0.008826,-0.000538,0.053839,-0.000587,0.004463,-0.000014
49.217975,-0.820247,-1.181947,0.193275,0.516443,0.692078,0.996949,-0.527885,-0.230411,-0.524149,0.132309,0.098648,0.300535,0.686442,-0.299667,0.488331,0.511879,-0.391038,-1.913257,1.084090,4.119271,1.133997,-0.005019,-0.009439,-0.000059,0.054968,-0.000260,0.003195,-0.001506
49.218997,-0.820879,-1.177504,0.191595,0.514362,0.693702,0.996949,-0.528194,-0.219380,-0.511475,0.143503,0.090614,0.300315,0.685870,-0.299801,0.488330,0.511856,-0.391040,-1.913152,1.084092,4.119278,1.133999,-0.002743,-0.010837,-0.000449,0.054396,-0.000108,0.003036,0.000274
49.219939,-0.822112,-1.181002,0.190448,0.514066,0.693793,0.997112,-0.527984,-0.215335,-0.503639,0.148150,0.086089,0.300263,0.685504,-0.299795,0.488327,0.511851,-0.391038,-1.913101,1.084093,4.119279,1.133999,-0.002088,-0.008987,0.000100,0.053445,-0.000192,0.002863,-0.000157
49.220972,-0.821251,-1.181137,0.193578,0.513019,0.693277,0.997216,-0.528416,-0.214293,-0.497821,0.150158,0.082383,0.300349,0.685187,-0.299729,0.488324,0.511842,-0.391042,-1.913050,1.084094,4.119283,1.134000,-0.002489,-0.008826,-0.001443,0.053273,0.000323,0.002738,0.000716
49.221939,-0.821536,-1.184853,0.191904,0.510814,0.693164,0.996597,-0.528698,-0.214293,-0.497821,0.150158,0.082383,0.300349,0.685187,-0.299729,0.488324,0.511842,-0.391042,-1.913050,1.084094,4.119283,1.134000,-0.002489,-0.008826,-0.001443,0.053273,0.000323,0.002738,0.000716
49.222937,-0.820696,-1.183427,0.191760,0.510459,0.692937,0.997305,-0.528323,-0.214120,-0.496748,0.150711,0.080838,0.300387,0.685098,-0.299604,0.488321,0.511837,-0.391040,-1.912994,1.084093,4.119289,1.134001,-0.002310,-0.006890,-0.000604,0.054143,0.000439,0.003328,0.001272
49.224073,-0.820740,-1.182068,0.191909,0.512647,0.692087,0.997702,-0.528398,-0.214436,-0.500903,0.150020,0.081417,0.300358,0.685271,-0.299441,0.488316,0.511827,-0.391040,-1.912943,1.084094,4.119294,1.133999,-0.002678,-0.007516,-0.000539,0.053268,0.000659,0.002578,0.000519
49.224997,-0.819889,-1.179705,0.192904,0.510512,0.694843,0.997258,-0.527939,-0.214694,-0.509310,0.148573,0.084263,0.300175,0.685644,-0.299264,0.488313,0.511818,-0.391040,-1.912898,1.084095,4.119295,1.134001,-0.002615,-0.008087,-0.000615,0.049982,0.001499,0.002176,0.000669
49.225959,-0.821711,-1.181530,0.191284,0.509898,0.693957,0.997335,-0.527982,-0.213330,-0.519161,0.147938,0.088904,0.299718,0.686079,-0.299099,0.488310,0.511807,-0.391042,-1.912846,1.084089,4.119299,1.134000,-0.003007,-0.009143,-0.001096,0.050897,-0.001229,0.002606,-0.000253
49.226979,-0.823116,-1.176992,0.188778,0.507111,0.694644,0.998257,-0.528022,-0.211136,-0.528130,0.147940,0.093780,0.299151,0.686454,-0.298962,0.488309,0.511802,-0.391040,-1.912798,1.084093,4.119304,1.133999,-0.002064,-0.008148,-0.000294,0.050340,-0.000343,0.002495,-0.000155
49.227936,-0.821017,-1.179975,0.192106,0.506098,0.695666,0.998341,-0.527731,-0.216694,-0.537682,0.141655,0.097310,0.298931,0.686624,-0.298811,0.488303,0.511782,-0.391040,-1.912693,1.084089,4.119309,1.133994,-0.002367,-0.008678,-0.000729,0.051632,-0.002034,0.001459,-0.000643
49.229051,-0.822662,-1.179080,0.192110,0.504869,0.694557,0.997046,-0.527669,-0.221755,-0.537797,0.137521,0.095399,0.299187,0.686492,-0.298765,0.488302,0.511772,-0.391040,-1.912642,1.084092,4.119315,1.133994,-0.001512,-0.009030,-0.000719,0.051648,-0.000933,0.002728,-0.000763
49.229989,-0.821541,-1.181161,0.190681,0.505226,0.694140,0.996374,-0.528275,-0.226161,-0.538231,0.133811,0.093220,0.299425,0.686351,-0.298682,0.488299,0.511767,-0.391039,-1.912592,1.084092,4.119317,1.133998,-0.002049,-0.007910,-0.000002,0.050076,-0.000531,0.003386,0.000447
49.230988,-0.821114,-1.179479,0.190723,0.505928,0.694458,0.996429,-0.528773,-0.226161,-0.538231,0.133811,0.093220,0.299425,0.686351,-0.298682,0.488299,0.511767,-0.391039,-1.912592,1.084092,4.119317,1.133998,-0.002049,-0.007910,-0.000002,0.050076,-0.000531,0.003386,0.000447
49.232073,-0.821424,-1.178490,0.192995,0.504531,0.693576,0.997641,-0.528718,-0.230039,-0.541494,0.129974,0.092579,0.299520,0.686266,-0.298543,0.488296,0.511756,-0.391040,-1.912547,1.084090,4.119322,1.133999,-0.002220,-0.008637,-0.000024,0.048283,-0.000835,0.003292,0.001435
49.233004,-0.820251,-1.180649,0.190314,0.502775,0.693698,0.997096,-0.528935,-0.231983,-0.546950,0.127165,0.093739,0.299358,0.686257,-0.298363,0.488295,0.511746,-0.391044,-1.912497,1.084090,4.119322,1.134001,-0.002049,-0.009009,-0.001123,0.048489,0.000065,0.002065,0.001307
49.233976,-0.822044,-1.182319,0.193204,0.501145,0.692875,0.996671,-0.528740,-0.231645,-0.552922,0.125986,0.095598,0.299010,0.686317,-0.298187,0.488291,0.511741,-0.391040,-1.912446,1.084091,4.119326,1.134003,-0.002592,-0.007855,0.000196,0.049026,-0.000074,0.002606,0.001741
49.234999,-0.819989,-1.180981,0.192215,0.501314,0.693571,0.996805,-0.527346,-0.230329,-0.560354,0.125380,0.097810,0.298638,0.686505,-0.298054,0.488291,0.511734,-0.391044,-1.912395,1.084091,4.119331,1.134002,-0.001692,-0.006939,-0.001230,0.049438,0.000750,0.003002,0.001344
49.235963,-0.821515,-1.180976,0.190445,0.500368,0.692334,0.997587,-0.528542,-0.228248,-0.569664,0.125161,0.100461,0.298268,0.686836,-0.297973,0.488286,0.511725,-0.391044,-1.912348,1.084089,4.119333,1.133994,-0.002668,-0.007517,-0.000716,0.048128,0.000063,0.002848,-0.001434
49.237172,-0.823716,-1.181458,0.189857,0.500520,0.694851,0.996158,-0.527969,-0.225657,-0.579946,0.125249,0.103494,0.297892,0.687263,-0.297925,0.488285,0.511719,-0.391042,-1.912299,1.084094,4.119335,1.134000,-0.001878,-0.007433,0.000147,0.047913,0.001267,0.002047,0.000983
49.237998,-0.822507,-1.178308,0.189548,0.497430,0.692985,0.995304,-0.527770,-0.225646,-0.591312,0.123256,0.106892,0.297677,0.687707,-0.297879,0.488286,0.511712,-0.391042,-1.912254,1.084089,4.119343,1.133995,-0.000787,-0.007107,0.000436,0.046663,-0.001233,0.003452,-0.000176
49.238954,-0.822096,-1.178963,0.191380,0.497405,0.693259,0.995523,-0.527811,-0.229988,-0.602140,0.118121,0.109636,0.297779,0.688017,-0.297827,0.488283,0.511701,-0.391042,-1.912202,1.084093,4.119348,1.133993,-0.001378,-0.008568,0.000593,0.048531,0.000636,0.004269,-0.000560
49.240049,-0.820603,-1.178522,0.190245,0.495370,0.694115,0.995012,-0.527798,-0.235949,-0.609058,0.112460,0.110295,0.298095,0.688082,-0.297757,0.488281,0.511694,-0.391043,-1.912157,1.084093,4.119351,1.133993,-0.001546,-0.008133,-0.000329,0.047452,0.000340,0.004024,-0.000473
49.241010,-0.820714,-1.178329,0.191702,0.496873,0.693834,0.996840,-0.528947,-0.240265,-0.611889,0.108733,0.109164,0.298411,0.687965,-0.297644,0.488277,0.511685,-0.391040,-1.912106,1.084090,4.119355,1.133992,-0.002259,-0.008255,0.000226,0.048272,-0.000490,0.004516,-0.000497
49.242018,-0.824326,-1.176231,0.190067,0.496391,0.695571,0.996844,-0.528302,-0.241662,-0.612646,0.107514,0.107605,0.298584,0.687783,-0.297464,0.488275,0.511677,-0.391042,-1.912065,1.084093,4.119354,1.133999,-0.002169,-0.008251,-0.000496,0.045765,-0.000235,0.002672,0.001797
49.243023,-0.821972,-1.180738,0.189759,0.494196,0.695350,0.996471,-0.528461,-0.241872,-0.612829,0.107209,0.106658,0.298648,0.687568,-0.297230,0.488278,0.511664,-0.391040,-1.912020,1.084088,4.119360,1.133999,-0.000380,-0.009161,0.000315,0.045188,-0.001936,0.002649,0.000471
49.243965,-0.823840,-1.175922,0.186952,0.492338,0.694777,0.994791,-0.528464,-0.244002,-0.613959,0.105237,0.106603,0.298800,0.687335,-0.296990,0.488274,0.511664,-0.391040,-1.911973,1.084091,4.119362,1.133998,-0.001536,-0.006872,0.000458,0.046266,-0.001727,0.003013,0.000807
49.245068,-0.822705,-1.176770,0.190911,0.492526,0.693552,0.995531,-0.527165,-0.256308,-0.615678,0.095242,0.105196,0.299752,0.686659,-0.296652,0.488273,0.511643,-0.391042,-1.911883,1.084094,4.119375,1.133993,-0.001159,-0.008625,-0.000116,0.045760,0.000047,0.003864,-0.001792
49.246006,-0.824759,-1.175700,0.191985,0.490847,0.694135,0.995223,-0.528312,-0.256308,-0.615678,0.095242,0.105196,0.299752,0.686659,-0.296652,0.488273,0.511643,-0.391042,-1.911883,1.084094,4.119375,1.133993,-0.001159,-0.008625,-0.000116,0.045760,0.000047,0.003864,-0.001792
49.247024,-0.822881,-1.174946,0.189852,0.489849,0.693856,0.995504,-0.527256,-0.266608,-0.606715,0.088576,0.099454,0.300677,0.685597,-0.296525,0.488270,0.511623,-0.391042,-1.911789,1.084093,4.119381,1.133993,-0.001041,-0.009304,0.000446,0.046197,-0.000252,0.003861,-0.001605
49.248022,-0.822328,-1.177542,0.190572,0.489650,0.693625,0.994671,-0.527919,-0.269329,-0.600196,0.087465,0.096086,0.300960,0.685094,-0.296496,0.488268,0.511617,-0.391042,-1.911746,1.084093,4.119388,1.133995,-0.001282,-0.007921,0.000072,0.045350,-0.000021,0.004659,-0.000253
49.248954,-0.825200,-1.177362,0.190485,0.487988,0.693679,0.995239,-0.528114,-0.269329,-0.600196,0.087465,0.096086,0.300960,0.685094,-0.296496,0.488268,0.511617,-0.391042,-1.911746,1.084093,4.119388,1.133995,-0.001282,-0.007921,0.000072,0.045350,-0.000021,0.004659,-0.000253
49.249961,-0.824380,-1.176641,0.190457,0.488803,0.694181,0.994429,-0.528172,-0.271176,-0.595945,0.086663,0.093979,0.301112,0.684750,-0.296459,0.488271,0.511610,-0.391042,-1.911700,1.084092,4.119391,1.133994,0.000139,-0.007935,0.000119,0.045922,-0.000070,0.004064,0.000130
49.251016,-0.823616,-1.177234,0.190477,0.488003,0.693406,0.994926,-0.528505,-0.273928,-0.594367,0.084791,0.093119,0.301259,0.684524,-0.296400,0.488268,0.511601,-0.391042,-1.911659,1.084090,4.119395,1.133994,-0.000260,-0.008192,0.000133,0.044106,-0.000554,0.004864,0.000244
49.252073,-0.822891,-1.175658,0.190525,0.485862,0.694169,0.994439,-0.528177,-0.276913,-0.595057,0.082409,0.093692,0.301353,0.684392,-0.296313,0.488266,0.511593,-0.391042,-1.911615,1.084092,4.119400,1.133996,-0.000612,-0.007798,0.000123,0.043865,0.000211,0.004322,0.000908
49.253143,-0.826192,-1.172835,0.189830,0.485734,0.693578,0.995212,-0.527807,-0.278410,-0.596802,0.080999,0.095216,0.301330,0.684346,-0.296201,0.488263,0.511584,-0.391042,-1.911567,1.084091,4.119409,1.133993,-0.000945,-0.008482,0.000099,0.044866,-0.000560,0.004767,0.000250
49.254137,-0.821322,-1.175380,0.193845,0.484597,0.694066,0.994733,-0.528345,-0.279503,-0.596479,0.080283,0.095722,0.301361,0.684232,-0.296090,0.488268,0.511571,-0.391040,-1.911527,1.084094,4.119410,1.133995,0.000664,-0.009744,0.000428,0.043998,0.000013,0.003970,-0.000496
49.255088,-0.822179,-1.175775,0.189838,0.483367,0.694502,0.995606,-0.527377,-0.276053,-0.589177,0.084370,0.093837,0.301248,0.683877,-0.295930,0.488261,0.511558,-0.391042,-1.911439,1.084092,4.119416,1.133991,-0.001262,-0.008101,0.000462,0.044260,-0.000898,0.003542,-0.001354
49.256048,-0.823652,-1.175822,0.189163,0.483746,0.695003,0.994034,-0.527824,-0.271511,-0.587346,0.088269,0.093687,0.301030,0.683890,-0.295887,0.488262,0.511550,-0.391040,-1.911396,1.084089,4.119425,1.133997,-0.000536,-0.007986,0.000762,0.042844,-0.001368,0.005082,-0.000454
49.257024,-0.821258,-1.176354,0.190617,0.482373,0.693109,0.995172,-0.527519,-0.271511,-0.587346,0.088269,0.093687,0.301030,0.683890,-0.295887,0.488262,0.511550,-0.391040,-1.911396,1.084089,4.119425,1.133997,-0.000536,-0.007986,0.000762,0.042844,-0.001368,0.005082,-0.000454
49.258020,-0.821976,-1.174375,0.192452,0.484064,0.693806,0.995514,-0.527678,-0.268280,-0.588422,0.090683,0.094686,0.300869,0.684020,-0.295866,0.488259,0.511542,-0.391042,-1.911353,1.084092,4.119427,1.133995,-0.001722,-0.007616,0.000046,0.043212,0.000520,0.003907,-0.001072
49.259056,-0.821597,-1.173014,0.190466,0.480981,0.693116,0.995058,-0.527732,-0.263193,-0.591478,0.094129,0.097146,0.300525,0.684308,-0.295860,0.488259,0.511532,-0.391044,-1.911318,1.084091,4.119431,1.133995,-0.001345,-0.008501,-0.000849,0.040634,-0.000188,0.003547,-0.000744
49.260120,-0.819673,-1.171188,0.192752,0.481259,0.693119,0.995087,-0.527568,-0.255508,-0.594146,0.099574,0.100224,0.299977,0.684674,-0.295863,0.488259,0.511523,-0.391042,-1.911270,1.084090,4.119436,1.133995,-0.001539,-0.009071,0.000138,0.042624,0.000517,0.003985,-0.000638
49.260935,-0.821847,-1.174630,0.191049,0.479572,0.692338,0.995202,-0.527894,-0.234841,-0.590135,0.116017,0.103015,0.298663,0.685232,-0.295878,0.488256,0.511511,-0.391043,-1.911189,1.084096,4.119444,1.133994,-0.001366,-0.008097,-0.000146,0.042072,0.001242,0.003784,-0.000305
49.262108,-0.821824,-1.173490,0.192115,0.478703,0.693237,0.995864,-0.527533,-0.224804,-0.587277,0.124217,0.103677,0.298043,0.685512,-0.295898,0.488254,0.511503,-0.391044,-1.911145,1.084090,4.119448,1.133994,-0.001360,-0.008587,-0.000674,0.041887,0.000386,0.003094,-0.001042
49.263029,-0.821829,-1.176071,0.192784,0.478292,0.692348,0.995564,-0.527727,-0.224804,-0.587277,0.124217,0.103677,0.298043,0.685512,-0.295898,0.488254,0.511503,-0.391044,-1.911145,1.084090,4.119448,1.133994,-0.001360,-0.008587,-0.000674,0.041887,0.000386,0.003094,-0.001042
49.264101,-0.823052,-1.175336,0.189445,0.477064,0.693837,0.994443,-0.527778,-0.216702,-0.586530,0.130694,0.104699,0.297539,0.685850,-0.295943,0.488255,0.511498,-0.391046,-1.911105,1.084095,4.119451,1.133994,-0.001374,-0.007220,-0.000987,0.041330,0.001237,0.003384,-0.000641
49.264955,-0.822208,-1.175486,0.192206,0.477005,0.692223,0.994441,-0.526913,-0.211134,-0.588817,0.134862,0.106529,0.297174,0.686238,-0.296010,0.488254,0.511491,-0.391042,-1.911064,1.084089,4.119458,1.133996,-0.000736,-0.007519,0.000656,0.041575,-0.000211,0.004471,-0.000552
49.265964,-0.822824,-1.175455,0.190757,0.474734,0.693215,0.994275,-0.527216,-0.209097,-0.593711,0.136046,0.108944,0.297017,0.686603,-0.296104,0.488251,0.511484,-0.391044,-1.911024,1.084094,4.119459,1.133988,-0.001141,-0.007360,-0.000730,0.040650,0.001387,0.004458,-0.002269
49.266940,-0.824054,-1.175208,0.190616,0.477169,0.693116,0.993596,-0.527506,-0.210566,-0.606116,0.134027,0.113846,0.297025,0.687121,-0.296285,0.488252,0.511468,-0.391042,-1.910946,1.084093,4.119468,1.133991,-0.000220,-0.007312,0.000054,0.038612,0.000487,0.005256,-0.001072
49.267943,-0.822479,-1.174842,0.189448,0.475011,0.693850,0.993644,-0.527647,-0.214222,-0.613956,0.130528,0.117028,0.297143,0.687252,-0.296297,0.488250,0.511462,-0.391038,-1.910902,1.084090,4.119472,1.133991,-0.000992,-0.007416,0.000600,0.039749,-0.000223,0.005177,-0.000789
49.269118,-0.822628,-1.172513,0.192441,0.473084,0.693882,0.993809,-0.527676,-0.214222,-0.613956,0.130528,0.117028,0.297143,0.687252,-0.296297,0.488250,0.511462,-0.391038,-1.910902,1.084090,4.119472,1.133991,-0.000992,-0.007416,0.000600,0.039749,-0.000223,0.005177,-0.000789
49.269993,-0.821890,-1.173443,0.190315,0.471600,0.693579,0.994007,-0.527164,-0.217874,-0.620384,0.127206,0.119616,0.297280,0.687262,-0.296243,0.488250,0.511451,-0.391042,-1.910861,1.084090,4.119475,1.133991,-0.000906,-0.008466,-0.000874,0.040686,-0.000254,0.004992,-0.000733
